01/01/2000,MOD,CA,AWP,WE,Federal Contract Tower,0,7,19,1,27,0,29,33,3,65,0,36,52,4,92,8,0,8,100
01/02/2000,MOD,CA,AWP,WE,Federal Contract Tower,0,5,16,0,21,0,16,53,0,69,0,21,69,0,90,42,0,42,132
01/03/2000,MOD,CA,AWP,WE,Federal Contract Tower,0,10,26,0,36,0,28,64,0,92,0,38,90,0,128,50,0,50,178
01/04/2000,MOD,CA,AWP,WE,Federal Contract Tower,0,8,20,0,28,0,17,58,0,75,0,25,78,0,103,34,0,34,137
01/05/2000,MOD,CA,AWP,WE,Federal Contract Tower,0,14,33,0,47,0,25,64,0,89,0,39,97,0,136,26,0,26,162
01/06/2000,MOD,CA,AWP,WE,Federal Contract Tower,0,19,47,2,68,0,5,34,0,39,0,24,81,2,107,68,2,70,177
01/07/2000,MOD,CA,AWP,WE,Federal Contract Tower,0,17,39,0,56,0,7,67,0,74,0,24,106,0,130,74,4,78,208
01/08/2000,MOD,CA,AWP,WE,Federal Contract Tower,0,15,38,0,53,0,0,34,0,34,0,15,72,0,87,44,2,46,133
01/09/2000,MOD,CA,AWP,WE,Federal Contract Tower,0,7,16,0,23,0,4,10,0,14,0,11,26,0,37,26,0,26,63
01/10/2000,MOD,CA,AWP,WE,Federal Contract Tower,0,14,32,0,46,0,19,28,0,47,0,33,60,0,93,2,0,2,95
01/11/2000,MOD,CA,AWP,WE,Federal Contract Tower,0,22,40,2,64,0,1,0,0,1,0,23,40,2,65,2,0,2,67
01/12/2000,MOD,CA,AWP,WE,Federal Contract Tower,0,10,22,0,32,0,10,88,0,98,0,20,110,0,130,38,0,38,168
01/13/2000,MOD,CA,AWP,WE,Federal Contract Tower,0,12,27,0,39,0,26,65,0,91,0,38,92,0,130,20,0,20,150
01/14/2000,MOD,CA,AWP,WE,Federal Contract Tower,0,14,31,0,45,0,13,93,0,106,0,27,124,0,151,20,0,20,171
01/15/2000,MOD,CA,AWP,WE,Federal Contract Tower,0,8,19,0,27,0,7,36,0,43,0,15,55,0,70,44,0,44,114
01/16/2000,MOD,CA,AWP,WE,Federal Contract Tower,0,11,26,0,37,0,29,70,0,99,0,40,96,0,136,100,0,100,236
01/17/2000,MOD,CA,AWP,WE,Federal Contract Tower,0,15,25,0,40,0,20,0,0,20,0,35,25,0,60,0,0,0,60
01/18/2000,MOD,CA,AWP,WE,Federal Contract Tower,0,13,29,0,42,0,7,13,0,20,0,20,42,0,62,10,0,10,72
01/19/2000,MOD,CA,AWP,WE,Federal Contract Tower,0,12,25,0,37,0,4,0,0,4,0,16,25,0,41,22,0,22,63
01/20/2000,MOD,CA,AWP,WE,Federal Contract Tower,0,25,58,2,85,0,0,11,0,11,0,25,69,2,96,2,6,8,104
01/21/2000,MOD,CA,AWP,WE,Federal Contract Tower,0,17,41,1,59,0,35,77,5,117,0,52,118,6,176,90,0,90,266
01/22/2000,MOD,CA,AWP,WE,Federal Contract Tower,0,8,18,0,26,0,12,76,0,88,0,20,94,0,114,77,0,77,191
01/23/2000,MOD,CA,AWP,WE,Federal Contract Tower,0,12,21,0,33,0,0,0,0,0,0,12,21,0,33,4,0,4,37
01/24/2000,MOD,CA,AWP,WE,Federal Contract Tower,0,9,22,0,31,0,19,10,0,29,0,28,32,0,60,14,0,14,74
01/25/2000,MOD,CA,AWP,WE,Federal Contract Tower,0,11,29,0,40,0,0,24,2,26,0,11,53,2,66,14,0,14,80
01/26/2000,MOD,CA,AWP,WE,Federal Contract Tower,0,13,31,0,44,0,17,53,0,70,0,30,84,0,114,12,0,12,126
01/27/2000,MOD,CA,AWP,WE,Federal Contract Tower,0,10,24,0,34,0,10,65,0,75,0,20,89,0,109,56,0,56,165
01/28/2000,MOD,CA,AWP,WE,Federal Contract Tower,0,11,25,0,36,0,6,88,2,96,0,17,113,2,132,68,0,68,200
01/29/2000,MOD,CA,AWP,WE,Federal Contract Tower,0,14,31,0,45,0,10,53,0,63,0,24,84,0,108,161,0,161,269
01/30/2000,MOD,CA,AWP,WE,Federal Contract Tower,0,8,12,0,20,0,13,0,0,13,0,21,12,0,33,2,0,2,35
01/31/2000,MOD,CA,AWP,WE,Federal Contract Tower,0,13,31,0,44,0,17,37,0,54,0,30,68,0,98,6,0,6,104
02/01/2000,MOD,CA,AWP,WE,Federal Contract Tower,0,12,34,0,46,0,12,90,0,102,0,24,124,0,148,57,0,57,205
02/02/2000,MOD,CA,AWP,WE,Federal Contract Tower,0,10,27,0,37,0,10,34,0,44,0,20,61,0,81,46,0,46,127
02/03/2000,MOD,CA,AWP,WE,Federal Contract Tower,0,13,44,0,57,0,0,26,0,26,0,13,70,0,83,8,0,8,91
02/04/2000,MOD,CA,AWP,WE,Federal Contract Tower,0,13,39,0,52,0,7,85,2,94,0,20,124,2,146,54,0,54,200
02/05/2000,MOD,CA,AWP,WE,Federal Contract Tower,0,10,27,0,37,0,9,54,0,63,0,19,81,0,100,86,0,86,186
02/06/2000,MOD,CA,AWP,WE,Federal Contract Tower,0,11,34,0,45,0,8,91,0,99,0,19,125,0,144,54,0,54,198
02/07/2000,MOD,CA,AWP,WE,Federal Contract Tower,0,14,45,0,59,0,12,29,0,41,0,26,74,0,100,34,0,34,134
02/08/2000,MOD,CA,AWP,WE,Federal Contract Tower,0,12,36,0,48,0,30,80,0,110,0,42,116,0,158,133,0,133,291
02/09/2000,MOD,CA,AWP,WE,Federal Contract Tower,0,14,43,1,58,0,25,20,3,48,0,39,63,4,106,48,0,48,154
02/10/2000,MOD,CA,AWP,WE,Federal Contract Tower,0,11,36,0,47,0,25,17,0,42,0,36,53,0,89,0,0,0,89
02/11/2000,MOD,CA,AWP,WE,Federal Contract Tower,0,16,51,1,68,0,7,54,1,62,0,23,105,2,130,38,0,38,168
02/12/2000,MOD,CA,AWP,WE,Federal Contract Tower,0,5,18,0,23,2,17,19,0,38,2,22,37,0,61,36,0,36,97
02/13/2000,MOD,CA,AWP,WE,Federal Contract Tower,0,8,26,0,34,0,6,2,0,8,0,14,28,0,42,12,0,12,54
02/14/2000,MOD,CA,AWP,WE,Federal Contract Tower,0,7,21,0,28,0,14,28,0,42,0,21,49,0,70,20,0,20,90
02/15/2000,MOD,CA,AWP,WE,Federal Contract Tower,0,13,39,0,52,0,24,79,0,103,0,37,118,0,155,90,0,90,245
02/16/2000,MOD,CA,AWP,WE,Federal Contract Tower,0,15,48,0,63,0,11,0,0,11,0,26,48,0,74,16,0,16,90
02/17/2000,MOD,CA,AWP,WE,Federal Contract Tower,0,15,47,1,63,0,13,95,1,109,0,28,142,2,172,61,0,61,233
02/18/2000,MOD,CA,AWP,WE,Federal Contract Tower,0,11,36,0,47,0,22,97,0,119,0,33,133,0,166,102,0,102,268
02/19/2000,MOD,CA,AWP,WE,Federal Contract Tower,0,6,19,0,25,0,22,111,0,133,0,28,130,0,158,126,0,126,284
02/20/2000,MOD,CA,AWP,WE,Federal Contract Tower,0,2,8,0,10,0,14,19,0,33,0,16,27,0,43,14,0,14,57
02/21/2000,MOD,CA,AWP,WE,Federal Contract Tower,0,8,28,0,36,0,18,71,2,91,0,26,99,2,127,71,0,71,198
02/22/2000,MOD,CA,AWP,WE,Federal Contract Tower,0,12,38,0,50,0,23,30,0,53,0,35,68,0,103,34,0,34,137
02/23/2000,MOD,CA,AWP,WE,Federal Contract Tower,0,11,37,0,48,0,25,34,4,63,0,36,71,4,111,54,0,54,165
02/24/2000,MOD,CA,AWP,WE,Federal Contract Tower,0,12,40,0,52,0,37,45,0,82,0,49,85,0,134,60,0,60,194
02/25/2000,MOD,CA,AWP,WE,Federal Contract Tower,0,7,25,0,32,0,32,66,0,98,0,39,91,0,130,70,0,70,200
02/26/2000,MOD,CA,AWP,WE,Federal Contract Tower,0,6,22,0,28,0,25,53,2,80,0,31,75,2,108,52,0,52,160
02/27/2000,MOD,CA,AWP,WE,Federal Contract Tower,0,6,22,0,28,0,17,19,0,36,0,23,41,0,64,44,0,44,108
02/28/2000,MOD,CA,AWP,WE,Federal Contract Tower,0,10,32,0,42,0,6,44,0,50,0,16,76,0,92,34,0,34,126
02/29/2000,MOD,CA,AWP,WE,Federal Contract Tower,0,11,35,0,46,0,8,49,0,57,0,19,84,0,103,12,0,12,115
03/01/2000,MOD,CA,AWP,WE,Federal Contract Tower,0,23,55,4,82,0,7,92,0,99,0,30,147,4,181,83,4,87,268
03/02/2000,MOD,CA,AWP,WE,Federal Contract Tower,0,11,28,2,41,0,20,32,0,52,0,31,60,2,93,16,2,18,111
03/03/2000,MOD,CA,AWP,WE,Federal Contract Tower,0,15,38,3,56,0,13,100,1,114,0,28,138,4,170,104,0,104,274
03/04/2000,MOD,CA,AWP,WE,Federal Contract Tower,0,12,26,2,40,0,7,52,2,61,0,19,78,4,101,80,0,80,181
03/05/2000,MOD,CA,AWP,WE,Federal Contract Tower,0,10,21,0,31,0,9,6,0,15,0,19,27,0,46,20,0,20,66
03/06/2000,MOD,CA,AWP,WE,Federal Contract Tower,0,16,35,2,53,0,2,52,0,54,0,18,87,2,107,29,0,29,136
03/07/2000,MOD,CA,AWP,WE,Federal Contract Tower,0,12,26,0,38,0,27,32,0,59,0,39,58,0,97,16,0,16,113
03/08/2000,MOD,CA,AWP,WE,Federal Contract Tower,0,11,25,0,36,0,27,46,0,73,0,38,71,0,109,14,0,14,123
03/09/2000,MOD,CA,AWP,WE,Federal Contract Tower,0,14,32,0,46,0,16,61,0,77,0,30,93,0,123,38,0,38,161
03/10/2000,MOD,CA,AWP,WE,Federal Contract Tower,0,9,19,2,30,0,15,143,0,158,0,24,162,2,188,110,0,110,298
03/11/2000,MOD,CA,AWP,WE,Federal Contract Tower,0,6,13,0,19,0,12,107,0,119,0,18,120,0,138,66,0,66,204
03/12/2000,MOD,CA,AWP,WE,Federal Contract Tower,0,5,11,0,16,0,23,158,0,181,0,28,169,0,197,106,0,106,303
03/13/2000,MOD,CA,AWP,WE,Federal Contract Tower,0,8,18,0,26,0,9,89,0,98,0,17,107,0,124,44,0,44,168
03/14/2000,MOD,CA,AWP,WE,Federal Contract Tower,0,11,25,2,38,0,23,101,5,129,0,34,126,7,167,60,0,60,227
03/15/2000,MOD,CA,AWP,WE,Federal Contract Tower,0,13,27,0,40,0,23,101,0,124,0,36,128,0,164,52,0,52,216
03/16/2000,MOD,CA,AWP,WE,Federal Contract Tower,0,9,21,2,32,0,25,118,6,149,0,34,139,8,181,28,0,28,209
03/17/2000,MOD,CA,AWP,WE,Federal Contract Tower,0,9,21,2,32,0,31,109,0,140,0,40,130,2,172,52,0,52,224
03/18/2000,MOD,CA,AWP,WE,Federal Contract Tower,0,12,26,0,38,0,15,169,0,184,0,27,195,0,222,86,0,86,308
03/19/2000,MOD,CA,AWP,WE,Federal Contract Tower,0,4,9,0,13,0,15,79,0,94,0,19,88,0,107,60,0,60,167
03/20/2000,MOD,CA,AWP,WE,Federal Contract Tower,0,9,21,0,30,0,14,66,0,80,0,23,87,0,110,28,0,28,138
03/21/2000,MOD,CA,AWP,WE,Federal Contract Tower,0,8,18,0,26,0,21,91,0,112,0,29,109,0,138,92,0,92,230
03/22/2000,MOD,CA,AWP,WE,Federal Contract Tower,0,6,14,0,20,0,26,136,0,162,0,32,150,0,182,72,0,72,254
03/23/2000,MOD,CA,AWP,WE,Federal Contract Tower,0,13,28,0,41,0,20,89,0,109,0,33,117,0,150,106,0,106,256
03/24/2000,MOD,CA,AWP,WE,Federal Contract Tower,0,10,23,0,33,0,31,129,0,160,0,41,152,0,193,74,0,74,267
03/25/2000,MOD,CA,AWP,WE,Federal Contract Tower,0,9,20,0,29,0,41,127,0,168,0,50,147,0,197,110,0,110,307
03/26/2000,MOD,CA,AWP,WE,Federal Contract Tower,0,11,24,0,35,0,16,119,0,135,0,27,143,0,170,52,0,52,222
03/27/2000,MOD,CA,AWP,WE,Federal Contract Tower,0,7,15,0,22,0,12,78,0,90,0,19,93,0,112,44,0,44,156
03/28/2000,MOD,CA,AWP,WE,Federal Contract Tower,0,6,16,1,23,0,21,78,1,100,0,27,94,2,123,94,0,94,217
03/29/2000,MOD,CA,AWP,WE,Federal Contract Tower,0,12,27,0,39,0,40,81,0,121,0,52,108,0,160,74,0,74,234
03/30/2000,MOD,CA,AWP,WE,Federal Contract Tower,0,8,19,0,27,0,31,120,0,151,0,39,139,0,178,66,0,66,244
03/31/2000,MOD,CA,AWP,WE,Federal Contract Tower,0,6,14,0,20,0,48,94,0,142,0,54,108,0,162,36,0,36,198
04/01/2000,MOD,CA,AWP,WE,Federal Contract Tower,0,7,14,0,21,0,36,107,24,167,0,43,121,24,188,124,0,124,312
04/02/2000,MOD,CA,AWP,WE,Federal Contract Tower,0,9,17,0,26,0,9,101,2,112,0,18,118,2,138,42,0,42,180
04/03/2000,MOD,CA,AWP,WE,Federal Contract Tower,0,16,32,0,48,0,8,90,0,98,0,24,122,0,146,96,0,96,242
04/04/2000,MOD,CA,AWP,WE,Federal Contract Tower,0,12,22,0,34,0,32,88,2,122,0,44,110,2,156,60,0,60,216
04/05/2000,MOD,CA,AWP,WE,Federal Contract Tower,0,7,13,0,20,0,49,103,0,152,0,56,116,0,172,48,0,48,220
04/06/2000,MOD,CA,AWP,WE,Federal Contract Tower,0,15,28,0,43,0,30,116,0,146,0,45,144,0,189,70,0,70,259
04/07/2000,MOD,CA,AWP,WE,Federal Contract Tower,0,11,20,0,31,0,25,93,2,120,0,36,113,2,151,126,0,126,277
04/08/2000,MOD,CA,AWP,WE,Federal Contract Tower,0,10,19,0,29,0,13,102,0,115,0,23,121,0,144,78,8,86,230
04/09/2000,MOD,CA,AWP,WE,Federal Contract Tower,0,12,22,0,34,0,5,69,0,74,0,17,91,0,108,58,0,58,166
04/10/2000,MOD,CA,AWP,WE,Federal Contract Tower,0,10,20,0,30,0,15,90,0,105,0,25,110,0,135,60,0,60,195
04/11/2000,MOD,CA,AWP,WE,Federal Contract Tower,0,13,24,0,37,0,10,96,0,106,0,23,120,0,143,92,0,92,235
04/12/2000,MOD,CA,AWP,WE,Federal Contract Tower,0,10,22,1,33,0,54,86,1,141,0,64,108,2,174,96,0,96,270
04/13/2000,MOD,CA,AWP,WE,Federal Contract Tower,0,12,25,0,37,0,32,74,0,106,0,44,99,0,143,114,0,114,257
04/14/2000,MOD,CA,AWP,WE,Federal Contract Tower,0,10,22,1,33,0,23,86,1,110,0,33,108,2,143,148,0,148,291
04/15/2000,MOD,CA,AWP,WE,Federal Contract Tower,0,6,12,0,18,0,43,94,0,137,0,49,106,0,155,98,0,98,253
04/16/2000,MOD,CA,AWP,WE,Federal Contract Tower,0,2,7,0,9,0,13,36,2,51,0,15,43,2,60,16,0,16,76
04/17/2000,MOD,CA,AWP,WE,Federal Contract Tower,0,17,37,0,54,0,14,0,0,14,0,31,37,0,68,29,0,29,97
04/18/2000,MOD,CA,AWP,WE,Federal Contract Tower,0,11,23,0,34,0,29,111,0,140,0,40,134,0,174,115,0,115,289
04/19/2000,MOD,CA,AWP,WE,Federal Contract Tower,0,14,31,0,45,0,37,144,4,185,0,51,175,4,230,130,0,130,360
04/20/2000,MOD,CA,AWP,WE,Federal Contract Tower,0,9,19,0,28,0,21,101,2,124,0,30,120,2,152,95,0,95,247
04/21/2000,MOD,CA,AWP,WE,Federal Contract Tower,0,10,22,0,32,0,15,107,0,122,0,25,129,0,154,56,0,56,210
04/22/2000,MOD,CA,AWP,WE,Federal Contract Tower,0,4,9,0,13,0,30,95,0,125,0,34,104,0,138,114,0,114,252
04/23/2000,MOD,CA,AWP,WE,Federal Contract Tower,0,9,19,0,28,0,13,68,0,81,0,22,87,0,109,12,0,12,121
04/24/2000,MOD,CA,AWP,WE,Federal Contract Tower,0,9,19,0,28,0,19,62,0,81,0,28,81,0,109,58,0,58,167
04/25/2000,MOD,CA,AWP,WE,Federal Contract Tower,0,11,25,0,36,0,27,142,0,169,0,38,167,0,205,160,0,160,365
04/26/2000,MOD,CA,AWP,WE,Federal Contract Tower,0,13,29,0,42,0,34,118,0,152,0,47,147,0,194,84,0,84,278
04/27/2000,MOD,CA,AWP,WE,Federal Contract Tower,0,8,18,0,26,0,29,100,0,129,0,37,118,0,155,96,0,96,251
04/28/2000,MOD,CA,AWP,WE,Federal Contract Tower,0,7,17,0,24,0,46,55,0,101,0,53,72,0,125,87,0,87,212
04/29/2000,MOD,CA,AWP,WE,Federal Contract Tower,0,7,16,0,23,0,36,99,8,143,0,43,115,8,166,32,0,32,198
04/30/2000,MOD,CA,AWP,WE,Federal Contract Tower,0,7,16,0,23,0,28,100,0,128,0,35,116,0,151,74,0,74,225
05/01/2000,MOD,CA,AWP,WE,Federal Contract Tower,0,12,23,0,35,0,16,86,0,102,0,28,109,0,137,56,0,56,193
05/02/2000,MOD,CA,AWP,WE,Federal Contract Tower,0,8,14,0,22,0,36,147,2,185,0,44,161,2,207,96,0,96,303
05/03/2000,MOD,CA,AWP,WE,Federal Contract Tower,0,15,34,2,51,0,23,93,6,122,0,38,127,8,173,108,0,108,281
05/04/2000,MOD,CA,AWP,WE,Federal Contract Tower,0,9,20,0,29,0,31,101,0,132,0,40,121,0,161,164,0,164,325
05/05/2000,MOD,CA,AWP,WE,Federal Contract Tower,0,10,20,0,30,0,27,97,0,124,0,37,117,0,154,94,0,94,248
05/06/2000,MOD,CA,AWP,WE,Federal Contract Tower,0,9,18,0,27,0,21,101,0,122,0,30,119,0,149,206,0,206,355
05/07/2000,MOD,CA,AWP,WE,Federal Contract Tower,0,10,20,0,30,0,12,99,0,111,0,22,119,0,141,14,0,14,155
05/08/2000,MOD,CA,AWP,WE,Federal Contract Tower,0,10,21,0,31,0,22,91,0,113,0,32,112,0,144,38,0,38,182
05/09/2000,MOD,CA,AWP,WE,Federal Contract Tower,0,15,34,0,49,0,7,90,0,97,0,22,124,0,146,134,0,134,280
05/10/2000,MOD,CA,AWP,WE,Federal Contract Tower,0,16,32,0,48,0,40,66,0,106,0,56,98,0,154,58,0,58,212
05/11/2000,MOD,CA,AWP,WE,Federal Contract Tower,0,15,33,0,48,0,28,109,0,137,0,43,142,0,185,70,0,70,255
05/12/2000,MOD,CA,AWP,WE,Federal Contract Tower,0,10,20,0,30,0,29,140,0,169,0,39,160,0,199,64,0,64,263
05/13/2000,MOD,CA,AWP,WE,Federal Contract Tower,0,4,9,1,14,0,37,235,2,274,0,41,244,3,288,74,0,74,362
05/14/2000,MOD,CA,AWP,WE,Federal Contract Tower,0,4,10,0,14,0,11,102,0,113,0,15,112,0,127,74,0,74,201
05/15/2000,MOD,CA,AWP,WE,Federal Contract Tower,0,9,20,0,29,0,15,79,0,94,0,24,99,0,123,78,0,78,201
05/16/2000,MOD,CA,AWP,WE,Federal Contract Tower,0,11,22,0,33,0,23,78,0,101,0,34,100,0,134,134,0,134,268
05/17/2000,MOD,CA,AWP,WE,Federal Contract Tower,0,15,32,0,47,0,22,109,0,131,0,37,141,0,178,196,0,196,374
05/18/2000,MOD,CA,AWP,WE,Federal Contract Tower,0,8,19,0,27,0,43,108,0,151,0,51,127,0,178,134,0,134,312
05/19/2000,MOD,CA,AWP,WE,Federal Contract Tower,0,7,16,0,23,0,23,160,0,183,0,30,176,0,206,152,0,152,358
05/20/2000,MOD,CA,AWP,WE,Federal Contract Tower,0,5,12,0,17,0,32,154,0,186,0,37,166,0,203,88,0,88,291
05/21/2000,MOD,CA,AWP,WE,Federal Contract Tower,0,7,16,0,23,0,20,95,0,115,0,27,111,0,138,88,0,88,226
05/22/2000,MOD,CA,AWP,WE,Federal Contract Tower,0,9,19,0,28,0,16,91,0,107,0,25,110,0,135,88,0,88,223
05/23/2000,MOD,CA,AWP,WE,Federal Contract Tower,0,10,22,0,32,0,21,102,0,123,0,31,124,0,155,92,0,92,247
05/24/2000,MOD,CA,AWP,WE,Federal Contract Tower,0,19,43,1,63,0,21,67,3,91,0,40,110,4,154,92,0,92,246
05/25/2000,MOD,CA,AWP,WE,Federal Contract Tower,0,8,18,0,26,0,28,118,0,146,0,36,136,0,172,120,0,120,292
05/26/2000,MOD,CA,AWP,WE,Federal Contract Tower,0,14,30,0,44,0,20,106,0,126,0,34,136,0,170,108,0,108,278
05/27/2000,MOD,CA,AWP,WE,Federal Contract Tower,0,5,12,0,17,0,25,120,0,145,0,30,132,0,162,126,0,126,288
05/28/2000,MOD,CA,AWP,WE,Federal Contract Tower,0,5,13,0,18,0,16,91,0,107,0,21,104,0,125,22,0,22,147
05/29/2000,MOD,CA,AWP,WE,Federal Contract Tower,0,5,13,0,18,0,15,84,0,99,0,20,97,0,117,73,0,73,190
05/30/2000,MOD,CA,AWP,WE,Federal Contract Tower,0,6,13,0,19,0,17,90,0,107,0,23,103,0,126,88,0,88,214
05/31/2000,MOD,CA,AWP,WE,Federal Contract Tower,0,15,35,1,51,0,28,94,7,129,0,43,129,8,180,154,0,154,334
06/01/2000,MOD,CA,AWP,WE,Federal Contract Tower,0,6,17,0,23,0,41,134,0,175,0,47,151,0,198,129,0,129,327
06/02/2000,MOD,CA,AWP,WE,Federal Contract Tower,0,11,28,1,40,0,27,117,3,147,0,38,145,4,187,78,0,78,265
06/03/2000,MOD,CA,AWP,WE,Federal Contract Tower,0,5,13,0,18,0,23,137,0,160,0,28,150,0,178,76,0,76,254
06/04/2000,MOD,CA,AWP,WE,Federal Contract Tower,0,5,13,0,18,0,24,126,0,150,0,29,139,0,168,110,0,110,278
06/05/2000,MOD,CA,AWP,WE,Federal Contract Tower,0,10,25,0,35,0,24,106,0,130,0,34,131,0,165,50,0,50,215
06/06/2000,MOD,CA,AWP,WE,Federal Contract Tower,0,8,20,0,28,0,19,119,0,138,0,27,139,0,166,84,0,84,250
06/07/2000,MOD,CA,AWP,WE,Federal Contract Tower,0,13,32,0,45,0,13,73,0,86,0,26,105,0,131,96,0,96,227
06/08/2000,MOD,CA,AWP,WE,Federal Contract Tower,0,13,30,1,44,0,31,71,1,103,0,44,101,2,147,110,0,110,257
06/09/2000,MOD,CA,AWP,WE,Federal Contract Tower,0,10,24,0,34,0,31,113,0,144,0,41,137,0,178,110,0,110,288
06/10/2000,MOD,CA,AWP,WE,Federal Contract Tower,0,5,13,0,18,0,51,126,0,177,0,56,139,0,195,94,0,94,289
06/11/2000,MOD,CA,AWP,WE,Federal Contract Tower,0,7,17,0,24,0,14,111,0,125,0,21,128,0,149,34,0,34,183
06/12/2000,MOD,CA,AWP,WE,Federal Contract Tower,0,7,16,0,23,0,23,100,0,123,0,30,116,0,146,30,0,30,176
06/13/2000,MOD,CA,AWP,WE,Federal Contract Tower,0,19,46,0,65,0,40,113,0,153,0,59,159,0,218,68,0,68,286
06/14/2000,MOD,CA,AWP,WE,Federal Contract Tower,0,12,28,0,40,0,25,120,0,145,0,37,148,0,185,120,0,120,305
06/15/2000,MOD,CA,AWP,WE,Federal Contract Tower,0,12,29,1,42,0,65,109,9,183,0,77,138,10,225,100,0,100,325
06/16/2000,MOD,CA,AWP,WE,Federal Contract Tower,0,7,17,0,24,0,44,110,2,156,0,51,127,2,180,40,0,40,220
06/17/2000,MOD,CA,AWP,WE,Federal Contract Tower,0,7,18,0,25,0,27,161,0,188,0,34,179,0,213,82,0,82,295
06/18/2000,MOD,CA,AWP,WE,Federal Contract Tower,0,7,17,0,24,0,28,119,0,147,0,35,136,0,171,120,0,120,291
06/19/2000,MOD,CA,AWP,WE,Federal Contract Tower,0,8,22,0,30,0,29,102,0,131,0,37,124,0,161,56,0,56,217
06/20/2000,MOD,CA,AWP,WE,Federal Contract Tower,0,9,23,0,32,0,24,104,0,128,0,33,127,0,160,41,0,41,201
06/21/2000,MOD,CA,AWP,WE,Federal Contract Tower,0,11,28,0,39,0,33,89,0,122,0,44,117,0,161,108,0,108,269
06/22/2000,MOD,CA,AWP,WE,Federal Contract Tower,0,12,30,0,42,0,31,102,0,133,0,43,132,0,175,146,0,146,321
06/23/2000,MOD,CA,AWP,WE,Federal Contract Tower,0,16,39,0,55,0,8,99,0,107,0,24,138,0,162,132,0,132,294
06/24/2000,MOD,CA,AWP,WE,Federal Contract Tower,0,5,12,0,17,0,21,137,0,158,0,26,149,0,175,120,0,120,295
06/25/2000,MOD,CA,AWP,WE,Federal Contract Tower,0,6,16,0,22,0,19,115,0,134,0,25,131,0,156,68,0,68,224
06/26/2000,MOD,CA,AWP,WE,Federal Contract Tower,0,11,27,0,38,0,15,122,0,137,0,26,149,0,175,56,0,56,231
06/27/2000,MOD,CA,AWP,WE,Federal Contract Tower,0,9,24,0,33,0,40,95,0,135,0,49,119,0,168,151,0,151,319
06/28/2000,MOD,CA,AWP,WE,Federal Contract Tower,0,9,22,0,31,0,44,144,0,188,0,53,166,0,219,92,0,92,311
06/29/2000,MOD,CA,AWP,WE,Federal Contract Tower,0,14,34,0,48,0,37,117,12,166,0,51,151,12,214,82,0,82,296
06/30/2000,MOD,CA,AWP,WE,Federal Contract Tower,0,5,13,0,18,0,29,143,0,172,0,34,156,0,190,99,0,99,289
07/01/2000,MOD,CA,AWP,WE,Federal Contract Tower,0,3,10,0,13,0,23,112,0,135,0,26,122,0,148,80,0,80,228
07/02/2000,MOD,CA,AWP,WE,Federal Contract Tower,0,4,14,0,18,0,16,136,0,152,0,20,150,0,170,60,0,60,230
07/03/2000,MOD,CA,AWP,WE,Federal Contract Tower,0,9,26,0,35,0,26,113,0,139,0,35,139,0,174,96,0,96,270
07/04/2000,MOD,CA,AWP,WE,Federal Contract Tower,0,4,12,0,16,0,31,109,0,140,0,35,121,0,156,81,0,81,237
07/05/2000,MOD,CA,AWP,WE,Federal Contract Tower,0,10,23,0,33,0,41,110,0,151,0,51,133,0,184,58,0,58,242
07/06/2000,MOD,CA,AWP,WE,Federal Contract Tower,0,13,32,0,45,0,37,119,0,156,0,50,151,0,201,106,0,106,307
07/07/2000,MOD,CA,AWP,WE,Federal Contract Tower,0,5,12,0,17,0,30,141,0,171,0,35,153,0,188,96,0,96,284
07/08/2000,MOD,CA,AWP,WE,Federal Contract Tower,0,8,19,0,27,0,28,112,0,140,0,36,131,0,167,46,0,46,213
07/09/2000,MOD,CA,AWP,WE,Federal Contract Tower,0,8,21,0,29,0,15,129,0,144,0,23,150,0,173,128,0,128,301
07/10/2000,MOD,CA,AWP,WE,Federal Contract Tower,0,10,25,0,35,0,34,123,0,157,0,44,148,0,192,70,0,70,262
07/11/2000,MOD,CA,AWP,WE,Federal Contract Tower,0,11,28,1,40,2,31,117,1,151,2,42,145,2,191,90,0,90,281
07/12/2000,MOD,CA,AWP,WE,Federal Contract Tower,0,11,26,0,37,2,38,130,0,170,2,49,156,0,207,86,0,86,293
07/13/2000,MOD,CA,AWP,WE,Federal Contract Tower,0,17,40,1,58,0,50,121,9,180,0,67,161,10,238,140,0,140,378
07/14/2000,MOD,CA,AWP,WE,Federal Contract Tower,0,9,22,1,32,0,25,122,1,148,0,34,144,2,180,100,2,102,282
07/15/2000,MOD,CA,AWP,WE,Federal Contract Tower,0,8,20,0,28,0,28,112,0,140,0,36,132,0,168,134,0,134,302
07/16/2000,MOD,CA,AWP,WE,Federal Contract Tower,0,8,19,0,27,0,10,121,0,131,0,18,140,0,158,120,0,120,278
07/17/2000,MOD,CA,AWP,WE,Federal Contract Tower,0,10,26,0,36,0,20,105,0,125,0,30,131,0,161,94,0,94,255
07/18/2000,MOD,CA,AWP,WE,Federal Contract Tower,0,11,29,0,40,0,11,145,4,160,0,22,174,4,200,150,0,150,350
07/19/2000,MOD,CA,AWP,WE,Federal Contract Tower,0,16,42,6,64,0,28,112,0,140,0,44,154,6,204,119,0,119,323
07/20/2000,MOD,CA,AWP,WE,Federal Contract Tower,0,12,29,0,41,0,17,98,2,117,0,29,127,2,158,167,4,171,329
07/21/2000,MOD,CA,AWP,WE,Federal Contract Tower,0,13,31,0,44,0,39,128,0,167,0,52,159,0,211,144,0,144,355
07/22/2000,MOD,CA,AWP,WE,Federal Contract Tower,0,9,23,0,32,0,30,133,0,163,0,39,156,0,195,102,0,102,297
07/23/2000,MOD,CA,AWP,WE,Federal Contract Tower,0,7,17,0,24,0,15,136,0,151,0,22,153,0,175,82,0,82,257
07/24/2000,MOD,CA,AWP,WE,Federal Contract Tower,0,11,26,0,37,0,26,111,0,137,0,37,137,0,174,108,0,108,282
07/25/2000,MOD,CA,AWP,WE,Federal Contract Tower,0,14,36,0,50,0,19,161,4,184,0,33,197,4,234,196,0,196,430
07/26/2000,MOD,CA,AWP,WE,Federal Contract Tower,0,15,36,0,51,0,19,89,0,108,0,34,125,0,159,166,0,166,325
07/27/2000,MOD,CA,AWP,WE,Federal Contract Tower,0,11,29,0,40,0,34,123,2,159,0,45,152,2,199,108,0,108,307
07/28/2000,MOD,CA,AWP,WE,Federal Contract Tower,0,12,29,0,41,0,29,115,0,144,0,41,144,0,185,134,0,134,319
07/29/2000,MOD,CA,AWP,WE,Federal Contract Tower,0,11,27,0,38,0,18,139,0,157,0,29,166,0,195,116,0,116,311
07/30/2000,MOD,CA,AWP,WE,Federal Contract Tower,0,6,17,0,23,0,23,92,0,115,0,29,109,0,138,80,0,80,218
07/31/2000,MOD,CA,AWP,WE,Federal Contract Tower,0,7,19,0,26,0,29,98,0,127,0,36,117,0,153,56,0,56,209
08/01/2000,MOD,CA,AWP,WE,Federal Contract Tower,0,4,17,0,21,0,28,109,0,137,0,32,126,0,158,74,0,74,232
08/02/2000,MOD,CA,AWP,WE,Federal Contract Tower,0,13,39,0,52,0,53,102,0,155,0,66,141,0,207,140,0,140,347
08/03/2000,MOD,CA,AWP,WE,Federal Contract Tower,0,13,40,0,53,0,41,103,0,144,0,54,143,0,197,170,0,170,367
08/04/2000,MOD,CA,AWP,WE,Federal Contract Tower,0,19,57,0,76,0,16,111,0,127,0,35,168,0,203,156,0,156,359
08/05/2000,MOD,CA,AWP,WE,Federal Contract Tower,0,10,29,2,41,0,32,91,2,125,0,42,120,4,166,152,0,152,318
08/06/2000,MOD,CA,AWP,WE,Federal Contract Tower,0,7,20,0,27,0,33,104,0,137,0,40,124,0,164,56,0,56,220
08/07/2000,MOD,CA,AWP,WE,Federal Contract Tower,0,24,70,0,94,0,11,60,0,71,0,35,130,0,165,159,0,159,324
08/08/2000,MOD,CA,AWP,WE,Federal Contract Tower,0,10,29,0,39,0,37,134,0,171,0,47,163,0,210,164,0,164,374
08/09/2000,MOD,CA,AWP,WE,Federal Contract Tower,0,16,48,2,66,0,37,135,12,184,0,53,183,14,250,189,0,189,439
08/10/2000,MOD,CA,AWP,WE,Federal Contract Tower,0,15,45,2,62,0,46,122,2,170,0,61,167,4,232,176,0,176,408
08/11/2000,MOD,CA,AWP,WE,Federal Contract Tower,0,15,45,0,60,0,21,94,0,115,0,36,139,0,175,119,0,119,294
08/12/2000,MOD,CA,AWP,WE,Federal Contract Tower,0,14,40,2,56,0,20,115,2,137,0,34,155,4,193,174,0,174,367
08/13/2000,MOD,CA,AWP,WE,Federal Contract Tower,0,10,32,0,42,0,30,122,0,152,0,40,154,0,194,70,0,70,264
08/14/2000,MOD,CA,AWP,WE,Federal Contract Tower,0,18,52,0,70,0,24,71,0,95,0,42,123,0,165,98,0,98,263
08/15/2000,MOD,CA,AWP,WE,Federal Contract Tower,0,12,38,0,50,0,23,133,0,156,0,35,171,0,206,106,0,106,312
08/16/2000,MOD,CA,AWP,WE,Federal Contract Tower,0,13,39,1,53,0,48,69,3,120,0,61,108,4,173,150,4,154,327
08/17/2000,MOD,CA,AWP,WE,Federal Contract Tower,0,11,34,0,45,0,15,111,0,126,0,26,145,0,171,82,0,82,253
08/18/2000,MOD,CA,AWP,WE,Federal Contract Tower,0,14,42,1,57,0,26,119,5,150,0,40,161,6,207,106,0,106,313
08/19/2000,MOD,CA,AWP,WE,Federal Contract Tower,0,10,31,1,42,0,23,93,3,119,0,33,124,4,161,104,0,104,265
08/20/2000,MOD,CA,AWP,WE,Federal Contract Tower,0,9,30,0,39,0,24,107,0,131,0,33,137,0,170,52,0,52,222
08/21/2000,MOD,CA,AWP,WE,Federal Contract Tower,0,8,22,0,30,0,36,122,0,158,0,44,144,0,188,125,0,125,313
08/22/2000,MOD,CA,AWP,WE,Federal Contract Tower,0,14,44,0,58,0,47,131,0,178,0,61,175,0,236,192,0,192,428
08/23/2000,MOD,CA,AWP,WE,Federal Contract Tower,0,9,28,0,37,0,39,141,2,182,0,48,169,2,219,194,0,194,413
08/24/2000,MOD,CA,AWP,WE,Federal Contract Tower,0,7,21,0,28,0,53,144,0,197,0,60,165,0,225,134,0,134,359
08/25/2000,MOD,CA,AWP,WE,Federal Contract Tower,0,12,37,0,49,0,50,116,0,166,0,62,153,0,215,222,0,222,437
08/26/2000,MOD,CA,AWP,WE,Federal Contract Tower,0,9,29,0,38,0,37,113,0,150,0,46,142,0,188,156,0,156,344
08/27/2000,MOD,CA,AWP,WE,Federal Contract Tower,0,8,24,0,32,0,32,149,0,181,0,40,173,0,213,64,0,64,277
08/28/2000,MOD,CA,AWP,WE,Federal Contract Tower,0,9,25,0,34,0,21,105,0,126,0,30,130,0,160,70,0,70,230
08/29/2000,MOD,CA,AWP,WE,Federal Contract Tower,0,13,39,1,53,0,24,64,9,97,0,37,103,10,150,100,0,100,250
08/30/2000,MOD,CA,AWP,WE,Federal Contract Tower,0,10,28,0,38,0,43,99,3,145,0,53,127,3,183,123,0,123,306
08/31/2000,MOD,CA,AWP,WE,Federal Contract Tower,0,17,50,1,68,0,41,119,6,166,0,58,169,7,234,173,2,175,409
09/01/2000,MOD,CA,AWP,WE,Federal Contract Tower,0,12,39,0,51,0,43,78,0,121,0,55,117,0,172,64,0,64,236
09/02/2000,MOD,CA,AWP,WE,Federal Contract Tower,0,12,36,0,48,0,22,94,0,116,0,34,130,0,164,118,0,118,282
09/03/2000,MOD,CA,AWP,WE,Federal Contract Tower,0,6,15,0,21,0,36,92,0,128,0,42,107,0,149,46,0,46,195
09/04/2000,MOD,CA,AWP,WE,Federal Contract Tower,0,7,21,0,28,0,16,118,0,134,0,23,139,0,162,54,0,54,216
09/05/2000,MOD,CA,AWP,WE,Federal Contract Tower,0,15,43,0,58,0,33,117,0,150,0,48,160,0,208,112,0,112,320
09/06/2000,MOD,CA,AWP,WE,Federal Contract Tower,0,12,32,2,46,0,36,116,2,154,0,48,148,4,200,125,0,125,325
09/07/2000,MOD,CA,AWP,WE,Federal Contract Tower,0,10,28,0,38,0,63,154,0,217,0,73,182,0,255,80,0,80,335
09/08/2000,MOD,CA,AWP,WE,Federal Contract Tower,0,13,40,0,53,0,49,103,0,152,0,62,143,0,205,116,0,116,321
09/09/2000,MOD,CA,AWP,WE,Federal Contract Tower,0,9,27,2,38,0,33,146,0,179,0,42,173,2,217,92,0,92,309
09/10/2000,MOD,CA,AWP,WE,Federal Contract Tower,0,5,14,1,20,0,21,139,1,161,0,26,153,2,181,36,2,38,219
09/11/2000,MOD,CA,AWP,WE,Federal Contract Tower,0,11,31,2,44,0,22,128,0,150,0,33,159,2,194,98,8,106,300
09/12/2000,MOD,CA,AWP,WE,Federal Contract Tower,0,7,20,0,27,0,19,125,0,144,0,26,145,0,171,106,0,106,277
09/13/2000,MOD,CA,AWP,WE,Federal Contract Tower,0,10,28,2,40,0,60,120,0,180,0,70,148,2,220,113,0,113,333
09/14/2000,MOD,CA,AWP,WE,Federal Contract Tower,0,11,35,2,48,0,48,167,0,215,0,59,202,2,263,66,2,68,331
09/15/2000,MOD,CA,AWP,WE,Federal Contract Tower,0,11,34,3,48,0,56,100,7,163,0,67,134,10,211,80,0,80,291
09/16/2000,MOD,CA,AWP,WE,Federal Contract Tower,0,7,20,0,27,0,55,121,0,176,0,62,141,0,203,70,0,70,273
09/17/2000,MOD,CA,AWP,WE,Federal Contract Tower,0,6,19,0,25,0,53,168,0,221,0,59,187,0,246,91,0,91,337
09/18/2000,MOD,CA,AWP,WE,Federal Contract Tower,0,7,23,0,30,0,33,132,0,165,0,40,155,0,195,119,0,119,314
09/19/2000,MOD,CA,AWP,WE,Federal Contract Tower,0,11,34,2,47,2,35,161,13,211,2,46,195,15,258,182,0,182,440
09/20/2000,MOD,CA,AWP,WE,Federal Contract Tower,0,17,53,0,70,1,38,137,0,176,1,55,190,0,246,179,0,179,425
09/21/2000,MOD,CA,AWP,WE,Federal Contract Tower,0,14,41,2,57,0,35,136,2,173,0,49,177,4,230,108,0,108,338
09/22/2000,MOD,CA,AWP,WE,Federal Contract Tower,0,18,54,0,72,0,25,86,0,111,0,43,140,0,183,187,0,187,370
09/23/2000,MOD,CA,AWP,WE,Federal Contract Tower,0,6,20,0,26,0,42,105,0,147,0,48,125,0,173,42,0,42,215
09/24/2000,MOD,CA,AWP,WE,Federal Contract Tower,0,8,25,0,33,0,30,114,0,144,0,38,139,0,177,84,0,84,261
09/25/2000,MOD,CA,AWP,WE,Federal Contract Tower,0,12,33,0,45,0,19,90,0,109,0,31,123,0,154,110,0,110,264
09/26/2000,MOD,CA,AWP,WE,Federal Contract Tower,0,15,43,2,60,0,15,106,2,123,0,30,149,4,183,178,0,178,361
09/27/2000,MOD,CA,AWP,WE,Federal Contract Tower,0,15,43,2,60,0,52,155,4,211,0,67,198,6,271,143,4,147,418
09/28/2000,MOD,CA,AWP,WE,Federal Contract Tower,0,10,31,1,42,0,38,112,3,153,0,48,143,4,195,128,4,132,327
09/29/2000,MOD,CA,AWP,WE,Federal Contract Tower,0,17,51,0,68,0,35,114,0,149,0,52,165,0,217,134,0,134,351
09/30/2000,MOD,CA,AWP,WE,Federal Contract Tower,0,10,30,0,40,0,50,124,0,174,0,60,154,0,214,186,0,186,400
10/01/2000,MOD,CA,AWP,WE,Federal Contract Tower,0,10,35,0,45,0,40,100,0,140,0,50,135,0,185,120,0,120,305
10/02/2000,MOD,CA,AWP,WE,Federal Contract Tower,0,15,44,0,59,0,41,105,0,146,0,56,149,0,205,112,0,112,317
10/03/2000,MOD,CA,AWP,WE,Federal Contract Tower,0,15,45,0,60,0,32,134,0,166,0,47,179,0,226,218,0,218,444
10/04/2000,MOD,CA,AWP,WE,Federal Contract Tower,0,18,52,1,71,0,39,138,7,184,0,57,190,8,255,122,0,122,377
10/05/2000,MOD,CA,AWP,WE,Federal Contract Tower,0,24,71,0,95,0,34,129,0,163,0,58,200,0,258,108,0,108,366
10/06/2000,MOD,CA,AWP,WE,Federal Contract Tower,0,19,58,0,77,0,33,125,0,158,0,52,183,0,235,82,0,82,317
10/07/2000,MOD,CA,AWP,WE,Federal Contract Tower,0,13,41,0,54,0,35,97,0,132,0,48,138,0,186,126,0,126,312
10/08/2000,MOD,CA,AWP,WE,Federal Contract Tower,0,11,32,0,43,0,15,115,0,130,0,26,147,0,173,78,0,78,251
10/09/2000,MOD,CA,AWP,WE,Federal Contract Tower,0,12,38,0,50,0,29,46,0,75,0,41,84,0,125,30,0,30,155
10/10/2000,MOD,CA,AWP,WE,Federal Contract Tower,0,9,28,0,37,0,40,38,0,78,0,49,66,0,115,24,0,24,139
10/11/2000,MOD,CA,AWP,WE,Federal Contract Tower,0,11,33,1,45,0,41,63,1,105,0,52,96,2,150,99,2,101,251
10/12/2000,MOD,CA,AWP,WE,Federal Contract Tower,0,14,43,0,57,0,25,64,0,89,0,39,107,0,146,106,0,106,252
10/13/2000,MOD,CA,AWP,WE,Federal Contract Tower,0,12,35,1,48,0,43,125,16,184,0,55,160,17,232,118,0,118,350
10/14/2000,MOD,CA,AWP,WE,Federal Contract Tower,0,15,45,0,60,0,36,133,0,169,0,51,178,0,229,148,0,148,377
10/15/2000,MOD,CA,AWP,WE,Federal Contract Tower,0,11,32,0,43,0,27,117,0,144,0,38,149,0,187,94,0,94,281
10/16/2000,MOD,CA,AWP,WE,Federal Contract Tower,0,9,29,0,38,0,26,75,0,101,0,35,104,0,139,98,0,98,237
10/17/2000,MOD,CA,AWP,WE,Federal Contract Tower,0,11,34,0,45,0,23,111,0,134,0,34,145,0,179,100,0,100,279
10/18/2000,MOD,CA,AWP,WE,Federal Contract Tower,0,13,39,0,52,0,17,100,0,117,0,30,139,0,169,102,0,102,271
10/19/2000,MOD,CA,AWP,WE,Federal Contract Tower,0,18,53,0,71,0,30,99,0,129,0,48,152,0,200,129,0,129,329
10/20/2000,MOD,CA,AWP,WE,Federal Contract Tower,0,15,45,0,60,0,48,96,0,144,0,63,141,0,204,105,0,105,309
10/21/2000,MOD,CA,AWP,WE,Federal Contract Tower,0,7,21,0,28,0,43,55,0,98,0,50,76,0,126,32,0,32,158
10/22/2000,MOD,CA,AWP,WE,Federal Contract Tower,0,5,17,0,22,0,48,52,0,100,0,53,69,0,122,14,0,14,136
10/23/2000,MOD,CA,AWP,WE,Federal Contract Tower,0,17,53,0,70,0,23,84,0,107,0,40,137,0,177,206,0,206,383
10/24/2000,MOD,CA,AWP,WE,Federal Contract Tower,0,10,30,0,40,0,33,125,0,158,0,43,155,0,198,110,0,110,308
10/25/2000,MOD,CA,AWP,WE,Federal Contract Tower,0,19,56,0,75,0,22,59,0,81,0,41,115,0,156,58,0,58,214
10/26/2000,MOD,CA,AWP,WE,Federal Contract Tower,0,19,58,0,77,0,28,44,2,74,0,47,102,2,151,12,2,14,165
10/27/2000,MOD,CA,AWP,WE,Federal Contract Tower,0,13,41,0,54,0,16,90,2,108,0,29,131,2,162,111,0,111,273
10/28/2000,MOD,CA,AWP,WE,Federal Contract Tower,0,8,24,0,32,0,33,74,0,107,0,41,98,0,139,101,0,101,240
10/29/2000,MOD,CA,AWP,WE,Federal Contract Tower,0,10,32,0,42,0,21,15,5,41,0,31,47,5,83,62,0,62,145
10/30/2000,MOD,CA,AWP,WE,Federal Contract Tower,0,12,39,0,51,0,31,72,0,103,0,43,111,0,154,62,0,62,216
10/31/2000,MOD,CA,AWP,WE,Federal Contract Tower,0,14,45,0,59,0,36,127,0,163,0,50,172,0,222,136,0,136,358
11/01/2000,MOD,CA,AWP,WE,Federal Contract Tower,0,18,46,0,64,0,28,114,0,142,0,46,160,0,206,95,0,95,301
11/02/2000,MOD,CA,AWP,WE,Federal Contract Tower,0,8,20,0,28,0,26,131,0,157,0,34,151,0,185,116,0,116,301
11/03/2000,MOD,CA,AWP,WE,Federal Contract Tower,0,12,30,0,42,0,33,94,0,127,0,45,124,0,169,98,0,98,267
11/04/2000,MOD,CA,AWP,WE,Federal Contract Tower,0,8,17,1,26,0,35,109,3,147,0,43,126,4,173,86,0,86,259
11/05/2000,MOD,CA,AWP,WE,Federal Contract Tower,0,11,25,1,37,0,11,50,3,64,0,22,75,4,101,106,0,106,207
11/06/2000,MOD,CA,AWP,WE,Federal Contract Tower,0,6,13,0,19,0,21,54,0,75,0,27,67,0,94,14,0,14,108
11/07/2000,MOD,CA,AWP,WE,Federal Contract Tower,0,5,13,0,18,0,30,121,0,151,0,35,134,0,169,76,0,76,245
11/08/2000,MOD,CA,AWP,WE,Federal Contract Tower,0,18,43,0,61,0,31,81,0,112,0,49,124,0,173,132,0,132,305
11/09/2000,MOD,CA,AWP,WE,Federal Contract Tower,0,11,24,0,35,0,43,91,0,134,0,54,115,0,169,6,0,6,175
11/10/2000,MOD,CA,AWP,WE,Federal Contract Tower,0,11,26,0,37,0,40,77,0,117,0,51,103,0,154,86,0,86,240
11/11/2000,MOD,CA,AWP,WE,Federal Contract Tower,0,6,13,0,19,0,47,108,0,155,0,53,121,0,174,106,0,106,280
11/12/2000,MOD,CA,AWP,WE,Federal Contract Tower,0,9,20,0,29,0,12,69,0,81,0,21,89,0,110,42,0,42,152
11/13/2000,MOD,CA,AWP,WE,Federal Contract Tower,0,12,30,2,44,0,19,64,6,89,0,31,94,8,133,44,0,44,177
11/14/2000,MOD,CA,AWP,WE,Federal Contract Tower,0,18,43,2,63,0,33,84,0,117,0,51,127,2,180,88,0,88,268
11/15/2000,MOD,CA,AWP,WE,Federal Contract Tower,0,15,35,0,50,0,25,60,0,85,0,40,95,0,135,153,0,153,288
11/16/2000,MOD,CA,AWP,WE,Federal Contract Tower,0,20,48,2,70,0,22,118,2,142,0,42,166,4,212,90,4,94,306
11/17/2000,MOD,CA,AWP,WE,Federal Contract Tower,0,27,67,2,96,0,33,102,2,137,0,60,169,4,233,156,0,156,389
11/18/2000,MOD,CA,AWP,WE,Federal Contract Tower,0,14,35,0,49,0,35,112,0,147,0,49,147,0,196,172,0,172,368
11/19/2000,MOD,CA,AWP,WE,Federal Contract Tower,0,10,27,0,37,0,25,70,0,95,0,35,97,0,132,110,0,110,242
11/20/2000,MOD,CA,AWP,WE,Federal Contract Tower,0,16,38,0,54,0,16,43,0,59,0,32,81,0,113,92,0,92,205
11/21/2000,MOD,CA,AWP,WE,Federal Contract Tower,0,28,68,0,96,0,7,19,0,26,0,35,87,0,122,32,0,32,154
11/22/2000,MOD,CA,AWP,WE,Federal Contract Tower,0,16,40,0,56,0,27,40,0,67,0,43,80,0,123,28,0,28,151
11/23/2000,MOD,CA,AWP,WE,Federal Contract Tower,0,9,20,0,29,0,11,31,0,42,0,20,51,0,71,8,0,8,79
11/24/2000,MOD,CA,AWP,WE,Federal Contract Tower,0,17,40,0,57,0,1,3,0,4,0,18,43,0,61,18,0,18,79
11/25/2000,MOD,CA,AWP,WE,Federal Contract Tower,0,18,40,0,58,0,4,0,0,4,0,22,40,0,62,4,0,4,66
11/26/2000,MOD,CA,AWP,WE,Federal Contract Tower,0,18,53,0,71,0,0,1,0,1,0,18,54,0,72,0,0,0,72
11/27/2000,MOD,CA,AWP,WE,Federal Contract Tower,0,19,43,0,62,0,6,0,0,6,0,25,43,0,68,9,0,9,77
11/28/2000,MOD,CA,AWP,WE,Federal Contract Tower,0,17,47,2,66,0,0,0,8,8,0,17,47,10,74,4,2,6,80
11/29/2000,MOD,CA,AWP,WE,Federal Contract Tower,0,18,44,1,63,0,16,5,3,24,0,34,49,4,87,4,2,6,93
11/30/2000,MOD,CA,AWP,WE,Federal Contract Tower,0,18,43,0,61,0,27,109,0,136,0,45,152,0,197,74,0,74,271
12/01/2000,MOD,CA,AWP,WE,Federal Contract Tower,0,21,36,0,57,0,27,85,0,112,0,48,121,0,169,170,0,170,339
12/02/2000,MOD,CA,AWP,WE,Federal Contract Tower,0,20,36,0,56,0,32,58,0,90,0,52,94,0,146,114,0,114,260
12/03/2000,MOD,CA,AWP,WE,Federal Contract Tower,0,2,14,0,16,0,0,6,0,6,0,2,20,0,22,0,0,0,22
12/04/2000,MOD,CA,AWP,WE,Federal Contract Tower,0,10,12,0,22,0,5,0,0,5,0,15,12,0,27,0,0,0,27
12/05/2000,MOD,CA,AWP,WE,Federal Contract Tower,0,15,18,0,33,0,3,0,0,3,0,18,18,0,36,0,0,0,36
12/06/2000,MOD,CA,AWP,WE,Federal Contract Tower,0,13,24,0,37,0,5,25,0,30,0,18,49,0,67,12,0,12,79
12/07/2000,MOD,CA,AWP,WE,Federal Contract Tower,0,19,36,1,56,0,22,62,3,87,0,41,98,4,143,66,4,70,213
12/08/2000,MOD,CA,AWP,WE,Federal Contract Tower,0,11,20,0,31,0,33,98,0,131,0,44,118,0,162,162,6,168,330
12/09/2000,MOD,CA,AWP,WE,Federal Contract Tower,0,8,16,0,24,0,29,47,0,76,0,37,63,0,100,164,0,164,264
12/10/2000,MOD,CA,AWP,WE,Federal Contract Tower,0,7,14,0,21,0,25,40,0,65,0,32,54,0,86,28,0,28,114
12/11/2000,MOD,CA,AWP,WE,Federal Contract Tower,0,19,36,0,55,0,10,40,0,50,0,29,76,0,105,42,0,42,147
12/12/2000,MOD,CA,AWP,WE,Federal Contract Tower,0,8,15,1,24,0,31,115,1,147,0,39,130,2,171,75,0,75,246
12/13/2000,MOD,CA,AWP,WE,Federal Contract Tower,0,8,16,0,24,0,26,56,0,82,0,34,72,0,106,40,0,40,146
12/14/2000,MOD,CA,AWP,WE,Federal Contract Tower,0,6,12,0,18,0,14,49,0,63,0,20,61,0,81,32,0,32,113
12/15/2000,MOD,CA,AWP,WE,Federal Contract Tower,0,12,23,0,35,0,32,64,0,96,0,44,87,0,131,84,0,84,215
12/16/2000,MOD,CA,AWP,WE,Federal Contract Tower,0,21,39,0,60,0,19,72,0,91,0,40,111,0,151,158,0,158,309
12/17/2000,MOD,CA,AWP,WE,Federal Contract Tower,0,10,20,0,30,0,8,57,0,65,0,18,77,0,95,26,0,26,121
12/18/2000,MOD,CA,AWP,WE,Federal Contract Tower,0,14,27,0,41,0,11,27,0,38,0,25,54,0,79,24,0,24,103
12/19/2000,MOD,CA,AWP,WE,Federal Contract Tower,0,11,21,0,32,0,16,19,0,35,0,27,40,0,67,8,0,8,75
12/20/2000,MOD,CA,AWP,WE,Federal Contract Tower,0,23,43,0,66,0,13,60,2,75,0,36,103,2,141,117,2,119,260
12/21/2000,MOD,CA,AWP,WE,Federal Contract Tower,0,15,30,0,45,0,22,44,0,66,0,37,74,0,111,56,0,56,167
12/22/2000,MOD,CA,AWP,WE,Federal Contract Tower,0,11,21,0,32,0,20,116,0,136,0,31,137,0,168,66,0,66,234
12/23/2000,MOD,CA,AWP,WE,Federal Contract Tower,0,10,20,0,30,0,18,54,0,72,0,28,74,0,102,80,0,80,182
12/24/2000,MOD,CA,AWP,WE,Federal Contract Tower,0,6,12,0,18,0,13,39,0,52,0,19,51,0,70,22,0,22,92
12/25/2000,MOD,CA,AWP,WE,Federal Contract Tower,0,3,6,0,9,0,17,17,0,34,0,20,23,0,43,20,0,20,63
12/26/2000,MOD,CA,AWP,WE,Federal Contract Tower,0,9,18,0,27,0,34,95,0,129,0,43,113,0,156,66,0,66,222
12/27/2000,MOD,CA,AWP,WE,Federal Contract Tower,0,12,25,0,37,0,18,47,0,65,0,30,72,0,102,6,0,6,108
12/28/2000,MOD,CA,AWP,WE,Federal Contract Tower,0,12,24,0,36,0,16,52,0,68,0,28,76,0,104,72,0,72,176
12/29/2000,MOD,CA,AWP,WE,Federal Contract Tower,0,19,37,0,56,0,2,22,0,24,0,21,59,0,80,56,0,56,136
12/30/2000,MOD,CA,AWP,WE,Federal Contract Tower,0,7,13,0,20,0,15,67,0,82,0,22,80,0,102,56,0,56,158
12/31/2000,MOD,CA,AWP,WE,Federal Contract Tower,0,13,25,0,38,0,1,17,0,18,0,14,42,0,56,4,0,4,60
01/01/2001,MOD,CA,AWP,WE,Federal Contract Tower,0,11,32,0,43,0,0,16,0,16,0,11,48,0,59,32,0,32,91
01/02/2001,MOD,CA,AWP,WE,Federal Contract Tower,0,7,13,0,20,0,10,32,0,42,0,17,45,0,62,20,0,20,82
01/03/2001,MOD,CA,AWP,WE,Federal Contract Tower,0,9,18,0,27,0,41,34,0,75,0,50,52,0,102,22,0,22,124
01/04/2001,MOD,CA,AWP,WE,Federal Contract Tower,0,11,22,0,33,0,21,46,0,67,0,32,68,0,100,54,0,54,154
01/05/2001,MOD,CA,AWP,WE,Federal Contract Tower,0,9,16,1,26,0,19,92,13,124,0,28,108,14,150,94,6,100,250
01/06/2001,MOD,CA,AWP,WE,Federal Contract Tower,0,18,37,3,58,0,12,40,5,57,0,30,77,8,115,26,0,26,141
01/07/2001,MOD,CA,AWP,WE,Federal Contract Tower,0,14,29,0,43,0,3,11,0,14,0,17,40,0,57,8,0,8,65
01/08/2001,MOD,CA,AWP,WE,Federal Contract Tower,0,19,40,0,59,0,4,7,0,11,0,23,47,0,70,10,0,10,80
01/09/2001,MOD,CA,AWP,WE,Federal Contract Tower,0,12,23,0,35,0,23,36,0,59,0,35,59,0,94,60,0,60,154
01/10/2001,MOD,CA,AWP,WE,Federal Contract Tower,0,15,29,0,44,0,20,8,0,28,0,35,37,0,72,0,0,0,72
01/11/2001,MOD,CA,AWP,WE,Federal Contract Tower,0,8,14,0,22,0,19,30,0,49,0,27,44,0,71,0,0,0,71
01/12/2001,MOD,CA,AWP,WE,Federal Contract Tower,0,15,30,2,47,0,21,73,0,94,0,36,103,2,141,58,0,58,199
01/13/2001,MOD,CA,AWP,WE,Federal Contract Tower,0,10,22,0,32,0,17,116,0,133,0,27,138,0,165,98,0,98,263
01/14/2001,MOD,CA,AWP,WE,Federal Contract Tower,0,5,11,0,16,0,13,27,0,40,0,18,38,0,56,38,0,38,94
01/15/2001,MOD,CA,AWP,WE,Federal Contract Tower,0,7,12,0,19,0,7,68,0,75,0,14,80,0,94,40,0,40,134
01/16/2001,MOD,CA,AWP,WE,Federal Contract Tower,0,10,21,0,31,0,47,131,0,178,0,57,152,0,209,78,0,78,287
01/17/2001,MOD,CA,AWP,WE,Federal Contract Tower,0,16,33,0,49,0,22,95,0,117,0,38,128,0,166,100,0,100,266
01/18/2001,MOD,CA,AWP,WE,Federal Contract Tower,0,10,21,1,32,0,26,79,15,120,0,36,100,16,152,92,0,92,244
01/19/2001,MOD,CA,AWP,WE,Federal Contract Tower,0,20,43,2,65,0,18,90,2,110,0,38,133,4,175,76,8,84,259
01/20/2001,MOD,CA,AWP,WE,Federal Contract Tower,0,24,49,0,73,0,1,7,0,8,0,25,56,0,81,10,0,10,91
01/21/2001,MOD,CA,AWP,WE,Federal Contract Tower,0,13,28,1,42,0,14,24,1,39,0,27,52,2,81,46,0,46,127
01/22/2001,MOD,CA,AWP,WE,Federal Contract Tower,0,8,17,0,25,0,12,63,0,75,0,20,80,0,100,40,0,40,140
01/23/2001,MOD,CA,AWP,WE,Federal Contract Tower,0,16,33,1,50,0,9,44,6,59,0,25,77,7,109,48,0,48,157
01/24/2001,MOD,CA,AWP,WE,Federal Contract Tower,0,16,33,1,50,0,34,45,1,80,0,50,78,2,130,6,2,8,138
01/25/2001,MOD,CA,AWP,WE,Federal Contract Tower,0,10,21,1,32,0,24,22,1,47,0,34,43,2,79,4,0,4,83
01/26/2001,MOD,CA,AWP,WE,Federal Contract Tower,0,15,32,0,47,0,17,44,0,61,0,32,76,0,108,88,0,88,196
01/27/2001,MOD,CA,AWP,WE,Federal Contract Tower,0,10,22,0,32,0,31,135,0,166,0,41,157,0,198,177,0,177,375
01/28/2001,MOD,CA,AWP,WE,Federal Contract Tower,0,9,19,0,28,0,19,114,0,133,0,28,133,0,161,74,0,74,235
01/29/2001,MOD,CA,AWP,WE,Federal Contract Tower,0,14,28,0,42,0,12,53,0,65,0,26,81,0,107,138,0,138,245
01/30/2001,MOD,CA,AWP,WE,Federal Contract Tower,0,19,41,2,62,0,19,99,0,118,0,38,140,2,180,125,18,143,323
01/31/2001,MOD,CA,AWP,WE,Federal Contract Tower,0,14,28,1,43,0,20,84,1,105,0,34,112,2,148,80,0,80,228
02/01/2001,MOD,CA,AWP,WE,Federal Contract Tower,0,20,40,0,60,0,32,74,0,106,0,52,114,0,166,94,0,94,260
02/02/2001,MOD,CA,AWP,WE,Federal Contract Tower,0,12,25,1,38,0,21,67,1,89,0,33,92,2,127,76,4,80,207
02/03/2001,MOD,CA,AWP,WE,Federal Contract Tower,0,11,22,1,34,0,12,115,1,128,0,23,137,2,162,114,6,120,282
02/04/2001,MOD,CA,AWP,WE,Federal Contract Tower,0,10,18,0,28,0,20,97,2,119,0,30,115,2,147,40,0,40,187
02/05/2001,MOD,CA,AWP,WE,Federal Contract Tower,0,11,25,0,36,0,20,48,0,68,0,31,73,0,104,60,0,60,164
02/06/2001,MOD,CA,AWP,WE,Federal Contract Tower,0,14,30,0,44,0,27,47,0,74,0,41,77,0,118,82,0,82,200
02/07/2001,MOD,CA,AWP,WE,Federal Contract Tower,0,20,45,2,67,0,14,83,0,97,0,34,128,2,164,36,0,36,200
02/08/2001,MOD,CA,AWP,WE,Federal Contract Tower,0,15,34,0,49,0,11,152,0,163,0,26,186,0,212,112,0,112,324
02/09/2001,MOD,CA,AWP,WE,Federal Contract Tower,0,13,28,0,41,0,20,16,0,36,0,33,44,0,77,20,0,20,97
02/10/2001,MOD,CA,AWP,WE,Federal Contract Tower,0,5,11,0,16,0,26,47,0,73,0,31,58,0,89,32,0,32,121
02/11/2001,MOD,CA,AWP,WE,Federal Contract Tower,0,12,28,2,42,0,20,23,2,45,0,32,51,4,87,38,0,38,125
02/12/2001,MOD,CA,AWP,WE,Federal Contract Tower,0,10,22,0,32,0,15,37,0,52,0,25,59,0,84,24,0,24,108
02/13/2001,MOD,CA,AWP,WE,Federal Contract Tower,0,14,31,2,47,0,35,79,4,118,0,49,110,6,165,50,0,50,215
02/14/2001,MOD,CA,AWP,WE,Federal Contract Tower,0,12,28,0,40,0,27,134,0,161,0,39,162,0,201,82,0,82,283
02/15/2001,MOD,CA,AWP,WE,Federal Contract Tower,0,22,49,0,71,0,12,91,0,103,0,34,140,0,174,100,0,100,274
02/16/2001,MOD,CA,AWP,WE,Federal Contract Tower,0,13,29,0,42,0,19,135,0,154,0,32,164,0,196,136,0,136,332
02/17/2001,MOD,CA,AWP,WE,Federal Contract Tower,0,11,26,0,37,0,18,61,0,79,0,29,87,0,116,100,0,100,216
02/18/2001,MOD,CA,AWP,WE,Federal Contract Tower,0,9,20,0,29,0,12,36,0,48,0,21,56,0,77,44,0,44,121
02/19/2001,MOD,CA,AWP,WE,Federal Contract Tower,0,10,25,0,35,0,16,43,0,59,0,26,68,0,94,14,0,14,108
02/20/2001,MOD,CA,AWP,WE,Federal Contract Tower,0,8,19,0,27,0,42,86,0,128,0,50,105,0,155,48,0,48,203
02/21/2001,MOD,CA,AWP,WE,Federal Contract Tower,0,26,58,2,86,0,26,28,0,54,0,52,86,2,140,53,4,57,197
02/22/2001,MOD,CA,AWP,WE,Federal Contract Tower,0,15,35,1,51,0,30,43,3,76,0,45,78,4,127,26,4,30,157
02/23/2001,MOD,CA,AWP,WE,Federal Contract Tower,0,24,55,2,81,0,11,86,2,99,0,35,141,4,180,108,0,108,288
02/24/2001,MOD,CA,AWP,WE,Federal Contract Tower,0,10,23,0,33,0,9,12,0,21,0,19,35,0,54,6,0,6,60
02/25/2001,MOD,CA,AWP,WE,Federal Contract Tower,0,9,21,0,30,0,22,104,0,126,0,31,125,0,156,140,0,140,296
02/26/2001,MOD,CA,AWP,WE,Federal Contract Tower,0,14,33,0,47,0,12,76,0,88,0,26,109,0,135,76,0,76,211
02/27/2001,MOD,CA,AWP,WE,Federal Contract Tower,0,15,34,1,50,0,25,91,1,117,0,40,125,2,167,139,0,139,306
02/28/2001,MOD,CA,AWP,WE,Federal Contract Tower,0,12,29,1,42,0,25,95,1,121,0,37,124,2,163,98,0,98,261
03/01/2001,MOD,CA,AWP,WE,Federal Contract Tower,0,17,38,0,55,0,34,123,0,157,0,51,161,0,212,72,0,72,284
03/02/2001,MOD,CA,AWP,WE,Federal Contract Tower,0,13,33,0,46,0,15,11,0,26,0,28,44,0,72,24,0,24,96
03/03/2001,MOD,CA,AWP,WE,Federal Contract Tower,0,14,35,2,51,0,33,19,0,52,0,47,54,2,103,30,0,30,133
03/04/2001,MOD,CA,AWP,WE,Federal Contract Tower,0,5,11,0,16,0,13,6,0,19,0,18,17,0,35,2,0,2,37
03/05/2001,MOD,CA,AWP,WE,Federal Contract Tower,0,14,32,0,46,0,13,14,0,27,0,27,46,0,73,36,0,36,109
03/06/2001,MOD,CA,AWP,WE,Federal Contract Tower,0,10,24,1,35,0,17,82,1,100,0,27,106,2,135,82,0,82,217
03/07/2001,MOD,CA,AWP,WE,Federal Contract Tower,0,15,37,2,54,0,23,110,0,133,0,38,147,2,187,54,0,54,241
03/08/2001,MOD,CA,AWP,WE,Federal Contract Tower,0,22,53,2,77,0,14,84,2,100,0,36,137,4,177,79,0,79,256
03/09/2001,MOD,CA,AWP,WE,Federal Contract Tower,0,10,24,1,35,0,19,68,1,88,0,29,92,2,123,70,0,70,193
03/10/2001,MOD,CA,AWP,WE,Federal Contract Tower,0,19,46,0,65,0,25,154,0,179,0,44,200,0,244,204,0,204,448
03/11/2001,MOD,CA,AWP,WE,Federal Contract Tower,0,11,24,0,35,0,41,140,0,181,0,52,164,0,216,116,0,116,332
03/12/2001,MOD,CA,AWP,WE,Federal Contract Tower,0,11,26,0,37,0,32,128,0,160,0,43,154,0,197,104,0,104,301
03/13/2001,MOD,CA,AWP,WE,Federal Contract Tower,0,18,43,0,61,0,59,154,0,213,0,77,197,0,274,134,0,134,408
03/14/2001,MOD,CA,AWP,WE,Federal Contract Tower,0,14,35,0,49,0,27,155,0,182,0,41,190,0,231,116,0,116,347
03/15/2001,MOD,CA,AWP,WE,Federal Contract Tower,0,16,39,2,57,0,32,98,0,130,0,48,137,2,187,98,0,98,285
03/16/2001,MOD,CA,AWP,WE,Federal Contract Tower,0,9,21,1,31,0,50,107,1,158,0,59,128,2,189,58,0,58,247
03/17/2001,MOD,CA,AWP,WE,Federal Contract Tower,0,13,31,0,44,0,41,167,0,208,0,54,198,0,252,93,0,93,345
03/18/2001,MOD,CA,AWP,WE,Federal Contract Tower,0,10,25,0,35,0,44,167,0,211,0,54,192,0,246,122,0,122,368
03/19/2001,MOD,CA,AWP,WE,Federal Contract Tower,0,11,25,0,36,0,17,76,0,93,0,28,101,0,129,69,0,69,198
03/20/2001,MOD,CA,AWP,WE,Federal Contract Tower,0,15,36,0,51,0,31,93,0,124,0,46,129,0,175,132,0,132,307
03/21/2001,MOD,CA,AWP,WE,Federal Contract Tower,0,18,45,0,63,0,37,111,0,148,0,55,156,0,211,124,0,124,335
03/22/2001,MOD,CA,AWP,WE,Federal Contract Tower,0,12,27,0,39,0,41,119,0,160,0,53,146,0,199,107,0,107,306
03/23/2001,MOD,CA,AWP,WE,Federal Contract Tower,0,11,27,0,38,0,17,83,0,100,0,28,110,0,138,96,0,96,234
03/24/2001,MOD,CA,AWP,WE,Federal Contract Tower,0,8,18,0,26,0,30,88,0,118,0,38,106,0,144,156,0,156,300
03/25/2001,MOD,CA,AWP,WE,Federal Contract Tower,0,8,20,0,28,0,25,128,0,153,0,33,148,0,181,46,0,46,227
03/26/2001,MOD,CA,AWP,WE,Federal Contract Tower,0,8,21,0,29,0,22,99,0,121,0,30,120,0,150,50,0,50,200
03/27/2001,MOD,CA,AWP,WE,Federal Contract Tower,0,12,30,0,42,0,29,106,2,137,0,41,136,2,179,98,0,98,277
03/28/2001,MOD,CA,AWP,WE,Federal Contract Tower,0,17,41,1,59,0,27,126,1,154,0,44,167,2,213,102,0,102,315
03/29/2001,MOD,CA,AWP,WE,Federal Contract Tower,0,16,41,1,58,0,32,137,1,170,0,48,178,2,228,70,2,72,300
03/30/2001,MOD,CA,AWP,WE,Federal Contract Tower,0,14,35,1,50,0,38,119,5,162,0,52,154,6,212,122,0,122,334
03/31/2001,MOD,CA,AWP,WE,Federal Contract Tower,0,8,18,0,26,0,46,168,4,218,0,54,186,4,244,142,0,142,386
04/01/2001,MOD,CA,AWP,WE,Federal Contract Tower,0,9,10,0,19,0,32,127,4,163,0,41,137,4,182,68,0,68,250
04/02/2001,MOD,CA,AWP,WE,Federal Contract Tower,0,10,20,0,30,0,30,103,0,133,0,40,123,0,163,22,0,22,185
04/03/2001,MOD,CA,AWP,WE,Federal Contract Tower,0,15,46,0,61,0,30,141,0,171,0,45,187,0,232,176,0,176,408
04/04/2001,MOD,CA,AWP,WE,Federal Contract Tower,0,17,25,4,46,0,23,138,0,161,0,40,163,4,207,100,4,104,311
04/05/2001,MOD,CA,AWP,WE,Federal Contract Tower,0,7,31,1,39,0,33,138,0,171,0,40,169,1,210,72,2,74,284
04/06/2001,MOD,CA,AWP,WE,Federal Contract Tower,0,13,20,0,33,0,41,39,0,80,0,54,59,0,113,30,0,30,143
04/07/2001,MOD,CA,AWP,WE,Federal Contract Tower,0,9,30,8,47,0,35,57,8,100,0,44,87,16,147,32,0,32,179
04/08/2001,MOD,CA,AWP,WE,Federal Contract Tower,0,11,25,0,36,0,28,94,2,124,0,39,119,2,160,44,0,44,204
04/09/2001,MOD,CA,AWP,WE,Federal Contract Tower,0,10,33,6,49,0,20,45,0,65,0,30,78,6,114,62,0,62,176
04/10/2001,MOD,CA,AWP,WE,Federal Contract Tower,0,10,26,2,38,0,45,154,0,199,0,55,180,2,237,88,0,88,325
04/11/2001,MOD,CA,AWP,WE,Federal Contract Tower,0,13,44,2,59,0,48,57,0,105,0,61,101,2,164,129,0,129,293
04/12/2001,MOD,CA,AWP,WE,Federal Contract Tower,0,12,18,0,30,0,32,138,0,170,0,44,156,0,200,66,0,66,266
04/13/2001,MOD,CA,AWP,WE,Federal Contract Tower,0,11,28,0,39,0,41,119,0,160,0,52,147,0,199,126,0,126,325
04/14/2001,MOD,CA,AWP,WE,Federal Contract Tower,0,9,15,0,24,0,25,147,0,172,0,34,162,0,196,104,0,104,300
04/15/2001,MOD,CA,AWP,WE,Federal Contract Tower,0,11,12,0,23,0,27,106,0,133,0,38,118,0,156,34,0,34,190
04/16/2001,MOD,CA,AWP,WE,Federal Contract Tower,0,9,30,0,39,0,33,114,0,147,0,42,144,0,186,50,0,50,236
04/17/2001,MOD,CA,AWP,WE,Federal Contract Tower,0,13,43,2,58,0,33,121,0,154,0,46,164,2,212,144,6,150,362
04/18/2001,MOD,CA,AWP,WE,Federal Contract Tower,0,14,33,2,49,0,22,119,0,141,0,36,152,2,190,76,0,76,266
04/19/2001,MOD,CA,AWP,WE,Federal Contract Tower,0,12,40,0,52,0,13,60,0,73,0,25,100,0,125,57,0,57,182
04/20/2001,MOD,CA,AWP,WE,Federal Contract Tower,0,15,39,6,60,0,36,27,0,63,0,51,66,6,123,34,0,34,157
04/21/2001,MOD,CA,AWP,WE,Federal Contract Tower,0,15,26,2,43,0,19,38,0,57,0,34,64,2,100,86,2,88,188
04/22/2001,MOD,CA,AWP,WE,Federal Contract Tower,0,7,12,0,19,0,36,116,0,152,0,43,128,0,171,70,0,70,241
04/23/2001,MOD,CA,AWP,WE,Federal Contract Tower,0,8,18,0,26,0,26,134,0,160,0,34,152,0,186,89,0,89,275
04/24/2001,MOD,CA,AWP,WE,Federal Contract Tower,0,8,35,4,47,0,40,156,0,196,0,48,191,4,243,181,6,187,430
04/25/2001,MOD,CA,AWP,WE,Federal Contract Tower,0,16,25,2,43,0,32,113,0,145,0,48,138,2,188,106,0,106,294
04/26/2001,MOD,CA,AWP,WE,Federal Contract Tower,0,12,34,0,46,0,43,136,0,179,0,55,170,0,225,158,0,158,383
04/27/2001,MOD,CA,AWP,WE,Federal Contract Tower,0,9,23,0,32,0,37,117,0,154,0,46,140,0,186,114,0,114,300
04/28/2001,MOD,CA,AWP,WE,Federal Contract Tower,0,10,16,0,26,0,33,80,0,113,0,43,96,0,139,16,0,16,155
04/29/2001,MOD,CA,AWP,WE,Federal Contract Tower,0,8,10,0,18,0,19,126,0,145,0,27,136,0,163,20,0,20,183
04/30/2001,MOD,CA,AWP,WE,Federal Contract Tower,0,8,14,0,22,0,25,123,0,148,0,33,137,0,170,158,0,158,328
05/01/2001,MOD,CA,AWP,WE,Federal Contract Tower,0,12,38,0,50,0,39,107,0,146,0,51,145,0,196,84,0,84,280
05/02/2001,MOD,CA,AWP,WE,Federal Contract Tower,0,12,18,0,30,0,31,71,0,102,0,43,89,0,132,4,0,4,136
05/03/2001,MOD,CA,AWP,WE,Federal Contract Tower,0,10,18,0,28,0,24,123,0,147,0,34,141,0,175,118,0,118,293
05/04/2001,MOD,CA,AWP,WE,Federal Contract Tower,0,20,32,4,56,0,22,125,0,147,0,42,157,4,203,146,0,146,349
05/05/2001,MOD,CA,AWP,WE,Federal Contract Tower,0,12,16,8,36,0,46,145,0,191,0,58,161,8,227,98,0,98,325
05/06/2001,MOD,CA,AWP,WE,Federal Contract Tower,0,13,24,0,37,0,19,140,0,159,0,32,164,0,196,92,0,92,288
05/07/2001,MOD,CA,AWP,WE,Federal Contract Tower,0,12,24,0,36,0,20,103,0,123,0,32,127,0,159,108,0,108,267
05/08/2001,MOD,CA,AWP,WE,Federal Contract Tower,0,8,44,2,54,0,41,93,0,134,0,49,137,2,188,172,0,172,360
05/09/2001,MOD,CA,AWP,WE,Federal Contract Tower,0,15,48,0,63,0,41,140,0,181,0,56,188,0,244,136,0,136,380
05/10/2001,MOD,CA,AWP,WE,Federal Contract Tower,0,12,50,2,64,0,24,97,0,121,0,36,147,2,185,145,0,145,330
05/11/2001,MOD,CA,AWP,WE,Federal Contract Tower,0,10,23,0,33,0,37,113,8,158,0,47,136,8,191,94,0,94,285
05/12/2001,MOD,CA,AWP,WE,Federal Contract Tower,0,9,12,0,21,0,37,128,2,167,0,46,140,2,188,120,0,120,308
05/13/2001,MOD,CA,AWP,WE,Federal Contract Tower,0,8,8,0,16,0,16,127,0,143,0,24,135,0,159,78,0,78,237
05/14/2001,MOD,CA,AWP,WE,Federal Contract Tower,0,11,24,0,35,0,29,99,0,128,0,40,123,0,163,64,0,64,227
05/15/2001,MOD,CA,AWP,WE,Federal Contract Tower,0,22,46,2,70,0,41,135,0,176,0,63,181,2,246,64,0,64,310
05/16/2001,MOD,CA,AWP,WE,Federal Contract Tower,0,14,44,2,60,0,40,120,0,160,0,54,164,2,220,74,0,74,294
05/17/2001,MOD,CA,AWP,WE,Federal Contract Tower,0,17,36,2,55,0,33,117,0,150,0,50,153,2,205,32,0,32,237
05/18/2001,MOD,CA,AWP,WE,Federal Contract Tower,0,9,27,0,36,0,43,123,0,166,0,52,150,0,202,98,0,98,300
05/19/2001,MOD,CA,AWP,WE,Federal Contract Tower,0,11,16,0,27,0,41,128,0,169,0,52,144,0,196,146,0,146,342
05/20/2001,MOD,CA,AWP,WE,Federal Contract Tower,0,9,15,2,26,0,30,131,0,161,0,39,146,2,187,94,0,94,281
05/21/2001,MOD,CA,AWP,WE,Federal Contract Tower,0,13,12,0,25,0,21,146,0,167,0,34,158,0,192,72,0,72,264
05/22/2001,MOD,CA,AWP,WE,Federal Contract Tower,0,12,14,0,26,0,21,155,0,176,0,33,169,0,202,126,0,126,328
05/23/2001,MOD,CA,AWP,WE,Federal Contract Tower,0,10,30,0,40,0,32,119,0,151,0,42,149,0,191,52,0,52,243
05/24/2001,MOD,CA,AWP,WE,Federal Contract Tower,0,12,41,0,53,0,26,88,0,114,0,38,129,0,167,37,0,37,204
05/25/2001,MOD,CA,AWP,WE,Federal Contract Tower,0,15,39,2,56,0,50,144,0,194,0,65,183,2,250,92,0,92,342
05/26/2001,MOD,CA,AWP,WE,Federal Contract Tower,0,8,24,0,32,0,50,99,0,149,0,58,123,0,181,82,0,82,263
05/27/2001,MOD,CA,AWP,WE,Federal Contract Tower,0,10,17,0,27,0,49,99,0,148,0,59,116,0,175,68,0,68,243
05/28/2001,MOD,CA,AWP,WE,Federal Contract Tower,0,11,33,0,44,0,31,111,0,142,0,42,144,0,186,76,0,76,262
05/29/2001,MOD,CA,AWP,WE,Federal Contract Tower,0,9,29,0,38,0,25,124,0,149,0,34,153,0,187,81,0,81,268
05/30/2001,MOD,CA,AWP,WE,Federal Contract Tower,0,11,36,2,49,0,25,115,0,140,0,36,151,2,189,84,2,86,275
05/31/2001,MOD,CA,AWP,WE,Federal Contract Tower,0,12,48,0,60,0,28,124,0,152,0,40,172,0,212,113,0,113,325
06/01/2001,MOD,CA,AWP,WE,Federal Contract Tower,0,11,27,8,46,0,31,148,0,179,0,42,175,8,225,86,4,90,315
06/02/2001,MOD,CA,AWP,WE,Federal Contract Tower,0,8,20,0,28,0,21,103,0,124,0,29,123,0,152,122,0,122,274
06/03/2001,MOD,CA,AWP,WE,Federal Contract Tower,0,8,22,0,30,0,19,120,0,139,0,27,142,0,169,30,0,30,199
06/04/2001,MOD,CA,AWP,WE,Federal Contract Tower,0,12,29,0,41,0,24,114,0,138,0,36,143,0,179,70,0,70,249
06/05/2001,MOD,CA,AWP,WE,Federal Contract Tower,0,11,22,0,33,0,26,173,0,199,0,37,195,0,232,79,0,79,311
06/06/2001,MOD,CA,AWP,WE,Federal Contract Tower,0,12,30,0,42,0,35,136,2,173,0,47,166,2,215,135,0,135,350
06/07/2001,MOD,CA,AWP,WE,Federal Contract Tower,0,12,28,2,42,0,37,155,0,192,0,49,183,2,234,20,0,20,254
06/08/2001,MOD,CA,AWP,WE,Federal Contract Tower,0,12,44,3,59,0,30,119,1,150,0,42,163,4,209,76,1,77,286
06/09/2001,MOD,CA,AWP,WE,Federal Contract Tower,0,7,5,0,12,0,37,253,3,293,0,44,258,3,305,42,0,42,347
06/10/2001,MOD,CA,AWP,WE,Federal Contract Tower,0,14,12,0,26,0,34,203,0,237,0,48,215,0,263,62,0,62,325
06/11/2001,MOD,CA,AWP,WE,Federal Contract Tower,0,9,15,0,24,0,50,88,0,138,0,59,103,0,162,114,0,114,276
06/12/2001,MOD,CA,AWP,WE,Federal Contract Tower,0,14,20,0,34,0,30,126,0,156,0,44,146,0,190,132,0,132,322
06/13/2001,MOD,CA,AWP,WE,Federal Contract Tower,0,16,32,0,48,0,19,127,0,146,0,35,159,0,194,30,0,30,224
06/14/2001,MOD,CA,AWP,WE,Federal Contract Tower,0,14,34,0,48,0,40,156,0,196,0,54,190,0,244,114,0,114,358
06/15/2001,MOD,CA,AWP,WE,Federal Contract Tower,0,13,36,2,51,0,38,109,0,147,0,51,145,2,198,122,0,122,320
06/16/2001,MOD,CA,AWP,WE,Federal Contract Tower,0,8,14,0,22,0,53,150,0,203,0,61,164,0,225,126,0,126,351
06/17/2001,MOD,CA,AWP,WE,Federal Contract Tower,0,8,11,0,19,0,41,141,0,182,0,49,152,0,201,60,0,60,261
06/18/2001,MOD,CA,AWP,WE,Federal Contract Tower,0,16,34,0,50,0,22,102,0,124,0,38,136,0,174,56,0,56,230
06/19/2001,MOD,CA,AWP,WE,Federal Contract Tower,0,12,8,2,22,0,26,134,0,160,0,38,142,2,182,63,2,65,247
06/20/2001,MOD,CA,AWP,WE,Federal Contract Tower,0,18,31,0,49,0,28,108,0,136,0,46,139,0,185,100,0,100,285
06/21/2001,MOD,CA,AWP,WE,Federal Contract Tower,0,10,13,0,23,0,32,139,0,171,0,42,152,0,194,84,0,84,278
06/22/2001,MOD,CA,AWP,WE,Federal Contract Tower,0,13,11,0,24,0,49,141,0,190,0,62,152,0,214,121,0,121,335
06/23/2001,MOD,CA,AWP,WE,Federal Contract Tower,0,9,18,0,27,0,45,154,0,199,0,54,172,0,226,92,0,92,318
06/24/2001,MOD,CA,AWP,WE,Federal Contract Tower,0,14,18,0,32,0,36,154,0,190,0,50,172,0,222,78,0,78,300
06/25/2001,MOD,CA,AWP,WE,Federal Contract Tower,0,8,11,0,19,0,29,122,0,151,0,37,133,0,170,56,0,56,226
06/26/2001,MOD,CA,AWP,WE,Federal Contract Tower,0,10,46,0,56,0,54,162,0,216,0,64,208,0,272,88,0,88,360
06/27/2001,MOD,CA,AWP,WE,Federal Contract Tower,0,10,35,0,45,0,34,113,2,149,0,44,148,2,194,90,0,90,284
06/28/2001,MOD,CA,AWP,WE,Federal Contract Tower,0,18,35,0,53,0,44,135,0,179,0,62,170,0,232,58,0,58,290
06/29/2001,MOD,CA,AWP,WE,Federal Contract Tower,0,9,16,0,25,0,44,155,2,201,0,53,171,2,226,62,0,62,288
06/30/2001,MOD,CA,AWP,WE,Federal Contract Tower,0,10,16,0,26,0,47,105,0,152,0,57,121,0,178,76,0,76,254
07/01/2001,MOD,CA,AWP,WE,Federal Contract Tower,0,12,10,0,22,0,38,120,0,158,0,50,130,0,180,76,0,76,256
07/02/2001,MOD,CA,AWP,WE,Federal Contract Tower,0,12,6,0,18,0,17,131,0,148,0,29,137,0,166,84,0,84,250
07/03/2001,MOD,CA,AWP,WE,Federal Contract Tower,0,10,21,8,39,0,49,142,0,191,0,59,163,8,230,92,0,92,322
07/04/2001,MOD,CA,AWP,WE,Federal Contract Tower,0,12,12,0,24,0,22,117,0,139,0,34,129,0,163,62,0,62,225
07/05/2001,MOD,CA,AWP,WE,Federal Contract Tower,0,11,22,0,33,0,25,121,0,146,0,36,143,0,179,86,0,86,265
07/06/2001,MOD,CA,AWP,WE,Federal Contract Tower,0,10,18,0,28,0,33,118,8,159,0,43,136,8,187,64,0,64,251
07/07/2001,MOD,CA,AWP,WE,Federal Contract Tower,0,12,53,0,65,0,28,89,0,117,0,40,142,0,182,162,0,162,344
07/08/2001,MOD,CA,AWP,WE,Federal Contract Tower,0,13,32,0,45,0,25,117,0,142,0,38,149,0,187,100,0,100,287
07/09/2001,MOD,CA,AWP,WE,Federal Contract Tower,0,10,20,0,30,0,15,133,0,148,0,25,153,0,178,94,0,94,272
07/10/2001,MOD,CA,AWP,WE,Federal Contract Tower,0,11,10,0,21,0,43,142,2,187,0,54,152,2,208,145,0,145,353
07/11/2001,MOD,CA,AWP,WE,Federal Contract Tower,0,10,24,0,34,0,23,147,0,170,0,33,171,0,204,96,0,96,300
07/12/2001,MOD,CA,AWP,WE,Federal Contract Tower,0,13,49,4,66,0,41,122,3,166,0,54,171,7,232,122,0,122,354
07/13/2001,MOD,CA,AWP,WE,Federal Contract Tower,0,17,13,4,34,0,25,145,0,170,0,42,158,4,204,106,0,106,310
07/14/2001,MOD,CA,AWP,WE,Federal Contract Tower,0,10,40,0,50,0,28,98,0,126,0,38,138,0,176,98,0,98,274
07/15/2001,MOD,CA,AWP,WE,Federal Contract Tower,0,8,9,2,19,0,23,97,0,120,0,31,106,2,139,140,0,140,279
07/16/2001,MOD,CA,AWP,WE,Federal Contract Tower,0,10,22,4,36,0,30,113,0,143,0,40,135,4,179,96,0,96,275
07/17/2001,MOD,CA,AWP,WE,Federal Contract Tower,0,14,30,0,44,0,35,179,0,214,0,49,209,0,258,244,0,244,502
07/18/2001,MOD,CA,AWP,WE,Federal Contract Tower,0,10,19,2,31,0,37,162,0,199,0,47,181,2,230,126,2,128,358
07/19/2001,MOD,CA,AWP,WE,Federal Contract Tower,0,8,25,0,33,0,25,118,0,143,0,33,143,0,176,92,0,92,268
07/20/2001,MOD,CA,AWP,WE,Federal Contract Tower,0,8,32,4,44,0,23,114,0,137,0,31,146,4,181,49,0,49,230
07/21/2001,MOD,CA,AWP,WE,Federal Contract Tower,0,7,16,4,27,0,43,137,0,180,0,50,153,4,207,66,4,70,277
07/22/2001,MOD,CA,AWP,WE,Federal Contract Tower,0,8,16,0,24,0,39,170,0,209,0,47,186,0,233,82,0,82,315
07/23/2001,MOD,CA,AWP,WE,Federal Contract Tower,0,10,12,0,22,0,39,173,0,212,0,49,185,0,234,206,0,206,440
07/24/2001,MOD,CA,AWP,WE,Federal Contract Tower,0,12,34,2,48,0,45,157,0,202,0,57,191,2,250,266,0,266,516
07/25/2001,MOD,CA,AWP,WE,Federal Contract Tower,0,12,30,0,42,0,45,140,2,187,0,57,170,2,229,148,0,148,377
07/26/2001,MOD,CA,AWP,WE,Federal Contract Tower,0,12,35,2,49,0,26,128,5,159,0,38,163,7,208,146,0,146,354
07/27/2001,MOD,CA,AWP,WE,Federal Contract Tower,0,11,24,0,35,0,43,146,0,189,0,54,170,0,224,90,0,90,314
07/28/2001,MOD,CA,AWP,WE,Federal Contract Tower,0,8,14,2,24,0,43,112,0,155,0,51,126,2,179,88,0,88,267
07/29/2001,MOD,CA,AWP,WE,Federal Contract Tower,0,9,10,0,19,0,28,113,0,141,0,37,123,0,160,76,0,76,236
07/30/2001,MOD,CA,AWP,WE,Federal Contract Tower,0,11,25,0,36,0,23,94,8,125,0,34,119,8,161,28,0,28,189
07/31/2001,MOD,CA,AWP,WE,Federal Contract Tower,0,10,18,2,30,0,35,124,4,163,0,45,142,6,193,112,0,112,305
08/01/2001,MOD,CA,AWP,WE,Federal Contract Tower,0,8,17,0,25,0,41,133,0,174,0,49,150,0,199,74,0,74,273
08/02/2001,MOD,CA,AWP,WE,Federal Contract Tower,0,6,16,0,22,0,28,144,2,174,0,34,160,2,196,136,0,136,332
08/03/2001,MOD,CA,AWP,WE,Federal Contract Tower,0,6,20,4,30,0,27,115,2,144,0,33,135,6,174,52,0,52,226
08/04/2001,MOD,CA,AWP,WE,Federal Contract Tower,0,8,41,0,49,0,21,117,0,138,0,29,158,0,187,56,0,56,243
08/05/2001,MOD,CA,AWP,WE,Federal Contract Tower,0,11,15,0,26,0,29,128,8,165,0,40,143,8,191,114,0,114,305
08/06/2001,MOD,CA,AWP,WE,Federal Contract Tower,0,10,15,0,25,0,47,83,0,130,0,57,98,0,155,26,0,26,181
08/07/2001,MOD,CA,AWP,WE,Federal Contract Tower,0,10,18,0,28,0,51,98,0,149,0,61,116,0,177,73,0,73,250
08/08/2001,MOD,CA,AWP,WE,Federal Contract Tower,0,12,12,0,24,0,35,108,0,143,0,47,120,0,167,134,0,134,301
08/09/2001,MOD,CA,AWP,WE,Federal Contract Tower,0,9,31,0,40,0,16,158,0,174,0,25,189,0,214,146,0,146,360
08/10/2001,MOD,CA,AWP,WE,Federal Contract Tower,0,10,32,6,48,0,41,129,0,170,0,51,161,6,218,74,0,74,292
08/11/2001,MOD,CA,AWP,WE,Federal Contract Tower,0,10,24,0,34,0,27,134,0,161,0,37,158,0,195,178,0,178,373
08/12/2001,MOD,CA,AWP,WE,Federal Contract Tower,0,5,8,0,13,0,36,123,2,161,0,41,131,2,174,118,0,118,292
08/13/2001,MOD,CA,AWP,WE,Federal Contract Tower,0,10,35,0,45,0,56,78,2,136,0,66,113,2,181,100,0,100,281
08/14/2001,MOD,CA,AWP,WE,Federal Contract Tower,0,13,30,0,43,0,44,127,0,171,0,57,157,0,214,106,0,106,320
08/15/2001,MOD,CA,AWP,WE,Federal Contract Tower,0,12,40,0,52,0,38,103,6,147,0,50,143,6,199,80,0,80,279
08/16/2001,MOD,CA,AWP,WE,Federal Contract Tower,0,8,20,0,28,0,17,138,0,155,0,25,158,0,183,137,0,137,320
08/17/2001,MOD,CA,AWP,WE,Federal Contract Tower,0,10,17,0,27,0,28,140,0,168,0,38,157,0,195,112,0,112,307
08/18/2001,MOD,CA,AWP,WE,Federal Contract Tower,0,10,48,0,58,0,36,112,0,148,0,46,160,0,206,124,0,124,330
08/19/2001,MOD,CA,AWP,WE,Federal Contract Tower,0,8,18,4,30,0,37,107,0,144,0,45,125,4,174,146,2,148,322
08/20/2001,MOD,CA,AWP,WE,Federal Contract Tower,0,7,52,10,69,0,36,125,0,161,0,43,177,10,230,70,2,72,302
08/21/2001,MOD,CA,AWP,WE,Federal Contract Tower,0,14,45,0,59,0,48,118,0,166,0,62,163,0,225,114,0,114,339
08/22/2001,MOD,CA,AWP,WE,Federal Contract Tower,0,12,22,0,34,0,42,129,2,173,0,54,151,2,207,64,0,64,271
08/23/2001,MOD,CA,AWP,WE,Federal Contract Tower,0,11,30,0,41,0,31,135,0,166,0,42,165,0,207,86,0,86,293
08/24/2001,MOD,CA,AWP,WE,Federal Contract Tower,0,18,37,0,55,0,26,163,4,193,0,44,200,4,248,132,0,132,380
08/25/2001,MOD,CA,AWP,WE,Federal Contract Tower,0,10,22,0,32,0,26,160,0,186,0,36,182,0,218,214,0,214,432
08/26/2001,MOD,CA,AWP,WE,Federal Contract Tower,0,15,13,0,28,0,40,128,0,168,0,55,141,0,196,112,0,112,308
08/27/2001,MOD,CA,AWP,WE,Federal Contract Tower,0,14,38,0,52,0,45,96,0,141,0,59,134,0,193,110,0,110,303
08/28/2001,MOD,CA,AWP,WE,Federal Contract Tower,0,9,25,0,34,0,32,122,2,156,0,41,147,2,190,109,2,111,301
08/29/2001,MOD,CA,AWP,WE,Federal Contract Tower,0,12,41,2,55,0,41,125,2,168,0,53,166,4,223,98,2,100,323
08/30/2001,MOD,CA,AWP,WE,Federal Contract Tower,0,10,26,4,40,0,18,157,0,175,0,28,183,4,215,142,0,142,357
08/31/2001,MOD,CA,AWP,WE,Federal Contract Tower,0,13,42,0,55,0,46,114,0,160,0,59,156,0,215,126,0,126,341
09/01/2001,MOD,CA,AWP,WE,Federal Contract Tower,0,7,9,0,16,0,18,135,0,153,0,25,144,0,169,102,0,102,271
09/02/2001,MOD,CA,AWP,WE,Federal Contract Tower,0,8,8,0,16,0,25,93,0,118,0,33,101,0,134,78,0,78,212
09/03/2001,MOD,CA,AWP,WE,Federal Contract Tower,0,14,23,0,37,0,45,143,0,188,0,59,166,0,225,76,0,76,301
09/04/2001,MOD,CA,AWP,WE,Federal Contract Tower,0,15,34,2,51,0,55,112,0,167,0,70,146,2,218,120,0,120,338
09/05/2001,MOD,CA,AWP,WE,Federal Contract Tower,0,18,16,0,34,0,51,157,0,208,0,69,173,0,242,30,0,30,272
09/06/2001,MOD,CA,AWP,WE,Federal Contract Tower,0,13,50,2,65,0,34,152,0,186,0,47,202,2,251,132,0,132,383
09/07/2001,MOD,CA,AWP,WE,Federal Contract Tower,0,14,42,0,56,0,27,109,0,136,0,41,151,0,192,80,0,80,272
09/08/2001,MOD,CA,AWP,WE,Federal Contract Tower,0,8,14,0,22,0,21,134,0,155,0,29,148,0,177,110,0,110,287
09/09/2001,MOD,CA,AWP,WE,Federal Contract Tower,0,7,1,0,8,0,13,110,4,127,0,20,111,4,135,38,0,38,173
09/10/2001,MOD,CA,AWP,WE,Federal Contract Tower,0,10,26,0,36,0,42,95,0,137,0,52,121,0,173,36,0,36,209
09/11/2001,MOD,CA,AWP,WE,Federal Contract Tower,0,0,1,0,1,0,18,0,0,18,0,18,1,0,19,2,0,2,21
09/12/2001,MOD,CA,AWP,WE,Federal Contract Tower,0,0,1,0,1,0,17,14,0,31,0,17,15,0,32,0,0,0,32
09/13/2001,MOD,CA,AWP,WE,Federal Contract Tower,0,5,1,0,6,0,13,6,0,19,0,18,7,0,25,0,0,0,25
09/14/2001,MOD,CA,AWP,WE,Federal Contract Tower,0,17,6,0,23,0,8,7,0,15,0,25,13,0,38,0,0,0,38
09/15/2001,MOD,CA,AWP,WE,Federal Contract Tower,0,15,20,0,35,0,25,12,0,37,0,40,32,0,72,0,0,0,72
09/16/2001,MOD,CA,AWP,WE,Federal Contract Tower,0,13,14,0,27,0,11,8,0,19,0,24,22,0,46,2,0,2,48
09/17/2001,MOD,CA,AWP,WE,Federal Contract Tower,0,18,30,0,48,0,16,31,0,47,0,34,61,0,95,8,0,8,103
09/18/2001,MOD,CA,AWP,WE,Federal Contract Tower,0,23,56,0,79,0,25,1,0,26,0,48,57,0,105,11,0,11,116
09/19/2001,MOD,CA,AWP,WE,Federal Contract Tower,0,22,75,8,105,0,32,20,4,56,0,54,95,12,161,6,2,8,169
09/20/2001,MOD,CA,AWP,WE,Federal Contract Tower,0,13,46,0,59,0,18,56,6,80,0,31,102,6,139,16,0,16,155
09/21/2001,MOD,CA,AWP,WE,Federal Contract Tower,0,12,25,0,37,0,28,91,0,119,0,40,116,0,156,20,0,20,176
09/22/2001,MOD,CA,AWP,WE,Federal Contract Tower,0,8,46,0,54,0,23,72,0,95,0,31,118,0,149,118,0,118,267
09/23/2001,MOD,CA,AWP,WE,Federal Contract Tower,0,13,29,0,42,0,21,95,0,116,0,34,124,0,158,52,0,52,210
09/24/2001,MOD,CA,AWP,WE,Federal Contract Tower,0,12,26,0,38,0,37,63,0,100,0,49,89,0,138,38,0,38,176
09/25/2001,MOD,CA,AWP,WE,Federal Contract Tower,0,20,27,0,47,0,30,111,0,141,0,50,138,0,188,85,0,85,273
09/26/2001,MOD,CA,AWP,WE,Federal Contract Tower,0,17,35,2,54,0,26,69,0,95,0,43,104,2,149,32,0,32,181
09/27/2001,MOD,CA,AWP,WE,Federal Contract Tower,0,13,30,0,43,0,10,100,0,110,0,23,130,0,153,72,0,72,225
09/28/2001,MOD,CA,AWP,WE,Federal Contract Tower,0,12,36,2,50,0,28,132,0,160,0,40,168,2,210,114,0,114,324
09/29/2001,MOD,CA,AWP,WE,Federal Contract Tower,0,6,18,4,28,0,40,108,0,148,0,46,126,4,176,116,0,116,292
09/30/2001,MOD,CA,AWP,WE,Federal Contract Tower,0,14,8,2,24,0,19,81,0,100,0,33,89,2,124,104,0,104,228
10/01/2001,MOD,CA,AWP,WE,Federal Contract Tower,0,15,11,0,26,0,46,51,0,97,0,61,62,0,123,44,0,44,167
10/02/2001,MOD,CA,AWP,WE,Federal Contract Tower,0,19,38,0,57,0,38,97,0,135,0,57,135,0,192,130,0,130,322
10/03/2001,MOD,CA,AWP,WE,Federal Contract Tower,0,16,20,0,36,0,34,115,0,149,0,50,135,0,185,60,0,60,245
10/04/2001,MOD,CA,AWP,WE,Federal Contract Tower,0,10,39,0,49,0,23,112,0,135,0,33,151,0,184,32,0,32,216
10/05/2001,MOD,CA,AWP,WE,Federal Contract Tower,0,14,22,0,36,0,28,105,0,133,0,42,127,0,169,96,0,96,265
10/06/2001,MOD,CA,AWP,WE,Federal Contract Tower,0,10,24,0,34,0,23,86,0,109,0,33,110,0,143,144,0,144,287
10/07/2001,MOD,CA,AWP,WE,Federal Contract Tower,0,7,14,0,21,0,31,82,0,113,0,38,96,0,134,137,0,137,271
10/08/2001,MOD,CA,AWP,WE,Federal Contract Tower,0,9,22,0,31,0,28,80,0,108,0,37,102,0,139,78,0,78,217
10/09/2001,MOD,CA,AWP,WE,Federal Contract Tower,0,12,18,0,30,0,33,111,0,144,0,45,129,0,174,144,0,144,318
10/10/2001,MOD,CA,AWP,WE,Federal Contract Tower,0,13,36,2,51,2,42,108,0,152,2,55,144,2,203,148,2,150,353
10/11/2001,MOD,CA,AWP,WE,Federal Contract Tower,0,10,30,2,42,0,10,110,0,120,0,20,140,2,162,96,2,98,260
10/12/2001,MOD,CA,AWP,WE,Federal Contract Tower,0,11,60,2,73,0,25,85,0,110,0,36,145,2,183,150,0,150,333
10/13/2001,MOD,CA,AWP,WE,Federal Contract Tower,0,12,22,0,34,0,30,169,0,199,0,42,191,0,233,178,0,178,411
10/14/2001,MOD,CA,AWP,WE,Federal Contract Tower,0,10,15,0,25,0,25,136,0,161,0,35,151,0,186,154,0,154,340
10/15/2001,MOD,CA,AWP,WE,Federal Contract Tower,0,19,24,8,51,0,26,64,0,90,0,45,88,8,141,68,0,68,209
10/16/2001,MOD,CA,AWP,WE,Federal Contract Tower,0,10,42,0,52,0,46,98,0,144,0,56,140,0,196,124,0,124,320
10/17/2001,MOD,CA,AWP,WE,Federal Contract Tower,0,14,35,2,51,0,36,97,0,133,0,50,132,2,184,70,6,76,260
10/18/2001,MOD,CA,AWP,WE,Federal Contract Tower,0,10,16,0,26,0,22,148,0,170,0,32,164,0,196,80,0,80,276
10/19/2001,MOD,CA,AWP,WE,Federal Contract Tower,0,13,21,2,36,0,25,135,0,160,0,38,156,2,196,122,0,122,318
10/20/2001,MOD,CA,AWP,WE,Federal Contract Tower,0,10,10,0,20,0,30,155,0,185,0,40,165,0,205,156,0,156,361
10/21/2001,MOD,CA,AWP,WE,Federal Contract Tower,0,12,14,0,26,0,32,80,0,112,0,44,94,0,138,22,0,22,160
10/22/2001,MOD,CA,AWP,WE,Federal Contract Tower,0,14,30,6,50,0,31,57,0,88,0,45,87,6,138,48,8,56,194
10/23/2001,MOD,CA,AWP,WE,Federal Contract Tower,0,13,35,0,48,0,38,123,0,161,0,51,158,0,209,80,0,80,289
10/24/2001,MOD,CA,AWP,WE,Federal Contract Tower,0,14,67,6,87,0,30,89,0,119,0,44,156,6,206,102,0,102,308
10/25/2001,MOD,CA,AWP,WE,Federal Contract Tower,0,9,20,0,29,0,29,126,0,155,0,38,146,0,184,184,0,184,368
10/26/2001,MOD,CA,AWP,WE,Federal Contract Tower,0,10,34,0,44,0,28,118,0,146,0,38,152,0,190,158,0,158,348
10/27/2001,MOD,CA,AWP,WE,Federal Contract Tower,0,8,16,0,24,0,31,118,0,149,0,39,134,0,173,116,0,116,289
10/28/2001,MOD,CA,AWP,WE,Federal Contract Tower,0,8,16,0,24,0,34,68,0,102,0,42,84,0,126,108,0,108,234
10/29/2001,MOD,CA,AWP,WE,Federal Contract Tower,0,14,38,0,52,0,34,93,0,127,0,48,131,0,179,98,0,98,277
10/30/2001,MOD,CA,AWP,WE,Federal Contract Tower,0,12,44,0,56,0,27,23,0,50,0,39,67,0,106,22,0,22,128
10/31/2001,MOD,CA,AWP,WE,Federal Contract Tower,0,16,48,6,70,0,25,83,0,108,0,41,131,6,178,97,0,97,275
11/01/2001,MOD,CA,AWP,WE,Federal Contract Tower,0,11,23,2,36,0,24,150,20,194,0,35,173,22,230,74,0,74,304
11/02/2001,MOD,CA,AWP,WE,Federal Contract Tower,0,8,19,2,29,0,32,102,2,136,0,40,121,4,165,64,2,66,231
11/03/2001,MOD,CA,AWP,WE,Federal Contract Tower,0,28,57,4,89,0,2,75,2,79,0,30,132,6,168,110,6,116,284
11/04/2001,MOD,CA,AWP,WE,Federal Contract Tower,0,7,8,0,15,0,43,118,0,161,0,50,126,0,176,78,0,78,254
11/05/2001,MOD,CA,AWP,WE,Federal Contract Tower,0,15,29,4,48,0,24,64,0,88,0,39,93,4,136,42,0,42,178
11/06/2001,MOD,CA,AWP,WE,Federal Contract Tower,0,17,25,2,44,0,29,120,0,149,0,46,145,2,193,70,0,70,263
11/07/2001,MOD,CA,AWP,WE,Federal Contract Tower,0,17,26,4,47,0,28,132,0,160,0,45,158,4,207,102,0,102,309
11/08/2001,MOD,CA,AWP,WE,Federal Contract Tower,0,13,38,2,53,0,26,96,0,122,0,39,134,2,175,72,0,72,247
11/09/2001,MOD,CA,AWP,WE,Federal Contract Tower,0,12,20,0,32,0,20,94,0,114,0,32,114,0,146,90,0,90,236
11/10/2001,MOD,CA,AWP,WE,Federal Contract Tower,0,8,21,0,29,0,8,113,0,121,0,16,134,0,150,132,0,132,282
11/11/2001,MOD,CA,AWP,WE,Federal Contract Tower,0,6,5,0,11,0,22,33,0,55,0,28,38,0,66,16,0,16,82
11/12/2001,MOD,CA,AWP,WE,Federal Contract Tower,0,15,13,0,28,0,14,4,0,18,0,29,17,0,46,10,0,10,56
11/13/2001,MOD,CA,AWP,WE,Federal Contract Tower,0,15,61,0,76,0,24,21,0,45,0,39,82,0,121,50,0,50,171
11/14/2001,MOD,CA,AWP,WE,Federal Contract Tower,0,21,58,0,79,0,22,49,0,71,0,43,107,0,150,68,0,68,218
11/15/2001,MOD,CA,AWP,WE,Federal Contract Tower,0,16,42,0,58,0,16,89,0,105,0,32,131,0,163,64,0,64,227
11/16/2001,MOD,CA,AWP,WE,Federal Contract Tower,0,18,47,0,65,0,12,67,0,79,0,30,114,0,144,60,0,60,204
11/17/2001,MOD,CA,AWP,WE,Federal Contract Tower,0,13,41,0,54,0,21,40,0,61,0,34,81,0,115,58,0,58,173
11/18/2001,MOD,CA,AWP,WE,Federal Contract Tower,0,9,8,0,17,0,10,39,0,49,0,19,47,0,66,40,0,40,106
11/19/2001,MOD,CA,AWP,WE,Federal Contract Tower,0,17,31,2,50,0,22,50,0,72,0,39,81,2,122,16,0,16,138
11/20/2001,MOD,CA,AWP,WE,Federal Contract Tower,0,26,42,0,68,0,25,16,0,41,0,51,58,0,109,68,0,68,177
11/21/2001,MOD,CA,AWP,WE,Federal Contract Tower,0,41,71,4,116,0,0,1,0,1,0,41,72,4,117,0,2,2,119
11/22/2001,MOD,CA,AWP,WE,Federal Contract Tower,0,7,1,0,8,0,5,15,0,20,0,12,16,0,28,0,0,0,28
11/23/2001,MOD,CA,AWP,WE,Federal Contract Tower,0,10,13,2,25,0,22,106,0,128,0,32,119,2,153,74,2,76,229
11/24/2001,MOD,CA,AWP,WE,Federal Contract Tower,0,10,4,0,14,0,12,7,0,19,0,22,11,0,33,20,0,20,53
11/25/2001,MOD,CA,AWP,WE,Federal Contract Tower,0,6,19,0,25,0,24,61,0,85,0,30,80,0,110,90,0,90,200
11/26/2001,MOD,CA,AWP,WE,Federal Contract Tower,0,15,47,0,62,0,19,46,0,65,0,34,93,0,127,116,0,116,243
11/27/2001,MOD,CA,AWP,WE,Federal Contract Tower,0,14,36,0,50,0,37,100,0,137,0,51,136,0,187,100,0,100,287
11/28/2001,MOD,CA,AWP,WE,Federal Contract Tower,0,27,28,2,57,0,18,26,0,44,0,45,54,2,101,28,2,30,131
11/29/2001,MOD,CA,AWP,WE,Federal Contract Tower,0,24,36,2,62,0,13,50,0,63,0,37,86,2,125,46,0,46,171
11/30/2001,MOD,CA,AWP,WE,Federal Contract Tower,0,19,39,2,60,0,13,90,0,103,0,32,129,2,163,102,0,102,265
12/01/2001,MOD,CA,AWP,WE,Federal Contract Tower,0,11,21,0,32,0,13,19,0,32,0,24,40,0,64,68,0,68,132
12/02/2001,MOD,CA,AWP,WE,Federal Contract Tower,0,14,14,0,28,0,10,8,0,18,0,24,22,0,46,0,0,0,46
12/03/2001,MOD,CA,AWP,WE,Federal Contract Tower,0,15,35,0,50,0,32,76,0,108,0,47,111,0,158,74,0,74,232
12/04/2001,MOD,CA,AWP,WE,Federal Contract Tower,0,18,52,0,70,0,31,65,0,96,0,49,117,0,166,110,0,110,276
12/05/2001,MOD,CA,AWP,WE,Federal Contract Tower,0,17,38,10,65,0,29,45,0,74,0,46,83,10,139,29,0,29,168
12/06/2001,MOD,CA,AWP,WE,Federal Contract Tower,0,18,45,2,65,0,10,111,0,121,0,28,156,2,186,160,0,160,346
12/07/2001,MOD,CA,AWP,WE,Federal Contract Tower,0,13,42,0,55,0,17,107,0,124,0,30,149,0,179,182,0,182,361
12/08/2001,MOD,CA,AWP,WE,Federal Contract Tower,0,7,15,0,22,0,23,77,0,100,0,30,92,0,122,98,0,98,220
12/09/2001,MOD,CA,AWP,WE,Federal Contract Tower,0,4,11,0,15,0,19,42,0,61,0,23,53,0,76,17,0,17,93
12/10/2001,MOD,CA,AWP,WE,Federal Contract Tower,0,15,30,4,49,0,28,78,0,106,0,43,108,4,155,59,0,59,214
12/11/2001,MOD,CA,AWP,WE,Federal Contract Tower,0,11,28,2,41,0,45,100,0,145,0,56,128,2,186,128,0,128,314
12/12/2001,MOD,CA,AWP,WE,Federal Contract Tower,0,13,81,2,96,0,19,73,0,92,0,32,154,2,188,149,2,151,339
12/13/2001,MOD,CA,AWP,WE,Federal Contract Tower,0,10,37,1,48,0,11,56,1,68,0,21,93,2,116,56,0,56,172
12/14/2001,MOD,CA,AWP,WE,Federal Contract Tower,0,11,20,0,31,0,8,58,0,66,0,19,78,0,97,44,0,44,141
12/15/2001,MOD,CA,AWP,WE,Federal Contract Tower,0,8,21,0,29,0,22,108,0,130,0,30,129,0,159,126,0,126,285
12/16/2001,MOD,CA,AWP,WE,Federal Contract Tower,0,10,20,0,30,0,21,68,0,89,0,31,88,0,119,118,0,118,237
12/17/2001,MOD,CA,AWP,WE,Federal Contract Tower,0,20,32,2,54,0,14,24,0,38,0,34,56,2,92,8,0,8,100
12/18/2001,MOD,CA,AWP,WE,Federal Contract Tower,0,29,21,0,50,0,16,87,0,103,0,45,108,0,153,134,0,134,287
12/19/2001,MOD,CA,AWP,WE,Federal Contract Tower,0,36,32,4,72,0,0,0,0,0,0,36,32,4,72,0,0,0,72
12/20/2001,MOD,CA,AWP,WE,Federal Contract Tower,0,15,20,0,35,0,8,32,2,42,0,23,52,2,77,0,0,0,77
12/21/2001,MOD,CA,AWP,WE,Federal Contract Tower,0,15,32,0,47,0,16,78,0,94,0,31,110,0,141,116,0,116,257
12/22/2001,MOD,CA,AWP,WE,Federal Contract Tower,0,13,16,0,29,0,23,18,0,41,0,36,34,0,70,46,0,46,116
12/23/2001,MOD,CA,AWP,WE,Federal Contract Tower,0,9,22,0,31,0,29,52,0,81,0,38,74,0,112,76,0,76,188
12/24/2001,MOD,CA,AWP,WE,Federal Contract Tower,0,9,18,0,27,0,10,38,0,48,0,19,56,0,75,50,0,50,125
12/25/2001,MOD,CA,AWP,WE,Federal Contract Tower,0,15,15,0,30,0,0,0,0,0,0,15,15,0,30,0,0,0,30
12/26/2001,MOD,CA,AWP,WE,Federal Contract Tower,0,28,53,0,81,0,14,17,0,31,0,42,70,0,112,30,0,30,142
12/27/2001,MOD,CA,AWP,WE,Federal Contract Tower,0,14,27,0,41,0,20,61,3,84,0,34,88,3,125,112,0,112,237
12/28/2001,MOD,CA,AWP,WE,Federal Contract Tower,0,28,43,0,71,0,1,0,0,1,0,29,43,0,72,12,0,12,84
12/29/2001,MOD,CA,AWP,WE,Federal Contract Tower,0,15,26,0,41,0,12,1,0,13,0,27,27,0,54,4,0,4,58
12/30/2001,MOD,CA,AWP,WE,Federal Contract Tower,0,11,13,0,24,0,6,8,0,14,0,17,21,0,38,2,0,2,40
12/31/2001,MOD,CA,AWP,WE,Federal Contract Tower,0,17,32,0,49,0,6,9,0,15,0,23,41,0,64,24,0,24,88
01/01/2002,MOD,CA,AWP,WE,Federal Contract Tower,0,15,15,0,30,0,12,8,0,20,0,27,23,0,50,12,0,12,62
01/02/2002,MOD,CA,AWP,WE,Federal Contract Tower,0,22,33,0,55,0,9,17,0,26,0,31,50,0,81,0,0,0,81
01/03/2002,MOD,CA,AWP,WE,Federal Contract Tower,0,12,40,2,54,0,14,124,0,138,0,26,164,2,192,134,0,134,326
01/04/2002,MOD,CA,AWP,WE,Federal Contract Tower,0,18,19,0,37,0,7,30,0,37,0,25,49,0,74,52,0,52,126
01/05/2002,MOD,CA,AWP,WE,Federal Contract Tower,0,14,15,0,29,0,5,14,0,19,0,19,29,0,48,48,0,48,96
01/06/2002,MOD,CA,AWP,WE,Federal Contract Tower,0,26,39,0,65,0,0,22,0,22,0,26,61,0,87,26,0,26,113
01/07/2002,MOD,CA,AWP,WE,Federal Contract Tower,0,11,16,0,27,0,11,4,0,15,0,22,20,0,42,4,0,4,46
01/08/2002,MOD,CA,AWP,WE,Federal Contract Tower,0,22,33,0,55,0,11,39,0,50,0,33,72,0,105,50,0,50,155
01/09/2002,MOD,CA,AWP,WE,Federal Contract Tower,0,22,28,0,50,0,11,73,0,84,0,33,101,0,134,52,0,52,186
01/10/2002,MOD,CA,AWP,WE,Federal Contract Tower,0,15,28,0,43,0,8,35,0,43,0,23,63,0,86,82,0,82,168
01/11/2002,MOD,CA,AWP,WE,Federal Contract Tower,0,17,40,2,59,0,0,0,0,0,0,17,40,2,59,0,0,0,59
01/12/2002,MOD,CA,AWP,WE,Federal Contract Tower,0,23,19,0,42,0,0,0,0,0,0,23,19,0,42,0,0,0,42
01/13/2002,MOD,CA,AWP,WE,Federal Contract Tower,0,12,61,0,73,0,33,39,0,72,0,45,100,0,145,76,0,76,221
01/14/2002,MOD,CA,AWP,WE,Federal Contract Tower,0,27,37,0,64,0,8,32,0,40,0,35,69,0,104,36,0,36,140
01/15/2002,MOD,CA,AWP,WE,Federal Contract Tower,0,15,18,0,33,0,26,130,0,156,0,41,148,0,189,152,0,152,341
01/16/2002,MOD,CA,AWP,WE,Federal Contract Tower,0,17,42,0,59,0,20,61,0,81,0,37,103,0,140,92,0,92,232
01/17/2002,MOD,CA,AWP,WE,Federal Contract Tower,0,12,16,0,28,0,12,57,0,69,0,24,73,0,97,78,0,78,175
01/18/2002,MOD,CA,AWP,WE,Federal Contract Tower,0,13,28,0,41,0,20,130,0,150,0,33,158,0,191,110,0,110,301
01/19/2002,MOD,CA,AWP,WE,Federal Contract Tower,0,15,23,0,38,0,13,75,0,88,0,28,98,0,126,92,0,92,218
01/20/2002,MOD,CA,AWP,WE,Federal Contract Tower,0,7,28,0,35,0,24,55,0,79,0,31,83,0,114,62,0,62,176
01/21/2002,MOD,CA,AWP,WE,Federal Contract Tower,0,12,29,0,41,0,16,45,0,61,0,28,74,0,102,130,0,130,232
01/22/2002,MOD,CA,AWP,WE,Federal Contract Tower,0,11,34,0,45,0,6,66,0,72,0,17,100,0,117,134,0,134,251
01/23/2002,MOD,CA,AWP,WE,Federal Contract Tower,0,12,36,0,48,0,9,115,0,124,0,21,151,0,172,70,0,70,242
01/24/2002,MOD,CA,AWP,WE,Federal Contract Tower,0,10,26,2,38,0,12,106,0,118,0,22,132,2,156,162,2,164,320
01/25/2002,MOD,CA,AWP,WE,Federal Contract Tower,0,9,26,0,35,0,19,88,0,107,0,28,114,0,142,160,0,160,302
01/26/2002,MOD,CA,AWP,WE,Federal Contract Tower,0,11,21,0,32,0,18,16,0,34,0,29,37,0,66,0,0,0,66
01/27/2002,MOD,CA,AWP,WE,Federal Contract Tower,0,10,26,0,36,0,30,48,0,78,0,40,74,0,114,76,0,76,190
01/28/2002,MOD,CA,AWP,WE,Federal Contract Tower,0,8,10,2,20,0,29,19,0,48,0,37,29,2,68,22,0,22,90
01/29/2002,MOD,CA,AWP,WE,Federal Contract Tower,0,11,31,4,46,0,15,46,0,61,0,26,77,4,107,60,2,62,169
01/30/2002,MOD,CA,AWP,WE,Federal Contract Tower,0,10,41,0,51,0,29,112,0,141,0,39,153,0,192,34,0,34,226
01/31/2002,MOD,CA,AWP,WE,Federal Contract Tower,0,10,22,0,32,0,18,81,0,99,0,28,103,0,131,104,0,104,235
02/01/2002,MOD,CA,AWP,WE,Federal Contract Tower,0,13,40,0,53,0,13,70,2,85,0,26,110,2,138,116,0,116,254
02/02/2002,MOD,CA,AWP,WE,Federal Contract Tower,0,12,27,4,43,0,21,101,0,122,0,33,128,4,165,164,0,164,329
02/03/2002,MOD,CA,AWP,WE,Federal Contract Tower,0,10,16,0,26,0,26,52,0,78,0,36,68,0,104,52,0,52,156
02/04/2002,MOD,CA,AWP,WE,Federal Contract Tower,0,6,27,0,33,0,46,76,0,122,0,52,103,0,155,84,0,84,239
02/05/2002,MOD,CA,AWP,WE,Federal Contract Tower,0,13,43,0,56,0,27,88,10,125,0,40,131,10,181,119,0,119,300
02/06/2002,MOD,CA,AWP,WE,Federal Contract Tower,0,22,41,0,63,0,13,54,0,67,0,35,95,0,130,106,0,106,236
02/07/2002,MOD,CA,AWP,WE,Federal Contract Tower,0,17,48,2,67,0,16,39,0,55,0,33,87,2,122,20,2,22,144
02/08/2002,MOD,CA,AWP,WE,Federal Contract Tower,0,12,46,0,58,0,23,106,0,129,0,35,152,0,187,142,0,142,329
02/09/2002,MOD,CA,AWP,WE,Federal Contract Tower,0,9,14,0,23,0,22,153,0,175,0,31,167,0,198,209,0,209,407
02/10/2002,MOD,CA,AWP,WE,Federal Contract Tower,0,10,23,0,33,0,21,109,0,130,0,31,132,0,163,74,0,74,237
02/11/2002,MOD,CA,AWP,WE,Federal Contract Tower,0,11,38,10,59,0,39,81,0,120,0,50,119,10,179,96,0,96,275
02/12/2002,MOD,CA,AWP,WE,Federal Contract Tower,0,14,14,4,32,0,34,145,2,181,0,48,159,6,213,126,0,126,339
02/13/2002,MOD,CA,AWP,WE,Federal Contract Tower,0,10,56,0,66,0,40,93,0,133,0,50,149,0,199,96,0,96,295
02/14/2002,MOD,CA,AWP,WE,Federal Contract Tower,0,10,32,0,42,0,23,107,0,130,0,33,139,0,172,112,0,112,284
02/15/2002,MOD,CA,AWP,WE,Federal Contract Tower,0,17,47,0,64,0,14,52,0,66,0,31,99,0,130,90,0,90,220
02/16/2002,MOD,CA,AWP,WE,Federal Contract Tower,0,9,19,0,28,0,19,92,0,111,0,28,111,0,139,102,0,102,241
02/17/2002,MOD,CA,AWP,WE,Federal Contract Tower,0,11,15,0,26,0,20,43,0,63,0,31,58,0,89,138,0,138,227
02/18/2002,MOD,CA,AWP,WE,Federal Contract Tower,0,11,34,0,45,0,28,96,0,124,0,39,130,0,169,114,0,114,283
02/19/2002,MOD,CA,AWP,WE,Federal Contract Tower,0,18,36,0,54,0,26,23,0,49,0,44,59,0,103,14,0,14,117
02/20/2002,MOD,CA,AWP,WE,Federal Contract Tower,0,10,26,0,36,0,15,80,0,95,0,25,106,0,131,102,0,102,233
02/21/2002,MOD,CA,AWP,WE,Federal Contract Tower,0,11,41,2,54,0,18,67,0,85,0,29,108,2,139,100,6,106,245
02/22/2002,MOD,CA,AWP,WE,Federal Contract Tower,0,19,53,0,72,0,19,26,0,45,0,38,79,0,117,48,0,48,165
02/23/2002,MOD,CA,AWP,WE,Federal Contract Tower,0,9,48,0,57,0,24,104,0,128,0,33,152,0,185,129,0,129,314
02/24/2002,MOD,CA,AWP,WE,Federal Contract Tower,0,7,16,0,23,0,38,115,0,153,0,45,131,0,176,117,0,117,293
02/25/2002,MOD,CA,AWP,WE,Federal Contract Tower,0,13,27,0,40,0,29,100,0,129,0,42,127,0,169,62,0,62,231
02/26/2002,MOD,CA,AWP,WE,Federal Contract Tower,0,13,14,0,27,0,21,116,14,151,0,34,130,14,178,155,0,155,333
02/27/2002,MOD,CA,AWP,WE,Federal Contract Tower,0,13,30,0,43,0,17,110,0,127,0,30,140,0,170,134,0,134,304
02/28/2002,MOD,CA,AWP,WE,Federal Contract Tower,0,10,12,0,22,0,11,113,2,126,0,21,125,2,148,52,0,52,200
03/01/2002,MOD,CA,AWP,WE,Federal Contract Tower,0,11,24,0,35,0,26,98,0,124,0,37,122,0,159,42,0,42,201
03/02/2002,MOD,CA,AWP,WE,Federal Contract Tower,0,12,8,4,24,0,18,172,0,190,0,30,180,4,214,186,0,186,400
03/03/2002,MOD,CA,AWP,WE,Federal Contract Tower,0,10,30,0,40,0,22,108,0,130,0,32,138,0,170,111,0,111,281
03/04/2002,MOD,CA,AWP,WE,Federal Contract Tower,0,13,24,0,37,0,50,88,0,138,0,63,112,0,175,40,0,40,215
03/05/2002,MOD,CA,AWP,WE,Federal Contract Tower,0,19,26,0,45,0,45,86,0,131,0,64,112,0,176,155,0,155,331
03/06/2002,MOD,CA,AWP,WE,Federal Contract Tower,0,22,32,0,54,0,28,40,0,68,0,50,72,0,122,0,0,0,122
03/07/2002,MOD,CA,AWP,WE,Federal Contract Tower,0,11,21,2,34,0,12,44,0,56,0,23,65,2,90,40,2,42,132
03/08/2002,MOD,CA,AWP,WE,Federal Contract Tower,0,11,35,0,46,0,27,129,0,156,0,38,164,0,202,110,0,110,312
03/09/2002,MOD,CA,AWP,WE,Federal Contract Tower,0,8,24,0,32,0,26,139,0,165,0,34,163,0,197,156,0,156,353
03/10/2002,MOD,CA,AWP,WE,Federal Contract Tower,0,11,24,0,35,0,25,47,0,72,0,36,71,0,107,40,0,40,147
03/11/2002,MOD,CA,AWP,WE,Federal Contract Tower,0,11,30,0,41,0,32,77,0,109,0,43,107,0,150,52,0,52,202
03/12/2002,MOD,CA,AWP,WE,Federal Contract Tower,0,16,36,0,52,0,29,70,0,99,0,45,106,0,151,104,0,104,255
03/13/2002,MOD,CA,AWP,WE,Federal Contract Tower,0,16,18,0,34,0,31,85,0,116,0,47,103,0,150,30,0,30,180
03/14/2002,MOD,CA,AWP,WE,Federal Contract Tower,0,12,33,2,47,0,24,128,0,152,0,36,161,2,199,56,2,58,257
03/15/2002,MOD,CA,AWP,WE,Federal Contract Tower,0,8,20,0,28,0,17,98,0,115,0,25,118,0,143,46,0,46,189
03/16/2002,MOD,CA,AWP,WE,Federal Contract Tower,0,8,21,0,29,0,23,83,0,106,0,31,104,0,135,168,0,168,303
03/17/2002,MOD,CA,AWP,WE,Federal Contract Tower,0,10,20,0,30,0,20,19,0,39,0,30,39,0,69,8,0,8,77
03/18/2002,MOD,CA,AWP,WE,Federal Contract Tower,0,8,42,0,50,0,39,85,0,124,0,47,127,0,174,130,0,130,304
03/19/2002,MOD,CA,AWP,WE,Federal Contract Tower,0,10,25,0,35,0,42,121,0,163,0,52,146,0,198,152,0,152,350
03/20/2002,MOD,CA,AWP,WE,Federal Contract Tower,0,9,40,0,49,0,39,123,0,162,0,48,163,0,211,132,0,132,343
03/21/2002,MOD,CA,AWP,WE,Federal Contract Tower,0,7,32,0,39,0,15,130,0,145,0,22,162,0,184,214,0,214,398
03/22/2002,MOD,CA,AWP,WE,Federal Contract Tower,0,21,47,0,68,0,14,77,0,91,0,35,124,0,159,76,0,76,235
03/23/2002,MOD,CA,AWP,WE,Federal Contract Tower,0,12,22,0,34,0,22,24,0,46,0,34,46,0,80,36,0,36,116
03/24/2002,MOD,CA,AWP,WE,Federal Contract Tower,0,7,21,0,28,0,25,86,0,111,0,32,107,0,139,102,0,102,241
03/25/2002,MOD,CA,AWP,WE,Federal Contract Tower,0,12,55,0,67,0,39,108,0,147,0,51,163,0,214,122,0,122,336
03/26/2002,MOD,CA,AWP,WE,Federal Contract Tower,0,10,42,2,54,0,34,121,0,155,0,44,163,2,209,114,0,114,323
03/27/2002,MOD,CA,AWP,WE,Federal Contract Tower,0,8,23,6,37,0,39,134,0,173,0,47,157,6,210,121,2,123,333
03/28/2002,MOD,CA,AWP,WE,Federal Contract Tower,0,8,38,0,46,0,17,132,0,149,0,25,170,0,195,102,0,102,297
03/29/2002,MOD,CA,AWP,WE,Federal Contract Tower,0,8,32,0,40,0,36,117,0,153,0,44,149,0,193,134,0,134,327
03/30/2002,MOD,CA,AWP,WE,Federal Contract Tower,0,13,48,0,61,0,29,92,0,121,0,42,140,0,182,128,0,128,310
03/31/2002,MOD,CA,AWP,WE,Federal Contract Tower,0,6,24,0,30,0,24,94,0,118,0,30,118,0,148,116,0,116,264
04/01/2002,MOD,CA,AWP,WE,Federal Contract Tower,0,12,20,0,32,0,49,78,0,127,0,61,98,0,159,94,0,94,253
04/02/2002,MOD,CA,AWP,WE,Federal Contract Tower,0,12,45,2,59,0,40,76,0,116,0,52,121,2,175,91,2,93,268
04/03/2002,MOD,CA,AWP,WE,Federal Contract Tower,0,16,36,0,52,0,36,119,0,155,0,52,155,0,207,58,0,58,265
04/04/2002,MOD,CA,AWP,WE,Federal Contract Tower,0,19,36,0,55,0,8,74,2,84,0,27,110,2,139,34,0,34,173
04/05/2002,MOD,CA,AWP,WE,Federal Contract Tower,0,10,38,2,50,0,21,80,0,101,0,31,118,2,151,114,0,114,265
04/06/2002,MOD,CA,AWP,WE,Federal Contract Tower,0,8,30,0,38,0,26,99,0,125,0,34,129,0,163,106,0,106,269
04/07/2002,MOD,CA,AWP,WE,Federal Contract Tower,0,11,20,0,31,0,24,130,2,156,0,35,150,2,187,118,0,118,305
04/08/2002,MOD,CA,AWP,WE,Federal Contract Tower,0,10,28,2,40,0,33,64,0,97,0,43,92,2,137,64,0,64,201
04/09/2002,MOD,CA,AWP,WE,Federal Contract Tower,0,16,35,0,51,0,36,51,0,87,0,52,86,0,138,198,0,198,336
04/10/2002,MOD,CA,AWP,WE,Federal Contract Tower,0,9,45,0,54,0,24,96,0,120,0,33,141,0,174,62,0,62,236
04/11/2002,MOD,CA,AWP,WE,Federal Contract Tower,0,10,30,0,40,0,20,113,0,133,0,30,143,0,173,194,0,194,367
04/12/2002,MOD,CA,AWP,WE,Federal Contract Tower,0,10,22,0,32,0,19,87,0,106,0,29,109,0,138,102,0,102,240
04/13/2002,MOD,CA,AWP,WE,Federal Contract Tower,0,8,48,0,56,0,27,135,0,162,0,35,183,0,218,184,0,184,402
04/14/2002,MOD,CA,AWP,WE,Federal Contract Tower,0,8,22,0,30,0,23,117,0,140,0,31,139,0,170,82,0,82,252
04/15/2002,MOD,CA,AWP,WE,Federal Contract Tower,0,8,25,0,33,0,31,38,0,69,0,39,63,0,102,42,0,42,144
04/16/2002,MOD,CA,AWP,WE,Federal Contract Tower,0,9,18,0,27,0,22,58,0,80,0,31,76,0,107,78,0,78,185
04/17/2002,MOD,CA,AWP,WE,Federal Contract Tower,0,15,24,0,39,0,33,78,0,111,0,48,102,0,150,63,0,63,213
04/18/2002,MOD,CA,AWP,WE,Federal Contract Tower,0,15,16,0,31,0,10,112,0,122,0,25,128,0,153,34,0,34,187
04/19/2002,MOD,CA,AWP,WE,Federal Contract Tower,0,6,12,2,20,0,25,106,0,131,0,31,118,2,151,36,0,36,187
04/20/2002,MOD,CA,AWP,WE,Federal Contract Tower,0,8,20,0,28,0,13,88,0,101,0,21,108,0,129,22,0,22,151
04/21/2002,MOD,CA,AWP,WE,Federal Contract Tower,0,6,3,0,9,0,23,92,0,115,0,29,95,0,124,27,0,27,151
04/22/2002,MOD,CA,AWP,WE,Federal Contract Tower,0,14,22,0,36,0,43,119,16,178,0,57,141,16,214,72,0,72,286
04/23/2002,MOD,CA,AWP,WE,Federal Contract Tower,0,8,30,0,38,0,42,154,0,196,0,50,184,0,234,126,0,126,360
04/24/2002,MOD,CA,AWP,WE,Federal Contract Tower,0,10,19,0,29,0,30,127,0,157,0,40,146,0,186,44,0,44,230
04/25/2002,MOD,CA,AWP,WE,Federal Contract Tower,0,10,23,0,33,0,13,89,0,102,0,23,112,0,135,88,0,88,223
04/26/2002,MOD,CA,AWP,WE,Federal Contract Tower,0,18,29,0,47,0,22,53,0,75,0,40,82,0,122,68,0,68,190
04/27/2002,MOD,CA,AWP,WE,Federal Contract Tower,0,8,15,0,23,0,35,91,0,126,0,43,106,0,149,72,0,72,221
04/28/2002,MOD,CA,AWP,WE,Federal Contract Tower,0,8,20,0,28,0,30,71,0,101,0,38,91,0,129,76,0,76,205
04/29/2002,MOD,CA,AWP,WE,Federal Contract Tower,0,19,24,0,43,0,51,53,0,104,0,70,77,0,147,34,0,34,181
04/30/2002,MOD,CA,AWP,WE,Federal Contract Tower,0,16,14,2,32,0,41,63,2,106,0,57,77,4,138,83,4,87,225
05/01/2002,MOD,CA,AWP,WE,Federal Contract Tower,0,8,35,0,43,0,22,139,2,163,0,30,174,2,206,60,0,60,266
05/02/2002,MOD,CA,AWP,WE,Federal Contract Tower,0,8,17,0,25,0,15,116,0,131,0,23,133,0,156,36,0,36,192
05/03/2002,MOD,CA,AWP,WE,Federal Contract Tower,0,11,49,4,64,0,25,103,0,128,0,36,152,4,192,86,0,86,278
05/04/2002,MOD,CA,AWP,WE,Federal Contract Tower,0,7,22,0,29,0,38,141,0,179,0,45,163,0,208,10,0,10,218
05/05/2002,MOD,CA,AWP,WE,Federal Contract Tower,0,6,20,0,26,0,34,104,0,138,0,40,124,0,164,44,0,44,208
05/06/2002,MOD,CA,AWP,WE,Federal Contract Tower,0,11,51,0,62,0,19,70,0,89,0,30,121,0,151,98,0,98,249
05/07/2002,MOD,CA,AWP,WE,Federal Contract Tower,0,7,45,4,56,0,42,88,0,130,0,49,133,4,186,103,12,115,301
05/08/2002,MOD,CA,AWP,WE,Federal Contract Tower,0,6,56,0,62,0,24,78,0,102,0,30,134,0,164,78,0,78,242
05/09/2002,MOD,CA,AWP,WE,Federal Contract Tower,0,4,26,2,32,0,25,160,0,185,0,29,186,2,217,120,0,120,337
05/10/2002,MOD,CA,AWP,WE,Federal Contract Tower,0,12,39,0,51,0,33,116,0,149,0,45,155,0,200,112,0,112,312
05/11/2002,MOD,CA,AWP,WE,Federal Contract Tower,0,9,21,0,30,0,53,158,0,211,0,62,179,0,241,98,0,98,339
05/12/2002,MOD,CA,AWP,WE,Federal Contract Tower,0,6,12,0,18,0,39,114,0,153,0,45,126,0,171,58,0,58,229
05/13/2002,MOD,CA,AWP,WE,Federal Contract Tower,0,10,30,0,40,0,29,107,0,136,0,39,137,0,176,89,0,89,265
05/14/2002,MOD,CA,AWP,WE,Federal Contract Tower,0,9,22,0,31,0,32,98,0,130,0,41,120,0,161,68,0,68,229
05/15/2002,MOD,CA,AWP,WE,Federal Contract Tower,0,8,38,0,46,0,43,160,0,203,0,51,198,0,249,50,0,50,299
05/16/2002,MOD,CA,AWP,WE,Federal Contract Tower,0,9,34,0,43,0,17,95,0,112,0,26,129,0,155,14,0,14,169
05/17/2002,MOD,CA,AWP,WE,Federal Contract Tower,0,16,27,2,45,0,24,134,0,158,0,40,161,2,203,48,0,48,251
05/18/2002,MOD,CA,AWP,WE,Federal Contract Tower,0,9,32,0,41,0,26,119,0,145,0,35,151,0,186,116,0,116,302
05/19/2002,MOD,CA,AWP,WE,Federal Contract Tower,0,10,22,0,32,0,22,92,0,114,0,32,114,0,146,26,0,26,172
05/20/2002,MOD,CA,AWP,WE,Federal Contract Tower,0,11,22,0,33,0,25,26,0,51,0,36,48,0,84,36,0,36,120
05/21/2002,MOD,CA,AWP,WE,Federal Contract Tower,0,17,26,2,45,0,36,50,0,86,0,53,76,2,131,54,0,54,185
05/22/2002,MOD,CA,AWP,WE,Federal Contract Tower,0,19,32,0,51,0,32,153,0,185,0,51,185,0,236,40,0,40,276
05/23/2002,MOD,CA,AWP,WE,Federal Contract Tower,0,10,27,2,39,0,21,116,0,137,0,31,143,2,176,80,0,80,256
05/24/2002,MOD,CA,AWP,WE,Federal Contract Tower,0,16,18,0,34,0,20,142,0,162,0,36,160,0,196,26,0,26,222
05/25/2002,MOD,CA,AWP,WE,Federal Contract Tower,0,6,31,0,37,0,26,139,0,165,0,32,170,0,202,136,0,136,338
05/26/2002,MOD,CA,AWP,WE,Federal Contract Tower,0,11,21,0,32,0,29,101,0,130,0,40,122,0,162,38,0,38,200
05/27/2002,MOD,CA,AWP,WE,Federal Contract Tower,0,10,12,0,22,0,33,106,0,139,0,43,118,0,161,24,0,24,185
05/28/2002,MOD,CA,AWP,WE,Federal Contract Tower,0,9,30,0,39,0,41,68,0,109,0,50,98,0,148,77,0,77,225
05/29/2002,MOD,CA,AWP,WE,Federal Contract Tower,0,8,20,6,34,0,20,138,0,158,0,28,158,6,192,32,0,32,224
05/30/2002,MOD,CA,AWP,WE,Federal Contract Tower,0,12,30,2,44,0,24,129,0,153,0,36,159,2,197,52,0,52,249
05/31/2002,MOD,CA,AWP,WE,Federal Contract Tower,0,8,28,0,36,0,22,119,0,141,0,30,147,0,177,52,0,52,229
06/01/2002,MOD,CA,AWP,WE,Federal Contract Tower,0,10,14,0,24,0,34,106,0,140,0,44,120,0,164,138,0,138,302
06/02/2002,MOD,CA,AWP,WE,Federal Contract Tower,0,8,20,0,28,0,26,73,0,99,0,34,93,0,127,54,0,54,181
06/03/2002,MOD,CA,AWP,WE,Federal Contract Tower,0,7,32,5,44,0,48,65,0,113,0,55,97,5,157,56,4,60,217
06/04/2002,MOD,CA,AWP,WE,Federal Contract Tower,0,8,34,0,42,0,58,65,0,123,0,66,99,0,165,96,0,96,261
06/05/2002,MOD,CA,AWP,WE,Federal Contract Tower,0,15,31,0,46,0,42,104,0,146,0,57,135,0,192,76,0,76,268
06/06/2002,MOD,CA,AWP,WE,Federal Contract Tower,0,6,55,2,63,0,19,100,4,123,0,25,155,6,186,52,0,52,238
06/07/2002,MOD,CA,AWP,WE,Federal Contract Tower,0,8,40,0,48,0,23,121,0,144,0,31,161,0,192,124,0,124,316
06/08/2002,MOD,CA,AWP,WE,Federal Contract Tower,0,7,28,0,35,0,33,73,0,106,0,40,101,0,141,36,0,36,177
06/09/2002,MOD,CA,AWP,WE,Federal Contract Tower,0,7,30,0,37,0,28,47,0,75,0,35,77,0,112,24,0,24,136
06/10/2002,MOD,CA,AWP,WE,Federal Contract Tower,0,10,24,0,34,0,33,67,0,100,0,43,91,0,134,56,0,56,190
06/11/2002,MOD,CA,AWP,WE,Federal Contract Tower,0,11,40,0,51,0,65,141,0,206,0,76,181,0,257,99,0,99,356
06/12/2002,MOD,CA,AWP,WE,Federal Contract Tower,0,10,48,2,60,0,32,136,0,168,0,42,184,2,228,120,0,120,348
06/13/2002,MOD,CA,AWP,WE,Federal Contract Tower,0,12,40,0,52,0,30,137,2,169,0,42,177,2,221,76,0,76,297
06/14/2002,MOD,CA,AWP,WE,Federal Contract Tower,0,6,42,0,48,0,20,147,0,167,0,26,189,0,215,98,0,98,313
06/15/2002,MOD,CA,AWP,WE,Federal Contract Tower,0,9,26,0,35,0,40,260,14,314,0,49,286,14,349,221,0,221,570
06/16/2002,MOD,CA,AWP,WE,Federal Contract Tower,0,6,4,0,10,0,28,124,0,152,0,34,128,0,162,42,0,42,204
06/17/2002,MOD,CA,AWP,WE,Federal Contract Tower,0,8,35,0,43,0,23,131,0,154,0,31,166,0,197,40,0,40,237
06/18/2002,MOD,CA,AWP,WE,Federal Contract Tower,0,7,48,0,55,0,27,93,0,120,0,34,141,0,175,88,0,88,263
06/19/2002,MOD,CA,AWP,WE,Federal Contract Tower,0,8,40,0,48,0,7,126,0,133,0,15,166,0,181,82,0,82,263
06/20/2002,MOD,CA,AWP,WE,Federal Contract Tower,0,7,33,0,40,0,15,130,0,145,0,22,163,0,185,130,0,130,315
06/21/2002,MOD,CA,AWP,WE,Federal Contract Tower,0,8,30,2,40,0,56,145,0,201,0,64,175,2,241,72,2,74,315
06/22/2002,MOD,CA,AWP,WE,Federal Contract Tower,0,6,20,0,26,0,51,150,0,201,0,57,170,0,227,148,0,148,375
06/23/2002,MOD,CA,AWP,WE,Federal Contract Tower,0,10,10,0,20,0,37,106,0,143,0,47,116,0,163,66,0,66,229
06/24/2002,MOD,CA,AWP,WE,Federal Contract Tower,0,8,38,0,46,0,59,94,0,153,0,67,132,0,199,93,0,93,292
06/25/2002,MOD,CA,AWP,WE,Federal Contract Tower,0,12,34,2,48,0,41,95,2,138,0,53,129,4,186,87,0,87,273
06/26/2002,MOD,CA,AWP,WE,Federal Contract Tower,0,8,29,0,37,0,36,96,0,132,0,44,125,0,169,102,0,102,271
06/27/2002,MOD,CA,AWP,WE,Federal Contract Tower,0,10,12,0,22,0,42,126,0,168,0,52,138,0,190,32,0,32,222
06/28/2002,MOD,CA,AWP,WE,Federal Contract Tower,0,12,18,0,30,0,28,95,0,123,0,40,113,0,153,114,0,114,267
06/29/2002,MOD,CA,AWP,WE,Federal Contract Tower,0,7,16,0,23,0,37,125,0,162,0,44,141,0,185,116,0,116,301
06/30/2002,MOD,CA,AWP,WE,Federal Contract Tower,0,8,38,0,46,0,44,97,0,141,0,52,135,0,187,118,0,118,305
07/01/2002,MOD,CA,AWP,WE,Federal Contract Tower,0,7,18,0,25,0,37,89,0,126,0,44,107,0,151,96,0,96,247
07/02/2002,MOD,CA,AWP,WE,Federal Contract Tower,0,14,32,0,46,0,44,87,0,131,0,58,119,0,177,114,0,114,291
07/03/2002,MOD,CA,AWP,WE,Federal Contract Tower,0,7,14,0,21,0,49,126,0,175,0,56,140,0,196,50,0,50,246
07/04/2002,MOD,CA,AWP,WE,Federal Contract Tower,0,13,31,0,44,0,30,62,0,92,0,43,93,0,136,56,0,56,192
07/05/2002,MOD,CA,AWP,WE,Federal Contract Tower,0,6,12,0,18,0,41,116,0,157,0,47,128,0,175,106,0,106,281
07/06/2002,MOD,CA,AWP,WE,Federal Contract Tower,0,5,12,0,17,0,43,157,0,200,0,48,169,0,217,100,0,100,317
07/07/2002,MOD,CA,AWP,WE,Federal Contract Tower,0,9,25,1,35,0,38,139,1,178,0,47,164,2,213,64,0,64,277
07/08/2002,MOD,CA,AWP,WE,Federal Contract Tower,0,6,18,0,24,0,39,84,0,123,0,45,102,0,147,92,0,92,239
07/09/2002,MOD,CA,AWP,WE,Federal Contract Tower,0,7,19,0,26,0,38,150,0,188,0,45,169,0,214,64,0,64,278
07/10/2002,MOD,CA,AWP,WE,Federal Contract Tower,0,6,19,1,26,0,32,139,3,174,0,38,158,4,200,112,0,112,312
07/11/2002,MOD,CA,AWP,WE,Federal Contract Tower,0,8,24,1,33,0,18,105,5,128,0,26,129,6,161,26,0,26,187
07/12/2002,MOD,CA,AWP,WE,Federal Contract Tower,0,9,27,1,37,0,47,85,7,139,0,56,112,8,176,46,0,46,222
07/13/2002,MOD,CA,AWP,WE,Federal Contract Tower,0,10,29,0,39,0,20,130,0,150,0,30,159,0,189,162,0,162,351
07/14/2002,MOD,CA,AWP,WE,Federal Contract Tower,0,5,16,0,21,0,25,109,0,134,0,30,125,0,155,36,0,36,191
07/15/2002,MOD,CA,AWP,WE,Federal Contract Tower,0,8,22,0,30,0,41,78,0,119,0,49,100,0,149,72,0,72,221
07/16/2002,MOD,CA,AWP,WE,Federal Contract Tower,0,9,26,0,35,0,30,146,0,176,0,39,172,0,211,116,0,116,327
07/17/2002,MOD,CA,AWP,WE,Federal Contract Tower,0,13,37,0,50,0,16,130,0,146,0,29,167,0,196,134,0,134,330
07/18/2002,MOD,CA,AWP,WE,Federal Contract Tower,0,18,50,0,68,0,5,137,0,142,0,23,187,0,210,106,0,106,316
07/19/2002,MOD,CA,AWP,WE,Federal Contract Tower,0,10,28,1,39,0,36,131,1,168,0,46,159,2,207,74,2,76,283
07/20/2002,MOD,CA,AWP,WE,Federal Contract Tower,0,10,28,0,38,0,29,129,6,164,0,39,157,6,202,136,0,136,338
07/21/2002,MOD,CA,AWP,WE,Federal Contract Tower,0,8,24,0,32,0,36,127,0,163,0,44,151,0,195,106,0,106,301
07/22/2002,MOD,CA,AWP,WE,Federal Contract Tower,0,10,29,0,39,0,40,65,9,114,0,50,94,9,153,106,12,118,271
07/23/2002,MOD,CA,AWP,WE,Federal Contract Tower,0,10,31,0,41,0,52,131,0,183,0,62,162,0,224,128,0,128,352
07/24/2002,MOD,CA,AWP,WE,Federal Contract Tower,0,18,52,0,70,0,25,119,0,144,0,43,171,0,214,84,0,84,298
07/25/2002,MOD,CA,AWP,WE,Federal Contract Tower,0,8,24,0,32,0,15,157,2,174,0,23,181,2,206,112,2,114,320
07/26/2002,MOD,CA,AWP,WE,Federal Contract Tower,0,6,18,0,24,0,29,127,0,156,0,35,145,0,180,114,0,114,294
07/27/2002,MOD,CA,AWP,WE,Federal Contract Tower,0,5,15,0,20,0,38,155,0,193,0,43,170,0,213,62,0,62,275
07/28/2002,MOD,CA,AWP,WE,Federal Contract Tower,0,15,43,0,58,0,18,59,0,77,0,33,102,0,135,82,0,82,217
07/29/2002,MOD,CA,AWP,WE,Federal Contract Tower,0,19,56,0,75,0,47,54,0,101,0,66,110,0,176,84,0,84,260
07/30/2002,MOD,CA,AWP,WE,Federal Contract Tower,0,8,25,0,33,0,37,125,2,164,0,45,150,2,197,118,0,118,315
07/31/2002,MOD,CA,AWP,WE,Federal Contract Tower,0,11,66,0,77,0,34,107,0,141,0,45,173,0,218,94,0,94,312
08/01/2002,MOD,CA,AWP,WE,Federal Contract Tower,0,10,54,0,64,0,19,131,0,150,0,29,185,0,214,138,0,138,352
08/02/2002,MOD,CA,AWP,WE,Federal Contract Tower,0,8,54,0,62,0,23,124,0,147,0,31,178,0,209,102,0,102,311
08/03/2002,MOD,CA,AWP,WE,Federal Contract Tower,0,6,12,0,18,0,41,162,0,203,0,47,174,0,221,220,0,220,441
08/04/2002,MOD,CA,AWP,WE,Federal Contract Tower,0,8,22,0,30,0,35,93,2,130,0,43,115,2,160,64,0,64,224
08/05/2002,MOD,CA,AWP,WE,Federal Contract Tower,0,9,36,0,45,0,43,84,0,127,0,52,120,0,172,92,0,92,264
08/06/2002,MOD,CA,AWP,WE,Federal Contract Tower,0,10,23,0,33,0,67,97,0,164,0,77,120,0,197,123,0,123,320
08/07/2002,MOD,CA,AWP,WE,Federal Contract Tower,0,12,50,0,62,0,26,111,0,137,0,38,161,0,199,168,0,168,367
08/08/2002,MOD,CA,AWP,WE,Federal Contract Tower,0,7,42,0,49,0,23,106,0,129,0,30,148,0,178,116,0,116,294
08/09/2002,MOD,CA,AWP,WE,Federal Contract Tower,0,9,24,4,37,0,18,123,0,141,0,27,147,4,178,126,0,126,304
08/10/2002,MOD,CA,AWP,WE,Federal Contract Tower,0,6,36,0,42,0,32,134,0,166,0,38,170,0,208,214,0,214,422
08/11/2002,MOD,CA,AWP,WE,Federal Contract Tower,0,8,27,0,35,0,24,126,0,150,0,32,153,0,185,90,0,90,275
08/12/2002,MOD,CA,AWP,WE,Federal Contract Tower,0,7,26,2,35,0,46,60,0,106,0,53,86,2,141,81,2,83,224
08/13/2002,MOD,CA,AWP,WE,Federal Contract Tower,0,8,26,0,34,0,65,100,0,165,0,73,126,0,199,154,0,154,353
08/14/2002,MOD,CA,AWP,WE,Federal Contract Tower,0,8,40,0,48,0,34,61,0,95,0,42,101,0,143,120,0,120,263
08/15/2002,MOD,CA,AWP,WE,Federal Contract Tower,0,8,50,0,58,0,28,109,0,137,0,36,159,0,195,78,0,78,273
08/16/2002,MOD,CA,AWP,WE,Federal Contract Tower,0,7,22,0,29,0,25,100,0,125,0,32,122,0,154,72,0,72,226
08/17/2002,MOD,CA,AWP,WE,Federal Contract Tower,0,6,18,0,24,0,38,143,0,181,0,44,161,0,205,222,0,222,427
08/18/2002,MOD,CA,AWP,WE,Federal Contract Tower,0,8,9,0,17,0,42,94,0,136,0,50,103,0,153,74,0,74,227
08/19/2002,MOD,CA,AWP,WE,Federal Contract Tower,0,12,36,0,48,0,23,60,0,83,0,35,96,0,131,140,0,140,271
08/20/2002,MOD,CA,AWP,WE,Federal Contract Tower,0,12,52,2,66,0,45,113,0,158,0,57,165,2,224,138,8,146,370
08/21/2002,MOD,CA,AWP,WE,Federal Contract Tower,0,8,36,2,46,0,22,139,0,161,0,30,175,2,207,90,0,90,297
08/22/2002,MOD,CA,AWP,WE,Federal Contract Tower,0,8,14,0,22,0,27,121,0,148,0,35,135,0,170,100,0,100,270
08/23/2002,MOD,CA,AWP,WE,Federal Contract Tower,0,9,47,0,56,0,21,128,0,149,0,30,175,0,205,122,0,122,327
08/24/2002,MOD,CA,AWP,WE,Federal Contract Tower,0,10,20,0,30,0,23,124,0,147,0,33,144,0,177,124,0,124,301
08/25/2002,MOD,CA,AWP,WE,Federal Contract Tower,0,7,30,2,39,0,40,100,0,140,0,47,130,2,179,104,0,104,283
08/26/2002,MOD,CA,AWP,WE,Federal Contract Tower,0,10,30,0,40,0,29,100,0,129,0,39,130,0,169,124,0,124,293
08/27/2002,MOD,CA,AWP,WE,Federal Contract Tower,0,11,34,2,47,0,47,85,0,132,0,58,119,2,179,137,0,137,316
08/28/2002,MOD,CA,AWP,WE,Federal Contract Tower,0,9,42,2,53,0,21,107,0,128,0,30,149,2,181,105,0,105,286
08/29/2002,MOD,CA,AWP,WE,Federal Contract Tower,0,8,21,0,29,0,12,122,0,134,0,20,143,0,163,80,0,80,243
08/30/2002,MOD,CA,AWP,WE,Federal Contract Tower,0,10,72,0,82,0,35,139,0,174,0,45,211,0,256,88,0,88,344
08/31/2002,MOD,CA,AWP,WE,Federal Contract Tower,0,6,20,0,26,0,31,189,0,220,0,37,209,0,246,140,0,140,386
09/01/2002,MOD,CA,AWP,WE,Federal Contract Tower,0,7,33,0,40,0,55,88,0,143,0,62,121,0,183,106,0,106,289
09/02/2002,MOD,CA,AWP,WE,Federal Contract Tower,0,6,32,0,38,0,42,92,0,134,0,48,124,0,172,104,0,104,276
09/03/2002,MOD,CA,AWP,WE,Federal Contract Tower,0,6,33,0,39,0,29,87,0,116,0,35,120,0,155,92,0,92,247
09/04/2002,MOD,CA,AWP,WE,Federal Contract Tower,0,6,43,0,49,0,29,126,0,155,0,35,169,0,204,88,0,88,292
09/05/2002,MOD,CA,AWP,WE,Federal Contract Tower,0,13,56,0,69,0,25,142,0,167,0,38,198,0,236,62,0,62,298
09/06/2002,MOD,CA,AWP,WE,Federal Contract Tower,0,4,20,0,24,0,19,152,0,171,0,23,172,0,195,84,0,84,279
09/07/2002,MOD,CA,AWP,WE,Federal Contract Tower,0,6,30,0,36,0,26,135,0,161,0,32,165,0,197,100,0,100,297
09/08/2002,MOD,CA,AWP,WE,Federal Contract Tower,0,4,15,0,19,0,24,98,0,122,0,28,113,0,141,60,0,60,201
09/09/2002,MOD,CA,AWP,WE,Federal Contract Tower,0,8,26,0,34,0,39,90,4,133,0,47,116,4,167,107,2,109,276
09/10/2002,MOD,CA,AWP,WE,Federal Contract Tower,0,8,54,0,62,0,21,108,0,129,0,29,162,0,191,114,0,114,305
09/11/2002,MOD,CA,AWP,WE,Federal Contract Tower,0,5,45,2,52,0,42,131,0,173,0,47,176,2,225,66,0,66,291
09/12/2002,MOD,CA,AWP,WE,Federal Contract Tower,0,5,52,0,57,0,38,111,0,149,0,43,163,0,206,85,0,85,291
09/13/2002,MOD,CA,AWP,WE,Federal Contract Tower,0,6,24,0,30,0,17,174,0,191,0,23,198,0,221,134,0,134,355
09/14/2002,MOD,CA,AWP,WE,Federal Contract Tower,0,9,27,0,36,0,20,145,0,165,0,29,172,0,201,108,0,108,309
09/15/2002,MOD,CA,AWP,WE,Federal Contract Tower,0,9,37,0,46,0,36,102,0,138,0,45,139,0,184,58,0,58,242
09/16/2002,MOD,CA,AWP,WE,Federal Contract Tower,0,11,36,0,47,0,34,123,0,157,0,45,159,0,204,128,0,128,332
09/17/2002,MOD,CA,AWP,WE,Federal Contract Tower,0,10,24,0,34,0,68,143,0,211,0,78,167,0,245,105,0,105,350
09/18/2002,MOD,CA,AWP,WE,Federal Contract Tower,0,10,40,2,52,0,27,92,2,121,0,37,132,4,173,37,0,37,210
09/19/2002,MOD,CA,AWP,WE,Federal Contract Tower,0,8,40,2,50,0,20,108,0,128,0,28,148,2,178,131,0,131,309
09/20/2002,MOD,CA,AWP,WE,Federal Contract Tower,0,9,22,4,35,0,25,106,0,131,0,34,128,4,166,136,0,136,302
09/21/2002,MOD,CA,AWP,WE,Federal Contract Tower,0,7,30,2,39,0,38,142,0,180,0,45,172,2,219,128,0,128,347
09/22/2002,MOD,CA,AWP,WE,Federal Contract Tower,0,9,16,1,26,0,21,94,1,116,0,30,110,2,142,116,0,116,258
09/23/2002,MOD,CA,AWP,WE,Federal Contract Tower,0,9,20,0,29,0,32,84,0,116,0,41,104,0,145,60,0,60,205
09/24/2002,MOD,CA,AWP,WE,Federal Contract Tower,0,13,26,0,39,0,43,112,0,155,0,56,138,0,194,62,0,62,256
09/25/2002,MOD,CA,AWP,WE,Federal Contract Tower,0,13,62,0,75,0,44,117,0,161,0,57,179,0,236,149,0,149,385
09/26/2002,MOD,CA,AWP,WE,Federal Contract Tower,0,7,32,0,39,0,27,125,0,152,0,34,157,0,191,102,0,102,293
09/27/2002,MOD,CA,AWP,WE,Federal Contract Tower,0,10,26,2,38,0,41,139,0,180,0,51,165,2,218,102,0,102,320
09/28/2002,MOD,CA,AWP,WE,Federal Contract Tower,0,10,46,0,56,0,21,130,0,151,0,31,176,0,207,156,0,156,363
09/29/2002,MOD,CA,AWP,WE,Federal Contract Tower,0,12,40,0,52,0,18,145,0,163,0,30,185,0,215,122,0,122,337
09/30/2002,MOD,CA,AWP,WE,Federal Contract Tower,0,12,38,2,52,0,31,78,2,111,0,43,116,4,163,121,0,121,284
10/01/2002,MOD,CA,AWP,WE,Federal Contract Tower,0,10,41,0,51,0,56,65,0,121,0,66,106,0,172,60,0,60,232
10/02/2002,MOD,CA,AWP,WE,Federal Contract Tower,0,8,42,0,50,0,36,83,0,119,0,44,125,0,169,78,0,78,247
10/03/2002,MOD,CA,AWP,WE,Federal Contract Tower,0,6,48,0,54,0,15,139,0,154,0,21,187,0,208,152,0,152,360
10/04/2002,MOD,CA,AWP,WE,Federal Contract Tower,0,8,32,6,46,0,36,137,0,173,0,44,169,6,219,182,0,182,401
10/05/2002,MOD,CA,AWP,WE,Federal Contract Tower,0,7,51,0,58,0,23,142,0,165,0,30,193,0,223,186,0,186,409
10/06/2002,MOD,CA,AWP,WE,Federal Contract Tower,0,9,28,0,37,0,47,126,0,173,0,56,154,0,210,102,0,102,312
10/07/2002,MOD,CA,AWP,WE,Federal Contract Tower,0,10,43,0,53,0,41,89,0,130,0,51,132,0,183,86,0,86,269
10/08/2002,MOD,CA,AWP,WE,Federal Contract Tower,0,9,41,0,50,0,41,86,0,127,0,50,127,0,177,156,0,156,333
10/09/2002,MOD,CA,AWP,WE,Federal Contract Tower,0,8,32,2,42,0,37,115,0,152,0,45,147,2,194,177,2,179,373
10/10/2002,MOD,CA,AWP,WE,Federal Contract Tower,0,9,43,0,52,0,16,111,0,127,0,25,154,0,179,128,0,128,307
10/11/2002,MOD,CA,AWP,WE,Federal Contract Tower,0,11,25,0,36,0,21,127,0,148,0,32,152,0,184,158,0,158,342
10/12/2002,MOD,CA,AWP,WE,Federal Contract Tower,0,8,36,0,44,0,33,167,0,200,0,41,203,0,244,156,0,156,400
10/13/2002,MOD,CA,AWP,WE,Federal Contract Tower,0,19,43,0,62,0,30,94,0,124,0,49,137,0,186,84,0,84,270
10/14/2002,MOD,CA,AWP,WE,Federal Contract Tower,0,9,30,0,39,0,52,107,0,159,0,61,137,0,198,190,0,190,388
10/15/2002,MOD,CA,AWP,WE,Federal Contract Tower,0,8,14,2,24,0,45,84,0,129,0,53,98,2,153,123,0,123,276
10/16/2002,MOD,CA,AWP,WE,Federal Contract Tower,0,4,47,2,53,0,28,105,0,133,0,32,152,2,186,193,0,193,379
10/17/2002,MOD,CA,AWP,WE,Federal Contract Tower,0,9,18,2,29,0,21,145,0,166,0,30,163,2,195,130,8,138,333
10/18/2002,MOD,CA,AWP,WE,Federal Contract Tower,0,7,20,4,31,0,27,150,0,177,0,34,170,4,208,174,0,174,382
10/19/2002,MOD,CA,AWP,WE,Federal Contract Tower,0,9,12,0,21,0,26,125,0,151,0,35,137,0,172,130,0,130,302
10/20/2002,MOD,CA,AWP,WE,Federal Contract Tower,0,14,24,0,38,0,43,129,0,172,0,57,153,0,210,181,0,181,391
10/21/2002,MOD,CA,AWP,WE,Federal Contract Tower,0,8,25,0,33,0,35,79,0,114,0,43,104,0,147,120,0,120,267
10/22/2002,MOD,CA,AWP,WE,Federal Contract Tower,0,11,41,12,64,0,59,76,0,135,0,70,117,12,199,288,0,288,487
10/23/2002,MOD,CA,AWP,WE,Federal Contract Tower,0,10,44,0,54,0,28,98,0,126,0,38,142,0,180,143,0,143,323
10/24/2002,MOD,CA,AWP,WE,Federal Contract Tower,0,9,30,2,41,0,15,153,0,168,0,24,183,2,209,242,0,242,451
10/25/2002,MOD,CA,AWP,WE,Federal Contract Tower,0,9,32,4,45,0,24,101,0,125,0,33,133,4,170,146,0,146,316
10/26/2002,MOD,CA,AWP,WE,Federal Contract Tower,0,8,20,0,28,0,25,106,0,131,0,33,126,0,159,142,0,142,301
10/27/2002,MOD,CA,AWP,WE,Federal Contract Tower,0,8,24,0,32,0,27,133,0,160,0,35,157,0,192,126,0,126,318
10/28/2002,MOD,CA,AWP,WE,Federal Contract Tower,0,6,31,0,37,0,33,72,0,105,0,39,103,0,142,155,0,155,297
10/29/2002,MOD,CA,AWP,WE,Federal Contract Tower,0,8,32,0,40,0,69,114,0,183,0,77,146,0,223,142,0,142,365
10/30/2002,MOD,CA,AWP,WE,Federal Contract Tower,0,10,30,0,40,0,60,136,0,196,0,70,166,0,236,213,0,213,449
10/31/2002,MOD,CA,AWP,WE,Federal Contract Tower,0,8,21,4,33,0,40,127,0,167,0,48,148,4,200,96,0,96,296
11/01/2002,MOD,CA,AWP,WE,Federal Contract Tower,0,14,18,0,32,0,33,131,0,164,0,47,149,0,196,116,0,116,312
11/02/2002,MOD,CA,AWP,WE,Federal Contract Tower,0,10,12,0,22,0,29,133,0,162,0,39,145,0,184,182,0,182,366
11/03/2002,MOD,CA,AWP,WE,Federal Contract Tower,0,10,18,0,28,0,26,122,0,148,0,36,140,0,176,100,0,100,276
11/04/2002,MOD,CA,AWP,WE,Federal Contract Tower,0,9,22,0,31,0,21,101,0,122,0,30,123,0,153,104,0,104,257
11/05/2002,MOD,CA,AWP,WE,Federal Contract Tower,0,8,36,0,44,0,38,94,0,132,0,46,130,0,176,210,0,210,386
11/06/2002,MOD,CA,AWP,WE,Federal Contract Tower,0,7,33,0,40,0,23,84,0,107,0,30,117,0,147,98,0,98,245
11/07/2002,MOD,CA,AWP,WE,Federal Contract Tower,0,15,25,0,40,0,23,42,0,65,0,38,67,0,105,0,0,0,105
11/08/2002,MOD,CA,AWP,WE,Federal Contract Tower,0,14,20,0,34,0,25,55,0,80,0,39,75,0,114,16,0,16,130
11/09/2002,MOD,CA,AWP,WE,Federal Contract Tower,0,11,20,0,31,0,11,98,0,109,0,22,118,0,140,160,0,160,300
11/10/2002,MOD,CA,AWP,WE,Federal Contract Tower,0,14,53,0,67,0,23,71,0,94,0,37,124,0,161,98,0,98,259
11/11/2002,MOD,CA,AWP,WE,Federal Contract Tower,0,8,30,0,38,0,26,119,0,145,0,34,149,0,183,128,0,128,311
11/12/2002,MOD,CA,AWP,WE,Federal Contract Tower,0,13,58,0,71,0,18,49,0,67,0,31,107,0,138,86,0,86,224
11/13/2002,MOD,CA,AWP,WE,Federal Contract Tower,0,9,54,0,63,0,14,110,0,124,0,23,164,0,187,96,0,96,283
11/14/2002,MOD,CA,AWP,WE,Federal Contract Tower,0,9,38,4,51,0,29,91,0,120,0,38,129,4,171,173,10,183,354
11/15/2002,MOD,CA,AWP,WE,Federal Contract Tower,0,45,73,0,118,0,0,0,0,0,0,45,73,0,118,14,0,14,132
11/16/2002,MOD,CA,AWP,WE,Federal Contract Tower,0,7,55,0,62,0,18,62,0,80,0,25,117,0,142,124,0,124,266
11/17/2002,MOD,CA,AWP,WE,Federal Contract Tower,0,10,39,0,49,0,18,38,0,56,0,28,77,0,105,58,0,58,163
11/18/2002,MOD,CA,AWP,WE,Federal Contract Tower,0,13,39,0,52,0,26,46,0,72,0,39,85,0,124,98,0,98,222
11/19/2002,MOD,CA,AWP,WE,Federal Contract Tower,0,17,45,0,62,0,19,61,0,80,0,36,106,0,142,114,0,114,256
11/20/2002,MOD,CA,AWP,WE,Federal Contract Tower,0,14,50,0,64,0,0,24,0,24,0,14,74,0,88,28,0,28,116
11/21/2002,MOD,CA,AWP,WE,Federal Contract Tower,0,16,52,0,68,0,2,43,8,53,0,18,95,8,121,58,0,58,179
11/22/2002,MOD,CA,AWP,WE,Federal Contract Tower,0,16,45,2,63,0,23,73,0,96,0,39,118,2,159,76,0,76,235
11/23/2002,MOD,CA,AWP,WE,Federal Contract Tower,0,12,32,0,44,0,35,127,0,162,0,47,159,0,206,76,0,76,282
11/24/2002,MOD,CA,AWP,WE,Federal Contract Tower,0,12,37,0,49,0,11,13,0,24,0,23,50,0,73,82,0,82,155
11/25/2002,MOD,CA,AWP,WE,Federal Contract Tower,0,10,50,4,64,0,38,84,0,122,0,48,134,4,186,114,2,116,302
11/26/2002,MOD,CA,AWP,WE,Federal Contract Tower,0,16,61,6,83,0,20,106,0,126,0,36,167,6,209,135,0,135,344
11/27/2002,MOD,CA,AWP,WE,Federal Contract Tower,0,13,45,0,58,0,29,68,0,97,0,42,113,0,155,75,0,75,230
11/28/2002,MOD,CA,AWP,WE,Federal Contract Tower,0,12,30,0,42,0,7,33,0,40,0,19,63,0,82,72,0,72,154
11/29/2002,MOD,CA,AWP,WE,Federal Contract Tower,0,20,45,0,65,0,19,42,0,61,0,39,87,0,126,2,0,2,128
11/30/2002,MOD,CA,AWP,WE,Federal Contract Tower,0,25,71,0,96,0,0,0,0,0,0,25,71,0,96,4,0,4,100
12/01/2002,MOD,CA,AWP,WE,Federal Contract Tower,0,19,37,0,56,0,15,58,0,73,0,34,95,0,129,80,0,80,209
12/02/2002,MOD,CA,AWP,WE,Federal Contract Tower,0,15,47,2,64,0,18,43,0,61,0,33,90,2,125,112,0,112,237
12/03/2002,MOD,CA,AWP,WE,Federal Contract Tower,0,14,46,4,64,0,29,64,0,93,0,43,110,4,157,89,0,89,246
12/04/2002,MOD,CA,AWP,WE,Federal Contract Tower,0,9,53,0,62,0,34,131,0,165,0,43,184,0,227,138,0,138,365
12/05/2002,MOD,CA,AWP,WE,Federal Contract Tower,0,14,64,1,79,0,12,52,1,65,0,26,116,2,144,68,0,68,212
12/06/2002,MOD,CA,AWP,WE,Federal Contract Tower,0,31,71,0,102,0,0,0,0,0,0,31,71,0,102,18,0,18,120
12/07/2002,MOD,CA,AWP,WE,Federal Contract Tower,0,12,60,0,72,0,9,60,0,69,0,21,120,0,141,138,0,138,279
12/08/2002,MOD,CA,AWP,WE,Federal Contract Tower,0,13,41,0,54,0,8,21,0,29,0,21,62,0,83,42,0,42,125
12/09/2002,MOD,CA,AWP,WE,Federal Contract Tower,0,30,62,0,92,0,0,0,0,0,0,30,62,0,92,4,0,4,96
12/10/2002,MOD,CA,AWP,WE,Federal Contract Tower,0,19,59,0,78,0,23,50,0,73,0,42,109,0,151,98,0,98,249
12/11/2002,MOD,CA,AWP,WE,Federal Contract Tower,0,9,55,2,66,0,0,0,0,0,0,9,55,2,66,18,2,20,86
12/12/2002,MOD,CA,AWP,WE,Federal Contract Tower,0,18,52,4,74,0,1,0,0,1,0,19,52,4,75,18,0,18,93
12/13/2002,MOD,CA,AWP,WE,Federal Contract Tower,0,13,39,0,52,0,11,0,0,11,0,24,39,0,63,32,0,32,95
12/14/2002,MOD,CA,AWP,WE,Federal Contract Tower,0,5,8,0,13,0,3,5,0,8,0,8,13,0,21,2,0,2,23
12/15/2002,MOD,CA,AWP,WE,Federal Contract Tower,0,8,22,0,30,0,14,18,0,32,0,22,40,0,62,38,0,38,100
12/16/2002,MOD,CA,AWP,WE,Federal Contract Tower,0,7,8,0,15,0,30,26,0,56,0,37,34,0,71,32,0,32,103
12/17/2002,MOD,CA,AWP,WE,Federal Contract Tower,0,10,29,0,39,0,30,54,0,84,0,40,83,0,123,116,0,116,239
12/18/2002,MOD,CA,AWP,WE,Federal Contract Tower,0,7,58,0,65,0,39,170,2,211,0,46,228,2,276,119,0,119,395
12/19/2002,MOD,CA,AWP,WE,Federal Contract Tower,0,22,19,0,41,0,15,38,0,53,0,37,57,0,94,28,0,28,122
12/20/2002,MOD,CA,AWP,WE,Federal Contract Tower,0,10,30,0,40,0,14,40,0,54,0,24,70,0,94,18,0,18,112
12/21/2002,MOD,CA,AWP,WE,Federal Contract Tower,0,11,24,0,35,0,28,88,0,116,0,39,112,0,151,64,0,64,215
12/22/2002,MOD,CA,AWP,WE,Federal Contract Tower,0,7,38,0,45,0,30,103,0,133,0,37,141,0,178,94,0,94,272
12/23/2002,MOD,CA,AWP,WE,Federal Contract Tower,0,9,30,0,39,0,29,120,0,149,0,38,150,0,188,106,0,106,294
12/24/2002,MOD,CA,AWP,WE,Federal Contract Tower,0,16,25,0,41,0,16,23,0,39,0,32,48,0,80,31,0,31,111
12/25/2002,MOD,CA,AWP,WE,Federal Contract Tower,0,6,9,0,15,0,1,2,0,3,0,7,11,0,18,2,0,2,20
12/26/2002,MOD,CA,AWP,WE,Federal Contract Tower,0,4,27,0,31,0,11,59,0,70,0,15,86,0,101,124,0,124,225
12/27/2002,MOD,CA,AWP,WE,Federal Contract Tower,0,6,30,0,36,0,19,83,0,102,0,25,113,0,138,62,0,62,200
12/28/2002,MOD,CA,AWP,WE,Federal Contract Tower,0,5,17,0,22,0,27,32,0,59,0,32,49,0,81,12,0,12,93
12/29/2002,MOD,CA,AWP,WE,Federal Contract Tower,0,8,16,0,24,0,19,71,2,92,0,27,87,2,116,57,0,57,173
12/30/2002,MOD,CA,AWP,WE,Federal Contract Tower,0,8,22,0,30,0,21,43,0,64,0,29,65,0,94,59,0,59,153
12/31/2002,MOD,CA,AWP,WE,Federal Contract Tower,0,6,5,0,11,0,22,38,0,60,0,28,43,0,71,6,0,6,77
01/01/2003,MOD,CA,AWP,WE,Federal Contract Tower,0,5,38,0,43,0,17,58,0,75,0,22,96,0,118,38,0,38,156
01/02/2003,MOD,CA,AWP,WE,Federal Contract Tower,0,7,34,0,41,0,26,87,0,113,0,33,121,0,154,52,0,52,206
01/03/2003,MOD,CA,AWP,WE,Federal Contract Tower,0,8,46,0,54,0,7,49,0,56,0,15,95,0,110,46,0,46,156
01/04/2003,MOD,CA,AWP,WE,Federal Contract Tower,0,5,36,0,41,0,9,55,0,64,0,14,91,0,105,49,0,49,154
01/05/2003,MOD,CA,AWP,WE,Federal Contract Tower,0,7,33,0,40,0,37,78,0,115,0,44,111,0,155,58,0,58,213
01/06/2003,MOD,CA,AWP,WE,Federal Contract Tower,0,19,46,0,65,0,18,20,0,38,0,37,66,0,103,45,0,45,148
01/07/2003,MOD,CA,AWP,WE,Federal Contract Tower,0,18,32,0,50,0,10,23,0,33,0,28,55,0,83,26,0,26,109
01/08/2003,MOD,CA,AWP,WE,Federal Contract Tower,0,17,63,0,80,0,0,8,0,8,0,17,71,0,88,12,0,12,100
01/09/2003,MOD,CA,AWP,WE,Federal Contract Tower,0,11,41,0,52,0,5,8,0,13,0,16,49,0,65,18,0,18,83
01/10/2003,MOD,CA,AWP,WE,Federal Contract Tower,0,9,60,0,69,0,3,17,0,20,0,12,77,0,89,2,0,2,91
01/11/2003,MOD,CA,AWP,WE,Federal Contract Tower,0,4,21,0,25,0,12,35,0,47,0,16,56,0,72,24,0,24,96
01/12/2003,MOD,CA,AWP,WE,Federal Contract Tower,0,14,18,0,32,0,12,54,0,66,0,26,72,0,98,84,0,84,182
01/13/2003,MOD,CA,AWP,WE,Federal Contract Tower,0,10,28,0,38,0,25,31,0,56,0,35,59,0,94,45,0,45,139
01/14/2003,MOD,CA,AWP,WE,Federal Contract Tower,0,18,49,0,67,0,9,1,0,10,0,27,50,0,77,73,0,73,150
01/15/2003,MOD,CA,AWP,WE,Federal Contract Tower,0,14,36,0,50,0,21,67,0,88,0,35,103,0,138,105,0,105,243
01/16/2003,MOD,CA,AWP,WE,Federal Contract Tower,0,16,46,0,62,0,4,47,0,51,0,20,93,0,113,96,0,96,209
01/17/2003,MOD,CA,AWP,WE,Federal Contract Tower,0,15,25,0,40,0,0,0,0,0,0,15,25,0,40,6,0,6,46
01/18/2003,MOD,CA,AWP,WE,Federal Contract Tower,0,17,30,2,49,0,0,0,0,0,0,17,30,2,49,32,0,32,81
01/19/2003,MOD,CA,AWP,WE,Federal Contract Tower,0,9,16,0,25,0,3,0,0,3,0,12,16,0,28,4,0,4,32
01/20/2003,MOD,CA,AWP,WE,Federal Contract Tower,0,29,31,2,62,0,0,0,0,0,0,29,31,2,62,6,0,6,68
01/21/2003,MOD,CA,AWP,WE,Federal Contract Tower,0,31,52,0,83,0,5,0,0,5,0,36,52,0,88,22,0,22,110
01/22/2003,MOD,CA,AWP,WE,Federal Contract Tower,0,11,46,0,57,0,14,22,0,36,0,25,68,0,93,160,0,160,253
01/23/2003,MOD,CA,AWP,WE,Federal Contract Tower,0,23,47,0,70,0,6,79,0,85,0,29,126,0,155,108,0,108,263
01/24/2003,MOD,CA,AWP,WE,Federal Contract Tower,0,15,43,0,58,0,0,12,0,12,0,15,55,0,70,32,0,32,102
01/25/2003,MOD,CA,AWP,WE,Federal Contract Tower,0,11,23,0,34,0,0,0,0,0,0,11,23,0,34,10,0,10,44
01/26/2003,MOD,CA,AWP,WE,Federal Contract Tower,0,11,53,0,64,0,13,42,0,55,0,24,95,0,119,113,0,113,232
01/27/2003,MOD,CA,AWP,WE,Federal Contract Tower,0,9,31,0,40,0,16,41,0,57,0,25,72,0,97,52,0,52,149
01/28/2003,MOD,CA,AWP,WE,Federal Contract Tower,0,15,55,0,70,0,38,45,17,100,0,53,100,17,170,170,0,170,340
01/29/2003,MOD,CA,AWP,WE,Federal Contract Tower,0,11,51,0,62,0,16,26,0,42,0,27,77,0,104,24,0,24,128
01/30/2003,MOD,CA,AWP,WE,Federal Contract Tower,0,21,34,0,55,0,8,0,0,8,0,29,34,0,63,1,0,1,64
01/31/2003,MOD,CA,AWP,WE,Federal Contract Tower,0,19,38,0,57,0,0,0,0,0,0,19,38,0,57,8,0,8,65
02/01/2003,MOD,CA,AWP,WE,Federal Contract Tower,0,6,19,0,25,0,11,33,0,44,0,17,52,0,69,44,0,44,113
02/02/2003,MOD,CA,AWP,WE,Federal Contract Tower,0,9,5,0,14,0,40,139,0,179,0,49,144,0,193,66,0,66,259
02/03/2003,MOD,CA,AWP,WE,Federal Contract Tower,0,9,12,0,21,0,29,112,0,141,0,38,124,0,162,128,0,128,290
02/04/2003,MOD,CA,AWP,WE,Federal Contract Tower,0,10,21,0,31,0,34,112,0,146,0,44,133,0,177,132,0,132,309
02/05/2003,MOD,CA,AWP,WE,Federal Contract Tower,0,6,20,0,26,0,21,130,0,151,0,27,150,0,177,120,0,120,297
02/06/2003,MOD,CA,AWP,WE,Federal Contract Tower,0,9,29,0,38,0,12,148,0,160,0,21,177,0,198,88,0,88,286
02/07/2003,MOD,CA,AWP,WE,Federal Contract Tower,0,8,17,0,25,0,26,117,0,143,0,34,134,0,168,64,0,64,232
02/08/2003,MOD,CA,AWP,WE,Federal Contract Tower,0,9,25,0,34,0,25,128,2,155,0,34,153,2,189,132,0,132,321
02/09/2003,MOD,CA,AWP,WE,Federal Contract Tower,0,8,16,0,24,0,31,137,0,168,0,39,153,0,192,100,0,100,292
02/10/2003,MOD,CA,AWP,WE,Federal Contract Tower,0,12,14,0,26,0,42,96,0,138,0,54,110,0,164,126,0,126,290
02/11/2003,MOD,CA,AWP,WE,Federal Contract Tower,0,11,6,0,17,0,30,98,0,128,0,41,104,0,145,120,0,120,265
02/12/2003,MOD,CA,AWP,WE,Federal Contract Tower,0,17,20,0,37,0,26,28,0,54,0,43,48,0,91,14,0,14,105
02/13/2003,MOD,CA,AWP,WE,Federal Contract Tower,0,10,25,0,35,0,7,45,0,52,0,17,70,0,87,74,0,74,161
02/14/2003,MOD,CA,AWP,WE,Federal Contract Tower,0,13,18,0,31,0,22,85,0,107,0,35,103,0,138,57,0,57,195
02/15/2003,MOD,CA,AWP,WE,Federal Contract Tower,0,8,19,0,27,0,18,72,0,90,0,26,91,0,117,62,0,62,179
02/16/2003,MOD,CA,AWP,WE,Federal Contract Tower,0,10,7,0,17,0,51,94,0,145,0,61,101,0,162,114,0,114,276
02/17/2003,MOD,CA,AWP,WE,Federal Contract Tower,0,10,28,0,38,0,32,62,0,94,0,42,90,0,132,58,0,58,190
02/18/2003,MOD,CA,AWP,WE,Federal Contract Tower,0,18,28,0,46,0,42,92,0,134,0,60,120,0,180,180,0,180,360
02/19/2003,MOD,CA,AWP,WE,Federal Contract Tower,0,8,18,0,26,0,26,58,0,84,0,34,76,0,110,65,0,65,175
02/20/2003,MOD,CA,AWP,WE,Federal Contract Tower,0,6,19,0,25,0,18,134,0,152,0,24,153,0,177,60,0,60,237
02/21/2003,MOD,CA,AWP,WE,Federal Contract Tower,0,10,26,0,36,0,27,127,0,154,0,37,153,0,190,152,0,152,342
02/22/2003,MOD,CA,AWP,WE,Federal Contract Tower,0,14,22,0,36,0,19,138,0,157,0,33,160,0,193,236,0,236,429
02/23/2003,MOD,CA,AWP,WE,Federal Contract Tower,0,10,5,0,15,0,34,117,0,151,0,44,122,0,166,160,0,160,326
02/24/2003,MOD,CA,AWP,WE,Federal Contract Tower,0,18,34,0,52,0,10,18,0,28,0,28,52,0,80,8,0,8,88
02/25/2003,MOD,CA,AWP,WE,Federal Contract Tower,0,10,15,0,25,0,33,61,0,94,0,43,76,0,119,86,0,86,205
02/26/2003,MOD,CA,AWP,WE,Federal Contract Tower,0,12,32,0,44,0,35,62,0,97,0,47,94,0,141,110,0,110,251
02/27/2003,MOD,CA,AWP,WE,Federal Contract Tower,0,14,29,0,43,0,20,96,0,116,0,34,125,0,159,186,0,186,345
02/28/2003,MOD,CA,AWP,WE,Federal Contract Tower,0,12,26,0,38,0,23,137,0,160,0,35,163,0,198,140,0,140,338
03/01/2003,MOD,CA,AWP,WE,Federal Contract Tower,0,8,22,0,30,0,19,168,0,187,0,27,190,0,217,112,0,112,329
03/02/2003,MOD,CA,AWP,WE,Federal Contract Tower,0,10,41,0,51,0,33,154,0,187,0,43,195,0,238,116,0,116,354
03/03/2003,MOD,CA,AWP,WE,Federal Contract Tower,0,14,21,0,35,0,24,49,0,73,0,38,70,0,108,20,0,20,128
03/04/2003,MOD,CA,AWP,WE,Federal Contract Tower,0,7,15,0,22,0,53,91,0,144,0,60,106,0,166,138,0,138,304
03/05/2003,MOD,CA,AWP,WE,Federal Contract Tower,0,12,26,0,38,0,27,121,0,148,0,39,147,0,186,217,0,217,403
03/06/2003,MOD,CA,AWP,WE,Federal Contract Tower,0,8,28,0,36,0,18,131,0,149,0,26,159,0,185,160,0,160,345
03/07/2003,MOD,CA,AWP,WE,Federal Contract Tower,0,8,24,0,32,0,24,147,0,171,0,32,171,0,203,116,0,116,319
03/08/2003,MOD,CA,AWP,WE,Federal Contract Tower,0,8,36,0,44,0,40,153,0,193,0,48,189,0,237,84,0,84,321
03/09/2003,MOD,CA,AWP,WE,Federal Contract Tower,0,8,33,0,41,0,28,133,0,161,0,36,166,0,202,98,0,98,300
03/10/2003,MOD,CA,AWP,WE,Federal Contract Tower,0,8,36,0,44,0,34,75,0,109,0,42,111,0,153,168,0,168,321
03/11/2003,MOD,CA,AWP,WE,Federal Contract Tower,0,10,18,0,28,0,14,66,0,80,0,24,84,0,108,75,0,75,183
03/12/2003,MOD,CA,AWP,WE,Federal Contract Tower,0,9,19,0,28,0,21,112,0,133,0,30,131,0,161,120,0,120,281
03/13/2003,MOD,CA,AWP,WE,Federal Contract Tower,0,4,31,0,35,0,10,112,0,122,0,14,143,0,157,56,0,56,213
03/14/2003,MOD,CA,AWP,WE,Federal Contract Tower,0,9,34,0,43,0,18,69,0,87,0,27,103,0,130,68,0,68,198
03/15/2003,MOD,CA,AWP,WE,Federal Contract Tower,0,7,14,0,21,0,12,63,0,75,0,19,77,0,96,64,0,64,160
03/16/2003,MOD,CA,AWP,WE,Federal Contract Tower,0,14,11,0,25,0,19,57,0,76,0,33,68,0,101,56,0,56,157
03/17/2003,MOD,CA,AWP,WE,Federal Contract Tower,0,6,3,0,9,0,43,63,0,106,0,49,66,0,115,36,0,36,151
03/18/2003,MOD,CA,AWP,WE,Federal Contract Tower,0,6,15,0,21,0,12,94,0,106,0,18,109,0,127,40,0,40,167
03/19/2003,MOD,CA,AWP,WE,Federal Contract Tower,0,10,17,0,27,0,9,119,0,128,0,19,136,0,155,216,0,216,371
03/20/2003,MOD,CA,AWP,WE,Federal Contract Tower,0,8,10,0,18,0,18,113,2,133,0,26,123,2,151,146,0,146,297
03/21/2003,MOD,CA,AWP,WE,Federal Contract Tower,0,9,32,0,41,0,12,100,0,112,0,21,132,0,153,98,0,98,251
03/22/2003,MOD,CA,AWP,WE,Federal Contract Tower,0,6,20,0,26,0,22,131,0,153,0,28,151,0,179,176,0,176,355
03/23/2003,MOD,CA,AWP,WE,Federal Contract Tower,0,12,49,0,61,0,12,33,0,45,0,24,82,0,106,54,0,54,160
03/24/2003,MOD,CA,AWP,WE,Federal Contract Tower,0,10,18,0,28,0,24,72,0,96,0,34,90,0,124,92,0,92,216
03/25/2003,MOD,CA,AWP,WE,Federal Contract Tower,0,10,13,2,25,0,34,108,0,142,0,44,121,2,167,120,0,120,287
03/26/2003,MOD,CA,AWP,WE,Federal Contract Tower,0,10,25,0,35,0,25,92,0,117,0,35,117,0,152,104,0,104,256
03/27/2003,MOD,CA,AWP,WE,Federal Contract Tower,0,8,21,0,29,0,21,91,0,112,0,29,112,0,141,100,0,100,241
03/28/2003,MOD,CA,AWP,WE,Federal Contract Tower,0,13,31,0,44,0,14,120,0,134,0,27,151,0,178,108,0,108,286
03/29/2003,MOD,CA,AWP,WE,Federal Contract Tower,0,6,10,0,16,0,17,145,0,162,0,23,155,0,178,140,0,140,318
03/30/2003,MOD,CA,AWP,WE,Federal Contract Tower,0,11,17,0,28,0,38,124,0,162,0,49,141,0,190,60,0,60,250
03/31/2003,MOD,CA,AWP,WE,Federal Contract Tower,0,5,28,0,33,0,24,100,0,124,0,29,128,0,157,100,0,100,257
04/01/2003,MOD,CA,AWP,WE,Federal Contract Tower,0,16,26,0,42,0,16,46,4,66,0,32,72,4,108,56,0,56,164
04/02/2003,MOD,CA,AWP,WE,Federal Contract Tower,0,7,17,0,24,0,7,53,0,60,0,14,70,0,84,64,0,64,148
04/03/2003,MOD,CA,AWP,WE,Federal Contract Tower,0,9,43,0,52,0,20,125,0,145,0,29,168,0,197,182,0,182,379
04/04/2003,MOD,CA,AWP,WE,Federal Contract Tower,0,6,12,0,18,0,21,64,0,85,0,27,76,0,103,18,0,18,121
04/05/2003,MOD,CA,AWP,WE,Federal Contract Tower,0,4,16,0,20,0,19,113,0,132,0,23,129,0,152,94,0,94,246
04/06/2003,MOD,CA,AWP,WE,Federal Contract Tower,0,12,8,0,20,0,45,105,4,154,0,57,113,4,174,42,0,42,216
04/07/2003,MOD,CA,AWP,WE,Federal Contract Tower,0,7,25,0,32,0,51,103,0,154,0,58,128,0,186,120,0,120,306
04/08/2003,MOD,CA,AWP,WE,Federal Contract Tower,0,9,22,0,31,0,18,133,0,151,0,27,155,0,182,214,0,214,396
04/09/2003,MOD,CA,AWP,WE,Federal Contract Tower,0,8,18,0,26,0,24,123,0,147,0,32,141,0,173,170,0,170,343
04/10/2003,MOD,CA,AWP,WE,Federal Contract Tower,0,12,26,0,38,0,12,111,0,123,0,24,137,0,161,152,0,152,313
04/11/2003,MOD,CA,AWP,WE,Federal Contract Tower,0,17,26,0,43,0,13,94,2,109,0,30,120,2,152,132,0,132,284
04/12/2003,MOD,CA,AWP,WE,Federal Contract Tower,0,10,48,0,58,0,18,50,0,68,0,28,98,0,126,10,0,10,136
04/13/2003,MOD,CA,AWP,WE,Federal Contract Tower,0,12,25,0,37,0,15,31,0,46,0,27,56,0,83,44,0,44,127
04/14/2003,MOD,CA,AWP,WE,Federal Contract Tower,0,8,23,0,31,0,10,45,0,55,0,18,68,0,86,30,0,30,116
04/15/2003,MOD,CA,AWP,WE,Federal Contract Tower,0,5,27,2,34,0,22,78,0,100,0,27,105,2,134,154,2,156,290
04/16/2003,MOD,CA,AWP,WE,Federal Contract Tower,0,2,54,0,56,0,15,63,0,78,0,17,117,0,134,128,0,128,262
04/17/2003,MOD,CA,AWP,WE,Federal Contract Tower,0,10,22,0,32,0,14,106,0,120,0,24,128,0,152,124,0,124,276
04/18/2003,MOD,CA,AWP,WE,Federal Contract Tower,0,10,11,0,21,0,26,117,0,143,0,36,128,0,164,50,0,50,214
04/19/2003,MOD,CA,AWP,WE,Federal Contract Tower,0,9,33,0,42,0,40,135,0,175,0,49,168,0,217,142,0,142,359
04/20/2003,MOD,CA,AWP,WE,Federal Contract Tower,0,8,26,0,34,0,27,66,0,93,0,35,92,0,127,144,0,144,271
04/21/2003,MOD,CA,AWP,WE,Federal Contract Tower,0,9,51,0,60,0,24,48,6,78,0,33,99,6,138,92,0,92,230
04/22/2003,MOD,CA,AWP,WE,Federal Contract Tower,0,9,26,0,35,0,19,92,0,111,0,28,118,0,146,158,0,158,304
04/23/2003,MOD,CA,AWP,WE,Federal Contract Tower,0,12,47,0,59,0,22,74,0,96,0,34,121,0,155,222,0,222,377
04/24/2003,MOD,CA,AWP,WE,Federal Contract Tower,0,12,61,0,73,0,21,57,0,78,0,33,118,0,151,40,0,40,191
04/25/2003,MOD,CA,AWP,WE,Federal Contract Tower,0,3,77,0,80,0,22,48,0,70,0,25,125,0,150,90,0,90,240
04/26/2003,MOD,CA,AWP,WE,Federal Contract Tower,0,4,45,0,49,0,24,118,0,142,0,28,163,0,191,164,0,164,355
04/27/2003,MOD,CA,AWP,WE,Federal Contract Tower,0,9,30,0,39,0,19,91,0,110,0,28,121,0,149,36,0,36,185
04/28/2003,MOD,CA,AWP,WE,Federal Contract Tower,0,12,60,0,72,0,19,18,0,37,0,31,78,0,109,117,0,117,226
04/29/2003,MOD,CA,AWP,WE,Federal Contract Tower,0,13,39,0,52,0,37,50,8,95,0,50,89,8,147,162,0,162,309
04/30/2003,MOD,CA,AWP,WE,Federal Contract Tower,0,11,86,2,99,0,45,77,0,122,0,56,163,2,221,179,0,179,400
05/01/2003,MOD,CA,AWP,WE,Federal Contract Tower,0,10,69,0,79,0,25,131,0,156,0,35,200,0,235,182,0,182,417
05/02/2003,MOD,CA,AWP,WE,Federal Contract Tower,0,10,47,0,57,0,14,37,0,51,0,24,84,0,108,60,0,60,168
05/03/2003,MOD,CA,AWP,WE,Federal Contract Tower,0,6,35,0,41,0,28,48,0,76,0,34,83,0,117,126,0,126,243
05/04/2003,MOD,CA,AWP,WE,Federal Contract Tower,0,9,38,0,47,0,19,86,0,105,0,28,124,0,152,88,0,88,240
05/05/2003,MOD,CA,AWP,WE,Federal Contract Tower,0,10,30,4,44,0,23,98,0,121,0,33,128,4,165,122,2,124,289
05/06/2003,MOD,CA,AWP,WE,Federal Contract Tower,0,6,31,0,37,0,23,110,0,133,0,29,141,0,170,138,0,138,308
05/07/2003,MOD,CA,AWP,WE,Federal Contract Tower,0,8,44,0,52,0,29,100,0,129,0,37,144,0,181,153,0,153,334
05/08/2003,MOD,CA,AWP,WE,Federal Contract Tower,0,12,40,2,54,0,8,79,0,87,0,20,119,2,141,90,0,90,231
05/09/2003,MOD,CA,AWP,WE,Federal Contract Tower,0,8,51,0,59,0,22,102,3,127,0,30,153,3,186,115,0,115,301
05/10/2003,MOD,CA,AWP,WE,Federal Contract Tower,0,2,40,0,42,0,28,148,0,176,0,30,188,0,218,246,0,246,464
05/11/2003,MOD,CA,AWP,WE,Federal Contract Tower,0,7,33,0,40,0,30,141,0,171,0,37,174,0,211,167,0,167,378
05/12/2003,MOD,CA,AWP,WE,Federal Contract Tower,0,8,38,0,46,0,26,113,0,139,0,34,151,0,185,73,0,73,258
05/13/2003,MOD,CA,AWP,WE,Federal Contract Tower,0,19,30,6,55,0,28,94,0,122,0,47,124,6,177,199,0,199,376
05/14/2003,MOD,CA,AWP,WE,Federal Contract Tower,0,7,48,0,55,0,32,79,0,111,0,39,127,0,166,125,0,125,291
05/15/2003,MOD,CA,AWP,WE,Federal Contract Tower,0,12,30,0,42,0,35,134,0,169,0,47,164,0,211,134,0,134,345
05/16/2003,MOD,CA,AWP,WE,Federal Contract Tower,0,5,28,0,33,0,34,131,0,165,0,39,159,0,198,120,0,120,318
05/17/2003,MOD,CA,AWP,WE,Federal Contract Tower,0,8,22,0,30,0,21,115,0,136,0,29,137,0,166,122,0,122,288
05/18/2003,MOD,CA,AWP,WE,Federal Contract Tower,0,8,23,0,31,0,16,103,0,119,0,24,126,0,150,68,0,68,218
05/19/2003,MOD,CA,AWP,WE,Federal Contract Tower,0,8,18,0,26,0,22,89,0,111,0,30,107,0,137,90,0,90,227
05/20/2003,MOD,CA,AWP,WE,Federal Contract Tower,0,9,19,0,28,0,31,103,0,134,0,40,122,0,162,173,0,173,335
05/21/2003,MOD,CA,AWP,WE,Federal Contract Tower,0,11,28,0,39,0,27,117,0,144,0,38,145,0,183,164,0,164,347
05/22/2003,MOD,CA,AWP,WE,Federal Contract Tower,0,10,24,0,34,0,11,147,8,166,0,21,171,8,200,146,0,146,346
05/23/2003,MOD,CA,AWP,WE,Federal Contract Tower,0,7,31,0,38,0,22,121,8,151,0,29,152,8,189,174,0,174,363
05/24/2003,MOD,CA,AWP,WE,Federal Contract Tower,0,6,16,0,22,0,5,132,0,137,0,11,148,0,159,154,0,154,313
05/25/2003,MOD,CA,AWP,WE,Federal Contract Tower,0,8,22,0,30,0,37,88,0,125,0,45,110,0,155,92,0,92,247
05/26/2003,MOD,CA,AWP,WE,Federal Contract Tower,0,5,8,0,13,0,42,103,0,145,0,47,111,0,158,152,0,152,310
05/27/2003,MOD,CA,AWP,WE,Federal Contract Tower,0,8,18,0,26,0,38,126,0,164,0,46,144,0,190,113,0,113,303
05/28/2003,MOD,CA,AWP,WE,Federal Contract Tower,0,7,35,0,42,0,5,69,0,74,0,12,104,0,116,114,0,114,230
05/29/2003,MOD,CA,AWP,WE,Federal Contract Tower,0,10,22,0,32,0,24,119,0,143,0,34,141,0,175,106,0,106,281
05/30/2003,MOD,CA,AWP,WE,Federal Contract Tower,0,7,26,0,33,0,26,105,10,141,0,33,131,10,174,90,0,90,264
05/31/2003,MOD,CA,AWP,WE,Federal Contract Tower,0,6,8,0,14,0,179,178,0,357,0,185,186,0,371,202,0,202,573
06/01/2003,MOD,CA,AWP,WE,Federal Contract Tower,0,7,17,0,24,0,26,126,14,166,0,33,143,14,190,44,0,44,234
06/02/2003,MOD,CA,AWP,WE,Federal Contract Tower,0,9,17,0,26,0,40,103,0,143,0,49,120,0,169,74,0,74,243
06/03/2003,MOD,CA,AWP,WE,Federal Contract Tower,0,9,12,0,21,0,43,118,0,161,0,52,130,0,182,192,0,192,374
06/04/2003,MOD,CA,AWP,WE,Federal Contract Tower,0,6,12,0,18,0,12,106,0,118,0,18,118,0,136,115,0,115,251
06/05/2003,MOD,CA,AWP,WE,Federal Contract Tower,0,8,24,0,32,0,38,180,0,218,0,46,204,0,250,142,0,142,392
06/06/2003,MOD,CA,AWP,WE,Federal Contract Tower,0,8,28,0,36,0,36,128,0,164,0,44,156,0,200,114,0,114,314
06/07/2003,MOD,CA,AWP,WE,Federal Contract Tower,0,2,8,0,10,0,28,149,0,177,0,30,157,0,187,124,0,124,311
06/08/2003,MOD,CA,AWP,WE,Federal Contract Tower,0,7,10,0,17,0,33,128,0,161,0,40,138,0,178,96,0,96,274
06/09/2003,MOD,CA,AWP,WE,Federal Contract Tower,0,8,27,0,35,0,28,116,0,144,0,36,143,0,179,196,0,196,375
06/10/2003,MOD,CA,AWP,WE,Federal Contract Tower,0,6,28,0,34,0,29,95,6,130,0,35,123,6,164,151,0,151,315
06/11/2003,MOD,CA,AWP,WE,Federal Contract Tower,0,11,20,0,31,0,32,105,0,137,0,43,125,0,168,152,0,152,320
06/12/2003,MOD,CA,AWP,WE,Federal Contract Tower,0,18,52,0,70,0,37,132,0,169,0,55,184,0,239,118,0,118,357
06/13/2003,MOD,CA,AWP,WE,Federal Contract Tower,0,9,14,0,23,0,39,122,0,161,0,48,136,0,184,102,0,102,286
06/14/2003,MOD,CA,AWP,WE,Federal Contract Tower,0,8,18,0,26,0,27,136,0,163,0,35,154,0,189,72,0,72,261
06/15/2003,MOD,CA,AWP,WE,Federal Contract Tower,0,6,18,0,24,0,23,123,0,146,0,29,141,0,170,96,0,96,266
06/16/2003,MOD,CA,AWP,WE,Federal Contract Tower,0,9,26,0,35,0,38,97,11,146,0,47,123,11,181,56,0,56,237
06/17/2003,MOD,CA,AWP,WE,Federal Contract Tower,0,10,19,0,29,0,31,122,0,153,0,41,141,0,182,196,0,196,378
06/18/2003,MOD,CA,AWP,WE,Federal Contract Tower,0,11,16,0,27,0,17,107,0,124,0,28,123,0,151,83,0,83,234
06/19/2003,MOD,CA,AWP,WE,Federal Contract Tower,0,11,20,0,31,0,11,135,2,148,0,22,155,2,179,224,0,224,403
06/20/2003,MOD,CA,AWP,WE,Federal Contract Tower,0,8,39,0,47,0,33,136,0,169,0,41,175,0,216,104,0,104,320
06/21/2003,MOD,CA,AWP,WE,Federal Contract Tower,0,8,17,0,25,0,27,157,0,184,0,35,174,0,209,130,0,130,339
06/22/2003,MOD,CA,AWP,WE,Federal Contract Tower,0,9,14,0,23,0,16,121,0,137,0,25,135,0,160,46,0,46,206
06/23/2003,MOD,CA,AWP,WE,Federal Contract Tower,0,15,20,0,35,0,24,77,0,101,0,39,97,0,136,50,0,50,186
06/24/2003,MOD,CA,AWP,WE,Federal Contract Tower,0,8,18,0,26,0,12,94,0,106,0,20,112,0,132,56,0,56,188
06/25/2003,MOD,CA,AWP,WE,Federal Contract Tower,0,8,26,0,34,0,26,127,0,153,0,34,153,0,187,92,0,92,279
06/26/2003,MOD,CA,AWP,WE,Federal Contract Tower,0,19,25,0,44,0,36,139,0,175,0,55,164,0,219,85,0,85,304
06/27/2003,MOD,CA,AWP,WE,Federal Contract Tower,0,18,21,0,39,0,44,146,0,190,0,62,167,0,229,86,0,86,315
06/28/2003,MOD,CA,AWP,WE,Federal Contract Tower,0,9,25,0,34,0,44,115,0,159,0,53,140,0,193,60,0,60,253
06/29/2003,MOD,CA,AWP,WE,Federal Contract Tower,0,12,22,0,34,0,27,59,0,86,0,39,81,0,120,100,0,100,220
06/30/2003,MOD,CA,AWP,WE,Federal Contract Tower,0,14,21,0,35,0,34,82,0,116,0,48,103,0,151,126,0,126,277
07/01/2003,MOD,CA,AWP,WE,Federal Contract Tower,0,12,28,0,40,0,42,125,0,167,0,54,153,0,207,155,0,155,362
07/02/2003,MOD,CA,AWP,WE,Federal Contract Tower,0,8,13,0,21,0,34,108,0,142,0,42,121,0,163,140,0,140,303
07/03/2003,MOD,CA,AWP,WE,Federal Contract Tower,0,8,26,0,34,0,36,146,0,182,0,44,172,0,216,99,0,99,315
07/04/2003,MOD,CA,AWP,WE,Federal Contract Tower,0,9,18,0,27,0,28,91,0,119,0,37,109,0,146,62,0,62,208
07/05/2003,MOD,CA,AWP,WE,Federal Contract Tower,0,8,17,0,25,0,44,146,0,190,0,52,163,0,215,88,0,88,303
07/06/2003,MOD,CA,AWP,WE,Federal Contract Tower,0,10,4,0,14,0,23,130,0,153,0,33,134,0,167,56,0,56,223
07/07/2003,MOD,CA,AWP,WE,Federal Contract Tower,0,5,46,0,51,0,20,70,2,92,0,25,116,2,143,42,0,42,185
07/08/2003,MOD,CA,AWP,WE,Federal Contract Tower,0,8,16,0,24,0,48,133,0,181,0,56,149,0,205,82,0,82,287
07/09/2003,MOD,CA,AWP,WE,Federal Contract Tower,0,8,16,0,24,0,41,93,0,134,0,49,109,0,158,92,0,92,250
07/10/2003,MOD,CA,AWP,WE,Federal Contract Tower,0,8,32,0,40,0,43,132,0,175,0,51,164,0,215,126,0,126,341
07/11/2003,MOD,CA,AWP,WE,Federal Contract Tower,0,6,31,0,37,0,36,105,0,141,0,42,136,0,178,72,0,72,250
07/12/2003,MOD,CA,AWP,WE,Federal Contract Tower,0,7,24,0,31,0,31,122,0,153,0,38,146,0,184,74,0,74,258
07/13/2003,MOD,CA,AWP,WE,Federal Contract Tower,0,10,14,0,24,0,22,121,0,143,0,32,135,0,167,56,0,56,223
07/14/2003,MOD,CA,AWP,WE,Federal Contract Tower,0,8,31,0,39,0,29,76,0,105,0,37,107,0,144,68,0,68,212
07/15/2003,MOD,CA,AWP,WE,Federal Contract Tower,0,8,29,0,37,0,22,69,0,91,0,30,98,0,128,106,0,106,234
07/16/2003,MOD,CA,AWP,WE,Federal Contract Tower,0,8,23,0,31,0,48,119,2,169,0,56,142,2,200,92,0,92,292
07/17/2003,MOD,CA,AWP,WE,Federal Contract Tower,0,12,31,0,43,0,27,112,0,139,0,39,143,0,182,132,0,132,314
07/18/2003,MOD,CA,AWP,WE,Federal Contract Tower,0,15,37,0,52,0,23,118,0,141,0,38,155,0,193,82,0,82,275
07/19/2003,MOD,CA,AWP,WE,Federal Contract Tower,0,8,26,0,34,0,32,104,0,136,0,40,130,0,170,108,0,108,278
07/20/2003,MOD,CA,AWP,WE,Federal Contract Tower,0,6,6,0,12,0,16,95,0,111,0,22,101,0,123,36,0,36,159
07/21/2003,MOD,CA,AWP,WE,Federal Contract Tower,0,9,22,0,31,0,23,84,0,107,0,32,106,0,138,58,0,58,196
07/22/2003,MOD,CA,AWP,WE,Federal Contract Tower,0,12,19,0,31,0,25,106,0,131,0,37,125,0,162,153,0,153,315
07/23/2003,MOD,CA,AWP,WE,Federal Contract Tower,0,12,36,0,48,0,42,96,0,138,0,54,132,0,186,118,0,118,304
07/24/2003,MOD,CA,AWP,WE,Federal Contract Tower,0,13,13,0,26,0,31,173,0,204,0,44,186,0,230,140,0,140,370
07/25/2003,MOD,CA,AWP,WE,Federal Contract Tower,0,10,29,0,39,0,35,125,0,160,0,45,154,0,199,134,0,134,333
07/26/2003,MOD,CA,AWP,WE,Federal Contract Tower,0,8,22,0,30,0,16,145,0,161,0,24,167,0,191,138,0,138,329
07/27/2003,MOD,CA,AWP,WE,Federal Contract Tower,0,7,16,0,23,0,20,110,0,130,0,27,126,0,153,114,0,114,267
07/28/2003,MOD,CA,AWP,WE,Federal Contract Tower,0,11,34,0,45,0,29,72,0,101,0,40,106,0,146,60,0,60,206
07/29/2003,MOD,CA,AWP,WE,Federal Contract Tower,0,8,22,0,30,0,34,111,0,145,0,42,133,0,175,134,0,134,309
07/30/2003,MOD,CA,AWP,WE,Federal Contract Tower,0,9,16,0,25,0,36,111,0,147,0,45,127,0,172,66,0,66,238
07/31/2003,MOD,CA,AWP,WE,Federal Contract Tower,0,8,32,0,40,0,29,84,0,113,0,37,116,0,153,117,0,117,270
08/01/2003,MOD,CA,AWP,WE,Federal Contract Tower,0,8,30,0,38,0,30,101,0,131,0,38,131,0,169,60,0,60,229
08/02/2003,MOD,CA,AWP,WE,Federal Contract Tower,0,6,16,0,22,0,23,71,0,94,0,29,87,0,116,64,0,64,180
08/03/2003,MOD,CA,AWP,WE,Federal Contract Tower,0,8,29,0,37,0,15,102,0,117,0,23,131,0,154,84,0,84,238
08/04/2003,MOD,CA,AWP,WE,Federal Contract Tower,0,11,36,0,47,0,30,63,0,93,0,41,99,0,140,74,0,74,214
08/05/2003,MOD,CA,AWP,WE,Federal Contract Tower,0,9,17,0,26,0,26,106,0,132,0,35,123,0,158,132,0,132,290
08/06/2003,MOD,CA,AWP,WE,Federal Contract Tower,0,10,30,0,40,0,33,116,10,159,0,43,146,10,199,98,14,112,311
08/07/2003,MOD,CA,AWP,WE,Federal Contract Tower,0,8,36,0,44,0,36,106,0,142,0,44,142,0,186,104,0,104,290
08/08/2003,MOD,CA,AWP,WE,Federal Contract Tower,0,10,12,0,22,0,12,131,0,143,0,22,143,0,165,129,0,129,294
08/09/2003,MOD,CA,AWP,WE,Federal Contract Tower,0,8,8,0,16,0,26,119,0,145,0,34,127,0,161,157,0,157,318
08/10/2003,MOD,CA,AWP,WE,Federal Contract Tower,0,10,12,0,22,0,27,107,0,134,0,37,119,0,156,54,0,54,210
08/11/2003,MOD,CA,AWP,WE,Federal Contract Tower,0,7,12,0,19,0,27,107,0,134,0,34,119,0,153,68,0,68,221
08/12/2003,MOD,CA,AWP,WE,Federal Contract Tower,0,8,32,0,40,0,44,126,0,170,0,52,158,0,210,104,0,104,314
08/13/2003,MOD,CA,AWP,WE,Federal Contract Tower,0,8,52,4,64,0,31,159,0,190,0,39,211,4,254,124,0,124,378
08/14/2003,MOD,CA,AWP,WE,Federal Contract Tower,0,10,32,0,42,0,27,86,0,113,0,37,118,0,155,127,0,127,282
08/15/2003,MOD,CA,AWP,WE,Federal Contract Tower,0,8,16,0,24,0,31,147,0,178,0,39,163,0,202,58,0,58,260
08/16/2003,MOD,CA,AWP,WE,Federal Contract Tower,0,6,19,0,25,0,38,127,0,165,0,44,146,0,190,139,0,139,329
08/17/2003,MOD,CA,AWP,WE,Federal Contract Tower,0,6,20,1,27,0,30,133,1,164,0,36,153,2,191,76,0,76,267
08/18/2003,MOD,CA,AWP,WE,Federal Contract Tower,0,6,32,0,38,0,18,114,8,140,0,24,146,8,178,61,0,61,239
08/19/2003,MOD,CA,AWP,WE,Federal Contract Tower,0,8,34,2,44,0,32,95,0,127,0,40,129,2,171,88,0,88,259
08/20/2003,MOD,CA,AWP,WE,Federal Contract Tower,0,6,6,0,12,0,42,99,0,141,0,48,105,0,153,184,0,184,337
08/21/2003,MOD,CA,AWP,WE,Federal Contract Tower,0,6,15,0,21,0,38,61,0,99,0,44,76,0,120,60,0,60,180
08/22/2003,MOD,CA,AWP,WE,Federal Contract Tower,0,6,15,0,21,0,17,75,2,94,0,23,90,2,115,67,2,69,184
08/23/2003,MOD,CA,AWP,WE,Federal Contract Tower,0,8,16,0,24,0,29,111,0,140,0,37,127,0,164,114,0,114,278
08/24/2003,MOD,CA,AWP,WE,Federal Contract Tower,0,8,20,0,28,0,17,94,0,111,0,25,114,0,139,42,0,42,181
08/25/2003,MOD,CA,AWP,WE,Federal Contract Tower,0,10,15,0,25,0,14,92,0,106,0,24,107,0,131,66,0,66,197
08/26/2003,MOD,CA,AWP,WE,Federal Contract Tower,0,9,29,6,44,0,30,112,0,142,0,39,141,6,186,112,0,112,298
08/27/2003,MOD,CA,AWP,WE,Federal Contract Tower,0,9,16,0,25,0,26,141,0,167,0,35,157,0,192,110,0,110,302
08/28/2003,MOD,CA,AWP,WE,Federal Contract Tower,0,11,22,0,33,0,20,116,0,136,0,31,138,0,169,112,0,112,281
08/29/2003,MOD,CA,AWP,WE,Federal Contract Tower,0,8,50,0,58,0,26,124,0,150,0,34,174,0,208,90,0,90,298
08/30/2003,MOD,CA,AWP,WE,Federal Contract Tower,0,8,17,0,25,0,25,92,0,117,0,33,109,0,142,126,0,126,268
08/31/2003,MOD,CA,AWP,WE,Federal Contract Tower,0,6,19,0,25,0,28,100,0,128,0,34,119,0,153,50,0,50,203
09/01/2003,MOD,CA,AWP,WE,Federal Contract Tower,0,6,9,0,15,0,31,124,0,155,0,37,133,0,170,58,0,58,228
09/02/2003,MOD,CA,AWP,WE,Federal Contract Tower,0,13,19,0,32,0,29,85,0,114,0,42,104,0,146,76,0,76,222
09/03/2003,MOD,CA,AWP,WE,Federal Contract Tower,0,6,19,0,25,0,30,104,0,134,0,36,123,0,159,104,0,104,263
09/04/2003,MOD,CA,AWP,WE,Federal Contract Tower,0,12,24,0,36,0,36,95,0,131,0,48,119,0,167,113,0,113,280
09/05/2003,MOD,CA,AWP,WE,Federal Contract Tower,0,7,13,0,20,0,41,111,0,152,0,48,124,0,172,159,0,159,331
09/06/2003,MOD,CA,AWP,WE,Federal Contract Tower,0,7,10,0,17,0,18,128,0,146,0,25,138,0,163,106,0,106,269
09/07/2003,MOD,CA,AWP,WE,Federal Contract Tower,0,6,9,0,15,0,38,99,0,137,0,44,108,0,152,102,0,102,254
09/08/2003,MOD,CA,AWP,WE,Federal Contract Tower,0,5,17,0,22,0,29,104,0,133,0,34,121,0,155,56,0,56,211
09/09/2003,MOD,CA,AWP,WE,Federal Contract Tower,0,7,13,0,20,0,26,111,0,137,0,33,124,0,157,122,0,122,279
09/10/2003,MOD,CA,AWP,WE,Federal Contract Tower,0,23,28,4,55,0,38,115,0,153,0,61,143,4,208,56,0,56,264
09/11/2003,MOD,CA,AWP,WE,Federal Contract Tower,0,8,41,0,49,0,31,123,0,154,0,39,164,0,203,84,0,84,287
09/12/2003,MOD,CA,AWP,WE,Federal Contract Tower,0,10,14,0,24,0,28,93,0,121,0,38,107,0,145,90,0,90,235
09/13/2003,MOD,CA,AWP,WE,Federal Contract Tower,0,6,21,0,27,0,20,93,0,113,0,26,114,0,140,108,0,108,248
09/14/2003,MOD,CA,AWP,WE,Federal Contract Tower,0,6,16,0,22,0,46,88,0,134,0,52,104,0,156,30,0,30,186
09/15/2003,MOD,CA,AWP,WE,Federal Contract Tower,0,9,7,0,16,0,21,103,4,128,0,30,110,4,144,72,0,72,216
09/16/2003,MOD,CA,AWP,WE,Federal Contract Tower,0,8,21,0,29,0,25,87,0,112,0,33,108,0,141,140,0,140,281
09/17/2003,MOD,CA,AWP,WE,Federal Contract Tower,0,14,22,4,40,0,40,140,0,180,0,54,162,4,220,76,0,76,296
09/18/2003,MOD,CA,AWP,WE,Federal Contract Tower,0,8,40,0,48,0,23,111,0,134,0,31,151,0,182,94,0,94,276
09/19/2003,MOD,CA,AWP,WE,Federal Contract Tower,0,12,14,0,26,0,32,140,0,172,0,44,154,0,198,74,0,74,272
09/20/2003,MOD,CA,AWP,WE,Federal Contract Tower,0,6,21,0,27,0,29,125,0,154,0,35,146,0,181,110,0,110,291
09/21/2003,MOD,CA,AWP,WE,Federal Contract Tower,0,7,11,0,18,0,31,109,0,140,0,38,120,0,158,34,0,34,192
09/22/2003,MOD,CA,AWP,WE,Federal Contract Tower,0,10,13,0,23,0,29,84,0,113,0,39,97,0,136,28,0,28,164
09/23/2003,MOD,CA,AWP,WE,Federal Contract Tower,0,8,33,8,49,0,17,83,0,100,0,25,116,8,149,80,0,80,229
09/24/2003,MOD,CA,AWP,WE,Federal Contract Tower,0,12,15,0,27,0,25,105,0,130,0,37,120,0,157,96,0,96,253
09/25/2003,MOD,CA,AWP,WE,Federal Contract Tower,0,5,35,0,40,0,24,111,14,149,0,29,146,14,189,77,0,77,266
09/26/2003,MOD,CA,AWP,WE,Federal Contract Tower,0,6,23,0,29,0,30,88,0,118,0,36,111,0,147,126,0,126,273
09/27/2003,MOD,CA,AWP,WE,Federal Contract Tower,0,6,22,0,28,0,17,98,0,115,0,23,120,0,143,116,0,116,259
09/28/2003,MOD,CA,AWP,WE,Federal Contract Tower,0,10,13,0,23,0,25,101,0,126,0,35,114,0,149,82,0,82,231
09/29/2003,MOD,CA,AWP,WE,Federal Contract Tower,0,8,37,0,45,0,32,72,0,104,0,40,109,0,149,110,0,110,259
09/30/2003,MOD,CA,AWP,WE,Federal Contract Tower,0,8,25,0,33,0,19,106,0,125,0,27,131,0,158,114,0,114,272
10/01/2003,MOD,CA,AWP,WE,Federal Contract Tower,0,5,19,0,24,0,40,140,0,180,0,45,159,0,204,38,0,38,242
10/02/2003,MOD,CA,AWP,WE,Federal Contract Tower,0,10,37,0,47,0,26,147,0,173,0,36,184,0,220,60,0,60,280
10/03/2003,MOD,CA,AWP,WE,Federal Contract Tower,0,5,17,0,22,0,29,82,0,111,0,34,99,0,133,101,0,101,234
10/04/2003,MOD,CA,AWP,WE,Federal Contract Tower,0,5,20,0,25,0,17,110,0,127,0,22,130,0,152,100,0,100,252
10/05/2003,MOD,CA,AWP,WE,Federal Contract Tower,0,5,19,0,24,0,27,100,0,127,0,32,119,0,151,34,0,34,185
10/06/2003,MOD,CA,AWP,WE,Federal Contract Tower,0,5,20,0,25,0,29,73,0,102,0,34,93,0,127,74,0,74,201
10/07/2003,MOD,CA,AWP,WE,Federal Contract Tower,0,10,40,0,50,0,25,101,2,128,0,35,141,2,178,158,0,158,336
10/08/2003,MOD,CA,AWP,WE,Federal Contract Tower,0,8,32,0,40,0,32,105,0,137,0,40,137,0,177,144,0,144,321
10/09/2003,MOD,CA,AWP,WE,Federal Contract Tower,0,7,28,0,35,0,22,113,0,135,0,29,141,0,170,100,0,100,270
10/10/2003,MOD,CA,AWP,WE,Federal Contract Tower,0,9,33,0,42,0,17,61,0,78,0,26,94,0,120,40,0,40,160
10/11/2003,MOD,CA,AWP,WE,Federal Contract Tower,0,7,27,0,34,0,32,140,0,172,0,39,167,0,206,106,0,106,312
10/12/2003,MOD,CA,AWP,WE,Federal Contract Tower,0,5,22,1,28,0,12,106,3,121,0,17,128,4,149,70,0,70,219
10/13/2003,MOD,CA,AWP,WE,Federal Contract Tower,0,1,4,0,5,0,15,98,0,113,0,16,102,0,118,70,0,70,188
10/14/2003,MOD,CA,AWP,WE,Federal Contract Tower,0,7,28,0,35,0,15,100,0,115,0,22,128,0,150,152,0,152,302
10/15/2003,MOD,CA,AWP,WE,Federal Contract Tower,0,6,26,0,32,0,17,141,0,158,0,23,167,0,190,120,0,120,310
10/16/2003,MOD,CA,AWP,WE,Federal Contract Tower,0,1,6,0,7,0,14,89,0,103,0,15,95,0,110,46,0,46,156
10/17/2003,MOD,CA,AWP,WE,Federal Contract Tower,0,3,16,0,19,0,25,139,0,164,0,28,155,0,183,72,0,72,255
10/18/2003,MOD,CA,AWP,WE,Federal Contract Tower,0,7,29,0,36,0,13,117,0,130,0,20,146,0,166,84,0,84,250
10/19/2003,MOD,CA,AWP,WE,Federal Contract Tower,0,4,21,0,25,0,22,108,0,130,0,26,129,0,155,16,0,16,171
10/20/2003,MOD,CA,AWP,WE,Federal Contract Tower,0,1,9,0,10,0,25,93,0,118,0,26,102,0,128,100,0,100,228
10/21/2003,MOD,CA,AWP,WE,Federal Contract Tower,0,4,20,0,24,0,32,100,0,132,0,36,120,0,156,130,0,130,286
10/22/2003,MOD,CA,AWP,WE,Federal Contract Tower,0,2,10,0,12,0,25,111,0,136,0,27,121,0,148,86,0,86,234
10/23/2003,MOD,CA,AWP,WE,Federal Contract Tower,0,8,33,0,41,0,18,107,0,125,0,26,140,0,166,58,0,58,224
10/24/2003,MOD,CA,AWP,WE,Federal Contract Tower,0,11,47,0,58,0,27,148,0,175,0,38,195,0,233,82,0,82,315
10/25/2003,MOD,CA,AWP,WE,Federal Contract Tower,0,6,28,0,34,0,27,131,0,158,0,33,159,0,192,129,0,129,321
10/26/2003,MOD,CA,AWP,WE,Federal Contract Tower,0,3,13,0,16,0,24,107,0,131,0,27,120,0,147,44,0,44,191
10/27/2003,MOD,CA,AWP,WE,Federal Contract Tower,0,5,21,0,26,0,14,53,0,67,0,19,74,0,93,28,0,28,121
10/28/2003,MOD,CA,AWP,WE,Federal Contract Tower,0,10,43,0,53,0,25,101,0,126,0,35,144,0,179,96,0,96,275
10/29/2003,MOD,CA,AWP,WE,Federal Contract Tower,0,5,24,0,29,0,11,73,0,84,0,16,97,0,113,94,0,94,207
10/30/2003,MOD,CA,AWP,WE,Federal Contract Tower,0,5,23,0,28,0,35,96,2,133,0,40,119,2,161,116,0,116,277
10/31/2003,MOD,CA,AWP,WE,Federal Contract Tower,0,5,21,0,26,0,33,52,0,85,0,38,73,0,111,42,0,42,153
11/01/2003,MOD,CA,AWP,WE,Federal Contract Tower,0,8,20,0,28,0,56,164,0,220,0,64,184,0,248,48,0,48,296
11/02/2003,MOD,CA,AWP,WE,Federal Contract Tower,0,5,11,0,16,0,29,86,0,115,0,34,97,0,131,52,0,52,183
11/03/2003,MOD,CA,AWP,WE,Federal Contract Tower,0,7,18,0,25,0,40,51,0,91,0,47,69,0,116,50,0,50,166
11/04/2003,MOD,CA,AWP,WE,Federal Contract Tower,0,13,33,0,46,0,21,89,4,114,0,34,122,4,160,66,0,66,226
11/05/2003,MOD,CA,AWP,WE,Federal Contract Tower,0,8,21,0,29,0,28,94,0,122,0,36,115,0,151,80,0,80,231
11/06/2003,MOD,CA,AWP,WE,Federal Contract Tower,0,14,37,0,51,0,15,48,4,67,0,29,85,4,118,94,0,94,212
11/07/2003,MOD,CA,AWP,WE,Federal Contract Tower,0,20,57,0,77,0,12,43,0,55,0,32,100,0,132,63,0,63,195
11/08/2003,MOD,CA,AWP,WE,Federal Contract Tower,0,11,31,1,43,0,7,33,3,43,0,18,64,4,86,44,0,44,130
11/09/2003,MOD,CA,AWP,WE,Federal Contract Tower,0,10,29,0,39,0,11,41,0,52,0,21,70,0,91,30,0,30,121
11/10/2003,MOD,CA,AWP,WE,Federal Contract Tower,0,6,19,0,25,0,22,75,0,97,0,28,94,0,122,40,0,40,162
11/11/2003,MOD,CA,AWP,WE,Federal Contract Tower,0,10,27,0,37,0,34,89,0,123,0,44,116,0,160,112,0,112,272
11/12/2003,MOD,CA,AWP,WE,Federal Contract Tower,0,15,44,1,60,0,31,83,1,115,0,46,127,2,175,92,0,92,267
11/13/2003,MOD,CA,AWP,WE,Federal Contract Tower,0,15,42,0,57,0,29,82,0,111,0,44,124,0,168,94,0,94,262
11/14/2003,MOD,CA,AWP,WE,Federal Contract Tower,0,14,39,1,54,0,24,60,1,85,0,38,99,2,139,98,0,98,237
11/15/2003,MOD,CA,AWP,WE,Federal Contract Tower,0,8,23,0,31,0,19,38,0,57,0,27,61,0,88,50,0,50,138
11/16/2003,MOD,CA,AWP,WE,Federal Contract Tower,0,6,17,0,23,0,20,74,0,94,0,26,91,0,117,66,0,66,183
11/17/2003,MOD,CA,AWP,WE,Federal Contract Tower,0,6,17,0,23,0,26,51,4,81,0,32,68,4,104,52,0,52,156
11/18/2003,MOD,CA,AWP,WE,Federal Contract Tower,0,9,27,0,36,0,21,46,0,67,0,30,73,0,103,92,0,92,195
11/19/2003,MOD,CA,AWP,WE,Federal Contract Tower,0,12,37,0,49,0,46,71,0,117,0,58,108,0,166,56,0,56,222
11/20/2003,MOD,CA,AWP,WE,Federal Contract Tower,0,10,30,0,40,0,30,60,0,90,0,40,90,0,130,94,0,94,224
11/21/2003,MOD,CA,AWP,WE,Federal Contract Tower,0,15,43,0,58,0,7,109,0,116,0,22,152,0,174,68,0,68,242
11/22/2003,MOD,CA,AWP,WE,Federal Contract Tower,0,9,28,0,37,0,11,78,1,90,0,20,106,1,127,58,2,60,187
11/23/2003,MOD,CA,AWP,WE,Federal Contract Tower,0,8,26,0,34,0,10,77,0,87,0,18,103,0,121,52,0,52,173
11/24/2003,MOD,CA,AWP,WE,Federal Contract Tower,0,13,38,0,51,0,7,59,0,66,0,20,97,0,117,88,0,88,205
11/25/2003,MOD,CA,AWP,WE,Federal Contract Tower,0,12,34,0,46,0,22,58,0,80,0,34,92,0,126,96,0,96,222
11/26/2003,MOD,CA,AWP,WE,Federal Contract Tower,0,11,32,0,43,0,26,110,0,136,0,37,142,0,179,90,0,90,269
11/27/2003,MOD,CA,AWP,WE,Federal Contract Tower,0,2,8,0,10,0,10,43,0,53,0,12,51,0,63,18,0,18,81
11/28/2003,MOD,CA,AWP,WE,Federal Contract Tower,0,6,17,0,23,0,16,67,0,83,0,22,84,0,106,78,0,78,184
11/29/2003,MOD,CA,AWP,WE,Federal Contract Tower,0,11,31,0,42,0,11,33,0,44,0,22,64,0,86,61,0,61,147
11/30/2003,MOD,CA,AWP,WE,Federal Contract Tower,0,8,26,0,34,0,7,27,0,34,0,15,53,0,68,30,0,30,98
12/01/2003,MOD,CA,AWP,WE,Federal Contract Tower,0,8,15,0,23,0,10,57,0,67,0,18,72,0,90,48,0,48,138
12/02/2003,MOD,CA,AWP,WE,Federal Contract Tower,0,11,19,0,30,0,13,73,0,86,0,24,92,0,116,58,0,58,174
12/03/2003,MOD,CA,AWP,WE,Federal Contract Tower,0,22,65,0,87,0,0,18,4,22,0,22,83,4,109,6,0,6,115
12/04/2003,MOD,CA,AWP,WE,Federal Contract Tower,0,13,25,0,38,0,4,4,0,8,0,17,29,0,46,4,0,4,50
12/05/2003,MOD,CA,AWP,WE,Federal Contract Tower,0,13,27,0,40,0,12,26,0,38,0,25,53,0,78,20,0,20,98
12/06/2003,MOD,CA,AWP,WE,Federal Contract Tower,0,8,15,0,23,0,10,33,0,43,0,18,48,0,66,24,0,24,90
12/07/2003,MOD,CA,AWP,WE,Federal Contract Tower,0,14,28,0,42,0,2,73,0,75,0,16,101,0,117,92,0,92,209
12/08/2003,MOD,CA,AWP,WE,Federal Contract Tower,0,12,24,0,36,0,11,96,0,107,0,23,120,0,143,36,0,36,179
12/09/2003,MOD,CA,AWP,WE,Federal Contract Tower,0,16,36,0,52,0,25,34,0,59,0,41,70,0,111,12,0,12,123
12/10/2003,MOD,CA,AWP,WE,Federal Contract Tower,0,20,42,0,62,0,37,84,0,121,0,57,126,0,183,70,0,70,253
12/11/2003,MOD,CA,AWP,WE,Federal Contract Tower,0,15,33,0,48,0,20,68,0,88,0,35,101,0,136,59,0,59,195
12/12/2003,MOD,CA,AWP,WE,Federal Contract Tower,0,13,29,1,43,0,18,50,3,71,0,31,79,4,114,82,0,82,196
12/13/2003,MOD,CA,AWP,WE,Federal Contract Tower,0,5,12,0,17,0,25,67,0,92,0,30,79,0,109,104,0,104,213
12/14/2003,MOD,CA,AWP,WE,Federal Contract Tower,0,7,16,0,23,0,13,53,0,66,0,20,69,0,89,38,0,38,127
12/15/2003,MOD,CA,AWP,WE,Federal Contract Tower,0,9,20,0,29,0,17,53,0,70,0,26,73,0,99,92,0,92,191
12/16/2003,MOD,CA,AWP,WE,Federal Contract Tower,0,10,21,0,31,0,21,86,0,107,0,31,107,0,138,90,0,90,228
12/17/2003,MOD,CA,AWP,WE,Federal Contract Tower,0,9,20,0,29,0,15,104,0,119,0,24,124,0,148,140,0,140,288
12/18/2003,MOD,CA,AWP,WE,Federal Contract Tower,0,10,24,0,34,0,24,64,0,88,0,34,88,0,122,64,0,64,186
12/19/2003,MOD,CA,AWP,WE,Federal Contract Tower,0,23,51,0,74,0,4,14,0,18,0,27,65,0,92,60,0,60,152
12/20/2003,MOD,CA,AWP,WE,Federal Contract Tower,0,13,47,0,60,0,0,14,0,14,0,13,61,0,74,56,0,56,130
12/21/2003,MOD,CA,AWP,WE,Federal Contract Tower,0,10,24,0,34,0,12,12,0,24,0,22,36,0,58,20,0,20,78
12/22/2003,MOD,CA,AWP,WE,Federal Contract Tower,0,16,37,0,53,0,1,20,0,21,0,17,57,0,74,47,0,47,121
12/23/2003,MOD,CA,AWP,WE,Federal Contract Tower,0,9,21,0,30,0,16,23,0,39,0,25,44,0,69,2,0,2,71
12/24/2003,MOD,CA,AWP,WE,Federal Contract Tower,0,11,26,0,37,0,17,14,0,31,0,28,40,0,68,2,0,2,70
12/25/2003,MOD,CA,AWP,WE,Federal Contract Tower,0,2,7,0,9,0,8,3,0,11,0,10,10,0,20,20,0,20,40
12/26/2003,MOD,CA,AWP,WE,Federal Contract Tower,0,9,21,0,30,0,26,93,0,119,0,35,114,0,149,38,0,38,187
12/27/2003,MOD,CA,AWP,WE,Federal Contract Tower,0,10,23,0,33,0,22,121,0,143,0,32,144,0,176,67,0,67,243
12/28/2003,MOD,CA,AWP,WE,Federal Contract Tower,0,5,13,0,18,0,17,45,0,62,0,22,58,0,80,30,0,30,110
12/29/2003,MOD,CA,AWP,WE,Federal Contract Tower,0,6,14,0,20,0,8,9,0,17,0,14,23,0,37,4,0,4,41
12/30/2003,MOD,CA,AWP,WE,Federal Contract Tower,0,7,17,0,24,0,34,74,0,108,0,41,91,0,132,70,0,70,202
12/31/2003,MOD,CA,AWP,WE,Federal Contract Tower,0,7,16,0,23,0,33,52,0,85,0,40,68,0,108,40,0,40,148
01/01/2004,MOD,CA,AWP,WE,Federal Contract Tower,0,7,11,0,18,0,16,1,0,17,0,23,12,0,35,1,0,1,36
01/02/2004,MOD,CA,AWP,WE,Federal Contract Tower,0,6,8,0,14,0,13,19,0,32,0,19,27,0,46,4,0,4,50
01/03/2004,MOD,CA,AWP,WE,Federal Contract Tower,0,10,14,0,24,0,23,120,0,143,0,33,134,0,167,104,0,104,271
01/04/2004,MOD,CA,AWP,WE,Federal Contract Tower,0,5,9,0,14,0,21,101,0,122,0,26,110,0,136,138,0,138,274
01/05/2004,MOD,CA,AWP,WE,Federal Contract Tower,0,7,14,0,21,0,20,93,0,113,0,27,107,0,134,74,0,74,208
01/06/2004,MOD,CA,AWP,WE,Federal Contract Tower,0,9,17,0,26,0,13,79,0,92,0,22,96,0,118,96,0,96,214
01/07/2004,MOD,CA,AWP,WE,Federal Contract Tower,0,14,27,1,42,0,34,78,1,113,0,48,105,2,155,58,0,58,213
01/08/2004,MOD,CA,AWP,WE,Federal Contract Tower,0,10,19,0,29,0,18,88,0,106,0,28,107,0,135,119,0,119,254
01/09/2004,MOD,CA,AWP,WE,Federal Contract Tower,0,17,34,1,52,0,6,48,6,60,0,23,82,7,112,52,0,52,164
01/10/2004,MOD,CA,AWP,WE,Federal Contract Tower,0,8,16,0,24,0,6,38,0,44,0,14,54,0,68,40,0,40,108
01/11/2004,MOD,CA,AWP,WE,Federal Contract Tower,0,7,16,0,23,0,0,0,0,0,0,7,16,0,23,2,0,2,25
01/12/2004,MOD,CA,AWP,WE,Federal Contract Tower,0,10,20,0,30,0,1,0,0,1,0,11,20,0,31,0,0,0,31
01/13/2004,MOD,CA,AWP,WE,Federal Contract Tower,0,16,23,0,39,0,9,0,0,9,0,25,23,0,48,0,0,0,48
01/14/2004,MOD,CA,AWP,WE,Federal Contract Tower,0,17,30,0,47,0,1,0,4,5,0,18,30,4,52,0,0,0,52
01/15/2004,MOD,CA,AWP,WE,Federal Contract Tower,0,10,10,0,20,0,11,0,0,11,0,21,10,0,31,0,0,0,31
01/16/2004,MOD,CA,AWP,WE,Federal Contract Tower,0,23,39,0,62,0,10,0,0,10,0,33,39,0,72,6,0,6,78
01/17/2004,MOD,CA,AWP,WE,Federal Contract Tower,0,14,30,0,44,0,4,18,0,22,0,18,48,0,66,42,0,42,108
01/18/2004,MOD,CA,AWP,WE,Federal Contract Tower,0,12,24,0,36,0,8,18,0,26,0,20,42,0,62,46,0,46,108
01/19/2004,MOD,CA,AWP,WE,Federal Contract Tower,0,24,48,0,72,0,1,8,0,9,0,25,56,0,81,10,0,10,91
01/20/2004,MOD,CA,AWP,WE,Federal Contract Tower,0,8,18,0,26,0,10,30,0,40,0,18,48,0,66,38,0,38,104
01/21/2004,MOD,CA,AWP,WE,Federal Contract Tower,0,15,31,0,46,0,17,140,0,157,0,32,171,0,203,120,0,120,323
01/22/2004,MOD,CA,AWP,WE,Federal Contract Tower,0,12,26,0,38,0,13,33,0,46,0,25,59,0,84,88,0,88,172
01/23/2004,MOD,CA,AWP,WE,Federal Contract Tower,0,15,27,0,42,0,4,0,0,4,0,19,27,0,46,4,0,4,50
01/24/2004,MOD,CA,AWP,WE,Federal Contract Tower,0,16,34,0,50,0,2,2,0,4,0,18,36,0,54,26,0,26,80
01/25/2004,MOD,CA,AWP,WE,Federal Contract Tower,0,7,14,0,21,0,28,91,0,119,0,35,105,0,140,58,0,58,198
01/26/2004,MOD,CA,AWP,WE,Federal Contract Tower,0,7,14,0,21,0,17,41,2,60,0,24,55,2,81,50,0,50,131
01/27/2004,MOD,CA,AWP,WE,Federal Contract Tower,0,14,28,0,42,0,21,20,0,41,0,35,48,0,83,50,0,50,133
01/28/2004,MOD,CA,AWP,WE,Federal Contract Tower,0,19,40,0,59,0,8,68,7,83,0,27,108,7,142,67,0,67,209
01/29/2004,MOD,CA,AWP,WE,Federal Contract Tower,0,11,24,0,35,0,8,38,0,46,0,19,62,0,81,96,0,96,177
01/30/2004,MOD,CA,AWP,WE,Federal Contract Tower,0,21,43,0,64,0,15,45,0,60,0,36,88,0,124,53,0,53,177
01/31/2004,MOD,CA,AWP,WE,Federal Contract Tower,0,11,23,0,34,0,6,107,0,113,0,17,130,0,147,100,0,100,247
02/01/2004,MOD,CA,AWP,WE,Federal Contract Tower,0,11,17,0,28,0,14,31,0,45,0,25,48,0,73,40,0,40,113
02/02/2004,MOD,CA,AWP,WE,Federal Contract Tower,0,13,21,0,34,0,16,17,10,43,0,29,38,10,77,12,0,12,89
02/03/2004,MOD,CA,AWP,WE,Federal Contract Tower,0,23,36,0,59,0,12,21,2,35,0,35,57,2,94,28,0,28,122
02/04/2004,MOD,CA,AWP,WE,Federal Contract Tower,0,22,34,0,56,0,20,44,0,64,0,42,78,0,120,29,0,29,149
02/05/2004,MOD,CA,AWP,WE,Federal Contract Tower,0,13,20,0,33,0,24,116,0,140,0,37,136,0,173,103,0,103,276
02/06/2004,MOD,CA,AWP,WE,Federal Contract Tower,0,15,26,0,41,0,33,42,0,75,0,48,68,0,116,53,0,53,169
02/07/2004,MOD,CA,AWP,WE,Federal Contract Tower,0,12,21,0,33,0,26,123,0,149,0,38,144,0,182,50,0,50,232
02/08/2004,MOD,CA,AWP,WE,Federal Contract Tower,0,11,18,0,29,0,14,114,0,128,0,25,132,0,157,92,0,92,249
02/09/2004,MOD,CA,AWP,WE,Federal Contract Tower,0,9,16,1,26,0,40,69,1,110,0,49,85,2,136,42,0,42,178
02/10/2004,MOD,CA,AWP,WE,Federal Contract Tower,0,9,15,1,25,0,13,101,3,117,0,22,116,4,142,82,0,82,224
02/11/2004,MOD,CA,AWP,WE,Federal Contract Tower,0,9,16,0,25,0,17,113,0,130,0,26,129,0,155,64,0,64,219
02/12/2004,MOD,CA,AWP,WE,Federal Contract Tower,0,15,26,0,41,0,22,83,0,105,0,37,109,0,146,80,0,80,226
02/13/2004,MOD,CA,AWP,WE,Federal Contract Tower,0,19,32,1,52,0,18,61,3,82,0,37,93,4,134,31,0,31,165
02/14/2004,MOD,CA,AWP,WE,Federal Contract Tower,0,10,16,0,26,0,24,83,0,107,0,34,99,0,133,118,0,118,251
02/15/2004,MOD,CA,AWP,WE,Federal Contract Tower,0,9,16,1,26,0,4,43,11,58,0,13,59,12,84,12,2,14,98
02/16/2004,MOD,CA,AWP,WE,Federal Contract Tower,0,17,27,0,44,0,15,22,0,37,0,32,49,0,81,22,0,22,103
02/17/2004,MOD,CA,AWP,WE,Federal Contract Tower,0,6,12,0,18,0,27,36,0,63,0,33,48,0,81,48,0,48,129
02/18/2004,MOD,CA,AWP,WE,Federal Contract Tower,0,10,17,0,27,0,25,53,0,78,0,35,70,0,105,42,0,42,147
02/19/2004,MOD,CA,AWP,WE,Federal Contract Tower,0,10,18,0,28,0,19,96,0,115,0,29,114,0,143,121,0,121,264
02/20/2004,MOD,CA,AWP,WE,Federal Contract Tower,0,10,18,0,28,0,25,21,0,46,0,35,39,0,74,22,0,22,96
02/21/2004,MOD,CA,AWP,WE,Federal Contract Tower,0,15,25,0,40,0,9,55,2,66,0,24,80,2,106,46,0,46,152
02/22/2004,MOD,CA,AWP,WE,Federal Contract Tower,0,6,11,0,17,0,17,33,0,50,0,23,44,0,67,24,0,24,91
02/23/2004,MOD,CA,AWP,WE,Federal Contract Tower,0,11,19,0,30,0,23,63,0,86,0,34,82,0,116,40,0,40,156
02/24/2004,MOD,CA,AWP,WE,Federal Contract Tower,0,14,25,0,39,0,17,43,4,64,0,31,68,4,103,66,0,66,169
02/25/2004,MOD,CA,AWP,WE,Federal Contract Tower,0,12,20,0,32,0,22,1,0,23,0,34,21,0,55,0,0,0,55
02/26/2004,MOD,CA,AWP,WE,Federal Contract Tower,0,8,15,0,23,0,28,41,0,69,0,36,56,0,92,42,0,42,134
02/27/2004,MOD,CA,AWP,WE,Federal Contract Tower,0,16,28,0,44,0,22,82,2,106,0,38,110,2,150,92,0,92,242
02/28/2004,MOD,CA,AWP,WE,Federal Contract Tower,0,9,16,0,25,0,14,128,0,142,0,23,144,0,167,126,0,126,293
02/29/2004,MOD,CA,AWP,WE,Federal Contract Tower,0,11,20,0,31,0,15,88,13,116,0,26,108,13,147,84,0,84,231
03/01/2004,MOD,CA,AWP,WE,Federal Contract Tower,0,9,23,0,32,0,18,28,0,46,0,27,51,0,78,8,0,8,86
03/02/2004,MOD,CA,AWP,WE,Federal Contract Tower,0,13,34,0,47,0,16,92,5,113,0,29,126,5,160,64,0,64,224
03/03/2004,MOD,CA,AWP,WE,Federal Contract Tower,0,14,37,0,51,0,24,127,0,151,0,38,164,0,202,106,0,106,308
03/04/2004,MOD,CA,AWP,WE,Federal Contract Tower,0,11,27,0,38,0,15,96,2,113,0,26,123,2,151,121,0,121,272
03/05/2004,MOD,CA,AWP,WE,Federal Contract Tower,0,8,18,0,26,0,16,116,0,132,0,24,134,0,158,60,0,60,218
03/06/2004,MOD,CA,AWP,WE,Federal Contract Tower,0,4,13,0,17,0,29,107,0,136,0,33,120,0,153,92,0,92,245
03/07/2004,MOD,CA,AWP,WE,Federal Contract Tower,0,4,12,0,16,0,30,121,0,151,0,34,133,0,167,96,0,96,263
03/08/2004,MOD,CA,AWP,WE,Federal Contract Tower,0,9,26,0,35,0,18,69,0,87,0,27,95,0,122,50,0,50,172
03/09/2004,MOD,CA,AWP,WE,Federal Contract Tower,0,14,37,0,51,0,24,129,0,153,0,38,166,0,204,66,0,66,270
03/10/2004,MOD,CA,AWP,WE,Federal Contract Tower,0,13,34,0,47,0,24,115,0,139,0,37,149,0,186,80,0,80,266
03/11/2004,MOD,CA,AWP,WE,Federal Contract Tower,0,9,24,0,33,0,24,107,0,131,0,33,131,0,164,148,0,148,312
03/12/2004,MOD,CA,AWP,WE,Federal Contract Tower,0,11,32,0,43,0,21,103,0,124,0,32,135,0,167,26,0,26,193
03/13/2004,MOD,CA,AWP,WE,Federal Contract Tower,0,6,17,1,24,0,20,151,1,172,0,26,168,2,196,148,0,148,344
03/14/2004,MOD,CA,AWP,WE,Federal Contract Tower,0,6,16,0,22,0,32,122,0,154,0,38,138,0,176,54,0,54,230
03/15/2004,MOD,CA,AWP,WE,Federal Contract Tower,0,10,27,0,37,0,17,76,0,93,0,27,103,0,130,100,0,100,230
03/16/2004,MOD,CA,AWP,WE,Federal Contract Tower,0,13,35,0,48,0,9,89,0,98,0,22,124,0,146,100,0,100,246
03/17/2004,MOD,CA,AWP,WE,Federal Contract Tower,0,9,25,0,34,0,32,121,0,153,0,41,146,0,187,128,0,128,315
03/18/2004,MOD,CA,AWP,WE,Federal Contract Tower,0,10,30,0,40,0,13,143,2,158,0,23,173,2,198,74,0,74,272
03/19/2004,MOD,CA,AWP,WE,Federal Contract Tower,0,12,35,0,47,0,21,147,0,168,0,33,182,0,215,94,4,98,313
03/20/2004,MOD,CA,AWP,WE,Federal Contract Tower,0,6,18,0,24,0,36,133,0,169,0,42,151,0,193,122,0,122,315
03/21/2004,MOD,CA,AWP,WE,Federal Contract Tower,0,6,17,0,23,0,27,86,0,113,0,33,103,0,136,44,0,44,180
03/22/2004,MOD,CA,AWP,WE,Federal Contract Tower,0,7,22,0,29,0,17,87,0,104,0,24,109,0,133,40,0,40,173
03/23/2004,MOD,CA,AWP,WE,Federal Contract Tower,0,9,26,0,35,0,26,74,0,100,0,35,100,0,135,102,0,102,237
03/24/2004,MOD,CA,AWP,WE,Federal Contract Tower,0,10,29,0,39,0,28,120,0,148,0,38,149,0,187,66,0,66,253
03/25/2004,MOD,CA,AWP,WE,Federal Contract Tower,0,15,42,0,57,0,18,65,0,83,0,33,107,0,140,62,0,62,202
03/26/2004,MOD,CA,AWP,WE,Federal Contract Tower,0,10,29,0,39,0,23,87,0,110,0,33,116,0,149,96,0,96,245
03/27/2004,MOD,CA,AWP,WE,Federal Contract Tower,0,3,10,0,13,0,28,99,0,127,0,31,109,0,140,88,0,88,228
03/28/2004,MOD,CA,AWP,WE,Federal Contract Tower,0,7,21,0,28,0,23,123,0,146,0,30,144,0,174,96,0,96,270
03/29/2004,MOD,CA,AWP,WE,Federal Contract Tower,0,5,14,0,19,0,36,102,0,138,0,41,116,0,157,18,0,18,175
03/30/2004,MOD,CA,AWP,WE,Federal Contract Tower,0,8,24,0,32,0,39,79,0,118,0,47,103,0,150,90,0,90,240
03/31/2004,MOD,CA,AWP,WE,Federal Contract Tower,0,11,31,0,42,0,31,108,4,143,0,42,139,4,185,60,0,60,245
04/01/2004,MOD,CA,AWP,WE,Federal Contract Tower,0,3,11,1,15,0,18,34,3,55,0,21,45,4,70,12,0,12,82
04/02/2004,MOD,CA,AWP,WE,Federal Contract Tower,0,9,22,2,33,0,19,93,0,112,0,28,115,2,145,90,2,92,237
04/03/2004,MOD,CA,AWP,WE,Federal Contract Tower,0,11,26,0,37,0,12,117,0,129,0,23,143,0,166,156,0,156,322
04/04/2004,MOD,CA,AWP,WE,Federal Contract Tower,0,3,10,0,13,0,18,89,0,107,0,21,99,0,120,72,0,72,192
04/05/2004,MOD,CA,AWP,WE,Federal Contract Tower,0,6,13,1,20,0,22,79,3,104,0,28,92,4,124,24,2,26,150
04/06/2004,MOD,CA,AWP,WE,Federal Contract Tower,0,10,25,0,35,0,17,71,0,88,0,27,96,0,123,116,0,116,239
04/07/2004,MOD,CA,AWP,WE,Federal Contract Tower,0,11,26,3,40,0,22,106,1,129,0,33,132,4,169,74,0,74,243
04/08/2004,MOD,CA,AWP,WE,Federal Contract Tower,0,12,31,2,45,0,7,76,0,83,0,19,107,2,128,134,2,136,264
04/09/2004,MOD,CA,AWP,WE,Federal Contract Tower,0,7,20,2,29,0,22,122,6,150,0,29,142,8,179,100,2,102,281
04/10/2004,MOD,CA,AWP,WE,Federal Contract Tower,0,8,20,0,28,0,17,116,0,133,0,25,136,0,161,126,0,126,287
04/11/2004,MOD,CA,AWP,WE,Federal Contract Tower,0,5,11,1,17,0,8,68,1,77,0,13,79,2,94,50,0,50,144
04/12/2004,MOD,CA,AWP,WE,Federal Contract Tower,0,9,23,0,32,0,12,62,0,74,0,21,85,0,106,54,0,54,160
04/13/2004,MOD,CA,AWP,WE,Federal Contract Tower,0,14,35,0,49,0,20,68,0,88,0,34,103,0,137,58,0,58,195
04/14/2004,MOD,CA,AWP,WE,Federal Contract Tower,0,12,32,0,44,0,20,98,0,118,0,32,130,0,162,108,0,108,270
04/15/2004,MOD,CA,AWP,WE,Federal Contract Tower,0,12,30,0,42,0,28,85,0,113,0,40,115,0,155,120,0,120,275
04/16/2004,MOD,CA,AWP,WE,Federal Contract Tower,0,11,29,0,40,0,36,83,0,119,0,47,112,0,159,96,0,96,255
04/17/2004,MOD,CA,AWP,WE,Federal Contract Tower,0,7,20,0,27,0,17,69,0,86,0,24,89,0,113,100,0,100,213
04/18/2004,MOD,CA,AWP,WE,Federal Contract Tower,0,8,23,1,32,0,16,60,4,80,0,24,83,5,112,26,20,46,158
04/19/2004,MOD,CA,AWP,WE,Federal Contract Tower,0,7,20,1,28,0,11,46,3,60,0,18,66,4,88,72,2,74,162
04/20/2004,MOD,CA,AWP,WE,Federal Contract Tower,0,9,23,1,33,0,17,75,3,95,0,26,98,4,128,168,4,172,300
04/21/2004,MOD,CA,AWP,WE,Federal Contract Tower,0,8,21,1,30,0,33,116,1,150,0,41,137,2,180,56,2,58,238
04/22/2004,MOD,CA,AWP,WE,Federal Contract Tower,0,5,14,0,19,0,27,76,0,103,0,32,90,0,122,141,0,141,263
04/23/2004,MOD,CA,AWP,WE,Federal Contract Tower,0,4,12,0,16,0,29,125,0,154,0,33,137,0,170,174,0,174,344
04/24/2004,MOD,CA,AWP,WE,Federal Contract Tower,0,10,25,0,35,0,16,125,0,141,0,26,150,0,176,108,0,108,284
04/25/2004,MOD,CA,AWP,WE,Federal Contract Tower,0,6,15,0,21,0,18,94,2,114,0,24,109,2,135,104,0,104,239
04/26/2004,MOD,CA,AWP,WE,Federal Contract Tower,0,3,8,0,11,0,25,63,0,88,0,28,71,0,99,45,0,45,144
04/27/2004,MOD,CA,AWP,WE,Federal Contract Tower,0,7,16,0,23,0,25,115,0,140,0,32,131,0,163,122,0,122,285
04/28/2004,MOD,CA,AWP,WE,Federal Contract Tower,0,6,15,0,21,0,40,116,0,156,0,46,131,0,177,76,0,76,253
04/29/2004,MOD,CA,AWP,WE,Federal Contract Tower,0,14,39,2,55,0,17,91,0,108,0,31,130,2,163,26,0,26,189
04/30/2004,MOD,CA,AWP,WE,Federal Contract Tower,0,6,16,0,22,0,32,141,0,173,0,38,157,0,195,77,0,77,272
05/01/2004,MOD,CA,AWP,WE,Federal Contract Tower,0,5,13,0,18,0,13,111,0,124,0,18,124,0,142,104,0,104,246
05/02/2004,MOD,CA,AWP,WE,Federal Contract Tower,0,3,6,0,9,0,38,104,0,142,0,41,110,0,151,70,0,70,221
05/03/2004,MOD,CA,AWP,WE,Federal Contract Tower,0,5,9,0,14,0,18,80,0,98,0,23,89,0,112,46,0,46,158
05/04/2004,MOD,CA,AWP,WE,Federal Contract Tower,0,6,13,0,19,0,27,87,0,114,0,33,100,0,133,82,0,82,215
05/05/2004,MOD,CA,AWP,WE,Federal Contract Tower,0,4,8,0,12,0,34,92,0,126,0,38,100,0,138,94,0,94,232
05/06/2004,MOD,CA,AWP,WE,Federal Contract Tower,0,13,31,0,44,0,13,71,0,84,0,26,102,0,128,122,0,122,250
05/07/2004,MOD,CA,AWP,WE,Federal Contract Tower,0,4,11,0,15,0,18,102,0,120,0,22,113,0,135,100,0,100,235
05/08/2004,MOD,CA,AWP,WE,Federal Contract Tower,0,16,40,0,56,0,9,99,0,108,0,25,139,0,164,96,0,96,260
05/09/2004,MOD,CA,AWP,WE,Federal Contract Tower,0,4,11,0,15,0,25,78,0,103,0,29,89,0,118,55,0,55,173
05/10/2004,MOD,CA,AWP,WE,Federal Contract Tower,0,5,12,0,17,0,40,52,0,92,0,45,64,0,109,8,0,8,117
05/11/2004,MOD,CA,AWP,WE,Federal Contract Tower,0,8,18,0,26,0,24,73,0,97,0,32,91,0,123,84,0,84,207
05/12/2004,MOD,CA,AWP,WE,Federal Contract Tower,0,9,22,0,31,0,25,134,0,159,0,34,156,0,190,104,0,104,294
05/13/2004,MOD,CA,AWP,WE,Federal Contract Tower,0,12,28,0,40,0,17,123,0,140,0,29,151,0,180,62,0,62,242
05/14/2004,MOD,CA,AWP,WE,Federal Contract Tower,0,7,16,0,23,0,25,117,0,142,0,32,133,0,165,52,0,52,217
05/15/2004,MOD,CA,AWP,WE,Federal Contract Tower,0,7,17,0,24,0,16,133,0,149,0,23,150,0,173,64,0,64,237
05/16/2004,MOD,CA,AWP,WE,Federal Contract Tower,0,6,16,0,22,0,9,80,0,89,0,15,96,0,111,84,0,84,195
05/17/2004,MOD,CA,AWP,WE,Federal Contract Tower,0,5,15,0,20,0,33,63,0,96,0,38,78,0,116,44,0,44,160
05/18/2004,MOD,CA,AWP,WE,Federal Contract Tower,0,8,20,0,28,0,35,101,0,136,0,43,121,0,164,62,0,62,226
05/19/2004,MOD,CA,AWP,WE,Federal Contract Tower,0,13,36,1,50,0,7,133,1,141,0,20,169,2,191,130,0,130,321
05/20/2004,MOD,CA,AWP,WE,Federal Contract Tower,0,13,32,0,45,0,19,71,0,90,0,32,103,0,135,74,0,74,209
05/21/2004,MOD,CA,AWP,WE,Federal Contract Tower,0,8,19,0,27,0,20,133,0,153,0,28,152,0,180,108,0,108,288
05/22/2004,MOD,CA,AWP,WE,Federal Contract Tower,0,3,10,0,13,0,41,235,0,276,0,44,245,0,289,162,0,162,451
05/23/2004,MOD,CA,AWP,WE,Federal Contract Tower,0,4,11,0,15,0,26,98,0,124,0,30,109,0,139,60,0,60,199
05/24/2004,MOD,CA,AWP,WE,Federal Contract Tower,0,3,10,0,13,0,20,84,0,104,0,23,94,0,117,62,0,62,179
05/25/2004,MOD,CA,AWP,WE,Federal Contract Tower,0,9,24,0,33,0,26,109,8,143,0,35,133,8,176,122,6,128,304
05/26/2004,MOD,CA,AWP,WE,Federal Contract Tower,0,9,24,0,33,0,32,142,6,180,0,41,166,6,213,116,0,116,329
05/27/2004,MOD,CA,AWP,WE,Federal Contract Tower,0,12,31,0,43,0,21,93,0,114,0,33,124,0,157,106,0,106,263
05/28/2004,MOD,CA,AWP,WE,Federal Contract Tower,0,8,22,0,30,0,23,82,0,105,0,31,104,0,135,116,0,116,251
05/29/2004,MOD,CA,AWP,WE,Federal Contract Tower,0,3,10,0,13,0,25,130,0,155,0,28,140,0,168,58,0,58,226
05/30/2004,MOD,CA,AWP,WE,Federal Contract Tower,0,7,17,0,24,0,29,73,0,102,0,36,90,0,126,72,0,72,198
05/31/2004,MOD,CA,AWP,WE,Federal Contract Tower,0,3,8,0,11,0,37,81,0,118,0,40,89,0,129,46,0,46,175
06/01/2004,MOD,CA,AWP,WE,Federal Contract Tower,0,5,20,0,25,0,24,92,0,116,0,29,112,0,141,112,0,112,253
06/02/2004,MOD,CA,AWP,WE,Federal Contract Tower,0,7,21,0,28,0,24,114,0,138,0,31,135,0,166,90,0,90,256
06/03/2004,MOD,CA,AWP,WE,Federal Contract Tower,0,6,18,0,24,0,28,84,0,112,0,34,102,0,136,102,0,102,238
06/04/2004,MOD,CA,AWP,WE,Federal Contract Tower,0,11,35,0,46,0,11,102,0,113,0,22,137,0,159,58,0,58,217
06/05/2004,MOD,CA,AWP,WE,Federal Contract Tower,0,4,12,0,16,0,15,95,0,110,0,19,107,0,126,68,0,68,194
06/06/2004,MOD,CA,AWP,WE,Federal Contract Tower,0,9,27,1,37,0,9,98,1,108,0,18,125,2,145,40,0,40,185
06/07/2004,MOD,CA,AWP,WE,Federal Contract Tower,0,8,24,0,32,0,16,71,0,87,0,24,95,0,119,70,0,70,189
06/08/2004,MOD,CA,AWP,WE,Federal Contract Tower,0,4,12,0,16,0,28,130,0,158,0,32,142,0,174,74,0,74,248
06/09/2004,MOD,CA,AWP,WE,Federal Contract Tower,0,6,19,0,25,0,20,100,0,120,0,26,119,0,145,78,0,78,223
06/10/2004,MOD,CA,AWP,WE,Federal Contract Tower,0,10,32,0,42,0,27,106,0,133,0,37,138,0,175,99,0,99,274
06/11/2004,MOD,CA,AWP,WE,Federal Contract Tower,0,6,20,0,26,0,15,76,0,91,0,21,96,0,117,50,0,50,167
06/12/2004,MOD,CA,AWP,WE,Federal Contract Tower,0,6,20,1,27,0,15,89,1,105,0,21,109,2,132,82,0,82,214
06/13/2004,MOD,CA,AWP,WE,Federal Contract Tower,0,4,12,0,16,0,13,93,0,106,0,17,105,0,122,52,0,52,174
06/14/2004,MOD,CA,AWP,WE,Federal Contract Tower,0,9,27,0,36,0,30,113,0,143,0,39,140,0,179,50,6,56,235
06/15/2004,MOD,CA,AWP,WE,Federal Contract Tower,0,11,33,0,44,0,35,130,0,165,0,46,163,0,209,136,0,136,345
06/16/2004,MOD,CA,AWP,WE,Federal Contract Tower,0,8,27,0,35,0,33,120,2,155,0,41,147,2,190,106,2,108,298
06/17/2004,MOD,CA,AWP,WE,Federal Contract Tower,0,6,20,0,26,0,25,102,2,129,0,31,122,2,155,102,2,104,259
06/18/2004,MOD,CA,AWP,WE,Federal Contract Tower,0,8,26,0,34,0,10,103,0,113,0,18,129,0,147,110,0,110,257
06/19/2004,MOD,CA,AWP,WE,Federal Contract Tower,0,3,13,0,16,0,16,131,0,147,0,19,144,0,163,120,0,120,283
06/20/2004,MOD,CA,AWP,WE,Federal Contract Tower,0,6,22,0,28,0,17,109,6,132,0,23,131,6,160,43,6,49,209
06/21/2004,MOD,CA,AWP,WE,Federal Contract Tower,0,5,17,0,22,0,36,107,0,143,0,41,124,0,165,40,0,40,205
06/22/2004,MOD,CA,AWP,WE,Federal Contract Tower,0,14,46,0,60,0,18,113,0,131,0,32,159,0,191,96,0,96,287
06/23/2004,MOD,CA,AWP,WE,Federal Contract Tower,0,12,40,0,52,0,21,136,4,161,0,33,176,4,213,127,0,127,340
06/24/2004,MOD,CA,AWP,WE,Federal Contract Tower,0,12,39,0,51,0,21,120,2,143,0,33,159,2,194,60,0,60,254
06/25/2004,MOD,CA,AWP,WE,Federal Contract Tower,0,7,24,0,31,0,36,128,6,170,0,43,152,6,201,90,0,90,291
06/26/2004,MOD,CA,AWP,WE,Federal Contract Tower,0,6,19,0,25,0,18,113,10,141,0,24,132,10,166,117,0,117,283
06/27/2004,MOD,CA,AWP,WE,Federal Contract Tower,0,4,15,0,19,0,35,104,0,139,0,39,119,0,158,104,0,104,262
06/28/2004,MOD,CA,AWP,WE,Federal Contract Tower,0,11,36,0,47,0,16,109,4,129,0,27,145,4,176,76,0,76,252
06/29/2004,MOD,CA,AWP,WE,Federal Contract Tower,0,10,34,0,44,0,10,120,0,130,0,20,154,0,174,114,0,114,288
06/30/2004,MOD,CA,AWP,WE,Federal Contract Tower,0,7,23,0,30,0,27,131,0,158,0,34,154,0,188,126,0,126,314
07/01/2004,MOD,CA,AWP,WE,Federal Contract Tower,0,8,25,0,33,0,30,120,0,150,0,38,145,0,183,110,0,110,293
07/02/2004,MOD,CA,AWP,WE,Federal Contract Tower,0,12,34,1,47,0,20,114,1,135,0,32,148,2,182,147,0,147,329
07/03/2004,MOD,CA,AWP,WE,Federal Contract Tower,0,6,18,0,24,0,40,99,0,139,0,46,117,0,163,171,0,171,334
07/04/2004,MOD,CA,AWP,WE,Federal Contract Tower,0,2,7,0,9,0,34,107,0,141,0,36,114,0,150,72,0,72,222
07/05/2004,MOD,CA,AWP,WE,Federal Contract Tower,0,4,13,0,17,0,27,98,0,125,0,31,111,0,142,64,0,64,206
07/06/2004,MOD,CA,AWP,WE,Federal Contract Tower,0,9,28,0,37,0,21,67,0,88,0,30,95,0,125,134,0,134,259
07/07/2004,MOD,CA,AWP,WE,Federal Contract Tower,0,19,53,0,72,0,24,151,0,175,0,43,204,0,247,158,0,158,405
07/08/2004,MOD,CA,AWP,WE,Federal Contract Tower,0,18,53,1,72,0,6,109,1,116,0,24,162,2,188,121,0,121,309
07/09/2004,MOD,CA,AWP,WE,Federal Contract Tower,0,15,44,1,60,0,13,64,1,78,0,28,108,2,138,107,0,107,245
07/10/2004,MOD,CA,AWP,WE,Federal Contract Tower,0,4,14,1,19,0,41,91,9,141,0,45,105,10,160,91,4,95,255
07/11/2004,MOD,CA,AWP,WE,Federal Contract Tower,0,17,49,0,66,0,5,57,0,62,0,22,106,0,128,162,0,162,290
07/12/2004,MOD,CA,AWP,WE,Federal Contract Tower,0,13,36,0,49,0,17,69,0,86,0,30,105,0,135,114,0,114,249
07/13/2004,MOD,CA,AWP,WE,Federal Contract Tower,0,8,23,0,31,0,16,127,0,143,0,24,150,0,174,110,0,110,284
07/14/2004,MOD,CA,AWP,WE,Federal Contract Tower,0,8,25,0,33,0,44,114,0,158,0,52,139,0,191,72,0,72,263
07/15/2004,MOD,CA,AWP,WE,Federal Contract Tower,0,6,17,0,23,0,23,113,0,136,0,29,130,0,159,135,0,135,294
07/16/2004,MOD,CA,AWP,WE,Federal Contract Tower,0,3,10,0,13,0,31,116,0,147,0,34,126,0,160,112,0,112,272
07/17/2004,MOD,CA,AWP,WE,Federal Contract Tower,0,4,13,0,17,0,21,105,2,128,0,25,118,2,145,82,0,82,227
07/18/2004,MOD,CA,AWP,WE,Federal Contract Tower,0,11,34,0,45,0,20,101,0,121,0,31,135,0,166,52,0,52,218
07/19/2004,MOD,CA,AWP,WE,Federal Contract Tower,0,13,38,0,51,0,11,77,0,88,0,24,115,0,139,66,0,66,205
07/20/2004,MOD,CA,AWP,WE,Federal Contract Tower,0,7,20,0,27,0,24,158,0,182,0,31,178,0,209,170,0,170,379
07/21/2004,MOD,CA,AWP,WE,Federal Contract Tower,0,4,12,0,16,0,38,119,0,157,0,42,131,0,173,84,0,84,257
07/22/2004,MOD,CA,AWP,WE,Federal Contract Tower,0,10,29,0,39,0,25,122,2,149,0,35,151,2,188,145,0,145,333
07/23/2004,MOD,CA,AWP,WE,Federal Contract Tower,0,7,20,0,27,0,10,83,4,97,0,17,103,4,124,88,2,90,214
07/24/2004,MOD,CA,AWP,WE,Federal Contract Tower,0,5,15,0,20,0,17,85,0,102,0,22,100,0,122,134,0,134,256
07/25/2004,MOD,CA,AWP,WE,Federal Contract Tower,0,6,20,0,26,0,23,97,0,120,0,29,117,0,146,80,0,80,226
07/26/2004,MOD,CA,AWP,WE,Federal Contract Tower,0,2,6,0,8,0,40,105,0,145,0,42,111,0,153,26,0,26,179
07/27/2004,MOD,CA,AWP,WE,Federal Contract Tower,0,6,19,0,25,0,17,105,2,124,0,23,124,2,149,52,0,52,201
07/28/2004,MOD,CA,AWP,WE,Federal Contract Tower,0,9,27,0,36,0,26,117,4,147,0,35,144,4,183,66,0,66,249
07/29/2004,MOD,CA,AWP,WE,Federal Contract Tower,0,10,30,0,40,0,18,133,2,153,0,28,163,2,193,99,0,99,292
07/30/2004,MOD,CA,AWP,WE,Federal Contract Tower,0,5,15,0,20,0,24,97,0,121,0,29,112,0,141,76,0,76,217
07/31/2004,MOD,CA,AWP,WE,Federal Contract Tower,0,6,19,0,25,0,14,96,0,110,0,20,115,0,135,154,0,154,289
08/01/2004,MOD,CA,AWP,WE,Federal Contract Tower,0,9,17,1,27,0,19,131,7,157,0,28,148,8,184,64,0,64,248
08/02/2004,MOD,CA,AWP,WE,Federal Contract Tower,0,12,26,2,40,0,19,66,0,85,0,31,92,2,125,52,0,52,177
08/03/2004,MOD,CA,AWP,WE,Federal Contract Tower,0,10,20,1,31,0,20,112,1,133,0,30,132,2,164,50,0,50,214
08/04/2004,MOD,CA,AWP,WE,Federal Contract Tower,0,10,21,1,32,0,33,130,1,164,0,43,151,2,196,47,0,47,243
08/05/2004,MOD,CA,AWP,WE,Federal Contract Tower,0,10,21,1,32,0,27,127,1,155,0,37,148,2,187,146,0,146,333
08/06/2004,MOD,CA,AWP,WE,Federal Contract Tower,0,10,16,1,27,0,20,76,1,97,0,30,92,2,124,70,2,72,196
08/07/2004,MOD,CA,AWP,WE,Federal Contract Tower,0,7,13,0,20,0,37,128,0,165,0,44,141,0,185,218,0,218,403
08/08/2004,MOD,CA,AWP,WE,Federal Contract Tower,0,7,12,0,19,0,13,91,0,104,0,20,103,0,123,70,0,70,193
08/09/2004,MOD,CA,AWP,WE,Federal Contract Tower,0,7,12,1,20,0,12,81,3,96,0,19,93,4,116,52,0,52,168
08/10/2004,MOD,CA,AWP,WE,Federal Contract Tower,0,6,11,0,17,0,34,115,0,149,0,40,126,0,166,102,0,102,268
08/11/2004,MOD,CA,AWP,WE,Federal Contract Tower,0,7,13,0,20,0,35,122,0,157,0,42,135,0,177,108,0,108,285
08/12/2004,MOD,CA,AWP,WE,Federal Contract Tower,0,8,13,0,21,0,25,114,0,139,0,33,127,0,160,89,0,89,249
08/13/2004,MOD,CA,AWP,WE,Federal Contract Tower,0,7,12,0,19,0,34,105,0,139,0,41,117,0,158,103,0,103,261
08/14/2004,MOD,CA,AWP,WE,Federal Contract Tower,0,10,16,0,26,0,9,88,0,97,0,19,104,0,123,119,0,119,242
08/15/2004,MOD,CA,AWP,WE,Federal Contract Tower,0,7,12,0,19,0,19,95,0,114,0,26,107,0,133,78,0,78,211
08/16/2004,MOD,CA,AWP,WE,Federal Contract Tower,0,12,20,1,33,0,16,74,7,97,0,28,94,8,130,146,0,146,276
08/17/2004,MOD,CA,AWP,WE,Federal Contract Tower,0,8,13,1,22,0,13,120,1,134,0,21,133,2,156,140,0,140,296
08/18/2004,MOD,CA,AWP,WE,Federal Contract Tower,0,14,27,0,41,0,36,112,0,148,0,50,139,0,189,174,0,174,363
08/19/2004,MOD,CA,AWP,WE,Federal Contract Tower,0,8,15,1,24,0,28,117,1,146,0,36,132,2,170,87,2,89,259
08/20/2004,MOD,CA,AWP,WE,Federal Contract Tower,0,7,11,1,19,0,31,97,1,129,0,38,108,2,148,102,6,108,256
08/21/2004,MOD,CA,AWP,WE,Federal Contract Tower,0,5,11,0,16,0,25,119,0,144,0,30,130,0,160,64,0,64,224
08/22/2004,MOD,CA,AWP,WE,Federal Contract Tower,0,7,13,0,20,0,17,87,0,104,0,24,100,0,124,84,0,84,208
08/23/2004,MOD,CA,AWP,WE,Federal Contract Tower,0,8,15,0,23,0,20,84,8,112,0,28,99,8,135,80,0,80,215
08/24/2004,MOD,CA,AWP,WE,Federal Contract Tower,0,8,14,0,22,0,17,136,0,153,0,25,150,0,175,154,0,154,329
08/25/2004,MOD,CA,AWP,WE,Federal Contract Tower,0,10,18,0,28,0,20,116,0,136,0,30,134,0,164,112,0,112,276
08/26/2004,MOD,CA,AWP,WE,Federal Contract Tower,0,9,17,0,26,0,18,99,0,117,0,27,116,0,143,90,0,90,233
08/27/2004,MOD,CA,AWP,WE,Federal Contract Tower,0,11,19,0,30,0,26,107,0,133,0,37,126,0,163,112,0,112,275
08/28/2004,MOD,CA,AWP,WE,Federal Contract Tower,0,8,16,0,24,0,37,107,0,144,0,45,123,0,168,68,0,68,236
08/29/2004,MOD,CA,AWP,WE,Federal Contract Tower,0,8,14,0,22,0,20,120,0,140,0,28,134,0,162,76,0,76,238
08/30/2004,MOD,CA,AWP,WE,Federal Contract Tower,0,10,18,0,28,0,8,111,0,119,0,18,129,0,147,64,0,64,211
08/31/2004,MOD,CA,AWP,WE,Federal Contract Tower,0,12,22,0,34,0,15,90,0,105,0,27,112,0,139,94,0,94,233
09/01/2004,MOD,CA,AWP,WE,Federal Contract Tower,0,7,38,0,45,0,18,105,2,125,0,25,143,2,170,124,0,124,294
09/02/2004,MOD,CA,AWP,WE,Federal Contract Tower,0,6,31,0,37,0,27,101,0,128,0,33,132,0,165,65,0,65,230
09/03/2004,MOD,CA,AWP,WE,Federal Contract Tower,0,8,11,0,19,0,20,91,0,111,0,28,102,0,130,44,0,44,174
09/04/2004,MOD,CA,AWP,WE,Federal Contract Tower,0,6,13,0,19,0,34,89,0,123,0,40,102,0,142,124,0,124,266
09/05/2004,MOD,CA,AWP,WE,Federal Contract Tower,0,6,7,0,13,0,32,125,0,157,0,38,132,0,170,98,0,98,268
09/06/2004,MOD,CA,AWP,WE,Federal Contract Tower,0,9,6,0,15,0,22,139,0,161,0,31,145,0,176,84,0,84,260
09/07/2004,MOD,CA,AWP,WE,Federal Contract Tower,0,7,21,4,32,0,20,97,4,121,0,27,118,8,153,76,0,76,229
09/08/2004,MOD,CA,AWP,WE,Federal Contract Tower,0,10,18,0,28,0,22,112,0,134,0,32,130,0,162,128,0,128,290
09/09/2004,MOD,CA,AWP,WE,Federal Contract Tower,0,6,29,2,37,0,39,73,0,112,0,45,102,2,149,68,2,70,219
09/10/2004,MOD,CA,AWP,WE,Federal Contract Tower,0,6,20,0,26,0,55,129,0,184,0,61,149,0,210,154,0,154,364
09/11/2004,MOD,CA,AWP,WE,Federal Contract Tower,0,4,15,2,21,0,24,118,0,142,0,28,133,2,163,158,0,158,321
09/12/2004,MOD,CA,AWP,WE,Federal Contract Tower,0,6,13,0,19,0,31,119,0,150,0,37,132,0,169,50,0,50,219
09/13/2004,MOD,CA,AWP,WE,Federal Contract Tower,0,10,26,4,40,0,37,74,0,111,0,47,100,4,151,68,0,68,219
09/14/2004,MOD,CA,AWP,WE,Federal Contract Tower,0,10,23,4,37,0,24,108,0,132,0,34,131,4,169,120,0,120,289
09/15/2004,MOD,CA,AWP,WE,Federal Contract Tower,0,7,25,0,32,0,36,123,0,159,0,43,148,0,191,88,0,88,279
09/16/2004,MOD,CA,AWP,WE,Federal Contract Tower,0,19,22,0,41,0,23,98,0,121,0,42,120,0,162,138,0,138,300
09/17/2004,MOD,CA,AWP,WE,Federal Contract Tower,0,6,29,0,35,0,29,101,0,130,0,35,130,0,165,132,0,132,297
09/18/2004,MOD,CA,AWP,WE,Federal Contract Tower,0,4,17,0,21,0,23,82,0,105,0,27,99,0,126,172,0,172,298
09/19/2004,MOD,CA,AWP,WE,Federal Contract Tower,0,8,15,0,23,0,27,60,0,87,0,35,75,0,110,24,0,24,134
09/20/2004,MOD,CA,AWP,WE,Federal Contract Tower,0,8,53,0,61,0,40,60,0,100,0,48,113,0,161,72,0,72,233
09/21/2004,MOD,CA,AWP,WE,Federal Contract Tower,0,11,76,0,87,0,27,57,0,84,0,38,133,0,171,134,0,134,305
09/22/2004,MOD,CA,AWP,WE,Federal Contract Tower,0,9,41,0,50,0,24,85,0,109,0,33,126,0,159,70,0,70,229
09/23/2004,MOD,CA,AWP,WE,Federal Contract Tower,0,4,11,0,15,0,18,97,0,115,0,22,108,0,130,120,0,120,250
09/24/2004,MOD,CA,AWP,WE,Federal Contract Tower,0,6,21,0,27,0,35,105,0,140,0,41,126,0,167,126,0,126,293
09/25/2004,MOD,CA,AWP,WE,Federal Contract Tower,0,4,11,0,15,0,18,102,0,120,0,22,113,0,135,140,0,140,275
09/26/2004,MOD,CA,AWP,WE,Federal Contract Tower,0,6,14,0,20,0,29,84,0,113,0,35,98,0,133,52,0,52,185
09/27/2004,MOD,CA,AWP,WE,Federal Contract Tower,0,6,22,0,28,0,17,87,0,104,0,23,109,0,132,48,0,48,180
09/28/2004,MOD,CA,AWP,WE,Federal Contract Tower,0,7,19,0,26,0,26,120,0,146,0,33,139,0,172,54,0,54,226
09/29/2004,MOD,CA,AWP,WE,Federal Contract Tower,0,9,35,4,48,0,34,108,0,142,0,43,143,4,190,64,0,64,254
09/30/2004,MOD,CA,AWP,WE,Federal Contract Tower,0,17,34,0,51,0,32,92,0,124,0,49,126,0,175,78,0,78,253
10/01/2004,MOD,CA,AWP,WE,Federal Contract Tower,0,9,33,0,42,0,18,84,0,102,0,27,117,0,144,56,0,56,200
10/02/2004,MOD,CA,AWP,WE,Federal Contract Tower,0,6,15,0,21,0,22,121,0,143,0,28,136,0,164,144,0,144,308
10/03/2004,MOD,CA,AWP,WE,Federal Contract Tower,0,8,6,0,14,0,8,90,0,98,0,16,96,0,112,44,0,44,156
10/04/2004,MOD,CA,AWP,WE,Federal Contract Tower,0,9,21,0,30,0,14,69,0,83,0,23,90,0,113,50,0,50,163
10/05/2004,MOD,CA,AWP,WE,Federal Contract Tower,0,7,34,0,41,0,21,106,0,127,0,28,140,0,168,146,0,146,314
10/06/2004,MOD,CA,AWP,WE,Federal Contract Tower,0,9,21,0,30,0,14,104,2,120,0,23,125,2,150,32,0,32,182
10/07/2004,MOD,CA,AWP,WE,Federal Contract Tower,0,6,17,0,23,0,38,98,0,136,0,44,115,0,159,122,0,122,281
10/08/2004,MOD,CA,AWP,WE,Federal Contract Tower,0,6,52,0,58,0,26,94,0,120,0,32,146,0,178,136,0,136,314
10/09/2004,MOD,CA,AWP,WE,Federal Contract Tower,0,8,26,0,34,0,26,100,0,126,0,34,126,0,160,100,0,100,260
10/10/2004,MOD,CA,AWP,WE,Federal Contract Tower,0,8,11,0,19,0,16,72,0,88,0,24,83,0,107,28,0,28,135
10/11/2004,MOD,CA,AWP,WE,Federal Contract Tower,0,12,45,0,57,0,25,66,0,91,0,37,111,0,148,58,0,58,206
10/12/2004,MOD,CA,AWP,WE,Federal Contract Tower,0,9,16,0,25,0,19,90,0,109,0,28,106,0,134,80,0,80,214
10/13/2004,MOD,CA,AWP,WE,Federal Contract Tower,0,13,22,0,35,0,21,134,0,155,0,34,156,0,190,86,0,86,276
10/14/2004,MOD,CA,AWP,WE,Federal Contract Tower,0,7,45,0,52,0,28,99,2,129,0,35,144,2,181,140,0,140,321
10/15/2004,MOD,CA,AWP,WE,Federal Contract Tower,0,6,31,0,37,0,37,67,0,104,0,43,98,0,141,98,0,98,239
10/16/2004,MOD,CA,AWP,WE,Federal Contract Tower,0,6,27,0,33,0,24,92,0,116,0,30,119,0,149,166,0,166,315
10/17/2004,MOD,CA,AWP,WE,Federal Contract Tower,0,4,14,0,18,0,6,15,0,21,0,10,29,0,39,4,0,4,43
10/18/2004,MOD,CA,AWP,WE,Federal Contract Tower,0,9,22,2,33,0,8,57,0,65,0,17,79,2,98,50,0,50,148
10/19/2004,MOD,CA,AWP,WE,Federal Contract Tower,0,24,22,0,46,0,9,7,0,16,0,33,29,0,62,10,0,10,72
10/20/2004,MOD,CA,AWP,WE,Federal Contract Tower,0,11,38,0,49,0,27,81,0,108,0,38,119,0,157,52,0,52,209
10/21/2004,MOD,CA,AWP,WE,Federal Contract Tower,0,11,18,0,29,0,23,130,0,153,0,34,148,0,182,84,0,84,266
10/22/2004,MOD,CA,AWP,WE,Federal Contract Tower,0,27,6,0,33,0,0,105,0,105,0,27,111,0,138,76,0,76,214
10/23/2004,MOD,CA,AWP,WE,Federal Contract Tower,0,11,13,0,24,0,7,35,0,42,0,18,48,0,66,50,0,50,116
10/24/2004,MOD,CA,AWP,WE,Federal Contract Tower,0,8,38,0,46,0,1,19,0,20,0,9,57,0,66,20,0,20,86
10/25/2004,MOD,CA,AWP,WE,Federal Contract Tower,0,8,27,0,35,0,19,72,0,91,0,27,99,0,126,70,0,70,196
10/26/2004,MOD,CA,AWP,WE,Federal Contract Tower,0,15,27,0,42,0,9,14,0,23,0,24,41,0,65,4,0,4,69
10/27/2004,MOD,CA,AWP,WE,Federal Contract Tower,0,9,14,0,23,0,17,63,0,80,0,26,77,0,103,60,0,60,163
10/28/2004,MOD,CA,AWP,WE,Federal Contract Tower,0,8,43,0,51,0,25,74,0,99,0,33,117,0,150,83,0,83,233
10/29/2004,MOD,CA,AWP,WE,Federal Contract Tower,0,8,14,0,22,0,25,100,0,125,0,33,114,0,147,108,0,108,255
10/30/2004,MOD,CA,AWP,WE,Federal Contract Tower,0,8,28,0,36,0,15,91,2,108,0,23,119,2,144,194,0,194,338
10/31/2004,MOD,CA,AWP,WE,Federal Contract Tower,0,6,9,0,15,0,30,101,0,131,0,36,110,0,146,72,0,72,218
11/01/2004,MOD,CA,AWP,WE,Federal Contract Tower,0,8,15,0,23,0,25,69,2,96,0,33,84,2,119,36,0,36,155
11/02/2004,MOD,CA,AWP,WE,Federal Contract Tower,0,10,23,2,35,0,15,84,0,99,0,25,107,2,134,106,0,106,240
11/03/2004,MOD,CA,AWP,WE,Federal Contract Tower,0,12,41,0,53,0,13,14,0,27,0,25,55,0,80,44,0,44,124
11/04/2004,MOD,CA,AWP,WE,Federal Contract Tower,0,13,35,0,48,0,24,62,0,86,0,37,97,0,134,80,0,80,214
11/05/2004,MOD,CA,AWP,WE,Federal Contract Tower,0,8,18,0,26,0,20,76,0,96,0,28,94,0,122,74,0,74,196
11/06/2004,MOD,CA,AWP,WE,Federal Contract Tower,0,7,27,0,34,0,31,87,0,118,0,38,114,0,152,86,0,86,238
11/07/2004,MOD,CA,AWP,WE,Federal Contract Tower,0,9,16,0,25,0,4,65,0,69,0,13,81,0,94,28,0,28,122
11/08/2004,MOD,CA,AWP,WE,Federal Contract Tower,0,10,31,0,41,0,22,38,0,60,0,32,69,0,101,40,0,40,141
11/09/2004,MOD,CA,AWP,WE,Federal Contract Tower,0,15,33,2,50,0,4,47,0,51,0,19,80,2,101,118,0,118,219
11/10/2004,MOD,CA,AWP,WE,Federal Contract Tower,0,11,36,2,49,0,17,31,0,48,0,28,67,2,97,10,0,10,107
11/11/2004,MOD,CA,AWP,WE,Federal Contract Tower,0,8,26,4,38,0,20,33,0,53,0,28,59,4,91,20,0,20,111
11/12/2004,MOD,CA,AWP,WE,Federal Contract Tower,0,8,40,0,48,0,12,77,0,89,0,20,117,0,137,81,0,81,218
11/13/2004,MOD,CA,AWP,WE,Federal Contract Tower,0,10,34,0,44,0,11,28,0,39,0,21,62,0,83,40,0,40,123
11/14/2004,MOD,CA,AWP,WE,Federal Contract Tower,0,5,20,0,25,0,11,33,0,44,0,16,53,0,69,50,0,50,119
11/15/2004,MOD,CA,AWP,WE,Federal Contract Tower,0,10,30,0,40,0,13,9,0,22,0,23,39,0,62,4,0,4,66
11/16/2004,MOD,CA,AWP,WE,Federal Contract Tower,0,14,39,0,53,0,0,0,0,0,0,14,39,0,53,0,0,0,53
11/17/2004,MOD,CA,AWP,WE,Federal Contract Tower,0,14,50,0,64,0,4,11,2,17,0,18,61,2,81,18,0,18,99
11/18/2004,MOD,CA,AWP,WE,Federal Contract Tower,0,17,64,0,81,0,4,1,0,5,0,21,65,0,86,24,0,24,110
11/19/2004,MOD,CA,AWP,WE,Federal Contract Tower,0,11,61,0,72,0,9,36,0,45,0,20,97,0,117,72,0,72,189
11/20/2004,MOD,CA,AWP,WE,Federal Contract Tower,0,4,21,0,25,0,40,90,0,130,0,44,111,0,155,128,0,128,283
11/21/2004,MOD,CA,AWP,WE,Federal Contract Tower,0,6,16,0,22,0,37,54,0,91,0,43,70,0,113,16,0,16,129
11/22/2004,MOD,CA,AWP,WE,Federal Contract Tower,0,8,17,0,25,0,11,61,0,72,0,19,78,0,97,46,0,46,143
11/23/2004,MOD,CA,AWP,WE,Federal Contract Tower,0,9,16,4,29,0,13,117,0,130,0,22,133,4,159,116,0,116,275
11/24/2004,MOD,CA,AWP,WE,Federal Contract Tower,0,8,49,2,59,0,20,116,0,136,0,28,165,2,195,116,0,116,311
11/25/2004,MOD,CA,AWP,WE,Federal Contract Tower,0,5,20,0,25,0,6,39,0,45,0,11,59,0,70,22,0,22,92
11/26/2004,MOD,CA,AWP,WE,Federal Contract Tower,0,9,19,0,28,0,16,72,0,88,0,25,91,0,116,34,0,34,150
11/27/2004,MOD,CA,AWP,WE,Federal Contract Tower,0,16,22,0,38,0,10,13,0,23,0,26,35,0,61,16,0,16,77
11/28/2004,MOD,CA,AWP,WE,Federal Contract Tower,0,8,12,0,20,0,8,45,0,53,0,16,57,0,73,38,0,38,111
11/29/2004,MOD,CA,AWP,WE,Federal Contract Tower,0,8,18,0,26,0,14,83,0,97,0,22,101,0,123,50,0,50,173
11/30/2004,MOD,CA,AWP,WE,Federal Contract Tower,0,17,14,0,31,0,12,87,0,99,0,29,101,0,130,70,0,70,200
12/01/2004,MOD,CA,AWP,WE,Federal Contract Tower,0,10,34,0,44,0,12,66,0,78,0,22,100,0,122,16,0,16,138
12/02/2004,MOD,CA,AWP,WE,Federal Contract Tower,0,16,15,2,33,0,12,100,0,112,0,28,115,2,145,120,0,120,265
12/03/2004,MOD,CA,AWP,WE,Federal Contract Tower,0,8,21,0,29,0,22,102,0,124,0,30,123,0,153,80,0,80,233
12/04/2004,MOD,CA,AWP,WE,Federal Contract Tower,0,10,35,0,45,0,2,74,0,76,0,12,109,0,121,86,0,86,207
12/05/2004,MOD,CA,AWP,WE,Federal Contract Tower,0,8,30,0,38,0,4,30,0,34,0,12,60,0,72,20,0,20,92
12/06/2004,MOD,CA,AWP,WE,Federal Contract Tower,0,8,12,6,26,0,6,45,0,51,0,14,57,6,77,20,6,26,103
12/07/2004,MOD,CA,AWP,WE,Federal Contract Tower,0,11,17,0,28,0,20,10,0,30,0,31,27,0,58,16,0,16,74
12/08/2004,MOD,CA,AWP,WE,Federal Contract Tower,0,15,24,0,39,0,25,28,0,53,0,40,52,0,92,22,0,22,114
12/09/2004,MOD,CA,AWP,WE,Federal Contract Tower,0,9,22,0,31,0,21,92,0,113,0,30,114,0,144,63,0,63,207
12/10/2004,MOD,CA,AWP,WE,Federal Contract Tower,0,13,43,0,56,0,10,13,16,39,0,23,56,16,95,78,0,78,173
12/11/2004,MOD,CA,AWP,WE,Federal Contract Tower,0,8,39,0,47,0,2,2,0,4,0,10,41,0,51,12,0,12,63
12/12/2004,MOD,CA,AWP,WE,Federal Contract Tower,0,5,26,0,31,0,2,1,0,3,0,7,27,0,34,2,0,2,36
12/13/2004,MOD,CA,AWP,WE,Federal Contract Tower,0,15,34,6,55,0,2,5,0,7,0,17,39,6,62,2,0,2,64
12/14/2004,MOD,CA,AWP,WE,Federal Contract Tower,0,16,29,0,45,0,5,4,0,9,0,21,33,0,54,0,0,0,54
12/15/2004,MOD,CA,AWP,WE,Federal Contract Tower,0,12,31,0,43,0,18,50,0,68,0,30,81,0,111,14,0,14,125
12/16/2004,MOD,CA,AWP,WE,Federal Contract Tower,0,9,37,0,46,0,10,61,0,71,0,19,98,0,117,48,0,48,165
12/17/2004,MOD,CA,AWP,WE,Federal Contract Tower,0,14,43,0,57,0,7,15,0,22,0,21,58,0,79,2,0,2,81
12/18/2004,MOD,CA,AWP,WE,Federal Contract Tower,0,4,22,0,26,0,4,0,0,4,0,8,22,0,30,4,0,4,34
12/19/2004,MOD,CA,AWP,WE,Federal Contract Tower,0,6,12,0,18,0,0,16,0,16,0,6,28,0,34,18,0,18,52
12/20/2004,MOD,CA,AWP,WE,Federal Contract Tower,0,12,29,0,41,0,0,0,0,0,0,12,29,0,41,0,0,0,41
12/21/2004,MOD,CA,AWP,WE,Federal Contract Tower,0,11,17,0,28,0,13,105,0,118,0,24,122,0,146,48,0,48,194
12/22/2004,MOD,CA,AWP,WE,Federal Contract Tower,0,10,28,2,40,0,30,51,0,81,0,40,79,2,121,0,0,0,121
12/23/2004,MOD,CA,AWP,WE,Federal Contract Tower,0,10,12,0,22,0,13,96,0,109,0,23,108,0,131,80,0,80,211
12/24/2004,MOD,CA,AWP,WE,Federal Contract Tower,0,5,12,0,17,0,0,0,0,0,0,5,12,0,17,0,0,0,17
12/25/2004,MOD,CA,AWP,WE,Federal Contract Tower,0,2,9,0,11,0,7,6,0,13,0,9,15,0,24,0,0,0,24
12/26/2004,MOD,CA,AWP,WE,Federal Contract Tower,0,6,9,0,15,0,4,34,0,38,0,10,43,0,53,12,0,12,65
12/27/2004,MOD,CA,AWP,WE,Federal Contract Tower,0,6,26,0,32,0,18,25,2,45,0,24,51,2,77,4,0,4,81
12/28/2004,MOD,CA,AWP,WE,Federal Contract Tower,0,15,21,4,40,0,10,16,0,26,0,25,37,4,66,4,0,4,70
12/29/2004,MOD,CA,AWP,WE,Federal Contract Tower,0,10,36,0,46,0,33,56,0,89,0,43,92,0,135,2,0,2,137
12/30/2004,MOD,CA,AWP,WE,Federal Contract Tower,0,9,33,0,42,0,13,14,0,27,0,22,47,0,69,6,0,6,75
12/31/2004,MOD,CA,AWP,WE,Federal Contract Tower,0,12,12,0,24,0,9,60,0,69,0,21,72,0,93,47,0,47,140
01/01/2005,MOD,CA,AWP,WE,Federal Contract Tower,0,6,9,0,15,0,5,42,0,47,0,11,51,0,62,34,0,34,96
01/02/2005,MOD,CA,AWP,WE,Federal Contract Tower,0,6,16,0,22,0,7,20,0,27,0,13,36,0,49,20,0,20,69
01/03/2005,MOD,CA,AWP,WE,Federal Contract Tower,0,8,19,0,27,0,4,29,0,33,0,12,48,0,60,36,0,36,96
01/04/2005,MOD,CA,AWP,WE,Federal Contract Tower,0,11,38,2,51,0,6,0,0,6,0,17,38,2,57,30,0,30,87
01/05/2005,MOD,CA,AWP,WE,Federal Contract Tower,0,7,44,0,51,0,30,63,4,97,0,37,107,4,148,94,0,94,242
01/06/2005,MOD,CA,AWP,WE,Federal Contract Tower,0,11,42,0,53,0,17,31,0,48,0,28,73,0,101,82,0,82,183
01/07/2005,MOD,CA,AWP,WE,Federal Contract Tower,0,7,11,0,18,0,15,24,0,39,0,22,35,0,57,4,0,4,61
01/08/2005,MOD,CA,AWP,WE,Federal Contract Tower,0,8,13,0,21,0,8,26,0,34,0,16,39,0,55,2,0,2,57
01/09/2005,MOD,CA,AWP,WE,Federal Contract Tower,0,13,14,0,27,0,6,3,0,9,0,19,17,0,36,0,0,0,36
01/10/2005,MOD,CA,AWP,WE,Federal Contract Tower,2,12,31,2,47,0,7,19,0,26,2,19,50,2,73,14,0,14,87
01/11/2005,MOD,CA,AWP,WE,Federal Contract Tower,0,11,20,0,31,0,16,22,0,38,0,27,42,0,69,39,0,39,108
01/12/2005,MOD,CA,AWP,WE,Federal Contract Tower,0,13,43,0,56,0,8,37,0,45,0,21,80,0,101,64,0,64,165
01/13/2005,MOD,CA,AWP,WE,Federal Contract Tower,0,11,60,0,71,0,12,1,0,13,0,23,61,0,84,14,2,16,100
01/14/2005,MOD,CA,AWP,WE,Federal Contract Tower,0,10,50,0,60,0,8,6,0,14,0,18,56,0,74,4,0,4,78
01/15/2005,MOD,CA,AWP,WE,Federal Contract Tower,0,9,27,0,36,0,2,0,0,2,0,11,27,0,38,7,0,7,45
01/16/2005,MOD,CA,AWP,WE,Federal Contract Tower,0,8,45,2,55,0,9,21,0,30,0,17,66,2,85,8,0,8,93
01/17/2005,MOD,CA,AWP,WE,Federal Contract Tower,0,8,44,0,52,0,0,0,0,0,0,8,44,0,52,2,0,2,54
01/18/2005,MOD,CA,AWP,WE,Federal Contract Tower,0,11,50,0,61,0,0,1,0,1,0,11,51,0,62,10,0,10,72
01/19/2005,MOD,CA,AWP,WE,Federal Contract Tower,0,12,45,6,63,0,1,0,0,1,0,13,45,6,64,0,0,0,64
01/20/2005,MOD,CA,AWP,WE,Federal Contract Tower,0,19,38,0,57,0,1,0,0,1,0,20,38,0,58,2,0,2,60
01/21/2005,MOD,CA,AWP,WE,Federal Contract Tower,0,11,22,0,33,0,0,0,0,0,0,11,22,0,33,4,0,4,37
01/22/2005,MOD,CA,AWP,WE,Federal Contract Tower,0,10,17,0,27,0,0,0,0,0,0,10,17,0,27,6,0,6,33
01/23/2005,MOD,CA,AWP,WE,Federal Contract Tower,0,10,44,0,54,0,5,0,0,5,0,15,44,0,59,6,0,6,65
01/24/2005,MOD,CA,AWP,WE,Federal Contract Tower,0,13,35,0,48,0,3,0,0,3,0,16,35,0,51,0,0,0,51
01/25/2005,MOD,CA,AWP,WE,Federal Contract Tower,0,8,17,0,25,0,14,12,0,26,0,22,29,0,51,8,0,8,59
01/26/2005,MOD,CA,AWP,WE,Federal Contract Tower,0,19,24,0,43,0,9,24,0,33,0,28,48,0,76,0,0,0,76
01/27/2005,MOD,CA,AWP,WE,Federal Contract Tower,0,11,34,0,45,0,15,68,0,83,0,26,102,0,128,70,0,70,198
01/28/2005,MOD,CA,AWP,WE,Federal Contract Tower,0,7,29,0,36,0,23,35,0,58,0,30,64,0,94,19,0,19,113
01/29/2005,MOD,CA,AWP,WE,Federal Contract Tower,0,4,37,0,41,0,8,21,0,29,0,12,58,0,70,14,0,14,84
01/30/2005,MOD,CA,AWP,WE,Federal Contract Tower,0,11,14,0,25,0,2,96,0,98,0,13,110,0,123,126,0,126,249
01/31/2005,MOD,CA,AWP,WE,Federal Contract Tower,0,10,11,0,21,0,20,94,0,114,0,30,105,0,135,62,0,62,197
02/01/2005,MOD,CA,AWP,WE,Federal Contract Tower,0,8,18,11,37,0,15,87,1,103,0,23,105,12,140,94,2,96,236
02/02/2005,MOD,CA,AWP,WE,Federal Contract Tower,0,12,31,0,43,0,4,39,0,43,0,16,70,0,86,84,0,84,170
02/03/2005,MOD,CA,AWP,WE,Federal Contract Tower,0,8,27,0,35,0,11,52,0,63,0,19,79,0,98,98,0,98,196
02/04/2005,MOD,CA,AWP,WE,Federal Contract Tower,0,8,28,0,36,0,10,33,0,43,0,18,61,0,79,64,0,64,143
02/05/2005,MOD,CA,AWP,WE,Federal Contract Tower,0,4,11,0,15,0,17,48,0,65,0,21,59,0,80,48,0,48,128
02/06/2005,MOD,CA,AWP,WE,Federal Contract Tower,0,6,11,0,17,0,22,118,0,140,0,28,129,0,157,90,0,90,247
02/07/2005,MOD,CA,AWP,WE,Federal Contract Tower,0,9,19,12,40,0,6,34,0,40,0,15,53,12,80,14,0,14,94
02/08/2005,MOD,CA,AWP,WE,Federal Contract Tower,0,12,23,0,35,0,18,67,0,85,0,30,90,0,120,108,0,108,228
02/09/2005,MOD,CA,AWP,WE,Federal Contract Tower,0,10,18,0,28,0,27,111,0,138,0,37,129,0,166,82,0,82,248
02/10/2005,MOD,CA,AWP,WE,Federal Contract Tower,0,9,34,2,45,0,21,81,0,102,0,30,115,2,147,101,2,103,250
02/11/2005,MOD,CA,AWP,WE,Federal Contract Tower,0,8,39,0,47,0,18,80,0,98,0,26,119,0,145,56,0,56,201
02/12/2005,MOD,CA,AWP,WE,Federal Contract Tower,0,4,24,0,28,0,11,110,0,121,0,15,134,0,149,141,0,141,290
02/13/2005,MOD,CA,AWP,WE,Federal Contract Tower,0,7,32,0,39,0,14,16,0,30,0,21,48,0,69,52,0,52,121
02/14/2005,MOD,CA,AWP,WE,Federal Contract Tower,0,8,9,0,17,0,15,24,0,39,0,23,33,0,56,28,0,28,84
02/15/2005,MOD,CA,AWP,WE,Federal Contract Tower,0,12,38,0,50,0,1,1,0,2,0,13,39,0,52,0,0,0,52
02/16/2005,MOD,CA,AWP,WE,Federal Contract Tower,0,13,46,0,59,0,8,27,0,35,0,21,73,0,94,10,0,10,104
02/17/2005,MOD,CA,AWP,WE,Federal Contract Tower,0,13,28,0,41,0,10,29,0,39,0,23,57,0,80,26,0,26,106
02/18/2005,MOD,CA,AWP,WE,Federal Contract Tower,0,9,43,0,52,0,30,32,0,62,0,39,75,0,114,36,0,36,150
02/19/2005,MOD,CA,AWP,WE,Federal Contract Tower,0,6,13,0,19,0,31,42,0,73,0,37,55,0,92,24,0,24,116
02/20/2005,MOD,CA,AWP,WE,Federal Contract Tower,0,8,19,0,27,0,5,35,0,40,0,13,54,0,67,18,0,18,85
02/21/2005,MOD,CA,AWP,WE,Federal Contract Tower,0,8,10,0,18,0,14,24,0,38,0,22,34,0,56,18,0,18,74
02/22/2005,MOD,CA,AWP,WE,Federal Contract Tower,0,7,16,0,23,0,15,89,0,104,0,22,105,0,127,90,0,90,217
02/23/2005,MOD,CA,AWP,WE,Federal Contract Tower,0,8,27,0,35,0,16,110,0,126,0,24,137,0,161,78,0,78,239
02/24/2005,MOD,CA,AWP,WE,Federal Contract Tower,0,10,43,0,53,0,23,61,0,84,0,33,104,0,137,66,0,66,203
02/25/2005,MOD,CA,AWP,WE,Federal Contract Tower,0,9,33,0,42,0,23,56,0,79,0,32,89,0,121,70,0,70,191
02/26/2005,MOD,CA,AWP,WE,Federal Contract Tower,0,5,40,0,45,0,18,92,0,110,0,23,132,0,155,62,0,62,217
02/27/2005,MOD,CA,AWP,WE,Federal Contract Tower,0,6,31,0,37,0,7,60,0,67,0,13,91,0,104,40,0,40,144
02/28/2005,MOD,CA,AWP,WE,Federal Contract Tower,0,9,21,0,30,0,7,80,0,87,0,16,101,0,117,78,0,78,195
03/01/2005,MOD,CA,AWP,WE,Federal Contract Tower,0,8,19,0,27,0,5,68,0,73,0,13,87,0,100,60,0,60,160
03/02/2005,MOD,CA,AWP,WE,Federal Contract Tower,0,7,26,2,35,0,14,98,0,112,0,21,124,2,147,88,0,88,235
03/03/2005,MOD,CA,AWP,WE,Federal Contract Tower,0,11,26,0,37,0,14,74,0,88,0,25,100,0,125,104,0,104,229
03/04/2005,MOD,CA,AWP,WE,Federal Contract Tower,0,11,35,2,48,0,7,14,0,21,0,18,49,2,69,5,6,11,80
03/05/2005,MOD,CA,AWP,WE,Federal Contract Tower,0,6,61,0,67,0,15,88,0,103,0,21,149,0,170,108,0,108,278
03/06/2005,MOD,CA,AWP,WE,Federal Contract Tower,0,6,18,0,24,0,16,132,0,148,0,22,150,0,172,72,0,72,244
03/07/2005,MOD,CA,AWP,WE,Federal Contract Tower,0,12,37,0,49,0,10,85,0,95,0,22,122,0,144,73,0,73,217
03/08/2005,MOD,CA,AWP,WE,Federal Contract Tower,0,8,8,0,16,0,15,72,0,87,0,23,80,0,103,60,0,60,163
03/09/2005,MOD,CA,AWP,WE,Federal Contract Tower,0,10,50,0,60,0,22,97,0,119,0,32,147,0,179,56,0,56,235
03/10/2005,MOD,CA,AWP,WE,Federal Contract Tower,0,7,16,0,23,0,19,115,0,134,0,26,131,0,157,124,0,124,281
03/11/2005,MOD,CA,AWP,WE,Federal Contract Tower,0,7,38,0,45,0,13,66,0,79,0,20,104,0,124,48,0,48,172
03/12/2005,MOD,CA,AWP,WE,Federal Contract Tower,0,5,16,0,21,0,8,97,0,105,0,13,113,0,126,80,0,80,206
03/13/2005,MOD,CA,AWP,WE,Federal Contract Tower,0,6,19,0,25,0,2,68,0,70,0,8,87,0,95,96,0,96,191
03/14/2005,MOD,CA,AWP,WE,Federal Contract Tower,0,6,22,0,28,0,3,38,0,41,0,9,60,0,69,24,0,24,93
03/15/2005,MOD,CA,AWP,WE,Federal Contract Tower,0,7,33,0,40,0,15,126,0,141,0,22,159,0,181,40,0,40,221
03/16/2005,MOD,CA,AWP,WE,Federal Contract Tower,0,11,34,0,45,0,14,98,2,114,0,25,132,2,159,26,0,26,185
03/17/2005,MOD,CA,AWP,WE,Federal Contract Tower,0,7,35,0,42,0,22,90,0,112,0,29,125,0,154,29,0,29,183
03/18/2005,MOD,CA,AWP,WE,Federal Contract Tower,0,5,33,0,38,0,17,52,0,69,0,22,85,0,107,48,0,48,155
03/19/2005,MOD,CA,AWP,WE,Federal Contract Tower,0,8,31,0,39,0,21,11,0,32,0,29,42,0,71,4,0,4,75
03/20/2005,MOD,CA,AWP,WE,Federal Contract Tower,0,6,13,0,19,0,3,33,0,36,0,9,46,0,55,10,0,10,65
03/21/2005,MOD,CA,AWP,WE,Federal Contract Tower,0,9,31,0,40,0,12,49,0,61,0,21,80,0,101,64,0,64,165
03/22/2005,MOD,CA,AWP,WE,Federal Contract Tower,0,14,22,4,40,0,11,12,0,23,0,25,34,4,63,2,0,2,65
03/23/2005,MOD,CA,AWP,WE,Federal Contract Tower,0,12,35,0,47,0,7,53,2,62,0,19,88,2,109,62,0,62,171
03/24/2005,MOD,CA,AWP,WE,Federal Contract Tower,0,6,22,0,28,0,17,83,0,100,0,23,105,0,128,98,0,98,226
03/25/2005,MOD,CA,AWP,WE,Federal Contract Tower,0,8,23,2,33,0,29,118,0,147,0,37,141,2,180,22,0,22,202
03/26/2005,MOD,CA,AWP,WE,Federal Contract Tower,0,6,16,0,22,0,10,133,0,143,0,16,149,0,165,58,0,58,223
03/27/2005,MOD,CA,AWP,WE,Federal Contract Tower,0,6,8,0,14,0,2,30,0,32,0,8,38,0,46,2,0,2,48
03/28/2005,MOD,CA,AWP,WE,Federal Contract Tower,0,6,26,0,32,0,10,27,2,39,0,16,53,2,71,18,0,18,89
03/29/2005,MOD,CA,AWP,WE,Federal Contract Tower,0,9,24,0,33,0,13,59,0,72,0,22,83,0,105,34,0,34,139
03/30/2005,MOD,CA,AWP,WE,Federal Contract Tower,0,11,21,0,32,0,13,116,0,129,0,24,137,0,161,46,0,46,207
03/31/2005,MOD,CA,AWP,WE,Federal Contract Tower,0,8,24,0,32,0,20,144,0,164,0,28,168,0,196,116,0,116,312
04/01/2005,MOD,CA,AWP,WE,Federal Contract Tower,0,8,26,0,34,0,13,103,0,116,0,21,129,0,150,83,0,83,233
04/02/2005,MOD,CA,AWP,WE,Federal Contract Tower,0,8,15,0,23,0,21,106,0,127,0,29,121,0,150,78,0,78,228
04/03/2005,MOD,CA,AWP,WE,Federal Contract Tower,0,7,25,0,32,0,13,70,0,83,0,20,95,0,115,12,0,12,127
04/04/2005,MOD,CA,AWP,WE,Federal Contract Tower,0,10,17,0,27,0,16,86,0,102,0,26,103,0,129,28,0,28,157
04/05/2005,MOD,CA,AWP,WE,Federal Contract Tower,0,8,19,2,29,0,14,132,2,148,0,22,151,4,177,84,0,84,261
04/06/2005,MOD,CA,AWP,WE,Federal Contract Tower,0,12,27,0,39,0,27,143,0,170,0,39,170,0,209,86,0,86,295
04/07/2005,MOD,CA,AWP,WE,Federal Contract Tower,0,8,35,2,45,0,13,33,0,46,0,21,68,2,91,50,0,50,141
04/08/2005,MOD,CA,AWP,WE,Federal Contract Tower,0,11,17,0,28,0,18,33,0,51,0,29,50,0,79,16,0,16,95
04/09/2005,MOD,CA,AWP,WE,Federal Contract Tower,0,9,31,0,40,0,6,43,0,49,0,15,74,0,89,36,0,36,125
04/10/2005,MOD,CA,AWP,WE,Federal Contract Tower,0,10,5,0,15,0,6,150,0,156,0,16,155,0,171,26,0,26,197
04/11/2005,MOD,CA,AWP,WE,Federal Contract Tower,0,7,9,0,16,0,11,80,0,91,0,18,89,0,107,46,0,46,153
04/12/2005,MOD,CA,AWP,WE,Federal Contract Tower,0,9,10,2,21,0,9,92,0,101,0,18,102,2,122,54,0,54,176
04/13/2005,MOD,CA,AWP,WE,Federal Contract Tower,0,6,12,4,22,0,18,109,0,127,0,24,121,4,149,68,0,68,217
04/14/2005,MOD,CA,AWP,WE,Federal Contract Tower,0,10,24,2,36,0,22,85,2,109,0,32,109,4,145,94,0,94,239
04/15/2005,MOD,CA,AWP,WE,Federal Contract Tower,0,6,32,0,38,0,23,131,0,154,0,29,163,0,192,111,0,111,303
04/16/2005,MOD,CA,AWP,WE,Federal Contract Tower,0,4,25,0,29,0,14,121,0,135,0,18,146,0,164,114,0,114,278
04/17/2005,MOD,CA,AWP,WE,Federal Contract Tower,0,4,13,0,17,0,19,81,0,100,0,23,94,0,117,16,0,16,133
04/18/2005,MOD,CA,AWP,WE,Federal Contract Tower,0,9,26,0,35,0,20,65,0,85,0,29,91,0,120,42,0,42,162
04/19/2005,MOD,CA,AWP,WE,Federal Contract Tower,0,7,8,4,19,0,18,62,0,80,0,25,70,4,99,10,2,12,111
04/20/2005,MOD,CA,AWP,WE,Federal Contract Tower,0,9,23,0,32,0,25,127,0,152,0,34,150,0,184,146,0,146,330
04/21/2005,MOD,CA,AWP,WE,Federal Contract Tower,0,6,37,2,45,0,21,107,0,128,0,27,144,2,173,68,2,70,243
04/22/2005,MOD,CA,AWP,WE,Federal Contract Tower,0,7,17,4,28,0,22,102,0,124,0,29,119,4,152,94,4,98,250
04/23/2005,MOD,CA,AWP,WE,Federal Contract Tower,0,4,20,0,24,0,18,69,0,87,0,22,89,0,111,194,0,194,305
04/24/2005,MOD,CA,AWP,WE,Federal Contract Tower,0,8,30,0,38,0,9,61,0,70,0,17,91,0,108,96,0,96,204
04/25/2005,MOD,CA,AWP,WE,Federal Contract Tower,0,7,15,0,22,0,15,108,0,123,0,22,123,0,145,118,0,118,263
04/26/2005,MOD,CA,AWP,WE,Federal Contract Tower,0,7,24,0,31,0,26,118,2,146,0,33,142,2,177,214,0,214,391
04/27/2005,MOD,CA,AWP,WE,Federal Contract Tower,0,10,26,0,36,0,21,95,0,116,0,31,121,0,152,130,0,130,282
04/28/2005,MOD,CA,AWP,WE,Federal Contract Tower,0,12,23,0,35,0,15,50,0,65,0,27,73,0,100,114,0,114,214
04/29/2005,MOD,CA,AWP,WE,Federal Contract Tower,0,7,47,2,56,0,8,82,0,90,0,15,129,2,146,73,2,75,221
04/30/2005,MOD,CA,AWP,WE,Federal Contract Tower,0,4,20,0,24,0,12,113,0,125,0,16,133,0,149,100,0,100,249
05/01/2005,MOD,CA,AWP,WE,Federal Contract Tower,0,6,11,0,17,0,17,110,0,127,0,23,121,0,144,16,0,16,160
05/02/2005,MOD,CA,AWP,WE,Federal Contract Tower,0,7,13,6,26,0,14,102,0,116,0,21,115,6,142,38,0,38,180
05/03/2005,MOD,CA,AWP,WE,Federal Contract Tower,0,10,21,0,31,0,19,110,0,129,0,29,131,0,160,100,0,100,260
05/04/2005,MOD,CA,AWP,WE,Federal Contract Tower,0,9,39,0,48,0,37,80,0,117,0,46,119,0,165,163,0,163,328
05/05/2005,MOD,CA,AWP,WE,Federal Contract Tower,0,11,40,0,51,0,6,5,0,11,0,17,45,0,62,30,0,30,92
05/06/2005,MOD,CA,AWP,WE,Federal Contract Tower,0,11,29,0,40,0,17,75,0,92,0,28,104,0,132,130,0,130,262
05/07/2005,MOD,CA,AWP,WE,Federal Contract Tower,0,7,21,0,28,0,26,118,0,144,0,33,139,0,172,102,0,102,274
05/08/2005,MOD,CA,AWP,WE,Federal Contract Tower,0,5,6,0,11,0,27,27,0,54,0,32,33,0,65,16,0,16,81
05/09/2005,MOD,CA,AWP,WE,Federal Contract Tower,0,8,7,0,15,0,15,42,0,57,0,23,49,0,72,4,0,4,76
05/10/2005,MOD,CA,AWP,WE,Federal Contract Tower,0,8,38,0,46,0,24,79,0,103,0,32,117,0,149,154,0,154,303
05/11/2005,MOD,CA,AWP,WE,Federal Contract Tower,0,11,17,6,34,0,16,147,0,163,0,27,164,6,197,116,0,116,313
05/12/2005,MOD,CA,AWP,WE,Federal Contract Tower,0,6,31,2,39,0,24,86,0,110,0,30,117,2,149,123,0,123,272
05/13/2005,MOD,CA,AWP,WE,Federal Contract Tower,0,10,22,0,32,0,20,99,0,119,0,30,121,0,151,172,0,172,323
05/14/2005,MOD,CA,AWP,WE,Federal Contract Tower,0,8,27,0,35,0,17,117,0,134,0,25,144,0,169,120,0,120,289
05/15/2005,MOD,CA,AWP,WE,Federal Contract Tower,0,7,23,0,30,0,16,105,0,121,0,23,128,0,151,26,0,26,177
05/16/2005,MOD,CA,AWP,WE,Federal Contract Tower,0,12,24,4,40,0,17,30,0,47,0,29,54,4,87,34,0,34,121
05/17/2005,MOD,CA,AWP,WE,Federal Contract Tower,0,8,16,0,24,0,19,88,0,107,0,27,104,0,131,116,0,116,247
05/18/2005,MOD,CA,AWP,WE,Federal Contract Tower,0,11,23,0,34,0,11,65,2,78,0,22,88,2,112,48,0,48,160
05/19/2005,MOD,CA,AWP,WE,Federal Contract Tower,0,10,35,0,45,0,22,68,0,90,0,32,103,0,135,81,0,81,216
05/20/2005,MOD,CA,AWP,WE,Federal Contract Tower,0,10,34,0,44,0,23,115,0,138,0,33,149,0,182,58,0,58,240
05/21/2005,MOD,CA,AWP,WE,Federal Contract Tower,0,7,8,0,15,0,17,207,0,224,0,24,215,0,239,246,0,246,485
05/22/2005,MOD,CA,AWP,WE,Federal Contract Tower,0,8,14,0,22,0,8,151,0,159,0,16,165,0,181,112,0,112,293
05/23/2005,MOD,CA,AWP,WE,Federal Contract Tower,0,9,9,0,18,0,16,91,0,107,0,25,100,0,125,22,0,22,147
05/24/2005,MOD,CA,AWP,WE,Federal Contract Tower,0,8,24,0,32,0,20,95,0,115,0,28,119,0,147,68,0,68,215
05/25/2005,MOD,CA,AWP,WE,Federal Contract Tower,0,10,9,0,19,0,29,81,2,112,0,39,90,2,131,82,0,82,213
05/26/2005,MOD,CA,AWP,WE,Federal Contract Tower,0,2,15,2,19,0,21,96,0,117,0,23,111,2,136,36,0,36,172
05/27/2005,MOD,CA,AWP,WE,Federal Contract Tower,0,6,13,0,19,0,19,120,0,139,0,25,133,0,158,56,0,56,214
05/28/2005,MOD,CA,AWP,WE,Federal Contract Tower,0,4,29,0,33,0,20,96,0,116,0,24,125,0,149,62,0,62,211
05/29/2005,MOD,CA,AWP,WE,Federal Contract Tower,0,4,8,0,12,0,18,58,0,76,0,22,66,0,88,10,0,10,98
05/30/2005,MOD,CA,AWP,WE,Federal Contract Tower,0,8,21,0,29,0,11,113,0,124,0,19,134,0,153,20,0,20,173
05/31/2005,MOD,CA,AWP,WE,Federal Contract Tower,0,8,20,0,28,0,9,89,0,98,0,17,109,0,126,76,0,76,202
06/01/2005,MOD,CA,AWP,WE,Federal Contract Tower,0,9,18,0,27,0,26,86,8,120,0,35,104,8,147,48,0,48,195
06/02/2005,MOD,CA,AWP,WE,Federal Contract Tower,0,7,19,0,26,0,27,82,0,109,0,34,101,0,135,62,0,62,197
06/03/2005,MOD,CA,AWP,WE,Federal Contract Tower,0,8,15,0,23,0,24,125,0,149,0,32,140,0,172,90,0,90,262
06/04/2005,MOD,CA,AWP,WE,Federal Contract Tower,0,7,13,0,20,0,22,143,0,165,0,29,156,0,185,160,0,160,345
06/05/2005,MOD,CA,AWP,WE,Federal Contract Tower,0,7,8,0,15,0,16,92,0,108,0,23,100,0,123,40,0,40,163
06/06/2005,MOD,CA,AWP,WE,Federal Contract Tower,0,7,13,0,20,0,19,64,0,83,0,26,77,0,103,24,0,24,127
06/07/2005,MOD,CA,AWP,WE,Federal Contract Tower,0,6,13,4,23,0,21,80,0,101,0,27,93,4,124,78,2,80,204
06/08/2005,MOD,CA,AWP,WE,Federal Contract Tower,0,10,26,0,36,0,21,49,0,70,0,31,75,0,106,34,0,34,140
06/09/2005,MOD,CA,AWP,WE,Federal Contract Tower,0,8,41,0,49,0,18,57,0,75,0,26,98,0,124,50,0,50,174
06/10/2005,MOD,CA,AWP,WE,Federal Contract Tower,0,15,23,0,38,0,19,141,0,160,0,34,164,0,198,93,0,93,291
06/11/2005,MOD,CA,AWP,WE,Federal Contract Tower,0,6,25,0,31,0,23,106,0,129,0,29,131,0,160,50,0,50,210
06/12/2005,MOD,CA,AWP,WE,Federal Contract Tower,0,7,31,0,38,0,16,112,0,128,0,23,143,0,166,30,0,30,196
06/13/2005,MOD,CA,AWP,WE,Federal Contract Tower,0,10,29,0,39,0,17,64,0,81,0,27,93,0,120,60,0,60,180
06/14/2005,MOD,CA,AWP,WE,Federal Contract Tower,0,8,28,0,36,0,18,109,0,127,0,26,137,0,163,110,0,110,273
06/15/2005,MOD,CA,AWP,WE,Federal Contract Tower,0,7,46,0,53,0,12,138,0,150,0,19,184,0,203,132,0,132,335
06/16/2005,MOD,CA,AWP,WE,Federal Contract Tower,0,14,23,0,37,0,17,77,0,94,0,31,100,0,131,77,0,77,208
06/17/2005,MOD,CA,AWP,WE,Federal Contract Tower,0,9,25,2,36,0,9,83,0,92,0,18,108,2,128,114,0,114,242
06/18/2005,MOD,CA,AWP,WE,Federal Contract Tower,0,6,27,0,33,0,11,107,0,118,0,17,134,0,151,168,0,168,319
06/19/2005,MOD,CA,AWP,WE,Federal Contract Tower,0,7,2,0,9,0,8,111,0,119,0,15,113,0,128,64,0,64,192
06/20/2005,MOD,CA,AWP,WE,Federal Contract Tower,0,6,7,0,13,0,16,106,0,122,0,22,113,0,135,70,0,70,205
06/21/2005,MOD,CA,AWP,WE,Federal Contract Tower,0,9,21,0,30,0,17,123,0,140,0,26,144,0,170,96,0,96,266
06/22/2005,MOD,CA,AWP,WE,Federal Contract Tower,0,10,7,0,17,0,19,186,0,205,0,29,193,0,222,88,0,88,310
06/23/2005,MOD,CA,AWP,WE,Federal Contract Tower,0,6,33,0,39,0,57,132,0,189,0,63,165,0,228,90,0,90,318
06/24/2005,MOD,CA,AWP,WE,Federal Contract Tower,0,7,8,0,15,0,48,142,0,190,0,55,150,0,205,85,0,85,290
06/25/2005,MOD,CA,AWP,WE,Federal Contract Tower,0,7,17,0,24,0,18,146,0,164,0,25,163,0,188,194,0,194,382
06/26/2005,MOD,CA,AWP,WE,Federal Contract Tower,0,8,16,0,24,0,23,141,0,164,0,31,157,0,188,102,0,102,290
06/27/2005,MOD,CA,AWP,WE,Federal Contract Tower,0,6,9,0,15,0,32,90,0,122,0,38,99,0,137,44,0,44,181
06/28/2005,MOD,CA,AWP,WE,Federal Contract Tower,0,9,14,0,23,0,20,106,0,126,0,29,120,0,149,80,0,80,229
06/29/2005,MOD,CA,AWP,WE,Federal Contract Tower,0,6,15,0,21,0,19,111,0,130,0,25,126,0,151,130,0,130,281
06/30/2005,MOD,CA,AWP,WE,Federal Contract Tower,0,8,23,0,31,0,29,92,0,121,0,37,115,0,152,90,0,90,242
07/01/2005,MOD,CA,AWP,WE,Federal Contract Tower,0,12,13,0,25,0,13,94,0,107,0,25,107,0,132,15,0,15,147
07/02/2005,MOD,CA,AWP,WE,Federal Contract Tower,0,6,6,0,12,0,24,122,0,146,0,30,128,0,158,79,0,79,237
07/03/2005,MOD,CA,AWP,WE,Federal Contract Tower,0,3,9,0,12,0,30,106,0,136,0,33,115,0,148,62,0,62,210
07/04/2005,MOD,CA,AWP,WE,Federal Contract Tower,0,4,5,0,9,0,12,95,0,107,0,16,100,0,116,88,0,88,204
07/05/2005,MOD,CA,AWP,WE,Federal Contract Tower,0,6,10,0,16,0,19,107,0,126,0,25,117,0,142,54,0,54,196
07/06/2005,MOD,CA,AWP,WE,Federal Contract Tower,0,10,28,0,38,0,24,111,0,135,0,34,139,0,173,194,0,194,367
07/07/2005,MOD,CA,AWP,WE,Federal Contract Tower,0,10,16,0,26,0,14,91,0,105,0,24,107,0,131,62,0,62,193
07/08/2005,MOD,CA,AWP,WE,Federal Contract Tower,0,9,30,0,39,0,17,119,0,136,0,26,149,0,175,91,0,91,266
07/09/2005,MOD,CA,AWP,WE,Federal Contract Tower,0,2,28,0,30,0,19,98,0,117,0,21,126,0,147,102,0,102,249
07/10/2005,MOD,CA,AWP,WE,Federal Contract Tower,0,6,19,0,25,0,24,80,0,104,0,30,99,0,129,24,0,24,153
07/11/2005,MOD,CA,AWP,WE,Federal Contract Tower,0,4,43,0,47,0,8,65,0,73,0,12,108,0,120,110,0,110,230
07/12/2005,MOD,CA,AWP,WE,Federal Contract Tower,0,12,25,0,37,0,38,110,0,148,0,50,135,0,185,90,0,90,275
07/13/2005,MOD,CA,AWP,WE,Federal Contract Tower,0,6,30,2,38,0,32,83,0,115,0,38,113,2,153,80,0,80,233
07/14/2005,MOD,CA,AWP,WE,Federal Contract Tower,0,7,31,0,38,0,30,123,0,153,0,37,154,0,191,159,0,159,350
07/15/2005,MOD,CA,AWP,WE,Federal Contract Tower,0,6,24,0,30,0,14,111,0,125,0,20,135,0,155,82,0,82,237
07/16/2005,MOD,CA,AWP,WE,Federal Contract Tower,0,4,23,0,27,0,23,90,0,113,0,27,113,0,140,106,0,106,246
07/17/2005,MOD,CA,AWP,WE,Federal Contract Tower,0,6,16,0,22,0,24,92,4,120,0,30,108,4,142,30,0,30,172
07/18/2005,MOD,CA,AWP,WE,Federal Contract Tower,0,6,12,4,22,0,21,88,0,109,0,27,100,4,131,34,0,34,165
07/19/2005,MOD,CA,AWP,WE,Federal Contract Tower,0,11,20,4,35,0,18,124,0,142,0,29,144,4,177,190,0,190,367
07/20/2005,MOD,CA,AWP,WE,Federal Contract Tower,0,4,16,0,20,0,15,127,0,142,0,19,143,0,162,132,0,132,294
07/21/2005,MOD,CA,AWP,WE,Federal Contract Tower,0,8,47,0,55,0,56,59,0,115,0,64,106,0,170,122,0,122,292
07/22/2005,MOD,CA,AWP,WE,Federal Contract Tower,0,4,16,0,20,0,23,93,0,116,0,27,109,0,136,116,0,116,252
07/23/2005,MOD,CA,AWP,WE,Federal Contract Tower,0,10,21,0,31,0,8,97,0,105,0,18,118,0,136,156,0,156,292
07/24/2005,MOD,CA,AWP,WE,Federal Contract Tower,0,6,19,0,25,0,9,90,0,99,0,15,109,0,124,86,0,86,210
07/25/2005,MOD,CA,AWP,WE,Federal Contract Tower,0,6,20,0,26,0,13,79,0,92,0,19,99,0,118,30,0,30,148
07/26/2005,MOD,CA,AWP,WE,Federal Contract Tower,0,6,10,0,16,0,16,146,0,162,0,22,156,0,178,86,0,86,264
07/27/2005,MOD,CA,AWP,WE,Federal Contract Tower,0,14,25,4,43,0,29,130,0,159,0,43,155,4,202,156,2,158,360
07/28/2005,MOD,CA,AWP,WE,Federal Contract Tower,0,9,9,2,20,0,20,114,0,134,0,29,123,2,154,94,2,96,250
07/29/2005,MOD,CA,AWP,WE,Federal Contract Tower,0,9,25,0,34,0,11,69,0,80,0,20,94,0,114,97,0,97,211
07/30/2005,MOD,CA,AWP,WE,Federal Contract Tower,0,5,18,0,23,0,17,70,0,87,0,22,88,0,110,110,0,110,220
07/31/2005,MOD,CA,AWP,WE,Federal Contract Tower,0,6,10,0,16,0,6,104,0,110,0,12,114,0,126,46,0,46,172
08/01/2005,MOD,CA,AWP,WE,Federal Contract Tower,0,7,8,0,15,0,28,82,0,110,0,35,90,0,125,56,0,56,181
08/02/2005,MOD,CA,AWP,WE,Federal Contract Tower,0,11,8,0,19,0,37,116,0,153,0,48,124,0,172,98,0,98,270
08/03/2005,MOD,CA,AWP,WE,Federal Contract Tower,0,10,5,2,17,0,41,98,0,139,0,51,103,2,156,94,2,96,252
08/04/2005,MOD,CA,AWP,WE,Federal Contract Tower,0,7,7,0,14,0,6,100,0,106,0,13,107,0,120,71,0,71,191
08/05/2005,MOD,CA,AWP,WE,Federal Contract Tower,0,6,25,0,31,0,5,69,2,76,0,11,94,2,107,68,0,68,175
08/06/2005,MOD,CA,AWP,WE,Federal Contract Tower,0,7,15,0,22,0,11,84,0,95,0,18,99,0,117,159,0,159,276
08/07/2005,MOD,CA,AWP,WE,Federal Contract Tower,0,6,11,0,17,0,20,77,0,97,0,26,88,0,114,67,0,67,181
08/08/2005,MOD,CA,AWP,WE,Federal Contract Tower,0,7,9,0,16,0,18,83,0,101,0,25,92,0,117,42,0,42,159
08/09/2005,MOD,CA,AWP,WE,Federal Contract Tower,0,6,19,0,25,0,39,63,0,102,0,45,82,0,127,84,0,84,211
08/10/2005,MOD,CA,AWP,WE,Federal Contract Tower,0,8,11,0,19,0,25,109,2,136,0,33,120,2,155,59,0,59,214
08/11/2005,MOD,CA,AWP,WE,Federal Contract Tower,0,6,17,0,23,0,11,132,0,143,0,17,149,0,166,82,0,82,248
08/12/2005,MOD,CA,AWP,WE,Federal Contract Tower,0,6,17,0,23,0,11,132,0,143,0,17,149,0,166,82,0,82,248
08/13/2005,MOD,CA,AWP,WE,Federal Contract Tower,0,5,15,0,20,0,10,123,0,133,0,15,138,0,153,122,0,122,275
08/14/2005,MOD,CA,AWP,WE,Federal Contract Tower,0,6,8,0,14,0,20,87,0,107,0,26,95,0,121,32,0,32,153
08/15/2005,MOD,CA,AWP,WE,Federal Contract Tower,0,6,18,0,24,0,9,56,0,65,0,15,74,0,89,56,0,56,145
08/16/2005,MOD,CA,AWP,WE,Federal Contract Tower,0,7,17,0,24,0,14,76,10,100,0,21,93,10,124,54,2,56,180
08/17/2005,MOD,CA,AWP,WE,Federal Contract Tower,0,14,12,0,26,0,18,92,0,110,0,32,104,0,136,103,0,103,239
08/18/2005,MOD,CA,AWP,WE,Federal Contract Tower,0,7,14,2,23,0,7,112,0,119,0,14,126,2,142,48,5,53,195
08/19/2005,MOD,CA,AWP,WE,Federal Contract Tower,0,7,18,2,27,0,9,124,0,133,0,16,142,2,160,80,6,86,246
08/20/2005,MOD,CA,AWP,WE,Federal Contract Tower,0,6,23,0,29,0,36,147,0,183,0,42,170,0,212,114,0,114,326
08/21/2005,MOD,CA,AWP,WE,Federal Contract Tower,0,11,26,0,37,0,6,90,6,102,0,17,116,6,139,40,0,40,179
08/22/2005,MOD,CA,AWP,WE,Federal Contract Tower,0,7,19,0,26,0,11,61,4,76,0,18,80,4,102,52,2,54,156
08/23/2005,MOD,CA,AWP,WE,Federal Contract Tower,0,6,24,0,30,0,28,92,0,120,0,34,116,0,150,91,0,91,241
08/24/2005,MOD,CA,AWP,WE,Federal Contract Tower,0,9,21,0,30,0,21,117,0,138,0,30,138,0,168,100,0,100,268
08/25/2005,MOD,CA,AWP,WE,Federal Contract Tower,0,6,28,0,34,0,18,123,0,141,0,24,151,0,175,66,0,66,241
08/26/2005,MOD,CA,AWP,WE,Federal Contract Tower,0,6,14,0,20,0,16,133,0,149,0,22,147,0,169,78,0,78,247
08/27/2005,MOD,CA,AWP,WE,Federal Contract Tower,0,6,12,0,18,0,10,119,0,129,0,16,131,0,147,72,0,72,219
08/28/2005,MOD,CA,AWP,WE,Federal Contract Tower,0,6,8,0,14,0,6,93,0,99,0,12,101,0,113,50,0,50,163
08/29/2005,MOD,CA,AWP,WE,Federal Contract Tower,0,6,12,0,18,0,22,80,0,102,0,28,92,0,120,50,0,50,170
08/30/2005,MOD,CA,AWP,WE,Federal Contract Tower,0,7,33,2,42,0,23,92,0,115,0,30,125,2,157,102,0,102,259
08/31/2005,MOD,CA,AWP,WE,Federal Contract Tower,0,4,10,2,16,0,33,80,0,113,0,37,90,2,129,82,2,84,213
09/01/2005,MOD,CA,AWP,WE,Federal Contract Tower,0,6,23,0,29,0,16,99,0,115,0,22,122,0,144,72,0,72,216
09/02/2005,MOD,CA,AWP,WE,Federal Contract Tower,0,6,7,0,13,0,12,122,0,134,0,18,129,0,147,84,0,84,231
09/03/2005,MOD,CA,AWP,WE,Federal Contract Tower,0,8,10,0,18,0,24,121,0,145,0,32,131,0,163,82,0,82,245
09/04/2005,MOD,CA,AWP,WE,Federal Contract Tower,0,4,15,0,19,0,17,93,0,110,0,21,108,0,129,84,0,84,213
09/05/2005,MOD,CA,AWP,WE,Federal Contract Tower,0,6,6,0,12,0,17,76,0,93,0,23,82,0,105,116,0,116,221
09/06/2005,MOD,CA,AWP,WE,Federal Contract Tower,0,7,23,2,32,0,18,92,0,110,0,25,115,2,142,74,2,76,218
09/07/2005,MOD,CA,AWP,WE,Federal Contract Tower,0,6,29,2,37,0,25,80,0,105,0,31,109,2,142,103,0,103,245
09/08/2005,MOD,CA,AWP,WE,Federal Contract Tower,0,7,16,0,23,0,11,98,0,109,0,18,114,0,132,70,0,70,202
09/09/2005,MOD,CA,AWP,WE,Federal Contract Tower,0,7,21,0,28,0,17,94,0,111,0,24,115,0,139,70,0,70,209
09/10/2005,MOD,CA,AWP,WE,Federal Contract Tower,0,4,12,0,16,0,11,96,0,107,0,15,108,0,123,70,0,70,193
09/11/2005,MOD,CA,AWP,WE,Federal Contract Tower,0,5,21,0,26,0,10,58,2,70,0,15,79,2,96,134,0,134,230
09/12/2005,MOD,CA,AWP,WE,Federal Contract Tower,0,9,14,2,25,0,27,80,0,107,0,36,94,2,132,74,0,74,206
09/13/2005,MOD,CA,AWP,WE,Federal Contract Tower,0,8,24,0,32,0,20,92,0,112,0,28,116,0,144,148,0,148,292
09/14/2005,MOD,CA,AWP,WE,Federal Contract Tower,0,7,26,0,33,0,26,94,0,120,0,33,120,0,153,80,0,80,233
09/15/2005,MOD,CA,AWP,WE,Federal Contract Tower,0,11,19,0,30,0,15,99,0,114,0,26,118,0,144,40,0,40,184
09/16/2005,MOD,CA,AWP,WE,Federal Contract Tower,0,9,20,0,29,0,15,100,0,115,0,24,120,0,144,134,0,134,278
09/17/2005,MOD,CA,AWP,WE,Federal Contract Tower,0,4,18,0,22,0,10,109,0,119,0,14,127,0,141,70,0,70,211
09/18/2005,MOD,CA,AWP,WE,Federal Contract Tower,0,10,4,1,15,0,29,120,0,149,0,39,124,1,164,82,0,82,246
09/19/2005,MOD,CA,AWP,WE,Federal Contract Tower,0,6,17,1,24,0,26,72,1,99,0,32,89,2,123,72,0,72,195
09/20/2005,MOD,CA,AWP,WE,Federal Contract Tower,0,7,6,0,13,0,18,73,0,91,0,25,79,0,104,20,0,20,124
09/21/2005,MOD,CA,AWP,WE,Federal Contract Tower,0,8,25,0,33,0,19,61,0,80,0,27,86,0,113,64,0,64,177
09/22/2005,MOD,CA,AWP,WE,Federal Contract Tower,0,8,27,2,37,0,12,131,4,147,0,20,158,6,184,137,0,137,321
09/23/2005,MOD,CA,AWP,WE,Federal Contract Tower,0,9,19,0,28,0,18,100,0,118,0,27,119,0,146,86,0,86,232
09/24/2005,MOD,CA,AWP,WE,Federal Contract Tower,0,7,9,0,16,0,9,96,0,105,0,16,105,0,121,122,0,122,243
09/25/2005,MOD,CA,AWP,WE,Federal Contract Tower,0,7,23,0,30,0,15,81,0,96,0,22,104,0,126,110,0,110,236
09/26/2005,MOD,CA,AWP,WE,Federal Contract Tower,0,8,7,0,15,0,21,52,0,73,0,29,59,0,88,30,0,30,118
09/27/2005,MOD,CA,AWP,WE,Federal Contract Tower,0,7,23,0,30,0,24,67,0,91,0,31,90,0,121,94,0,94,215
09/28/2005,MOD,CA,AWP,WE,Federal Contract Tower,0,6,46,0,52,0,29,117,0,146,0,35,163,0,198,120,0,120,318
09/29/2005,MOD,CA,AWP,WE,Federal Contract Tower,0,8,2,0,10,0,9,108,0,117,0,17,110,0,127,150,0,150,277
09/30/2005,MOD,CA,AWP,WE,Federal Contract Tower,0,7,19,0,26,0,16,98,0,114,0,23,117,0,140,92,0,92,232
10/01/2005,MOD,CA,AWP,WE,Federal Contract Tower,0,4,18,0,22,0,11,90,0,101,0,15,108,0,123,100,0,100,223
10/02/2005,MOD,CA,AWP,WE,Federal Contract Tower,0,10,28,0,38,0,13,96,0,109,0,23,124,0,147,82,0,82,229
10/03/2005,MOD,CA,AWP,WE,Federal Contract Tower,0,7,20,0,27,0,12,63,5,80,0,19,83,5,107,70,0,70,177
10/04/2005,MOD,CA,AWP,WE,Federal Contract Tower,0,9,24,0,33,0,37,93,0,130,0,46,117,0,163,80,0,80,243
10/05/2005,MOD,CA,AWP,WE,Federal Contract Tower,0,6,11,0,17,0,20,113,0,133,0,26,124,0,150,141,0,141,291
10/06/2005,MOD,CA,AWP,WE,Federal Contract Tower,0,8,21,0,29,0,19,141,0,160,0,27,162,0,189,94,0,94,283
10/07/2005,MOD,CA,AWP,WE,Federal Contract Tower,0,8,19,0,27,0,11,101,0,112,0,19,120,0,139,42,0,42,181
10/08/2005,MOD,CA,AWP,WE,Federal Contract Tower,0,9,13,0,22,0,36,149,0,185,0,45,162,0,207,68,0,68,275
10/09/2005,MOD,CA,AWP,WE,Federal Contract Tower,0,11,16,0,27,0,14,101,0,115,0,25,117,0,142,126,0,126,268
10/10/2005,MOD,CA,AWP,WE,Federal Contract Tower,0,9,27,0,36,0,29,86,0,115,0,38,113,0,151,56,0,56,207
10/11/2005,MOD,CA,AWP,WE,Federal Contract Tower,0,10,14,1,25,0,16,99,0,115,0,26,113,1,140,147,0,147,287
10/12/2005,MOD,CA,AWP,WE,Federal Contract Tower,0,11,14,0,25,0,19,106,0,125,0,30,120,0,150,140,0,140,290
10/13/2005,MOD,CA,AWP,WE,Federal Contract Tower,0,11,31,2,44,0,17,121,0,138,0,28,152,2,182,124,2,126,308
10/14/2005,MOD,CA,AWP,WE,Federal Contract Tower,0,8,5,0,13,0,22,116,0,138,0,30,121,0,151,82,0,82,233
10/15/2005,MOD,CA,AWP,WE,Federal Contract Tower,0,7,24,0,31,0,28,82,4,114,0,35,106,4,145,88,0,88,233
10/16/2005,MOD,CA,AWP,WE,Federal Contract Tower,0,6,6,0,12,0,10,112,0,122,0,16,118,0,134,88,0,88,222
10/17/2005,MOD,CA,AWP,WE,Federal Contract Tower,0,7,25,0,32,0,24,62,0,86,0,31,87,0,118,64,0,64,182
10/18/2005,MOD,CA,AWP,WE,Federal Contract Tower,0,8,17,1,26,0,30,91,3,124,0,38,108,4,150,89,0,89,239
10/19/2005,MOD,CA,AWP,WE,Federal Contract Tower,0,11,29,0,40,0,17,76,8,101,0,28,105,8,141,124,0,124,265
10/20/2005,MOD,CA,AWP,WE,Federal Contract Tower,0,8,40,0,48,0,19,121,0,140,0,27,161,0,188,160,0,160,348
10/21/2005,MOD,CA,AWP,WE,Federal Contract Tower,0,6,19,0,25,0,31,71,0,102,0,37,90,0,127,118,0,118,245
10/22/2005,MOD,CA,AWP,WE,Federal Contract Tower,0,5,16,0,21,0,13,153,0,166,0,18,169,0,187,186,0,186,373
10/23/2005,MOD,CA,AWP,WE,Federal Contract Tower,0,4,26,0,30,0,4,85,0,89,0,8,111,0,119,44,0,44,163
10/24/2005,MOD,CA,AWP,WE,Federal Contract Tower,0,4,29,0,33,0,17,72,0,89,0,21,101,0,122,133,0,133,255
10/25/2005,MOD,CA,AWP,WE,Federal Contract Tower,0,9,24,4,37,0,13,89,0,102,0,22,113,4,139,98,2,100,239
10/26/2005,MOD,CA,AWP,WE,Federal Contract Tower,0,8,14,0,22,0,18,57,0,75,0,26,71,0,97,60,0,60,157
10/27/2005,MOD,CA,AWP,WE,Federal Contract Tower,0,8,27,2,37,0,15,79,0,94,0,23,106,2,131,90,0,90,221
10/28/2005,MOD,CA,AWP,WE,Federal Contract Tower,0,7,23,0,30,0,15,108,2,125,0,22,131,2,155,42,0,42,197
10/29/2005,MOD,CA,AWP,WE,Federal Contract Tower,0,11,30,0,41,0,19,132,0,151,0,30,162,0,192,54,0,54,246
10/30/2005,MOD,CA,AWP,WE,Federal Contract Tower,0,8,19,0,27,0,10,119,0,129,0,18,138,0,156,62,0,62,218
10/31/2005,MOD,CA,AWP,WE,Federal Contract Tower,0,7,18,0,25,0,39,68,0,107,0,46,86,0,132,100,0,100,232
11/01/2005,MOD,CA,AWP,WE,Federal Contract Tower,0,8,26,2,36,0,17,90,0,107,0,25,116,2,143,190,0,190,333
11/02/2005,MOD,CA,AWP,WE,Federal Contract Tower,0,11,32,0,43,0,28,97,0,125,0,39,129,0,168,102,0,102,270
11/03/2005,MOD,CA,AWP,WE,Federal Contract Tower,0,10,14,0,24,0,11,100,0,111,0,21,114,0,135,116,0,116,251
11/04/2005,MOD,CA,AWP,WE,Federal Contract Tower,0,14,26,0,40,0,4,69,0,73,0,18,95,0,113,72,0,72,185
11/05/2005,MOD,CA,AWP,WE,Federal Contract Tower,0,7,53,0,60,0,14,95,0,109,0,21,148,0,169,86,0,86,255
11/06/2005,MOD,CA,AWP,WE,Federal Contract Tower,0,7,41,0,48,0,10,89,0,99,0,17,130,0,147,84,0,84,231
11/07/2005,MOD,CA,AWP,WE,Federal Contract Tower,0,8,28,2,38,0,15,43,0,58,0,23,71,2,96,84,0,84,180
11/08/2005,MOD,CA,AWP,WE,Federal Contract Tower,0,16,35,6,57,0,3,12,0,15,0,19,47,6,72,64,0,64,136
11/09/2005,MOD,CA,AWP,WE,Federal Contract Tower,0,10,39,0,49,0,25,87,2,114,0,35,126,2,163,60,0,60,223
11/10/2005,MOD,CA,AWP,WE,Federal Contract Tower,0,11,34,4,49,0,10,91,0,101,0,21,125,4,150,82,0,82,232
11/11/2005,MOD,CA,AWP,WE,Federal Contract Tower,0,19,51,0,70,0,1,138,0,139,0,20,189,0,209,74,0,74,283
11/12/2005,MOD,CA,AWP,WE,Federal Contract Tower,0,10,37,0,47,0,8,45,0,53,0,18,82,0,100,24,0,24,124
11/13/2005,MOD,CA,AWP,WE,Federal Contract Tower,0,7,11,0,18,0,12,90,3,105,0,19,101,3,123,84,8,92,215
11/14/2005,MOD,CA,AWP,WE,Federal Contract Tower,0,10,13,0,23,0,25,94,0,119,0,35,107,0,142,60,0,60,202
11/15/2005,MOD,CA,AWP,WE,Federal Contract Tower,0,9,47,6,62,0,9,71,0,80,0,18,118,6,142,122,0,122,264
11/16/2005,MOD,CA,AWP,WE,Federal Contract Tower,0,14,15,0,29,0,16,79,0,95,0,30,94,0,124,76,0,76,200
11/17/2005,MOD,CA,AWP,WE,Federal Contract Tower,0,10,32,0,42,0,11,108,0,119,0,21,140,0,161,110,0,110,271
11/18/2005,MOD,CA,AWP,WE,Federal Contract Tower,0,12,28,0,40,0,14,90,0,104,0,26,118,0,144,96,0,96,240
11/19/2005,MOD,CA,AWP,WE,Federal Contract Tower,0,8,15,0,23,0,12,101,0,113,0,20,116,0,136,94,0,94,230
11/20/2005,MOD,CA,AWP,WE,Federal Contract Tower,0,6,13,0,19,0,15,97,0,112,0,21,110,0,131,78,0,78,209
11/21/2005,MOD,CA,AWP,WE,Federal Contract Tower,0,12,56,0,68,0,27,58,2,87,0,39,114,2,155,120,2,122,277
11/22/2005,MOD,CA,AWP,WE,Federal Contract Tower,0,9,34,2,45,0,27,69,0,96,0,36,103,2,141,102,0,102,243
11/23/2005,MOD,CA,AWP,WE,Federal Contract Tower,0,13,34,0,47,0,28,98,0,126,0,41,132,0,173,108,0,108,281
11/24/2005,MOD,CA,AWP,WE,Federal Contract Tower,0,6,3,0,9,0,11,70,0,81,0,17,73,0,90,40,0,40,130
11/25/2005,MOD,CA,AWP,WE,Federal Contract Tower,0,7,18,0,25,0,9,48,0,57,0,16,66,0,82,18,0,18,100
11/26/2005,MOD,CA,AWP,WE,Federal Contract Tower,0,6,16,0,22,0,10,57,0,67,0,16,73,0,89,36,0,36,125
11/27/2005,MOD,CA,AWP,WE,Federal Contract Tower,0,7,22,0,29,0,7,109,0,116,0,14,131,0,145,44,0,44,189
11/28/2005,MOD,CA,AWP,WE,Federal Contract Tower,0,8,26,0,34,0,16,39,0,55,0,24,65,0,89,34,0,34,123
11/29/2005,MOD,CA,AWP,WE,Federal Contract Tower,0,10,34,0,44,0,18,35,0,53,0,28,69,0,97,30,0,30,127
11/30/2005,MOD,CA,AWP,WE,Federal Contract Tower,0,17,33,2,52,0,1,38,0,39,0,18,71,2,91,52,0,52,143
12/01/2005,MOD,CA,AWP,WE,Federal Contract Tower,0,12,30,2,44,0,1,19,0,20,0,13,49,2,64,2,0,2,66
12/02/2005,MOD,CA,AWP,WE,Federal Contract Tower,0,9,12,0,21,0,7,79,0,86,0,16,91,0,107,48,0,48,155
12/03/2005,MOD,CA,AWP,WE,Federal Contract Tower,0,8,21,0,29,0,14,87,0,101,0,22,108,0,130,66,0,66,196
12/04/2005,MOD,CA,AWP,WE,Federal Contract Tower,0,6,21,0,27,0,4,82,0,86,0,10,103,0,113,85,0,85,198
12/05/2005,MOD,CA,AWP,WE,Federal Contract Tower,0,10,19,0,29,0,18,86,0,104,0,28,105,0,133,93,0,93,226
12/06/2005,MOD,CA,AWP,WE,Federal Contract Tower,0,8,42,0,50,0,23,55,0,78,0,31,97,0,128,114,0,114,242
12/07/2005,MOD,CA,AWP,WE,Federal Contract Tower,0,18,56,0,74,0,1,38,2,41,0,19,94,2,115,52,0,52,167
12/08/2005,MOD,CA,AWP,WE,Federal Contract Tower,0,13,35,2,50,0,1,3,0,4,0,14,38,2,54,6,0,6,60
12/09/2005,MOD,CA,AWP,WE,Federal Contract Tower,0,10,18,4,32,0,9,100,2,111,0,19,118,6,143,104,0,104,247
12/10/2005,MOD,CA,AWP,WE,Federal Contract Tower,0,6,20,0,26,0,5,33,0,38,0,11,53,0,64,68,0,68,132
12/11/2005,MOD,CA,AWP,WE,Federal Contract Tower,0,8,27,0,35,0,12,56,0,68,0,20,83,0,103,18,0,18,121
12/12/2005,MOD,CA,AWP,WE,Federal Contract Tower,0,17,30,0,47,0,0,3,0,3,0,17,33,0,50,0,0,0,50
12/13/2005,MOD,CA,AWP,WE,Federal Contract Tower,0,11,35,0,46,0,11,62,0,73,0,22,97,0,119,64,0,64,183
12/14/2005,MOD,CA,AWP,WE,Federal Contract Tower,0,11,34,2,47,0,3,0,0,3,0,14,34,2,50,0,2,2,52
12/15/2005,MOD,CA,AWP,WE,Federal Contract Tower,0,13,41,2,56,0,0,0,0,0,0,13,41,2,56,0,0,0,56
12/16/2005,MOD,CA,AWP,WE,Federal Contract Tower,0,13,51,0,64,0,1,3,0,4,0,14,54,0,68,8,0,8,76
12/17/2005,MOD,CA,AWP,WE,Federal Contract Tower,0,11,26,0,37,0,0,0,0,0,0,11,26,0,37,6,0,6,43
12/18/2005,MOD,CA,AWP,WE,Federal Contract Tower,0,8,5,0,13,0,8,9,0,17,0,16,14,0,30,0,0,0,30
12/19/2005,MOD,CA,AWP,WE,Federal Contract Tower,0,11,20,0,31,0,30,50,4,84,0,41,70,4,115,50,0,50,165
12/20/2005,MOD,CA,AWP,WE,Federal Contract Tower,0,13,14,0,27,0,24,48,0,72,0,37,62,0,99,24,0,24,123
12/21/2005,MOD,CA,AWP,WE,Federal Contract Tower,0,14,24,0,38,0,13,40,0,53,0,27,64,0,91,20,0,20,111
12/22/2005,MOD,CA,AWP,WE,Federal Contract Tower,0,10,17,0,27,0,7,8,0,15,0,17,25,0,42,10,0,10,52
12/23/2005,MOD,CA,AWP,WE,Federal Contract Tower,0,9,20,0,29,0,5,0,0,5,0,14,20,0,34,0,0,0,34
12/24/2005,MOD,CA,AWP,WE,Federal Contract Tower,0,8,13,0,21,0,2,3,0,5,0,10,16,0,26,4,0,4,30
12/25/2005,MOD,CA,AWP,WE,Federal Contract Tower,0,6,4,0,10,0,2,0,0,2,0,8,4,0,12,0,0,0,12
12/26/2005,MOD,CA,AWP,WE,Federal Contract Tower,0,6,17,0,23,0,19,85,0,104,0,25,102,0,127,48,0,48,175
12/27/2005,MOD,CA,AWP,WE,Federal Contract Tower,0,13,40,0,53,0,20,19,0,39,0,33,59,0,92,34,0,34,126
12/28/2005,MOD,CA,AWP,WE,Federal Contract Tower,0,9,17,0,26,0,6,37,0,43,0,15,54,0,69,45,0,45,114
12/29/2005,MOD,CA,AWP,WE,Federal Contract Tower,0,9,27,0,36,0,7,71,0,78,0,16,98,0,114,114,0,114,228
12/30/2005,MOD,CA,AWP,WE,Federal Contract Tower,0,5,10,0,15,0,9,17,0,26,0,14,27,0,41,0,0,0,41
12/31/2005,MOD,CA,AWP,WE,Federal Contract Tower,0,7,13,0,20,0,6,24,0,30,0,13,37,0,50,38,0,38,88
01/01/2006,MOD,CA,AWP,WE,Federal Contract Tower,0,8,4,0,12,0,10,4,0,14,0,18,8,0,26,0,0,0,26
01/02/2006,MOD,CA,AWP,WE,Federal Contract Tower,0,6,12,0,18,0,3,6,0,9,0,9,18,0,27,0,0,0,27
01/03/2006,MOD,CA,AWP,WE,Federal Contract Tower,0,10,16,0,26,0,13,58,0,71,0,23,74,0,97,32,0,32,129
01/04/2006,MOD,CA,AWP,WE,Federal Contract Tower,0,7,17,0,24,0,17,101,0,118,0,24,118,0,142,68,0,68,210
01/05/2006,MOD,CA,AWP,WE,Federal Contract Tower,0,13,17,0,30,0,4,65,0,69,0,17,82,0,99,60,0,60,159
01/06/2006,MOD,CA,AWP,WE,Federal Contract Tower,0,9,17,4,30,0,1,44,0,45,0,10,61,4,75,32,0,32,107
01/07/2006,MOD,CA,AWP,WE,Federal Contract Tower,0,5,34,0,39,0,6,44,4,54,0,11,78,4,93,54,0,54,147
01/08/2006,MOD,CA,AWP,WE,Federal Contract Tower,0,4,9,0,13,0,6,72,0,78,0,10,81,0,91,84,0,84,175
01/09/2006,MOD,CA,AWP,WE,Federal Contract Tower,0,9,9,0,18,0,19,69,0,88,0,28,78,0,106,67,0,67,173
01/10/2006,MOD,CA,AWP,WE,Federal Contract Tower,0,8,37,2,47,0,4,27,0,31,0,12,64,2,78,113,4,117,195
01/11/2006,MOD,CA,AWP,WE,Federal Contract Tower,0,10,28,0,38,0,7,6,0,13,0,17,34,0,51,2,0,2,53
01/12/2006,MOD,CA,AWP,WE,Federal Contract Tower,0,9,36,0,45,0,5,2,0,7,0,14,38,0,52,2,0,2,54
01/13/2006,MOD,CA,AWP,WE,Federal Contract Tower,0,9,14,0,23,0,6,46,0,52,0,15,60,0,75,32,0,32,107
01/14/2006,MOD,CA,AWP,WE,Federal Contract Tower,0,4,11,0,15,0,1,22,0,23,0,5,33,0,38,16,0,16,54
01/15/2006,MOD,CA,AWP,WE,Federal Contract Tower,0,6,31,0,37,0,4,91,0,95,0,10,122,0,132,94,0,94,226
01/16/2006,MOD,CA,AWP,WE,Federal Contract Tower,0,10,10,0,20,0,12,91,0,103,0,22,101,0,123,78,0,78,201
01/17/2006,MOD,CA,AWP,WE,Federal Contract Tower,0,6,17,0,23,0,5,67,4,76,0,11,84,4,99,70,0,70,169
01/18/2006,MOD,CA,AWP,WE,Federal Contract Tower,0,10,27,0,37,0,15,34,0,49,0,25,61,0,86,12,0,12,98
01/19/2006,MOD,CA,AWP,WE,Federal Contract Tower,0,11,36,0,47,0,6,42,0,48,0,17,78,0,95,44,0,44,139
01/20/2006,MOD,CA,AWP,WE,Federal Contract Tower,0,7,20,0,27,0,19,60,0,79,0,26,80,0,106,82,0,82,188
01/21/2006,MOD,CA,AWP,WE,Federal Contract Tower,0,5,16,0,21,0,12,34,0,46,0,17,50,0,67,68,0,68,135
01/22/2006,MOD,CA,AWP,WE,Federal Contract Tower,0,11,35,0,46,0,9,77,0,86,0,20,112,0,132,60,0,60,192
01/23/2006,MOD,CA,AWP,WE,Federal Contract Tower,0,6,23,4,33,0,18,79,1,98,0,24,102,5,131,120,2,122,253
01/24/2006,MOD,CA,AWP,WE,Federal Contract Tower,0,6,27,2,35,0,7,55,0,62,0,13,82,2,97,108,0,108,205
01/25/2006,MOD,CA,AWP,WE,Federal Contract Tower,0,7,20,0,27,0,4,75,0,79,0,11,95,0,106,70,0,70,176
01/26/2006,MOD,CA,AWP,WE,Federal Contract Tower,0,11,32,0,43,0,14,51,0,65,0,25,83,0,108,36,0,36,144
01/27/2006,MOD,CA,AWP,WE,Federal Contract Tower,0,13,33,0,46,0,13,64,0,77,0,26,97,0,123,56,0,56,179
01/28/2006,MOD,CA,AWP,WE,Federal Contract Tower,0,6,20,0,26,0,3,54,0,57,0,9,74,0,83,62,0,62,145
01/29/2006,MOD,CA,AWP,WE,Federal Contract Tower,0,7,21,0,28,0,12,85,0,97,0,19,106,0,125,44,0,44,169
01/30/2006,MOD,CA,AWP,WE,Federal Contract Tower,0,8,25,0,33,0,7,30,0,37,0,15,55,0,70,20,0,20,90
01/31/2006,MOD,CA,AWP,WE,Federal Contract Tower,0,8,60,0,68,0,18,23,0,41,0,26,83,0,109,129,0,129,238
02/01/2006,MOD,CA,AWP,WE,Federal Contract Tower,0,10,29,0,39,0,16,76,0,92,0,26,105,0,131,66,0,66,197
02/02/2006,MOD,CA,AWP,WE,Federal Contract Tower,0,7,31,0,38,0,22,45,2,69,0,29,76,2,107,20,0,20,127
02/03/2006,MOD,CA,AWP,WE,Federal Contract Tower,0,9,29,0,38,0,14,53,0,67,0,23,82,0,105,59,0,59,164
02/04/2006,MOD,CA,AWP,WE,Federal Contract Tower,0,8,22,0,30,0,0,49,0,49,0,8,71,0,79,36,0,36,115
02/05/2006,MOD,CA,AWP,WE,Federal Contract Tower,0,6,34,0,40,0,24,64,0,88,0,30,98,0,128,72,0,72,200
02/06/2006,MOD,CA,AWP,WE,Federal Contract Tower,0,13,22,0,35,0,17,58,0,75,0,30,80,0,110,56,0,56,166
02/07/2006,MOD,CA,AWP,WE,Federal Contract Tower,0,12,16,2,30,0,33,104,0,137,0,45,120,2,167,88,0,88,255
02/08/2006,MOD,CA,AWP,WE,Federal Contract Tower,0,10,11,0,21,0,31,107,0,138,0,41,118,0,159,84,0,84,243
02/09/2006,MOD,CA,AWP,WE,Federal Contract Tower,0,10,26,0,36,0,27,61,2,90,0,37,87,2,126,86,0,86,212
02/10/2006,MOD,CA,AWP,WE,Federal Contract Tower,0,11,23,2,36,0,9,119,0,128,0,20,142,2,164,46,0,46,210
02/11/2006,MOD,CA,AWP,WE,Federal Contract Tower,0,7,15,0,22,0,18,92,4,114,0,25,107,4,136,40,2,42,178
02/12/2006,MOD,CA,AWP,WE,Federal Contract Tower,0,6,11,0,17,0,18,89,0,107,0,24,100,0,124,44,0,44,168
02/13/2006,MOD,CA,AWP,WE,Federal Contract Tower,0,8,5,0,13,0,23,72,0,95,0,31,77,0,108,44,0,44,152
02/14/2006,MOD,CA,AWP,WE,Federal Contract Tower,0,13,19,0,32,0,22,53,2,77,0,35,72,2,109,60,0,60,169
02/15/2006,MOD,CA,AWP,WE,Federal Contract Tower,0,8,18,0,26,0,28,104,0,132,0,36,122,0,158,54,0,54,212
02/16/2006,MOD,CA,AWP,WE,Federal Contract Tower,0,10,22,1,33,0,10,78,1,89,0,20,100,2,122,102,0,102,224
02/17/2006,MOD,CA,AWP,WE,Federal Contract Tower,0,15,20,0,35,0,22,82,0,104,0,37,102,0,139,68,0,68,207
02/18/2006,MOD,CA,AWP,WE,Federal Contract Tower,0,7,13,0,20,0,15,36,0,51,0,22,49,0,71,36,0,36,107
02/19/2006,MOD,CA,AWP,WE,Federal Contract Tower,0,2,5,0,7,0,15,37,0,52,0,17,42,0,59,64,0,64,123
02/20/2006,MOD,CA,AWP,WE,Federal Contract Tower,0,8,28,0,36,0,19,64,4,87,0,27,92,4,123,72,0,72,195
02/21/2006,MOD,CA,AWP,WE,Federal Contract Tower,0,9,16,2,27,0,23,82,0,105,0,32,98,2,132,62,2,64,196
02/22/2006,MOD,CA,AWP,WE,Federal Contract Tower,0,8,24,0,32,0,24,91,0,115,0,32,115,0,147,144,0,144,291
02/23/2006,MOD,CA,AWP,WE,Federal Contract Tower,0,13,14,0,27,0,27,163,0,190,0,40,177,0,217,154,0,154,371
02/24/2006,MOD,CA,AWP,WE,Federal Contract Tower,0,8,18,0,26,0,17,83,0,100,0,25,101,0,126,160,0,160,286
02/25/2006,MOD,CA,AWP,WE,Federal Contract Tower,0,5,18,0,23,0,16,83,0,99,0,21,101,0,122,104,0,104,226
02/26/2006,MOD,CA,AWP,WE,Federal Contract Tower,0,16,14,0,30,0,9,44,0,53,0,25,58,0,83,10,0,10,93
02/27/2006,MOD,CA,AWP,WE,Federal Contract Tower,0,8,10,2,20,0,16,19,0,35,0,24,29,2,55,22,0,22,77
02/28/2006,MOD,CA,AWP,WE,Federal Contract Tower,0,9,10,0,19,0,21,34,0,55,0,30,44,0,74,6,0,6,80
03/01/2006,MOD,CA,AWP,WE,Federal Contract Tower,0,7,8,0,15,0,22,88,0,110,0,29,96,0,125,112,0,112,237
03/02/2006,MOD,CA,AWP,WE,Federal Contract Tower,0,14,25,0,39,0,10,48,0,58,0,24,73,0,97,77,0,77,174
03/03/2006,MOD,CA,AWP,WE,Federal Contract Tower,0,7,17,0,24,0,16,57,0,73,0,23,74,0,97,62,0,62,159
03/04/2006,MOD,CA,AWP,WE,Federal Contract Tower,0,6,12,0,18,0,8,86,0,94,0,14,98,0,112,132,0,132,244
03/05/2006,MOD,CA,AWP,WE,Federal Contract Tower,0,5,3,0,8,0,19,27,0,46,0,24,30,0,54,9,0,9,63
03/06/2006,MOD,CA,AWP,WE,Federal Contract Tower,0,8,17,2,27,0,19,26,0,45,0,27,43,2,72,68,2,70,142
03/07/2006,MOD,CA,AWP,WE,Federal Contract Tower,0,15,18,0,33,0,11,46,2,59,0,26,64,2,92,24,0,24,116
03/08/2006,MOD,CA,AWP,WE,Federal Contract Tower,0,19,49,0,68,0,22,78,0,100,0,41,127,0,168,192,0,192,360
03/09/2006,MOD,CA,AWP,WE,Federal Contract Tower,0,16,23,0,39,0,17,67,0,84,0,33,90,0,123,61,0,61,184
03/10/2006,MOD,CA,AWP,WE,Federal Contract Tower,0,13,12,0,25,0,5,34,0,39,0,18,46,0,64,16,0,16,80
03/11/2006,MOD,CA,AWP,WE,Federal Contract Tower,0,11,8,0,19,0,6,36,0,42,0,17,44,0,61,60,0,60,121
03/12/2006,MOD,CA,AWP,WE,Federal Contract Tower,0,12,5,0,17,0,3,33,0,36,0,15,38,0,53,6,0,6,59
03/13/2006,MOD,CA,AWP,WE,Federal Contract Tower,0,9,24,0,33,0,22,50,0,72,0,31,74,0,105,124,0,124,229
03/14/2006,MOD,CA,AWP,WE,Federal Contract Tower,0,14,19,0,33,0,20,22,0,42,0,34,41,0,75,15,0,15,90
03/15/2006,MOD,CA,AWP,WE,Federal Contract Tower,0,11,30,0,41,0,21,70,0,91,0,32,100,0,132,134,0,134,266
03/16/2006,MOD,CA,AWP,WE,Federal Contract Tower,0,23,14,0,37,0,12,53,0,65,0,35,67,0,102,32,0,32,134
03/17/2006,MOD,CA,AWP,WE,Federal Contract Tower,0,20,12,0,32,0,7,38,0,45,0,27,50,0,77,50,0,50,127
03/18/2006,MOD,CA,AWP,WE,Federal Contract Tower,0,5,12,0,17,0,17,79,0,96,0,22,91,0,113,108,0,108,221
03/19/2006,MOD,CA,AWP,WE,Federal Contract Tower,0,6,34,0,40,0,17,114,0,131,0,23,148,0,171,124,0,124,295
03/20/2006,MOD,CA,AWP,WE,Federal Contract Tower,0,7,20,0,27,0,13,28,0,41,0,20,48,0,68,14,0,14,82
03/21/2006,MOD,CA,AWP,WE,Federal Contract Tower,0,8,24,0,32,0,15,80,8,103,0,23,104,8,135,116,0,116,251
03/22/2006,MOD,CA,AWP,WE,Federal Contract Tower,0,8,38,4,50,0,31,97,0,128,0,39,135,4,178,178,2,180,358
03/23/2006,MOD,CA,AWP,WE,Federal Contract Tower,0,11,9,0,20,0,19,112,2,133,0,30,121,2,153,118,0,118,271
03/24/2006,MOD,CA,AWP,WE,Federal Contract Tower,0,14,16,2,32,0,20,89,0,109,0,34,105,2,141,68,6,74,215
03/25/2006,MOD,CA,AWP,WE,Federal Contract Tower,0,9,12,0,21,0,11,25,0,36,0,20,37,0,57,24,0,24,81
03/26/2006,MOD,CA,AWP,WE,Federal Contract Tower,0,8,6,0,14,0,16,110,0,126,0,24,116,0,140,88,0,88,228
03/27/2006,MOD,CA,AWP,WE,Federal Contract Tower,0,11,12,0,23,0,14,68,2,84,0,25,80,2,107,28,0,28,135
03/28/2006,MOD,CA,AWP,WE,Federal Contract Tower,0,13,37,2,52,0,16,0,0,16,0,29,37,2,68,25,0,25,93
03/29/2006,MOD,CA,AWP,WE,Federal Contract Tower,0,8,37,0,45,0,27,42,0,69,0,35,79,0,114,36,0,36,150
03/30/2006,MOD,CA,AWP,WE,Federal Contract Tower,0,9,44,0,53,0,12,26,3,41,0,21,70,3,94,132,0,132,226
03/31/2006,MOD,CA,AWP,WE,Federal Contract Tower,0,15,9,0,24,0,11,40,0,51,0,26,49,0,75,76,0,76,151
04/01/2006,MOD,CA,AWP,WE,Federal Contract Tower,0,6,18,0,24,0,19,100,0,119,0,25,118,0,143,114,0,114,257
04/02/2006,MOD,CA,AWP,WE,Federal Contract Tower,0,11,15,0,26,0,10,41,0,51,0,21,56,0,77,50,0,50,127
04/03/2006,MOD,CA,AWP,WE,Federal Contract Tower,0,10,17,0,27,0,15,11,0,26,0,25,28,0,53,0,0,0,53
04/04/2006,MOD,CA,AWP,WE,Federal Contract Tower,0,17,17,0,34,0,15,27,0,42,0,32,44,0,76,4,0,4,80
04/05/2006,MOD,CA,AWP,WE,Federal Contract Tower,0,11,32,0,43,0,22,22,0,44,0,33,54,0,87,22,0,22,109
04/06/2006,MOD,CA,AWP,WE,Federal Contract Tower,0,11,16,0,27,0,13,126,2,141,0,24,142,2,168,166,0,166,334
04/07/2006,MOD,CA,AWP,WE,Federal Contract Tower,0,18,23,0,41,0,4,57,0,61,0,22,80,0,102,46,0,46,148
04/08/2006,MOD,CA,AWP,WE,Federal Contract Tower,0,13,25,0,38,0,17,98,0,115,0,30,123,0,153,128,0,128,281
04/09/2006,MOD,CA,AWP,WE,Federal Contract Tower,0,16,22,0,38,0,20,63,4,87,0,36,85,4,125,66,0,66,191
04/10/2006,MOD,CA,AWP,WE,Federal Contract Tower,0,10,7,0,17,0,8,20,0,28,0,18,27,0,45,24,0,24,69
04/11/2006,MOD,CA,AWP,WE,Federal Contract Tower,0,12,21,0,33,0,14,40,4,58,0,26,61,4,91,26,0,26,117
04/12/2006,MOD,CA,AWP,WE,Federal Contract Tower,0,8,17,0,25,0,14,50,0,64,0,22,67,0,89,86,0,86,175
04/13/2006,MOD,CA,AWP,WE,Federal Contract Tower,0,14,14,2,30,0,19,125,0,144,0,33,139,2,174,206,4,210,384
04/14/2006,MOD,CA,AWP,WE,Federal Contract Tower,0,20,7,0,27,0,15,81,6,102,0,35,88,6,129,60,4,64,193
04/15/2006,MOD,CA,AWP,WE,Federal Contract Tower,0,8,18,0,26,0,18,56,0,74,0,26,74,0,100,68,0,68,168
04/16/2006,MOD,CA,AWP,WE,Federal Contract Tower,0,15,5,0,20,0,5,16,0,21,0,20,21,0,41,0,0,0,41
04/17/2006,MOD,CA,AWP,WE,Federal Contract Tower,0,8,14,2,24,0,28,76,0,104,0,36,90,2,128,101,6,107,235
04/18/2006,MOD,CA,AWP,WE,Federal Contract Tower,0,10,27,0,37,0,22,91,0,113,0,32,118,0,150,114,0,114,264
04/19/2006,MOD,CA,AWP,WE,Federal Contract Tower,0,10,15,0,25,0,20,155,0,175,0,30,170,0,200,208,0,208,408
04/20/2006,MOD,CA,AWP,WE,Federal Contract Tower,0,14,18,0,32,0,18,130,0,148,0,32,148,0,180,146,0,146,326
04/21/2006,MOD,CA,AWP,WE,Federal Contract Tower,0,17,8,0,25,0,8,88,0,96,0,25,96,0,121,128,0,128,249
04/22/2006,MOD,CA,AWP,WE,Federal Contract Tower,0,15,22,0,37,0,0,58,0,58,0,15,80,0,95,134,0,134,229
04/23/2006,MOD,CA,AWP,WE,Federal Contract Tower,0,11,20,0,31,0,22,71,0,93,0,33,91,0,124,74,0,74,198
04/24/2006,MOD,CA,AWP,WE,Federal Contract Tower,0,10,29,0,39,0,5,43,0,48,0,15,72,0,87,72,0,72,159
04/25/2006,MOD,CA,AWP,WE,Federal Contract Tower,0,13,43,1,57,0,22,66,1,89,0,35,109,2,146,72,0,72,218
04/26/2006,MOD,CA,AWP,WE,Federal Contract Tower,0,6,63,0,69,0,20,69,0,89,0,26,132,0,158,172,0,172,330
04/27/2006,MOD,CA,AWP,WE,Federal Contract Tower,0,17,12,0,29,0,11,105,0,116,0,28,117,0,145,193,0,193,338
04/28/2006,MOD,CA,AWP,WE,Federal Contract Tower,0,15,17,0,32,0,17,121,0,138,0,32,138,0,170,144,0,144,314
04/29/2006,MOD,CA,AWP,WE,Federal Contract Tower,0,9,7,0,16,0,22,98,0,120,0,31,105,0,136,118,0,118,254
04/30/2006,MOD,CA,AWP,WE,Federal Contract Tower,0,10,10,0,20,0,11,84,0,95,0,21,94,0,115,64,0,64,179
05/01/2006,MOD,CA,AWP,WE,Federal Contract Tower,0,9,22,0,31,0,15,86,0,101,0,24,108,0,132,133,0,133,265
05/02/2006,MOD,CA,AWP,WE,Federal Contract Tower,0,11,18,2,31,0,20,111,0,131,0,31,129,2,162,122,0,122,284
05/03/2006,MOD,CA,AWP,WE,Federal Contract Tower,0,8,23,2,33,0,18,113,0,131,0,26,136,2,164,144,8,152,316
05/04/2006,MOD,CA,AWP,WE,Federal Contract Tower,0,17,12,5,34,0,12,123,5,140,0,29,135,10,174,106,8,114,288
05/05/2006,MOD,CA,AWP,WE,Federal Contract Tower,0,21,21,0,42,0,23,104,0,127,0,44,125,0,169,132,0,132,301
05/06/2006,MOD,CA,AWP,WE,Federal Contract Tower,0,8,16,0,24,0,14,95,0,109,0,22,111,0,133,110,0,110,243
05/07/2006,MOD,CA,AWP,WE,Federal Contract Tower,0,12,15,0,27,0,22,109,0,131,0,34,124,0,158,102,0,102,260
05/08/2006,MOD,CA,AWP,WE,Federal Contract Tower,0,8,22,0,30,0,28,78,0,106,0,36,100,0,136,52,0,52,188
05/09/2006,MOD,CA,AWP,WE,Federal Contract Tower,0,7,17,0,24,0,20,85,0,105,0,27,102,0,129,98,0,98,227
05/10/2006,MOD,CA,AWP,WE,Federal Contract Tower,0,9,26,0,35,0,25,82,0,107,0,34,108,0,142,136,0,136,278
05/11/2006,MOD,CA,AWP,WE,Federal Contract Tower,0,15,18,0,33,0,22,93,18,133,0,37,111,18,166,194,0,194,360
05/12/2006,MOD,CA,AWP,WE,Federal Contract Tower,0,16,22,0,38,0,17,115,1,133,0,33,137,1,171,128,4,132,303
05/13/2006,MOD,CA,AWP,WE,Federal Contract Tower,0,9,9,0,18,0,22,225,0,247,0,31,234,0,265,196,0,196,461
05/14/2006,MOD,CA,AWP,WE,Federal Contract Tower,0,10,11,0,21,0,12,163,0,175,0,22,174,0,196,115,0,115,311
05/15/2006,MOD,CA,AWP,WE,Federal Contract Tower,0,13,22,0,35,0,21,78,0,99,0,34,100,0,134,100,0,100,234
05/16/2006,MOD,CA,AWP,WE,Federal Contract Tower,0,13,38,2,53,0,34,103,0,137,0,47,141,2,190,130,4,134,324
05/17/2006,MOD,CA,AWP,WE,Federal Contract Tower,0,10,29,2,41,0,13,98,0,111,0,23,127,2,152,146,2,148,300
05/18/2006,MOD,CA,AWP,WE,Federal Contract Tower,0,21,13,1,35,0,12,96,11,119,0,33,109,12,154,85,0,85,239
05/19/2006,MOD,CA,AWP,WE,Federal Contract Tower,0,20,19,0,39,0,21,106,2,129,0,41,125,2,168,102,0,102,270
05/20/2006,MOD,CA,AWP,WE,Federal Contract Tower,0,12,17,0,29,0,24,108,0,132,0,36,125,0,161,158,0,158,319
05/21/2006,MOD,CA,AWP,WE,Federal Contract Tower,0,11,9,0,20,0,15,25,0,40,0,26,34,0,60,10,0,10,70
05/22/2006,MOD,CA,AWP,WE,Federal Contract Tower,0,9,35,0,44,0,23,29,0,52,0,32,64,0,96,32,0,32,128
05/23/2006,MOD,CA,AWP,WE,Federal Contract Tower,0,9,24,0,33,0,9,77,0,86,0,18,101,0,119,126,0,126,245
05/24/2006,MOD,CA,AWP,WE,Federal Contract Tower,0,5,0,0,5,29,107,0,0,136,29,112,0,0,141,108,0,108,249
05/25/2006,MOD,CA,AWP,WE,Federal Contract Tower,0,11,23,0,34,0,20,92,0,112,0,31,115,0,146,114,0,114,260
05/26/2006,MOD,CA,AWP,WE,Federal Contract Tower,0,15,25,0,40,0,33,96,0,129,0,48,121,0,169,162,0,162,331
05/27/2006,MOD,CA,AWP,WE,Federal Contract Tower,0,6,9,0,15,0,33,105,4,142,0,39,114,4,157,110,0,110,267
05/28/2006,MOD,CA,AWP,WE,Federal Contract Tower,0,7,3,0,10,0,37,95,0,132,0,44,98,0,142,26,0,26,168
05/29/2006,MOD,CA,AWP,WE,Federal Contract Tower,0,8,27,0,35,0,19,130,0,149,0,27,157,0,184,32,0,32,216
05/30/2006,MOD,CA,AWP,WE,Federal Contract Tower,0,9,30,0,39,0,16,91,0,107,0,25,121,0,146,91,0,91,237
05/31/2006,MOD,CA,AWP,WE,Federal Contract Tower,0,8,37,4,49,0,29,124,0,153,0,37,161,4,202,142,2,144,346
06/01/2006,MOD,CA,AWP,WE,Federal Contract Tower,0,22,8,0,30,0,32,125,0,157,0,54,133,0,187,34,0,34,221
06/02/2006,MOD,CA,AWP,WE,Federal Contract Tower,0,14,15,1,30,0,15,93,1,109,0,29,108,2,139,70,0,70,209
06/03/2006,MOD,CA,AWP,WE,Federal Contract Tower,0,8,23,0,31,0,18,77,0,95,0,26,100,0,126,66,0,66,192
06/04/2006,MOD,CA,AWP,WE,Federal Contract Tower,0,15,8,0,23,0,3,96,0,99,0,18,104,0,122,84,0,84,206
06/05/2006,MOD,CA,AWP,WE,Federal Contract Tower,0,13,23,0,36,0,23,73,0,96,0,36,96,0,132,134,0,134,266
06/06/2006,MOD,CA,AWP,WE,Federal Contract Tower,0,8,22,0,30,0,29,103,0,132,0,37,125,0,162,164,0,164,326
06/07/2006,MOD,CA,AWP,WE,Federal Contract Tower,0,10,20,0,30,0,30,104,0,134,0,40,124,0,164,72,0,72,236
06/08/2006,MOD,CA,AWP,WE,Federal Contract Tower,0,18,7,1,26,0,15,125,0,140,0,33,132,1,166,74,0,74,240
06/09/2006,MOD,CA,AWP,WE,Federal Contract Tower,0,26,14,0,40,0,36,118,0,154,0,62,132,0,194,136,0,136,330
06/10/2006,MOD,CA,AWP,WE,Federal Contract Tower,0,10,8,0,18,0,43,117,0,160,0,53,125,0,178,72,0,72,250
06/11/2006,MOD,CA,AWP,WE,Federal Contract Tower,0,17,18,0,35,0,36,106,0,142,0,53,124,0,177,54,0,54,231
06/12/2006,MOD,CA,AWP,WE,Federal Contract Tower,0,12,14,0,26,0,23,69,0,92,0,35,83,0,118,64,0,64,182
06/13/2006,MOD,CA,AWP,WE,Federal Contract Tower,0,19,22,4,45,0,13,131,0,144,0,32,153,4,189,324,2,326,515
06/14/2006,MOD,CA,AWP,WE,Federal Contract Tower,0,22,5,2,29,3,21,101,4,129,3,43,106,6,158,124,4,128,286
06/15/2006,MOD,CA,AWP,WE,Federal Contract Tower,0,20,20,2,42,0,19,119,0,138,0,39,139,2,180,194,2,196,376
06/16/2006,MOD,CA,AWP,WE,Federal Contract Tower,0,19,12,2,33,0,38,110,1,149,0,57,122,3,182,110,0,110,292
06/17/2006,MOD,CA,AWP,WE,Federal Contract Tower,0,9,12,0,21,0,19,108,1,128,0,28,120,1,149,110,0,110,259
06/18/2006,MOD,CA,AWP,WE,Federal Contract Tower,0,12,10,0,22,0,25,104,0,129,0,37,114,0,151,58,0,58,209
06/19/2006,MOD,CA,AWP,WE,Federal Contract Tower,0,13,39,0,52,0,38,80,0,118,0,51,119,0,170,82,0,82,252
06/20/2006,MOD,CA,AWP,WE,Federal Contract Tower,0,13,33,0,46,0,21,71,0,92,0,34,104,0,138,145,0,145,283
06/21/2006,MOD,CA,AWP,WE,Federal Contract Tower,0,14,36,0,50,0,12,94,0,106,0,26,130,0,156,151,0,151,307
06/22/2006,MOD,CA,AWP,WE,Federal Contract Tower,0,15,21,0,36,0,22,126,0,148,0,37,147,0,184,102,0,102,286
06/23/2006,MOD,CA,AWP,WE,Federal Contract Tower,0,22,9,0,31,0,18,102,0,120,0,40,111,0,151,140,0,140,291
06/24/2006,MOD,CA,AWP,WE,Federal Contract Tower,0,6,9,1,16,0,23,83,1,107,0,29,92,2,123,122,2,124,247
06/25/2006,MOD,CA,AWP,WE,Federal Contract Tower,0,15,12,0,27,0,17,89,0,106,0,32,101,0,133,98,0,98,231
06/26/2006,MOD,CA,AWP,WE,Federal Contract Tower,0,12,34,0,46,0,22,82,0,104,0,34,116,0,150,106,0,106,256
06/27/2006,MOD,CA,AWP,WE,Federal Contract Tower,0,13,17,0,30,0,29,89,0,118,0,42,106,0,148,126,0,126,274
06/28/2006,MOD,CA,AWP,WE,Federal Contract Tower,0,16,33,3,52,0,31,92,3,126,0,47,125,6,178,160,2,162,340
06/29/2006,MOD,CA,AWP,WE,Federal Contract Tower,0,14,30,0,44,0,4,98,0,102,0,18,128,0,146,154,0,154,300
06/30/2006,MOD,CA,AWP,WE,Federal Contract Tower,0,19,9,0,28,0,27,110,0,137,0,46,119,0,165,78,0,78,243
07/01/2006,MOD,CA,AWP,WE,Federal Contract Tower,0,10,5,0,15,0,31,124,0,155,0,41,129,0,170,97,0,97,267
07/02/2006,MOD,CA,AWP,WE,Federal Contract Tower,0,11,4,0,15,0,21,76,0,97,0,32,80,0,112,30,0,30,142
07/03/2006,MOD,CA,AWP,WE,Federal Contract Tower,0,9,21,0,30,0,28,77,0,105,0,37,98,0,135,96,0,96,231
07/04/2006,MOD,CA,AWP,WE,Federal Contract Tower,0,11,10,0,21,0,19,90,0,109,0,30,100,0,130,50,0,50,180
07/05/2006,MOD,CA,AWP,WE,Federal Contract Tower,0,12,17,0,29,0,42,103,0,145,0,54,120,0,174,136,0,136,310
07/06/2006,MOD,CA,AWP,WE,Federal Contract Tower,0,20,14,0,34,0,29,83,0,112,0,49,97,0,146,77,0,77,223
07/07/2006,MOD,CA,AWP,WE,Federal Contract Tower,0,20,12,0,32,0,29,138,0,167,0,49,150,0,199,180,0,180,379
07/08/2006,MOD,CA,AWP,WE,Federal Contract Tower,0,8,8,0,16,0,24,95,0,119,0,32,103,0,135,94,0,94,229
07/09/2006,MOD,CA,AWP,WE,Federal Contract Tower,0,13,3,0,16,0,10,79,0,89,0,23,82,0,105,24,0,24,129
07/10/2006,MOD,CA,AWP,WE,Federal Contract Tower,0,18,16,0,34,0,12,79,0,91,0,30,95,0,125,76,0,76,201
07/11/2006,MOD,CA,AWP,WE,Federal Contract Tower,0,21,13,0,34,0,19,99,9,127,0,40,112,9,161,104,28,132,293
07/12/2006,MOD,CA,AWP,WE,Federal Contract Tower,0,13,13,0,26,0,27,94,0,121,0,40,107,0,147,156,0,156,303
07/13/2006,MOD,CA,AWP,WE,Federal Contract Tower,0,20,19,0,39,0,27,121,0,148,0,47,140,0,187,76,0,76,263
07/14/2006,MOD,CA,AWP,WE,Federal Contract Tower,0,22,17,0,39,0,28,122,2,152,0,50,139,2,191,92,0,92,283
07/15/2006,MOD,CA,AWP,WE,Federal Contract Tower,0,12,6,0,18,0,19,118,0,137,0,31,124,0,155,206,0,206,361
07/16/2006,MOD,CA,AWP,WE,Federal Contract Tower,0,19,14,0,33,0,23,120,0,143,0,42,134,0,176,64,0,64,240
07/17/2006,MOD,CA,AWP,WE,Federal Contract Tower,0,15,17,0,32,0,40,94,0,134,0,55,111,0,166,80,0,80,246
07/18/2006,MOD,CA,AWP,WE,Federal Contract Tower,0,17,21,2,40,0,32,117,0,149,0,49,138,2,189,124,4,128,317
07/19/2006,MOD,CA,AWP,WE,Federal Contract Tower,0,14,17,0,31,0,55,100,0,155,0,69,117,0,186,94,0,94,280
07/20/2006,MOD,CA,AWP,WE,Federal Contract Tower,0,29,14,0,43,0,33,142,0,175,0,62,156,0,218,108,0,108,326
07/21/2006,MOD,CA,AWP,WE,Federal Contract Tower,0,21,10,0,31,0,22,109,0,131,0,43,119,0,162,94,0,94,256
07/22/2006,MOD,CA,AWP,WE,Federal Contract Tower,0,11,6,0,17,0,53,87,0,140,0,64,93,0,157,146,0,146,303
07/23/2006,MOD,CA,AWP,WE,Federal Contract Tower,0,13,3,0,16,0,42,62,0,104,0,55,65,0,120,68,0,68,188
07/24/2006,MOD,CA,AWP,WE,Federal Contract Tower,0,12,9,0,21,0,11,42,0,53,0,23,51,0,74,22,0,22,96
07/25/2006,MOD,CA,AWP,WE,Federal Contract Tower,0,15,11,0,26,0,35,71,0,106,0,50,82,0,132,114,0,114,246
07/26/2006,MOD,CA,AWP,WE,Federal Contract Tower,0,14,22,0,36,0,29,94,0,123,0,43,116,0,159,60,0,60,219
07/27/2006,MOD,CA,AWP,WE,Federal Contract Tower,0,15,8,0,23,0,21,85,2,108,0,36,93,2,131,70,0,70,201
07/28/2006,MOD,CA,AWP,WE,Federal Contract Tower,0,16,11,0,27,0,12,112,0,124,0,28,123,0,151,112,0,112,263
07/29/2006,MOD,CA,AWP,WE,Federal Contract Tower,0,11,13,0,24,0,22,73,0,95,0,33,86,0,119,66,0,66,185
07/30/2006,MOD,CA,AWP,WE,Federal Contract Tower,0,14,14,0,28,0,20,107,0,127,0,34,121,0,155,146,0,146,301
07/31/2006,MOD,CA,AWP,WE,Federal Contract Tower,0,16,27,0,43,0,26,58,0,84,0,42,85,0,127,38,0,38,165
08/01/2006,MOD,CA,AWP,WE,Federal Contract Tower,0,17,35,2,54,0,44,97,0,141,0,61,132,2,195,152,2,154,349
08/02/2006,MOD,CA,AWP,WE,Federal Contract Tower,0,16,17,0,33,0,23,119,0,142,0,39,136,0,175,114,0,114,289
08/03/2006,MOD,CA,AWP,WE,Federal Contract Tower,0,19,16,0,35,0,11,79,0,90,0,30,95,0,125,78,0,78,203
08/04/2006,MOD,CA,AWP,WE,Federal Contract Tower,0,15,25,0,40,0,30,77,0,107,0,45,102,0,147,156,0,156,303
08/05/2006,MOD,CA,AWP,WE,Federal Contract Tower,0,7,6,0,13,0,20,93,0,113,0,27,99,0,126,48,0,48,174
08/06/2006,MOD,CA,AWP,WE,Federal Contract Tower,0,12,4,0,16,0,18,120,0,138,0,30,124,0,154,114,0,114,268
08/07/2006,MOD,CA,AWP,WE,Federal Contract Tower,0,12,11,0,23,0,32,79,0,111,0,44,90,0,134,38,0,38,172
08/08/2006,MOD,CA,AWP,WE,Federal Contract Tower,0,21,38,0,59,0,22,102,0,124,0,43,140,0,183,142,0,142,325
08/09/2006,MOD,CA,AWP,WE,Federal Contract Tower,0,16,39,0,55,0,30,96,0,126,0,46,135,0,181,62,0,62,243
08/10/2006,MOD,CA,AWP,WE,Federal Contract Tower,0,23,15,2,40,0,29,103,0,132,0,52,118,2,172,104,4,108,280
08/11/2006,MOD,CA,AWP,WE,Federal Contract Tower,0,19,10,0,29,0,39,125,0,164,0,58,135,0,193,88,2,90,283
08/12/2006,MOD,CA,AWP,WE,Federal Contract Tower,0,11,8,0,19,0,44,135,0,179,0,55,143,0,198,110,0,110,308
08/13/2006,MOD,CA,AWP,WE,Federal Contract Tower,0,12,7,0,19,0,24,104,0,128,0,36,111,0,147,74,0,74,221
08/14/2006,MOD,CA,AWP,WE,Federal Contract Tower,0,12,10,0,22,0,40,96,0,136,0,52,106,0,158,52,0,52,210
08/15/2006,MOD,CA,AWP,WE,Federal Contract Tower,0,19,22,0,41,0,26,118,0,144,0,45,140,0,185,80,0,80,265
08/16/2006,MOD,CA,AWP,WE,Federal Contract Tower,0,19,34,2,55,0,31,105,0,136,0,50,139,2,191,96,0,96,287
08/17/2006,MOD,CA,AWP,WE,Federal Contract Tower,0,22,15,0,37,0,12,101,0,113,0,34,116,0,150,82,0,82,232
08/18/2006,MOD,CA,AWP,WE,Federal Contract Tower,0,17,17,1,35,0,24,100,1,125,0,41,117,2,160,130,0,130,290
08/19/2006,MOD,CA,AWP,WE,Federal Contract Tower,0,9,10,0,19,0,8,103,0,111,0,17,113,0,130,108,0,108,238
08/20/2006,MOD,CA,AWP,WE,Federal Contract Tower,0,18,4,0,22,0,30,113,0,143,0,48,117,0,165,100,0,100,265
08/21/2006,MOD,CA,AWP,WE,Federal Contract Tower,0,13,28,0,41,0,18,76,0,94,0,31,104,0,135,64,0,64,199
08/22/2006,MOD,CA,AWP,WE,Federal Contract Tower,0,17,33,2,52,0,17,70,0,87,0,34,103,2,139,86,2,88,227
08/23/2006,MOD,CA,AWP,WE,Federal Contract Tower,0,18,20,0,38,0,34,102,0,136,0,52,122,0,174,68,0,68,242
08/24/2006,MOD,CA,AWP,WE,Federal Contract Tower,0,24,25,4,53,0,27,113,4,144,0,51,138,8,197,104,0,104,301
08/25/2006,MOD,CA,AWP,WE,Federal Contract Tower,0,21,16,0,37,0,21,94,0,115,0,42,110,0,152,123,0,123,275
08/26/2006,MOD,CA,AWP,WE,Federal Contract Tower,0,10,10,0,20,0,20,132,0,152,0,30,142,0,172,170,0,170,342
08/27/2006,MOD,CA,AWP,WE,Federal Contract Tower,0,17,4,0,21,0,13,86,0,99,0,30,90,0,120,100,0,100,220
08/28/2006,MOD,CA,AWP,WE,Federal Contract Tower,0,16,49,0,65,0,12,83,0,95,0,28,132,0,160,60,0,60,220
08/29/2006,MOD,CA,AWP,WE,Federal Contract Tower,0,8,36,0,44,0,12,84,0,96,0,20,120,0,140,112,0,112,252
08/30/2006,MOD,CA,AWP,WE,Federal Contract Tower,0,15,42,2,59,0,27,101,0,128,0,42,143,2,187,94,0,94,281
08/31/2006,MOD,CA,AWP,WE,Federal Contract Tower,0,16,18,2,36,0,37,99,2,138,0,53,117,4,174,132,0,132,306
09/01/2006,MOD,CA,AWP,WE,Federal Contract Tower,0,17,20,0,37,0,64,135,0,199,0,81,155,0,236,78,0,78,314
09/02/2006,MOD,CA,AWP,WE,Federal Contract Tower,0,13,13,0,26,0,21,153,0,174,0,34,166,0,200,122,0,122,322
09/03/2006,MOD,CA,AWP,WE,Federal Contract Tower,0,9,9,0,18,0,22,87,0,109,0,31,96,0,127,80,0,80,207
09/04/2006,MOD,CA,AWP,WE,Federal Contract Tower,0,13,24,0,37,0,13,96,0,109,0,26,120,0,146,74,0,74,220
09/05/2006,MOD,CA,AWP,WE,Federal Contract Tower,0,14,29,2,45,0,12,76,0,88,0,26,105,2,133,160,12,172,305
09/06/2006,MOD,CA,AWP,WE,Federal Contract Tower,0,12,45,0,57,0,7,102,0,109,0,19,147,0,166,144,0,144,310
09/07/2006,MOD,CA,AWP,WE,Federal Contract Tower,0,18,25,0,43,0,41,124,0,165,0,59,149,0,208,106,0,106,314
09/08/2006,MOD,CA,AWP,WE,Federal Contract Tower,0,30,19,0,49,0,41,122,0,163,0,71,141,0,212,136,0,136,348
09/09/2006,MOD,CA,AWP,WE,Federal Contract Tower,0,13,15,0,28,0,24,113,0,137,0,37,128,0,165,92,0,92,257
09/10/2006,MOD,CA,AWP,WE,Federal Contract Tower,0,24,24,0,48,0,14,80,0,94,0,38,104,0,142,92,0,92,234
09/11/2006,MOD,CA,AWP,WE,Federal Contract Tower,0,8,17,0,25,0,5,67,0,72,0,13,84,0,97,106,0,106,203
09/12/2006,MOD,CA,AWP,WE,Federal Contract Tower,0,17,15,0,32,0,2,104,0,106,0,19,119,0,138,116,0,116,254
09/13/2006,MOD,CA,AWP,WE,Federal Contract Tower,0,15,43,0,58,0,14,109,2,125,0,29,152,2,183,98,0,98,281
09/14/2006,MOD,CA,AWP,WE,Federal Contract Tower,0,22,16,0,38,0,42,136,0,178,0,64,152,0,216,142,0,142,358
09/15/2006,MOD,CA,AWP,WE,Federal Contract Tower,0,26,12,0,38,0,40,129,0,169,0,66,141,0,207,70,0,70,277
09/16/2006,MOD,CA,AWP,WE,Federal Contract Tower,0,15,6,0,21,0,30,103,0,133,0,45,109,0,154,70,0,70,224
09/17/2006,MOD,CA,AWP,WE,Federal Contract Tower,0,20,8,0,28,0,26,106,0,132,0,46,114,0,160,104,0,104,264
09/18/2006,MOD,CA,AWP,WE,Federal Contract Tower,0,14,16,0,30,0,5,84,0,89,0,19,100,0,119,62,0,62,181
09/19/2006,MOD,CA,AWP,WE,Federal Contract Tower,0,21,36,2,59,0,6,104,0,110,0,27,140,2,169,110,0,110,279
09/20/2006,MOD,CA,AWP,WE,Federal Contract Tower,0,13,52,0,65,0,23,73,0,96,0,36,125,0,161,84,0,84,245
09/21/2006,MOD,CA,AWP,WE,Federal Contract Tower,0,15,16,0,31,0,39,96,0,135,0,54,112,0,166,136,0,136,302
09/22/2006,MOD,CA,AWP,WE,Federal Contract Tower,0,29,21,0,50,0,19,103,0,122,0,48,124,0,172,76,0,76,248
09/23/2006,MOD,CA,AWP,WE,Federal Contract Tower,0,11,9,0,20,0,26,101,0,127,0,37,110,0,147,98,0,98,245
09/24/2006,MOD,CA,AWP,WE,Federal Contract Tower,0,17,17,0,34,0,19,120,0,139,0,36,137,0,173,84,0,84,257
09/25/2006,MOD,CA,AWP,WE,Federal Contract Tower,0,13,61,0,74,0,6,27,0,33,0,19,88,0,107,134,0,134,241
09/26/2006,MOD,CA,AWP,WE,Federal Contract Tower,0,20,48,0,68,0,12,84,0,96,0,32,132,0,164,144,0,144,308
09/27/2006,MOD,CA,AWP,WE,Federal Contract Tower,0,15,49,0,64,0,6,86,0,92,0,21,135,0,156,182,0,182,338
09/28/2006,MOD,CA,AWP,WE,Federal Contract Tower,0,23,13,1,37,0,21,92,1,114,0,44,105,2,151,124,0,124,275
09/29/2006,MOD,CA,AWP,WE,Federal Contract Tower,0,21,21,0,42,0,28,133,0,161,0,49,154,0,203,100,0,100,303
09/30/2006,MOD,CA,AWP,WE,Federal Contract Tower,0,16,13,0,29,0,22,116,0,138,0,38,129,0,167,164,0,164,331
10/01/2006,MOD,CA,AWP,WE,Federal Contract Tower,0,16,13,0,29,0,15,98,0,113,0,31,111,0,142,32,0,32,174
10/02/2006,MOD,CA,AWP,WE,Federal Contract Tower,0,13,18,0,31,0,5,42,0,47,0,18,60,0,78,82,0,82,160
10/03/2006,MOD,CA,AWP,WE,Federal Contract Tower,0,22,44,0,66,0,6,40,0,46,0,28,84,0,112,46,0,46,158
10/04/2006,MOD,CA,AWP,WE,Federal Contract Tower,0,14,85,0,99,0,12,57,2,71,0,26,142,2,170,104,0,104,274
10/05/2006,MOD,CA,AWP,WE,Federal Contract Tower,0,22,27,0,49,0,35,74,0,109,0,57,101,0,158,154,0,154,312
10/06/2006,MOD,CA,AWP,WE,Federal Contract Tower,0,25,21,0,46,0,33,94,0,127,0,58,115,0,173,168,0,168,341
10/07/2006,MOD,CA,AWP,WE,Federal Contract Tower,0,15,14,0,29,0,16,118,0,134,0,31,132,0,163,154,0,154,317
10/08/2006,MOD,CA,AWP,WE,Federal Contract Tower,0,25,10,0,35,0,4,118,0,122,0,29,128,0,157,72,0,72,229
10/09/2006,MOD,CA,AWP,WE,Federal Contract Tower,0,13,34,0,47,0,8,75,0,83,0,21,109,0,130,81,0,81,211
10/10/2006,MOD,CA,AWP,WE,Federal Contract Tower,0,13,74,0,87,0,18,68,0,86,0,31,142,0,173,90,0,90,263
10/11/2006,MOD,CA,AWP,WE,Federal Contract Tower,0,14,56,0,70,0,21,66,0,87,0,35,122,0,157,108,0,108,265
10/12/2006,MOD,CA,AWP,WE,Federal Contract Tower,0,26,20,0,46,0,43,127,0,170,0,69,147,0,216,72,0,72,288
10/13/2006,MOD,CA,AWP,WE,Federal Contract Tower,0,26,13,0,39,0,29,119,0,148,0,55,132,0,187,76,0,76,263
10/14/2006,MOD,CA,AWP,WE,Federal Contract Tower,0,11,14,0,25,0,23,134,0,157,0,34,148,0,182,152,0,152,334
10/15/2006,MOD,CA,AWP,WE,Federal Contract Tower,0,15,25,0,40,0,19,78,0,97,0,34,103,0,137,120,0,120,257
10/16/2006,MOD,CA,AWP,WE,Federal Contract Tower,0,18,52,0,70,0,11,67,0,78,0,29,119,0,148,168,0,168,316
10/17/2006,MOD,CA,AWP,WE,Federal Contract Tower,0,12,58,0,70,0,8,73,0,81,0,20,131,0,151,46,0,46,197
10/18/2006,MOD,CA,AWP,WE,Federal Contract Tower,0,17,44,0,61,0,33,72,0,105,0,50,116,0,166,53,0,53,219
10/19/2006,MOD,CA,AWP,WE,Federal Contract Tower,0,24,43,0,67,0,31,140,0,171,0,55,183,0,238,196,0,196,434
10/20/2006,MOD,CA,AWP,WE,Federal Contract Tower,0,23,23,0,46,0,36,132,0,168,0,59,155,0,214,88,0,88,302
10/21/2006,MOD,CA,AWP,WE,Federal Contract Tower,0,10,34,0,44,0,26,98,0,124,0,36,132,0,168,70,0,70,238
10/22/2006,MOD,CA,AWP,WE,Federal Contract Tower,0,20,21,0,41,0,17,105,0,122,0,37,126,0,163,76,0,76,239
10/23/2006,MOD,CA,AWP,WE,Federal Contract Tower,0,12,31,0,43,0,11,73,0,84,0,23,104,0,127,76,0,76,203
10/24/2006,MOD,CA,AWP,WE,Federal Contract Tower,0,15,32,2,49,0,19,100,0,119,0,34,132,2,168,112,4,116,284
10/25/2006,MOD,CA,AWP,WE,Federal Contract Tower,0,16,34,0,50,0,21,78,0,99,0,37,112,0,149,108,0,108,257
10/26/2006,MOD,CA,AWP,WE,Federal Contract Tower,0,21,30,0,51,0,25,105,0,130,0,46,135,0,181,114,0,114,295
10/27/2006,MOD,CA,AWP,WE,Federal Contract Tower,0,16,31,0,47,0,29,84,0,113,0,45,115,0,160,140,0,140,300
10/28/2006,MOD,CA,AWP,WE,Federal Contract Tower,0,11,23,0,34,0,11,118,0,129,0,22,141,0,163,108,0,108,271
10/29/2006,MOD,CA,AWP,WE,Federal Contract Tower,0,17,32,0,49,0,20,79,0,99,0,37,111,0,148,98,0,98,246
10/30/2006,MOD,CA,AWP,WE,Federal Contract Tower,0,15,33,0,48,0,10,50,0,60,0,25,83,0,108,78,0,78,186
10/31/2006,MOD,CA,AWP,WE,Federal Contract Tower,0,18,29,0,47,0,9,86,0,95,0,27,115,0,142,106,0,106,248
11/01/2006,MOD,CA,AWP,WE,Federal Contract Tower,0,20,38,0,58,0,33,104,0,137,0,53,142,0,195,88,0,88,283
11/02/2006,MOD,CA,AWP,WE,Federal Contract Tower,0,23,33,0,56,0,20,38,0,58,0,43,71,0,114,70,0,70,184
11/03/2006,MOD,CA,AWP,WE,Federal Contract Tower,0,28,29,0,57,0,10,66,4,80,0,38,95,4,137,23,0,23,160
11/04/2006,MOD,CA,AWP,WE,Federal Contract Tower,0,22,30,0,52,0,0,23,0,23,0,22,53,0,75,20,0,20,95
11/05/2006,MOD,CA,AWP,WE,Federal Contract Tower,0,15,17,0,32,0,23,57,0,80,0,38,74,0,112,60,0,60,172
11/06/2006,MOD,CA,AWP,WE,Federal Contract Tower,0,16,36,0,52,0,6,57,0,63,0,22,93,0,115,134,0,134,249
11/07/2006,MOD,CA,AWP,WE,Federal Contract Tower,0,14,58,0,72,0,8,63,0,71,0,22,121,0,143,110,0,110,253
11/08/2006,MOD,CA,AWP,WE,Federal Contract Tower,0,15,40,0,55,2,28,67,2,99,2,43,107,2,154,75,0,75,229
11/09/2006,MOD,CA,AWP,WE,Federal Contract Tower,0,18,54,0,72,0,29,107,0,136,0,47,161,0,208,100,0,100,308
11/10/2006,MOD,CA,AWP,WE,Federal Contract Tower,0,16,30,0,46,0,43,142,0,185,0,59,172,0,231,134,0,134,365
11/11/2006,MOD,CA,AWP,WE,Federal Contract Tower,0,15,25,0,40,0,16,18,0,34,0,31,43,0,74,28,0,28,102
11/12/2006,MOD,CA,AWP,WE,Federal Contract Tower,0,17,12,0,29,0,10,98,0,108,0,27,110,0,137,116,0,116,253
11/13/2006,MOD,CA,AWP,WE,Federal Contract Tower,0,14,40,0,54,0,10,32,0,42,0,24,72,0,96,60,0,60,156
11/14/2006,MOD,CA,AWP,WE,Federal Contract Tower,0,19,70,0,89,0,5,20,0,25,0,24,90,0,114,86,0,86,200
11/15/2006,MOD,CA,AWP,WE,Federal Contract Tower,0,18,50,0,68,0,24,56,0,80,0,42,106,0,148,142,0,142,290
11/16/2006,MOD,CA,AWP,WE,Federal Contract Tower,0,24,30,0,54,0,26,64,0,90,0,50,94,0,144,116,0,116,260
11/17/2006,MOD,CA,AWP,WE,Federal Contract Tower,0,25,27,0,52,0,17,66,0,83,0,42,93,0,135,112,0,112,247
11/18/2006,MOD,CA,AWP,WE,Federal Contract Tower,0,15,60,0,75,0,6,18,0,24,0,21,78,0,99,22,0,22,121
11/19/2006,MOD,CA,AWP,WE,Federal Contract Tower,0,22,23,0,45,0,0,0,0,0,0,22,23,0,45,8,0,8,53
11/20/2006,MOD,CA,AWP,WE,Federal Contract Tower,0,16,38,0,54,0,0,0,0,0,0,16,38,0,54,20,0,20,74
11/21/2006,MOD,CA,AWP,WE,Federal Contract Tower,0,25,60,0,85,0,15,7,0,22,0,40,67,0,107,44,0,44,151
11/22/2006,MOD,CA,AWP,WE,Federal Contract Tower,0,18,38,2,58,0,14,44,0,58,0,32,82,2,116,95,2,97,213
11/23/2006,MOD,CA,AWP,WE,Federal Contract Tower,0,13,8,0,21,0,16,38,0,54,0,29,46,0,75,26,0,26,101
11/24/2006,MOD,CA,AWP,WE,Federal Contract Tower,0,16,17,0,33,0,25,113,0,138,0,41,130,0,171,140,0,140,311
11/25/2006,MOD,CA,AWP,WE,Federal Contract Tower,0,13,43,0,56,0,10,91,0,101,0,23,134,0,157,80,0,80,237
11/26/2006,MOD,CA,AWP,WE,Federal Contract Tower,0,21,15,0,36,0,6,59,0,65,0,27,74,0,101,34,0,34,135
11/27/2006,MOD,CA,AWP,WE,Federal Contract Tower,0,14,13,0,27,0,11,36,0,47,0,25,49,0,74,44,0,44,118
11/28/2006,MOD,CA,AWP,WE,Federal Contract Tower,0,1,14,0,15,0,18,43,0,61,0,19,57,0,76,58,0,58,134
11/29/2006,MOD,CA,AWP,WE,Federal Contract Tower,0,16,37,0,53,0,2,48,0,50,0,18,85,0,103,94,0,94,197
11/30/2006,MOD,CA,AWP,WE,Federal Contract Tower,0,27,35,4,66,0,23,66,0,89,0,50,101,4,155,136,0,136,291
12/01/2006,MOD,CA,AWP,WE,Federal Contract Tower,0,18,25,0,43,0,25,58,0,83,0,43,83,0,126,100,0,100,226
12/02/2006,MOD,CA,AWP,WE,Federal Contract Tower,0,12,11,0,23,0,24,119,0,143,0,36,130,0,166,76,0,76,242
12/03/2006,MOD,CA,AWP,WE,Federal Contract Tower,0,18,16,0,34,0,13,74,0,87,0,31,90,0,121,44,0,44,165
12/04/2006,MOD,CA,AWP,WE,Federal Contract Tower,0,15,11,0,26,0,11,63,0,74,0,26,74,0,100,49,0,49,149
12/05/2006,MOD,CA,AWP,WE,Federal Contract Tower,0,17,20,0,37,0,8,75,0,83,0,25,95,0,120,100,0,100,220
12/06/2006,MOD,CA,AWP,WE,Federal Contract Tower,0,18,56,2,76,0,25,54,0,79,0,43,110,2,155,128,0,128,283
12/07/2006,MOD,CA,AWP,WE,Federal Contract Tower,0,20,34,0,54,0,9,69,2,80,0,29,103,2,134,81,0,81,215
12/08/2006,MOD,CA,AWP,WE,Federal Contract Tower,0,19,24,2,45,0,15,29,0,44,0,34,53,2,89,54,2,56,145
12/09/2006,MOD,CA,AWP,WE,Federal Contract Tower,0,11,20,0,31,0,15,36,0,51,0,26,56,0,82,58,0,58,140
12/10/2006,MOD,CA,AWP,WE,Federal Contract Tower,0,14,14,0,28,0,8,20,0,28,0,22,34,0,56,2,0,2,58
12/11/2006,MOD,CA,AWP,WE,Federal Contract Tower,0,17,21,0,38,0,1,49,0,50,0,18,70,0,88,42,0,42,130
12/12/2006,MOD,CA,AWP,WE,Federal Contract Tower,0,20,28,0,48,0,5,16,0,21,0,25,44,0,69,24,0,24,93
12/13/2006,MOD,CA,AWP,WE,Federal Contract Tower,0,16,44,2,62,0,23,36,0,59,0,39,80,2,121,58,2,60,181
12/14/2006,MOD,CA,AWP,WE,Federal Contract Tower,0,24,37,2,63,0,22,27,0,49,0,46,64,2,112,90,0,90,202
12/15/2006,MOD,CA,AWP,WE,Federal Contract Tower,0,19,24,0,43,0,26,56,0,82,0,45,80,0,125,78,0,78,203
12/16/2006,MOD,CA,AWP,WE,Federal Contract Tower,0,11,20,0,31,0,26,73,0,99,0,37,93,0,130,72,0,72,202
12/17/2006,MOD,CA,AWP,WE,Federal Contract Tower,0,16,23,0,39,0,8,91,0,99,0,24,114,0,138,114,0,114,252
12/18/2006,MOD,CA,AWP,WE,Federal Contract Tower,0,16,25,0,41,0,26,62,0,88,0,42,87,0,129,110,0,110,239
12/19/2006,MOD,CA,AWP,WE,Federal Contract Tower,0,15,25,0,40,0,26,92,0,118,0,41,117,0,158,124,0,124,282
12/20/2006,MOD,CA,AWP,WE,Federal Contract Tower,0,12,32,2,46,0,25,49,0,74,0,37,81,2,120,118,0,118,238
12/21/2006,MOD,CA,AWP,WE,Federal Contract Tower,0,20,14,0,34,0,8,16,0,24,0,28,30,0,58,10,0,10,68
12/22/2006,MOD,CA,AWP,WE,Federal Contract Tower,0,14,28,0,42,0,13,42,0,55,0,27,70,0,97,46,0,46,143
12/23/2006,MOD,CA,AWP,WE,Federal Contract Tower,0,12,33,0,45,0,8,52,0,60,0,20,85,0,105,62,0,62,167
12/24/2006,MOD,CA,AWP,WE,Federal Contract Tower,0,9,8,0,17,0,1,15,0,16,0,10,23,0,33,22,0,22,55
12/25/2006,MOD,CA,AWP,WE,Federal Contract Tower,0,12,3,0,15,0,10,19,0,29,0,22,22,0,44,20,0,20,64
12/26/2006,MOD,CA,AWP,WE,Federal Contract Tower,0,10,12,0,22,0,20,21,0,41,0,30,33,0,63,0,0,0,63
12/27/2006,MOD,CA,AWP,WE,Federal Contract Tower,0,14,8,0,22,0,31,17,2,50,0,45,25,2,72,6,0,6,78
12/28/2006,MOD,CA,AWP,WE,Federal Contract Tower,0,18,14,0,32,0,33,72,0,105,0,51,86,0,137,42,0,42,179
12/29/2006,MOD,CA,AWP,WE,Federal Contract Tower,0,14,31,0,45,0,36,90,0,126,0,50,121,0,171,134,0,134,305
12/30/2006,MOD,CA,AWP,WE,Federal Contract Tower,0,13,16,0,29,0,10,65,0,75,0,23,81,0,104,42,0,42,146
12/31/2006,MOD,CA,AWP,WE,Federal Contract Tower,0,13,12,0,25,0,22,36,0,58,0,35,48,0,83,52,0,52,135
01/01/2007,MOD,CA,AWP,WE,Federal Contract Tower,0,15,10,0,25,0,12,47,0,59,0,27,57,0,84,28,0,28,112
01/02/2007,MOD,CA,AWP,WE,Federal Contract Tower,0,14,38,0,52,0,16,30,0,46,0,30,68,0,98,55,0,55,153
01/03/2007,MOD,CA,AWP,WE,Federal Contract Tower,0,10,32,0,42,0,6,32,0,38,0,16,64,0,80,58,0,58,138
01/04/2007,MOD,CA,AWP,WE,Federal Contract Tower,0,16,17,0,33,0,15,15,0,30,0,31,32,0,63,58,0,58,121
01/05/2007,MOD,CA,AWP,WE,Federal Contract Tower,0,14,13,0,27,0,7,60,0,67,0,21,73,0,94,48,0,48,142
01/06/2007,MOD,CA,AWP,WE,Federal Contract Tower,0,12,26,0,38,0,21,74,0,95,0,33,100,0,133,56,0,56,189
01/07/2007,MOD,CA,AWP,WE,Federal Contract Tower,0,14,16,0,30,0,10,68,0,78,0,24,84,0,108,48,0,48,156
01/08/2007,MOD,CA,AWP,WE,Federal Contract Tower,0,15,18,2,35,0,13,51,1,65,0,28,69,3,100,12,2,14,114
01/09/2007,MOD,CA,AWP,WE,Federal Contract Tower,0,18,14,0,32,0,9,52,0,61,0,27,66,0,93,82,0,82,175
01/10/2007,MOD,CA,AWP,WE,Federal Contract Tower,0,17,22,2,41,0,0,46,0,46,0,17,68,2,87,70,2,72,159
01/11/2007,MOD,CA,AWP,WE,Federal Contract Tower,0,19,18,0,37,0,19,83,0,102,0,38,101,0,139,76,0,76,215
01/12/2007,MOD,CA,AWP,WE,Federal Contract Tower,0,16,15,0,31,0,22,64,0,86,0,38,79,0,117,66,0,66,183
01/13/2007,MOD,CA,AWP,WE,Federal Contract Tower,0,12,32,0,44,0,14,75,0,89,0,26,107,0,133,92,0,92,225
01/14/2007,MOD,CA,AWP,WE,Federal Contract Tower,0,12,22,0,34,0,9,51,1,61,0,21,73,1,95,48,0,48,143
01/15/2007,MOD,CA,AWP,WE,Federal Contract Tower,0,14,16,0,30,0,7,69,2,78,0,21,85,2,108,120,0,120,228
01/16/2007,MOD,CA,AWP,WE,Federal Contract Tower,0,14,18,0,32,0,9,80,0,89,0,23,98,0,121,110,0,110,231
01/17/2007,MOD,CA,AWP,WE,Federal Contract Tower,0,15,19,0,34,0,12,60,0,72,0,27,79,0,106,110,0,110,216
01/18/2007,MOD,CA,AWP,WE,Federal Contract Tower,0,21,22,0,43,0,30,88,0,118,0,51,110,0,161,60,0,60,221
01/19/2007,MOD,CA,AWP,WE,Federal Contract Tower,0,15,15,0,30,0,25,60,0,85,0,40,75,0,115,172,0,172,287
01/20/2007,MOD,CA,AWP,WE,Federal Contract Tower,0,10,35,0,45,0,29,71,0,100,0,39,106,0,145,120,0,120,265
01/21/2007,MOD,CA,AWP,WE,Federal Contract Tower,0,16,21,0,37,0,8,65,0,73,0,24,86,0,110,70,0,70,180
01/22/2007,MOD,CA,AWP,WE,Federal Contract Tower,0,14,17,0,31,0,8,68,0,76,0,22,85,0,107,88,0,88,195
01/23/2007,MOD,CA,AWP,WE,Federal Contract Tower,0,19,33,0,52,0,8,56,2,66,0,27,89,2,118,116,0,116,234
01/24/2007,MOD,CA,AWP,WE,Federal Contract Tower,0,13,17,0,30,0,25,71,0,96,0,38,88,0,126,121,0,121,247
01/25/2007,MOD,CA,AWP,WE,Federal Contract Tower,0,21,19,0,40,0,33,93,0,126,0,54,112,0,166,106,0,106,272
01/26/2007,MOD,CA,AWP,WE,Federal Contract Tower,0,22,38,0,60,0,29,64,0,93,0,51,102,0,153,122,2,124,277
01/27/2007,MOD,CA,AWP,WE,Federal Contract Tower,0,16,16,0,32,0,9,52,0,61,0,25,68,0,93,88,0,88,181
01/28/2007,MOD,CA,AWP,WE,Federal Contract Tower,0,10,19,0,29,0,8,25,0,33,0,18,44,0,62,56,0,56,118
01/29/2007,MOD,CA,AWP,WE,Federal Contract Tower,0,14,7,0,21,0,7,45,0,52,0,21,52,0,73,102,0,102,175
01/30/2007,MOD,CA,AWP,WE,Federal Contract Tower,0,16,23,2,41,0,0,20,0,20,0,16,43,2,61,22,2,24,85
01/31/2007,MOD,CA,AWP,WE,Federal Contract Tower,0,16,45,0,61,0,17,95,0,112,0,33,140,0,173,132,0,132,305
02/01/2007,MOD,CA,AWP,WE,Federal Contract Tower,0,17,51,0,68,0,15,38,0,53,0,32,89,0,121,46,0,46,167
02/02/2007,MOD,CA,AWP,WE,Federal Contract Tower,0,18,33,0,51,0,32,81,0,113,0,50,114,0,164,160,0,160,324
02/03/2007,MOD,CA,AWP,WE,Federal Contract Tower,0,13,32,0,45,0,16,54,0,70,0,29,86,0,115,96,0,96,211
02/04/2007,MOD,CA,AWP,WE,Federal Contract Tower,0,12,18,0,30,0,28,48,0,76,0,40,66,0,106,26,0,26,132
02/05/2007,MOD,CA,AWP,WE,Federal Contract Tower,0,18,52,0,70,0,3,45,0,48,0,21,97,0,118,36,0,36,154
02/06/2007,MOD,CA,AWP,WE,Federal Contract Tower,0,18,33,0,51,0,14,63,0,77,0,32,96,0,128,84,0,84,212
02/07/2007,MOD,CA,AWP,WE,Federal Contract Tower,0,18,30,0,48,0,7,13,0,20,0,25,43,0,68,32,0,32,100
02/08/2007,MOD,CA,AWP,WE,Federal Contract Tower,0,22,25,0,47,0,6,6,0,12,0,28,31,0,59,8,0,8,67
02/09/2007,MOD,CA,AWP,WE,Federal Contract Tower,0,20,23,0,43,0,5,18,0,23,0,25,41,0,66,16,0,16,82
02/10/2007,MOD,CA,AWP,WE,Federal Contract Tower,0,12,28,0,40,0,6,27,0,33,0,18,55,0,73,36,0,36,109
02/11/2007,MOD,CA,AWP,WE,Federal Contract Tower,0,12,11,0,23,0,6,39,0,45,0,18,50,0,68,20,0,20,88
02/12/2007,MOD,CA,AWP,WE,Federal Contract Tower,0,16,14,0,30,0,7,68,0,75,0,23,82,0,105,102,0,102,207
02/13/2007,MOD,CA,AWP,WE,Federal Contract Tower,0,20,35,2,57,0,15,64,0,79,0,35,99,2,136,47,0,47,183
02/14/2007,MOD,CA,AWP,WE,Federal Contract Tower,0,16,16,4,36,0,10,118,0,128,0,26,134,4,164,102,0,102,266
02/15/2007,MOD,CA,AWP,WE,Federal Contract Tower,0,17,13,0,30,0,11,82,0,93,0,28,95,0,123,60,0,60,183
02/16/2007,MOD,CA,AWP,WE,Federal Contract Tower,0,18,21,0,39,0,22,83,0,105,0,40,104,0,144,210,0,210,354
02/17/2007,MOD,CA,AWP,WE,Federal Contract Tower,0,14,6,0,20,0,12,106,4,122,0,26,112,4,142,96,0,96,238
02/18/2007,MOD,CA,AWP,WE,Federal Contract Tower,0,16,16,0,32,0,9,62,0,71,0,25,78,0,103,62,0,62,165
02/19/2007,MOD,CA,AWP,WE,Federal Contract Tower,0,16,22,0,38,0,17,33,0,50,0,33,55,0,88,62,0,62,150
02/20/2007,MOD,CA,AWP,WE,Federal Contract Tower,0,15,22,0,37,0,5,54,0,59,0,20,76,0,96,128,0,128,224
02/21/2007,MOD,CA,AWP,WE,Federal Contract Tower,0,11,31,0,42,0,6,81,0,87,0,17,112,0,129,134,0,134,263
02/22/2007,MOD,CA,AWP,WE,Federal Contract Tower,0,15,17,0,32,0,12,23,0,35,0,27,40,0,67,34,0,34,101
02/23/2007,MOD,CA,AWP,WE,Federal Contract Tower,0,16,25,0,41,0,24,74,0,98,0,40,99,0,139,94,0,94,233
02/24/2007,MOD,CA,AWP,WE,Federal Contract Tower,0,14,14,0,28,0,22,78,0,100,0,36,92,0,128,108,0,108,236
02/25/2007,MOD,CA,AWP,WE,Federal Contract Tower,0,16,12,0,28,0,9,28,0,37,0,25,40,0,65,2,0,2,67
02/26/2007,MOD,CA,AWP,WE,Federal Contract Tower,0,16,13,0,29,0,5,28,0,33,0,21,41,0,62,72,0,72,134
02/27/2007,MOD,CA,AWP,WE,Federal Contract Tower,0,9,34,0,43,0,6,38,0,44,0,15,72,0,87,98,0,98,185
02/28/2007,MOD,CA,AWP,WE,Federal Contract Tower,0,16,17,2,35,0,9,37,0,46,0,25,54,2,81,72,6,78,159
03/01/2007,MOD,CA,AWP,WE,Federal Contract Tower,0,12,19,0,31,0,21,69,2,92,0,33,88,2,123,58,0,58,181
03/02/2007,MOD,CA,AWP,WE,Federal Contract Tower,0,12,12,0,24,0,16,100,0,116,0,28,112,0,140,96,0,96,236
03/03/2007,MOD,CA,AWP,WE,Federal Contract Tower,0,12,11,0,23,0,5,137,0,142,0,17,148,0,165,74,0,74,239
03/04/2007,MOD,CA,AWP,WE,Federal Contract Tower,0,16,19,0,35,0,11,68,0,79,0,27,87,0,114,72,0,72,186
03/05/2007,MOD,CA,AWP,WE,Federal Contract Tower,0,15,13,0,28,0,14,80,0,94,0,29,93,0,122,46,0,46,168
03/06/2007,MOD,CA,AWP,WE,Federal Contract Tower,0,13,15,0,28,0,10,90,0,100,0,23,105,0,128,110,0,110,238
03/07/2007,MOD,CA,AWP,WE,Federal Contract Tower,0,12,20,0,32,0,10,41,7,58,0,22,61,7,90,68,4,72,162
03/08/2007,MOD,CA,AWP,WE,Federal Contract Tower,0,16,18,0,34,0,25,98,0,123,0,41,116,0,157,104,0,104,261
03/09/2007,MOD,CA,AWP,WE,Federal Contract Tower,0,17,36,0,53,0,18,87,0,105,0,35,123,0,158,142,0,142,300
03/10/2007,MOD,CA,AWP,WE,Federal Contract Tower,0,13,16,0,29,0,19,132,0,151,0,32,148,0,180,141,0,141,321
03/11/2007,MOD,CA,AWP,WE,Federal Contract Tower,0,14,17,0,31,0,23,109,0,132,0,37,126,0,163,98,0,98,261
03/12/2007,MOD,CA,AWP,WE,Federal Contract Tower,0,14,30,0,44,0,13,79,0,92,0,27,109,0,136,76,0,76,212
03/13/2007,MOD,CA,AWP,WE,Federal Contract Tower,0,12,21,0,33,0,13,86,0,99,0,25,107,0,132,177,0,177,309
03/14/2007,MOD,CA,AWP,WE,Federal Contract Tower,0,14,15,0,29,0,19,100,0,119,0,33,115,0,148,104,0,104,252
03/15/2007,MOD,CA,AWP,WE,Federal Contract Tower,0,17,15,0,32,0,25,120,0,145,0,42,135,0,177,50,0,50,227
03/16/2007,MOD,CA,AWP,WE,Federal Contract Tower,0,15,17,0,32,0,23,107,0,130,0,38,124,0,162,68,0,68,230
03/17/2007,MOD,CA,AWP,WE,Federal Contract Tower,0,14,13,0,27,0,15,110,0,125,0,29,123,0,152,94,0,94,246
03/18/2007,MOD,CA,AWP,WE,Federal Contract Tower,0,14,10,0,24,0,28,86,2,116,0,42,96,2,140,60,0,60,200
03/19/2007,MOD,CA,AWP,WE,Federal Contract Tower,0,16,27,0,43,0,3,38,0,41,0,19,65,0,84,34,0,34,118
03/20/2007,MOD,CA,AWP,WE,Federal Contract Tower,0,14,31,0,45,0,7,26,0,33,0,21,57,0,78,34,0,34,112
03/21/2007,MOD,CA,AWP,WE,Federal Contract Tower,0,16,34,0,50,0,14,54,0,68,0,30,88,0,118,86,0,86,204
03/22/2007,MOD,CA,AWP,WE,Federal Contract Tower,0,17,24,0,41,0,37,115,0,152,0,54,139,0,193,72,0,72,265
03/23/2007,MOD,CA,AWP,WE,Federal Contract Tower,0,17,30,0,47,0,27,79,0,106,0,44,109,0,153,112,0,112,265
03/24/2007,MOD,CA,AWP,WE,Federal Contract Tower,0,10,16,0,26,0,20,106,0,126,0,30,122,0,152,124,0,124,276
03/25/2007,MOD,CA,AWP,WE,Federal Contract Tower,0,16,22,0,38,0,15,84,0,99,0,31,106,0,137,106,0,106,243
03/26/2007,MOD,CA,AWP,WE,Federal Contract Tower,0,17,32,0,49,0,7,11,0,18,0,24,43,0,67,52,0,52,119
03/27/2007,MOD,CA,AWP,WE,Federal Contract Tower,0,14,13,0,27,0,7,30,2,39,0,21,43,2,66,36,0,36,102
03/28/2007,MOD,CA,AWP,WE,Federal Contract Tower,0,13,30,0,43,0,20,90,0,110,0,33,120,0,153,96,0,96,249
03/29/2007,MOD,CA,AWP,WE,Federal Contract Tower,0,17,20,0,37,0,22,86,0,108,0,39,106,0,145,72,0,72,217
03/30/2007,MOD,CA,AWP,WE,Federal Contract Tower,0,14,16,0,30,0,14,109,0,123,0,28,125,0,153,94,0,94,247
03/31/2007,MOD,CA,AWP,WE,Federal Contract Tower,0,10,23,0,33,0,19,78,0,97,0,29,101,0,130,120,0,120,250
04/01/2007,MOD,CA,AWP,WE,Federal Contract Tower,0,14,7,0,21,0,11,97,0,108,0,25,104,0,129,44,0,44,173
04/02/2007,MOD,CA,AWP,WE,Federal Contract Tower,0,18,16,2,36,0,19,52,0,71,0,37,68,2,107,22,0,22,129
04/03/2007,MOD,CA,AWP,WE,Federal Contract Tower,0,13,16,2,31,0,12,74,0,86,0,25,90,2,117,88,0,88,205
04/04/2007,MOD,CA,AWP,WE,Federal Contract Tower,0,14,22,0,36,0,8,63,0,71,0,22,85,0,107,140,0,140,247
04/05/2007,MOD,CA,AWP,WE,Federal Contract Tower,0,14,20,0,34,0,25,91,0,116,0,39,111,0,150,86,0,86,236
04/06/2007,MOD,CA,AWP,WE,Federal Contract Tower,0,11,15,0,26,0,25,102,0,127,0,36,117,0,153,48,0,48,201
04/07/2007,MOD,CA,AWP,WE,Federal Contract Tower,0,12,13,0,25,0,12,87,0,99,0,24,100,0,124,90,0,90,214
04/08/2007,MOD,CA,AWP,WE,Federal Contract Tower,0,15,10,0,25,0,22,74,0,96,0,37,84,0,121,54,0,54,175
04/09/2007,MOD,CA,AWP,WE,Federal Contract Tower,0,19,14,0,33,0,2,67,0,69,0,21,81,0,102,10,0,10,112
04/10/2007,MOD,CA,AWP,WE,Federal Contract Tower,0,18,19,0,37,0,10,73,0,83,0,28,92,0,120,54,0,54,174
04/11/2007,MOD,CA,AWP,WE,Federal Contract Tower,0,20,15,1,36,0,16,45,0,61,0,36,60,1,97,36,0,36,133
04/12/2007,MOD,CA,AWP,WE,Federal Contract Tower,0,18,20,6,44,0,27,64,0,91,0,45,84,6,135,62,6,68,203
04/13/2007,MOD,CA,AWP,WE,Federal Contract Tower,0,20,13,0,33,0,28,111,0,139,0,48,124,0,172,94,0,94,266
04/14/2007,MOD,CA,AWP,WE,Federal Contract Tower,0,10,12,0,22,0,25,24,0,49,0,35,36,0,71,22,0,22,93
04/15/2007,MOD,CA,AWP,WE,Federal Contract Tower,0,16,9,0,25,0,21,30,0,51,0,37,39,0,76,26,0,26,102
04/16/2007,MOD,CA,AWP,WE,Federal Contract Tower,0,15,13,0,28,0,10,77,0,87,0,25,90,0,115,100,0,100,215
04/17/2007,MOD,CA,AWP,WE,Federal Contract Tower,0,18,12,0,30,0,9,64,2,75,0,27,76,2,105,36,0,36,141
04/18/2007,MOD,CA,AWP,WE,Federal Contract Tower,0,18,23,0,41,0,27,92,0,119,0,45,115,0,160,66,0,66,226
04/19/2007,MOD,CA,AWP,WE,Federal Contract Tower,0,16,22,0,38,0,29,61,0,90,0,45,83,0,128,78,0,78,206
04/20/2007,MOD,CA,AWP,WE,Federal Contract Tower,0,20,30,0,50,0,31,59,0,90,0,51,89,0,140,62,0,62,202
04/21/2007,MOD,CA,AWP,WE,Federal Contract Tower,0,13,10,0,23,0,6,61,0,67,0,19,71,0,90,68,0,68,158
04/22/2007,MOD,CA,AWP,WE,Federal Contract Tower,0,16,14,0,30,0,9,38,0,47,0,25,52,0,77,96,0,96,173
04/23/2007,MOD,CA,AWP,WE,Federal Contract Tower,0,15,18,0,33,0,13,49,0,62,0,28,67,0,95,60,0,60,155
04/24/2007,MOD,CA,AWP,WE,Federal Contract Tower,0,14,19,0,33,0,34,103,0,137,0,48,122,0,170,58,0,58,228
04/25/2007,MOD,CA,AWP,WE,Federal Contract Tower,0,10,32,2,44,0,4,84,0,88,0,14,116,2,132,78,0,78,210
04/26/2007,MOD,CA,AWP,WE,Federal Contract Tower,0,15,15,0,30,0,13,80,0,93,0,28,95,0,123,108,0,108,231
04/27/2007,MOD,CA,AWP,WE,Federal Contract Tower,0,15,18,0,33,0,15,96,0,111,0,30,114,0,144,124,0,124,268
04/28/2007,MOD,CA,AWP,WE,Federal Contract Tower,0,9,32,0,41,0,17,81,0,98,0,26,113,0,139,136,0,136,275
04/29/2007,MOD,CA,AWP,WE,Federal Contract Tower,0,14,19,0,33,0,20,98,0,118,0,34,117,0,151,112,0,112,263
04/30/2007,MOD,CA,AWP,WE,Federal Contract Tower,0,14,13,0,27,0,17,51,0,68,0,31,64,0,95,70,0,70,165
05/01/2007,MOD,CA,AWP,WE,Federal Contract Tower,0,17,14,0,31,0,10,77,0,87,0,27,91,0,118,90,0,90,208
05/02/2007,MOD,CA,AWP,WE,Federal Contract Tower,0,14,21,0,35,0,7,42,0,49,0,21,63,0,84,52,0,52,136
05/03/2007,MOD,CA,AWP,WE,Federal Contract Tower,0,16,10,0,26,0,18,92,0,110,0,34,102,0,136,129,0,129,265
05/04/2007,MOD,CA,AWP,WE,Federal Contract Tower,0,14,38,0,52,0,12,19,2,33,0,26,57,2,85,15,0,15,100
05/05/2007,MOD,CA,AWP,WE,Federal Contract Tower,0,9,16,0,25,0,6,60,0,66,0,15,76,0,91,36,0,36,127
05/06/2007,MOD,CA,AWP,WE,Federal Contract Tower,0,14,11,0,25,0,14,93,0,107,0,28,104,0,132,86,0,86,218
05/07/2007,MOD,CA,AWP,WE,Federal Contract Tower,0,19,15,0,34,0,13,107,0,120,0,32,122,0,154,96,0,96,250
05/08/2007,MOD,CA,AWP,WE,Federal Contract Tower,0,18,37,0,55,0,9,62,0,71,0,27,99,0,126,90,0,90,216
05/09/2007,MOD,CA,AWP,WE,Federal Contract Tower,0,14,21,0,35,0,17,104,0,121,0,31,125,0,156,110,0,110,266
05/10/2007,MOD,CA,AWP,WE,Federal Contract Tower,0,16,20,0,36,0,17,108,0,125,0,33,128,0,161,156,0,156,317
05/11/2007,MOD,CA,AWP,WE,Federal Contract Tower,0,20,22,2,44,0,23,80,3,106,0,43,102,5,150,72,10,82,232
05/12/2007,MOD,CA,AWP,WE,Federal Contract Tower,0,8,12,0,20,0,11,153,0,164,0,19,165,0,184,216,0,216,400
05/13/2007,MOD,CA,AWP,WE,Federal Contract Tower,0,20,16,0,36,0,18,84,0,102,0,38,100,0,138,32,0,32,170
05/14/2007,MOD,CA,AWP,WE,Federal Contract Tower,0,16,15,0,31,0,17,77,0,94,0,33,92,0,125,82,0,82,207
05/15/2007,MOD,CA,AWP,WE,Federal Contract Tower,0,13,18,0,31,0,23,62,0,85,0,36,80,0,116,78,0,78,194
05/16/2007,MOD,CA,AWP,WE,Federal Contract Tower,0,16,22,0,38,0,22,77,9,108,0,38,99,9,146,30,4,34,180
05/17/2007,MOD,CA,AWP,WE,Federal Contract Tower,0,16,20,0,36,0,21,88,0,109,0,37,108,0,145,96,0,96,241
05/18/2007,MOD,CA,AWP,WE,Federal Contract Tower,0,14,16,0,30,0,27,101,0,128,0,41,117,0,158,95,0,95,253
05/19/2007,MOD,CA,AWP,WE,Federal Contract Tower,0,10,12,0,22,0,27,108,0,135,0,37,120,0,157,92,0,92,249
05/20/2007,MOD,CA,AWP,WE,Federal Contract Tower,0,14,22,0,36,0,33,67,0,100,0,47,89,0,136,86,0,86,222
05/21/2007,MOD,CA,AWP,WE,Federal Contract Tower,0,16,10,0,26,0,32,85,0,117,0,48,95,0,143,94,0,94,237
05/22/2007,MOD,CA,AWP,WE,Federal Contract Tower,0,12,23,0,35,0,4,66,0,70,0,16,89,0,105,88,0,88,193
05/23/2007,MOD,CA,AWP,WE,Federal Contract Tower,0,18,22,0,40,0,13,89,0,102,0,31,111,0,142,214,0,214,356
05/24/2007,MOD,CA,AWP,WE,Federal Contract Tower,0,15,26,0,41,0,19,57,0,76,0,34,83,0,117,142,0,142,259
05/25/2007,MOD,CA,AWP,WE,Federal Contract Tower,0,15,45,0,60,0,29,119,0,148,0,44,164,0,208,92,0,92,300
05/26/2007,MOD,CA,AWP,WE,Federal Contract Tower,0,10,34,0,44,0,23,105,0,128,0,33,139,0,172,112,0,112,284
05/27/2007,MOD,CA,AWP,WE,Federal Contract Tower,0,12,32,0,44,0,46,114,6,166,0,58,146,6,210,94,0,94,304
05/28/2007,MOD,CA,AWP,WE,Federal Contract Tower,0,14,19,0,33,0,19,102,0,121,0,33,121,0,154,94,0,94,248
05/29/2007,MOD,CA,AWP,WE,Federal Contract Tower,0,16,23,0,39,0,21,97,0,118,0,37,120,0,157,128,0,128,285
05/30/2007,MOD,CA,AWP,WE,Federal Contract Tower,0,15,16,0,31,0,10,65,0,75,0,25,81,0,106,74,0,74,180
05/31/2007,MOD,CA,AWP,WE,Federal Contract Tower,0,16,20,4,40,0,30,107,0,137,0,46,127,4,177,124,6,130,307
06/01/2007,MOD,CA,AWP,WE,Federal Contract Tower,0,14,29,0,43,0,32,131,0,163,0,46,160,0,206,110,0,110,316
06/02/2007,MOD,CA,AWP,WE,Federal Contract Tower,0,9,14,0,23,0,15,121,0,136,0,24,135,0,159,64,0,64,223
06/03/2007,MOD,CA,AWP,WE,Federal Contract Tower,0,14,23,0,37,0,12,114,0,126,0,26,137,0,163,92,0,92,255
06/04/2007,MOD,CA,AWP,WE,Federal Contract Tower,0,14,22,0,36,0,11,42,2,55,0,25,64,2,91,40,0,40,131
06/05/2007,MOD,CA,AWP,WE,Federal Contract Tower,0,13,28,2,43,0,27,59,0,86,0,40,87,2,129,46,6,52,181
06/06/2007,MOD,CA,AWP,WE,Federal Contract Tower,0,16,12,0,28,0,31,97,0,128,0,47,109,0,156,106,0,106,262
06/07/2007,MOD,CA,AWP,WE,Federal Contract Tower,0,14,10,2,26,0,19,105,0,124,0,33,115,2,150,76,0,76,226
06/08/2007,MOD,CA,AWP,WE,Federal Contract Tower,0,15,17,0,32,0,31,75,0,106,0,46,92,0,138,48,0,48,186
06/09/2007,MOD,CA,AWP,WE,Federal Contract Tower,0,10,20,0,30,0,23,91,0,114,0,33,111,0,144,28,0,28,172
06/10/2007,MOD,CA,AWP,WE,Federal Contract Tower,0,13,5,0,18,0,25,51,0,76,0,38,56,0,94,20,0,20,114
06/11/2007,MOD,CA,AWP,WE,Federal Contract Tower,0,16,10,0,26,0,15,57,0,72,0,31,67,0,98,64,0,64,162
06/12/2007,MOD,CA,AWP,WE,Federal Contract Tower,0,13,21,4,38,0,13,66,0,79,0,26,87,4,117,86,0,86,203
06/13/2007,MOD,CA,AWP,WE,Federal Contract Tower,0,19,17,0,36,0,20,78,0,98,0,39,95,0,134,108,0,108,242
06/14/2007,MOD,CA,AWP,WE,Federal Contract Tower,0,17,23,0,40,0,19,84,0,103,0,36,107,0,143,83,0,83,226
06/15/2007,MOD,CA,AWP,WE,Federal Contract Tower,0,20,32,0,52,0,19,89,0,108,0,39,121,0,160,62,0,62,222
06/16/2007,MOD,CA,AWP,WE,Federal Contract Tower,0,10,12,0,22,0,19,99,0,118,0,29,111,0,140,70,0,70,210
06/17/2007,MOD,CA,AWP,WE,Federal Contract Tower,0,20,8,0,28,0,19,94,0,113,0,39,102,0,141,32,0,32,173
06/18/2007,MOD,CA,AWP,WE,Federal Contract Tower,0,15,27,0,42,0,8,62,0,70,0,23,89,0,112,58,0,58,170
06/19/2007,MOD,CA,AWP,WE,Federal Contract Tower,0,16,26,0,42,0,14,91,0,105,0,30,117,0,147,48,0,48,195
06/20/2007,MOD,CA,AWP,WE,Federal Contract Tower,0,14,16,0,30,0,20,79,0,99,0,34,95,0,129,76,0,76,205
06/21/2007,MOD,CA,AWP,WE,Federal Contract Tower,0,14,26,0,40,0,23,119,0,142,0,37,145,0,182,120,0,120,302
06/22/2007,MOD,CA,AWP,WE,Federal Contract Tower,0,17,32,0,49,0,28,75,0,103,0,45,107,0,152,62,0,62,214
06/23/2007,MOD,CA,AWP,WE,Federal Contract Tower,0,10,22,0,32,0,15,87,0,102,0,25,109,0,134,36,0,36,170
06/24/2007,MOD,CA,AWP,WE,Federal Contract Tower,0,12,10,0,22,0,15,98,0,113,0,27,108,0,135,74,0,74,209
06/25/2007,MOD,CA,AWP,WE,Federal Contract Tower,0,17,12,0,29,0,20,72,2,94,0,37,84,2,123,54,0,54,177
06/26/2007,MOD,CA,AWP,WE,Federal Contract Tower,0,19,24,0,43,0,32,91,0,123,0,51,115,0,166,82,0,82,248
06/27/2007,MOD,CA,AWP,WE,Federal Contract Tower,0,16,37,0,53,0,22,77,0,99,0,38,114,0,152,58,0,58,210
06/28/2007,MOD,CA,AWP,WE,Federal Contract Tower,0,18,46,0,64,0,21,77,0,98,0,39,123,0,162,54,0,54,216
06/29/2007,MOD,CA,AWP,WE,Federal Contract Tower,0,17,26,1,44,0,21,113,1,135,0,38,139,2,179,86,0,86,265
06/30/2007,MOD,CA,AWP,WE,Federal Contract Tower,0,11,20,2,33,0,9,95,0,104,0,20,115,2,137,64,2,66,203
07/01/2007,MOD,CA,AWP,WE,Federal Contract Tower,0,12,12,0,24,0,16,67,0,83,0,28,79,0,107,74,0,74,181
07/02/2007,MOD,CA,AWP,WE,Federal Contract Tower,0,16,12,0,28,0,32,69,0,101,0,48,81,0,129,64,0,64,193
07/03/2007,MOD,CA,AWP,WE,Federal Contract Tower,0,16,29,2,47,0,20,85,0,105,0,36,114,2,152,74,0,74,226
07/04/2007,MOD,CA,AWP,WE,Federal Contract Tower,0,9,11,0,20,0,21,51,0,72,0,30,62,0,92,72,0,72,164
07/05/2007,MOD,CA,AWP,WE,Federal Contract Tower,0,14,8,0,22,0,28,79,0,107,0,42,87,0,129,28,0,28,157
07/06/2007,MOD,CA,AWP,WE,Federal Contract Tower,0,14,11,2,27,0,23,51,2,76,0,37,62,4,103,28,0,28,131
07/07/2007,MOD,CA,AWP,WE,Federal Contract Tower,0,11,30,0,41,0,16,86,0,102,0,27,116,0,143,93,0,93,236
07/08/2007,MOD,CA,AWP,WE,Federal Contract Tower,0,17,26,0,43,0,10,72,0,82,0,27,98,0,125,76,0,76,201
07/09/2007,MOD,CA,AWP,WE,Federal Contract Tower,0,17,37,0,54,0,13,55,0,68,0,30,92,0,122,58,0,58,180
07/10/2007,MOD,CA,AWP,WE,Federal Contract Tower,0,17,27,0,44,0,21,78,2,101,0,38,105,2,145,102,0,102,247
07/11/2007,MOD,CA,AWP,WE,Federal Contract Tower,0,10,28,0,38,0,28,104,0,132,0,38,132,0,170,100,0,100,270
07/12/2007,MOD,CA,AWP,WE,Federal Contract Tower,0,17,26,0,43,0,38,81,0,119,0,55,107,0,162,82,0,82,244
07/13/2007,MOD,CA,AWP,WE,Federal Contract Tower,0,17,14,0,31,0,21,85,0,106,0,38,99,0,137,50,0,50,187
07/14/2007,MOD,CA,AWP,WE,Federal Contract Tower,0,17,22,0,39,0,17,88,0,105,0,34,110,0,144,62,0,62,206
07/15/2007,MOD,CA,AWP,WE,Federal Contract Tower,0,16,4,0,20,0,17,90,0,107,0,33,94,0,127,42,0,42,169
07/16/2007,MOD,CA,AWP,WE,Federal Contract Tower,0,14,14,0,28,0,4,81,0,85,0,18,95,0,113,72,0,72,185
07/17/2007,MOD,CA,AWP,WE,Federal Contract Tower,0,12,25,0,37,0,20,104,0,124,0,32,129,0,161,102,0,102,263
07/18/2007,MOD,CA,AWP,WE,Federal Contract Tower,0,18,23,0,41,0,28,63,0,91,0,46,86,0,132,60,0,60,192
07/19/2007,MOD,CA,AWP,WE,Federal Contract Tower,0,14,25,0,39,0,32,101,0,133,0,46,126,0,172,58,0,58,230
07/20/2007,MOD,CA,AWP,WE,Federal Contract Tower,0,15,45,0,60,0,20,61,0,81,0,35,106,0,141,78,0,78,219
07/21/2007,MOD,CA,AWP,WE,Federal Contract Tower,0,13,23,0,36,0,18,94,0,112,0,31,117,0,148,36,0,36,184
07/22/2007,MOD,CA,AWP,WE,Federal Contract Tower,0,13,13,0,26,0,26,73,0,99,0,39,86,0,125,32,0,32,157
07/23/2007,MOD,CA,AWP,WE,Federal Contract Tower,0,13,12,0,25,0,8,77,2,87,0,21,89,2,112,32,0,32,144
07/24/2007,MOD,CA,AWP,WE,Federal Contract Tower,0,14,28,0,42,0,24,77,0,101,0,38,105,0,143,96,0,96,239
07/25/2007,MOD,CA,AWP,WE,Federal Contract Tower,0,15,51,0,66,0,33,98,0,131,0,48,149,0,197,130,0,130,327
07/26/2007,MOD,CA,AWP,WE,Federal Contract Tower,0,18,20,0,38,0,16,114,0,130,0,34,134,0,168,66,0,66,234
07/27/2007,MOD,CA,AWP,WE,Federal Contract Tower,0,15,31,0,46,0,28,122,0,150,0,43,153,0,196,102,0,102,298
07/28/2007,MOD,CA,AWP,WE,Federal Contract Tower,0,10,12,0,22,0,31,128,0,159,0,41,140,0,181,58,0,58,239
07/29/2007,MOD,CA,AWP,WE,Federal Contract Tower,0,12,14,0,26,0,22,89,0,111,0,34,103,0,137,44,0,44,181
07/30/2007,MOD,CA,AWP,WE,Federal Contract Tower,0,13,15,3,31,0,14,88,0,102,0,27,103,3,133,58,2,60,193
07/31/2007,MOD,CA,AWP,WE,Federal Contract Tower,0,16,13,2,31,0,6,115,0,121,0,22,128,2,152,132,0,132,284
08/01/2007,MOD,CA,AWP,WE,Federal Contract Tower,0,16,28,0,44,0,19,74,0,93,0,35,102,0,137,70,0,70,207
08/02/2007,MOD,CA,AWP,WE,Federal Contract Tower,0,15,29,0,44,0,28,93,0,121,0,43,122,0,165,114,0,114,279
08/03/2007,MOD,CA,AWP,WE,Federal Contract Tower,0,20,46,0,66,0,24,82,0,106,0,44,128,0,172,120,0,120,292
08/04/2007,MOD,CA,AWP,WE,Federal Contract Tower,0,10,24,0,34,0,27,119,0,146,0,37,143,0,180,38,0,38,218
08/05/2007,MOD,CA,AWP,WE,Federal Contract Tower,0,12,26,0,38,0,13,57,2,72,0,25,83,2,110,56,0,56,166
08/06/2007,MOD,CA,AWP,WE,Federal Contract Tower,0,14,28,0,42,0,5,60,0,65,0,19,88,0,107,54,0,54,161
08/07/2007,MOD,CA,AWP,WE,Federal Contract Tower,0,13,42,0,55,0,19,68,0,87,0,32,110,0,142,76,0,76,218
08/08/2007,MOD,CA,AWP,WE,Federal Contract Tower,0,12,36,0,48,0,17,120,0,137,0,29,156,0,185,86,0,86,271
08/09/2007,MOD,CA,AWP,WE,Federal Contract Tower,0,16,32,0,48,0,10,74,0,84,0,26,106,0,132,114,0,114,246
08/10/2007,MOD,CA,AWP,WE,Federal Contract Tower,0,14,31,0,45,0,26,92,0,118,0,40,123,0,163,120,0,120,283
08/11/2007,MOD,CA,AWP,WE,Federal Contract Tower,0,12,18,0,30,0,30,108,0,138,0,42,126,0,168,70,0,70,238
08/12/2007,MOD,CA,AWP,WE,Federal Contract Tower,0,14,7,0,21,0,18,73,0,91,0,32,80,0,112,48,0,48,160
08/13/2007,MOD,CA,AWP,WE,Federal Contract Tower,0,16,12,0,28,0,8,74,0,82,0,24,86,0,110,34,0,34,144
08/14/2007,MOD,CA,AWP,WE,Federal Contract Tower,0,17,24,2,43,0,10,78,0,88,0,27,102,2,131,104,0,104,235
08/15/2007,MOD,CA,AWP,WE,Federal Contract Tower,0,24,27,0,51,0,27,76,0,103,0,51,103,0,154,104,0,104,258
08/16/2007,MOD,CA,AWP,WE,Federal Contract Tower,0,21,20,2,43,0,26,105,0,131,0,47,125,2,174,86,0,86,260
08/17/2007,MOD,CA,AWP,WE,Federal Contract Tower,0,20,32,0,52,0,16,116,1,133,0,36,148,1,185,70,0,70,255
08/18/2007,MOD,CA,AWP,WE,Federal Contract Tower,0,9,13,0,22,0,14,107,0,121,0,23,120,0,143,98,0,98,241
08/19/2007,MOD,CA,AWP,WE,Federal Contract Tower,0,15,30,0,45,0,22,87,0,109,0,37,117,0,154,62,0,62,216
08/20/2007,MOD,CA,AWP,WE,Federal Contract Tower,0,17,22,2,41,0,17,81,0,98,0,34,103,2,139,34,0,34,173
08/21/2007,MOD,CA,AWP,WE,Federal Contract Tower,0,20,30,3,53,0,14,72,0,86,0,34,102,3,139,212,3,215,354
08/22/2007,MOD,CA,AWP,WE,Federal Contract Tower,0,20,48,0,68,0,39,92,0,131,0,59,140,0,199,104,0,104,303
08/23/2007,MOD,CA,AWP,WE,Federal Contract Tower,0,20,29,0,49,0,30,124,0,154,0,50,153,0,203,36,0,36,239
08/24/2007,MOD,CA,AWP,WE,Federal Contract Tower,0,18,39,0,57,0,33,106,0,139,0,51,145,0,196,77,0,77,273
08/25/2007,MOD,CA,AWP,WE,Federal Contract Tower,0,12,30,0,42,0,10,101,0,111,0,22,131,0,153,80,0,80,233
08/26/2007,MOD,CA,AWP,WE,Federal Contract Tower,0,11,36,0,47,0,6,73,0,79,0,17,109,0,126,120,0,120,246
08/27/2007,MOD,CA,AWP,WE,Federal Contract Tower,0,16,47,0,63,0,5,69,0,74,0,21,116,0,137,80,0,80,217
08/28/2007,MOD,CA,AWP,WE,Federal Contract Tower,0,19,37,0,56,0,14,81,0,95,0,33,118,0,151,106,0,106,257
08/29/2007,MOD,CA,AWP,WE,Federal Contract Tower,0,21,36,0,57,0,14,115,0,129,0,35,151,0,186,72,0,72,258
08/30/2007,MOD,CA,AWP,WE,Federal Contract Tower,0,22,52,0,74,0,18,81,0,99,0,40,133,0,173,77,0,77,250
08/31/2007,MOD,CA,AWP,WE,Federal Contract Tower,0,21,45,0,66,0,15,91,0,106,0,36,136,0,172,58,0,58,230
09/01/2007,MOD,CA,AWP,WE,Federal Contract Tower,0,11,18,0,29,0,25,94,0,119,0,36,112,0,148,136,0,136,284
09/02/2007,MOD,CA,AWP,WE,Federal Contract Tower,0,9,10,0,19,0,8,87,0,95,0,17,97,0,114,94,0,94,208
09/03/2007,MOD,CA,AWP,WE,Federal Contract Tower,0,15,8,0,23,0,17,107,0,124,0,32,115,0,147,54,0,54,201
09/04/2007,MOD,CA,AWP,WE,Federal Contract Tower,0,14,32,0,46,0,19,73,0,92,0,33,105,0,138,104,0,104,242
09/05/2007,MOD,CA,AWP,WE,Federal Contract Tower,0,25,64,0,89,0,10,86,0,96,0,35,150,0,185,82,0,82,267
09/06/2007,MOD,CA,AWP,WE,Federal Contract Tower,0,23,40,0,63,0,24,66,0,90,0,47,106,0,153,50,0,50,203
09/07/2007,MOD,CA,AWP,WE,Federal Contract Tower,0,18,49,0,67,0,34,69,0,103,0,52,118,0,170,86,0,86,256
09/08/2007,MOD,CA,AWP,WE,Federal Contract Tower,0,16,45,0,61,0,14,98,0,112,0,30,143,0,173,87,0,87,260
09/09/2007,MOD,CA,AWP,WE,Federal Contract Tower,0,13,33,0,46,0,15,86,0,101,0,28,119,0,147,34,0,34,181
09/10/2007,MOD,CA,AWP,WE,Federal Contract Tower,0,32,62,1,95,0,23,52,1,76,0,55,114,2,171,114,0,114,285
09/11/2007,MOD,CA,AWP,WE,Federal Contract Tower,0,16,43,0,59,0,10,93,0,103,0,26,136,0,162,74,0,74,236
09/12/2007,MOD,CA,AWP,WE,Federal Contract Tower,0,11,35,0,46,0,13,72,0,85,0,24,107,0,131,68,0,68,199
09/13/2007,MOD,CA,AWP,WE,Federal Contract Tower,0,16,45,0,61,0,11,88,2,101,0,27,133,2,162,124,0,124,286
09/14/2007,MOD,CA,AWP,WE,Federal Contract Tower,0,19,56,0,75,0,21,151,0,172,0,40,207,0,247,22,0,22,269
09/15/2007,MOD,CA,AWP,WE,Federal Contract Tower,0,8,24,0,32,0,9,81,0,90,0,17,105,0,122,58,0,58,180
09/16/2007,MOD,CA,AWP,WE,Federal Contract Tower,0,7,48,0,55,0,6,76,0,82,0,13,124,0,137,52,0,52,189
09/17/2007,MOD,CA,AWP,WE,Federal Contract Tower,0,15,44,0,59,0,17,65,0,82,0,32,109,0,141,56,0,56,197
09/18/2007,MOD,CA,AWP,WE,Federal Contract Tower,0,16,58,2,76,0,22,69,0,91,0,38,127,2,167,86,0,86,253
09/19/2007,MOD,CA,AWP,WE,Federal Contract Tower,0,21,30,0,51,0,10,77,2,89,0,31,107,2,140,86,0,86,226
09/20/2007,MOD,CA,AWP,WE,Federal Contract Tower,0,17,57,0,74,0,21,101,0,122,0,38,158,0,196,128,0,128,324
09/21/2007,MOD,CA,AWP,WE,Federal Contract Tower,0,40,69,2,111,0,14,91,0,105,0,54,160,2,216,108,0,108,324
09/22/2007,MOD,CA,AWP,WE,Federal Contract Tower,0,16,36,0,52,0,20,38,0,58,0,36,74,0,110,46,0,46,156
09/23/2007,MOD,CA,AWP,WE,Federal Contract Tower,0,13,46,0,59,0,14,58,0,72,0,27,104,0,131,34,0,34,165
09/24/2007,MOD,CA,AWP,WE,Federal Contract Tower,0,17,55,0,72,0,6,56,0,62,0,23,111,0,134,48,0,48,182
09/25/2007,MOD,CA,AWP,WE,Federal Contract Tower,0,14,44,0,58,0,27,70,0,97,0,41,114,0,155,88,0,88,243
09/26/2007,MOD,CA,AWP,WE,Federal Contract Tower,0,18,36,2,56,0,25,91,0,116,0,43,127,2,172,114,0,114,286
09/27/2007,MOD,CA,AWP,WE,Federal Contract Tower,0,18,58,0,76,0,35,78,0,113,0,53,136,0,189,128,0,128,317
09/28/2007,MOD,CA,AWP,WE,Federal Contract Tower,0,33,71,0,104,0,44,54,2,100,0,77,125,2,204,30,28,58,262
09/29/2007,MOD,CA,AWP,WE,Federal Contract Tower,0,12,52,0,64,0,22,91,0,113,0,34,143,0,177,66,0,66,243
09/30/2007,MOD,CA,AWP,WE,Federal Contract Tower,0,19,25,0,44,0,17,75,0,92,0,36,100,0,136,86,0,86,222
10/01/2007,MOD,CA,AWP,WE,Federal Contract Tower,0,17,70,0,87,0,4,62,0,66,0,21,132,0,153,47,0,47,200
10/02/2007,MOD,CA,AWP,WE,Federal Contract Tower,0,13,35,0,48,0,18,103,0,121,0,31,138,0,169,90,0,90,259
10/03/2007,MOD,CA,AWP,WE,Federal Contract Tower,0,18,98,0,116,0,21,112,0,133,0,39,210,0,249,152,0,152,401
10/04/2007,MOD,CA,AWP,WE,Federal Contract Tower,0,23,54,0,77,0,24,100,0,124,0,47,154,0,201,46,0,46,247
10/05/2007,MOD,CA,AWP,WE,Federal Contract Tower,0,26,33,0,59,0,12,63,0,75,0,38,96,0,134,66,0,66,200
10/06/2007,MOD,CA,AWP,WE,Federal Contract Tower,0,16,45,0,61,0,21,106,2,129,0,37,151,2,190,54,0,54,244
10/07/2007,MOD,CA,AWP,WE,Federal Contract Tower,0,10,18,0,28,0,7,76,0,83,0,17,94,0,111,50,0,50,161
10/08/2007,MOD,CA,AWP,WE,Federal Contract Tower,0,16,19,0,35,0,21,82,0,103,0,37,101,0,138,34,0,34,172
10/09/2007,MOD,CA,AWP,WE,Federal Contract Tower,0,15,23,0,38,0,9,93,0,102,0,24,116,0,140,204,0,204,344
10/10/2007,MOD,CA,AWP,WE,Federal Contract Tower,0,30,76,2,108,0,13,99,0,112,0,43,175,2,220,134,0,134,354
10/11/2007,MOD,CA,AWP,WE,Federal Contract Tower,0,22,65,0,87,0,20,93,4,117,0,42,158,4,204,190,0,190,394
10/12/2007,MOD,CA,AWP,WE,Federal Contract Tower,0,15,28,0,43,0,9,26,0,35,0,24,54,0,78,16,0,16,94
10/13/2007,MOD,CA,AWP,WE,Federal Contract Tower,0,17,75,0,92,0,16,80,0,96,0,33,155,0,188,89,0,89,277
10/14/2007,MOD,CA,AWP,WE,Federal Contract Tower,0,13,53,0,66,0,12,104,0,116,0,25,157,0,182,86,0,86,268
10/15/2007,MOD,CA,AWP,WE,Federal Contract Tower,0,15,61,0,76,0,16,41,0,57,0,31,102,0,133,24,0,24,157
10/16/2007,MOD,CA,AWP,WE,Federal Contract Tower,0,17,60,0,77,0,25,67,0,92,0,42,127,0,169,124,0,124,293
10/17/2007,MOD,CA,AWP,WE,Federal Contract Tower,0,21,86,0,107,0,20,64,0,84,0,41,150,0,191,30,0,30,221
10/18/2007,MOD,CA,AWP,WE,Federal Contract Tower,0,22,62,0,84,0,12,87,0,99,0,34,149,0,183,134,0,134,317
10/19/2007,MOD,CA,AWP,WE,Federal Contract Tower,0,21,64,0,85,0,24,107,0,131,0,45,171,0,216,104,0,104,320
10/20/2007,MOD,CA,AWP,WE,Federal Contract Tower,0,16,49,0,65,0,24,109,0,133,0,40,158,0,198,72,0,72,270
10/21/2007,MOD,CA,AWP,WE,Federal Contract Tower,0,21,63,0,84,0,25,79,0,104,0,46,142,0,188,28,0,28,216
10/22/2007,MOD,CA,AWP,WE,Federal Contract Tower,0,14,47,0,61,0,9,79,0,88,0,23,126,0,149,20,0,20,169
10/23/2007,MOD,CA,AWP,WE,Federal Contract Tower,0,18,37,4,59,0,6,100,0,106,0,24,137,4,165,112,0,112,277
10/24/2007,MOD,CA,AWP,WE,Federal Contract Tower,0,15,45,2,62,0,7,123,0,130,0,22,168,2,192,154,0,154,346
10/25/2007,MOD,CA,AWP,WE,Federal Contract Tower,0,20,42,0,62,0,23,102,2,127,0,43,144,2,189,114,0,114,303
10/26/2007,MOD,CA,AWP,WE,Federal Contract Tower,0,19,52,0,71,0,20,101,2,123,0,39,153,2,194,60,0,60,254
10/27/2007,MOD,CA,AWP,WE,Federal Contract Tower,0,16,62,0,78,0,15,98,0,113,0,31,160,0,191,84,0,84,275
10/28/2007,MOD,CA,AWP,WE,Federal Contract Tower,0,14,33,0,47,0,25,85,0,110,0,39,118,0,157,22,0,22,179
10/29/2007,MOD,CA,AWP,WE,Federal Contract Tower,0,11,36,0,47,0,3,66,0,69,0,14,102,0,116,44,0,44,160
10/30/2007,MOD,CA,AWP,WE,Federal Contract Tower,0,25,66,2,93,0,8,86,2,96,0,33,152,4,189,82,0,82,271
10/31/2007,MOD,CA,AWP,WE,Federal Contract Tower,0,21,76,0,97,0,4,36,0,40,0,25,112,0,137,51,0,51,188
11/01/2007,MOD,CA,AWP,WE,Federal Contract Tower,0,19,57,0,76,0,17,41,0,58,0,36,98,0,134,54,0,54,188
11/02/2007,MOD,CA,AWP,WE,Federal Contract Tower,0,17,70,0,87,0,28,100,0,128,0,45,170,0,215,80,0,80,295
11/03/2007,MOD,CA,AWP,WE,Federal Contract Tower,0,16,37,0,53,0,19,90,0,109,0,35,127,0,162,30,0,30,192
11/04/2007,MOD,CA,AWP,WE,Federal Contract Tower,0,12,24,0,36,0,14,83,0,97,0,26,107,0,133,72,0,72,205
11/05/2007,MOD,CA,AWP,WE,Federal Contract Tower,0,15,36,0,51,0,12,111,0,123,0,27,147,0,174,56,0,56,230
11/06/2007,MOD,CA,AWP,WE,Federal Contract Tower,0,13,40,0,53,0,5,66,0,71,0,18,106,0,124,60,0,60,184
11/07/2007,MOD,CA,AWP,WE,Federal Contract Tower,0,14,51,0,65,0,0,92,0,92,0,14,143,0,157,64,0,64,221
11/08/2007,MOD,CA,AWP,WE,Federal Contract Tower,0,32,47,0,79,0,0,32,0,32,0,32,79,0,111,86,0,86,197
11/09/2007,MOD,CA,AWP,WE,Federal Contract Tower,0,27,65,0,92,0,6,56,0,62,0,33,121,0,154,48,0,48,202
11/10/2007,MOD,CA,AWP,WE,Federal Contract Tower,0,10,24,0,34,0,2,63,0,65,0,12,87,0,99,30,0,30,129
11/11/2007,MOD,CA,AWP,WE,Federal Contract Tower,0,14,25,0,39,0,8,41,0,49,0,22,66,0,88,46,0,46,134
11/12/2007,MOD,CA,AWP,WE,Federal Contract Tower,0,15,56,0,71,0,8,70,0,78,0,23,126,0,149,84,0,84,233
11/13/2007,MOD,CA,AWP,WE,Federal Contract Tower,0,18,56,0,74,0,5,62,0,67,0,23,118,0,141,100,0,100,241
11/14/2007,MOD,CA,AWP,WE,Federal Contract Tower,0,19,33,0,52,0,8,88,0,96,0,27,121,0,148,96,0,96,244
11/15/2007,MOD,CA,AWP,WE,Federal Contract Tower,0,19,46,0,65,0,2,55,0,57,0,21,101,0,122,52,0,52,174
11/16/2007,MOD,CA,AWP,WE,Federal Contract Tower,0,28,37,0,65,0,14,105,0,119,0,42,142,0,184,100,0,100,284
11/17/2007,MOD,CA,AWP,WE,Federal Contract Tower,0,27,50,0,77,0,12,72,1,85,0,39,122,1,162,82,0,82,244
11/18/2007,MOD,CA,AWP,WE,Federal Contract Tower,0,11,40,1,52,0,26,72,0,98,0,37,112,1,150,112,0,112,262
11/19/2007,MOD,CA,AWP,WE,Federal Contract Tower,0,12,68,0,80,0,10,75,0,85,0,22,143,0,165,104,0,104,269
11/20/2007,MOD,CA,AWP,WE,Federal Contract Tower,0,19,47,0,66,0,10,71,0,81,0,29,118,0,147,68,0,68,215
11/21/2007,MOD,CA,AWP,WE,Federal Contract Tower,0,16,28,0,44,0,11,99,0,110,0,27,127,0,154,128,0,128,282
11/22/2007,MOD,CA,AWP,WE,Federal Contract Tower,0,12,13,0,25,0,17,46,0,63,0,29,59,0,88,34,0,34,122
11/23/2007,MOD,CA,AWP,WE,Federal Contract Tower,0,18,58,0,76,0,8,75,0,83,0,26,133,0,159,54,0,54,213
11/24/2007,MOD,CA,AWP,WE,Federal Contract Tower,0,15,14,0,29,0,16,82,3,101,0,31,96,3,130,22,0,22,152
11/25/2007,MOD,CA,AWP,WE,Federal Contract Tower,0,19,42,0,61,0,7,59,0,66,0,26,101,0,127,60,0,60,187
11/26/2007,MOD,CA,AWP,WE,Federal Contract Tower,0,14,35,0,49,0,8,33,0,41,0,22,68,0,90,42,0,42,132
11/27/2007,MOD,CA,AWP,WE,Federal Contract Tower,0,16,18,0,34,0,7,60,0,67,0,23,78,0,101,124,0,124,225
11/28/2007,MOD,CA,AWP,WE,Federal Contract Tower,0,21,51,2,74,0,8,95,0,103,0,29,146,2,177,124,0,124,301
11/29/2007,MOD,CA,AWP,WE,Federal Contract Tower,0,30,49,0,79,0,2,63,0,65,0,32,112,0,144,92,0,92,236
11/30/2007,MOD,CA,AWP,WE,Federal Contract Tower,0,32,61,0,93,0,0,90,0,90,0,32,151,0,183,74,0,74,257
12/01/2007,MOD,CA,AWP,WE,Federal Contract Tower,0,27,53,0,80,0,4,69,0,73,0,31,122,0,153,48,0,48,201
12/02/2007,MOD,CA,AWP,WE,Federal Contract Tower,0,14,33,0,47,0,5,51,0,56,0,19,84,0,103,46,0,46,149
12/03/2007,MOD,CA,AWP,WE,Federal Contract Tower,0,15,50,0,65,0,5,93,0,98,0,20,143,0,163,64,0,64,227
12/04/2007,MOD,CA,AWP,WE,Federal Contract Tower,0,21,47,0,68,0,3,47,0,50,0,24,94,0,118,86,0,86,204
12/05/2007,MOD,CA,AWP,WE,Federal Contract Tower,0,21,52,2,75,0,0,72,3,75,0,21,124,5,150,205,10,215,365
12/06/2007,MOD,CA,AWP,WE,Federal Contract Tower,0,24,58,0,82,0,0,2,0,2,0,24,60,0,84,2,0,2,86
12/07/2007,MOD,CA,AWP,WE,Federal Contract Tower,0,24,22,0,46,0,10,58,0,68,0,34,80,0,114,88,0,88,202
12/08/2007,MOD,CA,AWP,WE,Federal Contract Tower,0,14,36,0,50,0,15,92,0,107,0,29,128,0,157,112,0,112,269
12/09/2007,MOD,CA,AWP,WE,Federal Contract Tower,0,15,33,0,48,0,11,83,0,94,0,26,116,0,142,124,0,124,266
12/10/2007,MOD,CA,AWP,WE,Federal Contract Tower,0,17,44,0,61,0,8,47,0,55,0,25,91,0,116,58,0,58,174
12/11/2007,MOD,CA,AWP,WE,Federal Contract Tower,0,22,25,0,47,0,2,123,0,125,0,24,148,0,172,68,0,68,240
12/12/2007,MOD,CA,AWP,WE,Federal Contract Tower,0,20,28,0,48,0,8,91,0,99,0,28,119,0,147,118,0,118,265
12/13/2007,MOD,CA,AWP,WE,Federal Contract Tower,0,19,25,0,44,0,5,114,0,119,0,24,139,0,163,100,0,100,263
12/14/2007,MOD,CA,AWP,WE,Federal Contract Tower,0,24,39,0,63,0,5,106,0,111,0,29,145,0,174,140,0,140,314
12/15/2007,MOD,CA,AWP,WE,Federal Contract Tower,0,21,48,0,69,0,14,71,0,85,0,35,119,0,154,68,0,68,222
12/16/2007,MOD,CA,AWP,WE,Federal Contract Tower,0,13,37,0,50,0,7,12,0,19,0,20,49,0,69,68,0,68,137
12/17/2007,MOD,CA,AWP,WE,Federal Contract Tower,0,16,39,0,55,0,2,15,0,17,0,18,54,0,72,8,0,8,80
12/18/2007,MOD,CA,AWP,WE,Federal Contract Tower,0,14,17,4,35,0,6,5,2,13,0,20,22,6,48,0,0,0,48
12/19/2007,MOD,CA,AWP,WE,Federal Contract Tower,0,22,18,4,44,0,2,79,0,81,0,24,97,4,125,52,0,52,177
12/20/2007,MOD,CA,AWP,WE,Federal Contract Tower,0,24,22,0,46,0,9,46,0,55,0,33,68,0,101,0,0,0,101
12/21/2007,MOD,CA,AWP,WE,Federal Contract Tower,0,23,32,0,55,0,17,79,1,97,0,40,111,1,152,122,0,122,274
12/22/2007,MOD,CA,AWP,WE,Federal Contract Tower,0,11,11,0,22,0,23,99,0,122,0,34,110,0,144,60,0,60,204
12/23/2007,MOD,CA,AWP,WE,Federal Contract Tower,0,23,20,0,43,0,0,56,0,56,0,23,76,0,99,20,0,20,119
12/24/2007,MOD,CA,AWP,WE,Federal Contract Tower,0,13,24,0,37,0,5,11,0,16,0,18,35,0,53,0,0,0,53
12/25/2007,MOD,CA,AWP,WE,Federal Contract Tower,0,15,3,0,18,0,8,33,0,41,0,23,36,0,59,12,0,12,71
12/26/2007,MOD,CA,AWP,WE,Federal Contract Tower,0,17,14,0,31,0,4,43,0,47,0,21,57,0,78,6,0,6,84
12/27/2007,MOD,CA,AWP,WE,Federal Contract Tower,0,29,21,2,52,0,18,97,0,115,0,47,118,2,167,76,0,76,243
12/28/2007,MOD,CA,AWP,WE,Federal Contract Tower,0,23,10,0,33,0,4,42,0,46,0,27,52,0,79,28,0,28,107
12/29/2007,MOD,CA,AWP,WE,Federal Contract Tower,0,11,20,0,31,0,18,25,0,43,0,29,45,0,74,20,0,20,94
12/30/2007,MOD,CA,AWP,WE,Federal Contract Tower,0,19,41,0,60,0,8,12,0,20,0,27,53,0,80,24,0,24,104
12/31/2007,MOD,CA,AWP,WE,Federal Contract Tower,0,11,14,0,25,0,8,86,0,94,0,19,100,0,119,90,0,90,209
01/01/2008,MOD,CA,AWP,WE,Federal Contract Tower,0,10,2,0,12,0,2,19,0,21,0,12,21,0,33,6,0,6,39
01/02/2008,MOD,CA,AWP,WE,Federal Contract Tower,0,16,33,0,49,0,5,42,0,47,0,21,75,0,96,40,0,40,136
01/03/2008,MOD,CA,AWP,WE,Federal Contract Tower,0,19,7,0,26,0,9,33,0,42,0,28,40,0,68,14,0,14,82
01/04/2008,MOD,CA,AWP,WE,Federal Contract Tower,0,12,3,0,15,0,0,0,0,0,0,12,3,0,15,0,0,0,15
01/05/2008,MOD,CA,AWP,WE,Federal Contract Tower,0,16,18,0,34,0,13,7,0,20,0,29,25,0,54,0,0,0,54
01/06/2008,MOD,CA,AWP,WE,Federal Contract Tower,0,14,9,0,23,0,12,38,0,50,0,26,47,0,73,38,0,38,111
01/07/2008,MOD,CA,AWP,WE,Federal Contract Tower,0,16,22,0,38,0,2,37,0,39,0,18,59,0,77,40,0,40,117
01/08/2008,MOD,CA,AWP,WE,Federal Contract Tower,0,20,18,0,38,0,1,12,0,13,0,21,30,0,51,26,0,26,77
01/09/2008,MOD,CA,AWP,WE,Federal Contract Tower,0,18,47,0,65,0,0,0,0,0,0,18,47,0,65,0,0,0,65
01/10/2008,MOD,CA,AWP,WE,Federal Contract Tower,0,29,61,0,90,0,2,9,0,11,0,31,70,0,101,24,0,24,125
01/11/2008,MOD,CA,AWP,WE,Federal Contract Tower,0,23,56,0,79,0,0,0,0,0,0,23,56,0,79,0,0,0,79
01/12/2008,MOD,CA,AWP,WE,Federal Contract Tower,0,15,28,0,43,0,9,55,0,64,0,24,83,0,107,104,0,104,211
01/13/2008,MOD,CA,AWP,WE,Federal Contract Tower,0,17,10,0,27,0,20,43,0,63,0,37,53,0,90,124,0,124,214
01/14/2008,MOD,CA,AWP,WE,Federal Contract Tower,0,16,22,4,42,0,7,48,0,55,0,23,70,4,97,76,0,76,173
01/15/2008,MOD,CA,AWP,WE,Federal Contract Tower,0,21,24,0,45,0,10,23,0,33,0,31,47,0,78,4,0,4,82
01/16/2008,MOD,CA,AWP,WE,Federal Contract Tower,0,28,29,0,57,0,0,76,0,76,0,28,105,0,133,62,0,62,195
01/17/2008,MOD,CA,AWP,WE,Federal Contract Tower,0,17,14,0,31,0,16,80,0,96,0,33,94,0,127,64,0,64,191
01/18/2008,MOD,CA,AWP,WE,Federal Contract Tower,0,22,31,0,53,0,10,80,0,90,0,32,111,0,143,56,0,56,199
01/19/2008,MOD,CA,AWP,WE,Federal Contract Tower,0,15,45,0,60,0,3,53,0,56,0,18,98,0,116,56,0,56,172
01/20/2008,MOD,CA,AWP,WE,Federal Contract Tower,0,14,12,0,26,0,2,53,0,55,0,16,65,0,81,58,0,58,139
01/21/2008,MOD,CA,AWP,WE,Federal Contract Tower,0,11,20,0,31,0,9,32,0,41,0,20,52,0,72,76,0,76,148
01/22/2008,MOD,CA,AWP,WE,Federal Contract Tower,0,23,31,0,54,0,3,6,0,9,0,26,37,0,63,14,0,14,77
01/23/2008,MOD,CA,AWP,WE,Federal Contract Tower,0,22,27,0,49,0,0,0,0,0,0,22,27,0,49,0,0,0,49
01/24/2008,MOD,CA,AWP,WE,Federal Contract Tower,0,25,21,0,46,0,1,12,0,13,0,26,33,0,59,0,0,0,59
01/25/2008,MOD,CA,AWP,WE,Federal Contract Tower,0,12,14,0,26,0,5,7,0,12,0,17,21,0,38,0,0,0,38
01/26/2008,MOD,CA,AWP,WE,Federal Contract Tower,0,13,16,0,29,0,9,63,0,72,0,22,79,0,101,20,0,20,121
01/27/2008,MOD,CA,AWP,WE,Federal Contract Tower,0,11,5,0,16,0,8,22,0,30,0,19,27,0,46,22,0,22,68
01/28/2008,MOD,CA,AWP,WE,Federal Contract Tower,0,15,57,0,72,0,9,49,0,58,0,24,106,0,130,54,0,54,184
01/29/2008,MOD,CA,AWP,WE,Federal Contract Tower,0,17,17,0,34,0,4,49,0,53,0,21,66,0,87,38,0,38,125
01/30/2008,MOD,CA,AWP,WE,Federal Contract Tower,0,23,30,2,55,0,7,98,0,105,0,30,128,2,160,40,0,40,200
01/31/2008,MOD,CA,AWP,WE,Federal Contract Tower,0,18,59,0,77,0,4,45,0,49,0,22,104,0,126,112,0,112,238
02/01/2008,MOD,CA,AWP,WE,Federal Contract Tower,0,25,62,0,87,0,10,58,0,68,0,35,120,0,155,68,0,68,223
02/02/2008,MOD,CA,AWP,WE,Federal Contract Tower,0,14,25,0,39,0,14,23,0,37,0,28,48,0,76,44,0,44,120
02/03/2008,MOD,CA,AWP,WE,Federal Contract Tower,0,12,11,0,23,0,5,39,0,44,0,17,50,0,67,6,0,6,73
02/04/2008,MOD,CA,AWP,WE,Federal Contract Tower,0,24,34,0,58,0,0,55,0,55,0,24,89,0,113,40,0,40,153
02/05/2008,MOD,CA,AWP,WE,Federal Contract Tower,0,18,52,0,70,0,7,49,0,56,0,25,101,0,126,84,0,84,210
02/06/2008,MOD,CA,AWP,WE,Federal Contract Tower,0,27,37,1,65,0,2,76,1,79,0,29,113,2,144,56,0,56,200
02/07/2008,MOD,CA,AWP,WE,Federal Contract Tower,0,27,40,0,67,0,4,83,0,87,0,31,123,0,154,36,0,36,190
02/08/2008,MOD,CA,AWP,WE,Federal Contract Tower,0,19,57,0,76,0,29,60,0,89,0,48,117,0,165,86,0,86,251
02/09/2008,MOD,CA,AWP,WE,Federal Contract Tower,0,17,52,0,69,0,14,102,0,116,0,31,154,0,185,180,0,180,365
02/10/2008,MOD,CA,AWP,WE,Federal Contract Tower,0,18,38,0,56,0,5,75,0,80,0,23,113,0,136,140,0,140,276
02/11/2008,MOD,CA,AWP,WE,Federal Contract Tower,0,18,33,0,51,0,10,40,0,50,0,28,73,0,101,58,0,58,159
02/12/2008,MOD,CA,AWP,WE,Federal Contract Tower,0,21,26,0,47,0,7,47,0,54,0,28,73,0,101,42,0,42,143
02/13/2008,MOD,CA,AWP,WE,Federal Contract Tower,0,21,30,0,51,0,2,34,0,36,0,23,64,0,87,19,0,19,106
02/14/2008,MOD,CA,AWP,WE,Federal Contract Tower,0,25,38,0,63,0,7,53,0,60,0,32,91,0,123,80,0,80,203
02/15/2008,MOD,CA,AWP,WE,Federal Contract Tower,0,22,55,0,77,0,6,101,0,107,0,28,156,0,184,100,0,100,284
02/16/2008,MOD,CA,AWP,WE,Federal Contract Tower,0,13,53,0,66,0,15,83,0,98,0,28,136,0,164,64,0,64,228
02/17/2008,MOD,CA,AWP,WE,Federal Contract Tower,0,15,31,0,46,0,14,87,0,101,0,29,118,0,147,90,0,90,237
02/18/2008,MOD,CA,AWP,WE,Federal Contract Tower,0,22,29,0,51,0,4,72,0,76,0,26,101,0,127,128,0,128,255
02/19/2008,MOD,CA,AWP,WE,Federal Contract Tower,0,20,36,0,56,0,1,35,0,36,0,21,71,0,92,36,0,36,128
02/20/2008,MOD,CA,AWP,WE,Federal Contract Tower,0,19,49,0,68,0,4,59,0,63,0,23,108,0,131,112,0,112,243
02/21/2008,MOD,CA,AWP,WE,Federal Contract Tower,0,28,29,0,57,0,6,23,0,29,0,34,52,0,86,26,0,26,112
02/22/2008,MOD,CA,AWP,WE,Federal Contract Tower,0,29,59,0,88,0,6,19,0,25,0,35,78,0,113,34,0,34,147
02/23/2008,MOD,CA,AWP,WE,Federal Contract Tower,0,16,8,0,24,0,0,7,0,7,0,16,15,0,31,6,0,6,37
02/24/2008,MOD,CA,AWP,WE,Federal Contract Tower,0,11,14,0,25,0,6,2,0,8,0,17,16,0,33,0,0,0,33
02/25/2008,MOD,CA,AWP,WE,Federal Contract Tower,0,14,54,0,68,0,2,39,1,42,0,16,93,1,110,34,2,36,146
02/26/2008,MOD,CA,AWP,WE,Federal Contract Tower,0,22,33,0,55,0,5,81,0,86,0,27,114,0,141,54,0,54,195
02/27/2008,MOD,CA,AWP,WE,Federal Contract Tower,0,30,46,0,76,0,3,92,0,95,0,33,138,0,171,108,0,108,279
02/28/2008,MOD,CA,AWP,WE,Federal Contract Tower,0,32,55,0,87,0,9,103,0,112,0,41,158,0,199,152,0,152,351
02/29/2008,MOD,CA,AWP,WE,Federal Contract Tower,0,22,21,0,43,0,12,81,0,93,0,34,102,0,136,98,0,98,234
03/01/2008,MOD,CA,AWP,WE,Federal Contract Tower,0,16,24,0,40,0,5,55,0,60,0,21,79,0,100,48,0,48,148
03/02/2008,MOD,CA,AWP,WE,Federal Contract Tower,0,15,22,0,37,0,24,90,0,114,0,39,112,0,151,58,0,58,209
03/03/2008,MOD,CA,AWP,WE,Federal Contract Tower,0,15,26,0,41,0,8,59,0,67,0,23,85,0,108,34,0,34,142
03/04/2008,MOD,CA,AWP,WE,Federal Contract Tower,0,18,42,0,60,0,4,82,0,86,0,22,124,0,146,18,0,18,164
03/05/2008,MOD,CA,AWP,WE,Federal Contract Tower,0,22,32,2,56,0,5,71,0,76,0,27,103,2,132,98,0,98,230
03/06/2008,MOD,CA,AWP,WE,Federal Contract Tower,0,29,23,0,52,0,15,71,0,86,0,44,94,0,138,76,0,76,214
03/07/2008,MOD,CA,AWP,WE,Federal Contract Tower,0,28,38,0,66,0,13,89,0,102,0,41,127,0,168,82,0,82,250
03/08/2008,MOD,CA,AWP,WE,Federal Contract Tower,0,14,36,0,50,0,12,84,0,96,0,26,120,0,146,50,0,50,196
03/09/2008,MOD,CA,AWP,WE,Federal Contract Tower,0,20,48,0,68,0,18,85,0,103,0,38,133,0,171,92,0,92,263
03/10/2008,MOD,CA,AWP,WE,Federal Contract Tower,0,16,43,0,59,0,8,42,0,50,0,24,85,0,109,64,0,64,173
03/11/2008,MOD,CA,AWP,WE,Federal Contract Tower,0,15,31,0,46,0,12,75,0,87,0,27,106,0,133,50,0,50,183
03/12/2008,MOD,CA,AWP,WE,Federal Contract Tower,0,19,48,0,67,0,8,67,0,75,0,27,115,0,142,47,0,47,189
03/13/2008,MOD,CA,AWP,WE,Federal Contract Tower,0,28,40,0,68,0,6,47,4,57,0,34,87,4,125,56,0,56,181
03/14/2008,MOD,CA,AWP,WE,Federal Contract Tower,0,26,56,0,82,0,6,55,0,61,0,32,111,0,143,52,0,52,195
03/15/2008,MOD,CA,AWP,WE,Federal Contract Tower,0,14,30,0,44,0,11,51,0,62,0,25,81,0,106,24,0,24,130
03/16/2008,MOD,CA,AWP,WE,Federal Contract Tower,0,12,25,0,37,0,9,42,0,51,0,21,67,0,88,40,0,40,128
03/17/2008,MOD,CA,AWP,WE,Federal Contract Tower,0,13,40,0,53,0,6,40,0,46,0,19,80,0,99,72,0,72,171
03/18/2008,MOD,CA,AWP,WE,Federal Contract Tower,0,19,49,4,72,0,6,75,0,81,0,25,124,4,153,84,0,84,237
03/19/2008,MOD,CA,AWP,WE,Federal Contract Tower,0,19,54,0,73,0,4,55,0,59,0,23,109,0,132,52,0,52,184
03/20/2008,MOD,CA,AWP,WE,Federal Contract Tower,0,30,55,0,85,0,14,93,0,107,0,44,148,0,192,84,0,84,276
03/21/2008,MOD,CA,AWP,WE,Federal Contract Tower,0,35,56,0,91,0,2,104,0,106,0,37,160,0,197,116,0,116,313
03/22/2008,MOD,CA,AWP,WE,Federal Contract Tower,0,20,39,0,59,0,3,97,0,100,0,23,136,0,159,90,0,90,249
03/23/2008,MOD,CA,AWP,WE,Federal Contract Tower,0,16,19,0,35,0,8,101,0,109,0,24,120,0,144,54,0,54,198
03/24/2008,MOD,CA,AWP,WE,Federal Contract Tower,0,22,52,0,74,0,6,68,0,74,0,28,120,0,148,56,0,56,204
03/25/2008,MOD,CA,AWP,WE,Federal Contract Tower,0,17,60,0,77,0,6,80,0,86,0,23,140,0,163,70,0,70,233
03/26/2008,MOD,CA,AWP,WE,Federal Contract Tower,0,21,34,0,55,0,5,55,0,60,0,26,89,0,115,52,0,52,167
03/27/2008,MOD,CA,AWP,WE,Federal Contract Tower,0,29,36,0,65,0,11,72,0,83,0,40,108,0,148,52,0,52,200
03/28/2008,MOD,CA,AWP,WE,Federal Contract Tower,0,26,43,2,71,0,7,97,0,104,0,33,140,2,175,142,0,142,317
03/29/2008,MOD,CA,AWP,WE,Federal Contract Tower,0,25,14,0,39,0,5,53,0,58,0,30,67,0,97,84,0,84,181
03/30/2008,MOD,CA,AWP,WE,Federal Contract Tower,0,21,31,0,52,0,14,80,0,94,0,35,111,0,146,16,0,16,162
03/31/2008,MOD,CA,AWP,WE,Federal Contract Tower,0,16,33,0,49,0,8,82,0,90,0,24,115,0,139,44,0,44,183
04/01/2008,MOD,CA,AWP,WE,Federal Contract Tower,0,19,40,0,59,0,11,41,0,52,0,30,81,0,111,128,0,128,239
04/02/2008,MOD,CA,AWP,WE,Federal Contract Tower,0,17,32,0,49,0,17,71,2,90,0,34,103,2,139,44,0,44,183
04/03/2008,MOD,CA,AWP,WE,Federal Contract Tower,0,17,24,0,41,0,4,98,0,102,0,21,122,0,143,130,0,130,273
04/04/2008,MOD,CA,AWP,WE,Federal Contract Tower,0,21,26,0,47,0,10,79,0,89,0,31,105,0,136,142,0,142,278
04/05/2008,MOD,CA,AWP,WE,Federal Contract Tower,0,11,25,0,36,0,9,106,2,117,0,20,131,2,153,42,0,42,195
04/06/2008,MOD,CA,AWP,WE,Federal Contract Tower,0,16,21,0,37,0,6,67,0,73,0,22,88,0,110,48,0,48,158
04/07/2008,MOD,CA,AWP,WE,Federal Contract Tower,0,20,20,0,40,0,7,48,0,55,0,27,68,0,95,76,0,76,171
04/08/2008,MOD,CA,AWP,WE,Federal Contract Tower,0,17,36,0,53,0,9,54,0,63,0,26,90,0,116,112,0,112,228
04/09/2008,MOD,CA,AWP,WE,Federal Contract Tower,0,20,28,0,48,0,11,70,0,81,0,31,98,0,129,50,0,50,179
04/10/2008,MOD,CA,AWP,WE,Federal Contract Tower,0,19,35,0,54,0,15,87,0,102,0,34,122,0,156,82,0,82,238
04/11/2008,MOD,CA,AWP,WE,Federal Contract Tower,0,20,47,0,67,0,14,104,0,118,0,34,151,0,185,130,0,130,315
04/12/2008,MOD,CA,AWP,WE,Federal Contract Tower,0,14,47,0,61,0,20,141,0,161,0,34,188,0,222,128,0,128,350
04/13/2008,MOD,CA,AWP,WE,Federal Contract Tower,0,15,34,0,49,0,20,94,0,114,0,35,128,0,163,82,0,82,245
04/14/2008,MOD,CA,AWP,WE,Federal Contract Tower,0,22,16,0,38,0,9,57,0,66,0,31,73,0,104,14,0,14,118
04/15/2008,MOD,CA,AWP,WE,Federal Contract Tower,0,22,42,0,64,0,6,57,0,63,0,28,99,0,127,32,0,32,159
04/16/2008,MOD,CA,AWP,WE,Federal Contract Tower,0,18,36,0,54,0,3,65,0,68,0,21,101,0,122,20,0,20,142
04/17/2008,MOD,CA,AWP,WE,Federal Contract Tower,0,23,69,0,92,0,5,77,0,82,0,28,146,0,174,142,0,142,316
04/18/2008,MOD,CA,AWP,WE,Federal Contract Tower,0,23,44,0,67,0,12,56,0,68,0,35,100,0,135,66,0,66,201
04/19/2008,MOD,CA,AWP,WE,Federal Contract Tower,0,15,13,0,28,0,18,102,0,120,0,33,115,0,148,40,0,40,188
04/20/2008,MOD,CA,AWP,WE,Federal Contract Tower,0,19,15,0,34,0,20,83,0,103,0,39,98,0,137,44,0,44,181
04/21/2008,MOD,CA,AWP,WE,Federal Contract Tower,0,16,15,0,31,0,11,68,0,79,0,27,83,0,110,36,0,36,146
04/22/2008,MOD,CA,AWP,WE,Federal Contract Tower,0,16,23,2,41,0,16,91,0,107,0,32,114,2,148,62,13,75,223
04/23/2008,MOD,CA,AWP,WE,Federal Contract Tower,0,20,47,0,67,0,5,68,0,73,0,25,115,0,140,86,0,86,226
04/24/2008,MOD,CA,AWP,WE,Federal Contract Tower,0,20,58,0,78,0,10,73,0,83,0,30,131,0,161,70,0,70,231
04/25/2008,MOD,CA,AWP,WE,Federal Contract Tower,0,30,49,0,79,0,23,101,0,124,0,53,150,0,203,118,0,118,321
04/26/2008,MOD,CA,AWP,WE,Federal Contract Tower,0,19,57,0,76,0,16,82,5,103,0,35,139,5,179,58,0,58,237
04/27/2008,MOD,CA,AWP,WE,Federal Contract Tower,0,10,35,0,45,0,8,80,0,88,0,18,115,0,133,56,0,56,189
04/28/2008,MOD,CA,AWP,WE,Federal Contract Tower,0,17,27,0,44,0,17,62,0,79,0,34,89,0,123,62,0,62,185
04/29/2008,MOD,CA,AWP,WE,Federal Contract Tower,0,16,40,2,58,0,10,58,0,68,0,26,98,2,126,28,0,28,154
04/30/2008,MOD,CA,AWP,WE,Federal Contract Tower,0,23,27,0,50,0,17,59,0,76,0,40,86,0,126,34,0,34,160
05/01/2008,MOD,CA,AWP,WE,Federal Contract Tower,0,22,12,0,34,0,14,88,0,102,0,36,100,0,136,120,0,120,256
05/02/2008,MOD,CA,AWP,WE,Federal Contract Tower,0,21,34,0,55,0,7,105,0,112,0,28,139,0,167,134,0,134,301
05/03/2008,MOD,CA,AWP,WE,Federal Contract Tower,0,18,5,0,23,0,18,97,0,115,0,36,102,0,138,64,0,64,202
05/04/2008,MOD,CA,AWP,WE,Federal Contract Tower,0,10,11,0,21,0,19,104,0,123,0,29,115,0,144,46,0,46,190
05/05/2008,MOD,CA,AWP,WE,Federal Contract Tower,0,14,16,0,30,0,9,62,3,74,0,23,78,3,104,72,0,72,176
05/06/2008,MOD,CA,AWP,WE,Federal Contract Tower,0,13,13,0,26,0,15,80,0,95,0,28,93,0,121,60,0,60,181
05/07/2008,MOD,CA,AWP,WE,Federal Contract Tower,0,16,21,0,37,0,11,59,2,72,0,27,80,2,109,54,4,58,167
05/08/2008,MOD,CA,AWP,WE,Federal Contract Tower,0,23,34,0,57,0,21,98,0,119,0,44,132,0,176,134,0,134,310
05/09/2008,MOD,CA,AWP,WE,Federal Contract Tower,0,25,36,0,61,0,14,180,2,196,0,39,216,2,257,118,0,118,375
05/10/2008,MOD,CA,AWP,WE,Federal Contract Tower,0,10,11,0,21,0,23,207,2,232,0,33,218,2,253,228,4,232,485
05/11/2008,MOD,CA,AWP,WE,Federal Contract Tower,0,12,4,0,16,0,11,70,0,81,0,23,74,0,97,18,0,18,115
05/12/2008,MOD,CA,AWP,WE,Federal Contract Tower,0,19,29,0,48,0,5,39,2,46,0,24,68,2,94,6,0,6,100
05/13/2008,MOD,CA,AWP,WE,Federal Contract Tower,0,25,20,0,45,0,1,80,0,81,0,26,100,0,126,76,0,76,202
05/14/2008,MOD,CA,AWP,WE,Federal Contract Tower,0,20,23,0,43,0,17,60,0,77,0,37,83,0,120,94,0,94,214
05/15/2008,MOD,CA,AWP,WE,Federal Contract Tower,0,22,42,0,64,0,14,93,0,107,0,36,135,0,171,90,0,90,261
05/16/2008,MOD,CA,AWP,WE,Federal Contract Tower,0,28,13,0,41,0,53,114,0,167,0,81,127,0,208,34,0,34,242
05/17/2008,MOD,CA,AWP,WE,Federal Contract Tower,0,17,8,0,25,0,25,132,0,157,0,42,140,0,182,92,0,92,274
05/18/2008,MOD,CA,AWP,WE,Federal Contract Tower,0,15,40,0,55,0,28,130,0,158,0,43,170,0,213,42,12,54,267
05/19/2008,MOD,CA,AWP,WE,Federal Contract Tower,0,21,12,0,33,0,20,79,0,99,0,41,91,0,132,52,0,52,184
05/20/2008,MOD,CA,AWP,WE,Federal Contract Tower,0,17,18,0,35,0,30,66,0,96,0,47,84,0,131,56,0,56,187
05/21/2008,MOD,CA,AWP,WE,Federal Contract Tower,0,23,5,0,28,0,10,43,0,53,0,33,48,0,81,20,0,20,101
05/22/2008,MOD,CA,AWP,WE,Federal Contract Tower,0,17,12,0,29,0,16,33,0,49,0,33,45,0,78,0,0,0,78
05/23/2008,MOD,CA,AWP,WE,Federal Contract Tower,0,16,24,0,40,0,13,75,0,88,0,29,99,0,128,112,0,112,240
05/24/2008,MOD,CA,AWP,WE,Federal Contract Tower,0,16,8,0,24,0,24,30,0,54,0,40,38,0,78,72,0,72,150
05/25/2008,MOD,CA,AWP,WE,Federal Contract Tower,0,12,11,0,23,0,11,33,0,44,0,23,44,0,67,34,0,34,101
05/26/2008,MOD,CA,AWP,WE,Federal Contract Tower,0,11,7,0,18,0,17,80,0,97,0,28,87,0,115,90,0,90,205
05/27/2008,MOD,CA,AWP,WE,Federal Contract Tower,0,22,17,0,39,0,3,81,0,84,0,25,98,0,123,72,0,72,195
05/28/2008,MOD,CA,AWP,WE,Federal Contract Tower,0,17,18,0,35,0,16,98,0,114,0,33,116,0,149,70,0,70,219
05/29/2008,MOD,CA,AWP,WE,Federal Contract Tower,0,16,33,0,49,0,9,115,0,124,0,25,148,0,173,138,0,138,311
05/30/2008,MOD,CA,AWP,WE,Federal Contract Tower,0,21,21,2,44,0,4,87,0,91,0,25,108,2,135,86,0,86,221
05/31/2008,MOD,CA,AWP,WE,Federal Contract Tower,0,15,14,0,29,0,15,108,0,123,0,30,122,0,152,68,0,68,220
06/01/2008,MOD,CA,AWP,WE,Federal Contract Tower,0,12,8,0,20,0,11,78,0,89,0,23,86,0,109,24,0,24,133
06/02/2008,MOD,CA,AWP,WE,Federal Contract Tower,0,18,22,0,40,0,7,72,0,79,0,25,94,0,119,82,0,82,201
06/03/2008,MOD,CA,AWP,WE,Federal Contract Tower,0,24,15,0,39,0,22,70,0,92,0,46,85,0,131,28,0,28,159
06/04/2008,MOD,CA,AWP,WE,Federal Contract Tower,0,20,22,0,42,0,12,44,0,56,0,32,66,0,98,22,0,22,120
06/05/2008,MOD,CA,AWP,WE,Federal Contract Tower,0,21,51,0,72,0,7,107,0,114,0,28,158,0,186,70,0,70,256
06/06/2008,MOD,CA,AWP,WE,Federal Contract Tower,0,23,11,2,36,0,11,77,0,88,0,34,88,2,124,18,0,18,142
06/07/2008,MOD,CA,AWP,WE,Federal Contract Tower,0,11,15,0,26,0,15,52,0,67,0,26,67,0,93,28,0,28,121
06/08/2008,MOD,CA,AWP,WE,Federal Contract Tower,0,19,5,0,24,0,3,104,0,107,0,22,109,0,131,70,0,70,201
06/09/2008,MOD,CA,AWP,WE,Federal Contract Tower,0,12,27,0,39,0,14,67,0,81,0,26,94,0,120,112,0,112,232
06/10/2008,MOD,CA,AWP,WE,Federal Contract Tower,0,19,25,0,44,0,6,47,0,53,0,25,72,0,97,36,0,36,133
06/11/2008,MOD,CA,AWP,WE,Federal Contract Tower,0,24,25,0,49,0,15,44,2,61,0,39,69,2,110,48,0,48,158
06/12/2008,MOD,CA,AWP,WE,Federal Contract Tower,0,23,30,0,53,0,15,92,0,107,0,38,122,0,160,78,0,78,238
06/13/2008,MOD,CA,AWP,WE,Federal Contract Tower,0,24,39,0,63,0,9,94,0,103,0,33,133,0,166,58,0,58,224
06/14/2008,MOD,CA,AWP,WE,Federal Contract Tower,0,18,33,0,51,0,22,141,0,163,0,40,174,0,214,122,0,122,336
06/15/2008,MOD,CA,AWP,WE,Federal Contract Tower,0,15,18,0,33,0,15,105,0,120,0,30,123,0,153,26,0,26,179
06/16/2008,MOD,CA,AWP,WE,Federal Contract Tower,0,22,24,0,46,0,0,63,0,63,0,22,87,0,109,62,0,62,171
06/17/2008,MOD,CA,AWP,WE,Federal Contract Tower,0,22,12,0,34,0,7,68,0,75,0,29,80,0,109,72,0,72,181
06/18/2008,MOD,CA,AWP,WE,Federal Contract Tower,0,28,9,0,37,0,13,66,0,79,0,41,75,0,116,67,4,71,187
06/19/2008,MOD,CA,AWP,WE,Federal Contract Tower,0,24,37,0,61,0,10,104,0,114,0,34,141,0,175,86,0,86,261
06/20/2008,MOD,CA,AWP,WE,Federal Contract Tower,0,23,8,0,31,0,15,90,0,105,0,38,98,0,136,138,0,138,274
06/21/2008,MOD,CA,AWP,WE,Federal Contract Tower,0,12,3,0,15,0,6,87,1,94,0,18,90,1,109,58,0,58,167
06/22/2008,MOD,CA,AWP,WE,Federal Contract Tower,0,18,19,0,37,0,11,62,2,75,0,29,81,2,112,72,0,72,184
06/23/2008,MOD,CA,AWP,WE,Federal Contract Tower,0,19,7,0,26,0,2,52,0,54,0,21,59,0,80,62,0,62,142
06/24/2008,MOD,CA,AWP,WE,Federal Contract Tower,0,19,27,0,46,0,3,26,0,29,0,22,53,0,75,8,0,8,83
06/25/2008,MOD,CA,AWP,WE,Federal Contract Tower,0,21,27,0,48,0,1,55,0,56,0,22,82,0,104,82,0,82,186
06/26/2008,MOD,CA,AWP,WE,Federal Contract Tower,0,25,50,0,75,0,5,23,0,28,0,30,73,0,103,40,0,40,143
06/27/2008,MOD,CA,AWP,WE,Federal Contract Tower,0,22,55,0,77,0,2,9,0,11,0,24,64,0,88,48,0,48,136
06/28/2008,MOD,CA,AWP,WE,Federal Contract Tower,0,8,13,0,21,0,24,113,0,137,0,32,126,0,158,114,0,114,272
06/29/2008,MOD,CA,AWP,WE,Federal Contract Tower,0,9,16,0,25,0,18,78,0,96,0,27,94,0,121,46,0,46,167
06/30/2008,MOD,CA,AWP,WE,Federal Contract Tower,0,13,21,0,34,0,17,62,0,79,0,30,83,0,113,86,0,86,199
07/01/2008,MOD,CA,AWP,WE,Federal Contract Tower,0,10,34,2,46,0,9,73,0,82,0,19,107,2,128,56,0,56,184
07/02/2008,MOD,CA,AWP,WE,Federal Contract Tower,0,16,30,0,46,0,24,92,2,118,0,40,122,2,164,48,2,50,214
07/03/2008,MOD,CA,AWP,WE,Federal Contract Tower,0,20,12,2,34,0,8,77,0,85,0,28,89,2,119,68,6,74,193
07/04/2008,MOD,CA,AWP,WE,Federal Contract Tower,0,5,3,0,8,0,9,53,0,62,0,14,56,0,70,23,0,23,93
07/05/2008,MOD,CA,AWP,WE,Federal Contract Tower,0,6,8,0,14,0,26,58,0,84,0,32,66,0,98,54,0,54,152
07/06/2008,MOD,CA,AWP,WE,Federal Contract Tower,0,6,22,0,28,0,9,60,0,69,0,15,82,0,97,32,0,32,129
07/07/2008,MOD,CA,AWP,WE,Federal Contract Tower,0,12,27,0,39,0,4,58,0,62,0,16,85,0,101,58,0,58,159
07/08/2008,MOD,CA,AWP,WE,Federal Contract Tower,0,17,26,0,43,0,19,67,0,86,0,36,93,0,129,36,0,36,165
07/09/2008,MOD,CA,AWP,WE,Federal Contract Tower,0,17,9,0,26,0,6,43,0,49,0,23,52,0,75,34,0,34,109
07/10/2008,MOD,CA,AWP,WE,Federal Contract Tower,0,17,27,0,44,0,7,39,0,46,0,24,66,0,90,78,0,78,168
07/11/2008,MOD,CA,AWP,WE,Federal Contract Tower,0,20,33,0,53,0,1,70,0,71,0,21,103,0,124,68,0,68,192
07/12/2008,MOD,CA,AWP,WE,Federal Contract Tower,0,13,26,0,39,0,15,90,1,106,0,28,116,1,145,70,0,70,215
07/13/2008,MOD,CA,AWP,WE,Federal Contract Tower,0,11,15,0,26,0,29,77,0,106,0,40,92,0,132,20,0,20,152
07/14/2008,MOD,CA,AWP,WE,Federal Contract Tower,0,15,29,0,44,0,8,64,0,72,0,23,93,0,116,20,0,20,136
07/15/2008,MOD,CA,AWP,WE,Federal Contract Tower,0,11,30,0,41,0,8,90,0,98,0,19,120,0,139,62,0,62,201
07/16/2008,MOD,CA,AWP,WE,Federal Contract Tower,0,12,29,0,41,0,18,102,0,120,0,30,131,0,161,88,0,88,249
07/17/2008,MOD,CA,AWP,WE,Federal Contract Tower,0,14,25,0,39,0,19,100,0,119,0,33,125,0,158,40,0,40,198
07/18/2008,MOD,CA,AWP,WE,Federal Contract Tower,0,9,40,0,49,0,19,89,0,108,0,28,129,0,157,52,0,52,209
07/19/2008,MOD,CA,AWP,WE,Federal Contract Tower,0,12,39,0,51,0,9,67,0,76,0,21,106,0,127,62,0,62,189
07/20/2008,MOD,CA,AWP,WE,Federal Contract Tower,0,10,16,0,26,0,22,87,0,109,0,32,103,0,135,42,0,42,177
07/21/2008,MOD,CA,AWP,WE,Federal Contract Tower,0,6,22,0,28,0,9,51,0,60,0,15,73,0,88,62,0,62,150
07/22/2008,MOD,CA,AWP,WE,Federal Contract Tower,0,15,19,0,34,0,10,64,0,74,0,25,83,0,108,82,0,82,190
07/23/2008,MOD,CA,AWP,WE,Federal Contract Tower,0,19,40,0,59,0,3,110,0,113,0,22,150,0,172,60,0,60,232
07/24/2008,MOD,CA,AWP,WE,Federal Contract Tower,0,20,39,0,59,0,11,83,0,94,0,31,122,0,153,98,0,98,251
07/25/2008,MOD,CA,AWP,WE,Federal Contract Tower,0,17,31,0,48,0,16,89,0,105,0,33,120,0,153,58,0,58,211
07/26/2008,MOD,CA,AWP,WE,Federal Contract Tower,0,21,26,0,47,0,28,102,0,130,0,49,128,0,177,78,0,78,255
07/27/2008,MOD,CA,AWP,WE,Federal Contract Tower,0,18,32,0,50,0,12,87,0,99,0,30,119,0,149,58,0,58,207
07/28/2008,MOD,CA,AWP,WE,Federal Contract Tower,0,11,17,2,30,0,6,66,0,72,0,17,83,2,102,72,0,72,174
07/29/2008,MOD,CA,AWP,WE,Federal Contract Tower,0,15,34,0,49,0,25,80,0,105,0,40,114,0,154,36,0,36,190
07/30/2008,MOD,CA,AWP,WE,Federal Contract Tower,0,17,7,0,24,0,13,82,0,95,0,30,89,0,119,14,0,14,133
07/31/2008,MOD,CA,AWP,WE,Federal Contract Tower,0,13,15,0,28,0,10,96,0,106,0,23,111,0,134,78,0,78,212
08/01/2008,MOD,CA,AWP,WE,Federal Contract Tower,0,21,7,0,28,0,18,75,0,93,0,39,82,0,121,82,0,82,203
08/02/2008,MOD,CA,AWP,WE,Federal Contract Tower,0,13,21,0,34,0,16,148,0,164,0,29,169,0,198,56,0,56,254
08/03/2008,MOD,CA,AWP,WE,Federal Contract Tower,0,11,23,0,34,0,26,80,0,106,0,37,103,0,140,66,0,66,206
08/04/2008,MOD,CA,AWP,WE,Federal Contract Tower,0,10,19,0,29,0,10,69,0,79,0,20,88,0,108,68,0,68,176
08/05/2008,MOD,CA,AWP,WE,Federal Contract Tower,0,13,30,0,43,0,6,84,0,90,0,19,114,0,133,32,0,32,165
08/06/2008,MOD,CA,AWP,WE,Federal Contract Tower,0,20,35,0,55,0,22,94,0,116,0,42,129,0,171,96,0,96,267
08/07/2008,MOD,CA,AWP,WE,Federal Contract Tower,0,17,32,0,49,0,21,99,0,120,0,38,131,0,169,64,0,64,233
08/08/2008,MOD,CA,AWP,WE,Federal Contract Tower,0,14,39,0,53,0,3,101,0,104,0,17,140,0,157,92,0,92,249
08/09/2008,MOD,CA,AWP,WE,Federal Contract Tower,0,6,20,0,26,0,7,101,0,108,0,13,121,0,134,106,0,106,240
08/10/2008,MOD,CA,AWP,WE,Federal Contract Tower,0,10,17,0,27,0,10,91,0,101,0,20,108,0,128,16,0,16,144
08/11/2008,MOD,CA,AWP,WE,Federal Contract Tower,0,9,45,4,58,0,29,86,1,116,0,38,131,5,174,86,0,86,260
08/12/2008,MOD,CA,AWP,WE,Federal Contract Tower,0,12,22,0,34,0,24,73,0,97,0,36,95,0,131,84,0,84,215
08/13/2008,MOD,CA,AWP,WE,Federal Contract Tower,0,11,22,0,33,0,15,72,0,87,0,26,94,0,120,70,0,70,190
08/14/2008,MOD,CA,AWP,WE,Federal Contract Tower,0,13,31,0,44,0,17,91,0,108,0,30,122,0,152,48,0,48,200
08/15/2008,MOD,CA,AWP,WE,Federal Contract Tower,0,15,17,0,32,0,19,96,0,115,0,34,113,0,147,90,0,90,237
08/16/2008,MOD,CA,AWP,WE,Federal Contract Tower,0,13,18,0,31,0,14,81,0,95,0,27,99,0,126,46,0,46,172
08/17/2008,MOD,CA,AWP,WE,Federal Contract Tower,0,13,18,0,31,0,23,67,0,90,0,36,85,0,121,20,0,20,141
08/18/2008,MOD,CA,AWP,WE,Federal Contract Tower,0,7,18,0,25,0,14,64,0,78,0,21,82,0,103,19,0,19,122
08/19/2008,MOD,CA,AWP,WE,Federal Contract Tower,0,14,25,0,39,0,7,73,0,80,0,21,98,0,119,45,0,45,164
08/20/2008,MOD,CA,AWP,WE,Federal Contract Tower,0,12,52,0,64,0,16,92,0,108,0,28,144,0,172,112,0,112,284
08/21/2008,MOD,CA,AWP,WE,Federal Contract Tower,0,15,17,0,32,0,8,64,0,72,0,23,81,0,104,94,0,94,198
08/22/2008,MOD,CA,AWP,WE,Federal Contract Tower,0,13,21,0,34,0,9,99,0,108,0,22,120,0,142,104,0,104,246
08/23/2008,MOD,CA,AWP,WE,Federal Contract Tower,0,11,32,0,43,0,25,105,0,130,0,36,137,0,173,94,0,94,267
08/24/2008,MOD,CA,AWP,WE,Federal Contract Tower,0,10,29,0,39,0,23,68,0,91,0,33,97,0,130,20,0,20,150
08/25/2008,MOD,CA,AWP,WE,Federal Contract Tower,0,13,27,0,40,0,8,62,0,70,0,21,89,0,110,30,0,30,140
08/26/2008,MOD,CA,AWP,WE,Federal Contract Tower,0,21,28,0,49,0,14,83,0,97,0,35,111,0,146,62,0,62,208
08/27/2008,MOD,CA,AWP,WE,Federal Contract Tower,0,19,32,0,51,0,14,101,0,115,0,33,133,0,166,82,0,82,248
08/28/2008,MOD,CA,AWP,WE,Federal Contract Tower,0,18,35,0,53,0,11,104,0,115,0,29,139,0,168,92,0,92,260
08/29/2008,MOD,CA,AWP,WE,Federal Contract Tower,0,16,31,0,47,0,24,136,0,160,0,40,167,0,207,140,0,140,347
08/30/2008,MOD,CA,AWP,WE,Federal Contract Tower,0,10,24,0,34,0,9,88,0,97,0,19,112,0,131,32,0,32,163
08/31/2008,MOD,CA,AWP,WE,Federal Contract Tower,0,10,15,0,25,0,20,100,0,120,0,30,115,0,145,10,0,10,155
09/01/2008,MOD,CA,AWP,WE,Federal Contract Tower,0,11,10,0,21,0,11,90,0,101,0,22,100,0,122,30,0,30,152
09/02/2008,MOD,CA,AWP,WE,Federal Contract Tower,0,8,27,0,35,0,16,78,0,94,0,24,105,0,129,96,0,96,225
09/03/2008,MOD,CA,AWP,WE,Federal Contract Tower,0,12,47,0,59,0,10,99,0,109,0,22,146,0,168,56,0,56,224
09/04/2008,MOD,CA,AWP,WE,Federal Contract Tower,0,14,28,0,42,0,13,79,0,92,0,27,107,0,134,74,0,74,208
09/05/2008,MOD,CA,AWP,WE,Federal Contract Tower,0,10,15,0,25,0,8,94,0,102,0,18,109,0,127,60,0,60,187
09/06/2008,MOD,CA,AWP,WE,Federal Contract Tower,0,8,23,0,31,0,7,99,0,106,0,15,122,0,137,68,0,68,205
09/07/2008,MOD,CA,AWP,WE,Federal Contract Tower,0,7,25,0,32,0,14,74,0,88,0,21,99,0,120,30,0,30,150
09/08/2008,MOD,CA,AWP,WE,Federal Contract Tower,0,11,17,0,28,0,8,76,2,86,0,19,93,2,114,56,0,56,170
09/09/2008,MOD,CA,AWP,WE,Federal Contract Tower,0,12,28,0,40,0,11,81,0,92,0,23,109,0,132,106,0,106,238
09/10/2008,MOD,CA,AWP,WE,Federal Contract Tower,0,12,53,0,65,0,2,101,0,103,0,14,154,0,168,82,0,82,250
09/11/2008,MOD,CA,AWP,WE,Federal Contract Tower,0,14,43,0,57,0,12,107,0,119,0,26,150,0,176,114,0,114,290
09/12/2008,MOD,CA,AWP,WE,Federal Contract Tower,0,15,29,0,44,0,15,98,7,120,0,30,127,7,164,60,0,60,224
09/13/2008,MOD,CA,AWP,WE,Federal Contract Tower,0,7,41,0,48,0,14,144,0,158,0,21,185,0,206,54,0,54,260
09/14/2008,MOD,CA,AWP,WE,Federal Contract Tower,0,6,32,0,38,0,3,86,0,89,0,9,118,0,127,56,0,56,183
09/15/2008,MOD,CA,AWP,WE,Federal Contract Tower,0,14,30,0,44,0,16,86,0,102,0,30,116,0,146,36,0,36,182
09/16/2008,MOD,CA,AWP,WE,Federal Contract Tower,0,12,39,0,51,0,19,85,0,104,0,31,124,0,155,46,0,46,201
09/17/2008,MOD,CA,AWP,WE,Federal Contract Tower,0,15,45,0,60,0,11,93,0,104,0,26,138,0,164,58,0,58,222
09/18/2008,MOD,CA,AWP,WE,Federal Contract Tower,0,13,50,0,63,0,19,112,0,131,0,32,162,0,194,78,0,78,272
09/19/2008,MOD,CA,AWP,WE,Federal Contract Tower,0,18,67,0,85,0,11,120,0,131,0,29,187,0,216,32,0,32,248
09/20/2008,MOD,CA,AWP,WE,Federal Contract Tower,0,9,15,0,24,0,24,85,0,109,0,33,100,0,133,20,0,20,153
09/21/2008,MOD,CA,AWP,WE,Federal Contract Tower,0,12,22,0,34,0,38,65,0,103,0,50,87,0,137,34,0,34,171
09/22/2008,MOD,CA,AWP,WE,Federal Contract Tower,0,17,27,0,44,0,9,79,2,90,0,26,106,2,134,40,0,40,174
09/23/2008,MOD,CA,AWP,WE,Federal Contract Tower,0,12,28,2,42,0,4,74,0,78,0,16,102,2,120,54,0,54,174
09/24/2008,MOD,CA,AWP,WE,Federal Contract Tower,0,14,47,0,61,0,9,97,0,106,0,23,144,0,167,34,0,34,201
09/25/2008,MOD,CA,AWP,WE,Federal Contract Tower,0,18,61,0,79,0,16,93,0,109,0,34,154,0,188,56,0,56,244
09/26/2008,MOD,CA,AWP,WE,Federal Contract Tower,0,16,40,0,56,0,10,122,0,132,0,26,162,0,188,100,0,100,288
09/27/2008,MOD,CA,AWP,WE,Federal Contract Tower,0,13,12,0,25,0,34,104,0,138,0,47,116,0,163,60,0,60,223
09/28/2008,MOD,CA,AWP,WE,Federal Contract Tower,0,9,49,0,58,0,28,105,0,133,0,37,154,0,191,32,0,32,223
09/29/2008,MOD,CA,AWP,WE,Federal Contract Tower,0,15,64,0,79,0,19,87,0,106,0,34,151,0,185,22,0,22,207
09/30/2008,MOD,CA,AWP,WE,Federal Contract Tower,0,12,39,0,51,0,23,95,0,118,0,35,134,0,169,52,0,52,221
10/01/2008,MOD,CA,AWP,WE,Federal Contract Tower,0,17,24,0,41,0,20,94,0,114,0,37,118,0,155,32,0,32,187
10/02/2008,MOD,CA,AWP,WE,Federal Contract Tower,0,16,48,0,64,0,14,68,0,82,0,30,116,0,146,56,0,56,202
10/03/2008,MOD,CA,AWP,WE,Federal Contract Tower,0,22,27,0,49,0,17,80,0,97,0,39,107,0,146,106,0,106,252
10/04/2008,MOD,CA,AWP,WE,Federal Contract Tower,0,12,42,0,54,0,9,33,0,42,0,21,75,0,96,88,0,88,184
10/05/2008,MOD,CA,AWP,WE,Federal Contract Tower,0,6,65,0,71,0,10,104,0,114,0,16,169,0,185,36,0,36,221
10/06/2008,MOD,CA,AWP,WE,Federal Contract Tower,0,10,58,0,68,0,18,64,0,82,0,28,122,0,150,46,0,46,196
10/07/2008,MOD,CA,AWP,WE,Federal Contract Tower,0,19,60,0,79,0,25,75,0,100,0,44,135,0,179,40,0,40,219
10/08/2008,MOD,CA,AWP,WE,Federal Contract Tower,0,15,27,0,42,0,20,82,0,102,0,35,109,0,144,74,0,74,218
10/09/2008,MOD,CA,AWP,WE,Federal Contract Tower,0,18,16,0,34,0,15,78,0,93,0,33,94,0,127,28,0,28,155
10/10/2008,MOD,CA,AWP,WE,Federal Contract Tower,0,16,11,0,27,0,20,56,0,76,0,36,67,0,103,32,0,32,135
10/11/2008,MOD,CA,AWP,WE,Federal Contract Tower,0,14,18,0,32,0,18,80,0,98,0,32,98,0,130,26,0,26,156
10/12/2008,MOD,CA,AWP,WE,Federal Contract Tower,0,11,26,0,37,0,22,113,0,135,0,33,139,0,172,18,0,18,190
10/13/2008,MOD,CA,AWP,WE,Federal Contract Tower,0,13,21,0,34,0,12,71,0,83,0,25,92,0,117,18,0,18,135
10/14/2008,MOD,CA,AWP,WE,Federal Contract Tower,0,15,29,0,44,0,28,100,0,128,0,43,129,0,172,32,0,32,204
10/15/2008,MOD,CA,AWP,WE,Federal Contract Tower,0,16,28,0,44,0,14,125,0,139,0,30,153,0,183,46,0,46,229
10/16/2008,MOD,CA,AWP,WE,Federal Contract Tower,0,13,21,0,34,0,5,105,0,110,0,18,126,0,144,56,0,56,200
10/17/2008,MOD,CA,AWP,WE,Federal Contract Tower,0,17,35,0,52,0,35,92,0,127,0,52,127,0,179,68,0,68,247
10/18/2008,MOD,CA,AWP,WE,Federal Contract Tower,0,12,19,0,31,0,23,108,0,131,0,35,127,0,162,80,0,80,242
10/19/2008,MOD,CA,AWP,WE,Federal Contract Tower,0,11,33,0,44,0,18,76,0,94,0,29,109,0,138,66,0,66,204
10/20/2008,MOD,CA,AWP,WE,Federal Contract Tower,0,11,35,0,46,0,18,68,0,86,0,29,103,0,132,24,0,24,156
10/21/2008,MOD,CA,AWP,WE,Federal Contract Tower,0,12,23,0,35,0,21,76,0,97,0,33,99,0,132,8,0,8,140
10/22/2008,MOD,CA,AWP,WE,Federal Contract Tower,0,13,29,0,42,0,8,78,2,88,0,21,107,2,130,70,0,70,200
10/23/2008,MOD,CA,AWP,WE,Federal Contract Tower,0,16,32,0,48,0,24,71,0,95,0,40,103,0,143,86,0,86,229
10/24/2008,MOD,CA,AWP,WE,Federal Contract Tower,0,15,34,0,49,0,17,121,0,138,0,32,155,0,187,54,0,54,241
10/25/2008,MOD,CA,AWP,WE,Federal Contract Tower,0,9,14,0,23,0,18,117,0,135,0,27,131,0,158,104,0,104,262
10/26/2008,MOD,CA,AWP,WE,Federal Contract Tower,0,7,31,0,38,0,10,122,0,132,0,17,153,0,170,54,0,54,224
10/27/2008,MOD,CA,AWP,WE,Federal Contract Tower,0,20,24,0,44,0,10,60,0,70,0,30,84,0,114,18,0,18,132
10/28/2008,MOD,CA,AWP,WE,Federal Contract Tower,0,10,26,0,36,0,10,62,0,72,0,20,88,0,108,44,0,44,152
10/29/2008,MOD,CA,AWP,WE,Federal Contract Tower,0,21,30,0,51,0,12,72,0,84,0,33,102,0,135,128,0,128,263
10/30/2008,MOD,CA,AWP,WE,Federal Contract Tower,0,18,33,0,51,0,18,66,0,84,0,36,99,0,135,52,0,52,187
10/31/2008,MOD,CA,AWP,WE,Federal Contract Tower,0,12,27,0,39,0,4,55,0,59,0,16,82,0,98,62,0,62,160
11/01/2008,MOD,CA,AWP,WE,Federal Contract Tower,0,9,14,0,23,0,37,31,0,68,0,46,45,0,91,40,0,40,131
11/02/2008,MOD,CA,AWP,WE,Federal Contract Tower,0,9,11,0,20,0,22,50,0,72,0,31,61,0,92,74,0,74,166
11/03/2008,MOD,CA,AWP,WE,Federal Contract Tower,0,9,12,0,21,0,1,44,2,47,0,10,56,2,68,4,0,4,72
11/04/2008,MOD,CA,AWP,WE,Federal Contract Tower,0,9,33,0,42,0,6,74,0,80,0,15,107,0,122,66,0,66,188
11/05/2008,MOD,CA,AWP,WE,Federal Contract Tower,0,11,41,0,52,0,17,102,0,119,0,28,143,0,171,93,0,93,264
11/06/2008,MOD,CA,AWP,WE,Federal Contract Tower,0,20,44,0,64,0,41,126,0,167,0,61,170,0,231,110,0,110,341
11/07/2008,MOD,CA,AWP,WE,Federal Contract Tower,0,11,48,0,59,0,16,86,0,102,0,27,134,0,161,64,0,64,225
11/08/2008,MOD,CA,AWP,WE,Federal Contract Tower,0,9,38,0,47,0,5,88,0,93,0,14,126,0,140,110,0,110,250
11/09/2008,MOD,CA,AWP,WE,Federal Contract Tower,0,9,17,0,26,0,10,76,2,88,0,19,93,2,114,32,0,32,146
11/10/2008,MOD,CA,AWP,WE,Federal Contract Tower,0,14,37,1,52,0,8,76,0,84,0,22,113,1,136,23,0,23,159
11/11/2008,MOD,CA,AWP,WE,Federal Contract Tower,0,18,31,1,50,0,23,80,0,103,0,41,111,1,153,72,0,72,225
11/12/2008,MOD,CA,AWP,WE,Federal Contract Tower,0,12,46,0,58,0,20,89,0,109,0,32,135,0,167,36,0,36,203
11/13/2008,MOD,CA,AWP,WE,Federal Contract Tower,0,16,52,0,68,0,13,77,0,90,0,29,129,0,158,22,0,22,180
11/14/2008,MOD,CA,AWP,WE,Federal Contract Tower,0,19,32,0,51,0,25,105,0,130,0,44,137,0,181,50,0,50,231
11/15/2008,MOD,CA,AWP,WE,Federal Contract Tower,0,19,22,0,41,0,21,91,0,112,0,40,113,0,153,48,0,48,201
11/16/2008,MOD,CA,AWP,WE,Federal Contract Tower,0,6,18,0,24,0,30,63,0,93,0,36,81,0,117,8,0,8,125
11/17/2008,MOD,CA,AWP,WE,Federal Contract Tower,0,11,31,2,44,0,12,67,0,79,0,23,98,2,123,32,0,32,155
11/18/2008,MOD,CA,AWP,WE,Federal Contract Tower,0,19,39,0,58,0,6,63,0,69,0,25,102,0,127,38,0,38,165
11/19/2008,MOD,CA,AWP,WE,Federal Contract Tower,0,13,56,0,69,0,23,69,0,92,0,36,125,0,161,10,0,10,171
11/20/2008,MOD,CA,AWP,WE,Federal Contract Tower,0,19,54,0,73,0,15,100,0,115,0,34,154,0,188,114,0,114,302
11/21/2008,MOD,CA,AWP,WE,Federal Contract Tower,0,12,20,0,32,0,20,90,0,110,0,32,110,0,142,68,0,68,210
11/22/2008,MOD,CA,AWP,WE,Federal Contract Tower,0,10,34,0,44,0,11,72,0,83,0,21,106,0,127,104,0,104,231
11/23/2008,MOD,CA,AWP,WE,Federal Contract Tower,0,8,25,0,33,0,4,65,2,71,0,12,90,2,104,54,0,54,158
11/24/2008,MOD,CA,AWP,WE,Federal Contract Tower,0,14,45,0,59,0,3,45,0,48,0,17,90,0,107,68,0,68,175
11/25/2008,MOD,CA,AWP,WE,Federal Contract Tower,0,14,30,0,44,0,16,59,0,75,0,30,89,0,119,80,0,80,199
11/26/2008,MOD,CA,AWP,WE,Federal Contract Tower,0,23,46,0,69,0,0,0,0,0,0,23,46,0,69,0,0,0,69
11/27/2008,MOD,CA,AWP,WE,Federal Contract Tower,0,6,7,0,13,0,1,19,0,20,0,7,26,0,33,0,0,0,33
11/28/2008,MOD,CA,AWP,WE,Federal Contract Tower,0,16,41,0,57,0,22,33,0,55,0,38,74,0,112,42,0,42,154
11/29/2008,MOD,CA,AWP,WE,Federal Contract Tower,0,7,29,0,36,0,7,42,0,49,0,14,71,0,85,42,0,42,127
11/30/2008,MOD,CA,AWP,WE,Federal Contract Tower,0,12,33,0,45,0,12,31,0,43,0,24,64,0,88,12,0,12,100
12/01/2008,MOD,CA,AWP,WE,Federal Contract Tower,0,5,6,0,11,0,0,0,0,0,0,5,6,0,11,0,0,0,11
12/02/2008,MOD,CA,AWP,WE,Federal Contract Tower,0,21,37,0,58,0,0,5,0,5,0,21,42,0,63,0,0,0,63
12/03/2008,MOD,CA,AWP,WE,Federal Contract Tower,0,21,72,0,93,0,23,9,0,32,0,44,81,0,125,60,0,60,185
12/04/2008,MOD,CA,AWP,WE,Federal Contract Tower,0,23,46,0,69,0,41,39,0,80,0,64,85,0,149,20,0,20,169
12/05/2008,MOD,CA,AWP,WE,Federal Contract Tower,0,16,41,0,57,0,6,23,0,29,0,22,64,0,86,14,0,14,100
12/06/2008,MOD,CA,AWP,WE,Federal Contract Tower,0,15,49,0,64,0,0,0,0,0,0,15,49,0,64,0,0,0,64
12/07/2008,MOD,CA,AWP,WE,Federal Contract Tower,0,8,87,0,95,0,22,11,0,33,0,30,98,0,128,6,0,6,134
12/08/2008,MOD,CA,AWP,WE,Federal Contract Tower,0,11,25,0,36,0,1,4,0,5,0,12,29,0,41,0,0,0,41
12/09/2008,MOD,CA,AWP,WE,Federal Contract Tower,0,10,65,0,75,0,9,42,0,51,0,19,107,0,126,24,0,24,150
12/10/2008,MOD,CA,AWP,WE,Federal Contract Tower,0,17,96,0,113,0,35,48,0,83,0,52,144,0,196,56,0,56,252
12/11/2008,MOD,CA,AWP,WE,Federal Contract Tower,0,19,74,0,93,0,0,0,0,0,0,19,74,0,93,0,0,0,93
12/12/2008,MOD,CA,AWP,WE,Federal Contract Tower,0,12,38,0,50,0,0,0,0,0,0,12,38,0,50,0,0,0,50
12/13/2008,MOD,CA,AWP,WE,Federal Contract Tower,0,8,46,0,54,0,24,71,0,95,0,32,117,0,149,90,0,90,239
12/14/2008,MOD,CA,AWP,WE,Federal Contract Tower,0,5,19,0,24,0,3,26,0,29,0,8,45,0,53,2,0,2,55
12/15/2008,MOD,CA,AWP,WE,Federal Contract Tower,0,18,33,0,51,0,4,18,0,22,0,22,51,0,73,28,0,28,101
12/16/2008,MOD,CA,AWP,WE,Federal Contract Tower,0,20,31,0,51,0,7,32,0,39,0,27,63,0,90,26,0,26,116
12/17/2008,MOD,CA,AWP,WE,Federal Contract Tower,0,19,48,0,67,0,20,98,0,118,0,39,146,0,185,44,0,44,229
12/18/2008,MOD,CA,AWP,WE,Federal Contract Tower,0,32,56,0,88,0,9,64,0,73,0,41,120,0,161,26,0,26,187
12/19/2008,MOD,CA,AWP,WE,Federal Contract Tower,0,21,28,0,49,0,13,31,0,44,0,34,59,0,93,40,0,40,133
12/20/2008,MOD,CA,AWP,WE,Federal Contract Tower,0,19,59,0,78,0,35,68,0,103,0,54,127,0,181,70,0,70,251
12/21/2008,MOD,CA,AWP,WE,Federal Contract Tower,0,11,6,0,17,0,22,21,0,43,0,33,27,0,60,66,0,66,126
12/22/2008,MOD,CA,AWP,WE,Federal Contract Tower,0,17,29,0,46,0,10,52,0,62,0,27,81,0,108,14,0,14,122
12/23/2008,MOD,CA,AWP,WE,Federal Contract Tower,0,15,39,0,54,0,16,52,2,70,0,31,91,2,124,58,0,58,182
12/24/2008,MOD,CA,AWP,WE,Federal Contract Tower,0,22,20,0,42,0,21,8,0,29,0,43,28,0,71,4,0,4,75
12/25/2008,MOD,CA,AWP,WE,Federal Contract Tower,0,4,1,0,5,0,0,2,0,2,0,4,3,0,7,0,0,0,7
12/26/2008,MOD,CA,AWP,WE,Federal Contract Tower,0,20,16,0,36,0,49,50,0,99,0,69,66,0,135,38,0,38,173
12/27/2008,MOD,CA,AWP,WE,Federal Contract Tower,0,8,22,0,30,0,7,100,0,107,0,15,122,0,137,112,0,112,249
12/28/2008,MOD,CA,AWP,WE,Federal Contract Tower,0,11,21,0,32,0,36,67,0,103,0,47,88,0,135,16,0,16,151
12/29/2008,MOD,CA,AWP,WE,Federal Contract Tower,0,9,27,0,36,0,16,67,0,83,0,25,94,0,119,104,0,104,223
12/30/2008,MOD,CA,AWP,WE,Federal Contract Tower,0,9,31,0,40,0,0,0,0,0,0,9,31,0,40,0,0,0,40
12/31/2008,MOD,CA,AWP,WE,Federal Contract Tower,0,7,10,0,17,0,0,0,0,0,0,7,10,0,17,0,0,0,17
01/01/2009,MOD,CA,AWP,WE,Federal Contract Tower,0,6,15,0,21,0,0,0,0,0,0,6,15,0,21,0,0,0,21
01/02/2009,MOD,CA,AWP,WE,Federal Contract Tower,0,19,17,0,36,0,0,0,0,0,0,19,17,0,36,0,0,0,36
01/03/2009,MOD,CA,AWP,WE,Federal Contract Tower,0,16,58,0,74,0,17,57,0,74,0,33,115,0,148,76,0,76,224
01/04/2009,MOD,CA,AWP,WE,Federal Contract Tower,0,8,14,0,22,0,21,63,0,84,0,29,77,0,106,90,0,90,196
01/05/2009,MOD,CA,AWP,WE,Federal Contract Tower,0,12,30,0,42,0,2,16,0,18,0,14,46,0,60,6,0,6,66
01/06/2009,MOD,CA,AWP,WE,Federal Contract Tower,0,14,69,0,83,0,1,9,0,10,0,15,78,0,93,4,0,4,97
01/07/2009,MOD,CA,AWP,WE,Federal Contract Tower,0,14,31,0,45,0,4,8,0,12,0,18,39,0,57,0,0,0,57
01/08/2009,MOD,CA,AWP,WE,Federal Contract Tower,0,14,20,0,34,0,0,7,0,7,0,14,27,0,41,0,0,0,41
01/09/2009,MOD,CA,AWP,WE,Federal Contract Tower,0,13,45,0,58,0,16,80,0,96,0,29,125,0,154,128,0,128,282
01/10/2009,MOD,CA,AWP,WE,Federal Contract Tower,0,10,55,0,65,0,18,107,0,125,0,28,162,0,190,94,0,94,284
01/11/2009,MOD,CA,AWP,WE,Federal Contract Tower,0,7,48,0,55,0,11,69,0,80,0,18,117,0,135,60,0,60,195
01/12/2009,MOD,CA,AWP,WE,Federal Contract Tower,0,10,29,0,39,0,11,45,0,56,0,21,74,0,95,64,2,66,161
01/13/2009,MOD,CA,AWP,WE,Federal Contract Tower,0,15,30,0,45,0,9,82,0,91,0,24,112,0,136,142,0,142,278
01/14/2009,MOD,CA,AWP,WE,Federal Contract Tower,0,18,38,0,56,0,13,85,0,98,0,31,123,0,154,48,0,48,202
01/15/2009,MOD,CA,AWP,WE,Federal Contract Tower,0,22,41,0,63,0,16,58,0,74,0,38,99,0,137,54,0,54,191
01/16/2009,MOD,CA,AWP,WE,Federal Contract Tower,0,16,32,0,48,0,25,52,0,77,0,41,84,0,125,32,0,32,157
01/17/2009,MOD,CA,AWP,WE,Federal Contract Tower,0,9,37,0,46,0,33,95,0,128,0,42,132,0,174,84,0,84,258
01/18/2009,MOD,CA,AWP,WE,Federal Contract Tower,0,11,47,0,58,0,29,94,0,123,0,40,141,0,181,102,0,102,283
01/19/2009,MOD,CA,AWP,WE,Federal Contract Tower,0,15,14,0,29,0,13,78,0,91,0,28,92,0,120,77,0,77,197
01/20/2009,MOD,CA,AWP,WE,Federal Contract Tower,0,17,27,4,48,0,12,64,0,76,0,29,91,4,124,76,0,76,200
01/21/2009,MOD,CA,AWP,WE,Federal Contract Tower,0,21,30,0,51,0,23,37,2,62,0,44,67,2,113,110,0,110,223
01/22/2009,MOD,CA,AWP,WE,Federal Contract Tower,0,20,55,0,75,0,3,1,0,4,0,23,56,0,79,0,0,0,79
01/23/2009,MOD,CA,AWP,WE,Federal Contract Tower,0,23,33,0,56,0,0,0,0,0,0,23,33,0,56,0,0,0,56
01/24/2009,MOD,CA,AWP,WE,Federal Contract Tower,0,14,33,0,47,0,20,18,0,38,0,34,51,0,85,30,0,30,115
01/25/2009,MOD,CA,AWP,WE,Federal Contract Tower,0,11,9,0,20,0,11,23,0,34,0,22,32,0,54,2,0,2,56
01/26/2009,MOD,CA,AWP,WE,Federal Contract Tower,0,15,5,0,20,0,15,50,0,65,0,30,55,0,85,47,0,47,132
01/27/2009,MOD,CA,AWP,WE,Federal Contract Tower,0,9,13,0,22,0,21,80,0,101,0,30,93,0,123,49,0,49,172
01/28/2009,MOD,CA,AWP,WE,Federal Contract Tower,0,16,22,0,38,0,22,45,0,67,0,38,67,0,105,0,0,0,105
01/29/2009,MOD,CA,AWP,WE,Federal Contract Tower,0,15,20,0,35,0,22,36,0,58,0,37,56,0,93,8,0,8,101
01/30/2009,MOD,CA,AWP,WE,Federal Contract Tower,0,21,26,0,47,0,3,42,0,45,0,24,68,0,92,22,0,22,114
01/31/2009,MOD,CA,AWP,WE,Federal Contract Tower,0,8,26,0,34,0,41,53,0,94,0,49,79,0,128,12,0,12,140
02/01/2009,MOD,CA,AWP,WE,Federal Contract Tower,0,10,28,0,38,0,30,43,0,73,0,40,71,0,111,10,0,10,121
02/02/2009,MOD,CA,AWP,WE,Federal Contract Tower,0,15,6,0,21,0,22,40,0,62,0,37,46,0,83,24,0,24,107
02/03/2009,MOD,CA,AWP,WE,Federal Contract Tower,0,24,47,0,71,0,10,50,0,60,0,34,97,0,131,48,0,48,179
02/04/2009,MOD,CA,AWP,WE,Federal Contract Tower,0,25,34,0,59,0,30,44,0,74,0,55,78,0,133,30,0,30,163
02/05/2009,MOD,CA,AWP,WE,Federal Contract Tower,0,32,22,0,54,0,13,24,0,37,0,45,46,0,91,4,0,4,95
02/06/2009,MOD,CA,AWP,WE,Federal Contract Tower,0,30,28,0,58,0,20,18,0,38,0,50,46,0,96,8,0,8,104
02/07/2009,MOD,CA,AWP,WE,Federal Contract Tower,0,13,33,0,46,0,24,72,0,96,0,37,105,0,142,72,0,72,214
02/08/2009,MOD,CA,AWP,WE,Federal Contract Tower,0,10,21,0,31,0,25,47,0,72,0,35,68,0,103,29,0,29,132
02/09/2009,MOD,CA,AWP,WE,Federal Contract Tower,0,14,13,0,27,0,32,31,0,63,0,46,44,0,90,8,0,8,98
02/10/2009,MOD,CA,AWP,WE,Federal Contract Tower,0,14,18,0,32,0,14,90,0,104,0,28,108,0,136,47,0,47,183
02/11/2009,MOD,CA,AWP,WE,Federal Contract Tower,0,11,17,0,28,0,9,32,0,41,0,20,49,0,69,24,0,24,93
02/12/2009,MOD,CA,AWP,WE,Federal Contract Tower,0,18,25,0,43,0,16,32,0,48,0,34,57,0,91,2,0,2,93
02/13/2009,MOD,CA,AWP,WE,Federal Contract Tower,0,24,18,0,42,0,18,24,0,42,0,42,42,0,84,6,0,6,90
02/14/2009,MOD,CA,AWP,WE,Federal Contract Tower,0,15,29,0,44,0,13,53,0,66,0,28,82,0,110,12,0,12,122
02/15/2009,MOD,CA,AWP,WE,Federal Contract Tower,0,12,6,0,18,0,14,5,0,19,0,26,11,0,37,0,0,0,37
02/16/2009,MOD,CA,AWP,WE,Federal Contract Tower,0,12,12,0,24,0,5,27,0,32,0,17,39,0,56,44,0,44,100
02/17/2009,MOD,CA,AWP,WE,Federal Contract Tower,0,17,10,0,27,0,2,23,0,25,0,19,33,0,52,0,0,0,52
02/18/2009,MOD,CA,AWP,WE,Federal Contract Tower,0,14,22,0,36,0,21,76,0,97,0,35,98,0,133,50,0,50,183
02/19/2009,MOD,CA,AWP,WE,Federal Contract Tower,0,13,33,0,46,0,6,60,0,66,0,19,93,0,112,28,0,28,140
02/20/2009,MOD,CA,AWP,WE,Federal Contract Tower,0,19,23,0,42,0,18,81,0,99,0,37,104,0,141,82,0,82,223
02/21/2009,MOD,CA,AWP,WE,Federal Contract Tower,0,13,28,0,41,0,26,38,0,64,0,39,66,0,105,42,0,42,147
02/22/2009,MOD,CA,AWP,WE,Federal Contract Tower,0,7,4,0,11,0,4,4,0,8,0,11,8,0,19,0,0,0,19
02/23/2009,MOD,CA,AWP,WE,Federal Contract Tower,0,13,17,0,30,0,3,19,0,22,0,16,36,0,52,0,0,0,52
02/24/2009,MOD,CA,AWP,WE,Federal Contract Tower,0,15,35,0,50,0,10,50,0,60,0,25,85,0,110,50,0,50,160
02/25/2009,MOD,CA,AWP,WE,Federal Contract Tower,0,12,33,0,45,0,11,57,0,68,0,23,90,0,113,20,0,20,133
02/26/2009,MOD,CA,AWP,WE,Federal Contract Tower,0,17,26,2,45,0,27,56,0,83,0,44,82,2,128,32,0,32,160
02/27/2009,MOD,CA,AWP,WE,Federal Contract Tower,0,14,35,0,49,0,24,118,0,142,0,38,153,0,191,64,0,64,255
02/28/2009,MOD,CA,AWP,WE,Federal Contract Tower,0,8,13,0,21,0,14,60,1,75,0,22,73,1,96,32,0,32,128
03/01/2009,MOD,CA,AWP,WE,Federal Contract Tower,0,6,17,0,23,0,22,16,0,38,0,28,33,0,61,4,0,4,65
03/02/2009,MOD,CA,AWP,WE,Federal Contract Tower,0,7,17,0,24,0,12,23,0,35,0,19,40,0,59,16,0,16,75
03/03/2009,MOD,CA,AWP,WE,Federal Contract Tower,0,9,14,0,23,0,4,17,0,21,0,13,31,0,44,16,0,16,60
03/04/2009,MOD,CA,AWP,WE,Federal Contract Tower,0,27,13,0,40,0,10,25,0,35,0,37,38,0,75,12,0,12,87
03/05/2009,MOD,CA,AWP,WE,Federal Contract Tower,0,16,37,2,55,0,34,52,0,86,0,50,89,2,141,62,0,62,203
03/06/2009,MOD,CA,AWP,WE,Federal Contract Tower,0,13,17,0,30,0,22,56,0,78,0,35,73,0,108,26,0,26,134
03/07/2009,MOD,CA,AWP,WE,Federal Contract Tower,0,8,28,0,36,0,28,93,0,121,0,36,121,0,157,118,0,118,275
03/08/2009,MOD,CA,AWP,WE,Federal Contract Tower,0,8,21,0,29,0,12,98,0,110,0,20,119,0,139,74,0,74,213
03/09/2009,MOD,CA,AWP,WE,Federal Contract Tower,0,11,26,0,37,0,11,51,2,64,0,22,77,2,101,62,0,62,163
03/10/2009,MOD,CA,AWP,WE,Federal Contract Tower,0,26,49,0,75,0,10,104,0,114,0,36,153,0,189,60,0,60,249
03/11/2009,MOD,CA,AWP,WE,Federal Contract Tower,0,17,39,0,56,0,6,91,0,97,0,23,130,0,153,34,0,34,187
03/12/2009,MOD,CA,AWP,WE,Federal Contract Tower,0,18,32,0,50,0,20,75,0,95,0,38,107,0,145,73,0,73,218
03/13/2009,MOD,CA,AWP,WE,Federal Contract Tower,0,12,44,0,56,0,16,107,0,123,0,28,151,0,179,83,0,83,262
03/14/2009,MOD,CA,AWP,WE,Federal Contract Tower,0,7,16,0,23,0,20,92,0,112,0,27,108,0,135,38,0,38,173
03/15/2009,MOD,CA,AWP,WE,Federal Contract Tower,0,5,21,0,26,0,9,60,0,69,0,14,81,0,95,28,0,28,123
03/16/2009,MOD,CA,AWP,WE,Federal Contract Tower,0,11,33,0,44,0,25,49,0,74,0,36,82,0,118,32,0,32,150
03/17/2009,MOD,CA,AWP,WE,Federal Contract Tower,0,9,19,0,28,0,5,73,0,78,0,14,92,0,106,34,0,34,140
03/18/2009,MOD,CA,AWP,WE,Federal Contract Tower,0,11,30,0,41,0,18,95,0,113,0,29,125,0,154,47,0,47,201
03/19/2009,MOD,CA,AWP,WE,Federal Contract Tower,0,17,26,0,43,0,16,62,0,78,0,33,88,0,121,20,0,20,141
03/20/2009,MOD,CA,AWP,WE,Federal Contract Tower,0,9,35,0,44,0,27,66,0,93,0,36,101,0,137,7,0,7,144
03/21/2009,MOD,CA,AWP,WE,Federal Contract Tower,0,16,29,0,45,0,6,31,0,37,0,22,60,0,82,8,0,8,90
03/22/2009,MOD,CA,AWP,WE,Federal Contract Tower,0,13,14,0,27,0,14,17,0,31,0,27,31,0,58,2,0,2,60
03/23/2009,MOD,CA,AWP,WE,Federal Contract Tower,0,10,20,0,30,0,13,66,0,79,0,23,86,0,109,8,0,8,117
03/24/2009,MOD,CA,AWP,WE,Federal Contract Tower,0,10,70,0,80,0,9,61,0,70,0,19,131,0,150,6,0,6,156
03/25/2009,MOD,CA,AWP,WE,Federal Contract Tower,0,10,19,0,29,0,10,58,0,68,0,20,77,0,97,22,0,22,119
03/26/2009,MOD,CA,AWP,WE,Federal Contract Tower,0,18,16,0,34,0,27,45,0,72,0,45,61,0,106,14,0,14,120
03/27/2009,MOD,CA,AWP,WE,Federal Contract Tower,0,16,19,2,37,0,22,91,2,115,0,38,110,4,152,57,0,57,209
03/28/2009,MOD,CA,AWP,WE,Federal Contract Tower,0,9,9,0,18,0,16,92,0,108,0,25,101,0,126,28,0,28,154
03/29/2009,MOD,CA,AWP,WE,Federal Contract Tower,0,10,2,0,12,0,17,37,0,54,0,27,39,0,66,2,0,2,68
03/30/2009,MOD,CA,AWP,WE,Federal Contract Tower,0,10,31,0,41,0,12,47,0,59,0,22,78,0,100,48,0,48,148
03/31/2009,MOD,CA,AWP,WE,Federal Contract Tower,0,8,22,0,30,0,19,66,0,85,0,27,88,0,115,12,0,12,127
04/01/2009,MOD,CA,AWP,WE,Federal Contract Tower,0,10,18,0,28,0,25,52,0,77,0,35,70,0,105,68,0,68,173
04/02/2009,MOD,CA,AWP,WE,Federal Contract Tower,0,20,35,0,55,0,26,67,0,93,0,46,102,0,148,0,0,0,148
04/03/2009,MOD,CA,AWP,WE,Federal Contract Tower,0,15,5,0,20,0,24,41,0,65,0,39,46,0,85,0,0,0,85
04/04/2009,MOD,CA,AWP,WE,Federal Contract Tower,0,4,36,0,40,0,33,61,0,94,0,37,97,0,134,43,0,43,177
04/05/2009,MOD,CA,AWP,WE,Federal Contract Tower,0,8,44,0,52,0,12,66,0,78,0,20,110,0,130,6,0,6,136
04/06/2009,MOD,CA,AWP,WE,Federal Contract Tower,0,10,52,0,62,0,5,72,0,77,0,15,124,0,139,36,0,36,175
04/07/2009,MOD,CA,AWP,WE,Federal Contract Tower,0,9,42,2,53,0,22,27,0,49,0,31,69,2,102,2,0,2,104
04/08/2009,MOD,CA,AWP,WE,Federal Contract Tower,0,13,26,0,39,0,7,24,0,31,0,20,50,0,70,2,0,2,72
04/09/2009,MOD,CA,AWP,WE,Federal Contract Tower,0,16,12,0,28,0,19,17,0,36,0,35,29,0,64,14,0,14,78
04/10/2009,MOD,CA,AWP,WE,Federal Contract Tower,0,15,42,0,57,0,28,33,0,61,0,43,75,0,118,22,0,22,140
04/11/2009,MOD,CA,AWP,WE,Federal Contract Tower,0,10,13,0,23,0,9,77,0,86,0,19,90,0,109,10,0,10,119
04/12/2009,MOD,CA,AWP,WE,Federal Contract Tower,0,8,27,0,35,0,24,57,0,81,0,32,84,0,116,10,0,10,126
04/13/2009,MOD,CA,AWP,WE,Federal Contract Tower,0,8,24,0,32,0,16,44,0,60,0,24,68,0,92,14,0,14,106
04/14/2009,MOD,CA,AWP,WE,Federal Contract Tower,0,17,12,0,29,0,8,17,0,25,0,25,29,0,54,0,0,0,54
04/15/2009,MOD,CA,AWP,WE,Federal Contract Tower,0,15,23,0,38,0,17,42,0,59,0,32,65,0,97,2,0,2,99
04/16/2009,MOD,CA,AWP,WE,Federal Contract Tower,0,10,16,0,26,0,13,63,0,76,0,23,79,0,102,11,0,11,113
04/17/2009,MOD,CA,AWP,WE,Federal Contract Tower,0,12,28,0,40,0,26,91,2,119,0,38,119,2,159,26,0,26,185
04/18/2009,MOD,CA,AWP,WE,Federal Contract Tower,0,13,32,0,45,0,16,84,0,100,0,29,116,0,145,64,0,64,209
04/19/2009,MOD,CA,AWP,WE,Federal Contract Tower,0,7,41,0,48,0,19,47,0,66,0,26,88,0,114,32,0,32,146
04/20/2009,MOD,CA,AWP,WE,Federal Contract Tower,0,8,30,0,38,0,17,48,0,65,0,25,78,0,103,26,0,26,129
04/21/2009,MOD,CA,AWP,WE,Federal Contract Tower,0,9,21,0,30,0,17,45,0,62,0,26,66,0,92,20,0,20,112
04/22/2009,MOD,CA,AWP,WE,Federal Contract Tower,0,17,21,0,38,0,13,61,2,76,0,30,82,2,114,2,0,2,116
04/23/2009,MOD,CA,AWP,WE,Federal Contract Tower,0,15,49,0,64,0,37,62,0,99,0,52,111,0,163,10,0,10,173
04/24/2009,MOD,CA,AWP,WE,Federal Contract Tower,0,18,35,0,53,0,19,55,2,76,0,37,90,2,129,14,0,14,143
04/25/2009,MOD,CA,AWP,WE,Federal Contract Tower,0,8,18,0,26,0,28,67,0,95,0,36,85,0,121,12,0,12,133
04/26/2009,MOD,CA,AWP,WE,Federal Contract Tower,0,12,34,0,46,0,15,57,0,72,0,27,91,0,118,18,0,18,136
04/27/2009,MOD,CA,AWP,WE,Federal Contract Tower,0,17,13,0,30,0,13,41,0,54,0,30,54,0,84,8,0,8,92
04/28/2009,MOD,CA,AWP,WE,Federal Contract Tower,0,12,20,0,32,0,3,28,0,31,0,15,48,0,63,12,0,12,75
04/29/2009,MOD,CA,AWP,WE,Federal Contract Tower,0,17,35,1,53,0,16,81,0,97,0,33,116,1,150,19,0,19,169
04/30/2009,MOD,CA,AWP,WE,Federal Contract Tower,0,13,42,0,55,0,19,67,0,86,0,32,109,0,141,12,0,12,153
05/01/2009,MOD,CA,AWP,WE,Federal Contract Tower,0,20,16,0,36,0,16,40,0,56,0,36,56,0,92,16,0,16,108
05/02/2009,MOD,CA,AWP,WE,Federal Contract Tower,0,10,29,0,39,0,21,19,0,40,0,31,48,0,79,8,0,8,87
05/03/2009,MOD,CA,AWP,WE,Federal Contract Tower,0,8,8,0,16,0,6,25,0,31,0,14,33,0,47,0,0,0,47
05/04/2009,MOD,CA,AWP,WE,Federal Contract Tower,0,14,22,0,36,0,21,29,0,50,0,35,51,0,86,14,0,14,100
05/05/2009,MOD,CA,AWP,WE,Federal Contract Tower,0,10,31,0,41,0,6,41,0,47,0,16,72,0,88,24,0,24,112
05/06/2009,MOD,CA,AWP,WE,Federal Contract Tower,0,14,29,0,43,0,27,56,0,83,0,41,85,0,126,26,0,26,152
05/07/2009,MOD,CA,AWP,WE,Federal Contract Tower,0,26,20,0,46,0,20,64,0,84,0,46,84,0,130,11,0,11,141
05/08/2009,MOD,CA,AWP,WE,Federal Contract Tower,0,9,24,0,33,0,24,78,0,102,0,33,102,0,135,10,0,10,145
05/09/2009,MOD,CA,AWP,WE,Federal Contract Tower,0,11,21,0,32,0,32,99,0,131,0,43,120,0,163,40,0,40,203
05/10/2009,MOD,CA,AWP,WE,Federal Contract Tower,0,11,30,0,41,0,15,59,0,74,0,26,89,0,115,18,0,18,133
05/11/2009,MOD,CA,AWP,WE,Federal Contract Tower,0,8,19,0,27,0,21,62,0,83,0,29,81,0,110,22,0,22,132
05/12/2009,MOD,CA,AWP,WE,Federal Contract Tower,0,10,25,0,35,0,15,71,0,86,0,25,96,0,121,8,0,8,129
05/13/2009,MOD,CA,AWP,WE,Federal Contract Tower,0,9,38,2,49,0,20,52,3,75,0,29,90,5,124,14,0,14,138
05/14/2009,MOD,CA,AWP,WE,Federal Contract Tower,0,24,31,0,55,0,49,73,1,123,0,73,104,1,178,34,0,34,212
05/15/2009,MOD,CA,AWP,WE,Federal Contract Tower,0,17,47,0,64,0,30,115,2,147,0,47,162,2,211,32,0,32,243
05/16/2009,MOD,CA,AWP,WE,Federal Contract Tower,0,7,26,0,33,0,23,91,4,118,0,30,117,4,151,252,0,252,403
05/17/2009,MOD,CA,AWP,WE,Federal Contract Tower,0,11,31,0,42,0,28,59,0,87,0,39,90,0,129,10,0,10,139
05/18/2009,MOD,CA,AWP,WE,Federal Contract Tower,0,9,28,0,37,0,16,50,0,66,0,25,78,0,103,16,0,16,119
05/19/2009,MOD,CA,AWP,WE,Federal Contract Tower,0,9,32,0,41,0,8,49,0,57,0,17,81,0,98,30,0,30,128
05/20/2009,MOD,CA,AWP,WE,Federal Contract Tower,0,9,42,0,51,0,0,0,0,0,0,9,42,0,51,53,0,53,104
05/21/2009,MOD,CA,AWP,WE,Federal Contract Tower,0,7,48,0,55,0,10,82,0,92,0,17,130,0,147,59,0,59,206
05/22/2009,MOD,CA,AWP,WE,Federal Contract Tower,0,15,49,0,64,0,29,77,0,106,0,44,126,0,170,24,0,24,194
05/23/2009,MOD,CA,AWP,WE,Federal Contract Tower,0,12,12,0,24,0,50,60,0,110,0,62,72,0,134,62,0,62,196
05/24/2009,MOD,CA,AWP,WE,Federal Contract Tower,0,9,31,0,40,0,22,71,0,93,0,31,102,0,133,16,0,16,149
05/25/2009,MOD,CA,AWP,WE,Federal Contract Tower,0,5,13,0,18,0,12,64,0,76,0,17,77,0,94,20,0,20,114
05/26/2009,MOD,CA,AWP,WE,Federal Contract Tower,0,15,49,0,64,0,9,49,0,58,0,24,98,0,122,28,0,28,150
05/27/2009,MOD,CA,AWP,WE,Federal Contract Tower,0,9,40,0,49,0,16,74,0,90,0,25,114,0,139,24,0,24,163
05/28/2009,MOD,CA,AWP,WE,Federal Contract Tower,0,15,36,0,51,0,17,69,0,86,0,32,105,0,137,60,0,60,197
05/29/2009,MOD,CA,AWP,WE,Federal Contract Tower,0,18,47,0,65,0,26,85,0,111,0,44,132,0,176,25,0,25,201
05/30/2009,MOD,CA,AWP,WE,Federal Contract Tower,0,15,45,0,60,0,18,56,2,76,0,33,101,2,136,36,0,36,172
05/31/2009,MOD,CA,AWP,WE,Federal Contract Tower,0,12,13,0,25,0,22,62,0,84,0,34,75,0,109,66,0,66,175
06/01/2009,MOD,CA,AWP,WE,Federal Contract Tower,0,9,49,0,58,0,45,61,0,106,0,54,110,0,164,30,0,30,194
06/02/2009,MOD,CA,AWP,WE,Federal Contract Tower,0,12,47,0,59,0,12,60,0,72,0,24,107,0,131,32,0,32,163
06/03/2009,MOD,CA,AWP,WE,Federal Contract Tower,0,16,23,0,39,0,22,63,0,85,0,38,86,0,124,22,0,22,146
06/04/2009,MOD,CA,AWP,WE,Federal Contract Tower,0,27,39,0,66,0,18,61,0,79,0,45,100,0,145,32,0,32,177
06/05/2009,MOD,CA,AWP,WE,Federal Contract Tower,0,7,17,0,24,0,10,33,0,43,0,17,50,0,67,8,0,8,75
06/06/2009,MOD,CA,AWP,WE,Federal Contract Tower,0,8,26,0,34,0,17,72,0,89,0,25,98,0,123,12,0,12,135
06/07/2009,MOD,CA,AWP,WE,Federal Contract Tower,0,11,6,0,17,0,15,85,0,100,0,26,91,0,117,28,0,28,145
06/08/2009,MOD,CA,AWP,WE,Federal Contract Tower,0,12,24,0,36,0,16,65,0,81,0,28,89,0,117,40,0,40,157
06/09/2009,MOD,CA,AWP,WE,Federal Contract Tower,0,19,22,0,41,0,24,74,0,98,0,43,96,0,139,66,0,66,205
06/10/2009,MOD,CA,AWP,WE,Federal Contract Tower,0,13,66,0,79,0,26,68,0,94,0,39,134,0,173,41,0,41,214
06/11/2009,MOD,CA,AWP,WE,Federal Contract Tower,0,16,29,0,45,0,32,69,0,101,0,48,98,0,146,30,0,30,176
06/12/2009,MOD,CA,AWP,WE,Federal Contract Tower,0,11,28,0,39,0,16,66,0,82,0,27,94,0,121,51,0,51,172
06/13/2009,MOD,CA,AWP,WE,Federal Contract Tower,0,9,38,0,47,0,24,48,0,72,0,33,86,0,119,30,0,30,149
06/14/2009,MOD,CA,AWP,WE,Federal Contract Tower,0,7,22,0,29,0,23,69,0,92,0,30,91,0,121,64,0,64,185
06/15/2009,MOD,CA,AWP,WE,Federal Contract Tower,0,13,55,0,68,0,10,47,0,57,0,23,102,0,125,48,0,48,173
06/16/2009,MOD,CA,AWP,WE,Federal Contract Tower,0,12,37,0,49,0,13,88,0,101,0,25,125,0,150,64,0,64,214
06/17/2009,MOD,CA,AWP,WE,Federal Contract Tower,0,9,27,0,36,0,18,73,0,91,0,27,100,0,127,76,0,76,203
06/18/2009,MOD,CA,AWP,WE,Federal Contract Tower,0,25,34,2,61,0,24,72,0,96,0,49,106,2,157,68,0,68,225
06/19/2009,MOD,CA,AWP,WE,Federal Contract Tower,0,12,18,0,30,0,39,78,0,117,0,51,96,0,147,54,0,54,201
06/20/2009,MOD,CA,AWP,WE,Federal Contract Tower,0,16,31,0,47,0,32,73,0,105,0,48,104,0,152,48,0,48,200
06/21/2009,MOD,CA,AWP,WE,Federal Contract Tower,0,12,22,0,34,0,7,60,0,67,0,19,82,0,101,25,0,25,126
06/22/2009,MOD,CA,AWP,WE,Federal Contract Tower,0,14,41,0,55,0,26,81,0,107,0,40,122,0,162,28,0,28,190
06/23/2009,MOD,CA,AWP,WE,Federal Contract Tower,0,13,60,0,73,0,20,81,0,101,0,33,141,0,174,54,0,54,228
06/24/2009,MOD,CA,AWP,WE,Federal Contract Tower,0,13,33,2,48,0,19,70,0,89,0,32,103,2,137,28,0,28,165
06/25/2009,MOD,CA,AWP,WE,Federal Contract Tower,0,15,44,0,59,0,26,68,0,94,0,41,112,0,153,12,0,12,165
06/26/2009,MOD,CA,AWP,WE,Federal Contract Tower,0,14,39,0,53,0,39,43,0,82,0,53,82,0,135,32,0,32,167
06/27/2009,MOD,CA,AWP,WE,Federal Contract Tower,0,8,14,0,22,0,31,46,0,77,0,39,60,0,99,2,0,2,101
06/28/2009,MOD,CA,AWP,WE,Federal Contract Tower,0,13,11,0,24,0,8,53,2,63,0,21,64,2,87,12,0,12,99
06/29/2009,MOD,CA,AWP,WE,Federal Contract Tower,0,13,46,0,59,0,16,68,0,84,0,29,114,0,143,10,0,10,153
06/30/2009,MOD,CA,AWP,WE,Federal Contract Tower,0,12,32,0,44,0,16,69,0,85,0,28,101,0,129,16,0,16,145
07/01/2009,MOD,CA,AWP,WE,Federal Contract Tower,0,11,31,0,42,0,22,41,2,65,0,33,72,2,107,58,0,58,165
07/02/2009,MOD,CA,AWP,WE,Federal Contract Tower,0,17,33,0,50,0,29,71,0,100,0,46,104,0,150,15,0,15,165
07/03/2009,MOD,CA,AWP,WE,Federal Contract Tower,0,11,23,0,34,0,25,66,0,91,0,36,89,0,125,6,0,6,131
07/04/2009,MOD,CA,AWP,WE,Federal Contract Tower,0,4,1,0,5,0,21,81,0,102,0,25,82,0,107,5,0,5,112
07/05/2009,MOD,CA,AWP,WE,Federal Contract Tower,0,9,26,0,35,0,7,28,0,35,0,16,54,0,70,6,0,6,76
07/06/2009,MOD,CA,AWP,WE,Federal Contract Tower,0,8,39,0,47,0,9,44,0,53,0,17,83,0,100,10,0,10,110
07/07/2009,MOD,CA,AWP,WE,Federal Contract Tower,0,8,37,0,45,0,10,51,0,61,0,18,88,0,106,12,0,12,118
07/08/2009,MOD,CA,AWP,WE,Federal Contract Tower,0,5,12,2,19,0,26,85,0,111,0,31,97,2,130,23,0,23,153
07/09/2009,MOD,CA,AWP,WE,Federal Contract Tower,0,11,28,0,39,0,19,74,0,93,0,30,102,0,132,39,0,39,171
07/10/2009,MOD,CA,AWP,WE,Federal Contract Tower,0,11,41,0,52,0,10,60,0,70,0,21,101,0,122,18,0,18,140
07/11/2009,MOD,CA,AWP,WE,Federal Contract Tower,0,7,18,0,25,0,25,102,0,127,0,32,120,0,152,37,0,37,189
07/12/2009,MOD,CA,AWP,WE,Federal Contract Tower,0,10,8,0,18,0,13,66,0,79,0,23,74,0,97,34,0,34,131
07/13/2009,MOD,CA,AWP,WE,Federal Contract Tower,0,8,20,0,28,0,9,55,0,64,0,17,75,0,92,32,0,32,124
07/14/2009,MOD,CA,AWP,WE,Federal Contract Tower,0,10,10,4,24,0,37,78,0,115,0,47,88,4,139,16,0,16,155
07/15/2009,MOD,CA,AWP,WE,Federal Contract Tower,0,15,31,0,46,0,19,56,0,75,0,34,87,0,121,24,0,24,145
07/16/2009,MOD,CA,AWP,WE,Federal Contract Tower,0,10,33,0,43,0,19,53,0,72,0,29,86,0,115,27,0,27,142
07/17/2009,MOD,CA,AWP,WE,Federal Contract Tower,0,10,9,4,23,0,16,49,0,65,0,26,58,4,88,2,0,2,90
07/18/2009,MOD,CA,AWP,WE,Federal Contract Tower,8,34,0,0,42,0,9,65,0,74,8,43,65,0,116,6,0,6,122
07/19/2009,MOD,CA,AWP,WE,Federal Contract Tower,0,7,27,0,34,0,17,69,0,86,0,24,96,0,120,28,0,28,148
07/20/2009,MOD,CA,AWP,WE,Federal Contract Tower,0,11,25,0,36,0,9,56,0,65,0,20,81,0,101,42,0,42,143
07/21/2009,MOD,CA,AWP,WE,Federal Contract Tower,0,8,36,0,44,0,17,52,0,69,0,25,88,0,113,4,0,4,117
07/22/2009,MOD,CA,AWP,WE,Federal Contract Tower,0,12,22,0,34,0,18,62,0,80,0,30,84,0,114,34,0,34,148
07/23/2009,MOD,CA,AWP,WE,Federal Contract Tower,0,13,33,0,46,0,20,67,0,87,0,33,100,0,133,26,0,26,159
07/24/2009,MOD,CA,AWP,WE,Federal Contract Tower,0,10,23,1,34,0,18,68,1,87,0,28,91,2,121,8,0,8,129
07/25/2009,MOD,CA,AWP,WE,Federal Contract Tower,0,13,22,0,35,0,14,65,0,79,0,27,87,0,114,36,0,36,150
07/26/2009,MOD,CA,AWP,WE,Federal Contract Tower,0,11,6,0,17,0,15,74,0,89,0,26,80,0,106,35,0,35,141
07/27/2009,MOD,CA,AWP,WE,Federal Contract Tower,0,9,30,0,39,0,17,57,0,74,0,26,87,0,113,20,0,20,133
07/28/2009,MOD,CA,AWP,WE,Federal Contract Tower,0,7,17,2,26,0,33,63,0,96,0,40,80,2,122,14,0,14,136
07/29/2009,MOD,CA,AWP,WE,Federal Contract Tower,0,13,14,0,27,0,12,65,0,77,0,25,79,0,104,6,0,6,110
07/30/2009,MOD,CA,AWP,WE,Federal Contract Tower,0,14,21,0,35,0,12,63,0,75,0,26,84,0,110,26,0,26,136
07/31/2009,MOD,CA,AWP,WE,Federal Contract Tower,0,20,14,0,34,0,16,71,0,87,0,36,85,0,121,36,0,36,157
08/01/2009,MOD,CA,AWP,WE,Federal Contract Tower,0,10,26,0,36,0,35,76,0,111,0,45,102,0,147,28,0,28,175
08/02/2009,MOD,CA,AWP,WE,Federal Contract Tower,0,11,11,0,22,0,10,75,2,87,0,21,86,2,109,14,0,14,123
08/03/2009,MOD,CA,AWP,WE,Federal Contract Tower,0,8,29,1,38,0,11,59,1,71,0,19,88,2,109,32,0,32,141
08/04/2009,MOD,CA,AWP,WE,Federal Contract Tower,0,14,41,0,55,0,21,87,0,108,0,35,128,0,163,18,0,18,181
08/05/2009,MOD,CA,AWP,WE,Federal Contract Tower,0,9,24,0,33,0,22,61,0,83,0,31,85,0,116,17,0,17,133
08/06/2009,MOD,CA,AWP,WE,Federal Contract Tower,0,15,27,0,42,0,16,73,0,89,0,31,100,0,131,16,0,16,147
08/07/2009,MOD,CA,AWP,WE,Federal Contract Tower,0,15,25,0,40,0,27,76,0,103,0,42,101,0,143,22,0,22,165
08/08/2009,MOD,CA,AWP,WE,Federal Contract Tower,0,9,15,0,24,0,17,118,0,135,0,26,133,0,159,46,0,46,205
08/09/2009,MOD,CA,AWP,WE,Federal Contract Tower,0,10,21,0,31,0,18,82,0,100,0,28,103,0,131,58,0,58,189
08/10/2009,MOD,CA,AWP,WE,Federal Contract Tower,0,9,39,0,48,0,15,71,0,86,0,24,110,0,134,98,0,98,232
08/11/2009,MOD,CA,AWP,WE,Federal Contract Tower,0,11,26,0,37,0,6,72,0,78,0,17,98,0,115,32,0,32,147
08/12/2009,MOD,CA,AWP,WE,Federal Contract Tower,0,12,29,2,43,0,9,81,0,90,0,21,110,2,133,32,0,32,165
08/13/2009,MOD,CA,AWP,WE,Federal Contract Tower,0,17,25,0,42,0,22,90,0,112,0,39,115,0,154,45,0,45,199
08/14/2009,MOD,CA,AWP,WE,Federal Contract Tower,0,17,30,0,47,0,34,68,0,102,0,51,98,0,149,92,0,92,241
08/15/2009,MOD,CA,AWP,WE,Federal Contract Tower,0,12,19,0,31,0,24,78,2,104,0,36,97,2,135,51,0,51,186
08/16/2009,MOD,CA,AWP,WE,Federal Contract Tower,0,14,9,0,23,0,10,79,0,89,0,24,88,0,112,30,0,30,142
08/17/2009,MOD,CA,AWP,WE,Federal Contract Tower,0,15,23,0,38,0,6,56,2,64,0,21,79,2,102,10,0,10,112
08/18/2009,MOD,CA,AWP,WE,Federal Contract Tower,0,11,59,0,70,0,6,75,0,81,0,17,134,0,151,10,0,10,161
08/19/2009,MOD,CA,AWP,WE,Federal Contract Tower,0,14,34,0,48,0,16,59,0,75,0,30,93,0,123,24,2,26,149
08/20/2009,MOD,CA,AWP,WE,Federal Contract Tower,0,16,36,0,52,0,31,55,0,86,0,47,91,0,138,30,0,30,168
08/21/2009,MOD,CA,AWP,WE,Federal Contract Tower,0,11,23,0,34,0,31,79,0,110,0,42,102,0,144,20,0,20,164
08/22/2009,MOD,CA,AWP,WE,Federal Contract Tower,0,12,21,0,33,0,23,63,0,86,0,35,84,0,119,32,0,32,151
08/23/2009,MOD,CA,AWP,WE,Federal Contract Tower,0,12,5,0,17,0,12,78,0,90,0,24,83,0,107,12,0,12,119
08/24/2009,MOD,CA,AWP,WE,Federal Contract Tower,0,9,26,0,35,0,16,60,0,76,0,25,86,0,111,20,0,20,131
08/25/2009,MOD,CA,AWP,WE,Federal Contract Tower,0,6,38,0,44,0,23,57,0,80,0,29,95,0,124,30,0,30,154
08/26/2009,MOD,CA,AWP,WE,Federal Contract Tower,0,10,16,0,26,0,13,68,0,81,0,23,84,0,107,33,0,33,140
08/27/2009,MOD,CA,AWP,WE,Federal Contract Tower,0,15,39,0,54,0,24,65,0,89,0,39,104,0,143,18,0,18,161
08/28/2009,MOD,CA,AWP,WE,Federal Contract Tower,0,17,32,0,49,0,28,91,0,119,0,45,123,0,168,12,0,12,180
08/29/2009,MOD,CA,AWP,WE,Federal Contract Tower,0,10,12,0,22,0,16,108,1,125,0,26,120,1,147,12,0,12,159
08/30/2009,MOD,CA,AWP,WE,Federal Contract Tower,0,12,31,0,43,0,21,64,0,85,0,33,95,0,128,30,0,30,158
08/31/2009,MOD,CA,AWP,WE,Federal Contract Tower,0,8,13,0,21,0,16,58,0,74,0,24,71,0,95,22,0,22,117
09/01/2009,MOD,CA,AWP,WE,Federal Contract Tower,0,12,24,0,36,0,14,47,0,61,0,26,71,0,97,18,0,18,115
09/02/2009,MOD,CA,AWP,WE,Federal Contract Tower,0,9,14,0,23,0,17,70,2,89,0,26,84,2,112,0,0,0,112
09/03/2009,MOD,CA,AWP,WE,Federal Contract Tower,0,11,25,0,36,0,23,62,2,87,0,34,87,2,123,19,0,19,142
09/04/2009,MOD,CA,AWP,WE,Federal Contract Tower,0,10,29,0,39,0,32,81,0,113,0,42,110,0,152,34,0,34,186
09/05/2009,MOD,CA,AWP,WE,Federal Contract Tower,0,7,1,0,8,0,20,71,0,91,0,27,72,0,99,51,0,51,150
09/06/2009,MOD,CA,AWP,WE,Federal Contract Tower,0,4,10,0,14,0,30,42,2,74,0,34,52,2,88,15,0,15,103
09/07/2009,MOD,CA,AWP,WE,Federal Contract Tower,0,13,14,0,27,0,8,93,0,101,0,21,107,0,128,10,0,10,138
09/08/2009,MOD,CA,AWP,WE,Federal Contract Tower,0,11,15,0,26,0,18,65,0,83,0,29,80,0,109,8,0,8,117
09/09/2009,MOD,CA,AWP,WE,Federal Contract Tower,0,12,12,0,24,0,13,34,0,47,0,25,46,0,71,2,0,2,73
09/10/2009,MOD,CA,AWP,WE,Federal Contract Tower,0,11,28,0,39,0,27,78,0,105,0,38,106,0,144,44,0,44,188
09/11/2009,MOD,CA,AWP,WE,Federal Contract Tower,0,11,28,0,39,0,30,60,0,90,0,41,88,0,129,32,0,32,161
09/12/2009,MOD,CA,AWP,WE,Federal Contract Tower,0,8,18,0,26,0,13,46,0,59,0,21,64,0,85,16,0,16,101
09/13/2009,MOD,CA,AWP,WE,Federal Contract Tower,0,15,12,0,27,0,9,69,0,78,0,24,81,0,105,30,0,30,135
09/14/2009,MOD,CA,AWP,WE,Federal Contract Tower,0,12,26,0,38,0,14,38,0,52,0,26,64,0,90,12,0,12,102
09/15/2009,MOD,CA,AWP,WE,Federal Contract Tower,0,15,35,0,50,0,15,66,0,81,0,30,101,0,131,22,0,22,153
09/16/2009,MOD,CA,AWP,WE,Federal Contract Tower,0,12,44,0,56,0,13,59,0,72,0,25,103,0,128,25,0,25,153
09/17/2009,MOD,CA,AWP,WE,Federal Contract Tower,0,13,24,0,37,0,17,39,0,56,0,30,63,0,93,36,0,36,129
09/18/2009,MOD,CA,AWP,WE,Federal Contract Tower,0,12,21,0,33,0,21,77,0,98,0,33,98,0,131,24,0,24,155
09/19/2009,MOD,CA,AWP,WE,Federal Contract Tower,0,8,8,0,16,0,21,85,0,106,0,29,93,0,122,44,0,44,166
09/20/2009,MOD,CA,AWP,WE,Federal Contract Tower,0,11,12,0,23,0,8,71,0,79,0,19,83,0,102,24,0,24,126
09/21/2009,MOD,CA,AWP,WE,Federal Contract Tower,0,9,20,0,29,0,18,64,0,82,0,27,84,0,111,46,0,46,157
09/22/2009,MOD,CA,AWP,WE,Federal Contract Tower,0,8,31,0,39,0,4,58,0,62,0,12,89,0,101,42,0,42,143
09/23/2009,MOD,CA,AWP,WE,Federal Contract Tower,0,5,21,0,26,0,8,62,0,70,0,13,83,0,96,28,0,28,124
09/24/2009,MOD,CA,AWP,WE,Federal Contract Tower,0,12,31,0,43,0,38,76,0,114,0,50,107,0,157,31,0,31,188
09/25/2009,MOD,CA,AWP,WE,Federal Contract Tower,0,11,22,0,33,0,30,85,0,115,0,41,107,0,148,12,0,12,160
09/26/2009,MOD,CA,AWP,WE,Federal Contract Tower,0,14,10,0,24,0,8,64,0,72,0,22,74,0,96,32,0,32,128
09/27/2009,MOD,CA,AWP,WE,Federal Contract Tower,0,7,6,0,13,0,19,76,0,95,0,26,82,0,108,18,0,18,126
09/28/2009,MOD,CA,AWP,WE,Federal Contract Tower,0,15,30,0,45,0,6,53,0,59,0,21,83,0,104,24,0,24,128
09/29/2009,MOD,CA,AWP,WE,Federal Contract Tower,0,14,31,0,45,0,20,35,0,55,0,34,66,0,100,14,0,14,114
09/30/2009,MOD,CA,AWP,WE,Federal Contract Tower,0,9,12,0,21,0,22,65,0,87,0,31,77,0,108,28,0,28,136
10/01/2009,MOD,CA,AWP,WE,Federal Contract Tower,0,11,22,0,33,0,14,57,0,71,0,25,79,0,104,30,0,30,134
10/02/2009,MOD,CA,AWP,WE,Federal Contract Tower,0,15,23,0,38,0,24,96,0,120,0,39,119,0,158,60,0,60,218
10/03/2009,MOD,CA,AWP,WE,Federal Contract Tower,0,9,7,0,16,0,8,58,0,66,0,17,65,0,82,24,0,24,106
10/04/2009,MOD,CA,AWP,WE,Federal Contract Tower,0,13,12,4,29,0,7,67,0,74,0,20,79,4,103,16,0,16,119
10/05/2009,MOD,CA,AWP,WE,Federal Contract Tower,0,8,36,0,44,0,16,45,0,61,0,24,81,0,105,32,0,32,137
10/06/2009,MOD,CA,AWP,WE,Federal Contract Tower,0,9,35,0,44,0,13,56,0,69,0,22,91,0,113,28,0,28,141
10/07/2009,MOD,CA,AWP,WE,Federal Contract Tower,0,13,27,0,40,0,14,53,0,67,0,27,80,0,107,20,0,20,127
10/08/2009,MOD,CA,AWP,WE,Federal Contract Tower,0,15,16,0,31,0,36,58,0,94,0,51,74,0,125,38,0,38,163
10/09/2009,MOD,CA,AWP,WE,Federal Contract Tower,0,14,12,0,26,0,30,59,0,89,0,44,71,0,115,22,0,22,137
10/10/2009,MOD,CA,AWP,WE,Federal Contract Tower,0,13,6,0,19,0,12,64,0,76,0,25,70,0,95,24,0,24,119
10/11/2009,MOD,CA,AWP,WE,Federal Contract Tower,0,14,6,0,20,0,13,51,0,64,0,27,57,0,84,10,0,10,94
10/12/2009,MOD,CA,AWP,WE,Federal Contract Tower,0,10,13,0,23,0,19,33,0,52,0,29,46,0,75,8,0,8,83
10/13/2009,MOD,CA,AWP,WE,Federal Contract Tower,0,15,3,0,18,0,5,5,0,10,0,20,8,0,28,0,0,0,28
10/14/2009,MOD,CA,AWP,WE,Federal Contract Tower,0,19,13,2,34,0,11,15,0,26,0,30,28,2,60,2,0,2,62
10/15/2009,MOD,CA,AWP,WE,Federal Contract Tower,0,10,19,0,29,0,20,35,0,55,0,30,54,0,84,16,0,16,100
10/16/2009,MOD,CA,AWP,WE,Federal Contract Tower,0,18,26,0,44,0,9,70,0,79,0,27,96,0,123,14,0,14,137
10/17/2009,MOD,CA,AWP,WE,Federal Contract Tower,0,6,4,0,10,0,11,32,0,43,0,17,36,0,53,52,0,52,105
10/18/2009,MOD,CA,AWP,WE,Federal Contract Tower,0,10,11,0,21,0,20,69,0,89,0,30,80,0,110,24,0,24,134
10/19/2009,MOD,CA,AWP,WE,Federal Contract Tower,0,15,20,0,35,0,10,35,2,47,0,25,55,2,82,0,0,0,82
10/20/2009,MOD,CA,AWP,WE,Federal Contract Tower,0,12,9,0,21,0,19,67,0,86,0,31,76,0,107,10,0,10,117
10/21/2009,MOD,CA,AWP,WE,Federal Contract Tower,0,17,4,0,21,0,21,56,0,77,0,38,60,0,98,26,0,26,124
10/22/2009,MOD,CA,AWP,WE,Federal Contract Tower,0,18,21,0,39,0,33,60,0,93,0,51,81,0,132,40,0,40,172
10/23/2009,MOD,CA,AWP,WE,Federal Contract Tower,0,12,17,0,29,0,28,73,0,101,0,40,90,0,130,34,0,34,164
10/24/2009,MOD,CA,AWP,WE,Federal Contract Tower,0,11,24,0,35,0,10,99,0,109,0,21,123,0,144,92,0,92,236
10/25/2009,MOD,CA,AWP,WE,Federal Contract Tower,0,11,19,0,30,0,19,81,0,100,0,30,100,0,130,24,0,24,154
10/26/2009,MOD,CA,AWP,WE,Federal Contract Tower,0,13,15,0,28,0,9,52,0,61,0,22,67,0,89,32,0,32,121
10/27/2009,MOD,CA,AWP,WE,Federal Contract Tower,0,12,6,0,18,0,16,45,0,61,0,28,51,0,79,10,0,10,89
10/28/2009,MOD,CA,AWP,WE,Federal Contract Tower,0,11,18,0,29,0,17,44,0,61,0,28,62,0,90,2,0,2,92
10/29/2009,MOD,CA,AWP,WE,Federal Contract Tower,0,18,46,0,64,0,33,74,0,107,0,51,120,0,171,22,0,22,193
10/30/2009,MOD,CA,AWP,WE,Federal Contract Tower,0,8,27,0,35,0,26,82,0,108,0,34,109,0,143,38,0,38,181
10/31/2009,MOD,CA,AWP,WE,Federal Contract Tower,0,7,15,0,22,0,11,61,0,72,0,18,76,0,94,10,0,10,104
11/01/2009,MOD,CA,AWP,WE,Federal Contract Tower,0,13,7,0,20,0,8,82,0,90,0,21,89,0,110,55,0,55,165
11/02/2009,MOD,CA,AWP,WE,Federal Contract Tower,0,12,19,0,31,0,19,69,0,88,0,31,88,0,119,24,0,24,143
11/03/2009,MOD,CA,AWP,WE,Federal Contract Tower,0,9,15,0,24,0,18,79,0,97,0,27,94,0,121,20,0,20,141
11/04/2009,MOD,CA,AWP,WE,Federal Contract Tower,0,11,24,0,35,0,11,71,0,82,0,22,95,0,117,20,0,20,137
11/05/2009,MOD,CA,AWP,WE,Federal Contract Tower,0,10,19,0,29,0,22,74,0,96,0,32,93,0,125,6,0,6,131
11/06/2009,MOD,CA,AWP,WE,Federal Contract Tower,0,13,14,0,27,0,13,71,0,84,0,26,85,0,111,10,0,10,121
11/07/2009,MOD,CA,AWP,WE,Federal Contract Tower,0,13,13,0,26,0,16,50,0,66,0,29,63,0,92,10,0,10,102
11/08/2009,MOD,CA,AWP,WE,Federal Contract Tower,0,11,17,0,28,0,9,81,0,90,0,20,98,0,118,46,0,46,164
11/09/2009,MOD,CA,AWP,WE,Federal Contract Tower,0,7,33,0,40,0,10,52,0,62,0,17,85,0,102,28,0,28,130
11/10/2009,MOD,CA,AWP,WE,Federal Contract Tower,0,13,39,0,52,0,11,62,0,73,0,24,101,0,125,2,0,2,127
11/11/2009,MOD,CA,AWP,WE,Federal Contract Tower,0,13,8,0,21,0,14,46,0,60,0,27,54,0,81,23,0,23,104
11/12/2009,MOD,CA,AWP,WE,Federal Contract Tower,0,7,38,0,45,0,15,50,0,65,0,22,88,0,110,16,0,16,126
11/13/2009,MOD,CA,AWP,WE,Federal Contract Tower,0,17,24,0,41,0,23,92,0,115,0,40,116,0,156,24,0,24,180
11/14/2009,MOD,CA,AWP,WE,Federal Contract Tower,0,11,17,0,28,0,10,96,0,106,0,21,113,0,134,26,0,26,160
11/15/2009,MOD,CA,AWP,WE,Federal Contract Tower,0,13,25,0,38,0,9,64,0,73,0,22,89,0,111,10,0,10,121
11/16/2009,MOD,CA,AWP,WE,Federal Contract Tower,0,11,25,0,36,0,10,63,0,73,0,21,88,0,109,24,0,24,133
11/17/2009,MOD,CA,AWP,WE,Federal Contract Tower,0,9,12,0,21,0,12,61,0,73,0,21,73,0,94,36,0,36,130
11/18/2009,MOD,CA,AWP,WE,Federal Contract Tower,0,10,33,0,43,0,9,73,2,84,0,19,106,2,127,12,0,12,139
11/19/2009,MOD,CA,AWP,WE,Federal Contract Tower,0,9,18,4,31,0,26,57,0,83,0,35,75,4,114,20,0,20,134
11/20/2009,MOD,CA,AWP,WE,Federal Contract Tower,0,13,15,0,28,0,19,28,0,47,0,32,43,0,75,0,0,0,75
11/21/2009,MOD,CA,AWP,WE,Federal Contract Tower,0,14,33,0,47,0,19,59,0,78,0,33,92,0,125,8,0,8,133
11/22/2009,MOD,CA,AWP,WE,Federal Contract Tower,0,13,3,0,16,0,16,58,0,74,0,29,61,0,90,18,0,18,108
11/23/2009,MOD,CA,AWP,WE,Federal Contract Tower,0,11,7,0,18,0,19,69,0,88,0,30,76,0,106,48,0,48,154
11/24/2009,MOD,CA,AWP,WE,Federal Contract Tower,0,10,21,0,31,0,12,56,0,68,0,22,77,0,99,24,0,24,123
11/25/2009,MOD,CA,AWP,WE,Federal Contract Tower,0,11,15,0,26,0,10,71,0,81,0,21,86,0,107,47,0,47,154
11/26/2009,MOD,CA,AWP,WE,Federal Contract Tower,0,7,0,0,7,0,15,25,0,40,0,22,25,0,47,28,0,28,75
11/27/2009,MOD,CA,AWP,WE,Federal Contract Tower,0,11,11,0,22,0,15,33,0,48,0,26,44,0,70,4,0,4,74
11/28/2009,MOD,CA,AWP,WE,Federal Contract Tower,0,12,2,0,14,0,20,36,0,56,0,32,38,0,70,2,0,2,72
11/29/2009,MOD,CA,AWP,WE,Federal Contract Tower,0,11,14,0,25,0,7,60,0,67,0,18,74,0,92,18,0,18,110
11/30/2009,MOD,CA,AWP,WE,Federal Contract Tower,0,13,12,0,25,0,11,58,0,69,0,24,70,0,94,44,0,44,138
12/01/2009,MOD,CA,AWP,WE,Federal Contract Tower,0,17,18,0,35,0,13,42,0,55,0,30,60,0,90,4,0,4,94
12/02/2009,MOD,CA,AWP,WE,Federal Contract Tower,0,11,9,0,20,0,9,59,2,70,0,20,68,2,90,8,0,8,98
12/03/2009,MOD,CA,AWP,WE,Federal Contract Tower,0,16,13,0,29,0,28,35,0,63,0,44,48,0,92,10,0,10,102
12/04/2009,MOD,CA,AWP,WE,Federal Contract Tower,0,24,20,0,44,0,21,36,0,57,0,45,56,0,101,30,0,30,131
12/05/2009,MOD,CA,AWP,WE,Federal Contract Tower,0,11,14,0,25,0,17,18,0,35,0,28,32,0,60,6,0,6,66
12/06/2009,MOD,CA,AWP,WE,Federal Contract Tower,0,7,11,0,18,0,0,14,0,14,0,7,25,0,32,0,0,0,32
12/07/2009,MOD,CA,AWP,WE,Federal Contract Tower,0,12,1,0,13,0,8,14,0,22,0,20,15,0,35,0,0,0,35
12/08/2009,MOD,CA,AWP,WE,Federal Contract Tower,0,12,21,0,33,0,18,58,2,78,0,30,79,2,111,38,2,40,151
12/09/2009,MOD,CA,AWP,WE,Federal Contract Tower,0,11,26,0,37,0,31,78,0,109,0,42,104,0,146,59,0,59,205
12/10/2009,MOD,CA,AWP,WE,Federal Contract Tower,0,12,21,0,33,0,16,38,0,54,0,28,59,0,87,26,0,26,113
12/11/2009,MOD,CA,AWP,WE,Federal Contract Tower,0,21,8,0,29,0,0,0,0,0,0,21,8,0,29,0,0,0,29
12/12/2009,MOD,CA,AWP,WE,Federal Contract Tower,0,14,7,0,21,0,5,5,0,10,0,19,12,0,31,0,0,0,31
12/13/2009,MOD,CA,AWP,WE,Federal Contract Tower,0,9,15,0,24,0,2,10,0,12,0,11,25,0,36,18,0,18,54
12/14/2009,MOD,CA,AWP,WE,Federal Contract Tower,0,12,15,0,27,0,8,30,0,38,0,20,45,0,65,40,0,40,105
12/15/2009,MOD,CA,AWP,WE,Federal Contract Tower,0,12,23,0,35,0,12,50,0,62,0,24,73,0,97,22,0,22,119
12/16/2009,MOD,CA,AWP,WE,Federal Contract Tower,0,7,20,0,27,0,0,2,0,2,0,7,22,0,29,0,0,0,29
12/17/2009,MOD,CA,AWP,WE,Federal Contract Tower,0,20,19,0,39,0,2,8,0,10,0,22,27,0,49,22,0,22,71
12/18/2009,MOD,CA,AWP,WE,Federal Contract Tower,0,14,20,0,34,0,3,7,0,10,0,17,27,0,44,0,0,0,44
12/19/2009,MOD,CA,AWP,WE,Federal Contract Tower,0,10,11,0,21,0,5,15,0,20,0,15,26,0,41,48,0,48,89
12/20/2009,MOD,CA,AWP,WE,Federal Contract Tower,0,17,18,0,35,0,2,8,0,10,0,19,26,0,45,0,0,0,45
12/21/2009,MOD,CA,AWP,WE,Federal Contract Tower,0,25,12,2,39,0,0,2,0,2,0,25,14,2,41,0,0,0,41
12/22/2009,MOD,CA,AWP,WE,Federal Contract Tower,0,7,8,0,15,0,0,0,0,0,0,7,8,0,15,6,0,6,21
12/23/2009,MOD,CA,AWP,WE,Federal Contract Tower,0,10,10,0,20,0,7,48,0,55,0,17,58,0,75,0,0,0,75
12/24/2009,MOD,CA,AWP,WE,Federal Contract Tower,0,8,11,0,19,0,5,32,0,37,0,13,43,0,56,8,0,8,64
12/25/2009,MOD,CA,AWP,WE,Federal Contract Tower,0,9,7,0,16,0,4,8,0,12,0,13,15,0,28,0,0,0,28
12/26/2009,MOD,CA,AWP,WE,Federal Contract Tower,0,10,14,0,24,0,2,22,0,24,0,12,36,0,48,0,0,0,48
12/27/2009,MOD,CA,AWP,WE,Federal Contract Tower,0,8,16,0,24,0,4,22,0,26,0,12,38,0,50,10,0,10,60
12/28/2009,MOD,CA,AWP,WE,Federal Contract Tower,0,13,24,0,37,0,0,0,0,0,0,13,24,0,37,0,0,0,37
12/29/2009,MOD,CA,AWP,WE,Federal Contract Tower,0,14,13,0,27,0,14,26,0,40,0,28,39,0,67,2,0,2,69
12/30/2009,MOD,CA,AWP,WE,Federal Contract Tower,0,9,24,0,33,0,6,23,0,29,0,15,47,0,62,15,0,15,77
12/31/2009,MOD,CA,AWP,WE,Federal Contract Tower,0,9,12,0,21,0,1,6,0,7,0,10,18,0,28,0,0,0,28
01/01/2010,MOD,CA,AWP,WE,Federal Contract Tower,0,8,10,0,18,0,14,30,0,44,0,22,40,0,62,0,0,0,62
01/02/2010,MOD,CA,AWP,WE,Federal Contract Tower,0,9,15,0,24,0,0,0,0,0,0,9,15,0,24,0,0,0,24
01/03/2010,MOD,CA,AWP,WE,Federal Contract Tower,0,10,17,0,27,0,0,2,0,2,0,10,19,0,29,0,0,0,29
01/04/2010,MOD,CA,AWP,WE,Federal Contract Tower,0,13,28,0,41,0,5,17,0,22,0,18,45,0,63,4,0,4,67
01/05/2010,MOD,CA,AWP,WE,Federal Contract Tower,0,16,20,0,36,0,5,9,0,14,0,21,29,0,50,0,0,0,50
01/06/2010,MOD,CA,AWP,WE,Federal Contract Tower,0,15,34,0,49,0,1,7,0,8,0,16,41,0,57,14,0,14,71
01/07/2010,MOD,CA,AWP,WE,Federal Contract Tower,0,19,20,0,39,0,0,0,0,0,0,19,20,0,39,0,0,0,39
01/08/2010,MOD,CA,AWP,WE,Federal Contract Tower,0,19,22,0,41,0,2,0,0,2,0,21,22,0,43,0,0,0,43
01/09/2010,MOD,CA,AWP,WE,Federal Contract Tower,0,12,21,0,33,0,0,3,0,3,0,12,24,0,36,0,0,0,36
01/10/2010,MOD,CA,AWP,WE,Federal Contract Tower,0,12,24,0,36,0,0,0,0,0,0,12,24,0,36,0,0,0,36
01/11/2010,MOD,CA,AWP,WE,Federal Contract Tower,0,13,19,0,32,0,0,6,0,6,0,13,25,0,38,0,0,0,38
01/12/2010,MOD,CA,AWP,WE,Federal Contract Tower,0,9,34,0,43,0,6,29,0,35,0,15,63,0,78,32,0,32,110
01/13/2010,MOD,CA,AWP,WE,Federal Contract Tower,0,9,34,2,45,0,8,50,0,58,0,17,84,2,103,28,0,28,131
01/14/2010,MOD,CA,AWP,WE,Federal Contract Tower,0,18,21,0,39,0,16,61,0,77,0,34,82,0,116,22,0,22,138
01/15/2010,MOD,CA,AWP,WE,Federal Contract Tower,0,19,19,0,38,0,0,5,0,5,0,19,24,0,43,0,0,0,43
01/16/2010,MOD,CA,AWP,WE,Federal Contract Tower,0,7,10,0,17,0,0,14,0,14,0,7,24,0,31,14,0,14,45
01/17/2010,MOD,CA,AWP,WE,Federal Contract Tower,0,7,12,0,19,0,2,9,0,11,0,9,21,0,30,2,0,2,32
01/18/2010,MOD,CA,AWP,WE,Federal Contract Tower,0,8,5,0,13,0,6,18,0,24,0,14,23,0,37,8,0,8,45
01/19/2010,MOD,CA,AWP,WE,Federal Contract Tower,0,12,5,0,17,0,15,13,0,28,0,27,18,0,45,0,0,0,45
01/20/2010,MOD,CA,AWP,WE,Federal Contract Tower,0,6,0,0,6,0,1,0,0,1,0,7,0,0,7,0,0,0,7
01/21/2010,MOD,CA,AWP,WE,Federal Contract Tower,0,11,7,0,18,0,5,1,0,6,0,16,8,0,24,0,0,0,24
01/22/2010,MOD,CA,AWP,WE,Federal Contract Tower,0,16,6,0,22,0,0,7,0,7,0,16,13,0,29,17,0,17,46
01/23/2010,MOD,CA,AWP,WE,Federal Contract Tower,0,8,11,0,19,0,7,60,0,67,0,15,71,0,86,76,0,76,162
01/24/2010,MOD,CA,AWP,WE,Federal Contract Tower,0,10,23,0,33,0,6,30,0,36,0,16,53,0,69,12,0,12,81
01/25/2010,MOD,CA,AWP,WE,Federal Contract Tower,0,11,15,0,26,0,11,20,0,31,0,22,35,0,57,14,0,14,71
01/26/2010,MOD,CA,AWP,WE,Federal Contract Tower,0,16,13,4,33,0,8,13,0,21,0,24,26,4,54,10,0,10,64
01/27/2010,MOD,CA,AWP,WE,Federal Contract Tower,0,12,21,0,33,0,6,35,0,41,0,18,56,0,74,29,0,29,103
01/28/2010,MOD,CA,AWP,WE,Federal Contract Tower,0,12,11,0,23,0,11,23,0,34,0,23,34,0,57,14,0,14,71
01/29/2010,MOD,CA,AWP,WE,Federal Contract Tower,0,14,21,0,35,0,4,23,0,27,0,18,44,0,62,28,0,28,90
01/30/2010,MOD,CA,AWP,WE,Federal Contract Tower,0,11,22,0,33,0,6,60,0,66,0,17,82,0,99,70,0,70,169
01/31/2010,MOD,CA,AWP,WE,Federal Contract Tower,0,13,20,0,33,0,7,21,1,29,0,20,41,1,62,36,0,36,98
02/01/2010,MOD,CA,AWP,WE,Federal Contract Tower,0,8,40,0,48,0,7,47,0,54,0,15,87,0,102,38,0,38,140
02/02/2010,MOD,CA,AWP,WE,Federal Contract Tower,0,17,27,0,44,0,3,14,0,17,0,20,41,0,61,2,0,2,63
02/03/2010,MOD,CA,AWP,WE,Federal Contract Tower,0,12,27,0,39,0,3,68,0,71,0,15,95,0,110,50,0,50,160
02/04/2010,MOD,CA,AWP,WE,Federal Contract Tower,0,18,22,0,40,0,12,7,0,19,0,30,29,0,59,0,0,0,59
02/05/2010,MOD,CA,AWP,WE,Federal Contract Tower,0,21,19,4,44,0,25,28,0,53,0,46,47,4,97,56,0,56,153
02/06/2010,MOD,CA,AWP,WE,Federal Contract Tower,0,12,10,0,22,0,8,21,0,29,0,20,31,0,51,2,0,2,53
02/07/2010,MOD,CA,AWP,WE,Federal Contract Tower,0,16,24,0,40,0,9,26,0,35,0,25,50,0,75,2,0,2,77
02/08/2010,MOD,CA,AWP,WE,Federal Contract Tower,0,11,22,0,33,0,3,36,0,39,0,14,58,0,72,72,0,72,144
02/09/2010,MOD,CA,AWP,WE,Federal Contract Tower,0,21,31,0,52,0,19,19,0,38,0,40,50,0,90,2,0,2,92
02/10/2010,MOD,CA,AWP,WE,Federal Contract Tower,0,15,23,0,38,0,20,42,0,62,0,35,65,0,100,85,0,85,185
02/11/2010,MOD,CA,AWP,WE,Federal Contract Tower,0,26,17,0,43,0,14,33,0,47,0,40,50,0,90,2,0,2,92
02/12/2010,MOD,CA,AWP,WE,Federal Contract Tower,0,14,22,0,36,0,17,54,0,71,0,31,76,0,107,50,0,50,157
02/13/2010,MOD,CA,AWP,WE,Federal Contract Tower,2,16,20,0,38,0,21,86,0,107,2,37,106,0,145,76,0,76,221
02/14/2010,MOD,CA,AWP,WE,Federal Contract Tower,0,10,12,0,22,0,11,28,0,39,0,21,40,0,61,12,0,12,73
02/15/2010,MOD,CA,AWP,WE,Federal Contract Tower,0,12,30,0,42,0,9,54,0,63,0,21,84,0,105,82,0,82,187
02/16/2010,MOD,CA,AWP,WE,Federal Contract Tower,2,12,20,0,34,0,9,37,0,46,2,21,57,0,80,26,0,26,106
02/17/2010,MOD,CA,AWP,WE,Federal Contract Tower,2,14,32,0,48,0,12,60,0,72,2,26,92,0,120,38,0,38,158
02/18/2010,MOD,CA,AWP,WE,Federal Contract Tower,0,19,21,0,40,0,14,25,0,39,0,33,46,0,79,0,0,0,79
02/19/2010,MOD,CA,AWP,WE,Federal Contract Tower,2,23,37,0,62,0,2,14,0,16,2,25,51,0,78,0,0,0,78
02/20/2010,MOD,CA,AWP,WE,Federal Contract Tower,0,8,27,2,37,0,3,26,0,29,0,11,53,2,66,42,0,42,108
02/21/2010,MOD,CA,AWP,WE,Federal Contract Tower,0,13,16,0,29,0,1,8,0,9,0,14,24,0,38,0,0,0,38
02/22/2010,MOD,CA,AWP,WE,Federal Contract Tower,0,14,15,0,29,0,10,36,0,46,0,24,51,0,75,42,0,42,117
02/23/2010,MOD,CA,AWP,WE,Federal Contract Tower,0,13,9,2,24,0,4,7,2,13,0,17,16,4,37,0,0,0,37
02/24/2010,MOD,CA,AWP,WE,Federal Contract Tower,0,13,15,0,28,0,6,16,0,22,0,19,31,0,50,23,0,23,73
02/25/2010,MOD,CA,AWP,WE,Federal Contract Tower,0,14,11,0,25,0,21,54,0,75,0,35,65,0,100,30,0,30,130
02/26/2010,MOD,CA,AWP,WE,Federal Contract Tower,0,13,4,0,17,0,9,9,0,18,0,22,13,0,35,2,0,2,37
02/27/2010,MOD,CA,AWP,WE,Federal Contract Tower,0,5,27,0,32,0,6,9,0,15,0,11,36,0,47,8,0,8,55
02/28/2010,MOD,CA,AWP,WE,Federal Contract Tower,0,9,13,0,22,0,13,80,0,93,0,22,93,0,115,24,0,24,139
03/01/2010,MOD,CA,AWP,WE,Federal Contract Tower,0,8,12,2,22,0,5,59,2,66,0,13,71,4,88,42,0,42,130
03/02/2010,MOD,CA,AWP,WE,Federal Contract Tower,0,9,26,0,35,0,12,18,0,30,0,21,44,0,65,8,0,8,73
03/03/2010,MOD,CA,AWP,WE,Federal Contract Tower,0,12,17,0,29,0,3,9,0,12,0,15,26,0,41,0,0,0,41
03/04/2010,MOD,CA,AWP,WE,Federal Contract Tower,0,17,26,0,43,0,17,59,0,76,0,34,85,0,119,24,0,24,143
03/05/2010,MOD,CA,AWP,WE,Federal Contract Tower,0,15,15,0,30,0,22,45,0,67,0,37,60,0,97,38,0,38,135
03/06/2010,MOD,CA,AWP,WE,Federal Contract Tower,0,7,24,0,31,0,26,40,0,66,0,33,64,0,97,36,0,36,133
03/07/2010,MOD,CA,AWP,WE,Federal Contract Tower,0,9,19,0,28,0,15,61,0,76,0,24,80,0,104,22,0,22,126
03/08/2010,MOD,CA,AWP,WE,Federal Contract Tower,0,9,20,0,29,0,7,30,0,37,0,16,50,0,66,8,0,8,74
03/09/2010,MOD,CA,AWP,WE,Federal Contract Tower,0,9,18,0,27,0,16,27,0,43,0,25,45,0,70,0,0,0,70
03/10/2010,MOD,CA,AWP,WE,Federal Contract Tower,0,15,13,0,28,0,13,36,0,49,0,28,49,0,77,22,0,22,99
03/11/2010,MOD,CA,AWP,WE,Federal Contract Tower,0,13,24,0,37,0,21,70,0,91,0,34,94,0,128,96,0,96,224
03/12/2010,MOD,CA,AWP,WE,Federal Contract Tower,0,13,20,0,33,0,13,21,0,34,0,26,41,0,67,12,0,12,79
03/13/2010,MOD,CA,AWP,WE,Federal Contract Tower,0,5,19,0,24,0,13,62,0,75,0,18,81,0,99,20,0,20,119
03/14/2010,MOD,CA,AWP,WE,Federal Contract Tower,0,13,19,0,32,0,11,73,0,84,0,24,92,0,116,16,0,16,132
03/15/2010,MOD,CA,AWP,WE,Federal Contract Tower,0,12,11,0,23,0,13,65,0,78,0,25,76,0,101,47,4,51,152
03/16/2010,MOD,CA,AWP,WE,Federal Contract Tower,0,12,29,0,41,0,14,55,0,69,0,26,84,0,110,46,0,46,156
03/17/2010,MOD,CA,AWP,WE,Federal Contract Tower,0,11,24,0,35,0,12,76,0,88,0,23,100,0,123,18,0,18,141
03/18/2010,MOD,CA,AWP,WE,Federal Contract Tower,0,13,41,0,54,0,7,64,0,71,0,20,105,0,125,24,0,24,149
03/19/2010,MOD,CA,AWP,WE,Federal Contract Tower,0,22,19,0,41,0,21,73,0,94,0,43,92,0,135,70,0,70,205
03/20/2010,MOD,CA,AWP,WE,Federal Contract Tower,0,7,14,0,21,0,10,68,0,78,0,17,82,0,99,64,0,64,163
03/21/2010,MOD,CA,AWP,WE,Federal Contract Tower,0,6,13,0,19,0,6,67,0,73,0,12,80,0,92,14,0,14,106
03/22/2010,MOD,CA,AWP,WE,Federal Contract Tower,0,6,1,0,7,0,14,40,0,54,0,20,41,0,61,28,0,28,89
03/23/2010,MOD,CA,AWP,WE,Federal Contract Tower,0,10,18,0,28,0,16,70,0,86,0,26,88,0,114,16,0,16,130
03/24/2010,MOD,CA,AWP,WE,Federal Contract Tower,0,10,36,0,46,0,8,74,6,88,0,18,110,6,134,50,4,54,188
03/25/2010,MOD,CA,AWP,WE,Federal Contract Tower,0,12,27,0,39,0,14,42,0,56,0,26,69,0,95,40,0,40,135
03/26/2010,MOD,CA,AWP,WE,Federal Contract Tower,0,8,8,0,16,0,10,72,1,83,0,18,80,1,99,27,0,27,126
03/27/2010,MOD,CA,AWP,WE,Federal Contract Tower,0,9,14,0,23,0,15,56,0,71,0,24,70,0,94,44,0,44,138
03/28/2010,MOD,CA,AWP,WE,Federal Contract Tower,0,9,3,0,12,0,6,76,2,84,0,15,79,2,96,42,0,42,138
03/29/2010,MOD,CA,AWP,WE,Federal Contract Tower,0,10,30,1,41,0,19,30,1,50,0,29,60,2,91,22,0,22,113
03/30/2010,MOD,CA,AWP,WE,Federal Contract Tower,0,13,17,0,30,0,10,16,7,33,0,23,33,7,63,10,0,10,73
03/31/2010,MOD,CA,AWP,WE,Federal Contract Tower,0,8,25,0,33,0,13,35,8,56,0,21,60,8,89,36,0,36,125
04/01/2010,MOD,CA,AWP,WE,Federal Contract Tower,0,14,14,0,28,0,14,74,0,88,0,28,88,0,116,32,0,32,148
04/02/2010,MOD,CA,AWP,WE,Federal Contract Tower,0,13,16,0,29,0,20,29,0,49,0,33,45,0,78,16,0,16,94
04/03/2010,MOD,CA,AWP,WE,Federal Contract Tower,0,10,10,0,20,0,8,27,0,35,0,18,37,0,55,24,0,24,79
04/04/2010,MOD,CA,AWP,WE,Federal Contract Tower,0,9,9,0,18,0,1,11,0,12,0,10,20,0,30,0,0,0,30
04/05/2010,MOD,CA,AWP,WE,Federal Contract Tower,0,12,22,0,34,0,11,31,0,42,0,23,53,0,76,26,0,26,102
04/06/2010,MOD,CA,AWP,WE,Federal Contract Tower,0,14,23,0,37,0,13,51,2,66,0,27,74,2,103,14,0,14,117
04/07/2010,MOD,CA,AWP,WE,Federal Contract Tower,0,9,24,0,33,0,20,82,0,102,0,29,106,0,135,36,0,36,171
04/08/2010,MOD,CA,AWP,WE,Federal Contract Tower,0,15,31,0,46,0,14,62,0,76,0,29,93,0,122,6,0,6,128
04/09/2010,MOD,CA,AWP,WE,Federal Contract Tower,0,14,18,0,32,0,14,58,0,72,0,28,76,0,104,28,0,28,132
04/10/2010,MOD,CA,AWP,WE,Federal Contract Tower,0,7,23,3,33,0,9,72,0,81,0,16,95,3,114,14,0,14,128
04/11/2010,MOD,CA,AWP,WE,Federal Contract Tower,0,8,9,0,17,0,6,7,0,13,0,14,16,0,30,0,0,0,30
04/12/2010,MOD,CA,AWP,WE,Federal Contract Tower,0,8,7,0,15,0,5,11,0,16,0,13,18,0,31,14,0,14,45
04/13/2010,MOD,CA,AWP,WE,Federal Contract Tower,0,11,21,0,32,0,11,34,0,45,0,22,55,0,77,32,0,32,109
04/14/2010,MOD,CA,AWP,WE,Federal Contract Tower,0,14,22,7,43,0,16,52,0,68,0,30,74,7,111,30,9,39,150
04/15/2010,MOD,CA,AWP,WE,Federal Contract Tower,0,12,28,0,40,0,31,61,0,92,0,43,89,0,132,74,0,74,206
04/16/2010,MOD,CA,AWP,WE,Federal Contract Tower,0,13,36,0,49,0,19,69,0,88,0,32,105,0,137,12,0,12,149
04/17/2010,MOD,CA,AWP,WE,Federal Contract Tower,0,7,14,0,21,0,20,60,0,80,0,27,74,0,101,28,0,28,129
04/18/2010,MOD,CA,AWP,WE,Federal Contract Tower,0,10,4,0,14,0,7,63,0,70,0,17,67,0,84,46,0,46,130
04/19/2010,MOD,CA,AWP,WE,Federal Contract Tower,0,13,38,0,51,0,10,46,0,56,0,23,84,0,107,34,0,34,141
04/20/2010,MOD,CA,AWP,WE,Federal Contract Tower,0,14,11,0,25,0,6,9,0,15,0,20,20,0,40,4,0,4,44
04/21/2010,MOD,CA,AWP,WE,Federal Contract Tower,0,26,17,4,47,0,8,14,0,22,0,34,31,4,69,18,0,18,87
04/22/2010,MOD,CA,AWP,WE,Federal Contract Tower,0,17,30,0,47,0,17,53,2,72,0,34,83,2,119,74,0,74,193
04/23/2010,MOD,CA,AWP,WE,Federal Contract Tower,0,14,6,0,20,0,14,88,0,102,0,28,94,0,122,54,0,54,176
04/24/2010,MOD,CA,AWP,WE,Federal Contract Tower,0,13,58,0,71,0,24,104,0,128,0,37,162,0,199,50,0,50,249
04/25/2010,MOD,CA,AWP,WE,Federal Contract Tower,0,11,9,0,20,0,6,66,0,72,0,17,75,0,92,30,0,30,122
04/26/2010,MOD,CA,AWP,WE,Federal Contract Tower,0,11,68,0,79,0,24,63,0,87,0,35,131,0,166,64,0,64,230
04/27/2010,MOD,CA,AWP,WE,Federal Contract Tower,0,11,27,0,38,0,9,20,0,29,0,20,47,0,67,0,0,0,67
04/28/2010,MOD,CA,AWP,WE,Federal Contract Tower,0,15,19,0,34,0,18,18,0,36,0,33,37,0,70,0,0,0,70
04/29/2010,MOD,CA,AWP,WE,Federal Contract Tower,0,16,25,0,41,0,31,44,0,75,0,47,69,0,116,22,0,22,138
04/30/2010,MOD,CA,AWP,WE,Federal Contract Tower,0,9,13,0,22,0,18,40,0,58,0,27,53,0,80,8,0,8,88
05/01/2010,MOD,CA,AWP,WE,Federal Contract Tower,0,9,16,0,25,0,12,90,0,102,0,21,106,0,127,10,0,10,137
05/02/2010,MOD,CA,AWP,WE,Federal Contract Tower,0,12,22,2,36,0,5,29,0,34,0,17,51,2,70,2,0,2,72
05/03/2010,MOD,CA,AWP,WE,Federal Contract Tower,2,11,28,0,41,0,10,73,0,83,2,21,101,0,124,44,0,44,168
05/04/2010,MOD,CA,AWP,WE,Federal Contract Tower,0,9,29,0,38,0,11,60,0,71,0,20,89,0,109,9,0,9,118
05/05/2010,MOD,CA,AWP,WE,Federal Contract Tower,0,9,24,0,33,0,19,56,0,75,0,28,80,0,108,4,0,4,112
05/06/2010,MOD,CA,AWP,WE,Federal Contract Tower,0,13,25,1,39,0,18,45,0,63,0,31,70,1,102,10,0,10,112
05/07/2010,MOD,CA,AWP,WE,Federal Contract Tower,2,17,25,0,44,0,21,72,5,98,2,38,97,5,142,10,12,22,164
05/08/2010,MOD,CA,AWP,WE,Federal Contract Tower,0,4,14,0,18,0,4,121,1,126,0,8,135,1,144,15,3,18,162
05/09/2010,MOD,CA,AWP,WE,Federal Contract Tower,0,11,10,0,21,0,8,35,0,43,0,19,45,0,64,0,0,0,64
05/10/2010,MOD,CA,AWP,WE,Federal Contract Tower,0,11,19,0,30,0,7,24,2,33,0,18,43,2,63,12,0,12,75
05/11/2010,MOD,CA,AWP,WE,Federal Contract Tower,0,8,15,0,23,0,14,44,2,60,0,22,59,2,83,36,0,36,119
05/12/2010,MOD,CA,AWP,WE,Federal Contract Tower,0,13,19,0,32,0,27,87,0,114,0,40,106,0,146,29,0,29,175
05/13/2010,MOD,CA,AWP,WE,Federal Contract Tower,0,14,17,0,31,0,19,72,0,91,0,33,89,0,122,38,0,38,160
05/14/2010,MOD,CA,AWP,WE,Federal Contract Tower,0,11,12,0,23,0,18,61,2,81,0,29,73,2,104,36,0,36,140
05/15/2010,MOD,CA,AWP,WE,Federal Contract Tower,0,12,8,0,20,0,29,72,0,101,0,41,80,0,121,24,0,24,145
05/16/2010,MOD,CA,AWP,WE,Federal Contract Tower,0,14,8,0,22,0,11,48,0,59,0,25,56,0,81,0,0,0,81
05/17/2010,MOD,CA,AWP,WE,Federal Contract Tower,0,4,24,4,32,0,24,47,0,71,0,28,71,4,103,12,0,12,115
05/18/2010,MOD,CA,AWP,WE,Federal Contract Tower,0,15,48,0,63,0,18,52,0,70,0,33,100,0,133,30,0,30,163
05/19/2010,MOD,CA,AWP,WE,Federal Contract Tower,0,12,18,0,30,0,15,78,0,93,0,27,96,0,123,39,0,39,162
05/20/2010,MOD,CA,AWP,WE,Federal Contract Tower,0,9,22,0,31,0,14,43,0,57,0,23,65,0,88,14,0,14,102
05/21/2010,MOD,CA,AWP,WE,Federal Contract Tower,0,12,22,0,34,0,35,57,0,92,0,47,79,0,126,10,0,10,136
05/22/2010,MOD,CA,AWP,WE,Federal Contract Tower,0,9,28,0,37,0,11,46,0,57,0,20,74,0,94,20,0,20,114
05/23/2010,MOD,CA,AWP,WE,Federal Contract Tower,0,11,7,0,18,0,11,25,0,36,0,22,32,0,54,0,0,0,54
05/24/2010,MOD,CA,AWP,WE,Federal Contract Tower,0,10,7,0,17,0,4,59,0,63,0,14,66,0,80,19,0,19,99
05/25/2010,MOD,CA,AWP,WE,Federal Contract Tower,0,11,22,0,33,0,5,33,0,38,0,16,55,0,71,4,0,4,75
05/26/2010,MOD,CA,AWP,WE,Federal Contract Tower,0,9,9,0,18,0,11,42,0,53,0,20,51,0,71,47,0,47,118
05/27/2010,MOD,CA,AWP,WE,Federal Contract Tower,0,17,7,0,24,0,24,32,0,56,0,41,39,0,80,34,0,34,114
05/28/2010,MOD,CA,AWP,WE,Federal Contract Tower,0,20,12,0,32,0,19,65,0,84,0,39,77,0,116,26,0,26,142
05/29/2010,MOD,CA,AWP,WE,Federal Contract Tower,0,8,20,0,28,0,10,66,0,76,0,18,86,0,104,66,0,66,170
05/30/2010,MOD,CA,AWP,WE,Federal Contract Tower,0,10,8,0,18,0,14,67,0,81,0,24,75,0,99,13,0,13,112
05/31/2010,MOD,CA,AWP,WE,Federal Contract Tower,0,17,30,0,47,0,11,53,0,64,0,28,83,0,111,7,0,7,118
06/01/2010,MOD,CA,AWP,WE,Federal Contract Tower,0,22,3,0,25,0,18,40,0,58,0,40,43,0,83,13,0,13,96
06/02/2010,MOD,CA,AWP,WE,Federal Contract Tower,0,7,19,0,26,0,17,72,0,89,0,24,91,0,115,61,0,61,176
06/03/2010,MOD,CA,AWP,WE,Federal Contract Tower,0,13,18,0,31,0,23,64,0,87,0,36,82,0,118,36,0,36,154
06/04/2010,MOD,CA,AWP,WE,Federal Contract Tower,0,17,13,0,30,0,19,72,0,91,0,36,85,0,121,46,0,46,167
06/05/2010,MOD,CA,AWP,WE,Federal Contract Tower,0,12,16,0,28,0,5,96,0,101,0,17,112,0,129,42,0,42,171
06/06/2010,MOD,CA,AWP,WE,Federal Contract Tower,0,8,9,0,17,0,9,64,0,73,0,17,73,0,90,44,0,44,134
06/07/2010,MOD,CA,AWP,WE,Federal Contract Tower,0,8,16,0,24,0,19,58,0,77,0,27,74,0,101,10,0,10,111
06/08/2010,MOD,CA,AWP,WE,Federal Contract Tower,2,15,27,0,44,0,20,52,0,72,2,35,79,0,116,28,0,28,144
06/09/2010,MOD,CA,AWP,WE,Federal Contract Tower,0,7,19,0,26,0,19,51,0,70,0,26,70,0,96,29,0,29,125
06/10/2010,MOD,CA,AWP,WE,Federal Contract Tower,0,13,18,1,32,0,28,65,1,94,0,41,83,2,126,30,0,30,156
06/11/2010,MOD,CA,AWP,WE,Federal Contract Tower,0,18,11,0,29,0,29,35,0,64,0,47,46,0,93,6,0,6,99
06/12/2010,MOD,CA,AWP,WE,Federal Contract Tower,2,6,3,0,11,0,16,58,0,74,2,22,61,0,85,22,0,22,107
06/13/2010,MOD,CA,AWP,WE,Federal Contract Tower,0,12,6,0,18,0,10,79,0,89,0,22,85,0,107,30,0,30,137
06/14/2010,MOD,CA,AWP,WE,Federal Contract Tower,0,9,20,0,29,0,27,77,0,104,0,36,97,0,133,15,0,15,148
06/15/2010,MOD,CA,AWP,WE,Federal Contract Tower,0,10,4,0,14,0,14,68,0,82,0,24,72,0,96,78,0,78,174
06/16/2010,MOD,CA,AWP,WE,Federal Contract Tower,0,8,9,0,17,0,14,47,0,61,0,22,56,0,78,40,0,40,118
06/17/2010,MOD,CA,AWP,WE,Federal Contract Tower,0,17,28,0,45,0,31,90,0,121,0,48,118,0,166,86,0,86,252
06/18/2010,MOD,CA,AWP,WE,Federal Contract Tower,0,8,13,0,21,0,40,66,0,106,0,48,79,0,127,140,0,140,267
06/19/2010,MOD,CA,AWP,WE,Federal Contract Tower,0,7,6,0,13,0,22,87,0,109,0,29,93,0,122,26,0,26,148
06/20/2010,MOD,CA,AWP,WE,Federal Contract Tower,0,13,5,0,18,0,23,74,0,97,0,36,79,0,115,12,0,12,127
06/21/2010,MOD,CA,AWP,WE,Federal Contract Tower,0,14,26,0,40,0,14,39,0,53,0,28,65,0,93,34,0,34,127
06/22/2010,MOD,CA,AWP,WE,Federal Contract Tower,0,9,18,0,27,0,18,77,0,95,0,27,95,0,122,26,0,26,148
06/23/2010,MOD,CA,AWP,WE,Federal Contract Tower,0,15,8,0,23,0,14,62,0,76,0,29,70,0,99,94,0,94,193
06/24/2010,MOD,CA,AWP,WE,Federal Contract Tower,0,8,19,0,27,0,21,70,0,91,0,29,89,0,118,66,0,66,184
06/25/2010,MOD,CA,AWP,WE,Federal Contract Tower,0,15,16,0,31,0,15,81,0,96,0,30,97,0,127,50,0,50,177
06/26/2010,MOD,CA,AWP,WE,Federal Contract Tower,0,13,11,0,24,0,37,52,0,89,0,50,63,0,113,36,0,36,149
06/27/2010,MOD,CA,AWP,WE,Federal Contract Tower,0,12,2,0,14,0,19,77,0,96,0,31,79,0,110,27,0,27,137
06/28/2010,MOD,CA,AWP,WE,Federal Contract Tower,0,13,8,0,21,0,11,42,0,53,0,24,50,0,74,23,0,23,97
06/29/2010,MOD,CA,AWP,WE,Federal Contract Tower,0,6,8,0,14,0,10,79,0,89,0,16,87,0,103,36,0,36,139
06/30/2010,MOD,CA,AWP,WE,Federal Contract Tower,0,11,14,0,25,0,27,61,0,88,0,38,75,0,113,81,0,81,194
07/01/2010,MOD,CA,AWP,WE,Federal Contract Tower,0,17,18,0,35,0,33,76,0,109,0,50,94,0,144,56,0,56,200
07/02/2010,MOD,CA,AWP,WE,Federal Contract Tower,0,13,19,0,32,0,14,79,0,93,0,27,98,0,125,50,0,50,175
07/03/2010,MOD,CA,AWP,WE,Federal Contract Tower,0,8,5,0,13,0,19,64,0,83,0,27,69,0,96,28,0,28,124
07/04/2010,MOD,CA,AWP,WE,Federal Contract Tower,0,9,3,0,12,0,14,56,0,70,0,23,59,0,82,28,0,28,110
07/05/2010,MOD,CA,AWP,WE,Federal Contract Tower,0,8,9,0,17,0,12,35,0,47,0,20,44,0,64,0,0,0,64
07/06/2010,MOD,CA,AWP,WE,Federal Contract Tower,0,9,11,0,20,0,23,36,0,59,0,32,47,0,79,58,0,58,137
07/07/2010,MOD,CA,AWP,WE,Federal Contract Tower,0,10,6,0,16,0,13,49,0,62,0,23,55,0,78,26,0,26,104
07/08/2010,MOD,CA,AWP,WE,Federal Contract Tower,0,23,33,0,56,0,15,57,0,72,0,38,90,0,128,40,0,40,168
07/09/2010,MOD,CA,AWP,WE,Federal Contract Tower,0,15,10,0,25,0,27,68,0,95,0,42,78,0,120,46,0,46,166
07/10/2010,MOD,CA,AWP,WE,Federal Contract Tower,0,12,29,0,41,0,19,79,0,98,0,31,108,0,139,62,0,62,201
07/11/2010,MOD,CA,AWP,WE,Federal Contract Tower,0,12,8,0,20,0,22,49,1,72,0,34,57,1,92,9,0,9,101
07/12/2010,MOD,CA,AWP,WE,Federal Contract Tower,0,16,11,0,27,0,17,40,0,57,0,33,51,0,84,34,0,34,118
07/13/2010,MOD,CA,AWP,WE,Federal Contract Tower,0,12,9,0,21,0,13,52,0,65,0,25,61,0,86,6,0,6,92
07/14/2010,MOD,CA,AWP,WE,Federal Contract Tower,0,11,5,0,16,0,12,68,0,80,0,23,73,0,96,48,0,48,144
07/15/2010,MOD,CA,AWP,WE,Federal Contract Tower,0,15,14,0,29,0,34,51,0,85,0,49,65,0,114,46,0,46,160
07/16/2010,MOD,CA,AWP,WE,Federal Contract Tower,0,12,13,0,25,0,33,63,0,96,0,45,76,0,121,34,0,34,155
07/17/2010,MOD,CA,AWP,WE,Federal Contract Tower,0,8,10,0,18,0,18,76,0,94,0,26,86,0,112,43,0,43,155
07/18/2010,MOD,CA,AWP,WE,Federal Contract Tower,0,12,16,0,28,0,9,50,0,59,0,21,66,0,87,20,0,20,107
07/19/2010,MOD,CA,AWP,WE,Federal Contract Tower,0,14,11,0,25,0,12,50,0,62,0,26,61,0,87,40,2,42,129
07/20/2010,MOD,CA,AWP,WE,Federal Contract Tower,0,13,15,0,28,0,35,65,0,100,0,48,80,0,128,4,0,4,132
07/21/2010,MOD,CA,AWP,WE,Federal Contract Tower,0,10,8,0,18,0,21,56,0,77,0,31,64,0,95,6,0,6,101
07/22/2010,MOD,CA,AWP,WE,Federal Contract Tower,0,11,12,0,23,0,16,61,0,77,0,27,73,0,100,10,0,10,110
07/23/2010,MOD,CA,AWP,WE,Federal Contract Tower,0,6,7,0,13,0,13,53,2,68,0,19,60,2,81,29,0,29,110
07/24/2010,MOD,CA,AWP,WE,Federal Contract Tower,0,10,3,0,13,0,17,59,0,76,0,27,62,0,89,22,0,22,111
07/25/2010,MOD,CA,AWP,WE,Federal Contract Tower,0,12,10,0,22,0,12,37,0,49,0,24,47,0,71,10,0,10,81
07/26/2010,MOD,CA,AWP,WE,Federal Contract Tower,0,10,11,0,21,0,22,42,0,64,0,32,53,0,85,46,0,46,131
07/27/2010,MOD,CA,AWP,WE,Federal Contract Tower,0,16,3,0,19,0,16,52,0,68,0,32,55,0,87,36,0,36,123
07/28/2010,MOD,CA,AWP,WE,Federal Contract Tower,0,16,3,0,19,0,28,57,0,85,0,44,60,0,104,44,0,44,148
07/29/2010,MOD,CA,AWP,WE,Federal Contract Tower,0,11,3,0,14,0,21,62,0,83,0,32,65,0,97,28,0,28,125
07/30/2010,MOD,CA,AWP,WE,Federal Contract Tower,0,11,7,0,18,0,21,61,0,82,0,32,68,0,100,24,0,24,124
07/31/2010,MOD,CA,AWP,WE,Federal Contract Tower,0,8,16,0,24,0,15,71,0,86,0,23,87,0,110,48,0,48,158
08/01/2010,MOD,CA,AWP,WE,Federal Contract Tower,0,13,2,0,15,0,16,58,0,74,0,29,60,0,89,22,0,22,111
08/02/2010,MOD,CA,AWP,WE,Federal Contract Tower,0,8,7,0,15,0,22,53,0,75,0,30,60,0,90,20,0,20,110
08/03/2010,MOD,CA,AWP,WE,Federal Contract Tower,0,9,23,0,32,0,16,48,0,64,0,25,71,0,96,20,0,20,116
08/04/2010,MOD,CA,AWP,WE,Federal Contract Tower,0,11,11,0,22,0,29,58,0,87,0,40,69,0,109,54,0,54,163
08/05/2010,MOD,CA,AWP,WE,Federal Contract Tower,0,15,10,0,25,0,41,71,0,112,0,56,81,0,137,26,0,26,163
08/06/2010,MOD,CA,AWP,WE,Federal Contract Tower,0,11,22,0,33,0,17,86,0,103,0,28,108,0,136,42,0,42,178
08/07/2010,MOD,CA,AWP,WE,Federal Contract Tower,0,9,10,0,19,0,9,77,0,86,0,18,87,0,105,52,0,52,157
08/08/2010,MOD,CA,AWP,WE,Federal Contract Tower,0,9,13,0,22,0,27,59,0,86,0,36,72,0,108,10,0,10,118
08/09/2010,MOD,CA,AWP,WE,Federal Contract Tower,2,23,11,0,36,0,18,53,0,71,2,41,64,0,107,36,0,36,143
08/10/2010,MOD,CA,AWP,WE,Federal Contract Tower,0,12,11,0,23,0,24,75,0,99,0,36,86,0,122,18,0,18,140
08/11/2010,MOD,CA,AWP,WE,Federal Contract Tower,0,15,21,0,36,0,18,78,0,96,0,33,99,0,132,22,0,22,154
08/12/2010,MOD,CA,AWP,WE,Federal Contract Tower,0,14,18,0,32,0,40,44,0,84,0,54,62,0,116,20,0,20,136
08/13/2010,MOD,CA,AWP,WE,Federal Contract Tower,2,6,27,0,35,0,22,95,0,117,2,28,122,0,152,20,0,20,172
08/14/2010,MOD,CA,AWP,WE,Federal Contract Tower,0,5,17,0,22,0,20,71,0,91,0,25,88,0,113,48,0,48,161
08/15/2010,MOD,CA,AWP,WE,Federal Contract Tower,0,7,22,0,29,0,16,53,0,69,0,23,75,0,98,4,0,4,102
08/16/2010,MOD,CA,AWP,WE,Federal Contract Tower,0,16,15,0,31,0,19,57,0,76,0,35,72,0,107,4,0,4,111
08/17/2010,MOD,CA,AWP,WE,Federal Contract Tower,0,12,19,0,31,0,50,75,0,125,0,62,94,0,156,24,0,24,180
08/18/2010,MOD,CA,AWP,WE,Federal Contract Tower,0,11,9,0,20,0,26,67,0,93,0,37,76,0,113,15,0,15,128
08/19/2010,MOD,CA,AWP,WE,Federal Contract Tower,0,19,12,0,31,0,24,46,0,70,0,43,58,0,101,20,0,20,121
08/20/2010,MOD,CA,AWP,WE,Federal Contract Tower,0,13,13,0,26,0,25,58,0,83,0,38,71,0,109,70,0,70,179
08/21/2010,MOD,CA,AWP,WE,Federal Contract Tower,0,16,8,1,25,0,13,66,0,79,0,29,74,1,104,28,0,28,132
08/22/2010,MOD,CA,AWP,WE,Federal Contract Tower,0,9,10,0,19,0,12,71,0,83,0,21,81,0,102,10,0,10,112
08/23/2010,MOD,CA,AWP,WE,Federal Contract Tower,0,12,6,0,18,0,27,62,0,89,0,39,68,0,107,46,0,46,153
08/24/2010,MOD,CA,AWP,WE,Federal Contract Tower,0,12,3,0,15,0,17,59,0,76,0,29,62,0,91,36,0,36,127
08/25/2010,MOD,CA,AWP,WE,Federal Contract Tower,0,12,10,0,22,0,12,68,0,80,0,24,78,0,102,14,0,14,116
08/26/2010,MOD,CA,AWP,WE,Federal Contract Tower,0,17,8,1,26,0,31,58,1,90,0,48,66,2,116,34,0,34,150
08/27/2010,MOD,CA,AWP,WE,Federal Contract Tower,0,14,13,0,27,0,40,86,0,126,0,54,99,0,153,52,0,52,205
08/28/2010,MOD,CA,AWP,WE,Federal Contract Tower,0,6,18,0,24,0,7,87,0,94,0,13,105,0,118,62,0,62,180
08/29/2010,MOD,CA,AWP,WE,Federal Contract Tower,0,5,24,0,29,0,19,73,0,92,0,24,97,0,121,28,0,28,149
08/30/2010,MOD,CA,AWP,WE,Federal Contract Tower,0,8,13,0,21,0,20,44,0,64,0,28,57,0,85,2,0,2,87
08/31/2010,MOD,CA,AWP,WE,Federal Contract Tower,0,6,5,0,11,0,10,54,0,64,0,16,59,0,75,12,0,12,87
09/01/2010,MOD,CA,AWP,WE,Federal Contract Tower,0,13,11,0,24,0,12,72,4,88,0,25,83,4,112,24,0,24,136
09/02/2010,MOD,CA,AWP,WE,Federal Contract Tower,0,17,2,0,19,0,18,54,0,72,0,35,56,0,91,18,0,18,109
09/03/2010,MOD,CA,AWP,WE,Federal Contract Tower,0,10,13,2,25,0,32,71,0,103,0,42,84,2,128,50,0,50,178
09/04/2010,MOD,CA,AWP,WE,Federal Contract Tower,0,11,17,0,28,0,40,78,0,118,0,51,95,0,146,78,0,78,224
09/05/2010,MOD,CA,AWP,WE,Federal Contract Tower,0,7,21,0,28,0,23,70,0,93,0,30,91,0,121,40,0,40,161
09/06/2010,MOD,CA,AWP,WE,Federal Contract Tower,0,13,7,0,20,0,9,52,0,61,0,22,59,0,81,56,0,56,137
09/07/2010,MOD,CA,AWP,WE,Federal Contract Tower,0,11,25,0,36,0,16,64,0,80,0,27,89,0,116,61,0,61,177
09/08/2010,MOD,CA,AWP,WE,Federal Contract Tower,0,17,11,0,28,0,25,56,0,81,0,42,67,0,109,24,0,24,133
09/09/2010,MOD,CA,AWP,WE,Federal Contract Tower,0,13,4,0,17,0,21,59,0,80,0,34,63,0,97,16,0,16,113
09/10/2010,MOD,CA,AWP,WE,Federal Contract Tower,0,15,8,2,25,0,47,78,0,125,0,62,86,2,150,58,0,58,208
09/11/2010,MOD,CA,AWP,WE,Federal Contract Tower,0,10,16,0,26,0,22,95,0,117,0,32,111,0,143,16,0,16,159
09/12/2010,MOD,CA,AWP,WE,Federal Contract Tower,0,7,14,0,21,0,22,67,0,89,0,29,81,0,110,30,0,30,140
09/13/2010,MOD,CA,AWP,WE,Federal Contract Tower,0,7,8,0,15,0,18,63,0,81,0,25,71,0,96,30,0,30,126
09/14/2010,MOD,CA,AWP,WE,Federal Contract Tower,0,11,9,0,20,0,15,64,0,79,0,26,73,0,99,72,0,72,171
09/15/2010,MOD,CA,AWP,WE,Federal Contract Tower,0,9,8,0,17,0,27,69,0,96,0,36,77,0,113,55,0,55,168
09/16/2010,MOD,CA,AWP,WE,Federal Contract Tower,0,11,16,0,27,0,16,60,1,77,0,27,76,1,104,19,0,19,123
09/17/2010,MOD,CA,AWP,WE,Federal Contract Tower,0,10,14,0,24,0,19,73,0,92,0,29,87,0,116,18,0,18,134
09/18/2010,MOD,CA,AWP,WE,Federal Contract Tower,0,11,10,0,21,0,16,68,0,84,0,27,78,0,105,16,0,16,121
09/19/2010,MOD,CA,AWP,WE,Federal Contract Tower,0,9,14,4,27,0,12,50,0,62,0,21,64,4,89,4,0,4,93
09/20/2010,MOD,CA,AWP,WE,Federal Contract Tower,0,13,12,4,29,0,17,28,1,46,0,30,40,5,75,16,0,16,91
09/21/2010,MOD,CA,AWP,WE,Federal Contract Tower,0,9,35,0,44,0,12,63,0,75,0,21,98,0,119,18,0,18,137
09/22/2010,MOD,CA,AWP,WE,Federal Contract Tower,0,13,23,0,36,0,26,64,1,91,0,39,87,1,127,42,0,42,169
09/23/2010,MOD,CA,AWP,WE,Federal Contract Tower,0,15,28,0,43,0,26,55,5,86,0,41,83,5,129,38,0,38,167
09/24/2010,MOD,CA,AWP,WE,Federal Contract Tower,0,18,23,0,41,0,37,69,1,107,0,55,92,1,148,74,0,74,222
09/25/2010,MOD,CA,AWP,WE,Federal Contract Tower,3,8,9,0,20,0,11,64,0,75,3,19,73,0,95,101,0,101,196
09/26/2010,MOD,CA,AWP,WE,Federal Contract Tower,0,12,13,0,25,0,10,53,0,63,0,22,66,0,88,14,0,14,102
09/27/2010,MOD,CA,AWP,WE,Federal Contract Tower,0,12,3,0,15,0,13,40,0,53,0,25,43,0,68,36,0,36,104
09/28/2010,MOD,CA,AWP,WE,Federal Contract Tower,2,19,16,0,37,0,18,41,0,59,2,37,57,0,96,40,0,40,136
09/29/2010,MOD,CA,AWP,WE,Federal Contract Tower,0,17,15,0,32,0,33,58,0,91,0,50,73,0,123,10,0,10,133
09/30/2010,MOD,CA,AWP,WE,Federal Contract Tower,0,13,10,0,23,0,24,78,0,102,0,37,88,0,125,42,0,42,167
10/01/2010,MOD,CA,AWP,WE,Federal Contract Tower,0,16,20,0,36,0,23,62,0,85,0,39,82,0,121,18,0,18,139
10/02/2010,MOD,CA,AWP,WE,Federal Contract Tower,0,9,11,0,20,0,23,74,0,97,0,32,85,0,117,36,0,36,153
10/03/2010,MOD,CA,AWP,WE,Federal Contract Tower,0,8,13,0,21,0,9,58,0,67,0,17,71,0,88,28,0,28,116
10/04/2010,MOD,CA,AWP,WE,Federal Contract Tower,0,12,20,0,32,0,16,38,0,54,0,28,58,0,86,8,0,8,94
10/05/2010,MOD,CA,AWP,WE,Federal Contract Tower,0,17,21,0,38,0,19,45,0,64,0,36,66,0,102,36,0,36,138
10/06/2010,MOD,CA,AWP,WE,Federal Contract Tower,0,13,34,0,47,0,14,53,0,67,0,27,87,0,114,48,0,48,162
10/07/2010,MOD,CA,AWP,WE,Federal Contract Tower,0,14,11,0,25,0,23,33,0,56,0,37,44,0,81,34,0,34,115
10/08/2010,MOD,CA,AWP,WE,Federal Contract Tower,0,14,22,0,36,0,34,98,0,132,0,48,120,0,168,86,0,86,254
10/09/2010,MOD,CA,AWP,WE,Federal Contract Tower,0,8,11,0,19,0,30,90,0,120,0,38,101,0,139,86,0,86,225
10/10/2010,MOD,CA,AWP,WE,Federal Contract Tower,0,12,17,0,29,0,30,68,0,98,0,42,85,0,127,8,0,8,135
10/11/2010,MOD,CA,AWP,WE,Federal Contract Tower,0,11,18,0,29,0,17,53,0,70,0,28,71,0,99,2,0,2,101
10/12/2010,MOD,CA,AWP,WE,Federal Contract Tower,0,12,7,0,19,0,19,60,0,79,0,31,67,0,98,63,0,63,161
10/13/2010,MOD,CA,AWP,WE,Federal Contract Tower,0,7,14,7,28,0,22,63,0,85,0,29,77,7,113,42,0,42,155
10/14/2010,MOD,CA,AWP,WE,Federal Contract Tower,0,14,11,0,25,0,19,62,0,81,0,33,73,0,106,60,0,60,166
10/15/2010,MOD,CA,AWP,WE,Federal Contract Tower,0,13,19,0,32,0,21,64,0,85,0,34,83,0,117,62,0,62,179
10/16/2010,MOD,CA,AWP,WE,Federal Contract Tower,0,11,9,0,20,0,17,73,0,90,0,28,82,0,110,48,0,48,158
10/17/2010,MOD,CA,AWP,WE,Federal Contract Tower,2,5,18,0,25,0,13,59,0,72,2,18,77,0,97,34,0,34,131
10/18/2010,MOD,CA,AWP,WE,Federal Contract Tower,0,10,21,0,31,0,8,36,0,44,0,18,57,0,75,23,0,23,98
10/19/2010,MOD,CA,AWP,WE,Federal Contract Tower,0,10,32,0,42,0,26,55,0,81,0,36,87,0,123,50,0,50,173
10/20/2010,MOD,CA,AWP,WE,Federal Contract Tower,0,10,22,0,32,0,43,72,0,115,0,53,94,0,147,32,0,32,179
10/21/2010,MOD,CA,AWP,WE,Federal Contract Tower,2,13,14,0,29,0,32,61,0,93,2,45,75,0,122,78,0,78,200
10/22/2010,MOD,CA,AWP,WE,Federal Contract Tower,0,13,7,0,20,0,13,57,0,70,0,26,64,0,90,36,0,36,126
10/23/2010,MOD,CA,AWP,WE,Federal Contract Tower,0,7,25,0,32,0,16,47,0,63,0,23,72,0,95,88,0,88,183
10/24/2010,MOD,CA,AWP,WE,Federal Contract Tower,0,6,17,0,23,0,7,13,0,20,0,13,30,0,43,2,0,2,45
10/25/2010,MOD,CA,AWP,WE,Federal Contract Tower,0,11,9,0,20,0,25,27,0,52,0,36,36,0,72,10,0,10,82
10/26/2010,MOD,CA,AWP,WE,Federal Contract Tower,0,12,24,0,36,0,17,66,0,83,0,29,90,0,119,0,0,0,119
10/27/2010,MOD,CA,AWP,WE,Federal Contract Tower,0,12,17,0,29,0,12,76,0,88,0,24,93,0,117,42,0,42,159
10/28/2010,MOD,CA,AWP,WE,Federal Contract Tower,0,18,18,0,36,0,14,54,0,68,0,32,72,0,104,58,0,58,162
10/29/2010,MOD,CA,AWP,WE,Federal Contract Tower,0,14,13,0,27,0,38,63,0,101,0,52,76,0,128,58,0,58,186
10/30/2010,MOD,CA,AWP,WE,Federal Contract Tower,0,13,43,0,56,0,12,28,0,40,0,25,71,0,96,0,0,0,96
10/31/2010,MOD,CA,AWP,WE,Federal Contract Tower,0,7,12,0,19,0,22,69,0,91,0,29,81,0,110,32,0,32,142
11/01/2010,MOD,CA,AWP,WE,Federal Contract Tower,0,13,14,0,27,0,10,38,0,48,0,23,52,0,75,6,0,6,81
11/02/2010,MOD,CA,AWP,WE,Federal Contract Tower,0,12,9,0,21,0,10,65,0,75,0,22,74,0,96,44,0,44,140
11/03/2010,MOD,CA,AWP,WE,Federal Contract Tower,0,9,10,0,19,0,16,57,6,79,0,25,67,6,98,62,0,62,160
11/04/2010,MOD,CA,AWP,WE,Federal Contract Tower,0,14,9,0,23,0,32,52,0,84,0,46,61,0,107,60,0,60,167
11/05/2010,MOD,CA,AWP,WE,Federal Contract Tower,0,19,9,0,28,0,25,54,0,79,0,44,63,0,107,54,0,54,161
11/06/2010,MOD,CA,AWP,WE,Federal Contract Tower,0,5,21,0,26,0,11,79,0,90,0,16,100,0,116,42,0,42,158
11/07/2010,MOD,CA,AWP,WE,Federal Contract Tower,0,7,7,0,14,0,0,1,0,1,0,7,8,0,15,0,0,0,15
11/08/2010,MOD,CA,AWP,WE,Federal Contract Tower,0,8,25,0,33,0,23,46,0,69,0,31,71,0,102,28,0,28,130
11/09/2010,MOD,CA,AWP,WE,Federal Contract Tower,0,10,18,0,28,0,15,58,0,73,0,25,76,0,101,37,0,37,138
11/10/2010,MOD,CA,AWP,WE,Federal Contract Tower,0,9,30,0,39,0,24,25,0,49,0,33,55,0,88,12,0,12,100
11/11/2010,MOD,CA,AWP,WE,Federal Contract Tower,0,17,7,0,24,0,19,48,0,67,0,36,55,0,91,38,0,38,129
11/12/2010,MOD,CA,AWP,WE,Federal Contract Tower,0,16,9,0,25,0,23,55,0,78,0,39,64,0,103,88,0,88,191
11/13/2010,MOD,CA,AWP,WE,Federal Contract Tower,0,8,7,0,15,0,26,93,0,119,0,34,100,0,134,46,0,46,180
11/14/2010,MOD,CA,AWP,WE,Federal Contract Tower,0,9,12,0,21,0,16,67,0,83,0,25,79,0,104,16,0,16,120
11/15/2010,MOD,CA,AWP,WE,Federal Contract Tower,0,17,26,0,43,0,15,50,0,65,0,32,76,0,108,88,0,88,196
11/16/2010,MOD,CA,AWP,WE,Federal Contract Tower,0,10,11,0,21,0,11,41,0,52,0,21,52,0,73,44,0,44,117
11/17/2010,MOD,CA,AWP,WE,Federal Contract Tower,0,16,18,0,34,0,11,54,0,65,0,27,72,0,99,14,0,14,113
11/18/2010,MOD,CA,AWP,WE,Federal Contract Tower,0,15,37,0,52,0,24,45,0,69,0,39,82,0,121,26,0,26,147
11/19/2010,MOD,CA,AWP,WE,Federal Contract Tower,2,9,28,0,39,0,3,43,0,46,2,12,71,0,85,60,0,60,145
11/20/2010,MOD,CA,AWP,WE,Federal Contract Tower,0,9,7,0,16,0,7,12,0,19,0,16,19,0,35,26,0,26,61
11/21/2010,MOD,CA,AWP,WE,Federal Contract Tower,0,15,4,0,19,0,6,17,0,23,0,21,21,0,42,0,0,0,42
11/22/2010,MOD,CA,AWP,WE,Federal Contract Tower,2,17,26,0,45,0,14,52,0,66,2,31,78,0,111,8,0,8,119
11/23/2010,MOD,CA,AWP,WE,Federal Contract Tower,0,14,13,0,27,0,4,15,0,19,0,18,28,0,46,11,0,11,57
11/24/2010,MOD,CA,AWP,WE,Federal Contract Tower,0,10,8,0,18,0,20,50,0,70,0,30,58,0,88,46,0,46,134
11/25/2010,MOD,CA,AWP,WE,Federal Contract Tower,0,5,2,0,7,0,20,30,0,50,0,25,32,0,57,0,0,0,57
11/26/2010,MOD,CA,AWP,WE,Federal Contract Tower,0,6,6,0,12,0,13,52,0,65,0,19,58,0,77,38,0,38,115
11/27/2010,MOD,CA,AWP,WE,Federal Contract Tower,0,13,2,0,15,0,7,2,0,9,0,20,4,0,24,0,0,0,24
11/28/2010,MOD,CA,AWP,WE,Federal Contract Tower,0,7,8,0,15,0,9,54,0,63,0,16,62,0,78,36,0,36,114
11/29/2010,MOD,CA,AWP,WE,Federal Contract Tower,0,12,9,0,21,0,16,47,0,63,0,28,56,0,84,38,0,38,122
11/30/2010,MOD,CA,AWP,WE,Federal Contract Tower,0,14,13,0,27,0,13,64,0,77,0,27,77,0,104,96,0,96,200
12/01/2010,MOD,CA,AWP,WE,Federal Contract Tower,0,17,12,0,29,0,11,49,0,60,0,28,61,0,89,34,0,34,123
12/02/2010,MOD,CA,AWP,WE,Federal Contract Tower,0,9,20,0,29,0,19,23,0,42,0,28,43,0,71,38,0,38,109
12/03/2010,MOD,CA,AWP,WE,Federal Contract Tower,0,33,9,0,42,0,6,4,0,10,0,39,13,0,52,0,0,0,52
12/04/2010,MOD,CA,AWP,WE,Federal Contract Tower,0,13,14,0,27,0,13,11,0,24,0,26,25,0,51,4,0,4,55
12/05/2010,MOD,CA,AWP,WE,Federal Contract Tower,0,9,31,0,40,0,13,19,0,32,0,22,50,0,72,14,0,14,86
12/06/2010,MOD,CA,AWP,WE,Federal Contract Tower,0,10,21,0,31,0,8,27,0,35,0,18,48,0,66,42,0,42,108
12/07/2010,MOD,CA,AWP,WE,Federal Contract Tower,0,8,19,0,27,0,12,31,0,43,0,20,50,0,70,65,0,65,135
12/08/2010,MOD,CA,AWP,WE,Federal Contract Tower,0,7,12,0,19,0,12,22,0,34,0,19,34,0,53,16,0,16,69
12/09/2010,MOD,CA,AWP,WE,Federal Contract Tower,0,16,24,0,40,0,14,36,0,50,0,30,60,0,90,48,0,48,138
12/10/2010,MOD,CA,AWP,WE,Federal Contract Tower,0,17,9,2,28,0,14,32,0,46,0,31,41,2,74,116,0,116,190
12/11/2010,MOD,CA,AWP,WE,Federal Contract Tower,0,8,37,0,45,0,0,0,0,0,0,8,37,0,45,0,0,0,45
12/12/2010,MOD,CA,AWP,WE,Federal Contract Tower,0,9,28,0,37,0,10,5,0,15,0,19,33,0,52,0,0,0,52
12/13/2010,MOD,CA,AWP,WE,Federal Contract Tower,0,12,24,0,36,0,3,2,0,5,0,15,26,0,41,0,0,0,41
12/14/2010,MOD,CA,AWP,WE,Federal Contract Tower,0,25,20,0,45,0,0,6,0,6,0,25,26,0,51,0,0,0,51
12/15/2010,MOD,CA,AWP,WE,Federal Contract Tower,0,16,12,0,28,0,16,54,0,70,0,32,66,0,98,80,0,80,178
12/16/2010,MOD,CA,AWP,WE,Federal Contract Tower,0,19,22,0,41,0,7,0,0,7,0,26,22,0,48,0,0,0,48
12/17/2010,MOD,CA,AWP,WE,Federal Contract Tower,0,13,17,0,30,0,1,1,0,2,0,14,18,0,32,0,0,0,32
12/18/2010,MOD,CA,AWP,WE,Federal Contract Tower,0,15,1,0,16,0,0,2,0,2,0,15,3,0,18,0,0,0,18
12/19/2010,MOD,CA,AWP,WE,Federal Contract Tower,0,3,2,0,5,0,9,2,0,11,0,12,4,0,16,0,0,0,16
12/20/2010,MOD,CA,AWP,WE,Federal Contract Tower,0,9,6,0,15,0,2,7,0,9,0,11,13,0,24,0,0,0,24
12/21/2010,MOD,CA,AWP,WE,Federal Contract Tower,0,17,8,0,25,0,3,9,0,12,0,20,17,0,37,10,0,10,47
12/22/2010,MOD,CA,AWP,WE,Federal Contract Tower,0,11,12,0,23,0,14,16,0,30,0,25,28,0,53,18,0,18,71
12/23/2010,MOD,CA,AWP,WE,Federal Contract Tower,0,13,14,0,27,0,11,72,0,83,0,24,86,0,110,29,0,29,139
12/24/2010,MOD,CA,AWP,WE,Federal Contract Tower,0,14,13,0,27,0,0,0,0,0,0,14,13,0,27,0,0,0,27
12/25/2010,MOD,CA,AWP,WE,Federal Contract Tower,0,5,2,0,7,0,9,5,0,14,0,14,7,0,21,0,0,0,21
12/26/2010,MOD,CA,AWP,WE,Federal Contract Tower,0,9,9,0,18,0,18,48,0,66,0,27,57,0,84,46,0,46,130
12/27/2010,MOD,CA,AWP,WE,Federal Contract Tower,0,1,11,0,12,0,10,31,0,41,0,11,42,0,53,44,0,44,97
12/28/2010,MOD,CA,AWP,WE,Federal Contract Tower,0,16,6,0,22,0,3,5,0,8,0,19,11,0,30,0,0,0,30
12/29/2010,MOD,CA,AWP,WE,Federal Contract Tower,0,14,4,0,18,0,8,7,6,21,0,22,11,6,39,27,0,27,66
12/30/2010,MOD,CA,AWP,WE,Federal Contract Tower,0,8,4,0,12,0,11,65,0,76,0,19,69,0,88,36,0,36,124
12/31/2010,MOD,CA,AWP,WE,Federal Contract Tower,0,6,15,0,21,0,22,88,3,113,0,28,103,3,134,50,0,50,184
01/01/2011,MOD,CA,AWP,WE,Federal Contract Tower,0,7,0,0,7,0,2,1,0,3,0,9,1,0,10,2,0,2,12
01/02/2011,MOD,CA,AWP,WE,Federal Contract Tower,0,12,7,0,19,0,10,4,0,14,0,22,11,0,33,12,0,12,45
01/03/2011,MOD,CA,AWP,WE,Federal Contract Tower,0,10,7,0,17,0,6,31,0,37,0,16,38,0,54,78,0,78,132
01/04/2011,MOD,CA,AWP,WE,Federal Contract Tower,0,10,20,0,30,0,2,1,0,3,0,12,21,0,33,0,0,0,33
01/05/2011,MOD,CA,AWP,WE,Federal Contract Tower,0,8,18,0,26,0,0,0,0,0,0,8,18,0,26,0,0,0,26
01/06/2011,MOD,CA,AWP,WE,Federal Contract Tower,0,18,24,0,42,0,0,0,0,0,0,18,24,0,42,0,0,0,42
01/07/2011,MOD,CA,AWP,WE,Federal Contract Tower,0,15,38,0,53,0,0,0,0,0,0,15,38,0,53,0,0,0,53
01/08/2011,MOD,CA,AWP,WE,Federal Contract Tower,0,9,8,0,17,0,2,1,0,3,0,11,9,0,20,0,0,0,20
01/09/2011,MOD,CA,AWP,WE,Federal Contract Tower,0,13,16,0,29,0,4,3,0,7,0,17,19,0,36,0,0,0,36
01/10/2011,MOD,CA,AWP,WE,Federal Contract Tower,0,13,28,0,41,0,9,38,0,47,0,22,66,0,88,22,0,22,110
01/11/2011,MOD,CA,AWP,WE,Federal Contract Tower,0,14,23,0,37,0,6,37,0,43,0,20,60,0,80,32,0,32,112
01/12/2011,MOD,CA,AWP,WE,Federal Contract Tower,0,10,10,4,24,0,13,36,0,49,0,23,46,4,73,8,0,8,81
01/13/2011,MOD,CA,AWP,WE,Federal Contract Tower,0,8,10,0,18,0,3,6,0,9,0,11,16,0,27,0,0,0,27
01/14/2011,MOD,CA,AWP,WE,Federal Contract Tower,0,19,20,0,39,0,17,21,0,38,0,36,41,0,77,16,0,16,93
01/15/2011,MOD,CA,AWP,WE,Federal Contract Tower,0,11,18,0,29,0,8,2,0,10,0,19,20,0,39,12,0,12,51
01/16/2011,MOD,CA,AWP,WE,Federal Contract Tower,0,19,17,2,38,0,0,0,0,0,0,19,17,2,38,0,0,0,38
01/17/2011,MOD,CA,AWP,WE,Federal Contract Tower,0,12,8,0,20,0,0,0,0,0,0,12,8,0,20,0,0,0,20
01/18/2011,MOD,CA,AWP,WE,Federal Contract Tower,0,10,10,0,20,0,11,42,0,53,0,21,52,0,73,48,0,48,121
01/19/2011,MOD,CA,AWP,WE,Federal Contract Tower,0,14,19,0,33,0,6,13,4,23,0,20,32,4,56,0,0,0,56
01/20/2011,MOD,CA,AWP,WE,Federal Contract Tower,0,13,9,0,22,0,14,42,0,56,0,27,51,0,78,16,0,16,94
01/21/2011,MOD,CA,AWP,WE,Federal Contract Tower,0,13,39,0,52,0,16,51,0,67,0,29,90,0,119,54,0,54,173
01/22/2011,MOD,CA,AWP,WE,Federal Contract Tower,0,4,23,0,27,0,16,27,0,43,0,20,50,0,70,46,0,46,116
01/23/2011,MOD,CA,AWP,WE,Federal Contract Tower,0,9,10,0,19,0,0,6,0,6,0,9,16,0,25,20,0,20,45
01/24/2011,MOD,CA,AWP,WE,Federal Contract Tower,0,6,6,0,12,0,13,22,0,35,0,19,28,0,47,16,0,16,63
01/25/2011,MOD,CA,AWP,WE,Federal Contract Tower,0,12,6,0,18,0,0,0,0,0,0,12,6,0,18,0,0,0,18
01/26/2011,MOD,CA,AWP,WE,Federal Contract Tower,0,10,13,0,23,0,3,12,0,15,0,13,25,0,38,12,0,12,50
01/27/2011,MOD,CA,AWP,WE,Federal Contract Tower,0,14,5,0,19,0,9,6,0,15,0,23,11,0,34,22,0,22,56
01/28/2011,MOD,CA,AWP,WE,Federal Contract Tower,0,12,22,0,34,0,0,0,0,0,0,12,22,0,34,0,0,0,34
01/29/2011,MOD,CA,AWP,WE,Federal Contract Tower,0,6,39,0,45,0,0,1,0,1,0,6,40,0,46,0,0,0,46
01/30/2011,MOD,CA,AWP,WE,Federal Contract Tower,0,12,3,0,15,0,1,7,0,8,0,13,10,0,23,0,0,0,23
01/31/2011,MOD,CA,AWP,WE,Federal Contract Tower,0,4,10,0,14,0,8,59,0,67,0,12,69,0,81,84,0,84,165
02/01/2011,MOD,CA,AWP,WE,Federal Contract Tower,0,15,14,0,29,0,14,36,0,50,0,29,50,0,79,50,0,50,129
02/02/2011,MOD,CA,AWP,WE,Federal Contract Tower,0,9,10,0,19,0,26,53,6,85,0,35,63,6,104,18,0,18,122
02/03/2011,MOD,CA,AWP,WE,Federal Contract Tower,0,10,16,0,26,0,23,52,0,75,0,33,68,0,101,48,0,48,149
02/04/2011,MOD,CA,AWP,WE,Federal Contract Tower,0,14,16,0,30,0,26,80,8,114,0,40,96,8,144,110,0,110,254
02/05/2011,MOD,CA,AWP,WE,Federal Contract Tower,0,6,25,0,31,0,11,47,3,61,0,17,72,3,92,24,0,24,116
02/06/2011,MOD,CA,AWP,WE,Federal Contract Tower,0,6,0,0,6,0,27,52,2,81,0,33,52,2,87,4,0,4,91
02/07/2011,MOD,CA,AWP,WE,Federal Contract Tower,2,7,16,0,25,0,2,44,0,46,2,9,60,0,71,10,0,10,81
02/08/2011,MOD,CA,AWP,WE,Federal Contract Tower,0,10,19,0,29,0,10,37,0,47,0,20,56,0,76,8,0,8,84
02/09/2011,MOD,CA,AWP,WE,Federal Contract Tower,0,9,9,0,18,0,17,58,0,75,0,26,67,0,93,31,0,31,124
02/10/2011,MOD,CA,AWP,WE,Federal Contract Tower,0,10,7,0,17,0,24,69,0,93,0,34,76,0,110,28,0,28,138
02/11/2011,MOD,CA,AWP,WE,Federal Contract Tower,0,13,17,0,30,0,23,69,3,95,0,36,86,3,125,22,0,22,147
02/12/2011,MOD,CA,AWP,WE,Federal Contract Tower,0,5,25,0,30,0,7,78,0,85,0,12,103,0,115,15,0,15,130
02/13/2011,MOD,CA,AWP,WE,Federal Contract Tower,0,7,9,0,16,0,3,68,0,71,0,10,77,0,87,24,0,24,111
02/14/2011,MOD,CA,AWP,WE,Federal Contract Tower,0,4,19,0,23,0,7,13,0,20,0,11,32,0,43,2,0,2,45
02/15/2011,MOD,CA,AWP,WE,Federal Contract Tower,0,13,16,0,29,0,10,23,0,33,0,23,39,0,62,16,0,16,78
02/16/2011,MOD,CA,AWP,WE,Federal Contract Tower,0,20,5,0,25,0,20,10,0,30,0,40,15,0,55,7,0,7,62
02/17/2011,MOD,CA,AWP,WE,Federal Contract Tower,0,7,7,0,14,0,7,8,0,15,0,14,15,0,29,0,0,0,29
02/18/2011,MOD,CA,AWP,WE,Federal Contract Tower,0,17,8,0,25,0,3,0,0,3,0,20,8,0,28,0,0,0,28
02/19/2011,MOD,CA,AWP,WE,Federal Contract Tower,0,4,2,0,6,0,19,7,0,26,0,23,9,0,32,38,0,38,70
02/20/2011,MOD,CA,AWP,WE,Federal Contract Tower,0,6,8,0,14,0,13,61,0,74,0,19,69,0,88,56,0,56,144
02/21/2011,MOD,CA,AWP,WE,Federal Contract Tower,0,8,12,0,20,0,18,33,0,51,0,26,45,0,71,16,0,16,87
02/22/2011,MOD,CA,AWP,WE,Federal Contract Tower,0,12,22,0,34,0,10,54,0,64,0,22,76,0,98,6,0,6,104
02/23/2011,MOD,CA,AWP,WE,Federal Contract Tower,0,8,28,0,36,0,0,0,0,0,0,8,28,0,36,23,0,23,59
02/24/2011,MOD,CA,AWP,WE,Federal Contract Tower,0,14,25,2,41,0,11,19,0,30,0,25,44,2,71,44,0,44,115
02/25/2011,MOD,CA,AWP,WE,Federal Contract Tower,0,10,6,0,16,0,12,11,0,23,0,22,17,0,39,18,0,18,57
02/26/2011,MOD,CA,AWP,WE,Federal Contract Tower,0,5,2,0,7,0,10,29,0,39,0,15,31,0,46,18,0,18,64
02/27/2011,MOD,CA,AWP,WE,Federal Contract Tower,0,6,6,0,12,0,22,72,13,107,0,28,78,13,119,18,0,18,137
02/28/2011,MOD,CA,AWP,WE,Federal Contract Tower,0,9,14,0,23,0,15,48,8,71,0,24,62,8,94,32,0,32,126
03/01/2011,MOD,CA,AWP,WE,Federal Contract Tower,0,8,9,0,17,0,17,58,0,75,0,25,67,0,92,42,0,42,134
03/02/2011,MOD,CA,AWP,WE,Federal Contract Tower,0,6,8,0,14,0,4,17,0,21,0,10,25,0,35,2,0,2,37
03/03/2011,MOD,CA,AWP,WE,Federal Contract Tower,0,16,6,0,22,0,9,44,2,55,0,25,50,2,77,53,0,53,130
03/04/2011,MOD,CA,AWP,WE,Federal Contract Tower,0,7,12,0,19,0,9,66,0,75,0,16,78,0,94,42,0,42,136
03/05/2011,MOD,CA,AWP,WE,Federal Contract Tower,0,7,3,0,10,0,17,65,0,82,0,24,68,0,92,26,2,28,120
03/06/2011,MOD,CA,AWP,WE,Federal Contract Tower,2,9,20,0,31,0,0,10,0,10,2,9,30,0,41,0,0,0,41
03/07/2011,MOD,CA,AWP,WE,Federal Contract Tower,0,8,20,0,28,0,7,35,0,42,0,15,55,0,70,16,0,16,86
03/08/2011,MOD,CA,AWP,WE,Federal Contract Tower,0,14,37,0,51,0,8,58,0,66,0,22,95,0,117,14,0,14,131
03/09/2011,MOD,CA,AWP,WE,Federal Contract Tower,2,14,21,0,37,0,18,52,2,72,2,32,73,2,109,29,0,29,138
03/10/2011,MOD,CA,AWP,WE,Federal Contract Tower,0,16,11,0,27,0,27,37,0,64,0,43,48,0,91,22,0,22,113
03/11/2011,MOD,CA,AWP,WE,Federal Contract Tower,0,9,7,0,16,0,24,68,0,92,0,33,75,0,108,36,0,36,144
03/12/2011,MOD,CA,AWP,WE,Federal Contract Tower,0,5,18,0,23,0,17,124,0,141,0,22,142,0,164,58,0,58,222
03/13/2011,MOD,CA,AWP,WE,Federal Contract Tower,0,5,10,0,15,0,17,35,0,52,0,22,45,0,67,2,0,2,69
03/14/2011,MOD,CA,AWP,WE,Federal Contract Tower,0,7,3,0,10,0,10,44,0,54,0,17,47,0,64,18,0,18,82
03/15/2011,MOD,CA,AWP,WE,Federal Contract Tower,0,10,8,0,18,0,18,24,0,42,0,28,32,0,60,31,0,31,91
03/16/2011,MOD,CA,AWP,WE,Federal Contract Tower,0,10,16,0,26,0,16,23,1,40,0,26,39,1,66,1,0,1,67
03/17/2011,MOD,CA,AWP,WE,Federal Contract Tower,0,12,10,0,22,0,33,79,0,112,0,45,89,0,134,68,0,68,202
03/18/2011,MOD,CA,AWP,WE,Federal Contract Tower,0,14,4,0,18,0,20,12,0,32,0,34,16,0,50,14,0,14,64
03/19/2011,MOD,CA,AWP,WE,Federal Contract Tower,0,6,2,0,8,0,6,6,0,12,0,12,8,0,20,0,0,0,20
03/20/2011,MOD,CA,AWP,WE,Federal Contract Tower,0,12,10,0,22,0,0,2,0,2,0,12,12,0,24,0,0,0,24
03/21/2011,MOD,CA,AWP,WE,Federal Contract Tower,0,10,15,0,25,0,15,31,0,46,0,25,46,0,71,14,0,14,85
03/22/2011,MOD,CA,AWP,WE,Federal Contract Tower,0,13,21,2,36,0,5,52,0,57,0,18,73,2,93,20,0,20,113
03/23/2011,MOD,CA,AWP,WE,Federal Contract Tower,0,10,10,0,20,0,3,8,0,11,0,13,18,0,31,0,0,0,31
03/24/2011,MOD,CA,AWP,WE,Federal Contract Tower,0,10,3,0,13,0,9,9,0,18,0,19,12,0,31,0,0,0,31
03/25/2011,MOD,CA,AWP,WE,Federal Contract Tower,0,17,23,0,40,0,9,33,0,42,0,26,56,0,82,12,0,12,94
03/26/2011,MOD,CA,AWP,WE,Federal Contract Tower,0,15,8,0,23,0,4,1,0,5,0,19,9,0,28,0,0,0,28
03/27/2011,MOD,CA,AWP,WE,Federal Contract Tower,2,8,15,0,25,0,13,42,0,55,2,21,57,0,80,29,0,29,109
03/28/2011,MOD,CA,AWP,WE,Federal Contract Tower,0,10,18,0,28,0,19,33,0,52,0,29,51,0,80,4,0,4,84
03/29/2011,MOD,CA,AWP,WE,Federal Contract Tower,0,7,11,0,18,0,11,48,0,59,0,18,59,0,77,30,0,30,107
03/30/2011,MOD,CA,AWP,WE,Federal Contract Tower,0,11,21,0,32,0,30,51,0,81,0,41,72,0,113,12,0,12,125
03/31/2011,MOD,CA,AWP,WE,Federal Contract Tower,2,9,6,0,17,0,22,89,0,111,2,31,95,0,128,52,0,52,180
04/01/2011,MOD,CA,AWP,WE,Federal Contract Tower,0,10,7,0,17,0,14,65,0,79,0,24,72,0,96,72,0,72,168
04/02/2011,MOD,CA,AWP,WE,Federal Contract Tower,0,5,6,0,11,0,12,52,0,64,0,17,58,0,75,88,0,88,163
04/03/2011,MOD,CA,AWP,WE,Federal Contract Tower,0,7,7,0,14,0,4,64,0,68,0,11,71,0,82,50,0,50,132
04/04/2011,MOD,CA,AWP,WE,Federal Contract Tower,0,10,11,0,21,0,18,56,0,74,0,28,67,0,95,52,0,52,147
04/05/2011,MOD,CA,AWP,WE,Federal Contract Tower,0,10,13,2,25,0,14,59,0,73,0,24,72,2,98,21,0,21,119
04/06/2011,MOD,CA,AWP,WE,Federal Contract Tower,0,7,5,0,12,0,13,46,0,59,0,20,51,0,71,7,0,7,78
04/07/2011,MOD,CA,AWP,WE,Federal Contract Tower,0,13,1,0,14,0,17,41,0,58,0,30,42,0,72,32,0,32,104
04/08/2011,MOD,CA,AWP,WE,Federal Contract Tower,0,16,18,0,34,0,21,36,0,57,0,37,54,0,91,26,0,26,117
04/09/2011,MOD,CA,AWP,WE,Federal Contract Tower,0,11,7,0,18,0,15,110,0,125,0,26,117,0,143,30,0,30,173
04/10/2011,MOD,CA,AWP,WE,Federal Contract Tower,0,8,6,0,14,0,7,42,0,49,0,15,48,0,63,22,0,22,85
04/11/2011,MOD,CA,AWP,WE,Federal Contract Tower,0,13,17,0,30,0,21,30,0,51,0,34,47,0,81,10,0,10,91
04/12/2011,MOD,CA,AWP,WE,Federal Contract Tower,0,13,10,0,23,0,15,52,0,67,0,28,62,0,90,22,0,22,112
04/13/2011,MOD,CA,AWP,WE,Federal Contract Tower,0,12,24,0,36,0,15,33,0,48,0,27,57,0,84,21,0,21,105
04/14/2011,MOD,CA,AWP,WE,Federal Contract Tower,0,13,7,0,20,0,9,67,0,76,0,22,74,0,96,42,0,42,138
04/15/2011,MOD,CA,AWP,WE,Federal Contract Tower,0,10,4,0,14,0,24,55,0,79,0,34,59,0,93,48,0,48,141
04/16/2011,MOD,CA,AWP,WE,Federal Contract Tower,0,10,19,0,29,0,18,95,0,113,0,28,114,0,142,44,0,44,186
04/17/2011,MOD,CA,AWP,WE,Federal Contract Tower,0,9,9,0,18,0,19,69,0,88,0,28,78,0,106,32,0,32,138
04/18/2011,MOD,CA,AWP,WE,Federal Contract Tower,0,8,8,0,16,0,14,37,0,51,0,22,45,0,67,66,0,66,133
04/19/2011,MOD,CA,AWP,WE,Federal Contract Tower,0,12,13,0,25,0,15,37,0,52,0,27,50,0,77,58,0,58,135
04/20/2011,MOD,CA,AWP,WE,Federal Contract Tower,0,23,26,0,49,0,15,43,0,58,0,38,69,0,107,54,0,54,161
04/21/2011,MOD,CA,AWP,WE,Federal Contract Tower,0,11,16,0,27,0,24,40,0,64,0,35,56,0,91,56,0,56,147
04/22/2011,MOD,CA,AWP,WE,Federal Contract Tower,0,8,5,0,13,0,39,57,0,96,0,47,62,0,109,24,0,24,133
04/23/2011,MOD,CA,AWP,WE,Federal Contract Tower,0,8,12,0,20,0,17,56,0,73,0,25,68,0,93,46,0,46,139
04/24/2011,MOD,CA,AWP,WE,Federal Contract Tower,0,6,3,0,9,0,19,24,0,43,0,25,27,0,52,0,0,0,52
04/25/2011,MOD,CA,AWP,WE,Federal Contract Tower,0,9,55,0,64,0,24,29,2,55,0,33,84,2,119,68,0,68,187
04/26/2011,MOD,CA,AWP,WE,Federal Contract Tower,0,10,13,2,25,0,22,64,2,88,0,32,77,4,113,18,0,18,131
04/27/2011,MOD,CA,AWP,WE,Federal Contract Tower,2,12,5,0,19,0,27,51,5,83,2,39,56,5,102,38,0,38,140
04/28/2011,MOD,CA,AWP,WE,Federal Contract Tower,0,12,5,0,17,0,32,57,0,89,0,44,62,0,106,30,0,30,136
04/29/2011,MOD,CA,AWP,WE,Federal Contract Tower,0,9,6,0,15,0,24,31,0,55,0,33,37,0,70,10,0,10,80
04/30/2011,MOD,CA,AWP,WE,Federal Contract Tower,2,9,9,0,20,0,20,69,0,89,2,29,78,0,109,16,0,16,125
05/01/2011,MOD,CA,AWP,WE,Federal Contract Tower,0,5,10,0,15,0,25,59,0,84,0,30,69,0,99,29,0,29,128
05/02/2011,MOD,CA,AWP,WE,Federal Contract Tower,0,7,11,0,18,0,17,63,0,80,0,24,74,0,98,62,0,62,160
05/03/2011,MOD,CA,AWP,WE,Federal Contract Tower,0,6,14,0,20,0,9,73,0,82,0,15,87,0,102,52,0,52,154
05/04/2011,MOD,CA,AWP,WE,Federal Contract Tower,0,9,11,0,20,0,21,58,0,79,0,30,69,0,99,55,0,55,154
05/05/2011,MOD,CA,AWP,WE,Federal Contract Tower,0,7,14,0,21,0,35,74,0,109,0,42,88,0,130,26,0,26,156
05/06/2011,MOD,CA,AWP,WE,Federal Contract Tower,0,11,9,0,20,0,23,57,0,80,0,34,66,0,100,14,0,14,114
05/07/2011,MOD,CA,AWP,WE,Federal Contract Tower,0,7,14,0,21,0,20,69,0,89,0,27,83,0,110,84,0,84,194
05/08/2011,MOD,CA,AWP,WE,Federal Contract Tower,0,9,11,0,20,0,15,28,0,43,0,24,39,0,63,0,0,0,63
05/09/2011,MOD,CA,AWP,WE,Federal Contract Tower,0,10,9,0,19,0,11,47,0,58,0,21,56,0,77,32,0,32,109
05/10/2011,MOD,CA,AWP,WE,Federal Contract Tower,0,11,17,2,30,0,30,77,0,107,0,41,94,2,137,34,0,34,171
05/11/2011,MOD,CA,AWP,WE,Federal Contract Tower,0,8,8,0,16,0,26,47,0,73,0,34,55,0,89,16,0,16,105
05/12/2011,MOD,CA,AWP,WE,Federal Contract Tower,0,13,13,0,26,0,32,77,0,109,0,45,90,0,135,78,0,78,213
05/13/2011,MOD,CA,AWP,WE,Federal Contract Tower,0,9,7,0,16,0,28,79,0,107,0,37,86,0,123,58,0,58,181
05/14/2011,MOD,CA,AWP,WE,Federal Contract Tower,0,5,15,0,20,0,26,121,0,147,0,31,136,0,167,42,0,42,209
05/15/2011,MOD,CA,AWP,WE,Federal Contract Tower,0,6,0,0,6,0,22,10,0,32,0,28,10,0,38,0,0,0,38
05/16/2011,MOD,CA,AWP,WE,Federal Contract Tower,0,10,10,0,20,0,14,29,0,43,0,24,39,0,63,10,6,16,79
05/17/2011,MOD,CA,AWP,WE,Federal Contract Tower,0,5,14,0,19,0,11,30,0,41,0,16,44,0,60,26,0,26,86
05/18/2011,MOD,CA,AWP,WE,Federal Contract Tower,0,17,26,0,43,0,12,15,2,29,0,29,41,2,72,2,12,14,86
05/19/2011,MOD,CA,AWP,WE,Federal Contract Tower,0,14,23,0,37,0,14,82,0,96,0,28,105,0,133,38,0,38,171
05/20/2011,MOD,CA,AWP,WE,Federal Contract Tower,0,7,12,2,21,0,26,83,1,110,0,33,95,3,131,76,0,76,207
05/21/2011,MOD,CA,AWP,WE,Federal Contract Tower,0,7,4,0,11,0,41,93,0,134,0,48,97,0,145,78,0,78,223
05/22/2011,MOD,CA,AWP,WE,Federal Contract Tower,0,10,18,0,28,0,10,45,0,55,0,20,63,0,83,22,0,22,105
05/23/2011,MOD,CA,AWP,WE,Federal Contract Tower,0,7,9,0,16,0,20,42,0,62,0,27,51,0,78,64,0,64,142
05/24/2011,MOD,CA,AWP,WE,Federal Contract Tower,0,12,12,0,24,0,28,76,0,104,0,40,88,0,128,76,0,76,204
05/25/2011,MOD,CA,AWP,WE,Federal Contract Tower,0,6,22,0,28,0,13,49,0,62,0,19,71,0,90,34,0,34,124
05/26/2011,MOD,CA,AWP,WE,Federal Contract Tower,0,9,21,0,30,0,24,56,0,80,0,33,77,0,110,28,0,28,138
05/27/2011,MOD,CA,AWP,WE,Federal Contract Tower,0,16,8,0,24,0,30,68,2,100,0,46,76,2,124,42,0,42,166
05/28/2011,MOD,CA,AWP,WE,Federal Contract Tower,0,10,12,0,22,0,22,53,0,75,0,32,65,0,97,42,0,42,139
05/29/2011,MOD,CA,AWP,WE,Federal Contract Tower,0,7,3,0,10,0,17,26,0,43,0,24,29,0,53,26,0,26,79
05/30/2011,MOD,CA,AWP,WE,Federal Contract Tower,0,5,20,0,25,0,18,61,0,79,0,23,81,0,104,26,0,26,130
05/31/2011,MOD,CA,AWP,WE,Federal Contract Tower,0,13,18,0,31,0,16,57,0,73,0,29,75,0,104,76,0,76,180
06/01/2011,MOD,CA,AWP,WE,Federal Contract Tower,0,11,16,0,27,0,16,24,0,40,0,27,40,0,67,28,0,28,95
06/02/2011,MOD,CA,AWP,WE,Federal Contract Tower,0,14,33,0,47,0,23,47,0,70,0,37,80,0,117,20,0,20,137
06/03/2011,MOD,CA,AWP,WE,Federal Contract Tower,0,8,16,0,24,0,64,76,0,140,0,72,92,0,164,52,0,52,216
06/04/2011,MOD,CA,AWP,WE,Federal Contract Tower,0,10,4,0,14,0,12,2,0,14,0,22,6,0,28,0,0,0,28
06/05/2011,MOD,CA,AWP,WE,Federal Contract Tower,0,11,5,0,16,0,5,15,0,20,0,16,20,0,36,22,0,22,58
06/06/2011,MOD,CA,AWP,WE,Federal Contract Tower,0,15,14,0,29,0,13,29,0,42,0,28,43,0,71,24,0,24,95
06/07/2011,MOD,CA,AWP,WE,Federal Contract Tower,0,11,19,0,30,0,19,43,0,62,0,30,62,0,92,56,0,56,148
06/08/2011,MOD,CA,AWP,WE,Federal Contract Tower,0,13,16,0,29,0,33,53,0,86,0,46,69,0,115,102,0,102,217
06/09/2011,MOD,CA,AWP,WE,Federal Contract Tower,0,15,35,2,52,0,16,57,0,73,0,31,92,2,125,32,0,32,157
06/10/2011,MOD,CA,AWP,WE,Federal Contract Tower,0,14,17,0,31,0,42,70,0,112,0,56,87,0,143,58,0,58,201
06/11/2011,MOD,CA,AWP,WE,Federal Contract Tower,0,6,12,0,18,0,46,100,0,146,0,52,112,0,164,42,4,46,210
06/12/2011,MOD,CA,AWP,WE,Federal Contract Tower,0,9,21,0,30,0,17,46,0,63,0,26,67,0,93,10,0,10,103
06/13/2011,MOD,CA,AWP,WE,Federal Contract Tower,0,8,16,0,24,0,16,21,0,37,0,24,37,0,61,0,0,0,61
06/14/2011,MOD,CA,AWP,WE,Federal Contract Tower,0,8,6,0,14,0,21,68,0,89,0,29,74,0,103,56,0,56,159
06/15/2011,MOD,CA,AWP,WE,Federal Contract Tower,0,13,4,2,19,0,37,46,0,83,0,50,50,2,102,78,0,78,180
06/16/2011,MOD,CA,AWP,WE,Federal Contract Tower,0,15,19,0,34,0,33,55,0,88,0,48,74,0,122,56,0,56,178
06/17/2011,MOD,CA,AWP,WE,Federal Contract Tower,0,13,20,0,33,0,26,68,0,94,0,39,88,0,127,92,0,92,219
06/18/2011,MOD,CA,AWP,WE,Federal Contract Tower,0,7,6,0,13,0,14,78,0,92,0,21,84,0,105,60,0,60,165
06/19/2011,MOD,CA,AWP,WE,Federal Contract Tower,0,5,5,0,10,0,13,47,2,62,0,18,52,2,72,2,0,2,74
06/20/2011,MOD,CA,AWP,WE,Federal Contract Tower,0,8,7,0,15,0,10,35,0,45,0,18,42,0,60,32,0,32,92
06/21/2011,MOD,CA,AWP,WE,Federal Contract Tower,2,4,6,0,12,0,15,38,0,53,2,19,44,0,65,24,0,24,89
06/22/2011,MOD,CA,AWP,WE,Federal Contract Tower,0,11,11,0,22,0,16,40,0,56,0,27,51,0,78,62,0,62,140
06/23/2011,MOD,CA,AWP,WE,Federal Contract Tower,0,10,12,0,22,0,30,46,0,76,0,40,58,0,98,36,0,36,134
06/24/2011,MOD,CA,AWP,WE,Federal Contract Tower,2,13,26,0,41,0,40,64,0,104,2,53,90,0,145,62,0,62,207
06/25/2011,MOD,CA,AWP,WE,Federal Contract Tower,0,7,13,0,20,0,7,91,0,98,0,14,104,0,118,60,0,60,178
06/26/2011,MOD,CA,AWP,WE,Federal Contract Tower,0,7,19,0,26,0,14,56,0,70,0,21,75,0,96,36,0,36,132
06/27/2011,MOD,CA,AWP,WE,Federal Contract Tower,0,8,6,0,14,0,20,73,4,97,0,28,79,4,111,24,12,36,147
06/28/2011,MOD,CA,AWP,WE,Federal Contract Tower,0,10,10,1,21,0,14,36,1,51,0,24,46,2,72,38,0,38,110
06/29/2011,MOD,CA,AWP,WE,Federal Contract Tower,0,12,19,0,31,0,16,57,0,73,0,28,76,0,104,66,0,66,170
06/30/2011,MOD,CA,AWP,WE,Federal Contract Tower,0,9,18,0,27,0,44,70,4,118,0,53,88,4,145,33,20,53,198
07/01/2011,MOD,CA,AWP,WE,Federal Contract Tower,0,12,6,0,18,0,22,78,0,100,0,34,84,0,118,66,4,70,188
07/02/2011,MOD,CA,AWP,WE,Federal Contract Tower,0,7,6,0,13,0,29,86,0,115,0,36,92,0,128,30,0,30,158
07/03/2011,MOD,CA,AWP,WE,Federal Contract Tower,0,6,6,0,12,0,28,45,0,73,0,34,51,0,85,18,0,18,103
07/04/2011,MOD,CA,AWP,WE,Federal Contract Tower,0,6,0,0,6,0,33,31,0,64,0,39,31,0,70,2,0,2,72
07/05/2011,MOD,CA,AWP,WE,Federal Contract Tower,0,11,11,0,22,0,32,69,8,109,0,43,80,8,131,88,22,110,241
07/06/2011,MOD,CA,AWP,WE,Federal Contract Tower,0,9,13,0,22,0,29,50,3,82,0,38,63,3,104,60,6,66,170
07/07/2011,MOD,CA,AWP,WE,Federal Contract Tower,0,15,17,0,32,0,17,79,3,99,0,32,96,3,131,26,0,26,157
07/08/2011,MOD,CA,AWP,WE,Federal Contract Tower,0,12,19,0,31,0,31,73,1,105,0,43,92,1,136,48,20,68,204
07/09/2011,MOD,CA,AWP,WE,Federal Contract Tower,0,9,7,2,18,0,41,105,0,146,0,50,112,2,164,64,0,64,228
07/10/2011,MOD,CA,AWP,WE,Federal Contract Tower,0,8,6,0,14,0,34,50,0,84,0,42,56,0,98,8,0,8,106
07/11/2011,MOD,CA,AWP,WE,Federal Contract Tower,0,8,14,0,22,0,18,48,0,66,0,26,62,0,88,0,0,0,88
07/12/2011,MOD,CA,AWP,WE,Federal Contract Tower,0,11,9,0,20,0,20,73,0,93,0,31,82,0,113,84,0,84,197
07/13/2011,MOD,CA,AWP,WE,Federal Contract Tower,0,9,10,1,20,0,55,65,2,122,0,64,75,3,142,34,8,42,184
07/14/2011,MOD,CA,AWP,WE,Federal Contract Tower,0,11,5,0,16,0,24,60,0,84,0,35,65,0,100,44,0,44,144
07/15/2011,MOD,CA,AWP,WE,Federal Contract Tower,0,6,15,0,21,0,43,75,0,118,0,49,90,0,139,68,0,68,207
07/16/2011,MOD,CA,AWP,WE,Federal Contract Tower,0,12,20,0,32,0,23,84,0,107,0,35,104,0,139,50,0,50,189
07/17/2011,MOD,CA,AWP,WE,Federal Contract Tower,0,10,4,0,14,0,20,40,0,60,0,30,44,0,74,56,0,56,130
07/18/2011,MOD,CA,AWP,WE,Federal Contract Tower,0,8,15,0,23,0,20,59,0,79,0,28,74,0,102,60,0,60,162
07/19/2011,MOD,CA,AWP,WE,Federal Contract Tower,0,13,9,0,22,0,22,63,0,85,0,35,72,0,107,24,0,24,131
07/20/2011,MOD,CA,AWP,WE,Federal Contract Tower,0,12,16,0,28,0,20,57,3,80,0,32,73,3,108,38,20,58,166
07/21/2011,MOD,CA,AWP,WE,Federal Contract Tower,0,15,19,2,36,0,31,70,0,101,0,46,89,2,137,42,0,42,179
07/22/2011,MOD,CA,AWP,WE,Federal Contract Tower,0,6,9,0,15,0,16,82,0,98,0,22,91,0,113,50,0,50,163
07/23/2011,MOD,CA,AWP,WE,Federal Contract Tower,0,6,5,0,11,0,38,51,0,89,0,44,56,0,100,26,0,26,126
07/24/2011,MOD,CA,AWP,WE,Federal Contract Tower,2,9,5,0,16,0,18,61,0,79,2,27,66,0,95,20,0,20,115
07/25/2011,MOD,CA,AWP,WE,Federal Contract Tower,0,8,26,0,34,0,10,50,0,60,0,18,76,0,94,44,0,44,138
07/26/2011,MOD,CA,AWP,WE,Federal Contract Tower,0,8,29,0,37,0,14,43,0,57,0,22,72,0,94,36,0,36,130
07/27/2011,MOD,CA,AWP,WE,Federal Contract Tower,0,9,17,0,26,0,20,68,0,88,0,29,85,0,114,36,0,36,150
07/28/2011,MOD,CA,AWP,WE,Federal Contract Tower,2,8,29,0,39,0,21,66,0,87,2,29,95,0,126,48,0,48,174
07/29/2011,MOD,CA,AWP,WE,Federal Contract Tower,0,14,6,0,20,0,9,77,3,89,0,23,83,3,109,32,0,32,141
07/30/2011,MOD,CA,AWP,WE,Federal Contract Tower,0,7,8,0,15,0,9,62,0,71,0,16,70,0,86,31,0,31,117
07/31/2011,MOD,CA,AWP,WE,Federal Contract Tower,0,8,13,0,21,0,22,51,0,73,0,30,64,0,94,2,0,2,96
08/01/2011,MOD,CA,AWP,WE,Federal Contract Tower,0,5,18,0,23,0,16,52,6,74,0,21,70,6,97,54,22,76,173
08/02/2011,MOD,CA,AWP,WE,Federal Contract Tower,0,10,18,2,30,0,49,50,2,101,0,59,68,4,131,42,24,66,197
08/03/2011,MOD,CA,AWP,WE,Federal Contract Tower,0,7,10,0,17,0,36,58,0,94,0,43,68,0,111,34,0,34,145
08/04/2011,MOD,CA,AWP,WE,Federal Contract Tower,0,4,17,5,26,0,27,65,1,93,0,31,82,6,119,48,4,52,171
08/05/2011,MOD,CA,AWP,WE,Federal Contract Tower,0,8,17,0,25,0,38,89,0,127,0,46,106,0,152,28,4,32,184
08/06/2011,MOD,CA,AWP,WE,Federal Contract Tower,0,5,10,0,15,0,36,48,0,84,0,41,58,0,99,54,6,60,159
08/07/2011,MOD,CA,AWP,WE,Federal Contract Tower,0,9,18,0,27,0,10,92,0,102,0,19,110,0,129,44,0,44,173
08/08/2011,MOD,CA,AWP,WE,Federal Contract Tower,0,7,23,0,30,0,11,60,4,75,0,18,83,4,105,42,0,42,147
08/09/2011,MOD,CA,AWP,WE,Federal Contract Tower,0,6,19,0,25,0,16,47,0,63,0,22,66,0,88,20,0,20,108
08/10/2011,MOD,CA,AWP,WE,Federal Contract Tower,0,12,20,0,32,0,23,55,0,78,0,35,75,0,110,31,0,31,141
08/11/2011,MOD,CA,AWP,WE,Federal Contract Tower,0,16,16,2,34,0,41,66,0,107,0,57,82,2,141,54,0,54,195
08/12/2011,MOD,CA,AWP,WE,Federal Contract Tower,0,11,13,0,24,0,27,69,0,96,0,38,82,0,120,4,0,4,124
08/13/2011,MOD,CA,AWP,WE,Federal Contract Tower,0,6,8,0,14,0,19,116,0,135,0,25,124,0,149,60,0,60,209
08/14/2011,MOD,CA,AWP,WE,Federal Contract Tower,0,8,19,0,27,0,19,56,0,75,0,27,75,0,102,16,0,16,118
08/15/2011,MOD,CA,AWP,WE,Federal Contract Tower,0,8,21,0,29,0,33,54,2,89,0,41,75,2,118,6,0,6,124
08/16/2011,MOD,CA,AWP,WE,Federal Contract Tower,0,11,16,2,29,0,28,61,0,89,0,39,77,2,118,64,0,64,182
08/17/2011,MOD,CA,AWP,WE,Federal Contract Tower,0,11,10,0,21,0,21,61,2,84,0,32,71,2,105,12,0,12,117
08/18/2011,MOD,CA,AWP,WE,Federal Contract Tower,0,13,13,0,26,0,25,59,2,86,0,38,72,2,112,42,0,42,154
08/19/2011,MOD,CA,AWP,WE,Federal Contract Tower,0,5,13,0,18,0,20,64,2,86,0,25,77,2,104,37,0,37,141
08/20/2011,MOD,CA,AWP,WE,Federal Contract Tower,0,9,7,0,16,0,28,79,2,109,0,37,86,2,125,56,0,56,181
08/21/2011,MOD,CA,AWP,WE,Federal Contract Tower,0,7,8,0,15,0,14,50,0,64,0,21,58,0,79,14,0,14,93
08/22/2011,MOD,CA,AWP,WE,Federal Contract Tower,0,9,15,0,24,0,34,54,0,88,0,43,69,0,112,22,0,22,134
08/23/2011,MOD,CA,AWP,WE,Federal Contract Tower,0,12,12,0,24,0,23,55,0,78,0,35,67,0,102,67,0,67,169
08/24/2011,MOD,CA,AWP,WE,Federal Contract Tower,0,7,21,0,28,0,19,60,0,79,0,26,81,0,107,30,0,30,137
08/25/2011,MOD,CA,AWP,WE,Federal Contract Tower,2,7,12,0,21,0,36,61,0,97,2,43,73,0,118,16,0,16,134
08/26/2011,MOD,CA,AWP,WE,Federal Contract Tower,0,13,22,0,35,0,33,51,2,86,0,46,73,2,121,28,0,28,149
08/27/2011,MOD,CA,AWP,WE,Federal Contract Tower,0,8,9,0,17,0,10,67,0,77,0,18,76,0,94,32,0,32,126
08/28/2011,MOD,CA,AWP,WE,Federal Contract Tower,2,8,14,0,24,0,20,39,0,59,2,28,53,0,83,10,0,10,93
08/29/2011,MOD,CA,AWP,WE,Federal Contract Tower,0,8,16,0,24,0,18,61,0,79,0,26,77,0,103,9,0,9,112
08/30/2011,MOD,CA,AWP,WE,Federal Contract Tower,0,5,24,2,31,0,10,49,0,59,0,15,73,2,90,15,0,15,105
08/31/2011,MOD,CA,AWP,WE,Federal Contract Tower,0,13,21,0,34,0,14,38,0,52,0,27,59,0,86,6,0,6,92
09/01/2011,MOD,CA,AWP,WE,Federal Contract Tower,0,9,20,0,29,0,8,75,0,83,0,17,95,0,112,42,0,42,154
09/02/2011,MOD,CA,AWP,WE,Federal Contract Tower,0,10,9,0,19,0,19,57,0,76,0,29,66,0,95,30,0,30,125
09/03/2011,MOD,CA,AWP,WE,Federal Contract Tower,0,8,2,0,10,0,14,76,0,90,0,22,78,0,100,39,0,39,139
09/04/2011,MOD,CA,AWP,WE,Federal Contract Tower,0,2,1,0,3,0,26,48,0,74,0,28,49,0,77,10,0,10,87
09/05/2011,MOD,CA,AWP,WE,Federal Contract Tower,0,8,27,0,35,0,15,64,0,79,0,23,91,0,114,38,0,38,152
09/06/2011,MOD,CA,AWP,WE,Federal Contract Tower,0,8,18,0,26,0,21,52,0,73,0,29,70,0,99,16,0,16,115
09/07/2011,MOD,CA,AWP,WE,Federal Contract Tower,0,10,20,0,30,0,15,86,0,101,0,25,106,0,131,18,0,18,149
09/08/2011,MOD,CA,AWP,WE,Federal Contract Tower,0,10,15,0,25,0,22,60,0,82,0,32,75,0,107,60,0,60,167
09/09/2011,MOD,CA,AWP,WE,Federal Contract Tower,0,10,37,0,47,0,45,54,0,99,0,55,91,0,146,36,0,36,182
09/10/2011,MOD,CA,AWP,WE,Federal Contract Tower,0,5,5,0,10,0,11,91,0,102,0,16,96,0,112,20,0,20,132
09/11/2011,MOD,CA,AWP,WE,Federal Contract Tower,0,9,7,0,16,0,13,48,0,61,0,22,55,0,77,18,0,18,95
09/12/2011,MOD,CA,AWP,WE,Federal Contract Tower,0,8,12,0,20,0,20,47,2,69,0,28,59,2,89,30,4,34,123
09/13/2011,MOD,CA,AWP,WE,Federal Contract Tower,0,12,13,0,25,0,10,40,0,50,0,22,53,0,75,49,0,49,124
09/14/2011,MOD,CA,AWP,WE,Federal Contract Tower,0,10,7,0,17,0,19,56,0,75,0,29,63,0,92,20,0,20,112
09/15/2011,MOD,CA,AWP,WE,Federal Contract Tower,0,13,26,0,39,0,17,49,0,66,0,30,75,0,105,43,0,43,148
09/16/2011,MOD,CA,AWP,WE,Federal Contract Tower,0,14,32,0,46,0,33,68,0,101,0,47,100,0,147,22,0,22,169
09/17/2011,MOD,CA,AWP,WE,Federal Contract Tower,0,8,1,0,9,0,24,73,0,97,0,32,74,0,106,54,0,54,160
09/18/2011,MOD,CA,AWP,WE,Federal Contract Tower,0,9,7,0,16,0,14,62,0,76,0,23,69,0,92,16,0,16,108
09/19/2011,MOD,CA,AWP,WE,Federal Contract Tower,0,5,11,0,16,0,8,42,0,50,0,13,53,0,66,24,0,24,90
09/20/2011,MOD,CA,AWP,WE,Federal Contract Tower,0,13,24,0,37,0,28,52,2,82,0,41,76,2,119,54,10,64,183
09/21/2011,MOD,CA,AWP,WE,Federal Contract Tower,0,9,39,1,49,0,14,53,1,68,0,23,92,2,117,16,0,16,133
09/22/2011,MOD,CA,AWP,WE,Federal Contract Tower,0,8,14,2,24,0,28,57,0,85,0,36,71,2,109,44,0,44,153
09/23/2011,MOD,CA,AWP,WE,Federal Contract Tower,0,16,22,0,38,0,37,72,0,109,0,53,94,0,147,52,0,52,199
09/24/2011,MOD,CA,AWP,WE,Federal Contract Tower,0,8,17,0,25,0,17,48,0,65,0,25,65,0,90,0,0,0,90
09/25/2011,MOD,CA,AWP,WE,Federal Contract Tower,0,9,20,0,29,0,17,37,0,54,0,26,57,0,83,12,0,12,95
09/26/2011,MOD,CA,AWP,WE,Federal Contract Tower,0,11,8,0,19,0,41,49,0,90,0,52,57,0,109,26,0,26,135
09/27/2011,MOD,CA,AWP,WE,Federal Contract Tower,0,10,19,0,29,0,20,62,0,82,0,30,81,0,111,40,0,40,151
09/28/2011,MOD,CA,AWP,WE,Federal Contract Tower,0,7,21,0,28,0,26,47,0,73,0,33,68,0,101,50,0,50,151
09/29/2011,MOD,CA,AWP,WE,Federal Contract Tower,0,17,21,0,38,0,20,65,0,85,0,37,86,0,123,86,0,86,209
09/30/2011,MOD,CA,AWP,WE,Federal Contract Tower,0,5,9,0,14,0,18,68,0,86,0,23,77,0,100,52,0,52,152
10/01/2011,MOD,CA,AWP,WE,Federal Contract Tower,0,9,1,0,10,0,24,82,0,106,0,33,83,0,116,36,0,36,152
10/02/2011,MOD,CA,AWP,WE,Federal Contract Tower,2,6,5,0,13,0,16,91,0,107,2,22,96,0,120,36,0,36,156
10/03/2011,MOD,CA,AWP,WE,Federal Contract Tower,0,4,28,0,32,0,12,40,0,52,0,16,68,0,84,28,0,28,112
10/04/2011,MOD,CA,AWP,WE,Federal Contract Tower,0,12,9,0,21,0,18,46,0,64,0,30,55,0,85,69,0,69,154
10/05/2011,MOD,CA,AWP,WE,Federal Contract Tower,0,15,19,0,34,0,21,46,0,67,0,36,65,0,101,45,0,45,146
10/06/2011,MOD,CA,AWP,WE,Federal Contract Tower,2,11,22,0,35,0,20,39,0,59,2,31,61,0,94,14,0,14,108
10/07/2011,MOD,CA,AWP,WE,Federal Contract Tower,0,11,32,0,43,0,29,75,0,104,0,40,107,0,147,20,0,20,167
10/08/2011,MOD,CA,AWP,WE,Federal Contract Tower,0,10,13,0,23,0,22,103,0,125,0,32,116,0,148,68,0,68,216
10/09/2011,MOD,CA,AWP,WE,Federal Contract Tower,2,10,6,0,18,0,22,57,0,79,2,32,63,0,97,28,0,28,125
10/10/2011,MOD,CA,AWP,WE,Federal Contract Tower,0,12,14,0,26,0,23,32,0,55,0,35,46,0,81,14,0,14,95
10/11/2011,MOD,CA,AWP,WE,Federal Contract Tower,0,4,25,0,29,0,26,56,0,82,0,30,81,0,111,58,0,58,169
10/12/2011,MOD,CA,AWP,WE,Federal Contract Tower,2,10,28,0,40,0,19,61,0,80,2,29,89,0,120,24,0,24,144
10/13/2011,MOD,CA,AWP,WE,Federal Contract Tower,0,9,27,0,36,0,22,79,0,101,0,31,106,0,137,78,0,78,215
10/14/2011,MOD,CA,AWP,WE,Federal Contract Tower,0,8,18,0,26,0,29,58,0,87,0,37,76,0,113,61,0,61,174
10/15/2011,MOD,CA,AWP,WE,Federal Contract Tower,0,8,27,0,35,0,22,68,0,90,0,30,95,0,125,66,0,66,191
10/16/2011,MOD,CA,AWP,WE,Federal Contract Tower,0,8,25,0,33,0,8,65,0,73,0,16,90,0,106,32,0,32,138
10/17/2011,MOD,CA,AWP,WE,Federal Contract Tower,0,9,23,0,32,0,19,65,0,84,0,28,88,0,116,8,0,8,124
10/18/2011,MOD,CA,AWP,WE,Federal Contract Tower,0,10,24,0,34,0,18,62,0,80,0,28,86,0,114,74,0,74,188
10/19/2011,MOD,CA,AWP,WE,Federal Contract Tower,0,9,24,4,37,0,14,54,0,68,0,23,78,4,105,9,0,9,114
10/20/2011,MOD,CA,AWP,WE,Federal Contract Tower,0,7,39,0,46,0,27,62,0,89,0,34,101,0,135,64,0,64,199
10/21/2011,MOD,CA,AWP,WE,Federal Contract Tower,0,10,25,0,35,0,38,73,0,111,0,48,98,0,146,22,0,22,168
10/22/2011,MOD,CA,AWP,WE,Federal Contract Tower,0,10,6,0,16,0,24,72,0,96,0,34,78,0,112,38,0,38,150
10/23/2011,MOD,CA,AWP,WE,Federal Contract Tower,0,9,20,0,29,0,20,64,0,84,0,29,84,0,113,8,0,8,121
10/24/2011,MOD,CA,AWP,WE,Federal Contract Tower,0,11,35,0,46,0,17,46,0,63,0,28,81,0,109,32,0,32,141
10/25/2011,MOD,CA,AWP,WE,Federal Contract Tower,0,9,18,0,27,0,15,41,0,56,0,24,59,0,83,30,0,30,113
10/26/2011,MOD,CA,AWP,WE,Federal Contract Tower,0,14,20,0,34,0,25,45,0,70,0,39,65,0,104,34,0,34,138
10/27/2011,MOD,CA,AWP,WE,Federal Contract Tower,0,8,26,0,34,0,27,60,0,87,0,35,86,0,121,42,0,42,163
10/28/2011,MOD,CA,AWP,WE,Federal Contract Tower,0,11,34,0,45,0,17,70,0,87,0,28,104,0,132,56,0,56,188
10/29/2011,MOD,CA,AWP,WE,Federal Contract Tower,0,4,4,0,8,0,9,76,2,87,0,13,80,2,95,38,0,38,133
10/30/2011,MOD,CA,AWP,WE,Federal Contract Tower,0,10,9,0,19,0,18,61,2,81,0,28,70,2,100,20,0,20,120
10/31/2011,MOD,CA,AWP,WE,Federal Contract Tower,0,7,30,0,37,0,16,46,4,66,0,23,76,4,103,13,0,13,116
11/01/2011,MOD,CA,AWP,WE,Federal Contract Tower,0,9,32,0,41,0,9,37,0,46,0,18,69,0,87,18,0,18,105
11/02/2011,MOD,CA,AWP,WE,Federal Contract Tower,0,11,48,2,61,0,34,49,3,86,0,45,97,5,147,37,6,43,190
11/03/2011,MOD,CA,AWP,WE,Federal Contract Tower,0,11,21,0,32,0,22,46,0,68,0,33,67,0,100,24,0,24,124
11/04/2011,MOD,CA,AWP,WE,Federal Contract Tower,0,10,19,0,29,0,21,30,0,51,0,31,49,0,80,67,0,67,147
11/05/2011,MOD,CA,AWP,WE,Federal Contract Tower,0,6,12,0,18,0,9,40,0,49,0,15,52,0,67,24,0,24,91
11/06/2011,MOD,CA,AWP,WE,Federal Contract Tower,0,10,7,0,17,0,8,18,0,26,0,18,25,0,43,0,2,2,45
11/07/2011,MOD,CA,AWP,WE,Federal Contract Tower,0,7,14,0,21,0,18,29,0,47,0,25,43,0,68,8,0,8,76
11/08/2011,MOD,CA,AWP,WE,Federal Contract Tower,0,10,24,0,34,0,19,65,0,84,0,29,89,0,118,30,0,30,148
11/09/2011,MOD,CA,AWP,WE,Federal Contract Tower,0,10,35,0,45,0,13,43,0,56,0,23,78,0,101,26,0,26,127
11/10/2011,MOD,CA,AWP,WE,Federal Contract Tower,0,17,20,0,37,0,17,71,0,88,0,34,91,0,125,53,0,53,178
11/11/2011,MOD,CA,AWP,WE,Federal Contract Tower,0,15,15,0,30,0,22,33,0,55,0,37,48,0,85,34,0,34,119
11/12/2011,MOD,CA,AWP,WE,Federal Contract Tower,0,8,13,0,21,0,8,45,0,53,0,16,58,0,74,18,0,18,92
11/13/2011,MOD,CA,AWP,WE,Federal Contract Tower,0,8,3,0,11,0,28,51,0,79,0,36,54,0,90,4,0,4,94
11/14/2011,MOD,CA,AWP,WE,Federal Contract Tower,0,10,14,0,24,0,15,36,0,51,0,25,50,0,75,14,0,14,89
11/15/2011,MOD,CA,AWP,WE,Federal Contract Tower,0,17,14,0,31,0,13,46,0,59,0,30,60,0,90,9,0,9,99
11/16/2011,MOD,CA,AWP,WE,Federal Contract Tower,0,9,16,0,25,0,27,55,0,82,0,36,71,0,107,42,0,42,149
11/17/2011,MOD,CA,AWP,WE,Federal Contract Tower,0,6,33,0,39,0,20,62,0,82,0,26,95,0,121,25,0,25,146
11/18/2011,MOD,CA,AWP,WE,Federal Contract Tower,0,13,17,0,30,0,21,42,0,63,0,34,59,0,93,47,0,47,140
11/19/2011,MOD,CA,AWP,WE,Federal Contract Tower,0,7,11,0,18,0,18,64,12,94,0,25,75,12,112,30,0,30,142
11/20/2011,MOD,CA,AWP,WE,Federal Contract Tower,0,11,5,0,16,0,6,11,0,17,0,17,16,0,33,0,0,0,33
11/21/2011,MOD,CA,AWP,WE,Federal Contract Tower,0,8,30,0,38,0,10,25,0,35,0,18,55,0,73,32,0,32,105
11/22/2011,MOD,CA,AWP,WE,Federal Contract Tower,0,8,20,2,30,0,17,34,0,51,0,25,54,2,81,12,0,12,93
11/23/2011,MOD,CA,AWP,WE,Federal Contract Tower,0,14,22,0,36,0,8,36,0,44,0,22,58,0,80,10,0,10,90
11/24/2011,MOD,CA,AWP,WE,Federal Contract Tower,0,5,2,0,7,0,4,14,0,18,0,9,16,0,25,2,0,2,27
11/25/2011,MOD,CA,AWP,WE,Federal Contract Tower,0,5,6,0,11,0,10,49,0,59,0,15,55,0,70,32,0,32,102
11/26/2011,MOD,CA,AWP,WE,Federal Contract Tower,0,9,20,0,29,0,11,19,0,30,0,20,39,0,59,0,0,0,59
11/27/2011,MOD,CA,AWP,WE,Federal Contract Tower,0,6,13,0,19,0,0,2,0,2,0,6,15,0,21,14,0,14,35
11/28/2011,MOD,CA,AWP,WE,Federal Contract Tower,0,10,12,0,22,0,9,11,0,20,0,19,23,0,42,0,0,0,42
11/29/2011,MOD,CA,AWP,WE,Federal Contract Tower,0,17,22,0,39,0,0,0,0,0,0,17,22,0,39,0,0,0,39
11/30/2011,MOD,CA,AWP,WE,Federal Contract Tower,0,14,9,0,23,0,5,24,0,29,0,19,33,0,52,5,0,5,57
12/01/2011,MOD,CA,AWP,WE,Federal Contract Tower,0,10,5,2,17,0,22,30,0,52,0,32,35,2,69,2,0,2,71
12/02/2011,MOD,CA,AWP,WE,Federal Contract Tower,0,5,21,0,26,0,14,51,2,67,0,19,72,2,93,20,14,34,127
12/03/2011,MOD,CA,AWP,WE,Federal Contract Tower,0,7,11,0,18,0,9,78,0,87,0,16,89,0,105,49,0,49,154
12/04/2011,MOD,CA,AWP,WE,Federal Contract Tower,0,9,5,0,14,0,20,48,0,68,0,29,53,0,82,18,0,18,100
12/05/2011,MOD,CA,AWP,WE,Federal Contract Tower,0,12,13,2,27,0,14,39,0,53,0,26,52,2,80,16,8,24,104
12/06/2011,MOD,CA,AWP,WE,Federal Contract Tower,0,6,14,1,21,0,13,46,1,60,0,19,60,2,81,23,2,25,106
12/07/2011,MOD,CA,AWP,WE,Federal Contract Tower,0,13,17,0,30,0,22,48,1,71,0,35,65,1,101,24,26,50,151
12/08/2011,MOD,CA,AWP,WE,Federal Contract Tower,0,8,18,0,26,0,24,75,0,99,0,32,93,0,125,46,0,46,171
12/09/2011,MOD,CA,AWP,WE,Federal Contract Tower,0,11,28,2,41,0,31,47,0,78,0,42,75,2,119,16,0,16,135
12/10/2011,MOD,CA,AWP,WE,Federal Contract Tower,0,6,30,0,36,0,19,61,0,80,0,25,91,0,116,24,0,24,140
12/11/2011,MOD,CA,AWP,WE,Federal Contract Tower,0,11,14,0,25,0,4,21,0,25,0,15,35,0,50,4,0,4,54
12/12/2011,MOD,CA,AWP,WE,Federal Contract Tower,0,9,15,2,26,0,15,18,0,33,0,24,33,2,59,30,0,30,89
12/13/2011,MOD,CA,AWP,WE,Federal Contract Tower,0,9,19,0,28,0,20,60,0,80,0,29,79,0,108,50,0,50,158
12/14/2011,MOD,CA,AWP,WE,Federal Contract Tower,0,9,18,0,27,0,31,48,0,79,0,40,66,0,106,46,0,46,152
12/15/2011,MOD,CA,AWP,WE,Federal Contract Tower,0,10,24,0,34,0,17,20,0,37,0,27,44,0,71,4,0,4,75
12/16/2011,MOD,CA,AWP,WE,Federal Contract Tower,0,9,7,0,16,0,26,24,0,50,0,35,31,0,66,10,0,10,76
12/17/2011,MOD,CA,AWP,WE,Federal Contract Tower,0,7,1,0,8,0,6,8,0,14,0,13,9,0,22,0,0,0,22
12/18/2011,MOD,CA,AWP,WE,Federal Contract Tower,0,9,16,0,25,0,13,13,0,26,0,22,29,0,51,12,0,12,63
12/19/2011,MOD,CA,AWP,WE,Federal Contract Tower,0,5,13,0,18,0,4,19,0,23,0,9,32,0,41,18,0,18,59
12/20/2011,MOD,CA,AWP,WE,Federal Contract Tower,0,11,14,0,25,0,0,14,0,14,0,11,28,0,39,0,0,0,39
12/21/2011,MOD,CA,AWP,WE,Federal Contract Tower,0,8,19,0,27,0,17,22,1,40,0,25,41,1,67,18,0,18,85
12/22/2011,MOD,CA,AWP,WE,Federal Contract Tower,0,11,8,0,19,0,12,54,0,66,0,23,62,0,85,30,0,30,115
12/23/2011,MOD,CA,AWP,WE,Federal Contract Tower,0,7,17,0,24,0,31,29,0,60,0,38,46,0,84,36,0,36,120
12/24/2011,MOD,CA,AWP,WE,Federal Contract Tower,0,9,6,0,15,0,13,30,0,43,0,22,36,0,58,10,0,10,68
12/25/2011,MOD,CA,AWP,WE,Federal Contract Tower,0,9,2,0,11,0,4,7,0,11,0,13,9,0,22,8,0,8,30
12/26/2011,MOD,CA,AWP,WE,Federal Contract Tower,0,12,29,0,41,0,6,37,0,43,0,18,66,0,84,12,0,12,96
12/27/2011,MOD,CA,AWP,WE,Federal Contract Tower,0,6,9,2,17,0,11,28,0,39,0,17,37,2,56,18,0,18,74
12/28/2011,MOD,CA,AWP,WE,Federal Contract Tower,0,9,15,0,24,0,10,50,0,60,0,19,65,0,84,44,0,44,128
12/29/2011,MOD,CA,AWP,WE,Federal Contract Tower,0,7,21,0,28,0,9,43,0,52,0,16,64,0,80,24,0,24,104
12/30/2011,MOD,CA,AWP,WE,Federal Contract Tower,0,15,19,0,34,0,18,23,0,41,0,33,42,0,75,36,0,36,111
12/31/2011,MOD,CA,AWP,WE,Federal Contract Tower,0,12,25,0,37,0,5,15,0,20,0,17,40,0,57,18,0,18,75
01/01/2012,MOD,CA,AWP,WE,Federal Contract Tower,0,6,2,0,8,0,4,22,0,26,0,10,24,0,34,14,0,14,48
01/02/2012,MOD,CA,AWP,WE,Federal Contract Tower,0,7,17,0,24,0,10,23,0,33,0,17,40,0,57,2,0,2,59
01/03/2012,MOD,CA,AWP,WE,Federal Contract Tower,0,9,11,0,20,0,13,20,0,33,0,22,31,0,53,10,0,10,63
01/04/2012,MOD,CA,AWP,WE,Federal Contract Tower,0,10,14,0,24,0,14,30,0,44,0,24,44,0,68,12,0,12,80
01/05/2012,MOD,CA,AWP,WE,Federal Contract Tower,0,8,10,4,22,0,17,57,0,74,0,25,67,4,96,6,0,6,102
01/06/2012,MOD,CA,AWP,WE,Federal Contract Tower,0,9,8,0,17,0,31,59,0,90,0,40,67,0,107,0,0,0,107
01/07/2012,MOD,CA,AWP,WE,Federal Contract Tower,0,13,13,0,26,0,11,42,0,53,0,24,55,0,79,0,0,0,79
01/08/2012,MOD,CA,AWP,WE,Federal Contract Tower,5,9,4,0,18,0,10,41,0,51,5,19,45,0,69,16,0,16,85
01/09/2012,MOD,CA,AWP,WE,Federal Contract Tower,0,12,11,0,23,0,17,39,0,56,0,29,50,0,79,22,0,22,101
01/10/2012,MOD,CA,AWP,WE,Federal Contract Tower,0,6,17,0,23,0,17,52,0,69,0,23,69,0,92,58,0,58,150
01/11/2012,MOD,CA,AWP,WE,Federal Contract Tower,0,10,30,0,40,0,22,38,0,60,0,32,68,0,100,27,0,27,127
01/12/2012,MOD,CA,AWP,WE,Federal Contract Tower,0,15,24,0,39,0,22,92,0,114,0,37,116,0,153,70,0,70,223
01/13/2012,MOD,CA,AWP,WE,Federal Contract Tower,0,12,39,0,51,0,12,46,0,58,0,24,85,0,109,66,0,66,175
01/14/2012,MOD,CA,AWP,WE,Federal Contract Tower,0,9,13,0,22,0,4,133,0,137,0,13,146,0,159,48,0,48,207
01/15/2012,MOD,CA,AWP,WE,Federal Contract Tower,0,7,17,0,24,0,8,40,2,50,0,15,57,2,74,30,0,30,104
01/16/2012,MOD,CA,AWP,WE,Federal Contract Tower,0,8,13,0,21,0,9,52,0,61,0,17,65,0,82,18,0,18,100
01/17/2012,MOD,CA,AWP,WE,Federal Contract Tower,0,8,13,0,21,0,10,40,0,50,0,18,53,0,71,10,0,10,81
01/18/2012,MOD,CA,AWP,WE,Federal Contract Tower,2,12,7,0,21,0,26,41,8,75,2,38,48,8,96,23,50,73,169
01/19/2012,MOD,CA,AWP,WE,Federal Contract Tower,0,15,7,0,22,0,14,32,0,46,0,29,39,0,68,72,0,72,140
01/20/2012,MOD,CA,AWP,WE,Federal Contract Tower,0,14,13,0,27,0,8,7,3,18,0,22,20,3,45,4,0,4,49
01/21/2012,MOD,CA,AWP,WE,Federal Contract Tower,2,11,18,0,31,0,15,25,0,40,2,26,43,0,71,4,0,4,75
01/22/2012,MOD,CA,AWP,WE,Federal Contract Tower,0,3,8,0,11,0,10,19,0,29,0,13,27,0,40,8,0,8,48
01/23/2012,MOD,CA,AWP,WE,Federal Contract Tower,0,6,5,0,11,0,2,21,0,23,0,8,26,0,34,0,0,0,34
01/24/2012,MOD,CA,AWP,WE,Federal Contract Tower,0,9,14,0,23,0,5,47,0,52,0,14,61,0,75,95,0,95,170
01/25/2012,MOD,CA,AWP,WE,Federal Contract Tower,0,12,9,0,21,0,29,41,0,70,0,41,50,0,91,44,0,44,135
01/26/2012,MOD,CA,AWP,WE,Federal Contract Tower,0,6,14,0,20,0,9,21,0,30,0,15,35,0,50,57,0,57,107
01/27/2012,MOD,CA,AWP,WE,Federal Contract Tower,0,18,18,0,36,0,25,58,0,83,0,43,76,0,119,30,0,30,149
01/28/2012,MOD,CA,AWP,WE,Federal Contract Tower,0,9,8,0,17,0,13,78,0,91,0,22,86,0,108,48,0,48,156
01/29/2012,MOD,CA,AWP,WE,Federal Contract Tower,0,8,7,0,15,0,16,37,0,53,0,24,44,0,68,20,0,20,88
01/30/2012,MOD,CA,AWP,WE,Federal Contract Tower,0,11,12,0,23,0,17,29,0,46,0,28,41,0,69,4,0,4,73
01/31/2012,MOD,CA,AWP,WE,Federal Contract Tower,0,15,14,0,29,0,11,23,0,34,0,26,37,0,63,82,0,82,145
02/01/2012,MOD,CA,AWP,WE,Federal Contract Tower,0,6,14,0,20,0,10,44,5,59,0,16,58,5,79,39,38,77,156
02/02/2012,MOD,CA,AWP,WE,Federal Contract Tower,0,11,10,0,21,0,30,58,0,88,0,41,68,0,109,94,0,94,203
02/03/2012,MOD,CA,AWP,WE,Federal Contract Tower,0,17,28,0,45,0,16,57,0,73,0,33,85,0,118,46,0,46,164
02/04/2012,MOD,CA,AWP,WE,Federal Contract Tower,0,7,5,0,12,0,17,83,0,100,0,24,88,0,112,34,0,34,146
02/05/2012,MOD,CA,AWP,WE,Federal Contract Tower,0,10,12,0,22,0,13,49,5,67,0,23,61,5,89,24,0,24,113
02/06/2012,MOD,CA,AWP,WE,Federal Contract Tower,0,12,12,0,24,0,18,45,0,63,0,30,57,0,87,48,0,48,135
02/07/2012,MOD,CA,AWP,WE,Federal Contract Tower,0,3,20,0,23,0,8,21,0,29,0,11,41,0,52,2,0,2,54
02/08/2012,MOD,CA,AWP,WE,Federal Contract Tower,0,9,31,0,40,0,5,49,0,54,0,14,80,0,94,30,0,30,124
02/09/2012,MOD,CA,AWP,WE,Federal Contract Tower,0,11,9,0,20,0,22,46,0,68,0,33,55,0,88,6,28,34,122
02/10/2012,MOD,CA,AWP,WE,Federal Contract Tower,0,12,11,2,25,0,13,41,0,54,0,25,52,2,79,28,0,28,107
02/11/2012,MOD,CA,AWP,WE,Federal Contract Tower,0,13,21,0,34,0,6,71,0,77,0,19,92,0,111,76,0,76,187
02/12/2012,MOD,CA,AWP,WE,Federal Contract Tower,0,9,19,0,28,0,17,46,0,63,0,26,65,0,91,12,0,12,103
02/13/2012,MOD,CA,AWP,WE,Federal Contract Tower,0,13,9,0,22,0,17,13,0,30,0,30,22,0,52,0,0,0,52
02/14/2012,MOD,CA,AWP,WE,Federal Contract Tower,0,9,17,0,26,0,5,34,0,39,0,14,51,0,65,35,0,35,100
02/15/2012,MOD,CA,AWP,WE,Federal Contract Tower,0,10,21,0,31,0,16,32,0,48,0,26,53,0,79,39,0,39,118
02/16/2012,MOD,CA,AWP,WE,Federal Contract Tower,0,7,19,0,26,0,26,62,0,88,0,33,81,0,114,38,0,38,152
02/17/2012,MOD,CA,AWP,WE,Federal Contract Tower,0,17,13,0,30,0,34,84,0,118,0,51,97,0,148,42,0,42,190
02/18/2012,MOD,CA,AWP,WE,Federal Contract Tower,0,8,9,0,17,0,19,53,0,72,0,27,62,0,89,40,0,40,129
02/19/2012,MOD,CA,AWP,WE,Federal Contract Tower,0,11,3,0,14,0,12,45,0,57,0,23,48,0,71,10,0,10,81
02/20/2012,MOD,CA,AWP,WE,Federal Contract Tower,0,19,13,2,34,0,25,48,0,73,0,44,61,2,107,22,0,22,129
02/21/2012,MOD,CA,AWP,WE,Federal Contract Tower,0,7,9,0,16,0,12,53,0,65,0,19,62,0,81,10,0,10,91
02/22/2012,MOD,CA,AWP,WE,Federal Contract Tower,0,13,17,0,30,0,6,55,1,62,0,19,72,1,92,40,0,40,132
02/23/2012,MOD,CA,AWP,WE,Federal Contract Tower,0,11,10,0,21,0,24,33,0,57,0,35,43,0,78,26,0,26,104
02/24/2012,MOD,CA,AWP,WE,Federal Contract Tower,0,14,13,0,27,0,28,75,0,103,0,42,88,0,130,54,0,54,184
02/25/2012,MOD,CA,AWP,WE,Federal Contract Tower,0,6,11,0,17,0,15,48,0,63,0,21,59,0,80,13,0,13,93
02/26/2012,MOD,CA,AWP,WE,Federal Contract Tower,0,6,12,0,18,0,12,57,0,69,0,18,69,0,87,33,0,33,120
02/27/2012,MOD,CA,AWP,WE,Federal Contract Tower,0,9,12,0,21,0,5,44,0,49,0,14,56,0,70,32,0,32,102
02/28/2012,MOD,CA,AWP,WE,Federal Contract Tower,0,8,23,0,31,0,13,50,0,63,0,21,73,0,94,40,0,40,134
02/29/2012,MOD,CA,AWP,WE,Federal Contract Tower,2,16,22,0,40,0,0,19,0,19,2,16,41,0,59,2,0,2,61
03/01/2012,MOD,CA,AWP,WE,Federal Contract Tower,2,12,11,0,25,0,13,28,0,41,2,25,39,0,66,38,0,38,104
03/02/2012,MOD,CA,AWP,WE,Federal Contract Tower,0,6,12,2,20,0,30,75,0,105,0,36,87,2,125,66,0,66,191
03/03/2012,MOD,CA,AWP,WE,Federal Contract Tower,2,8,12,0,22,0,26,115,0,141,2,34,127,0,163,51,0,51,214
03/04/2012,MOD,CA,AWP,WE,Federal Contract Tower,2,4,8,0,14,0,26,67,0,93,2,30,75,0,107,40,0,40,147
03/05/2012,MOD,CA,AWP,WE,Federal Contract Tower,0,12,18,0,30,0,20,68,0,88,0,32,86,0,118,20,0,20,138
03/06/2012,MOD,CA,AWP,WE,Federal Contract Tower,0,5,9,0,14,0,14,14,0,28,0,19,23,0,42,4,0,4,46
03/07/2012,MOD,CA,AWP,WE,Federal Contract Tower,0,10,32,0,42,0,10,57,0,67,0,20,89,0,109,28,0,28,137
03/08/2012,MOD,CA,AWP,WE,Federal Contract Tower,0,13,15,0,28,0,42,72,0,114,0,55,87,0,142,34,0,34,176
03/09/2012,MOD,CA,AWP,WE,Federal Contract Tower,0,12,18,0,30,0,11,60,0,71,0,23,78,0,101,44,0,44,145
03/10/2012,MOD,CA,AWP,WE,Federal Contract Tower,0,5,11,0,16,0,20,108,0,128,0,25,119,0,144,56,0,56,200
03/11/2012,MOD,CA,AWP,WE,Federal Contract Tower,0,7,10,0,17,0,20,39,0,59,0,27,49,0,76,2,0,2,78
03/12/2012,MOD,CA,AWP,WE,Federal Contract Tower,0,10,18,0,28,0,9,37,0,46,0,19,55,0,74,14,0,14,88
03/13/2012,MOD,CA,AWP,WE,Federal Contract Tower,0,10,14,0,24,0,6,12,0,18,0,16,26,0,42,2,0,2,44
03/14/2012,MOD,CA,AWP,WE,Federal Contract Tower,0,18,20,0,38,0,14,10,0,24,0,32,30,0,62,0,0,0,62
03/15/2012,MOD,CA,AWP,WE,Federal Contract Tower,0,17,24,0,41,0,27,21,0,48,0,44,45,0,89,18,0,18,107
03/16/2012,MOD,CA,AWP,WE,Federal Contract Tower,0,17,16,0,33,0,12,17,0,29,0,29,33,0,62,18,0,18,80
03/17/2012,MOD,CA,AWP,WE,Federal Contract Tower,0,11,6,0,17,0,5,17,0,22,0,16,23,0,39,10,0,10,49
03/18/2012,MOD,CA,AWP,WE,Federal Contract Tower,0,8,7,0,15,0,11,19,0,30,0,19,26,0,45,6,0,6,51
03/19/2012,MOD,CA,AWP,WE,Federal Contract Tower,0,8,17,0,25,0,8,22,0,30,0,16,39,0,55,70,0,70,125
03/20/2012,MOD,CA,AWP,WE,Federal Contract Tower,0,8,13,0,21,0,16,50,0,66,0,24,63,0,87,34,0,34,121
03/21/2012,MOD,CA,AWP,WE,Federal Contract Tower,0,17,19,0,36,0,24,34,0,58,0,41,53,0,94,26,0,26,120
03/22/2012,MOD,CA,AWP,WE,Federal Contract Tower,0,13,12,0,25,0,30,38,0,68,0,43,50,0,93,76,0,76,169
03/23/2012,MOD,CA,AWP,WE,Federal Contract Tower,0,14,7,0,21,0,19,67,0,86,0,33,74,0,107,48,0,48,155
03/24/2012,MOD,CA,AWP,WE,Federal Contract Tower,0,7,12,0,19,0,22,24,0,46,0,29,36,0,65,26,0,26,91
03/25/2012,MOD,CA,AWP,WE,Federal Contract Tower,0,7,12,0,19,0,7,21,0,28,0,14,33,0,47,8,0,8,55
03/26/2012,MOD,CA,AWP,WE,Federal Contract Tower,0,6,24,0,30,0,20,56,0,76,0,26,80,0,106,16,0,16,122
03/27/2012,MOD,CA,AWP,WE,Federal Contract Tower,0,6,14,0,20,0,16,21,0,37,0,22,35,0,57,2,0,2,59
03/28/2012,MOD,CA,AWP,WE,Federal Contract Tower,0,25,36,0,61,0,27,61,0,88,0,52,97,0,149,72,0,72,221
03/29/2012,MOD,CA,AWP,WE,Federal Contract Tower,0,23,20,0,43,0,26,47,0,73,0,49,67,0,116,98,0,98,214
03/30/2012,MOD,CA,AWP,WE,Federal Contract Tower,0,13,19,0,32,0,36,71,0,107,0,49,90,0,139,54,0,54,193
03/31/2012,MOD,CA,AWP,WE,Federal Contract Tower,0,7,5,0,12,0,0,0,0,0,0,7,5,0,12,8,0,8,20
04/01/2012,MOD,CA,AWP,WE,Federal Contract Tower,0,9,26,0,35,0,15,42,0,57,0,24,68,0,92,0,0,0,92
04/02/2012,MOD,CA,AWP,WE,Federal Contract Tower,0,12,10,0,22,0,18,51,0,69,0,30,61,0,91,22,0,22,113
04/03/2012,MOD,CA,AWP,WE,Federal Contract Tower,0,7,3,0,10,0,20,52,2,74,0,27,55,2,84,108,8,116,200
04/04/2012,MOD,CA,AWP,WE,Federal Contract Tower,0,11,12,0,23,0,39,60,0,99,0,50,72,0,122,20,0,20,142
04/05/2012,MOD,CA,AWP,WE,Federal Contract Tower,0,11,15,0,26,0,17,37,0,54,0,28,52,0,80,6,0,6,86
04/06/2012,MOD,CA,AWP,WE,Federal Contract Tower,0,11,23,0,34,0,38,70,0,108,0,49,93,0,142,62,0,62,204
04/07/2012,MOD,CA,AWP,WE,Federal Contract Tower,0,6,10,0,16,0,27,93,0,120,0,33,103,0,136,82,0,82,218
04/08/2012,MOD,CA,AWP,WE,Federal Contract Tower,0,6,4,0,10,0,12,33,0,45,0,18,37,0,55,8,0,8,63
04/09/2012,MOD,CA,AWP,WE,Federal Contract Tower,0,10,1,0,11,0,8,65,0,73,0,18,66,0,84,46,0,46,130
04/10/2012,MOD,CA,AWP,WE,Federal Contract Tower,0,14,2,0,16,0,22,53,0,75,0,36,55,0,91,42,0,42,133
04/11/2012,MOD,CA,AWP,WE,Federal Contract Tower,0,10,10,0,20,0,11,11,0,22,0,21,21,0,42,10,0,10,52
04/12/2012,MOD,CA,AWP,WE,Federal Contract Tower,0,11,8,1,20,0,34,17,0,51,0,45,25,1,71,14,0,14,85
04/13/2012,MOD,CA,AWP,WE,Federal Contract Tower,0,15,16,0,31,0,8,13,0,21,0,23,29,0,52,22,0,22,74
04/14/2012,MOD,CA,AWP,WE,Federal Contract Tower,0,8,12,0,20,0,17,119,0,136,0,25,131,0,156,32,0,32,188
04/15/2012,MOD,CA,AWP,WE,Federal Contract Tower,0,8,22,0,30,0,13,58,0,71,0,21,80,0,101,30,0,30,131
04/16/2012,MOD,CA,AWP,WE,Federal Contract Tower,0,8,7,0,15,0,18,44,0,62,0,26,51,0,77,30,0,30,107
04/17/2012,MOD,CA,AWP,WE,Federal Contract Tower,0,9,9,0,18,0,14,81,0,95,0,23,90,0,113,44,0,44,157
04/18/2012,MOD,CA,AWP,WE,Federal Contract Tower,0,9,13,0,22,0,43,49,0,92,0,52,62,0,114,38,0,38,152
04/19/2012,MOD,CA,AWP,WE,Federal Contract Tower,0,4,23,0,27,0,31,49,0,80,0,35,72,0,107,10,0,10,117
04/20/2012,MOD,CA,AWP,WE,Federal Contract Tower,0,15,24,0,39,0,53,86,0,139,0,68,110,0,178,22,0,22,200
04/21/2012,MOD,CA,AWP,WE,Federal Contract Tower,0,4,16,0,20,0,14,86,3,103,0,18,102,3,123,22,0,22,145
04/22/2012,MOD,CA,AWP,WE,Federal Contract Tower,2,6,9,0,17,0,14,45,0,59,2,20,54,0,76,4,0,4,80
04/23/2012,MOD,CA,AWP,WE,Federal Contract Tower,0,4,13,0,17,0,20,38,0,58,0,24,51,0,75,6,0,6,81
04/24/2012,MOD,CA,AWP,WE,Federal Contract Tower,0,6,5,0,11,0,0,0,0,0,0,6,5,0,11,44,0,44,55
04/25/2012,MOD,CA,AWP,WE,Federal Contract Tower,2,10,17,2,31,0,13,24,0,37,2,23,41,2,68,14,0,14,82
04/26/2012,MOD,CA,AWP,WE,Federal Contract Tower,0,11,11,0,22,0,17,15,0,32,0,28,26,0,54,10,0,10,64
04/27/2012,MOD,CA,AWP,WE,Federal Contract Tower,0,9,12,0,21,0,20,82,0,102,0,29,94,0,123,18,0,18,141
04/28/2012,MOD,CA,AWP,WE,Federal Contract Tower,0,5,40,0,45,0,22,85,0,107,0,27,125,0,152,20,0,20,172
04/29/2012,MOD,CA,AWP,WE,Federal Contract Tower,0,10,17,0,27,0,19,69,0,88,0,29,86,0,115,28,0,28,143
04/30/2012,MOD,CA,AWP,WE,Federal Contract Tower,0,10,4,0,14,0,16,57,0,73,0,26,61,0,87,18,0,18,105
05/01/2012,MOD,CA,AWP,WE,Federal Contract Tower,0,9,7,0,16,0,29,50,0,79,0,38,57,0,95,36,0,36,131
05/02/2012,MOD,CA,AWP,WE,Federal Contract Tower,0,9,20,0,29,0,24,66,0,90,0,33,86,0,119,34,0,34,153
05/03/2012,MOD,CA,AWP,WE,Federal Contract Tower,0,14,17,10,41,0,16,41,0,57,0,30,58,10,98,64,0,64,162
05/04/2012,MOD,CA,AWP,WE,Federal Contract Tower,0,10,31,0,41,0,23,60,0,83,0,33,91,0,124,44,0,44,168
05/05/2012,MOD,CA,AWP,WE,Federal Contract Tower,0,4,6,0,10,0,16,113,0,129,0,20,119,0,139,10,0,10,149
05/06/2012,MOD,CA,AWP,WE,Federal Contract Tower,0,6,9,0,15,0,33,66,0,99,0,39,75,0,114,4,0,4,118
05/07/2012,MOD,CA,AWP,WE,Federal Contract Tower,0,12,18,0,30,0,28,79,0,107,0,40,97,0,137,24,0,24,161
05/08/2012,MOD,CA,AWP,WE,Federal Contract Tower,0,7,17,2,26,0,9,72,0,81,0,16,89,2,107,50,0,50,157
05/09/2012,MOD,CA,AWP,WE,Federal Contract Tower,0,7,28,0,35,0,34,53,0,87,0,41,81,0,122,22,0,22,144
05/10/2012,MOD,CA,AWP,WE,Federal Contract Tower,0,9,19,0,28,0,17,42,0,59,0,26,61,0,87,14,0,14,101
05/11/2012,MOD,CA,AWP,WE,Federal Contract Tower,0,13,4,0,17,0,21,58,0,79,0,34,62,0,96,6,0,6,102
05/12/2012,MOD,CA,AWP,WE,Federal Contract Tower,0,5,8,0,13,0,13,116,0,129,0,18,124,0,142,32,0,32,174
05/13/2012,MOD,CA,AWP,WE,Federal Contract Tower,0,8,15,0,23,0,4,67,0,71,0,12,82,0,94,18,0,18,112
05/14/2012,MOD,CA,AWP,WE,Federal Contract Tower,0,8,2,0,10,0,12,54,0,66,0,20,56,0,76,46,0,46,122
05/15/2012,MOD,CA,AWP,WE,Federal Contract Tower,0,7,7,0,14,0,20,51,0,71,0,27,58,0,85,64,0,64,149
05/16/2012,MOD,CA,AWP,WE,Federal Contract Tower,0,9,8,2,19,0,17,53,3,73,0,26,61,5,92,36,18,54,146
05/17/2012,MOD,CA,AWP,WE,Federal Contract Tower,0,10,9,0,19,0,22,49,0,71,0,32,58,0,90,16,0,16,106
05/18/2012,MOD,CA,AWP,WE,Federal Contract Tower,0,12,12,0,24,0,23,57,0,80,0,35,69,0,104,22,0,22,126
05/19/2012,MOD,CA,AWP,WE,Federal Contract Tower,0,6,27,1,34,0,14,65,1,80,0,20,92,2,114,20,0,20,134
05/20/2012,MOD,CA,AWP,WE,Federal Contract Tower,0,5,2,0,7,0,15,56,0,71,0,20,58,0,78,14,0,14,92
05/21/2012,MOD,CA,AWP,WE,Federal Contract Tower,0,9,22,0,31,0,15,34,0,49,0,24,56,0,80,12,0,12,92
05/22/2012,MOD,CA,AWP,WE,Federal Contract Tower,0,5,13,0,18,0,17,55,0,72,0,22,68,0,90,6,0,6,96
05/23/2012,MOD,CA,AWP,WE,Federal Contract Tower,0,10,17,2,29,0,30,52,0,82,0,40,69,2,111,0,0,0,111
05/24/2012,MOD,CA,AWP,WE,Federal Contract Tower,0,7,3,0,10,0,39,57,0,96,0,46,60,0,106,14,0,14,120
05/25/2012,MOD,CA,AWP,WE,Federal Contract Tower,0,11,10,0,21,0,27,43,2,72,0,38,53,2,93,30,2,32,125
05/26/2012,MOD,CA,AWP,WE,Federal Contract Tower,0,14,16,0,30,0,29,61,0,90,0,43,77,0,120,14,0,14,134
05/27/2012,MOD,CA,AWP,WE,Federal Contract Tower,0,3,11,0,14,0,35,51,0,86,0,38,62,0,100,10,0,10,110
05/28/2012,MOD,CA,AWP,WE,Federal Contract Tower,0,11,15,0,26,0,10,62,0,72,0,21,77,0,98,42,0,42,140
05/29/2012,MOD,CA,AWP,WE,Federal Contract Tower,0,12,8,0,20,0,31,47,0,78,0,43,55,0,98,28,0,28,126
05/30/2012,MOD,CA,AWP,WE,Federal Contract Tower,0,10,7,0,17,0,18,58,0,76,0,28,65,0,93,32,0,32,125
05/31/2012,MOD,CA,AWP,WE,Federal Contract Tower,0,9,16,0,25,0,28,50,0,78,0,37,66,0,103,28,0,28,131
06/01/2012,MOD,CA,AWP,WE,Federal Contract Tower,0,9,2,0,11,0,36,49,0,85,0,45,51,0,96,30,0,30,126
06/02/2012,MOD,CA,AWP,WE,Federal Contract Tower,0,4,13,0,17,0,29,55,0,84,0,33,68,0,101,16,0,16,117
06/03/2012,MOD,CA,AWP,WE,Federal Contract Tower,0,9,1,0,10,0,15,60,0,75,0,24,61,0,85,16,0,16,101
06/04/2012,MOD,CA,AWP,WE,Federal Contract Tower,0,14,5,0,19,0,22,19,0,41,0,36,24,0,60,8,0,8,68
06/05/2012,MOD,CA,AWP,WE,Federal Contract Tower,0,10,13,0,23,0,25,38,0,63,0,35,51,0,86,10,0,10,96
06/06/2012,MOD,CA,AWP,WE,Federal Contract Tower,0,11,8,0,19,0,17,61,0,78,0,28,69,0,97,35,0,35,132
06/07/2012,MOD,CA,AWP,WE,Federal Contract Tower,0,12,6,0,18,0,29,56,0,85,0,41,62,0,103,34,0,34,137
06/08/2012,MOD,CA,AWP,WE,Federal Contract Tower,0,10,12,0,22,0,20,55,0,75,0,30,67,0,97,22,0,22,119
06/09/2012,MOD,CA,AWP,WE,Federal Contract Tower,0,10,2,3,15,0,10,47,0,57,0,20,49,3,72,4,0,4,76
06/10/2012,MOD,CA,AWP,WE,Federal Contract Tower,0,8,6,0,14,0,12,56,0,68,0,20,62,0,82,36,0,36,118
06/11/2012,MOD,CA,AWP,WE,Federal Contract Tower,2,14,2,0,18,0,21,46,2,69,2,35,48,2,87,24,4,28,115
06/12/2012,MOD,CA,AWP,WE,Federal Contract Tower,0,6,9,0,15,0,12,56,0,68,0,18,65,0,83,22,0,22,105
06/13/2012,MOD,CA,AWP,WE,Federal Contract Tower,2,14,2,0,18,0,20,69,5,94,2,34,71,5,112,26,14,40,152
06/14/2012,MOD,CA,AWP,WE,Federal Contract Tower,0,18,4,0,22,0,26,44,0,70,0,44,48,0,92,16,0,16,108
06/15/2012,MOD,CA,AWP,WE,Federal Contract Tower,0,7,5,0,12,0,15,69,0,84,0,22,74,0,96,4,0,4,100
06/16/2012,MOD,CA,AWP,WE,Federal Contract Tower,0,5,5,1,11,0,12,93,0,105,0,17,98,1,116,44,0,44,160
06/17/2012,MOD,CA,AWP,WE,Federal Contract Tower,0,12,5,0,17,0,13,63,0,76,0,25,68,0,93,6,0,6,99
06/18/2012,MOD,CA,AWP,WE,Federal Contract Tower,0,7,11,0,18,0,12,66,0,78,0,19,77,0,96,20,0,20,116
06/19/2012,MOD,CA,AWP,WE,Federal Contract Tower,0,13,12,0,25,0,5,51,0,56,0,18,63,0,81,36,0,36,117
06/20/2012,MOD,CA,AWP,WE,Federal Contract Tower,0,7,5,0,12,0,21,51,2,74,0,28,56,2,86,22,2,24,110
06/21/2012,MOD,CA,AWP,WE,Federal Contract Tower,0,9,9,0,18,0,26,72,0,98,0,35,81,0,116,32,0,32,148
06/22/2012,MOD,CA,AWP,WE,Federal Contract Tower,0,7,6,0,13,0,15,68,0,83,0,22,74,0,96,48,0,48,144
06/23/2012,MOD,CA,AWP,WE,Federal Contract Tower,0,10,6,0,16,0,31,50,0,81,0,41,56,0,97,10,0,10,107
06/24/2012,MOD,CA,AWP,WE,Federal Contract Tower,0,7,7,0,14,0,23,66,0,89,0,30,73,0,103,0,0,0,103
06/25/2012,MOD,CA,AWP,WE,Federal Contract Tower,0,8,4,0,12,0,14,50,0,64,0,22,54,0,76,16,0,16,92
06/26/2012,MOD,CA,AWP,WE,Federal Contract Tower,0,12,2,0,14,0,19,66,4,89,0,31,68,4,103,58,9,67,170
06/27/2012,MOD,CA,AWP,WE,Federal Contract Tower,0,6,3,0,9,0,19,40,0,59,0,25,43,0,68,40,0,40,108
06/28/2012,MOD,CA,AWP,WE,Federal Contract Tower,0,6,12,0,18,0,8,62,0,70,0,14,74,0,88,44,0,44,132
06/29/2012,MOD,CA,AWP,WE,Federal Contract Tower,0,6,8,0,14,0,12,56,2,70,0,18,64,2,84,18,0,18,102
06/30/2012,MOD,CA,AWP,WE,Federal Contract Tower,0,8,17,0,25,0,15,69,0,84,0,23,86,0,109,56,0,56,165
07/01/2012,MOD,CA,AWP,WE,Federal Contract Tower,0,1,5,0,6,0,22,43,0,65,0,23,48,0,71,64,0,64,135
07/02/2012,MOD,CA,AWP,WE,Federal Contract Tower,0,6,4,0,10,0,11,45,1,57,0,17,49,1,67,32,0,32,99
07/03/2012,MOD,CA,AWP,WE,Federal Contract Tower,0,8,0,4,12,0,18,69,4,91,0,26,69,8,103,42,0,42,145
07/04/2012,MOD,CA,AWP,WE,Federal Contract Tower,0,4,8,0,12,0,11,66,0,77,0,15,74,0,89,12,0,12,101
07/05/2012,MOD,CA,AWP,WE,Federal Contract Tower,0,10,8,0,18,0,14,56,2,72,0,24,64,2,90,26,0,26,116
07/06/2012,MOD,CA,AWP,WE,Federal Contract Tower,0,7,11,1,19,0,21,72,0,93,0,28,83,1,112,36,0,36,148
07/07/2012,MOD,CA,AWP,WE,Federal Contract Tower,0,6,2,0,8,0,7,57,0,64,0,13,59,0,72,22,0,22,94
07/08/2012,MOD,CA,AWP,WE,Federal Contract Tower,0,10,1,0,11,0,9,56,2,67,0,19,57,2,78,50,0,50,128
07/09/2012,MOD,CA,AWP,WE,Federal Contract Tower,0,6,4,0,10,0,19,45,0,64,0,25,49,0,74,10,0,10,84
07/10/2012,MOD,CA,AWP,WE,Federal Contract Tower,0,8,4,0,12,0,15,60,0,75,0,23,64,0,87,0,0,0,87
07/11/2012,MOD,CA,AWP,WE,Federal Contract Tower,0,7,8,0,15,0,3,41,0,44,0,10,49,0,59,24,0,24,83
07/12/2012,MOD,CA,AWP,WE,Federal Contract Tower,0,8,9,0,17,0,14,37,0,51,0,22,46,0,68,30,0,30,98
07/13/2012,MOD,CA,AWP,WE,Federal Contract Tower,0,11,1,0,12,0,12,51,0,63,0,23,52,0,75,42,0,42,117
07/14/2012,MOD,CA,AWP,WE,Federal Contract Tower,0,6,4,0,10,0,14,135,4,153,0,20,139,4,163,52,0,52,215
07/15/2012,MOD,CA,AWP,WE,Federal Contract Tower,0,14,4,0,18,0,16,58,0,74,0,30,62,0,92,34,0,34,126
07/16/2012,MOD,CA,AWP,WE,Federal Contract Tower,0,6,11,0,17,0,7,78,0,85,0,13,89,0,102,50,0,50,152
07/17/2012,MOD,CA,AWP,WE,Federal Contract Tower,0,4,7,0,11,0,9,51,0,60,0,13,58,0,71,68,0,68,139
07/18/2012,MOD,CA,AWP,WE,Federal Contract Tower,0,3,9,0,12,0,18,53,0,71,0,21,62,0,83,74,0,74,157
07/19/2012,MOD,CA,AWP,WE,Federal Contract Tower,0,11,3,0,14,0,7,48,0,55,0,18,51,0,69,42,0,42,111
07/20/2012,MOD,CA,AWP,WE,Federal Contract Tower,0,13,0,0,13,0,6,57,0,63,0,19,57,0,76,36,0,36,112
07/21/2012,MOD,CA,AWP,WE,Federal Contract Tower,2,5,0,0,7,0,16,70,0,86,2,21,70,0,93,24,0,24,117
07/22/2012,MOD,CA,AWP,WE,Federal Contract Tower,0,13,4,0,17,0,32,56,0,88,0,45,60,0,105,46,0,46,151
07/23/2012,MOD,CA,AWP,WE,Federal Contract Tower,0,14,3,0,17,0,19,54,0,73,0,33,57,0,90,30,0,30,120
07/24/2012,MOD,CA,AWP,WE,Federal Contract Tower,0,6,13,2,21,0,16,50,0,66,0,22,63,2,87,76,0,76,163
07/25/2012,MOD,CA,AWP,WE,Federal Contract Tower,0,11,12,0,23,0,21,53,0,74,0,32,65,0,97,40,0,40,137
07/26/2012,MOD,CA,AWP,WE,Federal Contract Tower,0,6,9,0,15,0,18,42,0,60,0,24,51,0,75,18,0,18,93
07/27/2012,MOD,CA,AWP,WE,Federal Contract Tower,0,15,13,0,28,0,27,54,0,81,0,42,67,0,109,36,0,36,145
07/28/2012,MOD,CA,AWP,WE,Federal Contract Tower,0,8,2,0,10,0,13,73,0,86,0,21,75,0,96,46,0,46,142
07/29/2012,MOD,CA,AWP,WE,Federal Contract Tower,0,11,11,0,22,0,13,51,0,64,0,24,62,0,86,48,0,48,134
07/30/2012,MOD,CA,AWP,WE,Federal Contract Tower,0,16,10,0,26,0,21,52,0,73,0,37,62,0,99,44,0,44,143
07/31/2012,MOD,CA,AWP,WE,Federal Contract Tower,0,6,12,2,20,0,13,40,0,53,0,19,52,2,73,68,0,68,141
08/01/2012,MOD,CA,AWP,WE,Federal Contract Tower,0,12,8,0,20,0,11,81,0,92,0,23,89,0,112,36,0,36,148
08/02/2012,MOD,CA,AWP,WE,Federal Contract Tower,0,6,4,0,10,0,7,40,0,47,0,13,44,0,57,50,0,50,107
08/03/2012,MOD,CA,AWP,WE,Federal Contract Tower,0,8,13,0,21,0,13,73,0,86,0,21,86,0,107,40,0,40,147
08/04/2012,MOD,CA,AWP,WE,Federal Contract Tower,0,6,6,0,12,0,17,55,0,72,0,23,61,0,84,42,0,42,126
08/05/2012,MOD,CA,AWP,WE,Federal Contract Tower,0,3,8,0,11,0,20,58,0,78,0,23,66,0,89,20,0,20,109
08/06/2012,MOD,CA,AWP,WE,Federal Contract Tower,0,6,3,0,9,0,20,62,0,82,0,26,65,0,91,14,0,14,105
08/07/2012,MOD,CA,AWP,WE,Federal Contract Tower,0,7,17,0,24,0,11,61,0,72,0,18,78,0,96,18,0,18,114
08/08/2012,MOD,CA,AWP,WE,Federal Contract Tower,0,6,5,2,13,0,18,50,0,68,0,24,55,2,81,46,0,46,127
08/09/2012,MOD,CA,AWP,WE,Federal Contract Tower,0,10,11,0,21,0,20,50,0,70,0,30,61,0,91,38,0,38,129
08/10/2012,MOD,CA,AWP,WE,Federal Contract Tower,0,15,18,0,33,0,21,60,0,81,0,36,78,0,114,48,0,48,162
08/11/2012,MOD,CA,AWP,WE,Federal Contract Tower,0,4,6,0,10,0,19,103,0,122,0,23,109,0,132,44,0,44,176
08/12/2012,MOD,CA,AWP,WE,Federal Contract Tower,0,2,7,0,9,0,16,61,0,77,0,18,68,0,86,10,0,10,96
08/13/2012,MOD,CA,AWP,WE,Federal Contract Tower,0,5,3,0,8,0,16,41,0,57,0,21,44,0,65,22,0,22,87
08/14/2012,MOD,CA,AWP,WE,Federal Contract Tower,0,9,6,0,15,0,12,43,0,55,0,21,49,0,70,30,0,30,100
08/15/2012,MOD,CA,AWP,WE,Federal Contract Tower,0,6,16,0,22,0,9,58,0,67,0,15,74,0,89,20,0,20,109
08/16/2012,MOD,CA,AWP,WE,Federal Contract Tower,0,10,9,0,19,0,24,68,0,92,0,34,77,0,111,52,0,52,163
08/17/2012,MOD,CA,AWP,WE,Federal Contract Tower,0,10,7,0,17,0,14,47,0,61,0,24,54,0,78,28,0,28,106
08/18/2012,MOD,CA,AWP,WE,Federal Contract Tower,0,7,0,0,7,0,13,70,0,83,0,20,70,0,90,44,0,44,134
08/19/2012,MOD,CA,AWP,WE,Federal Contract Tower,0,8,7,0,15,0,15,67,0,82,0,23,74,0,97,6,0,6,103
08/20/2012,MOD,CA,AWP,WE,Federal Contract Tower,0,9,4,0,13,0,25,58,0,83,0,34,62,0,96,10,0,10,106
08/21/2012,MOD,CA,AWP,WE,Federal Contract Tower,0,9,18,0,27,0,18,38,0,56,0,27,56,0,83,60,0,60,143
08/22/2012,MOD,CA,AWP,WE,Federal Contract Tower,0,6,14,0,20,0,13,48,0,61,0,19,62,0,81,34,6,40,121
08/23/2012,MOD,CA,AWP,WE,Federal Contract Tower,0,12,8,0,20,0,21,59,0,80,0,33,67,0,100,42,0,42,142
08/24/2012,MOD,CA,AWP,WE,Federal Contract Tower,0,10,3,0,13,0,24,46,0,70,0,34,49,0,83,50,0,50,133
08/25/2012,MOD,CA,AWP,WE,Federal Contract Tower,0,11,10,0,21,0,21,62,0,83,0,32,72,0,104,42,0,42,146
08/26/2012,MOD,CA,AWP,WE,Federal Contract Tower,0,5,6,0,11,0,7,39,0,46,0,12,45,0,57,0,0,0,57
08/27/2012,MOD,CA,AWP,WE,Federal Contract Tower,0,9,2,0,11,0,28,22,0,50,0,37,24,0,61,14,0,14,75
08/28/2012,MOD,CA,AWP,WE,Federal Contract Tower,0,8,10,0,18,0,30,64,0,94,0,38,74,0,112,36,0,36,148
08/29/2012,MOD,CA,AWP,WE,Federal Contract Tower,0,12,6,0,18,0,13,45,0,58,0,25,51,0,76,44,0,44,120
08/30/2012,MOD,CA,AWP,WE,Federal Contract Tower,0,8,7,0,15,0,32,46,0,78,0,40,53,0,93,28,0,28,121
08/31/2012,MOD,CA,AWP,WE,Federal Contract Tower,0,3,9,0,12,0,8,79,10,97,0,11,88,10,109,30,0,30,139
09/01/2012,MOD,CA,AWP,WE,Federal Contract Tower,0,4,4,0,8,0,16,71,0,87,0,20,75,0,95,12,0,12,107
09/02/2012,MOD,CA,AWP,WE,Federal Contract Tower,0,3,1,0,4,0,11,54,0,65,0,14,55,0,69,68,0,68,137
09/03/2012,MOD,CA,AWP,WE,Federal Contract Tower,0,4,5,0,9,0,31,73,0,104,0,35,78,0,113,30,0,30,143
09/04/2012,MOD,CA,AWP,WE,Federal Contract Tower,0,7,9,0,16,0,18,65,0,83,0,25,74,0,99,114,0,114,213
09/05/2012,MOD,CA,AWP,WE,Federal Contract Tower,0,5,17,0,22,0,18,70,0,88,0,23,87,0,110,32,0,32,142
09/06/2012,MOD,CA,AWP,WE,Federal Contract Tower,0,9,18,5,32,0,30,68,0,98,0,39,86,5,130,34,10,44,174
09/07/2012,MOD,CA,AWP,WE,Federal Contract Tower,0,8,10,0,18,0,25,39,0,64,0,33,49,0,82,36,2,38,120
09/08/2012,MOD,CA,AWP,WE,Federal Contract Tower,0,8,7,0,15,0,13,129,0,142,0,21,136,0,157,46,0,46,203
09/09/2012,MOD,CA,AWP,WE,Federal Contract Tower,0,5,9,0,14,0,18,40,0,58,0,23,49,0,72,18,0,18,90
09/10/2012,MOD,CA,AWP,WE,Federal Contract Tower,0,11,8,0,19,0,14,38,0,52,0,25,46,0,71,2,0,2,73
09/11/2012,MOD,CA,AWP,WE,Federal Contract Tower,0,8,12,0,20,0,11,58,0,69,0,19,70,0,89,60,0,60,149
09/12/2012,MOD,CA,AWP,WE,Federal Contract Tower,0,10,18,0,28,0,16,58,0,74,0,26,76,0,102,14,0,14,116
09/13/2012,MOD,CA,AWP,WE,Federal Contract Tower,0,5,20,4,29,0,23,38,0,61,0,28,58,4,90,14,0,14,104
09/14/2012,MOD,CA,AWP,WE,Federal Contract Tower,0,7,2,2,11,0,30,54,0,84,0,37,56,2,95,70,0,70,165
09/15/2012,MOD,CA,AWP,WE,Federal Contract Tower,0,5,3,0,8,0,11,62,0,73,0,16,65,0,81,28,0,28,109
09/16/2012,MOD,CA,AWP,WE,Federal Contract Tower,0,3,3,0,6,0,14,50,0,64,0,17,53,0,70,32,0,32,102
09/17/2012,MOD,CA,AWP,WE,Federal Contract Tower,0,7,24,0,31,0,11,57,0,68,0,18,81,0,99,6,0,6,105
09/18/2012,MOD,CA,AWP,WE,Federal Contract Tower,0,6,24,0,30,0,17,65,0,82,0,23,89,0,112,24,0,24,136
09/19/2012,MOD,CA,AWP,WE,Federal Contract Tower,0,5,11,0,16,0,17,50,0,67,0,22,61,0,83,38,0,38,121
09/20/2012,MOD,CA,AWP,WE,Federal Contract Tower,0,12,7,1,20,0,17,38,0,55,0,29,45,1,75,45,2,47,122
09/21/2012,MOD,CA,AWP,WE,Federal Contract Tower,0,5,8,0,13,0,6,54,0,60,0,11,62,0,73,20,0,20,93
09/22/2012,MOD,CA,AWP,WE,Federal Contract Tower,0,4,11,0,15,0,12,64,0,76,0,16,75,0,91,20,0,20,111
09/23/2012,MOD,CA,AWP,WE,Federal Contract Tower,0,12,2,0,14,0,24,66,0,90,0,36,68,0,104,30,0,30,134
09/24/2012,MOD,CA,AWP,WE,Federal Contract Tower,0,8,4,0,12,0,11,33,0,44,0,19,37,0,56,12,0,12,68
09/25/2012,MOD,CA,AWP,WE,Federal Contract Tower,0,9,2,0,11,0,18,74,0,92,0,27,76,0,103,42,0,42,145
09/26/2012,MOD,CA,AWP,WE,Federal Contract Tower,0,4,18,0,22,0,12,59,0,71,0,16,77,0,93,4,0,4,97
09/27/2012,MOD,CA,AWP,WE,Federal Contract Tower,0,8,15,2,25,0,21,57,0,78,0,29,72,2,103,18,4,22,125
09/28/2012,MOD,CA,AWP,WE,Federal Contract Tower,0,17,16,0,33,0,17,55,0,72,0,34,71,0,105,50,0,50,155
09/29/2012,MOD,CA,AWP,WE,Federal Contract Tower,0,6,3,0,9,0,7,57,0,64,0,13,60,0,73,58,0,58,131
09/30/2012,MOD,CA,AWP,WE,Federal Contract Tower,0,6,10,0,16,0,29,58,0,87,0,35,68,0,103,6,0,6,109
10/01/2012,MOD,CA,AWP,WE,Federal Contract Tower,0,7,11,0,18,0,19,64,0,83,0,26,75,0,101,48,0,48,149
10/02/2012,MOD,CA,AWP,WE,Federal Contract Tower,0,5,5,0,10,0,14,62,0,76,0,19,67,0,86,26,0,26,112
10/03/2012,MOD,CA,AWP,WE,Federal Contract Tower,0,15,8,0,23,0,24,52,0,76,0,39,60,0,99,12,0,12,111
10/04/2012,MOD,CA,AWP,WE,Federal Contract Tower,0,9,20,0,29,0,22,43,0,65,0,31,63,0,94,70,0,70,164
10/05/2012,MOD,CA,AWP,WE,Federal Contract Tower,0,7,10,0,17,0,22,55,0,77,0,29,65,0,94,76,0,76,170
10/06/2012,MOD,CA,AWP,WE,Federal Contract Tower,0,6,15,0,21,0,9,54,0,63,0,15,69,0,84,16,0,16,100
10/07/2012,MOD,CA,AWP,WE,Federal Contract Tower,2,5,13,0,20,0,14,48,0,62,2,19,61,0,82,12,0,12,94
10/08/2012,MOD,CA,AWP,WE,Federal Contract Tower,0,6,2,0,8,0,16,32,0,48,0,22,34,0,56,0,0,0,56
10/09/2012,MOD,CA,AWP,WE,Federal Contract Tower,0,13,12,0,25,0,10,67,0,77,0,23,79,0,102,42,0,42,144
10/10/2012,MOD,CA,AWP,WE,Federal Contract Tower,0,11,22,4,37,0,10,37,0,47,0,21,59,4,84,6,0,6,90
10/11/2012,MOD,CA,AWP,WE,Federal Contract Tower,2,19,6,0,27,0,13,35,0,48,2,32,41,0,75,44,2,46,121
10/12/2012,MOD,CA,AWP,WE,Federal Contract Tower,0,9,21,0,30,0,14,27,0,41,0,23,48,0,71,30,0,30,101
10/13/2012,MOD,CA,AWP,WE,Federal Contract Tower,0,6,6,0,12,0,12,89,0,101,0,18,95,0,113,28,0,28,141
10/14/2012,MOD,CA,AWP,WE,Federal Contract Tower,0,7,19,0,26,0,6,63,0,69,0,13,82,0,95,6,0,6,101
10/15/2012,MOD,CA,AWP,WE,Federal Contract Tower,0,8,9,0,17,0,0,0,0,0,0,8,9,0,17,4,0,4,21
10/16/2012,MOD,CA,AWP,WE,Federal Contract Tower,0,7,28,0,35,0,15,56,0,71,0,22,84,0,106,38,0,38,144
10/17/2012,MOD,CA,AWP,WE,Federal Contract Tower,0,7,10,0,17,0,10,58,0,68,0,17,68,0,85,38,2,40,125
10/18/2012,MOD,CA,AWP,WE,Federal Contract Tower,0,5,18,0,23,0,19,71,0,90,0,24,89,0,113,46,0,46,159
10/19/2012,MOD,CA,AWP,WE,Federal Contract Tower,0,4,20,0,24,0,8,44,0,52,0,12,64,0,76,20,0,20,96
10/20/2012,MOD,CA,AWP,WE,Federal Contract Tower,0,7,6,0,13,0,27,82,0,109,0,34,88,0,122,50,0,50,172
10/21/2012,MOD,CA,AWP,WE,Federal Contract Tower,0,8,3,0,11,0,17,53,0,70,0,25,56,0,81,20,0,20,101
10/22/2012,MOD,CA,AWP,WE,Federal Contract Tower,0,8,10,0,18,0,11,21,0,32,0,19,31,0,50,10,0,10,60
10/23/2012,MOD,CA,AWP,WE,Federal Contract Tower,0,6,17,0,23,0,13,38,0,51,0,19,55,0,74,32,0,32,106
10/24/2012,MOD,CA,AWP,WE,Federal Contract Tower,0,6,13,0,19,0,18,58,0,76,0,24,71,0,95,46,0,46,141
10/25/2012,MOD,CA,AWP,WE,Federal Contract Tower,0,12,20,1,33,0,31,42,0,73,0,43,62,1,106,60,16,76,182
10/26/2012,MOD,CA,AWP,WE,Federal Contract Tower,0,10,10,0,20,0,19,43,0,62,0,29,53,0,82,57,0,57,139
10/27/2012,MOD,CA,AWP,WE,Federal Contract Tower,0,5,9,0,14,0,14,86,0,100,0,19,95,0,114,114,0,114,228
10/28/2012,MOD,CA,AWP,WE,Federal Contract Tower,0,12,3,0,15,0,14,63,4,81,0,26,66,4,96,10,0,10,106
10/29/2012,MOD,CA,AWP,WE,Federal Contract Tower,0,5,20,0,25,0,15,59,0,74,0,20,79,0,99,14,0,14,113
10/30/2012,MOD,CA,AWP,WE,Federal Contract Tower,0,15,17,0,32,0,15,51,0,66,0,30,68,0,98,34,0,34,132
10/31/2012,MOD,CA,AWP,WE,Federal Contract Tower,0,4,48,0,52,0,7,25,0,32,0,11,73,0,84,16,0,16,100
11/01/2012,MOD,CA,AWP,WE,Federal Contract Tower,0,10,5,0,15,0,10,11,0,21,0,20,16,0,36,0,0,0,36
11/02/2012,MOD,CA,AWP,WE,Federal Contract Tower,0,10,11,0,21,0,10,43,0,53,0,20,54,0,74,40,0,40,114
11/03/2012,MOD,CA,AWP,WE,Federal Contract Tower,0,5,3,2,10,0,22,64,0,86,0,27,67,2,96,46,4,50,146
11/04/2012,MOD,CA,AWP,WE,Federal Contract Tower,0,7,8,0,15,0,7,60,0,67,0,14,68,0,82,0,0,0,82
11/05/2012,MOD,CA,AWP,WE,Federal Contract Tower,0,4,9,0,13,0,21,55,0,76,0,25,64,0,89,38,0,38,127
11/06/2012,MOD,CA,AWP,WE,Federal Contract Tower,0,7,15,0,22,0,5,52,0,57,0,12,67,0,79,50,0,50,129
11/07/2012,MOD,CA,AWP,WE,Federal Contract Tower,0,5,9,0,14,0,18,30,0,48,0,23,39,0,62,14,0,14,76
11/08/2012,MOD,CA,AWP,WE,Federal Contract Tower,0,12,8,0,20,0,13,15,0,28,0,25,23,0,48,22,0,22,70
11/09/2012,MOD,CA,AWP,WE,Federal Contract Tower,0,17,11,0,28,0,17,23,0,40,0,34,34,0,68,26,0,26,94
11/10/2012,MOD,CA,AWP,WE,Federal Contract Tower,0,4,6,0,10,0,18,74,0,92,0,22,80,0,102,60,0,60,162
11/11/2012,MOD,CA,AWP,WE,Federal Contract Tower,0,5,4,0,9,0,9,55,0,64,0,14,59,0,73,18,0,18,91
11/12/2012,MOD,CA,AWP,WE,Federal Contract Tower,0,5,10,0,15,0,17,61,0,78,0,22,71,0,93,21,0,21,114
11/13/2012,MOD,CA,AWP,WE,Federal Contract Tower,0,11,38,0,49,0,16,44,0,60,0,27,82,0,109,2,0,2,111
11/14/2012,MOD,CA,AWP,WE,Federal Contract Tower,0,9,18,0,27,0,11,40,0,51,0,20,58,0,78,116,0,116,194
11/15/2012,MOD,CA,AWP,WE,Federal Contract Tower,0,12,2,0,14,0,17,49,0,66,0,29,51,0,80,20,0,20,100
11/16/2012,MOD,CA,AWP,WE,Federal Contract Tower,0,8,10,0,18,0,5,16,0,21,0,13,26,0,39,22,0,22,61
11/17/2012,MOD,CA,AWP,WE,Federal Contract Tower,0,14,9,0,23,0,11,8,0,19,0,25,17,0,42,4,0,4,46
11/18/2012,MOD,CA,AWP,WE,Federal Contract Tower,0,9,6,0,15,0,7,11,0,18,0,16,17,0,33,0,0,0,33
11/19/2012,MOD,CA,AWP,WE,Federal Contract Tower,0,10,6,0,16,0,15,45,0,60,0,25,51,0,76,20,0,20,96
11/20/2012,MOD,CA,AWP,WE,Federal Contract Tower,0,8,20,0,28,0,17,31,0,48,0,25,51,0,76,0,0,0,76
11/21/2012,MOD,CA,AWP,WE,Federal Contract Tower,0,13,11,0,24,0,9,25,0,34,0,22,36,0,58,26,0,26,84
11/22/2012,MOD,CA,AWP,WE,Federal Contract Tower,0,3,1,0,4,0,4,17,0,21,0,7,18,0,25,2,0,2,27
11/23/2012,MOD,CA,AWP,WE,Federal Contract Tower,0,8,5,0,13,0,19,29,0,48,0,27,34,0,61,14,0,14,75
11/24/2012,MOD,CA,AWP,WE,Federal Contract Tower,0,7,3,0,10,0,19,53,0,72,0,26,56,0,82,56,0,56,138
11/25/2012,MOD,CA,AWP,WE,Federal Contract Tower,0,9,10,0,19,0,12,50,0,62,0,21,60,0,81,28,0,28,109
11/26/2012,MOD,CA,AWP,WE,Federal Contract Tower,0,6,5,0,11,0,13,33,2,48,0,19,38,2,59,4,0,4,63
11/27/2012,MOD,CA,AWP,WE,Federal Contract Tower,0,10,17,0,27,0,9,22,0,31,0,19,39,0,58,8,0,8,66
11/28/2012,MOD,CA,AWP,WE,Federal Contract Tower,0,9,5,0,14,0,11,6,0,17,0,20,11,0,31,2,0,2,33
11/29/2012,MOD,CA,AWP,WE,Federal Contract Tower,0,7,11,0,18,0,8,17,0,25,0,15,28,0,43,38,0,38,81
11/30/2012,MOD,CA,AWP,WE,Federal Contract Tower,0,13,10,0,23,0,9,2,0,11,0,22,12,0,34,0,0,0,34
12/01/2012,MOD,CA,AWP,WE,Federal Contract Tower,0,8,28,0,36,0,4,3,0,7,0,12,31,0,43,18,0,18,61
12/02/2012,MOD,CA,AWP,WE,Federal Contract Tower,0,4,6,0,10,0,11,6,0,17,0,15,12,0,27,0,0,0,27
12/03/2012,MOD,CA,AWP,WE,Federal Contract Tower,0,8,2,0,10,0,16,48,0,64,0,24,50,0,74,58,0,58,132
12/04/2012,MOD,CA,AWP,WE,Federal Contract Tower,0,8,24,0,32,0,13,27,0,40,0,21,51,0,72,2,0,2,74
12/05/2012,MOD,CA,AWP,WE,Federal Contract Tower,0,14,23,0,37,0,1,0,0,1,0,15,23,0,38,2,0,2,40
12/06/2012,MOD,CA,AWP,WE,Federal Contract Tower,0,14,21,0,35,0,19,19,0,38,0,33,40,0,73,30,0,30,103
12/07/2012,MOD,CA,AWP,WE,Federal Contract Tower,0,7,8,0,15,0,19,69,0,88,0,26,77,0,103,48,0,48,151
12/08/2012,MOD,CA,AWP,WE,Federal Contract Tower,0,7,26,0,33,0,0,0,0,0,0,7,26,0,33,2,0,2,35
12/09/2012,MOD,CA,AWP,WE,Federal Contract Tower,0,12,6,0,18,0,16,50,0,66,0,28,56,0,84,22,0,22,106
12/10/2012,MOD,CA,AWP,WE,Federal Contract Tower,0,5,12,2,19,0,16,33,2,51,0,21,45,4,70,43,8,51,121
12/11/2012,MOD,CA,AWP,WE,Federal Contract Tower,0,12,16,0,28,0,15,24,0,39,0,27,40,0,67,18,0,18,85
12/12/2012,MOD,CA,AWP,WE,Federal Contract Tower,0,19,17,2,38,0,8,18,0,26,0,27,35,2,64,12,4,16,80
12/13/2012,MOD,CA,AWP,WE,Federal Contract Tower,0,12,10,0,22,0,27,27,0,54,0,39,37,0,76,24,0,24,100
12/14/2012,MOD,CA,AWP,WE,Federal Contract Tower,0,9,9,0,18,0,16,40,0,56,0,25,49,0,74,16,0,16,90
12/15/2012,MOD,CA,AWP,WE,Federal Contract Tower,0,8,21,0,29,0,11,28,0,39,0,19,49,0,68,20,0,20,88
12/16/2012,MOD,CA,AWP,WE,Federal Contract Tower,0,10,7,0,17,0,1,9,0,10,0,11,16,0,27,0,0,0,27
12/17/2012,MOD,CA,AWP,WE,Federal Contract Tower,0,11,6,0,17,0,8,7,0,15,0,19,13,0,32,6,0,6,38
12/18/2012,MOD,CA,AWP,WE,Federal Contract Tower,0,5,10,0,15,0,19,44,0,63,0,24,54,0,78,44,0,44,122
12/19/2012,MOD,CA,AWP,WE,Federal Contract Tower,1,4,11,1,17,0,23,64,0,87,1,27,75,1,104,32,0,32,136
12/20/2012,MOD,CA,AWP,WE,Federal Contract Tower,0,9,10,2,21,0,20,27,0,47,0,29,37,2,68,64,0,64,132
12/21/2012,MOD,CA,AWP,WE,Federal Contract Tower,0,8,4,0,12,0,17,10,0,27,0,25,14,0,39,28,0,28,67
12/22/2012,MOD,CA,AWP,WE,Federal Contract Tower,0,5,6,0,11,0,9,6,0,15,0,14,12,0,26,0,0,0,26
12/23/2012,MOD,CA,AWP,WE,Federal Contract Tower,0,7,9,0,16,0,0,0,0,0,0,7,9,0,16,0,0,0,16
12/24/2012,MOD,CA,AWP,WE,Federal Contract Tower,0,9,0,0,9,0,11,32,0,43,0,20,32,0,52,0,0,0,52
12/25/2012,MOD,CA,AWP,WE,Federal Contract Tower,0,5,5,0,10,0,3,3,0,6,0,8,8,0,16,0,0,0,16
12/26/2012,MOD,CA,AWP,WE,Federal Contract Tower,0,12,3,0,15,0,6,6,0,12,0,18,9,0,27,6,0,6,33
12/27/2012,MOD,CA,AWP,WE,Federal Contract Tower,0,15,8,0,23,0,11,18,0,29,0,26,26,0,52,22,0,22,74
12/28/2012,MOD,CA,AWP,WE,Federal Contract Tower,0,8,11,0,19,0,6,5,0,11,0,14,16,0,30,0,0,0,30
12/29/2012,MOD,CA,AWP,WE,Federal Contract Tower,0,11,3,0,14,0,9,34,0,43,0,20,37,0,57,16,0,16,73
12/30/2012,MOD,CA,AWP,WE,Federal Contract Tower,0,7,6,0,13,0,14,28,0,42,0,21,34,0,55,6,0,6,61
12/31/2012,MOD,CA,AWP,WE,Federal Contract Tower,0,6,5,0,11,0,18,54,0,72,0,24,59,0,83,40,0,40,123
01/01/2013,MOD,CA,AWP,WE,Federal Contract Tower,0,7,6,0,13,0,15,23,0,38,0,22,29,0,51,4,0,4,55
01/02/2013,MOD,CA,AWP,WE,Federal Contract Tower,0,8,12,0,20,0,8,54,0,62,0,16,66,0,82,36,0,36,118
01/03/2013,MOD,CA,AWP,WE,Federal Contract Tower,0,8,10,0,18,0,19,21,0,40,0,27,31,0,58,46,0,46,104
01/04/2013,MOD,CA,AWP,WE,Federal Contract Tower,0,17,10,0,27,0,13,30,0,43,0,30,40,0,70,40,0,40,110
01/05/2013,MOD,CA,AWP,WE,Federal Contract Tower,0,9,16,5,30,0,8,13,0,21,0,17,29,5,51,26,0,26,77
01/06/2013,MOD,CA,AWP,WE,Federal Contract Tower,0,11,16,0,27,0,8,6,0,14,0,19,22,0,41,0,0,0,41
01/07/2013,MOD,CA,AWP,WE,Federal Contract Tower,0,12,13,0,25,0,6,9,0,15,0,18,22,0,40,0,0,0,40
01/08/2013,MOD,CA,AWP,WE,Federal Contract Tower,0,14,11,2,27,0,22,44,0,66,0,36,55,2,93,22,0,22,115
01/09/2013,MOD,CA,AWP,WE,Federal Contract Tower,0,18,18,0,36,0,10,2,0,12,0,28,20,0,48,0,0,0,48
01/10/2013,MOD,CA,AWP,WE,Federal Contract Tower,0,11,17,0,28,0,21,30,0,51,0,32,47,0,79,48,0,48,127
01/11/2013,MOD,CA,AWP,WE,Federal Contract Tower,0,9,14,0,23,0,17,36,0,53,0,26,50,0,76,42,0,42,118
01/12/2013,MOD,CA,AWP,WE,Federal Contract Tower,0,7,5,2,14,0,8,118,0,126,0,15,123,2,140,20,0,20,160
01/13/2013,MOD,CA,AWP,WE,Federal Contract Tower,0,6,7,0,13,0,12,43,0,55,0,18,50,0,68,2,0,2,70
01/14/2013,MOD,CA,AWP,WE,Federal Contract Tower,0,7,13,2,22,0,19,28,0,47,0,26,41,2,69,8,0,8,77
01/15/2013,MOD,CA,AWP,WE,Federal Contract Tower,0,10,18,0,28,0,18,47,2,67,0,28,65,2,95,8,2,10,105
01/16/2013,MOD,CA,AWP,WE,Federal Contract Tower,0,7,7,2,16,0,14,47,8,69,0,21,54,10,85,38,0,38,123
01/17/2013,MOD,CA,AWP,WE,Federal Contract Tower,0,11,6,0,17,0,16,33,0,49,0,27,39,0,66,50,0,50,116
01/18/2013,MOD,CA,AWP,WE,Federal Contract Tower,0,11,12,0,23,0,20,52,0,72,0,31,64,0,95,80,0,80,175
01/19/2013,MOD,CA,AWP,WE,Federal Contract Tower,0,9,7,0,16,0,9,60,0,69,0,18,67,0,85,70,0,70,155
01/20/2013,MOD,CA,AWP,WE,Federal Contract Tower,0,3,10,0,13,0,13,42,0,55,0,16,52,0,68,14,0,14,82
01/21/2013,MOD,CA,AWP,WE,Federal Contract Tower,0,9,8,0,17,0,4,47,0,51,0,13,55,0,68,46,0,46,114
01/22/2013,MOD,CA,AWP,WE,Federal Contract Tower,0,7,14,0,21,0,12,27,2,41,0,19,41,2,62,82,0,82,144
01/23/2013,MOD,CA,AWP,WE,Federal Contract Tower,0,9,26,0,35,0,11,22,0,33,0,20,48,0,68,30,0,30,98
01/24/2013,MOD,CA,AWP,WE,Federal Contract Tower,0,30,10,0,40,0,0,1,0,1,0,30,11,0,41,0,0,0,41
01/25/2013,MOD,CA,AWP,WE,Federal Contract Tower,0,20,10,0,30,0,0,0,6,6,0,20,10,6,36,0,0,0,36
01/26/2013,MOD,CA,AWP,WE,Federal Contract Tower,0,7,7,0,14,0,10,51,6,67,0,17,58,6,81,66,0,66,147
01/27/2013,MOD,CA,AWP,WE,Federal Contract Tower,0,9,14,0,23,0,15,33,6,54,0,24,47,6,77,12,0,12,89
01/28/2013,MOD,CA,AWP,WE,Federal Contract Tower,0,4,8,0,12,0,18,37,0,55,0,22,45,0,67,16,0,16,83
01/29/2013,MOD,CA,AWP,WE,Federal Contract Tower,0,8,13,0,21,0,27,38,0,65,0,35,51,0,86,10,0,10,96
01/30/2013,MOD,CA,AWP,WE,Federal Contract Tower,0,14,13,1,28,0,12,54,0,66,0,26,67,1,94,38,0,38,132
01/31/2013,MOD,CA,AWP,WE,Federal Contract Tower,0,12,7,1,20,0,22,32,0,54,0,34,39,1,74,48,0,48,122
02/01/2013,MOD,CA,AWP,WE,Federal Contract Tower,0,11,4,0,15,0,9,54,0,63,0,20,58,0,78,30,0,30,108
02/02/2013,MOD,CA,AWP,WE,Federal Contract Tower,0,11,1,0,12,0,3,29,0,32,0,14,30,0,44,84,0,84,128
02/03/2013,MOD,CA,AWP,WE,Federal Contract Tower,0,7,6,0,13,0,9,33,0,42,0,16,39,0,55,8,0,8,63
02/04/2013,MOD,CA,AWP,WE,Federal Contract Tower,0,8,6,0,14,0,8,35,0,43,0,16,41,0,57,62,0,62,119
02/05/2013,MOD,CA,AWP,WE,Federal Contract Tower,0,7,8,0,15,0,13,42,0,55,0,20,50,0,70,16,0,16,86
02/06/2013,MOD,CA,AWP,WE,Federal Contract Tower,0,8,19,0,27,0,19,47,0,66,0,27,66,0,93,90,0,90,183
02/07/2013,MOD,CA,AWP,WE,Federal Contract Tower,0,15,9,0,24,0,18,20,0,38,0,33,29,0,62,12,0,12,74
02/08/2013,MOD,CA,AWP,WE,Federal Contract Tower,0,14,9,0,23,0,16,7,0,23,0,30,16,0,46,24,0,24,70
02/09/2013,MOD,CA,AWP,WE,Federal Contract Tower,0,11,20,0,31,0,14,96,0,110,0,25,116,0,141,40,0,40,181
02/10/2013,MOD,CA,AWP,WE,Federal Contract Tower,0,4,10,0,14,0,11,74,0,85,0,15,84,0,99,14,0,14,113
02/11/2013,MOD,CA,AWP,WE,Federal Contract Tower,0,7,8,0,15,0,4,39,0,43,0,11,47,0,58,28,0,28,86
02/12/2013,MOD,CA,AWP,WE,Federal Contract Tower,0,14,14,0,28,0,21,56,0,77,0,35,70,0,105,30,0,30,135
02/13/2013,MOD,CA,AWP,WE,Federal Contract Tower,0,11,18,0,29,0,13,70,0,83,0,24,88,0,112,64,0,64,176
02/14/2013,MOD,CA,AWP,WE,Federal Contract Tower,0,9,9,0,18,0,11,64,0,75,0,20,73,0,93,100,0,100,193
02/15/2013,MOD,CA,AWP,WE,Federal Contract Tower,0,14,8,0,22,0,13,58,0,71,0,27,66,0,93,84,0,84,177
02/16/2013,MOD,CA,AWP,WE,Federal Contract Tower,0,14,10,0,24,0,11,55,0,66,0,25,65,0,90,32,0,32,122
02/17/2013,MOD,CA,AWP,WE,Federal Contract Tower,0,3,9,0,12,0,12,58,0,70,0,15,67,0,82,4,0,4,86
02/18/2013,MOD,CA,AWP,WE,Federal Contract Tower,0,16,7,0,23,0,13,40,0,53,0,29,47,0,76,54,0,54,130
02/19/2013,MOD,CA,AWP,WE,Federal Contract Tower,0,10,10,0,20,0,12,18,0,30,0,22,28,0,50,24,0,24,74
02/20/2013,MOD,CA,AWP,WE,Federal Contract Tower,0,7,6,0,13,0,14,27,0,41,0,21,33,0,54,0,0,0,54
02/21/2013,MOD,CA,AWP,WE,Federal Contract Tower,0,12,15,1,28,0,27,56,0,83,0,39,71,1,111,60,0,60,171
02/22/2013,MOD,CA,AWP,WE,Federal Contract Tower,0,8,8,0,16,0,18,37,2,57,0,26,45,2,73,48,0,48,121
02/23/2013,MOD,CA,AWP,WE,Federal Contract Tower,0,7,9,0,16,0,18,33,0,51,0,25,42,0,67,0,0,0,67
02/24/2013,MOD,CA,AWP,WE,Federal Contract Tower,0,7,20,0,27,0,9,58,0,67,0,16,78,0,94,10,0,10,104
02/25/2013,MOD,CA,AWP,WE,Federal Contract Tower,0,9,8,0,17,0,15,31,0,46,0,24,39,0,63,62,0,62,125
02/26/2013,MOD,CA,AWP,WE,Federal Contract Tower,0,7,14,0,21,0,22,32,0,54,0,29,46,0,75,40,0,40,115
02/27/2013,MOD,CA,AWP,WE,Federal Contract Tower,0,15,15,2,32,0,28,62,0,90,0,43,77,2,122,96,0,96,218
02/28/2013,MOD,CA,AWP,WE,Federal Contract Tower,0,13,13,0,26,0,21,38,0,59,0,34,51,0,85,28,0,28,113
03/01/2013,MOD,CA,AWP,WE,Federal Contract Tower,0,6,6,1,13,0,15,51,0,66,0,21,57,1,79,56,0,56,135
03/02/2013,MOD,CA,AWP,WE,Federal Contract Tower,0,9,6,0,15,0,16,67,0,83,0,25,73,0,98,88,0,88,186
03/03/2013,MOD,CA,AWP,WE,Federal Contract Tower,0,12,4,0,16,0,8,34,0,42,0,20,38,0,58,16,0,16,74
03/04/2013,MOD,CA,AWP,WE,Federal Contract Tower,0,9,3,0,12,0,16,41,0,57,0,25,44,0,69,14,0,14,83
03/05/2013,MOD,CA,AWP,WE,Federal Contract Tower,0,7,3,0,10,0,16,36,0,52,0,23,39,0,62,26,0,26,88
03/06/2013,MOD,CA,AWP,WE,Federal Contract Tower,0,8,6,0,14,0,7,24,0,31,0,15,30,0,45,54,0,54,99
03/07/2013,MOD,CA,AWP,WE,Federal Contract Tower,0,7,8,1,16,0,18,29,0,47,0,25,37,1,63,54,0,54,117
03/08/2013,MOD,CA,AWP,WE,Federal Contract Tower,0,12,5,0,17,0,10,32,0,42,0,22,37,0,59,24,0,24,83
03/09/2013,MOD,CA,AWP,WE,Federal Contract Tower,0,7,9,0,16,0,8,110,0,118,0,15,119,0,134,40,0,40,174
03/10/2013,MOD,CA,AWP,WE,Federal Contract Tower,0,8,23,0,31,0,6,36,0,42,0,14,59,0,73,26,0,26,99
03/11/2013,MOD,CA,AWP,WE,Federal Contract Tower,0,8,7,0,15,0,24,45,0,69,0,32,52,0,84,42,0,42,126
03/12/2013,MOD,CA,AWP,WE,Federal Contract Tower,0,7,6,0,13,0,16,43,0,59,0,23,49,0,72,26,0,26,98
03/13/2013,MOD,CA,AWP,WE,Federal Contract Tower,0,10,9,0,19,0,20,47,0,67,0,30,56,0,86,40,0,40,126
03/14/2013,MOD,CA,AWP,WE,Federal Contract Tower,0,17,7,0,24,0,20,44,0,64,0,37,51,0,88,54,0,54,142
03/15/2013,MOD,CA,AWP,WE,Federal Contract Tower,0,11,8,0,19,0,25,41,0,66,0,36,49,0,85,84,0,84,169
03/16/2013,MOD,CA,AWP,WE,Federal Contract Tower,0,11,8,0,19,0,21,63,0,84,0,32,71,0,103,22,0,22,125
03/17/2013,MOD,CA,AWP,WE,Federal Contract Tower,0,6,4,0,10,0,11,37,0,48,0,17,41,0,58,4,0,4,62
03/18/2013,MOD,CA,AWP,WE,Federal Contract Tower,0,6,21,0,27,0,28,42,0,70,0,34,63,0,97,55,0,55,152
03/19/2013,MOD,CA,AWP,WE,Federal Contract Tower,0,8,20,0,28,0,15,53,0,68,0,23,73,0,96,68,0,68,164
03/20/2013,MOD,CA,AWP,WE,Federal Contract Tower,0,11,9,2,22,0,17,36,2,55,0,28,45,4,77,8,0,8,85
03/21/2013,MOD,CA,AWP,WE,Federal Contract Tower,0,14,3,0,17,0,16,23,0,39,0,30,26,0,56,24,0,24,80
03/22/2013,MOD,CA,AWP,WE,Federal Contract Tower,0,9,6,0,15,0,18,47,0,65,0,27,53,0,80,22,0,22,102
03/23/2013,MOD,CA,AWP,WE,Federal Contract Tower,0,6,7,0,13,0,11,64,0,75,0,17,71,0,88,62,0,62,150
03/24/2013,MOD,CA,AWP,WE,Federal Contract Tower,0,9,2,0,11,0,20,52,0,72,0,29,54,0,83,20,0,20,103
03/25/2013,MOD,CA,AWP,WE,Federal Contract Tower,0,13,10,0,23,0,14,61,2,77,0,27,71,2,100,18,2,20,120
03/26/2013,MOD,CA,AWP,WE,Federal Contract Tower,0,10,9,0,19,0,18,33,0,51,0,28,42,0,70,30,0,30,100
03/27/2013,MOD,CA,AWP,WE,Federal Contract Tower,0,21,9,2,32,0,20,76,0,96,0,41,85,2,128,62,0,62,190
03/28/2013,MOD,CA,AWP,WE,Federal Contract Tower,0,15,3,2,20,0,24,61,0,85,0,39,64,2,105,66,0,66,171
03/29/2013,MOD,CA,AWP,WE,Federal Contract Tower,0,9,7,0,16,0,27,73,0,100,0,36,80,0,116,56,0,56,172
03/30/2013,MOD,CA,AWP,WE,Federal Contract Tower,0,6,9,0,15,0,10,56,0,66,0,16,65,0,81,36,0,36,117
03/31/2013,MOD,CA,AWP,WE,Federal Contract Tower,0,4,5,0,9,0,1,5,0,6,0,5,10,0,15,0,0,0,15
04/01/2013,MOD,CA,AWP,WE,Federal Contract Tower,1,19,13,0,33,0,8,32,0,40,1,27,45,0,73,44,2,46,119
04/02/2013,MOD,CA,AWP,WE,Federal Contract Tower,0,10,8,0,18,0,26,56,0,82,0,36,64,0,100,34,0,34,134
04/03/2013,MOD,CA,AWP,WE,Federal Contract Tower,0,12,6,0,18,0,9,73,1,83,0,21,79,1,101,24,12,36,137
04/04/2013,MOD,CA,AWP,WE,Federal Contract Tower,0,13,16,3,32,0,8,12,0,20,0,21,28,3,52,8,4,12,64
04/05/2013,MOD,CA,AWP,WE,Federal Contract Tower,0,7,13,0,20,0,19,43,0,62,0,26,56,0,82,36,0,36,118
04/06/2013,MOD,CA,AWP,WE,Federal Contract Tower,0,5,3,0,8,0,17,41,0,58,0,22,44,0,66,10,0,10,76
04/07/2013,MOD,CA,AWP,WE,Federal Contract Tower,0,6,6,0,12,0,20,21,0,41,0,26,27,0,53,0,0,0,53
04/08/2013,MOD,CA,AWP,WE,Federal Contract Tower,0,4,3,0,7,0,11,20,0,31,0,15,23,0,38,0,0,0,38
04/09/2013,MOD,CA,AWP,WE,Federal Contract Tower,0,7,13,0,20,0,15,30,0,45,0,22,43,0,65,6,0,6,71
04/10/2013,MOD,CA,AWP,WE,Federal Contract Tower,0,13,12,0,25,0,14,72,0,86,0,27,84,0,111,26,0,26,137
04/11/2013,MOD,CA,AWP,WE,Federal Contract Tower,0,15,6,2,23,0,23,35,0,58,0,38,41,2,81,20,0,20,101
04/12/2013,MOD,CA,AWP,WE,Federal Contract Tower,0,11,4,0,15,0,21,69,0,90,0,32,73,0,105,24,0,24,129
04/13/2013,MOD,CA,AWP,WE,Federal Contract Tower,0,9,8,0,17,0,10,140,0,150,0,19,148,0,167,36,0,36,203
04/14/2013,MOD,CA,AWP,WE,Federal Contract Tower,0,13,5,0,18,0,20,52,0,72,0,33,57,0,90,6,0,6,96
04/15/2013,MOD,CA,AWP,WE,Federal Contract Tower,0,13,3,0,16,0,18,38,0,56,0,31,41,0,72,26,0,26,98
04/16/2013,MOD,CA,AWP,WE,Federal Contract Tower,0,8,7,0,15,0,16,30,0,46,0,24,37,0,61,16,0,16,77
04/17/2013,MOD,CA,AWP,WE,Federal Contract Tower,0,10,13,0,23,0,13,49,0,62,0,23,62,0,85,24,0,24,109
04/18/2013,MOD,CA,AWP,WE,Federal Contract Tower,0,7,11,0,18,0,32,47,0,79,0,39,58,0,97,40,0,40,137
04/19/2013,MOD,CA,AWP,WE,Federal Contract Tower,0,8,2,0,10,0,20,70,0,90,0,28,72,0,100,36,0,36,136
04/20/2013,MOD,CA,AWP,WE,Federal Contract Tower,0,5,6,0,11,0,14,60,0,74,0,19,66,0,85,16,0,16,101
04/21/2013,MOD,CA,AWP,WE,Federal Contract Tower,0,9,5,0,14,0,9,57,0,66,0,18,62,0,80,4,0,4,84
04/22/2013,MOD,CA,AWP,WE,Federal Contract Tower,0,8,4,0,12,0,15,49,0,64,0,23,53,0,76,6,0,6,82
04/23/2013,MOD,CA,AWP,WE,Federal Contract Tower,0,10,4,0,14,0,15,38,0,53,0,25,42,0,67,17,0,17,84
04/24/2013,MOD,CA,AWP,WE,Federal Contract Tower,0,12,17,0,29,0,20,47,0,67,0,32,64,0,96,18,0,18,114
04/25/2013,MOD,CA,AWP,WE,Federal Contract Tower,0,11,6,0,17,0,18,41,0,59,0,29,47,0,76,60,0,60,136
04/26/2013,MOD,CA,AWP,WE,Federal Contract Tower,0,9,18,0,27,0,21,78,0,99,0,30,96,0,126,32,0,32,158
04/27/2013,MOD,CA,AWP,WE,Federal Contract Tower,0,13,2,0,15,0,28,90,0,118,0,41,92,0,133,66,0,66,199
04/28/2013,MOD,CA,AWP,WE,Federal Contract Tower,0,9,5,0,14,0,11,64,0,75,0,20,69,0,89,12,0,12,101
04/29/2013,MOD,CA,AWP,WE,Federal Contract Tower,0,19,6,0,25,0,25,35,0,60,0,44,41,0,85,18,0,18,103
04/30/2013,MOD,CA,AWP,WE,Federal Contract Tower,0,8,4,0,12,0,10,28,0,38,0,18,32,0,50,0,0,0,50
05/01/2013,MOD,CA,AWP,WE,Federal Contract Tower,0,13,3,0,16,0,20,41,0,61,0,33,44,0,77,50,0,50,127
05/02/2013,MOD,CA,AWP,WE,Federal Contract Tower,0,11,1,0,12,0,20,52,0,72,0,31,53,0,84,28,0,28,112
05/03/2013,MOD,CA,AWP,WE,Federal Contract Tower,0,17,6,0,23,0,25,59,0,84,0,42,65,0,107,20,0,20,127
05/04/2013,MOD,CA,AWP,WE,Federal Contract Tower,0,9,3,0,12,0,15,74,0,89,0,24,77,0,101,18,0,18,119
05/05/2013,MOD,CA,AWP,WE,Federal Contract Tower,0,5,4,0,9,0,16,43,0,59,0,21,47,0,68,24,0,24,92
05/06/2013,MOD,CA,AWP,WE,Federal Contract Tower,0,8,8,0,16,0,14,23,0,37,0,22,31,0,53,16,0,16,69
05/07/2013,MOD,CA,AWP,WE,Federal Contract Tower,0,12,16,0,28,0,18,30,0,48,0,30,46,0,76,20,0,20,96
05/08/2013,MOD,CA,AWP,WE,Federal Contract Tower,0,4,13,0,17,0,19,50,0,69,0,23,63,0,86,40,0,40,126
05/09/2013,MOD,CA,AWP,WE,Federal Contract Tower,0,14,9,0,23,0,29,50,0,79,0,43,59,0,102,28,0,28,130
05/10/2013,MOD,CA,AWP,WE,Federal Contract Tower,0,9,3,0,12,0,22,68,0,90,0,31,71,0,102,70,0,70,172
05/11/2013,MOD,CA,AWP,WE,Federal Contract Tower,0,7,11,0,18,0,12,100,2,114,0,19,111,2,132,18,0,18,150
05/12/2013,MOD,CA,AWP,WE,Federal Contract Tower,0,6,6,0,12,0,2,43,21,66,0,8,49,21,78,28,0,28,106
05/13/2013,MOD,CA,AWP,WE,Federal Contract Tower,0,16,9,0,25,0,19,34,0,53,0,35,43,0,78,28,0,28,106
05/14/2013,MOD,CA,AWP,WE,Federal Contract Tower,0,11,11,0,22,0,14,28,0,42,0,25,39,0,64,16,0,16,80
05/15/2013,MOD,CA,AWP,WE,Federal Contract Tower,0,6,3,0,9,0,17,37,0,54,0,23,40,0,63,12,0,12,75
05/16/2013,MOD,CA,AWP,WE,Federal Contract Tower,0,15,3,0,18,0,6,33,0,39,0,21,36,0,57,32,0,32,89
05/17/2013,MOD,CA,AWP,WE,Federal Contract Tower,0,13,5,0,18,0,18,22,0,40,0,31,27,0,58,12,0,12,70
05/18/2013,MOD,CA,AWP,WE,Federal Contract Tower,2,5,12,0,19,0,27,63,0,90,2,32,75,0,109,14,0,14,123
05/19/2013,MOD,CA,AWP,WE,Federal Contract Tower,0,10,12,0,22,0,14,48,2,64,0,24,60,2,86,2,0,2,88
05/20/2013,MOD,CA,AWP,WE,Federal Contract Tower,0,7,4,0,11,0,13,50,0,63,0,20,54,0,74,6,0,6,80
05/21/2013,MOD,CA,AWP,WE,Federal Contract Tower,0,10,17,2,29,0,11,30,0,41,0,21,47,2,70,20,0,20,90
05/22/2013,MOD,CA,AWP,WE,Federal Contract Tower,0,12,1,0,13,3,19,32,0,54,3,31,33,0,67,14,0,14,81
05/23/2013,MOD,CA,AWP,WE,Federal Contract Tower,0,10,19,0,29,0,25,52,0,77,0,35,71,0,106,28,0,28,134
05/24/2013,MOD,CA,AWP,WE,Federal Contract Tower,0,14,10,0,24,0,24,61,0,85,0,38,71,0,109,32,0,32,141
05/25/2013,MOD,CA,AWP,WE,Federal Contract Tower,0,7,11,0,18,0,7,69,0,76,0,14,80,0,94,28,0,28,122
05/26/2013,MOD,CA,AWP,WE,Federal Contract Tower,0,7,5,0,12,0,13,49,0,62,0,20,54,0,74,2,0,2,76
05/27/2013,MOD,CA,AWP,WE,Federal Contract Tower,0,8,7,0,15,0,16,21,0,37,0,24,28,0,52,16,0,16,68
05/28/2013,MOD,CA,AWP,WE,Federal Contract Tower,0,3,14,0,17,0,8,38,0,46,0,11,52,0,63,16,0,16,79
05/29/2013,MOD,CA,AWP,WE,Federal Contract Tower,0,10,24,0,34,0,23,39,0,62,0,33,63,0,96,44,0,44,140
05/30/2013,MOD,CA,AWP,WE,Federal Contract Tower,0,12,1,2,15,0,26,40,0,66,0,38,41,2,81,86,0,86,167
05/31/2013,MOD,CA,AWP,WE,Federal Contract Tower,0,15,10,0,25,0,21,47,0,68,0,36,57,0,93,8,0,8,101
06/01/2013,MOD,CA,AWP,WE,Federal Contract Tower,0,12,3,0,15,0,17,70,0,87,0,29,73,0,102,26,0,26,128
06/02/2013,MOD,CA,AWP,WE,Federal Contract Tower,0,13,3,0,16,0,23,48,0,71,0,36,51,0,87,8,0,8,95
06/03/2013,MOD,CA,AWP,WE,Federal Contract Tower,0,14,13,0,27,0,17,54,0,71,0,31,67,0,98,36,0,36,134
06/04/2013,MOD,CA,AWP,WE,Federal Contract Tower,0,8,5,1,14,0,23,58,0,81,0,31,63,1,95,49,0,49,144
06/05/2013,MOD,CA,AWP,WE,Federal Contract Tower,0,9,20,0,29,0,19,61,0,80,0,28,81,0,109,63,0,63,172
06/06/2013,MOD,CA,AWP,WE,Federal Contract Tower,0,6,7,0,13,0,21,41,0,62,0,27,48,0,75,20,0,20,95
06/07/2013,MOD,CA,AWP,WE,Federal Contract Tower,0,11,8,0,19,0,20,43,0,63,0,31,51,0,82,34,0,34,116
06/08/2013,MOD,CA,AWP,WE,Federal Contract Tower,0,5,3,0,8,0,22,94,0,116,0,27,97,0,124,12,0,12,136
06/09/2013,MOD,CA,AWP,WE,Federal Contract Tower,0,9,6,0,15,0,17,47,0,64,0,26,53,0,79,6,0,6,85
06/10/2013,MOD,CA,AWP,WE,Federal Contract Tower,0,7,6,0,13,0,12,55,0,67,0,19,61,0,80,136,0,136,216
06/11/2013,MOD,CA,AWP,WE,Federal Contract Tower,0,42,20,0,62,0,22,55,0,77,0,64,75,0,139,92,0,92,231
06/12/2013,MOD,CA,AWP,WE,Federal Contract Tower,0,5,10,0,15,0,16,63,0,79,0,21,73,0,94,34,0,34,128
06/13/2013,MOD,CA,AWP,WE,Federal Contract Tower,0,8,2,0,10,0,24,45,0,69,0,32,47,0,79,36,0,36,115
06/14/2013,MOD,CA,AWP,WE,Federal Contract Tower,0,11,1,0,12,0,28,61,0,89,0,39,62,0,101,32,0,32,133
06/15/2013,MOD,CA,AWP,WE,Federal Contract Tower,0,9,0,0,9,0,11,76,0,87,0,20,76,0,96,64,0,64,160
06/16/2013,MOD,CA,AWP,WE,Federal Contract Tower,0,7,5,0,12,0,17,42,0,59,0,24,47,0,71,18,0,18,89
06/17/2013,MOD,CA,AWP,WE,Federal Contract Tower,0,3,10,0,13,0,19,38,0,57,0,22,48,0,70,36,0,36,106
06/18/2013,MOD,CA,AWP,WE,Federal Contract Tower,0,5,8,0,13,0,18,32,0,50,0,23,40,0,63,16,0,16,79
06/19/2013,MOD,CA,AWP,WE,Federal Contract Tower,0,7,2,0,9,0,12,55,0,67,0,19,57,0,76,48,0,48,124
06/20/2013,MOD,CA,AWP,WE,Federal Contract Tower,0,17,11,0,28,0,18,69,0,87,0,35,80,0,115,44,0,44,159
06/21/2013,MOD,CA,AWP,WE,Federal Contract Tower,0,6,13,2,21,0,24,80,0,104,0,30,93,2,125,50,0,50,175
06/22/2013,MOD,CA,AWP,WE,Federal Contract Tower,0,4,15,0,19,0,12,59,0,71,0,16,74,0,90,26,0,26,116
06/23/2013,MOD,CA,AWP,WE,Federal Contract Tower,0,8,7,0,15,0,26,47,0,73,0,34,54,0,88,22,0,22,110
06/24/2013,MOD,CA,AWP,WE,Federal Contract Tower,0,4,5,0,9,0,8,23,0,31,0,12,28,0,40,40,0,40,80
06/25/2013,MOD,CA,AWP,WE,Federal Contract Tower,0,4,12,0,16,0,14,36,0,50,0,18,48,0,66,8,0,8,74
06/26/2013,MOD,CA,AWP,WE,Federal Contract Tower,0,9,13,0,22,0,18,53,0,71,0,27,66,0,93,68,0,68,161
06/27/2013,MOD,CA,AWP,WE,Federal Contract Tower,0,7,10,0,17,0,18,48,2,68,0,25,58,2,85,50,0,50,135
06/28/2013,MOD,CA,AWP,WE,Federal Contract Tower,0,7,3,0,10,0,26,59,0,85,0,33,62,0,95,50,0,50,145
06/29/2013,MOD,CA,AWP,WE,Federal Contract Tower,0,3,3,0,6,0,10,31,0,41,0,13,34,0,47,28,0,28,75
06/30/2013,MOD,CA,AWP,WE,Federal Contract Tower,0,8,3,0,11,0,19,65,0,84,0,27,68,0,95,30,0,30,125
07/01/2013,MOD,CA,AWP,WE,Federal Contract Tower,0,8,2,0,10,0,17,45,0,62,0,25,47,0,72,2,0,2,74
07/02/2013,MOD,CA,AWP,WE,Federal Contract Tower,0,9,2,0,11,0,16,22,0,38,0,25,24,0,49,12,0,12,61
07/03/2013,MOD,CA,AWP,WE,Federal Contract Tower,0,3,8,4,15,0,22,37,0,59,0,25,45,4,74,36,0,36,110
07/04/2013,MOD,CA,AWP,WE,Federal Contract Tower,0,4,7,0,11,0,11,21,0,32,0,15,28,0,43,8,0,8,51
07/05/2013,MOD,CA,AWP,WE,Federal Contract Tower,0,4,14,0,18,0,16,41,0,57,0,20,55,0,75,14,0,14,89
07/06/2013,MOD,CA,AWP,WE,Federal Contract Tower,0,9,10,0,19,0,21,59,0,80,0,30,69,0,99,46,0,46,145
07/07/2013,MOD,CA,AWP,WE,Federal Contract Tower,0,10,2,0,12,0,21,46,0,67,0,31,48,0,79,14,0,14,93
07/08/2013,MOD,CA,AWP,WE,Federal Contract Tower,0,9,9,0,18,0,20,67,0,87,0,29,76,0,105,62,0,62,167
07/09/2013,MOD,CA,AWP,WE,Federal Contract Tower,0,4,8,0,12,0,26,58,0,84,0,30,66,0,96,64,2,66,162
07/10/2013,MOD,CA,AWP,WE,Federal Contract Tower,0,8,7,0,15,0,19,47,0,66,0,27,54,0,81,10,0,10,91
07/11/2013,MOD,CA,AWP,WE,Federal Contract Tower,0,7,5,0,12,0,17,69,0,86,0,24,74,0,98,66,0,66,164
07/12/2013,MOD,CA,AWP,WE,Federal Contract Tower,0,11,5,0,16,0,18,61,0,79,0,29,66,0,95,54,0,54,149
07/13/2013,MOD,CA,AWP,WE,Federal Contract Tower,0,19,7,0,26,0,9,140,0,149,0,28,147,0,175,34,0,34,209
07/14/2013,MOD,CA,AWP,WE,Federal Contract Tower,0,11,4,0,15,0,12,57,0,69,0,23,61,0,84,24,0,24,108
07/15/2013,MOD,CA,AWP,WE,Federal Contract Tower,0,24,6,0,30,0,10,34,0,44,0,34,40,0,74,32,0,32,106
07/16/2013,MOD,CA,AWP,WE,Federal Contract Tower,0,9,7,0,16,0,14,68,3,85,0,23,75,3,101,26,0,26,127
07/17/2013,MOD,CA,AWP,WE,Federal Contract Tower,0,10,10,0,20,0,32,38,0,70,0,42,48,0,90,32,0,32,122
07/18/2013,MOD,CA,AWP,WE,Federal Contract Tower,0,11,5,0,16,0,29,68,0,97,0,40,73,0,113,18,0,18,131
07/19/2013,MOD,CA,AWP,WE,Federal Contract Tower,0,12,11,0,23,0,46,55,0,101,0,58,66,0,124,24,0,24,148
07/20/2013,MOD,CA,AWP,WE,Federal Contract Tower,0,5,26,0,31,0,13,68,0,81,0,18,94,0,112,90,0,90,202
07/21/2013,MOD,CA,AWP,WE,Federal Contract Tower,0,11,11,0,22,0,9,66,0,75,0,20,77,0,97,58,0,58,155
07/22/2013,MOD,CA,AWP,WE,Federal Contract Tower,0,18,12,0,30,0,21,46,0,67,0,39,58,0,97,16,0,16,113
07/23/2013,MOD,CA,AWP,WE,Federal Contract Tower,0,7,24,1,32,0,21,69,0,90,0,28,93,1,122,86,0,86,208
07/24/2013,MOD,CA,AWP,WE,Federal Contract Tower,0,17,15,0,32,0,28,83,0,111,0,45,98,0,143,60,0,60,203
07/25/2013,MOD,CA,AWP,WE,Federal Contract Tower,0,20,13,0,33,0,36,66,0,102,0,56,79,0,135,24,0,24,159
07/26/2013,MOD,CA,AWP,WE,Federal Contract Tower,0,9,15,0,24,0,29,72,0,101,0,38,87,0,125,40,0,40,165
07/27/2013,MOD,CA,AWP,WE,Federal Contract Tower,0,6,11,0,17,0,20,72,0,92,0,26,83,0,109,68,0,68,177
07/28/2013,MOD,CA,AWP,WE,Federal Contract Tower,0,3,3,0,6,0,23,48,0,71,0,26,51,0,77,22,0,22,99
07/29/2013,MOD,CA,AWP,WE,Federal Contract Tower,0,12,25,0,37,0,26,49,0,75,0,38,74,0,112,18,0,18,130
07/30/2013,MOD,CA,AWP,WE,Federal Contract Tower,0,9,25,0,34,0,18,40,0,58,0,27,65,0,92,36,0,36,128
07/31/2013,MOD,CA,AWP,WE,Federal Contract Tower,0,16,17,0,33,0,31,49,0,80,0,47,66,0,113,34,0,34,147
08/01/2013,MOD,CA,AWP,WE,Federal Contract Tower,0,17,7,0,24,0,30,55,0,85,0,47,62,0,109,38,0,38,147
08/02/2013,MOD,CA,AWP,WE,Federal Contract Tower,0,10,5,0,15,0,17,80,0,97,0,27,85,0,112,32,0,32,144
08/03/2013,MOD,CA,AWP,WE,Federal Contract Tower,0,5,11,0,16,0,19,94,0,113,0,24,105,0,129,96,0,96,225
08/04/2013,MOD,CA,AWP,WE,Federal Contract Tower,0,15,18,0,33,0,23,43,0,66,0,38,61,0,99,10,0,10,109
08/05/2013,MOD,CA,AWP,WE,Federal Contract Tower,0,3,22,0,25,0,33,50,0,83,0,36,72,0,108,8,0,8,116
08/06/2013,MOD,CA,AWP,WE,Federal Contract Tower,0,7,36,0,43,0,32,63,0,95,0,39,99,0,138,100,0,100,238
08/07/2013,MOD,CA,AWP,WE,Federal Contract Tower,0,6,29,0,35,0,21,48,0,69,0,27,77,0,104,8,0,8,112
08/08/2013,MOD,CA,AWP,WE,Federal Contract Tower,0,9,27,0,36,0,29,39,0,68,0,38,66,0,104,34,0,34,138
08/09/2013,MOD,CA,AWP,WE,Federal Contract Tower,0,8,20,0,28,0,37,66,0,103,0,45,86,0,131,70,0,70,201
08/10/2013,MOD,CA,AWP,WE,Federal Contract Tower,0,6,16,0,22,0,22,89,0,111,0,28,105,0,133,16,0,16,149
08/11/2013,MOD,CA,AWP,WE,Federal Contract Tower,0,3,6,0,9,0,20,43,0,63,0,23,49,0,72,16,0,16,88
08/12/2013,MOD,CA,AWP,WE,Federal Contract Tower,0,7,12,0,19,0,21,53,0,74,0,28,65,0,93,30,0,30,123
08/13/2013,MOD,CA,AWP,WE,Federal Contract Tower,0,5,11,0,16,0,15,51,0,66,0,20,62,0,82,22,0,22,104
08/14/2013,MOD,CA,AWP,WE,Federal Contract Tower,0,6,13,0,19,0,26,92,0,118,0,32,105,0,137,58,0,58,195
08/15/2013,MOD,CA,AWP,WE,Federal Contract Tower,0,10,12,0,22,0,27,67,0,94,0,37,79,0,116,46,0,46,162
08/16/2013,MOD,CA,AWP,WE,Federal Contract Tower,0,11,2,0,13,0,18,81,0,99,0,29,83,0,112,42,0,42,154
08/17/2013,MOD,CA,AWP,WE,Federal Contract Tower,0,5,12,0,17,0,22,61,0,83,0,27,73,0,100,36,0,36,136
08/18/2013,MOD,CA,AWP,WE,Federal Contract Tower,0,4,6,0,10,0,18,57,0,75,0,22,63,0,85,72,0,72,157
08/19/2013,MOD,CA,AWP,WE,Federal Contract Tower,0,11,16,0,27,0,22,39,0,61,0,33,55,0,88,6,0,6,94
08/20/2013,MOD,CA,AWP,WE,Federal Contract Tower,0,6,11,0,17,0,15,38,0,53,0,21,49,0,70,12,0,12,82
08/21/2013,MOD,CA,AWP,WE,Federal Contract Tower,0,10,44,0,54,0,24,68,0,92,0,34,112,0,146,50,0,50,196
08/22/2013,MOD,CA,AWP,WE,Federal Contract Tower,0,14,22,0,36,0,27,65,0,92,0,41,87,0,128,18,0,18,146
08/23/2013,MOD,CA,AWP,WE,Federal Contract Tower,0,15,16,2,33,0,36,53,0,89,0,51,69,2,122,46,0,46,168
08/24/2013,MOD,CA,AWP,WE,Federal Contract Tower,0,10,9,0,19,0,23,67,0,90,0,33,76,0,109,22,0,22,131
08/25/2013,MOD,CA,AWP,WE,Federal Contract Tower,0,7,8,0,15,0,18,58,0,76,0,25,66,0,91,28,0,28,119
08/26/2013,MOD,CA,AWP,WE,Federal Contract Tower,0,5,6,0,11,0,15,67,0,82,0,20,73,0,93,16,0,16,109
08/27/2013,MOD,CA,AWP,WE,Federal Contract Tower,0,9,37,0,46,0,21,63,0,84,0,30,100,0,130,10,0,10,140
08/28/2013,MOD,CA,AWP,WE,Federal Contract Tower,0,13,20,0,33,0,26,74,0,100,0,39,94,0,133,50,0,50,183
08/29/2013,MOD,CA,AWP,WE,Federal Contract Tower,0,9,18,0,27,0,22,65,0,87,0,31,83,0,114,8,0,8,122
08/30/2013,MOD,CA,AWP,WE,Federal Contract Tower,0,13,10,0,23,0,15,57,4,76,0,28,67,4,99,40,0,40,139
08/31/2013,MOD,CA,AWP,WE,Federal Contract Tower,0,9,8,0,17,0,22,82,0,104,0,31,90,0,121,34,0,34,155
09/01/2013,MOD,CA,AWP,WE,Federal Contract Tower,0,5,4,0,9,0,10,50,0,60,0,15,54,0,69,44,0,44,113
09/02/2013,MOD,CA,AWP,WE,Federal Contract Tower,0,8,5,0,13,0,14,55,0,69,0,22,60,0,82,22,0,22,104
09/03/2013,MOD,CA,AWP,WE,Federal Contract Tower,0,15,17,0,32,0,23,54,0,77,0,38,71,0,109,12,0,12,121
09/04/2013,MOD,CA,AWP,WE,Federal Contract Tower,0,18,20,0,38,0,22,63,3,88,0,40,83,3,126,14,2,16,142
09/05/2013,MOD,CA,AWP,WE,Federal Contract Tower,0,13,12,2,27,0,36,63,0,99,0,49,75,2,126,32,0,32,158
09/06/2013,MOD,CA,AWP,WE,Federal Contract Tower,0,13,18,0,31,0,34,80,0,114,0,47,98,0,145,30,0,30,175
09/07/2013,MOD,CA,AWP,WE,Federal Contract Tower,0,9,5,0,14,0,23,79,2,104,0,32,84,2,118,32,0,32,150
09/08/2013,MOD,CA,AWP,WE,Federal Contract Tower,0,5,8,0,13,0,12,42,0,54,0,17,50,0,67,22,0,22,89
09/09/2013,MOD,CA,AWP,WE,Federal Contract Tower,0,14,22,0,36,0,20,33,0,53,0,34,55,0,89,16,0,16,105
09/10/2013,MOD,CA,AWP,WE,Federal Contract Tower,0,11,16,0,27,0,20,52,0,72,0,31,68,0,99,42,0,42,141
09/11/2013,MOD,CA,AWP,WE,Federal Contract Tower,0,9,25,2,36,0,29,57,0,86,0,38,82,2,122,48,0,48,170
09/12/2013,MOD,CA,AWP,WE,Federal Contract Tower,0,6,28,0,34,0,35,75,0,110,0,41,103,0,144,76,0,76,220
09/13/2013,MOD,CA,AWP,WE,Federal Contract Tower,0,8,16,0,24,0,47,62,0,109,0,55,78,0,133,94,0,94,227
09/14/2013,MOD,CA,AWP,WE,Federal Contract Tower,0,12,19,0,31,0,16,111,0,127,0,28,130,0,158,50,0,50,208
09/15/2013,MOD,CA,AWP,WE,Federal Contract Tower,0,12,24,0,36,0,18,33,0,51,0,30,57,0,87,40,0,40,127
09/16/2013,MOD,CA,AWP,WE,Federal Contract Tower,0,9,33,0,42,0,24,48,0,72,0,33,81,0,114,38,0,38,152
09/17/2013,MOD,CA,AWP,WE,Federal Contract Tower,0,15,23,0,38,0,25,65,0,90,0,40,88,0,128,40,0,40,168
09/18/2013,MOD,CA,AWP,WE,Federal Contract Tower,0,11,21,0,32,0,41,46,0,87,0,52,67,0,119,48,0,48,167
09/19/2013,MOD,CA,AWP,WE,Federal Contract Tower,0,11,36,0,47,0,26,81,0,107,0,37,117,0,154,86,0,86,240
09/20/2013,MOD,CA,AWP,WE,Federal Contract Tower,0,11,27,2,40,0,31,47,0,78,0,42,74,2,118,46,0,46,164
09/21/2013,MOD,CA,AWP,WE,Federal Contract Tower,0,16,20,0,36,0,17,30,0,47,0,33,50,0,83,2,0,2,85
09/22/2013,MOD,CA,AWP,WE,Federal Contract Tower,0,10,24,0,34,0,14,17,0,31,0,24,41,0,65,6,0,6,71
09/23/2013,MOD,CA,AWP,WE,Federal Contract Tower,0,14,17,0,31,0,18,42,0,60,0,32,59,0,91,6,0,6,97
09/24/2013,MOD,CA,AWP,WE,Federal Contract Tower,0,5,23,0,28,0,16,35,0,51,0,21,58,0,79,20,0,20,99
09/25/2013,MOD,CA,AWP,WE,Federal Contract Tower,0,15,33,2,50,0,19,39,0,58,0,34,72,2,108,20,0,20,128
09/26/2013,MOD,CA,AWP,WE,Federal Contract Tower,0,15,18,0,33,0,48,55,0,103,0,63,73,0,136,56,0,56,192
09/27/2013,MOD,CA,AWP,WE,Federal Contract Tower,0,10,36,0,46,0,38,86,0,124,0,48,122,0,170,72,0,72,242
09/28/2013,MOD,CA,AWP,WE,Federal Contract Tower,0,4,29,0,33,0,18,87,0,105,0,22,116,0,138,74,0,74,212
09/29/2013,MOD,CA,AWP,WE,Federal Contract Tower,2,4,22,0,28,0,11,58,0,69,2,15,80,0,97,38,0,38,135
09/30/2013,MOD,CA,AWP,WE,Federal Contract Tower,0,8,12,0,20,0,18,39,0,57,0,26,51,0,77,40,0,40,117
10/01/2013,MOD,CA,AWP,WE,Federal Contract Tower,0,7,41,0,48,0,7,54,0,61,0,14,95,0,109,28,0,28,137
10/02/2013,MOD,CA,AWP,WE,Federal Contract Tower,0,6,19,0,25,0,14,68,0,82,0,20,87,0,107,56,0,56,163
10/03/2013,MOD,CA,AWP,WE,Federal Contract Tower,0,14,15,0,29,0,39,48,0,87,0,53,63,0,116,10,0,10,126
10/04/2013,MOD,CA,AWP,WE,Federal Contract Tower,0,11,15,0,26,0,22,50,0,72,0,33,65,0,98,68,0,68,166
10/05/2013,MOD,CA,AWP,WE,Federal Contract Tower,0,9,28,0,37,0,14,65,0,79,0,23,93,0,116,52,0,52,168
10/06/2013,MOD,CA,AWP,WE,Federal Contract Tower,0,8,10,0,18,0,22,56,0,78,0,30,66,0,96,12,0,12,108
10/07/2013,MOD,CA,AWP,WE,Federal Contract Tower,0,7,12,0,19,0,13,64,0,77,0,20,76,0,96,76,0,76,172
10/08/2013,MOD,CA,AWP,WE,Federal Contract Tower,0,6,14,0,20,0,25,46,0,71,0,31,60,0,91,42,0,42,133
10/09/2013,MOD,CA,AWP,WE,Federal Contract Tower,0,5,22,2,29,0,12,44,0,56,0,17,66,2,85,32,0,32,117
10/10/2013,MOD,CA,AWP,WE,Federal Contract Tower,0,15,13,0,28,0,28,49,0,77,0,43,62,0,105,42,0,42,147
10/11/2013,MOD,CA,AWP,WE,Federal Contract Tower,0,16,28,0,44,0,29,48,0,77,0,45,76,0,121,46,0,46,167
10/12/2013,MOD,CA,AWP,WE,Federal Contract Tower,0,11,26,0,37,0,15,90,0,105,0,26,116,0,142,48,0,48,190
10/13/2013,MOD,CA,AWP,WE,Federal Contract Tower,0,8,30,0,38,0,13,46,0,59,0,21,76,0,97,32,0,32,129
10/14/2013,MOD,CA,AWP,WE,Federal Contract Tower,0,4,42,0,46,0,23,49,0,72,0,27,91,0,118,20,0,20,138
10/15/2013,MOD,CA,AWP,WE,Federal Contract Tower,0,10,17,0,27,0,20,41,0,61,0,30,58,0,88,30,0,30,118
10/16/2013,MOD,CA,AWP,WE,Federal Contract Tower,0,13,27,0,40,0,22,45,0,67,0,35,72,0,107,8,0,8,115
10/17/2013,MOD,CA,AWP,WE,Federal Contract Tower,0,12,45,0,57,0,18,68,0,86,0,30,113,0,143,82,0,82,225
10/18/2013,MOD,CA,AWP,WE,Federal Contract Tower,0,10,19,0,29,0,24,82,0,106,0,34,101,0,135,104,0,104,239
10/19/2013,MOD,CA,AWP,WE,Federal Contract Tower,0,4,22,0,26,0,18,92,0,110,0,22,114,0,136,84,0,84,220
10/20/2013,MOD,CA,AWP,WE,Federal Contract Tower,0,13,29,0,42,0,13,73,0,86,0,26,102,0,128,48,0,48,176
10/21/2013,MOD,CA,AWP,WE,Federal Contract Tower,0,7,12,0,19,0,11,38,0,49,0,18,50,0,68,12,0,12,80
10/22/2013,MOD,CA,AWP,WE,Federal Contract Tower,0,12,46,0,58,0,13,49,0,62,0,25,95,0,120,40,0,40,160
10/23/2013,MOD,CA,AWP,WE,Federal Contract Tower,0,4,41,0,45,0,14,75,0,89,0,18,116,0,134,110,0,110,244
10/24/2013,MOD,CA,AWP,WE,Federal Contract Tower,0,11,17,0,28,0,21,40,0,61,0,32,57,0,89,56,0,56,145
10/25/2013,MOD,CA,AWP,WE,Federal Contract Tower,0,12,21,0,33,0,40,51,0,91,0,52,72,0,124,44,0,44,168
10/26/2013,MOD,CA,AWP,WE,Federal Contract Tower,0,8,26,0,34,0,15,86,2,103,0,23,112,2,137,56,30,86,223
10/27/2013,MOD,CA,AWP,WE,Federal Contract Tower,0,7,28,0,35,0,6,70,0,76,0,13,98,0,111,44,0,44,155
10/28/2013,MOD,CA,AWP,WE,Federal Contract Tower,0,5,30,0,35,0,16,25,0,41,0,21,55,0,76,20,0,20,96
10/29/2013,MOD,CA,AWP,WE,Federal Contract Tower,0,13,29,0,42,0,21,51,0,72,0,34,80,0,114,10,0,10,124
10/30/2013,MOD,CA,AWP,WE,Federal Contract Tower,0,10,34,0,44,0,21,77,0,98,0,31,111,0,142,60,0,60,202
10/31/2013,MOD,CA,AWP,WE,Federal Contract Tower,0,10,12,0,22,0,27,63,0,90,0,37,75,0,112,48,0,48,160
11/01/2013,MOD,CA,AWP,WE,Federal Contract Tower,0,16,28,0,44,0,31,78,0,109,0,47,106,0,153,126,0,126,279
11/02/2013,MOD,CA,AWP,WE,Federal Contract Tower,0,5,15,0,20,0,12,66,0,78,0,17,81,0,98,66,0,66,164
11/03/2013,MOD,CA,AWP,WE,Federal Contract Tower,0,7,14,0,21,0,18,37,0,55,0,25,51,0,76,14,0,14,90
11/04/2013,MOD,CA,AWP,WE,Federal Contract Tower,0,15,22,0,37,0,19,44,0,63,0,34,66,0,100,32,0,32,132
11/05/2013,MOD,CA,AWP,WE,Federal Contract Tower,0,10,32,2,44,0,16,53,0,69,0,26,85,2,113,22,0,22,135
11/06/2013,MOD,CA,AWP,WE,Federal Contract Tower,0,16,31,0,47,0,19,78,0,97,0,35,109,0,144,60,0,60,204
11/07/2013,MOD,CA,AWP,WE,Federal Contract Tower,0,10,8,0,18,0,36,47,0,83,0,46,55,0,101,74,0,74,175
11/08/2013,MOD,CA,AWP,WE,Federal Contract Tower,0,8,15,0,23,0,18,51,0,69,0,26,66,0,92,54,0,54,146
11/09/2013,MOD,CA,AWP,WE,Federal Contract Tower,0,4,10,0,14,0,18,126,0,144,0,22,136,0,158,92,0,92,250
11/10/2013,MOD,CA,AWP,WE,Federal Contract Tower,0,11,9,0,20,0,5,39,0,44,0,16,48,0,64,16,0,16,80
11/11/2013,MOD,CA,AWP,WE,Federal Contract Tower,0,9,15,0,24,0,20,50,0,70,0,29,65,0,94,44,0,44,138
11/12/2013,MOD,CA,AWP,WE,Federal Contract Tower,0,7,19,0,26,0,17,32,0,49,0,24,51,0,75,16,0,16,91
11/13/2013,MOD,CA,AWP,WE,Federal Contract Tower,0,6,21,0,27,0,25,63,2,90,0,31,84,2,117,74,0,74,191
11/14/2013,MOD,CA,AWP,WE,Federal Contract Tower,0,7,21,3,31,0,48,51,0,99,0,55,72,3,130,68,4,72,202
11/15/2013,MOD,CA,AWP,WE,Federal Contract Tower,0,7,7,0,14,0,31,48,0,79,0,38,55,0,93,10,0,10,103
11/16/2013,MOD,CA,AWP,WE,Federal Contract Tower,0,9,25,0,34,0,25,104,0,129,0,34,129,0,163,46,0,46,209
11/17/2013,MOD,CA,AWP,WE,Federal Contract Tower,0,6,19,0,25,0,12,58,0,70,0,18,77,0,95,62,0,62,157
11/18/2013,MOD,CA,AWP,WE,Federal Contract Tower,2,9,13,0,24,0,34,68,0,102,2,43,81,0,126,34,0,34,160
11/19/2013,MOD,CA,AWP,WE,Federal Contract Tower,0,16,20,0,36,0,20,30,0,50,0,36,50,0,86,16,0,16,102
11/20/2013,MOD,CA,AWP,WE,Federal Contract Tower,0,27,28,2,57,0,4,2,0,6,0,31,30,2,63,0,0,0,63
11/21/2013,MOD,CA,AWP,WE,Federal Contract Tower,2,17,7,0,26,0,12,34,0,46,2,29,41,0,72,24,0,24,96
11/22/2013,MOD,CA,AWP,WE,Federal Contract Tower,0,10,16,0,26,0,21,52,0,73,0,31,68,0,99,62,0,62,161
11/23/2013,MOD,CA,AWP,WE,Federal Contract Tower,0,17,22,0,39,0,19,59,0,78,0,36,81,0,117,32,0,32,149
11/24/2013,MOD,CA,AWP,WE,Federal Contract Tower,0,15,11,0,26,0,12,31,0,43,0,27,42,0,69,18,0,18,87
11/25/2013,MOD,CA,AWP,WE,Federal Contract Tower,0,13,11,0,24,0,13,32,0,45,0,26,43,0,69,40,0,40,109
11/26/2013,MOD,CA,AWP,WE,Federal Contract Tower,0,15,17,0,32,0,14,36,0,50,0,29,53,0,82,16,0,16,98
11/27/2013,MOD,CA,AWP,WE,Federal Contract Tower,0,10,13,0,23,0,26,58,0,84,0,36,71,0,107,34,0,34,141
11/28/2013,MOD,CA,AWP,WE,Federal Contract Tower,0,8,0,0,8,0,9,17,0,26,0,17,17,0,34,26,0,26,60
11/29/2013,MOD,CA,AWP,WE,Federal Contract Tower,0,13,5,0,18,0,32,46,0,78,0,45,51,0,96,48,0,48,144
11/30/2013,MOD,CA,AWP,WE,Federal Contract Tower,0,13,15,0,28,0,37,82,0,119,0,50,97,0,147,42,0,42,189
12/01/2013,MOD,CA,AWP,WE,Federal Contract Tower,0,8,4,0,12,0,18,45,0,63,0,26,49,0,75,14,0,14,89
12/02/2013,MOD,CA,AWP,WE,Federal Contract Tower,0,11,8,0,19,0,14,26,0,40,0,25,34,0,59,22,0,22,81
12/03/2013,MOD,CA,AWP,WE,Federal Contract Tower,0,12,7,0,19,0,24,22,0,46,0,36,29,0,65,12,0,12,77
12/04/2013,MOD,CA,AWP,WE,Federal Contract Tower,0,4,15,2,21,0,24,48,0,72,0,28,63,2,93,68,2,70,163
12/05/2013,MOD,CA,AWP,WE,Federal Contract Tower,0,9,11,0,20,0,32,51,0,83,0,41,62,0,103,54,0,54,157
12/06/2013,MOD,CA,AWP,WE,Federal Contract Tower,0,13,17,2,32,0,24,30,0,54,0,37,47,2,86,32,0,32,118
12/07/2013,MOD,CA,AWP,WE,Federal Contract Tower,0,8,10,0,18,0,18,16,0,34,0,26,26,0,52,10,0,10,62
12/08/2013,MOD,CA,AWP,WE,Federal Contract Tower,0,6,16,0,22,0,12,45,0,57,0,18,61,0,79,26,0,26,105
12/09/2013,MOD,CA,AWP,WE,Federal Contract Tower,0,7,27,0,34,0,14,54,0,68,0,21,81,0,102,6,0,6,108
12/10/2013,MOD,CA,AWP,WE,Federal Contract Tower,0,6,26,0,32,0,21,33,0,54,0,27,59,0,86,46,0,46,132
12/11/2013,MOD,CA,AWP,WE,Federal Contract Tower,0,6,26,0,32,0,29,59,0,88,0,35,85,0,120,22,0,22,142
12/12/2013,MOD,CA,AWP,WE,Federal Contract Tower,0,11,24,0,35,0,18,41,0,59,0,29,65,0,94,52,0,52,146
12/13/2013,MOD,CA,AWP,WE,Federal Contract Tower,0,7,22,0,29,0,34,38,0,72,0,41,60,0,101,34,0,34,135
12/14/2013,MOD,CA,AWP,WE,Federal Contract Tower,0,7,13,0,20,0,21,88,0,109,0,28,101,0,129,84,0,84,213
12/15/2013,MOD,CA,AWP,WE,Federal Contract Tower,0,8,30,0,38,0,10,34,0,44,0,18,64,0,82,26,0,26,108
12/16/2013,MOD,CA,AWP,WE,Federal Contract Tower,0,9,21,0,30,0,15,27,0,42,0,24,48,0,72,4,0,4,76
12/17/2013,MOD,CA,AWP,WE,Federal Contract Tower,0,6,29,0,35,0,45,35,0,80,0,51,64,0,115,16,0,16,131
12/18/2013,MOD,CA,AWP,WE,Federal Contract Tower,0,11,27,2,40,0,31,48,0,79,0,42,75,2,119,24,0,24,143
12/19/2013,MOD,CA,AWP,WE,Federal Contract Tower,0,10,3,0,13,0,25,20,0,45,0,35,23,0,58,20,0,20,78
12/20/2013,MOD,CA,AWP,WE,Federal Contract Tower,0,14,25,0,39,0,37,65,0,102,0,51,90,0,141,58,0,58,199
12/21/2013,MOD,CA,AWP,WE,Federal Contract Tower,0,8,22,0,30,0,30,87,0,117,0,38,109,0,147,96,0,96,243
12/22/2013,MOD,CA,AWP,WE,Federal Contract Tower,0,10,20,0,30,0,12,34,0,46,0,22,54,0,76,24,0,24,100
12/23/2013,MOD,CA,AWP,WE,Federal Contract Tower,0,12,28,0,40,0,23,50,0,73,0,35,78,0,113,24,0,24,137
12/24/2013,MOD,CA,AWP,WE,Federal Contract Tower,0,7,19,0,26,0,19,50,0,69,0,26,69,0,95,16,0,16,111
12/25/2013,MOD,CA,AWP,WE,Federal Contract Tower,0,6,0,0,6,0,14,26,0,40,0,20,26,0,46,26,0,26,72
12/26/2013,MOD,CA,AWP,WE,Federal Contract Tower,0,10,14,0,24,0,26,46,0,72,0,36,60,0,96,16,0,16,112
12/27/2013,MOD,CA,AWP,WE,Federal Contract Tower,0,8,11,1,20,0,25,47,0,72,0,33,58,1,92,42,2,44,136
12/28/2013,MOD,CA,AWP,WE,Federal Contract Tower,0,8,6,0,14,0,17,53,0,70,0,25,59,0,84,42,0,42,126
12/29/2013,MOD,CA,AWP,WE,Federal Contract Tower,0,5,9,0,14,0,7,34,0,41,0,12,43,0,55,34,0,34,89
12/30/2013,MOD,CA,AWP,WE,Federal Contract Tower,0,3,13,2,18,0,13,26,4,43,0,16,39,6,61,6,0,6,67
12/31/2013,MOD,CA,AWP,WE,Federal Contract Tower,0,8,11,0,19,0,18,44,0,62,0,26,55,0,81,36,0,36,117
01/01/2014,MOD,CA,AWP,WE,Federal Contract Tower,0,11,4,0,15,0,15,38,0,53,0,26,42,0,68,34,0,34,102
01/02/2014,MOD,CA,AWP,WE,Federal Contract Tower,0,4,22,0,26,0,14,43,0,57,0,18,65,0,83,38,0,38,121
01/03/2014,MOD,CA,AWP,WE,Federal Contract Tower,0,8,21,0,29,0,22,49,0,71,0,30,70,0,100,72,0,72,172
01/04/2014,MOD,CA,AWP,WE,Federal Contract Tower,0,8,20,0,28,0,16,82,0,98,0,24,102,0,126,70,0,70,196
01/05/2014,MOD,CA,AWP,WE,Federal Contract Tower,0,7,15,0,22,0,9,31,0,40,0,16,46,0,62,32,0,32,94
01/06/2014,MOD,CA,AWP,WE,Federal Contract Tower,0,6,16,2,24,0,12,37,0,49,0,18,53,2,73,36,0,36,109
01/07/2014,MOD,CA,AWP,WE,Federal Contract Tower,0,7,25,0,32,0,18,37,0,55,0,25,62,0,87,10,0,10,97
01/08/2014,MOD,CA,AWP,WE,Federal Contract Tower,0,13,28,0,41,0,27,34,0,61,0,40,62,0,102,28,0,28,130
01/09/2014,MOD,CA,AWP,WE,Federal Contract Tower,0,7,11,0,18,0,25,36,0,61,0,32,47,0,79,18,0,18,97
01/10/2014,MOD,CA,AWP,WE,Federal Contract Tower,0,5,19,2,26,0,10,52,0,62,0,15,71,2,88,65,0,65,153
01/11/2014,MOD,CA,AWP,WE,Federal Contract Tower,0,6,27,0,33,0,13,40,0,53,0,19,67,0,86,34,0,34,120
01/12/2014,MOD,CA,AWP,WE,Federal Contract Tower,0,7,20,0,27,0,13,45,0,58,0,20,65,0,85,8,0,8,93
01/13/2014,MOD,CA,AWP,WE,Federal Contract Tower,0,11,32,0,43,0,13,59,0,72,0,24,91,0,115,24,0,24,139
01/14/2014,MOD,CA,AWP,WE,Federal Contract Tower,0,14,44,2,60,0,16,33,2,51,0,30,77,4,111,14,0,14,125
01/15/2014,MOD,CA,AWP,WE,Federal Contract Tower,0,6,21,0,27,0,22,47,0,69,0,28,68,0,96,66,0,66,162
01/16/2014,MOD,CA,AWP,WE,Federal Contract Tower,0,10,27,0,37,0,19,66,0,85,0,29,93,0,122,46,0,46,168
01/17/2014,MOD,CA,AWP,WE,Federal Contract Tower,0,7,20,0,27,0,11,44,0,55,0,18,64,0,82,26,0,26,108
01/18/2014,MOD,CA,AWP,WE,Federal Contract Tower,0,7,30,0,37,0,16,67,0,83,0,23,97,0,120,36,0,36,156
01/19/2014,MOD,CA,AWP,WE,Federal Contract Tower,0,10,18,0,28,0,14,56,0,70,0,24,74,0,98,26,0,26,124
01/20/2014,MOD,CA,AWP,WE,Federal Contract Tower,0,8,29,0,37,0,11,33,0,44,0,19,62,0,81,8,0,8,89
01/21/2014,MOD,CA,AWP,WE,Federal Contract Tower,0,8,9,0,17,0,14,43,2,59,0,22,52,2,76,11,0,11,87
01/22/2014,MOD,CA,AWP,WE,Federal Contract Tower,0,11,48,0,59,0,17,33,0,50,0,28,81,0,109,2,0,2,111
01/23/2014,MOD,CA,AWP,WE,Federal Contract Tower,0,9,18,0,27,0,28,29,0,57,0,37,47,0,84,18,0,18,102
01/24/2014,MOD,CA,AWP,WE,Federal Contract Tower,0,6,30,0,36,0,36,45,4,85,0,42,75,4,121,30,0,30,151
01/25/2014,MOD,CA,AWP,WE,Federal Contract Tower,0,6,17,0,23,0,17,60,2,79,0,23,77,2,102,24,0,24,126
01/26/2014,MOD,CA,AWP,WE,Federal Contract Tower,0,9,9,0,18,0,12,56,0,68,0,21,65,0,86,34,0,34,120
01/27/2014,MOD,CA,AWP,WE,Federal Contract Tower,0,13,30,6,49,0,8,48,0,56,0,21,78,6,105,36,0,36,141
01/28/2014,MOD,CA,AWP,WE,Federal Contract Tower,0,23,30,2,55,0,18,46,4,68,0,41,76,6,123,44,0,44,167
01/29/2014,MOD,CA,AWP,WE,Federal Contract Tower,0,8,42,1,51,0,12,33,8,53,0,20,75,9,104,8,0,8,112
01/30/2014,MOD,CA,AWP,WE,Federal Contract Tower,0,7,32,0,39,0,16,20,0,36,0,23,52,0,75,22,0,22,97
01/31/2014,MOD,CA,AWP,WE,Federal Contract Tower,0,7,13,0,20,0,25,28,0,53,0,32,41,0,73,26,0,26,99
02/01/2014,MOD,CA,AWP,WE,Federal Contract Tower,0,6,23,0,29,0,17,71,0,88,0,23,94,0,117,30,0,30,147
02/02/2014,MOD,CA,AWP,WE,Federal Contract Tower,0,13,3,0,16,0,12,19,0,31,0,25,22,0,47,6,0,6,53
02/03/2014,MOD,CA,AWP,WE,Federal Contract Tower,0,7,24,0,31,0,18,41,0,59,0,25,65,0,90,6,0,6,96
02/04/2014,MOD,CA,AWP,WE,Federal Contract Tower,0,3,12,0,15,0,21,57,0,78,0,24,69,0,93,36,0,36,129
02/05/2014,MOD,CA,AWP,WE,Federal Contract Tower,0,8,24,0,32,0,24,42,0,66,0,32,66,0,98,52,0,52,150
02/06/2014,MOD,CA,AWP,WE,Federal Contract Tower,0,22,8,0,30,0,8,14,0,22,0,30,22,0,52,28,0,28,80
02/07/2014,MOD,CA,AWP,WE,Federal Contract Tower,0,21,20,2,43,0,14,28,0,42,0,35,48,2,85,48,0,48,133
02/08/2014,MOD,CA,AWP,WE,Federal Contract Tower,0,4,3,0,7,0,9,1,0,10,0,13,4,0,17,0,0,0,17
02/09/2014,MOD,CA,AWP,WE,Federal Contract Tower,0,4,29,1,34,0,4,8,0,12,0,8,37,1,46,24,2,26,72
02/10/2014,MOD,CA,AWP,WE,Federal Contract Tower,0,17,30,0,47,0,6,16,2,24,0,23,46,2,71,2,0,2,73
02/11/2014,MOD,CA,AWP,WE,Federal Contract Tower,0,13,19,0,32,0,8,25,0,33,0,21,44,0,65,2,0,2,67
02/12/2014,MOD,CA,AWP,WE,Federal Contract Tower,0,12,42,0,54,0,26,44,0,70,0,38,86,0,124,44,0,44,168
02/13/2014,MOD,CA,AWP,WE,Federal Contract Tower,0,15,18,0,33,0,28,39,0,67,0,43,57,0,100,30,0,30,130
02/14/2014,MOD,CA,AWP,WE,Federal Contract Tower,0,23,36,0,59,0,24,24,0,48,0,47,60,0,107,46,0,46,153
02/15/2014,MOD,CA,AWP,WE,Federal Contract Tower,0,4,13,0,17,0,24,45,0,69,0,28,58,0,86,22,0,22,108
02/16/2014,MOD,CA,AWP,WE,Federal Contract Tower,0,11,35,0,46,0,19,45,0,64,0,30,80,0,110,44,0,44,154
02/17/2014,MOD,CA,AWP,WE,Federal Contract Tower,0,6,30,0,36,0,16,40,0,56,0,22,70,0,92,36,0,36,128
02/18/2014,MOD,CA,AWP,WE,Federal Contract Tower,0,6,35,4,45,0,29,39,0,68,0,35,74,4,113,46,0,46,159
02/19/2014,MOD,CA,AWP,WE,Federal Contract Tower,0,15,23,4,42,0,47,38,0,85,0,62,61,4,127,22,0,22,149
02/20/2014,MOD,CA,AWP,WE,Federal Contract Tower,7,41,0,0,48,0,23,55,0,78,7,64,55,0,126,46,0,46,172
02/21/2014,MOD,CA,AWP,WE,Federal Contract Tower,3,12,11,0,26,0,26,55,0,81,3,38,66,0,107,34,0,34,141
02/22/2014,MOD,CA,AWP,WE,Federal Contract Tower,0,6,31,0,37,0,27,62,0,89,0,33,93,0,126,88,0,88,214
02/23/2014,MOD,CA,AWP,WE,Federal Contract Tower,2,6,32,0,40,0,14,74,3,91,2,20,106,3,131,26,0,26,157
02/24/2014,MOD,CA,AWP,WE,Federal Contract Tower,0,12,38,0,50,0,8,46,0,54,0,20,84,0,104,24,0,24,128
02/25/2014,MOD,CA,AWP,WE,Federal Contract Tower,0,7,22,0,29,0,11,65,0,76,0,18,87,0,105,6,0,6,111
02/26/2014,MOD,CA,AWP,WE,Federal Contract Tower,0,8,12,0,20,0,6,16,0,22,0,14,28,0,42,12,0,12,54
02/27/2014,MOD,CA,AWP,WE,Federal Contract Tower,2,9,10,0,21,0,32,33,0,65,2,41,43,0,86,2,0,2,88
02/28/2014,MOD,CA,AWP,WE,Federal Contract Tower,0,15,9,0,24,0,21,9,0,30,0,36,18,0,54,0,0,0,54
03/01/2014,MOD,CA,AWP,WE,Federal Contract Tower,0,8,1,0,9,0,7,5,0,12,0,15,6,0,21,8,0,8,29
03/02/2014,MOD,CA,AWP,WE,Federal Contract Tower,0,10,12,0,22,0,7,9,0,16,0,17,21,0,38,4,0,4,42
03/03/2014,MOD,CA,AWP,WE,Federal Contract Tower,0,9,28,0,37,0,10,12,0,22,0,19,40,0,59,10,0,10,69
03/04/2014,MOD,CA,AWP,WE,Federal Contract Tower,0,11,55,0,66,0,13,28,0,41,0,24,83,0,107,22,0,22,129
03/05/2014,MOD,CA,AWP,WE,Federal Contract Tower,0,6,27,0,33,0,25,30,0,55,0,31,57,0,88,8,0,8,96
03/06/2014,MOD,CA,AWP,WE,Federal Contract Tower,0,9,11,0,20,0,20,20,0,40,0,29,31,0,60,28,0,28,88
03/07/2014,MOD,CA,AWP,WE,Federal Contract Tower,0,10,14,0,24,0,34,36,0,70,0,44,50,0,94,48,0,48,142
03/08/2014,MOD,CA,AWP,WE,Federal Contract Tower,0,5,21,0,26,0,15,139,0,154,0,20,160,0,180,36,0,36,216
03/09/2014,MOD,CA,AWP,WE,Federal Contract Tower,0,8,26,0,34,0,11,35,2,48,0,19,61,2,82,22,0,22,104
03/10/2014,MOD,CA,AWP,WE,Federal Contract Tower,0,8,23,0,31,0,16,23,0,39,0,24,46,0,70,20,0,20,90
03/11/2014,MOD,CA,AWP,WE,Federal Contract Tower,0,6,25,0,31,0,24,44,0,68,0,30,69,0,99,24,0,24,123
03/12/2014,MOD,CA,AWP,WE,Federal Contract Tower,0,11,21,2,34,0,32,58,0,90,0,43,79,2,124,22,0,22,146
03/13/2014,MOD,CA,AWP,WE,Federal Contract Tower,0,13,32,0,45,0,31,65,0,96,0,44,97,0,141,98,0,98,239
03/14/2014,MOD,CA,AWP,WE,Federal Contract Tower,0,10,30,0,40,0,34,60,0,94,0,44,90,0,134,66,0,66,200
03/15/2014,MOD,CA,AWP,WE,Federal Contract Tower,0,6,17,0,23,0,20,91,0,111,0,26,108,0,134,78,0,78,212
03/16/2014,MOD,CA,AWP,WE,Federal Contract Tower,0,4,9,0,13,0,12,42,0,54,0,16,51,0,67,32,0,32,99
03/17/2014,MOD,CA,AWP,WE,Federal Contract Tower,0,8,12,0,20,0,8,45,0,53,0,16,57,0,73,18,0,18,91
03/18/2014,MOD,CA,AWP,WE,Federal Contract Tower,0,7,55,0,62,0,15,55,2,72,0,22,110,2,134,22,0,22,156
03/19/2014,MOD,CA,AWP,WE,Federal Contract Tower,0,11,55,0,66,0,23,89,0,112,0,34,144,0,178,58,0,58,236
03/20/2014,MOD,CA,AWP,WE,Federal Contract Tower,0,15,22,0,37,0,38,61,0,99,0,53,83,0,136,100,0,100,236
03/21/2014,MOD,CA,AWP,WE,Federal Contract Tower,0,10,16,0,26,0,34,59,0,93,0,44,75,0,119,48,0,48,167
03/22/2014,MOD,CA,AWP,WE,Federal Contract Tower,0,5,8,0,13,0,23,83,0,106,0,28,91,0,119,20,0,20,139
03/23/2014,MOD,CA,AWP,WE,Federal Contract Tower,0,5,27,0,32,0,15,53,0,68,0,20,80,0,100,32,0,32,132
03/24/2014,MOD,CA,AWP,WE,Federal Contract Tower,0,8,19,0,27,0,54,49,0,103,0,62,68,0,130,2,0,2,132
03/25/2014,MOD,CA,AWP,WE,Federal Contract Tower,0,10,35,0,45,0,18,42,0,60,0,28,77,0,105,30,0,30,135
03/26/2014,MOD,CA,AWP,WE,Federal Contract Tower,0,23,17,0,40,0,18,6,0,24,0,41,23,0,64,0,0,0,64
03/27/2014,MOD,CA,AWP,WE,Federal Contract Tower,0,11,28,2,41,0,30,28,0,58,0,41,56,2,99,38,4,42,141
03/28/2014,MOD,CA,AWP,WE,Federal Contract Tower,0,11,13,0,24,0,32,65,0,97,0,43,78,0,121,76,0,76,197
03/29/2014,MOD,CA,AWP,WE,Federal Contract Tower,0,8,11,0,19,0,5,19,0,24,0,13,30,0,43,8,0,8,51
03/30/2014,MOD,CA,AWP,WE,Federal Contract Tower,0,5,22,0,27,0,12,32,0,44,0,17,54,0,71,10,0,10,81
03/31/2014,MOD,CA,AWP,WE,Federal Contract Tower,0,5,15,0,20,0,19,32,0,51,0,24,47,0,71,4,0,4,75
04/01/2014,MOD,CA,AWP,WE,Federal Contract Tower,0,9,24,0,33,0,14,14,0,28,0,23,38,0,61,14,0,14,75
04/02/2014,MOD,CA,AWP,WE,Federal Contract Tower,0,10,16,0,26,0,25,32,0,57,0,35,48,0,83,40,2,42,125
04/03/2014,MOD,CA,AWP,WE,Federal Contract Tower,0,15,12,0,27,0,35,54,0,89,0,50,66,0,116,36,0,36,152
04/04/2014,MOD,CA,AWP,WE,Federal Contract Tower,0,13,29,0,42,0,13,25,0,38,0,26,54,0,80,72,0,72,152
04/05/2014,MOD,CA,AWP,WE,Federal Contract Tower,0,12,15,0,27,0,15,50,0,65,0,27,65,0,92,70,0,70,162
04/06/2014,MOD,CA,AWP,WE,Federal Contract Tower,0,12,17,0,29,0,11,45,0,56,0,23,62,0,85,12,0,12,97
04/07/2014,MOD,CA,AWP,WE,Federal Contract Tower,0,17,15,0,32,0,20,54,0,74,0,37,69,0,106,16,0,16,122
04/08/2014,MOD,CA,AWP,WE,Federal Contract Tower,0,5,24,0,29,0,24,74,0,98,0,29,98,0,127,16,0,16,143
04/09/2014,MOD,CA,AWP,WE,Federal Contract Tower,0,10,34,0,44,0,31,52,0,83,0,41,86,0,127,50,0,50,177
04/10/2014,MOD,CA,AWP,WE,Federal Contract Tower,0,15,13,0,28,0,39,39,0,78,0,54,52,0,106,38,0,38,144
04/11/2014,MOD,CA,AWP,WE,Federal Contract Tower,0,14,22,0,36,0,36,65,0,101,0,50,87,0,137,38,0,38,175
04/12/2014,MOD,CA,AWP,WE,Federal Contract Tower,0,11,20,0,31,0,28,119,0,147,0,39,139,0,178,70,0,70,248
04/13/2014,MOD,CA,AWP,WE,Federal Contract Tower,0,17,16,0,33,0,30,39,0,69,0,47,55,0,102,14,0,14,116
04/14/2014,MOD,CA,AWP,WE,Federal Contract Tower,0,13,9,0,22,0,29,36,0,65,0,42,45,0,87,42,0,42,129
04/15/2014,MOD,CA,AWP,WE,Federal Contract Tower,0,9,16,0,25,0,32,73,0,105,0,41,89,0,130,20,0,20,150
04/16/2014,MOD,CA,AWP,WE,Federal Contract Tower,0,8,31,0,39,0,15,54,0,69,0,23,85,0,108,39,0,39,147
04/17/2014,MOD,CA,AWP,WE,Federal Contract Tower,0,12,10,0,22,0,32,40,0,72,0,44,50,0,94,16,0,16,110
04/18/2014,MOD,CA,AWP,WE,Federal Contract Tower,0,13,16,0,29,0,21,43,0,64,0,34,59,0,93,42,0,42,135
04/19/2014,MOD,CA,AWP,WE,Federal Contract Tower,0,9,3,0,12,0,19,65,0,84,0,28,68,0,96,26,0,26,122
04/20/2014,MOD,CA,AWP,WE,Federal Contract Tower,0,7,18,0,25,0,20,43,2,65,0,27,61,2,90,6,0,6,96
04/21/2014,MOD,CA,AWP,WE,Federal Contract Tower,0,5,18,0,23,0,20,31,0,51,0,25,49,0,74,8,0,8,82
04/22/2014,MOD,CA,AWP,WE,Federal Contract Tower,0,10,7,0,17,0,23,33,0,56,0,33,40,0,73,10,0,10,83
04/23/2014,MOD,CA,AWP,WE,Federal Contract Tower,0,9,14,0,23,0,29,41,0,70,0,38,55,0,93,2,0,2,95
04/24/2014,MOD,CA,AWP,WE,Federal Contract Tower,0,11,23,0,34,0,38,43,2,83,0,49,66,2,117,28,0,28,145
04/25/2014,MOD,CA,AWP,WE,Federal Contract Tower,0,20,11,0,31,0,31,4,0,35,0,51,15,0,66,4,0,4,70
04/26/2014,MOD,CA,AWP,WE,Federal Contract Tower,0,10,6,0,16,0,13,53,0,66,0,23,59,0,82,26,0,26,108
04/27/2014,MOD,CA,AWP,WE,Federal Contract Tower,0,8,16,0,24,0,9,41,0,50,0,17,57,0,74,26,0,26,100
04/28/2014,MOD,CA,AWP,WE,Federal Contract Tower,0,6,13,0,19,0,20,45,0,65,0,26,58,0,84,10,0,10,94
04/29/2014,MOD,CA,AWP,WE,Federal Contract Tower,0,12,13,0,25,0,28,77,0,105,0,40,90,0,130,32,0,32,162
04/30/2014,MOD,CA,AWP,WE,Federal Contract Tower,0,13,16,4,33,0,24,68,0,92,0,37,84,4,125,30,18,48,173
05/01/2014,MOD,CA,AWP,WE,Federal Contract Tower,0,16,10,0,26,0,39,47,0,86,0,55,57,0,112,10,0,10,122
05/02/2014,MOD,CA,AWP,WE,Federal Contract Tower,0,18,6,0,24,0,39,50,0,89,0,57,56,0,113,12,0,12,125
05/03/2014,MOD,CA,AWP,WE,Federal Contract Tower,0,9,25,0,34,0,29,57,0,86,0,38,82,0,120,20,0,20,140
05/04/2014,MOD,CA,AWP,WE,Federal Contract Tower,0,14,15,0,29,0,18,59,0,77,0,32,74,0,106,20,0,20,126
05/05/2014,MOD,CA,AWP,WE,Federal Contract Tower,0,8,2,0,10,0,22,42,0,64,0,30,44,0,74,12,0,12,86
05/06/2014,MOD,CA,AWP,WE,Federal Contract Tower,0,11,5,0,16,0,21,32,0,53,0,32,37,0,69,10,0,10,79
05/07/2014,MOD,CA,AWP,WE,Federal Contract Tower,0,10,13,2,25,0,19,61,0,80,0,29,74,2,105,26,0,26,131
05/08/2014,MOD,CA,AWP,WE,Federal Contract Tower,0,10,26,0,36,0,15,45,0,60,0,25,71,0,96,28,0,28,124
05/09/2014,MOD,CA,AWP,WE,Federal Contract Tower,0,7,11,0,18,0,34,48,0,82,0,41,59,0,100,6,0,6,106
05/10/2014,MOD,CA,AWP,WE,Federal Contract Tower,0,4,3,0,7,0,18,106,0,124,0,22,109,0,131,18,0,18,149
05/11/2014,MOD,CA,AWP,WE,Federal Contract Tower,0,4,14,0,18,0,24,28,0,52,0,28,42,0,70,14,0,14,84
05/12/2014,MOD,CA,AWP,WE,Federal Contract Tower,0,9,5,0,14,0,19,65,0,84,0,28,70,0,98,48,0,48,146
05/13/2014,MOD,CA,AWP,WE,Federal Contract Tower,0,11,16,0,27,0,15,53,0,68,0,26,69,0,95,12,0,12,107
05/14/2014,MOD,CA,AWP,WE,Federal Contract Tower,0,6,24,2,32,0,21,53,0,74,0,27,77,2,106,12,0,12,118
05/15/2014,MOD,CA,AWP,WE,Federal Contract Tower,0,13,16,0,29,0,19,54,0,73,0,32,70,0,102,46,0,46,148
05/16/2014,MOD,CA,AWP,WE,Federal Contract Tower,0,19,6,0,25,0,44,36,0,80,0,63,42,0,105,8,0,8,113
05/17/2014,MOD,CA,AWP,WE,Federal Contract Tower,0,3,7,0,10,0,21,61,0,82,0,24,68,0,92,20,0,20,112
05/18/2014,MOD,CA,AWP,WE,Federal Contract Tower,0,11,21,0,32,0,7,44,0,51,0,18,65,0,83,36,0,36,119
05/19/2014,MOD,CA,AWP,WE,Federal Contract Tower,2,8,15,0,25,0,18,36,0,54,2,26,51,0,79,4,0,4,83
05/20/2014,MOD,CA,AWP,WE,Federal Contract Tower,0,11,16,0,27,0,21,46,0,67,0,32,62,0,94,12,0,12,106
05/21/2014,MOD,CA,AWP,WE,Federal Contract Tower,0,10,34,0,44,0,26,47,0,73,0,36,81,0,117,26,0,26,143
05/22/2014,MOD,CA,AWP,WE,Federal Contract Tower,0,16,19,0,35,0,24,36,0,60,0,40,55,0,95,40,0,40,135
05/23/2014,MOD,CA,AWP,WE,Federal Contract Tower,2,11,27,0,40,0,40,24,0,64,2,51,51,0,104,20,0,20,124
05/24/2014,MOD,CA,AWP,WE,Federal Contract Tower,0,10,16,0,26,0,35,65,0,100,0,45,81,0,126,10,0,10,136
05/25/2014,MOD,CA,AWP,WE,Federal Contract Tower,0,6,10,0,16,0,20,65,0,85,0,26,75,0,101,40,0,40,141
05/26/2014,MOD,CA,AWP,WE,Federal Contract Tower,0,3,14,0,17,0,16,53,0,69,0,19,67,0,86,10,0,10,96
05/27/2014,MOD,CA,AWP,WE,Federal Contract Tower,0,11,22,0,33,0,14,38,2,54,0,25,60,2,87,8,0,8,95
05/28/2014,MOD,CA,AWP,WE,Federal Contract Tower,0,9,8,0,17,0,28,29,0,57,0,37,37,0,74,2,0,2,76
05/29/2014,MOD,CA,AWP,WE,Federal Contract Tower,0,7,28,0,35,0,17,30,0,47,0,24,58,0,82,16,0,16,98
05/30/2014,MOD,CA,AWP,WE,Federal Contract Tower,0,7,17,0,24,0,35,40,0,75,0,42,57,0,99,48,0,48,147
05/31/2014,MOD,CA,AWP,WE,Federal Contract Tower,0,10,11,0,21,0,16,68,0,84,0,26,79,0,105,72,0,72,177
06/01/2014,MOD,CA,AWP,WE,Federal Contract Tower,0,5,11,0,16,0,11,48,0,59,0,16,59,0,75,22,0,22,97
06/02/2014,MOD,CA,AWP,WE,Federal Contract Tower,0,11,13,0,24,0,27,61,0,88,0,38,74,0,112,34,0,34,146
06/03/2014,MOD,CA,AWP,WE,Federal Contract Tower,0,10,18,0,28,0,35,68,0,103,0,45,86,0,131,40,0,40,171
06/04/2014,MOD,CA,AWP,WE,Federal Contract Tower,0,19,14,0,33,0,87,77,0,164,0,106,91,0,197,66,0,66,263
06/05/2014,MOD,CA,AWP,WE,Federal Contract Tower,0,9,7,0,16,0,36,51,0,87,0,45,58,0,103,20,0,20,123
06/06/2014,MOD,CA,AWP,WE,Federal Contract Tower,0,12,9,0,21,0,24,37,0,61,0,36,46,0,82,32,0,32,114
06/07/2014,MOD,CA,AWP,WE,Federal Contract Tower,0,4,10,0,14,0,28,65,0,93,0,32,75,0,107,26,0,26,133
06/08/2014,MOD,CA,AWP,WE,Federal Contract Tower,0,6,11,0,17,0,32,54,0,86,0,38,65,0,103,26,0,26,129
06/09/2014,MOD,CA,AWP,WE,Federal Contract Tower,0,1,12,0,13,0,12,35,0,47,0,13,47,0,60,10,0,10,70
06/10/2014,MOD,CA,AWP,WE,Federal Contract Tower,0,13,10,0,23,0,24,56,0,80,0,37,66,0,103,24,0,24,127
06/11/2014,MOD,CA,AWP,WE,Federal Contract Tower,0,6,9,0,15,0,18,43,0,61,0,24,52,0,76,2,0,2,78
06/12/2014,MOD,CA,AWP,WE,Federal Contract Tower,0,9,21,0,30,0,28,45,0,73,0,37,66,0,103,64,0,64,167
06/13/2014,MOD,CA,AWP,WE,Federal Contract Tower,0,10,6,0,16,0,21,55,0,76,0,31,61,0,92,34,0,34,126
06/14/2014,MOD,CA,AWP,WE,Federal Contract Tower,0,4,7,0,11,0,29,120,0,149,0,33,127,0,160,16,0,16,176
06/15/2014,MOD,CA,AWP,WE,Federal Contract Tower,0,5,27,0,32,0,10,41,0,51,0,15,68,0,83,16,0,16,99
06/16/2014,MOD,CA,AWP,WE,Federal Contract Tower,0,8,4,0,12,0,26,39,0,65,0,34,43,0,77,12,0,12,89
06/17/2014,MOD,CA,AWP,WE,Federal Contract Tower,0,5,14,0,19,0,20,36,0,56,0,25,50,0,75,16,0,16,91
06/18/2014,MOD,CA,AWP,WE,Federal Contract Tower,0,2,17,0,19,0,32,67,0,99,0,34,84,0,118,20,0,20,138
06/19/2014,MOD,CA,AWP,WE,Federal Contract Tower,0,6,11,0,17,0,64,66,0,130,0,70,77,0,147,28,0,28,175
06/20/2014,MOD,CA,AWP,WE,Federal Contract Tower,0,10,12,0,22,0,50,54,0,104,0,60,66,0,126,64,0,64,190
06/21/2014,MOD,CA,AWP,WE,Federal Contract Tower,0,2,7,0,9,0,23,62,0,85,0,25,69,0,94,36,0,36,130
06/22/2014,MOD,CA,AWP,WE,Federal Contract Tower,0,3,20,0,23,0,23,68,0,91,0,26,88,0,114,100,0,100,214
06/23/2014,MOD,CA,AWP,WE,Federal Contract Tower,0,10,11,0,21,0,17,37,0,54,0,27,48,0,75,16,0,16,91
06/24/2014,MOD,CA,AWP,WE,Federal Contract Tower,0,2,23,0,25,0,20,69,2,91,0,22,92,2,116,32,0,32,148
06/25/2014,MOD,CA,AWP,WE,Federal Contract Tower,0,6,35,0,41,0,30,33,0,63,0,36,68,0,104,42,0,42,146
06/26/2014,MOD,CA,AWP,WE,Federal Contract Tower,0,9,23,0,32,0,25,33,0,58,0,34,56,0,90,56,0,56,146
06/27/2014,MOD,CA,AWP,WE,Federal Contract Tower,0,11,17,0,28,0,39,58,0,97,0,50,75,0,125,16,0,16,141
06/28/2014,MOD,CA,AWP,WE,Federal Contract Tower,0,9,15,0,24,0,27,72,0,99,0,36,87,0,123,26,0,26,149
06/29/2014,MOD,CA,AWP,WE,Federal Contract Tower,0,3,20,0,23,0,16,43,0,59,0,19,63,0,82,22,0,22,104
06/30/2014,MOD,CA,AWP,WE,Federal Contract Tower,0,2,30,0,32,0,21,36,0,57,0,23,66,0,89,20,0,20,109
07/01/2014,MOD,CA,AWP,WE,Federal Contract Tower,0,5,14,0,19,0,19,36,0,55,0,24,50,0,74,78,0,78,152
07/02/2014,MOD,CA,AWP,WE,Federal Contract Tower,0,9,11,0,20,0,34,47,0,81,0,43,58,0,101,22,0,22,123
07/03/2014,MOD,CA,AWP,WE,Federal Contract Tower,0,3,6,0,9,0,27,37,0,64,0,30,43,0,73,14,0,14,87
07/04/2014,MOD,CA,AWP,WE,Federal Contract Tower,0,0,6,0,6,0,1,49,0,50,0,1,55,0,56,52,0,52,108
07/05/2014,MOD,CA,AWP,WE,Federal Contract Tower,0,0,15,0,15,0,25,51,0,76,0,25,66,0,91,28,0,28,119
07/06/2014,MOD,CA,AWP,WE,Federal Contract Tower,0,0,11,0,11,0,16,38,0,54,0,16,49,0,65,14,0,14,79
07/07/2014,MOD,CA,AWP,WE,Federal Contract Tower,0,7,11,0,18,0,11,34,0,45,0,18,45,0,63,14,0,14,77
07/08/2014,MOD,CA,AWP,WE,Federal Contract Tower,0,3,6,0,9,0,15,35,0,50,0,18,41,0,59,16,0,16,75
07/09/2014,MOD,CA,AWP,WE,Federal Contract Tower,0,8,19,0,27,0,37,56,0,93,0,45,75,0,120,28,0,28,148
07/10/2014,MOD,CA,AWP,WE,Federal Contract Tower,0,8,6,0,14,0,23,31,0,54,0,31,37,0,68,20,0,20,88
07/11/2014,MOD,CA,AWP,WE,Federal Contract Tower,0,1,16,0,17,0,21,37,0,58,0,22,53,0,75,32,0,32,107
07/12/2014,MOD,CA,AWP,WE,Federal Contract Tower,0,3,10,0,13,0,25,103,0,128,0,28,113,0,141,34,0,34,175
07/13/2014,MOD,CA,AWP,WE,Federal Contract Tower,0,4,7,0,11,0,10,55,0,65,0,14,62,0,76,20,0,20,96
07/14/2014,MOD,CA,AWP,WE,Federal Contract Tower,0,4,9,0,13,0,16,43,0,59,0,20,52,0,72,0,0,0,72
07/15/2014,MOD,CA,AWP,WE,Federal Contract Tower,0,0,15,0,15,0,24,63,0,87,0,24,78,0,102,2,0,2,104
07/16/2014,MOD,CA,AWP,WE,Federal Contract Tower,0,7,12,0,19,0,33,43,0,76,0,40,55,0,95,18,0,18,113
07/17/2014,MOD,CA,AWP,WE,Federal Contract Tower,0,8,9,0,17,0,40,55,0,95,0,48,64,0,112,28,0,28,140
07/18/2014,MOD,CA,AWP,WE,Federal Contract Tower,0,7,6,0,13,0,33,53,0,86,0,40,59,0,99,28,0,28,127
07/19/2014,MOD,CA,AWP,WE,Federal Contract Tower,0,2,4,0,6,0,23,74,0,97,0,25,78,0,103,28,0,28,131
07/20/2014,MOD,CA,AWP,WE,Federal Contract Tower,0,0,7,0,7,0,6,39,0,45,0,6,46,0,52,22,0,22,74
07/21/2014,MOD,CA,AWP,WE,Federal Contract Tower,0,11,19,0,30,0,9,50,0,59,0,20,69,0,89,16,0,16,105
07/22/2014,MOD,CA,AWP,WE,Federal Contract Tower,0,2,16,0,18,0,15,48,0,63,0,17,64,0,81,22,0,22,103
07/23/2014,MOD,CA,AWP,WE,Federal Contract Tower,0,5,11,0,16,0,24,33,0,57,0,29,44,0,73,4,0,4,77
07/24/2014,MOD,CA,AWP,WE,Federal Contract Tower,0,9,21,0,30,0,31,28,0,59,0,40,49,0,89,26,0,26,115
07/25/2014,MOD,CA,AWP,WE,Federal Contract Tower,0,3,6,0,9,0,20,40,0,60,0,23,46,0,69,42,0,42,111
07/26/2014,MOD,CA,AWP,WE,Federal Contract Tower,0,5,25,0,30,0,21,65,0,86,0,26,90,0,116,38,0,38,154
07/27/2014,MOD,CA,AWP,WE,Federal Contract Tower,0,3,3,0,6,0,13,44,0,57,0,16,47,0,63,32,0,32,95
07/28/2014,MOD,CA,AWP,WE,Federal Contract Tower,0,2,4,0,6,0,20,41,0,61,0,22,45,0,67,14,0,14,81
07/29/2014,MOD,CA,AWP,WE,Federal Contract Tower,0,4,11,0,15,0,12,48,0,60,0,16,59,0,75,4,0,4,79
07/30/2014,MOD,CA,AWP,WE,Federal Contract Tower,0,4,6,0,10,0,21,32,0,53,0,25,38,0,63,0,0,0,63
07/31/2014,MOD,CA,AWP,WE,Federal Contract Tower,0,7,17,0,24,0,35,51,1,87,0,42,68,1,111,19,0,19,130
08/01/2014,MOD,CA,AWP,WE,Federal Contract Tower,0,4,20,4,28,0,41,54,1,96,0,45,74,5,124,46,2,48,172
08/02/2014,MOD,CA,AWP,WE,Federal Contract Tower,0,3,4,0,7,0,29,58,0,87,0,32,62,0,94,34,0,34,128
08/03/2014,MOD,CA,AWP,WE,Federal Contract Tower,0,4,10,0,14,0,19,50,0,69,0,23,60,0,83,34,0,34,117
08/04/2014,MOD,CA,AWP,WE,Federal Contract Tower,0,9,12,0,21,0,14,38,0,52,0,23,50,0,73,2,0,2,75
08/05/2014,MOD,CA,AWP,WE,Federal Contract Tower,0,6,13,0,19,0,22,35,0,57,0,28,48,0,76,8,0,8,84
08/06/2014,MOD,CA,AWP,WE,Federal Contract Tower,0,6,7,0,13,0,29,28,0,57,0,35,35,0,70,34,0,34,104
08/07/2014,MOD,CA,AWP,WE,Federal Contract Tower,0,10,5,0,15,0,39,41,0,80,0,49,46,0,95,24,0,24,119
08/08/2014,MOD,CA,AWP,WE,Federal Contract Tower,0,4,5,0,9,0,23,40,0,63,0,27,45,0,72,30,0,30,102
08/09/2014,MOD,CA,AWP,WE,Federal Contract Tower,0,4,14,0,18,0,18,124,0,142,0,22,138,0,160,42,0,42,202
08/10/2014,MOD,CA,AWP,WE,Federal Contract Tower,0,6,11,0,17,0,19,36,0,55,0,25,47,0,72,44,0,44,116
08/11/2014,MOD,CA,AWP,WE,Federal Contract Tower,0,5,9,0,14,0,13,34,0,47,0,18,43,0,61,16,0,16,77
08/12/2014,MOD,CA,AWP,WE,Federal Contract Tower,0,8,18,0,26,0,26,72,0,98,0,34,90,0,124,32,0,32,156
08/13/2014,MOD,CA,AWP,WE,Federal Contract Tower,0,4,7,0,11,0,25,36,0,61,0,29,43,0,72,24,0,24,96
08/14/2014,MOD,CA,AWP,WE,Federal Contract Tower,0,5,6,0,11,0,22,44,0,66,0,27,50,0,77,30,0,30,107
08/15/2014,MOD,CA,AWP,WE,Federal Contract Tower,0,4,3,0,7,0,30,26,0,56,0,34,29,0,63,66,0,66,129
08/16/2014,MOD,CA,AWP,WE,Federal Contract Tower,0,4,11,0,15,0,11,59,0,70,0,15,70,0,85,68,0,68,153
08/17/2014,MOD,CA,AWP,WE,Federal Contract Tower,0,2,12,0,14,0,26,33,0,59,0,28,45,0,73,34,0,34,107
08/18/2014,MOD,CA,AWP,WE,Federal Contract Tower,0,0,13,0,13,0,23,49,0,72,0,23,62,0,85,10,0,10,95
08/19/2014,MOD,CA,AWP,WE,Federal Contract Tower,0,4,10,0,14,0,21,42,0,63,0,25,52,0,77,46,0,46,123
08/20/2014,MOD,CA,AWP,WE,Federal Contract Tower,0,2,13,0,15,0,19,45,0,64,0,21,58,0,79,30,0,30,109
08/21/2014,MOD,CA,AWP,WE,Federal Contract Tower,0,5,6,0,11,0,12,48,0,60,0,17,54,0,71,42,0,42,113
08/22/2014,MOD,CA,AWP,WE,Federal Contract Tower,0,5,14,0,19,0,33,49,0,82,0,38,63,0,101,64,0,64,165
08/23/2014,MOD,CA,AWP,WE,Federal Contract Tower,0,6,12,0,18,0,30,72,0,102,0,36,84,0,120,26,0,26,146
08/24/2014,MOD,CA,AWP,WE,Federal Contract Tower,0,1,12,0,13,0,10,50,0,60,0,11,62,0,73,12,0,12,85
08/25/2014,MOD,CA,AWP,WE,Federal Contract Tower,0,7,8,0,15,0,21,32,0,53,0,28,40,0,68,26,0,26,94
08/26/2014,MOD,CA,AWP,WE,Federal Contract Tower,0,3,17,0,20,0,19,43,0,62,0,22,60,0,82,36,0,36,118
08/27/2014,MOD,CA,AWP,WE,Federal Contract Tower,0,2,17,0,19,0,30,64,0,94,0,32,81,0,113,94,0,94,207
08/28/2014,MOD,CA,AWP,WE,Federal Contract Tower,0,7,33,0,40,0,36,65,0,101,0,43,98,0,141,66,0,66,207
08/29/2014,MOD,CA,AWP,WE,Federal Contract Tower,0,10,14,0,24,0,25,45,0,70,0,35,59,0,94,26,0,26,120
08/30/2014,MOD,CA,AWP,WE,Federal Contract Tower,0,0,0,0,0,0,29,70,0,99,0,29,70,0,99,68,0,68,167
08/31/2014,MOD,CA,AWP,WE,Federal Contract Tower,0,5,7,0,12,0,35,32,0,67,0,40,39,0,79,96,0,96,175
09/01/2014,MOD,CA,AWP,WE,Federal Contract Tower,0,7,4,0,11,0,26,61,0,87,0,33,65,0,98,36,0,36,134
09/02/2014,MOD,CA,AWP,WE,Federal Contract Tower,0,2,10,0,12,0,38,36,0,74,0,40,46,0,86,48,0,48,134
09/03/2014,MOD,CA,AWP,WE,Federal Contract Tower,0,8,16,0,24,0,26,38,0,64,0,34,54,0,88,14,0,14,102
09/04/2014,MOD,CA,AWP,WE,Federal Contract Tower,0,6,10,4,20,0,27,38,0,65,0,33,48,4,85,66,6,72,157
09/05/2014,MOD,CA,AWP,WE,Federal Contract Tower,0,13,6,0,19,0,22,48,0,70,0,35,54,0,89,114,0,114,203
09/06/2014,MOD,CA,AWP,WE,Federal Contract Tower,0,6,7,0,13,0,25,62,0,87,0,31,69,0,100,108,0,108,208
09/07/2014,MOD,CA,AWP,WE,Federal Contract Tower,0,5,4,0,9,0,10,59,0,69,0,15,63,0,78,16,0,16,94
09/08/2014,MOD,CA,AWP,WE,Federal Contract Tower,0,2,32,0,34,0,9,45,0,54,0,11,77,0,88,16,0,16,104
09/09/2014,MOD,CA,AWP,WE,Federal Contract Tower,0,5,29,0,34,0,15,57,0,72,0,20,86,0,106,22,0,22,128
09/10/2014,MOD,CA,AWP,WE,Federal Contract Tower,0,2,9,0,11,0,30,54,0,84,0,32,63,0,95,22,0,22,117
09/11/2014,MOD,CA,AWP,WE,Federal Contract Tower,0,4,7,0,11,0,34,33,0,67,0,38,40,0,78,60,0,60,138
09/12/2014,MOD,CA,AWP,WE,Federal Contract Tower,0,9,21,0,30,0,27,55,0,82,0,36,76,0,112,62,0,62,174
09/13/2014,MOD,CA,AWP,WE,Federal Contract Tower,0,5,16,0,21,0,21,88,0,109,0,26,104,0,130,52,0,52,182
09/14/2014,MOD,CA,AWP,WE,Federal Contract Tower,0,3,8,0,11,0,17,53,0,70,0,20,61,0,81,24,0,24,105
09/15/2014,MOD,CA,AWP,WE,Federal Contract Tower,0,5,10,0,15,0,18,41,0,59,0,23,51,0,74,20,0,20,94
09/16/2014,MOD,CA,AWP,WE,Federal Contract Tower,0,4,21,0,25,0,7,53,0,60,0,11,74,0,85,32,0,32,117
09/17/2014,MOD,CA,AWP,WE,Federal Contract Tower,0,2,19,11,32,0,25,42,0,67,0,27,61,11,99,38,24,62,161
09/18/2014,MOD,CA,AWP,WE,Federal Contract Tower,0,17,19,0,36,0,28,45,0,73,0,45,64,0,109,34,0,34,143
09/19/2014,MOD,CA,AWP,WE,Federal Contract Tower,0,9,13,0,22,0,22,47,0,69,0,31,60,0,91,56,0,56,147
09/20/2014,MOD,CA,AWP,WE,Federal Contract Tower,0,7,31,0,38,0,29,46,0,75,0,36,77,0,113,39,0,39,152
09/21/2014,MOD,CA,AWP,WE,Federal Contract Tower,0,3,17,0,20,0,15,47,0,62,0,18,64,0,82,14,0,14,96
09/22/2014,MOD,CA,AWP,WE,Federal Contract Tower,0,3,13,0,16,0,15,42,0,57,0,18,55,0,73,4,0,4,77
09/23/2014,MOD,CA,AWP,WE,Federal Contract Tower,0,6,11,0,17,0,18,41,0,59,0,24,52,0,76,72,0,72,148
09/24/2014,MOD,CA,AWP,WE,Federal Contract Tower,0,9,18,0,27,0,31,66,0,97,0,40,84,0,124,46,0,46,170
09/25/2014,MOD,CA,AWP,WE,Federal Contract Tower,0,16,22,1,39,0,22,30,0,52,0,38,52,1,91,32,0,32,123
09/26/2014,MOD,CA,AWP,WE,Federal Contract Tower,0,3,13,0,16,0,30,40,0,70,0,33,53,0,86,44,0,44,130
09/27/2014,MOD,CA,AWP,WE,Federal Contract Tower,0,2,23,0,25,0,17,51,0,68,0,19,74,0,93,36,0,36,129
09/28/2014,MOD,CA,AWP,WE,Federal Contract Tower,0,6,10,0,16,0,11,51,0,62,0,17,61,0,78,38,0,38,116
09/29/2014,MOD,CA,AWP,WE,Federal Contract Tower,0,10,22,0,32,0,14,42,0,56,0,24,64,0,88,16,0,16,104
09/30/2014,MOD,CA,AWP,WE,Federal Contract Tower,0,6,19,2,27,0,9,66,0,75,0,15,85,2,102,18,0,18,120
10/01/2014,MOD,CA,AWP,WE,Federal Contract Tower,0,4,37,2,43,0,30,40,0,70,0,34,77,2,113,50,0,50,163
10/02/2014,MOD,CA,AWP,WE,Federal Contract Tower,0,5,9,0,14,0,42,52,0,94,0,47,61,0,108,42,0,42,150
10/03/2014,MOD,CA,AWP,WE,Federal Contract Tower,0,10,10,0,20,0,61,46,0,107,0,71,56,0,127,38,0,38,165
10/04/2014,MOD,CA,AWP,WE,Federal Contract Tower,0,1,16,0,17,0,14,72,0,86,0,15,88,0,103,96,0,96,199
10/05/2014,MOD,CA,AWP,WE,Federal Contract Tower,0,0,8,0,8,0,14,40,0,54,0,14,48,0,62,10,0,10,72
10/06/2014,MOD,CA,AWP,WE,Federal Contract Tower,0,2,19,0,21,0,16,35,0,51,0,18,54,0,72,16,0,16,88
10/07/2014,MOD,CA,AWP,WE,Federal Contract Tower,0,3,17,2,22,0,17,57,0,74,0,20,74,2,96,18,0,18,114
10/08/2014,MOD,CA,AWP,WE,Federal Contract Tower,0,2,6,4,12,0,25,54,0,79,0,27,60,4,91,62,0,62,153
10/09/2014,MOD,CA,AWP,WE,Federal Contract Tower,0,2,14,0,16,0,25,40,0,65,0,27,54,0,81,20,0,20,101
10/10/2014,MOD,CA,AWP,WE,Federal Contract Tower,0,3,24,0,27,0,26,47,0,73,0,29,71,0,100,16,0,16,116
10/11/2014,MOD,CA,AWP,WE,Federal Contract Tower,0,4,27,0,31,0,25,100,0,125,0,29,127,0,156,66,0,66,222
10/12/2014,MOD,CA,AWP,WE,Federal Contract Tower,0,4,12,0,16,0,12,46,0,58,0,16,58,0,74,26,0,26,100
10/13/2014,MOD,CA,AWP,WE,Federal Contract Tower,0,5,14,0,19,0,15,70,0,85,0,20,84,0,104,24,0,24,128
10/14/2014,MOD,CA,AWP,WE,Federal Contract Tower,0,3,5,0,8,0,17,37,0,54,0,20,42,0,62,18,0,18,80
10/15/2014,MOD,CA,AWP,WE,Federal Contract Tower,0,12,20,0,32,0,19,30,0,49,0,31,50,0,81,68,0,68,149
10/16/2014,MOD,CA,AWP,WE,Federal Contract Tower,0,2,37,0,39,0,39,51,0,90,0,41,88,0,129,46,0,46,175
10/17/2014,MOD,CA,AWP,WE,Federal Contract Tower,0,12,26,2,40,0,28,36,0,64,0,40,62,2,104,52,0,52,156
10/18/2014,MOD,CA,AWP,WE,Federal Contract Tower,0,2,4,2,8,0,29,86,0,115,0,31,90,2,123,102,0,102,225
10/19/2014,MOD,CA,AWP,WE,Federal Contract Tower,0,4,11,0,15,0,14,77,0,91,0,18,88,0,106,18,0,18,124
10/20/2014,MOD,CA,AWP,WE,Federal Contract Tower,0,4,7,0,11,0,11,33,0,44,0,15,40,0,55,20,0,20,75
10/21/2014,MOD,CA,AWP,WE,Federal Contract Tower,0,2,15,0,17,0,25,47,0,72,0,27,62,0,89,26,0,26,115
10/22/2014,MOD,CA,AWP,WE,Federal Contract Tower,0,7,20,0,27,0,18,46,0,64,0,25,66,0,91,28,0,28,119
10/23/2014,MOD,CA,AWP,WE,Federal Contract Tower,0,8,5,0,13,0,25,42,0,67,0,33,47,0,80,46,0,46,126
10/24/2014,MOD,CA,AWP,WE,Federal Contract Tower,0,7,23,1,31,0,32,61,0,93,0,39,84,1,124,58,2,60,184
10/25/2014,MOD,CA,AWP,WE,Federal Contract Tower,0,2,15,0,17,0,17,17,0,34,0,19,32,0,51,28,0,28,79
10/26/2014,MOD,CA,AWP,WE,Federal Contract Tower,0,1,11,0,12,0,19,43,0,62,0,20,54,0,74,14,0,14,88
10/27/2014,MOD,CA,AWP,WE,Federal Contract Tower,0,5,18,0,23,0,28,48,0,76,0,33,66,0,99,16,0,16,115
10/28/2014,MOD,CA,AWP,WE,Federal Contract Tower,0,5,20,0,25,0,22,54,0,76,0,27,74,0,101,66,0,66,167
10/29/2014,MOD,CA,AWP,WE,Federal Contract Tower,0,4,14,0,18,0,25,55,0,80,0,29,69,0,98,16,0,16,114
10/30/2014,MOD,CA,AWP,WE,Federal Contract Tower,0,4,17,0,21,0,14,58,0,72,0,18,75,0,93,56,2,58,151
10/31/2014,MOD,CA,AWP,WE,Federal Contract Tower,0,15,11,0,26,0,11,16,0,27,0,26,27,0,53,6,0,6,59
11/01/2014,MOD,CA,AWP,WE,Federal Contract Tower,0,5,5,0,10,0,34,29,0,63,0,39,34,0,73,56,0,56,129
11/02/2014,MOD,CA,AWP,WE,Federal Contract Tower,0,4,10,0,14,0,7,48,0,55,0,11,58,0,69,10,0,10,79
11/03/2014,MOD,CA,AWP,WE,Federal Contract Tower,0,6,35,0,41,0,13,40,0,53,0,19,75,0,94,30,0,30,124
11/04/2014,MOD,CA,AWP,WE,Federal Contract Tower,0,5,11,0,16,2,15,64,0,81,2,20,75,0,97,46,0,46,143
11/05/2014,MOD,CA,AWP,WE,Federal Contract Tower,0,13,72,0,85,0,18,56,0,74,0,31,128,0,159,50,0,50,209
11/06/2014,MOD,CA,AWP,WE,Federal Contract Tower,0,18,45,0,63,0,32,40,0,72,0,50,85,0,135,70,0,70,205
11/07/2014,MOD,CA,AWP,WE,Federal Contract Tower,0,12,26,0,38,0,37,45,0,82,0,49,71,0,120,122,0,122,242
11/08/2014,MOD,CA,AWP,WE,Federal Contract Tower,0,10,13,1,24,0,25,94,1,120,0,35,107,2,144,54,2,56,200
11/09/2014,MOD,CA,AWP,WE,Federal Contract Tower,0,5,10,0,15,0,13,51,0,64,0,18,61,0,79,44,0,44,123
11/10/2014,MOD,CA,AWP,WE,Federal Contract Tower,0,7,36,0,43,0,7,46,0,53,0,14,82,0,96,22,0,22,118
11/11/2014,MOD,CA,AWP,WE,Federal Contract Tower,0,4,33,0,37,0,14,55,0,69,0,18,88,0,106,52,0,52,158
11/12/2014,MOD,CA,AWP,WE,Federal Contract Tower,0,10,27,1,38,0,20,52,4,76,0,30,79,5,114,56,0,56,170
11/13/2014,MOD,CA,AWP,WE,Federal Contract Tower,0,20,13,0,33,0,8,2,0,10,0,28,15,0,43,16,0,16,59
11/14/2014,MOD,CA,AWP,WE,Federal Contract Tower,0,4,11,1,16,0,28,62,0,90,0,32,73,1,106,34,2,36,142
11/15/2014,MOD,CA,AWP,WE,Federal Contract Tower,0,4,15,0,19,0,37,74,0,111,0,41,89,0,130,60,0,60,190
11/16/2014,MOD,CA,AWP,WE,Federal Contract Tower,0,2,16,0,18,0,20,67,0,87,0,22,83,0,105,56,0,56,161
11/17/2014,MOD,CA,AWP,WE,Federal Contract Tower,0,3,4,0,7,0,12,61,0,73,0,15,65,0,80,48,0,48,128
11/18/2014,MOD,CA,AWP,WE,Federal Contract Tower,0,4,25,0,29,0,12,36,0,48,0,16,61,0,77,24,0,24,101
11/19/2014,MOD,CA,AWP,WE,Federal Contract Tower,0,1,11,0,12,0,14,22,0,36,0,15,33,0,48,26,0,26,74
11/20/2014,MOD,CA,AWP,WE,Federal Contract Tower,0,12,30,0,42,0,8,3,0,11,0,20,33,0,53,0,0,0,53
11/21/2014,MOD,CA,AWP,WE,Federal Contract Tower,0,9,35,0,44,0,6,28,0,34,0,15,63,0,78,52,0,52,130
11/22/2014,MOD,CA,AWP,WE,Federal Contract Tower,0,26,14,0,40,0,14,8,0,22,0,40,22,0,62,18,0,18,80
11/23/2014,MOD,CA,AWP,WE,Federal Contract Tower,0,6,12,0,18,0,16,67,0,83,0,22,79,0,101,86,0,86,187
11/24/2014,MOD,CA,AWP,WE,Federal Contract Tower,0,9,25,0,34,0,8,68,0,76,0,17,93,0,110,44,0,44,154
11/25/2014,MOD,CA,AWP,WE,Federal Contract Tower,0,6,43,6,55,0,15,77,2,94,0,21,120,8,149,40,0,40,189
11/26/2014,MOD,CA,AWP,WE,Federal Contract Tower,0,9,15,0,24,0,27,60,0,87,0,36,75,0,111,100,0,100,211
11/27/2014,MOD,CA,AWP,WE,Federal Contract Tower,0,0,0,0,0,0,12,32,0,44,0,12,32,0,44,4,0,4,48
11/28/2014,MOD,CA,AWP,WE,Federal Contract Tower,0,5,5,0,10,0,14,36,0,50,0,19,41,0,60,8,0,8,68
11/29/2014,MOD,CA,AWP,WE,Federal Contract Tower,0,15,15,0,30,0,9,2,0,11,0,24,17,0,41,4,0,4,45
11/30/2014,MOD,CA,AWP,WE,Federal Contract Tower,0,12,16,0,28,0,3,9,0,12,0,15,25,0,40,8,0,8,48
12/01/2014,MOD,CA,AWP,WE,Federal Contract Tower,0,0,32,0,32,0,9,34,0,43,0,9,66,0,75,18,0,18,93
12/02/2014,MOD,CA,AWP,WE,Federal Contract Tower,0,9,9,0,18,0,4,3,0,7,0,13,12,0,25,0,0,0,25
12/03/2014,MOD,CA,AWP,WE,Federal Contract Tower,0,10,29,0,39,0,9,5,0,14,0,19,34,0,53,4,0,4,57
12/04/2014,MOD,CA,AWP,WE,Federal Contract Tower,0,21,23,0,44,0,33,28,0,61,0,54,51,0,105,64,0,64,169
12/05/2014,MOD,CA,AWP,WE,Federal Contract Tower,0,24,46,0,70,0,20,32,0,52,0,44,78,0,122,38,0,38,160
12/06/2014,MOD,CA,AWP,WE,Federal Contract Tower,0,5,9,0,14,0,17,68,0,85,0,22,77,0,99,68,0,68,167
12/07/2014,MOD,CA,AWP,WE,Federal Contract Tower,0,5,18,0,23,0,6,44,0,50,0,11,62,0,73,26,0,26,99
12/08/2014,MOD,CA,AWP,WE,Federal Contract Tower,0,14,24,0,38,0,8,14,0,22,0,22,38,0,60,2,0,2,62
12/09/2014,MOD,CA,AWP,WE,Federal Contract Tower,0,13,16,0,29,0,0,1,0,1,0,13,17,0,30,0,0,0,30
12/10/2014,MOD,CA,AWP,WE,Federal Contract Tower,0,17,11,0,28,0,0,5,0,5,0,17,16,0,33,2,0,2,35
12/11/2014,MOD,CA,AWP,WE,Federal Contract Tower,0,12,1,0,13,0,2,0,0,2,0,14,1,0,15,0,0,0,15
12/12/2014,MOD,CA,AWP,WE,Federal Contract Tower,0,12,53,0,65,0,11,5,0,16,0,23,58,0,81,54,0,54,135
12/13/2014,MOD,CA,AWP,WE,Federal Contract Tower,0,10,40,0,50,0,1,0,0,1,0,11,40,0,51,12,0,12,63
12/14/2014,MOD,CA,AWP,WE,Federal Contract Tower,0,11,21,0,32,0,7,12,0,19,0,18,33,0,51,6,0,6,57
12/15/2014,MOD,CA,AWP,WE,Federal Contract Tower,0,13,15,0,28,0,3,4,0,7,0,16,19,0,35,0,0,0,35
12/16/2014,MOD,CA,AWP,WE,Federal Contract Tower,0,9,21,0,30,0,19,25,0,44,0,28,46,0,74,24,0,24,98
12/17/2014,MOD,CA,AWP,WE,Federal Contract Tower,0,4,32,4,40,0,21,19,0,40,0,25,51,4,80,4,0,4,84
12/18/2014,MOD,CA,AWP,WE,Federal Contract Tower,0,8,20,0,28,0,35,27,0,62,0,43,47,0,90,44,0,44,134
12/19/2014,MOD,CA,AWP,WE,Federal Contract Tower,0,21,14,0,35,0,12,21,0,33,0,33,35,0,68,38,0,38,106
12/20/2014,MOD,CA,AWP,WE,Federal Contract Tower,0,18,14,0,32,0,3,3,0,6,0,21,17,0,38,6,0,6,44
12/21/2014,MOD,CA,AWP,WE,Federal Contract Tower,0,2,11,0,13,0,9,31,0,40,0,11,42,0,53,32,0,32,85
12/22/2014,MOD,CA,AWP,WE,Federal Contract Tower,0,14,25,0,39,0,4,14,0,18,0,18,39,0,57,12,0,12,69
12/23/2014,MOD,CA,AWP,WE,Federal Contract Tower,0,5,16,0,21,0,8,45,0,53,0,13,61,0,74,22,0,22,96
12/24/2014,MOD,CA,AWP,WE,Federal Contract Tower,0,4,4,0,8,0,4,4,0,8,0,8,8,0,16,0,0,0,16
12/25/2014,MOD,CA,AWP,WE,Federal Contract Tower,0,0,3,0,3,0,9,12,0,21,0,9,15,0,24,8,0,8,32
12/26/2014,MOD,CA,AWP,WE,Federal Contract Tower,0,7,15,0,22,0,12,64,0,76,0,19,79,0,98,48,0,48,146
12/27/2014,MOD,CA,AWP,WE,Federal Contract Tower,0,6,15,0,21,0,14,60,0,74,0,20,75,0,95,40,0,40,135
12/28/2014,MOD,CA,AWP,WE,Federal Contract Tower,0,3,10,0,13,0,9,69,0,78,0,12,79,0,91,26,0,26,117
12/29/2014,MOD,CA,AWP,WE,Federal Contract Tower,0,4,16,0,20,0,7,32,0,39,0,11,48,0,59,36,0,36,95
12/30/2014,MOD,CA,AWP,WE,Federal Contract Tower,0,3,4,2,9,0,8,29,2,39,0,11,33,4,48,12,4,16,64
12/31/2014,MOD,CA,AWP,WE,Federal Contract Tower,0,8,4,0,12,0,26,29,0,55,0,34,33,0,67,8,0,8,75
01/01/2015,MOD,CA,AWP,WE,Federal Contract Tower,0,2,7,0,9,0,14,44,0,58,0,16,51,0,67,50,0,50,117
01/02/2015,MOD,CA,AWP,WE,Federal Contract Tower,0,4,12,4,20,0,39,43,0,82,0,43,55,4,102,104,2,106,208
01/03/2015,MOD,CA,AWP,WE,Federal Contract Tower,0,1,22,0,23,0,17,75,0,92,0,18,97,0,115,36,0,36,151
01/04/2015,MOD,CA,AWP,WE,Federal Contract Tower,0,1,9,0,10,0,5,34,2,41,0,6,43,2,51,26,0,26,77
01/05/2015,MOD,CA,AWP,WE,Federal Contract Tower,0,1,6,0,7,0,16,30,0,46,0,17,36,0,53,34,0,34,87
01/06/2015,MOD,CA,AWP,WE,Federal Contract Tower,0,2,11,2,15,0,9,41,0,50,0,11,52,2,65,56,0,56,121
01/07/2015,MOD,CA,AWP,WE,Federal Contract Tower,0,8,18,3,29,0,19,32,4,55,0,27,50,7,84,10,22,32,116
01/08/2015,MOD,CA,AWP,WE,Federal Contract Tower,0,11,9,0,20,0,31,24,0,55,0,42,33,0,75,18,0,18,93
01/09/2015,MOD,CA,AWP,WE,Federal Contract Tower,0,16,25,2,43,0,10,1,0,11,0,26,26,2,54,4,2,6,60
01/10/2015,MOD,CA,AWP,WE,Federal Contract Tower,0,12,21,0,33,0,6,14,0,20,0,18,35,0,53,36,0,36,89
01/11/2015,MOD,CA,AWP,WE,Federal Contract Tower,0,3,9,0,12,0,19,34,0,53,0,22,43,0,65,42,0,42,107
01/12/2015,MOD,CA,AWP,WE,Federal Contract Tower,0,3,17,0,20,0,5,37,0,42,0,8,54,0,62,36,0,36,98
01/13/2015,MOD,CA,AWP,WE,Federal Contract Tower,0,5,12,4,21,0,9,20,0,29,0,14,32,4,50,24,0,24,74
01/14/2015,MOD,CA,AWP,WE,Federal Contract Tower,0,6,10,0,16,0,0,0,0,0,0,6,10,0,16,0,0,0,16
01/15/2015,MOD,CA,AWP,WE,Federal Contract Tower,0,8,14,0,22,0,0,0,0,0,0,8,14,0,22,0,0,0,22
01/16/2015,MOD,CA,AWP,WE,Federal Contract Tower,0,14,5,0,19,0,18,14,0,32,0,32,19,0,51,10,0,10,61
01/17/2015,MOD,CA,AWP,WE,Federal Contract Tower,0,18,6,0,24,0,0,0,0,0,0,18,6,0,24,0,0,0,24
01/18/2015,MOD,CA,AWP,WE,Federal Contract Tower,0,6,15,0,21,0,6,10,0,16,0,12,25,0,37,28,0,28,65
01/19/2015,MOD,CA,AWP,WE,Federal Contract Tower,0,14,13,0,27,0,0,0,0,0,0,14,13,0,27,0,0,0,27
01/20/2015,MOD,CA,AWP,WE,Federal Contract Tower,0,18,15,2,35,0,1,6,0,7,0,19,21,2,42,8,0,8,50
01/21/2015,MOD,CA,AWP,WE,Federal Contract Tower,0,7,9,1,17,0,5,29,1,35,0,12,38,2,52,34,10,44,96
01/22/2015,MOD,CA,AWP,WE,Federal Contract Tower,0,7,30,0,37,0,13,24,0,37,0,20,54,0,74,82,0,82,156
01/23/2015,MOD,CA,AWP,WE,Federal Contract Tower,0,15,20,0,35,0,0,3,0,3,0,15,23,0,38,4,0,4,42
01/24/2015,MOD,CA,AWP,WE,Federal Contract Tower,0,11,31,0,42,0,0,0,0,0,0,11,31,0,42,0,0,0,42
01/25/2015,MOD,CA,AWP,WE,Federal Contract Tower,0,2,20,0,22,0,4,35,0,39,0,6,55,0,61,30,0,30,91
01/26/2015,MOD,CA,AWP,WE,Federal Contract Tower,0,2,5,0,7,0,7,15,0,22,0,9,20,0,29,16,0,16,45
01/27/2015,MOD,CA,AWP,WE,Federal Contract Tower,0,8,18,0,26,0,18,23,0,41,0,26,41,0,67,38,0,38,105
01/28/2015,MOD,CA,AWP,WE,Federal Contract Tower,0,6,11,0,17,0,12,43,0,55,0,18,54,0,72,40,0,40,112
01/29/2015,MOD,CA,AWP,WE,Federal Contract Tower,0,11,4,0,15,0,31,27,0,58,0,42,31,0,73,54,0,54,127
01/30/2015,MOD,CA,AWP,WE,Federal Contract Tower,0,13,9,0,22,0,26,50,0,76,0,39,59,0,98,64,0,64,162
01/31/2015,MOD,CA,AWP,WE,Federal Contract Tower,0,1,14,0,15,0,26,91,0,117,0,27,105,0,132,102,0,102,234
02/01/2015,MOD,CA,AWP,WE,Federal Contract Tower,0,6,16,0,22,0,8,35,0,43,0,14,51,0,65,62,0,62,127
02/02/2015,MOD,CA,AWP,WE,Federal Contract Tower,0,6,30,0,36,0,18,46,0,64,0,24,76,0,100,44,0,44,144
02/03/2015,MOD,CA,AWP,WE,Federal Contract Tower,0,3,13,0,16,0,6,45,0,51,0,9,58,0,67,36,0,36,103
02/04/2015,MOD,CA,AWP,WE,Federal Contract Tower,0,8,20,0,28,0,11,15,0,26,0,19,35,0,54,38,0,38,92
02/05/2015,MOD,CA,AWP,WE,Federal Contract Tower,0,5,4,0,9,0,35,30,0,65,0,40,34,0,74,43,0,43,117
02/06/2015,MOD,CA,AWP,WE,Federal Contract Tower,0,10,2,0,12,0,5,9,0,14,0,15,11,0,26,48,0,48,74
02/07/2015,MOD,CA,AWP,WE,Federal Contract Tower,0,4,14,0,18,0,8,7,0,15,0,12,21,0,33,6,0,6,39
02/08/2015,MOD,CA,AWP,WE,Federal Contract Tower,0,8,16,0,24,0,1,5,0,6,0,9,21,0,30,0,0,0,30
02/09/2015,MOD,CA,AWP,WE,Federal Contract Tower,0,2,23,0,25,0,18,44,0,62,0,20,67,0,87,48,0,48,135
02/10/2015,MOD,CA,AWP,WE,Federal Contract Tower,0,3,17,0,20,0,18,41,0,59,0,21,58,0,79,36,0,36,115
02/11/2015,MOD,CA,AWP,WE,Federal Contract Tower,0,5,9,4,18,0,25,74,0,99,0,30,83,4,117,44,0,44,161
02/12/2015,MOD,CA,AWP,WE,Federal Contract Tower,0,2,12,0,14,0,45,43,0,88,0,47,55,0,102,72,0,72,174
02/13/2015,MOD,CA,AWP,WE,Federal Contract Tower,0,9,5,0,14,0,47,37,0,84,0,56,42,0,98,52,0,52,150
02/14/2015,MOD,CA,AWP,WE,Federal Contract Tower,0,2,10,0,12,0,9,115,0,124,0,11,125,0,136,32,0,32,168
02/15/2015,MOD,CA,AWP,WE,Federal Contract Tower,0,2,13,0,15,0,8,54,0,62,0,10,67,0,77,22,0,22,99
02/16/2015,MOD,CA,AWP,WE,Federal Contract Tower,0,1,15,0,16,0,15,60,0,75,0,16,75,0,91,56,0,56,147
02/17/2015,MOD,CA,AWP,WE,Federal Contract Tower,0,3,19,0,22,0,8,20,0,28,0,11,39,0,50,0,0,0,50
02/18/2015,MOD,CA,AWP,WE,Federal Contract Tower,0,5,39,0,44,0,25,54,0,79,0,30,93,0,123,28,0,28,151
02/19/2015,MOD,CA,AWP,WE,Federal Contract Tower,0,12,27,2,41,0,7,0,0,7,0,19,27,2,48,2,0,2,50
02/20/2015,MOD,CA,AWP,WE,Federal Contract Tower,0,14,32,0,46,0,17,17,0,34,0,31,49,0,80,40,0,40,120
02/21/2015,MOD,CA,AWP,WE,Federal Contract Tower,0,10,23,0,33,0,7,20,0,27,0,17,43,0,60,2,0,2,62
02/22/2015,MOD,CA,AWP,WE,Federal Contract Tower,0,4,15,0,19,0,8,15,0,23,0,12,30,0,42,6,0,6,48
02/23/2015,MOD,CA,AWP,WE,Federal Contract Tower,0,13,18,0,31,0,8,25,0,33,0,21,43,0,64,80,0,80,144
02/24/2015,MOD,CA,AWP,WE,Federal Contract Tower,0,3,25,2,30,0,7,65,0,72,0,10,90,2,102,22,0,22,124
02/25/2015,MOD,CA,AWP,WE,Federal Contract Tower,0,4,10,0,14,0,14,52,0,66,0,18,62,0,80,40,0,40,120
02/26/2015,MOD,CA,AWP,WE,Federal Contract Tower,0,5,21,0,26,0,30,44,0,74,0,35,65,0,100,84,0,84,184
02/27/2015,MOD,CA,AWP,WE,Federal Contract Tower,0,5,17,2,24,0,32,28,0,60,0,37,45,2,84,48,0,48,132
02/28/2015,MOD,CA,AWP,WE,Federal Contract Tower,0,5,10,0,15,0,16,28,0,44,0,21,38,0,59,20,0,20,79
03/01/2015,MOD,CA,AWP,WE,Federal Contract Tower,0,5,23,0,28,0,22,66,0,88,0,27,89,0,116,44,0,44,160
03/02/2015,MOD,CA,AWP,WE,Federal Contract Tower,0,10,40,0,50,0,16,64,0,80,0,26,104,0,130,28,0,28,158
03/03/2015,MOD,CA,AWP,WE,Federal Contract Tower,0,3,32,0,35,0,5,83,0,88,0,8,115,0,123,76,0,76,199
03/04/2015,MOD,CA,AWP,WE,Federal Contract Tower,0,9,29,0,38,0,22,95,0,117,0,31,124,0,155,62,0,62,217
03/05/2015,MOD,CA,AWP,WE,Federal Contract Tower,0,14,18,0,32,0,24,66,0,90,0,38,84,0,122,120,0,120,242
03/06/2015,MOD,CA,AWP,WE,Federal Contract Tower,0,11,19,0,30,0,40,75,0,115,0,51,94,0,145,84,0,84,229
03/07/2015,MOD,CA,AWP,WE,Federal Contract Tower,0,2,27,0,29,0,33,77,0,110,0,35,104,0,139,62,0,62,201
03/08/2015,MOD,CA,AWP,WE,Federal Contract Tower,0,0,23,0,23,0,23,57,0,80,0,23,80,0,103,40,0,40,143
03/09/2015,MOD,CA,AWP,WE,Federal Contract Tower,0,6,24,2,32,0,31,43,0,74,0,37,67,2,106,56,0,56,162
03/10/2015,MOD,CA,AWP,WE,Federal Contract Tower,0,11,40,0,51,0,12,43,0,55,0,23,83,0,106,68,0,68,174
03/11/2015,MOD,CA,AWP,WE,Federal Contract Tower,0,6,23,0,29,0,10,36,0,46,0,16,59,0,75,56,0,56,131
03/12/2015,MOD,CA,AWP,WE,Federal Contract Tower,0,13,31,0,44,0,42,23,0,65,0,55,54,0,109,58,0,58,167
03/13/2015,MOD,CA,AWP,WE,Federal Contract Tower,0,7,8,1,16,0,41,61,0,102,0,48,69,1,118,14,4,18,136
03/14/2015,MOD,CA,AWP,WE,Federal Contract Tower,0,6,9,0,15,0,12,125,0,137,0,18,134,0,152,70,0,70,222
03/15/2015,MOD,CA,AWP,WE,Federal Contract Tower,0,3,17,0,20,0,23,47,0,70,0,26,64,0,90,22,0,22,112
03/16/2015,MOD,CA,AWP,WE,Federal Contract Tower,0,14,19,0,33,0,18,36,0,54,0,32,55,0,87,16,0,16,103
03/17/2015,MOD,CA,AWP,WE,Federal Contract Tower,0,4,24,0,28,0,14,48,0,62,0,18,72,0,90,64,0,64,154
03/18/2015,MOD,CA,AWP,WE,Federal Contract Tower,0,6,19,2,27,0,25,66,0,91,0,31,85,2,118,62,0,62,180
03/19/2015,MOD,CA,AWP,WE,Federal Contract Tower,0,6,24,2,32,0,35,47,0,82,0,41,71,2,114,91,0,91,205
03/20/2015,MOD,CA,AWP,WE,Federal Contract Tower,0,13,10,0,23,0,33,50,0,83,0,46,60,0,106,50,0,50,156
03/21/2015,MOD,CA,AWP,WE,Federal Contract Tower,0,4,12,0,16,0,26,66,0,92,0,30,78,0,108,72,0,72,180
03/22/2015,MOD,CA,AWP,WE,Federal Contract Tower,0,6,20,0,26,0,14,48,0,62,0,20,68,0,88,18,0,18,106
03/23/2015,MOD,CA,AWP,WE,Federal Contract Tower,0,2,27,0,29,0,6,34,0,40,0,8,61,0,69,10,0,10,79
03/24/2015,MOD,CA,AWP,WE,Federal Contract Tower,0,5,21,2,28,0,16,43,0,59,0,21,64,2,87,50,0,50,137
03/25/2015,MOD,CA,AWP,WE,Federal Contract Tower,0,12,40,0,52,0,29,68,2,99,0,41,108,2,151,30,0,30,181
03/26/2015,MOD,CA,AWP,WE,Federal Contract Tower,0,10,37,0,47,0,33,66,0,99,0,43,103,0,146,88,0,88,234
03/27/2015,MOD,CA,AWP,WE,Federal Contract Tower,0,5,17,0,22,0,25,56,0,81,0,30,73,0,103,48,0,48,151
03/28/2015,MOD,CA,AWP,WE,Federal Contract Tower,0,4,30,0,34,0,26,67,0,93,0,30,97,0,127,86,0,86,213
03/29/2015,MOD,CA,AWP,WE,Federal Contract Tower,0,0,22,0,22,0,17,65,0,82,0,17,87,0,104,48,0,48,152
03/30/2015,MOD,CA,AWP,WE,Federal Contract Tower,0,0,19,0,19,0,28,37,0,65,0,28,56,0,84,48,0,48,132
03/31/2015,MOD,CA,AWP,WE,Federal Contract Tower,0,3,40,0,43,0,17,29,0,46,0,20,69,0,89,44,0,44,133
04/01/2015,MOD,CA,AWP,WE,Federal Contract Tower,0,4,25,0,29,0,23,39,0,62,0,27,64,0,91,22,0,22,113
04/02/2015,MOD,CA,AWP,WE,Federal Contract Tower,0,7,17,0,24,0,28,36,0,64,0,35,53,0,88,41,0,41,129
04/03/2015,MOD,CA,AWP,WE,Federal Contract Tower,0,2,19,0,21,0,24,52,0,76,0,26,71,0,97,72,0,72,169
04/04/2015,MOD,CA,AWP,WE,Federal Contract Tower,0,0,36,0,36,0,24,64,0,88,0,24,100,0,124,52,0,52,176
04/05/2015,MOD,CA,AWP,WE,Federal Contract Tower,0,8,13,0,21,0,25,14,0,39,0,33,27,0,60,20,0,20,80
04/06/2015,MOD,CA,AWP,WE,Federal Contract Tower,0,1,29,0,30,0,16,42,0,58,0,17,71,0,88,0,0,0,88
04/07/2015,MOD,CA,AWP,WE,Federal Contract Tower,0,6,10,0,16,0,10,12,0,22,0,16,22,0,38,0,0,0,38
04/08/2015,MOD,CA,AWP,WE,Federal Contract Tower,0,4,24,0,28,0,28,61,0,89,0,32,85,0,117,42,0,42,159
04/09/2015,MOD,CA,AWP,WE,Federal Contract Tower,0,7,41,0,48,0,28,90,0,118,0,35,131,0,166,48,0,48,214
04/10/2015,MOD,CA,AWP,WE,Federal Contract Tower,0,8,20,0,28,0,18,56,0,74,0,26,76,0,102,52,0,52,154
04/11/2015,MOD,CA,AWP,WE,Federal Contract Tower,0,6,24,0,30,0,40,175,0,215,0,46,199,0,245,100,0,100,345
04/12/2015,MOD,CA,AWP,WE,Federal Contract Tower,0,9,15,0,24,0,19,81,0,100,0,28,96,0,124,34,0,34,158
04/13/2015,MOD,CA,AWP,WE,Federal Contract Tower,0,2,4,0,6,0,12,41,0,53,0,14,45,0,59,8,0,8,67
04/14/2015,MOD,CA,AWP,WE,Federal Contract Tower,0,3,22,0,25,0,19,29,0,48,0,22,51,0,73,38,0,38,111
04/15/2015,MOD,CA,AWP,WE,Federal Contract Tower,0,5,39,0,44,0,31,47,0,78,0,36,86,0,122,6,0,6,128
04/16/2015,MOD,CA,AWP,WE,Federal Contract Tower,0,3,31,4,38,0,19,79,0,98,0,22,110,4,136,52,0,52,188
04/17/2015,MOD,CA,AWP,WE,Federal Contract Tower,0,9,24,0,33,0,37,54,0,91,0,46,78,0,124,26,0,26,150
04/18/2015,MOD,CA,AWP,WE,Federal Contract Tower,0,11,37,0,48,0,45,108,0,153,0,56,145,0,201,34,0,34,235
04/19/2015,MOD,CA,AWP,WE,Federal Contract Tower,0,1,10,0,11,0,20,37,0,57,0,21,47,0,68,16,0,16,84
04/20/2015,MOD,CA,AWP,WE,Federal Contract Tower,0,3,18,0,21,0,14,51,0,65,0,17,69,0,86,6,0,6,92
04/21/2015,MOD,CA,AWP,WE,Federal Contract Tower,0,8,18,0,26,0,13,58,0,71,0,21,76,0,97,6,0,6,103
04/22/2015,MOD,CA,AWP,WE,Federal Contract Tower,0,6,7,0,13,0,24,46,0,70,0,30,53,0,83,0,0,0,83
04/23/2015,MOD,CA,AWP,WE,Federal Contract Tower,0,13,70,0,83,0,53,49,0,102,0,66,119,0,185,52,0,52,237
04/24/2015,MOD,CA,AWP,WE,Federal Contract Tower,0,10,13,0,23,0,28,69,0,97,0,38,82,0,120,50,0,50,170
04/25/2015,MOD,CA,AWP,WE,Federal Contract Tower,0,3,7,0,10,0,30,55,0,85,0,33,62,0,95,46,0,46,141
04/26/2015,MOD,CA,AWP,WE,Federal Contract Tower,0,4,4,0,8,0,34,60,0,94,0,38,64,0,102,6,0,6,108
04/27/2015,MOD,CA,AWP,WE,Federal Contract Tower,0,2,14,0,16,0,26,60,0,86,0,28,74,0,102,42,0,42,144
04/28/2015,MOD,CA,AWP,WE,Federal Contract Tower,0,4,22,0,26,0,17,86,0,103,0,21,108,0,129,14,0,14,143
04/29/2015,MOD,CA,AWP,WE,Federal Contract Tower,0,4,25,0,29,0,46,36,0,82,0,50,61,0,111,46,0,46,157
04/30/2015,MOD,CA,AWP,WE,Federal Contract Tower,0,9,33,0,42,0,31,57,0,88,0,40,90,0,130,44,0,44,174
05/01/2015,MOD,CA,AWP,WE,Federal Contract Tower,0,10,16,0,26,0,29,59,0,88,0,39,75,0,114,36,0,36,150
05/02/2015,MOD,CA,AWP,WE,Federal Contract Tower,0,0,19,0,19,0,16,77,0,93,0,16,96,0,112,54,0,54,166
05/03/2015,MOD,CA,AWP,WE,Federal Contract Tower,0,3,23,0,26,0,19,38,0,57,0,22,61,0,83,6,0,6,89
05/04/2015,MOD,CA,AWP,WE,Federal Contract Tower,0,1,19,0,20,0,24,47,0,71,0,25,66,0,91,30,0,30,121
05/05/2015,MOD,CA,AWP,WE,Federal Contract Tower,0,3,18,0,21,0,20,49,0,69,0,23,67,0,90,46,0,46,136
05/06/2015,MOD,CA,AWP,WE,Federal Contract Tower,0,6,23,0,29,0,32,60,0,92,0,38,83,0,121,12,0,12,133
05/07/2015,MOD,CA,AWP,WE,Federal Contract Tower,0,13,15,0,28,0,28,20,0,48,0,41,35,0,76,18,0,18,94
05/08/2015,MOD,CA,AWP,WE,Federal Contract Tower,0,5,4,0,9,0,32,40,0,72,0,37,44,0,81,32,0,32,113
05/09/2015,MOD,CA,AWP,WE,Federal Contract Tower,0,1,10,0,11,0,27,117,0,144,0,28,127,0,155,14,0,14,169
05/10/2015,MOD,CA,AWP,WE,Federal Contract Tower,0,2,21,0,23,0,22,52,0,74,0,24,73,0,97,22,0,22,119
05/11/2015,MOD,CA,AWP,WE,Federal Contract Tower,0,5,16,0,21,0,22,35,0,57,0,27,51,0,78,10,0,10,88
05/12/2015,MOD,CA,AWP,WE,Federal Contract Tower,0,4,7,0,11,0,24,40,0,64,0,28,47,0,75,6,0,6,81
05/13/2015,MOD,CA,AWP,WE,Federal Contract Tower,0,12,17,0,29,0,30,69,0,99,0,42,86,0,128,38,0,38,166
05/14/2015,MOD,CA,AWP,WE,Federal Contract Tower,0,14,9,0,23,0,31,14,0,45,0,45,23,0,68,0,0,0,68
05/15/2015,MOD,CA,AWP,WE,Federal Contract Tower,0,4,21,0,25,0,24,44,0,68,0,28,65,0,93,40,0,40,133
05/16/2015,MOD,CA,AWP,WE,Federal Contract Tower,0,3,5,0,8,0,22,44,0,66,0,25,49,0,74,22,0,22,96
05/17/2015,MOD,CA,AWP,WE,Federal Contract Tower,0,11,15,0,26,0,17,44,0,61,0,28,59,0,87,8,0,8,95
05/18/2015,MOD,CA,AWP,WE,Federal Contract Tower,0,2,21,0,23,0,11,46,0,57,0,13,67,0,80,32,0,32,112
05/19/2015,MOD,CA,AWP,WE,Federal Contract Tower,0,1,23,4,28,0,4,68,0,72,0,5,91,4,100,40,8,48,148
05/20/2015,MOD,CA,AWP,WE,Federal Contract Tower,0,5,37,0,42,0,19,64,0,83,0,24,101,0,125,11,0,11,136
05/21/2015,MOD,CA,AWP,WE,Federal Contract Tower,0,10,22,2,34,0,23,31,0,54,0,33,53,2,88,48,0,48,136
05/22/2015,MOD,CA,AWP,WE,Federal Contract Tower,0,3,24,0,27,0,27,20,0,47,0,30,44,0,74,46,0,46,120
05/23/2015,MOD,CA,AWP,WE,Federal Contract Tower,0,2,17,0,19,0,37,52,0,89,0,39,69,0,108,52,0,52,160
05/24/2015,MOD,CA,AWP,WE,Federal Contract Tower,0,3,5,0,8,0,20,59,0,79,0,23,64,0,87,14,0,14,101
05/25/2015,MOD,CA,AWP,WE,Federal Contract Tower,0,1,8,0,9,0,14,49,0,63,0,15,57,0,72,56,0,56,128
05/26/2015,MOD,CA,AWP,WE,Federal Contract Tower,0,2,11,0,13,0,17,41,0,58,0,19,52,0,71,2,0,2,73
05/27/2015,MOD,CA,AWP,WE,Federal Contract Tower,0,5,16,0,21,0,22,54,0,76,0,27,70,0,97,44,0,44,141
05/28/2015,MOD,CA,AWP,WE,Federal Contract Tower,0,6,20,5,31,0,19,55,0,74,0,25,75,5,105,58,14,72,177
05/29/2015,MOD,CA,AWP,WE,Federal Contract Tower,0,5,23,0,28,0,23,43,0,66,0,28,66,0,94,40,0,40,134
05/30/2015,MOD,CA,AWP,WE,Federal Contract Tower,0,4,6,0,10,0,35,74,0,109,0,39,80,0,119,66,0,66,185
05/31/2015,MOD,CA,AWP,WE,Federal Contract Tower,0,6,3,0,9,0,16,83,0,99,0,22,86,0,108,42,0,42,150
06/01/2015,MOD,CA,AWP,WE,Federal Contract Tower,0,9,12,0,21,0,20,38,0,58,0,29,50,0,79,70,0,70,149
06/02/2015,MOD,CA,AWP,WE,Federal Contract Tower,0,6,14,0,20,0,25,63,0,88,0,31,77,0,108,10,0,10,118
06/03/2015,MOD,CA,AWP,WE,Federal Contract Tower,0,2,15,0,17,0,33,38,0,71,0,35,53,0,88,30,0,30,118
06/04/2015,MOD,CA,AWP,WE,Federal Contract Tower,0,2,24,0,26,0,30,74,0,104,0,32,98,0,130,62,0,62,192
06/05/2015,MOD,CA,AWP,WE,Federal Contract Tower,0,3,17,1,21,0,31,48,1,80,0,34,65,2,101,22,4,26,127
06/06/2015,MOD,CA,AWP,WE,Federal Contract Tower,0,2,13,0,15,0,14,82,0,96,0,16,95,0,111,44,0,44,155
06/07/2015,MOD,CA,AWP,WE,Federal Contract Tower,0,1,12,0,13,0,13,64,0,77,0,14,76,0,90,6,0,6,96
06/08/2015,MOD,CA,AWP,WE,Federal Contract Tower,0,4,6,0,10,0,37,44,0,81,0,41,50,0,91,38,0,38,129
06/09/2015,MOD,CA,AWP,WE,Federal Contract Tower,0,1,12,0,13,0,14,40,0,54,0,15,52,0,67,56,0,56,123
06/10/2015,MOD,CA,AWP,WE,Federal Contract Tower,0,3,32,2,37,0,19,37,0,56,0,22,69,2,93,30,0,30,123
06/11/2015,MOD,CA,AWP,WE,Federal Contract Tower,0,1,14,0,15,0,25,93,0,118,0,26,107,0,133,44,0,44,177
06/12/2015,MOD,CA,AWP,WE,Federal Contract Tower,0,4,6,0,10,0,32,46,0,78,0,36,52,0,88,42,0,42,130
06/13/2015,MOD,CA,AWP,WE,Federal Contract Tower,0,0,14,0,14,0,16,107,0,123,0,16,121,0,137,30,0,30,167
06/14/2015,MOD,CA,AWP,WE,Federal Contract Tower,0,5,8,0,13,0,13,71,0,84,0,18,79,0,97,32,0,32,129
06/15/2015,MOD,CA,AWP,WE,Federal Contract Tower,0,5,0,0,5,0,10,31,0,41,0,15,31,0,46,6,0,6,52
06/16/2015,MOD,CA,AWP,WE,Federal Contract Tower,0,4,10,0,14,0,14,51,0,65,0,18,61,0,79,12,0,12,91
06/17/2015,MOD,CA,AWP,WE,Federal Contract Tower,0,6,6,0,12,0,25,49,0,74,0,31,55,0,86,6,0,6,92
06/18/2015,MOD,CA,AWP,WE,Federal Contract Tower,0,4,8,0,12,0,38,38,0,76,0,42,46,0,88,24,0,24,112
06/19/2015,MOD,CA,AWP,WE,Federal Contract Tower,0,6,18,0,24,0,45,53,0,98,0,51,71,0,122,0,0,0,122
06/20/2015,MOD,CA,AWP,WE,Federal Contract Tower,0,3,5,0,8,0,23,88,0,111,0,26,93,0,119,62,0,62,181
06/21/2015,MOD,CA,AWP,WE,Federal Contract Tower,0,6,23,0,29,0,19,50,0,69,0,25,73,0,98,32,0,32,130
06/22/2015,MOD,CA,AWP,WE,Federal Contract Tower,0,4,10,0,14,0,16,40,0,56,0,20,50,0,70,8,0,8,78
06/23/2015,MOD,CA,AWP,WE,Federal Contract Tower,0,4,11,2,17,0,19,41,0,60,0,23,52,2,77,34,0,34,111
06/24/2015,MOD,CA,AWP,WE,Federal Contract Tower,0,2,7,0,9,0,25,73,0,98,0,27,80,0,107,26,0,26,133
06/25/2015,MOD,CA,AWP,WE,Federal Contract Tower,0,5,22,0,27,0,27,53,0,80,0,32,75,0,107,8,0,8,115
06/26/2015,MOD,CA,AWP,WE,Federal Contract Tower,0,7,12,0,19,0,22,35,0,57,0,29,47,0,76,8,0,8,84
06/27/2015,MOD,CA,AWP,WE,Federal Contract Tower,0,3,19,0,22,0,24,58,0,82,0,27,77,0,104,60,0,60,164
06/28/2015,MOD,CA,AWP,WE,Federal Contract Tower,0,3,14,0,17,0,15,42,0,57,0,18,56,0,74,14,0,14,88
06/29/2015,MOD,CA,AWP,WE,Federal Contract Tower,0,5,11,0,16,0,25,67,0,92,0,30,78,0,108,28,0,28,136
06/30/2015,MOD,CA,AWP,WE,Federal Contract Tower,0,9,19,0,28,0,20,59,0,79,0,29,78,0,107,22,0,22,129
07/01/2015,MOD,CA,AWP,WE,Federal Contract Tower,0,4,5,2,11,0,21,62,0,83,0,25,67,2,94,38,0,38,132
07/02/2015,MOD,CA,AWP,WE,Federal Contract Tower,0,9,7,0,16,0,27,33,0,60,0,36,40,0,76,12,0,12,88
07/03/2015,MOD,CA,AWP,WE,Federal Contract Tower,0,3,19,0,22,0,33,69,0,102,0,36,88,0,124,14,0,14,138
07/04/2015,MOD,CA,AWP,WE,Federal Contract Tower,0,0,10,0,10,0,30,44,0,74,0,30,54,0,84,52,0,52,136
07/05/2015,MOD,CA,AWP,WE,Federal Contract Tower,0,3,2,0,5,0,46,50,0,96,0,49,52,0,101,20,0,20,121
07/06/2015,MOD,CA,AWP,WE,Federal Contract Tower,0,0,6,0,6,0,13,52,0,65,0,13,58,0,71,2,0,2,73
07/07/2015,MOD,CA,AWP,WE,Federal Contract Tower,0,4,23,0,27,0,21,53,0,74,0,25,76,0,101,8,0,8,109
07/08/2015,MOD,CA,AWP,WE,Federal Contract Tower,0,4,19,0,23,0,32,54,0,86,0,36,73,0,109,20,0,20,129
07/09/2015,MOD,CA,AWP,WE,Federal Contract Tower,0,9,8,2,19,0,26,52,0,78,0,35,60,2,97,26,0,26,123
07/10/2015,MOD,CA,AWP,WE,Federal Contract Tower,0,8,3,0,11,0,22,54,0,76,0,30,57,0,87,16,0,16,103
07/11/2015,MOD,CA,AWP,WE,Federal Contract Tower,0,3,11,0,14,0,28,125,0,153,0,31,136,0,167,20,0,20,187
07/12/2015,MOD,CA,AWP,WE,Federal Contract Tower,0,0,6,0,6,0,21,66,0,87,0,21,72,0,93,32,0,32,125
07/13/2015,MOD,CA,AWP,WE,Federal Contract Tower,0,9,10,0,19,0,27,45,0,72,0,36,55,0,91,8,0,8,99
07/14/2015,MOD,CA,AWP,WE,Federal Contract Tower,0,1,24,0,25,0,19,64,0,83,0,20,88,0,108,34,0,34,142
07/15/2015,MOD,CA,AWP,WE,Federal Contract Tower,0,8,6,0,14,0,28,45,0,73,0,36,51,0,87,44,0,44,131
07/16/2015,MOD,CA,AWP,WE,Federal Contract Tower,0,9,8,0,17,0,41,43,0,84,0,50,51,0,101,28,0,28,129
07/17/2015,MOD,CA,AWP,WE,Federal Contract Tower,0,7,17,0,24,0,20,71,0,91,0,27,88,0,115,40,0,40,155
07/18/2015,MOD,CA,AWP,WE,Federal Contract Tower,0,1,12,0,13,0,40,65,0,105,0,41,77,0,118,14,0,14,132
07/19/2015,MOD,CA,AWP,WE,Federal Contract Tower,0,1,25,0,26,0,24,55,0,79,0,25,80,0,105,68,0,68,173
07/20/2015,MOD,CA,AWP,WE,Federal Contract Tower,0,3,18,0,21,0,22,47,0,69,0,25,65,0,90,10,0,10,100
07/21/2015,MOD,CA,AWP,WE,Federal Contract Tower,0,3,13,0,16,0,14,67,0,81,0,17,80,0,97,10,0,10,107
07/22/2015,MOD,CA,AWP,WE,Federal Contract Tower,0,4,18,2,24,0,25,45,0,70,0,29,63,2,94,58,0,58,152
07/23/2015,MOD,CA,AWP,WE,Federal Contract Tower,0,9,13,2,24,0,39,39,0,78,0,48,52,2,102,24,0,24,126
07/24/2015,MOD,CA,AWP,WE,Federal Contract Tower,0,1,2,0,3,0,28,50,0,78,0,29,52,0,81,14,0,14,95
07/25/2015,MOD,CA,AWP,WE,Federal Contract Tower,0,1,23,0,24,0,22,68,0,90,0,23,91,0,114,66,0,66,180
07/26/2015,MOD,CA,AWP,WE,Federal Contract Tower,0,3,6,0,9,0,21,26,0,47,0,24,32,0,56,4,0,4,60
07/27/2015,MOD,CA,AWP,WE,Federal Contract Tower,0,5,10,0,15,0,26,39,0,65,0,31,49,0,80,4,0,4,84
07/28/2015,MOD,CA,AWP,WE,Federal Contract Tower,0,0,19,8,27,0,23,52,0,75,0,23,71,8,102,14,0,14,116
07/29/2015,MOD,CA,AWP,WE,Federal Contract Tower,0,0,5,0,5,0,38,32,0,70,0,38,37,0,75,16,0,16,91
07/30/2015,MOD,CA,AWP,WE,Federal Contract Tower,0,1,8,2,11,0,24,33,0,57,0,25,41,2,68,20,0,20,88
07/31/2015,MOD,CA,AWP,WE,Federal Contract Tower,0,4,20,0,24,0,34,43,0,77,0,38,63,0,101,14,0,14,115
08/01/2015,MOD,CA,AWP,WE,Federal Contract Tower,0,2,29,0,31,0,22,58,0,80,0,24,87,0,111,20,0,20,131
08/02/2015,MOD,CA,AWP,WE,Federal Contract Tower,0,2,3,0,5,0,11,23,0,34,0,13,26,0,39,22,0,22,61
08/03/2015,MOD,CA,AWP,WE,Federal Contract Tower,0,3,12,0,15,0,11,38,0,49,0,14,50,0,64,2,0,2,66
08/04/2015,MOD,CA,AWP,WE,Federal Contract Tower,0,6,10,0,16,0,22,48,0,70,0,28,58,0,86,14,0,14,100
08/05/2015,MOD,CA,AWP,WE,Federal Contract Tower,0,5,16,0,21,0,25,86,0,111,0,30,102,0,132,36,0,36,168
08/06/2015,MOD,CA,AWP,WE,Federal Contract Tower,0,6,7,0,13,0,46,51,0,97,0,52,58,0,110,32,0,32,142
08/07/2015,MOD,CA,AWP,WE,Federal Contract Tower,0,0,17,0,17,0,34,36,0,70,0,34,53,0,87,16,0,16,103
08/08/2015,MOD,CA,AWP,WE,Federal Contract Tower,0,4,17,0,21,0,22,145,0,167,0,26,162,0,188,40,0,40,228
08/09/2015,MOD,CA,AWP,WE,Federal Contract Tower,0,2,10,0,12,0,22,48,0,70,0,24,58,0,82,54,0,54,136
08/10/2015,MOD,CA,AWP,WE,Federal Contract Tower,0,6,23,0,29,0,12,39,0,51,0,18,62,0,80,10,0,10,90
08/11/2015,MOD,CA,AWP,WE,Federal Contract Tower,0,0,23,0,23,0,11,69,0,80,0,11,92,0,103,32,0,32,135
08/12/2015,MOD,CA,AWP,WE,Federal Contract Tower,0,4,27,0,31,0,16,45,17,78,0,20,72,17,109,38,0,38,147
08/13/2015,MOD,CA,AWP,WE,Federal Contract Tower,0,6,11,0,17,0,57,42,0,99,0,63,53,0,116,22,0,22,138
08/14/2015,MOD,CA,AWP,WE,Federal Contract Tower,0,8,10,0,18,0,31,47,0,78,0,39,57,0,96,48,4,52,148
08/15/2015,MOD,CA,AWP,WE,Federal Contract Tower,0,1,20,0,21,0,32,58,0,90,0,33,78,0,111,32,0,32,143
08/16/2015,MOD,CA,AWP,WE,Federal Contract Tower,0,3,6,0,9,0,20,35,0,55,0,23,41,0,64,8,0,8,72
08/17/2015,MOD,CA,AWP,WE,Federal Contract Tower,0,0,14,0,14,0,16,53,0,69,0,16,67,0,83,12,0,12,95
08/18/2015,MOD,CA,AWP,WE,Federal Contract Tower,0,0,12,0,12,0,22,45,0,67,0,22,57,0,79,14,0,14,93
08/19/2015,MOD,CA,AWP,WE,Federal Contract Tower,0,11,9,0,20,0,30,53,0,83,0,41,62,0,103,22,0,22,125
08/20/2015,MOD,CA,AWP,WE,Federal Contract Tower,0,14,10,0,24,0,15,36,0,51,0,29,46,0,75,24,0,24,99
08/21/2015,MOD,CA,AWP,WE,Federal Contract Tower,0,1,16,0,17,0,20,36,0,56,0,21,52,0,73,30,0,30,103
08/22/2015,MOD,CA,AWP,WE,Federal Contract Tower,0,2,12,0,14,0,30,71,0,101,0,32,83,0,115,14,0,14,129
08/23/2015,MOD,CA,AWP,WE,Federal Contract Tower,0,3,5,0,8,0,19,60,0,79,0,22,65,0,87,47,0,47,134
08/24/2015,MOD,CA,AWP,WE,Federal Contract Tower,0,4,14,0,18,0,8,39,0,47,0,12,53,0,65,36,0,36,101
08/25/2015,MOD,CA,AWP,WE,Federal Contract Tower,0,4,10,0,14,0,19,41,0,60,0,23,51,0,74,34,0,34,108
08/26/2015,MOD,CA,AWP,WE,Federal Contract Tower,0,5,3,0,8,0,31,46,0,77,0,36,49,0,85,40,0,40,125
08/27/2015,MOD,CA,AWP,WE,Federal Contract Tower,0,3,11,0,14,0,40,25,0,65,0,43,36,0,79,0,0,0,79
08/28/2015,MOD,CA,AWP,WE,Federal Contract Tower,0,5,12,0,17,0,24,46,0,70,0,29,58,0,87,12,0,12,99
08/29/2015,MOD,CA,AWP,WE,Federal Contract Tower,0,7,17,0,24,0,16,33,0,49,0,23,50,0,73,34,0,34,107
08/30/2015,MOD,CA,AWP,WE,Federal Contract Tower,0,3,17,0,20,0,25,40,0,65,0,28,57,0,85,14,0,14,99
08/31/2015,MOD,CA,AWP,WE,Federal Contract Tower,0,4,15,0,19,0,12,34,0,46,0,16,49,0,65,6,0,6,71
09/01/2015,MOD,CA,AWP,WE,Federal Contract Tower,0,3,10,0,13,0,17,56,0,73,0,20,66,0,86,8,0,8,94
09/02/2015,MOD,CA,AWP,WE,Federal Contract Tower,0,3,22,0,25,0,21,64,0,85,0,24,86,0,110,22,0,22,132
09/03/2015,MOD,CA,AWP,WE,Federal Contract Tower,0,4,11,0,15,0,44,47,0,91,0,48,58,0,106,16,0,16,122
09/04/2015,MOD,CA,AWP,WE,Federal Contract Tower,0,9,16,0,25,0,38,68,0,106,0,47,84,0,131,18,0,18,149
09/05/2015,MOD,CA,AWP,WE,Federal Contract Tower,0,1,3,0,4,0,20,45,0,65,0,21,48,0,69,38,0,38,107
09/06/2015,MOD,CA,AWP,WE,Federal Contract Tower,0,3,12,0,15,0,15,51,0,66,0,18,63,0,81,40,0,40,121
09/07/2015,MOD,CA,AWP,WE,Federal Contract Tower,0,1,10,0,11,0,21,56,0,77,0,22,66,0,88,90,0,90,178
09/08/2015,MOD,CA,AWP,WE,Federal Contract Tower,0,4,16,0,20,0,18,56,0,74,0,22,72,0,94,14,0,14,108
09/09/2015,MOD,CA,AWP,WE,Federal Contract Tower,0,1,12,0,13,0,23,52,0,75,0,24,64,0,88,36,0,36,124
09/10/2015,MOD,CA,AWP,WE,Federal Contract Tower,0,9,26,0,35,0,34,25,0,59,0,43,51,0,94,12,0,12,106
09/11/2015,MOD,CA,AWP,WE,Federal Contract Tower,0,14,0,0,14,0,18,57,0,75,0,32,57,0,89,50,0,50,139
09/12/2015,MOD,CA,AWP,WE,Federal Contract Tower,0,3,13,0,16,0,18,80,0,98,0,21,93,0,114,36,0,36,150
09/13/2015,MOD,CA,AWP,WE,Federal Contract Tower,0,2,6,0,8,0,10,36,0,46,0,12,42,0,54,0,0,0,54
09/14/2015,MOD,CA,AWP,WE,Federal Contract Tower,0,3,22,0,25,0,10,41,0,51,0,13,63,0,76,26,0,26,102
09/15/2015,MOD,CA,AWP,WE,Federal Contract Tower,0,11,30,0,41,0,22,38,0,60,0,33,68,0,101,18,0,18,119
09/16/2015,MOD,CA,AWP,WE,Federal Contract Tower,0,11,23,0,34,0,20,45,0,65,0,31,68,0,99,31,0,31,130
09/17/2015,MOD,CA,AWP,WE,Federal Contract Tower,0,18,24,0,42,0,43,42,0,85,0,61,66,0,127,28,0,28,155
09/18/2015,MOD,CA,AWP,WE,Federal Contract Tower,0,6,23,0,29,0,22,38,0,60,0,28,61,0,89,44,0,44,133
09/19/2015,MOD,CA,AWP,WE,Federal Contract Tower,0,3,35,0,38,0,19,66,0,85,0,22,101,0,123,18,0,18,141
09/20/2015,MOD,CA,AWP,WE,Federal Contract Tower,0,4,7,0,11,0,18,41,0,59,0,22,48,0,70,22,0,22,92
09/21/2015,MOD,CA,AWP,WE,Federal Contract Tower,0,6,20,0,26,0,14,27,0,41,0,20,47,0,67,33,0,33,100
09/22/2015,MOD,CA,AWP,WE,Federal Contract Tower,0,0,36,0,36,0,17,47,7,71,0,17,83,7,107,86,0,86,193
09/23/2015,MOD,CA,AWP,WE,Federal Contract Tower,0,5,28,0,33,0,31,61,0,92,0,36,89,0,125,28,0,28,153
09/24/2015,MOD,CA,AWP,WE,Federal Contract Tower,0,5,39,0,44,0,30,50,0,80,0,35,89,0,124,24,0,24,148
09/25/2015,MOD,CA,AWP,WE,Federal Contract Tower,0,7,14,0,21,0,31,29,0,60,0,38,43,0,81,8,0,8,89
09/26/2015,MOD,CA,AWP,WE,Federal Contract Tower,0,1,22,0,23,0,25,79,0,104,0,26,101,0,127,40,0,40,167
09/27/2015,MOD,CA,AWP,WE,Federal Contract Tower,0,1,7,0,8,0,11,43,0,54,0,12,50,0,62,48,0,48,110
09/28/2015,MOD,CA,AWP,WE,Federal Contract Tower,0,0,19,0,19,0,11,36,0,47,0,11,55,0,66,12,0,12,78
09/29/2015,MOD,CA,AWP,WE,Federal Contract Tower,0,3,27,0,30,0,9,49,0,58,0,12,76,0,88,8,0,8,96
09/30/2015,MOD,CA,AWP,WE,Federal Contract Tower,0,5,16,0,21,0,17,43,0,60,0,22,59,0,81,12,0,12,93
10/01/2015,MOD,CA,AWP,WE,Federal Contract Tower,0,1,47,0,48,0,27,35,0,62,0,28,82,0,110,0,0,0,110
10/02/2015,MOD,CA,AWP,WE,Federal Contract Tower,0,1,17,0,18,0,25,36,0,61,0,26,53,0,79,26,0,26,105
10/03/2015,MOD,CA,AWP,WE,Federal Contract Tower,0,1,17,0,18,0,21,73,0,94,0,22,90,0,112,54,0,54,166
10/04/2015,MOD,CA,AWP,WE,Federal Contract Tower,0,2,7,0,9,0,31,47,0,78,0,33,54,0,87,2,0,2,89
10/05/2015,MOD,CA,AWP,WE,Federal Contract Tower,0,1,5,0,6,0,11,38,0,49,0,12,43,0,55,16,0,16,71
10/06/2015,MOD,CA,AWP,WE,Federal Contract Tower,0,4,9,4,17,0,12,61,4,77,0,16,70,8,94,42,4,46,140
10/07/2015,MOD,CA,AWP,WE,Federal Contract Tower,0,16,12,0,28,0,31,61,0,92,0,47,73,0,120,12,0,12,132
10/08/2015,MOD,CA,AWP,WE,Federal Contract Tower,0,2,38,0,40,0,39,37,2,78,0,41,75,2,118,14,0,14,132
10/09/2015,MOD,CA,AWP,WE,Federal Contract Tower,0,5,31,0,36,0,42,64,0,106,0,47,95,0,142,56,0,56,198
10/10/2015,MOD,CA,AWP,WE,Federal Contract Tower,0,5,8,0,13,0,18,87,0,105,0,23,95,0,118,48,0,48,166
10/11/2015,MOD,CA,AWP,WE,Federal Contract Tower,0,4,7,0,11,0,21,43,0,64,0,25,50,0,75,8,0,8,83
10/12/2015,MOD,CA,AWP,WE,Federal Contract Tower,0,2,33,0,35,0,4,48,0,52,0,6,81,0,87,6,0,6,93
10/13/2015,MOD,CA,AWP,WE,Federal Contract Tower,0,2,31,0,33,0,17,41,0,58,0,19,72,0,91,8,0,8,99
10/14/2015,MOD,CA,AWP,WE,Federal Contract Tower,0,5,37,0,42,0,29,65,0,94,0,34,102,0,136,66,0,66,202
10/15/2015,MOD,CA,AWP,WE,Federal Contract Tower,0,2,25,0,27,0,36,42,0,78,0,38,67,0,105,34,0,34,139
10/16/2015,MOD,CA,AWP,WE,Federal Contract Tower,0,7,38,0,45,0,39,53,0,92,0,46,91,0,137,38,0,38,175
10/17/2015,MOD,CA,AWP,WE,Federal Contract Tower,0,2,30,0,32,0,30,47,0,77,0,32,77,0,109,80,0,80,189
10/18/2015,MOD,CA,AWP,WE,Federal Contract Tower,0,2,8,0,10,0,14,39,0,53,0,16,47,0,63,66,0,66,129
10/19/2015,MOD,CA,AWP,WE,Federal Contract Tower,0,32,0,0,32,0,11,44,0,55,0,43,44,0,87,18,0,18,105
10/20/2015,MOD,CA,AWP,WE,Federal Contract Tower,0,0,12,0,12,0,18,61,0,79,0,18,73,0,91,12,0,12,103
10/21/2015,MOD,CA,AWP,WE,Federal Contract Tower,0,4,48,0,52,0,26,81,0,107,0,30,129,0,159,38,0,38,197
10/22/2015,MOD,CA,AWP,WE,Federal Contract Tower,0,8,47,0,55,0,26,64,0,90,0,34,111,0,145,22,0,22,167
10/23/2015,MOD,CA,AWP,WE,Federal Contract Tower,0,3,16,0,19,0,49,56,0,105,0,52,72,0,124,32,0,32,156
10/24/2015,MOD,CA,AWP,WE,Federal Contract Tower,0,3,19,0,22,0,30,60,0,90,0,33,79,0,112,62,0,62,174
10/25/2015,MOD,CA,AWP,WE,Federal Contract Tower,0,6,30,0,36,0,22,51,0,73,0,28,81,0,109,42,0,42,151
10/26/2015,MOD,CA,AWP,WE,Federal Contract Tower,0,1,16,0,17,0,9,42,0,51,0,10,58,0,68,10,0,10,78
10/27/2015,MOD,CA,AWP,WE,Federal Contract Tower,4,32,1,0,37,0,7,64,2,73,4,39,65,2,110,24,6,30,140
10/28/2015,MOD,CA,AWP,WE,Federal Contract Tower,0,6,28,0,34,0,17,40,0,57,0,23,68,0,91,30,0,30,121
10/29/2015,MOD,CA,AWP,WE,Federal Contract Tower,0,2,22,0,24,0,37,39,0,76,0,39,61,0,100,48,0,48,148
10/30/2015,MOD,CA,AWP,WE,Federal Contract Tower,0,8,37,0,45,0,25,49,0,74,0,33,86,0,119,30,0,30,149
10/31/2015,MOD,CA,AWP,WE,Federal Contract Tower,0,1,45,0,46,0,20,65,0,85,0,21,110,0,131,20,0,20,151
11/01/2015,MOD,CA,AWP,WE,Federal Contract Tower,0,3,9,0,12,0,19,58,0,77,0,22,67,0,89,22,0,22,111
11/02/2015,MOD,CA,AWP,WE,Federal Contract Tower,0,6,23,0,29,0,3,3,0,6,0,9,26,0,35,0,0,0,35
11/03/2015,MOD,CA,AWP,WE,Federal Contract Tower,0,7,40,0,47,0,10,35,0,45,0,17,75,0,92,26,0,26,118
11/04/2015,MOD,CA,AWP,WE,Federal Contract Tower,0,11,52,0,63,0,28,40,0,68,0,39,92,0,131,18,0,18,149
11/05/2015,MOD,CA,AWP,WE,Federal Contract Tower,0,1,34,0,35,0,33,64,0,97,0,34,98,0,132,56,0,56,188
11/06/2015,MOD,CA,AWP,WE,Federal Contract Tower,0,4,33,0,37,0,35,69,0,104,0,39,102,0,141,60,0,60,201
11/07/2015,MOD,CA,AWP,WE,Federal Contract Tower,0,3,28,0,31,0,24,85,0,109,0,27,113,0,140,54,0,54,194
11/08/2015,MOD,CA,AWP,WE,Federal Contract Tower,0,2,6,0,8,0,14,31,0,45,0,16,37,0,53,8,0,8,61
11/09/2015,MOD,CA,AWP,WE,Federal Contract Tower,0,3,19,0,22,0,12,16,0,28,0,15,35,0,50,14,0,14,64
11/10/2015,MOD,CA,AWP,WE,Federal Contract Tower,0,8,69,2,79,0,9,32,0,41,0,17,101,2,120,10,0,10,130
11/11/2015,MOD,CA,AWP,WE,Federal Contract Tower,0,6,35,0,41,0,21,69,0,90,0,27,104,0,131,92,0,92,223
11/12/2015,MOD,CA,AWP,WE,Federal Contract Tower,0,10,20,2,32,0,28,39,0,67,0,38,59,2,99,18,0,18,117
11/13/2015,MOD,CA,AWP,WE,Federal Contract Tower,0,4,18,0,22,0,28,46,0,74,0,32,64,0,96,30,0,30,126
11/14/2015,MOD,CA,AWP,WE,Federal Contract Tower,0,6,7,0,13,0,19,100,0,119,0,25,107,0,132,112,0,112,244
11/15/2015,MOD,CA,AWP,WE,Federal Contract Tower,0,4,3,0,7,0,6,17,0,23,0,10,20,0,30,10,0,10,40
11/16/2015,MOD,CA,AWP,WE,Federal Contract Tower,0,1,10,0,11,0,13,13,0,26,0,14,23,0,37,2,0,2,39
11/17/2015,MOD,CA,AWP,WE,Federal Contract Tower,0,2,25,0,27,0,25,60,0,85,0,27,85,0,112,48,0,48,160
11/18/2015,MOD,CA,AWP,WE,Federal Contract Tower,0,13,26,12,51,0,27,55,0,82,0,40,81,12,133,20,0,20,153
11/19/2015,MOD,CA,AWP,WE,Federal Contract Tower,0,10,17,0,27,0,52,51,0,103,0,62,68,0,130,14,0,14,144
11/20/2015,MOD,CA,AWP,WE,Federal Contract Tower,0,2,23,0,25,0,36,48,0,84,0,38,71,0,109,56,0,56,165
11/21/2015,MOD,CA,AWP,WE,Federal Contract Tower,0,4,25,0,29,0,22,55,0,77,0,26,80,0,106,60,0,60,166
11/22/2015,MOD,CA,AWP,WE,Federal Contract Tower,0,4,12,0,16,0,12,44,0,56,0,16,56,0,72,22,0,22,94
11/23/2015,MOD,CA,AWP,WE,Federal Contract Tower,0,12,27,6,45,0,9,18,0,27,0,21,45,6,72,4,0,4,76
11/24/2015,MOD,CA,AWP,WE,Federal Contract Tower,0,12,29,0,41,0,23,15,0,38,0,35,44,0,79,8,0,8,87
11/25/2015,MOD,CA,AWP,WE,Federal Contract Tower,0,4,39,0,43,0,24,60,0,84,0,28,99,0,127,84,0,84,211
11/26/2015,MOD,CA,AWP,WE,Federal Contract Tower,0,0,2,0,2,0,11,18,0,29,0,11,20,0,31,30,0,30,61
11/27/2015,MOD,CA,AWP,WE,Federal Contract Tower,0,1,23,0,24,0,35,45,0,80,0,36,68,0,104,32,0,32,136
11/28/2015,MOD,CA,AWP,WE,Federal Contract Tower,0,3,20,0,23,0,8,68,0,76,0,11,88,0,99,94,0,94,193
11/29/2015,MOD,CA,AWP,WE,Federal Contract Tower,0,4,17,0,21,0,21,56,0,77,0,25,73,0,98,16,0,16,114
11/30/2015,MOD,CA,AWP,WE,Federal Contract Tower,0,5,35,1,41,0,22,20,0,42,0,27,55,1,83,6,6,12,95
12/01/2015,MOD,CA,AWP,WE,Federal Contract Tower,0,6,16,2,24,0,17,31,0,48,0,23,47,2,72,16,0,16,88
12/02/2015,MOD,CA,AWP,WE,Federal Contract Tower,0,3,21,0,24,0,8,41,0,49,0,11,62,0,73,28,0,28,101
12/03/2015,MOD,CA,AWP,WE,Federal Contract Tower,0,9,23,0,32,0,19,10,0,29,0,28,33,0,61,0,0,0,61
12/04/2015,MOD,CA,AWP,WE,Federal Contract Tower,0,5,42,0,47,0,38,56,0,94,0,43,98,0,141,22,0,22,163
12/05/2015,MOD,CA,AWP,WE,Federal Contract Tower,0,2,39,0,41,0,16,68,0,84,0,18,107,0,125,38,0,38,163
12/06/2015,MOD,CA,AWP,WE,Federal Contract Tower,0,1,8,0,9,0,12,29,0,41,0,13,37,0,50,54,0,54,104
12/07/2015,MOD,CA,AWP,WE,Federal Contract Tower,0,3,24,0,27,0,26,13,0,39,0,29,37,0,66,14,0,14,80
12/08/2015,MOD,CA,AWP,WE,Federal Contract Tower,0,22,63,4,89,0,8,11,0,19,0,30,74,4,108,28,0,28,136
12/09/2015,MOD,CA,AWP,WE,Federal Contract Tower,0,8,25,0,33,0,18,21,0,39,0,26,46,0,72,2,0,2,74
12/10/2015,MOD,CA,AWP,WE,Federal Contract Tower,0,10,23,2,35,0,4,13,0,17,0,14,36,2,52,18,0,18,70
12/11/2015,MOD,CA,AWP,WE,Federal Contract Tower,0,16,28,0,44,0,23,38,0,61,0,39,66,0,105,34,0,34,139
12/12/2015,MOD,CA,AWP,WE,Federal Contract Tower,0,2,20,0,22,0,23,98,0,121,0,25,118,0,143,40,0,40,183
12/13/2015,MOD,CA,AWP,WE,Federal Contract Tower,0,8,13,0,21,0,3,9,0,12,0,11,22,0,33,0,0,0,33
12/14/2015,MOD,CA,AWP,WE,Federal Contract Tower,0,4,19,0,23,0,4,35,2,41,0,8,54,2,64,20,0,20,84
12/15/2015,MOD,CA,AWP,WE,Federal Contract Tower,0,6,36,0,42,0,27,55,2,84,0,33,91,2,126,14,10,24,150
12/16/2015,MOD,CA,AWP,WE,Federal Contract Tower,0,8,33,0,41,0,29,57,0,86,0,37,90,0,127,32,0,32,159
12/17/2015,MOD,CA,AWP,WE,Federal Contract Tower,0,7,24,0,31,0,21,55,0,76,0,28,79,0,107,26,0,26,133
12/18/2015,MOD,CA,AWP,WE,Federal Contract Tower,0,9,21,0,30,0,25,26,0,51,0,34,47,0,81,22,0,22,103
12/19/2015,MOD,CA,AWP,WE,Federal Contract Tower,0,7,11,0,18,0,3,7,0,10,0,10,18,0,28,8,0,8,36
12/20/2015,MOD,CA,AWP,WE,Federal Contract Tower,0,5,13,0,18,0,2,8,0,10,0,7,21,0,28,2,0,2,30
12/21/2015,MOD,CA,AWP,WE,Federal Contract Tower,0,7,22,0,29,0,7,10,0,17,0,14,32,0,46,24,0,24,70
12/22/2015,MOD,CA,AWP,WE,Federal Contract Tower,0,7,33,0,40,0,10,17,0,27,0,17,50,0,67,0,0,0,67
12/23/2015,MOD,CA,AWP,WE,Federal Contract Tower,0,4,6,0,10,0,24,58,0,82,0,28,64,0,92,30,0,30,122
12/24/2015,MOD,CA,AWP,WE,Federal Contract Tower,0,7,3,0,10,0,8,9,0,17,0,15,12,0,27,14,0,14,41
12/25/2015,MOD,CA,AWP,WE,Federal Contract Tower,0,2,0,0,2,0,18,22,0,40,0,20,22,0,42,0,0,0,42
12/26/2015,MOD,CA,AWP,WE,Federal Contract Tower,0,6,11,0,17,0,19,85,0,104,0,25,96,0,121,64,0,64,185
12/27/2015,MOD,CA,AWP,WE,Federal Contract Tower,0,3,12,0,15,0,15,30,0,45,0,18,42,0,60,12,0,12,72
12/28/2015,MOD,CA,AWP,WE,Federal Contract Tower,0,11,34,0,45,0,4,9,0,13,0,15,43,0,58,14,0,14,72
12/29/2015,MOD,CA,AWP,WE,Federal Contract Tower,0,1,4,0,5,0,22,69,0,91,0,23,73,0,96,56,0,56,152
12/30/2015,MOD,CA,AWP,WE,Federal Contract Tower,0,9,26,0,35,0,23,53,0,76,0,32,79,0,111,48,0,48,159
12/31/2015,MOD,CA,AWP,WE,Federal Contract Tower,0,2,6,0,8,0,12,42,0,54,0,14,48,0,62,32,0,32,94
01/01/2016,MOD,CA,AWP,WE,Federal Contract Tower,0,7,17,0,24,0,27,28,0,55,0,34,45,0,79,58,0,58,137
01/02/2016,MOD,CA,AWP,WE,Federal Contract Tower,0,7,10,0,17,0,16,42,0,58,0,23,52,0,75,30,0,30,105
01/03/2016,MOD,CA,AWP,WE,Federal Contract Tower,0,2,9,0,11,0,23,35,0,58,0,25,44,0,69,8,0,8,77
01/04/2016,MOD,CA,AWP,WE,Federal Contract Tower,0,10,8,0,18,0,9,16,0,25,0,19,24,0,43,28,0,28,71
01/05/2016,MOD,CA,AWP,WE,Federal Contract Tower,0,7,23,0,30,0,8,6,0,14,0,15,29,0,44,2,0,2,46
01/06/2016,MOD,CA,AWP,WE,Federal Contract Tower,0,5,5,0,10,0,2,5,0,7,0,7,10,0,17,0,0,0,17
01/07/2016,MOD,CA,AWP,WE,Federal Contract Tower,0,13,31,0,44,0,17,7,0,24,0,30,38,0,68,2,0,2,70
01/08/2016,MOD,CA,AWP,WE,Federal Contract Tower,0,11,9,0,20,0,10,17,0,27,0,21,26,0,47,4,0,4,51
01/09/2016,MOD,CA,AWP,WE,Federal Contract Tower,0,7,10,4,21,0,6,23,0,29,0,13,33,4,50,2,0,2,52
01/10/2016,MOD,CA,AWP,WE,Federal Contract Tower,0,2,30,0,32,0,10,32,0,42,0,12,62,0,74,8,0,8,82
01/11/2016,MOD,CA,AWP,WE,Federal Contract Tower,0,7,9,0,16,0,7,39,0,46,0,14,48,0,62,48,0,48,110
01/12/2016,MOD,CA,AWP,WE,Federal Contract Tower,0,11,17,0,28,0,1,19,0,20,0,12,36,0,48,2,0,2,50
01/13/2016,MOD,CA,AWP,WE,Federal Contract Tower,0,11,11,0,22,0,20,19,0,39,0,31,30,0,61,0,0,0,61
01/14/2016,MOD,CA,AWP,WE,Federal Contract Tower,0,9,17,0,26,0,26,39,0,65,0,35,56,0,91,4,0,4,95
01/15/2016,MOD,CA,AWP,WE,Federal Contract Tower,0,8,14,0,22,0,18,65,0,83,0,26,79,0,105,24,0,24,129
01/16/2016,MOD,CA,AWP,WE,Federal Contract Tower,0,6,11,0,17,0,5,14,0,19,0,11,25,0,36,26,0,26,62
01/17/2016,MOD,CA,AWP,WE,Federal Contract Tower,0,6,13,0,19,0,9,24,0,33,0,15,37,0,52,20,0,20,72
01/18/2016,MOD,CA,AWP,WE,Federal Contract Tower,0,9,26,0,35,0,15,37,0,52,0,24,63,0,87,32,0,32,119
01/19/2016,MOD,CA,AWP,WE,Federal Contract Tower,0,10,13,0,23,0,6,4,0,10,0,16,17,0,33,0,0,0,33
01/20/2016,MOD,CA,AWP,WE,Federal Contract Tower,0,8,22,0,30,0,23,37,0,60,0,31,59,0,90,30,0,30,120
01/21/2016,MOD,CA,AWP,WE,Federal Contract Tower,0,8,13,0,21,0,17,2,0,19,0,25,15,0,40,2,0,2,42
01/22/2016,MOD,CA,AWP,WE,Federal Contract Tower,0,12,33,0,45,0,9,18,0,27,0,21,51,0,72,0,0,0,72
01/23/2016,MOD,CA,AWP,WE,Federal Contract Tower,0,0,7,0,7,0,2,31,0,33,0,2,38,0,40,6,0,6,46
01/24/2016,MOD,CA,AWP,WE,Federal Contract Tower,0,1,15,0,16,0,12,70,0,82,0,13,85,0,98,44,0,44,142
01/25/2016,MOD,CA,AWP,WE,Federal Contract Tower,0,4,16,2,22,0,16,36,0,52,0,20,52,2,74,14,0,14,88
01/26/2016,MOD,CA,AWP,WE,Federal Contract Tower,0,5,38,0,43,0,5,45,0,50,0,10,83,0,93,52,0,52,145
01/27/2016,MOD,CA,AWP,WE,Federal Contract Tower,0,7,11,0,18,0,17,54,0,71,0,24,65,0,89,14,0,14,103
01/28/2016,MOD,CA,AWP,WE,Federal Contract Tower,0,15,9,0,24,0,4,10,0,14,0,19,19,0,38,0,0,0,38
01/29/2016,MOD,CA,AWP,WE,Federal Contract Tower,0,7,35,0,42,0,12,9,0,21,0,19,44,0,63,10,0,10,73
01/30/2016,MOD,CA,AWP,WE,Federal Contract Tower,0,18,15,0,33,0,4,32,4,40,0,22,47,4,73,20,0,20,93
01/31/2016,MOD,CA,AWP,WE,Federal Contract Tower,0,2,12,0,14,0,13,19,0,32,0,15,31,0,46,12,0,12,58
02/01/2016,MOD,CA,AWP,WE,Federal Contract Tower,0,5,8,0,13,0,14,30,0,44,0,19,38,0,57,54,0,54,111
02/02/2016,MOD,CA,AWP,WE,Federal Contract Tower,0,11,18,0,29,0,18,28,0,46,0,29,46,0,75,60,0,60,135
02/03/2016,MOD,CA,AWP,WE,Federal Contract Tower,0,9,13,0,22,0,24,47,0,71,0,33,60,0,93,10,0,10,103
02/04/2016,MOD,CA,AWP,WE,Federal Contract Tower,0,5,24,0,29,0,17,36,0,53,0,22,60,0,82,20,0,20,102
02/05/2016,MOD,CA,AWP,WE,Federal Contract Tower,0,6,25,0,31,0,18,56,0,74,0,24,81,0,105,24,0,24,129
02/06/2016,MOD,CA,AWP,WE,Federal Contract Tower,0,4,13,0,17,0,13,58,2,73,0,17,71,2,90,58,0,58,148
02/07/2016,MOD,CA,AWP,WE,Federal Contract Tower,0,8,4,0,12,0,11,40,0,51,0,19,44,0,63,16,0,16,79
02/08/2016,MOD,CA,AWP,WE,Federal Contract Tower,0,4,15,0,19,0,6,45,2,53,0,10,60,2,72,12,0,12,84
02/09/2016,MOD,CA,AWP,WE,Federal Contract Tower,0,7,35,0,42,0,25,58,0,83,0,32,93,0,125,28,0,28,153
02/10/2016,MOD,CA,AWP,WE,Federal Contract Tower,0,7,33,0,40,0,21,79,2,102,0,28,112,2,142,24,0,24,166
02/11/2016,MOD,CA,AWP,WE,Federal Contract Tower,0,8,27,0,35,0,22,53,0,75,0,30,80,0,110,36,0,36,146
02/12/2016,MOD,CA,AWP,WE,Federal Contract Tower,0,9,20,0,29,0,17,66,0,83,0,26,86,0,112,22,0,22,134
02/13/2016,MOD,CA,AWP,WE,Federal Contract Tower,0,1,32,0,33,0,26,100,0,126,0,27,132,0,159,48,0,48,207
02/14/2016,MOD,CA,AWP,WE,Federal Contract Tower,0,0,6,0,6,0,12,46,0,58,0,12,52,0,64,2,0,2,66
02/15/2016,MOD,CA,AWP,WE,Federal Contract Tower,0,8,17,0,25,0,9,57,0,66,0,17,74,0,91,36,0,36,127
02/16/2016,MOD,CA,AWP,WE,Federal Contract Tower,0,9,38,0,47,0,21,58,0,79,0,30,96,0,126,20,0,20,146
02/17/2016,MOD,CA,AWP,WE,Federal Contract Tower,0,11,9,0,20,0,3,13,0,16,0,14,22,0,36,7,0,7,43
02/18/2016,MOD,CA,AWP,WE,Federal Contract Tower,0,4,18,0,22,0,17,30,2,49,0,21,48,2,71,12,0,12,83
02/19/2016,MOD,CA,AWP,WE,Federal Contract Tower,0,10,22,0,32,0,21,50,0,71,0,31,72,0,103,6,0,6,109
02/20/2016,MOD,CA,AWP,WE,Federal Contract Tower,0,19,35,0,54,0,15,19,0,34,0,34,54,0,88,12,0,12,100
02/21/2016,MOD,CA,AWP,WE,Federal Contract Tower,0,3,23,0,26,0,16,60,0,76,0,19,83,0,102,14,0,14,116
02/22/2016,MOD,CA,AWP,WE,Federal Contract Tower,0,1,14,2,17,0,8,40,3,51,0,9,54,5,68,8,10,18,86
02/23/2016,MOD,CA,AWP,WE,Federal Contract Tower,0,5,19,0,24,0,12,78,0,90,0,17,97,0,114,40,0,40,154
02/24/2016,MOD,CA,AWP,WE,Federal Contract Tower,0,10,12,0,22,0,24,76,0,100,0,34,88,0,122,70,2,72,194
02/25/2016,MOD,CA,AWP,WE,Federal Contract Tower,0,7,15,1,23,0,27,85,0,112,0,34,100,1,135,46,0,46,181
02/26/2016,MOD,CA,AWP,WE,Federal Contract Tower,0,5,7,0,12,0,24,52,0,76,0,29,59,0,88,56,0,56,144
02/27/2016,MOD,CA,AWP,WE,Federal Contract Tower,0,5,21,0,26,0,19,51,0,70,0,24,72,0,96,56,2,58,154
02/28/2016,MOD,CA,AWP,WE,Federal Contract Tower,0,2,6,0,8,0,18,62,0,80,0,20,68,0,88,46,0,46,134
02/29/2016,MOD,CA,AWP,WE,Federal Contract Tower,0,7,23,0,30,0,6,62,0,68,0,13,85,0,98,22,0,22,120
03/01/2016,MOD,CA,AWP,WE,Federal Contract Tower,0,7,17,1,25,0,22,54,1,77,0,29,71,2,102,28,0,28,130
03/02/2016,MOD,CA,AWP,WE,Federal Contract Tower,0,8,17,0,25,0,17,51,0,68,0,25,68,0,93,8,0,8,101
03/03/2016,MOD,CA,AWP,WE,Federal Contract Tower,0,12,11,0,23,0,20,37,4,61,0,32,48,4,84,26,0,26,110
03/04/2016,MOD,CA,AWP,WE,Federal Contract Tower,0,18,1,0,19,0,23,15,0,38,0,41,16,0,57,28,0,28,85
03/05/2016,MOD,CA,AWP,WE,Federal Contract Tower,0,10,2,0,12,0,7,0,0,7,0,17,2,0,19,0,0,0,19
03/06/2016,MOD,CA,AWP,WE,Federal Contract Tower,0,7,5,0,12,0,11,12,0,23,0,18,17,0,35,14,0,14,49
03/07/2016,MOD,CA,AWP,WE,Federal Contract Tower,0,10,8,0,18,0,2,6,0,8,0,12,14,0,26,0,0,0,26
03/08/2016,MOD,CA,AWP,WE,Federal Contract Tower,0,8,14,0,22,0,24,52,0,76,0,32,66,0,98,52,0,52,150
03/09/2016,MOD,CA,AWP,WE,Federal Contract Tower,0,3,27,0,30,0,12,31,0,43,0,15,58,0,73,4,0,4,77
03/10/2016,MOD,CA,AWP,WE,Federal Contract Tower,0,7,26,5,38,0,22,33,0,55,0,29,59,5,93,16,4,20,113
03/11/2016,MOD,CA,AWP,WE,Federal Contract Tower,0,14,5,0,19,0,14,8,3,25,0,28,13,3,44,0,0,0,44
03/12/2016,MOD,CA,AWP,WE,Federal Contract Tower,0,8,13,0,21,0,12,35,0,47,0,20,48,0,68,12,0,12,80
03/13/2016,MOD,CA,AWP,WE,Federal Contract Tower,0,7,22,0,29,0,9,3,0,12,0,16,25,0,41,0,0,0,41
03/14/2016,MOD,CA,AWP,WE,Federal Contract Tower,0,10,16,0,26,0,33,33,0,66,0,43,49,0,92,0,0,0,92
03/15/2016,MOD,CA,AWP,WE,Federal Contract Tower,0,6,22,0,28,0,39,63,0,102,0,45,85,0,130,12,0,12,142
03/16/2016,MOD,CA,AWP,WE,Federal Contract Tower,0,5,8,0,13,0,18,68,0,86,0,23,76,0,99,50,0,50,149
03/17/2016,MOD,CA,AWP,WE,Federal Contract Tower,0,11,27,0,38,0,17,54,0,71,0,28,81,0,109,64,0,64,173
03/18/2016,MOD,CA,AWP,WE,Federal Contract Tower,0,1,26,0,27,0,42,81,0,123,0,43,107,0,150,62,0,62,212
03/19/2016,MOD,CA,AWP,WE,Federal Contract Tower,0,2,17,0,19,0,29,88,0,117,0,31,105,0,136,104,0,104,240
03/20/2016,MOD,CA,AWP,WE,Federal Contract Tower,0,6,1,0,7,0,29,28,0,57,0,35,29,0,64,26,0,26,90
03/21/2016,MOD,CA,AWP,WE,Federal Contract Tower,0,10,24,0,34,0,6,32,0,38,0,16,56,0,72,48,0,48,120
03/22/2016,MOD,CA,AWP,WE,Federal Contract Tower,0,3,24,0,27,0,21,37,0,58,0,24,61,0,85,14,0,14,99
03/23/2016,MOD,CA,AWP,WE,Federal Contract Tower,0,1,12,0,13,0,22,65,0,87,0,23,77,0,100,42,0,42,142
03/24/2016,MOD,CA,AWP,WE,Federal Contract Tower,0,13,37,0,50,0,30,87,0,117,0,43,124,0,167,30,0,30,197
03/25/2016,MOD,CA,AWP,WE,Federal Contract Tower,0,7,20,0,27,0,20,53,0,73,0,27,73,0,100,36,0,36,136
03/26/2016,MOD,CA,AWP,WE,Federal Contract Tower,0,0,13,0,13,0,19,77,0,96,0,19,90,0,109,34,0,34,143
03/27/2016,MOD,CA,AWP,WE,Federal Contract Tower,0,1,1,0,2,0,10,29,0,39,0,11,30,0,41,0,0,0,41
03/28/2016,MOD,CA,AWP,WE,Federal Contract Tower,0,11,6,0,17,0,11,35,0,46,0,22,41,0,63,0,0,0,63
03/29/2016,MOD,CA,AWP,WE,Federal Contract Tower,0,3,24,0,27,0,18,46,0,64,0,21,70,0,91,14,0,14,105
03/30/2016,MOD,CA,AWP,WE,Federal Contract Tower,0,4,17,0,21,0,27,64,0,91,0,31,81,0,112,28,0,28,140
03/31/2016,MOD,CA,AWP,WE,Federal Contract Tower,0,6,21,0,27,0,21,46,0,67,0,27,67,0,94,24,0,24,118
04/01/2016,MOD,CA,AWP,WE,Federal Contract Tower,0,15,22,0,37,0,30,43,0,73,0,45,65,0,110,22,0,22,132
04/02/2016,MOD,CA,AWP,WE,Federal Contract Tower,0,7,9,0,16,0,12,103,0,115,0,19,112,0,131,66,0,66,197
04/03/2016,MOD,CA,AWP,WE,Federal Contract Tower,0,3,14,0,17,0,21,40,0,61,0,24,54,0,78,20,0,20,98
04/04/2016,MOD,CA,AWP,WE,Federal Contract Tower,0,1,29,0,30,0,8,42,0,50,0,9,71,0,80,52,0,52,132
04/05/2016,MOD,CA,AWP,WE,Federal Contract Tower,0,0,16,0,16,0,27,46,0,73,0,27,62,0,89,14,0,14,103
04/06/2016,MOD,CA,AWP,WE,Federal Contract Tower,0,3,18,0,21,0,25,100,0,125,0,28,118,0,146,66,0,66,212
04/07/2016,MOD,CA,AWP,WE,Federal Contract Tower,0,1,32,6,39,0,36,43,0,79,0,37,75,6,118,40,0,40,158
04/08/2016,MOD,CA,AWP,WE,Federal Contract Tower,0,11,13,0,24,0,27,34,0,61,0,38,47,0,85,16,0,16,101
04/09/2016,MOD,CA,AWP,WE,Federal Contract Tower,0,11,16,0,27,0,10,1,0,11,0,21,17,0,38,0,0,0,38
04/10/2016,MOD,CA,AWP,WE,Federal Contract Tower,0,8,35,0,43,0,16,18,0,34,0,24,53,0,77,0,0,0,77
04/11/2016,MOD,CA,AWP,WE,Federal Contract Tower,0,7,14,0,21,0,15,43,0,58,0,22,57,0,79,14,0,14,93
04/12/2016,MOD,CA,AWP,WE,Federal Contract Tower,0,6,13,0,19,0,18,24,0,42,0,24,37,0,61,44,0,44,105
04/13/2016,MOD,CA,AWP,WE,Federal Contract Tower,0,5,25,0,30,0,16,46,0,62,0,21,71,0,92,52,0,52,144
04/14/2016,MOD,CA,AWP,WE,Federal Contract Tower,0,7,11,4,22,0,36,29,0,65,0,43,40,4,87,10,0,10,97
04/15/2016,MOD,CA,AWP,WE,Federal Contract Tower,0,13,15,0,28,0,27,35,0,62,0,40,50,0,90,14,0,14,104
04/16/2016,MOD,CA,AWP,WE,Federal Contract Tower,0,0,11,0,11,0,38,95,0,133,0,38,106,0,144,36,0,36,180
04/17/2016,MOD,CA,AWP,WE,Federal Contract Tower,0,6,13,0,19,0,18,59,0,77,0,24,72,0,96,8,0,8,104
04/18/2016,MOD,CA,AWP,WE,Federal Contract Tower,0,1,16,0,17,0,20,52,0,72,0,21,68,0,89,14,0,14,103
04/19/2016,MOD,CA,AWP,WE,Federal Contract Tower,0,10,28,0,38,0,35,101,0,136,0,45,129,0,174,44,0,44,218
04/20/2016,MOD,CA,AWP,WE,Federal Contract Tower,0,6,17,0,23,0,32,73,0,105,0,38,90,0,128,16,0,16,144
04/21/2016,MOD,CA,AWP,WE,Federal Contract Tower,0,9,18,0,27,0,27,43,0,70,0,36,61,0,97,12,0,12,109
04/22/2016,MOD,CA,AWP,WE,Federal Contract Tower,0,6,16,0,22,0,31,14,0,45,0,37,30,0,67,0,0,0,67
04/23/2016,MOD,CA,AWP,WE,Federal Contract Tower,0,1,43,0,44,0,27,54,0,81,0,28,97,0,125,4,0,4,129
04/24/2016,MOD,CA,AWP,WE,Federal Contract Tower,0,7,6,0,13,0,13,29,0,42,0,20,35,0,55,4,0,4,59
04/25/2016,MOD,CA,AWP,WE,Federal Contract Tower,0,2,22,0,24,0,9,37,0,46,0,11,59,0,70,22,0,22,92
04/26/2016,MOD,CA,AWP,WE,Federal Contract Tower,0,5,18,8,31,0,26,42,0,68,0,31,60,8,99,18,0,18,117
04/27/2016,MOD,CA,AWP,WE,Federal Contract Tower,0,19,18,0,37,0,20,15,0,35,0,39,33,0,72,14,0,14,86
04/28/2016,MOD,CA,AWP,WE,Federal Contract Tower,0,7,34,0,41,0,19,30,2,51,0,26,64,2,92,18,0,18,110
04/29/2016,MOD,CA,AWP,WE,Federal Contract Tower,0,6,18,0,24,0,48,46,0,94,0,54,64,0,118,26,0,26,144
04/30/2016,MOD,CA,AWP,WE,Federal Contract Tower,0,4,12,0,16,0,37,28,0,65,0,41,40,0,81,0,0,0,81
05/01/2016,MOD,CA,AWP,WE,Federal Contract Tower,0,5,11,0,16,0,20,55,0,75,0,25,66,0,91,44,0,44,135
05/02/2016,MOD,CA,AWP,WE,Federal Contract Tower,0,4,10,0,14,0,12,70,0,82,0,16,80,0,96,58,0,58,154
05/03/2016,MOD,CA,AWP,WE,Federal Contract Tower,0,1,31,0,32,0,27,49,0,76,0,28,80,0,108,26,0,26,134
05/04/2016,MOD,CA,AWP,WE,Federal Contract Tower,0,14,23,2,39,0,21,72,0,93,0,35,95,2,132,46,0,46,178
05/05/2016,MOD,CA,AWP,WE,Federal Contract Tower,0,17,18,0,35,0,16,30,0,46,0,33,48,0,81,20,0,20,101
05/06/2016,MOD,CA,AWP,WE,Federal Contract Tower,0,12,19,0,31,0,19,8,0,27,0,31,27,0,58,0,0,0,58
05/07/2016,MOD,CA,AWP,WE,Federal Contract Tower,0,5,2,0,7,0,20,15,0,35,0,25,17,0,42,2,0,2,44
05/08/2016,MOD,CA,AWP,WE,Federal Contract Tower,0,2,3,0,5,0,19,30,0,49,0,21,33,0,54,8,0,8,62
05/09/2016,MOD,CA,AWP,WE,Federal Contract Tower,0,13,24,0,37,0,14,44,2,60,0,27,68,2,97,20,0,20,117
05/10/2016,MOD,CA,AWP,WE,Federal Contract Tower,0,2,10,0,12,0,14,62,0,76,0,16,72,0,88,6,0,6,94
05/11/2016,MOD,CA,AWP,WE,Federal Contract Tower,0,7,7,0,14,0,22,68,0,90,0,29,75,0,104,10,0,10,114
05/12/2016,MOD,CA,AWP,WE,Federal Contract Tower,0,4,12,0,16,0,28,58,0,86,0,32,70,0,102,34,0,34,136
05/13/2016,MOD,CA,AWP,WE,Federal Contract Tower,0,6,17,0,23,0,31,59,0,90,0,37,76,0,113,24,0,24,137
05/14/2016,MOD,CA,AWP,WE,Federal Contract Tower,0,3,18,0,21,0,22,77,0,99,0,25,95,0,120,8,0,8,128
05/15/2016,MOD,CA,AWP,WE,Federal Contract Tower,0,5,8,0,13,0,5,55,0,60,0,10,63,0,73,12,0,12,85
05/16/2016,MOD,CA,AWP,WE,Federal Contract Tower,0,2,19,0,21,0,13,50,0,63,0,15,69,0,84,30,0,30,114
05/17/2016,MOD,CA,AWP,WE,Federal Contract Tower,0,1,6,0,7,0,13,68,0,81,0,14,74,0,88,20,0,20,108
05/18/2016,MOD,CA,AWP,WE,Federal Contract Tower,0,4,20,0,24,0,34,56,0,90,0,38,76,0,114,24,0,24,138
05/19/2016,MOD,CA,AWP,WE,Federal Contract Tower,0,3,8,6,17,0,36,46,0,82,0,39,54,6,99,6,0,6,105
05/20/2016,MOD,CA,AWP,WE,Federal Contract Tower,0,8,6,0,14,0,17,53,0,70,0,25,59,0,84,40,0,40,124
05/21/2016,MOD,CA,AWP,WE,Federal Contract Tower,0,4,7,0,11,0,28,32,0,60,0,32,39,0,71,18,0,18,89
05/22/2016,MOD,CA,AWP,WE,Federal Contract Tower,0,6,7,0,13,0,28,62,0,90,0,34,69,0,103,32,0,32,135
05/23/2016,MOD,CA,AWP,WE,Federal Contract Tower,0,4,30,0,34,0,8,43,0,51,0,12,73,0,85,20,0,20,105
05/24/2016,MOD,CA,AWP,WE,Federal Contract Tower,0,5,7,0,12,0,23,58,0,81,0,28,65,0,93,30,0,30,123
05/25/2016,MOD,CA,AWP,WE,Federal Contract Tower,0,15,10,0,25,0,26,78,0,104,0,41,88,0,129,82,0,82,211
05/26/2016,MOD,CA,AWP,WE,Federal Contract Tower,0,4,17,0,21,0,34,65,0,99,0,38,82,0,120,28,0,28,148
05/27/2016,MOD,CA,AWP,WE,Federal Contract Tower,0,7,4,0,11,0,35,47,0,82,0,42,51,0,93,0,0,0,93
05/28/2016,MOD,CA,AWP,WE,Federal Contract Tower,0,1,14,0,15,0,16,75,0,91,0,17,89,0,106,16,0,16,122
05/29/2016,MOD,CA,AWP,WE,Federal Contract Tower,0,1,11,2,14,0,18,63,0,81,0,19,74,2,95,52,0,52,147
05/30/2016,MOD,CA,AWP,WE,Federal Contract Tower,0,4,11,0,15,0,15,62,0,77,0,19,73,0,92,10,0,10,102
05/31/2016,MOD,CA,AWP,WE,Federal Contract Tower,0,12,30,0,42,0,24,60,0,84,0,36,90,0,126,30,0,30,156
06/01/2016,MOD,CA,AWP,WE,Federal Contract Tower,0,14,9,0,23,0,24,53,0,77,0,38,62,0,100,32,0,32,132
06/02/2016,MOD,CA,AWP,WE,Federal Contract Tower,0,9,21,0,30,0,25,35,0,60,0,34,56,0,90,6,0,6,96
06/03/2016,MOD,CA,AWP,WE,Federal Contract Tower,0,12,7,0,19,0,30,59,0,89,0,42,66,0,108,2,0,2,110
06/04/2016,MOD,CA,AWP,WE,Federal Contract Tower,0,2,4,0,6,0,27,43,0,70,0,29,47,0,76,44,0,44,120
06/05/2016,MOD,CA,AWP,WE,Federal Contract Tower,0,6,1,0,7,0,17,45,0,62,0,23,46,0,69,14,0,14,83
06/06/2016,MOD,CA,AWP,WE,Federal Contract Tower,0,9,5,0,14,0,7,50,0,57,0,16,55,0,71,14,0,14,85
06/07/2016,MOD,CA,AWP,WE,Federal Contract Tower,0,9,20,0,29,0,31,41,0,72,0,40,61,0,101,18,0,18,119
06/08/2016,MOD,CA,AWP,WE,Federal Contract Tower,0,9,24,4,37,0,27,69,1,97,0,36,93,5,134,52,12,64,198
06/09/2016,MOD,CA,AWP,WE,Federal Contract Tower,0,5,15,0,20,0,28,47,2,77,0,33,62,2,97,62,6,68,165
06/10/2016,MOD,CA,AWP,WE,Federal Contract Tower,2,2,2,0,6,0,38,61,0,99,2,40,63,0,105,82,0,82,187
06/11/2016,MOD,CA,AWP,WE,Federal Contract Tower,0,0,8,0,8,0,23,62,0,85,0,23,70,0,93,33,0,33,126
06/12/2016,MOD,CA,AWP,WE,Federal Contract Tower,0,5,6,0,11,0,20,42,0,62,0,25,48,0,73,18,0,18,91
06/13/2016,MOD,CA,AWP,WE,Federal Contract Tower,0,2,16,0,18,0,24,67,0,91,0,26,83,0,109,30,0,30,139
06/14/2016,MOD,CA,AWP,WE,Federal Contract Tower,0,4,10,0,14,0,39,64,0,103,0,43,74,0,117,28,0,28,145
06/15/2016,MOD,CA,AWP,WE,Federal Contract Tower,0,0,2,0,2,0,12,53,0,65,0,12,55,0,67,24,0,24,91
06/16/2016,MOD,CA,AWP,WE,Federal Contract Tower,0,6,8,0,14,0,26,41,1,68,0,32,49,1,82,0,6,6,88
06/17/2016,MOD,CA,AWP,WE,Federal Contract Tower,0,6,7,0,13,0,24,46,0,70,0,30,53,0,83,10,0,10,93
06/18/2016,MOD,CA,AWP,WE,Federal Contract Tower,0,4,3,0,7,0,28,90,0,118,0,32,93,0,125,16,0,16,141
06/19/2016,MOD,CA,AWP,WE,Federal Contract Tower,0,3,4,0,7,0,13,52,0,65,0,16,56,0,72,6,0,6,78
06/20/2016,MOD,CA,AWP,WE,Federal Contract Tower,0,7,11,0,18,0,20,52,0,72,0,27,63,0,90,2,0,2,92
06/21/2016,MOD,CA,AWP,WE,Federal Contract Tower,0,5,13,0,18,0,19,59,0,78,0,24,72,0,96,38,0,38,134
06/22/2016,MOD,CA,AWP,WE,Federal Contract Tower,0,3,12,2,17,0,25,86,0,111,0,28,98,2,128,8,0,8,136
06/23/2016,MOD,CA,AWP,WE,Federal Contract Tower,0,10,25,0,35,0,38,45,0,83,0,48,70,0,118,50,0,50,168
06/24/2016,MOD,CA,AWP,WE,Federal Contract Tower,0,3,5,0,8,0,48,37,0,85,0,51,42,0,93,18,0,18,111
06/25/2016,MOD,CA,AWP,WE,Federal Contract Tower,0,4,17,0,21,0,33,69,0,102,0,37,86,0,123,20,0,20,143
06/26/2016,MOD,CA,AWP,WE,Federal Contract Tower,0,9,10,0,19,0,25,64,0,89,0,34,74,0,108,16,0,16,124
06/27/2016,MOD,CA,AWP,WE,Federal Contract Tower,0,8,10,0,18,0,31,44,0,75,0,39,54,0,93,8,0,8,101
06/28/2016,MOD,CA,AWP,WE,Federal Contract Tower,0,2,20,0,22,0,24,53,0,77,0,26,73,0,99,14,0,14,113
06/29/2016,MOD,CA,AWP,WE,Federal Contract Tower,0,7,20,0,27,0,44,59,0,103,0,51,79,0,130,38,0,38,168
06/30/2016,MOD,CA,AWP,WE,Federal Contract Tower,0,7,4,0,11,0,21,58,0,79,0,28,62,0,90,14,0,14,104
07/01/2016,MOD,CA,AWP,WE,Federal Contract Tower,0,10,20,0,30,0,43,58,0,101,0,53,78,0,131,26,0,26,157
07/02/2016,MOD,CA,AWP,WE,Federal Contract Tower,0,0,6,0,6,0,21,63,0,84,0,21,69,0,90,16,0,16,106
07/03/2016,MOD,CA,AWP,WE,Federal Contract Tower,0,1,8,0,9,0,31,46,0,77,0,32,54,0,86,10,0,10,96
07/04/2016,MOD,CA,AWP,WE,Federal Contract Tower,0,5,3,0,8,0,12,30,0,42,0,17,33,0,50,14,0,14,64
07/05/2016,MOD,CA,AWP,WE,Federal Contract Tower,0,5,7,0,12,0,31,46,0,77,0,36,53,0,89,30,2,32,121
07/06/2016,MOD,CA,AWP,WE,Federal Contract Tower,0,1,17,2,20,0,46,64,0,110,0,47,81,2,130,50,0,50,180
07/07/2016,MOD,CA,AWP,WE,Federal Contract Tower,0,4,10,0,14,0,18,52,0,70,0,22,62,0,84,2,0,2,86
07/08/2016,MOD,CA,AWP,WE,Federal Contract Tower,0,10,10,0,20,0,33,60,0,93,0,43,70,0,113,2,0,2,115
07/09/2016,MOD,CA,AWP,WE,Federal Contract Tower,0,8,9,0,17,0,43,84,0,127,0,51,93,0,144,34,0,34,178
07/10/2016,MOD,CA,AWP,WE,Federal Contract Tower,0,3,0,0,3,0,44,36,0,80,0,47,36,0,83,10,0,10,93
07/11/2016,MOD,CA,AWP,WE,Federal Contract Tower,0,2,14,0,16,0,24,55,0,79,0,26,69,0,95,22,0,22,117
07/12/2016,MOD,CA,AWP,WE,Federal Contract Tower,0,2,14,0,16,0,22,45,0,67,0,24,59,0,83,22,0,22,105
07/13/2016,MOD,CA,AWP,WE,Federal Contract Tower,0,13,14,0,27,0,22,58,0,80,0,35,72,0,107,20,0,20,127
07/14/2016,MOD,CA,AWP,WE,Federal Contract Tower,0,10,6,0,16,0,21,51,0,72,0,31,57,0,88,26,0,26,114
07/15/2016,MOD,CA,AWP,WE,Federal Contract Tower,0,5,18,0,23,0,30,60,0,90,0,35,78,0,113,48,0,48,161
07/16/2016,MOD,CA,AWP,WE,Federal Contract Tower,0,0,3,0,3,0,31,82,0,113,0,31,85,0,116,50,0,50,166
07/17/2016,MOD,CA,AWP,WE,Federal Contract Tower,0,0,7,0,7,0,19,60,0,79,0,19,67,0,86,40,0,40,126
07/18/2016,MOD,CA,AWP,WE,Federal Contract Tower,0,5,13,0,18,0,15,45,0,60,0,20,58,0,78,10,0,10,88
07/19/2016,MOD,CA,AWP,WE,Federal Contract Tower,0,4,14,0,18,0,26,52,0,78,0,30,66,0,96,90,0,90,186
07/20/2016,MOD,CA,AWP,WE,Federal Contract Tower,0,7,24,0,31,0,12,76,0,88,0,19,100,0,119,8,0,8,127
07/21/2016,MOD,CA,AWP,WE,Federal Contract Tower,0,4,13,2,19,0,29,56,0,85,0,33,69,2,104,54,0,54,158
07/22/2016,MOD,CA,AWP,WE,Federal Contract Tower,0,4,24,0,28,0,29,59,0,88,0,33,83,0,116,56,0,56,172
07/23/2016,MOD,CA,AWP,WE,Federal Contract Tower,0,1,6,0,7,0,14,69,0,83,0,15,75,0,90,30,0,30,120
07/24/2016,MOD,CA,AWP,WE,Federal Contract Tower,0,2,10,0,12,0,11,38,0,49,0,13,48,0,61,24,0,24,85
07/25/2016,MOD,CA,AWP,WE,Federal Contract Tower,0,2,14,2,18,0,12,48,0,60,0,14,62,2,78,48,0,48,126
07/26/2016,MOD,CA,AWP,WE,Federal Contract Tower,0,8,10,2,20,0,24,52,0,76,0,32,62,2,96,42,0,42,138
07/27/2016,MOD,CA,AWP,WE,Federal Contract Tower,0,2,5,0,7,0,24,43,0,67,0,26,48,0,74,40,0,40,114
07/28/2016,MOD,CA,AWP,WE,Federal Contract Tower,0,1,32,0,33,0,32,53,0,85,0,33,85,0,118,38,0,38,156
07/29/2016,MOD,CA,AWP,WE,Federal Contract Tower,0,6,15,0,21,0,43,64,0,107,0,49,79,0,128,36,0,36,164
07/30/2016,MOD,CA,AWP,WE,Federal Contract Tower,0,4,22,0,26,0,33,57,0,90,0,37,79,0,116,52,0,52,168
07/31/2016,MOD,CA,AWP,WE,Federal Contract Tower,0,3,12,0,15,0,32,46,0,78,0,35,58,0,93,40,0,40,133
08/01/2016,MOD,CA,AWP,WE,Federal Contract Tower,0,4,7,0,11,0,20,35,0,55,0,24,42,0,66,38,0,38,104
08/02/2016,MOD,CA,AWP,WE,Federal Contract Tower,0,0,7,0,7,0,29,48,0,77,0,29,55,0,84,52,0,52,136
08/03/2016,MOD,CA,AWP,WE,Federal Contract Tower,0,5,14,0,19,0,34,64,0,98,0,39,78,0,117,38,0,38,155
08/04/2016,MOD,CA,AWP,WE,Federal Contract Tower,0,5,11,0,16,0,12,37,0,49,0,17,48,0,65,28,0,28,93
08/05/2016,MOD,CA,AWP,WE,Federal Contract Tower,0,12,13,0,25,0,24,57,0,81,0,36,70,0,106,60,0,60,166
08/06/2016,MOD,CA,AWP,WE,Federal Contract Tower,0,0,18,0,18,0,24,42,0,66,0,24,60,0,84,26,0,26,110
08/07/2016,MOD,CA,AWP,WE,Federal Contract Tower,0,3,5,0,8,0,27,55,0,82,0,30,60,0,90,48,0,48,138
08/08/2016,MOD,CA,AWP,WE,Federal Contract Tower,0,7,4,0,11,0,18,32,0,50,0,25,36,0,61,14,0,14,75
08/09/2016,MOD,CA,AWP,WE,Federal Contract Tower,0,9,8,0,17,0,31,80,0,111,0,40,88,0,128,32,0,32,160
08/10/2016,MOD,CA,AWP,WE,Federal Contract Tower,0,4,16,0,20,0,31,60,0,91,0,35,76,0,111,4,0,4,115
08/11/2016,MOD,CA,AWP,WE,Federal Contract Tower,0,10,22,0,32,0,53,49,0,102,0,63,71,0,134,22,0,22,156
08/12/2016,MOD,CA,AWP,WE,Federal Contract Tower,0,5,7,0,12,0,22,47,0,69,0,27,54,0,81,24,0,24,105
08/13/2016,MOD,CA,AWP,WE,Federal Contract Tower,0,0,5,0,5,0,32,124,0,156,0,32,129,0,161,34,0,34,195
08/14/2016,MOD,CA,AWP,WE,Federal Contract Tower,0,5,2,0,7,0,46,61,0,107,0,51,63,0,114,20,0,20,134
08/15/2016,MOD,CA,AWP,WE,Federal Contract Tower,0,7,24,0,31,0,21,34,0,55,0,28,58,0,86,22,0,22,108
08/16/2016,MOD,CA,AWP,WE,Federal Contract Tower,0,9,22,0,31,0,21,53,0,74,0,30,75,0,105,14,0,14,119
08/17/2016,MOD,CA,AWP,WE,Federal Contract Tower,0,2,10,0,12,0,38,65,0,103,0,40,75,0,115,24,0,24,139
08/18/2016,MOD,CA,AWP,WE,Federal Contract Tower,0,2,14,0,16,0,28,42,0,70,0,30,56,0,86,10,0,10,96
08/19/2016,MOD,CA,AWP,WE,Federal Contract Tower,0,7,24,0,31,0,32,56,0,88,0,39,80,0,119,2,0,2,121
08/20/2016,MOD,CA,AWP,WE,Federal Contract Tower,0,0,15,0,15,0,19,35,0,54,0,19,50,0,69,26,0,26,95
08/21/2016,MOD,CA,AWP,WE,Federal Contract Tower,0,6,4,0,10,0,23,40,0,63,0,29,44,0,73,10,0,10,83
08/22/2016,MOD,CA,AWP,WE,Federal Contract Tower,0,4,5,0,9,0,17,46,0,63,0,21,51,0,72,14,0,14,86
08/23/2016,MOD,CA,AWP,WE,Federal Contract Tower,0,4,8,0,12,0,31,48,0,79,0,35,56,0,91,30,0,30,121
08/24/2016,MOD,CA,AWP,WE,Federal Contract Tower,0,2,24,0,26,0,19,62,0,81,0,21,86,0,107,22,0,22,129
08/25/2016,MOD,CA,AWP,WE,Federal Contract Tower,0,5,21,0,26,0,33,48,2,83,0,38,69,2,109,2,0,2,111
08/26/2016,MOD,CA,AWP,WE,Federal Contract Tower,0,13,12,0,25,0,43,56,0,99,0,56,68,0,124,30,0,30,154
08/27/2016,MOD,CA,AWP,WE,Federal Contract Tower,0,3,11,0,14,0,35,56,0,91,0,38,67,0,105,8,0,8,113
08/28/2016,MOD,CA,AWP,WE,Federal Contract Tower,0,4,3,0,7,0,12,44,0,56,0,16,47,0,63,38,0,38,101
08/29/2016,MOD,CA,AWP,WE,Federal Contract Tower,0,8,32,0,40,0,19,41,0,60,0,27,73,0,100,46,0,46,146
08/30/2016,MOD,CA,AWP,WE,Federal Contract Tower,0,3,11,0,14,0,13,47,0,60,0,16,58,0,74,26,2,28,102
08/31/2016,MOD,CA,AWP,WE,Federal Contract Tower,0,10,21,0,31,0,31,54,0,85,0,41,75,0,116,14,0,14,130
09/01/2016,MOD,CA,AWP,WE,Federal Contract Tower,0,13,28,0,41,0,22,54,0,76,0,35,82,0,117,34,0,34,151
09/02/2016,MOD,CA,AWP,WE,Federal Contract Tower,0,6,9,0,15,0,26,46,0,72,0,32,55,0,87,14,0,14,101
09/03/2016,MOD,CA,AWP,WE,Federal Contract Tower,0,6,6,0,12,0,17,66,0,83,0,23,72,0,95,64,0,64,159
09/04/2016,MOD,CA,AWP,WE,Federal Contract Tower,0,8,5,2,15,0,34,68,0,102,0,42,73,2,117,44,0,44,161
09/05/2016,MOD,CA,AWP,WE,Federal Contract Tower,0,4,7,0,11,0,30,34,0,64,0,34,41,0,75,36,0,36,111
09/06/2016,MOD,CA,AWP,WE,Federal Contract Tower,0,1,16,0,17,0,19,68,0,87,0,20,84,0,104,12,0,12,116
09/07/2016,MOD,CA,AWP,WE,Federal Contract Tower,0,7,20,2,29,0,22,48,0,70,0,29,68,2,99,60,0,60,159
09/08/2016,MOD,CA,AWP,WE,Federal Contract Tower,0,9,8,2,19,0,39,44,0,83,0,48,52,2,102,44,0,44,146
09/09/2016,MOD,CA,AWP,WE,Federal Contract Tower,0,13,8,0,21,0,29,40,2,71,0,42,48,2,92,26,0,26,118
09/10/2016,MOD,CA,AWP,WE,Federal Contract Tower,0,2,13,0,15,0,13,93,0,106,0,15,106,0,121,72,0,72,193
09/11/2016,MOD,CA,AWP,WE,Federal Contract Tower,0,9,7,0,16,0,30,55,0,85,0,39,62,0,101,16,0,16,117
09/12/2016,MOD,CA,AWP,WE,Federal Contract Tower,0,3,12,0,15,0,22,43,0,65,0,25,55,0,80,24,0,24,104
09/13/2016,MOD,CA,AWP,WE,Federal Contract Tower,0,8,23,2,33,0,17,64,0,81,0,25,87,2,114,62,0,62,176
09/14/2016,MOD,CA,AWP,WE,Federal Contract Tower,0,2,20,0,22,0,24,52,1,77,0,26,72,1,99,14,2,16,115
09/15/2016,MOD,CA,AWP,WE,Federal Contract Tower,0,12,25,0,37,0,50,48,0,98,0,62,73,0,135,10,0,10,145
09/16/2016,MOD,CA,AWP,WE,Federal Contract Tower,0,13,15,0,28,0,32,56,0,88,0,45,71,0,116,26,0,26,142
09/17/2016,MOD,CA,AWP,WE,Federal Contract Tower,0,5,21,0,26,0,10,54,0,64,0,15,75,0,90,42,0,42,132
09/18/2016,MOD,CA,AWP,WE,Federal Contract Tower,0,1,11,0,12,0,40,60,0,100,0,41,71,0,112,30,0,30,142
09/19/2016,MOD,CA,AWP,WE,Federal Contract Tower,0,8,13,0,21,0,14,50,0,64,0,22,63,0,85,6,0,6,91
09/20/2016,MOD,CA,AWP,WE,Federal Contract Tower,0,4,17,0,21,0,21,46,1,68,0,25,63,1,89,2,0,2,91
09/21/2016,MOD,CA,AWP,WE,Federal Contract Tower,0,15,10,2,27,0,35,56,0,91,0,50,66,2,118,44,0,44,162
09/22/2016,MOD,CA,AWP,WE,Federal Contract Tower,0,7,5,0,12,0,34,55,0,89,0,41,60,0,101,10,0,10,111
09/23/2016,MOD,CA,AWP,WE,Federal Contract Tower,0,1,12,0,13,0,46,68,4,118,0,47,80,4,131,30,0,30,161
09/24/2016,MOD,CA,AWP,WE,Federal Contract Tower,0,7,6,0,13,0,48,98,4,150,0,55,104,4,163,60,0,60,223
09/25/2016,MOD,CA,AWP,WE,Federal Contract Tower,0,6,20,0,26,0,70,54,0,124,0,76,74,0,150,40,0,40,190
09/26/2016,MOD,CA,AWP,WE,Federal Contract Tower,0,5,5,0,10,0,28,57,0,85,0,33,62,0,95,30,0,30,125
09/27/2016,MOD,CA,AWP,WE,Federal Contract Tower,0,1,15,0,16,0,43,58,0,101,0,44,73,0,117,32,0,32,149
09/28/2016,MOD,CA,AWP,WE,Federal Contract Tower,0,10,16,0,26,0,29,62,0,91,0,39,78,0,117,24,0,24,141
09/29/2016,MOD,CA,AWP,WE,Federal Contract Tower,0,11,15,0,26,0,39,52,0,91,0,50,67,0,117,36,0,36,153
09/30/2016,MOD,CA,AWP,WE,Federal Contract Tower,0,10,9,4,23,0,30,47,0,77,0,40,56,4,100,24,0,24,124
10/01/2016,MOD,CA,AWP,WE,Federal Contract Tower,0,3,8,0,11,0,28,59,0,87,0,31,67,0,98,22,0,22,120
10/02/2016,MOD,CA,AWP,WE,Federal Contract Tower,0,8,15,0,23,0,34,34,0,68,0,42,49,0,91,2,0,2,93
10/03/2016,MOD,CA,AWP,WE,Federal Contract Tower,0,6,4,0,10,0,8,33,0,41,0,14,37,0,51,46,0,46,97
10/04/2016,MOD,CA,AWP,WE,Federal Contract Tower,0,2,19,0,21,0,25,47,0,72,0,27,66,0,93,12,0,12,105
10/05/2016,MOD,CA,AWP,WE,Federal Contract Tower,0,5,10,0,15,0,42,50,0,92,0,47,60,0,107,8,0,8,115
10/06/2016,MOD,CA,AWP,WE,Federal Contract Tower,0,8,9,0,17,0,45,44,0,89,0,53,53,0,106,24,0,24,130
10/07/2016,MOD,CA,AWP,WE,Federal Contract Tower,0,6,9,0,15,0,30,82,4,116,0,36,91,4,131,38,0,38,169
10/08/2016,MOD,CA,AWP,WE,Federal Contract Tower,0,4,6,0,10,0,20,147,0,167,0,24,153,0,177,126,0,126,303
10/09/2016,MOD,CA,AWP,WE,Federal Contract Tower,0,7,6,0,13,0,33,35,0,68,0,40,41,0,81,18,0,18,99
10/10/2016,MOD,CA,AWP,WE,Federal Contract Tower,0,1,12,0,13,0,17,55,0,72,0,18,67,0,85,28,0,28,113
10/11/2016,MOD,CA,AWP,WE,Federal Contract Tower,0,4,19,0,23,0,23,57,0,80,0,27,76,0,103,24,0,24,127
10/12/2016,MOD,CA,AWP,WE,Federal Contract Tower,0,10,16,0,26,0,17,40,0,57,0,27,56,0,83,26,0,26,109
10/13/2016,MOD,CA,AWP,WE,Federal Contract Tower,0,8,16,0,24,0,30,55,0,85,0,38,71,0,109,42,0,42,151
10/14/2016,MOD,CA,AWP,WE,Federal Contract Tower,0,15,10,2,27,0,13,5,0,18,0,28,15,2,45,0,0,0,45
10/15/2016,MOD,CA,AWP,WE,Federal Contract Tower,0,6,3,0,9,0,12,2,0,14,0,18,5,0,23,6,0,6,29
10/16/2016,MOD,CA,AWP,WE,Federal Contract Tower,0,2,10,0,12,0,0,0,0,0,0,2,10,0,12,0,0,0,12
10/17/2016,MOD,CA,AWP,WE,Federal Contract Tower,0,7,17,0,24,0,16,36,0,52,0,23,53,0,76,30,0,30,106
10/18/2016,MOD,CA,AWP,WE,Federal Contract Tower,0,3,11,0,14,0,20,52,2,74,0,23,63,2,88,2,18,20,108
10/19/2016,MOD,CA,AWP,WE,Federal Contract Tower,0,11,16,2,29,0,35,70,0,105,0,46,86,2,134,90,0,90,224
10/20/2016,MOD,CA,AWP,WE,Federal Contract Tower,0,5,22,0,27,0,31,57,0,88,0,36,79,0,115,60,0,60,175
10/21/2016,MOD,CA,AWP,WE,Federal Contract Tower,0,10,20,0,30,0,29,85,0,114,0,39,105,0,144,48,0,48,192
10/22/2016,MOD,CA,AWP,WE,Federal Contract Tower,0,4,15,0,19,0,25,93,0,118,0,29,108,0,137,54,0,54,191
10/23/2016,MOD,CA,AWP,WE,Federal Contract Tower,0,5,17,0,22,0,13,48,0,61,0,18,65,0,83,24,0,24,107
10/24/2016,MOD,CA,AWP,WE,Federal Contract Tower,0,7,4,0,11,0,5,29,0,34,0,12,33,0,45,22,0,22,67
10/25/2016,MOD,CA,AWP,WE,Federal Contract Tower,0,8,5,0,13,0,18,23,0,41,0,26,28,0,54,58,0,58,112
10/26/2016,MOD,CA,AWP,WE,Federal Contract Tower,0,8,26,0,34,0,25,81,0,106,0,33,107,0,140,70,0,70,210
10/27/2016,MOD,CA,AWP,WE,Federal Contract Tower,0,11,31,0,42,0,4,26,0,30,0,15,57,0,72,20,0,20,92
10/28/2016,MOD,CA,AWP,WE,Federal Contract Tower,0,11,15,0,26,0,7,2,0,9,0,18,17,0,35,2,0,2,37
10/29/2016,MOD,CA,AWP,WE,Federal Contract Tower,0,9,11,0,20,0,5,22,0,27,0,14,33,0,47,28,0,28,75
10/30/2016,MOD,CA,AWP,WE,Federal Contract Tower,0,7,5,0,12,0,25,8,0,33,0,32,13,0,45,4,0,4,49
10/31/2016,MOD,CA,AWP,WE,Federal Contract Tower,0,6,8,0,14,0,13,36,0,49,0,19,44,0,63,30,0,30,93
11/01/2016,MOD,CA,AWP,WE,Federal Contract Tower,0,4,8,0,12,0,14,39,0,53,0,18,47,0,65,34,0,34,99
11/02/2016,MOD,CA,AWP,WE,Federal Contract Tower,0,5,12,0,17,0,31,67,0,98,0,36,79,0,115,100,0,100,215
11/03/2016,MOD,CA,AWP,WE,Federal Contract Tower,0,1,17,0,18,0,23,55,2,80,0,24,72,2,98,112,0,112,210
11/04/2016,MOD,CA,AWP,WE,Federal Contract Tower,0,7,12,0,19,0,38,55,2,95,0,45,67,2,114,66,0,66,180
11/05/2016,MOD,CA,AWP,WE,Federal Contract Tower,0,3,20,0,23,0,11,39,0,50,0,14,59,0,73,20,0,20,93
11/06/2016,MOD,CA,AWP,WE,Federal Contract Tower,0,4,6,0,10,0,21,35,0,56,0,25,41,0,66,46,0,46,112
11/07/2016,MOD,CA,AWP,WE,Federal Contract Tower,0,4,11,0,15,0,18,38,1,57,0,22,49,1,72,50,0,50,122
11/08/2016,MOD,CA,AWP,WE,Federal Contract Tower,0,3,13,0,16,0,32,39,0,71,0,35,52,0,87,0,0,0,87
11/09/2016,MOD,CA,AWP,WE,Federal Contract Tower,0,4,14,0,18,0,22,83,0,105,0,26,97,0,123,52,0,52,175
11/10/2016,MOD,CA,AWP,WE,Federal Contract Tower,0,7,9,0,16,0,20,54,0,74,0,27,63,0,90,38,0,38,128
11/11/2016,MOD,CA,AWP,WE,Federal Contract Tower,2,12,20,0,34,0,20,46,0,66,2,32,66,0,100,6,0,6,106
11/12/2016,MOD,CA,AWP,WE,Federal Contract Tower,0,1,8,0,9,0,10,114,0,124,0,11,122,0,133,22,0,22,155
11/13/2016,MOD,CA,AWP,WE,Federal Contract Tower,0,7,8,0,15,0,36,51,0,87,0,43,59,0,102,14,0,14,116
11/14/2016,MOD,CA,AWP,WE,Federal Contract Tower,0,2,39,0,41,0,10,36,0,46,0,12,75,0,87,21,0,21,108
11/15/2016,MOD,CA,AWP,WE,Federal Contract Tower,0,12,33,0,45,0,11,35,0,46,0,23,68,0,91,14,0,14,105
11/16/2016,MOD,CA,AWP,WE,Federal Contract Tower,0,0,17,0,17,0,31,54,0,85,0,31,71,0,102,26,0,26,128
11/17/2016,MOD,CA,AWP,WE,Federal Contract Tower,0,4,12,0,16,0,28,79,0,107,0,32,91,0,123,36,0,36,159
11/18/2016,MOD,CA,AWP,WE,Federal Contract Tower,0,3,30,2,35,0,27,86,0,113,0,30,116,2,148,36,0,36,184
11/19/2016,MOD,CA,AWP,WE,Federal Contract Tower,0,14,4,0,18,0,21,13,0,34,0,35,17,0,52,26,0,26,78
11/20/2016,MOD,CA,AWP,WE,Federal Contract Tower,0,15,4,0,19,0,0,0,0,0,0,15,4,0,19,0,0,0,19
11/21/2016,MOD,CA,AWP,WE,Federal Contract Tower,0,7,21,0,28,0,9,23,0,32,0,16,44,0,60,0,0,0,60
11/22/2016,MOD,CA,AWP,WE,Federal Contract Tower,0,20,9,0,29,0,25,48,0,73,0,45,57,0,102,31,0,31,133
11/23/2016,MOD,CA,AWP,WE,Federal Contract Tower,0,6,21,0,27,0,25,61,0,86,0,31,82,0,113,24,0,24,137
11/24/2016,MOD,CA,AWP,WE,Federal Contract Tower,0,1,6,0,7,0,9,20,0,29,0,10,26,0,36,16,0,16,52
11/25/2016,MOD,CA,AWP,WE,Federal Contract Tower,0,4,10,0,14,0,16,32,0,48,0,20,42,0,62,46,0,46,108
11/26/2016,MOD,CA,AWP,WE,Federal Contract Tower,0,11,17,0,28,0,7,8,0,15,0,18,25,0,43,4,0,4,47
11/27/2016,MOD,CA,AWP,WE,Federal Contract Tower,0,7,13,0,20,0,23,53,0,76,0,30,66,0,96,44,0,44,140
11/28/2016,MOD,CA,AWP,WE,Federal Contract Tower,0,8,20,0,28,0,0,0,0,0,0,8,20,0,28,18,0,18,46
11/29/2016,MOD,CA,AWP,WE,Federal Contract Tower,0,4,18,0,22,0,16,57,0,73,0,20,75,0,95,56,0,56,151
11/30/2016,MOD,CA,AWP,WE,Federal Contract Tower,0,13,14,0,27,0,35,29,0,64,0,48,43,0,91,8,0,8,99
12/01/2016,MOD,CA,AWP,WE,Federal Contract Tower,0,10,23,0,33,0,23,37,0,60,0,33,60,0,93,30,0,30,123
12/02/2016,MOD,CA,AWP,WE,Federal Contract Tower,0,3,12,0,15,0,39,47,0,86,0,42,59,0,101,16,0,16,117
12/03/2016,MOD,CA,AWP,WE,Federal Contract Tower,0,1,16,0,17,0,15,45,0,60,0,16,61,0,77,70,0,70,147
12/04/2016,MOD,CA,AWP,WE,Federal Contract Tower,0,6,23,0,29,0,26,57,0,83,0,32,80,0,112,30,0,30,142
12/05/2016,MOD,CA,AWP,WE,Federal Contract Tower,0,12,20,0,32,0,8,9,0,17,0,20,29,0,49,0,0,0,49
12/06/2016,MOD,CA,AWP,WE,Federal Contract Tower,0,6,30,0,36,0,20,49,0,69,0,26,79,0,105,66,0,66,171
12/07/2016,MOD,CA,AWP,WE,Federal Contract Tower,0,0,27,0,27,0,16,40,0,56,0,16,67,0,83,18,0,18,101
12/08/2016,MOD,CA,AWP,WE,Federal Contract Tower,0,9,14,0,23,0,6,2,0,8,0,15,16,0,31,2,0,2,33
12/09/2016,MOD,CA,AWP,WE,Federal Contract Tower,0,4,15,2,21,0,24,14,0,38,0,28,29,2,59,26,0,26,85
12/10/2016,MOD,CA,AWP,WE,Federal Contract Tower,0,8,6,0,14,0,10,5,0,15,0,18,11,0,29,0,0,0,29
12/11/2016,MOD,CA,AWP,WE,Federal Contract Tower,0,4,20,0,24,0,27,46,0,73,0,31,66,0,97,36,0,36,133
12/12/2016,MOD,CA,AWP,WE,Federal Contract Tower,0,10,20,0,30,0,17,26,0,43,0,27,46,0,73,8,0,8,81
12/13/2016,MOD,CA,AWP,WE,Federal Contract Tower,0,7,31,0,38,0,26,24,0,50,0,33,55,0,88,30,0,30,118
12/14/2016,MOD,CA,AWP,WE,Federal Contract Tower,0,12,8,2,22,0,30,10,0,40,0,42,18,2,62,20,0,20,82
12/15/2016,MOD,CA,AWP,WE,Federal Contract Tower,0,20,11,0,31,0,10,2,0,12,0,30,13,0,43,26,0,26,69
12/16/2016,MOD,CA,AWP,WE,Federal Contract Tower,0,6,4,0,10,0,24,39,0,63,0,30,43,0,73,18,0,18,91
12/17/2016,MOD,CA,AWP,WE,Federal Contract Tower,0,4,19,0,23,0,26,60,0,86,0,30,79,0,109,20,0,20,129
12/18/2016,MOD,CA,AWP,WE,Federal Contract Tower,0,6,6,0,12,0,11,55,0,66,0,17,61,0,78,12,0,12,90
12/19/2016,MOD,CA,AWP,WE,Federal Contract Tower,0,4,21,0,25,0,9,41,0,50,0,13,62,0,75,4,0,4,79
12/20/2016,MOD,CA,AWP,WE,Federal Contract Tower,0,12,14,0,26,0,16,29,0,45,0,28,43,0,71,26,8,34,105
12/21/2016,MOD,CA,AWP,WE,Federal Contract Tower,0,3,15,0,18,0,17,57,0,74,0,20,72,0,92,30,0,30,122
12/22/2016,MOD,CA,AWP,WE,Federal Contract Tower,0,8,20,0,28,0,21,25,0,46,0,29,45,0,74,6,0,6,80
12/23/2016,MOD,CA,AWP,WE,Federal Contract Tower,0,17,1,0,18,0,1,0,0,1,0,18,1,0,19,0,0,0,19
12/24/2016,MOD,CA,AWP,WE,Federal Contract Tower,0,3,2,0,5,0,25,20,0,45,0,28,22,0,50,26,0,26,76
12/25/2016,MOD,CA,AWP,WE,Federal Contract Tower,0,0,2,0,2,0,8,7,0,15,0,8,9,0,17,0,0,0,17
12/26/2016,MOD,CA,AWP,WE,Federal Contract Tower,0,8,15,0,23,0,22,57,0,79,0,30,72,0,102,28,0,28,130
12/27/2016,MOD,CA,AWP,WE,Federal Contract Tower,0,2,29,0,31,0,18,44,0,62,0,20,73,0,93,22,0,22,115
12/28/2016,MOD,CA,AWP,WE,Federal Contract Tower,0,4,27,0,31,0,19,59,0,78,0,23,86,0,109,52,0,52,161
12/29/2016,MOD,CA,AWP,WE,Federal Contract Tower,0,2,21,0,23,0,12,27,0,39,0,14,48,0,62,0,0,0,62
12/30/2016,MOD,CA,AWP,WE,Federal Contract Tower,0,7,28,0,35,0,16,26,0,42,0,23,54,0,77,68,0,68,145
12/31/2016,MOD,CA,AWP,WE,Federal Contract Tower,0,13,2,0,15,0,4,11,0,15,0,17,13,0,30,4,0,4,34
01/01/2017,MOD,CA,AWP,WE,Federal Contract Tower,0,5,2,0,7,0,12,20,0,32,0,17,22,0,39,0,0,0,39
01/02/2017,MOD,CA,AWP,WE,Federal Contract Tower,0,2,16,0,18,0,0,18,0,18,0,2,34,0,36,4,0,4,40
01/03/2017,MOD,CA,AWP,WE,Federal Contract Tower,0,9,4,2,15,0,17,7,0,24,0,26,11,2,39,28,0,28,67
01/04/2017,MOD,CA,AWP,WE,Federal Contract Tower,0,10,31,0,41,0,6,0,0,6,0,16,31,0,47,0,0,0,47
01/05/2017,MOD,CA,AWP,WE,Federal Contract Tower,0,11,26,0,37,0,13,27,0,40,0,24,53,0,77,20,0,20,97
01/06/2017,MOD,CA,AWP,WE,Federal Contract Tower,0,1,14,0,15,0,18,43,0,61,0,19,57,0,76,24,28,52,128
01/07/2017,MOD,CA,AWP,WE,Federal Contract Tower,0,5,0,0,5,0,0,2,0,2,0,5,2,0,7,0,0,0,7
01/08/2017,MOD,CA,AWP,WE,Federal Contract Tower,0,3,3,0,6,0,3,1,0,4,0,6,4,0,10,0,0,0,10
01/09/2017,MOD,CA,AWP,WE,Federal Contract Tower,0,4,9,0,13,0,2,8,0,10,0,6,17,0,23,8,0,8,31
01/10/2017,MOD,CA,AWP,WE,Federal Contract Tower,0,8,9,0,17,0,6,0,0,6,0,14,9,0,23,0,0,0,23
01/11/2017,MOD,CA,AWP,WE,Federal Contract Tower,0,9,13,0,22,0,24,10,0,34,0,33,23,0,56,4,0,4,60
01/12/2017,MOD,CA,AWP,WE,Federal Contract Tower,0,12,12,0,24,0,11,1,0,12,0,23,13,0,36,2,0,2,38
01/13/2017,MOD,CA,AWP,WE,Federal Contract Tower,0,18,23,0,41,0,18,40,0,58,0,36,63,0,99,24,0,24,123
01/14/2017,MOD,CA,AWP,WE,Federal Contract Tower,0,9,9,0,18,0,8,28,0,36,0,17,37,0,54,14,0,14,68
01/15/2017,MOD,CA,AWP,WE,Federal Contract Tower,0,10,6,0,16,0,4,2,0,6,0,14,8,0,22,0,0,0,22
01/16/2017,MOD,CA,AWP,WE,Federal Contract Tower,0,10,31,0,41,0,17,28,0,45,0,27,59,0,86,38,8,46,132
01/17/2017,MOD,CA,AWP,WE,Federal Contract Tower,0,9,24,0,33,0,12,14,0,26,0,21,38,0,59,16,0,16,75
01/18/2017,MOD,CA,AWP,WE,Federal Contract Tower,0,14,6,0,20,0,3,1,0,4,0,17,7,0,24,0,0,0,24
01/19/2017,MOD,CA,AWP,WE,Federal Contract Tower,0,11,8,4,23,0,16,56,0,72,0,27,64,4,95,48,0,48,143
01/20/2017,MOD,CA,AWP,WE,Federal Contract Tower,0,15,8,0,23,0,6,0,0,6,0,21,8,0,29,0,0,0,29
01/21/2017,MOD,CA,AWP,WE,Federal Contract Tower,0,4,5,0,9,0,11,16,0,27,0,15,21,0,36,58,0,58,94
01/22/2017,MOD,CA,AWP,WE,Federal Contract Tower,0,6,1,0,7,0,10,5,0,15,0,16,6,0,22,8,0,8,30
01/23/2017,MOD,CA,AWP,WE,Federal Contract Tower,0,12,6,2,20,0,4,6,0,10,0,16,12,2,30,0,0,0,30
01/24/2017,MOD,CA,AWP,WE,Federal Contract Tower,0,11,20,2,33,0,29,33,0,62,0,40,53,2,95,44,0,44,139
01/25/2017,MOD,CA,AWP,WE,Federal Contract Tower,0,16,14,0,30,0,28,60,0,88,0,44,74,0,118,50,0,50,168
01/26/2017,MOD,CA,AWP,WE,Federal Contract Tower,0,13,18,0,31,0,16,38,0,54,0,29,56,0,85,70,0,70,155
01/27/2017,MOD,CA,AWP,WE,Federal Contract Tower,0,6,11,2,19,0,23,50,0,73,0,29,61,2,92,60,0,60,152
01/28/2017,MOD,CA,AWP,WE,Federal Contract Tower,0,1,41,0,42,0,24,105,0,129,0,25,146,0,171,60,0,60,231
01/29/2017,MOD,CA,AWP,WE,Federal Contract Tower,0,4,21,0,25,0,15,59,0,74,0,19,80,0,99,50,0,50,149
01/30/2017,MOD,CA,AWP,WE,Federal Contract Tower,0,8,23,0,31,0,15,39,2,56,0,23,62,2,87,20,0,20,107
01/31/2017,MOD,CA,AWP,WE,Federal Contract Tower,0,4,23,0,27,0,15,27,1,43,0,19,50,1,70,20,0,20,90
02/01/2017,MOD,CA,AWP,WE,Federal Contract Tower,0,21,12,4,37,0,21,22,0,43,0,42,34,4,80,10,0,10,90
02/02/2017,MOD,CA,AWP,WE,Federal Contract Tower,0,19,7,0,26,0,14,15,0,29,0,33,22,0,55,8,0,8,63
02/03/2017,MOD,CA,AWP,WE,Federal Contract Tower,0,9,12,0,21,0,11,10,2,23,0,20,22,2,44,16,0,16,60
02/04/2017,MOD,CA,AWP,WE,Federal Contract Tower,0,5,7,0,12,0,28,57,0,85,0,33,64,0,97,26,0,26,123
02/05/2017,MOD,CA,AWP,WE,Federal Contract Tower,0,4,14,0,18,0,10,10,0,20,0,14,24,0,38,10,0,10,48
02/06/2017,MOD,CA,AWP,WE,Federal Contract Tower,0,15,0,0,15,0,1,9,0,10,0,16,9,0,25,6,0,6,31
02/07/2017,MOD,CA,AWP,WE,Federal Contract Tower,0,18,7,0,25,0,3,0,0,3,0,21,7,0,28,12,0,12,40
02/08/2017,MOD,CA,AWP,WE,Federal Contract Tower,0,13,6,0,19,0,10,12,0,22,0,23,18,0,41,2,0,2,43
02/09/2017,MOD,CA,AWP,WE,Federal Contract Tower,0,17,33,0,50,0,12,11,0,23,0,29,44,0,73,2,0,2,75
02/10/2017,MOD,CA,AWP,WE,Federal Contract Tower,0,21,6,0,27,0,17,5,0,22,0,38,11,0,49,0,0,0,49
02/11/2017,MOD,CA,AWP,WE,Federal Contract Tower,0,2,26,0,28,0,19,62,0,81,0,21,88,0,109,54,0,54,163
02/12/2017,MOD,CA,AWP,WE,Federal Contract Tower,0,2,13,0,15,0,33,77,0,110,0,35,90,0,125,44,0,44,169
02/13/2017,MOD,CA,AWP,WE,Federal Contract Tower,0,4,16,0,20,0,16,48,0,64,0,20,64,0,84,38,0,38,122
02/14/2017,MOD,CA,AWP,WE,Federal Contract Tower,0,15,16,0,31,0,29,74,0,103,0,44,90,0,134,76,0,76,210
02/15/2017,MOD,CA,AWP,WE,Federal Contract Tower,0,20,11,0,31,0,28,62,0,90,0,48,73,0,121,34,0,34,155
02/16/2017,MOD,CA,AWP,WE,Federal Contract Tower,0,12,11,2,25,0,33,14,0,47,0,45,25,2,72,6,0,6,78
02/17/2017,MOD,CA,AWP,WE,Federal Contract Tower,0,5,0,0,5,0,0,0,0,0,0,5,0,0,5,0,0,0,5
02/18/2017,MOD,CA,AWP,WE,Federal Contract Tower,0,4,20,0,24,0,14,28,0,42,0,18,48,0,66,0,0,0,66
02/19/2017,MOD,CA,AWP,WE,Federal Contract Tower,0,15,2,0,17,0,16,8,0,24,0,31,10,0,41,0,0,0,41
02/20/2017,MOD,CA,AWP,WE,Federal Contract Tower,0,8,2,0,10,0,1,1,0,2,0,9,3,0,12,0,0,0,12
02/21/2017,MOD,CA,AWP,WE,Federal Contract Tower,0,13,5,0,18,0,10,4,0,14,0,23,9,0,32,36,0,36,68
02/22/2017,MOD,CA,AWP,WE,Federal Contract Tower,0,3,18,0,21,0,17,39,0,56,0,20,57,0,77,12,4,16,93
02/23/2017,MOD,CA,AWP,WE,Federal Contract Tower,0,6,11,0,17,0,34,64,0,98,0,40,75,0,115,52,0,52,167
02/24/2017,MOD,CA,AWP,WE,Federal Contract Tower,0,5,41,0,46,0,43,95,1,139,0,48,136,1,185,48,1,49,234
02/25/2017,MOD,CA,AWP,WE,Federal Contract Tower,0,7,18,0,25,0,31,76,0,107,0,38,94,0,132,22,0,22,154
02/26/2017,MOD,CA,AWP,WE,Federal Contract Tower,0,4,15,0,19,0,15,80,0,95,0,19,95,0,114,34,0,34,148
02/27/2017,MOD,CA,AWP,WE,Federal Contract Tower,0,4,7,0,11,0,17,37,0,54,0,21,44,0,65,14,0,14,79
02/28/2017,MOD,CA,AWP,WE,Federal Contract Tower,0,7,9,0,16,0,19,42,0,61,0,26,51,0,77,66,0,66,143
03/01/2017,MOD,CA,AWP,WE,Federal Contract Tower,0,8,18,0,26,0,28,86,0,114,0,36,104,0,140,46,0,46,186
03/02/2017,MOD,CA,AWP,WE,Federal Contract Tower,0,21,11,2,34,0,22,61,0,83,0,43,72,2,117,30,0,30,147
03/03/2017,MOD,CA,AWP,WE,Federal Contract Tower,0,8,25,0,33,0,20,74,0,94,0,28,99,0,127,90,0,90,217
03/04/2017,MOD,CA,AWP,WE,Federal Contract Tower,0,3,11,0,14,0,9,48,0,57,0,12,59,0,71,4,0,4,75
03/05/2017,MOD,CA,AWP,WE,Federal Contract Tower,0,12,2,0,14,0,21,18,0,39,0,33,20,0,53,0,0,0,53
03/06/2017,MOD,CA,AWP,WE,Federal Contract Tower,0,10,8,0,18,0,7,19,0,26,0,17,27,0,44,12,0,12,56
03/07/2017,MOD,CA,AWP,WE,Federal Contract Tower,0,11,16,0,27,0,25,75,0,100,0,36,91,0,127,74,0,74,201
03/08/2017,MOD,CA,AWP,WE,Federal Contract Tower,0,8,15,0,23,0,23,86,0,109,0,31,101,0,132,30,0,30,162
03/09/2017,MOD,CA,AWP,WE,Federal Contract Tower,0,9,10,0,19,0,40,60,0,100,0,49,70,0,119,58,0,58,177
03/10/2017,MOD,CA,AWP,WE,Federal Contract Tower,0,13,23,0,36,0,38,59,0,97,0,51,82,0,133,82,0,82,215
03/11/2017,MOD,CA,AWP,WE,Federal Contract Tower,0,4,16,0,20,0,33,66,0,99,0,37,82,0,119,38,0,38,157
03/12/2017,MOD,CA,AWP,WE,Federal Contract Tower,0,6,4,0,10,0,24,40,0,64,0,30,44,0,74,14,0,14,88
03/13/2017,MOD,CA,AWP,WE,Federal Contract Tower,0,8,8,0,16,0,14,33,0,47,0,22,41,0,63,16,0,16,79
03/14/2017,MOD,CA,AWP,WE,Federal Contract Tower,0,5,12,0,17,0,12,40,0,52,0,17,52,0,69,36,0,36,105
03/15/2017,MOD,CA,AWP,WE,Federal Contract Tower,0,10,13,0,23,0,18,36,0,54,0,28,49,0,77,26,0,26,103
03/16/2017,MOD,CA,AWP,WE,Federal Contract Tower,0,10,13,0,23,0,22,48,0,70,0,32,61,0,93,38,0,38,131
03/17/2017,MOD,CA,AWP,WE,Federal Contract Tower,0,5,24,0,29,0,34,58,0,92,0,39,82,0,121,44,0,44,165
03/18/2017,MOD,CA,AWP,WE,Federal Contract Tower,0,4,19,0,23,0,15,42,0,57,0,19,61,0,80,32,0,32,112
03/19/2017,MOD,CA,AWP,WE,Federal Contract Tower,0,3,2,0,5,0,36,41,0,77,0,39,43,0,82,30,0,30,112
03/20/2017,MOD,CA,AWP,WE,Federal Contract Tower,0,10,13,0,23,0,7,55,0,62,0,17,68,0,85,38,0,38,123
03/21/2017,MOD,CA,AWP,WE,Federal Contract Tower,0,6,9,0,15,0,4,1,0,5,0,10,10,0,20,0,0,0,20
03/22/2017,MOD,CA,AWP,WE,Federal Contract Tower,0,11,17,0,28,0,17,6,0,23,0,28,23,0,51,0,0,0,51
03/23/2017,MOD,CA,AWP,WE,Federal Contract Tower,0,10,23,0,33,0,31,67,0,98,0,41,90,0,131,84,0,84,215
03/24/2017,MOD,CA,AWP,WE,Federal Contract Tower,0,8,1,0,9,0,27,6,0,33,0,35,7,0,42,0,0,0,42
03/25/2017,MOD,CA,AWP,WE,Federal Contract Tower,0,8,21,0,29,0,17,20,0,37,0,25,41,0,66,46,0,46,112
03/26/2017,MOD,CA,AWP,WE,Federal Contract Tower,0,4,14,0,18,0,31,35,0,66,0,35,49,0,84,32,0,32,116
03/27/2017,MOD,CA,AWP,WE,Federal Contract Tower,0,8,8,2,18,0,16,28,0,44,0,24,36,2,62,38,0,38,100
03/28/2017,MOD,CA,AWP,WE,Federal Contract Tower,0,3,16,0,19,0,20,44,0,64,0,23,60,0,83,32,0,32,115
03/29/2017,MOD,CA,AWP,WE,Federal Contract Tower,0,5,29,0,34,0,20,80,0,100,0,25,109,0,134,60,0,60,194
03/30/2017,MOD,CA,AWP,WE,Federal Contract Tower,0,8,6,0,14,0,48,26,2,76,0,56,32,2,90,0,0,0,90
03/31/2017,MOD,CA,AWP,WE,Federal Contract Tower,0,14,2,0,16,0,44,32,0,76,0,58,34,0,92,0,0,0,92
04/01/2017,MOD,CA,AWP,WE,Federal Contract Tower,0,2,24,0,26,0,43,84,0,127,0,45,108,0,153,80,0,80,233
04/02/2017,MOD,CA,AWP,WE,Federal Contract Tower,0,3,17,0,20,0,11,69,0,80,0,14,86,0,100,16,0,16,116
04/03/2017,MOD,CA,AWP,WE,Federal Contract Tower,0,3,15,0,18,0,24,38,0,62,0,27,53,0,80,44,0,44,124
04/04/2017,MOD,CA,AWP,WE,Federal Contract Tower,0,22,4,0,26,0,43,66,0,109,0,65,70,0,135,80,0,80,215
04/05/2017,MOD,CA,AWP,WE,Federal Contract Tower,0,14,5,2,21,0,22,68,0,90,0,36,73,2,111,40,0,40,151
04/06/2017,MOD,CA,AWP,WE,Federal Contract Tower,0,10,21,0,31,0,36,37,0,73,0,46,58,0,104,44,0,44,148
04/07/2017,MOD,CA,AWP,WE,Federal Contract Tower,0,12,24,0,36,0,12,19,0,31,0,24,43,0,67,42,0,42,109
04/08/2017,MOD,CA,AWP,WE,Federal Contract Tower,0,4,3,0,7,0,14,15,0,29,0,18,18,0,36,12,0,12,48
04/09/2017,MOD,CA,AWP,WE,Federal Contract Tower,1,5,11,0,17,0,17,52,0,69,1,22,63,0,86,6,0,6,92
04/10/2017,MOD,CA,AWP,WE,Federal Contract Tower,0,4,26,0,30,0,17,76,0,93,0,21,102,0,123,74,0,74,197
04/11/2017,MOD,CA,AWP,WE,Federal Contract Tower,0,10,11,0,21,0,21,31,0,52,0,31,42,0,73,56,0,56,129
04/12/2017,MOD,CA,AWP,WE,Federal Contract Tower,0,7,6,0,13,0,35,36,0,71,0,42,42,0,84,92,0,92,176
04/13/2017,MOD,CA,AWP,WE,Federal Contract Tower,0,8,16,0,24,0,22,14,0,36,0,30,30,0,60,16,0,16,76
04/14/2017,MOD,CA,AWP,WE,Federal Contract Tower,0,7,44,0,51,0,39,57,0,96,0,46,101,0,147,54,0,54,201
04/15/2017,MOD,CA,AWP,WE,Federal Contract Tower,0,3,31,0,34,0,20,88,0,108,0,23,119,0,142,60,0,60,202
04/16/2017,MOD,CA,AWP,WE,Federal Contract Tower,0,8,7,0,15,0,6,13,0,19,0,14,20,0,34,20,0,20,54
04/17/2017,MOD,CA,AWP,WE,Federal Contract Tower,0,11,22,0,33,0,11,20,0,31,0,22,42,0,64,12,0,12,76
04/18/2017,MOD,CA,AWP,WE,Federal Contract Tower,0,16,25,0,41,0,17,18,0,35,0,33,43,0,76,18,0,18,94
04/19/2017,MOD,CA,AWP,WE,Federal Contract Tower,0,16,36,0,52,0,20,90,2,112,0,36,126,2,164,38,0,38,202
04/20/2017,MOD,CA,AWP,WE,Federal Contract Tower,0,12,35,0,47,0,32,33,0,65,0,44,68,0,112,28,0,28,140
04/21/2017,MOD,CA,AWP,WE,Federal Contract Tower,0,19,10,2,31,0,59,104,0,163,0,78,114,2,194,88,0,88,282
04/22/2017,MOD,CA,AWP,WE,Federal Contract Tower,0,7,13,2,22,0,16,72,0,88,0,23,85,2,110,50,0,50,160
04/23/2017,MOD,CA,AWP,WE,Federal Contract Tower,0,2,13,0,15,0,18,41,0,59,0,20,54,0,74,14,0,14,88
04/24/2017,MOD,CA,AWP,WE,Federal Contract Tower,0,14,15,0,29,0,21,29,0,50,0,35,44,0,79,36,0,36,115
04/25/2017,MOD,CA,AWP,WE,Federal Contract Tower,0,5,8,0,13,0,28,55,0,83,0,33,63,0,96,10,0,10,106
04/26/2017,MOD,CA,AWP,WE,Federal Contract Tower,0,8,13,2,23,0,17,25,0,42,0,25,38,2,65,16,0,16,81
04/27/2017,MOD,CA,AWP,WE,Federal Contract Tower,0,6,16,0,22,0,34,31,0,65,0,40,47,0,87,20,0,20,107
04/28/2017,MOD,CA,AWP,WE,Federal Contract Tower,0,11,2,0,13,0,30,27,0,57,0,41,29,0,70,14,0,14,84
04/29/2017,MOD,CA,AWP,WE,Federal Contract Tower,0,4,12,0,16,0,30,60,0,90,0,34,72,0,106,46,0,46,152
04/30/2017,MOD,CA,AWP,WE,Federal Contract Tower,0,7,23,0,30,0,21,70,0,91,0,28,93,0,121,34,0,34,155
05/01/2017,MOD,CA,AWP,WE,Federal Contract Tower,0,5,14,0,19,0,17,45,0,62,0,22,59,0,81,20,0,20,101
05/02/2017,MOD,CA,AWP,WE,Federal Contract Tower,0,7,20,0,27,0,22,44,0,66,0,29,64,0,93,58,0,58,151
05/03/2017,MOD,CA,AWP,WE,Federal Contract Tower,0,8,8,0,16,0,32,50,0,82,0,40,58,0,98,24,0,24,122
05/04/2017,MOD,CA,AWP,WE,Federal Contract Tower,0,3,7,2,12,0,25,44,0,69,0,28,51,2,81,24,0,24,105
05/05/2017,MOD,CA,AWP,WE,Federal Contract Tower,0,7,30,1,38,0,47,58,0,105,0,54,88,1,143,66,0,66,209
05/06/2017,MOD,CA,AWP,WE,Federal Contract Tower,0,5,13,0,18,0,27,56,0,83,0,32,69,0,101,80,0,80,181
05/07/2017,MOD,CA,AWP,WE,Federal Contract Tower,0,0,9,0,9,0,19,29,0,48,0,19,38,0,57,38,0,38,95
05/08/2017,MOD,CA,AWP,WE,Federal Contract Tower,0,6,11,0,17,0,22,54,0,76,0,28,65,0,93,10,0,10,103
05/09/2017,MOD,CA,AWP,WE,Federal Contract Tower,0,6,22,0,28,0,29,81,0,110,0,35,103,0,138,18,0,18,156
05/10/2017,MOD,CA,AWP,WE,Federal Contract Tower,0,4,21,0,25,0,26,47,0,73,0,30,68,0,98,30,0,30,128
05/11/2017,MOD,CA,AWP,WE,Federal Contract Tower,0,13,12,0,25,0,41,37,0,78,0,54,49,0,103,32,0,32,135
05/12/2017,MOD,CA,AWP,WE,Federal Contract Tower,0,16,20,0,36,0,34,42,0,76,0,50,62,0,112,0,0,0,112
05/13/2017,MOD,CA,AWP,WE,Federal Contract Tower,0,1,9,0,10,0,18,77,0,95,0,19,86,0,105,20,0,20,125
05/14/2017,MOD,CA,AWP,WE,Federal Contract Tower,0,10,11,0,21,0,30,50,0,80,0,40,61,0,101,22,0,22,123
05/15/2017,MOD,CA,AWP,WE,Federal Contract Tower,0,10,12,0,22,0,28,38,0,66,0,38,50,0,88,56,0,56,144
05/16/2017,MOD,CA,AWP,WE,Federal Contract Tower,0,12,9,0,21,0,33,39,0,72,0,45,48,0,93,16,0,16,109
05/17/2017,MOD,CA,AWP,WE,Federal Contract Tower,0,9,5,2,16,0,32,52,0,84,0,41,57,2,100,30,0,30,130
05/18/2017,MOD,CA,AWP,WE,Federal Contract Tower,0,7,10,0,17,0,21,71,0,92,0,28,81,0,109,10,0,10,119
05/19/2017,MOD,CA,AWP,WE,Federal Contract Tower,0,5,15,0,20,0,52,73,0,125,0,57,88,0,145,16,0,16,161
05/20/2017,MOD,CA,AWP,WE,Federal Contract Tower,0,5,10,0,15,0,16,70,0,86,0,21,80,0,101,28,0,28,129
05/21/2017,MOD,CA,AWP,WE,Federal Contract Tower,0,6,14,0,20,0,23,33,0,56,0,29,47,0,76,0,0,0,76
05/22/2017,MOD,CA,AWP,WE,Federal Contract Tower,0,3,18,0,21,0,12,49,0,61,0,15,67,0,82,22,0,22,104
05/23/2017,MOD,CA,AWP,WE,Federal Contract Tower,0,11,35,0,46,0,35,70,0,105,0,46,105,0,151,4,0,4,155
05/24/2017,MOD,CA,AWP,WE,Federal Contract Tower,0,7,18,0,25,0,47,54,0,101,0,54,72,0,126,20,0,20,146
05/25/2017,MOD,CA,AWP,WE,Federal Contract Tower,0,9,29,2,40,0,25,62,0,87,0,34,91,2,127,56,0,56,183
05/26/2017,MOD,CA,AWP,WE,Federal Contract Tower,0,5,35,2,42,0,36,44,0,80,0,41,79,2,122,64,0,64,186
05/27/2017,MOD,CA,AWP,WE,Federal Contract Tower,0,1,23,0,24,0,18,73,0,91,0,19,96,0,115,54,0,54,169
05/28/2017,MOD,CA,AWP,WE,Federal Contract Tower,0,4,12,0,16,0,24,27,0,51,0,28,39,0,67,14,0,14,81
05/29/2017,MOD,CA,AWP,WE,Federal Contract Tower,0,5,8,0,13,0,26,65,0,91,0,31,73,0,104,46,0,46,150
05/30/2017,MOD,CA,AWP,WE,Federal Contract Tower,0,7,35,0,42,0,29,67,0,96,0,36,102,0,138,54,0,54,192
05/31/2017,MOD,CA,AWP,WE,Federal Contract Tower,0,6,24,0,30,0,44,68,0,112,0,50,92,0,142,18,0,18,160
06/01/2017,MOD,CA,AWP,WE,Federal Contract Tower,0,7,31,0,38,0,41,44,0,85,0,48,75,0,123,56,0,56,179
06/02/2017,MOD,CA,AWP,WE,Federal Contract Tower,0,6,41,0,47,0,44,74,0,118,0,50,115,0,165,20,0,20,185
06/03/2017,MOD,CA,AWP,WE,Federal Contract Tower,0,4,19,0,23,0,20,53,0,73,0,24,72,0,96,38,0,38,134
06/04/2017,MOD,CA,AWP,WE,Federal Contract Tower,0,2,9,0,11,0,15,34,0,49,0,17,43,0,60,8,0,8,68
06/05/2017,MOD,CA,AWP,WE,Federal Contract Tower,0,3,15,0,18,0,2,5,0,7,0,5,20,0,25,18,0,18,43
06/06/2017,MOD,CA,AWP,WE,Federal Contract Tower,0,5,6,0,11,0,29,50,0,79,0,34,56,0,90,68,0,68,158
06/07/2017,MOD,CA,AWP,WE,Federal Contract Tower,0,10,14,0,24,0,29,53,4,86,0,39,67,4,110,82,0,82,192
06/08/2017,MOD,CA,AWP,WE,Federal Contract Tower,0,17,20,0,37,0,21,21,0,42,0,38,41,0,79,34,0,34,113
06/09/2017,MOD,CA,AWP,WE,Federal Contract Tower,0,3,13,0,16,0,35,27,0,62,0,38,40,0,78,12,0,12,90
06/10/2017,MOD,CA,AWP,WE,Federal Contract Tower,0,3,24,0,27,0,39,69,0,108,0,42,93,0,135,4,0,4,139
06/11/2017,MOD,CA,AWP,WE,Federal Contract Tower,0,5,11,0,16,0,13,33,0,46,0,18,44,0,62,14,0,14,76
06/12/2017,MOD,CA,AWP,WE,Federal Contract Tower,0,4,27,0,31,0,13,50,0,63,0,17,77,0,94,20,0,20,114
06/13/2017,MOD,CA,AWP,WE,Federal Contract Tower,0,14,36,0,50,0,32,74,0,106,0,46,110,0,156,34,0,34,190
06/14/2017,MOD,CA,AWP,WE,Federal Contract Tower,0,12,19,0,31,0,23,52,0,75,0,35,71,0,106,50,0,50,156
06/15/2017,MOD,CA,AWP,WE,Federal Contract Tower,0,6,25,0,31,0,19,38,0,57,0,25,63,0,88,22,0,22,110
06/16/2017,MOD,CA,AWP,WE,Federal Contract Tower,0,5,13,4,22,0,35,50,0,85,0,40,63,4,107,30,0,30,137
06/17/2017,MOD,CA,AWP,WE,Federal Contract Tower,0,4,22,0,26,0,29,73,0,102,0,33,95,0,128,28,0,28,156
06/18/2017,MOD,CA,AWP,WE,Federal Contract Tower,0,3,3,0,6,0,14,36,0,50,0,17,39,0,56,16,0,16,72
06/19/2017,MOD,CA,AWP,WE,Federal Contract Tower,0,1,9,0,10,0,20,42,0,62,0,21,51,0,72,2,0,2,74
06/20/2017,MOD,CA,AWP,WE,Federal Contract Tower,0,5,19,0,24,0,25,39,0,64,0,30,58,0,88,16,0,16,104
06/21/2017,MOD,CA,AWP,WE,Federal Contract Tower,0,2,23,0,25,0,30,40,0,70,0,32,63,0,95,0,0,0,95
06/22/2017,MOD,CA,AWP,WE,Federal Contract Tower,0,7,15,0,22,0,29,47,0,76,0,36,62,0,98,18,0,18,116
06/23/2017,MOD,CA,AWP,WE,Federal Contract Tower,0,4,11,2,17,0,38,44,0,82,0,42,55,2,99,4,0,4,103
06/24/2017,MOD,CA,AWP,WE,Federal Contract Tower,0,5,4,0,9,0,35,57,0,92,0,40,61,0,101,18,0,18,119
06/25/2017,MOD,CA,AWP,WE,Federal Contract Tower,0,4,7,0,11,0,21,49,0,70,0,25,56,0,81,30,0,30,111
06/26/2017,MOD,CA,AWP,WE,Federal Contract Tower,0,11,15,0,26,0,20,31,0,51,0,31,46,0,77,6,0,6,83
06/27/2017,MOD,CA,AWP,WE,Federal Contract Tower,0,1,15,0,16,0,21,45,0,66,0,22,60,0,82,34,0,34,116
06/28/2017,MOD,CA,AWP,WE,Federal Contract Tower,0,10,21,0,31,0,24,40,0,64,0,34,61,0,95,0,0,0,95
06/29/2017,MOD,CA,AWP,WE,Federal Contract Tower,0,5,11,0,16,0,36,57,0,93,0,41,68,0,109,38,0,38,147
06/30/2017,MOD,CA,AWP,WE,Federal Contract Tower,0,12,13,0,25,0,52,47,0,99,0,64,60,0,124,48,0,48,172
07/01/2017,MOD,CA,AWP,WE,Federal Contract Tower,0,1,12,0,13,0,24,57,0,81,0,25,69,0,94,34,0,34,128
07/02/2017,MOD,CA,AWP,WE,Federal Contract Tower,0,1,13,0,14,0,27,31,0,58,0,28,44,0,72,4,0,4,76
07/03/2017,MOD,CA,AWP,WE,Federal Contract Tower,0,5,17,0,22,0,6,41,0,47,0,11,58,0,69,38,0,38,107
07/04/2017,MOD,CA,AWP,WE,Federal Contract Tower,0,2,5,0,7,0,43,47,0,90,0,45,52,0,97,78,0,78,175
07/05/2017,MOD,CA,AWP,WE,Federal Contract Tower,0,0,16,0,16,0,22,53,0,75,0,22,69,0,91,32,0,32,123
07/06/2017,MOD,CA,AWP,WE,Federal Contract Tower,0,5,17,0,22,0,23,47,0,70,0,28,64,0,92,10,0,10,102
07/07/2017,MOD,CA,AWP,WE,Federal Contract Tower,0,4,12,0,16,0,31,57,0,88,0,35,69,0,104,20,0,20,124
07/08/2017,MOD,CA,AWP,WE,Federal Contract Tower,0,6,14,0,20,0,16,117,0,133,0,22,131,0,153,26,0,26,179
07/09/2017,MOD,CA,AWP,WE,Federal Contract Tower,0,1,5,0,6,0,30,30,0,60,0,31,35,0,66,18,0,18,84
07/10/2017,MOD,CA,AWP,WE,Federal Contract Tower,0,7,13,0,20,0,18,45,0,63,0,25,58,0,83,36,0,36,119
07/11/2017,MOD,CA,AWP,WE,Federal Contract Tower,0,3,17,0,20,0,40,67,0,107,0,43,84,0,127,50,0,50,177
07/12/2017,MOD,CA,AWP,WE,Federal Contract Tower,0,10,15,4,29,0,37,88,0,125,0,47,103,4,154,20,8,28,182
07/13/2017,MOD,CA,AWP,WE,Federal Contract Tower,0,11,17,0,28,0,35,46,0,81,0,46,63,0,109,34,0,34,143
07/14/2017,MOD,CA,AWP,WE,Federal Contract Tower,0,6,38,0,44,0,46,50,0,96,0,52,88,0,140,16,0,16,156
07/15/2017,MOD,CA,AWP,WE,Federal Contract Tower,0,3,0,0,3,0,33,66,0,99,0,36,66,0,102,10,0,10,112
07/16/2017,MOD,CA,AWP,WE,Federal Contract Tower,0,2,5,0,7,0,22,32,0,54,0,24,37,0,61,2,0,2,63
07/17/2017,MOD,CA,AWP,WE,Federal Contract Tower,0,3,6,0,9,0,31,48,0,79,0,34,54,0,88,20,0,20,108
07/18/2017,MOD,CA,AWP,WE,Federal Contract Tower,0,7,29,0,36,0,42,65,0,107,0,49,94,0,143,24,0,24,167
07/19/2017,MOD,CA,AWP,WE,Federal Contract Tower,0,2,4,0,6,0,39,58,0,97,0,41,62,0,103,8,0,8,111
07/20/2017,MOD,CA,AWP,WE,Federal Contract Tower,0,7,18,0,25,0,27,53,0,80,0,34,71,0,105,36,0,36,141
07/21/2017,MOD,CA,AWP,WE,Federal Contract Tower,0,12,9,0,21,0,49,54,0,103,0,61,63,0,124,20,0,20,144
07/22/2017,MOD,CA,AWP,WE,Federal Contract Tower,0,2,6,0,8,0,32,72,0,104,0,34,78,0,112,54,0,54,166
07/23/2017,MOD,CA,AWP,WE,Federal Contract Tower,0,0,8,0,8,0,20,43,0,63,0,20,51,0,71,20,0,20,91
07/24/2017,MOD,CA,AWP,WE,Federal Contract Tower,0,2,6,0,8,0,26,42,0,68,0,28,48,0,76,28,0,28,104
07/25/2017,MOD,CA,AWP,WE,Federal Contract Tower,0,6,18,0,24,0,52,64,0,116,0,58,82,0,140,48,0,48,188
07/26/2017,MOD,CA,AWP,WE,Federal Contract Tower,0,2,11,0,13,0,33,49,0,82,0,35,60,0,95,42,0,42,137
07/27/2017,MOD,CA,AWP,WE,Federal Contract Tower,0,8,13,0,21,0,34,45,0,79,0,42,58,0,100,16,0,16,116
07/28/2017,MOD,CA,AWP,WE,Federal Contract Tower,0,5,10,0,15,0,28,67,0,95,0,33,77,0,110,24,0,24,134
07/29/2017,MOD,CA,AWP,WE,Federal Contract Tower,0,9,9,0,18,0,33,64,0,97,0,42,73,0,115,28,0,28,143
07/30/2017,MOD,CA,AWP,WE,Federal Contract Tower,0,4,7,0,11,0,11,48,0,59,0,15,55,0,70,40,0,40,110
07/31/2017,MOD,CA,AWP,WE,Federal Contract Tower,0,0,14,0,14,0,21,49,0,70,0,21,63,0,84,6,0,6,90
08/01/2017,MOD,CA,AWP,WE,Federal Contract Tower,0,10,15,0,25,0,34,52,0,86,0,44,67,0,111,30,0,30,141
08/02/2017,MOD,CA,AWP,WE,Federal Contract Tower,0,8,7,0,15,0,35,42,0,77,0,43,49,0,92,10,0,10,102
08/03/2017,MOD,CA,AWP,WE,Federal Contract Tower,0,11,31,0,42,0,21,44,0,65,0,32,75,0,107,2,0,2,109
08/04/2017,MOD,CA,AWP,WE,Federal Contract Tower,0,5,17,0,22,0,33,60,0,93,0,38,77,0,115,26,0,26,141
08/05/2017,MOD,CA,AWP,WE,Federal Contract Tower,0,2,13,0,15,0,33,63,0,96,0,35,76,0,111,8,0,8,119
08/06/2017,MOD,CA,AWP,WE,Federal Contract Tower,0,2,7,0,9,0,27,43,0,70,0,29,50,0,79,14,0,14,93
08/07/2017,MOD,CA,AWP,WE,Federal Contract Tower,0,8,15,0,23,0,18,30,0,48,0,26,45,0,71,4,0,4,75
08/08/2017,MOD,CA,AWP,WE,Federal Contract Tower,0,13,12,0,25,0,30,85,0,115,0,43,97,0,140,80,0,80,220
08/09/2017,MOD,CA,AWP,WE,Federal Contract Tower,0,4,9,2,15,0,40,58,1,99,0,44,67,3,114,24,6,30,144
08/10/2017,MOD,CA,AWP,WE,Federal Contract Tower,0,7,24,0,31,0,36,62,0,98,0,43,86,0,129,24,0,24,153
08/11/2017,MOD,CA,AWP,WE,Federal Contract Tower,0,12,25,0,37,0,37,60,0,97,0,49,85,0,134,30,0,30,164
08/12/2017,MOD,CA,AWP,WE,Federal Contract Tower,0,4,6,0,10,0,15,108,0,123,0,19,114,0,133,14,0,14,147
08/13/2017,MOD,CA,AWP,WE,Federal Contract Tower,0,5,2,0,7,0,26,44,0,70,0,31,46,0,77,4,0,4,81
08/14/2017,MOD,CA,AWP,WE,Federal Contract Tower,0,5,13,4,22,0,26,25,0,51,0,31,38,4,73,8,6,14,87
08/15/2017,MOD,CA,AWP,WE,Federal Contract Tower,0,10,19,0,29,0,42,51,0,93,0,52,70,0,122,40,0,40,162
08/16/2017,MOD,CA,AWP,WE,Federal Contract Tower,0,11,16,0,27,0,34,60,0,94,0,45,76,0,121,16,0,16,137
08/17/2017,MOD,CA,AWP,WE,Federal Contract Tower,0,9,11,0,20,0,33,44,0,77,0,42,55,0,97,14,0,14,111
08/18/2017,MOD,CA,AWP,WE,Federal Contract Tower,0,6,16,2,24,0,20,70,0,90,0,26,86,2,114,42,0,42,156
08/19/2017,MOD,CA,AWP,WE,Federal Contract Tower,0,4,17,0,21,0,43,51,0,94,0,47,68,0,115,14,0,14,129
08/20/2017,MOD,CA,AWP,WE,Federal Contract Tower,0,3,6,0,9,0,16,35,0,51,0,19,41,0,60,6,0,6,66
08/21/2017,MOD,CA,AWP,WE,Federal Contract Tower,0,15,10,2,27,0,16,52,0,68,0,31,62,2,95,46,0,46,141
08/22/2017,MOD,CA,AWP,WE,Federal Contract Tower,0,2,21,0,23,0,31,51,0,82,0,33,72,0,105,16,0,16,121
08/23/2017,MOD,CA,AWP,WE,Federal Contract Tower,0,4,13,0,17,0,25,61,0,86,0,29,74,0,103,46,0,46,149
08/24/2017,MOD,CA,AWP,WE,Federal Contract Tower,0,7,30,1,38,0,23,58,1,82,0,30,88,2,120,30,0,30,150
08/25/2017,MOD,CA,AWP,WE,Federal Contract Tower,0,6,21,0,27,0,31,67,0,98,0,37,88,0,125,84,0,84,209
08/26/2017,MOD,CA,AWP,WE,Federal Contract Tower,0,1,8,0,9,0,39,68,0,107,0,40,76,0,116,36,0,36,152
08/27/2017,MOD,CA,AWP,WE,Federal Contract Tower,0,3,15,0,18,0,22,24,0,46,0,25,39,0,64,8,0,8,72
08/28/2017,MOD,CA,AWP,WE,Federal Contract Tower,0,6,18,0,24,0,18,45,0,63,0,24,63,0,87,30,0,30,117
08/29/2017,MOD,CA,AWP,WE,Federal Contract Tower,0,5,13,0,18,0,34,40,0,74,0,39,53,0,92,16,0,16,108
08/30/2017,MOD,CA,AWP,WE,Federal Contract Tower,0,10,15,0,25,0,35,50,0,85,0,45,65,0,110,64,0,64,174
08/31/2017,MOD,CA,AWP,WE,Federal Contract Tower,0,12,15,0,27,0,34,51,0,85,0,46,66,0,112,0,0,0,112
09/01/2017,MOD,CA,AWP,WE,Federal Contract Tower,0,6,12,0,18,0,46,43,0,89,0,52,55,0,107,18,0,18,125
09/02/2017,MOD,CA,AWP,WE,Federal Contract Tower,0,1,11,0,12,0,21,20,0,41,0,22,31,0,53,12,0,12,65
09/03/2017,MOD,CA,AWP,WE,Federal Contract Tower,0,4,6,0,10,0,20,20,0,40,0,24,26,0,50,0,0,0,50
09/04/2017,MOD,CA,AWP,WE,Federal Contract Tower,0,6,13,1,20,0,28,17,0,45,0,34,30,1,65,34,0,34,99
09/05/2017,MOD,CA,AWP,WE,Federal Contract Tower,0,10,15,1,26,0,39,45,1,85,0,49,60,2,111,36,0,36,147
09/06/2017,MOD,CA,AWP,WE,Federal Contract Tower,0,8,4,0,12,0,47,40,0,87,0,55,44,0,99,40,0,40,139
09/07/2017,MOD,CA,AWP,WE,Federal Contract Tower,0,5,2,0,7,0,28,33,0,61,0,33,35,0,68,40,0,40,108
09/08/2017,MOD,CA,AWP,WE,Federal Contract Tower,0,8,5,0,13,0,26,61,0,87,0,34,66,0,100,8,0,8,108
09/09/2017,MOD,CA,AWP,WE,Federal Contract Tower,0,4,6,0,10,0,24,91,0,115,0,28,97,0,125,58,0,58,183
09/10/2017,MOD,CA,AWP,WE,Federal Contract Tower,0,10,15,0,25,0,37,37,0,74,0,47,52,0,99,50,0,50,149
09/11/2017,MOD,CA,AWP,WE,Federal Contract Tower,0,7,14,0,21,0,17,31,0,48,0,24,45,0,69,0,0,0,69
09/12/2017,MOD,CA,AWP,WE,Federal Contract Tower,0,7,5,2,14,0,30,48,0,78,0,37,53,2,92,20,0,20,112
09/13/2017,MOD,CA,AWP,WE,Federal Contract Tower,0,6,18,6,30,0,27,42,0,69,0,33,60,6,99,38,0,38,137
09/14/2017,MOD,CA,AWP,WE,Federal Contract Tower,0,10,18,4,32,0,25,21,0,46,0,35,39,4,78,24,0,24,102
09/15/2017,MOD,CA,AWP,WE,Federal Contract Tower,0,1,27,0,28,0,20,59,0,79,0,21,86,0,107,24,0,24,131
09/16/2017,MOD,CA,AWP,WE,Federal Contract Tower,0,3,14,0,17,0,36,48,0,84,0,39,62,0,101,70,0,70,171
09/17/2017,MOD,CA,AWP,WE,Federal Contract Tower,0,7,4,0,11,0,24,39,0,63,0,31,43,0,74,36,0,36,110
09/18/2017,MOD,CA,AWP,WE,Federal Contract Tower,0,6,9,0,15,0,20,46,0,66,0,26,55,0,81,20,0,20,101
09/19/2017,MOD,CA,AWP,WE,Federal Contract Tower,0,7,5,0,12,0,16,46,0,62,0,23,51,0,74,30,0,30,104
09/20/2017,MOD,CA,AWP,WE,Federal Contract Tower,0,7,14,0,21,0,16,21,0,37,0,23,35,0,58,0,0,0,58
09/21/2017,MOD,CA,AWP,WE,Federal Contract Tower,0,12,24,2,38,0,18,32,0,50,0,30,56,2,88,36,0,36,124
09/22/2017,MOD,CA,AWP,WE,Federal Contract Tower,0,10,14,1,25,0,22,51,4,77,0,32,65,5,102,42,0,42,144
09/23/2017,MOD,CA,AWP,WE,Federal Contract Tower,0,5,22,0,27,0,24,47,0,71,0,29,69,0,98,30,0,30,128
09/24/2017,MOD,CA,AWP,WE,Federal Contract Tower,0,4,8,0,12,0,26,55,0,81,0,30,63,0,93,14,0,14,107
09/25/2017,MOD,CA,AWP,WE,Federal Contract Tower,0,5,14,0,19,0,24,35,0,59,0,29,49,0,78,12,0,12,90
09/26/2017,MOD,CA,AWP,WE,Federal Contract Tower,0,6,12,4,22,0,19,29,0,48,0,25,41,4,70,16,0,16,86
09/27/2017,MOD,CA,AWP,WE,Federal Contract Tower,0,1,17,2,20,0,60,52,0,112,0,61,69,2,132,8,0,8,140
09/28/2017,MOD,CA,AWP,WE,Federal Contract Tower,0,8,23,0,31,0,38,36,0,74,0,46,59,0,105,20,0,20,125
09/29/2017,MOD,CA,AWP,WE,Federal Contract Tower,0,10,22,0,32,0,48,60,0,108,0,58,82,0,140,30,0,30,170
09/30/2017,MOD,CA,AWP,WE,Federal Contract Tower,0,2,26,0,28,0,31,56,0,87,0,33,82,0,115,8,0,8,123
10/01/2017,MOD,CA,AWP,WE,Federal Contract Tower,0,4,30,0,34,0,23,43,0,66,0,27,73,0,100,0,0,0,100
10/02/2017,MOD,CA,AWP,WE,Federal Contract Tower,0,7,9,0,16,0,19,9,0,28,0,26,18,0,44,10,0,10,54
10/03/2017,MOD,CA,AWP,WE,Federal Contract Tower,0,8,20,0,28,0,35,38,0,73,0,43,58,0,101,34,0,34,135
10/04/2017,MOD,CA,AWP,WE,Federal Contract Tower,0,5,16,0,21,0,35,45,0,80,0,40,61,0,101,22,0,22,123
10/05/2017,MOD,CA,AWP,WE,Federal Contract Tower,0,5,11,0,16,0,27,60,0,87,0,32,71,0,103,24,0,24,127
10/06/2017,MOD,CA,AWP,WE,Federal Contract Tower,0,11,6,0,17,0,44,45,0,89,0,55,51,0,106,30,0,30,136
10/07/2017,MOD,CA,AWP,WE,Federal Contract Tower,0,10,6,0,16,0,40,52,0,92,0,50,58,0,108,42,0,42,150
10/08/2017,MOD,CA,AWP,WE,Federal Contract Tower,0,11,0,0,11,0,27,36,0,63,0,38,36,0,74,36,0,36,110
10/09/2017,MOD,CA,AWP,WE,Federal Contract Tower,0,6,10,0,16,0,22,28,0,50,0,28,38,0,66,8,0,8,74
10/10/2017,MOD,CA,AWP,WE,Federal Contract Tower,0,9,12,0,21,0,56,36,0,92,0,65,48,0,113,12,0,12,125
10/11/2017,MOD,CA,AWP,WE,Federal Contract Tower,0,12,9,0,21,0,39,17,0,56,0,51,26,0,77,10,0,10,87
10/12/2017,MOD,CA,AWP,WE,Federal Contract Tower,0,4,47,0,51,0,29,34,0,63,0,33,81,0,114,4,0,4,118
10/13/2017,MOD,CA,AWP,WE,Federal Contract Tower,0,11,18,0,29,0,33,54,1,88,0,44,72,1,117,76,0,76,193
10/14/2017,MOD,CA,AWP,WE,Federal Contract Tower,0,3,14,0,17,0,35,100,0,135,0,38,114,0,152,12,0,12,164
10/15/2017,MOD,CA,AWP,WE,Federal Contract Tower,0,8,6,0,14,0,19,57,0,76,0,27,63,0,90,28,0,28,118
10/16/2017,MOD,CA,AWP,WE,Federal Contract Tower,0,4,16,0,20,0,23,39,0,62,0,27,55,0,82,50,0,50,132
10/17/2017,MOD,CA,AWP,WE,Federal Contract Tower,0,9,12,0,21,0,42,57,0,99,0,51,69,0,120,26,0,26,146
10/18/2017,MOD,CA,AWP,WE,Federal Contract Tower,0,5,18,0,23,0,31,57,0,88,0,36,75,0,111,66,0,66,177
10/19/2017,MOD,CA,AWP,WE,Federal Contract Tower,0,13,9,0,22,0,37,39,0,76,0,50,48,0,98,42,0,42,140
10/20/2017,MOD,CA,AWP,WE,Federal Contract Tower,0,5,18,0,23,0,41,51,0,92,0,46,69,0,115,84,0,84,199
10/21/2017,MOD,CA,AWP,WE,Federal Contract Tower,0,3,21,0,24,0,0,0,0,0,0,3,21,0,24,58,0,58,82
10/23/2017,MOD,CA,AWP,WE,Federal Contract Tower,0,8,10,0,18,0,22,26,0,48,0,30,36,0,66,24,0,24,90
10/24/2017,MOD,CA,AWP,WE,Federal Contract Tower,0,1,21,0,22,0,29,47,0,76,0,30,68,0,98,18,0,18,116
10/25/2017,MOD,CA,AWP,WE,Federal Contract Tower,0,9,21,0,30,0,26,67,2,95,0,35,88,2,125,44,0,44,169
10/26/2017,MOD,CA,AWP,WE,Federal Contract Tower,0,5,15,2,22,0,25,36,0,61,0,30,51,2,83,6,0,6,89
10/27/2017,MOD,CA,AWP,WE,Federal Contract Tower,0,14,20,0,34,0,39,58,0,97,0,53,78,0,131,74,0,74,205
10/28/2017,MOD,CA,AWP,WE,Federal Contract Tower,0,3,13,0,16,0,43,49,0,92,0,46,62,0,108,54,0,54,162
10/29/2017,MOD,CA,AWP,WE,Federal Contract Tower,0,2,6,0,8,0,12,42,6,60,0,14,48,6,68,20,0,20,88
10/30/2017,MOD,CA,AWP,WE,Federal Contract Tower,0,11,34,0,45,0,17,31,0,48,0,28,65,0,93,24,0,24,117
10/31/2017,MOD,CA,AWP,WE,Federal Contract Tower,0,8,4,0,12,0,43,56,0,99,0,51,60,0,111,36,0,36,147
11/01/2017,MOD,CA,AWP,WE,Federal Contract Tower,0,4,18,0,22,0,65,48,0,113,0,69,66,0,135,70,0,70,205
11/02/2017,MOD,CA,AWP,WE,Federal Contract Tower,0,18,14,0,32,0,46,45,0,91,0,64,59,0,123,42,0,42,165
11/03/2017,MOD,CA,AWP,WE,Federal Contract Tower,0,10,13,0,23,0,25,24,0,49,0,35,37,0,72,0,0,0,72
11/04/2017,MOD,CA,AWP,WE,Federal Contract Tower,0,1,4,0,5,0,20,28,0,48,0,21,32,0,53,10,0,10,63
11/05/2017,MOD,CA,AWP,WE,Federal Contract Tower,0,6,3,0,9,0,26,53,0,79,0,32,56,0,88,32,0,32,120
11/06/2017,MOD,CA,AWP,WE,Federal Contract Tower,0,10,21,0,31,0,19,42,0,61,0,29,63,0,92,52,0,52,144
11/07/2017,MOD,CA,AWP,WE,Federal Contract Tower,0,14,16,0,30,0,24,67,0,91,0,38,83,0,121,98,0,98,219
11/08/2017,MOD,CA,AWP,WE,Federal Contract Tower,0,4,5,2,11,0,12,29,0,41,0,16,34,2,52,6,0,6,58
11/09/2017,MOD,CA,AWP,WE,Federal Contract Tower,0,13,13,0,26,0,23,28,0,51,0,36,41,0,77,58,0,58,135
11/10/2017,MOD,CA,AWP,WE,Federal Contract Tower,0,11,16,0,27,0,42,60,0,102,0,53,76,0,129,130,0,130,259
11/11/2017,MOD,CA,AWP,WE,Federal Contract Tower,0,3,13,0,16,0,24,83,0,107,0,27,96,0,123,52,0,52,175
11/12/2017,MOD,CA,AWP,WE,Federal Contract Tower,0,3,4,0,7,0,28,55,0,83,0,31,59,0,90,90,0,90,180
11/13/2017,MOD,CA,AWP,WE,Federal Contract Tower,0,6,6,0,12,0,21,41,0,62,0,27,47,0,74,54,0,54,128
11/14/2017,MOD,CA,AWP,WE,Federal Contract Tower,0,4,7,0,11,0,31,53,0,84,0,35,60,0,95,68,0,68,163
11/15/2017,MOD,CA,AWP,WE,Federal Contract Tower,0,15,20,0,35,0,40,45,0,85,0,55,65,0,120,54,0,54,174
11/16/2017,MOD,CA,AWP,WE,Federal Contract Tower,0,23,4,0,27,0,2,5,0,7,0,25,9,0,34,0,0,0,34
11/17/2017,MOD,CA,AWP,WE,Federal Contract Tower,0,4,17,0,21,0,25,85,0,110,0,29,102,0,131,44,0,44,175
11/18/2017,MOD,CA,AWP,WE,Federal Contract Tower,0,4,8,0,12,0,37,61,0,98,0,41,69,0,110,28,0,28,138
11/19/2017,MOD,CA,AWP,WE,Federal Contract Tower,0,10,19,0,29,0,35,38,0,73,0,45,57,0,102,12,0,12,114
11/20/2017,MOD,CA,AWP,WE,Federal Contract Tower,0,1,18,0,19,0,14,44,0,58,0,15,62,0,77,16,0,16,93
11/21/2017,MOD,CA,AWP,WE,Federal Contract Tower,0,10,41,0,51,0,26,32,0,58,0,36,73,0,109,28,0,28,137
11/22/2017,MOD,CA,AWP,WE,Federal Contract Tower,0,10,13,0,23,0,26,53,0,79,0,36,66,0,102,62,0,62,164
11/23/2017,MOD,CA,AWP,WE,Federal Contract Tower,0,1,4,0,5,0,17,22,4,43,0,18,26,4,48,28,0,28,76
11/24/2017,MOD,CA,AWP,WE,Federal Contract Tower,0,5,9,0,14,0,23,52,0,75,0,28,61,0,89,62,0,62,151
11/25/2017,MOD,CA,AWP,WE,Federal Contract Tower,0,3,28,0,31,0,19,34,0,53,0,22,62,0,84,54,0,54,138
11/26/2017,MOD,CA,AWP,WE,Federal Contract Tower,0,7,8,0,15,0,16,15,0,31,0,23,23,0,46,26,0,26,72
11/27/2017,MOD,CA,AWP,WE,Federal Contract Tower,0,5,14,0,19,0,22,48,0,70,0,27,62,0,89,38,0,38,127
11/28/2017,MOD,CA,AWP,WE,Federal Contract Tower,0,4,6,0,10,0,44,79,0,123,0,48,85,0,133,90,0,90,223
11/29/2017,MOD,CA,AWP,WE,Federal Contract Tower,0,11,14,0,25,0,53,51,0,104,0,64,65,0,129,34,0,34,163
11/30/2017,MOD,CA,AWP,WE,Federal Contract Tower,0,8,21,0,29,0,29,58,2,89,0,37,79,2,118,32,0,32,150
12/01/2017,MOD,CA,AWP,WE,Federal Contract Tower,0,19,28,0,47,0,32,55,0,87,0,51,83,0,134,42,0,42,176
12/02/2017,MOD,CA,AWP,WE,Federal Contract Tower,0,0,17,0,17,0,12,29,0,41,0,12,46,0,58,20,0,20,78
12/03/2017,MOD,CA,AWP,WE,Federal Contract Tower,0,6,11,0,17,0,20,49,0,69,0,26,60,0,86,30,0,30,116
12/04/2017,MOD,CA,AWP,WE,Federal Contract Tower,0,5,8,0,13,0,22,43,0,65,0,27,51,0,78,10,0,10,88
12/05/2017,MOD,CA,AWP,WE,Federal Contract Tower,0,9,20,0,29,0,39,74,0,113,0,48,94,0,142,78,0,78,220
12/06/2017,MOD,CA,AWP,WE,Federal Contract Tower,0,4,25,0,29,0,35,85,0,120,0,39,110,0,149,38,0,38,187
12/07/2017,MOD,CA,AWP,WE,Federal Contract Tower,0,11,12,0,23,0,29,67,0,96,0,40,79,0,119,74,0,74,193
12/08/2017,MOD,CA,AWP,WE,Federal Contract Tower,0,10,9,0,19,0,35,62,0,97,0,45,71,0,116,68,0,68,184
12/09/2017,MOD,CA,AWP,WE,Federal Contract Tower,0,3,21,0,24,0,9,61,0,70,0,12,82,0,94,28,0,28,122
12/10/2017,MOD,CA,AWP,WE,Federal Contract Tower,0,12,16,0,28,0,18,48,0,66,0,30,64,0,94,16,0,16,110
12/11/2017,MOD,CA,AWP,WE,Federal Contract Tower,0,9,24,0,33,0,21,47,1,69,0,30,71,1,102,20,0,20,122
12/12/2017,MOD,CA,AWP,WE,Federal Contract Tower,0,8,12,0,20,0,15,61,2,78,0,23,73,2,98,48,0,48,146
12/13/2017,MOD,CA,AWP,WE,Federal Contract Tower,0,11,23,0,34,0,19,63,2,84,0,30,86,2,118,17,0,17,135
12/14/2017,MOD,CA,AWP,WE,Federal Contract Tower,0,9,25,0,34,0,42,35,1,78,0,51,60,1,112,42,0,42,154
12/15/2017,MOD,CA,AWP,WE,Federal Contract Tower,0,9,37,0,46,0,17,43,0,60,0,26,80,0,106,28,0,28,134
12/16/2017,MOD,CA,AWP,WE,Federal Contract Tower,0,2,1,0,3,0,15,11,0,26,0,17,12,0,29,0,0,0,29
12/17/2017,MOD,CA,AWP,WE,Federal Contract Tower,0,9,23,0,32,0,22,43,0,65,0,31,66,0,97,8,0,8,105
12/18/2017,MOD,CA,AWP,WE,Federal Contract Tower,0,5,5,0,10,0,18,60,0,78,0,23,65,0,88,28,0,28,116
12/19/2017,MOD,CA,AWP,WE,Federal Contract Tower,0,6,17,0,23,0,21,42,1,64,0,27,59,1,87,12,0,12,99
12/20/2017,MOD,CA,AWP,WE,Federal Contract Tower,0,5,15,0,20,0,35,44,0,79,0,40,59,0,99,12,0,12,111
12/21/2017,MOD,CA,AWP,WE,Federal Contract Tower,0,10,7,0,17,0,25,76,0,101,0,35,83,0,118,42,0,42,160
12/22/2017,MOD,CA,AWP,WE,Federal Contract Tower,0,8,11,0,19,0,36,77,0,113,0,44,88,0,132,48,0,48,180
12/23/2017,MOD,CA,AWP,WE,Federal Contract Tower,0,3,4,0,7,0,22,34,0,56,0,25,38,0,63,30,0,30,93
12/24/2017,MOD,CA,AWP,WE,Federal Contract Tower,0,5,2,0,7,0,23,15,0,38,0,28,17,0,45,16,0,16,61
12/25/2017,MOD,CA,AWP,WE,Federal Contract Tower,0,2,1,0,3,0,16,11,0,27,0,18,12,0,30,4,0,4,34
12/26/2017,MOD,CA,AWP,WE,Federal Contract Tower,0,7,8,0,15,0,28,52,0,80,0,35,60,0,95,20,0,20,115
12/27/2017,MOD,CA,AWP,WE,Federal Contract Tower,0,12,10,0,22,0,16,54,0,70,0,28,64,0,92,20,0,20,112
12/28/2017,MOD,CA,AWP,WE,Federal Contract Tower,0,3,19,0,22,0,19,53,0,72,0,22,72,0,94,28,0,28,122
12/29/2017,MOD,CA,AWP,WE,Federal Contract Tower,0,4,12,0,16,0,33,49,0,82,0,37,61,0,98,50,0,50,148
12/30/2017,MOD,CA,AWP,WE,Federal Contract Tower,0,2,7,0,9,0,21,27,0,48,0,23,34,0,57,14,0,14,71
12/31/2017,MOD,CA,AWP,WE,Federal Contract Tower,0,4,15,0,19,0,12,0,0,12,0,16,15,0,31,0,0,0,31
01/01/2018,MOD,CA,AWP,WE,Federal Contract Tower,0,2,11,0,13,0,31,40,0,71,0,33,51,0,84,16,0,16,100
01/02/2018,MOD,CA,AWP,WE,Federal Contract Tower,0,4,7,0,11,0,24,24,0,48,0,28,31,0,59,32,0,32,91
01/03/2018,MOD,CA,AWP,WE,Federal Contract Tower,0,22,15,0,37,0,2,0,0,2,0,24,15,0,39,0,0,0,39
01/04/2018,MOD,CA,AWP,WE,Federal Contract Tower,0,8,20,0,28,0,19,22,0,41,0,27,42,0,69,10,0,10,79
01/05/2018,MOD,CA,AWP,WE,Federal Contract Tower,0,11,26,0,37,0,17,22,0,39,0,28,48,0,76,10,0,10,86
01/06/2018,MOD,CA,AWP,WE,Federal Contract Tower,0,14,15,0,29,0,12,30,0,42,0,26,45,0,71,28,0,28,99
01/07/2018,MOD,CA,AWP,WE,Federal Contract Tower,0,7,14,0,21,0,19,11,0,30,0,26,25,0,51,2,0,2,53
01/08/2018,MOD,CA,AWP,WE,Federal Contract Tower,0,4,4,0,8,0,1,0,0,1,0,5,4,0,9,0,0,0,9
01/09/2018,MOD,CA,AWP,WE,Federal Contract Tower,0,28,12,0,40,0,2,1,0,3,0,30,13,0,43,0,0,0,43
01/10/2018,MOD,CA,AWP,WE,Federal Contract Tower,0,12,23,0,35,0,12,28,0,40,0,24,51,0,75,20,0,20,95
01/11/2018,MOD,CA,AWP,WE,Federal Contract Tower,0,15,25,2,42,0,17,36,0,53,0,32,61,2,95,12,0,12,107
01/12/2018,MOD,CA,AWP,WE,Federal Contract Tower,0,23,12,0,35,0,0,0,0,0,0,23,12,0,35,0,0,0,35
01/13/2018,MOD,CA,AWP,WE,Federal Contract Tower,0,6,34,0,40,0,0,0,0,0,0,6,34,0,40,0,0,0,40
01/14/2018,MOD,CA,AWP,WE,Federal Contract Tower,0,4,37,0,41,0,1,4,0,5,0,5,41,0,46,0,0,0,46
01/15/2018,MOD,CA,AWP,WE,Federal Contract Tower,0,11,16,0,27,0,0,0,0,0,0,11,16,0,27,0,0,0,27
01/16/2018,MOD,CA,AWP,WE,Federal Contract Tower,0,17,13,2,32,0,1,0,0,1,0,18,13,2,33,0,0,0,33
01/17/2018,MOD,CA,AWP,WE,Federal Contract Tower,0,18,16,0,34,0,0,0,0,0,0,18,16,0,34,0,0,0,34
01/18/2018,MOD,CA,AWP,WE,Federal Contract Tower,0,16,19,0,35,0,22,6,0,28,0,38,25,0,63,0,0,0,63
01/19/2018,MOD,CA,AWP,WE,Federal Contract Tower,0,6,16,2,24,0,48,42,0,90,0,54,58,2,114,38,0,38,152
01/20/2018,MOD,CA,AWP,WE,Federal Contract Tower,0,5,28,0,33,0,29,93,0,122,0,34,121,0,155,42,0,42,197
01/21/2018,MOD,CA,AWP,WE,Federal Contract Tower,0,2,17,0,19,0,17,36,0,53,0,19,53,0,72,26,0,26,98
01/22/2018,MOD,CA,AWP,WE,Federal Contract Tower,0,12,22,0,34,0,10,3,0,13,0,22,25,0,47,8,0,8,55
01/23/2018,MOD,CA,AWP,WE,Federal Contract Tower,0,21,9,0,30,0,18,17,0,35,0,39,26,0,65,26,0,26,91
01/24/2018,MOD,CA,AWP,WE,Federal Contract Tower,0,19,15,0,34,0,20,8,0,28,0,39,23,0,62,20,0,20,82
01/25/2018,MOD,CA,AWP,WE,Federal Contract Tower,0,5,7,0,12,0,37,24,0,61,0,42,31,0,73,10,0,10,83
01/26/2018,MOD,CA,AWP,WE,Federal Contract Tower,0,3,13,0,16,0,34,57,0,91,0,37,70,0,107,46,0,46,153
01/27/2018,MOD,CA,AWP,WE,Federal Contract Tower,0,15,35,0,50,0,26,36,0,62,0,41,71,0,112,18,0,18,130
01/28/2018,MOD,CA,AWP,WE,Federal Contract Tower,0,8,12,0,20,0,28,44,0,72,0,36,56,0,92,8,0,8,100
01/29/2018,MOD,CA,AWP,WE,Federal Contract Tower,0,2,14,0,16,0,33,29,0,62,0,35,43,0,78,18,0,18,96
01/30/2018,MOD,CA,AWP,WE,Federal Contract Tower,0,5,29,0,34,0,35,33,0,68,0,40,62,0,102,34,0,34,136
01/31/2018,MOD,CA,AWP,WE,Federal Contract Tower,0,10,12,0,22,0,33,43,0,76,0,43,55,0,98,36,0,36,134
02/01/2018,MOD,CA,AWP,WE,Federal Contract Tower,0,11,24,0,35,0,48,68,0,116,0,59,92,0,151,24,0,24,175
02/02/2018,MOD,CA,AWP,WE,Federal Contract Tower,0,4,24,0,28,0,27,62,0,89,0,31,86,0,117,42,0,42,159
02/03/2018,MOD,CA,AWP,WE,Federal Contract Tower,0,1,24,0,25,0,24,55,0,79,0,25,79,0,104,36,0,36,140
02/04/2018,MOD,CA,AWP,WE,Federal Contract Tower,0,2,27,0,29,0,16,18,0,34,0,18,45,0,63,30,0,30,93
02/05/2018,MOD,CA,AWP,WE,Federal Contract Tower,0,12,17,0,29,0,12,13,0,25,0,24,30,0,54,4,0,4,58
02/06/2018,MOD,CA,AWP,WE,Federal Contract Tower,10,18,0,0,28,0,27,49,0,76,10,45,49,0,104,40,0,40,144
02/07/2018,MOD,CA,AWP,WE,Federal Contract Tower,0,10,20,0,30,0,34,60,0,94,0,44,80,0,124,30,0,30,154
02/08/2018,MOD,CA,AWP,WE,Federal Contract Tower,0,11,24,0,35,0,37,56,0,93,0,48,80,0,128,8,0,8,136
02/09/2018,MOD,CA,AWP,WE,Federal Contract Tower,0,5,31,0,36,0,37,48,2,87,0,42,79,2,123,24,0,24,147
02/10/2018,MOD,CA,AWP,WE,Federal Contract Tower,0,8,23,0,31,0,14,0,0,14,0,22,23,0,45,6,0,6,51
02/11/2018,MOD,CA,AWP,WE,Federal Contract Tower,0,0,19,0,19,0,20,50,0,70,0,20,69,0,89,44,0,44,133
02/12/2018,MOD,CA,AWP,WE,Federal Contract Tower,0,3,24,0,27,0,31,35,0,66,0,34,59,0,93,40,0,40,133
02/13/2018,MOD,CA,AWP,WE,Federal Contract Tower,0,3,17,0,20,0,20,64,0,84,0,23,81,0,104,24,0,24,128
02/14/2018,MOD,CA,AWP,WE,Federal Contract Tower,0,10,17,0,27,0,29,57,0,86,0,39,74,0,113,32,0,32,145
02/15/2018,MOD,CA,AWP,WE,Federal Contract Tower,0,8,27,0,35,0,54,69,0,123,0,62,96,0,158,80,0,80,238
02/16/2018,MOD,CA,AWP,WE,Federal Contract Tower,0,15,40,0,55,0,43,75,0,118,0,58,115,0,173,42,0,42,215
02/17/2018,MOD,CA,AWP,WE,Federal Contract Tower,0,3,11,0,14,0,29,82,0,111,0,32,93,0,125,48,0,48,173
02/18/2018,MOD,CA,AWP,WE,Federal Contract Tower,0,2,14,0,16,0,11,28,0,39,0,13,42,0,55,2,0,2,57
02/19/2018,MOD,CA,AWP,WE,Federal Contract Tower,0,4,7,0,11,0,28,29,0,57,0,32,36,0,68,10,0,10,78
02/20/2018,MOD,CA,AWP,WE,Federal Contract Tower,0,17,24,0,41,0,32,51,0,83,0,49,75,0,124,10,0,10,134
02/21/2018,MOD,CA,AWP,WE,Federal Contract Tower,0,8,20,0,28,0,37,69,0,106,0,45,89,0,134,26,0,26,160
02/22/2018,MOD,CA,AWP,WE,Federal Contract Tower,0,11,9,2,22,0,27,26,0,53,0,38,35,2,75,14,0,14,89
02/23/2018,MOD,CA,AWP,WE,Federal Contract Tower,0,3,31,0,34,0,28,28,0,56,0,31,59,0,90,8,0,8,98
02/24/2018,MOD,CA,AWP,WE,Federal Contract Tower,0,6,17,0,23,0,18,75,0,93,0,24,92,0,116,12,0,12,128
02/25/2018,MOD,CA,AWP,WE,Federal Contract Tower,0,4,22,0,26,0,15,47,0,62,0,19,69,0,88,32,0,32,120
02/26/2018,MOD,CA,AWP,WE,Federal Contract Tower,0,11,6,0,17,0,1,3,0,4,0,12,9,0,21,0,0,0,21
02/27/2018,MOD,CA,AWP,WE,Federal Contract Tower,0,10,12,0,22,0,19,36,0,55,0,29,48,0,77,18,0,18,95
02/28/2018,MOD,CA,AWP,WE,Federal Contract Tower,0,6,16,0,22,0,30,34,0,64,0,36,50,0,86,8,0,8,94
03/01/2018,MOD,CA,AWP,WE,Federal Contract Tower,0,10,1,0,11,0,6,0,0,6,0,16,1,0,17,0,0,0,17
03/02/2018,MOD,CA,AWP,WE,Federal Contract Tower,0,15,14,0,29,0,12,1,0,13,0,27,15,0,42,0,0,0,42
03/03/2018,MOD,CA,AWP,WE,Federal Contract Tower,0,6,5,0,11,0,18,20,0,38,0,24,25,0,49,22,0,22,71
03/04/2018,MOD,CA,AWP,WE,Federal Contract Tower,0,4,22,0,26,0,21,36,0,57,0,25,58,0,83,8,0,8,91
03/05/2018,MOD,CA,AWP,WE,Federal Contract Tower,0,2,14,0,16,0,28,47,0,75,0,30,61,0,91,4,0,4,95
03/06/2018,MOD,CA,AWP,WE,Federal Contract Tower,0,4,28,0,32,0,24,52,0,76,0,28,80,0,108,32,0,32,140
03/07/2018,MOD,CA,AWP,WE,Federal Contract Tower,0,6,13,0,19,0,46,56,0,102,0,52,69,0,121,50,0,50,171
03/08/2018,MOD,CA,AWP,WE,Federal Contract Tower,0,6,19,0,25,0,34,40,0,74,0,40,59,0,99,18,0,18,117
03/09/2018,MOD,CA,AWP,WE,Federal Contract Tower,0,2,22,1,25,0,51,50,0,101,0,53,72,1,126,30,0,30,156
03/10/2018,MOD,CA,AWP,WE,Federal Contract Tower,0,10,5,0,15,0,12,85,0,97,0,22,90,0,112,6,0,6,118
03/11/2018,MOD,CA,AWP,WE,Federal Contract Tower,0,18,13,0,31,0,25,42,0,67,0,43,55,0,98,22,0,22,120
03/12/2018,MOD,CA,AWP,WE,Federal Contract Tower,0,7,17,0,24,0,43,42,0,85,0,50,59,0,109,16,0,16,125
03/13/2018,MOD,CA,AWP,WE,Federal Contract Tower,0,17,17,0,34,0,7,7,0,14,0,24,24,0,48,0,0,0,48
03/14/2018,MOD,CA,AWP,WE,Federal Contract Tower,0,15,11,0,26,0,17,26,0,43,0,32,37,0,69,4,0,4,73
03/15/2018,MOD,CA,AWP,WE,Federal Contract Tower,0,16,25,0,41,0,20,19,3,42,0,36,44,3,83,2,0,2,85
03/16/2018,MOD,CA,AWP,WE,Federal Contract Tower,0,33,3,0,36,0,21,5,1,27,0,54,8,1,63,0,0,0,63
03/17/2018,MOD,CA,AWP,WE,Federal Contract Tower,0,13,11,0,24,0,45,21,0,66,0,58,32,0,90,2,0,2,92
03/18/2018,MOD,CA,AWP,WE,Federal Contract Tower,0,2,17,0,19,0,38,47,0,85,0,40,64,0,104,8,0,8,112
03/19/2018,MOD,CA,AWP,WE,Federal Contract Tower,0,7,19,0,26,0,11,62,0,73,0,18,81,0,99,52,0,52,151
03/20/2018,MOD,CA,AWP,WE,Federal Contract Tower,0,11,8,0,19,0,14,13,0,27,0,25,21,0,46,6,0,6,52
03/21/2018,MOD,CA,AWP,WE,Federal Contract Tower,0,15,15,2,32,0,7,2,1,10,0,22,17,3,42,0,0,0,42
03/22/2018,MOD,CA,AWP,WE,Federal Contract Tower,0,9,2,0,11,0,11,4,0,15,0,20,6,0,26,12,0,12,38
03/23/2018,MOD,CA,AWP,WE,Federal Contract Tower,0,6,21,0,27,0,25,77,0,102,0,31,98,0,129,76,0,76,205
03/24/2018,MOD,CA,AWP,WE,Federal Contract Tower,0,0,11,0,11,0,21,23,2,46,0,21,34,2,57,14,0,14,71
03/25/2018,MOD,CA,AWP,WE,Federal Contract Tower,0,4,22,0,26,0,26,46,0,72,0,30,68,0,98,36,0,36,134
03/26/2018,MOD,CA,AWP,WE,Federal Contract Tower,0,10,10,0,20,0,12,41,0,53,0,22,51,0,73,10,0,10,83
03/27/2018,MOD,CA,AWP,WE,Federal Contract Tower,0,2,19,0,21,0,26,79,0,105,0,28,98,0,126,58,0,58,184
03/28/2018,MOD,CA,AWP,WE,Federal Contract Tower,0,9,38,0,47,0,34,91,0,125,0,43,129,0,172,88,0,88,260
03/29/2018,MOD,CA,AWP,WE,Federal Contract Tower,0,9,27,0,36,0,34,113,0,147,0,43,140,0,183,80,0,80,263
03/30/2018,MOD,CA,AWP,WE,Federal Contract Tower,0,8,6,0,14,0,33,88,0,121,0,41,94,0,135,58,0,58,193
03/31/2018,MOD,CA,AWP,WE,Federal Contract Tower,0,0,30,0,30,0,17,73,0,90,0,17,103,0,120,22,0,22,142
04/01/2018,MOD,CA,AWP,WE,Federal Contract Tower,0,1,4,0,5,0,14,29,0,43,0,15,33,0,48,8,0,8,56
04/02/2018,MOD,CA,AWP,WE,Federal Contract Tower,0,4,0,0,4,0,26,25,0,51,0,30,25,0,55,28,0,28,83
04/03/2018,MOD,CA,AWP,WE,Federal Contract Tower,0,8,14,0,22,0,24,62,0,86,0,32,76,0,108,78,0,78,186
04/04/2018,MOD,CA,AWP,WE,Federal Contract Tower,0,12,23,0,35,0,34,74,0,108,0,46,97,0,143,40,0,40,183
04/05/2018,MOD,CA,AWP,WE,Federal Contract Tower,0,13,19,0,32,0,22,42,0,64,0,35,61,0,96,30,0,30,126
04/06/2018,MOD,CA,AWP,WE,Federal Contract Tower,0,19,14,0,33,0,1,0,0,1,0,20,14,0,34,0,0,0,34
04/07/2018,MOD,CA,AWP,WE,Federal Contract Tower,0,6,15,0,21,0,21,10,0,31,0,27,25,0,52,6,0,6,58
04/08/2018,MOD,CA,AWP,WE,Federal Contract Tower,0,7,17,0,24,0,37,36,0,73,0,44,53,0,97,34,0,34,131
04/09/2018,MOD,CA,AWP,WE,Federal Contract Tower,0,6,9,0,15,0,17,59,0,76,0,23,68,0,91,58,0,58,149
04/10/2018,MOD,CA,AWP,WE,Federal Contract Tower,0,9,23,4,36,0,30,49,0,79,0,39,72,4,115,30,0,30,145
04/11/2018,MOD,CA,AWP,WE,Federal Contract Tower,0,8,18,0,26,0,36,27,0,63,0,44,45,0,89,8,0,8,97
04/12/2018,MOD,CA,AWP,WE,Federal Contract Tower,0,6,12,0,18,0,47,35,0,82,0,53,47,0,100,26,0,26,126
04/13/2018,MOD,CA,AWP,WE,Federal Contract Tower,0,3,22,0,25,0,56,38,0,94,0,59,60,0,119,34,0,34,153
04/14/2018,MOD,CA,AWP,WE,Federal Contract Tower,0,1,12,0,13,0,20,130,0,150,0,21,142,0,163,43,0,43,206
04/16/2018,MOD,CA,AWP,WE,Federal Contract Tower,0,9,4,0,13,0,22,11,0,33,0,31,15,0,46,4,0,4,50
04/17/2018,MOD,CA,AWP,WE,Federal Contract Tower,0,3,18,0,21,0,35,48,0,83,0,38,66,0,104,32,0,32,136
04/18/2018,MOD,CA,AWP,WE,Federal Contract Tower,0,7,20,0,27,0,35,44,0,79,0,42,64,0,106,46,0,46,152
04/19/2018,MOD,CA,AWP,WE,Federal Contract Tower,0,8,32,2,42,0,37,33,0,70,0,45,65,2,112,22,0,22,134
04/20/2018,MOD,CA,AWP,WE,Federal Contract Tower,0,9,38,0,47,0,44,61,0,105,0,53,99,0,152,30,0,30,182
04/21/2018,MOD,CA,AWP,WE,Federal Contract Tower,0,6,12,0,18,0,43,73,0,116,0,49,85,0,134,46,0,46,180
04/22/2018,MOD,CA,AWP,WE,Federal Contract Tower,0,4,17,0,21,0,36,61,0,97,0,40,78,0,118,24,0,24,142
04/23/2018,MOD,CA,AWP,WE,Federal Contract Tower,0,4,19,0,23,0,28,40,0,68,0,32,59,0,91,24,0,24,115
04/24/2018,MOD,CA,AWP,WE,Federal Contract Tower,0,9,45,0,54,0,22,70,2,94,0,31,115,2,148,78,0,78,226
04/25/2018,MOD,CA,AWP,WE,Federal Contract Tower,0,13,18,0,31,0,30,51,0,81,0,43,69,0,112,46,0,46,158
04/26/2018,MOD,CA,AWP,WE,Federal Contract Tower,0,6,34,0,40,0,29,41,0,70,0,35,75,0,110,50,0,50,160
04/27/2018,MOD,CA,AWP,WE,Federal Contract Tower,0,17,19,0,36,0,24,32,0,56,0,41,51,0,92,26,0,26,118
04/28/2018,MOD,CA,AWP,WE,Federal Contract Tower,0,6,11,0,17,0,28,46,0,74,0,34,57,0,91,40,0,40,131
04/29/2018,MOD,CA,AWP,WE,Federal Contract Tower,0,4,13,0,17,0,34,36,0,70,0,38,49,0,87,28,0,28,115
04/30/2018,MOD,CA,AWP,WE,Federal Contract Tower,0,10,20,0,30,0,30,32,2,64,0,40,52,2,94,18,0,18,112
05/01/2018,MOD,CA,AWP,WE,Federal Contract Tower,0,2,20,0,22,0,27,65,0,92,0,29,85,0,114,16,0,16,130
05/02/2018,MOD,CA,AWP,WE,Federal Contract Tower,0,4,14,0,18,0,42,53,0,95,0,46,67,0,113,8,0,8,121
05/03/2018,MOD,CA,AWP,WE,Federal Contract Tower,0,13,8,0,21,0,42,52,0,94,0,55,60,0,115,22,0,22,137
05/04/2018,MOD,CA,AWP,WE,Federal Contract Tower,0,8,10,0,18,0,33,49,0,82,0,41,59,0,100,16,0,16,116
05/05/2018,MOD,CA,AWP,WE,Federal Contract Tower,0,3,13,0,16,0,25,51,0,76,0,28,64,0,92,34,0,34,126
05/06/2018,MOD,CA,AWP,WE,Federal Contract Tower,0,6,10,0,16,0,29,29,0,58,0,35,39,0,74,12,0,12,86
05/07/2018,MOD,CA,AWP,WE,Federal Contract Tower,0,7,21,0,28,0,44,38,0,82,0,51,59,0,110,12,0,12,122
05/08/2018,MOD,CA,AWP,WE,Federal Contract Tower,0,3,16,0,19,0,17,39,0,56,0,20,55,0,75,4,0,4,79
05/09/2018,MOD,CA,AWP,WE,Federal Contract Tower,0,6,17,0,23,0,34,48,2,84,0,40,65,2,107,2,0,2,109
05/10/2018,MOD,CA,AWP,WE,Federal Contract Tower,0,7,10,0,17,0,25,28,0,53,0,32,38,0,70,12,0,12,82
05/11/2018,MOD,CA,AWP,WE,Federal Contract Tower,0,5,8,0,13,0,37,23,0,60,0,42,31,0,73,8,0,8,81
05/12/2018,MOD,CA,AWP,WE,Federal Contract Tower,0,0,13,0,13,0,20,94,0,114,0,20,107,0,127,14,0,14,141
05/13/2018,MOD,CA,AWP,WE,Federal Contract Tower,0,5,9,0,14,0,13,39,0,52,0,18,48,0,66,18,0,18,84
05/14/2018,MOD,CA,AWP,WE,Federal Contract Tower,0,3,48,0,51,0,31,62,0,93,0,34,110,0,144,26,0,26,170
05/15/2018,MOD,CA,AWP,WE,Federal Contract Tower,0,8,14,0,22,0,20,35,0,55,0,28,49,0,77,32,0,32,109
05/16/2018,MOD,CA,AWP,WE,Federal Contract Tower,0,21,15,0,36,0,20,48,0,68,0,41,63,0,104,52,0,52,156
05/17/2018,MOD,CA,AWP,WE,Federal Contract Tower,0,7,21,0,28,0,41,45,0,86,0,48,66,0,114,30,0,30,144
05/18/2018,MOD,CA,AWP,WE,Federal Contract Tower,0,2,14,0,16,0,21,48,0,69,0,23,62,0,85,26,0,26,111
05/19/2018,MOD,CA,AWP,WE,Federal Contract Tower,0,1,19,0,20,0,28,41,0,69,0,29,60,0,89,16,0,16,105
05/20/2018,MOD,CA,AWP,WE,Federal Contract Tower,0,4,16,0,20,0,11,25,0,36,0,15,41,0,56,4,0,4,60
05/21/2018,MOD,CA,AWP,WE,Federal Contract Tower,0,14,14,0,28,0,33,46,0,79,0,47,60,0,107,30,0,30,137
05/22/2018,MOD,CA,AWP,WE,Federal Contract Tower,0,4,14,0,18,0,34,27,0,61,0,38,41,0,79,29,0,29,108
05/23/2018,MOD,CA,AWP,WE,Federal Contract Tower,0,16,15,0,31,0,30,50,0,80,0,46,65,0,111,20,0,20,131
05/24/2018,MOD,CA,AWP,WE,Federal Contract Tower,0,14,17,0,31,0,39,40,0,79,0,53,57,0,110,22,0,22,132
05/25/2018,MOD,CA,AWP,WE,Federal Contract Tower,0,3,26,0,29,0,28,27,0,55,0,31,53,0,84,16,0,16,100
05/26/2018,MOD,CA,AWP,WE,Federal Contract Tower,0,10,16,0,26,0,20,41,0,61,0,30,57,0,87,0,0,0,87
05/27/2018,MOD,CA,AWP,WE,Federal Contract Tower,0,5,6,0,11,0,13,47,0,60,0,18,53,0,71,46,0,46,117
05/28/2018,MOD,CA,AWP,WE,Federal Contract Tower,0,4,11,0,15,0,13,71,0,84,0,17,82,0,99,40,0,40,139
05/29/2018,MOD,CA,AWP,WE,Federal Contract Tower,0,7,11,0,18,0,32,56,0,88,0,39,67,0,106,0,0,0,106
05/30/2018,MOD,CA,AWP,WE,Federal Contract Tower,0,3,13,0,16,0,12,50,0,62,0,15,63,0,78,20,0,20,98
05/31/2018,MOD,CA,AWP,WE,Federal Contract Tower,0,4,15,2,21,0,37,51,0,88,0,41,66,2,109,26,0,26,135
06/01/2018,MOD,CA,AWP,WE,Federal Contract Tower,0,2,5,0,7,0,30,49,0,79,0,32,54,0,86,29,0,29,115
06/02/2018,MOD,CA,AWP,WE,Federal Contract Tower,0,2,6,0,8,0,11,50,0,61,0,13,56,0,69,18,0,18,87
06/03/2018,MOD,CA,AWP,WE,Federal Contract Tower,0,3,14,0,17,0,21,37,0,58,0,24,51,0,75,12,0,12,87
06/04/2018,MOD,CA,AWP,WE,Federal Contract Tower,0,5,15,0,20,0,32,46,0,78,0,37,61,0,98,8,0,8,106
06/05/2018,MOD,CA,AWP,WE,Federal Contract Tower,0,10,7,0,17,0,34,39,0,73,0,44,46,0,90,30,0,30,120
06/06/2018,MOD,CA,AWP,WE,Federal Contract Tower,0,11,23,2,36,0,23,26,0,49,0,34,49,2,85,23,0,23,108
06/07/2018,MOD,CA,AWP,WE,Federal Contract Tower,0,4,12,0,16,0,21,61,0,82,0,25,73,0,98,36,0,36,134
06/08/2018,MOD,CA,AWP,WE,Federal Contract Tower,0,1,23,0,24,0,41,36,0,77,0,42,59,0,101,14,0,14,115
06/09/2018,MOD,CA,AWP,WE,Federal Contract Tower,0,2,8,0,10,0,10,88,0,98,0,12,96,0,108,10,0,10,118
06/10/2018,MOD,CA,AWP,WE,Federal Contract Tower,0,4,18,0,22,0,25,24,0,49,0,29,42,0,71,2,0,2,73
06/11/2018,MOD,CA,AWP,WE,Federal Contract Tower,0,3,22,0,25,0,30,49,0,79,0,33,71,0,104,32,0,32,136
06/12/2018,MOD,CA,AWP,WE,Federal Contract Tower,0,5,21,0,26,0,19,54,0,73,0,24,75,0,99,42,0,42,141
06/13/2018,MOD,CA,AWP,WE,Federal Contract Tower,0,11,22,0,33,0,30,50,0,80,0,41,72,0,113,52,0,52,165
06/14/2018,MOD,CA,AWP,WE,Federal Contract Tower,0,11,26,2,39,0,28,43,0,71,0,39,69,2,110,38,0,38,148
06/15/2018,MOD,CA,AWP,WE,Federal Contract Tower,0,1,17,0,18,0,26,55,0,81,0,27,72,0,99,16,0,16,115
06/16/2018,MOD,CA,AWP,WE,Federal Contract Tower,0,8,18,0,26,0,23,49,1,73,0,31,67,1,99,10,0,10,109
06/17/2018,MOD,CA,AWP,WE,Federal Contract Tower,0,13,10,1,24,0,13,50,0,63,0,26,60,1,87,18,0,18,105
06/18/2018,MOD,CA,AWP,WE,Federal Contract Tower,0,6,12,0,18,0,45,31,0,76,0,51,43,0,94,16,0,16,110
06/19/2018,MOD,CA,AWP,WE,Federal Contract Tower,0,2,5,0,7,0,35,57,0,92,0,37,62,0,99,65,0,65,164
06/20/2018,MOD,CA,AWP,WE,Federal Contract Tower,0,8,21,0,29,0,21,36,0,57,0,29,57,0,86,54,0,54,140
06/21/2018,MOD,CA,AWP,WE,Federal Contract Tower,0,2,14,0,16,0,21,32,0,53,0,23,46,0,69,73,0,73,142
06/22/2018,MOD,CA,AWP,WE,Federal Contract Tower,0,2,6,0,8,0,27,72,0,99,0,29,78,0,107,29,0,29,136
06/23/2018,MOD,CA,AWP,WE,Federal Contract Tower,0,3,4,0,7,0,22,69,0,91,0,25,73,0,98,38,0,38,136
06/24/2018,MOD,CA,AWP,WE,Federal Contract Tower,0,6,4,0,10,0,22,55,0,77,0,28,59,0,87,14,0,14,101
06/25/2018,MOD,CA,AWP,WE,Federal Contract Tower,0,8,7,0,15,0,25,59,0,84,0,33,66,0,99,12,0,12,111
06/26/2018,MOD,CA,AWP,WE,Federal Contract Tower,0,6,29,0,35,0,28,65,0,93,0,34,94,0,128,21,0,21,149
06/27/2018,MOD,CA,AWP,WE,Federal Contract Tower,0,10,24,0,34,0,20,69,0,89,0,30,93,0,123,36,0,36,159
06/28/2018,MOD,CA,AWP,WE,Federal Contract Tower,0,10,20,0,30,0,41,23,0,64,0,51,43,0,94,36,0,36,130
06/29/2018,MOD,CA,AWP,WE,Federal Contract Tower,0,7,23,2,32,0,23,49,0,72,0,30,72,2,104,29,0,29,133
06/30/2018,MOD,CA,AWP,WE,Federal Contract Tower,0,3,8,0,11,0,42,40,0,82,0,45,48,0,93,18,0,18,111
07/01/2018,MOD,CA,AWP,WE,Federal Contract Tower,0,0,17,0,17,0,51,45,0,96,0,51,62,0,113,24,0,24,137
07/02/2018,MOD,CA,AWP,WE,Federal Contract Tower,0,8,6,0,14,0,18,25,0,43,0,26,31,0,57,18,0,18,75
07/03/2018,MOD,CA,AWP,WE,Federal Contract Tower,0,0,9,0,9,0,25,51,0,76,0,25,60,0,85,24,0,24,109
07/04/2018,MOD,CA,AWP,WE,Federal Contract Tower,0,0,13,0,13,0,34,39,0,73,0,34,52,0,86,20,0,20,106
07/05/2018,MOD,CA,AWP,WE,Federal Contract Tower,0,4,12,0,16,0,25,34,0,59,0,29,46,0,75,20,0,20,95
07/06/2018,MOD,CA,AWP,WE,Federal Contract Tower,0,3,24,0,27,0,28,36,0,64,0,31,60,0,91,50,0,50,141
07/07/2018,MOD,CA,AWP,WE,Federal Contract Tower,0,4,17,0,21,0,24,46,0,70,0,28,63,0,91,40,0,40,131
07/08/2018,MOD,CA,AWP,WE,Federal Contract Tower,0,6,7,0,13,0,11,55,0,66,0,17,62,0,79,12,0,12,91
07/09/2018,MOD,CA,AWP,WE,Federal Contract Tower,0,6,26,0,32,0,29,35,0,64,0,35,61,0,96,42,0,42,138
07/10/2018,MOD,CA,AWP,WE,Federal Contract Tower,0,3,13,0,16,0,24,27,0,51,0,27,40,0,67,47,0,47,114
07/11/2018,MOD,CA,AWP,WE,Federal Contract Tower,0,8,11,0,19,0,15,48,0,63,0,23,59,0,82,11,0,11,93
07/12/2018,MOD,CA,AWP,WE,Federal Contract Tower,0,2,3,0,5,0,26,33,0,59,0,28,36,0,64,4,0,4,68
07/13/2018,MOD,CA,AWP,WE,Federal Contract Tower,0,6,5,8,19,0,26,39,0,65,0,32,44,8,84,34,0,34,118
07/14/2018,MOD,CA,AWP,WE,Federal Contract Tower,0,6,24,2,32,0,27,92,0,119,0,33,116,2,151,26,0,26,177
07/15/2018,MOD,CA,AWP,WE,Federal Contract Tower,0,9,21,0,30,0,25,33,0,58,0,34,54,0,88,4,0,4,92
07/16/2018,MOD,CA,AWP,WE,Federal Contract Tower,0,5,31,0,36,0,31,38,0,69,0,36,69,0,105,32,0,32,137
07/17/2018,MOD,CA,AWP,WE,Federal Contract Tower,0,12,21,0,33,0,21,42,0,63,0,33,63,0,96,8,0,8,104
07/18/2018,MOD,CA,AWP,WE,Federal Contract Tower,0,12,25,0,37,0,9,40,0,49,0,21,65,0,86,0,0,0,86
07/19/2018,MOD,CA,AWP,WE,Federal Contract Tower,0,1,12,0,13,0,19,47,0,66,0,20,59,0,79,18,0,18,97
07/20/2018,MOD,CA,AWP,WE,Federal Contract Tower,0,5,30,0,35,0,28,54,0,82,0,33,84,0,117,12,0,12,129
07/21/2018,MOD,CA,AWP,WE,Federal Contract Tower,0,7,22,0,29,0,26,45,0,71,0,33,67,0,100,28,0,28,128
07/22/2018,MOD,CA,AWP,WE,Federal Contract Tower,0,7,12,0,19,0,24,32,0,56,0,31,44,0,75,18,0,18,93
07/23/2018,MOD,CA,AWP,WE,Federal Contract Tower,0,4,9,0,13,0,32,44,0,76,0,36,53,0,89,20,0,20,109
07/24/2018,MOD,CA,AWP,WE,Federal Contract Tower,0,9,19,0,28,0,24,47,0,71,0,33,66,0,99,0,0,0,99
07/25/2018,MOD,CA,AWP,WE,Federal Contract Tower,0,6,13,0,19,0,18,49,0,67,0,24,62,0,86,0,0,0,86
07/26/2018,MOD,CA,AWP,WE,Federal Contract Tower,0,5,9,0,14,0,44,44,0,88,0,49,53,0,102,20,0,20,122
07/27/2018,MOD,CA,AWP,WE,Federal Contract Tower,0,9,22,0,31,0,39,28,0,67,0,48,50,0,98,6,0,6,104
07/28/2018,MOD,CA,AWP,WE,Federal Contract Tower,0,3,21,0,24,0,25,52,0,77,0,28,73,0,101,58,0,58,159
07/29/2018,MOD,CA,AWP,WE,Federal Contract Tower,0,6,11,0,17,0,30,34,0,64,0,36,45,0,81,4,0,4,85
07/30/2018,MOD,CA,AWP,WE,Federal Contract Tower,0,8,6,0,14,0,27,21,0,48,0,35,27,0,62,12,0,12,74
07/31/2018,MOD,CA,AWP,WE,Federal Contract Tower,0,10,8,0,18,0,23,42,0,65,0,33,50,0,83,60,0,60,143
08/01/2018,MOD,CA,AWP,WE,Federal Contract Tower,0,4,24,0,28,0,10,49,0,59,0,14,73,0,87,44,0,44,131
08/02/2018,MOD,CA,AWP,WE,Federal Contract Tower,0,5,19,0,24,0,16,59,0,75,0,21,78,0,99,54,0,54,153
08/03/2018,MOD,CA,AWP,WE,Federal Contract Tower,0,3,13,0,16,0,31,25,0,56,0,34,38,0,72,31,0,31,103
08/04/2018,MOD,CA,AWP,WE,Federal Contract Tower,0,1,20,0,21,0,12,36,0,48,0,13,56,0,69,14,0,14,83
08/05/2018,MOD,CA,AWP,WE,Federal Contract Tower,0,5,3,0,8,0,18,34,0,52,0,23,37,0,60,22,0,22,82
08/06/2018,MOD,CA,AWP,WE,Federal Contract Tower,0,5,24,0,29,0,25,28,0,53,0,30,52,0,82,12,0,12,94
08/07/2018,MOD,CA,AWP,WE,Federal Contract Tower,0,7,13,0,20,0,32,31,0,63,0,39,44,0,83,35,0,35,118
08/08/2018,MOD,CA,AWP,WE,Federal Contract Tower,0,16,16,0,32,0,20,18,0,38,0,36,34,0,70,18,0,18,88
08/09/2018,MOD,CA,AWP,WE,Federal Contract Tower,0,6,15,0,21,0,23,20,0,43,0,29,35,0,64,8,0,8,72
08/10/2018,MOD,CA,AWP,WE,Federal Contract Tower,0,2,25,0,27,0,23,35,0,58,0,25,60,0,85,44,0,44,129
08/11/2018,MOD,CA,AWP,WE,Federal Contract Tower,0,3,7,0,10,0,19,106,0,125,0,22,113,0,135,72,0,72,207
08/12/2018,MOD,CA,AWP,WE,Federal Contract Tower,0,3,13,0,16,0,31,44,0,75,0,34,57,0,91,28,0,28,119
08/13/2018,MOD,CA,AWP,WE,Federal Contract Tower,0,4,22,0,26,0,32,48,0,80,0,36,70,0,106,38,0,38,144
08/14/2018,MOD,CA,AWP,WE,Federal Contract Tower,0,19,28,0,47,0,27,50,0,77,0,46,78,0,124,28,0,28,152
08/15/2018,MOD,CA,AWP,WE,Federal Contract Tower,0,14,21,0,35,0,14,55,0,69,0,28,76,0,104,50,0,50,154
08/16/2018,MOD,CA,AWP,WE,Federal Contract Tower,0,3,25,0,28,0,29,55,0,84,0,32,80,0,112,32,0,32,144
08/17/2018,MOD,CA,AWP,WE,Federal Contract Tower,0,15,48,0,63,0,33,62,0,95,0,48,110,0,158,42,2,44,202
08/18/2018,MOD,CA,AWP,WE,Federal Contract Tower,0,5,32,0,37,0,27,61,0,88,0,32,93,0,125,42,0,42,167
08/19/2018,MOD,CA,AWP,WE,Federal Contract Tower,0,11,21,0,32,0,23,33,0,56,0,34,54,0,88,8,0,8,96
08/20/2018,MOD,CA,AWP,WE,Federal Contract Tower,0,3,23,0,26,0,28,43,0,71,0,31,66,0,97,48,0,48,145
08/21/2018,MOD,CA,AWP,WE,Federal Contract Tower,0,12,13,0,25,0,31,37,0,68,0,43,50,0,93,48,0,48,141
08/22/2018,MOD,CA,AWP,WE,Federal Contract Tower,0,12,24,0,36,0,29,41,0,70,0,41,65,0,106,78,0,78,184
08/23/2018,MOD,CA,AWP,WE,Federal Contract Tower,0,4,22,0,26,0,33,56,0,89,0,37,78,0,115,20,0,20,135
08/24/2018,MOD,CA,AWP,WE,Federal Contract Tower,0,3,25,2,30,0,36,32,0,68,0,39,57,2,98,70,0,70,168
08/25/2018,MOD,CA,AWP,WE,Federal Contract Tower,0,5,24,3,32,0,20,51,0,71,0,25,75,3,103,16,0,16,119
08/26/2018,MOD,CA,AWP,WE,Federal Contract Tower,0,5,10,0,15,0,39,40,0,79,0,44,50,0,94,38,0,38,132
08/27/2018,MOD,CA,AWP,WE,Federal Contract Tower,0,1,38,0,39,0,26,46,0,72,0,27,84,0,111,42,0,42,153
08/28/2018,MOD,CA,AWP,WE,Federal Contract Tower,0,4,44,0,48,0,24,61,0,85,0,28,105,0,133,60,0,60,193
08/29/2018,MOD,CA,AWP,WE,Federal Contract Tower,0,9,46,0,55,0,37,99,0,136,0,46,145,0,191,26,0,26,217
08/30/2018,MOD,CA,AWP,WE,Federal Contract Tower,0,12,30,0,42,0,31,66,0,97,0,43,96,0,139,58,0,58,197
08/31/2018,MOD,CA,AWP,WE,Federal Contract Tower,0,12,27,0,39,0,40,45,0,85,0,52,72,0,124,64,0,64,188
09/01/2018,MOD,CA,AWP,WE,Federal Contract Tower,0,4,18,0,22,0,15,53,0,68,0,19,71,0,90,26,0,26,116
09/02/2018,MOD,CA,AWP,WE,Federal Contract Tower,0,4,8,0,12,0,15,53,0,68,0,19,61,0,80,20,0,20,100
09/03/2018,MOD,CA,AWP,WE,Federal Contract Tower,0,7,16,0,23,0,17,36,0,53,0,24,52,0,76,16,0,16,92
09/04/2018,MOD,CA,AWP,WE,Federal Contract Tower,0,2,12,0,14,0,25,53,0,78,0,27,65,0,92,46,0,46,138
09/05/2018,MOD,CA,AWP,WE,Federal Contract Tower,0,9,23,0,32,0,27,32,0,59,0,36,55,0,91,52,0,52,143
09/06/2018,MOD,CA,AWP,WE,Federal Contract Tower,0,11,28,6,45,0,27,49,0,76,0,38,77,6,121,54,0,54,175
09/07/2018,MOD,CA,AWP,WE,Federal Contract Tower,0,4,32,0,36,0,34,64,0,98,0,38,96,0,134,58,0,58,192
09/08/2018,MOD,CA,AWP,WE,Federal Contract Tower,0,2,19,0,21,0,22,109,0,131,0,24,128,0,152,20,0,20,172
09/09/2018,MOD,CA,AWP,WE,Federal Contract Tower,0,3,12,0,15,0,32,61,0,93,0,35,73,0,108,28,0,28,136
09/10/2018,MOD,CA,AWP,WE,Federal Contract Tower,0,3,12,0,15,0,48,62,0,110,0,51,74,0,125,38,0,38,163
09/11/2018,MOD,CA,AWP,WE,Federal Contract Tower,0,6,17,0,23,0,12,60,0,72,0,18,77,0,95,116,0,116,211
09/12/2018,MOD,CA,AWP,WE,Federal Contract Tower,0,13,17,0,30,0,26,48,0,74,0,39,65,0,104,26,0,26,130
09/13/2018,MOD,CA,AWP,WE,Federal Contract Tower,0,16,25,0,41,0,23,76,0,99,0,39,101,0,140,100,0,100,240
09/14/2018,MOD,CA,AWP,WE,Federal Contract Tower,0,2,13,0,15,0,33,74,0,107,0,35,87,0,122,128,0,128,250
09/15/2018,MOD,CA,AWP,WE,Federal Contract Tower,0,2,20,0,22,0,30,44,0,74,0,32,64,0,96,18,0,18,114
09/16/2018,MOD,CA,AWP,WE,Federal Contract Tower,0,8,7,0,15,0,20,53,0,73,0,28,60,0,88,46,0,46,134
09/17/2018,MOD,CA,AWP,WE,Federal Contract Tower,0,4,16,0,20,0,37,58,0,95,0,41,74,0,115,22,0,22,137
09/18/2018,MOD,CA,AWP,WE,Federal Contract Tower,0,4,6,0,10,0,26,46,1,73,0,30,52,1,83,46,0,46,129
09/19/2018,MOD,CA,AWP,WE,Federal Contract Tower,0,4,6,0,10,0,12,51,0,63,0,16,57,0,73,48,0,48,121
09/20/2018,MOD,CA,AWP,WE,Federal Contract Tower,0,9,20,0,29,0,23,67,0,90,0,32,87,0,119,101,0,101,220
09/21/2018,MOD,CA,AWP,WE,Federal Contract Tower,0,3,18,0,21,0,23,54,0,77,0,26,72,0,98,44,0,44,142
09/22/2018,MOD,CA,AWP,WE,Federal Contract Tower,0,1,13,0,14,0,21,51,0,72,0,22,64,0,86,14,0,14,100
09/23/2018,MOD,CA,AWP,WE,Federal Contract Tower,0,12,21,0,33,0,45,52,0,97,0,57,73,0,130,24,0,24,154
09/24/2018,MOD,CA,AWP,WE,Federal Contract Tower,0,4,21,2,27,0,40,68,0,108,0,44,89,2,135,30,0,30,165
09/25/2018,MOD,CA,AWP,WE,Federal Contract Tower,0,4,18,0,22,0,21,48,0,69,0,25,66,0,91,76,0,76,167
09/26/2018,MOD,CA,AWP,WE,Federal Contract Tower,0,12,13,0,25,0,22,65,0,87,0,34,78,0,112,92,0,92,204
09/27/2018,MOD,CA,AWP,WE,Federal Contract Tower,0,10,11,0,21,0,35,80,0,115,0,45,91,0,136,118,0,118,254
09/28/2018,MOD,CA,AWP,WE,Federal Contract Tower,0,9,11,0,20,0,41,64,0,105,0,50,75,0,125,82,0,82,207
09/29/2018,MOD,CA,AWP,WE,Federal Contract Tower,0,11,24,0,35,0,31,68,0,99,0,42,92,0,134,36,0,36,170
09/30/2018,MOD,CA,AWP,WE,Federal Contract Tower,0,15,3,0,18,0,5,33,0,38,0,20,36,0,56,36,0,36,92
10/01/2018,MOD,CA,AWP,WE,Federal Contract Tower,0,2,16,0,18,0,25,66,0,91,0,27,82,0,109,60,0,60,169
10/02/2018,MOD,CA,AWP,WE,Federal Contract Tower,0,6,10,0,16,0,21,48,0,69,0,27,58,0,85,80,0,80,165
10/03/2018,MOD,CA,AWP,WE,Federal Contract Tower,0,10,11,0,21,0,10,34,0,44,0,20,45,0,65,16,0,16,81
10/04/2018,MOD,CA,AWP,WE,Federal Contract Tower,0,17,17,4,38,0,17,43,0,60,0,34,60,4,98,120,0,120,218
10/05/2018,MOD,CA,AWP,WE,Federal Contract Tower,0,5,4,0,9,0,33,78,0,111,0,38,82,0,120,32,0,32,152
10/06/2018,MOD,CA,AWP,WE,Federal Contract Tower,0,5,16,0,21,0,23,68,0,91,0,28,84,0,112,18,0,18,130
10/07/2018,MOD,CA,AWP,WE,Federal Contract Tower,0,7,22,0,29,0,28,20,0,48,0,35,42,0,77,4,0,4,81
10/08/2018,MOD,CA,AWP,WE,Federal Contract Tower,0,5,31,0,36,0,9,55,0,64,0,14,86,0,100,76,0,76,176
10/09/2018,MOD,CA,AWP,WE,Federal Contract Tower,0,4,7,0,11,0,14,55,5,74,0,18,62,5,85,62,0,62,147
10/10/2018,MOD,CA,AWP,WE,Federal Contract Tower,0,16,22,0,38,0,21,58,0,79,0,37,80,0,117,42,0,42,159
10/11/2018,MOD,CA,AWP,WE,Federal Contract Tower,0,20,18,0,38,0,15,35,0,50,0,35,53,0,88,52,0,52,140
10/12/2018,MOD,CA,AWP,WE,Federal Contract Tower,0,8,32,0,40,0,29,69,0,98,0,37,101,0,138,52,0,52,190
10/13/2018,MOD,CA,AWP,WE,Federal Contract Tower,0,7,18,0,25,0,26,90,0,116,0,33,108,0,141,38,0,38,179
10/14/2018,MOD,CA,AWP,WE,Federal Contract Tower,0,7,1,0,8,0,30,40,0,70,0,37,41,0,78,10,0,10,88
10/15/2018,MOD,CA,AWP,WE,Federal Contract Tower,0,7,15,0,22,0,21,55,0,76,0,28,70,0,98,92,0,92,190
10/16/2018,MOD,CA,AWP,WE,Federal Contract Tower,0,3,18,0,21,0,26,70,0,96,0,29,88,0,117,60,0,60,177
10/17/2018,MOD,CA,AWP,WE,Federal Contract Tower,0,6,24,0,30,0,26,54,0,80,0,32,78,0,110,76,0,76,186
10/18/2018,MOD,CA,AWP,WE,Federal Contract Tower,0,11,13,0,24,0,41,71,0,112,0,52,84,0,136,88,0,88,224
10/19/2018,MOD,CA,AWP,WE,Federal Contract Tower,0,7,8,0,15,0,36,43,0,79,0,43,51,0,94,24,0,24,118
10/20/2018,MOD,CA,AWP,WE,Federal Contract Tower,0,6,61,0,67,0,41,85,0,126,0,47,146,0,193,58,0,58,251
10/21/2018,MOD,CA,AWP,WE,Federal Contract Tower,0,8,34,0,42,0,23,62,0,85,0,31,96,0,127,12,0,12,139
10/22/2018,MOD,CA,AWP,WE,Federal Contract Tower,0,11,6,0,17,0,30,49,0,79,0,41,55,0,96,48,0,48,144
10/23/2018,MOD,CA,AWP,WE,Federal Contract Tower,0,7,16,0,23,0,24,66,0,90,0,31,82,0,113,56,0,56,169
10/24/2018,MOD,CA,AWP,WE,Federal Contract Tower,0,6,20,0,26,0,37,71,0,108,0,43,91,0,134,34,0,34,168
10/25/2018,MOD,CA,AWP,WE,Federal Contract Tower,0,10,23,0,33,0,26,56,0,82,0,36,79,0,115,60,0,60,175
10/26/2018,MOD,CA,AWP,WE,Federal Contract Tower,0,2,19,0,21,0,42,62,0,104,0,44,81,0,125,62,0,62,187
10/27/2018,MOD,CA,AWP,WE,Federal Contract Tower,0,1,21,0,22,0,23,85,0,108,0,24,106,0,130,84,0,84,214
10/28/2018,MOD,CA,AWP,WE,Federal Contract Tower,0,10,19,0,29,0,27,53,0,80,0,37,72,0,109,4,0,4,113
10/29/2018,MOD,CA,AWP,WE,Federal Contract Tower,0,8,12,0,20,0,26,29,0,55,0,34,41,0,75,4,0,4,79
10/30/2018,MOD,CA,AWP,WE,Federal Contract Tower,0,9,19,0,28,0,25,40,0,65,0,34,59,0,93,28,0,28,121
10/31/2018,MOD,CA,AWP,WE,Federal Contract Tower,0,5,14,0,19,0,27,71,0,98,0,32,85,0,117,40,0,40,157
11/01/2018,MOD,CA,AWP,WE,Federal Contract Tower,0,7,19,0,26,0,26,55,0,81,0,33,74,0,107,42,0,42,149
11/02/2018,MOD,CA,AWP,WE,Federal Contract Tower,0,4,31,0,35,0,38,84,0,122,0,42,115,0,157,64,0,64,221
11/03/2018,MOD,CA,AWP,WE,Federal Contract Tower,0,5,10,0,15,0,17,59,0,76,0,22,69,0,91,22,0,22,113
11/04/2018,MOD,CA,AWP,WE,Federal Contract Tower,0,11,30,0,41,0,30,51,0,81,0,41,81,0,122,36,0,36,158
11/05/2018,MOD,CA,AWP,WE,Federal Contract Tower,0,3,18,0,21,0,42,52,0,94,0,45,70,0,115,16,0,16,131
11/06/2018,MOD,CA,AWP,WE,Federal Contract Tower,0,4,25,0,29,0,29,43,0,72,0,33,68,0,101,50,0,50,151
11/07/2018,MOD,CA,AWP,WE,Federal Contract Tower,0,7,18,0,25,0,32,52,0,84,0,39,70,0,109,32,0,32,141
11/08/2018,MOD,CA,AWP,WE,Federal Contract Tower,0,12,10,0,22,0,50,47,0,97,0,62,57,0,119,50,0,50,169
11/09/2018,MOD,CA,AWP,WE,Federal Contract Tower,0,16,34,0,50,0,35,53,0,88,0,51,87,0,138,26,0,26,164
11/10/2018,MOD,CA,AWP,WE,Federal Contract Tower,0,5,8,0,13,0,26,44,0,70,0,31,52,0,83,32,0,32,115
11/11/2018,MOD,CA,AWP,WE,Federal Contract Tower,0,3,2,0,5,0,7,13,0,20,0,10,15,0,25,6,0,6,31
11/12/2018,MOD,CA,AWP,WE,Federal Contract Tower,0,16,42,0,58,0,15,12,0,27,0,31,54,0,85,22,0,22,107
11/13/2018,MOD,CA,AWP,WE,Federal Contract Tower,0,23,29,0,52,0,26,43,0,69,0,49,72,0,121,58,0,58,179
11/14/2018,MOD,CA,AWP,WE,Federal Contract Tower,0,23,47,0,70,0,0,2,0,2,0,23,49,0,72,0,0,0,72
11/15/2018,MOD,CA,AWP,WE,Federal Contract Tower,0,32,45,0,77,0,0,0,0,0,0,32,45,0,77,0,0,0,77
11/16/2018,MOD,CA,AWP,WE,Federal Contract Tower,0,31,26,0,57,0,0,0,0,0,0,31,26,0,57,0,0,0,57
11/17/2018,MOD,CA,AWP,WE,Federal Contract Tower,0,14,20,0,34,0,0,0,0,0,0,14,20,0,34,0,0,0,34
11/18/2018,MOD,CA,AWP,WE,Federal Contract Tower,0,28,22,0,50,0,0,0,0,0,0,28,22,0,50,0,0,0,50
11/19/2018,MOD,CA,AWP,WE,Federal Contract Tower,0,20,37,0,57,0,2,0,0,2,0,22,37,0,59,0,0,0,59
11/20/2018,MOD,CA,AWP,WE,Federal Contract Tower,0,27,34,0,61,0,0,0,0,0,0,27,34,0,61,0,0,0,61
11/21/2018,MOD,CA,AWP,WE,Federal Contract Tower,0,16,17,0,33,0,18,13,0,31,0,34,30,0,64,0,0,0,64
11/22/2018,MOD,CA,AWP,WE,Federal Contract Tower,0,6,3,0,9,0,1,16,0,17,0,7,19,0,26,8,0,8,34
11/23/2018,MOD,CA,AWP,WE,Federal Contract Tower,0,24,14,0,38,0,5,2,0,7,0,29,16,0,45,0,0,0,45
11/24/2018,MOD,CA,AWP,WE,Federal Contract Tower,0,14,14,0,28,0,17,23,0,40,0,31,37,0,68,54,0,54,122
11/25/2018,MOD,CA,AWP,WE,Federal Contract Tower,0,8,35,0,43,0,21,55,0,76,0,29,90,0,119,44,0,44,163
11/26/2018,MOD,CA,AWP,WE,Federal Contract Tower,0,9,35,0,44,0,29,86,0,115,0,38,121,0,159,28,0,28,187
11/27/2018,MOD,CA,AWP,WE,Federal Contract Tower,0,26,18,0,44,0,12,16,0,28,0,38,34,0,72,0,0,0,72
11/28/2018,MOD,CA,AWP,WE,Federal Contract Tower,0,14,16,6,36,0,0,0,0,0,0,14,16,6,36,0,0,0,36
11/29/2018,MOD,CA,AWP,WE,Federal Contract Tower,0,9,9,2,20,0,10,11,0,21,0,19,20,2,41,0,0,0,41
11/30/2018,MOD,CA,AWP,WE,Federal Contract Tower,0,14,34,0,48,0,28,93,0,121,0,42,127,0,169,98,0,98,267
12/01/2018,MOD,CA,AWP,WE,Federal Contract Tower,0,5,14,0,19,0,8,18,0,26,0,13,32,0,45,22,0,22,67
12/02/2018,MOD,CA,AWP,WE,Federal Contract Tower,0,3,29,0,32,0,17,79,0,96,0,20,108,0,128,80,0,80,208
12/03/2018,MOD,CA,AWP,WE,Federal Contract Tower,0,7,43,0,50,0,27,63,0,90,0,34,106,0,140,18,0,18,158
12/04/2018,MOD,CA,AWP,WE,Federal Contract Tower,0,8,34,0,42,0,12,46,0,58,0,20,80,0,100,2,0,2,102
12/05/2018,MOD,CA,AWP,WE,Federal Contract Tower,0,8,35,0,43,0,12,34,0,46,0,20,69,0,89,54,0,54,143
12/06/2018,MOD,CA,AWP,WE,Federal Contract Tower,0,12,46,0,58,0,53,70,0,123,0,65,116,0,181,34,0,34,215
12/07/2018,MOD,CA,AWP,WE,Federal Contract Tower,0,13,16,0,29,0,31,47,0,78,0,44,63,0,107,26,0,26,133
12/08/2018,MOD,CA,AWP,WE,Federal Contract Tower,0,10,20,0,30,0,8,38,0,46,0,18,58,0,76,54,0,54,130
12/09/2018,MOD,CA,AWP,WE,Federal Contract Tower,0,20,14,0,34,0,10,4,0,14,0,30,18,0,48,0,0,0,48
12/10/2018,MOD,CA,AWP,WE,Federal Contract Tower,0,17,31,0,48,0,9,7,0,16,0,26,38,0,64,0,0,0,64
12/11/2018,MOD,CA,AWP,WE,Federal Contract Tower,0,4,34,0,38,0,25,74,0,99,0,29,108,0,137,48,0,48,185
12/12/2018,MOD,CA,AWP,WE,Federal Contract Tower,0,10,21,0,31,0,25,48,0,73,0,35,69,0,104,24,0,24,128
12/13/2018,MOD,CA,AWP,WE,Federal Contract Tower,0,14,25,0,39,0,21,56,0,77,0,35,81,0,116,2,0,2,118
12/14/2018,MOD,CA,AWP,WE,Federal Contract Tower,0,10,15,0,25,0,19,32,0,51,0,29,47,0,76,40,0,40,116
12/15/2018,MOD,CA,AWP,WE,Federal Contract Tower,0,5,7,0,12,0,19,66,0,85,0,24,73,0,97,20,0,20,117
12/16/2018,MOD,CA,AWP,WE,Federal Contract Tower,0,8,18,0,26,0,19,20,0,39,0,27,38,0,65,4,0,4,69
12/17/2018,MOD,CA,AWP,WE,Federal Contract Tower,0,12,30,0,42,0,35,42,0,77,0,47,72,0,119,6,0,6,125
12/18/2018,MOD,CA,AWP,WE,Federal Contract Tower,0,3,36,0,39,0,28,44,0,72,0,31,80,0,111,40,0,40,151
12/19/2018,MOD,CA,AWP,WE,Federal Contract Tower,0,6,23,0,29,0,12,12,0,24,0,18,35,0,53,18,0,18,71
12/20/2018,MOD,CA,AWP,WE,Federal Contract Tower,0,16,25,0,41,0,19,12,0,31,0,35,37,0,72,18,0,18,90
12/21/2018,MOD,CA,AWP,WE,Federal Contract Tower,0,10,17,0,27,0,15,10,0,25,0,25,27,0,52,30,0,30,82
12/22/2018,MOD,CA,AWP,WE,Federal Contract Tower,0,5,38,0,43,0,17,77,0,94,0,22,115,0,137,96,0,96,233
12/23/2018,MOD,CA,AWP,WE,Federal Contract Tower,0,4,10,0,14,0,17,26,0,43,0,21,36,0,57,34,0,34,91
12/24/2018,MOD,CA,AWP,WE,Federal Contract Tower,0,8,5,0,13,0,15,14,0,29,0,23,19,0,42,42,0,42,84
12/25/2018,MOD,CA,AWP,WE,Federal Contract Tower,0,0,0,0,0,0,6,10,0,16,0,6,10,0,16,6,0,6,22
12/26/2018,MOD,CA,AWP,WE,Federal Contract Tower,0,9,17,0,26,0,17,53,0,70,0,26,70,0,96,46,0,46,142
12/27/2018,MOD,CA,AWP,WE,Federal Contract Tower,0,8,1,0,9,0,33,31,0,64,0,41,32,0,73,8,0,8,81
12/28/2018,MOD,CA,AWP,WE,Federal Contract Tower,0,2,39,0,41,0,22,80,0,102,0,24,119,0,143,34,0,34,177
12/29/2018,MOD,CA,AWP,WE,Federal Contract Tower,0,2,25,0,27,0,23,72,0,95,0,25,97,0,122,42,0,42,164
12/30/2018,MOD,CA,AWP,WE,Federal Contract Tower,0,8,16,0,24,0,21,20,0,41,0,29,36,0,65,24,0,24,89
12/31/2018,MOD,CA,AWP,WE,Federal Contract Tower,0,7,5,0,12,0,32,19,0,51,0,39,24,0,63,6,0,6,69
01/01/2019,MOD,CA,AWP,WE,Federal Contract Tower,0,5,21,0,26,0,24,39,0,63,0,29,60,0,89,22,0,22,111
01/02/2019,MOD,CA,AWP,WE,Federal Contract Tower,0,6,13,0,19,0,28,48,0,76,0,34,61,0,95,0,0,0,95
01/03/2019,MOD,CA,AWP,WE,Federal Contract Tower,0,6,30,0,36,0,39,49,0,88,0,45,79,0,124,24,0,24,148
01/04/2019,MOD,CA,AWP,WE,Federal Contract Tower,0,8,46,0,54,0,35,67,0,102,0,43,113,0,156,82,0,82,238
01/05/2019,MOD,CA,AWP,WE,Federal Contract Tower,0,17,6,0,23,0,18,4,0,22,0,35,10,0,45,12,0,12,57
01/06/2019,MOD,CA,AWP,WE,Federal Contract Tower,0,10,0,0,10,0,12,3,0,15,0,22,3,0,25,0,0,0,25
01/07/2019,MOD,CA,AWP,WE,Federal Contract Tower,0,11,18,0,29,0,17,26,0,43,0,28,44,0,72,12,0,12,84
01/08/2019,MOD,CA,AWP,WE,Federal Contract Tower,0,4,3,0,7,0,7,15,0,22,0,11,18,0,29,4,0,4,33
01/09/2019,MOD,CA,AWP,WE,Federal Contract Tower,0,14,8,0,22,0,18,21,0,39,0,32,29,0,61,52,0,52,113
01/10/2019,MOD,CA,AWP,WE,Federal Contract Tower,0,18,18,0,36,0,0,0,0,0,0,18,18,0,36,0,0,0,36
01/11/2019,MOD,CA,AWP,WE,Federal Contract Tower,0,8,25,0,33,0,26,34,0,60,0,34,59,0,93,48,0,48,141
01/12/2019,MOD,CA,AWP,WE,Federal Contract Tower,0,6,20,0,26,0,19,33,0,52,0,25,53,0,78,34,0,34,112
01/13/2019,MOD,CA,AWP,WE,Federal Contract Tower,0,10,19,0,29,0,23,46,0,69,0,33,65,0,98,12,0,12,110
01/14/2019,MOD,CA,AWP,WE,Federal Contract Tower,0,8,14,2,24,0,16,25,0,41,0,24,39,2,65,6,0,6,71
01/15/2019,MOD,CA,AWP,WE,Federal Contract Tower,0,7,8,0,15,0,9,16,0,25,0,16,24,0,40,0,0,0,40
01/16/2019,MOD,CA,AWP,WE,Federal Contract Tower,0,8,5,0,13,0,6,16,0,22,0,14,21,0,35,0,0,0,35
01/17/2019,MOD,CA,AWP,WE,Federal Contract Tower,0,8,6,0,14,0,7,14,0,21,0,15,20,0,35,36,0,36,71
01/18/2019,MOD,CA,AWP,WE,Federal Contract Tower,0,10,25,0,35,0,27,46,0,73,0,37,71,0,108,36,0,36,144
01/19/2019,MOD,CA,AWP,WE,Federal Contract Tower,0,7,15,0,22,0,22,71,0,93,0,29,86,0,115,84,0,84,199
01/20/2019,MOD,CA,AWP,WE,Federal Contract Tower,0,12,18,0,30,0,19,5,0,24,0,31,23,0,54,20,0,20,74
01/21/2019,MOD,CA,AWP,WE,Federal Contract Tower,0,9,22,0,31,0,33,93,0,126,0,42,115,0,157,26,0,26,183
01/22/2019,MOD,CA,AWP,WE,Federal Contract Tower,0,8,14,2,24,0,29,59,0,88,0,37,73,2,112,62,0,62,174
01/23/2019,MOD,CA,AWP,WE,Federal Contract Tower,0,9,15,4,28,0,30,88,0,118,0,39,103,4,146,65,0,65,211
01/24/2019,MOD,CA,AWP,WE,Federal Contract Tower,0,9,28,0,37,0,33,77,0,110,0,42,105,0,147,72,0,72,219
01/25/2019,MOD,CA,AWP,WE,Federal Contract Tower,0,7,14,0,21,0,44,47,0,91,0,51,61,0,112,24,0,24,136
01/26/2019,MOD,CA,AWP,WE,Federal Contract Tower,0,3,15,0,18,0,24,54,0,78,0,27,69,0,96,42,0,42,138
01/27/2019,MOD,CA,AWP,WE,Federal Contract Tower,0,7,16,0,23,0,20,51,0,71,0,27,67,0,94,42,0,42,136
01/28/2019,MOD,CA,AWP,WE,Federal Contract Tower,0,8,17,2,27,0,30,30,0,60,0,38,47,2,87,12,0,12,99
01/29/2019,MOD,CA,AWP,WE,Federal Contract Tower,0,11,23,0,34,0,9,31,0,40,0,20,54,0,74,22,0,22,96
01/30/2019,MOD,CA,AWP,WE,Federal Contract Tower,0,11,20,0,31,0,18,30,0,48,0,29,50,0,79,9,0,9,88
01/31/2019,MOD,CA,AWP,WE,Federal Contract Tower,0,6,25,0,31,0,21,25,0,46,0,27,50,0,77,12,0,12,89
02/01/2019,MOD,CA,AWP,WE,Federal Contract Tower,0,18,12,0,30,0,15,31,0,46,0,33,43,0,76,40,0,40,116
02/02/2019,MOD,CA,AWP,WE,Federal Contract Tower,0,7,0,0,7,0,14,8,0,22,0,21,8,0,29,40,0,40,69
02/03/2019,MOD,CA,AWP,WE,Federal Contract Tower,0,4,0,0,4,0,17,0,0,17,0,21,0,0,21,0,0,0,21
02/04/2019,MOD,CA,AWP,WE,Federal Contract Tower,0,10,1,0,11,0,22,3,0,25,0,32,4,0,36,0,0,0,36
02/05/2019,MOD,CA,AWP,WE,Federal Contract Tower,0,3,10,2,15,0,19,23,0,42,0,22,33,2,57,4,0,4,61
02/06/2019,MOD,CA,AWP,WE,Federal Contract Tower,0,8,23,2,33,0,23,79,0,102,0,31,102,2,135,60,0,60,195
02/07/2019,MOD,CA,AWP,WE,Federal Contract Tower,0,16,41,0,57,0,36,59,0,95,0,52,100,0,152,32,0,32,184
02/08/2019,MOD,CA,AWP,WE,Federal Contract Tower,0,12,22,0,34,0,25,31,0,56,0,37,53,0,90,10,0,10,100
02/09/2019,MOD,CA,AWP,WE,Federal Contract Tower,0,4,21,0,25,0,14,13,0,27,0,18,34,0,52,32,0,32,84
02/10/2019,MOD,CA,AWP,WE,Federal Contract Tower,0,8,9,0,17,0,20,17,0,37,0,28,26,0,54,18,0,18,72
02/11/2019,MOD,CA,AWP,WE,Federal Contract Tower,0,6,36,0,42,0,49,113,0,162,0,55,149,0,204,106,0,106,310
02/12/2019,MOD,CA,AWP,WE,Federal Contract Tower,0,3,10,0,13,0,24,44,0,68,0,27,54,0,81,42,0,42,123
02/13/2019,MOD,CA,AWP,WE,Federal Contract Tower,0,9,0,0,9,0,12,2,0,14,0,21,2,0,23,0,0,0,23
02/14/2019,MOD,CA,AWP,WE,Federal Contract Tower,0,5,0,0,5,0,8,5,0,13,0,13,5,0,18,10,0,10,28
02/15/2019,MOD,CA,AWP,WE,Federal Contract Tower,0,11,9,0,20,0,12,12,0,24,0,23,21,0,44,4,0,4,48
02/16/2019,MOD,CA,AWP,WE,Federal Contract Tower,0,3,8,0,11,0,18,14,0,32,0,21,22,0,43,20,0,20,63
02/17/2019,MOD,CA,AWP,WE,Federal Contract Tower,0,10,11,0,21,0,24,23,0,47,0,34,34,0,68,12,0,12,80
02/18/2019,MOD,CA,AWP,WE,Federal Contract Tower,0,7,79,0,86,0,24,67,0,91,0,31,146,0,177,44,0,44,221
02/19/2019,MOD,CA,AWP,WE,Federal Contract Tower,0,0,35,2,37,0,22,65,0,87,0,22,100,2,124,45,0,45,169
02/20/2019,MOD,CA,AWP,WE,Federal Contract Tower,0,7,58,0,65,0,18,35,0,53,0,25,93,0,118,24,0,24,142
02/21/2019,MOD,CA,AWP,WE,Federal Contract Tower,0,9,26,2,37,0,46,31,0,77,0,55,57,2,114,2,0,2,116
02/22/2019,MOD,CA,AWP,WE,Federal Contract Tower,0,5,45,0,50,0,27,67,0,94,0,32,112,0,144,22,0,22,166
02/23/2019,MOD,CA,AWP,WE,Federal Contract Tower,0,5,26,0,31,0,17,112,0,129,0,22,138,0,160,32,0,32,192
02/24/2019,MOD,CA,AWP,WE,Federal Contract Tower,0,9,35,0,44,0,38,63,0,101,0,47,98,0,145,50,0,50,195
02/25/2019,MOD,CA,AWP,WE,Federal Contract Tower,0,3,13,3,19,0,21,22,0,43,0,24,35,3,62,0,0,0,62
02/26/2019,MOD,CA,AWP,WE,Federal Contract Tower,0,20,24,0,44,0,19,27,0,46,0,39,51,0,90,28,0,28,118
02/27/2019,MOD,CA,AWP,WE,Federal Contract Tower,0,9,8,14,31,0,29,15,0,44,0,38,23,14,75,0,0,0,75
02/28/2019,MOD,CA,AWP,WE,Federal Contract Tower,0,9,31,0,40,0,27,25,0,52,0,36,56,0,92,14,0,14,106
03/01/2019,MOD,CA,AWP,WE,Federal Contract Tower,0,5,39,0,44,0,24,51,0,75,0,29,90,0,119,36,0,36,155
03/02/2019,MOD,CA,AWP,WE,Federal Contract Tower,0,8,10,0,18,0,6,0,0,6,0,14,10,0,24,0,0,0,24
03/03/2019,MOD,CA,AWP,WE,Federal Contract Tower,0,10,16,0,26,0,8,9,2,19,0,18,25,2,45,4,0,4,49
03/04/2019,MOD,CA,AWP,WE,Federal Contract Tower,0,14,29,0,43,0,11,51,0,62,0,25,80,0,105,16,0,16,121
03/05/2019,MOD,CA,AWP,WE,Federal Contract Tower,0,4,17,0,21,0,9,10,0,19,0,13,27,0,40,2,0,2,42
03/06/2019,MOD,CA,AWP,WE,Federal Contract Tower,0,5,5,0,10,0,8,9,0,17,0,13,14,0,27,16,0,16,43
03/07/2019,MOD,CA,AWP,WE,Federal Contract Tower,0,16,31,0,47,0,21,17,0,38,0,37,48,0,85,24,0,24,109
03/08/2019,MOD,CA,AWP,WE,Federal Contract Tower,0,13,46,0,59,0,45,36,2,83,0,58,82,2,142,32,0,32,174
03/09/2019,MOD,CA,AWP,WE,Federal Contract Tower,0,3,23,0,26,0,11,24,4,39,0,14,47,4,65,14,0,14,79
03/10/2019,MOD,CA,AWP,WE,Federal Contract Tower,0,18,17,0,35,0,32,30,0,62,0,50,47,0,97,8,0,8,105
03/11/2019,MOD,CA,AWP,WE,Federal Contract Tower,0,3,25,0,28,0,30,73,0,103,0,33,98,0,131,58,0,58,189
03/12/2019,MOD,CA,AWP,WE,Federal Contract Tower,0,12,61,0,73,0,21,59,0,80,0,33,120,0,153,22,0,22,175
03/13/2019,MOD,CA,AWP,WE,Federal Contract Tower,0,12,27,0,39,0,31,30,0,61,0,43,57,0,100,10,0,10,110
03/14/2019,MOD,CA,AWP,WE,Federal Contract Tower,0,7,35,0,42,0,40,72,0,112,0,47,107,0,154,28,0,28,182
03/15/2019,MOD,CA,AWP,WE,Federal Contract Tower,0,4,28,0,32,0,21,57,0,78,0,25,85,0,110,26,0,26,136
03/16/2019,MOD,CA,AWP,WE,Federal Contract Tower,0,5,24,0,29,0,18,53,0,71,0,23,77,0,100,40,0,40,140
03/17/2019,MOD,CA,AWP,WE,Federal Contract Tower,0,3,24,0,27,0,23,58,0,81,0,26,82,0,108,40,0,40,148
03/18/2019,MOD,CA,AWP,WE,Federal Contract Tower,0,6,36,0,42,0,29,63,0,92,0,35,99,0,134,16,0,16,150
03/19/2019,MOD,CA,AWP,WE,Federal Contract Tower,0,2,27,0,29,0,22,69,0,91,0,24,96,0,120,32,0,32,152
03/20/2019,MOD,CA,AWP,WE,Federal Contract Tower,0,9,12,0,21,0,19,11,0,30,0,28,23,0,51,8,0,8,59
03/21/2019,MOD,CA,AWP,WE,Federal Contract Tower,0,7,37,0,44,0,28,52,0,80,0,35,89,0,124,36,0,36,160
03/22/2019,MOD,CA,AWP,WE,Federal Contract Tower,0,9,21,0,30,0,15,31,0,46,0,24,52,0,76,12,0,12,88
03/23/2019,MOD,CA,AWP,WE,Federal Contract Tower,0,4,17,0,21,0,10,59,0,69,0,14,76,0,90,12,0,12,102
03/24/2019,MOD,CA,AWP,WE,Federal Contract Tower,0,1,14,0,15,0,22,57,2,81,0,23,71,2,96,42,0,42,138
03/25/2019,MOD,CA,AWP,WE,Federal Contract Tower,0,6,30,2,38,0,35,24,0,59,0,41,54,2,97,6,0,6,103
03/26/2019,MOD,CA,AWP,WE,Federal Contract Tower,0,6,37,0,43,0,18,43,0,61,0,24,80,0,104,25,0,25,129
03/27/2019,MOD,CA,AWP,WE,Federal Contract Tower,0,21,13,0,34,0,25,8,0,33,0,46,21,0,67,0,0,0,67
03/28/2019,MOD,CA,AWP,WE,Federal Contract Tower,0,7,19,0,26,0,19,27,0,46,0,26,46,0,72,28,0,28,100
03/29/2019,MOD,CA,AWP,WE,Federal Contract Tower,0,8,57,0,65,0,40,70,0,110,0,48,127,0,175,84,0,84,259
03/30/2019,MOD,CA,AWP,WE,Federal Contract Tower,0,15,50,0,65,0,35,80,0,115,0,50,130,0,180,58,0,58,238
03/31/2019,MOD,CA,AWP,WE,Federal Contract Tower,0,2,24,0,26,0,25,58,0,83,0,27,82,0,109,46,0,46,155
04/01/2019,MOD,CA,AWP,WE,Federal Contract Tower,0,3,27,0,30,0,19,48,0,67,0,22,75,0,97,32,0,32,129
04/02/2019,MOD,CA,AWP,WE,Federal Contract Tower,0,6,39,0,45,0,4,31,0,35,0,10,70,0,80,4,0,4,84
04/03/2019,MOD,CA,AWP,WE,Federal Contract Tower,0,14,37,0,51,0,8,32,0,40,0,22,69,0,91,2,0,2,93
04/04/2019,MOD,CA,AWP,WE,Federal Contract Tower,0,12,45,2,59,0,52,29,0,81,0,64,74,2,140,56,0,56,196
04/05/2019,MOD,CA,AWP,WE,Federal Contract Tower,0,12,42,0,54,0,17,35,0,52,0,29,77,0,106,50,0,50,156
04/06/2019,MOD,CA,AWP,WE,Federal Contract Tower,0,4,46,0,50,0,19,54,0,73,0,23,100,0,123,28,0,28,151
04/07/2019,MOD,CA,AWP,WE,Federal Contract Tower,0,2,36,0,38,0,17,55,0,72,0,19,91,0,110,18,0,18,128
04/08/2019,MOD,CA,AWP,WE,Federal Contract Tower,0,5,46,0,51,0,34,36,2,72,0,39,82,2,123,30,0,30,153
04/09/2019,MOD,CA,AWP,WE,Federal Contract Tower,0,3,5,0,8,0,11,12,0,23,0,14,17,0,31,14,0,14,45
04/10/2019,MOD,CA,AWP,WE,Federal Contract Tower,0,15,22,0,37,0,39,13,0,52,0,54,35,0,89,2,0,2,91
04/11/2019,MOD,CA,AWP,WE,Federal Contract Tower,0,8,35,0,43,0,28,52,0,80,0,36,87,0,123,68,0,68,191
04/12/2019,MOD,CA,AWP,WE,Federal Contract Tower,0,15,18,0,33,0,37,49,0,86,0,52,67,0,119,40,0,40,159
04/13/2019,MOD,CA,AWP,WE,Federal Contract Tower,0,0,42,0,42,0,36,117,0,153,0,36,159,0,195,64,0,64,259
04/14/2019,MOD,CA,AWP,WE,Federal Contract Tower,0,8,30,0,38,0,26,65,0,91,0,34,95,0,129,56,0,56,185
04/15/2019,MOD,CA,AWP,WE,Federal Contract Tower,0,6,30,0,36,0,16,64,0,80,0,22,94,0,116,54,0,54,170
04/16/2019,MOD,CA,AWP,WE,Federal Contract Tower,0,24,47,0,71,0,34,48,0,82,0,58,95,0,153,36,0,36,189
04/17/2019,MOD,CA,AWP,WE,Federal Contract Tower,0,1,56,0,57,0,35,99,0,134,0,36,155,0,191,50,0,50,241
04/18/2019,MOD,CA,AWP,WE,Federal Contract Tower,0,13,44,0,57,0,26,118,0,144,0,39,162,0,201,96,0,96,297
04/19/2019,MOD,CA,AWP,WE,Federal Contract Tower,0,8,28,2,38,0,35,92,0,127,0,43,120,2,165,60,0,60,225
04/20/2019,MOD,CA,AWP,WE,Federal Contract Tower,0,14,33,0,47,0,23,36,0,59,0,37,69,0,106,4,0,4,110
04/21/2019,MOD,CA,AWP,WE,Federal Contract Tower,0,2,43,0,45,0,18,35,0,53,0,20,78,0,98,4,0,4,102
04/22/2019,MOD,CA,AWP,WE,Federal Contract Tower,0,9,44,0,53,0,36,63,0,99,0,45,107,0,152,48,0,48,200
04/23/2019,MOD,CA,AWP,WE,Federal Contract Tower,0,7,40,0,47,0,20,82,0,102,0,27,122,0,149,61,0,61,210
04/24/2019,MOD,CA,AWP,WE,Federal Contract Tower,0,5,27,0,32,0,38,100,0,138,0,43,127,0,170,61,0,61,231
04/25/2019,MOD,CA,AWP,WE,Federal Contract Tower,0,12,50,0,62,0,26,82,0,108,0,38,132,0,170,30,0,30,200
04/26/2019,MOD,CA,AWP,WE,Federal Contract Tower,0,10,43,0,53,0,23,84,0,107,0,33,127,0,160,56,0,56,216
04/27/2019,MOD,CA,AWP,WE,Federal Contract Tower,0,1,35,0,36,0,8,65,0,73,0,9,100,0,109,16,0,16,125
04/28/2019,MOD,CA,AWP,WE,Federal Contract Tower,0,8,37,0,45,0,22,48,0,70,0,30,85,0,115,28,0,28,143
04/29/2019,MOD,CA,AWP,WE,Federal Contract Tower,0,8,50,0,58,0,33,59,0,92,0,41,109,0,150,30,0,30,180
04/30/2019,MOD,CA,AWP,WE,Federal Contract Tower,0,9,45,0,54,0,23,39,0,62,0,32,84,0,116,28,0,28,144
05/01/2019,MOD,CA,AWP,WE,Federal Contract Tower,0,7,54,0,61,0,25,82,0,107,0,32,136,0,168,84,0,84,252
05/02/2019,MOD,CA,AWP,WE,Federal Contract Tower,0,14,48,0,62,0,31,64,0,95,0,45,112,0,157,96,0,96,253
05/03/2019,MOD,CA,AWP,WE,Federal Contract Tower,0,2,28,0,30,0,34,54,0,88,0,36,82,0,118,22,0,22,140
05/04/2019,MOD,CA,AWP,WE,Federal Contract Tower,0,6,29,0,35,0,39,53,0,92,0,45,82,0,127,42,0,42,169
05/05/2019,MOD,CA,AWP,WE,Federal Contract Tower,0,10,33,0,43,0,43,61,0,104,0,53,94,0,147,26,0,26,173
05/06/2019,MOD,CA,AWP,WE,Federal Contract Tower,0,5,38,0,43,0,24,48,0,72,0,29,86,0,115,58,0,58,173
05/07/2019,MOD,CA,AWP,WE,Federal Contract Tower,0,8,62,0,70,0,18,46,0,64,0,26,108,0,134,86,0,86,220
05/08/2019,MOD,CA,AWP,WE,Federal Contract Tower,0,18,45,0,63,0,15,89,0,104,0,33,134,0,167,26,0,26,193
05/09/2019,MOD,CA,AWP,WE,Federal Contract Tower,0,18,28,0,46,0,27,64,0,91,0,45,92,0,137,94,0,94,231
05/10/2019,MOD,CA,AWP,WE,Federal Contract Tower,0,3,39,0,42,0,21,56,0,77,0,24,95,0,119,32,0,32,151
05/11/2019,MOD,CA,AWP,WE,Federal Contract Tower,0,5,37,0,42,0,40,127,0,167,0,45,164,0,209,38,0,38,247
05/12/2019,MOD,CA,AWP,WE,Federal Contract Tower,0,6,39,0,45,0,25,45,0,70,0,31,84,0,115,0,0,0,115
05/13/2019,MOD,CA,AWP,WE,Federal Contract Tower,0,6,28,0,34,0,20,25,0,45,0,26,53,0,79,36,0,36,115
05/14/2019,MOD,CA,AWP,WE,Federal Contract Tower,0,11,47,0,58,0,30,44,0,74,0,41,91,0,132,34,2,36,168
05/15/2019,MOD,CA,AWP,WE,Federal Contract Tower,0,14,20,0,34,0,23,28,0,51,0,37,48,0,85,68,0,68,153
05/16/2019,MOD,CA,AWP,WE,Federal Contract Tower,0,14,18,0,32,0,20,24,0,44,0,34,42,0,76,104,0,104,180
05/17/2019,MOD,CA,AWP,WE,Federal Contract Tower,0,11,28,0,39,0,23,36,0,59,0,34,64,0,98,38,0,38,136
05/18/2019,MOD,CA,AWP,WE,Federal Contract Tower,0,7,23,0,30,0,16,16,0,32,0,23,39,0,62,36,0,36,98
05/19/2019,MOD,CA,AWP,WE,Federal Contract Tower,0,16,1,0,17,0,14,11,0,25,0,30,12,0,42,26,0,26,68
05/20/2019,MOD,CA,AWP,WE,Federal Contract Tower,0,12,14,0,26,0,20,38,0,58,0,32,52,0,84,74,0,74,158
05/21/2019,MOD,CA,AWP,WE,Federal Contract Tower,0,11,18,0,29,0,22,20,0,42,0,33,38,0,71,88,0,88,159
05/22/2019,MOD,CA,AWP,WE,Federal Contract Tower,0,11,43,2,56,0,25,40,0,65,0,36,83,2,121,0,0,0,121
05/23/2019,MOD,CA,AWP,WE,Federal Contract Tower,0,25,37,0,62,0,23,72,0,95,0,48,109,0,157,68,0,68,225
05/24/2019,MOD,CA,AWP,WE,Federal Contract Tower,0,6,19,0,25,0,25,69,0,94,0,31,88,0,119,82,0,82,201
05/25/2019,MOD,CA,AWP,WE,Federal Contract Tower,0,10,11,0,21,0,24,71,0,95,0,34,82,0,116,56,0,56,172
05/26/2019,MOD,CA,AWP,WE,Federal Contract Tower,0,4,7,0,11,0,14,8,0,22,0,18,15,0,33,38,0,38,71
05/27/2019,MOD,CA,AWP,WE,Federal Contract Tower,0,14,36,0,50,0,33,53,0,86,0,47,89,0,136,48,0,48,184
05/28/2019,MOD,CA,AWP,WE,Federal Contract Tower,0,5,26,0,31,0,25,26,0,51,0,30,52,0,82,14,0,14,96
05/29/2019,MOD,CA,AWP,WE,Federal Contract Tower,0,15,29,2,46,0,30,64,0,94,0,45,93,2,140,22,0,22,162
05/30/2019,MOD,CA,AWP,WE,Federal Contract Tower,0,11,30,0,41,0,30,77,0,107,0,41,107,0,148,72,0,72,220
05/31/2019,MOD,CA,AWP,WE,Federal Contract Tower,0,4,22,0,26,0,32,48,0,80,0,36,70,0,106,34,0,34,140
06/01/2019,MOD,CA,AWP,WE,Federal Contract Tower,0,5,16,0,21,0,26,69,0,95,0,31,85,0,116,52,0,52,168
06/02/2019,MOD,CA,AWP,WE,Federal Contract Tower,0,6,35,0,41,0,30,61,0,91,0,36,96,0,132,72,0,72,204
06/03/2019,MOD,CA,AWP,WE,Federal Contract Tower,0,9,48,0,57,0,39,66,0,105,0,48,114,0,162,14,0,14,176
06/04/2019,MOD,CA,AWP,WE,Federal Contract Tower,0,2,52,0,54,0,33,57,0,90,0,35,109,0,144,54,0,54,198
06/05/2019,MOD,CA,AWP,WE,Federal Contract Tower,0,11,39,0,50,0,22,78,0,100,0,33,117,0,150,58,0,58,208
06/06/2019,MOD,CA,AWP,WE,Federal Contract Tower,0,6,22,0,28,0,26,40,0,66,0,32,62,0,94,46,0,46,140
06/07/2019,MOD,CA,AWP,WE,Federal Contract Tower,0,3,46,0,49,0,24,50,0,74,0,27,96,0,123,28,0,28,151
06/08/2019,MOD,CA,AWP,WE,Federal Contract Tower,0,4,30,0,34,0,33,111,0,144,0,37,141,0,178,78,0,78,256
06/09/2019,MOD,CA,AWP,WE,Federal Contract Tower,0,16,19,0,35,0,39,54,0,93,0,55,73,0,128,18,0,18,146
06/10/2019,MOD,CA,AWP,WE,Federal Contract Tower,0,4,16,0,20,0,31,34,0,65,0,35,50,0,85,12,0,12,97
06/11/2019,MOD,CA,AWP,WE,Federal Contract Tower,0,22,15,0,37,0,29,39,0,68,0,51,54,0,105,16,0,16,121
06/12/2019,MOD,CA,AWP,WE,Federal Contract Tower,0,11,33,0,44,0,14,61,0,75,0,25,94,0,119,28,0,28,147
06/13/2019,MOD,CA,AWP,WE,Federal Contract Tower,0,9,42,0,51,0,47,67,0,114,0,56,109,0,165,36,0,36,201
06/14/2019,MOD,CA,AWP,WE,Federal Contract Tower,0,1,42,0,43,0,32,56,0,88,0,33,98,0,131,62,0,62,193
06/15/2019,MOD,CA,AWP,WE,Federal Contract Tower,0,11,48,0,59,0,30,65,0,95,0,41,113,0,154,12,0,12,166
06/16/2019,MOD,CA,AWP,WE,Federal Contract Tower,0,10,21,0,31,0,34,44,0,78,0,44,65,0,109,27,0,27,136
06/17/2019,MOD,CA,AWP,WE,Federal Contract Tower,0,5,36,0,41,0,18,42,0,60,0,23,78,0,101,4,0,4,105
06/18/2019,MOD,CA,AWP,WE,Federal Contract Tower,0,6,25,0,31,0,14,58,0,72,0,20,83,0,103,24,0,24,127
06/19/2019,MOD,CA,AWP,WE,Federal Contract Tower,0,7,38,0,45,0,11,58,0,69,0,18,96,0,114,18,0,18,132
06/20/2019,MOD,CA,AWP,WE,Federal Contract Tower,0,7,47,0,54,0,22,47,0,69,0,29,94,0,123,42,0,42,165
06/21/2019,MOD,CA,AWP,WE,Federal Contract Tower,0,1,31,0,32,0,19,55,0,74,0,20,86,0,106,36,0,36,142
06/22/2019,MOD,CA,AWP,WE,Federal Contract Tower,0,4,37,0,41,0,21,60,0,81,0,25,97,0,122,52,0,52,174
06/23/2019,MOD,CA,AWP,WE,Federal Contract Tower,0,3,21,0,24,0,27,41,0,68,0,30,62,0,92,82,0,82,174
06/24/2019,MOD,CA,AWP,WE,Federal Contract Tower,0,3,58,0,61,0,16,56,0,72,0,19,114,0,133,36,0,36,169
06/25/2019,MOD,CA,AWP,WE,Federal Contract Tower,0,10,29,0,39,0,17,55,0,72,0,27,84,0,111,10,0,10,121
06/26/2019,MOD,CA,AWP,WE,Federal Contract Tower,0,3,49,2,54,0,11,53,0,64,0,14,102,2,118,16,0,16,134
06/27/2019,MOD,CA,AWP,WE,Federal Contract Tower,0,7,45,0,52,0,35,67,0,102,0,42,112,0,154,24,0,24,178
06/28/2019,MOD,CA,AWP,WE,Federal Contract Tower,0,8,33,0,41,0,26,75,0,101,0,34,108,0,142,48,0,48,190
06/29/2019,MOD,CA,AWP,WE,Federal Contract Tower,0,5,43,0,48,0,34,71,0,105,0,39,114,0,153,132,0,132,285
06/30/2019,MOD,CA,AWP,WE,Federal Contract Tower,0,5,18,0,23,0,23,52,0,75,0,28,70,0,98,48,0,48,146
07/01/2019,MOD,CA,AWP,WE,Federal Contract Tower,0,6,29,0,35,0,35,38,0,73,0,41,67,0,108,52,0,52,160
07/02/2019,MOD,CA,AWP,WE,Federal Contract Tower,0,8,36,0,44,0,44,74,0,118,0,52,110,0,162,64,0,64,226
07/03/2019,MOD,CA,AWP,WE,Federal Contract Tower,0,6,27,0,33,0,40,66,0,106,0,46,93,0,139,12,0,12,151
07/04/2019,MOD,CA,AWP,WE,Federal Contract Tower,0,1,12,0,13,0,18,35,0,53,0,19,47,0,66,24,0,24,90
07/05/2019,MOD,CA,AWP,WE,Federal Contract Tower,0,6,29,0,35,0,29,43,0,72,0,35,72,0,107,70,0,70,177
07/06/2019,MOD,CA,AWP,WE,Federal Contract Tower,0,4,20,0,24,0,20,41,0,61,0,24,61,0,85,8,0,8,93
07/07/2019,MOD,CA,AWP,WE,Federal Contract Tower,0,5,21,0,26,0,27,49,0,76,0,32,70,0,102,28,0,28,130
07/08/2019,MOD,CA,AWP,WE,Federal Contract Tower,0,7,33,0,40,0,25,42,0,67,0,32,75,0,107,28,0,28,135
07/09/2019,MOD,CA,AWP,WE,Federal Contract Tower,0,12,41,0,53,0,44,66,0,110,0,56,107,0,163,44,0,44,207
07/10/2019,MOD,CA,AWP,WE,Federal Contract Tower,0,0,43,0,43,0,30,64,0,94,0,30,107,0,137,20,0,20,157
07/11/2019,MOD,CA,AWP,WE,Federal Contract Tower,0,16,26,0,42,0,31,57,0,88,0,47,83,0,130,58,0,58,188
07/12/2019,MOD,CA,AWP,WE,Federal Contract Tower,0,6,32,0,38,0,26,61,0,87,0,32,93,0,125,90,0,90,215
07/13/2019,MOD,CA,AWP,WE,Federal Contract Tower,0,7,22,0,29,0,10,99,0,109,0,17,121,0,138,14,0,14,152
07/14/2019,MOD,CA,AWP,WE,Federal Contract Tower,0,6,15,0,21,0,36,48,0,84,0,42,63,0,105,14,0,14,119
07/15/2019,MOD,CA,AWP,WE,Federal Contract Tower,0,2,26,0,28,0,14,68,0,82,0,16,94,0,110,12,0,12,122
07/16/2019,MOD,CA,AWP,WE,Federal Contract Tower,0,2,48,2,52,0,8,85,0,93,0,10,133,2,145,19,0,19,164
07/17/2019,MOD,CA,AWP,WE,Federal Contract Tower,0,4,28,0,32,0,22,59,0,81,0,26,87,0,113,32,0,32,145
07/18/2019,MOD,CA,AWP,WE,Federal Contract Tower,0,1,31,0,32,0,19,63,0,82,0,20,94,0,114,50,0,50,164
07/19/2019,MOD,CA,AWP,WE,Federal Contract Tower,0,7,25,0,32,0,27,109,0,136,0,34,134,0,168,42,0,42,210
07/20/2019,MOD,CA,AWP,WE,Federal Contract Tower,0,2,27,0,29,0,25,77,0,102,0,27,104,0,131,60,0,60,191
07/21/2019,MOD,CA,AWP,WE,Federal Contract Tower,0,6,16,0,22,0,30,46,0,76,0,36,62,0,98,12,0,12,110
07/22/2019,MOD,CA,AWP,WE,Federal Contract Tower,0,3,12,0,15,0,17,67,0,84,0,20,79,0,99,44,0,44,143
07/23/2019,MOD,CA,AWP,WE,Federal Contract Tower,0,1,42,0,43,0,4,58,0,62,0,5,100,0,105,32,0,32,137
07/24/2019,MOD,CA,AWP,WE,Federal Contract Tower,0,1,37,2,40,0,19,66,0,85,0,20,103,2,125,10,0,10,135
07/25/2019,MOD,CA,AWP,WE,Federal Contract Tower,0,2,20,0,22,0,25,51,0,76,0,27,71,0,98,64,0,64,162
07/26/2019,MOD,CA,AWP,WE,Federal Contract Tower,0,1,41,2,44,0,25,62,0,87,0,26,103,2,131,10,0,10,141
07/27/2019,MOD,CA,AWP,WE,Federal Contract Tower,0,3,37,0,40,0,12,48,0,60,0,15,85,0,100,82,0,82,182
07/28/2019,MOD,CA,AWP,WE,Federal Contract Tower,0,3,12,0,15,0,34,26,0,60,0,37,38,0,75,0,0,0,75
07/29/2019,MOD,CA,AWP,WE,Federal Contract Tower,0,3,27,0,30,0,20,27,0,47,0,23,54,0,77,68,0,68,145
07/30/2019,MOD,CA,AWP,WE,Federal Contract Tower,0,2,28,0,30,0,23,55,0,78,0,25,83,0,108,36,0,36,144
07/31/2019,MOD,CA,AWP,WE,Federal Contract Tower,0,3,20,1,24,0,15,61,1,77,0,18,81,2,101,42,0,42,143
08/01/2019,MOD,CA,AWP,WE,Federal Contract Tower,0,4,13,0,17,0,23,91,0,114,0,27,104,0,131,64,0,64,195
08/02/2019,MOD,CA,AWP,WE,Federal Contract Tower,0,1,8,0,9,0,25,74,0,99,0,26,82,0,108,24,0,24,132
08/03/2019,MOD,CA,AWP,WE,Federal Contract Tower,0,8,35,0,43,0,22,78,0,100,0,30,113,0,143,46,0,46,189
08/04/2019,MOD,CA,AWP,WE,Federal Contract Tower,0,2,4,0,6,0,20,61,0,81,0,22,65,0,87,58,0,58,145
08/05/2019,MOD,CA,AWP,WE,Federal Contract Tower,0,3,25,0,28,0,30,50,0,80,0,33,75,0,108,28,0,28,136
08/06/2019,MOD,CA,AWP,WE,Federal Contract Tower,0,4,36,0,40,0,31,67,0,98,0,35,103,0,138,32,0,32,170
08/07/2019,MOD,CA,AWP,WE,Federal Contract Tower,0,3,28,0,31,0,21,51,0,72,0,24,79,0,103,68,0,68,171
08/08/2019,MOD,CA,AWP,WE,Federal Contract Tower,0,3,40,0,43,0,16,51,0,67,0,19,91,0,110,24,0,24,134
08/09/2019,MOD,CA,AWP,WE,Federal Contract Tower,0,3,20,0,23,0,25,61,0,86,0,28,81,0,109,24,0,24,133
08/10/2019,MOD,CA,AWP,WE,Federal Contract Tower,0,2,9,0,11,0,19,117,0,136,0,21,126,0,147,68,0,68,215
08/11/2019,MOD,CA,AWP,WE,Federal Contract Tower,0,4,11,0,15,0,12,27,0,39,0,16,38,0,54,28,0,28,82
08/12/2019,MOD,CA,AWP,WE,Federal Contract Tower,0,2,27,0,29,0,20,54,0,74,0,22,81,0,103,14,0,14,117
08/13/2019,MOD,CA,AWP,WE,Federal Contract Tower,0,3,21,0,24,0,18,54,0,72,0,21,75,0,96,18,0,18,114
08/14/2019,MOD,CA,AWP,WE,Federal Contract Tower,0,3,18,0,21,0,19,60,0,79,0,22,78,0,100,22,0,22,122
08/15/2019,MOD,CA,AWP,WE,Federal Contract Tower,0,3,24,0,27,0,18,69,0,87,0,21,93,0,114,46,0,46,160
08/16/2019,MOD,CA,AWP,WE,Federal Contract Tower,0,8,16,0,24,0,16,60,0,76,0,24,76,0,100,28,0,28,128
08/17/2019,MOD,CA,AWP,WE,Federal Contract Tower,0,4,21,0,25,0,11,79,0,90,0,15,100,0,115,8,0,8,123
08/18/2019,MOD,CA,AWP,WE,Federal Contract Tower,0,3,31,0,34,0,31,61,0,92,0,34,92,0,126,44,0,44,170
08/19/2019,MOD,CA,AWP,WE,Federal Contract Tower,0,5,40,0,45,0,23,63,0,86,0,28,103,0,131,42,0,42,173
08/20/2019,MOD,CA,AWP,WE,Federal Contract Tower,0,4,31,0,35,0,25,44,0,69,0,29,75,0,104,42,0,42,146
08/21/2019,MOD,CA,AWP,WE,Federal Contract Tower,0,2,33,0,35,0,17,57,0,74,0,19,90,0,109,16,0,16,125
08/22/2019,MOD,CA,AWP,WE,Federal Contract Tower,0,9,20,2,31,0,31,75,0,106,0,40,95,2,137,40,0,40,177
08/23/2019,MOD,CA,AWP,WE,Federal Contract Tower,0,4,33,0,37,0,27,63,0,90,0,31,96,0,127,20,0,20,147
08/24/2019,MOD,CA,AWP,WE,Federal Contract Tower,0,3,20,0,23,0,17,72,0,89,0,20,92,0,112,8,0,8,120
08/25/2019,MOD,CA,AWP,WE,Federal Contract Tower,0,1,20,0,21,0,33,68,0,101,0,34,88,0,122,24,0,24,146
08/26/2019,MOD,CA,AWP,WE,Federal Contract Tower,0,5,20,0,25,0,17,49,0,66,0,22,69,0,91,22,0,22,113
08/27/2019,MOD,CA,AWP,WE,Federal Contract Tower,0,0,16,0,16,0,29,47,0,76,0,29,63,0,92,40,0,40,132
08/28/2019,MOD,CA,AWP,WE,Federal Contract Tower,0,4,17,0,21,0,12,72,0,84,0,16,89,0,105,80,0,80,185
08/29/2019,MOD,CA,AWP,WE,Federal Contract Tower,0,7,27,0,34,0,36,63,0,99,0,43,90,0,133,52,0,52,185
08/30/2019,MOD,CA,AWP,WE,Federal Contract Tower,0,4,8,0,12,0,30,76,0,106,0,34,84,0,118,62,0,62,180
08/31/2019,MOD,CA,AWP,WE,Federal Contract Tower,0,0,26,0,26,0,30,58,0,88,0,30,84,0,114,82,0,82,196
09/01/2019,MOD,CA,AWP,WE,Federal Contract Tower,0,4,28,0,32,0,18,38,2,58,0,22,66,2,90,6,0,6,96
09/02/2019,MOD,CA,AWP,WE,Federal Contract Tower,0,4,3,0,7,0,15,81,0,96,0,19,84,0,103,54,0,54,157
09/03/2019,MOD,CA,AWP,WE,Federal Contract Tower,0,3,20,0,23,0,11,49,0,60,0,14,69,0,83,48,0,48,131
09/04/2019,MOD,CA,AWP,WE,Federal Contract Tower,0,6,6,2,14,0,14,43,0,57,0,20,49,2,71,34,0,34,105
09/05/2019,MOD,CA,AWP,WE,Federal Contract Tower,0,3,5,0,8,0,10,69,0,79,0,13,74,0,87,86,0,86,173
09/06/2019,MOD,CA,AWP,WE,Federal Contract Tower,0,6,25,0,31,0,16,54,1,71,0,22,79,1,102,72,0,72,174
09/07/2019,MOD,CA,AWP,WE,Federal Contract Tower,0,4,1,0,5,0,17,40,0,57,0,21,41,0,62,42,0,42,104
09/08/2019,MOD,CA,AWP,WE,Federal Contract Tower,0,6,10,0,16,0,21,60,0,81,0,27,70,0,97,38,0,38,135
09/09/2019,MOD,CA,AWP,WE,Federal Contract Tower,0,6,26,0,32,0,22,35,0,57,0,28,61,0,89,72,0,72,161
09/10/2019,MOD,CA,AWP,WE,Federal Contract Tower,0,0,12,4,16,0,28,44,0,72,0,28,56,4,88,70,0,70,158
09/11/2019,MOD,CA,AWP,WE,Federal Contract Tower,0,3,29,0,32,0,8,66,0,74,0,11,95,0,106,14,0,14,120
09/12/2019,MOD,CA,AWP,WE,Federal Contract Tower,0,5,19,0,24,0,29,70,0,99,0,34,89,0,123,34,0,34,157
09/13/2019,MOD,CA,AWP,WE,Federal Contract Tower,0,8,10,0,18,0,30,54,0,84,0,38,64,0,102,32,0,32,134
09/14/2019,MOD,CA,AWP,WE,Federal Contract Tower,0,6,11,0,17,0,20,92,0,112,0,26,103,0,129,40,0,40,169
09/15/2019,MOD,CA,AWP,WE,Federal Contract Tower,0,7,26,0,33,0,18,27,0,45,0,25,53,0,78,18,0,18,96
09/16/2019,MOD,CA,AWP,WE,Federal Contract Tower,0,6,6,1,13,0,25,21,3,49,0,31,27,4,62,11,0,11,73
09/17/2019,MOD,CA,AWP,WE,Federal Contract Tower,0,7,32,0,39,0,32,42,0,74,0,39,74,0,113,12,0,12,125
09/18/2019,MOD,CA,AWP,WE,Federal Contract Tower,0,2,35,0,37,0,7,38,0,45,0,9,73,0,82,47,0,47,129
09/19/2019,MOD,CA,AWP,WE,Federal Contract Tower,0,11,20,0,31,0,21,53,0,74,0,32,73,0,105,66,0,66,171
09/20/2019,MOD,CA,AWP,WE,Federal Contract Tower,0,5,25,1,31,0,37,38,0,75,0,42,63,1,106,48,0,48,154
09/21/2019,MOD,CA,AWP,WE,Federal Contract Tower,0,4,12,0,16,0,32,66,0,98,0,36,78,0,114,30,0,30,144
09/22/2019,MOD,CA,AWP,WE,Federal Contract Tower,0,5,17,0,22,0,25,38,0,63,0,30,55,0,85,28,0,28,113
09/23/2019,MOD,CA,AWP,WE,Federal Contract Tower,0,4,12,2,18,0,12,37,0,49,0,16,49,2,67,45,0,45,112
09/24/2019,MOD,CA,AWP,WE,Federal Contract Tower,0,8,11,0,19,0,18,45,0,63,0,26,56,0,82,36,2,38,120
09/25/2019,MOD,CA,AWP,WE,Federal Contract Tower,0,10,20,0,30,0,14,60,0,74,0,24,80,0,104,42,0,42,146
09/26/2019,MOD,CA,AWP,WE,Federal Contract Tower,0,10,29,0,39,0,20,45,0,65,0,30,74,0,104,40,0,40,144
09/27/2019,MOD,CA,AWP,WE,Federal Contract Tower,0,9,29,0,38,0,28,74,0,102,0,37,103,0,140,64,2,66,206
09/28/2019,MOD,CA,AWP,WE,Federal Contract Tower,0,3,17,0,20,0,21,51,0,72,0,24,68,0,92,22,0,22,114
09/29/2019,MOD,CA,AWP,WE,Federal Contract Tower,0,6,14,0,20,0,10,54,0,64,0,16,68,0,84,38,0,38,122
09/30/2019,MOD,CA,AWP,WE,Federal Contract Tower,0,8,35,0,43,0,12,49,0,61,0,20,84,0,104,2,0,2,106
10/01/2019,MOD,CA,AWP,WE,Federal Contract Tower,0,6,12,0,18,0,16,67,0,83,0,22,79,0,101,68,10,78,179
10/02/2019,MOD,CA,AWP,WE,Federal Contract Tower,0,4,32,0,36,0,8,53,0,61,0,12,85,0,97,50,0,50,147
10/03/2019,MOD,CA,AWP,WE,Federal Contract Tower,0,10,13,0,23,0,18,56,0,74,0,28,69,0,97,33,0,33,130
10/04/2019,MOD,CA,AWP,WE,Federal Contract Tower,0,5,26,0,31,0,26,57,0,83,0,31,83,0,114,14,0,14,128
10/05/2019,MOD,CA,AWP,WE,Federal Contract Tower,0,3,11,0,14,0,18,63,0,81,0,21,74,0,95,48,0,48,143
10/06/2019,MOD,CA,AWP,WE,Federal Contract Tower,0,3,15,0,18,0,17,59,0,76,0,20,74,0,94,70,14,84,178
10/07/2019,MOD,CA,AWP,WE,Federal Contract Tower,0,8,33,2,43,0,24,65,0,89,0,32,98,2,132,69,0,69,201
10/08/2019,MOD,CA,AWP,WE,Federal Contract Tower,0,9,18,0,27,0,17,54,0,71,0,26,72,0,98,37,0,37,135
10/09/2019,MOD,CA,AWP,WE,Federal Contract Tower,0,6,10,0,16,0,20,35,0,55,0,26,45,0,71,4,0,4,75
10/10/2019,MOD,CA,AWP,WE,Federal Contract Tower,0,4,14,0,18,0,10,49,0,59,0,14,63,0,77,70,0,70,147
10/11/2019,MOD,CA,AWP,WE,Federal Contract Tower,0,4,39,0,43,0,20,77,0,97,0,24,116,0,140,79,0,79,219
10/12/2019,MOD,CA,AWP,WE,Federal Contract Tower,0,5,17,0,22,0,12,114,0,126,0,17,131,0,148,22,0,22,170
10/13/2019,MOD,CA,AWP,WE,Federal Contract Tower,0,5,16,0,21,0,23,44,0,67,0,28,60,0,88,48,0,48,136
10/14/2019,MOD,CA,AWP,WE,Federal Contract Tower,0,9,25,0,34,0,11,82,0,93,0,20,107,0,127,28,0,28,155
10/15/2019,MOD,CA,AWP,WE,Federal Contract Tower,0,11,10,0,21,0,5,72,0,77,0,16,82,0,98,52,0,52,150
10/16/2019,MOD,CA,AWP,WE,Federal Contract Tower,0,3,13,3,19,0,9,64,0,73,0,12,77,3,92,20,0,20,112
10/17/2019,MOD,CA,AWP,WE,Federal Contract Tower,0,6,28,0,34,0,21,64,0,85,0,27,92,0,119,30,0,30,149
10/18/2019,MOD,CA,AWP,WE,Federal Contract Tower,0,5,21,0,26,0,13,82,0,95,0,18,103,0,121,26,0,26,147
10/19/2019,MOD,CA,AWP,WE,Federal Contract Tower,0,0,39,0,39,0,21,61,4,86,0,21,100,4,125,60,0,60,185
10/20/2019,MOD,CA,AWP,WE,Federal Contract Tower,0,4,29,0,33,0,18,53,0,71,0,22,82,0,104,30,0,30,134
10/21/2019,MOD,CA,AWP,WE,Federal Contract Tower,0,4,20,4,28,0,22,43,0,65,0,26,63,4,93,28,0,28,121
10/22/2019,MOD,CA,AWP,WE,Federal Contract Tower,0,4,20,0,24,0,12,69,0,81,0,16,89,0,105,36,0,36,141
10/23/2019,MOD,CA,AWP,WE,Federal Contract Tower,0,12,28,2,42,0,8,44,0,52,0,20,72,2,94,8,0,8,102
10/24/2019,MOD,CA,AWP,WE,Federal Contract Tower,0,8,13,0,21,0,20,35,0,55,0,28,48,0,76,24,0,24,100
10/25/2019,MOD,CA,AWP,WE,Federal Contract Tower,0,6,19,0,25,0,15,64,0,79,0,21,83,0,104,72,0,72,176
10/26/2019,MOD,CA,AWP,WE,Federal Contract Tower,0,1,15,0,16,0,19,44,0,63,0,20,59,0,79,18,0,18,97
10/27/2019,MOD,CA,AWP,WE,Federal Contract Tower,0,7,5,0,12,0,27,5,0,32,0,34,10,0,44,4,0,4,48
10/28/2019,MOD,CA,AWP,WE,Federal Contract Tower,0,0,6,0,6,0,13,46,0,59,0,13,52,0,65,38,0,38,103
10/29/2019,MOD,CA,AWP,WE,Federal Contract Tower,0,2,10,0,12,0,24,38,0,62,0,26,48,0,74,48,0,48,122
10/30/2019,MOD,CA,AWP,WE,Federal Contract Tower,0,3,22,0,25,0,15,53,2,70,0,18,75,2,95,18,0,18,113
10/31/2019,MOD,CA,AWP,WE,Federal Contract Tower,0,6,36,0,42,0,31,53,0,84,0,37,89,0,126,32,0,32,158
11/01/2019,MOD,CA,AWP,WE,Federal Contract Tower,0,1,12,0,13,0,39,58,0,97,0,40,70,0,110,42,0,42,152
11/02/2019,MOD,CA,AWP,WE,Federal Contract Tower,0,2,18,0,20,0,20,59,0,79,0,22,77,0,99,26,0,26,125
11/03/2019,MOD,CA,AWP,WE,Federal Contract Tower,0,5,10,0,15,0,27,35,0,62,0,32,45,0,77,35,0,35,112
11/04/2019,MOD,CA,AWP,WE,Federal Contract Tower,0,8,37,0,45,0,17,47,1,65,0,25,84,1,110,10,0,10,120
11/05/2019,MOD,CA,AWP,WE,Federal Contract Tower,0,2,30,2,34,0,8,56,0,64,0,10,86,2,98,52,0,52,150
11/06/2019,MOD,CA,AWP,WE,Federal Contract Tower,0,7,28,0,35,0,22,51,0,73,0,29,79,0,108,12,0,12,120
11/07/2019,MOD,CA,AWP,WE,Federal Contract Tower,0,18,26,0,44,0,30,37,0,67,0,48,63,0,111,40,0,40,151
11/08/2019,MOD,CA,AWP,WE,Federal Contract Tower,0,7,29,0,36,1,34,42,0,77,1,41,71,0,113,50,0,50,163
11/09/2019,MOD,CA,AWP,WE,Federal Contract Tower,0,2,34,0,36,0,34,77,0,111,0,36,111,0,147,48,0,48,195
11/10/2019,MOD,CA,AWP,WE,Federal Contract Tower,0,1,10,0,11,0,12,35,0,47,0,13,45,0,58,46,0,46,104
11/11/2019,MOD,CA,AWP,WE,Federal Contract Tower,0,4,29,0,33,0,20,53,0,73,0,24,82,0,106,92,0,92,198
11/12/2019,MOD,CA,AWP,WE,Federal Contract Tower,0,3,33,0,36,0,23,45,0,68,0,26,78,0,104,38,0,38,142
11/13/2019,MOD,CA,AWP,WE,Federal Contract Tower,0,6,25,2,33,0,14,60,2,76,0,20,85,4,109,50,0,50,159
11/14/2019,MOD,CA,AWP,WE,Federal Contract Tower,0,7,29,0,36,0,16,23,0,39,0,23,52,0,75,62,0,62,137
11/15/2019,MOD,CA,AWP,WE,Federal Contract Tower,0,7,43,0,50,0,31,34,0,65,0,38,77,0,115,44,0,44,159
11/16/2019,MOD,CA,AWP,WE,Federal Contract Tower,0,1,17,2,20,0,20,42,0,62,0,21,59,2,82,20,0,20,102
11/17/2019,MOD,CA,AWP,WE,Federal Contract Tower,0,4,17,0,21,0,8,40,0,48,0,12,57,0,69,28,0,28,97
11/18/2019,MOD,CA,AWP,WE,Federal Contract Tower,0,10,15,0,25,0,4,44,0,48,0,14,59,0,73,72,0,72,145
11/19/2019,MOD,CA,AWP,WE,Federal Contract Tower,0,4,27,0,31,0,11,59,0,70,0,15,86,0,101,52,0,52,153
11/20/2019,MOD,CA,AWP,WE,Federal Contract Tower,0,6,18,0,24,0,10,25,0,35,0,16,43,0,59,22,0,22,81
11/21/2019,MOD,CA,AWP,WE,Federal Contract Tower,0,13,25,2,40,0,14,54,0,68,0,27,79,2,108,68,0,68,176
11/22/2019,MOD,CA,AWP,WE,Federal Contract Tower,0,11,17,0,28,0,20,64,0,84,0,31,81,0,112,68,0,68,180
11/23/2019,MOD,CA,AWP,WE,Federal Contract Tower,0,0,27,0,27,0,20,62,0,82,0,20,89,0,109,78,0,78,187
11/24/2019,MOD,CA,AWP,WE,Federal Contract Tower,0,8,18,0,26,0,30,44,0,74,0,38,62,0,100,44,0,44,144
11/25/2019,MOD,CA,AWP,WE,Federal Contract Tower,0,7,11,0,18,0,14,11,0,25,0,21,22,0,43,2,0,2,45
11/26/2019,MOD,CA,AWP,WE,Federal Contract Tower,0,17,13,0,30,0,15,24,0,39,0,32,37,0,69,18,0,18,87
11/27/2019,MOD,CA,AWP,WE,Federal Contract Tower,0,9,5,0,14,0,13,7,0,20,0,22,12,0,34,6,0,6,40
11/28/2019,MOD,CA,AWP,WE,Federal Contract Tower,0,4,0,0,4,0,2,11,0,13,0,6,11,0,17,0,0,0,17
11/29/2019,MOD,CA,AWP,WE,Federal Contract Tower,0,9,21,0,30,0,13,30,0,43,0,22,51,0,73,8,0,8,81
11/30/2019,MOD,CA,AWP,WE,Federal Contract Tower,0,17,4,0,21,0,14,15,0,29,0,31,19,0,50,12,0,12,62
12/01/2019,MOD,CA,AWP,WE,Federal Contract Tower,0,26,0,0,26,0,1,0,0,1,0,27,0,0,27,0,0,0,27
12/02/2019,MOD,CA,AWP,WE,Federal Contract Tower,0,13,4,0,17,0,23,10,0,33,0,36,14,0,50,10,0,10,60
12/03/2019,MOD,CA,AWP,WE,Federal Contract Tower,0,17,28,0,45,0,0,0,0,0,0,17,28,0,45,0,0,0,45
12/04/2019,MOD,CA,AWP,WE,Federal Contract Tower,0,7,11,6,24,0,2,2,0,4,0,9,13,6,28,0,0,0,28
12/05/2019,MOD,CA,AWP,WE,Federal Contract Tower,0,6,20,0,26,0,6,3,4,13,0,12,23,4,39,0,0,0,39
12/06/2019,MOD,CA,AWP,WE,Federal Contract Tower,0,14,20,0,34,0,30,19,0,49,0,44,39,0,83,20,0,20,103
12/07/2019,MOD,CA,AWP,WE,Federal Contract Tower,0,7,13,0,20,0,10,3,0,13,0,17,16,0,33,0,0,0,33
12/08/2019,MOD,CA,AWP,WE,Federal Contract Tower,0,8,12,0,20,0,8,2,0,10,0,16,14,0,30,2,0,2,32
12/09/2019,MOD,CA,AWP,WE,Federal Contract Tower,0,10,15,0,25,0,10,20,0,30,0,20,35,0,55,8,0,8,63
12/10/2019,MOD,CA,AWP,WE,Federal Contract Tower,0,9,19,0,28,0,9,4,0,13,0,18,23,0,41,6,0,6,47
12/11/2019,MOD,CA,AWP,WE,Federal Contract Tower,0,8,28,0,36,0,4,14,0,18,0,12,42,0,54,22,0,22,76
12/12/2019,MOD,CA,AWP,WE,Federal Contract Tower,0,8,49,0,57,0,14,30,0,44,0,22,79,0,101,48,0,48,149
12/13/2019,MOD,CA,AWP,WE,Federal Contract Tower,0,17,22,0,39,0,6,1,0,7,0,23,23,0,46,0,0,0,46
12/14/2019,MOD,CA,AWP,WE,Federal Contract Tower,0,2,42,0,44,0,21,48,0,69,0,23,90,0,113,10,0,10,123
12/15/2019,MOD,CA,AWP,WE,Federal Contract Tower,0,5,39,0,44,0,14,42,0,56,0,19,81,0,100,24,0,24,124
12/16/2019,MOD,CA,AWP,WE,Federal Contract Tower,0,14,28,0,42,0,9,66,0,75,0,23,94,0,117,42,0,42,159
12/17/2019,MOD,CA,AWP,WE,Federal Contract Tower,0,6,19,0,25,0,22,43,0,65,0,28,62,0,90,34,0,34,124
12/18/2019,MOD,CA,AWP,WE,Federal Contract Tower,0,18,19,0,37,0,7,21,0,28,0,25,40,0,65,26,0,26,91
12/19/2019,MOD,CA,AWP,WE,Federal Contract Tower,0,8,15,0,23,0,15,14,0,29,0,23,29,0,52,8,0,8,60
12/20/2019,MOD,CA,AWP,WE,Federal Contract Tower,0,15,28,0,43,0,35,29,0,64,0,50,57,0,107,34,0,34,141
12/21/2019,MOD,CA,AWP,WE,Federal Contract Tower,0,11,13,0,24,0,14,33,0,47,0,25,46,0,71,22,0,22,93
12/22/2019,MOD,CA,AWP,WE,Federal Contract Tower,0,9,8,0,17,0,0,4,0,4,0,9,12,0,21,0,0,0,21
12/23/2019,MOD,CA,AWP,WE,Federal Contract Tower,0,9,32,0,41,0,10,11,0,21,0,19,43,0,62,8,0,8,70
12/24/2019,MOD,CA,AWP,WE,Federal Contract Tower,0,15,21,0,36,0,14,11,0,25,0,29,32,0,61,8,0,8,69
12/25/2019,MOD,CA,AWP,WE,Federal Contract Tower,0,3,3,0,6,0,0,2,0,2,0,3,5,0,8,0,0,0,8
12/26/2019,MOD,CA,AWP,WE,Federal Contract Tower,0,6,30,0,36,0,8,39,0,47,0,14,69,0,83,29,0,29,112
12/27/2019,MOD,CA,AWP,WE,Federal Contract Tower,0,8,23,0,31,0,15,47,0,62,0,23,70,0,93,0,0,0,93
12/28/2019,MOD,CA,AWP,WE,Federal Contract Tower,0,5,10,0,15,0,11,60,0,71,0,16,70,0,86,28,6,34,120
12/29/2019,MOD,CA,AWP,WE,Federal Contract Tower,0,4,5,0,9,0,16,7,0,23,0,20,12,0,32,16,0,16,48
12/31/2019,MOD,CA,AWP,WE,Federal Contract Tower,0,4,23,0,27,0,15,41,0,56,0,19,64,0,83,9,10,19,102
01/01/2020,MOD,CA,AWP,WE,Federal Contract Tower,0,2,4,0,6,0,23,29,0,52,0,25,33,0,58,22,0,22,80
01/02/2020,MOD,CA,AWP,WE,Federal Contract Tower,0,9,25,0,34,0,14,19,0,33,0,23,44,0,67,42,0,42,109
01/03/2020,MOD,CA,AWP,WE,Federal Contract Tower,0,5,12,0,17,0,23,18,0,41,0,28,30,0,58,6,0,6,64
01/04/2020,MOD,CA,AWP,WE,Federal Contract Tower,0,10,18,0,28,0,17,24,0,41,0,27,42,0,69,16,0,16,85
01/05/2020,MOD,CA,AWP,WE,Federal Contract Tower,0,1,11,0,12,0,4,19,0,23,0,5,30,0,35,4,0,4,39
01/06/2020,MOD,CA,AWP,WE,Federal Contract Tower,0,2,23,0,25,0,7,25,2,34,0,9,48,2,59,10,0,10,69
01/07/2020,MOD,CA,AWP,WE,Federal Contract Tower,0,10,9,0,19,0,0,0,0,0,0,10,9,0,19,0,0,0,19
01/08/2020,MOD,CA,AWP,WE,Federal Contract Tower,0,12,18,3,33,0,5,3,0,8,0,17,21,3,41,2,8,10,51
01/09/2020,MOD,CA,AWP,WE,Federal Contract Tower,0,18,18,1,37,0,10,3,1,14,0,28,21,2,51,0,0,0,51
01/10/2020,MOD,CA,AWP,WE,Federal Contract Tower,0,9,28,2,39,0,7,30,0,37,0,16,58,2,76,30,0,30,106
01/11/2020,MOD,CA,AWP,WE,Federal Contract Tower,0,1,29,0,30,0,4,47,0,51,0,5,76,0,81,76,0,76,157
01/12/2020,MOD,CA,AWP,WE,Federal Contract Tower,0,2,19,0,21,0,17,47,0,64,0,19,66,0,85,84,0,84,169
01/13/2020,MOD,CA,AWP,WE,Federal Contract Tower,0,6,19,0,25,1,16,28,0,45,1,22,47,0,70,20,0,20,90
01/14/2020,MOD,CA,AWP,WE,Federal Contract Tower,0,15,27,0,42,0,11,45,0,56,0,26,72,0,98,50,0,50,148
01/15/2020,MOD,CA,AWP,WE,Federal Contract Tower,0,5,21,0,26,0,12,19,0,31,0,17,40,0,57,14,0,14,71
01/16/2020,MOD,CA,AWP,WE,Federal Contract Tower,0,14,2,0,16,0,4,2,0,6,0,18,4,0,22,8,0,8,30
01/17/2020,MOD,CA,AWP,WE,Federal Contract Tower,2,16,19,0,37,0,68,23,0,91,2,84,42,0,128,52,0,52,180
01/18/2020,MOD,CA,AWP,WE,Federal Contract Tower,0,10,22,0,32,0,1,2,0,3,0,11,24,0,35,2,0,2,37
01/19/2020,MOD,CA,AWP,WE,Federal Contract Tower,0,19,28,0,47,0,1,0,0,1,0,20,28,0,48,0,0,0,48
01/20/2020,MOD,CA,AWP,WE,Federal Contract Tower,0,14,27,0,41,0,13,6,0,19,0,27,33,0,60,6,0,6,66
01/21/2020,MOD,CA,AWP,WE,Federal Contract Tower,2,16,36,3,57,0,2,20,1,23,2,18,56,4,80,20,6,26,106
01/22/2020,MOD,CA,AWP,WE,Federal Contract Tower,0,12,31,0,43,0,12,19,0,31,0,24,50,0,74,21,8,29,103
01/23/2020,MOD,CA,AWP,WE,Federal Contract Tower,0,6,22,0,28,0,21,17,0,38,0,27,39,0,66,16,0,16,82
01/24/2020,MOD,CA,AWP,WE,Federal Contract Tower,0,7,34,0,41,0,30,47,0,77,0,37,81,0,118,30,0,30,148
01/25/2020,MOD,CA,AWP,WE,Federal Contract Tower,0,4,35,0,39,0,19,7,0,26,0,23,42,0,65,10,0,10,75
01/26/2020,MOD,CA,AWP,WE,Federal Contract Tower,0,6,36,0,42,0,5,16,0,21,0,11,52,0,63,4,0,4,67
01/27/2020,MOD,CA,AWP,WE,Federal Contract Tower,0,12,35,2,49,0,12,66,0,78,0,24,101,2,127,40,0,40,167
01/28/2020,MOD,CA,AWP,WE,Federal Contract Tower,0,9,27,0,36,0,5,46,0,51,0,14,73,0,87,36,0,36,123
01/29/2020,MOD,CA,AWP,WE,Federal Contract Tower,0,15,52,0,67,0,17,52,0,69,0,32,104,0,136,10,0,10,146
01/30/2020,MOD,CA,AWP,WE,Federal Contract Tower,0,6,39,0,45,0,9,27,0,36,0,15,66,0,81,20,0,20,101
01/31/2020,MOD,CA,AWP,WE,Federal Contract Tower,0,13,34,0,47,0,13,48,0,61,0,26,82,0,108,20,0,20,128
02/01/2020,MOD,CA,AWP,WE,Federal Contract Tower,0,4,24,0,28,0,23,43,0,66,0,27,67,0,94,52,0,52,146
02/02/2020,MOD,CA,AWP,WE,Federal Contract Tower,0,12,11,0,23,0,8,3,0,11,0,20,14,0,34,0,0,0,34
02/03/2020,MOD,CA,AWP,WE,Federal Contract Tower,0,5,7,0,12,0,11,17,0,28,0,16,24,0,40,0,0,0,40
02/04/2020,MOD,CA,AWP,WE,Federal Contract Tower,0,7,27,0,34,0,8,62,0,70,0,15,89,0,104,18,0,18,122
02/05/2020,MOD,CA,AWP,WE,Federal Contract Tower,0,4,21,0,25,0,18,59,0,77,0,22,80,0,102,19,0,19,121
02/06/2020,MOD,CA,AWP,WE,Federal Contract Tower,0,3,24,2,29,0,9,60,0,69,0,12,84,2,98,18,0,18,116
02/07/2020,MOD,CA,AWP,WE,Federal Contract Tower,0,3,41,0,44,0,20,87,0,107,0,23,128,0,151,38,0,38,189
02/08/2020,MOD,CA,AWP,WE,Federal Contract Tower,0,1,44,0,45,0,19,78,0,97,0,20,122,0,142,34,0,34,176
02/09/2020,MOD,CA,AWP,WE,Federal Contract Tower,0,4,5,0,9,0,9,6,0,15,0,13,11,0,24,0,0,0,24
02/10/2020,MOD,CA,AWP,WE,Federal Contract Tower,0,1,31,1,33,0,17,51,1,69,0,18,82,2,102,86,6,92,194
02/11/2020,MOD,CA,AWP,WE,Federal Contract Tower,0,4,25,0,29,0,14,70,0,84,0,18,95,0,113,84,0,84,197
02/12/2020,MOD,CA,AWP,WE,Federal Contract Tower,0,6,36,0,42,0,13,84,0,97,0,19,120,0,139,4,0,4,143
02/13/2020,MOD,CA,AWP,WE,Federal Contract Tower,0,9,35,0,44,0,18,66,0,84,0,27,101,0,128,24,0,24,152
02/14/2020,MOD,CA,AWP,WE,Federal Contract Tower,0,10,11,0,21,0,23,66,0,89,0,33,77,0,110,8,0,8,118
02/15/2020,MOD,CA,AWP,WE,Federal Contract Tower,0,6,12,0,18,0,33,52,0,85,0,39,64,0,103,50,0,50,153
02/16/2020,MOD,CA,AWP,WE,Federal Contract Tower,0,3,22,0,25,0,14,32,0,46,0,17,54,0,71,32,0,32,103
02/17/2020,MOD,CA,AWP,WE,Federal Contract Tower,0,5,41,0,46,0,19,47,0,66,0,24,88,0,112,10,0,10,122
02/18/2020,MOD,CA,AWP,WE,Federal Contract Tower,0,3,23,0,26,0,8,95,0,103,0,11,118,0,129,50,0,50,179
02/19/2020,MOD,CA,AWP,WE,Federal Contract Tower,0,10,30,0,40,0,19,53,0,72,0,29,83,0,112,29,0,29,141
02/20/2020,MOD,CA,AWP,WE,Federal Contract Tower,0,4,22,0,26,0,21,61,0,82,0,25,83,0,108,34,0,34,142
02/21/2020,MOD,CA,AWP,WE,Federal Contract Tower,0,8,32,0,40,0,12,78,0,90,0,20,110,0,130,16,0,16,146
02/22/2020,MOD,CA,AWP,WE,Federal Contract Tower,0,5,20,0,25,0,15,51,0,66,0,20,71,0,91,22,0,22,113
02/23/2020,MOD,CA,AWP,WE,Federal Contract Tower,0,5,32,0,37,0,28,38,0,66,0,33,70,0,103,8,0,8,111
02/24/2020,MOD,CA,AWP,WE,Federal Contract Tower,0,9,23,4,36,0,11,44,0,55,0,20,67,4,91,45,0,45,136
02/25/2020,MOD,CA,AWP,WE,Federal Contract Tower,0,5,25,0,30,0,27,71,0,98,0,32,96,0,128,49,4,53,181
02/26/2020,MOD,CA,AWP,WE,Federal Contract Tower,0,4,29,0,33,0,8,59,2,69,0,12,88,2,102,62,0,62,164
02/27/2020,MOD,CA,AWP,WE,Federal Contract Tower,0,4,25,0,29,0,21,68,0,89,0,25,93,0,118,28,0,28,146
02/28/2020,MOD,CA,AWP,WE,Federal Contract Tower,0,6,22,0,28,0,20,61,0,81,0,26,83,0,109,10,0,10,119
02/29/2020,MOD,CA,AWP,WE,Federal Contract Tower,0,6,16,0,22,0,26,57,0,83,0,32,73,0,105,50,0,50,155
03/01/2020,MOD,CA,AWP,WE,Federal Contract Tower,0,3,13,0,16,0,10,30,0,40,0,13,43,0,56,28,0,28,84
03/02/2020,MOD,CA,AWP,WE,Federal Contract Tower,0,2,12,0,14,0,9,24,0,33,0,11,36,0,47,12,0,12,59
03/03/2020,MOD,CA,AWP,WE,Federal Contract Tower,0,6,38,2,46,0,20,61,0,81,0,26,99,2,127,22,0,22,149
03/04/2020,MOD,CA,AWP,WE,Federal Contract Tower,0,37,0,0,37,0,13,64,0,77,0,50,64,0,114,42,0,42,156
03/05/2020,MOD,CA,AWP,WE,Federal Contract Tower,0,7,50,0,57,0,24,49,0,73,0,31,99,0,130,40,0,40,170
03/06/2020,MOD,CA,AWP,WE,Federal Contract Tower,0,3,24,0,27,0,28,62,2,92,0,31,86,2,119,28,0,28,147
03/07/2020,MOD,CA,AWP,WE,Federal Contract Tower,0,3,27,0,30,0,15,20,0,35,0,18,47,0,65,6,0,6,71
03/08/2020,MOD,CA,AWP,WE,Federal Contract Tower,0,3,15,0,18,0,19,19,2,40,0,22,34,2,58,58,0,58,116
03/09/2020,MOD,CA,AWP,WE,Federal Contract Tower,0,2,24,0,26,0,20,51,0,71,0,22,75,0,97,18,0,18,115
03/10/2020,MOD,CA,AWP,WE,Federal Contract Tower,0,4,15,0,19,12,0,46,2,60,12,4,61,2,79,18,0,18,97
03/11/2020,MOD,CA,AWP,WE,Federal Contract Tower,1,4,36,0,41,17,0,82,2,101,18,4,118,2,142,51,0,51,193
03/12/2020,MOD,CA,AWP,WE,Federal Contract Tower,0,6,35,0,41,0,20,50,2,72,0,26,85,2,113,28,0,28,141
03/13/2020,MOD,CA,AWP,WE,Federal Contract Tower,0,4,13,0,17,0,23,43,2,68,0,27,56,2,85,16,0,16,101
03/14/2020,MOD,CA,AWP,WE,Federal Contract Tower,0,7,7,0,14,0,19,19,0,38,0,26,26,0,52,6,0,6,58
03/15/2020,MOD,CA,AWP,WE,Federal Contract Tower,0,5,5,0,10,0,3,3,0,6,0,8,8,0,16,0,0,0,16
03/16/2020,MOD,CA,AWP,WE,Federal Contract Tower,0,10,7,0,17,0,2,2,0,4,0,12,9,0,21,18,0,18,39
03/17/2020,MOD,CA,AWP,WE,Federal Contract Tower,0,5,7,0,12,0,15,11,0,26,0,20,18,0,38,15,0,15,53
03/18/2020,MOD,CA,AWP,WE,Federal Contract Tower,0,3,5,0,8,0,6,26,0,32,0,9,31,0,40,34,0,34,74
03/19/2020,MOD,CA,AWP,WE,Federal Contract Tower,0,2,18,2,22,0,9,24,1,34,0,11,42,3,56,24,2,26,82
03/20/2020,MOD,CA,AWP,WE,Federal Contract Tower,0,1,11,0,12,0,13,23,0,36,0,14,34,0,48,18,0,18,66
03/21/2020,MOD,CA,AWP,WE,Federal Contract Tower,0,2,6,0,8,0,10,16,0,26,0,12,22,0,34,38,0,38,72
03/22/2020,MOD,CA,AWP,WE,Federal Contract Tower,0,1,4,0,5,0,3,23,0,26,0,4,27,0,31,0,0,0,31
03/23/2020,MOD,CA,AWP,WE,Federal Contract Tower,0,5,3,0,8,0,10,7,4,21,0,15,10,4,29,2,0,2,31
03/24/2020,MOD,CA,AWP,WE,Federal Contract Tower,0,4,7,0,11,0,9,12,0,21,0,13,19,0,32,4,0,4,36
03/25/2020,MOD,CA,AWP,WE,Federal Contract Tower,0,0,6,1,7,0,12,14,1,27,0,12,20,2,34,6,0,6,40
03/26/2020,MOD,CA,AWP,WE,Federal Contract Tower,0,5,17,0,22,0,12,15,0,27,0,17,32,0,49,8,0,8,57
03/27/2020,MOD,CA,AWP,WE,Federal Contract Tower,0,1,30,0,31,0,11,31,0,42,0,12,61,0,73,12,0,12,85
03/28/2020,MOD,CA,AWP,WE,Federal Contract Tower,0,2,22,0,24,0,25,5,0,30,0,27,27,0,54,20,0,20,74
03/29/2020,MOD,CA,AWP,WE,Federal Contract Tower,0,0,15,0,15,0,4,11,0,15,0,4,26,0,30,6,0,6,36
03/30/2020,MOD,CA,AWP,WE,Federal Contract Tower,0,5,7,0,12,0,6,19,0,25,0,11,26,0,37,18,0,18,55
03/31/2020,MOD,CA,AWP,WE,Federal Contract Tower,0,5,14,0,19,0,13,17,0,30,0,18,31,0,49,12,0,12,61
04/01/2020,MOD,CA,AWP,WE,Federal Contract Tower,0,2,8,2,12,0,17,21,0,38,0,19,29,2,50,7,0,7,57
04/03/2020,MOD,CA,AWP,WE,Federal Contract Tower,0,6,13,0,19,0,15,30,0,45,0,21,43,0,64,2,0,2,66
04/04/2020,MOD,CA,AWP,WE,Federal Contract Tower,0,5,11,0,16,0,17,9,0,26,0,22,20,0,42,4,0,4,46
04/05/2020,MOD,CA,AWP,WE,Federal Contract Tower,0,5,0,0,5,0,0,0,0,0,0,5,0,0,5,0,0,0,5
04/06/2020,MOD,CA,AWP,WE,Federal Contract Tower,0,2,18,0,20,0,1,8,0,9,0,3,26,0,29,2,0,2,31
04/07/2020,MOD,CA,AWP,WE,Federal Contract Tower,0,12,23,0,35,0,18,33,0,51,0,30,56,0,86,16,0,16,102
04/08/2020,MOD,CA,AWP,WE,Federal Contract Tower,0,8,27,0,35,0,11,37,0,48,0,19,64,0,83,32,0,32,115
04/11/2020,MOD,CA,AWP,WE,Federal Contract Tower,0,2,21,0,23,0,9,26,0,35,0,11,47,0,58,26,0,26,84
04/12/2020,MOD,CA,AWP,WE,Federal Contract Tower,0,1,33,0,34,0,17,29,0,46,0,18,62,0,80,14,0,14,94
04/13/2020,MOD,CA,AWP,WE,Federal Contract Tower,0,7,28,0,35,0,29,37,0,66,0,36,65,0,101,20,0,20,121
04/14/2020,MOD,CA,AWP,WE,Federal Contract Tower,0,0,16,2,18,0,15,38,0,53,0,15,54,2,71,44,0,44,115
04/15/2020,MOD,CA,AWP,WE,Federal Contract Tower,0,3,29,0,32,0,12,50,5,67,0,15,79,5,99,66,0,66,165
04/16/2020,MOD,CA,AWP,WE,Federal Contract Tower,0,2,15,0,17,0,19,14,0,33,0,21,29,0,50,26,0,26,76
04/17/2020,MOD,CA,AWP,WE,Federal Contract Tower,0,6,18,0,24,0,12,28,0,40,0,18,46,0,64,2,0,2,66
04/18/2020,MOD,CA,AWP,WE,Federal Contract Tower,0,0,4,0,4,0,19,23,0,42,0,19,27,0,46,18,0,18,64
04/19/2020,MOD,CA,AWP,WE,Federal Contract Tower,0,3,14,0,17,0,20,46,0,66,0,23,60,0,83,38,0,38,121
04/20/2020,MOD,CA,AWP,WE,Federal Contract Tower,0,9,17,0,26,0,20,15,2,37,0,29,32,2,63,12,0,12,75
04/21/2020,MOD,CA,AWP,WE,Federal Contract Tower,0,1,20,0,21,0,13,41,0,54,0,14,61,0,75,18,0,18,93
04/22/2020,MOD,CA,AWP,WE,Federal Contract Tower,0,5,14,0,19,0,22,39,0,61,0,27,53,0,80,71,0,71,151
04/23/2020,MOD,CA,AWP,WE,Federal Contract Tower,0,7,6,0,13,0,23,35,0,58,0,30,41,0,71,28,0,28,99
04/24/2020,MOD,CA,AWP,WE,Federal Contract Tower,0,2,13,0,15,0,16,32,0,48,0,18,45,0,63,8,0,8,71
04/25/2020,MOD,CA,AWP,WE,Federal Contract Tower,0,3,16,0,19,0,15,38,0,53,0,18,54,0,72,68,0,68,140
04/26/2020,MOD,CA,AWP,WE,Federal Contract Tower,0,2,19,0,21,0,14,43,0,57,0,16,62,0,78,12,0,12,90
04/27/2020,MOD,CA,AWP,WE,Federal Contract Tower,0,5,16,2,23,0,9,16,0,25,0,14,32,2,48,22,0,22,70
04/28/2020,MOD,CA,AWP,WE,Federal Contract Tower,0,3,20,2,25,0,12,32,0,44,0,15,52,2,69,18,0,18,87
04/29/2020,MOD,CA,AWP,WE,Federal Contract Tower,0,0,7,0,7,0,13,30,0,43,0,13,37,0,50,6,0,6,56
04/30/2020,MOD,CA,AWP,WE,Federal Contract Tower,0,5,16,0,21,0,24,57,0,81,0,29,73,0,102,42,0,42,144
05/01/2020,MOD,CA,AWP,WE,Federal Contract Tower,0,2,33,0,35,0,8,55,0,63,0,10,88,0,98,50,0,50,148
05/02/2020,MOD,CA,AWP,WE,Federal Contract Tower,0,4,14,0,18,0,16,33,0,49,0,20,47,0,67,16,0,16,83
05/03/2020,MOD,CA,AWP,WE,Federal Contract Tower,0,1,22,0,23,0,14,34,0,48,0,15,56,0,71,12,0,12,83
05/04/2020,MOD,CA,AWP,WE,Federal Contract Tower,0,0,18,0,18,0,15,44,0,59,0,15,62,0,77,20,0,20,97
05/05/2020,MOD,CA,AWP,WE,Federal Contract Tower,0,1,16,0,17,0,16,45,0,61,0,17,61,0,78,44,0,44,122
05/06/2020,MOD,CA,AWP,WE,Federal Contract Tower,0,0,8,2,10,0,9,37,0,46,0,9,45,2,56,16,0,16,72
05/07/2020,MOD,CA,AWP,WE,Federal Contract Tower,0,18,0,0,18,0,10,61,0,71,0,28,61,0,89,46,0,46,135
05/08/2020,MOD,CA,AWP,WE,Federal Contract Tower,0,4,15,0,19,0,26,51,0,77,0,30,66,0,96,32,0,32,128
05/09/2020,MOD,CA,AWP,WE,Federal Contract Tower,0,5,11,0,16,0,7,39,5,51,0,12,50,5,67,38,0,38,105
05/10/2020,MOD,CA,AWP,WE,Federal Contract Tower,0,0,5,0,5,0,28,33,0,61,0,28,38,0,66,64,0,64,130
05/11/2020,MOD,CA,AWP,WE,Federal Contract Tower,0,3,7,2,12,0,16,23,0,39,0,19,30,2,51,30,0,30,81
05/12/2020,MOD,CA,AWP,WE,Federal Contract Tower,0,1,8,0,9,0,27,25,0,52,0,28,33,0,61,30,0,30,91
05/13/2020,MOD,CA,AWP,WE,Federal Contract Tower,0,8,10,0,18,0,23,45,0,68,0,31,55,0,86,48,0,48,134
05/14/2020,MOD,CA,AWP,WE,Federal Contract Tower,0,8,10,0,18,0,19,37,0,56,0,27,47,0,74,34,0,34,108
05/15/2020,MOD,CA,AWP,WE,Federal Contract Tower,0,3,22,0,25,0,14,46,0,60,0,17,68,0,85,16,0,16,101
05/16/2020,MOD,CA,AWP,WE,Federal Contract Tower,0,5,9,0,14,0,18,58,0,76,0,23,67,0,90,50,0,50,140
05/17/2020,MOD,CA,AWP,WE,Federal Contract Tower,0,2,5,0,7,0,11,10,0,21,0,13,15,0,28,6,0,6,34
05/18/2020,MOD,CA,AWP,WE,Federal Contract Tower,0,7,14,0,21,0,8,4,0,12,0,15,18,0,33,16,0,16,49
05/19/2020,MOD,CA,AWP,WE,Federal Contract Tower,0,6,25,0,31,0,11,44,0,55,0,17,69,0,86,56,0,56,142
05/20/2020,MOD,CA,AWP,WE,Federal Contract Tower,0,0,20,0,20,0,20,48,0,68,0,20,68,0,88,36,0,36,124
05/21/2020,MOD,CA,AWP,WE,Federal Contract Tower,0,6,25,0,31,0,26,65,0,91,0,32,90,0,122,48,0,48,170
05/22/2020,MOD,CA,AWP,WE,Federal Contract Tower,0,1,19,0,20,0,15,63,0,78,0,16,82,0,98,58,0,58,156
05/23/2020,MOD,CA,AWP,WE,Federal Contract Tower,0,3,22,0,25,0,18,39,0,57,0,21,61,0,82,24,0,24,106
05/24/2020,MOD,CA,AWP,WE,Federal Contract Tower,0,2,8,0,10,0,24,42,0,66,0,26,50,0,76,8,0,8,84
05/25/2020,MOD,CA,AWP,WE,Federal Contract Tower,0,0,16,0,16,0,29,45,0,74,0,29,61,0,90,22,0,22,112
05/26/2020,MOD,CA,AWP,WE,Federal Contract Tower,0,3,28,0,31,0,17,37,0,54,0,20,65,0,85,28,0,28,113
05/27/2020,MOD,CA,AWP,WE,Federal Contract Tower,0,4,23,2,29,0,10,31,0,41,0,14,54,2,70,9,0,9,79
05/28/2020,MOD,CA,AWP,WE,Federal Contract Tower,0,2,30,0,32,0,26,21,0,47,0,28,51,0,79,10,0,10,89
05/29/2020,MOD,CA,AWP,WE,Federal Contract Tower,0,2,14,0,16,0,18,49,0,67,0,20,63,0,83,32,0,32,115
05/30/2020,MOD,CA,AWP,WE,Federal Contract Tower,0,3,22,0,25,0,19,30,0,49,0,22,52,0,74,13,0,13,87
05/31/2020,MOD,CA,AWP,WE,Federal Contract Tower,0,4,25,2,31,0,21,63,0,84,0,25,88,2,115,20,0,20,135
06/01/2020,MOD,CA,AWP,WE,Federal Contract Tower,0,4,13,0,17,0,16,46,2,64,0,20,59,2,81,10,0,10,91
06/02/2020,MOD,CA,AWP,WE,Federal Contract Tower,0,3,7,0,10,0,12,39,0,51,0,15,46,0,61,6,0,6,67
06/03/2020,MOD,CA,AWP,WE,Federal Contract Tower,0,1,31,0,32,0,20,46,0,66,0,21,77,0,98,34,0,34,132
06/04/2020,MOD,CA,AWP,WE,Federal Contract Tower,0,7,18,0,25,0,22,33,0,55,0,29,51,0,80,44,0,44,124
06/05/2020,MOD,CA,AWP,WE,Federal Contract Tower,0,1,16,0,17,0,10,27,0,37,0,11,43,0,54,18,0,18,72
06/06/2020,MOD,CA,AWP,WE,Federal Contract Tower,0,6,13,0,19,0,16,48,0,64,0,22,61,0,83,38,0,38,121
06/07/2020,MOD,CA,AWP,WE,Federal Contract Tower,0,1,22,0,23,0,21,17,0,38,0,22,39,0,61,10,0,10,71
06/08/2020,MOD,CA,AWP,WE,Federal Contract Tower,0,8,9,0,17,0,10,22,0,32,0,18,31,0,49,6,0,6,55
06/09/2020,MOD,CA,AWP,WE,Federal Contract Tower,0,4,21,2,27,0,19,63,0,82,0,23,84,2,109,8,0,8,117
06/10/2020,MOD,CA,AWP,WE,Federal Contract Tower,0,7,22,0,29,0,19,58,0,77,0,26,80,0,106,34,0,34,140
06/11/2020,MOD,CA,AWP,WE,Federal Contract Tower,0,8,33,0,41,0,25,41,0,66,0,33,74,0,107,32,0,32,139
06/12/2020,MOD,CA,AWP,WE,Federal Contract Tower,0,6,21,0,27,0,9,31,0,40,0,15,52,0,67,4,0,4,71
06/13/2020,MOD,CA,AWP,WE,Federal Contract Tower,0,8,15,0,23,0,26,0,0,26,0,34,15,0,49,4,0,4,53
06/14/2020,MOD,CA,AWP,WE,Federal Contract Tower,0,3,31,0,34,0,18,41,0,59,0,21,72,0,93,1,0,1,94
06/15/2020,MOD,CA,AWP,WE,Federal Contract Tower,0,2,9,0,11,0,23,32,0,55,0,25,41,0,66,16,0,16,82
06/16/2020,MOD,CA,AWP,WE,Federal Contract Tower,0,2,24,0,26,0,15,44,0,59,0,17,68,0,85,24,0,24,109
06/17/2020,MOD,CA,AWP,WE,Federal Contract Tower,0,3,10,0,13,0,16,53,0,69,0,19,63,0,82,35,0,35,117
06/18/2020,MOD,CA,AWP,WE,Federal Contract Tower,0,7,38,0,45,0,22,51,0,73,0,29,89,0,118,50,0,50,168
06/19/2020,MOD,CA,AWP,WE,Federal Contract Tower,0,2,17,0,19,0,15,60,0,75,0,17,77,0,94,28,0,28,122
06/20/2020,MOD,CA,AWP,WE,Federal Contract Tower,0,7,19,0,26,0,14,49,0,63,0,21,68,0,89,62,0,62,151
06/21/2020,MOD,CA,AWP,WE,Federal Contract Tower,0,2,23,0,25,0,24,25,0,49,0,26,48,0,74,8,0,8,82
06/22/2020,MOD,CA,AWP,WE,Federal Contract Tower,0,7,24,0,31,0,15,35,0,50,0,22,59,0,81,22,0,22,103
06/23/2020,MOD,CA,AWP,WE,Federal Contract Tower,0,9,24,0,33,0,21,54,0,75,0,30,78,0,108,4,0,4,112
06/24/2020,MOD,CA,AWP,WE,Federal Contract Tower,0,6,35,0,41,0,16,59,0,75,0,22,94,0,116,12,0,12,128
06/25/2020,MOD,CA,AWP,WE,Federal Contract Tower,0,8,13,0,21,0,17,33,0,50,0,25,46,0,71,78,0,78,149
06/26/2020,MOD,CA,AWP,WE,Federal Contract Tower,0,9,21,0,30,0,22,56,0,78,0,31,77,0,108,48,0,48,156
06/27/2020,MOD,CA,AWP,WE,Federal Contract Tower,0,3,16,0,19,0,34,66,0,100,0,37,82,0,119,28,0,28,147
06/28/2020,MOD,CA,AWP,WE,Federal Contract Tower,0,9,11,0,20,0,13,36,0,49,0,22,47,0,69,110,0,110,179
06/29/2020,MOD,CA,AWP,WE,Federal Contract Tower,0,2,20,0,22,0,20,38,0,58,0,22,58,0,80,62,0,62,142
06/30/2020,MOD,CA,AWP,WE,Federal Contract Tower,0,9,34,0,43,0,12,35,0,47,0,21,69,0,90,38,0,38,128
07/01/2020,MOD,CA,AWP,WE,Federal Contract Tower,0,4,14,0,18,0,11,76,0,87,0,15,90,0,105,58,0,58,163
07/02/2020,MOD,CA,AWP,WE,Federal Contract Tower,0,9,13,0,22,0,24,61,0,85,0,33,74,0,107,28,0,28,135
07/03/2020,MOD,CA,AWP,WE,Federal Contract Tower,0,10,22,0,32,0,13,46,0,59,0,23,68,0,91,32,0,32,123
07/04/2020,MOD,CA,AWP,WE,Federal Contract Tower,0,7,0,0,7,0,23,54,0,77,0,30,54,0,84,46,0,46,130
07/05/2020,MOD,CA,AWP,WE,Federal Contract Tower,0,6,6,0,12,0,23,42,0,65,0,29,48,0,77,8,0,8,85
07/06/2020,MOD,CA,AWP,WE,Federal Contract Tower,0,6,19,0,25,0,26,35,0,61,0,32,54,0,86,14,0,14,100
07/07/2020,MOD,CA,AWP,WE,Federal Contract Tower,0,8,15,0,23,0,27,49,0,76,0,35,64,0,99,30,0,30,129
07/08/2020,MOD,CA,AWP,WE,Federal Contract Tower,0,6,7,0,13,0,12,77,0,89,0,18,84,0,102,34,0,34,136
07/09/2020,MOD,CA,AWP,WE,Federal Contract Tower,0,4,21,0,25,0,15,51,0,66,0,19,72,0,91,48,0,48,139
07/10/2020,MOD,CA,AWP,WE,Federal Contract Tower,0,2,17,0,19,0,28,54,0,82,0,30,71,0,101,26,0,26,127
07/11/2020,MOD,CA,AWP,WE,Federal Contract Tower,0,4,27,0,31,0,14,62,0,76,0,18,89,0,107,14,0,14,121
07/12/2020,MOD,CA,AWP,WE,Federal Contract Tower,0,7,19,0,26,0,20,32,0,52,0,27,51,0,78,30,0,30,108
07/13/2020,MOD,CA,AWP,WE,Federal Contract Tower,0,4,26,2,32,0,29,29,0,58,0,33,55,2,90,46,0,46,136
07/14/2020,MOD,CA,AWP,WE,Federal Contract Tower,0,4,41,0,45,0,45,36,0,81,0,49,77,0,126,0,0,0,126
07/15/2020,MOD,CA,AWP,WE,Federal Contract Tower,0,7,26,2,35,0,18,44,0,62,0,25,70,2,97,14,0,14,111
07/16/2020,MOD,CA,AWP,WE,Federal Contract Tower,0,3,12,0,15,0,26,61,0,87,0,29,73,0,102,18,0,18,120
07/17/2020,MOD,CA,AWP,WE,Federal Contract Tower,0,2,15,0,17,0,34,55,0,89,0,36,70,0,106,60,0,60,166
07/18/2020,MOD,CA,AWP,WE,Federal Contract Tower,0,3,23,0,26,0,28,62,0,90,0,31,85,0,116,50,0,50,166
07/19/2020,MOD,CA,AWP,WE,Federal Contract Tower,0,5,7,0,12,0,27,63,0,90,0,32,70,0,102,34,0,34,136
07/20/2020,MOD,CA,AWP,WE,Federal Contract Tower,0,3,14,0,17,0,30,34,0,64,0,33,48,0,81,12,0,12,93
07/21/2020,MOD,CA,AWP,WE,Federal Contract Tower,0,7,42,0,49,0,19,62,2,83,0,26,104,2,132,54,0,54,186
07/22/2020,MOD,CA,AWP,WE,Federal Contract Tower,0,2,5,0,7,0,12,29,0,41,0,14,34,0,48,12,0,12,60
07/23/2020,MOD,CA,AWP,WE,Federal Contract Tower,0,5,17,0,22,0,27,46,0,73,0,32,63,0,95,26,0,26,121
07/24/2020,MOD,CA,AWP,WE,Federal Contract Tower,0,2,38,0,40,0,19,53,0,72,0,21,91,0,112,34,0,34,146
07/25/2020,MOD,CA,AWP,WE,Federal Contract Tower,0,9,29,0,38,0,32,59,0,91,0,41,88,0,129,30,0,30,159
07/26/2020,MOD,CA,AWP,WE,Federal Contract Tower,0,4,33,0,37,0,26,56,0,82,0,30,89,0,119,80,0,80,199
07/27/2020,MOD,CA,AWP,WE,Federal Contract Tower,0,9,15,0,24,0,17,39,4,60,0,26,54,4,84,32,0,32,116
07/28/2020,MOD,CA,AWP,WE,Federal Contract Tower,0,11,18,0,29,0,18,43,0,61,0,29,61,0,90,40,0,40,130
07/29/2020,MOD,CA,AWP,WE,Federal Contract Tower,0,8,5,2,15,0,8,53,0,61,0,16,58,2,76,32,0,32,108
07/30/2020,MOD,CA,AWP,WE,Federal Contract Tower,0,3,13,0,16,0,11,40,0,51,0,14,53,0,67,16,0,16,83
07/31/2020,MOD,CA,AWP,WE,Federal Contract Tower,0,5,27,0,32,0,20,54,0,74,0,25,81,0,106,86,0,86,192
08/01/2020,MOD,CA,AWP,WE,Federal Contract Tower,0,2,7,0,9,0,24,32,0,56,0,26,39,0,65,28,0,28,93
08/02/2020,MOD,CA,AWP,WE,Federal Contract Tower,0,5,12,0,17,0,35,40,0,75,0,40,52,0,92,10,0,10,102
08/03/2020,MOD,CA,AWP,WE,Federal Contract Tower,0,5,9,0,14,0,9,49,0,58,0,14,58,0,72,50,0,50,122
08/04/2020,MOD,CA,AWP,WE,Federal Contract Tower,0,4,19,0,23,0,30,47,0,77,0,34,66,0,100,48,0,48,148
08/05/2020,MOD,CA,AWP,WE,Federal Contract Tower,0,9,31,0,40,0,18,41,0,59,0,27,72,0,99,2,0,2,101
08/06/2020,MOD,CA,AWP,WE,Federal Contract Tower,0,9,20,0,29,0,21,46,0,67,0,30,66,0,96,36,0,36,132
08/07/2020,MOD,CA,AWP,WE,Federal Contract Tower,0,5,13,0,18,0,20,68,0,88,0,25,81,0,106,42,0,42,148
08/08/2020,MOD,CA,AWP,WE,Federal Contract Tower,0,5,5,0,10,0,14,51,0,65,0,19,56,0,75,30,0,30,105
08/09/2020,MOD,CA,AWP,WE,Federal Contract Tower,0,8,6,0,14,0,14,53,0,67,0,22,59,0,81,18,0,18,99
08/10/2020,MOD,CA,AWP,WE,Federal Contract Tower,0,3,11,0,14,0,9,41,0,50,0,12,52,0,64,48,0,48,112
08/11/2020,MOD,CA,AWP,WE,Federal Contract Tower,0,5,19,0,24,0,12,50,0,62,0,17,69,0,86,50,0,50,136
08/12/2020,MOD,CA,AWP,WE,Federal Contract Tower,0,3,17,0,20,0,15,51,0,66,0,18,68,0,86,48,0,48,134
08/13/2020,MOD,CA,AWP,WE,Federal Contract Tower,0,3,21,0,24,0,31,42,0,73,0,34,63,0,97,48,0,48,145
08/14/2020,MOD,CA,AWP,WE,Federal Contract Tower,0,2,16,0,18,0,20,30,0,50,0,22,46,0,68,10,0,10,78
08/15/2020,MOD,CA,AWP,WE,Federal Contract Tower,0,1,25,0,26,0,12,48,0,60,0,13,73,0,86,18,0,18,104
08/16/2020,MOD,CA,AWP,WE,Federal Contract Tower,0,3,10,0,13,0,24,33,0,57,0,27,43,0,70,6,0,6,76
08/17/2020,MOD,CA,AWP,WE,Federal Contract Tower,0,5,10,0,15,0,19,19,0,38,0,24,29,0,53,12,0,12,65
08/18/2020,MOD,CA,AWP,WE,Federal Contract Tower,0,5,6,0,11,0,14,18,0,32,0,19,24,0,43,22,0,22,65
08/19/2020,MOD,CA,AWP,WE,Federal Contract Tower,0,11,8,0,19,0,13,19,0,32,0,24,27,0,51,4,0,4,55
08/20/2020,MOD,CA,AWP,WE,Federal Contract Tower,0,34,9,0,43,0,5,2,0,7,0,39,11,0,50,4,0,4,54
08/21/2020,MOD,CA,AWP,WE,Federal Contract Tower,0,16,7,0,23,0,0,2,0,2,0,16,9,0,25,0,0,0,25
08/22/2020,MOD,CA,AWP,WE,Federal Contract Tower,0,3,8,0,11,0,5,7,0,12,0,8,15,0,23,6,0,6,29
08/23/2020,MOD,CA,AWP,WE,Federal Contract Tower,0,12,5,0,17,0,13,11,0,24,0,25,16,0,41,8,0,8,49
08/24/2020,MOD,CA,AWP,WE,Federal Contract Tower,0,10,13,2,25,0,0,0,0,0,0,10,13,2,25,0,0,0,25
08/25/2020,MOD,CA,AWP,WE,Federal Contract Tower,0,9,12,0,21,0,18,17,0,35,0,27,29,0,56,2,0,2,58
08/26/2020,MOD,CA,AWP,WE,Federal Contract Tower,0,6,21,0,27,0,16,18,0,34,0,22,39,0,61,38,0,38,99
08/27/2020,MOD,CA,AWP,WE,Federal Contract Tower,0,6,23,0,29,0,18,42,0,60,0,24,65,0,89,56,0,56,145
08/28/2020,MOD,CA,AWP,WE,Federal Contract Tower,0,5,18,0,23,0,19,48,2,69,0,24,66,2,92,56,0,56,148
08/29/2020,MOD,CA,AWP,WE,Federal Contract Tower,0,1,11,0,12,0,17,40,0,57,0,18,51,0,69,16,0,16,85
08/30/2020,MOD,CA,AWP,WE,Federal Contract Tower,0,3,17,0,20,0,21,22,0,43,0,24,39,0,63,0,0,0,63
08/31/2020,MOD,CA,AWP,WE,Federal Contract Tower,0,9,5,0,14,0,18,19,0,37,0,27,24,0,51,36,0,36,87
09/01/2020,MOD,CA,AWP,WE,Federal Contract Tower,0,9,24,0,33,0,10,27,0,37,0,19,51,0,70,20,0,20,90
09/02/2020,MOD,CA,AWP,WE,Federal Contract Tower,0,3,19,0,22,0,9,36,0,45,0,12,55,0,67,22,0,22,89
09/03/2020,MOD,CA,AWP,WE,Federal Contract Tower,0,6,43,0,49,0,36,39,0,75,0,42,82,0,124,48,0,48,172
09/04/2020,MOD,CA,AWP,WE,Federal Contract Tower,0,7,26,0,33,0,35,30,0,65,0,42,56,0,98,32,0,32,130
09/06/2020,MOD,CA,AWP,WE,Federal Contract Tower,0,3,19,0,22,0,6,11,0,17,0,9,30,0,39,10,0,10,49
09/07/2020,MOD,CA,AWP,WE,Federal Contract Tower,0,17,18,0,35,0,15,26,0,41,0,32,44,0,76,8,0,8,84
09/08/2020,MOD,CA,AWP,WE,Federal Contract Tower,0,9,7,0,16,0,3,1,0,4,0,12,8,0,20,0,0,0,20
09/09/2020,MOD,CA,AWP,WE,Federal Contract Tower,0,11,20,0,31,0,5,9,0,14,0,16,29,0,45,14,0,14,59
09/10/2020,MOD,CA,AWP,WE,Federal Contract Tower,0,14,19,0,33,0,3,9,0,12,0,17,28,0,45,4,0,4,49
09/11/2020,MOD,CA,AWP,WE,Federal Contract Tower,0,19,11,0,30,0,3,0,0,3,0,22,11,0,33,2,0,2,35
09/12/2020,MOD,CA,AWP,WE,Federal Contract Tower,0,10,12,0,22,0,2,1,0,3,0,12,13,0,25,0,0,0,25
09/13/2020,MOD,CA,AWP,WE,Federal Contract Tower,0,8,5,0,13,0,0,0,0,0,0,8,5,0,13,0,0,0,13
09/14/2020,MOD,CA,AWP,WE,Federal Contract Tower,0,16,7,2,25,0,0,0,0,0,0,16,7,2,25,0,0,0,25
09/15/2020,MOD,CA,AWP,WE,Federal Contract Tower,0,10,27,8,45,0,9,15,0,24,0,19,42,8,69,6,0,6,75
09/16/2020,MOD,CA,AWP,WE,Federal Contract Tower,0,12,28,0,40,0,9,54,0,63,0,21,82,0,103,56,0,56,159
09/17/2020,MOD,CA,AWP,WE,Federal Contract Tower,0,9,18,0,27,0,18,47,0,65,0,27,65,0,92,76,0,76,168
09/18/2020,MOD,CA,AWP,WE,Federal Contract Tower,0,6,28,0,34,0,18,62,0,80,0,24,90,0,114,56,0,56,170
09/19/2020,MOD,CA,AWP,WE,Federal Contract Tower,0,3,18,0,21,0,23,39,0,62,0,26,57,0,83,46,0,46,129
09/20/2020,MOD,CA,AWP,WE,Federal Contract Tower,0,6,30,0,36,0,18,51,0,69,0,24,81,0,105,52,0,52,157
09/21/2020,MOD,CA,AWP,WE,Federal Contract Tower,0,2,49,0,51,0,28,42,0,70,0,30,91,0,121,140,0,140,261
09/22/2020,MOD,CA,AWP,WE,Federal Contract Tower,0,11,18,0,29,0,26,54,0,80,0,37,72,0,109,72,0,72,181
09/23/2020,MOD,CA,AWP,WE,Federal Contract Tower,0,4,17,0,21,0,14,76,0,90,0,18,93,0,111,60,0,60,171
09/24/2020,MOD,CA,AWP,WE,Federal Contract Tower,0,8,45,0,53,0,23,45,0,68,0,31,90,0,121,52,0,52,173
09/25/2020,MOD,CA,AWP,WE,Federal Contract Tower,0,7,8,0,15,0,36,80,0,116,0,43,88,0,131,16,0,16,147
09/26/2020,MOD,CA,AWP,WE,Federal Contract Tower,0,3,9,0,12,0,11,60,0,71,0,14,69,0,83,44,0,44,127
09/27/2020,MOD,CA,AWP,WE,Federal Contract Tower,0,3,17,0,20,0,22,31,0,53,0,25,48,0,73,8,0,8,81
09/28/2020,MOD,CA,AWP,WE,Federal Contract Tower,0,9,13,0,22,0,21,34,0,55,0,30,47,0,77,52,0,52,129
09/29/2020,MOD,CA,AWP,WE,Federal Contract Tower,0,6,34,0,40,0,8,44,0,52,0,14,78,0,92,6,0,6,98
09/30/2020,MOD,CA,AWP,WE,Federal Contract Tower,0,12,20,0,32,0,7,26,0,33,0,19,46,0,65,16,0,16,81
10/01/2020,MOD,CA,AWP,WE,Federal Contract Tower,0,9,22,0,31,0,14,12,0,26,0,23,34,0,57,16,0,16,73
10/02/2020,MOD,CA,AWP,WE,Federal Contract Tower,0,12,25,0,37,0,2,7,0,9,0,14,32,0,46,2,0,2,48
10/03/2020,MOD,CA,AWP,WE,Federal Contract Tower,0,7,21,0,28,0,10,13,0,23,0,17,34,0,51,8,0,8,59
10/04/2020,MOD,CA,AWP,WE,Federal Contract Tower,0,7,14,0,21,0,17,25,0,42,0,24,39,0,63,30,0,30,93
10/05/2020,MOD,CA,AWP,WE,Federal Contract Tower,0,6,27,0,33,0,17,53,0,70,0,23,80,0,103,22,0,22,125
10/06/2020,MOD,CA,AWP,WE,Federal Contract Tower,0,13,24,0,37,0,19,52,0,71,0,32,76,0,108,32,0,32,140
10/07/2020,MOD,CA,AWP,WE,Federal Contract Tower,0,5,33,0,38,0,26,49,0,75,0,31,82,0,113,2,0,2,115
10/08/2020,MOD,CA,AWP,WE,Federal Contract Tower,0,10,50,0,60,0,18,49,0,67,0,28,99,0,127,60,0,60,187
10/09/2020,MOD,CA,AWP,WE,Federal Contract Tower,0,8,19,0,27,0,31,63,0,94,0,39,82,0,121,36,0,36,157
10/10/2020,MOD,CA,AWP,WE,Federal Contract Tower,0,7,9,0,16,0,22,66,0,88,0,29,75,0,104,56,0,56,160
10/11/2020,MOD,CA,AWP,WE,Federal Contract Tower,0,3,25,0,28,0,14,36,0,50,0,17,61,0,78,16,0,16,94
10/12/2020,MOD,CA,AWP,WE,Federal Contract Tower,0,5,27,0,32,0,22,63,0,85,0,27,90,0,117,42,0,42,159
10/13/2020,MOD,CA,AWP,WE,Federal Contract Tower,0,3,17,0,20,0,18,56,0,74,0,21,73,0,94,32,0,32,126
10/14/2020,MOD,CA,AWP,WE,Federal Contract Tower,0,7,15,0,22,0,13,57,0,70,0,20,72,0,92,64,0,64,156
10/15/2020,MOD,CA,AWP,WE,Federal Contract Tower,0,6,33,4,43,0,16,46,0,62,0,22,79,4,105,52,0,52,157
10/16/2020,MOD,CA,AWP,WE,Federal Contract Tower,0,3,25,0,28,0,29,69,0,98,0,32,94,0,126,30,0,30,156
10/17/2020,MOD,CA,AWP,WE,Federal Contract Tower,0,4,13,0,17,0,20,48,0,68,0,24,61,0,85,40,0,40,125
10/18/2020,MOD,CA,AWP,WE,Federal Contract Tower,0,9,13,0,22,0,25,88,0,113,0,34,101,0,135,16,0,16,151
10/19/2020,MOD,CA,AWP,WE,Federal Contract Tower,0,4,15,2,21,0,27,72,0,99,0,31,87,2,120,40,0,40,160
10/20/2020,MOD,CA,AWP,WE,Federal Contract Tower,0,9,9,0,18,0,27,36,0,63,0,36,45,0,81,38,0,38,119
10/21/2020,MOD,CA,AWP,WE,Federal Contract Tower,0,7,13,0,20,0,14,80,0,94,0,21,93,0,114,50,0,50,164
10/22/2020,MOD,CA,AWP,WE,Federal Contract Tower,0,15,18,0,33,0,12,56,4,72,0,27,74,4,105,22,0,22,127
10/23/2020,MOD,CA,AWP,WE,Federal Contract Tower,0,3,31,0,34,0,14,71,0,85,0,17,102,0,119,28,0,28,147
10/24/2020,MOD,CA,AWP,WE,Federal Contract Tower,0,5,10,0,15,0,13,76,0,89,0,18,86,0,104,38,0,38,142
10/25/2020,MOD,CA,AWP,WE,Federal Contract Tower,0,4,18,0,22,0,13,18,0,31,0,17,36,0,53,12,0,12,65
10/26/2020,MOD,CA,AWP,WE,Federal Contract Tower,0,3,13,0,16,0,21,23,0,44,0,24,36,0,60,20,0,20,80
10/27/2020,MOD,CA,AWP,WE,Federal Contract Tower,0,3,19,0,22,0,21,51,0,72,0,24,70,0,94,22,0,22,116
10/28/2020,MOD,CA,AWP,WE,Federal Contract Tower,0,2,21,2,25,0,23,69,0,92,0,25,90,2,117,66,0,66,183
10/29/2020,MOD,CA,AWP,WE,Federal Contract Tower,0,5,19,0,24,0,30,71,0,101,0,35,90,0,125,60,0,60,185
10/30/2020,MOD,CA,AWP,WE,Federal Contract Tower,0,16,21,0,37,0,23,38,0,61,0,39,59,0,98,58,0,58,156
10/31/2020,MOD,CA,AWP,WE,Federal Contract Tower,0,1,11,0,12,0,14,55,0,69,0,15,66,0,81,42,0,42,123
11/02/2020,MOD,CA,AWP,WE,Federal Contract Tower,0,8,23,0,31,0,31,37,4,72,0,39,60,4,103,78,0,78,181
11/03/2020,MOD,CA,AWP,WE,Federal Contract Tower,0,4,26,0,30,0,16,41,10,67,0,20,67,10,97,76,0,76,173
11/04/2020,MOD,CA,AWP,WE,Federal Contract Tower,0,5,23,0,28,0,15,76,0,91,0,20,99,0,119,28,0,28,147
11/05/2020,MOD,CA,AWP,WE,Federal Contract Tower,0,3,24,0,27,0,26,52,0,78,0,29,76,0,105,44,0,44,149
11/06/2020,MOD,CA,AWP,WE,Federal Contract Tower,0,12,6,0,18,0,32,26,0,58,0,44,32,0,76,10,0,10,86
11/07/2020,MOD,CA,AWP,WE,Federal Contract Tower,0,3,16,0,19,0,20,33,0,53,0,23,49,0,72,38,0,38,110
11/08/2020,MOD,CA,AWP,WE,Federal Contract Tower,0,6,9,0,15,0,21,18,0,39,0,27,27,0,54,34,0,34,88
11/09/2020,MOD,CA,AWP,WE,Federal Contract Tower,0,1,55,0,56,0,24,45,0,69,0,25,100,0,125,46,0,46,171
11/10/2020,MOD,CA,AWP,WE,Federal Contract Tower,0,1,31,0,32,0,29,56,0,85,0,30,87,0,117,58,0,58,175
11/11/2020,MOD,CA,AWP,WE,Federal Contract Tower,0,3,27,0,30,0,14,55,0,69,0,17,82,0,99,118,0,118,217
11/12/2020,MOD,CA,AWP,WE,Federal Contract Tower,0,3,27,2,32,0,18,38,0,56,0,21,65,2,88,62,0,62,150
11/13/2020,MOD,CA,AWP,WE,Federal Contract Tower,0,19,17,0,36,0,29,19,0,48,0,48,36,0,84,6,0,6,90
11/14/2020,MOD,CA,AWP,WE,Federal Contract Tower,0,13,30,0,43,0,13,7,0,20,0,26,37,0,63,6,0,6,69
11/15/2020,MOD,CA,AWP,WE,Federal Contract Tower,0,7,22,0,29,0,28,43,0,71,0,35,65,0,100,74,0,74,174
11/16/2020,MOD,CA,AWP,WE,Federal Contract Tower,0,18,37,0,55,0,20,42,0,62,0,38,79,0,117,30,0,30,147
11/17/2020,MOD,CA,AWP,WE,Federal Contract Tower,0,9,25,0,34,0,6,36,0,42,0,15,61,0,76,22,0,22,98
11/18/2020,MOD,CA,AWP,WE,Federal Contract Tower,0,6,6,0,12,0,4,6,0,10,0,10,12,0,22,24,0,24,46
11/19/2020,MOD,CA,AWP,WE,Federal Contract Tower,0,4,19,0,23,0,12,30,0,42,0,16,49,0,65,28,0,28,93
11/20/2020,MOD,CA,AWP,WE,Federal Contract Tower,0,5,19,0,24,0,17,57,0,74,0,22,76,0,98,87,0,87,185
11/21/2020,MOD,CA,AWP,WE,Federal Contract Tower,0,6,12,0,18,0,26,62,0,88,0,32,74,0,106,34,0,34,140
11/22/2020,MOD,CA,AWP,WE,Federal Contract Tower,0,8,3,0,11,0,11,46,0,57,0,19,49,0,68,30,0,30,98
11/23/2020,MOD,CA,AWP,WE,Federal Contract Tower,0,10,22,0,32,0,17,39,0,56,0,27,61,0,88,48,0,48,136
11/24/2020,MOD,CA,AWP,WE,Federal Contract Tower,0,7,28,0,35,0,20,47,0,67,0,27,75,0,102,46,0,46,148
11/25/2020,MOD,CA,AWP,WE,Federal Contract Tower,0,4,22,0,26,0,10,43,0,53,0,14,65,0,79,32,0,32,111
11/26/2020,MOD,CA,AWP,WE,Federal Contract Tower,0,4,0,0,4,0,13,9,0,22,0,17,9,0,26,0,0,0,26
11/27/2020,MOD,CA,AWP,WE,Federal Contract Tower,0,2,11,0,13,0,17,32,0,49,0,19,43,0,62,24,0,24,86
11/28/2020,MOD,CA,AWP,WE,Federal Contract Tower,0,1,19,0,20,0,13,41,0,54,0,14,60,0,74,32,0,32,106
11/29/2020,MOD,CA,AWP,WE,Federal Contract Tower,0,15,7,0,22,0,18,30,0,48,0,33,37,0,70,48,0,48,118
11/30/2020,MOD,CA,AWP,WE,Federal Contract Tower,0,5,24,0,29,0,22,41,0,63,0,27,65,0,92,16,0,16,108
12/01/2020,MOD,CA,AWP,WE,Federal Contract Tower,0,7,29,0,36,0,15,39,0,54,0,22,68,0,90,54,0,54,144
12/02/2020,MOD,CA,AWP,WE,Federal Contract Tower,0,7,21,1,29,0,9,41,1,51,0,16,62,2,80,14,0,14,94
12/03/2020,MOD,CA,AWP,WE,Federal Contract Tower,0,1,19,0,20,0,11,44,0,55,0,12,63,0,75,70,0,70,145
12/04/2020,MOD,CA,AWP,WE,Federal Contract Tower,0,2,3,0,5,0,16,59,0,75,0,18,62,0,80,36,0,36,116
12/05/2020,MOD,CA,AWP,WE,Federal Contract Tower,0,5,20,0,25,0,18,55,0,73,0,23,75,0,98,42,0,42,140
12/06/2020,MOD,CA,AWP,WE,Federal Contract Tower,0,6,16,0,22,0,18,46,0,64,0,24,62,0,86,36,0,36,122
12/07/2020,MOD,CA,AWP,WE,Federal Contract Tower,0,5,15,0,20,0,18,29,0,47,0,23,44,0,67,12,0,12,79
12/08/2020,MOD,CA,AWP,WE,Federal Contract Tower,0,2,16,0,18,0,10,59,0,69,0,12,75,0,87,58,0,58,145
12/09/2020,MOD,CA,AWP,WE,Federal Contract Tower,0,4,26,0,30,0,14,59,0,73,0,18,85,0,103,38,0,38,141
12/10/2020,MOD,CA,AWP,WE,Federal Contract Tower,0,5,22,0,27,0,19,60,0,79,0,24,82,0,106,32,0,32,138
12/11/2020,MOD,CA,AWP,WE,Federal Contract Tower,0,13,11,0,24,0,20,48,0,68,0,33,59,0,92,8,0,8,100
12/12/2020,MOD,CA,AWP,WE,Federal Contract Tower,0,8,29,0,37,0,6,0,0,6,0,14,29,0,43,0,0,0,43
12/13/2020,MOD,CA,AWP,WE,Federal Contract Tower,0,10,7,0,17,0,0,0,0,0,0,10,7,0,17,0,0,0,17
12/14/2020,MOD,CA,AWP,WE,Federal Contract Tower,0,7,20,0,27,0,9,44,0,53,0,16,64,0,80,32,0,32,112
12/15/2020,MOD,CA,AWP,WE,Federal Contract Tower,0,1,22,0,23,0,9,49,0,58,0,10,71,0,81,4,0,4,85
12/16/2020,MOD,CA,AWP,WE,Federal Contract Tower,0,1,27,0,28,0,6,32,0,38,0,7,59,0,66,18,0,18,84
12/17/2020,MOD,CA,AWP,WE,Federal Contract Tower,0,10,25,0,35,0,15,19,0,34,0,25,44,0,69,32,0,32,101
12/18/2020,MOD,CA,AWP,WE,Federal Contract Tower,0,7,15,0,22,0,18,64,0,82,0,25,79,0,104,54,0,54,158
12/19/2020,MOD,CA,AWP,WE,Federal Contract Tower,0,2,29,0,31,0,11,18,0,29,0,13,47,0,60,8,0,8,68
12/20/2020,MOD,CA,AWP,WE,Federal Contract Tower,0,11,25,0,36,0,2,7,0,9,0,13,32,0,45,12,0,12,57
12/21/2020,MOD,CA,AWP,WE,Federal Contract Tower,0,12,24,0,36,0,0,0,0,0,0,12,24,0,36,0,0,0,36
12/22/2020,MOD,CA,AWP,WE,Federal Contract Tower,0,15,38,0,53,0,3,4,0,7,0,18,42,0,60,4,0,4,64
12/23/2020,MOD,CA,AWP,WE,Federal Contract Tower,0,5,28,0,33,0,3,19,0,22,0,8,47,0,55,18,0,18,73
12/24/2020,MOD,CA,AWP,WE,Federal Contract Tower,0,1,13,0,14,0,5,6,0,11,0,6,19,0,25,4,0,4,29
12/25/2020,MOD,CA,AWP,WE,Federal Contract Tower,0,0,1,0,1,0,11,8,0,19,0,11,9,0,20,0,0,0,20
12/26/2020,MOD,CA,AWP,WE,Federal Contract Tower,0,6,13,0,19,0,22,32,0,54,0,28,45,0,73,36,0,36,109
12/27/2020,MOD,CA,AWP,WE,Federal Contract Tower,0,14,6,0,20,0,16,20,0,36,0,30,26,0,56,0,0,0,56
12/28/2020,MOD,CA,AWP,WE,Federal Contract Tower,0,3,26,0,29,0,14,38,2,54,0,17,64,2,83,54,0,54,137
12/29/2020,MOD,CA,AWP,WE,Federal Contract Tower,0,6,24,0,30,0,10,51,0,61,0,16,75,0,91,52,0,52,143
12/30/2020,MOD,CA,AWP,WE,Federal Contract Tower,0,2,23,0,25,0,7,34,0,41,0,9,57,0,66,14,0,14,80
12/31/2020,MOD,CA,AWP,WE,Federal Contract Tower,0,7,12,0,19,0,20,9,0,29,0,27,21,0,48,2,0,2,50
01/01/2021,MOD,CA,AWP,WE,Federal Contract Tower,0,5,5,0,10,0,20,8,0,28,0,25,13,0,38,4,0,4,42
01/02/2021,MOD,CA,AWP,WE,Federal Contract Tower,0,14,6,0,20,0,17,20,0,37,0,31,26,0,57,60,0,60,117
01/03/2021,MOD,CA,AWP,WE,Federal Contract Tower,0,9,10,0,19,0,26,27,0,53,0,35,37,0,72,8,0,8,80
01/04/2021,MOD,CA,AWP,WE,Federal Contract Tower,0,9,9,0,18,0,13,8,0,21,0,22,17,0,39,10,0,10,49
01/05/2021,MOD,CA,AWP,WE,Federal Contract Tower,0,0,23,0,23,0,11,32,0,43,0,11,55,0,66,44,0,44,110
01/06/2021,MOD,CA,AWP,WE,Federal Contract Tower,0,4,7,0,11,0,15,35,2,52,0,19,42,2,63,6,0,6,69
01/07/2021,MOD,CA,AWP,WE,Federal Contract Tower,0,8,13,0,21,0,14,7,0,21,0,22,20,0,42,10,0,10,52
01/08/2021,MOD,CA,AWP,WE,Federal Contract Tower,0,7,10,0,17,0,16,9,0,25,0,23,19,0,42,8,0,8,50
01/09/2021,MOD,CA,AWP,WE,Federal Contract Tower,0,8,20,0,28,0,30,35,0,65,0,38,55,0,93,88,0,88,181
01/10/2021,MOD,CA,AWP,WE,Federal Contract Tower,0,5,16,0,21,0,10,15,0,25,0,15,31,0,46,6,0,6,52
01/11/2021,MOD,CA,AWP,WE,Federal Contract Tower,0,2,15,0,17,0,10,12,0,22,0,12,27,0,39,10,0,10,49
01/12/2021,MOD,CA,AWP,WE,Federal Contract Tower,0,8,13,0,21,0,9,9,0,18,0,17,22,0,39,42,0,42,81
01/13/2021,MOD,CA,AWP,WE,Federal Contract Tower,0,3,9,0,12,0,9,37,0,46,0,12,46,0,58,12,0,12,70
01/14/2021,MOD,CA,AWP,WE,Federal Contract Tower,0,6,21,0,27,0,7,21,0,28,0,13,42,0,55,20,0,20,75
01/15/2021,MOD,CA,AWP,WE,Federal Contract Tower,0,13,17,0,30,0,14,27,0,41,0,27,44,0,71,4,0,4,75
01/16/2021,MOD,CA,AWP,WE,Federal Contract Tower,0,3,28,0,31,0,10,29,0,39,0,13,57,0,70,42,0,42,112
01/17/2021,MOD,CA,AWP,WE,Federal Contract Tower,0,6,9,0,15,0,26,30,0,56,0,32,39,0,71,8,0,8,79
01/18/2021,MOD,CA,AWP,WE,Federal Contract Tower,0,4,1,0,5,0,9,14,0,23,0,13,15,0,28,8,0,8,36
01/19/2021,MOD,CA,AWP,WE,Federal Contract Tower,0,8,1,0,9,0,7,7,0,14,0,15,8,0,23,10,0,10,33
01/20/2021,MOD,CA,AWP,WE,Federal Contract Tower,0,2,4,0,6,0,11,71,0,82,0,13,75,0,88,74,0,74,162
01/21/2021,MOD,CA,AWP,WE,Federal Contract Tower,0,5,15,0,20,0,21,45,0,66,0,26,60,0,86,54,0,54,140
01/22/2021,MOD,CA,AWP,WE,Federal Contract Tower,0,0,5,0,5,0,14,16,0,30,0,14,21,0,35,0,0,0,35
01/23/2021,MOD,CA,AWP,WE,Federal Contract Tower,0,8,36,0,44,0,13,27,0,40,0,21,63,0,84,18,0,18,102
01/24/2021,MOD,CA,AWP,WE,Federal Contract Tower,0,4,6,0,10,0,14,14,0,28,0,18,20,0,38,8,0,8,46
01/25/2021,MOD,CA,AWP,WE,Federal Contract Tower,0,7,5,0,12,0,23,5,0,28,0,30,10,0,40,8,0,8,48
01/26/2021,MOD,CA,AWP,WE,Federal Contract Tower,0,1,19,2,22,0,15,26,2,43,0,16,45,4,65,10,0,10,75
01/27/2021,MOD,CA,AWP,WE,Federal Contract Tower,0,3,4,0,7,0,2,3,0,5,0,5,7,0,12,0,0,0,12
01/28/2021,MOD,CA,AWP,WE,Federal Contract Tower,0,8,15,0,23,0,6,2,0,8,0,14,17,0,31,0,0,0,31
01/29/2021,MOD,CA,AWP,WE,Federal Contract Tower,0,10,11,0,21,0,20,23,0,43,0,30,34,0,64,12,0,12,76
01/30/2021,MOD,CA,AWP,WE,Federal Contract Tower,0,6,17,0,23,0,10,58,0,68,0,16,75,0,91,76,0,76,167
01/31/2021,MOD,CA,AWP,WE,Federal Contract Tower,0,4,18,0,22,0,20,33,0,53,0,24,51,0,75,24,0,24,99
02/01/2021,MOD,CA,AWP,WE,Federal Contract Tower,0,15,14,0,29,0,21,16,0,37,0,36,30,0,66,32,0,32,98
02/02/2021,MOD,CA,AWP,WE,Federal Contract Tower,0,19,3,0,22,0,6,7,0,13,0,25,10,0,35,12,0,12,47
02/03/2021,MOD,CA,AWP,WE,Federal Contract Tower,0,4,12,2,18,0,14,58,0,72,0,18,70,2,90,44,0,44,134
02/04/2021,MOD,CA,AWP,WE,Federal Contract Tower,0,7,26,0,33,0,13,73,0,86,0,20,99,0,119,40,0,40,159
02/05/2021,MOD,CA,AWP,WE,Federal Contract Tower,0,1,12,0,13,0,38,72,0,110,0,39,84,0,123,30,0,30,153
02/06/2021,MOD,CA,AWP,WE,Federal Contract Tower,0,7,20,0,27,0,13,103,0,116,0,20,123,0,143,88,0,88,231
02/07/2021,MOD,CA,AWP,WE,Federal Contract Tower,0,0,15,0,15,0,24,41,0,65,0,24,56,0,80,32,0,32,112
02/08/2021,MOD,CA,AWP,WE,Federal Contract Tower,0,5,16,0,21,0,13,24,0,37,0,18,40,0,58,34,0,34,92
02/09/2021,MOD,CA,AWP,WE,Federal Contract Tower,0,7,22,2,31,0,28,33,0,61,0,35,55,2,92,40,0,40,132
02/10/2021,MOD,CA,AWP,WE,Federal Contract Tower,0,11,25,0,36,0,5,82,0,87,0,16,107,0,123,38,0,38,161
02/11/2021,MOD,CA,AWP,WE,Federal Contract Tower,0,6,17,0,23,0,17,19,0,36,0,23,36,0,59,8,0,8,67
02/12/2021,MOD,CA,AWP,WE,Federal Contract Tower,0,12,11,0,23,0,24,40,0,64,0,36,51,0,87,44,0,44,131
02/13/2021,MOD,CA,AWP,WE,Federal Contract Tower,0,5,18,0,23,0,9,21,0,30,0,14,39,0,53,36,0,36,89
02/14/2021,MOD,CA,AWP,WE,Federal Contract Tower,0,0,20,0,20,0,24,19,0,43,0,24,39,0,63,14,0,14,77
02/15/2021,MOD,CA,AWP,WE,Federal Contract Tower,0,8,11,0,19,0,14,11,0,25,0,22,22,0,44,8,0,8,52
02/16/2021,MOD,CA,AWP,WE,Federal Contract Tower,0,2,15,2,19,0,15,36,0,51,0,17,51,2,70,6,0,6,76
02/17/2021,MOD,CA,AWP,WE,Federal Contract Tower,0,3,10,0,13,0,9,40,14,63,0,12,50,14,76,30,0,30,106
02/18/2021,MOD,CA,AWP,WE,Federal Contract Tower,0,2,8,0,10,0,29,52,7,88,0,31,60,7,98,46,0,46,144
02/19/2021,MOD,CA,AWP,WE,Federal Contract Tower,0,5,15,0,20,0,22,20,0,42,0,27,35,0,62,8,0,8,70
02/20/2021,MOD,CA,AWP,WE,Federal Contract Tower,0,2,15,0,17,0,14,37,0,51,0,16,52,0,68,6,0,6,74
02/21/2021,MOD,CA,AWP,WE,Federal Contract Tower,0,2,21,0,23,0,16,59,0,75,0,18,80,0,98,44,0,44,142
02/22/2021,MOD,CA,AWP,WE,Federal Contract Tower,0,9,10,0,19,0,20,75,0,95,0,29,85,0,114,56,0,56,170
02/23/2021,MOD,CA,AWP,WE,Federal Contract Tower,0,7,18,0,25,0,19,37,0,56,0,26,55,0,81,22,0,22,103
02/24/2021,MOD,CA,AWP,WE,Federal Contract Tower,0,4,11,0,15,0,10,30,0,40,0,14,41,0,55,4,0,4,59
02/25/2021,MOD,CA,AWP,WE,Federal Contract Tower,0,8,43,0,51,0,33,43,0,76,0,41,86,0,127,28,0,28,155
02/26/2021,MOD,CA,AWP,WE,Federal Contract Tower,0,8,24,0,32,0,22,72,0,94,0,30,96,0,126,30,0,30,156
02/27/2021,MOD,CA,AWP,WE,Federal Contract Tower,0,1,22,0,23,0,13,28,0,41,0,14,50,0,64,28,0,28,92
02/28/2021,MOD,CA,AWP,WE,Federal Contract Tower,0,3,14,0,17,0,29,60,0,89,0,32,74,0,106,38,0,38,144
03/01/2021,MOD,CA,AWP,WE,Federal Contract Tower,0,1,18,0,19,0,27,48,0,75,0,28,66,0,94,28,0,28,122
03/02/2021,MOD,CA,AWP,WE,Federal Contract Tower,0,7,15,0,22,0,24,35,0,59,0,31,50,0,81,16,0,16,97
03/03/2021,MOD,CA,AWP,WE,Federal Contract Tower,0,7,27,0,34,0,7,64,0,71,0,14,91,0,105,22,0,22,127
03/04/2021,MOD,CA,AWP,WE,Federal Contract Tower,0,9,22,0,31,0,31,63,0,94,0,40,85,0,125,32,0,32,157
03/05/2021,MOD,CA,AWP,WE,Federal Contract Tower,0,2,24,0,26,0,15,61,0,76,0,17,85,0,102,38,0,38,140
03/06/2021,MOD,CA,AWP,WE,Federal Contract Tower,0,2,15,0,17,0,29,33,0,62,0,31,48,0,79,24,0,24,103
03/07/2021,MOD,CA,AWP,WE,Federal Contract Tower,0,3,33,0,36,0,32,46,0,78,0,35,79,0,114,48,0,48,162
03/08/2021,MOD,CA,AWP,WE,Federal Contract Tower,0,7,36,0,43,0,28,28,0,56,0,35,64,0,99,16,0,16,115
03/09/2021,MOD,CA,AWP,WE,Federal Contract Tower,0,3,23,0,26,0,7,15,0,22,0,10,38,0,48,20,0,20,68
03/10/2021,MOD,CA,AWP,WE,Federal Contract Tower,0,12,8,0,20,0,7,1,0,8,0,19,9,0,28,0,0,0,28
03/11/2021,MOD,CA,AWP,WE,Federal Contract Tower,0,8,14,0,22,0,13,48,0,61,0,21,62,0,83,26,0,26,109
03/12/2021,MOD,CA,AWP,WE,Federal Contract Tower,0,8,40,0,48,0,37,66,0,103,0,45,106,0,151,44,0,44,195
03/13/2021,MOD,CA,AWP,WE,Federal Contract Tower,0,3,21,0,24,0,22,59,0,81,0,25,80,0,105,78,0,78,183
03/14/2021,MOD,CA,AWP,WE,Federal Contract Tower,0,4,11,0,15,0,14,18,0,32,0,18,29,0,47,30,0,30,77
03/15/2021,MOD,CA,AWP,WE,Federal Contract Tower,0,6,2,0,8,0,20,7,0,27,0,26,9,0,35,2,0,2,37
03/16/2021,MOD,CA,AWP,WE,Federal Contract Tower,0,7,26,0,33,0,21,52,0,73,0,28,78,0,106,70,0,70,176
03/17/2021,MOD,CA,AWP,WE,Federal Contract Tower,0,6,14,0,20,0,17,60,0,77,0,23,74,0,97,38,0,38,135
03/18/2021,MOD,CA,AWP,WE,Federal Contract Tower,0,6,7,0,13,0,11,9,0,20,0,17,16,0,33,26,0,26,59
03/19/2021,MOD,CA,AWP,WE,Federal Contract Tower,0,14,28,4,46,0,21,25,0,46,0,35,53,4,92,12,0,12,104
03/20/2021,MOD,CA,AWP,WE,Federal Contract Tower,0,6,33,0,39,0,25,51,0,76,0,31,84,0,115,18,0,18,133
03/21/2021,MOD,CA,AWP,WE,Federal Contract Tower,0,2,36,0,38,0,27,48,0,75,0,29,84,0,113,28,0,28,141
03/22/2021,MOD,CA,AWP,WE,Federal Contract Tower,0,4,43,0,47,0,15,61,0,76,0,19,104,0,123,36,0,36,159
03/23/2021,MOD,CA,AWP,WE,Federal Contract Tower,0,5,3,0,8,0,13,19,0,32,0,18,22,0,40,6,0,6,46
03/24/2021,MOD,CA,AWP,WE,Federal Contract Tower,0,7,16,0,23,0,11,40,0,51,0,18,56,0,74,32,0,32,106
03/25/2021,MOD,CA,AWP,WE,Federal Contract Tower,0,4,18,0,22,0,16,67,0,83,0,20,85,0,105,34,0,34,139
03/26/2021,MOD,CA,AWP,WE,Federal Contract Tower,0,14,26,0,40,0,16,49,0,65,0,30,75,0,105,28,0,28,133
03/27/2021,MOD,CA,AWP,WE,Federal Contract Tower,0,1,21,0,22,0,7,55,0,62,0,8,76,0,84,30,0,30,114
03/28/2021,MOD,CA,AWP,WE,Federal Contract Tower,0,6,12,0,18,0,26,64,0,90,0,32,76,0,108,66,0,66,174
03/29/2021,MOD,CA,AWP,WE,Federal Contract Tower,0,7,19,0,26,0,21,33,0,54,0,28,52,0,80,10,0,10,90
03/30/2021,MOD,CA,AWP,WE,Federal Contract Tower,0,3,38,0,41,0,27,41,0,68,0,30,79,0,109,28,0,28,137
03/31/2021,MOD,CA,AWP,WE,Federal Contract Tower,0,6,42,0,48,0,15,70,0,85,0,21,112,0,133,38,0,38,171
04/01/2021,MOD,CA,AWP,WE,Federal Contract Tower,0,5,34,4,43,0,29,44,0,73,0,34,78,4,116,10,0,10,126
04/02/2021,MOD,CA,AWP,WE,Federal Contract Tower,0,12,20,0,32,0,29,47,0,76,0,41,67,0,108,28,0,28,136
04/03/2021,MOD,CA,AWP,WE,Federal Contract Tower,0,14,12,0,26,0,14,50,0,64,0,28,62,0,90,20,0,20,110
04/04/2021,MOD,CA,AWP,WE,Federal Contract Tower,0,5,22,0,27,0,21,20,0,41,0,26,42,0,68,18,0,18,86
04/05/2021,MOD,CA,AWP,WE,Federal Contract Tower,0,8,17,0,25,0,31,39,0,70,0,39,56,0,95,30,0,30,125
04/06/2021,MOD,CA,AWP,WE,Federal Contract Tower,0,13,30,0,43,0,27,52,0,79,0,40,82,0,122,50,0,50,172
04/07/2021,MOD,CA,AWP,WE,Federal Contract Tower,0,7,44,0,51,0,18,78,0,96,0,25,122,0,147,28,0,28,175
04/08/2021,MOD,CA,AWP,WE,Federal Contract Tower,0,5,12,0,17,0,28,55,0,83,0,33,67,0,100,36,0,36,136
04/09/2021,MOD,CA,AWP,WE,Federal Contract Tower,0,10,25,0,35,0,36,70,0,106,0,46,95,0,141,16,0,16,157
04/10/2021,MOD,CA,AWP,WE,Federal Contract Tower,0,7,25,0,32,0,31,49,0,80,0,38,74,0,112,66,0,66,178
04/11/2021,MOD,CA,AWP,WE,Federal Contract Tower,0,6,19,0,25,0,20,51,0,71,0,26,70,0,96,44,0,44,140
04/12/2021,MOD,CA,AWP,WE,Federal Contract Tower,0,4,19,0,23,0,21,55,0,76,0,25,74,0,99,60,0,60,159
04/13/2021,MOD,CA,AWP,WE,Federal Contract Tower,0,8,12,0,20,0,16,45,0,61,0,24,57,0,81,12,0,12,93
04/14/2021,MOD,CA,AWP,WE,Federal Contract Tower,0,6,27,0,33,0,10,85,0,95,0,16,112,0,128,64,0,64,192
04/15/2021,MOD,CA,AWP,WE,Federal Contract Tower,0,8,24,2,34,0,32,42,0,74,0,40,66,2,108,40,0,40,148
04/16/2021,MOD,CA,AWP,WE,Federal Contract Tower,0,5,10,0,15,0,25,55,0,80,0,30,65,0,95,8,0,8,103
04/17/2021,MOD,CA,AWP,WE,Federal Contract Tower,0,4,17,0,21,0,34,59,0,93,0,38,76,0,114,36,0,36,150
04/18/2021,MOD,CA,AWP,WE,Federal Contract Tower,0,2,6,0,8,0,35,32,0,67,0,37,38,0,75,56,0,56,131
04/19/2021,MOD,CA,AWP,WE,Federal Contract Tower,0,1,22,0,23,0,26,37,0,63,0,27,59,0,86,16,0,16,102
04/20/2021,MOD,CA,AWP,WE,Federal Contract Tower,0,3,38,0,41,0,27,35,0,62,0,30,73,0,103,4,0,4,107
04/21/2021,MOD,CA,AWP,WE,Federal Contract Tower,0,5,21,0,26,0,15,45,0,60,0,20,66,0,86,2,0,2,88
04/22/2021,MOD,CA,AWP,WE,Federal Contract Tower,0,5,28,0,33,0,22,52,0,74,0,27,80,0,107,100,0,100,207
04/23/2021,MOD,CA,AWP,WE,Federal Contract Tower,0,10,21,2,33,0,28,46,0,74,0,38,67,2,107,50,0,50,157
04/24/2021,MOD,CA,AWP,WE,Federal Contract Tower,0,3,30,0,33,0,16,39,0,55,0,19,69,0,88,48,0,48,136
04/25/2021,MOD,CA,AWP,WE,Federal Contract Tower,0,11,6,0,17,0,30,16,0,46,0,41,22,0,63,28,0,28,91
04/26/2021,MOD,CA,AWP,WE,Federal Contract Tower,0,9,15,2,26,0,22,18,0,40,0,31,33,2,66,40,0,40,106
04/27/2021,MOD,CA,AWP,WE,Federal Contract Tower,0,7,15,0,22,0,21,47,0,68,0,28,62,0,90,20,0,20,110
04/28/2021,MOD,CA,AWP,WE,Federal Contract Tower,0,3,20,0,23,0,12,68,0,80,0,15,88,0,103,16,0,16,119
04/29/2021,MOD,CA,AWP,WE,Federal Contract Tower,0,6,30,0,36,0,38,40,1,79,0,44,70,1,115,32,0,32,147
04/30/2021,MOD,CA,AWP,WE,Federal Contract Tower,0,4,33,0,37,0,27,44,0,71,0,31,77,0,108,22,0,22,130
05/01/2021,MOD,CA,AWP,WE,Federal Contract Tower,0,6,30,0,36,0,15,42,0,57,0,21,72,0,93,22,0,22,115
05/02/2021,MOD,CA,AWP,WE,Federal Contract Tower,0,7,6,0,13,0,17,27,0,44,0,24,33,0,57,8,0,8,65
05/03/2021,MOD,CA,AWP,WE,Federal Contract Tower,0,7,24,0,31,0,25,27,0,52,0,32,51,0,83,30,0,30,113
05/04/2021,MOD,CA,AWP,WE,Federal Contract Tower,0,12,16,0,28,0,22,42,0,64,0,34,58,0,92,32,0,32,124
05/05/2021,MOD,CA,AWP,WE,Federal Contract Tower,0,3,19,0,22,0,8,62,0,70,0,11,81,0,92,20,0,20,112
05/06/2021,MOD,CA,AWP,WE,Federal Contract Tower,0,6,28,0,34,0,35,35,0,70,0,41,63,0,104,44,0,44,148
05/07/2021,MOD,CA,AWP,WE,Federal Contract Tower,0,3,12,0,15,0,22,49,0,71,0,25,61,0,86,10,0,10,96
05/08/2021,MOD,CA,AWP,WE,Federal Contract Tower,0,0,11,0,11,0,23,41,0,64,0,23,52,0,75,26,0,26,101
05/09/2021,MOD,CA,AWP,WE,Federal Contract Tower,0,2,4,0,6,0,25,32,0,57,0,27,36,0,63,4,0,4,67
05/10/2021,MOD,CA,AWP,WE,Federal Contract Tower,0,7,7,0,14,0,18,19,0,37,0,25,26,0,51,2,0,2,53
05/11/2021,MOD,CA,AWP,WE,Federal Contract Tower,0,6,12,0,18,0,18,50,0,68,0,24,62,0,86,26,0,26,112
05/12/2021,MOD,CA,AWP,WE,Federal Contract Tower,0,6,17,2,25,0,17,61,0,78,0,23,78,2,103,26,0,26,129
05/13/2021,MOD,CA,AWP,WE,Federal Contract Tower,0,13,27,0,40,0,28,37,0,65,0,41,64,0,105,32,0,32,137
05/14/2021,MOD,CA,AWP,WE,Federal Contract Tower,0,9,6,0,15,0,23,38,0,61,0,32,44,0,76,22,0,22,98
05/15/2021,MOD,CA,AWP,WE,Federal Contract Tower,0,5,32,0,37,0,24,30,0,54,0,29,62,0,91,40,0,40,131
05/16/2021,MOD,CA,AWP,WE,Federal Contract Tower,0,8,23,0,31,0,26,39,0,65,0,34,62,0,96,6,0,6,102
05/17/2021,MOD,CA,AWP,WE,Federal Contract Tower,0,8,15,0,23,0,36,24,0,60,0,44,39,0,83,2,0,2,85
05/18/2021,MOD,CA,AWP,WE,Federal Contract Tower,0,3,42,0,45,0,24,29,0,53,0,27,71,0,98,4,0,4,102
05/19/2021,MOD,CA,AWP,WE,Federal Contract Tower,0,3,22,0,25,0,14,36,0,50,0,17,58,0,75,24,0,24,99
05/20/2021,MOD,CA,AWP,WE,Federal Contract Tower,0,15,22,0,37,0,18,25,0,43,0,33,47,0,80,8,0,8,88
05/21/2021,MOD,CA,AWP,WE,Federal Contract Tower,0,10,11,0,21,0,34,36,0,70,0,44,47,0,91,30,0,30,121
05/22/2021,MOD,CA,AWP,WE,Federal Contract Tower,0,2,23,0,25,0,15,39,0,54,0,17,62,0,79,30,0,30,109
05/23/2021,MOD,CA,AWP,WE,Federal Contract Tower,0,11,14,0,25,0,17,41,0,58,0,28,55,0,83,18,0,18,101
05/24/2021,MOD,CA,AWP,WE,Federal Contract Tower,0,14,4,0,18,0,27,29,0,56,0,41,33,0,74,2,0,2,76
05/25/2021,MOD,CA,AWP,WE,Federal Contract Tower,0,12,29,0,41,0,9,41,0,50,0,21,70,0,91,8,0,8,99
05/26/2021,MOD,CA,AWP,WE,Federal Contract Tower,0,9,30,4,43,0,6,60,0,66,0,15,90,4,109,38,0,38,147
05/27/2021,MOD,CA,AWP,WE,Federal Contract Tower,0,11,48,0,59,0,43,42,0,85,0,54,90,0,144,26,0,26,170
05/28/2021,MOD,CA,AWP,WE,Federal Contract Tower,0,11,13,0,24,0,24,56,0,80,0,35,69,0,104,0,0,0,104
05/29/2021,MOD,CA,AWP,WE,Federal Contract Tower,0,4,25,0,29,0,22,19,0,41,0,26,44,0,70,38,0,38,108
05/30/2021,MOD,CA,AWP,WE,Federal Contract Tower,0,6,22,0,28,0,19,30,0,49,0,25,52,0,77,14,0,14,91
05/31/2021,MOD,CA,AWP,WE,Federal Contract Tower,0,5,16,0,21,0,22,38,0,60,0,27,54,0,81,32,0,32,113
06/01/2021,MOD,CA,AWP,WE,Federal Contract Tower,0,9,23,0,32,0,13,17,0,30,0,22,40,0,62,0,0,0,62
06/02/2021,MOD,CA,AWP,WE,Federal Contract Tower,0,8,11,1,20,0,6,43,1,50,0,14,54,2,70,16,0,16,86
06/03/2021,MOD,CA,AWP,WE,Federal Contract Tower,0,11,23,0,34,0,19,23,0,42,0,30,46,0,76,4,0,4,80
06/04/2021,MOD,CA,AWP,WE,Federal Contract Tower,0,6,14,0,20,0,32,61,0,93,0,38,75,0,113,64,0,64,177
06/05/2021,MOD,CA,AWP,WE,Federal Contract Tower,0,4,19,0,23,0,9,41,0,50,0,13,60,0,73,18,0,18,91
06/06/2021,MOD,CA,AWP,WE,Federal Contract Tower,0,16,31,0,47,0,23,30,0,53,0,39,61,0,100,16,0,16,116
06/07/2021,MOD,CA,AWP,WE,Federal Contract Tower,0,5,20,0,25,0,20,32,0,52,0,25,52,0,77,42,0,42,119
06/08/2021,MOD,CA,AWP,WE,Federal Contract Tower,0,5,25,0,30,0,28,35,0,63,0,33,60,0,93,28,0,28,121
06/09/2021,MOD,CA,AWP,WE,Federal Contract Tower,0,5,11,0,16,0,11,30,0,41,0,16,41,0,57,70,0,70,127
06/10/2021,MOD,CA,AWP,WE,Federal Contract Tower,0,14,19,0,33,0,18,46,0,64,0,32,65,0,97,38,0,38,135
06/11/2021,MOD,CA,AWP,WE,Federal Contract Tower,0,11,7,0,18,0,23,33,0,56,0,34,40,0,74,24,0,24,98
06/12/2021,MOD,CA,AWP,WE,Federal Contract Tower,0,7,21,0,28,0,14,35,0,49,0,21,56,0,77,16,0,16,93
06/13/2021,MOD,CA,AWP,WE,Federal Contract Tower,0,21,25,0,46,0,21,43,0,64,0,42,68,0,110,8,0,8,118
06/14/2021,MOD,CA,AWP,WE,Federal Contract Tower,0,4,21,0,25,0,33,40,0,73,0,37,61,0,98,26,0,26,124
06/15/2021,MOD,CA,AWP,WE,Federal Contract Tower,0,9,14,0,23,0,14,38,0,52,0,23,52,0,75,26,0,26,101
06/16/2021,MOD,CA,AWP,WE,Federal Contract Tower,0,6,5,0,11,0,16,45,0,61,0,22,50,0,72,72,0,72,144
06/17/2021,MOD,CA,AWP,WE,Federal Contract Tower,0,8,3,0,11,0,22,62,0,84,0,30,65,0,95,52,0,52,147
06/18/2021,MOD,CA,AWP,WE,Federal Contract Tower,0,8,11,0,19,0,45,39,0,84,0,53,50,0,103,32,0,32,135
06/19/2021,MOD,CA,AWP,WE,Federal Contract Tower,0,5,11,0,16,0,22,65,0,87,0,27,76,0,103,18,0,18,121
06/20/2021,MOD,CA,AWP,WE,Federal Contract Tower,0,3,9,0,12,0,33,26,0,59,0,36,35,0,71,10,0,10,81
06/21/2021,MOD,CA,AWP,WE,Federal Contract Tower,0,8,20,0,28,0,24,45,0,69,0,32,65,0,97,22,0,22,119
06/22/2021,MOD,CA,AWP,WE,Federal Contract Tower,0,1,12,12,25,0,29,58,0,87,0,30,70,12,112,22,0,22,134
06/23/2021,MOD,CA,AWP,WE,Federal Contract Tower,0,6,25,0,31,0,18,58,0,76,0,24,83,0,107,10,0,10,117
06/24/2021,MOD,CA,AWP,WE,Federal Contract Tower,0,15,15,0,30,0,15,48,0,63,0,30,63,0,93,56,0,56,149
06/25/2021,MOD,CA,AWP,WE,Federal Contract Tower,0,7,17,1,25,0,18,62,0,80,0,25,79,1,105,18,0,18,123
06/26/2021,MOD,CA,AWP,WE,Federal Contract Tower,0,3,19,0,22,0,6,49,0,55,0,9,68,0,77,52,0,52,129
06/27/2021,MOD,CA,AWP,WE,Federal Contract Tower,0,2,8,0,10,0,25,40,0,65,0,27,48,0,75,22,2,24,99
06/28/2021,MOD,CA,AWP,WE,Federal Contract Tower,0,5,19,0,24,0,29,33,0,62,0,34,52,0,86,38,0,38,124
06/29/2021,MOD,CA,AWP,WE,Federal Contract Tower,0,4,9,0,13,0,28,34,0,62,0,32,43,0,75,64,0,64,139
06/30/2021,MOD,CA,AWP,WE,Federal Contract Tower,0,2,2,0,4,0,30,72,0,102,0,32,74,0,106,20,0,20,126
07/01/2021,MOD,CA,AWP,WE,Federal Contract Tower,0,2,7,0,9,0,24,36,0,60,0,26,43,0,69,10,0,10,79
07/02/2021,MOD,CA,AWP,WE,Federal Contract Tower,0,5,10,0,15,0,22,63,0,85,0,27,73,0,100,42,0,42,142
07/03/2021,MOD,CA,AWP,WE,Federal Contract Tower,0,1,23,0,24,0,24,44,0,68,0,25,67,0,92,18,0,18,110
07/04/2021,MOD,CA,AWP,WE,Federal Contract Tower,0,4,0,0,4,0,12,44,0,56,0,16,44,0,60,48,0,48,108
07/05/2021,MOD,CA,AWP,WE,Federal Contract Tower,0,7,6,0,13,0,28,44,0,72,0,35,50,0,85,26,0,26,111
07/06/2021,MOD,CA,AWP,WE,Federal Contract Tower,0,4,14,0,18,0,31,68,0,99,0,35,82,0,117,22,0,22,139
07/07/2021,MOD,CA,AWP,WE,Federal Contract Tower,0,4,15,0,19,0,33,67,0,100,0,37,82,0,119,56,0,56,175
07/08/2021,MOD,CA,AWP,WE,Federal Contract Tower,0,7,7,2,16,0,34,65,0,99,0,41,72,2,115,36,0,36,151
07/09/2021,MOD,CA,AWP,WE,Federal Contract Tower,0,7,16,0,23,0,28,68,0,96,0,35,84,0,119,20,0,20,139
07/10/2021,MOD,CA,AWP,WE,Federal Contract Tower,0,1,5,0,6,0,11,66,0,77,0,12,71,0,83,12,0,12,95
07/11/2021,MOD,CA,AWP,WE,Federal Contract Tower,0,9,4,0,13,0,21,46,0,67,0,30,50,0,80,42,0,42,122
07/12/2021,MOD,CA,AWP,WE,Federal Contract Tower,0,8,6,0,14,0,14,43,0,57,0,22,49,0,71,26,0,26,97
07/13/2021,MOD,CA,AWP,WE,Federal Contract Tower,0,6,8,0,14,0,23,70,0,93,0,29,78,0,107,44,0,44,151
07/14/2021,MOD,CA,AWP,WE,Federal Contract Tower,0,6,11,0,17,0,14,65,0,79,0,20,76,0,96,10,0,10,106
07/15/2021,MOD,CA,AWP,WE,Federal Contract Tower,0,8,6,0,14,0,25,68,0,93,0,33,74,0,107,30,0,30,137
07/16/2021,MOD,CA,AWP,WE,Federal Contract Tower,0,6,12,0,18,0,29,70,0,99,0,35,82,0,117,42,0,42,159
07/17/2021,MOD,CA,AWP,WE,Federal Contract Tower,0,2,11,0,13,0,29,59,0,88,0,31,70,0,101,56,0,56,157
07/18/2021,MOD,CA,AWP,WE,Federal Contract Tower,0,3,5,0,8,0,30,26,0,56,0,33,31,0,64,38,0,38,102
07/19/2021,MOD,CA,AWP,WE,Federal Contract Tower,0,6,17,0,23,0,37,14,0,51,0,43,31,0,74,34,0,34,108
07/20/2021,MOD,CA,AWP,WE,Federal Contract Tower,0,11,19,0,30,0,26,49,0,75,0,37,68,0,105,58,0,58,163
07/21/2021,MOD,CA,AWP,WE,Federal Contract Tower,0,11,20,0,31,0,34,55,0,89,0,45,75,0,120,20,0,20,140
07/22/2021,MOD,CA,AWP,WE,Federal Contract Tower,0,4,12,0,16,0,14,44,0,58,0,18,56,0,74,36,0,36,110
07/23/2021,MOD,CA,AWP,WE,Federal Contract Tower,0,5,5,0,10,0,16,64,0,80,0,21,69,0,90,18,0,18,108
07/24/2021,MOD,CA,AWP,WE,Federal Contract Tower,0,3,14,0,17,0,9,61,0,70,0,12,75,0,87,30,0,30,117
07/25/2021,MOD,CA,AWP,WE,Federal Contract Tower,0,8,12,0,20,0,23,37,0,60,0,31,49,0,80,34,0,34,114
07/26/2021,MOD,CA,AWP,WE,Federal Contract Tower,0,7,12,0,19,0,37,44,0,81,0,44,56,0,100,10,0,10,110
07/27/2021,MOD,CA,AWP,WE,Federal Contract Tower,0,1,38,0,39,0,19,49,0,68,0,20,87,0,107,19,0,19,126
07/28/2021,MOD,CA,AWP,WE,Federal Contract Tower,0,8,8,0,16,0,13,28,0,41,0,21,36,0,57,18,0,18,75
07/29/2021,MOD,CA,AWP,WE,Federal Contract Tower,0,11,22,0,33,0,13,68,0,81,0,24,90,0,114,56,0,56,170
07/30/2021,MOD,CA,AWP,WE,Federal Contract Tower,0,6,15,0,21,0,21,50,0,71,0,27,65,0,92,8,0,8,100
07/31/2021,MOD,CA,AWP,WE,Federal Contract Tower,0,3,7,0,10,0,28,45,0,73,0,31,52,0,83,30,0,30,113
08/01/2021,MOD,CA,AWP,WE,Federal Contract Tower,0,6,6,0,12,0,36,38,0,74,0,42,44,0,86,4,0,4,90
08/02/2021,MOD,CA,AWP,WE,Federal Contract Tower,0,5,15,0,20,0,39,47,0,86,0,44,62,0,106,22,0,22,128
08/03/2021,MOD,CA,AWP,WE,Federal Contract Tower,0,4,0,0,4,0,13,48,0,61,0,17,48,0,65,16,0,16,81
08/04/2021,MOD,CA,AWP,WE,Federal Contract Tower,0,2,10,0,12,0,33,55,0,88,0,35,65,0,100,4,0,4,104
08/05/2021,MOD,CA,AWP,WE,Federal Contract Tower,0,8,26,0,34,0,12,47,0,59,0,20,73,0,93,10,0,10,103
08/06/2021,MOD,CA,AWP,WE,Federal Contract Tower,0,9,9,0,18,0,24,38,0,62,0,33,47,0,80,16,0,16,96
08/07/2021,MOD,CA,AWP,WE,Federal Contract Tower,0,5,8,0,13,0,4,14,0,18,0,9,22,0,31,4,0,4,35
08/08/2021,MOD,CA,AWP,WE,Federal Contract Tower,0,4,2,0,6,0,16,41,0,57,0,20,43,0,63,20,0,20,83
08/09/2021,MOD,CA,AWP,WE,Federal Contract Tower,0,7,14,0,21,0,15,49,0,64,0,22,63,0,85,56,0,56,141
08/10/2021,MOD,CA,AWP,WE,Federal Contract Tower,0,1,7,0,8,0,24,60,0,84,0,25,67,0,92,28,0,28,120
08/11/2021,MOD,CA,AWP,WE,Federal Contract Tower,0,4,35,0,39,0,19,63,0,82,0,23,98,0,121,52,0,52,173
08/12/2021,MOD,CA,AWP,WE,Federal Contract Tower,0,6,27,0,33,0,19,61,0,80,0,25,88,0,113,6,0,6,119
08/13/2021,MOD,CA,AWP,WE,Federal Contract Tower,0,9,15,0,24,0,20,64,0,84,0,29,79,0,108,12,0,12,120
08/14/2021,MOD,CA,AWP,WE,Federal Contract Tower,0,5,11,0,16,0,8,47,0,55,0,13,58,0,71,26,0,26,97
08/15/2021,MOD,CA,AWP,WE,Federal Contract Tower,0,11,12,0,23,0,18,32,0,50,0,29,44,0,73,46,0,46,119
08/16/2021,MOD,CA,AWP,WE,Federal Contract Tower,0,3,8,0,11,0,30,32,0,62,0,33,40,0,73,30,0,30,103
08/17/2021,MOD,CA,AWP,WE,Federal Contract Tower,0,15,21,0,36,0,13,51,0,64,0,28,72,0,100,68,0,68,168
08/18/2021,MOD,CA,AWP,WE,Federal Contract Tower,0,26,32,0,58,0,9,6,0,15,0,35,38,0,73,0,0,0,73
08/19/2021,MOD,CA,AWP,WE,Federal Contract Tower,0,4,11,0,15,0,10,24,0,34,0,14,35,0,49,4,0,4,53
08/20/2021,MOD,CA,AWP,WE,Federal Contract Tower,0,8,38,0,46,0,11,32,0,43,0,19,70,0,89,38,0,38,127
08/21/2021,MOD,CA,AWP,WE,Federal Contract Tower,0,12,8,0,20,0,20,25,0,45,0,32,33,0,65,8,0,8,73
08/22/2021,MOD,CA,AWP,WE,Federal Contract Tower,0,13,4,0,17,0,17,41,0,58,0,30,45,0,75,56,0,56,131
08/23/2021,MOD,CA,AWP,WE,Federal Contract Tower,0,8,17,0,25,0,29,75,0,104,0,37,92,0,129,12,0,12,141
08/24/2021,MOD,CA,AWP,WE,Federal Contract Tower,0,8,21,0,29,0,30,52,0,82,0,38,73,0,111,18,0,18,129
08/25/2021,MOD,CA,AWP,WE,Federal Contract Tower,0,9,30,0,39,0,8,40,0,48,0,17,70,0,87,30,0,30,117
08/26/2021,MOD,CA,AWP,WE,Federal Contract Tower,0,3,15,2,20,0,26,52,0,78,0,29,67,2,98,66,0,66,164
08/27/2021,MOD,CA,AWP,WE,Federal Contract Tower,0,16,15,0,31,0,26,23,0,49,0,42,38,0,80,14,0,14,94
08/28/2021,MOD,CA,AWP,WE,Federal Contract Tower,0,4,39,0,43,0,2,3,0,5,0,6,42,0,48,0,0,0,48
08/29/2021,MOD,CA,AWP,WE,Federal Contract Tower,0,4,35,0,39,0,15,41,0,56,0,19,76,0,95,14,0,14,109
08/30/2021,MOD,CA,AWP,WE,Federal Contract Tower,0,5,29,0,34,0,15,30,0,45,0,20,59,0,79,10,0,10,89
08/31/2021,MOD,CA,AWP,WE,Federal Contract Tower,0,3,12,0,15,0,13,52,0,65,0,16,64,0,80,30,0,30,110
09/01/2021,MOD,CA,AWP,WE,Federal Contract Tower,0,5,13,0,18,0,10,46,0,56,0,15,59,0,74,18,0,18,92
09/02/2021,MOD,CA,AWP,WE,Federal Contract Tower,0,9,18,0,27,0,35,48,0,83,0,44,66,0,110,24,0,24,134
09/03/2021,MOD,CA,AWP,WE,Federal Contract Tower,0,9,14,0,23,0,23,47,0,70,0,32,61,0,93,58,0,58,151
09/04/2021,MOD,CA,AWP,WE,Federal Contract Tower,0,3,3,0,6,0,15,41,0,56,0,18,44,0,62,18,0,18,80
09/05/2021,MOD,CA,AWP,WE,Federal Contract Tower,0,2,17,0,19,0,19,55,0,74,0,21,72,0,93,20,0,20,113
09/06/2021,MOD,CA,AWP,WE,Federal Contract Tower,0,10,16,0,26,0,17,82,0,99,0,27,98,0,125,44,0,44,169
09/07/2021,MOD,CA,AWP,WE,Federal Contract Tower,0,17,7,0,24,0,13,50,0,63,0,30,57,0,87,10,0,10,97
09/08/2021,MOD,CA,AWP,WE,Federal Contract Tower,0,10,14,0,24,0,21,37,0,58,0,31,51,0,82,36,0,36,118
09/09/2021,MOD,CA,AWP,WE,Federal Contract Tower,0,9,20,0,29,0,26,41,0,67,0,35,61,0,96,8,0,8,104
09/10/2021,MOD,CA,AWP,WE,Federal Contract Tower,0,9,7,0,16,0,12,37,0,49,0,21,44,0,65,22,0,22,87
09/11/2021,MOD,CA,AWP,WE,Federal Contract Tower,0,5,18,0,23,0,17,64,0,81,0,22,82,0,104,64,0,64,168
09/12/2021,MOD,CA,AWP,WE,Federal Contract Tower,0,6,26,0,32,0,10,25,0,35,0,16,51,0,67,30,0,30,97
09/13/2021,MOD,CA,AWP,WE,Federal Contract Tower,0,8,29,0,37,0,25,55,0,80,0,33,84,0,117,24,0,24,141
09/14/2021,MOD,CA,AWP,WE,Federal Contract Tower,0,5,14,0,19,0,13,64,0,77,0,18,78,0,96,2,0,2,98
09/15/2021,MOD,CA,AWP,WE,Federal Contract Tower,0,15,21,0,36,0,19,54,0,73,0,34,75,0,109,26,0,26,135
09/16/2021,MOD,CA,AWP,WE,Federal Contract Tower,0,5,34,0,39,0,31,57,0,88,0,36,91,0,127,30,0,30,157
09/17/2021,MOD,CA,AWP,WE,Federal Contract Tower,0,14,19,0,33,0,40,66,0,106,0,54,85,0,139,44,0,44,183
09/18/2021,MOD,CA,AWP,WE,Federal Contract Tower,0,13,31,0,44,0,17,77,0,94,0,30,108,0,138,56,0,56,194
09/19/2021,MOD,CA,AWP,WE,Federal Contract Tower,0,12,15,0,27,0,34,39,0,73,0,46,54,0,100,58,0,58,158
09/20/2021,MOD,CA,AWP,WE,Federal Contract Tower,0,11,22,0,33,0,18,44,0,62,0,29,66,0,95,52,0,52,147
09/21/2021,MOD,CA,AWP,WE,Federal Contract Tower,0,5,20,0,25,0,23,63,0,86,0,28,83,0,111,38,0,38,149
09/22/2021,MOD,CA,AWP,WE,Federal Contract Tower,0,8,23,4,35,0,7,76,0,83,0,15,99,4,118,40,0,40,158
09/23/2021,MOD,CA,AWP,WE,Federal Contract Tower,1,6,22,0,29,0,30,74,0,104,1,36,96,0,133,70,0,70,203
09/24/2021,MOD,CA,AWP,WE,Federal Contract Tower,0,11,18,0,29,0,35,61,0,96,0,46,79,0,125,36,0,36,161
09/25/2021,MOD,CA,AWP,WE,Federal Contract Tower,0,4,13,0,17,0,27,62,0,89,0,31,75,0,106,62,0,62,168
09/26/2021,MOD,CA,AWP,WE,Federal Contract Tower,0,12,34,0,46,0,30,57,0,87,0,42,91,0,133,24,0,24,157
09/27/2021,MOD,CA,AWP,WE,Federal Contract Tower,0,8,22,0,30,0,19,47,0,66,0,27,69,0,96,24,0,24,120
09/28/2021,MOD,CA,AWP,WE,Federal Contract Tower,0,10,15,2,27,0,21,39,0,60,0,31,54,2,87,4,0,4,91
09/29/2021,MOD,CA,AWP,WE,Federal Contract Tower,0,9,27,0,36,0,14,80,0,94,0,23,107,0,130,50,0,50,180
09/30/2021,MOD,CA,AWP,WE,Federal Contract Tower,0,15,15,0,30,0,19,110,0,129,0,34,125,0,159,60,0,60,219
10/01/2021,MOD,CA,AWP,WE,Federal Contract Tower,0,6,30,0,36,0,22,232,0,254,0,28,262,0,290,82,0,82,372
10/02/2021,MOD,CA,AWP,WE,Federal Contract Tower,0,6,26,0,32,0,13,152,0,165,0,19,178,0,197,98,0,98,295
10/03/2021,MOD,CA,AWP,WE,Federal Contract Tower,0,9,15,0,24,0,18,63,0,81,0,27,78,0,105,4,0,4,109
10/04/2021,MOD,CA,AWP,WE,Federal Contract Tower,0,11,7,0,18,0,22,20,0,42,0,33,27,0,60,10,0,10,70
10/05/2021,MOD,CA,AWP,WE,Federal Contract Tower,0,12,14,0,26,0,16,26,0,42,0,28,40,0,68,28,0,28,96
10/06/2021,MOD,CA,AWP,WE,Federal Contract Tower,0,11,9,0,20,0,28,51,0,79,0,39,60,0,99,44,0,44,143
10/07/2021,MOD,CA,AWP,WE,Federal Contract Tower,0,11,30,0,41,0,38,45,0,83,0,49,75,0,124,38,0,38,162
10/08/2021,MOD,CA,AWP,WE,Federal Contract Tower,0,8,13,0,21,0,23,35,0,58,0,31,48,0,79,20,0,20,99
10/09/2021,MOD,CA,AWP,WE,Federal Contract Tower,0,7,11,0,18,0,10,64,0,74,0,17,75,0,92,37,0,37,129
10/10/2021,MOD,CA,AWP,WE,Federal Contract Tower,0,9,8,0,17,0,18,70,0,88,0,27,78,0,105,50,0,50,155
10/11/2021,MOD,CA,AWP,WE,Federal Contract Tower,0,7,8,0,15,0,12,8,0,20,0,19,16,0,35,2,0,2,37
10/12/2021,MOD,CA,AWP,WE,Federal Contract Tower,0,6,5,0,11,0,12,20,0,32,0,18,25,0,43,0,0,0,43
10/13/2021,MOD,CA,AWP,WE,Federal Contract Tower,0,9,9,2,20,0,15,69,0,84,0,24,78,2,104,42,0,42,146
10/14/2021,MOD,CA,AWP,WE,Federal Contract Tower,0,6,13,0,19,0,29,60,0,89,0,35,73,0,108,34,0,34,142
10/15/2021,MOD,CA,AWP,WE,Federal Contract Tower,0,8,14,0,22,0,31,43,0,74,0,39,57,0,96,44,0,44,140
10/16/2021,MOD,CA,AWP,WE,Federal Contract Tower,0,1,19,0,20,0,22,60,0,82,0,23,79,0,102,40,0,40,142
10/17/2021,MOD,CA,AWP,WE,Federal Contract Tower,0,1,11,0,12,0,21,61,0,82,0,22,72,0,94,2,0,2,96
10/18/2021,MOD,CA,AWP,WE,Federal Contract Tower,0,6,11,0,17,0,16,58,0,74,0,22,69,0,91,70,0,70,161
10/19/2021,MOD,CA,AWP,WE,Federal Contract Tower,0,12,4,0,16,0,26,70,0,96,0,38,74,0,112,8,0,8,120
10/20/2021,MOD,CA,AWP,WE,Federal Contract Tower,0,7,13,0,20,0,8,32,0,40,0,15,45,0,60,12,0,12,72
10/21/2021,MOD,CA,AWP,WE,Federal Contract Tower,0,6,15,2,23,0,22,51,0,73,0,28,66,2,96,22,0,22,118
10/22/2021,MOD,CA,AWP,WE,Federal Contract Tower,0,13,12,0,25,0,14,38,0,52,0,27,50,0,77,0,0,0,77
10/23/2021,MOD,CA,AWP,WE,Federal Contract Tower,0,7,2,0,9,0,9,36,0,45,0,16,38,0,54,8,0,8,62
10/24/2021,MOD,CA,AWP,WE,Federal Contract Tower,0,4,3,0,7,0,12,0,0,12,0,16,3,0,19,0,0,0,19
10/25/2021,MOD,CA,AWP,WE,Federal Contract Tower,0,6,5,0,11,0,8,9,0,17,0,14,14,0,28,0,0,0,28
10/26/2021,MOD,CA,AWP,WE,Federal Contract Tower,2,15,16,0,33,0,9,53,0,62,2,24,69,0,95,18,0,18,113
10/27/2021,MOD,CA,AWP,WE,Federal Contract Tower,0,2,23,0,25,0,21,90,0,111,0,23,113,0,136,18,0,18,154
10/28/2021,MOD,CA,AWP,WE,Federal Contract Tower,0,11,24,0,35,0,23,67,0,90,0,34,91,0,125,52,0,52,177
10/29/2021,MOD,CA,AWP,WE,Federal Contract Tower,0,6,7,0,13,0,16,41,0,57,0,22,48,0,70,18,0,18,88
10/30/2021,MOD,CA,AWP,WE,Federal Contract Tower,0,3,22,0,25,0,26,36,0,62,0,29,58,0,87,8,0,8,95
10/31/2021,MOD,CA,AWP,WE,Federal Contract Tower,0,5,22,0,27,0,19,55,0,74,0,24,77,0,101,14,0,14,115
11/01/2021,MOD,CA,AWP,WE,Federal Contract Tower,0,12,4,0,16,0,23,14,0,37,0,35,18,0,53,0,0,0,53
11/02/2021,MOD,CA,AWP,WE,Federal Contract Tower,0,5,30,0,35,0,11,51,0,62,0,16,81,0,97,10,0,10,107
11/04/2021,MOD,CA,AWP,WE,Federal Contract Tower,0,11,13,2,26,0,18,43,0,61,0,29,56,2,87,32,0,32,119
11/05/2021,MOD,CA,AWP,WE,Federal Contract Tower,0,8,12,0,20,0,23,76,0,99,0,31,88,0,119,26,0,26,145
11/06/2021,MOD,CA,AWP,WE,Federal Contract Tower,0,7,13,0,20,0,18,41,0,59,0,25,54,0,79,50,0,50,129
11/07/2021,MOD,CA,AWP,WE,Federal Contract Tower,0,7,16,0,23,0,20,44,0,64,0,27,60,0,87,8,0,8,95
11/08/2021,MOD,CA,AWP,WE,Federal Contract Tower,0,5,20,0,25,0,26,47,0,73,0,31,67,0,98,2,0,2,100
11/09/2021,MOD,CA,AWP,WE,Federal Contract Tower,0,25,12,2,39,0,15,7,0,22,0,40,19,2,61,8,0,8,69
11/10/2021,MOD,CA,AWP,WE,Federal Contract Tower,0,16,11,0,27,0,19,44,0,63,0,35,55,0,90,18,0,18,108
11/11/2021,MOD,CA,AWP,WE,Federal Contract Tower,0,14,20,0,34,0,17,38,0,55,0,31,58,0,89,38,0,38,127
11/12/2021,MOD,CA,AWP,WE,Federal Contract Tower,0,20,10,0,30,0,16,10,0,26,0,36,20,0,56,18,0,18,74
11/13/2021,MOD,CA,AWP,WE,Federal Contract Tower,0,14,17,0,31,0,4,2,0,6,0,18,19,0,37,0,0,0,37
11/14/2021,MOD,CA,AWP,WE,Federal Contract Tower,0,11,25,0,36,0,4,1,0,5,0,15,26,0,41,0,0,0,41
11/15/2021,MOD,CA,AWP,WE,Federal Contract Tower,0,22,18,2,42,0,1,2,0,3,0,23,20,2,45,0,0,0,45
11/16/2021,MOD,CA,AWP,WE,Federal Contract Tower,0,8,33,0,41,0,6,2,0,8,0,14,35,0,49,0,0,0,49
11/17/2021,MOD,CA,AWP,WE,Federal Contract Tower,0,12,14,0,26,0,10,28,0,38,0,22,42,0,64,6,0,6,70
11/18/2021,MOD,CA,AWP,WE,Federal Contract Tower,0,18,24,0,42,0,4,8,0,12,0,22,32,0,54,0,0,0,54
11/19/2021,MOD,CA,AWP,WE,Federal Contract Tower,0,6,32,0,38,0,18,40,0,58,0,24,72,0,96,14,0,14,110
11/20/2021,MOD,CA,AWP,WE,Federal Contract Tower,0,4,17,0,21,0,16,57,0,73,0,20,74,0,94,20,0,20,114
11/21/2021,MOD,CA,AWP,WE,Federal Contract Tower,0,7,18,0,25,0,23,53,0,76,0,30,71,0,101,62,0,62,163
11/22/2021,MOD,CA,AWP,WE,Federal Contract Tower,0,9,5,0,14,0,26,47,0,73,0,35,52,0,87,10,0,10,97
11/23/2021,MOD,CA,AWP,WE,Federal Contract Tower,0,11,16,0,27,0,16,15,0,31,0,27,31,0,58,0,0,0,58
11/24/2021,MOD,CA,AWP,WE,Federal Contract Tower,0,4,36,0,40,0,19,38,3,60,0,23,74,3,100,0,0,0,100
11/25/2021,MOD,CA,AWP,WE,Federal Contract Tower,0,7,15,0,22,0,0,7,0,7,0,7,22,0,29,0,0,0,29
11/26/2021,MOD,CA,AWP,WE,Federal Contract Tower,0,6,27,0,33,0,35,61,0,96,0,41,88,0,129,10,0,10,139
11/27/2021,MOD,CA,AWP,WE,Federal Contract Tower,0,14,7,0,21,0,19,59,0,78,0,33,66,0,99,22,0,22,121
11/28/2021,MOD,CA,AWP,WE,Federal Contract Tower,0,21,8,0,29,0,17,32,0,49,0,38,40,0,78,10,0,10,88
11/29/2021,MOD,CA,AWP,WE,Federal Contract Tower,0,18,4,0,22,0,20,38,0,58,0,38,42,0,80,26,0,26,106
11/30/2021,MOD,CA,AWP,WE,Federal Contract Tower,0,8,9,0,17,0,20,60,0,80,0,28,69,0,97,6,0,6,103
12/01/2021,MOD,CA,AWP,WE,Federal Contract Tower,0,5,21,0,26,0,13,34,0,47,0,18,55,0,73,20,0,20,93
12/02/2021,MOD,CA,AWP,WE,Federal Contract Tower,0,14,26,0,40,0,16,21,0,37,0,30,47,0,77,6,0,6,83
12/03/2021,MOD,CA,AWP,WE,Federal Contract Tower,0,19,6,0,25,0,8,24,0,32,0,27,30,0,57,0,0,0,57
12/04/2021,MOD,CA,AWP,WE,Federal Contract Tower,0,18,11,0,29,0,2,0,0,2,0,20,11,0,31,0,0,0,31
12/05/2021,MOD,CA,AWP,WE,Federal Contract Tower,0,7,26,0,33,0,12,19,0,31,0,19,45,0,64,12,0,12,76
12/06/2021,MOD,CA,AWP,WE,Federal Contract Tower,0,18,19,0,37,0,14,2,0,16,0,32,21,0,53,0,0,0,53
12/07/2021,MOD,CA,AWP,WE,Federal Contract Tower,0,17,20,0,37,0,0,0,0,0,0,17,20,0,37,0,0,0,37
12/08/2021,MOD,CA,AWP,WE,Federal Contract Tower,0,22,23,0,45,0,3,0,0,3,0,25,23,0,48,0,0,0,48
12/09/2021,MOD,CA,AWP,WE,Federal Contract Tower,0,17,4,0,21,0,7,39,0,46,0,24,43,0,67,36,0,36,103
12/10/2021,MOD,CA,AWP,WE,Federal Contract Tower,0,3,21,0,24,0,26,60,0,86,0,29,81,0,110,20,0,20,130
12/11/2021,MOD,CA,AWP,WE,Federal Contract Tower,0,2,18,0,20,0,24,64,0,88,0,26,82,0,108,30,0,30,138
12/12/2021,MOD,CA,AWP,WE,Federal Contract Tower,0,8,7,0,15,0,2,10,0,12,0,10,17,0,27,0,0,0,27
12/13/2021,MOD,CA,AWP,WE,Federal Contract Tower,0,13,1,0,14,0,1,1,0,2,0,14,2,0,16,0,0,0,16
12/14/2021,MOD,CA,AWP,WE,Federal Contract Tower,0,13,14,2,29,0,10,24,0,34,0,23,38,2,63,2,0,2,65
12/15/2021,MOD,CA,AWP,WE,Federal Contract Tower,0,8,10,0,18,0,26,31,0,57,0,34,41,0,75,14,0,14,89
12/16/2021,MOD,CA,AWP,WE,Federal Contract Tower,0,10,22,0,32,0,15,26,0,41,0,25,48,0,73,0,0,0,73
12/17/2021,MOD,CA,AWP,WE,Federal Contract Tower,0,14,34,0,48,0,12,34,0,46,0,26,68,0,94,0,0,0,94
12/18/2021,MOD,CA,AWP,WE,Federal Contract Tower,0,14,29,0,43,0,16,20,0,36,0,30,49,0,79,18,0,18,97
12/20/2021,MOD,CA,AWP,WE,Federal Contract Tower,0,12,33,0,45,0,0,0,0,0,0,12,33,0,45,0,0,0,45
12/21/2021,MOD,CA,AWP,WE,Federal Contract Tower,0,20,15,0,35,0,3,3,0,6,0,23,18,0,41,0,0,0,41
12/22/2021,MOD,CA,AWP,WE,Federal Contract Tower,0,16,7,0,23,0,26,33,0,59,0,42,40,0,82,0,0,0,82
12/23/2021,MOD,CA,AWP,WE,Federal Contract Tower,0,6,3,0,9,0,14,1,0,15,0,20,4,0,24,0,0,0,24
12/24/2021,MOD,CA,AWP,WE,Federal Contract Tower,0,8,4,0,12,0,20,13,0,33,0,28,17,0,45,2,0,2,47
12/25/2021,MOD,CA,AWP,WE,Federal Contract Tower,0,4,1,0,5,0,0,6,0,6,0,4,7,0,11,0,0,0,11
12/26/2021,MOD,CA,AWP,WE,Federal Contract Tower,0,8,5,0,13,0,33,28,0,61,0,41,33,0,74,14,0,14,88
12/27/2021,MOD,CA,AWP,WE,Federal Contract Tower,0,16,7,0,23,0,16,7,0,23,0,32,14,0,46,12,0,12,58
12/28/2021,MOD,CA,AWP,WE,Federal Contract Tower,0,14,13,0,27,0,6,23,0,29,0,20,36,0,56,2,0,2,58
12/29/2021,MOD,CA,AWP,WE,Federal Contract Tower,0,6,5,0,11,0,4,4,0,8,0,10,9,0,19,0,0,0,19
12/30/2021,MOD,CA,AWP,WE,Federal Contract Tower,0,13,11,0,24,0,19,58,0,77,0,32,69,0,101,12,0,12,113
12/31/2021,MOD,CA,AWP,WE,Federal Contract Tower,0,3,16,0,19,0,16,26,0,42,0,19,42,0,61,18,0,18,79
01/01/2022,MOD,CA,AWP,WE,Federal Contract Tower,0,1,10,0,11,0,20,45,0,65,0,21,55,0,76,22,0,22,98
01/02/2022,MOD,CA,AWP,WE,Federal Contract Tower,0,13,13,0,26,0,33,43,0,76,0,46,56,0,102,26,0,26,128
01/03/2022,MOD,CA,AWP,WE,Federal Contract Tower,0,18,8,0,26,0,21,36,0,57,0,39,44,0,83,20,0,20,103
01/04/2022,MOD,CA,AWP,WE,Federal Contract Tower,0,9,18,0,27,0,17,36,0,53,0,26,54,0,80,26,0,26,106
01/05/2022,MOD,CA,AWP,WE,Federal Contract Tower,0,9,17,1,27,0,16,65,1,82,0,25,82,2,109,10,0,10,119
01/06/2022,MOD,CA,AWP,WE,Federal Contract Tower,0,17,25,0,42,0,9,12,0,21,0,26,37,0,63,0,0,0,63
01/07/2022,MOD,CA,AWP,WE,Federal Contract Tower,0,8,8,0,16,0,10,35,0,45,0,18,43,0,61,34,0,34,95
01/08/2022,MOD,CA,AWP,WE,Federal Contract Tower,0,7,26,0,33,0,13,1,0,14,0,20,27,0,47,0,0,0,47
01/09/2022,MOD,CA,AWP,WE,Federal Contract Tower,0,5,8,0,13,0,11,41,0,52,0,16,49,0,65,58,0,58,123
01/10/2022,MOD,CA,AWP,WE,Federal Contract Tower,0,4,6,0,10,0,7,37,0,44,0,11,43,0,54,8,0,8,62
01/11/2022,MOD,CA,AWP,WE,Federal Contract Tower,0,4,32,0,36,0,10,51,0,61,0,14,83,0,97,26,0,26,123
01/12/2022,MOD,CA,AWP,WE,Federal Contract Tower,0,5,25,0,30,0,11,36,0,47,0,16,61,0,77,10,0,10,87
01/13/2022,MOD,CA,AWP,WE,Federal Contract Tower,0,10,40,0,50,0,16,49,0,65,0,26,89,0,115,22,0,22,137
01/14/2022,MOD,CA,AWP,WE,Federal Contract Tower,0,24,21,0,45,0,11,48,0,59,0,35,69,0,104,12,0,12,116
01/15/2022,MOD,CA,AWP,WE,Federal Contract Tower,0,8,19,0,27,0,13,25,0,38,0,21,44,0,65,16,0,16,81
01/16/2022,MOD,CA,AWP,WE,Federal Contract Tower,0,2,14,0,16,0,18,43,0,61,0,20,57,0,77,10,0,10,87
01/17/2022,MOD,CA,AWP,WE,Federal Contract Tower,0,8,23,0,31,0,21,58,0,79,0,29,81,0,110,62,0,62,172
01/18/2022,MOD,CA,AWP,WE,Federal Contract Tower,0,7,18,0,25,0,17,75,0,92,0,24,93,0,117,10,0,10,127
01/19/2022,MOD,CA,AWP,WE,Federal Contract Tower,0,4,23,3,30,0,28,39,0,67,0,32,62,3,97,42,0,42,139
01/20/2022,MOD,CA,AWP,WE,Federal Contract Tower,0,6,25,0,31,0,18,44,0,62,0,24,69,0,93,14,0,14,107
01/21/2022,MOD,CA,AWP,WE,Federal Contract Tower,0,11,15,0,26,0,11,12,0,23,0,22,27,0,49,0,0,0,49
01/22/2022,MOD,CA,AWP,WE,Federal Contract Tower,0,3,23,0,26,0,11,40,0,51,0,14,63,0,77,0,0,0,77
01/23/2022,MOD,CA,AWP,WE,Federal Contract Tower,0,8,15,0,23,0,10,21,0,31,0,18,36,0,54,18,0,18,72
01/24/2022,MOD,CA,AWP,WE,Federal Contract Tower,0,4,15,0,19,0,11,45,0,56,0,15,60,0,75,18,0,18,93
01/25/2022,MOD,CA,AWP,WE,Federal Contract Tower,0,6,8,0,14,0,8,60,0,68,0,14,68,0,82,16,0,16,98
01/26/2022,MOD,CA,AWP,WE,Federal Contract Tower,0,15,11,0,26,0,29,39,0,68,0,44,50,0,94,30,0,30,124
01/27/2022,MOD,CA,AWP,WE,Federal Contract Tower,0,5,14,2,21,0,25,51,0,76,0,30,65,2,97,28,0,28,125
01/28/2022,MOD,CA,AWP,WE,Federal Contract Tower,0,6,10,0,16,0,27,60,0,87,0,33,70,0,103,46,0,46,149
01/29/2022,MOD,CA,AWP,WE,Federal Contract Tower,0,2,31,0,33,0,13,55,2,70,0,15,86,2,103,4,0,4,107
01/30/2022,MOD,CA,AWP,WE,Federal Contract Tower,0,4,22,1,27,0,41,47,13,101,0,45,69,14,128,32,0,32,160
01/31/2022,MOD,CA,AWP,WE,Federal Contract Tower,0,7,20,0,27,0,11,82,0,93,0,18,102,0,120,20,0,20,140
02/01/2022,MOD,CA,AWP,WE,Federal Contract Tower,0,3,5,2,10,0,12,29,0,41,0,15,34,2,51,0,0,0,51
02/02/2022,MOD,CA,AWP,WE,Federal Contract Tower,0,6,4,2,12,0,30,32,0,62,0,36,36,2,74,2,0,2,76
02/03/2022,MOD,CA,AWP,WE,Federal Contract Tower,0,12,21,0,33,0,19,84,0,103,0,31,105,0,136,20,0,20,156
02/04/2022,MOD,CA,AWP,WE,Federal Contract Tower,0,2,25,0,27,0,19,79,0,98,0,21,104,0,125,78,12,90,215
02/05/2022,MOD,CA,AWP,WE,Federal Contract Tower,0,11,20,0,31,0,22,50,0,72,0,33,70,0,103,46,0,46,149
02/06/2022,MOD,CA,AWP,WE,Federal Contract Tower,0,8,26,0,34,0,28,58,0,86,0,36,84,0,120,38,0,38,158
02/07/2022,MOD,CA,AWP,WE,Federal Contract Tower,0,6,13,0,19,0,21,68,0,89,0,27,81,0,108,60,0,60,168
02/08/2022,MOD,CA,AWP,WE,Federal Contract Tower,0,10,28,0,38,0,9,64,0,73,0,19,92,0,111,26,0,26,137
02/09/2022,MOD,CA,AWP,WE,Federal Contract Tower,0,9,25,0,34,0,9,58,0,67,0,18,83,0,101,42,0,42,143
02/10/2022,MOD,CA,AWP,WE,Federal Contract Tower,0,6,32,0,38,0,22,71,0,93,0,28,103,0,131,38,0,38,169
02/11/2022,MOD,CA,AWP,WE,Federal Contract Tower,0,11,13,0,24,0,32,77,0,109,0,43,90,0,133,40,0,40,173
02/12/2022,MOD,CA,AWP,WE,Federal Contract Tower,0,5,24,0,29,0,18,76,0,94,0,23,100,0,123,50,0,50,173
02/13/2022,MOD,CA,AWP,WE,Federal Contract Tower,0,9,6,0,15,0,16,49,0,65,0,25,55,0,80,18,0,18,98
02/14/2022,MOD,CA,AWP,WE,Federal Contract Tower,0,9,8,0,17,0,17,52,0,69,0,26,60,0,86,28,0,28,114
02/15/2022,MOD,CA,AWP,WE,Federal Contract Tower,0,9,6,2,17,0,11,13,0,24,0,20,19,2,41,0,0,0,41
02/16/2022,MOD,CA,AWP,WE,Federal Contract Tower,0,6,10,0,16,0,19,65,0,84,0,25,75,0,100,24,0,24,124
02/17/2022,MOD,CA,AWP,WE,Federal Contract Tower,0,6,20,0,26,0,18,72,0,90,0,24,92,0,116,34,0,34,150
02/18/2022,MOD,CA,AWP,WE,Federal Contract Tower,0,5,24,0,29,0,40,101,0,141,0,45,125,0,170,54,0,54,224
02/19/2022,MOD,CA,AWP,WE,Federal Contract Tower,0,4,9,0,13,0,21,78,0,99,0,25,87,0,112,42,0,42,154
02/20/2022,MOD,CA,AWP,WE,Federal Contract Tower,0,1,12,0,13,0,12,43,0,55,0,13,55,0,68,56,0,56,124
02/21/2022,MOD,CA,AWP,WE,Federal Contract Tower,0,7,14,0,21,0,13,46,0,59,0,20,60,0,80,40,0,40,120
02/22/2022,MOD,CA,AWP,WE,Federal Contract Tower,0,6,6,0,12,0,7,15,0,22,0,13,21,0,34,12,0,12,46
02/23/2022,MOD,CA,AWP,WE,Federal Contract Tower,0,13,27,0,40,0,25,39,0,64,0,38,66,0,104,34,0,34,138
02/24/2022,MOD,CA,AWP,WE,Federal Contract Tower,0,13,22,0,35,0,20,76,0,96,0,33,98,0,131,58,0,58,189
02/25/2022,MOD,CA,AWP,WE,Federal Contract Tower,0,5,21,0,26,0,25,72,0,97,0,30,93,0,123,88,0,88,211
02/26/2022,MOD,CA,AWP,WE,Federal Contract Tower,0,9,21,0,30,0,36,69,0,105,0,45,90,0,135,48,0,48,183
02/27/2022,MOD,CA,AWP,WE,Federal Contract Tower,0,1,19,0,20,0,22,70,0,92,0,23,89,0,112,66,0,66,178
02/28/2022,MOD,CA,AWP,WE,Federal Contract Tower,0,9,12,0,21,0,23,61,0,84,0,32,73,0,105,16,0,16,121
03/01/2022,MOD,CA,AWP,WE,Federal Contract Tower,0,3,4,0,7,0,16,54,0,70,0,19,58,0,77,36,0,36,113
03/02/2022,MOD,CA,AWP,WE,Federal Contract Tower,0,15,20,0,35,0,21,79,0,100,0,36,99,0,135,34,0,34,169
03/03/2022,MOD,CA,AWP,WE,Federal Contract Tower,0,14,16,0,30,0,23,72,0,95,0,37,88,0,125,38,0,38,163
03/04/2022,MOD,CA,AWP,WE,Federal Contract Tower,0,12,8,0,20,0,19,44,0,63,0,31,52,0,83,62,0,62,145
03/05/2022,MOD,CA,AWP,WE,Federal Contract Tower,0,9,30,0,39,0,34,39,0,73,0,43,69,0,112,26,0,26,138
03/06/2022,MOD,CA,AWP,WE,Federal Contract Tower,0,4,21,0,25,0,30,77,0,107,0,34,98,0,132,52,0,52,184
03/07/2022,MOD,CA,AWP,WE,Federal Contract Tower,0,5,12,0,17,0,22,45,0,67,0,27,57,0,84,26,0,26,110
03/08/2022,MOD,CA,AWP,WE,Federal Contract Tower,0,8,22,0,30,0,15,42,0,57,0,23,64,0,87,36,0,36,123
03/09/2022,MOD,CA,AWP,WE,Federal Contract Tower,0,11,16,0,27,0,9,50,0,59,0,20,66,0,86,20,0,20,106
03/10/2022,MOD,CA,AWP,WE,Federal Contract Tower,0,11,10,0,21,0,23,15,0,38,0,34,25,0,59,8,0,8,67
03/11/2022,MOD,CA,AWP,WE,Federal Contract Tower,0,15,18,0,33,0,35,74,0,109,0,50,92,0,142,76,0,76,218
03/12/2022,MOD,CA,AWP,WE,Federal Contract Tower,0,2,24,0,26,0,20,108,0,128,0,22,132,0,154,60,0,60,214
03/13/2022,MOD,CA,AWP,WE,Federal Contract Tower,0,9,16,0,25,0,16,37,0,53,0,25,53,0,78,22,0,22,100
03/14/2022,MOD,CA,AWP,WE,Federal Contract Tower,0,3,28,0,31,0,27,52,0,79,0,30,80,0,110,34,0,34,144
03/15/2022,MOD,CA,AWP,WE,Federal Contract Tower,0,11,12,0,23,0,8,50,0,58,0,19,62,0,81,4,0,4,85
03/16/2022,MOD,CA,AWP,WE,Federal Contract Tower,0,5,27,0,32,0,14,59,0,73,0,19,86,0,105,18,0,18,123
03/17/2022,MOD,CA,AWP,WE,Federal Contract Tower,0,4,34,0,38,0,18,46,0,64,0,22,80,0,102,50,0,50,152
03/18/2022,MOD,CA,AWP,WE,Federal Contract Tower,0,11,32,0,43,0,23,66,0,89,0,34,98,0,132,54,0,54,186
03/19/2022,MOD,CA,AWP,WE,Federal Contract Tower,0,4,8,0,12,0,21,8,0,29,0,25,16,0,41,36,0,36,77
03/20/2022,MOD,CA,AWP,WE,Federal Contract Tower,0,12,2,0,14,0,26,28,0,54,0,38,30,0,68,24,0,24,92
03/21/2022,MOD,CA,AWP,WE,Federal Contract Tower,0,7,18,2,27,0,9,48,0,57,0,16,66,2,84,40,0,40,124
03/22/2022,MOD,CA,AWP,WE,Federal Contract Tower,0,7,28,0,35,0,9,73,0,82,0,16,101,0,117,56,0,56,173
03/23/2022,MOD,CA,AWP,WE,Federal Contract Tower,0,2,24,0,26,0,17,74,0,91,0,19,98,0,117,48,0,48,165
03/24/2022,MOD,CA,AWP,WE,Federal Contract Tower,0,5,28,2,35,0,20,55,0,75,0,25,83,2,110,40,0,40,150
03/25/2022,MOD,CA,AWP,WE,Federal Contract Tower,0,10,14,1,25,2,38,55,1,96,2,48,69,2,121,108,0,108,229
03/26/2022,MOD,CA,AWP,WE,Federal Contract Tower,0,2,14,0,16,0,21,91,0,112,0,23,105,0,128,26,0,26,154
03/27/2022,MOD,CA,AWP,WE,Federal Contract Tower,0,4,5,0,9,0,21,51,0,72,0,25,56,0,81,26,0,26,107
03/28/2022,MOD,CA,AWP,WE,Federal Contract Tower,0,8,3,0,11,0,9,6,0,15,0,17,9,0,26,10,0,10,36
03/29/2022,MOD,CA,AWP,WE,Federal Contract Tower,0,12,21,0,33,0,11,84,0,95,0,23,105,0,128,24,0,24,152
03/30/2022,MOD,CA,AWP,WE,Federal Contract Tower,0,8,27,0,35,0,13,66,0,79,0,21,93,0,114,50,0,50,164
03/31/2022,MOD,CA,AWP,WE,Federal Contract Tower,0,2,25,0,27,0,26,69,0,95,0,28,94,0,122,90,0,90,212
04/01/2022,MOD,CA,AWP,WE,Federal Contract Tower,0,7,30,0,37,0,27,76,0,103,0,34,106,0,140,22,0,22,162
04/02/2022,MOD,CA,AWP,WE,Federal Contract Tower,0,4,25,0,29,0,15,95,0,110,0,19,120,0,139,64,0,64,203
04/03/2022,MOD,CA,AWP,WE,Federal Contract Tower,0,4,18,0,22,0,21,53,0,74,0,25,71,0,96,38,0,38,134
04/04/2022,MOD,CA,AWP,WE,Federal Contract Tower,0,6,16,0,22,0,19,69,0,88,0,25,85,0,110,38,0,38,148
04/05/2022,MOD,CA,AWP,WE,Federal Contract Tower,0,2,15,0,17,0,29,27,0,56,0,31,42,0,73,16,0,16,89
04/06/2022,MOD,CA,AWP,WE,Federal Contract Tower,0,4,18,1,23,0,13,54,1,68,0,17,72,2,91,40,0,40,131
04/07/2022,MOD,CA,AWP,WE,Federal Contract Tower,0,14,23,0,37,0,27,61,0,88,0,41,84,0,125,24,0,24,149
04/08/2022,MOD,CA,AWP,WE,Federal Contract Tower,0,5,16,0,21,0,33,79,0,112,0,38,95,0,133,52,0,52,185
04/09/2022,MOD,CA,AWP,WE,Federal Contract Tower,0,2,13,0,15,0,26,40,0,66,0,28,53,0,81,4,0,4,85
04/10/2022,MOD,CA,AWP,WE,Federal Contract Tower,0,6,6,0,12,0,35,11,0,46,0,41,17,0,58,20,0,20,78
04/11/2022,MOD,CA,AWP,WE,Federal Contract Tower,0,11,4,0,15,0,24,16,0,40,0,35,20,0,55,26,0,26,81
04/12/2022,MOD,CA,AWP,WE,Federal Contract Tower,0,8,9,0,17,0,11,70,0,81,0,19,79,0,98,30,0,30,128
04/13/2022,MOD,CA,AWP,WE,Federal Contract Tower,0,11,21,0,32,0,9,76,0,85,0,20,97,0,117,42,0,42,159
04/14/2022,MOD,CA,AWP,WE,Federal Contract Tower,0,11,0,2,13,0,12,65,0,77,0,23,65,2,90,84,0,84,174
04/15/2022,MOD,CA,AWP,WE,Federal Contract Tower,0,11,24,0,35,0,34,73,0,107,0,45,97,0,142,74,0,74,216
04/16/2022,MOD,CA,AWP,WE,Federal Contract Tower,0,3,11,0,14,0,15,17,0,32,0,18,28,0,46,16,0,16,62
04/17/2022,MOD,CA,AWP,WE,Federal Contract Tower,0,5,13,0,18,0,20,57,0,77,0,25,70,0,95,32,0,32,127
04/18/2022,MOD,CA,AWP,WE,Federal Contract Tower,0,6,25,0,31,0,22,42,0,64,0,28,67,0,95,60,0,60,155
04/19/2022,MOD,CA,AWP,WE,Federal Contract Tower,0,12,12,0,24,0,19,29,0,48,0,31,41,0,72,22,0,22,94
04/20/2022,MOD,CA,AWP,WE,Federal Contract Tower,0,8,15,0,23,0,6,48,0,54,0,14,63,0,77,82,0,82,159
04/21/2022,MOD,CA,AWP,WE,Federal Contract Tower,0,20,4,0,24,0,12,12,0,24,0,32,16,0,48,32,0,32,80
04/22/2022,MOD,CA,AWP,WE,Federal Contract Tower,0,11,42,0,53,0,23,40,0,63,0,34,82,0,116,40,8,48,164
04/23/2022,MOD,CA,AWP,WE,Federal Contract Tower,0,5,32,0,37,0,19,120,0,139,0,24,152,0,176,48,0,48,224
04/24/2022,MOD,CA,AWP,WE,Federal Contract Tower,0,10,14,0,24,0,14,102,0,116,0,24,116,0,140,50,0,50,190
04/25/2022,MOD,CA,AWP,WE,Federal Contract Tower,0,10,19,0,29,0,21,78,2,101,0,31,97,2,130,14,0,14,144
04/26/2022,MOD,CA,AWP,WE,Federal Contract Tower,0,2,19,0,21,0,20,47,0,67,0,22,66,0,88,46,0,46,134
04/27/2022,MOD,CA,AWP,WE,Federal Contract Tower,0,5,26,0,31,0,12,64,3,79,0,17,90,3,110,24,0,24,134
04/28/2022,MOD,CA,AWP,WE,Federal Contract Tower,0,8,11,0,19,0,21,44,0,65,0,29,55,0,84,46,0,46,130
04/29/2022,MOD,CA,AWP,WE,Federal Contract Tower,0,6,18,0,24,0,30,52,0,82,0,36,70,0,106,42,0,42,148
04/30/2022,MOD,CA,AWP,WE,Federal Contract Tower,0,3,23,0,26,0,33,65,0,98,0,36,88,0,124,44,0,44,168
05/01/2022,MOD,CA,AWP,WE,Federal Contract Tower,0,9,23,0,32,0,35,32,0,67,0,44,55,0,99,30,0,30,129
05/02/2022,MOD,CA,AWP,WE,Federal Contract Tower,0,3,42,2,47,0,32,22,0,54,0,35,64,2,101,2,0,2,103
05/03/2022,MOD,CA,AWP,WE,Federal Contract Tower,0,14,12,0,26,0,22,25,0,47,0,36,37,0,73,4,0,4,77
05/04/2022,MOD,CA,AWP,WE,Federal Contract Tower,0,6,37,0,43,0,19,84,0,103,0,25,121,0,146,80,0,80,226
05/05/2022,MOD,CA,AWP,WE,Federal Contract Tower,0,8,16,0,24,0,16,54,0,70,0,24,70,0,94,56,0,56,150
05/06/2022,MOD,CA,AWP,WE,Federal Contract Tower,0,8,22,0,30,0,15,53,0,68,0,23,75,0,98,94,0,94,192
05/07/2022,MOD,CA,AWP,WE,Federal Contract Tower,0,2,13,0,15,0,20,44,0,64,0,22,57,0,79,44,0,44,123
05/08/2022,MOD,CA,AWP,WE,Federal Contract Tower,0,3,1,0,4,0,25,9,0,34,0,28,10,0,38,0,0,0,38
05/09/2022,MOD,CA,AWP,WE,Federal Contract Tower,0,11,7,0,18,0,16,50,0,66,0,27,57,0,84,54,0,54,138
05/10/2022,MOD,CA,AWP,WE,Federal Contract Tower,0,8,17,0,25,0,15,42,0,57,0,23,59,0,82,18,0,18,100
05/11/2022,MOD,CA,AWP,WE,Federal Contract Tower,0,10,19,0,29,0,19,48,0,67,0,29,67,0,96,46,0,46,142
05/12/2022,MOD,CA,AWP,WE,Federal Contract Tower,0,13,20,0,33,0,38,54,0,92,0,51,74,0,125,64,0,64,189
05/13/2022,MOD,CA,AWP,WE,Federal Contract Tower,0,8,26,0,34,0,17,62,0,79,0,25,88,0,113,46,0,46,159
05/14/2022,MOD,CA,AWP,WE,Federal Contract Tower,0,1,19,0,20,0,15,89,0,104,0,16,108,0,124,22,0,22,146
05/15/2022,MOD,CA,AWP,WE,Federal Contract Tower,0,15,12,0,27,0,17,50,0,67,0,32,62,0,94,20,0,20,114
05/16/2022,MOD,CA,AWP,WE,Federal Contract Tower,0,7,22,0,29,0,37,49,0,86,0,44,71,0,115,78,0,78,193
05/17/2022,MOD,CA,AWP,WE,Federal Contract Tower,0,7,15,0,22,0,19,49,0,68,0,26,64,0,90,24,0,24,114
05/18/2022,MOD,CA,AWP,WE,Federal Contract Tower,0,7,8,0,15,0,15,55,2,72,0,22,63,2,87,70,0,70,157
05/19/2022,MOD,CA,AWP,WE,Federal Contract Tower,0,8,10,0,18,0,22,27,0,49,0,30,37,0,67,16,0,16,83
05/20/2022,MOD,CA,AWP,WE,Federal Contract Tower,0,5,14,0,19,0,24,14,0,38,0,29,28,0,57,2,0,2,59
05/21/2022,MOD,CA,AWP,WE,Federal Contract Tower,0,3,18,0,21,0,13,82,0,95,0,16,100,0,116,24,0,24,140
05/22/2022,MOD,CA,AWP,WE,Federal Contract Tower,0,17,20,0,37,0,24,70,0,94,0,41,90,0,131,90,0,90,221
05/23/2022,MOD,CA,AWP,WE,Federal Contract Tower,0,6,10,0,16,0,27,45,2,74,0,33,55,2,90,28,0,28,118
05/24/2022,MOD,CA,AWP,WE,Federal Contract Tower,0,2,24,0,26,0,17,43,0,60,0,19,67,0,86,48,0,48,134
05/25/2022,MOD,CA,AWP,WE,Federal Contract Tower,0,8,11,2,21,0,9,64,0,73,0,17,75,2,94,26,0,26,120
05/26/2022,MOD,CA,AWP,WE,Federal Contract Tower,0,8,8,0,16,0,25,58,0,83,0,33,66,0,99,44,0,44,143
05/27/2022,MOD,CA,AWP,WE,Federal Contract Tower,0,7,29,0,36,0,22,68,0,90,0,29,97,0,126,64,0,64,190
05/28/2022,MOD,CA,AWP,WE,Federal Contract Tower,0,1,26,0,27,0,19,41,0,60,0,20,67,0,87,40,0,40,127
05/29/2022,MOD,CA,AWP,WE,Federal Contract Tower,0,4,9,0,13,0,20,26,0,46,0,24,35,0,59,16,0,16,75
05/30/2022,MOD,CA,AWP,WE,Federal Contract Tower,0,3,18,0,21,0,36,27,0,63,0,39,45,0,84,16,0,16,100
05/31/2022,MOD,CA,AWP,WE,Federal Contract Tower,0,5,11,0,16,0,14,44,0,58,0,19,55,0,74,62,0,62,136
06/01/2022,MOD,CA,AWP,WE,Federal Contract Tower,0,3,31,0,34,0,12,74,0,86,0,15,105,0,120,108,0,108,228
06/02/2022,MOD,CA,AWP,WE,Federal Contract Tower,0,4,8,0,12,0,13,57,0,70,0,17,65,0,82,26,0,26,108
06/03/2022,MOD,CA,AWP,WE,Federal Contract Tower,0,9,18,0,27,0,11,49,0,60,0,20,67,0,87,40,0,40,127
06/04/2022,MOD,CA,AWP,WE,Federal Contract Tower,0,8,26,0,34,0,26,64,0,90,0,34,90,0,124,36,0,36,160
06/05/2022,MOD,CA,AWP,WE,Federal Contract Tower,0,11,7,0,18,0,10,69,0,79,0,21,76,0,97,64,0,64,161
06/06/2022,MOD,CA,AWP,WE,Federal Contract Tower,0,5,10,0,15,0,12,53,0,65,0,17,63,0,80,54,0,54,134
06/07/2022,MOD,CA,AWP,WE,Federal Contract Tower,0,2,16,0,18,0,18,61,0,79,0,20,77,0,97,26,0,26,123
06/08/2022,MOD,CA,AWP,WE,Federal Contract Tower,0,4,6,0,10,0,6,62,0,68,0,10,68,0,78,62,0,62,140
06/09/2022,MOD,CA,AWP,WE,Federal Contract Tower,0,15,14,0,29,0,22,47,0,69,0,37,61,0,98,38,0,38,136
06/10/2022,MOD,CA,AWP,WE,Federal Contract Tower,0,12,14,0,26,0,29,62,0,91,0,41,76,0,117,36,0,36,153
06/11/2022,MOD,CA,AWP,WE,Federal Contract Tower,0,5,2,0,7,0,21,89,0,110,0,26,91,0,117,38,0,38,155
06/12/2022,MOD,CA,AWP,WE,Federal Contract Tower,0,2,8,0,10,0,16,44,0,60,0,18,52,0,70,10,0,10,80
06/13/2022,MOD,CA,AWP,WE,Federal Contract Tower,0,8,21,0,29,0,36,22,0,58,0,44,43,0,87,10,0,10,97
06/14/2022,MOD,CA,AWP,WE,Federal Contract Tower,0,4,23,0,27,0,22,48,0,70,0,26,71,0,97,38,0,38,135
06/15/2022,MOD,CA,AWP,WE,Federal Contract Tower,0,6,25,0,31,0,17,71,0,88,0,23,96,0,119,72,0,72,191
06/16/2022,MOD,CA,AWP,WE,Federal Contract Tower,0,8,18,2,28,0,25,59,0,84,0,33,77,2,112,32,0,32,144
06/17/2022,MOD,CA,AWP,WE,Federal Contract Tower,0,4,9,0,13,0,36,52,0,88,0,40,61,0,101,78,0,78,179
06/18/2022,MOD,CA,AWP,WE,Federal Contract Tower,0,2,21,0,23,0,23,75,0,98,0,25,96,0,121,50,0,50,171
06/19/2022,MOD,CA,AWP,WE,Federal Contract Tower,0,8,4,0,12,0,22,70,0,92,0,30,74,0,104,32,0,32,136
06/20/2022,MOD,CA,AWP,WE,Federal Contract Tower,0,8,31,0,39,0,20,82,0,102,0,28,113,0,141,54,0,54,195
06/21/2022,MOD,CA,AWP,WE,Federal Contract Tower,0,1,9,0,10,0,26,47,0,73,0,27,56,0,83,72,0,72,155
06/22/2022,MOD,CA,AWP,WE,Federal Contract Tower,0,0,7,0,7,0,11,56,0,67,0,11,63,0,74,70,0,70,144
06/23/2022,MOD,CA,AWP,WE,Federal Contract Tower,0,3,5,0,8,0,30,81,0,111,0,33,86,0,119,54,0,54,173
06/24/2022,MOD,CA,AWP,WE,Federal Contract Tower,0,3,21,0,24,0,37,46,0,83,0,40,67,0,107,84,0,84,191
06/25/2022,MOD,CA,AWP,WE,Federal Contract Tower,0,2,27,0,29,0,23,93,0,116,0,25,120,0,145,36,0,36,181
06/26/2022,MOD,CA,AWP,WE,Federal Contract Tower,0,3,12,0,15,0,34,59,0,93,0,37,71,0,108,16,0,16,124
06/27/2022,MOD,CA,AWP,WE,Federal Contract Tower,0,6,12,0,18,0,28,73,0,101,0,34,85,0,119,24,0,24,143
06/28/2022,MOD,CA,AWP,WE,Federal Contract Tower,0,7,8,0,15,0,30,41,0,71,0,37,49,0,86,38,0,38,124
06/29/2022,MOD,CA,AWP,WE,Federal Contract Tower,0,9,9,2,20,0,22,106,0,128,0,31,115,2,148,120,0,120,268
06/30/2022,MOD,CA,AWP,WE,Federal Contract Tower,0,5,12,0,17,0,16,66,0,82,0,21,78,0,99,58,0,58,157
07/01/2022,MOD,CA,AWP,WE,Federal Contract Tower,0,6,11,0,17,0,26,71,0,97,0,32,82,0,114,84,0,84,198
07/02/2022,MOD,CA,AWP,WE,Federal Contract Tower,0,11,8,0,19,0,30,63,0,93,0,41,71,0,112,40,0,40,152
07/03/2022,MOD,CA,AWP,WE,Federal Contract Tower,0,4,2,0,6,0,17,30,0,47,0,21,32,0,53,4,0,4,57
07/04/2022,MOD,CA,AWP,WE,Federal Contract Tower,0,6,9,0,15,0,28,36,0,64,0,34,45,0,79,0,0,0,79
07/05/2022,MOD,CA,AWP,WE,Federal Contract Tower,0,5,15,0,20,0,21,48,0,69,0,26,63,0,89,74,0,74,163
07/06/2022,MOD,CA,AWP,WE,Federal Contract Tower,0,3,15,0,18,0,14,62,0,76,0,17,77,0,94,58,0,58,152
07/07/2022,MOD,CA,AWP,WE,Federal Contract Tower,0,20,9,0,29,0,42,61,0,103,0,62,70,0,132,32,0,32,164
07/08/2022,MOD,CA,AWP,WE,Federal Contract Tower,0,7,13,0,20,0,32,56,0,88,0,39,69,0,108,24,0,24,132
07/09/2022,MOD,CA,AWP,WE,Federal Contract Tower,0,2,20,0,22,0,21,150,0,171,0,23,170,0,193,36,0,36,229
07/10/2022,MOD,CA,AWP,WE,Federal Contract Tower,0,7,13,0,20,0,25,75,0,100,0,32,88,0,120,42,0,42,162
07/11/2022,MOD,CA,AWP,WE,Federal Contract Tower,0,11,13,0,24,0,20,54,0,74,0,31,67,0,98,72,0,72,170
07/12/2022,MOD,CA,AWP,WE,Federal Contract Tower,0,7,11,0,18,0,23,36,0,59,0,30,47,0,77,16,0,16,93
07/13/2022,MOD,CA,AWP,WE,Federal Contract Tower,0,6,4,0,10,0,23,53,0,76,0,29,57,0,86,58,0,58,144
07/14/2022,MOD,CA,AWP,WE,Federal Contract Tower,0,1,13,4,18,0,21,55,0,76,0,22,68,4,94,44,0,44,138
07/15/2022,MOD,CA,AWP,WE,Federal Contract Tower,0,1,11,0,12,0,21,74,0,95,0,22,85,0,107,48,0,48,155
07/16/2022,MOD,CA,AWP,WE,Federal Contract Tower,0,3,9,0,12,0,29,78,0,107,0,32,87,0,119,60,0,60,179
07/17/2022,MOD,CA,AWP,WE,Federal Contract Tower,0,5,7,0,12,0,16,55,0,71,0,21,62,0,83,24,0,24,107
07/18/2022,MOD,CA,AWP,WE,Federal Contract Tower,0,7,11,0,18,0,13,49,0,62,0,20,60,0,80,46,0,46,126
07/19/2022,MOD,CA,AWP,WE,Federal Contract Tower,0,5,7,2,14,0,20,72,0,92,0,25,79,2,106,38,0,38,144
07/20/2022,MOD,CA,AWP,WE,Federal Contract Tower,0,5,12,0,17,0,9,76,0,85,0,14,88,0,102,64,0,64,166
07/21/2022,MOD,CA,AWP,WE,Federal Contract Tower,0,11,12,0,23,0,23,49,0,72,0,34,61,0,95,44,2,46,141
07/22/2022,MOD,CA,AWP,WE,Federal Contract Tower,0,8,14,0,22,0,38,62,0,100,0,46,76,0,122,34,0,34,156
07/23/2022,MOD,CA,AWP,WE,Federal Contract Tower,0,6,11,0,17,0,30,112,0,142,0,36,123,0,159,54,0,54,213
07/24/2022,MOD,CA,AWP,WE,Federal Contract Tower,0,4,6,0,10,0,21,57,0,78,0,25,63,0,88,14,0,14,102
07/25/2022,MOD,CA,AWP,WE,Federal Contract Tower,0,3,14,0,17,0,15,50,0,65,0,18,64,0,82,12,0,12,94
07/26/2022,MOD,CA,AWP,WE,Federal Contract Tower,0,7,20,0,27,0,18,33,0,51,0,25,53,0,78,14,0,14,92
07/27/2022,MOD,CA,AWP,WE,Federal Contract Tower,0,9,3,0,12,0,18,61,0,79,0,27,64,0,91,46,0,46,137
07/28/2022,MOD,CA,AWP,WE,Federal Contract Tower,0,7,8,0,15,0,34,73,0,107,0,41,81,0,122,6,0,6,128
07/29/2022,MOD,CA,AWP,WE,Federal Contract Tower,0,11,18,0,29,0,25,50,0,75,0,36,68,0,104,30,0,30,134
07/30/2022,MOD,CA,AWP,WE,Federal Contract Tower,0,6,14,0,20,0,13,60,0,73,0,19,74,0,93,60,0,60,153
07/31/2022,MOD,CA,AWP,WE,Federal Contract Tower,0,9,19,0,28,0,24,47,0,71,0,33,66,0,99,28,0,28,127
08/01/2022,MOD,CA,AWP,WE,Federal Contract Tower,0,5,16,0,21,0,26,50,0,76,0,31,66,0,97,14,0,14,111
08/02/2022,MOD,CA,AWP,WE,Federal Contract Tower,0,5,21,0,26,0,35,41,2,78,0,40,62,2,104,30,0,30,134
08/03/2022,MOD,CA,AWP,WE,Federal Contract Tower,0,5,11,0,16,0,22,68,1,91,0,27,79,1,107,24,0,24,131
08/04/2022,MOD,CA,AWP,WE,Federal Contract Tower,0,7,11,2,20,0,36,50,0,86,0,43,61,2,106,24,0,24,130
08/05/2022,MOD,CA,AWP,WE,Federal Contract Tower,0,6,33,0,39,0,28,68,0,96,0,34,101,0,135,14,0,14,149
08/06/2022,MOD,CA,AWP,WE,Federal Contract Tower,0,2,4,0,6,0,16,66,0,82,0,18,70,0,88,58,0,58,146
08/07/2022,MOD,CA,AWP,WE,Federal Contract Tower,0,9,18,0,27,0,19,55,0,74,0,28,73,0,101,20,0,20,121
08/08/2022,MOD,CA,AWP,WE,Federal Contract Tower,0,5,14,2,21,0,21,53,0,74,0,26,67,2,95,10,0,10,105
08/09/2022,MOD,CA,AWP,WE,Federal Contract Tower,0,4,10,0,14,0,22,58,0,80,0,26,68,0,94,74,0,74,168
08/10/2022,MOD,CA,AWP,WE,Federal Contract Tower,0,4,17,2,23,0,16,68,0,84,0,20,85,2,107,56,0,56,163
08/11/2022,MOD,CA,AWP,WE,Federal Contract Tower,0,9,36,0,45,0,28,46,0,74,0,37,82,0,119,24,0,24,143
08/12/2022,MOD,CA,AWP,WE,Federal Contract Tower,0,4,10,0,14,0,25,47,0,72,0,29,57,0,86,36,0,36,122
08/13/2022,MOD,CA,AWP,WE,Federal Contract Tower,0,3,11,0,14,0,28,160,0,188,0,31,171,0,202,46,0,46,248
08/14/2022,MOD,CA,AWP,WE,Federal Contract Tower,0,5,17,0,22,0,20,79,0,99,0,25,96,0,121,86,0,86,207
08/15/2022,MOD,CA,AWP,WE,Federal Contract Tower,0,7,17,0,24,0,23,67,0,90,0,30,84,0,114,16,0,16,130
08/16/2022,MOD,CA,AWP,WE,Federal Contract Tower,0,7,9,0,16,0,20,57,0,77,0,27,66,0,93,98,0,98,191
08/17/2022,MOD,CA,AWP,WE,Federal Contract Tower,0,7,2,0,9,0,14,42,0,56,0,21,44,0,65,70,0,70,135
08/18/2022,MOD,CA,AWP,WE,Federal Contract Tower,0,11,14,0,25,0,10,34,0,44,0,21,48,0,69,78,0,78,147
08/19/2022,MOD,CA,AWP,WE,Federal Contract Tower,0,12,9,0,21,0,32,54,0,86,0,44,63,0,107,36,0,36,143
08/20/2022,MOD,CA,AWP,WE,Federal Contract Tower,0,5,8,0,13,0,19,53,0,72,0,24,61,0,85,46,0,46,131
08/21/2022,MOD,CA,AWP,WE,Federal Contract Tower,0,7,19,0,26,0,24,59,0,83,0,31,78,0,109,68,0,68,177
08/22/2022,MOD,CA,AWP,WE,Federal Contract Tower,0,6,14,0,20,0,24,32,0,56,0,30,46,0,76,22,0,22,98
08/23/2022,MOD,CA,AWP,WE,Federal Contract Tower,0,2,7,0,9,0,28,59,0,87,0,30,66,0,96,68,0,68,164
08/24/2022,MOD,CA,AWP,WE,Federal Contract Tower,0,5,24,0,29,0,15,69,0,84,0,20,93,0,113,34,0,34,147
08/25/2022,MOD,CA,AWP,WE,Federal Contract Tower,0,12,20,0,32,0,22,41,0,63,0,34,61,0,95,10,0,10,105
08/26/2022,MOD,CA,AWP,WE,Federal Contract Tower,0,14,12,0,26,0,27,61,0,88,0,41,73,0,114,50,0,50,164
08/27/2022,MOD,CA,AWP,WE,Federal Contract Tower,0,7,31,0,38,0,19,103,0,122,0,26,134,0,160,54,0,54,214
08/28/2022,MOD,CA,AWP,WE,Federal Contract Tower,0,1,14,0,15,0,19,64,0,83,0,20,78,0,98,104,0,104,202
08/29/2022,MOD,CA,AWP,WE,Federal Contract Tower,0,11,31,0,42,0,34,35,0,69,0,45,66,0,111,44,0,44,155
08/30/2022,MOD,CA,AWP,WE,Federal Contract Tower,0,13,15,0,28,0,20,50,0,70,0,33,65,0,98,50,0,50,148
08/31/2022,MOD,CA,AWP,WE,Federal Contract Tower,0,7,19,0,26,0,12,72,0,84,0,19,91,0,110,68,0,68,178
09/01/2022,MOD,CA,AWP,WE,Federal Contract Tower,0,10,29,0,39,0,35,57,0,92,0,45,86,0,131,10,0,10,141
09/02/2022,MOD,CA,AWP,WE,Federal Contract Tower,0,5,9,0,14,0,33,49,0,82,0,38,58,0,96,46,0,46,142
09/03/2022,MOD,CA,AWP,WE,Federal Contract Tower,0,0,22,0,22,0,41,49,0,90,0,41,71,0,112,16,0,16,128
09/04/2022,MOD,CA,AWP,WE,Federal Contract Tower,0,1,10,0,11,0,6,22,0,28,0,7,32,0,39,0,0,0,39
09/05/2022,MOD,CA,AWP,WE,Federal Contract Tower,0,6,0,0,6,0,19,31,0,50,0,25,31,0,56,26,0,26,82
09/06/2022,MOD,CA,AWP,WE,Federal Contract Tower,0,3,2,0,5,0,3,24,0,27,0,6,26,0,32,0,0,0,32
09/07/2022,MOD,CA,AWP,WE,Federal Contract Tower,0,2,1,0,3,0,1,12,0,13,0,3,13,0,16,0,0,0,16
09/08/2022,MOD,CA,AWP,WE,Federal Contract Tower,0,0,0,0,0,0,0,0,0,0,0,0,0,0,0,0,0,0,0
09/09/2022,MOD,CA,AWP,WE,Federal Contract Tower,0,8,16,0,24,0,5,44,0,49,0,13,60,0,73,26,0,26,99
09/10/2022,MOD,CA,AWP,WE,Federal Contract Tower,0,3,17,0,20,0,1,97,0,98,0,4,114,0,118,20,0,20,138
09/11/2022,MOD,CA,AWP,WE,Federal Contract Tower,0,4,3,0,7,0,10,37,0,47,0,14,40,0,54,10,0,10,64
09/12/2022,MOD,CA,AWP,WE,Federal Contract Tower,0,8,19,0,27,0,10,42,0,52,0,18,61,0,79,44,0,44,123
09/13/2022,MOD,CA,AWP,WE,Federal Contract Tower,0,7,13,0,20,0,26,50,0,76,0,33,63,0,96,46,0,46,142
09/14/2022,MOD,CA,AWP,WE,Federal Contract Tower,0,3,10,0,13,0,12,44,0,56,0,15,54,0,69,40,0,40,109
09/15/2022,MOD,CA,AWP,WE,Federal Contract Tower,0,6,18,0,24,0,15,31,0,46,0,21,49,0,70,34,0,34,104
09/16/2022,MOD,CA,AWP,WE,Federal Contract Tower,0,5,17,0,22,0,41,75,0,116,0,46,92,0,138,76,0,76,214
09/17/2022,MOD,CA,AWP,WE,Federal Contract Tower,0,13,16,0,29,0,13,51,0,64,0,26,67,0,93,106,0,106,199
09/18/2022,MOD,CA,AWP,WE,Federal Contract Tower,0,5,10,0,15,0,21,12,0,33,0,26,22,0,48,0,0,0,48
09/19/2022,MOD,CA,AWP,WE,Federal Contract Tower,0,12,22,0,34,0,25,11,0,36,0,37,33,0,70,0,0,0,70
09/20/2022,MOD,CA,AWP,WE,Federal Contract Tower,0,6,23,0,29,0,21,28,0,49,0,27,51,0,78,42,0,42,120
09/21/2022,MOD,CA,AWP,WE,Federal Contract Tower,0,2,8,0,10,0,18,44,0,62,0,20,52,0,72,30,0,30,102
09/22/2022,MOD,CA,AWP,WE,Federal Contract Tower,0,6,5,0,11,0,28,42,0,70,0,34,47,0,81,24,0,24,105
09/23/2022,MOD,CA,AWP,WE,Federal Contract Tower,0,8,24,0,32,0,44,89,10,143,0,52,113,10,175,58,0,58,233
09/24/2022,MOD,CA,AWP,WE,Federal Contract Tower,0,5,18,0,23,0,26,104,0,130,0,31,122,0,153,106,0,106,259
09/25/2022,MOD,CA,AWP,WE,Federal Contract Tower,0,9,15,0,24,0,29,89,0,118,0,38,104,0,142,82,0,82,224
09/26/2022,MOD,CA,AWP,WE,Federal Contract Tower,0,9,19,0,28,0,26,47,0,73,0,35,66,0,101,40,0,40,141
09/27/2022,MOD,CA,AWP,WE,Federal Contract Tower,0,13,16,0,29,0,19,51,0,70,0,32,67,0,99,60,0,60,159
09/28/2022,MOD,CA,AWP,WE,Federal Contract Tower,0,3,4,0,7,0,9,55,0,64,0,12,59,0,71,50,0,50,121
09/29/2022,MOD,CA,AWP,WE,Federal Contract Tower,0,4,12,0,16,0,14,83,0,97,0,18,95,0,113,74,0,74,187
09/30/2022,MOD,CA,AWP,WE,Federal Contract Tower,0,15,22,0,37,0,37,134,0,171,0,52,156,0,208,84,0,84,292
10/01/2022,MOD,CA,AWP,WE,Federal Contract Tower,0,5,22,0,27,0,22,178,0,200,0,27,200,0,227,122,0,122,349
10/02/2022,MOD,CA,AWP,WE,Federal Contract Tower,0,6,18,0,24,0,18,86,0,104,0,24,104,0,128,54,0,54,182
10/03/2022,MOD,CA,AWP,WE,Federal Contract Tower,0,11,19,0,30,0,18,46,0,64,0,29,65,0,94,4,0,4,98
10/04/2022,MOD,CA,AWP,WE,Federal Contract Tower,0,7,23,0,30,0,31,49,0,80,0,38,72,0,110,36,0,36,146
10/05/2022,MOD,CA,AWP,WE,Federal Contract Tower,0,5,10,0,15,0,13,61,0,74,0,18,71,0,89,40,0,40,129
10/06/2022,MOD,CA,AWP,WE,Federal Contract Tower,0,13,18,0,31,0,31,57,0,88,0,44,75,0,119,50,0,50,169
10/07/2022,MOD,CA,AWP,WE,Federal Contract Tower,0,9,20,0,29,0,18,57,0,75,0,27,77,0,104,28,0,28,132
10/08/2022,MOD,CA,AWP,WE,Federal Contract Tower,0,17,20,0,37,0,26,63,0,89,0,43,83,0,126,52,0,52,178
10/09/2022,MOD,CA,AWP,WE,Federal Contract Tower,0,12,21,0,33,0,24,38,0,62,0,36,59,0,95,32,0,32,127
10/10/2022,MOD,CA,AWP,WE,Federal Contract Tower,0,7,30,0,37,0,30,47,0,77,0,37,77,0,114,38,0,38,152
10/11/2022,MOD,CA,AWP,WE,Federal Contract Tower,0,14,14,0,28,0,23,69,0,92,0,37,83,0,120,66,0,66,186
10/12/2022,MOD,CA,AWP,WE,Federal Contract Tower,0,5,11,0,16,0,14,76,0,90,0,19,87,0,106,44,0,44,150
10/13/2022,MOD,CA,AWP,WE,Federal Contract Tower,0,11,14,0,25,0,41,70,0,111,0,52,84,0,136,56,0,56,192
10/14/2022,MOD,CA,AWP,WE,Federal Contract Tower,0,7,11,0,18,0,15,54,0,69,0,22,65,0,87,34,0,34,121
10/15/2022,MOD,CA,AWP,WE,Federal Contract Tower,0,3,23,0,26,0,26,49,0,75,0,29,72,0,101,54,0,54,155
10/16/2022,MOD,CA,AWP,WE,Federal Contract Tower,0,1,21,0,22,0,25,47,0,72,0,26,68,0,94,44,0,44,138
10/17/2022,MOD,CA,AWP,WE,Federal Contract Tower,0,4,6,0,10,0,18,57,0,75,0,22,63,0,85,30,0,30,115
10/18/2022,MOD,CA,AWP,WE,Federal Contract Tower,0,5,10,0,15,0,8,62,0,70,0,13,72,0,85,46,0,46,131
10/19/2022,MOD,CA,AWP,WE,Federal Contract Tower,0,4,15,0,19,0,30,64,0,94,0,34,79,0,113,2,0,2,115
10/20/2022,MOD,CA,AWP,WE,Federal Contract Tower,0,4,24,0,28,0,13,60,0,73,0,17,84,0,101,32,0,32,133
10/21/2022,MOD,CA,AWP,WE,Federal Contract Tower,0,6,19,0,25,0,24,69,0,93,0,30,88,0,118,52,0,52,170
10/22/2022,MOD,CA,AWP,WE,Federal Contract Tower,0,3,22,0,25,0,18,67,0,85,0,21,89,0,110,36,0,36,146
10/23/2022,MOD,CA,AWP,WE,Federal Contract Tower,0,4,32,0,36,0,32,48,0,80,0,36,80,0,116,50,0,50,166
10/24/2022,MOD,CA,AWP,WE,Federal Contract Tower,0,7,15,0,22,0,28,58,0,86,0,35,73,0,108,26,0,26,134
10/25/2022,MOD,CA,AWP,WE,Federal Contract Tower,0,11,24,2,37,0,7,53,0,60,0,18,77,2,97,40,0,40,137
10/26/2022,MOD,CA,AWP,WE,Federal Contract Tower,0,17,20,0,37,0,26,63,0,89,0,43,83,0,126,52,0,52,178
10/27/2022,MOD,CA,AWP,WE,Federal Contract Tower,0,5,36,0,41,0,22,52,0,74,0,27,88,0,115,22,0,22,137
10/28/2022,MOD,CA,AWP,WE,Federal Contract Tower,0,15,16,0,31,0,25,76,0,101,0,40,92,0,132,38,0,38,170
10/29/2022,MOD,CA,AWP,WE,Federal Contract Tower,0,5,20,0,25,0,24,64,0,88,0,29,84,0,113,70,0,70,183
10/30/2022,MOD,CA,AWP,WE,Federal Contract Tower,0,5,18,0,23,0,27,43,0,70,0,32,61,0,93,60,0,60,153
10/31/2022,MOD,CA,AWP,WE,Federal Contract Tower,0,7,12,0,19,0,28,45,0,73,0,35,57,0,92,68,0,68,160
11/01/2022,MOD,CA,AWP,WE,Federal Contract Tower,0,9,16,0,25,0,6,17,0,23,0,15,33,0,48,2,0,2,50
11/02/2022,MOD,CA,AWP,WE,Federal Contract Tower,0,11,11,2,24,0,22,27,0,49,0,33,38,2,73,24,0,24,97
11/03/2022,MOD,CA,AWP,WE,Federal Contract Tower,0,12,41,0,53,0,21,30,0,51,0,33,71,0,104,22,0,22,126
11/04/2022,MOD,CA,AWP,WE,Federal Contract Tower,0,5,17,0,22,0,32,74,0,106,0,37,91,0,128,78,0,78,206
11/05/2022,MOD,CA,AWP,WE,Federal Contract Tower,0,15,15,0,30,0,16,40,0,56,0,31,55,0,86,74,0,74,160
11/06/2022,MOD,CA,AWP,WE,Federal Contract Tower,0,6,16,0,22,0,22,36,0,58,0,28,52,0,80,68,0,68,148
11/07/2022,MOD,CA,AWP,WE,Federal Contract Tower,0,25,7,0,32,0,17,39,0,56,0,42,46,0,88,42,0,42,130
11/08/2022,MOD,CA,AWP,WE,Federal Contract Tower,0,16,2,0,18,0,8,0,0,8,0,24,2,0,26,0,0,0,26
11/09/2022,MOD,CA,AWP,WE,Federal Contract Tower,0,1,29,0,30,0,32,50,0,82,0,33,79,0,112,74,0,74,186
11/10/2022,MOD,CA,AWP,WE,Federal Contract Tower,0,12,21,0,33,0,16,53,0,69,0,28,74,0,102,46,0,46,148
11/11/2022,MOD,CA,AWP,WE,Federal Contract Tower,0,4,21,2,27,0,28,50,0,78,0,32,71,2,105,100,0,100,205
11/12/2022,MOD,CA,AWP,WE,Federal Contract Tower,0,6,34,0,40,0,31,89,0,120,0,37,123,0,160,36,0,36,196
11/13/2022,MOD,CA,AWP,WE,Federal Contract Tower,0,9,15,0,24,0,27,46,0,73,0,36,61,0,97,28,0,28,125
11/14/2022,MOD,CA,AWP,WE,Federal Contract Tower,0,6,7,0,13,0,30,35,0,65,0,36,42,0,78,38,0,38,116
11/15/2022,MOD,CA,AWP,WE,Federal Contract Tower,0,9,21,0,30,0,22,40,0,62,0,31,61,0,92,20,0,20,112
11/16/2022,MOD,CA,AWP,WE,Federal Contract Tower,0,10,17,0,27,0,20,62,0,82,0,30,79,0,109,44,0,44,153
11/17/2022,MOD,CA,AWP,WE,Federal Contract Tower,0,17,30,0,47,0,30,46,0,76,0,47,76,0,123,26,0,26,149
11/18/2022,MOD,CA,AWP,WE,Federal Contract Tower,0,16,33,0,49,0,44,46,0,90,0,60,79,0,139,44,0,44,183
11/19/2022,MOD,CA,AWP,WE,Federal Contract Tower,0,3,2,0,5,0,21,59,0,80,0,24,61,0,85,50,0,50,135
11/20/2022,MOD,CA,AWP,WE,Federal Contract Tower,0,5,12,0,17,0,24,40,0,64,0,29,52,0,81,20,0,20,101
11/21/2022,MOD,CA,AWP,WE,Federal Contract Tower,0,6,8,0,14,0,18,36,0,54,0,24,44,0,68,14,0,14,82
11/22/2022,MOD,CA,AWP,WE,Federal Contract Tower,0,12,19,0,31,0,26,36,0,62,0,38,55,0,93,20,0,20,113
11/23/2022,MOD,CA,AWP,WE,Federal Contract Tower,0,11,24,4,39,0,24,47,0,71,0,35,71,4,110,18,0,18,128
11/24/2022,MOD,CA,AWP,WE,Federal Contract Tower,0,0,6,0,6,0,0,22,0,22,0,0,28,0,28,0,0,0,28
11/25/2022,MOD,CA,AWP,WE,Federal Contract Tower,0,7,19,0,26,0,26,53,0,79,0,33,72,0,105,12,0,12,117
11/26/2022,MOD,CA,AWP,WE,Federal Contract Tower,0,11,9,0,20,0,18,69,0,87,0,29,78,0,107,58,0,58,165
11/27/2022,MOD,CA,AWP,WE,Federal Contract Tower,0,3,12,0,15,0,17,45,0,62,0,20,57,0,77,8,0,8,85
11/28/2022,MOD,CA,AWP,WE,Federal Contract Tower,0,6,29,0,35,0,34,24,0,58,0,40,53,0,93,20,0,20,113
11/29/2022,MOD,CA,AWP,WE,Federal Contract Tower,0,9,3,0,12,0,27,36,0,63,0,36,39,0,75,18,0,18,93
11/30/2022,MOD,CA,AWP,WE,Federal Contract Tower,0,14,23,2,39,0,27,66,0,93,0,41,89,2,132,26,0,26,158
12/01/2022,MOD,CA,AWP,WE,Federal Contract Tower,0,15,4,0,19,0,8,0,0,8,0,23,4,0,27,0,0,0,27
12/02/2022,MOD,CA,AWP,WE,Federal Contract Tower,0,1,32,0,33,0,24,46,0,70,0,25,78,0,103,60,0,60,163
12/03/2022,MOD,CA,AWP,WE,Federal Contract Tower,0,9,4,0,13,0,5,2,0,7,0,14,6,0,20,0,0,0,20
12/04/2022,MOD,CA,AWP,WE,Federal Contract Tower,0,6,2,0,8,0,18,13,0,31,0,24,15,0,39,0,0,0,39
12/05/2022,MOD,CA,AWP,WE,Federal Contract Tower,0,15,29,0,44,0,20,25,0,45,0,35,54,0,89,16,0,16,105
12/06/2022,MOD,CA,AWP,WE,Federal Contract Tower,0,12,31,2,45,0,17,27,0,44,0,29,58,2,89,14,0,14,103
12/07/2022,MOD,CA,AWP,WE,Federal Contract Tower,0,8,20,2,30,0,14,58,0,72,0,22,78,2,102,50,0,50,152
12/08/2022,MOD,CA,AWP,WE,Federal Contract Tower,0,21,22,0,43,0,21,19,0,40,0,42,41,0,83,40,0,40,123
12/09/2022,MOD,CA,AWP,WE,Federal Contract Tower,0,10,23,0,33,0,24,21,0,45,0,34,44,0,78,24,0,24,102
12/10/2022,MOD,CA,AWP,WE,Federal Contract Tower,0,12,6,0,18,0,9,0,0,9,0,21,6,0,27,0,0,0,27
12/11/2022,MOD,CA,AWP,WE,Federal Contract Tower,0,10,10,0,20,0,11,15,0,26,0,21,25,0,46,14,0,14,60
12/12/2022,MOD,CA,AWP,WE,Federal Contract Tower,0,13,15,0,28,0,16,41,0,57,0,29,56,0,85,16,0,16,101
12/13/2022,MOD,CA,AWP,WE,Federal Contract Tower,0,17,17,0,34,0,34,63,0,97,0,51,80,0,131,40,0,40,171
12/14/2022,MOD,CA,AWP,WE,Federal Contract Tower,0,4,25,2,31,0,19,50,0,69,0,23,75,2,100,54,0,54,154
12/15/2022,MOD,CA,AWP,WE,Federal Contract Tower,0,8,25,0,33,0,9,36,0,45,0,17,61,0,78,14,0,14,92
12/16/2022,MOD,CA,AWP,WE,Federal Contract Tower,0,11,18,0,29,0,25,28,0,53,0,36,46,0,82,36,0,36,118
12/17/2022,MOD,CA,AWP,WE,Federal Contract Tower,0,4,18,0,22,0,2,15,0,17,0,6,33,0,39,6,0,6,45
12/18/2022,MOD,CA,AWP,WE,Federal Contract Tower,0,4,3,0,7,0,0,0,0,0,0,4,3,0,7,0,0,0,7
12/19/2022,MOD,CA,AWP,WE,Federal Contract Tower,0,10,13,2,25,0,0,0,0,0,0,10,13,2,25,0,0,0,25
12/20/2022,MOD,CA,AWP,WE,Federal Contract Tower,0,7,21,0,28,0,9,14,0,23,0,16,35,0,51,36,0,36,87
12/21/2022,MOD,CA,AWP,WE,Federal Contract Tower,0,15,24,0,39,0,0,0,0,0,0,15,24,0,39,0,0,0,39
12/22/2022,MOD,CA,AWP,WE,Federal Contract Tower,0,15,22,0,37,0,1,1,0,2,0,16,23,0,39,0,0,0,39
12/23/2022,MOD,CA,AWP,WE,Federal Contract Tower,0,8,21,0,29,0,12,15,0,27,0,20,36,0,56,12,0,12,68
12/24/2022,MOD,CA,AWP,WE,Federal Contract Tower,0,8,16,0,24,0,2,2,0,4,0,10,18,0,28,0,0,0,28
12/25/2022,MOD,CA,AWP,WE,Federal Contract Tower,0,0,8,0,8,0,0,0,0,0,0,0,8,0,8,0,0,0,8
12/26/2022,MOD,CA,AWP,WE,Federal Contract Tower,0,13,17,0,30,0,0,0,0,0,0,13,17,0,30,0,0,0,30
12/27/2022,MOD,CA,AWP,WE,Federal Contract Tower,0,7,4,0,11,0,0,0,0,0,0,7,4,0,11,0,0,0,11
12/28/2022,MOD,CA,AWP,WE,Federal Contract Tower,0,9,20,0,29,0,16,50,0,66,0,25,70,0,95,16,0,16,111
12/29/2022,MOD,CA,AWP,WE,Federal Contract Tower,0,10,0,0,10,0,1,0,0,1,0,11,0,0,11,0,0,0,11
12/30/2022,MOD,CA,AWP,WE,Federal Contract Tower,0,7,5,0,12,0,0,0,0,0,0,7,5,0,12,0,0,0,12
12/31/2022,MOD,CA,AWP,WE,Federal Contract Tower,0,4,1,0,5,0,2,0,0,2,0,6,1,0,7,2,0,2,9
01/01/2023,MOD,CA,AWP,WE,Federal Contract Tower,0,7,7,0,14,0,23,19,0,42,0,30,26,0,56,8,0,8,64
01/02/2023,MOD,CA,AWP,WE,Federal Contract Tower,0,4,3,0,7,0,12,12,0,24,0,16,15,0,31,0,0,0,31
01/03/2023,MOD,CA,AWP,WE,Federal Contract Tower,0,20,8,1,29,0,15,26,1,42,0,35,34,2,71,38,12,50,121
01/04/2023,MOD,CA,AWP,WE,Federal Contract Tower,0,4,0,0,4,0,12,0,0,12,0,16,0,0,16,4,0,4,20
01/05/2023,MOD,CA,AWP,WE,Federal Contract Tower,0,3,0,0,3,0,7,7,0,14,0,10,7,0,17,18,0,18,35
01/06/2023,MOD,CA,AWP,WE,Federal Contract Tower,0,3,32,0,35,0,17,44,0,61,0,20,76,0,96,64,0,64,160
01/07/2023,MOD,CA,AWP,WE,Federal Contract Tower,0,2,6,0,8,0,21,18,0,39,0,23,24,0,47,14,0,14,61
01/08/2023,MOD,CA,AWP,WE,Federal Contract Tower,0,3,21,0,24,0,13,9,0,22,0,16,30,0,46,4,0,4,50
01/09/2023,MOD,CA,AWP,WE,Federal Contract Tower,0,6,13,0,19,0,9,7,0,16,0,15,20,0,35,6,0,6,41
01/10/2023,MOD,CA,AWP,WE,Federal Contract Tower,0,1,8,0,9,0,12,4,0,16,0,13,12,0,25,0,0,0,25
01/11/2023,MOD,CA,AWP,WE,Federal Contract Tower,0,7,7,0,14,0,11,3,0,14,0,18,10,0,28,8,0,8,36
01/13/2023,MOD,CA,AWP,WE,Federal Contract Tower,0,6,10,0,16,0,21,12,0,33,0,27,22,0,49,12,0,12,61
01/14/2023,MOD,CA,AWP,WE,Federal Contract Tower,0,4,1,0,5,0,16,2,0,18,0,20,3,0,23,0,0,0,23
01/15/2023,MOD,CA,AWP,WE,Federal Contract Tower,0,3,5,0,8,0,3,4,0,7,0,6,9,0,15,16,0,16,31
01/16/2023,MOD,CA,AWP,WE,Federal Contract Tower,0,4,17,0,21,0,18,22,0,40,0,22,39,0,61,10,0,10,71
01/17/2023,MOD,CA,AWP,WE,Federal Contract Tower,0,6,18,0,24,0,12,21,0,33,0,18,39,0,57,32,0,32,89
01/18/2023,MOD,CA,AWP,WE,Federal Contract Tower,0,9,6,0,15,0,15,18,0,33,0,24,24,0,48,8,0,8,56
01/19/2023,MOD,CA,AWP,WE,Federal Contract Tower,0,19,14,0,33,0,7,8,0,15,0,26,22,0,48,10,0,10,58
01/20/2023,MOD,CA,AWP,WE,Federal Contract Tower,0,6,20,0,26,0,15,57,0,72,0,21,77,0,98,12,0,12,110
01/21/2023,MOD,CA,AWP,WE,Federal Contract Tower,0,0,17,0,17,0,13,56,6,75,0,13,73,6,92,70,0,70,162
01/22/2023,MOD,CA,AWP,WE,Federal Contract Tower,0,7,18,0,25,0,18,23,0,41,0,25,41,0,66,24,0,24,90
01/23/2023,MOD,CA,AWP,WE,Federal Contract Tower,0,9,14,0,23,0,24,38,3,65,0,33,52,3,88,36,0,36,124
01/24/2023,MOD,CA,AWP,WE,Federal Contract Tower,0,4,13,0,17,0,28,34,0,62,0,32,47,0,79,48,0,48,127
01/25/2023,MOD,CA,AWP,WE,Federal Contract Tower,0,8,15,0,23,0,15,55,0,70,0,23,70,0,93,36,0,36,129
01/26/2023,MOD,CA,AWP,WE,Federal Contract Tower,0,14,19,0,33,0,30,58,0,88,0,44,77,0,121,70,0,70,191
01/27/2023,MOD,CA,AWP,WE,Federal Contract Tower,0,17,44,0,61,0,29,54,0,83,0,46,98,0,144,70,0,70,214
01/28/2023,MOD,CA,AWP,WE,Federal Contract Tower,0,4,20,0,24,0,22,53,0,75,0,26,73,0,99,38,0,38,137
01/29/2023,MOD,CA,AWP,WE,Federal Contract Tower,0,11,6,0,17,0,8,9,0,17,0,19,15,0,34,8,0,8,42
01/30/2023,MOD,CA,AWP,WE,Federal Contract Tower,0,7,22,4,33,0,32,47,0,79,0,39,69,4,112,14,0,14,126
01/31/2023,MOD,CA,AWP,WE,Federal Contract Tower,0,10,14,6,30,0,40,50,0,90,0,50,64,6,120,34,0,34,154
02/01/2023,MOD,CA,AWP,WE,Federal Contract Tower,0,7,34,0,41,0,28,67,0,95,0,35,101,0,136,58,0,58,194
02/02/2023,MOD,CA,AWP,WE,Federal Contract Tower,0,6,18,0,24,0,30,34,0,64,0,36,52,0,88,58,0,58,146
02/03/2023,MOD,CA,AWP,WE,Federal Contract Tower,0,5,20,0,25,0,28,30,0,58,0,33,50,0,83,4,0,4,87
02/04/2023,MOD,CA,AWP,WE,Federal Contract Tower,0,6,5,0,11,0,20,25,0,45,0,26,30,0,56,30,0,30,86
02/05/2023,MOD,CA,AWP,WE,Federal Contract Tower,0,4,6,0,10,0,19,8,0,27,0,23,14,0,37,20,0,20,57
02/06/2023,MOD,CA,AWP,WE,Federal Contract Tower,0,9,15,0,24,0,24,47,0,71,0,33,62,0,95,56,0,56,151
02/07/2023,MOD,CA,AWP,WE,Federal Contract Tower,0,8,22,0,30,0,26,52,0,78,0,34,74,0,108,44,0,44,152
02/08/2023,MOD,CA,AWP,WE,Federal Contract Tower,0,5,14,0,19,0,12,54,0,66,0,17,68,0,85,90,0,90,175
02/09/2023,MOD,CA,AWP,WE,Federal Contract Tower,0,5,28,0,33,0,26,54,0,80,0,31,82,0,113,104,0,104,217
02/10/2023,MOD,CA,AWP,WE,Federal Contract Tower,0,6,31,0,37,0,24,33,0,57,0,30,64,0,94,28,0,28,122
02/11/2023,MOD,CA,AWP,WE,Federal Contract Tower,0,5,12,0,17,0,15,72,2,89,0,20,84,2,106,32,0,32,138
02/12/2023,MOD,CA,AWP,WE,Federal Contract Tower,0,4,17,0,21,0,9,59,0,68,0,13,76,0,89,62,0,62,151
02/13/2023,MOD,CA,AWP,WE,Federal Contract Tower,0,13,13,0,26,0,27,43,0,70,0,40,56,0,96,40,0,40,136
02/14/2023,MOD,CA,AWP,WE,Federal Contract Tower,0,6,24,0,30,0,21,28,0,49,0,27,52,0,79,10,0,10,89
02/15/2023,MOD,CA,AWP,WE,Federal Contract Tower,0,7,30,0,37,0,5,43,0,48,0,12,73,0,85,30,0,30,115
02/16/2023,MOD,CA,AWP,WE,Federal Contract Tower,0,15,36,0,51,0,24,43,0,67,0,39,79,0,118,46,0,46,164
02/17/2023,MOD,CA,AWP,WE,Federal Contract Tower,0,8,35,0,43,0,38,64,0,102,0,46,99,0,145,14,0,14,159
02/18/2023,MOD,CA,AWP,WE,Federal Contract Tower,0,10,33,0,43,0,29,93,0,122,0,39,126,0,165,70,0,70,235
02/19/2023,MOD,CA,AWP,WE,Federal Contract Tower,0,4,24,0,28,0,13,55,0,68,0,17,79,0,96,22,0,22,118
02/20/2023,MOD,CA,AWP,WE,Federal Contract Tower,0,10,16,0,26,0,33,77,0,110,0,43,93,0,136,74,0,74,210
02/21/2023,MOD,CA,AWP,WE,Federal Contract Tower,0,14,5,2,21,0,13,23,0,36,0,27,28,2,57,12,0,12,69
02/22/2023,MOD,CA,AWP,WE,Federal Contract Tower,0,10,2,2,14,0,13,22,0,35,0,23,24,2,49,14,0,14,63
02/23/2023,MOD,CA,AWP,WE,Federal Contract Tower,0,16,0,0,16,0,14,7,0,21,0,30,7,0,37,2,0,2,39
02/24/2023,MOD,CA,AWP,WE,Federal Contract Tower,0,6,0,0,6,0,2,0,0,2,0,8,0,0,8,0,0,0,8
02/25/2023,MOD,CA,AWP,WE,Federal Contract Tower,0,6,3,0,9,0,25,5,0,30,0,31,8,0,39,0,0,0,39
02/26/2023,MOD,CA,AWP,WE,Federal Contract Tower,0,13,2,0,15,0,8,4,0,12,0,21,6,0,27,10,0,10,37
02/27/2023,MOD,CA,AWP,WE,Federal Contract Tower,0,1,5,0,6,0,10,3,0,13,0,11,8,0,19,32,0,32,51
02/28/2023,MOD,CA,AWP,WE,Federal Contract Tower,0,9,5,2,16,0,11,1,0,12,0,20,6,2,28,0,0,0,28
03/01/2023,MOD,CA,AWP,WE,Federal Contract Tower,0,2,6,4,12,0,34,28,0,62,0,36,34,4,74,2,0,2,76
03/02/2023,MOD,CA,AWP,WE,Federal Contract Tower,0,7,18,0,25,0,19,75,0,94,0,26,93,0,119,88,0,88,207
03/03/2023,MOD,CA,AWP,WE,Federal Contract Tower,0,10,37,0,47,0,35,60,0,95,0,45,97,0,142,66,0,66,208
03/04/2023,MOD,CA,AWP,WE,Federal Contract Tower,0,3,2,0,5,0,17,10,0,27,0,20,12,0,32,12,0,12,44
03/05/2023,MOD,CA,AWP,WE,Federal Contract Tower,0,9,8,0,17,0,13,15,0,28,0,22,23,0,45,18,0,18,63
03/06/2023,MOD,CA,AWP,WE,Federal Contract Tower,0,20,7,0,27,0,14,19,0,33,0,34,26,0,60,18,0,18,78
03/07/2023,MOD,CA,AWP,WE,Federal Contract Tower,0,5,22,0,27,0,27,49,0,76,0,32,71,0,103,68,0,68,171
03/08/2023,MOD,CA,AWP,WE,Federal Contract Tower,0,8,13,0,21,0,21,31,0,52,0,29,44,0,73,44,0,44,117
03/09/2023,MOD,CA,AWP,WE,Federal Contract Tower,0,19,3,2,24,0,7,10,0,17,0,26,13,2,41,4,0,4,45
03/10/2023,MOD,CA,AWP,WE,Federal Contract Tower,0,17,3,0,20,0,12,0,0,12,0,29,3,0,32,0,0,0,32
03/11/2023,MOD,CA,AWP,WE,Federal Contract Tower,0,13,22,0,35,0,30,11,0,41,0,43,33,0,76,12,0,12,88
03/12/2023,MOD,CA,AWP,WE,Federal Contract Tower,0,8,13,0,21,0,3,5,0,8,0,11,18,0,29,20,0,20,49
03/13/2023,MOD,CA,AWP,WE,Federal Contract Tower,0,14,12,0,26,0,23,17,0,40,0,37,29,0,66,34,0,34,100
03/14/2023,MOD,CA,AWP,WE,Federal Contract Tower,0,8,0,0,8,0,7,0,0,7,0,15,0,0,15,0,0,0,15
03/15/2023,MOD,CA,AWP,WE,Federal Contract Tower,0,5,16,0,21,0,13,27,0,40,0,18,43,0,61,24,0,24,85
03/16/2023,MOD,CA,AWP,WE,Federal Contract Tower,0,7,42,0,49,0,42,81,0,123,0,49,123,0,172,72,0,72,244
03/17/2023,MOD,CA,AWP,WE,Federal Contract Tower,0,12,23,0,35,0,27,66,0,93,0,39,89,0,128,42,0,42,170
03/18/2023,MOD,CA,AWP,WE,Federal Contract Tower,0,0,20,0,20,0,37,70,0,107,0,37,90,0,127,46,0,46,173
03/19/2023,MOD,CA,AWP,WE,Federal Contract Tower,0,2,3,0,5,0,10,3,0,13,0,12,6,0,18,12,0,12,30
03/20/2023,MOD,CA,AWP,WE,Federal Contract Tower,0,5,31,0,36,0,29,25,0,54,0,34,56,0,90,84,0,84,174
03/21/2023,MOD,CA,AWP,WE,Federal Contract Tower,0,6,1,0,7,0,8,0,0,8,0,14,1,0,15,0,0,0,15
03/22/2023,MOD,CA,AWP,WE,Federal Contract Tower,0,9,8,0,17,0,11,4,0,15,0,20,12,0,32,6,0,6,38
03/23/2023,MOD,CA,AWP,WE,Federal Contract Tower,0,18,28,0,46,0,24,39,0,63,0,42,67,0,109,28,0,28,137
03/24/2023,MOD,CA,AWP,WE,Federal Contract Tower,0,17,13,0,30,0,23,63,0,86,0,40,76,0,116,18,0,18,134
03/25/2023,MOD,CA,AWP,WE,Federal Contract Tower,0,4,27,0,31,0,12,83,0,95,0,16,110,0,126,38,0,38,164
03/26/2023,MOD,CA,AWP,WE,Federal Contract Tower,0,9,31,0,40,0,28,50,0,78,0,37,81,0,118,60,0,60,178
03/27/2023,MOD,CA,AWP,WE,Federal Contract Tower,0,5,26,0,31,0,35,53,0,88,0,40,79,0,119,20,0,20,139
03/28/2023,MOD,CA,AWP,WE,Federal Contract Tower,0,3,0,0,3,0,14,1,0,15,0,17,1,0,18,0,0,0,18
03/30/2023,MOD,CA,AWP,WE,Federal Contract Tower,0,23,25,0,48,0,23,48,0,71,0,46,73,0,119,114,0,114,233
03/31/2023,MOD,CA,AWP,WE,Federal Contract Tower,0,10,34,0,44,0,22,53,0,75,0,32,87,0,119,36,0,36,155
04/01/2023,MOD,CA,AWP,WE,Federal Contract Tower,0,7,7,0,14,0,16,61,0,77,0,23,68,0,91,42,0,42,133
04/02/2023,MOD,CA,AWP,WE,Federal Contract Tower,0,5,19,0,24,0,30,30,0,60,0,35,49,0,84,22,0,22,106
04/03/2023,MOD,CA,AWP,WE,Federal Contract Tower,0,9,3,0,12,0,30,11,0,41,0,39,14,0,53,8,0,8,61
04/04/2023,MOD,CA,AWP,WE,Federal Contract Tower,0,8,11,0,19,0,25,63,0,88,0,33,74,0,107,34,0,34,141
04/05/2023,MOD,CA,AWP,WE,Federal Contract Tower,0,4,21,0,25,0,22,61,0,83,0,26,82,0,108,32,0,32,140
04/06/2023,MOD,CA,AWP,WE,Federal Contract Tower,0,18,37,0,55,0,46,58,0,104,0,64,95,0,159,22,0,22,181
04/07/2023,MOD,CA,AWP,WE,Federal Contract Tower,0,10,28,0,38,0,36,30,0,66,0,46,58,0,104,30,0,30,134
04/08/2023,MOD,CA,AWP,WE,Federal Contract Tower,0,15,22,0,37,0,21,121,0,142,0,36,143,0,179,72,0,72,251
04/09/2023,MOD,CA,AWP,WE,Federal Contract Tower,0,5,12,0,17,0,27,41,0,68,0,32,53,0,85,42,0,42,127
04/10/2023,MOD,CA,AWP,WE,Federal Contract Tower,0,10,21,0,31,0,19,57,0,76,0,29,78,0,107,72,0,72,179
04/11/2023,MOD,CA,AWP,WE,Federal Contract Tower,0,7,8,0,15,0,37,28,0,65,0,44,36,0,80,16,0,16,96
04/12/2023,MOD,CA,AWP,WE,Federal Contract Tower,0,4,9,0,13,0,9,63,0,72,0,13,72,0,85,16,0,16,101
04/13/2023,MOD,CA,AWP,WE,Federal Contract Tower,0,14,23,0,37,0,38,43,2,83,0,52,66,2,120,44,0,44,164
04/14/2023,MOD,CA,AWP,WE,Federal Contract Tower,0,9,27,0,36,0,29,74,0,103,0,38,101,0,139,82,0,82,221
04/15/2023,MOD,CA,AWP,WE,Federal Contract Tower,0,5,18,0,23,0,30,98,0,128,0,35,116,0,151,72,0,72,223
04/16/2023,MOD,CA,AWP,WE,Federal Contract Tower,0,9,16,0,25,0,11,51,0,62,0,20,67,0,87,40,0,40,127
04/17/2023,MOD,CA,AWP,WE,Federal Contract Tower,0,10,19,2,31,0,20,32,0,52,0,30,51,2,83,56,0,56,139
04/18/2023,MOD,CA,AWP,WE,Federal Contract Tower,0,6,25,0,31,0,15,53,0,68,0,21,78,0,99,20,0,20,119
04/19/2023,MOD,CA,AWP,WE,Federal Contract Tower,0,5,24,0,29,0,29,40,0,69,0,34,64,0,98,42,0,42,140
04/20/2023,MOD,CA,AWP,WE,Federal Contract Tower,0,10,20,0,30,0,25,35,4,64,0,35,55,4,94,16,0,16,110
04/21/2023,MOD,CA,AWP,WE,Federal Contract Tower,0,2,16,0,18,0,23,44,0,67,0,25,60,0,85,40,0,40,125
04/22/2023,MOD,CA,AWP,WE,Federal Contract Tower,0,6,12,0,18,0,9,62,0,71,0,15,74,0,89,14,0,14,103
04/23/2023,MOD,CA,AWP,WE,Federal Contract Tower,0,10,20,0,30,0,20,61,0,81,0,30,81,0,111,32,0,32,143
04/24/2023,MOD,CA,AWP,WE,Federal Contract Tower,0,9,27,0,36,0,35,34,0,69,0,44,61,0,105,30,0,30,135
04/25/2023,MOD,CA,AWP,WE,Federal Contract Tower,0,8,8,0,16,0,10,29,0,39,0,18,37,0,55,16,0,16,71
04/26/2023,MOD,CA,AWP,WE,Federal Contract Tower,0,14,30,0,44,0,28,53,0,81,0,42,83,0,125,80,0,80,205
04/27/2023,MOD,CA,AWP,WE,Federal Contract Tower,0,19,31,0,50,0,30,69,0,99,0,49,100,0,149,40,0,40,189
04/28/2023,MOD,CA,AWP,WE,Federal Contract Tower,0,7,38,0,45,0,21,84,0,105,0,28,122,0,150,54,0,54,204
04/29/2023,MOD,CA,AWP,WE,Federal Contract Tower,0,7,36,0,43,0,16,53,0,69,0,23,89,0,112,38,0,38,150
04/30/2023,MOD,CA,AWP,WE,Federal Contract Tower,0,11,21,0,32,0,32,47,0,79,0,43,68,0,111,32,0,32,143
05/01/2023,MOD,CA,AWP,WE,Federal Contract Tower,0,22,25,0,47,0,24,20,0,44,0,46,45,0,91,26,0,26,117
05/02/2023,MOD,CA,AWP,WE,Federal Contract Tower,0,18,8,0,26,0,17,19,0,36,0,35,27,0,62,0,0,0,62
05/03/2023,MOD,CA,AWP,WE,Federal Contract Tower,0,16,18,0,34,0,15,32,0,47,0,31,50,0,81,16,0,16,97
05/04/2023,MOD,CA,AWP,WE,Federal Contract Tower,0,9,21,0,30,0,8,21,0,29,0,17,42,0,59,12,0,12,71
05/05/2023,MOD,CA,AWP,WE,Federal Contract Tower,0,16,14,0,30,0,10,32,0,42,0,26,46,0,72,42,0,42,114
05/06/2023,MOD,CA,AWP,WE,Federal Contract Tower,0,4,15,0,19,0,7,18,0,25,0,11,33,0,44,14,0,14,58
05/07/2023,MOD,CA,AWP,WE,Federal Contract Tower,0,10,27,0,37,0,25,45,0,70,0,35,72,0,107,46,0,46,153
05/08/2023,MOD,CA,AWP,WE,Federal Contract Tower,0,12,18,0,30,0,25,29,0,54,0,37,47,0,84,44,0,44,128
05/09/2023,MOD,CA,AWP,WE,Federal Contract Tower,0,1,12,2,15,0,18,46,0,64,0,19,58,2,79,40,0,40,119
05/10/2023,MOD,CA,AWP,WE,Federal Contract Tower,0,12,16,0,28,0,14,35,0,49,0,26,51,0,77,60,0,60,137
05/11/2023,MOD,CA,AWP,WE,Federal Contract Tower,0,22,39,2,63,0,24,51,0,75,0,46,90,2,138,12,0,12,150
05/12/2023,MOD,CA,AWP,WE,Federal Contract Tower,0,10,27,0,37,0,33,72,0,105,0,43,99,0,142,46,0,46,188
05/13/2023,MOD,CA,AWP,WE,Federal Contract Tower,0,4,28,0,32,0,21,122,0,143,0,25,150,0,175,32,0,32,207
05/14/2023,MOD,CA,AWP,WE,Federal Contract Tower,0,5,18,0,23,0,24,42,0,66,0,29,60,0,89,42,0,42,131
05/15/2023,MOD,CA,AWP,WE,Federal Contract Tower,0,10,18,2,30,0,12,35,0,47,0,22,53,2,77,26,0,26,103
05/16/2023,MOD,CA,AWP,WE,Federal Contract Tower,0,9,16,0,25,0,16,60,0,76,0,25,76,0,101,38,0,38,139
05/17/2023,MOD,CA,AWP,WE,Federal Contract Tower,0,5,27,0,32,0,18,61,0,79,0,23,88,0,111,66,0,66,177
05/18/2023,MOD,CA,AWP,WE,Federal Contract Tower,0,5,19,0,24,0,28,53,0,81,0,33,72,0,105,60,0,60,165
05/19/2023,MOD,CA,AWP,WE,Federal Contract Tower,0,10,26,0,36,0,26,52,0,78,0,36,78,0,114,34,0,34,148
05/20/2023,MOD,CA,AWP,WE,Federal Contract Tower,0,5,33,0,38,0,24,59,0,83,0,29,92,0,121,38,0,38,159
05/21/2023,MOD,CA,AWP,WE,Federal Contract Tower,0,6,19,0,25,0,23,64,0,87,0,29,83,0,112,68,0,68,180
05/22/2023,MOD,CA,AWP,WE,Federal Contract Tower,0,8,20,0,28,0,23,62,0,85,0,31,82,0,113,12,0,12,125
05/23/2023,MOD,CA,AWP,WE,Federal Contract Tower,0,3,20,0,23,0,32,51,0,83,0,35,71,0,106,74,0,74,180
05/24/2023,MOD,CA,AWP,WE,Federal Contract Tower,0,10,33,0,43,0,20,69,0,89,0,30,102,0,132,64,0,64,196
05/25/2023,MOD,CA,AWP,WE,Federal Contract Tower,0,8,27,0,35,0,27,40,0,67,0,35,67,0,102,16,0,16,118
05/26/2023,MOD,CA,AWP,WE,Federal Contract Tower,0,7,18,0,25,0,23,50,0,73,0,30,68,0,98,76,0,76,174
05/27/2023,MOD,CA,AWP,WE,Federal Contract Tower,0,2,16,0,18,0,21,90,0,111,0,23,106,0,129,56,0,56,185
05/28/2023,MOD,CA,AWP,WE,Federal Contract Tower,0,8,19,0,27,0,39,36,0,75,0,47,55,0,102,24,0,24,126
05/29/2023,MOD,CA,AWP,WE,Federal Contract Tower,0,11,14,0,25,0,32,49,0,81,0,43,63,0,106,58,0,58,164
05/30/2023,MOD,CA,AWP,WE,Federal Contract Tower,0,7,22,0,29,0,27,38,0,65,0,34,60,0,94,36,0,36,130
05/31/2023,MOD,CA,AWP,WE,Federal Contract Tower,0,15,19,0,34,0,27,37,0,64,0,42,56,0,98,46,0,46,144
06/01/2023,MOD,CA,AWP,WE,Federal Contract Tower,0,10,19,0,29,0,21,21,0,42,0,31,40,0,71,50,0,50,121
06/02/2023,MOD,CA,AWP,WE,Federal Contract Tower,0,6,20,0,26,0,41,56,0,97,0,47,76,0,123,32,0,32,155
06/03/2023,MOD,CA,AWP,WE,Federal Contract Tower,0,3,6,0,9,0,10,39,0,49,0,13,45,0,58,32,0,32,90
06/04/2023,MOD,CA,AWP,WE,Federal Contract Tower,0,5,12,0,17,0,13,56,0,69,0,18,68,0,86,20,0,20,106
06/05/2023,MOD,CA,AWP,WE,Federal Contract Tower,0,8,22,0,30,0,16,52,2,70,0,24,74,2,100,6,0,6,106
06/06/2023,MOD,CA,AWP,WE,Federal Contract Tower,0,6,19,8,33,0,20,27,0,47,0,26,46,8,80,38,0,38,118
06/07/2023,MOD,CA,AWP,WE,Federal Contract Tower,0,11,18,2,31,0,20,37,0,57,0,31,55,2,88,24,0,24,112
06/08/2023,MOD,CA,AWP,WE,Federal Contract Tower,0,11,27,0,38,0,36,41,0,77,0,47,68,0,115,28,0,28,143
06/09/2023,MOD,CA,AWP,WE,Federal Contract Tower,0,4,18,0,22,0,25,56,0,81,0,29,74,0,103,60,0,60,163
06/10/2023,MOD,CA,AWP,WE,Federal Contract Tower,0,2,25,0,27,0,15,95,0,110,0,17,120,0,137,28,0,28,165
06/11/2023,MOD,CA,AWP,WE,Federal Contract Tower,0,11,22,1,34,0,37,46,7,90,0,48,68,8,124,20,0,20,144
06/12/2023,MOD,CA,AWP,WE,Federal Contract Tower,0,10,10,0,20,0,35,52,0,87,0,45,62,0,107,34,0,34,141
06/13/2023,MOD,CA,AWP,WE,Federal Contract Tower,0,14,37,0,51,0,25,70,0,95,0,39,107,0,146,38,0,38,184
06/14/2023,MOD,CA,AWP,WE,Federal Contract Tower,0,7,13,0,20,0,17,55,0,72,0,24,68,0,92,10,0,10,102
06/15/2023,MOD,CA,AWP,WE,Federal Contract Tower,0,9,18,0,27,0,25,60,0,85,0,34,78,0,112,18,0,18,130
06/16/2023,MOD,CA,AWP,WE,Federal Contract Tower,0,6,21,0,27,0,31,59,0,90,0,37,80,0,117,30,0,30,147
06/17/2023,MOD,CA,AWP,WE,Federal Contract Tower,0,5,26,0,31,0,22,66,0,88,0,27,92,0,119,16,0,16,135
06/18/2023,MOD,CA,AWP,WE,Federal Contract Tower,0,1,9,0,10,0,13,34,0,47,0,14,43,0,57,2,0,2,59
06/19/2023,MOD,CA,AWP,WE,Federal Contract Tower,0,9,6,0,15,0,22,37,0,59,0,31,43,0,74,4,0,4,78
06/20/2023,MOD,CA,AWP,WE,Federal Contract Tower,0,3,34,2,39,0,22,63,0,85,0,25,97,2,124,12,0,12,136
06/21/2023,MOD,CA,AWP,WE,Federal Contract Tower,0,12,28,0,40,0,32,78,0,110,0,44,106,0,150,40,0,40,190
06/22/2023,MOD,CA,AWP,WE,Federal Contract Tower,0,6,24,0,30,0,19,43,0,62,0,25,67,0,92,0,0,0,92
06/23/2023,MOD,CA,AWP,WE,Federal Contract Tower,0,8,24,0,32,0,28,43,0,71,0,36,67,0,103,64,0,64,167
06/24/2023,MOD,CA,AWP,WE,Federal Contract Tower,0,6,24,0,30,0,18,89,0,107,0,24,113,0,137,24,0,24,161
06/25/2023,MOD,CA,AWP,WE,Federal Contract Tower,0,4,14,0,18,0,17,39,0,56,0,21,53,0,74,12,0,12,86
06/26/2023,MOD,CA,AWP,WE,Federal Contract Tower,0,6,16,0,22,0,21,42,0,63,0,27,58,0,85,35,0,35,120
06/27/2023,MOD,CA,AWP,WE,Federal Contract Tower,0,3,23,2,28,0,22,53,0,75,0,25,76,2,103,10,0,10,113
06/28/2023,MOD,CA,AWP,WE,Federal Contract Tower,0,7,12,2,21,0,26,41,0,67,0,33,53,2,88,36,0,36,124
06/29/2023,MOD,CA,AWP,WE,Federal Contract Tower,0,13,27,0,40,0,39,48,0,87,0,52,75,0,127,14,0,14,141
06/30/2023,MOD,CA,AWP,WE,Federal Contract Tower,0,9,15,0,24,0,47,52,0,99,0,56,67,0,123,40,0,40,163
07/01/2023,MOD,CA,AWP,WE,Federal Contract Tower,0,8,10,0,18,0,28,45,0,73,0,36,55,0,91,43,0,43,134
07/02/2023,MOD,CA,AWP,WE,Federal Contract Tower,0,7,10,0,17,0,22,25,0,47,0,29,35,0,64,4,0,4,68
07/03/2023,MOD,CA,AWP,WE,Federal Contract Tower,0,8,19,0,27,0,27,41,0,68,0,35,60,0,95,24,0,24,119
07/04/2023,MOD,CA,AWP,WE,Federal Contract Tower,0,2,24,0,26,0,24,36,0,60,0,26,60,0,86,10,0,10,96
07/05/2023,MOD,CA,AWP,WE,Federal Contract Tower,0,7,7,0,14,0,24,41,0,65,0,31,48,0,79,26,0,26,105
07/06/2023,MOD,CA,AWP,WE,Federal Contract Tower,0,9,8,0,17,0,23,34,0,57,0,32,42,0,74,56,0,56,130
07/07/2023,MOD,CA,AWP,WE,Federal Contract Tower,0,1,3,0,4,0,28,30,0,58,0,29,33,0,62,6,0,6,68
07/08/2023,MOD,CA,AWP,WE,Federal Contract Tower,0,2,15,0,17,0,18,101,0,119,0,20,116,0,136,10,0,10,146
07/09/2023,MOD,CA,AWP,WE,Federal Contract Tower,0,7,8,0,15,0,32,55,0,87,0,39,63,0,102,114,0,114,216
07/10/2023,MOD,CA,AWP,WE,Federal Contract Tower,0,12,12,0,24,0,13,47,0,60,0,25,59,0,84,10,0,10,94
07/11/2023,MOD,CA,AWP,WE,Federal Contract Tower,0,12,16,0,28,0,24,49,0,73,0,36,65,0,101,34,0,34,135
07/13/2023,MOD,CA,AWP,WE,Federal Contract Tower,0,6,20,0,26,0,35,32,0,67,0,41,52,0,93,34,0,34,127
07/14/2023,MOD,CA,AWP,WE,Federal Contract Tower,0,2,18,0,20,0,35,50,0,85,0,37,68,0,105,44,0,44,149
07/15/2023,MOD,CA,AWP,WE,Federal Contract Tower,0,4,14,0,18,0,17,54,0,71,0,21,68,0,89,12,0,12,101
07/16/2023,MOD,CA,AWP,WE,Federal Contract Tower,0,7,18,0,25,0,27,32,0,59,0,34,50,0,84,22,0,22,106
07/17/2023,MOD,CA,AWP,WE,Federal Contract Tower,0,1,11,0,12,0,31,39,0,70,0,32,50,0,82,20,0,20,102
07/18/2023,MOD,CA,AWP,WE,Federal Contract Tower,0,10,20,0,30,0,21,51,0,72,0,31,71,0,102,30,0,30,132
07/19/2023,MOD,CA,AWP,WE,Federal Contract Tower,0,6,23,0,29,0,24,46,0,70,0,30,69,0,99,36,0,36,135
07/20/2023,MOD,CA,AWP,WE,Federal Contract Tower,0,6,28,0,34,0,35,51,0,86,0,41,79,0,120,68,0,68,188
07/21/2023,MOD,CA,AWP,WE,Federal Contract Tower,0,7,21,0,28,0,33,52,0,85,0,40,73,0,113,22,0,22,135
07/22/2023,MOD,CA,AWP,WE,Federal Contract Tower,0,13,19,0,32,0,27,52,0,79,0,40,71,0,111,50,0,50,161
07/23/2023,MOD,CA,AWP,WE,Federal Contract Tower,0,4,7,0,11,0,31,42,0,73,0,35,49,0,84,32,0,32,116
07/24/2023,MOD,CA,AWP,WE,Federal Contract Tower,0,7,10,0,17,0,29,44,0,73,0,36,54,0,90,42,0,42,132
07/25/2023,MOD,CA,AWP,WE,Federal Contract Tower,0,11,19,4,34,0,28,43,0,71,0,39,62,4,105,28,0,28,133
07/26/2023,MOD,CA,AWP,WE,Federal Contract Tower,0,7,9,0,16,0,26,40,0,66,0,33,49,0,82,34,0,34,116
07/27/2023,MOD,CA,AWP,WE,Federal Contract Tower,0,7,19,0,26,0,18,44,0,62,0,25,63,0,88,62,0,62,150
07/28/2023,MOD,CA,AWP,WE,Federal Contract Tower,0,9,20,0,29,0,31,53,0,84,0,40,73,0,113,38,0,38,151
07/29/2023,MOD,CA,AWP,WE,Federal Contract Tower,0,2,16,0,18,0,30,49,0,79,0,32,65,0,97,22,0,22,119
07/30/2023,MOD,CA,AWP,WE,Federal Contract Tower,0,2,17,0,19,0,19,59,0,78,0,21,76,0,97,46,0,46,143
07/31/2023,MOD,CA,AWP,WE,Federal Contract Tower,0,10,17,0,27,0,31,48,0,79,0,41,65,0,106,22,0,22,128
08/01/2023,MOD,CA,AWP,WE,Federal Contract Tower,0,10,16,0,26,0,23,43,0,66,0,33,59,0,92,16,0,16,108
08/02/2023,MOD,CA,AWP,WE,Federal Contract Tower,0,11,10,0,21,0,32,38,0,70,0,43,48,0,91,64,0,64,155
08/03/2023,MOD,CA,AWP,WE,Federal Contract Tower,0,6,26,0,32,0,25,48,0,73,0,31,74,0,105,36,0,36,141
08/04/2023,MOD,CA,AWP,WE,Federal Contract Tower,0,4,28,0,32,0,25,41,0,66,0,29,69,0,98,18,2,20,118
08/05/2023,MOD,CA,AWP,WE,Federal Contract Tower,0,2,27,0,29,0,28,47,0,75,0,30,74,0,104,16,0,16,120
08/06/2023,MOD,CA,AWP,WE,Federal Contract Tower,0,10,23,0,33,0,22,46,0,68,0,32,69,0,101,26,0,26,127
08/07/2023,MOD,CA,AWP,WE,Federal Contract Tower,0,4,18,0,22,0,24,39,0,63,0,28,57,0,85,16,0,16,101
08/08/2023,MOD,CA,AWP,WE,Federal Contract Tower,0,5,16,0,21,0,30,46,0,76,0,35,62,0,97,36,0,36,133
08/09/2023,MOD,CA,AWP,WE,Federal Contract Tower,0,5,20,0,25,0,11,55,0,66,0,16,75,0,91,84,0,84,175
08/10/2023,MOD,CA,AWP,WE,Federal Contract Tower,0,14,11,0,25,0,30,54,0,84,0,44,65,0,109,82,0,82,191
08/11/2023,MOD,CA,AWP,WE,Federal Contract Tower,0,6,40,0,46,0,29,49,0,78,0,35,89,0,124,38,0,38,162
08/12/2023,MOD,CA,AWP,WE,Federal Contract Tower,0,3,13,0,16,0,21,132,0,153,0,24,145,0,169,66,0,66,235
08/13/2023,MOD,CA,AWP,WE,Federal Contract Tower,0,6,10,0,16,0,18,45,0,63,0,24,55,0,79,30,0,30,109
08/14/2023,MOD,CA,AWP,WE,Federal Contract Tower,0,6,18,0,24,0,20,52,0,72,0,26,70,0,96,32,0,32,128
08/15/2023,MOD,CA,AWP,WE,Federal Contract Tower,0,3,5,2,10,0,20,45,0,65,0,23,50,2,75,16,0,16,91
08/16/2023,MOD,CA,AWP,WE,Federal Contract Tower,0,6,8,2,16,0,21,57,0,78,0,27,65,2,94,26,0,26,120
08/19/2023,MOD,CA,AWP,WE,Federal Contract Tower,0,8,8,0,16,0,35,64,0,99,0,43,72,0,115,70,0,70,185
08/20/2023,MOD,CA,AWP,WE,Federal Contract Tower,0,6,10,0,16,0,20,61,0,81,0,26,71,0,97,80,0,80,177
08/21/2023,MOD,CA,AWP,WE,Federal Contract Tower,0,11,4,0,15,0,15,9,0,24,0,26,13,0,39,2,0,2,41
08/22/2023,MOD,CA,AWP,WE,Federal Contract Tower,0,10,12,0,22,0,22,77,0,99,0,32,89,0,121,86,0,86,207
08/23/2023,MOD,CA,AWP,WE,Federal Contract Tower,0,3,25,0,28,0,22,83,0,105,0,25,108,0,133,38,0,38,171
08/24/2023,MOD,CA,AWP,WE,Federal Contract Tower,0,14,13,0,27,0,20,35,0,55,0,34,48,0,82,56,0,56,138
08/25/2023,MOD,CA,AWP,WE,Federal Contract Tower,0,19,7,0,26,0,41,52,0,93,0,60,59,0,119,12,0,12,131
08/26/2023,MOD,CA,AWP,WE,Federal Contract Tower,0,6,18,0,24,0,25,45,0,70,0,31,63,0,94,40,0,40,134
08/27/2023,MOD,CA,AWP,WE,Federal Contract Tower,0,6,16,0,22,0,23,50,0,73,0,29,66,0,95,40,0,40,135
08/28/2023,MOD,CA,AWP,WE,Federal Contract Tower,0,16,17,0,33,0,37,50,0,87,0,53,67,0,120,42,0,42,162
08/29/2023,MOD,CA,AWP,WE,Federal Contract Tower,0,11,13,0,24,0,18,52,0,70,0,29,65,0,94,24,0,24,118
08/30/2023,MOD,CA,AWP,WE,Federal Contract Tower,0,15,9,0,24,0,18,35,0,53,0,33,44,0,77,2,0,2,79
08/31/2023,MOD,CA,AWP,WE,Federal Contract Tower,0,8,25,0,33,0,21,45,0,66,0,29,70,0,99,4,0,4,103
