01/01/2000,MOT,ND,AGL,CE,Federal Contract Tower,0,0,0,0,0,4,0,2,0,6,4,0,2,0,6,0,0,0,6
01/02/2000,MOT,ND,AGL,CE,Federal Contract Tower,3,3,3,0,9,2,0,3,0,5,5,3,6,0,14,20,0,20,34
01/03/2000,MOT,ND,AGL,CE,Federal Contract Tower,5,10,6,0,21,0,8,0,0,8,5,18,6,0,29,18,0,18,47
01/04/2000,MOT,ND,AGL,CE,Federal Contract Tower,5,17,7,0,29,0,4,15,0,19,5,21,22,0,48,38,18,56,104
01/05/2000,MOT,ND,AGL,CE,Federal Contract Tower,4,18,6,0,28,0,3,0,0,3,4,21,6,0,31,16,18,34,65
01/06/2000,MOT,ND,AGL,CE,Federal Contract Tower,5,15,6,1,27,0,7,0,1,8,5,22,6,2,35,32,14,46,81
01/07/2000,MOT,ND,AGL,CE,Federal Contract Tower,5,13,6,0,24,0,7,10,0,17,5,20,16,0,41,44,16,60,101
01/08/2000,MOT,ND,AGL,CE,Federal Contract Tower,4,8,3,0,15,1,4,38,0,43,5,12,41,0,58,58,0,58,116
01/09/2000,MOT,ND,AGL,CE,Federal Contract Tower,2,0,2,0,4,3,0,22,2,27,5,0,24,2,31,104,0,104,135
01/10/2000,MOT,ND,AGL,CE,Federal Contract Tower,4,12,2,0,18,0,3,0,2,5,4,15,2,2,23,0,0,0,23
01/11/2000,MOT,ND,AGL,CE,Federal Contract Tower,5,16,6,0,27,0,2,9,0,11,5,18,15,0,38,40,26,66,104
01/12/2000,MOT,ND,AGL,CE,Federal Contract Tower,2,16,6,0,24,0,8,2,0,10,2,24,8,0,34,0,0,0,34
01/13/2000,MOT,ND,AGL,CE,Federal Contract Tower,5,17,8,0,30,0,9,3,0,12,5,26,11,0,42,52,18,70,112
01/14/2000,MOT,ND,AGL,CE,Federal Contract Tower,6,17,7,0,30,1,2,8,0,11,7,19,15,0,41,28,0,28,69
01/15/2000,MOT,ND,AGL,CE,Federal Contract Tower,4,8,6,0,18,3,0,4,0,7,7,8,10,0,25,54,0,54,79
01/16/2000,MOT,ND,AGL,CE,Federal Contract Tower,4,0,5,0,9,3,0,20,2,25,7,0,25,2,34,22,0,22,56
01/17/2000,MOT,ND,AGL,CE,Federal Contract Tower,4,13,6,0,23,1,3,12,0,16,5,16,18,0,39,44,0,44,83
01/18/2000,MOT,ND,AGL,CE,Federal Contract Tower,5,19,10,2,36,0,0,21,0,21,5,19,31,2,57,80,0,80,137
01/19/2000,MOT,ND,AGL,CE,Federal Contract Tower,2,17,6,0,25,0,2,9,0,11,2,19,15,0,36,20,2,22,58
01/20/2000,MOT,ND,AGL,CE,Federal Contract Tower,5,17,6,0,28,0,5,9,0,14,5,22,15,0,42,2,2,4,46
01/21/2000,MOT,ND,AGL,CE,Federal Contract Tower,4,13,6,0,23,0,6,1,0,7,4,19,7,0,30,44,6,50,80
01/22/2000,MOT,ND,AGL,CE,Federal Contract Tower,2,8,3,0,13,3,0,0,0,3,5,8,3,0,16,16,0,16,32
01/23/2000,MOT,ND,AGL,CE,Federal Contract Tower,1,0,3,0,4,6,0,8,2,16,7,0,11,2,20,36,0,36,56
01/24/2000,MOT,ND,AGL,CE,Federal Contract Tower,5,16,6,2,29,0,5,9,0,14,5,21,15,2,43,76,0,76,119
01/25/2000,MOT,ND,AGL,CE,Federal Contract Tower,5,17,6,0,28,0,10,11,0,21,5,27,17,0,49,50,0,50,99
01/26/2000,MOT,ND,AGL,CE,Federal Contract Tower,5,20,8,0,33,0,5,11,0,16,5,25,19,0,49,46,20,66,115
01/27/2000,MOT,ND,AGL,CE,Federal Contract Tower,6,14,3,0,23,0,3,0,0,3,6,17,3,0,26,0,0,0,26
01/28/2000,MOT,ND,AGL,CE,Federal Contract Tower,5,17,6,0,28,0,7,14,0,21,5,24,20,0,49,90,4,94,143
01/29/2000,MOT,ND,AGL,CE,Federal Contract Tower,3,9,5,0,17,2,0,1,1,4,5,9,6,1,21,22,0,22,43
01/30/2000,MOT,ND,AGL,CE,Federal Contract Tower,2,0,3,0,5,3,0,7,4,14,5,0,10,4,19,40,0,40,59
01/31/2000,MOT,ND,AGL,CE,Federal Contract Tower,5,14,3,0,22,0,3,0,1,4,5,17,3,1,26,74,26,100,126
02/01/2000,MOT,ND,AGL,CE,Federal Contract Tower,5,21,9,3,38,0,2,10,4,16,5,23,19,7,54,34,0,34,88
02/02/2000,MOT,ND,AGL,CE,Federal Contract Tower,5,15,7,0,27,0,4,3,0,7,5,19,10,0,34,0,0,0,34
02/03/2000,MOT,ND,AGL,CE,Federal Contract Tower,6,17,7,1,31,0,9,14,0,23,6,26,21,1,54,0,4,4,58
02/04/2000,MOT,ND,AGL,CE,Federal Contract Tower,5,14,5,1,25,0,16,12,0,28,5,30,17,1,53,110,0,110,163
02/05/2000,MOT,ND,AGL,CE,Federal Contract Tower,4,8,4,1,17,1,4,28,0,33,5,12,32,1,50,100,0,100,150
02/06/2000,MOT,ND,AGL,CE,Federal Contract Tower,3,2,3,0,8,4,0,23,3,30,7,2,26,3,38,84,0,84,122
02/07/2000,MOT,ND,AGL,CE,Federal Contract Tower,5,15,6,2,28,0,3,13,1,17,5,18,19,3,45,88,4,92,137
02/08/2000,MOT,ND,AGL,CE,Federal Contract Tower,5,17,7,0,29,0,9,11,0,20,5,26,18,0,49,16,10,26,75
02/09/2000,MOT,ND,AGL,CE,Federal Contract Tower,5,15,5,2,27,0,4,0,0,4,5,19,5,2,31,0,4,4,35
02/10/2000,MOT,ND,AGL,CE,Federal Contract Tower,5,15,7,2,29,1,6,7,0,14,6,21,14,2,43,42,10,52,95
02/11/2000,MOT,ND,AGL,CE,Federal Contract Tower,5,13,5,0,23,0,9,17,0,26,5,22,22,0,49,62,14,76,125
02/12/2000,MOT,ND,AGL,CE,Federal Contract Tower,2,7,3,1,13,3,1,5,0,9,5,8,8,1,22,74,0,74,96
02/13/2000,MOT,ND,AGL,CE,Federal Contract Tower,4,2,4,2,12,3,0,6,3,12,7,2,10,5,24,16,0,16,40
02/14/2000,MOT,ND,AGL,CE,Federal Contract Tower,6,16,6,0,28,1,5,10,0,16,7,21,16,0,44,54,0,54,98
02/15/2000,MOT,ND,AGL,CE,Federal Contract Tower,7,17,7,0,31,0,6,2,0,8,7,23,9,0,39,44,8,52,91
02/16/2000,MOT,ND,AGL,CE,Federal Contract Tower,5,17,5,0,27,0,6,10,0,16,5,23,15,0,43,62,4,66,109
02/17/2000,MOT,ND,AGL,CE,Federal Contract Tower,4,17,6,2,29,0,5,4,0,9,4,22,10,2,38,62,2,64,102
02/18/2000,MOT,ND,AGL,CE,Federal Contract Tower,6,17,6,0,29,1,5,14,0,20,7,22,20,0,49,156,0,156,205
02/19/2000,MOT,ND,AGL,CE,Federal Contract Tower,3,9,3,0,15,2,5,18,0,25,5,14,21,0,40,118,2,120,160
02/20/2000,MOT,ND,AGL,CE,Federal Contract Tower,1,1,1,1,4,4,0,31,1,36,5,1,32,2,40,42,0,42,82
02/21/2000,MOT,ND,AGL,CE,Federal Contract Tower,5,14,4,2,25,0,2,35,0,37,5,16,39,2,62,68,0,68,130
02/22/2000,MOT,ND,AGL,CE,Federal Contract Tower,5,21,8,2,36,0,4,21,0,25,5,25,29,2,61,110,10,120,181
02/23/2000,MOT,ND,AGL,CE,Federal Contract Tower,4,19,8,0,31,0,3,35,0,38,4,22,43,0,69,142,18,160,229
02/24/2000,MOT,ND,AGL,CE,Federal Contract Tower,4,14,7,0,25,0,0,9,0,9,4,14,16,0,34,8,0,8,42
02/25/2000,MOT,ND,AGL,CE,Federal Contract Tower,4,12,3,1,20,0,2,0,1,3,4,14,3,2,23,0,0,0,23
02/26/2000,MOT,ND,AGL,CE,Federal Contract Tower,3,9,3,0,15,2,0,5,0,7,5,9,8,0,22,14,0,14,36
02/27/2000,MOT,ND,AGL,CE,Federal Contract Tower,2,2,2,0,6,3,0,32,2,37,5,2,34,2,43,124,0,124,167
02/28/2000,MOT,ND,AGL,CE,Federal Contract Tower,5,16,6,0,27,0,4,14,0,18,5,20,20,0,45,98,2,100,145
02/29/2000,MOT,ND,AGL,CE,Federal Contract Tower,4,18,7,2,31,0,2,8,2,12,4,20,15,4,43,0,0,0,43
03/01/2000,MOT,ND,AGL,CE,Federal Contract Tower,5,14,6,0,25,0,4,16,0,20,5,18,22,0,45,124,10,134,179
03/02/2000,MOT,ND,AGL,CE,Federal Contract Tower,5,14,5,0,24,0,3,13,0,16,5,17,18,0,40,98,4,102,142
03/03/2000,MOT,ND,AGL,CE,Federal Contract Tower,5,14,5,0,24,0,10,22,0,32,5,24,27,0,56,92,0,92,148
03/04/2000,MOT,ND,AGL,CE,Federal Contract Tower,4,8,2,0,14,1,0,38,0,39,5,8,40,0,53,76,0,76,129
03/05/2000,MOT,ND,AGL,CE,Federal Contract Tower,4,2,3,1,10,1,0,44,2,47,5,2,47,3,57,114,0,114,171
03/06/2000,MOT,ND,AGL,CE,Federal Contract Tower,5,13,5,1,24,0,3,3,0,6,5,16,8,1,30,90,0,90,120
03/07/2000,MOT,ND,AGL,CE,Federal Contract Tower,5,18,7,2,32,0,0,18,0,18,5,18,25,2,50,62,6,68,118
03/08/2000,MOT,ND,AGL,CE,Federal Contract Tower,5,16,4,0,25,0,7,0,0,7,5,23,4,0,32,0,0,0,32
03/09/2000,MOT,ND,AGL,CE,Federal Contract Tower,5,17,6,0,28,0,10,4,0,14,5,27,10,0,42,66,12,78,120
03/10/2000,MOT,ND,AGL,CE,Federal Contract Tower,4,15,5,1,25,0,9,18,1,28,4,24,23,2,53,78,4,82,135
03/11/2000,MOT,ND,AGL,CE,Federal Contract Tower,4,9,4,0,17,1,2,11,0,14,5,11,15,0,31,98,0,98,129
03/12/2000,MOT,ND,AGL,CE,Federal Contract Tower,1,1,1,0,3,4,0,11,0,15,5,1,12,0,18,40,0,40,58
03/13/2000,MOT,ND,AGL,CE,Federal Contract Tower,4,11,4,0,19,1,9,0,0,10,5,20,4,0,29,50,0,50,79
03/14/2000,MOT,ND,AGL,CE,Federal Contract Tower,6,18,5,0,29,1,1,0,0,2,7,19,5,0,31,0,0,0,31
03/15/2000,MOT,ND,AGL,CE,Federal Contract Tower,5,18,7,2,32,0,0,13,0,13,5,18,20,2,45,56,8,64,109
03/16/2000,MOT,ND,AGL,CE,Federal Contract Tower,5,20,7,0,32,0,3,27,0,30,5,23,34,0,62,66,28,94,156
03/17/2000,MOT,ND,AGL,CE,Federal Contract Tower,5,16,5,0,26,0,11,7,0,18,5,27,12,0,44,38,16,54,98
03/18/2000,MOT,ND,AGL,CE,Federal Contract Tower,3,9,4,0,16,4,0,37,0,41,7,9,41,0,57,138,0,138,195
03/19/2000,MOT,ND,AGL,CE,Federal Contract Tower,2,2,2,1,7,3,0,12,1,16,5,2,14,2,23,0,0,0,23
03/20/2000,MOT,ND,AGL,CE,Federal Contract Tower,5,14,6,0,25,2,3,2,0,7,7,17,8,0,32,70,0,70,102
03/21/2000,MOT,ND,AGL,CE,Federal Contract Tower,4,18,7,0,29,0,2,13,0,15,4,20,20,0,44,42,8,50,94
03/22/2000,MOT,ND,AGL,CE,Federal Contract Tower,4,19,8,0,31,0,3,27,0,30,4,22,35,0,61,96,6,102,163
03/23/2000,MOT,ND,AGL,CE,Federal Contract Tower,4,14,6,0,24,1,8,8,0,17,5,22,14,0,41,38,4,42,83
03/24/2000,MOT,ND,AGL,CE,Federal Contract Tower,5,17,7,0,29,0,8,5,0,13,5,25,12,0,42,26,12,38,80
03/25/2000,MOT,ND,AGL,CE,Federal Contract Tower,3,10,5,0,18,2,0,28,0,30,5,10,33,0,48,116,0,116,164
03/26/2000,MOT,ND,AGL,CE,Federal Contract Tower,2,0,3,0,5,3,0,13,2,18,5,0,16,2,23,0,2,2,25
03/27/2000,MOT,ND,AGL,CE,Federal Contract Tower,4,12,5,0,21,1,2,5,0,8,5,14,10,0,29,32,0,32,61
03/28/2000,MOT,ND,AGL,CE,Federal Contract Tower,5,15,6,0,26,0,4,20,0,24,5,19,26,0,50,78,20,98,148
03/29/2000,MOT,ND,AGL,CE,Federal Contract Tower,4,14,6,0,24,1,8,15,0,24,5,22,21,0,48,18,0,18,66
03/30/2000,MOT,ND,AGL,CE,Federal Contract Tower,5,18,8,0,31,0,0,15,0,15,5,18,23,0,46,42,2,44,90
03/31/2000,MOT,ND,AGL,CE,Federal Contract Tower,5,18,7,0,30,0,1,8,0,9,5,19,15,0,39,2,8,10,49
04/01/2000,MOT,ND,AGL,CE,Federal Contract Tower,3,8,4,0,15,1,0,1,0,2,4,8,5,0,17,120,0,120,137
04/02/2000,MOT,ND,AGL,CE,Federal Contract Tower,1,0,3,1,5,4,0,1,1,6,5,0,4,2,11,0,0,0,11
04/03/2000,MOT,ND,AGL,CE,Federal Contract Tower,4,8,5,0,17,1,9,23,0,33,5,17,28,0,50,58,0,58,108
04/04/2000,MOT,ND,AGL,CE,Federal Contract Tower,5,13,7,2,27,0,11,15,0,26,5,24,22,2,53,56,6,62,115
04/05/2000,MOT,ND,AGL,CE,Federal Contract Tower,5,9,5,0,19,0,8,4,0,12,5,17,9,0,31,0,0,0,31
04/06/2000,MOT,ND,AGL,CE,Federal Contract Tower,5,15,7,2,29,0,5,19,4,28,5,20,26,6,57,64,8,72,129
04/07/2000,MOT,ND,AGL,CE,Federal Contract Tower,4,17,7,1,29,0,12,9,0,21,4,29,16,1,50,58,0,58,108
04/08/2000,MOT,ND,AGL,CE,Federal Contract Tower,4,9,4,1,18,1,2,14,0,17,5,11,18,1,35,32,0,32,67
04/09/2000,MOT,ND,AGL,CE,Federal Contract Tower,4,4,3,1,12,3,0,32,1,36,7,4,35,2,48,110,0,110,158
04/10/2000,MOT,ND,AGL,CE,Federal Contract Tower,5,13,5,1,24,0,4,0,0,4,5,17,5,1,28,0,0,0,28
04/11/2000,MOT,ND,AGL,CE,Federal Contract Tower,7,20,8,1,36,0,3,24,0,27,7,23,32,1,63,176,4,180,243
04/12/2000,MOT,ND,AGL,CE,Federal Contract Tower,5,13,4,0,22,0,6,5,0,11,5,19,9,0,33,14,0,14,47
04/13/2000,MOT,ND,AGL,CE,Federal Contract Tower,5,18,4,0,27,0,1,0,0,1,5,19,4,0,28,8,0,8,36
04/14/2000,MOT,ND,AGL,CE,Federal Contract Tower,5,16,6,0,27,0,5,8,0,13,5,21,14,0,40,22,0,22,62
04/15/2000,MOT,ND,AGL,CE,Federal Contract Tower,4,9,4,0,17,1,0,21,0,22,5,9,25,0,39,150,0,150,189
04/16/2000,MOT,ND,AGL,CE,Federal Contract Tower,1,2,3,0,6,4,0,48,2,54,5,2,51,2,60,126,0,126,186
04/17/2000,MOT,ND,AGL,CE,Federal Contract Tower,5,17,7,1,30,0,2,17,1,20,5,19,24,2,50,66,4,70,120
04/18/2000,MOT,ND,AGL,CE,Federal Contract Tower,4,18,8,1,31,0,1,11,1,13,4,19,19,2,44,80,6,86,130
04/19/2000,MOT,ND,AGL,CE,Federal Contract Tower,4,17,8,1,30,0,2,14,1,17,4,19,22,2,47,46,8,54,101
04/20/2000,MOT,ND,AGL,CE,Federal Contract Tower,4,20,9,0,33,0,4,28,0,32,4,24,37,0,65,72,16,88,153
04/21/2000,MOT,ND,AGL,CE,Federal Contract Tower,5,19,9,0,33,0,2,32,0,34,5,21,41,0,67,114,0,114,181
04/22/2000,MOT,ND,AGL,CE,Federal Contract Tower,3,10,5,0,18,2,0,29,0,31,5,10,34,0,49,92,0,92,141
04/23/2000,MOT,ND,AGL,CE,Federal Contract Tower,2,0,3,0,5,3,0,31,2,36,5,0,34,2,41,54,0,54,95
04/24/2000,MOT,ND,AGL,CE,Federal Contract Tower,5,17,8,0,30,0,9,19,0,28,5,26,27,0,58,44,0,44,102
04/25/2000,MOT,ND,AGL,CE,Federal Contract Tower,5,17,8,0,30,0,2,10,0,12,5,19,18,0,42,62,6,68,110
04/26/2000,MOT,ND,AGL,CE,Federal Contract Tower,5,20,9,0,34,0,4,9,0,13,5,24,18,0,47,36,12,48,95
04/27/2000,MOT,ND,AGL,CE,Federal Contract Tower,5,18,8,0,31,0,7,24,0,31,5,25,32,0,62,104,0,104,166
04/28/2000,MOT,ND,AGL,CE,Federal Contract Tower,5,13,6,1,25,0,10,29,1,40,5,23,35,2,65,54,0,54,119
04/29/2000,MOT,ND,AGL,CE,Federal Contract Tower,3,10,5,1,19,2,1,5,1,9,5,11,10,2,28,22,0,22,50
04/30/2000,MOT,ND,AGL,CE,Federal Contract Tower,1,0,3,0,4,4,0,25,2,31,5,0,28,2,35,66,0,66,101
05/01/2000,MOT,ND,AGL,CE,Federal Contract Tower,5,12,6,0,23,0,7,26,1,34,5,19,32,1,57,116,6,122,179
05/02/2000,MOT,ND,AGL,CE,Federal Contract Tower,5,11,7,0,23,0,9,22,1,32,5,20,29,1,55,30,0,30,85
05/03/2000,MOT,ND,AGL,CE,Federal Contract Tower,5,17,8,0,30,0,7,23,0,30,5,24,31,0,60,108,8,116,176
05/04/2000,MOT,ND,AGL,CE,Federal Contract Tower,5,14,6,0,25,0,13,20,0,33,5,27,26,0,58,64,0,64,122
05/05/2000,MOT,ND,AGL,CE,Federal Contract Tower,5,19,9,1,34,0,6,3,0,9,5,25,12,1,43,66,0,66,109
05/06/2000,MOT,ND,AGL,CE,Federal Contract Tower,4,11,5,0,20,1,2,23,0,26,5,13,28,0,46,132,0,132,178
05/07/2000,MOT,ND,AGL,CE,Federal Contract Tower,4,6,4,1,15,0,0,34,2,36,4,6,38,3,51,64,0,64,115
05/08/2000,MOT,ND,AGL,CE,Federal Contract Tower,5,17,8,2,32,0,4,10,1,15,5,21,18,3,47,40,0,40,87
05/09/2000,MOT,ND,AGL,CE,Federal Contract Tower,5,16,7,0,28,0,10,22,0,32,5,26,29,0,60,64,0,64,124
05/10/2000,MOT,ND,AGL,CE,Federal Contract Tower,5,18,8,0,31,0,14,14,0,28,5,32,22,0,59,50,6,56,115
05/11/2000,MOT,ND,AGL,CE,Federal Contract Tower,5,14,2,0,21,0,8,0,0,8,5,22,2,0,29,2,0,2,31
05/12/2000,MOT,ND,AGL,CE,Federal Contract Tower,5,18,2,0,25,0,8,0,0,8,5,26,2,0,33,0,0,0,33
05/13/2000,MOT,ND,AGL,CE,Federal Contract Tower,3,8,5,0,16,1,0,13,0,14,4,8,18,0,30,72,0,72,102
05/14/2000,MOT,ND,AGL,CE,Federal Contract Tower,1,0,1,1,3,4,0,49,0,53,5,0,50,1,56,28,0,28,84
05/15/2000,MOT,ND,AGL,CE,Federal Contract Tower,5,15,7,1,28,0,6,11,5,22,5,21,18,6,50,78,20,98,148
05/16/2000,MOT,ND,AGL,CE,Federal Contract Tower,5,21,9,2,37,0,1,14,0,15,5,22,23,2,52,126,8,134,186
05/17/2000,MOT,ND,AGL,CE,Federal Contract Tower,4,12,5,0,21,1,7,11,0,19,5,19,16,0,40,0,12,12,52
05/18/2000,MOT,ND,AGL,CE,Federal Contract Tower,5,20,9,0,34,0,1,21,0,22,5,21,30,0,56,130,6,136,192
05/19/2000,MOT,ND,AGL,CE,Federal Contract Tower,5,17,7,1,30,0,6,28,3,37,5,23,35,4,67,46,4,50,117
05/20/2000,MOT,ND,AGL,CE,Federal Contract Tower,5,10,8,0,23,0,0,33,2,35,5,10,41,2,58,124,0,124,182
05/21/2000,MOT,ND,AGL,CE,Federal Contract Tower,4,0,7,0,11,1,0,41,0,42,5,0,48,0,53,154,0,154,207
05/22/2000,MOT,ND,AGL,CE,Federal Contract Tower,5,15,8,0,28,0,2,5,3,10,5,17,13,3,38,12,0,12,50
05/23/2000,MOT,ND,AGL,CE,Federal Contract Tower,4,16,8,0,28,0,2,9,1,12,4,18,17,1,40,62,6,68,108
05/24/2000,MOT,ND,AGL,CE,Federal Contract Tower,5,22,10,1,38,0,1,13,3,17,5,23,23,4,55,4,4,8,63
05/25/2000,MOT,ND,AGL,CE,Federal Contract Tower,5,25,12,0,42,0,3,20,0,23,5,28,32,0,65,114,6,120,185
05/26/2000,MOT,ND,AGL,CE,Federal Contract Tower,5,15,8,0,28,0,8,5,2,15,5,23,13,2,43,14,0,14,57
05/27/2000,MOT,ND,AGL,CE,Federal Contract Tower,3,10,6,0,19,2,0,23,0,25,5,10,29,0,44,58,0,58,102
05/28/2000,MOT,ND,AGL,CE,Federal Contract Tower,1,4,3,0,8,3,0,29,0,32,4,4,32,0,40,10,0,10,50
05/29/2000,MOT,ND,AGL,CE,Federal Contract Tower,1,0,2,0,3,4,0,17,0,21,5,0,19,0,24,18,0,18,42
05/30/2000,MOT,ND,AGL,CE,Federal Contract Tower,5,18,9,0,32,0,4,27,0,31,5,22,36,0,63,116,8,124,187
05/31/2000,MOT,ND,AGL,CE,Federal Contract Tower,4,14,7,0,25,0,7,9,0,16,4,21,16,0,41,68,4,72,113
06/01/2000,MOT,ND,AGL,CE,Federal Contract Tower,4,15,14,1,34,0,5,6,4,15,4,20,20,5,49,6,4,10,59
06/02/2000,MOT,ND,AGL,CE,Federal Contract Tower,4,12,11,0,27,0,18,43,0,61,4,30,54,0,88,106,4,110,198
06/03/2000,MOT,ND,AGL,CE,Federal Contract Tower,4,8,8,0,20,2,0,15,0,17,6,8,23,0,37,70,0,70,107
06/04/2000,MOT,ND,AGL,CE,Federal Contract Tower,4,0,6,0,10,0,0,54,2,56,4,0,60,2,66,42,0,42,108
06/05/2000,MOT,ND,AGL,CE,Federal Contract Tower,5,12,11,1,29,0,6,14,0,20,5,18,25,1,49,64,0,64,113
06/06/2000,MOT,ND,AGL,CE,Federal Contract Tower,5,16,15,1,37,0,6,26,0,32,5,22,41,1,69,30,0,30,99
06/07/2000,MOT,ND,AGL,CE,Federal Contract Tower,4,13,11,0,28,0,4,41,0,45,4,17,52,0,73,102,6,108,181
06/08/2000,MOT,ND,AGL,CE,Federal Contract Tower,5,17,15,1,38,0,2,20,1,23,5,19,35,2,61,34,6,40,101
06/09/2000,MOT,ND,AGL,CE,Federal Contract Tower,7,24,21,2,54,0,3,10,0,13,7,27,31,2,67,40,12,52,119
06/10/2000,MOT,ND,AGL,CE,Federal Contract Tower,3,8,8,0,19,1,0,25,0,26,4,8,33,0,45,114,0,114,159
06/11/2000,MOT,ND,AGL,CE,Federal Contract Tower,3,2,8,2,15,2,0,33,0,35,5,2,41,2,50,50,0,50,100
06/12/2000,MOT,ND,AGL,CE,Federal Contract Tower,4,12,11,0,27,0,7,7,0,14,4,19,18,0,41,24,4,28,69
06/13/2000,MOT,ND,AGL,CE,Federal Contract Tower,3,15,11,0,29,0,6,0,0,6,3,21,11,0,35,6,0,6,41
06/14/2000,MOT,ND,AGL,CE,Federal Contract Tower,4,12,11,2,29,0,8,15,2,25,4,20,26,4,54,96,8,104,158
06/15/2000,MOT,ND,AGL,CE,Federal Contract Tower,4,18,14,2,38,0,4,4,0,8,4,22,18,2,46,58,0,58,104
06/16/2000,MOT,ND,AGL,CE,Federal Contract Tower,4,14,10,2,30,1,6,12,0,19,5,20,22,2,49,76,0,76,125
06/17/2000,MOT,ND,AGL,CE,Federal Contract Tower,3,9,7,0,19,2,0,31,0,33,5,9,38,0,52,150,0,150,202
06/18/2000,MOT,ND,AGL,CE,Federal Contract Tower,3,2,7,1,13,2,0,55,3,60,5,2,62,4,73,70,0,70,143
06/19/2000,MOT,ND,AGL,CE,Federal Contract Tower,4,12,8,0,24,2,8,3,0,13,6,20,11,0,37,0,0,0,37
06/20/2000,MOT,ND,AGL,CE,Federal Contract Tower,4,14,11,0,29,2,8,0,0,10,6,22,11,0,39,18,0,18,57
06/21/2000,MOT,ND,AGL,CE,Federal Contract Tower,5,16,13,1,35,0,4,12,0,16,5,20,25,1,51,50,6,56,107
06/22/2000,MOT,ND,AGL,CE,Federal Contract Tower,5,19,15,0,39,0,4,34,0,38,5,23,49,0,77,100,8,108,185
06/23/2000,MOT,ND,AGL,CE,Federal Contract Tower,5,17,13,2,37,0,6,29,1,36,5,23,42,3,73,58,8,66,139
06/24/2000,MOT,ND,AGL,CE,Federal Contract Tower,3,8,7,1,19,2,0,38,0,40,5,8,45,1,59,98,0,98,157
06/25/2000,MOT,ND,AGL,CE,Federal Contract Tower,3,1,9,1,14,4,0,38,2,44,7,1,47,3,58,30,0,30,88
06/26/2000,MOT,ND,AGL,CE,Federal Contract Tower,5,17,14,1,37,0,3,9,3,15,5,20,23,4,52,76,10,86,138
06/27/2000,MOT,ND,AGL,CE,Federal Contract Tower,7,21,16,0,44,0,5,27,0,32,7,26,43,0,76,152,8,160,236
06/28/2000,MOT,ND,AGL,CE,Federal Contract Tower,5,17,14,0,36,0,6,34,0,40,5,23,48,0,76,146,8,154,230
06/29/2000,MOT,ND,AGL,CE,Federal Contract Tower,4,14,12,0,30,0,6,23,0,29,4,20,35,0,59,144,4,148,207
06/30/2000,MOT,ND,AGL,CE,Federal Contract Tower,4,14,12,1,31,0,6,19,1,26,4,20,31,2,57,32,0,32,89
07/01/2000,MOT,ND,AGL,CE,Federal Contract Tower,3,7,8,0,18,1,4,45,0,50,4,11,53,0,68,82,0,82,150
07/02/2000,MOT,ND,AGL,CE,Federal Contract Tower,3,3,7,1,14,2,0,35,1,38,5,3,42,2,52,36,0,36,88
07/03/2000,MOT,ND,AGL,CE,Federal Contract Tower,3,17,15,2,37,0,4,0,0,4,3,21,15,2,41,70,0,70,111
07/04/2000,MOT,ND,AGL,CE,Federal Contract Tower,3,2,7,0,12,1,0,2,0,3,4,2,9,0,15,4,0,4,19
07/05/2000,MOT,ND,AGL,CE,Federal Contract Tower,5,16,18,3,42,0,13,23,8,44,5,29,41,11,86,64,66,130,216
07/06/2000,MOT,ND,AGL,CE,Federal Contract Tower,5,15,16,0,36,0,14,18,0,32,5,29,34,0,68,180,148,328,396
07/07/2000,MOT,ND,AGL,CE,Federal Contract Tower,4,15,16,2,37,0,9,39,2,50,4,24,55,4,87,30,6,36,123
07/08/2000,MOT,ND,AGL,CE,Federal Contract Tower,5,10,14,0,29,0,0,8,0,8,5,10,22,0,37,138,0,138,175
07/09/2000,MOT,ND,AGL,CE,Federal Contract Tower,3,1,3,1,8,2,0,33,1,36,5,1,36,2,44,120,0,120,164
07/10/2000,MOT,ND,AGL,CE,Federal Contract Tower,4,12,10,0,26,0,10,36,0,46,4,22,46,0,72,40,18,58,130
07/11/2000,MOT,ND,AGL,CE,Federal Contract Tower,5,24,21,1,51,0,8,15,0,23,5,32,36,1,74,116,12,128,202
07/12/2000,MOT,ND,AGL,CE,Federal Contract Tower,4,18,15,1,38,0,2,24,0,26,4,20,39,1,64,72,0,72,136
07/13/2000,MOT,ND,AGL,CE,Federal Contract Tower,5,17,14,0,36,0,4,44,0,48,5,21,58,0,84,102,0,102,186
07/14/2000,MOT,ND,AGL,CE,Federal Contract Tower,5,15,13,2,35,0,10,55,0,65,5,25,68,2,100,50,14,64,164
07/15/2000,MOT,ND,AGL,CE,Federal Contract Tower,4,13,10,0,27,1,3,44,0,48,5,16,54,0,75,102,0,102,177
07/16/2000,MOT,ND,AGL,CE,Federal Contract Tower,3,2,8,2,15,2,0,49,2,53,5,2,57,4,68,54,0,54,122
07/17/2000,MOT,ND,AGL,CE,Federal Contract Tower,4,14,13,1,32,1,5,27,5,38,5,19,40,6,70,52,0,52,122
07/18/2000,MOT,ND,AGL,CE,Federal Contract Tower,5,20,20,2,47,0,1,38,0,39,5,21,58,2,86,132,6,138,224
07/19/2000,MOT,ND,AGL,CE,Federal Contract Tower,5,24,23,0,52,0,5,1,0,6,5,29,24,0,58,76,28,104,162
07/20/2000,MOT,ND,AGL,CE,Federal Contract Tower,5,18,18,2,43,0,8,43,8,59,5,26,61,10,102,146,30,176,278
07/21/2000,MOT,ND,AGL,CE,Federal Contract Tower,4,19,18,2,43,0,6,51,1,58,4,25,69,3,101,108,0,108,209
07/22/2000,MOT,ND,AGL,CE,Federal Contract Tower,4,11,14,1,30,1,0,76,0,77,5,11,90,1,107,92,0,92,199
07/23/2000,MOT,ND,AGL,CE,Federal Contract Tower,1,3,5,0,9,3,0,59,2,64,4,3,64,2,73,26,0,26,99
07/24/2000,MOT,ND,AGL,CE,Federal Contract Tower,4,14,13,1,32,1,7,30,3,41,5,21,43,4,73,52,6,58,131
07/25/2000,MOT,ND,AGL,CE,Federal Contract Tower,4,18,18,2,42,0,3,8,0,11,4,21,26,2,53,138,10,148,201
07/26/2000,MOT,ND,AGL,CE,Federal Contract Tower,5,18,16,0,39,0,1,30,0,31,5,19,46,0,70,82,30,112,182
07/27/2000,MOT,ND,AGL,CE,Federal Contract Tower,4,15,14,0,33,0,11,42,0,53,4,26,56,0,86,110,34,144,230
07/28/2000,MOT,ND,AGL,CE,Federal Contract Tower,3,12,12,1,28,2,13,21,1,37,5,25,33,2,65,110,38,148,213
07/29/2000,MOT,ND,AGL,CE,Federal Contract Tower,2,9,9,1,21,2,3,29,1,35,4,12,38,2,56,86,0,86,142
07/30/2000,MOT,ND,AGL,CE,Federal Contract Tower,2,2,9,1,14,3,0,32,1,36,5,2,41,2,50,40,0,40,90
07/31/2000,MOT,ND,AGL,CE,Federal Contract Tower,3,10,10,0,23,1,9,17,0,27,4,19,27,0,50,42,0,42,92
08/01/2000,MOT,ND,AGL,CE,Federal Contract Tower,5,24,15,0,44,0,2,35,0,37,5,26,50,0,81,96,6,102,183
08/02/2000,MOT,ND,AGL,CE,Federal Contract Tower,5,19,13,0,37,0,6,35,0,41,5,25,48,0,78,42,6,48,126
08/03/2000,MOT,ND,AGL,CE,Federal Contract Tower,5,18,11,0,34,0,0,19,0,19,5,18,30,0,53,94,0,94,147
08/04/2000,MOT,ND,AGL,CE,Federal Contract Tower,5,15,9,0,29,0,9,24,0,33,5,24,33,0,62,78,0,78,140
08/05/2000,MOT,ND,AGL,CE,Federal Contract Tower,5,9,7,0,21,0,0,23,2,25,5,9,30,2,46,44,0,44,90
08/06/2000,MOT,ND,AGL,CE,Federal Contract Tower,3,0,5,0,8,2,0,46,2,50,5,0,51,2,58,92,0,92,150
08/07/2000,MOT,ND,AGL,CE,Federal Contract Tower,5,12,8,0,25,2,9,18,0,29,7,21,26,0,54,28,0,28,82
08/08/2000,MOT,ND,AGL,CE,Federal Contract Tower,5,19,12,0,36,0,9,24,0,33,5,28,36,0,69,66,8,74,143
08/09/2000,MOT,ND,AGL,CE,Federal Contract Tower,4,18,11,1,34,0,9,27,1,37,4,27,38,2,71,70,6,76,147
08/10/2000,MOT,ND,AGL,CE,Federal Contract Tower,6,19,12,0,37,0,1,26,0,27,6,20,38,0,64,86,6,92,156
08/11/2000,MOT,ND,AGL,CE,Federal Contract Tower,5,13,8,0,26,0,10,27,0,37,5,23,35,0,63,78,8,86,149
08/12/2000,MOT,ND,AGL,CE,Federal Contract Tower,5,9,7,0,21,0,0,15,0,15,5,9,22,0,36,70,0,70,106
08/13/2000,MOT,ND,AGL,CE,Federal Contract Tower,3,2,6,0,11,2,0,25,0,27,5,2,31,0,38,44,0,44,82
08/14/2000,MOT,ND,AGL,CE,Federal Contract Tower,5,14,9,0,28,0,9,1,0,10,5,23,10,0,38,62,0,62,100
08/15/2000,MOT,ND,AGL,CE,Federal Contract Tower,5,16,10,0,31,0,6,28,0,34,5,22,38,0,65,82,6,88,153
08/16/2000,MOT,ND,AGL,CE,Federal Contract Tower,4,15,9,0,28,0,3,6,0,9,4,18,15,0,37,38,4,42,79
08/17/2000,MOT,ND,AGL,CE,Federal Contract Tower,4,13,8,0,25,0,8,16,0,24,4,21,24,0,49,68,14,82,131
08/18/2000,MOT,ND,AGL,CE,Federal Contract Tower,4,13,8,1,26,0,9,29,0,38,4,22,37,1,64,18,0,18,82
08/19/2000,MOT,ND,AGL,CE,Federal Contract Tower,3,10,7,1,21,4,2,4,0,10,7,12,11,1,31,12,0,12,43
08/20/2000,MOT,ND,AGL,CE,Federal Contract Tower,2,0,4,1,7,6,0,5,0,11,8,0,9,1,18,8,0,8,26
08/21/2000,MOT,ND,AGL,CE,Federal Contract Tower,5,16,10,2,33,0,2,24,2,28,5,18,34,4,61,84,4,88,149
08/22/2000,MOT,ND,AGL,CE,Federal Contract Tower,4,17,9,1,31,0,6,25,0,31,4,23,34,1,62,134,36,170,232
08/23/2000,MOT,ND,AGL,CE,Federal Contract Tower,4,15,8,0,27,1,4,5,0,10,5,19,13,0,37,48,10,58,95
08/24/2000,MOT,ND,AGL,CE,Federal Contract Tower,5,15,8,0,28,0,8,24,0,32,5,23,32,0,60,56,4,60,120
08/25/2000,MOT,ND,AGL,CE,Federal Contract Tower,4,18,10,2,34,0,10,29,2,41,4,28,39,4,75,102,4,106,181
08/26/2000,MOT,ND,AGL,CE,Federal Contract Tower,3,8,4,0,15,2,1,29,0,32,5,9,33,0,47,82,0,82,129
08/27/2000,MOT,ND,AGL,CE,Federal Contract Tower,3,5,5,0,13,2,0,35,0,37,5,5,40,0,50,94,0,94,144
08/28/2000,MOT,ND,AGL,CE,Federal Contract Tower,4,15,9,0,28,3,1,19,0,23,7,16,28,0,51,16,8,24,75
08/29/2000,MOT,ND,AGL,CE,Federal Contract Tower,4,23,14,1,42,0,2,23,1,26,4,25,37,2,68,82,0,82,150
08/30/2000,MOT,ND,AGL,CE,Federal Contract Tower,4,14,8,1,27,0,10,5,0,15,4,24,13,1,42,38,0,38,80
08/31/2000,MOT,ND,AGL,CE,Federal Contract Tower,5,22,15,1,43,0,0,18,0,18,5,22,33,1,61,160,12,172,233
09/01/2000,MOT,ND,AGL,CE,Federal Contract Tower,3,25,18,0,46,3,0,19,0,22,6,25,37,0,68,16,0,16,84
09/02/2000,MOT,ND,AGL,CE,Federal Contract Tower,1,10,2,0,13,5,0,0,2,7,6,10,2,2,20,10,0,10,30
09/03/2000,MOT,ND,AGL,CE,Federal Contract Tower,2,0,6,0,8,4,0,0,0,4,6,0,6,0,12,40,0,40,52
09/04/2000,MOT,ND,AGL,CE,Federal Contract Tower,1,0,3,0,4,4,0,3,0,7,5,0,6,0,11,36,0,36,47
09/05/2000,MOT,ND,AGL,CE,Federal Contract Tower,0,13,6,0,19,0,10,3,2,15,0,23,9,2,34,6,0,6,40
09/06/2000,MOT,ND,AGL,CE,Federal Contract Tower,0,19,8,0,27,0,6,1,2,9,0,25,9,2,36,0,0,0,36
09/07/2000,MOT,ND,AGL,CE,Federal Contract Tower,0,11,5,0,16,0,13,18,4,35,0,24,23,4,51,18,0,18,69
09/08/2000,MOT,ND,AGL,CE,Federal Contract Tower,0,16,7,0,23,0,8,16,0,24,0,24,23,0,47,44,0,44,91
09/09/2000,MOT,ND,AGL,CE,Federal Contract Tower,0,4,1,0,5,0,8,11,0,19,0,12,12,0,24,6,0,6,30
09/10/2000,MOT,ND,AGL,CE,Federal Contract Tower,0,1,0,0,1,0,0,18,0,18,0,1,18,0,19,22,0,22,41
09/11/2000,MOT,ND,AGL,CE,Federal Contract Tower,0,12,5,0,17,0,8,26,0,34,0,20,31,0,51,62,4,66,117
09/12/2000,MOT,ND,AGL,CE,Federal Contract Tower,0,19,8,0,27,0,7,16,0,23,0,26,24,0,50,74,0,74,124
09/13/2000,MOT,ND,AGL,CE,Federal Contract Tower,0,19,9,0,28,0,8,22,0,30,0,27,31,0,58,66,10,76,134
09/14/2000,MOT,ND,AGL,CE,Federal Contract Tower,0,22,9,0,31,0,2,34,1,37,0,24,43,1,68,68,0,68,136
09/15/2000,MOT,ND,AGL,CE,Federal Contract Tower,0,14,6,0,20,0,14,25,0,39,0,28,31,0,59,70,0,70,129
09/16/2000,MOT,ND,AGL,CE,Federal Contract Tower,0,8,4,0,12,0,1,17,0,18,0,9,21,0,30,48,4,52,82
09/17/2000,MOT,ND,AGL,CE,Federal Contract Tower,0,1,0,0,1,0,1,32,0,33,0,2,32,0,34,8,0,8,42
09/18/2000,MOT,ND,AGL,CE,Federal Contract Tower,0,10,5,1,16,0,9,26,1,36,0,19,31,2,52,48,8,56,108
09/19/2000,MOT,ND,AGL,CE,Federal Contract Tower,0,22,10,0,32,0,3,17,0,20,0,25,27,0,52,22,0,22,74
09/20/2000,MOT,ND,AGL,CE,Federal Contract Tower,0,20,9,0,29,0,3,7,0,10,0,23,16,0,39,48,10,58,97
09/21/2000,MOT,ND,AGL,CE,Federal Contract Tower,0,22,9,0,31,0,3,7,5,15,0,25,16,5,46,38,14,52,98
09/22/2000,MOT,ND,AGL,CE,Federal Contract Tower,0,16,7,0,23,0,9,1,0,10,0,25,8,0,33,8,0,8,41
09/23/2000,MOT,ND,AGL,CE,Federal Contract Tower,0,8,3,0,11,0,3,28,0,31,0,11,31,0,42,24,0,24,66
09/24/2000,MOT,ND,AGL,CE,Federal Contract Tower,0,2,4,0,6,0,0,66,0,66,0,2,70,0,72,74,0,74,146
09/25/2000,MOT,ND,AGL,CE,Federal Contract Tower,0,12,5,0,17,0,12,28,3,43,0,24,33,3,60,54,8,62,122
09/26/2000,MOT,ND,AGL,CE,Federal Contract Tower,0,19,8,0,27,0,9,15,0,24,0,28,23,0,51,38,0,38,89
09/27/2000,MOT,ND,AGL,CE,Federal Contract Tower,0,23,10,0,33,0,6,6,2,14,0,29,16,2,47,36,0,36,83
09/28/2000,MOT,ND,AGL,CE,Federal Contract Tower,0,21,8,0,29,0,11,20,1,32,0,32,28,1,61,36,4,40,101
09/29/2000,MOT,ND,AGL,CE,Federal Contract Tower,0,19,8,0,27,0,10,24,0,34,0,29,32,0,61,76,0,76,137
09/30/2000,MOT,ND,AGL,CE,Federal Contract Tower,0,9,3,0,12,0,2,21,0,23,0,11,24,0,35,24,0,24,59
10/01/2000,MOT,ND,AGL,CE,Federal Contract Tower,0,0,2,0,2,0,0,38,0,38,0,0,40,0,40,48,0,48,88
10/02/2000,MOT,ND,AGL,CE,Federal Contract Tower,0,8,5,0,13,0,9,13,0,22,0,17,18,0,35,76,0,76,111
10/03/2000,MOT,ND,AGL,CE,Federal Contract Tower,0,15,8,1,24,0,8,19,1,28,0,23,27,2,52,50,14,64,116
10/04/2000,MOT,ND,AGL,CE,Federal Contract Tower,1,20,7,2,30,0,3,20,0,23,1,23,27,2,53,46,0,46,99
10/05/2000,MOT,ND,AGL,CE,Federal Contract Tower,5,18,7,0,30,0,11,14,0,25,5,29,21,0,55,62,0,62,117
10/06/2000,MOT,ND,AGL,CE,Federal Contract Tower,5,20,8,1,34,0,1,19,0,20,5,21,27,1,54,90,16,106,160
10/07/2000,MOT,ND,AGL,CE,Federal Contract Tower,5,10,7,0,22,0,0,43,1,44,5,10,50,1,66,96,0,96,162
10/08/2000,MOT,ND,AGL,CE,Federal Contract Tower,2,2,2,0,6,3,0,34,1,38,5,2,36,1,44,106,0,106,150
10/09/2000,MOT,ND,AGL,CE,Federal Contract Tower,3,9,5,0,17,2,8,8,0,18,5,17,13,0,35,68,0,68,103
10/10/2000,MOT,ND,AGL,CE,Federal Contract Tower,5,16,8,0,29,0,6,15,0,21,5,22,23,0,50,118,6,124,174
10/11/2000,MOT,ND,AGL,CE,Federal Contract Tower,6,15,8,0,29,1,12,38,0,51,7,27,46,0,80,30,0,30,110
10/12/2000,MOT,ND,AGL,CE,Federal Contract Tower,5,25,12,2,44,0,1,24,0,25,5,26,36,2,69,76,14,90,159
10/13/2000,MOT,ND,AGL,CE,Federal Contract Tower,5,19,9,2,35,2,5,11,1,19,7,24,20,3,54,106,0,106,160
10/14/2000,MOT,ND,AGL,CE,Federal Contract Tower,3,11,6,0,20,2,0,21,0,23,5,11,27,0,43,52,0,52,95
10/15/2000,MOT,ND,AGL,CE,Federal Contract Tower,4,0,6,0,10,4,0,33,0,37,8,0,39,0,47,94,0,94,141
10/16/2000,MOT,ND,AGL,CE,Federal Contract Tower,4,13,6,0,23,1,8,13,0,22,5,21,19,0,45,40,0,40,85
10/17/2000,MOT,ND,AGL,CE,Federal Contract Tower,5,19,9,2,35,0,8,17,2,27,5,27,26,4,62,102,10,112,174
10/18/2000,MOT,ND,AGL,CE,Federal Contract Tower,5,16,8,0,29,0,9,20,0,29,5,25,28,0,58,44,12,56,114
10/19/2000,MOT,ND,AGL,CE,Federal Contract Tower,5,17,8,0,30,0,7,41,8,56,5,24,49,8,86,34,0,34,120
10/20/2000,MOT,ND,AGL,CE,Federal Contract Tower,3,14,7,0,24,1,7,29,2,39,4,21,36,2,63,94,0,94,157
10/21/2000,MOT,ND,AGL,CE,Federal Contract Tower,3,12,6,0,21,2,0,21,1,24,5,12,27,1,45,0,0,0,45
10/22/2000,MOT,ND,AGL,CE,Federal Contract Tower,1,2,3,0,6,4,0,36,0,40,5,2,39,0,46,66,0,66,112
10/23/2000,MOT,ND,AGL,CE,Federal Contract Tower,4,13,6,0,23,0,2,19,0,21,4,15,25,0,44,28,0,28,72
10/24/2000,MOT,ND,AGL,CE,Federal Contract Tower,5,16,8,0,29,0,15,34,0,49,5,31,42,0,78,66,12,78,156
10/25/2000,MOT,ND,AGL,CE,Federal Contract Tower,5,19,8,2,34,0,5,4,1,10,5,24,12,3,44,16,0,16,60
10/26/2000,MOT,ND,AGL,CE,Federal Contract Tower,3,13,3,0,19,1,9,0,1,11,4,22,3,1,30,0,0,0,30
10/27/2000,MOT,ND,AGL,CE,Federal Contract Tower,5,21,9,2,37,0,1,6,0,7,5,22,15,2,44,62,6,68,112
10/28/2000,MOT,ND,AGL,CE,Federal Contract Tower,5,8,8,0,21,0,0,0,0,0,5,8,8,0,21,20,0,20,41
10/29/2000,MOT,ND,AGL,CE,Federal Contract Tower,1,0,3,0,4,4,0,0,0,4,5,0,3,0,8,10,0,10,18
10/30/2000,MOT,ND,AGL,CE,Federal Contract Tower,6,26,12,2,46,0,2,2,0,4,6,28,14,2,50,22,0,22,72
10/31/2000,MOT,ND,AGL,CE,Federal Contract Tower,3,18,5,0,26,0,3,0,0,3,3,21,5,0,29,6,0,6,35
11/01/2000,MOT,ND,AGL,CE,Federal Contract Tower,7,20,9,0,36,0,0,2,0,2,7,20,11,0,38,2,0,2,40
11/02/2000,MOT,ND,AGL,CE,Federal Contract Tower,4,18,6,0,28,0,5,0,0,5,4,23,6,0,33,0,0,0,33
11/03/2000,MOT,ND,AGL,CE,Federal Contract Tower,5,19,8,0,32,0,2,21,0,23,5,21,29,0,55,80,6,86,141
11/04/2000,MOT,ND,AGL,CE,Federal Contract Tower,5,8,5,0,18,0,0,39,0,39,5,8,44,0,57,128,0,128,185
11/05/2000,MOT,ND,AGL,CE,Federal Contract Tower,4,3,5,0,12,1,0,35,2,38,5,3,40,2,50,46,0,46,96
11/06/2000,MOT,ND,AGL,CE,Federal Contract Tower,5,14,6,0,25,0,6,0,0,6,5,20,6,0,31,0,0,0,31
11/07/2000,MOT,ND,AGL,CE,Federal Contract Tower,4,15,2,0,21,0,6,0,0,6,4,21,2,0,27,0,0,0,27
11/08/2000,MOT,ND,AGL,CE,Federal Contract Tower,5,24,11,1,41,0,0,12,1,13,5,24,23,2,54,48,0,48,102
11/09/2000,MOT,ND,AGL,CE,Federal Contract Tower,4,15,7,0,26,0,4,3,2,9,4,19,10,2,35,22,6,28,63
11/10/2000,MOT,ND,AGL,CE,Federal Contract Tower,4,18,7,1,30,0,2,11,0,13,4,20,18,1,43,48,0,48,91
11/11/2000,MOT,ND,AGL,CE,Federal Contract Tower,2,9,4,0,15,2,3,1,0,6,4,12,5,0,21,30,0,30,51
11/12/2000,MOT,ND,AGL,CE,Federal Contract Tower,2,0,4,1,7,2,0,4,2,8,4,0,8,3,15,20,0,20,35
11/13/2000,MOT,ND,AGL,CE,Federal Contract Tower,4,14,6,0,24,0,5,9,0,14,4,19,15,0,38,66,10,76,114
11/14/2000,MOT,ND,AGL,CE,Federal Contract Tower,5,22,9,0,36,0,7,14,0,21,5,29,23,0,57,40,10,50,107
11/15/2000,MOT,ND,AGL,CE,Federal Contract Tower,4,24,10,0,38,0,2,14,0,16,4,26,24,0,54,56,16,72,126
11/16/2000,MOT,ND,AGL,CE,Federal Contract Tower,4,15,4,0,23,0,5,0,0,5,4,20,4,0,28,44,8,52,80
11/17/2000,MOT,ND,AGL,CE,Federal Contract Tower,4,18,8,0,30,0,8,8,0,16,4,26,16,0,46,38,6,44,90
11/18/2000,MOT,ND,AGL,CE,Federal Contract Tower,3,11,3,1,18,2,2,1,1,6,5,13,4,2,24,24,0,24,48
11/19/2000,MOT,ND,AGL,CE,Federal Contract Tower,1,2,1,0,4,3,0,3,0,6,4,2,4,0,10,16,12,28,38
11/20/2000,MOT,ND,AGL,CE,Federal Contract Tower,3,14,2,1,20,1,7,0,1,9,4,21,2,2,29,38,10,48,77
11/21/2000,MOT,ND,AGL,CE,Federal Contract Tower,5,25,10,0,40,0,6,14,0,20,5,31,24,0,60,46,0,46,106
11/22/2000,MOT,ND,AGL,CE,Federal Contract Tower,5,20,7,2,34,0,4,23,2,29,5,24,30,4,63,44,12,56,119
11/23/2000,MOT,ND,AGL,CE,Federal Contract Tower,1,2,1,0,4,4,0,9,0,13,5,2,10,0,17,14,0,14,31
11/24/2000,MOT,ND,AGL,CE,Federal Contract Tower,3,18,6,0,27,0,0,10,0,10,3,18,16,0,37,62,0,62,99
11/25/2000,MOT,ND,AGL,CE,Federal Contract Tower,3,10,4,0,17,2,1,27,2,32,5,11,31,2,49,102,0,102,151
11/26/2000,MOT,ND,AGL,CE,Federal Contract Tower,2,4,3,0,9,3,0,30,0,33,5,4,33,0,42,70,8,78,120
11/27/2000,MOT,ND,AGL,CE,Federal Contract Tower,5,16,7,0,28,0,1,5,0,6,5,17,12,0,34,68,10,78,112
11/28/2000,MOT,ND,AGL,CE,Federal Contract Tower,5,18,8,0,31,0,0,3,0,3,5,18,11,0,34,6,2,8,42
11/29/2000,MOT,ND,AGL,CE,Federal Contract Tower,7,21,11,1,40,0,0,6,0,6,7,21,17,1,46,4,0,4,50
11/30/2000,MOT,ND,AGL,CE,Federal Contract Tower,5,17,4,0,26,2,2,0,0,4,7,19,4,0,30,8,20,28,58
12/01/2000,MOT,ND,AGL,CE,Federal Contract Tower,6,13,2,0,21,1,3,0,0,4,7,16,2,0,25,0,0,0,25
12/02/2000,MOT,ND,AGL,CE,Federal Contract Tower,5,8,5,0,18,0,0,6,0,6,5,8,11,0,24,28,0,28,52
12/03/2000,MOT,ND,AGL,CE,Federal Contract Tower,3,2,1,0,6,1,1,8,0,10,4,3,9,0,16,14,0,14,30
12/04/2000,MOT,ND,AGL,CE,Federal Contract Tower,5,9,5,0,19,0,10,4,0,14,5,19,9,0,33,14,4,18,51
12/05/2000,MOT,ND,AGL,CE,Federal Contract Tower,4,15,8,0,27,0,8,5,0,13,4,23,13,0,40,28,6,34,74
12/06/2000,MOT,ND,AGL,CE,Federal Contract Tower,5,17,12,0,34,0,0,3,0,3,5,17,15,0,37,58,20,78,115
12/07/2000,MOT,ND,AGL,CE,Federal Contract Tower,4,15,5,0,24,0,8,0,1,9,4,23,5,1,33,14,12,26,59
12/08/2000,MOT,ND,AGL,CE,Federal Contract Tower,5,14,6,0,25,0,10,5,0,15,5,24,11,0,40,60,0,60,100
12/09/2000,MOT,ND,AGL,CE,Federal Contract Tower,3,7,2,0,12,1,1,0,0,2,4,8,2,0,14,0,0,0,14
12/10/2000,MOT,ND,AGL,CE,Federal Contract Tower,2,2,1,0,5,3,0,0,0,3,5,2,1,0,8,4,0,4,12
12/11/2000,MOT,ND,AGL,CE,Federal Contract Tower,4,12,6,0,22,2,3,2,0,7,6,15,8,0,29,8,12,20,49
12/12/2000,MOT,ND,AGL,CE,Federal Contract Tower,5,19,8,0,32,0,6,14,0,20,5,25,22,0,52,110,14,124,176
12/13/2000,MOT,ND,AGL,CE,Federal Contract Tower,4,14,6,0,24,0,5,7,0,12,4,19,13,0,36,26,0,26,62
12/14/2000,MOT,ND,AGL,CE,Federal Contract Tower,5,14,6,1,26,1,1,2,3,7,6,15,8,4,33,22,4,26,59
12/15/2000,MOT,ND,AGL,CE,Federal Contract Tower,4,14,5,0,23,0,2,1,0,3,4,16,6,0,26,28,0,28,54
12/16/2000,MOT,ND,AGL,CE,Federal Contract Tower,2,6,1,1,10,0,0,3,1,4,2,6,4,2,14,16,0,16,30
12/17/2000,MOT,ND,AGL,CE,Federal Contract Tower,2,4,2,0,8,3,0,6,0,9,5,4,8,0,17,20,0,20,37
12/18/2000,MOT,ND,AGL,CE,Federal Contract Tower,2,10,5,0,17,0,6,8,0,14,2,16,13,0,31,10,8,18,49
12/19/2000,MOT,ND,AGL,CE,Federal Contract Tower,4,17,7,0,28,0,5,5,0,10,4,22,12,0,38,62,6,68,106
12/20/2000,MOT,ND,AGL,CE,Federal Contract Tower,4,14,6,0,24,0,3,2,0,5,4,17,8,0,29,4,0,4,33
12/21/2000,MOT,ND,AGL,CE,Federal Contract Tower,6,17,8,0,31,0,1,9,0,10,6,18,17,0,41,36,0,36,77
12/22/2000,MOT,ND,AGL,CE,Federal Contract Tower,4,15,7,0,26,0,7,5,0,12,4,22,12,0,38,62,0,62,100
12/23/2000,MOT,ND,AGL,CE,Federal Contract Tower,4,11,5,0,20,2,7,7,0,16,6,18,12,0,36,36,0,36,72
12/24/2000,MOT,ND,AGL,CE,Federal Contract Tower,0,0,0,0,0,4,0,6,0,10,4,0,6,0,10,8,0,8,18
12/25/2000,MOT,ND,AGL,CE,Federal Contract Tower,1,1,2,0,4,4,0,5,0,9,5,1,7,0,13,8,0,8,21
12/26/2000,MOT,ND,AGL,CE,Federal Contract Tower,4,14,6,0,24,0,0,12,0,12,4,14,18,0,36,54,0,54,90
12/27/2000,MOT,ND,AGL,CE,Federal Contract Tower,4,16,8,0,28,0,0,4,0,4,4,16,12,0,32,4,14,18,50
12/28/2000,MOT,ND,AGL,CE,Federal Contract Tower,2,10,3,0,15,0,7,0,0,7,2,17,3,0,22,14,0,14,36
12/29/2000,MOT,ND,AGL,CE,Federal Contract Tower,4,13,6,0,23,0,3,10,0,13,4,16,16,0,36,32,8,40,76
12/30/2000,MOT,ND,AGL,CE,Federal Contract Tower,3,9,4,0,16,1,1,10,0,12,4,10,14,0,28,44,0,44,72
12/31/2000,MOT,ND,AGL,CE,Federal Contract Tower,0,2,0,0,2,4,0,10,0,14,4,2,10,0,16,26,0,26,42
01/01/2001,MOT,ND,AGL,CE,Federal Contract Tower,0,1,2,0,3,4,1,7,0,12,4,2,9,0,15,0,0,0,15
01/02/2001,MOT,ND,AGL,CE,Federal Contract Tower,4,12,8,0,24,0,7,5,0,12,4,19,13,0,36,48,0,48,84
01/03/2001,MOT,ND,AGL,CE,Federal Contract Tower,4,13,7,1,25,0,4,22,1,27,4,17,29,2,52,82,14,96,148
01/04/2001,MOT,ND,AGL,CE,Federal Contract Tower,5,12,7,0,24,0,14,5,0,19,5,26,12,0,43,10,36,46,89
01/05/2001,MOT,ND,AGL,CE,Federal Contract Tower,5,14,8,0,27,0,6,8,0,14,5,20,16,0,41,62,12,74,115
01/06/2001,MOT,ND,AGL,CE,Federal Contract Tower,4,7,5,0,16,1,3,10,0,14,5,10,15,0,30,80,0,80,110
01/07/2001,MOT,ND,AGL,CE,Federal Contract Tower,3,2,3,0,8,2,0,3,0,5,5,2,6,0,13,52,0,52,65
01/08/2001,MOT,ND,AGL,CE,Federal Contract Tower,4,9,5,0,18,1,5,0,0,6,5,14,5,0,24,72,0,72,96
01/09/2001,MOT,ND,AGL,CE,Federal Contract Tower,5,18,10,0,33,0,9,20,0,29,5,27,30,0,62,78,8,86,148
01/10/2001,MOT,ND,AGL,CE,Federal Contract Tower,5,19,11,0,35,0,3,15,0,18,5,22,26,0,53,74,22,96,149
01/11/2001,MOT,ND,AGL,CE,Federal Contract Tower,5,19,11,0,35,0,0,14,0,14,5,19,25,0,49,80,10,90,139
01/12/2001,MOT,ND,AGL,CE,Federal Contract Tower,5,16,9,2,32,0,2,0,1,3,5,18,9,3,35,6,10,16,51
01/13/2001,MOT,ND,AGL,CE,Federal Contract Tower,3,8,2,0,13,2,0,0,3,5,5,8,2,3,18,0,0,0,18
01/14/2001,MOT,ND,AGL,CE,Federal Contract Tower,1,0,2,0,3,4,0,0,1,5,5,0,2,1,8,24,0,24,32
01/15/2001,MOT,ND,AGL,CE,Federal Contract Tower,4,12,6,0,22,1,1,0,0,2,5,13,6,0,24,26,0,26,50
01/16/2001,MOT,ND,AGL,CE,Federal Contract Tower,5,16,9,0,30,0,9,11,0,20,5,25,20,0,50,58,26,84,134
01/17/2001,MOT,ND,AGL,CE,Federal Contract Tower,5,14,6,0,25,2,6,0,0,8,7,20,6,0,33,16,20,36,69
01/18/2001,MOT,ND,AGL,CE,Federal Contract Tower,6,14,8,0,28,0,4,4,0,8,6,18,12,0,36,30,6,36,72
01/19/2001,MOT,ND,AGL,CE,Federal Contract Tower,5,16,9,0,30,0,5,9,0,14,5,21,18,0,44,18,6,24,68
01/20/2001,MOT,ND,AGL,CE,Federal Contract Tower,3,8,5,0,16,3,0,1,0,4,6,8,6,0,20,72,0,72,92
01/21/2001,MOT,ND,AGL,CE,Federal Contract Tower,3,0,5,0,8,4,0,19,0,23,7,0,24,0,31,64,0,64,95
01/22/2001,MOT,ND,AGL,CE,Federal Contract Tower,4,9,5,0,18,1,5,7,0,13,5,14,12,0,31,54,20,74,105
01/23/2001,MOT,ND,AGL,CE,Federal Contract Tower,5,20,10,0,35,0,2,10,0,12,5,22,20,0,47,76,24,100,147
01/24/2001,MOT,ND,AGL,CE,Federal Contract Tower,5,17,10,0,32,0,0,13,0,13,5,17,23,0,45,42,24,66,111
01/25/2001,MOT,ND,AGL,CE,Federal Contract Tower,5,18,9,0,32,0,2,9,0,11,5,20,18,0,43,50,6,56,99
01/26/2001,MOT,ND,AGL,CE,Federal Contract Tower,6,15,8,0,29,0,6,2,0,8,6,21,10,0,37,42,0,42,79
01/27/2001,MOT,ND,AGL,CE,Federal Contract Tower,3,9,5,0,17,2,1,16,0,19,5,10,21,0,36,18,0,18,54
01/28/2001,MOT,ND,AGL,CE,Federal Contract Tower,2,2,4,0,8,4,0,26,0,30,6,2,30,0,38,52,4,56,94
01/29/2001,MOT,ND,AGL,CE,Federal Contract Tower,5,19,9,0,33,0,9,3,0,12,5,28,12,0,45,70,18,88,133
01/30/2001,MOT,ND,AGL,CE,Federal Contract Tower,7,18,8,0,33,0,6,4,0,10,7,24,12,0,43,32,10,42,85
01/31/2001,MOT,ND,AGL,CE,Federal Contract Tower,5,21,10,0,36,0,2,3,0,5,5,23,13,0,41,14,6,20,61
02/01/2001,MOT,ND,AGL,CE,Federal Contract Tower,4,11,6,0,21,0,5,0,0,5,4,16,6,0,26,18,24,42,68
02/02/2001,MOT,ND,AGL,CE,Federal Contract Tower,5,11,10,0,26,0,8,3,0,11,5,19,13,0,37,52,14,66,103
02/03/2001,MOT,ND,AGL,CE,Federal Contract Tower,5,8,6,0,19,0,2,1,0,3,5,10,7,0,22,12,0,12,34
02/04/2001,MOT,ND,AGL,CE,Federal Contract Tower,3,3,1,0,7,2,1,22,0,25,5,4,23,0,32,86,0,86,118
02/05/2001,MOT,ND,AGL,CE,Federal Contract Tower,5,9,7,0,21,0,6,12,0,18,5,15,19,0,39,12,12,24,63
02/06/2001,MOT,ND,AGL,CE,Federal Contract Tower,5,19,14,0,38,0,3,7,0,10,5,22,21,0,48,94,24,118,166
02/07/2001,MOT,ND,AGL,CE,Federal Contract Tower,4,15,11,2,32,0,4,6,0,10,4,19,17,2,42,28,6,34,76
02/08/2001,MOT,ND,AGL,CE,Federal Contract Tower,4,20,12,2,38,0,0,0,0,0,4,20,12,2,38,28,4,32,70
02/09/2001,MOT,ND,AGL,CE,Federal Contract Tower,5,17,14,0,36,0,7,4,0,11,5,24,18,0,47,70,6,76,123
02/10/2001,MOT,ND,AGL,CE,Federal Contract Tower,3,7,7,0,17,2,7,5,0,14,5,14,12,0,31,34,0,34,65
02/11/2001,MOT,ND,AGL,CE,Federal Contract Tower,2,4,6,0,12,3,0,0,0,3,5,4,6,0,15,30,0,30,45
02/12/2001,MOT,ND,AGL,CE,Federal Contract Tower,4,11,10,2,27,0,6,2,0,8,4,17,12,2,35,34,12,46,81
02/13/2001,MOT,ND,AGL,CE,Federal Contract Tower,4,14,9,0,27,0,7,0,0,7,4,21,9,0,34,12,10,22,56
02/14/2001,MOT,ND,AGL,CE,Federal Contract Tower,3,10,7,0,20,2,13,11,0,26,5,23,18,0,46,22,14,36,82
02/15/2001,MOT,ND,AGL,CE,Federal Contract Tower,6,16,10,0,32,1,2,0,0,3,7,18,10,0,35,10,0,10,45
02/16/2001,MOT,ND,AGL,CE,Federal Contract Tower,4,11,6,0,21,1,9,3,0,13,5,20,9,0,34,24,0,24,58
02/17/2001,MOT,ND,AGL,CE,Federal Contract Tower,3,8,5,0,16,2,2,7,0,11,5,10,12,0,27,38,0,38,65
02/18/2001,MOT,ND,AGL,CE,Federal Contract Tower,1,2,3,0,6,4,0,12,0,16,5,2,15,0,22,50,0,50,72
02/19/2001,MOT,ND,AGL,CE,Federal Contract Tower,5,14,10,0,29,0,4,20,0,24,5,18,30,0,53,90,0,90,143
02/20/2001,MOT,ND,AGL,CE,Federal Contract Tower,5,14,10,0,29,0,4,0,0,4,5,18,10,0,33,40,16,56,89
02/21/2001,MOT,ND,AGL,CE,Federal Contract Tower,5,16,13,0,34,0,6,7,0,13,5,22,20,0,47,32,16,48,95
02/22/2001,MOT,ND,AGL,CE,Federal Contract Tower,5,15,11,0,31,2,13,3,0,18,7,28,14,0,49,12,24,36,85
02/23/2001,MOT,ND,AGL,CE,Federal Contract Tower,5,15,12,0,32,0,0,6,0,6,5,15,18,0,38,32,4,36,74
02/24/2001,MOT,ND,AGL,CE,Federal Contract Tower,3,8,4,0,15,2,0,0,0,2,5,8,4,0,17,86,0,86,103
02/25/2001,MOT,ND,AGL,CE,Federal Contract Tower,1,0,4,0,5,3,0,6,2,11,4,0,10,2,16,60,0,60,76
02/26/2001,MOT,ND,AGL,CE,Federal Contract Tower,4,15,11,0,30,0,3,0,0,3,4,18,11,0,33,36,4,40,73
02/27/2001,MOT,ND,AGL,CE,Federal Contract Tower,5,21,18,0,44,0,0,7,0,7,5,21,25,0,51,56,18,74,125
02/28/2001,MOT,ND,AGL,CE,Federal Contract Tower,5,18,14,0,37,0,5,9,0,14,5,23,23,0,51,104,8,112,163
03/01/2001,MOT,ND,AGL,CE,Federal Contract Tower,7,19,10,1,37,0,7,5,0,12,7,26,15,1,49,42,22,64,113
03/02/2001,MOT,ND,AGL,CE,Federal Contract Tower,5,16,8,1,30,0,3,21,0,24,5,19,29,1,54,88,0,88,142
03/03/2001,MOT,ND,AGL,CE,Federal Contract Tower,3,9,6,0,18,0,5,18,0,23,3,14,24,0,41,106,0,106,147
03/04/2001,MOT,ND,AGL,CE,Federal Contract Tower,2,0,3,0,5,3,0,25,0,28,5,0,28,0,33,102,0,102,135
03/05/2001,MOT,ND,AGL,CE,Federal Contract Tower,4,16,8,0,28,0,2,10,0,12,4,18,18,0,40,52,12,64,104
03/06/2001,MOT,ND,AGL,CE,Federal Contract Tower,5,17,10,0,32,0,8,14,0,22,5,25,24,0,54,26,10,36,90
03/07/2001,MOT,ND,AGL,CE,Federal Contract Tower,4,14,8,0,26,0,5,18,0,23,4,19,26,0,49,62,12,74,123
03/08/2001,MOT,ND,AGL,CE,Federal Contract Tower,5,13,8,0,26,0,9,10,0,19,5,22,18,0,45,142,14,156,201
03/09/2001,MOT,ND,AGL,CE,Federal Contract Tower,5,16,9,0,30,0,6,12,0,18,5,22,21,0,48,56,0,56,104
03/10/2001,MOT,ND,AGL,CE,Federal Contract Tower,3,9,6,0,18,1,1,6,0,8,4,10,12,0,26,56,0,56,82
03/11/2001,MOT,ND,AGL,CE,Federal Contract Tower,1,2,3,1,7,4,0,24,0,28,5,2,27,1,35,74,0,74,109
03/12/2001,MOT,ND,AGL,CE,Federal Contract Tower,4,10,6,1,21,0,6,8,0,14,4,16,14,1,35,34,8,42,77
03/13/2001,MOT,ND,AGL,CE,Federal Contract Tower,4,16,8,0,28,0,4,10,0,14,4,20,18,0,42,66,8,74,116
03/14/2001,MOT,ND,AGL,CE,Federal Contract Tower,5,15,8,2,30,0,4,7,0,11,5,19,15,2,41,86,6,92,133
03/15/2001,MOT,ND,AGL,CE,Federal Contract Tower,4,13,7,1,25,0,6,18,1,25,4,19,25,2,50,44,0,44,94
03/16/2001,MOT,ND,AGL,CE,Federal Contract Tower,4,12,7,1,24,1,11,26,0,38,5,23,33,1,62,68,0,68,130
03/17/2001,MOT,ND,AGL,CE,Federal Contract Tower,4,12,7,1,24,1,0,43,0,44,5,12,50,1,68,68,0,68,136
03/18/2001,MOT,ND,AGL,CE,Federal Contract Tower,3,6,5,1,15,2,0,37,1,40,5,6,42,2,55,64,0,64,119
03/19/2001,MOT,ND,AGL,CE,Federal Contract Tower,4,15,6,0,25,0,3,13,0,16,4,18,19,0,41,54,8,62,103
03/20/2001,MOT,ND,AGL,CE,Federal Contract Tower,4,12,6,0,22,0,11,7,0,18,4,23,13,0,40,144,14,158,198
03/21/2001,MOT,ND,AGL,CE,Federal Contract Tower,4,12,6,0,22,0,6,8,0,14,4,18,14,0,36,18,6,24,60
03/22/2001,MOT,ND,AGL,CE,Federal Contract Tower,4,13,6,1,24,0,9,3,0,12,4,22,9,1,36,36,6,42,78
03/23/2001,MOT,ND,AGL,CE,Federal Contract Tower,5,13,6,1,25,0,9,13,0,22,5,22,19,1,47,32,16,48,95
03/24/2001,MOT,ND,AGL,CE,Federal Contract Tower,3,9,5,0,17,2,4,10,0,16,5,13,15,0,33,74,0,74,107
03/25/2001,MOT,ND,AGL,CE,Federal Contract Tower,1,2,2,0,5,4,0,36,0,40,5,2,38,0,45,64,0,64,109
03/26/2001,MOT,ND,AGL,CE,Federal Contract Tower,3,10,6,0,19,2,4,7,2,15,5,14,13,2,34,116,12,128,162
03/27/2001,MOT,ND,AGL,CE,Federal Contract Tower,5,18,10,1,34,0,0,2,0,2,5,18,12,1,36,60,6,66,102
03/28/2001,MOT,ND,AGL,CE,Federal Contract Tower,5,16,8,1,30,1,4,0,0,5,6,20,8,1,35,58,6,64,99
03/29/2001,MOT,ND,AGL,CE,Federal Contract Tower,5,17,9,1,32,0,4,12,0,16,5,21,21,1,48,30,10,40,88
03/30/2001,MOT,ND,AGL,CE,Federal Contract Tower,5,20,6,1,32,0,3,12,0,15,5,23,18,1,47,10,20,30,77
03/31/2001,MOT,ND,AGL,CE,Federal Contract Tower,5,7,2,1,15,0,1,10,0,11,5,8,12,1,26,16,4,20,46
04/01/2001,MOT,ND,AGL,CE,Federal Contract Tower,5,0,4,0,9,0,5,28,0,33,5,5,32,0,42,70,0,70,112
04/02/2001,MOT,ND,AGL,CE,Federal Contract Tower,5,12,3,2,22,0,5,16,0,21,5,17,19,2,43,8,0,8,51
04/03/2001,MOT,ND,AGL,CE,Federal Contract Tower,4,22,4,0,30,0,5,1,0,6,4,27,5,0,36,4,0,4,40
04/04/2001,MOT,ND,AGL,CE,Federal Contract Tower,5,17,4,0,26,0,0,0,0,0,5,17,4,0,26,0,0,0,26
04/05/2001,MOT,ND,AGL,CE,Federal Contract Tower,5,20,3,0,28,0,12,15,0,27,5,32,18,0,55,22,16,38,93
04/06/2001,MOT,ND,AGL,CE,Federal Contract Tower,4,15,4,2,25,0,1,18,0,19,4,16,22,2,44,16,0,16,60
04/07/2001,MOT,ND,AGL,CE,Federal Contract Tower,4,7,0,0,11,0,3,7,0,10,4,10,7,0,21,0,0,0,21
04/08/2001,MOT,ND,AGL,CE,Federal Contract Tower,5,0,2,0,7,0,0,26,0,26,5,0,28,0,33,20,0,20,53
04/09/2001,MOT,ND,AGL,CE,Federal Contract Tower,5,16,2,0,23,0,0,0,0,0,5,16,2,0,23,0,0,0,23
04/10/2001,MOT,ND,AGL,CE,Federal Contract Tower,7,19,3,0,29,0,3,7,0,10,7,22,10,0,39,22,14,36,75
04/11/2001,MOT,ND,AGL,CE,Federal Contract Tower,2,13,4,0,19,0,3,8,0,11,2,16,12,0,30,24,36,60,90
04/12/2001,MOT,ND,AGL,CE,Federal Contract Tower,4,16,12,0,32,0,3,9,0,12,4,19,21,0,44,42,6,48,92
04/13/2001,MOT,ND,AGL,CE,Federal Contract Tower,6,22,4,0,32,0,0,6,0,6,6,22,10,0,38,18,0,18,56
04/14/2001,MOT,ND,AGL,CE,Federal Contract Tower,5,11,7,0,23,0,0,0,0,0,5,11,7,0,23,66,0,66,89
04/15/2001,MOT,ND,AGL,CE,Federal Contract Tower,5,0,5,0,10,0,2,0,0,2,5,2,5,0,12,0,0,0,12
04/16/2001,MOT,ND,AGL,CE,Federal Contract Tower,5,12,3,4,24,0,11,13,0,24,5,23,16,4,48,20,14,34,82
04/17/2001,MOT,ND,AGL,CE,Federal Contract Tower,5,15,5,0,25,0,6,24,0,30,5,21,29,0,55,72,8,80,135
04/18/2001,MOT,ND,AGL,CE,Federal Contract Tower,5,15,7,0,27,0,6,23,0,29,5,21,30,0,56,42,10,52,108
04/19/2001,MOT,ND,AGL,CE,Federal Contract Tower,4,14,2,0,20,0,6,21,0,27,4,20,23,0,47,8,6,14,61
04/20/2001,MOT,ND,AGL,CE,Federal Contract Tower,5,18,8,0,31,0,6,2,0,8,5,24,10,0,39,0,0,0,39
04/21/2001,MOT,ND,AGL,CE,Federal Contract Tower,5,7,1,0,13,0,3,6,0,9,5,10,7,0,22,14,0,14,36
04/22/2001,MOT,ND,AGL,CE,Federal Contract Tower,5,0,6,0,11,0,4,21,0,25,5,4,27,0,36,62,0,62,98
04/23/2001,MOT,ND,AGL,CE,Federal Contract Tower,5,13,4,0,22,0,8,26,0,34,5,21,30,0,56,32,12,44,100
04/24/2001,MOT,ND,AGL,CE,Federal Contract Tower,5,18,7,0,30,0,11,25,0,36,5,29,32,0,66,38,6,44,110
04/25/2001,MOT,ND,AGL,CE,Federal Contract Tower,5,14,1,0,20,0,6,25,0,31,5,20,26,0,51,14,12,26,77
04/26/2001,MOT,ND,AGL,CE,Federal Contract Tower,5,14,8,1,28,0,5,23,0,28,5,19,31,1,56,42,8,50,106
04/27/2001,MOT,ND,AGL,CE,Federal Contract Tower,4,15,7,3,29,0,10,13,0,23,4,25,20,3,52,24,0,24,76
04/28/2001,MOT,ND,AGL,CE,Federal Contract Tower,5,9,12,1,27,0,3,9,0,12,5,12,21,1,39,62,8,70,109
04/29/2001,MOT,ND,AGL,CE,Federal Contract Tower,4,0,7,1,12,0,2,30,0,32,4,2,37,1,44,44,0,44,88
04/30/2001,MOT,ND,AGL,CE,Federal Contract Tower,5,11,14,0,30,0,4,9,0,13,5,15,23,0,43,62,4,66,109
05/01/2001,MOT,ND,AGL,CE,Federal Contract Tower,5,15,17,0,37,0,4,0,0,4,5,19,17,0,41,48,18,66,107
05/02/2001,MOT,ND,AGL,CE,Federal Contract Tower,5,18,11,0,34,0,3,15,0,18,5,21,26,0,52,32,0,32,84
05/03/2001,MOT,ND,AGL,CE,Federal Contract Tower,4,14,4,0,22,0,6,15,0,21,4,20,19,0,43,44,52,96,139
05/04/2001,MOT,ND,AGL,CE,Federal Contract Tower,5,14,18,2,39,0,6,13,0,19,5,20,31,2,58,86,18,104,162
05/05/2001,MOT,ND,AGL,CE,Federal Contract Tower,5,7,9,0,21,0,2,20,2,24,5,9,29,2,45,48,0,48,93
05/06/2001,MOT,ND,AGL,CE,Federal Contract Tower,4,2,12,0,18,0,2,0,0,2,4,4,12,0,20,46,0,46,66
05/07/2001,MOT,ND,AGL,CE,Federal Contract Tower,5,12,3,0,20,0,0,11,0,11,5,12,14,0,31,18,12,30,61
05/08/2001,MOT,ND,AGL,CE,Federal Contract Tower,5,18,16,2,41,0,6,0,0,6,5,24,16,2,47,106,18,124,171
05/09/2001,MOT,ND,AGL,CE,Federal Contract Tower,4,14,5,0,23,0,4,20,0,24,4,18,25,0,47,12,0,12,59
05/10/2001,MOT,ND,AGL,CE,Federal Contract Tower,5,19,12,4,40,0,8,16,0,24,5,27,28,4,64,68,20,88,152
05/11/2001,MOT,ND,AGL,CE,Federal Contract Tower,5,16,3,0,24,0,9,23,0,32,5,25,26,0,56,100,10,110,166
05/12/2001,MOT,ND,AGL,CE,Federal Contract Tower,5,7,5,0,17,0,5,37,0,42,5,12,42,0,59,56,14,70,129
05/13/2001,MOT,ND,AGL,CE,Federal Contract Tower,3,0,1,0,4,0,5,39,0,44,3,5,40,0,48,78,0,78,126
05/14/2001,MOT,ND,AGL,CE,Federal Contract Tower,5,10,11,0,26,0,8,19,0,27,5,18,30,0,53,68,0,68,121
05/15/2001,MOT,ND,AGL,CE,Federal Contract Tower,4,14,13,0,31,0,4,3,0,7,4,18,16,0,38,76,14,90,128
05/16/2001,MOT,ND,AGL,CE,Federal Contract Tower,5,15,14,0,34,0,9,15,0,24,5,24,29,0,58,74,12,86,144
05/17/2001,MOT,ND,AGL,CE,Federal Contract Tower,5,15,3,2,25,0,2,16,4,22,5,17,19,6,47,26,6,32,79
05/18/2001,MOT,ND,AGL,CE,Federal Contract Tower,5,17,8,0,30,0,6,16,4,26,5,23,24,4,56,36,0,36,92
05/19/2001,MOT,ND,AGL,CE,Federal Contract Tower,5,7,2,0,14,0,2,38,0,40,5,9,40,0,54,56,0,56,110
05/20/2001,MOT,ND,AGL,CE,Federal Contract Tower,5,0,3,0,8,0,2,19,0,21,5,2,22,0,29,0,0,0,29
05/21/2001,MOT,ND,AGL,CE,Federal Contract Tower,5,11,1,0,17,0,5,8,0,13,5,16,9,0,30,4,0,4,34
05/22/2001,MOT,ND,AGL,CE,Federal Contract Tower,5,18,12,0,35,0,11,13,0,24,5,29,25,0,59,64,28,92,151
05/23/2001,MOT,ND,AGL,CE,Federal Contract Tower,5,17,11,4,37,0,8,12,0,20,5,25,23,4,57,42,20,62,119
05/24/2001,MOT,ND,AGL,CE,Federal Contract Tower,5,15,6,0,26,0,5,10,6,21,5,20,16,6,47,62,6,68,115
05/25/2001,MOT,ND,AGL,CE,Federal Contract Tower,5,15,5,0,25,0,5,40,0,45,5,20,45,0,70,168,0,168,238
05/26/2001,MOT,ND,AGL,CE,Federal Contract Tower,5,6,0,0,11,0,3,29,0,32,5,9,29,0,43,72,0,72,115
05/27/2001,MOT,ND,AGL,CE,Federal Contract Tower,4,0,0,2,6,0,0,27,0,27,4,0,27,2,33,34,0,34,67
05/28/2001,MOT,ND,AGL,CE,Federal Contract Tower,5,0,3,2,10,0,3,33,2,38,5,3,36,4,48,86,0,86,134
05/29/2001,MOT,ND,AGL,CE,Federal Contract Tower,5,14,4,0,23,0,5,19,0,24,5,19,23,0,47,38,14,52,99
05/30/2001,MOT,ND,AGL,CE,Federal Contract Tower,4,18,7,2,31,0,7,23,0,30,4,25,30,2,61,158,14,172,233
05/31/2001,MOT,ND,AGL,CE,Federal Contract Tower,4,15,12,0,31,0,6,30,0,36,4,21,42,0,67,80,18,98,165
06/01/2001,MOT,ND,AGL,CE,Federal Contract Tower,4,14,3,0,21,0,3,17,0,20,4,17,20,0,41,4,0,4,45
06/02/2001,MOT,ND,AGL,CE,Federal Contract Tower,5,9,9,0,23,0,5,18,0,23,5,14,27,0,46,64,0,64,110
06/03/2001,MOT,ND,AGL,CE,Federal Contract Tower,5,0,9,0,14,0,4,14,2,20,5,4,23,2,34,112,0,112,146
06/04/2001,MOT,ND,AGL,CE,Federal Contract Tower,5,15,4,0,24,0,8,21,0,29,5,23,25,0,53,62,22,84,137
06/05/2001,MOT,ND,AGL,CE,Federal Contract Tower,5,18,8,0,31,0,1,10,0,11,5,19,18,0,42,38,16,54,96
06/06/2001,MOT,ND,AGL,CE,Federal Contract Tower,5,16,11,0,32,0,4,14,0,18,5,20,25,0,50,94,10,104,154
06/07/2001,MOT,ND,AGL,CE,Federal Contract Tower,5,16,8,0,29,0,1,19,0,20,5,17,27,0,49,165,4,169,218
06/08/2001,MOT,ND,AGL,CE,Federal Contract Tower,4,16,7,0,27,0,6,28,0,34,4,22,35,0,61,84,0,84,145
06/09/2001,MOT,ND,AGL,CE,Federal Contract Tower,5,7,6,2,20,0,2,32,2,36,5,9,38,4,56,52,0,52,108
06/10/2001,MOT,ND,AGL,CE,Federal Contract Tower,7,0,8,0,15,0,4,38,0,42,7,4,46,0,57,60,0,60,117
06/11/2001,MOT,ND,AGL,CE,Federal Contract Tower,4,11,1,1,17,0,6,24,0,30,4,17,25,1,47,104,12,116,163
06/12/2001,MOT,ND,AGL,CE,Federal Contract Tower,4,18,12,1,35,0,8,21,0,29,4,26,33,1,64,106,32,138,202
06/13/2001,MOT,ND,AGL,CE,Federal Contract Tower,6,17,6,2,31,0,2,3,0,5,6,19,9,2,36,6,8,14,50
06/14/2001,MOT,ND,AGL,CE,Federal Contract Tower,4,18,8,1,31,0,0,2,0,2,4,18,10,1,33,0,0,0,33
06/15/2001,MOT,ND,AGL,CE,Federal Contract Tower,5,14,6,5,30,0,10,30,19,59,5,24,36,24,89,78,22,100,189
06/16/2001,MOT,ND,AGL,CE,Federal Contract Tower,5,7,3,0,15,0,2,32,10,44,5,9,35,10,59,116,0,116,175
06/17/2001,MOT,ND,AGL,CE,Federal Contract Tower,4,0,9,0,13,0,2,45,0,47,4,2,54,0,60,136,0,136,196
06/18/2001,MOT,ND,AGL,CE,Federal Contract Tower,5,11,6,0,22,0,2,1,0,3,5,13,7,0,25,18,16,34,59
06/19/2001,MOT,ND,AGL,CE,Federal Contract Tower,4,18,14,0,36,0,6,13,2,21,4,24,27,2,57,44,12,56,113
06/20/2001,MOT,ND,AGL,CE,Federal Contract Tower,5,14,4,0,23,0,4,13,0,17,5,18,17,0,40,34,10,44,84
06/21/2001,MOT,ND,AGL,CE,Federal Contract Tower,5,16,14,0,35,0,3,20,0,23,5,19,34,0,58,64,10,74,132
06/22/2001,MOT,ND,AGL,CE,Federal Contract Tower,5,15,5,0,25,0,8,30,0,38,5,23,35,0,63,58,14,72,135
06/23/2001,MOT,ND,AGL,CE,Federal Contract Tower,4,9,4,0,17,0,3,29,0,32,4,12,33,0,49,100,0,100,149
06/24/2001,MOT,ND,AGL,CE,Federal Contract Tower,5,0,5,0,10,0,2,32,2,36,5,2,37,2,46,108,0,108,154
06/25/2001,MOT,ND,AGL,CE,Federal Contract Tower,5,12,12,0,29,0,3,9,0,12,5,15,21,0,41,70,6,76,117
06/26/2001,MOT,ND,AGL,CE,Federal Contract Tower,5,16,20,0,41,0,4,12,2,18,5,20,32,2,59,104,6,110,169
06/27/2001,MOT,ND,AGL,CE,Federal Contract Tower,5,16,20,2,43,0,7,0,0,7,5,23,20,2,50,42,24,66,116
06/28/2001,MOT,ND,AGL,CE,Federal Contract Tower,5,19,5,0,29,0,10,46,4,60,5,29,51,4,89,132,10,142,231
06/29/2001,MOT,ND,AGL,CE,Federal Contract Tower,4,14,11,0,29,0,4,24,0,28,4,18,35,0,57,128,24,152,209
06/30/2001,MOT,ND,AGL,CE,Federal Contract Tower,4,7,12,0,23,0,1,44,0,45,4,8,56,0,68,82,4,86,154
07/01/2001,MOT,ND,AGL,CE,Federal Contract Tower,6,0,5,1,12,0,6,35,0,41,6,6,40,1,53,52,2,54,107
07/02/2001,MOT,ND,AGL,CE,Federal Contract Tower,5,11,1,1,18,0,1,32,0,33,5,12,33,1,51,92,6,98,149
07/03/2001,MOT,ND,AGL,CE,Federal Contract Tower,5,19,15,2,41,0,7,41,0,48,5,26,56,2,89,162,0,162,251
07/04/2001,MOT,ND,AGL,CE,Federal Contract Tower,7,0,4,0,11,0,0,64,0,64,7,0,68,0,75,76,0,76,151
07/05/2001,MOT,ND,AGL,CE,Federal Contract Tower,4,15,6,1,26,0,4,33,1,38,4,19,39,2,64,84,22,106,170
07/06/2001,MOT,ND,AGL,CE,Federal Contract Tower,4,14,8,0,26,0,5,39,0,44,4,19,47,0,70,62,12,74,144
07/07/2001,MOT,ND,AGL,CE,Federal Contract Tower,5,8,0,0,13,0,0,28,0,28,5,8,28,0,41,68,0,68,109
07/08/2001,MOT,ND,AGL,CE,Federal Contract Tower,5,0,5,0,10,0,0,26,0,26,5,0,31,0,36,34,0,34,70
07/09/2001,MOT,ND,AGL,CE,Federal Contract Tower,5,11,2,0,18,0,8,24,0,32,5,19,26,0,50,132,22,154,204
07/10/2001,MOT,ND,AGL,CE,Federal Contract Tower,5,19,9,0,33,0,5,31,0,36,5,24,40,0,69,124,26,150,219
07/11/2001,MOT,ND,AGL,CE,Federal Contract Tower,5,18,9,2,34,0,4,12,0,16,5,22,21,2,50,32,32,64,114
07/12/2001,MOT,ND,AGL,CE,Federal Contract Tower,4,20,10,0,34,0,12,26,3,41,4,32,36,3,75,58,20,78,153
07/13/2001,MOT,ND,AGL,CE,Federal Contract Tower,5,16,9,0,30,0,9,23,2,34,5,25,32,2,64,110,0,110,174
07/14/2001,MOT,ND,AGL,CE,Federal Contract Tower,5,7,12,2,26,0,1,3,0,4,5,8,15,2,30,58,0,58,88
07/15/2001,MOT,ND,AGL,CE,Federal Contract Tower,5,1,11,0,17,0,7,35,2,44,5,8,46,2,61,110,0,110,171
07/16/2001,MOT,ND,AGL,CE,Federal Contract Tower,5,12,17,0,34,0,9,36,0,45,5,21,53,0,79,50,14,64,143
07/17/2001,MOT,ND,AGL,CE,Federal Contract Tower,5,18,21,2,46,0,7,35,0,42,5,25,56,2,88,80,28,108,196
07/18/2001,MOT,ND,AGL,CE,Federal Contract Tower,4,17,7,0,28,0,10,51,0,61,4,27,58,0,89,96,36,132,221
07/19/2001,MOT,ND,AGL,CE,Federal Contract Tower,4,20,11,1,36,0,7,34,5,46,4,27,45,6,82,114,10,124,206
07/20/2001,MOT,ND,AGL,CE,Federal Contract Tower,5,16,9,0,30,0,7,26,0,33,5,23,35,0,63,72,0,72,135
07/21/2001,MOT,ND,AGL,CE,Federal Contract Tower,5,9,16,0,30,0,5,44,0,49,5,14,60,0,79,98,0,98,177
07/22/2001,MOT,ND,AGL,CE,Federal Contract Tower,3,0,5,0,8,0,4,62,0,66,3,4,67,0,74,62,0,62,136
07/23/2001,MOT,ND,AGL,CE,Federal Contract Tower,4,12,16,0,32,0,6,54,0,60,4,18,70,0,92,72,8,80,172
07/24/2001,MOT,ND,AGL,CE,Federal Contract Tower,5,20,10,0,35,0,7,46,0,53,5,27,56,0,88,82,14,96,184
07/25/2001,MOT,ND,AGL,CE,Federal Contract Tower,4,14,5,0,23,0,10,14,0,24,4,24,19,0,47,62,10,72,119
07/26/2001,MOT,ND,AGL,CE,Federal Contract Tower,5,17,13,0,35,0,9,26,0,35,5,26,39,0,70,28,26,54,124
07/27/2001,MOT,ND,AGL,CE,Federal Contract Tower,5,19,17,0,41,0,10,33,2,45,5,29,50,2,86,98,8,106,192
07/28/2001,MOT,ND,AGL,CE,Federal Contract Tower,5,8,16,3,32,0,5,37,1,43,5,13,53,4,75,84,0,84,159
07/29/2001,MOT,ND,AGL,CE,Federal Contract Tower,5,3,2,0,10,0,0,66,5,71,5,3,68,5,81,86,0,86,167
07/30/2001,MOT,ND,AGL,CE,Federal Contract Tower,5,15,9,0,29,0,6,35,2,43,5,21,44,2,72,126,6,132,204
07/31/2001,MOT,ND,AGL,CE,Federal Contract Tower,4,19,21,2,46,0,5,1,0,6,4,24,22,2,52,60,4,64,116
08/01/2001,MOT,ND,AGL,CE,Federal Contract Tower,4,14,11,1,30,0,10,29,1,40,4,24,40,2,70,32,4,36,106
08/02/2001,MOT,ND,AGL,CE,Federal Contract Tower,5,15,8,1,29,0,16,31,0,47,5,31,39,1,76,140,20,160,236
08/03/2001,MOT,ND,AGL,CE,Federal Contract Tower,5,18,3,0,26,0,13,36,1,50,5,31,39,1,76,64,10,74,150
08/04/2001,MOT,ND,AGL,CE,Federal Contract Tower,5,9,8,0,22,0,6,27,0,33,5,15,35,0,55,40,4,44,99
08/05/2001,MOT,ND,AGL,CE,Federal Contract Tower,5,0,3,0,8,0,3,30,2,35,5,3,33,2,43,40,0,40,83
08/06/2001,MOT,ND,AGL,CE,Federal Contract Tower,5,14,8,1,28,0,5,20,0,25,5,19,28,1,53,84,14,98,151
08/07/2001,MOT,ND,AGL,CE,Federal Contract Tower,5,18,17,1,41,0,5,0,0,5,5,23,17,1,46,76,12,88,134
08/08/2001,MOT,ND,AGL,CE,Federal Contract Tower,5,16,8,2,31,0,11,25,0,36,5,27,33,2,67,32,64,96,163
08/09/2001,MOT,ND,AGL,CE,Federal Contract Tower,5,14,11,0,30,0,9,13,0,22,5,23,24,0,52,154,22,176,228
08/10/2001,MOT,ND,AGL,CE,Federal Contract Tower,5,15,8,0,28,0,10,47,0,57,5,25,55,0,85,92,34,126,211
08/11/2001,MOT,ND,AGL,CE,Federal Contract Tower,5,7,5,2,19,0,11,57,3,71,5,18,62,5,90,40,0,40,130
08/12/2001,MOT,ND,AGL,CE,Federal Contract Tower,5,1,4,0,10,0,3,60,0,63,5,4,64,0,73,60,0,60,133
08/13/2001,MOT,ND,AGL,CE,Federal Contract Tower,5,12,5,0,22,0,4,28,0,32,5,16,33,0,54,40,8,48,102
08/14/2001,MOT,ND,AGL,CE,Federal Contract Tower,5,18,8,2,33,0,14,29,0,43,5,32,37,2,76,82,32,114,190
08/15/2001,MOT,ND,AGL,CE,Federal Contract Tower,5,17,6,0,28,0,7,35,0,42,5,24,41,0,70,64,30,94,164
08/16/2001,MOT,ND,AGL,CE,Federal Contract Tower,5,18,7,0,30,0,5,28,0,33,5,23,35,0,63,68,8,76,139
08/17/2001,MOT,ND,AGL,CE,Federal Contract Tower,6,12,7,0,25,0,4,21,0,25,6,16,28,0,50,64,0,64,114
08/18/2001,MOT,ND,AGL,CE,Federal Contract Tower,5,7,7,5,24,0,0,10,4,14,5,7,17,9,38,50,28,78,116
08/19/2001,MOT,ND,AGL,CE,Federal Contract Tower,5,0,4,2,11,0,2,17,0,19,5,2,21,2,30,32,0,32,62
08/20/2001,MOT,ND,AGL,CE,Federal Contract Tower,7,9,4,2,22,0,10,27,0,37,7,19,31,2,59,40,20,60,119
08/21/2001,MOT,ND,AGL,CE,Federal Contract Tower,5,12,10,0,27,0,10,32,0,42,5,22,42,0,69,52,18,70,139
08/22/2001,MOT,ND,AGL,CE,Federal Contract Tower,4,12,10,0,26,0,7,11,0,18,4,19,21,0,44,52,92,144,188
08/23/2001,MOT,ND,AGL,CE,Federal Contract Tower,5,16,2,0,23,0,0,16,0,16,5,16,18,0,39,16,14,30,69
08/24/2001,MOT,ND,AGL,CE,Federal Contract Tower,5,12,7,0,24,0,5,15,0,20,5,17,22,0,44,24,0,24,68
08/25/2001,MOT,ND,AGL,CE,Federal Contract Tower,5,9,7,0,21,0,1,36,0,37,5,10,43,0,58,44,0,44,102
08/26/2001,MOT,ND,AGL,CE,Federal Contract Tower,5,0,14,0,19,0,8,30,2,40,5,8,44,2,59,44,0,44,103
08/27/2001,MOT,ND,AGL,CE,Federal Contract Tower,5,10,9,0,24,0,8,31,4,43,5,18,40,4,67,58,14,72,139
08/28/2001,MOT,ND,AGL,CE,Federal Contract Tower,4,16,5,0,25,0,12,28,0,40,4,28,33,0,65,54,16,70,135
08/29/2001,MOT,ND,AGL,CE,Federal Contract Tower,4,14,5,1,24,0,4,27,0,31,4,18,32,1,55,46,10,56,111
08/30/2001,MOT,ND,AGL,CE,Federal Contract Tower,5,14,9,1,29,0,5,19,4,28,5,19,28,5,57,74,8,82,139
08/31/2001,MOT,ND,AGL,CE,Federal Contract Tower,5,12,4,1,22,0,4,25,2,31,5,16,29,3,53,80,6,86,139
09/01/2001,MOT,ND,AGL,CE,Federal Contract Tower,5,7,0,3,15,0,5,37,0,42,5,12,37,3,57,104,0,104,161
09/02/2001,MOT,ND,AGL,CE,Federal Contract Tower,3,0,3,0,6,0,2,33,0,35,3,2,36,0,41,32,0,32,73
09/03/2001,MOT,ND,AGL,CE,Federal Contract Tower,5,0,6,0,11,0,4,49,0,53,5,4,55,0,64,72,0,72,136
09/04/2001,MOT,ND,AGL,CE,Federal Contract Tower,5,7,2,0,14,0,12,35,6,53,5,19,37,6,67,40,16,56,123
09/05/2001,MOT,ND,AGL,CE,Federal Contract Tower,5,13,3,0,21,0,3,18,0,21,5,16,21,0,42,26,8,34,76
09/06/2001,MOT,ND,AGL,CE,Federal Contract Tower,4,12,3,0,19,0,10,3,0,13,4,22,6,0,32,4,8,12,44
09/07/2001,MOT,ND,AGL,CE,Federal Contract Tower,5,14,5,0,24,0,4,27,0,31,5,18,32,0,55,64,10,74,129
09/08/2001,MOT,ND,AGL,CE,Federal Contract Tower,5,8,1,2,16,0,6,29,0,35,5,14,30,2,51,46,12,58,109
09/09/2001,MOT,ND,AGL,CE,Federal Contract Tower,4,0,6,0,10,0,3,54,0,57,4,3,60,0,67,28,0,28,95
09/10/2001,MOT,ND,AGL,CE,Federal Contract Tower,5,5,4,0,14,0,8,39,0,47,5,13,43,0,61,64,10,74,135
09/11/2001,MOT,ND,AGL,CE,Federal Contract Tower,0,5,1,0,6,0,6,7,0,13,0,11,8,0,19,10,0,10,29
09/12/2001,MOT,ND,AGL,CE,Federal Contract Tower,0,0,1,0,1,0,2,0,0,2,0,2,1,0,3,0,0,0,3
09/13/2001,MOT,ND,AGL,CE,Federal Contract Tower,0,12,1,0,13,0,4,0,0,4,0,16,1,0,17,0,0,0,17
09/14/2001,MOT,ND,AGL,CE,Federal Contract Tower,2,15,3,0,20,0,2,0,0,2,2,17,3,0,22,0,0,0,22
09/15/2001,MOT,ND,AGL,CE,Federal Contract Tower,3,14,8,0,25,0,2,0,0,2,3,16,8,0,27,0,0,0,27
09/16/2001,MOT,ND,AGL,CE,Federal Contract Tower,5,4,12,0,21,0,0,0,0,0,5,4,12,0,21,0,0,0,21
09/17/2001,MOT,ND,AGL,CE,Federal Contract Tower,5,9,4,0,18,0,2,0,0,2,5,11,4,0,20,4,0,4,24
09/18/2001,MOT,ND,AGL,CE,Federal Contract Tower,5,20,15,0,40,0,0,1,0,1,5,20,16,0,41,0,4,4,45
09/19/2001,MOT,ND,AGL,CE,Federal Contract Tower,5,17,21,0,43,0,5,2,0,7,5,22,23,0,50,12,20,32,82
09/20/2001,MOT,ND,AGL,CE,Federal Contract Tower,3,14,6,0,23,0,8,22,0,30,3,22,28,0,53,16,10,26,79
09/21/2001,MOT,ND,AGL,CE,Federal Contract Tower,5,14,4,0,23,0,8,36,0,44,5,22,40,0,67,54,18,72,139
09/22/2001,MOT,ND,AGL,CE,Federal Contract Tower,5,9,6,0,20,0,6,27,0,33,5,15,33,0,53,20,10,30,83
09/23/2001,MOT,ND,AGL,CE,Federal Contract Tower,7,0,13,0,20,0,4,19,0,23,7,4,32,0,43,48,6,54,97
09/24/2001,MOT,ND,AGL,CE,Federal Contract Tower,5,12,3,0,20,0,4,17,0,21,5,16,20,0,41,22,8,30,71
09/25/2001,MOT,ND,AGL,CE,Federal Contract Tower,5,17,9,0,31,0,15,26,0,41,5,32,35,0,72,42,12,54,126
09/26/2001,MOT,ND,AGL,CE,Federal Contract Tower,7,13,11,1,32,0,6,31,0,37,7,19,42,1,69,94,12,106,175
09/27/2001,MOT,ND,AGL,CE,Federal Contract Tower,5,11,2,1,19,0,13,29,3,45,5,24,31,4,64,22,10,32,96
09/28/2001,MOT,ND,AGL,CE,Federal Contract Tower,4,15,8,0,27,0,8,28,0,36,4,23,36,0,63,54,18,72,135
09/29/2001,MOT,ND,AGL,CE,Federal Contract Tower,5,8,6,0,19,0,2,14,0,16,5,10,20,0,35,14,8,22,57
09/30/2001,MOT,ND,AGL,CE,Federal Contract Tower,5,0,3,2,10,0,0,43,0,43,5,0,46,2,53,62,0,62,115
10/01/2001,MOT,ND,AGL,CE,Federal Contract Tower,5,9,12,2,28,0,8,25,0,33,5,17,37,2,61,42,8,50,111
10/02/2001,MOT,ND,AGL,CE,Federal Contract Tower,5,14,0,0,19,0,3,13,0,16,5,17,13,0,35,24,8,32,67
10/03/2001,MOT,ND,AGL,CE,Federal Contract Tower,5,13,4,4,26,0,5,19,0,24,5,18,23,4,50,34,20,54,104
10/04/2001,MOT,ND,AGL,CE,Federal Contract Tower,5,13,2,0,20,0,7,10,0,17,5,20,12,0,37,10,8,18,55
10/05/2001,MOT,ND,AGL,CE,Federal Contract Tower,5,17,10,0,32,0,5,16,0,21,5,22,26,0,53,24,0,24,77
10/06/2001,MOT,ND,AGL,CE,Federal Contract Tower,5,7,2,2,16,0,0,19,0,19,5,7,21,2,35,20,0,20,55
10/07/2001,MOT,ND,AGL,CE,Federal Contract Tower,5,0,9,0,14,0,4,28,0,32,5,4,37,0,46,6,0,6,52
10/08/2001,MOT,ND,AGL,CE,Federal Contract Tower,5,9,20,0,34,0,5,30,0,35,5,14,50,0,69,80,0,80,149
10/09/2001,MOT,ND,AGL,CE,Federal Contract Tower,5,17,12,2,36,0,5,19,2,26,5,22,31,4,62,64,32,96,158
10/10/2001,MOT,ND,AGL,CE,Federal Contract Tower,4,18,13,0,35,0,6,24,0,30,4,24,37,0,65,20,18,38,103
10/11/2001,MOT,ND,AGL,CE,Federal Contract Tower,5,19,6,0,30,0,5,12,0,17,5,24,18,0,47,26,22,48,95
10/12/2001,MOT,ND,AGL,CE,Federal Contract Tower,5,14,0,0,19,0,10,26,0,36,5,24,26,0,55,52,20,72,127
10/13/2001,MOT,ND,AGL,CE,Federal Contract Tower,5,10,21,24,60,0,5,10,0,15,5,15,31,24,75,28,32,60,135
10/14/2001,MOT,ND,AGL,CE,Federal Contract Tower,5,0,12,1,18,0,6,11,0,17,5,6,23,1,35,20,8,28,63
10/15/2001,MOT,ND,AGL,CE,Federal Contract Tower,4,11,7,5,27,0,3,19,0,22,4,14,26,5,49,10,8,18,67
10/16/2001,MOT,ND,AGL,CE,Federal Contract Tower,4,12,13,0,29,0,9,27,1,37,4,21,40,1,66,88,14,102,168
10/17/2001,MOT,ND,AGL,CE,Federal Contract Tower,5,12,11,2,30,0,12,9,3,24,5,24,20,5,54,10,6,16,70
10/18/2001,MOT,ND,AGL,CE,Federal Contract Tower,4,12,2,0,18,0,5,16,0,21,4,17,18,0,39,14,6,20,59
10/19/2001,MOT,ND,AGL,CE,Federal Contract Tower,5,15,9,2,31,0,11,33,2,46,5,26,42,4,77,32,22,54,131
10/20/2001,MOT,ND,AGL,CE,Federal Contract Tower,5,7,2,0,14,0,2,32,0,34,5,9,34,0,48,36,0,36,84
10/21/2001,MOT,ND,AGL,CE,Federal Contract Tower,5,0,9,0,14,0,4,52,0,56,5,4,61,0,70,100,0,100,170
10/22/2001,MOT,ND,AGL,CE,Federal Contract Tower,5,11,7,2,25,0,8,21,0,29,5,19,28,2,54,48,16,64,118
10/23/2001,MOT,ND,AGL,CE,Federal Contract Tower,5,23,14,0,42,0,0,0,0,0,5,23,14,0,42,8,0,8,50
10/24/2001,MOT,ND,AGL,CE,Federal Contract Tower,4,15,9,0,28,0,9,0,0,9,4,24,9,0,37,0,0,0,37
10/25/2001,MOT,ND,AGL,CE,Federal Contract Tower,5,21,3,0,29,0,8,15,0,23,5,29,18,0,52,26,10,36,88
10/26/2001,MOT,ND,AGL,CE,Federal Contract Tower,7,14,10,0,31,0,8,17,0,25,7,22,27,0,56,54,16,70,126
10/27/2001,MOT,ND,AGL,CE,Federal Contract Tower,5,7,3,0,15,0,4,34,0,38,5,11,37,0,53,40,28,68,121
10/28/2001,MOT,ND,AGL,CE,Federal Contract Tower,5,0,7,0,12,0,2,49,4,55,5,2,56,4,67,26,0,26,93
10/29/2001,MOT,ND,AGL,CE,Federal Contract Tower,7,9,6,0,22,0,4,8,0,12,7,13,14,0,34,4,10,14,48
10/30/2001,MOT,ND,AGL,CE,Federal Contract Tower,5,16,8,0,29,0,8,9,0,17,5,24,17,0,46,72,6,78,124
10/31/2001,MOT,ND,AGL,CE,Federal Contract Tower,5,14,9,0,28,0,8,25,4,37,5,22,34,4,65,48,12,60,125
11/01/2001,MOT,ND,AGL,CE,Federal Contract Tower,5,11,7,0,23,0,14,14,4,32,5,25,21,4,55,6,10,16,71
11/02/2001,MOT,ND,AGL,CE,Federal Contract Tower,4,15,7,0,26,0,10,40,0,50,4,25,47,0,76,40,22,62,138
11/03/2001,MOT,ND,AGL,CE,Federal Contract Tower,4,7,5,0,16,0,3,38,4,45,4,10,43,4,61,74,10,84,145
11/04/2001,MOT,ND,AGL,CE,Federal Contract Tower,5,0,12,0,17,0,2,49,4,55,5,2,61,4,72,50,0,50,122
11/05/2001,MOT,ND,AGL,CE,Federal Contract Tower,4,7,5,0,16,0,2,19,2,23,4,9,24,2,39,18,0,18,57
11/06/2001,MOT,ND,AGL,CE,Federal Contract Tower,5,16,4,0,25,0,7,28,4,39,5,23,32,4,64,78,8,86,150
11/07/2001,MOT,ND,AGL,CE,Federal Contract Tower,5,14,13,0,32,0,5,3,0,8,5,19,16,0,40,6,10,16,56
11/08/2001,MOT,ND,AGL,CE,Federal Contract Tower,4,12,17,0,33,0,6,0,0,6,4,18,17,0,39,68,14,82,121
11/09/2001,MOT,ND,AGL,CE,Federal Contract Tower,4,13,7,0,24,0,11,24,0,35,4,24,31,0,59,44,18,62,121
11/10/2001,MOT,ND,AGL,CE,Federal Contract Tower,5,9,9,0,23,0,8,19,4,31,5,17,28,4,54,46,6,52,106
11/11/2001,MOT,ND,AGL,CE,Federal Contract Tower,4,0,6,0,10,0,0,24,0,24,4,0,30,0,34,12,0,12,46
11/12/2001,MOT,ND,AGL,CE,Federal Contract Tower,5,7,2,0,14,0,6,12,0,18,5,13,14,0,32,50,0,50,82
11/13/2001,MOT,ND,AGL,CE,Federal Contract Tower,5,14,11,0,30,0,8,32,0,40,5,22,43,0,70,40,12,52,122
11/14/2001,MOT,ND,AGL,CE,Federal Contract Tower,4,13,13,0,30,0,10,48,0,58,4,23,61,0,88,44,18,62,150
11/15/2001,MOT,ND,AGL,CE,Federal Contract Tower,4,13,2,0,19,0,6,37,0,43,4,19,39,0,62,40,34,74,136
11/16/2001,MOT,ND,AGL,CE,Federal Contract Tower,4,12,6,0,22,0,6,22,0,28,4,18,28,0,50,10,0,10,60
11/17/2001,MOT,ND,AGL,CE,Federal Contract Tower,4,7,4,0,15,0,1,40,0,41,4,8,44,0,56,20,0,20,76
11/18/2001,MOT,ND,AGL,CE,Federal Contract Tower,5,1,8,0,14,0,2,32,0,34,5,3,40,0,48,28,0,28,76
11/19/2001,MOT,ND,AGL,CE,Federal Contract Tower,5,12,8,0,25,0,11,16,0,27,5,23,24,0,52,30,14,44,96
11/20/2001,MOT,ND,AGL,CE,Federal Contract Tower,4,14,4,3,25,0,8,23,0,31,4,22,27,3,56,40,22,62,118
11/21/2001,MOT,ND,AGL,CE,Federal Contract Tower,4,13,6,0,23,0,12,29,2,43,4,25,35,2,66,30,10,40,106
11/22/2001,MOT,ND,AGL,CE,Federal Contract Tower,4,0,1,0,5,0,2,0,0,2,4,2,1,0,7,2,0,2,9
11/23/2001,MOT,ND,AGL,CE,Federal Contract Tower,4,15,2,0,21,0,0,0,0,0,4,15,2,0,21,0,0,0,21
11/24/2001,MOT,ND,AGL,CE,Federal Contract Tower,5,8,8,2,23,0,2,0,0,2,5,10,8,2,25,10,0,10,35
11/25/2001,MOT,ND,AGL,CE,Federal Contract Tower,5,2,7,0,14,0,2,14,2,18,5,4,21,2,32,22,0,22,54
11/26/2001,MOT,ND,AGL,CE,Federal Contract Tower,2,10,2,0,14,0,1,6,0,7,2,11,8,0,21,6,10,16,37
11/27/2001,MOT,ND,AGL,CE,Federal Contract Tower,4,15,2,0,21,0,5,7,0,12,4,20,9,0,33,8,36,44,77
11/28/2001,MOT,ND,AGL,CE,Federal Contract Tower,4,14,6,0,24,0,2,6,5,13,4,16,12,5,37,2,4,6,43
11/29/2001,MOT,ND,AGL,CE,Federal Contract Tower,4,17,14,0,35,0,5,6,0,11,4,22,20,0,46,0,0,0,46
11/30/2001,MOT,ND,AGL,CE,Federal Contract Tower,4,17,6,1,28,0,5,9,1,15,4,22,15,2,43,12,18,30,73
12/01/2001,MOT,ND,AGL,CE,Federal Contract Tower,5,6,5,0,16,0,5,27,4,36,5,11,32,4,52,52,0,52,104
12/02/2001,MOT,ND,AGL,CE,Federal Contract Tower,4,3,2,0,9,0,2,35,0,37,4,5,37,0,46,42,0,42,88
12/03/2001,MOT,ND,AGL,CE,Federal Contract Tower,4,11,0,0,15,0,2,22,0,24,4,13,22,0,39,46,10,56,95
12/04/2001,MOT,ND,AGL,CE,Federal Contract Tower,5,16,14,0,35,0,8,20,0,28,5,24,34,0,63,36,12,48,111
12/05/2001,MOT,ND,AGL,CE,Federal Contract Tower,4,17,5,1,27,0,0,0,1,1,4,17,5,2,28,2,0,2,30
12/06/2001,MOT,ND,AGL,CE,Federal Contract Tower,5,21,2,3,31,0,11,8,3,22,5,32,10,6,53,0,12,12,65
12/07/2001,MOT,ND,AGL,CE,Federal Contract Tower,6,13,9,0,28,0,9,5,4,18,6,22,14,4,46,26,8,34,80
12/08/2001,MOT,ND,AGL,CE,Federal Contract Tower,4,7,3,0,14,0,2,7,0,9,4,9,10,0,23,12,0,12,35
12/09/2001,MOT,ND,AGL,CE,Federal Contract Tower,4,7,4,0,15,0,3,31,0,34,4,10,35,0,49,26,12,38,87
12/10/2001,MOT,ND,AGL,CE,Federal Contract Tower,6,9,1,2,18,0,7,8,0,15,6,16,9,2,33,10,4,14,47
12/11/2001,MOT,ND,AGL,CE,Federal Contract Tower,4,16,8,0,28,0,0,1,0,1,4,16,9,0,29,0,0,0,29
12/12/2001,MOT,ND,AGL,CE,Federal Contract Tower,5,15,12,0,32,0,6,12,0,18,5,21,24,0,50,14,16,30,80
12/13/2001,MOT,ND,AGL,CE,Federal Contract Tower,5,16,13,0,34,0,14,8,4,26,5,30,21,4,60,26,18,44,104
12/14/2001,MOT,ND,AGL,CE,Federal Contract Tower,4,14,5,0,23,0,10,16,6,32,4,24,21,6,55,44,30,74,129
12/15/2001,MOT,ND,AGL,CE,Federal Contract Tower,4,7,6,2,19,0,5,0,4,9,4,12,6,6,28,36,0,36,64
12/16/2001,MOT,ND,AGL,CE,Federal Contract Tower,4,0,6,0,10,0,0,9,0,9,4,0,15,0,19,10,0,10,29
12/17/2001,MOT,ND,AGL,CE,Federal Contract Tower,4,12,6,0,22,0,2,13,0,15,4,14,19,0,37,28,8,36,73
12/18/2001,MOT,ND,AGL,CE,Federal Contract Tower,4,20,12,2,38,0,11,15,2,28,4,31,27,4,66,10,44,54,120
12/19/2001,MOT,ND,AGL,CE,Federal Contract Tower,4,14,4,0,22,0,9,22,0,31,4,23,26,0,53,60,12,72,125
12/20/2001,MOT,ND,AGL,CE,Federal Contract Tower,4,17,5,0,26,0,7,9,0,16,4,24,14,0,42,60,22,82,124
12/21/2001,MOT,ND,AGL,CE,Federal Contract Tower,4,18,0,0,22,0,1,2,0,3,4,19,2,0,25,4,26,30,55
12/22/2001,MOT,ND,AGL,CE,Federal Contract Tower,4,11,1,0,16,0,0,0,0,0,4,11,1,0,16,0,0,0,16
12/23/2001,MOT,ND,AGL,CE,Federal Contract Tower,4,0,1,0,5,0,0,8,0,8,4,0,9,0,13,2,0,2,15
12/24/2001,MOT,ND,AGL,CE,Federal Contract Tower,4,10,2,0,16,0,7,14,0,21,4,17,16,0,37,18,4,22,59
12/25/2001,MOT,ND,AGL,CE,Federal Contract Tower,4,0,0,0,4,0,2,9,4,15,4,2,9,4,19,0,0,0,19
12/26/2001,MOT,ND,AGL,CE,Federal Contract Tower,4,15,7,0,26,0,4,12,0,16,4,19,19,0,42,16,18,34,76
12/27/2001,MOT,ND,AGL,CE,Federal Contract Tower,4,14,1,0,19,0,0,2,0,2,4,14,3,0,21,18,4,22,43
12/28/2001,MOT,ND,AGL,CE,Federal Contract Tower,4,18,0,0,22,0,2,0,0,2,4,20,0,0,24,0,0,0,24
12/29/2001,MOT,ND,AGL,CE,Federal Contract Tower,4,8,2,0,14,0,0,1,0,1,4,8,3,0,15,10,0,10,25
12/30/2001,MOT,ND,AGL,CE,Federal Contract Tower,4,4,1,0,9,0,2,13,0,15,4,6,14,0,24,12,0,12,36
12/31/2001,MOT,ND,AGL,CE,Federal Contract Tower,4,8,0,0,12,0,5,14,4,23,4,13,14,4,35,22,0,22,57
01/01/2002,MOT,ND,AGL,CE,Federal Contract Tower,4,0,1,0,5,0,4,20,0,24,4,4,21,0,29,10,0,10,39
01/02/2002,MOT,ND,AGL,CE,Federal Contract Tower,4,20,7,0,31,0,3,10,0,13,4,23,17,0,44,18,12,30,74
01/03/2002,MOT,ND,AGL,CE,Federal Contract Tower,4,16,7,2,29,0,6,10,0,16,4,22,17,2,45,22,0,22,67
01/04/2002,MOT,ND,AGL,CE,Federal Contract Tower,4,16,5,0,25,0,2,17,0,19,4,18,22,0,44,16,0,16,60
01/05/2002,MOT,ND,AGL,CE,Federal Contract Tower,4,8,3,0,15,0,7,14,4,25,4,15,17,4,40,60,8,68,108
01/06/2002,MOT,ND,AGL,CE,Federal Contract Tower,4,0,1,0,5,0,2,19,0,21,4,2,20,0,26,20,0,20,46
01/07/2002,MOT,ND,AGL,CE,Federal Contract Tower,4,9,1,3,17,0,5,23,5,33,4,14,24,8,50,18,20,38,88
01/08/2002,MOT,ND,AGL,CE,Federal Contract Tower,4,16,5,0,25,0,10,26,2,38,4,26,31,2,63,30,22,52,115
01/09/2002,MOT,ND,AGL,CE,Federal Contract Tower,4,14,8,0,26,0,5,15,0,20,4,19,23,0,46,16,8,24,70
01/10/2002,MOT,ND,AGL,CE,Federal Contract Tower,4,19,15,1,39,0,4,17,4,25,4,23,32,5,64,40,0,40,104
01/11/2002,MOT,ND,AGL,CE,Federal Contract Tower,4,17,2,0,23,0,11,19,0,30,4,28,21,0,53,14,8,22,75
01/12/2002,MOT,ND,AGL,CE,Federal Contract Tower,4,7,3,0,14,0,6,41,4,51,4,13,44,4,65,76,6,82,147
01/13/2002,MOT,ND,AGL,CE,Federal Contract Tower,4,2,1,0,7,0,0,0,0,0,4,2,1,0,7,0,0,0,7
01/14/2002,MOT,ND,AGL,CE,Federal Contract Tower,4,12,1,2,19,0,5,5,0,10,4,17,6,2,29,6,12,18,47
01/15/2002,MOT,ND,AGL,CE,Federal Contract Tower,4,21,10,1,36,0,3,0,2,5,4,24,10,3,41,14,4,18,59
01/16/2002,MOT,ND,AGL,CE,Federal Contract Tower,4,18,8,4,34,0,2,7,0,9,4,20,15,4,43,0,2,2,45
01/17/2002,MOT,ND,AGL,CE,Federal Contract Tower,6,25,15,6,52,0,9,3,4,16,6,34,18,10,68,22,6,28,96
01/18/2002,MOT,ND,AGL,CE,Federal Contract Tower,4,29,7,4,44,0,10,27,4,41,4,39,34,8,85,22,26,48,133
01/19/2002,MOT,ND,AGL,CE,Federal Contract Tower,4,10,6,0,20,0,6,18,2,26,4,16,24,2,46,54,4,58,104
01/20/2002,MOT,ND,AGL,CE,Federal Contract Tower,6,2,2,0,10,0,4,21,0,25,6,6,23,0,35,66,0,66,101
01/21/2002,MOT,ND,AGL,CE,Federal Contract Tower,4,11,1,0,16,0,0,11,0,11,4,11,12,0,27,40,0,40,67
01/22/2002,MOT,ND,AGL,CE,Federal Contract Tower,4,22,8,0,34,0,1,0,0,1,4,23,8,0,35,2,2,4,39
01/23/2002,MOT,ND,AGL,CE,Federal Contract Tower,6,13,15,0,34,0,5,11,0,16,6,18,26,0,50,26,38,64,114
01/24/2002,MOT,ND,AGL,CE,Federal Contract Tower,4,12,7,2,25,0,12,20,2,34,4,24,27,4,59,30,24,54,113
01/25/2002,MOT,ND,AGL,CE,Federal Contract Tower,6,18,8,0,32,0,5,15,0,20,6,23,23,0,52,42,6,48,100
01/26/2002,MOT,ND,AGL,CE,Federal Contract Tower,3,11,10,0,24,0,2,10,0,12,3,13,20,0,36,20,0,20,56
01/27/2002,MOT,ND,AGL,CE,Federal Contract Tower,5,0,6,0,11,0,0,2,0,2,5,0,8,0,13,0,0,0,13
01/28/2002,MOT,ND,AGL,CE,Federal Contract Tower,4,10,0,0,14,0,1,5,0,6,4,11,5,0,20,8,8,16,36
01/29/2002,MOT,ND,AGL,CE,Federal Contract Tower,4,15,10,0,29,0,4,1,2,7,4,19,11,2,36,30,6,36,72
01/30/2002,MOT,ND,AGL,CE,Federal Contract Tower,4,13,5,0,22,0,9,19,0,28,4,22,24,0,50,28,20,48,98
01/31/2002,MOT,ND,AGL,CE,Federal Contract Tower,4,13,11,0,28,0,7,14,0,21,4,20,25,0,49,40,12,52,101
02/01/2002,MOT,ND,AGL,CE,Federal Contract Tower,4,17,1,2,24,0,11,25,4,40,4,28,26,6,64,56,12,68,132
02/02/2002,MOT,ND,AGL,CE,Federal Contract Tower,4,7,7,0,18,0,0,23,0,23,4,7,30,0,41,52,0,52,93
02/03/2002,MOT,ND,AGL,CE,Federal Contract Tower,4,2,0,0,6,0,2,41,0,43,4,4,41,0,49,62,4,66,115
02/04/2002,MOT,ND,AGL,CE,Federal Contract Tower,4,10,4,2,20,0,4,24,0,28,4,14,28,2,48,78,8,86,134
02/05/2002,MOT,ND,AGL,CE,Federal Contract Tower,4,16,16,2,38,0,6,7,0,13,4,22,23,2,51,38,16,54,105
02/06/2002,MOT,ND,AGL,CE,Federal Contract Tower,4,11,8,0,23,0,12,36,2,50,4,23,44,2,73,36,16,52,125
02/07/2002,MOT,ND,AGL,CE,Federal Contract Tower,4,13,6,0,23,0,11,24,0,35,4,24,30,0,58,56,20,76,134
02/08/2002,MOT,ND,AGL,CE,Federal Contract Tower,4,19,3,0,26,0,0,0,1,1,4,19,3,1,27,2,0,2,29
02/09/2002,MOT,ND,AGL,CE,Federal Contract Tower,4,8,4,0,16,0,6,17,4,27,4,14,21,4,43,34,0,34,77
02/10/2002,MOT,ND,AGL,CE,Federal Contract Tower,6,0,8,0,14,0,8,34,0,42,6,8,42,0,56,52,0,52,108
02/11/2002,MOT,ND,AGL,CE,Federal Contract Tower,4,8,4,0,16,0,6,4,0,10,4,14,8,0,26,0,24,24,50
02/12/2002,MOT,ND,AGL,CE,Federal Contract Tower,4,19,16,1,40,0,6,3,1,10,4,25,19,2,50,18,16,34,84
02/13/2002,MOT,ND,AGL,CE,Federal Contract Tower,4,15,13,0,32,0,5,23,0,28,4,20,36,0,60,66,44,110,170
02/14/2002,MOT,ND,AGL,CE,Federal Contract Tower,4,18,1,2,25,0,5,10,0,15,4,23,11,2,40,24,12,36,76
02/15/2002,MOT,ND,AGL,CE,Federal Contract Tower,4,11,2,0,17,0,6,15,0,21,4,17,17,0,38,8,18,26,64
02/16/2002,MOT,ND,AGL,CE,Federal Contract Tower,4,9,10,0,23,0,3,35,4,42,4,12,45,4,65,112,0,112,177
02/17/2002,MOT,ND,AGL,CE,Federal Contract Tower,4,1,4,0,9,0,6,46,0,52,4,7,50,0,61,62,0,62,123
02/18/2002,MOT,ND,AGL,CE,Federal Contract Tower,6,9,2,0,17,0,8,33,0,41,6,17,35,0,58,102,0,102,160
02/19/2002,MOT,ND,AGL,CE,Federal Contract Tower,4,20,9,0,33,0,5,14,0,19,4,25,23,0,52,48,44,92,144
02/20/2002,MOT,ND,AGL,CE,Federal Contract Tower,4,12,12,0,28,0,4,3,0,7,4,16,15,0,35,68,0,68,103
02/21/2002,MOT,ND,AGL,CE,Federal Contract Tower,4,13,7,2,26,0,4,12,0,16,4,17,19,2,42,64,6,70,112
02/22/2002,MOT,ND,AGL,CE,Federal Contract Tower,4,12,1,0,17,0,8,17,4,29,4,20,18,4,46,38,4,42,88
02/23/2002,MOT,ND,AGL,CE,Federal Contract Tower,4,8,2,2,16,0,6,13,0,19,4,14,15,2,35,22,6,28,63
02/24/2002,MOT,ND,AGL,CE,Federal Contract Tower,4,0,3,0,7,0,2,26,4,32,4,2,29,4,39,54,0,54,93
02/25/2002,MOT,ND,AGL,CE,Federal Contract Tower,8,12,6,0,26,0,4,6,0,10,8,16,12,0,36,2,14,16,52
02/26/2002,MOT,ND,AGL,CE,Federal Contract Tower,4,16,7,1,28,0,5,0,0,5,4,21,7,1,33,20,22,42,75
02/27/2002,MOT,ND,AGL,CE,Federal Contract Tower,6,11,11,2,30,0,3,6,2,11,6,14,17,4,41,4,14,18,59
02/28/2002,MOT,ND,AGL,CE,Federal Contract Tower,4,18,5,0,27,0,6,17,0,23,4,24,22,0,50,26,16,42,92
03/01/2002,MOT,ND,AGL,CE,Federal Contract Tower,4,12,8,0,24,0,9,17,0,26,4,21,25,0,50,48,8,56,106
03/02/2002,MOT,ND,AGL,CE,Federal Contract Tower,4,6,5,0,15,0,8,21,4,33,4,14,26,4,48,32,0,32,80
03/03/2002,MOT,ND,AGL,CE,Federal Contract Tower,4,0,0,0,4,0,4,27,0,31,4,4,27,0,35,44,4,48,83
03/04/2002,MOT,ND,AGL,CE,Federal Contract Tower,4,9,4,0,17,0,0,5,0,5,4,9,9,0,22,26,4,30,52
03/05/2002,MOT,ND,AGL,CE,Federal Contract Tower,4,23,9,0,36,0,0,0,0,0,4,23,9,0,36,0,0,0,36
03/06/2002,MOT,ND,AGL,CE,Federal Contract Tower,4,16,7,0,27,0,3,16,0,19,4,19,23,0,46,20,12,32,78
03/07/2002,MOT,ND,AGL,CE,Federal Contract Tower,6,15,4,0,25,0,5,8,0,13,6,20,12,0,38,0,0,0,38
03/08/2002,MOT,ND,AGL,CE,Federal Contract Tower,5,17,4,0,26,0,2,4,0,6,5,19,8,0,32,0,50,50,82
03/09/2002,MOT,ND,AGL,CE,Federal Contract Tower,2,8,11,0,21,0,7,8,4,19,2,15,19,4,40,98,0,98,138
03/10/2002,MOT,ND,AGL,CE,Federal Contract Tower,4,2,2,0,8,0,0,6,0,6,4,2,8,0,14,0,0,0,14
03/11/2002,MOT,ND,AGL,CE,Federal Contract Tower,6,9,4,0,19,0,1,3,0,4,6,10,7,0,23,58,42,100,123
03/12/2002,MOT,ND,AGL,CE,Federal Contract Tower,4,14,11,0,29,0,10,15,0,25,4,24,26,0,54,22,28,50,104
03/13/2002,MOT,ND,AGL,CE,Federal Contract Tower,4,18,11,0,33,0,10,27,4,41,4,28,38,4,74,64,38,102,176
03/14/2002,MOT,ND,AGL,CE,Federal Contract Tower,3,16,10,0,29,0,6,12,0,18,3,22,22,0,47,38,10,48,95
03/15/2002,MOT,ND,AGL,CE,Federal Contract Tower,4,17,3,0,24,0,6,28,0,34,4,23,31,0,58,114,32,146,204
03/16/2002,MOT,ND,AGL,CE,Federal Contract Tower,4,7,3,1,15,0,4,19,0,23,4,11,22,1,38,76,0,76,114
03/17/2002,MOT,ND,AGL,CE,Federal Contract Tower,4,4,5,1,14,0,2,5,0,7,4,6,10,1,21,16,0,16,37
03/18/2002,MOT,ND,AGL,CE,Federal Contract Tower,4,11,2,0,17,0,5,8,0,13,4,16,10,0,30,32,38,70,100
03/19/2002,MOT,ND,AGL,CE,Federal Contract Tower,5,29,9,0,43,0,3,0,0,3,5,32,9,0,46,8,0,8,54
03/20/2002,MOT,ND,AGL,CE,Federal Contract Tower,4,16,7,0,27,0,2,7,0,9,4,18,14,0,36,30,16,46,82
03/21/2002,MOT,ND,AGL,CE,Federal Contract Tower,4,15,7,0,26,0,6,17,0,23,4,21,24,0,49,46,42,88,137
03/22/2002,MOT,ND,AGL,CE,Federal Contract Tower,4,16,14,0,34,0,5,7,0,12,4,21,21,0,46,54,18,72,118
03/23/2002,MOT,ND,AGL,CE,Federal Contract Tower,4,7,8,0,19,0,0,26,0,26,4,7,34,0,45,48,0,48,93
03/24/2002,MOT,ND,AGL,CE,Federal Contract Tower,4,2,4,0,10,0,2,25,0,27,4,4,29,0,37,72,0,72,109
03/25/2002,MOT,ND,AGL,CE,Federal Contract Tower,4,11,1,0,16,0,0,16,0,16,4,11,17,0,32,46,14,60,92
03/26/2002,MOT,ND,AGL,CE,Federal Contract Tower,4,15,13,0,32,0,3,13,0,16,4,18,26,0,48,58,20,78,126
03/27/2002,MOT,ND,AGL,CE,Federal Contract Tower,4,18,7,0,29,0,3,34,0,37,4,21,41,0,66,42,12,54,120
03/28/2002,MOT,ND,AGL,CE,Federal Contract Tower,6,14,4,0,24,0,3,13,0,16,6,17,17,0,40,10,4,14,54
03/29/2002,MOT,ND,AGL,CE,Federal Contract Tower,4,16,4,0,24,0,4,9,0,13,4,20,13,0,37,10,0,10,47
03/30/2002,MOT,ND,AGL,CE,Federal Contract Tower,6,7,1,0,14,0,3,21,0,24,6,10,22,0,38,32,0,32,70
03/31/2002,MOT,ND,AGL,CE,Federal Contract Tower,4,0,0,0,4,0,4,35,0,39,4,4,35,0,43,64,0,64,107
04/01/2002,MOT,ND,AGL,CE,Federal Contract Tower,4,9,2,2,17,0,6,4,0,10,4,15,6,2,27,0,18,18,45
04/02/2002,MOT,ND,AGL,CE,Federal Contract Tower,5,21,9,2,37,0,2,4,0,6,5,23,13,2,43,4,26,30,73
04/03/2002,MOT,ND,AGL,CE,Federal Contract Tower,4,15,5,0,24,0,1,9,3,13,4,16,14,3,37,26,0,26,63
04/04/2002,MOT,ND,AGL,CE,Federal Contract Tower,4,16,8,0,28,0,12,23,2,37,4,28,31,2,65,36,4,40,105
04/05/2002,MOT,ND,AGL,CE,Federal Contract Tower,4,13,7,1,25,0,13,23,4,40,4,26,30,5,65,102,14,116,181
04/06/2002,MOT,ND,AGL,CE,Federal Contract Tower,4,6,2,0,12,0,5,30,0,35,4,11,32,0,47,44,0,44,91
04/07/2002,MOT,ND,AGL,CE,Federal Contract Tower,4,0,6,0,10,0,6,36,0,42,4,6,42,0,52,72,0,72,124
04/08/2002,MOT,ND,AGL,CE,Federal Contract Tower,4,9,3,0,16,0,5,12,0,17,4,14,15,0,33,0,26,26,59
04/09/2002,MOT,ND,AGL,CE,Federal Contract Tower,4,17,13,0,34,0,7,12,0,19,4,24,25,0,53,50,12,62,115
04/10/2002,MOT,ND,AGL,CE,Federal Contract Tower,4,16,6,0,26,0,0,0,0,0,4,16,6,0,26,6,4,10,36
04/11/2002,MOT,ND,AGL,CE,Federal Contract Tower,4,24,9,0,37,0,6,14,0,20,4,30,23,0,57,38,24,62,119
04/12/2002,MOT,ND,AGL,CE,Federal Contract Tower,4,14,4,2,24,0,16,38,6,60,4,30,42,8,84,74,10,84,168
04/13/2002,MOT,ND,AGL,CE,Federal Contract Tower,4,7,7,0,18,0,6,28,0,34,4,13,35,0,52,98,4,102,154
04/14/2002,MOT,ND,AGL,CE,Federal Contract Tower,4,0,1,0,5,0,7,37,0,44,4,7,38,0,49,42,0,42,91
04/15/2002,MOT,ND,AGL,CE,Federal Contract Tower,4,10,3,0,17,0,4,13,0,17,4,14,16,0,34,32,12,44,78
04/16/2002,MOT,ND,AGL,CE,Federal Contract Tower,4,16,6,0,26,0,2,0,0,2,4,18,6,0,28,10,6,16,44
04/17/2002,MOT,ND,AGL,CE,Federal Contract Tower,4,16,11,0,31,0,4,30,0,34,4,20,41,0,65,52,18,70,135
04/18/2002,MOT,ND,AGL,CE,Federal Contract Tower,4,20,5,0,29,0,6,18,0,24,4,26,23,0,53,22,10,32,85
04/19/2002,MOT,ND,AGL,CE,Federal Contract Tower,4,14,10,0,28,0,10,19,0,29,4,24,29,0,57,26,4,30,87
04/20/2002,MOT,ND,AGL,CE,Federal Contract Tower,4,7,9,0,20,0,3,20,0,23,4,10,29,0,43,40,0,40,83
04/21/2002,MOT,ND,AGL,CE,Federal Contract Tower,4,2,3,0,9,0,0,0,0,0,4,2,3,0,9,6,0,6,15
04/22/2002,MOT,ND,AGL,CE,Federal Contract Tower,4,11,4,0,19,0,1,6,0,7,4,12,10,0,26,38,8,46,72
04/23/2002,MOT,ND,AGL,CE,Federal Contract Tower,4,19,7,0,30,0,12,11,0,23,4,31,18,0,53,22,8,30,83
04/24/2002,MOT,ND,AGL,CE,Federal Contract Tower,4,14,6,2,26,0,9,14,0,23,4,23,20,2,49,10,6,16,65
04/25/2002,MOT,ND,AGL,CE,Federal Contract Tower,6,14,6,0,26,0,9,22,6,37,6,23,28,6,63,54,18,72,135
04/26/2002,MOT,ND,AGL,CE,Federal Contract Tower,4,14,8,0,26,0,7,18,2,27,4,21,26,2,53,68,14,82,135
04/27/2002,MOT,ND,AGL,CE,Federal Contract Tower,6,9,9,0,24,0,0,0,0,0,6,9,9,0,24,48,0,48,72
04/28/2002,MOT,ND,AGL,CE,Federal Contract Tower,4,3,3,1,11,0,3,1,0,4,4,6,4,1,15,8,0,8,23
04/29/2002,MOT,ND,AGL,CE,Federal Contract Tower,4,10,5,1,20,0,5,13,0,18,4,15,18,1,38,34,10,44,82
04/30/2002,MOT,ND,AGL,CE,Federal Contract Tower,4,19,13,0,36,0,11,20,0,31,4,30,33,0,67,38,10,48,115
05/01/2002,MOT,ND,AGL,CE,Federal Contract Tower,4,17,11,0,32,0,6,18,0,24,4,23,29,0,56,36,8,44,100
05/02/2002,MOT,ND,AGL,CE,Federal Contract Tower,4,14,9,0,27,0,17,29,0,46,4,31,38,0,73,101,6,107,180
05/03/2002,MOT,ND,AGL,CE,Federal Contract Tower,4,15,2,0,21,0,4,9,0,13,4,19,11,0,34,16,0,16,50
05/04/2002,MOT,ND,AGL,CE,Federal Contract Tower,4,7,3,0,14,0,4,33,0,37,4,11,36,0,51,82,0,82,133
05/05/2002,MOT,ND,AGL,CE,Federal Contract Tower,6,4,1,0,11,0,4,36,4,44,6,8,37,4,55,40,0,40,95
05/06/2002,MOT,ND,AGL,CE,Federal Contract Tower,4,9,0,0,13,0,6,10,0,16,4,15,10,0,29,44,6,50,79
05/07/2002,MOT,ND,AGL,CE,Federal Contract Tower,4,19,6,0,29,0,6,13,0,19,4,25,19,0,48,26,20,46,94
05/08/2002,MOT,ND,AGL,CE,Federal Contract Tower,4,16,4,0,24,0,0,0,0,0,4,16,4,0,24,0,0,0,24
05/09/2002,MOT,ND,AGL,CE,Federal Contract Tower,4,21,4,0,29,0,2,16,0,18,4,23,20,0,47,16,12,28,75
05/10/2002,MOT,ND,AGL,CE,Federal Contract Tower,4,14,3,3,24,0,9,32,5,46,4,23,35,8,70,42,16,58,128
05/11/2002,MOT,ND,AGL,CE,Federal Contract Tower,4,7,10,0,21,0,5,12,1,18,4,12,22,1,39,54,0,54,93
05/12/2002,MOT,ND,AGL,CE,Federal Contract Tower,4,0,2,0,6,0,6,24,1,31,4,6,26,1,37,22,0,22,59
05/13/2002,MOT,ND,AGL,CE,Federal Contract Tower,4,14,2,0,20,0,3,22,0,25,4,17,24,0,45,102,16,118,163
05/14/2002,MOT,ND,AGL,CE,Federal Contract Tower,4,18,6,0,28,0,11,18,0,29,4,29,24,0,57,20,24,44,101
05/15/2002,MOT,ND,AGL,CE,Federal Contract Tower,4,20,3,0,27,0,2,16,1,19,4,22,19,1,46,46,2,48,94
05/16/2002,MOT,ND,AGL,CE,Federal Contract Tower,4,19,6,3,32,0,8,26,0,34,4,27,32,3,66,46,48,94,160
05/17/2002,MOT,ND,AGL,CE,Federal Contract Tower,4,18,6,0,28,0,15,63,5,83,4,33,69,5,111,42,10,52,163
05/18/2002,MOT,ND,AGL,CE,Federal Contract Tower,4,7,3,0,14,0,6,49,0,55,4,13,52,0,69,80,6,86,155
05/19/2002,MOT,ND,AGL,CE,Federal Contract Tower,4,0,3,0,7,0,4,53,0,57,4,4,56,0,64,62,0,62,126
05/20/2002,MOT,ND,AGL,CE,Federal Contract Tower,4,9,4,2,19,0,8,17,0,25,4,17,21,2,44,28,88,116,160
05/21/2002,MOT,ND,AGL,CE,Federal Contract Tower,4,23,1,0,28,0,2,9,0,11,4,25,10,0,39,2,8,10,49
05/22/2002,MOT,ND,AGL,CE,Federal Contract Tower,4,14,15,0,33,0,8,13,0,21,4,22,28,0,54,20,16,36,90
05/23/2002,MOT,ND,AGL,CE,Federal Contract Tower,4,17,6,2,29,0,9,20,0,29,4,26,26,2,58,26,20,46,104
05/24/2002,MOT,ND,AGL,CE,Federal Contract Tower,4,16,4,2,26,0,15,31,3,49,4,31,35,5,75,44,18,62,137
05/25/2002,MOT,ND,AGL,CE,Federal Contract Tower,4,7,2,1,14,0,3,41,0,44,4,10,43,1,58,48,0,48,106
05/26/2002,MOT,ND,AGL,CE,Federal Contract Tower,5,0,1,2,8,0,7,63,0,70,5,7,64,2,78,80,0,80,158
05/27/2002,MOT,ND,AGL,CE,Federal Contract Tower,4,0,4,0,8,0,3,21,0,24,4,3,25,0,32,54,0,54,86
05/28/2002,MOT,ND,AGL,CE,Federal Contract Tower,4,11,3,0,18,0,12,36,0,48,4,23,39,0,66,44,6,50,116
05/29/2002,MOT,ND,AGL,CE,Federal Contract Tower,4,18,5,0,27,0,8,31,0,39,4,26,36,0,66,66,60,126,192
05/30/2002,MOT,ND,AGL,CE,Federal Contract Tower,4,14,6,0,24,0,9,26,4,39,4,23,32,4,63,40,16,56,119
05/31/2002,MOT,ND,AGL,CE,Federal Contract Tower,4,16,3,0,23,0,5,41,0,46,4,21,44,0,69,48,24,72,141
06/01/2002,MOT,ND,AGL,CE,Federal Contract Tower,4,7,5,0,16,0,6,39,2,47,4,13,44,2,63,36,0,36,99
06/02/2002,MOT,ND,AGL,CE,Federal Contract Tower,4,0,1,0,5,0,3,7,0,10,4,3,8,0,15,34,0,34,49
06/03/2002,MOT,ND,AGL,CE,Federal Contract Tower,4,15,6,2,27,0,2,17,0,19,4,17,23,2,46,40,4,44,90
06/04/2002,MOT,ND,AGL,CE,Federal Contract Tower,4,15,8,0,27,0,9,37,0,46,4,24,45,0,73,134,14,148,221
06/05/2002,MOT,ND,AGL,CE,Federal Contract Tower,4,13,12,0,29,0,15,40,0,55,4,28,52,0,84,98,12,110,194
06/06/2002,MOT,ND,AGL,CE,Federal Contract Tower,4,14,4,0,22,0,13,21,0,34,4,27,25,0,56,46,26,72,128
06/07/2002,MOT,ND,AGL,CE,Federal Contract Tower,5,14,12,0,31,0,9,33,0,42,5,23,45,0,73,48,36,84,157
06/08/2002,MOT,ND,AGL,CE,Federal Contract Tower,5,7,0,2,14,0,2,15,0,17,5,9,15,2,31,24,0,24,55
06/09/2002,MOT,ND,AGL,CE,Federal Contract Tower,4,7,5,0,16,0,0,1,0,1,4,7,6,0,17,4,0,4,21
06/10/2002,MOT,ND,AGL,CE,Federal Contract Tower,6,14,6,2,28,0,2,10,0,12,6,16,16,2,40,26,8,34,74
06/11/2002,MOT,ND,AGL,CE,Federal Contract Tower,5,16,9,4,34,0,9,27,0,36,5,25,36,4,70,30,22,52,122
06/12/2002,MOT,ND,AGL,CE,Federal Contract Tower,5,19,11,0,35,0,8,20,0,28,5,27,31,0,63,36,48,84,147
06/13/2002,MOT,ND,AGL,CE,Federal Contract Tower,5,15,9,0,29,0,10,23,0,33,5,25,32,0,62,60,26,86,148
06/14/2002,MOT,ND,AGL,CE,Federal Contract Tower,5,15,6,0,26,0,7,16,0,23,5,22,22,0,49,46,8,54,103
06/15/2002,MOT,ND,AGL,CE,Federal Contract Tower,5,7,4,0,16,0,9,38,0,47,5,16,42,0,63,48,0,48,111
06/16/2002,MOT,ND,AGL,CE,Federal Contract Tower,5,0,6,0,11,0,8,64,0,72,5,8,70,0,83,50,0,50,133
06/17/2002,MOT,ND,AGL,CE,Federal Contract Tower,5,14,5,0,24,0,5,28,0,33,5,19,33,0,57,72,84,156,213
06/18/2002,MOT,ND,AGL,CE,Federal Contract Tower,5,21,13,0,39,0,4,14,0,18,5,25,27,0,57,38,0,38,95
06/19/2002,MOT,ND,AGL,CE,Federal Contract Tower,5,14,12,0,31,0,8,32,2,42,5,22,44,2,73,26,34,60,133
06/20/2002,MOT,ND,AGL,CE,Federal Contract Tower,5,17,6,0,28,0,6,25,0,31,5,23,31,0,59,28,76,104,163
06/21/2002,MOT,ND,AGL,CE,Federal Contract Tower,3,16,5,0,24,0,7,30,2,39,3,23,35,2,63,20,6,26,89
06/22/2002,MOT,ND,AGL,CE,Federal Contract Tower,5,8,4,0,17,0,5,33,4,42,5,13,37,4,59,40,4,44,103
06/23/2002,MOT,ND,AGL,CE,Federal Contract Tower,7,2,9,3,21,0,4,30,1,35,7,6,39,4,56,78,0,78,134
06/24/2002,MOT,ND,AGL,CE,Federal Contract Tower,5,8,6,2,21,0,1,23,2,26,5,9,29,4,47,26,0,26,73
06/25/2002,MOT,ND,AGL,CE,Federal Contract Tower,5,18,3,0,26,0,3,19,0,22,5,21,22,0,48,82,8,90,138
06/26/2002,MOT,ND,AGL,CE,Federal Contract Tower,5,15,5,2,27,0,9,61,1,71,5,24,66,3,98,78,26,104,202
06/27/2002,MOT,ND,AGL,CE,Federal Contract Tower,5,18,7,3,33,0,5,22,0,27,5,23,29,3,60,72,8,80,140
06/28/2002,MOT,ND,AGL,CE,Federal Contract Tower,5,18,5,0,28,0,15,31,4,50,5,33,36,4,78,56,10,66,144
06/29/2002,MOT,ND,AGL,CE,Federal Contract Tower,5,11,5,0,21,0,8,45,5,58,5,19,50,5,79,52,6,58,137
06/30/2002,MOT,ND,AGL,CE,Federal Contract Tower,5,0,1,0,6,0,4,47,2,53,5,4,48,2,59,52,0,52,111
07/01/2002,MOT,ND,AGL,CE,Federal Contract Tower,5,12,5,0,22,0,7,36,0,43,5,19,41,0,65,86,56,142,207
07/02/2002,MOT,ND,AGL,CE,Federal Contract Tower,5,13,6,0,24,0,10,32,0,42,5,23,38,0,66,80,16,96,162
07/03/2002,MOT,ND,AGL,CE,Federal Contract Tower,5,16,2,0,23,0,3,51,0,54,5,19,53,0,77,66,6,72,149
07/04/2002,MOT,ND,AGL,CE,Federal Contract Tower,5,0,3,0,8,0,4,18,0,22,5,4,21,0,30,34,0,34,64
07/05/2002,MOT,ND,AGL,CE,Federal Contract Tower,5,17,2,3,27,0,7,40,19,66,5,24,42,22,93,76,44,120,213
07/06/2002,MOT,ND,AGL,CE,Federal Contract Tower,5,8,2,2,17,0,5,79,0,84,5,13,81,2,101,66,0,66,167
07/07/2002,MOT,ND,AGL,CE,Federal Contract Tower,4,0,8,0,12,0,4,51,0,55,4,4,59,0,67,48,0,48,115
07/08/2002,MOT,ND,AGL,CE,Federal Contract Tower,6,9,10,0,25,0,2,16,1,19,6,11,26,1,44,12,10,22,66
07/09/2002,MOT,ND,AGL,CE,Federal Contract Tower,7,21,4,0,32,0,3,18,0,21,7,24,22,0,53,58,12,70,123
07/10/2002,MOT,ND,AGL,CE,Federal Contract Tower,6,15,13,0,34,0,10,33,0,43,6,25,46,0,77,114,18,132,209
07/11/2002,MOT,ND,AGL,CE,Federal Contract Tower,5,15,16,0,36,0,8,40,4,52,5,23,56,4,88,64,22,86,174
07/12/2002,MOT,ND,AGL,CE,Federal Contract Tower,5,13,8,0,26,0,4,27,0,31,5,17,35,0,57,44,0,44,101
07/13/2002,MOT,ND,AGL,CE,Federal Contract Tower,5,7,4,0,16,0,3,40,1,44,5,10,44,1,60,74,0,74,134
07/14/2002,MOT,ND,AGL,CE,Federal Contract Tower,5,1,2,0,8,0,1,27,1,29,5,2,29,1,37,28,0,28,65
07/15/2002,MOT,ND,AGL,CE,Federal Contract Tower,5,11,6,0,22,0,2,35,0,37,5,13,41,0,59,72,46,118,177
07/16/2002,MOT,ND,AGL,CE,Federal Contract Tower,5,16,5,0,26,0,9,33,0,42,5,25,38,0,68,120,24,144,212
07/17/2002,MOT,ND,AGL,CE,Federal Contract Tower,5,16,3,0,24,0,2,62,0,64,5,18,65,0,88,96,20,116,204
07/18/2002,MOT,ND,AGL,CE,Federal Contract Tower,5,18,11,0,34,0,7,35,0,42,5,25,46,0,76,134,22,156,232
07/19/2002,MOT,ND,AGL,CE,Federal Contract Tower,5,16,5,0,26,0,9,53,0,62,5,25,58,0,88,86,10,96,184
07/20/2002,MOT,ND,AGL,CE,Federal Contract Tower,5,7,7,0,19,0,2,44,0,46,5,9,51,0,65,72,14,86,151
07/21/2002,MOT,ND,AGL,CE,Federal Contract Tower,5,0,5,0,10,0,0,62,0,62,5,0,67,0,72,24,0,24,96
07/22/2002,MOT,ND,AGL,CE,Federal Contract Tower,5,17,12,0,34,0,7,65,0,72,5,24,77,0,106,112,20,132,238
07/23/2002,MOT,ND,AGL,CE,Federal Contract Tower,5,21,10,0,36,0,10,39,0,49,5,31,49,0,85,136,22,158,243
07/24/2002,MOT,ND,AGL,CE,Federal Contract Tower,5,25,11,2,43,0,3,36,0,39,5,28,47,2,82,94,26,120,202
07/25/2002,MOT,ND,AGL,CE,Federal Contract Tower,5,16,12,1,34,0,7,37,3,47,5,23,49,4,81,72,20,92,173
07/26/2002,MOT,ND,AGL,CE,Federal Contract Tower,5,16,6,0,27,0,5,33,0,38,5,21,39,0,65,64,0,64,129
07/27/2002,MOT,ND,AGL,CE,Federal Contract Tower,5,7,1,0,13,0,1,31,0,32,5,8,32,0,45,44,0,44,89
07/28/2002,MOT,ND,AGL,CE,Federal Contract Tower,5,2,11,0,18,0,4,55,2,61,5,6,66,2,79,66,0,66,145
07/29/2002,MOT,ND,AGL,CE,Federal Contract Tower,5,9,5,2,21,0,7,55,0,62,5,16,60,2,83,128,8,136,219
07/30/2002,MOT,ND,AGL,CE,Federal Contract Tower,5,17,13,1,36,0,5,55,5,65,5,22,68,6,101,136,34,170,271
07/31/2002,MOT,ND,AGL,CE,Federal Contract Tower,5,17,7,2,31,0,0,43,0,43,5,17,50,2,74,86,30,116,190
08/01/2002,MOT,ND,AGL,CE,Federal Contract Tower,5,16,11,0,32,0,4,14,0,18,5,20,25,0,50,36,0,36,86
08/02/2002,MOT,ND,AGL,CE,Federal Contract Tower,5,18,6,0,29,0,3,41,0,44,5,21,47,0,73,28,0,28,101
08/03/2002,MOT,ND,AGL,CE,Federal Contract Tower,5,7,2,0,14,0,2,47,0,49,5,9,49,0,63,42,0,42,105
08/04/2002,MOT,ND,AGL,CE,Federal Contract Tower,5,3,0,0,8,0,4,54,0,58,5,7,54,0,66,98,0,98,164
08/05/2002,MOT,ND,AGL,CE,Federal Contract Tower,5,12,9,0,26,0,9,25,0,34,5,21,34,0,60,40,48,88,148
08/06/2002,MOT,ND,AGL,CE,Federal Contract Tower,5,18,11,0,34,0,6,21,0,27,5,24,32,0,61,46,12,58,119
08/07/2002,MOT,ND,AGL,CE,Federal Contract Tower,5,19,4,0,28,0,2,5,0,7,5,21,9,0,35,16,0,16,51
08/08/2002,MOT,ND,AGL,CE,Federal Contract Tower,5,18,2,0,25,0,2,11,0,13,5,20,13,0,38,68,14,82,120
08/09/2002,MOT,ND,AGL,CE,Federal Contract Tower,5,17,5,2,29,0,13,60,0,73,5,30,65,2,102,76,12,88,190
08/10/2002,MOT,ND,AGL,CE,Federal Contract Tower,5,7,2,2,16,0,6,68,4,78,5,13,70,6,94,44,12,56,150
08/11/2002,MOT,ND,AGL,CE,Federal Contract Tower,5,0,2,2,9,0,4,50,0,54,5,4,52,2,63,72,0,72,135
08/12/2002,MOT,ND,AGL,CE,Federal Contract Tower,5,13,2,0,20,0,7,40,0,47,5,20,42,0,67,52,20,72,139
08/13/2002,MOT,ND,AGL,CE,Federal Contract Tower,5,16,6,0,27,0,2,30,0,32,5,18,36,0,59,58,22,80,139
08/14/2002,MOT,ND,AGL,CE,Federal Contract Tower,5,17,3,0,25,0,6,20,0,26,5,23,23,0,51,56,44,100,151
08/15/2002,MOT,ND,AGL,CE,Federal Contract Tower,5,15,3,0,23,0,14,27,0,41,5,29,30,0,64,48,20,68,132
08/16/2002,MOT,ND,AGL,CE,Federal Contract Tower,5,16,10,0,31,0,9,33,0,42,5,25,43,0,73,36,8,44,117
08/17/2002,MOT,ND,AGL,CE,Federal Contract Tower,5,7,9,0,21,0,8,29,0,37,5,15,38,0,58,52,4,56,114
08/18/2002,MOT,ND,AGL,CE,Federal Contract Tower,5,0,8,0,13,0,0,33,0,33,5,0,41,0,46,76,0,76,122
08/19/2002,MOT,ND,AGL,CE,Federal Contract Tower,6,13,6,0,25,0,0,36,0,36,6,13,42,0,61,54,0,54,115
08/20/2002,MOT,ND,AGL,CE,Federal Contract Tower,5,18,7,0,30,0,7,33,4,44,5,25,40,4,74,64,14,78,152
08/21/2002,MOT,ND,AGL,CE,Federal Contract Tower,5,16,12,0,33,0,3,21,0,24,5,19,33,0,57,40,8,48,105
08/22/2002,MOT,ND,AGL,CE,Federal Contract Tower,5,18,8,0,31,0,3,32,0,35,5,21,40,0,66,188,14,202,268
08/23/2002,MOT,ND,AGL,CE,Federal Contract Tower,5,25,15,0,45,0,6,31,4,41,5,31,46,4,86,82,18,100,186
08/24/2002,MOT,ND,AGL,CE,Federal Contract Tower,5,7,7,0,19,0,1,38,0,39,5,8,45,0,58,18,0,18,76
08/25/2002,MOT,ND,AGL,CE,Federal Contract Tower,5,0,6,2,13,0,8,71,0,79,5,8,77,2,92,36,0,36,128
08/26/2002,MOT,ND,AGL,CE,Federal Contract Tower,3,12,9,0,24,0,0,17,0,17,3,12,26,0,41,62,16,78,119
08/27/2002,MOT,ND,AGL,CE,Federal Contract Tower,5,18,10,0,33,0,7,26,0,33,5,25,36,0,66,76,12,88,154
08/28/2002,MOT,ND,AGL,CE,Federal Contract Tower,5,18,5,0,28,0,7,32,0,39,5,25,37,0,67,72,10,82,149
08/29/2002,MOT,ND,AGL,CE,Federal Contract Tower,5,17,0,0,22,0,5,29,0,34,5,22,29,0,56,120,14,134,190
08/30/2002,MOT,ND,AGL,CE,Federal Contract Tower,5,17,5,3,30,0,4,21,0,25,5,21,26,3,55,34,8,42,97
08/31/2002,MOT,ND,AGL,CE,Federal Contract Tower,5,7,1,2,15,0,3,32,1,36,5,10,33,3,51,64,0,64,115
09/01/2002,MOT,ND,AGL,CE,Federal Contract Tower,0,0,0,0,0,5,9,47,0,61,5,9,47,0,61,52,0,52,113
09/02/2002,MOT,ND,AGL,CE,Federal Contract Tower,5,0,1,0,6,0,6,30,0,36,5,6,31,0,42,32,0,32,74
09/03/2002,MOT,ND,AGL,CE,Federal Contract Tower,5,13,6,0,24,0,1,34,0,35,5,14,40,0,59,64,4,68,127
09/04/2002,MOT,ND,AGL,CE,Federal Contract Tower,5,16,7,0,28,0,8,32,0,40,5,24,39,0,68,75,20,95,163
09/05/2002,MOT,ND,AGL,CE,Federal Contract Tower,5,13,4,0,22,0,2,6,0,8,5,15,10,0,30,36,0,36,66
09/06/2002,MOT,ND,AGL,CE,Federal Contract Tower,5,16,8,0,29,0,2,6,0,8,5,18,14,0,37,32,6,38,75
09/07/2002,MOT,ND,AGL,CE,Federal Contract Tower,2,5,3,0,10,0,0,8,0,8,2,5,11,0,18,0,0,0,18
09/08/2002,MOT,ND,AGL,CE,Federal Contract Tower,5,2,1,0,8,0,2,22,0,24,5,4,23,0,32,20,0,20,52
09/09/2002,MOT,ND,AGL,CE,Federal Contract Tower,5,9,1,4,19,0,8,35,0,43,5,17,36,4,62,92,24,116,178
09/10/2002,MOT,ND,AGL,CE,Federal Contract Tower,5,13,11,2,31,0,10,25,0,35,5,23,36,2,66,175,86,261,327
09/11/2002,MOT,ND,AGL,CE,Federal Contract Tower,5,15,8,0,28,0,9,42,0,51,5,24,50,0,79,58,22,80,159
09/12/2002,MOT,ND,AGL,CE,Federal Contract Tower,5,18,5,0,28,0,3,19,0,22,5,21,24,0,50,98,24,122,172
09/13/2002,MOT,ND,AGL,CE,Federal Contract Tower,5,18,1,0,24,0,7,17,0,24,5,25,18,0,48,12,24,36,84
09/14/2002,MOT,ND,AGL,CE,Federal Contract Tower,5,7,3,0,15,0,2,58,4,64,5,9,61,4,79,92,0,92,171
09/15/2002,MOT,ND,AGL,CE,Federal Contract Tower,5,2,0,0,7,0,4,50,0,54,5,6,50,0,61,36,0,36,97
09/16/2002,MOT,ND,AGL,CE,Federal Contract Tower,5,11,3,1,20,0,8,30,0,38,5,19,33,1,58,80,138,218,276
09/17/2002,MOT,ND,AGL,CE,Federal Contract Tower,5,24,1,1,31,0,9,40,0,49,5,33,41,1,80,104,38,142,222
09/18/2002,MOT,ND,AGL,CE,Federal Contract Tower,3,16,8,1,28,0,0,3,0,3,3,16,11,1,31,4,30,34,65
09/19/2002,MOT,ND,AGL,CE,Federal Contract Tower,5,16,2,0,23,0,5,19,4,28,5,21,21,4,51,8,6,14,65
09/20/2002,MOT,ND,AGL,CE,Federal Contract Tower,5,19,6,1,31,0,10,14,0,24,5,29,20,1,55,16,4,20,75
09/21/2002,MOT,ND,AGL,CE,Federal Contract Tower,5,9,6,2,22,0,0,1,0,1,5,9,7,2,23,8,0,8,31
09/22/2002,MOT,ND,AGL,CE,Federal Contract Tower,5,0,8,1,14,0,0,42,0,42,5,0,50,1,56,66,0,66,122
09/23/2002,MOT,ND,AGL,CE,Federal Contract Tower,5,13,3,0,21,0,1,9,0,10,5,14,12,0,31,44,0,44,75
09/24/2002,MOT,ND,AGL,CE,Federal Contract Tower,5,21,12,0,38,0,4,18,0,22,5,25,30,0,60,32,0,32,92
09/25/2002,MOT,ND,AGL,CE,Federal Contract Tower,5,20,4,0,29,0,4,15,0,19,5,24,19,0,48,30,14,44,92
09/26/2002,MOT,ND,AGL,CE,Federal Contract Tower,5,19,6,0,30,0,11,25,0,36,5,30,31,0,66,42,26,68,134
09/27/2002,MOT,ND,AGL,CE,Federal Contract Tower,5,22,9,0,36,0,4,16,4,24,5,26,25,4,60,84,14,98,158
09/28/2002,MOT,ND,AGL,CE,Federal Contract Tower,5,7,4,2,18,0,9,46,0,55,5,16,50,2,73,74,6,80,153
09/29/2002,MOT,ND,AGL,CE,Federal Contract Tower,5,0,17,2,24,0,6,31,0,37,5,6,48,2,61,54,0,54,115
09/30/2002,MOT,ND,AGL,CE,Federal Contract Tower,5,11,3,2,21,0,2,14,0,16,5,13,17,2,37,32,0,32,69
10/01/2002,MOT,ND,AGL,CE,Federal Contract Tower,4,17,9,0,30,1,2,11,0,14,5,19,20,0,44,22,0,22,66
10/02/2002,MOT,ND,AGL,CE,Federal Contract Tower,5,19,7,13,44,0,3,33,13,49,5,22,40,26,93,64,10,74,167
10/03/2002,MOT,ND,AGL,CE,Federal Contract Tower,5,15,9,0,29,0,5,24,0,29,5,20,33,0,58,82,34,116,174
10/04/2002,MOT,ND,AGL,CE,Federal Contract Tower,5,17,8,0,30,0,4,27,0,31,5,21,35,0,61,46,24,70,131
10/05/2002,MOT,ND,AGL,CE,Federal Contract Tower,5,8,1,0,14,0,5,28,2,35,5,13,29,2,49,76,0,76,125
10/06/2002,MOT,ND,AGL,CE,Federal Contract Tower,5,8,9,0,22,0,0,9,0,9,5,8,18,0,31,22,0,22,53
10/07/2002,MOT,ND,AGL,CE,Federal Contract Tower,5,14,8,0,27,0,2,4,0,6,5,16,12,0,33,18,2,20,53
10/08/2002,MOT,ND,AGL,CE,Federal Contract Tower,5,16,12,0,33,0,10,37,0,47,5,26,49,0,80,66,14,80,160
10/09/2002,MOT,ND,AGL,CE,Federal Contract Tower,5,21,9,0,35,0,11,38,0,49,5,32,47,0,84,84,18,102,186
10/10/2002,MOT,ND,AGL,CE,Federal Contract Tower,5,17,8,0,30,0,6,18,0,24,5,23,26,0,54,56,12,68,122
10/11/2002,MOT,ND,AGL,CE,Federal Contract Tower,5,18,15,0,38,0,10,22,4,36,5,28,37,4,74,48,8,56,130
10/12/2002,MOT,ND,AGL,CE,Federal Contract Tower,5,10,4,0,19,0,0,9,0,9,5,10,13,0,28,0,0,0,28
10/13/2002,MOT,ND,AGL,CE,Federal Contract Tower,5,0,3,0,8,0,3,47,0,50,5,3,50,0,58,64,0,64,122
10/14/2002,MOT,ND,AGL,CE,Federal Contract Tower,5,12,3,0,20,0,5,17,0,22,5,17,20,0,42,14,0,14,56
10/15/2002,MOT,ND,AGL,CE,Federal Contract Tower,5,18,8,1,32,0,8,28,1,37,5,26,36,2,69,66,18,84,153
10/16/2002,MOT,ND,AGL,CE,Federal Contract Tower,5,22,6,19,52,0,1,4,0,5,5,23,10,19,57,16,68,84,141
10/17/2002,MOT,ND,AGL,CE,Federal Contract Tower,5,17,6,2,30,0,6,10,0,16,5,23,16,2,46,14,80,94,140
10/18/2002,MOT,ND,AGL,CE,Federal Contract Tower,4,18,4,0,26,0,3,6,0,9,4,21,10,0,35,8,2,10,45
10/19/2002,MOT,ND,AGL,CE,Federal Contract Tower,5,11,4,0,20,0,2,5,0,7,5,13,9,0,27,40,0,40,67
10/20/2002,MOT,ND,AGL,CE,Federal Contract Tower,5,4,1,0,10,0,4,25,0,29,5,8,26,0,39,22,0,22,61
10/21/2002,MOT,ND,AGL,CE,Federal Contract Tower,5,17,7,0,29,0,4,17,0,21,5,21,24,0,50,50,20,70,120
10/22/2002,MOT,ND,AGL,CE,Federal Contract Tower,5,17,7,1,30,0,9,16,3,28,5,26,23,4,58,12,28,40,98
10/23/2002,MOT,ND,AGL,CE,Federal Contract Tower,5,14,6,0,25,0,18,16,0,34,5,32,22,0,59,54,16,70,129
10/24/2002,MOT,ND,AGL,CE,Federal Contract Tower,5,21,2,0,28,0,8,8,0,16,5,29,10,0,44,40,0,40,84
10/25/2002,MOT,ND,AGL,CE,Federal Contract Tower,5,24,6,0,35,0,3,2,0,5,5,27,8,0,40,56,0,56,96
10/26/2002,MOT,ND,AGL,CE,Federal Contract Tower,5,7,0,0,12,0,4,21,0,25,5,11,21,0,37,28,0,28,65
10/27/2002,MOT,ND,AGL,CE,Federal Contract Tower,5,3,4,0,12,0,5,18,0,23,5,8,22,0,35,18,0,18,53
10/28/2002,MOT,ND,AGL,CE,Federal Contract Tower,5,9,1,0,15,0,0,0,0,0,5,9,1,0,15,8,0,8,23
10/29/2002,MOT,ND,AGL,CE,Federal Contract Tower,5,16,6,0,27,0,0,4,0,4,5,16,10,0,31,28,8,36,67
10/30/2002,MOT,ND,AGL,CE,Federal Contract Tower,5,14,9,0,28,0,5,13,0,18,5,19,22,0,46,18,6,24,70
10/31/2002,MOT,ND,AGL,CE,Federal Contract Tower,7,14,5,0,26,0,2,2,0,4,7,16,7,0,30,16,4,20,50
11/01/2002,MOT,ND,AGL,CE,Federal Contract Tower,5,21,8,0,34,0,9,22,0,31,5,30,30,0,65,64,4,68,133
11/02/2002,MOT,ND,AGL,CE,Federal Contract Tower,5,8,0,0,13,0,3,48,6,57,5,11,48,6,70,48,0,48,118
11/03/2002,MOT,ND,AGL,CE,Federal Contract Tower,7,0,2,0,9,0,8,31,0,39,7,8,33,0,48,78,0,78,126
11/04/2002,MOT,ND,AGL,CE,Federal Contract Tower,5,13,6,0,24,0,4,13,0,17,5,17,19,0,41,40,18,58,99
11/05/2002,MOT,ND,AGL,CE,Federal Contract Tower,5,20,8,0,33,0,4,1,0,5,5,24,9,0,38,42,8,50,88
11/06/2002,MOT,ND,AGL,CE,Federal Contract Tower,5,22,29,0,56,0,4,7,0,11,5,26,36,0,67,96,8,104,171
11/07/2002,MOT,ND,AGL,CE,Federal Contract Tower,5,14,27,0,46,0,9,23,0,32,5,23,50,0,78,124,50,174,252
11/08/2002,MOT,ND,AGL,CE,Federal Contract Tower,5,23,12,0,40,0,6,8,0,14,5,29,20,0,54,46,8,54,108
11/09/2002,MOT,ND,AGL,CE,Federal Contract Tower,5,7,1,0,13,0,5,16,0,21,5,12,17,0,34,46,0,46,80
11/10/2002,MOT,ND,AGL,CE,Federal Contract Tower,5,0,0,0,5,0,8,37,0,45,5,8,37,0,50,16,0,16,66
11/11/2002,MOT,ND,AGL,CE,Federal Contract Tower,7,13,6,0,26,0,0,4,0,4,7,13,10,0,30,26,0,26,56
11/12/2002,MOT,ND,AGL,CE,Federal Contract Tower,5,15,6,0,26,0,3,13,0,16,5,18,19,0,42,26,8,34,76
11/13/2002,MOT,ND,AGL,CE,Federal Contract Tower,5,18,4,1,28,0,4,4,3,11,5,22,8,4,39,0,8,8,47
11/14/2002,MOT,ND,AGL,CE,Federal Contract Tower,7,16,6,0,29,0,7,21,0,28,7,23,27,0,57,18,16,34,91
11/15/2002,MOT,ND,AGL,CE,Federal Contract Tower,5,16,8,0,29,0,8,27,0,35,5,24,35,0,64,60,22,82,146
11/16/2002,MOT,ND,AGL,CE,Federal Contract Tower,5,10,1,0,16,0,5,40,4,49,5,15,41,4,65,94,0,94,159
11/17/2002,MOT,ND,AGL,CE,Federal Contract Tower,5,1,4,0,10,0,1,30,0,31,5,2,34,0,41,22,0,22,63
11/18/2002,MOT,ND,AGL,CE,Federal Contract Tower,5,15,10,1,31,0,4,6,0,10,5,19,16,1,41,36,16,52,93
11/19/2002,MOT,ND,AGL,CE,Federal Contract Tower,5,21,13,0,39,0,6,25,0,31,5,27,38,0,70,64,16,80,150
11/20/2002,MOT,ND,AGL,CE,Federal Contract Tower,5,19,6,0,30,0,9,21,0,30,5,28,27,0,60,36,30,66,126
11/21/2002,MOT,ND,AGL,CE,Federal Contract Tower,5,14,7,0,26,0,8,19,0,27,5,22,26,0,53,74,24,98,151
11/22/2002,MOT,ND,AGL,CE,Federal Contract Tower,5,17,11,0,33,0,14,17,0,31,5,31,28,0,64,14,6,20,84
11/23/2002,MOT,ND,AGL,CE,Federal Contract Tower,5,10,4,0,19,0,0,2,0,2,5,10,6,0,21,0,0,0,21
11/24/2002,MOT,ND,AGL,CE,Federal Contract Tower,5,1,0,0,6,0,2,17,0,19,5,3,17,0,25,10,0,10,35
11/25/2002,MOT,ND,AGL,CE,Federal Contract Tower,5,18,2,0,25,0,2,11,0,13,5,20,13,0,38,24,14,38,76
11/26/2002,MOT,ND,AGL,CE,Federal Contract Tower,5,16,6,0,27,0,5,5,0,10,5,21,11,0,37,38,6,44,81
11/27/2002,MOT,ND,AGL,CE,Federal Contract Tower,5,14,5,4,28,0,8,37,0,45,5,22,42,4,73,28,20,48,121
11/28/2002,MOT,ND,AGL,CE,Federal Contract Tower,5,0,1,0,6,0,2,4,0,6,5,2,5,0,12,8,0,8,20
11/29/2002,MOT,ND,AGL,CE,Federal Contract Tower,5,13,0,0,18,0,1,2,0,3,5,14,2,0,21,0,0,0,21
11/30/2002,MOT,ND,AGL,CE,Federal Contract Tower,5,6,5,0,16,0,1,28,0,29,5,7,33,0,45,28,0,28,73
12/01/2002,MOT,ND,AGL,CE,Federal Contract Tower,5,4,10,0,19,0,6,29,0,35,5,10,39,0,54,48,0,48,102
12/02/2002,MOT,ND,AGL,CE,Federal Contract Tower,5,14,6,0,25,0,4,12,0,16,5,18,18,0,41,44,12,56,97
12/03/2002,MOT,ND,AGL,CE,Federal Contract Tower,5,22,14,0,41,0,0,1,0,1,5,22,15,0,42,4,4,8,50
12/04/2002,MOT,ND,AGL,CE,Federal Contract Tower,5,20,12,2,39,0,5,28,0,33,5,25,40,2,72,38,16,54,126
12/05/2002,MOT,ND,AGL,CE,Federal Contract Tower,5,19,7,0,31,0,13,11,0,24,5,32,18,0,55,36,0,36,91
12/06/2002,MOT,ND,AGL,CE,Federal Contract Tower,6,19,4,0,29,0,7,9,0,16,6,26,13,0,45,10,6,16,61
12/07/2002,MOT,ND,AGL,CE,Federal Contract Tower,6,11,3,0,20,0,10,19,4,33,6,21,22,4,53,40,0,40,93
12/08/2002,MOT,ND,AGL,CE,Federal Contract Tower,5,0,5,0,10,0,8,31,0,39,5,8,36,0,49,54,0,54,103
12/09/2002,MOT,ND,AGL,CE,Federal Contract Tower,7,17,3,2,29,0,7,23,0,30,7,24,26,2,59,60,16,76,135
12/10/2002,MOT,ND,AGL,CE,Federal Contract Tower,5,20,4,0,29,0,10,33,0,43,5,30,37,0,72,36,18,54,126
12/11/2002,MOT,ND,AGL,CE,Federal Contract Tower,5,19,8,2,34,0,15,24,0,39,5,34,32,2,73,78,18,96,169
12/12/2002,MOT,ND,AGL,CE,Federal Contract Tower,5,16,12,2,35,0,9,12,0,21,5,25,24,2,56,64,6,70,126
12/13/2002,MOT,ND,AGL,CE,Federal Contract Tower,5,23,3,0,31,0,9,33,0,42,5,32,36,0,73,90,8,98,171
12/14/2002,MOT,ND,AGL,CE,Federal Contract Tower,5,8,4,0,17,0,7,37,4,48,5,15,41,4,65,76,0,76,141
12/15/2002,MOT,ND,AGL,CE,Federal Contract Tower,5,0,4,2,11,0,8,22,4,34,5,8,26,6,45,78,0,78,123
12/16/2002,MOT,ND,AGL,CE,Federal Contract Tower,6,19,2,0,27,0,0,0,0,0,6,19,2,0,27,4,0,4,31
12/17/2002,MOT,ND,AGL,CE,Federal Contract Tower,6,20,5,0,31,0,0,0,0,0,6,20,5,0,31,12,0,12,43
12/18/2002,MOT,ND,AGL,CE,Federal Contract Tower,6,19,4,0,29,0,0,0,0,0,6,19,4,0,29,0,0,0,29
12/19/2002,MOT,ND,AGL,CE,Federal Contract Tower,5,21,3,0,29,0,1,0,0,1,5,22,3,0,30,0,10,10,40
12/20/2002,MOT,ND,AGL,CE,Federal Contract Tower,5,22,0,0,27,0,3,5,0,8,5,25,5,0,35,2,18,20,55
12/21/2002,MOT,ND,AGL,CE,Federal Contract Tower,5,9,1,0,15,0,4,16,0,20,5,13,17,0,35,34,0,34,69
12/22/2002,MOT,ND,AGL,CE,Federal Contract Tower,5,0,0,0,5,0,6,8,0,14,5,6,8,0,19,50,0,50,69
12/23/2002,MOT,ND,AGL,CE,Federal Contract Tower,5,14,2,0,21,0,0,5,0,5,5,14,7,0,26,6,0,6,32
12/24/2002,MOT,ND,AGL,CE,Federal Contract Tower,5,16,1,0,22,0,3,2,0,5,5,19,3,0,27,10,0,10,37
12/25/2002,MOT,ND,AGL,CE,Federal Contract Tower,5,2,0,0,7,0,2,15,0,17,5,4,15,0,24,6,0,6,30
12/26/2002,MOT,ND,AGL,CE,Federal Contract Tower,5,17,10,0,32,0,5,14,0,19,5,22,24,0,51,54,0,54,105
12/27/2002,MOT,ND,AGL,CE,Federal Contract Tower,5,15,0,0,20,0,10,36,0,46,5,25,36,0,66,16,10,26,92
12/28/2002,MOT,ND,AGL,CE,Federal Contract Tower,7,9,0,0,16,0,0,1,0,1,7,9,1,0,17,29,0,29,46
12/29/2002,MOT,ND,AGL,CE,Federal Contract Tower,5,2,2,0,9,0,0,0,0,0,5,2,2,0,9,0,0,0,9
12/30/2002,MOT,ND,AGL,CE,Federal Contract Tower,5,12,0,0,17,0,4,2,0,6,5,16,2,0,23,0,0,0,23
12/31/2002,MOT,ND,AGL,CE,Federal Contract Tower,5,17,1,0,23,0,6,15,0,21,5,23,16,0,44,38,16,54,98
01/01/2003,MOT,ND,AGL,CE,Federal Contract Tower,5,2,3,0,10,0,8,8,0,16,5,10,11,0,26,34,0,34,60
01/02/2003,MOT,ND,AGL,CE,Federal Contract Tower,5,17,11,0,33,0,6,14,0,20,5,23,25,0,53,26,6,32,85
01/03/2003,MOT,ND,AGL,CE,Federal Contract Tower,5,17,5,0,27,0,7,28,0,35,5,24,33,0,62,94,18,112,174
01/04/2003,MOT,ND,AGL,CE,Federal Contract Tower,5,11,6,0,22,0,1,1,0,2,5,12,7,0,24,18,0,18,42
01/05/2003,MOT,ND,AGL,CE,Federal Contract Tower,5,0,2,2,9,0,0,0,0,0,5,0,2,2,9,0,0,0,9
01/06/2003,MOT,ND,AGL,CE,Federal Contract Tower,5,16,1,2,24,0,8,17,0,25,5,24,18,2,49,32,26,58,107
01/07/2003,MOT,ND,AGL,CE,Federal Contract Tower,4,17,12,2,35,0,4,13,0,17,4,21,25,2,52,72,34,106,158
01/08/2003,MOT,ND,AGL,CE,Federal Contract Tower,4,19,9,0,32,0,6,22,0,28,4,25,31,0,60,18,40,58,118
01/09/2003,MOT,ND,AGL,CE,Federal Contract Tower,4,22,3,0,29,0,6,1,0,7,4,28,4,0,36,0,4,4,40
01/10/2003,MOT,ND,AGL,CE,Federal Contract Tower,4,18,3,0,25,0,7,12,0,19,4,25,15,0,44,84,0,84,128
01/11/2003,MOT,ND,AGL,CE,Federal Contract Tower,4,8,0,0,12,0,4,29,2,35,4,12,29,2,47,102,0,102,149
01/12/2003,MOT,ND,AGL,CE,Federal Contract Tower,4,0,4,0,8,0,8,18,0,26,4,8,22,0,34,30,0,30,64
01/13/2003,MOT,ND,AGL,CE,Federal Contract Tower,4,20,5,0,29,0,4,3,4,11,4,24,8,4,40,64,18,82,122
01/14/2003,MOT,ND,AGL,CE,Federal Contract Tower,4,20,4,0,28,0,5,14,1,20,4,25,18,1,48,6,16,22,70
01/15/2003,MOT,ND,AGL,CE,Federal Contract Tower,4,16,5,2,27,0,10,18,1,29,4,26,23,3,56,22,24,46,102
01/16/2003,MOT,ND,AGL,CE,Federal Contract Tower,6,16,3,2,27,0,10,3,4,17,6,26,6,6,44,36,24,60,104
01/17/2003,MOT,ND,AGL,CE,Federal Contract Tower,4,20,6,4,34,0,0,6,2,8,4,20,12,6,42,10,6,16,58
01/18/2003,MOT,ND,AGL,CE,Federal Contract Tower,4,7,5,3,19,0,5,18,3,26,4,12,23,6,45,88,0,88,133
01/19/2003,MOT,ND,AGL,CE,Federal Contract Tower,8,0,2,0,10,0,4,18,0,22,8,4,20,0,32,18,0,18,50
01/20/2003,MOT,ND,AGL,CE,Federal Contract Tower,4,17,9,0,30,0,6,12,0,18,4,23,21,0,48,38,0,38,86
01/21/2003,MOT,ND,AGL,CE,Federal Contract Tower,4,21,4,0,29,0,7,18,0,25,4,28,22,0,54,4,28,32,86
01/22/2003,MOT,ND,AGL,CE,Federal Contract Tower,6,15,6,2,29,0,2,4,2,8,6,17,10,4,37,0,0,0,37
01/23/2003,MOT,ND,AGL,CE,Federal Contract Tower,4,16,3,0,23,0,0,0,0,0,4,16,3,0,23,8,0,8,31
01/24/2003,MOT,ND,AGL,CE,Federal Contract Tower,4,19,5,0,28,0,6,15,0,21,4,25,20,0,49,28,6,34,83
01/25/2003,MOT,ND,AGL,CE,Federal Contract Tower,4,8,0,0,12,0,5,16,0,21,4,13,16,0,33,16,0,16,49
01/26/2003,MOT,ND,AGL,CE,Federal Contract Tower,5,2,7,2,16,0,6,18,0,24,5,8,25,2,40,46,0,46,86
01/27/2003,MOT,ND,AGL,CE,Federal Contract Tower,8,16,3,0,27,0,11,13,0,24,8,27,16,0,51,20,36,56,107
01/28/2003,MOT,ND,AGL,CE,Federal Contract Tower,4,20,3,0,27,0,0,0,0,0,4,20,3,0,27,0,8,8,35
01/29/2003,MOT,ND,AGL,CE,Federal Contract Tower,4,22,3,0,29,0,2,0,1,3,4,24,3,1,32,2,4,6,38
01/30/2003,MOT,ND,AGL,CE,Federal Contract Tower,6,22,2,4,34,0,4,7,0,11,6,26,9,4,45,32,22,54,99
01/31/2003,MOT,ND,AGL,CE,Federal Contract Tower,4,22,11,0,37,0,7,13,10,30,4,29,24,10,67,66,22,88,155
02/01/2003,MOT,ND,AGL,CE,Federal Contract Tower,5,6,0,0,11,0,1,0,0,1,5,7,0,0,12,6,0,6,18
02/02/2003,MOT,ND,AGL,CE,Federal Contract Tower,2,3,1,0,6,0,0,1,0,1,2,3,2,0,7,0,0,0,7
02/03/2003,MOT,ND,AGL,CE,Federal Contract Tower,4,15,2,1,22,0,2,0,0,2,4,17,2,1,24,22,12,34,58
02/04/2003,MOT,ND,AGL,CE,Federal Contract Tower,4,21,7,0,32,0,0,3,0,3,4,21,10,0,35,36,4,40,75
02/05/2003,MOT,ND,AGL,CE,Federal Contract Tower,4,20,7,2,33,0,4,13,4,21,4,24,20,6,54,24,18,42,96
02/06/2003,MOT,ND,AGL,CE,Federal Contract Tower,4,16,1,3,24,0,5,12,0,17,4,21,13,3,41,58,36,94,135
02/07/2003,MOT,ND,AGL,CE,Federal Contract Tower,4,22,5,0,31,0,4,2,0,6,4,26,7,0,37,14,34,48,85
02/08/2003,MOT,ND,AGL,CE,Federal Contract Tower,4,11,4,0,19,0,7,26,0,33,4,18,30,0,52,104,0,104,156
02/09/2003,MOT,ND,AGL,CE,Federal Contract Tower,4,4,2,0,10,0,0,2,0,2,4,4,4,0,12,18,0,18,30
02/10/2003,MOT,ND,AGL,CE,Federal Contract Tower,4,13,5,2,24,0,5,4,1,10,4,18,9,3,34,12,66,78,112
02/11/2003,MOT,ND,AGL,CE,Federal Contract Tower,4,19,5,0,28,0,5,10,10,25,4,24,15,10,53,16,44,60,113
02/12/2003,MOT,ND,AGL,CE,Federal Contract Tower,4,28,10,0,42,0,4,6,6,16,4,32,16,6,58,96,20,116,174
02/13/2003,MOT,ND,AGL,CE,Federal Contract Tower,6,23,3,0,32,0,3,3,8,14,6,26,6,8,46,24,16,40,86
02/14/2003,MOT,ND,AGL,CE,Federal Contract Tower,4,18,1,0,23,0,0,0,0,0,4,18,1,0,23,12,0,12,35
02/15/2003,MOT,ND,AGL,CE,Federal Contract Tower,4,8,3,0,15,0,0,0,0,0,4,8,3,0,15,4,0,4,19
02/16/2003,MOT,ND,AGL,CE,Federal Contract Tower,4,0,0,0,4,0,6,10,0,16,4,6,10,0,20,54,0,54,74
02/17/2003,MOT,ND,AGL,CE,Federal Contract Tower,4,22,1,0,27,0,3,6,0,9,4,25,7,0,36,24,0,24,60
02/18/2003,MOT,ND,AGL,CE,Federal Contract Tower,6,19,10,0,35,0,3,7,1,11,6,22,17,1,46,54,4,58,104
02/19/2003,MOT,ND,AGL,CE,Federal Contract Tower,4,19,7,0,30,0,9,17,0,26,4,28,24,0,56,84,44,128,184
02/20/2003,MOT,ND,AGL,CE,Federal Contract Tower,4,28,5,0,37,0,0,2,0,2,4,28,7,0,39,26,22,48,87
02/21/2003,MOT,ND,AGL,CE,Federal Contract Tower,4,19,3,0,26,0,1,3,0,4,4,20,6,0,30,0,0,0,30
02/22/2003,MOT,ND,AGL,CE,Federal Contract Tower,4,7,4,2,17,0,1,0,0,1,4,8,4,2,18,0,0,0,18
02/23/2003,MOT,ND,AGL,CE,Federal Contract Tower,4,0,2,0,6,0,0,2,0,2,4,0,4,0,8,0,0,0,8
02/24/2003,MOT,ND,AGL,CE,Federal Contract Tower,4,12,0,0,16,0,6,17,0,23,4,18,17,0,39,20,10,30,69
02/25/2003,MOT,ND,AGL,CE,Federal Contract Tower,4,15,4,0,23,0,8,20,0,28,4,23,24,0,51,54,10,64,115
02/26/2003,MOT,ND,AGL,CE,Federal Contract Tower,4,16,14,0,34,0,4,16,0,20,4,20,30,0,54,76,10,86,140
02/27/2003,MOT,ND,AGL,CE,Federal Contract Tower,4,15,6,0,25,0,6,17,0,23,4,21,23,0,48,30,0,30,78
02/28/2003,MOT,ND,AGL,CE,Federal Contract Tower,4,18,12,0,34,0,8,10,0,18,4,26,22,0,52,48,30,78,130
03/01/2003,MOT,ND,AGL,CE,Federal Contract Tower,4,10,4,0,18,0,10,16,0,26,4,20,20,0,44,32,0,32,76
03/02/2003,MOT,ND,AGL,CE,Federal Contract Tower,4,2,7,4,17,0,6,7,0,13,4,8,14,4,30,28,24,52,82
03/03/2003,MOT,ND,AGL,CE,Federal Contract Tower,4,17,2,0,23,0,0,1,0,1,4,17,3,0,24,0,2,2,26
03/04/2003,MOT,ND,AGL,CE,Federal Contract Tower,5,19,8,2,34,0,9,20,0,29,5,28,28,2,63,28,26,54,117
03/05/2003,MOT,ND,AGL,CE,Federal Contract Tower,4,18,6,2,30,0,4,8,1,13,4,22,14,3,43,18,56,74,117
03/06/2003,MOT,ND,AGL,CE,Federal Contract Tower,4,22,3,0,29,0,0,3,0,3,4,22,6,0,32,2,0,2,34
03/07/2003,MOT,ND,AGL,CE,Federal Contract Tower,4,22,0,0,26,0,6,10,0,16,4,28,10,0,42,36,12,48,90
03/08/2003,MOT,ND,AGL,CE,Federal Contract Tower,4,7,1,0,12,0,7,14,0,21,4,14,15,0,33,22,6,28,61
03/09/2003,MOT,ND,AGL,CE,Federal Contract Tower,6,3,1,2,12,0,12,14,0,26,6,15,15,2,38,12,0,12,50
03/10/2003,MOT,ND,AGL,CE,Federal Contract Tower,4,11,0,2,17,0,3,10,0,13,4,14,10,2,30,18,26,44,74
03/11/2003,MOT,ND,AGL,CE,Federal Contract Tower,4,16,13,0,33,0,4,0,0,4,4,20,13,0,37,18,6,24,61
03/12/2003,MOT,ND,AGL,CE,Federal Contract Tower,4,22,1,0,27,0,4,0,0,4,4,26,1,0,31,44,6,50,81
03/13/2003,MOT,ND,AGL,CE,Federal Contract Tower,6,17,7,7,37,0,8,14,3,25,6,25,21,10,62,42,44,86,148
03/14/2003,MOT,ND,AGL,CE,Federal Contract Tower,4,15,2,2,23,0,9,34,2,45,4,24,36,4,68,90,58,148,216
03/15/2003,MOT,ND,AGL,CE,Federal Contract Tower,4,9,5,0,18,0,6,43,0,49,4,15,48,0,67,118,4,122,189
03/16/2003,MOT,ND,AGL,CE,Federal Contract Tower,4,4,5,2,15,0,7,42,2,51,4,11,47,4,66,144,0,144,210
03/17/2003,MOT,ND,AGL,CE,Federal Contract Tower,4,12,1,0,17,0,0,0,0,0,4,12,1,0,17,0,0,0,17
03/18/2003,MOT,ND,AGL,CE,Federal Contract Tower,6,20,4,0,30,0,0,0,0,0,6,20,4,0,30,0,0,0,30
03/19/2003,MOT,ND,AGL,CE,Federal Contract Tower,4,12,1,0,17,0,4,8,0,12,4,16,9,0,29,0,12,12,41
03/20/2003,MOT,ND,AGL,CE,Federal Contract Tower,4,21,8,1,34,0,11,16,3,30,4,32,24,4,64,108,30,138,202
03/21/2003,MOT,ND,AGL,CE,Federal Contract Tower,4,15,13,0,32,0,7,11,0,18,4,22,24,0,50,134,8,142,192
03/22/2003,MOT,ND,AGL,CE,Federal Contract Tower,6,7,4,0,17,0,1,24,0,25,6,8,28,0,42,52,0,52,94
03/23/2003,MOT,ND,AGL,CE,Federal Contract Tower,4,4,6,0,14,0,6,57,4,67,4,10,63,4,81,36,10,46,127
03/24/2003,MOT,ND,AGL,CE,Federal Contract Tower,4,12,4,0,20,0,3,8,0,11,4,15,12,0,31,4,0,4,35
03/25/2003,MOT,ND,AGL,CE,Federal Contract Tower,4,17,18,0,39,0,10,13,0,23,4,27,31,0,62,88,16,104,166
03/26/2003,MOT,ND,AGL,CE,Federal Contract Tower,4,20,17,0,41,0,2,11,0,13,4,22,28,0,54,10,18,28,82
03/27/2003,MOT,ND,AGL,CE,Federal Contract Tower,4,17,14,0,35,0,10,24,0,34,4,27,38,0,69,46,86,132,201
03/28/2003,MOT,ND,AGL,CE,Federal Contract Tower,4,24,7,0,35,0,8,9,0,17,4,32,16,0,52,2,16,18,70
03/29/2003,MOT,ND,AGL,CE,Federal Contract Tower,4,7,7,0,18,0,2,16,0,18,4,9,23,0,36,78,0,78,114
03/30/2003,MOT,ND,AGL,CE,Federal Contract Tower,4,0,2,0,6,0,2,34,0,36,4,2,36,0,42,80,0,80,122
03/31/2003,MOT,ND,AGL,CE,Federal Contract Tower,4,13,6,0,23,0,7,15,0,22,4,20,21,0,45,46,26,72,117
04/01/2003,MOT,ND,AGL,CE,Federal Contract Tower,4,21,10,0,35,0,1,2,0,3,4,22,12,0,38,14,32,46,84
04/02/2003,MOT,ND,AGL,CE,Federal Contract Tower,2,22,3,1,28,0,0,0,0,0,2,22,3,1,28,0,12,12,40
04/03/2003,MOT,ND,AGL,CE,Federal Contract Tower,0,12,1,0,13,0,3,0,0,3,0,15,1,0,16,0,0,0,16
04/04/2003,MOT,ND,AGL,CE,Federal Contract Tower,4,16,1,0,21,0,2,3,0,5,4,18,4,0,26,8,4,12,38
04/05/2003,MOT,ND,AGL,CE,Federal Contract Tower,4,9,1,0,14,0,0,4,0,4,4,9,5,0,18,0,6,6,24
04/06/2003,MOT,ND,AGL,CE,Federal Contract Tower,4,1,6,0,11,0,5,33,0,38,4,6,39,0,49,46,0,46,95
04/07/2003,MOT,ND,AGL,CE,Federal Contract Tower,4,15,9,0,28,0,7,25,0,32,4,22,34,0,60,94,30,124,184
04/08/2003,MOT,ND,AGL,CE,Federal Contract Tower,4,15,12,0,31,0,10,25,6,41,4,25,37,6,72,56,18,74,146
04/09/2003,MOT,ND,AGL,CE,Federal Contract Tower,4,18,6,3,31,0,12,21,8,41,4,30,27,11,72,64,30,94,166
04/10/2003,MOT,ND,AGL,CE,Federal Contract Tower,4,14,4,1,23,0,6,25,1,32,4,20,29,2,55,24,20,44,99
04/11/2003,MOT,ND,AGL,CE,Federal Contract Tower,4,15,5,0,24,0,5,21,1,27,4,20,26,1,51,54,10,64,115
04/12/2003,MOT,ND,AGL,CE,Federal Contract Tower,4,6,5,0,15,0,7,24,0,31,4,13,29,0,46,38,0,38,84
04/13/2003,MOT,ND,AGL,CE,Federal Contract Tower,6,0,1,3,10,0,10,72,4,86,6,10,73,7,96,94,0,94,190
04/14/2003,MOT,ND,AGL,CE,Federal Contract Tower,4,17,7,0,28,0,3,8,0,11,4,20,15,0,39,52,24,76,115
04/15/2003,MOT,ND,AGL,CE,Federal Contract Tower,4,19,4,1,28,0,8,24,1,33,4,27,28,2,61,22,38,60,121
04/16/2003,MOT,ND,AGL,CE,Federal Contract Tower,6,24,7,0,37,0,2,13,0,15,6,26,20,0,52,40,8,48,100
04/17/2003,MOT,ND,AGL,CE,Federal Contract Tower,4,21,10,0,35,0,2,10,4,16,4,23,20,4,51,46,10,56,107
04/18/2003,MOT,ND,AGL,CE,Federal Contract Tower,4,17,6,0,27,0,6,11,0,17,4,23,17,0,44,66,0,66,110
04/19/2003,MOT,ND,AGL,CE,Federal Contract Tower,4,7,0,0,11,0,0,2,0,2,4,7,2,0,13,14,0,14,27
04/20/2003,MOT,ND,AGL,CE,Federal Contract Tower,4,2,4,0,10,0,4,22,0,26,4,6,26,0,36,22,0,22,58
04/21/2003,MOT,ND,AGL,CE,Federal Contract Tower,4,13,8,0,25,0,4,9,0,13,4,17,17,0,38,88,12,100,138
04/22/2003,MOT,ND,AGL,CE,Federal Contract Tower,4,17,8,1,30,0,6,17,0,23,4,23,25,1,53,26,14,40,93
04/23/2003,MOT,ND,AGL,CE,Federal Contract Tower,4,18,2,3,27,0,5,17,3,25,4,23,19,6,52,0,98,98,150
04/24/2003,MOT,ND,AGL,CE,Federal Contract Tower,4,18,7,8,37,0,9,23,14,46,4,27,30,22,83,58,66,124,207
04/25/2003,MOT,ND,AGL,CE,Federal Contract Tower,4,19,8,2,33,0,13,29,0,42,4,32,37,2,75,62,8,70,145
04/26/2003,MOT,ND,AGL,CE,Federal Contract Tower,4,7,5,0,16,0,8,20,0,28,4,15,25,0,44,26,6,32,76
04/27/2003,MOT,ND,AGL,CE,Federal Contract Tower,6,3,4,2,15,0,7,21,0,28,6,10,25,2,43,18,0,18,61
04/28/2003,MOT,ND,AGL,CE,Federal Contract Tower,4,19,5,0,28,0,8,11,0,19,4,27,16,0,47,26,8,34,81
04/29/2003,MOT,ND,AGL,CE,Federal Contract Tower,5,15,8,0,28,0,6,11,0,17,5,21,19,0,45,50,2,52,97
04/30/2003,MOT,ND,AGL,CE,Federal Contract Tower,5,19,16,0,40,0,12,14,0,26,5,31,30,0,66,36,10,46,112
05/01/2003,MOT,ND,AGL,CE,Federal Contract Tower,4,18,12,0,34,0,12,23,0,35,4,30,35,0,69,58,48,106,175
05/02/2003,MOT,ND,AGL,CE,Federal Contract Tower,6,14,0,0,20,0,12,18,0,30,6,26,18,0,50,52,10,62,112
05/03/2003,MOT,ND,AGL,CE,Federal Contract Tower,4,7,9,0,20,0,2,8,0,10,4,9,17,0,30,38,0,38,68
05/04/2003,MOT,ND,AGL,CE,Federal Contract Tower,6,4,1,0,11,0,0,0,0,0,6,4,1,0,11,0,0,0,11
05/05/2003,MOT,ND,AGL,CE,Federal Contract Tower,4,15,6,0,25,0,0,2,0,2,4,15,8,0,27,22,4,26,53
05/06/2003,MOT,ND,AGL,CE,Federal Contract Tower,4,20,15,0,39,0,4,0,0,4,4,24,15,0,43,52,14,66,109
05/07/2003,MOT,ND,AGL,CE,Federal Contract Tower,5,16,4,6,31,0,4,23,0,27,5,20,27,6,58,36,24,60,118
05/08/2003,MOT,ND,AGL,CE,Federal Contract Tower,4,19,7,0,30,0,0,0,0,0,4,19,7,0,30,2,0,2,32
05/09/2003,MOT,ND,AGL,CE,Federal Contract Tower,4,19,3,0,26,0,6,8,0,14,4,25,11,0,40,22,10,32,72
05/10/2003,MOT,ND,AGL,CE,Federal Contract Tower,4,7,2,0,13,0,5,6,0,11,4,12,8,0,24,28,0,28,52
05/11/2003,MOT,ND,AGL,CE,Federal Contract Tower,4,0,3,0,7,0,4,26,0,30,4,4,29,0,37,2,0,2,39
05/12/2003,MOT,ND,AGL,CE,Federal Contract Tower,4,7,3,4,18,1,6,43,22,72,5,13,46,26,90,116,48,164,254
05/13/2003,MOT,ND,AGL,CE,Federal Contract Tower,4,16,8,0,28,0,6,5,2,13,4,22,13,2,41,70,18,88,129
05/14/2003,MOT,ND,AGL,CE,Federal Contract Tower,4,17,6,0,27,0,2,19,3,24,4,19,25,3,51,86,0,86,137
05/15/2003,MOT,ND,AGL,CE,Federal Contract Tower,4,15,4,0,23,0,14,28,0,42,4,29,32,0,65,74,14,88,153
05/16/2003,MOT,ND,AGL,CE,Federal Contract Tower,4,13,7,0,24,0,10,21,0,31,4,23,28,0,55,30,10,40,95
05/17/2003,MOT,ND,AGL,CE,Federal Contract Tower,4,9,8,0,21,0,1,17,0,18,4,10,25,0,39,32,0,32,71
05/18/2003,MOT,ND,AGL,CE,Federal Contract Tower,6,4,7,0,17,0,4,19,0,23,6,8,26,0,40,24,0,24,64
05/19/2003,MOT,ND,AGL,CE,Federal Contract Tower,4,11,12,0,27,0,10,25,2,37,4,21,37,2,64,56,30,86,150
05/20/2003,MOT,ND,AGL,CE,Federal Contract Tower,4,14,9,2,29,0,4,20,0,24,4,18,29,2,53,42,78,120,173
05/21/2003,MOT,ND,AGL,CE,Federal Contract Tower,4,13,5,1,23,0,9,33,0,42,4,22,38,1,65,84,18,102,167
05/22/2003,MOT,ND,AGL,CE,Federal Contract Tower,4,14,3,0,21,0,8,27,1,36,4,22,30,1,57,62,16,78,135
05/23/2003,MOT,ND,AGL,CE,Federal Contract Tower,4,14,5,0,23,0,6,17,1,24,4,20,22,1,47,38,4,42,89
05/24/2003,MOT,ND,AGL,CE,Federal Contract Tower,4,9,3,0,16,0,12,47,0,59,4,21,50,0,75,66,0,66,141
05/25/2003,MOT,ND,AGL,CE,Federal Contract Tower,4,4,0,0,8,0,0,21,0,21,4,4,21,0,29,6,0,6,35
05/26/2003,MOT,ND,AGL,CE,Federal Contract Tower,4,0,3,0,7,0,1,19,0,20,4,1,22,0,27,4,0,4,31
05/27/2003,MOT,ND,AGL,CE,Federal Contract Tower,4,12,9,0,25,0,6,8,1,15,4,18,17,1,40,14,0,14,54
05/28/2003,MOT,ND,AGL,CE,Federal Contract Tower,4,16,4,1,25,0,4,21,2,27,4,20,25,3,52,24,0,24,76
05/29/2003,MOT,ND,AGL,CE,Federal Contract Tower,4,12,0,0,16,0,7,5,0,12,4,19,5,0,28,0,10,10,38
05/30/2003,MOT,ND,AGL,CE,Federal Contract Tower,4,16,6,1,27,0,7,20,2,29,4,23,26,3,56,42,14,56,112
05/31/2003,MOT,ND,AGL,CE,Federal Contract Tower,4,9,2,0,15,0,9,28,0,37,4,18,30,0,52,76,0,76,128
06/01/2003,MOT,ND,AGL,CE,Federal Contract Tower,6,1,1,2,10,0,8,45,2,55,6,9,46,4,65,62,0,62,127
06/02/2003,MOT,ND,AGL,CE,Federal Contract Tower,4,9,9,0,22,0,5,15,0,20,4,14,24,0,42,44,16,60,102
06/03/2003,MOT,ND,AGL,CE,Federal Contract Tower,4,23,7,2,36,0,1,13,0,14,4,24,20,2,50,24,0,24,74
06/04/2003,MOT,ND,AGL,CE,Federal Contract Tower,4,14,8,0,26,0,6,16,0,22,4,20,24,0,48,16,4,20,68
06/05/2003,MOT,ND,AGL,CE,Federal Contract Tower,4,18,6,1,29,0,10,33,1,44,4,28,39,2,73,52,28,80,153
06/06/2003,MOT,ND,AGL,CE,Federal Contract Tower,4,16,7,0,27,0,8,22,4,34,4,24,29,4,61,80,8,88,149
06/07/2003,MOT,ND,AGL,CE,Federal Contract Tower,4,10,6,0,20,0,0,2,0,2,4,10,8,0,22,10,0,10,32
06/08/2003,MOT,ND,AGL,CE,Federal Contract Tower,4,0,7,0,11,0,7,32,0,39,4,7,39,0,50,78,0,78,128
06/09/2003,MOT,ND,AGL,CE,Federal Contract Tower,6,10,10,2,28,0,5,19,4,28,6,15,29,6,56,14,10,24,80
06/10/2003,MOT,ND,AGL,CE,Federal Contract Tower,4,21,9,0,34,0,3,6,4,13,4,24,15,4,47,38,0,38,85
06/11/2003,MOT,ND,AGL,CE,Federal Contract Tower,4,21,5,2,32,0,5,15,2,22,4,26,20,4,54,20,40,60,114
06/12/2003,MOT,ND,AGL,CE,Federal Contract Tower,6,15,8,0,29,0,14,23,3,40,6,29,31,3,69,64,12,76,145
06/13/2003,MOT,ND,AGL,CE,Federal Contract Tower,4,12,0,0,16,0,9,36,2,47,4,21,36,2,63,90,8,98,161
06/14/2003,MOT,ND,AGL,CE,Federal Contract Tower,4,8,5,2,19,0,1,16,2,19,4,9,21,4,38,92,0,92,130
06/15/2003,MOT,ND,AGL,CE,Federal Contract Tower,4,2,9,0,15,0,0,41,0,41,4,2,50,0,56,34,0,34,90
06/16/2003,MOT,ND,AGL,CE,Federal Contract Tower,4,12,11,0,27,0,5,11,2,18,4,17,22,2,45,12,4,16,61
06/17/2003,MOT,ND,AGL,CE,Federal Contract Tower,4,12,4,0,20,0,11,32,3,46,4,23,36,3,66,42,28,70,136
06/18/2003,MOT,ND,AGL,CE,Federal Contract Tower,4,15,9,0,28,0,5,48,2,55,4,20,57,2,83,82,10,92,175
06/19/2003,MOT,ND,AGL,CE,Federal Contract Tower,6,14,2,1,23,0,7,25,1,33,6,21,27,2,56,24,96,120,176
06/20/2003,MOT,ND,AGL,CE,Federal Contract Tower,4,17,7,0,28,0,12,18,0,30,4,29,25,0,58,14,6,20,78
06/21/2003,MOT,ND,AGL,CE,Federal Contract Tower,4,8,8,2,22,0,0,9,0,9,4,8,17,2,31,24,0,24,55
06/22/2003,MOT,ND,AGL,CE,Federal Contract Tower,4,6,1,0,11,0,2,47,0,49,4,8,48,0,60,30,0,30,90
06/23/2003,MOT,ND,AGL,CE,Federal Contract Tower,4,17,2,0,23,0,8,36,0,44,4,25,38,0,67,62,6,68,135
06/24/2003,MOT,ND,AGL,CE,Federal Contract Tower,4,14,5,0,23,0,6,28,0,34,4,20,33,0,57,76,20,96,153
06/25/2003,MOT,ND,AGL,CE,Federal Contract Tower,4,18,14,0,36,0,5,27,0,32,4,23,41,0,68,22,10,32,100
06/26/2003,MOT,ND,AGL,CE,Federal Contract Tower,4,15,4,0,23,0,8,42,0,50,4,23,46,0,73,40,16,56,129
06/27/2003,MOT,ND,AGL,CE,Federal Contract Tower,4,16,7,0,27,0,6,17,0,23,4,22,24,0,50,14,0,14,64
06/28/2003,MOT,ND,AGL,CE,Federal Contract Tower,4,9,0,0,13,0,4,22,0,26,4,13,22,0,39,16,0,16,55
06/29/2003,MOT,ND,AGL,CE,Federal Contract Tower,4,4,2,0,10,0,4,74,0,78,4,8,76,0,88,110,0,110,198
06/30/2003,MOT,ND,AGL,CE,Federal Contract Tower,4,12,4,0,20,0,7,32,0,39,4,19,36,0,59,70,6,76,135
07/01/2003,MOT,ND,AGL,CE,Federal Contract Tower,4,25,13,1,43,0,8,36,3,47,4,33,49,4,90,68,40,108,198
07/02/2003,MOT,ND,AGL,CE,Federal Contract Tower,4,16,9,0,29,0,7,23,0,30,4,23,32,0,59,8,12,20,79
07/03/2003,MOT,ND,AGL,CE,Federal Contract Tower,4,18,4,0,26,0,5,29,0,34,4,23,33,0,60,82,0,82,142
07/04/2003,MOT,ND,AGL,CE,Federal Contract Tower,4,1,3,0,8,0,5,16,0,21,4,6,19,0,29,14,30,44,73
07/05/2003,MOT,ND,AGL,CE,Federal Contract Tower,4,6,0,0,10,0,3,39,0,42,4,9,39,0,52,16,0,16,68
07/06/2003,MOT,ND,AGL,CE,Federal Contract Tower,4,2,1,0,7,0,2,38,0,40,4,4,39,0,47,22,0,22,69
07/07/2003,MOT,ND,AGL,CE,Federal Contract Tower,4,10,8,0,22,0,5,35,0,40,4,15,43,0,62,44,10,54,116
07/08/2003,MOT,ND,AGL,CE,Federal Contract Tower,4,15,8,0,27,0,13,34,0,47,4,28,42,0,74,62,46,108,182
07/09/2003,MOT,ND,AGL,CE,Federal Contract Tower,4,17,9,0,30,0,5,31,4,40,4,22,40,4,70,48,20,68,138
07/10/2003,MOT,ND,AGL,CE,Federal Contract Tower,4,15,13,0,32,0,5,17,5,27,4,20,30,5,59,42,18,60,119
07/11/2003,MOT,ND,AGL,CE,Federal Contract Tower,4,16,6,0,26,0,14,44,0,58,4,30,50,0,84,60,12,72,156
07/12/2003,MOT,ND,AGL,CE,Federal Contract Tower,4,8,1,0,13,0,2,73,0,75,4,10,74,0,88,54,0,54,142
07/13/2003,MOT,ND,AGL,CE,Federal Contract Tower,4,2,12,0,18,0,7,46,2,55,4,9,58,2,73,54,0,54,127
07/14/2003,MOT,ND,AGL,CE,Federal Contract Tower,4,16,9,3,32,0,2,16,3,21,4,18,25,6,53,18,14,32,85
07/15/2003,MOT,ND,AGL,CE,Federal Contract Tower,4,18,4,4,30,0,10,22,11,43,4,28,26,15,73,38,10,48,121
07/16/2003,MOT,ND,AGL,CE,Federal Contract Tower,4,19,10,8,41,0,6,26,14,46,4,25,36,22,87,24,28,52,139
07/17/2003,MOT,ND,AGL,CE,Federal Contract Tower,4,13,10,0,27,0,10,37,4,51,4,23,47,4,78,76,30,106,184
07/18/2003,MOT,ND,AGL,CE,Federal Contract Tower,4,16,4,0,24,0,8,50,0,58,4,24,54,0,82,52,12,64,146
07/19/2003,MOT,ND,AGL,CE,Federal Contract Tower,4,7,7,2,20,0,11,93,0,104,4,18,100,2,124,48,12,60,184
07/20/2003,MOT,ND,AGL,CE,Federal Contract Tower,4,6,3,5,18,0,12,68,0,80,4,18,71,5,98,80,4,84,182
07/21/2003,MOT,ND,AGL,CE,Federal Contract Tower,4,18,6,2,30,0,10,32,18,60,4,28,38,20,90,106,28,134,224
07/22/2003,MOT,ND,AGL,CE,Federal Contract Tower,4,14,13,0,31,0,4,50,5,59,4,18,63,5,90,122,46,168,258
07/23/2003,MOT,ND,AGL,CE,Federal Contract Tower,4,17,10,3,34,0,9,51,7,67,4,26,61,10,101,62,38,100,201
07/24/2003,MOT,ND,AGL,CE,Federal Contract Tower,4,13,11,1,29,0,5,34,1,40,4,18,45,2,69,52,22,74,143
07/25/2003,MOT,ND,AGL,CE,Federal Contract Tower,4,13,4,0,21,0,3,22,0,25,4,16,26,0,46,80,42,122,168
07/26/2003,MOT,ND,AGL,CE,Federal Contract Tower,4,9,11,4,28,0,6,47,0,53,4,15,58,4,81,100,6,106,187
07/27/2003,MOT,ND,AGL,CE,Federal Contract Tower,4,0,2,0,6,0,0,31,0,31,4,0,33,0,37,20,0,20,57
07/28/2003,MOT,ND,AGL,CE,Federal Contract Tower,4,10,4,0,18,0,3,19,0,22,4,13,23,0,40,42,22,64,104
07/29/2003,MOT,ND,AGL,CE,Federal Contract Tower,4,14,12,0,30,0,8,34,4,46,4,22,46,4,76,58,36,94,170
07/30/2003,MOT,ND,AGL,CE,Federal Contract Tower,4,18,7,0,29,0,7,61,0,68,4,25,68,0,97,32,36,68,165
07/31/2003,MOT,ND,AGL,CE,Federal Contract Tower,4,16,9,2,31,0,12,51,0,63,4,28,60,2,94,66,20,86,180
08/01/2003,MOT,ND,AGL,CE,Federal Contract Tower,4,15,16,0,35,0,10,65,0,75,4,25,81,0,110,56,36,92,202
08/02/2003,MOT,ND,AGL,CE,Federal Contract Tower,4,7,3,0,14,0,3,30,0,33,4,10,33,0,47,56,0,56,103
08/03/2003,MOT,ND,AGL,CE,Federal Contract Tower,4,0,3,0,7,0,0,36,0,36,4,0,39,0,43,36,0,36,79
08/04/2003,MOT,ND,AGL,CE,Federal Contract Tower,4,12,7,2,25,0,8,21,0,29,4,20,28,2,54,80,10,90,144
08/05/2003,MOT,ND,AGL,CE,Federal Contract Tower,5,21,5,0,31,0,5,19,0,24,5,26,24,0,55,72,14,86,141
08/06/2003,MOT,ND,AGL,CE,Federal Contract Tower,4,13,7,0,24,0,7,37,0,44,4,20,44,0,68,82,8,90,158
08/07/2003,MOT,ND,AGL,CE,Federal Contract Tower,4,18,12,1,35,0,7,36,4,47,4,25,48,5,82,60,12,72,154
08/08/2003,MOT,ND,AGL,CE,Federal Contract Tower,4,14,11,0,29,0,7,18,1,26,4,21,29,1,55,38,0,38,93
08/09/2003,MOT,ND,AGL,CE,Federal Contract Tower,4,7,1,0,12,0,4,18,0,22,4,11,19,0,34,52,0,52,86
08/10/2003,MOT,ND,AGL,CE,Federal Contract Tower,4,1,10,0,15,0,8,55,0,63,4,9,65,0,78,42,0,42,120
08/11/2003,MOT,ND,AGL,CE,Federal Contract Tower,4,10,6,0,20,0,6,17,0,23,4,16,23,0,43,50,10,60,103
08/12/2003,MOT,ND,AGL,CE,Federal Contract Tower,4,13,8,2,27,0,7,19,0,26,4,20,27,2,53,72,36,108,161
08/13/2003,MOT,ND,AGL,CE,Federal Contract Tower,4,13,5,0,22,0,17,40,4,61,4,30,45,4,83,54,32,86,169
08/14/2003,MOT,ND,AGL,CE,Federal Contract Tower,4,13,7,0,24,0,8,19,0,27,4,21,26,0,51,44,8,52,103
08/15/2003,MOT,ND,AGL,CE,Federal Contract Tower,4,13,3,1,21,0,1,15,0,16,4,14,18,1,37,64,22,86,123
08/16/2003,MOT,ND,AGL,CE,Federal Contract Tower,6,9,7,1,23,0,9,44,0,53,6,18,51,1,76,68,20,88,164
08/17/2003,MOT,ND,AGL,CE,Federal Contract Tower,4,3,3,0,10,0,6,51,0,57,4,9,54,0,67,52,0,52,119
08/18/2003,MOT,ND,AGL,CE,Federal Contract Tower,4,7,4,0,15,0,5,32,0,37,4,12,36,0,52,28,26,54,106
08/19/2003,MOT,ND,AGL,CE,Federal Contract Tower,4,16,7,0,27,0,8,42,4,54,4,24,49,4,81,64,12,76,157
08/20/2003,MOT,ND,AGL,CE,Federal Contract Tower,4,13,5,2,24,0,3,21,4,28,4,16,26,6,52,14,0,14,66
08/21/2003,MOT,ND,AGL,CE,Federal Contract Tower,4,12,4,0,20,0,9,29,0,38,4,21,33,0,58,58,6,64,122
08/22/2003,MOT,ND,AGL,CE,Federal Contract Tower,4,9,12,0,25,0,15,25,2,42,4,24,37,2,67,76,16,92,159
08/23/2003,MOT,ND,AGL,CE,Federal Contract Tower,6,7,0,4,17,0,6,28,2,36,6,13,28,6,53,110,0,110,163
08/24/2003,MOT,ND,AGL,CE,Federal Contract Tower,4,2,10,0,16,0,6,52,2,60,4,8,62,2,76,102,0,102,178
08/25/2003,MOT,ND,AGL,CE,Federal Contract Tower,6,11,6,0,23,0,8,39,0,47,6,19,45,0,70,104,30,134,204
08/26/2003,MOT,ND,AGL,CE,Federal Contract Tower,6,16,6,4,32,0,7,23,0,30,6,23,29,4,62,28,60,88,150
08/27/2003,MOT,ND,AGL,CE,Federal Contract Tower,4,14,4,0,22,0,8,20,0,28,4,22,24,0,50,18,0,18,68
08/28/2003,MOT,ND,AGL,CE,Federal Contract Tower,4,16,4,0,24,0,4,22,0,26,4,20,26,0,50,72,10,82,132
08/29/2003,MOT,ND,AGL,CE,Federal Contract Tower,4,14,6,0,24,0,8,38,0,46,4,22,44,0,70,140,18,158,228
08/30/2003,MOT,ND,AGL,CE,Federal Contract Tower,4,7,5,2,18,0,8,35,0,43,4,15,40,2,61,172,0,172,233
08/31/2003,MOT,ND,AGL,CE,Federal Contract Tower,4,2,0,0,6,0,4,48,0,52,4,6,48,0,58,52,0,52,110
09/01/2003,MOT,ND,AGL,CE,Federal Contract Tower,4,0,2,0,6,0,2,14,0,16,4,2,16,0,22,32,0,32,54
09/02/2003,MOT,ND,AGL,CE,Federal Contract Tower,4,13,8,0,25,0,8,16,0,24,4,21,24,0,49,24,36,60,109
09/03/2003,MOT,ND,AGL,CE,Federal Contract Tower,4,13,3,2,22,0,9,38,4,51,4,22,41,6,73,102,50,152,225
09/04/2003,MOT,ND,AGL,CE,Federal Contract Tower,4,14,6,0,24,0,12,30,0,42,4,26,36,0,66,76,22,98,164
09/05/2003,MOT,ND,AGL,CE,Federal Contract Tower,4,18,3,0,25,0,9,25,1,35,4,27,28,1,60,128,8,136,196
09/06/2003,MOT,ND,AGL,CE,Federal Contract Tower,4,7,3,2,16,0,5,26,1,32,4,12,29,3,48,142,0,142,190
09/07/2003,MOT,ND,AGL,CE,Federal Contract Tower,4,2,8,4,18,0,2,30,0,32,4,4,38,4,50,28,0,28,78
09/08/2003,MOT,ND,AGL,CE,Federal Contract Tower,4,8,3,1,16,0,6,4,0,10,4,14,7,1,26,4,0,4,30
09/09/2003,MOT,ND,AGL,CE,Federal Contract Tower,4,13,1,3,21,0,5,13,0,18,4,18,14,3,39,70,0,70,109
09/10/2003,MOT,ND,AGL,CE,Federal Contract Tower,4,15,7,0,26,0,3,4,0,7,4,18,11,0,33,0,0,0,33
09/11/2003,MOT,ND,AGL,CE,Federal Contract Tower,4,17,5,0,26,0,5,21,0,26,4,22,26,0,52,26,6,32,84
09/12/2003,MOT,ND,AGL,CE,Federal Contract Tower,4,15,6,2,27,0,9,32,0,41,4,24,38,2,68,62,24,86,154
09/13/2003,MOT,ND,AGL,CE,Federal Contract Tower,4,7,3,0,14,0,0,4,0,4,4,7,7,0,18,40,2,42,60
09/14/2003,MOT,ND,AGL,CE,Federal Contract Tower,4,0,6,0,10,0,4,34,0,38,4,4,40,0,48,74,0,74,122
09/15/2003,MOT,ND,AGL,CE,Federal Contract Tower,4,10,8,0,22,0,10,45,0,55,4,20,53,0,77,110,14,124,201
09/16/2003,MOT,ND,AGL,CE,Federal Contract Tower,4,12,6,4,26,0,10,21,0,31,4,22,27,4,57,64,12,76,133
09/17/2003,MOT,ND,AGL,CE,Federal Contract Tower,4,17,13,0,34,0,3,4,0,7,4,20,17,0,41,18,16,34,75
09/18/2003,MOT,ND,AGL,CE,Federal Contract Tower,4,18,12,0,34,0,6,15,0,21,4,24,27,0,55,28,8,36,91
09/19/2003,MOT,ND,AGL,CE,Federal Contract Tower,4,11,3,0,18,0,5,18,4,27,4,16,21,4,45,102,8,110,155
09/20/2003,MOT,ND,AGL,CE,Federal Contract Tower,4,7,2,0,13,0,4,42,0,46,4,11,44,0,59,120,0,120,179
09/21/2003,MOT,ND,AGL,CE,Federal Contract Tower,4,2,10,0,16,0,8,24,0,32,4,10,34,0,48,54,0,54,102
09/22/2003,MOT,ND,AGL,CE,Federal Contract Tower,4,7,1,0,12,0,7,27,0,34,4,14,28,0,46,72,14,86,132
09/23/2003,MOT,ND,AGL,CE,Federal Contract Tower,4,16,2,0,22,0,10,26,0,36,4,26,28,0,58,22,8,30,88
09/24/2003,MOT,ND,AGL,CE,Federal Contract Tower,4,14,21,0,39,0,5,5,0,10,4,19,26,0,49,52,12,64,113
09/25/2003,MOT,ND,AGL,CE,Federal Contract Tower,4,16,4,6,30,0,10,28,16,54,4,26,32,22,84,38,34,72,156
09/26/2003,MOT,ND,AGL,CE,Federal Contract Tower,4,13,5,0,22,0,10,19,4,33,4,23,24,4,55,18,10,28,83
09/27/2003,MOT,ND,AGL,CE,Federal Contract Tower,4,8,16,0,28,0,4,47,0,51,4,12,63,0,79,82,0,82,161
09/28/2003,MOT,ND,AGL,CE,Federal Contract Tower,4,2,9,0,15,0,8,54,0,62,4,10,63,0,77,72,0,72,149
09/29/2003,MOT,ND,AGL,CE,Federal Contract Tower,4,11,7,0,22,0,1,14,0,15,4,12,21,0,37,46,8,54,91
09/30/2003,MOT,ND,AGL,CE,Federal Contract Tower,4,15,8,0,27,0,5,24,0,29,4,20,32,0,56,102,14,116,172
10/01/2003,MOT,ND,AGL,CE,Federal Contract Tower,4,12,7,0,23,0,5,24,0,29,4,17,31,0,52,82,38,120,172
10/02/2003,MOT,ND,AGL,CE,Federal Contract Tower,4,14,8,0,26,0,9,34,0,43,4,23,42,0,69,48,14,62,131
10/03/2003,MOT,ND,AGL,CE,Federal Contract Tower,4,15,9,1,29,0,14,35,3,52,4,29,44,4,81,84,16,100,181
10/04/2003,MOT,ND,AGL,CE,Federal Contract Tower,4,8,4,0,16,0,3,67,2,72,4,11,71,2,88,118,0,118,206
10/05/2003,MOT,ND,AGL,CE,Federal Contract Tower,3,4,2,0,9,1,6,61,0,68,4,10,63,0,77,84,0,84,161
10/06/2003,MOT,ND,AGL,CE,Federal Contract Tower,4,11,4,2,21,0,9,23,0,32,4,20,27,2,53,56,20,76,129
10/07/2003,MOT,ND,AGL,CE,Federal Contract Tower,4,17,8,2,31,0,4,23,2,29,4,21,31,4,60,52,0,52,112
10/08/2003,MOT,ND,AGL,CE,Federal Contract Tower,4,22,12,3,41,0,7,17,3,27,4,29,29,6,68,8,36,44,112
10/09/2003,MOT,ND,AGL,CE,Federal Contract Tower,4,14,8,2,28,0,10,22,1,33,4,24,30,3,61,36,34,70,131
10/10/2003,MOT,ND,AGL,CE,Federal Contract Tower,4,19,10,2,35,0,11,18,7,36,4,30,28,9,71,70,14,84,155
10/11/2003,MOT,ND,AGL,CE,Federal Contract Tower,3,11,5,0,19,1,2,15,0,18,4,13,20,0,37,32,0,32,69
10/12/2003,MOT,ND,AGL,CE,Federal Contract Tower,2,5,3,0,10,2,8,52,0,62,4,13,55,0,72,96,0,96,168
10/13/2003,MOT,ND,AGL,CE,Federal Contract Tower,3,11,6,0,20,1,8,22,0,31,4,19,28,0,51,78,0,78,129
10/14/2003,MOT,ND,AGL,CE,Federal Contract Tower,3,13,5,2,23,1,5,15,1,22,4,18,20,3,45,10,38,48,93
10/15/2003,MOT,ND,AGL,CE,Federal Contract Tower,4,15,6,2,27,0,3,20,0,23,4,18,26,2,50,32,24,56,106
10/16/2003,MOT,ND,AGL,CE,Federal Contract Tower,4,17,7,2,30,0,4,21,0,25,4,21,28,2,55,50,8,58,113
10/17/2003,MOT,ND,AGL,CE,Federal Contract Tower,3,13,5,2,23,1,18,17,1,37,4,31,22,3,60,50,18,68,128
10/18/2003,MOT,ND,AGL,CE,Federal Contract Tower,3,9,4,0,16,1,8,40,0,49,4,17,44,0,65,126,0,126,191
10/19/2003,MOT,ND,AGL,CE,Federal Contract Tower,2,7,3,0,12,2,1,44,0,47,4,8,47,0,59,40,0,40,99
10/20/2003,MOT,ND,AGL,CE,Federal Contract Tower,4,15,6,0,25,0,2,0,0,2,4,17,6,0,27,28,12,40,67
10/21/2003,MOT,ND,AGL,CE,Federal Contract Tower,4,20,10,0,34,0,10,32,0,42,4,30,42,0,76,32,58,90,166
10/22/2003,MOT,ND,AGL,CE,Federal Contract Tower,3,13,6,1,23,1,14,27,2,44,4,27,33,3,67,92,76,168,235
10/23/2003,MOT,ND,AGL,CE,Federal Contract Tower,3,13,6,1,23,1,8,26,3,38,4,21,32,4,61,82,18,100,161
10/24/2003,MOT,ND,AGL,CE,Federal Contract Tower,3,13,6,1,23,1,10,12,4,27,4,23,18,5,50,0,40,40,90
10/25/2003,MOT,ND,AGL,CE,Federal Contract Tower,2,7,4,0,13,2,2,7,0,11,4,9,11,0,24,0,0,0,24
10/26/2003,MOT,ND,AGL,CE,Federal Contract Tower,2,7,4,0,13,2,0,11,0,13,4,7,15,0,26,6,0,6,32
10/27/2003,MOT,ND,AGL,CE,Federal Contract Tower,3,12,5,1,21,1,8,8,0,17,4,20,13,1,38,0,4,4,42
10/28/2003,MOT,ND,AGL,CE,Federal Contract Tower,4,25,13,0,42,0,0,21,0,21,4,25,34,0,63,78,36,114,177
10/29/2003,MOT,ND,AGL,CE,Federal Contract Tower,4,16,8,0,28,0,0,2,0,2,4,16,10,0,30,2,4,6,36
10/30/2003,MOT,ND,AGL,CE,Federal Contract Tower,4,23,12,2,41,0,2,2,6,10,4,25,14,8,51,18,24,42,93
10/31/2003,MOT,ND,AGL,CE,Federal Contract Tower,3,13,6,1,23,1,7,3,0,11,4,20,9,1,34,0,4,4,38
11/01/2003,MOT,ND,AGL,CE,Federal Contract Tower,2,7,3,1,13,2,0,3,5,10,4,7,6,6,23,48,0,48,71
11/02/2003,MOT,ND,AGL,CE,Federal Contract Tower,2,6,2,0,10,2,4,16,0,22,4,10,18,0,32,72,0,72,104
11/03/2003,MOT,ND,AGL,CE,Federal Contract Tower,4,12,5,0,21,0,7,4,0,11,4,19,9,0,32,36,28,64,96
11/04/2003,MOT,ND,AGL,CE,Federal Contract Tower,4,21,8,2,35,0,3,10,0,13,4,24,18,2,48,10,12,22,70
11/05/2003,MOT,ND,AGL,CE,Federal Contract Tower,4,11,5,0,20,0,5,6,0,11,4,16,11,0,31,36,10,46,77
11/06/2003,MOT,ND,AGL,CE,Federal Contract Tower,4,12,2,0,18,0,10,0,0,10,4,22,2,0,28,14,42,56,84
11/07/2003,MOT,ND,AGL,CE,Federal Contract Tower,4,11,0,0,15,0,13,0,0,13,4,24,0,0,28,40,0,40,68
11/08/2003,MOT,ND,AGL,CE,Federal Contract Tower,4,8,2,0,14,0,5,12,0,17,4,13,14,0,31,20,0,20,51
11/09/2003,MOT,ND,AGL,CE,Federal Contract Tower,3,4,2,0,9,3,0,29,0,32,6,4,31,0,41,68,0,68,109
11/10/2003,MOT,ND,AGL,CE,Federal Contract Tower,4,14,6,0,24,0,5,12,0,17,4,19,18,0,41,48,8,56,97
11/11/2003,MOT,ND,AGL,CE,Federal Contract Tower,4,18,6,0,28,0,8,17,0,25,4,26,23,0,53,70,0,70,123
11/12/2003,MOT,ND,AGL,CE,Federal Contract Tower,5,14,6,1,26,1,10,15,7,33,6,24,21,8,59,22,74,96,155
11/13/2003,MOT,ND,AGL,CE,Federal Contract Tower,4,11,5,1,21,0,13,16,0,29,4,24,21,1,50,50,26,76,126
11/14/2003,MOT,ND,AGL,CE,Federal Contract Tower,4,13,4,1,22,0,11,19,2,32,4,24,23,3,54,66,12,78,132
11/15/2003,MOT,ND,AGL,CE,Federal Contract Tower,3,7,2,1,13,1,0,18,0,19,4,7,20,1,32,70,0,70,102
11/16/2003,MOT,ND,AGL,CE,Federal Contract Tower,3,8,2,1,14,1,4,6,2,13,4,12,8,3,27,42,8,50,77
11/17/2003,MOT,ND,AGL,CE,Federal Contract Tower,4,11,4,0,19,1,4,3,0,8,5,15,7,0,27,58,14,72,99
11/18/2003,MOT,ND,AGL,CE,Federal Contract Tower,4,19,7,0,30,0,2,11,0,13,4,21,18,0,43,64,66,130,173
11/19/2003,MOT,ND,AGL,CE,Federal Contract Tower,4,12,5,0,21,0,13,2,0,15,4,25,7,0,36,44,22,66,102
11/20/2003,MOT,ND,AGL,CE,Federal Contract Tower,4,17,6,0,27,0,5,8,0,13,4,22,14,0,40,42,34,76,116
11/21/2003,MOT,ND,AGL,CE,Federal Contract Tower,4,13,5,0,22,0,10,9,1,20,4,23,14,1,42,42,2,44,86
11/22/2003,MOT,ND,AGL,CE,Federal Contract Tower,4,13,5,0,22,0,4,2,2,8,4,17,7,2,30,16,0,16,46
11/23/2003,MOT,ND,AGL,CE,Federal Contract Tower,1,6,2,0,9,3,2,15,0,20,4,8,17,0,29,86,0,86,115
11/24/2003,MOT,ND,AGL,CE,Federal Contract Tower,4,11,4,0,19,0,8,4,2,14,4,19,8,2,33,20,14,34,67
11/25/2003,MOT,ND,AGL,CE,Federal Contract Tower,4,16,6,0,26,0,2,0,0,2,4,18,6,0,28,14,6,20,48
11/26/2003,MOT,ND,AGL,CE,Federal Contract Tower,4,16,6,0,26,0,16,26,0,42,4,32,32,0,68,66,6,72,140
11/27/2003,MOT,ND,AGL,CE,Federal Contract Tower,2,6,2,0,10,2,1,8,0,11,4,7,10,0,21,0,0,0,21
11/28/2003,MOT,ND,AGL,CE,Federal Contract Tower,4,12,5,0,21,0,3,21,0,24,4,15,26,0,45,66,0,66,111
11/29/2003,MOT,ND,AGL,CE,Federal Contract Tower,3,7,3,0,13,1,0,5,0,6,4,7,8,0,19,60,0,60,79
11/30/2003,MOT,ND,AGL,CE,Federal Contract Tower,1,5,2,0,8,3,2,1,0,6,4,7,3,0,14,0,0,0,14
12/01/2003,MOT,ND,AGL,CE,Federal Contract Tower,3,11,3,0,17,1,3,10,0,14,4,14,13,0,31,38,0,38,69
12/02/2003,MOT,ND,AGL,CE,Federal Contract Tower,4,19,7,1,31,0,7,12,1,20,4,26,19,2,51,156,22,178,229
12/03/2003,MOT,ND,AGL,CE,Federal Contract Tower,3,14,5,0,22,1,6,24,0,31,4,20,29,0,53,24,26,50,103
12/04/2003,MOT,ND,AGL,CE,Federal Contract Tower,4,16,4,0,24,0,8,0,0,8,4,24,4,0,32,0,8,8,40
12/05/2003,MOT,ND,AGL,CE,Federal Contract Tower,6,16,6,0,28,0,8,5,0,13,6,24,11,0,41,34,16,50,91
12/06/2003,MOT,ND,AGL,CE,Federal Contract Tower,2,6,3,0,11,2,4,8,0,14,4,10,11,0,25,44,0,44,69
12/07/2003,MOT,ND,AGL,CE,Federal Contract Tower,3,2,3,0,8,1,0,23,0,24,4,2,26,0,32,100,0,100,132
12/08/2003,MOT,ND,AGL,CE,Federal Contract Tower,6,17,7,0,30,0,3,9,0,12,6,20,16,0,42,22,52,74,116
12/09/2003,MOT,ND,AGL,CE,Federal Contract Tower,4,14,5,0,23,0,13,15,0,28,4,27,20,0,51,38,34,72,123
12/10/2003,MOT,ND,AGL,CE,Federal Contract Tower,5,25,10,2,42,0,4,31,0,35,5,29,41,2,77,42,54,96,173
12/11/2003,MOT,ND,AGL,CE,Federal Contract Tower,4,16,6,1,27,0,3,10,3,16,4,19,16,4,43,10,46,56,99
12/12/2003,MOT,ND,AGL,CE,Federal Contract Tower,4,17,7,1,29,0,4,11,0,15,4,21,18,1,44,14,6,20,64
12/13/2003,MOT,ND,AGL,CE,Federal Contract Tower,4,7,3,1,15,0,4,7,0,11,4,11,10,1,26,26,0,26,52
12/14/2003,MOT,ND,AGL,CE,Federal Contract Tower,2,4,1,0,7,4,4,28,0,36,6,8,29,0,43,48,0,48,91
12/15/2003,MOT,ND,AGL,CE,Federal Contract Tower,4,11,4,0,19,0,11,13,0,24,4,22,17,0,43,18,14,32,75
12/16/2003,MOT,ND,AGL,CE,Federal Contract Tower,4,19,5,0,28,0,5,24,0,29,4,24,29,0,57,46,18,64,121
12/17/2003,MOT,ND,AGL,CE,Federal Contract Tower,4,16,4,1,25,0,7,16,8,31,4,23,20,9,56,8,22,30,86
12/18/2003,MOT,ND,AGL,CE,Federal Contract Tower,5,17,5,0,27,0,8,13,0,21,5,25,18,0,48,32,8,40,88
12/19/2003,MOT,ND,AGL,CE,Federal Contract Tower,5,12,3,0,20,0,8,4,0,12,5,20,7,0,32,18,2,20,52
12/20/2003,MOT,ND,AGL,CE,Federal Contract Tower,5,13,4,0,22,3,8,35,2,48,8,21,39,2,70,48,0,48,118
12/21/2003,MOT,ND,AGL,CE,Federal Contract Tower,2,4,1,0,7,4,4,25,0,33,6,8,26,0,40,50,0,50,90
12/22/2003,MOT,ND,AGL,CE,Federal Contract Tower,5,12,4,0,21,1,9,12,0,22,6,21,16,0,43,14,32,46,89
12/23/2003,MOT,ND,AGL,CE,Federal Contract Tower,5,13,4,0,22,0,0,15,0,15,5,13,19,0,37,70,58,128,165
12/24/2003,MOT,ND,AGL,CE,Federal Contract Tower,5,12,3,0,20,0,7,13,0,20,5,19,16,0,40,40,0,40,80
12/25/2003,MOT,ND,AGL,CE,Federal Contract Tower,1,4,1,0,6,3,1,3,0,7,4,5,4,0,13,0,0,0,13
12/26/2003,MOT,ND,AGL,CE,Federal Contract Tower,6,14,4,0,24,0,13,16,0,29,6,27,20,0,53,110,0,110,163
12/27/2003,MOT,ND,AGL,CE,Federal Contract Tower,4,9,2,0,15,2,0,0,0,2,6,9,2,0,17,0,0,0,17
12/28/2003,MOT,ND,AGL,CE,Federal Contract Tower,2,4,1,0,7,4,0,2,0,6,6,4,3,0,13,0,0,0,13
12/29/2003,MOT,ND,AGL,CE,Federal Contract Tower,5,12,4,0,21,0,5,5,2,12,5,17,9,2,33,14,8,22,55
12/30/2003,MOT,ND,AGL,CE,Federal Contract Tower,5,15,5,0,25,0,0,2,0,2,5,15,7,0,27,0,2,2,29
12/31/2003,MOT,ND,AGL,CE,Federal Contract Tower,6,15,5,0,26,0,11,21,0,32,6,26,26,0,58,26,0,26,84
01/01/2004,MOT,ND,AGL,CE,Federal Contract Tower,1,6,1,0,8,4,2,20,0,26,5,8,21,0,34,50,0,50,84
01/02/2004,MOT,ND,AGL,CE,Federal Contract Tower,3,13,4,0,20,3,4,6,0,13,6,17,10,0,33,0,0,0,33
01/03/2004,MOT,ND,AGL,CE,Federal Contract Tower,3,10,4,1,18,3,3,5,1,12,6,13,9,2,30,20,4,24,54
01/04/2004,MOT,ND,AGL,CE,Federal Contract Tower,0,2,1,0,3,4,0,0,0,4,4,2,1,0,7,14,0,14,21
01/05/2004,MOT,ND,AGL,CE,Federal Contract Tower,4,12,2,1,19,2,0,0,3,5,6,12,2,4,24,0,0,0,24
01/06/2004,MOT,ND,AGL,CE,Federal Contract Tower,4,17,6,0,27,0,6,4,0,10,4,23,10,0,37,0,36,36,73
01/07/2004,MOT,ND,AGL,CE,Federal Contract Tower,4,14,5,1,24,0,4,13,3,20,4,18,18,4,44,22,64,86,130
01/08/2004,MOT,ND,AGL,CE,Federal Contract Tower,4,12,5,0,21,0,9,5,0,14,4,21,10,0,35,26,28,54,89
01/09/2004,MOT,ND,AGL,CE,Federal Contract Tower,4,14,4,0,22,0,2,0,0,2,4,16,4,0,24,0,0,0,24
01/10/2004,MOT,ND,AGL,CE,Federal Contract Tower,4,11,4,0,19,2,6,25,0,33,6,17,29,0,52,138,0,138,190
01/11/2004,MOT,ND,AGL,CE,Federal Contract Tower,2,6,1,0,9,2,0,0,0,2,4,6,1,0,11,60,0,60,71
01/12/2004,MOT,ND,AGL,CE,Federal Contract Tower,4,14,4,0,22,0,3,1,0,4,4,17,5,0,26,46,28,74,100
01/13/2004,MOT,ND,AGL,CE,Federal Contract Tower,4,17,5,0,26,0,3,13,0,16,4,20,18,0,42,16,14,30,72
01/14/2004,MOT,ND,AGL,CE,Federal Contract Tower,4,15,4,0,23,0,12,8,0,20,4,27,12,0,43,64,22,86,129
01/15/2004,MOT,ND,AGL,CE,Federal Contract Tower,4,16,5,4,29,0,9,11,0,20,4,25,16,4,49,46,16,62,111
01/16/2004,MOT,ND,AGL,CE,Federal Contract Tower,4,16,5,0,25,0,7,9,0,16,4,23,14,0,41,8,10,18,59
01/17/2004,MOT,ND,AGL,CE,Federal Contract Tower,4,7,2,0,13,0,0,8,0,8,4,7,10,0,21,22,0,22,43
01/18/2004,MOT,ND,AGL,CE,Federal Contract Tower,2,4,1,0,7,2,0,9,0,11,4,4,10,0,18,14,0,14,32
01/19/2004,MOT,ND,AGL,CE,Federal Contract Tower,6,18,5,0,29,0,3,10,4,17,6,21,15,4,46,26,0,26,72
01/20/2004,MOT,ND,AGL,CE,Federal Contract Tower,4,19,5,0,28,0,2,13,0,15,4,21,18,0,43,54,32,86,129
01/21/2004,MOT,ND,AGL,CE,Federal Contract Tower,4,18,5,0,27,0,1,13,0,14,4,19,18,0,41,30,18,48,89
01/22/2004,MOT,ND,AGL,CE,Federal Contract Tower,5,16,5,0,26,0,10,4,0,14,5,26,9,0,40,6,6,12,52
01/23/2004,MOT,ND,AGL,CE,Federal Contract Tower,4,18,4,2,28,0,6,0,0,6,4,24,4,2,34,0,6,6,40
01/24/2004,MOT,ND,AGL,CE,Federal Contract Tower,2,7,0,0,9,3,0,0,0,3,5,7,0,0,12,0,0,0,12
01/25/2004,MOT,ND,AGL,CE,Federal Contract Tower,2,6,2,0,10,4,0,4,0,8,6,6,6,0,18,0,0,0,18
01/26/2004,MOT,ND,AGL,CE,Federal Contract Tower,4,13,3,0,20,0,9,16,0,25,4,22,19,0,45,14,10,24,69
01/27/2004,MOT,ND,AGL,CE,Federal Contract Tower,4,19,5,0,28,0,1,4,0,5,4,20,9,0,33,0,0,0,33
01/28/2004,MOT,ND,AGL,CE,Federal Contract Tower,4,14,4,0,22,0,5,5,0,10,4,19,9,0,32,6,8,14,46
01/29/2004,MOT,ND,AGL,CE,Federal Contract Tower,4,12,2,0,18,0,8,0,0,8,4,20,2,0,26,0,0,0,26
01/30/2004,MOT,ND,AGL,CE,Federal Contract Tower,4,15,4,0,23,0,8,10,2,20,4,23,14,2,43,32,10,42,85
01/31/2004,MOT,ND,AGL,CE,Federal Contract Tower,4,12,3,0,19,0,4,9,2,15,4,16,12,2,34,16,0,16,50
02/01/2004,MOT,ND,AGL,CE,Federal Contract Tower,0,6,3,0,9,6,0,7,0,13,6,6,10,0,22,22,0,22,44
02/02/2004,MOT,ND,AGL,CE,Federal Contract Tower,4,8,5,1,18,1,4,9,1,15,5,12,14,2,33,12,6,18,51
02/03/2004,MOT,ND,AGL,CE,Federal Contract Tower,5,14,7,0,26,0,9,17,0,26,5,23,24,0,52,24,30,54,106
02/04/2004,MOT,ND,AGL,CE,Federal Contract Tower,4,13,4,0,21,0,2,0,0,2,4,15,4,0,23,2,2,4,27
02/05/2004,MOT,ND,AGL,CE,Federal Contract Tower,4,14,5,2,25,0,7,0,2,9,4,21,5,4,34,0,14,14,48
02/06/2004,MOT,ND,AGL,CE,Federal Contract Tower,7,18,9,0,34,1,8,21,0,30,8,26,30,0,64,32,22,54,118
02/07/2004,MOT,ND,AGL,CE,Federal Contract Tower,4,7,4,1,16,1,6,16,1,24,5,13,20,2,40,26,0,26,66
02/08/2004,MOT,ND,AGL,CE,Federal Contract Tower,0,4,0,0,4,4,4,6,0,14,4,8,6,0,18,34,0,34,52
02/09/2004,MOT,ND,AGL,CE,Federal Contract Tower,4,17,8,2,31,0,1,9,0,10,4,18,17,2,41,26,32,58,99
02/10/2004,MOT,ND,AGL,CE,Federal Contract Tower,4,18,5,2,29,0,6,0,0,6,4,24,5,2,35,8,0,8,43
02/11/2004,MOT,ND,AGL,CE,Federal Contract Tower,4,20,9,0,33,0,3,3,0,6,4,23,12,0,39,0,8,8,47
02/12/2004,MOT,ND,AGL,CE,Federal Contract Tower,4,21,11,1,37,0,6,24,9,39,4,27,35,10,76,54,92,146,222
02/13/2004,MOT,ND,AGL,CE,Federal Contract Tower,6,21,10,0,37,0,6,21,0,27,6,27,31,0,64,72,10,82,146
02/14/2004,MOT,ND,AGL,CE,Federal Contract Tower,4,14,7,0,25,0,3,8,0,11,4,17,15,0,36,94,0,94,130
02/15/2004,MOT,ND,AGL,CE,Federal Contract Tower,1,4,1,0,6,3,0,12,0,15,4,4,13,0,21,42,0,42,63
02/16/2004,MOT,ND,AGL,CE,Federal Contract Tower,4,14,7,0,25,0,6,9,0,15,4,20,16,0,40,48,0,48,88
02/17/2004,MOT,ND,AGL,CE,Federal Contract Tower,4,16,6,0,26,0,6,8,0,14,4,22,14,0,40,10,20,30,70
02/18/2004,MOT,ND,AGL,CE,Federal Contract Tower,4,15,7,1,27,0,8,22,3,33,4,23,29,4,60,144,30,174,234
02/19/2004,MOT,ND,AGL,CE,Federal Contract Tower,5,17,8,0,30,1,10,8,0,19,6,27,16,0,49,66,10,76,125
02/20/2004,MOT,ND,AGL,CE,Federal Contract Tower,4,22,10,0,36,0,4,35,0,39,4,26,45,0,75,98,18,116,191
02/21/2004,MOT,ND,AGL,CE,Federal Contract Tower,3,12,6,0,21,1,2,31,0,34,4,14,37,0,55,60,0,60,115
02/22/2004,MOT,ND,AGL,CE,Federal Contract Tower,3,6,4,0,13,1,0,12,0,13,4,6,16,0,26,66,0,66,92
02/23/2004,MOT,ND,AGL,CE,Federal Contract Tower,4,14,6,0,24,2,8,2,0,12,6,22,8,0,36,24,8,32,68
02/24/2004,MOT,ND,AGL,CE,Federal Contract Tower,4,16,7,1,28,0,4,3,3,10,4,20,10,4,38,30,14,44,82
02/25/2004,MOT,ND,AGL,CE,Federal Contract Tower,4,14,7,1,26,0,6,13,1,20,4,20,20,2,46,112,34,146,192
02/26/2004,MOT,ND,AGL,CE,Federal Contract Tower,4,16,7,1,28,0,10,25,0,35,4,26,32,1,63,40,24,64,127
02/27/2004,MOT,ND,AGL,CE,Federal Contract Tower,4,15,7,1,27,0,2,4,1,7,4,17,11,2,34,18,14,32,66
02/28/2004,MOT,ND,AGL,CE,Federal Contract Tower,3,7,4,0,14,1,0,1,0,2,4,7,5,0,16,24,0,24,40
02/29/2004,MOT,ND,AGL,CE,Federal Contract Tower,1,4,0,0,5,3,0,0,0,3,4,4,0,0,8,0,0,0,8
03/01/2004,MOT,ND,AGL,CE,Federal Contract Tower,4,13,3,0,20,0,4,2,0,6,4,17,5,0,26,0,4,4,30
03/02/2004,MOT,ND,AGL,CE,Federal Contract Tower,3,15,6,0,24,1,11,14,0,26,4,26,20,0,50,52,10,62,112
03/03/2004,MOT,ND,AGL,CE,Federal Contract Tower,4,21,7,0,32,0,2,22,0,24,4,23,29,0,56,26,10,36,92
03/04/2004,MOT,ND,AGL,CE,Federal Contract Tower,3,18,6,0,27,1,2,9,0,12,4,20,15,0,39,38,14,52,91
03/05/2004,MOT,ND,AGL,CE,Federal Contract Tower,4,27,9,0,40,0,0,4,0,4,4,27,13,0,44,68,6,74,118
03/06/2004,MOT,ND,AGL,CE,Federal Contract Tower,2,6,2,0,10,2,3,5,0,10,4,9,7,0,20,18,0,18,38
03/07/2004,MOT,ND,AGL,CE,Federal Contract Tower,0,3,0,1,4,4,5,24,3,36,4,8,24,4,40,34,0,34,74
03/08/2004,MOT,ND,AGL,CE,Federal Contract Tower,4,12,4,0,20,1,13,23,0,37,5,25,27,0,57,102,18,120,177
03/09/2004,MOT,ND,AGL,CE,Federal Contract Tower,4,13,4,0,21,2,6,12,0,20,6,19,16,0,41,46,24,70,111
03/10/2004,MOT,ND,AGL,CE,Federal Contract Tower,4,19,6,0,29,0,8,6,0,14,4,27,12,0,43,0,12,12,55
03/11/2004,MOT,ND,AGL,CE,Federal Contract Tower,4,13,5,0,22,0,12,14,0,26,4,25,19,0,48,76,10,86,134
03/12/2004,MOT,ND,AGL,CE,Federal Contract Tower,4,13,3,0,20,0,8,10,0,18,4,21,13,0,38,44,0,44,82
03/13/2004,MOT,ND,AGL,CE,Federal Contract Tower,4,11,3,0,18,0,3,5,0,8,4,14,8,0,26,0,0,0,26
03/14/2004,MOT,ND,AGL,CE,Federal Contract Tower,2,5,1,0,8,4,3,31,0,38,6,8,32,0,46,38,0,38,84
03/15/2004,MOT,ND,AGL,CE,Federal Contract Tower,4,10,3,0,17,0,11,12,0,23,4,21,15,0,40,102,22,124,164
03/16/2004,MOT,ND,AGL,CE,Federal Contract Tower,4,14,4,0,22,0,8,6,0,14,4,22,10,0,36,18,16,34,70
03/17/2004,MOT,ND,AGL,CE,Federal Contract Tower,4,11,4,0,19,0,3,4,0,7,4,14,8,0,26,40,0,40,66
03/18/2004,MOT,ND,AGL,CE,Federal Contract Tower,4,15,4,0,23,0,5,14,0,19,4,20,18,0,42,56,14,70,112
03/19/2004,MOT,ND,AGL,CE,Federal Contract Tower,4,18,5,1,28,0,9,19,8,36,4,27,24,9,64,28,16,44,108
03/20/2004,MOT,ND,AGL,CE,Federal Contract Tower,4,10,2,0,16,0,5,17,7,29,4,15,19,7,45,38,4,42,87
03/21/2004,MOT,ND,AGL,CE,Federal Contract Tower,2,6,2,0,10,3,1,32,2,38,5,7,34,2,48,46,0,46,94
03/22/2004,MOT,ND,AGL,CE,Federal Contract Tower,3,9,3,0,15,1,3,24,0,28,4,12,27,0,43,148,22,170,213
03/23/2004,MOT,ND,AGL,CE,Federal Contract Tower,6,20,7,0,33,0,0,23,0,23,6,20,30,0,56,42,46,88,144
03/24/2004,MOT,ND,AGL,CE,Federal Contract Tower,4,12,4,0,20,0,4,12,3,19,4,16,16,3,39,92,12,104,143
03/25/2004,MOT,ND,AGL,CE,Federal Contract Tower,4,14,3,0,21,0,12,16,2,30,4,26,19,2,51,68,12,80,131
03/26/2004,MOT,ND,AGL,CE,Federal Contract Tower,5,15,2,0,22,1,1,0,0,2,6,16,2,0,24,4,0,4,28
03/27/2004,MOT,ND,AGL,CE,Federal Contract Tower,3,9,2,0,14,1,0,5,0,6,4,9,7,0,20,80,0,80,100
03/28/2004,MOT,ND,AGL,CE,Federal Contract Tower,3,4,1,0,8,1,0,11,2,14,4,4,12,2,22,0,0,0,22
03/29/2004,MOT,ND,AGL,CE,Federal Contract Tower,4,12,3,0,19,0,3,16,0,19,4,15,19,0,38,42,20,62,100
03/30/2004,MOT,ND,AGL,CE,Federal Contract Tower,4,16,4,0,24,0,7,14,0,21,4,23,18,0,45,70,18,88,133
03/31/2004,MOT,ND,AGL,CE,Federal Contract Tower,4,21,6,1,32,0,7,27,1,35,4,28,33,2,67,60,24,84,151
04/01/2004,MOT,ND,AGL,CE,Federal Contract Tower,4,14,7,0,25,0,12,24,0,36,4,26,31,0,61,78,10,88,149
04/02/2004,MOT,ND,AGL,CE,Federal Contract Tower,4,16,6,0,26,0,7,23,0,30,4,23,29,0,56,20,8,28,84
04/03/2004,MOT,ND,AGL,CE,Federal Contract Tower,3,6,2,0,11,1,10,38,0,49,4,16,40,0,60,86,0,86,146
04/04/2004,MOT,ND,AGL,CE,Federal Contract Tower,2,2,1,0,5,2,0,25,0,27,4,2,26,0,32,50,0,50,82
04/05/2004,MOT,ND,AGL,CE,Federal Contract Tower,4,8,3,1,16,0,5,11,5,21,4,13,14,6,37,32,8,40,77
04/06/2004,MOT,ND,AGL,CE,Federal Contract Tower,4,11,4,1,20,0,12,30,3,45,4,23,34,4,65,56,20,76,141
04/07/2004,MOT,ND,AGL,CE,Federal Contract Tower,4,13,6,1,24,0,8,23,1,32,4,21,29,2,56,48,26,74,130
04/08/2004,MOT,ND,AGL,CE,Federal Contract Tower,3,10,5,1,19,1,9,24,7,41,4,19,29,8,60,50,18,68,128
04/09/2004,MOT,ND,AGL,CE,Federal Contract Tower,4,12,5,0,21,0,3,0,0,3,4,15,5,0,24,22,0,22,46
04/10/2004,MOT,ND,AGL,CE,Federal Contract Tower,2,7,3,0,12,2,6,11,0,19,4,13,14,0,31,66,0,66,97
04/11/2004,MOT,ND,AGL,CE,Federal Contract Tower,0,2,2,0,4,4,0,11,0,15,4,2,13,0,19,22,0,22,41
04/12/2004,MOT,ND,AGL,CE,Federal Contract Tower,3,10,4,0,17,1,7,23,0,31,4,17,27,0,48,32,26,58,106
04/13/2004,MOT,ND,AGL,CE,Federal Contract Tower,4,18,6,2,30,0,1,19,0,20,4,19,25,2,50,42,28,70,120
04/14/2004,MOT,ND,AGL,CE,Federal Contract Tower,4,15,6,0,25,0,6,7,0,13,4,21,13,0,38,10,4,14,52
04/15/2004,MOT,ND,AGL,CE,Federal Contract Tower,4,14,5,0,23,0,11,13,0,24,4,25,18,0,47,28,26,54,101
04/16/2004,MOT,ND,AGL,CE,Federal Contract Tower,4,14,5,0,23,0,11,6,0,17,4,25,11,0,40,42,12,54,94
04/17/2004,MOT,ND,AGL,CE,Federal Contract Tower,3,10,4,0,17,1,4,28,0,33,4,14,32,0,50,92,0,92,142
04/18/2004,MOT,ND,AGL,CE,Federal Contract Tower,2,8,3,0,13,3,7,19,0,29,5,15,22,0,42,12,0,12,54
04/19/2004,MOT,ND,AGL,CE,Federal Contract Tower,4,14,6,0,24,0,8,31,0,39,4,22,37,0,63,38,10,48,111
04/20/2004,MOT,ND,AGL,CE,Federal Contract Tower,4,16,7,0,27,0,4,25,0,29,4,20,32,0,56,48,18,66,122
04/21/2004,MOT,ND,AGL,CE,Federal Contract Tower,2,16,7,0,25,0,10,26,2,38,2,26,33,2,63,28,12,40,103
04/22/2004,MOT,ND,AGL,CE,Federal Contract Tower,4,18,8,0,30,0,8,9,0,17,4,26,17,0,47,14,0,14,61
04/23/2004,MOT,ND,AGL,CE,Federal Contract Tower,3,11,5,0,19,1,9,13,2,25,4,20,18,2,44,28,12,40,84
04/24/2004,MOT,ND,AGL,CE,Federal Contract Tower,4,13,6,0,23,0,4,40,0,44,4,17,46,0,67,102,0,102,169
04/25/2004,MOT,ND,AGL,CE,Federal Contract Tower,1,5,2,0,8,3,3,21,0,27,4,8,23,0,35,18,0,18,53
04/26/2004,MOT,ND,AGL,CE,Federal Contract Tower,4,14,6,0,24,1,6,26,2,35,5,20,32,2,59,98,24,122,181
04/27/2004,MOT,ND,AGL,CE,Federal Contract Tower,4,14,8,1,27,0,0,18,7,25,4,14,26,8,52,76,18,94,146
04/28/2004,MOT,ND,AGL,CE,Federal Contract Tower,4,18,8,1,31,0,0,8,19,27,4,18,16,20,58,34,28,62,120
04/29/2004,MOT,ND,AGL,CE,Federal Contract Tower,4,20,9,0,33,0,3,3,0,6,4,23,12,0,39,52,24,76,115
04/30/2004,MOT,ND,AGL,CE,Federal Contract Tower,4,17,7,0,28,0,6,24,0,30,4,23,31,0,58,38,8,46,104
05/01/2004,MOT,ND,AGL,CE,Federal Contract Tower,1,7,5,0,13,3,4,25,0,32,4,11,30,0,45,38,0,38,83
05/02/2004,MOT,ND,AGL,CE,Federal Contract Tower,2,4,3,1,10,2,2,47,0,51,4,6,50,1,61,88,6,94,155
05/03/2004,MOT,ND,AGL,CE,Federal Contract Tower,4,11,8,0,23,0,11,17,0,28,4,22,25,0,51,6,14,20,71
05/04/2004,MOT,ND,AGL,CE,Federal Contract Tower,4,13,8,2,27,0,8,13,0,21,4,21,21,2,48,28,12,40,88
05/05/2004,MOT,ND,AGL,CE,Federal Contract Tower,4,9,4,1,18,0,10,0,2,12,4,19,4,3,30,0,0,0,30
05/06/2004,MOT,ND,AGL,CE,Federal Contract Tower,6,11,8,0,25,0,15,17,0,32,6,26,25,0,57,60,14,74,131
05/07/2004,MOT,ND,AGL,CE,Federal Contract Tower,4,8,6,1,19,0,18,18,0,36,4,26,24,1,55,14,14,28,83
05/08/2004,MOT,ND,AGL,CE,Federal Contract Tower,3,5,5,0,13,1,2,8,0,11,4,7,13,0,24,32,0,32,56
05/09/2004,MOT,ND,AGL,CE,Federal Contract Tower,2,4,2,0,8,4,6,43,0,53,6,10,45,0,61,34,4,38,99
05/10/2004,MOT,ND,AGL,CE,Federal Contract Tower,4,10,4,0,18,0,7,27,0,34,4,17,31,0,52,64,36,100,152
05/11/2004,MOT,ND,AGL,CE,Federal Contract Tower,4,11,3,0,18,0,3,0,0,3,4,14,3,0,21,0,0,0,21
05/12/2004,MOT,ND,AGL,CE,Federal Contract Tower,2,9,3,0,14,0,1,2,0,3,2,10,5,0,17,0,0,0,17
05/13/2004,MOT,ND,AGL,CE,Federal Contract Tower,4,10,4,1,19,0,11,30,3,44,4,21,34,4,63,76,26,102,165
05/14/2004,MOT,ND,AGL,CE,Federal Contract Tower,4,12,6,0,22,0,4,38,0,42,4,16,44,0,64,24,6,30,94
05/15/2004,MOT,ND,AGL,CE,Federal Contract Tower,3,10,6,0,19,1,5,28,6,40,4,15,34,6,59,116,6,122,181
05/16/2004,MOT,ND,AGL,CE,Federal Contract Tower,1,4,3,0,8,3,0,29,0,32,4,4,32,0,40,32,0,32,72
05/17/2004,MOT,ND,AGL,CE,Federal Contract Tower,4,10,7,0,21,0,0,20,4,24,4,10,27,4,45,92,6,98,143
05/18/2004,MOT,ND,AGL,CE,Federal Contract Tower,4,15,8,0,27,0,13,33,0,46,4,28,41,0,73,74,12,86,159
05/19/2004,MOT,ND,AGL,CE,Federal Contract Tower,4,15,7,2,28,0,4,12,2,18,4,19,19,4,46,36,10,46,92
05/20/2004,MOT,ND,AGL,CE,Federal Contract Tower,3,11,7,0,21,1,9,25,0,35,4,20,32,0,56,80,22,102,158
05/21/2004,MOT,ND,AGL,CE,Federal Contract Tower,4,21,14,0,39,0,0,11,0,11,4,21,25,0,50,16,4,20,70
05/22/2004,MOT,ND,AGL,CE,Federal Contract Tower,4,11,8,0,23,0,0,5,0,5,4,11,13,0,28,12,0,12,40
05/23/2004,MOT,ND,AGL,CE,Federal Contract Tower,1,4,2,0,7,3,1,17,0,21,4,5,19,0,28,34,0,34,62
05/24/2004,MOT,ND,AGL,CE,Federal Contract Tower,5,12,8,0,25,0,0,1,0,1,5,12,9,0,26,10,18,28,54
05/25/2004,MOT,ND,AGL,CE,Federal Contract Tower,4,22,13,1,40,0,0,17,1,18,4,22,30,2,58,34,54,88,146
05/26/2004,MOT,ND,AGL,CE,Federal Contract Tower,4,17,10,1,32,0,2,6,1,9,4,19,16,2,41,22,2,24,65
05/27/2004,MOT,ND,AGL,CE,Federal Contract Tower,4,14,8,1,27,0,6,23,1,30,4,20,31,2,57,22,12,34,91
05/28/2004,MOT,ND,AGL,CE,Federal Contract Tower,3,9,6,0,18,1,6,4,0,11,4,15,10,0,29,34,0,34,63
05/29/2004,MOT,ND,AGL,CE,Federal Contract Tower,4,10,9,0,23,0,0,2,0,2,4,10,11,0,25,10,0,10,35
05/30/2004,MOT,ND,AGL,CE,Federal Contract Tower,0,3,2,0,5,5,3,20,10,38,5,6,22,10,43,14,6,20,63
05/31/2004,MOT,ND,AGL,CE,Federal Contract Tower,2,4,4,0,10,2,0,6,2,10,4,4,10,2,20,0,0,0,20
06/01/2004,MOT,ND,AGL,CE,Federal Contract Tower,4,17,13,1,35,0,5,10,0,15,4,22,23,1,50,36,16,52,102
06/02/2004,MOT,ND,AGL,CE,Federal Contract Tower,4,16,10,1,31,0,6,34,2,42,4,22,44,3,73,84,14,98,171
06/03/2004,MOT,ND,AGL,CE,Federal Contract Tower,4,9,7,0,20,0,12,14,0,26,4,21,21,0,46,60,8,68,114
06/04/2004,MOT,ND,AGL,CE,Federal Contract Tower,4,11,6,0,21,0,3,0,0,3,4,14,6,0,24,14,2,16,40
06/05/2004,MOT,ND,AGL,CE,Federal Contract Tower,4,9,6,0,19,2,2,53,0,57,6,11,59,0,76,46,0,46,122
06/06/2004,MOT,ND,AGL,CE,Federal Contract Tower,2,5,4,0,11,4,1,48,0,53,6,6,52,0,64,26,0,26,90
06/07/2004,MOT,ND,AGL,CE,Federal Contract Tower,4,11,9,0,24,0,7,18,0,25,4,18,27,0,49,32,18,50,99
06/08/2004,MOT,ND,AGL,CE,Federal Contract Tower,4,18,12,1,35,0,4,18,1,23,4,22,30,2,58,46,34,80,138
06/09/2004,MOT,ND,AGL,CE,Federal Contract Tower,4,16,12,1,33,0,3,22,9,34,4,19,34,10,67,60,24,84,151
06/10/2004,MOT,ND,AGL,CE,Federal Contract Tower,4,16,10,0,30,0,4,0,0,4,4,20,10,0,34,2,0,2,36
06/11/2004,MOT,ND,AGL,CE,Federal Contract Tower,4,14,11,0,29,0,5,13,2,20,4,19,24,2,49,12,6,18,67
06/12/2004,MOT,ND,AGL,CE,Federal Contract Tower,3,8,7,0,18,1,9,10,2,22,4,17,17,2,40,20,10,30,70
06/13/2004,MOT,ND,AGL,CE,Federal Contract Tower,3,7,5,0,15,1,1,44,0,46,4,8,49,0,61,86,2,88,149
06/14/2004,MOT,ND,AGL,CE,Federal Contract Tower,4,12,10,1,27,0,4,36,8,48,4,16,46,9,75,42,22,64,139
06/15/2004,MOT,ND,AGL,CE,Federal Contract Tower,4,16,11,2,33,0,9,16,4,29,4,25,27,6,62,16,8,24,86
06/16/2004,MOT,ND,AGL,CE,Federal Contract Tower,4,12,9,1,26,0,7,37,5,49,4,19,46,6,75,68,40,108,183
06/17/2004,MOT,ND,AGL,CE,Federal Contract Tower,3,11,9,0,23,1,13,20,0,34,4,24,29,0,57,52,16,68,125
06/18/2004,MOT,ND,AGL,CE,Federal Contract Tower,4,14,9,0,27,0,6,57,0,63,4,20,66,0,90,52,56,108,198
06/19/2004,MOT,ND,AGL,CE,Federal Contract Tower,4,11,7,0,22,0,4,83,0,87,4,15,90,0,109,100,0,100,209
06/20/2004,MOT,ND,AGL,CE,Federal Contract Tower,3,7,7,0,17,1,0,32,0,33,4,7,39,0,50,22,0,22,72
06/21/2004,MOT,ND,AGL,CE,Federal Contract Tower,4,12,8,0,24,0,2,14,0,16,4,14,22,0,40,90,10,100,140
06/22/2004,MOT,ND,AGL,CE,Federal Contract Tower,4,14,12,0,30,0,0,16,0,16,4,14,28,0,46,100,6,106,152
06/23/2004,MOT,ND,AGL,CE,Federal Contract Tower,4,13,9,1,27,0,3,21,1,25,4,16,30,2,52,50,6,56,108
06/24/2004,MOT,ND,AGL,CE,Federal Contract Tower,4,13,9,1,27,0,12,3,1,16,4,25,12,2,43,40,14,54,97
06/25/2004,MOT,ND,AGL,CE,Federal Contract Tower,4,15,10,1,30,0,3,38,3,44,4,18,48,4,74,54,20,74,148
06/26/2004,MOT,ND,AGL,CE,Federal Contract Tower,2,9,6,0,17,2,1,45,0,48,4,10,51,0,65,140,0,140,205
06/27/2004,MOT,ND,AGL,CE,Federal Contract Tower,1,2,3,0,6,3,0,45,0,48,4,2,48,0,54,24,0,24,78
06/28/2004,MOT,ND,AGL,CE,Federal Contract Tower,3,10,6,0,19,1,0,26,0,27,4,10,32,0,46,44,0,44,90
06/29/2004,MOT,ND,AGL,CE,Federal Contract Tower,4,15,10,1,30,0,6,46,0,52,4,21,56,1,82,102,30,132,214
06/30/2004,MOT,ND,AGL,CE,Federal Contract Tower,5,17,11,0,33,1,9,32,0,42,6,26,43,0,75,64,16,80,155
07/01/2004,MOT,ND,AGL,CE,Federal Contract Tower,4,12,9,0,25,0,16,33,2,51,4,28,42,2,76,80,8,88,164
07/02/2004,MOT,ND,AGL,CE,Federal Contract Tower,4,9,7,0,20,0,12,37,2,51,4,21,44,2,71,122,0,122,193
07/03/2004,MOT,ND,AGL,CE,Federal Contract Tower,4,5,5,0,14,0,6,27,0,33,4,11,32,0,47,60,0,60,107
07/04/2004,MOT,ND,AGL,CE,Federal Contract Tower,1,2,2,0,5,3,4,15,0,22,4,6,17,0,27,0,0,0,27
07/05/2004,MOT,ND,AGL,CE,Federal Contract Tower,4,6,4,0,14,2,4,35,0,41,6,10,39,0,55,118,0,118,173
07/06/2004,MOT,ND,AGL,CE,Federal Contract Tower,4,8,6,0,18,0,9,42,4,55,4,17,48,4,73,62,6,68,141
07/07/2004,MOT,ND,AGL,CE,Federal Contract Tower,4,10,8,0,22,0,12,57,0,69,4,22,65,0,91,80,24,104,195
07/08/2004,MOT,ND,AGL,CE,Federal Contract Tower,4,15,10,0,29,0,5,24,0,29,4,20,34,0,58,70,40,110,168
07/09/2004,MOT,ND,AGL,CE,Federal Contract Tower,4,12,10,0,26,0,8,39,0,47,4,20,49,0,73,64,0,64,137
07/10/2004,MOT,ND,AGL,CE,Federal Contract Tower,2,6,6,0,14,2,7,19,0,28,4,13,25,0,42,134,0,134,176
07/11/2004,MOT,ND,AGL,CE,Federal Contract Tower,3,4,7,0,14,2,0,59,0,61,5,4,66,0,75,34,0,34,109
07/12/2004,MOT,ND,AGL,CE,Federal Contract Tower,4,10,9,1,24,0,10,38,1,49,4,20,47,2,73,30,24,54,127
07/13/2004,MOT,ND,AGL,CE,Federal Contract Tower,5,11,9,0,25,0,12,49,0,61,5,23,58,0,86,46,14,60,146
07/14/2004,MOT,ND,AGL,CE,Federal Contract Tower,4,16,10,1,31,0,10,59,1,70,4,26,69,2,101,86,6,92,193
07/15/2004,MOT,ND,AGL,CE,Federal Contract Tower,4,15,10,0,29,0,10,32,0,42,4,25,42,0,71,44,0,44,115
07/16/2004,MOT,ND,AGL,CE,Federal Contract Tower,4,11,7,0,22,0,8,22,0,30,4,19,29,0,52,102,0,102,154
07/17/2004,MOT,ND,AGL,CE,Federal Contract Tower,2,6,4,1,13,2,5,48,1,56,4,11,52,2,69,100,0,100,169
07/18/2004,MOT,ND,AGL,CE,Federal Contract Tower,3,9,5,1,18,1,2,57,1,61,4,11,62,2,79,44,0,44,123
07/19/2004,MOT,ND,AGL,CE,Federal Contract Tower,4,11,6,1,22,1,1,47,3,52,5,12,53,4,74,78,52,130,204
07/20/2004,MOT,ND,AGL,CE,Federal Contract Tower,4,14,10,0,28,0,19,34,0,53,4,33,44,0,81,64,10,74,155
07/21/2004,MOT,ND,AGL,CE,Federal Contract Tower,4,12,8,0,24,0,7,16,0,23,4,19,24,0,47,8,18,26,73
07/22/2004,MOT,ND,AGL,CE,Federal Contract Tower,4,14,10,0,28,0,17,26,0,43,4,31,36,0,71,36,12,48,119
07/23/2004,MOT,ND,AGL,CE,Federal Contract Tower,4,13,9,0,26,0,13,47,0,60,4,26,56,0,86,22,22,44,130
07/24/2004,MOT,ND,AGL,CE,Federal Contract Tower,2,6,5,0,13,4,6,70,0,80,6,12,75,0,93,180,4,184,277
07/25/2004,MOT,ND,AGL,CE,Federal Contract Tower,2,6,4,0,12,2,13,61,0,76,4,19,65,0,88,96,0,96,184
07/26/2004,MOT,ND,AGL,CE,Federal Contract Tower,3,10,7,0,20,1,11,36,0,48,4,21,43,0,68,84,12,96,164
07/27/2004,MOT,ND,AGL,CE,Federal Contract Tower,4,14,11,0,29,0,12,51,0,63,4,26,62,0,92,80,14,94,186
07/28/2004,MOT,ND,AGL,CE,Federal Contract Tower,4,12,9,0,25,0,0,15,0,15,4,12,24,0,40,26,12,38,78
07/29/2004,MOT,ND,AGL,CE,Federal Contract Tower,4,16,12,0,32,0,9,46,0,55,4,25,58,0,87,96,16,112,199
07/30/2004,MOT,ND,AGL,CE,Federal Contract Tower,3,10,7,0,20,3,9,45,2,59,6,19,52,2,79,168,86,254,333
07/31/2004,MOT,ND,AGL,CE,Federal Contract Tower,4,12,9,0,25,0,8,62,0,70,4,20,71,0,95,146,0,146,241
08/01/2004,MOT,ND,AGL,CE,Federal Contract Tower,1,6,4,1,12,3,0,54,0,57,4,6,58,1,69,36,0,36,105
08/02/2004,MOT,ND,AGL,CE,Federal Contract Tower,4,11,9,1,25,0,6,29,0,35,4,17,38,1,60,56,38,94,154
08/03/2004,MOT,ND,AGL,CE,Federal Contract Tower,4,15,13,2,34,0,1,54,0,55,4,16,67,2,89,48,64,112,201
08/04/2004,MOT,ND,AGL,CE,Federal Contract Tower,4,9,7,0,20,0,10,48,0,58,4,19,55,0,78,42,56,98,176
08/05/2004,MOT,ND,AGL,CE,Federal Contract Tower,4,8,8,2,22,0,10,37,0,47,4,18,45,2,69,36,8,44,113
08/06/2004,MOT,ND,AGL,CE,Federal Contract Tower,4,9,8,0,21,0,11,37,0,48,4,20,45,0,69,113,10,123,192
08/07/2004,MOT,ND,AGL,CE,Federal Contract Tower,5,9,7,0,21,0,4,24,0,28,5,13,31,0,49,30,0,30,79
08/08/2004,MOT,ND,AGL,CE,Federal Contract Tower,3,3,4,0,10,1,0,7,0,8,4,3,11,0,18,0,0,0,18
08/09/2004,MOT,ND,AGL,CE,Federal Contract Tower,4,8,4,1,17,0,0,12,1,13,4,8,16,2,30,18,2,20,50
08/10/2004,MOT,ND,AGL,CE,Federal Contract Tower,4,16,10,2,32,0,2,22,2,26,4,18,32,4,58,20,12,32,90
08/11/2004,MOT,ND,AGL,CE,Federal Contract Tower,4,13,8,0,25,0,12,36,0,48,4,25,44,0,73,42,14,56,129
08/12/2004,MOT,ND,AGL,CE,Federal Contract Tower,4,14,9,0,27,0,13,53,0,66,4,27,62,0,93,112,20,132,225
08/13/2004,MOT,ND,AGL,CE,Federal Contract Tower,4,9,6,0,19,1,8,79,7,95,5,17,85,7,114,176,12,188,302
08/14/2004,MOT,ND,AGL,CE,Federal Contract Tower,4,9,5,0,18,0,10,47,0,57,4,19,52,0,75,66,0,66,141
08/15/2004,MOT,ND,AGL,CE,Federal Contract Tower,3,6,6,0,15,1,0,47,2,50,4,6,53,2,65,60,0,60,125
08/16/2004,MOT,ND,AGL,CE,Federal Contract Tower,4,11,7,0,22,0,7,26,0,33,4,18,33,0,55,70,18,88,143
08/17/2004,MOT,ND,AGL,CE,Federal Contract Tower,4,14,10,2,30,0,10,30,0,40,4,24,40,2,70,110,16,126,196
08/18/2004,MOT,ND,AGL,CE,Federal Contract Tower,3,10,7,0,20,1,4,14,0,19,4,14,21,0,39,18,22,40,79
08/19/2004,MOT,ND,AGL,CE,Federal Contract Tower,3,10,7,0,20,1,8,27,0,36,4,18,34,0,56,26,8,34,90
08/20/2004,MOT,ND,AGL,CE,Federal Contract Tower,4,11,8,0,23,0,4,28,0,32,4,15,36,0,55,28,0,28,83
08/21/2004,MOT,ND,AGL,CE,Federal Contract Tower,2,8,6,0,16,2,1,23,10,36,4,9,29,10,52,8,0,8,60
08/22/2004,MOT,ND,AGL,CE,Federal Contract Tower,2,6,5,0,13,2,0,51,0,53,4,6,56,0,66,50,0,50,116
08/23/2004,MOT,ND,AGL,CE,Federal Contract Tower,4,14,10,0,28,0,4,26,0,30,4,18,36,0,58,14,16,30,88
08/24/2004,MOT,ND,AGL,CE,Federal Contract Tower,4,16,12,1,33,0,1,37,1,39,4,17,49,2,72,34,12,46,118
08/25/2004,MOT,ND,AGL,CE,Federal Contract Tower,3,10,8,1,22,1,6,31,1,39,4,16,39,2,61,120,6,126,187
08/26/2004,MOT,ND,AGL,CE,Federal Contract Tower,4,15,11,0,30,0,3,7,0,10,4,18,18,0,40,42,4,46,86
08/27/2004,MOT,ND,AGL,CE,Federal Contract Tower,4,13,10,0,27,0,11,22,0,33,4,24,32,0,60,30,2,32,92
08/28/2004,MOT,ND,AGL,CE,Federal Contract Tower,3,9,6,0,18,3,2,45,0,50,6,11,51,0,68,86,0,86,154
08/29/2004,MOT,ND,AGL,CE,Federal Contract Tower,1,4,3,0,8,3,3,45,0,51,4,7,48,0,59,36,0,36,95
08/30/2004,MOT,ND,AGL,CE,Federal Contract Tower,4,13,10,1,28,0,7,25,1,33,4,20,35,2,61,56,48,104,165
08/31/2004,MOT,ND,AGL,CE,Federal Contract Tower,6,19,14,2,41,0,8,4,2,14,6,27,18,4,55,24,30,54,109
09/01/2004,MOT,ND,AGL,CE,Federal Contract Tower,4,10,8,2,24,0,6,16,0,22,4,16,24,2,46,2,10,12,58
09/02/2004,MOT,ND,AGL,CE,Federal Contract Tower,4,13,11,1,29,0,7,5,0,12,4,20,16,1,41,6,62,68,109
09/03/2004,MOT,ND,AGL,CE,Federal Contract Tower,4,9,8,0,21,0,12,32,0,44,4,21,40,0,65,44,4,48,113
09/04/2004,MOT,ND,AGL,CE,Federal Contract Tower,4,5,6,0,15,0,7,30,0,37,4,12,36,0,52,78,0,78,130
09/05/2004,MOT,ND,AGL,CE,Federal Contract Tower,1,2,3,0,6,3,2,31,0,36,4,4,34,0,42,74,0,74,116
09/06/2004,MOT,ND,AGL,CE,Federal Contract Tower,4,7,6,0,17,0,2,32,0,34,4,9,38,0,51,26,0,26,77
09/07/2004,MOT,ND,AGL,CE,Federal Contract Tower,4,15,12,0,31,0,3,48,0,51,4,18,60,0,82,84,8,92,174
09/08/2004,MOT,ND,AGL,CE,Federal Contract Tower,4,14,11,0,29,0,13,33,0,46,4,27,44,0,75,4,6,10,85
09/09/2004,MOT,ND,AGL,CE,Federal Contract Tower,4,12,9,0,25,0,5,22,0,27,4,17,31,0,52,48,56,104,156
09/10/2004,MOT,ND,AGL,CE,Federal Contract Tower,4,15,12,4,35,0,5,21,6,32,4,20,33,10,67,20,86,106,173
09/11/2004,MOT,ND,AGL,CE,Federal Contract Tower,3,8,7,2,20,1,3,31,7,42,4,11,38,9,62,72,8,80,142
09/12/2004,MOT,ND,AGL,CE,Federal Contract Tower,4,10,7,3,24,0,0,41,1,42,4,10,48,4,66,56,4,60,126
09/13/2004,MOT,ND,AGL,CE,Federal Contract Tower,4,14,10,3,31,0,0,4,1,5,4,14,14,4,36,22,2,24,60
09/14/2004,MOT,ND,AGL,CE,Federal Contract Tower,4,19,13,4,40,0,4,27,0,31,4,23,40,4,71,72,6,78,149
09/15/2004,MOT,ND,AGL,CE,Federal Contract Tower,4,17,11,0,32,0,0,32,0,32,4,17,43,0,64,66,20,86,150
09/16/2004,MOT,ND,AGL,CE,Federal Contract Tower,4,14,9,0,27,0,6,58,0,64,4,20,67,0,91,90,24,114,205
09/17/2004,MOT,ND,AGL,CE,Federal Contract Tower,3,9,5,0,17,1,17,53,0,71,4,26,58,0,88,114,38,152,240
09/18/2004,MOT,ND,AGL,CE,Federal Contract Tower,4,10,6,2,22,0,4,23,2,29,4,14,29,4,51,40,14,54,105
09/19/2004,MOT,ND,AGL,CE,Federal Contract Tower,2,4,3,0,9,2,0,37,0,39,4,4,40,0,48,44,0,44,92
09/20/2004,MOT,ND,AGL,CE,Federal Contract Tower,3,12,8,2,25,0,0,8,0,8,3,12,16,2,33,0,0,0,33
09/21/2004,MOT,ND,AGL,CE,Federal Contract Tower,4,13,9,2,28,1,10,39,0,50,5,23,48,2,78,54,24,78,156
09/22/2004,MOT,ND,AGL,CE,Federal Contract Tower,4,18,13,1,36,0,0,45,0,45,4,18,58,1,81,88,14,102,183
09/23/2004,MOT,ND,AGL,CE,Federal Contract Tower,4,18,13,3,38,0,4,28,20,52,4,22,41,23,90,34,80,114,204
09/24/2004,MOT,ND,AGL,CE,Federal Contract Tower,4,10,7,1,22,2,10,48,0,60,6,20,55,1,82,74,32,106,188
09/25/2004,MOT,ND,AGL,CE,Federal Contract Tower,2,6,4,0,12,2,7,87,0,96,4,13,91,0,108,48,0,48,156
09/26/2004,MOT,ND,AGL,CE,Federal Contract Tower,2,7,4,1,14,4,7,55,1,67,6,14,59,2,81,40,0,40,121
09/27/2004,MOT,ND,AGL,CE,Federal Contract Tower,3,11,8,0,22,2,12,38,0,52,5,23,46,0,74,52,26,78,152
09/28/2004,MOT,ND,AGL,CE,Federal Contract Tower,3,9,7,0,19,1,9,22,0,32,4,18,29,0,51,26,4,30,81
09/29/2004,MOT,ND,AGL,CE,Federal Contract Tower,4,11,8,2,25,0,7,18,5,30,4,18,26,7,55,30,4,34,89
09/30/2004,MOT,ND,AGL,CE,Federal Contract Tower,3,11,8,0,22,3,2,13,0,18,6,13,21,0,40,52,0,52,92
10/01/2004,MOT,ND,AGL,CE,Federal Contract Tower,4,14,1,0,19,0,6,12,0,18,4,20,13,0,37,6,0,6,43
10/02/2004,MOT,ND,AGL,CE,Federal Contract Tower,4,10,1,0,15,0,6,46,0,52,4,16,47,0,67,56,0,56,123
10/03/2004,MOT,ND,AGL,CE,Federal Contract Tower,4,0,7,0,11,0,10,22,0,32,4,10,29,0,43,0,0,0,43
10/04/2004,MOT,ND,AGL,CE,Federal Contract Tower,4,8,7,0,19,0,3,25,0,28,4,11,32,0,47,56,6,62,109
10/05/2004,MOT,ND,AGL,CE,Federal Contract Tower,4,18,11,0,33,0,7,29,0,36,4,25,40,0,69,70,54,124,193
10/06/2004,MOT,ND,AGL,CE,Federal Contract Tower,4,21,10,0,35,0,2,25,0,27,4,23,35,0,62,30,2,32,94
10/07/2004,MOT,ND,AGL,CE,Federal Contract Tower,4,16,6,0,26,0,4,19,0,23,4,20,25,0,49,12,6,18,67
10/08/2004,MOT,ND,AGL,CE,Federal Contract Tower,4,14,13,0,31,0,5,17,0,22,4,19,30,0,53,34,0,34,87
10/09/2004,MOT,ND,AGL,CE,Federal Contract Tower,4,8,8,0,20,0,3,29,0,32,4,11,37,0,52,50,0,50,102
10/10/2004,MOT,ND,AGL,CE,Federal Contract Tower,6,0,10,0,16,0,2,29,0,31,6,2,39,0,47,56,0,56,103
10/11/2004,MOT,ND,AGL,CE,Federal Contract Tower,4,9,3,0,16,0,0,32,0,32,4,9,35,0,48,84,0,84,132
10/12/2004,MOT,ND,AGL,CE,Federal Contract Tower,4,12,3,0,19,0,2,17,2,21,4,14,20,2,40,44,58,102,142
10/13/2004,MOT,ND,AGL,CE,Federal Contract Tower,6,16,11,0,33,0,8,35,0,43,6,24,46,0,76,20,12,32,108
10/14/2004,MOT,ND,AGL,CE,Federal Contract Tower,4,14,2,0,20,0,0,3,0,3,4,14,5,0,23,4,4,8,31
10/15/2004,MOT,ND,AGL,CE,Federal Contract Tower,4,20,3,0,27,0,7,11,0,18,4,27,14,0,45,8,0,8,53
10/16/2004,MOT,ND,AGL,CE,Federal Contract Tower,4,6,6,0,16,0,8,31,0,39,4,14,37,0,55,60,0,60,115
10/17/2004,MOT,ND,AGL,CE,Federal Contract Tower,4,2,7,0,13,0,0,3,0,3,4,2,10,0,16,0,0,0,16
10/18/2004,MOT,ND,AGL,CE,Federal Contract Tower,4,9,3,0,16,0,2,4,0,6,4,11,7,0,22,0,24,24,46
10/19/2004,MOT,ND,AGL,CE,Federal Contract Tower,4,19,10,0,33,0,3,17,0,20,4,22,27,0,53,24,18,42,95
10/20/2004,MOT,ND,AGL,CE,Federal Contract Tower,4,15,9,0,28,0,0,0,0,0,4,15,9,0,28,22,0,22,50
10/21/2004,MOT,ND,AGL,CE,Federal Contract Tower,4,22,7,0,33,0,4,16,0,20,4,26,23,0,53,4,6,10,63
10/22/2004,MOT,ND,AGL,CE,Federal Contract Tower,6,19,8,0,33,0,0,8,0,8,6,19,16,0,41,2,6,8,49
10/23/2004,MOT,ND,AGL,CE,Federal Contract Tower,4,13,7,0,24,0,0,25,0,25,4,13,32,0,49,54,0,54,103
10/24/2004,MOT,ND,AGL,CE,Federal Contract Tower,5,8,7,0,20,0,0,11,0,11,5,8,18,0,31,16,0,16,47
10/25/2004,MOT,ND,AGL,CE,Federal Contract Tower,4,9,3,0,16,0,0,29,0,29,4,9,32,0,45,44,18,62,107
10/26/2004,MOT,ND,AGL,CE,Federal Contract Tower,4,18,9,0,31,0,4,16,0,20,4,22,25,0,51,22,12,34,85
10/27/2004,MOT,ND,AGL,CE,Federal Contract Tower,4,14,19,0,37,0,2,11,0,13,4,16,30,0,50,4,4,8,58
10/28/2004,MOT,ND,AGL,CE,Federal Contract Tower,4,11,0,0,15,0,3,0,0,3,4,14,0,0,18,4,4,8,26
10/29/2004,MOT,ND,AGL,CE,Federal Contract Tower,4,20,2,0,26,0,0,0,0,0,4,20,2,0,26,4,0,4,30
10/30/2004,MOT,ND,AGL,CE,Federal Contract Tower,4,10,9,0,23,0,4,38,2,44,4,14,47,2,67,88,0,88,155
10/31/2004,MOT,ND,AGL,CE,Federal Contract Tower,5,3,7,2,17,0,4,55,0,59,5,7,62,2,76,96,0,96,172
11/01/2004,MOT,ND,AGL,CE,Federal Contract Tower,4,6,8,2,20,0,9,22,2,33,4,15,30,4,53,18,8,26,79
11/02/2004,MOT,ND,AGL,CE,Federal Contract Tower,4,12,9,0,25,0,7,34,0,41,4,19,43,0,66,48,20,68,134
11/03/2004,MOT,ND,AGL,CE,Federal Contract Tower,4,14,6,0,24,0,2,17,0,19,4,16,23,0,43,20,32,52,95
11/04/2004,MOT,ND,AGL,CE,Federal Contract Tower,4,16,6,0,26,0,11,27,0,38,4,27,33,0,64,48,16,64,128
11/05/2004,MOT,ND,AGL,CE,Federal Contract Tower,4,11,0,0,15,0,13,32,0,45,4,24,32,0,60,74,10,84,144
11/06/2004,MOT,ND,AGL,CE,Federal Contract Tower,4,7,5,0,16,0,2,17,0,19,4,9,22,0,35,0,0,0,35
11/07/2004,MOT,ND,AGL,CE,Federal Contract Tower,4,0,8,0,12,0,2,20,0,22,4,2,28,0,34,38,0,38,72
11/08/2004,MOT,ND,AGL,CE,Federal Contract Tower,4,9,7,0,20,0,5,27,0,32,4,14,34,0,52,48,38,86,138
11/09/2004,MOT,ND,AGL,CE,Federal Contract Tower,4,12,13,0,29,0,3,49,4,56,4,15,62,4,85,36,20,56,141
11/10/2004,MOT,ND,AGL,CE,Federal Contract Tower,4,18,2,0,24,0,8,12,0,20,4,26,14,0,44,30,60,90,134
11/11/2004,MOT,ND,AGL,CE,Federal Contract Tower,4,16,8,0,28,0,11,46,0,57,4,27,54,0,85,78,0,78,163
11/12/2004,MOT,ND,AGL,CE,Federal Contract Tower,4,14,10,0,28,0,4,16,0,20,4,18,26,0,48,30,0,30,78
11/13/2004,MOT,ND,AGL,CE,Federal Contract Tower,4,6,4,0,14,0,3,26,0,29,4,9,30,0,43,6,0,6,49
11/14/2004,MOT,ND,AGL,CE,Federal Contract Tower,4,3,9,0,16,0,5,23,0,28,4,8,32,0,44,90,0,90,134
11/15/2004,MOT,ND,AGL,CE,Federal Contract Tower,4,7,1,0,12,0,6,31,1,38,4,13,32,1,50,0,10,10,60
11/16/2004,MOT,ND,AGL,CE,Federal Contract Tower,4,18,12,0,34,0,11,26,7,44,4,29,38,7,78,28,22,50,128
11/17/2004,MOT,ND,AGL,CE,Federal Contract Tower,4,16,8,0,28,0,6,37,3,46,4,22,45,3,74,60,12,72,146
11/18/2004,MOT,ND,AGL,CE,Federal Contract Tower,4,16,7,0,27,0,3,16,4,23,4,19,23,4,50,50,8,58,108
11/19/2004,MOT,ND,AGL,CE,Federal Contract Tower,4,18,6,0,28,0,4,8,1,13,4,22,14,1,41,44,2,46,87
11/20/2004,MOT,ND,AGL,CE,Federal Contract Tower,4,7,3,0,14,0,6,20,0,26,4,13,23,0,40,38,0,38,78
11/21/2004,MOT,ND,AGL,CE,Federal Contract Tower,5,1,1,1,8,0,7,20,0,27,5,8,21,1,35,44,4,48,83
11/22/2004,MOT,ND,AGL,CE,Federal Contract Tower,4,13,10,0,27,0,8,27,0,35,4,21,37,0,62,12,38,50,112
11/23/2004,MOT,ND,AGL,CE,Federal Contract Tower,4,12,6,2,24,0,6,31,0,37,4,18,37,2,61,50,52,102,163
11/24/2004,MOT,ND,AGL,CE,Federal Contract Tower,4,15,7,0,26,0,5,15,0,20,4,20,22,0,46,28,0,28,74
11/25/2004,MOT,ND,AGL,CE,Federal Contract Tower,3,4,5,0,12,0,0,0,0,0,3,4,5,0,12,0,0,0,12
11/26/2004,MOT,ND,AGL,CE,Federal Contract Tower,4,18,3,0,25,0,6,18,0,24,4,24,21,0,49,30,0,30,79
11/27/2004,MOT,ND,AGL,CE,Federal Contract Tower,6,7,2,0,15,0,6,23,0,29,6,13,25,0,44,40,0,40,84
11/28/2004,MOT,ND,AGL,CE,Federal Contract Tower,4,3,2,0,9,0,3,29,0,32,4,6,31,0,41,30,0,30,71
11/29/2004,MOT,ND,AGL,CE,Federal Contract Tower,4,13,8,0,25,0,9,21,0,30,4,22,29,0,55,30,74,104,159
11/30/2004,MOT,ND,AGL,CE,Federal Contract Tower,4,15,8,0,27,0,4,6,2,12,4,19,14,2,39,16,2,18,57
12/01/2004,MOT,ND,AGL,CE,Federal Contract Tower,4,19,7,0,30,0,3,12,0,15,4,22,19,0,45,16,10,26,71
12/02/2004,MOT,ND,AGL,CE,Federal Contract Tower,6,15,9,0,30,0,8,15,3,26,6,23,24,3,56,62,26,88,144
12/03/2004,MOT,ND,AGL,CE,Federal Contract Tower,4,12,4,2,22,0,6,46,0,52,4,18,50,2,74,36,38,74,148
12/04/2004,MOT,ND,AGL,CE,Federal Contract Tower,4,10,4,0,18,0,5,28,0,33,4,15,32,0,51,108,0,108,159
12/05/2004,MOT,ND,AGL,CE,Federal Contract Tower,4,8,1,2,15,0,0,0,0,0,4,8,1,2,15,0,0,0,15
12/06/2004,MOT,ND,AGL,CE,Federal Contract Tower,4,8,5,0,17,0,0,3,0,3,4,8,8,0,20,4,0,4,24
12/07/2004,MOT,ND,AGL,CE,Federal Contract Tower,4,19,5,0,28,0,2,3,0,5,4,21,8,0,33,0,2,2,35
12/08/2004,MOT,ND,AGL,CE,Federal Contract Tower,4,19,10,0,33,0,0,0,0,0,4,19,10,0,33,0,0,0,33
12/09/2004,MOT,ND,AGL,CE,Federal Contract Tower,6,17,1,0,24,0,2,4,0,6,6,19,5,0,30,8,0,8,38
12/10/2004,MOT,ND,AGL,CE,Federal Contract Tower,4,18,5,0,27,0,5,34,0,39,4,23,39,0,66,100,10,110,176
12/11/2004,MOT,ND,AGL,CE,Federal Contract Tower,4,9,2,0,15,0,6,25,0,31,4,15,27,0,46,37,4,41,87
12/12/2004,MOT,ND,AGL,CE,Federal Contract Tower,6,2,7,0,15,0,0,0,0,0,6,2,7,0,15,0,0,0,15
12/13/2004,MOT,ND,AGL,CE,Federal Contract Tower,4,8,5,2,19,0,4,8,1,13,4,12,13,3,32,26,16,42,74
12/14/2004,MOT,ND,AGL,CE,Federal Contract Tower,4,13,7,0,24,0,5,19,0,24,4,18,26,0,48,42,26,68,116
12/15/2004,MOT,ND,AGL,CE,Federal Contract Tower,5,16,16,0,37,0,7,25,0,32,5,23,41,0,69,62,16,78,147
12/16/2004,MOT,ND,AGL,CE,Federal Contract Tower,6,15,9,0,30,0,12,34,0,46,6,27,43,0,76,74,20,94,170
12/17/2004,MOT,ND,AGL,CE,Federal Contract Tower,6,11,7,1,25,0,9,16,0,25,6,20,23,1,50,6,48,54,104
12/18/2004,MOT,ND,AGL,CE,Federal Contract Tower,5,10,2,1,18,0,2,11,0,13,5,12,13,1,31,10,0,10,41
12/19/2004,MOT,ND,AGL,CE,Federal Contract Tower,5,2,5,0,12,0,0,3,0,3,5,2,8,0,15,2,0,2,17
12/20/2004,MOT,ND,AGL,CE,Federal Contract Tower,6,10,6,0,22,0,8,7,0,15,6,18,13,0,37,0,16,16,53
12/21/2004,MOT,ND,AGL,CE,Federal Contract Tower,6,17,8,0,31,0,6,21,0,27,6,23,29,0,58,30,36,66,124
12/22/2004,MOT,ND,AGL,CE,Federal Contract Tower,7,16,6,0,29,0,5,14,0,19,7,21,20,0,48,22,18,40,88
12/23/2004,MOT,ND,AGL,CE,Federal Contract Tower,7,15,0,2,24,0,7,12,0,19,7,22,12,2,43,8,10,18,61
12/24/2004,MOT,ND,AGL,CE,Federal Contract Tower,5,17,3,0,25,0,0,0,0,0,5,17,3,0,25,0,0,0,25
12/25/2004,MOT,ND,AGL,CE,Federal Contract Tower,4,0,0,0,4,0,0,0,0,0,4,0,0,0,4,0,0,0,4
12/26/2004,MOT,ND,AGL,CE,Federal Contract Tower,5,2,5,0,12,0,4,8,0,12,5,6,13,0,24,0,0,0,24
12/27/2004,MOT,ND,AGL,CE,Federal Contract Tower,6,14,3,0,23,0,2,7,0,9,6,16,10,0,32,0,4,4,36
12/28/2004,MOT,ND,AGL,CE,Federal Contract Tower,6,15,8,0,29,0,8,23,0,31,6,23,31,0,60,56,38,94,154
12/29/2004,MOT,ND,AGL,CE,Federal Contract Tower,7,12,10,1,30,0,11,23,0,34,7,23,33,1,64,30,56,86,150
12/30/2004,MOT,ND,AGL,CE,Federal Contract Tower,7,11,2,0,20,0,0,0,0,0,7,11,2,0,20,0,0,0,20
12/31/2004,MOT,ND,AGL,CE,Federal Contract Tower,6,14,8,0,28,0,0,0,0,0,6,14,8,0,28,0,0,0,28
01/01/2005,MOT,ND,AGL,CE,Federal Contract Tower,5,2,0,0,7,0,0,0,0,0,5,2,0,0,7,0,0,0,7
01/02/2005,MOT,ND,AGL,CE,Federal Contract Tower,5,1,0,0,6,0,6,15,0,21,5,7,15,0,27,30,0,30,57
01/03/2005,MOT,ND,AGL,CE,Federal Contract Tower,6,10,5,0,21,0,5,12,0,17,6,15,17,0,38,0,10,10,48
01/04/2005,MOT,ND,AGL,CE,Federal Contract Tower,4,14,12,0,30,0,6,18,0,24,4,20,30,0,54,22,22,44,98
01/05/2005,MOT,ND,AGL,CE,Federal Contract Tower,4,13,0,0,17,0,0,5,0,5,4,13,5,0,22,0,14,14,36
01/06/2005,MOT,ND,AGL,CE,Federal Contract Tower,4,10,0,2,16,0,2,18,0,20,4,12,18,2,36,6,8,14,50
01/07/2005,MOT,ND,AGL,CE,Federal Contract Tower,6,16,2,0,24,0,4,22,0,26,6,20,24,0,50,34,10,44,94
01/08/2005,MOT,ND,AGL,CE,Federal Contract Tower,4,9,0,0,13,0,4,8,0,12,4,13,8,0,25,0,0,0,25
01/09/2005,MOT,ND,AGL,CE,Federal Contract Tower,6,0,4,0,10,0,4,14,0,18,6,4,18,0,28,32,0,32,60
01/10/2005,MOT,ND,AGL,CE,Federal Contract Tower,4,14,7,0,25,0,11,10,0,21,4,25,17,0,46,30,32,62,108
01/11/2005,MOT,ND,AGL,CE,Federal Contract Tower,4,21,6,2,33,0,7,12,2,21,4,28,18,4,54,8,58,66,120
01/12/2005,MOT,ND,AGL,CE,Federal Contract Tower,4,23,2,0,29,0,0,0,0,0,4,23,2,0,29,12,0,12,41
01/13/2005,MOT,ND,AGL,CE,Federal Contract Tower,4,16,0,0,20,0,9,19,0,28,4,25,19,0,48,0,8,8,56
01/14/2005,MOT,ND,AGL,CE,Federal Contract Tower,6,18,1,2,27,0,4,17,0,21,6,22,18,2,48,10,4,14,62
01/15/2005,MOT,ND,AGL,CE,Federal Contract Tower,5,10,2,2,19,0,6,15,2,23,5,16,17,4,42,32,0,32,74
01/16/2005,MOT,ND,AGL,CE,Federal Contract Tower,4,3,2,2,11,0,4,18,0,22,4,7,20,2,33,32,0,32,65
01/17/2005,MOT,ND,AGL,CE,Federal Contract Tower,6,11,5,0,22,0,4,7,0,11,6,15,12,0,33,28,0,28,61
01/18/2005,MOT,ND,AGL,CE,Federal Contract Tower,4,18,10,0,32,0,6,11,0,17,4,24,21,0,49,26,28,54,103
01/19/2005,MOT,ND,AGL,CE,Federal Contract Tower,2,17,6,0,25,0,2,0,0,2,2,19,6,0,27,0,4,4,31
01/20/2005,MOT,ND,AGL,CE,Federal Contract Tower,4,22,3,0,29,0,3,11,0,14,4,25,14,0,43,90,18,108,151
01/21/2005,MOT,ND,AGL,CE,Federal Contract Tower,4,13,0,0,17,0,0,0,0,0,4,13,0,0,17,0,0,0,17
01/22/2005,MOT,ND,AGL,CE,Federal Contract Tower,5,10,2,2,19,0,10,19,2,31,5,20,21,4,50,24,14,38,88
01/23/2005,MOT,ND,AGL,CE,Federal Contract Tower,4,1,0,0,5,0,7,31,0,38,4,8,31,0,43,40,0,40,83
01/24/2005,MOT,ND,AGL,CE,Federal Contract Tower,4,10,8,0,22,0,0,32,0,32,4,10,40,0,54,97,50,147,201
01/25/2005,MOT,ND,AGL,CE,Federal Contract Tower,4,15,8,0,27,0,7,14,0,21,4,22,22,0,48,14,32,46,94
01/26/2005,MOT,ND,AGL,CE,Federal Contract Tower,4,17,5,0,26,0,6,22,0,28,4,23,27,0,54,34,22,56,110
01/27/2005,MOT,ND,AGL,CE,Federal Contract Tower,4,18,7,1,30,0,3,0,0,3,4,21,7,1,33,2,4,6,39
01/28/2005,MOT,ND,AGL,CE,Federal Contract Tower,4,16,1,0,21,0,7,17,0,24,4,23,18,0,45,36,14,50,95
01/29/2005,MOT,ND,AGL,CE,Federal Contract Tower,4,11,2,0,17,0,0,0,0,0,4,11,2,0,17,0,0,0,17
01/30/2005,MOT,ND,AGL,CE,Federal Contract Tower,4,3,3,0,10,0,0,0,0,0,4,3,3,0,10,6,0,6,16
01/31/2005,MOT,ND,AGL,CE,Federal Contract Tower,4,12,4,0,20,0,4,21,0,25,4,16,25,0,45,70,14,84,129
02/01/2005,MOT,ND,AGL,CE,Federal Contract Tower,4,14,2,0,20,0,7,34,0,41,4,21,36,0,61,72,40,112,173
02/02/2005,MOT,ND,AGL,CE,Federal Contract Tower,4,15,6,0,25,0,6,24,0,30,4,21,30,0,55,70,20,90,145
02/03/2005,MOT,ND,AGL,CE,Federal Contract Tower,6,15,6,2,29,0,11,21,0,32,6,26,27,2,61,28,8,36,97
02/04/2005,MOT,ND,AGL,CE,Federal Contract Tower,4,16,11,0,31,0,1,0,0,1,4,17,11,0,32,52,12,64,96
02/05/2005,MOT,ND,AGL,CE,Federal Contract Tower,4,7,2,0,13,0,1,0,0,1,4,8,2,0,14,0,0,0,14
02/06/2005,MOT,ND,AGL,CE,Federal Contract Tower,4,5,6,0,15,0,4,18,0,22,4,9,24,0,37,0,0,0,37
02/07/2005,MOT,ND,AGL,CE,Federal Contract Tower,4,12,1,0,17,0,5,26,0,31,4,17,27,0,48,48,18,66,114
02/08/2005,MOT,ND,AGL,CE,Federal Contract Tower,4,17,9,0,30,0,9,20,0,29,4,26,29,0,59,36,20,56,115
02/09/2005,MOT,ND,AGL,CE,Federal Contract Tower,5,16,3,2,26,0,12,19,0,31,5,28,22,2,57,52,20,72,129
02/10/2005,MOT,ND,AGL,CE,Federal Contract Tower,4,20,6,0,30,0,12,9,0,21,4,32,15,0,51,24,10,34,85
02/11/2005,MOT,ND,AGL,CE,Federal Contract Tower,4,15,3,0,22,0,6,20,0,26,4,21,23,0,48,47,6,53,101
02/12/2005,MOT,ND,AGL,CE,Federal Contract Tower,4,7,6,0,17,0,7,53,0,60,4,14,59,0,77,52,0,52,129
02/13/2005,MOT,ND,AGL,CE,Federal Contract Tower,6,0,3,0,9,0,6,24,0,30,6,6,27,0,39,40,0,40,79
02/14/2005,MOT,ND,AGL,CE,Federal Contract Tower,4,10,5,0,19,0,5,20,0,25,4,15,25,0,44,34,16,50,94
02/15/2005,MOT,ND,AGL,CE,Federal Contract Tower,4,17,2,2,25,0,4,25,0,29,4,21,27,2,54,12,36,48,102
02/16/2005,MOT,ND,AGL,CE,Federal Contract Tower,6,13,2,0,21,0,6,13,0,19,6,19,15,0,40,38,42,80,120
02/17/2005,MOT,ND,AGL,CE,Federal Contract Tower,4,16,9,0,29,0,5,11,0,16,4,21,20,0,45,68,0,68,113
02/18/2005,MOT,ND,AGL,CE,Federal Contract Tower,4,16,1,0,21,0,4,29,0,33,4,20,30,0,54,30,16,46,100
02/19/2005,MOT,ND,AGL,CE,Federal Contract Tower,6,7,6,1,20,0,8,17,0,25,6,15,23,1,45,50,0,50,95
02/20/2005,MOT,ND,AGL,CE,Federal Contract Tower,4,2,4,1,11,0,8,19,2,29,4,10,23,3,40,28,0,28,68
02/21/2005,MOT,ND,AGL,CE,Federal Contract Tower,4,9,0,0,13,0,7,3,0,10,4,16,3,0,23,6,0,6,29
02/22/2005,MOT,ND,AGL,CE,Federal Contract Tower,4,21,8,0,33,0,9,25,0,34,4,30,33,0,67,42,16,58,125
02/23/2005,MOT,ND,AGL,CE,Federal Contract Tower,4,13,7,1,25,0,3,11,0,14,4,16,18,1,39,32,114,146,185
02/24/2005,MOT,ND,AGL,CE,Federal Contract Tower,4,12,8,1,25,0,12,30,0,42,4,24,38,1,67,90,34,124,191
02/25/2005,MOT,ND,AGL,CE,Federal Contract Tower,5,16,8,0,29,0,11,38,2,51,5,27,46,2,80,98,8,106,186
02/26/2005,MOT,ND,AGL,CE,Federal Contract Tower,5,14,4,0,23,0,4,7,0,11,5,18,11,0,34,28,0,28,62
02/27/2005,MOT,ND,AGL,CE,Federal Contract Tower,4,5,2,0,11,0,6,21,0,27,4,11,23,0,38,42,0,42,80
02/28/2005,MOT,ND,AGL,CE,Federal Contract Tower,4,15,4,1,24,0,0,16,0,16,4,15,20,1,40,68,6,74,114
03/01/2005,MOT,ND,AGL,CE,Federal Contract Tower,4,15,1,0,20,0,5,14,0,19,4,20,15,0,39,32,4,36,75
03/02/2005,MOT,ND,AGL,CE,Federal Contract Tower,4,11,9,0,24,0,4,28,0,32,4,15,37,0,56,44,8,52,108
03/03/2005,MOT,ND,AGL,CE,Federal Contract Tower,4,15,2,0,21,0,7,42,0,49,4,22,44,0,70,48,20,68,138
03/04/2005,MOT,ND,AGL,CE,Federal Contract Tower,4,16,5,2,27,0,5,14,3,22,4,21,19,5,49,48,16,64,113
03/05/2005,MOT,ND,AGL,CE,Federal Contract Tower,5,9,4,4,22,0,9,49,5,63,5,18,53,9,85,100,6,106,191
03/06/2005,MOT,ND,AGL,CE,Federal Contract Tower,4,4,1,2,11,0,5,21,0,26,4,9,22,2,37,14,0,14,51
03/07/2005,MOT,ND,AGL,CE,Federal Contract Tower,4,10,3,3,20,0,0,2,0,2,4,10,5,3,22,2,2,4,26
03/08/2005,MOT,ND,AGL,CE,Federal Contract Tower,4,21,10,0,35,0,6,9,0,15,4,27,19,0,50,8,12,20,70
03/09/2005,MOT,ND,AGL,CE,Federal Contract Tower,4,19,5,6,34,0,6,19,2,27,4,25,24,8,61,26,26,52,113
03/10/2005,MOT,ND,AGL,CE,Federal Contract Tower,4,18,4,0,26,0,16,17,0,33,4,34,21,0,59,0,18,18,77
03/11/2005,MOT,ND,AGL,CE,Federal Contract Tower,4,15,7,0,26,0,3,7,5,15,4,18,14,5,41,0,10,10,51
03/12/2005,MOT,ND,AGL,CE,Federal Contract Tower,4,9,2,0,15,0,0,3,1,4,4,9,5,1,19,0,0,0,19
03/13/2005,MOT,ND,AGL,CE,Federal Contract Tower,4,2,0,0,6,0,0,0,0,0,4,2,0,0,6,0,0,0,6
03/14/2005,MOT,ND,AGL,CE,Federal Contract Tower,4,11,3,0,18,0,8,21,0,29,4,19,24,0,47,40,20,60,107
03/15/2005,MOT,ND,AGL,CE,Federal Contract Tower,4,14,7,0,25,0,8,27,2,37,4,22,34,2,62,18,20,38,100
03/16/2005,MOT,ND,AGL,CE,Federal Contract Tower,4,19,6,0,29,0,4,19,4,27,4,23,25,4,56,22,0,22,78
03/17/2005,MOT,ND,AGL,CE,Federal Contract Tower,4,14,3,0,21,0,1,11,0,12,4,15,14,0,33,0,12,12,45
03/18/2005,MOT,ND,AGL,CE,Federal Contract Tower,4,14,3,0,21,0,5,5,0,10,4,19,8,0,31,54,8,62,93
03/19/2005,MOT,ND,AGL,CE,Federal Contract Tower,4,7,3,1,15,0,3,24,0,27,4,10,27,1,42,108,0,108,150
03/20/2005,MOT,ND,AGL,CE,Federal Contract Tower,4,0,2,1,7,0,10,37,0,47,4,10,39,1,54,38,0,38,92
03/21/2005,MOT,ND,AGL,CE,Federal Contract Tower,6,10,1,0,17,0,3,17,0,20,6,13,18,0,37,20,16,36,73
03/22/2005,MOT,ND,AGL,CE,Federal Contract Tower,4,16,3,0,23,0,0,0,0,0,4,16,3,0,23,0,0,0,23
03/23/2005,MOT,ND,AGL,CE,Federal Contract Tower,5,16,2,2,25,0,2,12,0,14,5,18,14,2,39,14,30,44,83
03/24/2005,MOT,ND,AGL,CE,Federal Contract Tower,4,20,3,0,27,0,3,7,2,12,4,23,10,2,39,16,4,20,59
03/25/2005,MOT,ND,AGL,CE,Federal Contract Tower,4,12,1,0,17,0,5,9,0,14,4,17,10,0,31,48,2,50,81
03/26/2005,MOT,ND,AGL,CE,Federal Contract Tower,4,10,1,0,15,0,7,36,0,43,4,17,37,0,58,52,0,52,110
03/27/2005,MOT,ND,AGL,CE,Federal Contract Tower,4,0,0,0,4,0,10,28,0,38,4,10,28,0,42,48,8,56,98
03/28/2005,MOT,ND,AGL,CE,Federal Contract Tower,4,15,5,0,24,0,7,27,0,34,4,22,32,0,58,46,20,66,124
03/29/2005,MOT,ND,AGL,CE,Federal Contract Tower,6,15,4,0,25,0,9,28,2,39,6,24,32,2,64,32,22,54,118
03/30/2005,MOT,ND,AGL,CE,Federal Contract Tower,4,13,4,3,24,0,2,13,1,16,4,15,17,4,40,10,12,22,62
03/31/2005,MOT,ND,AGL,CE,Federal Contract Tower,4,13,4,0,21,0,9,10,2,21,4,22,14,2,42,8,14,22,64
04/01/2005,MOT,ND,AGL,CE,Federal Contract Tower,4,16,8,1,29,0,9,43,0,52,4,25,51,1,81,102,60,162,243
04/02/2005,MOT,ND,AGL,CE,Federal Contract Tower,4,9,2,0,15,0,4,33,0,37,4,13,35,0,52,10,0,10,62
04/03/2005,MOT,ND,AGL,CE,Federal Contract Tower,4,0,6,0,10,0,10,46,0,56,4,10,52,0,66,54,0,54,120
04/04/2005,MOT,ND,AGL,CE,Federal Contract Tower,4,11,3,0,18,0,11,25,0,36,4,22,28,0,54,35,24,59,113
04/05/2005,MOT,ND,AGL,CE,Federal Contract Tower,4,17,9,2,32,0,4,15,2,21,4,21,24,4,53,16,32,48,101
04/06/2005,MOT,ND,AGL,CE,Federal Contract Tower,4,10,17,0,31,0,5,25,0,30,4,15,42,0,61,68,12,80,141
04/07/2005,MOT,ND,AGL,CE,Federal Contract Tower,4,15,3,0,22,0,9,39,0,48,4,24,42,0,70,50,10,60,130
04/08/2005,MOT,ND,AGL,CE,Federal Contract Tower,4,16,3,0,23,0,9,31,0,40,4,25,34,0,63,12,18,30,93
04/09/2005,MOT,ND,AGL,CE,Federal Contract Tower,6,9,2,0,17,0,7,31,2,40,6,16,33,2,57,30,8,38,95
04/10/2005,MOT,ND,AGL,CE,Federal Contract Tower,4,2,4,0,10,0,9,29,0,38,4,11,33,0,48,50,0,50,98
04/11/2005,MOT,ND,AGL,CE,Federal Contract Tower,4,10,3,1,18,0,2,6,0,8,4,12,9,1,26,20,0,20,46
04/12/2005,MOT,ND,AGL,CE,Federal Contract Tower,4,16,9,0,29,0,1,7,0,8,4,17,16,0,37,36,2,38,75
04/13/2005,MOT,ND,AGL,CE,Federal Contract Tower,4,17,8,0,29,0,5,25,1,31,4,22,33,1,60,32,12,44,104
04/14/2005,MOT,ND,AGL,CE,Federal Contract Tower,4,15,4,0,23,0,13,17,0,30,4,28,21,0,53,0,40,40,93
04/15/2005,MOT,ND,AGL,CE,Federal Contract Tower,4,12,6,0,22,0,11,37,3,51,4,23,43,3,73,4,8,12,85
04/16/2005,MOT,ND,AGL,CE,Federal Contract Tower,5,7,2,2,16,0,8,55,0,63,5,15,57,2,79,58,0,58,137
04/17/2005,MOT,ND,AGL,CE,Federal Contract Tower,6,0,4,0,10,0,4,19,0,23,6,4,23,0,33,0,0,0,33
04/18/2005,MOT,ND,AGL,CE,Federal Contract Tower,4,11,3,0,18,0,4,11,0,15,4,15,14,0,33,2,2,4,37
04/19/2005,MOT,ND,AGL,CE,Federal Contract Tower,4,16,5,0,25,0,8,13,0,21,4,24,18,0,46,2,12,14,60
04/20/2005,MOT,ND,AGL,CE,Federal Contract Tower,6,14,4,0,24,0,2,41,0,43,6,16,45,0,67,74,12,86,153
04/21/2005,MOT,ND,AGL,CE,Federal Contract Tower,4,14,5,0,23,0,9,33,0,42,4,23,38,0,65,112,8,120,185
04/22/2005,MOT,ND,AGL,CE,Federal Contract Tower,4,13,11,0,28,0,13,41,0,54,4,26,52,0,82,36,24,60,142
04/23/2005,MOT,ND,AGL,CE,Federal Contract Tower,4,8,0,0,12,0,5,37,0,42,4,13,37,0,54,80,0,80,134
04/24/2005,MOT,ND,AGL,CE,Federal Contract Tower,4,1,1,0,6,0,2,36,0,38,4,3,37,0,44,66,0,66,110
04/25/2005,MOT,ND,AGL,CE,Federal Contract Tower,4,13,0,3,20,0,5,29,0,34,4,18,29,3,54,16,52,68,122
04/26/2005,MOT,ND,AGL,CE,Federal Contract Tower,4,15,8,0,27,0,13,34,0,47,4,28,42,0,74,6,22,28,102
04/27/2005,MOT,ND,AGL,CE,Federal Contract Tower,3,16,7,2,28,0,5,30,0,35,3,21,37,2,63,14,38,52,115
04/28/2005,MOT,ND,AGL,CE,Federal Contract Tower,5,15,4,0,24,0,9,19,0,28,5,24,23,0,52,62,22,84,136
04/29/2005,MOT,ND,AGL,CE,Federal Contract Tower,4,16,10,0,30,0,2,5,0,7,4,18,15,0,37,60,2,62,99
04/30/2005,MOT,ND,AGL,CE,Federal Contract Tower,4,9,2,0,15,0,3,8,0,11,4,12,10,0,26,0,0,0,26
05/01/2005,MOT,ND,AGL,CE,Federal Contract Tower,4,4,2,0,10,0,4,24,0,28,4,8,26,0,38,28,0,28,66
05/02/2005,MOT,ND,AGL,CE,Federal Contract Tower,4,13,0,0,17,0,7,30,0,37,4,20,30,0,54,18,72,90,144
05/03/2005,MOT,ND,AGL,CE,Federal Contract Tower,4,12,0,0,16,0,10,34,0,44,4,22,34,0,60,66,4,70,130
05/04/2005,MOT,ND,AGL,CE,Federal Contract Tower,4,10,8,1,23,0,2,40,5,47,4,12,48,6,70,40,14,54,124
05/05/2005,MOT,ND,AGL,CE,Federal Contract Tower,4,18,12,0,34,0,8,12,0,20,4,26,24,0,54,42,0,42,96
05/06/2005,MOT,ND,AGL,CE,Federal Contract Tower,4,20,6,0,30,0,4,13,0,17,4,24,19,0,47,42,2,44,91
05/07/2005,MOT,ND,AGL,CE,Federal Contract Tower,4,11,0,0,15,0,7,24,0,31,4,18,24,0,46,54,0,54,100
05/08/2005,MOT,ND,AGL,CE,Federal Contract Tower,4,4,6,0,14,0,6,8,0,14,4,10,14,0,28,0,0,0,28
05/09/2005,MOT,ND,AGL,CE,Federal Contract Tower,4,12,12,0,28,0,4,0,0,4,4,16,12,0,32,20,10,30,62
05/10/2005,MOT,ND,AGL,CE,Federal Contract Tower,6,15,10,0,31,0,5,34,0,39,6,20,44,0,70,36,12,48,118
05/11/2005,MOT,ND,AGL,CE,Federal Contract Tower,4,19,9,0,32,0,5,11,0,16,4,24,20,0,48,32,22,54,102
05/12/2005,MOT,ND,AGL,CE,Federal Contract Tower,5,15,4,0,24,0,1,4,0,5,5,16,8,0,29,38,6,44,73
05/13/2005,MOT,ND,AGL,CE,Federal Contract Tower,6,17,2,0,25,0,8,30,0,38,6,25,32,0,63,34,16,50,113
05/14/2005,MOT,ND,AGL,CE,Federal Contract Tower,4,7,1,0,12,0,4,25,0,29,4,11,26,0,41,36,0,36,77
05/15/2005,MOT,ND,AGL,CE,Federal Contract Tower,5,1,3,0,9,0,13,52,0,65,5,14,55,0,74,48,0,48,122
05/16/2005,MOT,ND,AGL,CE,Federal Contract Tower,4,10,14,0,28,0,8,41,0,49,4,18,55,0,77,76,4,80,157
05/17/2005,MOT,ND,AGL,CE,Federal Contract Tower,4,16,13,0,33,0,1,7,2,10,4,17,20,2,43,0,4,4,47
05/18/2005,MOT,ND,AGL,CE,Federal Contract Tower,4,13,4,2,23,0,4,6,0,10,4,17,10,2,33,82,0,82,115
05/19/2005,MOT,ND,AGL,CE,Federal Contract Tower,4,12,3,0,19,0,6,35,0,41,4,18,38,0,60,42,12,54,114
05/20/2005,MOT,ND,AGL,CE,Federal Contract Tower,4,22,3,0,29,0,10,38,0,48,4,32,41,0,77,48,6,54,131
05/21/2005,MOT,ND,AGL,CE,Federal Contract Tower,4,9,1,0,14,0,5,0,0,5,4,14,1,0,19,0,0,0,19
05/22/2005,MOT,ND,AGL,CE,Federal Contract Tower,4,0,7,0,11,0,2,18,0,20,4,2,25,0,31,46,0,46,77
05/23/2005,MOT,ND,AGL,CE,Federal Contract Tower,4,9,4,0,17,0,2,27,0,29,4,11,31,0,46,24,80,104,150
05/24/2005,MOT,ND,AGL,CE,Federal Contract Tower,4,14,4,0,22,0,5,28,0,33,4,19,32,0,55,38,0,38,93
05/25/2005,MOT,ND,AGL,CE,Federal Contract Tower,4,16,8,2,30,0,6,45,2,53,4,22,53,4,83,28,40,68,151
05/26/2005,MOT,ND,AGL,CE,Federal Contract Tower,4,17,7,0,28,0,7,42,0,49,4,24,49,0,77,28,20,48,125
05/27/2005,MOT,ND,AGL,CE,Federal Contract Tower,5,14,7,0,26,0,4,19,0,23,5,18,26,0,49,38,10,48,97
05/28/2005,MOT,ND,AGL,CE,Federal Contract Tower,4,9,6,0,19,0,7,15,0,22,4,16,21,0,41,46,0,46,87
05/29/2005,MOT,ND,AGL,CE,Federal Contract Tower,4,1,2,0,7,0,3,8,0,11,4,4,10,0,18,52,0,52,70
05/30/2005,MOT,ND,AGL,CE,Federal Contract Tower,4,0,5,0,9,0,4,32,0,36,4,4,37,0,45,80,0,80,125
05/31/2005,MOT,ND,AGL,CE,Federal Contract Tower,4,12,6,4,26,0,2,21,0,23,4,14,27,4,49,44,40,84,133
06/01/2005,MOT,ND,AGL,CE,Federal Contract Tower,4,16,5,0,25,0,3,13,0,16,4,19,18,0,41,24,40,64,105
06/02/2005,MOT,ND,AGL,CE,Federal Contract Tower,4,17,5,3,29,0,5,24,3,32,4,22,29,6,61,14,72,86,147
06/03/2005,MOT,ND,AGL,CE,Federal Contract Tower,4,18,2,0,24,0,8,23,1,32,4,26,25,1,56,100,24,124,180
06/04/2005,MOT,ND,AGL,CE,Federal Contract Tower,4,7,0,0,11,0,0,21,0,21,4,7,21,0,32,95,0,95,127
06/05/2005,MOT,ND,AGL,CE,Federal Contract Tower,4,0,5,0,9,0,0,9,0,9,4,0,14,0,18,12,0,12,30
06/06/2005,MOT,ND,AGL,CE,Federal Contract Tower,4,9,3,0,16,0,6,34,3,43,4,15,37,3,59,68,20,88,147
06/07/2005,MOT,ND,AGL,CE,Federal Contract Tower,4,13,20,0,37,0,2,9,0,11,4,15,29,0,48,22,4,26,74
06/08/2005,MOT,ND,AGL,CE,Federal Contract Tower,4,16,12,0,32,0,0,1,0,1,4,16,13,0,33,30,2,32,65
06/09/2005,MOT,ND,AGL,CE,Federal Contract Tower,4,13,12,0,29,0,6,51,5,62,4,19,63,5,91,24,22,46,137
06/10/2005,MOT,ND,AGL,CE,Federal Contract Tower,4,14,7,1,26,0,2,34,2,38,4,16,41,3,64,68,4,72,136
06/11/2005,MOT,ND,AGL,CE,Federal Contract Tower,4,7,1,0,12,0,4,77,0,81,4,11,78,0,93,108,0,108,201
06/12/2005,MOT,ND,AGL,CE,Federal Contract Tower,4,2,5,2,13,0,3,52,0,55,4,5,57,2,68,44,0,44,112
06/13/2005,MOT,ND,AGL,CE,Federal Contract Tower,5,13,6,0,24,0,5,19,0,24,5,18,25,0,48,36,10,46,94
06/14/2005,MOT,ND,AGL,CE,Federal Contract Tower,5,13,5,0,23,0,10,22,2,34,5,23,27,2,57,0,78,78,135
06/15/2005,MOT,ND,AGL,CE,Federal Contract Tower,4,14,3,0,21,0,11,21,2,34,4,25,24,2,55,35,10,45,100
06/16/2005,MOT,ND,AGL,CE,Federal Contract Tower,4,12,10,0,26,0,6,40,0,46,4,18,50,0,72,58,4,62,134
06/17/2005,MOT,ND,AGL,CE,Federal Contract Tower,4,11,4,0,19,0,3,25,2,30,4,14,29,2,49,16,4,20,69
06/18/2005,MOT,ND,AGL,CE,Federal Contract Tower,4,9,2,0,15,0,7,29,0,36,4,16,31,0,51,55,46,101,152
06/19/2005,MOT,ND,AGL,CE,Federal Contract Tower,4,7,6,0,17,0,7,62,0,69,4,14,68,0,86,92,0,92,178
06/20/2005,MOT,ND,AGL,CE,Federal Contract Tower,4,18,6,0,28,0,10,50,0,60,4,28,56,0,88,86,18,104,192
06/21/2005,MOT,ND,AGL,CE,Federal Contract Tower,4,13,4,0,21,0,8,47,0,55,4,21,51,0,76,86,44,130,206
06/22/2005,MOT,ND,AGL,CE,Federal Contract Tower,4,12,1,0,17,0,0,35,0,35,4,12,36,0,52,82,12,94,146
06/23/2005,MOT,ND,AGL,CE,Federal Contract Tower,4,14,8,0,26,0,9,41,0,50,4,23,49,0,76,36,64,100,176
06/24/2005,MOT,ND,AGL,CE,Federal Contract Tower,4,11,3,0,18,0,3,62,4,69,4,14,65,4,87,72,12,84,171
06/25/2005,MOT,ND,AGL,CE,Federal Contract Tower,4,9,7,0,20,0,8,53,6,67,4,17,60,6,87,54,0,54,141
06/26/2005,MOT,ND,AGL,CE,Federal Contract Tower,5,3,16,2,26,0,8,74,2,84,5,11,90,4,110,65,0,65,175
06/27/2005,MOT,ND,AGL,CE,Federal Contract Tower,6,11,7,1,25,0,6,21,1,28,6,17,28,2,53,36,10,46,99
06/28/2005,MOT,ND,AGL,CE,Federal Contract Tower,4,21,9,0,34,0,0,32,0,32,4,21,41,0,66,12,0,12,78
06/29/2005,MOT,ND,AGL,CE,Federal Contract Tower,6,12,12,0,30,0,0,4,0,4,6,12,16,0,34,46,0,46,80
06/30/2005,MOT,ND,AGL,CE,Federal Contract Tower,4,16,6,0,26,0,6,57,0,63,4,22,63,0,89,52,0,52,141
07/01/2005,MOT,ND,AGL,CE,Federal Contract Tower,4,15,4,2,25,0,6,56,0,62,4,21,60,2,87,142,0,142,229
07/02/2005,MOT,ND,AGL,CE,Federal Contract Tower,4,6,0,0,10,0,10,89,0,99,4,16,89,0,109,28,0,28,137
07/03/2005,MOT,ND,AGL,CE,Federal Contract Tower,5,2,3,0,10,0,6,46,0,52,5,8,49,0,62,74,0,74,136
07/04/2005,MOT,ND,AGL,CE,Federal Contract Tower,4,0,0,0,4,0,0,33,0,33,4,0,33,0,37,64,0,64,101
07/05/2005,MOT,ND,AGL,CE,Federal Contract Tower,4,12,7,0,23,0,5,53,0,58,4,17,60,0,81,120,18,138,219
07/06/2005,MOT,ND,AGL,CE,Federal Contract Tower,4,12,12,13,41,0,2,58,14,74,4,14,70,27,115,92,30,122,237
07/07/2005,MOT,ND,AGL,CE,Federal Contract Tower,4,12,10,0,26,0,13,56,1,70,4,25,66,1,96,32,14,46,142
07/08/2005,MOT,ND,AGL,CE,Federal Contract Tower,4,10,7,0,21,0,0,53,0,53,4,10,60,0,74,72,8,80,154
07/09/2005,MOT,ND,AGL,CE,Federal Contract Tower,4,11,3,0,18,0,9,76,0,85,4,20,79,0,103,98,0,98,201
07/10/2005,MOT,ND,AGL,CE,Federal Contract Tower,6,5,8,0,19,0,2,38,0,40,6,7,46,0,59,48,0,48,107
07/11/2005,MOT,ND,AGL,CE,Federal Contract Tower,4,12,6,0,22,0,9,39,3,51,4,21,45,3,73,60,4,64,137
07/12/2005,MOT,ND,AGL,CE,Federal Contract Tower,4,14,1,0,19,0,6,35,4,45,4,20,36,4,64,52,18,70,134
07/13/2005,MOT,ND,AGL,CE,Federal Contract Tower,6,14,5,0,25,0,5,41,2,48,6,19,46,2,73,58,18,76,149
07/14/2005,MOT,ND,AGL,CE,Federal Contract Tower,4,18,8,0,30,0,6,41,1,48,4,24,49,1,78,48,12,60,138
07/15/2005,MOT,ND,AGL,CE,Federal Contract Tower,4,12,8,0,24,0,10,43,3,56,4,22,51,3,80,83,14,97,177
07/16/2005,MOT,ND,AGL,CE,Federal Contract Tower,4,7,2,4,17,0,4,15,0,19,4,11,17,4,36,8,0,8,44
07/17/2005,MOT,ND,AGL,CE,Federal Contract Tower,4,0,5,0,9,0,0,11,0,11,4,0,16,0,20,0,0,0,20
07/18/2005,MOT,ND,AGL,CE,Federal Contract Tower,4,9,7,0,20,0,7,53,5,65,4,16,60,5,85,40,16,56,141
07/19/2005,MOT,ND,AGL,CE,Federal Contract Tower,6,15,6,0,27,0,6,66,0,72,6,21,72,0,99,102,20,122,221
07/20/2005,MOT,ND,AGL,CE,Federal Contract Tower,4,16,11,0,31,0,10,65,2,77,4,26,76,2,108,36,54,90,198
07/21/2005,MOT,ND,AGL,CE,Federal Contract Tower,4,15,14,0,33,0,5,37,0,42,4,20,51,0,75,80,2,82,157
07/22/2005,MOT,ND,AGL,CE,Federal Contract Tower,4,17,4,0,25,0,6,50,0,56,4,23,54,0,81,104,0,104,185
07/23/2005,MOT,ND,AGL,CE,Federal Contract Tower,4,7,6,0,17,0,2,65,0,67,4,9,71,0,84,208,10,218,302
07/24/2005,MOT,ND,AGL,CE,Federal Contract Tower,4,5,2,0,11,0,3,78,0,81,4,8,80,0,92,106,0,106,198
07/25/2005,MOT,ND,AGL,CE,Federal Contract Tower,6,12,2,0,20,0,1,44,0,45,6,13,46,0,65,98,10,108,173
07/26/2005,MOT,ND,AGL,CE,Federal Contract Tower,4,17,10,0,31,0,8,51,0,59,4,25,61,0,90,116,70,186,276
07/27/2005,MOT,ND,AGL,CE,Federal Contract Tower,4,14,6,8,32,0,2,25,0,27,4,16,31,8,59,100,0,100,159
07/28/2005,MOT,ND,AGL,CE,Federal Contract Tower,4,15,15,1,35,0,3,28,1,32,4,18,43,2,67,62,18,80,147
07/29/2005,MOT,ND,AGL,CE,Federal Contract Tower,4,14,8,0,26,0,4,33,0,37,4,18,41,0,63,90,0,90,153
07/30/2005,MOT,ND,AGL,CE,Federal Contract Tower,4,9,3,0,16,0,4,46,0,50,4,13,49,0,66,44,0,44,110
07/31/2005,MOT,ND,AGL,CE,Federal Contract Tower,6,4,5,0,15,0,6,61,0,67,6,10,66,0,82,60,0,60,142
08/01/2005,MOT,ND,AGL,CE,Federal Contract Tower,4,9,9,0,22,0,12,39,0,51,4,21,48,0,73,132,12,144,217
08/02/2005,MOT,ND,AGL,CE,Federal Contract Tower,4,16,4,0,24,0,12,45,0,57,4,28,49,0,81,56,18,74,155
08/03/2005,MOT,ND,AGL,CE,Federal Contract Tower,4,10,4,0,18,0,0,25,1,26,4,10,29,1,44,48,0,48,92
08/04/2005,MOT,ND,AGL,CE,Federal Contract Tower,4,13,3,0,20,0,9,53,7,69,4,22,56,7,89,60,14,74,163
08/05/2005,MOT,ND,AGL,CE,Federal Contract Tower,6,14,4,0,24,0,5,47,0,52,6,19,51,0,76,76,12,88,164
08/06/2005,MOT,ND,AGL,CE,Federal Contract Tower,4,10,8,0,22,0,4,45,0,49,4,14,53,0,71,86,0,86,157
08/07/2005,MOT,ND,AGL,CE,Federal Contract Tower,4,2,6,2,14,0,0,37,0,37,4,2,43,2,51,58,0,58,109
08/08/2005,MOT,ND,AGL,CE,Federal Contract Tower,4,8,5,0,17,0,4,24,6,34,4,12,29,6,51,100,62,162,213
08/09/2005,MOT,ND,AGL,CE,Federal Contract Tower,4,14,19,0,37,0,5,25,0,30,4,19,44,0,67,90,28,118,185
08/10/2005,MOT,ND,AGL,CE,Federal Contract Tower,4,13,9,2,28,0,5,23,0,28,4,18,32,2,56,116,20,136,192
08/11/2005,MOT,ND,AGL,CE,Federal Contract Tower,4,17,17,1,39,0,6,27,1,34,4,23,44,2,73,96,6,102,175
08/12/2005,MOT,ND,AGL,CE,Federal Contract Tower,4,20,6,6,36,0,2,63,0,65,4,22,69,6,101,92,80,172,273
08/13/2005,MOT,ND,AGL,CE,Federal Contract Tower,4,7,9,0,20,0,5,74,0,79,4,12,83,0,99,92,0,92,191
08/14/2005,MOT,ND,AGL,CE,Federal Contract Tower,6,0,8,2,16,0,4,75,13,92,6,4,83,15,108,44,0,44,152
08/15/2005,MOT,ND,AGL,CE,Federal Contract Tower,4,10,8,0,22,0,6,25,0,31,4,16,33,0,53,30,6,36,89
08/16/2005,MOT,ND,AGL,CE,Federal Contract Tower,4,17,12,1,34,0,2,23,2,27,4,19,35,3,61,22,12,34,95
08/17/2005,MOT,ND,AGL,CE,Federal Contract Tower,4,18,10,0,32,0,3,44,0,47,4,21,54,0,79,44,8,52,131
08/18/2005,MOT,ND,AGL,CE,Federal Contract Tower,5,22,22,2,51,0,4,5,0,9,5,26,27,2,60,16,8,24,84
08/19/2005,MOT,ND,AGL,CE,Federal Contract Tower,5,14,11,2,32,0,8,45,0,53,5,22,56,2,85,38,20,58,143
08/20/2005,MOT,ND,AGL,CE,Federal Contract Tower,5,7,7,3,22,0,7,35,0,42,5,14,42,3,64,36,4,40,104
08/21/2005,MOT,ND,AGL,CE,Federal Contract Tower,4,4,4,0,12,0,5,44,0,49,4,9,48,0,61,32,0,32,93
08/22/2005,MOT,ND,AGL,CE,Federal Contract Tower,4,11,4,0,19,0,3,27,0,30,4,14,31,0,49,24,36,60,109
08/23/2005,MOT,ND,AGL,CE,Federal Contract Tower,4,18,9,0,31,0,10,26,0,36,4,28,35,0,67,34,76,110,177
08/24/2005,MOT,ND,AGL,CE,Federal Contract Tower,4,14,9,4,31,0,8,32,0,40,4,22,41,4,71,68,86,154,225
08/25/2005,MOT,ND,AGL,CE,Federal Contract Tower,4,16,5,0,25,0,11,37,6,54,4,27,42,6,79,46,78,124,203
08/26/2005,MOT,ND,AGL,CE,Federal Contract Tower,4,12,8,4,28,0,15,47,3,65,4,27,55,7,93,40,84,124,217
08/27/2005,MOT,ND,AGL,CE,Federal Contract Tower,4,7,7,0,18,0,8,31,0,39,4,15,38,0,57,78,8,86,143
08/28/2005,MOT,ND,AGL,CE,Federal Contract Tower,4,0,6,2,12,0,6,51,0,57,4,6,57,2,69,98,2,100,169
08/29/2005,MOT,ND,AGL,CE,Federal Contract Tower,4,8,5,0,17,0,8,41,4,53,4,16,46,4,70,52,32,84,154
08/30/2005,MOT,ND,AGL,CE,Federal Contract Tower,4,23,7,0,34,0,5,28,0,33,4,28,35,0,67,54,18,72,139
08/31/2005,MOT,ND,AGL,CE,Federal Contract Tower,5,18,8,4,35,0,5,26,0,31,5,23,34,4,66,4,18,22,88
09/01/2005,MOT,ND,AGL,CE,Federal Contract Tower,4,17,8,6,35,0,7,40,0,47,4,24,48,6,82,72,18,90,172
09/02/2005,MOT,ND,AGL,CE,Federal Contract Tower,4,15,8,0,27,0,6,33,0,39,4,21,41,0,66,50,6,56,122
09/03/2005,MOT,ND,AGL,CE,Federal Contract Tower,4,7,1,0,12,0,1,38,0,39,4,8,39,0,51,64,0,64,115
09/04/2005,MOT,ND,AGL,CE,Federal Contract Tower,3,6,2,0,11,0,4,18,0,22,3,10,20,0,33,40,0,40,73
09/05/2005,MOT,ND,AGL,CE,Federal Contract Tower,4,0,2,0,6,0,7,37,0,44,4,7,39,0,50,86,12,98,148
09/06/2005,MOT,ND,AGL,CE,Federal Contract Tower,4,12,3,0,19,0,12,32,0,44,4,24,35,0,63,0,12,12,75
09/07/2005,MOT,ND,AGL,CE,Federal Contract Tower,4,19,0,0,23,0,10,51,0,61,4,29,51,0,84,122,6,128,212
09/08/2005,MOT,ND,AGL,CE,Federal Contract Tower,4,13,2,0,19,0,9,21,0,30,4,22,23,0,49,62,0,62,111
09/09/2005,MOT,ND,AGL,CE,Federal Contract Tower,4,15,8,0,27,0,3,17,0,20,4,18,25,0,47,34,6,40,87
09/10/2005,MOT,ND,AGL,CE,Federal Contract Tower,4,10,6,0,20,0,9,32,0,41,4,19,38,0,61,28,0,28,89
09/11/2005,MOT,ND,AGL,CE,Federal Contract Tower,4,0,5,0,9,0,4,47,0,51,4,4,52,0,60,120,0,120,180
09/12/2005,MOT,ND,AGL,CE,Federal Contract Tower,4,7,1,0,12,0,8,31,0,39,4,15,32,0,51,16,12,28,79
09/13/2005,MOT,ND,AGL,CE,Federal Contract Tower,4,18,7,1,30,0,6,36,1,43,4,24,43,2,73,64,20,84,157
09/14/2005,MOT,ND,AGL,CE,Federal Contract Tower,4,13,15,0,32,0,0,14,3,17,4,13,29,3,49,118,0,118,167
09/15/2005,MOT,ND,AGL,CE,Federal Contract Tower,4,14,7,0,25,0,8,24,4,36,4,22,31,4,61,48,6,54,115
09/16/2005,MOT,ND,AGL,CE,Federal Contract Tower,4,14,8,0,26,0,6,45,0,51,4,20,53,0,77,28,0,28,105
09/17/2005,MOT,ND,AGL,CE,Federal Contract Tower,4,9,4,0,17,0,2,20,0,22,4,11,24,0,39,24,0,24,63
09/18/2005,MOT,ND,AGL,CE,Federal Contract Tower,4,2,5,0,11,0,4,13,0,17,4,6,18,0,28,30,0,30,58
09/19/2005,MOT,ND,AGL,CE,Federal Contract Tower,4,7,8,0,19,0,10,42,0,52,4,17,50,0,71,84,8,92,163
09/20/2005,MOT,ND,AGL,CE,Federal Contract Tower,4,16,10,0,30,0,3,30,0,33,4,19,40,0,63,94,34,128,191
09/21/2005,MOT,ND,AGL,CE,Federal Contract Tower,4,18,11,0,33,0,1,29,2,32,4,19,40,2,65,70,0,70,135
09/22/2005,MOT,ND,AGL,CE,Federal Contract Tower,4,12,3,0,19,0,7,49,0,56,4,19,52,0,75,150,16,166,241
09/23/2005,MOT,ND,AGL,CE,Federal Contract Tower,4,19,2,0,25,0,6,39,0,45,4,25,41,0,70,72,14,86,156
09/24/2005,MOT,ND,AGL,CE,Federal Contract Tower,4,5,10,0,19,0,11,35,2,48,4,16,45,2,67,48,0,48,115
09/25/2005,MOT,ND,AGL,CE,Federal Contract Tower,6,3,11,2,22,0,7,62,0,69,6,10,73,2,91,96,0,96,187
09/26/2005,MOT,ND,AGL,CE,Federal Contract Tower,4,9,3,2,18,0,2,21,0,23,4,11,24,2,41,14,12,26,67
09/27/2005,MOT,ND,AGL,CE,Federal Contract Tower,4,11,3,0,18,0,9,34,0,43,4,20,37,0,61,26,2,28,89
09/28/2005,MOT,ND,AGL,CE,Federal Contract Tower,4,12,2,0,18,0,4,32,0,36,4,16,34,0,54,128,10,138,192
09/29/2005,MOT,ND,AGL,CE,Federal Contract Tower,4,13,2,0,19,0,7,45,2,54,4,20,47,2,73,46,22,68,141
09/30/2005,MOT,ND,AGL,CE,Federal Contract Tower,4,11,6,0,21,0,15,42,0,57,4,26,48,0,78,92,12,104,182
10/01/2005,MOT,ND,AGL,CE,Federal Contract Tower,4,7,3,0,14,0,9,22,2,33,4,16,25,2,47,28,0,28,75
10/02/2005,MOT,ND,AGL,CE,Federal Contract Tower,4,2,5,1,12,0,2,28,1,31,4,4,33,2,43,17,10,27,70
10/03/2005,MOT,ND,AGL,CE,Federal Contract Tower,4,9,3,2,18,0,4,14,0,18,4,13,17,2,36,38,0,38,74
10/04/2005,MOT,ND,AGL,CE,Federal Contract Tower,4,13,5,0,22,0,3,17,0,20,4,16,22,0,42,52,28,80,122
10/05/2005,MOT,ND,AGL,CE,Federal Contract Tower,1,1,0,0,2,0,0,0,0,0,1,1,0,0,2,0,0,0,2
10/06/2005,MOT,ND,AGL,CE,Federal Contract Tower,6,12,13,0,31,0,6,7,0,13,6,18,20,0,44,24,4,28,72
10/07/2005,MOT,ND,AGL,CE,Federal Contract Tower,4,15,8,4,31,0,3,7,0,10,4,18,15,4,41,6,10,16,57
10/08/2005,MOT,ND,AGL,CE,Federal Contract Tower,4,8,10,0,22,0,1,26,1,28,4,9,36,1,50,32,0,32,82
10/09/2005,MOT,ND,AGL,CE,Federal Contract Tower,4,2,6,0,12,0,0,20,0,20,4,2,26,0,32,22,0,22,54
10/10/2005,MOT,ND,AGL,CE,Federal Contract Tower,4,20,9,1,34,0,2,11,1,14,4,22,20,2,48,28,6,34,82
10/11/2005,MOT,ND,AGL,CE,Federal Contract Tower,6,15,13,1,35,0,2,25,1,28,6,17,38,2,63,30,10,40,103
10/12/2005,MOT,ND,AGL,CE,Federal Contract Tower,4,19,8,2,33,0,6,22,0,28,4,25,30,2,61,42,18,60,121
10/13/2005,MOT,ND,AGL,CE,Federal Contract Tower,4,9,6,0,19,0,9,39,5,53,4,18,45,5,72,78,10,88,160
10/14/2005,MOT,ND,AGL,CE,Federal Contract Tower,4,16,1,0,21,0,7,27,0,34,4,23,28,0,55,0,8,8,63
10/15/2005,MOT,ND,AGL,CE,Federal Contract Tower,4,8,2,0,14,0,5,27,0,32,4,13,29,0,46,34,0,34,80
10/16/2005,MOT,ND,AGL,CE,Federal Contract Tower,6,0,7,0,13,0,6,37,0,43,6,6,44,0,56,64,0,64,120
10/17/2005,MOT,ND,AGL,CE,Federal Contract Tower,4,12,2,0,18,0,7,32,0,39,4,19,34,0,57,26,14,40,97
10/18/2005,MOT,ND,AGL,CE,Federal Contract Tower,4,17,5,0,26,0,8,21,0,29,4,25,26,0,55,42,26,68,123
10/19/2005,MOT,ND,AGL,CE,Federal Contract Tower,6,18,9,0,33,0,11,27,0,38,6,29,36,0,71,86,36,122,193
10/20/2005,MOT,ND,AGL,CE,Federal Contract Tower,4,24,7,2,37,0,4,12,0,16,4,28,19,2,53,22,32,54,107
10/21/2005,MOT,ND,AGL,CE,Federal Contract Tower,4,14,9,0,27,0,2,9,0,11,4,16,18,0,38,38,4,42,80
10/22/2005,MOT,ND,AGL,CE,Federal Contract Tower,4,9,3,0,16,0,3,21,0,24,4,12,24,0,40,16,0,16,56
10/23/2005,MOT,ND,AGL,CE,Federal Contract Tower,4,2,13,0,19,0,2,33,0,35,4,4,46,0,54,100,0,100,154
10/24/2005,MOT,ND,AGL,CE,Federal Contract Tower,4,11,9,0,24,0,7,22,0,29,4,18,31,0,53,46,44,90,143
10/25/2005,MOT,ND,AGL,CE,Federal Contract Tower,5,13,9,0,27,0,6,54,0,60,5,19,63,0,87,70,34,104,191
10/26/2005,MOT,ND,AGL,CE,Federal Contract Tower,4,15,17,0,36,0,7,28,0,35,4,22,45,0,71,66,10,76,147
10/27/2005,MOT,ND,AGL,CE,Federal Contract Tower,5,13,5,0,23,0,4,13,0,17,5,17,18,0,40,32,0,32,72
10/28/2005,MOT,ND,AGL,CE,Federal Contract Tower,4,14,6,0,24,0,7,23,0,30,4,21,29,0,54,48,6,54,108
10/29/2005,MOT,ND,AGL,CE,Federal Contract Tower,4,7,7,0,18,0,5,31,0,36,4,12,38,0,54,32,0,32,86
10/30/2005,MOT,ND,AGL,CE,Federal Contract Tower,5,3,8,0,16,0,0,22,0,22,5,3,30,0,38,12,0,12,50
10/31/2005,MOT,ND,AGL,CE,Federal Contract Tower,3,9,6,0,18,0,7,27,0,34,3,16,33,0,52,66,18,84,136
11/01/2005,MOT,ND,AGL,CE,Federal Contract Tower,4,15,5,0,24,0,2,8,2,12,4,17,13,2,36,26,4,30,66
11/02/2005,MOT,ND,AGL,CE,Federal Contract Tower,4,15,1,0,20,0,2,8,0,10,4,17,9,0,30,0,34,34,64
11/03/2005,MOT,ND,AGL,CE,Federal Contract Tower,5,14,2,0,21,0,0,0,0,0,5,14,2,0,21,2,0,2,23
11/04/2005,MOT,ND,AGL,CE,Federal Contract Tower,4,13,2,0,19,0,3,6,0,9,4,16,8,0,28,18,6,24,52
11/05/2005,MOT,ND,AGL,CE,Federal Contract Tower,4,7,2,0,13,0,4,10,0,14,4,11,12,0,27,22,0,22,49
11/06/2005,MOT,ND,AGL,CE,Federal Contract Tower,5,5,0,2,12,0,8,33,0,41,5,13,33,2,53,120,0,120,173
11/07/2005,MOT,ND,AGL,CE,Federal Contract Tower,4,4,7,4,19,0,12,16,0,28,4,16,23,4,47,14,34,48,95
11/08/2005,MOT,ND,AGL,CE,Federal Contract Tower,4,16,10,0,30,0,0,1,0,1,4,16,11,0,31,2,4,6,37
11/09/2005,MOT,ND,AGL,CE,Federal Contract Tower,4,17,6,0,27,0,6,32,0,38,4,23,38,0,65,24,46,70,135
11/10/2005,MOT,ND,AGL,CE,Federal Contract Tower,4,11,3,0,18,0,10,25,0,35,4,21,28,0,53,32,56,88,141
11/11/2005,MOT,ND,AGL,CE,Federal Contract Tower,4,13,7,0,24,0,14,44,0,58,4,27,51,0,82,32,12,44,126
11/12/2005,MOT,ND,AGL,CE,Federal Contract Tower,6,11,2,0,19,0,4,6,0,10,6,15,8,0,29,0,0,0,29
11/13/2005,MOT,ND,AGL,CE,Federal Contract Tower,4,2,2,0,8,0,1,16,0,17,4,3,18,0,25,30,0,30,55
11/14/2005,MOT,ND,AGL,CE,Federal Contract Tower,4,11,1,0,16,0,0,1,0,1,4,11,2,0,17,0,0,0,17
11/15/2005,MOT,ND,AGL,CE,Federal Contract Tower,4,16,2,1,23,0,5,7,0,12,4,21,9,1,35,8,18,26,61
11/16/2005,MOT,ND,AGL,CE,Federal Contract Tower,4,15,3,0,22,0,7,17,1,25,4,22,20,1,47,20,22,42,89
11/17/2005,MOT,ND,AGL,CE,Federal Contract Tower,4,17,6,0,27,0,6,22,0,28,4,23,28,0,55,14,16,30,85
11/18/2005,MOT,ND,AGL,CE,Federal Contract Tower,4,15,5,0,24,0,9,11,0,20,4,24,16,0,44,54,18,72,116
11/19/2005,MOT,ND,AGL,CE,Federal Contract Tower,4,10,3,0,17,0,0,6,0,6,4,10,9,0,23,10,0,10,33
11/20/2005,MOT,ND,AGL,CE,Federal Contract Tower,4,0,2,0,6,0,8,17,0,25,4,8,19,0,31,98,0,98,129
11/21/2005,MOT,ND,AGL,CE,Federal Contract Tower,4,11,5,0,20,0,4,35,0,39,4,15,40,0,59,52,10,62,121
11/22/2005,MOT,ND,AGL,CE,Federal Contract Tower,6,19,3,0,28,0,7,41,0,48,6,26,44,0,76,26,4,30,106
11/23/2005,MOT,ND,AGL,CE,Federal Contract Tower,4,25,3,0,32,0,11,25,0,36,4,36,28,0,68,26,10,36,104
11/24/2005,MOT,ND,AGL,CE,Federal Contract Tower,3,3,0,0,6,0,4,7,0,11,3,7,7,0,17,54,0,54,71
11/25/2005,MOT,ND,AGL,CE,Federal Contract Tower,4,12,0,0,16,0,4,13,0,17,4,16,13,0,33,60,0,60,93
11/26/2005,MOT,ND,AGL,CE,Federal Contract Tower,4,8,2,0,14,0,3,24,0,27,4,11,26,0,41,46,0,46,87
11/27/2005,MOT,ND,AGL,CE,Federal Contract Tower,4,2,2,0,8,0,2,19,0,21,4,4,21,0,29,38,0,38,67
11/28/2005,MOT,ND,AGL,CE,Federal Contract Tower,4,5,4,0,13,0,4,10,0,14,4,9,14,0,27,0,28,28,55
11/29/2005,MOT,ND,AGL,CE,Federal Contract Tower,5,16,6,0,27,0,4,19,0,23,5,20,25,0,50,38,34,72,122
11/30/2005,MOT,ND,AGL,CE,Federal Contract Tower,5,20,8,0,33,0,9,18,0,27,5,29,26,0,60,26,38,64,124
12/01/2005,MOT,ND,AGL,CE,Federal Contract Tower,4,13,3,0,20,0,4,14,0,18,4,17,17,0,38,4,6,10,48
12/02/2005,MOT,ND,AGL,CE,Federal Contract Tower,4,14,5,0,23,0,5,6,0,11,4,19,11,0,34,2,4,6,40
12/03/2005,MOT,ND,AGL,CE,Federal Contract Tower,6,11,2,0,19,0,4,9,0,13,6,15,11,0,32,0,0,0,32
12/04/2005,MOT,ND,AGL,CE,Federal Contract Tower,4,6,7,0,17,0,4,20,0,24,4,10,27,0,41,98,0,98,139
12/05/2005,MOT,ND,AGL,CE,Federal Contract Tower,4,15,1,0,20,0,7,13,0,20,4,22,14,0,40,28,28,56,96
12/06/2005,MOT,ND,AGL,CE,Federal Contract Tower,9,15,13,0,37,0,5,10,0,15,9,20,23,0,52,30,22,52,104
12/07/2005,MOT,ND,AGL,CE,Federal Contract Tower,4,15,7,0,26,0,2,12,0,14,4,17,19,0,40,16,2,18,58
12/08/2005,MOT,ND,AGL,CE,Federal Contract Tower,4,17,8,0,29,0,6,13,0,19,4,23,21,0,48,20,10,30,78
12/09/2005,MOT,ND,AGL,CE,Federal Contract Tower,4,21,7,2,34,0,7,23,0,30,4,28,30,2,64,24,16,40,104
12/10/2005,MOT,ND,AGL,CE,Federal Contract Tower,4,12,4,0,20,0,8,12,0,20,4,20,16,0,40,16,0,16,56
12/11/2005,MOT,ND,AGL,CE,Federal Contract Tower,4,3,1,0,8,0,8,7,0,15,4,11,8,0,23,78,0,78,101
12/12/2005,MOT,ND,AGL,CE,Federal Contract Tower,4,10,4,0,18,0,8,27,0,35,4,18,31,0,53,30,80,110,163
12/13/2005,MOT,ND,AGL,CE,Federal Contract Tower,4,14,8,0,26,0,0,4,0,4,4,14,12,0,30,10,42,52,82
12/14/2005,MOT,ND,AGL,CE,Federal Contract Tower,4,20,2,0,26,0,0,0,0,0,4,20,2,0,26,0,2,2,28
12/15/2005,MOT,ND,AGL,CE,Federal Contract Tower,4,19,2,0,25,0,2,2,0,4,4,21,4,0,29,2,0,2,31
12/16/2005,MOT,ND,AGL,CE,Federal Contract Tower,5,16,0,1,22,0,5,5,0,10,5,21,5,1,32,18,10,28,60
12/17/2005,MOT,ND,AGL,CE,Federal Contract Tower,6,10,4,1,21,0,11,18,0,29,6,21,22,1,50,58,0,58,108
12/18/2005,MOT,ND,AGL,CE,Federal Contract Tower,5,0,1,0,6,0,4,26,0,30,5,4,27,0,36,90,0,90,126
12/19/2005,MOT,ND,AGL,CE,Federal Contract Tower,5,8,0,0,13,0,2,5,2,9,5,10,5,2,22,6,18,24,46
12/20/2005,MOT,ND,AGL,CE,Federal Contract Tower,5,19,5,0,29,0,1,6,0,7,5,20,11,0,36,38,12,50,86
12/21/2005,MOT,ND,AGL,CE,Federal Contract Tower,5,22,13,0,40,0,9,12,0,21,5,31,25,0,61,35,12,47,108
12/22/2005,MOT,ND,AGL,CE,Federal Contract Tower,5,13,1,0,19,0,5,18,0,23,5,18,19,0,42,54,0,54,96
12/23/2005,MOT,ND,AGL,CE,Federal Contract Tower,5,12,0,0,17,0,4,13,0,17,5,16,13,0,34,18,0,18,52
12/24/2005,MOT,ND,AGL,CE,Federal Contract Tower,5,7,4,0,16,0,4,14,0,18,5,11,18,0,34,44,0,44,78
12/25/2005,MOT,ND,AGL,CE,Federal Contract Tower,4,0,1,0,5,0,3,1,0,4,4,3,2,0,9,2,0,2,11
12/26/2005,MOT,ND,AGL,CE,Federal Contract Tower,5,0,2,0,7,0,0,16,0,16,5,0,18,0,23,42,0,42,65
12/27/2005,MOT,ND,AGL,CE,Federal Contract Tower,6,15,8,0,29,0,3,7,0,10,6,18,15,0,39,32,8,40,79
12/28/2005,MOT,ND,AGL,CE,Federal Contract Tower,6,14,13,0,33,0,6,36,0,42,6,20,49,0,75,60,22,82,157
12/29/2005,MOT,ND,AGL,CE,Federal Contract Tower,6,12,2,0,20,0,0,0,0,0,6,12,2,0,20,6,0,6,26
12/30/2005,MOT,ND,AGL,CE,Federal Contract Tower,5,16,2,0,23,0,0,6,0,6,5,16,8,0,29,12,0,12,41
12/31/2005,MOT,ND,AGL,CE,Federal Contract Tower,5,7,4,0,16,0,0,0,0,0,5,7,4,0,16,2,0,2,18
01/01/2006,MOT,ND,AGL,CE,Federal Contract Tower,4,3,5,0,12,0,0,0,0,0,4,3,5,0,12,0,0,0,12
01/02/2006,MOT,ND,AGL,CE,Federal Contract Tower,5,4,6,0,15,0,2,4,0,6,5,6,10,0,21,4,0,4,25
01/03/2006,MOT,ND,AGL,CE,Federal Contract Tower,5,12,5,0,22,0,2,28,0,30,5,14,33,0,52,62,22,84,136
01/04/2006,MOT,ND,AGL,CE,Federal Contract Tower,4,17,3,0,24,0,5,24,0,29,4,22,27,0,53,50,16,66,119
01/05/2006,MOT,ND,AGL,CE,Federal Contract Tower,4,20,2,1,27,0,7,20,0,27,4,27,22,1,54,30,16,46,100
01/06/2006,MOT,ND,AGL,CE,Federal Contract Tower,4,12,2,0,18,0,6,21,0,27,4,18,23,0,45,14,6,20,65
01/07/2006,MOT,ND,AGL,CE,Federal Contract Tower,4,8,6,2,20,0,8,15,0,23,4,16,21,2,43,40,0,40,83
01/08/2006,MOT,ND,AGL,CE,Federal Contract Tower,4,5,5,0,14,0,2,14,0,16,4,7,19,0,30,30,0,30,60
01/09/2006,MOT,ND,AGL,CE,Federal Contract Tower,4,13,3,0,20,0,9,18,0,27,4,22,21,0,47,64,22,86,133
01/10/2006,MOT,ND,AGL,CE,Federal Contract Tower,4,17,9,0,30,0,1,20,0,21,4,18,29,0,51,60,32,92,143
01/11/2006,MOT,ND,AGL,CE,Federal Contract Tower,4,15,10,0,29,0,9,28,0,37,4,24,38,0,66,56,28,84,150
01/12/2006,MOT,ND,AGL,CE,Federal Contract Tower,4,19,0,2,25,0,3,13,0,16,4,22,13,2,41,34,18,52,93
01/13/2006,MOT,ND,AGL,CE,Federal Contract Tower,4,16,7,0,27,0,1,6,0,7,4,17,13,0,34,28,0,28,62
01/14/2006,MOT,ND,AGL,CE,Federal Contract Tower,4,8,8,2,22,0,8,35,0,43,4,16,43,2,65,70,0,70,135
01/15/2006,MOT,ND,AGL,CE,Federal Contract Tower,4,2,1,0,7,0,2,4,0,6,4,4,5,0,13,0,0,0,13
01/16/2006,MOT,ND,AGL,CE,Federal Contract Tower,5,14,4,0,23,0,4,12,0,16,5,18,16,0,39,0,6,6,45
01/17/2006,MOT,ND,AGL,CE,Federal Contract Tower,6,16,7,0,29,0,2,8,0,10,6,18,15,0,39,32,12,44,83
01/18/2006,MOT,ND,AGL,CE,Federal Contract Tower,4,15,4,0,23,0,3,2,0,5,4,18,6,0,28,0,6,6,34
01/19/2006,MOT,ND,AGL,CE,Federal Contract Tower,4,15,4,0,23,0,1,3,0,4,4,16,7,0,27,8,14,22,49
01/20/2006,MOT,ND,AGL,CE,Federal Contract Tower,6,20,10,0,36,0,7,30,0,37,6,27,40,0,73,64,30,94,167
01/21/2006,MOT,ND,AGL,CE,Federal Contract Tower,4,9,2,0,15,0,2,7,0,9,4,11,9,0,24,18,0,18,42
01/22/2006,MOT,ND,AGL,CE,Federal Contract Tower,4,1,1,0,6,0,2,4,0,6,4,3,5,0,12,2,0,2,14
01/23/2006,MOT,ND,AGL,CE,Federal Contract Tower,4,8,3,1,16,0,4,9,3,16,4,12,12,4,32,12,48,60,92
01/24/2006,MOT,ND,AGL,CE,Federal Contract Tower,4,15,3,0,22,0,5,30,2,37,4,20,33,2,59,20,8,28,87
01/25/2006,MOT,ND,AGL,CE,Federal Contract Tower,4,10,10,2,26,0,5,18,0,23,4,15,28,2,49,18,16,34,83
01/26/2006,MOT,ND,AGL,CE,Federal Contract Tower,4,11,1,0,16,0,16,49,0,65,4,27,50,0,81,44,18,62,143
01/27/2006,MOT,ND,AGL,CE,Federal Contract Tower,4,11,3,0,18,0,13,40,0,53,4,24,43,0,71,64,0,64,135
01/28/2006,MOT,ND,AGL,CE,Federal Contract Tower,5,15,5,0,25,0,6,10,0,16,5,21,15,0,41,24,0,24,65
01/29/2006,MOT,ND,AGL,CE,Federal Contract Tower,3,6,1,0,10,0,0,0,0,0,3,6,1,0,10,4,0,4,14
01/30/2006,MOT,ND,AGL,CE,Federal Contract Tower,4,8,5,0,17,0,0,4,0,4,4,8,9,0,21,20,10,30,51
01/31/2006,MOT,ND,AGL,CE,Federal Contract Tower,4,12,9,0,25,0,3,9,0,12,4,15,18,0,37,14,8,22,59
02/01/2006,MOT,ND,AGL,CE,Federal Contract Tower,4,14,3,0,21,0,4,25,0,29,4,18,28,0,50,80,26,106,156
02/02/2006,MOT,ND,AGL,CE,Federal Contract Tower,4,18,5,0,27,0,3,8,0,11,4,21,13,0,38,24,14,38,76
02/03/2006,MOT,ND,AGL,CE,Federal Contract Tower,4,15,5,0,24,0,6,10,0,16,4,21,15,0,40,40,10,50,90
02/04/2006,MOT,ND,AGL,CE,Federal Contract Tower,4,8,2,2,16,0,8,20,0,28,4,16,22,2,44,78,0,78,122
02/05/2006,MOT,ND,AGL,CE,Federal Contract Tower,6,2,0,0,8,0,4,24,0,28,6,6,24,0,36,36,0,36,72
02/06/2006,MOT,ND,AGL,CE,Federal Contract Tower,4,10,3,0,17,0,2,3,0,5,4,12,6,0,22,22,30,52,74
02/07/2006,MOT,ND,AGL,CE,Federal Contract Tower,4,12,14,0,30,0,6,24,0,30,4,18,38,0,60,56,12,68,128
02/08/2006,MOT,ND,AGL,CE,Federal Contract Tower,4,24,1,0,29,0,8,16,0,24,4,32,17,0,53,58,12,70,123
02/09/2006,MOT,ND,AGL,CE,Federal Contract Tower,6,15,8,0,29,0,5,5,0,10,6,20,13,0,39,14,32,46,85
02/10/2006,MOT,ND,AGL,CE,Federal Contract Tower,5,16,4,2,27,0,0,1,0,1,5,16,5,2,28,0,20,20,48
02/11/2006,MOT,ND,AGL,CE,Federal Contract Tower,4,8,2,0,14,0,6,12,0,18,4,14,14,0,32,70,0,70,102
02/12/2006,MOT,ND,AGL,CE,Federal Contract Tower,4,2,3,0,9,0,2,18,0,20,4,4,21,0,29,30,0,30,59
02/13/2006,MOT,ND,AGL,CE,Federal Contract Tower,2,8,2,0,12,0,11,23,0,34,2,19,25,0,46,14,26,40,86
02/14/2006,MOT,ND,AGL,CE,Federal Contract Tower,4,14,11,0,29,0,7,14,0,21,4,21,25,0,50,32,30,62,112
02/15/2006,MOT,ND,AGL,CE,Federal Contract Tower,4,15,10,4,33,0,10,18,0,28,4,25,28,4,61,16,46,62,123
02/16/2006,MOT,ND,AGL,CE,Federal Contract Tower,4,16,2,0,22,0,3,4,0,7,4,19,6,0,29,0,46,46,75
02/17/2006,MOT,ND,AGL,CE,Federal Contract Tower,4,17,14,0,35,0,5,3,0,8,4,22,17,0,43,0,0,0,43
02/18/2006,MOT,ND,AGL,CE,Federal Contract Tower,4,6,2,2,14,0,3,12,0,15,4,9,14,2,29,0,0,0,29
02/19/2006,MOT,ND,AGL,CE,Federal Contract Tower,4,2,4,1,11,0,4,21,0,25,4,6,25,1,36,32,0,32,68
02/20/2006,MOT,ND,AGL,CE,Federal Contract Tower,5,13,3,1,22,0,5,15,0,20,5,18,18,1,42,10,0,10,52
02/21/2006,MOT,ND,AGL,CE,Federal Contract Tower,4,14,5,0,23,0,2,4,5,11,4,16,9,5,34,0,6,6,40
02/22/2006,MOT,ND,AGL,CE,Federal Contract Tower,4,19,3,0,26,0,5,16,5,26,4,24,19,5,52,16,28,44,96
02/23/2006,MOT,ND,AGL,CE,Federal Contract Tower,4,12,6,0,22,0,10,17,0,27,4,22,23,0,49,6,10,16,65
02/24/2006,MOT,ND,AGL,CE,Federal Contract Tower,4,11,2,0,17,0,0,0,0,0,4,11,2,0,17,0,2,2,19
02/25/2006,MOT,ND,AGL,CE,Federal Contract Tower,4,9,4,0,17,0,9,25,0,34,4,18,29,0,51,40,0,40,91
02/26/2006,MOT,ND,AGL,CE,Federal Contract Tower,4,3,1,0,8,0,3,14,0,17,4,6,15,0,25,26,0,26,51
02/27/2006,MOT,ND,AGL,CE,Federal Contract Tower,5,10,3,2,20,0,4,8,2,14,5,14,11,4,34,8,22,30,64
02/28/2006,MOT,ND,AGL,CE,Federal Contract Tower,4,12,3,2,21,0,9,23,0,32,4,21,26,2,53,32,36,68,121
03/01/2006,MOT,ND,AGL,CE,Federal Contract Tower,4,13,0,0,17,0,0,0,0,0,4,13,0,0,17,0,0,0,17
03/02/2006,MOT,ND,AGL,CE,Federal Contract Tower,4,12,7,0,23,0,2,14,6,22,4,14,21,6,45,14,18,32,77
03/03/2006,MOT,ND,AGL,CE,Federal Contract Tower,4,20,7,0,31,0,5,28,0,33,4,25,35,0,64,20,38,58,122
03/04/2006,MOT,ND,AGL,CE,Federal Contract Tower,4,17,3,0,24,0,2,12,0,14,4,19,15,0,38,24,0,24,62
03/05/2006,MOT,ND,AGL,CE,Federal Contract Tower,4,2,0,0,6,0,0,0,0,0,4,2,0,0,6,0,0,0,6
03/06/2006,MOT,ND,AGL,CE,Federal Contract Tower,6,12,5,1,24,0,2,16,2,20,6,14,21,3,44,24,24,48,92
03/07/2006,MOT,ND,AGL,CE,Federal Contract Tower,4,14,6,0,24,0,3,3,0,6,4,17,9,0,30,12,8,20,50
03/08/2006,MOT,ND,AGL,CE,Federal Contract Tower,4,10,10,0,24,0,3,9,0,12,4,13,19,0,36,24,12,36,72
03/09/2006,MOT,ND,AGL,CE,Federal Contract Tower,4,18,14,2,38,0,0,17,3,20,4,18,31,5,58,66,48,114,172
03/10/2006,MOT,ND,AGL,CE,Federal Contract Tower,4,14,5,0,23,0,7,37,5,49,4,21,42,5,72,30,8,38,110
03/11/2006,MOT,ND,AGL,CE,Federal Contract Tower,5,16,5,0,26,0,9,36,5,50,5,25,41,5,76,76,0,76,152
03/12/2006,MOT,ND,AGL,CE,Federal Contract Tower,6,3,1,2,12,0,7,53,12,72,6,10,54,14,84,42,0,42,126
03/13/2006,MOT,ND,AGL,CE,Federal Contract Tower,4,9,0,0,13,0,0,16,4,20,4,9,16,4,33,20,2,22,55
03/14/2006,MOT,ND,AGL,CE,Federal Contract Tower,4,13,10,2,29,0,2,19,1,22,4,15,29,3,51,68,16,84,135
03/15/2006,MOT,ND,AGL,CE,Federal Contract Tower,4,20,5,0,29,0,2,14,1,17,4,22,19,1,46,22,14,36,82
03/16/2006,MOT,ND,AGL,CE,Federal Contract Tower,6,12,3,0,21,0,7,24,0,31,6,19,27,0,52,50,10,60,112
03/17/2006,MOT,ND,AGL,CE,Federal Contract Tower,4,12,8,0,24,0,11,27,0,38,4,23,35,0,62,68,14,82,144
03/18/2006,MOT,ND,AGL,CE,Federal Contract Tower,4,12,5,0,21,0,4,7,0,11,4,16,12,0,32,0,0,0,32
03/19/2006,MOT,ND,AGL,CE,Federal Contract Tower,4,2,3,0,9,0,0,4,0,4,4,2,7,0,13,0,0,0,13
03/20/2006,MOT,ND,AGL,CE,Federal Contract Tower,4,10,6,0,20,0,4,22,0,26,4,14,28,0,46,32,10,42,88
03/21/2006,MOT,ND,AGL,CE,Federal Contract Tower,4,10,5,1,20,0,3,34,0,37,4,13,39,1,57,28,16,44,101
03/22/2006,MOT,ND,AGL,CE,Federal Contract Tower,4,12,8,0,24,0,10,35,0,45,4,22,43,0,69,30,34,64,133
03/23/2006,MOT,ND,AGL,CE,Federal Contract Tower,4,11,7,0,22,0,9,32,0,41,4,20,39,0,63,58,14,72,135
03/24/2006,MOT,ND,AGL,CE,Federal Contract Tower,4,12,2,0,18,0,8,42,0,50,4,20,44,0,68,54,22,76,144
03/25/2006,MOT,ND,AGL,CE,Federal Contract Tower,4,13,3,1,21,0,1,16,0,17,4,14,19,1,38,4,2,6,44
03/26/2006,MOT,ND,AGL,CE,Federal Contract Tower,4,1,1,0,6,0,3,3,0,6,4,4,4,0,12,0,0,0,12
03/27/2006,MOT,ND,AGL,CE,Federal Contract Tower,4,10,0,0,14,0,5,22,0,27,4,15,22,0,41,34,44,78,119
03/28/2006,MOT,ND,AGL,CE,Federal Contract Tower,4,13,13,0,30,0,4,27,3,34,4,17,40,3,64,34,18,52,116
03/29/2006,MOT,ND,AGL,CE,Federal Contract Tower,4,13,8,0,25,0,11,29,3,43,4,24,37,3,68,28,12,40,108
03/30/2006,MOT,ND,AGL,CE,Federal Contract Tower,4,16,8,0,28,0,0,0,0,0,4,16,8,0,28,8,0,8,36
03/31/2006,MOT,ND,AGL,CE,Federal Contract Tower,4,12,10,0,26,0,7,4,3,14,4,19,14,3,40,36,14,50,90
04/01/2006,MOT,ND,AGL,CE,Federal Contract Tower,4,10,3,0,17,0,4,27,0,31,4,14,30,0,48,54,0,54,102
04/02/2006,MOT,ND,AGL,CE,Federal Contract Tower,4,2,0,0,6,0,2,13,0,15,4,4,13,0,21,76,0,76,97
04/03/2006,MOT,ND,AGL,CE,Federal Contract Tower,4,12,8,0,24,0,4,27,0,31,4,16,35,0,55,60,20,80,135
04/04/2006,MOT,ND,AGL,CE,Federal Contract Tower,5,15,2,2,24,0,10,32,0,42,5,25,34,2,66,62,22,84,150
04/05/2006,MOT,ND,AGL,CE,Federal Contract Tower,4,18,6,1,29,0,7,22,0,29,4,25,28,1,58,42,24,66,124
04/06/2006,MOT,ND,AGL,CE,Federal Contract Tower,4,12,3,0,19,0,6,4,3,13,4,18,7,3,32,0,12,12,44
04/07/2006,MOT,ND,AGL,CE,Federal Contract Tower,4,10,1,0,15,0,5,22,0,27,4,15,23,0,42,32,0,32,74
04/08/2006,MOT,ND,AGL,CE,Federal Contract Tower,4,9,1,2,16,0,5,18,0,23,4,14,19,2,39,62,2,64,103
04/09/2006,MOT,ND,AGL,CE,Federal Contract Tower,4,5,2,2,13,0,6,48,2,56,4,11,50,4,69,46,0,46,115
04/10/2006,MOT,ND,AGL,CE,Federal Contract Tower,5,8,2,0,15,0,6,35,0,41,5,14,37,0,56,20,22,42,98
04/11/2006,MOT,ND,AGL,CE,Federal Contract Tower,4,12,10,0,26,0,10,24,5,39,4,22,34,5,65,43,20,63,128
04/12/2006,MOT,ND,AGL,CE,Federal Contract Tower,4,13,5,3,25,0,7,14,0,21,4,20,19,3,46,40,44,84,130
04/13/2006,MOT,ND,AGL,CE,Federal Contract Tower,4,14,13,0,31,0,6,13,1,20,4,20,26,1,51,20,48,68,119
04/14/2006,MOT,ND,AGL,CE,Federal Contract Tower,4,14,0,0,18,0,2,41,0,43,4,16,41,0,61,42,0,42,103
04/15/2006,MOT,ND,AGL,CE,Federal Contract Tower,6,8,3,0,17,0,4,34,0,38,6,12,37,0,55,120,0,120,175
04/16/2006,MOT,ND,AGL,CE,Federal Contract Tower,4,4,2,0,10,0,0,13,0,13,4,4,15,0,23,14,0,14,37
04/17/2006,MOT,ND,AGL,CE,Federal Contract Tower,4,11,13,4,32,0,6,22,0,28,4,17,35,4,60,54,28,82,142
04/18/2006,MOT,ND,AGL,CE,Federal Contract Tower,4,20,7,3,34,0,2,3,0,5,4,22,10,3,39,0,26,26,65
04/19/2006,MOT,ND,AGL,CE,Federal Contract Tower,3,18,5,0,26,1,0,5,0,6,4,18,10,0,32,0,4,4,36
04/20/2006,MOT,ND,AGL,CE,Federal Contract Tower,4,16,6,4,30,0,4,28,3,35,4,20,34,7,65,72,18,90,155
04/21/2006,MOT,ND,AGL,CE,Federal Contract Tower,4,12,3,0,19,0,14,38,3,55,4,26,41,3,74,104,30,134,208
04/22/2006,MOT,ND,AGL,CE,Federal Contract Tower,5,8,1,0,14,0,9,54,2,65,5,17,55,2,79,80,8,88,167
04/23/2006,MOT,ND,AGL,CE,Federal Contract Tower,4,3,4,0,11,0,3,16,0,19,4,6,20,0,30,26,0,26,56
04/24/2006,MOT,ND,AGL,CE,Federal Contract Tower,3,7,13,0,23,2,0,0,0,2,5,7,13,0,25,12,2,14,39
04/25/2006,MOT,ND,AGL,CE,Federal Contract Tower,4,14,8,0,26,0,6,28,2,36,4,20,36,2,62,82,4,86,148
04/26/2006,MOT,ND,AGL,CE,Federal Contract Tower,4,17,7,1,29,0,3,33,5,41,4,20,40,6,70,100,26,126,196
04/27/2006,MOT,ND,AGL,CE,Federal Contract Tower,4,14,5,14,37,0,6,45,8,59,4,20,50,22,96,54,31,85,181
04/28/2006,MOT,ND,AGL,CE,Federal Contract Tower,4,18,3,0,25,0,9,31,0,40,4,27,34,0,65,68,14,82,147
04/29/2006,MOT,ND,AGL,CE,Federal Contract Tower,5,8,16,0,29,0,2,11,0,13,5,10,27,0,42,36,0,36,78
04/30/2006,MOT,ND,AGL,CE,Federal Contract Tower,4,2,6,0,12,0,0,6,0,6,4,2,12,0,18,0,0,0,18
05/01/2006,MOT,ND,AGL,CE,Federal Contract Tower,4,11,7,0,22,0,0,2,0,2,4,11,9,0,24,12,0,12,36
05/02/2006,MOT,ND,AGL,CE,Federal Contract Tower,4,17,2,0,23,0,4,21,2,27,4,21,23,2,50,42,30,72,122
05/03/2006,MOT,ND,AGL,CE,Federal Contract Tower,4,17,5,0,26,0,6,16,12,34,4,23,21,12,60,0,34,34,94
05/04/2006,MOT,ND,AGL,CE,Federal Contract Tower,4,20,6,0,30,0,9,11,0,20,4,29,17,0,50,64,10,74,124
05/05/2006,MOT,ND,AGL,CE,Federal Contract Tower,4,16,4,0,24,0,9,31,0,40,4,25,35,0,64,20,6,26,90
05/06/2006,MOT,ND,AGL,CE,Federal Contract Tower,4,11,6,0,21,0,0,22,0,22,4,11,28,0,43,92,0,92,135
05/07/2006,MOT,ND,AGL,CE,Federal Contract Tower,4,2,9,0,15,0,3,23,0,26,4,5,32,0,41,40,0,40,81
05/08/2006,MOT,ND,AGL,CE,Federal Contract Tower,4,8,6,1,19,0,4,18,1,23,4,12,24,2,42,26,2,28,70
05/09/2006,MOT,ND,AGL,CE,Federal Contract Tower,4,16,16,1,37,0,2,10,10,22,4,18,26,11,59,4,26,30,89
05/10/2006,MOT,ND,AGL,CE,Federal Contract Tower,4,19,3,2,28,0,6,6,2,14,4,25,9,4,42,48,2,50,92
05/11/2006,MOT,ND,AGL,CE,Federal Contract Tower,4,17,5,1,27,0,2,31,7,40,4,19,36,8,67,50,16,66,133
05/12/2006,MOT,ND,AGL,CE,Federal Contract Tower,4,21,8,1,34,0,5,29,2,36,4,26,37,3,70,50,2,52,122
05/13/2006,MOT,ND,AGL,CE,Federal Contract Tower,4,9,3,1,17,0,2,19,0,21,4,11,22,1,38,50,0,50,88
05/14/2006,MOT,ND,AGL,CE,Federal Contract Tower,4,5,0,0,9,0,3,36,0,39,4,8,36,0,48,88,0,88,136
05/15/2006,MOT,ND,AGL,CE,Federal Contract Tower,4,8,4,0,16,0,8,35,5,48,4,16,39,5,64,68,18,86,150
05/16/2006,MOT,ND,AGL,CE,Federal Contract Tower,4,14,7,1,26,0,7,26,3,36,4,21,33,4,62,50,10,60,122
05/17/2006,MOT,ND,AGL,CE,Federal Contract Tower,4,17,0,1,22,0,2,32,1,35,4,19,32,2,57,112,6,118,175
05/18/2006,MOT,ND,AGL,CE,Federal Contract Tower,4,15,9,3,31,0,4,19,3,26,4,19,28,6,57,38,12,50,107
05/19/2006,MOT,ND,AGL,CE,Federal Contract Tower,4,11,4,1,20,0,4,35,1,40,4,15,39,2,60,100,6,106,166
05/20/2006,MOT,ND,AGL,CE,Federal Contract Tower,4,8,5,0,17,0,3,42,0,45,4,11,47,0,62,82,0,82,144
05/21/2006,MOT,ND,AGL,CE,Federal Contract Tower,4,3,3,0,10,0,5,31,0,36,4,8,34,0,46,66,0,66,112
05/22/2006,MOT,ND,AGL,CE,Federal Contract Tower,5,10,5,0,20,0,6,20,4,30,5,16,25,4,50,38,8,46,96
05/23/2006,MOT,ND,AGL,CE,Federal Contract Tower,4,16,16,4,40,0,10,27,5,42,4,26,43,9,82,86,16,102,184
05/24/2006,MOT,ND,AGL,CE,Federal Contract Tower,4,15,8,3,30,0,2,5,7,14,4,17,13,10,44,0,6,6,50
05/25/2006,MOT,ND,AGL,CE,Federal Contract Tower,4,10,3,2,19,0,4,35,1,40,4,14,38,3,59,126,4,130,189
05/26/2006,MOT,ND,AGL,CE,Federal Contract Tower,6,14,3,0,23,0,4,32,5,41,6,18,35,5,64,50,10,60,124
05/27/2006,MOT,ND,AGL,CE,Federal Contract Tower,4,8,12,0,24,0,10,21,0,31,4,18,33,0,55,44,0,44,99
05/28/2006,MOT,ND,AGL,CE,Federal Contract Tower,4,2,6,0,12,0,0,0,0,0,4,2,6,0,12,2,0,2,14
05/29/2006,MOT,ND,AGL,CE,Federal Contract Tower,4,0,3,0,7,0,0,18,0,18,4,0,21,0,25,14,0,14,39
05/30/2006,MOT,ND,AGL,CE,Federal Contract Tower,4,10,2,0,16,0,3,16,4,23,4,13,18,4,39,34,8,42,81
05/31/2006,MOT,ND,AGL,CE,Federal Contract Tower,4,14,3,0,21,0,4,30,6,40,4,18,33,6,61,62,4,66,127
06/01/2006,MOT,ND,AGL,CE,Federal Contract Tower,4,12,14,0,30,0,11,60,0,71,4,23,74,0,101,104,8,112,213
06/02/2006,MOT,ND,AGL,CE,Federal Contract Tower,4,11,7,0,22,0,11,43,0,54,4,22,50,0,76,86,8,94,170
06/03/2006,MOT,ND,AGL,CE,Federal Contract Tower,5,9,4,0,18,0,9,39,2,50,5,18,43,2,68,74,48,122,190
06/04/2006,MOT,ND,AGL,CE,Federal Contract Tower,4,0,9,0,13,0,0,36,0,36,4,0,45,0,49,122,0,122,171
06/05/2006,MOT,ND,AGL,CE,Federal Contract Tower,4,11,5,0,20,0,4,30,0,34,4,15,35,0,54,102,18,120,174
06/06/2006,MOT,ND,AGL,CE,Federal Contract Tower,4,13,0,0,17,0,6,20,12,38,4,19,20,12,55,86,58,144,199
06/07/2006,MOT,ND,AGL,CE,Federal Contract Tower,4,14,7,2,27,0,4,42,4,50,4,18,49,6,77,116,10,126,203
06/08/2006,MOT,ND,AGL,CE,Federal Contract Tower,4,12,6,2,24,0,5,24,3,32,4,17,30,5,56,14,14,28,84
06/09/2006,MOT,ND,AGL,CE,Federal Contract Tower,5,20,13,0,38,0,4,9,0,13,5,24,22,0,51,6,8,14,65
06/10/2006,MOT,ND,AGL,CE,Federal Contract Tower,5,8,2,0,15,0,8,33,0,41,5,16,35,0,56,72,0,72,128
06/11/2006,MOT,ND,AGL,CE,Federal Contract Tower,4,1,12,0,17,0,1,13,0,14,4,2,25,0,31,0,0,0,31
06/12/2006,MOT,ND,AGL,CE,Federal Contract Tower,4,11,9,2,26,0,4,23,0,27,4,15,32,2,53,41,8,49,102
06/13/2006,MOT,ND,AGL,CE,Federal Contract Tower,4,16,11,6,37,0,2,46,4,52,4,18,57,10,89,76,76,152,241
06/14/2006,MOT,ND,AGL,CE,Federal Contract Tower,4,14,12,2,32,0,5,35,1,41,4,19,47,3,73,52,20,72,145
06/15/2006,MOT,ND,AGL,CE,Federal Contract Tower,4,14,9,0,27,0,15,38,0,53,4,29,47,0,80,76,34,110,190
06/16/2006,MOT,ND,AGL,CE,Federal Contract Tower,4,20,5,0,29,0,7,23,0,30,4,27,28,0,59,122,4,126,185
06/17/2006,MOT,ND,AGL,CE,Federal Contract Tower,4,10,11,0,25,0,4,20,0,24,4,14,31,0,49,16,0,16,65
06/18/2006,MOT,ND,AGL,CE,Federal Contract Tower,4,1,6,0,11,0,6,24,0,30,4,7,30,0,41,0,0,0,41
06/19/2006,MOT,ND,AGL,CE,Federal Contract Tower,4,12,7,0,23,0,8,39,0,47,4,20,46,0,70,108,18,126,196
06/20/2006,MOT,ND,AGL,CE,Federal Contract Tower,4,14,5,0,23,0,7,54,2,63,4,21,59,2,86,90,16,106,192
06/21/2006,MOT,ND,AGL,CE,Federal Contract Tower,4,19,5,0,28,0,6,8,0,14,4,25,13,0,42,22,10,32,74
06/22/2006,MOT,ND,AGL,CE,Federal Contract Tower,4,20,9,0,33,0,6,45,0,51,4,26,54,0,84,124,12,136,220
06/23/2006,MOT,ND,AGL,CE,Federal Contract Tower,4,12,5,0,21,0,2,18,0,20,4,14,23,0,41,22,8,30,71
06/24/2006,MOT,ND,AGL,CE,Federal Contract Tower,4,10,3,0,17,0,2,35,0,37,4,12,38,0,54,70,0,70,124
06/25/2006,MOT,ND,AGL,CE,Federal Contract Tower,4,0,4,0,8,0,7,68,0,75,4,7,72,0,83,108,0,108,191
06/26/2006,MOT,ND,AGL,CE,Federal Contract Tower,4,8,10,0,22,0,6,58,0,64,4,14,68,0,86,60,18,78,164
06/27/2006,MOT,ND,AGL,CE,Federal Contract Tower,4,14,7,0,25,0,2,21,0,23,4,16,28,0,48,22,0,22,70
06/28/2006,MOT,ND,AGL,CE,Federal Contract Tower,4,15,14,0,33,0,9,44,0,53,4,24,58,0,86,142,12,154,240
06/29/2006,MOT,ND,AGL,CE,Federal Contract Tower,4,17,4,1,26,0,3,30,1,34,4,20,34,2,60,36,2,38,98
06/30/2006,MOT,ND,AGL,CE,Federal Contract Tower,4,14,13,2,33,0,4,17,0,21,4,18,30,2,54,53,10,63,117
07/01/2006,MOT,ND,AGL,CE,Federal Contract Tower,4,12,7,2,25,0,4,65,0,69,4,16,72,2,94,80,0,80,174
07/02/2006,MOT,ND,AGL,CE,Federal Contract Tower,4,2,6,0,12,0,6,72,0,78,4,8,78,0,90,104,0,104,194
07/03/2006,MOT,ND,AGL,CE,Federal Contract Tower,4,10,2,0,16,0,4,53,0,57,4,14,55,0,73,54,2,56,129
07/04/2006,MOT,ND,AGL,CE,Federal Contract Tower,4,3,5,0,12,0,8,46,0,54,4,11,51,0,66,54,0,54,120
07/05/2006,MOT,ND,AGL,CE,Federal Contract Tower,4,13,3,6,26,0,8,30,16,54,4,21,33,22,80,68,22,90,170
07/06/2006,MOT,ND,AGL,CE,Federal Contract Tower,4,15,0,0,19,0,4,22,2,28,4,19,22,2,47,18,2,20,67
07/07/2006,MOT,ND,AGL,CE,Federal Contract Tower,4,11,9,0,24,0,9,66,0,75,4,20,75,0,99,66,36,102,201
07/08/2006,MOT,ND,AGL,CE,Federal Contract Tower,4,13,4,4,25,0,4,86,0,90,4,17,90,4,115,96,16,112,227
07/09/2006,MOT,ND,AGL,CE,Federal Contract Tower,4,2,2,0,8,0,3,54,0,57,4,5,56,0,65,36,0,36,101
07/10/2006,MOT,ND,AGL,CE,Federal Contract Tower,4,12,6,0,22,0,20,31,0,51,4,32,37,0,73,30,80,110,183
07/11/2006,MOT,ND,AGL,CE,Federal Contract Tower,4,18,6,0,28,0,9,37,0,46,4,27,43,0,74,106,30,136,210
07/12/2006,MOT,ND,AGL,CE,Federal Contract Tower,4,18,6,0,28,0,7,21,0,28,4,25,27,0,56,22,12,34,90
07/13/2006,MOT,ND,AGL,CE,Federal Contract Tower,4,14,12,3,33,0,8,28,0,36,4,22,40,3,69,80,52,132,201
07/14/2006,MOT,ND,AGL,CE,Federal Contract Tower,6,13,13,2,34,0,2,41,4,47,6,15,54,6,81,42,96,138,219
07/15/2006,MOT,ND,AGL,CE,Federal Contract Tower,4,10,5,0,19,0,9,52,0,61,4,19,57,0,80,74,0,74,154
07/16/2006,MOT,ND,AGL,CE,Federal Contract Tower,4,1,6,0,11,0,2,36,0,38,4,3,42,0,49,50,0,50,99
07/17/2006,MOT,ND,AGL,CE,Federal Contract Tower,4,11,7,4,26,0,3,35,3,41,4,14,42,7,67,88,66,154,221
07/18/2006,MOT,ND,AGL,CE,Federal Contract Tower,4,16,10,0,30,0,12,32,1,45,4,28,42,1,75,22,0,22,97
07/19/2006,MOT,ND,AGL,CE,Federal Contract Tower,4,13,8,2,27,0,3,38,4,45,4,16,46,6,72,80,60,140,212
07/20/2006,MOT,ND,AGL,CE,Federal Contract Tower,4,14,13,0,31,0,1,23,0,24,4,15,36,0,55,34,2,36,91
07/21/2006,MOT,ND,AGL,CE,Federal Contract Tower,4,12,15,2,33,0,4,35,2,41,4,16,50,4,74,18,4,22,96
07/22/2006,MOT,ND,AGL,CE,Federal Contract Tower,4,8,11,0,23,0,4,43,0,47,4,12,54,0,70,36,4,40,110
07/23/2006,MOT,ND,AGL,CE,Federal Contract Tower,4,1,7,0,12,0,0,45,2,47,4,1,52,2,59,30,0,30,89
07/24/2006,MOT,ND,AGL,CE,Federal Contract Tower,4,10,7,0,21,0,2,25,0,27,4,12,32,0,48,20,6,26,74
07/25/2006,MOT,ND,AGL,CE,Federal Contract Tower,4,12,11,0,27,0,2,32,4,38,4,14,43,4,65,32,0,32,97
07/26/2006,MOT,ND,AGL,CE,Federal Contract Tower,4,11,6,1,22,0,2,25,1,28,4,13,31,2,50,28,2,30,80
07/27/2006,MOT,ND,AGL,CE,Federal Contract Tower,4,12,5,1,22,0,3,50,1,54,4,15,55,2,76,4,4,8,84
07/28/2006,MOT,ND,AGL,CE,Federal Contract Tower,4,14,14,0,32,0,0,31,0,31,4,14,45,0,63,2,0,2,65
07/29/2006,MOT,ND,AGL,CE,Federal Contract Tower,4,12,4,2,22,0,4,25,0,29,4,16,29,2,51,54,0,54,105
07/30/2006,MOT,ND,AGL,CE,Federal Contract Tower,4,2,14,0,20,0,0,57,0,57,4,2,71,0,77,36,0,36,113
07/31/2006,MOT,ND,AGL,CE,Federal Contract Tower,4,9,4,2,19,0,5,57,1,63,4,14,61,3,82,100,28,128,210
08/01/2006,MOT,ND,AGL,CE,Federal Contract Tower,4,12,10,0,26,0,5,48,5,58,4,17,58,5,84,108,20,128,212
08/02/2006,MOT,ND,AGL,CE,Federal Contract Tower,5,14,13,0,32,0,6,45,5,56,5,20,58,5,88,74,16,90,178
08/03/2006,MOT,ND,AGL,CE,Federal Contract Tower,4,20,5,0,29,0,11,54,0,65,4,31,59,0,94,84,12,96,190
08/04/2006,MOT,ND,AGL,CE,Federal Contract Tower,4,13,4,0,21,0,2,24,0,26,4,15,28,0,47,57,0,57,104
08/05/2006,MOT,ND,AGL,CE,Federal Contract Tower,4,8,2,0,14,0,0,10,0,10,4,8,12,0,24,48,0,48,72
08/06/2006,MOT,ND,AGL,CE,Federal Contract Tower,4,0,5,0,9,0,2,58,0,60,4,2,63,0,69,96,0,96,165
08/07/2006,MOT,ND,AGL,CE,Federal Contract Tower,4,8,9,2,23,0,7,44,2,53,4,15,53,4,76,40,16,56,132
08/08/2006,MOT,ND,AGL,CE,Federal Contract Tower,4,15,6,2,27,0,8,31,0,39,4,23,37,2,66,20,18,38,104
08/09/2006,MOT,ND,AGL,CE,Federal Contract Tower,4,20,14,0,38,0,6,26,0,32,4,26,40,0,70,24,8,32,102
08/10/2006,MOT,ND,AGL,CE,Federal Contract Tower,4,15,11,0,30,0,3,27,4,34,4,18,38,4,64,84,8,92,156
08/11/2006,MOT,ND,AGL,CE,Federal Contract Tower,4,13,8,1,26,0,0,24,0,24,4,13,32,1,50,52,24,76,126
08/12/2006,MOT,ND,AGL,CE,Federal Contract Tower,4,10,7,0,21,0,3,42,0,45,4,13,49,0,66,108,0,108,174
08/13/2006,MOT,ND,AGL,CE,Federal Contract Tower,4,1,5,1,11,0,2,40,0,42,4,3,45,1,53,108,0,108,161
08/14/2006,MOT,ND,AGL,CE,Federal Contract Tower,5,10,7,3,25,0,8,43,0,51,5,18,50,3,76,38,18,56,132
08/15/2006,MOT,ND,AGL,CE,Federal Contract Tower,4,11,9,4,28,0,6,41,0,47,4,17,50,4,75,54,14,68,143
08/16/2006,MOT,ND,AGL,CE,Federal Contract Tower,4,10,3,0,17,0,2,27,0,29,4,12,30,0,46,32,0,32,78
08/17/2006,MOT,ND,AGL,CE,Federal Contract Tower,4,13,7,3,27,0,7,37,0,44,4,20,44,3,71,42,14,56,127
08/18/2006,MOT,ND,AGL,CE,Federal Contract Tower,4,17,6,1,28,0,4,45,0,49,4,21,51,1,77,48,4,52,129
08/19/2006,MOT,ND,AGL,CE,Federal Contract Tower,4,12,6,2,24,0,2,51,0,53,4,14,57,2,77,162,0,162,239
08/20/2006,MOT,ND,AGL,CE,Federal Contract Tower,6,0,12,1,19,0,0,55,0,55,6,0,67,1,74,56,0,56,130
08/21/2006,MOT,ND,AGL,CE,Federal Contract Tower,5,8,2,0,15,0,5,40,0,45,5,13,42,0,60,56,28,84,144
08/22/2006,MOT,ND,AGL,CE,Federal Contract Tower,4,13,11,0,28,0,1,20,0,21,4,14,31,0,49,26,4,30,79
08/23/2006,MOT,ND,AGL,CE,Federal Contract Tower,4,18,12,0,34,0,0,34,0,34,4,18,46,0,68,56,2,58,126
08/24/2006,MOT,ND,AGL,CE,Federal Contract Tower,6,11,19,0,36,0,1,27,0,28,6,12,46,0,64,28,0,28,92
08/25/2006,MOT,ND,AGL,CE,Federal Contract Tower,4,11,4,0,19,0,9,57,4,70,4,20,61,4,89,58,0,58,147
08/26/2006,MOT,ND,AGL,CE,Federal Contract Tower,4,12,7,0,23,0,10,66,2,78,4,22,73,2,101,86,0,86,187
08/27/2006,MOT,ND,AGL,CE,Federal Contract Tower,4,2,4,0,10,0,8,52,0,60,4,10,56,0,70,76,0,76,146
08/28/2006,MOT,ND,AGL,CE,Federal Contract Tower,4,12,3,0,19,0,4,31,0,35,4,16,34,0,54,30,0,30,84
08/29/2006,MOT,ND,AGL,CE,Federal Contract Tower,4,12,6,0,22,0,4,19,7,30,4,16,25,7,52,20,0,20,72
08/30/2006,MOT,ND,AGL,CE,Federal Contract Tower,4,12,2,0,18,0,4,38,2,44,4,16,40,2,62,0,8,8,70
08/31/2006,MOT,ND,AGL,CE,Federal Contract Tower,4,12,3,0,19,0,13,45,0,58,4,25,48,0,77,62,20,82,159
09/01/2006,MOT,ND,AGL,CE,Federal Contract Tower,4,16,11,0,31,0,13,43,0,56,4,29,54,0,87,72,8,80,167
09/02/2006,MOT,ND,AGL,CE,Federal Contract Tower,4,8,5,0,17,0,13,48,0,61,4,21,53,0,78,56,0,56,134
09/03/2006,MOT,ND,AGL,CE,Federal Contract Tower,3,0,4,0,7,0,0,33,0,33,3,0,37,0,40,54,0,54,94
09/04/2006,MOT,ND,AGL,CE,Federal Contract Tower,4,0,6,0,10,0,0,32,0,32,4,0,38,0,42,57,0,57,99
09/05/2006,MOT,ND,AGL,CE,Federal Contract Tower,4,13,9,2,28,0,7,47,2,56,4,20,56,4,84,48,16,64,148
09/06/2006,MOT,ND,AGL,CE,Federal Contract Tower,4,16,9,2,31,0,4,53,2,59,4,20,62,4,90,54,58,112,202
09/07/2006,MOT,ND,AGL,CE,Federal Contract Tower,4,17,5,0,26,0,11,40,0,51,4,28,45,0,77,12,10,22,99
09/08/2006,MOT,ND,AGL,CE,Federal Contract Tower,4,16,16,2,38,0,12,31,0,43,4,28,47,2,81,34,50,84,165
09/09/2006,MOT,ND,AGL,CE,Federal Contract Tower,4,8,3,0,15,0,0,37,0,37,4,8,40,0,52,88,0,88,140
09/10/2006,MOT,ND,AGL,CE,Federal Contract Tower,4,0,6,0,10,0,2,35,0,37,4,2,41,0,47,62,0,62,109
09/11/2006,MOT,ND,AGL,CE,Federal Contract Tower,4,10,2,0,16,0,6,34,0,40,4,16,36,0,56,60,80,140,196
09/12/2006,MOT,ND,AGL,CE,Federal Contract Tower,4,13,6,0,23,0,9,53,2,64,4,22,59,2,87,58,26,84,171
09/13/2006,MOT,ND,AGL,CE,Federal Contract Tower,4,16,9,0,29,0,10,38,0,48,4,26,47,0,77,18,76,94,171
09/14/2006,MOT,ND,AGL,CE,Federal Contract Tower,4,20,5,0,29,0,11,35,0,46,4,31,40,0,75,16,50,66,141
09/15/2006,MOT,ND,AGL,CE,Federal Contract Tower,4,24,6,0,34,0,2,8,0,10,4,26,14,0,44,26,0,26,70
09/16/2006,MOT,ND,AGL,CE,Federal Contract Tower,4,12,12,0,28,0,0,16,0,16,4,12,28,0,44,60,0,60,104
09/17/2006,MOT,ND,AGL,CE,Federal Contract Tower,4,6,11,0,21,0,2,15,0,17,4,8,26,0,38,52,0,52,90
09/18/2006,MOT,ND,AGL,CE,Federal Contract Tower,4,8,11,0,23,0,5,26,0,31,4,13,37,0,54,18,92,110,164
09/19/2006,MOT,ND,AGL,CE,Federal Contract Tower,6,18,11,2,37,0,10,49,0,59,6,28,60,2,96,56,50,106,202
09/20/2006,MOT,ND,AGL,CE,Federal Contract Tower,7,17,7,0,31,0,16,38,0,54,7,33,45,0,85,68,20,88,173
09/21/2006,MOT,ND,AGL,CE,Federal Contract Tower,4,14,11,0,29,0,0,13,0,13,4,14,24,0,42,94,0,94,136
09/22/2006,MOT,ND,AGL,CE,Federal Contract Tower,4,16,6,0,26,0,0,0,0,0,4,16,6,0,26,0,0,0,26
09/23/2006,MOT,ND,AGL,CE,Federal Contract Tower,4,10,4,0,18,0,3,46,2,51,4,13,50,2,69,158,0,158,227
09/24/2006,MOT,ND,AGL,CE,Federal Contract Tower,4,0,5,0,9,0,8,59,0,67,4,8,64,0,76,110,0,110,186
09/25/2006,MOT,ND,AGL,CE,Federal Contract Tower,4,11,5,0,20,0,6,55,0,61,4,17,60,0,81,46,64,110,191
09/26/2006,MOT,ND,AGL,CE,Federal Contract Tower,4,18,10,4,36,0,8,18,0,26,4,26,28,4,62,32,22,54,116
09/27/2006,MOT,ND,AGL,CE,Federal Contract Tower,4,17,8,0,29,0,2,13,0,15,4,19,21,0,44,50,0,50,94
09/28/2006,MOT,ND,AGL,CE,Federal Contract Tower,4,12,3,0,19,0,1,19,0,20,4,13,22,0,39,64,0,64,103
09/29/2006,MOT,ND,AGL,CE,Federal Contract Tower,2,13,0,0,15,0,7,48,0,55,2,20,48,0,70,76,12,88,158
09/30/2006,MOT,ND,AGL,CE,Federal Contract Tower,6,10,6,0,22,0,4,74,0,78,6,14,80,0,100,114,0,114,214
10/01/2006,MOT,ND,AGL,CE,Federal Contract Tower,4,0,6,2,12,0,14,37,0,51,4,14,43,2,63,94,0,94,157
10/02/2006,MOT,ND,AGL,CE,Federal Contract Tower,4,8,5,0,17,0,6,41,0,47,4,14,46,0,64,36,42,78,142
10/03/2006,MOT,ND,AGL,CE,Federal Contract Tower,4,14,6,0,24,0,1,16,0,17,4,15,22,0,41,38,16,54,95
10/04/2006,MOT,ND,AGL,CE,Federal Contract Tower,4,14,1,1,20,0,4,23,0,27,4,18,24,1,47,50,36,86,133
10/05/2006,MOT,ND,AGL,CE,Federal Contract Tower,4,18,9,0,31,0,6,35,8,49,4,24,44,8,80,18,36,54,134
10/06/2006,MOT,ND,AGL,CE,Federal Contract Tower,4,12,8,0,24,0,9,44,0,53,4,21,52,0,77,60,6,66,143
10/07/2006,MOT,ND,AGL,CE,Federal Contract Tower,5,14,5,0,24,0,14,37,0,51,5,28,42,0,75,38,0,38,113
10/08/2006,MOT,ND,AGL,CE,Federal Contract Tower,4,5,9,0,18,0,4,19,0,23,4,9,28,0,41,46,0,46,87
10/09/2006,MOT,ND,AGL,CE,Federal Contract Tower,4,7,4,0,15,0,0,34,0,34,4,7,38,0,49,104,0,104,153
10/10/2006,MOT,ND,AGL,CE,Federal Contract Tower,4,13,5,0,22,0,3,6,0,9,4,16,11,0,31,8,52,60,91
10/11/2006,MOT,ND,AGL,CE,Federal Contract Tower,4,16,16,0,36,0,7,22,0,29,4,23,38,0,65,14,24,38,103
10/12/2006,MOT,ND,AGL,CE,Federal Contract Tower,4,11,9,0,24,0,4,24,0,28,4,15,33,0,52,42,10,52,104
10/13/2006,MOT,ND,AGL,CE,Federal Contract Tower,4,20,13,0,37,0,9,21,0,30,4,29,34,0,67,0,16,16,83
10/14/2006,MOT,ND,AGL,CE,Federal Contract Tower,4,12,13,0,29,0,1,32,0,33,4,13,45,0,62,98,0,98,160
10/15/2006,MOT,ND,AGL,CE,Federal Contract Tower,4,0,10,0,14,0,6,45,0,51,4,6,55,0,65,62,0,62,127
10/16/2006,MOT,ND,AGL,CE,Federal Contract Tower,4,11,5,0,20,0,3,11,0,14,4,14,16,0,34,26,0,26,60
10/17/2006,MOT,ND,AGL,CE,Federal Contract Tower,4,14,8,0,26,0,2,7,0,9,4,16,15,0,35,24,8,32,67
10/18/2006,MOT,ND,AGL,CE,Federal Contract Tower,4,22,15,0,41,0,1,10,8,19,4,23,25,8,60,12,0,12,72
10/19/2006,MOT,ND,AGL,CE,Federal Contract Tower,4,10,7,0,21,0,0,7,0,7,4,10,14,0,28,8,0,8,36
10/20/2006,MOT,ND,AGL,CE,Federal Contract Tower,4,19,4,0,27,0,2,3,0,5,4,21,7,0,32,28,4,32,64
10/21/2006,MOT,ND,AGL,CE,Federal Contract Tower,4,9,2,0,15,0,4,20,0,24,4,13,22,0,39,64,0,64,103
10/22/2006,MOT,ND,AGL,CE,Federal Contract Tower,4,4,12,0,20,0,1,22,0,23,4,5,34,0,43,111,0,111,154
10/23/2006,MOT,ND,AGL,CE,Federal Contract Tower,4,11,2,1,18,0,4,39,3,46,4,15,41,4,64,52,20,72,136
10/24/2006,MOT,ND,AGL,CE,Federal Contract Tower,4,14,6,0,24,0,7,39,0,46,4,21,45,0,70,54,12,66,136
10/25/2006,MOT,ND,AGL,CE,Federal Contract Tower,4,18,13,0,35,0,12,34,4,50,4,30,47,4,85,44,4,48,133
10/26/2006,MOT,ND,AGL,CE,Federal Contract Tower,4,14,1,0,19,0,9,32,0,41,4,23,33,0,60,12,10,22,82
10/27/2006,MOT,ND,AGL,CE,Federal Contract Tower,4,13,6,0,23,0,3,8,2,13,4,16,14,2,36,6,2,8,44
10/28/2006,MOT,ND,AGL,CE,Federal Contract Tower,4,13,4,0,21,0,6,29,0,35,4,19,33,0,56,74,0,74,130
10/29/2006,MOT,ND,AGL,CE,Federal Contract Tower,4,0,15,0,19,0,8,36,0,44,4,8,51,0,63,152,0,152,215
10/30/2006,MOT,ND,AGL,CE,Federal Contract Tower,4,8,0,0,12,0,2,2,0,4,4,10,2,0,16,0,0,0,16
10/31/2006,MOT,ND,AGL,CE,Federal Contract Tower,4,16,5,0,25,0,5,21,4,30,4,21,26,4,55,60,8,68,123
11/01/2006,MOT,ND,AGL,CE,Federal Contract Tower,4,14,7,0,25,0,5,13,0,18,4,19,20,0,43,30,10,40,83
11/02/2006,MOT,ND,AGL,CE,Federal Contract Tower,4,12,7,0,23,0,1,25,0,26,4,13,32,0,49,30,0,30,79
11/03/2006,MOT,ND,AGL,CE,Federal Contract Tower,4,13,10,0,27,0,4,18,2,24,4,17,28,2,51,46,4,50,101
11/04/2006,MOT,ND,AGL,CE,Federal Contract Tower,4,13,7,0,24,0,4,41,0,45,4,17,48,0,69,110,0,110,179
11/05/2006,MOT,ND,AGL,CE,Federal Contract Tower,4,2,8,0,14,0,8,30,0,38,4,10,38,0,52,94,0,94,146
11/06/2006,MOT,ND,AGL,CE,Federal Contract Tower,4,8,2,0,14,0,0,11,0,11,4,8,13,0,25,10,2,12,37
11/07/2006,MOT,ND,AGL,CE,Federal Contract Tower,4,16,7,1,28,0,3,3,8,14,4,19,10,9,42,56,27,83,125
11/08/2006,MOT,ND,AGL,CE,Federal Contract Tower,4,13,6,0,23,0,1,11,0,12,4,14,17,0,35,2,0,2,37
11/09/2006,MOT,ND,AGL,CE,Federal Contract Tower,4,15,7,0,26,0,1,22,3,26,4,16,29,3,52,70,18,88,140
11/10/2006,MOT,ND,AGL,CE,Federal Contract Tower,6,12,10,0,28,0,1,11,0,12,6,13,21,0,40,88,0,88,128
11/11/2006,MOT,ND,AGL,CE,Federal Contract Tower,4,10,2,0,16,0,1,3,0,4,4,11,5,0,20,0,0,0,20
11/12/2006,MOT,ND,AGL,CE,Federal Contract Tower,4,7,9,0,20,0,3,0,0,3,4,10,9,0,23,24,0,24,47
11/13/2006,MOT,ND,AGL,CE,Federal Contract Tower,4,10,4,1,19,0,7,28,4,39,4,17,32,5,58,50,10,60,118
11/14/2006,MOT,ND,AGL,CE,Federal Contract Tower,4,12,4,0,20,0,2,23,4,29,4,14,27,4,49,50,8,58,107
11/15/2006,MOT,ND,AGL,CE,Federal Contract Tower,4,16,14,0,34,0,7,44,2,53,4,23,58,2,87,58,10,68,155
11/16/2006,MOT,ND,AGL,CE,Federal Contract Tower,4,13,2,0,19,0,5,22,0,27,4,18,24,0,46,22,16,38,84
11/17/2006,MOT,ND,AGL,CE,Federal Contract Tower,4,14,3,0,21,0,6,40,0,46,4,20,43,0,67,80,8,88,155
11/18/2006,MOT,ND,AGL,CE,Federal Contract Tower,5,10,2,0,17,0,6,68,0,74,5,16,70,0,91,112,0,112,203
11/19/2006,MOT,ND,AGL,CE,Federal Contract Tower,4,2,6,0,12,0,15,60,0,75,4,17,66,0,87,122,1,123,210
11/20/2006,MOT,ND,AGL,CE,Federal Contract Tower,4,10,5,0,19,0,1,19,0,20,4,11,24,0,39,42,2,44,83
11/21/2006,MOT,ND,AGL,CE,Federal Contract Tower,4,12,10,0,26,0,0,27,4,31,4,12,37,4,57,59,3,62,119
11/22/2006,MOT,ND,AGL,CE,Federal Contract Tower,4,13,8,0,25,0,4,11,0,15,4,17,19,0,40,18,0,18,58
11/23/2006,MOT,ND,AGL,CE,Federal Contract Tower,3,0,0,0,3,0,0,1,0,1,3,0,1,0,4,0,0,0,4
11/24/2006,MOT,ND,AGL,CE,Federal Contract Tower,4,12,5,0,21,0,0,10,0,10,4,12,15,0,31,62,0,62,93
11/25/2006,MOT,ND,AGL,CE,Federal Contract Tower,4,12,2,0,18,0,2,13,0,15,4,14,15,0,33,68,0,68,101
11/26/2006,MOT,ND,AGL,CE,Federal Contract Tower,4,0,2,0,6,0,4,28,0,32,4,4,30,0,38,100,0,100,138
11/27/2006,MOT,ND,AGL,CE,Federal Contract Tower,4,7,6,0,17,0,0,1,0,1,4,7,7,0,18,0,0,0,18
11/28/2006,MOT,ND,AGL,CE,Federal Contract Tower,2,14,0,0,16,0,0,0,0,0,2,14,0,0,16,0,0,0,16
11/29/2006,MOT,ND,AGL,CE,Federal Contract Tower,8,14,16,0,38,0,0,6,8,14,8,14,22,8,52,0,8,8,60
11/30/2006,MOT,ND,AGL,CE,Federal Contract Tower,4,14,7,0,25,0,11,26,2,39,4,25,33,2,64,4,18,22,86
12/01/2006,MOT,ND,AGL,CE,Federal Contract Tower,5,17,5,0,27,0,5,18,0,23,5,22,23,0,50,20,26,46,96
12/02/2006,MOT,ND,AGL,CE,Federal Contract Tower,4,8,1,2,15,0,6,10,4,20,4,14,11,6,35,0,0,0,35
12/03/2006,MOT,ND,AGL,CE,Federal Contract Tower,4,2,5,0,11,0,2,0,0,2,4,4,5,0,13,6,0,6,19
12/04/2006,MOT,ND,AGL,CE,Federal Contract Tower,4,10,5,1,20,0,3,25,3,31,4,13,30,4,51,88,54,142,193
12/05/2006,MOT,ND,AGL,CE,Federal Contract Tower,4,15,5,0,24,0,3,10,2,15,4,18,15,2,39,34,8,42,81
12/06/2006,MOT,ND,AGL,CE,Federal Contract Tower,4,17,10,0,31,0,5,14,2,21,4,22,24,2,52,14,44,58,110
12/07/2006,MOT,ND,AGL,CE,Federal Contract Tower,4,17,8,0,29,0,9,15,0,24,4,26,23,0,53,20,10,30,83
12/08/2006,MOT,ND,AGL,CE,Federal Contract Tower,4,9,4,0,17,0,9,10,2,21,4,18,14,2,38,14,2,16,54
12/09/2006,MOT,ND,AGL,CE,Federal Contract Tower,4,8,3,0,15,0,0,37,0,37,4,8,40,0,52,56,0,56,108
12/10/2006,MOT,ND,AGL,CE,Federal Contract Tower,4,0,3,0,7,0,8,39,0,47,4,8,42,0,54,78,0,78,132
12/11/2006,MOT,ND,AGL,CE,Federal Contract Tower,4,16,3,2,25,0,0,0,0,0,4,16,3,2,25,0,0,0,25
12/12/2006,MOT,ND,AGL,CE,Federal Contract Tower,5,18,10,0,33,0,3,16,0,19,5,21,26,0,52,52,6,58,110
12/13/2006,MOT,ND,AGL,CE,Federal Contract Tower,4,22,15,0,41,0,11,21,2,34,4,33,36,2,75,56,66,122,197
12/14/2006,MOT,ND,AGL,CE,Federal Contract Tower,4,12,8,0,24,0,6,8,2,16,4,18,16,2,40,12,0,12,52
12/15/2006,MOT,ND,AGL,CE,Federal Contract Tower,4,12,3,0,19,0,5,3,0,8,4,17,6,0,27,32,0,32,59
12/16/2006,MOT,ND,AGL,CE,Federal Contract Tower,4,9,0,0,13,0,6,26,0,32,4,15,26,0,45,30,0,30,75
12/17/2006,MOT,ND,AGL,CE,Federal Contract Tower,4,2,5,0,11,0,8,24,0,32,4,10,29,0,43,66,0,66,109
12/18/2006,MOT,ND,AGL,CE,Federal Contract Tower,4,14,6,0,24,0,10,25,0,35,4,24,31,0,59,18,18,36,95
12/19/2006,MOT,ND,AGL,CE,Federal Contract Tower,5,20,4,0,29,0,13,35,2,50,5,33,39,2,79,36,8,44,123
12/20/2006,MOT,ND,AGL,CE,Federal Contract Tower,4,12,13,0,29,0,8,22,0,30,4,20,35,0,59,30,4,34,93
12/21/2006,MOT,ND,AGL,CE,Federal Contract Tower,4,14,10,0,28,0,6,26,0,32,4,20,36,0,60,48,8,56,116
12/22/2006,MOT,ND,AGL,CE,Federal Contract Tower,4,15,6,0,25,0,7,24,2,33,4,22,30,2,58,34,4,38,96
12/23/2006,MOT,ND,AGL,CE,Federal Contract Tower,6,9,6,0,21,0,5,27,0,32,6,14,33,0,53,74,0,74,127
12/24/2006,MOT,ND,AGL,CE,Federal Contract Tower,2,0,0,0,2,0,2,11,0,13,2,2,11,0,15,26,0,26,41
12/25/2006,MOT,ND,AGL,CE,Federal Contract Tower,3,0,3,0,6,0,4,9,0,13,3,4,12,0,19,4,0,4,23
12/26/2006,MOT,ND,AGL,CE,Federal Contract Tower,4,12,3,0,19,0,2,14,0,16,4,14,17,0,35,18,2,20,55
12/27/2006,MOT,ND,AGL,CE,Federal Contract Tower,4,11,9,0,24,0,1,19,2,22,4,12,28,2,46,22,0,22,68
12/28/2006,MOT,ND,AGL,CE,Federal Contract Tower,6,12,1,0,19,0,6,19,0,25,6,18,20,0,44,46,8,54,98
12/29/2006,MOT,ND,AGL,CE,Federal Contract Tower,5,16,1,0,22,0,3,6,0,9,5,19,7,0,31,0,0,0,31
12/30/2006,MOT,ND,AGL,CE,Federal Contract Tower,5,12,4,0,21,0,2,4,0,6,5,14,8,0,27,0,0,0,27
12/31/2006,MOT,ND,AGL,CE,Federal Contract Tower,4,0,6,0,10,0,4,16,0,20,4,4,22,0,30,60,0,60,90
01/01/2007,MOT,ND,AGL,CE,Federal Contract Tower,4,0,0,0,4,0,0,16,0,16,4,0,16,0,20,22,0,22,42
01/02/2007,MOT,ND,AGL,CE,Federal Contract Tower,4,10,3,0,17,0,1,18,0,19,4,11,21,0,36,28,0,28,64
01/03/2007,MOT,ND,AGL,CE,Federal Contract Tower,4,13,6,1,24,0,4,31,2,37,4,17,37,3,61,32,22,54,115
01/04/2007,MOT,ND,AGL,CE,Federal Contract Tower,4,18,7,0,29,0,3,21,6,30,4,21,28,6,59,30,26,56,115
01/05/2007,MOT,ND,AGL,CE,Federal Contract Tower,6,20,5,0,31,0,7,20,0,27,6,27,25,0,58,38,8,46,104
01/06/2007,MOT,ND,AGL,CE,Federal Contract Tower,4,14,4,0,22,0,4,10,2,16,4,18,14,2,38,22,0,22,60
01/07/2007,MOT,ND,AGL,CE,Federal Contract Tower,4,0,0,0,4,0,2,11,0,13,4,2,11,0,17,12,0,12,29
01/08/2007,MOT,ND,AGL,CE,Federal Contract Tower,3,13,0,0,16,0,1,0,0,1,3,14,0,0,17,0,0,0,17
01/09/2007,MOT,ND,AGL,CE,Federal Contract Tower,4,15,3,0,22,0,4,23,0,27,4,19,26,0,49,24,62,86,135
01/10/2007,MOT,ND,AGL,CE,Federal Contract Tower,4,17,6,2,29,0,2,33,0,35,4,19,39,2,64,80,18,98,162
01/11/2007,MOT,ND,AGL,CE,Federal Contract Tower,4,14,6,0,24,0,6,15,0,21,4,20,21,0,45,4,10,14,59
01/12/2007,MOT,ND,AGL,CE,Federal Contract Tower,4,17,4,0,25,0,9,21,2,32,4,26,25,2,57,12,28,40,97
01/13/2007,MOT,ND,AGL,CE,Federal Contract Tower,5,12,2,6,25,0,8,31,0,39,5,20,33,6,64,78,0,78,142
01/14/2007,MOT,ND,AGL,CE,Federal Contract Tower,4,0,2,0,6,0,0,6,0,6,4,0,8,0,12,22,0,22,34
01/15/2007,MOT,ND,AGL,CE,Federal Contract Tower,4,15,0,0,19,0,3,36,0,39,4,18,36,0,58,72,0,72,130
01/16/2007,MOT,ND,AGL,CE,Federal Contract Tower,4,14,7,0,25,0,5,20,0,25,4,19,27,0,50,30,14,44,94
01/17/2007,MOT,ND,AGL,CE,Federal Contract Tower,4,21,8,6,39,0,9,19,0,28,4,30,27,6,67,50,30,80,147
01/18/2007,MOT,ND,AGL,CE,Federal Contract Tower,4,14,0,2,20,0,6,11,1,18,4,20,11,3,38,0,8,8,46
01/19/2007,MOT,ND,AGL,CE,Federal Contract Tower,4,17,3,2,26,0,5,18,51,74,4,22,21,53,100,36,6,42,142
01/20/2007,MOT,ND,AGL,CE,Federal Contract Tower,4,8,1,1,14,0,0,19,0,19,4,8,20,1,33,18,0,18,51
01/21/2007,MOT,ND,AGL,CE,Federal Contract Tower,4,2,1,0,7,0,4,26,0,30,4,6,27,0,37,104,0,104,141
01/22/2007,MOT,ND,AGL,CE,Federal Contract Tower,4,14,6,0,24,0,2,23,0,25,4,16,29,0,49,24,18,42,91
01/23/2007,MOT,ND,AGL,CE,Federal Contract Tower,4,17,8,0,29,0,3,4,0,7,4,20,12,0,36,6,2,8,44
01/24/2007,MOT,ND,AGL,CE,Federal Contract Tower,5,10,11,0,26,0,3,5,0,8,5,13,16,0,34,10,4,14,48
01/25/2007,MOT,ND,AGL,CE,Federal Contract Tower,4,13,7,3,27,0,2,14,4,20,4,15,21,7,47,52,6,58,105
01/26/2007,MOT,ND,AGL,CE,Federal Contract Tower,4,12,5,1,22,0,2,7,0,9,4,14,12,1,31,37,2,39,70
01/27/2007,MOT,ND,AGL,CE,Federal Contract Tower,4,10,2,0,16,0,4,8,0,12,4,14,10,0,28,54,0,54,82
01/28/2007,MOT,ND,AGL,CE,Federal Contract Tower,4,5,4,0,13,0,4,32,0,36,4,9,36,0,49,62,0,62,111
01/29/2007,MOT,ND,AGL,CE,Federal Contract Tower,4,8,2,0,14,0,5,20,1,26,4,13,22,1,40,14,18,32,72
01/30/2007,MOT,ND,AGL,CE,Federal Contract Tower,4,16,1,2,23,0,6,26,0,32,4,22,27,2,55,6,16,22,77
01/31/2007,MOT,ND,AGL,CE,Federal Contract Tower,4,20,6,0,30,0,1,9,0,10,4,21,15,0,40,34,4,38,78
02/01/2007,MOT,ND,AGL,CE,Federal Contract Tower,4,16,4,0,24,0,4,3,0,7,4,20,7,0,31,0,0,0,31
02/02/2007,MOT,ND,AGL,CE,Federal Contract Tower,4,18,1,2,25,0,3,11,0,14,4,21,12,2,39,0,2,2,41
02/03/2007,MOT,ND,AGL,CE,Federal Contract Tower,6,10,0,2,18,0,5,21,0,26,6,15,21,2,44,58,0,58,102
02/04/2007,MOT,ND,AGL,CE,Federal Contract Tower,4,0,2,0,6,0,7,24,0,31,4,7,26,0,37,40,0,40,77
02/05/2007,MOT,ND,AGL,CE,Federal Contract Tower,4,12,10,0,26,0,7,13,0,20,4,19,23,0,46,24,12,36,82
02/06/2007,MOT,ND,AGL,CE,Federal Contract Tower,4,15,0,0,19,0,0,4,8,12,4,15,4,8,31,6,8,14,45
02/07/2007,MOT,ND,AGL,CE,Federal Contract Tower,4,15,2,2,23,0,3,10,3,16,4,18,12,5,39,40,0,40,79
02/08/2007,MOT,ND,AGL,CE,Federal Contract Tower,4,14,5,0,23,0,4,34,0,38,4,18,39,0,61,25,35,60,121
02/09/2007,MOT,ND,AGL,CE,Federal Contract Tower,4,10,4,0,18,0,11,30,0,41,4,21,34,0,59,26,32,58,117
02/10/2007,MOT,ND,AGL,CE,Federal Contract Tower,4,10,6,0,20,0,10,31,0,41,4,20,37,0,61,34,0,34,95
02/11/2007,MOT,ND,AGL,CE,Federal Contract Tower,6,3,4,0,13,0,6,17,0,23,6,9,21,0,36,30,0,30,66
02/12/2007,MOT,ND,AGL,CE,Federal Contract Tower,4,9,6,0,19,0,0,2,0,2,4,9,8,0,21,6,0,6,27
02/13/2007,MOT,ND,AGL,CE,Federal Contract Tower,4,13,0,0,17,0,3,3,0,6,4,16,3,0,23,0,0,0,23
02/14/2007,MOT,ND,AGL,CE,Federal Contract Tower,4,17,6,0,27,0,6,18,0,24,4,23,24,0,51,48,18,66,117
02/15/2007,MOT,ND,AGL,CE,Federal Contract Tower,6,12,8,2,28,0,8,23,0,31,6,20,31,2,59,14,52,66,125
02/16/2007,MOT,ND,AGL,CE,Federal Contract Tower,4,18,3,2,27,0,4,13,3,20,4,22,16,5,47,4,8,12,59
02/17/2007,MOT,ND,AGL,CE,Federal Contract Tower,5,12,5,1,23,0,6,22,4,32,5,18,27,5,55,64,0,64,119
02/18/2007,MOT,ND,AGL,CE,Federal Contract Tower,4,0,2,1,7,0,0,19,0,19,4,0,21,1,26,70,0,70,96
02/19/2007,MOT,ND,AGL,CE,Federal Contract Tower,4,11,9,0,24,0,3,15,0,18,4,14,24,0,42,45,0,45,87
02/20/2007,MOT,ND,AGL,CE,Federal Contract Tower,4,13,4,0,21,0,3,28,0,31,4,16,32,0,52,38,20,58,110
02/21/2007,MOT,ND,AGL,CE,Federal Contract Tower,4,18,12,0,34,0,4,20,0,24,4,22,32,0,58,62,16,78,136
02/22/2007,MOT,ND,AGL,CE,Federal Contract Tower,4,18,4,5,31,0,2,17,4,23,4,20,21,9,54,16,20,36,90
02/23/2007,MOT,ND,AGL,CE,Federal Contract Tower,4,14,3,0,21,0,4,11,0,15,4,18,14,0,36,14,0,14,50
02/24/2007,MOT,ND,AGL,CE,Federal Contract Tower,3,12,2,2,19,0,2,2,0,4,3,14,4,2,23,0,0,0,23
02/25/2007,MOT,ND,AGL,CE,Federal Contract Tower,4,3,0,0,7,0,0,0,0,0,4,3,0,0,7,0,0,0,7
02/26/2007,MOT,ND,AGL,CE,Federal Contract Tower,6,10,2,3,21,0,5,21,0,26,6,15,23,3,47,32,16,48,95
02/27/2007,MOT,ND,AGL,CE,Federal Contract Tower,4,16,6,3,29,0,6,21,0,27,4,22,27,3,56,30,26,56,112
02/28/2007,MOT,ND,AGL,CE,Federal Contract Tower,4,14,1,2,21,0,0,0,0,0,4,14,1,2,21,0,0,0,21
03/01/2007,MOT,ND,AGL,CE,Federal Contract Tower,1,14,2,0,17,0,4,6,0,10,1,18,8,0,27,0,10,10,37
03/02/2007,MOT,ND,AGL,CE,Federal Contract Tower,2,14,0,0,16,0,0,0,0,0,2,14,0,0,16,0,0,0,16
03/03/2007,MOT,ND,AGL,CE,Federal Contract Tower,4,8,1,3,16,0,0,19,4,23,4,8,20,7,39,68,16,84,123
03/04/2007,MOT,ND,AGL,CE,Federal Contract Tower,4,1,8,2,15,0,8,55,0,63,4,9,63,2,78,92,0,92,170
03/05/2007,MOT,ND,AGL,CE,Federal Contract Tower,4,11,9,0,24,0,4,21,0,25,4,15,30,0,49,30,10,40,89
03/06/2007,MOT,ND,AGL,CE,Federal Contract Tower,4,21,6,0,31,0,8,17,0,25,4,29,23,0,56,16,12,28,84
03/07/2007,MOT,ND,AGL,CE,Federal Contract Tower,5,25,9,0,39,0,2,4,0,6,5,27,13,0,45,0,0,0,45
03/08/2007,MOT,ND,AGL,CE,Federal Contract Tower,4,13,2,0,19,0,8,20,0,28,4,21,22,0,47,52,10,62,109
03/09/2007,MOT,ND,AGL,CE,Federal Contract Tower,4,14,5,0,23,0,0,28,0,28,4,14,33,0,51,94,10,104,155
03/10/2007,MOT,ND,AGL,CE,Federal Contract Tower,4,10,0,4,18,0,1,47,8,56,4,11,47,12,74,86,0,86,160
03/11/2007,MOT,ND,AGL,CE,Federal Contract Tower,4,1,1,0,6,0,4,41,0,45,4,5,42,0,51,96,0,96,147
03/12/2007,MOT,ND,AGL,CE,Federal Contract Tower,4,9,4,1,18,0,4,18,0,22,4,13,22,1,40,4,72,76,116
03/13/2007,MOT,ND,AGL,CE,Federal Contract Tower,4,15,5,1,25,0,11,31,4,46,4,26,36,5,71,28,10,38,109
03/14/2007,MOT,ND,AGL,CE,Federal Contract Tower,4,14,8,0,26,0,5,8,1,14,4,19,16,1,40,41,2,43,83
03/15/2007,MOT,ND,AGL,CE,Federal Contract Tower,4,20,10,0,34,0,1,7,4,12,4,21,17,4,46,84,0,84,130
03/16/2007,MOT,ND,AGL,CE,Federal Contract Tower,4,15,12,0,31,0,7,32,8,47,4,22,44,8,78,78,18,96,174
03/17/2007,MOT,ND,AGL,CE,Federal Contract Tower,4,7,3,0,14,0,8,35,0,43,4,15,38,0,57,134,0,134,191
03/18/2007,MOT,ND,AGL,CE,Federal Contract Tower,4,2,5,0,11,0,4,27,0,31,4,6,32,0,42,78,0,78,120
03/19/2007,MOT,ND,AGL,CE,Federal Contract Tower,4,9,2,0,15,0,7,18,0,25,4,16,20,0,40,14,16,30,70
03/20/2007,MOT,ND,AGL,CE,Federal Contract Tower,4,15,2,0,21,0,2,10,0,12,4,17,12,0,33,78,6,84,117
03/21/2007,MOT,ND,AGL,CE,Federal Contract Tower,4,14,9,1,28,0,2,14,2,18,4,16,23,3,46,48,6,54,100
03/22/2007,MOT,ND,AGL,CE,Federal Contract Tower,4,14,4,0,22,0,4,11,2,17,4,18,15,2,39,40,0,40,79
03/23/2007,MOT,ND,AGL,CE,Federal Contract Tower,4,15,8,1,28,0,3,13,2,18,4,18,21,3,46,0,0,0,46
03/24/2007,MOT,ND,AGL,CE,Federal Contract Tower,4,7,3,0,14,0,2,19,0,21,4,9,22,0,35,80,0,80,115
03/25/2007,MOT,ND,AGL,CE,Federal Contract Tower,4,0,8,0,12,0,5,21,0,26,4,5,29,0,38,88,0,88,126
03/26/2007,MOT,ND,AGL,CE,Federal Contract Tower,4,10,9,0,23,0,4,24,0,28,4,14,33,0,51,52,14,66,117
03/27/2007,MOT,ND,AGL,CE,Federal Contract Tower,4,14,12,0,30,0,5,17,0,22,4,19,29,0,52,12,22,34,86
03/28/2007,MOT,ND,AGL,CE,Federal Contract Tower,4,14,15,0,33,0,3,0,0,3,4,17,15,0,36,8,0,8,44
03/29/2007,MOT,ND,AGL,CE,Federal Contract Tower,6,10,3,0,19,0,8,23,4,35,6,18,26,4,54,32,52,84,138
03/30/2007,MOT,ND,AGL,CE,Federal Contract Tower,4,28,3,0,35,0,4,4,0,8,4,32,7,0,43,0,4,4,47
03/31/2007,MOT,ND,AGL,CE,Federal Contract Tower,3,14,2,0,19,0,2,1,0,3,3,16,3,0,22,16,0,16,38
04/01/2007,MOT,ND,AGL,CE,Federal Contract Tower,4,2,1,2,9,0,0,11,0,11,4,2,12,2,20,96,0,96,116
04/02/2007,MOT,ND,AGL,CE,Federal Contract Tower,4,9,2,2,17,0,1,14,1,16,4,10,16,3,33,80,6,86,119
04/03/2007,MOT,ND,AGL,CE,Federal Contract Tower,6,17,8,1,32,0,6,19,0,25,6,23,27,1,57,58,34,92,149
04/04/2007,MOT,ND,AGL,CE,Federal Contract Tower,4,13,10,3,30,0,7,20,1,28,4,20,30,4,58,82,54,136,194
04/05/2007,MOT,ND,AGL,CE,Federal Contract Tower,5,18,11,0,34,0,5,39,4,48,5,23,50,4,82,34,16,50,132
04/06/2007,MOT,ND,AGL,CE,Federal Contract Tower,4,14,10,0,28,0,11,22,0,33,4,25,32,0,61,48,8,56,117
04/07/2007,MOT,ND,AGL,CE,Federal Contract Tower,4,9,2,0,15,0,2,17,0,19,4,11,19,0,34,64,0,64,98
04/08/2007,MOT,ND,AGL,CE,Federal Contract Tower,4,0,6,0,10,0,0,21,0,21,4,0,27,0,31,74,0,74,105
04/09/2007,MOT,ND,AGL,CE,Federal Contract Tower,4,9,5,0,18,0,8,24,0,32,4,17,29,0,50,38,24,62,112
04/10/2007,MOT,ND,AGL,CE,Federal Contract Tower,4,14,2,0,20,0,0,0,0,0,4,14,2,0,20,0,0,0,20
04/11/2007,MOT,ND,AGL,CE,Federal Contract Tower,5,19,0,0,24,0,7,19,0,26,5,26,19,0,50,53,8,61,111
04/12/2007,MOT,ND,AGL,CE,Federal Contract Tower,4,14,2,0,20,0,7,45,0,52,4,21,47,0,72,72,22,94,166
04/13/2007,MOT,ND,AGL,CE,Federal Contract Tower,4,11,7,0,22,0,4,32,2,38,4,15,39,2,60,60,2,62,122
04/14/2007,MOT,ND,AGL,CE,Federal Contract Tower,4,8,3,0,15,0,5,29,0,34,4,13,32,0,49,82,0,82,131
04/15/2007,MOT,ND,AGL,CE,Federal Contract Tower,4,0,11,0,15,0,6,41,0,47,4,6,52,0,62,152,0,152,214
04/16/2007,MOT,ND,AGL,CE,Federal Contract Tower,4,10,4,2,20,0,8,37,0,45,4,18,41,2,65,34,64,98,163
04/17/2007,MOT,ND,AGL,CE,Federal Contract Tower,4,18,7,2,31,0,12,41,2,55,4,30,48,4,86,34,30,64,150
04/18/2007,MOT,ND,AGL,CE,Federal Contract Tower,5,16,4,0,25,0,15,39,0,54,5,31,43,0,79,32,10,42,121
04/19/2007,MOT,ND,AGL,CE,Federal Contract Tower,4,12,1,0,17,0,0,5,0,5,4,12,6,0,22,0,4,4,26
04/20/2007,MOT,ND,AGL,CE,Federal Contract Tower,5,16,4,0,25,0,4,12,0,16,5,20,16,0,41,2,10,12,53
04/21/2007,MOT,ND,AGL,CE,Federal Contract Tower,4,10,5,1,20,0,6,28,0,34,4,16,33,1,54,88,0,88,142
04/22/2007,MOT,ND,AGL,CE,Federal Contract Tower,4,1,8,1,14,0,3,38,0,41,4,4,46,1,55,67,0,67,122
04/23/2007,MOT,ND,AGL,CE,Federal Contract Tower,4,9,6,0,19,0,6,32,0,38,4,15,38,0,57,48,6,54,111
04/24/2007,MOT,ND,AGL,CE,Federal Contract Tower,4,18,11,0,33,0,9,44,0,53,4,27,55,0,86,48,20,68,154
04/25/2007,MOT,ND,AGL,CE,Federal Contract Tower,4,15,12,3,34,0,7,31,1,39,4,22,43,4,73,56,20,76,149
04/26/2007,MOT,ND,AGL,CE,Federal Contract Tower,4,12,4,0,20,0,6,20,0,26,4,18,24,0,46,10,8,18,64
04/27/2007,MOT,ND,AGL,CE,Federal Contract Tower,4,11,7,0,22,0,11,39,0,50,4,22,46,0,72,50,4,54,126
04/28/2007,MOT,ND,AGL,CE,Federal Contract Tower,4,8,5,2,19,0,8,33,0,41,4,16,38,2,60,70,0,70,130
04/29/2007,MOT,ND,AGL,CE,Federal Contract Tower,4,0,12,0,16,0,3,27,0,30,4,3,39,0,46,96,0,96,142
04/30/2007,MOT,ND,AGL,CE,Federal Contract Tower,4,8,12,0,24,0,6,20,0,26,4,14,32,0,50,20,16,36,86
05/01/2007,MOT,ND,AGL,CE,Federal Contract Tower,4,14,8,0,26,0,3,21,3,27,4,17,29,3,53,52,7,59,112
05/02/2007,MOT,ND,AGL,CE,Federal Contract Tower,4,12,6,0,22,0,4,8,0,12,4,16,14,0,34,14,2,16,50
05/03/2007,MOT,ND,AGL,CE,Federal Contract Tower,4,14,8,0,26,0,6,25,0,31,4,20,33,0,57,0,50,50,107
05/04/2007,MOT,ND,AGL,CE,Federal Contract Tower,4,18,1,1,24,0,4,37,3,44,4,22,38,4,68,80,0,80,148
05/05/2007,MOT,ND,AGL,CE,Federal Contract Tower,4,8,6,0,18,0,4,5,0,9,4,12,11,0,27,0,0,0,27
05/06/2007,MOT,ND,AGL,CE,Federal Contract Tower,6,4,4,0,14,0,2,5,0,7,6,6,9,0,21,6,0,6,27
05/07/2007,MOT,ND,AGL,CE,Federal Contract Tower,4,10,8,0,22,0,7,34,0,41,4,17,42,0,63,66,26,92,155
05/08/2007,MOT,ND,AGL,CE,Federal Contract Tower,4,13,4,0,21,0,1,18,0,19,4,14,22,0,40,58,2,60,100
05/09/2007,MOT,ND,AGL,CE,Federal Contract Tower,4,16,6,0,26,0,5,37,0,42,4,21,43,0,68,55,36,91,159
05/10/2007,MOT,ND,AGL,CE,Federal Contract Tower,4,14,9,0,27,0,5,35,0,40,4,19,44,0,67,50,18,68,135
05/11/2007,MOT,ND,AGL,CE,Federal Contract Tower,5,18,5,0,28,0,11,36,2,49,5,29,41,2,77,62,12,74,151
05/12/2007,MOT,ND,AGL,CE,Federal Contract Tower,4,10,8,0,22,0,3,16,0,19,4,13,24,0,41,72,0,72,113
05/13/2007,MOT,ND,AGL,CE,Federal Contract Tower,4,0,7,0,11,0,0,22,0,22,4,0,29,0,33,75,0,75,108
05/14/2007,MOT,ND,AGL,CE,Federal Contract Tower,4,7,8,2,21,0,1,3,0,4,4,8,11,2,25,36,8,44,69
05/15/2007,MOT,ND,AGL,CE,Federal Contract Tower,4,17,9,0,30,0,10,33,0,43,4,27,42,0,73,38,34,72,145
05/16/2007,MOT,ND,AGL,CE,Federal Contract Tower,4,22,11,0,37,0,5,42,0,47,4,27,53,0,84,66,12,78,162
05/17/2007,MOT,ND,AGL,CE,Federal Contract Tower,4,14,4,0,22,0,10,21,0,31,4,24,25,0,53,20,36,56,109
05/18/2007,MOT,ND,AGL,CE,Federal Contract Tower,4,15,2,0,21,0,9,25,0,34,4,24,27,0,55,46,30,76,131
05/19/2007,MOT,ND,AGL,CE,Federal Contract Tower,4,8,18,1,31,0,0,10,0,10,4,8,28,1,41,64,0,64,105
05/20/2007,MOT,ND,AGL,CE,Federal Contract Tower,4,2,13,0,19,0,0,9,0,9,4,2,22,0,28,48,0,48,76
05/21/2007,MOT,ND,AGL,CE,Federal Contract Tower,4,7,6,2,19,0,4,25,0,29,4,11,31,2,48,42,26,68,116
05/22/2007,MOT,ND,AGL,CE,Federal Contract Tower,4,20,18,0,42,0,3,1,0,4,4,23,19,0,46,20,0,20,66
05/23/2007,MOT,ND,AGL,CE,Federal Contract Tower,4,21,8,0,33,0,8,15,0,23,4,29,23,0,56,48,36,84,140
05/24/2007,MOT,ND,AGL,CE,Federal Contract Tower,4,14,9,0,27,0,2,24,0,26,4,16,33,0,53,90,112,202,255
05/25/2007,MOT,ND,AGL,CE,Federal Contract Tower,4,13,21,0,38,0,2,8,0,10,4,15,29,0,48,84,0,84,132
05/26/2007,MOT,ND,AGL,CE,Federal Contract Tower,4,12,0,0,16,0,0,21,0,21,4,12,21,0,37,82,0,82,119
05/27/2007,MOT,ND,AGL,CE,Federal Contract Tower,4,0,3,0,7,0,2,46,0,48,4,2,49,0,55,154,0,154,209
05/28/2007,MOT,ND,AGL,CE,Federal Contract Tower,4,2,10,0,16,0,2,18,0,20,4,4,28,0,36,92,0,92,128
05/29/2007,MOT,ND,AGL,CE,Federal Contract Tower,5,10,9,0,24,0,10,21,2,33,5,20,30,2,57,58,18,76,133
05/30/2007,MOT,ND,AGL,CE,Federal Contract Tower,4,22,11,0,37,0,0,0,0,0,4,22,11,0,37,0,0,0,37
05/31/2007,MOT,ND,AGL,CE,Federal Contract Tower,4,15,12,0,31,0,1,14,4,19,4,16,26,4,50,48,4,52,102
06/01/2007,MOT,ND,AGL,CE,Federal Contract Tower,4,13,14,0,31,0,0,10,0,10,4,13,24,0,41,123,0,123,164
06/02/2007,MOT,ND,AGL,CE,Federal Contract Tower,4,10,2,0,16,0,6,34,0,40,4,16,36,0,56,128,0,128,184
06/03/2007,MOT,ND,AGL,CE,Federal Contract Tower,4,0,11,0,15,0,4,53,0,57,4,4,64,0,72,90,0,90,162
06/04/2007,MOT,ND,AGL,CE,Federal Contract Tower,4,7,4,1,16,0,11,48,0,59,4,18,52,1,75,54,24,78,153
06/05/2007,MOT,ND,AGL,CE,Federal Contract Tower,4,18,5,0,27,0,7,73,4,84,4,25,78,4,111,24,56,80,191
06/06/2007,MOT,ND,AGL,CE,Federal Contract Tower,4,15,13,1,33,0,2,29,6,37,4,17,42,7,70,28,4,32,102
06/07/2007,MOT,ND,AGL,CE,Federal Contract Tower,4,13,9,5,31,0,0,0,0,0,4,13,9,5,31,0,0,0,31
06/08/2007,MOT,ND,AGL,CE,Federal Contract Tower,4,15,7,5,31,0,4,37,0,41,4,19,44,5,72,74,36,110,182
06/09/2007,MOT,ND,AGL,CE,Federal Contract Tower,4,8,6,0,18,0,2,42,0,44,4,10,48,0,62,118,0,118,180
06/10/2007,MOT,ND,AGL,CE,Federal Contract Tower,5,5,9,0,19,0,7,62,0,69,5,12,71,0,88,60,0,60,148
06/11/2007,MOT,ND,AGL,CE,Federal Contract Tower,4,10,9,0,23,0,5,71,1,77,4,15,80,1,100,38,18,56,156
06/12/2007,MOT,ND,AGL,CE,Federal Contract Tower,4,14,5,0,23,0,0,12,4,16,4,14,17,4,39,32,8,40,79
06/13/2007,MOT,ND,AGL,CE,Federal Contract Tower,4,15,6,0,25,0,4,42,2,48,4,19,48,2,73,226,0,226,299
06/14/2007,MOT,ND,AGL,CE,Federal Contract Tower,4,22,15,0,41,0,4,52,0,56,4,26,67,0,97,58,8,66,163
06/15/2007,MOT,ND,AGL,CE,Federal Contract Tower,4,16,12,0,32,0,8,57,0,65,4,24,69,0,97,38,30,68,165
06/16/2007,MOT,ND,AGL,CE,Federal Contract Tower,4,10,6,0,20,0,4,79,0,83,4,14,85,0,103,98,0,98,201
06/17/2007,MOT,ND,AGL,CE,Federal Contract Tower,5,2,17,0,24,0,2,16,0,18,5,4,33,0,42,20,0,20,62
06/18/2007,MOT,ND,AGL,CE,Federal Contract Tower,4,10,7,0,21,0,0,7,0,7,4,10,14,0,28,0,0,0,28
06/19/2007,MOT,ND,AGL,CE,Federal Contract Tower,4,13,5,0,22,0,3,50,2,55,4,16,55,2,77,90,14,104,181
06/20/2007,MOT,ND,AGL,CE,Federal Contract Tower,4,18,5,0,27,0,3,62,4,69,4,21,67,4,96,48,8,56,152
06/21/2007,MOT,ND,AGL,CE,Federal Contract Tower,4,16,13,0,33,0,3,74,0,77,4,19,87,0,110,70,12,82,192
06/22/2007,MOT,ND,AGL,CE,Federal Contract Tower,4,14,11,0,29,0,5,49,0,54,4,19,60,0,83,22,20,42,125
06/23/2007,MOT,ND,AGL,CE,Federal Contract Tower,4,12,6,4,26,0,10,94,0,104,4,22,100,4,130,60,0,60,190
06/24/2007,MOT,ND,AGL,CE,Federal Contract Tower,2,1,4,0,7,0,1,59,0,60,2,2,63,0,67,78,0,78,145
06/25/2007,MOT,ND,AGL,CE,Federal Contract Tower,4,10,9,4,27,0,1,58,0,59,4,11,67,4,86,16,2,18,104
06/26/2007,MOT,ND,AGL,CE,Federal Contract Tower,4,12,12,0,28,0,6,41,0,47,4,18,53,0,75,10,32,42,117
06/27/2007,MOT,ND,AGL,CE,Federal Contract Tower,0,16,10,1,27,0,4,168,5,177,0,20,178,6,204,36,26,62,266
06/28/2007,MOT,ND,AGL,CE,Federal Contract Tower,4,20,6,0,30,0,4,86,0,90,4,24,92,0,120,40,54,94,214
06/29/2007,MOT,ND,AGL,CE,Federal Contract Tower,4,18,2,0,24,0,5,23,0,28,4,23,25,0,52,24,0,24,76
06/30/2007,MOT,ND,AGL,CE,Federal Contract Tower,4,11,5,0,20,0,0,34,0,34,4,11,39,0,54,32,0,32,86
07/01/2007,MOT,ND,AGL,CE,Federal Contract Tower,4,1,8,0,13,0,2,64,0,66,4,3,72,0,79,100,0,100,179
07/02/2007,MOT,ND,AGL,CE,Federal Contract Tower,2,8,10,0,20,0,2,66,0,68,2,10,76,0,88,94,6,100,188
07/03/2007,MOT,ND,AGL,CE,Federal Contract Tower,4,17,15,0,36,0,8,79,4,91,4,25,94,4,127,84,0,84,211
07/04/2007,MOT,ND,AGL,CE,Federal Contract Tower,2,0,9,0,11,0,0,40,2,42,2,0,49,2,53,40,0,40,93
07/05/2007,MOT,ND,AGL,CE,Federal Contract Tower,2,15,5,0,22,0,2,23,0,25,2,17,28,0,47,48,0,48,95
07/06/2007,MOT,ND,AGL,CE,Federal Contract Tower,2,15,10,0,27,0,1,35,0,36,2,16,45,0,63,72,2,74,137
07/07/2007,MOT,ND,AGL,CE,Federal Contract Tower,4,12,1,2,19,0,0,49,0,49,4,12,50,2,68,54,0,54,122
07/08/2007,MOT,ND,AGL,CE,Federal Contract Tower,4,0,10,0,14,0,0,43,0,43,4,0,53,0,57,136,0,136,193
07/09/2007,MOT,ND,AGL,CE,Federal Contract Tower,5,9,6,2,22,0,1,64,2,67,5,10,70,4,89,60,22,82,171
07/10/2007,MOT,ND,AGL,CE,Federal Contract Tower,4,17,7,2,30,0,5,32,2,39,4,22,39,4,69,34,50,84,153
07/11/2007,MOT,ND,AGL,CE,Federal Contract Tower,4,24,7,0,35,0,8,92,6,106,4,32,99,6,141,22,4,26,167
07/12/2007,MOT,ND,AGL,CE,Federal Contract Tower,4,10,4,2,20,0,1,39,2,42,4,11,43,4,62,64,14,78,140
07/13/2007,MOT,ND,AGL,CE,Federal Contract Tower,4,18,9,0,31,0,2,24,1,27,4,20,33,1,58,60,0,60,118
07/14/2007,MOT,ND,AGL,CE,Federal Contract Tower,4,10,5,0,19,0,6,62,0,68,4,16,67,0,87,80,0,80,167
07/15/2007,MOT,ND,AGL,CE,Federal Contract Tower,2,0,9,0,11,0,4,67,0,71,2,4,76,0,82,124,0,124,206
07/16/2007,MOT,ND,AGL,CE,Federal Contract Tower,4,12,7,0,23,0,4,8,0,12,4,16,15,0,35,4,0,4,39
07/17/2007,MOT,ND,AGL,CE,Federal Contract Tower,5,16,17,0,38,0,4,6,2,12,5,20,23,2,50,62,8,70,120
07/18/2007,MOT,ND,AGL,CE,Federal Contract Tower,4,24,12,0,40,0,0,26,2,28,4,24,38,2,68,22,46,68,136
07/19/2007,MOT,ND,AGL,CE,Federal Contract Tower,4,17,7,0,28,0,8,35,0,43,4,25,42,0,71,33,0,33,104
07/20/2007,MOT,ND,AGL,CE,Federal Contract Tower,4,18,6,0,28,0,5,31,0,36,4,23,37,0,64,40,2,42,106
07/21/2007,MOT,ND,AGL,CE,Federal Contract Tower,4,9,6,0,19,0,0,40,0,40,4,9,46,0,59,52,2,54,113
07/22/2007,MOT,ND,AGL,CE,Federal Contract Tower,2,0,3,0,5,0,2,35,0,37,2,2,38,0,42,58,0,58,100
07/23/2007,MOT,ND,AGL,CE,Federal Contract Tower,4,10,4,0,18,0,5,39,0,44,4,15,43,0,62,22,42,64,126
07/24/2007,MOT,ND,AGL,CE,Federal Contract Tower,4,15,9,0,28,0,4,49,5,58,4,19,58,5,86,30,20,50,136
07/25/2007,MOT,ND,AGL,CE,Federal Contract Tower,6,20,15,0,41,0,12,30,0,42,6,32,45,0,83,26,4,30,113
07/26/2007,MOT,ND,AGL,CE,Federal Contract Tower,6,14,11,2,33,0,10,56,4,70,6,24,67,6,103,54,46,100,203
07/27/2007,MOT,ND,AGL,CE,Federal Contract Tower,4,16,3,0,23,0,7,42,0,49,4,23,45,0,72,64,6,70,142
07/28/2007,MOT,ND,AGL,CE,Federal Contract Tower,5,10,7,0,22,0,9,56,0,65,5,19,63,0,87,60,0,60,147
07/29/2007,MOT,ND,AGL,CE,Federal Contract Tower,4,0,11,0,15,0,4,46,0,50,4,4,57,0,65,78,0,78,143
07/30/2007,MOT,ND,AGL,CE,Federal Contract Tower,4,9,3,1,17,0,3,34,1,38,4,12,37,2,55,58,10,68,123
07/31/2007,MOT,ND,AGL,CE,Federal Contract Tower,4,17,6,0,27,0,3,29,3,35,4,20,35,3,62,60,2,62,124
08/01/2007,MOT,ND,AGL,CE,Federal Contract Tower,4,14,7,0,25,0,3,33,0,36,4,17,40,0,61,92,12,104,165
08/02/2007,MOT,ND,AGL,CE,Federal Contract Tower,4,18,3,0,25,0,1,44,0,45,4,19,47,0,70,40,14,54,124
08/03/2007,MOT,ND,AGL,CE,Federal Contract Tower,4,13,4,0,21,0,2,20,0,22,4,15,24,0,43,4,0,4,47
08/04/2007,MOT,ND,AGL,CE,Federal Contract Tower,2,12,8,0,22,0,5,17,0,22,2,17,25,0,44,22,4,26,70
08/05/2007,MOT,ND,AGL,CE,Federal Contract Tower,4,0,5,0,9,0,0,22,0,22,4,0,27,0,31,58,0,58,89
08/06/2007,MOT,ND,AGL,CE,Federal Contract Tower,4,8,7,3,22,0,3,23,2,28,4,11,30,5,50,48,18,66,116
08/07/2007,MOT,ND,AGL,CE,Federal Contract Tower,4,20,10,0,34,0,1,14,0,15,4,21,24,0,49,38,0,38,87
08/08/2007,MOT,ND,AGL,CE,Federal Contract Tower,4,20,2,0,26,0,0,17,0,17,4,20,19,0,43,70,16,86,129
08/09/2007,MOT,ND,AGL,CE,Federal Contract Tower,4,16,14,0,34,0,6,60,0,66,4,22,74,0,100,62,20,82,182
08/10/2007,MOT,ND,AGL,CE,Federal Contract Tower,4,16,10,2,32,0,3,30,2,35,4,19,40,4,67,11,15,26,93
08/11/2007,MOT,ND,AGL,CE,Federal Contract Tower,4,11,5,1,21,0,3,22,0,25,4,14,27,1,46,94,12,106,152
08/12/2007,MOT,ND,AGL,CE,Federal Contract Tower,4,0,6,0,10,0,2,34,0,36,4,2,40,0,46,58,0,58,104
08/13/2007,MOT,ND,AGL,CE,Federal Contract Tower,4,10,11,1,26,0,7,36,1,44,4,17,47,2,70,34,84,118,188
08/14/2007,MOT,ND,AGL,CE,Federal Contract Tower,4,19,14,1,38,0,6,36,0,42,4,25,50,1,80,62,34,96,176
08/15/2007,MOT,ND,AGL,CE,Federal Contract Tower,4,20,11,0,35,0,5,19,0,24,4,25,30,0,59,44,50,94,153
08/16/2007,MOT,ND,AGL,CE,Federal Contract Tower,4,15,8,1,28,0,4,38,1,43,4,19,46,2,71,50,8,58,129
08/17/2007,MOT,ND,AGL,CE,Federal Contract Tower,4,17,7,2,30,0,1,28,0,29,4,18,35,2,59,46,0,46,105
08/18/2007,MOT,ND,AGL,CE,Federal Contract Tower,4,7,12,0,23,0,0,50,0,50,4,7,62,0,73,90,0,90,163
08/19/2007,MOT,ND,AGL,CE,Federal Contract Tower,5,4,13,0,22,0,2,24,0,26,5,6,37,0,48,60,0,60,108
08/20/2007,MOT,ND,AGL,CE,Federal Contract Tower,4,8,8,0,20,0,2,22,0,24,4,10,30,0,44,46,12,58,102
08/21/2007,MOT,ND,AGL,CE,Federal Contract Tower,3,17,8,0,28,0,8,24,0,32,3,25,32,0,60,14,74,88,148
08/22/2007,MOT,ND,AGL,CE,Federal Contract Tower,4,17,13,0,34,0,9,35,0,44,4,26,48,0,78,27,26,53,131
08/23/2007,MOT,ND,AGL,CE,Federal Contract Tower,2,16,16,0,34,0,0,24,1,25,2,16,40,1,59,64,4,68,127
08/24/2007,MOT,ND,AGL,CE,Federal Contract Tower,4,17,7,0,28,0,0,29,0,29,4,17,36,0,57,105,74,179,236
08/25/2007,MOT,ND,AGL,CE,Federal Contract Tower,4,9,3,0,16,0,3,45,0,48,4,12,48,0,64,96,0,96,160
08/26/2007,MOT,ND,AGL,CE,Federal Contract Tower,4,0,1,0,5,0,4,48,0,52,4,4,49,0,57,76,0,76,133
08/27/2007,MOT,ND,AGL,CE,Federal Contract Tower,4,9,7,0,20,0,6,20,0,26,4,15,27,0,46,52,22,74,120
08/28/2007,MOT,ND,AGL,CE,Federal Contract Tower,5,19,6,0,30,0,7,21,0,28,5,26,27,0,58,40,46,86,144
08/29/2007,MOT,ND,AGL,CE,Federal Contract Tower,4,16,7,0,27,0,4,29,0,33,4,20,36,0,60,90,0,90,150
08/30/2007,MOT,ND,AGL,CE,Federal Contract Tower,4,18,13,0,35,0,4,16,0,20,4,22,29,0,55,52,8,60,115
08/31/2007,MOT,ND,AGL,CE,Federal Contract Tower,4,11,15,0,30,0,11,32,0,43,4,22,47,0,73,30,0,30,103
09/01/2007,MOT,ND,AGL,CE,Federal Contract Tower,4,11,5,0,20,0,5,44,0,49,4,16,49,0,69,66,0,66,135
09/02/2007,MOT,ND,AGL,CE,Federal Contract Tower,4,2,1,0,7,0,2,32,0,34,4,4,33,0,41,48,0,48,89
09/03/2007,MOT,ND,AGL,CE,Federal Contract Tower,4,2,10,0,16,0,4,37,0,41,4,6,47,0,57,56,0,56,113
09/04/2007,MOT,ND,AGL,CE,Federal Contract Tower,4,13,6,1,24,0,1,21,1,23,4,14,27,2,47,54,14,68,115
09/05/2007,MOT,ND,AGL,CE,Federal Contract Tower,4,16,10,0,30,0,2,62,0,64,4,18,72,0,94,59,4,63,157
09/06/2007,MOT,ND,AGL,CE,Federal Contract Tower,4,13,11,0,28,0,2,33,0,35,4,15,44,0,63,102,24,126,189
09/07/2007,MOT,ND,AGL,CE,Federal Contract Tower,4,20,10,0,34,0,2,56,2,60,4,22,66,2,94,54,22,76,170
09/08/2007,MOT,ND,AGL,CE,Federal Contract Tower,4,11,4,0,19,0,4,28,0,32,4,15,32,0,51,72,10,82,133
09/09/2007,MOT,ND,AGL,CE,Federal Contract Tower,4,1,3,0,8,0,6,56,0,62,4,7,59,0,70,96,0,96,166
09/10/2007,MOT,ND,AGL,CE,Federal Contract Tower,4,14,4,1,23,0,1,18,0,19,4,15,22,1,42,4,4,8,50
09/11/2007,MOT,ND,AGL,CE,Federal Contract Tower,4,15,11,0,30,0,4,32,0,36,4,19,43,0,66,55,44,99,165
09/12/2007,MOT,ND,AGL,CE,Federal Contract Tower,4,22,7,3,36,0,5,38,0,43,4,27,45,3,79,54,10,64,143
09/13/2007,MOT,ND,AGL,CE,Federal Contract Tower,4,16,6,1,27,0,4,23,6,33,4,20,29,7,60,0,64,64,124
09/14/2007,MOT,ND,AGL,CE,Federal Contract Tower,5,16,3,0,24,0,8,54,1,63,5,24,57,1,87,84,0,84,171
09/15/2007,MOT,ND,AGL,CE,Federal Contract Tower,4,10,2,0,16,0,8,42,0,50,4,18,44,0,66,40,0,40,106
09/16/2007,MOT,ND,AGL,CE,Federal Contract Tower,4,1,7,0,12,0,1,34,2,37,4,2,41,2,49,90,0,90,139
09/17/2007,MOT,ND,AGL,CE,Federal Contract Tower,4,14,2,2,22,0,0,11,0,11,4,14,13,2,33,34,34,68,101
09/18/2007,MOT,ND,AGL,CE,Federal Contract Tower,4,17,12,0,33,0,5,27,0,32,4,22,39,0,65,60,6,66,131
09/19/2007,MOT,ND,AGL,CE,Federal Contract Tower,4,18,6,0,28,0,6,48,2,56,4,24,54,2,84,64,22,86,170
09/20/2007,MOT,ND,AGL,CE,Federal Contract Tower,4,20,10,2,36,0,10,20,5,35,4,30,30,7,71,42,26,68,139
09/21/2007,MOT,ND,AGL,CE,Federal Contract Tower,4,18,6,0,28,0,3,18,0,21,4,21,24,0,49,4,0,4,53
09/22/2007,MOT,ND,AGL,CE,Federal Contract Tower,4,13,2,0,19,0,5,24,0,29,4,18,26,0,48,68,0,68,116
09/23/2007,MOT,ND,AGL,CE,Federal Contract Tower,4,0,1,0,5,0,0,29,0,29,4,0,30,0,34,46,0,46,80
09/24/2007,MOT,ND,AGL,CE,Federal Contract Tower,4,9,20,0,33,0,5,16,0,21,4,14,36,0,54,16,0,16,70
09/25/2007,MOT,ND,AGL,CE,Federal Contract Tower,4,16,4,0,24,0,3,31,0,34,4,19,35,0,58,54,22,76,134
09/26/2007,MOT,ND,AGL,CE,Federal Contract Tower,4,17,7,0,28,0,12,37,0,49,4,29,44,0,77,16,8,24,101
09/27/2007,MOT,ND,AGL,CE,Federal Contract Tower,4,22,2,0,28,0,4,41,0,45,4,26,43,0,73,12,4,16,89
09/28/2007,MOT,ND,AGL,CE,Federal Contract Tower,4,15,7,0,26,0,2,13,0,15,4,17,20,0,41,53,0,53,94
09/29/2007,MOT,ND,AGL,CE,Federal Contract Tower,4,10,1,2,17,0,0,16,0,16,4,10,17,2,33,54,4,58,91
09/30/2007,MOT,ND,AGL,CE,Federal Contract Tower,4,1,6,0,11,0,6,38,0,44,4,7,44,0,55,90,0,90,145
10/01/2007,MOT,ND,AGL,CE,Federal Contract Tower,4,10,3,1,18,0,5,37,1,43,4,15,40,2,61,48,28,76,137
10/02/2007,MOT,ND,AGL,CE,Federal Contract Tower,5,20,11,0,36,0,8,23,0,31,5,28,34,0,67,8,10,18,85
10/03/2007,MOT,ND,AGL,CE,Federal Contract Tower,4,18,0,0,22,0,11,28,0,39,4,29,28,0,61,46,84,130,191
10/04/2007,MOT,ND,AGL,CE,Federal Contract Tower,4,11,8,1,24,0,5,30,3,38,4,16,38,4,62,41,0,41,103
10/05/2007,MOT,ND,AGL,CE,Federal Contract Tower,4,16,1,0,21,0,7,2,0,9,4,23,3,0,30,0,0,0,30
10/06/2007,MOT,ND,AGL,CE,Federal Contract Tower,5,11,3,0,19,0,0,2,0,2,5,11,5,0,21,16,0,16,37
10/07/2007,MOT,ND,AGL,CE,Federal Contract Tower,4,6,8,0,18,0,2,25,0,27,4,8,33,0,45,76,0,76,121
10/08/2007,MOT,ND,AGL,CE,Federal Contract Tower,6,12,11,0,29,0,7,19,0,26,6,19,30,0,55,70,0,70,125
10/09/2007,MOT,ND,AGL,CE,Federal Contract Tower,4,22,8,0,34,0,7,17,0,24,4,29,25,0,58,16,44,60,118
10/10/2007,MOT,ND,AGL,CE,Federal Contract Tower,4,22,23,2,51,0,3,4,2,9,4,25,27,4,60,42,0,42,102
10/11/2007,MOT,ND,AGL,CE,Federal Contract Tower,4,12,14,1,31,0,0,6,6,12,4,12,20,7,43,50,0,50,93
10/12/2007,MOT,ND,AGL,CE,Federal Contract Tower,4,12,4,0,20,0,10,39,2,51,4,22,43,2,71,36,8,44,115
10/13/2007,MOT,ND,AGL,CE,Federal Contract Tower,6,11,3,0,20,0,5,51,0,56,6,16,54,0,76,82,0,82,158
10/14/2007,MOT,ND,AGL,CE,Federal Contract Tower,4,0,7,0,11,0,7,47,0,54,4,7,54,0,65,46,0,46,111
10/15/2007,MOT,ND,AGL,CE,Federal Contract Tower,4,14,5,0,23,0,4,21,0,25,4,18,26,0,48,14,8,22,70
10/16/2007,MOT,ND,AGL,CE,Federal Contract Tower,4,18,7,0,29,0,4,4,0,8,4,22,11,0,37,0,0,0,37
10/17/2007,MOT,ND,AGL,CE,Federal Contract Tower,4,20,7,0,31,0,0,0,0,0,4,20,7,0,31,0,0,0,31
10/18/2007,MOT,ND,AGL,CE,Federal Contract Tower,4,18,12,0,34,0,2,13,0,15,4,20,25,0,49,10,10,20,69
10/19/2007,MOT,ND,AGL,CE,Federal Contract Tower,4,19,10,0,33,0,6,30,0,36,4,25,40,0,69,40,18,58,127
10/20/2007,MOT,ND,AGL,CE,Federal Contract Tower,4,8,3,2,17,0,7,37,2,46,4,15,40,4,63,40,0,40,103
10/21/2007,MOT,ND,AGL,CE,Federal Contract Tower,5,0,6,0,11,0,4,25,0,29,5,4,31,0,40,30,0,30,70
10/22/2007,MOT,ND,AGL,CE,Federal Contract Tower,4,8,4,0,16,0,2,11,0,13,4,10,15,0,29,38,30,68,97
10/23/2007,MOT,ND,AGL,CE,Federal Contract Tower,4,16,7,2,29,0,1,11,0,12,4,17,18,2,41,42,2,44,85
10/24/2007,MOT,ND,AGL,CE,Federal Contract Tower,4,24,8,0,36,0,9,42,0,51,4,33,50,0,87,52,12,64,151
10/25/2007,MOT,ND,AGL,CE,Federal Contract Tower,4,14,4,0,22,0,3,40,4,47,4,17,44,4,69,34,22,56,125
10/26/2007,MOT,ND,AGL,CE,Federal Contract Tower,4,17,2,1,24,0,6,20,3,29,4,23,22,4,53,0,4,4,57
10/27/2007,MOT,ND,AGL,CE,Federal Contract Tower,6,12,0,1,19,0,9,47,0,56,6,21,47,1,75,36,0,36,111
10/28/2007,MOT,ND,AGL,CE,Federal Contract Tower,4,0,5,0,9,0,2,13,0,15,4,2,18,0,24,46,0,46,70
10/29/2007,MOT,ND,AGL,CE,Federal Contract Tower,4,8,2,1,15,0,3,30,5,38,4,11,32,6,53,50,0,50,103
10/30/2007,MOT,ND,AGL,CE,Federal Contract Tower,4,12,4,2,22,0,9,13,1,23,4,21,17,3,45,4,8,12,57
10/31/2007,MOT,ND,AGL,CE,Federal Contract Tower,4,18,12,2,36,0,5,25,0,30,4,23,37,2,66,20,26,46,112
11/01/2007,MOT,ND,AGL,CE,Federal Contract Tower,4,13,3,0,20,0,13,28,0,41,4,26,31,0,61,8,10,18,79
11/02/2007,MOT,ND,AGL,CE,Federal Contract Tower,4,17,7,0,28,0,8,31,0,39,4,25,38,0,67,20,6,26,93
11/03/2007,MOT,ND,AGL,CE,Federal Contract Tower,4,10,0,0,14,0,4,28,0,32,4,14,28,0,46,18,0,18,64
11/04/2007,MOT,ND,AGL,CE,Federal Contract Tower,4,2,14,0,20,0,0,13,0,13,4,2,27,0,33,12,0,12,45
11/05/2007,MOT,ND,AGL,CE,Federal Contract Tower,4,12,3,2,21,0,4,23,0,27,4,16,26,2,48,14,20,34,82
11/06/2007,MOT,ND,AGL,CE,Federal Contract Tower,4,12,2,0,18,0,7,41,0,48,4,19,43,0,66,46,14,60,126
11/07/2007,MOT,ND,AGL,CE,Federal Contract Tower,4,13,8,0,25,0,5,14,0,19,4,18,22,0,44,12,0,12,56
11/08/2007,MOT,ND,AGL,CE,Federal Contract Tower,4,12,6,1,23,0,6,21,0,27,4,18,27,1,50,4,10,14,64
11/09/2007,MOT,ND,AGL,CE,Federal Contract Tower,4,14,3,1,22,0,5,11,0,16,4,19,14,1,38,50,4,54,92
11/10/2007,MOT,ND,AGL,CE,Federal Contract Tower,6,9,9,0,24,0,1,18,0,19,6,10,27,0,43,59,0,59,102
11/11/2007,MOT,ND,AGL,CE,Federal Contract Tower,4,0,3,0,7,0,8,35,0,43,4,8,38,0,50,62,0,62,112
11/12/2007,MOT,ND,AGL,CE,Federal Contract Tower,4,8,3,0,15,0,5,31,0,36,4,13,34,0,51,24,0,24,75
11/13/2007,MOT,ND,AGL,CE,Federal Contract Tower,4,18,6,0,28,0,5,5,0,10,4,23,11,0,38,4,2,6,44
11/14/2007,MOT,ND,AGL,CE,Federal Contract Tower,5,20,13,0,38,0,13,13,0,26,5,33,26,0,64,0,8,8,72
11/15/2007,MOT,ND,AGL,CE,Federal Contract Tower,4,18,7,0,29,0,2,14,0,16,4,20,21,0,45,46,2,48,93
11/16/2007,MOT,ND,AGL,CE,Federal Contract Tower,4,15,2,0,21,0,5,13,0,18,4,20,15,0,39,22,2,24,63
11/17/2007,MOT,ND,AGL,CE,Federal Contract Tower,4,10,2,2,18,0,2,8,0,10,4,12,10,2,28,26,0,26,54
11/18/2007,MOT,ND,AGL,CE,Federal Contract Tower,6,0,1,0,7,0,4,14,0,18,6,4,15,0,25,4,0,4,29
11/19/2007,MOT,ND,AGL,CE,Federal Contract Tower,4,13,13,0,30,0,5,20,4,29,4,18,33,4,59,46,26,72,131
11/20/2007,MOT,ND,AGL,CE,Federal Contract Tower,4,17,4,0,25,0,5,17,4,26,4,22,21,4,51,10,14,24,75
11/21/2007,MOT,ND,AGL,CE,Federal Contract Tower,4,15,0,0,19,0,4,12,0,16,4,19,12,0,35,38,0,38,73
11/22/2007,MOT,ND,AGL,CE,Federal Contract Tower,3,0,1,0,4,0,0,5,0,5,3,0,6,0,9,12,0,12,21
11/23/2007,MOT,ND,AGL,CE,Federal Contract Tower,3,13,1,0,17,0,0,3,0,3,3,13,4,0,20,22,0,22,42
11/24/2007,MOT,ND,AGL,CE,Federal Contract Tower,4,11,2,0,17,0,5,24,0,29,4,16,26,0,46,92,0,92,138
11/25/2007,MOT,ND,AGL,CE,Federal Contract Tower,5,1,6,2,14,0,11,21,0,32,5,12,27,2,46,26,0,26,72
11/26/2007,MOT,ND,AGL,CE,Federal Contract Tower,4,12,7,0,23,0,6,15,2,23,4,18,22,2,46,4,26,30,76
11/27/2007,MOT,ND,AGL,CE,Federal Contract Tower,4,11,3,2,20,0,2,4,0,6,4,13,7,2,26,38,22,60,86
11/28/2007,MOT,ND,AGL,CE,Federal Contract Tower,4,12,11,0,27,0,0,3,1,4,4,12,14,1,31,50,42,92,123
11/29/2007,MOT,ND,AGL,CE,Federal Contract Tower,4,15,4,2,25,0,4,25,2,31,4,19,29,4,56,62,52,114,170
11/30/2007,MOT,ND,AGL,CE,Federal Contract Tower,3,8,11,0,22,0,9,20,0,29,3,17,31,0,51,22,32,54,105
12/01/2007,MOT,ND,AGL,CE,Federal Contract Tower,4,12,6,0,22,0,7,14,0,21,4,19,20,0,43,16,0,16,59
12/02/2007,MOT,ND,AGL,CE,Federal Contract Tower,6,3,5,2,16,0,6,26,0,32,6,9,31,2,48,24,0,24,72
12/03/2007,MOT,ND,AGL,CE,Federal Contract Tower,4,15,6,1,26,0,0,4,3,7,4,15,10,4,33,38,46,84,117
12/04/2007,MOT,ND,AGL,CE,Federal Contract Tower,4,10,0,0,14,0,1,6,0,7,4,11,6,0,21,22,0,22,43
12/05/2007,MOT,ND,AGL,CE,Federal Contract Tower,4,13,7,0,24,0,5,17,0,22,4,18,24,0,46,12,50,62,108
12/06/2007,MOT,ND,AGL,CE,Federal Contract Tower,6,14,8,0,28,0,7,15,0,22,6,21,23,0,50,22,52,74,124
12/07/2007,MOT,ND,AGL,CE,Federal Contract Tower,4,14,5,0,23,0,9,19,0,28,4,23,24,0,51,6,18,24,75
12/08/2007,MOT,ND,AGL,CE,Federal Contract Tower,4,14,6,0,24,0,9,21,0,30,4,23,27,0,54,24,0,24,78
12/09/2007,MOT,ND,AGL,CE,Federal Contract Tower,3,0,4,0,7,0,0,12,0,12,3,0,16,0,19,68,0,68,87
12/10/2007,MOT,ND,AGL,CE,Federal Contract Tower,4,11,5,2,22,0,1,6,1,8,4,12,11,3,30,8,4,12,42
12/11/2007,MOT,ND,AGL,CE,Federal Contract Tower,4,17,0,0,21,0,5,17,0,22,4,22,17,0,43,10,16,26,69
12/12/2007,MOT,ND,AGL,CE,Federal Contract Tower,4,21,6,0,31,0,9,16,0,25,4,30,22,0,56,0,8,8,64
12/13/2007,MOT,ND,AGL,CE,Federal Contract Tower,4,16,8,0,28,0,7,13,0,20,4,23,21,0,48,20,22,42,90
12/14/2007,MOT,ND,AGL,CE,Federal Contract Tower,4,14,4,3,25,0,4,15,0,19,4,18,19,3,44,4,10,14,58
12/15/2007,MOT,ND,AGL,CE,Federal Contract Tower,3,10,6,3,22,0,3,10,0,13,3,13,16,3,35,62,0,62,97
12/16/2007,MOT,ND,AGL,CE,Federal Contract Tower,4,2,2,3,11,0,2,16,0,18,4,4,18,3,29,42,0,42,71
12/17/2007,MOT,ND,AGL,CE,Federal Contract Tower,4,15,5,0,24,0,7,27,0,34,4,22,32,0,58,36,16,52,110
12/18/2007,MOT,ND,AGL,CE,Federal Contract Tower,4,14,5,0,23,0,6,15,4,25,4,20,20,4,48,32,24,56,104
12/19/2007,MOT,ND,AGL,CE,Federal Contract Tower,4,15,17,2,38,0,11,27,6,44,4,26,44,8,82,12,4,16,98
12/20/2007,MOT,ND,AGL,CE,Federal Contract Tower,4,17,8,0,29,0,8,30,0,38,4,25,38,0,67,44,12,56,123
12/21/2007,MOT,ND,AGL,CE,Federal Contract Tower,4,13,0,0,17,0,1,6,0,7,4,14,6,0,24,34,0,34,58
12/22/2007,MOT,ND,AGL,CE,Federal Contract Tower,4,10,1,0,15,0,0,8,0,8,4,10,9,0,23,22,0,22,45
12/23/2007,MOT,ND,AGL,CE,Federal Contract Tower,4,0,7,0,11,0,4,12,0,16,4,4,19,0,27,26,0,26,53
12/24/2007,MOT,ND,AGL,CE,Federal Contract Tower,2,7,2,0,11,0,8,14,0,22,2,15,16,0,33,6,0,6,39
12/25/2007,MOT,ND,AGL,CE,Federal Contract Tower,2,0,1,0,3,0,2,13,0,15,2,2,14,0,18,0,0,0,18
12/26/2007,MOT,ND,AGL,CE,Federal Contract Tower,5,18,1,0,24,0,0,0,0,0,5,18,1,0,24,0,0,0,24
12/27/2007,MOT,ND,AGL,CE,Federal Contract Tower,4,12,2,0,18,0,0,5,0,5,4,12,7,0,23,20,2,22,45
12/28/2007,MOT,ND,AGL,CE,Federal Contract Tower,4,12,7,0,23,0,0,0,0,0,4,12,7,0,23,0,0,0,23
12/29/2007,MOT,ND,AGL,CE,Federal Contract Tower,4,10,3,0,17,0,3,16,0,19,4,13,19,0,36,70,0,70,106
12/30/2007,MOT,ND,AGL,CE,Federal Contract Tower,6,2,2,0,10,0,5,20,0,25,6,7,22,0,35,54,0,54,89
12/31/2007,MOT,ND,AGL,CE,Federal Contract Tower,4,11,2,0,17,0,0,3,0,3,4,11,5,0,20,4,0,4,24
01/01/2008,MOT,ND,AGL,CE,Federal Contract Tower,4,0,0,0,4,0,2,11,0,13,4,2,11,0,17,0,0,0,17
01/02/2008,MOT,ND,AGL,CE,Federal Contract Tower,4,13,7,0,24,0,1,7,0,8,4,14,14,0,32,20,0,20,52
01/03/2008,MOT,ND,AGL,CE,Federal Contract Tower,6,14,6,0,26,0,0,19,0,19,6,14,25,0,45,64,4,68,113
01/04/2008,MOT,ND,AGL,CE,Federal Contract Tower,4,13,5,0,22,0,8,31,0,39,4,21,36,0,61,58,32,90,151
01/05/2008,MOT,ND,AGL,CE,Federal Contract Tower,4,10,2,0,16,0,4,22,0,26,4,14,24,0,42,56,0,56,98
01/06/2008,MOT,ND,AGL,CE,Federal Contract Tower,6,0,4,2,12,0,4,36,0,40,6,4,40,2,52,32,0,32,84
01/07/2008,MOT,ND,AGL,CE,Federal Contract Tower,5,10,3,0,18,0,3,12,0,15,5,13,15,0,33,16,14,30,63
01/08/2008,MOT,ND,AGL,CE,Federal Contract Tower,4,10,6,0,20,0,5,3,2,10,4,15,9,2,30,50,38,88,118
01/09/2008,MOT,ND,AGL,CE,Federal Contract Tower,4,18,8,1,31,0,0,13,1,14,4,18,21,2,45,36,0,36,81
01/10/2008,MOT,ND,AGL,CE,Federal Contract Tower,4,14,2,0,20,0,2,8,0,10,4,16,10,0,30,0,6,6,36
01/11/2008,MOT,ND,AGL,CE,Federal Contract Tower,4,15,0,0,19,0,2,13,0,15,4,17,13,0,34,6,10,16,50
01/12/2008,MOT,ND,AGL,CE,Federal Contract Tower,4,10,7,0,21,0,7,35,0,42,4,17,42,0,63,28,0,28,91
01/13/2008,MOT,ND,AGL,CE,Federal Contract Tower,5,6,4,0,15,0,2,7,0,9,5,8,11,0,24,14,0,14,38
01/14/2008,MOT,ND,AGL,CE,Federal Contract Tower,4,8,5,1,18,0,0,9,0,9,4,8,14,1,27,6,0,6,33
01/15/2008,MOT,ND,AGL,CE,Federal Contract Tower,4,16,7,0,27,0,1,1,0,2,4,17,8,0,29,6,12,18,47
01/16/2008,MOT,ND,AGL,CE,Federal Contract Tower,4,18,13,0,35,0,5,17,0,22,4,23,30,0,57,16,20,36,93
01/17/2008,MOT,ND,AGL,CE,Federal Contract Tower,4,13,5,1,23,0,2,21,1,24,4,15,26,2,47,6,36,42,89
01/18/2008,MOT,ND,AGL,CE,Federal Contract Tower,4,15,6,0,25,0,1,1,0,2,4,16,7,0,27,8,20,28,55
01/19/2008,MOT,ND,AGL,CE,Federal Contract Tower,5,11,2,0,18,0,5,21,0,26,5,16,23,0,44,24,0,24,68
01/20/2008,MOT,ND,AGL,CE,Federal Contract Tower,4,3,0,0,7,0,0,2,0,2,4,3,2,0,9,0,0,0,9
01/21/2008,MOT,ND,AGL,CE,Federal Contract Tower,4,9,7,0,20,0,6,14,0,20,4,15,21,0,40,38,0,38,78
01/22/2008,MOT,ND,AGL,CE,Federal Contract Tower,4,13,5,0,22,0,2,10,0,12,4,15,15,0,34,0,0,0,34
01/23/2008,MOT,ND,AGL,CE,Federal Contract Tower,4,18,14,0,36,0,6,19,0,25,4,24,33,0,61,34,42,76,137
01/24/2008,MOT,ND,AGL,CE,Federal Contract Tower,4,15,5,0,24,0,7,30,0,37,4,22,35,0,61,16,8,24,85
01/25/2008,MOT,ND,AGL,CE,Federal Contract Tower,4,17,3,0,24,0,3,3,0,6,4,20,6,0,30,0,36,36,66
01/26/2008,MOT,ND,AGL,CE,Federal Contract Tower,4,13,7,0,24,0,0,8,0,8,4,13,15,0,32,30,0,30,62
01/27/2008,MOT,ND,AGL,CE,Federal Contract Tower,4,0,3,0,7,0,0,11,0,11,4,0,14,0,18,64,0,64,82
01/28/2008,MOT,ND,AGL,CE,Federal Contract Tower,4,8,0,0,12,0,0,2,0,2,4,8,2,0,14,0,0,0,14
01/29/2008,MOT,ND,AGL,CE,Federal Contract Tower,4,14,2,0,20,0,3,11,0,14,4,17,13,0,34,0,10,10,44
01/30/2008,MOT,ND,AGL,CE,Federal Contract Tower,4,12,8,0,24,0,7,15,0,22,4,19,23,0,46,4,4,8,54
01/31/2008,MOT,ND,AGL,CE,Federal Contract Tower,4,18,5,3,30,0,4,23,0,27,4,22,28,3,57,14,22,36,93
02/01/2008,MOT,ND,AGL,CE,Federal Contract Tower,4,11,1,0,16,0,3,5,0,8,4,14,6,0,24,0,0,0,24
02/02/2008,MOT,ND,AGL,CE,Federal Contract Tower,4,14,4,6,28,0,4,16,0,20,4,18,20,6,48,16,0,16,64
02/03/2008,MOT,ND,AGL,CE,Federal Contract Tower,4,2,1,2,9,0,0,0,0,0,4,2,1,2,9,0,0,0,9
02/04/2008,MOT,ND,AGL,CE,Federal Contract Tower,4,8,9,2,23,0,0,3,0,3,4,8,12,2,26,12,0,12,38
02/05/2008,MOT,ND,AGL,CE,Federal Contract Tower,4,14,5,0,23,0,2,8,0,10,4,16,13,0,33,20,8,28,61
02/06/2008,MOT,ND,AGL,CE,Federal Contract Tower,4,16,6,2,28,0,9,14,0,23,4,25,20,2,51,16,40,56,107
02/07/2008,MOT,ND,AGL,CE,Federal Contract Tower,4,16,0,0,20,0,5,14,1,20,4,21,14,1,40,44,0,44,84
02/08/2008,MOT,ND,AGL,CE,Federal Contract Tower,4,19,8,1,32,0,1,2,0,3,4,20,10,1,35,24,4,28,63
02/09/2008,MOT,ND,AGL,CE,Federal Contract Tower,4,8,0,0,12,0,4,11,0,15,4,12,11,0,27,0,0,0,27
02/10/2008,MOT,ND,AGL,CE,Federal Contract Tower,4,4,1,0,9,0,4,13,0,17,4,8,14,0,26,12,0,12,38
02/11/2008,MOT,ND,AGL,CE,Federal Contract Tower,4,9,2,0,15,0,9,6,0,15,4,18,8,0,30,0,4,4,34
02/12/2008,MOT,ND,AGL,CE,Federal Contract Tower,4,16,5,0,25,0,4,22,0,26,4,20,27,0,51,26,10,36,87
02/13/2008,MOT,ND,AGL,CE,Federal Contract Tower,0,13,1,0,14,0,0,0,0,0,0,13,1,0,14,0,0,0,14
02/14/2008,MOT,ND,AGL,CE,Federal Contract Tower,4,15,6,1,26,0,2,9,1,12,4,17,15,2,38,18,10,28,66
02/15/2008,MOT,ND,AGL,CE,Federal Contract Tower,4,14,12,0,30,0,7,15,2,24,4,21,27,2,54,56,8,64,118
02/16/2008,MOT,ND,AGL,CE,Federal Contract Tower,4,13,3,0,20,0,8,27,0,35,4,21,30,0,55,66,0,66,121
02/17/2008,MOT,ND,AGL,CE,Federal Contract Tower,5,3,0,0,8,0,3,11,0,14,5,6,11,0,22,12,0,12,34
02/18/2008,MOT,ND,AGL,CE,Federal Contract Tower,4,6,9,0,19,0,6,17,0,23,4,12,26,0,42,47,0,47,89
02/19/2008,MOT,ND,AGL,CE,Federal Contract Tower,4,14,7,0,25,0,0,8,0,8,4,14,15,0,33,0,8,8,41
02/20/2008,MOT,ND,AGL,CE,Federal Contract Tower,4,15,7,0,26,0,1,8,0,9,4,16,15,0,35,0,0,0,35
02/21/2008,MOT,ND,AGL,CE,Federal Contract Tower,4,16,4,1,25,0,4,27,1,32,4,20,31,2,57,32,14,46,103
02/22/2008,MOT,ND,AGL,CE,Federal Contract Tower,4,13,11,3,31,0,6,18,5,29,4,19,29,8,60,22,10,32,92
02/23/2008,MOT,ND,AGL,CE,Federal Contract Tower,4,13,1,1,19,0,7,36,9,52,4,20,37,10,71,36,0,36,107
02/24/2008,MOT,ND,AGL,CE,Federal Contract Tower,4,0,2,1,7,0,8,41,0,49,4,8,43,1,56,34,0,34,90
02/25/2008,MOT,ND,AGL,CE,Federal Contract Tower,4,9,5,2,20,0,0,6,0,6,4,9,11,2,26,16,0,16,42
02/26/2008,MOT,ND,AGL,CE,Federal Contract Tower,4,17,13,0,34,0,2,8,2,12,4,19,21,2,46,36,30,66,112
02/27/2008,MOT,ND,AGL,CE,Federal Contract Tower,4,20,8,0,32,0,4,33,1,38,4,24,41,1,70,18,16,34,104
02/28/2008,MOT,ND,AGL,CE,Federal Contract Tower,5,15,3,0,23,0,0,16,0,16,5,15,19,0,39,8,14,22,61
02/29/2008,MOT,ND,AGL,CE,Federal Contract Tower,4,12,6,0,22,0,7,36,0,43,4,19,42,0,65,12,14,26,91
03/01/2008,MOT,ND,AGL,CE,Federal Contract Tower,4,12,3,0,19,0,8,38,0,46,4,20,41,0,65,28,0,28,93
03/02/2008,MOT,ND,AGL,CE,Federal Contract Tower,4,1,2,2,9,0,0,5,0,5,4,1,7,2,14,0,0,0,14
03/03/2008,MOT,ND,AGL,CE,Federal Contract Tower,4,12,5,0,21,0,0,12,4,16,4,12,17,4,37,26,0,26,63
03/04/2008,MOT,ND,AGL,CE,Federal Contract Tower,4,13,2,0,19,0,4,14,0,18,4,17,16,0,37,12,8,20,57
03/05/2008,MOT,ND,AGL,CE,Federal Contract Tower,5,18,4,0,27,0,4,28,2,34,5,22,32,2,61,28,14,42,103
03/06/2008,MOT,ND,AGL,CE,Federal Contract Tower,4,16,2,0,22,0,5,17,10,32,4,21,19,10,54,0,8,8,62
03/07/2008,MOT,ND,AGL,CE,Federal Contract Tower,4,14,3,0,21,0,4,10,1,15,4,18,13,1,36,2,4,6,42
03/08/2008,MOT,ND,AGL,CE,Federal Contract Tower,5,9,2,0,16,0,3,7,0,10,5,12,9,0,26,34,4,38,64
03/09/2008,MOT,ND,AGL,CE,Federal Contract Tower,4,0,5,0,9,0,2,14,0,16,4,2,19,0,25,28,0,28,53
03/10/2008,MOT,ND,AGL,CE,Federal Contract Tower,4,12,6,0,22,0,5,29,0,34,4,17,35,0,56,58,6,64,120
03/11/2008,MOT,ND,AGL,CE,Federal Contract Tower,4,15,7,0,26,0,6,24,3,33,4,21,31,3,59,16,14,30,89
03/12/2008,MOT,ND,AGL,CE,Federal Contract Tower,5,18,14,0,37,0,6,24,1,31,5,24,38,1,68,38,12,50,118
03/13/2008,MOT,ND,AGL,CE,Federal Contract Tower,4,13,6,0,23,0,7,25,3,35,4,20,31,3,58,12,12,24,82
03/14/2008,MOT,ND,AGL,CE,Federal Contract Tower,4,12,6,4,26,0,0,16,0,16,4,12,22,4,42,6,0,6,48
03/15/2008,MOT,ND,AGL,CE,Federal Contract Tower,4,11,3,0,18,0,1,9,0,10,4,12,12,0,28,76,0,76,104
03/16/2008,MOT,ND,AGL,CE,Federal Contract Tower,4,0,2,0,6,0,4,23,0,27,4,4,25,0,33,20,0,20,53
03/17/2008,MOT,ND,AGL,CE,Federal Contract Tower,4,12,0,0,16,0,4,18,0,22,4,16,18,0,38,28,14,42,80
03/18/2008,MOT,ND,AGL,CE,Federal Contract Tower,4,16,4,2,26,0,8,46,0,54,4,24,50,2,80,40,58,98,178
03/19/2008,MOT,ND,AGL,CE,Federal Contract Tower,6,16,11,0,33,0,9,27,0,36,6,25,38,0,69,26,14,40,109
03/20/2008,MOT,ND,AGL,CE,Federal Contract Tower,4,15,2,0,21,0,1,6,0,7,4,16,8,0,28,46,2,48,76
03/21/2008,MOT,ND,AGL,CE,Federal Contract Tower,5,12,2,0,19,0,0,0,0,0,5,12,2,0,19,2,0,2,21
03/22/2008,MOT,ND,AGL,CE,Federal Contract Tower,4,10,0,0,14,0,5,18,0,23,4,15,18,0,37,24,0,24,61
03/23/2008,MOT,ND,AGL,CE,Federal Contract Tower,4,0,0,0,4,0,4,38,0,42,4,4,38,0,46,56,0,56,102
03/24/2008,MOT,ND,AGL,CE,Federal Contract Tower,4,8,2,0,14,0,2,19,0,21,4,10,21,0,35,4,0,4,39
03/25/2008,MOT,ND,AGL,CE,Federal Contract Tower,4,16,11,0,31,0,6,17,5,28,4,22,28,5,59,26,18,44,103
03/26/2008,MOT,ND,AGL,CE,Federal Contract Tower,4,18,14,2,38,0,1,9,0,10,4,19,23,2,48,44,0,44,92
03/27/2008,MOT,ND,AGL,CE,Federal Contract Tower,4,10,8,0,22,0,0,11,0,11,4,10,19,0,33,34,6,40,73
03/28/2008,MOT,ND,AGL,CE,Federal Contract Tower,4,14,9,0,27,0,7,30,0,37,4,21,39,0,64,12,18,30,94
03/29/2008,MOT,ND,AGL,CE,Federal Contract Tower,4,12,0,0,16,0,0,17,0,17,4,12,17,0,33,24,0,24,57
03/30/2008,MOT,ND,AGL,CE,Federal Contract Tower,4,2,2,2,10,0,4,24,0,28,4,6,26,2,38,28,0,28,66
03/31/2008,MOT,ND,AGL,CE,Federal Contract Tower,4,10,8,0,22,0,6,17,6,29,4,16,25,6,51,26,22,48,99
04/01/2008,MOT,ND,AGL,CE,Federal Contract Tower,4,12,4,0,20,0,4,15,0,19,4,16,19,0,39,20,0,20,59
04/02/2008,MOT,ND,AGL,CE,Federal Contract Tower,4,17,6,1,28,0,1,10,1,12,4,18,16,2,40,18,10,28,68
04/03/2008,MOT,ND,AGL,CE,Federal Contract Tower,6,15,12,0,33,0,9,38,0,47,6,24,50,0,80,36,12,48,128
04/04/2008,MOT,ND,AGL,CE,Federal Contract Tower,4,14,2,14,34,0,2,38,0,40,4,16,40,14,74,42,30,72,146
04/05/2008,MOT,ND,AGL,CE,Federal Contract Tower,4,10,2,0,16,0,6,19,0,25,4,16,21,0,41,70,0,70,111
04/06/2008,MOT,ND,AGL,CE,Federal Contract Tower,5,0,9,0,14,0,2,41,0,43,5,2,50,0,57,72,0,72,129
04/07/2008,MOT,ND,AGL,CE,Federal Contract Tower,4,9,5,0,18,0,3,8,0,11,4,12,13,0,29,26,8,34,63
04/08/2008,MOT,ND,AGL,CE,Federal Contract Tower,4,19,3,0,26,0,2,14,0,16,4,21,17,0,42,32,18,50,92
04/09/2008,MOT,ND,AGL,CE,Federal Contract Tower,4,18,7,1,30,0,2,34,0,36,4,20,41,1,66,32,74,106,172
04/10/2008,MOT,ND,AGL,CE,Federal Contract Tower,4,21,2,2,29,0,0,9,4,13,4,21,11,6,42,38,18,56,98
04/11/2008,MOT,ND,AGL,CE,Federal Contract Tower,4,16,3,2,25,0,8,20,0,28,4,24,23,2,53,6,24,30,83
04/12/2008,MOT,ND,AGL,CE,Federal Contract Tower,4,10,3,0,17,0,8,46,1,55,4,18,49,1,72,80,0,80,152
04/13/2008,MOT,ND,AGL,CE,Federal Contract Tower,4,1,8,0,13,0,0,20,0,20,4,1,28,0,33,68,0,68,101
04/14/2008,MOT,ND,AGL,CE,Federal Contract Tower,4,16,5,0,25,0,0,15,2,17,4,16,20,2,42,8,30,38,80
04/15/2008,MOT,ND,AGL,CE,Federal Contract Tower,4,17,4,0,25,0,3,42,1,46,4,20,46,1,71,26,38,64,135
04/16/2008,MOT,ND,AGL,CE,Federal Contract Tower,4,16,18,0,38,0,4,12,8,24,4,20,30,8,62,40,24,64,126
04/17/2008,MOT,ND,AGL,CE,Federal Contract Tower,4,16,5,0,25,0,4,32,0,36,4,20,37,0,61,50,20,70,131
04/18/2008,MOT,ND,AGL,CE,Federal Contract Tower,4,16,7,0,27,0,6,54,0,60,4,22,61,0,87,46,0,46,133
04/19/2008,MOT,ND,AGL,CE,Federal Contract Tower,4,12,4,0,20,0,0,25,0,25,4,12,29,0,45,28,84,112,157
04/20/2008,MOT,ND,AGL,CE,Federal Contract Tower,4,1,5,0,10,0,0,4,12,16,4,1,9,12,26,0,126,126,152
04/21/2008,MOT,ND,AGL,CE,Federal Contract Tower,4,12,8,1,25,0,6,21,1,28,4,18,29,2,53,36,30,66,119
04/22/2008,MOT,ND,AGL,CE,Federal Contract Tower,4,13,2,0,19,0,2,24,4,30,4,15,26,4,49,22,34,56,105
04/23/2008,MOT,ND,AGL,CE,Federal Contract Tower,5,22,3,2,32,0,4,48,3,55,5,26,51,5,87,24,34,58,145
04/24/2008,MOT,ND,AGL,CE,Federal Contract Tower,4,22,6,1,33,0,2,4,4,10,4,24,10,5,43,6,24,30,73
04/25/2008,MOT,ND,AGL,CE,Federal Contract Tower,5,14,1,5,25,0,0,11,0,11,5,14,12,5,36,52,0,52,88
04/26/2008,MOT,ND,AGL,CE,Federal Contract Tower,4,9,6,0,19,0,0,18,0,18,4,9,24,0,37,32,0,32,69
04/27/2008,MOT,ND,AGL,CE,Federal Contract Tower,5,3,18,1,27,0,4,49,3,56,5,7,67,4,83,86,12,98,181
04/28/2008,MOT,ND,AGL,CE,Federal Contract Tower,5,10,11,0,26,0,4,44,0,48,5,14,55,0,74,18,14,32,106
04/29/2008,MOT,ND,AGL,CE,Federal Contract Tower,4,23,18,2,47,0,5,45,0,50,4,28,63,2,97,28,24,52,149
04/30/2008,MOT,ND,AGL,CE,Federal Contract Tower,4,15,11,8,38,0,5,22,14,41,4,20,33,22,79,0,12,12,91
05/01/2008,MOT,ND,AGL,CE,Federal Contract Tower,4,13,5,1,23,0,0,8,0,8,4,13,13,1,31,0,0,0,31
05/02/2008,MOT,ND,AGL,CE,Federal Contract Tower,4,12,2,1,19,0,5,24,1,30,4,17,26,2,49,12,16,28,77
05/03/2008,MOT,ND,AGL,CE,Federal Contract Tower,6,10,5,0,21,0,4,29,4,37,6,14,34,4,58,94,0,94,152
05/04/2008,MOT,ND,AGL,CE,Federal Contract Tower,4,0,3,0,7,0,4,25,0,29,4,4,28,0,36,60,0,60,96
05/05/2008,MOT,ND,AGL,CE,Federal Contract Tower,4,14,4,0,22,0,0,20,0,20,4,14,24,0,42,6,0,6,48
05/06/2008,MOT,ND,AGL,CE,Federal Contract Tower,4,19,0,0,23,0,6,15,2,23,4,25,15,2,46,36,6,42,88
05/07/2008,MOT,ND,AGL,CE,Federal Contract Tower,4,15,8,0,27,0,1,19,0,20,4,16,27,0,47,50,38,88,135
05/08/2008,MOT,ND,AGL,CE,Federal Contract Tower,4,12,6,0,22,0,0,31,0,31,4,12,37,0,53,76,2,78,131
05/09/2008,MOT,ND,AGL,CE,Federal Contract Tower,4,13,6,3,26,0,2,10,1,13,4,15,16,4,39,0,8,8,47
05/10/2008,MOT,ND,AGL,CE,Federal Contract Tower,4,10,1,2,17,0,4,34,0,38,4,14,35,2,55,70,0,70,125
05/11/2008,MOT,ND,AGL,CE,Federal Contract Tower,4,2,2,0,8,0,4,40,0,44,4,6,42,0,52,72,0,72,124
05/12/2008,MOT,ND,AGL,CE,Federal Contract Tower,6,9,9,0,24,0,0,4,5,9,6,9,13,5,33,4,10,14,47
05/13/2008,MOT,ND,AGL,CE,Federal Contract Tower,4,13,8,0,25,0,0,9,1,10,4,13,17,1,35,42,0,42,77
05/14/2008,MOT,ND,AGL,CE,Federal Contract Tower,4,14,8,0,26,0,0,28,0,28,4,14,36,0,54,64,26,90,144
05/15/2008,MOT,ND,AGL,CE,Federal Contract Tower,4,15,11,0,30,0,5,21,0,26,4,20,32,0,56,56,0,56,112
05/16/2008,MOT,ND,AGL,CE,Federal Contract Tower,4,14,4,1,23,0,7,45,0,52,4,21,49,1,75,50,32,82,157
05/17/2008,MOT,ND,AGL,CE,Federal Contract Tower,4,11,2,0,17,0,6,26,0,32,4,17,28,0,49,24,0,24,73
05/18/2008,MOT,ND,AGL,CE,Federal Contract Tower,4,1,3,0,8,0,4,44,2,50,4,5,47,2,58,66,0,66,124
05/19/2008,MOT,ND,AGL,CE,Federal Contract Tower,4,10,3,2,19,0,0,18,2,20,4,10,21,4,39,36,0,36,75
05/20/2008,MOT,ND,AGL,CE,Federal Contract Tower,3,15,6,2,26,0,0,26,0,26,3,15,32,2,52,46,48,94,146
05/21/2008,MOT,ND,AGL,CE,Federal Contract Tower,3,22,15,3,43,0,6,48,1,55,3,28,63,4,98,16,60,76,174
05/22/2008,MOT,ND,AGL,CE,Federal Contract Tower,5,13,3,4,25,0,2,14,0,16,5,15,17,4,41,0,54,54,95
05/23/2008,MOT,ND,AGL,CE,Federal Contract Tower,4,16,3,2,25,0,9,18,0,27,4,25,21,2,52,0,0,0,52
05/24/2008,MOT,ND,AGL,CE,Federal Contract Tower,5,8,0,0,13,0,4,14,0,18,5,12,14,0,31,20,0,20,51
05/25/2008,MOT,ND,AGL,CE,Federal Contract Tower,5,4,4,3,16,0,0,3,1,4,5,4,7,4,20,14,0,14,34
05/26/2008,MOT,ND,AGL,CE,Federal Contract Tower,4,0,6,2,12,0,0,12,0,12,4,0,18,2,24,22,0,22,46
05/27/2008,MOT,ND,AGL,CE,Federal Contract Tower,3,14,5,2,24,0,2,47,3,52,3,16,52,5,76,78,30,108,184
05/28/2008,MOT,ND,AGL,CE,Federal Contract Tower,6,16,5,0,27,0,5,46,0,51,6,21,51,0,78,52,22,74,152
05/29/2008,MOT,ND,AGL,CE,Federal Contract Tower,4,8,4,0,16,0,4,22,0,26,4,12,26,0,42,0,52,52,94
05/30/2008,MOT,ND,AGL,CE,Federal Contract Tower,4,15,6,0,25,0,1,17,0,18,4,16,23,0,43,14,6,20,63
05/31/2008,MOT,ND,AGL,CE,Federal Contract Tower,4,8,2,2,16,0,0,12,0,12,4,8,14,2,28,74,0,74,102
06/01/2008,MOT,ND,AGL,CE,Federal Contract Tower,4,1,11,0,16,0,3,31,0,34,4,4,42,0,50,119,0,119,169
06/02/2008,MOT,ND,AGL,CE,Federal Contract Tower,4,9,4,2,19,0,4,27,1,32,4,13,31,3,51,30,54,84,135
06/03/2008,MOT,ND,AGL,CE,Federal Contract Tower,4,13,5,0,22,0,0,12,0,12,4,13,17,0,34,18,2,20,54
06/04/2008,MOT,ND,AGL,CE,Federal Contract Tower,6,18,10,0,34,0,6,37,0,43,6,24,47,0,77,38,26,64,141
06/05/2008,MOT,ND,AGL,CE,Federal Contract Tower,5,17,11,0,33,0,6,16,2,24,5,23,27,2,57,18,100,118,175
06/06/2008,MOT,ND,AGL,CE,Federal Contract Tower,4,13,5,0,22,0,0,20,0,20,4,13,25,0,42,40,0,40,82
06/07/2008,MOT,ND,AGL,CE,Federal Contract Tower,4,9,10,0,23,0,2,31,0,33,4,11,41,0,56,136,0,136,192
06/08/2008,MOT,ND,AGL,CE,Federal Contract Tower,4,2,2,0,8,0,2,39,2,43,4,4,41,2,51,80,0,80,131
06/09/2008,MOT,ND,AGL,CE,Federal Contract Tower,4,13,17,3,37,0,7,19,1,27,4,20,36,4,64,30,70,100,164
06/10/2008,MOT,ND,AGL,CE,Federal Contract Tower,4,16,9,0,29,0,0,11,0,11,4,16,20,0,40,8,14,22,62
06/11/2008,MOT,ND,AGL,CE,Federal Contract Tower,4,16,12,0,32,0,2,3,0,5,4,18,15,0,37,0,10,10,47
06/12/2008,MOT,ND,AGL,CE,Federal Contract Tower,4,16,5,3,28,0,2,9,1,12,4,18,14,4,40,0,8,8,48
06/13/2008,MOT,ND,AGL,CE,Federal Contract Tower,4,12,10,1,27,0,5,6,0,11,4,17,16,1,38,0,4,4,42
06/14/2008,MOT,ND,AGL,CE,Federal Contract Tower,4,8,2,0,14,0,5,36,0,41,4,13,38,0,55,90,0,90,145
06/15/2008,MOT,ND,AGL,CE,Federal Contract Tower,4,0,2,0,6,0,2,38,0,40,4,2,40,0,46,70,0,70,116
06/16/2008,MOT,ND,AGL,CE,Federal Contract Tower,4,10,5,0,19,0,6,51,0,57,4,16,56,0,76,14,50,64,140
06/17/2008,MOT,ND,AGL,CE,Federal Contract Tower,4,17,9,0,30,0,5,56,0,61,4,22,65,0,91,64,10,74,165
06/18/2008,MOT,ND,AGL,CE,Federal Contract Tower,4,21,10,0,35,0,0,7,0,7,4,21,17,0,42,2,0,2,44
06/19/2008,MOT,ND,AGL,CE,Federal Contract Tower,4,14,10,0,28,0,1,17,0,18,4,15,27,0,46,10,58,68,114
06/20/2008,MOT,ND,AGL,CE,Federal Contract Tower,4,16,6,0,26,0,11,46,2,59,4,27,52,2,85,74,28,102,187
06/21/2008,MOT,ND,AGL,CE,Federal Contract Tower,4,10,5,2,21,0,4,57,0,61,4,14,62,2,82,158,0,158,240
06/22/2008,MOT,ND,AGL,CE,Federal Contract Tower,4,0,2,2,8,0,5,71,0,76,4,5,73,2,84,74,4,78,162
06/23/2008,MOT,ND,AGL,CE,Federal Contract Tower,4,11,1,0,16,0,2,22,0,24,4,13,23,0,40,0,32,32,72
06/24/2008,MOT,ND,AGL,CE,Federal Contract Tower,4,12,10,1,27,0,0,18,1,19,4,12,28,2,46,6,84,90,136
06/25/2008,MOT,ND,AGL,CE,Federal Contract Tower,4,13,8,1,26,0,2,23,1,26,4,15,31,2,52,74,36,110,162
06/26/2008,MOT,ND,AGL,CE,Federal Contract Tower,4,13,9,1,27,0,2,31,1,34,4,15,40,2,61,28,36,64,125
06/27/2008,MOT,ND,AGL,CE,Federal Contract Tower,4,15,9,0,28,0,7,27,0,34,4,22,36,0,62,30,4,34,96
06/28/2008,MOT,ND,AGL,CE,Federal Contract Tower,4,12,8,2,26,0,5,13,0,18,4,17,21,2,44,14,0,14,58
06/29/2008,MOT,ND,AGL,CE,Federal Contract Tower,4,2,8,0,14,0,0,38,0,38,4,2,46,0,52,18,0,18,70
06/30/2008,MOT,ND,AGL,CE,Federal Contract Tower,4,7,11,0,22,0,1,44,0,45,4,8,55,0,67,122,42,164,231
07/01/2008,MOT,ND,AGL,CE,Federal Contract Tower,4,16,17,0,37,0,1,44,0,45,4,17,61,0,82,146,2,148,230
07/02/2008,MOT,ND,AGL,CE,Federal Contract Tower,4,14,8,0,26,0,2,38,1,41,4,16,46,1,67,43,10,53,120
07/03/2008,MOT,ND,AGL,CE,Federal Contract Tower,4,11,10,0,25,0,3,50,0,53,4,14,60,0,78,48,0,48,126
07/04/2008,MOT,ND,AGL,CE,Federal Contract Tower,2,0,7,0,9,0,6,9,0,15,2,6,16,0,24,14,0,14,38
07/05/2008,MOT,ND,AGL,CE,Federal Contract Tower,2,10,6,0,18,0,7,49,0,56,2,17,55,0,74,84,0,84,158
07/06/2008,MOT,ND,AGL,CE,Federal Contract Tower,4,2,9,0,15,0,2,52,0,54,4,4,61,0,69,62,0,62,131
07/07/2008,MOT,ND,AGL,CE,Federal Contract Tower,5,6,8,0,19,0,3,33,0,36,5,9,41,0,55,8,24,32,87
07/08/2008,MOT,ND,AGL,CE,Federal Contract Tower,4,13,10,1,28,0,4,66,6,76,4,17,76,7,104,12,24,36,140
07/09/2008,MOT,ND,AGL,CE,Federal Contract Tower,4,19,17,1,41,0,9,85,4,98,4,28,102,5,139,22,12,34,173
07/10/2008,MOT,ND,AGL,CE,Federal Contract Tower,5,18,12,0,35,0,6,43,1,50,5,24,55,1,85,28,16,44,129
07/11/2008,MOT,ND,AGL,CE,Federal Contract Tower,5,12,8,0,25,0,6,17,2,25,5,18,25,2,50,0,0,0,50
07/12/2008,MOT,ND,AGL,CE,Federal Contract Tower,4,3,4,0,11,0,2,5,0,7,4,5,9,0,18,2,0,2,20
07/13/2008,MOT,ND,AGL,CE,Federal Contract Tower,5,0,4,0,9,0,1,44,0,45,5,1,48,0,54,52,0,52,106
07/14/2008,MOT,ND,AGL,CE,Federal Contract Tower,6,10,18,0,34,0,11,59,0,70,6,21,77,0,104,52,14,66,170
07/15/2008,MOT,ND,AGL,CE,Federal Contract Tower,4,11,10,0,25,0,6,62,4,72,4,17,72,4,97,40,16,56,153
07/16/2008,MOT,ND,AGL,CE,Federal Contract Tower,4,14,9,3,30,0,2,16,1,19,4,16,25,4,49,14,32,46,95
07/17/2008,MOT,ND,AGL,CE,Federal Contract Tower,4,14,17,0,35,0,6,56,0,62,4,20,73,0,97,14,72,86,183
07/18/2008,MOT,ND,AGL,CE,Federal Contract Tower,4,13,8,0,25,0,3,34,9,46,4,16,42,9,71,54,0,54,125
07/19/2008,MOT,ND,AGL,CE,Federal Contract Tower,4,10,1,0,15,0,1,18,0,19,4,11,19,0,34,50,4,54,88
07/20/2008,MOT,ND,AGL,CE,Federal Contract Tower,4,0,1,0,5,0,2,52,0,54,4,2,53,0,59,72,34,106,165
07/21/2008,MOT,ND,AGL,CE,Federal Contract Tower,4,9,7,0,20,0,10,32,0,42,4,19,39,0,62,50,26,76,138
07/22/2008,MOT,ND,AGL,CE,Federal Contract Tower,4,14,2,0,20,0,15,29,0,44,4,29,31,0,64,6,8,14,78
07/23/2008,MOT,ND,AGL,CE,Federal Contract Tower,4,13,8,1,26,0,12,26,0,38,4,25,34,1,64,4,14,18,82
07/24/2008,MOT,ND,AGL,CE,Federal Contract Tower,4,19,8,0,31,0,2,16,0,18,4,21,24,0,49,38,2,40,89
07/25/2008,MOT,ND,AGL,CE,Federal Contract Tower,4,12,11,0,27,0,0,51,0,51,4,12,62,0,78,48,4,52,130
07/26/2008,MOT,ND,AGL,CE,Federal Contract Tower,4,5,6,0,15,0,3,73,0,76,4,8,79,0,91,78,0,78,169
07/27/2008,MOT,ND,AGL,CE,Federal Contract Tower,4,0,9,0,13,0,3,58,0,61,4,3,67,0,74,50,18,68,142
07/28/2008,MOT,ND,AGL,CE,Federal Contract Tower,6,6,11,0,23,0,6,26,0,32,6,12,37,0,55,18,6,24,79
07/29/2008,MOT,ND,AGL,CE,Federal Contract Tower,4,11,13,0,28,0,8,31,4,43,4,19,44,4,71,26,6,32,103
07/30/2008,MOT,ND,AGL,CE,Federal Contract Tower,4,17,16,0,37,0,1,23,0,24,4,18,39,0,61,16,30,46,107
07/31/2008,MOT,ND,AGL,CE,Federal Contract Tower,4,18,17,2,41,0,0,28,0,28,4,18,45,2,69,48,18,66,135
08/01/2008,MOT,ND,AGL,CE,Federal Contract Tower,4,12,5,0,21,0,4,59,0,63,4,16,64,0,84,30,0,30,114
08/02/2008,MOT,ND,AGL,CE,Federal Contract Tower,4,7,2,0,13,0,2,37,0,39,4,9,39,0,52,20,0,20,72
08/03/2008,MOT,ND,AGL,CE,Federal Contract Tower,4,0,12,0,16,0,0,18,0,18,4,0,30,0,34,50,0,50,84
08/04/2008,MOT,ND,AGL,CE,Federal Contract Tower,4,10,13,0,27,0,3,35,0,38,4,13,48,0,65,28,8,36,101
08/05/2008,MOT,ND,AGL,CE,Federal Contract Tower,4,14,8,0,26,0,1,29,0,30,4,15,37,0,56,54,0,54,110
08/06/2008,MOT,ND,AGL,CE,Federal Contract Tower,4,15,8,3,30,0,3,54,0,57,4,18,62,3,87,76,18,94,181
08/07/2008,MOT,ND,AGL,CE,Federal Contract Tower,4,10,5,0,19,0,5,56,0,61,4,15,61,0,80,80,66,146,226
08/08/2008,MOT,ND,AGL,CE,Federal Contract Tower,4,8,2,0,14,0,6,42,0,48,4,14,44,0,62,56,6,62,124
08/09/2008,MOT,ND,AGL,CE,Federal Contract Tower,6,11,2,0,19,0,7,44,0,51,6,18,46,0,70,28,0,28,98
08/10/2008,MOT,ND,AGL,CE,Federal Contract Tower,4,1,5,0,10,0,2,26,0,28,4,3,31,0,38,40,0,40,78
08/11/2008,MOT,ND,AGL,CE,Federal Contract Tower,4,7,6,0,17,0,0,16,0,16,4,7,22,0,33,50,0,50,83
08/12/2008,MOT,ND,AGL,CE,Federal Contract Tower,4,12,10,0,26,0,0,47,0,47,4,12,57,0,73,79,0,79,152
08/13/2008,MOT,ND,AGL,CE,Federal Contract Tower,4,15,12,0,31,0,4,53,0,57,4,19,65,0,88,50,14,64,152
08/14/2008,MOT,ND,AGL,CE,Federal Contract Tower,4,10,6,1,21,0,4,62,0,66,4,14,68,1,87,86,30,116,203
08/15/2008,MOT,ND,AGL,CE,Federal Contract Tower,4,12,8,1,25,0,4,45,0,49,4,16,53,1,74,86,12,98,172
08/16/2008,MOT,ND,AGL,CE,Federal Contract Tower,4,10,1,0,15,0,6,76,0,82,4,16,77,0,97,42,0,42,139
08/17/2008,MOT,ND,AGL,CE,Federal Contract Tower,4,2,10,0,16,0,0,49,0,49,4,2,59,0,65,50,0,50,115
08/18/2008,MOT,ND,AGL,CE,Federal Contract Tower,4,12,15,0,31,0,1,32,0,33,4,13,47,0,64,58,0,58,122
08/19/2008,MOT,ND,AGL,CE,Federal Contract Tower,4,13,9,1,27,0,4,36,0,40,4,17,45,1,67,42,30,72,139
08/20/2008,MOT,ND,AGL,CE,Federal Contract Tower,7,17,14,0,38,0,4,44,0,48,7,21,58,0,86,58,20,78,164
08/21/2008,MOT,ND,AGL,CE,Federal Contract Tower,4,14,4,0,22,0,4,27,0,31,4,18,31,0,53,12,12,24,77
08/22/2008,MOT,ND,AGL,CE,Federal Contract Tower,4,13,9,0,26,0,7,18,0,25,4,20,27,0,51,0,48,48,99
08/23/2008,MOT,ND,AGL,CE,Federal Contract Tower,2,9,1,0,12,0,4,34,0,38,2,13,35,0,50,52,2,54,104
08/24/2008,MOT,ND,AGL,CE,Federal Contract Tower,5,1,4,0,10,0,0,38,0,38,5,1,42,0,48,46,0,46,94
08/25/2008,MOT,ND,AGL,CE,Federal Contract Tower,4,7,3,0,14,0,6,44,0,50,4,13,47,0,64,62,40,102,166
08/26/2008,MOT,ND,AGL,CE,Federal Contract Tower,4,10,9,2,25,0,4,34,0,38,4,14,43,2,63,28,4,32,95
08/27/2008,MOT,ND,AGL,CE,Federal Contract Tower,6,17,8,0,31,0,5,35,4,44,6,22,43,4,75,28,50,78,153
08/28/2008,MOT,ND,AGL,CE,Federal Contract Tower,4,14,8,0,26,0,5,30,3,38,4,19,38,3,64,36,4,40,104
08/29/2008,MOT,ND,AGL,CE,Federal Contract Tower,4,12,3,0,19,0,1,20,1,22,4,13,23,1,41,56,0,56,97
08/30/2008,MOT,ND,AGL,CE,Federal Contract Tower,2,6,1,0,9,0,3,23,0,26,2,9,24,0,35,19,0,19,54
08/31/2008,MOT,ND,AGL,CE,Federal Contract Tower,2,1,4,0,7,0,4,45,0,49,2,5,49,0,56,94,0,94,150
09/01/2008,MOT,ND,AGL,CE,Federal Contract Tower,4,2,8,0,14,0,2,6,0,8,4,4,14,0,22,0,0,0,22
09/02/2008,MOT,ND,AGL,CE,Federal Contract Tower,4,13,5,0,22,0,2,16,0,18,4,15,21,0,40,0,10,10,50
09/03/2008,MOT,ND,AGL,CE,Federal Contract Tower,4,17,20,0,41,0,6,51,0,57,4,23,71,0,98,52,28,80,178
09/04/2008,MOT,ND,AGL,CE,Federal Contract Tower,4,10,6,0,20,0,1,0,0,1,4,11,6,0,21,0,48,48,69
09/05/2008,MOT,ND,AGL,CE,Federal Contract Tower,4,13,7,2,26,0,2,12,0,14,4,15,19,2,40,34,16,50,90
09/06/2008,MOT,ND,AGL,CE,Federal Contract Tower,4,6,3,3,16,0,7,48,0,55,4,13,51,3,71,80,0,80,151
09/07/2008,MOT,ND,AGL,CE,Federal Contract Tower,4,0,5,3,12,0,4,45,0,49,4,4,50,3,61,68,6,74,135
09/08/2008,MOT,ND,AGL,CE,Federal Contract Tower,4,9,3,4,20,0,0,9,0,9,4,9,12,4,29,67,24,91,120
09/09/2008,MOT,ND,AGL,CE,Federal Contract Tower,4,12,10,1,27,0,2,10,0,12,4,14,20,1,39,14,32,46,85
09/10/2008,MOT,ND,AGL,CE,Federal Contract Tower,4,17,4,0,25,0,2,20,6,28,4,19,24,6,53,60,2,62,115
09/11/2008,MOT,ND,AGL,CE,Federal Contract Tower,4,17,7,0,28,0,2,19,2,23,4,19,26,2,51,34,16,50,101
09/12/2008,MOT,ND,AGL,CE,Federal Contract Tower,4,15,6,2,27,0,4,54,3,61,4,19,60,5,88,52,58,110,198
09/13/2008,MOT,ND,AGL,CE,Federal Contract Tower,4,8,13,0,25,0,2,18,0,20,4,10,31,0,45,12,0,12,57
09/14/2008,MOT,ND,AGL,CE,Federal Contract Tower,4,1,10,0,15,0,7,45,0,52,4,8,55,0,67,32,0,32,99
09/15/2008,MOT,ND,AGL,CE,Federal Contract Tower,4,6,6,1,17,0,8,44,1,53,4,14,50,2,70,20,34,54,124
09/16/2008,MOT,ND,AGL,CE,Federal Contract Tower,4,14,14,0,32,0,1,19,0,20,4,15,33,0,52,36,0,36,88
09/17/2008,MOT,ND,AGL,CE,Federal Contract Tower,4,16,6,1,27,0,6,31,1,38,4,22,37,2,65,32,0,32,97
09/18/2008,MOT,ND,AGL,CE,Federal Contract Tower,4,18,4,0,26,0,3,60,10,73,4,21,64,10,99,82,20,102,201
09/19/2008,MOT,ND,AGL,CE,Federal Contract Tower,4,14,9,0,27,0,2,57,0,59,4,16,66,0,86,106,0,106,192
09/20/2008,MOT,ND,AGL,CE,Federal Contract Tower,4,8,5,0,17,0,6,44,0,50,4,14,49,0,67,58,0,58,125
09/21/2008,MOT,ND,AGL,CE,Federal Contract Tower,4,0,9,0,13,0,2,53,0,55,4,2,62,0,68,48,0,48,116
09/22/2008,MOT,ND,AGL,CE,Federal Contract Tower,5,9,9,0,23,0,2,16,0,18,5,11,25,0,41,38,0,38,79
09/23/2008,MOT,ND,AGL,CE,Federal Contract Tower,4,15,10,0,29,0,5,9,8,22,4,20,19,8,51,26,6,32,83
09/24/2008,MOT,ND,AGL,CE,Federal Contract Tower,4,18,19,0,41,0,6,62,5,73,4,24,81,5,114,48,52,100,214
09/25/2008,MOT,ND,AGL,CE,Federal Contract Tower,4,13,8,0,25,0,7,54,0,61,4,20,62,0,86,56,16,72,158
09/26/2008,MOT,ND,AGL,CE,Federal Contract Tower,4,14,6,0,24,0,9,18,0,27,4,23,24,0,51,2,0,2,53
09/27/2008,MOT,ND,AGL,CE,Federal Contract Tower,4,6,4,0,14,0,0,26,0,26,4,6,30,0,40,30,0,30,70
09/28/2008,MOT,ND,AGL,CE,Federal Contract Tower,4,0,3,0,7,0,0,17,0,17,4,0,20,0,24,24,0,24,48
09/29/2008,MOT,ND,AGL,CE,Federal Contract Tower,4,7,11,1,23,0,0,19,0,19,4,7,30,1,42,26,2,28,70
09/30/2008,MOT,ND,AGL,CE,Federal Contract Tower,4,12,16,0,32,0,4,54,0,58,4,16,70,0,90,38,16,54,144
10/01/2008,MOT,ND,AGL,CE,Federal Contract Tower,4,13,4,0,21,0,6,61,10,77,4,19,65,10,98,48,62,110,208
10/02/2008,MOT,ND,AGL,CE,Federal Contract Tower,4,10,10,0,24,0,11,35,0,46,4,21,45,0,70,14,76,90,160
10/03/2008,MOT,ND,AGL,CE,Federal Contract Tower,4,9,8,2,23,0,16,77,0,93,4,25,85,2,116,38,26,64,180
10/04/2008,MOT,ND,AGL,CE,Federal Contract Tower,4,5,8,0,17,0,3,9,0,12,4,8,17,0,29,40,0,40,69
10/05/2008,MOT,ND,AGL,CE,Federal Contract Tower,4,1,10,0,15,0,2,6,0,8,4,3,16,0,23,2,0,2,25
10/06/2008,MOT,ND,AGL,CE,Federal Contract Tower,4,8,7,5,24,0,7,43,6,56,4,15,50,11,80,33,56,89,169
10/07/2008,MOT,ND,AGL,CE,Federal Contract Tower,4,11,6,0,21,0,6,45,10,61,4,17,51,10,82,50,92,142,224
10/08/2008,MOT,ND,AGL,CE,Federal Contract Tower,4,16,19,0,39,0,5,36,0,41,4,21,55,0,80,2,10,12,92
10/09/2008,MOT,ND,AGL,CE,Federal Contract Tower,4,16,12,0,32,0,12,54,0,66,4,28,66,0,98,44,26,70,168
10/10/2008,MOT,ND,AGL,CE,Federal Contract Tower,4,13,8,0,25,0,0,9,0,9,4,13,17,0,34,54,0,54,88
10/11/2008,MOT,ND,AGL,CE,Federal Contract Tower,4,8,0,0,12,0,2,6,0,8,4,10,6,0,20,34,0,34,54
10/12/2008,MOT,ND,AGL,CE,Federal Contract Tower,4,2,2,0,8,0,0,0,0,0,4,2,2,0,8,0,0,0,8
10/13/2008,MOT,ND,AGL,CE,Federal Contract Tower,5,8,3,0,16,0,4,21,0,25,5,12,24,0,41,60,0,60,101
10/14/2008,MOT,ND,AGL,CE,Federal Contract Tower,5,8,3,0,16,0,4,23,0,27,5,12,26,0,43,22,14,36,79
10/15/2008,MOT,ND,AGL,CE,Federal Contract Tower,4,16,8,0,28,0,8,26,0,34,4,24,34,0,62,16,60,76,138
10/16/2008,MOT,ND,AGL,CE,Federal Contract Tower,4,10,7,0,21,0,2,17,0,19,4,12,24,0,40,56,0,56,96
10/17/2008,MOT,ND,AGL,CE,Federal Contract Tower,6,18,6,0,30,0,1,18,0,19,6,19,24,0,49,78,0,78,127
10/18/2008,MOT,ND,AGL,CE,Federal Contract Tower,4,10,11,0,25,0,2,85,0,87,4,12,96,0,112,112,6,118,230
10/19/2008,MOT,ND,AGL,CE,Federal Contract Tower,4,2,3,0,9,0,2,42,0,44,4,4,45,0,53,94,0,94,147
10/20/2008,MOT,ND,AGL,CE,Federal Contract Tower,4,6,11,0,21,0,7,29,0,36,4,13,40,0,57,38,30,68,125
10/21/2008,MOT,ND,AGL,CE,Federal Contract Tower,4,11,7,1,23,0,7,17,0,24,4,18,24,1,47,6,18,24,71
10/22/2008,MOT,ND,AGL,CE,Federal Contract Tower,4,13,14,0,31,0,1,9,0,10,4,14,23,0,41,36,2,38,79
10/23/2008,MOT,ND,AGL,CE,Federal Contract Tower,4,10,15,2,31,0,5,16,10,31,4,15,31,12,62,36,16,52,114
10/24/2008,MOT,ND,AGL,CE,Federal Contract Tower,4,13,0,0,17,0,6,49,16,71,4,19,49,16,88,54,82,136,224
10/25/2008,MOT,ND,AGL,CE,Federal Contract Tower,4,8,3,0,15,0,7,31,0,38,4,15,34,0,53,16,0,16,69
10/26/2008,MOT,ND,AGL,CE,Federal Contract Tower,4,2,1,0,7,0,8,21,0,29,4,10,22,0,36,0,0,0,36
10/27/2008,MOT,ND,AGL,CE,Federal Contract Tower,4,9,4,0,17,0,4,23,0,27,4,13,27,0,44,44,26,70,114
10/28/2008,MOT,ND,AGL,CE,Federal Contract Tower,4,12,7,4,27,0,2,9,7,18,4,14,16,11,45,22,46,68,113
10/29/2008,MOT,ND,AGL,CE,Federal Contract Tower,4,13,10,1,28,0,2,19,0,21,4,15,29,1,49,46,2,48,97
10/30/2008,MOT,ND,AGL,CE,Federal Contract Tower,4,10,4,0,18,0,4,40,0,44,4,14,44,0,62,34,18,52,114
10/31/2008,MOT,ND,AGL,CE,Federal Contract Tower,4,11,7,1,23,0,9,45,0,54,4,20,52,1,77,50,8,58,135
11/01/2008,MOT,ND,AGL,CE,Federal Contract Tower,4,10,2,0,16,0,10,44,2,56,4,20,46,2,72,26,0,26,98
11/02/2008,MOT,ND,AGL,CE,Federal Contract Tower,4,0,9,0,13,0,4,51,4,59,4,4,60,4,72,158,8,166,238
11/03/2008,MOT,ND,AGL,CE,Federal Contract Tower,4,6,8,0,18,0,2,13,0,15,4,8,21,0,33,46,44,90,123
11/04/2008,MOT,ND,AGL,CE,Federal Contract Tower,4,13,9,0,26,0,0,1,0,1,4,13,10,0,27,44,0,44,71
11/05/2008,MOT,ND,AGL,CE,Federal Contract Tower,4,13,3,0,20,0,2,7,0,9,4,15,10,0,29,0,0,0,29
11/06/2008,MOT,ND,AGL,CE,Federal Contract Tower,0,4,0,0,4,0,0,0,0,0,0,4,0,0,4,0,0,0,4
11/07/2008,MOT,ND,AGL,CE,Federal Contract Tower,5,7,3,0,15,0,7,15,0,22,5,14,18,0,37,2,56,58,95
11/08/2008,MOT,ND,AGL,CE,Federal Contract Tower,4,8,1,0,13,0,2,8,0,10,4,10,9,0,23,14,0,14,37
11/09/2008,MOT,ND,AGL,CE,Federal Contract Tower,4,0,6,0,10,0,0,0,0,0,4,0,6,0,10,0,0,0,10
11/10/2008,MOT,ND,AGL,CE,Federal Contract Tower,4,14,8,0,26,0,1,7,0,8,4,15,15,0,34,16,50,66,100
11/11/2008,MOT,ND,AGL,CE,Federal Contract Tower,4,13,6,0,23,0,4,27,0,31,4,17,33,0,54,22,0,22,76
11/12/2008,MOT,ND,AGL,CE,Federal Contract Tower,4,12,16,0,32,0,0,24,0,24,4,12,40,0,56,60,24,84,140
11/13/2008,MOT,ND,AGL,CE,Federal Contract Tower,4,13,3,0,20,0,5,11,0,16,4,18,14,0,36,24,28,52,88
11/14/2008,MOT,ND,AGL,CE,Federal Contract Tower,4,10,3,0,17,0,3,10,0,13,4,13,13,0,30,0,54,54,84
11/15/2008,MOT,ND,AGL,CE,Federal Contract Tower,4,9,3,2,18,0,5,40,0,45,4,14,43,2,63,64,0,64,127
11/16/2008,MOT,ND,AGL,CE,Federal Contract Tower,4,0,5,0,9,0,0,2,0,2,4,0,7,0,11,0,0,0,11
11/17/2008,MOT,ND,AGL,CE,Federal Contract Tower,4,8,4,0,16,0,6,35,0,41,4,14,39,0,57,30,24,54,111
11/18/2008,MOT,ND,AGL,CE,Federal Contract Tower,4,14,10,1,29,0,3,23,0,26,4,17,33,1,55,18,28,46,101
11/19/2008,MOT,ND,AGL,CE,Federal Contract Tower,4,19,7,1,31,0,5,16,0,21,4,24,23,1,52,0,16,16,68
11/20/2008,MOT,ND,AGL,CE,Federal Contract Tower,4,11,4,0,19,0,6,22,4,32,4,17,26,4,51,12,34,46,97
11/21/2008,MOT,ND,AGL,CE,Federal Contract Tower,4,12,4,0,20,0,2,15,2,19,4,14,19,2,39,34,2,36,75
11/22/2008,MOT,ND,AGL,CE,Federal Contract Tower,4,12,4,0,20,0,0,6,0,6,4,12,10,0,26,20,0,20,46
11/23/2008,MOT,ND,AGL,CE,Federal Contract Tower,4,0,5,0,9,0,0,10,0,10,4,0,15,0,19,28,0,28,47
11/24/2008,MOT,ND,AGL,CE,Federal Contract Tower,4,9,5,0,18,0,2,4,5,11,4,11,9,5,29,7,2,9,38
11/25/2008,MOT,ND,AGL,CE,Federal Contract Tower,4,9,10,0,23,0,2,10,0,12,4,11,20,0,35,10,2,12,47
11/26/2008,MOT,ND,AGL,CE,Federal Contract Tower,5,11,2,0,18,0,7,19,2,28,5,18,21,2,46,2,8,10,56
11/27/2008,MOT,ND,AGL,CE,Federal Contract Tower,3,0,0,0,3,0,2,8,0,10,3,2,8,0,13,30,0,30,43
11/28/2008,MOT,ND,AGL,CE,Federal Contract Tower,3,10,2,0,15,0,0,7,0,7,3,10,9,0,22,33,0,33,55
11/29/2008,MOT,ND,AGL,CE,Federal Contract Tower,4,10,8,0,22,0,1,2,0,3,4,11,10,0,25,0,0,0,25
11/30/2008,MOT,ND,AGL,CE,Federal Contract Tower,4,0,6,0,10,0,0,1,0,1,4,0,7,0,11,0,0,0,11
12/01/2008,MOT,ND,AGL,CE,Federal Contract Tower,6,8,10,0,24,0,1,7,0,8,6,9,17,0,32,4,0,4,36
12/02/2008,MOT,ND,AGL,CE,Federal Contract Tower,4,12,3,0,19,0,3,1,0,4,4,15,4,0,23,0,0,0,23
12/03/2008,MOT,ND,AGL,CE,Federal Contract Tower,4,12,4,0,20,0,0,4,0,4,4,12,8,0,24,24,0,24,48
12/04/2008,MOT,ND,AGL,CE,Federal Contract Tower,4,11,3,1,19,0,2,8,0,10,4,13,11,1,29,36,42,78,107
12/05/2008,MOT,ND,AGL,CE,Federal Contract Tower,4,9,4,0,17,0,5,14,8,27,4,14,18,8,44,6,44,50,94
12/06/2008,MOT,ND,AGL,CE,Federal Contract Tower,4,7,2,0,13,0,8,29,0,37,4,15,31,0,50,62,0,62,112
12/07/2008,MOT,ND,AGL,CE,Federal Contract Tower,5,0,0,0,5,0,4,13,0,17,5,4,13,0,22,44,0,44,66
12/08/2008,MOT,ND,AGL,CE,Federal Contract Tower,4,13,0,0,17,0,2,4,1,7,4,15,4,1,24,0,4,4,28
12/09/2008,MOT,ND,AGL,CE,Federal Contract Tower,4,11,4,0,19,0,0,5,0,5,4,11,9,0,24,12,8,20,44
12/10/2008,MOT,ND,AGL,CE,Federal Contract Tower,4,13,4,1,22,0,0,0,0,0,4,13,4,1,22,0,20,20,42
12/11/2008,MOT,ND,AGL,CE,Federal Contract Tower,4,16,11,3,34,0,5,9,2,16,4,21,20,5,50,0,22,22,72
12/12/2008,MOT,ND,AGL,CE,Federal Contract Tower,4,12,11,2,29,0,3,16,1,20,4,15,27,3,49,36,46,82,131
12/13/2008,MOT,ND,AGL,CE,Federal Contract Tower,2,9,1,0,12,0,2,6,0,8,2,11,7,0,20,0,0,0,20
12/14/2008,MOT,ND,AGL,CE,Federal Contract Tower,4,0,0,0,4,0,0,0,0,0,4,0,0,0,4,0,0,0,4
12/15/2008,MOT,ND,AGL,CE,Federal Contract Tower,3,7,2,0,12,0,2,4,0,6,3,9,6,0,18,0,0,0,18
12/16/2008,MOT,ND,AGL,CE,Federal Contract Tower,4,11,7,2,24,0,5,5,0,10,4,16,12,2,34,0,0,0,34
12/17/2008,MOT,ND,AGL,CE,Federal Contract Tower,5,18,9,0,32,0,4,24,0,28,5,22,33,0,60,6,18,24,84
12/18/2008,MOT,ND,AGL,CE,Federal Contract Tower,4,9,3,0,16,0,4,16,0,20,4,13,19,0,36,0,32,32,68
12/19/2008,MOT,ND,AGL,CE,Federal Contract Tower,2,16,2,0,20,0,0,0,0,0,2,16,2,0,20,0,0,0,20
12/20/2008,MOT,ND,AGL,CE,Federal Contract Tower,5,19,0,0,24,0,5,10,0,15,5,24,10,0,39,0,0,0,39
12/21/2008,MOT,ND,AGL,CE,Federal Contract Tower,4,0,0,0,4,0,2,2,0,4,4,2,2,0,8,0,0,0,8
12/22/2008,MOT,ND,AGL,CE,Federal Contract Tower,4,7,6,0,17,0,1,0,0,1,4,8,6,0,18,6,0,6,24
12/23/2008,MOT,ND,AGL,CE,Federal Contract Tower,4,15,7,0,26,0,5,14,4,23,4,20,21,4,49,0,40,40,89
12/24/2008,MOT,ND,AGL,CE,Federal Contract Tower,2,18,2,0,22,0,10,26,0,36,2,28,28,0,58,0,16,16,74
12/25/2008,MOT,ND,AGL,CE,Federal Contract Tower,2,0,0,0,2,0,0,0,0,0,2,0,0,0,2,0,0,0,2
12/26/2008,MOT,ND,AGL,CE,Federal Contract Tower,4,8,0,0,12,0,0,0,0,0,4,8,0,0,12,0,0,0,12
12/27/2008,MOT,ND,AGL,CE,Federal Contract Tower,4,9,4,0,17,0,2,6,0,8,4,11,10,0,25,16,0,16,41
12/28/2008,MOT,ND,AGL,CE,Federal Contract Tower,4,2,2,0,8,0,0,9,0,9,4,2,11,0,17,40,0,40,57
12/29/2008,MOT,ND,AGL,CE,Federal Contract Tower,8,4,7,0,19,0,0,7,0,7,8,4,14,0,26,0,14,14,40
12/30/2008,MOT,ND,AGL,CE,Federal Contract Tower,4,10,4,0,18,0,6,17,6,29,4,16,21,6,47,0,18,18,65
12/31/2008,MOT,ND,AGL,CE,Federal Contract Tower,4,10,2,0,16,0,5,8,0,13,4,15,10,0,29,0,16,16,45
01/01/2009,MOT,ND,AGL,CE,Federal Contract Tower,5,0,0,0,5,0,4,6,0,10,5,4,6,0,15,0,0,0,15
01/02/2009,MOT,ND,AGL,CE,Federal Contract Tower,2,9,1,0,12,0,0,1,0,1,2,9,2,0,13,6,0,6,19
01/03/2009,MOT,ND,AGL,CE,Federal Contract Tower,4,10,2,0,16,0,0,3,8,11,4,10,5,8,27,6,26,32,59
01/04/2009,MOT,ND,AGL,CE,Federal Contract Tower,4,2,2,0,8,0,5,26,0,31,4,7,28,0,39,36,0,36,75
01/05/2009,MOT,ND,AGL,CE,Federal Contract Tower,4,8,1,0,13,0,5,32,0,37,4,13,33,0,50,22,12,34,84
01/06/2009,MOT,ND,AGL,CE,Federal Contract Tower,4,13,5,0,22,0,7,17,0,24,4,20,22,0,46,10,16,26,72
01/07/2009,MOT,ND,AGL,CE,Federal Contract Tower,4,17,5,0,26,0,4,8,0,12,4,21,13,0,38,4,10,14,52
01/08/2009,MOT,ND,AGL,CE,Federal Contract Tower,4,15,8,0,27,0,1,5,8,14,4,16,13,8,41,24,0,24,65
01/09/2009,MOT,ND,AGL,CE,Federal Contract Tower,4,12,2,0,18,0,0,0,0,0,4,12,2,0,18,0,0,0,18
01/10/2009,MOT,ND,AGL,CE,Federal Contract Tower,4,8,3,1,16,0,5,22,0,27,4,13,25,1,43,72,22,94,137
01/11/2009,MOT,ND,AGL,CE,Federal Contract Tower,4,0,3,0,7,0,5,27,0,32,4,5,30,0,39,70,0,70,109
01/12/2009,MOT,ND,AGL,CE,Federal Contract Tower,4,9,5,0,18,0,6,10,0,16,4,15,15,0,34,0,20,20,54
01/13/2009,MOT,ND,AGL,CE,Federal Contract Tower,2,13,0,0,15,0,2,2,0,4,2,15,2,0,19,0,0,0,19
01/14/2009,MOT,ND,AGL,CE,Federal Contract Tower,4,14,7,2,27,0,5,6,0,11,4,19,13,2,38,0,0,0,38
01/15/2009,MOT,ND,AGL,CE,Federal Contract Tower,5,11,3,2,21,0,0,2,3,5,5,11,5,5,26,6,0,6,32
01/16/2009,MOT,ND,AGL,CE,Federal Contract Tower,4,14,0,1,19,0,0,1,2,3,4,14,1,3,22,0,0,0,22
01/17/2009,MOT,ND,AGL,CE,Federal Contract Tower,4,9,2,0,15,0,5,13,0,18,4,14,15,0,33,22,0,22,55
01/18/2009,MOT,ND,AGL,CE,Federal Contract Tower,5,2,0,0,7,0,2,18,0,20,5,4,18,0,27,20,4,24,51
01/19/2009,MOT,ND,AGL,CE,Federal Contract Tower,4,7,4,2,17,0,11,20,0,31,4,18,24,2,48,6,0,6,54
01/20/2009,MOT,ND,AGL,CE,Federal Contract Tower,4,7,10,2,23,0,2,8,0,10,4,9,18,2,33,22,38,60,93
01/21/2009,MOT,ND,AGL,CE,Federal Contract Tower,4,10,5,0,19,0,0,11,1,12,4,10,16,1,31,28,4,32,63
01/22/2009,MOT,ND,AGL,CE,Federal Contract Tower,4,9,8,1,22,0,6,11,8,25,4,15,19,9,47,8,14,22,69
01/23/2009,MOT,ND,AGL,CE,Federal Contract Tower,4,15,5,0,24,0,6,33,0,39,4,21,38,0,63,24,24,48,111
01/24/2009,MOT,ND,AGL,CE,Federal Contract Tower,4,14,4,0,22,0,10,25,0,35,4,24,29,0,57,16,0,16,73
01/25/2009,MOT,ND,AGL,CE,Federal Contract Tower,4,0,4,0,8,0,6,25,0,31,4,6,29,0,39,22,0,22,61
01/26/2009,MOT,ND,AGL,CE,Federal Contract Tower,4,6,3,0,13,0,0,6,6,12,4,6,9,6,25,0,18,18,43
01/27/2009,MOT,ND,AGL,CE,Federal Contract Tower,4,10,9,1,24,0,2,2,4,8,4,12,11,5,32,0,16,16,48
01/28/2009,MOT,ND,AGL,CE,Federal Contract Tower,4,16,13,1,34,0,4,15,0,19,4,20,28,1,53,0,18,18,71
01/29/2009,MOT,ND,AGL,CE,Federal Contract Tower,4,9,1,1,15,0,4,19,0,23,4,13,20,1,38,6,36,42,80
01/30/2009,MOT,ND,AGL,CE,Federal Contract Tower,4,16,2,0,22,0,6,17,2,25,4,22,19,2,47,12,17,29,76
01/31/2009,MOT,ND,AGL,CE,Federal Contract Tower,5,7,2,0,14,0,7,11,4,22,5,14,13,4,36,8,0,8,44
02/01/2009,MOT,ND,AGL,CE,Federal Contract Tower,4,0,3,0,7,0,1,1,0,2,4,1,4,0,9,0,0,0,9
02/02/2009,MOT,ND,AGL,CE,Federal Contract Tower,4,7,5,0,16,0,6,9,8,23,4,13,14,8,39,0,18,18,57
02/03/2009,MOT,ND,AGL,CE,Federal Contract Tower,4,11,4,0,19,0,4,22,8,34,4,15,26,8,53,30,18,48,101
02/04/2009,MOT,ND,AGL,CE,Federal Contract Tower,4,13,10,2,29,0,3,24,0,27,4,16,34,2,56,60,6,66,122
02/05/2009,MOT,ND,AGL,CE,Federal Contract Tower,4,16,3,2,25,0,8,35,3,46,4,24,38,5,71,46,26,72,143
02/06/2009,MOT,ND,AGL,CE,Federal Contract Tower,4,18,7,0,29,0,9,27,4,40,4,27,34,4,69,40,8,48,117
02/07/2009,MOT,ND,AGL,CE,Federal Contract Tower,4,9,3,0,16,0,0,4,0,4,4,9,7,0,20,22,0,22,42
02/08/2009,MOT,ND,AGL,CE,Federal Contract Tower,4,1,1,0,6,0,2,19,0,21,4,3,20,0,27,54,0,54,81
02/09/2009,MOT,ND,AGL,CE,Federal Contract Tower,0,2,1,0,3,0,0,0,0,0,0,2,1,0,3,0,0,0,3
02/10/2009,MOT,ND,AGL,CE,Federal Contract Tower,0,14,2,0,16,0,0,0,0,0,0,14,2,0,16,0,0,0,16
02/11/2009,MOT,ND,AGL,CE,Federal Contract Tower,4,15,7,0,26,0,0,0,0,0,4,15,7,0,26,2,0,2,28
02/12/2009,MOT,ND,AGL,CE,Federal Contract Tower,4,12,5,0,21,0,11,16,4,31,4,23,21,4,52,2,18,20,72
02/13/2009,MOT,ND,AGL,CE,Federal Contract Tower,4,11,2,0,17,0,2,14,0,16,4,13,16,0,33,34,0,34,67
02/14/2009,MOT,ND,AGL,CE,Federal Contract Tower,4,8,0,0,12,0,1,4,0,5,4,9,4,0,17,34,0,34,51
02/15/2009,MOT,ND,AGL,CE,Federal Contract Tower,4,0,1,0,5,0,4,14,0,18,4,4,15,0,23,0,0,0,23
02/16/2009,MOT,ND,AGL,CE,Federal Contract Tower,4,6,6,0,16,0,2,16,0,18,4,8,22,0,34,20,10,30,64
02/17/2009,MOT,ND,AGL,CE,Federal Contract Tower,4,8,2,0,14,0,0,0,0,0,4,8,2,0,14,0,0,0,14
02/18/2009,MOT,ND,AGL,CE,Federal Contract Tower,4,17,2,1,24,0,9,18,1,28,4,26,20,2,52,6,12,18,70
02/19/2009,MOT,ND,AGL,CE,Federal Contract Tower,4,19,5,0,28,0,2,16,8,26,4,21,21,8,54,12,24,36,90
02/20/2009,MOT,ND,AGL,CE,Federal Contract Tower,4,15,2,0,21,0,4,4,0,8,4,19,6,0,29,0,0,0,29
02/21/2009,MOT,ND,AGL,CE,Federal Contract Tower,4,12,7,0,23,0,4,37,0,41,4,16,44,0,64,68,0,68,132
02/22/2009,MOT,ND,AGL,CE,Federal Contract Tower,4,0,4,0,8,0,4,17,0,21,4,4,21,0,29,72,0,72,101
02/23/2009,MOT,ND,AGL,CE,Federal Contract Tower,4,10,3,4,21,0,6,18,2,26,4,16,21,6,47,40,8,48,95
02/24/2009,MOT,ND,AGL,CE,Federal Contract Tower,4,16,1,0,21,0,0,0,0,0,4,16,1,0,21,4,0,4,25
02/25/2009,MOT,ND,AGL,CE,Federal Contract Tower,4,14,2,0,20,0,1,5,0,6,4,15,7,0,26,6,8,14,40
02/26/2009,MOT,ND,AGL,CE,Federal Contract Tower,3,14,7,1,25,0,12,0,0,12,3,26,7,1,37,0,24,24,61
02/27/2009,MOT,ND,AGL,CE,Federal Contract Tower,5,13,6,0,24,0,7,29,0,36,5,20,35,0,60,44,16,60,120
02/28/2009,MOT,ND,AGL,CE,Federal Contract Tower,4,11,5,0,20,0,5,30,0,35,4,16,35,0,55,84,0,84,139
03/01/2009,MOT,ND,AGL,CE,Federal Contract Tower,4,1,5,0,10,0,5,29,2,36,4,6,34,2,46,40,0,40,86
03/02/2009,MOT,ND,AGL,CE,Federal Contract Tower,4,7,1,0,12,0,11,24,0,35,4,18,25,0,47,16,16,32,79
03/03/2009,MOT,ND,AGL,CE,Federal Contract Tower,4,12,2,0,18,0,2,6,0,8,4,14,8,0,26,20,14,34,60
03/04/2009,MOT,ND,AGL,CE,Federal Contract Tower,4,16,3,1,24,0,2,9,1,12,4,18,12,2,36,38,0,38,74
03/05/2009,MOT,ND,AGL,CE,Federal Contract Tower,4,13,2,0,19,0,4,27,0,31,4,17,29,0,50,28,10,38,88
03/06/2009,MOT,ND,AGL,CE,Federal Contract Tower,4,12,5,4,25,0,9,36,2,47,4,21,41,6,72,8,26,34,106
03/07/2009,MOT,ND,AGL,CE,Federal Contract Tower,4,11,1,0,16,0,5,22,0,27,4,16,23,0,43,42,0,42,85
03/08/2009,MOT,ND,AGL,CE,Federal Contract Tower,5,4,6,0,15,0,6,20,0,26,5,10,26,0,41,34,0,34,75
03/09/2009,MOT,ND,AGL,CE,Federal Contract Tower,6,8,0,1,15,0,4,2,0,6,6,12,2,1,21,8,16,24,45
03/10/2009,MOT,ND,AGL,CE,Federal Contract Tower,4,10,2,2,18,0,0,0,0,0,4,10,2,2,18,0,0,0,18
03/11/2009,MOT,ND,AGL,CE,Federal Contract Tower,4,17,7,3,31,0,5,25,0,30,4,22,32,3,61,34,14,48,109
03/12/2009,MOT,ND,AGL,CE,Federal Contract Tower,4,11,5,2,22,0,6,18,0,24,4,17,23,2,46,34,22,56,102
03/13/2009,MOT,ND,AGL,CE,Federal Contract Tower,4,14,6,1,25,0,11,29,0,40,4,25,35,1,65,0,20,20,85
03/14/2009,MOT,ND,AGL,CE,Federal Contract Tower,5,9,4,0,18,0,7,44,2,53,5,16,48,2,71,46,0,46,117
03/15/2009,MOT,ND,AGL,CE,Federal Contract Tower,4,0,1,0,5,0,0,21,0,21,4,0,22,0,26,38,0,38,64
03/16/2009,MOT,ND,AGL,CE,Federal Contract Tower,4,7,0,1,12,0,0,5,0,5,4,7,5,1,17,0,2,2,19
03/17/2009,MOT,ND,AGL,CE,Federal Contract Tower,4,14,13,2,33,0,5,28,4,37,4,19,41,6,70,24,14,38,108
03/18/2009,MOT,ND,AGL,CE,Federal Contract Tower,4,15,2,0,21,0,5,28,8,41,4,20,30,8,62,28,24,52,114
03/19/2009,MOT,ND,AGL,CE,Federal Contract Tower,4,11,2,0,17,0,5,15,0,20,4,16,17,0,37,0,16,16,53
03/20/2009,MOT,ND,AGL,CE,Federal Contract Tower,4,15,7,2,28,0,5,21,0,26,4,20,28,2,54,50,20,70,124
03/21/2009,MOT,ND,AGL,CE,Federal Contract Tower,7,2,0,0,9,0,0,0,0,0,7,2,0,0,9,7,0,7,16
03/22/2009,MOT,ND,AGL,CE,Federal Contract Tower,6,0,0,0,6,0,0,0,0,0,6,0,0,0,6,4,0,4,10
03/23/2009,MOT,ND,AGL,CE,Federal Contract Tower,4,7,0,1,12,0,2,7,0,9,4,9,7,1,21,0,2,2,23
03/24/2009,MOT,ND,AGL,CE,Federal Contract Tower,2,5,0,0,7,0,0,0,0,0,2,5,0,0,7,2,0,2,9
03/25/2009,MOT,ND,AGL,CE,Federal Contract Tower,5,12,6,2,25,0,6,9,1,16,5,18,15,3,41,0,22,22,63
03/26/2009,MOT,ND,AGL,CE,Federal Contract Tower,4,15,7,3,29,0,6,8,0,14,4,21,15,3,43,0,24,24,67
03/27/2009,MOT,ND,AGL,CE,Federal Contract Tower,4,13,8,0,25,0,0,0,0,0,4,13,8,0,25,2,44,46,71
03/28/2009,MOT,ND,AGL,CE,Federal Contract Tower,4,9,4,0,17,0,0,0,0,0,4,9,4,0,17,84,0,84,101
03/29/2009,MOT,ND,AGL,CE,Federal Contract Tower,4,0,3,0,7,0,2,7,0,9,4,2,10,0,16,12,0,12,28
03/30/2009,MOT,ND,AGL,CE,Federal Contract Tower,4,10,7,1,22,0,3,18,0,21,4,13,25,1,43,26,14,40,83
03/31/2009,MOT,ND,AGL,CE,Federal Contract Tower,4,12,5,0,21,0,4,4,0,8,4,16,9,0,29,8,6,14,43
04/01/2009,MOT,ND,AGL,CE,Federal Contract Tower,4,13,9,0,26,0,5,20,0,25,4,18,29,0,51,4,20,24,75
04/02/2009,MOT,ND,AGL,CE,Federal Contract Tower,4,12,12,0,28,0,1,38,6,45,4,13,50,6,73,58,30,88,161
04/03/2009,MOT,ND,AGL,CE,Federal Contract Tower,4,12,7,0,23,0,4,13,0,17,4,16,20,0,40,38,4,42,82
04/04/2009,MOT,ND,AGL,CE,Federal Contract Tower,4,10,4,0,18,0,3,29,0,32,4,13,33,0,50,76,0,76,126
04/05/2009,MOT,ND,AGL,CE,Federal Contract Tower,4,0,4,0,8,0,6,45,0,51,4,6,49,0,59,52,0,52,111
04/06/2009,MOT,ND,AGL,CE,Federal Contract Tower,4,6,4,0,14,0,8,35,0,43,4,14,39,0,57,22,10,32,89
04/07/2009,MOT,ND,AGL,CE,Federal Contract Tower,4,12,3,0,19,0,7,29,0,36,4,19,32,0,55,16,12,28,83
04/08/2009,MOT,ND,AGL,CE,Federal Contract Tower,4,12,9,2,27,0,6,30,6,42,4,18,39,8,69,32,14,46,115
04/09/2009,MOT,ND,AGL,CE,Federal Contract Tower,4,9,6,0,19,0,0,22,0,22,4,9,28,0,41,30,34,64,105
04/10/2009,MOT,ND,AGL,CE,Federal Contract Tower,4,11,6,0,21,0,10,25,2,37,4,21,31,2,58,58,36,94,152
04/11/2009,MOT,ND,AGL,CE,Federal Contract Tower,4,10,1,0,15,0,4,34,2,40,4,14,35,2,55,34,20,54,109
04/12/2009,MOT,ND,AGL,CE,Federal Contract Tower,4,0,7,0,11,0,2,9,5,16,4,2,16,5,27,26,6,32,59
04/13/2009,MOT,ND,AGL,CE,Federal Contract Tower,4,6,8,4,22,0,6,24,1,31,4,12,32,5,53,32,34,66,119
04/14/2009,MOT,ND,AGL,CE,Federal Contract Tower,4,12,8,2,26,0,0,19,2,21,4,12,27,4,47,18,48,66,113
04/15/2009,MOT,ND,AGL,CE,Federal Contract Tower,4,14,9,1,28,0,2,8,5,15,4,16,17,6,43,6,60,66,109
04/16/2009,MOT,ND,AGL,CE,Federal Contract Tower,4,14,5,1,24,0,2,22,0,24,4,16,27,1,48,18,46,64,112
04/17/2009,MOT,ND,AGL,CE,Federal Contract Tower,4,12,8,0,24,0,4,36,16,56,4,16,44,16,80,22,60,82,162
04/18/2009,MOT,ND,AGL,CE,Federal Contract Tower,6,9,4,4,23,0,6,30,0,36,6,15,34,4,59,54,0,54,113
04/19/2009,MOT,ND,AGL,CE,Federal Contract Tower,4,0,1,0,5,0,4,31,0,35,4,4,32,0,40,22,0,22,62
04/20/2009,MOT,ND,AGL,CE,Federal Contract Tower,4,9,10,0,23,0,4,15,1,20,4,13,25,1,43,24,24,48,91
04/21/2009,MOT,ND,AGL,CE,Federal Contract Tower,4,10,6,0,20,0,4,17,1,22,4,14,23,1,42,18,46,64,106
04/22/2009,MOT,ND,AGL,CE,Federal Contract Tower,4,15,11,0,30,0,4,48,0,52,4,19,59,0,82,44,16,60,142
04/23/2009,MOT,ND,AGL,CE,Federal Contract Tower,4,13,12,2,31,0,3,30,6,39,4,16,42,8,70,22,116,138,208
04/24/2009,MOT,ND,AGL,CE,Federal Contract Tower,4,9,10,0,23,0,8,29,0,37,4,17,39,0,60,22,16,38,98
04/25/2009,MOT,ND,AGL,CE,Federal Contract Tower,5,10,6,0,21,0,7,38,0,45,5,17,44,0,66,72,0,72,138
04/26/2009,MOT,ND,AGL,CE,Federal Contract Tower,4,2,4,0,10,0,0,6,0,6,4,2,10,0,16,30,0,30,46
04/27/2009,MOT,ND,AGL,CE,Federal Contract Tower,4,7,0,0,11,0,2,17,0,19,4,9,17,0,30,16,26,42,72
04/28/2009,MOT,ND,AGL,CE,Federal Contract Tower,4,10,1,0,15,0,2,13,0,15,4,12,14,0,30,6,70,76,106
04/29/2009,MOT,ND,AGL,CE,Federal Contract Tower,4,17,5,0,26,0,0,0,0,0,4,17,5,0,26,0,0,0,26
04/30/2009,MOT,ND,AGL,CE,Federal Contract Tower,4,10,6,0,20,0,0,3,0,3,4,10,9,0,23,2,0,2,25
05/01/2009,MOT,ND,AGL,CE,Federal Contract Tower,4,12,4,0,20,0,7,31,0,38,4,19,35,0,58,30,32,62,120
05/02/2009,MOT,ND,AGL,CE,Federal Contract Tower,4,10,1,0,15,0,2,28,0,30,4,12,29,0,45,52,44,96,141
05/03/2009,MOT,ND,AGL,CE,Federal Contract Tower,4,0,2,0,6,0,2,41,0,43,4,2,43,0,49,66,0,66,115
05/04/2009,MOT,ND,AGL,CE,Federal Contract Tower,4,10,5,0,19,0,4,30,0,34,4,14,35,0,53,32,30,62,115
05/05/2009,MOT,ND,AGL,CE,Federal Contract Tower,4,13,7,4,28,0,6,33,18,57,4,19,40,22,85,72,56,128,213
05/06/2009,MOT,ND,AGL,CE,Federal Contract Tower,5,16,4,2,27,0,9,22,2,33,5,25,26,4,60,0,82,82,142
05/07/2009,MOT,ND,AGL,CE,Federal Contract Tower,5,14,8,4,31,0,8,28,0,36,5,22,36,4,67,38,32,70,137
05/08/2009,MOT,ND,AGL,CE,Federal Contract Tower,4,14,5,0,23,0,2,12,0,14,4,16,17,0,37,40,26,66,103
05/09/2009,MOT,ND,AGL,CE,Federal Contract Tower,4,6,4,0,14,0,2,17,0,19,4,8,21,0,33,68,0,68,101
05/10/2009,MOT,ND,AGL,CE,Federal Contract Tower,4,0,2,0,6,0,4,37,0,41,4,4,39,0,47,92,0,92,139
05/11/2009,MOT,ND,AGL,CE,Federal Contract Tower,4,8,8,0,20,0,6,36,0,42,4,14,44,0,62,42,18,60,122
05/12/2009,MOT,ND,AGL,CE,Federal Contract Tower,4,17,4,2,27,0,9,35,0,44,4,26,39,2,71,30,22,52,123
05/13/2009,MOT,ND,AGL,CE,Federal Contract Tower,4,18,8,1,31,0,5,14,0,19,4,23,22,1,50,2,18,20,70
05/14/2009,MOT,ND,AGL,CE,Federal Contract Tower,4,12,8,0,24,0,6,20,0,26,4,18,28,0,50,34,46,80,130
05/15/2009,MOT,ND,AGL,CE,Federal Contract Tower,4,11,4,0,19,0,0,7,0,7,4,11,11,0,26,22,0,22,48
05/16/2009,MOT,ND,AGL,CE,Federal Contract Tower,6,7,5,2,20,0,6,52,0,58,6,13,57,2,78,100,0,100,178
05/17/2009,MOT,ND,AGL,CE,Federal Contract Tower,4,0,2,0,6,0,4,23,0,27,4,4,25,0,33,38,0,38,71
05/18/2009,MOT,ND,AGL,CE,Federal Contract Tower,4,12,7,2,25,0,3,31,0,34,4,15,38,2,59,20,62,82,141
05/19/2009,MOT,ND,AGL,CE,Federal Contract Tower,4,14,7,2,27,0,0,4,0,4,4,14,11,2,31,48,6,54,85
05/20/2009,MOT,ND,AGL,CE,Federal Contract Tower,4,12,4,1,21,0,1,7,0,8,4,13,11,1,29,81,2,83,112
05/21/2009,MOT,ND,AGL,CE,Federal Contract Tower,4,9,7,0,20,0,1,25,0,26,4,10,32,0,46,36,0,36,82
05/22/2009,MOT,ND,AGL,CE,Federal Contract Tower,4,14,10,0,28,0,0,21,0,21,4,14,31,0,49,34,0,34,83
05/23/2009,MOT,ND,AGL,CE,Federal Contract Tower,4,9,3,0,16,0,2,27,0,29,4,11,30,0,45,70,0,70,115
05/24/2009,MOT,ND,AGL,CE,Federal Contract Tower,4,2,3,0,9,0,1,18,0,19,4,3,21,0,28,10,0,10,38
05/25/2009,MOT,ND,AGL,CE,Federal Contract Tower,4,0,2,0,6,0,0,0,0,0,4,0,2,0,6,0,0,0,6
05/26/2009,MOT,ND,AGL,CE,Federal Contract Tower,4,10,2,0,16,0,0,12,0,12,4,10,14,0,28,46,10,56,84
05/27/2009,MOT,ND,AGL,CE,Federal Contract Tower,4,16,9,0,29,0,0,25,0,25,4,16,34,0,54,80,8,88,142
05/28/2009,MOT,ND,AGL,CE,Federal Contract Tower,4,11,13,1,29,0,4,24,0,28,4,15,37,1,57,46,20,66,123
05/29/2009,MOT,ND,AGL,CE,Federal Contract Tower,4,12,4,0,20,0,2,18,0,20,4,14,22,0,40,30,14,44,84
05/30/2009,MOT,ND,AGL,CE,Federal Contract Tower,4,9,3,0,16,0,9,63,2,74,4,18,66,2,90,92,0,92,182
05/31/2009,MOT,ND,AGL,CE,Federal Contract Tower,4,0,5,1,10,0,6,37,0,43,4,6,42,1,53,42,8,50,103
06/01/2009,MOT,ND,AGL,CE,Federal Contract Tower,4,6,5,0,15,0,0,18,0,18,4,6,23,0,33,41,14,55,88
06/02/2009,MOT,ND,AGL,CE,Federal Contract Tower,4,7,11,0,22,0,0,19,0,19,4,7,30,0,41,71,18,89,130
06/03/2009,MOT,ND,AGL,CE,Federal Contract Tower,4,14,4,1,23,0,10,61,0,71,4,24,65,1,94,36,20,56,150
06/04/2009,MOT,ND,AGL,CE,Federal Contract Tower,6,11,9,0,26,0,4,45,0,49,6,15,54,0,75,6,54,60,135
06/05/2009,MOT,ND,AGL,CE,Federal Contract Tower,6,11,11,0,28,0,6,33,0,39,6,17,44,0,67,42,20,62,129
06/06/2009,MOT,ND,AGL,CE,Federal Contract Tower,7,12,3,0,22,0,8,20,2,30,7,20,23,2,52,48,0,48,100
06/07/2009,MOT,ND,AGL,CE,Federal Contract Tower,6,0,13,0,19,0,0,6,0,6,6,0,19,0,25,34,0,34,59
06/08/2009,MOT,ND,AGL,CE,Federal Contract Tower,6,8,8,2,24,0,2,7,0,9,6,10,15,2,33,32,0,32,65
06/09/2009,MOT,ND,AGL,CE,Federal Contract Tower,6,11,16,1,34,0,7,40,2,49,6,18,56,3,83,48,50,98,181
06/10/2009,MOT,ND,AGL,CE,Federal Contract Tower,6,12,12,0,30,0,8,46,0,54,6,20,58,0,84,138,26,164,248
06/11/2009,MOT,ND,AGL,CE,Federal Contract Tower,6,13,14,5,38,0,8,38,0,46,6,21,52,5,84,24,16,40,124
06/12/2009,MOT,ND,AGL,CE,Federal Contract Tower,6,13,4,0,23,0,8,28,0,36,6,21,32,0,59,0,6,6,65
06/13/2009,MOT,ND,AGL,CE,Federal Contract Tower,8,8,9,0,25,0,3,36,0,39,8,11,45,0,64,138,0,138,202
06/14/2009,MOT,ND,AGL,CE,Federal Contract Tower,6,1,1,0,8,0,0,28,0,28,6,1,29,0,36,101,0,101,137
06/15/2009,MOT,ND,AGL,CE,Federal Contract Tower,6,8,11,1,26,0,7,48,2,57,6,15,59,3,83,82,54,136,219
06/16/2009,MOT,ND,AGL,CE,Federal Contract Tower,6,12,9,0,27,0,4,40,0,44,6,16,49,0,71,34,58,92,163
06/17/2009,MOT,ND,AGL,CE,Federal Contract Tower,7,12,13,2,34,0,6,29,0,35,7,18,42,2,69,28,88,116,185
06/18/2009,MOT,ND,AGL,CE,Federal Contract Tower,6,13,14,0,33,0,5,32,0,37,6,18,46,0,70,46,32,78,148
06/19/2009,MOT,ND,AGL,CE,Federal Contract Tower,6,12,6,0,24,0,0,23,0,23,6,12,29,0,47,62,0,62,109
06/20/2009,MOT,ND,AGL,CE,Federal Contract Tower,6,12,13,0,31,0,8,51,2,61,6,20,64,2,92,138,0,138,230
06/21/2009,MOT,ND,AGL,CE,Federal Contract Tower,6,2,9,0,17,0,6,49,0,55,6,8,58,0,72,92,6,98,170
06/22/2009,MOT,ND,AGL,CE,Federal Contract Tower,6,12,9,0,27,0,1,44,4,49,6,13,53,4,76,24,10,34,110
06/23/2009,MOT,ND,AGL,CE,Federal Contract Tower,6,10,8,0,24,0,4,34,0,38,6,14,42,0,62,34,12,46,108
06/24/2009,MOT,ND,AGL,CE,Federal Contract Tower,6,14,11,0,31,0,7,67,0,74,6,21,78,0,105,90,30,120,225
06/25/2009,MOT,ND,AGL,CE,Federal Contract Tower,4,12,4,0,20,0,2,39,4,45,4,14,43,4,65,60,32,92,157
06/26/2009,MOT,ND,AGL,CE,Federal Contract Tower,6,9,6,0,21,0,2,18,4,24,6,11,24,4,45,80,16,96,141
06/27/2009,MOT,ND,AGL,CE,Federal Contract Tower,6,8,1,0,15,0,9,36,0,45,6,17,37,0,60,46,8,54,114
06/28/2009,MOT,ND,AGL,CE,Federal Contract Tower,6,0,5,0,11,0,7,50,0,57,6,7,55,0,68,98,18,116,184
06/29/2009,MOT,ND,AGL,CE,Federal Contract Tower,6,14,5,0,25,0,6,60,0,66,6,20,65,0,91,46,26,72,163
06/30/2009,MOT,ND,AGL,CE,Federal Contract Tower,6,11,14,0,31,0,6,37,0,43,6,17,51,0,74,32,52,84,158
07/01/2009,MOT,ND,AGL,CE,Federal Contract Tower,6,14,9,0,29,0,0,32,0,32,6,14,41,0,61,67,16,83,144
07/02/2009,MOT,ND,AGL,CE,Federal Contract Tower,6,12,11,0,29,0,5,40,0,45,6,17,51,0,74,80,0,80,154
07/03/2009,MOT,ND,AGL,CE,Federal Contract Tower,6,13,9,0,28,0,8,62,0,70,6,21,71,0,98,140,0,140,238
07/04/2009,MOT,ND,AGL,CE,Federal Contract Tower,6,0,3,0,9,0,6,44,0,50,6,6,47,0,59,76,0,76,135
07/05/2009,MOT,ND,AGL,CE,Federal Contract Tower,6,0,6,0,12,0,2,67,0,69,6,2,73,0,81,58,0,58,139
07/06/2009,MOT,ND,AGL,CE,Federal Contract Tower,6,7,11,4,28,0,2,53,0,55,6,9,64,4,83,40,6,46,129
07/07/2009,MOT,ND,AGL,CE,Federal Contract Tower,6,12,5,0,23,0,0,13,0,13,6,12,18,0,36,38,0,38,74
07/08/2009,MOT,ND,AGL,CE,Federal Contract Tower,6,15,9,3,33,0,0,24,0,24,6,15,33,3,57,22,10,32,89
07/09/2009,MOT,ND,AGL,CE,Federal Contract Tower,6,11,8,0,25,0,7,51,0,58,6,18,59,0,83,74,76,150,233
07/10/2009,MOT,ND,AGL,CE,Federal Contract Tower,6,11,11,0,28,0,5,66,0,71,6,16,77,0,99,104,56,160,259
07/11/2009,MOT,ND,AGL,CE,Federal Contract Tower,8,8,5,0,21,0,11,79,0,90,8,19,84,0,111,122,0,122,233
07/12/2009,MOT,ND,AGL,CE,Federal Contract Tower,6,1,4,0,11,0,2,79,0,81,6,3,83,0,92,58,0,58,150
07/13/2009,MOT,ND,AGL,CE,Federal Contract Tower,6,6,14,0,26,0,10,34,0,44,6,16,48,0,70,16,16,32,102
07/14/2009,MOT,ND,AGL,CE,Federal Contract Tower,5,9,8,0,22,0,2,9,1,12,5,11,17,1,34,34,8,42,76
07/15/2009,MOT,ND,AGL,CE,Federal Contract Tower,6,14,12,0,32,0,8,64,0,72,6,22,76,0,104,18,18,36,140
07/16/2009,MOT,ND,AGL,CE,Federal Contract Tower,6,13,13,1,33,0,8,97,1,106,6,21,110,2,139,96,40,136,275
07/17/2009,MOT,ND,AGL,CE,Federal Contract Tower,6,12,18,0,36,0,9,80,0,89,6,21,98,0,125,30,38,68,193
07/18/2009,MOT,ND,AGL,CE,Federal Contract Tower,7,8,4,0,19,0,10,106,0,116,7,18,110,0,135,90,0,90,225
07/19/2009,MOT,ND,AGL,CE,Federal Contract Tower,6,0,8,0,14,0,2,36,0,38,6,2,44,0,52,49,0,49,101
07/20/2009,MOT,ND,AGL,CE,Federal Contract Tower,6,6,16,1,29,0,0,33,0,33,6,6,49,1,62,76,0,76,138
07/21/2009,MOT,ND,AGL,CE,Federal Contract Tower,6,14,2,0,22,0,9,51,1,61,6,23,53,1,83,30,88,118,201
07/22/2009,MOT,ND,AGL,CE,Federal Contract Tower,6,10,8,0,24,0,0,34,4,38,6,10,42,4,62,84,40,124,186
07/23/2009,MOT,ND,AGL,CE,Federal Contract Tower,6,10,8,1,25,0,4,42,0,46,6,14,50,1,71,14,8,22,93
07/24/2009,MOT,ND,AGL,CE,Federal Contract Tower,6,10,12,0,28,0,2,55,6,63,6,12,67,6,91,22,52,74,165
07/25/2009,MOT,ND,AGL,CE,Federal Contract Tower,6,10,7,0,23,0,4,47,0,51,6,14,54,0,74,60,0,60,134
07/26/2009,MOT,ND,AGL,CE,Federal Contract Tower,6,0,6,0,12,0,0,28,0,28,6,0,34,0,40,10,0,10,50
07/27/2009,MOT,ND,AGL,CE,Federal Contract Tower,6,8,2,4,20,0,4,57,0,61,6,12,59,4,81,36,40,76,157
07/28/2009,MOT,ND,AGL,CE,Federal Contract Tower,6,13,4,0,23,0,2,59,0,61,6,15,63,0,84,76,46,122,206
07/29/2009,MOT,ND,AGL,CE,Federal Contract Tower,6,14,12,2,34,0,9,60,0,69,6,23,72,2,103,112,96,208,311
07/30/2009,MOT,ND,AGL,CE,Federal Contract Tower,6,11,9,3,29,0,6,67,0,73,6,17,76,3,102,70,196,266,368
07/31/2009,MOT,ND,AGL,CE,Federal Contract Tower,6,12,14,0,32,0,2,12,0,14,6,14,26,0,46,46,72,118,164
08/01/2009,MOT,ND,AGL,CE,Federal Contract Tower,6,10,8,0,24,0,1,47,0,48,6,11,55,0,72,72,0,72,144
08/02/2009,MOT,ND,AGL,CE,Federal Contract Tower,6,0,2,0,8,0,4,74,0,78,6,4,76,0,86,34,8,42,128
08/03/2009,MOT,ND,AGL,CE,Federal Contract Tower,6,6,5,2,19,0,2,49,0,51,6,8,54,2,70,58,6,64,134
08/04/2009,MOT,ND,AGL,CE,Federal Contract Tower,6,11,4,2,23,0,8,67,0,75,6,19,71,2,98,0,28,28,126
08/05/2009,MOT,ND,AGL,CE,Federal Contract Tower,7,12,12,4,35,0,10,47,0,57,7,22,59,4,92,22,26,48,140
08/06/2009,MOT,ND,AGL,CE,Federal Contract Tower,6,10,6,0,22,0,4,23,8,35,6,14,29,8,57,22,60,82,139
08/07/2009,MOT,ND,AGL,CE,Federal Contract Tower,6,10,5,0,21,0,0,0,0,0,6,10,5,0,21,0,0,0,21
08/08/2009,MOT,ND,AGL,CE,Federal Contract Tower,8,10,3,0,21,0,2,19,0,21,8,12,22,0,42,30,0,30,72
08/09/2009,MOT,ND,AGL,CE,Federal Contract Tower,7,2,5,0,14,0,3,88,0,91,7,5,93,0,105,98,0,98,203
08/10/2009,MOT,ND,AGL,CE,Federal Contract Tower,6,8,7,0,21,0,6,58,0,64,6,14,65,0,85,64,38,102,187
08/11/2009,MOT,ND,AGL,CE,Federal Contract Tower,6,10,7,1,24,0,4,59,0,63,6,14,66,1,87,20,88,108,195
08/12/2009,MOT,ND,AGL,CE,Federal Contract Tower,6,8,6,0,20,0,6,48,0,54,6,14,54,0,74,46,4,50,124
08/13/2009,MOT,ND,AGL,CE,Federal Contract Tower,6,8,12,0,26,0,4,55,2,61,6,12,67,2,87,54,4,58,145
08/14/2009,MOT,ND,AGL,CE,Federal Contract Tower,6,10,4,0,20,0,4,60,0,64,6,14,64,0,84,58,0,58,142
08/15/2009,MOT,ND,AGL,CE,Federal Contract Tower,7,7,3,0,17,0,8,80,0,88,7,15,83,0,105,76,0,76,181
08/16/2009,MOT,ND,AGL,CE,Federal Contract Tower,6,0,3,0,9,0,0,30,0,30,6,0,33,0,39,60,0,60,99
08/17/2009,MOT,ND,AGL,CE,Federal Contract Tower,6,9,4,2,21,0,2,45,0,47,6,11,49,2,68,24,32,56,124
08/18/2009,MOT,ND,AGL,CE,Federal Contract Tower,6,10,13,0,29,0,2,77,2,81,6,12,90,2,110,64,20,84,194
08/19/2009,MOT,ND,AGL,CE,Federal Contract Tower,4,13,10,0,27,0,2,22,0,24,4,15,32,0,51,48,2,50,101
08/20/2009,MOT,ND,AGL,CE,Federal Contract Tower,4,15,15,0,34,0,6,27,8,41,4,21,42,8,75,12,20,32,107
08/21/2009,MOT,ND,AGL,CE,Federal Contract Tower,6,12,8,0,26,0,4,77,0,81,6,16,85,0,107,88,40,128,235
08/22/2009,MOT,ND,AGL,CE,Federal Contract Tower,7,7,4,0,18,0,11,67,0,78,7,18,71,0,96,58,2,60,156
08/23/2009,MOT,ND,AGL,CE,Federal Contract Tower,6,0,2,2,10,0,4,67,0,71,6,4,69,2,81,48,0,48,129
08/24/2009,MOT,ND,AGL,CE,Federal Contract Tower,6,8,18,0,32,0,2,11,0,13,6,10,29,0,45,40,0,40,85
08/25/2009,MOT,ND,AGL,CE,Federal Contract Tower,4,17,7,1,29,0,2,34,0,36,4,19,41,1,65,106,6,112,177
08/26/2009,MOT,ND,AGL,CE,Federal Contract Tower,6,14,4,3,27,0,4,22,0,26,6,18,26,3,53,58,32,90,143
08/27/2009,MOT,ND,AGL,CE,Federal Contract Tower,6,14,13,2,35,0,6,36,0,42,6,20,49,2,77,18,30,48,125
08/28/2009,MOT,ND,AGL,CE,Federal Contract Tower,6,16,4,2,28,0,5,29,0,34,6,21,33,2,62,44,16,60,122
08/29/2009,MOT,ND,AGL,CE,Federal Contract Tower,7,6,2,0,15,0,8,44,0,52,7,14,46,0,67,46,0,46,113
08/30/2009,MOT,ND,AGL,CE,Federal Contract Tower,6,4,0,0,10,0,1,40,0,41,6,5,40,0,51,66,0,66,117
08/31/2009,MOT,ND,AGL,CE,Federal Contract Tower,8,6,14,2,30,0,3,23,0,26,8,9,37,2,56,50,4,54,110
09/01/2009,MOT,ND,AGL,CE,Federal Contract Tower,4,11,7,0,22,0,4,57,12,73,4,15,64,12,95,45,48,93,188
09/02/2009,MOT,ND,AGL,CE,Federal Contract Tower,4,12,5,3,24,0,0,46,4,50,4,12,51,7,74,36,40,76,150
09/03/2009,MOT,ND,AGL,CE,Federal Contract Tower,4,18,12,1,35,0,11,28,4,43,4,29,40,5,78,16,44,60,138
09/04/2009,MOT,ND,AGL,CE,Federal Contract Tower,4,11,11,0,26,0,7,25,0,32,4,18,36,0,58,44,14,58,116
09/05/2009,MOT,ND,AGL,CE,Federal Contract Tower,5,10,6,0,21,0,2,29,0,31,5,12,35,0,52,50,0,50,102
09/06/2009,MOT,ND,AGL,CE,Federal Contract Tower,3,0,2,0,5,0,7,16,0,23,3,7,18,0,28,32,0,32,60
09/07/2009,MOT,ND,AGL,CE,Federal Contract Tower,4,0,6,0,10,0,6,47,0,53,4,6,53,0,63,76,0,76,139
09/08/2009,MOT,ND,AGL,CE,Federal Contract Tower,4,10,9,4,27,0,2,32,6,40,4,12,41,10,67,24,46,70,137
09/09/2009,MOT,ND,AGL,CE,Federal Contract Tower,5,15,11,0,31,0,8,44,0,52,5,23,55,0,83,16,52,68,151
09/10/2009,MOT,ND,AGL,CE,Federal Contract Tower,4,12,9,0,25,0,12,45,0,57,4,24,54,0,82,46,18,64,146
09/11/2009,MOT,ND,AGL,CE,Federal Contract Tower,4,12,5,0,21,0,0,0,0,0,4,12,5,0,21,0,0,0,21
09/12/2009,MOT,ND,AGL,CE,Federal Contract Tower,5,6,7,0,18,0,12,7,0,19,5,18,14,0,37,6,0,6,43
09/13/2009,MOT,ND,AGL,CE,Federal Contract Tower,4,2,4,1,11,0,2,45,0,47,4,4,49,1,58,90,0,90,148
09/14/2009,MOT,ND,AGL,CE,Federal Contract Tower,4,9,2,5,20,0,2,34,8,44,4,11,36,13,64,52,36,88,152
09/15/2009,MOT,ND,AGL,CE,Federal Contract Tower,4,12,7,8,31,0,6,26,4,36,4,18,33,12,67,38,60,98,165
09/16/2009,MOT,ND,AGL,CE,Federal Contract Tower,4,13,6,0,23,0,2,43,0,45,4,15,49,0,68,44,10,54,122
09/17/2009,MOT,ND,AGL,CE,Federal Contract Tower,4,9,11,1,25,0,0,15,0,15,4,9,26,1,40,74,0,74,114
09/18/2009,MOT,ND,AGL,CE,Federal Contract Tower,4,13,10,0,27,0,2,21,0,23,4,15,31,0,50,70,8,78,128
09/19/2009,MOT,ND,AGL,CE,Federal Contract Tower,5,8,10,0,23,0,2,51,0,53,5,10,61,0,76,78,0,78,154
09/20/2009,MOT,ND,AGL,CE,Federal Contract Tower,4,2,13,0,19,0,4,28,0,32,4,6,41,0,51,74,4,78,129
09/21/2009,MOT,ND,AGL,CE,Federal Contract Tower,4,7,4,0,15,0,4,8,0,12,4,11,12,0,27,0,0,0,27
09/22/2009,MOT,ND,AGL,CE,Federal Contract Tower,4,13,8,1,26,0,8,45,0,53,4,21,53,1,79,102,18,120,199
09/23/2009,MOT,ND,AGL,CE,Federal Contract Tower,4,12,15,4,35,0,1,33,0,34,4,13,48,4,69,68,28,96,165
09/24/2009,MOT,ND,AGL,CE,Federal Contract Tower,6,11,9,0,26,0,2,30,0,32,6,13,39,0,58,44,2,46,104
09/25/2009,MOT,ND,AGL,CE,Federal Contract Tower,4,12,9,3,28,0,7,43,1,51,4,19,52,4,79,90,50,140,219
09/26/2009,MOT,ND,AGL,CE,Federal Contract Tower,5,9,5,0,19,0,6,45,0,51,5,15,50,0,70,110,0,110,180
09/27/2009,MOT,ND,AGL,CE,Federal Contract Tower,7,2,6,0,15,0,4,19,0,23,7,6,25,0,38,0,0,0,38
09/28/2009,MOT,ND,AGL,CE,Federal Contract Tower,4,6,5,0,15,0,4,34,0,38,4,10,39,0,53,32,60,92,145
09/29/2009,MOT,ND,AGL,CE,Federal Contract Tower,4,15,12,6,37,0,0,12,0,12,4,15,24,6,49,43,0,43,92
09/30/2009,MOT,ND,AGL,CE,Federal Contract Tower,4,12,26,0,42,0,0,18,0,18,4,12,44,0,60,24,0,24,84
10/01/2009,MOT,ND,AGL,CE,Federal Contract Tower,2,14,12,0,28,0,2,21,8,31,2,16,33,8,59,8,44,52,111
10/02/2009,MOT,ND,AGL,CE,Federal Contract Tower,4,16,14,1,35,0,4,30,0,34,4,20,44,1,69,58,16,74,143
10/03/2009,MOT,ND,AGL,CE,Federal Contract Tower,8,7,3,0,18,0,10,28,0,38,8,17,31,0,56,16,0,16,72
10/04/2009,MOT,ND,AGL,CE,Federal Contract Tower,6,1,12,0,19,0,6,38,0,44,6,7,50,0,63,38,0,38,101
10/05/2009,MOT,ND,AGL,CE,Federal Contract Tower,6,7,10,0,23,0,1,7,8,16,6,8,17,8,39,18,34,52,91
10/06/2009,MOT,ND,AGL,CE,Federal Contract Tower,8,11,2,1,22,0,2,25,8,35,8,13,27,9,57,68,6,74,131
10/07/2009,MOT,ND,AGL,CE,Federal Contract Tower,6,15,6,0,27,0,0,6,0,6,6,15,12,0,33,0,0,0,33
10/08/2009,MOT,ND,AGL,CE,Federal Contract Tower,6,10,10,1,27,0,10,33,6,49,6,20,43,7,76,60,26,86,162
10/09/2009,MOT,ND,AGL,CE,Federal Contract Tower,6,10,10,0,26,0,4,4,0,8,6,14,14,0,34,2,52,54,88
10/10/2009,MOT,ND,AGL,CE,Federal Contract Tower,8,9,6,0,23,0,9,23,0,32,8,18,29,0,55,20,0,20,75
10/11/2009,MOT,ND,AGL,CE,Federal Contract Tower,6,0,9,0,15,0,2,8,0,10,6,2,17,0,25,30,0,30,55
10/12/2009,MOT,ND,AGL,CE,Federal Contract Tower,6,8,11,0,25,0,2,16,0,18,6,10,27,0,43,60,0,60,103
10/13/2009,MOT,ND,AGL,CE,Federal Contract Tower,6,10,7,2,25,0,2,28,6,36,6,12,35,8,61,14,72,86,147
10/14/2009,MOT,ND,AGL,CE,Federal Contract Tower,7,16,3,0,26,0,0,0,0,0,7,16,3,0,26,2,0,2,28
10/15/2009,MOT,ND,AGL,CE,Federal Contract Tower,2,19,5,0,26,0,0,0,0,0,2,19,5,0,26,0,0,0,26
10/16/2009,MOT,ND,AGL,CE,Federal Contract Tower,6,16,8,0,30,0,4,7,0,11,6,20,15,0,41,4,10,14,55
10/17/2009,MOT,ND,AGL,CE,Federal Contract Tower,7,4,10,0,21,0,2,17,0,19,7,6,27,0,40,60,0,60,100
10/18/2009,MOT,ND,AGL,CE,Federal Contract Tower,6,0,5,2,13,0,2,23,0,25,6,2,28,2,38,46,0,46,84
10/19/2009,MOT,ND,AGL,CE,Federal Contract Tower,5,7,7,6,25,0,2,7,1,10,5,9,14,7,35,0,90,90,125
10/20/2009,MOT,ND,AGL,CE,Federal Contract Tower,6,13,4,0,23,0,1,0,0,1,6,14,4,0,24,0,0,0,24
10/21/2009,MOT,ND,AGL,CE,Federal Contract Tower,4,14,2,1,21,0,2,5,0,7,4,16,7,1,28,4,10,14,42
10/22/2009,MOT,ND,AGL,CE,Federal Contract Tower,6,15,5,0,26,0,5,37,1,43,6,20,42,1,69,38,38,76,145
10/23/2009,MOT,ND,AGL,CE,Federal Contract Tower,4,12,13,3,32,0,0,14,10,24,4,12,27,13,56,54,16,70,126
10/24/2009,MOT,ND,AGL,CE,Federal Contract Tower,7,8,4,0,19,0,0,1,0,1,7,8,5,0,20,0,0,0,20
10/25/2009,MOT,ND,AGL,CE,Federal Contract Tower,6,3,4,0,13,0,4,26,0,30,6,7,30,0,43,74,0,74,117
10/26/2009,MOT,ND,AGL,CE,Federal Contract Tower,6,8,16,0,30,0,6,40,0,46,6,14,56,0,76,48,12,60,136
10/27/2009,MOT,ND,AGL,CE,Federal Contract Tower,6,13,13,1,33,0,5,14,2,21,6,18,27,3,54,32,24,56,110
10/28/2009,MOT,ND,AGL,CE,Federal Contract Tower,6,16,4,0,26,0,4,16,0,20,6,20,20,0,46,0,20,20,66
10/29/2009,MOT,ND,AGL,CE,Federal Contract Tower,7,13,2,0,22,0,4,0,0,4,7,17,2,0,26,0,0,0,26
10/30/2009,MOT,ND,AGL,CE,Federal Contract Tower,2,16,6,5,29,0,3,7,4,14,2,19,13,9,43,16,44,60,103
10/31/2009,MOT,ND,AGL,CE,Federal Contract Tower,7,9,11,0,27,0,6,34,0,40,7,15,45,0,67,100,0,100,167
11/01/2009,MOT,ND,AGL,CE,Federal Contract Tower,4,0,3,2,9,0,2,39,0,41,4,2,42,2,50,92,0,92,142
11/02/2009,MOT,ND,AGL,CE,Federal Contract Tower,4,10,6,0,20,0,4,21,0,25,4,14,27,0,45,46,10,56,101
11/03/2009,MOT,ND,AGL,CE,Federal Contract Tower,7,14,4,2,27,0,5,22,0,27,7,19,26,2,54,50,42,92,146
11/04/2009,MOT,ND,AGL,CE,Federal Contract Tower,4,13,7,2,26,0,6,26,4,36,4,19,33,6,62,56,44,100,162
11/05/2009,MOT,ND,AGL,CE,Federal Contract Tower,4,15,4,0,23,0,3,22,8,33,4,18,26,8,56,64,26,90,146
11/06/2009,MOT,ND,AGL,CE,Federal Contract Tower,4,11,3,0,18,0,8,51,0,59,4,19,54,0,77,100,8,108,185
11/07/2009,MOT,ND,AGL,CE,Federal Contract Tower,5,8,1,0,14,0,6,39,0,45,5,14,40,0,59,82,0,82,141
11/08/2009,MOT,ND,AGL,CE,Federal Contract Tower,4,0,3,0,7,0,6,46,0,52,4,6,49,0,59,101,0,101,160
11/09/2009,MOT,ND,AGL,CE,Federal Contract Tower,4,10,2,2,18,0,12,32,0,44,4,22,34,2,62,20,88,108,170
11/10/2009,MOT,ND,AGL,CE,Federal Contract Tower,4,13,9,1,27,0,0,4,8,12,4,13,13,9,39,43,20,63,102
11/11/2009,MOT,ND,AGL,CE,Federal Contract Tower,4,12,8,0,24,0,1,26,0,27,4,13,34,0,51,76,0,76,127
11/12/2009,MOT,ND,AGL,CE,Federal Contract Tower,4,8,4,1,17,0,3,9,8,20,4,11,13,9,37,32,6,38,75
11/13/2009,MOT,ND,AGL,CE,Federal Contract Tower,4,14,3,2,23,0,8,33,0,41,4,22,36,2,64,104,16,120,184
11/14/2009,MOT,ND,AGL,CE,Federal Contract Tower,5,7,5,0,17,0,12,42,0,54,5,19,47,0,71,60,0,60,131
11/15/2009,MOT,ND,AGL,CE,Federal Contract Tower,6,0,4,0,10,0,4,40,0,44,6,4,44,0,54,74,0,74,128
11/16/2009,MOT,ND,AGL,CE,Federal Contract Tower,4,6,3,1,14,0,3,15,14,32,4,9,18,15,46,26,26,52,98
11/17/2009,MOT,ND,AGL,CE,Federal Contract Tower,4,13,8,1,26,0,11,32,24,67,4,24,40,25,93,38,20,58,151
11/18/2009,MOT,ND,AGL,CE,Federal Contract Tower,4,15,9,1,29,0,7,42,0,49,4,22,51,1,78,46,18,64,142
11/19/2009,MOT,ND,AGL,CE,Federal Contract Tower,4,16,17,0,37,0,4,40,0,44,4,20,57,0,81,64,30,94,175
11/20/2009,MOT,ND,AGL,CE,Federal Contract Tower,4,13,2,0,19,0,10,43,0,53,4,23,45,0,72,48,6,54,126
11/21/2009,MOT,ND,AGL,CE,Federal Contract Tower,5,10,2,0,17,0,8,34,0,42,5,18,36,0,59,51,0,51,110
11/22/2009,MOT,ND,AGL,CE,Federal Contract Tower,4,0,3,0,7,0,2,20,0,22,4,2,23,0,29,74,0,74,103
11/23/2009,MOT,ND,AGL,CE,Federal Contract Tower,4,6,3,4,17,0,0,7,6,13,4,6,10,10,30,60,18,78,108
11/24/2009,MOT,ND,AGL,CE,Federal Contract Tower,4,11,9,2,26,0,5,36,8,49,4,16,45,10,75,66,40,106,181
11/25/2009,MOT,ND,AGL,CE,Federal Contract Tower,4,15,9,0,28,0,5,32,0,37,4,20,41,0,65,20,16,36,101
11/26/2009,MOT,ND,AGL,CE,Federal Contract Tower,4,4,2,0,10,0,4,18,0,22,4,8,20,0,32,14,0,14,46
11/27/2009,MOT,ND,AGL,CE,Federal Contract Tower,4,12,3,0,19,0,2,10,0,12,4,14,13,0,31,56,0,56,87
11/28/2009,MOT,ND,AGL,CE,Federal Contract Tower,4,8,1,0,13,0,4,1,0,5,4,12,2,0,18,0,0,0,18
11/29/2009,MOT,ND,AGL,CE,Federal Contract Tower,6,2,3,0,11,0,0,9,0,9,6,2,12,0,20,16,0,16,36
11/30/2009,MOT,ND,AGL,CE,Federal Contract Tower,4,7,6,2,19,0,7,20,0,27,4,14,26,2,46,30,20,50,96
12/01/2009,MOT,ND,AGL,CE,Federal Contract Tower,6,17,7,0,30,0,6,14,0,20,6,23,21,0,50,4,8,12,62
12/02/2009,MOT,ND,AGL,CE,Federal Contract Tower,1,11,13,0,25,0,7,13,2,22,1,18,26,2,47,0,28,28,75
12/03/2009,MOT,ND,AGL,CE,Federal Contract Tower,5,8,9,2,24,0,5,11,2,18,5,13,20,4,42,2,30,32,74
12/04/2009,MOT,ND,AGL,CE,Federal Contract Tower,4,8,6,3,21,0,0,7,0,7,4,8,13,3,28,24,48,72,100
12/05/2009,MOT,ND,AGL,CE,Federal Contract Tower,5,9,15,0,29,0,0,10,0,10,5,9,25,0,39,34,0,34,73
12/06/2009,MOT,ND,AGL,CE,Federal Contract Tower,4,0,6,2,12,0,2,17,0,19,4,2,23,2,31,30,0,30,61
12/07/2009,MOT,ND,AGL,CE,Federal Contract Tower,4,7,10,0,21,0,8,26,0,34,4,15,36,0,55,48,42,90,145
12/08/2009,MOT,ND,AGL,CE,Federal Contract Tower,5,11,15,0,31,0,16,23,0,39,5,27,38,0,70,0,24,24,94
12/09/2009,MOT,ND,AGL,CE,Federal Contract Tower,2,17,11,0,30,0,5,15,2,22,2,22,26,2,52,22,16,38,90
12/10/2009,MOT,ND,AGL,CE,Federal Contract Tower,4,8,1,0,13,0,4,5,0,9,4,12,6,0,22,42,0,42,64
12/11/2009,MOT,ND,AGL,CE,Federal Contract Tower,4,14,5,0,23,0,1,11,0,12,4,15,16,0,35,36,0,36,71
12/12/2009,MOT,ND,AGL,CE,Federal Contract Tower,5,8,3,0,16,0,4,18,0,22,5,12,21,0,38,38,0,38,76
12/13/2009,MOT,ND,AGL,CE,Federal Contract Tower,4,4,8,0,16,0,4,20,0,24,4,8,28,0,40,0,0,0,40
12/14/2009,MOT,ND,AGL,CE,Federal Contract Tower,4,7,3,3,17,0,4,8,4,16,4,11,11,7,33,0,20,20,53
12/15/2009,MOT,ND,AGL,CE,Federal Contract Tower,5,11,4,2,22,0,9,20,0,29,5,20,24,2,51,8,6,14,65
12/16/2009,MOT,ND,AGL,CE,Federal Contract Tower,4,10,5,0,19,0,0,11,6,17,4,10,16,6,36,30,18,48,84
12/17/2009,MOT,ND,AGL,CE,Federal Contract Tower,3,10,9,0,22,0,0,27,0,27,3,10,36,0,49,38,6,44,93
12/18/2009,MOT,ND,AGL,CE,Federal Contract Tower,6,14,4,0,24,0,4,13,0,17,6,18,17,0,41,0,0,0,41
12/19/2009,MOT,ND,AGL,CE,Federal Contract Tower,6,6,2,0,14,0,4,19,0,23,6,10,21,0,37,0,0,0,37
12/20/2009,MOT,ND,AGL,CE,Federal Contract Tower,4,2,2,0,8,0,2,16,0,18,4,4,18,0,26,26,0,26,52
12/21/2009,MOT,ND,AGL,CE,Federal Contract Tower,7,10,2,1,20,0,4,16,0,20,7,14,18,1,40,0,10,10,50
12/22/2009,MOT,ND,AGL,CE,Federal Contract Tower,6,16,10,0,32,0,0,2,0,2,6,16,12,0,34,0,4,4,38
12/23/2009,MOT,ND,AGL,CE,Federal Contract Tower,5,17,3,0,25,0,0,0,0,0,5,17,3,0,25,0,0,0,25
12/24/2009,MOT,ND,AGL,CE,Federal Contract Tower,2,24,2,0,28,0,2,12,0,14,2,26,14,0,42,0,0,0,42
12/25/2009,MOT,ND,AGL,CE,Federal Contract Tower,0,0,0,0,0,0,0,0,0,0,0,0,0,0,0,0,0,0,0
12/26/2009,MOT,ND,AGL,CE,Federal Contract Tower,0,0,0,0,0,0,0,0,0,0,0,0,0,0,0,0,0,0,0
12/27/2009,MOT,ND,AGL,CE,Federal Contract Tower,7,0,6,0,13,0,7,14,0,21,7,7,20,0,34,0,0,0,34
12/28/2009,MOT,ND,AGL,CE,Federal Contract Tower,6,8,0,4,18,0,2,10,0,12,6,10,10,4,30,0,0,0,30
12/29/2009,MOT,ND,AGL,CE,Federal Contract Tower,6,13,5,0,24,0,1,9,8,18,6,14,14,8,42,0,14,14,56
12/30/2009,MOT,ND,AGL,CE,Federal Contract Tower,6,15,2,2,25,0,3,13,8,24,6,18,15,10,49,0,30,30,79
12/31/2009,MOT,ND,AGL,CE,Federal Contract Tower,6,14,2,0,22,0,4,12,0,16,6,18,14,0,38,18,0,18,56
01/01/2010,MOT,ND,AGL,CE,Federal Contract Tower,7,2,0,0,9,0,8,19,0,27,7,10,19,0,36,0,0,0,36
01/02/2010,MOT,ND,AGL,CE,Federal Contract Tower,6,10,4,0,20,0,4,11,0,15,6,14,15,0,35,30,0,30,65
01/03/2010,MOT,ND,AGL,CE,Federal Contract Tower,6,1,4,0,11,0,0,2,0,2,6,1,6,0,13,0,0,0,13
01/04/2010,MOT,ND,AGL,CE,Federal Contract Tower,6,5,1,0,12,0,0,10,0,10,6,5,11,0,22,24,0,24,46
01/05/2010,MOT,ND,AGL,CE,Federal Contract Tower,4,12,4,0,20,0,0,0,0,0,4,12,4,0,20,0,0,0,20
01/06/2010,MOT,ND,AGL,CE,Federal Contract Tower,4,14,4,2,24,0,0,0,0,0,4,14,4,2,24,0,0,0,24
01/07/2010,MOT,ND,AGL,CE,Federal Contract Tower,4,12,2,0,18,0,1,7,1,9,4,13,9,1,27,2,2,4,31
01/08/2010,MOT,ND,AGL,CE,Federal Contract Tower,5,11,5,0,21,0,7,16,1,24,5,18,21,1,45,2,18,20,65
01/09/2010,MOT,ND,AGL,CE,Federal Contract Tower,4,9,4,4,21,0,0,10,0,10,4,9,14,4,31,42,0,42,73
01/10/2010,MOT,ND,AGL,CE,Federal Contract Tower,4,0,3,0,7,0,0,13,0,13,4,0,16,0,20,44,0,44,64
01/11/2010,MOT,ND,AGL,CE,Federal Contract Tower,4,8,2,0,14,0,2,10,0,12,4,10,12,0,26,16,0,16,42
01/12/2010,MOT,ND,AGL,CE,Federal Contract Tower,4,12,5,0,21,0,4,33,0,37,4,16,38,0,58,62,14,76,134
01/13/2010,MOT,ND,AGL,CE,Federal Contract Tower,4,16,4,0,24,0,7,22,0,29,4,23,26,0,53,34,40,74,127
01/14/2010,MOT,ND,AGL,CE,Federal Contract Tower,4,8,3,0,15,0,4,8,0,12,4,12,11,0,27,16,4,20,47
01/15/2010,MOT,ND,AGL,CE,Federal Contract Tower,4,10,13,2,29,0,2,9,6,17,4,12,22,8,46,34,78,112,158
01/16/2010,MOT,ND,AGL,CE,Federal Contract Tower,4,8,6,0,18,0,8,43,0,51,4,16,49,0,69,91,0,91,160
01/17/2010,MOT,ND,AGL,CE,Federal Contract Tower,4,0,1,0,5,0,4,41,0,45,4,4,42,0,50,72,0,72,122
01/18/2010,MOT,ND,AGL,CE,Federal Contract Tower,4,8,2,0,14,0,5,26,0,31,4,13,28,0,45,132,0,132,177
01/19/2010,MOT,ND,AGL,CE,Federal Contract Tower,3,14,8,0,25,0,2,4,0,6,3,16,12,0,31,2,0,2,33
01/20/2010,MOT,ND,AGL,CE,Federal Contract Tower,2,18,4,2,26,0,0,0,0,0,2,18,4,2,26,8,0,8,34
01/21/2010,MOT,ND,AGL,CE,Federal Contract Tower,4,10,2,0,16,0,0,0,0,0,4,10,2,0,16,0,0,0,16
01/22/2010,MOT,ND,AGL,CE,Federal Contract Tower,0,6,0,0,6,0,0,0,0,0,0,6,0,0,6,0,0,0,6
01/23/2010,MOT,ND,AGL,CE,Federal Contract Tower,2,8,2,0,12,0,2,7,0,9,2,10,9,0,21,0,0,0,21
01/24/2010,MOT,ND,AGL,CE,Federal Contract Tower,0,0,4,0,4,0,2,7,0,9,0,2,11,0,13,0,0,0,13
01/25/2010,MOT,ND,AGL,CE,Federal Contract Tower,2,3,5,0,10,0,0,1,0,1,2,3,6,0,11,0,0,0,11
01/26/2010,MOT,ND,AGL,CE,Federal Contract Tower,6,13,14,2,35,0,10,14,0,24,6,23,28,2,59,0,18,18,77
01/27/2010,MOT,ND,AGL,CE,Federal Contract Tower,4,12,3,0,19,0,4,19,0,23,4,16,22,0,42,0,8,8,50
01/28/2010,MOT,ND,AGL,CE,Federal Contract Tower,4,10,2,1,17,0,1,11,8,20,4,11,13,9,37,62,0,62,99
01/29/2010,MOT,ND,AGL,CE,Federal Contract Tower,4,12,10,1,27,0,4,28,0,32,4,16,38,1,59,60,18,78,137
01/30/2010,MOT,ND,AGL,CE,Federal Contract Tower,4,8,7,0,19,0,6,46,0,52,4,14,53,0,71,92,0,92,163
01/31/2010,MOT,ND,AGL,CE,Federal Contract Tower,4,0,4,0,8,0,2,14,0,16,4,2,18,0,24,50,0,50,74
02/01/2010,MOT,ND,AGL,CE,Federal Contract Tower,5,10,11,0,26,0,3,9,0,12,5,13,20,0,38,6,36,42,80
02/02/2010,MOT,ND,AGL,CE,Federal Contract Tower,4,12,13,0,29,0,2,21,10,33,4,14,34,10,62,77,4,81,143
02/03/2010,MOT,ND,AGL,CE,Federal Contract Tower,4,13,8,5,30,0,4,18,12,34,4,17,26,17,64,75,38,113,177
02/04/2010,MOT,ND,AGL,CE,Federal Contract Tower,4,13,3,0,20,0,0,0,0,0,4,13,3,0,20,0,14,14,34
02/05/2010,MOT,ND,AGL,CE,Federal Contract Tower,4,12,7,0,23,0,4,15,0,19,4,16,22,0,42,0,8,8,50
02/06/2010,MOT,ND,AGL,CE,Federal Contract Tower,4,10,4,2,20,0,2,4,0,6,4,12,8,2,26,0,0,0,26
02/07/2010,MOT,ND,AGL,CE,Federal Contract Tower,4,4,1,0,9,0,0,0,0,0,4,4,1,0,9,0,0,0,9
02/08/2010,MOT,ND,AGL,CE,Federal Contract Tower,5,8,4,0,17,0,0,4,6,10,5,8,8,6,27,0,0,0,27
02/09/2010,MOT,ND,AGL,CE,Federal Contract Tower,4,16,16,0,36,0,14,17,0,31,4,30,33,0,67,56,12,68,135
02/10/2010,MOT,ND,AGL,CE,Federal Contract Tower,4,12,4,0,20,0,6,16,0,22,4,18,20,0,42,52,8,60,102
02/11/2010,MOT,ND,AGL,CE,Federal Contract Tower,4,12,10,4,30,0,4,19,8,31,4,16,29,12,61,48,16,64,125
02/12/2010,MOT,ND,AGL,CE,Federal Contract Tower,5,19,11,0,35,0,2,4,0,6,5,21,15,0,41,18,0,18,59
02/13/2010,MOT,ND,AGL,CE,Federal Contract Tower,4,6,0,0,10,0,0,0,0,0,4,6,0,0,10,0,0,0,10
02/14/2010,MOT,ND,AGL,CE,Federal Contract Tower,4,0,5,0,9,0,4,22,0,26,4,4,27,0,35,24,0,24,59
02/15/2010,MOT,ND,AGL,CE,Federal Contract Tower,4,7,3,0,14,0,5,13,0,18,4,12,16,0,32,14,0,14,46
02/16/2010,MOT,ND,AGL,CE,Federal Contract Tower,4,9,11,4,28,0,6,35,0,41,4,15,46,4,69,74,40,114,183
02/17/2010,MOT,ND,AGL,CE,Federal Contract Tower,5,14,12,0,31,0,2,9,0,11,5,16,21,0,42,16,10,26,68
02/18/2010,MOT,ND,AGL,CE,Federal Contract Tower,6,10,16,2,34,0,4,7,0,11,6,14,23,2,45,4,16,20,65
02/19/2010,MOT,ND,AGL,CE,Federal Contract Tower,4,14,5,0,23,0,0,0,0,0,4,14,5,0,23,0,0,0,23
02/20/2010,MOT,ND,AGL,CE,Federal Contract Tower,4,11,7,4,26,0,0,1,0,1,4,11,8,4,27,0,0,0,27
02/21/2010,MOT,ND,AGL,CE,Federal Contract Tower,8,0,2,1,11,0,0,6,0,6,8,0,8,1,17,38,0,38,55
02/22/2010,MOT,ND,AGL,CE,Federal Contract Tower,4,7,9,0,20,0,2,12,0,14,4,9,21,0,34,18,26,44,78
02/23/2010,MOT,ND,AGL,CE,Federal Contract Tower,6,11,13,0,30,0,4,39,0,43,6,15,52,0,73,54,12,66,139
02/24/2010,MOT,ND,AGL,CE,Federal Contract Tower,4,12,4,2,22,0,1,13,2,16,4,13,17,4,38,6,4,10,48
02/25/2010,MOT,ND,AGL,CE,Federal Contract Tower,4,14,5,0,23,0,5,17,2,24,4,19,22,2,47,58,12,70,117
02/26/2010,MOT,ND,AGL,CE,Federal Contract Tower,4,14,5,1,24,0,0,1,0,1,4,14,6,1,25,48,10,58,83
02/27/2010,MOT,ND,AGL,CE,Federal Contract Tower,5,9,4,2,20,0,0,0,9,9,5,9,4,11,29,55,4,59,88
02/28/2010,MOT,ND,AGL,CE,Federal Contract Tower,4,0,6,0,10,0,4,27,0,31,4,4,33,0,41,36,0,36,77
03/01/2010,MOT,ND,AGL,CE,Federal Contract Tower,6,11,10,0,27,0,4,26,0,30,6,15,36,0,57,60,12,72,129
03/02/2010,MOT,ND,AGL,CE,Federal Contract Tower,4,10,6,0,20,0,0,0,0,0,4,10,6,0,20,0,0,0,20
03/03/2010,MOT,ND,AGL,CE,Federal Contract Tower,3,15,2,0,20,0,0,0,0,0,3,15,2,0,20,2,14,16,36
03/04/2010,MOT,ND,AGL,CE,Federal Contract Tower,4,14,5,0,23,0,0,0,0,0,4,14,5,0,23,0,0,0,23
03/05/2010,MOT,ND,AGL,CE,Federal Contract Tower,4,10,7,0,21,0,0,0,0,0,4,10,7,0,21,2,0,2,23
03/06/2010,MOT,ND,AGL,CE,Federal Contract Tower,4,6,0,0,10,0,4,15,0,19,4,10,15,0,29,34,0,34,63
03/07/2010,MOT,ND,AGL,CE,Federal Contract Tower,4,2,7,0,13,0,2,8,0,10,4,4,15,0,23,28,0,28,51
03/08/2010,MOT,ND,AGL,CE,Federal Contract Tower,6,8,7,0,21,0,0,0,0,0,6,8,7,0,21,0,0,0,21
03/09/2010,MOT,ND,AGL,CE,Federal Contract Tower,2,17,2,4,25,0,0,0,0,0,2,17,2,4,25,0,8,8,33
03/10/2010,MOT,ND,AGL,CE,Federal Contract Tower,4,12,2,0,18,0,0,0,0,0,4,12,2,0,18,0,0,0,18
03/11/2010,MOT,ND,AGL,CE,Federal Contract Tower,2,8,3,0,13,0,2,11,0,13,2,10,14,0,26,14,18,32,58
03/12/2010,MOT,ND,AGL,CE,Federal Contract Tower,4,13,10,0,27,0,10,51,0,61,4,23,61,0,88,42,0,42,130
03/13/2010,MOT,ND,AGL,CE,Federal Contract Tower,4,8,6,0,18,0,2,20,0,22,4,10,26,0,40,22,0,22,62
03/14/2010,MOT,ND,AGL,CE,Federal Contract Tower,4,0,0,0,4,0,0,0,0,0,4,0,0,0,4,0,0,0,4
03/15/2010,MOT,ND,AGL,CE,Federal Contract Tower,4,8,7,2,21,0,4,19,0,23,4,12,26,2,44,70,22,92,136
03/16/2010,MOT,ND,AGL,CE,Federal Contract Tower,4,15,11,0,30,0,3,26,0,29,4,18,37,0,59,88,0,88,147
03/17/2010,MOT,ND,AGL,CE,Federal Contract Tower,4,13,6,0,23,0,1,28,0,29,4,14,34,0,52,48,0,48,100
03/18/2010,MOT,ND,AGL,CE,Federal Contract Tower,4,11,13,0,28,0,4,21,14,39,4,15,34,14,67,2,74,76,143
03/19/2010,MOT,ND,AGL,CE,Federal Contract Tower,4,14,4,6,28,0,2,8,12,22,4,16,12,18,50,20,34,54,104
03/20/2010,MOT,ND,AGL,CE,Federal Contract Tower,4,6,6,0,16,0,4,44,0,48,4,10,50,0,64,108,0,108,172
03/21/2010,MOT,ND,AGL,CE,Federal Contract Tower,5,2,4,0,11,0,4,56,2,62,5,6,60,2,73,42,0,42,115
03/22/2010,MOT,ND,AGL,CE,Federal Contract Tower,4,7,2,0,13,0,0,7,0,7,4,7,9,0,20,46,0,46,66
03/23/2010,MOT,ND,AGL,CE,Federal Contract Tower,6,11,7,0,24,0,2,19,4,25,6,13,26,4,49,90,28,118,167
03/24/2010,MOT,ND,AGL,CE,Federal Contract Tower,4,16,13,0,33,0,2,34,0,36,4,18,47,0,69,72,12,84,153
03/25/2010,MOT,ND,AGL,CE,Federal Contract Tower,4,12,15,0,31,0,0,5,0,5,4,12,20,0,36,38,0,38,74
03/26/2010,MOT,ND,AGL,CE,Federal Contract Tower,4,11,11,2,28,0,17,45,2,64,4,28,56,4,92,82,6,88,180
03/27/2010,MOT,ND,AGL,CE,Federal Contract Tower,4,10,7,0,21,0,3,30,0,33,4,13,37,0,54,102,12,114,168
03/28/2010,MOT,ND,AGL,CE,Federal Contract Tower,4,0,1,0,5,0,1,22,5,28,4,1,23,5,33,38,42,80,113
03/29/2010,MOT,ND,AGL,CE,Federal Contract Tower,5,9,9,0,23,0,2,23,0,25,5,11,32,0,48,62,4,66,114
03/30/2010,MOT,ND,AGL,CE,Federal Contract Tower,4,9,5,2,20,0,5,13,6,24,4,14,18,8,44,50,4,54,98
03/31/2010,MOT,ND,AGL,CE,Federal Contract Tower,4,17,9,2,32,0,5,39,0,44,4,22,48,2,76,52,16,68,144
04/01/2010,MOT,ND,AGL,CE,Federal Contract Tower,6,13,8,0,27,0,6,24,0,30,6,19,32,0,57,38,10,48,105
04/02/2010,MOT,ND,AGL,CE,Federal Contract Tower,4,11,4,0,19,0,2,3,0,5,4,13,7,0,24,2,0,2,26
04/03/2010,MOT,ND,AGL,CE,Federal Contract Tower,4,8,1,0,13,0,6,21,0,27,4,14,22,0,40,40,0,40,80
04/04/2010,MOT,ND,AGL,CE,Federal Contract Tower,4,1,1,0,6,0,5,16,0,21,4,6,17,0,27,0,0,0,27
04/05/2010,MOT,ND,AGL,CE,Federal Contract Tower,4,6,10,3,23,0,4,26,2,32,4,10,36,5,55,70,28,98,153
04/06/2010,MOT,ND,AGL,CE,Federal Contract Tower,6,17,20,1,44,0,7,54,0,61,6,24,74,1,105,103,72,175,280
04/07/2010,MOT,ND,AGL,CE,Federal Contract Tower,7,14,16,1,38,0,7,50,0,57,7,21,66,1,95,124,40,164,259
04/08/2010,MOT,ND,AGL,CE,Federal Contract Tower,6,15,8,0,29,0,6,31,0,37,6,21,39,0,66,66,32,98,164
04/09/2010,MOT,ND,AGL,CE,Federal Contract Tower,6,9,2,1,18,0,6,35,0,41,6,15,37,1,59,42,12,54,113
04/10/2010,MOT,ND,AGL,CE,Federal Contract Tower,5,8,4,1,18,0,4,28,0,32,5,12,32,1,50,39,0,39,89
04/11/2010,MOT,ND,AGL,CE,Federal Contract Tower,6,1,4,0,11,0,3,42,0,45,6,4,46,0,56,90,0,90,146
04/12/2010,MOT,ND,AGL,CE,Federal Contract Tower,6,8,7,0,21,0,7,30,0,37,6,15,37,0,58,0,18,18,76
04/13/2010,MOT,ND,AGL,CE,Federal Contract Tower,7,14,4,0,25,0,6,18,0,24,7,20,22,0,49,2,30,32,81
04/14/2010,MOT,ND,AGL,CE,Federal Contract Tower,6,16,5,0,27,0,9,31,2,42,6,25,36,2,69,14,72,86,155
04/15/2010,MOT,ND,AGL,CE,Federal Contract Tower,6,10,8,0,24,0,12,6,0,18,6,22,14,0,42,0,0,0,42
04/16/2010,MOT,ND,AGL,CE,Federal Contract Tower,6,12,4,0,22,0,8,30,0,38,6,20,34,0,60,32,8,40,100
04/17/2010,MOT,ND,AGL,CE,Federal Contract Tower,5,8,7,0,20,0,6,45,0,51,5,14,52,0,71,98,0,98,169
04/18/2010,MOT,ND,AGL,CE,Federal Contract Tower,6,0,3,0,9,0,2,48,0,50,6,2,51,0,59,114,0,114,173
04/19/2010,MOT,ND,AGL,CE,Federal Contract Tower,6,6,4,4,20,0,6,50,0,56,6,12,54,4,76,82,28,110,186
04/20/2010,MOT,ND,AGL,CE,Federal Contract Tower,8,12,1,0,21,0,10,58,0,68,8,22,59,0,89,138,28,166,255
04/21/2010,MOT,ND,AGL,CE,Federal Contract Tower,6,8,9,3,26,0,5,35,0,40,6,13,44,3,66,90,0,90,156
04/22/2010,MOT,ND,AGL,CE,Federal Contract Tower,6,10,19,4,39,0,7,24,4,35,6,17,43,8,74,92,8,100,174
04/23/2010,MOT,ND,AGL,CE,Federal Contract Tower,6,10,8,2,26,0,4,39,0,43,6,14,47,2,69,62,4,66,135
04/24/2010,MOT,ND,AGL,CE,Federal Contract Tower,5,7,10,0,22,0,8,49,0,57,5,15,59,0,79,82,0,82,161
04/25/2010,MOT,ND,AGL,CE,Federal Contract Tower,6,1,8,3,18,0,4,31,0,35,6,5,39,3,53,46,0,46,99
04/26/2010,MOT,ND,AGL,CE,Federal Contract Tower,6,8,6,2,22,0,6,9,0,15,6,14,15,2,37,0,14,14,51
04/27/2010,MOT,ND,AGL,CE,Federal Contract Tower,6,13,12,3,34,0,4,16,0,20,6,17,28,3,54,66,2,68,122
04/28/2010,MOT,ND,AGL,CE,Federal Contract Tower,6,16,12,0,34,0,8,24,0,32,6,24,36,0,66,80,18,98,164
04/29/2010,MOT,ND,AGL,CE,Federal Contract Tower,6,12,5,1,24,0,8,30,4,42,6,20,35,5,66,80,26,106,172
04/30/2010,MOT,ND,AGL,CE,Federal Contract Tower,6,12,8,0,26,0,10,18,0,28,6,22,26,0,54,18,90,108,162
05/01/2010,MOT,ND,AGL,CE,Federal Contract Tower,5,10,3,0,18,0,0,0,0,0,5,10,3,0,18,0,0,0,18
05/02/2010,MOT,ND,AGL,CE,Federal Contract Tower,6,1,5,0,12,0,3,15,0,18,6,4,20,0,30,0,0,0,30
05/03/2010,MOT,ND,AGL,CE,Federal Contract Tower,7,10,11,0,28,0,2,53,0,55,7,12,64,0,83,72,24,96,179
05/04/2010,MOT,ND,AGL,CE,Federal Contract Tower,8,11,5,0,24,0,6,40,0,46,8,17,45,0,70,18,54,72,142
05/05/2010,MOT,ND,AGL,CE,Federal Contract Tower,9,12,2,0,23,0,6,31,0,37,9,18,33,0,60,22,60,82,142
05/06/2010,MOT,ND,AGL,CE,Federal Contract Tower,10,12,5,0,27,0,9,21,0,30,10,21,26,0,57,32,50,82,139
05/07/2010,MOT,ND,AGL,CE,Federal Contract Tower,9,12,6,0,27,0,2,18,0,20,9,14,24,0,47,40,4,44,91
05/08/2010,MOT,ND,AGL,CE,Federal Contract Tower,9,10,4,0,23,0,8,41,0,49,9,18,45,0,72,140,0,140,212
05/09/2010,MOT,ND,AGL,CE,Federal Contract Tower,9,0,2,0,11,0,4,25,0,29,9,4,27,0,40,60,4,64,104
05/10/2010,MOT,ND,AGL,CE,Federal Contract Tower,8,9,5,0,22,0,0,10,3,13,8,9,15,3,35,18,10,28,63
05/11/2010,MOT,ND,AGL,CE,Federal Contract Tower,8,11,7,0,26,0,4,45,0,49,8,15,52,0,75,82,42,124,199
05/12/2010,MOT,ND,AGL,CE,Federal Contract Tower,8,15,21,0,44,0,4,27,0,31,8,19,48,0,75,88,10,98,173
05/13/2010,MOT,ND,AGL,CE,Federal Contract Tower,9,9,12,0,30,0,9,31,0,40,9,18,43,0,70,72,10,82,152
05/14/2010,MOT,ND,AGL,CE,Federal Contract Tower,9,14,11,0,34,0,9,39,0,48,9,23,50,0,82,102,56,158,240
05/15/2010,MOT,ND,AGL,CE,Federal Contract Tower,9,8,2,5,24,0,10,28,0,38,9,18,30,5,62,84,6,90,152
05/16/2010,MOT,ND,AGL,CE,Federal Contract Tower,9,2,4,0,15,0,4,20,0,24,9,6,24,0,39,0,0,0,39
05/17/2010,MOT,ND,AGL,CE,Federal Contract Tower,8,14,9,0,31,0,6,37,0,43,8,20,46,0,74,32,22,54,128
05/18/2010,MOT,ND,AGL,CE,Federal Contract Tower,10,10,3,0,23,0,6,35,0,41,10,16,38,0,64,42,18,60,124
05/19/2010,MOT,ND,AGL,CE,Federal Contract Tower,9,11,9,1,30,0,10,38,6,54,9,21,47,7,84,38,16,54,138
05/20/2010,MOT,ND,AGL,CE,Federal Contract Tower,9,11,15,0,35,0,7,23,2,32,9,18,38,2,67,58,92,150,217
05/21/2010,MOT,ND,AGL,CE,Federal Contract Tower,10,13,3,0,26,0,5,27,0,32,10,18,30,0,58,30,6,36,94
05/22/2010,MOT,ND,AGL,CE,Federal Contract Tower,9,9,4,0,22,0,4,4,0,8,9,13,8,0,30,0,0,0,30
05/23/2010,MOT,ND,AGL,CE,Federal Contract Tower,9,0,3,0,12,0,0,33,0,33,9,0,36,0,45,26,4,30,75
05/24/2010,MOT,ND,AGL,CE,Federal Contract Tower,11,10,3,2,26,0,7,22,0,29,11,17,25,2,55,0,46,46,101
05/25/2010,MOT,ND,AGL,CE,Federal Contract Tower,10,14,8,0,32,0,7,6,4,17,10,21,14,4,49,8,6,14,63
05/26/2010,MOT,ND,AGL,CE,Federal Contract Tower,8,11,9,2,30,0,11,47,4,62,8,22,56,6,92,70,132,202,294
05/27/2010,MOT,ND,AGL,CE,Federal Contract Tower,9,15,8,0,32,0,1,3,0,4,9,16,11,0,36,10,0,10,46
05/28/2010,MOT,ND,AGL,CE,Federal Contract Tower,7,14,6,0,27,0,7,13,0,20,7,21,19,0,47,44,0,44,91
05/29/2010,MOT,ND,AGL,CE,Federal Contract Tower,9,7,1,0,17,0,4,14,0,18,9,11,15,0,35,12,0,12,47
05/30/2010,MOT,ND,AGL,CE,Federal Contract Tower,8,2,3,0,13,0,7,22,0,29,8,9,25,0,42,38,0,38,80
05/31/2010,MOT,ND,AGL,CE,Federal Contract Tower,10,4,4,2,20,0,7,41,0,48,10,11,45,2,68,74,4,78,146
06/01/2010,MOT,ND,AGL,CE,Federal Contract Tower,8,11,9,0,28,0,10,39,4,53,8,21,48,4,81,178,42,220,301
06/02/2010,MOT,ND,AGL,CE,Federal Contract Tower,9,14,9,0,32,0,3,43,0,46,9,17,52,0,78,95,30,125,203
06/03/2010,MOT,ND,AGL,CE,Federal Contract Tower,8,14,8,0,30,0,0,0,0,0,8,14,8,0,30,22,16,38,68
06/04/2010,MOT,ND,AGL,CE,Federal Contract Tower,9,15,7,0,31,0,6,56,0,62,9,21,63,0,93,38,64,102,195
06/05/2010,MOT,ND,AGL,CE,Federal Contract Tower,10,9,3,2,24,0,4,40,0,44,10,13,43,2,68,98,0,98,166
06/06/2010,MOT,ND,AGL,CE,Federal Contract Tower,9,1,3,0,13,0,2,45,0,47,9,3,48,0,60,50,0,50,110
06/07/2010,MOT,ND,AGL,CE,Federal Contract Tower,7,11,11,1,30,0,7,37,0,44,7,18,48,1,74,42,26,68,142
06/08/2010,MOT,ND,AGL,CE,Federal Contract Tower,9,16,17,3,45,0,2,9,0,11,9,18,26,3,56,20,8,28,84
06/09/2010,MOT,ND,AGL,CE,Federal Contract Tower,10,10,7,0,27,0,5,34,0,39,10,15,41,0,66,32,0,32,98
06/10/2010,MOT,ND,AGL,CE,Federal Contract Tower,15,12,17,0,44,0,4,9,0,13,15,16,26,0,57,0,26,26,83
06/11/2010,MOT,ND,AGL,CE,Federal Contract Tower,13,8,18,0,39,0,2,12,0,14,13,10,30,0,53,28,0,28,81
06/12/2010,MOT,ND,AGL,CE,Federal Contract Tower,15,12,8,0,35,0,10,34,0,44,15,22,42,0,79,44,0,44,123
06/13/2010,MOT,ND,AGL,CE,Federal Contract Tower,14,3,0,0,17,0,9,71,0,80,14,12,71,0,97,82,0,82,179
06/14/2010,MOT,ND,AGL,CE,Federal Contract Tower,13,11,5,1,30,0,0,59,0,59,13,11,64,1,89,64,8,72,161
06/15/2010,MOT,ND,AGL,CE,Federal Contract Tower,14,12,10,8,44,0,1,47,3,51,14,13,57,11,95,62,0,62,157
06/16/2010,MOT,ND,AGL,CE,Federal Contract Tower,12,13,10,0,35,0,6,52,0,58,12,19,62,0,93,106,20,126,219
06/17/2010,MOT,ND,AGL,CE,Federal Contract Tower,14,10,12,0,36,0,4,14,0,18,14,14,26,0,54,14,16,30,84
06/18/2010,MOT,ND,AGL,CE,Federal Contract Tower,14,11,6,2,33,0,2,25,1,28,14,13,31,3,61,22,14,36,97
06/19/2010,MOT,ND,AGL,CE,Federal Contract Tower,12,10,6,2,30,0,7,90,0,97,12,17,96,2,127,173,4,177,304
06/20/2010,MOT,ND,AGL,CE,Federal Contract Tower,12,1,4,0,17,0,6,43,0,49,12,7,47,0,66,130,0,130,196
06/21/2010,MOT,ND,AGL,CE,Federal Contract Tower,14,9,4,2,29,0,4,29,0,33,14,13,33,2,62,68,0,68,130
06/22/2010,MOT,ND,AGL,CE,Federal Contract Tower,13,12,10,2,37,0,7,66,0,73,13,19,76,2,110,74,20,94,204
06/23/2010,MOT,ND,AGL,CE,Federal Contract Tower,15,13,11,0,39,0,7,61,0,68,15,20,72,0,107,56,30,86,193
06/24/2010,MOT,ND,AGL,CE,Federal Contract Tower,15,14,15,1,45,0,5,67,0,72,15,19,82,1,117,44,26,70,187
06/25/2010,MOT,ND,AGL,CE,Federal Contract Tower,14,10,4,1,29,0,6,86,0,92,14,16,90,1,121,94,6,100,221
06/26/2010,MOT,ND,AGL,CE,Federal Contract Tower,13,8,5,1,27,0,3,36,0,39,13,11,41,1,66,88,0,88,154
06/27/2010,MOT,ND,AGL,CE,Federal Contract Tower,12,0,2,5,19,0,5,46,0,51,12,5,48,5,70,65,0,65,135
06/28/2010,MOT,ND,AGL,CE,Federal Contract Tower,14,10,12,2,38,0,5,68,0,73,14,15,80,2,111,56,40,96,207
06/29/2010,MOT,ND,AGL,CE,Federal Contract Tower,15,13,8,0,36,0,1,59,0,60,15,14,67,0,96,34,22,56,152
06/30/2010,MOT,ND,AGL,CE,Federal Contract Tower,14,12,5,4,35,0,1,33,0,34,14,13,38,4,69,38,26,64,133
07/01/2010,MOT,ND,AGL,CE,Federal Contract Tower,15,18,9,0,42,0,10,85,0,95,15,28,94,0,137,162,28,190,327
07/02/2010,MOT,ND,AGL,CE,Federal Contract Tower,12,13,8,0,33,0,0,36,0,36,12,13,44,0,69,48,0,48,117
07/03/2010,MOT,ND,AGL,CE,Federal Contract Tower,13,8,4,0,25,0,2,42,0,44,13,10,46,0,69,44,0,44,113
07/04/2010,MOT,ND,AGL,CE,Federal Contract Tower,15,0,5,0,20,0,6,88,0,94,15,6,93,0,114,94,0,94,208
07/05/2010,MOT,ND,AGL,CE,Federal Contract Tower,16,3,6,0,25,0,14,104,0,118,16,17,110,0,143,92,0,92,235
07/06/2010,MOT,ND,AGL,CE,Federal Contract Tower,14,15,7,0,36,0,8,81,0,89,14,23,88,0,125,124,26,150,275
07/07/2010,MOT,ND,AGL,CE,Federal Contract Tower,14,13,13,0,40,0,9,98,7,114,14,22,111,7,154,76,26,102,256
07/08/2010,MOT,ND,AGL,CE,Federal Contract Tower,15,13,19,2,49,0,5,101,0,106,15,18,120,2,155,110,14,124,279
07/09/2010,MOT,ND,AGL,CE,Federal Contract Tower,14,9,11,0,34,0,3,76,2,81,14,12,87,2,115,123,16,139,254
07/10/2010,MOT,ND,AGL,CE,Federal Contract Tower,14,11,5,0,30,0,4,71,0,75,14,15,76,0,105,160,0,160,265
07/11/2010,MOT,ND,AGL,CE,Federal Contract Tower,14,0,14,0,28,0,8,97,0,105,14,8,111,0,133,102,0,102,235
07/12/2010,MOT,ND,AGL,CE,Federal Contract Tower,15,10,10,2,37,0,4,75,0,79,15,14,85,2,116,44,28,72,188
07/13/2010,MOT,ND,AGL,CE,Federal Contract Tower,16,15,17,3,51,0,6,76,0,82,16,21,93,3,133,78,64,142,275
07/14/2010,MOT,ND,AGL,CE,Federal Contract Tower,15,11,7,2,35,0,2,19,0,21,15,13,26,2,56,2,62,64,120
07/15/2010,MOT,ND,AGL,CE,Federal Contract Tower,16,15,16,2,49,0,4,58,0,62,16,19,74,2,111,22,18,40,151
07/16/2010,MOT,ND,AGL,CE,Federal Contract Tower,15,12,15,0,42,0,9,102,0,111,15,21,117,0,153,170,14,184,337
07/17/2010,MOT,ND,AGL,CE,Federal Contract Tower,15,10,5,0,30,0,5,70,0,75,15,15,75,0,105,74,0,74,179
07/18/2010,MOT,ND,AGL,CE,Federal Contract Tower,16,2,5,0,23,0,4,81,0,85,16,6,86,0,108,74,0,74,182
07/19/2010,MOT,ND,AGL,CE,Federal Contract Tower,16,8,12,1,37,0,7,80,0,87,16,15,92,1,124,86,72,158,282
07/20/2010,MOT,ND,AGL,CE,Federal Contract Tower,15,13,20,0,48,0,3,36,0,39,15,16,56,0,87,114,32,146,233
07/21/2010,MOT,ND,AGL,CE,Federal Contract Tower,13,12,11,2,38,0,2,57,0,59,13,14,68,2,97,143,50,193,290
07/22/2010,MOT,ND,AGL,CE,Federal Contract Tower,17,14,21,0,52,0,9,24,0,33,17,23,45,0,85,16,14,30,115
07/23/2010,MOT,ND,AGL,CE,Federal Contract Tower,15,12,11,0,38,0,2,58,0,60,15,14,69,0,98,62,8,70,168
07/24/2010,MOT,ND,AGL,CE,Federal Contract Tower,12,9,9,0,30,0,6,63,0,69,12,15,72,0,99,102,2,104,203
07/25/2010,MOT,ND,AGL,CE,Federal Contract Tower,13,7,7,0,27,0,4,50,0,54,13,11,57,0,81,38,0,38,119
07/26/2010,MOT,ND,AGL,CE,Federal Contract Tower,15,10,5,0,30,0,2,51,11,64,15,12,56,11,94,28,10,38,132
07/27/2010,MOT,ND,AGL,CE,Federal Contract Tower,15,14,9,0,38,0,3,35,8,46,15,17,44,8,84,20,14,34,118
07/28/2010,MOT,ND,AGL,CE,Federal Contract Tower,16,14,26,3,59,0,7,95,0,102,16,21,121,3,161,128,42,170,331
07/29/2010,MOT,ND,AGL,CE,Federal Contract Tower,13,16,10,4,43,0,6,86,0,92,13,22,96,4,135,72,36,108,243
07/30/2010,MOT,ND,AGL,CE,Federal Contract Tower,13,12,9,0,34,0,5,67,0,72,13,17,76,0,106,36,44,80,186
07/31/2010,MOT,ND,AGL,CE,Federal Contract Tower,14,8,5,0,27,0,7,65,0,72,14,15,70,0,99,62,0,62,161
08/01/2010,MOT,ND,AGL,CE,Federal Contract Tower,14,2,6,0,22,0,2,45,0,47,14,4,51,0,69,36,0,36,105
08/02/2010,MOT,ND,AGL,CE,Federal Contract Tower,15,7,5,0,27,0,3,35,6,44,15,10,40,6,71,38,40,78,149
08/03/2010,MOT,ND,AGL,CE,Federal Contract Tower,16,12,23,3,54,0,3,81,2,86,16,15,104,5,140,80,36,116,256
08/04/2010,MOT,ND,AGL,CE,Federal Contract Tower,14,10,10,0,34,0,8,58,8,74,14,18,68,8,108,64,22,86,194
08/05/2010,MOT,ND,AGL,CE,Federal Contract Tower,14,13,19,2,48,0,7,46,0,53,14,20,65,2,101,58,16,74,175
08/06/2010,MOT,ND,AGL,CE,Federal Contract Tower,14,13,13,0,40,0,6,56,0,62,14,19,69,0,102,102,32,134,236
08/07/2010,MOT,ND,AGL,CE,Federal Contract Tower,13,10,8,0,31,0,5,55,0,60,13,15,63,0,91,48,0,48,139
08/08/2010,MOT,ND,AGL,CE,Federal Contract Tower,15,2,5,0,22,0,6,57,0,63,15,8,62,0,85,51,0,51,136
08/09/2010,MOT,ND,AGL,CE,Federal Contract Tower,14,13,13,2,42,0,4,65,0,69,14,17,78,2,111,62,24,86,197
08/10/2010,MOT,ND,AGL,CE,Federal Contract Tower,16,12,11,6,45,0,6,65,0,71,16,18,76,6,116,60,50,110,226
08/11/2010,MOT,ND,AGL,CE,Federal Contract Tower,16,15,22,0,53,0,5,68,0,73,16,20,90,0,126,75,76,151,277
08/12/2010,MOT,ND,AGL,CE,Federal Contract Tower,14,13,12,3,42,0,5,64,0,69,14,18,76,3,111,74,28,102,213
08/13/2010,MOT,ND,AGL,CE,Federal Contract Tower,15,13,7,0,35,0,2,34,0,36,15,15,41,0,71,112,6,118,189
08/14/2010,MOT,ND,AGL,CE,Federal Contract Tower,13,8,5,0,26,0,7,15,0,22,13,15,20,0,48,6,0,6,54
08/15/2010,MOT,ND,AGL,CE,Federal Contract Tower,15,2,5,0,22,0,4,44,0,48,15,6,49,0,70,38,0,38,108
08/16/2010,MOT,ND,AGL,CE,Federal Contract Tower,15,12,6,0,33,0,8,78,0,86,15,20,84,0,119,60,80,140,259
08/17/2010,MOT,ND,AGL,CE,Federal Contract Tower,15,19,7,0,41,0,6,46,0,52,15,25,53,0,93,52,86,138,231
08/18/2010,MOT,ND,AGL,CE,Federal Contract Tower,15,15,6,2,38,0,7,63,0,70,15,22,69,2,108,152,28,180,288
08/19/2010,MOT,ND,AGL,CE,Federal Contract Tower,14,12,20,0,46,0,2,32,0,34,14,14,52,0,80,142,0,142,222
08/20/2010,MOT,ND,AGL,CE,Federal Contract Tower,15,12,9,4,40,0,6,50,0,56,15,18,59,4,96,60,50,110,206
08/21/2010,MOT,ND,AGL,CE,Federal Contract Tower,12,10,5,2,29,0,8,76,0,84,12,18,81,2,113,86,0,86,199
08/22/2010,MOT,ND,AGL,CE,Federal Contract Tower,14,2,7,0,23,0,4,61,0,65,14,6,68,0,88,64,0,64,152
08/23/2010,MOT,ND,AGL,CE,Federal Contract Tower,13,10,10,0,33,0,2,8,0,10,13,12,18,0,43,26,10,36,79
08/24/2010,MOT,ND,AGL,CE,Federal Contract Tower,14,10,17,3,44,0,10,19,0,29,14,20,36,3,73,32,12,44,117
08/25/2010,MOT,ND,AGL,CE,Federal Contract Tower,14,15,9,0,38,0,4,64,4,72,14,19,73,4,110,102,4,106,216
08/26/2010,MOT,ND,AGL,CE,Federal Contract Tower,13,14,15,2,44,0,3,34,0,37,13,17,49,2,81,58,4,62,143
08/27/2010,MOT,ND,AGL,CE,Federal Contract Tower,13,12,12,5,42,0,7,51,0,58,13,19,63,5,100,24,42,66,166
08/28/2010,MOT,ND,AGL,CE,Federal Contract Tower,12,6,3,0,21,0,8,63,0,71,12,14,66,0,92,110,0,110,202
08/29/2010,MOT,ND,AGL,CE,Federal Contract Tower,13,3,13,0,29,0,2,32,0,34,13,5,45,0,63,84,0,84,147
08/30/2010,MOT,ND,AGL,CE,Federal Contract Tower,16,9,6,1,32,0,0,0,0,0,16,9,6,1,32,0,0,0,32
08/31/2010,MOT,ND,AGL,CE,Federal Contract Tower,14,10,6,0,30,0,1,33,2,36,14,11,39,2,66,44,8,52,118
09/01/2010,MOT,ND,AGL,CE,Federal Contract Tower,14,19,5,1,39,0,2,14,0,16,14,21,19,1,55,30,10,40,95
09/02/2010,MOT,ND,AGL,CE,Federal Contract Tower,13,12,16,0,41,0,2,30,0,32,13,14,46,0,73,0,0,0,73
09/03/2010,MOT,ND,AGL,CE,Federal Contract Tower,17,10,16,0,43,0,4,79,2,85,17,14,95,2,128,88,0,88,216
09/04/2010,MOT,ND,AGL,CE,Federal Contract Tower,12,9,7,0,28,0,8,55,0,63,12,17,62,0,91,100,0,100,191
09/05/2010,MOT,ND,AGL,CE,Federal Contract Tower,11,0,3,0,14,0,2,27,0,29,11,2,30,0,43,8,0,8,51
09/06/2010,MOT,ND,AGL,CE,Federal Contract Tower,17,1,8,0,26,0,0,5,0,5,17,1,13,0,31,0,0,0,31
09/07/2010,MOT,ND,AGL,CE,Federal Contract Tower,13,13,8,0,34,0,2,34,1,37,13,15,42,1,71,52,8,60,131
09/08/2010,MOT,ND,AGL,CE,Federal Contract Tower,15,16,12,0,43,0,10,57,2,69,15,26,69,2,112,68,16,84,196
09/09/2010,MOT,ND,AGL,CE,Federal Contract Tower,15,12,14,3,44,0,3,17,1,21,15,15,31,4,65,30,10,40,105
09/10/2010,MOT,ND,AGL,CE,Federal Contract Tower,14,11,3,0,28,0,6,13,0,19,14,17,16,0,47,20,52,72,119
09/11/2010,MOT,ND,AGL,CE,Federal Contract Tower,12,8,9,0,29,0,4,32,0,36,12,12,41,0,65,66,0,66,131
09/12/2010,MOT,ND,AGL,CE,Federal Contract Tower,15,5,7,3,30,0,4,64,0,68,15,9,71,3,98,34,0,34,132
09/13/2010,MOT,ND,AGL,CE,Federal Contract Tower,14,8,6,3,31,0,0,47,2,49,14,8,53,5,80,36,10,46,126
09/14/2010,MOT,ND,AGL,CE,Federal Contract Tower,15,12,6,0,33,0,6,70,0,76,15,18,76,0,109,50,28,78,187
09/15/2010,MOT,ND,AGL,CE,Federal Contract Tower,15,14,7,0,36,0,5,58,0,63,15,19,65,0,99,160,16,176,275
09/16/2010,MOT,ND,AGL,CE,Federal Contract Tower,15,17,9,3,44,0,10,20,0,30,15,27,29,3,74,48,28,76,150
09/17/2010,MOT,ND,AGL,CE,Federal Contract Tower,15,10,12,0,37,0,10,33,8,51,15,20,45,8,88,90,16,106,194
09/18/2010,MOT,ND,AGL,CE,Federal Contract Tower,11,6,18,0,35,0,0,37,0,37,11,6,55,0,72,116,0,116,188
09/19/2010,MOT,ND,AGL,CE,Federal Contract Tower,14,2,7,0,23,0,0,26,0,26,14,2,33,0,49,38,0,38,87
09/20/2010,MOT,ND,AGL,CE,Federal Contract Tower,14,6,3,2,25,0,6,17,0,23,14,12,20,2,48,32,12,44,92
09/21/2010,MOT,ND,AGL,CE,Federal Contract Tower,14,15,17,2,48,0,5,61,0,66,14,20,78,2,114,76,24,100,214
09/22/2010,MOT,ND,AGL,CE,Federal Contract Tower,14,15,18,0,47,0,5,5,0,10,14,20,23,0,57,0,0,0,57
09/23/2010,MOT,ND,AGL,CE,Federal Contract Tower,14,16,21,0,51,0,2,7,1,10,14,18,28,1,61,20,18,38,99
09/24/2010,MOT,ND,AGL,CE,Federal Contract Tower,15,11,17,4,47,0,3,42,0,45,15,14,59,4,92,85,52,137,229
09/25/2010,MOT,ND,AGL,CE,Federal Contract Tower,11,8,10,0,29,0,0,51,0,51,11,8,61,0,80,176,0,176,256
09/26/2010,MOT,ND,AGL,CE,Federal Contract Tower,15,2,10,0,27,0,6,74,8,88,15,8,84,8,115,64,0,64,179
09/27/2010,MOT,ND,AGL,CE,Federal Contract Tower,15,7,9,1,32,0,8,66,0,74,15,15,75,1,106,32,70,102,208
09/28/2010,MOT,ND,AGL,CE,Federal Contract Tower,16,13,13,0,42,0,10,47,0,57,16,23,60,0,99,24,46,70,169
09/29/2010,MOT,ND,AGL,CE,Federal Contract Tower,13,12,7,0,32,0,8,24,0,32,13,20,31,0,64,6,12,18,82
09/30/2010,MOT,ND,AGL,CE,Federal Contract Tower,14,10,13,0,37,0,1,46,0,47,14,11,59,0,84,80,0,80,164
10/01/2010,MOT,ND,AGL,CE,Federal Contract Tower,13,12,8,2,35,0,1,39,0,40,13,13,47,2,75,62,42,104,179
10/02/2010,MOT,ND,AGL,CE,Federal Contract Tower,12,8,6,0,26,0,4,66,0,70,12,12,72,0,96,78,0,78,174
10/03/2010,MOT,ND,AGL,CE,Federal Contract Tower,14,2,5,0,21,0,4,52,0,56,14,6,57,0,77,44,0,44,121
10/04/2010,MOT,ND,AGL,CE,Federal Contract Tower,14,5,9,0,28,0,4,47,4,55,14,9,56,4,83,52,52,104,187
10/05/2010,MOT,ND,AGL,CE,Federal Contract Tower,12,15,4,0,31,0,10,39,4,53,12,25,43,4,84,34,32,66,150
10/06/2010,MOT,ND,AGL,CE,Federal Contract Tower,12,15,3,0,30,0,0,64,0,64,12,15,67,0,94,38,6,44,138
10/07/2010,MOT,ND,AGL,CE,Federal Contract Tower,13,11,11,1,36,0,0,45,0,45,13,11,56,1,81,68,20,88,169
10/08/2010,MOT,ND,AGL,CE,Federal Contract Tower,13,16,9,2,40,0,4,92,0,96,13,20,101,2,136,84,26,110,246
10/09/2010,MOT,ND,AGL,CE,Federal Contract Tower,12,12,0,1,25,0,7,48,0,55,12,19,48,1,80,120,0,120,200
10/10/2010,MOT,ND,AGL,CE,Federal Contract Tower,11,3,4,0,18,0,2,83,0,85,11,5,87,0,103,100,0,100,203
10/11/2010,MOT,ND,AGL,CE,Federal Contract Tower,12,10,16,0,38,0,7,66,0,73,12,17,82,0,111,48,0,48,159
10/12/2010,MOT,ND,AGL,CE,Federal Contract Tower,12,13,13,4,42,0,2,44,0,46,12,15,57,4,88,36,16,52,140
10/13/2010,MOT,ND,AGL,CE,Federal Contract Tower,12,14,7,3,36,0,7,48,2,57,12,21,55,5,93,72,44,116,209
10/14/2010,MOT,ND,AGL,CE,Federal Contract Tower,11,12,17,0,40,0,3,47,0,50,11,15,64,0,90,128,6,134,224
10/15/2010,MOT,ND,AGL,CE,Federal Contract Tower,11,11,6,1,29,0,3,19,4,26,11,14,25,5,55,10,2,12,67
10/16/2010,MOT,ND,AGL,CE,Federal Contract Tower,9,9,7,0,25,0,2,20,0,22,9,11,27,0,47,38,0,38,85
10/17/2010,MOT,ND,AGL,CE,Federal Contract Tower,11,3,5,0,19,0,8,28,0,36,11,11,33,0,55,44,0,44,99
10/18/2010,MOT,ND,AGL,CE,Federal Contract Tower,13,12,8,0,33,0,1,31,0,32,13,13,39,0,65,26,44,70,135
10/19/2010,MOT,ND,AGL,CE,Federal Contract Tower,12,13,8,6,39,0,2,45,2,49,12,15,53,8,88,67,54,121,209
10/20/2010,MOT,ND,AGL,CE,Federal Contract Tower,12,15,6,4,37,0,9,62,0,71,12,24,68,4,108,72,38,110,218
10/21/2010,MOT,ND,AGL,CE,Federal Contract Tower,12,8,9,0,29,0,12,91,0,103,12,20,100,0,132,78,20,98,230
10/22/2010,MOT,ND,AGL,CE,Federal Contract Tower,14,9,12,0,35,0,6,46,5,57,14,15,58,5,92,40,104,144,236
10/23/2010,MOT,ND,AGL,CE,Federal Contract Tower,11,8,7,0,26,0,6,42,0,48,11,14,49,0,74,112,0,112,186
10/24/2010,MOT,ND,AGL,CE,Federal Contract Tower,11,1,4,0,16,0,0,1,0,1,11,1,5,0,17,0,0,0,17
10/25/2010,MOT,ND,AGL,CE,Federal Contract Tower,14,9,2,0,25,0,0,0,0,0,14,9,2,0,25,0,0,0,25
10/26/2010,MOT,ND,AGL,CE,Federal Contract Tower,2,16,4,0,22,0,2,4,0,6,2,18,8,0,28,0,0,0,28
10/27/2010,MOT,ND,AGL,CE,Federal Contract Tower,6,12,0,0,18,0,2,6,0,8,6,14,6,0,26,0,0,0,26
10/28/2010,MOT,ND,AGL,CE,Federal Contract Tower,13,19,11,0,43,0,6,15,0,21,13,25,26,0,64,20,16,36,100
10/29/2010,MOT,ND,AGL,CE,Federal Contract Tower,16,12,15,0,43,0,6,38,2,46,16,18,53,2,89,52,20,72,161
10/30/2010,MOT,ND,AGL,CE,Federal Contract Tower,10,8,5,0,23,0,0,6,0,6,10,8,11,0,29,12,0,12,41
10/31/2010,MOT,ND,AGL,CE,Federal Contract Tower,14,0,3,2,19,0,3,12,0,15,14,3,15,2,34,20,0,20,54
11/01/2010,MOT,ND,AGL,CE,Federal Contract Tower,12,10,5,4,31,0,9,43,4,56,12,19,48,8,87,76,18,94,181
11/02/2010,MOT,ND,AGL,CE,Federal Contract Tower,16,13,11,0,40,0,4,47,0,51,16,17,58,0,91,76,20,96,187
11/03/2010,MOT,ND,AGL,CE,Federal Contract Tower,12,10,13,0,35,0,0,11,5,16,12,10,24,5,51,8,22,30,81
11/04/2010,MOT,ND,AGL,CE,Federal Contract Tower,11,14,9,4,38,0,12,54,2,68,11,26,63,6,106,66,58,124,230
11/05/2010,MOT,ND,AGL,CE,Federal Contract Tower,12,8,5,0,25,0,0,36,0,36,12,8,41,0,61,68,12,80,141
11/06/2010,MOT,ND,AGL,CE,Federal Contract Tower,10,8,6,0,24,0,2,37,0,39,10,10,43,0,63,84,0,84,147
11/07/2010,MOT,ND,AGL,CE,Federal Contract Tower,12,2,2,0,16,0,6,56,0,62,12,8,58,0,78,104,0,104,182
11/08/2010,MOT,ND,AGL,CE,Federal Contract Tower,14,8,5,2,29,0,4,37,4,45,14,12,42,6,74,100,20,120,194
11/09/2010,MOT,ND,AGL,CE,Federal Contract Tower,11,13,17,2,43,0,0,0,0,0,11,13,17,2,43,0,0,0,43
11/10/2010,MOT,ND,AGL,CE,Federal Contract Tower,14,12,10,0,36,0,2,6,0,8,14,14,16,0,44,0,4,4,48
11/11/2010,MOT,ND,AGL,CE,Federal Contract Tower,11,10,3,0,24,0,7,23,0,30,11,17,26,0,54,42,0,42,96
11/12/2010,MOT,ND,AGL,CE,Federal Contract Tower,13,12,6,2,33,0,5,34,4,43,13,17,40,6,76,38,62,100,176
11/13/2010,MOT,ND,AGL,CE,Federal Contract Tower,6,2,1,0,9,0,0,0,0,0,6,2,1,0,9,0,0,0,9
11/14/2010,MOT,ND,AGL,CE,Federal Contract Tower,11,2,3,0,16,0,2,21,0,23,11,4,24,0,39,36,0,36,75
11/15/2010,MOT,ND,AGL,CE,Federal Contract Tower,13,14,5,0,32,0,0,0,0,0,13,14,5,0,32,0,0,0,32
11/16/2010,MOT,ND,AGL,CE,Federal Contract Tower,11,14,24,0,49,0,5,23,8,36,11,19,47,8,85,68,28,96,181
11/17/2010,MOT,ND,AGL,CE,Federal Contract Tower,11,10,5,0,26,0,0,7,0,7,11,10,12,0,33,12,64,76,109
11/18/2010,MOT,ND,AGL,CE,Federal Contract Tower,13,7,17,0,37,0,6,7,0,13,13,13,24,0,50,0,51,51,101
11/19/2010,MOT,ND,AGL,CE,Federal Contract Tower,14,15,11,0,40,0,6,28,0,34,14,21,39,0,74,74,8,82,156
11/20/2010,MOT,ND,AGL,CE,Federal Contract Tower,10,16,1,0,27,0,2,10,0,12,10,18,11,0,39,26,0,26,65
11/21/2010,MOT,ND,AGL,CE,Federal Contract Tower,11,2,8,0,21,0,5,24,0,29,11,7,32,0,50,70,0,70,120
11/22/2010,MOT,ND,AGL,CE,Federal Contract Tower,12,7,8,0,27,0,1,0,0,1,12,8,8,0,28,4,2,6,34
11/23/2010,MOT,ND,AGL,CE,Federal Contract Tower,11,12,19,0,42,0,2,17,0,19,11,14,36,0,61,36,0,36,97
11/24/2010,MOT,ND,AGL,CE,Federal Contract Tower,13,15,0,0,28,0,0,0,0,0,13,15,0,0,28,0,0,0,28
11/25/2010,MOT,ND,AGL,CE,Federal Contract Tower,8,2,0,0,10,0,6,18,0,24,8,8,18,0,34,0,0,0,34
11/26/2010,MOT,ND,AGL,CE,Federal Contract Tower,12,12,0,0,24,0,5,37,0,42,12,17,37,0,66,74,0,74,140
11/27/2010,MOT,ND,AGL,CE,Federal Contract Tower,11,8,11,0,30,0,1,12,0,13,11,9,23,0,43,0,0,0,43
11/28/2010,MOT,ND,AGL,CE,Federal Contract Tower,12,0,2,0,14,0,4,25,0,29,12,4,27,0,43,44,0,44,87
11/29/2010,MOT,ND,AGL,CE,Federal Contract Tower,15,12,7,0,34,0,1,9,0,10,15,13,16,0,44,4,0,4,48
11/30/2010,MOT,ND,AGL,CE,Federal Contract Tower,13,12,7,2,34,0,2,5,0,7,13,14,12,2,41,16,28,44,85
12/01/2010,MOT,ND,AGL,CE,Federal Contract Tower,12,21,12,0,45,0,5,28,0,33,12,26,40,0,78,0,4,4,82
12/02/2010,MOT,ND,AGL,CE,Federal Contract Tower,12,13,14,0,39,0,4,31,0,35,12,17,45,0,74,12,38,50,124
12/03/2010,MOT,ND,AGL,CE,Federal Contract Tower,13,12,7,0,32,0,0,0,0,0,13,12,7,0,32,0,0,0,32
12/04/2010,MOT,ND,AGL,CE,Federal Contract Tower,11,12,6,4,33,0,4,28,0,32,11,16,34,4,65,6,14,20,85
12/05/2010,MOT,ND,AGL,CE,Federal Contract Tower,11,0,4,3,18,0,2,17,0,19,11,2,21,3,37,62,0,62,99
12/06/2010,MOT,ND,AGL,CE,Federal Contract Tower,14,5,6,0,25,0,0,0,0,0,14,5,6,0,25,0,0,0,25
12/07/2010,MOT,ND,AGL,CE,Federal Contract Tower,11,18,14,0,43,0,2,7,0,9,11,20,21,0,52,8,0,8,60
12/08/2010,MOT,ND,AGL,CE,Federal Contract Tower,12,15,5,0,32,0,2,22,0,24,12,17,27,0,56,12,12,24,80
12/09/2010,MOT,ND,AGL,CE,Federal Contract Tower,11,22,12,2,47,0,7,23,0,30,11,29,35,2,77,4,82,86,163
12/10/2010,MOT,ND,AGL,CE,Federal Contract Tower,13,17,16,0,46,0,4,18,0,22,13,21,34,0,68,54,22,76,144
12/11/2010,MOT,ND,AGL,CE,Federal Contract Tower,5,8,5,0,18,0,4,22,0,26,5,12,27,0,44,36,0,36,80
12/12/2010,MOT,ND,AGL,CE,Federal Contract Tower,14,4,6,0,24,0,3,15,0,18,14,7,21,0,42,42,0,42,84
12/13/2010,MOT,ND,AGL,CE,Federal Contract Tower,16,9,6,0,31,0,5,28,0,33,16,14,34,0,64,20,28,48,112
12/14/2010,MOT,ND,AGL,CE,Federal Contract Tower,14,10,13,0,37,0,7,34,8,49,14,17,47,8,86,50,26,76,162
12/15/2010,MOT,ND,AGL,CE,Federal Contract Tower,11,20,10,0,41,0,6,21,0,27,11,26,31,0,68,0,22,22,90
12/16/2010,MOT,ND,AGL,CE,Federal Contract Tower,14,13,10,0,37,0,2,14,0,16,14,15,24,0,53,30,14,44,97
12/17/2010,MOT,ND,AGL,CE,Federal Contract Tower,14,18,6,2,40,0,2,19,0,21,14,20,25,2,61,26,46,72,133
12/18/2010,MOT,ND,AGL,CE,Federal Contract Tower,10,10,3,0,23,0,4,26,0,30,10,14,29,0,53,24,0,24,77
12/19/2010,MOT,ND,AGL,CE,Federal Contract Tower,12,2,2,0,16,0,4,31,0,35,12,6,33,0,51,52,0,52,103
12/20/2010,MOT,ND,AGL,CE,Federal Contract Tower,8,7,5,0,20,0,1,4,0,5,8,8,9,0,25,0,0,0,25
12/21/2010,MOT,ND,AGL,CE,Federal Contract Tower,12,15,7,3,37,0,5,18,0,23,12,20,25,3,60,0,66,66,126
12/22/2010,MOT,ND,AGL,CE,Federal Contract Tower,14,16,6,0,36,0,1,3,3,7,14,17,9,3,43,0,24,24,67
12/23/2010,MOT,ND,AGL,CE,Federal Contract Tower,11,16,9,0,36,0,0,2,0,2,11,16,11,0,38,4,2,6,44
12/24/2010,MOT,ND,AGL,CE,Federal Contract Tower,12,14,1,0,27,0,0,0,0,0,12,14,1,0,27,0,0,0,27
12/25/2010,MOT,ND,AGL,CE,Federal Contract Tower,10,0,0,0,10,0,4,15,0,19,10,4,15,0,29,8,0,8,37
12/26/2010,MOT,ND,AGL,CE,Federal Contract Tower,13,3,7,0,23,0,3,17,0,20,13,6,24,0,43,32,0,32,75
12/27/2010,MOT,ND,AGL,CE,Federal Contract Tower,12,8,5,0,25,0,1,7,0,8,12,9,12,0,33,0,0,0,33
12/28/2010,MOT,ND,AGL,CE,Federal Contract Tower,12,9,9,4,34,0,0,18,4,22,12,9,27,8,56,36,11,47,103
12/29/2010,MOT,ND,AGL,CE,Federal Contract Tower,10,10,6,0,26,0,0,5,0,5,10,10,11,0,31,32,4,36,67
12/30/2010,MOT,ND,AGL,CE,Federal Contract Tower,11,10,0,0,21,0,4,14,0,18,11,14,14,0,39,0,26,26,65
12/31/2010,MOT,ND,AGL,CE,Federal Contract Tower,12,12,3,0,27,0,6,30,0,36,12,18,33,0,63,26,12,38,101
01/01/2011,MOT,ND,AGL,CE,Federal Contract Tower,10,4,1,0,15,0,8,31,0,39,10,12,32,0,54,20,0,20,74
01/02/2011,MOT,ND,AGL,CE,Federal Contract Tower,12,0,0,0,12,0,6,25,0,31,12,6,25,0,43,18,0,18,61
01/03/2011,MOT,ND,AGL,CE,Federal Contract Tower,12,8,6,0,26,0,2,17,0,19,12,10,23,0,45,50,30,80,125
01/04/2011,MOT,ND,AGL,CE,Federal Contract Tower,11,7,14,0,32,0,2,25,0,27,11,9,39,0,59,30,0,30,89
01/05/2011,MOT,ND,AGL,CE,Federal Contract Tower,12,9,12,0,33,0,2,16,1,19,12,11,28,1,52,18,18,36,88
01/06/2011,MOT,ND,AGL,CE,Federal Contract Tower,12,12,8,3,35,0,4,23,0,27,12,16,31,3,62,6,42,48,110
01/07/2011,MOT,ND,AGL,CE,Federal Contract Tower,13,11,4,0,28,0,3,23,2,28,13,14,27,2,56,14,48,62,118
01/08/2011,MOT,ND,AGL,CE,Federal Contract Tower,11,11,3,0,25,0,5,20,0,25,11,16,23,0,50,24,0,24,74
01/09/2011,MOT,ND,AGL,CE,Federal Contract Tower,12,1,7,0,20,0,2,13,0,15,12,3,20,0,35,18,0,18,53
01/10/2011,MOT,ND,AGL,CE,Federal Contract Tower,14,9,8,2,33,0,2,8,0,10,14,11,16,2,43,0,10,10,53
01/11/2011,MOT,ND,AGL,CE,Federal Contract Tower,15,7,12,3,37,0,2,13,0,15,15,9,25,3,52,0,74,74,126
01/12/2011,MOT,ND,AGL,CE,Federal Contract Tower,11,12,17,0,40,0,10,37,0,47,11,22,54,0,87,28,16,44,131
01/13/2011,MOT,ND,AGL,CE,Federal Contract Tower,11,14,4,0,29,0,12,31,0,43,11,26,35,0,72,28,22,50,122
01/14/2011,MOT,ND,AGL,CE,Federal Contract Tower,14,15,4,0,33,0,0,3,0,3,14,15,7,0,36,0,18,18,54
01/15/2011,MOT,ND,AGL,CE,Federal Contract Tower,9,8,7,0,24,0,8,30,0,38,9,16,37,0,62,46,0,46,108
01/16/2011,MOT,ND,AGL,CE,Federal Contract Tower,9,3,1,0,13,0,2,6,0,8,9,5,7,0,21,2,0,2,23
01/17/2011,MOT,ND,AGL,CE,Federal Contract Tower,12,6,9,0,27,0,3,10,0,13,12,9,19,0,40,14,0,14,54
01/18/2011,MOT,ND,AGL,CE,Federal Contract Tower,11,17,7,2,37,0,6,36,1,43,11,23,43,3,80,16,60,76,156
01/19/2011,MOT,ND,AGL,CE,Federal Contract Tower,11,10,11,2,34,0,6,34,0,40,11,16,45,2,74,26,114,140,214
01/20/2011,MOT,ND,AGL,CE,Federal Contract Tower,12,14,6,0,32,0,8,15,0,23,12,22,21,0,55,0,18,18,73
01/21/2011,MOT,ND,AGL,CE,Federal Contract Tower,18,15,18,1,52,0,2,12,0,14,18,17,30,1,66,44,64,108,174
01/22/2011,MOT,ND,AGL,CE,Federal Contract Tower,9,8,4,0,21,0,2,18,0,20,9,10,22,0,41,42,0,42,83
01/23/2011,MOT,ND,AGL,CE,Federal Contract Tower,13,0,3,0,16,0,3,21,0,24,13,3,24,0,40,46,0,46,86
01/24/2011,MOT,ND,AGL,CE,Federal Contract Tower,14,7,8,0,29,0,4,22,0,26,14,11,30,0,55,14,12,26,81
01/25/2011,MOT,ND,AGL,CE,Federal Contract Tower,13,15,21,0,49,0,8,54,2,64,13,23,75,2,113,32,50,82,195
01/26/2011,MOT,ND,AGL,CE,Federal Contract Tower,12,12,12,2,38,0,6,30,4,40,12,18,42,6,78,82,14,96,174
01/27/2011,MOT,ND,AGL,CE,Federal Contract Tower,11,14,8,3,36,0,8,21,0,29,11,22,29,3,65,86,28,114,179
01/28/2011,MOT,ND,AGL,CE,Federal Contract Tower,14,11,9,0,34,0,3,16,0,19,14,14,25,0,53,0,74,74,127
01/29/2011,MOT,ND,AGL,CE,Federal Contract Tower,10,10,1,0,21,0,2,20,0,22,10,12,21,0,43,32,0,32,75
01/30/2011,MOT,ND,AGL,CE,Federal Contract Tower,13,0,6,0,19,0,4,15,0,19,13,4,21,0,38,0,0,0,38
01/31/2011,MOT,ND,AGL,CE,Federal Contract Tower,11,9,7,2,29,0,3,14,0,17,11,12,21,2,46,0,14,14,60
02/01/2011,MOT,ND,AGL,CE,Federal Contract Tower,11,13,7,2,33,0,9,37,0,46,11,22,44,2,79,8,28,36,115
02/02/2011,MOT,ND,AGL,CE,Federal Contract Tower,9,12,15,0,36,0,5,20,0,25,9,17,35,0,61,4,22,26,87
02/03/2011,MOT,ND,AGL,CE,Federal Contract Tower,11,15,10,0,36,0,5,23,0,28,11,20,33,0,64,4,22,26,90
02/04/2011,MOT,ND,AGL,CE,Federal Contract Tower,13,12,7,5,37,0,4,25,0,29,13,16,32,5,66,18,14,32,98
02/05/2011,MOT,ND,AGL,CE,Federal Contract Tower,12,10,4,0,26,0,4,21,0,25,12,14,25,0,51,22,0,22,73
02/06/2011,MOT,ND,AGL,CE,Federal Contract Tower,12,0,1,1,14,0,4,26,0,30,12,4,27,1,44,40,0,40,84
02/07/2011,MOT,ND,AGL,CE,Federal Contract Tower,14,11,5,0,30,0,2,18,0,20,14,13,23,0,50,8,34,42,92
02/08/2011,MOT,ND,AGL,CE,Federal Contract Tower,13,10,6,0,29,0,5,23,0,28,13,15,29,0,57,12,26,38,95
02/09/2011,MOT,ND,AGL,CE,Federal Contract Tower,13,12,11,1,37,0,1,16,0,17,13,13,27,1,54,38,18,56,110
02/10/2011,MOT,ND,AGL,CE,Federal Contract Tower,11,14,11,0,36,0,0,16,0,16,11,14,27,0,52,54,0,54,106
02/11/2011,MOT,ND,AGL,CE,Federal Contract Tower,13,13,9,0,35,0,6,38,0,44,13,19,47,0,79,38,20,58,137
02/12/2011,MOT,ND,AGL,CE,Federal Contract Tower,12,8,1,0,21,0,4,33,0,37,12,12,34,0,58,46,0,46,104
02/13/2011,MOT,ND,AGL,CE,Federal Contract Tower,12,0,2,0,14,0,4,9,0,13,12,4,11,0,27,0,0,0,27
02/14/2011,MOT,ND,AGL,CE,Federal Contract Tower,13,10,6,2,31,0,0,9,0,9,13,10,15,2,40,102,12,114,154
02/15/2011,MOT,ND,AGL,CE,Federal Contract Tower,12,13,6,0,31,0,0,27,0,27,12,13,33,0,58,36,66,102,160
02/16/2011,MOT,ND,AGL,CE,Federal Contract Tower,12,13,15,0,40,0,3,40,0,43,12,16,55,0,83,146,16,162,245
02/17/2011,MOT,ND,AGL,CE,Federal Contract Tower,12,17,5,0,34,0,2,4,0,6,12,19,9,0,40,0,0,0,40
02/18/2011,MOT,ND,AGL,CE,Federal Contract Tower,14,14,7,0,35,0,14,36,0,50,14,28,43,0,85,82,6,88,173
02/19/2011,MOT,ND,AGL,CE,Federal Contract Tower,12,10,1,2,25,0,6,20,0,26,12,16,21,2,51,44,0,44,95
02/20/2011,MOT,ND,AGL,CE,Federal Contract Tower,8,0,8,0,16,0,4,19,0,23,8,4,27,0,39,36,0,36,75
02/21/2011,MOT,ND,AGL,CE,Federal Contract Tower,12,10,8,2,32,0,2,12,0,14,12,12,20,2,46,16,0,16,62
02/22/2011,MOT,ND,AGL,CE,Federal Contract Tower,12,12,7,0,31,0,7,39,1,47,12,19,46,1,78,22,28,50,128
02/23/2011,MOT,ND,AGL,CE,Federal Contract Tower,12,12,9,0,33,0,6,36,0,42,12,18,45,0,75,42,40,82,157
02/24/2011,MOT,ND,AGL,CE,Federal Contract Tower,15,11,10,8,44,0,5,14,0,19,15,16,24,8,63,24,42,66,129
02/25/2011,MOT,ND,AGL,CE,Federal Contract Tower,15,14,12,0,41,0,4,15,0,19,15,18,27,0,60,4,6,10,70
02/26/2011,MOT,ND,AGL,CE,Federal Contract Tower,12,8,3,0,23,0,4,21,0,25,12,12,24,0,48,44,0,44,92
02/27/2011,MOT,ND,AGL,CE,Federal Contract Tower,11,0,2,0,13,0,2,26,0,28,11,2,28,0,41,80,0,80,121
02/28/2011,MOT,ND,AGL,CE,Federal Contract Tower,13,8,15,0,36,0,4,28,0,32,13,12,43,0,68,36,20,56,124
03/01/2011,MOT,ND,AGL,CE,Federal Contract Tower,11,14,12,0,37,0,6,26,0,32,11,20,38,0,69,6,62,68,137
03/02/2011,MOT,ND,AGL,CE,Federal Contract Tower,12,10,7,0,29,0,7,38,0,45,12,17,45,0,74,56,38,94,168
03/03/2011,MOT,ND,AGL,CE,Federal Contract Tower,13,20,9,0,42,0,4,29,0,33,13,24,38,0,75,44,44,88,163
03/04/2011,MOT,ND,AGL,CE,Federal Contract Tower,13,13,5,1,32,0,11,37,0,48,13,24,42,1,80,100,48,148,228
03/05/2011,MOT,ND,AGL,CE,Federal Contract Tower,11,11,3,0,25,0,4,15,0,19,11,15,18,0,44,8,0,8,52
03/06/2011,MOT,ND,AGL,CE,Federal Contract Tower,14,0,10,0,24,0,4,20,0,24,14,4,30,0,48,52,0,52,100
03/07/2011,MOT,ND,AGL,CE,Federal Contract Tower,13,6,16,0,35,0,8,41,0,49,13,14,57,0,84,68,20,88,172
03/08/2011,MOT,ND,AGL,CE,Federal Contract Tower,13,13,7,0,33,0,2,18,0,20,13,15,25,0,53,16,62,78,131
03/09/2011,MOT,ND,AGL,CE,Federal Contract Tower,12,12,12,1,37,0,4,23,0,27,12,16,35,1,64,178,16,194,258
03/10/2011,MOT,ND,AGL,CE,Federal Contract Tower,12,16,8,0,36,0,8,19,0,27,12,24,27,0,63,42,26,68,131
03/11/2011,MOT,ND,AGL,CE,Federal Contract Tower,3,7,2,0,12,0,0,0,0,0,3,7,2,0,12,0,0,0,12
03/12/2011,MOT,ND,AGL,CE,Federal Contract Tower,9,9,2,0,20,0,3,13,0,16,9,12,15,0,36,34,4,38,74
03/13/2011,MOT,ND,AGL,CE,Federal Contract Tower,15,0,9,0,24,0,7,25,0,32,15,7,34,0,56,78,0,78,134
03/14/2011,MOT,ND,AGL,CE,Federal Contract Tower,14,10,9,1,34,0,3,12,0,15,14,13,21,1,49,16,18,34,83
03/15/2011,MOT,ND,AGL,CE,Federal Contract Tower,13,13,17,0,43,0,6,32,4,42,13,19,49,4,85,88,18,106,191
03/16/2011,MOT,ND,AGL,CE,Federal Contract Tower,11,10,15,4,40,0,9,18,0,27,11,19,33,4,67,108,54,162,229
03/17/2011,MOT,ND,AGL,CE,Federal Contract Tower,12,14,9,0,35,0,4,17,0,21,12,18,26,0,56,10,28,38,94
03/18/2011,MOT,ND,AGL,CE,Federal Contract Tower,12,11,6,0,29,0,2,14,0,16,12,13,20,0,45,34,6,40,85
03/19/2011,MOT,ND,AGL,CE,Federal Contract Tower,12,10,8,0,30,0,4,23,0,27,12,14,31,0,57,62,0,62,119
03/20/2011,MOT,ND,AGL,CE,Federal Contract Tower,14,0,4,0,18,0,4,14,0,18,14,4,18,0,36,30,0,30,66
03/21/2011,MOT,ND,AGL,CE,Federal Contract Tower,13,6,8,0,27,0,0,1,0,1,13,6,9,0,28,0,4,4,32
03/22/2011,MOT,ND,AGL,CE,Federal Contract Tower,7,8,3,0,18,0,4,4,0,8,7,12,7,0,26,0,16,16,42
03/23/2011,MOT,ND,AGL,CE,Federal Contract Tower,10,14,1,0,25,0,4,18,0,22,10,18,19,0,47,22,30,52,99
03/24/2011,MOT,ND,AGL,CE,Federal Contract Tower,13,15,13,0,41,0,4,25,0,29,13,19,38,0,70,64,12,76,146
03/25/2011,MOT,ND,AGL,CE,Federal Contract Tower,14,11,5,0,30,0,4,26,0,30,14,15,31,0,60,60,12,72,132
03/26/2011,MOT,ND,AGL,CE,Federal Contract Tower,11,8,7,0,26,0,6,51,0,57,11,14,58,0,83,104,0,104,187
03/27/2011,MOT,ND,AGL,CE,Federal Contract Tower,16,1,7,0,24,0,4,18,0,22,16,5,25,0,46,86,0,86,132
03/28/2011,MOT,ND,AGL,CE,Federal Contract Tower,13,6,3,2,24,0,0,3,0,3,13,6,6,2,27,12,20,32,59
03/29/2011,MOT,ND,AGL,CE,Federal Contract Tower,12,10,12,0,34,0,2,20,0,22,12,12,32,0,56,71,8,79,135
03/30/2011,MOT,ND,AGL,CE,Federal Contract Tower,10,14,20,0,44,0,2,18,0,20,10,16,38,0,64,16,36,52,116
03/31/2011,MOT,ND,AGL,CE,Federal Contract Tower,13,8,8,0,29,0,6,43,0,49,13,14,51,0,78,94,14,108,186
04/01/2011,MOT,ND,AGL,CE,Federal Contract Tower,13,12,5,0,30,0,6,35,0,41,13,18,40,0,71,46,12,58,129
04/02/2011,MOT,ND,AGL,CE,Federal Contract Tower,12,10,2,2,26,0,6,31,0,37,12,16,33,2,63,96,0,96,159
04/03/2011,MOT,ND,AGL,CE,Federal Contract Tower,13,2,2,2,19,0,4,16,0,20,13,6,18,2,39,12,0,12,51
04/04/2011,MOT,ND,AGL,CE,Federal Contract Tower,13,6,4,4,27,0,0,27,0,27,13,6,31,4,54,76,22,98,152
04/05/2011,MOT,ND,AGL,CE,Federal Contract Tower,15,14,10,0,39,0,1,31,1,33,15,15,41,1,72,125,9,134,206
04/06/2011,MOT,ND,AGL,CE,Federal Contract Tower,12,11,12,0,35,0,10,43,0,53,12,21,55,0,88,80,30,110,198
04/07/2011,MOT,ND,AGL,CE,Federal Contract Tower,14,17,2,0,33,0,5,54,0,59,14,22,56,0,92,122,26,148,240
04/08/2011,MOT,ND,AGL,CE,Federal Contract Tower,13,11,1,0,25,0,2,4,0,6,13,13,5,0,31,2,0,2,33
04/09/2011,MOT,ND,AGL,CE,Federal Contract Tower,8,9,7,0,24,0,2,20,0,22,8,11,27,0,46,48,4,52,98
04/10/2011,MOT,ND,AGL,CE,Federal Contract Tower,16,2,0,0,18,0,2,22,0,24,16,4,22,0,42,51,0,51,93
04/11/2011,MOT,ND,AGL,CE,Federal Contract Tower,13,6,10,0,29,0,4,59,1,64,13,10,69,1,93,120,0,120,213
04/12/2011,MOT,ND,AGL,CE,Federal Contract Tower,12,15,23,0,50,0,8,67,8,83,12,23,90,8,133,136,46,182,315
04/13/2011,MOT,ND,AGL,CE,Federal Contract Tower,11,21,10,0,42,0,8,81,0,89,11,29,91,0,131,126,28,154,285
04/14/2011,MOT,ND,AGL,CE,Federal Contract Tower,15,11,4,0,30,0,9,25,2,36,15,20,29,2,66,28,40,68,134
04/15/2011,MOT,ND,AGL,CE,Federal Contract Tower,14,12,3,1,30,0,2,11,0,13,14,14,14,1,43,16,14,30,73
04/16/2011,MOT,ND,AGL,CE,Federal Contract Tower,7,8,8,0,23,0,0,13,0,13,7,8,21,0,36,48,2,50,86
04/17/2011,MOT,ND,AGL,CE,Federal Contract Tower,12,0,1,0,13,0,0,0,0,0,12,0,1,0,13,0,0,0,13
04/18/2011,MOT,ND,AGL,CE,Federal Contract Tower,14,6,10,0,30,0,4,49,0,53,14,10,59,0,83,178,60,238,321
04/19/2011,MOT,ND,AGL,CE,Federal Contract Tower,4,0,3,0,7,0,3,21,1,25,4,3,24,1,32,40,1,41,73
04/20/2011,MOT,ND,AGL,CE,Federal Contract Tower,4,8,5,1,18,0,4,25,0,29,4,12,30,1,47,24,25,49,96
04/21/2011,MOT,ND,AGL,CE,Federal Contract Tower,14,12,13,0,39,0,8,23,0,31,14,20,36,0,70,24,46,70,140
04/22/2011,MOT,ND,AGL,CE,Federal Contract Tower,14,13,2,0,29,0,0,0,0,0,14,13,2,0,29,0,0,0,29
04/23/2011,MOT,ND,AGL,CE,Federal Contract Tower,7,10,7,0,24,0,0,30,0,30,7,10,37,0,54,76,4,80,134
04/24/2011,MOT,ND,AGL,CE,Federal Contract Tower,12,3,4,1,20,0,2,20,0,22,12,5,24,1,42,32,4,36,78
04/25/2011,MOT,ND,AGL,CE,Federal Contract Tower,14,11,8,0,33,0,1,42,0,43,14,12,50,0,76,34,8,42,118
04/26/2011,MOT,ND,AGL,CE,Federal Contract Tower,10,12,11,1,34,0,3,36,0,39,10,15,47,1,73,78,10,88,161
04/27/2011,MOT,ND,AGL,CE,Federal Contract Tower,11,12,10,0,33,0,0,28,0,28,11,12,38,0,61,72,12,84,145
04/28/2011,MOT,ND,AGL,CE,Federal Contract Tower,13,9,6,0,28,0,0,50,0,50,13,9,56,0,78,89,26,115,193
04/29/2011,MOT,ND,AGL,CE,Federal Contract Tower,12,12,5,0,29,0,0,24,0,24,12,12,29,0,53,48,10,58,111
04/30/2011,MOT,ND,AGL,CE,Federal Contract Tower,4,3,0,0,7,0,0,2,0,2,4,3,2,0,9,0,0,0,9
05/01/2011,MOT,ND,AGL,CE,Federal Contract Tower,16,1,10,0,27,0,8,23,0,31,16,9,33,0,58,6,0,6,64
05/02/2011,MOT,ND,AGL,CE,Federal Contract Tower,14,12,12,2,40,0,2,25,2,29,14,14,37,4,69,32,0,32,101
05/03/2011,MOT,ND,AGL,CE,Federal Contract Tower,16,14,11,1,42,0,4,31,0,35,16,18,42,1,77,32,26,58,135
05/04/2011,MOT,ND,AGL,CE,Federal Contract Tower,13,12,8,0,33,0,0,38,2,40,13,12,46,2,73,40,46,86,159
05/05/2011,MOT,ND,AGL,CE,Federal Contract Tower,15,18,14,0,47,0,4,62,0,66,15,22,76,0,113,98,58,156,269
05/06/2011,MOT,ND,AGL,CE,Federal Contract Tower,13,19,7,2,41,0,7,41,0,48,13,26,48,2,89,63,18,81,170
05/07/2011,MOT,ND,AGL,CE,Federal Contract Tower,11,9,3,0,23,0,4,43,0,47,11,13,46,0,70,70,0,70,140
05/08/2011,MOT,ND,AGL,CE,Federal Contract Tower,15,1,2,0,18,0,0,17,0,17,15,1,19,0,35,16,0,16,51
05/09/2011,MOT,ND,AGL,CE,Federal Contract Tower,13,10,6,3,32,0,0,0,0,0,13,10,6,3,32,6,2,8,40
05/10/2011,MOT,ND,AGL,CE,Federal Contract Tower,14,20,11,0,45,0,0,0,0,0,14,20,11,0,45,4,0,4,49
05/11/2011,MOT,ND,AGL,CE,Federal Contract Tower,10,13,14,10,47,0,3,16,9,28,10,16,30,19,75,0,20,20,95
05/12/2011,MOT,ND,AGL,CE,Federal Contract Tower,12,13,18,1,44,0,5,29,2,36,12,18,47,3,80,44,12,56,136
05/13/2011,MOT,ND,AGL,CE,Federal Contract Tower,15,14,9,0,38,0,5,22,0,27,15,19,31,0,65,4,14,18,83
05/14/2011,MOT,ND,AGL,CE,Federal Contract Tower,8,10,3,0,21,0,4,10,0,14,8,14,13,0,35,0,0,0,35
05/15/2011,MOT,ND,AGL,CE,Federal Contract Tower,14,3,6,0,23,0,8,28,0,36,14,11,34,0,59,44,0,44,103
05/16/2011,MOT,ND,AGL,CE,Federal Contract Tower,14,8,3,1,26,0,1,31,0,32,14,9,34,1,58,48,38,86,144
05/17/2011,MOT,ND,AGL,CE,Federal Contract Tower,12,16,22,3,53,0,0,21,0,21,12,16,43,3,74,0,60,60,134
05/18/2011,MOT,ND,AGL,CE,Federal Contract Tower,13,19,8,1,41,0,1,22,0,23,13,20,30,1,64,26,32,58,122
05/19/2011,MOT,ND,AGL,CE,Federal Contract Tower,17,18,13,0,48,0,3,57,0,60,17,21,70,0,108,114,18,132,240
05/20/2011,MOT,ND,AGL,CE,Federal Contract Tower,12,15,7,1,35,0,0,10,0,10,12,15,17,1,45,50,0,50,95
05/21/2011,MOT,ND,AGL,CE,Federal Contract Tower,3,10,2,0,15,0,0,0,0,0,3,10,2,0,15,0,0,0,15
05/22/2011,MOT,ND,AGL,CE,Federal Contract Tower,15,0,5,1,21,0,1,18,0,19,15,1,23,1,40,48,10,58,98
05/23/2011,MOT,ND,AGL,CE,Federal Contract Tower,15,10,12,2,39,0,1,28,2,31,15,11,40,4,70,82,32,114,184
05/24/2011,MOT,ND,AGL,CE,Federal Contract Tower,15,15,21,0,51,0,2,30,0,32,15,17,51,0,83,18,2,20,103
05/25/2011,MOT,ND,AGL,CE,Federal Contract Tower,12,16,12,2,42,0,3,67,4,74,12,19,79,6,116,104,48,152,268
05/26/2011,MOT,ND,AGL,CE,Federal Contract Tower,20,15,14,3,52,0,3,24,6,33,20,18,38,9,85,14,34,48,133
05/27/2011,MOT,ND,AGL,CE,Federal Contract Tower,12,10,12,3,37,0,1,12,0,13,12,11,24,3,50,6,3,9,59
05/28/2011,MOT,ND,AGL,CE,Federal Contract Tower,8,8,8,0,24,0,2,14,0,16,8,10,22,0,40,38,0,38,78
05/29/2011,MOT,ND,AGL,CE,Federal Contract Tower,16,2,5,0,23,0,0,17,0,17,16,2,22,0,40,142,0,142,182
05/30/2011,MOT,ND,AGL,CE,Federal Contract Tower,13,4,5,0,22,0,0,0,0,0,13,4,5,0,22,0,0,0,22
05/31/2011,MOT,ND,AGL,CE,Federal Contract Tower,13,12,10,4,39,0,3,9,3,15,13,15,19,7,54,0,0,0,54
06/01/2011,MOT,ND,AGL,CE,Federal Contract Tower,13,16,6,3,38,0,0,66,4,70,13,16,72,7,108,155,46,201,309
06/02/2011,MOT,ND,AGL,CE,Federal Contract Tower,18,14,7,3,42,0,3,18,7,28,18,17,25,10,70,10,34,44,114
06/03/2011,MOT,ND,AGL,CE,Federal Contract Tower,15,14,10,0,39,0,5,34,2,41,15,19,44,2,80,36,12,48,128
06/04/2011,MOT,ND,AGL,CE,Federal Contract Tower,8,8,9,0,25,0,2,71,0,73,8,10,80,0,98,20,0,20,118
06/05/2011,MOT,ND,AGL,CE,Federal Contract Tower,17,1,5,0,23,0,6,89,2,97,17,7,94,2,120,108,4,112,232
06/06/2011,MOT,ND,AGL,CE,Federal Contract Tower,17,8,10,5,40,0,2,56,4,62,17,10,66,9,102,134,78,212,314
06/07/2011,MOT,ND,AGL,CE,Federal Contract Tower,18,15,6,2,41,0,0,5,0,5,18,15,11,2,46,4,26,30,76
06/08/2011,MOT,ND,AGL,CE,Federal Contract Tower,12,11,16,1,40,0,3,49,6,58,12,14,65,7,98,66,16,82,180
06/09/2011,MOT,ND,AGL,CE,Federal Contract Tower,21,12,12,3,48,0,3,75,0,78,21,15,87,3,126,228,8,236,362
06/10/2011,MOT,ND,AGL,CE,Federal Contract Tower,17,13,14,0,44,0,1,39,0,40,17,14,53,0,84,95,10,105,189
06/11/2011,MOT,ND,AGL,CE,Federal Contract Tower,12,9,6,0,27,0,5,50,0,55,12,14,56,0,82,82,0,82,164
06/12/2011,MOT,ND,AGL,CE,Federal Contract Tower,18,2,10,0,30,0,4,22,0,26,18,6,32,0,56,0,0,0,56
06/13/2011,MOT,ND,AGL,CE,Federal Contract Tower,19,9,9,0,37,0,3,29,0,32,19,12,38,0,69,12,42,54,123
06/14/2011,MOT,ND,AGL,CE,Federal Contract Tower,18,13,18,0,49,0,0,21,0,21,18,13,39,0,70,2,2,4,74
06/15/2011,MOT,ND,AGL,CE,Federal Contract Tower,16,14,5,0,35,0,5,30,0,35,16,19,35,0,70,24,46,70,140
06/16/2011,MOT,ND,AGL,CE,Federal Contract Tower,21,19,27,0,67,0,7,59,1,67,21,26,86,1,134,26,22,48,182
06/17/2011,MOT,ND,AGL,CE,Federal Contract Tower,17,13,16,2,48,0,3,20,1,24,17,16,36,3,72,24,0,24,96
06/18/2011,MOT,ND,AGL,CE,Federal Contract Tower,15,14,7,0,36,0,4,50,4,58,15,18,57,4,94,76,0,76,170
06/19/2011,MOT,ND,AGL,CE,Federal Contract Tower,22,2,6,0,30,0,4,51,0,55,22,6,57,0,85,54,0,54,139
06/20/2011,MOT,ND,AGL,CE,Federal Contract Tower,18,7,13,3,41,0,4,7,2,13,18,11,20,5,54,20,42,62,116
06/21/2011,MOT,ND,AGL,CE,Federal Contract Tower,16,17,34,1,68,0,3,16,1,20,16,20,50,2,88,84,0,84,172
06/22/2011,MOT,ND,AGL,CE,Federal Contract Tower,16,16,15,4,51,0,0,53,2,55,16,16,68,6,106,167,74,241,347
06/23/2011,MOT,ND,AGL,CE,Federal Contract Tower,20,19,18,2,59,0,4,76,20,100,20,23,94,22,159,132,40,172,331
06/24/2011,MOT,ND,AGL,CE,Federal Contract Tower,18,17,6,4,45,0,6,87,31,124,18,23,93,35,169,102,146,248,417
06/25/2011,MOT,ND,AGL,CE,Federal Contract Tower,12,10,4,0,26,0,0,62,9,71,12,10,66,9,97,116,82,198,295
06/26/2011,MOT,ND,AGL,CE,Federal Contract Tower,14,0,3,1,18,0,0,50,15,65,14,0,53,16,83,64,164,228,311
06/27/2011,MOT,ND,AGL,CE,Federal Contract Tower,17,7,16,0,40,0,2,46,5,53,17,9,62,5,93,58,110,168,261
06/28/2011,MOT,ND,AGL,CE,Federal Contract Tower,22,12,15,2,51,0,5,55,11,71,22,17,70,13,122,58,72,130,252
06/29/2011,MOT,ND,AGL,CE,Federal Contract Tower,17,11,7,3,38,0,1,48,11,60,17,12,55,14,98,92,140,232,330
06/30/2011,MOT,ND,AGL,CE,Federal Contract Tower,20,18,15,0,53,0,2,78,18,98,20,20,93,18,151,130,86,216,367
07/01/2011,MOT,ND,AGL,CE,Federal Contract Tower,12,15,10,2,39,0,1,58,9,68,12,16,68,11,107,135,8,143,250
07/02/2011,MOT,ND,AGL,CE,Federal Contract Tower,9,11,2,0,22,0,1,67,4,72,9,12,69,4,94,46,4,50,144
07/03/2011,MOT,ND,AGL,CE,Federal Contract Tower,16,0,2,0,18,0,4,56,11,71,16,4,58,11,89,62,64,126,215
07/04/2011,MOT,ND,AGL,CE,Federal Contract Tower,17,4,2,0,23,0,1,26,3,30,17,5,28,3,53,56,12,68,121
07/05/2011,MOT,ND,AGL,CE,Federal Contract Tower,17,12,5,1,35,0,8,74,6,88,17,20,79,7,123,84,28,112,235
07/06/2011,MOT,ND,AGL,CE,Federal Contract Tower,15,12,11,1,39,0,5,63,7,75,15,17,74,8,114,38,62,100,214
07/07/2011,MOT,ND,AGL,CE,Federal Contract Tower,21,18,17,1,57,0,6,41,5,52,21,24,58,6,109,96,22,118,227
07/08/2011,MOT,ND,AGL,CE,Federal Contract Tower,15,18,14,3,50,0,1,20,4,25,15,19,34,7,75,20,102,122,197
07/09/2011,MOT,ND,AGL,CE,Federal Contract Tower,13,9,5,0,27,0,2,33,0,35,13,11,38,0,62,8,0,8,70
07/10/2011,MOT,ND,AGL,CE,Federal Contract Tower,18,3,15,0,36,0,4,58,0,62,18,7,73,0,98,80,0,80,178
07/11/2011,MOT,ND,AGL,CE,Federal Contract Tower,17,9,14,3,43,0,8,71,0,79,17,17,85,3,122,62,18,80,202
07/12/2011,MOT,ND,AGL,CE,Federal Contract Tower,17,14,17,1,49,0,4,65,0,69,17,18,82,1,118,82,10,92,210
07/13/2011,MOT,ND,AGL,CE,Federal Contract Tower,19,19,14,2,54,0,1,24,10,35,19,20,38,12,89,92,54,146,235
07/14/2011,MOT,ND,AGL,CE,Federal Contract Tower,22,19,14,0,55,0,0,43,0,43,22,19,57,0,98,14,12,26,124
07/15/2011,MOT,ND,AGL,CE,Federal Contract Tower,10,12,7,1,30,0,4,60,0,64,10,16,67,1,94,32,6,38,132
07/16/2011,MOT,ND,AGL,CE,Federal Contract Tower,10,6,2,2,20,0,0,48,0,48,10,6,50,2,68,42,0,42,110
07/17/2011,MOT,ND,AGL,CE,Federal Contract Tower,17,1,10,0,28,0,2,68,0,70,17,3,78,0,98,26,0,26,124
07/18/2011,MOT,ND,AGL,CE,Federal Contract Tower,16,16,10,4,46,0,0,54,2,56,16,16,64,6,102,50,66,116,218
07/19/2011,MOT,ND,AGL,CE,Federal Contract Tower,18,13,19,0,50,0,2,17,0,19,18,15,36,0,69,98,80,178,247
07/20/2011,MOT,ND,AGL,CE,Federal Contract Tower,14,20,18,0,52,0,3,49,6,58,14,23,67,6,110,18,0,18,128
07/21/2011,MOT,ND,AGL,CE,Federal Contract Tower,21,13,5,1,40,0,2,73,0,75,21,15,78,1,115,114,54,168,283
07/22/2011,MOT,ND,AGL,CE,Federal Contract Tower,15,14,5,0,34,0,3,63,0,66,15,17,68,0,100,36,6,42,142
07/23/2011,MOT,ND,AGL,CE,Federal Contract Tower,13,12,3,0,28,0,1,23,0,24,13,13,26,0,52,4,0,4,56
07/24/2011,MOT,ND,AGL,CE,Federal Contract Tower,18,0,15,0,33,0,4,53,4,61,18,4,68,4,94,70,14,84,178
07/25/2011,MOT,ND,AGL,CE,Federal Contract Tower,18,11,13,1,43,0,0,64,0,64,18,11,77,1,107,70,36,106,213
07/26/2011,MOT,ND,AGL,CE,Federal Contract Tower,17,14,11,1,43,0,1,25,0,26,17,15,36,1,69,12,26,38,107
07/27/2011,MOT,ND,AGL,CE,Federal Contract Tower,14,13,13,2,42,0,4,52,0,56,14,17,65,2,98,174,30,204,302
07/28/2011,MOT,ND,AGL,CE,Federal Contract Tower,21,19,20,0,60,0,5,50,4,59,21,24,70,4,119,104,4,108,227
07/29/2011,MOT,ND,AGL,CE,Federal Contract Tower,13,19,4,0,36,0,5,42,4,51,13,24,46,4,87,32,0,32,119
07/30/2011,MOT,ND,AGL,CE,Federal Contract Tower,10,10,13,0,33,0,4,50,0,54,10,14,63,0,87,34,0,34,121
07/31/2011,MOT,ND,AGL,CE,Federal Contract Tower,16,0,7,0,23,0,2,44,0,46,16,2,51,0,69,34,0,34,103
08/01/2011,MOT,ND,AGL,CE,Federal Contract Tower,16,8,12,0,36,0,4,38,1,43,16,12,50,1,79,52,8,60,139
08/02/2011,MOT,ND,AGL,CE,Federal Contract Tower,17,13,24,0,54,0,1,37,0,38,17,14,61,0,92,67,2,69,161
08/03/2011,MOT,ND,AGL,CE,Federal Contract Tower,14,10,15,2,41,0,0,40,0,40,14,10,55,2,81,4,64,68,149
08/04/2011,MOT,ND,AGL,CE,Federal Contract Tower,21,14,12,0,47,0,1,48,0,49,21,15,60,0,96,68,58,126,222
08/05/2011,MOT,ND,AGL,CE,Federal Contract Tower,15,12,4,0,31,0,3,38,0,41,15,15,42,0,72,32,8,40,112
08/06/2011,MOT,ND,AGL,CE,Federal Contract Tower,13,11,7,0,31,0,1,21,0,22,13,12,28,0,53,70,40,110,163
08/07/2011,MOT,ND,AGL,CE,Federal Contract Tower,17,1,10,0,28,0,2,20,0,22,17,3,30,0,50,32,0,32,82
08/08/2011,MOT,ND,AGL,CE,Federal Contract Tower,17,7,10,3,37,0,2,19,0,21,17,9,29,3,58,4,50,54,112
08/09/2011,MOT,ND,AGL,CE,Federal Contract Tower,17,15,24,0,56,0,6,50,0,56,17,21,74,0,112,29,2,31,143
08/10/2011,MOT,ND,AGL,CE,Federal Contract Tower,16,11,19,0,46,0,4,66,0,70,16,15,85,0,116,66,0,66,182
08/11/2011,MOT,ND,AGL,CE,Federal Contract Tower,22,17,23,1,63,0,3,69,0,72,22,20,92,1,135,186,34,220,355
08/12/2011,MOT,ND,AGL,CE,Federal Contract Tower,16,14,11,0,41,0,4,20,0,24,16,18,31,0,65,150,0,150,215
08/13/2011,MOT,ND,AGL,CE,Federal Contract Tower,12,10,6,0,28,0,2,43,0,45,12,12,49,0,73,24,2,26,99
08/14/2011,MOT,ND,AGL,CE,Federal Contract Tower,17,4,3,0,24,0,3,30,0,33,17,7,33,0,57,26,0,26,83
08/15/2011,MOT,ND,AGL,CE,Federal Contract Tower,18,11,20,0,49,0,2,36,0,38,18,13,56,0,87,62,42,104,191
08/16/2011,MOT,ND,AGL,CE,Federal Contract Tower,18,20,18,4,60,0,12,28,2,42,18,32,46,6,102,16,2,18,120
08/17/2011,MOT,ND,AGL,CE,Federal Contract Tower,15,16,17,2,50,0,4,85,0,89,15,20,102,2,139,182,74,256,395
08/18/2011,MOT,ND,AGL,CE,Federal Contract Tower,23,12,27,0,62,0,6,61,0,67,23,18,88,0,129,74,22,96,225
08/19/2011,MOT,ND,AGL,CE,Federal Contract Tower,15,13,12,4,44,0,7,35,0,42,15,20,47,4,86,10,18,28,114
08/20/2011,MOT,ND,AGL,CE,Federal Contract Tower,9,8,10,0,27,0,2,33,0,35,9,10,43,0,62,50,4,54,116
08/21/2011,MOT,ND,AGL,CE,Federal Contract Tower,17,0,3,2,22,0,0,70,0,70,17,0,73,2,92,65,0,65,157
08/22/2011,MOT,ND,AGL,CE,Federal Contract Tower,18,14,9,2,43,0,7,63,0,70,18,21,72,2,113,58,12,70,183
08/23/2011,MOT,ND,AGL,CE,Federal Contract Tower,18,11,13,2,44,0,5,45,0,50,18,16,58,2,94,2,46,48,142
08/24/2011,MOT,ND,AGL,CE,Federal Contract Tower,16,13,17,1,47,0,7,31,0,38,16,20,48,1,85,26,34,60,145
08/25/2011,MOT,ND,AGL,CE,Federal Contract Tower,20,16,18,0,54,0,5,18,0,23,20,21,36,0,77,18,4,22,99
08/26/2011,MOT,ND,AGL,CE,Federal Contract Tower,14,15,21,4,54,0,3,36,0,39,14,18,57,4,93,22,0,22,115
08/27/2011,MOT,ND,AGL,CE,Federal Contract Tower,10,8,2,0,20,0,8,21,0,29,10,16,23,0,49,0,0,0,49
08/28/2011,MOT,ND,AGL,CE,Federal Contract Tower,18,2,5,0,25,0,6,52,0,58,18,8,57,0,83,66,0,66,149
08/29/2011,MOT,ND,AGL,CE,Federal Contract Tower,18,16,21,1,56,0,8,48,0,56,18,24,69,1,112,42,26,68,180
08/30/2011,MOT,ND,AGL,CE,Federal Contract Tower,19,17,20,1,57,0,1,17,0,18,19,18,37,1,75,0,32,32,107
08/31/2011,MOT,ND,AGL,CE,Federal Contract Tower,15,15,23,0,53,0,5,24,0,29,15,20,47,0,82,46,0,46,128
09/01/2011,MOT,ND,AGL,CE,Federal Contract Tower,24,21,11,1,57,0,2,21,0,23,24,23,32,1,80,10,10,20,100
09/02/2011,MOT,ND,AGL,CE,Federal Contract Tower,15,12,13,0,40,0,4,35,0,39,15,16,48,0,79,33,2,35,114
09/03/2011,MOT,ND,AGL,CE,Federal Contract Tower,8,8,8,0,24,0,2,15,0,17,8,10,23,0,41,26,0,26,67
09/04/2011,MOT,ND,AGL,CE,Federal Contract Tower,13,0,5,0,18,0,4,45,0,49,13,4,50,0,67,36,0,36,103
09/05/2011,MOT,ND,AGL,CE,Federal Contract Tower,17,2,4,0,23,0,1,25,0,26,17,3,29,0,49,48,0,48,97
09/06/2011,MOT,ND,AGL,CE,Federal Contract Tower,17,13,7,2,39,0,1,31,0,32,17,14,38,2,71,128,12,140,211
09/07/2011,MOT,ND,AGL,CE,Federal Contract Tower,13,9,16,0,38,0,1,44,0,45,13,10,60,0,83,54,6,60,143
09/08/2011,MOT,ND,AGL,CE,Federal Contract Tower,18,22,9,0,49,0,7,42,0,49,18,29,51,0,98,72,0,72,170
09/09/2011,MOT,ND,AGL,CE,Federal Contract Tower,16,13,13,3,45,0,3,51,0,54,16,16,64,3,99,30,14,44,143
09/10/2011,MOT,ND,AGL,CE,Federal Contract Tower,9,12,13,0,34,0,2,57,2,61,9,14,70,2,95,52,0,52,147
09/11/2011,MOT,ND,AGL,CE,Federal Contract Tower,16,0,10,0,26,0,5,55,0,60,16,5,65,0,86,58,0,58,144
09/12/2011,MOT,ND,AGL,CE,Federal Contract Tower,16,15,19,2,52,0,3,11,10,24,16,18,30,12,76,0,6,6,82
09/13/2011,MOT,ND,AGL,CE,Federal Contract Tower,13,11,12,0,36,0,6,21,2,29,13,17,33,2,65,32,26,58,123
09/14/2011,MOT,ND,AGL,CE,Federal Contract Tower,13,16,23,2,54,0,2,29,0,31,13,18,52,2,85,92,8,100,185
09/15/2011,MOT,ND,AGL,CE,Federal Contract Tower,20,12,15,0,47,0,10,32,0,42,20,22,47,0,89,30,4,34,123
09/16/2011,MOT,ND,AGL,CE,Federal Contract Tower,12,12,22,0,46,0,6,25,0,31,12,18,47,0,77,0,0,0,77
09/17/2011,MOT,ND,AGL,CE,Federal Contract Tower,9,10,2,0,21,0,2,6,0,8,9,12,8,0,29,0,0,0,29
09/18/2011,MOT,ND,AGL,CE,Federal Contract Tower,17,0,4,0,21,0,2,36,0,38,17,2,40,0,59,30,0,30,89
09/19/2011,MOT,ND,AGL,CE,Federal Contract Tower,17,9,16,2,44,0,4,29,0,33,17,13,45,2,77,12,28,40,117
09/20/2011,MOT,ND,AGL,CE,Federal Contract Tower,13,15,9,1,38,0,0,5,2,7,13,15,14,3,45,0,12,12,57
09/21/2011,MOT,ND,AGL,CE,Federal Contract Tower,14,14,31,0,59,0,3,41,0,44,14,17,72,0,103,6,8,14,117
09/22/2011,MOT,ND,AGL,CE,Federal Contract Tower,19,12,5,0,36,0,1,35,0,36,19,13,40,0,72,52,44,96,168
09/23/2011,MOT,ND,AGL,CE,Federal Contract Tower,12,15,5,2,34,0,5,50,0,55,12,20,55,2,89,80,4,84,173
09/24/2011,MOT,ND,AGL,CE,Federal Contract Tower,9,10,5,0,24,0,4,41,0,45,9,14,46,0,69,86,2,88,157
09/25/2011,MOT,ND,AGL,CE,Federal Contract Tower,16,0,5,2,23,0,2,29,0,31,16,2,34,2,54,32,0,32,86
09/26/2011,MOT,ND,AGL,CE,Federal Contract Tower,14,12,21,2,49,0,1,28,0,29,14,13,49,2,78,32,36,68,146
09/27/2011,MOT,ND,AGL,CE,Federal Contract Tower,16,14,15,1,46,0,3,53,0,56,16,17,68,1,102,72,6,78,180
09/28/2011,MOT,ND,AGL,CE,Federal Contract Tower,13,13,19,2,47,0,1,25,0,26,13,14,44,2,73,4,20,24,97
09/29/2011,MOT,ND,AGL,CE,Federal Contract Tower,20,15,19,0,54,0,2,31,0,33,20,17,50,0,87,20,0,20,107
09/30/2011,MOT,ND,AGL,CE,Federal Contract Tower,14,11,21,0,46,0,4,45,1,50,14,15,66,1,96,30,0,30,126
10/01/2011,MOT,ND,AGL,CE,Federal Contract Tower,9,11,11,0,31,0,2,33,0,35,9,13,44,0,66,48,0,48,114
10/02/2011,MOT,ND,AGL,CE,Federal Contract Tower,16,2,7,0,25,0,3,29,0,32,16,5,36,0,57,40,0,40,97
10/03/2011,MOT,ND,AGL,CE,Federal Contract Tower,15,11,10,0,36,0,7,43,0,50,15,18,53,0,86,44,66,110,196
10/04/2011,MOT,ND,AGL,CE,Federal Contract Tower,15,18,14,0,47,0,3,49,0,52,15,21,63,0,99,16,6,22,121
10/05/2011,MOT,ND,AGL,CE,Federal Contract Tower,15,16,28,2,61,0,3,14,0,17,15,19,42,2,78,2,40,42,120
10/06/2011,MOT,ND,AGL,CE,Federal Contract Tower,20,17,18,1,56,0,5,13,0,18,20,22,31,1,74,0,50,50,124
10/07/2011,MOT,ND,AGL,CE,Federal Contract Tower,15,14,9,0,38,0,2,15,0,17,15,16,24,0,55,0,2,2,57
10/08/2011,MOT,ND,AGL,CE,Federal Contract Tower,9,9,6,0,24,0,0,24,0,24,9,9,30,0,48,30,0,30,78
10/09/2011,MOT,ND,AGL,CE,Federal Contract Tower,17,4,9,0,30,0,6,56,0,62,17,10,65,0,92,40,0,40,132
10/10/2011,MOT,ND,AGL,CE,Federal Contract Tower,15,12,12,0,39,0,3,8,0,11,15,15,20,0,50,6,0,6,56
10/11/2011,MOT,ND,AGL,CE,Federal Contract Tower,16,14,11,0,41,0,1,39,2,42,16,15,50,2,83,8,16,24,107
10/12/2011,MOT,ND,AGL,CE,Federal Contract Tower,18,16,12,2,48,0,1,35,3,39,18,17,47,5,87,72,32,104,191
10/13/2011,MOT,ND,AGL,CE,Federal Contract Tower,19,18,19,2,58,0,1,15,0,16,19,19,34,2,74,28,4,32,106
10/14/2011,MOT,ND,AGL,CE,Federal Contract Tower,13,16,11,0,40,0,0,9,0,9,13,16,20,0,49,16,0,16,65
10/15/2011,MOT,ND,AGL,CE,Federal Contract Tower,9,7,6,0,22,0,1,32,0,33,9,8,38,0,55,72,0,72,127
10/16/2011,MOT,ND,AGL,CE,Federal Contract Tower,17,1,14,0,32,0,2,23,0,25,17,3,37,0,57,0,4,4,61
10/17/2011,MOT,ND,AGL,CE,Federal Contract Tower,15,11,7,0,33,0,1,12,0,13,15,12,19,0,46,6,0,6,52
10/18/2011,MOT,ND,AGL,CE,Federal Contract Tower,15,13,26,4,58,0,7,54,7,68,15,20,80,11,126,4,100,104,230
10/19/2011,MOT,ND,AGL,CE,Federal Contract Tower,14,18,16,1,49,0,2,32,0,34,14,20,48,1,83,28,2,30,113
10/20/2011,MOT,ND,AGL,CE,Federal Contract Tower,19,10,12,0,41,0,3,10,2,15,19,13,22,2,56,34,6,40,96
10/21/2011,MOT,ND,AGL,CE,Federal Contract Tower,16,12,15,2,45,0,1,30,0,31,16,13,45,2,76,52,8,60,136
10/22/2011,MOT,ND,AGL,CE,Federal Contract Tower,9,8,5,2,24,0,0,17,0,17,9,8,22,2,41,18,0,18,59
10/23/2011,MOT,ND,AGL,CE,Federal Contract Tower,16,4,9,0,29,0,0,26,0,26,16,4,35,0,55,0,4,4,59
10/24/2011,MOT,ND,AGL,CE,Federal Contract Tower,18,9,14,0,41,0,2,17,0,19,18,11,31,0,60,62,8,70,130
10/25/2011,MOT,ND,AGL,CE,Federal Contract Tower,13,19,10,0,42,0,0,3,0,3,13,19,13,0,45,2,2,4,49
10/26/2011,MOT,ND,AGL,CE,Federal Contract Tower,12,15,28,1,56,0,4,34,0,38,12,19,62,1,94,46,44,90,184
10/27/2011,MOT,ND,AGL,CE,Federal Contract Tower,20,18,15,0,53,0,7,36,0,43,20,25,51,0,96,28,26,54,150
10/28/2011,MOT,ND,AGL,CE,Federal Contract Tower,14,19,14,4,51,0,3,43,0,46,14,22,57,4,97,34,32,66,163
10/29/2011,MOT,ND,AGL,CE,Federal Contract Tower,10,9,7,0,26,0,1,12,0,13,10,10,19,0,39,38,0,38,77
10/30/2011,MOT,ND,AGL,CE,Federal Contract Tower,17,3,7,0,27,0,6,34,0,40,17,9,41,0,67,62,0,62,129
10/31/2011,MOT,ND,AGL,CE,Federal Contract Tower,13,6,3,6,28,0,7,29,0,36,13,13,32,6,64,0,10,10,74
11/01/2011,MOT,ND,AGL,CE,Federal Contract Tower,15,13,23,1,52,0,4,26,0,30,15,17,49,1,82,30,22,52,134
11/02/2011,MOT,ND,AGL,CE,Federal Contract Tower,13,14,15,8,50,0,1,32,0,33,13,15,47,8,83,80,48,128,211
11/03/2011,MOT,ND,AGL,CE,Federal Contract Tower,20,14,21,9,64,0,5,34,2,41,20,19,55,11,105,30,56,86,191
11/04/2011,MOT,ND,AGL,CE,Federal Contract Tower,17,11,7,1,36,0,14,27,0,41,17,25,34,1,77,22,44,66,143
11/05/2011,MOT,ND,AGL,CE,Federal Contract Tower,12,8,0,0,20,0,7,23,0,30,12,15,23,0,50,30,0,30,80
11/06/2011,MOT,ND,AGL,CE,Federal Contract Tower,14,0,0,0,14,0,3,4,0,7,14,3,4,0,21,0,0,0,21
11/07/2011,MOT,ND,AGL,CE,Federal Contract Tower,14,9,23,4,50,0,3,29,0,32,14,12,52,4,82,34,26,60,142
11/08/2011,MOT,ND,AGL,CE,Federal Contract Tower,13,18,14,0,45,0,1,35,0,36,13,19,49,0,81,56,10,66,147
11/09/2011,MOT,ND,AGL,CE,Federal Contract Tower,13,14,18,3,48,0,2,32,0,34,13,16,50,3,82,0,6,6,88
11/10/2011,MOT,ND,AGL,CE,Federal Contract Tower,20,11,11,0,42,0,1,20,2,23,20,12,31,2,65,0,6,6,71
11/11/2011,MOT,ND,AGL,CE,Federal Contract Tower,13,13,14,0,40,0,4,34,0,38,13,17,48,0,78,52,0,52,130
11/12/2011,MOT,ND,AGL,CE,Federal Contract Tower,11,8,4,0,23,0,2,19,0,21,11,10,23,0,44,34,0,34,78
11/13/2011,MOT,ND,AGL,CE,Federal Contract Tower,16,0,2,0,18,0,5,31,0,36,16,5,33,0,54,42,0,42,96
11/14/2011,MOT,ND,AGL,CE,Federal Contract Tower,15,7,21,0,43,0,5,16,0,21,15,12,37,0,64,0,8,8,72
11/15/2011,MOT,ND,AGL,CE,Federal Contract Tower,13,11,18,0,42,0,0,10,0,10,13,11,28,0,52,0,2,2,54
11/16/2011,MOT,ND,AGL,CE,Federal Contract Tower,11,9,17,0,37,0,0,9,0,9,11,9,26,0,46,0,14,14,60
11/17/2011,MOT,ND,AGL,CE,Federal Contract Tower,23,9,24,7,63,0,0,6,0,6,23,9,30,7,69,22,22,44,113
11/18/2011,MOT,ND,AGL,CE,Federal Contract Tower,18,11,8,0,37,0,8,16,0,24,18,19,24,0,61,40,14,54,115
11/19/2011,MOT,ND,AGL,CE,Federal Contract Tower,10,11,4,0,25,0,0,4,0,4,10,11,8,0,29,18,0,18,47
11/20/2011,MOT,ND,AGL,CE,Federal Contract Tower,16,0,5,0,21,0,0,5,0,5,16,0,10,0,26,6,0,6,32
11/21/2011,MOT,ND,AGL,CE,Federal Contract Tower,17,12,23,3,55,0,3,26,0,29,17,15,49,3,84,38,48,86,170
11/22/2011,MOT,ND,AGL,CE,Federal Contract Tower,13,14,18,0,45,0,4,12,0,16,13,18,30,0,61,58,0,58,119
11/23/2011,MOT,ND,AGL,CE,Federal Contract Tower,14,11,15,0,40,0,2,12,0,14,14,13,27,0,54,18,4,22,76
11/24/2011,MOT,ND,AGL,CE,Federal Contract Tower,10,0,3,0,13,0,0,8,0,8,10,0,11,0,21,0,0,0,21
11/25/2011,MOT,ND,AGL,CE,Federal Contract Tower,9,10,2,0,21,0,0,2,0,2,9,10,4,0,23,0,0,0,23
11/26/2011,MOT,ND,AGL,CE,Federal Contract Tower,12,9,3,2,26,0,3,7,0,10,12,12,10,2,36,22,0,22,58
11/27/2011,MOT,ND,AGL,CE,Federal Contract Tower,17,2,1,0,20,0,4,29,0,33,17,6,30,0,53,22,0,22,75
11/28/2011,MOT,ND,AGL,CE,Federal Contract Tower,15,5,14,6,40,0,2,12,0,14,15,7,26,6,54,4,4,8,62
11/29/2011,MOT,ND,AGL,CE,Federal Contract Tower,14,13,13,2,42,0,1,18,0,19,14,14,31,2,61,72,2,74,135
11/30/2011,MOT,ND,AGL,CE,Federal Contract Tower,13,11,9,0,33,0,0,0,0,0,13,11,9,0,33,0,0,0,33
12/01/2011,MOT,ND,AGL,CE,Federal Contract Tower,17,9,10,0,36,0,2,9,0,11,17,11,19,0,47,34,4,38,85
12/02/2011,MOT,ND,AGL,CE,Federal Contract Tower,13,13,8,5,39,0,2,21,0,23,13,15,29,5,62,20,58,78,140
12/03/2011,MOT,ND,AGL,CE,Federal Contract Tower,10,11,1,0,22,0,1,12,0,13,10,12,13,0,35,28,0,28,63
12/04/2011,MOT,ND,AGL,CE,Federal Contract Tower,15,2,7,0,24,0,0,0,0,0,15,2,7,0,24,0,0,0,24
12/05/2011,MOT,ND,AGL,CE,Federal Contract Tower,14,12,19,0,45,0,0,17,0,17,14,12,36,0,62,12,8,20,82
12/06/2011,MOT,ND,AGL,CE,Federal Contract Tower,15,10,17,0,42,0,2,13,0,15,15,12,30,0,57,4,14,18,75
12/07/2011,MOT,ND,AGL,CE,Federal Contract Tower,13,14,14,0,41,0,5,18,0,23,13,19,32,0,64,22,8,30,94
12/08/2011,MOT,ND,AGL,CE,Federal Contract Tower,19,16,13,0,48,0,4,21,0,25,19,20,34,0,73,0,2,2,75
12/09/2011,MOT,ND,AGL,CE,Federal Contract Tower,14,8,15,0,37,0,11,31,0,42,14,19,46,0,79,42,4,46,125
12/10/2011,MOT,ND,AGL,CE,Federal Contract Tower,10,9,9,0,28,0,0,22,0,22,10,9,31,0,50,14,0,14,64
12/11/2011,MOT,ND,AGL,CE,Federal Contract Tower,16,0,7,0,23,0,1,21,0,22,16,1,28,0,45,2,0,2,47
12/12/2011,MOT,ND,AGL,CE,Federal Contract Tower,16,9,4,1,30,0,0,0,0,0,16,9,4,1,30,0,0,0,30
12/13/2011,MOT,ND,AGL,CE,Federal Contract Tower,15,13,24,3,55,0,0,0,0,0,15,13,24,3,55,0,24,24,79
12/14/2011,MOT,ND,AGL,CE,Federal Contract Tower,14,9,23,3,49,0,2,4,2,8,14,11,27,5,57,8,54,62,119
12/15/2011,MOT,ND,AGL,CE,Federal Contract Tower,23,15,17,0,55,0,7,23,0,30,23,22,40,0,85,50,22,72,157
12/16/2011,MOT,ND,AGL,CE,Federal Contract Tower,16,16,17,0,49,0,4,1,0,5,16,20,18,0,54,8,0,8,62
12/17/2011,MOT,ND,AGL,CE,Federal Contract Tower,18,8,14,0,40,0,5,27,0,32,18,13,41,0,72,128,0,128,200
12/18/2011,MOT,ND,AGL,CE,Federal Contract Tower,18,2,5,0,25,0,2,23,0,25,18,4,28,0,50,0,0,0,50
12/19/2011,MOT,ND,AGL,CE,Federal Contract Tower,16,7,12,2,37,0,1,27,0,28,16,8,39,2,65,34,34,68,133
12/20/2011,MOT,ND,AGL,CE,Federal Contract Tower,15,13,11,3,42,0,9,31,0,40,15,22,42,3,82,104,58,162,244
12/21/2011,MOT,ND,AGL,CE,Federal Contract Tower,15,14,7,4,40,0,10,45,0,55,15,24,52,4,95,90,0,90,185
12/22/2011,MOT,ND,AGL,CE,Federal Contract Tower,19,13,18,0,50,0,5,25,1,31,19,18,43,1,81,70,0,70,151
12/23/2011,MOT,ND,AGL,CE,Federal Contract Tower,18,14,3,3,38,0,2,30,0,32,18,16,33,3,70,68,4,72,142
12/24/2011,MOT,ND,AGL,CE,Federal Contract Tower,14,7,0,0,21,0,0,4,0,4,14,7,4,0,25,10,0,10,35
12/25/2011,MOT,ND,AGL,CE,Federal Contract Tower,11,2,1,0,14,0,4,20,0,24,11,6,21,0,38,46,0,46,84
12/26/2011,MOT,ND,AGL,CE,Federal Contract Tower,14,1,12,0,27,0,1,8,0,9,14,2,20,0,36,0,0,0,36
12/27/2011,MOT,ND,AGL,CE,Federal Contract Tower,18,6,9,0,33,0,3,17,0,20,18,9,26,0,53,56,12,68,121
12/28/2011,MOT,ND,AGL,CE,Federal Contract Tower,14,10,10,1,35,0,1,1,2,4,14,11,11,3,39,62,6,68,107
12/29/2011,MOT,ND,AGL,CE,Federal Contract Tower,24,17,4,0,45,0,0,2,0,2,24,17,6,0,47,0,18,18,65
12/30/2011,MOT,ND,AGL,CE,Federal Contract Tower,17,11,9,0,37,0,0,0,0,0,17,11,9,0,37,8,0,8,45
12/31/2011,MOT,ND,AGL,CE,Federal Contract Tower,11,8,0,0,19,0,2,11,0,13,11,10,11,0,32,20,0,20,52
01/01/2012,MOT,ND,AGL,CE,Federal Contract Tower,18,0,6,0,24,0,0,2,0,2,18,0,8,0,26,0,0,0,26
01/02/2012,MOT,ND,AGL,CE,Federal Contract Tower,21,3,5,0,29,0,2,21,0,23,21,5,26,0,52,38,0,38,90
01/03/2012,MOT,ND,AGL,CE,Federal Contract Tower,18,15,11,0,44,0,5,14,6,25,18,20,25,6,69,4,48,52,121
01/04/2012,MOT,ND,AGL,CE,Federal Contract Tower,13,8,10,0,31,0,0,30,6,36,13,8,40,6,67,56,90,146,213
01/05/2012,MOT,ND,AGL,CE,Federal Contract Tower,20,15,7,1,43,0,1,8,1,10,20,16,15,2,53,16,2,18,71
01/06/2012,MOT,ND,AGL,CE,Federal Contract Tower,16,10,10,0,36,0,0,11,1,12,16,10,21,1,48,4,2,6,54
01/07/2012,MOT,ND,AGL,CE,Federal Contract Tower,14,10,4,0,28,0,4,32,0,36,14,14,36,0,64,50,0,50,114
01/08/2012,MOT,ND,AGL,CE,Federal Contract Tower,20,1,5,0,26,0,4,41,0,45,20,5,46,0,71,98,0,98,169
01/09/2012,MOT,ND,AGL,CE,Federal Contract Tower,22,9,17,2,50,0,3,18,4,25,22,12,35,6,75,72,6,78,153
01/10/2012,MOT,ND,AGL,CE,Federal Contract Tower,16,9,10,0,35,0,0,13,0,13,16,9,23,0,48,8,58,66,114
01/11/2012,MOT,ND,AGL,CE,Federal Contract Tower,14,8,20,0,42,0,0,0,0,0,14,8,20,0,42,0,2,2,44
01/12/2012,MOT,ND,AGL,CE,Federal Contract Tower,21,10,8,0,39,0,7,15,0,22,21,17,23,0,61,22,4,26,87
01/13/2012,MOT,ND,AGL,CE,Federal Contract Tower,15,13,20,1,49,0,2,23,0,25,15,15,43,1,74,10,20,30,104
01/14/2012,MOT,ND,AGL,CE,Federal Contract Tower,15,9,6,0,30,0,8,40,0,48,15,17,46,0,78,62,0,62,140
01/15/2012,MOT,ND,AGL,CE,Federal Contract Tower,22,2,6,0,30,0,1,8,0,9,22,3,14,0,39,10,0,10,49
01/16/2012,MOT,ND,AGL,CE,Federal Contract Tower,21,9,4,0,34,0,8,18,0,26,21,17,22,0,60,4,0,4,64
01/17/2012,MOT,ND,AGL,CE,Federal Contract Tower,17,10,22,1,50,0,0,13,0,13,17,10,35,1,63,30,8,38,101
01/18/2012,MOT,ND,AGL,CE,Federal Contract Tower,17,14,11,0,42,0,0,1,0,1,17,14,12,0,43,0,0,0,43
01/19/2012,MOT,ND,AGL,CE,Federal Contract Tower,21,17,15,4,57,0,3,12,4,19,21,20,27,8,76,0,40,40,116
01/20/2012,MOT,ND,AGL,CE,Federal Contract Tower,19,13,14,0,46,0,5,25,0,30,19,18,39,0,76,40,6,46,122
01/21/2012,MOT,ND,AGL,CE,Federal Contract Tower,15,9,2,0,26,0,4,9,0,13,15,13,11,0,39,14,0,14,53
01/22/2012,MOT,ND,AGL,CE,Federal Contract Tower,21,0,2,0,23,0,2,10,0,12,21,2,12,0,35,0,0,0,35
01/23/2012,MOT,ND,AGL,CE,Federal Contract Tower,23,8,9,0,40,0,4,24,0,28,23,12,33,0,68,20,10,30,98
01/24/2012,MOT,ND,AGL,CE,Federal Contract Tower,16,12,15,0,43,0,2,12,0,14,16,14,27,0,57,66,8,74,131
01/25/2012,MOT,ND,AGL,CE,Federal Contract Tower,15,15,5,2,37,0,4,12,0,16,15,19,17,2,53,0,22,22,75
01/26/2012,MOT,ND,AGL,CE,Federal Contract Tower,21,14,25,2,62,0,3,42,0,45,21,17,67,2,107,32,40,72,179
01/27/2012,MOT,ND,AGL,CE,Federal Contract Tower,16,8,5,0,29,0,6,7,1,14,16,14,12,1,43,0,6,6,49
01/28/2012,MOT,ND,AGL,CE,Federal Contract Tower,16,7,2,0,25,0,2,14,0,16,16,9,16,0,41,34,0,34,75
01/29/2012,MOT,ND,AGL,CE,Federal Contract Tower,21,3,0,0,24,0,2,7,0,9,21,5,7,0,33,0,0,0,33
01/30/2012,MOT,ND,AGL,CE,Federal Contract Tower,21,13,9,0,43,0,6,21,0,27,21,19,30,0,70,52,36,88,158
01/31/2012,MOT,ND,AGL,CE,Federal Contract Tower,19,8,5,0,32,0,5,43,0,48,19,13,48,0,80,60,42,102,182
02/01/2012,MOT,ND,AGL,CE,Federal Contract Tower,14,5,13,0,32,0,9,59,0,68,14,14,72,0,100,24,56,80,180
02/02/2012,MOT,ND,AGL,CE,Federal Contract Tower,19,13,7,0,39,0,5,29,1,35,19,18,36,1,74,26,24,50,124
02/03/2012,MOT,ND,AGL,CE,Federal Contract Tower,16,10,11,0,37,0,3,19,1,23,16,13,30,1,60,34,7,41,101
02/04/2012,MOT,ND,AGL,CE,Federal Contract Tower,14,10,10,0,34,0,5,29,2,36,14,15,39,2,70,64,0,64,134
02/05/2012,MOT,ND,AGL,CE,Federal Contract Tower,22,0,1,0,23,0,4,32,1,37,22,4,33,1,60,26,0,26,86
02/06/2012,MOT,ND,AGL,CE,Federal Contract Tower,24,14,5,0,43,0,7,27,0,34,24,21,32,0,77,12,22,34,111
02/07/2012,MOT,ND,AGL,CE,Federal Contract Tower,17,11,12,1,41,0,2,22,4,28,17,13,34,5,69,38,46,84,153
02/08/2012,MOT,ND,AGL,CE,Federal Contract Tower,15,10,11,0,36,0,2,18,0,20,15,12,29,0,56,20,12,32,88
02/09/2012,MOT,ND,AGL,CE,Federal Contract Tower,20,12,14,2,48,0,4,21,1,26,20,16,35,3,74,28,20,48,122
02/10/2012,MOT,ND,AGL,CE,Federal Contract Tower,17,9,11,2,39,0,3,29,0,32,17,12,40,2,71,46,8,54,125
02/11/2012,MOT,ND,AGL,CE,Federal Contract Tower,14,7,3,0,24,0,2,19,0,21,14,9,22,0,45,26,0,26,71
02/12/2012,MOT,ND,AGL,CE,Federal Contract Tower,22,2,8,0,32,0,2,32,0,34,22,4,40,0,66,60,0,60,126
02/13/2012,MOT,ND,AGL,CE,Federal Contract Tower,22,11,18,0,51,0,2,35,0,37,22,13,53,0,88,38,48,86,174
02/14/2012,MOT,ND,AGL,CE,Federal Contract Tower,17,14,9,1,41,0,4,14,2,20,17,18,23,3,61,6,8,14,75
02/15/2012,MOT,ND,AGL,CE,Federal Contract Tower,17,12,5,0,34,0,4,27,0,31,17,16,32,0,65,20,8,28,93
02/16/2012,MOT,ND,AGL,CE,Federal Contract Tower,17,10,11,1,39,0,2,27,4,33,17,12,38,5,72,125,44,169,241
02/17/2012,MOT,ND,AGL,CE,Federal Contract Tower,15,11,16,0,42,0,2,26,5,33,15,13,42,5,75,107,6,113,188
02/18/2012,MOT,ND,AGL,CE,Federal Contract Tower,22,9,16,0,47,0,1,40,6,47,22,10,56,6,94,74,56,130,224
02/19/2012,MOT,ND,AGL,CE,Federal Contract Tower,20,4,1,0,25,0,6,29,0,35,20,10,30,0,60,100,0,100,160
02/20/2012,MOT,ND,AGL,CE,Federal Contract Tower,20,6,5,0,31,0,1,21,0,22,20,7,26,0,53,24,0,24,77
02/21/2012,MOT,ND,AGL,CE,Federal Contract Tower,17,14,12,1,44,0,0,3,2,5,17,14,15,3,49,32,6,38,87
02/22/2012,MOT,ND,AGL,CE,Federal Contract Tower,13,8,10,0,31,0,1,8,0,9,13,9,18,0,40,90,0,90,130
02/23/2012,MOT,ND,AGL,CE,Federal Contract Tower,20,12,18,6,56,0,2,2,1,5,20,14,20,7,61,0,0,0,61
02/24/2012,MOT,ND,AGL,CE,Federal Contract Tower,14,9,5,0,28,0,5,14,0,19,14,14,19,0,47,68,6,74,121
02/25/2012,MOT,ND,AGL,CE,Federal Contract Tower,17,9,6,0,32,0,0,9,0,9,17,9,15,0,41,2,0,2,43
02/26/2012,MOT,ND,AGL,CE,Federal Contract Tower,23,2,4,0,29,0,0,0,0,0,23,2,4,0,29,0,0,0,29
02/27/2012,MOT,ND,AGL,CE,Federal Contract Tower,21,10,16,0,47,0,2,13,0,15,21,12,29,0,62,36,12,48,110
02/28/2012,MOT,ND,AGL,CE,Federal Contract Tower,17,10,20,0,47,0,0,1,0,1,17,10,21,0,48,6,8,14,62
02/29/2012,MOT,ND,AGL,CE,Federal Contract Tower,17,11,15,0,43,0,0,2,1,3,17,11,17,1,46,12,32,44,90
03/01/2012,MOT,ND,AGL,CE,Federal Contract Tower,22,12,15,0,49,0,0,0,0,0,22,12,15,0,49,0,0,0,49
03/02/2012,MOT,ND,AGL,CE,Federal Contract Tower,18,8,8,0,34,0,4,15,0,19,18,12,23,0,53,0,0,0,53
03/03/2012,MOT,ND,AGL,CE,Federal Contract Tower,21,11,6,0,38,0,3,21,0,24,21,14,27,0,62,28,46,74,136
03/04/2012,MOT,ND,AGL,CE,Federal Contract Tower,20,2,3,0,25,0,0,13,0,13,20,2,16,0,38,24,0,24,62
03/05/2012,MOT,ND,AGL,CE,Federal Contract Tower,20,9,20,0,49,0,4,26,2,32,20,13,46,2,81,30,10,40,121
03/06/2012,MOT,ND,AGL,CE,Federal Contract Tower,18,13,12,0,43,0,0,0,0,0,18,13,12,0,43,0,0,0,43
03/07/2012,MOT,ND,AGL,CE,Federal Contract Tower,17,9,7,1,34,0,4,42,4,50,17,13,49,5,84,106,24,130,214
03/08/2012,MOT,ND,AGL,CE,Federal Contract Tower,18,11,15,0,44,0,8,38,0,46,18,19,53,0,90,16,6,22,112
03/09/2012,MOT,ND,AGL,CE,Federal Contract Tower,16,15,12,0,43,0,7,25,0,32,16,22,37,0,75,24,6,30,105
03/10/2012,MOT,ND,AGL,CE,Federal Contract Tower,18,8,7,0,33,0,4,37,0,41,18,12,44,0,74,44,0,44,118
03/11/2012,MOT,ND,AGL,CE,Federal Contract Tower,18,2,3,0,23,0,0,39,0,39,18,2,42,0,62,62,0,62,124
03/12/2012,MOT,ND,AGL,CE,Federal Contract Tower,20,7,6,4,37,0,4,16,0,20,20,11,22,4,57,8,56,64,121
03/13/2012,MOT,ND,AGL,CE,Federal Contract Tower,16,9,18,0,43,0,6,53,0,59,16,15,71,0,102,38,6,44,146
03/14/2012,MOT,ND,AGL,CE,Federal Contract Tower,13,10,13,0,36,0,5,29,0,34,13,15,42,0,70,42,32,74,144
03/15/2012,MOT,ND,AGL,CE,Federal Contract Tower,18,12,10,6,46,0,5,34,2,41,18,17,44,8,87,16,26,42,129
03/16/2012,MOT,ND,AGL,CE,Federal Contract Tower,16,11,11,0,38,0,4,23,1,28,16,15,34,1,66,51,11,62,128
03/17/2012,MOT,ND,AGL,CE,Federal Contract Tower,15,11,3,0,29,0,1,33,0,34,15,12,36,0,63,106,0,106,169
03/18/2012,MOT,ND,AGL,CE,Federal Contract Tower,18,2,1,0,21,0,0,13,0,13,18,2,14,0,34,40,0,40,74
03/19/2012,MOT,ND,AGL,CE,Federal Contract Tower,19,14,6,8,47,0,5,22,0,27,19,19,28,8,74,0,28,28,102
03/20/2012,MOT,ND,AGL,CE,Federal Contract Tower,17,14,22,2,55,0,5,37,0,42,17,19,59,2,97,32,24,56,153
03/21/2012,MOT,ND,AGL,CE,Federal Contract Tower,13,10,13,0,36,0,8,41,0,49,13,18,54,0,85,122,18,140,225
03/22/2012,MOT,ND,AGL,CE,Federal Contract Tower,20,13,22,1,56,0,4,32,2,38,20,17,54,3,94,48,12,60,154
03/23/2012,MOT,ND,AGL,CE,Federal Contract Tower,17,12,17,0,46,0,0,16,0,16,17,12,33,0,62,34,8,42,104
03/24/2012,MOT,ND,AGL,CE,Federal Contract Tower,15,6,5,0,26,0,2,15,0,17,15,8,20,0,43,2,16,18,61
03/25/2012,MOT,ND,AGL,CE,Federal Contract Tower,18,4,1,0,23,0,4,36,0,40,18,8,37,0,63,96,0,96,159
03/26/2012,MOT,ND,AGL,CE,Federal Contract Tower,18,7,13,0,38,0,5,23,0,28,18,12,36,0,66,6,18,24,90
03/27/2012,MOT,ND,AGL,CE,Federal Contract Tower,17,14,8,0,39,0,1,4,0,5,17,15,12,0,44,0,6,6,50
03/28/2012,MOT,ND,AGL,CE,Federal Contract Tower,17,12,26,0,55,0,2,11,0,13,17,14,37,0,68,86,12,98,166
03/29/2012,MOT,ND,AGL,CE,Federal Contract Tower,18,13,16,0,47,0,0,23,0,23,18,13,39,0,70,53,0,53,123
03/30/2012,MOT,ND,AGL,CE,Federal Contract Tower,15,13,12,0,40,0,6,30,0,36,15,19,42,0,76,91,0,91,167
03/31/2012,MOT,ND,AGL,CE,Federal Contract Tower,15,7,10,0,32,0,4,52,0,56,15,11,62,0,88,80,0,80,168
04/01/2012,MOT,ND,AGL,CE,Federal Contract Tower,20,5,5,0,30,0,4,17,0,21,20,9,22,0,51,46,0,46,97
04/02/2012,MOT,ND,AGL,CE,Federal Contract Tower,22,10,14,0,46,0,3,31,0,34,22,13,45,0,80,22,20,42,122
04/03/2012,MOT,ND,AGL,CE,Federal Contract Tower,17,12,17,1,47,0,4,36,0,40,17,16,53,1,87,32,17,49,136
04/04/2012,MOT,ND,AGL,CE,Federal Contract Tower,15,11,18,0,44,0,2,43,2,47,15,13,61,2,91,68,2,70,161
04/05/2012,MOT,ND,AGL,CE,Federal Contract Tower,20,13,17,0,50,0,3,35,0,38,20,16,52,0,88,2,2,4,92
04/06/2012,MOT,ND,AGL,CE,Federal Contract Tower,15,13,6,0,34,0,6,32,0,38,15,19,38,0,72,38,54,92,164
04/07/2012,MOT,ND,AGL,CE,Federal Contract Tower,16,13,1,0,30,0,3,9,0,12,16,16,10,0,42,0,0,0,42
04/08/2012,MOT,ND,AGL,CE,Federal Contract Tower,20,2,1,0,23,0,0,8,0,8,20,2,9,0,31,6,0,6,37
04/09/2012,MOT,ND,AGL,CE,Federal Contract Tower,20,10,14,2,46,0,5,27,0,32,20,15,41,2,78,26,32,58,136
04/10/2012,MOT,ND,AGL,CE,Federal Contract Tower,18,10,15,0,43,0,3,47,0,50,18,13,62,0,93,84,0,84,177
04/11/2012,MOT,ND,AGL,CE,Federal Contract Tower,15,13,21,0,49,0,0,31,0,31,15,13,52,0,80,40,2,42,122
04/12/2012,MOT,ND,AGL,CE,Federal Contract Tower,19,9,24,0,52,0,5,29,0,34,19,14,53,0,86,30,36,66,152
04/13/2012,MOT,ND,AGL,CE,Federal Contract Tower,15,11,11,0,37,0,2,13,0,15,15,13,24,0,52,30,0,30,82
04/14/2012,MOT,ND,AGL,CE,Federal Contract Tower,21,9,6,4,40,0,4,53,0,57,21,13,59,4,97,48,0,48,145
04/15/2012,MOT,ND,AGL,CE,Federal Contract Tower,18,5,11,0,34,0,3,14,0,17,18,8,25,0,51,0,0,0,51
04/16/2012,MOT,ND,AGL,CE,Federal Contract Tower,21,11,13,2,47,0,5,30,0,35,21,16,43,2,82,36,37,73,155
04/17/2012,MOT,ND,AGL,CE,Federal Contract Tower,18,14,15,1,48,0,7,45,0,52,18,21,60,1,100,4,56,60,160
04/18/2012,MOT,ND,AGL,CE,Federal Contract Tower,16,17,23,1,57,0,2,44,0,46,16,19,67,1,103,58,24,82,185
04/19/2012,MOT,ND,AGL,CE,Federal Contract Tower,21,11,20,0,52,0,0,1,0,1,21,11,21,0,53,34,2,36,89
04/20/2012,MOT,ND,AGL,CE,Federal Contract Tower,14,13,17,0,44,0,0,11,3,14,14,13,28,3,58,0,0,0,58
04/21/2012,MOT,ND,AGL,CE,Federal Contract Tower,15,8,3,0,26,0,3,15,0,18,15,11,18,0,44,22,0,22,66
04/22/2012,MOT,ND,AGL,CE,Federal Contract Tower,20,2,5,0,27,0,0,28,0,28,20,2,33,0,55,46,0,46,101
04/23/2012,MOT,ND,AGL,CE,Federal Contract Tower,20,7,7,0,34,0,0,35,0,35,20,7,42,0,69,83,34,117,186
04/24/2012,MOT,ND,AGL,CE,Federal Contract Tower,15,7,22,2,46,0,4,47,0,51,15,11,69,2,97,50,26,76,173
04/25/2012,MOT,ND,AGL,CE,Federal Contract Tower,15,8,15,2,40,0,5,46,0,51,15,13,61,2,91,54,76,130,221
04/26/2012,MOT,ND,AGL,CE,Federal Contract Tower,19,11,23,2,55,0,6,28,0,34,19,17,51,2,89,0,4,4,93
04/27/2012,MOT,ND,AGL,CE,Federal Contract Tower,16,13,12,0,41,0,5,19,1,25,16,18,31,1,66,35,12,47,113
04/28/2012,MOT,ND,AGL,CE,Federal Contract Tower,16,10,1,0,27,0,0,1,0,1,16,10,2,0,28,0,0,0,28
04/29/2012,MOT,ND,AGL,CE,Federal Contract Tower,21,2,3,0,26,0,0,3,0,3,21,2,6,0,29,0,0,0,29
04/30/2012,MOT,ND,AGL,CE,Federal Contract Tower,20,10,30,1,61,0,6,43,0,49,20,16,73,1,110,60,80,140,250
05/01/2012,MOT,ND,AGL,CE,Federal Contract Tower,17,13,20,0,50,0,5,55,0,60,17,18,75,0,110,46,14,60,170
05/02/2012,MOT,ND,AGL,CE,Federal Contract Tower,17,11,16,0,44,0,5,37,0,42,17,16,53,0,86,48,12,60,146
05/03/2012,MOT,ND,AGL,CE,Federal Contract Tower,22,15,15,0,52,0,1,17,0,18,22,16,32,0,70,96,0,96,166
05/04/2012,MOT,ND,AGL,CE,Federal Contract Tower,22,13,14,0,49,0,2,2,0,4,22,15,16,0,53,0,0,0,53
05/05/2012,MOT,ND,AGL,CE,Federal Contract Tower,19,10,13,0,42,0,0,8,0,8,19,10,21,0,50,22,0,22,72
05/06/2012,MOT,ND,AGL,CE,Federal Contract Tower,23,2,6,0,31,0,4,25,0,29,23,6,31,0,60,28,0,28,88
05/07/2012,MOT,ND,AGL,CE,Federal Contract Tower,24,15,15,0,54,0,9,19,0,28,24,24,34,0,82,0,8,8,90
05/08/2012,MOT,ND,AGL,CE,Federal Contract Tower,17,13,18,1,49,0,4,44,0,48,17,17,62,1,97,58,26,84,181
05/09/2012,MOT,ND,AGL,CE,Federal Contract Tower,16,13,19,1,49,0,2,39,0,41,16,15,58,1,90,54,46,100,190
05/10/2012,MOT,ND,AGL,CE,Federal Contract Tower,21,10,17,1,49,0,1,45,2,48,21,11,62,3,97,157,46,203,300
05/11/2012,MOT,ND,AGL,CE,Federal Contract Tower,17,19,8,0,44,0,17,25,4,46,17,36,33,4,90,36,22,58,148
05/12/2012,MOT,ND,AGL,CE,Federal Contract Tower,14,13,8,0,35,0,8,71,0,79,14,21,79,0,114,142,0,142,256
05/13/2012,MOT,ND,AGL,CE,Federal Contract Tower,21,4,7,0,32,0,5,55,0,60,21,9,62,0,92,172,0,172,264
05/14/2012,MOT,ND,AGL,CE,Federal Contract Tower,21,18,14,2,55,0,4,53,1,58,21,22,67,3,113,108,48,156,269
05/15/2012,MOT,ND,AGL,CE,Federal Contract Tower,17,17,20,1,55,0,12,53,0,65,17,29,73,1,120,103,62,165,285
05/16/2012,MOT,ND,AGL,CE,Federal Contract Tower,16,15,16,1,48,0,2,22,3,27,16,17,38,4,75,42,214,256,331
05/17/2012,MOT,ND,AGL,CE,Federal Contract Tower,20,19,21,2,62,0,2,46,2,50,20,21,67,4,112,62,24,86,198
05/18/2012,MOT,ND,AGL,CE,Federal Contract Tower,16,14,17,0,47,0,2,45,0,47,16,16,62,0,94,38,72,110,204
05/19/2012,MOT,ND,AGL,CE,Federal Contract Tower,17,12,8,0,37,0,0,20,0,20,17,12,28,0,57,12,80,92,149
05/20/2012,MOT,ND,AGL,CE,Federal Contract Tower,22,4,8,0,34,0,2,54,0,56,22,6,62,0,90,66,18,84,174
05/21/2012,MOT,ND,AGL,CE,Federal Contract Tower,20,12,25,0,57,0,2,42,4,48,20,14,67,4,105,70,40,110,215
05/22/2012,MOT,ND,AGL,CE,Federal Contract Tower,19,19,13,0,51,0,1,29,0,30,19,20,42,0,81,152,16,168,249
05/23/2012,MOT,ND,AGL,CE,Federal Contract Tower,16,12,23,1,52,0,0,32,0,32,16,12,55,1,84,36,16,52,136
05/24/2012,MOT,ND,AGL,CE,Federal Contract Tower,20,19,18,5,62,0,1,40,0,41,20,20,58,5,103,4,16,20,123
05/25/2012,MOT,ND,AGL,CE,Federal Contract Tower,16,11,15,1,43,0,5,48,0,53,16,16,63,1,96,140,22,162,258
05/26/2012,MOT,ND,AGL,CE,Federal Contract Tower,16,11,6,0,33,0,4,10,0,14,16,15,16,0,47,4,0,4,51
05/27/2012,MOT,ND,AGL,CE,Federal Contract Tower,22,3,7,0,32,0,2,33,0,35,22,5,40,0,67,60,2,62,129
05/28/2012,MOT,ND,AGL,CE,Federal Contract Tower,23,4,9,0,36,0,0,24,0,24,23,4,33,0,60,44,0,44,104
05/29/2012,MOT,ND,AGL,CE,Federal Contract Tower,17,10,13,0,40,0,1,46,2,49,17,11,59,2,89,6,16,22,111
05/30/2012,MOT,ND,AGL,CE,Federal Contract Tower,15,19,21,2,57,0,0,77,0,77,15,19,98,2,134,136,10,146,280
05/31/2012,MOT,ND,AGL,CE,Federal Contract Tower,20,15,9,0,44,0,7,110,0,117,20,22,119,0,161,122,40,162,323
06/01/2012,MOT,ND,AGL,CE,Federal Contract Tower,15,15,11,1,42,0,5,33,0,38,15,20,44,1,80,44,16,60,140
06/02/2012,MOT,ND,AGL,CE,Federal Contract Tower,17,7,1,0,25,0,0,55,0,55,17,7,56,0,80,56,2,58,138
06/03/2012,MOT,ND,AGL,CE,Federal Contract Tower,23,0,10,0,33,0,1,31,0,32,23,1,41,0,65,41,0,41,106
06/04/2012,MOT,ND,AGL,CE,Federal Contract Tower,20,12,12,1,45,0,3,52,0,55,20,15,64,1,100,112,50,162,262
06/05/2012,MOT,ND,AGL,CE,Federal Contract Tower,15,15,26,0,56,0,2,32,0,34,15,17,58,0,90,20,14,34,124
06/06/2012,MOT,ND,AGL,CE,Federal Contract Tower,14,12,14,0,40,0,1,26,0,27,14,13,40,0,67,20,10,30,97
06/07/2012,MOT,ND,AGL,CE,Federal Contract Tower,26,13,14,0,53,0,0,13,0,13,26,13,27,0,66,50,0,50,116
06/08/2012,MOT,ND,AGL,CE,Federal Contract Tower,20,11,14,0,45,0,8,83,2,93,20,19,97,2,138,78,52,130,268
06/09/2012,MOT,ND,AGL,CE,Federal Contract Tower,20,10,5,0,35,0,6,38,0,44,20,16,43,0,79,48,0,48,127
06/10/2012,MOT,ND,AGL,CE,Federal Contract Tower,26,3,2,0,31,0,0,57,0,57,26,3,59,0,88,124,0,124,212
06/11/2012,MOT,ND,AGL,CE,Federal Contract Tower,24,14,16,0,54,0,5,38,0,43,24,19,54,0,97,30,12,42,139
06/12/2012,MOT,ND,AGL,CE,Federal Contract Tower,21,16,23,3,63,0,6,117,0,123,21,22,140,3,186,186,136,322,508
06/13/2012,MOT,ND,AGL,CE,Federal Contract Tower,20,23,18,0,61,0,9,103,0,112,20,32,121,0,173,158,72,230,403
06/14/2012,MOT,ND,AGL,CE,Federal Contract Tower,23,17,15,0,55,0,4,46,0,50,23,21,61,0,105,2,4,6,111
06/15/2012,MOT,ND,AGL,CE,Federal Contract Tower,20,15,16,0,51,0,2,61,0,63,20,17,77,0,114,48,6,54,168
06/16/2012,MOT,ND,AGL,CE,Federal Contract Tower,18,9,7,2,36,0,2,33,0,35,18,11,40,2,71,136,40,176,247
06/17/2012,MOT,ND,AGL,CE,Federal Contract Tower,24,3,4,0,31,0,0,61,0,61,24,3,65,0,92,22,64,86,178
06/18/2012,MOT,ND,AGL,CE,Federal Contract Tower,24,13,12,1,50,0,1,45,0,46,24,14,57,1,96,44,20,64,160
06/19/2012,MOT,ND,AGL,CE,Federal Contract Tower,21,14,31,1,67,0,0,10,0,10,21,14,41,1,77,96,42,138,215
06/20/2012,MOT,ND,AGL,CE,Federal Contract Tower,19,15,14,0,48,0,3,21,0,24,19,18,35,0,72,3,0,3,75
06/21/2012,MOT,ND,AGL,CE,Federal Contract Tower,24,11,14,4,53,0,0,41,8,49,24,11,55,12,102,58,42,100,202
06/22/2012,MOT,ND,AGL,CE,Federal Contract Tower,20,18,15,5,58,0,2,67,0,69,20,20,82,5,127,44,18,62,189
06/23/2012,MOT,ND,AGL,CE,Federal Contract Tower,20,10,8,5,43,0,8,68,0,76,20,18,76,5,119,42,34,76,195
06/24/2012,MOT,ND,AGL,CE,Federal Contract Tower,23,5,17,2,47,0,0,48,1,49,23,5,65,3,96,24,0,24,120
06/25/2012,MOT,ND,AGL,CE,Federal Contract Tower,24,17,25,0,66,0,4,35,0,39,24,21,60,0,105,74,10,84,189
06/26/2012,MOT,ND,AGL,CE,Federal Contract Tower,24,14,22,2,62,0,2,63,8,73,24,16,85,10,135,30,28,58,193
06/27/2012,MOT,ND,AGL,CE,Federal Contract Tower,17,13,26,0,56,0,1,64,0,65,17,14,90,0,121,230,16,246,367
06/28/2012,MOT,ND,AGL,CE,Federal Contract Tower,24,14,11,3,52,0,5,50,3,58,24,19,61,6,110,18,6,24,134
06/29/2012,MOT,ND,AGL,CE,Federal Contract Tower,20,13,13,0,46,0,1,77,0,78,20,14,90,0,124,72,0,72,196
06/30/2012,MOT,ND,AGL,CE,Federal Contract Tower,16,11,7,0,34,0,5,81,0,86,16,16,88,0,120,142,0,142,262
07/01/2012,MOT,ND,AGL,CE,Federal Contract Tower,24,2,7,0,33,0,0,35,0,35,24,2,42,0,68,4,0,4,72
07/02/2012,MOT,ND,AGL,CE,Federal Contract Tower,23,13,12,1,49,0,3,40,0,43,23,16,52,1,92,22,30,52,144
07/03/2012,MOT,ND,AGL,CE,Federal Contract Tower,15,15,14,7,51,0,1,65,0,66,15,16,79,7,117,104,28,132,249
07/04/2012,MOT,ND,AGL,CE,Federal Contract Tower,12,1,9,0,22,0,2,31,5,38,12,3,40,5,60,326,286,612,672
07/05/2012,MOT,ND,AGL,CE,Federal Contract Tower,22,10,8,8,48,0,3,76,0,79,22,13,84,8,127,36,16,52,179
07/06/2012,MOT,ND,AGL,CE,Federal Contract Tower,17,14,13,1,45,0,1,69,0,70,17,15,82,1,115,30,2,32,147
07/07/2012,MOT,ND,AGL,CE,Federal Contract Tower,18,7,2,0,27,0,6,71,0,77,18,13,73,0,104,18,0,18,122
07/08/2012,MOT,ND,AGL,CE,Federal Contract Tower,22,5,9,1,37,0,0,43,0,43,22,5,52,1,80,28,4,32,112
07/09/2012,MOT,ND,AGL,CE,Federal Contract Tower,24,12,17,0,53,0,1,61,2,64,24,13,78,2,117,40,0,40,157
07/10/2012,MOT,ND,AGL,CE,Federal Contract Tower,21,13,19,5,58,0,2,42,3,47,21,15,61,8,105,28,46,74,179
07/11/2012,MOT,ND,AGL,CE,Federal Contract Tower,19,16,35,4,74,0,6,53,0,59,19,22,88,4,133,6,8,14,147
07/12/2012,MOT,ND,AGL,CE,Federal Contract Tower,23,22,24,0,69,0,2,48,0,50,23,24,72,0,119,20,0,20,139
07/13/2012,MOT,ND,AGL,CE,Federal Contract Tower,23,11,12,2,48,0,5,41,6,52,23,16,53,8,100,20,28,48,148
07/14/2012,MOT,ND,AGL,CE,Federal Contract Tower,19,10,6,0,35,0,0,32,0,32,19,10,38,0,67,20,50,70,137
07/15/2012,MOT,ND,AGL,CE,Federal Contract Tower,25,0,3,0,28,0,1,28,0,29,25,1,31,0,57,24,12,36,93
07/16/2012,MOT,ND,AGL,CE,Federal Contract Tower,26,14,11,0,51,0,2,41,2,45,26,16,52,2,96,28,0,28,124
07/17/2012,MOT,ND,AGL,CE,Federal Contract Tower,20,17,30,2,69,0,1,34,4,39,20,18,64,6,108,2,0,2,110
07/18/2012,MOT,ND,AGL,CE,Federal Contract Tower,19,18,27,2,66,0,5,71,1,77,19,23,98,3,143,38,0,38,181
07/19/2012,MOT,ND,AGL,CE,Federal Contract Tower,23,15,14,1,53,0,2,32,8,42,23,17,46,9,95,42,75,117,212
07/20/2012,MOT,ND,AGL,CE,Federal Contract Tower,18,10,14,0,42,0,1,61,0,62,18,11,75,0,104,80,0,80,184
07/21/2012,MOT,ND,AGL,CE,Federal Contract Tower,18,11,11,1,41,0,2,45,1,48,18,13,56,2,89,157,20,177,266
07/22/2012,MOT,ND,AGL,CE,Federal Contract Tower,26,6,14,0,46,0,2,41,0,43,26,8,55,0,89,22,6,28,117
07/23/2012,MOT,ND,AGL,CE,Federal Contract Tower,24,14,22,2,62,0,2,37,3,42,24,16,59,5,104,48,34,82,186
07/24/2012,MOT,ND,AGL,CE,Federal Contract Tower,21,10,13,1,45,0,3,43,0,46,21,13,56,1,91,52,4,56,147
07/25/2012,MOT,ND,AGL,CE,Federal Contract Tower,19,13,12,0,44,0,5,20,4,29,19,18,32,4,73,0,20,20,93
07/26/2012,MOT,ND,AGL,CE,Federal Contract Tower,24,15,19,2,60,0,5,13,0,18,24,20,32,2,78,0,4,4,82
07/27/2012,MOT,ND,AGL,CE,Federal Contract Tower,19,16,17,2,54,0,4,51,0,55,19,20,68,2,109,30,6,36,145
07/28/2012,MOT,ND,AGL,CE,Federal Contract Tower,19,9,11,0,39,0,0,39,0,39,19,9,50,0,78,10,0,10,88
07/29/2012,MOT,ND,AGL,CE,Federal Contract Tower,24,3,9,1,37,0,1,41,0,42,24,4,50,1,79,29,13,42,121
07/30/2012,MOT,ND,AGL,CE,Federal Contract Tower,23,12,12,0,47,0,2,62,2,66,23,14,74,2,113,56,12,68,181
07/31/2012,MOT,ND,AGL,CE,Federal Contract Tower,22,17,13,8,60,0,3,59,1,63,22,20,72,9,123,14,44,58,181
08/01/2012,MOT,ND,AGL,CE,Federal Contract Tower,21,12,14,0,47,0,0,0,0,0,21,12,14,0,47,24,2,26,73
08/02/2012,MOT,ND,AGL,CE,Federal Contract Tower,26,14,12,1,53,0,2,42,2,46,26,16,54,3,99,108,50,158,257
08/03/2012,MOT,ND,AGL,CE,Federal Contract Tower,19,14,26,2,61,0,4,14,0,18,19,18,40,2,79,0,2,2,81
08/04/2012,MOT,ND,AGL,CE,Federal Contract Tower,18,8,4,0,30,0,5,22,0,27,18,13,26,0,57,10,0,10,67
08/05/2012,MOT,ND,AGL,CE,Federal Contract Tower,26,2,11,0,39,0,2,45,0,47,26,4,56,0,86,48,0,48,134
08/06/2012,MOT,ND,AGL,CE,Federal Contract Tower,24,16,21,0,61,0,1,36,0,37,24,17,57,0,98,6,0,6,104
08/07/2012,MOT,ND,AGL,CE,Federal Contract Tower,23,18,14,0,55,0,3,38,2,43,23,21,52,2,98,22,2,24,122
08/08/2012,MOT,ND,AGL,CE,Federal Contract Tower,17,14,19,2,52,0,2,50,1,53,17,16,69,3,105,58,0,58,163
08/09/2012,MOT,ND,AGL,CE,Federal Contract Tower,24,16,31,1,72,0,4,35,0,39,24,20,66,1,111,48,4,52,163
08/10/2012,MOT,ND,AGL,CE,Federal Contract Tower,17,14,8,0,39,0,1,27,0,28,17,15,35,0,67,72,2,74,141
08/11/2012,MOT,ND,AGL,CE,Federal Contract Tower,18,10,8,0,36,0,4,15,0,19,18,14,23,0,55,0,0,0,55
08/12/2012,MOT,ND,AGL,CE,Federal Contract Tower,23,0,8,1,32,0,0,28,0,28,23,0,36,1,60,58,20,78,138
08/13/2012,MOT,ND,AGL,CE,Federal Contract Tower,24,19,14,0,57,0,7,38,4,49,24,26,52,4,106,90,40,130,236
08/14/2012,MOT,ND,AGL,CE,Federal Contract Tower,19,11,32,0,62,0,3,38,3,44,19,14,70,3,106,46,40,86,192
08/15/2012,MOT,ND,AGL,CE,Federal Contract Tower,18,14,12,2,46,0,0,12,0,12,18,14,24,2,58,14,0,14,72
08/16/2012,MOT,ND,AGL,CE,Federal Contract Tower,23,14,24,0,61,0,8,53,2,63,23,22,77,2,124,70,2,72,196
08/17/2012,MOT,ND,AGL,CE,Federal Contract Tower,17,17,12,0,46,0,14,46,6,66,17,31,58,6,112,0,0,0,112
08/18/2012,MOT,ND,AGL,CE,Federal Contract Tower,17,13,4,0,34,0,9,24,0,33,17,22,28,0,67,88,0,88,155
08/19/2012,MOT,ND,AGL,CE,Federal Contract Tower,22,2,8,1,33,0,2,51,0,53,22,4,59,1,86,98,4,102,188
08/20/2012,MOT,ND,AGL,CE,Federal Contract Tower,24,13,15,2,54,0,1,24,0,25,24,14,39,2,79,8,38,46,125
08/21/2012,MOT,ND,AGL,CE,Federal Contract Tower,21,12,20,0,53,0,4,32,0,36,21,16,52,0,89,18,0,18,107
08/22/2012,MOT,ND,AGL,CE,Federal Contract Tower,17,14,20,0,51,0,5,35,0,40,17,19,55,0,91,72,8,80,171
08/23/2012,MOT,ND,AGL,CE,Federal Contract Tower,22,24,29,0,75,0,3,36,0,39,22,27,65,0,114,20,30,50,164
08/24/2012,MOT,ND,AGL,CE,Federal Contract Tower,19,8,16,3,46,0,6,22,0,28,19,14,38,3,74,94,12,106,180
08/25/2012,MOT,ND,AGL,CE,Federal Contract Tower,17,10,2,0,29,0,3,26,0,29,17,13,28,0,58,28,2,30,88
08/26/2012,MOT,ND,AGL,CE,Federal Contract Tower,24,0,5,0,29,0,0,28,0,28,24,0,33,0,57,24,4,28,85
08/27/2012,MOT,ND,AGL,CE,Federal Contract Tower,24,12,5,0,41,0,0,33,0,33,24,12,38,0,74,36,0,36,110
08/28/2012,MOT,ND,AGL,CE,Federal Contract Tower,19,16,23,6,64,0,2,38,0,40,19,18,61,6,104,76,16,92,196
08/29/2012,MOT,ND,AGL,CE,Federal Contract Tower,16,15,25,0,56,0,1,20,0,21,16,16,45,0,77,12,6,18,95
08/30/2012,MOT,ND,AGL,CE,Federal Contract Tower,19,15,12,0,46,0,0,24,0,24,19,15,36,0,70,60,12,72,142
08/31/2012,MOT,ND,AGL,CE,Federal Contract Tower,19,15,17,0,51,0,5,19,0,24,19,20,36,0,75,54,20,74,149
09/01/2012,MOT,ND,AGL,CE,Federal Contract Tower,16,5,1,0,22,0,4,20,0,24,16,9,21,0,46,0,0,0,46
09/02/2012,MOT,ND,AGL,CE,Federal Contract Tower,21,4,4,0,29,0,4,17,0,21,21,8,21,0,50,4,0,4,54
09/03/2012,MOT,ND,AGL,CE,Federal Contract Tower,25,3,6,0,34,0,1,36,0,37,25,4,42,0,71,62,0,62,133
09/04/2012,MOT,ND,AGL,CE,Federal Contract Tower,20,15,19,1,55,0,3,24,5,32,20,18,43,6,87,22,0,22,109
09/05/2012,MOT,ND,AGL,CE,Federal Contract Tower,17,13,24,3,57,0,5,29,2,36,17,18,53,5,93,14,2,16,109
09/06/2012,MOT,ND,AGL,CE,Federal Contract Tower,22,22,14,2,60,0,0,23,8,31,22,22,37,10,91,40,8,48,139
09/07/2012,MOT,ND,AGL,CE,Federal Contract Tower,19,17,13,0,49,0,5,36,0,41,19,22,49,0,90,14,0,14,104
09/08/2012,MOT,ND,AGL,CE,Federal Contract Tower,14,9,4,0,27,0,3,22,2,27,14,12,26,2,54,38,0,38,92
09/09/2012,MOT,ND,AGL,CE,Federal Contract Tower,24,4,8,0,36,0,2,34,2,38,24,6,42,2,74,10,0,10,84
09/10/2012,MOT,ND,AGL,CE,Federal Contract Tower,26,14,5,2,47,0,6,46,0,52,26,20,51,2,99,4,2,6,105
09/11/2012,MOT,ND,AGL,CE,Federal Contract Tower,16,14,17,0,47,0,2,7,2,11,16,16,24,2,58,2,4,6,64
09/12/2012,MOT,ND,AGL,CE,Federal Contract Tower,16,12,22,0,50,0,2,23,0,25,16,14,45,0,75,20,4,24,99
09/13/2012,MOT,ND,AGL,CE,Federal Contract Tower,23,11,20,0,54,0,3,41,0,44,23,14,61,0,98,44,32,76,174
09/14/2012,MOT,ND,AGL,CE,Federal Contract Tower,18,12,23,0,53,0,3,47,0,50,18,15,70,0,103,78,2,80,183
09/15/2012,MOT,ND,AGL,CE,Federal Contract Tower,14,11,3,0,28,0,5,45,0,50,14,16,48,0,78,48,2,50,128
09/16/2012,MOT,ND,AGL,CE,Federal Contract Tower,21,1,5,0,27,0,0,24,0,24,21,1,29,0,51,34,0,34,85
09/17/2012,MOT,ND,AGL,CE,Federal Contract Tower,26,14,15,0,55,0,4,30,0,34,26,18,45,0,89,12,0,12,101
09/18/2012,MOT,ND,AGL,CE,Federal Contract Tower,18,13,22,1,54,0,2,24,1,27,18,15,46,2,81,26,14,40,121
09/19/2012,MOT,ND,AGL,CE,Federal Contract Tower,16,20,19,0,55,0,0,6,0,6,16,20,25,0,61,0,0,0,61
09/20/2012,MOT,ND,AGL,CE,Federal Contract Tower,22,14,13,0,49,0,1,42,0,43,22,15,55,0,92,10,16,26,118
09/21/2012,MOT,ND,AGL,CE,Federal Contract Tower,18,14,14,0,46,0,3,16,0,19,18,17,30,0,65,8,0,8,73
09/22/2012,MOT,ND,AGL,CE,Federal Contract Tower,14,9,5,0,28,0,7,51,0,58,14,16,56,0,86,76,0,76,162
09/23/2012,MOT,ND,AGL,CE,Federal Contract Tower,22,1,4,0,27,0,4,31,0,35,22,5,35,0,62,4,0,4,66
09/24/2012,MOT,ND,AGL,CE,Federal Contract Tower,23,17,14,0,54,0,2,32,0,34,23,19,46,0,88,0,0,0,88
09/25/2012,MOT,ND,AGL,CE,Federal Contract Tower,16,11,23,0,50,0,3,32,0,35,16,14,55,0,85,32,0,32,117
09/26/2012,MOT,ND,AGL,CE,Federal Contract Tower,16,18,18,0,52,0,2,32,0,34,16,20,50,0,86,24,0,24,110
09/27/2012,MOT,ND,AGL,CE,Federal Contract Tower,24,14,18,0,56,0,6,31,0,37,24,20,49,0,93,56,0,56,149
09/28/2012,MOT,ND,AGL,CE,Federal Contract Tower,17,11,11,0,39,0,4,52,0,56,17,15,63,0,95,20,10,30,125
09/29/2012,MOT,ND,AGL,CE,Federal Contract Tower,15,12,4,0,31,0,1,25,0,26,15,13,29,0,57,32,0,32,89
09/30/2012,MOT,ND,AGL,CE,Federal Contract Tower,22,1,3,0,26,0,0,18,0,18,22,1,21,0,44,0,0,0,44
10/01/2012,MOT,ND,AGL,CE,Federal Contract Tower,23,13,14,0,50,0,0,43,0,43,23,13,57,0,93,61,0,61,154
10/02/2012,MOT,ND,AGL,CE,Federal Contract Tower,18,13,26,0,57,0,0,12,0,12,18,13,38,0,69,0,50,50,119
10/03/2012,MOT,ND,AGL,CE,Federal Contract Tower,16,12,17,0,45,0,2,4,4,10,16,14,21,4,55,6,12,18,73
10/04/2012,MOT,ND,AGL,CE,Federal Contract Tower,24,13,14,2,53,0,1,15,0,16,24,14,29,2,69,10,30,40,109
10/05/2012,MOT,ND,AGL,CE,Federal Contract Tower,20,15,7,1,43,0,2,15,0,17,20,17,22,1,60,60,0,60,120
10/06/2012,MOT,ND,AGL,CE,Federal Contract Tower,14,10,5,0,29,0,4,27,0,31,14,14,32,0,60,35,0,35,95
10/07/2012,MOT,ND,AGL,CE,Federal Contract Tower,23,4,3,0,30,0,1,20,0,21,23,5,23,0,51,0,0,0,51
10/08/2012,MOT,ND,AGL,CE,Federal Contract Tower,24,10,11,0,45,0,2,21,0,23,24,12,32,0,68,2,2,4,72
10/09/2012,MOT,ND,AGL,CE,Federal Contract Tower,17,9,16,0,42,0,1,10,2,13,17,10,26,2,55,8,0,8,63
10/10/2012,MOT,ND,AGL,CE,Federal Contract Tower,16,16,18,2,52,0,3,12,0,15,16,19,30,2,67,0,40,40,107
10/11/2012,MOT,ND,AGL,CE,Federal Contract Tower,22,9,16,2,49,0,10,18,0,28,22,19,34,2,77,12,14,26,103
10/12/2012,MOT,ND,AGL,CE,Federal Contract Tower,18,9,12,0,39,0,7,14,0,21,18,16,26,0,60,22,32,54,114
10/13/2012,MOT,ND,AGL,CE,Federal Contract Tower,14,12,8,0,34,0,10,25,0,35,14,22,33,0,69,34,0,34,103
10/14/2012,MOT,ND,AGL,CE,Federal Contract Tower,20,6,9,0,35,0,0,27,0,27,20,6,36,0,62,16,0,16,78
10/15/2012,MOT,ND,AGL,CE,Federal Contract Tower,23,11,11,0,45,0,4,22,0,26,23,15,33,0,71,20,26,46,117
10/16/2012,MOT,ND,AGL,CE,Federal Contract Tower,21,14,23,6,64,0,3,27,0,30,21,17,50,6,94,0,12,12,106
10/17/2012,MOT,ND,AGL,CE,Federal Contract Tower,17,13,14,0,44,0,0,2,0,2,17,13,16,0,46,0,0,0,46
10/18/2012,MOT,ND,AGL,CE,Federal Contract Tower,23,14,23,0,60,0,6,3,0,9,23,20,26,0,69,0,6,6,75
10/19/2012,MOT,ND,AGL,CE,Federal Contract Tower,19,10,15,4,48,0,5,33,0,38,19,15,48,4,86,58,18,76,162
10/20/2012,MOT,ND,AGL,CE,Federal Contract Tower,14,8,7,0,29,0,2,33,0,35,14,10,40,0,64,28,0,28,92
10/21/2012,MOT,ND,AGL,CE,Federal Contract Tower,23,3,11,2,39,0,4,25,0,29,23,7,36,2,68,10,0,10,78
10/22/2012,MOT,ND,AGL,CE,Federal Contract Tower,24,11,16,1,52,0,7,25,0,32,24,18,41,1,84,62,26,88,172
10/23/2012,MOT,ND,AGL,CE,Federal Contract Tower,17,14,23,0,54,0,0,0,0,0,17,14,23,0,54,0,0,0,54
10/24/2012,MOT,ND,AGL,CE,Federal Contract Tower,16,18,19,0,53,0,0,6,2,8,16,18,25,2,61,34,2,36,97
10/25/2012,MOT,ND,AGL,CE,Federal Contract Tower,23,12,18,1,54,0,3,19,0,22,23,15,37,1,76,17,19,36,112
10/26/2012,MOT,ND,AGL,CE,Federal Contract Tower,18,12,12,1,43,0,3,23,0,26,18,15,35,1,69,32,8,40,109
10/27/2012,MOT,ND,AGL,CE,Federal Contract Tower,14,9,7,0,30,0,2,18,0,20,14,11,25,0,50,24,0,24,74
10/28/2012,MOT,ND,AGL,CE,Federal Contract Tower,24,2,8,0,34,0,0,5,0,5,24,2,13,0,39,0,0,0,39
10/29/2012,MOT,ND,AGL,CE,Federal Contract Tower,23,14,6,0,43,0,0,0,0,0,23,14,6,0,43,0,0,0,43
10/30/2012,MOT,ND,AGL,CE,Federal Contract Tower,16,14,28,0,58,0,2,21,0,23,16,16,49,0,81,40,2,42,123
10/31/2012,MOT,ND,AGL,CE,Federal Contract Tower,16,15,18,2,51,0,1,14,1,16,16,16,32,3,67,15,12,27,94
11/01/2012,MOT,ND,AGL,CE,Federal Contract Tower,23,11,20,0,54,0,0,1,0,1,23,11,21,0,55,2,0,2,57
11/02/2012,MOT,ND,AGL,CE,Federal Contract Tower,13,13,7,0,33,0,0,0,0,0,13,13,7,0,33,6,0,6,39
11/03/2012,MOT,ND,AGL,CE,Federal Contract Tower,15,8,5,0,28,0,0,0,0,0,15,8,5,0,28,0,0,0,28
11/04/2012,MOT,ND,AGL,CE,Federal Contract Tower,21,1,11,0,33,0,0,0,0,0,21,1,11,0,33,0,0,0,33
11/05/2012,MOT,ND,AGL,CE,Federal Contract Tower,25,9,13,0,47,0,0,5,0,5,25,9,18,0,52,2,6,8,60
11/06/2012,MOT,ND,AGL,CE,Federal Contract Tower,15,13,17,0,45,0,1,13,0,14,15,14,30,0,59,12,4,16,75
11/07/2012,MOT,ND,AGL,CE,Federal Contract Tower,17,8,20,5,50,0,3,33,0,36,17,11,53,5,86,28,38,66,152
11/08/2012,MOT,ND,AGL,CE,Federal Contract Tower,22,8,17,2,49,0,0,2,0,2,22,8,19,2,51,0,52,52,103
11/09/2012,MOT,ND,AGL,CE,Federal Contract Tower,21,8,11,0,40,0,2,4,0,6,21,10,15,0,46,0,0,0,46
11/10/2012,MOT,ND,AGL,CE,Federal Contract Tower,5,6,0,0,11,0,0,0,0,0,5,6,0,0,11,0,0,0,11
11/11/2012,MOT,ND,AGL,CE,Federal Contract Tower,0,0,3,0,3,0,0,0,0,0,0,0,3,0,3,0,0,0,3
11/12/2012,MOT,ND,AGL,CE,Federal Contract Tower,25,11,13,1,50,0,2,12,0,14,25,13,25,1,64,16,13,29,93
11/13/2012,MOT,ND,AGL,CE,Federal Contract Tower,21,15,21,0,57,0,3,17,0,20,21,18,38,0,77,2,14,16,93
11/14/2012,MOT,ND,AGL,CE,Federal Contract Tower,20,15,18,5,58,0,1,17,2,20,20,16,35,7,78,28,4,32,110
11/15/2012,MOT,ND,AGL,CE,Federal Contract Tower,24,18,11,4,57,0,3,40,2,45,24,21,51,6,102,16,28,44,146
11/16/2012,MOT,ND,AGL,CE,Federal Contract Tower,21,13,11,3,48,0,1,25,24,50,21,14,36,27,98,2,56,58,156
11/17/2012,MOT,ND,AGL,CE,Federal Contract Tower,14,13,5,2,34,0,0,15,0,15,14,13,20,2,49,18,2,20,69
11/18/2012,MOT,ND,AGL,CE,Federal Contract Tower,25,1,10,0,36,0,0,16,0,16,25,1,26,0,52,20,0,20,72
11/19/2012,MOT,ND,AGL,CE,Federal Contract Tower,23,11,2,0,36,0,1,16,0,17,23,12,18,0,53,26,0,26,79
11/20/2012,MOT,ND,AGL,CE,Federal Contract Tower,17,14,6,0,37,0,2,31,0,33,17,16,37,0,70,20,24,44,114
11/21/2012,MOT,ND,AGL,CE,Federal Contract Tower,17,13,17,1,48,0,1,13,1,15,17,14,30,2,63,20,8,28,91
11/22/2012,MOT,ND,AGL,CE,Federal Contract Tower,7,1,2,0,10,0,0,0,0,0,7,1,2,0,10,0,0,0,10
11/23/2012,MOT,ND,AGL,CE,Federal Contract Tower,12,10,3,0,25,0,0,4,0,4,12,10,7,0,29,18,0,18,47
11/24/2012,MOT,ND,AGL,CE,Federal Contract Tower,16,8,11,0,35,0,0,0,0,0,16,8,11,0,35,8,0,8,43
11/25/2012,MOT,ND,AGL,CE,Federal Contract Tower,29,1,8,0,38,0,0,11,0,11,29,1,19,0,49,10,0,10,59
11/26/2012,MOT,ND,AGL,CE,Federal Contract Tower,29,12,11,2,54,0,3,25,0,28,29,15,36,2,82,0,10,10,92
11/27/2012,MOT,ND,AGL,CE,Federal Contract Tower,20,14,24,0,58,0,0,0,0,0,20,14,24,0,58,0,0,0,58
11/28/2012,MOT,ND,AGL,CE,Federal Contract Tower,15,10,7,0,32,0,3,12,3,18,15,13,19,3,50,38,0,38,88
11/29/2012,MOT,ND,AGL,CE,Federal Contract Tower,23,14,17,2,56,0,1,15,0,16,23,15,32,2,72,60,10,70,142
11/30/2012,MOT,ND,AGL,CE,Federal Contract Tower,18,11,11,1,41,0,3,14,3,20,18,14,25,4,61,22,16,38,99
12/01/2012,MOT,ND,AGL,CE,Federal Contract Tower,15,9,6,0,30,0,0,7,0,7,15,9,13,0,37,5,0,5,42
12/02/2012,MOT,ND,AGL,CE,Federal Contract Tower,26,5,7,2,40,0,6,8,0,14,26,11,15,2,54,4,0,4,58
12/03/2012,MOT,ND,AGL,CE,Federal Contract Tower,28,6,20,3,57,0,0,2,0,2,28,6,22,3,59,0,34,34,93
12/04/2012,MOT,ND,AGL,CE,Federal Contract Tower,20,8,22,0,50,0,0,59,0,59,20,8,81,0,109,2,0,2,111
12/05/2012,MOT,ND,AGL,CE,Federal Contract Tower,17,15,19,0,51,0,2,17,0,19,17,17,36,0,70,14,8,22,92
12/06/2012,MOT,ND,AGL,CE,Federal Contract Tower,22,10,12,2,46,0,1,9,0,10,22,11,21,2,56,13,16,29,85
12/07/2012,MOT,ND,AGL,CE,Federal Contract Tower,23,11,15,0,49,0,2,8,0,10,23,13,23,0,59,40,20,60,119
12/08/2012,MOT,ND,AGL,CE,Federal Contract Tower,12,9,5,0,26,0,0,0,0,0,12,9,5,0,26,0,0,0,26
12/09/2012,MOT,ND,AGL,CE,Federal Contract Tower,21,0,4,0,25,0,0,2,0,2,21,0,6,0,27,4,0,4,31
12/10/2012,MOT,ND,AGL,CE,Federal Contract Tower,25,13,24,1,63,0,0,4,0,4,25,13,28,1,67,14,4,18,85
12/11/2012,MOT,ND,AGL,CE,Federal Contract Tower,21,11,28,0,60,0,0,9,0,9,21,11,37,0,69,23,0,23,92
12/12/2012,MOT,ND,AGL,CE,Federal Contract Tower,18,12,18,0,48,0,0,0,0,0,18,12,18,0,48,0,0,0,48
12/13/2012,MOT,ND,AGL,CE,Federal Contract Tower,24,10,13,0,47,0,0,3,0,3,24,10,16,0,50,0,10,10,60
12/14/2012,MOT,ND,AGL,CE,Federal Contract Tower,24,12,18,0,54,0,0,0,0,0,24,12,18,0,54,0,0,0,54
12/15/2012,MOT,ND,AGL,CE,Federal Contract Tower,18,9,8,0,35,0,0,1,0,1,18,9,9,0,36,0,0,0,36
12/16/2012,MOT,ND,AGL,CE,Federal Contract Tower,26,3,7,0,36,0,0,0,0,0,26,3,7,0,36,0,0,0,36
12/17/2012,MOT,ND,AGL,CE,Federal Contract Tower,28,5,18,0,51,0,0,0,0,0,28,5,18,0,51,0,0,0,51
12/18/2012,MOT,ND,AGL,CE,Federal Contract Tower,17,9,25,0,51,0,0,2,0,2,17,9,27,0,53,0,22,22,75
12/19/2012,MOT,ND,AGL,CE,Federal Contract Tower,19,14,11,0,44,0,4,5,0,9,19,18,16,0,53,20,0,20,73
12/20/2012,MOT,ND,AGL,CE,Federal Contract Tower,24,10,16,2,52,0,0,4,0,4,24,10,20,2,56,8,0,8,64
12/21/2012,MOT,ND,AGL,CE,Federal Contract Tower,25,14,8,0,47,0,0,22,0,22,25,14,30,0,69,0,0,0,69
12/22/2012,MOT,ND,AGL,CE,Federal Contract Tower,23,10,4,0,37,0,0,3,0,3,23,10,7,0,40,0,0,0,40
12/23/2012,MOT,ND,AGL,CE,Federal Contract Tower,22,1,7,0,30,0,0,0,0,0,22,1,7,0,30,0,0,0,30
12/24/2012,MOT,ND,AGL,CE,Federal Contract Tower,25,9,1,0,35,0,0,3,0,3,25,9,4,0,38,2,0,2,40
12/25/2012,MOT,ND,AGL,CE,Federal Contract Tower,12,0,2,0,14,0,0,0,0,0,12,0,2,0,14,0,0,0,14
12/26/2012,MOT,ND,AGL,CE,Federal Contract Tower,25,13,4,0,42,0,0,2,0,2,25,13,6,0,44,4,0,4,48
12/27/2012,MOT,ND,AGL,CE,Federal Contract Tower,26,7,7,1,41,0,0,2,0,2,26,7,9,1,43,0,0,0,43
12/28/2012,MOT,ND,AGL,CE,Federal Contract Tower,18,6,8,0,32,0,6,4,0,10,18,12,12,0,42,18,4,22,64
12/29/2012,MOT,ND,AGL,CE,Federal Contract Tower,17,12,11,0,40,0,0,34,0,34,17,12,45,0,74,16,0,16,90
12/30/2012,MOT,ND,AGL,CE,Federal Contract Tower,29,3,1,0,33,0,3,0,0,3,29,6,1,0,36,10,0,10,46
12/31/2012,MOT,ND,AGL,CE,Federal Contract Tower,20,4,3,0,27,0,0,0,0,0,20,4,3,0,27,2,0,2,29
01/01/2013,MOT,ND,AGL,CE,Federal Contract Tower,15,2,2,0,19,0,2,0,0,2,15,4,2,0,21,0,0,0,21
01/02/2013,MOT,ND,AGL,CE,Federal Contract Tower,23,8,6,0,37,0,0,0,0,0,23,8,6,0,37,0,18,18,55
01/03/2013,MOT,ND,AGL,CE,Federal Contract Tower,25,10,12,2,49,0,0,5,0,5,25,10,17,2,54,19,28,47,101
01/04/2013,MOT,ND,AGL,CE,Federal Contract Tower,21,7,10,0,38,0,6,4,0,10,21,13,14,0,48,8,78,86,134
01/05/2013,MOT,ND,AGL,CE,Federal Contract Tower,15,10,3,0,28,0,4,5,0,9,15,14,8,0,37,14,0,14,51
01/06/2013,MOT,ND,AGL,CE,Federal Contract Tower,22,1,6,0,29,0,0,5,0,5,22,1,11,0,34,10,0,10,44
01/07/2013,MOT,ND,AGL,CE,Federal Contract Tower,26,14,15,0,55,0,0,2,0,2,26,14,17,0,57,0,62,62,119
01/08/2013,MOT,ND,AGL,CE,Federal Contract Tower,26,20,18,2,66,0,0,3,0,3,26,20,21,2,69,4,6,10,79
01/09/2013,MOT,ND,AGL,CE,Federal Contract Tower,20,15,15,0,50,0,0,0,0,0,20,15,15,0,50,0,3,3,53
01/10/2013,MOT,ND,AGL,CE,Federal Contract Tower,23,14,14,0,51,0,3,6,2,11,23,17,20,2,62,17,5,22,84
01/11/2013,MOT,ND,AGL,CE,Federal Contract Tower,12,10,7,0,29,0,0,0,0,0,12,10,7,0,29,0,0,0,29
01/12/2013,MOT,ND,AGL,CE,Federal Contract Tower,13,6,4,0,23,0,4,0,0,4,13,10,4,0,27,2,0,2,29
01/13/2013,MOT,ND,AGL,CE,Federal Contract Tower,22,1,3,0,26,0,4,0,0,4,22,5,3,0,30,0,0,0,30
01/14/2013,MOT,ND,AGL,CE,Federal Contract Tower,23,8,5,0,36,0,0,2,0,2,23,8,7,0,38,0,20,20,58
01/15/2013,MOT,ND,AGL,CE,Federal Contract Tower,17,11,14,0,42,0,0,1,5,6,17,11,15,5,48,2,20,22,70
01/16/2013,MOT,ND,AGL,CE,Federal Contract Tower,22,19,17,0,58,0,0,0,0,0,22,19,17,0,58,0,34,34,92
01/17/2013,MOT,ND,AGL,CE,Federal Contract Tower,26,14,21,0,61,0,0,3,6,9,26,14,24,6,70,20,0,20,90
01/18/2013,MOT,ND,AGL,CE,Federal Contract Tower,21,8,9,0,38,0,5,25,0,30,21,13,34,0,68,40,0,40,108
01/19/2013,MOT,ND,AGL,CE,Federal Contract Tower,9,8,0,0,17,0,0,0,0,0,9,8,0,0,17,0,0,0,17
01/20/2013,MOT,ND,AGL,CE,Federal Contract Tower,23,1,5,0,29,0,0,2,0,2,23,1,7,0,31,0,0,0,31
01/21/2013,MOT,ND,AGL,CE,Federal Contract Tower,25,5,9,0,39,0,0,10,0,10,25,5,19,0,49,0,0,0,49
01/22/2013,MOT,ND,AGL,CE,Federal Contract Tower,20,11,16,0,47,0,3,6,0,9,20,14,22,0,56,0,0,0,56
01/23/2013,MOT,ND,AGL,CE,Federal Contract Tower,19,9,17,0,45,0,1,3,0,4,19,10,20,0,49,5,0,5,54
01/24/2013,MOT,ND,AGL,CE,Federal Contract Tower,21,13,10,0,44,0,0,5,0,5,21,13,15,0,49,0,0,0,49
01/25/2013,MOT,ND,AGL,CE,Federal Contract Tower,25,8,9,3,45,0,0,9,0,9,25,8,18,3,54,6,16,22,76
01/26/2013,MOT,ND,AGL,CE,Federal Contract Tower,15,11,4,0,30,0,13,0,0,13,15,24,4,0,43,0,0,0,43
01/27/2013,MOT,ND,AGL,CE,Federal Contract Tower,22,1,4,0,27,0,0,5,0,5,22,1,9,0,32,2,0,2,34
01/28/2013,MOT,ND,AGL,CE,Federal Contract Tower,25,16,8,0,49,0,0,3,0,3,25,16,11,0,52,20,9,29,81
01/29/2013,MOT,ND,AGL,CE,Federal Contract Tower,18,14,15,0,47,0,0,0,0,0,18,14,15,0,47,0,40,40,87
01/30/2013,MOT,ND,AGL,CE,Federal Contract Tower,20,15,2,0,37,0,0,2,0,2,20,15,4,0,39,0,0,0,39
01/31/2013,MOT,ND,AGL,CE,Federal Contract Tower,28,11,4,0,43,0,0,5,0,5,28,11,9,0,48,6,0,6,54
02/01/2013,MOT,ND,AGL,CE,Federal Contract Tower,22,13,13,0,48,0,0,1,0,1,22,13,14,0,49,0,28,28,77
02/02/2013,MOT,ND,AGL,CE,Federal Contract Tower,12,10,1,0,23,0,0,0,0,0,12,10,1,0,23,0,0,0,23
02/03/2013,MOT,ND,AGL,CE,Federal Contract Tower,23,3,2,0,28,0,1,1,0,2,23,4,3,0,30,0,0,0,30
02/04/2013,MOT,ND,AGL,CE,Federal Contract Tower,24,6,18,0,48,0,3,0,0,3,24,9,18,0,51,0,0,0,51
02/05/2013,MOT,ND,AGL,CE,Federal Contract Tower,17,8,10,0,35,0,5,5,2,12,17,13,15,2,47,0,4,4,51
02/06/2013,MOT,ND,AGL,CE,Federal Contract Tower,22,9,24,0,55,0,0,8,0,8,22,9,32,0,63,0,2,2,65
02/07/2013,MOT,ND,AGL,CE,Federal Contract Tower,24,11,11,2,48,0,3,1,0,4,24,14,12,2,52,0,2,2,54
02/08/2013,MOT,ND,AGL,CE,Federal Contract Tower,21,8,21,0,50,0,2,0,0,2,21,10,21,0,52,2,0,2,54
02/09/2013,MOT,ND,AGL,CE,Federal Contract Tower,12,9,4,0,25,0,0,4,0,4,12,9,8,0,29,0,48,48,77
02/10/2013,MOT,ND,AGL,CE,Federal Contract Tower,21,0,0,0,21,0,0,0,0,0,21,0,0,0,21,0,0,0,21
02/11/2013,MOT,ND,AGL,CE,Federal Contract Tower,22,12,16,0,50,0,0,16,0,16,22,12,32,0,66,25,0,25,91
02/12/2013,MOT,ND,AGL,CE,Federal Contract Tower,20,10,17,0,47,0,2,1,0,3,20,12,18,0,50,22,8,30,80
02/13/2013,MOT,ND,AGL,CE,Federal Contract Tower,19,6,16,0,41,0,0,0,0,0,19,6,16,0,41,0,0,0,41
02/14/2013,MOT,ND,AGL,CE,Federal Contract Tower,24,16,9,0,49,0,0,3,0,3,24,16,12,0,52,20,0,20,72
02/15/2013,MOT,ND,AGL,CE,Federal Contract Tower,21,10,16,0,47,0,0,2,0,2,21,10,18,0,49,83,0,83,132
02/16/2013,MOT,ND,AGL,CE,Federal Contract Tower,21,7,2,0,30,0,0,2,0,2,21,7,4,0,32,37,0,37,69
02/17/2013,MOT,ND,AGL,CE,Federal Contract Tower,23,3,3,0,29,0,0,5,0,5,23,3,8,0,34,16,0,16,50
02/18/2013,MOT,ND,AGL,CE,Federal Contract Tower,27,7,7,1,42,0,1,0,0,1,27,8,7,1,43,0,0,0,43
02/19/2013,MOT,ND,AGL,CE,Federal Contract Tower,22,11,11,2,46,0,1,2,0,3,22,12,13,2,49,0,0,0,49
02/20/2013,MOT,ND,AGL,CE,Federal Contract Tower,22,8,8,0,38,0,5,0,0,5,22,13,8,0,43,52,2,54,97
02/21/2013,MOT,ND,AGL,CE,Federal Contract Tower,27,17,7,0,51,0,0,0,0,0,27,17,7,0,51,0,2,2,53
02/22/2013,MOT,ND,AGL,CE,Federal Contract Tower,21,9,12,0,42,0,0,5,0,5,21,9,17,0,47,10,4,14,61
02/23/2013,MOT,ND,AGL,CE,Federal Contract Tower,22,11,6,0,39,0,1,10,0,11,22,12,16,0,50,26,0,26,76
02/24/2013,MOT,ND,AGL,CE,Federal Contract Tower,18,0,4,0,22,0,0,6,0,6,18,0,10,0,28,7,0,7,35
02/25/2013,MOT,ND,AGL,CE,Federal Contract Tower,27,10,24,0,61,0,3,16,0,19,27,13,40,0,80,18,0,18,98
02/26/2013,MOT,ND,AGL,CE,Federal Contract Tower,17,12,13,0,42,0,10,4,0,14,17,22,17,0,56,72,0,72,128
02/27/2013,MOT,ND,AGL,CE,Federal Contract Tower,22,12,10,0,44,0,0,30,0,30,22,12,40,0,74,0,0,0,74
02/28/2013,MOT,ND,AGL,CE,Federal Contract Tower,23,11,18,0,52,0,0,16,0,16,23,11,34,0,68,0,5,5,73
03/01/2013,MOT,ND,AGL,CE,Federal Contract Tower,17,12,13,2,44,0,4,1,0,5,17,16,14,2,49,0,0,0,49
03/02/2013,MOT,ND,AGL,CE,Federal Contract Tower,15,7,6,0,28,0,1,7,0,8,15,8,13,0,36,65,0,65,101
03/03/2013,MOT,ND,AGL,CE,Federal Contract Tower,23,4,3,2,32,0,0,0,0,0,23,4,3,2,32,0,0,0,32
03/04/2013,MOT,ND,AGL,CE,Federal Contract Tower,17,7,4,0,28,0,0,0,0,0,17,7,4,0,28,0,0,0,28
03/05/2013,MOT,ND,AGL,CE,Federal Contract Tower,25,18,34,0,77,0,0,3,0,3,25,18,37,0,80,36,0,36,116
03/06/2013,MOT,ND,AGL,CE,Federal Contract Tower,22,11,17,0,50,0,0,17,0,17,22,11,34,0,67,10,0,10,77
03/07/2013,MOT,ND,AGL,CE,Federal Contract Tower,21,15,15,0,51,0,3,0,0,3,21,18,15,0,54,4,0,4,58
03/08/2013,MOT,ND,AGL,CE,Federal Contract Tower,21,7,15,0,43,0,22,12,0,34,21,29,27,0,77,44,0,44,121
03/09/2013,MOT,ND,AGL,CE,Federal Contract Tower,17,11,3,0,31,0,0,0,0,0,17,11,3,0,31,0,0,0,31
03/10/2013,MOT,ND,AGL,CE,Federal Contract Tower,21,3,6,0,30,0,7,2,0,9,21,10,8,0,39,18,0,18,57
03/11/2013,MOT,ND,AGL,CE,Federal Contract Tower,23,10,13,0,46,0,3,5,0,8,23,13,18,0,54,0,0,0,54
03/12/2013,MOT,ND,AGL,CE,Federal Contract Tower,17,17,15,0,49,0,0,3,0,3,17,17,18,0,52,6,0,6,58
03/13/2013,MOT,ND,AGL,CE,Federal Contract Tower,21,13,20,0,54,0,2,8,0,10,21,15,28,0,64,0,0,0,64
03/14/2013,MOT,ND,AGL,CE,Federal Contract Tower,22,15,20,0,57,0,14,9,2,25,22,29,29,2,82,26,0,26,108
03/15/2013,MOT,ND,AGL,CE,Federal Contract Tower,18,10,10,0,38,0,0,0,0,0,18,10,10,0,38,0,0,0,38
03/16/2013,MOT,ND,AGL,CE,Federal Contract Tower,18,8,7,0,33,0,0,4,0,4,18,8,11,0,37,11,77,88,125
03/17/2013,MOT,ND,AGL,CE,Federal Contract Tower,21,0,3,0,24,0,0,0,0,0,21,0,3,0,24,0,0,0,24
03/18/2013,MOT,ND,AGL,CE,Federal Contract Tower,22,10,6,0,38,0,7,0,0,7,22,17,6,0,45,0,0,0,45
03/19/2013,MOT,ND,AGL,CE,Federal Contract Tower,22,12,21,0,55,0,4,3,0,7,22,16,24,0,62,0,0,0,62
03/20/2013,MOT,ND,AGL,CE,Federal Contract Tower,20,17,16,0,53,0,7,2,0,9,20,24,18,0,62,22,30,52,114
03/21/2013,MOT,ND,AGL,CE,Federal Contract Tower,23,16,16,0,55,0,7,10,2,19,23,23,26,2,74,0,4,4,78
03/22/2013,MOT,ND,AGL,CE,Federal Contract Tower,15,15,11,0,41,0,4,0,0,4,15,19,11,0,45,24,52,76,121
03/23/2013,MOT,ND,AGL,CE,Federal Contract Tower,16,8,10,0,34,0,0,0,0,0,16,8,10,0,34,0,0,0,34
03/24/2013,MOT,ND,AGL,CE,Federal Contract Tower,18,5,2,0,25,0,7,37,0,44,18,12,39,0,69,0,0,0,69
03/25/2013,MOT,ND,AGL,CE,Federal Contract Tower,23,8,23,0,54,0,0,12,0,12,23,8,35,0,66,0,0,0,66
03/26/2013,MOT,ND,AGL,CE,Federal Contract Tower,16,15,22,0,53,0,1,29,0,30,16,16,51,0,83,0,32,32,115
03/27/2013,MOT,ND,AGL,CE,Federal Contract Tower,23,9,14,0,46,0,1,15,0,16,23,10,29,0,62,21,0,21,83
03/28/2013,MOT,ND,AGL,CE,Federal Contract Tower,2,7,6,0,15,0,0,0,0,0,2,7,6,0,15,0,0,0,15
03/29/2013,MOT,ND,AGL,CE,Federal Contract Tower,26,11,9,0,46,0,0,0,0,0,26,11,9,0,46,0,0,0,46
03/30/2013,MOT,ND,AGL,CE,Federal Contract Tower,19,8,2,0,29,0,0,5,0,5,19,8,7,0,34,10,0,10,44
03/31/2013,MOT,ND,AGL,CE,Federal Contract Tower,18,0,1,0,19,0,0,16,0,16,18,0,17,0,35,0,0,0,35
04/01/2013,MOT,ND,AGL,CE,Federal Contract Tower,22,8,16,0,46,0,1,63,0,64,22,9,79,0,110,0,0,0,110
04/02/2013,MOT,ND,AGL,CE,Federal Contract Tower,20,10,13,0,43,0,9,12,0,21,20,19,25,0,64,20,0,20,84
04/03/2013,MOT,ND,AGL,CE,Federal Contract Tower,20,9,16,0,45,0,0,11,0,11,20,9,27,0,56,24,0,24,80
04/04/2013,MOT,ND,AGL,CE,Federal Contract Tower,24,9,13,0,46,0,10,9,0,19,24,19,22,0,65,37,0,37,102
04/05/2013,MOT,ND,AGL,CE,Federal Contract Tower,24,7,14,0,45,0,1,4,0,5,24,8,18,0,50,17,0,17,67
04/06/2013,MOT,ND,AGL,CE,Federal Contract Tower,20,2,2,0,24,0,0,0,0,0,20,2,2,0,24,0,0,0,24
04/07/2013,MOT,ND,AGL,CE,Federal Contract Tower,17,2,1,0,20,0,0,0,0,0,17,2,1,0,20,0,0,0,20
04/08/2013,MOT,ND,AGL,CE,Federal Contract Tower,21,10,6,0,37,0,6,0,0,6,21,16,6,0,43,0,0,0,43
04/09/2013,MOT,ND,AGL,CE,Federal Contract Tower,18,17,15,0,50,0,4,16,0,20,18,21,31,0,70,38,0,38,108
04/10/2013,MOT,ND,AGL,CE,Federal Contract Tower,18,10,11,0,39,0,3,18,0,21,18,13,29,0,60,18,0,18,78
04/11/2013,MOT,ND,AGL,CE,Federal Contract Tower,21,12,17,0,50,0,4,2,0,6,21,16,19,0,56,57,0,57,113
04/12/2013,MOT,ND,AGL,CE,Federal Contract Tower,18,8,15,0,41,0,6,0,0,6,18,14,15,0,47,0,0,0,47
04/13/2013,MOT,ND,AGL,CE,Federal Contract Tower,16,10,3,0,29,0,2,3,0,5,16,12,6,0,34,0,0,0,34
04/14/2013,MOT,ND,AGL,CE,Federal Contract Tower,10,5,2,0,17,0,0,0,0,0,10,5,2,0,17,0,0,0,17
04/15/2013,MOT,ND,AGL,CE,Federal Contract Tower,19,10,10,0,39,0,0,0,0,0,19,10,10,0,39,0,0,0,39
04/16/2013,MOT,ND,AGL,CE,Federal Contract Tower,19,13,12,0,44,0,2,0,0,2,19,15,12,0,46,12,0,12,58
04/17/2013,MOT,ND,AGL,CE,Federal Contract Tower,17,12,16,0,45,0,0,2,0,2,17,12,18,0,47,0,0,0,47
04/18/2013,MOT,ND,AGL,CE,Federal Contract Tower,21,15,21,0,57,0,0,2,0,2,21,15,23,0,59,0,0,0,59
04/19/2013,MOT,ND,AGL,CE,Federal Contract Tower,19,13,20,0,52,0,0,9,1,10,19,13,29,1,62,20,38,58,120
04/20/2013,MOT,ND,AGL,CE,Federal Contract Tower,13,8,6,0,27,0,0,0,0,0,13,8,6,0,27,0,0,0,27
04/21/2013,MOT,ND,AGL,CE,Federal Contract Tower,20,4,1,0,25,0,0,0,0,0,20,4,1,0,25,0,0,0,25
04/22/2013,MOT,ND,AGL,CE,Federal Contract Tower,21,8,18,0,47,0,0,11,0,11,21,8,29,0,58,4,0,4,62
04/23/2013,MOT,ND,AGL,CE,Federal Contract Tower,16,16,13,0,45,0,2,27,0,29,16,18,40,0,74,42,0,42,116
04/24/2013,MOT,ND,AGL,CE,Federal Contract Tower,18,12,10,0,40,0,0,6,0,6,18,12,16,0,46,20,10,30,76
04/25/2013,MOT,ND,AGL,CE,Federal Contract Tower,24,18,14,0,56,0,5,28,0,33,24,23,42,0,89,0,0,0,89
04/26/2013,MOT,ND,AGL,CE,Federal Contract Tower,18,10,9,0,37,0,1,22,0,23,18,11,31,0,60,55,4,59,119
04/27/2013,MOT,ND,AGL,CE,Federal Contract Tower,14,14,3,0,31,0,0,23,0,23,14,14,26,0,54,26,2,28,82
04/28/2013,MOT,ND,AGL,CE,Federal Contract Tower,19,1,0,0,20,0,0,20,0,20,19,1,20,0,40,28,0,28,68
04/29/2013,MOT,ND,AGL,CE,Federal Contract Tower,21,14,14,0,49,0,0,2,0,2,21,14,16,0,51,0,36,36,87
04/30/2013,MOT,ND,AGL,CE,Federal Contract Tower,17,10,11,0,38,0,5,2,0,7,17,15,13,0,45,0,0,0,45
05/01/2013,MOT,ND,AGL,CE,Federal Contract Tower,19,18,13,0,50,0,10,22,0,32,19,28,35,0,82,3,23,26,108
05/02/2013,MOT,ND,AGL,CE,Federal Contract Tower,21,13,6,0,40,0,14,18,0,32,21,27,24,0,72,32,4,36,108
05/03/2013,MOT,ND,AGL,CE,Federal Contract Tower,16,9,9,0,34,0,21,17,0,38,16,30,26,0,72,34,36,70,142
05/04/2013,MOT,ND,AGL,CE,Federal Contract Tower,14,7,7,0,28,0,2,28,0,30,14,9,35,0,58,38,0,38,96
05/05/2013,MOT,ND,AGL,CE,Federal Contract Tower,21,4,9,0,34,0,4,20,0,24,21,8,29,0,58,52,0,52,110
05/06/2013,MOT,ND,AGL,CE,Federal Contract Tower,23,13,4,0,40,0,11,9,0,20,23,24,13,0,60,0,0,0,60
05/07/2013,MOT,ND,AGL,CE,Federal Contract Tower,16,11,17,0,44,0,4,17,0,21,16,15,34,0,65,62,0,62,127
05/08/2013,MOT,ND,AGL,CE,Federal Contract Tower,17,10,16,0,43,0,2,14,0,16,17,12,30,0,59,7,16,23,82
05/09/2013,MOT,ND,AGL,CE,Federal Contract Tower,20,21,14,0,55,0,23,13,0,36,20,44,27,0,91,14,10,24,115
05/10/2013,MOT,ND,AGL,CE,Federal Contract Tower,15,20,15,0,50,0,2,4,0,6,15,22,19,0,56,16,26,42,98
05/11/2013,MOT,ND,AGL,CE,Federal Contract Tower,8,15,0,0,23,0,2,18,0,20,8,17,18,0,43,56,0,56,99
05/12/2013,MOT,ND,AGL,CE,Federal Contract Tower,18,1,7,0,26,0,0,13,0,13,18,1,20,0,39,36,0,36,75
05/13/2013,MOT,ND,AGL,CE,Federal Contract Tower,18,14,19,0,51,0,6,13,0,19,18,20,32,0,70,4,0,4,74
05/14/2013,MOT,ND,AGL,CE,Federal Contract Tower,16,18,8,0,42,0,3,3,0,6,16,21,11,0,48,0,0,0,48
05/15/2013,MOT,ND,AGL,CE,Federal Contract Tower,14,24,11,0,49,0,6,31,0,37,14,30,42,0,86,76,0,76,162
05/16/2013,MOT,ND,AGL,CE,Federal Contract Tower,16,20,17,4,57,0,9,10,1,20,16,29,27,5,77,10,6,16,93
05/17/2013,MOT,ND,AGL,CE,Federal Contract Tower,19,20,17,0,56,0,5,10,6,21,19,25,27,6,77,0,32,32,109
05/18/2013,MOT,ND,AGL,CE,Federal Contract Tower,10,8,2,0,20,0,0,2,0,2,10,8,4,0,22,0,0,0,22
05/19/2013,MOT,ND,AGL,CE,Federal Contract Tower,18,3,6,2,29,0,0,0,0,0,18,3,6,2,29,0,0,0,29
05/20/2013,MOT,ND,AGL,CE,Federal Contract Tower,17,14,27,0,58,0,0,0,0,0,17,14,27,0,58,0,10,10,68
05/21/2013,MOT,ND,AGL,CE,Federal Contract Tower,13,24,18,3,58,0,0,5,3,8,13,24,23,6,66,38,42,80,146
05/22/2013,MOT,ND,AGL,CE,Federal Contract Tower,17,12,21,0,50,0,0,21,0,21,17,12,42,0,71,0,14,14,85
05/23/2013,MOT,ND,AGL,CE,Federal Contract Tower,23,19,10,0,52,0,6,16,0,22,23,25,26,0,74,51,0,51,125
05/24/2013,MOT,ND,AGL,CE,Federal Contract Tower,16,17,13,4,50,0,4,11,1,16,16,21,24,5,66,8,0,8,74
05/25/2013,MOT,ND,AGL,CE,Federal Contract Tower,11,10,5,0,26,0,1,16,0,17,11,11,21,0,43,24,0,24,67
05/26/2013,MOT,ND,AGL,CE,Federal Contract Tower,16,2,6,0,24,0,0,0,0,0,16,2,6,0,24,0,0,0,24
05/27/2013,MOT,ND,AGL,CE,Federal Contract Tower,15,6,1,0,22,0,0,2,0,2,15,6,3,0,24,0,0,0,24
05/28/2013,MOT,ND,AGL,CE,Federal Contract Tower,18,17,19,0,54,0,0,9,0,9,18,17,28,0,63,10,0,10,73
05/29/2013,MOT,ND,AGL,CE,Federal Contract Tower,16,13,21,0,50,0,0,21,0,21,16,13,42,0,71,38,4,42,113
05/30/2013,MOT,ND,AGL,CE,Federal Contract Tower,18,19,18,1,56,0,0,0,0,0,18,19,18,1,56,0,0,0,56
05/31/2013,MOT,ND,AGL,CE,Federal Contract Tower,14,20,18,1,53,0,0,2,0,2,14,20,20,1,55,0,2,2,57
06/01/2013,MOT,ND,AGL,CE,Federal Contract Tower,9,5,5,0,19,0,0,40,0,40,9,5,45,0,59,70,0,70,129
06/02/2013,MOT,ND,AGL,CE,Federal Contract Tower,17,3,3,0,23,0,0,40,0,40,17,3,43,0,63,106,0,106,169
06/03/2013,MOT,ND,AGL,CE,Federal Contract Tower,17,15,16,0,48,0,1,4,4,9,17,16,20,4,57,34,0,34,91
06/04/2013,MOT,ND,AGL,CE,Federal Contract Tower,16,15,10,0,41,0,0,2,0,2,16,15,12,0,43,0,0,0,43
06/05/2013,MOT,ND,AGL,CE,Federal Contract Tower,17,16,7,0,40,0,2,37,0,39,17,18,44,0,79,45,2,47,126
06/06/2013,MOT,ND,AGL,CE,Federal Contract Tower,23,11,24,0,58,0,40,60,0,100,23,51,84,0,158,46,8,54,212
06/07/2013,MOT,ND,AGL,CE,Federal Contract Tower,13,24,14,0,51,0,16,26,0,42,13,40,40,0,93,124,0,124,217
06/08/2013,MOT,ND,AGL,CE,Federal Contract Tower,12,11,11,0,34,0,0,3,0,3,12,11,14,0,37,0,0,0,37
06/09/2013,MOT,ND,AGL,CE,Federal Contract Tower,16,8,6,0,30,0,19,49,0,68,16,27,55,0,98,68,0,68,166
06/10/2013,MOT,ND,AGL,CE,Federal Contract Tower,16,16,19,0,51,0,9,24,0,33,16,25,43,0,84,16,4,20,104
06/11/2013,MOT,ND,AGL,CE,Federal Contract Tower,16,13,17,0,46,0,38,31,0,69,16,51,48,0,115,48,4,52,167
06/12/2013,MOT,ND,AGL,CE,Federal Contract Tower,16,14,25,0,55,0,2,16,0,18,16,16,41,0,73,0,6,6,79
06/13/2013,MOT,ND,AGL,CE,Federal Contract Tower,27,19,24,0,70,0,11,29,0,40,27,30,53,0,110,96,1,97,207
06/14/2013,MOT,ND,AGL,CE,Federal Contract Tower,20,19,16,0,55,0,12,8,0,20,20,31,24,0,75,16,0,16,91
06/15/2013,MOT,ND,AGL,CE,Federal Contract Tower,11,9,6,0,26,0,6,11,0,17,11,15,17,0,43,4,0,4,47
06/16/2013,MOT,ND,AGL,CE,Federal Contract Tower,18,2,4,0,24,0,0,45,0,45,18,2,49,0,69,14,0,14,83
06/17/2013,MOT,ND,AGL,CE,Federal Contract Tower,18,14,20,1,53,0,2,52,0,54,18,16,72,1,107,49,0,49,156
06/18/2013,MOT,ND,AGL,CE,Federal Contract Tower,12,15,23,0,50,0,17,28,0,45,12,32,51,0,95,20,6,26,121
06/19/2013,MOT,ND,AGL,CE,Federal Contract Tower,18,13,27,0,58,0,3,42,0,45,18,16,69,0,103,2,0,2,105
06/20/2013,MOT,ND,AGL,CE,Federal Contract Tower,13,18,17,0,48,0,1,5,0,6,13,19,22,0,54,0,22,22,76
06/21/2013,MOT,ND,AGL,CE,Federal Contract Tower,14,15,20,0,49,0,12,14,0,26,14,27,34,0,75,0,0,0,75
06/22/2013,MOT,ND,AGL,CE,Federal Contract Tower,18,10,4,0,32,0,0,4,0,4,18,10,8,0,36,0,0,0,36
06/23/2013,MOT,ND,AGL,CE,Federal Contract Tower,21,6,8,0,35,0,2,10,0,12,21,8,18,0,47,8,0,8,55
06/24/2013,MOT,ND,AGL,CE,Federal Contract Tower,15,16,30,0,61,0,10,32,0,42,15,26,62,0,103,198,0,198,301
06/25/2013,MOT,ND,AGL,CE,Federal Contract Tower,12,18,20,0,50,0,0,11,0,11,12,18,31,0,61,50,6,56,117
06/26/2013,MOT,ND,AGL,CE,Federal Contract Tower,15,16,11,0,42,0,3,53,0,56,15,19,64,0,98,50,0,50,148
06/27/2013,MOT,ND,AGL,CE,Federal Contract Tower,27,36,14,0,77,0,5,49,0,54,27,41,63,0,131,22,6,28,159
06/28/2013,MOT,ND,AGL,CE,Federal Contract Tower,25,10,16,0,51,0,14,19,0,33,25,24,35,0,84,6,0,6,90
06/29/2013,MOT,ND,AGL,CE,Federal Contract Tower,13,12,4,0,29,0,26,21,0,47,13,38,25,0,76,14,10,24,100
06/30/2013,MOT,ND,AGL,CE,Federal Contract Tower,19,3,1,0,23,0,6,35,0,41,19,9,36,0,64,162,0,162,226
07/01/2013,MOT,ND,AGL,CE,Federal Contract Tower,18,18,22,2,60,0,2,47,8,57,18,20,69,10,117,126,48,174,291
07/02/2013,MOT,ND,AGL,CE,Federal Contract Tower,12,12,13,4,41,0,1,53,0,54,12,13,66,4,95,20,27,47,142
07/03/2013,MOT,ND,AGL,CE,Federal Contract Tower,19,16,10,0,45,0,13,42,0,55,19,29,52,0,100,0,0,0,100
07/04/2013,MOT,ND,AGL,CE,Federal Contract Tower,14,1,2,0,17,0,18,50,0,68,14,19,52,0,85,4,0,4,89
07/05/2013,MOT,ND,AGL,CE,Federal Contract Tower,17,8,7,0,32,0,1,36,0,37,17,9,43,0,69,0,0,0,69
07/06/2013,MOT,ND,AGL,CE,Federal Contract Tower,12,13,6,0,31,0,4,39,0,43,12,17,45,0,74,22,0,22,96
07/07/2013,MOT,ND,AGL,CE,Federal Contract Tower,13,18,14,0,45,0,3,52,10,65,13,21,66,10,110,56,0,56,166
07/08/2013,MOT,ND,AGL,CE,Federal Contract Tower,16,16,32,0,64,0,17,61,4,82,16,33,93,4,146,42,14,56,202
07/09/2013,MOT,ND,AGL,CE,Federal Contract Tower,16,24,37,0,77,0,8,52,4,64,16,32,89,4,141,28,54,82,223
07/10/2013,MOT,ND,AGL,CE,Federal Contract Tower,17,11,17,0,45,0,4,90,2,96,17,15,107,2,141,96,0,96,237
07/11/2013,MOT,ND,AGL,CE,Federal Contract Tower,19,21,29,0,69,0,8,51,2,61,19,29,80,2,130,2,26,28,158
07/12/2013,MOT,ND,AGL,CE,Federal Contract Tower,15,19,15,0,49,0,3,62,2,67,15,22,77,2,116,30,4,34,150
07/13/2013,MOT,ND,AGL,CE,Federal Contract Tower,12,12,8,0,32,0,0,43,0,43,12,12,51,0,75,0,0,0,75
07/14/2013,MOT,ND,AGL,CE,Federal Contract Tower,14,7,6,0,27,0,2,49,0,51,14,9,55,0,78,114,0,114,192
07/15/2013,MOT,ND,AGL,CE,Federal Contract Tower,21,10,30,1,62,0,0,25,1,26,21,10,55,2,88,12,24,36,124
07/16/2013,MOT,ND,AGL,CE,Federal Contract Tower,15,18,19,0,52,0,0,33,0,33,15,18,52,0,85,8,54,62,147
07/17/2013,MOT,ND,AGL,CE,Federal Contract Tower,19,19,23,0,61,0,1,62,1,64,19,20,85,1,125,16,0,16,141
07/18/2013,MOT,ND,AGL,CE,Federal Contract Tower,19,23,24,0,66,0,1,52,0,53,19,24,76,0,119,12,38,50,169
07/19/2013,MOT,ND,AGL,CE,Federal Contract Tower,20,15,26,0,61,0,0,37,0,37,20,15,63,0,98,2,0,2,100
07/20/2013,MOT,ND,AGL,CE,Federal Contract Tower,14,10,14,0,38,0,0,38,0,38,14,10,52,0,76,130,0,130,206
07/21/2013,MOT,ND,AGL,CE,Federal Contract Tower,11,13,10,0,34,0,2,21,1,24,11,15,31,1,58,9,0,9,67
07/22/2013,MOT,ND,AGL,CE,Federal Contract Tower,21,12,26,0,59,0,3,34,0,37,21,15,60,0,96,12,0,12,108
07/23/2013,MOT,ND,AGL,CE,Federal Contract Tower,16,25,22,0,63,0,11,19,0,30,16,36,41,0,93,42,0,42,135
07/24/2013,MOT,ND,AGL,CE,Federal Contract Tower,18,17,23,0,58,0,1,35,1,37,18,18,58,1,95,44,4,48,143
07/25/2013,MOT,ND,AGL,CE,Federal Contract Tower,21,14,23,0,58,0,3,32,2,37,21,17,55,2,95,20,32,52,147
07/26/2013,MOT,ND,AGL,CE,Federal Contract Tower,12,25,14,0,51,0,2,35,0,37,12,27,49,0,88,24,6,30,118
07/27/2013,MOT,ND,AGL,CE,Federal Contract Tower,13,14,1,0,28,0,3,33,0,36,13,17,34,0,64,27,0,27,91
07/28/2013,MOT,ND,AGL,CE,Federal Contract Tower,21,7,8,0,36,0,1,52,0,53,21,8,60,0,89,50,0,50,139
07/29/2013,MOT,ND,AGL,CE,Federal Contract Tower,19,9,13,0,41,0,0,13,0,13,19,9,26,0,54,0,2,2,56
07/30/2013,MOT,ND,AGL,CE,Federal Contract Tower,20,13,25,0,58,0,18,14,0,32,20,31,39,0,90,8,2,10,100
07/31/2013,MOT,ND,AGL,CE,Federal Contract Tower,18,14,31,3,66,0,10,24,4,38,18,24,55,7,104,82,2,84,188
08/01/2013,MOT,ND,AGL,CE,Federal Contract Tower,24,10,26,0,60,0,2,43,0,45,24,12,69,0,105,22,0,22,127
08/02/2013,MOT,ND,AGL,CE,Federal Contract Tower,19,17,4,0,40,0,1,28,2,31,19,18,32,2,71,24,0,24,95
08/03/2013,MOT,ND,AGL,CE,Federal Contract Tower,9,14,7,0,30,0,4,36,0,40,9,18,43,0,70,38,0,38,108
08/04/2013,MOT,ND,AGL,CE,Federal Contract Tower,20,0,2,0,22,0,4,13,0,17,20,4,15,0,39,40,0,40,79
08/05/2013,MOT,ND,AGL,CE,Federal Contract Tower,22,6,30,0,58,0,2,20,0,22,22,8,50,0,80,4,8,12,92
08/06/2013,MOT,ND,AGL,CE,Federal Contract Tower,17,13,17,2,49,0,0,11,0,11,17,13,28,2,60,48,16,64,124
08/07/2013,MOT,ND,AGL,CE,Federal Contract Tower,17,16,20,0,53,0,3,41,2,46,17,19,61,2,99,41,5,46,145
08/08/2013,MOT,ND,AGL,CE,Federal Contract Tower,24,16,20,0,60,0,5,46,0,51,24,21,66,0,111,26,14,40,151
08/09/2013,MOT,ND,AGL,CE,Federal Contract Tower,18,18,26,2,64,0,0,36,0,36,18,18,62,2,100,4,0,4,104
08/10/2013,MOT,ND,AGL,CE,Federal Contract Tower,13,7,2,0,22,0,1,16,0,17,13,8,18,0,39,4,0,4,43
08/11/2013,MOT,ND,AGL,CE,Federal Contract Tower,12,11,6,0,29,0,0,21,0,21,12,11,27,0,50,25,0,25,75
08/12/2013,MOT,ND,AGL,CE,Federal Contract Tower,23,14,19,3,59,0,1,20,0,21,23,15,39,3,80,58,0,58,138
08/13/2013,MOT,ND,AGL,CE,Federal Contract Tower,16,17,24,0,57,0,4,26,1,31,16,21,50,1,88,28,11,39,127
08/14/2013,MOT,ND,AGL,CE,Federal Contract Tower,18,18,20,0,56,0,2,28,1,31,18,20,48,1,87,4,2,6,93
08/15/2013,MOT,ND,AGL,CE,Federal Contract Tower,25,16,29,0,70,0,0,18,3,21,25,16,47,3,91,0,46,46,137
08/16/2013,MOT,ND,AGL,CE,Federal Contract Tower,18,10,12,0,40,0,2,22,0,24,18,12,34,0,64,24,4,28,92
08/17/2013,MOT,ND,AGL,CE,Federal Contract Tower,14,9,2,0,25,0,2,14,0,16,14,11,16,0,41,32,0,32,73
08/18/2013,MOT,ND,AGL,CE,Federal Contract Tower,20,3,6,0,29,0,3,41,0,44,20,6,47,0,73,36,0,36,109
08/19/2013,MOT,ND,AGL,CE,Federal Contract Tower,21,18,27,2,68,0,3,47,0,50,21,21,74,2,118,8,0,8,126
08/20/2013,MOT,ND,AGL,CE,Federal Contract Tower,18,18,29,0,65,0,0,37,0,37,18,18,66,0,102,4,0,4,106
08/21/2013,MOT,ND,AGL,CE,Federal Contract Tower,17,16,8,0,41,0,1,38,0,39,17,17,46,0,80,20,0,20,100
08/22/2013,MOT,ND,AGL,CE,Federal Contract Tower,22,19,33,0,74,0,1,30,0,31,22,20,63,0,105,4,8,12,117
08/23/2013,MOT,ND,AGL,CE,Federal Contract Tower,19,10,22,0,51,0,1,13,0,14,19,11,35,0,65,16,0,16,81
08/24/2013,MOT,ND,AGL,CE,Federal Contract Tower,12,12,4,0,28,0,1,22,0,23,12,13,26,0,51,22,0,22,73
08/25/2013,MOT,ND,AGL,CE,Federal Contract Tower,27,1,3,0,31,0,1,39,0,40,27,2,42,0,71,40,0,40,111
08/26/2013,MOT,ND,AGL,CE,Federal Contract Tower,22,14,19,0,55,0,0,25,0,25,22,14,44,0,80,4,0,4,84
08/27/2013,MOT,ND,AGL,CE,Federal Contract Tower,16,23,22,1,62,0,1,36,1,38,16,24,58,2,100,50,4,54,154
08/28/2013,MOT,ND,AGL,CE,Federal Contract Tower,17,16,18,0,51,0,5,27,6,38,17,21,45,6,89,58,26,84,173
08/29/2013,MOT,ND,AGL,CE,Federal Contract Tower,20,17,25,0,62,0,2,29,0,31,20,19,54,0,93,112,0,112,205
08/30/2013,MOT,ND,AGL,CE,Federal Contract Tower,19,16,14,0,49,0,1,23,0,24,19,17,37,0,73,24,0,24,97
08/31/2013,MOT,ND,AGL,CE,Federal Contract Tower,13,11,3,0,27,0,1,10,0,11,13,12,13,0,38,10,0,10,48
09/01/2013,MOT,ND,AGL,CE,Federal Contract Tower,19,4,4,0,27,0,5,18,0,23,19,9,22,0,50,30,3,33,83
09/02/2013,MOT,ND,AGL,CE,Federal Contract Tower,23,4,8,0,35,0,0,58,0,58,23,4,66,0,93,0,0,0,93
09/03/2013,MOT,ND,AGL,CE,Federal Contract Tower,17,13,35,0,65,0,4,35,4,43,17,17,70,4,108,52,6,58,166
09/04/2013,MOT,ND,AGL,CE,Federal Contract Tower,16,17,17,0,50,0,2,24,1,27,16,19,41,1,77,8,2,10,87
09/05/2013,MOT,ND,AGL,CE,Federal Contract Tower,24,21,22,1,68,0,1,19,4,24,24,22,41,5,92,38,16,54,146
09/06/2013,MOT,ND,AGL,CE,Federal Contract Tower,17,20,18,0,55,0,0,28,0,28,17,20,46,0,83,6,0,6,89
09/07/2013,MOT,ND,AGL,CE,Federal Contract Tower,9,18,5,0,32,0,0,16,0,16,9,18,21,0,48,0,0,0,48
09/08/2013,MOT,ND,AGL,CE,Federal Contract Tower,20,7,4,1,32,0,0,10,0,10,20,7,14,1,42,4,2,6,48
09/09/2013,MOT,ND,AGL,CE,Federal Contract Tower,19,19,20,0,58,0,0,8,2,10,19,19,28,2,68,0,4,4,72
09/10/2013,MOT,ND,AGL,CE,Federal Contract Tower,12,17,21,0,50,0,0,24,0,24,12,17,45,0,74,10,4,14,88
09/11/2013,MOT,ND,AGL,CE,Federal Contract Tower,16,22,19,3,60,0,1,30,4,35,16,23,49,7,95,24,10,34,129
09/12/2013,MOT,ND,AGL,CE,Federal Contract Tower,18,13,19,0,50,0,11,33,0,44,18,24,52,0,94,54,4,58,152
09/13/2013,MOT,ND,AGL,CE,Federal Contract Tower,15,8,18,0,41,0,1,28,5,34,15,9,46,5,75,56,6,62,137
09/14/2013,MOT,ND,AGL,CE,Federal Contract Tower,11,10,7,0,28,0,1,24,0,25,11,11,31,0,53,10,2,12,65
09/15/2013,MOT,ND,AGL,CE,Federal Contract Tower,16,3,7,0,26,0,25,0,0,25,16,28,7,0,51,60,18,78,129
09/16/2013,MOT,ND,AGL,CE,Federal Contract Tower,19,21,12,0,52,0,0,13,0,13,19,21,25,0,65,6,0,6,71
09/17/2013,MOT,ND,AGL,CE,Federal Contract Tower,16,26,18,3,63,0,0,27,0,27,16,26,45,3,90,52,6,58,148
09/18/2013,MOT,ND,AGL,CE,Federal Contract Tower,16,21,16,0,53,0,1,9,0,10,16,22,25,0,63,12,0,12,75
09/19/2013,MOT,ND,AGL,CE,Federal Contract Tower,18,24,34,0,76,0,1,6,0,7,18,25,40,0,83,2,46,48,131
09/20/2013,MOT,ND,AGL,CE,Federal Contract Tower,15,16,19,0,50,0,0,27,0,27,15,16,46,0,77,20,0,20,97
09/21/2013,MOT,ND,AGL,CE,Federal Contract Tower,13,9,7,0,29,0,0,26,0,26,13,9,33,0,55,52,0,52,107
09/22/2013,MOT,ND,AGL,CE,Federal Contract Tower,15,2,4,0,21,0,0,16,2,18,15,2,20,2,39,36,0,36,75
09/23/2013,MOT,ND,AGL,CE,Federal Contract Tower,17,22,16,0,55,0,0,3,0,3,17,22,19,0,58,0,0,0,58
09/24/2013,MOT,ND,AGL,CE,Federal Contract Tower,13,15,23,0,51,0,9,16,0,25,13,24,39,0,76,16,6,22,98
09/25/2013,MOT,ND,AGL,CE,Federal Contract Tower,17,14,10,0,41,0,0,17,0,17,17,14,27,0,58,10,8,18,76
09/26/2013,MOT,ND,AGL,CE,Federal Contract Tower,18,18,17,1,54,0,1,6,0,7,18,19,23,1,61,10,20,30,91
09/27/2013,MOT,ND,AGL,CE,Federal Contract Tower,16,15,25,0,56,0,1,9,0,10,16,16,34,0,66,22,0,22,88
09/28/2013,MOT,ND,AGL,CE,Federal Contract Tower,12,11,8,0,31,0,1,25,0,26,12,12,33,0,57,84,0,84,141
09/29/2013,MOT,ND,AGL,CE,Federal Contract Tower,18,4,5,0,27,0,10,8,0,18,18,14,13,0,45,0,0,0,45
09/30/2013,MOT,ND,AGL,CE,Federal Contract Tower,21,13,25,0,59,0,2,29,0,31,21,15,54,0,90,20,0,20,110
10/01/2013,MOT,ND,AGL,CE,Federal Contract Tower,6,27,29,2,64,0,1,14,0,15,6,28,43,2,79,26,8,34,113
10/02/2013,MOT,ND,AGL,CE,Federal Contract Tower,8,31,12,2,53,0,7,18,0,25,8,38,30,2,78,10,6,16,94
10/03/2013,MOT,ND,AGL,CE,Federal Contract Tower,8,37,20,0,65,0,5,10,0,15,8,42,30,0,80,12,24,36,116
10/04/2013,MOT,ND,AGL,CE,Federal Contract Tower,7,33,14,0,54,0,2,3,0,5,7,35,17,0,59,2,4,6,65
10/05/2013,MOT,ND,AGL,CE,Federal Contract Tower,10,12,11,0,33,0,0,19,0,19,10,12,30,0,52,38,0,38,90
10/06/2013,MOT,ND,AGL,CE,Federal Contract Tower,8,9,12,2,31,0,0,29,0,29,8,9,41,2,60,74,4,78,138
10/07/2013,MOT,ND,AGL,CE,Federal Contract Tower,10,20,27,0,57,0,2,9,0,11,10,22,36,0,68,0,8,8,76
10/08/2013,MOT,ND,AGL,CE,Federal Contract Tower,5,35,22,0,62,0,3,24,0,27,5,38,46,0,89,0,0,0,89
10/09/2013,MOT,ND,AGL,CE,Federal Contract Tower,9,23,19,0,51,0,1,28,0,29,9,24,47,0,80,22,4,26,106
10/10/2013,MOT,ND,AGL,CE,Federal Contract Tower,8,24,17,0,49,0,9,13,0,22,8,33,30,0,71,10,0,10,81
10/11/2013,MOT,ND,AGL,CE,Federal Contract Tower,6,28,21,0,55,0,0,0,0,0,6,28,21,0,55,0,0,0,55
10/12/2013,MOT,ND,AGL,CE,Federal Contract Tower,6,22,11,0,39,0,0,8,0,8,6,22,19,0,47,10,0,10,57
10/13/2013,MOT,ND,AGL,CE,Federal Contract Tower,9,9,3,0,21,0,0,25,0,25,9,9,28,0,46,24,0,24,70
10/14/2013,MOT,ND,AGL,CE,Federal Contract Tower,10,22,31,0,63,0,0,0,0,0,10,22,31,0,63,0,0,0,63
10/15/2013,MOT,ND,AGL,CE,Federal Contract Tower,6,19,17,0,42,0,0,10,0,10,6,19,27,0,52,20,4,24,76
10/16/2013,MOT,ND,AGL,CE,Federal Contract Tower,6,23,15,0,44,0,1,18,0,19,6,24,33,0,63,40,8,48,111
10/17/2013,MOT,ND,AGL,CE,Federal Contract Tower,8,26,18,0,52,0,2,15,0,17,8,28,33,0,69,4,4,8,77
10/18/2013,MOT,ND,AGL,CE,Federal Contract Tower,6,24,15,0,45,0,6,3,2,11,6,30,18,2,56,10,0,10,66
10/19/2013,MOT,ND,AGL,CE,Federal Contract Tower,6,16,0,0,22,0,0,11,0,11,6,16,11,0,33,26,0,26,59
10/20/2013,MOT,ND,AGL,CE,Federal Contract Tower,18,3,7,0,28,0,0,0,0,0,18,3,7,0,28,0,0,0,28
10/21/2013,MOT,ND,AGL,CE,Federal Contract Tower,8,23,17,0,48,0,7,12,0,19,8,30,29,0,67,10,8,18,85
10/22/2013,MOT,ND,AGL,CE,Federal Contract Tower,7,27,19,0,53,0,2,9,0,11,7,29,28,0,64,10,28,38,102
10/23/2013,MOT,ND,AGL,CE,Federal Contract Tower,8,19,28,0,55,0,0,10,0,10,8,19,38,0,65,18,28,46,111
10/24/2013,MOT,ND,AGL,CE,Federal Contract Tower,5,38,20,0,63,0,2,12,0,14,5,40,32,0,77,12,0,12,89
10/25/2013,MOT,ND,AGL,CE,Federal Contract Tower,6,24,18,0,48,0,0,12,0,12,6,24,30,0,60,14,4,18,78
10/26/2013,MOT,ND,AGL,CE,Federal Contract Tower,6,14,5,0,25,0,0,27,0,27,6,14,32,0,52,10,0,10,62
10/27/2013,MOT,ND,AGL,CE,Federal Contract Tower,4,14,4,0,22,0,3,12,0,15,4,17,16,0,37,4,0,4,41
10/28/2013,MOT,ND,AGL,CE,Federal Contract Tower,7,26,27,0,60,0,0,14,0,14,7,26,41,0,74,46,54,100,174
10/29/2013,MOT,ND,AGL,CE,Federal Contract Tower,8,30,16,0,54,0,2,36,0,38,8,32,52,0,92,44,26,70,162
10/30/2013,MOT,ND,AGL,CE,Federal Contract Tower,6,32,25,0,63,0,0,8,0,8,6,32,33,0,71,18,0,18,89
10/31/2013,MOT,ND,AGL,CE,Federal Contract Tower,10,30,17,0,57,0,0,8,0,8,10,30,25,0,65,26,2,28,93
11/01/2013,MOT,ND,AGL,CE,Federal Contract Tower,6,33,10,0,49,0,0,3,0,3,6,33,13,0,52,2,6,8,60
11/02/2013,MOT,ND,AGL,CE,Federal Contract Tower,8,16,4,1,29,0,0,31,1,32,8,16,35,2,61,22,0,22,83
11/03/2013,MOT,ND,AGL,CE,Federal Contract Tower,7,14,5,0,26,0,0,23,0,23,7,14,28,0,49,18,0,18,67
11/04/2013,MOT,ND,AGL,CE,Federal Contract Tower,9,25,18,0,52,0,1,6,0,7,9,26,24,0,59,0,2,2,61
11/05/2013,MOT,ND,AGL,CE,Federal Contract Tower,7,21,14,0,42,0,1,21,0,22,7,22,35,0,64,97,12,109,173
11/06/2013,MOT,ND,AGL,CE,Federal Contract Tower,7,26,22,0,55,0,3,34,0,37,7,29,56,0,92,10,0,10,102
11/07/2013,MOT,ND,AGL,CE,Federal Contract Tower,12,24,19,0,55,0,4,41,0,45,12,28,60,0,100,14,0,14,114
11/08/2013,MOT,ND,AGL,CE,Federal Contract Tower,7,24,24,0,55,0,0,6,0,6,7,24,30,0,61,2,2,4,65
11/09/2013,MOT,ND,AGL,CE,Federal Contract Tower,6,17,3,0,26,0,0,2,0,2,6,17,5,0,28,0,0,0,28
11/10/2013,MOT,ND,AGL,CE,Federal Contract Tower,6,12,0,0,18,0,8,6,0,14,6,20,6,0,32,8,0,8,40
11/11/2013,MOT,ND,AGL,CE,Federal Contract Tower,11,23,17,0,51,0,0,25,0,25,11,23,42,0,76,42,0,42,118
11/12/2013,MOT,ND,AGL,CE,Federal Contract Tower,7,25,17,0,49,0,0,28,1,29,7,25,45,1,78,19,60,79,157
11/13/2013,MOT,ND,AGL,CE,Federal Contract Tower,10,30,34,0,74,0,0,27,0,27,10,30,61,0,101,12,1,13,114
11/14/2013,MOT,ND,AGL,CE,Federal Contract Tower,8,31,24,0,63,0,1,10,0,11,8,32,34,0,74,16,4,20,94
11/15/2013,MOT,ND,AGL,CE,Federal Contract Tower,8,25,20,0,53,0,3,33,4,40,8,28,53,4,93,8,16,24,117
11/16/2013,MOT,ND,AGL,CE,Federal Contract Tower,7,19,4,0,30,0,0,27,4,31,7,19,31,4,61,38,8,46,107
11/17/2013,MOT,ND,AGL,CE,Federal Contract Tower,8,18,7,0,33,0,1,1,0,2,8,19,8,0,35,0,0,0,35
11/18/2013,MOT,ND,AGL,CE,Federal Contract Tower,9,27,30,0,66,0,0,33,0,33,9,27,63,0,99,18,16,34,133
11/19/2013,MOT,ND,AGL,CE,Federal Contract Tower,5,28,13,0,46,0,0,11,0,11,5,28,24,0,57,8,4,12,69
11/20/2013,MOT,ND,AGL,CE,Federal Contract Tower,8,18,18,0,44,0,0,6,0,6,8,18,24,0,50,6,0,6,56
11/21/2013,MOT,ND,AGL,CE,Federal Contract Tower,12,29,17,0,58,0,2,6,0,8,12,31,23,0,66,0,2,2,68
11/22/2013,MOT,ND,AGL,CE,Federal Contract Tower,9,21,26,0,56,0,0,8,0,8,9,21,34,0,64,0,0,0,64
11/23/2013,MOT,ND,AGL,CE,Federal Contract Tower,7,16,2,0,25,0,4,5,0,9,7,20,7,0,34,2,0,2,36
11/24/2013,MOT,ND,AGL,CE,Federal Contract Tower,7,14,1,0,22,0,0,9,0,9,7,14,10,0,31,2,0,2,33
11/25/2013,MOT,ND,AGL,CE,Federal Contract Tower,11,17,21,0,49,0,0,18,0,18,11,17,39,0,67,4,2,6,73
11/26/2013,MOT,ND,AGL,CE,Federal Contract Tower,8,20,16,0,44,0,4,9,0,13,8,24,25,0,57,40,0,40,97
11/27/2013,MOT,ND,AGL,CE,Federal Contract Tower,9,26,16,0,51,0,0,14,0,14,9,26,30,0,65,20,0,20,85
11/28/2013,MOT,ND,AGL,CE,Federal Contract Tower,7,7,3,0,17,0,0,4,0,4,7,7,7,0,21,2,0,2,23
11/29/2013,MOT,ND,AGL,CE,Federal Contract Tower,11,11,0,0,22,0,0,5,0,5,11,11,5,0,27,58,0,58,85
11/30/2013,MOT,ND,AGL,CE,Federal Contract Tower,7,19,5,0,31,0,0,18,0,18,7,19,23,0,49,40,0,40,89
12/01/2013,MOT,ND,AGL,CE,Federal Contract Tower,9,17,8,0,34,0,0,0,0,0,9,17,8,0,34,0,0,0,34
12/02/2013,MOT,ND,AGL,CE,Federal Contract Tower,12,20,24,0,56,0,0,0,0,0,12,20,24,0,56,0,0,0,56
12/03/2013,MOT,ND,AGL,CE,Federal Contract Tower,8,20,6,0,34,0,0,0,0,0,8,20,6,0,34,0,0,0,34
12/04/2013,MOT,ND,AGL,CE,Federal Contract Tower,7,20,6,0,33,0,0,0,0,0,7,20,6,0,33,0,0,0,33
12/05/2013,MOT,ND,AGL,CE,Federal Contract Tower,8,28,7,0,43,0,0,0,0,0,8,28,7,0,43,0,0,0,43
12/06/2013,MOT,ND,AGL,CE,Federal Contract Tower,6,24,10,0,40,0,0,4,0,4,6,24,14,0,44,4,10,14,58
12/07/2013,MOT,ND,AGL,CE,Federal Contract Tower,5,16,11,0,32,0,0,6,0,6,5,16,17,0,38,0,0,0,38
12/08/2013,MOT,ND,AGL,CE,Federal Contract Tower,6,15,4,0,25,0,0,1,0,1,6,15,5,0,26,4,0,4,30
12/09/2013,MOT,ND,AGL,CE,Federal Contract Tower,8,21,15,0,44,0,0,5,0,5,8,21,20,0,49,0,6,6,55
12/10/2013,MOT,ND,AGL,CE,Federal Contract Tower,4,33,15,0,52,0,3,4,0,7,4,36,19,0,59,4,0,4,63
12/11/2013,MOT,ND,AGL,CE,Federal Contract Tower,9,20,20,0,49,0,0,1,0,1,9,20,21,0,50,0,0,0,50
12/12/2013,MOT,ND,AGL,CE,Federal Contract Tower,8,31,24,0,63,0,4,0,10,14,8,35,24,10,77,0,0,0,77
12/13/2013,MOT,ND,AGL,CE,Federal Contract Tower,6,35,7,0,48,0,0,0,0,0,6,35,7,0,48,0,0,0,48
12/14/2013,MOT,ND,AGL,CE,Federal Contract Tower,7,22,5,0,34,0,0,6,0,6,7,22,11,0,40,4,0,4,44
12/15/2013,MOT,ND,AGL,CE,Federal Contract Tower,6,14,5,2,27,0,0,2,0,2,6,14,7,2,29,0,0,0,29
12/16/2013,MOT,ND,AGL,CE,Federal Contract Tower,9,24,14,0,47,0,3,7,0,10,9,27,21,0,57,0,8,8,65
12/17/2013,MOT,ND,AGL,CE,Federal Contract Tower,2,27,19,0,48,0,1,5,0,6,2,28,24,0,54,12,0,12,66
12/18/2013,MOT,ND,AGL,CE,Federal Contract Tower,8,24,22,0,54,0,1,10,1,12,8,25,32,1,66,18,4,22,88
12/19/2013,MOT,ND,AGL,CE,Federal Contract Tower,12,24,17,0,53,0,0,1,0,1,12,24,18,0,54,0,6,6,60
12/20/2013,MOT,ND,AGL,CE,Federal Contract Tower,5,26,17,0,48,0,2,8,0,10,5,28,25,0,58,8,0,8,66
12/21/2013,MOT,ND,AGL,CE,Federal Contract Tower,8,14,9,0,31,0,0,11,0,11,8,14,20,0,42,10,0,10,52
12/22/2013,MOT,ND,AGL,CE,Federal Contract Tower,13,15,6,0,34,0,0,3,0,3,13,15,9,0,37,12,0,12,49
12/23/2013,MOT,ND,AGL,CE,Federal Contract Tower,13,17,20,0,50,0,2,5,0,7,13,19,25,0,57,0,0,0,57
12/24/2013,MOT,ND,AGL,CE,Federal Contract Tower,8,21,2,0,31,0,1,0,0,1,8,22,2,0,32,2,0,2,34
12/25/2013,MOT,ND,AGL,CE,Federal Contract Tower,4,10,0,0,14,0,0,0,0,0,4,10,0,0,14,0,0,0,14
12/26/2013,MOT,ND,AGL,CE,Federal Contract Tower,9,29,6,0,44,0,0,9,0,9,9,29,15,0,53,2,0,2,55
12/27/2013,MOT,ND,AGL,CE,Federal Contract Tower,12,24,14,1,51,0,4,21,0,25,12,28,35,1,76,6,98,104,180
12/28/2013,MOT,ND,AGL,CE,Federal Contract Tower,6,7,2,0,15,0,0,0,0,0,6,7,2,0,15,0,0,0,15
12/29/2013,MOT,ND,AGL,CE,Federal Contract Tower,8,12,3,0,23,0,3,5,0,8,8,15,8,0,31,0,0,0,31
12/30/2013,MOT,ND,AGL,CE,Federal Contract Tower,8,19,11,0,38,0,0,0,0,0,8,19,11,0,38,0,12,12,50
12/31/2013,MOT,ND,AGL,CE,Federal Contract Tower,6,25,2,0,33,0,0,2,0,2,6,25,4,0,35,0,0,0,35
01/01/2014,MOT,ND,AGL,CE,Federal Contract Tower,5,10,1,0,16,0,1,10,0,11,5,11,11,0,27,0,0,0,27
01/02/2014,MOT,ND,AGL,CE,Federal Contract Tower,8,23,16,0,47,0,0,4,0,4,8,23,20,0,51,2,0,2,53
01/03/2014,MOT,ND,AGL,CE,Federal Contract Tower,2,23,2,0,27,0,2,2,0,4,2,25,4,0,31,0,40,40,71
01/04/2014,MOT,ND,AGL,CE,Federal Contract Tower,6,13,0,0,19,0,1,4,0,5,6,14,4,0,24,0,0,0,24
01/05/2014,MOT,ND,AGL,CE,Federal Contract Tower,9,9,2,0,20,0,0,0,0,0,9,9,2,0,20,0,0,0,20
01/06/2014,MOT,ND,AGL,CE,Federal Contract Tower,6,21,12,0,39,0,0,1,0,1,6,21,13,0,40,0,0,0,40
01/07/2014,MOT,ND,AGL,CE,Federal Contract Tower,3,24,12,0,39,0,0,0,0,0,3,24,12,0,39,8,0,8,47
01/08/2014,MOT,ND,AGL,CE,Federal Contract Tower,7,25,14,0,46,0,0,9,0,9,7,25,23,0,55,16,0,16,71
01/09/2014,MOT,ND,AGL,CE,Federal Contract Tower,6,31,16,0,53,0,4,2,0,6,6,35,18,0,59,8,2,10,69
01/10/2014,MOT,ND,AGL,CE,Federal Contract Tower,3,24,19,0,46,0,16,0,0,16,3,40,19,0,62,0,0,0,62
01/11/2014,MOT,ND,AGL,CE,Federal Contract Tower,2,22,1,0,25,0,0,7,0,7,2,22,8,0,32,26,0,26,58
01/12/2014,MOT,ND,AGL,CE,Federal Contract Tower,4,18,3,0,25,0,0,8,0,8,4,18,11,0,33,20,0,20,53
01/13/2014,MOT,ND,AGL,CE,Federal Contract Tower,7,26,13,0,46,0,2,3,0,5,7,28,16,0,51,0,0,0,51
01/14/2014,MOT,ND,AGL,CE,Federal Contract Tower,5,27,20,0,52,0,6,11,0,17,5,33,31,0,69,6,20,26,95
01/15/2014,MOT,ND,AGL,CE,Federal Contract Tower,8,28,12,0,48,0,1,4,0,5,8,29,16,0,53,2,4,6,59
01/16/2014,MOT,ND,AGL,CE,Federal Contract Tower,9,23,15,0,47,0,0,3,0,3,9,23,18,0,50,0,0,0,50
01/17/2014,MOT,ND,AGL,CE,Federal Contract Tower,5,22,16,1,44,0,1,1,0,2,5,23,17,1,46,0,0,0,46
01/18/2014,MOT,ND,AGL,CE,Federal Contract Tower,4,28,3,0,35,0,2,2,0,4,4,30,5,0,39,14,0,14,53
01/19/2014,MOT,ND,AGL,CE,Federal Contract Tower,5,12,2,0,19,0,0,5,0,5,5,12,7,0,24,0,0,0,24
01/20/2014,MOT,ND,AGL,CE,Federal Contract Tower,5,19,10,0,34,0,0,2,0,2,5,19,12,0,36,2,0,2,38
01/21/2014,MOT,ND,AGL,CE,Federal Contract Tower,3,27,9,2,41,0,0,0,0,0,3,27,9,2,41,2,6,8,49
01/22/2014,MOT,ND,AGL,CE,Federal Contract Tower,6,26,13,1,46,0,1,0,3,4,6,27,13,4,50,0,8,8,58
01/23/2014,MOT,ND,AGL,CE,Federal Contract Tower,10,24,27,0,61,0,0,0,0,0,10,24,27,0,61,10,0,10,71
01/24/2014,MOT,ND,AGL,CE,Federal Contract Tower,3,24,11,0,38,0,2,4,0,6,3,26,15,0,44,0,6,6,50
01/25/2014,MOT,ND,AGL,CE,Federal Contract Tower,2,23,8,0,33,0,0,0,0,0,2,23,8,0,33,0,0,0,33
01/26/2014,MOT,ND,AGL,CE,Federal Contract Tower,4,8,3,0,15,0,0,0,0,0,4,8,3,0,15,0,0,0,15
01/27/2014,MOT,ND,AGL,CE,Federal Contract Tower,5,27,11,2,45,0,0,4,0,4,5,27,15,2,49,0,8,8,57
01/28/2014,MOT,ND,AGL,CE,Federal Contract Tower,3,26,9,0,38,0,2,2,0,4,3,28,11,0,42,0,6,6,48
01/29/2014,MOT,ND,AGL,CE,Federal Contract Tower,5,27,18,0,50,0,4,4,0,8,5,31,22,0,58,8,2,10,68
01/30/2014,MOT,ND,AGL,CE,Federal Contract Tower,9,26,21,0,56,0,0,7,0,7,9,26,28,0,63,22,0,22,85
01/31/2014,MOT,ND,AGL,CE,Federal Contract Tower,3,25,17,0,45,0,0,12,0,12,3,25,29,0,57,2,0,2,59
02/01/2014,MOT,ND,AGL,CE,Federal Contract Tower,3,26,2,0,31,0,0,4,0,4,3,26,6,0,35,14,0,14,49
02/02/2014,MOT,ND,AGL,CE,Federal Contract Tower,3,12,5,0,20,0,0,7,0,7,3,12,12,0,27,0,0,0,27
02/03/2014,MOT,ND,AGL,CE,Federal Contract Tower,7,23,16,1,47,0,4,5,0,9,7,27,21,1,56,0,8,8,64
02/04/2014,MOT,ND,AGL,CE,Federal Contract Tower,5,23,7,0,35,0,0,5,0,5,5,23,12,0,40,62,0,62,102
02/05/2014,MOT,ND,AGL,CE,Federal Contract Tower,5,26,10,0,41,0,0,0,0,0,5,26,10,0,41,0,8,8,49
02/06/2014,MOT,ND,AGL,CE,Federal Contract Tower,7,25,11,2,45,0,2,11,0,13,7,27,22,2,58,2,0,2,60
02/07/2014,MOT,ND,AGL,CE,Federal Contract Tower,3,25,15,0,43,0,3,23,0,26,3,28,38,0,69,2,0,2,71
02/08/2014,MOT,ND,AGL,CE,Federal Contract Tower,3,21,2,0,26,0,2,5,0,7,3,23,7,0,33,8,0,8,41
02/09/2014,MOT,ND,AGL,CE,Federal Contract Tower,5,12,5,0,22,0,1,3,0,4,5,13,8,0,26,0,0,0,26
02/10/2014,MOT,ND,AGL,CE,Federal Contract Tower,6,21,12,0,39,0,0,0,0,0,6,21,12,0,39,0,0,0,39
02/11/2014,MOT,ND,AGL,CE,Federal Contract Tower,2,23,8,0,33,0,4,4,0,8,2,27,12,0,41,3,0,3,44
02/12/2014,MOT,ND,AGL,CE,Federal Contract Tower,6,19,14,0,39,0,0,3,0,3,6,19,17,0,42,0,14,14,56
02/13/2014,MOT,ND,AGL,CE,Federal Contract Tower,8,30,11,0,49,0,10,11,0,21,8,40,22,0,70,10,12,22,92
02/14/2014,MOT,ND,AGL,CE,Federal Contract Tower,4,35,9,0,48,0,0,6,0,6,4,35,15,0,54,12,0,12,66
02/15/2014,MOT,ND,AGL,CE,Federal Contract Tower,6,18,6,0,30,0,3,5,0,8,6,21,11,0,38,4,0,4,42
02/16/2014,MOT,ND,AGL,CE,Federal Contract Tower,8,14,6,0,28,0,0,0,0,0,8,14,6,0,28,0,0,0,28
02/17/2014,MOT,ND,AGL,CE,Federal Contract Tower,8,21,17,0,46,0,0,7,0,7,8,21,24,0,53,32,0,32,85
02/18/2014,MOT,ND,AGL,CE,Federal Contract Tower,5,22,9,0,36,0,0,15,0,15,5,22,24,0,51,10,0,10,61
02/19/2014,MOT,ND,AGL,CE,Federal Contract Tower,7,22,13,0,42,0,3,15,0,18,7,25,28,0,60,16,0,16,76
02/20/2014,MOT,ND,AGL,CE,Federal Contract Tower,9,24,19,2,54,0,3,6,0,9,9,27,25,2,63,2,4,6,69
02/21/2014,MOT,ND,AGL,CE,Federal Contract Tower,6,22,9,0,37,0,6,4,0,10,6,28,13,0,47,4,2,6,53
02/22/2014,MOT,ND,AGL,CE,Federal Contract Tower,6,17,11,0,34,0,0,11,0,11,6,17,22,0,45,56,0,56,101
02/23/2014,MOT,ND,AGL,CE,Federal Contract Tower,8,11,4,0,23,0,0,0,0,0,8,11,4,0,23,0,0,0,23
02/24/2014,MOT,ND,AGL,CE,Federal Contract Tower,11,18,18,9,56,0,2,7,0,9,11,20,25,9,65,16,10,26,91
02/25/2014,MOT,ND,AGL,CE,Federal Contract Tower,7,19,25,2,53,0,0,5,0,5,7,19,30,2,58,8,4,12,70
02/26/2014,MOT,ND,AGL,CE,Federal Contract Tower,9,32,18,1,60,0,1,5,0,6,9,33,23,1,66,4,4,8,74
02/27/2014,MOT,ND,AGL,CE,Federal Contract Tower,6,30,20,2,58,0,7,5,0,12,6,37,25,2,70,18,4,22,92
02/28/2014,MOT,ND,AGL,CE,Federal Contract Tower,6,27,10,0,43,0,0,6,0,6,6,27,16,0,49,0,4,4,53
03/01/2014,MOT,ND,AGL,CE,Federal Contract Tower,10,20,4,0,34,0,0,2,0,2,10,20,6,0,36,0,0,0,36
03/02/2014,MOT,ND,AGL,CE,Federal Contract Tower,6,11,8,0,25,0,0,6,0,6,6,11,14,0,31,4,0,4,35
03/03/2014,MOT,ND,AGL,CE,Federal Contract Tower,8,22,23,0,53,0,0,1,0,1,8,22,24,0,54,2,8,10,64
03/04/2014,MOT,ND,AGL,CE,Federal Contract Tower,7,24,11,0,42,0,0,1,0,1,7,24,12,0,43,0,2,2,45
03/05/2014,MOT,ND,AGL,CE,Federal Contract Tower,8,28,8,0,44,0,1,2,0,3,8,29,10,0,47,2,0,2,49
03/06/2014,MOT,ND,AGL,CE,Federal Contract Tower,7,23,16,0,46,0,0,0,0,0,7,23,16,0,46,0,0,0,46
03/07/2014,MOT,ND,AGL,CE,Federal Contract Tower,4,21,13,0,38,0,0,23,0,23,4,21,36,0,61,14,0,14,75
03/08/2014,MOT,ND,AGL,CE,Federal Contract Tower,5,18,2,0,25,0,3,17,0,20,5,21,19,0,45,4,14,18,63
03/09/2014,MOT,ND,AGL,CE,Federal Contract Tower,6,14,8,0,28,0,8,18,0,26,6,22,26,0,54,10,0,10,64
03/10/2014,MOT,ND,AGL,CE,Federal Contract Tower,10,19,23,0,52,0,3,15,0,18,10,22,38,0,70,36,6,42,112
03/11/2014,MOT,ND,AGL,CE,Federal Contract Tower,3,24,14,0,41,0,2,2,0,4,3,26,16,0,45,36,0,36,81
03/12/2014,MOT,ND,AGL,CE,Federal Contract Tower,7,27,13,1,48,0,1,7,0,8,7,28,20,1,56,18,0,18,74
03/13/2014,MOT,ND,AGL,CE,Federal Contract Tower,7,22,16,0,45,0,17,6,0,23,7,39,22,0,68,22,4,26,94
03/14/2014,MOT,ND,AGL,CE,Federal Contract Tower,8,25,16,0,49,0,0,10,3,13,8,25,26,3,62,16,6,22,84
03/15/2014,MOT,ND,AGL,CE,Federal Contract Tower,5,17,7,0,29,0,4,3,0,7,5,21,10,0,36,2,0,2,38
03/16/2014,MOT,ND,AGL,CE,Federal Contract Tower,5,12,5,0,22,0,1,9,0,10,5,13,14,0,32,0,0,0,32
03/17/2014,MOT,ND,AGL,CE,Federal Contract Tower,11,16,8,0,35,0,1,4,2,7,11,17,12,2,42,12,24,36,78
03/18/2014,MOT,ND,AGL,CE,Federal Contract Tower,4,23,8,0,35,0,0,3,0,3,4,23,11,0,38,0,0,0,38
03/19/2014,MOT,ND,AGL,CE,Federal Contract Tower,8,23,9,0,40,0,2,12,0,14,8,25,21,0,54,16,40,56,110
03/20/2014,MOT,ND,AGL,CE,Federal Contract Tower,6,21,15,0,42,0,0,7,0,7,6,21,22,0,49,74,0,74,123
03/21/2014,MOT,ND,AGL,CE,Federal Contract Tower,6,22,7,0,35,0,4,10,0,14,6,26,17,0,49,0,0,0,49
03/22/2014,MOT,ND,AGL,CE,Federal Contract Tower,5,21,12,0,38,0,11,7,0,18,5,32,19,0,56,26,0,26,82
03/23/2014,MOT,ND,AGL,CE,Federal Contract Tower,6,18,6,0,30,0,2,8,0,10,6,20,14,0,40,98,0,98,138
03/24/2014,MOT,ND,AGL,CE,Federal Contract Tower,10,23,7,0,40,0,4,12,0,16,10,27,19,0,56,12,2,14,70
03/25/2014,MOT,ND,AGL,CE,Federal Contract Tower,3,22,24,0,49,0,1,27,2,30,3,23,51,2,79,42,6,48,127
03/26/2014,MOT,ND,AGL,CE,Federal Contract Tower,5,24,14,0,43,0,0,19,0,19,5,24,33,0,62,26,6,32,94
03/27/2014,MOT,ND,AGL,CE,Federal Contract Tower,9,21,20,0,50,0,1,27,0,28,9,22,47,0,78,43,4,47,125
03/28/2014,MOT,ND,AGL,CE,Federal Contract Tower,4,24,12,0,40,0,1,1,0,2,4,25,13,0,42,2,0,2,44
03/29/2014,MOT,ND,AGL,CE,Federal Contract Tower,7,22,2,0,31,0,23,13,0,36,7,45,15,0,67,48,0,48,115
03/30/2014,MOT,ND,AGL,CE,Federal Contract Tower,10,14,8,0,32,0,0,14,0,14,10,14,22,0,46,30,0,30,76
03/31/2014,MOT,ND,AGL,CE,Federal Contract Tower,8,18,4,0,30,0,0,0,0,0,8,18,4,0,30,0,0,0,30
04/01/2014,MOT,ND,AGL,CE,Federal Contract Tower,6,21,7,0,34,0,1,6,0,7,6,22,13,0,41,34,80,114,155
04/02/2014,MOT,ND,AGL,CE,Federal Contract Tower,8,22,24,0,54,0,0,12,0,12,8,22,36,0,66,2,2,4,70
04/03/2014,MOT,ND,AGL,CE,Federal Contract Tower,10,22,13,1,46,0,4,5,0,9,10,26,18,1,55,22,2,24,79
04/04/2014,MOT,ND,AGL,CE,Federal Contract Tower,7,26,14,2,49,0,1,15,3,19,7,27,29,5,68,56,62,118,186
04/05/2014,MOT,ND,AGL,CE,Federal Contract Tower,7,21,8,0,36,0,0,14,0,14,7,21,22,0,50,26,0,26,76
04/06/2014,MOT,ND,AGL,CE,Federal Contract Tower,7,12,4,0,23,0,6,9,0,15,7,18,13,0,38,19,0,19,57
04/07/2014,MOT,ND,AGL,CE,Federal Contract Tower,10,19,16,0,45,0,1,6,0,7,10,20,22,0,52,18,22,40,92
04/08/2014,MOT,ND,AGL,CE,Federal Contract Tower,7,24,19,0,50,0,12,21,0,33,7,36,40,0,83,34,38,72,155
04/09/2014,MOT,ND,AGL,CE,Federal Contract Tower,6,26,16,1,49,0,9,5,0,14,6,35,21,1,63,0,4,4,67
04/10/2014,MOT,ND,AGL,CE,Federal Contract Tower,12,23,13,0,48,0,15,7,0,22,12,38,20,0,70,34,2,36,106
04/11/2014,MOT,ND,AGL,CE,Federal Contract Tower,3,21,13,0,37,0,11,14,0,25,3,32,27,0,62,32,28,60,122
04/12/2014,MOT,ND,AGL,CE,Federal Contract Tower,5,16,5,0,26,0,2,0,0,2,5,18,5,0,28,0,0,0,28
04/13/2014,MOT,ND,AGL,CE,Federal Contract Tower,5,13,5,0,23,0,0,4,0,4,5,13,9,0,27,16,0,16,43
04/14/2014,MOT,ND,AGL,CE,Federal Contract Tower,10,15,15,0,40,0,4,9,0,13,10,19,24,0,53,22,0,22,75
04/15/2014,MOT,ND,AGL,CE,Federal Contract Tower,6,26,11,0,43,0,7,7,5,19,6,33,18,5,62,10,0,10,72
04/16/2014,MOT,ND,AGL,CE,Federal Contract Tower,6,22,18,0,46,0,1,2,0,3,6,23,20,0,49,12,4,16,65
04/17/2014,MOT,ND,AGL,CE,Federal Contract Tower,12,17,17,0,46,0,0,19,5,24,12,17,36,5,70,8,4,12,82
04/18/2014,MOT,ND,AGL,CE,Federal Contract Tower,7,17,11,0,35,0,10,6,0,16,7,27,17,0,51,0,4,4,55
04/19/2014,MOT,ND,AGL,CE,Federal Contract Tower,5,13,1,0,19,0,0,13,0,13,5,13,14,0,32,2,0,2,34
04/20/2014,MOT,ND,AGL,CE,Federal Contract Tower,6,10,4,0,20,0,0,11,0,11,6,10,15,0,31,8,0,8,39
04/21/2014,MOT,ND,AGL,CE,Federal Contract Tower,10,25,14,0,49,0,5,13,2,20,10,30,27,2,69,66,0,66,135
04/22/2014,MOT,ND,AGL,CE,Federal Contract Tower,6,22,17,1,46,0,32,11,2,45,6,54,28,3,91,56,0,56,147
04/23/2014,MOT,ND,AGL,CE,Federal Contract Tower,7,19,10,0,36,0,0,0,0,0,7,19,10,0,36,0,6,6,42
04/24/2014,MOT,ND,AGL,CE,Federal Contract Tower,12,22,10,2,46,0,0,27,2,29,12,22,37,4,75,14,0,14,89
04/25/2014,MOT,ND,AGL,CE,Federal Contract Tower,7,16,18,1,42,0,0,24,0,24,7,16,42,1,66,34,0,34,100
04/26/2014,MOT,ND,AGL,CE,Federal Contract Tower,6,15,5,0,26,0,0,2,0,2,6,15,7,0,28,12,0,12,40
04/27/2014,MOT,ND,AGL,CE,Federal Contract Tower,7,12,2,0,21,0,0,0,0,0,7,12,2,0,21,0,0,0,21
04/28/2014,MOT,ND,AGL,CE,Federal Contract Tower,9,22,19,0,50,0,0,0,0,0,9,22,19,0,50,0,0,0,50
04/29/2014,MOT,ND,AGL,CE,Federal Contract Tower,8,22,12,0,42,0,9,2,0,11,8,31,14,0,53,31,10,41,94
04/30/2014,MOT,ND,AGL,CE,Federal Contract Tower,7,22,19,0,48,0,0,7,2,9,7,22,26,2,57,0,8,8,65
05/01/2014,MOT,ND,AGL,CE,Federal Contract Tower,10,24,33,2,69,0,0,16,4,20,10,24,49,6,89,60,60,120,209
05/02/2014,MOT,ND,AGL,CE,Federal Contract Tower,5,19,5,0,29,0,3,13,0,16,5,22,18,0,45,24,8,32,77
05/03/2014,MOT,ND,AGL,CE,Federal Contract Tower,6,18,6,0,30,0,0,30,0,30,6,18,36,0,60,0,0,0,60
05/04/2014,MOT,ND,AGL,CE,Federal Contract Tower,6,18,7,0,31,0,4,7,0,11,6,22,14,0,42,0,0,0,42
05/05/2014,MOT,ND,AGL,CE,Federal Contract Tower,8,19,19,0,46,0,4,15,2,21,8,23,34,2,67,54,0,54,121
05/06/2014,MOT,ND,AGL,CE,Federal Contract Tower,5,26,14,2,47,0,0,0,0,0,5,26,14,2,47,0,0,0,47
05/07/2014,MOT,ND,AGL,CE,Federal Contract Tower,7,18,19,0,44,0,0,3,0,3,7,18,22,0,47,0,0,0,47
05/08/2014,MOT,ND,AGL,CE,Federal Contract Tower,10,26,13,0,49,0,6,13,2,21,10,32,26,2,70,62,4,66,136
05/09/2014,MOT,ND,AGL,CE,Federal Contract Tower,2,25,11,0,38,0,1,15,0,16,2,26,26,0,54,94,10,104,158
05/10/2014,MOT,ND,AGL,CE,Federal Contract Tower,5,16,10,1,32,0,2,16,2,20,5,18,26,3,52,32,4,36,88
05/11/2014,MOT,ND,AGL,CE,Federal Contract Tower,3,11,2,1,17,0,0,0,0,0,3,11,2,1,17,0,0,0,17
05/12/2014,MOT,ND,AGL,CE,Federal Contract Tower,8,16,8,1,33,0,3,8,0,11,8,19,16,1,44,0,28,28,72
05/13/2014,MOT,ND,AGL,CE,Federal Contract Tower,7,22,16,5,50,0,2,24,0,26,7,24,40,5,76,2,8,10,86
05/14/2014,MOT,ND,AGL,CE,Federal Contract Tower,6,25,20,2,53,0,18,20,9,47,6,43,40,11,100,59,26,85,185
05/15/2014,MOT,ND,AGL,CE,Federal Contract Tower,9,20,24,0,53,0,31,15,0,46,9,51,39,0,99,24,0,24,123
05/16/2014,MOT,ND,AGL,CE,Federal Contract Tower,4,25,31,0,60,0,20,26,0,46,4,45,57,0,106,8,0,8,114
05/17/2014,MOT,ND,AGL,CE,Federal Contract Tower,6,17,5,0,28,0,0,16,0,16,6,17,21,0,44,0,0,0,44
05/18/2014,MOT,ND,AGL,CE,Federal Contract Tower,7,17,3,0,27,0,0,19,0,19,7,17,22,0,46,0,0,0,46
05/19/2014,MOT,ND,AGL,CE,Federal Contract Tower,8,17,8,0,33,0,1,7,0,8,8,18,15,0,41,40,2,42,83
05/20/2014,MOT,ND,AGL,CE,Federal Contract Tower,4,22,13,2,41,0,2,15,0,17,4,24,28,2,58,2,24,26,84
05/21/2014,MOT,ND,AGL,CE,Federal Contract Tower,6,23,17,0,46,0,2,29,0,31,6,25,46,0,77,22,0,22,99
05/22/2014,MOT,ND,AGL,CE,Federal Contract Tower,9,22,20,2,53,0,1,22,0,23,9,23,42,2,76,0,0,0,76
05/23/2014,MOT,ND,AGL,CE,Federal Contract Tower,4,21,7,0,32,0,0,34,0,34,4,21,41,0,66,30,0,30,96
05/24/2014,MOT,ND,AGL,CE,Federal Contract Tower,6,14,2,0,22,0,0,9,0,9,6,14,11,0,31,0,0,0,31
05/25/2014,MOT,ND,AGL,CE,Federal Contract Tower,5,9,5,0,19,2,30,0,0,32,7,39,5,0,51,12,0,12,63
05/26/2014,MOT,ND,AGL,CE,Federal Contract Tower,13,18,6,7,44,0,0,14,0,14,13,18,20,7,58,16,30,46,104
05/27/2014,MOT,ND,AGL,CE,Federal Contract Tower,5,19,18,4,46,0,5,18,1,24,5,24,36,5,70,40,18,58,128
05/28/2014,MOT,ND,AGL,CE,Federal Contract Tower,2,26,16,2,46,0,0,13,2,15,2,26,29,4,61,12,14,26,87
05/29/2014,MOT,ND,AGL,CE,Federal Contract Tower,10,29,13,0,52,0,0,8,7,15,10,29,21,7,67,0,12,12,79
05/30/2014,MOT,ND,AGL,CE,Federal Contract Tower,7,19,26,0,52,0,0,36,0,36,7,19,62,0,88,8,0,8,96
05/31/2014,MOT,ND,AGL,CE,Federal Contract Tower,4,14,5,0,23,0,0,34,0,34,4,14,39,0,57,32,0,32,89
06/01/2014,MOT,ND,AGL,CE,Federal Contract Tower,6,14,6,2,28,0,0,5,0,5,6,14,11,2,33,22,0,22,55
06/02/2014,MOT,ND,AGL,CE,Federal Contract Tower,10,15,14,6,45,0,0,8,0,8,10,15,22,6,53,18,20,38,91
06/03/2014,MOT,ND,AGL,CE,Federal Contract Tower,5,21,12,0,38,0,2,27,2,31,5,23,39,2,69,20,6,26,95
06/04/2014,MOT,ND,AGL,CE,Federal Contract Tower,3,25,18,0,46,0,1,18,3,22,3,26,36,3,68,14,0,14,82
06/05/2014,MOT,ND,AGL,CE,Federal Contract Tower,8,24,12,0,44,0,0,34,5,39,8,24,46,5,83,0,8,8,91
06/06/2014,MOT,ND,AGL,CE,Federal Contract Tower,3,20,13,3,39,0,0,32,4,36,3,20,45,7,75,46,10,56,131
06/07/2014,MOT,ND,AGL,CE,Federal Contract Tower,2,15,4,0,21,0,5,56,0,61,2,20,60,0,82,78,4,82,164
06/08/2014,MOT,ND,AGL,CE,Federal Contract Tower,8,11,6,1,26,0,0,19,0,19,8,11,25,1,45,6,0,6,51
06/09/2014,MOT,ND,AGL,CE,Federal Contract Tower,7,17,11,0,35,0,7,14,2,23,7,24,25,2,58,6,4,10,68
06/10/2014,MOT,ND,AGL,CE,Federal Contract Tower,4,31,21,2,58,0,0,48,2,50,4,31,69,4,108,36,18,54,162
06/11/2014,MOT,ND,AGL,CE,Federal Contract Tower,3,19,21,0,43,0,1,17,1,19,3,20,38,1,62,10,4,14,76
06/12/2014,MOT,ND,AGL,CE,Federal Contract Tower,11,22,25,1,59,0,1,42,1,44,11,23,67,2,103,28,2,30,133
06/13/2014,MOT,ND,AGL,CE,Federal Contract Tower,4,20,10,1,35,0,5,17,0,22,4,25,27,1,57,42,8,50,107
06/14/2014,MOT,ND,AGL,CE,Federal Contract Tower,2,15,1,0,18,0,2,9,1,12,2,17,10,1,30,24,0,24,54
06/15/2014,MOT,ND,AGL,CE,Federal Contract Tower,6,12,6,0,24,0,3,10,0,13,6,15,16,0,37,3,2,5,42
06/16/2014,MOT,ND,AGL,CE,Federal Contract Tower,9,19,16,1,45,0,9,31,0,40,9,28,47,1,85,18,2,20,105
06/17/2014,MOT,ND,AGL,CE,Federal Contract Tower,6,24,18,1,49,0,3,0,0,3,6,27,18,1,52,0,4,4,56
06/18/2014,MOT,ND,AGL,CE,Federal Contract Tower,6,22,21,0,49,0,0,8,0,8,6,22,29,0,57,32,0,32,89
06/19/2014,MOT,ND,AGL,CE,Federal Contract Tower,11,25,33,0,69,0,4,11,0,15,11,29,44,0,84,20,2,22,106
06/20/2014,MOT,ND,AGL,CE,Federal Contract Tower,4,26,12,1,43,0,10,26,2,38,4,36,38,3,81,2,8,10,91
06/21/2014,MOT,ND,AGL,CE,Federal Contract Tower,1,19,2,0,22,0,7,39,0,46,1,26,41,0,68,16,0,16,84
06/22/2014,MOT,ND,AGL,CE,Federal Contract Tower,4,8,10,0,22,0,5,19,0,24,4,13,29,0,46,5,0,5,51
06/23/2014,MOT,ND,AGL,CE,Federal Contract Tower,8,20,17,0,45,0,0,53,0,53,8,20,70,0,98,40,0,40,138
06/24/2014,MOT,ND,AGL,CE,Federal Contract Tower,4,28,28,0,60,0,0,66,0,66,4,28,94,0,126,26,0,26,152
06/25/2014,MOT,ND,AGL,CE,Federal Contract Tower,4,22,19,2,47,0,1,42,0,43,4,23,61,2,90,4,4,8,98
06/26/2014,MOT,ND,AGL,CE,Federal Contract Tower,9,24,22,0,55,0,4,30,0,34,9,28,52,0,89,32,0,32,121
06/27/2014,MOT,ND,AGL,CE,Federal Contract Tower,4,26,11,0,41,0,3,69,0,72,4,29,80,0,113,32,4,36,149
06/28/2014,MOT,ND,AGL,CE,Federal Contract Tower,3,15,4,0,22,0,0,3,0,3,3,15,7,0,25,4,0,4,29
06/29/2014,MOT,ND,AGL,CE,Federal Contract Tower,8,8,8,0,24,0,0,1,0,1,8,8,9,0,25,0,0,0,25
06/30/2014,MOT,ND,AGL,CE,Federal Contract Tower,8,23,12,1,44,0,0,3,1,4,8,23,15,2,48,0,0,0,48
07/01/2014,MOT,ND,AGL,CE,Federal Contract Tower,5,21,20,3,49,0,1,33,2,36,5,22,53,5,85,6,4,10,95
07/02/2014,MOT,ND,AGL,CE,Federal Contract Tower,6,19,18,0,43,0,4,77,0,81,6,23,95,0,124,178,0,178,302
07/03/2014,MOT,ND,AGL,CE,Federal Contract Tower,10,22,20,2,54,0,8,57,0,65,10,30,77,2,119,84,0,84,203
07/04/2014,MOT,ND,AGL,CE,Federal Contract Tower,3,5,2,1,11,0,6,37,0,43,3,11,39,1,54,14,0,14,68
07/05/2014,MOT,ND,AGL,CE,Federal Contract Tower,3,13,4,0,20,0,8,52,0,60,3,21,56,0,80,8,0,8,88
07/06/2014,MOT,ND,AGL,CE,Federal Contract Tower,4,13,10,0,27,0,0,28,0,28,4,13,38,0,55,10,0,10,65
07/07/2014,MOT,ND,AGL,CE,Federal Contract Tower,8,22,25,0,55,0,1,21,0,22,8,23,46,0,77,16,16,32,109
07/08/2014,MOT,ND,AGL,CE,Federal Contract Tower,7,23,13,3,46,0,2,70,4,76,7,25,83,7,122,104,38,142,264
07/09/2014,MOT,ND,AGL,CE,Federal Contract Tower,4,21,30,0,55,0,4,78,2,84,4,25,108,2,139,88,12,100,239
07/10/2014,MOT,ND,AGL,CE,Federal Contract Tower,9,19,14,2,44,0,1,32,0,33,9,20,46,2,77,76,8,84,161
07/11/2014,MOT,ND,AGL,CE,Federal Contract Tower,4,17,6,2,29,0,1,66,3,70,4,18,72,5,99,71,6,77,176
07/12/2014,MOT,ND,AGL,CE,Federal Contract Tower,6,16,1,0,23,0,0,70,0,70,6,16,71,0,93,52,2,54,147
07/13/2014,MOT,ND,AGL,CE,Federal Contract Tower,6,13,7,0,26,0,0,50,0,50,6,13,57,0,76,28,0,28,104
07/14/2014,MOT,ND,AGL,CE,Federal Contract Tower,8,16,9,1,34,0,6,51,0,57,8,22,60,1,91,76,42,118,209
07/15/2014,MOT,ND,AGL,CE,Federal Contract Tower,4,22,11,0,37,0,1,82,1,84,4,23,93,1,121,58,38,96,217
07/16/2014,MOT,ND,AGL,CE,Federal Contract Tower,4,22,17,0,43,0,0,84,4,88,4,22,101,4,131,62,4,66,197
07/17/2014,MOT,ND,AGL,CE,Federal Contract Tower,10,21,13,1,45,0,0,121,0,121,10,21,134,1,166,39,0,39,205
07/18/2014,MOT,ND,AGL,CE,Federal Contract Tower,4,24,24,3,55,0,8,34,0,42,4,32,58,3,97,52,6,58,155
07/19/2014,MOT,ND,AGL,CE,Federal Contract Tower,5,19,0,0,24,0,0,90,0,90,5,19,90,0,114,26,0,26,140
07/20/2014,MOT,ND,AGL,CE,Federal Contract Tower,6,20,7,0,33,0,3,74,0,77,6,23,81,0,110,6,0,6,116
07/21/2014,MOT,ND,AGL,CE,Federal Contract Tower,8,9,15,0,32,0,1,56,0,57,8,10,71,0,89,24,0,24,113
07/22/2014,MOT,ND,AGL,CE,Federal Contract Tower,8,25,19,3,55,0,2,78,0,80,8,27,97,3,135,64,10,74,209
07/23/2014,MOT,ND,AGL,CE,Federal Contract Tower,3,21,15,0,39,0,0,37,0,37,3,21,52,0,76,18,0,18,94
07/24/2014,MOT,ND,AGL,CE,Federal Contract Tower,10,19,15,2,46,0,0,29,0,29,10,19,44,2,75,10,6,16,91
07/25/2014,MOT,ND,AGL,CE,Federal Contract Tower,4,20,13,0,37,0,1,32,0,33,4,21,45,0,70,20,0,20,90
07/26/2014,MOT,ND,AGL,CE,Federal Contract Tower,6,15,7,0,28,0,2,4,0,6,6,17,11,0,34,0,0,0,34
07/27/2014,MOT,ND,AGL,CE,Federal Contract Tower,8,12,10,0,30,0,3,56,0,59,8,15,66,0,89,74,0,74,163
07/28/2014,MOT,ND,AGL,CE,Federal Contract Tower,8,17,7,2,34,0,92,0,0,92,8,109,7,2,126,79,0,79,205
07/29/2014,MOT,ND,AGL,CE,Federal Contract Tower,4,26,15,1,46,0,0,79,0,79,4,26,94,1,125,81,0,81,206
07/30/2014,MOT,ND,AGL,CE,Federal Contract Tower,4,20,27,0,51,0,2,29,5,36,4,22,56,5,87,36,4,40,127
07/31/2014,MOT,ND,AGL,CE,Federal Contract Tower,10,19,29,2,60,0,0,62,0,62,10,19,91,2,122,48,0,48,170
08/01/2014,MOT,ND,AGL,CE,Federal Contract Tower,4,20,11,0,35,0,18,20,0,38,4,38,31,0,73,32,0,32,105
08/02/2014,MOT,ND,AGL,CE,Federal Contract Tower,3,16,4,2,25,0,1,50,0,51,3,17,54,2,76,36,0,36,112
08/03/2014,MOT,ND,AGL,CE,Federal Contract Tower,6,12,15,0,33,0,0,33,0,33,6,12,48,0,66,30,0,30,96
08/04/2014,MOT,ND,AGL,CE,Federal Contract Tower,9,19,20,0,48,0,0,35,0,35,9,19,55,0,83,8,0,8,91
08/05/2014,MOT,ND,AGL,CE,Federal Contract Tower,6,22,14,0,42,0,2,20,0,22,6,24,34,0,64,18,0,18,82
08/06/2014,MOT,ND,AGL,CE,Federal Contract Tower,4,26,13,0,43,0,0,58,0,58,4,26,71,0,101,52,4,56,157
08/07/2014,MOT,ND,AGL,CE,Federal Contract Tower,10,33,35,2,80,0,0,54,0,54,10,33,89,2,134,26,0,26,160
08/08/2014,MOT,ND,AGL,CE,Federal Contract Tower,5,26,21,2,54,0,0,66,7,73,5,26,87,9,127,71,14,85,212
08/09/2014,MOT,ND,AGL,CE,Federal Contract Tower,4,15,11,0,30,0,0,32,0,32,4,15,43,0,62,12,0,12,74
08/10/2014,MOT,ND,AGL,CE,Federal Contract Tower,6,15,16,0,37,0,1,41,0,42,6,16,57,0,79,12,0,12,91
08/11/2014,MOT,ND,AGL,CE,Federal Contract Tower,6,24,15,2,47,0,0,28,4,32,6,24,43,6,79,40,34,74,153
08/12/2014,MOT,ND,AGL,CE,Federal Contract Tower,4,27,18,0,49,0,1,38,0,39,4,28,56,0,88,44,20,64,152
08/13/2014,MOT,ND,AGL,CE,Federal Contract Tower,4,26,25,0,55,0,0,24,0,24,4,26,49,0,79,16,0,16,95
08/14/2014,MOT,ND,AGL,CE,Federal Contract Tower,10,27,13,0,50,0,4,53,0,57,10,31,66,0,107,54,0,54,161
08/15/2014,MOT,ND,AGL,CE,Federal Contract Tower,4,21,15,2,42,0,2,62,3,67,4,23,77,5,109,8,0,8,117
08/16/2014,MOT,ND,AGL,CE,Federal Contract Tower,3,15,7,0,25,0,0,0,0,0,3,15,7,0,25,0,0,0,25
08/17/2014,MOT,ND,AGL,CE,Federal Contract Tower,6,14,11,0,31,0,1,32,0,33,6,15,43,0,64,18,0,18,82
08/18/2014,MOT,ND,AGL,CE,Federal Contract Tower,5,21,14,0,40,0,1,38,5,44,5,22,52,5,84,16,4,20,104
08/19/2014,MOT,ND,AGL,CE,Federal Contract Tower,6,15,18,2,41,0,0,54,8,62,6,15,72,10,103,60,4,64,167
08/20/2014,MOT,ND,AGL,CE,Federal Contract Tower,4,18,23,1,46,0,1,20,0,21,4,19,43,1,67,34,6,40,107
08/21/2014,MOT,ND,AGL,CE,Federal Contract Tower,8,26,20,0,54,0,0,33,0,33,8,26,53,0,87,32,0,32,119
08/22/2014,MOT,ND,AGL,CE,Federal Contract Tower,7,17,18,0,42,0,0,1,0,1,7,17,19,0,43,0,0,0,43
08/23/2014,MOT,ND,AGL,CE,Federal Contract Tower,1,22,9,0,32,0,0,1,0,1,1,22,10,0,33,0,0,0,33
08/24/2014,MOT,ND,AGL,CE,Federal Contract Tower,4,15,8,1,28,0,0,2,0,2,4,15,10,1,30,0,0,0,30
08/25/2014,MOT,ND,AGL,CE,Federal Contract Tower,10,15,20,3,48,0,6,2,0,8,10,21,22,3,56,12,0,12,68
08/26/2014,MOT,ND,AGL,CE,Federal Contract Tower,6,19,12,0,37,0,0,35,0,35,6,19,47,0,72,38,0,38,110
08/27/2014,MOT,ND,AGL,CE,Federal Contract Tower,3,29,25,2,59,0,0,39,2,41,3,29,64,4,100,12,0,12,112
08/28/2014,MOT,ND,AGL,CE,Federal Contract Tower,7,23,17,5,52,0,2,45,0,47,7,25,62,5,99,30,2,32,131
08/29/2014,MOT,ND,AGL,CE,Federal Contract Tower,7,20,29,0,56,0,1,10,0,11,7,21,39,0,67,42,0,42,109
08/30/2014,MOT,ND,AGL,CE,Federal Contract Tower,4,20,7,0,31,0,0,7,0,7,4,20,14,0,38,10,0,10,48
08/31/2014,MOT,ND,AGL,CE,Federal Contract Tower,4,10,5,0,19,0,0,5,0,5,4,10,10,0,24,22,0,22,46
09/01/2014,MOT,ND,AGL,CE,Federal Contract Tower,8,12,2,0,22,0,0,15,0,15,8,12,17,0,37,8,0,8,45
09/02/2014,MOT,ND,AGL,CE,Federal Contract Tower,4,20,5,0,29,0,2,12,0,14,4,22,17,0,43,0,22,22,65
09/03/2014,MOT,ND,AGL,CE,Federal Contract Tower,5,21,13,2,41,0,1,22,0,23,5,22,35,2,64,2,24,26,90
09/04/2014,MOT,ND,AGL,CE,Federal Contract Tower,11,21,11,3,46,0,10,0,0,10,11,31,11,3,56,2,6,8,64
09/05/2014,MOT,ND,AGL,CE,Federal Contract Tower,5,15,15,0,35,0,2,24,0,26,5,17,39,0,61,32,0,32,93
09/06/2014,MOT,ND,AGL,CE,Federal Contract Tower,7,16,4,0,27,0,3,18,0,21,7,19,22,0,48,54,0,54,102
09/07/2014,MOT,ND,AGL,CE,Federal Contract Tower,12,15,6,0,33,0,2,42,0,44,12,17,48,0,77,0,0,0,77
09/08/2014,MOT,ND,AGL,CE,Federal Contract Tower,8,21,9,0,38,0,0,16,0,16,8,21,25,0,54,21,0,21,75
09/09/2014,MOT,ND,AGL,CE,Federal Contract Tower,4,28,11,0,43,0,0,8,0,8,4,28,19,0,51,18,0,18,69
09/10/2014,MOT,ND,AGL,CE,Federal Contract Tower,8,14,13,1,36,0,2,15,4,21,8,16,28,5,57,10,10,20,77
09/11/2014,MOT,ND,AGL,CE,Federal Contract Tower,12,20,20,0,52,0,3,26,0,29,12,23,46,0,81,10,0,10,91
09/12/2014,MOT,ND,AGL,CE,Federal Contract Tower,5,26,13,1,45,0,7,35,0,42,5,33,48,1,87,14,16,30,117
09/13/2014,MOT,ND,AGL,CE,Federal Contract Tower,3,16,10,1,30,0,0,25,2,27,3,16,35,3,57,8,36,44,101
09/14/2014,MOT,ND,AGL,CE,Federal Contract Tower,6,11,13,0,30,0,0,27,0,27,6,11,40,0,57,36,0,36,93
09/15/2014,MOT,ND,AGL,CE,Federal Contract Tower,7,21,19,0,47,0,7,53,0,60,7,28,72,0,107,14,8,22,129
09/16/2014,MOT,ND,AGL,CE,Federal Contract Tower,8,17,21,0,46,0,2,63,0,65,8,19,84,0,111,60,0,60,171
09/17/2014,MOT,ND,AGL,CE,Federal Contract Tower,8,19,23,0,50,0,0,41,0,41,8,19,64,0,91,50,6,56,147
09/18/2014,MOT,ND,AGL,CE,Federal Contract Tower,12,21,24,5,62,0,8,23,2,33,12,29,47,7,95,20,4,24,119
09/19/2014,MOT,ND,AGL,CE,Federal Contract Tower,6,24,19,0,49,0,0,12,0,12,6,24,31,0,61,4,10,14,75
09/20/2014,MOT,ND,AGL,CE,Federal Contract Tower,7,13,2,0,22,0,2,12,0,14,7,15,14,0,36,0,2,2,38
09/21/2014,MOT,ND,AGL,CE,Federal Contract Tower,10,10,7,1,28,0,6,53,0,59,10,16,60,1,87,35,0,35,122
09/22/2014,MOT,ND,AGL,CE,Federal Contract Tower,10,18,24,0,52,0,12,19,0,31,10,30,43,0,83,44,14,58,141
09/23/2014,MOT,ND,AGL,CE,Federal Contract Tower,4,23,17,1,45,0,0,18,0,18,4,23,35,1,63,26,0,26,89
09/24/2014,MOT,ND,AGL,CE,Federal Contract Tower,9,26,31,1,67,0,0,18,0,18,9,26,49,1,85,30,0,30,115
09/25/2014,MOT,ND,AGL,CE,Federal Contract Tower,13,26,20,0,59,0,0,22,0,22,13,26,42,0,81,4,0,4,85
09/26/2014,MOT,ND,AGL,CE,Federal Contract Tower,6,21,5,0,32,0,1,11,3,15,6,22,16,3,47,18,0,18,65
09/27/2014,MOT,ND,AGL,CE,Federal Contract Tower,8,17,7,0,32,0,3,11,0,14,8,20,18,0,46,22,0,22,68
09/28/2014,MOT,ND,AGL,CE,Federal Contract Tower,6,13,8,0,27,0,0,2,0,2,6,13,10,0,29,0,0,0,29
09/29/2014,MOT,ND,AGL,CE,Federal Contract Tower,14,20,11,0,45,0,3,4,2,9,14,23,15,2,54,10,2,12,66
09/30/2014,MOT,ND,AGL,CE,Federal Contract Tower,10,20,22,0,52,0,0,0,0,0,10,20,22,0,52,0,0,0,52
10/01/2014,MOT,ND,AGL,CE,Federal Contract Tower,10,20,18,0,48,0,0,0,1,1,10,20,18,1,49,0,22,22,71
10/02/2014,MOT,ND,AGL,CE,Federal Contract Tower,16,15,13,2,46,0,3,7,0,10,16,18,20,2,56,0,2,2,58
10/03/2014,MOT,ND,AGL,CE,Federal Contract Tower,5,26,13,0,44,0,8,8,2,18,5,34,21,2,62,0,0,0,62
10/04/2014,MOT,ND,AGL,CE,Federal Contract Tower,6,16,3,0,25,0,6,15,0,21,6,22,18,0,46,36,0,36,82
10/05/2014,MOT,ND,AGL,CE,Federal Contract Tower,10,9,4,1,24,0,2,7,1,10,10,11,11,2,34,26,0,26,60
10/06/2014,MOT,ND,AGL,CE,Federal Contract Tower,9,14,8,0,31,0,5,4,5,14,9,19,12,5,45,16,4,20,65
10/07/2014,MOT,ND,AGL,CE,Federal Contract Tower,8,20,10,1,39,0,5,18,1,24,8,25,28,2,63,28,34,62,125
10/08/2014,MOT,ND,AGL,CE,Federal Contract Tower,10,19,18,0,47,0,2,28,0,30,10,21,46,0,77,32,0,32,109
10/09/2014,MOT,ND,AGL,CE,Federal Contract Tower,11,24,19,0,54,0,3,29,1,33,11,27,48,1,87,54,0,54,141
10/10/2014,MOT,ND,AGL,CE,Federal Contract Tower,7,20,12,2,41,0,2,32,1,35,7,22,44,3,76,38,4,42,118
10/11/2014,MOT,ND,AGL,CE,Federal Contract Tower,7,15,10,0,32,0,3,22,0,25,7,18,32,0,57,36,0,36,93
10/12/2014,MOT,ND,AGL,CE,Federal Contract Tower,12,7,7,0,26,0,1,19,0,20,12,8,26,0,46,10,0,10,56
10/13/2014,MOT,ND,AGL,CE,Federal Contract Tower,11,15,21,0,47,0,1,21,3,25,11,16,42,3,72,10,0,10,82
10/14/2014,MOT,ND,AGL,CE,Federal Contract Tower,8,24,11,0,43,0,2,24,0,26,8,26,35,0,69,16,0,16,85
10/15/2014,MOT,ND,AGL,CE,Federal Contract Tower,12,24,17,0,53,0,0,17,2,19,12,24,34,2,72,2,4,6,78
10/16/2014,MOT,ND,AGL,CE,Federal Contract Tower,14,19,22,0,55,0,4,9,0,13,14,23,31,0,68,0,20,20,88
10/17/2014,MOT,ND,AGL,CE,Federal Contract Tower,12,19,17,0,48,0,0,3,0,3,12,19,20,0,51,38,2,40,91
10/18/2014,MOT,ND,AGL,CE,Federal Contract Tower,3,23,7,0,33,0,6,3,0,9,3,29,10,0,42,0,0,0,42
10/19/2014,MOT,ND,AGL,CE,Federal Contract Tower,8,10,7,0,25,0,6,15,0,21,8,16,22,0,46,6,0,6,52
10/20/2014,MOT,ND,AGL,CE,Federal Contract Tower,10,15,14,1,40,0,17,15,1,33,10,32,29,2,73,0,0,0,73
10/21/2014,MOT,ND,AGL,CE,Federal Contract Tower,8,23,14,0,45,0,5,29,0,34,8,28,43,0,79,62,2,64,143
10/22/2014,MOT,ND,AGL,CE,Federal Contract Tower,10,20,17,0,47,0,3,10,4,17,10,23,27,4,64,0,2,2,66
10/23/2014,MOT,ND,AGL,CE,Federal Contract Tower,14,20,28,0,62,0,8,30,4,42,14,28,58,4,104,24,8,32,136
10/24/2014,MOT,ND,AGL,CE,Federal Contract Tower,8,16,10,0,34,0,16,0,0,16,8,32,10,0,50,8,0,8,58
10/25/2014,MOT,ND,AGL,CE,Federal Contract Tower,3,18,3,0,24,0,11,19,0,30,3,29,22,0,54,74,0,74,128
10/26/2014,MOT,ND,AGL,CE,Federal Contract Tower,8,10,9,0,27,0,2,14,0,16,8,12,23,0,43,6,0,6,49
10/27/2014,MOT,ND,AGL,CE,Federal Contract Tower,9,20,17,0,46,0,1,3,0,4,9,21,20,0,50,10,12,22,72
10/28/2014,MOT,ND,AGL,CE,Federal Contract Tower,10,21,11,0,42,0,2,3,0,5,10,23,14,0,47,12,0,12,59
10/29/2014,MOT,ND,AGL,CE,Federal Contract Tower,10,18,19,0,47,0,6,27,4,37,10,24,46,4,84,30,12,42,126
10/30/2014,MOT,ND,AGL,CE,Federal Contract Tower,6,29,17,0,52,0,0,20,0,20,6,29,37,0,72,50,0,50,122
10/31/2014,MOT,ND,AGL,CE,Federal Contract Tower,4,26,18,1,49,0,0,8,2,10,4,26,26,3,59,10,6,16,75
11/01/2014,MOT,ND,AGL,CE,Federal Contract Tower,4,18,8,0,30,0,4,17,0,21,4,22,25,0,51,24,0,24,75
11/02/2014,MOT,ND,AGL,CE,Federal Contract Tower,5,10,2,0,17,0,6,38,0,44,5,16,40,0,61,36,0,36,97
11/03/2014,MOT,ND,AGL,CE,Federal Contract Tower,12,18,17,0,47,0,6,7,4,17,12,24,24,4,64,0,6,6,70
11/04/2014,MOT,ND,AGL,CE,Federal Contract Tower,5,24,29,0,58,0,4,28,8,40,5,28,57,8,98,55,0,55,153
11/05/2014,MOT,ND,AGL,CE,Federal Contract Tower,8,22,16,0,46,0,0,0,0,0,8,22,16,0,46,0,2,2,48
11/06/2014,MOT,ND,AGL,CE,Federal Contract Tower,8,22,11,0,41,0,7,19,3,29,8,29,30,3,70,40,2,42,112
11/07/2014,MOT,ND,AGL,CE,Federal Contract Tower,9,23,4,0,36,0,6,2,0,8,9,29,6,0,44,0,2,2,46
11/08/2014,MOT,ND,AGL,CE,Federal Contract Tower,6,18,5,0,29,0,4,15,0,19,6,22,20,0,48,42,0,42,90
11/09/2014,MOT,ND,AGL,CE,Federal Contract Tower,8,9,2,0,19,0,0,7,0,7,8,9,9,0,26,20,0,20,46
11/10/2014,MOT,ND,AGL,CE,Federal Contract Tower,7,16,0,0,23,0,1,10,0,11,7,17,10,0,34,26,0,26,60
11/11/2014,MOT,ND,AGL,CE,Federal Contract Tower,8,21,12,0,41,0,0,0,0,0,8,21,12,0,41,0,0,0,41
11/12/2014,MOT,ND,AGL,CE,Federal Contract Tower,9,20,18,0,47,0,0,0,0,0,9,20,18,0,47,0,0,0,47
11/13/2014,MOT,ND,AGL,CE,Federal Contract Tower,10,23,29,0,62,0,0,9,1,10,10,23,38,1,72,14,6,20,92
11/14/2014,MOT,ND,AGL,CE,Federal Contract Tower,10,21,8,0,39,0,0,12,0,12,10,21,20,0,51,6,0,6,57
11/15/2014,MOT,ND,AGL,CE,Federal Contract Tower,6,17,3,0,26,0,0,1,0,1,6,17,4,0,27,34,0,34,61
11/16/2014,MOT,ND,AGL,CE,Federal Contract Tower,7,10,4,0,21,0,0,1,0,1,7,10,5,0,22,0,0,0,22
11/17/2014,MOT,ND,AGL,CE,Federal Contract Tower,15,15,17,0,47,0,0,0,0,0,15,15,17,0,47,0,6,6,53
11/18/2014,MOT,ND,AGL,CE,Federal Contract Tower,5,23,15,0,43,0,3,3,0,6,5,26,18,0,49,2,0,2,51
11/19/2014,MOT,ND,AGL,CE,Federal Contract Tower,8,17,15,2,42,0,0,9,2,11,8,17,24,4,53,6,0,6,59
11/20/2014,MOT,ND,AGL,CE,Federal Contract Tower,10,24,12,1,47,0,1,20,0,21,10,25,32,1,68,14,0,14,82
11/21/2014,MOT,ND,AGL,CE,Federal Contract Tower,11,23,10,0,44,0,5,22,0,27,11,28,32,0,71,10,0,10,81
11/22/2014,MOT,ND,AGL,CE,Federal Contract Tower,9,16,3,0,28,0,10,19,0,29,9,26,22,0,57,38,0,38,95
11/23/2014,MOT,ND,AGL,CE,Federal Contract Tower,6,11,5,0,22,0,0,0,0,0,6,11,5,0,22,0,0,0,22
11/24/2014,MOT,ND,AGL,CE,Federal Contract Tower,12,14,9,0,35,0,1,13,2,16,12,15,22,2,51,16,6,22,73
11/25/2014,MOT,ND,AGL,CE,Federal Contract Tower,8,19,16,0,43,0,0,1,0,1,8,19,17,0,44,0,0,0,44
11/26/2014,MOT,ND,AGL,CE,Federal Contract Tower,15,20,13,0,48,0,2,4,0,6,15,22,17,0,54,2,2,4,58
11/27/2014,MOT,ND,AGL,CE,Federal Contract Tower,9,3,3,0,15,0,0,0,0,0,9,3,3,0,15,0,0,0,15
11/28/2014,MOT,ND,AGL,CE,Federal Contract Tower,9,16,2,0,27,0,4,0,0,4,9,20,2,0,31,4,0,4,35
11/29/2014,MOT,ND,AGL,CE,Federal Contract Tower,13,18,0,0,31,0,0,0,0,0,13,18,0,0,31,0,0,0,31
11/30/2014,MOT,ND,AGL,CE,Federal Contract Tower,10,12,8,0,30,0,0,3,0,3,10,12,11,0,33,18,0,18,51
12/01/2014,MOT,ND,AGL,CE,Federal Contract Tower,12,14,14,0,40,0,0,5,2,7,12,14,19,2,47,0,4,4,51
12/02/2014,MOT,ND,AGL,CE,Federal Contract Tower,11,18,16,0,45,0,6,8,3,17,11,24,24,3,62,14,2,16,78
12/03/2014,MOT,ND,AGL,CE,Federal Contract Tower,13,16,14,0,43,0,0,10,4,14,13,16,24,4,57,25,0,25,82
12/04/2014,MOT,ND,AGL,CE,Federal Contract Tower,13,11,15,0,39,0,14,18,4,36,13,25,33,4,75,19,9,28,103
12/05/2014,MOT,ND,AGL,CE,Federal Contract Tower,10,18,9,0,37,0,0,6,0,6,10,18,15,0,43,14,4,18,61
12/06/2014,MOT,ND,AGL,CE,Federal Contract Tower,9,12,3,0,24,0,0,5,0,5,9,12,8,0,29,8,0,8,37
12/07/2014,MOT,ND,AGL,CE,Federal Contract Tower,11,6,4,0,21,0,4,6,0,10,11,10,10,0,31,18,0,18,49
12/08/2014,MOT,ND,AGL,CE,Federal Contract Tower,14,12,11,0,37,0,1,7,5,13,14,13,18,5,50,16,2,18,68
12/09/2014,MOT,ND,AGL,CE,Federal Contract Tower,14,16,18,0,48,0,4,17,2,23,14,20,35,2,71,10,0,10,81
12/10/2014,MOT,ND,AGL,CE,Federal Contract Tower,10,21,17,0,48,0,5,14,3,22,10,26,31,3,70,38,10,48,118
12/11/2014,MOT,ND,AGL,CE,Federal Contract Tower,9,32,19,0,60,0,0,16,0,16,9,32,35,0,76,24,0,24,100
12/12/2014,MOT,ND,AGL,CE,Federal Contract Tower,13,13,10,1,37,0,3,16,2,21,13,16,26,3,58,30,0,30,88
12/13/2014,MOT,ND,AGL,CE,Federal Contract Tower,8,9,3,2,22,0,2,9,0,11,8,11,12,2,33,6,4,10,43
12/14/2014,MOT,ND,AGL,CE,Federal Contract Tower,6,9,5,0,20,0,0,0,0,0,6,9,5,0,20,0,0,0,20
12/15/2014,MOT,ND,AGL,CE,Federal Contract Tower,19,18,5,0,42,0,0,6,0,6,19,18,11,0,48,9,0,9,57
12/16/2014,MOT,ND,AGL,CE,Federal Contract Tower,10,21,12,0,43,0,5,4,0,9,10,26,16,0,52,4,0,4,56
12/17/2014,MOT,ND,AGL,CE,Federal Contract Tower,11,23,14,0,48,0,3,10,0,13,11,26,24,0,61,0,0,0,61
12/18/2014,MOT,ND,AGL,CE,Federal Contract Tower,12,20,8,0,40,0,0,4,0,4,12,20,12,0,44,12,0,12,56
12/19/2014,MOT,ND,AGL,CE,Federal Contract Tower,14,22,11,0,47,0,0,0,0,0,14,22,11,0,47,0,0,0,47
12/20/2014,MOT,ND,AGL,CE,Federal Contract Tower,8,17,16,0,41,0,0,7,2,9,8,17,23,2,50,4,2,6,56
12/21/2014,MOT,ND,AGL,CE,Federal Contract Tower,11,12,4,0,27,0,4,10,0,14,11,16,14,0,41,25,0,25,66
12/22/2014,MOT,ND,AGL,CE,Federal Contract Tower,15,14,3,0,32,0,1,0,0,1,15,15,3,0,33,0,0,0,33
12/23/2014,MOT,ND,AGL,CE,Federal Contract Tower,11,25,6,0,42,0,3,0,0,3,11,28,6,0,45,0,4,4,49
12/24/2014,MOT,ND,AGL,CE,Federal Contract Tower,3,20,8,0,31,0,0,8,0,8,3,20,16,0,39,16,0,16,55
12/25/2014,MOT,ND,AGL,CE,Federal Contract Tower,9,7,5,0,21,0,0,2,0,2,9,7,7,0,23,0,0,0,23
12/26/2014,MOT,ND,AGL,CE,Federal Contract Tower,12,16,5,0,33,0,0,4,0,4,12,16,9,0,37,2,0,2,39
12/27/2014,MOT,ND,AGL,CE,Federal Contract Tower,11,15,2,0,28,0,2,13,0,15,11,17,15,0,43,2,0,2,45
12/28/2014,MOT,ND,AGL,CE,Federal Contract Tower,16,5,1,0,22,0,0,0,0,0,16,5,1,0,22,0,0,0,22
12/29/2014,MOT,ND,AGL,CE,Federal Contract Tower,11,13,9,0,33,0,1,5,0,6,11,14,14,0,39,0,2,2,41
12/30/2014,MOT,ND,AGL,CE,Federal Contract Tower,6,24,6,0,36,0,0,9,0,9,6,24,15,0,45,4,4,8,53
12/31/2014,MOT,ND,AGL,CE,Federal Contract Tower,8,21,0,0,29,0,0,1,0,1,8,21,1,0,30,4,18,22,52
01/01/2015,MOT,ND,AGL,CE,Federal Contract Tower,9,9,3,0,21,0,3,0,0,3,9,12,3,0,24,0,0,0,24
01/02/2015,MOT,ND,AGL,CE,Federal Contract Tower,7,18,5,0,30,0,0,1,0,1,7,18,6,0,31,8,0,8,39
01/03/2015,MOT,ND,AGL,CE,Federal Contract Tower,12,21,4,0,37,0,0,0,0,0,12,21,4,0,37,0,0,0,37
01/04/2015,MOT,ND,AGL,CE,Federal Contract Tower,13,11,2,0,26,0,2,1,0,3,13,13,3,0,29,0,0,0,29
01/05/2015,MOT,ND,AGL,CE,Federal Contract Tower,11,14,5,0,30,0,0,1,0,1,11,14,6,0,31,18,0,18,49
01/06/2015,MOT,ND,AGL,CE,Federal Contract Tower,10,22,11,0,43,0,2,8,0,10,10,24,19,0,53,8,2,10,63
01/07/2015,MOT,ND,AGL,CE,Federal Contract Tower,12,22,14,0,48,0,4,3,0,7,12,26,17,0,55,0,0,0,55
01/08/2015,MOT,ND,AGL,CE,Federal Contract Tower,8,20,6,0,34,0,0,0,0,0,8,20,6,0,34,0,0,0,34
01/09/2015,MOT,ND,AGL,CE,Federal Contract Tower,7,18,4,0,29,0,3,4,0,7,7,21,8,0,36,2,0,2,38
01/10/2015,MOT,ND,AGL,CE,Federal Contract Tower,8,14,2,0,24,0,0,9,0,9,8,14,11,0,33,26,0,26,59
01/11/2015,MOT,ND,AGL,CE,Federal Contract Tower,5,8,2,0,15,0,2,5,0,7,5,10,7,0,22,8,2,10,32
01/12/2015,MOT,ND,AGL,CE,Federal Contract Tower,13,18,6,0,37,0,0,2,0,2,13,18,8,0,39,0,6,6,45
01/13/2015,MOT,ND,AGL,CE,Federal Contract Tower,6,20,6,0,32,0,0,10,0,10,6,20,16,0,42,8,4,12,54
01/14/2015,MOT,ND,AGL,CE,Federal Contract Tower,10,15,20,0,45,0,3,10,0,13,10,18,30,0,58,12,16,28,86
01/15/2015,MOT,ND,AGL,CE,Federal Contract Tower,8,14,7,0,29,0,3,5,0,8,8,17,12,0,37,35,2,37,74
01/16/2015,MOT,ND,AGL,CE,Federal Contract Tower,6,17,4,0,27,0,2,0,0,2,6,19,4,0,29,0,0,0,29
01/17/2015,MOT,ND,AGL,CE,Federal Contract Tower,2,16,2,0,20,0,3,1,0,4,2,19,3,0,24,0,0,0,24
01/18/2015,MOT,ND,AGL,CE,Federal Contract Tower,4,10,6,0,20,0,0,12,0,12,4,10,18,0,32,40,0,40,72
01/19/2015,MOT,ND,AGL,CE,Federal Contract Tower,16,17,9,0,42,0,3,1,0,4,16,20,10,0,46,26,0,26,72
01/20/2015,MOT,ND,AGL,CE,Federal Contract Tower,8,18,8,0,34,0,0,0,0,0,8,18,8,0,34,0,0,0,34
01/21/2015,MOT,ND,AGL,CE,Federal Contract Tower,10,13,14,0,37,0,0,6,0,6,10,13,20,0,43,18,12,30,73
01/22/2015,MOT,ND,AGL,CE,Federal Contract Tower,11,13,20,0,44,0,0,4,0,4,11,13,24,0,48,0,0,0,48
01/23/2015,MOT,ND,AGL,CE,Federal Contract Tower,10,14,6,1,31,0,3,2,1,6,10,17,8,2,37,2,6,8,45
01/24/2015,MOT,ND,AGL,CE,Federal Contract Tower,5,16,1,0,22,0,0,0,0,0,5,16,1,0,22,0,4,4,26
01/25/2015,MOT,ND,AGL,CE,Federal Contract Tower,4,12,3,0,19,0,4,1,0,5,4,16,4,0,24,12,0,12,36
01/26/2015,MOT,ND,AGL,CE,Federal Contract Tower,15,13,11,0,39,0,7,19,0,26,15,20,30,0,65,6,12,18,83
01/27/2015,MOT,ND,AGL,CE,Federal Contract Tower,6,21,15,1,43,0,13,12,0,25,6,34,27,1,68,14,2,16,84
01/28/2015,MOT,ND,AGL,CE,Federal Contract Tower,10,14,5,0,29,0,0,0,0,0,10,14,5,0,29,0,0,0,29
01/29/2015,MOT,ND,AGL,CE,Federal Contract Tower,9,18,10,0,37,0,0,0,0,0,9,18,10,0,37,9,0,9,46
01/30/2015,MOT,ND,AGL,CE,Federal Contract Tower,6,16,5,0,27,0,1,7,0,8,6,17,12,0,35,2,4,6,41
01/31/2015,MOT,ND,AGL,CE,Federal Contract Tower,4,16,10,0,30,0,0,0,0,0,4,16,10,0,30,0,0,0,30
02/01/2015,MOT,ND,AGL,CE,Federal Contract Tower,3,11,0,0,14,0,0,1,0,1,3,11,1,0,15,0,0,0,15
02/02/2015,MOT,ND,AGL,CE,Federal Contract Tower,15,19,4,0,38,0,0,4,0,4,15,19,8,0,42,2,4,6,48
02/03/2015,MOT,ND,AGL,CE,Federal Contract Tower,4,15,21,0,40,0,1,5,0,6,4,16,26,0,46,0,0,0,46
02/04/2015,MOT,ND,AGL,CE,Federal Contract Tower,11,15,6,1,33,0,1,2,0,3,11,16,8,1,36,17,4,21,57
02/05/2015,MOT,ND,AGL,CE,Federal Contract Tower,11,16,11,0,38,0,3,7,0,10,11,19,18,0,48,11,6,17,65
02/06/2015,MOT,ND,AGL,CE,Federal Contract Tower,7,19,7,1,34,0,2,2,0,4,7,21,9,1,38,0,4,4,42
02/07/2015,MOT,ND,AGL,CE,Federal Contract Tower,6,14,8,0,28,0,0,10,0,10,6,14,18,0,38,16,0,16,54
02/08/2015,MOT,ND,AGL,CE,Federal Contract Tower,5,8,6,0,19,0,0,0,0,0,5,8,6,0,19,0,0,0,19
02/09/2015,MOT,ND,AGL,CE,Federal Contract Tower,17,11,6,0,34,0,0,0,0,0,17,11,6,0,34,0,0,0,34
02/10/2015,MOT,ND,AGL,CE,Federal Contract Tower,9,29,7,0,45,0,0,0,0,0,9,29,7,0,45,0,0,0,45
02/11/2015,MOT,ND,AGL,CE,Federal Contract Tower,15,17,12,0,44,0,1,0,0,1,15,18,12,0,45,0,0,0,45
02/12/2015,MOT,ND,AGL,CE,Federal Contract Tower,7,19,16,0,42,0,0,2,0,2,7,19,18,0,44,0,4,4,48
02/13/2015,MOT,ND,AGL,CE,Federal Contract Tower,10,19,11,0,40,0,0,6,1,7,10,19,17,1,47,26,0,26,73
02/14/2015,MOT,ND,AGL,CE,Federal Contract Tower,5,14,11,0,30,0,2,1,0,3,5,16,12,0,33,0,0,0,33
02/15/2015,MOT,ND,AGL,CE,Federal Contract Tower,7,9,3,0,19,0,0,2,0,2,7,9,5,0,21,0,0,0,21
02/16/2015,MOT,ND,AGL,CE,Federal Contract Tower,16,19,15,0,50,0,0,1,2,3,16,19,16,2,53,4,0,4,57
02/17/2015,MOT,ND,AGL,CE,Federal Contract Tower,6,15,6,0,27,0,3,2,0,5,6,18,8,0,32,7,6,13,45
02/18/2015,MOT,ND,AGL,CE,Federal Contract Tower,6,21,16,0,43,0,5,9,0,14,6,26,25,0,57,15,26,41,98
02/19/2015,MOT,ND,AGL,CE,Federal Contract Tower,11,22,11,0,44,0,0,0,0,0,11,22,11,0,44,0,0,0,44
02/20/2015,MOT,ND,AGL,CE,Federal Contract Tower,8,18,8,0,34,0,2,2,0,4,8,20,10,0,38,0,0,0,38
02/21/2015,MOT,ND,AGL,CE,Federal Contract Tower,6,14,2,0,22,0,0,6,0,6,6,14,8,0,28,42,0,42,70
02/22/2015,MOT,ND,AGL,CE,Federal Contract Tower,7,7,10,0,24,0,1,4,0,5,7,8,14,0,29,14,0,14,43
02/23/2015,MOT,ND,AGL,CE,Federal Contract Tower,13,17,9,2,41,0,8,1,0,9,13,25,10,2,50,0,0,0,50
02/24/2015,MOT,ND,AGL,CE,Federal Contract Tower,5,19,10,0,34,0,1,4,0,5,5,20,14,0,39,4,4,8,47
02/25/2015,MOT,ND,AGL,CE,Federal Contract Tower,9,28,6,0,43,0,4,5,2,11,9,32,11,2,54,19,8,27,81
02/26/2015,MOT,ND,AGL,CE,Federal Contract Tower,11,15,21,0,47,0,0,17,0,17,11,15,38,0,64,11,2,13,77
02/27/2015,MOT,ND,AGL,CE,Federal Contract Tower,8,18,13,0,39,0,7,17,0,24,8,25,30,0,63,44,10,54,117
02/28/2015,MOT,ND,AGL,CE,Federal Contract Tower,7,17,2,0,26,0,1,8,0,9,7,18,10,0,35,8,0,8,43
03/01/2015,MOT,ND,AGL,CE,Federal Contract Tower,7,11,7,0,25,0,0,8,0,8,7,11,15,0,33,12,0,12,45
03/02/2015,MOT,ND,AGL,CE,Federal Contract Tower,12,16,10,0,38,0,0,9,0,9,12,16,19,0,47,30,0,30,77
03/03/2015,MOT,ND,AGL,CE,Federal Contract Tower,5,16,6,0,27,0,2,0,0,2,5,18,6,0,29,0,0,0,29
03/04/2015,MOT,ND,AGL,CE,Federal Contract Tower,11,24,8,0,43,0,6,4,0,10,11,30,12,0,53,2,4,6,59
03/05/2015,MOT,ND,AGL,CE,Federal Contract Tower,13,15,9,0,37,0,22,10,0,32,13,37,19,0,69,46,0,46,115
03/06/2015,MOT,ND,AGL,CE,Federal Contract Tower,12,13,12,0,37,0,1,10,0,11,12,14,22,0,48,126,4,130,178
03/07/2015,MOT,ND,AGL,CE,Federal Contract Tower,5,20,4,0,29,0,0,6,0,6,5,20,10,0,35,12,0,12,47
03/08/2015,MOT,ND,AGL,CE,Federal Contract Tower,12,11,0,0,23,0,1,21,0,22,12,12,21,0,45,6,0,6,51
03/09/2015,MOT,ND,AGL,CE,Federal Contract Tower,15,13,7,0,35,0,2,16,0,18,15,15,23,0,53,10,8,18,71
03/10/2015,MOT,ND,AGL,CE,Federal Contract Tower,8,17,12,0,37,0,3,13,0,16,8,20,25,0,53,62,0,62,115
03/11/2015,MOT,ND,AGL,CE,Federal Contract Tower,9,17,15,0,41,0,1,27,2,30,9,18,42,2,71,26,0,26,97
03/12/2015,MOT,ND,AGL,CE,Federal Contract Tower,16,13,20,0,49,0,10,3,0,13,16,23,23,0,62,6,0,6,68
03/13/2015,MOT,ND,AGL,CE,Federal Contract Tower,6,22,10,0,38,0,0,6,0,6,6,22,16,0,44,0,2,2,46
03/14/2015,MOT,ND,AGL,CE,Federal Contract Tower,6,20,1,0,27,0,0,11,0,11,6,20,12,0,38,0,0,0,38
03/15/2015,MOT,ND,AGL,CE,Federal Contract Tower,12,7,4,0,23,0,4,9,0,13,12,11,13,0,36,0,0,0,36
03/16/2015,MOT,ND,AGL,CE,Federal Contract Tower,19,13,3,0,35,0,5,1,0,6,19,18,4,0,41,0,6,6,47
03/17/2015,MOT,ND,AGL,CE,Federal Contract Tower,9,15,14,0,38,0,0,14,0,14,9,15,28,0,52,8,4,12,64
03/18/2015,MOT,ND,AGL,CE,Federal Contract Tower,17,16,9,0,42,0,2,2,0,4,17,18,11,0,46,0,8,8,54
03/19/2015,MOT,ND,AGL,CE,Federal Contract Tower,17,12,5,0,34,0,5,0,0,5,17,17,5,0,39,0,0,0,39
03/20/2015,MOT,ND,AGL,CE,Federal Contract Tower,9,13,6,0,28,0,0,0,0,0,9,13,6,0,28,0,0,0,28
03/21/2015,MOT,ND,AGL,CE,Federal Contract Tower,12,17,2,0,31,0,0,0,0,0,12,17,2,0,31,0,0,0,31
03/22/2015,MOT,ND,AGL,CE,Federal Contract Tower,9,9,3,1,22,0,0,3,0,3,9,9,6,1,25,0,0,0,25
03/23/2015,MOT,ND,AGL,CE,Federal Contract Tower,21,13,9,2,45,0,4,9,4,17,21,17,18,6,62,36,4,40,102
03/24/2015,MOT,ND,AGL,CE,Federal Contract Tower,11,12,6,0,29,0,0,0,0,0,11,12,6,0,29,0,0,0,29
03/25/2015,MOT,ND,AGL,CE,Federal Contract Tower,10,18,6,0,34,0,4,0,0,4,10,22,6,0,38,0,3,3,41
03/26/2015,MOT,ND,AGL,CE,Federal Contract Tower,18,10,17,0,45,0,0,10,0,10,18,10,27,0,55,27,20,47,102
03/27/2015,MOT,ND,AGL,CE,Federal Contract Tower,12,15,12,0,39,0,0,13,0,13,12,15,25,0,52,46,0,46,98
03/28/2015,MOT,ND,AGL,CE,Federal Contract Tower,7,19,5,0,31,0,0,6,0,6,7,19,11,0,37,0,0,0,37
03/30/2015,MOT,ND,AGL,CE,Federal Contract Tower,18,11,15,0,44,0,1,22,0,23,18,12,37,0,67,40,0,40,107
03/31/2015,MOT,ND,AGL,CE,Federal Contract Tower,10,11,20,0,41,0,0,28,0,28,10,11,48,0,69,38,12,50,119
04/01/2015,MOT,ND,AGL,CE,Federal Contract Tower,10,15,12,0,37,0,1,3,0,4,10,16,15,0,41,28,0,28,69
04/02/2015,MOT,ND,AGL,CE,Federal Contract Tower,13,13,12,0,38,0,3,1,0,4,13,16,13,0,42,0,2,2,44
04/03/2015,MOT,ND,AGL,CE,Federal Contract Tower,9,21,4,0,34,0,5,9,0,14,9,26,13,0,48,8,0,8,56
04/04/2015,MOT,ND,AGL,CE,Federal Contract Tower,5,21,3,0,29,0,0,29,0,29,5,21,32,0,58,124,0,124,182
04/05/2015,MOT,ND,AGL,CE,Federal Contract Tower,5,9,2,0,16,0,0,0,0,0,5,9,2,0,16,0,0,0,16
04/07/2015,MOT,ND,AGL,CE,Federal Contract Tower,6,18,10,0,34,0,2,0,0,2,6,20,10,0,36,6,0,6,42
04/08/2015,MOT,ND,AGL,CE,Federal Contract Tower,7,16,21,0,44,0,3,2,0,5,7,19,23,0,49,8,0,8,57
04/09/2015,MOT,ND,AGL,CE,Federal Contract Tower,12,17,23,0,52,0,2,15,0,17,12,19,38,0,69,28,0,28,97
04/10/2015,MOT,ND,AGL,CE,Federal Contract Tower,4,17,0,0,21,0,1,31,0,32,4,18,31,0,53,31,0,31,84
04/11/2015,MOT,ND,AGL,CE,Federal Contract Tower,3,16,5,0,24,0,1,8,1,10,3,17,13,1,34,22,0,22,56
04/12/2015,MOT,ND,AGL,CE,Federal Contract Tower,7,8,6,0,21,0,1,4,0,5,7,9,10,0,26,2,0,2,28
04/13/2015,MOT,ND,AGL,CE,Federal Contract Tower,13,17,9,0,39,0,7,4,0,11,13,24,13,0,50,10,0,10,60
04/14/2015,MOT,ND,AGL,CE,Federal Contract Tower,6,22,15,0,43,0,3,8,0,11,6,25,23,0,54,20,0,20,74
04/15/2015,MOT,ND,AGL,CE,Federal Contract Tower,7,18,13,0,38,0,0,11,3,14,7,18,24,3,52,0,2,2,54
04/16/2015,MOT,ND,AGL,CE,Federal Contract Tower,10,15,11,0,36,0,7,23,0,30,10,22,34,0,66,138,6,144,210
04/17/2015,MOT,ND,AGL,CE,Federal Contract Tower,9,23,26,0,58,0,0,51,0,51,9,23,77,0,109,86,8,94,203
04/18/2015,MOT,ND,AGL,CE,Federal Contract Tower,3,16,1,0,20,0,9,14,0,23,3,25,15,0,43,49,0,49,92
04/19/2015,MOT,ND,AGL,CE,Federal Contract Tower,9,6,6,0,21,0,0,7,0,7,9,6,13,0,28,0,0,0,28
04/20/2015,MOT,ND,AGL,CE,Federal Contract Tower,12,19,11,0,42,0,2,6,0,8,12,21,17,0,50,0,18,18,68
04/21/2015,MOT,ND,AGL,CE,Federal Contract Tower,6,13,9,0,28,0,0,14,0,14,6,13,23,0,42,14,2,16,58
04/22/2015,MOT,ND,AGL,CE,Federal Contract Tower,7,17,15,1,40,0,1,40,0,41,7,18,55,1,81,80,0,80,161
04/23/2015,MOT,ND,AGL,CE,Federal Contract Tower,13,16,17,0,46,0,0,28,0,28,13,16,45,0,74,6,0,6,80
04/24/2015,MOT,ND,AGL,CE,Federal Contract Tower,7,19,9,0,35,0,4,32,0,36,7,23,41,0,71,16,0,16,87
04/25/2015,MOT,ND,AGL,CE,Federal Contract Tower,6,17,3,0,26,0,2,4,3,9,6,19,7,3,35,36,0,36,71
04/26/2015,MOT,ND,AGL,CE,Federal Contract Tower,9,7,5,0,21,0,5,9,0,14,9,12,14,0,35,24,0,24,59
04/27/2015,MOT,ND,AGL,CE,Federal Contract Tower,11,18,11,0,40,0,2,6,0,8,11,20,17,0,48,46,4,50,98
04/28/2015,MOT,ND,AGL,CE,Federal Contract Tower,5,14,14,0,33,0,2,53,0,55,5,16,67,0,88,80,2,82,170
04/29/2015,MOT,ND,AGL,CE,Federal Contract Tower,7,20,13,0,40,0,0,28,0,28,7,20,41,0,68,32,2,34,102
04/30/2015,MOT,ND,AGL,CE,Federal Contract Tower,8,16,17,0,41,0,0,7,0,7,8,16,24,0,48,6,0,6,54
05/01/2015,MOT,ND,AGL,CE,Federal Contract Tower,6,18,8,0,32,0,6,12,8,26,6,24,20,8,58,16,5,21,79
05/02/2015,MOT,ND,AGL,CE,Federal Contract Tower,5,18,4,0,27,0,8,29,0,37,5,26,33,0,64,92,0,92,156
05/03/2015,MOT,ND,AGL,CE,Federal Contract Tower,2,11,5,1,19,0,2,17,1,20,2,13,22,2,39,8,0,8,47
05/04/2015,MOT,ND,AGL,CE,Federal Contract Tower,10,9,15,0,34,0,0,13,0,13,10,9,28,0,47,26,0,26,73
05/05/2015,MOT,ND,AGL,CE,Federal Contract Tower,6,16,23,0,45,0,0,18,0,18,6,16,41,0,63,38,0,38,101
05/06/2015,MOT,ND,AGL,CE,Federal Contract Tower,4,21,18,16,59,0,4,1,0,5,4,25,19,16,64,0,0,0,64
05/07/2015,MOT,ND,AGL,CE,Federal Contract Tower,6,25,26,0,57,0,0,0,0,0,6,25,26,0,57,0,0,0,57
05/08/2015,MOT,ND,AGL,CE,Federal Contract Tower,5,22,7,0,34,0,5,19,0,24,5,27,26,0,58,90,8,98,156
05/09/2015,MOT,ND,AGL,CE,Federal Contract Tower,5,18,2,0,25,0,0,31,0,31,5,18,33,0,56,2,4,6,62
05/10/2015,MOT,ND,AGL,CE,Federal Contract Tower,1,14,5,0,20,0,0,16,0,16,1,14,21,0,36,8,0,8,44
05/11/2015,MOT,ND,AGL,CE,Federal Contract Tower,8,14,17,0,39,0,0,10,0,10,8,14,27,0,49,8,4,12,61
05/12/2015,MOT,ND,AGL,CE,Federal Contract Tower,3,19,18,0,40,0,0,20,3,23,3,19,38,3,63,2,0,2,65
05/13/2015,MOT,ND,AGL,CE,Federal Contract Tower,3,20,13,0,36,0,0,1,5,6,3,20,14,5,42,10,18,28,70
05/14/2015,MOT,ND,AGL,CE,Federal Contract Tower,7,19,22,0,48,0,0,0,0,0,7,19,22,0,48,2,4,6,54
05/15/2015,MOT,ND,AGL,CE,Federal Contract Tower,5,22,18,0,45,0,1,25,0,26,5,23,43,0,71,58,2,60,131
05/16/2015,MOT,ND,AGL,CE,Federal Contract Tower,2,16,7,0,25,0,0,0,0,0,2,16,7,0,25,0,0,0,25
05/17/2015,MOT,ND,AGL,CE,Federal Contract Tower,1,14,3,0,18,0,0,0,0,0,1,14,3,0,18,0,0,0,18
05/18/2015,MOT,ND,AGL,CE,Federal Contract Tower,11,8,3,2,24,0,0,19,0,19,11,8,22,2,43,41,6,47,90
05/19/2015,MOT,ND,AGL,CE,Federal Contract Tower,3,17,18,0,38,0,4,43,0,47,3,21,61,0,85,76,2,78,163
05/20/2015,MOT,ND,AGL,CE,Federal Contract Tower,4,17,22,0,43,0,2,28,7,37,4,19,50,7,80,0,0,0,80
05/21/2015,MOT,ND,AGL,CE,Federal Contract Tower,8,17,23,0,48,0,1,13,0,14,8,18,36,0,62,72,0,72,134
05/22/2015,MOT,ND,AGL,CE,Federal Contract Tower,7,16,11,0,34,0,4,31,0,35,7,20,42,0,69,62,0,62,131
05/23/2015,MOT,ND,AGL,CE,Federal Contract Tower,3,17,1,0,21,0,1,17,0,18,3,18,18,0,39,0,2,2,41
05/24/2015,MOT,ND,AGL,CE,Federal Contract Tower,3,6,1,0,10,0,1,23,0,24,3,7,24,0,34,0,0,0,34
05/25/2015,MOT,ND,AGL,CE,Federal Contract Tower,9,9,1,0,19,0,0,14,0,14,9,9,15,0,33,0,0,0,33
05/26/2015,MOT,ND,AGL,CE,Federal Contract Tower,4,16,20,0,40,0,0,5,0,5,4,16,25,0,45,13,2,15,60
05/27/2015,MOT,ND,AGL,CE,Federal Contract Tower,4,16,13,0,33,0,0,14,0,14,4,16,27,0,47,37,14,51,98
05/28/2015,MOT,ND,AGL,CE,Federal Contract Tower,10,22,20,0,52,0,1,6,0,7,10,23,26,0,59,6,2,8,67
05/29/2015,MOT,ND,AGL,CE,Federal Contract Tower,3,20,15,0,38,0,4,12,2,18,3,24,27,2,56,40,12,52,108
05/30/2015,MOT,ND,AGL,CE,Federal Contract Tower,7,15,2,2,26,0,7,45,0,52,7,22,47,2,78,24,0,24,102
05/31/2015,MOT,ND,AGL,CE,Federal Contract Tower,3,16,11,0,30,0,6,13,0,19,3,22,24,0,49,58,0,58,107
06/01/2015,MOT,ND,AGL,CE,Federal Contract Tower,9,12,14,0,35,0,0,13,0,13,9,12,27,0,48,6,12,18,66
06/02/2015,MOT,ND,AGL,CE,Federal Contract Tower,4,17,17,1,39,0,0,2,1,3,4,17,19,2,42,2,0,2,44
06/03/2015,MOT,ND,AGL,CE,Federal Contract Tower,8,20,17,0,45,0,1,10,0,11,8,21,27,0,56,68,16,84,140
06/04/2015,MOT,ND,AGL,CE,Federal Contract Tower,7,16,26,3,52,0,3,17,3,23,7,19,43,6,75,38,6,44,119
06/05/2015,MOT,ND,AGL,CE,Federal Contract Tower,4,18,3,0,25,0,1,19,0,20,4,19,22,0,45,30,8,38,83
06/06/2015,MOT,ND,AGL,CE,Federal Contract Tower,4,17,10,0,31,0,5,11,0,16,4,22,21,0,47,10,0,10,57
06/07/2015,MOT,ND,AGL,CE,Federal Contract Tower,5,11,8,0,24,0,9,30,0,39,5,20,38,0,63,39,2,41,104
06/08/2015,MOT,ND,AGL,CE,Federal Contract Tower,9,16,3,0,28,0,2,21,2,25,9,18,24,2,53,39,10,49,102
06/09/2015,MOT,ND,AGL,CE,Federal Contract Tower,2,21,18,0,41,0,0,23,4,27,2,21,41,4,68,4,10,14,82
06/10/2015,MOT,ND,AGL,CE,Federal Contract Tower,2,20,16,2,40,0,1,36,8,45,2,21,52,10,85,104,12,116,201
06/11/2015,MOT,ND,AGL,CE,Federal Contract Tower,7,19,23,0,49,0,0,49,0,49,7,19,72,0,98,48,0,48,146
06/12/2015,MOT,ND,AGL,CE,Federal Contract Tower,5,22,10,0,37,0,3,17,0,20,5,25,27,0,57,10,4,14,71
06/13/2015,MOT,ND,AGL,CE,Federal Contract Tower,6,11,7,0,24,0,4,22,0,26,6,15,29,0,50,32,0,32,82
06/14/2015,MOT,ND,AGL,CE,Federal Contract Tower,5,13,9,0,27,0,2,27,2,31,5,15,36,2,58,22,0,22,80
06/15/2015,MOT,ND,AGL,CE,Federal Contract Tower,6,21,19,2,48,0,3,45,4,52,6,24,64,6,100,38,12,50,150
06/16/2015,MOT,ND,AGL,CE,Federal Contract Tower,5,23,14,2,44,0,0,30,0,30,5,23,44,2,74,18,4,22,96
06/17/2015,MOT,ND,AGL,CE,Federal Contract Tower,5,23,18,0,46,0,0,25,0,25,5,23,43,0,71,40,0,40,111
06/19/2015,MOT,ND,AGL,CE,Federal Contract Tower,7,14,3,0,24,0,0,32,1,33,7,14,35,1,57,10,2,12,69
06/20/2015,MOT,ND,AGL,CE,Federal Contract Tower,5,12,3,0,20,0,0,16,0,16,5,12,19,0,36,26,0,26,62
06/21/2015,MOT,ND,AGL,CE,Federal Contract Tower,6,7,4,0,17,0,0,35,0,35,6,7,39,0,52,8,0,8,60
06/22/2015,MOT,ND,AGL,CE,Federal Contract Tower,11,14,10,1,36,0,2,17,2,21,11,16,27,3,57,10,0,10,67
06/23/2015,MOT,ND,AGL,CE,Federal Contract Tower,6,19,20,0,45,0,1,63,0,64,6,20,83,0,109,52,10,62,171
06/24/2015,MOT,ND,AGL,CE,Federal Contract Tower,5,23,12,0,40,0,4,69,6,79,5,27,81,6,119,14,0,14,133
06/25/2015,MOT,ND,AGL,CE,Federal Contract Tower,12,22,16,0,50,0,0,57,5,62,12,22,73,5,112,40,0,40,152
06/26/2015,MOT,ND,AGL,CE,Federal Contract Tower,6,20,14,0,40,0,0,61,0,61,6,20,75,0,101,68,0,68,169
06/27/2015,MOT,ND,AGL,CE,Federal Contract Tower,3,15,7,0,25,0,0,75,0,75,3,15,82,0,100,18,0,18,118
06/28/2015,MOT,ND,AGL,CE,Federal Contract Tower,3,13,11,0,27,0,0,72,0,72,3,13,83,0,99,70,0,70,169
06/29/2015,MOT,ND,AGL,CE,Federal Contract Tower,10,19,11,0,40,0,119,0,0,119,10,138,11,0,159,29,0,29,188
06/30/2015,MOT,ND,AGL,CE,Federal Contract Tower,4,20,16,0,40,0,0,10,0,10,4,20,26,0,50,0,0,0,50
07/01/2015,MOT,ND,AGL,CE,Federal Contract Tower,7,22,21,0,50,0,5,60,0,65,7,27,81,0,115,18,2,20,135
07/02/2015,MOT,ND,AGL,CE,Federal Contract Tower,7,24,31,2,64,0,0,45,0,45,7,24,76,2,109,6,0,6,115
07/04/2015,MOT,ND,AGL,CE,Federal Contract Tower,1,11,2,0,14,0,0,65,0,65,1,11,67,0,79,0,0,0,79
07/05/2015,MOT,ND,AGL,CE,Federal Contract Tower,3,14,8,0,25,0,0,38,0,38,3,14,46,0,63,0,0,0,63
07/06/2015,MOT,ND,AGL,CE,Federal Contract Tower,9,18,18,2,47,0,0,171,0,171,9,18,189,2,218,34,0,34,252
07/07/2015,MOT,ND,AGL,CE,Federal Contract Tower,3,23,20,1,47,0,2,44,3,49,3,25,64,4,96,30,0,30,126
07/08/2015,MOT,ND,AGL,CE,Federal Contract Tower,5,24,23,0,52,0,0,52,3,55,5,24,75,3,107,8,4,12,119
07/09/2015,MOT,ND,AGL,CE,Federal Contract Tower,7,21,16,0,44,0,0,49,2,51,7,21,65,2,95,6,4,10,105
07/10/2015,MOT,ND,AGL,CE,Federal Contract Tower,6,27,15,0,48,0,0,43,1,44,6,27,58,1,92,54,0,54,146
07/11/2015,MOT,ND,AGL,CE,Federal Contract Tower,1,17,4,0,22,0,0,11,0,11,1,17,15,0,33,4,2,6,39
07/12/2015,MOT,ND,AGL,CE,Federal Contract Tower,5,17,2,0,24,0,0,27,0,27,5,17,29,0,51,0,0,0,51
07/13/2015,MOT,ND,AGL,CE,Federal Contract Tower,5,17,10,1,33,0,6,30,4,40,5,23,40,5,73,22,14,36,109
07/14/2015,MOT,ND,AGL,CE,Federal Contract Tower,6,21,21,0,48,0,5,43,5,53,6,26,64,5,101,24,18,42,143
07/15/2015,MOT,ND,AGL,CE,Federal Contract Tower,7,27,14,0,48,0,4,33,0,37,7,31,47,0,85,72,0,72,157
07/16/2015,MOT,ND,AGL,CE,Federal Contract Tower,5,30,21,0,56,0,0,53,0,53,5,30,74,0,109,12,0,12,121
07/17/2015,MOT,ND,AGL,CE,Federal Contract Tower,5,22,13,0,40,0,0,42,2,44,5,22,55,2,84,28,12,40,124
07/18/2015,MOT,ND,AGL,CE,Federal Contract Tower,3,14,8,0,25,0,0,26,0,26,3,14,34,0,51,3,0,3,54
07/19/2015,MOT,ND,AGL,CE,Federal Contract Tower,5,12,5,0,22,0,12,23,0,35,5,24,28,0,57,24,0,24,81
07/20/2015,MOT,ND,AGL,CE,Federal Contract Tower,11,22,18,0,51,0,6,10,8,24,11,28,28,8,75,23,12,35,110
07/21/2015,MOT,ND,AGL,CE,Federal Contract Tower,5,19,10,0,34,0,5,14,0,19,5,24,24,0,53,49,4,53,106
07/22/2015,MOT,ND,AGL,CE,Federal Contract Tower,5,22,18,0,45,0,2,8,3,13,5,24,26,3,58,25,21,46,104
07/23/2015,MOT,ND,AGL,CE,Federal Contract Tower,7,23,18,1,49,0,2,25,0,27,7,25,43,1,76,8,0,8,84
07/24/2015,MOT,ND,AGL,CE,Federal Contract Tower,9,19,16,0,44,0,2,31,4,37,9,21,47,4,81,26,4,30,111
07/25/2015,MOT,ND,AGL,CE,Federal Contract Tower,0,19,7,0,26,0,7,19,0,26,0,26,26,0,52,25,0,25,77
07/26/2015,MOT,ND,AGL,CE,Federal Contract Tower,5,16,5,0,26,0,4,45,0,49,5,20,50,0,75,28,0,28,103
07/27/2015,MOT,ND,AGL,CE,Federal Contract Tower,11,16,14,0,41,0,0,17,0,17,11,16,31,0,58,11,0,11,69
07/28/2015,MOT,ND,AGL,CE,Federal Contract Tower,3,22,11,0,36,0,0,8,0,8,3,22,19,0,44,0,0,0,44
07/29/2015,MOT,ND,AGL,CE,Federal Contract Tower,7,20,23,0,50,0,0,3,0,3,7,20,26,0,53,0,0,0,53
07/30/2015,MOT,ND,AGL,CE,Federal Contract Tower,8,29,26,0,63,0,2,42,0,44,8,31,68,0,107,18,0,18,125
07/31/2015,MOT,ND,AGL,CE,Federal Contract Tower,4,23,7,0,34,0,0,45,0,45,4,23,52,0,79,46,6,52,131
08/01/2015,MOT,ND,AGL,CE,Federal Contract Tower,1,20,12,0,33,0,0,33,0,33,1,20,45,0,66,23,0,23,89
08/02/2015,MOT,ND,AGL,CE,Federal Contract Tower,5,14,4,0,23,0,0,19,0,19,5,14,23,0,42,8,0,8,50
08/03/2015,MOT,ND,AGL,CE,Federal Contract Tower,9,16,16,0,41,0,4,41,3,48,9,20,57,3,89,32,18,50,139
08/04/2015,MOT,ND,AGL,CE,Federal Contract Tower,5,22,9,1,37,0,0,29,0,29,5,22,38,1,66,21,6,27,93
08/05/2015,MOT,ND,AGL,CE,Federal Contract Tower,7,14,20,0,41,0,2,14,0,16,7,16,34,0,57,6,0,6,63
08/06/2015,MOT,ND,AGL,CE,Federal Contract Tower,4,28,22,0,54,0,0,7,0,7,4,28,29,0,61,7,0,7,68
08/07/2015,MOT,ND,AGL,CE,Federal Contract Tower,7,21,15,0,43,0,5,18,0,23,7,26,33,0,66,51,4,55,121
08/08/2015,MOT,ND,AGL,CE,Federal Contract Tower,1,18,6,0,25,0,0,41,0,41,1,18,47,0,66,36,0,36,102
08/09/2015,MOT,ND,AGL,CE,Federal Contract Tower,5,15,1,0,21,0,3,34,0,37,5,18,35,0,58,18,0,18,76
08/10/2015,MOT,ND,AGL,CE,Federal Contract Tower,11,14,18,4,47,0,0,38,0,38,11,14,56,4,85,28,0,28,113
08/11/2015,MOT,ND,AGL,CE,Federal Contract Tower,3,24,28,0,55,0,3,25,9,37,3,27,53,9,92,52,0,52,144
08/12/2015,MOT,ND,AGL,CE,Federal Contract Tower,7,16,23,0,46,0,4,15,10,29,7,20,38,10,75,8,2,10,85
08/13/2015,MOT,ND,AGL,CE,Federal Contract Tower,5,25,20,2,52,0,3,17,0,20,5,28,37,2,72,0,4,4,76
08/14/2015,MOT,ND,AGL,CE,Federal Contract Tower,3,26,12,2,43,0,2,22,0,24,3,28,34,2,67,0,0,0,67
08/15/2015,MOT,ND,AGL,CE,Federal Contract Tower,2,17,8,0,27,0,6,17,0,23,2,23,25,0,50,12,0,12,62
08/16/2015,MOT,ND,AGL,CE,Federal Contract Tower,5,12,6,0,23,0,0,24,0,24,5,12,30,0,47,0,0,0,47
08/17/2015,MOT,ND,AGL,CE,Federal Contract Tower,7,20,11,0,38,0,0,33,0,33,7,20,44,0,71,22,0,22,93
08/18/2015,MOT,ND,AGL,CE,Federal Contract Tower,7,18,28,0,53,0,3,27,0,30,7,21,55,0,83,10,14,24,107
08/19/2015,MOT,ND,AGL,CE,Federal Contract Tower,5,19,16,0,40,0,6,29,0,35,5,25,45,0,75,2,0,2,77
08/20/2015,MOT,ND,AGL,CE,Federal Contract Tower,7,23,20,0,50,0,0,31,0,31,7,23,51,0,81,5,4,9,90
08/21/2015,MOT,ND,AGL,CE,Federal Contract Tower,6,20,10,0,36,0,2,28,0,30,6,22,38,0,66,24,0,24,90
08/22/2015,MOT,ND,AGL,CE,Federal Contract Tower,0,17,3,0,20,0,3,0,0,3,0,20,3,0,23,0,0,0,23
08/23/2015,MOT,ND,AGL,CE,Federal Contract Tower,5,11,10,0,26,0,0,2,0,2,5,11,12,0,28,0,2,2,30
08/24/2015,MOT,ND,AGL,CE,Federal Contract Tower,10,16,13,0,39,0,0,28,0,28,10,16,41,0,67,10,2,12,79
08/25/2015,MOT,ND,AGL,CE,Federal Contract Tower,4,21,9,0,34,0,0,23,0,23,4,21,32,0,57,16,4,20,77
08/26/2015,MOT,ND,AGL,CE,Federal Contract Tower,3,17,20,0,40,0,0,26,0,26,3,17,46,0,66,3,2,5,71
08/27/2015,MOT,ND,AGL,CE,Federal Contract Tower,8,19,14,0,41,0,0,34,0,34,8,19,48,0,75,10,0,10,85
08/28/2015,MOT,ND,AGL,CE,Federal Contract Tower,5,16,18,0,39,0,1,17,1,19,5,17,35,1,58,2,0,2,60
08/29/2015,MOT,ND,AGL,CE,Federal Contract Tower,2,22,13,0,37,0,0,2,0,2,2,22,15,0,39,0,0,0,39
08/30/2015,MOT,ND,AGL,CE,Federal Contract Tower,5,11,9,0,25,0,2,17,0,19,5,13,26,0,44,16,0,16,60
08/31/2015,MOT,ND,AGL,CE,Federal Contract Tower,11,12,13,0,36,0,2,24,0,26,11,14,37,0,62,0,26,26,88
09/01/2015,MOT,ND,AGL,CE,Federal Contract Tower,5,16,16,0,37,0,0,12,0,12,5,16,28,0,49,6,0,6,55
09/02/2015,MOT,ND,AGL,CE,Federal Contract Tower,5,17,13,0,35,0,3,9,2,14,5,20,22,2,49,0,0,0,49
09/03/2015,MOT,ND,AGL,CE,Federal Contract Tower,9,22,14,0,45,0,0,17,0,17,9,22,31,0,62,14,0,14,76
09/04/2015,MOT,ND,AGL,CE,Federal Contract Tower,7,18,13,0,38,0,2,13,0,15,7,20,26,0,53,2,0,2,55
09/05/2015,MOT,ND,AGL,CE,Federal Contract Tower,4,17,3,0,24,0,0,0,0,0,4,17,3,0,24,0,0,0,24
09/06/2015,MOT,ND,AGL,CE,Federal Contract Tower,6,9,4,0,19,0,0,12,0,12,6,9,16,0,31,7,0,7,38
09/07/2015,MOT,ND,AGL,CE,Federal Contract Tower,9,8,3,0,20,0,0,6,0,6,9,8,9,0,26,8,0,8,34
09/08/2015,MOT,ND,AGL,CE,Federal Contract Tower,6,15,20,0,41,0,0,31,0,31,6,15,51,0,72,4,6,10,82
09/09/2015,MOT,ND,AGL,CE,Federal Contract Tower,4,20,12,0,36,0,0,24,2,26,4,20,36,2,62,22,0,22,84
09/10/2015,MOT,ND,AGL,CE,Federal Contract Tower,6,18,14,0,38,0,2,23,0,25,6,20,37,0,63,40,0,40,103
09/11/2015,MOT,ND,AGL,CE,Federal Contract Tower,10,17,12,0,39,0,1,25,0,26,10,18,37,0,65,8,18,26,91
09/12/2015,MOT,ND,AGL,CE,Federal Contract Tower,6,12,14,0,32,0,6,37,0,43,6,18,51,0,75,6,0,6,81
09/14/2015,MOT,ND,AGL,CE,Federal Contract Tower,11,13,13,2,39,0,1,35,0,36,11,14,48,2,75,14,0,14,89
09/15/2015,MOT,ND,AGL,CE,Federal Contract Tower,3,22,8,0,33,0,0,9,0,9,3,22,17,0,42,14,0,14,56
09/16/2015,MOT,ND,AGL,CE,Federal Contract Tower,7,16,18,0,41,0,0,33,4,37,7,16,51,4,78,13,0,13,91
09/17/2015,MOT,ND,AGL,CE,Federal Contract Tower,14,16,30,0,60,0,0,13,2,15,14,16,43,2,75,0,0,0,75
09/18/2015,MOT,ND,AGL,CE,Federal Contract Tower,5,19,16,2,42,0,0,14,0,14,5,19,30,2,56,0,6,6,62
09/19/2015,MOT,ND,AGL,CE,Federal Contract Tower,7,12,5,0,24,0,4,38,0,42,7,16,43,0,66,24,2,26,92
09/20/2015,MOT,ND,AGL,CE,Federal Contract Tower,6,7,1,0,14,0,6,9,0,15,6,13,10,0,29,0,0,0,29
09/21/2015,MOT,ND,AGL,CE,Federal Contract Tower,6,20,19,0,45,0,0,3,0,3,6,20,22,0,48,0,0,0,48
09/22/2015,MOT,ND,AGL,CE,Federal Contract Tower,5,16,15,0,36,0,0,16,0,16,5,16,31,0,52,18,0,18,70
09/23/2015,MOT,ND,AGL,CE,Federal Contract Tower,7,16,11,4,38,0,3,7,0,10,7,19,18,4,48,0,6,6,54
09/24/2015,MOT,ND,AGL,CE,Federal Contract Tower,9,24,36,0,69,0,0,25,0,25,9,24,61,0,94,10,2,12,106
09/25/2015,MOT,ND,AGL,CE,Federal Contract Tower,7,15,14,0,36,0,4,16,0,20,7,19,30,0,56,6,2,8,64
09/26/2015,MOT,ND,AGL,CE,Federal Contract Tower,8,10,10,0,28,0,0,5,2,7,8,10,15,2,35,0,0,0,35
09/27/2015,MOT,ND,AGL,CE,Federal Contract Tower,4,10,10,0,24,0,0,22,0,22,4,10,32,0,46,12,0,12,58
09/28/2015,MOT,ND,AGL,CE,Federal Contract Tower,10,18,14,0,42,0,0,15,0,15,10,18,29,0,57,2,0,2,59
09/29/2015,MOT,ND,AGL,CE,Federal Contract Tower,5,19,22,0,46,0,11,21,0,32,5,30,43,0,78,19,0,19,97
09/30/2015,MOT,ND,AGL,CE,Federal Contract Tower,7,15,28,0,50,0,0,17,0,17,7,15,45,0,67,14,2,16,83
10/01/2015,MOT,ND,AGL,CE,Federal Contract Tower,7,22,13,0,42,0,1,9,0,10,7,23,22,0,52,4,0,4,56
10/02/2015,MOT,ND,AGL,CE,Federal Contract Tower,8,14,10,0,32,0,2,3,0,5,8,16,13,0,37,2,8,10,47
10/03/2015,MOT,ND,AGL,CE,Federal Contract Tower,9,17,11,0,37,0,0,15,0,15,9,17,26,0,52,13,0,13,65
10/04/2015,MOT,ND,AGL,CE,Federal Contract Tower,5,13,7,0,25,0,0,9,0,9,5,13,16,0,34,0,0,0,34
10/05/2015,MOT,ND,AGL,CE,Federal Contract Tower,9,19,10,0,38,0,1,17,0,18,9,20,27,0,56,38,6,44,100
10/06/2015,MOT,ND,AGL,CE,Federal Contract Tower,3,14,17,2,36,0,1,25,0,26,3,15,42,2,62,38,6,44,106
10/07/2015,MOT,ND,AGL,CE,Federal Contract Tower,10,14,15,0,39,0,3,20,0,23,10,17,35,0,62,6,8,14,76
10/08/2015,MOT,ND,AGL,CE,Federal Contract Tower,9,14,27,2,52,0,7,8,0,15,9,21,35,2,67,12,0,12,79
10/09/2015,MOT,ND,AGL,CE,Federal Contract Tower,7,13,18,0,38,0,2,25,0,27,7,15,43,0,65,8,0,8,73
10/11/2015,MOT,ND,AGL,CE,Federal Contract Tower,4,12,7,0,23,0,0,14,0,14,4,12,21,0,37,0,0,0,37
10/12/2015,MOT,ND,AGL,CE,Federal Contract Tower,8,17,11,0,36,0,7,1,0,8,8,24,12,0,44,0,0,0,44
10/13/2015,MOT,ND,AGL,CE,Federal Contract Tower,5,18,13,0,36,0,6,11,0,17,5,24,24,0,53,0,0,0,53
10/14/2015,MOT,ND,AGL,CE,Federal Contract Tower,9,17,18,2,46,0,5,18,0,23,9,22,36,2,69,6,0,6,75
10/15/2015,MOT,ND,AGL,CE,Federal Contract Tower,9,18,19,0,46,0,0,7,0,7,9,18,26,0,53,12,2,14,67
10/16/2015,MOT,ND,AGL,CE,Federal Contract Tower,5,21,12,0,38,0,0,38,0,38,5,21,50,0,76,10,0,10,86
10/17/2015,MOT,ND,AGL,CE,Federal Contract Tower,9,11,8,0,28,0,0,24,0,24,9,11,32,0,52,20,0,20,72
10/18/2015,MOT,ND,AGL,CE,Federal Contract Tower,4,12,8,0,24,0,2,31,0,33,4,14,39,0,57,20,0,20,77
10/19/2015,MOT,ND,AGL,CE,Federal Contract Tower,11,14,20,0,45,0,0,16,0,16,11,14,36,0,61,18,0,18,79
10/20/2015,MOT,ND,AGL,CE,Federal Contract Tower,3,24,14,0,41,0,0,8,2,10,3,24,22,2,51,8,0,8,59
10/21/2015,MOT,ND,AGL,CE,Federal Contract Tower,8,19,15,0,42,0,0,19,0,19,8,19,34,0,61,10,0,10,71
10/22/2015,MOT,ND,AGL,CE,Federal Contract Tower,9,21,20,0,50,0,0,9,2,11,9,21,29,2,61,0,0,0,61
10/23/2015,MOT,ND,AGL,CE,Federal Contract Tower,5,20,28,1,54,0,0,0,1,1,5,20,28,2,55,0,0,0,55
10/24/2015,MOT,ND,AGL,CE,Federal Contract Tower,12,11,11,0,34,0,5,16,0,21,12,16,27,0,55,8,0,8,63
10/25/2015,MOT,ND,AGL,CE,Federal Contract Tower,3,13,1,0,17,0,2,5,0,7,3,15,6,0,24,12,0,12,36
10/26/2015,MOT,ND,AGL,CE,Federal Contract Tower,12,17,12,0,41,0,0,9,0,9,12,17,21,0,50,2,0,2,52
10/27/2015,MOT,ND,AGL,CE,Federal Contract Tower,5,16,29,0,50,0,0,6,0,6,5,16,35,0,56,8,0,8,64
10/28/2015,MOT,ND,AGL,CE,Federal Contract Tower,6,21,25,0,52,0,0,3,0,3,6,21,28,0,55,0,0,0,55
10/29/2015,MOT,ND,AGL,CE,Federal Contract Tower,6,18,23,0,47,0,2,12,0,14,6,20,35,0,61,10,0,10,71
10/30/2015,MOT,ND,AGL,CE,Federal Contract Tower,6,17,5,4,32,0,3,24,0,27,6,20,29,4,59,12,4,16,75
10/31/2015,MOT,ND,AGL,CE,Federal Contract Tower,6,11,5,0,22,0,0,8,0,8,6,11,13,0,30,6,0,6,36
11/01/2015,MOT,ND,AGL,CE,Federal Contract Tower,2,12,7,0,21,0,0,13,0,13,2,12,20,0,34,15,0,15,49
11/02/2015,MOT,ND,AGL,CE,Federal Contract Tower,9,17,10,0,36,0,0,11,6,17,9,17,21,6,53,16,2,18,71
11/03/2015,MOT,ND,AGL,CE,Federal Contract Tower,3,18,2,0,23,0,0,0,0,0,3,18,2,0,23,0,0,0,23
11/04/2015,MOT,ND,AGL,CE,Federal Contract Tower,5,22,24,0,51,0,0,0,0,0,5,22,24,0,51,0,0,0,51
11/05/2015,MOT,ND,AGL,CE,Federal Contract Tower,7,20,18,0,45,0,0,0,0,0,7,20,18,0,45,0,0,0,45
11/06/2015,MOT,ND,AGL,CE,Federal Contract Tower,4,22,14,0,40,0,0,22,0,22,4,22,36,0,62,37,0,37,99
11/07/2015,MOT,ND,AGL,CE,Federal Contract Tower,6,13,7,0,26,0,0,25,0,25,6,13,32,0,51,38,0,38,89
11/08/2015,MOT,ND,AGL,CE,Federal Contract Tower,3,10,5,0,18,0,6,18,0,24,3,16,23,0,42,0,0,0,42
11/09/2015,MOT,ND,AGL,CE,Federal Contract Tower,6,18,10,0,34,0,0,15,0,15,6,18,25,0,49,39,2,41,90
11/10/2015,MOT,ND,AGL,CE,Federal Contract Tower,1,26,9,0,36,0,0,0,0,0,1,26,9,0,36,0,0,0,36
11/11/2015,MOT,ND,AGL,CE,Federal Contract Tower,6,23,13,0,42,0,0,0,0,0,6,23,13,0,42,0,0,0,42
11/12/2015,MOT,ND,AGL,CE,Federal Contract Tower,7,17,9,0,33,0,0,3,2,5,7,17,12,2,38,0,0,0,38
11/13/2015,MOT,ND,AGL,CE,Federal Contract Tower,2,22,13,0,37,0,0,11,0,11,2,22,24,0,48,14,0,14,62
11/14/2015,MOT,ND,AGL,CE,Federal Contract Tower,8,13,3,0,24,0,8,12,0,20,8,21,15,0,44,3,0,3,47
11/15/2015,MOT,ND,AGL,CE,Federal Contract Tower,5,10,4,0,19,0,0,22,0,22,5,10,26,0,41,13,0,13,54
11/16/2015,MOT,ND,AGL,CE,Federal Contract Tower,6,20,21,0,47,0,0,8,0,8,6,20,29,0,55,6,0,6,61
11/17/2015,MOT,ND,AGL,CE,Federal Contract Tower,5,19,7,1,32,0,0,8,2,10,5,19,15,3,42,6,0,6,48
11/18/2015,MOT,ND,AGL,CE,Federal Contract Tower,1,19,13,0,33,0,0,0,0,0,1,19,13,0,33,0,0,0,33
11/19/2015,MOT,ND,AGL,CE,Federal Contract Tower,7,25,11,0,43,0,3,1,0,4,7,28,12,0,47,0,2,2,49
11/21/2015,MOT,ND,AGL,CE,Federal Contract Tower,3,14,5,0,22,0,1,6,0,7,3,15,11,0,29,10,0,10,39
11/22/2015,MOT,ND,AGL,CE,Federal Contract Tower,1,9,8,0,18,0,1,8,0,9,1,10,16,0,27,8,0,8,35
11/23/2015,MOT,ND,AGL,CE,Federal Contract Tower,6,17,11,0,34,0,2,15,6,23,6,19,26,6,57,57,4,61,118
11/24/2015,MOT,ND,AGL,CE,Federal Contract Tower,1,20,18,0,39,0,0,7,0,7,1,20,25,0,46,0,4,4,50
11/25/2015,MOT,ND,AGL,CE,Federal Contract Tower,2,22,12,0,36,0,0,0,0,0,2,22,12,0,36,0,0,0,36
11/26/2015,MOT,ND,AGL,CE,Federal Contract Tower,6,9,8,0,23,0,0,0,0,0,6,9,8,0,23,0,0,0,23
11/27/2015,MOT,ND,AGL,CE,Federal Contract Tower,5,19,5,0,29,0,0,2,0,2,5,19,7,0,31,14,0,14,45
11/28/2015,MOT,ND,AGL,CE,Federal Contract Tower,7,20,3,0,30,0,2,21,0,23,7,22,24,0,53,10,0,10,63
11/29/2015,MOT,ND,AGL,CE,Federal Contract Tower,4,12,4,0,20,0,1,6,0,7,4,13,10,0,27,0,0,0,27
11/30/2015,MOT,ND,AGL,CE,Federal Contract Tower,8,18,5,0,31,0,0,0,0,0,8,18,5,0,31,0,0,0,31
12/01/2015,MOT,ND,AGL,CE,Federal Contract Tower,2,17,14,0,33,0,1,5,1,7,2,18,19,1,40,4,0,4,44
12/02/2015,MOT,ND,AGL,CE,Federal Contract Tower,6,17,7,0,30,0,0,10,0,10,6,17,17,0,40,37,0,37,77
12/03/2015,MOT,ND,AGL,CE,Federal Contract Tower,7,20,14,0,41,0,0,16,0,16,7,20,30,0,57,65,4,69,126
12/04/2015,MOT,ND,AGL,CE,Federal Contract Tower,5,16,13,0,34,0,1,10,0,11,5,17,23,0,45,1,0,1,46
12/05/2015,MOT,ND,AGL,CE,Federal Contract Tower,5,14,7,0,26,0,5,33,4,42,5,19,40,4,68,12,0,12,80
12/06/2015,MOT,ND,AGL,CE,Federal Contract Tower,2,10,9,0,21,0,1,9,2,12,2,11,18,2,33,11,0,11,44
12/07/2015,MOT,ND,AGL,CE,Federal Contract Tower,9,11,15,0,35,0,0,13,0,13,9,11,28,0,48,18,34,52,100
12/08/2015,MOT,ND,AGL,CE,Federal Contract Tower,3,17,13,0,33,0,0,8,0,8,3,17,21,0,41,4,46,50,91
12/09/2015,MOT,ND,AGL,CE,Federal Contract Tower,4,18,9,0,31,0,1,7,3,11,4,19,16,3,42,0,10,10,52
12/10/2015,MOT,ND,AGL,CE,Federal Contract Tower,7,15,15,0,37,0,0,0,0,0,7,15,15,0,37,0,4,4,41
12/11/2015,MOT,ND,AGL,CE,Federal Contract Tower,3,20,2,0,25,0,0,0,0,0,3,20,2,0,25,0,0,0,25
12/12/2015,MOT,ND,AGL,CE,Federal Contract Tower,5,16,10,0,31,0,0,0,0,0,5,16,10,0,31,0,2,2,33
12/13/2015,MOT,ND,AGL,CE,Federal Contract Tower,3,10,3,0,16,0,0,1,0,1,3,10,4,0,17,0,0,0,17
12/14/2015,MOT,ND,AGL,CE,Federal Contract Tower,8,8,14,0,30,0,0,0,0,0,8,8,14,0,30,0,0,0,30
12/15/2015,MOT,ND,AGL,CE,Federal Contract Tower,3,15,20,0,38,0,0,0,0,0,3,15,20,0,38,0,0,0,38
12/16/2015,MOT,ND,AGL,CE,Federal Contract Tower,4,20,11,0,35,0,0,0,0,0,4,20,11,0,35,0,0,0,35
12/17/2015,MOT,ND,AGL,CE,Federal Contract Tower,5,19,22,0,46,0,0,2,0,2,5,19,24,0,48,2,0,2,50
12/18/2015,MOT,ND,AGL,CE,Federal Contract Tower,4,20,15,4,43,0,3,17,0,20,4,23,32,4,63,6,0,6,69
12/19/2015,MOT,ND,AGL,CE,Federal Contract Tower,3,19,3,0,25,0,0,3,1,4,3,19,6,1,29,0,0,0,29
12/20/2015,MOT,ND,AGL,CE,Federal Contract Tower,4,12,2,0,18,0,0,0,0,0,4,12,2,0,18,0,0,0,18
12/21/2015,MOT,ND,AGL,CE,Federal Contract Tower,8,20,13,0,41,0,0,6,2,8,8,20,19,2,49,0,0,0,49
12/22/2015,MOT,ND,AGL,CE,Federal Contract Tower,6,21,22,0,49,0,0,1,0,1,6,21,23,0,50,0,0,0,50
12/23/2015,MOT,ND,AGL,CE,Federal Contract Tower,6,22,9,0,37,0,0,0,0,0,6,22,9,0,37,0,0,0,37
12/24/2015,MOT,ND,AGL,CE,Federal Contract Tower,7,20,8,0,35,0,0,0,0,0,7,20,8,0,35,0,0,0,35
12/25/2015,MOT,ND,AGL,CE,Federal Contract Tower,1,7,0,0,8,0,0,3,0,3,1,7,3,0,11,0,0,0,11
12/26/2015,MOT,ND,AGL,CE,Federal Contract Tower,2,21,3,0,26,0,2,0,0,2,2,23,3,0,28,0,0,0,28
12/27/2015,MOT,ND,AGL,CE,Federal Contract Tower,6,12,0,0,18,0,2,10,0,12,6,14,10,0,30,16,0,16,46
12/28/2015,MOT,ND,AGL,CE,Federal Contract Tower,6,11,1,0,18,0,0,6,0,6,6,11,7,0,24,4,4,8,32
12/29/2015,MOT,ND,AGL,CE,Federal Contract Tower,5,19,3,0,27,0,9,2,0,11,5,28,5,0,38,0,4,4,42
12/30/2015,MOT,ND,AGL,CE,Federal Contract Tower,6,23,7,0,36,0,0,17,0,17,6,23,24,0,53,14,0,14,67
12/31/2015,MOT,ND,AGL,CE,Federal Contract Tower,6,19,4,0,29,0,0,5,0,5,6,19,9,0,34,0,0,0,34
01/01/2016,MOT,ND,AGL,CE,Federal Contract Tower,1,10,4,0,15,0,0,6,0,6,1,10,10,0,21,2,0,2,23
01/02/2016,MOT,ND,AGL,CE,Federal Contract Tower,3,19,3,0,25,0,3,11,0,14,3,22,14,0,39,4,0,4,43
01/03/2016,MOT,ND,AGL,CE,Federal Contract Tower,7,11,6,0,24,0,0,16,0,16,7,11,22,0,40,39,0,39,79
01/04/2016,MOT,ND,AGL,CE,Federal Contract Tower,7,21,17,0,45,0,6,18,0,24,7,27,35,0,69,6,0,6,75
01/05/2016,MOT,ND,AGL,CE,Federal Contract Tower,2,16,14,0,32,0,0,13,0,13,2,16,27,0,45,2,6,8,53
01/06/2016,MOT,ND,AGL,CE,Federal Contract Tower,2,18,6,0,26,0,0,3,2,5,2,18,9,2,31,5,2,7,38
01/07/2016,MOT,ND,AGL,CE,Federal Contract Tower,6,26,15,0,47,0,0,0,0,0,6,26,15,0,47,0,0,0,47
01/08/2016,MOT,ND,AGL,CE,Federal Contract Tower,3,16,6,0,25,0,0,1,0,1,3,16,7,0,26,0,0,0,26
01/09/2016,MOT,ND,AGL,CE,Federal Contract Tower,3,15,2,0,20,0,0,5,0,5,3,15,7,0,25,0,0,0,25
01/10/2016,MOT,ND,AGL,CE,Federal Contract Tower,1,14,5,0,20,0,0,0,0,0,1,14,5,0,20,0,0,0,20
01/11/2016,MOT,ND,AGL,CE,Federal Contract Tower,5,16,8,0,29,0,0,1,2,3,5,16,9,2,32,0,0,0,32
01/12/2016,MOT,ND,AGL,CE,Federal Contract Tower,1,18,5,0,24,0,0,5,0,5,1,18,10,0,29,0,0,0,29
01/13/2016,MOT,ND,AGL,CE,Federal Contract Tower,2,15,9,0,26,0,3,6,0,9,2,18,15,0,35,22,0,22,57
01/14/2016,MOT,ND,AGL,CE,Federal Contract Tower,5,19,9,0,33,0,0,0,0,0,5,19,9,0,33,10,0,10,43
01/15/2016,MOT,ND,AGL,CE,Federal Contract Tower,2,17,10,4,33,0,0,0,0,0,2,17,10,4,33,0,2,2,35
01/16/2016,MOT,ND,AGL,CE,Federal Contract Tower,1,19,2,0,22,0,4,6,0,10,1,23,8,0,32,2,0,2,34
01/17/2016,MOT,ND,AGL,CE,Federal Contract Tower,5,6,3,0,14,0,0,8,0,8,5,6,11,0,22,0,0,0,22
01/18/2016,MOT,ND,AGL,CE,Federal Contract Tower,6,16,14,0,36,0,4,21,0,25,6,20,35,0,61,14,0,14,75
01/19/2016,MOT,ND,AGL,CE,Federal Contract Tower,1,25,16,0,42,0,0,1,0,1,1,25,17,0,43,0,4,4,47
01/20/2016,MOT,ND,AGL,CE,Federal Contract Tower,3,14,11,2,30,0,0,0,0,0,3,14,11,2,30,0,0,0,30
01/21/2016,MOT,ND,AGL,CE,Federal Contract Tower,3,19,8,0,30,0,0,6,0,6,3,19,14,0,36,0,0,0,36
01/22/2016,MOT,ND,AGL,CE,Federal Contract Tower,3,21,6,0,30,0,0,2,0,2,3,21,8,0,32,0,0,0,32
01/23/2016,MOT,ND,AGL,CE,Federal Contract Tower,1,14,9,0,24,0,2,9,0,11,1,16,18,0,35,8,0,8,43
01/24/2016,MOT,ND,AGL,CE,Federal Contract Tower,0,10,6,0,16,0,0,0,0,0,0,10,6,0,16,0,0,0,16
01/25/2016,MOT,ND,AGL,CE,Federal Contract Tower,6,10,19,0,35,0,0,1,0,1,6,10,20,0,36,18,4,22,58
01/26/2016,MOT,ND,AGL,CE,Federal Contract Tower,1,28,21,0,50,0,0,13,0,13,1,28,34,0,63,22,0,22,85
01/27/2016,MOT,ND,AGL,CE,Federal Contract Tower,2,17,7,0,26,0,3,2,0,5,2,20,9,0,31,0,0,0,31
01/28/2016,MOT,ND,AGL,CE,Federal Contract Tower,4,16,9,0,29,0,0,22,0,22,4,16,31,0,51,42,8,50,101
01/29/2016,MOT,ND,AGL,CE,Federal Contract Tower,3,17,19,0,39,0,1,12,3,16,3,18,31,3,55,2,4,6,61
01/30/2016,MOT,ND,AGL,CE,Federal Contract Tower,3,16,1,0,20,0,1,10,0,11,3,17,11,0,31,44,0,44,75
01/31/2016,MOT,ND,AGL,CE,Federal Contract Tower,2,8,8,0,18,0,4,9,0,13,2,12,17,0,31,7,0,7,38
02/01/2016,MOT,ND,AGL,CE,Federal Contract Tower,6,11,5,0,22,0,1,11,2,14,6,12,16,2,36,0,0,0,36
02/02/2016,MOT,ND,AGL,CE,Federal Contract Tower,0,9,8,0,17,0,4,3,3,10,0,13,11,3,27,0,4,4,31
02/03/2016,MOT,ND,AGL,CE,Federal Contract Tower,3,17,11,0,31,0,2,4,0,6,3,19,15,0,37,0,0,0,37
02/04/2016,MOT,ND,AGL,CE,Federal Contract Tower,2,20,15,0,37,0,0,4,3,7,2,20,19,3,44,6,6,12,56
02/05/2016,MOT,ND,AGL,CE,Federal Contract Tower,2,17,6,0,25,0,5,26,1,32,2,22,32,1,57,24,0,24,81
02/06/2016,MOT,ND,AGL,CE,Federal Contract Tower,3,16,8,0,27,0,5,6,0,11,3,21,14,0,38,0,0,0,38
02/07/2016,MOT,ND,AGL,CE,Federal Contract Tower,1,7,0,0,8,0,1,0,0,1,1,8,0,0,9,0,0,0,9
02/08/2016,MOT,ND,AGL,CE,Federal Contract Tower,8,15,15,1,39,0,1,10,4,15,8,16,25,5,54,8,4,12,66
02/09/2016,MOT,ND,AGL,CE,Federal Contract Tower,1,15,9,0,25,0,4,3,0,7,1,19,12,0,32,0,8,8,40
02/10/2016,MOT,ND,AGL,CE,Federal Contract Tower,6,18,12,0,36,0,0,0,0,0,6,18,12,0,36,0,0,0,36
02/11/2016,MOT,ND,AGL,CE,Federal Contract Tower,2,20,14,0,36,0,0,0,0,0,2,20,14,0,36,0,0,0,36
02/12/2016,MOT,ND,AGL,CE,Federal Contract Tower,3,18,12,0,33,0,2,9,0,11,3,20,21,0,44,5,0,5,49
02/13/2016,MOT,ND,AGL,CE,Federal Contract Tower,5,15,4,0,24,0,0,0,0,0,5,15,4,0,24,0,0,0,24
02/14/2016,MOT,ND,AGL,CE,Federal Contract Tower,2,8,2,0,12,0,0,5,0,5,2,8,7,0,17,0,0,0,17
02/15/2016,MOT,ND,AGL,CE,Federal Contract Tower,5,14,15,0,34,0,2,7,0,9,5,16,22,0,43,24,0,24,67
02/16/2016,MOT,ND,AGL,CE,Federal Contract Tower,1,16,10,0,27,0,0,0,0,0,1,16,10,0,27,0,0,0,27
02/17/2016,MOT,ND,AGL,CE,Federal Contract Tower,4,17,8,0,29,0,0,0,0,0,4,17,8,0,29,0,0,0,29
02/18/2016,MOT,ND,AGL,CE,Federal Contract Tower,4,11,8,0,23,0,0,0,0,0,4,11,8,0,23,0,0,0,23
02/19/2016,MOT,ND,AGL,CE,Federal Contract Tower,7,19,14,0,40,0,2,10,0,12,7,21,24,0,52,2,36,38,90
02/20/2016,MOT,ND,AGL,CE,Federal Contract Tower,6,14,5,0,25,0,0,12,0,12,6,14,17,0,37,20,0,20,57
02/21/2016,MOT,ND,AGL,CE,Federal Contract Tower,0,9,3,0,12,0,0,8,0,8,0,9,11,0,20,20,0,20,40
02/22/2016,MOT,ND,AGL,CE,Federal Contract Tower,10,11,13,0,34,0,0,16,0,16,10,11,29,0,50,18,4,22,72
02/23/2016,MOT,ND,AGL,CE,Federal Contract Tower,3,13,16,0,32,0,0,10,0,10,3,13,26,0,42,4,5,9,51
02/24/2016,MOT,ND,AGL,CE,Federal Contract Tower,5,14,7,0,26,0,0,4,0,4,5,14,11,0,30,0,0,0,30
02/25/2016,MOT,ND,AGL,CE,Federal Contract Tower,4,19,9,0,32,0,0,17,2,19,4,19,26,2,51,20,4,24,75
02/26/2016,MOT,ND,AGL,CE,Federal Contract Tower,5,18,7,2,32,0,3,13,5,21,5,21,20,7,53,28,6,34,87
02/27/2016,MOT,ND,AGL,CE,Federal Contract Tower,6,13,1,0,20,0,2,20,0,22,6,15,21,0,42,47,0,47,89
02/28/2016,MOT,ND,AGL,CE,Federal Contract Tower,0,12,4,0,16,0,2,12,0,14,0,14,16,0,30,0,0,0,30
02/29/2016,MOT,ND,AGL,CE,Federal Contract Tower,7,14,11,0,32,0,0,7,0,7,7,14,18,0,39,2,0,2,41
03/01/2016,MOT,ND,AGL,CE,Federal Contract Tower,3,14,14,1,32,0,0,0,0,0,3,14,14,1,32,6,4,10,42
03/03/2016,MOT,ND,AGL,CE,Federal Contract Tower,6,16,27,0,49,0,2,10,7,19,6,18,37,7,68,14,20,34,102
03/04/2016,MOT,ND,AGL,CE,Federal Contract Tower,2,19,3,0,24,0,1,4,5,10,2,20,7,5,34,6,2,8,42
03/05/2016,MOT,ND,AGL,CE,Federal Contract Tower,6,13,11,0,30,0,6,6,0,12,6,19,17,0,42,0,0,0,42
03/06/2016,MOT,ND,AGL,CE,Federal Contract Tower,4,11,5,0,20,0,1,17,0,18,4,12,22,0,38,2,0,2,40
03/07/2016,MOT,ND,AGL,CE,Federal Contract Tower,10,15,4,0,29,0,0,19,2,21,10,15,23,2,50,12,6,18,68
03/08/2016,MOT,ND,AGL,CE,Federal Contract Tower,4,15,15,0,34,0,0,12,0,12,4,15,27,0,46,8,4,12,58
03/09/2016,MOT,ND,AGL,CE,Federal Contract Tower,6,20,11,0,37,0,0,8,0,8,6,20,19,0,45,35,0,35,80
03/10/2016,MOT,ND,AGL,CE,Federal Contract Tower,4,18,12,0,34,0,1,12,2,15,4,19,24,2,49,16,4,20,69
03/11/2016,MOT,ND,AGL,CE,Federal Contract Tower,3,19,9,0,31,0,0,30,0,30,3,19,39,0,61,19,2,21,82
03/12/2016,MOT,ND,AGL,CE,Federal Contract Tower,4,14,1,0,19,1,6,17,0,24,5,20,18,0,43,34,0,34,77
03/13/2016,MOT,ND,AGL,CE,Federal Contract Tower,3,10,4,0,17,0,0,28,0,28,3,10,32,0,45,6,0,6,51
03/14/2016,MOT,ND,AGL,CE,Federal Contract Tower,8,19,12,0,39,0,1,17,0,18,8,20,29,0,57,10,0,10,67
03/15/2016,MOT,ND,AGL,CE,Federal Contract Tower,5,13,14,0,32,0,0,10,0,10,5,13,24,0,42,2,4,6,48
03/16/2016,MOT,ND,AGL,CE,Federal Contract Tower,6,20,10,0,36,0,0,8,0,8,6,20,18,0,44,0,0,0,44
03/17/2016,MOT,ND,AGL,CE,Federal Contract Tower,4,27,14,0,45,0,0,0,0,0,4,27,14,0,45,0,0,0,45
03/18/2016,MOT,ND,AGL,CE,Federal Contract Tower,5,19,8,0,32,0,0,2,0,2,5,19,10,0,34,0,0,0,34
03/19/2016,MOT,ND,AGL,CE,Federal Contract Tower,5,12,8,0,25,0,0,12,0,12,5,12,20,0,37,17,0,17,54
03/20/2016,MOT,ND,AGL,CE,Federal Contract Tower,2,9,2,0,13,0,0,12,0,12,2,9,14,0,25,20,0,20,45
03/21/2016,MOT,ND,AGL,CE,Federal Contract Tower,8,14,6,2,30,0,3,9,0,12,8,17,15,2,42,0,0,0,42
03/22/2016,MOT,ND,AGL,CE,Federal Contract Tower,4,21,25,0,50,0,0,3,0,3,4,21,28,0,53,0,0,0,53
03/23/2016,MOT,ND,AGL,CE,Federal Contract Tower,7,21,23,0,51,0,0,10,0,10,7,21,33,0,61,8,0,8,69
03/24/2016,MOT,ND,AGL,CE,Federal Contract Tower,4,21,14,0,39,0,1,17,0,18,4,22,31,0,57,26,6,32,89
03/25/2016,MOT,ND,AGL,CE,Federal Contract Tower,5,14,12,0,31,0,0,1,0,1,5,14,13,0,32,5,2,7,39
03/26/2016,MOT,ND,AGL,CE,Federal Contract Tower,4,16,3,0,23,0,1,12,0,13,4,17,15,0,36,14,0,14,50
03/27/2016,MOT,ND,AGL,CE,Federal Contract Tower,4,9,6,0,19,0,1,14,0,15,4,10,20,0,34,6,0,6,40
03/28/2016,MOT,ND,AGL,CE,Federal Contract Tower,8,18,7,0,33,0,0,10,0,10,8,18,17,0,43,42,0,42,85
03/29/2016,MOT,ND,AGL,CE,Federal Contract Tower,4,15,24,0,43,0,0,15,0,15,4,15,39,0,58,2,0,2,60
03/30/2016,MOT,ND,AGL,CE,Federal Contract Tower,8,15,15,0,38,0,1,16,4,21,8,16,31,4,59,14,0,14,73
03/31/2016,MOT,ND,AGL,CE,Federal Contract Tower,4,19,7,0,30,0,0,4,0,4,4,19,11,0,34,0,0,0,34
04/01/2016,MOT,ND,AGL,CE,Federal Contract Tower,6,17,7,0,30,0,2,10,0,12,6,19,17,0,42,18,0,18,60
04/02/2016,MOT,ND,AGL,CE,Federal Contract Tower,6,12,3,0,21,0,2,20,0,22,6,14,23,0,43,62,0,62,105
04/03/2016,MOT,ND,AGL,CE,Federal Contract Tower,2,10,4,0,16,0,1,16,0,17,2,11,20,0,33,0,0,0,33
04/04/2016,MOT,ND,AGL,CE,Federal Contract Tower,8,14,8,0,30,0,2,12,0,14,8,16,20,0,44,34,2,36,80
04/05/2016,MOT,ND,AGL,CE,Federal Contract Tower,2,12,19,2,35,0,0,4,0,4,2,12,23,2,39,0,4,4,43
04/06/2016,MOT,ND,AGL,CE,Federal Contract Tower,7,18,12,0,37,0,0,0,0,0,7,18,12,0,37,0,0,0,37
04/07/2016,MOT,ND,AGL,CE,Federal Contract Tower,4,16,24,2,46,0,0,4,1,5,4,16,28,3,51,0,6,6,57
04/08/2016,MOT,ND,AGL,CE,Federal Contract Tower,2,14,8,0,24,0,1,21,0,22,2,15,29,0,46,38,8,46,92
04/09/2016,MOT,ND,AGL,CE,Federal Contract Tower,6,14,3,0,23,0,0,0,0,0,6,14,3,0,23,0,0,0,23
04/10/2016,MOT,ND,AGL,CE,Federal Contract Tower,0,9,3,0,12,0,0,0,0,0,0,9,3,0,12,0,0,0,12
04/11/2016,MOT,ND,AGL,CE,Federal Contract Tower,10,11,10,0,31,0,0,10,0,10,10,11,20,0,41,11,0,11,52
04/12/2016,MOT,ND,AGL,CE,Federal Contract Tower,2,12,8,0,22,0,0,11,0,11,2,12,19,0,33,6,0,6,39
04/13/2016,MOT,ND,AGL,CE,Federal Contract Tower,4,16,12,1,33,0,1,5,2,8,4,17,17,3,41,3,2,5,46
04/14/2016,MOT,ND,AGL,CE,Federal Contract Tower,4,16,15,2,37,0,0,17,0,17,4,16,32,2,54,31,0,31,85
04/15/2016,MOT,ND,AGL,CE,Federal Contract Tower,6,16,11,0,33,0,0,4,0,4,6,16,15,0,37,0,0,0,37
04/16/2016,MOT,ND,AGL,CE,Federal Contract Tower,4,12,0,0,16,0,0,0,0,0,4,12,0,0,16,0,0,0,16
04/17/2016,MOT,ND,AGL,CE,Federal Contract Tower,0,11,3,0,14,0,0,0,0,0,0,11,3,0,14,0,0,0,14
04/18/2016,MOT,ND,AGL,CE,Federal Contract Tower,8,13,17,0,38,0,0,2,0,2,8,13,19,0,40,0,0,0,40
04/19/2016,MOT,ND,AGL,CE,Federal Contract Tower,2,10,11,0,23,0,0,1,0,1,2,10,12,0,24,0,0,0,24
04/20/2016,MOT,ND,AGL,CE,Federal Contract Tower,8,20,9,0,37,0,0,40,0,40,8,20,49,0,77,67,4,71,148
04/21/2016,MOT,ND,AGL,CE,Federal Contract Tower,4,17,9,0,30,0,2,20,0,22,4,19,29,0,52,24,0,24,76
04/22/2016,MOT,ND,AGL,CE,Federal Contract Tower,4,17,8,0,29,0,7,20,4,31,4,24,28,4,60,48,8,56,116
04/23/2016,MOT,ND,AGL,CE,Federal Contract Tower,4,18,7,0,29,0,4,5,2,11,4,22,12,2,40,0,0,0,40
04/24/2016,MOT,ND,AGL,CE,Federal Contract Tower,0,13,3,0,16,0,0,0,0,0,0,13,3,0,16,0,0,0,16
04/25/2016,MOT,ND,AGL,CE,Federal Contract Tower,8,12,11,0,31,0,0,6,0,6,8,12,17,0,37,36,8,44,81
04/26/2016,MOT,ND,AGL,CE,Federal Contract Tower,3,11,20,0,34,0,1,3,0,4,3,12,23,0,38,0,4,4,42
04/27/2016,MOT,ND,AGL,CE,Federal Contract Tower,4,17,8,0,29,0,0,19,0,19,4,17,27,0,48,5,32,37,85
04/28/2016,MOT,ND,AGL,CE,Federal Contract Tower,4,13,15,0,32,0,6,12,0,18,4,19,27,0,50,14,2,16,66
04/29/2016,MOT,ND,AGL,CE,Federal Contract Tower,4,13,6,0,23,0,0,18,4,22,4,13,24,4,45,7,0,7,52
04/30/2016,MOT,ND,AGL,CE,Federal Contract Tower,2,15,2,0,19,0,5,14,4,23,2,20,16,4,42,17,0,17,59
05/01/2016,MOT,ND,AGL,CE,Federal Contract Tower,0,11,6,0,17,0,0,24,0,24,0,11,30,0,41,0,0,0,41
05/02/2016,MOT,ND,AGL,CE,Federal Contract Tower,6,16,8,0,30,0,0,22,1,23,6,16,30,1,53,14,2,16,69
05/03/2016,MOT,ND,AGL,CE,Federal Contract Tower,0,25,13,0,38,0,0,29,0,29,0,25,42,0,67,14,0,14,81
05/04/2016,MOT,ND,AGL,CE,Federal Contract Tower,0,18,6,22,46,0,0,16,3,19,0,18,22,25,65,0,16,16,81
05/05/2016,MOT,ND,AGL,CE,Federal Contract Tower,3,21,13,0,37,0,7,18,0,25,3,28,31,0,62,4,18,22,84
05/06/2016,MOT,ND,AGL,CE,Federal Contract Tower,2,24,12,0,38,0,1,18,4,23,2,25,30,4,61,6,12,18,79
05/07/2016,MOT,ND,AGL,CE,Federal Contract Tower,1,14,3,0,18,1,1,29,0,31,2,15,32,0,49,2,0,2,51
05/08/2016,MOT,ND,AGL,CE,Federal Contract Tower,0,9,6,0,15,0,2,15,0,17,0,11,21,0,32,0,0,0,32
05/09/2016,MOT,ND,AGL,CE,Federal Contract Tower,6,14,9,0,29,0,2,9,4,15,6,16,18,4,44,8,4,12,56
05/10/2016,MOT,ND,AGL,CE,Federal Contract Tower,0,21,18,0,39,0,0,1,0,1,0,21,19,0,40,26,3,29,69
05/11/2016,MOT,ND,AGL,CE,Federal Contract Tower,0,21,20,0,41,0,0,3,2,5,0,21,23,2,46,34,0,34,80
05/12/2016,MOT,ND,AGL,CE,Federal Contract Tower,4,19,14,0,37,0,2,8,0,10,4,21,22,0,47,2,2,4,51
05/13/2016,MOT,ND,AGL,CE,Federal Contract Tower,2,20,11,2,35,0,0,5,0,5,2,20,16,2,40,24,0,24,64
05/14/2016,MOT,ND,AGL,CE,Federal Contract Tower,0,14,4,0,18,0,0,12,0,12,0,14,16,0,30,0,0,0,30
05/15/2016,MOT,ND,AGL,CE,Federal Contract Tower,0,11,9,0,20,0,0,28,0,28,0,11,37,0,48,18,0,18,66
05/16/2016,MOT,ND,AGL,CE,Federal Contract Tower,6,18,8,0,32,0,0,14,6,20,6,18,22,6,52,7,0,7,59
05/17/2016,MOT,ND,AGL,CE,Federal Contract Tower,0,25,12,0,37,0,0,19,0,19,0,25,31,0,56,12,4,16,72
05/18/2016,MOT,ND,AGL,CE,Federal Contract Tower,0,20,17,4,41,0,0,7,0,7,0,20,24,4,48,0,2,2,50
05/19/2016,MOT,ND,AGL,CE,Federal Contract Tower,4,19,13,0,36,0,1,22,2,25,4,20,35,2,61,20,0,20,81
05/20/2016,MOT,ND,AGL,CE,Federal Contract Tower,2,18,3,0,23,0,6,22,0,28,2,24,25,0,51,10,0,10,61
05/21/2016,MOT,ND,AGL,CE,Federal Contract Tower,0,13,10,0,23,0,0,1,0,1,0,13,11,0,24,0,0,0,24
05/22/2016,MOT,ND,AGL,CE,Federal Contract Tower,0,12,2,0,14,0,2,13,0,15,0,14,15,0,29,10,0,10,39
05/23/2016,MOT,ND,AGL,CE,Federal Contract Tower,8,14,6,0,28,0,1,8,2,11,8,15,14,2,39,10,0,10,49
05/24/2016,MOT,ND,AGL,CE,Federal Contract Tower,2,21,21,0,44,0,1,29,0,30,2,22,50,0,74,58,0,58,132
05/25/2016,MOT,ND,AGL,CE,Federal Contract Tower,0,22,17,0,39,0,1,19,0,20,0,23,36,0,59,8,4,12,71
05/26/2016,MOT,ND,AGL,CE,Federal Contract Tower,4,17,33,0,54,0,0,5,0,5,4,17,38,0,59,0,0,0,59
05/27/2016,MOT,ND,AGL,CE,Federal Contract Tower,6,20,15,0,41,0,2,16,0,18,6,22,31,0,59,28,0,28,87
05/28/2016,MOT,ND,AGL,CE,Federal Contract Tower,1,21,7,0,29,0,0,9,0,9,1,21,16,0,38,0,0,0,38
05/30/2016,MOT,ND,AGL,CE,Federal Contract Tower,5,10,0,0,15,0,2,19,0,21,5,12,19,0,36,4,0,4,40
05/31/2016,MOT,ND,AGL,CE,Federal Contract Tower,0,20,12,0,32,0,0,5,0,5,0,20,17,0,37,14,0,14,51
06/01/2016,MOT,ND,AGL,CE,Federal Contract Tower,2,16,4,0,22,0,0,5,0,5,2,16,9,0,27,24,0,24,51
06/02/2016,MOT,ND,AGL,CE,Federal Contract Tower,4,17,18,3,42,0,3,27,2,32,4,20,45,5,74,34,18,52,126
06/03/2016,MOT,ND,AGL,CE,Federal Contract Tower,3,24,11,1,39,0,0,15,0,15,3,24,26,1,54,28,2,30,84
06/04/2016,MOT,ND,AGL,CE,Federal Contract Tower,0,17,3,1,21,0,0,8,0,8,0,17,11,1,29,30,0,30,59
06/05/2016,MOT,ND,AGL,CE,Federal Contract Tower,0,11,3,0,14,0,0,17,0,17,0,11,20,0,31,0,0,0,31
06/07/2016,MOT,ND,AGL,CE,Federal Contract Tower,0,19,14,0,33,0,0,15,0,15,0,19,29,0,48,31,0,31,79
06/08/2016,MOT,ND,AGL,CE,Federal Contract Tower,0,23,14,0,37,0,0,10,0,10,0,23,24,0,47,14,0,14,61
06/09/2016,MOT,ND,AGL,CE,Federal Contract Tower,6,17,17,2,42,0,4,20,0,24,6,21,37,2,66,43,8,51,117
06/10/2016,MOT,ND,AGL,CE,Federal Contract Tower,5,24,15,0,44,0,1,30,2,33,5,25,45,2,77,14,18,32,109
06/11/2016,MOT,ND,AGL,CE,Federal Contract Tower,0,12,6,0,18,0,0,7,0,7,0,12,13,0,25,0,0,0,25
06/12/2016,MOT,ND,AGL,CE,Federal Contract Tower,0,12,7,0,19,0,1,11,0,12,0,13,18,0,31,40,0,40,71
06/13/2016,MOT,ND,AGL,CE,Federal Contract Tower,6,13,19,0,38,0,0,21,1,22,6,13,40,1,60,15,0,15,75
06/14/2016,MOT,ND,AGL,CE,Federal Contract Tower,2,13,14,2,31,0,1,11,0,12,2,14,25,2,43,4,10,14,57
06/15/2016,MOT,ND,AGL,CE,Federal Contract Tower,1,19,16,0,36,0,1,45,0,46,1,20,61,0,82,28,0,28,110
06/16/2016,MOT,ND,AGL,CE,Federal Contract Tower,4,19,19,0,42,0,0,6,2,8,4,19,25,2,50,0,0,0,50
06/17/2016,MOT,ND,AGL,CE,Federal Contract Tower,3,19,11,0,33,0,8,25,5,38,3,27,36,5,71,10,0,10,81
06/18/2016,MOT,ND,AGL,CE,Federal Contract Tower,0,19,9,2,30,0,6,34,0,40,0,25,43,2,70,4,0,4,74
06/19/2016,MOT,ND,AGL,CE,Federal Contract Tower,0,9,3,0,12,0,0,9,0,9,0,9,12,0,21,0,0,0,21
06/20/2016,MOT,ND,AGL,CE,Federal Contract Tower,7,14,13,0,34,0,0,44,0,44,7,14,57,0,78,2,0,2,80
06/21/2016,MOT,ND,AGL,CE,Federal Contract Tower,3,18,18,0,39,0,0,43,0,43,3,18,61,0,82,8,8,16,98
06/22/2016,MOT,ND,AGL,CE,Federal Contract Tower,0,18,21,0,39,0,2,46,0,48,0,20,67,0,87,6,2,8,95
06/23/2016,MOT,ND,AGL,CE,Federal Contract Tower,5,19,15,0,39,0,0,42,0,42,5,19,57,0,81,16,0,16,97
06/24/2016,MOT,ND,AGL,CE,Federal Contract Tower,3,20,10,3,36,0,0,95,1,96,3,20,105,4,132,24,2,26,158
06/25/2016,MOT,ND,AGL,CE,Federal Contract Tower,0,14,3,0,17,0,0,8,0,8,0,14,11,0,25,0,0,0,25
06/26/2016,MOT,ND,AGL,CE,Federal Contract Tower,1,14,10,0,25,0,9,4,0,13,1,23,14,0,38,0,0,0,38
06/27/2016,MOT,ND,AGL,CE,Federal Contract Tower,5,15,28,0,48,0,4,81,0,85,5,19,109,0,133,27,0,27,160
06/28/2016,MOT,ND,AGL,CE,Federal Contract Tower,5,19,26,2,52,0,2,108,0,110,5,21,134,2,162,82,12,94,256
06/29/2016,MOT,ND,AGL,CE,Federal Contract Tower,1,16,9,0,26,0,4,38,0,42,1,20,47,0,68,106,14,120,188
06/30/2016,MOT,ND,AGL,CE,Federal Contract Tower,2,17,9,0,28,0,0,73,0,73,2,17,82,0,101,12,8,20,121
07/01/2016,MOT,ND,AGL,CE,Federal Contract Tower,1,16,17,0,34,0,0,64,0,64,1,16,81,0,98,44,0,44,142
07/02/2016,MOT,ND,AGL,CE,Federal Contract Tower,3,15,6,0,24,0,0,69,0,69,3,15,75,0,93,24,0,24,117
07/03/2016,MOT,ND,AGL,CE,Federal Contract Tower,4,9,5,0,18,0,0,30,0,30,4,9,35,0,48,0,0,0,48
07/04/2016,MOT,ND,AGL,CE,Federal Contract Tower,6,9,6,0,21,0,2,45,0,47,6,11,51,0,68,10,0,10,78
07/05/2016,MOT,ND,AGL,CE,Federal Contract Tower,0,15,14,0,29,0,3,55,4,62,0,18,69,4,91,4,0,4,95
07/06/2016,MOT,ND,AGL,CE,Federal Contract Tower,0,21,17,0,38,0,0,36,2,38,0,21,53,2,76,12,0,12,88
07/07/2016,MOT,ND,AGL,CE,Federal Contract Tower,2,19,18,2,41,0,0,14,0,14,2,19,32,2,55,36,0,36,91
07/08/2016,MOT,ND,AGL,CE,Federal Contract Tower,3,17,12,0,32,0,0,34,2,36,3,17,46,2,68,52,6,58,126
07/09/2016,MOT,ND,AGL,CE,Federal Contract Tower,1,19,6,0,26,0,4,33,0,37,1,23,39,0,63,30,0,30,93
07/10/2016,MOT,ND,AGL,CE,Federal Contract Tower,1,12,9,0,22,0,0,29,0,29,1,12,38,0,51,0,0,0,51
07/11/2016,MOT,ND,AGL,CE,Federal Contract Tower,8,20,10,2,40,0,2,39,0,41,8,22,49,2,81,2,0,2,83
07/12/2016,MOT,ND,AGL,CE,Federal Contract Tower,0,19,15,0,34,0,0,4,0,4,0,19,19,0,38,0,0,0,38
07/14/2016,MOT,ND,AGL,CE,Federal Contract Tower,2,20,21,0,43,0,0,29,0,29,2,20,50,0,72,46,0,46,118
07/15/2016,MOT,ND,AGL,CE,Federal Contract Tower,3,22,13,0,38,0,0,25,0,25,3,22,38,0,63,13,2,15,78
07/16/2016,MOT,ND,AGL,CE,Federal Contract Tower,1,13,4,0,18,0,4,8,0,12,1,17,12,0,30,0,0,0,30
07/17/2016,MOT,ND,AGL,CE,Federal Contract Tower,1,14,8,1,24,0,0,34,0,34,1,14,42,1,58,20,0,20,78
07/18/2016,MOT,ND,AGL,CE,Federal Contract Tower,6,17,19,2,44,0,2,43,2,47,6,19,62,4,91,36,0,36,127
07/19/2016,MOT,ND,AGL,CE,Federal Contract Tower,0,18,16,0,34,0,6,20,1,27,0,24,36,1,61,24,0,24,85
07/20/2016,MOT,ND,AGL,CE,Federal Contract Tower,1,17,25,0,43,0,0,18,0,18,1,17,43,0,61,40,0,40,101
07/21/2016,MOT,ND,AGL,CE,Federal Contract Tower,2,20,20,0,42,0,2,22,4,28,2,22,42,4,70,22,25,47,117
07/22/2016,MOT,ND,AGL,CE,Federal Contract Tower,3,23,10,1,37,0,4,24,0,28,3,27,34,1,65,5,34,39,104
07/23/2016,MOT,ND,AGL,CE,Federal Contract Tower,1,13,6,0,20,0,0,17,0,17,1,13,23,0,37,0,0,0,37
07/24/2016,MOT,ND,AGL,CE,Federal Contract Tower,1,12,16,0,29,0,0,27,0,27,1,12,43,0,56,4,0,4,60
07/25/2016,MOT,ND,AGL,CE,Federal Contract Tower,3,18,20,2,43,0,0,26,2,28,3,18,46,4,71,35,0,35,106
07/26/2016,MOT,ND,AGL,CE,Federal Contract Tower,1,16,13,0,30,0,0,26,0,26,1,16,39,0,56,10,16,26,82
07/27/2016,MOT,ND,AGL,CE,Federal Contract Tower,1,17,9,0,27,0,1,24,0,25,1,18,33,0,52,32,0,32,84
07/28/2016,MOT,ND,AGL,CE,Federal Contract Tower,2,20,16,0,38,0,0,30,2,32,2,20,46,2,70,13,0,13,83
07/29/2016,MOT,ND,AGL,CE,Federal Contract Tower,3,19,12,1,35,0,0,29,0,29,3,19,41,1,64,0,0,0,64
07/30/2016,MOT,ND,AGL,CE,Federal Contract Tower,2,20,9,0,31,0,0,49,0,49,2,20,58,0,80,21,0,21,101
07/31/2016,MOT,ND,AGL,CE,Federal Contract Tower,0,12,8,0,20,0,0,31,0,31,0,12,39,0,51,0,0,0,51
08/01/2016,MOT,ND,AGL,CE,Federal Contract Tower,9,13,14,12,48,0,0,46,12,58,9,13,60,24,106,32,2,34,140
08/02/2016,MOT,ND,AGL,CE,Federal Contract Tower,2,22,15,0,39,0,0,41,3,44,2,22,56,3,83,19,2,21,104
08/03/2016,MOT,ND,AGL,CE,Federal Contract Tower,2,15,14,0,31,0,0,9,8,17,2,15,23,8,48,0,8,8,56
08/04/2016,MOT,ND,AGL,CE,Federal Contract Tower,3,20,11,1,35,0,0,3,3,6,3,20,14,4,41,0,2,2,43
08/05/2016,MOT,ND,AGL,CE,Federal Contract Tower,3,19,10,0,32,0,0,34,4,38,3,19,44,4,70,38,4,42,112
08/06/2016,MOT,ND,AGL,CE,Federal Contract Tower,0,14,4,0,18,0,4,21,0,25,0,18,25,0,43,2,0,2,45
08/07/2016,MOT,ND,AGL,CE,Federal Contract Tower,0,14,10,0,24,1,8,11,0,20,1,22,21,0,44,16,0,16,60
08/08/2016,MOT,ND,AGL,CE,Federal Contract Tower,7,16,20,2,45,0,2,20,0,22,7,18,40,2,67,8,6,14,81
08/09/2016,MOT,ND,AGL,CE,Federal Contract Tower,1,18,18,4,41,0,1,25,0,26,1,19,43,4,67,6,0,6,73
08/10/2016,MOT,ND,AGL,CE,Federal Contract Tower,0,15,9,0,24,0,0,12,0,12,0,15,21,0,36,9,8,17,53
08/11/2016,MOT,ND,AGL,CE,Federal Contract Tower,3,18,13,2,36,0,3,19,2,24,3,21,32,4,60,44,8,52,112
08/12/2016,MOT,ND,AGL,CE,Federal Contract Tower,2,16,20,0,38,0,6,19,0,25,2,22,39,0,63,21,18,39,102
08/13/2016,MOT,ND,AGL,CE,Federal Contract Tower,0,15,2,0,17,0,0,15,1,16,0,15,17,1,33,14,0,14,47
08/14/2016,MOT,ND,AGL,CE,Federal Contract Tower,0,13,16,0,29,0,1,20,0,21,0,14,36,0,50,18,0,18,68
08/15/2016,MOT,ND,AGL,CE,Federal Contract Tower,3,17,18,0,38,0,0,6,0,6,3,17,24,0,44,2,2,4,48
08/16/2016,MOT,ND,AGL,CE,Federal Contract Tower,4,20,27,0,51,0,6,31,0,37,4,26,58,0,88,6,0,6,94
08/17/2016,MOT,ND,AGL,CE,Federal Contract Tower,1,14,17,0,32,0,0,26,0,26,1,14,43,0,58,20,2,22,80
08/18/2016,MOT,ND,AGL,CE,Federal Contract Tower,2,22,14,0,38,0,0,17,2,19,2,22,31,2,57,15,2,17,74
08/19/2016,MOT,ND,AGL,CE,Federal Contract Tower,3,21,9,0,33,0,5,34,0,39,3,26,43,0,72,0,4,4,76
08/20/2016,MOT,ND,AGL,CE,Federal Contract Tower,1,16,3,0,20,0,3,19,0,22,1,19,22,0,42,4,0,4,46
08/21/2016,MOT,ND,AGL,CE,Federal Contract Tower,1,12,5,0,18,0,1,38,0,39,1,13,43,0,57,16,0,16,73
08/22/2016,MOT,ND,AGL,CE,Federal Contract Tower,4,20,8,0,32,0,0,11,0,11,4,20,19,0,43,26,2,28,71
08/23/2016,MOT,ND,AGL,CE,Federal Contract Tower,0,19,14,0,33,0,0,4,0,4,0,19,18,0,37,10,4,14,51
08/24/2016,MOT,ND,AGL,CE,Federal Contract Tower,1,16,23,0,40,1,1,15,0,17,2,17,38,0,57,0,6,6,63
08/25/2016,MOT,ND,AGL,CE,Federal Contract Tower,5,17,19,0,41,0,2,24,0,26,5,19,43,0,67,18,12,30,97
08/26/2016,MOT,ND,AGL,CE,Federal Contract Tower,2,20,13,0,35,0,0,19,0,19,2,20,32,0,54,18,0,18,72
08/27/2016,MOT,ND,AGL,CE,Federal Contract Tower,3,16,18,0,37,0,0,0,0,0,3,16,18,0,37,30,12,42,79
08/28/2016,MOT,ND,AGL,CE,Federal Contract Tower,2,8,9,0,19,0,0,10,0,10,2,8,19,0,29,22,0,22,51
08/29/2016,MOT,ND,AGL,CE,Federal Contract Tower,8,12,11,0,31,0,1,19,0,20,8,13,30,0,51,9,8,17,68
08/30/2016,MOT,ND,AGL,CE,Federal Contract Tower,2,15,5,0,22,0,0,20,1,21,2,15,25,1,43,46,0,46,89
08/31/2016,MOT,ND,AGL,CE,Federal Contract Tower,2,17,8,2,29,0,0,2,2,4,2,17,10,4,33,2,6,8,41
09/01/2016,MOT,ND,AGL,CE,Federal Contract Tower,5,18,17,0,40,0,0,12,2,14,5,18,29,2,54,17,2,19,73
09/02/2016,MOT,ND,AGL,CE,Federal Contract Tower,4,19,13,3,39,0,5,9,0,14,4,24,22,3,53,0,0,0,53
09/03/2016,MOT,ND,AGL,CE,Federal Contract Tower,1,15,1,1,18,0,2,5,0,7,1,17,6,1,25,26,0,26,51
09/04/2016,MOT,ND,AGL,CE,Federal Contract Tower,3,2,1,0,6,0,0,1,0,1,3,2,2,0,7,0,0,0,7
09/05/2016,MOT,ND,AGL,CE,Federal Contract Tower,7,9,5,0,21,0,0,7,0,7,7,9,12,0,28,47,0,47,75
09/06/2016,MOT,ND,AGL,CE,Federal Contract Tower,2,17,23,0,42,0,7,16,0,23,2,24,39,0,65,40,8,48,113
09/07/2016,MOT,ND,AGL,CE,Federal Contract Tower,2,19,9,0,30,0,0,5,0,5,2,19,14,0,35,28,4,32,67
09/08/2016,MOT,ND,AGL,CE,Federal Contract Tower,6,19,16,0,41,0,7,15,0,22,6,26,31,0,63,28,0,28,91
09/09/2016,MOT,ND,AGL,CE,Federal Contract Tower,5,20,21,0,46,0,2,12,2,16,5,22,33,2,62,38,0,38,100
09/10/2016,MOT,ND,AGL,CE,Federal Contract Tower,3,15,8,0,26,0,0,30,0,30,3,15,38,0,56,2,0,2,58
09/11/2016,MOT,ND,AGL,CE,Federal Contract Tower,4,6,10,0,20,0,0,13,0,13,4,6,23,0,33,15,0,15,48
09/12/2016,MOT,ND,AGL,CE,Federal Contract Tower,8,14,8,0,30,0,0,4,0,4,8,14,12,0,34,7,13,20,54
09/13/2016,MOT,ND,AGL,CE,Federal Contract Tower,3,15,10,1,29,0,0,16,0,16,3,15,26,1,45,5,2,7,52
09/14/2016,MOT,ND,AGL,CE,Federal Contract Tower,2,15,13,0,30,0,1,24,0,25,2,16,37,0,55,23,0,23,78
09/15/2016,MOT,ND,AGL,CE,Federal Contract Tower,4,21,16,0,41,0,1,6,2,9,4,22,22,2,50,6,4,10,60
09/16/2016,MOT,ND,AGL,CE,Federal Contract Tower,4,18,10,0,32,0,2,15,4,21,4,20,25,4,53,68,4,72,125
09/17/2016,MOT,ND,AGL,CE,Federal Contract Tower,1,13,2,0,16,0,4,33,4,41,1,17,35,4,57,7,0,7,64
09/18/2016,MOT,ND,AGL,CE,Federal Contract Tower,4,9,11,0,24,0,0,4,0,4,4,9,15,0,28,0,0,0,28
09/19/2016,MOT,ND,AGL,CE,Federal Contract Tower,8,11,15,0,34,0,0,16,0,16,8,11,31,0,50,14,2,16,66
09/20/2016,MOT,ND,AGL,CE,Federal Contract Tower,2,16,26,0,44,0,0,27,5,32,2,16,53,5,76,27,0,27,103
09/21/2016,MOT,ND,AGL,CE,Federal Contract Tower,2,14,17,0,33,0,0,20,0,20,2,14,37,0,53,0,26,26,79
09/22/2016,MOT,ND,AGL,CE,Federal Contract Tower,3,17,21,0,41,0,2,23,0,25,3,19,44,0,66,0,2,2,68
09/23/2016,MOT,ND,AGL,CE,Federal Contract Tower,4,14,15,0,33,0,0,0,0,0,4,14,15,0,33,0,0,0,33
09/24/2016,MOT,ND,AGL,CE,Federal Contract Tower,1,18,5,0,24,0,0,3,0,3,1,18,8,0,27,6,0,6,33
09/25/2016,MOT,ND,AGL,CE,Federal Contract Tower,2,9,22,0,33,0,0,4,0,4,2,9,26,0,37,0,0,0,37
09/26/2016,MOT,ND,AGL,CE,Federal Contract Tower,7,13,15,0,35,0,1,16,10,27,7,14,31,10,62,27,2,29,91
09/27/2016,MOT,ND,AGL,CE,Federal Contract Tower,2,14,25,0,41,0,2,14,0,16,2,16,39,0,57,43,15,58,115
09/28/2016,MOT,ND,AGL,CE,Federal Contract Tower,2,15,23,0,40,0,0,15,0,15,2,15,38,0,55,16,0,16,71
09/29/2016,MOT,ND,AGL,CE,Federal Contract Tower,6,15,18,9,48,0,0,6,0,6,6,15,24,9,54,18,22,40,94
09/30/2016,MOT,ND,AGL,CE,Federal Contract Tower,4,15,12,0,31,0,7,14,0,21,4,22,26,0,52,9,0,9,61
10/01/2016,MOT,ND,AGL,CE,Federal Contract Tower,2,21,11,0,34,0,0,25,0,25,2,21,36,0,59,16,0,16,75
10/02/2016,MOT,ND,AGL,CE,Federal Contract Tower,0,14,7,0,21,0,0,6,0,6,0,14,13,0,27,14,0,14,41
10/03/2016,MOT,ND,AGL,CE,Federal Contract Tower,6,13,11,0,30,0,0,0,0,0,6,13,11,0,30,0,0,0,30
10/04/2016,MOT,ND,AGL,CE,Federal Contract Tower,2,14,24,0,40,0,0,10,2,12,2,14,34,2,52,10,0,10,62
10/05/2016,MOT,ND,AGL,CE,Federal Contract Tower,4,15,11,0,30,0,0,3,0,3,4,15,14,0,33,0,30,30,63
10/06/2016,MOT,ND,AGL,CE,Federal Contract Tower,8,15,31,4,58,0,2,3,0,5,8,17,34,4,63,15,2,17,80
10/07/2016,MOT,ND,AGL,CE,Federal Contract Tower,4,21,7,0,32,0,2,6,0,8,4,23,13,0,40,0,4,4,44
10/08/2016,MOT,ND,AGL,CE,Federal Contract Tower,3,19,3,0,25,0,4,24,0,28,3,23,27,0,53,48,0,48,101
10/09/2016,MOT,ND,AGL,CE,Federal Contract Tower,0,12,13,0,25,0,10,10,0,20,0,22,23,0,45,0,0,0,45
10/10/2016,MOT,ND,AGL,CE,Federal Contract Tower,6,13,14,0,33,0,0,15,0,15,6,13,29,0,48,16,12,28,76
10/11/2016,MOT,ND,AGL,CE,Federal Contract Tower,2,17,10,0,29,0,0,1,0,1,2,17,11,0,30,0,0,0,30
10/12/2016,MOT,ND,AGL,CE,Federal Contract Tower,3,14,6,0,23,0,0,12,0,12,3,14,18,0,35,20,14,34,69
10/13/2016,MOT,ND,AGL,CE,Federal Contract Tower,4,19,15,0,38,0,3,24,0,27,4,22,39,0,65,34,4,38,103
10/14/2016,MOT,ND,AGL,CE,Federal Contract Tower,3,15,10,0,28,0,0,27,0,27,3,15,37,0,55,28,14,42,97
10/15/2016,MOT,ND,AGL,CE,Federal Contract Tower,1,15,6,0,22,0,4,12,1,17,1,19,18,1,39,24,0,24,63
10/16/2016,MOT,ND,AGL,CE,Federal Contract Tower,2,14,11,0,27,0,4,3,0,7,2,18,14,0,34,0,0,0,34
10/17/2016,MOT,ND,AGL,CE,Federal Contract Tower,8,17,14,4,43,0,0,12,0,12,8,17,26,4,55,11,20,31,86
10/18/2016,MOT,ND,AGL,CE,Federal Contract Tower,2,19,16,0,37,0,0,3,0,3,2,19,19,0,40,40,0,40,80
10/19/2016,MOT,ND,AGL,CE,Federal Contract Tower,0,18,16,0,34,0,4,42,2,48,0,22,58,2,82,36,0,36,118
10/20/2016,MOT,ND,AGL,CE,Federal Contract Tower,4,15,8,2,29,0,0,21,0,21,4,15,29,2,50,8,0,8,58
10/21/2016,MOT,ND,AGL,CE,Federal Contract Tower,4,16,5,0,25,0,3,8,0,11,4,19,13,0,36,57,6,63,99
10/22/2016,MOT,ND,AGL,CE,Federal Contract Tower,1,13,2,0,16,0,2,4,0,6,1,15,6,0,22,24,0,24,46
10/23/2016,MOT,ND,AGL,CE,Federal Contract Tower,0,14,13,0,27,0,4,5,0,9,0,18,18,0,36,38,0,38,74
10/24/2016,MOT,ND,AGL,CE,Federal Contract Tower,4,17,15,0,36,0,0,6,0,6,4,17,21,0,42,0,2,2,44
10/25/2016,MOT,ND,AGL,CE,Federal Contract Tower,1,21,19,0,41,0,0,11,0,11,1,21,30,0,52,22,0,22,74
10/26/2016,MOT,ND,AGL,CE,Federal Contract Tower,0,24,26,0,50,0,0,6,0,6,0,24,32,0,56,8,0,8,64
10/27/2016,MOT,ND,AGL,CE,Federal Contract Tower,3,18,22,0,43,0,8,18,0,26,3,26,40,0,69,38,0,38,107
10/28/2016,MOT,ND,AGL,CE,Federal Contract Tower,2,25,11,0,38,0,6,14,0,20,2,31,25,0,58,18,4,22,80
10/29/2016,MOT,ND,AGL,CE,Federal Contract Tower,1,16,6,0,23,0,2,2,0,4,1,18,8,0,27,0,0,0,27
10/30/2016,MOT,ND,AGL,CE,Federal Contract Tower,0,11,3,0,14,0,0,3,0,3,0,11,6,0,17,0,0,0,17
10/31/2016,MOT,ND,AGL,CE,Federal Contract Tower,9,15,8,0,32,0,0,0,0,0,9,15,8,0,32,0,0,0,32
11/01/2016,MOT,ND,AGL,CE,Federal Contract Tower,0,20,15,1,36,0,0,17,2,19,0,20,32,3,55,48,2,50,105
11/02/2016,MOT,ND,AGL,CE,Federal Contract Tower,2,15,15,0,32,0,2,28,0,30,2,17,43,0,62,32,2,34,96
11/03/2016,MOT,ND,AGL,CE,Federal Contract Tower,6,20,23,0,49,0,3,20,4,27,6,23,43,4,76,20,16,36,112
11/04/2016,MOT,ND,AGL,CE,Federal Contract Tower,6,17,3,2,28,0,2,23,1,26,6,19,26,3,54,68,0,68,122
11/05/2016,MOT,ND,AGL,CE,Federal Contract Tower,1,15,10,0,26,0,8,17,0,25,1,23,27,0,51,51,0,51,102
11/06/2016,MOT,ND,AGL,CE,Federal Contract Tower,8,5,2,0,15,0,0,8,0,8,8,5,10,0,23,22,0,22,45
11/07/2016,MOT,ND,AGL,CE,Federal Contract Tower,7,13,13,0,33,0,0,8,0,8,7,13,21,0,41,10,2,12,53
11/08/2016,MOT,ND,AGL,CE,Federal Contract Tower,2,18,9,0,29,0,2,17,0,19,2,20,26,0,48,23,32,55,103
11/09/2016,MOT,ND,AGL,CE,Federal Contract Tower,4,20,21,4,49,0,3,10,1,14,4,23,31,5,63,0,20,20,83
11/10/2016,MOT,ND,AGL,CE,Federal Contract Tower,8,12,4,0,24,0,4,22,0,26,8,16,26,0,50,46,0,46,96
11/11/2016,MOT,ND,AGL,CE,Federal Contract Tower,5,21,7,1,34,0,0,17,0,17,5,21,24,1,51,34,0,34,85
11/12/2016,MOT,ND,AGL,CE,Federal Contract Tower,2,17,7,0,26,0,6,34,0,40,2,23,41,0,66,70,0,70,136
11/13/2016,MOT,ND,AGL,CE,Federal Contract Tower,5,9,6,0,20,0,0,4,0,4,5,9,10,0,24,0,0,0,24
11/14/2016,MOT,ND,AGL,CE,Federal Contract Tower,10,14,3,0,27,0,10,17,0,27,10,24,20,0,54,14,8,22,76
11/15/2016,MOT,ND,AGL,CE,Federal Contract Tower,4,18,18,2,42,0,0,40,0,40,4,18,58,2,82,51,4,55,137
11/16/2016,MOT,ND,AGL,CE,Federal Contract Tower,4,21,14,0,39,0,0,35,0,35,4,21,49,0,74,28,0,28,102
11/17/2016,MOT,ND,AGL,CE,Federal Contract Tower,8,16,26,0,50,0,2,8,0,10,8,18,34,0,60,24,12,36,96
11/18/2016,MOT,ND,AGL,CE,Federal Contract Tower,5,17,8,0,30,0,2,21,0,23,5,19,29,0,53,0,0,0,53
11/19/2016,MOT,ND,AGL,CE,Federal Contract Tower,3,13,13,0,29,0,3,27,1,31,3,16,40,1,60,37,0,37,97
11/20/2016,MOT,ND,AGL,CE,Federal Contract Tower,1,9,4,0,14,0,0,7,0,7,1,9,11,0,21,2,0,2,23
11/21/2016,MOT,ND,AGL,CE,Federal Contract Tower,6,11,17,0,34,0,2,29,0,31,6,13,46,0,65,16,0,16,81
11/22/2016,MOT,ND,AGL,CE,Federal Contract Tower,2,14,17,0,33,0,0,1,0,1,2,14,18,0,34,18,2,20,54
11/23/2016,MOT,ND,AGL,CE,Federal Contract Tower,6,17,20,0,43,0,0,0,0,0,6,17,20,0,43,12,0,12,55
11/24/2016,MOT,ND,AGL,CE,Federal Contract Tower,5,5,0,0,10,0,0,0,0,0,5,5,0,0,10,0,0,0,10
11/25/2016,MOT,ND,AGL,CE,Federal Contract Tower,2,15,2,0,19,0,1,22,0,23,2,16,24,0,42,67,0,67,109
11/26/2016,MOT,ND,AGL,CE,Federal Contract Tower,6,15,6,0,27,0,2,32,0,34,6,17,38,0,61,20,0,20,81
11/27/2016,MOT,ND,AGL,CE,Federal Contract Tower,2,9,10,0,21,0,4,8,0,12,2,13,18,0,33,13,0,13,46
11/28/2016,MOT,ND,AGL,CE,Federal Contract Tower,7,16,6,0,29,0,0,0,0,0,7,16,6,0,29,0,0,0,29
11/29/2016,MOT,ND,AGL,CE,Federal Contract Tower,6,15,0,0,21,0,0,0,0,0,6,15,0,0,21,0,0,0,21
11/30/2016,MOT,ND,AGL,CE,Federal Contract Tower,7,14,6,0,27,0,1,1,0,2,7,15,7,0,29,0,0,0,29
12/01/2016,MOT,ND,AGL,CE,Federal Contract Tower,5,21,5,0,31,0,0,1,0,1,5,21,6,0,32,25,0,25,57
12/02/2016,MOT,ND,AGL,CE,Federal Contract Tower,5,16,10,0,31,0,0,4,0,4,5,16,14,0,35,25,4,29,64
12/03/2016,MOT,ND,AGL,CE,Federal Contract Tower,5,15,8,0,28,0,0,9,0,9,5,15,17,0,37,2,0,2,39
12/04/2016,MOT,ND,AGL,CE,Federal Contract Tower,4,8,12,0,24,0,0,7,0,7,4,8,19,0,31,20,0,20,51
12/05/2016,MOT,ND,AGL,CE,Federal Contract Tower,5,17,16,0,38,0,0,0,0,0,5,17,16,0,38,0,0,0,38
12/06/2016,MOT,ND,AGL,CE,Federal Contract Tower,0,0,0,0,0,0,0,0,0,0,0,0,0,0,0,0,0,0,0
12/07/2016,MOT,ND,AGL,CE,Federal Contract Tower,8,18,9,0,35,0,0,0,0,0,8,18,9,0,35,0,0,0,35
12/08/2016,MOT,ND,AGL,CE,Federal Contract Tower,13,18,5,0,36,0,0,5,0,5,13,18,10,0,41,21,2,23,64
12/09/2016,MOT,ND,AGL,CE,Federal Contract Tower,3,18,15,2,38,0,4,4,0,8,3,22,19,2,46,0,16,16,62
12/10/2016,MOT,ND,AGL,CE,Federal Contract Tower,5,15,4,0,24,0,0,1,0,1,5,15,5,0,25,18,0,18,43
12/11/2016,MOT,ND,AGL,CE,Federal Contract Tower,5,7,0,5,17,0,0,0,0,0,5,7,0,5,17,0,0,0,17
12/12/2016,MOT,ND,AGL,CE,Federal Contract Tower,10,12,10,0,32,0,0,5,0,5,10,12,15,0,37,4,0,4,41
12/13/2016,MOT,ND,AGL,CE,Federal Contract Tower,4,15,8,0,27,0,0,3,0,3,4,15,11,0,30,0,0,0,30
12/14/2016,MOT,ND,AGL,CE,Federal Contract Tower,4,19,14,0,37,0,0,4,0,4,4,19,18,0,41,0,10,10,51
12/15/2016,MOT,ND,AGL,CE,Federal Contract Tower,7,17,6,0,30,0,0,10,0,10,7,17,16,0,40,8,6,14,54
12/16/2016,MOT,ND,AGL,CE,Federal Contract Tower,6,14,10,0,30,0,0,3,0,3,6,14,13,0,33,0,2,2,35
12/17/2016,MOT,ND,AGL,CE,Federal Contract Tower,2,12,10,0,24,0,0,4,0,4,2,12,14,0,28,0,0,0,28
12/18/2016,MOT,ND,AGL,CE,Federal Contract Tower,3,4,7,0,14,0,0,0,0,0,3,4,7,0,14,0,0,0,14
12/19/2016,MOT,ND,AGL,CE,Federal Contract Tower,5,20,11,0,36,0,0,13,0,13,5,20,24,0,49,4,26,30,79
12/20/2016,MOT,ND,AGL,CE,Federal Contract Tower,2,17,9,0,28,0,0,6,4,10,2,17,15,4,38,18,30,48,86
12/21/2016,MOT,ND,AGL,CE,Federal Contract Tower,4,17,7,0,28,0,0,0,0,0,4,17,7,0,28,6,0,6,34
12/22/2016,MOT,ND,AGL,CE,Federal Contract Tower,3,19,7,0,29,0,0,12,6,18,3,19,19,6,47,18,0,18,65
12/23/2016,MOT,ND,AGL,CE,Federal Contract Tower,5,22,4,0,31,0,0,15,0,15,5,22,19,0,46,50,0,50,96
12/24/2016,MOT,ND,AGL,CE,Federal Contract Tower,3,10,3,0,16,0,1,1,0,2,3,11,4,0,18,2,0,2,20
12/25/2016,MOT,ND,AGL,CE,Federal Contract Tower,1,3,0,0,4,0,0,0,0,0,1,3,0,0,4,0,0,0,4
12/26/2016,MOT,ND,AGL,CE,Federal Contract Tower,0,0,0,0,0,0,0,0,0,0,0,0,0,0,0,0,0,0,0
12/27/2016,MOT,ND,AGL,CE,Federal Contract Tower,6,17,3,0,26,0,2,3,0,5,6,19,6,0,31,6,16,22,53
12/28/2016,MOT,ND,AGL,CE,Federal Contract Tower,7,16,7,0,30,0,3,3,4,10,7,19,10,4,40,2,0,2,42
12/29/2016,MOT,ND,AGL,CE,Federal Contract Tower,4,18,8,0,30,0,0,2,0,2,4,18,10,0,32,12,6,18,50
12/30/2016,MOT,ND,AGL,CE,Federal Contract Tower,5,22,0,0,27,0,0,0,0,0,5,22,0,0,27,0,0,0,27
12/31/2016,MOT,ND,AGL,CE,Federal Contract Tower,2,10,0,0,12,0,2,4,0,6,2,12,4,0,18,0,0,0,18
01/01/2017,MOT,ND,AGL,CE,Federal Contract Tower,7,2,6,0,15,0,2,2,0,4,7,4,8,0,19,1,0,1,20
01/02/2017,MOT,ND,AGL,CE,Federal Contract Tower,4,7,1,0,12,0,0,0,0,0,4,7,1,0,12,0,0,0,12
01/03/2017,MOT,ND,AGL,CE,Federal Contract Tower,6,20,8,0,34,0,0,0,0,0,6,20,8,0,34,0,0,0,34
01/04/2017,MOT,ND,AGL,CE,Federal Contract Tower,4,14,8,0,26,0,0,2,0,2,4,14,10,0,28,0,0,0,28
01/05/2017,MOT,ND,AGL,CE,Federal Contract Tower,2,15,12,0,29,0,0,1,0,1,2,15,13,0,30,0,0,0,30
01/06/2017,MOT,ND,AGL,CE,Federal Contract Tower,3,17,6,0,26,0,0,5,0,5,3,17,11,0,31,0,26,26,57
01/07/2017,MOT,ND,AGL,CE,Federal Contract Tower,4,9,7,0,20,0,3,0,0,3,4,12,7,0,23,0,0,0,23
01/08/2017,MOT,ND,AGL,CE,Federal Contract Tower,3,11,3,0,17,0,0,3,0,3,3,11,6,0,20,0,0,0,20
01/09/2017,MOT,ND,AGL,CE,Federal Contract Tower,10,18,7,0,35,0,0,0,0,0,10,18,7,0,35,0,0,0,35
01/10/2017,MOT,ND,AGL,CE,Federal Contract Tower,2,19,9,0,30,0,0,2,0,2,2,19,11,0,32,0,4,4,36
01/11/2017,MOT,ND,AGL,CE,Federal Contract Tower,1,21,10,0,32,0,0,4,2,6,1,21,14,2,38,0,0,0,38
01/12/2017,MOT,ND,AGL,CE,Federal Contract Tower,4,16,6,0,26,0,0,2,4,6,4,16,8,4,32,0,0,0,32
01/13/2017,MOT,ND,AGL,CE,Federal Contract Tower,3,17,15,0,35,0,0,7,2,9,3,17,22,2,44,2,2,4,48
01/14/2017,MOT,ND,AGL,CE,Federal Contract Tower,3,15,2,0,20,0,2,17,0,19,3,17,19,0,39,20,0,20,59
01/15/2017,MOT,ND,AGL,CE,Federal Contract Tower,0,10,4,0,14,0,0,10,0,10,0,10,14,0,24,3,0,3,27
01/16/2017,MOT,ND,AGL,CE,Federal Contract Tower,5,17,12,0,34,0,4,19,0,23,5,21,31,0,57,16,0,16,73
01/17/2017,MOT,ND,AGL,CE,Federal Contract Tower,2,16,11,2,31,0,4,12,5,21,2,20,23,7,52,32,8,40,92
01/18/2017,MOT,ND,AGL,CE,Federal Contract Tower,3,16,6,0,25,0,0,19,4,23,3,16,25,4,48,26,6,32,80
01/19/2017,MOT,ND,AGL,CE,Federal Contract Tower,4,18,20,0,42,0,2,37,0,39,4,20,57,0,81,14,8,22,103
01/20/2017,MOT,ND,AGL,CE,Federal Contract Tower,4,26,6,7,43,0,0,6,4,10,4,26,12,11,53,6,0,6,59
01/21/2017,MOT,ND,AGL,CE,Federal Contract Tower,0,19,2,0,21,0,0,0,0,0,0,19,2,0,21,0,0,0,21
01/22/2017,MOT,ND,AGL,CE,Federal Contract Tower,0,11,3,0,14,0,6,1,0,7,0,17,4,0,21,0,0,0,21
01/23/2017,MOT,ND,AGL,CE,Federal Contract Tower,5,18,7,3,33,0,0,1,0,1,5,18,8,3,34,0,26,26,60
01/24/2017,MOT,ND,AGL,CE,Federal Contract Tower,1,15,18,0,34,1,0,11,0,12,2,15,29,0,46,10,2,12,58
01/25/2017,MOT,ND,AGL,CE,Federal Contract Tower,1,25,17,0,43,0,0,1,0,1,1,25,18,0,44,0,0,0,44
01/26/2017,MOT,ND,AGL,CE,Federal Contract Tower,4,16,14,0,34,0,4,17,2,23,4,20,31,2,57,28,34,62,119
01/27/2017,MOT,ND,AGL,CE,Federal Contract Tower,4,16,11,2,33,0,4,12,0,16,4,20,23,2,49,0,4,4,53
01/28/2017,MOT,ND,AGL,CE,Federal Contract Tower,1,14,8,0,23,0,3,1,0,4,1,17,9,0,27,0,0,0,27
01/29/2017,MOT,ND,AGL,CE,Federal Contract Tower,0,13,1,0,14,0,0,15,0,15,0,13,16,0,29,36,0,36,65
01/30/2017,MOT,ND,AGL,CE,Federal Contract Tower,4,17,8,0,29,0,4,1,4,9,4,21,9,4,38,0,2,2,40
01/31/2017,MOT,ND,AGL,CE,Federal Contract Tower,0,17,11,1,29,0,2,5,5,12,0,19,16,6,41,6,1,7,48
02/01/2017,MOT,ND,AGL,CE,Federal Contract Tower,2,18,16,0,36,0,0,6,4,10,2,18,22,4,46,0,4,4,50
02/02/2017,MOT,ND,AGL,CE,Federal Contract Tower,4,18,6,0,28,0,2,7,12,21,4,20,13,12,49,0,2,2,51
02/03/2017,MOT,ND,AGL,CE,Federal Contract Tower,5,15,6,0,26,0,2,16,6,24,5,17,22,6,50,8,0,8,58
02/04/2017,MOT,ND,AGL,CE,Federal Contract Tower,1,13,2,0,16,0,0,0,0,0,1,13,2,0,16,2,0,2,18
02/05/2017,MOT,ND,AGL,CE,Federal Contract Tower,0,8,4,0,12,0,0,4,0,4,0,8,8,0,16,0,0,0,16
02/06/2017,MOT,ND,AGL,CE,Federal Contract Tower,4,19,3,0,26,0,0,1,0,1,4,19,4,0,27,0,0,0,27
02/07/2017,MOT,ND,AGL,CE,Federal Contract Tower,2,15,17,0,34,0,0,2,0,2,2,15,19,0,36,0,0,0,36
02/08/2017,MOT,ND,AGL,CE,Federal Contract Tower,3,14,6,2,25,0,0,4,0,4,3,14,10,2,29,2,0,2,31
02/09/2017,MOT,ND,AGL,CE,Federal Contract Tower,5,21,8,0,34,0,1,4,10,15,5,22,12,10,49,0,40,40,89
02/10/2017,MOT,ND,AGL,CE,Federal Contract Tower,5,19,8,0,32,0,0,6,0,6,5,19,14,0,38,4,4,8,46
02/11/2017,MOT,ND,AGL,CE,Federal Contract Tower,1,16,1,0,18,0,4,7,0,11,1,20,8,0,29,14,0,14,43
02/12/2017,MOT,ND,AGL,CE,Federal Contract Tower,0,11,5,8,24,0,4,14,1,19,0,15,19,9,43,22,2,24,67
02/13/2017,MOT,ND,AGL,CE,Federal Contract Tower,4,16,8,2,30,0,6,15,0,21,4,22,23,2,51,24,26,50,101
02/14/2017,MOT,ND,AGL,CE,Federal Contract Tower,1,20,6,0,27,0,9,18,0,27,1,29,24,0,54,45,0,45,99
02/15/2017,MOT,ND,AGL,CE,Federal Contract Tower,6,12,13,2,33,0,0,14,0,14,6,12,27,2,47,12,2,14,61
02/16/2017,MOT,ND,AGL,CE,Federal Contract Tower,2,19,11,2,34,0,2,15,0,17,2,21,26,2,51,21,0,21,72
02/17/2017,MOT,ND,AGL,CE,Federal Contract Tower,2,18,4,0,24,0,6,12,0,18,2,24,16,0,42,3,4,7,49
02/18/2017,MOT,ND,AGL,CE,Federal Contract Tower,2,15,0,0,17,0,0,31,0,31,2,15,31,0,48,67,0,67,115
02/19/2017,MOT,ND,AGL,CE,Federal Contract Tower,3,11,2,0,16,0,0,0,0,0,3,11,2,0,16,12,0,12,28
02/20/2017,MOT,ND,AGL,CE,Federal Contract Tower,4,14,4,2,24,0,2,16,2,20,4,16,20,4,44,24,0,24,68
02/21/2017,MOT,ND,AGL,CE,Federal Contract Tower,0,14,11,0,25,0,7,20,4,31,0,21,31,4,56,8,4,12,68
02/22/2017,MOT,ND,AGL,CE,Federal Contract Tower,4,15,16,0,35,0,6,0,16,22,4,21,16,16,57,2,8,10,67
02/23/2017,MOT,ND,AGL,CE,Federal Contract Tower,2,17,10,0,29,0,0,6,0,6,2,17,16,0,35,0,0,0,35
02/24/2017,MOT,ND,AGL,CE,Federal Contract Tower,2,14,10,0,26,0,0,14,0,14,2,14,24,0,40,26,0,26,66
02/25/2017,MOT,ND,AGL,CE,Federal Contract Tower,2,20,4,0,26,0,0,1,0,1,2,20,5,0,27,0,0,0,27
02/26/2017,MOT,ND,AGL,CE,Federal Contract Tower,2,11,3,0,16,0,0,5,0,5,2,11,8,0,21,12,0,12,33
02/27/2017,MOT,ND,AGL,CE,Federal Contract Tower,6,15,4,0,25,0,0,2,0,2,6,15,6,0,27,0,4,4,31
02/28/2017,MOT,ND,AGL,CE,Federal Contract Tower,0,16,11,0,27,0,8,5,6,19,0,24,16,6,46,10,0,10,56
03/01/2017,MOT,ND,AGL,CE,Federal Contract Tower,2,16,10,0,28,0,0,4,2,6,2,16,14,2,34,10,8,18,52
03/02/2017,MOT,ND,AGL,CE,Federal Contract Tower,2,23,4,0,29,0,0,7,0,7,2,23,11,0,36,0,0,0,36
03/03/2017,MOT,ND,AGL,CE,Federal Contract Tower,2,18,9,0,29,0,1,2,0,3,2,19,11,0,32,6,8,14,46
03/04/2017,MOT,ND,AGL,CE,Federal Contract Tower,2,18,9,0,29,0,0,18,0,18,2,18,27,0,47,14,0,14,61
03/05/2017,MOT,ND,AGL,CE,Federal Contract Tower,0,11,10,0,21,0,6,39,0,45,0,17,49,0,66,44,0,44,110
03/06/2017,MOT,ND,AGL,CE,Federal Contract Tower,2,6,1,0,9,0,0,0,0,0,2,6,1,0,9,0,0,0,9
03/07/2017,MOT,ND,AGL,CE,Federal Contract Tower,4,10,13,0,27,0,0,0,0,0,4,10,13,0,27,0,0,0,27
03/08/2017,MOT,ND,AGL,CE,Federal Contract Tower,5,18,18,0,41,0,10,11,0,21,5,28,29,0,62,0,4,4,66
03/09/2017,MOT,ND,AGL,CE,Federal Contract Tower,2,20,17,0,39,0,5,10,0,15,2,25,27,0,54,0,2,2,56
03/10/2017,MOT,ND,AGL,CE,Federal Contract Tower,5,17,11,0,33,0,2,11,0,13,5,19,22,0,46,2,0,2,48
03/11/2017,MOT,ND,AGL,CE,Federal Contract Tower,3,16,1,0,20,0,0,0,0,0,3,16,1,0,20,0,0,0,20
03/12/2017,MOT,ND,AGL,CE,Federal Contract Tower,0,10,0,0,10,0,0,0,0,0,0,10,0,0,10,0,0,0,10
03/13/2017,MOT,ND,AGL,CE,Federal Contract Tower,8,19,5,0,32,0,0,0,0,0,8,19,5,0,32,4,0,4,36
03/14/2017,MOT,ND,AGL,CE,Federal Contract Tower,3,16,15,0,34,0,0,9,0,9,3,16,24,0,43,0,2,2,45
03/15/2017,MOT,ND,AGL,CE,Federal Contract Tower,2,19,11,0,32,0,0,12,0,12,2,19,23,0,44,15,2,17,61
03/16/2017,MOT,ND,AGL,CE,Federal Contract Tower,2,19,14,0,35,0,5,10,0,15,2,24,24,0,50,0,2,2,52
03/17/2017,MOT,ND,AGL,CE,Federal Contract Tower,4,15,12,0,31,0,0,8,0,8,4,15,20,0,39,0,0,0,39
03/18/2017,MOT,ND,AGL,CE,Federal Contract Tower,4,17,5,0,26,0,0,37,0,37,4,17,42,0,63,5,0,5,68
03/19/2017,MOT,ND,AGL,CE,Federal Contract Tower,0,14,7,0,21,0,4,7,0,11,0,18,14,0,32,0,0,0,32
03/20/2017,MOT,ND,AGL,CE,Federal Contract Tower,8,16,7,2,33,0,7,18,7,32,8,23,25,9,65,10,6,16,81
03/21/2017,MOT,ND,AGL,CE,Federal Contract Tower,0,18,9,0,27,0,0,5,0,5,0,18,14,0,32,8,52,60,92
03/22/2017,MOT,ND,AGL,CE,Federal Contract Tower,2,19,10,0,31,0,1,5,0,6,2,20,15,0,37,0,6,6,43
03/23/2017,MOT,ND,AGL,CE,Federal Contract Tower,4,18,12,0,34,0,6,17,0,23,4,24,29,0,57,6,0,6,63
03/24/2017,MOT,ND,AGL,CE,Federal Contract Tower,5,22,11,0,38,0,5,20,0,25,5,27,31,0,63,42,6,48,111
03/25/2017,MOT,ND,AGL,CE,Federal Contract Tower,2,19,4,0,25,0,0,15,0,15,2,19,19,0,40,30,0,30,70
03/26/2017,MOT,ND,AGL,CE,Federal Contract Tower,3,9,14,0,26,0,0,22,0,22,3,9,36,0,48,34,0,34,82
03/27/2017,MOT,ND,AGL,CE,Federal Contract Tower,4,18,6,4,32,0,0,3,0,3,4,18,9,4,35,18,2,20,55
03/28/2017,MOT,ND,AGL,CE,Federal Contract Tower,0,23,15,0,38,0,6,2,0,8,0,29,17,0,46,2,0,2,48
03/29/2017,MOT,ND,AGL,CE,Federal Contract Tower,2,16,10,0,28,0,1,20,0,21,2,17,30,0,49,58,0,58,107
03/30/2017,MOT,ND,AGL,CE,Federal Contract Tower,3,15,12,0,30,0,0,37,2,39,3,15,49,2,69,14,4,18,87
03/31/2017,MOT,ND,AGL,CE,Federal Contract Tower,3,19,9,0,31,0,0,4,0,4,3,19,13,0,35,0,0,0,35
04/01/2017,MOT,ND,AGL,CE,Federal Contract Tower,2,17,1,0,20,0,0,35,0,35,2,17,36,0,55,10,0,10,65
04/02/2017,MOT,ND,AGL,CE,Federal Contract Tower,5,6,2,0,13,0,0,15,0,15,5,6,17,0,28,0,4,4,32
04/03/2017,MOT,ND,AGL,CE,Federal Contract Tower,12,13,15,0,40,0,4,8,6,18,12,17,23,6,58,22,0,22,80
04/04/2017,MOT,ND,AGL,CE,Federal Contract Tower,2,18,14,0,34,0,2,10,0,12,2,20,24,0,46,0,0,0,46
04/05/2017,MOT,ND,AGL,CE,Federal Contract Tower,3,16,11,0,30,0,2,12,0,14,3,18,23,0,44,13,0,13,57
04/06/2017,MOT,ND,AGL,CE,Federal Contract Tower,8,12,12,0,32,0,7,17,0,24,8,19,29,0,56,0,0,0,56
04/07/2017,MOT,ND,AGL,CE,Federal Contract Tower,3,21,7,0,31,0,12,4,2,18,3,33,11,2,49,38,6,44,93
04/08/2017,MOT,ND,AGL,CE,Federal Contract Tower,3,18,4,0,25,0,2,13,0,15,3,20,17,0,40,4,0,4,44
04/09/2017,MOT,ND,AGL,CE,Federal Contract Tower,7,5,6,2,20,0,2,11,0,13,7,7,17,2,33,0,0,0,33
04/10/2017,MOT,ND,AGL,CE,Federal Contract Tower,4,19,8,0,31,0,0,6,6,12,4,19,14,6,43,24,4,28,71
04/11/2017,MOT,ND,AGL,CE,Federal Contract Tower,1,20,10,5,36,0,0,22,0,22,1,20,32,5,58,11,16,27,85
04/12/2017,MOT,ND,AGL,CE,Federal Contract Tower,5,21,8,1,35,0,2,22,8,32,5,23,30,9,67,15,7,22,89
04/13/2017,MOT,ND,AGL,CE,Federal Contract Tower,7,13,11,0,31,0,5,9,8,22,7,18,20,8,53,0,2,2,55
04/14/2017,MOT,ND,AGL,CE,Federal Contract Tower,4,15,8,0,27,0,4,4,0,8,4,19,12,0,35,6,0,6,41
04/15/2017,MOT,ND,AGL,CE,Federal Contract Tower,6,15,1,0,22,0,2,9,0,11,6,17,10,0,33,8,0,8,41
04/16/2017,MOT,ND,AGL,CE,Federal Contract Tower,3,9,3,0,15,0,6,3,0,9,3,15,6,0,24,0,0,0,24
04/17/2017,MOT,ND,AGL,CE,Federal Contract Tower,6,20,9,0,35,0,2,13,0,15,6,22,22,0,50,59,0,59,109
04/18/2017,MOT,ND,AGL,CE,Federal Contract Tower,3,20,12,0,35,0,0,0,0,0,3,20,12,0,35,0,0,0,35
04/19/2017,MOT,ND,AGL,CE,Federal Contract Tower,4,16,20,0,40,0,2,13,0,15,4,18,33,0,55,16,0,16,71
04/20/2017,MOT,ND,AGL,CE,Federal Contract Tower,6,19,24,0,49,0,2,9,4,15,6,21,33,4,64,2,4,6,70
04/21/2017,MOT,ND,AGL,CE,Federal Contract Tower,6,18,7,0,31,0,3,19,0,22,6,21,26,0,53,88,0,88,141
04/22/2017,MOT,ND,AGL,CE,Federal Contract Tower,6,16,6,0,28,0,2,2,0,4,6,18,8,0,32,8,0,8,40
04/23/2017,MOT,ND,AGL,CE,Federal Contract Tower,4,8,5,0,17,0,0,0,0,0,4,8,5,0,17,0,0,0,17
04/24/2017,MOT,ND,AGL,CE,Federal Contract Tower,6,17,17,0,40,0,2,1,0,3,6,19,18,0,43,0,0,0,43
04/25/2017,MOT,ND,AGL,CE,Federal Contract Tower,2,17,13,2,34,0,0,7,1,8,2,17,20,3,42,0,14,14,56
04/26/2017,MOT,ND,AGL,CE,Federal Contract Tower,2,14,26,1,43,0,0,11,0,11,2,14,37,1,54,8,10,18,72
04/27/2017,MOT,ND,AGL,CE,Federal Contract Tower,4,19,13,0,36,0,0,18,0,18,4,19,31,0,54,14,8,22,76
04/28/2017,MOT,ND,AGL,CE,Federal Contract Tower,4,12,6,0,22,0,4,23,4,31,4,16,29,4,53,42,6,48,101
04/29/2017,MOT,ND,AGL,CE,Federal Contract Tower,2,15,1,0,18,0,0,19,4,23,2,15,20,4,41,66,4,70,111
04/30/2017,MOT,ND,AGL,CE,Federal Contract Tower,8,7,3,0,18,0,2,30,0,32,8,9,33,0,50,12,0,12,62
05/01/2017,MOT,ND,AGL,CE,Federal Contract Tower,4,19,12,0,35,0,0,7,0,7,4,19,19,0,42,12,8,20,62
05/02/2017,MOT,ND,AGL,CE,Federal Contract Tower,2,18,19,0,39,0,4,11,0,15,2,22,30,0,54,33,0,33,87
05/03/2017,MOT,ND,AGL,CE,Federal Contract Tower,0,18,3,0,21,0,4,14,0,18,0,22,17,0,39,16,40,56,95
05/04/2017,MOT,ND,AGL,CE,Federal Contract Tower,4,16,19,0,39,0,8,24,0,32,4,24,43,0,71,26,0,26,97
05/05/2017,MOT,ND,AGL,CE,Federal Contract Tower,2,16,10,0,28,0,0,26,4,30,2,16,36,4,58,30,100,130,188
05/06/2017,MOT,ND,AGL,CE,Federal Contract Tower,2,15,2,1,20,0,0,20,0,20,2,15,22,1,40,0,0,0,40
05/07/2017,MOT,ND,AGL,CE,Federal Contract Tower,0,12,3,1,16,0,6,8,0,14,0,18,11,1,30,8,0,8,38
05/08/2017,MOT,ND,AGL,CE,Federal Contract Tower,5,20,12,0,37,0,5,10,12,27,5,25,22,12,64,0,2,2,66
05/09/2017,MOT,ND,AGL,CE,Federal Contract Tower,1,16,21,0,38,0,4,28,4,36,1,20,49,4,74,34,4,38,112
05/10/2017,MOT,ND,AGL,CE,Federal Contract Tower,2,17,25,0,44,0,0,17,2,19,2,17,42,2,63,18,0,18,81
05/11/2017,MOT,ND,AGL,CE,Federal Contract Tower,2,20,8,0,30,0,2,20,4,26,2,22,28,4,56,86,0,86,142
05/12/2017,MOT,ND,AGL,CE,Federal Contract Tower,5,21,10,0,36,0,23,16,4,43,5,44,26,4,79,60,16,76,155
05/13/2017,MOT,ND,AGL,CE,Federal Contract Tower,0,14,14,1,29,0,3,25,0,28,0,17,39,1,57,4,1,5,62
05/14/2017,MOT,ND,AGL,CE,Federal Contract Tower,1,14,8,0,23,0,2,12,0,14,1,16,20,0,37,0,0,0,37
05/15/2017,MOT,ND,AGL,CE,Federal Contract Tower,4,22,10,0,36,0,0,30,2,32,4,22,40,2,68,26,12,38,106
05/16/2017,MOT,ND,AGL,CE,Federal Contract Tower,0,21,15,11,47,0,4,21,2,27,0,25,36,13,74,63,38,101,175
05/17/2017,MOT,ND,AGL,CE,Federal Contract Tower,2,18,12,0,32,0,0,0,0,0,2,18,12,0,32,4,12,16,48
05/18/2017,MOT,ND,AGL,CE,Federal Contract Tower,2,26,12,2,42,0,0,14,2,16,2,26,26,4,58,14,2,16,74
05/19/2017,MOT,ND,AGL,CE,Federal Contract Tower,2,23,6,0,31,0,8,24,0,32,2,31,30,0,63,24,0,24,87
05/20/2017,MOT,ND,AGL,CE,Federal Contract Tower,0,13,16,2,31,0,3,26,0,29,0,16,42,2,60,31,0,31,91
05/21/2017,MOT,ND,AGL,CE,Federal Contract Tower,0,15,2,0,17,0,7,16,0,23,0,22,18,0,40,10,0,10,50
05/22/2017,MOT,ND,AGL,CE,Federal Contract Tower,0,19,17,0,36,0,0,16,2,18,0,19,33,2,54,18,4,22,76
05/23/2017,MOT,ND,AGL,CE,Federal Contract Tower,2,18,16,0,36,0,0,23,0,23,2,18,39,0,59,34,8,42,101
05/24/2017,MOT,ND,AGL,CE,Federal Contract Tower,0,18,20,0,38,0,0,14,0,14,0,18,34,0,52,1,2,3,55
05/25/2017,MOT,ND,AGL,CE,Federal Contract Tower,2,22,14,2,40,0,8,15,0,23,2,30,29,2,63,12,0,12,75
05/26/2017,MOT,ND,AGL,CE,Federal Contract Tower,2,26,6,0,34,0,9,6,0,15,2,35,12,0,49,8,0,8,57
05/27/2017,MOT,ND,AGL,CE,Federal Contract Tower,2,17,0,0,19,0,3,12,0,15,2,20,12,0,34,0,0,0,34
05/28/2017,MOT,ND,AGL,CE,Federal Contract Tower,2,9,3,0,14,0,10,4,0,14,2,19,7,0,28,0,0,0,28
05/29/2017,MOT,ND,AGL,CE,Federal Contract Tower,4,13,6,0,23,0,0,12,0,12,4,13,18,0,35,0,0,0,35
05/30/2017,MOT,ND,AGL,CE,Federal Contract Tower,0,23,17,2,42,0,2,10,0,12,0,25,27,2,54,2,0,2,56
05/31/2017,MOT,ND,AGL,CE,Federal Contract Tower,0,20,8,0,28,0,4,43,4,51,0,24,51,4,79,117,0,117,196
06/01/2017,MOT,ND,AGL,CE,Federal Contract Tower,2,21,14,0,37,0,6,16,0,22,2,27,30,0,59,28,0,28,87
06/02/2017,MOT,ND,AGL,CE,Federal Contract Tower,2,24,12,0,38,0,7,34,20,61,2,31,46,20,99,14,8,22,121
06/03/2017,MOT,ND,AGL,CE,Federal Contract Tower,3,17,7,0,27,0,0,10,0,10,3,17,17,0,37,8,2,10,47
06/04/2017,MOT,ND,AGL,CE,Federal Contract Tower,0,11,10,0,21,0,0,25,0,25,0,11,35,0,46,46,0,46,92
06/05/2017,MOT,ND,AGL,CE,Federal Contract Tower,8,17,3,0,28,1,5,12,0,18,9,22,15,0,46,8,0,8,54
06/06/2017,MOT,ND,AGL,CE,Federal Contract Tower,2,19,14,2,37,0,8,24,0,32,2,27,38,2,69,27,0,27,96
06/07/2017,MOT,ND,AGL,CE,Federal Contract Tower,1,23,20,0,44,0,1,16,2,19,1,24,36,2,63,8,2,10,73
06/08/2017,MOT,ND,AGL,CE,Federal Contract Tower,2,22,8,1,33,0,0,25,1,26,2,22,33,2,59,34,6,40,99
06/09/2017,MOT,ND,AGL,CE,Federal Contract Tower,2,26,12,0,40,0,11,13,0,24,2,37,25,0,64,9,6,15,79
06/10/2017,MOT,ND,AGL,CE,Federal Contract Tower,3,21,5,0,29,0,6,0,0,6,3,27,5,0,35,20,0,20,55
06/11/2017,MOT,ND,AGL,CE,Federal Contract Tower,1,16,12,0,29,0,0,26,8,34,1,16,38,8,63,21,0,21,84
06/12/2017,MOT,ND,AGL,CE,Federal Contract Tower,4,21,12,0,37,0,8,25,0,33,4,29,37,0,70,31,0,31,101
06/13/2017,MOT,ND,AGL,CE,Federal Contract Tower,3,22,16,19,60,0,0,10,6,16,3,22,26,25,76,26,4,30,106
06/14/2017,MOT,ND,AGL,CE,Federal Contract Tower,1,21,13,0,35,0,1,0,0,1,1,22,13,0,36,0,0,0,36
06/15/2017,MOT,ND,AGL,CE,Federal Contract Tower,3,23,12,0,38,0,0,26,0,26,3,23,38,0,64,38,6,44,108
06/16/2017,MOT,ND,AGL,CE,Federal Contract Tower,2,19,17,0,38,0,2,22,0,24,2,21,39,0,62,120,21,141,203
06/17/2017,MOT,ND,AGL,CE,Federal Contract Tower,3,19,4,0,26,0,2,27,0,29,3,21,31,0,55,5,0,5,60
06/18/2017,MOT,ND,AGL,CE,Federal Contract Tower,0,9,11,0,20,0,0,31,0,31,0,9,42,0,51,0,0,0,51
06/19/2017,MOT,ND,AGL,CE,Federal Contract Tower,2,19,16,0,37,0,0,20,0,20,2,19,36,0,57,66,2,68,125
06/20/2017,MOT,ND,AGL,CE,Federal Contract Tower,2,19,4,0,25,0,4,61,0,65,2,23,65,0,90,80,0,80,170
06/21/2017,MOT,ND,AGL,CE,Federal Contract Tower,1,22,12,1,36,0,6,15,1,22,1,28,27,2,58,26,14,40,98
06/22/2017,MOT,ND,AGL,CE,Federal Contract Tower,1,20,11,0,32,0,4,13,0,17,1,24,24,0,49,47,2,49,98
06/23/2017,MOT,ND,AGL,CE,Federal Contract Tower,3,18,13,0,34,0,2,15,0,17,3,20,28,0,51,0,4,4,55
06/24/2017,MOT,ND,AGL,CE,Federal Contract Tower,3,19,6,0,28,0,4,11,0,15,3,23,17,0,43,44,0,44,87
06/25/2017,MOT,ND,AGL,CE,Federal Contract Tower,1,9,6,0,16,0,4,51,0,55,1,13,57,0,71,4,0,4,75
06/26/2017,MOT,ND,AGL,CE,Federal Contract Tower,4,18,8,0,30,0,6,46,0,52,4,24,54,0,82,41,0,41,123
06/27/2017,MOT,ND,AGL,CE,Federal Contract Tower,1,16,8,1,26,0,2,22,1,25,1,18,30,2,51,0,18,18,69
06/28/2017,MOT,ND,AGL,CE,Federal Contract Tower,1,17,18,0,36,0,0,37,0,37,1,17,55,0,73,33,7,40,113
06/29/2017,MOT,ND,AGL,CE,Federal Contract Tower,3,19,20,0,42,0,2,23,0,25,3,21,43,0,67,85,15,100,167
06/30/2017,MOT,ND,AGL,CE,Federal Contract Tower,2,17,10,0,29,0,0,36,0,36,2,17,46,0,65,70,0,70,135
07/01/2017,MOT,ND,AGL,CE,Federal Contract Tower,2,19,8,0,29,0,0,35,0,35,2,19,43,0,64,42,0,42,106
07/02/2017,MOT,ND,AGL,CE,Federal Contract Tower,3,5,2,0,10,0,0,31,0,31,3,5,33,0,41,42,0,42,83
07/03/2017,MOT,ND,AGL,CE,Federal Contract Tower,6,13,1,0,20,0,4,26,0,30,6,17,27,0,50,68,0,68,118
07/04/2017,MOT,ND,AGL,CE,Federal Contract Tower,3,10,8,1,22,0,5,43,0,48,3,15,51,1,70,3,0,3,73
07/05/2017,MOT,ND,AGL,CE,Federal Contract Tower,1,14,8,0,23,0,0,16,0,16,1,14,24,0,39,14,0,14,53
07/06/2017,MOT,ND,AGL,CE,Federal Contract Tower,2,19,12,0,33,0,0,13,0,13,2,19,25,0,46,33,6,39,85
07/07/2017,MOT,ND,AGL,CE,Federal Contract Tower,2,26,3,0,31,0,0,59,0,59,2,26,62,0,90,75,0,75,165
07/08/2017,MOT,ND,AGL,CE,Federal Contract Tower,0,18,6,1,25,0,5,35,0,40,0,23,41,1,65,12,0,12,77
07/09/2017,MOT,ND,AGL,CE,Federal Contract Tower,0,13,8,0,21,0,3,15,0,18,0,16,23,0,39,17,0,17,56
07/10/2017,MOT,ND,AGL,CE,Federal Contract Tower,3,19,5,1,28,0,6,30,3,39,3,25,35,4,67,92,2,94,161
07/11/2017,MOT,ND,AGL,CE,Federal Contract Tower,0,19,12,0,31,0,3,25,0,28,0,22,37,0,59,70,4,74,133
07/12/2017,MOT,ND,AGL,CE,Federal Contract Tower,0,16,14,2,32,0,0,15,0,15,0,16,29,2,47,97,14,111,158
07/13/2017,MOT,ND,AGL,CE,Federal Contract Tower,4,20,7,0,31,0,0,31,4,35,4,20,38,4,66,12,16,28,94
07/14/2017,MOT,ND,AGL,CE,Federal Contract Tower,2,21,11,1,35,0,0,25,4,29,2,21,36,5,64,30,8,38,102
07/15/2017,MOT,ND,AGL,CE,Federal Contract Tower,4,14,2,0,20,0,4,29,0,33,4,18,31,0,53,22,0,22,75
07/16/2017,MOT,ND,AGL,CE,Federal Contract Tower,1,10,9,0,20,0,0,14,0,14,1,10,23,0,34,0,0,0,34
07/17/2017,MOT,ND,AGL,CE,Federal Contract Tower,4,15,14,0,33,0,7,24,2,33,4,22,38,2,66,70,10,80,146
07/18/2017,MOT,ND,AGL,CE,Federal Contract Tower,0,19,16,0,35,0,6,29,0,35,0,25,45,0,70,59,2,61,131
07/19/2017,MOT,ND,AGL,CE,Federal Contract Tower,0,19,19,0,38,0,3,25,0,28,0,22,44,0,66,47,16,63,129
07/20/2017,MOT,ND,AGL,CE,Federal Contract Tower,3,24,11,0,38,0,0,51,2,53,3,24,62,2,91,40,0,40,131
07/21/2017,MOT,ND,AGL,CE,Federal Contract Tower,2,20,6,1,29,0,0,55,1,56,2,20,61,2,85,86,0,86,171
07/22/2017,MOT,ND,AGL,CE,Federal Contract Tower,4,18,7,0,29,0,6,50,0,56,4,24,57,0,85,2,0,2,87
07/23/2017,MOT,ND,AGL,CE,Federal Contract Tower,0,14,7,0,21,0,3,36,0,39,0,17,43,0,60,7,0,7,67
07/24/2017,MOT,ND,AGL,CE,Federal Contract Tower,6,18,11,0,35,0,4,20,4,28,6,22,31,4,63,44,4,48,111
07/25/2017,MOT,ND,AGL,CE,Federal Contract Tower,2,19,18,0,39,0,4,30,0,34,2,23,48,0,73,65,0,65,138
07/26/2017,MOT,ND,AGL,CE,Federal Contract Tower,0,19,11,0,30,0,0,30,0,30,0,19,41,0,60,66,22,88,148
07/27/2017,MOT,ND,AGL,CE,Federal Contract Tower,4,23,12,0,39,0,7,38,0,45,4,30,50,0,84,48,0,48,132
07/28/2017,MOT,ND,AGL,CE,Federal Contract Tower,3,21,9,0,33,0,0,40,0,40,3,21,49,0,73,66,12,78,151
07/29/2017,MOT,ND,AGL,CE,Federal Contract Tower,2,14,8,0,24,0,0,26,0,26,2,14,34,0,50,33,0,33,83
07/30/2017,MOT,ND,AGL,CE,Federal Contract Tower,0,14,10,0,24,0,12,26,0,38,0,26,36,0,62,10,0,10,72
07/31/2017,MOT,ND,AGL,CE,Federal Contract Tower,4,17,8,0,29,0,10,20,4,34,4,27,28,4,63,9,0,9,72
08/01/2017,MOT,ND,AGL,CE,Federal Contract Tower,0,20,18,2,40,0,1,29,4,34,0,21,47,6,74,41,2,43,117
08/02/2017,MOT,ND,AGL,CE,Federal Contract Tower,0,2,18,2,22,0,0,1,0,1,0,2,19,2,23,0,0,0,23
08/03/2017,MOT,ND,AGL,CE,Federal Contract Tower,1,20,6,0,27,0,2,33,0,35,1,22,39,0,62,29,0,29,91
08/04/2017,MOT,ND,AGL,CE,Federal Contract Tower,2,24,10,0,36,0,0,21,0,21,2,24,31,0,57,60,4,64,121
08/05/2017,MOT,ND,AGL,CE,Federal Contract Tower,3,16,5,0,24,0,7,14,0,21,3,23,19,0,45,6,0,6,51
08/06/2017,MOT,ND,AGL,CE,Federal Contract Tower,0,12,4,0,16,0,2,15,0,17,0,14,19,0,33,36,0,36,69
08/07/2017,MOT,ND,AGL,CE,Federal Contract Tower,4,21,19,1,45,0,0,14,6,20,4,21,33,7,65,16,9,25,90
08/08/2017,MOT,ND,AGL,CE,Federal Contract Tower,0,20,9,0,29,0,4,23,0,27,0,24,32,0,56,15,4,19,75
08/09/2017,MOT,ND,AGL,CE,Federal Contract Tower,0,21,11,0,32,0,4,12,0,16,0,25,23,0,48,0,0,0,48
08/10/2017,MOT,ND,AGL,CE,Federal Contract Tower,4,19,16,1,40,0,4,25,6,35,4,23,41,7,75,20,38,58,133
08/11/2017,MOT,ND,AGL,CE,Federal Contract Tower,2,22,11,0,35,0,0,15,0,15,2,22,26,0,50,71,4,75,125
08/12/2017,MOT,ND,AGL,CE,Federal Contract Tower,2,16,9,0,27,0,0,8,0,8,2,16,17,0,35,0,0,0,35
08/13/2017,MOT,ND,AGL,CE,Federal Contract Tower,0,15,7,0,22,0,0,36,0,36,0,15,43,0,58,37,0,37,95
08/14/2017,MOT,ND,AGL,CE,Federal Contract Tower,5,18,16,2,41,0,0,17,4,21,5,18,33,6,62,111,16,127,189
08/15/2017,MOT,ND,AGL,CE,Federal Contract Tower,1,19,11,2,33,0,2,3,0,5,1,21,14,2,38,12,4,16,54
08/16/2017,MOT,ND,AGL,CE,Federal Contract Tower,0,23,18,0,41,0,6,16,2,24,0,29,34,2,65,42,28,70,135
08/17/2017,MOT,ND,AGL,CE,Federal Contract Tower,4,20,16,2,42,0,7,20,0,27,4,27,36,2,69,133,26,159,228
08/18/2017,MOT,ND,AGL,CE,Federal Contract Tower,2,20,7,2,31,0,0,24,3,27,2,20,31,5,58,48,2,50,108
08/19/2017,MOT,ND,AGL,CE,Federal Contract Tower,1,15,6,0,22,0,7,12,0,19,1,22,18,0,41,25,0,25,66
08/20/2017,MOT,ND,AGL,CE,Federal Contract Tower,4,13,7,0,24,0,4,27,0,31,4,17,34,0,55,12,0,12,67
08/21/2017,MOT,ND,AGL,CE,Federal Contract Tower,4,18,13,0,35,0,0,26,2,28,4,18,39,2,63,58,4,62,125
08/22/2017,MOT,ND,AGL,CE,Federal Contract Tower,3,24,10,0,37,0,1,28,0,29,3,25,38,0,66,103,0,103,169
08/23/2017,MOT,ND,AGL,CE,Federal Contract Tower,0,22,18,0,40,0,12,24,0,36,0,34,42,0,76,70,4,74,150
08/24/2017,MOT,ND,AGL,CE,Federal Contract Tower,4,23,19,0,46,0,13,16,0,29,4,36,35,0,75,80,4,84,159
08/25/2017,MOT,ND,AGL,CE,Federal Contract Tower,3,19,10,2,34,0,2,11,0,13,3,21,21,2,47,14,10,24,71
08/26/2017,MOT,ND,AGL,CE,Federal Contract Tower,0,16,7,0,23,0,4,14,0,18,0,20,21,0,41,0,0,0,41
08/27/2017,MOT,ND,AGL,CE,Federal Contract Tower,0,8,7,0,15,0,0,28,0,28,0,8,35,0,43,18,0,18,61
08/28/2017,MOT,ND,AGL,CE,Federal Contract Tower,6,13,8,0,27,0,4,17,0,21,6,17,25,0,48,38,12,50,98
08/29/2017,MOT,ND,AGL,CE,Federal Contract Tower,2,15,9,1,27,0,4,25,3,32,2,19,34,4,59,61,10,71,130
08/30/2017,MOT,ND,AGL,CE,Federal Contract Tower,1,16,16,1,34,0,4,25,0,29,1,20,41,1,63,54,0,54,117
08/31/2017,MOT,ND,AGL,CE,Federal Contract Tower,2,22,14,0,38,0,6,8,0,14,2,28,22,0,52,0,16,16,68
09/01/2017,MOT,ND,AGL,CE,Federal Contract Tower,2,14,12,0,28,0,0,16,0,16,2,14,28,0,44,51,0,51,95
09/02/2017,MOT,ND,AGL,CE,Federal Contract Tower,1,12,8,0,21,0,0,26,0,26,1,12,34,0,47,10,0,10,57
09/03/2017,MOT,ND,AGL,CE,Federal Contract Tower,2,7,3,0,12,0,1,18,0,19,2,8,21,0,31,0,0,0,31
09/04/2017,MOT,ND,AGL,CE,Federal Contract Tower,4,11,3,0,18,0,6,10,0,16,4,17,13,0,34,0,0,0,34
09/05/2017,MOT,ND,AGL,CE,Federal Contract Tower,0,19,16,0,35,0,0,11,0,11,0,19,27,0,46,6,0,6,52
09/06/2017,MOT,ND,AGL,CE,Federal Contract Tower,0,17,11,0,28,0,0,27,0,27,0,17,38,0,55,25,0,25,80
09/07/2017,MOT,ND,AGL,CE,Federal Contract Tower,2,17,14,0,33,0,3,9,1,13,2,20,23,1,46,0,2,2,48
09/08/2017,MOT,ND,AGL,CE,Federal Contract Tower,3,17,11,1,32,0,0,8,0,8,3,17,19,1,40,0,18,18,58
09/09/2017,MOT,ND,AGL,CE,Federal Contract Tower,3,19,6,0,28,0,2,15,0,17,3,21,21,0,45,5,0,5,50
09/10/2017,MOT,ND,AGL,CE,Federal Contract Tower,0,14,3,0,17,0,0,21,0,21,0,14,24,0,38,16,0,16,54
09/11/2017,MOT,ND,AGL,CE,Federal Contract Tower,4,14,11,1,30,0,2,11,0,13,4,16,22,1,43,46,9,55,98
09/12/2017,MOT,ND,AGL,CE,Federal Contract Tower,0,17,9,0,26,0,4,6,0,10,0,21,15,0,36,7,4,11,47
09/13/2017,MOT,ND,AGL,CE,Federal Contract Tower,0,15,10,0,25,0,3,12,0,15,0,18,22,0,40,36,0,36,76
09/14/2017,MOT,ND,AGL,CE,Federal Contract Tower,2,20,10,0,32,0,4,18,0,22,2,24,28,0,54,14,6,20,74
09/15/2017,MOT,ND,AGL,CE,Federal Contract Tower,2,17,10,0,29,0,0,0,0,0,2,17,10,0,29,0,6,6,35
09/16/2017,MOT,ND,AGL,CE,Federal Contract Tower,1,16,8,0,25,0,0,0,0,0,1,16,8,0,25,0,0,0,25
09/17/2017,MOT,ND,AGL,CE,Federal Contract Tower,0,10,4,0,14,0,0,20,0,20,0,10,24,0,34,55,0,55,89
09/18/2017,MOT,ND,AGL,CE,Federal Contract Tower,2,16,14,0,32,0,6,22,0,28,2,22,36,0,60,18,0,18,78
09/19/2017,MOT,ND,AGL,CE,Federal Contract Tower,0,15,10,0,25,0,0,7,0,7,0,15,17,0,32,2,4,6,38
09/20/2017,MOT,ND,AGL,CE,Federal Contract Tower,0,18,14,4,36,0,2,12,3,17,0,20,26,7,53,6,4,10,63
09/21/2017,MOT,ND,AGL,CE,Federal Contract Tower,2,21,13,0,36,0,0,13,0,13,2,21,26,0,49,40,2,42,91
09/22/2017,MOT,ND,AGL,CE,Federal Contract Tower,5,20,4,0,29,0,0,7,0,7,5,20,11,0,36,0,0,0,36
09/23/2017,MOT,ND,AGL,CE,Federal Contract Tower,0,16,12,0,28,0,4,16,1,21,0,20,28,1,49,58,4,62,111
09/24/2017,MOT,ND,AGL,CE,Federal Contract Tower,0,14,12,0,26,0,0,1,0,1,0,14,13,0,27,16,0,16,43
09/25/2017,MOT,ND,AGL,CE,Federal Contract Tower,3,18,20,0,41,0,5,0,0,5,3,23,20,0,46,0,2,2,48
09/26/2017,MOT,ND,AGL,CE,Federal Contract Tower,0,21,14,0,35,0,4,5,0,9,0,25,19,0,44,0,0,0,44
09/27/2017,MOT,ND,AGL,CE,Federal Contract Tower,0,18,14,0,32,0,2,33,0,35,0,20,47,0,67,46,3,49,116
09/28/2017,MOT,ND,AGL,CE,Federal Contract Tower,2,22,18,0,42,0,0,12,0,12,2,22,30,0,54,61,0,61,115
09/29/2017,MOT,ND,AGL,CE,Federal Contract Tower,3,19,13,0,35,0,0,16,0,16,3,19,29,0,51,76,0,76,127
09/30/2017,MOT,ND,AGL,CE,Federal Contract Tower,1,15,4,0,20,0,0,1,0,1,1,15,5,0,21,0,0,0,21
10/01/2017,MOT,ND,AGL,CE,Federal Contract Tower,0,8,8,0,16,0,0,1,0,1,0,8,9,0,17,0,0,0,17
10/02/2017,MOT,ND,AGL,CE,Federal Contract Tower,5,18,21,0,44,0,3,20,0,23,5,21,41,0,67,35,8,43,110
10/03/2017,MOT,ND,AGL,CE,Federal Contract Tower,0,23,13,2,38,0,0,8,0,8,0,23,21,2,46,0,0,0,46
10/04/2017,MOT,ND,AGL,CE,Federal Contract Tower,0,19,16,4,39,0,4,22,0,26,0,23,38,4,65,40,12,52,117
10/05/2017,MOT,ND,AGL,CE,Federal Contract Tower,1,25,15,0,41,0,0,17,0,17,1,25,32,0,58,28,0,28,86
10/06/2017,MOT,ND,AGL,CE,Federal Contract Tower,5,23,12,0,40,0,0,30,2,32,5,23,42,2,72,30,27,57,129
10/07/2017,MOT,ND,AGL,CE,Federal Contract Tower,0,11,1,0,12,0,8,2,0,10,0,19,3,0,22,0,0,0,22
10/08/2017,MOT,ND,AGL,CE,Federal Contract Tower,0,8,11,0,19,0,4,7,0,11,0,12,18,0,30,18,0,18,48
10/09/2017,MOT,ND,AGL,CE,Federal Contract Tower,5,15,9,0,29,0,0,11,0,11,5,15,20,0,40,42,0,42,82
10/10/2017,MOT,ND,AGL,CE,Federal Contract Tower,0,17,5,0,22,0,2,39,0,41,0,19,44,0,63,24,23,47,110
10/11/2017,MOT,ND,AGL,CE,Federal Contract Tower,0,17,17,5,39,0,4,20,0,24,0,21,37,5,63,16,0,16,79
10/12/2017,MOT,ND,AGL,CE,Federal Contract Tower,2,22,20,1,45,0,0,12,0,12,2,22,32,1,57,0,0,0,57
10/13/2017,MOT,ND,AGL,CE,Federal Contract Tower,2,18,21,0,41,0,0,10,0,10,2,18,31,0,51,8,8,16,67
10/14/2017,MOT,ND,AGL,CE,Federal Contract Tower,0,14,8,0,22,0,3,11,0,14,0,17,19,0,36,28,0,28,64
10/15/2017,MOT,ND,AGL,CE,Federal Contract Tower,0,12,2,2,16,0,3,6,0,9,0,15,8,2,25,4,2,6,31
10/16/2017,MOT,ND,AGL,CE,Federal Contract Tower,4,17,20,2,43,0,6,12,0,18,4,23,32,2,61,21,12,33,94
10/17/2017,MOT,ND,AGL,CE,Federal Contract Tower,0,22,11,0,33,0,0,11,0,11,0,22,22,0,44,24,22,46,90
10/18/2017,MOT,ND,AGL,CE,Federal Contract Tower,0,22,19,2,43,0,11,3,0,14,0,33,22,2,57,0,16,16,73
10/19/2017,MOT,ND,AGL,CE,Federal Contract Tower,2,30,11,0,43,0,1,26,0,27,2,31,37,0,70,17,2,19,89
10/20/2017,MOT,ND,AGL,CE,Federal Contract Tower,2,17,14,0,33,0,0,13,0,13,2,17,27,0,46,32,0,32,78
10/21/2017,MOT,ND,AGL,CE,Federal Contract Tower,0,16,6,0,22,0,0,3,2,5,0,16,9,2,27,0,0,0,27
10/22/2017,MOT,ND,AGL,CE,Federal Contract Tower,0,11,10,0,21,0,0,6,0,6,0,11,16,0,27,36,0,36,63
10/23/2017,MOT,ND,AGL,CE,Federal Contract Tower,5,18,11,0,34,0,11,5,0,16,5,29,16,0,50,2,0,2,52
10/24/2017,MOT,ND,AGL,CE,Federal Contract Tower,0,22,11,0,33,0,0,17,0,17,0,22,28,0,50,100,6,106,156
10/25/2017,MOT,ND,AGL,CE,Federal Contract Tower,1,23,24,0,48,0,6,6,0,12,1,29,30,0,60,53,8,61,121
10/26/2017,MOT,ND,AGL,CE,Federal Contract Tower,4,19,6,0,29,0,0,0,0,0,4,19,6,0,29,0,10,10,39
10/27/2017,MOT,ND,AGL,CE,Federal Contract Tower,4,16,10,0,30,0,0,21,0,21,4,16,31,0,51,12,0,12,63
10/28/2017,MOT,ND,AGL,CE,Federal Contract Tower,0,18,5,0,23,0,4,18,0,22,0,22,23,0,45,9,0,9,54
10/29/2017,MOT,ND,AGL,CE,Federal Contract Tower,0,11,6,0,17,0,0,5,0,5,0,11,11,0,22,2,2,4,26
10/30/2017,MOT,ND,AGL,CE,Federal Contract Tower,6,19,15,0,40,0,2,4,1,7,6,21,19,1,47,0,14,14,61
10/31/2017,MOT,ND,AGL,CE,Federal Contract Tower,0,16,12,0,28,0,2,25,1,28,0,18,37,1,56,10,2,12,68
11/01/2017,MOT,ND,AGL,CE,Federal Contract Tower,0,23,10,0,33,0,0,3,0,3,0,23,13,0,36,0,0,0,36
11/02/2017,MOT,ND,AGL,CE,Federal Contract Tower,3,15,13,0,31,0,0,8,0,8,3,15,21,0,39,0,4,4,43
11/03/2017,MOT,ND,AGL,CE,Federal Contract Tower,2,20,5,0,27,0,0,1,0,1,2,20,6,0,28,0,14,14,42
11/04/2017,MOT,ND,AGL,CE,Federal Contract Tower,0,20,4,0,24,0,0,0,0,0,0,20,4,0,24,0,0,0,24
11/05/2017,MOT,ND,AGL,CE,Federal Contract Tower,0,11,3,0,14,0,0,2,0,2,0,11,5,0,16,39,0,39,55
11/06/2017,MOT,ND,AGL,CE,Federal Contract Tower,7,17,17,0,41,0,1,17,0,18,7,18,34,0,59,10,0,10,69
11/07/2017,MOT,ND,AGL,CE,Federal Contract Tower,2,23,10,0,35,0,3,9,0,12,2,26,19,0,47,31,3,34,81
11/08/2017,MOT,ND,AGL,CE,Federal Contract Tower,1,19,12,1,33,0,0,3,0,3,1,19,15,1,36,5,8,13,49
11/09/2017,MOT,ND,AGL,CE,Federal Contract Tower,4,18,16,0,38,0,0,9,7,16,4,18,25,7,54,10,12,22,76
11/10/2017,MOT,ND,AGL,CE,Federal Contract Tower,2,20,14,0,36,0,0,3,1,4,2,20,17,1,40,0,0,0,40
11/11/2017,MOT,ND,AGL,CE,Federal Contract Tower,0,14,1,0,15,0,7,14,0,21,0,21,15,0,36,32,0,32,68
11/12/2017,MOT,ND,AGL,CE,Federal Contract Tower,0,11,7,1,19,0,0,5,1,6,0,11,12,2,25,12,0,12,37
11/13/2017,MOT,ND,AGL,CE,Federal Contract Tower,6,20,8,0,34,0,0,16,4,20,6,20,24,4,54,34,6,40,94
11/14/2017,MOT,ND,AGL,CE,Federal Contract Tower,0,19,17,2,38,0,0,27,0,27,0,19,44,2,65,13,0,13,78
11/15/2017,MOT,ND,AGL,CE,Federal Contract Tower,0,19,13,0,32,0,1,5,0,6,0,20,18,0,38,0,4,4,42
11/16/2017,MOT,ND,AGL,CE,Federal Contract Tower,4,19,16,0,39,0,8,2,0,10,4,27,18,0,49,0,38,38,87
11/17/2017,MOT,ND,AGL,CE,Federal Contract Tower,4,28,9,0,41,0,0,15,0,15,4,28,24,0,56,6,0,6,62
11/18/2017,MOT,ND,AGL,CE,Federal Contract Tower,0,14,9,0,23,0,0,15,0,15,0,14,24,0,38,13,0,13,51
11/19/2017,MOT,ND,AGL,CE,Federal Contract Tower,3,6,4,0,13,0,0,19,3,22,3,6,23,3,35,45,0,45,80
11/20/2017,MOT,ND,AGL,CE,Federal Contract Tower,2,12,17,0,31,0,0,7,0,7,2,12,24,0,38,0,22,22,60
11/21/2017,MOT,ND,AGL,CE,Federal Contract Tower,3,22,16,0,41,0,1,9,2,12,3,23,25,2,53,6,2,8,61
11/22/2017,MOT,ND,AGL,CE,Federal Contract Tower,2,20,15,0,37,0,1,19,0,20,2,21,34,0,57,24,10,34,91
11/23/2017,MOT,ND,AGL,CE,Federal Contract Tower,1,8,0,0,9,0,0,12,0,12,1,8,12,0,21,15,0,15,36
11/24/2017,MOT,ND,AGL,CE,Federal Contract Tower,4,16,2,0,22,0,0,4,0,4,4,16,6,0,26,0,0,0,26
11/25/2017,MOT,ND,AGL,CE,Federal Contract Tower,2,18,2,0,22,0,2,13,0,15,2,20,15,0,37,48,0,48,85
11/26/2017,MOT,ND,AGL,CE,Federal Contract Tower,0,14,15,0,29,0,0,18,0,18,0,14,33,0,47,12,0,12,59
11/27/2017,MOT,ND,AGL,CE,Federal Contract Tower,5,13,8,0,26,0,0,4,0,4,5,13,12,0,30,2,4,6,36
11/28/2017,MOT,ND,AGL,CE,Federal Contract Tower,1,17,10,1,29,0,0,2,3,5,1,17,12,4,34,0,0,0,34
11/29/2017,MOT,ND,AGL,CE,Federal Contract Tower,0,20,10,0,30,0,11,4,0,15,0,31,14,0,45,0,10,10,55
11/30/2017,MOT,ND,AGL,CE,Federal Contract Tower,7,16,20,0,43,0,5,15,0,20,7,21,35,0,63,4,0,4,67
12/01/2017,MOT,ND,AGL,CE,Federal Contract Tower,2,23,12,0,37,0,4,20,10,34,2,27,32,10,71,21,4,25,96
12/02/2017,MOT,ND,AGL,CE,Federal Contract Tower,5,12,4,0,21,0,4,39,0,43,5,16,43,0,64,17,0,17,81
12/03/2017,MOT,ND,AGL,CE,Federal Contract Tower,2,8,5,0,15,0,0,13,0,13,2,8,18,0,28,40,0,40,68
12/04/2017,MOT,ND,AGL,CE,Federal Contract Tower,4,13,3,0,20,0,0,0,2,2,4,13,3,2,22,0,12,12,34
12/05/2017,MOT,ND,AGL,CE,Federal Contract Tower,1,19,16,0,36,0,0,2,0,2,1,19,18,0,38,0,4,4,42
12/06/2017,MOT,ND,AGL,CE,Federal Contract Tower,3,18,11,0,32,0,6,6,2,14,3,24,17,2,46,0,0,0,46
12/07/2017,MOT,ND,AGL,CE,Federal Contract Tower,3,19,14,0,36,0,1,23,0,24,3,20,37,0,60,4,0,4,64
12/08/2017,MOT,ND,AGL,CE,Federal Contract Tower,1,19,5,0,25,0,1,10,2,13,1,20,15,2,38,0,0,0,38
12/09/2017,MOT,ND,AGL,CE,Federal Contract Tower,4,15,4,0,23,0,0,15,0,15,4,15,19,0,38,19,0,19,57
12/10/2017,MOT,ND,AGL,CE,Federal Contract Tower,2,10,1,0,13,0,2,15,0,17,2,12,16,0,30,29,0,29,59
12/11/2017,MOT,ND,AGL,CE,Federal Contract Tower,3,16,7,0,26,0,0,0,4,4,3,16,7,4,30,0,4,4,34
12/12/2017,MOT,ND,AGL,CE,Federal Contract Tower,2,15,15,0,32,0,0,16,0,16,2,15,31,0,48,19,36,55,103
12/13/2017,MOT,ND,AGL,CE,Federal Contract Tower,3,22,11,0,36,0,0,4,0,4,3,22,15,0,40,28,4,32,72
12/14/2017,MOT,ND,AGL,CE,Federal Contract Tower,2,22,10,0,34,0,0,0,0,0,2,22,10,0,34,0,6,6,40
12/15/2017,MOT,ND,AGL,CE,Federal Contract Tower,1,18,1,0,20,0,0,10,0,10,1,18,11,0,30,15,4,19,49
12/16/2017,MOT,ND,AGL,CE,Federal Contract Tower,4,10,2,0,16,0,2,15,0,17,4,12,17,0,33,18,0,18,51
12/17/2017,MOT,ND,AGL,CE,Federal Contract Tower,3,9,8,0,20,0,1,13,0,14,3,10,21,0,34,0,0,0,34
12/18/2017,MOT,ND,AGL,CE,Federal Contract Tower,1,16,3,0,20,0,0,1,0,1,1,16,4,0,21,0,16,16,37
12/19/2017,MOT,ND,AGL,CE,Federal Contract Tower,4,14,10,2,30,0,0,20,0,20,4,14,30,2,50,17,0,17,67
12/20/2017,MOT,ND,AGL,CE,Federal Contract Tower,4,22,8,0,34,0,0,0,0,0,4,22,8,0,34,0,0,0,34
12/21/2017,MOT,ND,AGL,CE,Federal Contract Tower,3,21,12,0,36,0,0,10,2,12,3,21,22,2,48,4,0,4,52
12/22/2017,MOT,ND,AGL,CE,Federal Contract Tower,3,26,9,0,38,0,2,8,0,10,3,28,17,0,48,8,0,8,56
12/23/2017,MOT,ND,AGL,CE,Federal Contract Tower,3,22,5,0,30,0,0,3,0,3,3,22,8,0,33,0,0,0,33
12/24/2017,MOT,ND,AGL,CE,Federal Contract Tower,4,9,1,0,14,0,0,0,0,0,4,9,1,0,14,14,0,14,28
12/25/2017,MOT,ND,AGL,CE,Federal Contract Tower,4,12,1,0,17,0,0,0,0,0,4,12,1,0,17,0,0,0,17
12/26/2017,MOT,ND,AGL,CE,Federal Contract Tower,3,18,7,0,28,0,0,5,0,5,3,18,12,0,33,0,0,0,33
12/27/2017,MOT,ND,AGL,CE,Federal Contract Tower,3,22,5,0,30,0,0,8,0,8,3,22,13,0,38,0,0,0,38
12/28/2017,MOT,ND,AGL,CE,Federal Contract Tower,3,16,7,0,26,0,0,5,0,5,3,16,12,0,31,11,0,11,42
12/29/2017,MOT,ND,AGL,CE,Federal Contract Tower,4,26,13,0,43,0,0,2,0,2,4,26,15,0,45,0,0,0,45
12/30/2017,MOT,ND,AGL,CE,Federal Contract Tower,5,19,4,0,28,0,0,0,0,0,5,19,4,0,28,0,0,0,28
12/31/2017,MOT,ND,AGL,CE,Federal Contract Tower,4,8,3,0,15,0,1,4,0,5,4,9,7,0,20,0,0,0,20
01/01/2018,MOT,ND,AGL,CE,Federal Contract Tower,4,11,1,0,16,0,0,4,0,4,4,11,5,0,20,0,0,0,20
01/02/2018,MOT,ND,AGL,CE,Federal Contract Tower,7,15,8,0,30,0,2,1,2,5,7,17,9,2,35,0,0,0,35
01/03/2018,MOT,ND,AGL,CE,Federal Contract Tower,2,15,2,0,19,0,4,5,0,9,2,19,7,0,28,0,0,0,28
01/04/2018,MOT,ND,AGL,CE,Federal Contract Tower,2,16,2,0,20,0,0,0,2,2,2,16,2,2,22,0,24,24,46
01/05/2018,MOT,ND,AGL,CE,Federal Contract Tower,3,17,4,0,24,0,0,0,2,2,3,17,4,2,26,0,6,6,32
01/06/2018,MOT,ND,AGL,CE,Federal Contract Tower,4,12,5,0,21,0,2,6,0,8,4,14,11,0,29,0,0,0,29
01/07/2018,MOT,ND,AGL,CE,Federal Contract Tower,3,9,5,0,17,0,2,7,0,9,3,11,12,0,26,12,0,12,38
01/08/2018,MOT,ND,AGL,CE,Federal Contract Tower,3,11,7,0,21,0,6,20,0,26,3,17,27,0,47,56,8,64,111
01/09/2018,MOT,ND,AGL,CE,Federal Contract Tower,1,13,14,0,28,0,3,18,0,21,1,16,32,0,49,64,2,66,115
01/10/2018,MOT,ND,AGL,CE,Federal Contract Tower,1,15,6,0,22,0,1,0,0,1,1,16,6,0,23,0,0,0,23
01/11/2018,MOT,ND,AGL,CE,Federal Contract Tower,3,15,4,0,22,0,0,0,4,4,3,15,4,4,26,0,2,2,28
01/12/2018,MOT,ND,AGL,CE,Federal Contract Tower,3,16,6,0,25,0,4,1,0,5,3,20,7,0,30,10,0,10,40
01/13/2018,MOT,ND,AGL,CE,Federal Contract Tower,4,12,5,0,21,0,0,5,0,5,4,12,10,0,26,0,0,0,26
01/14/2018,MOT,ND,AGL,CE,Federal Contract Tower,6,5,5,0,16,0,0,0,0,0,6,5,5,0,16,0,0,0,16
01/15/2018,MOT,ND,AGL,CE,Federal Contract Tower,1,12,7,0,20,0,0,7,0,7,1,12,14,0,27,0,0,0,27
01/16/2018,MOT,ND,AGL,CE,Federal Contract Tower,4,13,2,0,19,0,0,7,0,7,4,13,9,0,26,17,16,33,59
01/17/2018,MOT,ND,AGL,CE,Federal Contract Tower,1,15,18,0,34,0,3,6,0,9,1,18,24,0,43,4,18,22,65
01/18/2018,MOT,ND,AGL,CE,Federal Contract Tower,4,15,20,16,55,0,0,2,0,2,4,15,22,16,57,2,4,6,63
01/19/2018,MOT,ND,AGL,CE,Federal Contract Tower,4,16,10,4,34,0,0,12,0,12,4,16,22,4,46,0,8,8,54
01/20/2018,MOT,ND,AGL,CE,Federal Contract Tower,7,14,13,0,34,0,4,15,0,19,7,18,28,0,53,13,0,13,66
01/21/2018,MOT,ND,AGL,CE,Federal Contract Tower,8,6,6,0,20,0,0,15,0,15,8,6,21,0,35,18,0,18,53
01/22/2018,MOT,ND,AGL,CE,Federal Contract Tower,0,8,9,0,17,0,0,0,0,0,0,8,9,0,17,0,0,0,17
01/23/2018,MOT,ND,AGL,CE,Federal Contract Tower,5,17,10,0,32,0,0,1,0,1,5,17,11,0,33,0,0,0,33
01/24/2018,MOT,ND,AGL,CE,Federal Contract Tower,6,15,7,0,28,0,0,14,0,14,6,15,21,0,42,65,6,71,113
01/25/2018,MOT,ND,AGL,CE,Federal Contract Tower,4,15,9,0,28,0,0,11,0,11,4,15,20,0,39,14,8,22,61
01/26/2018,MOT,ND,AGL,CE,Federal Contract Tower,2,18,11,0,31,0,0,11,0,11,2,18,22,0,42,6,2,8,50
01/27/2018,MOT,ND,AGL,CE,Federal Contract Tower,4,13,2,0,19,0,0,3,0,3,4,13,5,0,22,0,0,0,22
01/28/2018,MOT,ND,AGL,CE,Federal Contract Tower,6,5,6,0,17,0,2,5,0,7,6,7,11,0,24,0,0,0,24
01/29/2018,MOT,ND,AGL,CE,Federal Contract Tower,3,25,7,0,35,0,2,13,0,15,3,27,20,0,50,33,0,33,83
01/30/2018,MOT,ND,AGL,CE,Federal Contract Tower,2,15,9,0,26,0,4,16,3,23,2,19,25,3,49,0,26,26,75
01/31/2018,MOT,ND,AGL,CE,Federal Contract Tower,1,20,6,0,27,0,0,2,0,2,1,20,8,0,29,6,6,12,41
02/01/2018,MOT,ND,AGL,CE,Federal Contract Tower,4,16,10,0,30,0,0,10,0,10,4,16,20,0,40,0,2,2,42
02/02/2018,MOT,ND,AGL,CE,Federal Contract Tower,3,15,9,0,27,0,0,3,0,3,3,15,12,0,30,0,8,8,38
02/03/2018,MOT,ND,AGL,CE,Federal Contract Tower,6,11,2,0,19,0,0,1,0,1,6,11,3,0,20,0,0,0,20
02/04/2018,MOT,ND,AGL,CE,Federal Contract Tower,4,5,3,0,12,0,0,0,0,0,4,5,3,0,12,0,0,0,12
02/05/2018,MOT,ND,AGL,CE,Federal Contract Tower,5,13,4,0,22,0,0,19,0,19,5,13,23,0,41,28,8,36,77
02/06/2018,MOT,ND,AGL,CE,Federal Contract Tower,1,16,8,0,25,0,0,4,0,4,1,16,12,0,29,36,2,38,67
02/07/2018,MOT,ND,AGL,CE,Federal Contract Tower,3,11,9,2,25,0,0,5,2,7,3,11,14,4,32,4,10,14,46
02/08/2018,MOT,ND,AGL,CE,Federal Contract Tower,3,16,17,2,38,0,4,4,2,10,3,20,21,4,48,0,8,8,56
02/09/2018,MOT,ND,AGL,CE,Federal Contract Tower,3,16,4,0,23,0,3,7,0,10,3,19,11,0,33,8,6,14,47
02/10/2018,MOT,ND,AGL,CE,Federal Contract Tower,7,10,0,0,17,0,1,5,0,6,7,11,5,0,23,18,0,18,41
02/11/2018,MOT,ND,AGL,CE,Federal Contract Tower,7,5,4,0,16,0,3,8,0,11,7,8,12,0,27,4,0,4,31
02/12/2018,MOT,ND,AGL,CE,Federal Contract Tower,5,12,11,2,30,0,0,5,0,5,5,12,16,2,35,6,0,6,41
02/13/2018,MOT,ND,AGL,CE,Federal Contract Tower,2,17,6,0,25,0,0,4,0,4,2,17,10,0,29,0,0,0,29
02/14/2018,MOT,ND,AGL,CE,Federal Contract Tower,1,15,5,0,21,0,0,6,0,6,1,15,11,0,27,36,8,44,71
02/15/2018,MOT,ND,AGL,CE,Federal Contract Tower,9,17,6,0,32,0,0,9,2,11,9,17,15,2,43,0,0,0,43
02/16/2018,MOT,ND,AGL,CE,Federal Contract Tower,2,12,5,0,19,0,0,4,0,4,2,12,9,0,23,0,4,4,27
02/17/2018,MOT,ND,AGL,CE,Federal Contract Tower,8,14,2,0,24,0,0,18,0,18,8,14,20,0,42,4,2,6,48
02/18/2018,MOT,ND,AGL,CE,Federal Contract Tower,4,5,4,0,13,0,0,0,0,0,4,5,4,0,13,0,0,0,13
02/19/2018,MOT,ND,AGL,CE,Federal Contract Tower,5,15,17,0,37,0,0,17,0,17,5,15,34,0,54,10,0,10,64
02/20/2018,MOT,ND,AGL,CE,Federal Contract Tower,2,10,12,0,24,0,1,17,0,18,2,11,29,0,42,12,8,20,62
02/21/2018,MOT,ND,AGL,CE,Federal Contract Tower,2,16,5,0,23,0,1,7,0,8,2,17,12,0,31,0,4,4,35
02/22/2018,MOT,ND,AGL,CE,Federal Contract Tower,6,11,17,0,34,0,4,16,4,24,6,15,33,4,58,16,26,42,100
02/23/2018,MOT,ND,AGL,CE,Federal Contract Tower,1,19,13,0,33,0,0,2,0,2,1,19,15,0,35,7,0,7,42
02/24/2018,MOT,ND,AGL,CE,Federal Contract Tower,6,13,11,0,30,0,0,5,0,5,6,13,16,0,35,0,0,0,35
02/25/2018,MOT,ND,AGL,CE,Federal Contract Tower,4,14,6,0,24,0,4,5,0,9,4,18,11,0,33,0,0,0,33
02/26/2018,MOT,ND,AGL,CE,Federal Contract Tower,6,12,8,6,32,0,5,25,0,30,6,17,33,6,62,14,12,26,88
02/27/2018,MOT,ND,AGL,CE,Federal Contract Tower,3,10,5,0,18,0,2,10,0,12,3,12,15,0,30,14,0,14,44
02/28/2018,MOT,ND,AGL,CE,Federal Contract Tower,4,14,10,9,37,0,0,17,0,17,4,14,27,9,54,4,8,12,66
03/01/2018,MOT,ND,AGL,CE,Federal Contract Tower,7,13,16,0,36,0,3,16,0,19,7,16,32,0,55,30,0,30,85
03/02/2018,MOT,ND,AGL,CE,Federal Contract Tower,2,20,4,0,26,0,1,0,0,1,2,21,4,0,27,0,2,2,29
03/03/2018,MOT,ND,AGL,CE,Federal Contract Tower,5,20,6,0,31,0,0,3,0,3,5,20,9,0,34,0,0,0,34
03/04/2018,MOT,ND,AGL,CE,Federal Contract Tower,2,9,0,0,11,0,0,0,0,0,2,9,0,0,11,0,0,0,11
03/05/2018,MOT,ND,AGL,CE,Federal Contract Tower,0,3,0,0,3,0,0,0,0,0,0,3,0,0,3,0,0,0,3
03/06/2018,MOT,ND,AGL,CE,Federal Contract Tower,7,17,3,0,27,0,3,5,0,8,7,20,8,0,35,0,0,0,35
03/07/2018,MOT,ND,AGL,CE,Federal Contract Tower,4,21,8,2,35,0,0,11,0,11,4,21,19,2,46,2,8,10,56
03/08/2018,MOT,ND,AGL,CE,Federal Contract Tower,6,19,13,0,38,0,4,10,2,16,6,23,23,2,54,8,10,18,72
03/09/2018,MOT,ND,AGL,CE,Federal Contract Tower,0,21,3,0,24,0,0,11,0,11,0,21,14,0,35,26,4,30,65
03/10/2018,MOT,ND,AGL,CE,Federal Contract Tower,4,13,2,0,19,0,2,2,0,4,4,15,4,0,23,0,0,0,23
03/11/2018,MOT,ND,AGL,CE,Federal Contract Tower,4,12,3,0,19,0,6,14,0,20,4,18,17,0,39,6,0,6,45
03/12/2018,MOT,ND,AGL,CE,Federal Contract Tower,2,17,20,0,39,0,2,15,0,17,2,19,35,0,56,36,8,44,100
03/13/2018,MOT,ND,AGL,CE,Federal Contract Tower,2,18,7,0,27,0,3,16,0,19,2,21,23,0,46,22,0,22,68
03/14/2018,MOT,ND,AGL,CE,Federal Contract Tower,5,20,9,2,36,0,0,16,0,16,5,20,25,2,52,21,8,29,81
03/15/2018,MOT,ND,AGL,CE,Federal Contract Tower,6,19,14,0,39,0,0,14,0,14,6,19,28,0,53,42,0,42,95
03/16/2018,MOT,ND,AGL,CE,Federal Contract Tower,0,18,11,2,31,0,0,16,0,16,0,18,27,2,47,23,16,39,86
03/17/2018,MOT,ND,AGL,CE,Federal Contract Tower,6,16,8,0,30,0,1,13,0,14,6,17,21,0,44,30,0,30,74
03/18/2018,MOT,ND,AGL,CE,Federal Contract Tower,2,12,6,0,20,0,0,2,0,2,2,12,8,0,22,0,0,0,22
03/19/2018,MOT,ND,AGL,CE,Federal Contract Tower,2,19,8,0,29,0,0,6,0,6,2,19,14,0,35,2,4,6,41
03/20/2018,MOT,ND,AGL,CE,Federal Contract Tower,4,17,9,0,30,0,3,1,0,4,4,20,10,0,34,0,4,4,38
03/21/2018,MOT,ND,AGL,CE,Federal Contract Tower,4,22,14,0,40,0,0,6,0,6,4,22,20,0,46,37,8,45,91
03/22/2018,MOT,ND,AGL,CE,Federal Contract Tower,3,21,7,0,31,0,0,0,0,0,3,21,7,0,31,0,0,0,31
03/23/2018,MOT,ND,AGL,CE,Federal Contract Tower,1,6,2,0,9,0,0,0,0,0,1,6,2,0,9,0,0,0,9
03/24/2018,MOT,ND,AGL,CE,Federal Contract Tower,8,18,2,0,28,0,0,0,0,0,8,18,2,0,28,0,0,0,28
03/25/2018,MOT,ND,AGL,CE,Federal Contract Tower,2,12,3,0,17,0,2,6,0,8,2,14,9,0,25,2,0,2,27
03/26/2018,MOT,ND,AGL,CE,Federal Contract Tower,2,19,7,0,28,0,1,2,0,3,2,20,9,0,31,16,4,20,51
03/27/2018,MOT,ND,AGL,CE,Federal Contract Tower,1,14,15,1,31,0,3,31,4,38,1,17,46,5,69,40,24,64,133
03/28/2018,MOT,ND,AGL,CE,Federal Contract Tower,4,20,15,0,39,0,0,4,0,4,4,20,19,0,43,5,2,7,50
03/29/2018,MOT,ND,AGL,CE,Federal Contract Tower,7,18,20,1,46,0,0,10,0,10,7,18,30,1,56,12,0,12,68
03/30/2018,MOT,ND,AGL,CE,Federal Contract Tower,0,19,6,0,25,0,0,1,0,1,0,19,7,0,26,0,0,0,26
03/31/2018,MOT,ND,AGL,CE,Federal Contract Tower,4,16,2,0,22,0,0,0,0,0,4,16,2,0,22,0,2,2,24
04/01/2018,MOT,ND,AGL,CE,Federal Contract Tower,2,12,2,0,16,0,5,3,0,8,2,17,5,0,24,2,0,2,26
04/02/2018,MOT,ND,AGL,CE,Federal Contract Tower,2,18,11,0,31,0,10,14,0,24,2,28,25,0,55,0,44,44,99
04/03/2018,MOT,ND,AGL,CE,Federal Contract Tower,2,17,25,0,44,0,0,16,0,16,2,17,41,0,60,14,0,14,74
04/04/2018,MOT,ND,AGL,CE,Federal Contract Tower,4,19,26,0,49,0,0,11,0,11,4,19,37,0,60,34,0,34,94
04/05/2018,MOT,ND,AGL,CE,Federal Contract Tower,6,20,13,0,39,0,4,9,0,13,6,24,22,0,52,2,0,2,54
04/06/2018,MOT,ND,AGL,CE,Federal Contract Tower,0,15,13,0,28,0,8,16,0,24,0,23,29,0,52,5,0,5,57
04/07/2018,MOT,ND,AGL,CE,Federal Contract Tower,4,22,5,0,31,0,0,20,0,20,4,22,25,0,51,26,0,26,77
04/08/2018,MOT,ND,AGL,CE,Federal Contract Tower,2,10,3,0,15,0,0,0,0,0,2,10,3,0,15,0,0,0,15
04/09/2018,MOT,ND,AGL,CE,Federal Contract Tower,3,17,8,2,30,0,4,8,0,12,3,21,16,2,42,4,0,4,46
04/10/2018,MOT,ND,AGL,CE,Federal Contract Tower,2,20,17,2,41,0,2,29,0,31,2,22,46,2,72,22,26,48,120
04/11/2018,MOT,ND,AGL,CE,Federal Contract Tower,4,18,7,0,29,0,0,7,0,7,4,18,14,0,36,2,0,2,38
04/12/2018,MOT,ND,AGL,CE,Federal Contract Tower,4,24,10,0,38,0,0,0,0,0,4,24,10,0,38,0,0,0,38
04/13/2018,MOT,ND,AGL,CE,Federal Contract Tower,0,15,8,0,23,0,3,11,0,14,0,18,19,0,37,24,0,24,61
04/14/2018,MOT,ND,AGL,CE,Federal Contract Tower,4,11,15,0,30,0,0,22,0,22,4,11,37,0,52,19,0,19,71
04/15/2018,MOT,ND,AGL,CE,Federal Contract Tower,1,12,1,0,14,0,1,30,0,31,1,13,31,0,45,28,0,28,73
04/16/2018,MOT,ND,AGL,CE,Federal Contract Tower,2,17,9,0,28,0,6,15,0,21,2,23,24,0,49,38,0,38,87
04/17/2018,MOT,ND,AGL,CE,Federal Contract Tower,2,21,8,0,31,0,0,5,4,9,2,21,13,4,40,0,10,10,50
04/18/2018,MOT,ND,AGL,CE,Federal Contract Tower,2,19,11,4,36,0,0,7,0,7,2,19,18,4,43,36,0,36,79
04/19/2018,MOT,ND,AGL,CE,Federal Contract Tower,3,24,11,0,38,0,0,5,0,5,3,24,16,0,43,12,0,12,55
04/20/2018,MOT,ND,AGL,CE,Federal Contract Tower,3,16,10,0,29,0,5,17,2,24,3,21,27,2,53,26,8,34,87
04/21/2018,MOT,ND,AGL,CE,Federal Contract Tower,4,12,2,0,18,0,1,10,0,11,4,13,12,0,29,6,0,6,35
04/22/2018,MOT,ND,AGL,CE,Federal Contract Tower,2,10,9,0,21,0,0,20,0,20,2,10,29,0,41,19,0,19,60
04/23/2018,MOT,ND,AGL,CE,Federal Contract Tower,1,16,10,3,30,0,0,17,9,26,1,16,27,12,56,0,30,30,86
04/24/2018,MOT,ND,AGL,CE,Federal Contract Tower,5,21,18,0,44,0,0,31,7,38,5,21,49,7,82,54,8,62,144
04/25/2018,MOT,ND,AGL,CE,Federal Contract Tower,0,22,10,0,32,0,6,22,7,35,0,28,32,7,67,0,24,24,91
04/26/2018,MOT,ND,AGL,CE,Federal Contract Tower,4,23,17,0,44,0,7,24,7,38,4,30,41,7,82,36,6,42,124
04/27/2018,MOT,ND,AGL,CE,Federal Contract Tower,0,18,7,2,27,0,1,25,0,26,0,19,32,2,53,28,20,48,101
04/28/2018,MOT,ND,AGL,CE,Federal Contract Tower,2,16,4,0,22,0,2,11,0,13,2,18,15,0,35,10,0,10,45
04/29/2018,MOT,ND,AGL,CE,Federal Contract Tower,2,15,0,0,17,3,11,7,0,21,5,26,7,0,38,0,0,0,38
04/30/2018,MOT,ND,AGL,CE,Federal Contract Tower,2,19,16,0,37,0,0,4,0,4,2,19,20,0,41,23,0,23,64
05/01/2018,MOT,ND,AGL,CE,Federal Contract Tower,2,17,10,0,29,0,2,8,2,12,2,19,18,2,41,17,2,19,60
05/02/2018,MOT,ND,AGL,CE,Federal Contract Tower,2,18,7,11,38,0,2,30,10,42,2,20,37,21,80,40,4,44,124
05/03/2018,MOT,ND,AGL,CE,Federal Contract Tower,3,23,17,5,48,0,10,19,3,32,3,33,36,8,80,0,4,4,84
05/04/2018,MOT,ND,AGL,CE,Federal Contract Tower,3,17,15,0,35,0,1,17,2,20,3,18,32,2,55,12,0,12,67
05/05/2018,MOT,ND,AGL,CE,Federal Contract Tower,2,14,7,0,23,0,5,32,0,37,2,19,39,0,60,8,0,8,68
05/06/2018,MOT,ND,AGL,CE,Federal Contract Tower,3,13,4,0,20,0,4,23,0,27,3,17,27,0,47,4,0,4,51
05/07/2018,MOT,ND,AGL,CE,Federal Contract Tower,6,13,14,0,33,0,11,16,0,27,6,24,30,0,60,0,2,2,62
05/08/2018,MOT,ND,AGL,CE,Federal Contract Tower,0,23,24,0,47,0,1,17,5,23,0,24,41,5,70,28,94,122,192
05/09/2018,MOT,ND,AGL,CE,Federal Contract Tower,0,21,10,1,32,0,0,9,0,9,0,21,19,1,41,54,40,94,135
05/10/2018,MOT,ND,AGL,CE,Federal Contract Tower,8,25,10,0,43,0,0,15,0,15,8,25,25,0,58,17,2,19,77
05/11/2018,MOT,ND,AGL,CE,Federal Contract Tower,3,24,11,2,40,0,0,11,6,17,3,24,22,8,57,32,42,74,131
05/12/2018,MOT,ND,AGL,CE,Federal Contract Tower,4,13,9,0,26,0,0,52,0,52,4,13,61,0,78,69,0,69,147
05/13/2018,MOT,ND,AGL,CE,Federal Contract Tower,2,10,7,0,19,0,4,25,0,29,2,14,32,0,48,20,0,20,68
05/14/2018,MOT,ND,AGL,CE,Federal Contract Tower,7,14,12,2,35,0,12,29,4,45,7,26,41,6,80,18,40,58,138
05/15/2018,MOT,ND,AGL,CE,Federal Contract Tower,0,23,2,0,25,0,0,20,4,24,0,23,22,4,49,0,10,10,59
05/16/2018,MOT,ND,AGL,CE,Federal Contract Tower,2,22,9,0,33,0,6,42,0,48,2,28,51,0,81,30,8,38,119
05/17/2018,MOT,ND,AGL,CE,Federal Contract Tower,6,25,12,0,43,0,1,14,0,15,6,26,26,0,58,2,0,2,60
05/18/2018,MOT,ND,AGL,CE,Federal Contract Tower,4,18,0,4,26,0,0,3,2,5,4,18,3,6,31,0,0,0,31
05/19/2018,MOT,ND,AGL,CE,Federal Contract Tower,4,12,3,0,19,0,2,33,0,35,4,14,36,0,54,91,0,91,145
05/20/2018,MOT,ND,AGL,CE,Federal Contract Tower,2,10,3,0,15,0,3,30,0,33,2,13,33,0,48,19,0,19,67
05/21/2018,MOT,ND,AGL,CE,Federal Contract Tower,4,17,10,0,31,0,0,10,0,10,4,17,20,0,41,54,16,70,111
05/22/2018,MOT,ND,AGL,CE,Federal Contract Tower,2,25,5,0,32,3,2,30,2,37,5,27,35,2,69,18,14,32,101
05/23/2018,MOT,ND,AGL,CE,Federal Contract Tower,2,19,19,1,41,0,13,11,1,25,2,32,30,2,66,20,0,20,86
05/24/2018,MOT,ND,AGL,CE,Federal Contract Tower,6,22,11,4,43,0,4,26,1,31,6,26,37,5,74,32,2,34,108
05/25/2018,MOT,ND,AGL,CE,Federal Contract Tower,2,16,5,0,23,0,6,19,0,25,2,22,24,0,48,16,0,16,64
05/26/2018,MOT,ND,AGL,CE,Federal Contract Tower,4,14,4,0,22,0,6,20,0,26,4,20,24,0,48,0,0,0,48
05/27/2018,MOT,ND,AGL,CE,Federal Contract Tower,4,5,5,0,14,0,4,15,0,19,4,9,20,0,33,25,0,25,58
05/28/2018,MOT,ND,AGL,CE,Federal Contract Tower,4,10,6,0,20,0,12,10,0,22,4,22,16,0,42,74,0,74,116
05/29/2018,MOT,ND,AGL,CE,Federal Contract Tower,2,10,13,0,25,0,0,14,5,19,2,10,27,5,44,21,22,43,87
05/30/2018,MOT,ND,AGL,CE,Federal Contract Tower,2,12,20,2,36,0,1,5,0,6,2,13,25,2,42,16,58,74,116
05/31/2018,MOT,ND,AGL,CE,Federal Contract Tower,4,25,23,0,52,0,0,9,0,9,4,25,32,0,61,48,2,50,111
06/01/2018,MOT,ND,AGL,CE,Federal Contract Tower,2,18,11,0,31,0,0,3,0,3,2,18,14,0,34,0,4,4,38
06/02/2018,MOT,ND,AGL,CE,Federal Contract Tower,4,15,3,0,22,0,0,3,0,3,4,15,6,0,25,0,0,0,25
06/03/2018,MOT,ND,AGL,CE,Federal Contract Tower,4,11,1,0,16,0,4,13,0,17,4,15,14,0,33,69,0,69,102
06/04/2018,MOT,ND,AGL,CE,Federal Contract Tower,4,16,2,2,24,0,0,33,0,33,4,16,35,2,57,56,4,60,117
06/05/2018,MOT,ND,AGL,CE,Federal Contract Tower,2,22,14,0,38,0,0,14,0,14,2,22,28,0,52,65,0,65,117
06/06/2018,MOT,ND,AGL,CE,Federal Contract Tower,2,17,10,0,29,0,0,25,0,25,2,17,35,0,54,72,0,72,126
06/07/2018,MOT,ND,AGL,CE,Federal Contract Tower,4,24,16,0,44,0,0,13,0,13,4,24,29,0,57,19,0,19,76
06/08/2018,MOT,ND,AGL,CE,Federal Contract Tower,5,17,8,0,30,0,0,45,0,45,5,17,53,0,75,20,14,34,109
06/09/2018,MOT,ND,AGL,CE,Federal Contract Tower,2,25,21,0,48,0,7,42,0,49,2,32,63,0,97,0,0,0,97
06/10/2018,MOT,ND,AGL,CE,Federal Contract Tower,3,13,13,0,29,0,0,12,0,12,3,13,25,0,41,0,0,0,41
06/11/2018,MOT,ND,AGL,CE,Federal Contract Tower,8,16,15,0,39,0,11,26,0,37,8,27,41,0,76,50,24,74,150
06/12/2018,MOT,ND,AGL,CE,Federal Contract Tower,7,17,15,0,39,0,0,19,0,19,7,17,34,0,58,28,8,36,94
06/13/2018,MOT,ND,AGL,CE,Federal Contract Tower,6,16,11,0,33,0,23,19,4,46,6,39,30,4,79,4,4,8,87
06/14/2018,MOT,ND,AGL,CE,Federal Contract Tower,9,26,13,0,48,0,4,24,0,28,9,30,37,0,76,38,4,42,118
06/15/2018,MOT,ND,AGL,CE,Federal Contract Tower,5,20,5,0,30,0,3,36,0,39,5,23,41,0,69,98,8,106,175
06/16/2018,MOT,ND,AGL,CE,Federal Contract Tower,2,17,5,0,24,0,0,7,0,7,2,17,12,0,31,12,0,12,43
06/17/2018,MOT,ND,AGL,CE,Federal Contract Tower,4,14,10,0,28,0,2,50,0,52,4,16,60,0,80,26,0,26,106
06/18/2018,MOT,ND,AGL,CE,Federal Contract Tower,7,20,19,1,47,0,0,24,0,24,7,20,43,1,71,60,2,62,133
06/19/2018,MOT,ND,AGL,CE,Federal Contract Tower,10,18,17,0,45,0,6,23,0,29,10,24,40,0,74,70,2,72,146
06/20/2018,MOT,ND,AGL,CE,Federal Contract Tower,6,20,10,3,39,0,18,28,8,54,6,38,38,11,93,74,6,80,173
06/21/2018,MOT,ND,AGL,CE,Federal Contract Tower,10,20,17,3,50,0,6,22,0,28,10,26,39,3,78,42,4,46,124
06/22/2018,MOT,ND,AGL,CE,Federal Contract Tower,5,23,7,0,35,0,6,48,0,54,5,29,55,0,89,38,0,38,127
06/23/2018,MOT,ND,AGL,CE,Federal Contract Tower,8,15,7,0,30,0,3,32,0,35,8,18,39,0,65,35,0,35,100
06/24/2018,MOT,ND,AGL,CE,Federal Contract Tower,4,11,3,0,18,0,0,40,0,40,4,11,43,0,58,41,0,41,99
06/25/2018,MOT,ND,AGL,CE,Federal Contract Tower,6,12,15,0,33,0,0,21,8,29,6,12,36,8,62,54,0,54,116
06/26/2018,MOT,ND,AGL,CE,Federal Contract Tower,6,18,19,0,43,0,4,61,2,67,6,22,80,2,110,20,14,34,144
06/27/2018,MOT,ND,AGL,CE,Federal Contract Tower,6,15,19,0,40,0,0,71,0,71,6,15,90,0,111,59,0,59,170
06/28/2018,MOT,ND,AGL,CE,Federal Contract Tower,10,14,18,0,42,0,4,71,0,75,10,18,89,0,117,30,0,30,147
06/29/2018,MOT,ND,AGL,CE,Federal Contract Tower,6,17,20,0,43,0,3,39,0,42,6,20,59,0,85,42,0,42,127
06/30/2018,MOT,ND,AGL,CE,Federal Contract Tower,5,15,9,0,29,0,14,69,0,83,5,29,78,0,112,45,0,45,157
07/01/2018,MOT,ND,AGL,CE,Federal Contract Tower,9,8,0,0,17,0,0,41,0,41,9,8,41,0,58,34,0,34,92
07/02/2018,MOT,ND,AGL,CE,Federal Contract Tower,10,11,5,0,26,0,0,84,4,88,10,11,89,4,114,60,10,70,184
07/03/2018,MOT,ND,AGL,CE,Federal Contract Tower,6,17,8,0,31,0,7,49,0,56,6,24,57,0,87,20,0,20,107
07/04/2018,MOT,ND,AGL,CE,Federal Contract Tower,6,3,5,0,14,0,2,33,0,35,6,5,38,0,49,26,0,26,75
07/05/2018,MOT,ND,AGL,CE,Federal Contract Tower,8,15,8,2,33,0,4,65,2,71,8,19,73,4,104,38,0,38,142
07/06/2018,MOT,ND,AGL,CE,Federal Contract Tower,6,20,1,0,27,0,5,41,6,52,6,25,42,6,79,30,6,36,115
07/07/2018,MOT,ND,AGL,CE,Federal Contract Tower,7,15,4,0,26,0,0,60,0,60,7,15,64,0,86,8,0,8,94
07/08/2018,MOT,ND,AGL,CE,Federal Contract Tower,2,10,6,2,20,0,9,39,0,48,2,19,45,2,68,34,0,34,102
07/09/2018,MOT,ND,AGL,CE,Federal Contract Tower,2,21,7,0,30,0,4,42,0,46,2,25,49,0,76,10,2,12,88
07/10/2018,MOT,ND,AGL,CE,Federal Contract Tower,2,19,7,0,28,0,6,26,0,32,2,25,33,0,60,26,0,26,86
07/11/2018,MOT,ND,AGL,CE,Federal Contract Tower,2,20,16,0,38,0,3,25,0,28,2,23,41,0,66,6,0,6,72
07/12/2018,MOT,ND,AGL,CE,Federal Contract Tower,6,24,15,0,45,0,10,40,2,52,6,34,55,2,97,25,2,27,124
07/13/2018,MOT,ND,AGL,CE,Federal Contract Tower,2,24,3,0,29,0,3,36,0,39,2,27,39,0,68,81,8,89,157
07/14/2018,MOT,ND,AGL,CE,Federal Contract Tower,4,23,5,0,32,0,0,22,0,22,4,23,27,0,54,26,0,26,80
07/15/2018,MOT,ND,AGL,CE,Federal Contract Tower,2,12,13,0,27,0,7,33,0,40,2,19,46,0,67,52,0,52,119
07/16/2018,MOT,ND,AGL,CE,Federal Contract Tower,5,19,8,2,34,0,0,39,0,39,5,19,47,2,73,42,0,42,115
07/17/2018,MOT,ND,AGL,CE,Federal Contract Tower,1,18,17,2,38,0,0,30,0,30,1,18,47,2,68,4,12,16,84
07/18/2018,MOT,ND,AGL,CE,Federal Contract Tower,2,22,18,2,44,0,9,20,0,29,2,31,38,2,73,23,28,51,124
07/19/2018,MOT,ND,AGL,CE,Federal Contract Tower,5,33,25,0,63,0,0,34,0,34,5,33,59,0,97,36,6,42,139
07/20/2018,MOT,ND,AGL,CE,Federal Contract Tower,2,27,12,0,41,0,5,39,2,46,2,32,51,2,87,48,6,54,141
07/21/2018,MOT,ND,AGL,CE,Federal Contract Tower,2,17,7,0,26,0,4,29,0,33,2,21,36,0,59,22,0,22,81
07/22/2018,MOT,ND,AGL,CE,Federal Contract Tower,2,14,12,0,28,0,2,26,0,28,2,16,38,0,56,12,0,12,68
07/23/2018,MOT,ND,AGL,CE,Federal Contract Tower,4,21,14,0,39,0,12,14,4,30,4,33,28,4,69,2,4,6,75
07/24/2018,MOT,ND,AGL,CE,Federal Contract Tower,2,24,19,0,45,0,0,35,0,35,2,24,54,0,80,6,2,8,88
07/25/2018,MOT,ND,AGL,CE,Federal Contract Tower,2,29,26,1,58,0,1,17,1,19,2,30,43,2,77,0,28,28,105
07/26/2018,MOT,ND,AGL,CE,Federal Contract Tower,6,22,15,2,45,0,6,19,0,25,6,28,34,2,70,12,0,12,82
07/27/2018,MOT,ND,AGL,CE,Federal Contract Tower,2,22,15,0,39,0,12,37,0,49,2,34,52,0,88,16,2,18,106
07/28/2018,MOT,ND,AGL,CE,Federal Contract Tower,2,19,4,0,25,0,5,33,0,38,2,24,37,0,63,22,0,22,85
07/29/2018,MOT,ND,AGL,CE,Federal Contract Tower,2,17,5,0,24,0,0,32,0,32,2,17,37,0,56,0,0,0,56
07/30/2018,MOT,ND,AGL,CE,Federal Contract Tower,3,19,10,0,32,0,4,24,0,28,3,23,34,0,60,8,0,8,68
07/31/2018,MOT,ND,AGL,CE,Federal Contract Tower,2,20,27,0,49,0,2,19,0,21,2,22,46,0,70,15,0,15,85
08/01/2018,MOT,ND,AGL,CE,Federal Contract Tower,2,18,15,0,35,0,8,29,0,37,2,26,44,0,72,4,8,12,84
08/02/2018,MOT,ND,AGL,CE,Federal Contract Tower,6,23,2,2,33,0,0,28,8,36,6,23,30,10,69,28,26,54,123
08/03/2018,MOT,ND,AGL,CE,Federal Contract Tower,1,17,11,0,29,0,5,43,1,49,1,22,54,1,78,22,2,24,102
08/04/2018,MOT,ND,AGL,CE,Federal Contract Tower,2,17,3,0,22,0,1,22,0,23,2,18,25,0,45,60,0,60,105
08/05/2018,MOT,ND,AGL,CE,Federal Contract Tower,2,13,7,0,22,0,7,19,0,26,2,20,26,0,48,26,0,26,74
08/06/2018,MOT,ND,AGL,CE,Federal Contract Tower,4,17,10,0,31,0,0,23,0,23,4,17,33,0,54,56,8,64,118
08/07/2018,MOT,ND,AGL,CE,Federal Contract Tower,2,20,13,0,35,0,9,13,3,25,2,29,26,3,60,48,18,66,126
08/08/2018,MOT,ND,AGL,CE,Federal Contract Tower,2,24,6,0,32,0,0,23,0,23,2,24,29,0,55,26,12,38,93
08/09/2018,MOT,ND,AGL,CE,Federal Contract Tower,6,21,14,0,41,0,0,32,6,38,6,21,46,6,79,36,6,42,121
08/10/2018,MOT,ND,AGL,CE,Federal Contract Tower,2,22,7,0,31,0,8,27,0,35,2,30,34,0,66,38,0,38,104
08/11/2018,MOT,ND,AGL,CE,Federal Contract Tower,2,19,7,0,28,0,3,11,0,14,2,22,18,0,42,54,0,54,96
08/12/2018,MOT,ND,AGL,CE,Federal Contract Tower,2,12,11,0,25,0,0,9,0,9,2,12,20,0,34,0,0,0,34
08/13/2018,MOT,ND,AGL,CE,Federal Contract Tower,4,15,9,0,28,0,0,16,0,16,4,15,25,0,44,17,0,17,61
08/14/2018,MOT,ND,AGL,CE,Federal Contract Tower,2,27,20,3,52,0,6,38,0,44,2,33,58,3,96,31,6,37,133
08/15/2018,MOT,ND,AGL,CE,Federal Contract Tower,4,19,16,0,39,0,9,11,2,22,4,28,27,2,61,25,28,53,114
08/16/2018,MOT,ND,AGL,CE,Federal Contract Tower,6,19,18,0,43,0,0,36,2,38,6,19,54,2,81,50,0,50,131
08/17/2018,MOT,ND,AGL,CE,Federal Contract Tower,2,16,14,0,32,0,0,11,4,15,2,16,25,4,47,12,0,12,59
08/18/2018,MOT,ND,AGL,CE,Federal Contract Tower,0,28,5,0,33,0,4,19,0,23,0,32,24,0,56,28,0,28,84
08/19/2018,MOT,ND,AGL,CE,Federal Contract Tower,2,10,10,2,24,0,1,32,0,33,2,11,42,2,57,46,0,46,103
08/20/2018,MOT,ND,AGL,CE,Federal Contract Tower,1,20,13,0,34,0,4,20,1,25,1,24,33,1,59,28,19,47,106
08/21/2018,MOT,ND,AGL,CE,Federal Contract Tower,2,22,21,0,45,0,6,29,1,36,2,28,50,1,81,16,24,40,121
08/22/2018,MOT,ND,AGL,CE,Federal Contract Tower,2,20,20,0,42,0,8,21,0,29,2,28,41,0,71,0,10,10,81
08/23/2018,MOT,ND,AGL,CE,Federal Contract Tower,6,22,28,0,56,0,0,17,0,17,6,22,45,0,73,0,10,10,83
08/24/2018,MOT,ND,AGL,CE,Federal Contract Tower,3,18,15,0,36,0,4,14,0,18,3,22,29,0,54,12,2,14,68
08/25/2018,MOT,ND,AGL,CE,Federal Contract Tower,0,16,16,0,32,0,6,14,0,20,0,22,30,0,52,14,0,14,66
08/26/2018,MOT,ND,AGL,CE,Federal Contract Tower,2,11,7,0,20,0,3,10,0,13,2,14,17,0,33,10,0,10,43
08/27/2018,MOT,ND,AGL,CE,Federal Contract Tower,4,19,21,0,44,0,0,4,0,4,4,19,25,0,48,12,6,18,66
08/28/2018,MOT,ND,AGL,CE,Federal Contract Tower,2,17,27,0,46,0,2,3,0,5,2,19,30,0,51,26,4,30,81
08/29/2018,MOT,ND,AGL,CE,Federal Contract Tower,2,13,22,0,37,0,0,14,0,14,2,13,36,0,51,38,10,48,99
08/30/2018,MOT,ND,AGL,CE,Federal Contract Tower,6,20,11,2,39,0,8,13,0,21,6,28,24,2,60,53,0,53,113
08/31/2018,MOT,ND,AGL,CE,Federal Contract Tower,2,15,18,0,35,0,0,17,0,17,2,15,35,0,52,34,0,34,86
09/01/2018,MOT,ND,AGL,CE,Federal Contract Tower,0,18,5,0,23,0,0,15,0,15,0,18,20,0,38,44,0,44,82
09/02/2018,MOT,ND,AGL,CE,Federal Contract Tower,4,8,6,0,18,0,6,17,0,23,4,14,23,0,41,22,0,22,63
09/03/2018,MOT,ND,AGL,CE,Federal Contract Tower,2,8,5,0,15,0,0,18,0,18,2,8,23,0,33,13,0,13,46
09/04/2018,MOT,ND,AGL,CE,Federal Contract Tower,0,14,15,2,31,0,0,16,0,16,0,14,31,2,47,16,0,16,63
09/05/2018,MOT,ND,AGL,CE,Federal Contract Tower,0,17,20,2,39,0,5,25,0,30,0,22,45,2,69,71,5,76,145
09/06/2018,MOT,ND,AGL,CE,Federal Contract Tower,5,17,8,1,31,0,0,12,1,13,5,17,20,2,44,60,16,76,120
09/07/2018,MOT,ND,AGL,CE,Federal Contract Tower,0,19,7,0,26,0,10,19,0,29,0,29,26,0,55,50,4,54,109
09/08/2018,MOT,ND,AGL,CE,Federal Contract Tower,0,14,5,0,19,0,7,6,0,13,0,21,11,0,32,2,0,2,34
09/09/2018,MOT,ND,AGL,CE,Federal Contract Tower,2,8,6,0,16,0,0,19,0,19,2,8,25,0,35,10,0,10,45
09/10/2018,MOT,ND,AGL,CE,Federal Contract Tower,2,15,14,0,31,0,6,25,0,31,2,21,39,0,62,102,0,102,164
09/11/2018,MOT,ND,AGL,CE,Federal Contract Tower,0,23,16,0,39,0,0,13,4,17,0,23,29,4,56,60,2,62,118
09/12/2018,MOT,ND,AGL,CE,Federal Contract Tower,0,20,13,0,33,0,1,10,0,11,0,21,23,0,44,11,6,17,61
09/13/2018,MOT,ND,AGL,CE,Federal Contract Tower,6,26,32,2,66,0,1,18,0,19,6,27,50,2,85,36,0,36,121
09/14/2018,MOT,ND,AGL,CE,Federal Contract Tower,0,21,12,0,33,0,0,13,0,13,0,21,25,0,46,85,6,91,137
09/15/2018,MOT,ND,AGL,CE,Federal Contract Tower,0,20,6,0,26,0,2,5,0,7,0,22,11,0,33,0,0,0,33
09/16/2018,MOT,ND,AGL,CE,Federal Contract Tower,4,9,17,0,30,0,4,0,0,4,4,13,17,0,34,0,0,0,34
09/17/2018,MOT,ND,AGL,CE,Federal Contract Tower,2,22,11,0,35,0,2,12,0,14,2,24,23,0,49,10,2,12,61
09/18/2018,MOT,ND,AGL,CE,Federal Contract Tower,0,23,34,0,57,0,0,25,0,25,0,23,59,0,82,78,4,82,164
09/19/2018,MOT,ND,AGL,CE,Federal Contract Tower,0,21,17,0,38,0,2,25,0,27,0,23,42,0,65,67,2,69,134
09/20/2018,MOT,ND,AGL,CE,Federal Contract Tower,4,22,26,0,52,0,0,10,0,10,4,22,36,0,62,2,4,6,68
09/21/2018,MOT,ND,AGL,CE,Federal Contract Tower,0,20,21,0,41,0,0,13,0,13,0,20,34,0,54,36,0,36,90
09/22/2018,MOT,ND,AGL,CE,Federal Contract Tower,0,15,3,0,18,0,6,11,0,17,0,21,14,0,35,13,0,13,48
09/23/2018,MOT,ND,AGL,CE,Federal Contract Tower,2,9,13,0,24,0,0,0,0,0,2,9,13,0,24,0,0,0,24
09/24/2018,MOT,ND,AGL,CE,Federal Contract Tower,2,17,27,0,46,0,2,10,0,12,2,19,37,0,58,44,0,44,102
09/25/2018,MOT,ND,AGL,CE,Federal Contract Tower,0,22,16,0,38,0,1,6,0,7,0,23,22,0,45,24,0,24,69
09/26/2018,MOT,ND,AGL,CE,Federal Contract Tower,2,22,15,3,42,0,6,10,4,20,2,28,25,7,62,48,0,48,110
09/27/2018,MOT,ND,AGL,CE,Federal Contract Tower,4,25,10,0,39,0,3,6,0,9,4,28,16,0,48,31,0,31,79
09/28/2018,MOT,ND,AGL,CE,Federal Contract Tower,1,19,7,2,29,0,13,22,0,35,1,32,29,2,64,36,4,40,104
09/29/2018,MOT,ND,AGL,CE,Federal Contract Tower,0,16,6,0,22,0,4,29,0,33,0,20,35,0,55,84,0,84,139
09/30/2018,MOT,ND,AGL,CE,Federal Contract Tower,2,11,7,0,20,0,0,16,0,16,2,11,23,0,36,13,0,13,49
10/01/2018,MOT,ND,AGL,CE,Federal Contract Tower,3,23,8,0,34,0,0,3,0,3,3,23,11,0,37,6,8,14,51
10/02/2018,MOT,ND,AGL,CE,Federal Contract Tower,1,19,11,0,31,0,0,25,0,25,1,19,36,0,56,73,6,79,135
10/03/2018,MOT,ND,AGL,CE,Federal Contract Tower,1,27,13,0,41,0,0,4,0,4,1,27,17,0,45,0,0,0,45
10/04/2018,MOT,ND,AGL,CE,Federal Contract Tower,4,24,15,0,43,0,0,20,2,22,4,24,35,2,65,37,0,37,102
10/05/2018,MOT,ND,AGL,CE,Federal Contract Tower,2,17,10,0,29,0,0,0,0,0,2,17,10,0,29,0,0,0,29
10/06/2018,MOT,ND,AGL,CE,Federal Contract Tower,0,12,6,0,18,0,0,19,0,19,0,12,25,0,37,38,0,38,75
10/07/2018,MOT,ND,AGL,CE,Federal Contract Tower,3,7,7,0,17,0,0,0,0,0,3,7,7,0,17,18,0,18,35
10/08/2018,MOT,ND,AGL,CE,Federal Contract Tower,1,18,21,0,40,0,0,5,0,5,1,18,26,0,45,52,0,52,97
10/09/2018,MOT,ND,AGL,CE,Federal Contract Tower,0,20,7,0,27,0,0,1,0,1,0,20,8,0,28,24,2,26,54
10/10/2018,MOT,ND,AGL,CE,Federal Contract Tower,2,30,17,0,49,0,0,6,0,6,2,30,23,0,55,0,0,0,55
10/11/2018,MOT,ND,AGL,CE,Federal Contract Tower,4,26,20,4,54,0,5,13,0,18,4,31,33,4,72,52,0,52,124
10/12/2018,MOT,ND,AGL,CE,Federal Contract Tower,1,27,22,0,50,0,0,25,0,25,1,27,47,0,75,37,0,37,112
10/13/2018,MOT,ND,AGL,CE,Federal Contract Tower,0,14,1,0,15,0,2,2,0,4,0,16,3,0,19,0,0,0,19
10/14/2018,MOT,ND,AGL,CE,Federal Contract Tower,3,7,7,1,18,0,0,3,0,3,3,7,10,1,21,4,0,4,25
10/15/2018,MOT,ND,AGL,CE,Federal Contract Tower,2,17,13,0,32,0,2,15,0,17,2,19,28,0,49,14,2,16,65
10/16/2018,MOT,ND,AGL,CE,Federal Contract Tower,1,22,24,2,49,0,0,17,0,17,1,22,41,2,66,48,12,60,126
10/17/2018,MOT,ND,AGL,CE,Federal Contract Tower,1,20,17,2,40,0,2,35,0,37,1,22,52,2,77,58,10,68,145
10/18/2018,MOT,ND,AGL,CE,Federal Contract Tower,5,18,8,0,31,0,0,37,0,37,5,18,45,0,68,54,6,60,128
10/19/2018,MOT,ND,AGL,CE,Federal Contract Tower,1,21,11,0,33,0,6,18,0,24,1,27,29,0,57,38,40,78,135
10/20/2018,MOT,ND,AGL,CE,Federal Contract Tower,0,21,12,0,33,0,3,52,0,55,0,24,64,0,88,102,4,106,194
10/21/2018,MOT,ND,AGL,CE,Federal Contract Tower,3,6,8,0,17,0,1,35,0,36,3,7,43,0,53,12,0,12,65
10/22/2018,MOT,ND,AGL,CE,Federal Contract Tower,3,19,8,0,30,0,2,9,0,11,3,21,17,0,41,0,16,16,57
10/23/2018,MOT,ND,AGL,CE,Federal Contract Tower,4,20,17,0,41,0,4,16,0,20,4,24,33,0,61,43,2,45,106
10/24/2018,MOT,ND,AGL,CE,Federal Contract Tower,1,28,22,0,51,0,10,14,0,24,1,38,36,0,75,54,10,64,139
10/25/2018,MOT,ND,AGL,CE,Federal Contract Tower,5,21,14,0,40,0,0,16,0,16,5,21,30,0,56,18,4,22,78
10/26/2018,MOT,ND,AGL,CE,Federal Contract Tower,1,15,5,0,21,0,6,6,0,12,1,21,11,0,33,92,0,92,125
10/27/2018,MOT,ND,AGL,CE,Federal Contract Tower,2,14,3,0,19,0,1,10,0,11,2,15,13,0,30,56,0,56,86
10/28/2018,MOT,ND,AGL,CE,Federal Contract Tower,3,10,4,0,17,0,1,23,0,24,3,11,27,0,41,84,0,84,125
10/29/2018,MOT,ND,AGL,CE,Federal Contract Tower,3,19,18,0,40,0,0,6,0,6,3,19,24,0,46,7,14,21,67
10/30/2018,MOT,ND,AGL,CE,Federal Contract Tower,1,13,12,0,26,0,0,20,0,20,1,13,32,0,46,19,0,19,65
10/31/2018,MOT,ND,AGL,CE,Federal Contract Tower,3,22,21,0,46,0,7,22,0,29,3,29,43,0,75,11,0,11,86
11/01/2018,MOT,ND,AGL,CE,Federal Contract Tower,5,22,13,0,40,0,11,10,0,21,5,33,23,0,61,16,0,16,77
11/02/2018,MOT,ND,AGL,CE,Federal Contract Tower,2,16,9,0,27,0,0,0,0,0,2,16,9,0,27,0,0,0,27
11/03/2018,MOT,ND,AGL,CE,Federal Contract Tower,1,34,4,0,39,0,0,2,0,2,1,34,6,0,41,0,0,0,41
11/04/2018,MOT,ND,AGL,CE,Federal Contract Tower,3,7,6,0,16,0,3,1,0,4,3,10,7,0,20,4,0,4,24
11/05/2018,MOT,ND,AGL,CE,Federal Contract Tower,2,19,12,0,33,0,0,1,0,1,2,19,13,0,34,0,0,0,34
11/06/2018,MOT,ND,AGL,CE,Federal Contract Tower,1,21,15,0,37,0,0,1,2,3,1,21,16,2,40,0,0,0,40
11/07/2018,MOT,ND,AGL,CE,Federal Contract Tower,2,24,15,0,41,0,0,6,0,6,2,24,21,0,47,8,10,18,65
11/08/2018,MOT,ND,AGL,CE,Federal Contract Tower,5,23,19,0,47,0,0,13,2,15,5,23,32,2,62,20,0,20,82
11/09/2018,MOT,ND,AGL,CE,Federal Contract Tower,1,22,11,0,34,0,0,34,0,34,1,22,45,0,68,62,2,64,132
11/10/2018,MOT,ND,AGL,CE,Federal Contract Tower,3,17,2,0,22,0,0,0,0,0,3,17,2,0,22,0,0,0,22
11/11/2018,MOT,ND,AGL,CE,Federal Contract Tower,3,8,8,0,19,0,0,6,0,6,3,8,14,0,25,49,0,49,74
11/12/2018,MOT,ND,AGL,CE,Federal Contract Tower,3,18,17,1,39,0,0,16,0,16,3,18,33,1,55,38,0,38,93
11/13/2018,MOT,ND,AGL,CE,Federal Contract Tower,3,19,24,0,46,0,0,15,0,15,3,19,39,0,61,26,6,32,93
11/14/2018,MOT,ND,AGL,CE,Federal Contract Tower,1,18,18,0,37,0,13,16,0,29,1,31,34,0,66,33,4,37,103
11/15/2018,MOT,ND,AGL,CE,Federal Contract Tower,2,24,12,0,38,0,0,4,0,4,2,24,16,0,42,0,4,4,46
11/16/2018,MOT,ND,AGL,CE,Federal Contract Tower,5,21,4,0,30,0,0,0,0,0,5,21,4,0,30,0,0,0,30
11/17/2018,MOT,ND,AGL,CE,Federal Contract Tower,0,24,6,0,30,0,0,8,0,8,0,24,14,0,38,0,0,0,38
11/18/2018,MOT,ND,AGL,CE,Federal Contract Tower,3,8,0,0,11,0,0,9,0,9,3,8,9,0,20,12,0,12,32
11/19/2018,MOT,ND,AGL,CE,Federal Contract Tower,4,22,5,0,31,0,0,0,0,0,4,22,5,0,31,26,14,40,71
11/20/2018,MOT,ND,AGL,CE,Federal Contract Tower,5,23,5,0,33,0,5,6,1,12,5,28,11,1,45,2,41,43,88
11/21/2018,MOT,ND,AGL,CE,Federal Contract Tower,3,27,5,0,35,0,0,0,1,1,3,27,5,1,36,0,0,0,36
11/22/2018,MOT,ND,AGL,CE,Federal Contract Tower,0,10,0,0,10,0,2,6,0,8,0,12,6,0,18,7,0,7,25
11/23/2018,MOT,ND,AGL,CE,Federal Contract Tower,1,15,1,0,17,0,8,34,1,43,1,23,35,1,60,41,0,41,101
11/24/2018,MOT,ND,AGL,CE,Federal Contract Tower,4,19,3,0,26,0,1,0,0,1,4,20,3,0,27,0,0,0,27
11/25/2018,MOT,ND,AGL,CE,Federal Contract Tower,1,15,4,0,20,0,4,0,0,4,1,19,4,0,24,26,0,26,50
11/26/2018,MOT,ND,AGL,CE,Federal Contract Tower,1,21,7,0,29,0,0,14,0,14,1,21,21,0,43,47,6,53,96
11/27/2018,MOT,ND,AGL,CE,Federal Contract Tower,0,30,6,0,36,0,4,0,0,4,0,34,6,0,40,4,0,4,44
11/28/2018,MOT,ND,AGL,CE,Federal Contract Tower,0,25,10,0,35,0,5,2,0,7,0,30,12,0,42,4,0,4,46
11/29/2018,MOT,ND,AGL,CE,Federal Contract Tower,4,31,14,0,49,0,0,0,0,0,4,31,14,0,49,0,0,0,49
11/30/2018,MOT,ND,AGL,CE,Federal Contract Tower,0,2,3,0,5,0,0,0,0,0,0,2,3,0,5,0,0,0,5
12/01/2018,MOT,ND,AGL,CE,Federal Contract Tower,2,1,1,0,4,0,0,0,0,0,2,1,1,0,4,0,0,0,4
12/02/2018,MOT,ND,AGL,CE,Federal Contract Tower,4,5,4,0,13,0,0,0,0,0,4,5,4,0,13,0,0,0,13
12/03/2018,MOT,ND,AGL,CE,Federal Contract Tower,2,18,10,0,30,0,0,6,0,6,2,18,16,0,36,90,6,96,132
12/04/2018,MOT,ND,AGL,CE,Federal Contract Tower,0,24,13,0,37,0,6,17,5,28,0,30,30,5,65,24,75,99,164
12/05/2018,MOT,ND,AGL,CE,Federal Contract Tower,0,24,10,0,34,0,0,1,0,1,0,24,11,0,35,0,0,0,35
12/06/2018,MOT,ND,AGL,CE,Federal Contract Tower,5,23,12,0,40,0,0,2,1,3,5,23,14,1,43,21,34,55,98
12/07/2018,MOT,ND,AGL,CE,Federal Contract Tower,0,23,16,0,39,0,9,12,1,22,0,32,28,1,61,28,14,42,103
12/08/2018,MOT,ND,AGL,CE,Federal Contract Tower,5,13,3,0,21,0,12,0,0,12,5,25,3,0,33,6,0,6,39
12/09/2018,MOT,ND,AGL,CE,Federal Contract Tower,4,9,6,0,19,0,2,10,0,12,4,11,16,0,31,50,0,50,81
12/10/2018,MOT,ND,AGL,CE,Federal Contract Tower,2,24,7,0,33,0,5,31,0,36,2,29,38,0,69,62,6,68,137
12/11/2018,MOT,ND,AGL,CE,Federal Contract Tower,0,22,11,0,33,0,4,8,0,12,0,26,19,0,45,44,8,52,97
12/12/2018,MOT,ND,AGL,CE,Federal Contract Tower,0,30,11,0,41,0,2,10,0,12,0,32,21,0,53,24,10,34,87
12/13/2018,MOT,ND,AGL,CE,Federal Contract Tower,6,28,20,0,54,0,6,9,0,15,6,34,29,0,69,16,0,16,85
12/14/2018,MOT,ND,AGL,CE,Federal Contract Tower,0,26,4,0,30,0,4,13,0,17,0,30,17,0,47,34,22,56,103
12/15/2018,MOT,ND,AGL,CE,Federal Contract Tower,5,12,1,0,18,0,4,20,0,24,5,16,21,0,42,2,0,2,44
12/16/2018,MOT,ND,AGL,CE,Federal Contract Tower,2,9,5,0,16,0,0,13,0,13,2,9,18,0,29,34,0,34,63
12/17/2018,MOT,ND,AGL,CE,Federal Contract Tower,2,16,9,0,27,0,4,20,2,26,2,20,29,2,53,25,10,35,88
12/18/2018,MOT,ND,AGL,CE,Federal Contract Tower,1,23,8,0,32,0,16,34,0,50,1,39,42,0,82,47,8,55,137
12/19/2018,MOT,ND,AGL,CE,Federal Contract Tower,2,27,4,0,33,0,0,3,0,3,2,27,7,0,36,18,0,18,54
12/20/2018,MOT,ND,AGL,CE,Federal Contract Tower,4,30,8,0,42,0,0,20,0,20,4,30,28,0,62,70,4,74,136
12/21/2018,MOT,ND,AGL,CE,Federal Contract Tower,2,25,9,0,36,0,0,2,0,2,2,25,11,0,38,6,0,6,44
12/22/2018,MOT,ND,AGL,CE,Federal Contract Tower,5,18,2,0,25,0,0,0,0,0,5,18,2,0,25,0,0,0,25
12/23/2018,MOT,ND,AGL,CE,Federal Contract Tower,6,14,6,0,26,0,7,9,0,16,6,21,15,0,42,10,0,10,52
12/24/2018,MOT,ND,AGL,CE,Federal Contract Tower,5,17,0,0,22,0,2,2,0,4,5,19,2,0,26,0,0,0,26
12/25/2018,MOT,ND,AGL,CE,Federal Contract Tower,3,7,0,0,10,0,0,0,0,0,3,7,0,0,10,0,0,0,10
12/26/2018,MOT,ND,AGL,CE,Federal Contract Tower,4,14,3,0,21,0,0,0,0,0,4,14,3,0,21,0,0,0,21
12/27/2018,MOT,ND,AGL,CE,Federal Contract Tower,5,19,4,0,28,0,0,0,2,2,5,19,4,2,30,0,0,0,30
12/28/2018,MOT,ND,AGL,CE,Federal Contract Tower,4,20,5,0,29,0,1,5,0,6,4,21,10,0,35,0,8,8,43
12/29/2018,MOT,ND,AGL,CE,Federal Contract Tower,4,17,3,0,24,0,9,21,0,30,4,26,24,0,54,16,0,16,70
12/30/2018,MOT,ND,AGL,CE,Federal Contract Tower,5,8,1,0,14,0,0,0,0,0,5,8,1,0,14,0,0,0,14
12/31/2018,MOT,ND,AGL,CE,Federal Contract Tower,7,17,1,0,25,0,0,2,0,2,7,17,3,0,27,0,0,0,27
01/01/2019,MOT,ND,AGL,CE,Federal Contract Tower,2,8,5,0,15,0,0,0,0,0,2,8,5,0,15,0,0,0,15
01/02/2019,MOT,ND,AGL,CE,Federal Contract Tower,4,19,3,0,26,0,0,9,0,9,4,19,12,0,35,15,0,15,50
01/03/2019,MOT,ND,AGL,CE,Federal Contract Tower,5,18,15,1,39,0,6,9,2,17,5,24,24,3,56,0,14,14,70
01/04/2019,MOT,ND,AGL,CE,Federal Contract Tower,3,20,1,0,24,0,4,13,0,17,3,24,14,0,41,44,28,72,113
01/05/2019,MOT,ND,AGL,CE,Federal Contract Tower,4,13,2,0,19,0,0,0,0,0,4,13,2,0,19,0,0,0,19
01/06/2019,MOT,ND,AGL,CE,Federal Contract Tower,8,7,1,0,16,0,0,0,0,0,8,7,1,0,16,0,0,0,16
01/07/2019,MOT,ND,AGL,CE,Federal Contract Tower,5,18,7,0,30,0,6,16,0,22,5,24,23,0,52,0,14,14,66
01/08/2019,MOT,ND,AGL,CE,Federal Contract Tower,2,21,1,0,24,0,5,0,0,5,2,26,1,0,29,0,0,0,29
01/09/2019,MOT,ND,AGL,CE,Federal Contract Tower,2,16,12,2,32,0,4,18,0,22,2,20,30,2,54,14,14,28,82
01/10/2019,MOT,ND,AGL,CE,Federal Contract Tower,6,21,17,4,48,0,4,22,0,26,6,25,39,4,74,22,8,30,104
01/11/2019,MOT,ND,AGL,CE,Federal Contract Tower,2,14,12,0,28,0,4,0,0,4,2,18,12,0,32,0,8,8,40
01/12/2019,MOT,ND,AGL,CE,Federal Contract Tower,6,19,6,2,33,0,0,1,0,1,6,19,7,2,34,16,0,16,50
01/13/2019,MOT,ND,AGL,CE,Federal Contract Tower,4,8,8,0,20,0,0,26,0,26,4,8,34,0,46,34,0,34,80
01/14/2019,MOT,ND,AGL,CE,Federal Contract Tower,4,18,9,2,33,0,2,21,0,23,4,20,30,2,56,52,0,52,108
01/15/2019,MOT,ND,AGL,CE,Federal Contract Tower,2,16,10,0,28,0,0,2,0,2,2,16,12,0,30,0,0,0,30
01/16/2019,MOT,ND,AGL,CE,Federal Contract Tower,3,21,13,0,37,0,0,4,1,5,3,21,17,1,42,0,0,0,42
01/17/2019,MOT,ND,AGL,CE,Federal Contract Tower,5,20,7,0,32,0,3,10,0,13,5,23,17,0,45,6,12,18,63
01/18/2019,MOT,ND,AGL,CE,Federal Contract Tower,2,18,10,0,30,0,0,3,0,3,2,18,13,0,33,0,24,24,57
01/19/2019,MOT,ND,AGL,CE,Federal Contract Tower,5,14,0,0,19,0,1,22,0,23,5,15,22,0,42,14,0,14,56
01/20/2019,MOT,ND,AGL,CE,Federal Contract Tower,5,6,3,0,14,0,0,0,0,0,5,6,3,0,14,0,0,0,14
01/21/2019,MOT,ND,AGL,CE,Federal Contract Tower,6,15,1,0,22,0,0,1,0,1,6,15,2,0,23,0,0,0,23
01/22/2019,MOT,ND,AGL,CE,Federal Contract Tower,3,22,17,0,42,0,0,0,0,0,3,22,17,0,42,26,12,38,80
01/23/2019,MOT,ND,AGL,CE,Federal Contract Tower,2,23,10,0,35,0,0,1,0,1,2,23,11,0,36,12,2,14,50
01/24/2019,MOT,ND,AGL,CE,Federal Contract Tower,5,25,20,0,50,0,0,11,0,11,5,25,31,0,61,0,2,2,63
01/25/2019,MOT,ND,AGL,CE,Federal Contract Tower,4,15,1,1,21,0,0,5,0,5,4,15,6,1,26,7,14,21,47
01/26/2019,MOT,ND,AGL,CE,Federal Contract Tower,5,15,6,0,26,0,0,6,0,6,5,15,12,0,32,11,0,11,43
01/27/2019,MOT,ND,AGL,CE,Federal Contract Tower,3,5,0,0,8,0,0,0,0,0,3,5,0,0,8,0,0,0,8
01/28/2019,MOT,ND,AGL,CE,Federal Contract Tower,5,25,5,0,35,0,0,0,0,0,5,25,5,0,35,2,0,2,37
01/29/2019,MOT,ND,AGL,CE,Federal Contract Tower,3,16,1,0,20,0,6,0,0,6,3,22,1,0,26,0,0,0,26
01/30/2019,MOT,ND,AGL,CE,Federal Contract Tower,0,13,6,0,19,0,0,0,0,0,0,13,6,0,19,0,0,0,19
01/31/2019,MOT,ND,AGL,CE,Federal Contract Tower,3,20,7,0,30,0,0,0,0,0,3,20,7,0,30,2,0,2,32
02/01/2019,MOT,ND,AGL,CE,Federal Contract Tower,1,17,6,0,24,0,1,27,0,28,1,18,33,0,52,42,0,42,94
02/02/2019,MOT,ND,AGL,CE,Federal Contract Tower,5,15,7,0,27,0,2,1,0,3,5,17,8,0,30,28,0,28,58
02/03/2019,MOT,ND,AGL,CE,Federal Contract Tower,7,3,4,0,14,0,0,0,0,0,7,3,4,0,14,0,0,0,14
02/04/2019,MOT,ND,AGL,CE,Federal Contract Tower,4,19,0,0,23,0,0,0,0,0,4,19,0,0,23,0,0,0,23
02/05/2019,MOT,ND,AGL,CE,Federal Contract Tower,1,17,8,0,26,0,0,2,0,2,1,17,10,0,28,0,2,2,30
02/06/2019,MOT,ND,AGL,CE,Federal Contract Tower,2,14,6,0,22,0,0,2,0,2,2,14,8,0,24,6,2,8,32
02/07/2019,MOT,ND,AGL,CE,Federal Contract Tower,7,12,5,2,26,0,0,0,0,0,7,12,5,2,26,0,0,0,26
02/08/2019,MOT,ND,AGL,CE,Federal Contract Tower,4,22,2,0,28,0,0,7,2,9,4,22,9,2,37,0,0,0,37
02/09/2019,MOT,ND,AGL,CE,Federal Contract Tower,5,13,1,0,19,0,0,2,0,2,5,13,3,0,21,0,0,0,21
02/10/2019,MOT,ND,AGL,CE,Federal Contract Tower,4,7,2,0,13,0,2,1,0,3,4,9,3,0,16,0,0,0,16
02/11/2019,MOT,ND,AGL,CE,Federal Contract Tower,4,11,5,0,20,0,0,0,0,0,4,11,5,0,20,0,0,0,20
02/12/2019,MOT,ND,AGL,CE,Federal Contract Tower,3,22,5,0,30,0,0,4,0,4,3,22,9,0,34,2,0,2,36
02/13/2019,MOT,ND,AGL,CE,Federal Contract Tower,6,19,9,0,34,0,4,5,0,9,6,23,14,0,43,0,4,4,47
02/14/2019,MOT,ND,AGL,CE,Federal Contract Tower,4,23,12,0,39,0,12,4,0,16,4,35,16,0,55,0,0,0,55
02/15/2019,MOT,ND,AGL,CE,Federal Contract Tower,2,19,8,0,29,0,0,12,2,14,2,19,20,2,43,4,4,8,51
02/16/2019,MOT,ND,AGL,CE,Federal Contract Tower,6,15,3,0,24,0,0,3,0,3,6,15,6,0,27,12,0,12,39
02/17/2019,MOT,ND,AGL,CE,Federal Contract Tower,3,7,2,0,12,0,4,2,0,6,3,11,4,0,18,8,0,8,26
02/18/2019,MOT,ND,AGL,CE,Federal Contract Tower,4,20,6,0,30,0,0,9,0,9,4,20,15,0,39,0,0,0,39
02/19/2019,MOT,ND,AGL,CE,Federal Contract Tower,4,14,14,0,32,0,11,13,0,24,4,25,27,0,56,13,0,13,69
02/20/2019,MOT,ND,AGL,CE,Federal Contract Tower,10,11,8,2,31,0,0,5,2,7,10,11,13,4,38,9,4,13,51
02/21/2019,MOT,ND,AGL,CE,Federal Contract Tower,7,16,16,0,39,0,0,12,0,12,7,16,28,0,51,7,0,7,58
02/22/2019,MOT,ND,AGL,CE,Federal Contract Tower,2,18,8,0,28,0,6,21,0,27,2,24,29,0,55,32,2,34,89
02/23/2019,MOT,ND,AGL,CE,Federal Contract Tower,6,16,4,0,26,0,5,5,0,10,6,21,9,0,36,51,0,51,87
02/24/2019,MOT,ND,AGL,CE,Federal Contract Tower,4,7,3,0,14,0,0,1,0,1,4,7,4,0,15,0,0,0,15
02/25/2019,MOT,ND,AGL,CE,Federal Contract Tower,1,8,5,0,14,0,0,0,0,0,1,8,5,0,14,2,2,4,18
02/26/2019,MOT,ND,AGL,CE,Federal Contract Tower,4,14,7,0,25,0,0,0,0,0,4,14,7,0,25,2,4,6,31
02/27/2019,MOT,ND,AGL,CE,Federal Contract Tower,7,17,8,0,32,0,0,2,0,2,7,17,10,0,34,2,10,12,46
02/28/2019,MOT,ND,AGL,CE,Federal Contract Tower,6,22,7,0,35,0,10,23,0,33,6,32,30,0,68,11,12,23,91
03/01/2019,MOT,ND,AGL,CE,Federal Contract Tower,2,19,4,0,25,0,6,14,0,20,2,25,18,0,45,28,0,28,73
03/02/2019,MOT,ND,AGL,CE,Federal Contract Tower,5,15,1,0,21,0,6,5,0,11,5,21,6,0,32,10,0,10,42
03/03/2019,MOT,ND,AGL,CE,Federal Contract Tower,2,10,4,0,16,0,0,0,0,0,2,10,4,0,16,0,0,0,16
03/04/2019,MOT,ND,AGL,CE,Federal Contract Tower,3,22,11,0,36,0,0,0,0,0,3,22,11,0,36,0,0,0,36
03/05/2019,MOT,ND,AGL,CE,Federal Contract Tower,3,17,6,0,26,0,0,2,0,2,3,17,8,0,28,6,8,14,42
03/06/2019,MOT,ND,AGL,CE,Federal Contract Tower,5,19,10,0,34,0,0,7,0,7,5,19,17,0,41,23,4,27,68
03/07/2019,MOT,ND,AGL,CE,Federal Contract Tower,5,21,14,0,40,0,0,24,1,25,5,21,38,1,65,12,8,20,85
03/08/2019,MOT,ND,AGL,CE,Federal Contract Tower,1,26,6,0,33,0,6,40,0,46,1,32,46,0,79,86,0,86,165
03/09/2019,MOT,ND,AGL,CE,Federal Contract Tower,8,19,7,0,34,0,0,6,0,6,8,19,13,0,40,6,0,6,46
03/10/2019,MOT,ND,AGL,CE,Federal Contract Tower,2,12,2,0,16,0,5,7,0,12,2,17,9,0,28,25,0,25,53
03/11/2019,MOT,ND,AGL,CE,Federal Contract Tower,3,18,8,0,29,0,2,8,0,10,3,20,16,0,39,24,10,34,73
03/12/2019,MOT,ND,AGL,CE,Federal Contract Tower,2,19,12,0,33,0,21,21,0,42,2,40,33,0,75,34,0,34,109
03/13/2019,MOT,ND,AGL,CE,Federal Contract Tower,4,23,13,0,40,0,6,2,0,8,4,29,15,0,48,0,0,0,48
03/14/2019,MOT,ND,AGL,CE,Federal Contract Tower,5,19,7,1,32,0,2,2,2,6,5,21,9,3,38,0,6,6,44
03/15/2019,MOT,ND,AGL,CE,Federal Contract Tower,1,21,13,0,35,0,0,25,0,25,1,21,38,0,60,80,12,92,152
03/16/2019,MOT,ND,AGL,CE,Federal Contract Tower,7,16,6,0,29,0,0,13,0,13,7,16,19,0,42,16,0,16,58
03/17/2019,MOT,ND,AGL,CE,Federal Contract Tower,2,18,5,0,25,0,3,24,0,27,2,21,29,0,52,46,0,46,98
03/18/2019,MOT,ND,AGL,CE,Federal Contract Tower,6,17,6,0,29,0,7,5,0,12,6,24,11,0,41,8,0,8,49
03/19/2019,MOT,ND,AGL,CE,Federal Contract Tower,3,18,14,0,35,0,0,11,2,13,3,18,25,2,48,23,0,23,71
03/20/2019,MOT,ND,AGL,CE,Federal Contract Tower,5,19,9,2,35,0,0,25,0,25,5,19,34,2,60,82,0,82,142
03/21/2019,MOT,ND,AGL,CE,Federal Contract Tower,7,22,25,0,54,0,6,31,5,42,7,28,56,5,96,62,0,62,158
03/22/2019,MOT,ND,AGL,CE,Federal Contract Tower,3,24,12,0,39,0,10,27,0,37,3,34,39,0,76,38,0,38,114
03/23/2019,MOT,ND,AGL,CE,Federal Contract Tower,3,15,5,0,23,0,6,57,0,63,3,21,62,0,86,66,0,66,152
03/24/2019,MOT,ND,AGL,CE,Federal Contract Tower,2,12,3,0,17,0,6,15,0,21,2,18,18,0,38,15,0,15,53
03/25/2019,MOT,ND,AGL,CE,Federal Contract Tower,3,15,9,0,27,0,6,10,0,16,3,21,19,0,43,46,0,46,89
03/26/2019,MOT,ND,AGL,CE,Federal Contract Tower,3,24,16,0,43,0,9,9,1,19,3,33,25,1,62,28,0,28,90
03/27/2019,MOT,ND,AGL,CE,Federal Contract Tower,5,26,11,1,43,0,6,3,0,9,5,32,14,1,52,0,4,4,56
03/28/2019,MOT,ND,AGL,CE,Federal Contract Tower,5,23,10,0,38,0,0,22,0,22,5,23,32,0,60,129,0,129,189
03/29/2019,MOT,ND,AGL,CE,Federal Contract Tower,1,21,4,0,26,0,0,3,0,3,1,21,7,0,29,24,0,24,53
03/30/2019,MOT,ND,AGL,CE,Federal Contract Tower,5,16,6,0,27,0,3,27,0,30,5,19,33,0,57,98,0,98,155
03/31/2019,MOT,ND,AGL,CE,Federal Contract Tower,2,13,4,0,19,0,0,10,0,10,2,13,14,0,29,14,0,14,43
04/01/2019,MOT,ND,AGL,CE,Federal Contract Tower,3,17,9,0,29,0,4,14,0,18,3,21,23,0,47,36,4,40,87
04/02/2019,MOT,ND,AGL,CE,Federal Contract Tower,2,19,14,1,36,0,4,8,7,19,2,23,22,8,55,7,4,11,66
04/03/2019,MOT,ND,AGL,CE,Federal Contract Tower,4,17,2,0,23,0,0,18,2,20,4,17,20,2,43,104,0,104,147
04/04/2019,MOT,ND,AGL,CE,Federal Contract Tower,3,26,14,0,43,0,0,2,3,5,3,26,16,3,48,6,0,6,54
04/05/2019,MOT,ND,AGL,CE,Federal Contract Tower,2,20,28,0,50,0,0,0,0,0,2,20,28,0,50,2,0,2,52
04/06/2019,MOT,ND,AGL,CE,Federal Contract Tower,5,16,4,0,25,0,0,0,3,3,5,16,4,3,28,0,0,0,28
04/07/2019,MOT,ND,AGL,CE,Federal Contract Tower,4,13,9,0,26,0,0,5,2,7,4,13,14,2,33,18,1,19,52
04/08/2019,MOT,ND,AGL,CE,Federal Contract Tower,4,19,11,0,34,0,1,0,0,1,4,20,11,0,35,12,6,18,53
04/09/2019,MOT,ND,AGL,CE,Federal Contract Tower,2,25,9,0,36,0,0,2,0,2,2,25,11,0,38,48,2,50,88
04/10/2019,MOT,ND,AGL,CE,Federal Contract Tower,2,21,18,2,43,0,0,9,3,12,2,21,27,5,55,90,14,104,159
04/11/2019,MOT,ND,AGL,CE,Federal Contract Tower,7,14,5,0,26,0,1,10,0,11,7,15,15,0,37,31,0,31,68
04/12/2019,MOT,ND,AGL,CE,Federal Contract Tower,0,20,4,0,24,0,4,1,0,5,0,24,5,0,29,4,2,6,35
04/13/2019,MOT,ND,AGL,CE,Federal Contract Tower,3,13,2,0,18,0,5,39,0,44,3,18,41,0,62,96,0,96,158
04/14/2019,MOT,ND,AGL,CE,Federal Contract Tower,2,11,1,0,14,0,10,16,0,26,2,21,17,0,40,4,2,6,46
04/15/2019,MOT,ND,AGL,CE,Federal Contract Tower,2,23,6,0,31,0,3,18,0,21,2,26,24,0,52,42,4,46,98
04/16/2019,MOT,ND,AGL,CE,Federal Contract Tower,2,26,12,0,40,0,13,34,0,47,2,39,46,0,87,100,4,104,191
04/17/2019,MOT,ND,AGL,CE,Federal Contract Tower,3,21,10,0,34,0,1,3,0,4,3,22,13,0,38,5,2,7,45
04/18/2019,MOT,ND,AGL,CE,Federal Contract Tower,2,24,16,0,42,0,7,13,0,20,2,31,29,0,62,50,2,52,114
04/19/2019,MOT,ND,AGL,CE,Federal Contract Tower,2,22,4,0,28,0,5,15,0,20,2,27,19,0,48,6,4,10,58
04/20/2019,MOT,ND,AGL,CE,Federal Contract Tower,5,13,4,0,22,0,2,21,0,23,5,15,25,0,45,17,0,17,62
04/21/2019,MOT,ND,AGL,CE,Federal Contract Tower,2,12,4,0,18,0,6,14,0,20,2,18,18,0,38,50,0,50,88
04/22/2019,MOT,ND,AGL,CE,Federal Contract Tower,2,16,6,2,26,0,15,43,0,58,2,31,49,2,84,183,6,189,273
04/23/2019,MOT,ND,AGL,CE,Federal Contract Tower,6,25,14,0,45,0,0,5,0,5,6,25,19,0,50,2,0,2,52
04/24/2019,MOT,ND,AGL,CE,Federal Contract Tower,0,25,9,0,34,0,1,17,0,18,0,26,26,0,52,12,20,32,84
04/25/2019,MOT,ND,AGL,CE,Federal Contract Tower,4,28,11,0,43,0,4,4,0,8,4,32,15,0,51,0,0,0,51
04/26/2019,MOT,ND,AGL,CE,Federal Contract Tower,0,23,14,2,39,0,0,26,0,26,0,23,40,2,65,66,4,70,135
04/27/2019,MOT,ND,AGL,CE,Federal Contract Tower,4,15,1,0,20,0,0,4,7,11,4,15,5,7,31,10,0,10,41
04/28/2019,MOT,ND,AGL,CE,Federal Contract Tower,0,5,1,0,6,0,0,0,0,0,0,5,1,0,6,0,0,0,6
04/29/2019,MOT,ND,AGL,CE,Federal Contract Tower,4,19,6,0,29,0,0,4,0,4,4,19,10,0,33,0,10,10,43
04/30/2019,MOT,ND,AGL,CE,Federal Contract Tower,0,23,6,0,29,0,0,17,3,20,0,23,23,3,49,96,0,96,145
05/01/2019,MOT,ND,AGL,CE,Federal Contract Tower,0,25,14,0,39,0,6,4,1,11,0,31,18,1,50,22,14,36,86
05/02/2019,MOT,ND,AGL,CE,Federal Contract Tower,4,25,12,0,41,0,1,15,0,16,4,26,27,0,57,60,22,82,139
05/03/2019,MOT,ND,AGL,CE,Federal Contract Tower,0,22,17,0,39,0,3,10,0,13,0,25,27,0,52,104,4,108,160
05/04/2019,MOT,ND,AGL,CE,Federal Contract Tower,3,16,4,0,23,0,1,19,0,20,3,17,23,0,43,108,0,108,151
05/05/2019,MOT,ND,AGL,CE,Federal Contract Tower,2,11,7,0,20,0,16,24,0,40,2,27,31,0,60,40,0,40,100
05/06/2019,MOT,ND,AGL,CE,Federal Contract Tower,2,19,6,0,27,0,6,19,0,25,2,25,25,0,52,57,2,59,111
05/07/2019,MOT,ND,AGL,CE,Federal Contract Tower,0,21,13,0,34,0,0,8,0,8,0,21,21,0,42,85,0,85,127
05/08/2019,MOT,ND,AGL,CE,Federal Contract Tower,0,21,17,0,38,0,0,15,0,15,0,21,32,0,53,73,6,79,132
05/09/2019,MOT,ND,AGL,CE,Federal Contract Tower,4,24,20,0,48,0,7,28,2,37,4,31,48,2,85,147,0,147,232
05/10/2019,MOT,ND,AGL,CE,Federal Contract Tower,1,21,10,0,32,0,0,5,0,5,1,21,15,0,37,24,2,26,63
05/11/2019,MOT,ND,AGL,CE,Federal Contract Tower,4,17,12,0,33,0,1,5,0,6,4,18,17,0,39,18,0,18,57
05/12/2019,MOT,ND,AGL,CE,Federal Contract Tower,2,11,6,0,19,0,3,25,0,28,2,14,31,0,47,88,0,88,135
05/13/2019,MOT,ND,AGL,CE,Federal Contract Tower,2,16,11,0,29,0,0,32,0,32,2,16,43,0,61,53,4,57,118
05/14/2019,MOT,ND,AGL,CE,Federal Contract Tower,0,22,13,0,35,0,3,15,0,18,0,25,28,0,53,75,0,75,128
05/15/2019,MOT,ND,AGL,CE,Federal Contract Tower,0,21,11,0,32,0,0,10,0,10,0,21,21,0,42,0,4,4,46
05/16/2019,MOT,ND,AGL,CE,Federal Contract Tower,4,26,20,5,55,0,1,10,0,11,4,27,30,5,66,20,26,46,112
05/17/2019,MOT,ND,AGL,CE,Federal Contract Tower,0,19,8,0,27,0,2,1,0,3,0,21,9,0,30,21,0,21,51
05/18/2019,MOT,ND,AGL,CE,Federal Contract Tower,5,18,7,0,30,0,2,0,0,2,5,20,7,0,32,2,0,2,34
05/19/2019,MOT,ND,AGL,CE,Federal Contract Tower,2,17,6,1,26,0,0,17,0,17,2,17,23,1,43,22,0,22,65
05/20/2019,MOT,ND,AGL,CE,Federal Contract Tower,3,21,10,0,34,0,0,14,0,14,3,21,24,0,48,59,2,61,109
05/21/2019,MOT,ND,AGL,CE,Federal Contract Tower,2,22,8,0,32,0,3,16,0,19,2,25,24,0,51,28,0,28,79
05/22/2019,MOT,ND,AGL,CE,Federal Contract Tower,0,20,11,0,31,0,0,7,0,7,0,20,18,0,38,18,0,18,56
05/23/2019,MOT,ND,AGL,CE,Federal Contract Tower,4,28,14,2,48,0,5,28,5,38,4,33,42,7,86,111,20,131,217
05/24/2019,MOT,ND,AGL,CE,Federal Contract Tower,0,16,18,0,34,0,0,2,0,2,0,16,20,0,36,0,0,0,36
05/25/2019,MOT,ND,AGL,CE,Federal Contract Tower,3,13,12,0,28,0,4,47,0,51,3,17,59,0,79,11,0,11,90
05/26/2019,MOT,ND,AGL,CE,Federal Contract Tower,2,10,16,0,28,0,0,1,0,1,2,10,17,0,29,0,0,0,29
05/27/2019,MOT,ND,AGL,CE,Federal Contract Tower,2,11,11,0,24,0,3,18,0,21,2,14,29,0,45,95,0,95,140
05/28/2019,MOT,ND,AGL,CE,Federal Contract Tower,0,22,8,1,31,0,0,21,0,21,0,22,29,1,52,157,10,167,219
05/29/2019,MOT,ND,AGL,CE,Federal Contract Tower,0,19,9,2,30,0,0,24,0,24,0,19,33,2,54,46,2,48,102
05/30/2019,MOT,ND,AGL,CE,Federal Contract Tower,4,23,18,2,47,0,0,14,2,16,4,23,32,4,63,28,0,28,91
05/31/2019,MOT,ND,AGL,CE,Federal Contract Tower,4,15,7,0,26,0,1,13,0,14,4,16,20,0,40,50,0,50,90
06/01/2019,MOT,ND,AGL,CE,Federal Contract Tower,2,18,5,1,26,0,0,26,0,26,2,18,31,1,52,38,0,38,90
06/02/2019,MOT,ND,AGL,CE,Federal Contract Tower,2,10,2,1,15,0,3,33,2,38,2,13,35,3,53,10,0,10,63
06/03/2019,MOT,ND,AGL,CE,Federal Contract Tower,3,16,7,3,29,0,2,36,1,39,3,18,43,4,68,32,2,34,102
06/04/2019,MOT,ND,AGL,CE,Federal Contract Tower,0,23,7,1,31,0,1,16,1,18,0,24,23,2,49,29,3,32,81
06/05/2019,MOT,ND,AGL,CE,Federal Contract Tower,0,23,12,2,37,0,0,10,1,11,0,23,22,3,48,59,20,79,127
06/06/2019,MOT,ND,AGL,CE,Federal Contract Tower,4,24,14,2,44,0,6,27,3,36,4,30,41,5,80,112,10,122,202
06/07/2019,MOT,ND,AGL,CE,Federal Contract Tower,0,21,7,2,30,0,0,9,6,15,0,21,16,8,45,6,4,10,55
06/08/2019,MOT,ND,AGL,CE,Federal Contract Tower,5,15,9,0,29,0,0,14,0,14,5,15,23,0,43,12,0,12,55
06/09/2019,MOT,ND,AGL,CE,Federal Contract Tower,4,12,2,0,18,0,0,21,0,21,4,12,23,0,39,30,0,30,69
06/10/2019,MOT,ND,AGL,CE,Federal Contract Tower,2,23,22,0,47,0,0,22,0,22,2,23,44,0,69,105,20,125,194
06/11/2019,MOT,ND,AGL,CE,Federal Contract Tower,2,15,22,1,40,0,0,16,21,37,2,15,38,22,77,68,0,68,145
06/12/2019,MOT,ND,AGL,CE,Federal Contract Tower,2,22,5,2,31,0,4,14,0,18,2,26,19,2,49,169,0,169,218
06/13/2019,MOT,ND,AGL,CE,Federal Contract Tower,5,24,10,0,39,1,0,14,2,17,6,24,24,2,56,79,4,83,139
06/14/2019,MOT,ND,AGL,CE,Federal Contract Tower,4,24,10,0,38,0,3,9,3,15,4,27,19,3,53,54,0,54,107
06/15/2019,MOT,ND,AGL,CE,Federal Contract Tower,4,25,4,0,33,0,9,5,0,14,4,34,9,0,47,0,0,0,47
06/16/2019,MOT,ND,AGL,CE,Federal Contract Tower,4,13,13,0,30,0,6,7,0,13,4,19,20,0,43,22,0,22,65
06/17/2019,MOT,ND,AGL,CE,Federal Contract Tower,5,24,7,0,36,0,0,8,2,10,5,24,15,2,46,31,0,31,77
06/18/2019,MOT,ND,AGL,CE,Federal Contract Tower,6,24,9,0,39,0,0,5,0,5,6,24,14,0,44,64,0,64,108
06/19/2019,MOT,ND,AGL,CE,Federal Contract Tower,1,23,8,7,39,0,0,7,1,8,1,23,15,8,47,72,4,76,123
06/20/2019,MOT,ND,AGL,CE,Federal Contract Tower,3,29,6,1,39,0,6,11,0,17,3,35,17,1,56,24,4,28,84
06/21/2019,MOT,ND,AGL,CE,Federal Contract Tower,2,27,7,0,36,0,0,1,0,1,2,27,8,0,37,12,0,12,49
06/22/2019,MOT,ND,AGL,CE,Federal Contract Tower,4,18,6,0,28,0,0,5,0,5,4,18,11,0,33,11,0,11,44
06/23/2019,MOT,ND,AGL,CE,Federal Contract Tower,4,15,5,0,24,0,3,14,0,17,4,18,19,0,41,121,0,121,162
06/24/2019,MOT,ND,AGL,CE,Federal Contract Tower,3,21,0,30,54,0,0,14,0,14,3,21,14,30,68,2,2,4,72
06/25/2019,MOT,ND,AGL,CE,Federal Contract Tower,6,19,10,3,38,0,2,21,0,23,6,21,31,3,61,82,4,86,147
06/26/2019,MOT,ND,AGL,CE,Federal Contract Tower,0,25,16,0,41,0,0,13,6,19,0,25,29,6,60,190,0,190,250
06/27/2019,MOT,ND,AGL,CE,Federal Contract Tower,6,22,18,0,46,0,3,17,0,20,6,25,35,0,66,92,4,96,162
06/28/2019,MOT,ND,AGL,CE,Federal Contract Tower,1,27,15,0,43,0,0,12,2,14,1,27,27,2,57,38,0,38,95
06/29/2019,MOT,ND,AGL,CE,Federal Contract Tower,4,17,1,0,22,0,0,9,0,9,4,17,10,0,31,9,0,9,40
06/30/2019,MOT,ND,AGL,CE,Federal Contract Tower,3,19,12,0,34,0,0,32,0,32,3,19,44,0,66,70,0,70,136
07/01/2019,MOT,ND,AGL,CE,Federal Contract Tower,2,13,12,0,27,0,7,33,0,40,2,20,45,0,67,50,0,50,117
07/02/2019,MOT,ND,AGL,CE,Federal Contract Tower,2,20,18,0,40,0,9,52,0,61,2,29,70,0,101,4,25,29,130
07/03/2019,MOT,ND,AGL,CE,Federal Contract Tower,4,24,18,2,48,0,6,23,2,31,4,30,41,4,79,36,30,66,145
07/04/2019,MOT,ND,AGL,CE,Federal Contract Tower,8,10,4,1,23,1,3,46,0,50,9,13,50,1,73,435,491,926,999
07/05/2019,MOT,ND,AGL,CE,Federal Contract Tower,3,18,4,1,26,0,1,33,0,34,3,19,37,1,60,145,0,145,205
07/06/2019,MOT,ND,AGL,CE,Federal Contract Tower,4,14,2,0,20,0,1,10,0,11,4,15,12,0,31,67,0,67,98
07/07/2019,MOT,ND,AGL,CE,Federal Contract Tower,4,17,15,0,36,0,0,23,0,23,4,17,38,0,59,45,0,45,104
07/08/2019,MOT,ND,AGL,CE,Federal Contract Tower,2,21,11,0,34,0,0,24,0,24,2,21,35,0,58,98,0,98,156
07/09/2019,MOT,ND,AGL,CE,Federal Contract Tower,2,21,11,3,37,0,0,0,1,1,2,21,11,4,38,21,0,21,59
07/10/2019,MOT,ND,AGL,CE,Federal Contract Tower,1,22,24,0,47,0,6,26,1,33,1,28,50,1,80,110,6,116,196
07/11/2019,MOT,ND,AGL,CE,Federal Contract Tower,6,22,14,0,42,0,6,12,4,22,6,28,26,4,64,31,4,35,99
07/12/2019,MOT,ND,AGL,CE,Federal Contract Tower,2,22,8,0,32,0,7,24,2,33,2,29,32,2,65,184,20,204,269
07/13/2019,MOT,ND,AGL,CE,Federal Contract Tower,2,21,10,0,33,0,0,8,0,8,2,21,18,0,41,96,0,96,137
07/14/2019,MOT,ND,AGL,CE,Federal Contract Tower,3,18,9,0,30,0,0,8,0,8,3,18,17,0,38,71,0,71,109
07/15/2019,MOT,ND,AGL,CE,Federal Contract Tower,4,22,15,0,41,0,1,7,0,8,4,23,22,0,49,29,4,33,82
07/16/2019,MOT,ND,AGL,CE,Federal Contract Tower,0,29,20,0,49,0,0,21,0,21,0,29,41,0,70,81,18,99,169
07/17/2019,MOT,ND,AGL,CE,Federal Contract Tower,0,23,21,0,44,0,6,12,0,18,0,29,33,0,62,28,6,34,96
07/18/2019,MOT,ND,AGL,CE,Federal Contract Tower,7,28,16,0,51,0,1,35,0,36,7,29,51,0,87,29,8,37,124
07/19/2019,MOT,ND,AGL,CE,Federal Contract Tower,2,26,27,1,56,0,0,27,0,27,2,26,54,1,83,121,45,166,249
07/20/2019,MOT,ND,AGL,CE,Federal Contract Tower,1,23,14,5,43,0,1,16,0,17,1,24,30,5,60,54,0,54,114
07/21/2019,MOT,ND,AGL,CE,Federal Contract Tower,5,14,7,0,26,0,0,42,0,42,5,14,49,0,68,38,0,38,106
07/22/2019,MOT,ND,AGL,CE,Federal Contract Tower,3,21,16,1,41,0,0,8,0,8,3,21,24,1,49,106,4,110,159
07/23/2019,MOT,ND,AGL,CE,Federal Contract Tower,3,22,22,0,47,0,1,16,0,17,3,23,38,0,64,151,0,151,215
07/24/2019,MOT,ND,AGL,CE,Federal Contract Tower,2,23,17,0,42,0,9,8,0,17,2,32,25,0,59,23,0,23,82
07/25/2019,MOT,ND,AGL,CE,Federal Contract Tower,6,26,8,6,46,0,7,18,0,25,6,33,26,6,71,56,23,79,150
07/26/2019,MOT,ND,AGL,CE,Federal Contract Tower,2,21,11,0,34,0,0,13,0,13,2,21,24,0,47,3,0,3,50
07/27/2019,MOT,ND,AGL,CE,Federal Contract Tower,2,22,5,0,29,0,0,22,0,22,2,22,27,0,51,152,0,152,203
07/28/2019,MOT,ND,AGL,CE,Federal Contract Tower,4,20,3,0,27,0,0,11,0,11,4,20,14,0,38,25,0,25,63
07/29/2019,MOT,ND,AGL,CE,Federal Contract Tower,4,21,15,0,40,0,0,29,0,29,4,21,44,0,69,99,0,99,168
07/30/2019,MOT,ND,AGL,CE,Federal Contract Tower,6,20,7,0,33,0,6,36,0,42,6,26,43,0,75,125,0,125,200
07/31/2019,MOT,ND,AGL,CE,Federal Contract Tower,2,20,15,0,37,0,0,11,0,11,2,20,26,0,48,124,4,128,176
08/01/2019,MOT,ND,AGL,CE,Federal Contract Tower,6,22,8,0,36,0,0,15,0,15,6,22,23,0,51,39,4,43,94
08/02/2019,MOT,ND,AGL,CE,Federal Contract Tower,2,18,0,8,28,0,5,13,0,18,2,23,13,8,46,129,0,129,175
08/03/2019,MOT,ND,AGL,CE,Federal Contract Tower,5,16,9,0,30,0,0,8,0,8,5,16,17,0,38,125,0,125,163
08/04/2019,MOT,ND,AGL,CE,Federal Contract Tower,4,13,10,0,27,0,0,12,0,12,4,13,22,0,39,44,0,44,83
08/05/2019,MOT,ND,AGL,CE,Federal Contract Tower,5,13,5,0,23,0,8,12,0,20,5,21,17,0,43,68,46,114,157
08/06/2019,MOT,ND,AGL,CE,Federal Contract Tower,2,26,17,0,45,0,1,30,0,31,2,27,47,0,76,121,2,123,199
08/07/2019,MOT,ND,AGL,CE,Federal Contract Tower,2,19,20,0,41,0,0,12,0,12,2,19,32,0,53,55,2,57,110
08/08/2019,MOT,ND,AGL,CE,Federal Contract Tower,6,29,0,6,41,0,0,24,0,24,6,29,24,6,65,172,4,176,241
08/09/2019,MOT,ND,AGL,CE,Federal Contract Tower,2,20,6,0,28,0,1,9,0,10,2,21,15,0,38,143,0,143,181
08/10/2019,MOT,ND,AGL,CE,Federal Contract Tower,5,16,6,0,27,0,0,2,0,2,5,16,8,0,29,16,0,16,45
08/11/2019,MOT,ND,AGL,CE,Federal Contract Tower,2,17,11,0,30,0,1,6,0,7,2,18,17,0,37,90,0,90,127
08/12/2019,MOT,ND,AGL,CE,Federal Contract Tower,3,18,11,2,34,0,0,1,0,1,3,18,12,2,35,6,0,6,41
08/13/2019,MOT,ND,AGL,CE,Federal Contract Tower,4,21,20,0,45,0,0,7,0,7,4,21,27,0,52,57,8,65,117
08/14/2019,MOT,ND,AGL,CE,Federal Contract Tower,2,20,13,1,36,0,7,12,0,19,2,27,25,1,55,149,26,175,230
08/15/2019,MOT,ND,AGL,CE,Federal Contract Tower,6,24,14,0,44,0,3,9,0,12,6,27,23,0,56,40,2,42,98
08/16/2019,MOT,ND,AGL,CE,Federal Contract Tower,2,19,4,3,28,0,0,16,0,16,2,19,20,3,44,169,17,186,230
08/17/2019,MOT,ND,AGL,CE,Federal Contract Tower,3,14,19,0,36,0,1,3,0,4,3,15,22,0,40,24,0,24,64
08/18/2019,MOT,ND,AGL,CE,Federal Contract Tower,4,11,8,0,23,0,8,14,0,22,4,19,22,0,45,70,0,70,115
08/19/2019,MOT,ND,AGL,CE,Federal Contract Tower,4,14,8,4,30,0,0,14,0,14,4,14,22,4,44,107,14,121,165
08/20/2019,MOT,ND,AGL,CE,Federal Contract Tower,2,16,9,0,27,0,0,23,0,23,2,16,32,0,50,98,8,106,156
08/21/2019,MOT,ND,AGL,CE,Federal Contract Tower,4,21,24,0,49,0,0,23,0,23,4,21,47,0,72,142,10,152,224
08/22/2019,MOT,ND,AGL,CE,Federal Contract Tower,6,26,18,0,50,0,4,10,0,14,6,30,28,0,64,13,2,15,79
08/23/2019,MOT,ND,AGL,CE,Federal Contract Tower,1,22,13,0,36,0,0,1,1,2,1,22,14,1,38,2,0,2,40
08/24/2019,MOT,ND,AGL,CE,Federal Contract Tower,4,14,4,0,22,0,1,8,0,9,4,15,12,0,31,80,0,80,111
08/25/2019,MOT,ND,AGL,CE,Federal Contract Tower,2,13,15,0,30,0,0,10,0,10,2,13,25,0,40,66,0,66,106
08/26/2019,MOT,ND,AGL,CE,Federal Contract Tower,4,15,7,0,26,0,0,7,0,7,4,15,14,0,33,20,6,26,59
08/27/2019,MOT,ND,AGL,CE,Federal Contract Tower,2,20,16,0,38,0,4,12,0,16,2,24,28,0,54,2,0,2,56
08/28/2019,MOT,ND,AGL,CE,Federal Contract Tower,1,21,17,0,39,0,7,35,0,42,1,28,52,0,81,96,25,121,202
08/29/2019,MOT,ND,AGL,CE,Federal Contract Tower,4,24,10,0,38,0,3,16,0,19,4,27,26,0,57,66,0,66,123
08/30/2019,MOT,ND,AGL,CE,Federal Contract Tower,2,23,13,0,38,0,4,13,0,17,2,27,26,0,55,100,0,100,155
08/31/2019,MOT,ND,AGL,CE,Federal Contract Tower,1,15,8,0,24,0,0,12,0,12,1,15,20,0,36,72,0,72,108
09/01/2019,MOT,ND,AGL,CE,Federal Contract Tower,5,7,14,0,26,0,0,11,0,11,5,7,25,0,37,13,0,13,50
09/02/2019,MOT,ND,AGL,CE,Federal Contract Tower,4,7,5,1,17,0,0,0,0,0,4,7,5,1,17,0,0,0,17
09/03/2019,MOT,ND,AGL,CE,Federal Contract Tower,2,14,15,1,32,0,1,8,0,9,2,15,23,1,41,55,4,59,100
09/04/2019,MOT,ND,AGL,CE,Federal Contract Tower,2,20,24,0,46,0,0,11,0,11,2,20,35,0,57,71,4,75,132
09/05/2019,MOT,ND,AGL,CE,Federal Contract Tower,7,20,18,0,45,4,2,6,0,12,11,22,24,0,57,116,0,116,173
09/06/2019,MOT,ND,AGL,CE,Federal Contract Tower,2,18,12,0,32,0,3,63,4,70,2,21,75,4,102,152,6,158,260
09/07/2019,MOT,ND,AGL,CE,Federal Contract Tower,1,17,7,0,25,0,0,6,0,6,1,17,13,0,31,0,0,0,31
09/08/2019,MOT,ND,AGL,CE,Federal Contract Tower,2,10,6,0,18,0,0,5,0,5,2,10,11,0,23,65,4,69,92
09/09/2019,MOT,ND,AGL,CE,Federal Contract Tower,6,22,15,0,43,0,0,0,0,0,6,22,15,0,43,0,0,0,43
09/10/2019,MOT,ND,AGL,CE,Federal Contract Tower,2,20,14,0,36,0,3,5,0,8,2,23,19,0,44,51,4,55,99
09/11/2019,MOT,ND,AGL,CE,Federal Contract Tower,2,24,16,0,42,0,2,0,0,2,2,26,16,0,44,6,0,6,50
09/12/2019,MOT,ND,AGL,CE,Federal Contract Tower,6,21,9,0,36,0,0,0,0,0,6,21,9,0,36,0,0,0,36
09/13/2019,MOT,ND,AGL,CE,Federal Contract Tower,2,17,8,0,27,0,0,8,4,12,2,17,16,4,39,95,23,118,157
09/14/2019,MOT,ND,AGL,CE,Federal Contract Tower,1,18,7,0,26,0,6,31,0,37,1,24,38,0,63,112,2,114,177
09/15/2019,MOT,ND,AGL,CE,Federal Contract Tower,2,9,12,0,23,0,6,25,0,31,2,15,37,0,54,114,2,116,170
09/16/2019,MOT,ND,AGL,CE,Federal Contract Tower,6,15,21,0,42,0,0,24,3,27,6,15,45,3,69,110,0,110,179
09/17/2019,MOT,ND,AGL,CE,Federal Contract Tower,4,24,16,0,44,0,0,19,0,19,4,24,35,0,63,36,2,38,101
09/18/2019,MOT,ND,AGL,CE,Federal Contract Tower,2,21,13,1,37,0,0,7,1,8,2,21,20,2,45,17,11,28,73
09/19/2019,MOT,ND,AGL,CE,Federal Contract Tower,6,20,19,0,45,0,0,11,0,11,6,20,30,0,56,25,0,25,81
09/20/2019,MOT,ND,AGL,CE,Federal Contract Tower,4,25,23,0,52,0,0,0,0,0,4,25,23,0,52,6,0,6,58
09/21/2019,MOT,ND,AGL,CE,Federal Contract Tower,1,14,8,1,24,0,0,1,1,2,1,14,9,2,26,0,4,4,30
09/22/2019,MOT,ND,AGL,CE,Federal Contract Tower,2,9,19,0,30,0,3,15,0,18,2,12,34,0,48,80,0,80,128
09/23/2019,MOT,ND,AGL,CE,Federal Contract Tower,6,15,12,0,33,0,0,8,2,10,6,15,20,2,43,72,6,78,121
09/24/2019,MOT,ND,AGL,CE,Federal Contract Tower,2,21,8,0,31,0,2,11,0,13,2,23,19,0,44,2,8,10,54
09/25/2019,MOT,ND,AGL,CE,Federal Contract Tower,1,23,18,0,42,0,0,4,0,4,1,23,22,0,46,0,6,6,52
09/26/2019,MOT,ND,AGL,CE,Federal Contract Tower,6,22,8,0,36,0,10,18,0,28,6,32,26,0,64,0,0,0,64
09/27/2019,MOT,ND,AGL,CE,Federal Contract Tower,2,22,21,0,45,0,6,10,0,16,2,28,31,0,61,29,0,29,90
09/28/2019,MOT,ND,AGL,CE,Federal Contract Tower,1,14,7,0,22,0,0,5,0,5,1,14,12,0,27,32,0,32,59
09/29/2019,MOT,ND,AGL,CE,Federal Contract Tower,2,12,3,0,17,0,0,0,0,0,2,12,3,0,17,0,0,0,17
09/30/2019,MOT,ND,AGL,CE,Federal Contract Tower,6,17,7,0,30,0,0,1,0,1,6,17,8,0,31,0,0,0,31
10/01/2019,MOT,ND,AGL,CE,Federal Contract Tower,3,19,19,0,41,0,0,6,0,6,3,19,25,0,47,10,6,16,63
10/02/2019,MOT,ND,AGL,CE,Federal Contract Tower,2,26,12,0,40,0,0,3,0,3,2,26,15,0,43,2,8,10,53
10/03/2019,MOT,ND,AGL,CE,Federal Contract Tower,5,27,16,0,48,0,3,2,0,5,5,30,18,0,53,38,10,48,101
10/04/2019,MOT,ND,AGL,CE,Federal Contract Tower,4,13,18,0,35,0,3,5,0,8,4,16,23,0,43,4,36,40,83
10/05/2019,MOT,ND,AGL,CE,Federal Contract Tower,1,20,5,0,26,0,0,1,0,1,1,20,6,0,27,0,0,0,27
10/06/2019,MOT,ND,AGL,CE,Federal Contract Tower,3,10,9,0,22,0,0,10,0,10,3,10,19,0,32,0,0,0,32
10/07/2019,MOT,ND,AGL,CE,Federal Contract Tower,8,12,9,4,33,0,6,18,0,24,8,18,27,4,57,36,4,40,97
10/08/2019,MOT,ND,AGL,CE,Federal Contract Tower,4,22,9,0,35,0,0,27,0,27,4,22,36,0,62,70,0,70,132
10/09/2019,MOT,ND,AGL,CE,Federal Contract Tower,2,20,10,0,32,0,0,0,0,0,2,20,10,0,32,0,0,0,32
10/10/2019,MOT,ND,AGL,CE,Federal Contract Tower,8,29,5,0,42,0,0,0,2,2,8,29,5,2,44,4,0,4,48
10/11/2019,MOT,ND,AGL,CE,Federal Contract Tower,4,21,5,0,30,0,0,0,0,0,4,21,5,0,30,0,4,4,34
10/12/2019,MOT,ND,AGL,CE,Federal Contract Tower,0,3,2,0,5,0,0,0,0,0,0,3,2,0,5,0,0,0,5
10/13/2019,MOT,ND,AGL,CE,Federal Contract Tower,4,9,3,0,16,0,6,10,0,16,4,15,13,0,32,35,0,35,67
10/14/2019,MOT,ND,AGL,CE,Federal Contract Tower,6,17,4,0,27,0,0,18,0,18,6,17,22,0,45,57,0,57,102
10/15/2019,MOT,ND,AGL,CE,Federal Contract Tower,2,23,16,0,41,0,2,7,0,9,2,25,23,0,50,19,44,63,113
10/16/2019,MOT,ND,AGL,CE,Federal Contract Tower,4,18,23,0,45,0,0,4,0,4,4,18,27,0,49,30,10,40,89
10/17/2019,MOT,ND,AGL,CE,Federal Contract Tower,6,23,10,2,41,0,6,29,0,35,6,29,39,2,76,81,0,81,157
10/18/2019,MOT,ND,AGL,CE,Federal Contract Tower,2,18,3,0,23,0,4,13,0,17,2,22,16,0,40,50,0,50,90
10/19/2019,MOT,ND,AGL,CE,Federal Contract Tower,3,19,13,0,35,0,2,24,0,26,3,21,37,0,61,59,0,59,120
10/20/2019,MOT,ND,AGL,CE,Federal Contract Tower,2,9,17,0,28,0,1,14,0,15,2,10,31,0,43,132,0,132,175
10/21/2019,MOT,ND,AGL,CE,Federal Contract Tower,4,18,12,0,34,0,3,6,0,9,4,21,18,0,43,13,4,17,60
10/22/2019,MOT,ND,AGL,CE,Federal Contract Tower,2,25,18,0,45,0,4,20,0,24,2,29,38,0,69,13,24,37,106
10/23/2019,MOT,ND,AGL,CE,Federal Contract Tower,4,20,15,0,39,0,6,6,0,12,4,26,21,0,51,48,4,52,103
10/24/2019,MOT,ND,AGL,CE,Federal Contract Tower,4,27,12,0,43,0,5,21,0,26,4,32,33,0,69,94,2,96,165
10/25/2019,MOT,ND,AGL,CE,Federal Contract Tower,2,23,22,0,47,0,5,18,0,23,2,28,40,0,70,47,0,47,117
10/26/2019,MOT,ND,AGL,CE,Federal Contract Tower,2,21,5,0,28,0,3,1,0,4,2,24,6,0,32,0,0,0,32
10/27/2019,MOT,ND,AGL,CE,Federal Contract Tower,0,18,6,0,24,0,0,1,0,1,0,18,7,0,25,8,0,8,33
10/28/2019,MOT,ND,AGL,CE,Federal Contract Tower,6,13,9,0,28,0,0,6,0,6,6,13,15,0,34,5,4,9,43
10/29/2019,MOT,ND,AGL,CE,Federal Contract Tower,2,19,19,0,40,0,0,2,0,2,2,19,21,0,42,0,10,10,52
10/30/2019,MOT,ND,AGL,CE,Federal Contract Tower,4,18,13,0,35,0,11,13,0,24,4,29,26,0,59,22,2,24,83
10/31/2019,MOT,ND,AGL,CE,Federal Contract Tower,6,18,5,0,29,0,0,10,0,10,6,18,15,0,39,7,2,9,48
11/01/2019,MOT,ND,AGL,CE,Federal Contract Tower,2,22,7,0,31,0,2,1,0,3,2,24,8,0,34,2,0,2,36
11/02/2019,MOT,ND,AGL,CE,Federal Contract Tower,3,14,3,0,20,0,2,12,0,14,3,16,15,0,34,80,0,80,114
11/03/2019,MOT,ND,AGL,CE,Federal Contract Tower,1,11,2,0,14,0,0,0,0,0,1,11,2,0,14,0,0,0,14
11/04/2019,MOT,ND,AGL,CE,Federal Contract Tower,8,14,9,0,31,0,1,7,0,8,8,15,16,0,39,2,2,4,43
11/05/2019,MOT,ND,AGL,CE,Federal Contract Tower,4,16,22,2,44,0,5,10,3,18,4,21,32,5,62,59,6,65,127
11/06/2019,MOT,ND,AGL,CE,Federal Contract Tower,5,20,14,0,39,0,0,6,0,6,5,20,20,0,45,35,8,43,88
11/07/2019,MOT,ND,AGL,CE,Federal Contract Tower,8,19,18,0,45,0,4,7,2,13,8,23,25,2,58,87,6,93,151
11/08/2019,MOT,ND,AGL,CE,Federal Contract Tower,4,15,7,0,26,0,0,15,0,15,4,15,22,0,41,47,2,49,90
11/09/2019,MOT,ND,AGL,CE,Federal Contract Tower,3,20,4,0,27,0,0,0,0,0,3,20,4,0,27,0,0,0,27
11/10/2019,MOT,ND,AGL,CE,Federal Contract Tower,3,9,3,0,15,0,0,0,0,0,3,9,3,0,15,2,0,2,17
11/11/2019,MOT,ND,AGL,CE,Federal Contract Tower,6,12,20,1,39,0,6,8,2,16,6,18,28,3,55,21,0,21,76
11/12/2019,MOT,ND,AGL,CE,Federal Contract Tower,4,21,9,0,34,0,0,11,0,11,4,21,20,0,45,54,18,72,117
11/13/2019,MOT,ND,AGL,CE,Federal Contract Tower,6,17,16,2,41,0,6,5,0,11,6,23,21,2,52,49,0,49,101
11/14/2019,MOT,ND,AGL,CE,Federal Contract Tower,6,25,12,2,45,0,0,16,0,16,6,25,28,2,61,30,10,40,101
11/15/2019,MOT,ND,AGL,CE,Federal Contract Tower,1,19,3,0,23,0,0,0,0,0,1,19,3,0,23,0,0,0,23
11/16/2019,MOT,ND,AGL,CE,Federal Contract Tower,8,22,2,0,32,0,4,5,0,9,8,26,7,0,41,10,0,10,51
11/17/2019,MOT,ND,AGL,CE,Federal Contract Tower,6,8,3,0,17,0,0,5,0,5,6,8,8,0,22,78,0,78,100
11/18/2019,MOT,ND,AGL,CE,Federal Contract Tower,8,15,12,0,35,0,10,9,0,19,8,25,21,0,54,73,6,79,133
11/19/2019,MOT,ND,AGL,CE,Federal Contract Tower,4,18,16,0,38,0,14,13,0,27,4,32,29,0,65,59,6,65,130
11/20/2019,MOT,ND,AGL,CE,Federal Contract Tower,8,19,17,0,44,0,0,0,0,0,8,19,17,0,44,0,0,0,44
11/21/2019,MOT,ND,AGL,CE,Federal Contract Tower,12,21,12,0,45,0,14,6,4,24,12,35,18,4,69,12,18,30,99
11/22/2019,MOT,ND,AGL,CE,Federal Contract Tower,3,22,9,0,34,0,4,7,0,11,3,26,16,0,45,111,0,111,156
11/23/2019,MOT,ND,AGL,CE,Federal Contract Tower,4,17,5,0,26,0,6,14,0,20,4,23,19,0,46,89,0,89,135
11/24/2019,MOT,ND,AGL,CE,Federal Contract Tower,3,10,4,0,17,0,3,15,0,18,3,13,19,0,35,28,0,28,63
11/25/2019,MOT,ND,AGL,CE,Federal Contract Tower,8,11,10,0,29,0,0,4,0,4,8,11,14,0,33,0,0,0,33
11/26/2019,MOT,ND,AGL,CE,Federal Contract Tower,4,24,11,0,39,0,10,6,0,16,4,34,17,0,55,48,4,52,107
11/27/2019,MOT,ND,AGL,CE,Federal Contract Tower,6,20,14,0,40,0,0,1,0,1,6,20,15,0,41,14,10,24,65
11/28/2019,MOT,ND,AGL,CE,Federal Contract Tower,2,5,1,10,18,0,0,0,0,0,2,5,1,10,18,0,0,0,18
11/29/2019,MOT,ND,AGL,CE,Federal Contract Tower,1,11,3,6,21,0,0,0,0,0,1,11,3,6,21,0,0,0,21
11/30/2019,MOT,ND,AGL,CE,Federal Contract Tower,8,9,1,0,18,0,0,0,0,0,8,9,1,0,18,0,0,0,18
12/01/2019,MOT,ND,AGL,CE,Federal Contract Tower,8,6,5,0,19,0,0,0,0,0,8,6,5,0,19,0,0,0,19
12/02/2019,MOT,ND,AGL,CE,Federal Contract Tower,6,12,19,4,41,0,6,9,0,15,6,18,28,4,56,28,77,105,161
12/03/2019,MOT,ND,AGL,CE,Federal Contract Tower,3,25,21,0,49,0,7,6,0,13,3,32,27,0,62,48,4,52,114
12/04/2019,MOT,ND,AGL,CE,Federal Contract Tower,5,21,11,0,37,0,6,20,0,26,5,27,31,0,63,71,6,77,140
12/05/2019,MOT,ND,AGL,CE,Federal Contract Tower,5,24,14,0,43,0,0,5,0,5,5,24,19,0,48,41,8,49,97
12/06/2019,MOT,ND,AGL,CE,Federal Contract Tower,4,19,13,0,36,0,5,9,0,14,4,24,22,0,50,10,2,12,62
12/07/2019,MOT,ND,AGL,CE,Federal Contract Tower,6,17,4,0,27,0,0,5,0,5,6,17,9,0,32,82,0,82,114
12/08/2019,MOT,ND,AGL,CE,Federal Contract Tower,3,10,5,0,18,0,0,0,0,0,3,10,5,0,18,0,0,0,18
12/09/2019,MOT,ND,AGL,CE,Federal Contract Tower,7,15,14,0,36,0,0,2,0,2,7,15,16,0,38,0,6,6,44
12/10/2019,MOT,ND,AGL,CE,Federal Contract Tower,5,20,23,0,48,0,4,13,0,17,5,24,36,0,65,12,36,48,113
12/11/2019,MOT,ND,AGL,CE,Federal Contract Tower,5,21,15,0,41,0,0,8,0,8,5,21,23,0,49,2,4,6,55
12/12/2019,MOT,ND,AGL,CE,Federal Contract Tower,8,21,16,0,45,0,0,0,0,0,8,21,16,0,45,2,0,2,47
12/13/2019,MOT,ND,AGL,CE,Federal Contract Tower,3,20,7,0,30,0,0,0,0,0,3,20,7,0,30,10,0,10,40
12/14/2019,MOT,ND,AGL,CE,Federal Contract Tower,7,18,5,2,32,0,0,3,0,3,7,18,8,2,35,0,0,0,35
12/15/2019,MOT,ND,AGL,CE,Federal Contract Tower,3,9,1,0,13,0,0,11,0,11,3,9,12,0,24,13,0,13,37
12/16/2019,MOT,ND,AGL,CE,Federal Contract Tower,10,11,23,0,44,0,3,14,2,19,10,14,37,2,63,20,54,74,137
12/17/2019,MOT,ND,AGL,CE,Federal Contract Tower,3,23,14,0,40,0,0,10,0,10,3,23,24,0,50,36,32,68,118
12/18/2019,MOT,ND,AGL,CE,Federal Contract Tower,4,23,11,1,39,0,0,12,0,12,4,23,23,1,51,51,0,51,102
12/19/2019,MOT,ND,AGL,CE,Federal Contract Tower,10,24,18,0,52,0,0,0,0,0,10,24,18,0,52,26,6,32,84
12/20/2019,MOT,ND,AGL,CE,Federal Contract Tower,3,18,6,0,27,0,6,0,0,6,3,24,6,0,33,54,0,54,87
12/21/2019,MOT,ND,AGL,CE,Federal Contract Tower,8,22,7,0,37,0,6,12,0,18,8,28,19,0,55,58,0,58,113
12/22/2019,MOT,ND,AGL,CE,Federal Contract Tower,4,10,9,0,23,0,6,2,0,8,4,16,11,0,31,21,0,21,52
12/23/2019,MOT,ND,AGL,CE,Federal Contract Tower,8,11,5,0,24,0,0,7,0,7,8,11,12,0,31,2,0,2,33
12/24/2019,MOT,ND,AGL,CE,Federal Contract Tower,2,21,3,0,26,0,0,0,0,0,2,21,3,0,26,0,0,0,26
12/25/2019,MOT,ND,AGL,CE,Federal Contract Tower,6,12,0,0,18,0,0,0,0,0,6,12,0,0,18,0,0,0,18
12/26/2019,MOT,ND,AGL,CE,Federal Contract Tower,7,15,8,0,30,0,8,1,0,9,7,23,9,0,39,35,0,35,74
12/27/2019,MOT,ND,AGL,CE,Federal Contract Tower,1,18,4,0,23,0,9,8,0,17,1,27,12,0,40,57,0,57,97
12/28/2019,MOT,ND,AGL,CE,Federal Contract Tower,6,12,7,0,25,0,4,14,0,18,6,16,21,0,43,65,0,65,108
12/29/2019,MOT,ND,AGL,CE,Federal Contract Tower,3,11,2,0,16,0,0,5,0,5,3,11,7,0,21,30,0,30,51
12/30/2019,MOT,ND,AGL,CE,Federal Contract Tower,3,13,5,0,21,0,4,2,0,6,3,17,7,0,27,25,4,29,56
12/31/2019,MOT,ND,AGL,CE,Federal Contract Tower,4,14,6,0,24,0,0,9,0,9,4,14,15,0,33,32,0,32,65
01/01/2020,MOT,ND,AGL,CE,Federal Contract Tower,6,7,3,0,16,0,4,0,0,4,6,11,3,0,20,10,0,10,30
01/02/2020,MOT,ND,AGL,CE,Federal Contract Tower,6,9,16,0,31,0,2,1,0,3,6,11,17,0,34,24,0,24,58
01/03/2020,MOT,ND,AGL,CE,Federal Contract Tower,2,18,1,0,21,0,4,5,0,9,2,22,6,0,30,50,0,50,80
01/04/2020,MOT,ND,AGL,CE,Federal Contract Tower,6,13,7,0,26,0,3,8,0,11,6,16,15,0,37,46,2,48,85
01/05/2020,MOT,ND,AGL,CE,Federal Contract Tower,1,7,5,0,13,0,0,5,0,5,1,7,10,0,18,0,0,0,18
01/06/2020,MOT,ND,AGL,CE,Federal Contract Tower,4,14,5,0,23,0,6,12,0,18,4,20,17,0,41,2,4,6,47
01/07/2020,MOT,ND,AGL,CE,Federal Contract Tower,0,22,7,0,29,0,3,8,0,11,0,25,15,0,40,30,2,32,72
01/08/2020,MOT,ND,AGL,CE,Federal Contract Tower,0,22,15,2,39,0,0,1,0,1,0,22,16,2,40,0,0,0,40
01/09/2020,MOT,ND,AGL,CE,Federal Contract Tower,4,22,6,0,32,0,3,6,0,9,4,25,12,0,41,11,8,19,60
01/10/2020,MOT,ND,AGL,CE,Federal Contract Tower,0,21,10,0,31,0,8,7,0,15,0,29,17,0,46,2,0,2,48
01/11/2020,MOT,ND,AGL,CE,Federal Contract Tower,4,16,1,0,21,0,0,11,0,11,4,16,12,0,32,21,0,21,53
01/12/2020,MOT,ND,AGL,CE,Federal Contract Tower,0,10,1,0,11,0,0,4,0,4,0,10,5,0,15,63,0,63,78
01/13/2020,MOT,ND,AGL,CE,Federal Contract Tower,4,19,9,0,32,0,0,0,0,0,4,19,9,0,32,0,4,4,36
01/14/2020,MOT,ND,AGL,CE,Federal Contract Tower,1,19,18,0,38,0,12,6,0,18,1,31,24,0,56,0,0,0,56
01/15/2020,MOT,ND,AGL,CE,Federal Contract Tower,1,18,6,0,25,0,0,4,0,4,1,18,10,0,29,6,12,18,47
01/16/2020,MOT,ND,AGL,CE,Federal Contract Tower,4,22,9,0,35,0,0,6,0,6,4,22,15,0,41,0,2,2,43
01/17/2020,MOT,ND,AGL,CE,Federal Contract Tower,2,15,4,0,21,0,0,1,0,1,2,15,5,0,22,4,10,14,36
01/18/2020,MOT,ND,AGL,CE,Federal Contract Tower,4,12,0,0,16,0,0,2,0,2,4,12,2,0,18,2,0,2,20
01/19/2020,MOT,ND,AGL,CE,Federal Contract Tower,0,12,1,0,13,0,1,6,0,7,0,13,7,0,20,0,0,0,20
01/20/2020,MOT,ND,AGL,CE,Federal Contract Tower,6,16,4,0,26,0,0,9,0,9,6,16,13,0,35,23,0,23,58
01/21/2020,MOT,ND,AGL,CE,Federal Contract Tower,0,19,20,0,39,0,9,11,0,20,0,28,31,0,59,70,0,70,129
01/22/2020,MOT,ND,AGL,CE,Federal Contract Tower,0,22,11,0,33,0,1,16,0,17,0,23,27,0,50,73,2,75,125
01/23/2020,MOT,ND,AGL,CE,Federal Contract Tower,6,16,9,0,31,0,0,0,0,0,6,16,9,0,31,0,2,2,33
01/24/2020,MOT,ND,AGL,CE,Federal Contract Tower,0,24,7,0,31,0,0,1,0,1,0,24,8,0,32,0,0,0,32
01/25/2020,MOT,ND,AGL,CE,Federal Contract Tower,4,15,5,0,24,0,0,20,0,20,4,15,25,0,44,67,0,67,111
01/26/2020,MOT,ND,AGL,CE,Federal Contract Tower,3,13,3,0,19,0,0,0,0,0,3,13,3,0,19,0,0,0,19
01/27/2020,MOT,ND,AGL,CE,Federal Contract Tower,4,15,5,0,24,0,0,0,0,0,4,15,5,0,24,0,0,0,24
01/28/2020,MOT,ND,AGL,CE,Federal Contract Tower,0,22,11,0,33,0,0,0,0,0,0,22,11,0,33,0,0,0,33
01/29/2020,MOT,ND,AGL,CE,Federal Contract Tower,0,15,2,0,17,0,0,0,0,0,0,15,2,0,17,10,0,10,27
01/30/2020,MOT,ND,AGL,CE,Federal Contract Tower,6,26,8,0,40,0,0,0,0,0,6,26,8,0,40,0,0,0,40
01/31/2020,MOT,ND,AGL,CE,Federal Contract Tower,0,22,7,0,29,0,4,0,2,6,0,26,7,2,35,38,4,42,77
02/01/2020,MOT,ND,AGL,CE,Federal Contract Tower,4,17,1,0,22,0,0,9,0,9,4,17,10,0,31,0,0,0,31
02/02/2020,MOT,ND,AGL,CE,Federal Contract Tower,0,10,5,0,15,0,4,8,0,12,0,14,13,0,27,19,0,19,46
02/03/2020,MOT,ND,AGL,CE,Federal Contract Tower,3,15,8,0,26,0,0,6,0,6,3,15,14,0,32,26,72,98,130
02/04/2020,MOT,ND,AGL,CE,Federal Contract Tower,0,21,8,0,29,0,5,13,0,18,0,26,21,0,47,85,2,87,134
02/05/2020,MOT,ND,AGL,CE,Federal Contract Tower,0,18,11,0,29,0,1,10,0,11,0,19,21,0,40,82,12,94,134
02/06/2020,MOT,ND,AGL,CE,Federal Contract Tower,5,24,13,0,42,0,0,5,0,5,5,24,18,0,47,71,31,102,149
02/07/2020,MOT,ND,AGL,CE,Federal Contract Tower,0,16,3,0,19,0,0,5,0,5,0,16,8,0,24,34,4,38,62
02/08/2020,MOT,ND,AGL,CE,Federal Contract Tower,4,19,3,0,26,0,0,13,0,13,4,19,16,0,39,58,0,58,97
02/09/2020,MOT,ND,AGL,CE,Federal Contract Tower,0,12,3,0,15,0,0,9,0,9,0,12,12,0,24,55,0,55,79
02/10/2020,MOT,ND,AGL,CE,Federal Contract Tower,4,14,4,0,22,0,0,9,0,9,4,14,13,0,31,2,2,4,35
02/11/2020,MOT,ND,AGL,CE,Federal Contract Tower,0,21,9,0,30,0,0,16,0,16,0,21,25,0,46,18,4,22,68
02/12/2020,MOT,ND,AGL,CE,Federal Contract Tower,4,19,8,0,31,0,5,5,0,10,4,24,13,0,41,4,6,10,51
02/13/2020,MOT,ND,AGL,CE,Federal Contract Tower,4,20,11,0,35,0,2,7,0,9,4,22,18,0,44,13,12,25,69
02/14/2020,MOT,ND,AGL,CE,Federal Contract Tower,0,15,6,2,23,0,1,4,0,5,0,16,10,2,28,53,0,53,81
02/15/2020,MOT,ND,AGL,CE,Federal Contract Tower,4,16,0,0,20,0,2,19,0,21,4,18,19,0,41,50,0,50,91
02/16/2020,MOT,ND,AGL,CE,Federal Contract Tower,2,7,3,0,12,0,0,14,0,14,2,7,17,0,26,32,0,32,58
02/17/2020,MOT,ND,AGL,CE,Federal Contract Tower,2,16,7,0,25,0,1,1,0,2,2,17,8,0,27,109,0,109,136
02/18/2020,MOT,ND,AGL,CE,Federal Contract Tower,2,18,5,1,26,0,2,8,1,11,2,20,13,2,37,1,69,70,107
02/19/2020,MOT,ND,AGL,CE,Federal Contract Tower,6,15,12,0,33,0,0,5,1,6,6,15,17,1,39,12,4,16,55
02/20/2020,MOT,ND,AGL,CE,Federal Contract Tower,4,12,11,0,27,0,4,9,0,13,4,16,20,0,40,78,0,78,118
02/21/2020,MOT,ND,AGL,CE,Federal Contract Tower,0,15,0,0,15,0,0,15,0,15,0,15,15,0,30,50,0,50,80
02/22/2020,MOT,ND,AGL,CE,Federal Contract Tower,4,15,7,0,26,0,12,36,0,48,4,27,43,0,74,111,0,111,185
02/23/2020,MOT,ND,AGL,CE,Federal Contract Tower,2,8,9,0,19,0,0,22,0,22,2,8,31,0,41,57,0,57,98
02/24/2020,MOT,ND,AGL,CE,Federal Contract Tower,2,15,4,0,21,0,1,8,0,9,2,16,12,0,30,54,10,64,94
02/25/2020,MOT,ND,AGL,CE,Federal Contract Tower,2,20,11,0,33,0,0,3,0,3,2,20,14,0,36,52,16,68,104
02/26/2020,MOT,ND,AGL,CE,Federal Contract Tower,4,17,10,0,31,0,4,12,0,16,4,21,22,0,47,66,8,74,121
02/27/2020,MOT,ND,AGL,CE,Federal Contract Tower,4,20,4,0,28,0,0,6,1,7,4,20,10,1,35,23,2,25,60
02/28/2020,MOT,ND,AGL,CE,Federal Contract Tower,3,15,9,0,27,0,0,15,0,15,3,15,24,0,42,138,2,140,182
02/29/2020,MOT,ND,AGL,CE,Federal Contract Tower,4,14,4,0,22,0,4,27,0,31,4,18,31,0,53,96,0,96,149
03/01/2020,MOT,ND,AGL,CE,Federal Contract Tower,2,10,12,0,24,0,0,7,0,7,2,10,19,0,31,0,0,0,31
03/02/2020,MOT,ND,AGL,CE,Federal Contract Tower,4,14,3,0,21,0,0,3,0,3,4,14,6,0,24,0,4,4,28
03/03/2020,MOT,ND,AGL,CE,Federal Contract Tower,3,17,12,0,32,0,2,9,0,11,3,19,21,0,43,58,12,70,113
03/04/2020,MOT,ND,AGL,CE,Federal Contract Tower,4,16,6,2,28,0,0,6,3,9,4,16,12,5,37,46,6,52,89
03/05/2020,MOT,ND,AGL,CE,Federal Contract Tower,3,21,11,0,35,0,6,3,0,9,3,27,14,0,44,0,0,0,44
03/06/2020,MOT,ND,AGL,CE,Federal Contract Tower,2,17,5,0,24,0,19,10,0,29,2,36,15,0,53,4,4,8,61
03/07/2020,MOT,ND,AGL,CE,Federal Contract Tower,4,17,5,0,26,0,7,24,0,31,4,24,29,0,57,76,0,76,133
03/08/2020,MOT,ND,AGL,CE,Federal Contract Tower,4,9,2,0,15,0,0,0,0,0,4,9,2,0,15,0,0,0,15
03/09/2020,MOT,ND,AGL,CE,Federal Contract Tower,4,12,5,0,21,0,0,9,0,9,4,12,14,0,30,33,14,47,77
03/10/2020,MOT,ND,AGL,CE,Federal Contract Tower,2,17,6,0,25,0,0,20,0,20,2,17,26,0,45,115,0,115,160
03/11/2020,MOT,ND,AGL,CE,Federal Contract Tower,3,17,15,0,35,0,3,6,0,9,3,20,21,0,44,15,2,17,61
03/12/2020,MOT,ND,AGL,CE,Federal Contract Tower,4,21,12,0,37,0,0,2,0,2,4,21,14,0,39,0,0,0,39
03/13/2020,MOT,ND,AGL,CE,Federal Contract Tower,2,17,11,0,30,0,4,15,0,19,2,21,26,0,49,54,0,54,103
03/14/2020,MOT,ND,AGL,CE,Federal Contract Tower,3,19,7,0,29,0,0,15,0,15,3,19,22,0,44,57,0,57,101
03/15/2020,MOT,ND,AGL,CE,Federal Contract Tower,2,12,3,0,17,0,0,0,0,0,2,12,3,0,17,0,0,0,17
03/16/2020,MOT,ND,AGL,CE,Federal Contract Tower,3,15,6,0,24,0,0,1,0,1,3,15,7,0,25,2,0,2,27
03/17/2020,MOT,ND,AGL,CE,Federal Contract Tower,2,20,7,0,29,0,1,21,0,22,2,21,28,0,51,40,4,44,95
03/18/2020,MOT,ND,AGL,CE,Federal Contract Tower,4,26,6,0,36,0,0,0,0,0,4,26,6,0,36,18,0,18,54
03/19/2020,MOT,ND,AGL,CE,Federal Contract Tower,3,24,3,0,30,0,0,1,0,1,3,24,4,0,31,14,0,14,45
03/20/2020,MOT,ND,AGL,CE,Federal Contract Tower,3,17,3,0,23,0,1,6,0,7,3,18,9,0,30,24,12,36,66
03/21/2020,MOT,ND,AGL,CE,Federal Contract Tower,4,16,0,0,20,0,8,6,0,14,4,24,6,0,34,45,0,45,79
03/22/2020,MOT,ND,AGL,CE,Federal Contract Tower,2,10,4,0,16,0,0,8,0,8,2,10,12,0,24,40,6,46,70
03/23/2020,MOT,ND,AGL,CE,Federal Contract Tower,2,16,3,0,21,0,6,15,0,21,2,22,18,0,42,14,4,18,60
03/24/2020,MOT,ND,AGL,CE,Federal Contract Tower,0,18,1,0,19,0,0,11,0,11,0,18,12,0,30,29,4,33,63
03/25/2020,MOT,ND,AGL,CE,Federal Contract Tower,0,15,6,0,21,0,0,3,0,3,0,15,9,0,24,56,12,68,92
03/26/2020,MOT,ND,AGL,CE,Federal Contract Tower,2,16,4,0,22,0,0,14,0,14,2,16,18,0,36,64,2,66,102
03/27/2020,MOT,ND,AGL,CE,Federal Contract Tower,2,9,6,0,17,0,1,13,0,14,2,10,19,0,31,24,24,48,79
03/28/2020,MOT,ND,AGL,CE,Federal Contract Tower,0,11,1,0,12,0,2,11,0,13,0,13,12,0,25,8,0,8,33
03/29/2020,MOT,ND,AGL,CE,Federal Contract Tower,2,6,3,0,11,0,0,17,0,17,2,6,20,0,28,36,0,36,64
03/30/2020,MOT,ND,AGL,CE,Federal Contract Tower,0,7,3,0,10,0,5,4,0,9,0,12,7,0,19,35,18,53,72
03/31/2020,MOT,ND,AGL,CE,Federal Contract Tower,0,16,4,0,20,0,6,7,0,13,0,22,11,0,33,7,21,28,61
04/01/2020,MOT,ND,AGL,CE,Federal Contract Tower,0,14,1,0,15,0,0,0,0,0,0,14,1,0,15,0,0,0,15
04/02/2020,MOT,ND,AGL,CE,Federal Contract Tower,2,9,0,0,11,0,0,1,0,1,2,9,1,0,12,0,4,4,16
04/03/2020,MOT,ND,AGL,CE,Federal Contract Tower,2,8,5,0,15,0,1,8,0,9,2,9,13,0,24,18,0,18,42
04/04/2020,MOT,ND,AGL,CE,Federal Contract Tower,2,7,4,0,13,0,0,4,0,4,2,7,8,0,17,28,0,28,45
04/05/2020,MOT,ND,AGL,CE,Federal Contract Tower,0,5,0,0,5,0,0,2,0,2,0,5,2,0,7,0,0,0,7
04/06/2020,MOT,ND,AGL,CE,Federal Contract Tower,2,6,1,0,9,0,6,6,4,16,2,12,7,4,25,29,0,29,54
04/07/2020,MOT,ND,AGL,CE,Federal Contract Tower,3,9,8,0,20,0,5,9,2,16,3,14,17,2,36,76,28,104,140
04/08/2020,MOT,ND,AGL,CE,Federal Contract Tower,2,10,6,0,18,0,0,2,0,2,2,10,8,0,20,12,8,20,40
04/09/2020,MOT,ND,AGL,CE,Federal Contract Tower,2,7,4,0,13,0,1,5,2,8,2,8,9,2,21,26,37,63,84
04/10/2020,MOT,ND,AGL,CE,Federal Contract Tower,5,9,8,0,22,0,3,19,0,22,5,12,27,0,44,148,2,150,194
04/11/2020,MOT,ND,AGL,CE,Federal Contract Tower,3,8,1,0,12,0,0,7,0,7,3,8,8,0,19,63,0,63,82
04/12/2020,MOT,ND,AGL,CE,Federal Contract Tower,0,1,0,0,1,0,0,3,0,3,0,1,3,0,4,40,0,40,44
04/13/2020,MOT,ND,AGL,CE,Federal Contract Tower,5,4,8,0,17,0,0,0,4,4,5,4,8,4,21,0,6,6,27
04/14/2020,MOT,ND,AGL,CE,Federal Contract Tower,2,8,2,0,12,0,3,10,0,13,2,11,12,0,25,45,4,49,74
04/15/2020,MOT,ND,AGL,CE,Federal Contract Tower,3,9,6,2,20,0,0,7,0,7,3,9,13,2,27,42,0,42,69
04/16/2020,MOT,ND,AGL,CE,Federal Contract Tower,3,8,6,0,17,0,9,23,0,32,3,17,29,0,49,71,0,71,120
04/17/2020,MOT,ND,AGL,CE,Federal Contract Tower,3,11,5,0,19,0,13,15,0,28,3,24,20,0,47,12,16,28,75
04/18/2020,MOT,ND,AGL,CE,Federal Contract Tower,0,11,2,0,13,0,0,10,0,10,0,11,12,0,23,14,0,14,37
04/19/2020,MOT,ND,AGL,CE,Federal Contract Tower,3,1,1,0,5,0,4,5,0,9,3,5,6,0,14,32,0,32,46
04/20/2020,MOT,ND,AGL,CE,Federal Contract Tower,3,6,5,0,14,0,3,3,0,6,3,9,8,0,20,7,6,13,33
04/21/2020,MOT,ND,AGL,CE,Federal Contract Tower,3,10,1,0,14,0,0,9,0,9,3,10,10,0,23,116,8,124,147
04/22/2020,MOT,ND,AGL,CE,Federal Contract Tower,3,9,2,0,14,0,5,5,0,10,3,14,7,0,24,54,6,60,84
04/23/2020,MOT,ND,AGL,CE,Federal Contract Tower,5,7,2,0,14,0,0,6,0,6,5,7,8,0,20,30,40,70,90
04/24/2020,MOT,ND,AGL,CE,Federal Contract Tower,3,8,4,0,15,0,0,15,0,15,3,8,19,0,30,89,6,95,125
04/25/2020,MOT,ND,AGL,CE,Federal Contract Tower,1,7,1,0,9,0,1,18,0,19,1,8,19,0,28,82,0,82,110
04/26/2020,MOT,ND,AGL,CE,Federal Contract Tower,0,1,3,0,4,0,2,9,0,11,0,3,12,0,15,0,0,0,15
04/27/2020,MOT,ND,AGL,CE,Federal Contract Tower,3,6,0,0,9,0,0,4,0,4,3,6,4,0,13,58,2,60,73
04/28/2020,MOT,ND,AGL,CE,Federal Contract Tower,3,8,7,0,18,0,0,8,1,9,3,8,15,1,27,28,30,58,85
04/29/2020,MOT,ND,AGL,CE,Federal Contract Tower,1,7,4,4,16,0,0,28,1,29,1,7,32,5,45,123,66,189,234
04/30/2020,MOT,ND,AGL,CE,Federal Contract Tower,3,7,8,0,18,0,7,26,0,33,3,14,34,0,51,85,0,85,136
05/01/2020,MOT,ND,AGL,CE,Federal Contract Tower,1,11,5,0,17,0,2,7,0,9,1,13,12,0,26,18,2,20,46
05/02/2020,MOT,ND,AGL,CE,Federal Contract Tower,1,7,2,0,10,0,4,18,0,22,1,11,20,0,32,78,0,78,110
05/03/2020,MOT,ND,AGL,CE,Federal Contract Tower,1,1,4,0,6,0,0,18,0,18,1,1,22,0,24,88,0,88,112
05/04/2020,MOT,ND,AGL,CE,Federal Contract Tower,1,8,5,0,14,0,0,2,0,2,1,8,7,0,16,4,0,4,20
05/05/2020,MOT,ND,AGL,CE,Federal Contract Tower,4,8,8,0,20,0,3,6,0,9,4,11,14,0,29,22,0,22,51
05/06/2020,MOT,ND,AGL,CE,Federal Contract Tower,1,9,3,2,15,0,8,29,0,37,1,17,32,2,52,109,4,113,165
05/07/2020,MOT,ND,AGL,CE,Federal Contract Tower,4,10,7,0,21,0,4,13,2,19,4,14,20,2,40,112,2,114,154
05/08/2020,MOT,ND,AGL,CE,Federal Contract Tower,1,14,5,0,20,0,0,32,4,36,1,14,37,4,56,102,18,120,176
05/09/2020,MOT,ND,AGL,CE,Federal Contract Tower,1,7,1,0,9,0,2,1,0,3,1,9,2,0,12,37,0,37,49
05/10/2020,MOT,ND,AGL,CE,Federal Contract Tower,4,3,6,0,13,0,0,13,0,13,4,3,19,0,26,26,0,26,52
05/11/2020,MOT,ND,AGL,CE,Federal Contract Tower,1,7,1,0,9,0,1,9,0,10,1,8,10,0,19,60,0,60,79
05/12/2020,MOT,ND,AGL,CE,Federal Contract Tower,1,8,4,0,13,0,9,19,0,28,1,17,23,0,41,59,4,63,104
05/13/2020,MOT,ND,AGL,CE,Federal Contract Tower,3,6,8,0,17,0,0,8,0,8,3,6,16,0,25,0,0,0,25
05/14/2020,MOT,ND,AGL,CE,Federal Contract Tower,1,9,5,0,15,0,0,2,0,2,1,9,7,0,17,43,4,47,64
05/15/2020,MOT,ND,AGL,CE,Federal Contract Tower,3,7,5,0,15,0,0,23,0,23,3,7,28,0,38,126,0,126,164
05/16/2020,MOT,ND,AGL,CE,Federal Contract Tower,1,6,8,0,15,0,8,18,0,26,1,14,26,0,41,82,0,82,123
05/17/2020,MOT,ND,AGL,CE,Federal Contract Tower,1,3,7,0,11,0,4,11,0,15,1,7,18,0,26,26,0,26,52
05/18/2020,MOT,ND,AGL,CE,Federal Contract Tower,5,9,8,0,22,0,3,3,2,8,5,12,11,2,30,0,0,0,30
05/19/2020,MOT,ND,AGL,CE,Federal Contract Tower,3,9,8,0,20,0,0,5,0,5,3,9,13,0,25,0,2,2,27
05/20/2020,MOT,ND,AGL,CE,Federal Contract Tower,3,6,9,0,18,0,0,7,0,7,3,6,16,0,25,28,0,28,53
05/21/2020,MOT,ND,AGL,CE,Federal Contract Tower,4,9,6,0,19,0,0,17,0,17,4,9,23,0,36,39,24,63,99
05/22/2020,MOT,ND,AGL,CE,Federal Contract Tower,4,8,10,0,22,0,10,38,0,48,4,18,48,0,70,104,6,110,180
05/23/2020,MOT,ND,AGL,CE,Federal Contract Tower,3,8,1,0,12,0,3,4,0,7,3,11,5,0,19,48,0,48,67
05/24/2020,MOT,ND,AGL,CE,Federal Contract Tower,3,2,5,0,10,0,0,0,0,0,3,2,5,0,10,0,0,0,10
05/25/2020,MOT,ND,AGL,CE,Federal Contract Tower,5,2,6,0,13,0,0,24,0,24,5,2,30,0,37,82,0,82,119
05/26/2020,MOT,ND,AGL,CE,Federal Contract Tower,3,8,14,0,25,0,9,19,6,34,3,17,33,6,59,140,10,150,209
05/27/2020,MOT,ND,AGL,CE,Federal Contract Tower,3,9,8,0,20,0,0,21,0,21,3,9,29,0,41,109,8,117,158
05/28/2020,MOT,ND,AGL,CE,Federal Contract Tower,3,10,3,0,16,0,4,6,0,10,3,14,9,0,26,0,2,2,28
05/29/2020,MOT,ND,AGL,CE,Federal Contract Tower,3,8,9,0,20,0,4,16,0,20,3,12,25,0,40,136,6,142,182
05/30/2020,MOT,ND,AGL,CE,Federal Contract Tower,1,7,2,0,10,0,3,26,0,29,1,10,28,0,39,149,0,149,188
05/31/2020,MOT,ND,AGL,CE,Federal Contract Tower,3,2,4,0,9,0,3,18,0,21,3,5,22,0,30,20,0,20,50
06/01/2020,MOT,ND,AGL,CE,Federal Contract Tower,5,6,5,0,16,0,2,16,2,20,5,8,21,2,36,58,8,66,102
06/02/2020,MOT,ND,AGL,CE,Federal Contract Tower,2,7,12,0,21,0,0,24,0,24,2,7,36,0,45,20,4,24,69
06/03/2020,MOT,ND,AGL,CE,Federal Contract Tower,3,9,7,0,19,0,5,14,0,19,3,14,21,0,38,58,26,84,122
06/04/2020,MOT,ND,AGL,CE,Federal Contract Tower,3,7,12,0,22,0,1,25,0,26,3,8,37,0,48,66,2,68,116
06/05/2020,MOT,ND,AGL,CE,Federal Contract Tower,4,7,10,0,21,0,7,32,4,43,4,14,42,4,64,140,0,140,204
06/06/2020,MOT,ND,AGL,CE,Federal Contract Tower,3,10,2,0,15,0,0,2,0,2,3,10,4,0,17,0,0,0,17
06/07/2020,MOT,ND,AGL,CE,Federal Contract Tower,3,0,2,0,5,0,2,7,0,9,3,2,9,0,14,46,0,46,60
06/08/2020,MOT,ND,AGL,CE,Federal Contract Tower,7,5,7,0,19,0,1,14,0,15,7,6,21,0,34,66,0,66,100
06/09/2020,MOT,ND,AGL,CE,Federal Contract Tower,3,7,9,0,19,0,1,6,0,7,3,8,15,0,26,28,0,28,54
06/10/2020,MOT,ND,AGL,CE,Federal Contract Tower,3,10,9,0,22,0,1,23,0,24,3,11,32,0,46,64,0,64,110
06/11/2020,MOT,ND,AGL,CE,Federal Contract Tower,3,8,4,0,15,0,2,31,2,35,3,10,35,2,50,13,18,31,81
06/12/2020,MOT,ND,AGL,CE,Federal Contract Tower,4,7,8,0,19,0,1,20,0,21,4,8,28,0,40,37,4,41,81
06/13/2020,MOT,ND,AGL,CE,Federal Contract Tower,3,8,1,0,12,0,0,6,0,6,3,8,7,0,18,6,0,6,24
06/14/2020,MOT,ND,AGL,CE,Federal Contract Tower,3,2,3,0,8,0,0,5,0,5,3,2,8,0,13,0,0,0,13
06/15/2020,MOT,ND,AGL,CE,Federal Contract Tower,7,4,5,0,16,0,4,12,0,16,7,8,17,0,32,11,0,11,43
06/16/2020,MOT,ND,AGL,CE,Federal Contract Tower,3,8,2,0,13,0,7,5,0,12,3,15,7,0,25,16,88,104,129
06/17/2020,MOT,ND,AGL,CE,Federal Contract Tower,3,8,9,0,20,0,0,13,0,13,3,8,22,0,33,101,14,115,148
06/18/2020,MOT,ND,AGL,CE,Federal Contract Tower,4,8,15,0,27,0,0,4,6,10,4,8,19,6,37,14,2,16,53
06/19/2020,MOT,ND,AGL,CE,Federal Contract Tower,5,9,3,0,17,0,0,19,0,19,5,9,22,0,36,44,12,56,92
06/20/2020,MOT,ND,AGL,CE,Federal Contract Tower,5,8,3,0,16,0,2,20,0,22,5,10,23,0,38,55,0,55,93
06/21/2020,MOT,ND,AGL,CE,Federal Contract Tower,3,0,0,0,3,0,3,16,0,19,3,3,16,0,22,39,0,39,61
06/22/2020,MOT,ND,AGL,CE,Federal Contract Tower,6,10,8,0,24,0,5,29,0,34,6,15,37,0,58,67,38,105,163
06/23/2020,MOT,ND,AGL,CE,Federal Contract Tower,3,9,6,0,18,0,1,25,0,26,3,10,31,0,44,80,6,86,130
06/24/2020,MOT,ND,AGL,CE,Federal Contract Tower,3,13,4,0,20,0,0,41,0,41,3,13,45,0,61,45,8,53,114
06/25/2020,MOT,ND,AGL,CE,Federal Contract Tower,3,7,2,0,12,0,0,14,0,14,3,7,16,0,26,30,2,32,58
06/26/2020,MOT,ND,AGL,CE,Federal Contract Tower,3,9,5,0,17,0,7,29,0,36,3,16,34,0,53,118,6,124,177
06/27/2020,MOT,ND,AGL,CE,Federal Contract Tower,5,8,0,0,13,0,3,18,0,21,5,11,18,0,34,23,6,29,63
06/28/2020,MOT,ND,AGL,CE,Federal Contract Tower,3,0,1,0,4,0,0,11,0,11,3,0,12,0,15,45,0,45,60
06/29/2020,MOT,ND,AGL,CE,Federal Contract Tower,4,5,17,0,26,0,0,25,0,25,4,5,42,0,51,32,8,40,91
06/30/2020,MOT,ND,AGL,CE,Federal Contract Tower,4,9,7,0,20,0,0,5,0,5,4,9,12,0,25,0,0,0,25
07/01/2020,MOT,ND,AGL,CE,Federal Contract Tower,3,9,14,0,26,0,2,31,0,33,3,11,45,0,59,170,4,174,233
07/02/2020,MOT,ND,AGL,CE,Federal Contract Tower,3,4,11,0,18,0,1,24,0,25,3,5,35,0,43,74,4,78,121
07/03/2020,MOT,ND,AGL,CE,Federal Contract Tower,5,9,2,0,16,0,6,38,0,44,5,15,40,0,60,209,0,209,269
07/04/2020,MOT,ND,AGL,CE,Federal Contract Tower,4,3,3,0,10,0,1,9,0,10,4,4,12,0,20,89,0,89,109
07/05/2020,MOT,ND,AGL,CE,Federal Contract Tower,3,0,4,0,7,0,5,18,0,23,3,5,22,0,30,78,0,78,108
07/06/2020,MOT,ND,AGL,CE,Federal Contract Tower,7,8,7,0,22,0,0,35,0,35,7,8,42,0,57,174,0,174,231
07/07/2020,MOT,ND,AGL,CE,Federal Contract Tower,4,9,6,0,19,0,2,24,0,26,4,11,30,0,45,105,0,105,150
07/08/2020,MOT,ND,AGL,CE,Federal Contract Tower,3,13,8,0,24,0,0,21,3,24,3,13,29,3,48,142,14,156,204
07/09/2020,MOT,ND,AGL,CE,Federal Contract Tower,7,6,5,0,18,0,0,13,0,13,7,6,18,0,31,26,52,78,109
07/10/2020,MOT,ND,AGL,CE,Federal Contract Tower,4,13,10,0,27,0,8,17,1,26,4,21,27,1,53,174,5,179,232
07/11/2020,MOT,ND,AGL,CE,Federal Contract Tower,3,9,4,0,16,0,0,25,0,25,3,9,29,0,41,161,31,192,233
07/12/2020,MOT,ND,AGL,CE,Federal Contract Tower,3,3,3,0,9,0,6,18,0,24,3,9,21,0,33,52,35,87,120
07/13/2020,MOT,ND,AGL,CE,Federal Contract Tower,7,6,8,0,21,0,2,22,0,24,7,8,30,0,45,116,6,122,167
07/14/2020,MOT,ND,AGL,CE,Federal Contract Tower,3,10,16,0,29,0,5,43,0,48,3,15,59,0,77,88,40,128,205
07/15/2020,MOT,ND,AGL,CE,Federal Contract Tower,3,14,14,0,31,0,0,31,0,31,3,14,45,0,62,76,28,104,166
07/16/2020,MOT,ND,AGL,CE,Federal Contract Tower,5,14,10,0,29,0,0,40,0,40,5,14,50,0,69,108,2,110,179
07/17/2020,MOT,ND,AGL,CE,Federal Contract Tower,5,10,5,0,20,0,0,39,0,39,5,10,44,0,59,138,4,142,201
07/18/2020,MOT,ND,AGL,CE,Federal Contract Tower,3,10,2,0,15,0,9,10,0,19,3,19,12,0,34,16,0,16,50
07/19/2020,MOT,ND,AGL,CE,Federal Contract Tower,4,3,10,0,17,0,0,24,0,24,4,3,34,0,41,66,0,66,107
07/20/2020,MOT,ND,AGL,CE,Federal Contract Tower,7,6,8,0,21,0,0,9,0,9,7,6,17,0,30,28,6,34,64
07/21/2020,MOT,ND,AGL,CE,Federal Contract Tower,3,10,19,0,32,0,4,36,0,40,3,14,55,0,72,89,4,93,165
07/22/2020,MOT,ND,AGL,CE,Federal Contract Tower,3,14,4,0,21,0,0,34,0,34,3,14,38,0,55,80,6,86,141
07/24/2020,MOT,ND,AGL,CE,Federal Contract Tower,5,12,8,0,25,0,2,39,0,41,5,14,47,0,66,114,28,142,208
07/25/2020,MOT,ND,AGL,CE,Federal Contract Tower,4,13,2,0,19,0,4,22,0,26,4,17,24,0,45,57,2,59,104
07/26/2020,MOT,ND,AGL,CE,Federal Contract Tower,5,6,8,0,19,0,1,24,0,25,5,7,32,0,44,70,14,84,128
07/27/2020,MOT,ND,AGL,CE,Federal Contract Tower,5,14,10,0,29,0,2,41,0,43,5,16,51,0,72,43,24,67,139
07/28/2020,MOT,ND,AGL,CE,Federal Contract Tower,3,12,13,0,28,0,4,37,0,41,3,16,50,0,69,26,26,52,121
07/29/2020,MOT,ND,AGL,CE,Federal Contract Tower,5,9,11,0,25,0,1,25,0,26,5,10,36,0,51,61,2,63,114
07/30/2020,MOT,ND,AGL,CE,Federal Contract Tower,6,12,16,1,35,0,1,30,1,32,6,13,46,2,67,77,6,83,150
07/31/2020,MOT,ND,AGL,CE,Federal Contract Tower,7,11,6,0,24,0,3,23,0,26,7,14,29,0,50,103,12,115,165
08/01/2020,MOT,ND,AGL,CE,Federal Contract Tower,6,8,5,0,19,0,1,76,0,77,6,9,81,0,96,119,0,119,215
08/02/2020,MOT,ND,AGL,CE,Federal Contract Tower,3,8,1,0,12,0,0,33,0,33,3,8,34,0,45,78,0,78,123
08/03/2020,MOT,ND,AGL,CE,Federal Contract Tower,6,9,7,0,22,0,0,20,0,20,6,9,27,0,42,63,6,69,111
08/04/2020,MOT,ND,AGL,CE,Federal Contract Tower,3,12,14,0,29,0,0,18,0,18,3,12,32,0,47,75,14,89,136
08/05/2020,MOT,ND,AGL,CE,Federal Contract Tower,4,13,9,0,26,0,1,30,0,31,4,14,39,0,57,116,4,120,177
08/06/2020,MOT,ND,AGL,CE,Federal Contract Tower,9,16,9,0,34,0,5,32,4,41,9,21,41,4,75,107,22,129,204
08/07/2020,MOT,ND,AGL,CE,Federal Contract Tower,7,12,10,0,29,0,0,25,0,25,7,12,35,0,54,103,13,116,170
08/08/2020,MOT,ND,AGL,CE,Federal Contract Tower,3,15,3,0,21,0,1,36,0,37,3,16,39,0,58,126,0,126,184
08/09/2020,MOT,ND,AGL,CE,Federal Contract Tower,3,7,2,0,12,0,0,4,0,4,3,7,6,0,16,55,0,55,71
08/10/2020,MOT,ND,AGL,CE,Federal Contract Tower,8,11,6,0,25,0,0,25,0,25,8,11,31,0,50,65,30,95,145
08/11/2020,MOT,ND,AGL,CE,Federal Contract Tower,5,15,6,0,26,0,0,9,3,12,5,15,15,3,38,85,0,85,123
08/12/2020,MOT,ND,AGL,CE,Federal Contract Tower,7,8,8,0,23,0,2,12,0,14,7,10,20,0,37,120,11,131,168
08/13/2020,MOT,ND,AGL,CE,Federal Contract Tower,3,13,14,0,30,0,1,17,2,20,3,14,31,2,50,26,4,30,80
08/14/2020,MOT,ND,AGL,CE,Federal Contract Tower,4,12,5,0,21,0,0,18,0,18,4,12,23,0,39,16,0,16,55
08/15/2020,MOT,ND,AGL,CE,Federal Contract Tower,4,12,2,0,18,0,3,29,0,32,4,15,31,0,50,97,0,97,147
08/16/2020,MOT,ND,AGL,CE,Federal Contract Tower,3,10,9,0,22,0,0,34,0,34,3,10,43,0,56,68,0,68,124
08/17/2020,MOT,ND,AGL,CE,Federal Contract Tower,7,14,11,0,32,0,3,29,0,32,7,17,40,0,64,66,2,68,132
08/18/2020,MOT,ND,AGL,CE,Federal Contract Tower,5,12,6,0,23,0,0,27,0,27,5,12,33,0,50,59,11,70,120
08/19/2020,MOT,ND,AGL,CE,Federal Contract Tower,5,9,12,0,26,0,6,26,0,32,5,15,38,0,58,58,0,58,116
08/20/2020,MOT,ND,AGL,CE,Federal Contract Tower,6,17,10,0,33,0,1,19,2,22,6,18,29,2,55,55,0,55,110
08/21/2020,MOT,ND,AGL,CE,Federal Contract Tower,3,14,1,0,18,0,0,20,0,20,3,14,21,0,38,63,2,65,103
08/22/2020,MOT,ND,AGL,CE,Federal Contract Tower,4,12,5,0,21,0,2,45,0,47,4,14,50,0,68,89,4,93,161
08/23/2020,MOT,ND,AGL,CE,Federal Contract Tower,3,6,6,0,15,0,5,25,0,30,3,11,31,0,45,19,0,19,64
08/24/2020,MOT,ND,AGL,CE,Federal Contract Tower,10,6,5,0,21,0,8,21,0,29,10,14,26,0,50,36,8,44,94
08/25/2020,MOT,ND,AGL,CE,Federal Contract Tower,4,13,13,2,32,0,0,11,3,14,4,13,24,5,46,26,20,46,92
08/26/2020,MOT,ND,AGL,CE,Federal Contract Tower,2,20,19,0,41,0,1,24,0,25,2,21,43,0,66,26,10,36,102
08/27/2020,MOT,ND,AGL,CE,Federal Contract Tower,6,17,7,0,30,0,6,6,0,12,6,23,13,0,42,34,10,44,86
08/28/2020,MOT,ND,AGL,CE,Federal Contract Tower,3,14,22,0,39,0,0,24,0,24,3,14,46,0,63,54,0,54,117
08/29/2020,MOT,ND,AGL,CE,Federal Contract Tower,4,12,4,0,20,0,6,40,0,46,4,18,44,0,66,94,0,94,160
08/30/2020,MOT,ND,AGL,CE,Federal Contract Tower,6,5,3,0,14,0,0,6,0,6,6,5,9,0,20,35,0,35,55
08/31/2020,MOT,ND,AGL,CE,Federal Contract Tower,10,6,7,0,23,0,5,20,0,25,10,11,27,0,48,40,0,40,88
09/01/2020,MOT,ND,AGL,CE,Federal Contract Tower,3,16,13,0,32,0,0,10,0,10,3,16,23,0,42,1,12,13,55
09/02/2020,MOT,ND,AGL,CE,Federal Contract Tower,1,22,5,0,28,0,0,21,0,21,1,22,26,0,49,58,2,60,109
09/03/2020,MOT,ND,AGL,CE,Federal Contract Tower,7,15,8,0,30,0,3,29,0,32,7,18,37,0,62,34,4,38,100
09/04/2020,MOT,ND,AGL,CE,Federal Contract Tower,5,16,5,0,26,0,0,44,0,44,5,16,49,0,70,74,0,74,144
09/05/2020,MOT,ND,AGL,CE,Federal Contract Tower,5,10,2,0,17,0,3,32,0,35,5,13,34,0,52,66,0,66,118
09/06/2020,MOT,ND,AGL,CE,Federal Contract Tower,6,1,0,0,7,0,0,6,0,6,6,1,6,0,13,2,0,2,15
09/07/2020,MOT,ND,AGL,CE,Federal Contract Tower,7,6,3,0,16,0,0,7,0,7,7,6,10,0,23,51,0,51,74
09/08/2020,MOT,ND,AGL,CE,Federal Contract Tower,9,8,8,0,25,0,3,29,5,37,9,11,37,5,62,92,40,132,194
09/09/2020,MOT,ND,AGL,CE,Federal Contract Tower,6,11,8,0,25,0,2,29,0,31,6,13,37,0,56,52,0,52,108
09/10/2020,MOT,ND,AGL,CE,Federal Contract Tower,10,11,18,0,39,0,1,25,0,26,10,12,43,0,65,26,11,37,102
09/11/2020,MOT,ND,AGL,CE,Federal Contract Tower,6,14,6,0,26,0,3,23,5,31,6,17,29,5,57,66,36,102,159
09/12/2020,MOT,ND,AGL,CE,Federal Contract Tower,6,10,0,0,16,0,0,40,4,44,6,10,40,4,60,76,0,76,136
09/13/2020,MOT,ND,AGL,CE,Federal Contract Tower,6,2,1,0,9,0,0,43,0,43,6,2,44,0,52,73,4,77,129
09/14/2020,MOT,ND,AGL,CE,Federal Contract Tower,10,10,12,0,32,0,0,14,0,14,10,10,26,0,46,63,0,63,109
09/15/2020,MOT,ND,AGL,CE,Federal Contract Tower,7,15,12,0,34,0,0,33,0,33,7,15,45,0,67,3,4,7,74
09/16/2020,MOT,ND,AGL,CE,Federal Contract Tower,6,12,6,0,24,0,4,36,0,40,6,16,42,0,64,20,0,20,84
09/17/2020,MOT,ND,AGL,CE,Federal Contract Tower,12,12,3,0,27,0,6,33,0,39,12,18,36,0,66,105,0,105,171
09/18/2020,MOT,ND,AGL,CE,Federal Contract Tower,7,9,7,0,23,0,4,35,0,39,7,13,42,0,62,89,4,93,155
09/19/2020,MOT,ND,AGL,CE,Federal Contract Tower,6,11,0,0,17,0,4,39,2,45,6,15,39,2,62,100,0,100,162
09/20/2020,MOT,ND,AGL,CE,Federal Contract Tower,7,2,9,0,18,0,5,16,0,21,7,7,25,0,39,38,0,38,77
09/21/2020,MOT,ND,AGL,CE,Federal Contract Tower,10,9,8,0,27,0,5,10,0,15,10,14,18,0,42,18,2,20,62
09/22/2020,MOT,ND,AGL,CE,Federal Contract Tower,6,17,13,0,36,0,0,36,0,36,6,17,49,0,72,57,16,73,145
09/23/2020,MOT,ND,AGL,CE,Federal Contract Tower,6,15,9,0,30,0,0,12,6,18,6,15,21,6,48,94,0,94,142
09/24/2020,MOT,ND,AGL,CE,Federal Contract Tower,11,18,7,0,36,0,0,14,0,14,11,18,21,0,50,29,2,31,81
09/25/2020,MOT,ND,AGL,CE,Federal Contract Tower,7,14,14,0,35,0,12,39,0,51,7,26,53,0,86,76,8,84,170
09/26/2020,MOT,ND,AGL,CE,Federal Contract Tower,7,9,3,0,19,0,0,15,0,15,7,9,18,0,34,9,2,11,45
09/27/2020,MOT,ND,AGL,CE,Federal Contract Tower,6,1,4,0,11,0,0,3,0,3,6,1,7,0,14,12,0,12,26
09/28/2020,MOT,ND,AGL,CE,Federal Contract Tower,10,8,7,0,25,0,6,11,0,17,10,14,18,0,42,23,8,31,73
09/29/2020,MOT,ND,AGL,CE,Federal Contract Tower,6,14,10,0,30,0,0,3,0,3,6,14,13,0,33,56,0,56,89
09/30/2020,MOT,ND,AGL,CE,Federal Contract Tower,6,16,6,0,28,0,3,2,0,5,6,19,8,0,33,0,0,0,33
10/01/2020,MOT,ND,AGL,CE,Federal Contract Tower,12,13,14,0,39,0,3,22,0,25,12,16,36,0,64,59,8,67,131
10/02/2020,MOT,ND,AGL,CE,Federal Contract Tower,8,11,9,0,28,0,0,20,0,20,8,11,29,0,48,47,14,61,109
10/03/2020,MOT,ND,AGL,CE,Federal Contract Tower,8,11,2,0,21,0,1,26,0,27,8,12,28,0,48,48,0,48,96
10/04/2020,MOT,ND,AGL,CE,Federal Contract Tower,8,6,3,0,17,0,0,21,0,21,8,6,24,0,38,74,0,74,112
10/05/2020,MOT,ND,AGL,CE,Federal Contract Tower,12,10,12,0,34,0,0,6,0,6,12,10,18,0,40,0,2,2,42
10/06/2020,MOT,ND,AGL,CE,Federal Contract Tower,8,8,6,0,22,0,12,0,0,12,8,20,6,0,34,42,3,45,79
10/07/2020,MOT,ND,AGL,CE,Federal Contract Tower,8,12,11,0,31,0,0,31,0,31,8,12,42,0,62,50,0,50,112
10/08/2020,MOT,ND,AGL,CE,Federal Contract Tower,9,14,8,0,31,0,0,28,4,32,9,14,36,4,63,17,4,21,84
10/09/2020,MOT,ND,AGL,CE,Federal Contract Tower,10,12,7,0,29,0,0,29,0,29,10,12,36,0,58,89,0,89,147
10/10/2020,MOT,ND,AGL,CE,Federal Contract Tower,8,12,1,0,21,0,0,19,0,19,8,12,20,0,40,19,0,19,59
10/11/2020,MOT,ND,AGL,CE,Federal Contract Tower,8,4,8,0,20,0,0,10,0,10,8,4,18,0,30,70,0,70,100
10/12/2020,MOT,ND,AGL,CE,Federal Contract Tower,12,9,5,0,26,1,2,35,0,38,13,11,40,0,64,41,0,41,105
10/13/2020,MOT,ND,AGL,CE,Federal Contract Tower,8,10,11,0,29,0,1,13,0,14,8,11,24,0,43,23,26,49,92
10/14/2020,MOT,ND,AGL,CE,Federal Contract Tower,8,13,11,0,32,0,0,9,0,9,8,13,20,0,41,0,0,0,41
10/15/2020,MOT,ND,AGL,CE,Federal Contract Tower,11,14,15,0,40,0,0,15,0,15,11,14,30,0,55,15,0,15,70
10/16/2020,MOT,ND,AGL,CE,Federal Contract Tower,10,14,12,0,36,0,0,36,0,36,10,14,48,0,72,70,0,70,142
10/17/2020,MOT,ND,AGL,CE,Federal Contract Tower,8,13,4,0,25,0,2,17,0,19,8,15,21,0,44,25,0,25,69
10/18/2020,MOT,ND,AGL,CE,Federal Contract Tower,8,5,4,0,17,0,0,14,0,14,8,5,18,0,31,36,0,36,67
10/19/2020,MOT,ND,AGL,CE,Federal Contract Tower,11,10,3,0,24,0,0,15,0,15,11,10,18,0,39,34,8,42,81
10/20/2020,MOT,ND,AGL,CE,Federal Contract Tower,10,10,8,1,29,0,0,0,0,0,10,10,8,1,29,0,0,0,29
10/21/2020,MOT,ND,AGL,CE,Federal Contract Tower,8,14,13,1,36,0,0,16,0,16,8,14,29,1,52,107,6,113,165
10/22/2020,MOT,ND,AGL,CE,Federal Contract Tower,14,16,6,0,36,0,0,1,0,1,14,16,7,0,37,0,0,0,37
10/23/2020,MOT,ND,AGL,CE,Federal Contract Tower,7,12,9,0,28,0,0,23,0,23,7,12,32,0,51,15,0,15,66
10/24/2020,MOT,ND,AGL,CE,Federal Contract Tower,9,9,10,0,28,0,0,8,0,8,9,9,18,0,36,20,0,20,56
10/25/2020,MOT,ND,AGL,CE,Federal Contract Tower,6,3,9,0,18,0,2,14,0,16,6,5,23,0,34,55,0,55,89
10/26/2020,MOT,ND,AGL,CE,Federal Contract Tower,10,5,12,0,27,0,6,17,0,23,10,11,29,0,50,7,8,15,65
10/27/2020,MOT,ND,AGL,CE,Federal Contract Tower,6,12,8,0,26,0,0,15,0,15,6,12,23,0,41,0,0,0,41
10/28/2020,MOT,ND,AGL,CE,Federal Contract Tower,7,13,13,0,33,0,3,21,0,24,7,16,34,0,57,53,4,57,114
10/29/2020,MOT,ND,AGL,CE,Federal Contract Tower,9,13,4,0,26,0,0,16,0,16,9,13,20,0,42,15,0,15,57
10/30/2020,MOT,ND,AGL,CE,Federal Contract Tower,6,14,18,0,38,0,0,2,0,2,6,14,20,0,40,4,0,4,44
10/31/2020,MOT,ND,AGL,CE,Federal Contract Tower,5,8,3,0,16,0,0,0,0,0,5,8,3,0,16,0,0,0,16
11/01/2020,MOT,ND,AGL,CE,Federal Contract Tower,5,8,9,0,22,0,0,24,0,24,5,8,33,0,46,36,0,36,82
11/03/2020,MOT,ND,AGL,CE,Federal Contract Tower,4,13,7,0,24,0,0,24,2,26,4,13,31,2,50,45,2,47,97
11/04/2020,MOT,ND,AGL,CE,Federal Contract Tower,5,16,4,0,25,0,0,12,0,12,5,16,16,0,37,14,2,16,53
11/05/2020,MOT,ND,AGL,CE,Federal Contract Tower,10,16,12,0,38,0,0,22,0,22,10,16,34,0,60,76,24,100,160
11/06/2020,MOT,ND,AGL,CE,Federal Contract Tower,6,14,5,0,25,0,0,18,0,18,6,14,23,0,43,79,0,79,122
11/07/2020,MOT,ND,AGL,CE,Federal Contract Tower,6,13,2,0,21,0,0,1,0,1,6,13,3,0,22,0,0,0,22
11/08/2020,MOT,ND,AGL,CE,Federal Contract Tower,8,6,1,0,15,0,0,0,0,0,8,6,1,0,15,2,0,2,17
11/09/2020,MOT,ND,AGL,CE,Federal Contract Tower,13,8,9,2,32,0,0,2,0,2,13,8,11,2,34,1,0,1,35
11/10/2020,MOT,ND,AGL,CE,Federal Contract Tower,8,12,6,0,26,0,0,18,0,18,8,12,24,0,44,101,2,103,147
11/11/2020,MOT,ND,AGL,CE,Federal Contract Tower,8,18,11,0,37,0,0,1,0,1,8,18,12,0,38,0,0,0,38
11/12/2020,MOT,ND,AGL,CE,Federal Contract Tower,11,12,4,0,27,0,0,18,0,18,11,12,22,0,45,61,0,61,106
11/13/2020,MOT,ND,AGL,CE,Federal Contract Tower,8,11,5,0,24,0,0,18,0,18,8,11,23,0,42,53,4,57,99
11/14/2020,MOT,ND,AGL,CE,Federal Contract Tower,9,9,1,0,19,0,0,10,0,10,9,9,11,0,29,11,0,11,40
11/15/2020,MOT,ND,AGL,CE,Federal Contract Tower,8,4,1,0,13,0,0,13,0,13,8,4,14,0,26,104,0,104,130
11/16/2020,MOT,ND,AGL,CE,Federal Contract Tower,12,11,4,0,27,0,0,2,0,2,12,11,6,0,29,0,6,6,35
11/17/2020,MOT,ND,AGL,CE,Federal Contract Tower,8,16,9,0,33,0,1,8,0,9,8,17,17,0,42,2,2,4,46
11/18/2020,MOT,ND,AGL,CE,Federal Contract Tower,7,15,19,0,41,0,0,17,0,17,7,15,36,0,58,42,14,56,114
11/19/2020,MOT,ND,AGL,CE,Federal Contract Tower,10,18,8,0,36,0,0,0,0,0,10,18,8,0,36,0,0,0,36
11/20/2020,MOT,ND,AGL,CE,Federal Contract Tower,8,14,10,0,32,0,0,12,0,12,8,14,22,0,44,58,8,66,110
11/21/2020,MOT,ND,AGL,CE,Federal Contract Tower,12,12,2,0,26,0,0,29,2,31,12,12,31,2,57,29,2,31,88
11/22/2020,MOT,ND,AGL,CE,Federal Contract Tower,8,5,3,0,16,0,0,15,0,15,8,5,18,0,31,68,0,68,99
11/23/2020,MOT,ND,AGL,CE,Federal Contract Tower,14,4,9,0,27,0,4,14,0,18,14,8,23,0,45,40,2,42,87
11/24/2020,MOT,ND,AGL,CE,Federal Contract Tower,8,19,15,0,42,0,0,1,0,1,8,19,16,0,43,0,2,2,45
11/25/2020,MOT,ND,AGL,CE,Federal Contract Tower,14,16,6,0,36,0,0,9,0,9,14,16,15,0,45,20,10,30,75
11/26/2020,MOT,ND,AGL,CE,Federal Contract Tower,3,3,3,0,9,0,1,11,0,12,3,4,14,0,21,0,0,0,21
11/27/2020,MOT,ND,AGL,CE,Federal Contract Tower,8,12,4,0,24,0,0,13,0,13,8,12,17,0,37,27,0,27,64
11/28/2020,MOT,ND,AGL,CE,Federal Contract Tower,14,11,3,0,28,0,4,13,0,17,14,15,16,0,45,26,0,26,71
11/29/2020,MOT,ND,AGL,CE,Federal Contract Tower,8,10,5,0,23,0,0,16,0,16,8,10,21,0,39,51,0,51,90
11/30/2020,MOT,ND,AGL,CE,Federal Contract Tower,10,9,7,0,26,0,0,29,0,29,10,9,36,0,55,3,30,33,88
12/01/2020,MOT,ND,AGL,CE,Federal Contract Tower,8,9,2,0,19,0,3,6,0,9,8,12,8,0,28,25,2,27,55
12/02/2020,MOT,ND,AGL,CE,Federal Contract Tower,3,15,7,0,25,0,0,29,2,31,3,15,36,2,56,40,4,44,100
12/03/2020,MOT,ND,AGL,CE,Federal Contract Tower,4,20,10,1,35,0,0,16,4,20,4,20,26,5,55,26,22,48,103
12/04/2020,MOT,ND,AGL,CE,Federal Contract Tower,3,16,8,0,27,0,0,19,0,19,3,16,27,0,46,31,8,39,85
12/05/2020,MOT,ND,AGL,CE,Federal Contract Tower,1,9,13,0,23,0,0,23,0,23,1,9,36,0,46,66,4,70,116
12/06/2020,MOT,ND,AGL,CE,Federal Contract Tower,3,8,3,0,14,0,1,28,0,29,3,9,31,0,43,95,0,95,138
12/07/2020,MOT,ND,AGL,CE,Federal Contract Tower,5,13,12,0,30,0,0,11,0,11,5,13,23,0,41,32,0,32,73
12/08/2020,MOT,ND,AGL,CE,Federal Contract Tower,2,21,19,0,42,0,0,18,0,18,2,21,37,0,60,29,4,33,93
12/09/2020,MOT,ND,AGL,CE,Federal Contract Tower,2,17,15,0,34,0,5,29,0,34,2,22,44,0,68,50,0,50,118
12/10/2020,MOT,ND,AGL,CE,Federal Contract Tower,4,17,10,0,31,0,0,10,0,10,4,17,20,0,41,46,32,78,119
12/11/2020,MOT,ND,AGL,CE,Federal Contract Tower,3,18,0,0,21,0,0,0,0,0,3,18,0,0,21,0,0,0,21
12/12/2020,MOT,ND,AGL,CE,Federal Contract Tower,0,15,2,0,17,0,0,0,0,0,0,15,2,0,17,0,0,0,17
12/13/2020,MOT,ND,AGL,CE,Federal Contract Tower,2,9,1,0,12,0,0,1,0,1,2,9,2,0,13,0,0,0,13
12/14/2020,MOT,ND,AGL,CE,Federal Contract Tower,5,14,6,0,25,0,0,6,0,6,5,14,12,0,31,8,10,18,49
12/15/2020,MOT,ND,AGL,CE,Federal Contract Tower,2,20,17,0,39,0,0,11,0,11,2,20,28,0,50,12,30,42,92
12/16/2020,MOT,ND,AGL,CE,Federal Contract Tower,3,15,9,0,27,0,1,20,0,21,3,16,29,0,48,48,0,48,96
12/17/2020,MOT,ND,AGL,CE,Federal Contract Tower,8,21,17,0,46,0,0,14,0,14,8,21,31,0,60,48,2,50,110
12/18/2020,MOT,ND,AGL,CE,Federal Contract Tower,1,19,5,0,25,0,0,14,0,14,1,19,19,0,39,49,10,59,98
12/19/2020,MOT,ND,AGL,CE,Federal Contract Tower,6,15,2,0,23,0,0,11,0,11,6,15,13,0,34,10,0,10,44
12/20/2020,MOT,ND,AGL,CE,Federal Contract Tower,3,11,5,0,19,0,2,3,0,5,3,13,8,0,24,0,0,0,24
12/21/2020,MOT,ND,AGL,CE,Federal Contract Tower,6,12,9,0,27,0,0,9,0,9,6,12,18,0,36,46,10,56,92
12/22/2020,MOT,ND,AGL,CE,Federal Contract Tower,0,19,9,0,28,0,0,21,0,21,0,19,30,0,49,110,0,110,159
12/23/2020,MOT,ND,AGL,CE,Federal Contract Tower,4,7,1,0,12,0,4,2,0,6,4,11,3,0,18,0,4,4,22
12/24/2020,MOT,ND,AGL,CE,Federal Contract Tower,4,13,4,0,21,0,3,1,0,4,4,16,5,0,25,0,0,0,25
12/25/2020,MOT,ND,AGL,CE,Federal Contract Tower,1,6,2,0,9,0,0,8,0,8,1,6,10,0,17,0,0,0,17
12/26/2020,MOT,ND,AGL,CE,Federal Contract Tower,5,19,3,0,27,0,0,13,0,13,5,19,16,0,40,45,0,45,85
12/27/2020,MOT,ND,AGL,CE,Federal Contract Tower,0,12,10,0,22,0,0,9,0,9,0,12,19,0,31,6,0,6,37
12/28/2020,MOT,ND,AGL,CE,Federal Contract Tower,4,13,3,0,20,0,0,13,0,13,4,13,16,0,33,22,0,22,55
12/29/2020,MOT,ND,AGL,CE,Federal Contract Tower,0,17,4,0,21,0,1,9,0,10,0,18,13,0,31,2,26,28,59
12/30/2020,MOT,ND,AGL,CE,Federal Contract Tower,2,17,5,0,24,0,0,9,0,9,2,17,14,0,33,87,8,95,128
12/31/2020,MOT,ND,AGL,CE,Federal Contract Tower,4,14,5,0,23,0,1,18,0,19,4,15,23,0,42,54,0,54,96
01/01/2021,MOT,ND,AGL,CE,Federal Contract Tower,0,10,3,0,13,0,0,11,0,11,0,10,14,0,24,50,0,50,74
01/02/2021,MOT,ND,AGL,CE,Federal Contract Tower,4,18,2,0,24,0,2,15,0,17,4,20,17,0,41,12,0,12,53
01/03/2021,MOT,ND,AGL,CE,Federal Contract Tower,0,9,6,0,15,0,0,14,0,14,0,9,20,0,29,16,0,16,45
01/04/2021,MOT,ND,AGL,CE,Federal Contract Tower,4,12,8,0,24,0,0,18,0,18,4,12,26,0,42,51,0,51,93
01/05/2021,MOT,ND,AGL,CE,Federal Contract Tower,0,21,4,0,25,0,0,13,0,13,0,21,17,0,38,9,50,59,97
01/06/2021,MOT,ND,AGL,CE,Federal Contract Tower,0,17,2,0,19,0,5,22,0,27,0,22,24,0,46,78,4,82,128
01/07/2021,MOT,ND,AGL,CE,Federal Contract Tower,4,19,1,1,25,0,0,7,0,7,4,19,8,1,32,69,2,71,103
01/08/2021,MOT,ND,AGL,CE,Federal Contract Tower,0,19,4,0,23,0,0,1,0,1,0,19,5,0,24,0,0,0,24
01/09/2021,MOT,ND,AGL,CE,Federal Contract Tower,0,12,3,0,15,0,0,13,0,13,0,12,16,0,28,34,0,34,62
01/10/2021,MOT,ND,AGL,CE,Federal Contract Tower,2,9,4,0,15,0,6,9,0,15,2,15,13,0,30,37,0,37,67
01/11/2021,MOT,ND,AGL,CE,Federal Contract Tower,4,16,6,0,26,0,0,11,0,11,4,16,17,0,37,35,28,63,100
01/12/2021,MOT,ND,AGL,CE,Federal Contract Tower,0,20,8,0,28,0,0,24,0,24,0,20,32,0,52,70,11,81,133
01/13/2021,MOT,ND,AGL,CE,Federal Contract Tower,0,18,12,0,30,0,2,25,0,27,0,20,37,0,57,22,6,28,85
01/14/2021,MOT,ND,AGL,CE,Federal Contract Tower,4,11,0,0,15,0,0,0,0,0,4,11,0,0,15,0,0,0,15
01/15/2021,MOT,ND,AGL,CE,Federal Contract Tower,6,16,11,0,33,0,0,11,0,11,6,16,22,0,44,17,0,17,61
01/16/2021,MOT,ND,AGL,CE,Federal Contract Tower,0,17,0,0,17,0,0,25,0,25,0,17,25,0,42,58,0,58,100
01/17/2021,MOT,ND,AGL,CE,Federal Contract Tower,0,6,3,0,9,0,2,22,0,24,0,8,25,0,33,49,0,49,82
01/18/2021,MOT,ND,AGL,CE,Federal Contract Tower,4,13,5,0,22,0,0,0,0,0,4,13,5,0,22,29,0,29,51
01/19/2021,MOT,ND,AGL,CE,Federal Contract Tower,4,14,7,0,25,0,0,12,0,12,4,14,19,0,37,38,2,40,77
01/20/2021,MOT,ND,AGL,CE,Federal Contract Tower,0,17,7,0,24,0,0,2,0,2,0,17,9,0,26,0,0,0,26
01/21/2021,MOT,ND,AGL,CE,Federal Contract Tower,4,15,7,0,26,0,0,1,0,1,4,15,8,0,27,16,15,31,58
01/22/2021,MOT,ND,AGL,CE,Federal Contract Tower,0,16,9,0,25,0,1,5,0,6,0,17,14,0,31,0,2,2,33
01/23/2021,MOT,ND,AGL,CE,Federal Contract Tower,0,13,2,0,15,0,0,22,0,22,0,13,24,0,37,127,0,127,164
01/24/2021,MOT,ND,AGL,CE,Federal Contract Tower,2,7,1,0,10,0,0,0,0,0,2,7,1,0,10,0,0,0,10
01/25/2021,MOT,ND,AGL,CE,Federal Contract Tower,4,19,9,0,32,0,0,0,3,3,4,19,9,3,35,2,2,4,39
01/26/2021,MOT,ND,AGL,CE,Federal Contract Tower,0,18,9,0,27,0,0,0,0,0,0,18,9,0,27,0,12,12,39
01/27/2021,MOT,ND,AGL,CE,Federal Contract Tower,0,19,9,0,28,0,0,5,0,5,0,19,14,0,33,4,0,4,37
01/28/2021,MOT,ND,AGL,CE,Federal Contract Tower,4,18,13,0,35,0,0,1,0,1,4,18,14,0,36,7,0,7,43
01/29/2021,MOT,ND,AGL,CE,Federal Contract Tower,0,17,5,2,24,0,0,0,0,0,0,17,5,2,24,0,0,0,24
01/30/2021,MOT,ND,AGL,CE,Federal Contract Tower,0,11,1,0,12,0,0,0,0,0,0,11,1,0,12,0,0,0,12
01/31/2021,MOT,ND,AGL,CE,Federal Contract Tower,0,9,7,0,16,0,2,3,0,5,0,11,10,0,21,20,0,20,41
02/01/2021,MOT,ND,AGL,CE,Federal Contract Tower,4,12,8,0,24,0,0,17,0,17,4,12,25,0,41,149,0,149,190
02/02/2021,MOT,ND,AGL,CE,Federal Contract Tower,1,17,12,0,30,0,0,10,0,10,1,17,22,0,40,73,2,75,115
02/03/2021,MOT,ND,AGL,CE,Federal Contract Tower,0,18,8,0,26,0,4,1,0,5,0,22,9,0,31,8,0,8,39
02/04/2021,MOT,ND,AGL,CE,Federal Contract Tower,4,15,6,0,25,0,1,9,0,10,4,16,15,0,35,17,8,25,60
02/05/2021,MOT,ND,AGL,CE,Federal Contract Tower,1,16,5,0,22,0,0,3,0,3,1,16,8,0,25,0,8,8,33
02/06/2021,MOT,ND,AGL,CE,Federal Contract Tower,0,14,1,0,15,0,0,0,0,0,0,14,1,0,15,0,2,2,17
02/07/2021,MOT,ND,AGL,CE,Federal Contract Tower,0,9,6,0,15,0,0,9,0,9,0,9,15,0,24,0,0,0,24
02/08/2021,MOT,ND,AGL,CE,Federal Contract Tower,4,16,4,0,24,0,0,5,0,5,4,16,9,0,29,4,10,14,43
02/09/2021,MOT,ND,AGL,CE,Federal Contract Tower,0,18,8,0,26,0,0,0,0,0,0,18,8,0,26,1,2,3,29
02/10/2021,MOT,ND,AGL,CE,Federal Contract Tower,4,23,4,0,31,0,0,8,0,8,4,23,12,0,39,0,0,0,39
02/11/2021,MOT,ND,AGL,CE,Federal Contract Tower,2,16,7,0,25,0,0,0,0,0,2,16,7,0,25,2,0,2,27
02/12/2021,MOT,ND,AGL,CE,Federal Contract Tower,0,22,9,0,31,0,0,0,0,0,0,22,9,0,31,0,0,0,31
02/13/2021,MOT,ND,AGL,CE,Federal Contract Tower,3,16,0,0,19,0,0,5,0,5,3,16,5,0,24,0,0,0,24
02/14/2021,MOT,ND,AGL,CE,Federal Contract Tower,1,8,3,0,12,0,0,2,0,2,1,8,5,0,14,0,0,0,14
02/15/2021,MOT,ND,AGL,CE,Federal Contract Tower,1,15,2,0,18,0,0,7,0,7,1,15,9,0,25,16,0,16,41
02/16/2021,MOT,ND,AGL,CE,Federal Contract Tower,0,14,8,0,22,0,0,7,2,9,0,14,15,2,31,15,10,25,56
02/17/2021,MOT,ND,AGL,CE,Federal Contract Tower,7,17,11,0,35,0,0,9,0,9,7,17,20,0,44,45,0,45,89
02/18/2021,MOT,ND,AGL,CE,Federal Contract Tower,3,19,11,0,33,0,0,5,0,5,3,19,16,0,38,12,6,18,56
02/19/2021,MOT,ND,AGL,CE,Federal Contract Tower,3,12,3,0,18,0,0,17,0,17,3,12,20,0,35,22,4,26,61
02/20/2021,MOT,ND,AGL,CE,Federal Contract Tower,4,15,3,0,22,0,0,22,0,22,4,15,25,0,44,116,0,116,160
02/21/2021,MOT,ND,AGL,CE,Federal Contract Tower,5,10,3,0,18,0,6,18,0,24,5,16,21,0,42,80,4,84,126
02/22/2021,MOT,ND,AGL,CE,Federal Contract Tower,2,11,12,0,25,0,0,1,0,1,2,11,13,0,26,4,8,12,38
02/23/2021,MOT,ND,AGL,CE,Federal Contract Tower,0,18,5,0,23,0,0,0,0,0,0,18,5,0,23,0,0,0,23
02/24/2021,MOT,ND,AGL,CE,Federal Contract Tower,4,19,10,0,33,0,0,9,0,9,4,19,19,0,42,0,4,4,46
02/25/2021,MOT,ND,AGL,CE,Federal Contract Tower,4,19,7,0,30,0,4,16,0,20,4,23,23,0,50,8,2,10,60
02/26/2021,MOT,ND,AGL,CE,Federal Contract Tower,0,19,9,0,28,0,0,17,0,17,0,19,26,0,45,38,0,38,83
02/27/2021,MOT,ND,AGL,CE,Federal Contract Tower,4,14,1,0,19,0,0,8,0,8,4,14,9,0,27,6,0,6,33
02/28/2021,MOT,ND,AGL,CE,Federal Contract Tower,2,10,1,0,13,0,0,14,0,14,2,10,15,0,27,0,0,0,27
03/01/2021,MOT,ND,AGL,CE,Federal Contract Tower,0,12,7,0,19,0,0,11,0,11,0,12,18,0,30,18,24,42,72
03/02/2021,MOT,ND,AGL,CE,Federal Contract Tower,0,22,3,0,25,0,0,13,0,13,0,22,16,0,38,29,36,65,103
03/03/2021,MOT,ND,AGL,CE,Federal Contract Tower,4,22,11,0,37,0,1,38,0,39,4,23,49,0,76,38,31,69,145
03/04/2021,MOT,ND,AGL,CE,Federal Contract Tower,4,20,10,0,34,0,4,19,0,23,4,24,29,0,57,19,2,21,78
03/05/2021,MOT,ND,AGL,CE,Federal Contract Tower,0,19,2,0,21,0,8,0,0,8,0,27,2,0,29,18,0,18,47
03/06/2021,MOT,ND,AGL,CE,Federal Contract Tower,6,15,5,0,26,0,0,22,0,22,6,15,27,0,48,22,0,22,70
03/07/2021,MOT,ND,AGL,CE,Federal Contract Tower,2,13,1,0,16,0,2,28,0,30,2,15,29,0,46,3,0,3,49
03/08/2021,MOT,ND,AGL,CE,Federal Contract Tower,2,15,5,0,22,0,1,16,0,17,2,16,21,0,39,34,43,77,116
03/09/2021,MOT,ND,AGL,CE,Federal Contract Tower,0,24,13,0,37,0,0,1,0,1,0,24,14,0,38,0,16,16,54
03/10/2021,MOT,ND,AGL,CE,Federal Contract Tower,4,21,4,0,29,0,0,9,0,9,4,21,13,0,38,40,33,73,111
03/11/2021,MOT,ND,AGL,CE,Federal Contract Tower,5,22,6,0,33,0,5,15,0,20,5,27,21,0,53,0,0,0,53
03/12/2021,MOT,ND,AGL,CE,Federal Contract Tower,0,26,7,0,33,0,3,24,0,27,0,29,31,0,60,33,0,33,93
03/13/2021,MOT,ND,AGL,CE,Federal Contract Tower,4,19,3,0,26,0,3,36,0,39,4,22,39,0,65,87,0,87,152
03/14/2021,MOT,ND,AGL,CE,Federal Contract Tower,2,14,7,0,23,0,0,20,0,20,2,14,27,0,43,27,0,27,70
03/15/2021,MOT,ND,AGL,CE,Federal Contract Tower,2,13,5,0,20,0,0,16,0,16,2,13,21,0,36,5,16,21,57
03/16/2021,MOT,ND,AGL,CE,Federal Contract Tower,0,25,6,0,31,0,0,14,0,14,0,25,20,0,45,8,2,10,55
03/17/2021,MOT,ND,AGL,CE,Federal Contract Tower,4,15,10,0,29,0,7,0,0,7,4,22,10,0,36,57,2,59,95
03/18/2021,MOT,ND,AGL,CE,Federal Contract Tower,4,24,1,0,29,0,4,13,0,17,4,28,14,0,46,28,6,34,80
03/19/2021,MOT,ND,AGL,CE,Federal Contract Tower,0,29,5,0,34,0,0,25,0,25,0,29,30,0,59,4,0,4,63
03/20/2021,MOT,ND,AGL,CE,Federal Contract Tower,4,19,4,0,27,0,0,48,0,48,4,19,52,0,75,76,0,76,151
03/21/2021,MOT,ND,AGL,CE,Federal Contract Tower,2,18,3,0,23,0,3,13,0,16,2,21,16,0,39,13,0,13,52
03/22/2021,MOT,ND,AGL,CE,Federal Contract Tower,4,17,5,0,26,0,6,9,0,15,4,23,14,0,41,4,32,36,77
03/23/2021,MOT,ND,AGL,CE,Federal Contract Tower,0,29,8,0,37,0,5,17,0,22,0,34,25,0,59,50,6,56,115
03/24/2021,MOT,ND,AGL,CE,Federal Contract Tower,4,22,13,0,39,0,0,13,0,13,4,22,26,0,52,32,2,34,86
03/25/2021,MOT,ND,AGL,CE,Federal Contract Tower,2,25,5,0,32,0,0,26,0,26,2,25,31,0,58,55,0,55,113
03/26/2021,MOT,ND,AGL,CE,Federal Contract Tower,0,26,8,0,34,0,6,9,0,15,0,32,17,0,49,24,4,28,77
03/27/2021,MOT,ND,AGL,CE,Federal Contract Tower,5,20,4,0,29,0,2,17,0,19,5,22,21,0,48,54,0,54,102
03/28/2021,MOT,ND,AGL,CE,Federal Contract Tower,2,14,5,0,21,0,1,11,0,12,2,15,16,0,33,0,0,0,33
03/29/2021,MOT,ND,AGL,CE,Federal Contract Tower,1,15,3,0,19,0,0,4,0,4,1,15,7,0,23,8,2,10,33
03/30/2021,MOT,ND,AGL,CE,Federal Contract Tower,0,25,4,0,29,0,0,2,0,2,0,25,6,0,31,0,2,2,33
03/31/2021,MOT,ND,AGL,CE,Federal Contract Tower,4,22,3,0,29,0,0,28,0,28,4,22,31,0,57,54,6,60,117
04/01/2021,MOT,ND,AGL,CE,Federal Contract Tower,4,24,6,0,34,0,1,13,0,14,4,25,19,0,48,13,2,15,63
04/02/2021,MOT,ND,AGL,CE,Federal Contract Tower,2,20,3,0,25,0,4,23,0,27,2,24,26,0,52,50,0,50,102
04/03/2021,MOT,ND,AGL,CE,Federal Contract Tower,4,17,2,0,23,0,1,29,0,30,4,18,31,0,53,105,0,105,158
04/05/2021,MOT,ND,AGL,CE,Federal Contract Tower,2,20,15,0,37,0,2,16,0,18,2,22,31,0,55,11,0,11,66
04/06/2021,MOT,ND,AGL,CE,Federal Contract Tower,0,23,15,0,38,0,2,18,0,20,0,25,33,0,58,135,10,145,203
04/07/2021,MOT,ND,AGL,CE,Federal Contract Tower,4,24,17,0,45,0,0,25,0,25,4,24,42,0,70,69,0,69,139
04/08/2021,MOT,ND,AGL,CE,Federal Contract Tower,4,26,7,0,37,0,1,13,0,14,4,27,20,0,51,72,0,72,123
04/09/2021,MOT,ND,AGL,CE,Federal Contract Tower,0,23,5,0,28,0,1,9,0,10,0,24,14,0,38,3,4,7,45
04/10/2021,MOT,ND,AGL,CE,Federal Contract Tower,4,20,8,0,32,0,6,39,0,45,4,26,47,0,77,57,0,57,134
04/11/2021,MOT,ND,AGL,CE,Federal Contract Tower,2,13,0,0,15,0,1,0,0,1,2,14,0,0,16,2,0,2,18
04/12/2021,MOT,ND,AGL,CE,Federal Contract Tower,2,16,6,0,24,0,0,0,0,0,2,16,6,0,24,0,0,0,24
04/13/2021,MOT,ND,AGL,CE,Federal Contract Tower,0,25,7,0,32,0,0,0,0,0,0,25,7,0,32,0,0,0,32
04/14/2021,MOT,ND,AGL,CE,Federal Contract Tower,0,22,4,0,26,0,0,3,0,3,0,22,7,0,29,0,22,22,51
04/15/2021,MOT,ND,AGL,CE,Federal Contract Tower,1,22,15,0,38,0,2,6,0,8,1,24,21,0,46,18,0,18,64
04/16/2021,MOT,ND,AGL,CE,Federal Contract Tower,1,20,2,0,23,0,6,5,0,11,1,26,7,0,34,46,0,46,80
04/17/2021,MOT,ND,AGL,CE,Federal Contract Tower,0,18,6,0,24,0,12,69,0,81,0,30,75,0,105,65,0,65,170
04/18/2021,MOT,ND,AGL,CE,Federal Contract Tower,0,14,5,0,19,0,0,5,0,5,0,14,10,0,24,0,0,0,24
04/19/2021,MOT,ND,AGL,CE,Federal Contract Tower,3,16,2,0,21,0,0,8,0,8,3,16,10,0,29,8,22,30,59
04/20/2021,MOT,ND,AGL,CE,Federal Contract Tower,4,21,9,0,34,0,8,6,0,14,4,29,15,0,48,12,0,12,60
04/21/2021,MOT,ND,AGL,CE,Federal Contract Tower,0,18,3,0,21,0,7,26,0,33,0,25,29,0,54,53,12,65,119
04/22/2021,MOT,ND,AGL,CE,Federal Contract Tower,0,25,8,0,33,0,2,36,0,38,0,27,44,0,71,22,0,22,93
04/23/2021,MOT,ND,AGL,CE,Federal Contract Tower,1,21,8,0,30,0,0,13,0,13,1,21,21,0,43,31,4,35,78
04/24/2021,MOT,ND,AGL,CE,Federal Contract Tower,2,16,4,0,22,0,0,41,0,41,2,16,45,0,63,108,4,112,175
04/25/2021,MOT,ND,AGL,CE,Federal Contract Tower,0,14,8,0,22,0,1,6,0,7,0,15,14,0,29,14,0,14,43
04/26/2021,MOT,ND,AGL,CE,Federal Contract Tower,3,20,8,0,31,0,0,8,0,8,3,20,16,0,39,18,4,22,61
04/27/2021,MOT,ND,AGL,CE,Federal Contract Tower,0,22,13,0,35,0,5,29,0,34,0,27,42,0,69,53,21,74,143
04/28/2021,MOT,ND,AGL,CE,Federal Contract Tower,0,26,6,0,32,0,0,32,0,32,0,26,38,0,64,64,4,68,132
04/29/2021,MOT,ND,AGL,CE,Federal Contract Tower,1,28,5,0,34,0,0,13,0,13,1,28,18,0,47,25,2,27,74
04/30/2021,MOT,ND,AGL,CE,Federal Contract Tower,1,26,6,0,33,0,3,12,0,15,1,29,18,0,48,17,0,17,65
05/01/2021,MOT,ND,AGL,CE,Federal Contract Tower,0,18,3,0,21,0,2,24,0,26,0,20,27,0,47,56,0,56,103
05/02/2021,MOT,ND,AGL,CE,Federal Contract Tower,0,12,3,0,15,0,5,17,0,22,0,17,20,0,37,68,0,68,105
05/03/2021,MOT,ND,AGL,CE,Federal Contract Tower,3,16,4,0,23,0,0,4,0,4,3,16,8,0,27,46,0,46,73
05/04/2021,MOT,ND,AGL,CE,Federal Contract Tower,0,19,11,0,30,0,4,28,0,32,0,23,39,0,62,54,2,56,118
05/05/2021,MOT,ND,AGL,CE,Federal Contract Tower,2,20,9,0,31,0,0,15,0,15,2,20,24,0,46,54,2,56,102
05/06/2021,MOT,ND,AGL,CE,Federal Contract Tower,2,22,6,0,30,0,0,10,0,10,2,22,16,0,40,2,0,2,42
05/07/2021,MOT,ND,AGL,CE,Federal Contract Tower,1,25,8,0,34,0,0,44,0,44,1,25,52,0,78,68,4,72,150
05/08/2021,MOT,ND,AGL,CE,Federal Contract Tower,1,17,5,0,23,0,2,24,0,26,1,19,29,0,49,50,0,50,99
05/09/2021,MOT,ND,AGL,CE,Federal Contract Tower,1,13,7,0,21,0,0,33,0,33,1,13,40,0,54,17,0,17,71
05/10/2021,MOT,ND,AGL,CE,Federal Contract Tower,4,15,11,0,30,0,3,23,0,26,4,18,34,0,56,71,0,71,127
05/11/2021,MOT,ND,AGL,CE,Federal Contract Tower,2,22,10,0,34,0,4,26,0,30,2,26,36,0,64,84,16,100,164
05/12/2021,MOT,ND,AGL,CE,Federal Contract Tower,2,19,7,0,28,0,11,29,0,40,2,30,36,0,68,16,8,24,92
05/13/2021,MOT,ND,AGL,CE,Federal Contract Tower,3,18,0,0,21,0,2,50,0,52,3,20,50,0,73,85,2,87,160
05/14/2021,MOT,ND,AGL,CE,Federal Contract Tower,0,27,5,0,32,0,1,28,0,29,0,28,33,0,61,86,0,86,147
05/15/2021,MOT,ND,AGL,CE,Federal Contract Tower,0,16,1,0,17,0,7,59,1,67,0,23,60,1,84,78,3,81,165
05/16/2021,MOT,ND,AGL,CE,Federal Contract Tower,2,9,3,0,14,0,8,31,0,39,2,17,34,0,53,50,0,50,103
05/17/2021,MOT,ND,AGL,CE,Federal Contract Tower,5,13,4,0,22,0,4,12,0,16,5,17,16,0,38,0,2,2,40
05/18/2021,MOT,ND,AGL,CE,Federal Contract Tower,2,23,6,0,31,0,2,8,0,10,2,25,14,0,41,0,2,2,43
05/19/2021,MOT,ND,AGL,CE,Federal Contract Tower,2,17,8,0,27,0,12,21,0,33,2,29,29,0,60,21,28,49,109
05/20/2021,MOT,ND,AGL,CE,Federal Contract Tower,4,19,7,0,30,0,0,2,0,2,4,19,9,0,32,0,6,6,38
05/21/2021,MOT,ND,AGL,CE,Federal Contract Tower,3,17,11,0,31,0,0,3,0,3,3,17,14,0,34,3,0,3,37
05/22/2021,MOT,ND,AGL,CE,Federal Contract Tower,0,16,12,0,28,0,3,2,0,5,0,19,14,0,33,0,0,0,33
05/23/2021,MOT,ND,AGL,CE,Federal Contract Tower,1,11,6,0,18,0,0,0,0,0,1,11,6,0,18,0,0,0,18
05/24/2021,MOT,ND,AGL,CE,Federal Contract Tower,7,14,2,0,23,0,0,6,0,6,7,14,8,0,29,0,8,8,37
05/25/2021,MOT,ND,AGL,CE,Federal Contract Tower,2,15,10,0,27,0,1,8,0,9,2,16,18,0,36,0,24,24,60
05/26/2021,MOT,ND,AGL,CE,Federal Contract Tower,4,23,14,0,41,0,5,37,0,42,4,28,51,0,83,101,15,116,199
05/27/2021,MOT,ND,AGL,CE,Federal Contract Tower,6,17,11,0,34,0,0,34,0,34,6,17,45,0,68,98,0,98,166
05/28/2021,MOT,ND,AGL,CE,Federal Contract Tower,3,18,2,0,23,0,5,3,0,8,3,23,5,0,31,0,0,0,31
05/29/2021,MOT,ND,AGL,CE,Federal Contract Tower,5,16,0,0,21,0,8,35,0,43,5,24,35,0,64,44,0,44,108
05/30/2021,MOT,ND,AGL,CE,Federal Contract Tower,0,10,9,0,19,0,6,22,0,28,0,16,31,0,47,37,0,37,84
05/31/2021,MOT,ND,AGL,CE,Federal Contract Tower,6,10,7,0,23,0,2,31,0,33,6,12,38,0,56,124,0,124,180
06/01/2021,MOT,ND,AGL,CE,Federal Contract Tower,2,22,5,0,29,0,0,33,0,33,2,22,38,0,62,93,46,139,201
06/02/2021,MOT,ND,AGL,CE,Federal Contract Tower,6,16,13,0,35,0,0,28,0,28,6,16,41,0,63,59,10,69,132
06/03/2021,MOT,ND,AGL,CE,Federal Contract Tower,3,18,5,0,26,0,3,16,0,19,3,21,21,0,45,53,0,53,98
06/04/2021,MOT,ND,AGL,CE,Federal Contract Tower,2,17,7,0,26,0,4,11,0,15,2,21,18,0,41,32,0,32,73
06/05/2021,MOT,ND,AGL,CE,Federal Contract Tower,6,15,2,0,23,0,6,24,0,30,6,21,26,0,53,26,0,26,79
06/06/2021,MOT,ND,AGL,CE,Federal Contract Tower,2,11,5,0,18,0,2,14,0,16,2,13,19,0,34,14,0,14,48
06/07/2021,MOT,ND,AGL,CE,Federal Contract Tower,7,12,7,0,26,0,0,46,0,46,7,12,53,0,72,33,4,37,109
06/08/2021,MOT,ND,AGL,CE,Federal Contract Tower,2,20,9,0,31,0,4,19,0,23,2,24,28,0,54,33,0,33,87
06/09/2021,MOT,ND,AGL,CE,Federal Contract Tower,4,21,11,0,36,0,3,19,0,22,4,24,30,0,58,116,8,124,182
06/10/2021,MOT,ND,AGL,CE,Federal Contract Tower,4,19,13,0,36,0,0,6,0,6,4,19,19,0,42,0,0,0,42
06/11/2021,MOT,ND,AGL,CE,Federal Contract Tower,1,18,2,0,21,0,2,1,0,3,1,20,3,0,24,0,0,0,24
06/12/2021,MOT,ND,AGL,CE,Federal Contract Tower,4,20,14,0,38,0,1,21,0,22,4,21,35,0,60,146,0,146,206
06/13/2021,MOT,ND,AGL,CE,Federal Contract Tower,2,11,4,0,17,0,1,44,1,46,2,12,48,1,63,87,0,87,150
06/14/2021,MOT,ND,AGL,CE,Federal Contract Tower,4,16,8,0,28,0,2,31,0,33,4,18,39,0,61,110,0,110,171
06/15/2021,MOT,ND,AGL,CE,Federal Contract Tower,2,24,12,0,38,0,4,24,0,28,2,28,36,0,66,46,0,46,112
06/16/2021,MOT,ND,AGL,CE,Federal Contract Tower,3,24,12,0,39,0,4,2,0,6,3,28,14,0,45,38,6,44,89
06/17/2021,MOT,ND,AGL,CE,Federal Contract Tower,4,20,15,0,39,0,0,20,0,20,4,20,35,0,59,0,0,0,59
06/18/2021,MOT,ND,AGL,CE,Federal Contract Tower,3,24,6,0,33,0,2,21,0,23,3,26,27,0,56,22,0,22,78
06/19/2021,MOT,ND,AGL,CE,Federal Contract Tower,3,24,2,0,29,0,4,42,0,46,3,28,44,0,75,39,0,39,114
06/20/2021,MOT,ND,AGL,CE,Federal Contract Tower,2,11,4,0,17,0,3,4,0,7,2,14,8,0,24,2,0,2,26
06/21/2021,MOT,ND,AGL,CE,Federal Contract Tower,2,17,12,0,31,0,7,20,13,40,2,24,32,13,71,24,0,24,95
06/22/2021,MOT,ND,AGL,CE,Federal Contract Tower,0,25,4,0,29,0,0,31,0,31,0,25,35,0,60,41,8,49,109
06/23/2021,MOT,ND,AGL,CE,Federal Contract Tower,2,23,8,0,33,0,9,20,0,29,2,32,28,0,62,36,20,56,118
06/24/2021,MOT,ND,AGL,CE,Federal Contract Tower,4,22,8,0,34,0,0,40,2,42,4,22,48,2,76,80,0,80,156
06/25/2021,MOT,ND,AGL,CE,Federal Contract Tower,3,22,12,0,37,0,4,5,0,9,3,26,17,0,46,32,6,38,84
06/26/2021,MOT,ND,AGL,CE,Federal Contract Tower,6,17,1,0,24,0,0,25,0,25,6,17,26,0,49,83,0,83,132
06/27/2021,MOT,ND,AGL,CE,Federal Contract Tower,4,11,3,0,18,0,0,2,0,2,4,11,5,0,20,12,0,12,32
06/28/2021,MOT,ND,AGL,CE,Federal Contract Tower,3,17,8,0,28,0,0,28,0,28,3,17,36,0,56,50,2,52,108
06/29/2021,MOT,ND,AGL,CE,Federal Contract Tower,0,24,4,0,28,0,4,58,0,62,0,28,62,0,90,60,0,60,150
06/30/2021,MOT,ND,AGL,CE,Federal Contract Tower,4,23,7,0,34,0,2,29,0,31,4,25,36,0,65,31,8,39,104
07/01/2021,MOT,ND,AGL,CE,Federal Contract Tower,6,21,6,0,33,0,0,18,0,18,6,21,24,0,51,36,0,36,87
07/02/2021,MOT,ND,AGL,CE,Federal Contract Tower,5,19,3,0,27,0,10,24,0,34,5,29,27,0,61,40,0,40,101
07/03/2021,MOT,ND,AGL,CE,Federal Contract Tower,4,18,7,0,29,0,5,19,0,24,4,23,26,0,53,73,0,73,126
07/04/2021,MOT,ND,AGL,CE,Federal Contract Tower,2,13,1,0,16,0,0,12,0,12,2,13,13,0,28,1,0,1,29
07/05/2021,MOT,ND,AGL,CE,Federal Contract Tower,5,13,5,0,23,0,4,31,0,35,5,17,36,0,58,67,0,67,125
07/06/2021,MOT,ND,AGL,CE,Federal Contract Tower,2,19,9,0,30,0,1,11,0,12,2,20,20,0,42,38,2,40,82
07/07/2021,MOT,ND,AGL,CE,Federal Contract Tower,5,21,12,0,38,0,4,40,0,44,5,25,52,0,82,73,10,83,165
07/08/2021,MOT,ND,AGL,CE,Federal Contract Tower,4,23,2,0,29,0,0,21,0,21,4,23,23,0,50,58,2,60,110
07/09/2021,MOT,ND,AGL,CE,Federal Contract Tower,2,17,14,0,33,0,0,27,0,27,2,17,41,0,60,53,8,61,121
07/10/2021,MOT,ND,AGL,CE,Federal Contract Tower,4,19,1,0,24,0,2,40,0,42,4,21,41,0,66,94,0,94,160
07/11/2021,MOT,ND,AGL,CE,Federal Contract Tower,2,13,2,0,17,0,0,34,0,34,2,13,36,0,51,0,0,0,51
07/12/2021,MOT,ND,AGL,CE,Federal Contract Tower,4,21,10,0,35,0,4,41,0,45,4,25,51,0,80,70,6,76,156
07/13/2021,MOT,ND,AGL,CE,Federal Contract Tower,0,25,10,0,35,0,0,28,0,28,0,25,38,0,63,34,0,34,97
07/14/2021,MOT,ND,AGL,CE,Federal Contract Tower,4,23,9,0,36,0,5,31,0,36,4,28,40,0,72,32,2,34,106
07/15/2021,MOT,ND,AGL,CE,Federal Contract Tower,2,21,3,0,26,0,2,18,0,20,2,23,21,0,46,27,0,27,73
07/16/2021,MOT,ND,AGL,CE,Federal Contract Tower,2,20,6,0,28,0,0,23,0,23,2,20,29,0,51,6,8,14,65
07/17/2021,MOT,ND,AGL,CE,Federal Contract Tower,2,20,0,0,22,0,2,33,0,35,2,22,33,0,57,35,0,35,92
07/18/2021,MOT,ND,AGL,CE,Federal Contract Tower,2,14,6,0,22,0,0,17,0,17,2,14,23,0,39,9,0,9,48
07/19/2021,MOT,ND,AGL,CE,Federal Contract Tower,4,14,7,0,25,0,4,24,0,28,4,18,31,0,53,8,12,20,73
07/20/2021,MOT,ND,AGL,CE,Federal Contract Tower,2,21,12,0,35,0,1,26,0,27,2,22,38,0,62,51,0,51,113
07/21/2021,MOT,ND,AGL,CE,Federal Contract Tower,3,20,14,1,38,0,2,19,0,21,3,22,33,1,59,16,25,41,100
07/22/2021,MOT,ND,AGL,CE,Federal Contract Tower,1,35,20,0,56,0,0,21,0,21,1,35,41,0,77,45,12,57,134
07/23/2021,MOT,ND,AGL,CE,Federal Contract Tower,1,25,12,2,40,0,6,33,0,39,1,31,45,2,79,48,14,62,141
07/24/2021,MOT,ND,AGL,CE,Federal Contract Tower,4,19,5,0,28,0,0,41,0,41,4,19,46,0,69,48,0,48,117
07/25/2021,MOT,ND,AGL,CE,Federal Contract Tower,2,14,11,0,27,0,4,34,0,38,2,18,45,0,65,62,0,62,127
07/26/2021,MOT,ND,AGL,CE,Federal Contract Tower,7,13,12,0,32,0,6,27,0,33,7,19,39,0,65,42,44,86,151
07/27/2021,MOT,ND,AGL,CE,Federal Contract Tower,2,21,4,2,29,0,0,7,0,7,2,21,11,2,36,60,67,127,163
07/28/2021,MOT,ND,AGL,CE,Federal Contract Tower,4,19,12,0,35,0,4,17,0,21,4,23,29,0,56,74,2,76,132
07/29/2021,MOT,ND,AGL,CE,Federal Contract Tower,4,20,3,0,27,0,1,18,2,21,4,21,21,2,48,53,83,136,184
07/30/2021,MOT,ND,AGL,CE,Federal Contract Tower,2,19,21,0,42,0,1,21,0,22,2,20,42,0,64,18,0,18,82
07/31/2021,MOT,ND,AGL,CE,Federal Contract Tower,6,16,9,0,31,0,1,33,0,34,6,17,42,0,65,45,0,45,110
08/01/2021,MOT,ND,AGL,CE,Federal Contract Tower,2,10,5,0,17,0,0,33,0,33,2,10,38,0,50,4,0,4,54
08/02/2021,MOT,ND,AGL,CE,Federal Contract Tower,4,16,12,0,32,0,3,35,0,38,4,19,47,0,70,6,4,10,80
08/03/2021,MOT,ND,AGL,CE,Federal Contract Tower,2,28,10,0,40,0,4,16,0,20,2,32,26,0,60,26,0,26,86
08/04/2021,MOT,ND,AGL,CE,Federal Contract Tower,5,19,15,0,39,0,7,25,0,32,5,26,40,0,71,40,2,42,113
08/05/2021,MOT,ND,AGL,CE,Federal Contract Tower,4,21,8,0,33,0,1,20,0,21,4,22,28,0,54,4,4,8,62
08/06/2021,MOT,ND,AGL,CE,Federal Contract Tower,3,16,8,0,27,0,5,24,0,29,3,21,32,0,56,28,4,32,88
08/07/2021,MOT,ND,AGL,CE,Federal Contract Tower,4,16,0,0,20,0,1,39,0,40,4,17,39,0,60,98,0,98,158
08/08/2021,MOT,ND,AGL,CE,Federal Contract Tower,2,9,9,0,20,0,0,26,0,26,2,9,35,0,46,21,0,21,67
08/09/2021,MOT,ND,AGL,CE,Federal Contract Tower,4,15,10,0,29,0,1,15,0,16,4,16,25,0,45,13,2,15,60
08/10/2021,MOT,ND,AGL,CE,Federal Contract Tower,1,18,10,0,29,0,6,26,3,35,1,24,36,3,64,19,33,52,116
08/11/2021,MOT,ND,AGL,CE,Federal Contract Tower,3,24,17,2,46,0,0,15,2,17,3,24,32,4,63,6,4,10,73
08/12/2021,MOT,ND,AGL,CE,Federal Contract Tower,5,17,12,0,34,0,0,11,0,11,5,17,23,0,45,27,4,31,76
08/13/2021,MOT,ND,AGL,CE,Federal Contract Tower,3,15,6,0,24,0,14,26,0,40,3,29,32,0,64,24,15,39,103
08/14/2021,MOT,ND,AGL,CE,Federal Contract Tower,4,16,6,0,26,0,11,31,0,42,4,27,37,0,68,34,1,35,103
08/15/2021,MOT,ND,AGL,CE,Federal Contract Tower,2,9,8,0,19,0,5,11,0,16,2,14,19,0,35,0,4,4,39
08/16/2021,MOT,ND,AGL,CE,Federal Contract Tower,5,14,4,0,23,0,1,13,4,18,5,15,17,4,41,15,0,15,56
08/17/2021,MOT,ND,AGL,CE,Federal Contract Tower,2,23,9,2,36,0,3,19,0,22,2,26,28,2,58,34,27,61,119
08/18/2021,MOT,ND,AGL,CE,Federal Contract Tower,2,16,26,0,44,0,8,14,0,22,2,24,40,0,66,21,21,42,108
08/19/2021,MOT,ND,AGL,CE,Federal Contract Tower,4,27,7,0,38,0,10,16,0,26,4,37,23,0,64,43,0,43,107
08/20/2021,MOT,ND,AGL,CE,Federal Contract Tower,2,15,4,0,21,0,0,0,0,0,2,15,4,0,21,0,0,0,21
08/21/2021,MOT,ND,AGL,CE,Federal Contract Tower,2,15,5,0,22,0,8,18,0,26,2,23,23,0,48,58,0,58,106
08/22/2021,MOT,ND,AGL,CE,Federal Contract Tower,0,11,8,0,19,0,0,2,0,2,0,11,10,0,21,2,0,2,23
08/23/2021,MOT,ND,AGL,CE,Federal Contract Tower,6,14,11,0,31,0,12,16,0,28,6,26,27,0,59,24,10,34,93
08/24/2021,MOT,ND,AGL,CE,Federal Contract Tower,2,20,7,0,29,0,0,6,0,6,2,20,13,0,35,20,2,22,57
08/25/2021,MOT,ND,AGL,CE,Federal Contract Tower,3,22,14,2,41,0,0,26,0,26,3,22,40,2,67,58,6,64,131
08/26/2021,MOT,ND,AGL,CE,Federal Contract Tower,5,17,3,0,25,0,2,12,0,14,5,19,15,0,39,27,6,33,72
08/27/2021,MOT,ND,AGL,CE,Federal Contract Tower,2,24,3,0,29,0,0,13,0,13,2,24,16,0,42,0,4,4,46
08/28/2021,MOT,ND,AGL,CE,Federal Contract Tower,2,18,1,0,21,0,7,41,0,48,2,25,42,0,69,62,0,62,131
08/29/2021,MOT,ND,AGL,CE,Federal Contract Tower,2,13,4,0,19,0,0,22,0,22,2,13,26,0,41,44,0,44,85
08/30/2021,MOT,ND,AGL,CE,Federal Contract Tower,6,15,8,0,29,0,0,24,0,24,6,15,32,0,53,47,8,55,108
08/31/2021,MOT,ND,AGL,CE,Federal Contract Tower,2,18,14,0,34,0,0,20,0,20,2,18,34,0,54,41,0,41,95
09/01/2021,MOT,ND,AGL,CE,Federal Contract Tower,2,21,8,0,31,0,1,4,2,7,2,22,12,2,38,21,18,39,77
09/02/2021,MOT,ND,AGL,CE,Federal Contract Tower,6,17,9,0,32,0,0,16,0,16,6,17,25,0,48,68,26,94,142
09/03/2021,MOT,ND,AGL,CE,Federal Contract Tower,2,17,9,3,31,0,2,33,0,35,2,19,42,3,66,37,0,37,103
09/04/2021,MOT,ND,AGL,CE,Federal Contract Tower,1,17,0,0,18,0,3,38,0,41,1,20,38,0,59,106,0,106,165
09/05/2021,MOT,ND,AGL,CE,Federal Contract Tower,0,13,3,0,16,0,11,8,0,19,0,24,11,0,35,26,0,26,61
09/06/2021,MOT,ND,AGL,CE,Federal Contract Tower,6,8,4,0,18,0,5,23,0,28,6,13,27,0,46,29,0,29,75
09/07/2021,MOT,ND,AGL,CE,Federal Contract Tower,2,14,7,0,23,0,0,5,0,5,2,14,12,0,28,25,4,29,57
09/08/2021,MOT,ND,AGL,CE,Federal Contract Tower,2,17,10,0,29,0,3,22,0,25,2,20,32,0,54,49,10,59,113
09/09/2021,MOT,ND,AGL,CE,Federal Contract Tower,5,16,9,0,30,0,18,34,0,52,5,34,43,0,82,29,4,33,115
09/10/2021,MOT,ND,AGL,CE,Federal Contract Tower,2,16,4,0,22,0,0,28,0,28,2,16,32,0,50,97,14,111,161
09/11/2021,MOT,ND,AGL,CE,Federal Contract Tower,2,13,7,0,22,0,0,25,0,25,2,13,32,0,47,5,4,9,56
09/12/2021,MOT,ND,AGL,CE,Federal Contract Tower,2,9,10,0,21,0,2,30,0,32,2,11,40,0,53,26,0,26,79
09/13/2021,MOT,ND,AGL,CE,Federal Contract Tower,7,14,18,0,39,0,4,18,0,22,7,18,36,0,61,95,6,101,162
09/14/2021,MOT,ND,AGL,CE,Federal Contract Tower,4,21,12,2,39,0,6,24,0,30,4,27,36,2,69,42,9,51,120
09/15/2021,MOT,ND,AGL,CE,Federal Contract Tower,3,15,13,3,34,0,5,22,0,27,3,20,35,3,61,42,26,68,129
09/16/2021,MOT,ND,AGL,CE,Federal Contract Tower,8,16,7,0,31,0,2,22,0,24,8,18,29,0,55,30,0,30,85
09/17/2021,MOT,ND,AGL,CE,Federal Contract Tower,4,14,12,0,30,0,5,17,0,22,4,19,29,0,52,9,8,17,69
09/18/2021,MOT,ND,AGL,CE,Federal Contract Tower,5,10,6,0,21,0,5,24,0,29,5,15,30,0,50,29,0,29,79
09/19/2021,MOT,ND,AGL,CE,Federal Contract Tower,4,10,10,0,24,0,4,14,0,18,4,14,24,0,42,34,0,34,76
09/20/2021,MOT,ND,AGL,CE,Federal Contract Tower,7,9,8,0,24,0,1,8,0,9,7,10,16,0,33,2,4,6,39
09/21/2021,MOT,ND,AGL,CE,Federal Contract Tower,4,22,7,0,33,0,0,18,0,18,4,22,25,0,51,74,0,74,125
09/22/2021,MOT,ND,AGL,CE,Federal Contract Tower,4,16,11,0,31,0,3,23,0,26,4,19,34,0,57,92,16,108,165
09/23/2021,MOT,ND,AGL,CE,Federal Contract Tower,8,14,14,0,36,0,1,22,0,23,8,15,36,0,59,85,2,87,146
09/24/2021,MOT,ND,AGL,CE,Federal Contract Tower,4,12,11,0,27,0,0,16,0,16,4,12,27,0,43,60,2,62,105
09/25/2021,MOT,ND,AGL,CE,Federal Contract Tower,4,13,9,0,26,0,10,26,0,36,4,23,35,0,62,85,0,85,147
09/26/2021,MOT,ND,AGL,CE,Federal Contract Tower,4,8,6,0,18,0,2,33,0,35,4,10,39,0,53,15,0,15,68
09/27/2021,MOT,ND,AGL,CE,Federal Contract Tower,6,13,9,0,28,0,1,25,0,26,6,14,34,0,54,47,2,49,103
09/28/2021,MOT,ND,AGL,CE,Federal Contract Tower,4,19,13,0,36,0,0,28,0,28,4,19,41,0,64,15,4,19,83
09/29/2021,MOT,ND,AGL,CE,Federal Contract Tower,4,19,17,0,40,0,0,25,0,25,4,19,42,0,65,4,2,6,71
09/30/2021,MOT,ND,AGL,CE,Federal Contract Tower,7,16,15,0,38,0,4,29,0,33,7,20,44,0,71,87,8,95,166
10/01/2021,MOT,ND,AGL,CE,Federal Contract Tower,5,16,10,0,31,0,3,34,0,37,5,19,44,0,68,61,4,65,133
10/02/2021,MOT,ND,AGL,CE,Federal Contract Tower,3,15,1,0,19,0,0,22,0,22,3,15,23,0,41,9,0,9,50
10/03/2021,MOT,ND,AGL,CE,Federal Contract Tower,3,8,10,0,21,0,0,13,0,13,3,8,23,0,34,28,0,28,62
10/04/2021,MOT,ND,AGL,CE,Federal Contract Tower,9,8,17,0,34,0,9,22,2,33,9,17,39,2,67,30,12,42,109
10/05/2021,MOT,ND,AGL,CE,Federal Contract Tower,4,19,5,0,28,0,3,25,0,28,4,22,30,0,56,47,0,47,103
10/06/2021,MOT,ND,AGL,CE,Federal Contract Tower,4,22,18,0,44,0,1,13,0,14,4,23,31,0,58,12,0,12,70
10/07/2021,MOT,ND,AGL,CE,Federal Contract Tower,6,15,8,0,29,0,0,26,0,26,6,15,34,0,55,85,0,85,140
10/08/2021,MOT,ND,AGL,CE,Federal Contract Tower,6,17,15,0,38,0,0,7,0,7,6,17,22,0,45,21,0,21,66
10/09/2021,MOT,ND,AGL,CE,Federal Contract Tower,5,16,5,0,26,0,0,0,0,0,5,16,5,0,26,2,0,2,28
10/10/2021,MOT,ND,AGL,CE,Federal Contract Tower,6,9,4,0,19,0,0,43,0,43,6,9,47,0,62,34,0,34,96
10/11/2021,MOT,ND,AGL,CE,Federal Contract Tower,7,14,6,0,27,0,1,26,0,27,7,15,32,0,54,62,0,62,116
10/12/2021,MOT,ND,AGL,CE,Federal Contract Tower,4,16,9,0,29,0,2,20,0,22,4,18,29,0,51,64,12,76,127
10/13/2021,MOT,ND,AGL,CE,Federal Contract Tower,6,14,8,0,28,0,0,0,0,0,6,14,8,0,28,0,0,0,28
10/14/2021,MOT,ND,AGL,CE,Federal Contract Tower,6,14,13,0,33,0,0,0,0,0,6,14,13,0,33,0,14,14,47
10/15/2021,MOT,ND,AGL,CE,Federal Contract Tower,4,15,21,6,46,0,9,24,0,33,4,24,45,6,79,14,4,18,97
10/16/2021,MOT,ND,AGL,CE,Federal Contract Tower,6,14,4,0,24,0,0,70,0,70,6,14,74,0,94,57,0,57,151
10/17/2021,MOT,ND,AGL,CE,Federal Contract Tower,4,6,12,4,26,0,0,26,0,26,4,6,38,4,52,56,0,56,108
10/18/2021,MOT,ND,AGL,CE,Federal Contract Tower,7,14,12,0,33,0,2,35,0,37,7,16,47,0,70,96,0,96,166
10/19/2021,MOT,ND,AGL,CE,Federal Contract Tower,4,14,13,0,31,0,0,2,0,2,4,14,15,0,33,2,0,2,35
10/20/2021,MOT,ND,AGL,CE,Federal Contract Tower,6,13,27,0,46,0,0,9,0,9,6,13,36,0,55,39,10,49,104
10/21/2021,MOT,ND,AGL,CE,Federal Contract Tower,7,14,11,0,32,0,1,25,0,26,7,15,36,0,58,54,10,64,122
10/22/2021,MOT,ND,AGL,CE,Federal Contract Tower,2,14,12,0,28,0,2,24,0,26,2,16,36,0,54,28,10,38,92
10/23/2021,MOT,ND,AGL,CE,Federal Contract Tower,8,12,3,0,23,0,1,16,0,17,8,13,19,0,40,15,0,15,55
10/24/2021,MOT,ND,AGL,CE,Federal Contract Tower,2,8,3,0,13,0,0,1,0,1,2,8,4,0,14,0,0,0,14
10/25/2021,MOT,ND,AGL,CE,Federal Contract Tower,7,11,7,0,25,0,0,10,0,10,7,11,17,0,35,20,26,46,81
10/26/2021,MOT,ND,AGL,CE,Federal Contract Tower,4,20,16,0,40,0,0,1,0,1,4,20,17,0,41,0,0,0,41
10/27/2021,MOT,ND,AGL,CE,Federal Contract Tower,4,15,12,0,31,0,0,33,0,33,4,15,45,0,64,33,4,37,101
10/28/2021,MOT,ND,AGL,CE,Federal Contract Tower,7,14,18,0,39,0,0,37,0,37,7,14,55,0,76,78,0,78,154
10/29/2021,MOT,ND,AGL,CE,Federal Contract Tower,3,17,6,0,26,0,2,20,0,22,3,19,26,0,48,8,22,30,78
10/30/2021,MOT,ND,AGL,CE,Federal Contract Tower,6,13,2,0,21,0,4,12,0,16,6,17,14,0,37,23,0,23,60
10/31/2021,MOT,ND,AGL,CE,Federal Contract Tower,4,5,5,0,14,0,0,19,0,19,4,5,24,0,33,38,0,38,71
11/01/2021,MOT,ND,AGL,CE,Federal Contract Tower,8,13,8,0,29,0,3,7,0,10,8,16,15,0,39,48,0,48,87
11/02/2021,MOT,ND,AGL,CE,Federal Contract Tower,4,16,9,0,29,0,6,18,2,26,4,22,27,2,55,54,24,78,133
11/03/2021,MOT,ND,AGL,CE,Federal Contract Tower,2,21,7,0,30,0,7,16,0,23,2,28,23,0,53,72,8,80,133
11/04/2021,MOT,ND,AGL,CE,Federal Contract Tower,6,15,11,0,32,0,3,32,0,35,6,18,43,0,67,52,0,52,119
11/05/2021,MOT,ND,AGL,CE,Federal Contract Tower,3,17,8,0,28,0,13,22,0,35,3,30,30,0,63,22,30,52,115
11/06/2021,MOT,ND,AGL,CE,Federal Contract Tower,6,14,0,0,20,0,0,38,0,38,6,14,38,0,58,83,0,83,141
11/07/2021,MOT,ND,AGL,CE,Federal Contract Tower,6,3,5,0,14,0,1,34,0,35,6,4,39,0,49,42,0,42,91
11/08/2021,MOT,ND,AGL,CE,Federal Contract Tower,10,7,11,0,28,0,4,10,0,14,10,11,21,0,42,67,18,85,127
11/09/2021,MOT,ND,AGL,CE,Federal Contract Tower,8,15,18,0,41,0,5,23,0,28,8,20,41,0,69,70,2,72,141
11/10/2021,MOT,ND,AGL,CE,Federal Contract Tower,6,16,17,0,39,0,4,4,0,8,6,20,21,0,47,26,8,34,81
11/11/2021,MOT,ND,AGL,CE,Federal Contract Tower,9,14,13,0,36,0,0,0,0,0,9,14,13,0,36,0,0,0,36
11/12/2021,MOT,ND,AGL,CE,Federal Contract Tower,6,12,6,0,24,0,0,3,0,3,6,12,9,0,27,48,0,48,75
11/13/2021,MOT,ND,AGL,CE,Federal Contract Tower,10,5,3,0,18,0,0,0,0,0,10,5,3,0,18,0,0,0,18
11/14/2021,MOT,ND,AGL,CE,Federal Contract Tower,7,5,15,1,28,0,6,21,0,27,7,11,36,1,55,57,0,57,112
11/15/2021,MOT,ND,AGL,CE,Federal Contract Tower,10,8,17,0,35,0,0,0,0,0,10,8,17,0,35,0,0,0,35
11/16/2021,MOT,ND,AGL,CE,Federal Contract Tower,6,12,14,0,32,0,0,2,0,2,6,12,16,0,34,0,10,10,44
11/17/2021,MOT,ND,AGL,CE,Federal Contract Tower,6,10,7,0,23,0,0,0,0,0,6,10,7,0,23,0,0,0,23
11/18/2021,MOT,ND,AGL,CE,Federal Contract Tower,10,13,18,0,41,0,7,17,0,24,10,20,35,0,65,16,0,16,81
11/19/2021,MOT,ND,AGL,CE,Federal Contract Tower,6,13,8,0,27,0,7,18,0,25,6,20,26,0,52,26,8,34,86
11/20/2021,MOT,ND,AGL,CE,Federal Contract Tower,10,10,3,0,23,0,0,36,0,36,10,10,39,0,59,68,0,68,127
11/21/2021,MOT,ND,AGL,CE,Federal Contract Tower,6,5,6,0,17,0,3,20,0,23,6,8,26,0,40,15,0,15,55
11/22/2021,MOT,ND,AGL,CE,Federal Contract Tower,12,4,8,0,24,0,2,16,0,18,12,6,24,0,42,38,4,42,84
11/23/2021,MOT,ND,AGL,CE,Federal Contract Tower,6,14,11,0,31,0,4,21,4,29,6,18,32,4,60,30,0,30,90
11/24/2021,MOT,ND,AGL,CE,Federal Contract Tower,8,16,4,0,28,0,0,2,0,2,8,16,6,0,30,0,0,0,30
11/25/2021,MOT,ND,AGL,CE,Federal Contract Tower,2,3,5,0,10,0,1,2,0,3,2,4,7,0,13,0,0,0,13
11/26/2021,MOT,ND,AGL,CE,Federal Contract Tower,9,15,2,0,26,0,1,30,0,31,9,16,32,0,57,44,0,44,101
11/27/2021,MOT,ND,AGL,CE,Federal Contract Tower,8,8,3,0,19,0,0,15,0,15,8,8,18,0,34,75,0,75,109
11/28/2021,MOT,ND,AGL,CE,Federal Contract Tower,6,3,7,0,16,0,0,7,0,7,6,3,14,0,23,15,0,15,38
11/29/2021,MOT,ND,AGL,CE,Federal Contract Tower,8,7,17,0,32,0,2,16,0,18,8,9,33,0,50,56,3,59,109
11/30/2021,MOT,ND,AGL,CE,Federal Contract Tower,6,10,6,0,22,0,0,20,0,20,6,10,26,0,42,9,8,17,59
12/01/2021,MOT,ND,AGL,CE,Federal Contract Tower,8,15,11,0,34,0,2,12,0,14,8,17,23,0,48,11,2,13,61
12/02/2021,MOT,ND,AGL,CE,Federal Contract Tower,10,11,10,0,31,0,0,15,0,15,10,11,25,0,46,24,4,28,74
12/03/2021,MOT,ND,AGL,CE,Federal Contract Tower,6,16,13,0,35,0,6,33,0,39,6,22,46,0,74,16,10,26,100
12/04/2021,MOT,ND,AGL,CE,Federal Contract Tower,6,12,1,0,19,0,0,12,0,12,6,12,13,0,31,43,0,43,74
12/05/2021,MOT,ND,AGL,CE,Federal Contract Tower,4,10,4,0,18,0,0,0,0,0,4,10,4,0,18,0,0,0,18
12/06/2021,MOT,ND,AGL,CE,Federal Contract Tower,7,10,8,0,25,0,0,5,8,13,7,10,13,8,38,2,2,4,42
12/07/2021,MOT,ND,AGL,CE,Federal Contract Tower,4,14,8,0,26,0,0,8,0,8,4,14,16,0,34,14,6,20,54
12/08/2021,MOT,ND,AGL,CE,Federal Contract Tower,6,14,18,0,38,0,0,5,0,5,6,14,23,0,43,34,10,44,87
12/09/2021,MOT,ND,AGL,CE,Federal Contract Tower,5,22,5,0,32,0,0,22,0,22,5,22,27,0,54,21,0,21,75
12/10/2021,MOT,ND,AGL,CE,Federal Contract Tower,8,12,12,0,32,0,1,21,0,22,8,13,33,0,54,28,0,28,82
12/11/2021,MOT,ND,AGL,CE,Federal Contract Tower,4,15,7,0,26,0,6,33,0,39,4,21,40,0,65,20,0,20,85
12/12/2021,MOT,ND,AGL,CE,Federal Contract Tower,4,5,7,0,16,0,0,16,0,16,4,5,23,0,32,36,0,36,68
12/13/2021,MOT,ND,AGL,CE,Federal Contract Tower,8,7,9,0,24,0,0,17,0,17,8,7,26,0,41,104,10,114,155
12/14/2021,MOT,ND,AGL,CE,Federal Contract Tower,4,20,9,0,33,0,0,20,0,20,4,20,29,0,53,28,20,48,101
12/15/2021,MOT,ND,AGL,CE,Federal Contract Tower,4,9,5,0,18,0,0,0,0,0,4,9,5,0,18,0,0,0,18
12/16/2021,MOT,ND,AGL,CE,Federal Contract Tower,6,18,14,2,40,0,0,14,0,14,6,18,28,2,54,2,0,2,56
12/17/2021,MOT,ND,AGL,CE,Federal Contract Tower,3,20,6,0,29,0,0,0,0,0,3,20,6,0,29,0,0,0,29
12/18/2021,MOT,ND,AGL,CE,Federal Contract Tower,5,20,3,0,28,0,0,23,0,23,5,20,26,0,51,2,0,2,53
12/19/2021,MOT,ND,AGL,CE,Federal Contract Tower,3,10,3,0,16,0,1,6,0,7,3,11,9,0,23,0,0,0,23
12/20/2021,MOT,ND,AGL,CE,Federal Contract Tower,6,13,8,0,27,0,2,10,0,12,6,15,18,0,39,0,8,8,47
12/21/2021,MOT,ND,AGL,CE,Federal Contract Tower,2,16,7,0,25,0,8,16,0,24,2,24,23,0,49,19,30,49,98
12/22/2021,MOT,ND,AGL,CE,Federal Contract Tower,8,9,13,0,30,0,4,11,0,15,8,13,24,0,45,27,0,27,72
12/23/2021,MOT,ND,AGL,CE,Federal Contract Tower,2,16,6,0,24,0,0,35,0,35,2,16,41,0,59,102,0,102,161
12/24/2021,MOT,ND,AGL,CE,Federal Contract Tower,4,13,6,0,23,0,1,1,0,2,4,14,7,0,25,2,0,2,27
12/25/2021,MOT,ND,AGL,CE,Federal Contract Tower,3,5,1,0,9,0,0,0,0,0,3,5,1,0,9,0,0,0,9
12/26/2021,MOT,ND,AGL,CE,Federal Contract Tower,3,4,3,0,10,0,0,0,0,0,3,4,3,0,10,0,0,0,10
12/27/2021,MOT,ND,AGL,CE,Federal Contract Tower,6,10,8,0,24,0,6,1,0,7,6,16,9,0,31,0,0,0,31
12/28/2021,MOT,ND,AGL,CE,Federal Contract Tower,5,16,7,0,28,0,0,3,0,3,5,16,10,0,31,0,0,0,31
12/29/2021,MOT,ND,AGL,CE,Federal Contract Tower,5,16,5,0,26,0,1,1,0,2,5,17,6,0,28,0,0,0,28
12/30/2021,MOT,ND,AGL,CE,Federal Contract Tower,2,17,1,0,20,0,0,0,0,0,2,17,1,0,20,0,0,0,20
12/31/2021,MOT,ND,AGL,CE,Federal Contract Tower,4,11,5,0,20,0,0,0,0,0,4,11,5,0,20,0,0,0,20
01/01/2022,MOT,ND,AGL,CE,Federal Contract Tower,1,6,3,0,10,0,0,0,0,0,1,6,3,0,10,0,0,0,10
01/02/2022,MOT,ND,AGL,CE,Federal Contract Tower,1,7,3,0,11,0,0,13,0,13,1,7,16,0,24,14,0,14,38
01/03/2022,MOT,ND,AGL,CE,Federal Contract Tower,2,11,6,0,19,0,0,6,0,6,2,11,12,0,25,24,0,24,49
01/04/2022,MOT,ND,AGL,CE,Federal Contract Tower,2,12,6,0,20,0,0,0,0,0,2,12,6,0,20,0,0,0,20
01/05/2022,MOT,ND,AGL,CE,Federal Contract Tower,6,14,8,0,28,0,0,1,0,1,6,14,9,0,29,0,12,12,41
01/06/2022,MOT,ND,AGL,CE,Federal Contract Tower,8,10,10,0,28,0,0,4,0,4,8,10,14,0,32,0,0,0,32
01/07/2022,MOT,ND,AGL,CE,Federal Contract Tower,5,8,16,0,29,0,0,4,0,4,5,8,20,0,33,0,0,0,33
01/08/2022,MOT,ND,AGL,CE,Federal Contract Tower,5,12,3,0,20,0,0,4,0,4,5,12,7,0,24,0,0,0,24
01/09/2022,MOT,ND,AGL,CE,Federal Contract Tower,4,4,5,0,13,0,0,7,0,7,4,4,12,0,20,10,0,10,30
01/10/2022,MOT,ND,AGL,CE,Federal Contract Tower,7,10,11,0,28,0,7,28,0,35,7,17,39,0,63,21,10,31,94
01/11/2022,MOT,ND,AGL,CE,Federal Contract Tower,4,19,8,0,31,0,4,4,0,8,4,23,12,0,39,6,2,8,47
01/12/2022,MOT,ND,AGL,CE,Federal Contract Tower,4,20,5,0,29,0,4,20,0,24,4,24,25,0,53,43,12,55,108
01/13/2022,MOT,ND,AGL,CE,Federal Contract Tower,9,13,6,0,28,0,0,0,0,0,9,13,6,0,28,0,0,0,28
01/14/2022,MOT,ND,AGL,CE,Federal Contract Tower,4,7,3,0,14,0,0,1,0,1,4,7,4,0,15,0,0,0,15
01/15/2022,MOT,ND,AGL,CE,Federal Contract Tower,4,8,2,0,14,0,6,2,0,8,4,14,4,0,22,0,0,0,22
01/16/2022,MOT,ND,AGL,CE,Federal Contract Tower,2,7,3,0,12,0,0,8,0,8,2,7,11,0,20,28,0,28,48
01/17/2022,MOT,ND,AGL,CE,Federal Contract Tower,8,7,9,0,24,0,2,9,0,11,8,9,18,0,35,7,0,7,42
01/18/2022,MOT,ND,AGL,CE,Federal Contract Tower,6,5,1,0,12,0,0,0,0,0,6,5,1,0,12,0,0,0,12
01/19/2022,MOT,ND,AGL,CE,Federal Contract Tower,5,14,9,0,28,0,0,11,0,11,5,14,20,0,39,6,0,6,45
01/20/2022,MOT,ND,AGL,CE,Federal Contract Tower,9,12,7,0,28,0,0,5,0,5,9,12,12,0,33,0,18,18,51
01/21/2022,MOT,ND,AGL,CE,Federal Contract Tower,3,15,1,0,19,0,0,3,0,3,3,15,4,0,22,10,0,10,32
01/22/2022,MOT,ND,AGL,CE,Federal Contract Tower,6,11,4,0,21,0,0,0,0,0,6,11,4,0,21,0,0,0,21
01/23/2022,MOT,ND,AGL,CE,Federal Contract Tower,4,4,5,0,13,0,4,2,0,6,4,8,7,0,19,0,0,0,19
01/24/2022,MOT,ND,AGL,CE,Federal Contract Tower,8,14,2,0,24,0,0,12,5,17,8,14,14,5,41,5,8,13,54
01/25/2022,MOT,ND,AGL,CE,Federal Contract Tower,4,10,8,0,22,0,0,9,0,9,4,10,17,0,31,19,8,27,58
01/26/2022,MOT,ND,AGL,CE,Federal Contract Tower,5,12,5,0,22,0,3,0,0,3,5,15,5,0,25,0,14,14,39
01/27/2022,MOT,ND,AGL,CE,Federal Contract Tower,8,11,15,0,34,0,0,14,0,14,8,11,29,0,48,2,2,4,52
01/28/2022,MOT,ND,AGL,CE,Federal Contract Tower,4,11,9,0,24,0,0,20,0,20,4,11,29,0,44,39,6,45,89
01/29/2022,MOT,ND,AGL,CE,Federal Contract Tower,4,12,9,0,25,0,11,19,0,30,4,23,28,0,55,82,0,82,137
01/30/2022,MOT,ND,AGL,CE,Federal Contract Tower,4,6,6,0,16,0,0,23,0,23,4,6,29,0,39,49,0,49,88
01/31/2022,MOT,ND,AGL,CE,Federal Contract Tower,8,6,8,0,22,0,3,7,0,10,8,9,15,0,32,10,0,10,42
02/01/2022,MOT,ND,AGL,CE,Federal Contract Tower,5,12,4,0,21,0,0,0,0,0,5,12,4,0,21,0,0,0,21
02/02/2022,MOT,ND,AGL,CE,Federal Contract Tower,4,12,11,0,27,0,0,7,0,7,4,12,18,0,34,2,6,8,42
02/03/2022,MOT,ND,AGL,CE,Federal Contract Tower,10,11,11,0,32,0,3,7,0,10,10,14,18,0,42,6,0,6,48
02/04/2022,MOT,ND,AGL,CE,Federal Contract Tower,4,10,4,0,18,0,4,1,2,7,4,14,5,2,25,12,0,12,37
02/05/2022,MOT,ND,AGL,CE,Federal Contract Tower,6,10,4,0,20,0,6,0,0,6,6,16,4,0,26,0,0,0,26
02/06/2022,MOT,ND,AGL,CE,Federal Contract Tower,3,5,5,0,13,0,0,12,0,12,3,5,17,0,25,19,0,19,44
02/07/2022,MOT,ND,AGL,CE,Federal Contract Tower,15,16,6,0,37,0,0,21,0,21,15,16,27,0,58,79,30,109,167
02/08/2022,MOT,ND,AGL,CE,Federal Contract Tower,4,9,5,0,18,0,0,4,0,4,4,9,9,0,22,0,4,4,26
02/09/2022,MOT,ND,AGL,CE,Federal Contract Tower,4,20,9,0,33,0,0,7,0,7,4,20,16,0,40,39,8,47,87
02/10/2022,MOT,ND,AGL,CE,Federal Contract Tower,8,12,6,0,26,0,0,0,0,0,8,12,6,0,26,0,30,30,56
02/11/2022,MOT,ND,AGL,CE,Federal Contract Tower,4,9,5,0,18,0,0,7,0,7,4,9,12,0,25,0,0,0,25
02/12/2022,MOT,ND,AGL,CE,Federal Contract Tower,4,10,7,0,21,0,0,3,0,3,4,10,10,0,24,2,0,2,26
02/13/2022,MOT,ND,AGL,CE,Federal Contract Tower,2,6,2,0,10,0,0,2,0,2,2,6,4,0,12,0,0,0,12
02/14/2022,MOT,ND,AGL,CE,Federal Contract Tower,10,6,4,0,20,0,0,17,0,17,10,6,21,0,37,0,8,8,45
02/15/2022,MOT,ND,AGL,CE,Federal Contract Tower,4,17,15,0,36,0,6,5,0,11,4,23,20,0,47,16,34,50,97
02/16/2022,MOT,ND,AGL,CE,Federal Contract Tower,6,21,9,0,36,0,5,2,0,7,6,26,11,0,43,6,2,8,51
02/17/2022,MOT,ND,AGL,CE,Federal Contract Tower,8,14,19,0,41,0,0,4,0,4,8,14,23,0,45,0,16,16,61
02/18/2022,MOT,ND,AGL,CE,Federal Contract Tower,4,11,6,0,21,0,0,2,0,2,4,11,8,0,23,4,0,4,27
02/19/2022,MOT,ND,AGL,CE,Federal Contract Tower,8,13,5,0,26,0,0,6,0,6,8,13,11,0,32,17,0,17,49
02/20/2022,MOT,ND,AGL,CE,Federal Contract Tower,5,7,17,0,29,0,0,6,0,6,5,7,23,0,35,0,0,0,35
02/21/2022,MOT,ND,AGL,CE,Federal Contract Tower,6,6,0,0,12,0,0,1,0,1,6,6,1,0,13,0,0,0,13
02/22/2022,MOT,ND,AGL,CE,Federal Contract Tower,6,12,8,0,26,0,0,5,0,5,6,12,13,0,31,0,6,6,37
02/23/2022,MOT,ND,AGL,CE,Federal Contract Tower,7,16,4,0,27,0,4,8,0,12,7,20,12,0,39,8,0,8,47
02/24/2022,MOT,ND,AGL,CE,Federal Contract Tower,11,13,8,0,32,0,3,11,0,14,11,16,19,0,46,14,12,26,72
02/25/2022,MOT,ND,AGL,CE,Federal Contract Tower,6,13,10,0,29,0,0,14,0,14,6,13,24,0,43,22,6,28,71
02/26/2022,MOT,ND,AGL,CE,Federal Contract Tower,6,11,4,0,21,0,0,26,0,26,6,11,30,0,47,28,0,28,75
02/27/2022,MOT,ND,AGL,CE,Federal Contract Tower,6,4,8,0,18,0,0,16,0,16,6,4,24,0,34,104,0,104,138
02/28/2022,MOT,ND,AGL,CE,Federal Contract Tower,7,7,17,0,31,0,0,7,0,7,7,7,24,0,38,0,8,8,46
03/01/2022,MOT,ND,AGL,CE,Federal Contract Tower,5,20,2,0,27,0,0,0,0,0,5,20,2,0,27,0,0,0,27
03/02/2022,MOT,ND,AGL,CE,Federal Contract Tower,4,17,17,0,38,0,2,4,0,6,4,19,21,0,44,20,20,40,84
03/03/2022,MOT,ND,AGL,CE,Federal Contract Tower,4,20,11,0,35,0,0,12,0,12,4,20,23,0,47,22,0,22,69
03/04/2022,MOT,ND,AGL,CE,Federal Contract Tower,1,14,7,0,22,0,0,2,0,2,1,14,9,0,24,0,4,4,28
03/05/2022,MOT,ND,AGL,CE,Federal Contract Tower,6,14,0,0,20,0,0,0,0,0,6,14,0,0,20,0,0,0,20
03/06/2022,MOT,ND,AGL,CE,Federal Contract Tower,2,7,2,0,11,0,0,17,0,17,2,7,19,0,28,62,0,62,90
03/07/2022,MOT,ND,AGL,CE,Federal Contract Tower,4,8,9,0,21,0,1,18,0,19,4,9,27,0,40,26,4,30,70
03/08/2022,MOT,ND,AGL,CE,Federal Contract Tower,4,16,9,0,29,0,0,0,0,0,4,16,9,0,29,0,0,0,29
03/09/2022,MOT,ND,AGL,CE,Federal Contract Tower,3,16,11,0,30,0,0,14,0,14,3,16,25,0,44,13,16,29,73
03/10/2022,MOT,ND,AGL,CE,Federal Contract Tower,6,16,5,0,27,0,0,4,0,4,6,16,9,0,31,0,20,20,51
03/11/2022,MOT,ND,AGL,CE,Federal Contract Tower,2,10,15,0,27,0,2,11,0,13,2,12,26,0,40,4,37,41,81
03/12/2022,MOT,ND,AGL,CE,Federal Contract Tower,4,12,11,0,27,0,1,7,0,8,4,13,18,0,35,59,0,59,94
03/13/2022,MOT,ND,AGL,CE,Federal Contract Tower,3,8,6,0,17,0,0,18,0,18,3,8,24,0,35,49,0,49,84
03/14/2022,MOT,ND,AGL,CE,Federal Contract Tower,4,12,11,0,27,0,0,12,0,12,4,12,23,0,39,42,9,51,90
03/15/2022,MOT,ND,AGL,CE,Federal Contract Tower,4,17,10,2,33,0,0,26,0,26,4,17,36,2,59,88,58,146,205
03/16/2022,MOT,ND,AGL,CE,Federal Contract Tower,4,15,6,0,25,0,0,5,0,5,4,15,11,0,30,45,16,61,91
03/17/2022,MOT,ND,AGL,CE,Federal Contract Tower,5,19,7,0,31,0,1,24,0,25,5,20,31,0,56,73,11,84,140
03/18/2022,MOT,ND,AGL,CE,Federal Contract Tower,2,14,6,0,22,0,0,21,0,21,2,14,27,0,43,81,4,85,128
03/19/2022,MOT,ND,AGL,CE,Federal Contract Tower,4,20,4,0,28,0,5,65,0,70,4,25,69,0,98,112,0,112,210
03/20/2022,MOT,ND,AGL,CE,Federal Contract Tower,3,6,7,0,16,0,3,16,0,19,3,9,23,0,35,70,0,70,105
03/21/2022,MOT,ND,AGL,CE,Federal Contract Tower,4,10,13,0,27,0,0,3,0,3,4,10,16,0,30,13,54,67,97
03/22/2022,MOT,ND,AGL,CE,Federal Contract Tower,4,21,8,0,33,0,6,5,2,13,4,27,13,2,46,7,4,11,57
03/23/2022,MOT,ND,AGL,CE,Federal Contract Tower,2,19,8,0,29,0,0,31,0,31,2,19,39,0,60,36,18,54,114
03/24/2022,MOT,ND,AGL,CE,Federal Contract Tower,5,16,7,0,28,0,0,14,0,14,5,16,21,0,42,2,6,8,50
03/25/2022,MOT,ND,AGL,CE,Federal Contract Tower,2,14,5,0,21,0,0,0,0,0,2,14,5,0,21,0,0,0,21
03/26/2022,MOT,ND,AGL,CE,Federal Contract Tower,6,9,7,0,22,0,2,32,0,34,6,11,39,0,56,41,0,41,97
03/27/2022,MOT,ND,AGL,CE,Federal Contract Tower,3,6,2,0,11,0,3,29,0,32,3,9,31,0,43,50,0,50,93
03/28/2022,MOT,ND,AGL,CE,Federal Contract Tower,4,13,7,0,24,0,8,15,0,23,4,21,22,0,47,9,10,19,66
03/29/2022,MOT,ND,AGL,CE,Federal Contract Tower,4,20,8,0,32,0,0,7,0,7,4,20,15,0,39,24,2,26,65
03/30/2022,MOT,ND,AGL,CE,Federal Contract Tower,2,15,9,0,26,0,0,17,0,17,2,15,26,0,43,73,2,75,118
03/31/2022,MOT,ND,AGL,CE,Federal Contract Tower,6,15,6,0,27,0,0,31,6,37,6,15,37,6,64,52,5,57,121
04/01/2022,MOT,ND,AGL,CE,Federal Contract Tower,2,13,8,0,23,0,2,7,0,9,2,15,15,0,32,26,6,32,64
04/02/2022,MOT,ND,AGL,CE,Federal Contract Tower,6,9,3,0,18,0,1,41,0,42,6,10,44,0,60,61,0,61,121
04/03/2022,MOT,ND,AGL,CE,Federal Contract Tower,2,5,5,0,12,0,0,4,0,4,2,5,9,0,16,42,0,42,58
04/04/2022,MOT,ND,AGL,CE,Federal Contract Tower,4,10,12,0,26,0,0,12,0,12,4,10,24,0,38,8,35,43,81
04/05/2022,MOT,ND,AGL,CE,Federal Contract Tower,4,14,8,0,26,0,0,7,0,7,4,14,15,0,33,2,8,10,43
04/06/2022,MOT,ND,AGL,CE,Federal Contract Tower,2,16,10,0,28,0,0,3,0,3,2,16,13,0,31,0,12,12,43
04/07/2022,MOT,ND,AGL,CE,Federal Contract Tower,4,15,3,0,22,0,5,4,1,10,4,20,7,1,32,0,4,4,36
04/08/2022,MOT,ND,AGL,CE,Federal Contract Tower,2,12,5,0,19,0,4,42,0,46,2,16,47,0,65,138,0,138,203
04/09/2022,MOT,ND,AGL,CE,Federal Contract Tower,6,11,3,0,20,0,0,41,0,41,6,11,44,0,61,38,0,38,99
04/10/2022,MOT,ND,AGL,CE,Federal Contract Tower,4,6,7,0,17,0,5,22,0,27,4,11,29,0,44,53,0,53,97
04/11/2022,MOT,ND,AGL,CE,Federal Contract Tower,6,8,16,2,32,0,1,16,0,17,6,9,32,2,49,6,46,52,101
04/12/2022,MOT,ND,AGL,CE,Federal Contract Tower,0,10,2,0,12,0,0,0,0,0,0,10,2,0,12,0,0,0,12
04/13/2022,MOT,ND,AGL,CE,Federal Contract Tower,0,0,0,0,0,0,0,0,0,0,0,0,0,0,0,0,0,0,0
04/14/2022,MOT,ND,AGL,CE,Federal Contract Tower,0,0,0,0,0,0,0,0,0,0,0,0,0,0,0,0,0,0,0
04/15/2022,MOT,ND,AGL,CE,Federal Contract Tower,0,5,2,0,7,0,4,0,0,4,0,9,2,0,11,0,0,0,11
04/16/2022,MOT,ND,AGL,CE,Federal Contract Tower,8,9,4,0,21,0,0,18,0,18,8,9,22,0,39,31,0,31,70
04/17/2022,MOT,ND,AGL,CE,Federal Contract Tower,3,5,0,0,8,0,0,0,0,0,3,5,0,0,8,0,0,0,8
04/18/2022,MOT,ND,AGL,CE,Federal Contract Tower,6,17,8,0,31,0,0,12,0,12,6,17,20,0,43,38,0,38,81
04/19/2022,MOT,ND,AGL,CE,Federal Contract Tower,6,16,5,0,27,0,0,4,0,4,6,16,9,0,31,28,4,32,63
04/20/2022,MOT,ND,AGL,CE,Federal Contract Tower,2,13,12,0,27,0,0,18,4,22,2,13,30,4,49,24,2,26,75
04/21/2022,MOT,ND,AGL,CE,Federal Contract Tower,6,12,11,0,29,0,0,21,0,21,6,12,32,0,50,20,2,22,72
04/22/2022,MOT,ND,AGL,CE,Federal Contract Tower,4,12,2,0,18,0,0,0,0,0,4,12,2,0,18,0,0,0,18
04/23/2022,MOT,ND,AGL,CE,Federal Contract Tower,2,2,0,0,4,0,0,0,0,0,2,2,0,0,4,0,0,0,4
04/24/2022,MOT,ND,AGL,CE,Federal Contract Tower,6,7,7,0,20,0,0,0,0,0,6,7,7,0,20,0,2,2,22
04/25/2022,MOT,ND,AGL,CE,Federal Contract Tower,7,14,5,0,26,0,0,5,0,5,7,14,10,0,31,0,24,24,55
04/26/2022,MOT,ND,AGL,CE,Federal Contract Tower,4,14,5,0,23,0,2,15,0,17,4,16,20,0,40,29,6,35,75
04/27/2022,MOT,ND,AGL,CE,Federal Contract Tower,2,15,4,0,21,0,2,13,0,15,2,17,17,0,36,27,10,37,73
04/28/2022,MOT,ND,AGL,CE,Federal Contract Tower,8,10,4,0,22,0,2,23,0,25,8,12,27,0,47,75,0,75,122
04/29/2022,MOT,ND,AGL,CE,Federal Contract Tower,6,12,7,0,25,0,0,5,0,5,6,12,12,0,30,8,10,18,48
04/30/2022,MOT,ND,AGL,CE,Federal Contract Tower,4,12,1,0,17,0,0,5,0,5,4,12,6,0,22,20,0,20,42
05/01/2022,MOT,ND,AGL,CE,Federal Contract Tower,6,5,3,0,14,0,4,11,3,18,6,9,14,3,32,10,0,10,42
05/02/2022,MOT,ND,AGL,CE,Federal Contract Tower,6,10,5,0,21,0,0,20,0,20,6,10,25,0,41,32,10,42,83
05/03/2022,MOT,ND,AGL,CE,Federal Contract Tower,4,20,8,0,32,0,0,7,0,7,4,20,15,0,39,47,32,79,118
05/04/2022,MOT,ND,AGL,CE,Federal Contract Tower,2,16,6,0,24,0,0,27,0,27,2,16,33,0,51,50,6,56,107
05/05/2022,MOT,ND,AGL,CE,Federal Contract Tower,6,17,12,0,35,0,2,38,0,40,6,19,50,0,75,32,36,68,143
05/06/2022,MOT,ND,AGL,CE,Federal Contract Tower,4,16,11,0,31,0,2,15,0,17,4,18,26,0,48,13,2,15,63
05/07/2022,MOT,ND,AGL,CE,Federal Contract Tower,6,10,3,0,19,0,0,22,0,22,6,10,25,0,41,28,0,28,69
05/08/2022,MOT,ND,AGL,CE,Federal Contract Tower,6,5,4,0,15,0,4,25,0,29,6,9,29,0,44,78,0,78,122
05/09/2022,MOT,ND,AGL,CE,Federal Contract Tower,6,8,19,0,33,0,0,1,0,1,6,8,20,0,34,0,0,0,34
05/10/2022,MOT,ND,AGL,CE,Federal Contract Tower,5,16,12,2,35,0,0,33,0,33,5,16,45,2,68,44,33,77,145
05/11/2022,MOT,ND,AGL,CE,Federal Contract Tower,4,16,13,0,33,0,2,17,0,19,4,18,30,0,52,13,3,16,68
05/12/2022,MOT,ND,AGL,CE,Federal Contract Tower,6,13,11,0,30,0,1,7,0,8,6,14,18,0,38,0,0,0,38
05/13/2022,MOT,ND,AGL,CE,Federal Contract Tower,4,13,3,0,20,0,0,1,0,1,4,13,4,0,21,0,0,0,21
05/14/2022,MOT,ND,AGL,CE,Federal Contract Tower,6,9,5,0,20,0,0,18,0,18,6,9,23,0,38,11,0,11,49
05/15/2022,MOT,ND,AGL,CE,Federal Contract Tower,4,7,3,0,14,0,0,22,0,22,4,7,25,0,36,43,0,43,79
05/16/2022,MOT,ND,AGL,CE,Federal Contract Tower,6,8,9,0,23,0,2,34,2,38,6,10,43,2,61,53,0,53,114
05/17/2022,MOT,ND,AGL,CE,Federal Contract Tower,4,13,5,0,22,0,12,16,0,28,4,25,21,0,50,17,36,53,103
05/18/2022,MOT,ND,AGL,CE,Federal Contract Tower,4,15,16,0,35,0,20,10,0,30,4,35,26,0,65,0,0,0,65
05/19/2022,MOT,ND,AGL,CE,Federal Contract Tower,6,15,9,0,30,0,6,36,0,42,6,21,45,0,72,25,0,25,97
05/20/2022,MOT,ND,AGL,CE,Federal Contract Tower,4,17,11,0,32,0,4,1,0,5,4,21,12,0,37,0,4,4,41
05/21/2022,MOT,ND,AGL,CE,Federal Contract Tower,4,13,2,0,19,0,15,48,0,63,4,28,50,0,82,20,0,20,102
05/22/2022,MOT,ND,AGL,CE,Federal Contract Tower,4,6,7,0,17,0,12,41,0,53,4,18,48,0,70,55,0,55,125
05/23/2022,MOT,ND,AGL,CE,Federal Contract Tower,7,10,4,0,21,0,19,31,0,50,7,29,35,0,71,65,0,65,136
05/24/2022,MOT,ND,AGL,CE,Federal Contract Tower,4,13,12,0,29,0,8,38,0,46,4,21,50,0,75,80,0,80,155
05/25/2022,MOT,ND,AGL,CE,Federal Contract Tower,4,17,21,0,42,0,14,17,0,31,4,31,38,0,73,94,4,98,171
05/26/2022,MOT,ND,AGL,CE,Federal Contract Tower,6,15,4,0,25,0,6,45,0,51,6,21,49,0,76,54,8,62,138
05/27/2022,MOT,ND,AGL,CE,Federal Contract Tower,5,12,10,0,27,0,9,40,0,49,5,21,50,0,76,108,0,108,184
05/28/2022,MOT,ND,AGL,CE,Federal Contract Tower,6,10,5,0,21,0,9,31,0,40,6,19,36,0,61,81,0,81,142
05/29/2022,MOT,ND,AGL,CE,Federal Contract Tower,2,6,2,0,10,0,1,5,0,6,2,7,7,0,16,40,0,40,56
05/30/2022,MOT,ND,AGL,CE,Federal Contract Tower,5,7,2,0,14,0,0,0,0,0,5,7,2,0,14,0,0,0,14
05/31/2022,MOT,ND,AGL,CE,Federal Contract Tower,4,14,10,0,28,0,0,4,0,4,4,14,14,0,32,13,10,23,55
06/01/2022,MOT,ND,AGL,CE,Federal Contract Tower,4,11,12,0,27,0,4,32,0,36,4,15,44,0,63,0,2,2,65
06/02/2022,MOT,ND,AGL,CE,Federal Contract Tower,5,16,7,0,28,0,8,14,2,24,5,24,21,2,52,0,8,8,60
06/03/2022,MOT,ND,AGL,CE,Federal Contract Tower,4,15,7,0,26,0,16,35,0,51,4,31,42,0,77,72,5,77,154
06/04/2022,MOT,ND,AGL,CE,Federal Contract Tower,6,7,7,0,20,0,9,47,0,56,6,16,54,0,76,106,0,106,182
06/05/2022,MOT,ND,AGL,CE,Federal Contract Tower,4,3,10,0,17,0,4,27,0,31,4,7,37,0,48,106,0,106,154
06/06/2022,MOT,ND,AGL,CE,Federal Contract Tower,4,5,13,0,22,0,0,21,0,21,4,5,34,0,43,101,0,101,144
06/07/2022,MOT,ND,AGL,CE,Federal Contract Tower,9,13,7,0,29,0,2,27,0,29,9,15,34,0,58,93,0,93,151
06/08/2022,MOT,ND,AGL,CE,Federal Contract Tower,5,16,10,1,32,0,2,15,0,17,5,18,25,1,49,78,2,80,129
06/09/2022,MOT,ND,AGL,CE,Federal Contract Tower,6,15,8,0,29,0,8,14,0,22,6,23,22,0,51,54,0,54,105
06/10/2022,MOT,ND,AGL,CE,Federal Contract Tower,6,12,18,0,36,0,0,17,0,17,6,12,35,0,53,64,4,68,121
06/11/2022,MOT,ND,AGL,CE,Federal Contract Tower,6,12,4,0,22,0,7,21,0,28,6,19,25,0,50,124,0,124,174
06/12/2022,MOT,ND,AGL,CE,Federal Contract Tower,6,6,6,0,18,0,2,28,0,30,6,8,34,0,48,68,0,68,116
06/13/2022,MOT,ND,AGL,CE,Federal Contract Tower,8,8,6,0,22,0,0,9,0,9,8,8,15,0,31,26,18,44,75
06/14/2022,MOT,ND,AGL,CE,Federal Contract Tower,6,16,22,0,44,0,0,6,0,6,6,16,28,0,50,34,0,34,84
06/15/2022,MOT,ND,AGL,CE,Federal Contract Tower,7,20,16,0,43,0,0,1,0,1,7,20,17,0,44,0,0,0,44
06/16/2022,MOT,ND,AGL,CE,Federal Contract Tower,7,12,8,0,27,0,2,14,0,16,7,14,22,0,43,34,6,40,83
06/17/2022,MOT,ND,AGL,CE,Federal Contract Tower,6,14,14,0,34,0,0,13,0,13,6,14,27,0,47,44,36,80,127
06/18/2022,MOT,ND,AGL,CE,Federal Contract Tower,5,9,8,0,22,0,4,26,0,30,5,13,34,0,52,43,0,43,95
06/19/2022,MOT,ND,AGL,CE,Federal Contract Tower,7,6,7,0,20,0,0,32,0,32,7,6,39,0,52,59,0,59,111
06/20/2022,MOT,ND,AGL,CE,Federal Contract Tower,7,11,8,0,26,0,7,9,0,16,7,18,17,0,42,37,0,37,79
06/21/2022,MOT,ND,AGL,CE,Federal Contract Tower,5,14,7,4,30,0,0,9,0,9,5,14,16,4,39,18,0,18,57
06/22/2022,MOT,ND,AGL,CE,Federal Contract Tower,7,9,9,0,25,0,5,31,0,36,7,14,40,0,61,45,8,53,114
06/23/2022,MOT,ND,AGL,CE,Federal Contract Tower,7,12,5,0,24,0,3,35,0,38,7,15,40,0,62,73,6,79,141
06/24/2022,MOT,ND,AGL,CE,Federal Contract Tower,6,10,6,0,22,0,5,33,3,41,6,15,39,3,63,24,6,30,93
06/25/2022,MOT,ND,AGL,CE,Federal Contract Tower,5,9,2,0,16,0,0,7,0,7,5,9,9,0,23,0,0,0,23
06/26/2022,MOT,ND,AGL,CE,Federal Contract Tower,7,2,8,0,17,0,2,24,0,26,7,4,32,0,43,49,0,49,92
06/27/2022,MOT,ND,AGL,CE,Federal Contract Tower,8,5,1,0,14,0,6,27,0,33,8,11,28,0,47,30,4,34,81
06/28/2022,MOT,ND,AGL,CE,Federal Contract Tower,6,8,8,0,22,0,1,29,0,30,6,9,37,0,52,11,24,35,87
06/29/2022,MOT,ND,AGL,CE,Federal Contract Tower,6,10,10,0,26,0,1,38,0,39,6,11,48,0,65,102,62,164,229
06/30/2022,MOT,ND,AGL,CE,Federal Contract Tower,7,11,7,0,25,0,4,23,0,27,7,15,30,0,52,44,27,71,123
07/01/2022,MOT,ND,AGL,CE,Federal Contract Tower,6,9,6,0,21,0,11,27,0,38,6,20,33,0,59,46,0,46,105
07/02/2022,MOT,ND,AGL,CE,Federal Contract Tower,6,9,7,0,22,0,5,32,0,37,6,14,39,0,59,54,0,54,113
07/03/2022,MOT,ND,AGL,CE,Federal Contract Tower,4,5,2,0,11,0,8,30,0,38,4,13,32,0,49,43,0,43,92
07/04/2022,MOT,ND,AGL,CE,Federal Contract Tower,6,3,0,0,9,0,1,7,0,8,6,4,7,0,17,30,0,30,47
07/05/2022,MOT,ND,AGL,CE,Federal Contract Tower,6,5,13,0,24,0,13,5,0,18,6,18,18,0,42,2,0,2,44
07/06/2022,MOT,ND,AGL,CE,Federal Contract Tower,4,8,7,0,19,0,13,30,0,43,4,21,37,0,62,70,31,101,163
07/07/2022,MOT,ND,AGL,CE,Federal Contract Tower,5,18,14,0,37,0,8,19,0,27,5,26,33,0,64,2,14,16,80
07/08/2022,MOT,ND,AGL,CE,Federal Contract Tower,4,13,9,0,26,0,46,30,0,76,4,59,39,0,102,60,4,64,166
07/09/2022,MOT,ND,AGL,CE,Federal Contract Tower,8,9,2,0,19,0,108,28,0,136,8,117,30,0,155,79,0,79,234
07/10/2022,MOT,ND,AGL,CE,Federal Contract Tower,6,2,1,0,9,0,97,37,0,134,6,99,38,0,143,54,0,54,197
07/11/2022,MOT,ND,AGL,CE,Federal Contract Tower,8,9,8,0,25,0,5,48,0,53,8,14,56,0,78,38,8,46,124
07/12/2022,MOT,ND,AGL,CE,Federal Contract Tower,6,18,13,0,37,0,3,119,0,122,6,21,132,0,159,62,2,64,223
07/13/2022,MOT,ND,AGL,CE,Federal Contract Tower,6,13,10,0,29,0,4,114,0,118,6,17,124,0,147,51,2,53,200
07/14/2022,MOT,ND,AGL,CE,Federal Contract Tower,6,12,13,0,31,0,12,83,0,95,6,24,96,0,126,65,6,71,197
07/15/2022,MOT,ND,AGL,CE,Federal Contract Tower,7,11,9,1,28,0,2,112,0,114,7,13,121,1,142,55,4,59,201
07/16/2022,MOT,ND,AGL,CE,Federal Contract Tower,6,13,17,0,36,0,0,179,0,179,6,13,196,0,215,42,0,42,257
07/17/2022,MOT,ND,AGL,CE,Federal Contract Tower,7,3,7,2,19,0,0,155,0,155,7,3,162,2,174,53,0,53,227
07/18/2022,MOT,ND,AGL,CE,Federal Contract Tower,10,11,11,0,32,0,4,161,0,165,10,15,172,0,197,33,8,41,238
07/19/2022,MOT,ND,AGL,CE,Federal Contract Tower,7,11,9,0,27,0,0,21,0,21,7,11,30,0,48,2,2,4,52
07/20/2022,MOT,ND,AGL,CE,Federal Contract Tower,6,12,16,0,34,0,0,157,0,157,6,12,173,0,191,47,10,57,248
07/21/2022,MOT,ND,AGL,CE,Federal Contract Tower,10,11,12,0,33,0,0,156,2,158,10,11,168,2,191,95,0,95,286
07/22/2022,MOT,ND,AGL,CE,Federal Contract Tower,6,6,14,0,26,0,3,122,0,125,6,9,136,0,151,100,0,100,251
07/23/2022,MOT,ND,AGL,CE,Federal Contract Tower,6,11,8,0,25,0,2,77,0,79,6,13,85,0,104,54,0,54,158
07/24/2022,MOT,ND,AGL,CE,Federal Contract Tower,6,4,9,0,19,0,0,106,0,106,6,4,115,0,125,85,0,85,210
07/25/2022,MOT,ND,AGL,CE,Federal Contract Tower,8,6,22,0,36,0,0,56,0,56,8,6,78,0,92,62,0,62,154
07/26/2022,MOT,ND,AGL,CE,Federal Contract Tower,6,15,12,0,33,0,1,47,0,48,6,16,59,0,81,44,0,44,125
07/27/2022,MOT,ND,AGL,CE,Federal Contract Tower,7,11,17,0,35,0,6,39,0,45,7,17,56,0,80,41,8,49,129
07/28/2022,MOT,ND,AGL,CE,Federal Contract Tower,8,11,22,0,41,0,2,52,0,54,8,13,74,0,95,70,42,112,207
07/29/2022,MOT,ND,AGL,CE,Federal Contract Tower,6,10,14,0,30,0,0,55,0,55,6,10,69,0,85,118,0,118,203
07/30/2022,MOT,ND,AGL,CE,Federal Contract Tower,6,9,2,0,17,0,0,54,0,54,6,9,56,0,71,106,0,106,177
07/31/2022,MOT,ND,AGL,CE,Federal Contract Tower,6,5,11,0,22,0,0,19,0,19,6,5,30,0,41,65,0,65,106
08/01/2022,MOT,ND,AGL,CE,Federal Contract Tower,7,8,14,0,29,0,0,48,0,48,7,8,62,0,77,106,14,120,197
08/02/2022,MOT,ND,AGL,CE,Federal Contract Tower,6,10,3,0,19,0,6,37,0,43,6,16,40,0,62,26,0,26,88
08/03/2022,MOT,ND,AGL,CE,Federal Contract Tower,8,11,12,0,31,0,4,47,0,51,8,15,59,0,82,82,8,90,172
08/04/2022,MOT,ND,AGL,CE,Federal Contract Tower,8,13,11,0,32,0,2,23,2,27,8,15,34,2,59,55,2,57,116
08/05/2022,MOT,ND,AGL,CE,Federal Contract Tower,6,9,3,0,18,0,0,52,0,52,6,9,55,0,70,95,2,97,167
08/06/2022,MOT,ND,AGL,CE,Federal Contract Tower,6,15,9,0,30,0,0,38,0,38,6,15,47,0,68,70,0,70,138
08/07/2022,MOT,ND,AGL,CE,Federal Contract Tower,6,3,6,0,15,0,0,28,0,28,6,3,34,0,43,73,0,73,116
08/08/2022,MOT,ND,AGL,CE,Federal Contract Tower,8,5,8,0,21,0,3,37,0,40,8,8,45,0,61,100,32,132,193
08/09/2022,MOT,ND,AGL,CE,Federal Contract Tower,6,15,13,0,34,0,1,15,0,16,6,16,28,0,50,64,2,66,116
08/10/2022,MOT,ND,AGL,CE,Federal Contract Tower,6,12,12,0,30,0,0,28,0,28,6,12,40,0,58,59,6,65,123
08/11/2022,MOT,ND,AGL,CE,Federal Contract Tower,7,9,8,0,24,0,0,21,0,21,7,9,29,0,45,106,4,110,155
08/12/2022,MOT,ND,AGL,CE,Federal Contract Tower,6,9,12,0,27,0,1,44,0,45,6,10,56,0,72,73,0,73,145
08/13/2022,MOT,ND,AGL,CE,Federal Contract Tower,6,9,3,0,18,0,1,33,0,34,6,10,36,0,52,11,0,11,63
08/14/2022,MOT,ND,AGL,CE,Federal Contract Tower,6,3,4,0,13,0,1,26,0,27,6,4,30,0,40,36,0,36,76
08/15/2022,MOT,ND,AGL,CE,Federal Contract Tower,8,6,15,0,29,0,0,14,0,14,8,6,29,0,43,93,10,103,146
08/16/2022,MOT,ND,AGL,CE,Federal Contract Tower,6,14,7,0,27,0,1,38,0,39,6,15,45,0,66,65,2,67,133
08/17/2022,MOT,ND,AGL,CE,Federal Contract Tower,6,13,15,0,34,0,2,25,0,27,6,15,40,0,61,93,2,95,156
08/18/2022,MOT,ND,AGL,CE,Federal Contract Tower,10,10,11,0,31,0,4,31,0,35,10,14,42,0,66,37,29,66,132
08/19/2022,MOT,ND,AGL,CE,Federal Contract Tower,4,11,13,0,28,0,0,32,0,32,4,11,45,0,60,37,4,41,101
08/20/2022,MOT,ND,AGL,CE,Federal Contract Tower,4,14,2,0,20,0,0,54,0,54,4,14,56,0,74,47,4,51,125
08/21/2022,MOT,ND,AGL,CE,Federal Contract Tower,6,4,2,0,12,0,4,33,0,37,6,8,35,0,49,25,0,25,74
08/22/2022,MOT,ND,AGL,CE,Federal Contract Tower,8,9,7,0,24,0,6,10,0,16,8,15,17,0,40,43,0,43,83
08/23/2022,MOT,ND,AGL,CE,Federal Contract Tower,6,14,17,0,37,0,0,18,0,18,6,14,35,0,55,20,12,32,87
08/24/2022,MOT,ND,AGL,CE,Federal Contract Tower,6,11,9,0,26,0,0,8,0,8,6,11,17,0,34,105,10,115,149
08/25/2022,MOT,ND,AGL,CE,Federal Contract Tower,8,10,12,0,30,0,3,39,0,42,8,13,51,0,72,108,0,108,180
08/26/2022,MOT,ND,AGL,CE,Federal Contract Tower,6,10,8,0,24,0,10,24,0,34,6,20,32,0,58,52,10,62,120
08/27/2022,MOT,ND,AGL,CE,Federal Contract Tower,4,8,10,0,22,0,0,29,0,29,4,8,39,0,51,18,0,18,69
08/28/2022,MOT,ND,AGL,CE,Federal Contract Tower,6,6,9,0,21,0,4,15,0,19,6,10,24,0,40,17,0,17,57
08/29/2022,MOT,ND,AGL,CE,Federal Contract Tower,8,8,6,0,22,1,5,11,0,17,9,13,17,0,39,9,4,13,52
08/30/2022,MOT,ND,AGL,CE,Federal Contract Tower,6,12,10,0,28,0,0,57,0,57,6,12,67,0,85,93,34,127,212
08/31/2022,MOT,ND,AGL,CE,Federal Contract Tower,6,11,9,0,26,0,0,33,0,33,6,11,42,0,59,135,0,135,194
09/01/2022,MOT,ND,AGL,CE,Federal Contract Tower,8,9,15,0,32,0,3,31,0,34,8,12,46,0,66,28,24,52,118
09/02/2022,MOT,ND,AGL,CE,Federal Contract Tower,8,7,14,0,29,0,6,32,0,38,8,13,46,0,67,56,0,56,123
09/03/2022,MOT,ND,AGL,CE,Federal Contract Tower,4,12,14,0,30,0,6,38,0,44,4,18,52,0,74,34,0,34,108
09/04/2022,MOT,ND,AGL,CE,Federal Contract Tower,4,3,10,0,17,0,4,13,0,17,4,7,23,0,34,8,0,8,42
09/05/2022,MOT,ND,AGL,CE,Federal Contract Tower,10,5,8,0,23,0,0,31,0,31,10,5,39,0,54,46,0,46,100
09/06/2022,MOT,ND,AGL,CE,Federal Contract Tower,4,13,10,3,30,0,1,26,2,29,4,14,36,5,59,112,4,116,175
09/07/2022,MOT,ND,AGL,CE,Federal Contract Tower,4,17,17,0,38,0,0,23,0,23,4,17,40,0,61,74,12,86,147
09/08/2022,MOT,ND,AGL,CE,Federal Contract Tower,5,13,9,0,27,0,2,17,0,19,5,15,26,0,46,32,0,32,78
09/09/2022,MOT,ND,AGL,CE,Federal Contract Tower,5,12,11,0,28,0,3,37,0,40,5,15,48,0,68,52,12,64,132
09/10/2022,MOT,ND,AGL,CE,Federal Contract Tower,5,13,3,0,21,0,0,23,0,23,5,13,26,0,44,43,0,43,87
09/11/2022,MOT,ND,AGL,CE,Federal Contract Tower,5,4,3,0,12,0,1,33,0,34,5,5,36,0,46,13,0,13,59
09/12/2022,MOT,ND,AGL,CE,Federal Contract Tower,7,10,9,0,26,0,0,21,0,21,7,10,30,0,47,45,34,79,126
09/13/2022,MOT,ND,AGL,CE,Federal Contract Tower,5,14,13,0,32,0,10,31,0,41,5,24,44,0,73,92,44,136,209
09/14/2022,MOT,ND,AGL,CE,Federal Contract Tower,6,16,12,4,38,0,4,15,0,19,6,20,27,4,57,44,0,44,101
09/15/2022,MOT,ND,AGL,CE,Federal Contract Tower,8,15,25,0,48,0,0,2,6,8,8,15,27,6,56,12,13,25,81
09/16/2022,MOT,ND,AGL,CE,Federal Contract Tower,8,14,9,0,31,0,0,0,0,0,8,14,9,0,31,4,6,10,41
09/17/2022,MOT,ND,AGL,CE,Federal Contract Tower,4,11,16,0,31,0,3,22,0,25,4,14,38,0,56,84,0,84,140
09/18/2022,MOT,ND,AGL,CE,Federal Contract Tower,6,2,10,0,18,0,2,26,0,28,6,4,36,0,46,48,0,48,94
09/19/2022,MOT,ND,AGL,CE,Federal Contract Tower,9,11,4,0,24,0,0,16,0,16,9,11,20,0,40,35,0,35,75
09/20/2022,MOT,ND,AGL,CE,Federal Contract Tower,6,17,11,0,34,0,4,19,0,23,6,21,30,0,57,67,2,69,126
09/21/2022,MOT,ND,AGL,CE,Federal Contract Tower,7,27,21,0,55,0,1,19,0,20,7,28,40,0,75,66,0,66,141
09/22/2022,MOT,ND,AGL,CE,Federal Contract Tower,8,18,15,0,41,0,6,17,0,23,8,24,32,0,64,63,0,63,127
09/23/2022,MOT,ND,AGL,CE,Federal Contract Tower,6,9,18,0,33,0,0,16,0,16,6,9,34,0,49,106,2,108,157
09/24/2022,MOT,ND,AGL,CE,Federal Contract Tower,4,10,6,0,20,0,0,27,0,27,4,10,33,0,47,24,0,24,71
09/25/2022,MOT,ND,AGL,CE,Federal Contract Tower,6,6,12,0,24,0,4,32,0,36,6,10,44,0,60,37,0,37,97
09/26/2022,MOT,ND,AGL,CE,Federal Contract Tower,9,9,7,0,25,0,2,48,0,50,9,11,55,0,75,136,8,144,219
09/27/2022,MOT,ND,AGL,CE,Federal Contract Tower,6,20,4,0,30,0,7,35,0,42,6,27,39,0,72,81,20,101,173
09/28/2022,MOT,ND,AGL,CE,Federal Contract Tower,6,16,9,0,31,0,0,22,0,22,6,16,31,0,53,48,0,48,101
09/29/2022,MOT,ND,AGL,CE,Federal Contract Tower,8,17,11,0,36,0,8,39,0,47,8,25,50,0,83,105,22,127,210
09/30/2022,MOT,ND,AGL,CE,Federal Contract Tower,6,15,3,0,24,0,0,34,0,34,6,15,37,0,58,97,14,111,169
10/01/2022,MOT,ND,AGL,CE,Federal Contract Tower,5,11,13,0,29,0,0,8,0,8,5,11,21,0,37,23,0,23,60
10/02/2022,MOT,ND,AGL,CE,Federal Contract Tower,4,8,17,0,29,0,2,15,0,17,4,10,32,0,46,35,0,35,81
10/03/2022,MOT,ND,AGL,CE,Federal Contract Tower,7,12,8,0,27,0,0,14,0,14,7,12,22,0,41,29,2,31,72
10/04/2022,MOT,ND,AGL,CE,Federal Contract Tower,4,16,16,0,36,0,0,33,0,33,4,16,49,0,69,77,2,79,148
10/05/2022,MOT,ND,AGL,CE,Federal Contract Tower,4,22,10,0,36,0,1,28,0,29,4,23,38,0,65,31,10,41,106
10/06/2022,MOT,ND,AGL,CE,Federal Contract Tower,6,12,9,0,27,0,1,25,0,26,6,13,34,0,53,37,0,37,90
10/07/2022,MOT,ND,AGL,CE,Federal Contract Tower,4,9,12,0,25,0,0,28,0,28,4,9,40,0,53,58,0,58,111
10/08/2022,MOT,ND,AGL,CE,Federal Contract Tower,4,13,9,0,26,0,8,25,0,33,4,21,34,0,59,35,0,35,94
10/09/2022,MOT,ND,AGL,CE,Federal Contract Tower,6,5,2,0,13,0,5,20,0,25,6,10,22,0,38,99,0,99,137
10/10/2022,MOT,ND,AGL,CE,Federal Contract Tower,9,10,14,0,33,0,6,26,0,32,9,16,40,0,65,55,0,55,120
10/11/2022,MOT,ND,AGL,CE,Federal Contract Tower,4,13,4,0,21,0,0,9,0,9,4,13,13,0,30,0,38,38,68
10/12/2022,MOT,ND,AGL,CE,Federal Contract Tower,4,10,13,0,27,0,0,5,0,5,4,10,18,0,32,25,10,35,67
10/13/2022,MOT,ND,AGL,CE,Federal Contract Tower,6,12,10,0,28,0,2,1,0,3,6,14,11,0,31,6,0,6,37
10/14/2022,MOT,ND,AGL,CE,Federal Contract Tower,6,13,16,0,35,0,6,16,0,22,6,19,32,0,57,107,16,123,180
10/15/2022,MOT,ND,AGL,CE,Federal Contract Tower,4,13,6,0,23,0,6,4,0,10,4,19,10,0,33,16,0,16,49
10/16/2022,MOT,ND,AGL,CE,Federal Contract Tower,3,12,2,0,17,0,3,35,0,38,3,15,37,0,55,72,0,72,127
10/17/2022,MOT,ND,AGL,CE,Federal Contract Tower,7,10,10,0,27,0,1,18,0,19,7,11,28,0,46,58,2,60,106
10/18/2022,MOT,ND,AGL,CE,Federal Contract Tower,4,15,9,0,28,0,4,24,0,28,4,19,33,0,56,42,6,48,104
10/19/2022,MOT,ND,AGL,CE,Federal Contract Tower,5,20,12,0,37,0,0,26,0,26,5,20,38,0,63,82,2,84,147
10/20/2022,MOT,ND,AGL,CE,Federal Contract Tower,6,15,11,0,32,0,0,10,0,10,6,15,21,0,42,16,6,22,64
10/21/2022,MOT,ND,AGL,CE,Federal Contract Tower,5,10,7,0,22,0,3,18,0,21,5,13,25,0,43,60,4,64,107
10/22/2022,MOT,ND,AGL,CE,Federal Contract Tower,4,10,7,0,21,0,0,6,0,6,4,10,13,0,27,2,0,2,29
10/23/2022,MOT,ND,AGL,CE,Federal Contract Tower,5,4,16,0,25,0,0,0,0,0,5,4,16,0,25,0,0,0,25
10/24/2022,MOT,ND,AGL,CE,Federal Contract Tower,6,10,8,0,24,0,0,0,0,0,6,10,8,0,24,0,0,0,24
10/25/2022,MOT,ND,AGL,CE,Federal Contract Tower,4,13,15,0,32,0,0,5,0,5,4,13,20,0,37,30,18,48,85
10/26/2022,MOT,ND,AGL,CE,Federal Contract Tower,4,11,13,0,28,0,1,45,0,46,4,12,58,0,74,63,0,63,137
10/27/2022,MOT,ND,AGL,CE,Federal Contract Tower,6,13,7,0,26,0,0,22,0,22,6,13,29,0,48,90,2,92,140
10/28/2022,MOT,ND,AGL,CE,Federal Contract Tower,4,10,3,0,17,0,0,35,0,35,4,10,38,0,52,76,12,88,140
10/29/2022,MOT,ND,AGL,CE,Federal Contract Tower,2,11,4,0,17,0,0,37,0,37,2,11,41,0,54,86,0,86,140
10/30/2022,MOT,ND,AGL,CE,Federal Contract Tower,2,2,6,0,10,0,7,14,0,21,2,9,20,0,31,10,0,10,41
10/31/2022,MOT,ND,AGL,CE,Federal Contract Tower,6,8,13,0,27,0,2,19,0,21,6,10,32,0,48,49,16,65,113
11/01/2022,MOT,ND,AGL,CE,Federal Contract Tower,4,15,6,0,25,0,5,28,0,33,4,20,34,0,58,58,6,64,122
11/02/2022,MOT,ND,AGL,CE,Federal Contract Tower,5,12,12,0,29,0,0,41,0,41,5,12,53,0,70,94,4,98,168
11/03/2022,MOT,ND,AGL,CE,Federal Contract Tower,6,12,12,0,30,0,0,5,0,5,6,12,17,0,35,38,0,38,73
11/04/2022,MOT,ND,AGL,CE,Federal Contract Tower,7,9,12,0,28,0,0,18,0,18,7,9,30,0,46,96,2,98,144
11/05/2022,MOT,ND,AGL,CE,Federal Contract Tower,2,11,5,0,18,0,3,12,0,15,2,14,17,0,33,9,0,9,42
11/06/2022,MOT,ND,AGL,CE,Federal Contract Tower,2,2,8,0,12,0,0,1,0,1,2,2,9,0,13,0,0,0,13
11/07/2022,MOT,ND,AGL,CE,Federal Contract Tower,6,6,14,0,26,0,0,0,0,0,6,6,14,0,26,0,8,8,34
11/08/2022,MOT,ND,AGL,CE,Federal Contract Tower,4,8,11,0,23,0,2,14,0,16,4,10,25,0,39,26,0,26,65
11/09/2022,MOT,ND,AGL,CE,Federal Contract Tower,6,7,5,0,18,0,0,2,0,2,6,7,7,0,20,2,8,10,30
11/10/2022,MOT,ND,AGL,CE,Federal Contract Tower,0,2,1,0,3,0,0,0,0,0,0,2,1,0,3,0,0,0,3
11/11/2022,MOT,ND,AGL,CE,Federal Contract Tower,6,16,10,0,32,0,0,19,0,19,6,16,29,0,51,29,2,31,82
11/12/2022,MOT,ND,AGL,CE,Federal Contract Tower,5,10,2,0,17,0,0,0,0,0,5,10,2,0,17,0,0,0,17
11/13/2022,MOT,ND,AGL,CE,Federal Contract Tower,4,6,13,0,23,0,0,7,0,7,4,6,20,0,30,8,0,8,38
11/14/2022,MOT,ND,AGL,CE,Federal Contract Tower,10,6,8,0,24,0,0,0,0,0,10,6,8,0,24,0,10,10,34
11/15/2022,MOT,ND,AGL,CE,Federal Contract Tower,3,17,12,0,32,0,0,0,0,0,3,17,12,0,32,2,0,2,34
11/16/2022,MOT,ND,AGL,CE,Federal Contract Tower,4,10,10,0,24,0,0,2,0,2,4,10,12,0,26,2,0,2,28
11/17/2022,MOT,ND,AGL,CE,Federal Contract Tower,7,6,6,0,19,0,0,0,0,0,7,6,6,0,19,0,8,8,27
11/18/2022,MOT,ND,AGL,CE,Federal Contract Tower,6,9,5,0,20,0,0,2,0,2,6,9,7,0,22,4,4,8,30
11/19/2022,MOT,ND,AGL,CE,Federal Contract Tower,6,8,2,0,16,0,0,11,0,11,6,8,13,0,27,36,0,36,63
11/20/2022,MOT,ND,AGL,CE,Federal Contract Tower,4,5,3,0,12,0,7,22,0,29,4,12,25,0,41,57,0,57,98
11/21/2022,MOT,ND,AGL,CE,Federal Contract Tower,6,8,7,0,21,0,0,26,0,26,6,8,33,0,47,89,24,113,160
11/22/2022,MOT,ND,AGL,CE,Federal Contract Tower,6,10,7,0,23,0,0,14,0,14,6,10,21,0,37,43,0,43,80
11/23/2022,MOT,ND,AGL,CE,Federal Contract Tower,5,10,4,0,19,0,0,15,0,15,5,10,19,0,34,80,8,88,122
11/24/2022,MOT,ND,AGL,CE,Federal Contract Tower,3,4,2,0,9,0,1,6,0,7,3,5,8,0,16,0,0,0,16
11/25/2022,MOT,ND,AGL,CE,Federal Contract Tower,6,12,2,0,20,0,0,15,0,15,6,12,17,0,35,30,0,30,65
11/26/2022,MOT,ND,AGL,CE,Federal Contract Tower,7,9,1,0,17,0,0,15,0,15,7,9,16,0,32,51,0,51,83
11/27/2022,MOT,ND,AGL,CE,Federal Contract Tower,4,2,9,0,15,0,0,15,0,15,4,2,24,0,30,15,0,15,45
11/28/2022,MOT,ND,AGL,CE,Federal Contract Tower,9,7,8,0,24,0,0,8,0,8,9,7,16,0,32,16,16,32,64
11/29/2022,MOT,ND,AGL,CE,Federal Contract Tower,3,19,8,0,30,0,0,1,0,1,3,19,9,0,31,0,6,6,37
11/30/2022,MOT,ND,AGL,CE,Federal Contract Tower,6,13,19,0,38,0,0,6,0,6,6,13,25,0,44,0,0,0,44
12/01/2022,MOT,ND,AGL,CE,Federal Contract Tower,5,12,11,0,28,0,1,19,0,20,5,13,30,0,48,45,0,45,93
12/02/2022,MOT,ND,AGL,CE,Federal Contract Tower,5,19,13,0,37,0,0,5,2,7,5,19,18,2,44,0,0,0,44
12/03/2022,MOT,ND,AGL,CE,Federal Contract Tower,6,9,8,0,23,0,2,20,0,22,6,11,28,0,45,18,0,18,63
12/04/2022,MOT,ND,AGL,CE,Federal Contract Tower,5,5,6,0,16,0,0,4,0,4,5,5,10,0,20,0,0,0,20
12/05/2022,MOT,ND,AGL,CE,Federal Contract Tower,6,7,11,0,24,0,4,14,0,18,6,11,25,0,42,18,0,18,60
12/06/2022,MOT,ND,AGL,CE,Federal Contract Tower,4,13,0,0,17,0,0,3,0,3,4,13,3,0,20,0,0,0,20
12/07/2022,MOT,ND,AGL,CE,Federal Contract Tower,6,12,16,0,34,0,0,13,0,13,6,12,29,0,47,22,2,24,71
12/08/2022,MOT,ND,AGL,CE,Federal Contract Tower,4,15,14,0,33,0,4,15,0,19,4,19,29,0,52,40,4,44,96
12/09/2022,MOT,ND,AGL,CE,Federal Contract Tower,8,10,7,0,25,0,3,14,2,19,8,13,21,2,44,36,4,40,84
12/10/2022,MOT,ND,AGL,CE,Federal Contract Tower,6,8,1,0,15,0,8,18,0,26,6,16,19,0,41,46,0,46,87
12/11/2022,MOT,ND,AGL,CE,Federal Contract Tower,4,2,5,0,11,0,0,1,0,1,4,2,6,0,12,0,0,0,12
12/12/2022,MOT,ND,AGL,CE,Federal Contract Tower,8,9,4,0,21,0,0,0,0,0,8,9,4,0,21,0,4,4,25
12/14/2022,MOT,ND,AGL,CE,Federal Contract Tower,0,4,1,0,5,0,0,0,0,0,0,4,1,0,5,0,0,0,5
12/15/2022,MOT,ND,AGL,CE,Federal Contract Tower,2,8,1,0,11,0,0,0,0,0,2,8,1,0,11,0,0,0,11
12/17/2022,MOT,ND,AGL,CE,Federal Contract Tower,6,12,7,0,25,0,0,3,0,3,6,12,10,0,28,0,0,0,28
12/18/2022,MOT,ND,AGL,CE,Federal Contract Tower,7,4,7,0,18,0,0,0,0,0,7,4,7,0,18,0,0,0,18
12/19/2022,MOT,ND,AGL,CE,Federal Contract Tower,4,9,18,0,31,0,0,1,0,1,4,9,19,0,32,0,0,0,32
12/20/2022,MOT,ND,AGL,CE,Federal Contract Tower,7,13,10,2,32,0,0,11,0,11,7,13,21,2,43,6,0,6,49
12/21/2022,MOT,ND,AGL,CE,Federal Contract Tower,6,16,10,0,32,0,0,0,0,0,6,16,10,0,32,0,0,0,32
12/22/2022,MOT,ND,AGL,CE,Federal Contract Tower,4,12,4,0,20,0,0,3,0,3,4,12,7,0,23,0,0,0,23
12/23/2022,MOT,ND,AGL,CE,Federal Contract Tower,3,6,7,0,16,0,0,4,0,4,3,6,11,0,20,0,0,0,20
12/24/2022,MOT,ND,AGL,CE,Federal Contract Tower,4,11,0,0,15,0,0,6,0,6,4,11,6,0,21,0,0,0,21
12/25/2022,MOT,ND,AGL,CE,Federal Contract Tower,1,3,3,0,7,0,0,0,0,0,1,3,3,0,7,0,0,0,7
12/26/2022,MOT,ND,AGL,CE,Federal Contract Tower,3,3,1,0,7,0,0,3,0,3,3,3,4,0,10,0,0,0,10
12/27/2022,MOT,ND,AGL,CE,Federal Contract Tower,7,9,7,0,23,0,0,7,0,7,7,9,14,0,30,38,18,56,86
12/28/2022,MOT,ND,AGL,CE,Federal Contract Tower,4,17,9,0,30,0,6,6,0,12,4,23,15,0,42,6,4,10,52
12/29/2022,MOT,ND,AGL,CE,Federal Contract Tower,6,12,5,0,23,0,0,3,0,3,6,12,8,0,26,0,0,0,26
12/30/2022,MOT,ND,AGL,CE,Federal Contract Tower,4,11,6,0,21,0,0,7,0,7,4,11,13,0,28,38,0,38,66
12/31/2022,MOT,ND,AGL,CE,Federal Contract Tower,2,12,5,0,19,0,0,8,0,8,2,12,13,0,27,31,0,31,58
01/01/2023,MOT,ND,AGL,CE,Federal Contract Tower,6,7,4,0,17,0,2,0,0,2,6,9,4,0,19,0,0,0,19
01/02/2023,MOT,ND,AGL,CE,Federal Contract Tower,4,2,1,0,7,0,6,15,0,21,4,8,16,0,28,18,0,18,46
01/04/2023,MOT,ND,AGL,CE,Federal Contract Tower,4,11,7,0,22,0,0,7,0,7,4,11,14,0,29,0,28,28,57
01/05/2023,MOT,ND,AGL,CE,Federal Contract Tower,6,11,8,0,25,0,0,7,0,7,6,11,15,0,32,0,4,4,36
01/06/2023,MOT,ND,AGL,CE,Federal Contract Tower,6,15,8,0,29,0,0,0,0,0,6,15,8,0,29,0,12,12,41
01/07/2023,MOT,ND,AGL,CE,Federal Contract Tower,5,16,5,0,26,0,2,12,0,14,5,18,17,0,40,34,0,34,74
01/08/2023,MOT,ND,AGL,CE,Federal Contract Tower,4,9,3,0,16,0,4,17,0,21,4,13,20,0,37,41,0,41,78
01/09/2023,MOT,ND,AGL,CE,Federal Contract Tower,8,9,7,2,26,0,0,10,0,10,8,9,17,2,36,59,36,95,131
01/10/2023,MOT,ND,AGL,CE,Federal Contract Tower,4,13,6,0,23,0,6,13,0,19,4,19,19,0,42,58,70,128,170
01/11/2023,MOT,ND,AGL,CE,Federal Contract Tower,5,10,7,0,22,0,0,0,0,0,5,10,7,0,22,20,12,32,54
01/12/2023,MOT,ND,AGL,CE,Federal Contract Tower,7,14,7,0,28,0,2,10,0,12,7,16,17,0,40,15,2,17,57
01/13/2023,MOT,ND,AGL,CE,Federal Contract Tower,6,10,20,0,36,0,4,19,0,23,6,14,39,0,59,51,0,51,110
01/14/2023,MOT,ND,AGL,CE,Federal Contract Tower,4,13,3,0,20,0,4,22,0,26,4,17,25,0,46,30,0,30,76
01/15/2023,MOT,ND,AGL,CE,Federal Contract Tower,4,1,0,0,5,0,0,0,0,0,4,1,0,0,5,0,0,0,5
01/16/2023,MOT,ND,AGL,CE,Federal Contract Tower,6,7,2,0,15,0,0,0,0,0,6,7,2,0,15,0,0,0,15
01/17/2023,MOT,ND,AGL,CE,Federal Contract Tower,4,14,16,0,34,0,0,0,0,0,4,14,16,0,34,0,12,12,46
01/18/2023,MOT,ND,AGL,CE,Federal Contract Tower,4,13,9,0,26,0,0,0,0,0,4,13,9,0,26,0,0,0,26
01/19/2023,MOT,ND,AGL,CE,Federal Contract Tower,6,22,8,0,36,0,0,0,0,0,6,22,8,0,36,0,4,4,40
01/20/2023,MOT,ND,AGL,CE,Federal Contract Tower,6,11,6,0,23,0,0,10,0,10,6,11,16,0,33,2,8,10,43
01/21/2023,MOT,ND,AGL,CE,Federal Contract Tower,4,10,0,0,14,0,4,25,0,29,4,14,25,0,43,29,0,29,72
01/22/2023,MOT,ND,AGL,CE,Federal Contract Tower,4,5,6,0,15,0,4,16,0,20,4,9,22,0,35,27,0,27,62
01/23/2023,MOT,ND,AGL,CE,Federal Contract Tower,7,13,13,0,33,0,0,6,0,6,7,13,19,0,39,21,0,21,60
01/24/2023,MOT,ND,AGL,CE,Federal Contract Tower,3,15,8,0,26,0,0,0,0,0,3,15,8,0,26,0,4,4,30
01/26/2023,MOT,ND,AGL,CE,Federal Contract Tower,6,19,4,0,29,0,0,0,0,0,6,19,4,0,29,16,0,16,45
01/27/2023,MOT,ND,AGL,CE,Federal Contract Tower,6,8,4,0,18,0,0,4,0,4,6,8,8,0,22,30,18,48,70
01/28/2023,MOT,ND,AGL,CE,Federal Contract Tower,4,10,4,0,18,0,2,4,0,6,4,12,8,0,24,3,2,5,29
01/29/2023,MOT,ND,AGL,CE,Federal Contract Tower,4,4,6,0,14,0,0,6,0,6,4,4,12,0,20,6,0,6,26
01/30/2023,MOT,ND,AGL,CE,Federal Contract Tower,8,6,4,0,18,0,0,8,0,8,8,6,12,0,26,0,16,16,42
01/31/2023,MOT,ND,AGL,CE,Federal Contract Tower,4,10,1,0,15,0,0,8,0,8,4,10,9,0,23,4,4,8,31
02/01/2023,MOT,ND,AGL,CE,Federal Contract Tower,4,11,13,0,28,0,3,21,0,24,4,14,34,0,52,26,14,40,92
02/02/2023,MOT,ND,AGL,CE,Federal Contract Tower,6,8,16,0,30,0,0,3,0,3,6,8,19,0,33,6,0,6,39
02/03/2023,MOT,ND,AGL,CE,Federal Contract Tower,6,12,10,0,28,0,0,10,0,10,6,12,20,0,38,14,28,42,80
02/04/2023,MOT,ND,AGL,CE,Federal Contract Tower,4,11,5,0,20,0,0,12,0,12,4,11,17,0,32,5,0,5,37
02/05/2023,MOT,ND,AGL,CE,Federal Contract Tower,4,7,9,0,20,0,3,25,0,28,4,10,34,0,48,86,4,90,138
02/06/2023,MOT,ND,AGL,CE,Federal Contract Tower,9,7,6,0,22,0,8,5,0,13,9,15,11,0,35,29,4,33,68
02/07/2023,MOT,ND,AGL,CE,Federal Contract Tower,4,14,11,0,29,0,0,7,0,7,4,14,18,0,36,17,4,21,57
02/08/2023,MOT,ND,AGL,CE,Federal Contract Tower,4,12,11,0,27,0,4,24,0,28,4,16,35,0,55,61,12,73,128
02/09/2023,MOT,ND,AGL,CE,Federal Contract Tower,6,19,7,0,32,0,0,9,0,9,6,19,16,0,41,48,0,48,89
02/10/2023,MOT,ND,AGL,CE,Federal Contract Tower,6,11,8,0,25,0,5,15,0,20,6,16,23,0,45,54,0,54,99
02/11/2023,MOT,ND,AGL,CE,Federal Contract Tower,6,9,1,0,16,0,1,22,0,23,6,10,23,0,39,80,8,88,127
02/12/2023,MOT,ND,AGL,CE,Federal Contract Tower,4,3,12,0,19,0,0,13,0,13,4,3,25,0,32,43,4,47,79
02/13/2023,MOT,ND,AGL,CE,Federal Contract Tower,7,6,7,0,20,0,1,20,0,21,7,7,27,0,41,96,4,100,141
02/14/2023,MOT,ND,AGL,CE,Federal Contract Tower,5,12,12,0,29,0,0,4,0,4,5,12,16,0,33,0,0,0,33
02/15/2023,MOT,ND,AGL,CE,Federal Contract Tower,4,8,4,0,16,0,0,24,0,24,4,8,28,0,40,26,12,38,78
02/16/2023,MOT,ND,AGL,CE,Federal Contract Tower,8,9,11,0,28,0,0,19,0,19,8,9,30,0,47,18,0,18,65
02/17/2023,MOT,ND,AGL,CE,Federal Contract Tower,4,9,5,0,18,0,1,20,0,21,4,10,25,0,39,30,0,30,69
02/18/2023,MOT,ND,AGL,CE,Federal Contract Tower,5,10,2,0,17,0,0,22,0,22,5,10,24,0,39,68,2,70,109
02/19/2023,MOT,ND,AGL,CE,Federal Contract Tower,5,3,7,0,15,0,0,1,0,1,5,3,8,0,16,0,0,0,16
02/20/2023,MOT,ND,AGL,CE,Federal Contract Tower,6,7,9,2,24,0,0,1,2,3,6,7,10,4,27,0,0,0,27
02/21/2023,MOT,ND,AGL,CE,Federal Contract Tower,5,19,11,0,35,0,1,6,0,7,5,20,17,0,42,0,12,12,54
02/22/2023,MOT,ND,AGL,CE,Federal Contract Tower,5,13,5,0,23,0,0,0,0,0,5,13,5,0,23,0,4,4,27
02/23/2023,MOT,ND,AGL,CE,Federal Contract Tower,8,12,4,0,24,0,0,0,0,0,8,12,4,0,24,0,8,8,32
02/24/2023,MOT,ND,AGL,CE,Federal Contract Tower,4,12,9,0,25,0,0,2,0,2,4,12,11,0,27,0,8,8,35
02/25/2023,MOT,ND,AGL,CE,Federal Contract Tower,8,11,9,0,28,0,0,17,0,17,8,11,26,0,45,117,4,121,166
02/26/2023,MOT,ND,AGL,CE,Federal Contract Tower,6,3,8,0,17,0,3,29,0,32,6,6,37,0,49,63,0,63,112
02/27/2023,MOT,ND,AGL,CE,Federal Contract Tower,6,7,9,0,22,0,0,7,0,7,6,7,16,0,29,18,8,26,55
02/28/2023,MOT,ND,AGL,CE,Federal Contract Tower,3,16,11,0,30,0,0,10,0,10,3,16,21,0,40,25,0,25,65
03/01/2023,MOT,ND,AGL,CE,Federal Contract Tower,4,13,6,0,23,0,0,9,0,9,4,13,15,0,32,27,4,31,63
03/02/2023,MOT,ND,AGL,CE,Federal Contract Tower,8,12,11,0,31,0,6,11,0,17,8,18,22,0,48,4,0,4,52
03/03/2023,MOT,ND,AGL,CE,Federal Contract Tower,4,10,9,2,25,0,7,14,0,21,4,17,23,2,46,35,4,39,85
03/04/2023,MOT,ND,AGL,CE,Federal Contract Tower,5,10,4,0,19,0,1,31,0,32,5,11,35,0,51,72,8,80,131
03/05/2023,MOT,ND,AGL,CE,Federal Contract Tower,8,2,7,0,17,0,0,0,0,0,8,2,7,0,17,0,0,0,17
03/06/2023,MOT,ND,AGL,CE,Federal Contract Tower,8,8,8,0,24,0,3,16,0,19,8,11,24,0,43,41,8,49,92
03/07/2023,MOT,ND,AGL,CE,Federal Contract Tower,4,17,3,0,24,0,0,8,0,8,4,17,11,0,32,0,4,4,36
03/08/2023,MOT,ND,AGL,CE,Federal Contract Tower,5,16,7,0,28,0,0,3,0,3,5,16,10,0,31,2,2,4,35
03/09/2023,MOT,ND,AGL,CE,Federal Contract Tower,7,17,7,0,31,0,0,0,0,0,7,17,7,0,31,0,2,2,33
03/10/2023,MOT,ND,AGL,CE,Federal Contract Tower,8,12,5,2,27,0,0,0,0,0,8,12,5,2,27,0,0,0,27
03/11/2023,MOT,ND,AGL,CE,Federal Contract Tower,0,0,0,0,0,0,0,0,0,0,0,0,0,0,0,0,0,0,0
03/12/2023,MOT,ND,AGL,CE,Federal Contract Tower,14,7,1,0,22,0,3,9,0,12,14,10,10,0,34,2,10,12,46
03/13/2023,MOT,ND,AGL,CE,Federal Contract Tower,6,7,9,0,22,0,1,18,1,20,6,8,27,1,42,31,2,33,75
03/14/2023,MOT,ND,AGL,CE,Federal Contract Tower,8,14,15,0,37,0,0,16,0,16,8,14,31,0,53,14,8,22,75
03/15/2023,MOT,ND,AGL,CE,Federal Contract Tower,9,11,5,0,25,0,0,6,0,6,9,11,11,0,31,80,0,80,111
03/16/2023,MOT,ND,AGL,CE,Federal Contract Tower,10,10,9,0,29,0,0,21,0,21,10,10,30,0,50,35,0,35,85
03/17/2023,MOT,ND,AGL,CE,Federal Contract Tower,6,8,8,0,22,0,6,7,0,13,6,14,15,0,35,31,0,31,66
03/18/2023,MOT,ND,AGL,CE,Federal Contract Tower,11,14,3,0,28,0,0,26,1,27,11,14,29,1,55,102,0,102,157
03/19/2023,MOT,ND,AGL,CE,Federal Contract Tower,8,3,1,0,12,0,1,28,0,29,8,4,29,0,41,93,0,93,134
03/20/2023,MOT,ND,AGL,CE,Federal Contract Tower,10,6,5,0,21,0,0,0,0,0,10,6,5,0,21,111,4,115,136
03/21/2023,MOT,ND,AGL,CE,Federal Contract Tower,8,13,10,0,31,0,0,19,0,19,8,13,29,0,50,69,0,69,119
03/22/2023,MOT,ND,AGL,CE,Federal Contract Tower,6,14,8,0,28,0,1,16,0,17,6,15,24,0,45,65,2,67,112
03/23/2023,MOT,ND,AGL,CE,Federal Contract Tower,12,13,4,0,29,0,0,18,0,18,12,13,22,0,47,17,4,21,68
03/24/2023,MOT,ND,AGL,CE,Federal Contract Tower,6,11,4,0,21,0,0,31,0,31,6,11,35,0,52,48,0,48,100
03/25/2023,MOT,ND,AGL,CE,Federal Contract Tower,10,10,5,0,25,0,4,26,0,30,10,14,31,0,55,23,4,27,82
03/26/2023,MOT,ND,AGL,CE,Federal Contract Tower,10,7,4,0,21,0,0,10,0,10,10,7,14,0,31,29,4,33,64
03/27/2023,MOT,ND,AGL,CE,Federal Contract Tower,8,7,7,0,22,0,0,10,0,10,8,7,17,0,32,39,0,39,71
03/28/2023,MOT,ND,AGL,CE,Federal Contract Tower,6,12,3,1,22,0,0,7,0,7,6,12,10,1,29,0,2,2,31
03/29/2023,MOT,ND,AGL,CE,Federal Contract Tower,6,11,7,0,24,0,0,21,0,21,6,11,28,0,45,34,4,38,83
03/30/2023,MOT,ND,AGL,CE,Federal Contract Tower,9,14,8,0,31,0,0,14,0,14,9,14,22,0,45,120,6,126,171
03/31/2023,MOT,ND,AGL,CE,Federal Contract Tower,6,18,2,0,26,0,0,18,0,18,6,18,20,0,44,104,4,108,152
04/01/2023,MOT,ND,AGL,CE,Federal Contract Tower,8,8,9,0,25,0,0,22,0,22,8,8,31,0,47,134,0,134,181
04/02/2023,MOT,ND,AGL,CE,Federal Contract Tower,8,4,0,0,12,0,0,6,0,6,8,4,6,0,18,50,0,50,68
04/03/2023,MOT,ND,AGL,CE,Federal Contract Tower,8,9,15,0,32,0,0,2,0,2,8,9,17,0,34,0,4,4,38
04/04/2023,MOT,ND,AGL,CE,Federal Contract Tower,6,10,5,0,21,0,0,0,0,0,6,10,5,0,21,0,8,8,29
04/05/2023,MOT,ND,AGL,CE,Federal Contract Tower,6,8,3,0,17,0,0,0,0,0,6,8,3,0,17,0,2,2,19
04/06/2023,MOT,ND,AGL,CE,Federal Contract Tower,8,16,10,0,34,0,0,13,0,13,8,16,23,0,47,0,21,21,68
04/07/2023,MOT,ND,AGL,CE,Federal Contract Tower,6,13,5,0,24,0,0,3,0,3,6,13,8,0,27,12,7,19,46
04/08/2023,MOT,ND,AGL,CE,Federal Contract Tower,8,8,0,0,16,0,0,19,0,19,8,8,19,0,35,147,2,149,184
04/09/2023,MOT,ND,AGL,CE,Federal Contract Tower,8,5,3,0,16,0,0,15,0,15,8,5,18,0,31,19,0,19,50
04/10/2023,MOT,ND,AGL,CE,Federal Contract Tower,8,5,11,0,24,0,0,25,0,25,8,5,36,0,49,27,0,27,76
04/11/2023,MOT,ND,AGL,CE,Federal Contract Tower,20,18,4,0,42,0,15,35,3,53,20,33,39,3,95,98,18,116,211
04/12/2023,MOT,ND,AGL,CE,Federal Contract Tower,8,11,7,0,26,0,0,30,2,32,8,11,37,2,58,115,10,125,183
04/13/2023,MOT,ND,AGL,CE,Federal Contract Tower,11,12,7,3,33,0,4,8,0,12,11,16,15,3,45,44,2,46,91
04/15/2023,MOT,ND,AGL,CE,Federal Contract Tower,9,8,5,0,22,0,0,11,2,13,9,8,16,2,35,79,0,79,114
04/16/2023,MOT,ND,AGL,CE,Federal Contract Tower,8,5,4,0,17,0,3,30,0,33,8,8,34,0,50,99,0,99,149
04/17/2023,MOT,ND,AGL,CE,Federal Contract Tower,14,8,9,0,31,0,3,30,0,33,14,11,39,0,64,108,0,108,172
04/18/2023,MOT,ND,AGL,CE,Federal Contract Tower,8,12,7,0,27,0,1,15,0,16,8,13,22,0,43,89,20,109,152
04/19/2023,MOT,ND,AGL,CE,Federal Contract Tower,7,17,2,0,26,0,0,0,0,0,7,17,2,0,26,0,0,0,26
04/20/2023,MOT,ND,AGL,CE,Federal Contract Tower,13,14,9,0,36,0,0,0,0,0,13,14,9,0,36,0,0,0,36
04/21/2023,MOT,ND,AGL,CE,Federal Contract Tower,10,8,12,0,30,0,2,0,0,2,10,10,12,0,32,10,0,10,42
04/22/2023,MOT,ND,AGL,CE,Federal Contract Tower,6,9,3,0,18,0,0,20,0,20,6,9,23,0,38,135,0,135,173
04/23/2023,MOT,ND,AGL,CE,Federal Contract Tower,10,2,3,0,15,0,2,51,0,53,10,4,54,0,68,30,0,30,98
04/24/2023,MOT,ND,AGL,CE,Federal Contract Tower,11,6,8,1,26,0,0,48,0,48,11,6,56,1,74,94,0,94,168
04/25/2023,MOT,ND,AGL,CE,Federal Contract Tower,6,12,8,0,26,0,0,39,0,39,6,12,47,0,65,53,0,53,118
04/26/2023,MOT,ND,AGL,CE,Federal Contract Tower,11,11,11,0,33,0,0,21,0,21,11,11,32,0,54,18,0,18,72
04/27/2023,MOT,ND,AGL,CE,Federal Contract Tower,10,13,4,0,27,0,0,2,2,4,10,13,6,2,31,0,24,24,55
04/28/2023,MOT,ND,AGL,CE,Federal Contract Tower,6,12,13,2,33,0,0,35,0,35,6,12,48,2,68,100,2,102,170
04/29/2023,MOT,ND,AGL,CE,Federal Contract Tower,8,10,4,0,22,0,0,8,0,8,8,10,12,0,30,19,2,21,51
04/30/2023,MOT,ND,AGL,CE,Federal Contract Tower,11,3,3,0,17,0,0,30,0,30,11,3,33,0,47,65,2,67,114
05/01/2023,MOT,ND,AGL,CE,Federal Contract Tower,13,6,6,0,25,0,0,48,0,48,13,6,54,0,73,96,0,96,169
05/02/2023,MOT,ND,AGL,CE,Federal Contract Tower,7,10,6,0,23,0,0,32,3,35,7,10,38,3,58,101,28,129,187
05/03/2023,MOT,ND,AGL,CE,Federal Contract Tower,6,18,13,0,37,0,3,41,0,44,6,21,54,0,81,147,0,147,228
05/04/2023,MOT,ND,AGL,CE,Federal Contract Tower,10,17,10,0,37,0,0,37,0,37,10,17,47,0,74,68,0,68,142
05/05/2023,MOT,ND,AGL,CE,Federal Contract Tower,8,13,5,0,26,0,0,25,0,25,8,13,30,0,51,80,2,82,133
05/06/2023,MOT,ND,AGL,CE,Federal Contract Tower,8,11,3,0,22,0,0,20,0,20,8,11,23,0,42,47,0,47,89
05/07/2023,MOT,ND,AGL,CE,Federal Contract Tower,10,1,7,0,18,0,0,2,0,2,10,1,9,0,20,4,0,4,24
05/08/2023,MOT,ND,AGL,CE,Federal Contract Tower,9,5,17,2,33,0,0,6,0,6,9,5,23,2,39,25,4,29,68
05/09/2023,MOT,ND,AGL,CE,Federal Contract Tower,6,16,6,0,28,0,0,14,0,14,6,16,20,0,42,30,2,32,74
05/10/2023,MOT,ND,AGL,CE,Federal Contract Tower,6,14,19,0,39,0,1,39,0,40,6,15,58,0,79,61,0,61,140
05/11/2023,MOT,ND,AGL,CE,Federal Contract Tower,13,9,6,0,28,0,0,24,0,24,13,9,30,0,52,16,0,16,68
05/12/2023,MOT,ND,AGL,CE,Federal Contract Tower,8,9,5,0,22,0,0,2,4,6,8,9,7,4,28,0,0,0,28
05/13/2023,MOT,ND,AGL,CE,Federal Contract Tower,5,10,7,0,22,0,0,4,0,4,5,10,11,0,26,0,0,0,26
05/15/2023,MOT,ND,AGL,CE,Federal Contract Tower,8,7,16,0,31,0,2,26,0,28,8,9,42,0,59,38,4,42,101
05/16/2023,MOT,ND,AGL,CE,Federal Contract Tower,6,12,6,0,24,0,1,25,0,26,6,13,31,0,50,81,2,83,133
05/17/2023,MOT,ND,AGL,CE,Federal Contract Tower,8,14,14,0,36,0,0,2,0,2,8,14,16,0,38,0,0,0,38
05/18/2023,MOT,ND,AGL,CE,Federal Contract Tower,12,12,8,1,33,0,0,15,1,16,12,12,23,2,49,77,0,77,126
05/19/2023,MOT,ND,AGL,CE,Federal Contract Tower,7,7,15,0,29,0,0,50,0,50,7,7,65,0,79,119,8,127,206
05/20/2023,MOT,ND,AGL,CE,Federal Contract Tower,6,8,8,0,22,0,0,88,0,88,6,8,96,0,110,80,0,80,190
05/21/2023,MOT,ND,AGL,CE,Federal Contract Tower,6,4,7,0,17,0,0,36,0,36,6,4,43,0,53,55,0,55,108
05/22/2023,MOT,ND,AGL,CE,Federal Contract Tower,8,5,16,0,29,0,2,41,0,43,8,7,57,0,72,139,0,139,211
05/23/2023,MOT,ND,AGL,CE,Federal Contract Tower,7,13,5,0,25,0,0,39,0,39,7,13,44,0,64,20,18,38,102
05/24/2023,MOT,ND,AGL,CE,Federal Contract Tower,8,15,5,0,28,0,0,27,0,27,8,15,32,0,55,18,0,18,73
05/25/2023,MOT,ND,AGL,CE,Federal Contract Tower,7,9,14,0,30,0,0,18,0,18,7,9,32,0,48,44,0,44,92
05/26/2023,MOT,ND,AGL,CE,Federal Contract Tower,12,11,6,0,29,0,0,28,0,28,12,11,34,0,57,9,0,9,66
05/27/2023,MOT,ND,AGL,CE,Federal Contract Tower,6,11,4,0,21,0,0,14,0,14,6,11,18,0,35,45,0,45,80
05/28/2023,MOT,ND,AGL,CE,Federal Contract Tower,4,9,4,0,17,0,0,14,0,14,4,9,18,0,31,18,0,18,49
05/29/2023,MOT,ND,AGL,CE,Federal Contract Tower,10,3,4,0,17,0,0,32,0,32,10,3,36,0,49,36,0,36,85
05/30/2023,MOT,ND,AGL,CE,Federal Contract Tower,8,13,14,0,35,0,3,34,0,37,8,16,48,0,72,52,0,52,124
05/31/2023,MOT,ND,AGL,CE,Federal Contract Tower,6,13,16,0,35,0,0,27,0,27,6,13,43,0,62,31,8,39,101
06/01/2023,MOT,ND,AGL,CE,Federal Contract Tower,8,13,16,0,37,0,2,27,0,29,8,15,43,0,66,37,2,39,105
06/02/2023,MOT,ND,AGL,CE,Federal Contract Tower,6,11,6,0,23,0,0,15,4,19,6,11,21,4,42,24,28,52,94
06/03/2023,MOT,ND,AGL,CE,Federal Contract Tower,4,9,0,0,13,0,0,34,0,34,4,9,34,0,47,95,2,97,144
06/04/2023,MOT,ND,AGL,CE,Federal Contract Tower,6,11,3,0,20,0,1,29,0,30,6,12,32,0,50,16,0,16,66
06/05/2023,MOT,ND,AGL,CE,Federal Contract Tower,8,7,13,0,28,0,2,44,0,46,8,9,57,0,74,143,8,151,225
06/06/2023,MOT,ND,AGL,CE,Federal Contract Tower,6,10,9,0,25,0,0,25,0,25,6,10,34,0,50,81,4,85,135
06/07/2023,MOT,ND,AGL,CE,Federal Contract Tower,6,12,21,0,39,0,3,31,0,34,6,15,52,0,73,60,8,68,141
06/08/2023,MOT,ND,AGL,CE,Federal Contract Tower,7,17,9,0,33,0,0,18,0,18,7,17,27,0,51,36,0,36,87
06/09/2023,MOT,ND,AGL,CE,Federal Contract Tower,6,14,16,0,36,0,0,21,0,21,6,14,37,0,57,103,0,103,160
06/10/2023,MOT,ND,AGL,CE,Federal Contract Tower,4,11,8,0,23,0,0,32,0,32,4,11,40,0,55,37,0,37,92
06/11/2023,MOT,ND,AGL,CE,Federal Contract Tower,6,3,8,0,17,0,0,31,0,31,6,3,39,0,48,52,0,52,100
06/12/2023,MOT,ND,AGL,CE,Federal Contract Tower,9,8,7,0,24,0,1,41,0,42,9,9,48,0,66,130,6,136,202
06/13/2023,MOT,ND,AGL,CE,Federal Contract Tower,6,11,15,0,32,0,0,43,0,43,6,11,58,0,75,87,0,87,162
06/14/2023,MOT,ND,AGL,CE,Federal Contract Tower,6,14,13,0,33,0,1,22,0,23,6,15,35,0,56,85,0,85,141
06/15/2023,MOT,ND,AGL,CE,Federal Contract Tower,8,14,15,0,37,0,0,28,0,28,8,14,43,0,65,138,0,138,203
06/16/2023,MOT,ND,AGL,CE,Federal Contract Tower,8,10,17,2,37,0,2,50,2,54,8,12,67,4,91,106,4,110,201
06/17/2023,MOT,ND,AGL,CE,Federal Contract Tower,7,11,4,0,22,0,0,91,0,91,7,11,95,0,113,79,2,81,194
06/18/2023,MOT,ND,AGL,CE,Federal Contract Tower,6,3,9,0,18,0,0,36,0,36,6,3,45,0,54,37,0,37,91
06/19/2023,MOT,ND,AGL,CE,Federal Contract Tower,8,7,8,0,23,0,1,56,0,57,8,8,64,0,80,48,0,48,128
06/20/2023,MOT,ND,AGL,CE,Federal Contract Tower,5,14,10,0,29,0,0,45,0,45,5,14,55,0,74,61,0,61,135
06/21/2023,MOT,ND,AGL,CE,Federal Contract Tower,6,11,17,1,35,0,3,88,0,91,6,14,105,1,126,148,2,150,276
06/22/2023,MOT,ND,AGL,CE,Federal Contract Tower,8,12,15,0,35,0,2,63,0,65,8,14,78,0,100,91,0,91,191
06/23/2023,MOT,ND,AGL,CE,Federal Contract Tower,6,14,13,0,33,0,2,80,0,82,6,16,93,0,115,43,16,59,174
06/24/2023,MOT,ND,AGL,CE,Federal Contract Tower,4,13,6,6,29,0,0,6,0,6,4,13,12,6,35,3,2,5,40
06/25/2023,MOT,ND,AGL,CE,Federal Contract Tower,7,6,4,0,17,0,0,61,0,61,7,6,65,0,78,65,0,65,143
06/26/2023,MOT,ND,AGL,CE,Federal Contract Tower,8,7,13,0,28,0,2,106,0,108,8,9,119,0,136,136,6,142,278
06/27/2023,MOT,ND,AGL,CE,Federal Contract Tower,6,13,16,0,35,0,0,64,0,64,6,13,80,0,99,133,0,133,232
06/28/2023,MOT,ND,AGL,CE,Federal Contract Tower,7,11,21,0,39,0,5,77,0,82,7,16,98,0,121,71,24,95,216
06/29/2023,MOT,ND,AGL,CE,Federal Contract Tower,9,10,18,0,37,0,0,67,0,67,9,10,85,0,104,102,0,102,206
06/30/2023,MOT,ND,AGL,CE,Federal Contract Tower,5,10,12,0,27,0,0,55,0,55,5,10,67,0,82,120,0,120,202
07/01/2023,MOT,ND,AGL,CE,Federal Contract Tower,5,12,7,0,24,0,0,40,0,40,5,12,47,0,64,95,0,95,159
07/02/2023,MOT,ND,AGL,CE,Federal Contract Tower,4,5,4,0,13,0,0,14,0,14,4,5,18,0,27,65,0,65,92
07/03/2023,MOT,ND,AGL,CE,Federal Contract Tower,6,8,6,0,20,0,2,59,0,61,6,10,65,0,81,58,0,58,139
07/04/2023,MOT,ND,AGL,CE,Federal Contract Tower,4,4,3,0,11,0,0,19,0,19,4,4,22,0,30,0,0,0,30
07/05/2023,MOT,ND,AGL,CE,Federal Contract Tower,6,13,9,0,28,0,0,72,0,72,6,13,81,0,100,47,0,47,147
07/06/2023,MOT,ND,AGL,CE,Federal Contract Tower,7,12,11,0,30,0,10,55,0,65,7,22,66,0,95,64,0,64,159
07/07/2023,MOT,ND,AGL,CE,Federal Contract Tower,4,13,3,2,22,0,0,35,0,35,4,13,38,2,57,80,0,80,137
07/08/2023,MOT,ND,AGL,CE,Federal Contract Tower,4,11,2,0,17,0,0,90,0,90,4,11,92,0,107,59,2,61,168
07/09/2023,MOT,ND,AGL,CE,Federal Contract Tower,6,4,3,0,13,0,1,59,0,60,6,5,62,0,73,15,0,15,88
07/10/2023,MOT,ND,AGL,CE,Federal Contract Tower,8,11,10,0,29,0,0,70,6,76,8,11,80,6,105,34,0,34,139
07/11/2023,MOT,ND,AGL,CE,Federal Contract Tower,6,11,20,0,37,0,0,19,6,25,6,11,39,6,62,8,0,8,70
07/12/2023,MOT,ND,AGL,CE,Federal Contract Tower,6,13,15,1,35,0,0,28,4,32,6,13,43,5,67,41,8,49,116
07/13/2023,MOT,ND,AGL,CE,Federal Contract Tower,7,14,5,0,26,0,3,45,0,48,7,17,50,0,74,86,0,86,160
07/14/2023,MOT,ND,AGL,CE,Federal Contract Tower,6,13,6,0,25,0,0,33,0,33,6,13,39,0,58,39,36,75,133
07/15/2023,MOT,ND,AGL,CE,Federal Contract Tower,4,8,8,0,20,0,0,50,0,50,4,8,58,0,70,104,0,104,174
07/16/2023,MOT,ND,AGL,CE,Federal Contract Tower,4,6,3,0,13,0,0,43,0,43,4,6,46,0,56,12,0,12,68
07/17/2023,MOT,ND,AGL,CE,Federal Contract Tower,8,7,12,0,27,0,2,57,0,59,8,9,69,0,86,68,0,68,154
07/18/2023,MOT,ND,AGL,CE,Federal Contract Tower,6,15,13,0,34,0,0,60,5,65,6,15,73,5,99,74,0,74,173
07/19/2023,MOT,ND,AGL,CE,Federal Contract Tower,6,15,8,0,29,0,0,12,0,12,6,15,20,0,41,28,0,28,69
07/20/2023,MOT,ND,AGL,CE,Federal Contract Tower,10,9,18,0,37,0,0,53,6,59,10,9,71,6,96,88,0,88,184
07/21/2023,MOT,ND,AGL,CE,Federal Contract Tower,8,13,7,0,28,0,2,51,0,53,8,15,58,0,81,37,8,45,126
07/22/2023,MOT,ND,AGL,CE,Federal Contract Tower,4,17,7,0,28,0,0,74,0,74,4,17,81,0,102,21,0,21,123
07/23/2023,MOT,ND,AGL,CE,Federal Contract Tower,6,14,9,0,29,0,0,44,0,44,6,14,53,0,73,5,0,5,78
07/24/2023,MOT,ND,AGL,CE,Federal Contract Tower,9,10,13,0,32,0,0,24,0,24,9,10,37,0,56,65,0,65,121
07/25/2023,MOT,ND,AGL,CE,Federal Contract Tower,6,13,13,0,32,0,1,51,0,52,6,14,64,0,84,27,0,27,111
07/26/2023,MOT,ND,AGL,CE,Federal Contract Tower,6,14,11,0,31,0,0,20,0,20,6,14,31,0,51,87,0,87,138
07/27/2023,MOT,ND,AGL,CE,Federal Contract Tower,8,15,9,0,32,0,0,41,0,41,8,15,50,0,73,73,0,73,146
07/28/2023,MOT,ND,AGL,CE,Federal Contract Tower,6,15,8,3,32,0,3,18,0,21,6,18,26,3,53,138,2,140,193
07/29/2023,MOT,ND,AGL,CE,Federal Contract Tower,3,8,23,0,34,0,0,19,0,19,3,8,42,0,53,36,0,36,89
07/30/2023,MOT,ND,AGL,CE,Federal Contract Tower,3,6,11,0,20,0,1,44,0,45,3,7,55,0,65,22,0,22,87
07/31/2023,MOT,ND,AGL,CE,Federal Contract Tower,8,8,5,0,21,0,0,29,9,38,8,8,34,9,59,11,0,11,70
08/01/2023,MOT,ND,AGL,CE,Federal Contract Tower,5,12,10,0,27,1,3,31,0,35,6,15,41,0,62,20,2,22,84
08/02/2023,MOT,ND,AGL,CE,Federal Contract Tower,7,6,18,0,31,0,1,44,2,47,7,7,62,2,78,117,0,117,195
08/03/2023,MOT,ND,AGL,CE,Federal Contract Tower,8,12,8,0,28,0,7,27,4,38,8,19,35,4,66,66,12,78,144
08/04/2023,MOT,ND,AGL,CE,Federal Contract Tower,7,13,6,0,26,0,7,8,0,15,7,20,14,0,41,69,0,69,110
08/05/2023,MOT,ND,AGL,CE,Federal Contract Tower,4,11,8,0,23,0,9,25,0,34,4,20,33,0,57,96,0,96,153
08/06/2023,MOT,ND,AGL,CE,Federal Contract Tower,6,14,6,0,26,0,2,25,0,27,6,16,31,0,53,47,0,47,100
08/07/2023,MOT,ND,AGL,CE,Federal Contract Tower,9,10,10,0,29,0,3,21,0,24,9,13,31,0,53,45,6,51,104
08/08/2023,MOT,ND,AGL,CE,Federal Contract Tower,6,12,11,0,29,0,2,33,0,35,6,14,44,0,64,68,6,74,138
08/09/2023,MOT,ND,AGL,CE,Federal Contract Tower,6,13,12,0,31,0,4,28,0,32,6,17,40,0,63,55,2,57,120
08/10/2023,MOT,ND,AGL,CE,Federal Contract Tower,8,16,10,0,34,0,0,17,0,17,8,16,27,0,51,7,0,7,58
08/11/2023,MOT,ND,AGL,CE,Federal Contract Tower,5,15,12,0,32,0,1,31,0,32,5,16,43,0,64,14,0,14,78
08/12/2023,MOT,ND,AGL,CE,Federal Contract Tower,4,11,8,0,23,0,0,31,0,31,4,11,39,0,54,46,0,46,100
08/13/2023,MOT,ND,AGL,CE,Federal Contract Tower,6,3,4,0,13,0,4,5,0,9,6,7,9,0,22,20,0,20,42
08/14/2023,MOT,ND,AGL,CE,Federal Contract Tower,8,8,11,0,27,0,1,39,0,40,8,9,50,0,67,83,2,85,152
08/16/2023,MOT,ND,AGL,CE,Federal Contract Tower,6,13,9,1,29,0,0,1,1,2,6,13,10,2,31,0,0,0,31
08/17/2023,MOT,ND,AGL,CE,Federal Contract Tower,8,17,6,0,31,0,0,47,3,50,8,17,53,3,81,77,26,103,184
08/18/2023,MOT,ND,AGL,CE,Federal Contract Tower,6,13,10,2,31,0,0,28,2,30,6,13,38,4,61,18,22,40,101
08/19/2023,MOT,ND,AGL,CE,Federal Contract Tower,4,10,8,0,22,0,0,20,0,20,4,10,28,0,42,12,0,12,54
08/20/2023,MOT,ND,AGL,CE,Federal Contract Tower,6,6,4,0,16,0,0,7,0,7,6,6,11,0,23,53,0,53,76
08/21/2023,MOT,ND,AGL,CE,Federal Contract Tower,8,16,12,2,38,0,0,13,0,13,8,16,25,2,51,33,4,37,88
08/22/2023,MOT,ND,AGL,CE,Federal Contract Tower,8,13,6,0,27,0,0,14,0,14,8,13,20,0,41,15,0,15,56
08/23/2023,MOT,ND,AGL,CE,Federal Contract Tower,6,15,10,0,31,0,0,12,8,20,6,15,22,8,51,66,2,68,119
08/24/2023,MOT,ND,AGL,CE,Federal Contract Tower,8,14,8,0,30,0,0,8,2,10,8,14,16,2,40,29,0,29,69
08/25/2023,MOT,ND,AGL,CE,Federal Contract Tower,6,10,6,0,22,0,0,25,0,25,6,10,31,0,47,49,6,55,102
08/26/2023,MOT,ND,AGL,CE,Federal Contract Tower,4,10,3,2,19,0,0,46,0,46,4,10,49,2,65,41,0,41,106
08/27/2023,MOT,ND,AGL,CE,Federal Contract Tower,6,3,7,0,16,0,0,27,0,27,6,3,34,0,43,63,0,63,106
08/28/2023,MOT,ND,AGL,CE,Federal Contract Tower,8,10,22,2,42,0,2,28,2,32,8,12,50,4,74,2,0,2,76
08/29/2023,MOT,ND,AGL,CE,Federal Contract Tower,6,14,8,0,28,0,0,20,0,20,6,14,28,0,48,93,0,93,141
08/30/2023,MOT,ND,AGL,CE,Federal Contract Tower,6,15,5,0,26,0,0,11,8,19,6,15,16,8,45,71,0,71,116
08/31/2023,MOT,ND,AGL,CE,Federal Contract Tower,8,14,7,0,29,0,2,44,0,46,8,16,51,0,75,50,2,52,127
