01/01/2000,MQY,TN,ASO,CE,Federal Contract Tower,0,1,9,0,10,0,1,14,0,15,0,2,23,0,25,40,0,40,65
01/02/2000,MQY,TN,ASO,CE,Federal Contract Tower,0,3,23,0,26,0,2,24,0,26,0,5,47,0,52,20,0,20,72
01/03/2000,MQY,TN,ASO,CE,Federal Contract Tower,0,0,9,2,11,0,0,7,5,12,0,0,16,7,23,11,24,35,58
01/04/2000,MQY,TN,ASO,CE,Federal Contract Tower,1,2,22,5,30,0,0,16,3,19,1,2,38,8,49,28,0,28,77
01/05/2000,MQY,TN,ASO,CE,Federal Contract Tower,0,0,50,5,55,0,0,52,0,52,0,0,102,5,107,102,11,113,220
01/06/2000,MQY,TN,ASO,CE,Federal Contract Tower,0,3,34,8,45,0,0,42,11,53,0,3,76,19,98,94,2,96,194
01/07/2000,MQY,TN,ASO,CE,Federal Contract Tower,1,4,34,6,45,1,3,43,8,55,2,7,77,14,100,100,2,102,202
01/08/2000,MQY,TN,ASO,CE,Federal Contract Tower,1,2,20,3,26,3,0,39,18,60,4,2,59,21,86,80,0,80,166
01/09/2000,MQY,TN,ASO,CE,Federal Contract Tower,1,2,15,3,21,1,0,21,5,27,2,2,36,8,48,116,4,120,168
01/10/2000,MQY,TN,ASO,CE,Federal Contract Tower,0,2,23,4,29,0,0,20,11,31,0,2,43,15,60,50,8,58,118
01/11/2000,MQY,TN,ASO,CE,Federal Contract Tower,1,8,67,12,88,0,10,31,6,47,1,18,98,18,135,86,0,86,221
01/12/2000,MQY,TN,ASO,CE,Federal Contract Tower,0,1,52,9,62,1,0,16,7,24,1,1,68,16,86,53,4,57,143
01/13/2000,MQY,TN,ASO,CE,Federal Contract Tower,0,4,35,6,45,0,3,22,6,31,0,7,57,12,76,70,20,90,166
01/14/2000,MQY,TN,ASO,CE,Federal Contract Tower,0,3,37,7,47,0,0,47,10,57,0,3,84,17,104,98,22,120,224
01/15/2000,MQY,TN,ASO,CE,Federal Contract Tower,0,1,16,0,17,0,1,55,0,56,0,2,71,0,73,112,0,112,185
01/16/2000,MQY,TN,ASO,CE,Federal Contract Tower,0,2,20,2,24,0,0,18,0,18,0,2,38,2,42,8,0,8,50
01/17/2000,MQY,TN,ASO,CE,Federal Contract Tower,0,0,32,2,34,0,0,31,0,31,0,0,63,2,65,50,0,50,115
01/18/2000,MQY,TN,ASO,CE,Federal Contract Tower,0,2,47,12,61,0,0,0,15,15,0,2,47,27,76,8,8,16,92
01/19/2000,MQY,TN,ASO,CE,Federal Contract Tower,0,1,48,10,59,0,0,37,4,41,0,1,85,14,100,58,6,64,164
01/20/2000,MQY,TN,ASO,CE,Federal Contract Tower,0,2,37,6,45,0,0,25,0,25,0,2,62,6,70,50,0,50,120
01/21/2000,MQY,TN,ASO,CE,Federal Contract Tower,0,4,42,9,55,0,2,53,0,55,0,6,95,9,110,112,10,122,232
01/22/2000,MQY,TN,ASO,CE,Federal Contract Tower,0,1,12,3,16,0,0,0,1,1,0,1,12,4,17,6,0,6,23
01/23/2000,MQY,TN,ASO,CE,Federal Contract Tower,0,0,21,4,25,0,0,5,1,6,0,0,26,5,31,2,0,2,33
01/24/2000,MQY,TN,ASO,CE,Federal Contract Tower,0,2,25,5,32,0,0,39,7,46,0,2,64,12,78,112,0,112,190
01/25/2000,MQY,TN,ASO,CE,Federal Contract Tower,0,0,38,8,46,0,0,16,2,18,0,0,54,10,64,82,0,82,146
01/26/2000,MQY,TN,ASO,CE,Federal Contract Tower,0,2,34,7,43,0,0,56,2,58,0,2,90,9,101,96,6,102,203
01/27/2000,MQY,TN,ASO,CE,Federal Contract Tower,0,5,46,9,60,0,0,12,8,20,0,5,58,17,80,76,18,94,174
01/28/2000,MQY,TN,ASO,CE,Federal Contract Tower,0,5,48,9,62,0,11,20,0,31,0,16,68,9,93,114,50,164,257
01/29/2000,MQY,TN,ASO,CE,Federal Contract Tower,0,1,6,2,9,0,4,0,2,6,0,5,6,4,15,0,0,0,15
01/30/2000,MQY,TN,ASO,CE,Federal Contract Tower,0,2,23,0,25,0,10,19,0,29,0,12,42,0,54,34,0,34,88
01/31/2000,MQY,TN,ASO,CE,Federal Contract Tower,0,6,57,6,69,0,18,55,0,73,0,24,112,6,142,178,2,180,322
02/01/2000,MQY,TN,ASO,CE,Federal Contract Tower,0,14,57,10,81,0,5,38,1,44,0,19,95,11,125,158,0,158,283
02/02/2000,MQY,TN,ASO,CE,Federal Contract Tower,0,14,59,10,83,0,6,29,15,50,0,20,88,25,133,86,0,86,219
02/03/2000,MQY,TN,ASO,CE,Federal Contract Tower,0,11,45,8,64,0,18,32,12,62,0,29,77,20,126,116,14,130,256
02/04/2000,MQY,TN,ASO,CE,Federal Contract Tower,0,11,46,8,65,0,11,12,4,27,0,22,58,12,92,58,18,76,168
02/05/2000,MQY,TN,ASO,CE,Federal Contract Tower,0,3,41,7,51,0,0,72,15,87,0,3,113,22,138,294,8,302,440
02/06/2000,MQY,TN,ASO,CE,Federal Contract Tower,0,2,27,5,34,0,0,61,17,78,0,2,88,22,112,170,1,171,283
02/07/2000,MQY,TN,ASO,CE,Federal Contract Tower,0,10,45,8,63,0,12,49,4,65,0,22,94,12,128,112,0,112,240
02/08/2000,MQY,TN,ASO,CE,Federal Contract Tower,0,14,58,10,82,0,21,59,4,84,0,35,117,14,166,128,0,128,294
02/09/2000,MQY,TN,ASO,CE,Federal Contract Tower,0,9,36,4,49,0,24,46,0,70,0,33,82,4,119,88,2,90,209
02/10/2000,MQY,TN,ASO,CE,Federal Contract Tower,0,6,28,5,39,0,5,40,10,55,0,11,68,15,94,64,20,84,178
02/11/2000,MQY,TN,ASO,CE,Federal Contract Tower,0,12,35,11,58,0,0,0,6,6,0,12,35,17,64,28,26,54,118
02/12/2000,MQY,TN,ASO,CE,Federal Contract Tower,0,2,44,1,47,0,0,7,0,7,0,2,51,1,54,12,0,12,66
02/13/2000,MQY,TN,ASO,CE,Federal Contract Tower,0,0,4,1,5,0,2,0,1,3,0,2,4,2,8,0,0,0,8
02/14/2000,MQY,TN,ASO,CE,Federal Contract Tower,1,3,42,7,53,0,0,19,7,26,1,3,61,14,79,34,0,34,113
02/15/2000,MQY,TN,ASO,CE,Federal Contract Tower,0,13,50,9,72,0,14,67,4,85,0,27,117,13,157,204,2,206,363
02/16/2000,MQY,TN,ASO,CE,Federal Contract Tower,0,20,82,16,118,0,0,28,19,47,0,20,110,35,165,164,14,178,343
02/17/2000,MQY,TN,ASO,CE,Federal Contract Tower,0,10,35,7,52,1,2,43,9,55,1,12,78,16,107,96,22,118,225
02/18/2000,MQY,TN,ASO,CE,Federal Contract Tower,0,6,24,5,35,0,0,5,2,7,0,6,29,7,42,14,6,20,62
02/19/2000,MQY,TN,ASO,CE,Federal Contract Tower,0,4,31,6,41,1,0,29,30,60,1,4,60,36,101,92,14,106,207
02/20/2000,MQY,TN,ASO,CE,Federal Contract Tower,0,1,24,0,25,0,0,90,0,90,0,1,114,0,115,164,0,164,279
02/21/2000,MQY,TN,ASO,CE,Federal Contract Tower,0,7,52,0,59,0,0,101,0,101,0,7,153,0,160,168,0,168,328
02/22/2000,MQY,TN,ASO,CE,Federal Contract Tower,0,15,59,12,86,0,2,26,20,48,0,17,85,32,134,128,14,142,276
02/23/2000,MQY,TN,ASO,CE,Federal Contract Tower,0,9,63,13,85,0,0,17,32,49,0,9,80,45,134,56,16,72,206
02/24/2000,MQY,TN,ASO,CE,Federal Contract Tower,0,16,60,6,82,2,13,14,0,29,2,29,74,6,111,74,2,76,187
02/25/2000,MQY,TN,ASO,CE,Federal Contract Tower,0,10,36,7,53,4,3,57,1,65,4,13,93,8,118,128,2,130,248
02/26/2000,MQY,TN,ASO,CE,Federal Contract Tower,0,2,19,1,22,0,0,27,0,27,0,2,46,1,49,14,0,14,63
02/27/2000,MQY,TN,ASO,CE,Federal Contract Tower,0,1,19,0,20,0,0,59,0,59,0,1,78,0,79,156,0,156,235
02/28/2000,MQY,TN,ASO,CE,Federal Contract Tower,0,14,52,8,74,2,13,66,0,81,2,27,118,8,155,134,0,134,289
02/29/2000,MQY,TN,ASO,CE,Federal Contract Tower,0,5,42,7,54,2,0,57,31,90,2,5,99,38,144,136,0,136,280
03/01/2000,MQY,TN,ASO,CE,Federal Contract Tower,0,9,50,5,64,0,8,43,0,51,0,17,93,5,115,114,2,116,231
03/02/2000,MQY,TN,ASO,CE,Federal Contract Tower,0,9,50,7,66,0,10,63,19,92,0,19,113,26,158,178,17,195,353
03/03/2000,MQY,TN,ASO,CE,Federal Contract Tower,0,9,50,6,65,0,13,18,8,39,0,22,68,14,104,112,4,116,220
03/04/2000,MQY,TN,ASO,CE,Federal Contract Tower,0,10,53,7,70,0,32,25,26,83,0,42,78,33,153,120,21,141,294
03/05/2000,MQY,TN,ASO,CE,Federal Contract Tower,0,7,40,5,52,0,11,90,7,108,0,18,130,12,160,160,0,160,320
03/06/2000,MQY,TN,ASO,CE,Federal Contract Tower,0,3,27,3,33,0,0,50,15,65,0,3,77,18,98,82,0,82,180
03/07/2000,MQY,TN,ASO,CE,Federal Contract Tower,0,11,60,8,79,0,13,52,7,72,0,24,112,15,151,152,0,152,303
03/08/2000,MQY,TN,ASO,CE,Federal Contract Tower,0,6,37,5,48,0,3,21,20,44,0,9,58,25,92,108,51,159,251
03/09/2000,MQY,TN,ASO,CE,Federal Contract Tower,0,10,49,8,67,0,13,9,8,30,0,23,58,16,97,70,0,70,167
03/10/2000,MQY,TN,ASO,CE,Federal Contract Tower,0,10,49,6,65,1,32,24,0,57,1,42,73,6,122,134,2,136,258
03/11/2000,MQY,TN,ASO,CE,Federal Contract Tower,0,3,12,0,15,0,0,1,0,1,0,3,13,0,16,2,0,2,18
03/12/2000,MQY,TN,ASO,CE,Federal Contract Tower,0,2,26,4,32,0,0,49,3,52,0,2,75,7,84,115,8,123,207
03/13/2000,MQY,TN,ASO,CE,Federal Contract Tower,0,1,48,7,56,0,0,46,5,51,0,1,94,12,107,164,20,184,291
03/14/2000,MQY,TN,ASO,CE,Federal Contract Tower,0,0,42,6,48,1,0,95,22,118,1,0,137,28,166,177,2,179,345
03/15/2000,MQY,TN,ASO,CE,Federal Contract Tower,0,7,68,10,85,0,0,25,3,28,0,7,93,13,113,146,4,150,263
03/16/2000,MQY,TN,ASO,CE,Federal Contract Tower,0,4,33,6,43,1,0,0,1,2,1,4,33,7,45,38,0,38,83
03/17/2000,MQY,TN,ASO,CE,Federal Contract Tower,0,0,49,8,57,0,0,32,4,36,0,0,81,12,93,146,5,151,244
03/18/2000,MQY,TN,ASO,CE,Federal Contract Tower,0,2,28,0,30,0,0,73,0,73,0,2,101,0,103,238,0,238,341
03/19/2000,MQY,TN,ASO,CE,Federal Contract Tower,0,1,19,0,20,0,0,9,0,9,0,1,28,0,29,0,0,0,29
03/20/2000,MQY,TN,ASO,CE,Federal Contract Tower,0,0,32,4,36,0,0,32,0,32,0,0,64,4,68,26,0,26,94
03/21/2000,MQY,TN,ASO,CE,Federal Contract Tower,0,4,31,5,40,0,0,74,10,84,0,4,105,15,124,130,18,148,272
03/22/2000,MQY,TN,ASO,CE,Federal Contract Tower,0,10,51,8,69,0,10,43,11,64,0,20,94,19,133,180,4,184,317
03/23/2000,MQY,TN,ASO,CE,Federal Contract Tower,0,10,47,7,64,0,1,78,4,83,0,11,125,11,147,156,2,158,305
03/24/2000,MQY,TN,ASO,CE,Federal Contract Tower,0,3,35,2,40,1,0,32,0,33,1,3,67,2,73,116,4,120,193
03/25/2000,MQY,TN,ASO,CE,Federal Contract Tower,0,3,18,0,21,1,2,62,0,65,1,5,80,0,86,86,0,86,172
03/26/2000,MQY,TN,ASO,CE,Federal Contract Tower,0,0,39,1,40,0,0,66,0,66,0,0,105,1,106,133,0,133,239
03/27/2000,MQY,TN,ASO,CE,Federal Contract Tower,0,7,35,5,47,0,2,48,9,59,0,9,83,14,106,34,14,48,154
03/28/2000,MQY,TN,ASO,CE,Federal Contract Tower,0,7,34,4,45,0,4,41,1,46,0,11,75,5,91,54,4,58,149
03/29/2000,MQY,TN,ASO,CE,Federal Contract Tower,0,3,46,6,55,0,0,21,10,31,0,3,67,16,86,151,27,178,264
03/30/2000,MQY,TN,ASO,CE,Federal Contract Tower,0,7,62,4,73,0,0,3,0,3,0,7,65,4,76,92,0,92,168
03/31/2000,MQY,TN,ASO,CE,Federal Contract Tower,0,4,44,6,54,3,0,100,5,108,3,4,144,11,162,164,6,170,332
04/01/2000,MQY,TN,ASO,CE,Federal Contract Tower,1,17,65,8,91,0,1,19,1,21,1,18,84,9,112,200,6,206,318
04/02/2000,MQY,TN,ASO,CE,Federal Contract Tower,1,2,29,3,35,0,0,15,13,28,1,2,44,16,63,38,0,38,101
04/03/2000,MQY,TN,ASO,CE,Federal Contract Tower,0,11,44,0,55,0,5,1,0,6,0,16,45,0,61,0,0,0,61
04/04/2000,MQY,TN,ASO,CE,Federal Contract Tower,1,17,63,7,88,0,5,2,16,23,1,22,65,23,111,38,16,54,165
04/05/2000,MQY,TN,ASO,CE,Federal Contract Tower,1,10,41,5,57,1,37,47,15,100,2,47,88,20,157,132,22,154,311
04/06/2000,MQY,TN,ASO,CE,Federal Contract Tower,1,19,67,8,95,0,28,27,2,57,1,47,94,10,152,144,6,150,302
04/07/2000,MQY,TN,ASO,CE,Federal Contract Tower,0,13,45,5,63,0,7,0,12,19,0,20,45,17,82,50,6,56,138
04/08/2000,MQY,TN,ASO,CE,Federal Contract Tower,0,3,13,0,16,0,0,11,0,11,0,3,24,0,27,34,0,34,61
04/09/2000,MQY,TN,ASO,CE,Federal Contract Tower,0,12,42,4,58,0,0,49,0,49,0,12,91,4,107,180,0,180,287
04/10/2000,MQY,TN,ASO,CE,Federal Contract Tower,0,15,50,7,72,0,2,63,0,65,0,17,113,7,137,92,0,92,229
04/11/2000,MQY,TN,ASO,CE,Federal Contract Tower,0,13,39,6,58,0,8,0,3,11,0,21,39,9,69,32,22,54,123
04/12/2000,MQY,TN,ASO,CE,Federal Contract Tower,0,16,55,7,78,0,21,14,3,38,0,37,69,10,116,86,20,106,222
04/13/2000,MQY,TN,ASO,CE,Federal Contract Tower,0,13,43,6,62,0,7,0,7,14,0,20,43,13,76,30,0,30,106
04/14/2000,MQY,TN,ASO,CE,Federal Contract Tower,0,16,53,7,76,0,19,15,0,34,0,35,68,7,110,76,0,76,186
04/15/2000,MQY,TN,ASO,CE,Federal Contract Tower,0,13,45,6,64,0,4,35,12,51,0,17,80,18,115,52,8,60,175
04/16/2000,MQY,TN,ASO,CE,Federal Contract Tower,0,13,47,1,61,0,6,70,0,76,0,19,117,1,137,134,0,134,271
04/17/2000,MQY,TN,ASO,CE,Federal Contract Tower,0,5,49,7,61,0,0,19,8,27,0,5,68,15,88,46,0,46,134
04/18/2000,MQY,TN,ASO,CE,Federal Contract Tower,0,1,42,3,46,0,0,43,0,43,0,1,85,3,89,96,0,96,185
04/19/2000,MQY,TN,ASO,CE,Federal Contract Tower,0,9,61,8,78,0,0,71,18,89,0,9,132,26,167,188,8,196,363
04/20/2000,MQY,TN,ASO,CE,Federal Contract Tower,0,3,25,4,32,0,0,28,6,34,0,3,53,10,66,24,22,46,112
04/21/2000,MQY,TN,ASO,CE,Federal Contract Tower,0,0,35,5,40,0,0,44,8,52,0,0,79,13,92,108,2,110,202
04/22/2000,MQY,TN,ASO,CE,Federal Contract Tower,0,11,40,4,55,0,12,61,0,73,0,23,101,4,128,132,0,132,260
04/23/2000,MQY,TN,ASO,CE,Federal Contract Tower,0,1,7,0,8,0,0,51,0,51,0,1,58,0,59,128,0,128,187
04/24/2000,MQY,TN,ASO,CE,Federal Contract Tower,0,5,17,2,24,0,2,0,0,2,0,7,17,2,26,0,0,0,26
04/25/2000,MQY,TN,ASO,CE,Federal Contract Tower,0,17,60,7,84,0,4,51,9,64,0,21,111,16,148,78,8,86,234
04/26/2000,MQY,TN,ASO,CE,Federal Contract Tower,0,0,37,4,41,0,0,81,20,101,0,0,118,24,142,128,4,132,274
04/27/2000,MQY,TN,ASO,CE,Federal Contract Tower,0,4,44,5,53,0,0,33,14,47,0,4,77,19,100,80,22,102,202
04/28/2000,MQY,TN,ASO,CE,Federal Contract Tower,0,2,41,5,48,0,0,18,11,29,0,2,59,16,77,138,10,148,225
04/29/2000,MQY,TN,ASO,CE,Federal Contract Tower,0,2,29,1,32,2,0,38,0,40,2,2,67,1,72,188,0,188,260
04/30/2000,MQY,TN,ASO,CE,Federal Contract Tower,0,9,33,0,42,1,1,67,0,69,1,10,100,0,111,122,0,122,233
05/01/2000,MQY,TN,ASO,CE,Federal Contract Tower,0,4,31,3,38,0,0,57,21,78,0,4,88,24,116,62,4,66,182
05/02/2000,MQY,TN,ASO,CE,Federal Contract Tower,0,10,63,6,79,0,19,24,17,60,0,29,87,23,139,115,22,137,276
05/03/2000,MQY,TN,ASO,CE,Federal Contract Tower,0,5,36,3,44,0,0,11,5,16,0,5,47,8,60,102,10,112,172
05/04/2000,MQY,TN,ASO,CE,Federal Contract Tower,0,11,68,6,85,0,16,12,4,32,0,27,80,10,117,147,6,153,270
05/05/2000,MQY,TN,ASO,CE,Federal Contract Tower,1,12,67,7,87,1,19,29,19,68,2,31,96,26,155,186,28,214,369
05/06/2000,MQY,TN,ASO,CE,Federal Contract Tower,0,8,44,4,56,0,38,55,23,116,0,46,99,27,172,188,0,188,360
05/07/2000,MQY,TN,ASO,CE,Federal Contract Tower,0,5,26,2,33,0,3,49,7,59,0,8,75,9,92,102,0,102,194
05/08/2000,MQY,TN,ASO,CE,Federal Contract Tower,1,14,70,7,92,5,4,32,6,47,6,18,102,13,139,108,6,114,253
05/09/2000,MQY,TN,ASO,CE,Federal Contract Tower,0,10,49,5,64,0,16,43,9,68,0,26,92,14,132,72,0,72,204
05/10/2000,MQY,TN,ASO,CE,Federal Contract Tower,1,11,56,6,74,2,0,52,0,54,3,11,108,6,128,118,0,118,246
05/11/2000,MQY,TN,ASO,CE,Federal Contract Tower,0,13,66,7,86,0,4,31,2,37,0,17,97,9,123,122,8,130,253
05/12/2000,MQY,TN,ASO,CE,Federal Contract Tower,0,8,42,4,54,0,2,24,10,36,0,10,66,14,90,124,8,132,222
05/13/2000,MQY,TN,ASO,CE,Federal Contract Tower,0,15,82,2,99,0,12,161,0,173,0,27,243,2,272,206,0,206,478
05/14/2000,MQY,TN,ASO,CE,Federal Contract Tower,0,2,13,1,16,0,0,79,1,80,0,2,92,2,96,116,15,131,227
05/15/2000,MQY,TN,ASO,CE,Federal Contract Tower,0,8,62,6,76,0,0,55,12,67,0,8,117,18,143,182,6,188,331
05/16/2000,MQY,TN,ASO,CE,Federal Contract Tower,1,8,40,4,53,0,4,71,28,103,1,12,111,32,156,146,6,152,308
05/17/2000,MQY,TN,ASO,CE,Federal Contract Tower,0,7,44,5,56,0,0,38,0,38,0,7,82,5,94,76,5,81,175
05/18/2000,MQY,TN,ASO,CE,Federal Contract Tower,0,10,52,6,68,0,9,4,8,21,0,19,56,14,89,54,18,72,161
05/19/2000,MQY,TN,ASO,CE,Federal Contract Tower,0,0,27,3,30,2,0,24,1,27,2,0,51,4,57,72,0,72,129
05/20/2000,MQY,TN,ASO,CE,Federal Contract Tower,0,7,44,5,56,0,0,38,0,38,0,7,82,5,94,76,5,81,175
05/21/2000,MQY,TN,ASO,CE,Federal Contract Tower,0,3,20,3,26,0,0,35,10,45,0,3,55,13,71,84,12,96,167
05/22/2000,MQY,TN,ASO,CE,Federal Contract Tower,0,3,43,2,48,0,0,71,0,71,0,3,114,2,119,70,0,70,189
05/23/2000,MQY,TN,ASO,CE,Federal Contract Tower,0,2,27,2,31,0,0,38,7,45,0,2,65,9,76,78,24,102,178
05/24/2000,MQY,TN,ASO,CE,Federal Contract Tower,0,5,47,5,57,0,0,45,5,50,0,5,92,10,107,126,11,137,244
05/25/2000,MQY,TN,ASO,CE,Federal Contract Tower,0,4,32,3,39,0,0,33,8,41,0,4,65,11,80,70,10,80,160
05/26/2000,MQY,TN,ASO,CE,Federal Contract Tower,0,1,47,3,51,0,0,19,0,19,0,1,66,3,70,108,8,116,186
05/27/2000,MQY,TN,ASO,CE,Federal Contract Tower,0,2,14,0,16,0,0,113,0,113,0,2,127,0,129,52,0,52,181
05/28/2000,MQY,TN,ASO,CE,Federal Contract Tower,0,2,11,0,13,0,1,45,4,50,0,3,56,4,63,70,0,70,133
05/29/2000,MQY,TN,ASO,CE,Federal Contract Tower,0,2,24,2,28,0,0,52,3,55,0,2,76,5,83,74,0,74,157
05/30/2000,MQY,TN,ASO,CE,Federal Contract Tower,0,6,44,4,54,0,0,53,2,55,0,6,97,6,109,94,2,96,205
05/31/2000,MQY,TN,ASO,CE,Federal Contract Tower,0,7,35,3,45,0,15,33,1,49,0,22,68,4,94,126,0,126,220
06/01/2000,MQY,TN,ASO,CE,Federal Contract Tower,0,6,40,5,51,0,8,59,9,76,0,14,99,14,127,144,0,144,271
06/02/2000,MQY,TN,ASO,CE,Federal Contract Tower,0,6,43,3,52,0,16,15,0,31,0,22,58,3,83,78,0,78,161
06/03/2000,MQY,TN,ASO,CE,Federal Contract Tower,0,0,38,5,43,0,0,44,9,53,0,0,82,14,96,128,6,134,230
06/04/2000,MQY,TN,ASO,CE,Federal Contract Tower,0,3,46,6,55,0,0,22,2,24,0,3,68,8,79,140,12,152,231
06/05/2000,MQY,TN,ASO,CE,Federal Contract Tower,0,5,38,5,48,0,0,13,22,35,0,5,51,27,83,82,26,108,191
06/06/2000,MQY,TN,ASO,CE,Federal Contract Tower,0,7,42,5,54,0,3,67,6,76,0,10,109,11,130,122,0,122,252
06/07/2000,MQY,TN,ASO,CE,Federal Contract Tower,1,8,51,7,67,1,9,43,9,62,2,17,94,16,129,134,4,138,267
06/08/2000,MQY,TN,ASO,CE,Federal Contract Tower,0,2,34,5,41,0,0,46,10,56,0,2,80,15,97,190,0,190,287
06/09/2000,MQY,TN,ASO,CE,Federal Contract Tower,0,10,60,5,75,0,12,59,0,71,0,22,119,5,146,262,10,272,418
06/10/2000,MQY,TN,ASO,CE,Federal Contract Tower,0,2,23,4,29,0,0,59,4,63,0,2,82,8,92,128,2,130,222
06/11/2000,MQY,TN,ASO,CE,Federal Contract Tower,0,2,14,3,19,0,0,32,6,38,0,2,46,9,57,102,4,106,163
06/12/2000,MQY,TN,ASO,CE,Federal Contract Tower,0,5,26,4,35,0,9,43,5,57,0,14,69,9,92,144,0,144,236
06/13/2000,MQY,TN,ASO,CE,Federal Contract Tower,0,8,46,7,61,0,8,51,30,89,0,16,97,37,150,70,18,88,238
06/14/2000,MQY,TN,ASO,CE,Federal Contract Tower,0,2,44,7,53,1,0,29,4,34,1,2,73,11,87,130,22,152,239
06/15/2000,MQY,TN,ASO,CE,Federal Contract Tower,0,8,46,7,61,0,13,6,4,23,0,21,52,11,84,124,4,128,212
06/16/2000,MQY,TN,ASO,CE,Federal Contract Tower,0,4,46,3,53,0,0,33,0,33,0,4,79,3,86,170,6,176,262
06/17/2000,MQY,TN,ASO,CE,Federal Contract Tower,0,4,32,0,36,0,0,34,0,34,0,4,66,0,70,100,0,100,170
06/18/2000,MQY,TN,ASO,CE,Federal Contract Tower,0,2,37,6,45,0,0,24,2,26,0,2,61,8,71,64,2,66,137
06/19/2000,MQY,TN,ASO,CE,Federal Contract Tower,0,1,31,5,37,0,0,68,3,71,0,1,99,8,108,84,10,94,202
06/20/2000,MQY,TN,ASO,CE,Federal Contract Tower,0,12,67,8,87,1,3,61,0,65,1,15,128,8,152,116,6,122,274
06/21/2000,MQY,TN,ASO,CE,Federal Contract Tower,0,10,58,8,76,1,9,35,2,47,1,19,93,10,123,66,22,88,211
06/22/2000,MQY,TN,ASO,CE,Federal Contract Tower,0,1,47,6,54,5,0,90,2,97,5,1,137,8,151,162,0,162,313
06/23/2000,MQY,TN,ASO,CE,Federal Contract Tower,0,8,48,6,62,0,5,70,2,77,0,13,118,8,139,156,6,162,301
06/24/2000,MQY,TN,ASO,CE,Federal Contract Tower,0,3,32,4,39,0,0,82,9,91,0,3,114,13,130,138,0,138,268
06/25/2000,MQY,TN,ASO,CE,Federal Contract Tower,0,3,16,2,21,0,2,69,11,82,0,5,85,13,103,148,14,162,265
06/26/2000,MQY,TN,ASO,CE,Federal Contract Tower,0,4,65,9,78,1,0,69,19,89,1,4,134,28,167,234,6,240,407
06/27/2000,MQY,TN,ASO,CE,Federal Contract Tower,0,2,53,7,62,0,0,18,27,45,0,2,71,34,107,46,4,50,157
06/28/2000,MQY,TN,ASO,CE,Federal Contract Tower,0,1,67,9,77,0,0,29,2,31,0,1,96,11,108,210,0,210,318
06/29/2000,MQY,TN,ASO,CE,Federal Contract Tower,0,0,33,4,37,0,0,83,3,86,0,0,116,7,123,434,0,434,557
06/30/2000,MQY,TN,ASO,CE,Federal Contract Tower,0,4,52,7,63,0,0,100,2,102,0,4,152,9,165,390,0,390,555
07/01/2000,MQY,TN,ASO,CE,Federal Contract Tower,0,2,24,2,28,0,1,57,0,58,0,3,81,2,86,120,0,120,206
07/02/2000,MQY,TN,ASO,CE,Federal Contract Tower,0,2,10,0,12,0,1,52,0,53,0,3,62,0,65,120,0,120,185
07/03/2000,MQY,TN,ASO,CE,Federal Contract Tower,0,3,28,2,33,0,0,33,0,33,0,3,61,2,66,94,0,94,160
07/04/2000,MQY,TN,ASO,CE,Federal Contract Tower,0,1,12,1,14,0,0,57,5,62,0,1,69,6,76,60,0,60,136
07/05/2000,MQY,TN,ASO,CE,Federal Contract Tower,0,2,34,5,41,0,0,44,11,55,0,2,78,16,96,50,0,50,146
07/06/2000,MQY,TN,ASO,CE,Federal Contract Tower,0,1,28,4,33,0,0,21,10,31,0,1,49,14,64,42,4,46,110
07/07/2000,MQY,TN,ASO,CE,Federal Contract Tower,0,2,40,7,49,0,0,23,2,25,0,2,63,9,74,52,0,52,126
07/08/2000,MQY,TN,ASO,CE,Federal Contract Tower,0,3,40,7,50,0,0,33,1,34,0,3,73,8,84,146,10,156,240
07/09/2000,MQY,TN,ASO,CE,Federal Contract Tower,0,2,21,4,27,0,0,39,13,52,0,2,60,17,79,88,0,88,167
07/10/2000,MQY,TN,ASO,CE,Federal Contract Tower,0,2,60,6,68,0,0,61,0,61,0,2,121,6,129,36,0,36,165
07/11/2000,MQY,TN,ASO,CE,Federal Contract Tower,1,3,44,8,56,3,0,38,2,43,4,3,82,10,99,136,8,144,243
07/12/2000,MQY,TN,ASO,CE,Federal Contract Tower,0,5,36,6,47,1,1,15,7,24,1,6,51,13,71,60,0,60,131
07/13/2000,MQY,TN,ASO,CE,Federal Contract Tower,0,3,55,9,67,2,0,36,6,44,2,3,91,15,111,120,2,122,233
07/14/2000,MQY,TN,ASO,CE,Federal Contract Tower,0,4,60,4,68,0,0,43,0,43,0,4,103,4,111,160,0,160,271
07/15/2000,MQY,TN,ASO,CE,Federal Contract Tower,0,3,36,1,40,3,0,73,0,76,3,3,109,1,116,138,0,138,254
07/16/2000,MQY,TN,ASO,CE,Federal Contract Tower,0,2,26,4,32,0,0,52,7,59,0,2,78,11,91,100,14,114,205
07/17/2000,MQY,TN,ASO,CE,Federal Contract Tower,0,6,62,10,78,0,0,43,16,59,0,6,105,26,137,122,18,140,277
07/18/2000,MQY,TN,ASO,CE,Federal Contract Tower,0,7,56,8,71,1,3,31,11,46,1,10,87,19,117,54,30,84,201
07/19/2000,MQY,TN,ASO,CE,Federal Contract Tower,0,7,66,11,84,0,1,11,12,24,0,8,77,23,108,158,18,176,284
07/20/2000,MQY,TN,ASO,CE,Federal Contract Tower,0,4,38,6,48,0,0,42,11,53,0,4,80,17,101,86,4,90,191
07/21/2000,MQY,TN,ASO,CE,Federal Contract Tower,0,3,35,6,44,0,15,34,2,51,0,18,69,8,95,112,0,112,207
07/22/2000,MQY,TN,ASO,CE,Federal Contract Tower,0,5,49,1,55,0,9,32,0,41,0,14,81,1,96,142,0,142,238
07/23/2000,MQY,TN,ASO,CE,Federal Contract Tower,0,1,15,3,19,0,3,47,11,61,0,4,62,14,80,120,4,124,204
07/24/2000,MQY,TN,ASO,CE,Federal Contract Tower,0,5,51,9,65,0,0,63,5,68,0,5,114,14,133,116,2,118,251
07/25/2000,MQY,TN,ASO,CE,Federal Contract Tower,0,3,71,12,86,1,0,34,15,50,1,3,105,27,136,172,42,214,350
07/26/2000,MQY,TN,ASO,CE,Federal Contract Tower,0,6,54,9,69,0,13,20,0,33,0,19,74,9,102,104,2,106,208
07/27/2000,MQY,TN,ASO,CE,Federal Contract Tower,0,5,52,9,66,0,0,3,13,16,0,5,55,22,82,76,60,136,218
07/28/2000,MQY,TN,ASO,CE,Federal Contract Tower,0,5,48,8,61,1,3,4,7,15,1,8,52,15,76,92,4,96,172
07/29/2000,MQY,TN,ASO,CE,Federal Contract Tower,0,1,15,0,16,0,3,31,0,34,0,4,46,0,50,64,0,64,114
07/30/2000,MQY,TN,ASO,CE,Federal Contract Tower,0,2,24,4,30,0,0,10,11,21,0,2,34,15,51,74,0,74,125
07/31/2000,MQY,TN,ASO,CE,Federal Contract Tower,0,4,57,8,69,0,0,32,0,32,0,4,89,8,101,4,2,6,107
08/01/2000,MQY,TN,ASO,CE,Federal Contract Tower,1,5,46,4,56,2,9,18,6,35,3,14,64,10,91,72,0,72,163
08/02/2000,MQY,TN,ASO,CE,Federal Contract Tower,0,6,67,6,79,0,0,42,2,44,0,6,109,8,123,116,2,118,241
08/03/2000,MQY,TN,ASO,CE,Federal Contract Tower,1,5,54,4,64,2,4,24,9,39,3,9,78,13,103,52,2,54,157
08/04/2000,MQY,TN,ASO,CE,Federal Contract Tower,0,5,49,4,58,0,10,35,2,47,0,15,84,6,105,112,0,112,217
08/05/2000,MQY,TN,ASO,CE,Federal Contract Tower,0,2,49,4,55,0,0,39,1,40,0,2,88,5,95,148,0,148,243
08/06/2000,MQY,TN,ASO,CE,Federal Contract Tower,0,4,31,2,37,0,2,30,17,49,0,6,61,19,86,96,6,102,188
08/07/2000,MQY,TN,ASO,CE,Federal Contract Tower,0,3,56,5,64,0,0,25,8,33,0,3,81,13,97,86,12,98,195
08/08/2000,MQY,TN,ASO,CE,Federal Contract Tower,0,9,68,6,83,0,8,33,4,45,0,17,101,10,128,84,0,84,212
08/09/2000,MQY,TN,ASO,CE,Federal Contract Tower,0,10,73,6,89,0,0,26,9,35,0,10,99,15,124,98,2,100,224
08/10/2000,MQY,TN,ASO,CE,Federal Contract Tower,0,7,49,5,61,0,2,29,13,44,0,9,78,18,105,90,4,94,199
08/11/2000,MQY,TN,ASO,CE,Federal Contract Tower,0,3,26,3,32,1,1,48,11,61,1,4,74,14,93,174,2,176,269
08/12/2000,MQY,TN,ASO,CE,Federal Contract Tower,0,2,45,4,51,2,0,46,0,48,2,2,91,4,99,122,0,122,221
08/13/2000,MQY,TN,ASO,CE,Federal Contract Tower,0,2,27,0,29,0,0,31,0,31,0,2,58,0,60,126,0,126,186
08/14/2000,MQY,TN,ASO,CE,Federal Contract Tower,0,1,63,6,70,0,0,68,6,74,0,1,131,12,144,80,0,80,224
08/15/2000,MQY,TN,ASO,CE,Federal Contract Tower,0,8,54,5,67,0,9,43,22,74,0,17,97,27,141,166,2,168,309
08/16/2000,MQY,TN,ASO,CE,Federal Contract Tower,0,6,46,5,57,3,4,48,17,72,3,10,94,22,129,78,4,82,211
08/17/2000,MQY,TN,ASO,CE,Federal Contract Tower,0,2,30,3,35,1,0,44,13,58,1,2,74,16,93,122,2,124,217
08/18/2000,MQY,TN,ASO,CE,Federal Contract Tower,0,4,46,5,55,1,0,5,1,7,1,4,51,6,62,118,20,138,200
08/19/2000,MQY,TN,ASO,CE,Federal Contract Tower,0,2,13,2,17,0,2,76,0,78,0,4,89,2,95,150,0,150,245
08/20/2000,MQY,TN,ASO,CE,Federal Contract Tower,0,1,21,1,23,6,0,60,0,66,6,1,81,1,89,182,1,183,272
08/21/2000,MQY,TN,ASO,CE,Federal Contract Tower,0,3,33,4,40,0,0,44,7,51,0,3,77,11,91,122,2,124,215
08/22/2000,MQY,TN,ASO,CE,Federal Contract Tower,0,4,48,5,57,1,0,43,5,49,1,4,91,10,106,176,0,176,282
08/23/2000,MQY,TN,ASO,CE,Federal Contract Tower,0,4,39,4,47,0,0,64,2,66,0,4,103,6,113,164,4,168,281
08/24/2000,MQY,TN,ASO,CE,Federal Contract Tower,0,2,38,4,44,0,0,44,19,63,0,2,82,23,107,156,6,162,269
08/25/2000,MQY,TN,ASO,CE,Federal Contract Tower,0,6,43,3,52,0,1,28,4,33,0,7,71,7,85,120,0,120,205
08/26/2000,MQY,TN,ASO,CE,Federal Contract Tower,0,1,22,0,23,0,0,28,0,28,0,1,50,0,51,88,0,88,139
08/27/2000,MQY,TN,ASO,CE,Federal Contract Tower,0,5,31,2,38,0,5,20,1,26,0,10,51,3,64,48,0,48,112
08/28/2000,MQY,TN,ASO,CE,Federal Contract Tower,0,6,44,3,53,0,1,45,4,50,0,7,89,7,103,78,8,86,189
08/29/2000,MQY,TN,ASO,CE,Federal Contract Tower,0,3,54,4,61,0,0,44,5,49,0,3,98,9,110,178,0,178,288
08/30/2000,MQY,TN,ASO,CE,Federal Contract Tower,0,5,35,3,43,0,9,43,4,56,0,14,78,7,99,94,0,94,193
08/31/2000,MQY,TN,ASO,CE,Federal Contract Tower,0,6,40,3,49,1,5,76,13,95,1,11,116,16,144,184,0,184,328
09/01/2000,MQY,TN,ASO,CE,Federal Contract Tower,0,3,42,9,54,0,0,53,2,55,0,3,95,11,109,126,18,144,253
09/02/2000,MQY,TN,ASO,CE,Federal Contract Tower,0,2,34,0,36,0,6,39,0,45,0,8,73,0,81,140,0,140,221
09/03/2000,MQY,TN,ASO,CE,Federal Contract Tower,0,1,30,0,31,0,0,23,0,23,0,1,53,0,54,16,0,16,70
09/04/2000,MQY,TN,ASO,CE,Federal Contract Tower,0,1,32,7,40,0,0,49,26,75,0,1,81,33,115,74,0,74,189
09/05/2000,MQY,TN,ASO,CE,Federal Contract Tower,0,4,55,13,72,0,0,15,18,33,0,4,70,31,105,98,6,104,209
09/06/2000,MQY,TN,ASO,CE,Federal Contract Tower,0,1,32,7,40,0,0,49,26,75,0,1,81,33,115,74,0,74,189
09/07/2000,MQY,TN,ASO,CE,Federal Contract Tower,0,1,47,11,59,0,0,44,9,53,0,1,91,20,112,126,16,142,254
09/08/2000,MQY,TN,ASO,CE,Federal Contract Tower,0,4,58,13,75,1,0,31,11,43,1,4,89,24,118,114,62,176,294
09/09/2000,MQY,TN,ASO,CE,Federal Contract Tower,0,1,6,0,7,0,2,52,0,54,0,3,58,0,61,26,0,26,87
09/10/2000,MQY,TN,ASO,CE,Federal Contract Tower,0,2,14,3,19,0,0,79,6,85,0,2,93,9,104,38,0,38,142
09/11/2000,MQY,TN,ASO,CE,Federal Contract Tower,0,2,37,9,48,0,0,50,12,62,0,2,87,21,110,140,0,140,250
09/12/2000,MQY,TN,ASO,CE,Federal Contract Tower,0,2,17,4,23,0,1,25,5,31,0,3,42,9,54,46,0,46,100
09/13/2000,MQY,TN,ASO,CE,Federal Contract Tower,0,2,42,10,54,0,0,30,35,65,0,2,72,45,119,100,24,124,243
09/14/2000,MQY,TN,ASO,CE,Federal Contract Tower,0,4,50,12,66,0,1,52,38,91,0,5,102,50,157,170,4,174,331
09/15/2000,MQY,TN,ASO,CE,Federal Contract Tower,0,1,48,11,60,0,0,43,12,55,0,1,91,23,115,148,92,240,355
09/16/2000,MQY,TN,ASO,CE,Federal Contract Tower,0,3,30,1,34,0,1,52,0,53,0,4,82,1,87,146,0,146,233
09/17/2000,MQY,TN,ASO,CE,Federal Contract Tower,0,1,24,6,31,0,1,58,5,64,0,2,82,11,95,122,4,126,221
09/18/2000,MQY,TN,ASO,CE,Federal Contract Tower,0,1,48,11,60,0,0,66,16,82,0,1,114,27,142,68,2,70,212
09/19/2000,MQY,TN,ASO,CE,Federal Contract Tower,0,1,46,11,58,0,0,65,8,73,0,1,111,19,131,88,0,88,219
09/20/2000,MQY,TN,ASO,CE,Federal Contract Tower,0,4,55,12,71,0,4,31,8,43,0,8,86,20,114,54,24,78,192
09/21/2000,MQY,TN,ASO,CE,Federal Contract Tower,0,0,54,9,63,0,0,43,0,43,0,0,97,9,106,138,16,154,260
09/22/2000,MQY,TN,ASO,CE,Federal Contract Tower,0,2,27,6,35,0,1,50,0,51,0,3,77,6,86,108,22,130,216
09/23/2000,MQY,TN,ASO,CE,Federal Contract Tower,0,2,37,9,48,1,8,19,38,66,1,10,56,47,114,72,2,74,188
09/24/2000,MQY,TN,ASO,CE,Federal Contract Tower,0,2,28,6,36,0,17,10,2,29,0,19,38,8,65,38,0,38,103
09/25/2000,MQY,TN,ASO,CE,Federal Contract Tower,0,2,27,6,35,0,2,9,1,12,0,4,36,7,47,0,0,0,47
09/26/2000,MQY,TN,ASO,CE,Federal Contract Tower,0,2,38,9,49,0,1,61,6,68,0,3,99,15,117,184,18,202,319
09/27/2000,MQY,TN,ASO,CE,Federal Contract Tower,0,1,47,11,59,3,0,52,3,58,3,1,99,14,117,174,2,176,293
09/28/2000,MQY,TN,ASO,CE,Federal Contract Tower,0,2,36,4,42,1,1,72,0,74,1,3,108,4,116,138,2,140,256
09/29/2000,MQY,TN,ASO,CE,Federal Contract Tower,0,1,26,6,33,0,0,70,1,71,0,1,96,7,104,188,0,188,292
09/30/2000,MQY,TN,ASO,CE,Federal Contract Tower,0,2,29,3,34,0,2,120,0,122,0,4,149,3,156,188,0,188,344
10/01/2000,MQY,TN,ASO,CE,Federal Contract Tower,0,2,16,2,20,0,2,79,0,81,0,4,95,2,101,108,0,108,209
10/02/2000,MQY,TN,ASO,CE,Federal Contract Tower,0,9,46,7,62,0,11,45,28,84,0,20,91,35,146,194,0,194,340
10/03/2000,MQY,TN,ASO,CE,Federal Contract Tower,0,6,30,5,41,0,5,58,11,74,0,11,88,16,115,126,0,126,241
10/04/2000,MQY,TN,ASO,CE,Federal Contract Tower,0,1,52,10,63,0,0,42,16,58,0,1,94,26,121,158,2,160,281
10/05/2000,MQY,TN,ASO,CE,Federal Contract Tower,0,2,31,6,39,0,0,61,6,67,0,2,92,12,106,148,10,158,264
10/06/2000,MQY,TN,ASO,CE,Federal Contract Tower,0,4,35,6,45,0,0,5,34,39,0,4,40,40,84,66,14,80,164
10/07/2000,MQY,TN,ASO,CE,Federal Contract Tower,0,4,35,6,45,0,0,55,9,64,0,4,90,15,109,148,4,152,261
10/08/2000,MQY,TN,ASO,CE,Federal Contract Tower,0,4,31,6,41,0,0,69,21,90,0,4,100,27,131,162,2,164,295
10/09/2000,MQY,TN,ASO,CE,Federal Contract Tower,0,2,29,0,31,0,0,87,0,87,0,2,116,0,118,86,0,86,204
10/10/2000,MQY,TN,ASO,CE,Federal Contract Tower,0,6,46,9,61,0,0,66,8,74,0,6,112,17,135,108,0,108,243
10/11/2000,MQY,TN,ASO,CE,Federal Contract Tower,0,2,58,11,71,1,0,41,17,59,1,2,99,28,130,176,2,178,308
10/12/2000,MQY,TN,ASO,CE,Federal Contract Tower,0,6,56,11,73,2,0,58,13,73,2,6,114,24,146,194,18,212,358
10/13/2000,MQY,TN,ASO,CE,Federal Contract Tower,0,7,36,7,50,0,2,49,18,69,0,9,85,25,119,104,22,126,245
10/14/2000,MQY,TN,ASO,CE,Federal Contract Tower,0,5,25,5,35,0,4,92,14,110,0,9,117,19,145,176,6,182,327
10/15/2000,MQY,TN,ASO,CE,Federal Contract Tower,0,2,29,5,36,0,0,68,5,73,0,2,97,10,109,196,0,196,305
10/16/2000,MQY,TN,ASO,CE,Federal Contract Tower,0,5,25,4,34,0,3,62,1,66,0,8,87,5,100,142,2,144,244
10/17/2000,MQY,TN,ASO,CE,Federal Contract Tower,0,12,64,11,87,1,16,30,3,50,1,28,94,14,137,120,0,120,257
10/18/2000,MQY,TN,ASO,CE,Federal Contract Tower,0,11,59,8,78,1,21,13,0,35,1,32,72,8,113,116,8,124,237
10/19/2000,MQY,TN,ASO,CE,Federal Contract Tower,0,5,33,7,45,1,43,92,2,138,1,48,125,9,183,158,4,162,345
10/20/2000,MQY,TN,ASO,CE,Federal Contract Tower,0,6,35,6,47,0,12,37,7,56,0,18,72,13,103,146,6,152,255
10/21/2000,MQY,TN,ASO,CE,Federal Contract Tower,0,5,32,7,44,0,15,0,49,64,0,20,32,56,108,78,46,124,232
10/22/2000,MQY,TN,ASO,CE,Federal Contract Tower,0,3,23,1,27,0,3,66,0,69,0,6,89,1,96,118,0,118,214
10/23/2000,MQY,TN,ASO,CE,Federal Contract Tower,0,4,49,10,63,0,0,86,6,92,0,4,135,16,155,146,0,146,301
10/24/2000,MQY,TN,ASO,CE,Federal Contract Tower,0,4,34,7,45,1,0,91,13,105,1,4,125,20,150,140,8,148,298
10/25/2000,MQY,TN,ASO,CE,Federal Contract Tower,0,1,90,17,108,0,0,27,18,45,0,1,117,35,153,222,2,224,377
10/26/2000,MQY,TN,ASO,CE,Federal Contract Tower,0,7,44,8,59,0,5,39,4,48,0,12,83,12,107,100,0,100,207
10/27/2000,MQY,TN,ASO,CE,Federal Contract Tower,0,3,44,9,56,1,0,38,2,41,1,3,82,11,97,98,0,98,195
10/28/2000,MQY,TN,ASO,CE,Federal Contract Tower,0,3,23,0,26,0,2,86,0,88,0,5,109,0,114,168,0,168,282
10/29/2000,MQY,TN,ASO,CE,Federal Contract Tower,0,3,38,7,48,0,0,57,4,61,0,3,95,11,109,194,0,194,303
10/30/2000,MQY,TN,ASO,CE,Federal Contract Tower,0,4,52,10,66,0,0,30,17,47,0,4,82,27,113,124,4,128,241
10/31/2000,MQY,TN,ASO,CE,Federal Contract Tower,0,0,0,0,0,0,3,101,15,119,0,3,101,15,119,84,0,84,203
11/01/2000,MQY,TN,ASO,CE,Federal Contract Tower,0,11,75,10,96,0,9,12,0,21,0,20,87,10,117,116,0,116,233
11/02/2000,MQY,TN,ASO,CE,Federal Contract Tower,0,8,55,8,71,0,36,12,34,82,0,44,67,42,153,216,2,218,371
11/03/2000,MQY,TN,ASO,CE,Federal Contract Tower,0,13,80,11,104,0,14,13,16,43,0,27,93,27,147,170,2,172,319
11/04/2000,MQY,TN,ASO,CE,Federal Contract Tower,0,4,59,8,71,0,0,34,14,48,0,4,93,22,119,188,6,194,313
11/05/2000,MQY,TN,ASO,CE,Federal Contract Tower,0,2,53,7,62,0,0,89,16,105,0,2,142,23,167,124,4,128,295
11/06/2000,MQY,TN,ASO,CE,Federal Contract Tower,1,7,38,5,51,0,18,0,0,18,1,25,38,5,69,0,0,0,69
11/07/2000,MQY,TN,ASO,CE,Federal Contract Tower,0,3,33,4,40,0,0,60,12,72,0,3,93,16,112,148,6,154,266
11/08/2000,MQY,TN,ASO,CE,Federal Contract Tower,0,3,35,0,38,0,0,4,0,4,0,3,39,0,42,4,0,4,46
11/09/2000,MQY,TN,ASO,CE,Federal Contract Tower,0,6,34,5,45,0,0,6,4,10,0,6,40,9,55,12,6,18,73
11/10/2000,MQY,TN,ASO,CE,Federal Contract Tower,0,4,56,8,68,0,0,12,7,19,0,4,68,15,87,98,6,104,191
11/11/2000,MQY,TN,ASO,CE,Federal Contract Tower,0,4,44,6,54,0,0,61,18,79,0,4,105,24,133,192,2,194,327
11/12/2000,MQY,TN,ASO,CE,Federal Contract Tower,0,1,23,4,28,0,0,99,13,112,0,1,122,17,140,146,0,146,286
11/13/2000,MQY,TN,ASO,CE,Federal Contract Tower,0,10,62,10,82,0,8,22,9,39,0,18,84,19,121,30,0,30,151
11/14/2000,MQY,TN,ASO,CE,Federal Contract Tower,0,9,52,9,70,0,14,58,14,86,0,23,110,23,156,76,42,118,274
11/15/2000,MQY,TN,ASO,CE,Federal Contract Tower,0,10,56,9,75,0,22,44,7,73,0,32,100,16,148,106,0,106,254
11/16/2000,MQY,TN,ASO,CE,Federal Contract Tower,0,5,43,4,52,0,0,10,0,10,0,5,53,4,62,18,20,38,100
11/17/2000,MQY,TN,ASO,CE,Federal Contract Tower,0,4,73,12,89,0,0,30,28,58,0,4,103,40,147,188,18,206,353
11/18/2000,MQY,TN,ASO,CE,Federal Contract Tower,0,8,45,7,60,6,2,60,2,70,6,10,105,9,130,226,4,230,360
11/19/2000,MQY,TN,ASO,CE,Federal Contract Tower,0,2,15,3,20,4,0,69,8,81,4,2,84,11,101,112,2,114,215
11/20/2000,MQY,TN,ASO,CE,Federal Contract Tower,0,4,37,6,47,1,0,63,12,76,1,4,100,18,123,36,11,47,170
11/21/2000,MQY,TN,ASO,CE,Federal Contract Tower,0,5,53,9,67,7,0,40,26,73,7,5,93,35,140,158,14,172,312
11/22/2000,MQY,TN,ASO,CE,Federal Contract Tower,0,7,46,8,61,4,0,70,10,84,4,7,116,18,145,110,16,126,271
11/23/2000,MQY,TN,ASO,CE,Federal Contract Tower,0,0,3,0,3,1,0,17,0,18,1,0,20,0,21,16,0,16,37
11/24/2000,MQY,TN,ASO,CE,Federal Contract Tower,0,2,10,0,12,0,2,12,0,14,0,4,22,0,26,86,0,86,112
11/25/2000,MQY,TN,ASO,CE,Federal Contract Tower,0,0,38,0,38,0,0,7,0,7,0,0,45,0,45,30,0,30,75
11/26/2000,MQY,TN,ASO,CE,Federal Contract Tower,0,2,45,0,47,1,0,11,0,12,1,2,56,0,59,98,0,98,157
11/27/2000,MQY,TN,ASO,CE,Federal Contract Tower,0,11,65,9,85,0,6,81,11,98,0,17,146,20,183,146,0,146,329
11/28/2000,MQY,TN,ASO,CE,Federal Contract Tower,0,2,58,8,68,1,0,32,49,82,1,2,90,57,150,188,8,196,346
11/29/2000,MQY,TN,ASO,CE,Federal Contract Tower,0,6,41,6,53,0,5,42,17,64,0,11,83,23,117,112,16,128,245
11/30/2000,MQY,TN,ASO,CE,Federal Contract Tower,0,1,44,6,51,0,0,40,28,68,0,1,84,34,119,200,18,218,337
12/01/2000,MQY,TN,ASO,CE,Federal Contract Tower,0,1,54,5,60,0,0,46,10,56,0,1,100,15,116,164,22,186,302
12/02/2000,MQY,TN,ASO,CE,Federal Contract Tower,1,2,20,1,24,0,6,17,12,35,1,8,37,13,59,112,0,112,171
12/03/2000,MQY,TN,ASO,CE,Federal Contract Tower,0,1,12,0,13,0,3,15,0,18,0,4,27,0,31,16,0,16,47
12/04/2000,MQY,TN,ASO,CE,Federal Contract Tower,0,4,48,4,56,0,0,44,9,53,0,4,92,13,109,68,12,80,189
12/05/2000,MQY,TN,ASO,CE,Federal Contract Tower,2,6,64,6,78,22,0,64,7,93,24,6,128,13,171,148,0,148,319
12/06/2000,MQY,TN,ASO,CE,Federal Contract Tower,0,0,47,4,51,0,0,35,17,52,0,0,82,21,103,50,0,50,153
12/07/2000,MQY,TN,ASO,CE,Federal Contract Tower,0,4,52,5,61,0,0,48,11,59,0,4,100,16,120,190,18,208,328
12/08/2000,MQY,TN,ASO,CE,Federal Contract Tower,0,0,48,4,52,0,0,46,10,56,0,0,94,14,108,196,2,198,306
12/09/2000,MQY,TN,ASO,CE,Federal Contract Tower,0,5,36,0,41,0,5,30,0,35,0,10,66,0,76,74,0,74,150
12/10/2000,MQY,TN,ASO,CE,Federal Contract Tower,0,6,43,0,49,0,1,2,0,3,0,7,45,0,52,88,0,88,140
12/11/2000,MQY,TN,ASO,CE,Federal Contract Tower,0,6,45,4,55,0,3,7,12,22,0,9,52,16,77,58,16,74,151
12/12/2000,MQY,TN,ASO,CE,Federal Contract Tower,0,4,27,2,33,0,0,19,14,33,0,4,46,16,66,64,0,64,130
12/13/2000,MQY,TN,ASO,CE,Federal Contract Tower,0,3,19,2,24,0,1,27,2,30,0,4,46,4,54,46,12,58,112
12/14/2000,MQY,TN,ASO,CE,Federal Contract Tower,0,4,34,4,42,0,0,0,11,11,0,4,34,15,53,34,30,64,117
12/15/2000,MQY,TN,ASO,CE,Federal Contract Tower,0,5,46,5,56,0,0,10,26,36,0,5,56,31,92,94,8,102,194
12/16/2000,MQY,TN,ASO,CE,Federal Contract Tower,0,0,4,0,4,0,2,0,0,2,0,2,4,0,6,0,0,0,6
12/17/2000,MQY,TN,ASO,CE,Federal Contract Tower,0,0,6,0,6,0,5,9,0,14,0,5,15,0,20,4,0,4,24
12/18/2000,MQY,TN,ASO,CE,Federal Contract Tower,0,1,36,5,42,0,0,8,5,13,0,1,44,10,55,66,4,70,125
12/19/2000,MQY,TN,ASO,CE,Federal Contract Tower,0,4,27,4,35,0,5,10,2,17,0,9,37,6,52,0,0,0,52
12/20/2000,MQY,TN,ASO,CE,Federal Contract Tower,0,5,51,4,60,0,0,42,0,42,0,5,93,4,102,142,0,142,244
12/21/2000,MQY,TN,ASO,CE,Federal Contract Tower,0,5,38,1,44,0,2,14,0,16,0,7,52,1,60,44,0,44,104
12/22/2000,MQY,TN,ASO,CE,Federal Contract Tower,0,3,24,2,29,0,0,53,0,53,0,3,77,2,82,154,0,154,236
12/23/2000,MQY,TN,ASO,CE,Federal Contract Tower,0,3,24,0,27,0,0,53,0,53,0,3,77,0,80,122,0,122,202
12/24/2000,MQY,TN,ASO,CE,Federal Contract Tower,0,0,6,0,6,0,0,32,0,32,0,0,38,0,38,58,0,58,96
12/25/2000,MQY,TN,ASO,CE,Federal Contract Tower,0,0,3,0,3,0,2,8,0,10,0,2,11,0,13,32,0,32,45
12/26/2000,MQY,TN,ASO,CE,Federal Contract Tower,0,1,11,0,12,0,0,19,0,19,0,1,30,0,31,26,0,26,57
12/27/2000,MQY,TN,ASO,CE,Federal Contract Tower,0,4,26,2,32,0,0,23,0,23,0,4,49,2,55,76,4,80,135
12/28/2000,MQY,TN,ASO,CE,Federal Contract Tower,0,5,36,4,45,0,0,20,11,31,0,5,56,15,76,124,10,134,210
12/29/2000,MQY,TN,ASO,CE,Federal Contract Tower,0,4,27,0,31,2,25,0,0,27,2,29,27,0,58,30,0,30,88
12/30/2000,MQY,TN,ASO,CE,Federal Contract Tower,0,2,9,0,11,0,4,1,0,5,0,6,10,0,16,0,0,0,16
12/31/2000,MQY,TN,ASO,CE,Federal Contract Tower,0,0,8,0,8,0,1,5,0,6,0,1,13,0,14,14,0,14,28
01/01/2001,MQY,TN,ASO,CE,Federal Contract Tower,0,0,8,0,8,0,0,3,0,3,0,0,11,0,11,0,0,0,11
01/02/2001,MQY,TN,ASO,CE,Federal Contract Tower,1,5,29,3,38,0,20,24,0,44,1,25,53,3,82,28,0,28,110
01/03/2001,MQY,TN,ASO,CE,Federal Contract Tower,0,12,57,10,79,0,24,7,6,37,0,36,64,16,116,76,2,78,194
01/04/2001,MQY,TN,ASO,CE,Federal Contract Tower,0,11,51,9,71,0,20,14,6,40,0,31,65,15,111,154,6,160,271
01/05/2001,MQY,TN,ASO,CE,Federal Contract Tower,0,2,36,6,44,0,0,32,20,52,0,2,68,26,96,160,38,198,294
01/06/2001,MQY,TN,ASO,CE,Federal Contract Tower,1,5,40,7,53,0,0,75,21,96,1,5,115,28,149,250,12,262,411
01/07/2001,MQY,TN,ASO,CE,Federal Contract Tower,0,4,23,4,31,0,0,38,26,64,0,4,61,30,95,82,0,82,177
01/08/2001,MQY,TN,ASO,CE,Federal Contract Tower,0,1,19,3,23,0,0,18,20,38,0,1,37,23,61,6,12,18,79
01/09/2001,MQY,TN,ASO,CE,Federal Contract Tower,1,4,17,3,25,7,4,34,13,58,8,8,51,16,83,80,6,86,169
01/10/2001,MQY,TN,ASO,CE,Federal Contract Tower,1,10,49,8,68,5,0,55,1,61,6,10,104,9,129,288,0,288,417
01/11/2001,MQY,TN,ASO,CE,Federal Contract Tower,0,1,30,5,36,0,0,20,8,28,0,1,50,13,64,70,2,72,136
01/12/2001,MQY,TN,ASO,CE,Federal Contract Tower,0,4,22,0,26,0,0,7,0,7,0,4,29,0,33,12,0,12,45
01/13/2001,MQY,TN,ASO,CE,Federal Contract Tower,0,2,38,0,40,0,0,65,0,65,0,2,103,0,105,132,0,132,237
01/14/2001,MQY,TN,ASO,CE,Federal Contract Tower,0,2,26,2,30,0,0,12,0,12,0,2,38,2,42,34,0,34,76
01/15/2001,MQY,TN,ASO,CE,Federal Contract Tower,0,8,36,0,44,0,0,94,0,94,0,8,130,0,138,110,0,110,248
01/16/2001,MQY,TN,ASO,CE,Federal Contract Tower,0,5,37,5,47,2,0,55,25,82,2,5,92,30,129,110,20,130,259
01/17/2001,MQY,TN,ASO,CE,Federal Contract Tower,0,9,37,5,51,1,4,24,2,31,1,13,61,7,82,18,12,30,112
01/18/2001,MQY,TN,ASO,CE,Federal Contract Tower,0,6,22,4,32,1,4,0,1,6,1,10,22,5,38,2,0,2,40
01/19/2001,MQY,TN,ASO,CE,Federal Contract Tower,0,3,32,4,39,0,0,4,1,5,0,3,36,5,44,0,0,0,44
01/20/2001,MQY,TN,ASO,CE,Federal Contract Tower,0,5,22,0,27,0,8,11,0,19,0,13,33,0,46,14,0,14,60
01/21/2001,MQY,TN,ASO,CE,Federal Contract Tower,0,9,37,0,46,0,5,96,0,101,0,14,133,0,147,180,0,180,327
01/22/2001,MQY,TN,ASO,CE,Federal Contract Tower,0,7,47,7,61,0,0,61,12,73,0,7,108,19,134,196,0,196,330
01/23/2001,MQY,TN,ASO,CE,Federal Contract Tower,0,14,63,9,86,0,5,46,27,78,0,19,109,36,164,120,3,123,287
01/24/2001,MQY,TN,ASO,CE,Federal Contract Tower,0,13,57,8,78,4,5,35,24,68,4,18,92,32,146,88,22,110,256
01/25/2001,MQY,TN,ASO,CE,Federal Contract Tower,0,12,52,8,72,0,24,47,8,79,0,36,99,16,151,230,0,230,381
01/26/2001,MQY,TN,ASO,CE,Federal Contract Tower,0,12,53,8,73,4,9,21,10,44,4,21,74,18,117,48,0,48,165
01/27/2001,MQY,TN,ASO,CE,Federal Contract Tower,0,4,61,0,65,0,0,102,0,102,0,4,163,0,167,168,0,168,335
01/28/2001,MQY,TN,ASO,CE,Federal Contract Tower,0,2,36,5,43,0,0,68,7,75,0,2,104,12,118,110,0,110,228
01/29/2001,MQY,TN,ASO,CE,Federal Contract Tower,0,2,24,3,29,0,0,47,0,47,0,2,71,3,76,46,0,46,122
01/30/2001,MQY,TN,ASO,CE,Federal Contract Tower,0,7,32,4,43,4,1,32,13,50,4,8,64,17,93,38,0,38,131
01/31/2001,MQY,TN,ASO,CE,Federal Contract Tower,0,4,71,11,86,1,0,60,4,65,1,4,131,15,151,154,0,154,305
02/01/2001,MQY,TN,ASO,CE,Federal Contract Tower,0,1,39,6,46,0,0,65,4,69,0,1,104,10,115,172,10,182,297
02/02/2001,MQY,TN,ASO,CE,Federal Contract Tower,0,2,25,4,31,0,0,41,22,63,0,2,66,26,94,96,0,96,190
02/03/2001,MQY,TN,ASO,CE,Federal Contract Tower,0,3,16,2,21,0,2,105,31,138,0,5,121,33,159,214,0,214,373
02/04/2001,MQY,TN,ASO,CE,Federal Contract Tower,0,2,34,5,41,0,0,83,3,86,0,2,117,8,127,114,0,114,241
02/05/2001,MQY,TN,ASO,CE,Federal Contract Tower,0,1,44,8,53,0,0,76,11,87,0,1,120,19,140,130,16,146,286
02/06/2001,MQY,TN,ASO,CE,Federal Contract Tower,0,1,37,7,45,0,0,69,19,88,0,1,106,26,133,184,20,204,337
02/07/2001,MQY,TN,ASO,CE,Federal Contract Tower,0,1,43,8,52,0,0,70,22,92,0,1,113,30,144,140,0,140,284
02/08/2001,MQY,TN,ASO,CE,Federal Contract Tower,0,2,26,5,33,0,0,53,23,76,0,2,79,28,109,76,12,88,197
02/09/2001,MQY,TN,ASO,CE,Federal Contract Tower,0,3,18,4,25,0,0,17,13,30,0,3,35,17,55,28,0,28,83
02/10/2001,MQY,TN,ASO,CE,Federal Contract Tower,0,4,19,4,27,0,2,89,8,99,0,6,108,12,126,168,0,168,294
02/11/2001,MQY,TN,ASO,CE,Federal Contract Tower,0,4,35,7,46,0,0,68,14,82,0,4,103,21,128,134,0,134,262
02/12/2001,MQY,TN,ASO,CE,Federal Contract Tower,0,5,33,5,43,0,0,21,0,21,0,5,54,5,64,16,0,16,80
02/13/2001,MQY,TN,ASO,CE,Federal Contract Tower,0,7,27,5,39,0,5,0,9,14,0,12,27,14,53,0,0,0,53
02/14/2001,MQY,TN,ASO,CE,Federal Contract Tower,0,10,43,8,61,0,6,7,2,15,0,16,50,10,76,6,8,14,90
02/15/2001,MQY,TN,ASO,CE,Federal Contract Tower,0,16,52,3,71,0,38,0,0,38,0,54,52,3,109,2,0,2,111
02/16/2001,MQY,TN,ASO,CE,Federal Contract Tower,0,8,26,0,34,0,14,0,0,14,0,22,26,0,48,0,0,0,48
02/17/2001,MQY,TN,ASO,CE,Federal Contract Tower,0,6,31,6,43,0,0,76,22,98,0,6,107,28,141,132,0,132,273
02/18/2001,MQY,TN,ASO,CE,Federal Contract Tower,0,3,13,2,18,0,4,67,24,95,0,7,80,26,113,86,6,92,205
02/19/2001,MQY,TN,ASO,CE,Federal Contract Tower,0,4,37,0,41,0,0,90,0,90,0,4,127,0,131,64,0,64,195
02/20/2001,MQY,TN,ASO,CE,Federal Contract Tower,0,11,51,8,70,1,12,46,2,61,1,23,97,10,131,112,6,118,249
02/21/2001,MQY,TN,ASO,CE,Federal Contract Tower,0,12,52,6,70,0,16,26,0,42,0,28,78,6,112,186,6,192,304
02/22/2001,MQY,TN,ASO,CE,Federal Contract Tower,0,12,40,9,61,0,16,0,1,17,0,28,40,10,78,0,0,0,78
02/23/2001,MQY,TN,ASO,CE,Federal Contract Tower,0,14,62,10,86,0,1,31,4,36,0,15,93,14,122,82,0,82,204
02/24/2001,MQY,TN,ASO,CE,Federal Contract Tower,0,4,23,0,27,0,0,8,0,8,0,4,31,0,35,14,0,14,49
02/25/2001,MQY,TN,ASO,CE,Federal Contract Tower,0,2,27,2,31,0,0,50,0,50,0,2,77,2,81,92,0,92,173
02/26/2001,MQY,TN,ASO,CE,Federal Contract Tower,0,4,49,5,58,0,0,120,0,120,0,4,169,5,178,172,0,172,350
02/27/2001,MQY,TN,ASO,CE,Federal Contract Tower,0,3,52,8,63,0,0,84,7,91,0,3,136,15,154,152,0,152,306
02/28/2001,MQY,TN,ASO,CE,Federal Contract Tower,0,3,54,9,66,3,0,30,14,47,3,3,84,23,113,144,16,160,273
03/01/2001,MQY,TN,ASO,CE,Federal Contract Tower,0,1,56,12,69,0,0,74,28,102,0,1,130,40,171,140,8,148,319
03/02/2001,MQY,TN,ASO,CE,Federal Contract Tower,1,3,48,10,62,2,0,43,23,68,3,3,91,33,130,212,8,220,350
03/03/2001,MQY,TN,ASO,CE,Federal Contract Tower,0,4,54,12,70,0,0,77,43,120,0,4,131,55,190,196,2,198,388
03/04/2001,MQY,TN,ASO,CE,Federal Contract Tower,0,2,9,3,14,0,0,0,5,5,0,2,9,8,19,0,0,0,19
03/05/2001,MQY,TN,ASO,CE,Federal Contract Tower,0,4,40,9,53,0,0,40,13,53,0,4,80,22,106,52,16,68,174
03/06/2001,MQY,TN,ASO,CE,Federal Contract Tower,1,7,48,11,67,1,3,44,20,68,2,10,92,31,135,86,26,112,247
03/07/2001,MQY,TN,ASO,CE,Federal Contract Tower,0,8,55,12,75,0,12,68,12,92,0,20,123,24,167,184,14,198,365
03/08/2001,MQY,TN,ASO,CE,Federal Contract Tower,1,7,48,10,66,0,33,52,28,113,1,40,100,38,179,126,2,128,307
03/09/2001,MQY,TN,ASO,CE,Federal Contract Tower,0,11,79,18,108,0,11,66,19,96,0,22,145,37,204,138,8,146,350
03/10/2001,MQY,TN,ASO,CE,Federal Contract Tower,0,4,30,7,41,1,0,115,4,120,1,4,145,11,161,228,2,230,391
03/11/2001,MQY,TN,ASO,CE,Federal Contract Tower,0,3,16,2,21,0,2,106,0,108,0,5,122,2,129,123,0,123,252
03/12/2001,MQY,TN,ASO,CE,Federal Contract Tower,0,1,25,2,28,0,0,24,0,24,0,1,49,2,52,36,0,36,88
03/13/2001,MQY,TN,ASO,CE,Federal Contract Tower,0,7,45,10,62,0,0,24,7,31,0,7,69,17,93,22,0,22,115
03/14/2001,MQY,TN,ASO,CE,Federal Contract Tower,0,3,48,11,62,0,0,71,10,81,0,3,119,21,143,224,8,232,375
03/15/2001,MQY,TN,ASO,CE,Federal Contract Tower,0,1,48,11,60,0,0,47,1,48,0,1,95,12,108,84,0,84,192
03/16/2001,MQY,TN,ASO,CE,Federal Contract Tower,0,1,32,8,41,0,0,42,4,46,0,1,74,12,87,88,0,88,175
03/17/2001,MQY,TN,ASO,CE,Federal Contract Tower,0,10,66,12,88,0,0,81,0,81,0,10,147,12,169,232,0,232,401
03/18/2001,MQY,TN,ASO,CE,Federal Contract Tower,0,4,24,5,33,0,8,73,6,87,0,12,97,11,120,52,0,52,172
03/19/2001,MQY,TN,ASO,CE,Federal Contract Tower,0,2,41,8,51,0,0,82,14,96,0,2,123,22,147,134,2,136,283
03/20/2001,MQY,TN,ASO,CE,Federal Contract Tower,0,2,27,0,29,0,0,13,0,13,0,2,40,0,42,0,0,0,42
03/21/2001,MQY,TN,ASO,CE,Federal Contract Tower,0,8,49,0,57,1,3,34,0,38,1,11,83,0,95,22,0,22,117
03/22/2001,MQY,TN,ASO,CE,Federal Contract Tower,0,3,26,6,35,0,0,91,21,112,0,3,117,27,147,248,6,254,401
03/23/2001,MQY,TN,ASO,CE,Federal Contract Tower,0,1,56,12,69,0,0,88,9,97,0,1,144,21,166,240,18,258,424
03/24/2001,MQY,TN,ASO,CE,Federal Contract Tower,0,1,11,0,12,0,6,54,0,60,0,7,65,0,72,114,0,114,186
03/25/2001,MQY,TN,ASO,CE,Federal Contract Tower,0,1,10,2,13,0,1,80,0,81,0,2,90,2,94,130,0,130,224
03/26/2001,MQY,TN,ASO,CE,Federal Contract Tower,0,1,30,6,37,0,0,109,17,126,0,1,139,23,163,104,0,104,267
03/27/2001,MQY,TN,ASO,CE,Federal Contract Tower,0,4,37,8,49,0,0,106,6,112,0,4,143,14,161,152,0,152,313
03/28/2001,MQY,TN,ASO,CE,Federal Contract Tower,0,9,65,15,89,0,22,37,10,69,0,31,102,25,158,148,2,150,308
03/29/2001,MQY,TN,ASO,CE,Federal Contract Tower,0,8,60,14,82,0,8,34,11,53,0,16,94,25,135,80,6,86,221
03/30/2001,MQY,TN,ASO,CE,Federal Contract Tower,0,6,48,8,62,0,1,15,0,16,0,7,63,8,78,12,0,12,90
03/31/2001,MQY,TN,ASO,CE,Federal Contract Tower,0,2,37,0,39,1,0,58,0,59,1,2,95,0,98,232,0,232,330
04/01/2001,MQY,TN,ASO,CE,Federal Contract Tower,0,2,24,4,30,0,0,62,0,62,0,2,86,4,92,78,0,78,170
04/02/2001,MQY,TN,ASO,CE,Federal Contract Tower,0,1,33,4,38,0,0,92,11,103,0,1,125,15,141,136,0,136,277
04/03/2001,MQY,TN,ASO,CE,Federal Contract Tower,0,2,21,2,25,0,0,31,1,32,0,2,52,3,57,72,0,72,129
04/04/2001,MQY,TN,ASO,CE,Federal Contract Tower,0,6,39,4,49,0,3,52,18,73,0,9,91,22,122,92,0,92,214
04/05/2001,MQY,TN,ASO,CE,Federal Contract Tower,1,10,77,9,97,0,13,58,0,71,1,23,135,9,168,80,0,80,248
04/06/2001,MQY,TN,ASO,CE,Federal Contract Tower,0,8,60,7,75,0,18,50,33,101,0,26,110,40,176,84,20,104,280
04/07/2001,MQY,TN,ASO,CE,Federal Contract Tower,0,2,14,1,17,0,0,56,19,75,0,2,70,20,92,72,10,82,174
04/08/2001,MQY,TN,ASO,CE,Federal Contract Tower,1,2,27,2,32,0,0,38,13,51,1,2,65,15,83,76,2,78,161
04/09/2001,MQY,TN,ASO,CE,Federal Contract Tower,0,6,43,5,54,0,12,58,11,81,0,18,101,16,135,93,20,113,248
04/10/2001,MQY,TN,ASO,CE,Federal Contract Tower,1,6,39,4,50,5,5,47,11,68,6,11,86,15,118,92,0,92,210
04/11/2001,MQY,TN,ASO,CE,Federal Contract Tower,0,0,0,0,0,1,1,115,9,126,1,1,115,9,126,80,0,80,206
04/12/2001,MQY,TN,ASO,CE,Federal Contract Tower,0,2,51,7,60,0,0,59,14,73,0,2,110,21,133,116,0,116,249
04/13/2001,MQY,TN,ASO,CE,Federal Contract Tower,0,5,44,6,55,0,2,85,18,105,0,7,129,24,160,282,10,292,452
04/14/2001,MQY,TN,ASO,CE,Federal Contract Tower,0,4,39,0,43,0,5,147,0,152,0,9,186,0,195,224,0,224,419
04/15/2001,MQY,TN,ASO,CE,Federal Contract Tower,1,1,12,2,16,2,1,14,1,18,3,2,26,3,34,8,0,8,42
04/16/2001,MQY,TN,ASO,CE,Federal Contract Tower,0,3,54,6,63,2,0,56,11,69,2,3,110,17,132,109,0,109,241
04/17/2001,MQY,TN,ASO,CE,Federal Contract Tower,0,2,43,4,49,0,0,36,21,57,0,2,79,25,106,30,4,34,140
04/18/2001,MQY,TN,ASO,CE,Federal Contract Tower,0,3,66,8,77,0,0,79,7,86,0,3,145,15,163,140,0,140,303
04/19/2001,MQY,TN,ASO,CE,Federal Contract Tower,0,5,37,4,46,0,10,103,8,121,0,15,140,12,167,126,0,126,293
04/20/2001,MQY,TN,ASO,CE,Federal Contract Tower,0,5,48,6,59,0,21,44,7,72,0,26,92,13,131,86,0,86,217
04/21/2001,MQY,TN,ASO,CE,Federal Contract Tower,0,3,34,5,42,1,8,44,31,84,1,11,78,36,126,46,0,46,172
04/22/2001,MQY,TN,ASO,CE,Federal Contract Tower,0,5,50,2,57,1,7,70,0,78,1,12,120,2,135,40,0,40,175
04/23/2001,MQY,TN,ASO,CE,Federal Contract Tower,0,2,46,6,54,2,0,48,24,74,2,2,94,30,128,48,0,48,176
04/24/2001,MQY,TN,ASO,CE,Federal Contract Tower,0,4,84,11,99,0,0,78,6,84,0,4,162,17,183,94,6,100,283
04/25/2001,MQY,TN,ASO,CE,Federal Contract Tower,0,1,37,5,43,0,0,58,6,64,0,1,95,11,107,125,0,125,232
04/26/2001,MQY,TN,ASO,CE,Federal Contract Tower,0,4,40,5,49,1,1,91,13,106,1,5,131,18,155,160,11,171,326
04/27/2001,MQY,TN,ASO,CE,Federal Contract Tower,0,1,55,7,63,0,0,94,9,103,0,1,149,16,166,84,0,84,250
04/28/2001,MQY,TN,ASO,CE,Federal Contract Tower,0,2,27,3,32,0,0,90,14,104,0,2,117,17,136,100,0,100,236
04/29/2001,MQY,TN,ASO,CE,Federal Contract Tower,0,2,44,5,51,1,0,80,0,81,1,2,124,5,132,76,0,76,208
04/30/2001,MQY,TN,ASO,CE,Federal Contract Tower,0,2,36,5,43,1,0,75,27,103,1,2,111,32,146,152,4,156,302
05/01/2001,MQY,TN,ASO,CE,Federal Contract Tower,1,4,45,6,56,0,0,67,36,103,1,4,112,42,159,134,32,166,325
05/02/2001,MQY,TN,ASO,CE,Federal Contract Tower,0,6,52,2,60,0,18,87,0,105,0,24,139,2,165,190,0,190,355
05/03/2001,MQY,TN,ASO,CE,Federal Contract Tower,0,7,58,7,72,0,24,74,1,99,0,31,132,8,171,214,0,214,385
05/04/2001,MQY,TN,ASO,CE,Federal Contract Tower,0,6,55,7,68,0,17,95,13,125,0,23,150,20,193,168,0,168,361
05/05/2001,MQY,TN,ASO,CE,Federal Contract Tower,0,2,23,2,27,0,0,312,23,335,0,2,335,25,362,34,0,34,396
05/06/2001,MQY,TN,ASO,CE,Federal Contract Tower,0,0,15,1,16,0,2,58,17,77,0,2,73,18,93,62,0,62,155
05/07/2001,MQY,TN,ASO,CE,Federal Contract Tower,0,2,29,3,34,0,0,20,10,30,0,2,49,13,64,52,16,68,132
05/08/2001,MQY,TN,ASO,CE,Federal Contract Tower,0,3,30,4,37,0,0,27,4,31,0,3,57,8,68,50,0,50,118
05/09/2001,MQY,TN,ASO,CE,Federal Contract Tower,0,5,30,4,39,0,4,52,14,70,0,9,82,18,109,77,6,83,192
05/10/2001,MQY,TN,ASO,CE,Federal Contract Tower,2,5,73,9,89,13,0,56,17,86,15,5,129,26,175,106,6,112,287
05/11/2001,MQY,TN,ASO,CE,Federal Contract Tower,1,2,24,3,30,1,0,37,6,44,2,2,61,9,74,40,0,40,114
05/12/2001,MQY,TN,ASO,CE,Federal Contract Tower,0,2,20,1,23,0,0,69,0,69,0,2,89,1,92,128,0,128,220
05/13/2001,MQY,TN,ASO,CE,Federal Contract Tower,0,2,23,3,28,0,0,72,0,72,0,2,95,3,100,50,0,50,150
05/14/2001,MQY,TN,ASO,CE,Federal Contract Tower,0,1,30,4,35,0,0,99,3,102,0,1,129,7,137,100,2,102,239
05/15/2001,MQY,TN,ASO,CE,Federal Contract Tower,0,1,40,5,46,0,0,70,21,91,0,1,110,26,137,105,8,113,250
05/16/2001,MQY,TN,ASO,CE,Federal Contract Tower,1,5,43,5,54,0,0,75,15,90,1,5,118,20,144,92,0,92,236
05/17/2001,MQY,TN,ASO,CE,Federal Contract Tower,0,2,50,6,58,0,0,117,13,130,0,2,167,19,188,124,0,124,312
05/18/2001,MQY,TN,ASO,CE,Federal Contract Tower,0,2,58,9,69,0,0,93,28,121,0,2,151,37,190,46,136,182,372
05/19/2001,MQY,TN,ASO,CE,Federal Contract Tower,0,4,27,4,35,0,5,43,9,57,0,9,70,13,92,18,0,18,110
05/20/2001,MQY,TN,ASO,CE,Federal Contract Tower,0,4,42,6,52,1,0,47,27,75,1,4,89,33,127,84,0,84,211
05/21/2001,MQY,TN,ASO,CE,Federal Contract Tower,0,4,20,3,27,0,2,26,0,28,0,6,46,3,55,4,0,4,59
05/22/2001,MQY,TN,ASO,CE,Federal Contract Tower,0,8,49,7,64,0,4,64,4,72,0,12,113,11,136,78,4,82,218
05/23/2001,MQY,TN,ASO,CE,Federal Contract Tower,1,8,67,9,85,0,0,75,0,75,1,8,142,9,160,110,0,110,270
05/24/2001,MQY,TN,ASO,CE,Federal Contract Tower,0,3,42,6,51,0,0,36,9,45,0,3,78,15,96,64,0,64,160
05/25/2001,MQY,TN,ASO,CE,Federal Contract Tower,0,7,63,9,79,0,0,72,22,94,0,7,135,31,173,180,12,192,365
05/26/2001,MQY,TN,ASO,CE,Federal Contract Tower,0,6,37,3,46,0,5,89,0,94,0,11,126,3,140,38,0,38,178
05/27/2001,MQY,TN,ASO,CE,Federal Contract Tower,0,1,8,2,11,0,1,49,17,67,0,2,57,19,78,44,8,52,130
05/28/2001,MQY,TN,ASO,CE,Federal Contract Tower,0,5,30,5,40,0,12,12,23,47,0,17,42,28,87,42,0,42,129
05/29/2001,MQY,TN,ASO,CE,Federal Contract Tower,0,4,41,5,50,1,0,110,34,145,1,4,151,39,195,72,4,76,271
05/30/2001,MQY,TN,ASO,CE,Federal Contract Tower,0,3,52,7,62,0,0,78,4,82,0,3,130,11,144,58,0,58,202
05/31/2001,MQY,TN,ASO,CE,Federal Contract Tower,0,3,19,2,24,0,1,11,14,26,0,4,30,16,50,4,8,12,62
06/01/2001,MQY,TN,ASO,CE,Federal Contract Tower,1,2,33,7,43,0,0,49,9,58,1,2,82,16,101,68,4,72,173
06/02/2001,MQY,TN,ASO,CE,Federal Contract Tower,0,2,35,7,44,0,0,43,20,63,0,2,78,27,107,78,4,82,189
06/03/2001,MQY,TN,ASO,CE,Federal Contract Tower,0,2,16,0,18,0,0,61,0,61,0,2,77,0,79,20,0,20,99
06/04/2001,MQY,TN,ASO,CE,Federal Contract Tower,0,2,58,14,74,0,0,49,44,93,0,2,107,58,167,104,26,130,297
06/05/2001,MQY,TN,ASO,CE,Federal Contract Tower,0,1,37,9,47,0,0,85,5,90,0,1,122,14,137,114,0,114,251
06/06/2001,MQY,TN,ASO,CE,Federal Contract Tower,1,1,48,11,61,1,0,75,15,91,2,1,123,26,152,156,10,166,318
06/07/2001,MQY,TN,ASO,CE,Federal Contract Tower,0,1,35,0,36,0,0,14,0,14,0,1,49,0,50,4,0,4,54
06/08/2001,MQY,TN,ASO,CE,Federal Contract Tower,0,2,48,11,61,0,0,99,13,112,0,2,147,24,173,84,2,86,259
06/09/2001,MQY,TN,ASO,CE,Federal Contract Tower,0,2,40,9,51,0,0,273,33,306,0,2,313,42,357,48,4,52,409
06/10/2001,MQY,TN,ASO,CE,Federal Contract Tower,0,2,18,2,22,0,0,83,0,83,0,2,101,2,105,50,0,50,155
06/11/2001,MQY,TN,ASO,CE,Federal Contract Tower,0,3,43,10,56,2,0,79,12,93,2,3,122,22,149,124,0,124,273
06/12/2001,MQY,TN,ASO,CE,Federal Contract Tower,0,4,26,6,36,0,0,53,36,89,0,4,79,42,125,94,4,98,223
06/13/2001,MQY,TN,ASO,CE,Federal Contract Tower,0,7,40,10,57,1,9,56,6,72,1,16,96,16,129,92,0,92,221
06/14/2001,MQY,TN,ASO,CE,Federal Contract Tower,0,7,40,10,57,0,11,47,13,71,0,18,87,23,128,116,20,136,264
06/15/2001,MQY,TN,ASO,CE,Federal Contract Tower,0,7,38,9,54,0,5,20,6,31,0,12,58,15,85,12,0,12,97
06/16/2001,MQY,TN,ASO,CE,Federal Contract Tower,0,6,33,7,46,0,0,92,5,97,0,6,125,12,143,146,0,146,289
06/17/2001,MQY,TN,ASO,CE,Federal Contract Tower,0,2,24,0,26,0,0,78,0,78,0,2,102,0,104,46,0,46,150
06/18/2001,MQY,TN,ASO,CE,Federal Contract Tower,0,3,17,3,23,0,0,80,16,96,0,3,97,19,119,92,0,92,211
06/19/2001,MQY,TN,ASO,CE,Federal Contract Tower,0,5,31,6,42,0,1,122,19,142,0,6,153,25,184,98,0,98,282
06/20/2001,MQY,TN,ASO,CE,Federal Contract Tower,0,1,21,4,26,0,0,87,29,116,0,1,108,33,142,124,4,128,270
06/21/2001,MQY,TN,ASO,CE,Federal Contract Tower,0,4,21,4,29,0,0,84,9,93,0,4,105,13,122,110,8,118,240
06/22/2001,MQY,TN,ASO,CE,Federal Contract Tower,0,1,55,12,68,0,0,60,10,70,0,1,115,22,138,50,4,54,192
06/23/2001,MQY,TN,ASO,CE,Federal Contract Tower,0,2,27,5,34,1,0,146,22,169,1,2,173,27,203,178,2,180,383
06/24/2001,MQY,TN,ASO,CE,Federal Contract Tower,0,2,32,7,41,0,0,97,3,100,0,2,129,10,141,172,0,172,313
06/25/2001,MQY,TN,ASO,CE,Federal Contract Tower,0,7,49,11,67,0,3,88,30,121,0,10,137,41,188,228,0,228,416
06/26/2001,MQY,TN,ASO,CE,Federal Contract Tower,0,4,28,7,39,0,13,60,4,77,0,17,88,11,116,210,0,210,326
06/27/2001,MQY,TN,ASO,CE,Federal Contract Tower,0,6,41,9,56,0,19,73,10,102,0,25,114,19,158,260,0,260,418
06/28/2001,MQY,TN,ASO,CE,Federal Contract Tower,0,7,49,11,67,0,9,67,11,87,0,16,116,22,154,344,0,344,498
06/29/2001,MQY,TN,ASO,CE,Federal Contract Tower,0,3,24,6,33,0,1,81,5,87,0,4,105,11,120,222,0,222,342
06/30/2001,MQY,TN,ASO,CE,Federal Contract Tower,0,5,34,8,47,1,19,32,5,57,1,24,66,13,104,88,0,88,192
07/01/2001,MQY,TN,ASO,CE,Federal Contract Tower,0,12,44,6,62,0,28,45,4,77,0,40,89,10,139,54,2,56,195
07/02/2001,MQY,TN,ASO,CE,Federal Contract Tower,0,4,21,3,28,0,3,49,7,59,0,7,70,10,87,66,8,74,161
07/03/2001,MQY,TN,ASO,CE,Federal Contract Tower,0,6,32,5,43,0,0,70,28,98,0,6,102,33,141,78,0,78,219
07/04/2001,MQY,TN,ASO,CE,Federal Contract Tower,0,2,10,1,13,0,0,48,5,53,0,2,58,6,66,116,0,116,182
07/05/2001,MQY,TN,ASO,CE,Federal Contract Tower,0,3,17,2,22,0,0,40,3,43,0,3,57,5,65,40,0,40,105
07/06/2001,MQY,TN,ASO,CE,Federal Contract Tower,0,12,43,6,61,0,0,73,19,92,0,12,116,25,153,106,0,106,259
07/07/2001,MQY,TN,ASO,CE,Federal Contract Tower,0,3,27,4,34,0,0,75,0,75,0,3,102,4,109,94,0,94,203
07/08/2001,MQY,TN,ASO,CE,Federal Contract Tower,0,4,20,1,25,1,0,70,0,71,1,4,90,1,96,78,2,80,176
07/09/2001,MQY,TN,ASO,CE,Federal Contract Tower,0,9,31,4,44,0,0,59,0,59,0,9,90,4,103,106,0,106,209
07/10/2001,MQY,TN,ASO,CE,Federal Contract Tower,0,4,25,5,34,0,0,84,15,99,0,4,109,20,133,160,0,160,293
07/11/2001,MQY,TN,ASO,CE,Federal Contract Tower,0,9,35,6,50,0,0,58,10,68,0,9,93,16,118,70,0,70,188
07/12/2001,MQY,TN,ASO,CE,Federal Contract Tower,0,11,58,10,79,0,0,74,10,84,0,11,132,20,163,136,6,142,305
07/13/2001,MQY,TN,ASO,CE,Federal Contract Tower,0,8,26,5,39,1,13,121,8,143,1,21,147,13,182,178,2,180,362
07/14/2001,MQY,TN,ASO,CE,Federal Contract Tower,0,1,31,6,38,0,0,86,11,97,0,1,117,17,135,184,0,184,319
07/15/2001,MQY,TN,ASO,CE,Federal Contract Tower,0,6,40,0,46,0,0,67,0,67,0,6,107,0,113,60,0,60,173
07/16/2001,MQY,TN,ASO,CE,Federal Contract Tower,0,2,30,5,37,0,0,75,7,82,0,2,105,12,119,122,0,122,241
07/17/2001,MQY,TN,ASO,CE,Federal Contract Tower,0,12,44,8,64,0,10,50,5,65,0,22,94,13,129,120,0,120,249
07/18/2001,MQY,TN,ASO,CE,Federal Contract Tower,0,13,45,8,66,0,9,58,11,78,0,22,103,19,144,110,10,120,264
07/19/2001,MQY,TN,ASO,CE,Federal Contract Tower,0,13,45,8,66,1,21,45,2,69,1,34,90,10,135,114,0,114,249
07/20/2001,MQY,TN,ASO,CE,Federal Contract Tower,0,11,36,6,53,0,2,45,19,66,0,13,81,25,119,154,2,156,275
07/21/2001,MQY,TN,ASO,CE,Federal Contract Tower,0,4,34,5,43,0,0,59,4,63,0,4,93,9,106,204,0,204,310
07/22/2001,MQY,TN,ASO,CE,Federal Contract Tower,0,2,22,1,25,1,0,80,0,81,1,2,102,1,106,98,0,98,204
07/23/2001,MQY,TN,ASO,CE,Federal Contract Tower,0,1,60,9,70,0,0,81,4,85,0,1,141,13,155,102,0,102,257
07/24/2001,MQY,TN,ASO,CE,Federal Contract Tower,0,7,25,3,35,0,14,68,0,82,0,21,93,3,117,78,0,78,195
07/25/2001,MQY,TN,ASO,CE,Federal Contract Tower,0,14,48,6,68,0,3,28,0,31,0,17,76,6,99,88,12,100,199
07/26/2001,MQY,TN,ASO,CE,Federal Contract Tower,0,12,42,6,60,0,5,39,27,71,0,17,81,33,131,124,0,124,255
07/27/2001,MQY,TN,ASO,CE,Federal Contract Tower,0,13,46,7,66,2,24,69,17,112,2,37,115,24,178,98,0,98,276
07/28/2001,MQY,TN,ASO,CE,Federal Contract Tower,0,6,21,0,27,0,4,40,0,44,0,10,61,0,71,92,0,92,163
07/29/2001,MQY,TN,ASO,CE,Federal Contract Tower,0,3,14,0,17,0,4,46,0,50,0,7,60,0,67,67,0,67,134
07/30/2001,MQY,TN,ASO,CE,Federal Contract Tower,0,9,30,3,42,0,2,85,0,87,0,11,115,3,129,76,0,76,205
07/31/2001,MQY,TN,ASO,CE,Federal Contract Tower,0,3,42,6,51,0,0,80,8,88,0,3,122,14,139,110,6,116,255
08/01/2001,MQY,TN,ASO,CE,Federal Contract Tower,0,4,33,3,40,0,2,46,0,48,0,6,79,3,88,114,0,114,202
08/02/2001,MQY,TN,ASO,CE,Federal Contract Tower,0,6,34,7,47,0,5,59,5,69,0,11,93,12,116,68,0,68,184
08/03/2001,MQY,TN,ASO,CE,Federal Contract Tower,0,5,39,9,53,0,1,40,2,43,0,6,79,11,96,70,0,70,166
08/04/2001,MQY,TN,ASO,CE,Federal Contract Tower,0,4,30,3,37,0,12,26,0,38,0,16,56,3,75,62,0,62,137
08/05/2001,MQY,TN,ASO,CE,Federal Contract Tower,0,1,12,3,16,0,3,60,1,64,0,4,72,4,80,78,0,78,158
08/06/2001,MQY,TN,ASO,CE,Federal Contract Tower,0,2,22,6,30,0,2,85,0,87,0,4,107,6,117,116,0,116,233
08/07/2001,MQY,TN,ASO,CE,Federal Contract Tower,0,4,32,8,44,0,1,62,17,80,0,5,94,25,124,156,12,168,292
08/08/2001,MQY,TN,ASO,CE,Federal Contract Tower,0,3,29,7,39,0,1,49,8,58,0,4,78,15,97,58,4,62,159
08/09/2001,MQY,TN,ASO,CE,Federal Contract Tower,0,4,32,2,38,0,3,27,0,30,0,7,59,2,68,40,0,40,108
08/10/2001,MQY,TN,ASO,CE,Federal Contract Tower,0,4,33,8,45,0,0,45,4,49,0,4,78,12,94,14,0,14,108
08/11/2001,MQY,TN,ASO,CE,Federal Contract Tower,0,2,18,4,24,0,0,41,87,128,0,2,59,91,152,126,22,148,300
08/12/2001,MQY,TN,ASO,CE,Federal Contract Tower,0,2,20,5,27,0,2,13,31,46,0,4,33,36,73,30,10,40,113
08/13/2001,MQY,TN,ASO,CE,Federal Contract Tower,1,4,34,8,47,2,0,23,10,35,3,4,57,18,82,54,0,54,136
08/14/2001,MQY,TN,ASO,CE,Federal Contract Tower,2,3,69,16,90,20,0,77,34,131,22,3,146,50,221,122,10,132,353
08/15/2001,MQY,TN,ASO,CE,Federal Contract Tower,0,3,34,8,45,0,0,63,30,93,0,3,97,38,138,128,2,130,268
08/16/2001,MQY,TN,ASO,CE,Federal Contract Tower,0,5,56,13,74,0,0,59,8,67,0,5,115,21,141,48,6,54,195
08/17/2001,MQY,TN,ASO,CE,Federal Contract Tower,0,6,62,13,81,0,0,64,23,87,0,6,126,36,168,94,4,98,266
08/18/2001,MQY,TN,ASO,CE,Federal Contract Tower,0,5,38,8,51,0,0,86,4,90,0,5,124,12,141,102,0,102,243
08/19/2001,MQY,TN,ASO,CE,Federal Contract Tower,0,5,37,3,45,0,1,55,0,56,0,6,92,3,101,108,0,108,209
08/20/2001,MQY,TN,ASO,CE,Federal Contract Tower,0,2,33,6,41,0,0,67,18,85,0,2,100,24,126,70,8,78,204
08/21/2001,MQY,TN,ASO,CE,Federal Contract Tower,0,3,43,9,55,0,0,82,13,95,0,3,125,22,150,160,0,160,310
08/22/2001,MQY,TN,ASO,CE,Federal Contract Tower,0,2,21,4,27,0,0,94,2,96,0,2,115,6,123,106,0,106,229
08/23/2001,MQY,TN,ASO,CE,Federal Contract Tower,0,2,35,7,44,1,0,54,3,58,1,2,89,10,102,54,0,54,156
08/24/2001,MQY,TN,ASO,CE,Federal Contract Tower,0,6,45,3,54,2,0,62,0,64,2,6,107,3,118,92,0,92,210
08/25/2001,MQY,TN,ASO,CE,Federal Contract Tower,0,6,46,0,52,3,10,122,0,135,3,16,168,0,187,224,0,224,411
08/26/2001,MQY,TN,ASO,CE,Federal Contract Tower,0,2,17,1,20,0,0,63,0,63,0,2,80,1,83,130,0,130,213
08/27/2001,MQY,TN,ASO,CE,Federal Contract Tower,0,6,52,12,70,0,14,53,11,78,0,20,105,23,148,64,0,64,212
08/28/2001,MQY,TN,ASO,CE,Federal Contract Tower,1,6,73,16,96,2,0,84,18,104,3,6,157,34,200,104,4,108,308
08/29/2001,MQY,TN,ASO,CE,Federal Contract Tower,1,8,65,15,89,6,2,57,25,90,7,10,122,40,179,122,4,126,305
08/30/2001,MQY,TN,ASO,CE,Federal Contract Tower,0,5,42,10,57,0,3,63,8,74,0,8,105,18,131,54,4,58,189
08/31/2001,MQY,TN,ASO,CE,Federal Contract Tower,0,5,39,2,46,0,0,12,0,12,0,5,51,2,58,2,0,2,60
09/01/2001,MQY,TN,ASO,CE,Federal Contract Tower,0,2,32,0,34,0,0,39,0,39,0,2,71,0,73,96,0,96,169
09/02/2001,MQY,TN,ASO,CE,Federal Contract Tower,0,0,14,2,16,0,1,6,3,10,0,1,20,5,26,4,0,4,30
09/03/2001,MQY,TN,ASO,CE,Federal Contract Tower,0,5,34,5,44,0,0,34,3,37,0,5,68,8,81,26,0,26,107
09/04/2001,MQY,TN,ASO,CE,Federal Contract Tower,0,2,43,7,52,0,0,94,45,139,0,2,137,52,191,92,18,110,301
09/05/2001,MQY,TN,ASO,CE,Federal Contract Tower,0,15,82,13,110,0,3,65,15,83,0,18,147,28,193,134,0,134,327
09/06/2001,MQY,TN,ASO,CE,Federal Contract Tower,1,9,53,9,72,0,10,71,12,93,1,19,124,21,165,156,4,160,325
09/07/2001,MQY,TN,ASO,CE,Federal Contract Tower,2,2,59,10,73,3,0,43,12,58,5,2,102,22,131,32,0,32,163
09/08/2001,MQY,TN,ASO,CE,Federal Contract Tower,0,3,23,3,29,0,0,100,4,104,0,3,123,7,133,204,0,204,337
09/09/2001,MQY,TN,ASO,CE,Federal Contract Tower,0,4,17,2,23,0,0,66,5,71,0,4,83,7,94,58,0,58,152
09/10/2001,MQY,TN,ASO,CE,Federal Contract Tower,0,1,37,6,44,0,0,137,4,141,0,1,174,10,185,54,0,54,239
09/11/2001,MQY,TN,ASO,CE,Federal Contract Tower,0,1,5,0,6,0,0,12,0,12,0,1,17,0,18,14,0,14,32
09/12/2001,MQY,TN,ASO,CE,Federal Contract Tower,0,0,0,0,0,0,0,0,1,1,0,0,0,1,1,0,0,0,1
09/13/2001,MQY,TN,ASO,CE,Federal Contract Tower,0,2,0,1,3,0,9,0,1,10,0,11,0,2,13,0,0,0,13
09/14/2001,MQY,TN,ASO,CE,Federal Contract Tower,0,5,5,3,13,0,13,0,4,17,0,18,5,7,30,0,0,0,30
09/15/2001,MQY,TN,ASO,CE,Federal Contract Tower,0,6,25,6,37,0,9,0,12,21,0,15,25,18,58,0,0,0,58
09/16/2001,MQY,TN,ASO,CE,Federal Contract Tower,0,5,26,1,32,0,0,5,0,5,0,5,31,1,37,0,0,0,37
09/17/2001,MQY,TN,ASO,CE,Federal Contract Tower,0,7,43,2,52,0,0,8,0,8,0,7,51,2,60,0,0,0,60
09/18/2001,MQY,TN,ASO,CE,Federal Contract Tower,1,10,44,10,65,4,4,0,6,14,5,14,44,16,79,0,0,0,79
09/19/2001,MQY,TN,ASO,CE,Federal Contract Tower,0,6,18,6,30,0,4,0,8,12,0,10,18,14,42,0,0,0,42
09/20/2001,MQY,TN,ASO,CE,Federal Contract Tower,1,8,42,8,59,1,4,30,5,40,2,12,72,13,99,4,0,4,103
09/21/2001,MQY,TN,ASO,CE,Federal Contract Tower,0,8,53,10,71,0,0,37,17,54,0,8,90,27,125,30,14,44,169
09/22/2001,MQY,TN,ASO,CE,Federal Contract Tower,1,6,36,4,47,3,0,82,0,85,4,6,118,4,132,84,0,84,216
09/23/2001,MQY,TN,ASO,CE,Federal Contract Tower,0,3,15,3,21,0,1,93,0,94,0,4,108,3,115,136,0,136,251
09/24/2001,MQY,TN,ASO,CE,Federal Contract Tower,0,6,28,3,37,0,17,6,0,23,0,23,34,3,60,8,0,8,68
09/25/2001,MQY,TN,ASO,CE,Federal Contract Tower,0,11,58,10,79,0,13,54,13,80,0,24,112,23,159,90,18,108,267
09/26/2001,MQY,TN,ASO,CE,Federal Contract Tower,0,6,53,9,68,0,0,114,0,114,0,6,167,9,182,150,0,150,332
09/27/2001,MQY,TN,ASO,CE,Federal Contract Tower,0,2,37,6,45,0,0,104,0,104,0,2,141,6,149,50,0,50,199
09/28/2001,MQY,TN,ASO,CE,Federal Contract Tower,0,5,44,7,56,0,0,99,8,107,0,5,143,15,163,197,0,197,360
09/29/2001,MQY,TN,ASO,CE,Federal Contract Tower,0,3,26,4,33,2,0,94,0,96,2,3,120,4,129,112,0,112,241
09/30/2001,MQY,TN,ASO,CE,Federal Contract Tower,1,3,39,2,45,13,0,94,0,107,14,3,133,2,152,100,0,100,252
10/01/2001,MQY,TN,ASO,CE,Federal Contract Tower,0,3,41,6,50,0,0,75,16,91,0,3,116,22,141,102,22,124,265
10/02/2001,MQY,TN,ASO,CE,Federal Contract Tower,0,2,33,3,38,0,0,82,0,82,0,2,115,3,120,74,10,84,204
10/03/2001,MQY,TN,ASO,CE,Federal Contract Tower,0,10,55,9,74,0,12,56,8,76,0,22,111,17,150,114,0,114,264
10/04/2001,MQY,TN,ASO,CE,Federal Contract Tower,0,5,29,4,38,0,1,77,7,85,0,6,106,11,123,126,0,126,249
10/05/2001,MQY,TN,ASO,CE,Federal Contract Tower,0,4,33,5,42,0,0,44,16,60,0,4,77,21,102,60,24,84,186
10/06/2001,MQY,TN,ASO,CE,Federal Contract Tower,0,2,22,0,24,0,0,84,0,84,0,2,106,0,108,94,0,94,202
10/07/2001,MQY,TN,ASO,CE,Federal Contract Tower,0,4,34,0,38,0,0,122,0,122,0,4,156,0,160,150,0,150,310
10/08/2001,MQY,TN,ASO,CE,Federal Contract Tower,0,9,46,0,55,0,5,66,0,71,0,14,112,0,126,124,0,124,250
10/09/2001,MQY,TN,ASO,CE,Federal Contract Tower,0,3,32,6,41,0,0,68,3,71,0,3,100,9,112,72,0,72,184
10/10/2001,MQY,TN,ASO,CE,Federal Contract Tower,0,4,43,8,55,8,0,61,15,84,8,4,104,23,139,96,12,108,247
10/11/2001,MQY,TN,ASO,CE,Federal Contract Tower,0,4,42,8,54,0,0,38,3,41,0,4,80,11,95,60,0,60,155
10/12/2001,MQY,TN,ASO,CE,Federal Contract Tower,0,6,30,0,36,0,0,16,0,16,0,6,46,0,52,12,0,12,64
10/13/2001,MQY,TN,ASO,CE,Federal Contract Tower,0,4,19,2,25,0,9,0,0,9,0,13,19,2,34,2,0,2,36
10/14/2001,MQY,TN,ASO,CE,Federal Contract Tower,0,6,32,6,44,1,9,53,8,71,1,15,85,14,115,50,0,50,165
10/15/2001,MQY,TN,ASO,CE,Federal Contract Tower,0,4,42,8,54,0,0,85,6,91,0,4,127,14,145,158,0,158,303
10/16/2001,MQY,TN,ASO,CE,Federal Contract Tower,0,13,63,11,87,0,4,27,5,36,0,17,90,16,123,88,0,88,211
10/17/2001,MQY,TN,ASO,CE,Federal Contract Tower,0,7,36,7,50,0,26,99,20,145,0,33,135,27,195,136,3,139,334
10/18/2001,MQY,TN,ASO,CE,Federal Contract Tower,0,10,50,8,68,1,25,63,0,89,1,35,113,8,157,142,0,142,299
10/19/2001,MQY,TN,ASO,CE,Federal Contract Tower,0,4,23,4,31,1,18,80,0,99,1,22,103,4,130,90,6,96,226
10/20/2001,MQY,TN,ASO,CE,Federal Contract Tower,0,2,25,0,27,0,0,91,0,91,0,2,116,0,118,140,0,140,258
10/21/2001,MQY,TN,ASO,CE,Federal Contract Tower,0,2,25,0,27,0,0,79,0,79,0,2,104,0,106,154,0,154,260
10/22/2001,MQY,TN,ASO,CE,Federal Contract Tower,0,5,41,4,50,0,0,70,0,70,0,5,111,4,120,138,8,146,266
10/23/2001,MQY,TN,ASO,CE,Federal Contract Tower,0,5,41,6,52,0,0,53,7,60,0,5,94,13,112,114,38,152,264
10/24/2001,MQY,TN,ASO,CE,Federal Contract Tower,0,7,34,5,46,0,4,27,0,31,0,11,61,5,77,106,8,114,191
10/25/2001,MQY,TN,ASO,CE,Federal Contract Tower,0,0,0,0,0,0,1,89,13,103,0,1,89,13,103,72,4,76,179
10/26/2001,MQY,TN,ASO,CE,Federal Contract Tower,0,8,39,6,53,2,7,69,3,81,2,15,108,9,134,84,4,88,222
10/27/2001,MQY,TN,ASO,CE,Federal Contract Tower,0,7,36,0,43,0,0,81,0,81,0,7,117,0,124,124,0,124,248
10/28/2001,MQY,TN,ASO,CE,Federal Contract Tower,0,3,30,2,35,0,0,109,0,109,0,3,139,2,144,124,0,124,268
10/29/2001,MQY,TN,ASO,CE,Federal Contract Tower,0,4,36,6,46,0,0,72,17,89,0,4,108,23,135,114,0,114,249
10/30/2001,MQY,TN,ASO,CE,Federal Contract Tower,0,11,61,10,82,0,0,68,4,72,0,11,129,14,154,94,8,102,256
10/31/2001,MQY,TN,ASO,CE,Federal Contract Tower,0,4,45,4,53,0,0,86,0,86,0,4,131,4,139,140,0,140,279
11/01/2001,MQY,TN,ASO,CE,Federal Contract Tower,0,6,54,10,70,0,0,74,6,80,0,6,128,16,150,90,8,98,248
11/02/2001,MQY,TN,ASO,CE,Federal Contract Tower,0,2,24,3,29,0,0,95,0,95,0,2,119,3,124,136,0,136,260
11/03/2001,MQY,TN,ASO,CE,Federal Contract Tower,0,3,24,4,31,0,0,95,1,96,0,3,119,5,127,118,0,118,245
11/04/2001,MQY,TN,ASO,CE,Federal Contract Tower,0,2,35,7,44,0,0,104,8,112,0,2,139,15,156,82,0,82,238
11/05/2001,MQY,TN,ASO,CE,Federal Contract Tower,0,5,37,7,49,0,5,61,3,69,0,10,98,10,118,40,0,40,158
11/06/2001,MQY,TN,ASO,CE,Federal Contract Tower,0,5,43,8,56,0,0,90,19,109,0,5,133,27,165,112,16,128,293
11/07/2001,MQY,TN,ASO,CE,Federal Contract Tower,0,5,43,8,56,0,0,116,4,120,0,5,159,12,176,103,6,109,285
11/08/2001,MQY,TN,ASO,CE,Federal Contract Tower,1,6,46,9,62,0,1,78,22,101,1,7,124,31,163,98,12,110,273
11/09/2001,MQY,TN,ASO,CE,Federal Contract Tower,0,5,39,7,51,0,0,75,13,88,0,5,114,20,139,98,12,110,249
11/10/2001,MQY,TN,ASO,CE,Federal Contract Tower,1,4,34,4,43,0,3,94,0,97,1,7,128,4,140,76,0,76,216
11/11/2001,MQY,TN,ASO,CE,Federal Contract Tower,1,3,25,5,34,5,0,63,13,81,6,3,88,18,115,128,22,150,265
11/12/2001,MQY,TN,ASO,CE,Federal Contract Tower,1,3,40,1,45,0,0,87,0,87,1,3,127,1,132,74,0,74,206
11/13/2001,MQY,TN,ASO,CE,Federal Contract Tower,0,2,36,7,45,0,0,63,6,69,0,2,99,13,114,122,0,122,236
11/14/2001,MQY,TN,ASO,CE,Federal Contract Tower,0,3,39,7,49,0,0,70,7,77,0,3,109,14,126,176,10,186,312
11/15/2001,MQY,TN,ASO,CE,Federal Contract Tower,0,8,51,10,69,0,0,61,14,75,0,8,112,24,144,148,12,160,304
11/16/2001,MQY,TN,ASO,CE,Federal Contract Tower,0,6,51,8,65,2,0,70,9,81,2,6,121,17,146,194,0,194,340
11/17/2001,MQY,TN,ASO,CE,Federal Contract Tower,0,5,34,5,44,1,9,68,5,83,1,14,102,10,127,144,0,144,271
11/18/2001,MQY,TN,ASO,CE,Federal Contract Tower,0,4,26,4,34,0,5,60,3,68,0,9,86,7,102,122,0,122,224
11/19/2001,MQY,TN,ASO,CE,Federal Contract Tower,0,9,64,11,84,1,2,33,13,49,1,11,97,24,133,64,0,64,197
11/20/2001,MQY,TN,ASO,CE,Federal Contract Tower,0,4,31,4,39,0,0,78,26,104,0,4,109,30,143,78,0,78,221
11/21/2001,MQY,TN,ASO,CE,Federal Contract Tower,0,6,43,1,50,0,0,82,0,82,0,6,125,1,132,69,0,69,201
11/22/2001,MQY,TN,ASO,CE,Federal Contract Tower,0,2,10,0,12,0,1,30,0,31,0,3,40,0,43,36,0,36,79
11/23/2001,MQY,TN,ASO,CE,Federal Contract Tower,0,3,17,0,20,0,0,27,0,27,0,3,44,0,47,48,0,48,95
11/24/2001,MQY,TN,ASO,CE,Federal Contract Tower,0,1,7,0,8,0,1,3,0,4,0,2,10,0,12,0,0,0,12
11/25/2001,MQY,TN,ASO,CE,Federal Contract Tower,0,1,40,0,41,0,0,77,0,77,0,1,117,0,118,108,0,108,226
11/26/2001,MQY,TN,ASO,CE,Federal Contract Tower,0,7,52,10,69,0,1,66,39,106,0,8,118,49,175,114,4,118,293
11/27/2001,MQY,TN,ASO,CE,Federal Contract Tower,0,4,36,2,42,1,11,31,0,43,1,15,67,2,85,0,0,0,85
11/28/2001,MQY,TN,ASO,CE,Federal Contract Tower,0,3,27,2,32,0,5,41,0,46,0,8,68,2,78,28,0,28,106
11/29/2001,MQY,TN,ASO,CE,Federal Contract Tower,0,2,16,0,18,0,0,2,0,2,0,2,18,0,20,0,0,0,20
11/30/2001,MQY,TN,ASO,CE,Federal Contract Tower,0,5,49,0,54,2,0,61,0,63,2,5,110,0,117,56,0,56,173
12/01/2001,MQY,TN,ASO,CE,Federal Contract Tower,0,3,52,8,63,0,0,118,6,124,0,3,170,14,187,182,8,190,377
12/02/2001,MQY,TN,ASO,CE,Federal Contract Tower,0,2,41,7,50,0,0,108,0,108,0,2,149,7,158,114,8,122,280
12/03/2001,MQY,TN,ASO,CE,Federal Contract Tower,0,5,48,7,60,0,1,80,30,111,0,6,128,37,171,114,4,118,289
12/04/2001,MQY,TN,ASO,CE,Federal Contract Tower,0,2,32,5,39,0,0,92,0,92,0,2,124,5,131,108,0,108,239
12/05/2001,MQY,TN,ASO,CE,Federal Contract Tower,0,4,41,7,52,0,3,90,8,101,0,7,131,15,153,164,2,166,319
12/06/2001,MQY,TN,ASO,CE,Federal Contract Tower,0,5,37,6,48,0,1,51,20,72,0,6,88,26,120,82,20,102,222
12/07/2001,MQY,TN,ASO,CE,Federal Contract Tower,0,5,37,1,43,0,3,3,0,6,0,8,40,1,49,0,0,0,49
12/08/2001,MQY,TN,ASO,CE,Federal Contract Tower,0,3,32,4,39,0,0,2,0,2,0,3,34,4,41,0,0,0,41
12/09/2001,MQY,TN,ASO,CE,Federal Contract Tower,0,5,39,2,46,0,0,73,0,73,0,5,112,2,119,90,0,90,209
12/10/2001,MQY,TN,ASO,CE,Federal Contract Tower,0,7,52,4,63,0,0,28,0,28,0,7,80,4,91,4,0,4,95
12/11/2001,MQY,TN,ASO,CE,Federal Contract Tower,0,6,50,7,63,0,1,26,0,27,0,7,76,7,90,8,0,8,98
12/12/2001,MQY,TN,ASO,CE,Federal Contract Tower,0,2,50,8,60,0,0,22,13,35,0,2,72,21,95,52,0,52,147
12/13/2001,MQY,TN,ASO,CE,Federal Contract Tower,0,3,53,8,64,0,0,22,9,31,0,3,75,17,95,34,0,34,129
12/14/2001,MQY,TN,ASO,CE,Federal Contract Tower,0,2,34,5,41,0,0,28,3,31,0,2,62,8,72,64,0,64,136
12/15/2001,MQY,TN,ASO,CE,Federal Contract Tower,0,6,48,6,60,0,10,105,0,115,0,16,153,6,175,114,18,132,307
12/16/2001,MQY,TN,ASO,CE,Federal Contract Tower,0,2,13,0,15,0,10,31,0,41,0,12,44,0,56,48,0,48,104
12/17/2001,MQY,TN,ASO,CE,Federal Contract Tower,0,2,11,0,13,0,4,2,16,22,0,6,13,16,35,0,6,6,41
12/18/2001,MQY,TN,ASO,CE,Federal Contract Tower,0,5,67,9,81,0,0,62,13,75,0,5,129,22,156,124,16,140,296
12/19/2001,MQY,TN,ASO,CE,Federal Contract Tower,0,6,44,4,54,1,4,18,0,23,1,10,62,4,77,52,12,64,141
12/20/2001,MQY,TN,ASO,CE,Federal Contract Tower,0,6,47,6,59,0,16,70,7,93,0,22,117,13,152,108,0,108,260
12/21/2001,MQY,TN,ASO,CE,Federal Contract Tower,0,4,41,7,52,1,11,57,21,90,1,15,98,28,142,134,10,144,286
12/22/2001,MQY,TN,ASO,CE,Federal Contract Tower,0,2,20,0,22,0,1,64,0,65,0,3,84,0,87,36,0,36,123
12/23/2001,MQY,TN,ASO,CE,Federal Contract Tower,0,2,21,0,23,1,1,23,0,25,1,3,44,0,48,50,0,50,98
12/24/2001,MQY,TN,ASO,CE,Federal Contract Tower,0,0,7,0,7,1,2,33,0,36,1,2,40,0,43,30,0,30,73
12/25/2001,MQY,TN,ASO,CE,Federal Contract Tower,0,0,0,0,0,0,16,0,0,16,0,16,0,0,16,0,0,0,16
12/26/2001,MQY,TN,ASO,CE,Federal Contract Tower,0,2,19,0,21,0,4,23,0,27,0,6,42,0,48,24,0,24,72
12/27/2001,MQY,TN,ASO,CE,Federal Contract Tower,0,1,35,5,41,0,0,56,5,61,0,1,91,10,102,58,4,62,164
12/28/2001,MQY,TN,ASO,CE,Federal Contract Tower,0,3,30,1,34,1,0,79,0,80,1,3,109,1,114,148,0,148,262
12/29/2001,MQY,TN,ASO,CE,Federal Contract Tower,0,0,27,0,27,0,0,66,0,66,0,0,93,0,93,88,0,88,181
12/30/2001,MQY,TN,ASO,CE,Federal Contract Tower,0,1,14,2,17,0,0,87,10,97,0,1,101,12,114,110,12,122,236
12/31/2001,MQY,TN,ASO,CE,Federal Contract Tower,0,1,12,1,14,0,1,59,3,63,0,2,71,4,77,78,0,78,155
01/01/2002,MQY,TN,ASO,CE,Federal Contract Tower,0,1,9,0,10,0,0,65,0,65,0,1,74,0,75,46,0,46,121
01/02/2002,MQY,TN,ASO,CE,Federal Contract Tower,0,3,29,5,37,0,0,58,0,58,0,3,87,5,95,100,8,108,203
01/03/2002,MQY,TN,ASO,CE,Federal Contract Tower,0,2,33,2,37,0,0,72,0,72,0,2,105,2,109,84,14,98,207
01/04/2002,MQY,TN,ASO,CE,Federal Contract Tower,0,6,43,9,58,0,5,52,8,65,0,11,95,17,123,106,30,136,259
01/05/2002,MQY,TN,ASO,CE,Federal Contract Tower,0,2,38,7,47,0,0,86,2,88,0,2,124,9,135,152,16,168,303
01/06/2002,MQY,TN,ASO,CE,Federal Contract Tower,0,2,11,2,15,0,0,5,0,5,0,2,16,2,20,0,0,0,20
01/07/2002,MQY,TN,ASO,CE,Federal Contract Tower,0,6,35,8,49,0,9,17,16,42,0,15,52,24,91,26,0,26,117
01/08/2002,MQY,TN,ASO,CE,Federal Contract Tower,0,2,33,5,40,0,0,60,17,77,0,2,93,22,117,56,0,56,173
01/09/2002,MQY,TN,ASO,CE,Federal Contract Tower,0,2,42,8,52,0,0,61,1,62,0,2,103,9,114,124,0,124,238
01/10/2002,MQY,TN,ASO,CE,Federal Contract Tower,0,6,39,7,52,0,1,24,0,25,0,7,63,7,77,20,0,20,97
01/11/2002,MQY,TN,ASO,CE,Federal Contract Tower,0,6,40,6,52,0,23,44,12,79,0,29,84,18,131,84,0,84,215
01/12/2002,MQY,TN,ASO,CE,Federal Contract Tower,0,1,17,2,20,1,0,77,2,80,1,1,94,4,100,130,0,130,230
01/13/2002,MQY,TN,ASO,CE,Federal Contract Tower,0,2,39,7,48,0,0,70,15,85,0,2,109,22,133,98,0,98,231
01/14/2002,MQY,TN,ASO,CE,Federal Contract Tower,0,2,20,4,26,0,1,30,8,39,0,3,50,12,65,48,0,48,113
01/15/2002,MQY,TN,ASO,CE,Federal Contract Tower,0,1,36,7,44,0,0,52,21,73,0,1,88,28,117,80,8,88,205
01/16/2002,MQY,TN,ASO,CE,Federal Contract Tower,0,1,54,11,66,1,0,48,24,73,1,1,102,35,139,96,2,98,237
01/17/2002,MQY,TN,ASO,CE,Federal Contract Tower,0,1,47,3,51,0,0,52,0,52,0,1,99,3,103,88,0,88,191
01/18/2002,MQY,TN,ASO,CE,Federal Contract Tower,0,6,49,9,64,0,3,26,31,60,0,9,75,40,124,90,18,108,232
01/19/2002,MQY,TN,ASO,CE,Federal Contract Tower,0,1,5,0,6,0,7,0,0,7,0,8,5,0,13,0,0,0,13
01/20/2002,MQY,TN,ASO,CE,Federal Contract Tower,0,2,22,4,28,0,10,80,18,108,0,12,102,22,136,128,12,140,276
01/21/2002,MQY,TN,ASO,CE,Federal Contract Tower,0,1,43,6,50,0,0,76,0,76,0,1,119,6,126,72,0,72,198
01/22/2002,MQY,TN,ASO,CE,Federal Contract Tower,0,4,50,10,64,0,0,66,7,73,0,4,116,17,137,112,0,112,249
01/23/2002,MQY,TN,ASO,CE,Federal Contract Tower,0,3,26,4,33,2,8,3,0,13,2,11,29,4,46,0,0,0,46
01/24/2002,MQY,TN,ASO,CE,Federal Contract Tower,0,4,31,0,35,1,9,0,0,10,1,13,31,0,45,0,0,0,45
01/25/2002,MQY,TN,ASO,CE,Federal Contract Tower,0,3,49,9,61,0,0,67,29,96,0,3,116,38,157,108,6,114,271
01/26/2002,MQY,TN,ASO,CE,Federal Contract Tower,0,0,22,0,22,0,0,124,0,124,0,0,146,0,146,172,0,172,318
01/27/2002,MQY,TN,ASO,CE,Federal Contract Tower,0,3,50,4,57,0,0,79,0,79,0,3,129,4,136,162,0,162,298
01/28/2002,MQY,TN,ASO,CE,Federal Contract Tower,0,3,37,8,48,0,0,72,3,75,0,3,109,11,123,58,0,58,181
01/29/2002,MQY,TN,ASO,CE,Federal Contract Tower,0,3,32,6,41,0,0,49,4,53,0,3,81,10,94,75,0,75,169
01/30/2002,MQY,TN,ASO,CE,Federal Contract Tower,0,3,37,7,47,0,0,45,8,53,0,3,82,15,100,70,0,70,170
01/31/2002,MQY,TN,ASO,CE,Federal Contract Tower,0,5,39,7,51,0,22,14,8,44,0,27,53,15,95,62,26,88,183
02/01/2002,MQY,TN,ASO,CE,Federal Contract Tower,0,5,30,4,39,0,25,47,8,80,0,30,77,12,119,118,10,128,247
02/02/2002,MQY,TN,ASO,CE,Federal Contract Tower,0,1,23,3,27,0,0,104,5,109,0,1,127,8,136,128,10,138,274
02/03/2002,MQY,TN,ASO,CE,Federal Contract Tower,0,2,16,3,21,0,3,13,2,18,0,5,29,5,39,10,0,10,49
02/04/2002,MQY,TN,ASO,CE,Federal Contract Tower,0,7,35,6,48,0,0,77,1,78,0,7,112,7,126,72,2,74,200
02/05/2002,MQY,TN,ASO,CE,Federal Contract Tower,0,10,55,10,75,0,0,64,20,84,0,10,119,30,159,164,8,172,331
02/06/2002,MQY,TN,ASO,CE,Federal Contract Tower,0,2,8,2,12,1,1,2,3,7,1,3,10,5,19,0,0,0,19
02/07/2002,MQY,TN,ASO,CE,Federal Contract Tower,0,2,23,4,29,0,0,16,0,16,0,2,39,4,45,18,0,18,63
02/08/2002,MQY,TN,ASO,CE,Federal Contract Tower,0,3,47,8,58,0,0,71,15,86,0,3,118,23,144,114,10,124,268
02/09/2002,MQY,TN,ASO,CE,Federal Contract Tower,0,2,24,2,28,0,0,84,0,84,0,2,108,2,112,112,0,112,224
02/10/2002,MQY,TN,ASO,CE,Federal Contract Tower,0,4,42,5,51,0,0,39,0,39,0,4,81,5,90,28,0,28,118
02/11/2002,MQY,TN,ASO,CE,Federal Contract Tower,0,3,38,7,48,0,0,65,12,77,0,3,103,19,125,64,2,66,191
02/12/2002,MQY,TN,ASO,CE,Federal Contract Tower,0,7,32,6,45,0,2,69,27,98,0,9,101,33,143,88,0,88,231
02/13/2002,MQY,TN,ASO,CE,Federal Contract Tower,0,6,53,9,68,0,0,53,19,72,0,6,106,28,140,114,22,136,276
02/14/2002,MQY,TN,ASO,CE,Federal Contract Tower,0,6,55,10,71,0,0,78,13,91,0,6,133,23,162,142,4,146,308
02/15/2002,MQY,TN,ASO,CE,Federal Contract Tower,0,9,41,7,57,0,0,41,15,56,0,9,82,22,113,70,4,74,187
02/16/2002,MQY,TN,ASO,CE,Federal Contract Tower,0,15,70,10,95,0,53,45,0,98,0,68,115,10,193,86,0,86,279
02/17/2002,MQY,TN,ASO,CE,Federal Contract Tower,0,7,29,4,40,0,7,110,0,117,0,14,139,4,157,110,0,110,267
02/18/2002,MQY,TN,ASO,CE,Federal Contract Tower,0,4,16,0,20,0,1,73,0,74,0,5,89,0,94,66,0,66,160
02/19/2002,MQY,TN,ASO,CE,Federal Contract Tower,0,3,36,5,44,0,0,39,12,51,0,3,75,17,95,68,6,74,169
02/20/2002,MQY,TN,ASO,CE,Federal Contract Tower,0,6,28,4,38,1,3,35,5,44,1,9,63,9,82,2,0,2,84
02/21/2002,MQY,TN,ASO,CE,Federal Contract Tower,0,7,50,7,64,0,0,79,0,79,0,7,129,7,143,106,0,106,249
02/22/2002,MQY,TN,ASO,CE,Federal Contract Tower,0,7,38,6,51,0,4,56,2,62,0,11,94,8,113,110,0,110,223
02/23/2002,MQY,TN,ASO,CE,Federal Contract Tower,0,5,37,0,42,0,0,147,0,147,0,5,184,0,189,200,0,200,389
02/24/2002,MQY,TN,ASO,CE,Federal Contract Tower,0,4,22,1,27,0,2,101,0,103,0,6,123,1,130,142,0,142,272
02/25/2002,MQY,TN,ASO,CE,Federal Contract Tower,0,6,50,8,64,0,0,80,3,83,0,6,130,11,147,62,0,62,209
02/26/2002,MQY,TN,ASO,CE,Federal Contract Tower,0,4,22,3,29,0,0,35,12,47,0,4,57,15,76,14,16,30,106
02/27/2002,MQY,TN,ASO,CE,Federal Contract Tower,0,8,39,6,53,0,0,17,3,20,0,8,56,9,73,70,6,76,149
02/28/2002,MQY,TN,ASO,CE,Federal Contract Tower,0,5,42,6,53,0,0,68,12,80,0,5,110,18,133,149,50,199,332
03/01/2002,MQY,TN,ASO,CE,Federal Contract Tower,0,7,62,9,78,0,2,34,47,83,0,9,96,56,161,71,42,113,274
03/02/2002,MQY,TN,ASO,CE,Federal Contract Tower,0,1,15,2,18,0,0,10,0,10,0,1,25,2,28,10,0,10,38
03/03/2002,MQY,TN,ASO,CE,Federal Contract Tower,0,3,32,4,39,0,2,27,0,29,0,5,59,4,68,18,0,18,86
03/04/2002,MQY,TN,ASO,CE,Federal Contract Tower,0,4,35,5,44,0,0,68,6,74,0,4,103,11,118,110,6,116,234
03/05/2002,MQY,TN,ASO,CE,Federal Contract Tower,0,4,36,5,45,0,3,99,17,119,0,7,135,22,164,124,34,158,322
03/06/2002,MQY,TN,ASO,CE,Federal Contract Tower,0,4,54,8,66,0,0,74,21,95,0,4,128,29,161,88,4,92,253
03/07/2002,MQY,TN,ASO,CE,Federal Contract Tower,0,8,68,4,80,0,0,71,0,71,0,8,139,4,151,86,0,86,237
03/08/2002,MQY,TN,ASO,CE,Federal Contract Tower,0,8,64,10,82,6,5,54,3,68,6,13,118,13,150,76,2,78,228
03/09/2002,MQY,TN,ASO,CE,Federal Contract Tower,0,0,10,0,10,0,0,24,0,24,0,0,34,0,34,26,0,26,60
03/10/2002,MQY,TN,ASO,CE,Federal Contract Tower,0,6,46,5,57,3,3,138,0,144,3,9,184,5,201,132,0,132,333
03/11/2002,MQY,TN,ASO,CE,Federal Contract Tower,0,3,71,10,84,0,0,82,7,89,0,3,153,17,173,120,0,120,293
03/12/2002,MQY,TN,ASO,CE,Federal Contract Tower,0,2,40,6,48,0,0,11,11,22,0,2,51,17,70,0,0,0,70
03/13/2002,MQY,TN,ASO,CE,Federal Contract Tower,0,7,54,8,69,1,4,31,15,51,1,11,85,23,120,66,26,92,212
03/14/2002,MQY,TN,ASO,CE,Federal Contract Tower,0,5,63,9,77,0,0,84,7,91,0,5,147,16,168,98,2,100,268
03/15/2002,MQY,TN,ASO,CE,Federal Contract Tower,0,4,60,9,73,0,0,22,20,42,0,4,82,29,115,74,18,92,207
03/16/2002,MQY,TN,ASO,CE,Federal Contract Tower,0,0,28,4,32,0,0,2,4,6,0,0,30,8,38,0,0,0,38
03/17/2002,MQY,TN,ASO,CE,Federal Contract Tower,0,3,33,5,41,0,0,24,0,24,0,3,57,5,65,0,0,0,65
03/18/2002,MQY,TN,ASO,CE,Federal Contract Tower,0,5,45,0,50,0,0,23,0,23,0,5,68,0,73,0,0,0,73
03/19/2002,MQY,TN,ASO,CE,Federal Contract Tower,0,1,43,6,50,0,0,47,3,50,0,1,90,9,100,12,6,18,118
03/20/2002,MQY,TN,ASO,CE,Federal Contract Tower,0,5,50,2,57,0,1,34,0,35,0,6,84,2,92,0,0,0,92
03/21/2002,MQY,TN,ASO,CE,Federal Contract Tower,0,7,69,10,86,0,3,59,1,63,0,10,128,11,149,20,0,20,169
03/22/2002,MQY,TN,ASO,CE,Federal Contract Tower,0,3,34,5,42,0,1,104,9,114,0,4,138,14,156,152,8,160,316
03/23/2002,MQY,TN,ASO,CE,Federal Contract Tower,0,2,21,0,23,0,14,101,0,115,0,16,122,0,138,128,0,128,266
03/24/2002,MQY,TN,ASO,CE,Federal Contract Tower,0,2,24,0,26,0,6,71,0,77,0,8,95,0,103,54,0,54,157
03/25/2002,MQY,TN,ASO,CE,Federal Contract Tower,0,2,27,4,33,0,2,65,7,74,0,4,92,11,107,104,0,104,211
03/26/2002,MQY,TN,ASO,CE,Federal Contract Tower,0,4,36,4,44,0,3,22,0,25,0,7,58,4,69,0,1,1,70
03/27/2002,MQY,TN,ASO,CE,Federal Contract Tower,0,5,46,6,57,0,1,69,17,87,0,6,115,23,144,112,0,112,256
03/28/2002,MQY,TN,ASO,CE,Federal Contract Tower,0,3,35,6,44,0,3,82,5,90,0,6,117,11,134,128,1,129,263
03/29/2002,MQY,TN,ASO,CE,Federal Contract Tower,0,3,28,4,35,0,0,39,1,40,0,3,67,5,75,44,0,44,119
03/30/2002,MQY,TN,ASO,CE,Federal Contract Tower,0,1,21,0,22,0,0,49,0,49,0,1,70,0,71,164,0,164,235
03/31/2002,MQY,TN,ASO,CE,Federal Contract Tower,0,1,16,0,17,0,2,0,0,2,0,3,16,0,19,0,0,0,19
04/01/2002,MQY,TN,ASO,CE,Federal Contract Tower,0,4,44,6,54,0,1,112,0,113,0,5,156,6,167,168,0,168,335
04/02/2002,MQY,TN,ASO,CE,Federal Contract Tower,0,4,66,9,79,0,0,82,17,99,0,4,148,26,178,136,10,146,324
04/03/2002,MQY,TN,ASO,CE,Federal Contract Tower,0,7,50,7,64,0,3,64,0,67,0,10,114,7,131,100,0,100,231
04/04/2002,MQY,TN,ASO,CE,Federal Contract Tower,0,5,62,9,76,0,0,72,0,72,0,5,134,9,148,64,2,66,214
04/05/2002,MQY,TN,ASO,CE,Federal Contract Tower,0,7,65,11,83,0,8,93,19,120,0,15,158,30,203,116,4,120,323
04/06/2002,MQY,TN,ASO,CE,Federal Contract Tower,0,0,17,3,20,0,0,79,23,102,0,0,96,26,122,92,0,92,214
04/07/2002,MQY,TN,ASO,CE,Federal Contract Tower,0,4,35,6,45,0,2,54,9,65,0,6,89,15,110,78,4,82,192
04/08/2002,MQY,TN,ASO,CE,Federal Contract Tower,0,2,24,0,26,0,4,41,0,45,0,6,65,0,71,8,0,8,79
04/09/2002,MQY,TN,ASO,CE,Federal Contract Tower,0,7,65,11,83,0,7,60,15,82,0,14,125,26,165,42,32,74,239
04/10/2002,MQY,TN,ASO,CE,Federal Contract Tower,1,5,53,7,66,9,0,75,0,84,10,5,128,7,150,124,0,124,274
04/11/2002,MQY,TN,ASO,CE,Federal Contract Tower,1,6,59,10,76,4,0,60,10,74,5,6,119,20,150,134,0,134,284
04/12/2002,MQY,TN,ASO,CE,Federal Contract Tower,0,5,46,8,59,0,9,71,16,96,0,14,117,24,155,18,24,42,197
04/13/2002,MQY,TN,ASO,CE,Federal Contract Tower,1,1,40,7,49,1,0,67,5,73,2,1,107,12,122,90,0,90,212
04/14/2002,MQY,TN,ASO,CE,Federal Contract Tower,0,2,67,5,74,0,0,64,0,64,0,2,131,5,138,80,0,80,218
04/15/2002,MQY,TN,ASO,CE,Federal Contract Tower,0,8,80,13,101,0,0,86,21,107,0,8,166,34,208,84,12,96,304
04/16/2002,MQY,TN,ASO,CE,Federal Contract Tower,0,4,43,6,53,0,0,89,1,90,0,4,132,7,143,80,0,80,223
04/17/2002,MQY,TN,ASO,CE,Federal Contract Tower,1,7,64,9,81,0,14,60,2,76,1,21,124,11,157,62,0,62,219
04/18/2002,MQY,TN,ASO,CE,Federal Contract Tower,0,6,65,10,81,0,0,104,22,126,0,6,169,32,207,124,4,128,335
04/19/2002,MQY,TN,ASO,CE,Federal Contract Tower,0,6,49,7,62,0,1,70,11,82,0,7,119,18,144,120,0,120,264
04/20/2002,MQY,TN,ASO,CE,Federal Contract Tower,0,1,25,2,28,0,0,65,0,65,0,1,90,2,93,72,0,72,165
04/21/2002,MQY,TN,ASO,CE,Federal Contract Tower,0,5,47,2,54,0,8,31,0,39,0,13,78,2,93,30,0,30,123
04/22/2002,MQY,TN,ASO,CE,Federal Contract Tower,0,1,53,8,62,1,0,66,13,80,1,1,119,21,142,98,0,98,240
04/23/2002,MQY,TN,ASO,CE,Federal Contract Tower,0,3,59,9,71,1,0,68,42,111,1,3,127,51,182,106,0,106,288
04/24/2002,MQY,TN,ASO,CE,Federal Contract Tower,0,3,33,2,38,8,4,13,0,25,8,7,46,2,63,20,0,20,83
04/25/2002,MQY,TN,ASO,CE,Federal Contract Tower,0,4,44,7,55,0,0,76,3,79,0,4,120,10,134,72,0,72,206
04/26/2002,MQY,TN,ASO,CE,Federal Contract Tower,0,3,55,9,67,1,0,69,32,102,1,3,124,41,169,216,18,234,403
04/27/2002,MQY,TN,ASO,CE,Federal Contract Tower,0,2,24,0,26,0,1,46,0,47,0,3,70,0,73,42,0,42,115
04/28/2002,MQY,TN,ASO,CE,Federal Contract Tower,0,1,13,1,15,0,2,50,0,52,0,3,63,1,67,16,0,16,83
04/29/2002,MQY,TN,ASO,CE,Federal Contract Tower,0,7,79,12,98,0,0,63,12,75,0,7,142,24,173,70,0,70,243
04/30/2002,MQY,TN,ASO,CE,Federal Contract Tower,0,3,36,6,45,0,6,77,0,83,0,9,113,6,128,112,0,112,240
05/01/2002,MQY,TN,ASO,CE,Federal Contract Tower,0,0,0,0,0,1,4,70,2,77,1,4,70,2,77,10,0,10,87
05/02/2002,MQY,TN,ASO,CE,Federal Contract Tower,0,5,28,2,35,0,1,0,0,1,0,6,28,2,36,18,0,18,54
05/03/2002,MQY,TN,ASO,CE,Federal Contract Tower,0,6,46,1,53,0,4,41,0,45,0,10,87,1,98,18,0,18,116
05/04/2002,MQY,TN,ASO,CE,Federal Contract Tower,0,8,94,11,113,0,0,13,2,15,0,8,107,13,128,10,0,10,138
05/05/2002,MQY,TN,ASO,CE,Federal Contract Tower,0,4,28,4,36,0,7,95,2,104,0,11,123,6,140,110,0,110,250
05/06/2002,MQY,TN,ASO,CE,Federal Contract Tower,0,5,40,2,47,0,0,82,0,82,0,5,122,2,129,72,0,72,201
05/07/2002,MQY,TN,ASO,CE,Federal Contract Tower,0,5,38,5,48,0,0,76,12,88,0,5,114,17,136,90,0,90,226
05/08/2002,MQY,TN,ASO,CE,Federal Contract Tower,0,5,40,5,50,0,5,51,1,57,0,10,91,6,107,126,0,126,233
05/09/2002,MQY,TN,ASO,CE,Federal Contract Tower,0,3,29,0,32,0,3,55,0,58,0,6,84,0,90,66,0,66,156
05/10/2002,MQY,TN,ASO,CE,Federal Contract Tower,0,3,18,2,23,0,1,23,6,30,0,4,41,8,53,108,8,116,169
05/11/2002,MQY,TN,ASO,CE,Federal Contract Tower,0,2,20,0,22,0,0,98,0,98,0,2,118,0,120,134,0,134,254
05/12/2002,MQY,TN,ASO,CE,Federal Contract Tower,0,3,29,4,36,0,3,53,7,63,0,6,82,11,99,90,0,90,189
05/13/2002,MQY,TN,ASO,CE,Federal Contract Tower,0,3,28,3,34,1,0,19,3,23,1,3,47,6,57,2,4,6,63
05/14/2002,MQY,TN,ASO,CE,Federal Contract Tower,0,2,23,2,27,0,0,95,17,112,0,2,118,19,139,118,0,118,257
05/15/2002,MQY,TN,ASO,CE,Federal Contract Tower,0,6,49,5,60,0,0,54,15,69,0,6,103,20,129,158,0,158,287
05/16/2002,MQY,TN,ASO,CE,Federal Contract Tower,0,6,44,4,54,1,3,44,12,60,1,9,88,16,114,66,0,66,180
05/17/2002,MQY,TN,ASO,CE,Federal Contract Tower,0,6,42,4,52,0,1,13,9,23,0,7,55,13,75,20,0,20,95
05/18/2002,MQY,TN,ASO,CE,Federal Contract Tower,0,2,30,2,34,1,0,46,0,47,1,2,76,2,81,62,0,62,143
05/19/2002,MQY,TN,ASO,CE,Federal Contract Tower,0,3,27,2,32,0,0,92,2,94,0,3,119,4,126,168,4,172,298
05/20/2002,MQY,TN,ASO,CE,Federal Contract Tower,0,4,52,5,61,1,0,89,1,91,1,4,141,6,152,126,10,136,288
05/21/2002,MQY,TN,ASO,CE,Federal Contract Tower,0,6,44,4,54,0,18,93,0,111,0,24,137,4,165,88,2,90,255
05/22/2002,MQY,TN,ASO,CE,Federal Contract Tower,0,9,67,6,82,0,18,70,5,93,0,27,137,11,175,184,16,200,375
05/23/2002,MQY,TN,ASO,CE,Federal Contract Tower,0,3,35,3,41,0,0,67,1,68,0,3,102,4,109,86,0,86,195
05/24/2002,MQY,TN,ASO,CE,Federal Contract Tower,0,6,48,5,59,3,9,80,8,100,3,15,128,13,159,158,30,188,347
05/25/2002,MQY,TN,ASO,CE,Federal Contract Tower,0,0,33,0,33,42,0,67,0,109,42,0,100,0,142,122,0,122,264
05/26/2002,MQY,TN,ASO,CE,Federal Contract Tower,0,3,22,2,27,0,0,48,2,50,0,3,70,4,77,84,0,84,161
05/27/2002,MQY,TN,ASO,CE,Federal Contract Tower,0,1,28,0,29,0,0,80,0,80,0,1,108,0,109,116,0,116,225
05/28/2002,MQY,TN,ASO,CE,Federal Contract Tower,0,3,32,3,38,0,0,77,10,87,0,3,109,13,125,86,8,94,219
05/29/2002,MQY,TN,ASO,CE,Federal Contract Tower,0,3,23,2,28,0,0,90,3,93,0,3,113,5,121,108,0,108,229
05/30/2002,MQY,TN,ASO,CE,Federal Contract Tower,0,7,55,5,67,0,3,23,35,61,0,10,78,40,128,86,14,100,228
05/31/2002,MQY,TN,ASO,CE,Federal Contract Tower,0,1,53,5,59,0,0,72,8,80,0,1,125,13,139,130,4,134,273
06/01/2002,MQY,TN,ASO,CE,Federal Contract Tower,0,1,19,3,23,0,3,88,3,94,0,4,107,6,117,140,0,140,257
06/02/2002,MQY,TN,ASO,CE,Federal Contract Tower,0,2,34,0,36,0,0,61,0,61,0,2,95,0,97,120,0,120,217
06/03/2002,MQY,TN,ASO,CE,Federal Contract Tower,0,2,32,5,39,0,4,75,16,95,0,6,107,21,134,112,2,114,248
06/04/2002,MQY,TN,ASO,CE,Federal Contract Tower,0,2,36,7,45,0,4,60,14,78,0,6,96,21,123,140,2,142,265
06/05/2002,MQY,TN,ASO,CE,Federal Contract Tower,0,3,48,9,60,0,0,43,14,57,0,3,91,23,117,88,10,98,215
06/06/2002,MQY,TN,ASO,CE,Federal Contract Tower,1,1,49,7,58,0,0,31,0,31,1,1,80,7,89,16,2,18,107
06/07/2002,MQY,TN,ASO,CE,Federal Contract Tower,0,1,60,10,71,0,0,69,13,82,0,1,129,23,153,72,4,76,229
06/08/2002,MQY,TN,ASO,CE,Federal Contract Tower,0,1,56,10,67,1,0,76,6,83,1,1,132,16,150,132,0,132,282
06/09/2002,MQY,TN,ASO,CE,Federal Contract Tower,0,2,19,2,23,0,0,84,0,84,0,2,103,2,107,94,0,94,201
06/10/2002,MQY,TN,ASO,CE,Federal Contract Tower,0,4,61,11,76,0,0,91,19,110,0,4,152,30,186,134,0,134,320
06/11/2002,MQY,TN,ASO,CE,Federal Contract Tower,0,2,30,5,37,0,0,81,2,83,0,2,111,7,120,178,15,193,313
06/12/2002,MQY,TN,ASO,CE,Federal Contract Tower,0,2,35,6,43,0,0,65,20,85,0,2,100,26,128,134,26,160,288
06/13/2002,MQY,TN,ASO,CE,Federal Contract Tower,0,3,36,6,45,2,1,25,14,42,2,4,61,20,87,52,10,62,149
06/14/2002,MQY,TN,ASO,CE,Federal Contract Tower,0,3,28,2,33,0,9,50,0,59,0,12,78,2,92,128,0,128,220
06/15/2002,MQY,TN,ASO,CE,Federal Contract Tower,0,0,17,0,17,0,0,109,0,109,0,0,126,0,126,134,0,134,260
06/16/2002,MQY,TN,ASO,CE,Federal Contract Tower,0,2,19,1,22,0,0,69,0,69,0,2,88,1,91,116,0,116,207
06/17/2002,MQY,TN,ASO,CE,Federal Contract Tower,0,3,31,5,39,1,1,93,1,96,1,4,124,6,135,76,20,96,231
06/18/2002,MQY,TN,ASO,CE,Federal Contract Tower,0,2,36,6,44,0,0,82,7,89,0,2,118,13,133,171,6,177,310
06/19/2002,MQY,TN,ASO,CE,Federal Contract Tower,0,4,42,7,53,0,2,63,5,70,0,6,105,12,123,120,0,120,243
06/20/2002,MQY,TN,ASO,CE,Federal Contract Tower,0,3,37,5,45,0,8,53,16,77,0,11,90,21,122,154,4,158,280
06/21/2002,MQY,TN,ASO,CE,Federal Contract Tower,0,4,52,8,64,1,1,68,16,86,1,5,120,24,150,106,2,108,258
06/22/2002,MQY,TN,ASO,CE,Federal Contract Tower,0,2,33,5,40,0,0,113,0,113,0,2,146,5,153,118,0,118,271
06/23/2002,MQY,TN,ASO,CE,Federal Contract Tower,0,2,37,3,42,0,4,69,0,73,0,6,106,3,115,112,0,112,227
06/24/2002,MQY,TN,ASO,CE,Federal Contract Tower,0,4,61,10,75,0,3,64,6,73,0,7,125,16,148,118,18,136,284
06/25/2002,MQY,TN,ASO,CE,Federal Contract Tower,0,3,53,9,65,0,1,63,16,80,0,4,116,25,145,88,6,94,239
06/26/2002,MQY,TN,ASO,CE,Federal Contract Tower,0,4,61,10,75,0,1,66,29,96,0,5,127,39,171,110,24,134,305
06/27/2002,MQY,TN,ASO,CE,Federal Contract Tower,0,4,62,11,77,0,0,39,12,51,0,4,101,23,128,62,2,64,192
06/28/2002,MQY,TN,ASO,CE,Federal Contract Tower,0,1,82,12,95,0,0,57,0,57,0,1,139,12,152,78,0,78,230
06/29/2002,MQY,TN,ASO,CE,Federal Contract Tower,0,0,49,4,53,0,0,57,0,57,0,0,106,4,110,152,0,152,262
06/30/2002,MQY,TN,ASO,CE,Federal Contract Tower,0,2,34,0,36,0,3,78,0,81,0,5,112,0,117,106,0,106,223
07/01/2002,MQY,TN,ASO,CE,Federal Contract Tower,0,2,37,7,46,0,0,101,20,121,0,2,138,27,167,108,40,148,315
07/02/2002,MQY,TN,ASO,CE,Federal Contract Tower,0,1,39,7,47,0,0,69,4,73,0,1,108,11,120,64,0,64,184
07/03/2002,MQY,TN,ASO,CE,Federal Contract Tower,0,4,28,5,37,2,0,75,7,84,2,4,103,12,121,74,0,74,195
07/04/2002,MQY,TN,ASO,CE,Federal Contract Tower,0,2,15,0,17,0,0,41,0,41,0,2,56,0,58,40,0,40,98
07/05/2002,MQY,TN,ASO,CE,Federal Contract Tower,0,1,14,0,15,0,0,60,0,60,0,1,74,0,75,60,0,60,135
07/06/2002,MQY,TN,ASO,CE,Federal Contract Tower,0,3,24,0,27,0,13,63,0,76,0,16,87,0,103,108,0,108,211
07/07/2002,MQY,TN,ASO,CE,Federal Contract Tower,0,4,30,0,34,0,7,72,0,79,0,11,102,0,113,38,0,38,151
07/08/2002,MQY,TN,ASO,CE,Federal Contract Tower,0,4,44,9,57,0,0,80,1,81,0,4,124,10,138,76,4,80,218
07/09/2002,MQY,TN,ASO,CE,Federal Contract Tower,0,3,29,2,34,1,0,83,0,84,1,3,112,2,118,72,0,72,190
07/10/2002,MQY,TN,ASO,CE,Federal Contract Tower,0,4,34,6,44,1,1,71,7,80,1,5,105,13,124,42,0,42,166
07/11/2002,MQY,TN,ASO,CE,Federal Contract Tower,0,3,34,6,43,0,0,38,18,56,0,3,72,24,99,14,0,14,113
07/12/2002,MQY,TN,ASO,CE,Federal Contract Tower,0,1,33,6,40,0,0,44,4,48,0,1,77,10,88,21,0,21,109
07/13/2002,MQY,TN,ASO,CE,Federal Contract Tower,0,0,23,4,27,0,0,28,8,36,0,0,51,12,63,36,0,36,99
07/14/2002,MQY,TN,ASO,CE,Federal Contract Tower,0,2,16,3,21,0,4,79,2,85,0,6,95,5,106,68,0,68,174
07/15/2002,MQY,TN,ASO,CE,Federal Contract Tower,0,5,39,6,50,0,3,70,25,98,0,8,109,31,148,136,30,166,314
07/16/2002,MQY,TN,ASO,CE,Federal Contract Tower,0,3,66,12,81,0,0,61,43,104,0,3,127,55,185,120,16,136,321
07/17/2002,MQY,TN,ASO,CE,Federal Contract Tower,0,1,28,5,34,0,0,75,0,75,0,1,103,5,109,190,0,190,299
07/18/2002,MQY,TN,ASO,CE,Federal Contract Tower,0,3,32,6,41,0,0,45,8,53,0,3,77,14,94,102,6,108,202
07/19/2002,MQY,TN,ASO,CE,Federal Contract Tower,0,5,49,9,63,0,0,40,17,57,0,5,89,26,120,138,22,160,280
07/20/2002,MQY,TN,ASO,CE,Federal Contract Tower,0,0,38,2,40,0,0,89,0,89,0,0,127,2,129,200,0,200,329
07/21/2002,MQY,TN,ASO,CE,Federal Contract Tower,0,1,22,0,23,0,0,106,0,106,0,1,128,0,129,116,0,116,245
07/22/2002,MQY,TN,ASO,CE,Federal Contract Tower,0,4,39,7,50,0,6,76,5,87,0,10,115,12,137,60,14,74,211
07/23/2002,MQY,TN,ASO,CE,Federal Contract Tower,0,3,55,10,68,0,0,59,20,79,0,3,114,30,147,68,0,68,215
07/24/2002,MQY,TN,ASO,CE,Federal Contract Tower,0,5,50,9,64,0,14,89,16,119,0,19,139,25,183,198,0,198,381
07/25/2002,MQY,TN,ASO,CE,Federal Contract Tower,0,2,49,6,57,0,0,82,0,82,0,2,131,6,139,170,0,170,309
07/26/2002,MQY,TN,ASO,CE,Federal Contract Tower,0,5,53,10,68,0,8,47,0,55,0,13,100,10,123,70,0,70,193
07/27/2002,MQY,TN,ASO,CE,Federal Contract Tower,0,0,30,5,35,0,0,86,6,92,0,0,116,11,127,206,2,208,335
07/28/2002,MQY,TN,ASO,CE,Federal Contract Tower,0,1,15,3,19,0,2,78,1,81,0,3,93,4,100,108,0,108,208
07/29/2002,MQY,TN,ASO,CE,Federal Contract Tower,0,3,34,4,41,0,2,86,0,88,0,5,120,4,129,52,0,52,181
07/30/2002,MQY,TN,ASO,CE,Federal Contract Tower,0,0,0,0,0,0,4,107,19,130,0,4,107,19,130,84,28,112,242
07/31/2002,MQY,TN,ASO,CE,Federal Contract Tower,0,3,41,7,51,0,0,87,2,89,0,3,128,9,140,132,0,132,272
08/01/2002,MQY,TN,ASO,CE,Federal Contract Tower,0,7,41,4,52,0,16,84,7,107,0,23,125,11,159,198,0,198,357
08/02/2002,MQY,TN,ASO,CE,Federal Contract Tower,0,5,43,4,52,0,0,118,10,128,0,5,161,14,180,138,0,138,318
08/03/2002,MQY,TN,ASO,CE,Federal Contract Tower,0,2,18,1,21,0,0,112,7,119,0,2,130,8,140,76,0,76,216
08/04/2002,MQY,TN,ASO,CE,Federal Contract Tower,0,3,34,3,40,0,0,80,15,95,0,3,114,18,135,66,12,78,213
08/05/2002,MQY,TN,ASO,CE,Federal Contract Tower,0,2,26,2,30,0,0,76,10,86,0,2,102,12,116,82,0,82,198
08/06/2002,MQY,TN,ASO,CE,Federal Contract Tower,0,2,27,3,32,2,0,80,19,101,2,2,107,22,133,76,0,76,209
08/07/2002,MQY,TN,ASO,CE,Federal Contract Tower,0,5,43,5,53,2,0,124,2,128,2,5,167,7,181,156,0,156,337
08/08/2002,MQY,TN,ASO,CE,Federal Contract Tower,0,3,26,3,32,1,0,95,2,98,1,3,121,5,130,154,0,154,284
08/09/2002,MQY,TN,ASO,CE,Federal Contract Tower,0,6,33,3,42,0,0,88,0,88,0,6,121,3,130,116,0,116,246
08/10/2002,MQY,TN,ASO,CE,Federal Contract Tower,0,1,26,0,27,0,0,75,0,75,0,1,101,0,102,58,0,58,160
08/11/2002,MQY,TN,ASO,CE,Federal Contract Tower,0,4,21,0,25,0,2,80,0,82,0,6,101,0,107,88,0,88,195
08/12/2002,MQY,TN,ASO,CE,Federal Contract Tower,0,5,22,3,30,0,2,98,6,106,0,7,120,9,136,136,0,136,272
08/13/2002,MQY,TN,ASO,CE,Federal Contract Tower,0,6,30,4,40,0,4,66,12,82,0,10,96,16,122,96,10,106,228
08/14/2002,MQY,TN,ASO,CE,Federal Contract Tower,0,3,18,2,23,0,0,84,5,89,0,3,102,7,112,98,0,98,210
08/15/2002,MQY,TN,ASO,CE,Federal Contract Tower,0,8,40,5,53,0,0,71,4,75,0,8,111,9,128,62,0,62,190
08/16/2002,MQY,TN,ASO,CE,Federal Contract Tower,0,4,35,4,43,0,0,39,9,48,0,4,74,13,91,38,0,38,129
08/17/2002,MQY,TN,ASO,CE,Federal Contract Tower,0,0,14,2,16,0,0,55,2,57,0,0,69,4,73,20,0,20,93
08/18/2002,MQY,TN,ASO,CE,Federal Contract Tower,0,3,19,3,25,0,9,43,3,55,0,12,62,6,80,84,8,92,172
08/19/2002,MQY,TN,ASO,CE,Federal Contract Tower,0,5,23,3,31,0,0,76,16,92,0,5,99,19,123,110,24,134,257
08/20/2002,MQY,TN,ASO,CE,Federal Contract Tower,0,2,42,5,49,0,0,77,10,87,0,2,119,15,136,106,8,114,250
08/21/2002,MQY,TN,ASO,CE,Federal Contract Tower,0,6,32,3,41,0,1,105,5,111,0,7,137,8,152,202,0,202,354
08/22/2002,MQY,TN,ASO,CE,Federal Contract Tower,0,8,37,3,48,0,0,76,5,81,0,8,113,8,129,78,0,78,207
08/23/2002,MQY,TN,ASO,CE,Federal Contract Tower,0,5,36,3,44,0,0,69,11,80,0,5,105,14,124,70,6,76,200
08/24/2002,MQY,TN,ASO,CE,Federal Contract Tower,0,5,30,0,35,0,15,83,0,98,0,20,113,0,133,140,0,140,273
08/25/2002,MQY,TN,ASO,CE,Federal Contract Tower,0,4,23,0,27,0,13,48,0,61,0,17,71,0,88,20,0,20,108
08/26/2002,MQY,TN,ASO,CE,Federal Contract Tower,0,2,28,2,32,0,0,77,7,84,0,2,105,9,116,126,0,126,242
08/27/2002,MQY,TN,ASO,CE,Federal Contract Tower,0,7,33,3,43,0,3,74,26,103,0,10,107,29,146,112,6,118,264
08/28/2002,MQY,TN,ASO,CE,Federal Contract Tower,0,6,56,6,68,0,0,107,20,127,0,6,163,26,195,108,10,118,313
08/29/2002,MQY,TN,ASO,CE,Federal Contract Tower,0,11,56,6,73,0,3,86,19,108,0,14,142,25,181,90,0,90,271
08/30/2002,MQY,TN,ASO,CE,Federal Contract Tower,0,9,43,3,55,0,4,69,0,73,0,13,112,3,128,126,0,126,254
08/31/2002,MQY,TN,ASO,CE,Federal Contract Tower,0,1,12,0,13,0,0,88,0,88,0,1,100,0,101,166,0,166,267
09/01/2002,MQY,TN,ASO,CE,Federal Contract Tower,0,2,18,0,20,0,1,68,0,69,0,3,86,0,89,36,0,36,125
09/02/2002,MQY,TN,ASO,CE,Federal Contract Tower,0,2,19,0,21,0,2,94,0,96,0,4,113,0,117,128,0,128,245
09/03/2002,MQY,TN,ASO,CE,Federal Contract Tower,0,3,42,14,59,0,0,72,8,80,0,3,114,22,139,110,0,110,249
09/04/2002,MQY,TN,ASO,CE,Federal Contract Tower,0,4,54,18,76,0,0,56,1,57,0,4,110,19,133,92,22,114,247
09/05/2002,MQY,TN,ASO,CE,Federal Contract Tower,0,3,31,10,44,0,2,65,24,91,0,5,96,34,135,106,2,108,243
09/06/2002,MQY,TN,ASO,CE,Federal Contract Tower,1,2,20,6,29,1,1,69,3,74,2,3,89,9,103,94,0,94,197
09/07/2002,MQY,TN,ASO,CE,Federal Contract Tower,1,2,18,6,27,15,0,73,2,90,16,2,91,8,117,84,0,84,201
09/08/2002,MQY,TN,ASO,CE,Federal Contract Tower,0,1,27,9,37,0,0,52,4,56,0,1,79,13,93,34,2,36,129
09/09/2002,MQY,TN,ASO,CE,Federal Contract Tower,0,2,26,9,37,0,1,87,1,89,0,3,113,10,126,142,0,142,268
09/10/2002,MQY,TN,ASO,CE,Federal Contract Tower,0,2,24,8,34,0,2,69,25,96,0,4,93,33,130,100,4,104,234
09/11/2002,MQY,TN,ASO,CE,Federal Contract Tower,0,4,42,14,60,0,1,43,2,46,0,5,85,16,106,168,14,182,288
09/12/2002,MQY,TN,ASO,CE,Federal Contract Tower,0,5,56,18,79,0,0,83,22,105,0,5,139,40,184,116,16,132,316
09/13/2002,MQY,TN,ASO,CE,Federal Contract Tower,0,6,47,16,69,0,1,45,9,55,0,7,92,25,124,102,28,130,254
09/14/2002,MQY,TN,ASO,CE,Federal Contract Tower,0,0,24,8,32,0,0,49,2,51,0,0,73,10,83,102,0,102,185
09/15/2002,MQY,TN,ASO,CE,Federal Contract Tower,0,2,30,1,33,0,0,46,0,46,0,2,76,1,79,14,2,16,95
09/16/2002,MQY,TN,ASO,CE,Federal Contract Tower,0,1,40,13,54,0,0,38,33,71,0,1,78,46,125,46,10,56,181
09/17/2002,MQY,TN,ASO,CE,Federal Contract Tower,0,4,32,9,45,2,1,40,5,48,2,5,72,14,93,54,0,54,147
09/18/2002,MQY,TN,ASO,CE,Federal Contract Tower,0,6,53,5,64,0,23,21,0,44,0,29,74,5,108,52,4,56,164
09/19/2002,MQY,TN,ASO,CE,Federal Contract Tower,0,7,63,20,90,0,4,56,3,63,0,11,119,23,153,38,22,60,213
09/20/2002,MQY,TN,ASO,CE,Federal Contract Tower,0,5,42,13,60,0,2,22,19,43,0,7,64,32,103,30,14,44,147
09/21/2002,MQY,TN,ASO,CE,Federal Contract Tower,0,4,28,0,32,0,6,28,0,34,0,10,56,0,66,156,0,156,222
09/22/2002,MQY,TN,ASO,CE,Federal Contract Tower,0,3,24,7,34,2,0,80,3,85,2,3,104,10,119,128,0,128,247
09/23/2002,MQY,TN,ASO,CE,Federal Contract Tower,0,3,46,15,64,2,0,118,5,125,2,3,164,20,189,172,0,172,361
09/24/2002,MQY,TN,ASO,CE,Federal Contract Tower,0,7,95,31,133,0,0,131,36,167,0,7,226,67,300,66,8,74,374
09/25/2002,MQY,TN,ASO,CE,Federal Contract Tower,0,9,84,27,120,0,9,22,29,60,0,18,106,56,180,14,20,34,214
09/26/2002,MQY,TN,ASO,CE,Federal Contract Tower,0,3,43,6,52,1,0,9,0,10,1,3,52,6,62,0,0,0,62
09/27/2002,MQY,TN,ASO,CE,Federal Contract Tower,0,6,52,17,75,0,2,34,7,43,0,8,86,24,118,44,26,70,188
09/28/2002,MQY,TN,ASO,CE,Federal Contract Tower,0,0,39,2,41,1,0,113,0,114,1,0,152,2,155,150,0,150,305
09/29/2002,MQY,TN,ASO,CE,Federal Contract Tower,0,3,36,1,40,0,3,104,0,107,0,6,140,1,147,214,0,214,361
09/30/2002,MQY,TN,ASO,CE,Federal Contract Tower,0,7,64,21,92,0,3,81,0,84,0,10,145,21,176,50,0,50,226
10/01/2002,MQY,TN,ASO,CE,Federal Contract Tower,0,12,79,21,112,0,0,36,15,51,0,12,115,36,163,42,0,42,205
10/02/2002,MQY,TN,ASO,CE,Federal Contract Tower,0,13,78,20,111,0,18,86,21,125,0,31,164,41,236,154,8,162,398
10/03/2002,MQY,TN,ASO,CE,Federal Contract Tower,0,12,77,21,110,0,21,34,38,93,0,33,111,59,203,138,34,172,375
10/04/2002,MQY,TN,ASO,CE,Federal Contract Tower,0,2,14,0,16,0,0,19,0,19,0,2,33,0,35,18,0,18,53
10/05/2002,MQY,TN,ASO,CE,Federal Contract Tower,0,4,23,6,33,0,2,91,7,100,0,6,114,13,133,166,6,172,305
10/06/2002,MQY,TN,ASO,CE,Federal Contract Tower,0,3,23,7,33,0,0,98,7,105,0,3,121,14,138,86,8,94,232
10/07/2002,MQY,TN,ASO,CE,Federal Contract Tower,0,5,51,14,70,0,0,55,31,86,0,5,106,45,156,104,16,120,276
10/08/2002,MQY,TN,ASO,CE,Federal Contract Tower,0,9,61,17,87,0,0,98,25,123,0,9,159,42,210,230,18,248,458
10/09/2002,MQY,TN,ASO,CE,Federal Contract Tower,0,5,46,12,63,0,0,10,7,17,0,5,56,19,80,40,4,44,124
10/10/2002,MQY,TN,ASO,CE,Federal Contract Tower,0,3,46,4,53,0,0,9,0,9,0,3,55,4,62,4,0,4,66
10/11/2002,MQY,TN,ASO,CE,Federal Contract Tower,0,6,63,17,86,0,0,10,14,24,0,6,73,31,110,20,0,20,130
10/12/2002,MQY,TN,ASO,CE,Federal Contract Tower,0,0,30,1,31,0,0,39,0,39,0,0,69,1,70,70,0,70,140
10/13/2002,MQY,TN,ASO,CE,Federal Contract Tower,0,2,19,0,21,0,0,45,0,45,0,2,64,0,66,82,0,82,148
10/14/2002,MQY,TN,ASO,CE,Federal Contract Tower,0,2,28,5,35,0,0,101,0,101,0,2,129,5,136,96,0,96,232
10/15/2002,MQY,TN,ASO,CE,Federal Contract Tower,0,2,66,18,86,0,0,11,0,11,0,2,77,18,97,0,0,0,97
10/16/2002,MQY,TN,ASO,CE,Federal Contract Tower,0,5,41,12,58,0,0,71,2,73,0,5,112,14,131,62,4,66,197
10/17/2002,MQY,TN,ASO,CE,Federal Contract Tower,0,5,54,14,73,0,0,118,25,143,0,5,172,39,216,106,14,120,336
10/18/2002,MQY,TN,ASO,CE,Federal Contract Tower,0,1,41,10,52,0,0,113,11,124,0,1,154,21,176,120,0,120,296
10/19/2002,MQY,TN,ASO,CE,Federal Contract Tower,0,3,24,2,29,0,2,59,0,61,0,5,83,2,90,70,0,70,160
10/20/2002,MQY,TN,ASO,CE,Federal Contract Tower,0,2,31,2,35,0,0,8,0,8,0,2,39,2,43,0,0,0,43
10/21/2002,MQY,TN,ASO,CE,Federal Contract Tower,0,6,48,10,64,0,0,29,0,29,0,6,77,10,93,2,2,4,97
10/22/2002,MQY,TN,ASO,CE,Federal Contract Tower,0,7,49,13,69,0,12,53,23,88,0,19,102,36,157,66,0,66,223
10/23/2002,MQY,TN,ASO,CE,Federal Contract Tower,0,10,69,18,97,0,10,80,12,102,0,20,149,30,199,70,16,86,285
10/24/2002,MQY,TN,ASO,CE,Federal Contract Tower,0,9,60,14,83,0,23,25,0,48,0,32,85,14,131,112,4,116,247
10/25/2002,MQY,TN,ASO,CE,Federal Contract Tower,0,4,46,14,64,0,0,0,24,24,0,4,46,38,88,22,4,26,114
10/26/2002,MQY,TN,ASO,CE,Federal Contract Tower,0,4,55,2,61,0,0,50,0,50,0,4,105,2,111,64,0,64,175
10/27/2002,MQY,TN,ASO,CE,Federal Contract Tower,0,4,38,0,42,0,0,56,0,56,0,4,94,0,98,98,0,98,196
10/28/2002,MQY,TN,ASO,CE,Federal Contract Tower,0,8,55,15,78,0,0,19,1,20,0,8,74,16,98,0,0,0,98
10/29/2002,MQY,TN,ASO,CE,Federal Contract Tower,0,6,45,12,63,0,0,51,6,57,0,6,96,18,120,46,4,50,170
10/30/2002,MQY,TN,ASO,CE,Federal Contract Tower,0,6,53,13,72,0,0,46,2,48,0,6,99,15,120,128,6,134,254
10/31/2002,MQY,TN,ASO,CE,Federal Contract Tower,0,11,76,17,104,0,2,26,0,28,0,13,102,17,132,68,2,70,202
11/01/2002,MQY,TN,ASO,CE,Federal Contract Tower,0,1,44,8,53,0,0,68,8,76,0,1,112,16,129,132,6,138,267
11/02/2002,MQY,TN,ASO,CE,Federal Contract Tower,0,2,49,10,61,0,0,116,4,120,0,2,165,14,181,94,0,94,275
11/03/2002,MQY,TN,ASO,CE,Federal Contract Tower,0,2,15,3,20,0,5,25,7,37,0,7,40,10,57,46,0,46,103
11/04/2002,MQY,TN,ASO,CE,Federal Contract Tower,0,5,31,3,39,0,3,32,0,35,0,8,63,3,74,26,0,26,100
11/05/2002,MQY,TN,ASO,CE,Federal Contract Tower,0,7,43,5,55,0,1,4,0,5,0,8,47,5,60,0,0,0,60
11/06/2002,MQY,TN,ASO,CE,Federal Contract Tower,0,10,54,10,74,0,18,42,5,65,0,28,96,15,139,109,0,109,248
11/07/2002,MQY,TN,ASO,CE,Federal Contract Tower,0,9,44,8,61,0,4,98,1,103,0,13,142,9,164,136,2,138,302
11/08/2002,MQY,TN,ASO,CE,Federal Contract Tower,0,1,37,7,45,0,0,58,18,76,0,1,95,25,121,96,4,100,221
11/09/2002,MQY,TN,ASO,CE,Federal Contract Tower,0,0,27,5,32,0,0,81,3,84,0,0,108,8,116,52,4,56,172
11/10/2002,MQY,TN,ASO,CE,Federal Contract Tower,0,2,13,2,17,1,0,11,3,15,1,2,24,5,32,0,0,0,32
11/11/2002,MQY,TN,ASO,CE,Federal Contract Tower,0,5,36,7,48,0,0,79,13,92,0,5,115,20,140,92,6,98,238
11/12/2002,MQY,TN,ASO,CE,Federal Contract Tower,0,4,39,7,50,0,0,73,10,83,0,4,112,17,133,90,0,90,223
11/13/2002,MQY,TN,ASO,CE,Federal Contract Tower,0,6,40,7,53,2,0,93,18,113,2,6,133,25,166,100,0,100,266
11/14/2002,MQY,TN,ASO,CE,Federal Contract Tower,0,5,60,12,77,1,0,118,28,147,1,5,178,40,224,134,4,138,362
11/15/2002,MQY,TN,ASO,CE,Federal Contract Tower,0,6,35,2,43,0,0,8,0,8,0,6,43,2,51,70,0,70,121
11/16/2002,MQY,TN,ASO,CE,Federal Contract Tower,0,7,35,2,44,1,15,0,0,16,1,22,35,2,60,16,0,16,76
11/17/2002,MQY,TN,ASO,CE,Federal Contract Tower,0,6,32,0,38,0,8,64,0,72,0,14,96,0,110,120,0,120,230
11/18/2002,MQY,TN,ASO,CE,Federal Contract Tower,0,6,58,10,74,0,0,85,9,94,0,6,143,19,168,60,0,60,228
11/19/2002,MQY,TN,ASO,CE,Federal Contract Tower,0,6,31,5,42,0,5,99,8,112,0,11,130,13,154,208,2,210,364
11/20/2002,MQY,TN,ASO,CE,Federal Contract Tower,0,6,66,11,83,0,0,59,15,74,0,6,125,26,157,122,26,148,305
11/21/2002,MQY,TN,ASO,CE,Federal Contract Tower,0,14,74,6,94,0,20,58,0,78,0,34,132,6,172,56,0,56,228
11/22/2002,MQY,TN,ASO,CE,Federal Contract Tower,0,1,43,8,52,0,0,85,5,90,0,1,128,13,142,146,0,146,288
11/23/2002,MQY,TN,ASO,CE,Federal Contract Tower,0,8,48,2,58,0,25,132,0,157,0,33,180,2,215,260,0,260,475
11/24/2002,MQY,TN,ASO,CE,Federal Contract Tower,0,5,28,2,35,0,1,102,0,103,0,6,130,2,138,124,0,124,262
11/25/2002,MQY,TN,ASO,CE,Federal Contract Tower,0,6,67,13,86,0,0,50,31,81,0,6,117,44,167,90,4,94,261
11/26/2002,MQY,TN,ASO,CE,Federal Contract Tower,0,3,36,7,46,0,0,7,2,9,0,3,43,9,55,0,0,0,55
11/27/2002,MQY,TN,ASO,CE,Federal Contract Tower,0,7,44,3,54,0,3,48,0,51,0,10,92,3,105,106,0,106,211
11/28/2002,MQY,TN,ASO,CE,Federal Contract Tower,0,1,9,0,10,0,6,20,0,26,0,7,29,0,36,0,0,0,36
11/29/2002,MQY,TN,ASO,CE,Federal Contract Tower,0,2,17,0,19,0,11,44,0,55,0,13,61,0,74,80,0,80,154
11/30/2002,MQY,TN,ASO,CE,Federal Contract Tower,0,0,7,0,7,0,0,54,0,54,0,0,61,0,61,74,0,74,135
12/01/2002,MQY,TN,ASO,CE,Federal Contract Tower,0,3,29,0,32,0,1,88,0,89,0,4,117,0,121,140,0,140,261
12/02/2002,MQY,TN,ASO,CE,Federal Contract Tower,0,3,64,5,72,0,1,74,4,79,0,4,138,9,151,56,0,56,207
12/03/2002,MQY,TN,ASO,CE,Federal Contract Tower,0,19,60,18,97,0,0,68,13,81,0,19,128,31,178,68,33,101,279
12/04/2002,MQY,TN,ASO,CE,Federal Contract Tower,0,2,12,0,14,0,0,4,1,5,0,2,16,1,19,0,0,0,19
12/05/2002,MQY,TN,ASO,CE,Federal Contract Tower,0,5,13,4,22,0,0,2,6,8,0,5,15,10,30,0,21,21,51
12/06/2002,MQY,TN,ASO,CE,Federal Contract Tower,0,1,38,5,44,0,0,81,24,105,0,1,119,29,149,108,6,114,263
12/07/2002,MQY,TN,ASO,CE,Federal Contract Tower,0,16,12,4,32,0,0,84,9,93,0,16,96,13,125,174,0,174,299
12/08/2002,MQY,TN,ASO,CE,Federal Contract Tower,0,12,20,5,37,0,0,80,8,88,0,12,100,13,125,142,16,158,283
12/09/2002,MQY,TN,ASO,CE,Federal Contract Tower,0,6,40,24,70,0,0,103,12,115,0,6,143,36,185,68,32,100,285
12/10/2002,MQY,TN,ASO,CE,Federal Contract Tower,0,5,18,1,24,0,0,8,2,10,0,5,26,3,34,0,0,0,34
12/11/2002,MQY,TN,ASO,CE,Federal Contract Tower,0,3,21,7,31,0,0,0,0,0,0,3,21,7,31,0,0,0,31
12/12/2002,MQY,TN,ASO,CE,Federal Contract Tower,0,3,49,10,62,0,1,46,7,54,0,4,95,17,116,108,2,110,226
12/13/2002,MQY,TN,ASO,CE,Federal Contract Tower,0,5,30,1,36,0,0,0,0,0,0,5,30,1,36,0,0,0,36
12/14/2002,MQY,TN,ASO,CE,Federal Contract Tower,0,2,35,0,37,0,0,55,0,55,0,2,90,0,92,110,0,110,202
12/15/2002,MQY,TN,ASO,CE,Federal Contract Tower,1,2,23,0,26,0,0,100,0,100,1,2,123,0,126,116,0,116,242
12/16/2002,MQY,TN,ASO,CE,Federal Contract Tower,0,1,74,25,100,0,0,88,11,99,0,1,162,36,199,54,10,64,263
12/17/2002,MQY,TN,ASO,CE,Federal Contract Tower,0,3,69,2,74,0,3,53,4,60,0,6,122,6,134,28,4,32,166
12/18/2002,MQY,TN,ASO,CE,Federal Contract Tower,0,5,29,2,36,0,2,42,14,58,0,7,71,16,94,72,6,78,172
12/19/2002,MQY,TN,ASO,CE,Federal Contract Tower,0,0,24,0,24,0,0,5,0,5,0,0,29,0,29,0,0,0,29
12/20/2002,MQY,TN,ASO,CE,Federal Contract Tower,0,6,55,0,61,0,0,56,7,63,0,6,111,7,124,54,0,54,178
12/21/2002,MQY,TN,ASO,CE,Federal Contract Tower,0,2,26,0,28,0,0,98,0,98,0,2,124,0,126,132,0,132,258
12/22/2002,MQY,TN,ASO,CE,Federal Contract Tower,0,2,35,0,37,0,0,76,0,76,0,2,111,0,113,90,0,90,203
12/23/2002,MQY,TN,ASO,CE,Federal Contract Tower,0,1,39,0,40,0,0,84,2,86,0,1,123,2,126,54,0,54,180
12/24/2002,MQY,TN,ASO,CE,Federal Contract Tower,0,2,22,0,24,0,0,0,0,0,0,2,22,0,24,0,0,0,24
12/25/2002,MQY,TN,ASO,CE,Federal Contract Tower,0,3,2,0,5,0,0,1,0,1,0,3,3,0,6,0,0,0,6
12/26/2002,MQY,TN,ASO,CE,Federal Contract Tower,0,4,32,0,36,0,0,51,0,51,0,4,83,0,87,102,0,102,189
12/27/2002,MQY,TN,ASO,CE,Federal Contract Tower,0,2,21,9,32,0,0,52,9,61,0,2,73,18,93,84,0,84,177
12/28/2002,MQY,TN,ASO,CE,Federal Contract Tower,0,2,21,0,23,0,0,64,0,64,0,2,85,0,87,78,0,78,165
12/29/2002,MQY,TN,ASO,CE,Federal Contract Tower,0,3,12,0,15,0,3,87,1,91,0,6,99,1,106,86,0,86,192
12/30/2002,MQY,TN,ASO,CE,Federal Contract Tower,0,1,27,1,29,0,0,75,9,84,0,1,102,10,113,42,4,46,159
12/31/2002,MQY,TN,ASO,CE,Federal Contract Tower,0,4,25,0,29,0,0,45,0,45,0,4,70,0,74,46,0,46,120
01/01/2003,MQY,TN,ASO,CE,Federal Contract Tower,0,2,18,0,20,0,0,0,0,0,0,2,18,0,20,0,0,0,20
01/02/2003,MQY,TN,ASO,CE,Federal Contract Tower,0,2,16,0,18,0,0,0,0,0,0,2,16,0,18,0,0,0,18
01/03/2003,MQY,TN,ASO,CE,Federal Contract Tower,0,2,14,0,16,0,0,15,5,20,0,2,29,5,36,38,4,42,78
01/04/2003,MQY,TN,ASO,CE,Federal Contract Tower,1,0,28,0,29,0,0,109,0,109,1,0,137,0,138,214,0,214,352
01/05/2003,MQY,TN,ASO,CE,Federal Contract Tower,0,2,19,0,21,0,0,72,2,74,0,2,91,2,95,156,0,156,251
01/06/2003,MQY,TN,ASO,CE,Federal Contract Tower,0,2,38,13,53,0,1,34,31,66,0,3,72,44,119,34,0,34,153
01/07/2003,MQY,TN,ASO,CE,Federal Contract Tower,0,5,18,7,30,0,0,87,0,87,0,5,105,7,117,158,0,158,275
01/08/2003,MQY,TN,ASO,CE,Federal Contract Tower,0,0,53,16,69,0,0,93,10,103,0,0,146,26,172,148,10,158,330
01/09/2003,MQY,TN,ASO,CE,Federal Contract Tower,0,3,28,5,36,0,0,102,15,117,0,3,130,20,153,182,10,192,345
01/10/2003,MQY,TN,ASO,CE,Federal Contract Tower,0,4,42,10,56,0,0,75,14,89,0,4,117,24,145,98,0,98,243
01/11/2003,MQY,TN,ASO,CE,Federal Contract Tower,0,2,14,1,17,0,0,97,0,97,0,2,111,1,114,130,0,130,244
01/12/2003,MQY,TN,ASO,CE,Federal Contract Tower,0,2,31,0,33,0,0,79,0,79,0,2,110,0,112,96,0,96,208
01/13/2003,MQY,TN,ASO,CE,Federal Contract Tower,0,1,38,4,43,0,0,69,7,76,0,1,107,11,119,78,0,78,197
01/14/2003,MQY,TN,ASO,CE,Federal Contract Tower,0,1,26,4,31,0,0,69,2,71,0,1,95,6,102,82,28,110,212
01/15/2003,MQY,TN,ASO,CE,Federal Contract Tower,0,4,43,4,51,0,0,68,6,74,0,4,111,10,125,56,0,56,181
01/16/2003,MQY,TN,ASO,CE,Federal Contract Tower,0,2,7,4,13,0,0,0,0,0,0,2,7,4,13,0,0,0,13
01/17/2003,MQY,TN,ASO,CE,Federal Contract Tower,0,6,34,4,44,0,0,33,8,41,0,6,67,12,85,28,4,32,117
01/18/2003,MQY,TN,ASO,CE,Federal Contract Tower,0,2,10,1,13,0,1,24,14,39,0,3,34,15,52,18,18,36,88
01/19/2003,MQY,TN,ASO,CE,Federal Contract Tower,0,1,24,0,25,0,0,57,4,61,0,1,81,4,86,90,0,90,176
01/20/2003,MQY,TN,ASO,CE,Federal Contract Tower,0,1,25,3,29,0,0,100,5,105,0,1,125,8,134,112,0,112,246
01/21/2003,MQY,TN,ASO,CE,Federal Contract Tower,0,6,31,1,38,0,1,42,0,43,0,7,73,1,81,52,0,52,133
01/22/2003,MQY,TN,ASO,CE,Federal Contract Tower,0,5,28,8,41,0,0,55,7,62,0,5,83,15,103,94,14,108,211
01/23/2003,MQY,TN,ASO,CE,Federal Contract Tower,0,12,8,9,29,0,0,32,5,37,0,12,40,14,66,10,2,12,78
01/24/2003,MQY,TN,ASO,CE,Federal Contract Tower,0,5,27,8,40,0,0,66,2,68,0,5,93,10,108,86,12,98,206
01/25/2003,MQY,TN,ASO,CE,Federal Contract Tower,0,3,22,1,26,0,0,98,3,101,0,3,120,4,127,132,0,132,259
01/26/2003,MQY,TN,ASO,CE,Federal Contract Tower,0,2,17,3,22,0,2,56,0,58,0,4,73,3,80,54,0,54,134
01/27/2003,MQY,TN,ASO,CE,Federal Contract Tower,0,4,19,15,38,0,0,76,4,80,0,4,95,19,118,100,0,100,218
01/28/2003,MQY,TN,ASO,CE,Federal Contract Tower,0,6,36,0,42,0,0,63,10,73,0,6,99,10,115,86,0,86,201
01/29/2003,MQY,TN,ASO,CE,Federal Contract Tower,0,5,31,11,47,0,0,0,0,0,0,5,31,11,47,0,0,0,47
01/30/2003,MQY,TN,ASO,CE,Federal Contract Tower,0,4,29,10,43,0,0,12,0,12,0,4,41,10,55,6,2,8,63
01/31/2003,MQY,TN,ASO,CE,Federal Contract Tower,0,8,33,0,41,0,0,78,0,78,0,8,111,0,119,156,0,156,275
02/01/2003,MQY,TN,ASO,CE,Federal Contract Tower,0,0,36,0,36,0,0,88,6,94,0,0,124,6,130,208,2,210,340
02/02/2003,MQY,TN,ASO,CE,Federal Contract Tower,0,2,25,2,29,0,0,93,9,102,0,2,118,11,131,138,4,142,273
02/03/2003,MQY,TN,ASO,CE,Federal Contract Tower,0,8,12,1,21,0,0,14,3,17,0,8,26,4,38,64,0,64,102
02/04/2003,MQY,TN,ASO,CE,Federal Contract Tower,0,3,23,8,34,0,0,98,22,120,0,3,121,30,154,96,6,102,256
02/05/2003,MQY,TN,ASO,CE,Federal Contract Tower,0,5,36,9,50,0,0,147,9,156,0,5,183,18,206,146,10,156,362
02/06/2003,MQY,TN,ASO,CE,Federal Contract Tower,0,10,9,2,21,0,0,0,0,0,0,10,9,2,21,0,0,0,21
02/07/2003,MQY,TN,ASO,CE,Federal Contract Tower,0,25,31,2,58,0,0,56,7,63,0,25,87,9,121,132,2,134,255
02/08/2003,MQY,TN,ASO,CE,Federal Contract Tower,0,10,40,0,50,0,0,125,0,125,0,10,165,0,175,134,0,134,309
02/09/2003,MQY,TN,ASO,CE,Federal Contract Tower,0,9,21,0,30,0,0,43,0,43,0,9,64,0,73,58,0,58,131
02/10/2003,MQY,TN,ASO,CE,Federal Contract Tower,0,7,28,2,37,0,0,26,0,26,0,7,54,2,63,42,0,42,105
02/11/2003,MQY,TN,ASO,CE,Federal Contract Tower,0,15,56,20,91,0,3,75,4,82,0,18,131,24,173,74,40,114,287
02/12/2003,MQY,TN,ASO,CE,Federal Contract Tower,0,8,25,1,34,0,1,76,5,82,0,9,101,6,116,166,0,166,282
02/13/2003,MQY,TN,ASO,CE,Federal Contract Tower,0,1,40,7,48,0,0,71,31,102,0,1,111,38,150,186,8,194,344
02/14/2003,MQY,TN,ASO,CE,Federal Contract Tower,1,7,35,0,43,0,0,0,0,0,1,7,35,0,43,0,0,0,43
02/15/2003,MQY,TN,ASO,CE,Federal Contract Tower,0,7,6,0,13,0,0,0,0,0,0,7,6,0,13,0,0,0,13
02/16/2003,MQY,TN,ASO,CE,Federal Contract Tower,0,2,12,0,14,0,0,0,0,0,0,2,12,0,14,0,0,0,14
02/17/2003,MQY,TN,ASO,CE,Federal Contract Tower,0,3,16,0,19,0,0,1,0,1,0,3,17,0,20,0,0,0,20
02/18/2003,MQY,TN,ASO,CE,Federal Contract Tower,0,3,26,12,41,0,0,12,11,23,0,3,38,23,64,14,0,14,78
02/19/2003,MQY,TN,ASO,CE,Federal Contract Tower,0,2,28,13,43,0,0,42,18,60,0,2,70,31,103,78,10,88,191
02/20/2003,MQY,TN,ASO,CE,Federal Contract Tower,0,7,17,5,29,0,0,0,0,0,0,7,17,5,29,0,0,0,29
02/21/2003,MQY,TN,ASO,CE,Federal Contract Tower,0,1,6,0,7,1,1,31,7,40,1,2,37,7,47,46,0,46,93
02/22/2003,MQY,TN,ASO,CE,Federal Contract Tower,0,0,14,2,16,0,0,2,0,2,0,0,16,2,18,0,0,0,18
02/23/2003,MQY,TN,ASO,CE,Federal Contract Tower,0,2,29,0,31,0,0,29,0,29,0,2,58,0,60,90,0,90,150
02/24/2003,MQY,TN,ASO,CE,Federal Contract Tower,0,6,24,4,34,0,0,35,4,39,0,6,59,8,73,118,20,138,211
02/25/2003,MQY,TN,ASO,CE,Federal Contract Tower,0,4,17,2,23,0,0,14,11,25,0,4,31,13,48,14,40,54,102
02/26/2003,MQY,TN,ASO,CE,Federal Contract Tower,0,2,10,6,18,0,0,0,0,0,0,2,10,6,18,0,0,0,18
02/27/2003,MQY,TN,ASO,CE,Federal Contract Tower,0,6,36,0,42,0,0,0,0,0,0,6,36,0,42,0,0,0,42
02/28/2003,MQY,TN,ASO,CE,Federal Contract Tower,0,9,68,13,90,0,3,26,12,41,0,12,94,25,131,64,0,64,195
03/01/2003,MQY,TN,ASO,CE,Federal Contract Tower,0,0,59,0,59,0,0,11,4,15,0,0,70,4,74,12,0,12,86
03/02/2003,MQY,TN,ASO,CE,Federal Contract Tower,0,3,13,6,22,0,0,14,0,14,0,3,27,6,36,122,0,122,158
03/03/2003,MQY,TN,ASO,CE,Federal Contract Tower,0,2,27,18,47,0,0,139,10,149,0,2,166,28,196,168,0,168,364
03/04/2003,MQY,TN,ASO,CE,Federal Contract Tower,0,7,22,43,72,0,0,77,0,77,0,7,99,43,149,108,4,112,261
03/05/2003,MQY,TN,ASO,CE,Federal Contract Tower,0,4,59,20,83,0,2,43,5,50,0,6,102,25,133,126,14,140,273
03/06/2003,MQY,TN,ASO,CE,Federal Contract Tower,0,8,32,13,53,0,0,27,0,27,0,8,59,13,80,32,0,32,112
03/07/2003,MQY,TN,ASO,CE,Federal Contract Tower,0,2,44,5,51,0,4,104,13,121,0,6,148,18,172,118,0,118,290
03/08/2003,MQY,TN,ASO,CE,Federal Contract Tower,0,0,19,0,19,0,0,119,0,119,0,0,138,0,138,124,0,124,262
03/09/2003,MQY,TN,ASO,CE,Federal Contract Tower,0,3,28,2,33,0,0,68,0,68,0,3,96,2,101,86,0,86,187
03/10/2003,MQY,TN,ASO,CE,Federal Contract Tower,14,6,52,15,87,0,2,93,0,95,14,8,145,15,182,86,0,86,268
03/11/2003,MQY,TN,ASO,CE,Federal Contract Tower,0,4,51,16,71,0,0,95,23,118,0,4,146,39,189,118,0,118,307
03/12/2003,MQY,TN,ASO,CE,Federal Contract Tower,0,13,42,10,65,0,0,95,13,108,0,13,137,23,173,98,2,100,273
03/13/2003,MQY,TN,ASO,CE,Federal Contract Tower,0,3,50,0,53,0,0,70,8,78,0,3,120,8,131,122,8,130,261
03/14/2003,MQY,TN,ASO,CE,Federal Contract Tower,0,4,45,16,65,0,0,61,11,72,0,4,106,27,137,200,0,200,337
03/15/2003,MQY,TN,ASO,CE,Federal Contract Tower,0,0,35,1,36,0,0,94,2,96,0,0,129,3,132,158,0,158,290
03/16/2003,MQY,TN,ASO,CE,Federal Contract Tower,0,3,35,2,40,0,0,68,2,70,0,3,103,4,110,112,0,112,222
03/17/2003,MQY,TN,ASO,CE,Federal Contract Tower,0,4,29,3,36,0,0,90,6,96,0,4,119,9,132,126,0,126,258
03/18/2003,MQY,TN,ASO,CE,Federal Contract Tower,0,17,61,3,81,0,3,27,0,30,0,20,88,3,111,12,0,12,123
03/19/2003,MQY,TN,ASO,CE,Federal Contract Tower,0,20,35,0,55,0,0,56,2,58,0,20,91,2,113,48,0,48,161
03/20/2003,MQY,TN,ASO,CE,Federal Contract Tower,0,15,58,0,73,0,12,48,14,74,0,27,106,14,147,82,4,86,233
03/21/2003,MQY,TN,ASO,CE,Federal Contract Tower,0,23,49,7,79,0,2,53,9,64,0,25,102,16,143,120,0,120,263
03/22/2003,MQY,TN,ASO,CE,Federal Contract Tower,0,8,40,1,49,0,1,111,0,112,0,9,151,1,161,130,0,130,291
03/23/2003,MQY,TN,ASO,CE,Federal Contract Tower,0,10,46,6,62,0,0,95,0,95,0,10,141,6,157,186,0,186,343
03/24/2003,MQY,TN,ASO,CE,Federal Contract Tower,0,2,41,0,43,0,0,109,1,110,0,2,150,1,153,156,0,156,309
03/25/2003,MQY,TN,ASO,CE,Federal Contract Tower,0,2,39,7,48,0,0,55,0,55,0,2,94,7,103,135,0,135,238
03/26/2003,MQY,TN,ASO,CE,Federal Contract Tower,0,4,70,1,75,0,0,52,12,64,0,4,122,13,139,118,0,118,257
03/27/2003,MQY,TN,ASO,CE,Federal Contract Tower,0,2,93,1,96,0,2,88,23,113,0,4,181,24,209,180,2,182,391
03/28/2003,MQY,TN,ASO,CE,Federal Contract Tower,0,1,35,2,38,0,0,51,1,52,0,1,86,3,90,120,0,120,210
03/29/2003,MQY,TN,ASO,CE,Federal Contract Tower,0,0,31,0,31,0,0,92,0,92,0,0,123,0,123,158,0,158,281
03/30/2003,MQY,TN,ASO,CE,Federal Contract Tower,0,3,44,0,47,0,0,85,1,86,0,3,129,1,133,84,0,84,217
03/31/2003,MQY,TN,ASO,CE,Federal Contract Tower,0,4,30,10,44,0,2,95,0,97,0,6,125,10,141,140,6,146,287
04/01/2003,MQY,TN,ASO,CE,Federal Contract Tower,0,16,48,13,77,0,2,61,5,68,0,18,109,18,145,56,6,62,207
04/02/2003,MQY,TN,ASO,CE,Federal Contract Tower,0,25,39,4,68,0,0,90,16,106,0,25,129,20,174,128,4,132,306
04/03/2003,MQY,TN,ASO,CE,Federal Contract Tower,0,29,50,4,83,0,6,63,18,87,0,35,113,22,170,64,2,66,236
04/04/2003,MQY,TN,ASO,CE,Federal Contract Tower,0,16,35,0,51,0,1,21,9,31,0,17,56,9,82,76,0,76,158
04/05/2003,MQY,TN,ASO,CE,Federal Contract Tower,0,0,27,1,28,0,0,48,4,52,0,0,75,5,80,184,0,184,264
04/06/2003,MQY,TN,ASO,CE,Federal Contract Tower,0,2,10,3,15,0,0,17,0,17,0,2,27,3,32,8,0,8,40
04/07/2003,MQY,TN,ASO,CE,Federal Contract Tower,0,4,40,0,44,0,0,77,7,84,0,4,117,7,128,176,0,176,304
04/08/2003,MQY,TN,ASO,CE,Federal Contract Tower,0,17,45,9,71,0,5,15,17,37,0,22,60,26,108,90,6,96,204
04/09/2003,MQY,TN,ASO,CE,Federal Contract Tower,0,17,23,2,42,0,0,10,0,10,0,17,33,2,52,0,0,0,52
04/10/2003,MQY,TN,ASO,CE,Federal Contract Tower,2,4,57,5,68,0,0,27,6,33,2,4,84,11,101,6,0,6,107
04/11/2003,MQY,TN,ASO,CE,Federal Contract Tower,1,8,93,2,104,0,0,102,15,117,1,8,195,17,221,176,0,176,397
04/12/2003,MQY,TN,ASO,CE,Federal Contract Tower,2,1,49,0,52,0,1,103,6,110,2,2,152,6,162,256,0,256,418
04/13/2003,MQY,TN,ASO,CE,Federal Contract Tower,0,2,28,0,30,0,0,119,4,123,0,2,147,4,153,220,0,220,373
04/14/2003,MQY,TN,ASO,CE,Federal Contract Tower,0,2,36,7,45,0,0,102,4,106,0,2,138,11,151,250,0,250,401
04/15/2003,MQY,TN,ASO,CE,Federal Contract Tower,0,6,26,3,35,0,0,83,2,85,0,6,109,5,120,68,20,88,208
04/16/2003,MQY,TN,ASO,CE,Federal Contract Tower,0,12,37,4,53,0,0,37,7,44,0,12,74,11,97,100,0,100,197
04/17/2003,MQY,TN,ASO,CE,Federal Contract Tower,0,3,32,6,41,0,0,34,13,47,0,3,66,19,88,92,0,92,180
04/18/2003,MQY,TN,ASO,CE,Federal Contract Tower,0,17,57,5,79,0,0,67,17,84,0,17,124,22,163,146,4,150,313
04/19/2003,MQY,TN,ASO,CE,Federal Contract Tower,0,0,39,0,39,0,2,67,0,69,0,2,106,0,108,134,0,134,242
04/20/2003,MQY,TN,ASO,CE,Federal Contract Tower,0,4,11,0,15,0,0,30,0,30,0,4,41,0,45,0,0,0,45
04/21/2003,MQY,TN,ASO,CE,Federal Contract Tower,0,2,37,3,42,0,1,73,1,75,0,3,110,4,117,120,0,120,237
04/22/2003,MQY,TN,ASO,CE,Federal Contract Tower,0,7,65,5,77,0,4,58,22,84,0,11,123,27,161,166,16,182,343
04/23/2003,MQY,TN,ASO,CE,Federal Contract Tower,0,1,48,3,52,0,0,93,10,103,0,1,141,13,155,134,6,140,295
04/24/2003,MQY,TN,ASO,CE,Federal Contract Tower,0,7,51,5,63,0,0,33,13,46,0,7,84,18,109,24,0,24,133
04/25/2003,MQY,TN,ASO,CE,Federal Contract Tower,0,10,21,6,37,0,2,16,4,22,0,12,37,10,59,56,14,70,129
04/26/2003,MQY,TN,ASO,CE,Federal Contract Tower,0,12,42,1,55,0,0,25,1,26,0,12,67,2,81,146,0,146,227
04/27/2003,MQY,TN,ASO,CE,Federal Contract Tower,0,6,38,0,44,0,0,102,2,104,0,6,140,2,148,154,0,154,302
04/28/2003,MQY,TN,ASO,CE,Federal Contract Tower,0,4,30,2,36,0,2,112,10,124,0,6,142,12,160,156,0,156,316
04/29/2003,MQY,TN,ASO,CE,Federal Contract Tower,0,6,34,6,46,0,4,66,24,94,0,10,100,30,140,116,0,116,256
04/30/2003,MQY,TN,ASO,CE,Federal Contract Tower,0,8,63,4,75,0,0,81,17,98,0,8,144,21,173,134,6,140,313
05/01/2003,MQY,TN,ASO,CE,Federal Contract Tower,0,6,42,7,55,0,0,53,17,70,0,6,95,24,125,136,26,162,287
05/02/2003,MQY,TN,ASO,CE,Federal Contract Tower,0,4,41,0,45,0,1,38,3,42,0,5,79,3,87,122,2,124,211
05/03/2003,MQY,TN,ASO,CE,Federal Contract Tower,0,0,57,1,58,0,1,62,3,66,0,1,119,4,124,126,0,126,250
05/04/2003,MQY,TN,ASO,CE,Federal Contract Tower,0,2,18,2,22,0,0,45,10,55,0,2,63,12,77,54,42,96,173
05/05/2003,MQY,TN,ASO,CE,Federal Contract Tower,0,4,12,2,18,0,0,20,6,26,0,4,32,8,44,2,0,2,46
05/06/2003,MQY,TN,ASO,CE,Federal Contract Tower,0,5,15,1,21,0,1,38,19,58,0,6,53,20,79,54,24,78,157
05/07/2003,MQY,TN,ASO,CE,Federal Contract Tower,0,8,8,0,16,0,0,8,6,14,0,8,16,6,30,50,8,58,88
05/08/2003,MQY,TN,ASO,CE,Federal Contract Tower,0,16,22,2,40,0,0,38,0,38,0,16,60,2,78,72,0,72,150
05/09/2003,MQY,TN,ASO,CE,Federal Contract Tower,0,7,31,3,41,0,2,39,35,76,0,9,70,38,117,64,60,124,241
05/10/2003,MQY,TN,ASO,CE,Federal Contract Tower,0,0,20,0,20,0,0,64,23,87,0,0,84,23,107,72,16,88,195
05/11/2003,MQY,TN,ASO,CE,Federal Contract Tower,0,3,10,0,13,0,0,40,2,42,0,3,50,2,55,30,0,30,85
05/12/2003,MQY,TN,ASO,CE,Federal Contract Tower,0,9,39,1,49,0,0,107,20,127,0,9,146,21,176,136,2,138,314
05/13/2003,MQY,TN,ASO,CE,Federal Contract Tower,0,4,32,0,36,0,0,137,12,149,0,4,169,12,185,206,0,206,391
05/14/2003,MQY,TN,ASO,CE,Federal Contract Tower,0,4,38,2,44,0,1,66,1,68,0,5,104,3,112,128,0,128,240
05/15/2003,MQY,TN,ASO,CE,Federal Contract Tower,0,6,55,2,63,0,4,61,18,83,0,10,116,20,146,96,4,100,246
05/16/2003,MQY,TN,ASO,CE,Federal Contract Tower,0,3,44,2,49,0,0,93,10,103,0,3,137,12,152,56,0,56,208
05/17/2003,MQY,TN,ASO,CE,Federal Contract Tower,0,3,22,1,26,0,0,23,1,24,0,3,45,2,50,22,0,22,72
05/18/2003,MQY,TN,ASO,CE,Federal Contract Tower,0,3,12,0,15,0,1,62,1,64,0,4,74,1,79,86,0,86,165
05/19/2003,MQY,TN,ASO,CE,Federal Contract Tower,0,6,48,3,57,0,1,73,9,83,0,7,121,12,140,92,0,92,232
05/20/2003,MQY,TN,ASO,CE,Federal Contract Tower,0,2,37,0,39,0,0,34,7,41,0,2,71,7,80,28,0,28,108
05/21/2003,MQY,TN,ASO,CE,Federal Contract Tower,0,8,42,4,54,0,0,1,2,3,0,8,43,6,57,0,0,0,57
05/22/2003,MQY,TN,ASO,CE,Federal Contract Tower,1,2,68,5,76,0,1,13,4,18,1,3,81,9,94,24,0,24,118
05/23/2003,MQY,TN,ASO,CE,Federal Contract Tower,0,1,73,2,76,0,0,101,8,109,0,1,174,10,185,252,0,252,437
05/24/2003,MQY,TN,ASO,CE,Federal Contract Tower,0,1,25,0,26,0,0,106,16,122,0,1,131,16,148,160,38,198,346
05/25/2003,MQY,TN,ASO,CE,Federal Contract Tower,0,2,16,4,22,0,1,20,21,42,0,3,36,25,64,40,44,84,148
05/26/2003,MQY,TN,ASO,CE,Federal Contract Tower,0,4,42,0,46,0,0,81,3,84,0,4,123,3,130,44,10,54,184
05/27/2003,MQY,TN,ASO,CE,Federal Contract Tower,0,8,55,6,69,0,0,96,33,129,0,8,151,39,198,218,46,264,462
05/28/2003,MQY,TN,ASO,CE,Federal Contract Tower,0,2,41,1,44,0,0,87,19,106,0,2,128,20,150,122,20,142,292
05/29/2003,MQY,TN,ASO,CE,Federal Contract Tower,0,4,54,1,59,0,1,64,11,76,0,5,118,12,135,116,0,116,251
05/30/2003,MQY,TN,ASO,CE,Federal Contract Tower,0,4,66,2,72,0,1,94,3,98,0,5,160,5,170,130,0,130,300
05/31/2003,MQY,TN,ASO,CE,Federal Contract Tower,0,2,28,0,30,0,0,216,0,216,0,2,244,0,246,28,0,28,274
06/01/2003,MQY,TN,ASO,CE,Federal Contract Tower,0,3,33,0,36,0,0,77,1,78,0,3,110,1,114,94,0,94,208
06/02/2003,MQY,TN,ASO,CE,Federal Contract Tower,0,8,34,1,43,0,1,62,0,63,0,9,96,1,106,58,0,58,164
06/03/2003,MQY,TN,ASO,CE,Federal Contract Tower,0,2,54,0,56,0,1,46,1,48,0,3,100,1,104,100,0,100,204
06/04/2003,MQY,TN,ASO,CE,Federal Contract Tower,0,2,63,8,73,0,1,69,18,88,0,3,132,26,161,150,2,152,313
06/05/2003,MQY,TN,ASO,CE,Federal Contract Tower,2,8,48,7,65,0,11,94,9,114,2,19,142,16,179,222,0,222,401
06/06/2003,MQY,TN,ASO,CE,Federal Contract Tower,0,4,31,1,36,0,0,65,3,68,0,4,96,4,104,74,0,74,178
06/07/2003,MQY,TN,ASO,CE,Federal Contract Tower,1,15,35,5,56,0,0,25,3,28,1,15,60,8,84,62,0,62,146
06/08/2003,MQY,TN,ASO,CE,Federal Contract Tower,0,11,20,0,31,0,0,66,14,80,0,11,86,14,111,154,0,154,265
06/09/2003,MQY,TN,ASO,CE,Federal Contract Tower,0,4,37,8,49,0,9,92,6,107,0,13,129,14,156,148,0,148,304
06/10/2003,MQY,TN,ASO,CE,Federal Contract Tower,8,3,23,0,34,2,0,77,2,81,10,3,100,2,115,72,0,72,187
06/11/2003,MQY,TN,ASO,CE,Federal Contract Tower,0,2,41,0,43,0,1,21,0,22,0,3,62,0,65,42,0,42,107
06/12/2003,MQY,TN,ASO,CE,Federal Contract Tower,0,3,31,2,36,0,0,77,17,94,0,3,108,19,130,120,0,120,250
06/13/2003,MQY,TN,ASO,CE,Federal Contract Tower,0,6,45,1,52,0,0,49,27,76,0,6,94,28,128,148,4,152,280
06/14/2003,MQY,TN,ASO,CE,Federal Contract Tower,0,0,36,0,36,0,0,89,1,90,0,0,125,1,126,168,0,168,294
06/15/2003,MQY,TN,ASO,CE,Federal Contract Tower,0,4,34,5,43,0,0,71,0,71,0,4,105,5,114,24,8,32,146
06/16/2003,MQY,TN,ASO,CE,Federal Contract Tower,0,5,38,5,48,0,10,57,7,74,0,15,95,12,122,116,0,116,238
06/17/2003,MQY,TN,ASO,CE,Federal Contract Tower,0,6,67,25,98,0,0,68,5,73,0,6,135,30,171,108,4,112,283
06/18/2003,MQY,TN,ASO,CE,Federal Contract Tower,0,2,42,5,49,0,0,37,4,41,0,2,79,9,90,70,0,70,160
06/19/2003,MQY,TN,ASO,CE,Federal Contract Tower,0,3,59,9,71,0,2,78,15,95,0,5,137,24,166,124,4,128,294
06/20/2003,MQY,TN,ASO,CE,Federal Contract Tower,0,7,70,11,88,0,0,98,15,113,0,7,168,26,201,136,28,164,365
06/21/2003,MQY,TN,ASO,CE,Federal Contract Tower,0,2,28,0,30,0,0,127,0,127,0,2,155,0,157,158,0,158,315
06/22/2003,MQY,TN,ASO,CE,Federal Contract Tower,0,4,18,5,27,0,0,86,3,89,0,4,104,8,116,154,0,154,270
06/23/2003,MQY,TN,ASO,CE,Federal Contract Tower,0,5,67,11,83,0,0,143,17,160,0,5,210,28,243,108,0,108,351
06/24/2003,MQY,TN,ASO,CE,Federal Contract Tower,0,3,57,0,60,0,0,96,10,106,0,3,153,10,166,168,0,168,334
06/25/2003,MQY,TN,ASO,CE,Federal Contract Tower,0,2,56,2,60,0,0,88,6,94,0,2,144,8,154,86,0,86,240
06/26/2003,MQY,TN,ASO,CE,Federal Contract Tower,0,7,47,3,57,0,4,91,6,101,0,11,138,9,158,108,1,109,267
06/27/2003,MQY,TN,ASO,CE,Federal Contract Tower,0,2,48,16,66,0,0,95,1,96,0,2,143,17,162,104,6,110,272
06/28/2003,MQY,TN,ASO,CE,Federal Contract Tower,0,0,32,0,32,0,0,96,0,96,0,0,128,0,128,154,0,154,282
06/29/2003,MQY,TN,ASO,CE,Federal Contract Tower,0,2,41,0,43,0,1,111,0,112,0,3,152,0,155,80,0,80,235
06/30/2003,MQY,TN,ASO,CE,Federal Contract Tower,0,3,30,13,46,0,1,67,0,68,0,4,97,13,114,34,0,34,148
07/01/2003,MQY,TN,ASO,CE,Federal Contract Tower,0,1,18,13,32,0,1,30,8,39,0,2,48,21,71,40,18,58,129
07/02/2003,MQY,TN,ASO,CE,Federal Contract Tower,0,0,64,1,65,0,2,135,2,139,0,2,199,3,204,114,0,114,318
07/03/2003,MQY,TN,ASO,CE,Federal Contract Tower,0,2,49,1,52,0,0,118,8,126,0,2,167,9,178,184,2,186,364
07/04/2003,MQY,TN,ASO,CE,Federal Contract Tower,0,2,24,0,26,0,0,50,3,53,0,2,74,3,79,56,0,56,135
07/05/2003,MQY,TN,ASO,CE,Federal Contract Tower,0,0,51,0,51,0,0,41,0,41,0,0,92,0,92,78,0,78,170
07/06/2003,MQY,TN,ASO,CE,Federal Contract Tower,0,3,33,0,36,0,0,57,0,57,0,3,90,0,93,68,0,68,161
07/07/2003,MQY,TN,ASO,CE,Federal Contract Tower,0,5,25,4,34,0,0,41,11,52,0,5,66,15,86,122,12,134,220
07/08/2003,MQY,TN,ASO,CE,Federal Contract Tower,0,5,38,1,44,0,0,112,8,120,0,5,150,9,164,84,0,84,248
07/09/2003,MQY,TN,ASO,CE,Federal Contract Tower,0,7,41,1,49,0,0,56,4,60,0,7,97,5,109,122,8,130,239
07/10/2003,MQY,TN,ASO,CE,Federal Contract Tower,0,6,45,2,53,0,1,48,15,64,0,7,93,17,117,114,0,114,231
07/11/2003,MQY,TN,ASO,CE,Federal Contract Tower,0,2,64,0,66,0,0,60,6,66,0,2,124,6,132,84,0,84,216
07/12/2003,MQY,TN,ASO,CE,Federal Contract Tower,0,26,12,2,40,0,2,104,20,126,0,28,116,22,166,110,54,164,330
07/13/2003,MQY,TN,ASO,CE,Federal Contract Tower,0,13,24,0,37,0,0,96,31,127,0,13,120,31,164,97,0,97,261
07/14/2003,MQY,TN,ASO,CE,Federal Contract Tower,0,4,47,10,61,0,0,91,27,118,0,4,138,37,179,96,24,120,299
07/15/2003,MQY,TN,ASO,CE,Federal Contract Tower,0,4,49,2,55,0,5,88,21,114,0,9,137,23,169,164,20,184,353
07/16/2003,MQY,TN,ASO,CE,Federal Contract Tower,0,30,40,2,72,0,11,56,9,76,0,41,96,11,148,150,0,150,298
07/17/2003,MQY,TN,ASO,CE,Federal Contract Tower,0,28,43,11,82,0,2,83,18,103,0,30,126,29,185,158,16,174,359
07/18/2003,MQY,TN,ASO,CE,Federal Contract Tower,0,4,50,10,64,0,0,64,8,72,0,4,114,18,136,28,0,28,164
07/19/2003,MQY,TN,ASO,CE,Federal Contract Tower,0,2,30,8,40,0,0,96,40,136,0,2,126,48,176,104,0,104,280
07/20/2003,MQY,TN,ASO,CE,Federal Contract Tower,0,0,27,0,27,0,0,79,0,79,0,0,106,0,106,112,0,112,218
07/21/2003,MQY,TN,ASO,CE,Federal Contract Tower,0,2,29,2,33,0,1,46,24,71,0,3,75,26,104,106,12,118,222
07/22/2003,MQY,TN,ASO,CE,Federal Contract Tower,0,8,31,2,41,0,0,36,13,49,0,8,67,15,90,104,0,104,194
07/23/2003,MQY,TN,ASO,CE,Federal Contract Tower,0,4,72,4,80,0,1,46,4,51,0,5,118,8,131,34,0,34,165
07/24/2003,MQY,TN,ASO,CE,Federal Contract Tower,0,3,18,1,22,0,0,118,13,131,0,3,136,14,153,98,0,98,251
07/25/2003,MQY,TN,ASO,CE,Federal Contract Tower,0,1,32,7,40,0,0,58,11,69,0,1,90,18,109,139,0,139,248
07/26/2003,MQY,TN,ASO,CE,Federal Contract Tower,0,0,22,0,22,0,0,84,0,84,0,0,106,0,106,138,0,138,244
07/27/2003,MQY,TN,ASO,CE,Federal Contract Tower,0,3,20,0,23,0,0,57,0,57,0,3,77,0,80,132,0,132,212
07/28/2003,MQY,TN,ASO,CE,Federal Contract Tower,0,4,29,0,33,0,0,56,3,59,0,4,85,3,92,86,0,86,178
07/29/2003,MQY,TN,ASO,CE,Federal Contract Tower,0,5,48,11,64,0,0,31,21,52,0,5,79,32,116,58,12,70,186
07/30/2003,MQY,TN,ASO,CE,Federal Contract Tower,0,4,49,5,58,0,0,39,7,46,0,4,88,12,104,104,4,108,212
07/31/2003,MQY,TN,ASO,CE,Federal Contract Tower,0,8,32,1,41,0,0,27,5,32,0,8,59,6,73,24,6,30,103
08/01/2003,MQY,TN,ASO,CE,Federal Contract Tower,0,5,41,13,59,0,0,38,0,38,0,5,79,13,97,84,0,84,181
08/02/2003,MQY,TN,ASO,CE,Federal Contract Tower,0,0,21,0,21,0,0,65,13,78,0,0,86,13,99,56,12,68,167
08/03/2003,MQY,TN,ASO,CE,Federal Contract Tower,0,1,24,1,26,0,0,44,27,71,0,1,68,28,97,108,0,108,205
08/04/2003,MQY,TN,ASO,CE,Federal Contract Tower,0,8,34,4,46,0,2,56,10,68,0,10,90,14,114,90,0,90,204
08/05/2003,MQY,TN,ASO,CE,Federal Contract Tower,0,7,40,10,57,0,7,66,15,88,0,14,106,25,145,102,4,106,251
08/06/2003,MQY,TN,ASO,CE,Federal Contract Tower,0,7,30,4,41,0,0,20,0,20,0,7,50,4,61,34,12,46,107
08/07/2003,MQY,TN,ASO,CE,Federal Contract Tower,0,3,29,2,34,0,0,85,18,103,0,3,114,20,137,140,6,146,283
08/08/2003,MQY,TN,ASO,CE,Federal Contract Tower,1,3,37,8,49,0,0,52,0,52,1,3,89,8,101,70,0,70,171
08/09/2003,MQY,TN,ASO,CE,Federal Contract Tower,0,3,28,9,40,0,0,62,13,75,0,3,90,22,115,154,10,164,279
08/10/2003,MQY,TN,ASO,CE,Federal Contract Tower,0,2,32,3,37,0,0,67,0,67,0,2,99,3,104,120,0,120,224
08/11/2003,MQY,TN,ASO,CE,Federal Contract Tower,4,7,32,13,56,0,2,79,11,92,4,9,111,24,148,142,2,144,292
08/12/2003,MQY,TN,ASO,CE,Federal Contract Tower,0,3,66,18,87,0,0,78,21,99,0,3,144,39,186,94,0,94,280
08/13/2003,MQY,TN,ASO,CE,Federal Contract Tower,0,3,43,8,54,0,1,47,15,63,0,4,90,23,117,66,0,66,183
08/14/2003,MQY,TN,ASO,CE,Federal Contract Tower,0,2,28,9,39,0,0,69,15,84,0,2,97,24,123,64,0,64,187
08/15/2003,MQY,TN,ASO,CE,Federal Contract Tower,0,4,37,4,45,0,0,50,12,62,0,4,87,16,107,66,0,66,173
08/16/2003,MQY,TN,ASO,CE,Federal Contract Tower,1,1,35,0,37,0,0,71,0,71,1,1,106,0,108,130,0,130,238
08/17/2003,MQY,TN,ASO,CE,Federal Contract Tower,0,2,28,1,31,0,0,39,2,41,0,2,67,3,72,72,0,72,144
08/18/2003,MQY,TN,ASO,CE,Federal Contract Tower,0,4,32,4,40,0,3,67,7,77,0,7,99,11,117,90,0,90,207
08/19/2003,MQY,TN,ASO,CE,Federal Contract Tower,0,5,42,0,47,0,0,95,4,99,0,5,137,4,146,172,0,172,318
08/20/2003,MQY,TN,ASO,CE,Federal Contract Tower,0,1,41,0,42,0,1,70,3,74,0,2,111,3,116,90,0,90,206
08/21/2003,MQY,TN,ASO,CE,Federal Contract Tower,0,6,46,2,54,0,2,68,6,76,0,8,114,8,130,98,0,98,228
08/22/2003,MQY,TN,ASO,CE,Federal Contract Tower,0,5,31,5,41,0,0,49,5,54,0,5,80,10,95,98,0,98,193
08/23/2003,MQY,TN,ASO,CE,Federal Contract Tower,0,13,25,6,44,0,0,95,5,100,0,13,120,11,144,134,0,134,278
08/24/2003,MQY,TN,ASO,CE,Federal Contract Tower,0,17,22,0,39,0,0,64,1,65,0,17,86,1,104,133,0,133,237
08/25/2003,MQY,TN,ASO,CE,Federal Contract Tower,0,8,40,1,49,0,3,74,10,87,0,11,114,11,136,116,0,116,252
08/26/2003,MQY,TN,ASO,CE,Federal Contract Tower,4,28,47,2,81,0,0,86,9,95,4,28,133,11,176,180,8,188,364
08/27/2003,MQY,TN,ASO,CE,Federal Contract Tower,1,24,72,0,97,0,0,41,9,50,1,24,113,9,147,58,0,58,205
08/28/2003,MQY,TN,ASO,CE,Federal Contract Tower,0,9,48,6,63,0,1,74,32,107,0,10,122,38,170,97,2,99,269
08/29/2003,MQY,TN,ASO,CE,Federal Contract Tower,0,9,58,3,70,0,0,80,5,85,0,9,138,8,155,80,4,84,239
08/30/2003,MQY,TN,ASO,CE,Federal Contract Tower,0,0,35,0,35,0,0,49,0,49,0,0,84,0,84,102,0,102,186
08/31/2003,MQY,TN,ASO,CE,Federal Contract Tower,1,2,19,0,22,0,0,59,0,59,1,2,78,0,81,104,0,104,185
09/01/2003,MQY,TN,ASO,CE,Federal Contract Tower,0,4,19,0,23,0,0,64,0,64,0,4,83,0,87,124,0,124,211
09/02/2003,MQY,TN,ASO,CE,Federal Contract Tower,0,2,36,0,38,0,2,49,3,54,0,4,85,3,92,54,0,54,146
09/03/2003,MQY,TN,ASO,CE,Federal Contract Tower,0,19,34,6,59,0,4,0,15,19,0,23,34,21,78,22,6,28,106
09/04/2003,MQY,TN,ASO,CE,Federal Contract Tower,0,6,40,0,46,0,0,69,20,89,0,6,109,20,135,142,0,142,277
09/05/2003,MQY,TN,ASO,CE,Federal Contract Tower,0,15,29,0,44,0,0,64,3,67,0,15,93,3,111,104,0,104,215
09/06/2003,MQY,TN,ASO,CE,Federal Contract Tower,0,0,49,0,49,0,0,326,9,335,0,0,375,9,384,8,0,8,392
09/07/2003,MQY,TN,ASO,CE,Federal Contract Tower,0,2,44,4,50,0,0,62,5,67,0,2,106,9,117,42,8,50,167
09/08/2003,MQY,TN,ASO,CE,Federal Contract Tower,0,25,64,5,94,0,1,30,12,43,0,26,94,17,137,6,0,6,143
09/09/2003,MQY,TN,ASO,CE,Federal Contract Tower,0,13,35,21,69,0,0,90,19,109,0,13,125,40,178,154,6,160,338
09/10/2003,MQY,TN,ASO,CE,Federal Contract Tower,0,19,45,1,65,0,5,78,7,90,0,24,123,8,155,156,0,156,311
09/11/2003,MQY,TN,ASO,CE,Federal Contract Tower,0,5,63,2,70,0,0,42,11,53,0,5,105,13,123,120,0,120,243
09/12/2003,MQY,TN,ASO,CE,Federal Contract Tower,0,4,57,0,61,0,1,77,1,79,0,5,134,1,140,162,0,162,302
09/13/2003,MQY,TN,ASO,CE,Federal Contract Tower,0,18,60,0,78,0,1,116,0,117,0,19,176,0,195,164,0,164,359
09/14/2003,MQY,TN,ASO,CE,Federal Contract Tower,0,12,18,0,30,0,3,44,0,47,0,15,62,0,77,60,0,60,137
09/15/2003,MQY,TN,ASO,CE,Federal Contract Tower,0,7,77,2,86,0,0,93,5,98,0,7,170,7,184,64,0,64,248
09/16/2003,MQY,TN,ASO,CE,Federal Contract Tower,0,5,30,1,36,0,2,73,7,82,0,7,103,8,118,160,0,160,278
09/17/2003,MQY,TN,ASO,CE,Federal Contract Tower,0,6,37,1,44,0,0,85,15,100,0,6,122,16,144,174,0,174,318
09/18/2003,MQY,TN,ASO,CE,Federal Contract Tower,0,8,26,0,34,0,0,78,18,96,0,8,104,18,130,149,0,149,279
09/19/2003,MQY,TN,ASO,CE,Federal Contract Tower,0,7,64,3,74,0,0,44,3,47,0,7,108,6,121,70,12,82,203
09/20/2003,MQY,TN,ASO,CE,Federal Contract Tower,0,4,33,0,37,0,1,83,0,84,0,5,116,0,121,74,0,74,195
09/21/2003,MQY,TN,ASO,CE,Federal Contract Tower,0,2,22,0,24,0,1,46,1,48,0,3,68,1,72,48,0,48,120
09/22/2003,MQY,TN,ASO,CE,Federal Contract Tower,0,10,38,1,49,0,1,42,2,45,0,11,80,3,94,64,0,64,158
09/23/2003,MQY,TN,ASO,CE,Federal Contract Tower,0,29,54,2,85,0,7,75,7,89,0,36,129,9,174,184,0,184,358
09/24/2003,MQY,TN,ASO,CE,Federal Contract Tower,0,34,54,14,102,0,6,80,7,93,0,40,134,21,195,88,0,88,283
09/25/2003,MQY,TN,ASO,CE,Federal Contract Tower,0,24,58,0,82,0,12,61,9,82,0,36,119,9,164,161,6,167,331
09/26/2003,MQY,TN,ASO,CE,Federal Contract Tower,0,18,53,7,78,0,9,77,6,92,0,27,130,13,170,20,0,20,190
09/27/2003,MQY,TN,ASO,CE,Federal Contract Tower,0,0,29,0,29,0,0,43,0,43,0,0,72,0,72,60,0,60,132
09/28/2003,MQY,TN,ASO,CE,Federal Contract Tower,0,3,30,0,33,0,0,69,3,72,0,3,99,3,105,52,0,52,157
09/29/2003,MQY,TN,ASO,CE,Federal Contract Tower,0,10,40,2,52,0,0,83,1,84,0,10,123,3,136,130,0,130,266
09/30/2003,MQY,TN,ASO,CE,Federal Contract Tower,1,4,33,0,38,0,0,88,8,96,1,4,121,8,134,154,0,154,288
10/01/2003,MQY,TN,ASO,CE,Federal Contract Tower,0,10,49,8,67,0,8,39,14,61,0,18,88,22,128,48,0,48,176
10/02/2003,MQY,TN,ASO,CE,Federal Contract Tower,1,4,30,4,39,0,0,70,5,75,1,4,100,9,114,104,0,104,218
10/03/2003,MQY,TN,ASO,CE,Federal Contract Tower,0,3,36,5,44,0,0,51,15,66,0,3,87,20,110,84,0,84,194
10/04/2003,MQY,TN,ASO,CE,Federal Contract Tower,0,1,13,0,14,0,0,60,0,60,0,1,73,0,74,48,0,48,122
10/05/2003,MQY,TN,ASO,CE,Federal Contract Tower,0,4,18,3,25,0,0,59,1,60,0,4,77,4,85,168,0,168,253
10/06/2003,MQY,TN,ASO,CE,Federal Contract Tower,0,4,29,0,33,0,0,82,0,82,0,4,111,0,115,58,0,58,173
10/07/2003,MQY,TN,ASO,CE,Federal Contract Tower,0,5,42,7,54,0,0,86,22,108,0,5,128,29,162,154,0,154,316
10/08/2003,MQY,TN,ASO,CE,Federal Contract Tower,0,11,50,8,69,0,1,53,0,54,0,12,103,8,123,118,0,118,241
10/09/2003,MQY,TN,ASO,CE,Federal Contract Tower,0,3,32,6,41,0,0,73,0,73,0,3,105,6,114,140,0,140,254
10/10/2003,MQY,TN,ASO,CE,Federal Contract Tower,0,10,55,10,75,1,0,20,22,43,1,10,75,32,118,22,0,22,140
10/11/2003,MQY,TN,ASO,CE,Federal Contract Tower,0,7,32,0,39,0,1,100,0,101,0,8,132,0,140,162,0,162,302
10/12/2003,MQY,TN,ASO,CE,Federal Contract Tower,0,3,18,0,21,0,0,47,0,47,0,3,65,0,68,106,0,106,174
10/13/2003,MQY,TN,ASO,CE,Federal Contract Tower,0,10,42,0,52,1,10,50,0,61,1,20,92,0,113,56,0,56,169
10/14/2003,MQY,TN,ASO,CE,Federal Contract Tower,0,4,20,2,26,0,0,33,0,33,0,4,53,2,59,18,0,18,77
10/15/2003,MQY,TN,ASO,CE,Federal Contract Tower,0,12,55,10,77,0,13,95,8,116,0,25,150,18,193,102,26,128,321
10/16/2003,MQY,TN,ASO,CE,Federal Contract Tower,0,13,53,9,75,0,19,92,3,114,0,32,145,12,189,96,8,104,293
10/17/2003,MQY,TN,ASO,CE,Federal Contract Tower,0,14,59,10,83,0,22,32,3,57,0,36,91,13,140,91,22,113,253
10/18/2003,MQY,TN,ASO,CE,Federal Contract Tower,0,9,35,4,48,0,7,107,0,114,0,16,142,4,162,110,0,110,272
10/19/2003,MQY,TN,ASO,CE,Federal Contract Tower,0,2,14,3,19,0,0,60,4,64,0,2,74,7,83,110,14,124,207
10/20/2003,MQY,TN,ASO,CE,Federal Contract Tower,0,13,55,10,78,0,7,63,9,79,0,20,118,19,157,96,40,136,293
10/21/2003,MQY,TN,ASO,CE,Federal Contract Tower,0,9,39,7,55,0,0,72,14,86,0,9,111,21,141,102,2,104,245
10/22/2003,MQY,TN,ASO,CE,Federal Contract Tower,0,5,40,7,52,0,0,97,7,104,0,5,137,14,156,104,6,110,266
10/23/2003,MQY,TN,ASO,CE,Federal Contract Tower,0,9,41,5,55,0,0,84,0,84,0,9,125,5,139,94,0,94,233
10/24/2003,MQY,TN,ASO,CE,Federal Contract Tower,0,3,36,5,44,0,0,118,5,123,0,3,154,10,167,144,4,148,315
10/25/2003,MQY,TN,ASO,CE,Federal Contract Tower,0,0,21,2,23,2,0,101,0,103,2,0,122,2,126,88,0,88,214
10/26/2003,MQY,TN,ASO,CE,Federal Contract Tower,0,3,24,3,30,0,0,2,1,3,0,3,26,4,33,0,0,0,33
10/27/2003,MQY,TN,ASO,CE,Federal Contract Tower,0,8,38,3,49,0,10,47,0,57,0,18,85,3,106,44,0,44,150
10/28/2003,MQY,TN,ASO,CE,Federal Contract Tower,0,3,37,6,46,2,0,76,3,81,2,3,113,9,127,134,0,134,261
10/29/2003,MQY,TN,ASO,CE,Federal Contract Tower,0,13,57,9,79,1,3,97,16,117,1,16,154,25,196,68,2,70,266
10/30/2003,MQY,TN,ASO,CE,Federal Contract Tower,0,2,36,5,43,0,0,86,6,92,0,2,122,11,135,78,0,78,213
10/31/2003,MQY,TN,ASO,CE,Federal Contract Tower,0,2,56,8,66,0,0,90,0,90,0,2,146,8,156,136,0,136,292
11/01/2003,MQY,TN,ASO,CE,Federal Contract Tower,0,1,20,3,24,0,2,133,1,136,0,3,153,4,160,128,0,128,288
11/02/2003,MQY,TN,ASO,CE,Federal Contract Tower,0,3,22,1,26,0,3,82,3,88,0,6,104,4,114,104,0,104,218
11/03/2003,MQY,TN,ASO,CE,Federal Contract Tower,1,5,69,7,82,0,0,84,18,102,1,5,153,25,184,84,12,96,280
11/04/2003,MQY,TN,ASO,CE,Federal Contract Tower,0,4,36,3,43,0,1,90,11,102,0,5,126,14,145,132,4,136,281
11/05/2003,MQY,TN,ASO,CE,Federal Contract Tower,0,4,39,4,47,0,3,20,8,31,0,7,59,12,78,14,2,16,94
11/06/2003,MQY,TN,ASO,CE,Federal Contract Tower,0,5,60,6,71,0,0,3,11,14,0,5,63,17,85,0,0,0,85
11/07/2003,MQY,TN,ASO,CE,Federal Contract Tower,1,6,72,7,86,0,0,3,2,5,1,6,75,9,91,0,6,6,97
11/08/2003,MQY,TN,ASO,CE,Federal Contract Tower,0,0,28,4,32,0,0,131,10,141,0,0,159,14,173,122,14,136,309
11/09/2003,MQY,TN,ASO,CE,Federal Contract Tower,1,3,40,5,49,10,2,80,4,96,11,5,120,9,145,62,0,62,207
11/10/2003,MQY,TN,ASO,CE,Federal Contract Tower,0,5,70,8,83,0,0,53,9,62,0,5,123,17,145,98,4,102,247
11/11/2003,MQY,TN,ASO,CE,Federal Contract Tower,0,4,56,6,66,0,0,66,4,70,0,4,122,10,136,78,0,78,214
11/12/2003,MQY,TN,ASO,CE,Federal Contract Tower,1,3,33,4,41,0,4,8,7,19,1,7,41,11,60,54,0,54,114
11/13/2003,MQY,TN,ASO,CE,Federal Contract Tower,0,2,29,4,35,0,6,67,8,81,0,8,96,12,116,114,0,114,230
11/14/2003,MQY,TN,ASO,CE,Federal Contract Tower,0,5,51,4,60,0,1,107,0,108,0,6,158,4,168,64,0,64,232
11/15/2003,MQY,TN,ASO,CE,Federal Contract Tower,0,4,39,2,45,0,4,73,0,77,0,8,112,2,122,82,0,82,204
11/16/2003,MQY,TN,ASO,CE,Federal Contract Tower,0,2,16,1,19,0,0,1,0,1,0,2,17,1,20,0,0,0,20
11/17/2003,MQY,TN,ASO,CE,Federal Contract Tower,0,1,44,5,50,0,0,32,2,34,0,1,76,7,84,26,6,32,116
11/18/2003,MQY,TN,ASO,CE,Federal Contract Tower,0,2,14,0,16,0,4,6,7,17,0,6,20,7,33,0,2,2,35
11/19/2003,MQY,TN,ASO,CE,Federal Contract Tower,0,4,43,3,50,1,0,45,9,55,1,4,88,12,105,40,6,46,151
11/20/2003,MQY,TN,ASO,CE,Federal Contract Tower,0,6,77,8,91,0,0,108,5,113,0,6,185,13,204,200,0,200,404
11/21/2003,MQY,TN,ASO,CE,Federal Contract Tower,0,4,55,6,65,1,0,94,1,96,1,4,149,7,161,110,6,116,277
11/22/2003,MQY,TN,ASO,CE,Federal Contract Tower,0,2,37,0,39,0,0,139,0,139,0,2,176,0,178,90,0,90,268
11/23/2003,MQY,TN,ASO,CE,Federal Contract Tower,0,2,22,0,24,0,0,75,0,75,0,2,97,0,99,36,0,36,135
11/24/2003,MQY,TN,ASO,CE,Federal Contract Tower,0,5,75,4,84,1,0,65,0,66,1,5,140,4,150,100,0,100,250
11/25/2003,MQY,TN,ASO,CE,Federal Contract Tower,0,1,18,2,21,0,6,86,9,101,0,7,104,11,122,138,8,146,268
11/26/2003,MQY,TN,ASO,CE,Federal Contract Tower,0,6,62,7,75,0,1,64,3,68,0,7,126,10,143,96,0,96,239
11/27/2003,MQY,TN,ASO,CE,Federal Contract Tower,0,0,2,0,2,0,2,0,0,2,0,2,2,0,4,0,0,0,4
11/28/2003,MQY,TN,ASO,CE,Federal Contract Tower,0,2,28,0,30,0,1,25,0,26,0,3,53,0,56,0,0,0,56
11/29/2003,MQY,TN,ASO,CE,Federal Contract Tower,0,2,38,0,40,1,0,81,0,82,1,2,119,0,122,58,0,58,180
11/30/2003,MQY,TN,ASO,CE,Federal Contract Tower,0,2,26,0,28,0,0,81,0,81,0,2,107,0,109,126,0,126,235
12/01/2003,MQY,TN,ASO,CE,Federal Contract Tower,1,4,45,2,52,0,0,84,0,84,1,4,129,2,136,54,0,54,190
12/02/2003,MQY,TN,ASO,CE,Federal Contract Tower,0,2,47,3,52,0,0,85,19,104,0,2,132,22,156,92,0,92,248
12/03/2003,MQY,TN,ASO,CE,Federal Contract Tower,0,7,44,3,54,0,7,52,3,62,0,14,96,6,116,91,0,91,207
12/04/2003,MQY,TN,ASO,CE,Federal Contract Tower,0,4,28,2,34,0,1,15,0,16,0,5,43,2,50,0,0,0,50
12/05/2003,MQY,TN,ASO,CE,Federal Contract Tower,1,2,49,4,56,0,0,8,27,35,1,2,57,31,91,0,26,26,117
12/06/2003,MQY,TN,ASO,CE,Federal Contract Tower,0,1,16,2,19,0,0,63,14,77,0,1,79,16,96,188,0,188,284
12/07/2003,MQY,TN,ASO,CE,Federal Contract Tower,0,2,24,3,29,0,0,92,9,101,0,2,116,12,130,134,0,134,264
12/08/2003,MQY,TN,ASO,CE,Federal Contract Tower,0,2,54,5,61,0,0,79,11,90,0,2,133,16,151,84,2,86,237
12/09/2003,MQY,TN,ASO,CE,Federal Contract Tower,0,3,35,3,41,0,0,70,11,81,0,3,105,14,122,86,4,90,212
12/10/2003,MQY,TN,ASO,CE,Federal Contract Tower,0,6,31,3,40,1,2,29,9,41,1,8,60,12,81,16,10,26,107
12/11/2003,MQY,TN,ASO,CE,Federal Contract Tower,0,4,48,5,57,1,0,61,4,66,1,4,109,9,123,110,0,110,233
12/12/2003,MQY,TN,ASO,CE,Federal Contract Tower,0,8,61,6,75,0,0,85,5,90,0,8,146,11,165,66,0,66,231
12/13/2003,MQY,TN,ASO,CE,Federal Contract Tower,0,7,33,0,40,0,23,0,0,23,0,30,33,0,63,0,0,0,63
12/14/2003,MQY,TN,ASO,CE,Federal Contract Tower,0,4,25,2,31,0,18,3,0,21,0,22,28,2,52,0,0,0,52
12/15/2003,MQY,TN,ASO,CE,Federal Contract Tower,0,5,33,3,41,0,0,55,5,60,0,5,88,8,101,64,0,64,165
12/16/2003,MQY,TN,ASO,CE,Federal Contract Tower,0,6,31,1,38,1,10,17,0,28,1,16,48,1,66,0,0,0,66
12/17/2003,MQY,TN,ASO,CE,Federal Contract Tower,0,12,62,2,76,0,9,65,0,74,0,21,127,2,150,104,0,104,254
12/18/2003,MQY,TN,ASO,CE,Federal Contract Tower,0,8,40,4,52,2,6,42,1,51,2,14,82,5,103,56,0,56,159
12/19/2003,MQY,TN,ASO,CE,Federal Contract Tower,0,4,44,4,52,0,0,48,12,60,0,4,92,16,112,16,6,22,134
12/20/2003,MQY,TN,ASO,CE,Federal Contract Tower,0,2,16,0,18,0,0,108,0,108,0,2,124,0,126,94,0,94,220
12/21/2003,MQY,TN,ASO,CE,Federal Contract Tower,0,4,21,1,26,0,1,68,1,70,0,5,89,2,96,108,0,108,204
12/22/2003,MQY,TN,ASO,CE,Federal Contract Tower,0,9,48,1,58,0,4,55,0,59,0,13,103,1,117,46,0,46,163
12/23/2003,MQY,TN,ASO,CE,Federal Contract Tower,0,4,26,0,30,0,5,26,0,31,0,9,52,0,61,0,0,0,61
12/24/2003,MQY,TN,ASO,CE,Federal Contract Tower,0,3,17,0,20,0,1,40,0,41,0,4,57,0,61,88,0,88,149
12/25/2003,MQY,TN,ASO,CE,Federal Contract Tower,0,0,5,0,5,0,0,9,0,9,0,0,14,0,14,4,0,4,18
12/26/2003,MQY,TN,ASO,CE,Federal Contract Tower,0,2,16,0,18,0,0,117,0,117,0,2,133,0,135,136,0,136,271
12/27/2003,MQY,TN,ASO,CE,Federal Contract Tower,0,0,25,0,25,0,0,72,0,72,0,0,97,0,97,84,0,84,181
12/28/2003,MQY,TN,ASO,CE,Federal Contract Tower,0,2,19,0,21,0,0,70,0,70,0,2,89,0,91,30,0,30,121
12/29/2003,MQY,TN,ASO,CE,Federal Contract Tower,0,3,16,0,19,0,1,19,0,20,0,4,35,0,39,8,0,8,47
12/30/2003,MQY,TN,ASO,CE,Federal Contract Tower,0,7,36,2,45,0,0,108,3,111,0,7,144,5,156,188,0,188,344
12/31/2003,MQY,TN,ASO,CE,Federal Contract Tower,0,6,34,2,42,0,5,101,6,112,0,11,135,8,154,164,0,164,318
01/01/2004,MQY,TN,ASO,CE,Federal Contract Tower,0,0,9,0,9,0,0,41,0,41,0,0,50,0,50,116,0,116,166
01/02/2004,MQY,TN,ASO,CE,Federal Contract Tower,0,3,14,0,17,0,1,28,0,29,0,4,42,0,46,58,0,58,104
01/03/2004,MQY,TN,ASO,CE,Federal Contract Tower,0,3,9,0,12,0,0,33,0,33,0,3,42,0,45,30,0,30,75
01/04/2004,MQY,TN,ASO,CE,Federal Contract Tower,0,3,9,0,12,0,1,50,0,51,0,4,59,0,63,6,0,6,69
01/05/2004,MQY,TN,ASO,CE,Federal Contract Tower,1,7,36,6,50,0,1,48,8,57,1,8,84,14,107,0,8,8,115
01/06/2004,MQY,TN,ASO,CE,Federal Contract Tower,0,5,25,4,34,0,1,59,20,80,0,6,84,24,114,148,6,154,268
01/07/2004,MQY,TN,ASO,CE,Federal Contract Tower,1,4,30,5,40,0,0,80,3,83,1,4,110,8,123,92,6,98,221
01/08/2004,MQY,TN,ASO,CE,Federal Contract Tower,0,5,27,5,37,1,4,57,7,69,1,9,84,12,106,44,0,44,150
01/09/2004,MQY,TN,ASO,CE,Federal Contract Tower,0,4,19,4,27,0,0,11,13,24,0,4,30,17,51,0,14,14,65
01/10/2004,MQY,TN,ASO,CE,Federal Contract Tower,0,5,21,4,30,1,2,101,2,106,1,7,122,6,136,194,0,194,330
01/11/2004,MQY,TN,ASO,CE,Federal Contract Tower,0,3,15,2,20,1,0,73,4,78,1,3,88,6,98,176,0,176,274
01/12/2004,MQY,TN,ASO,CE,Federal Contract Tower,0,8,42,6,56,0,3,67,0,70,0,11,109,6,126,16,0,16,142
01/13/2004,MQY,TN,ASO,CE,Federal Contract Tower,0,3,29,6,38,0,0,82,16,98,0,3,111,22,136,106,4,110,246
01/14/2004,MQY,TN,ASO,CE,Federal Contract Tower,0,5,32,3,40,0,5,53,0,58,0,10,85,3,98,42,0,42,140
01/15/2004,MQY,TN,ASO,CE,Federal Contract Tower,0,8,47,9,64,0,6,61,11,78,0,14,108,20,142,70,10,80,222
01/16/2004,MQY,TN,ASO,CE,Federal Contract Tower,0,5,49,9,63,1,0,74,8,83,1,5,123,17,146,74,2,76,222
01/17/2004,MQY,TN,ASO,CE,Federal Contract Tower,0,2,24,0,26,0,0,40,0,40,0,2,64,0,66,96,0,96,162
01/18/2004,MQY,TN,ASO,CE,Federal Contract Tower,0,2,17,0,19,0,0,32,0,32,0,2,49,0,51,0,0,0,51
01/19/2004,MQY,TN,ASO,CE,Federal Contract Tower,0,2,22,1,25,0,0,34,0,34,0,2,56,1,59,96,0,96,155
01/20/2004,MQY,TN,ASO,CE,Federal Contract Tower,0,2,17,3,22,0,1,85,1,87,0,3,102,4,109,103,2,105,214
01/21/2004,MQY,TN,ASO,CE,Federal Contract Tower,0,3,36,6,45,0,0,73,4,77,0,3,109,10,122,136,6,142,264
01/22/2004,MQY,TN,ASO,CE,Federal Contract Tower,0,8,48,8,64,0,2,70,0,72,0,10,118,8,136,72,0,72,208
01/23/2004,MQY,TN,ASO,CE,Federal Contract Tower,0,6,45,7,58,0,0,89,0,89,0,6,134,7,147,92,12,104,251
01/24/2004,MQY,TN,ASO,CE,Federal Contract Tower,0,0,14,2,16,0,0,137,6,143,0,0,151,8,159,178,0,178,337
01/25/2004,MQY,TN,ASO,CE,Federal Contract Tower,0,2,12,0,14,0,3,48,0,51,0,5,60,0,65,0,0,0,65
01/26/2004,MQY,TN,ASO,CE,Federal Contract Tower,0,6,36,7,49,0,7,30,13,50,0,13,66,20,99,14,40,54,153
01/27/2004,MQY,TN,ASO,CE,Federal Contract Tower,0,3,19,3,25,0,1,37,2,40,0,4,56,5,65,0,0,0,65
01/28/2004,MQY,TN,ASO,CE,Federal Contract Tower,0,7,43,8,58,1,1,75,10,87,1,8,118,18,145,118,18,136,281
01/29/2004,MQY,TN,ASO,CE,Federal Contract Tower,0,6,35,6,47,0,3,85,2,90,0,9,120,8,137,138,0,138,275
01/30/2004,MQY,TN,ASO,CE,Federal Contract Tower,0,6,35,6,47,0,0,50,9,59,0,6,85,15,106,54,2,56,162
01/31/2004,MQY,TN,ASO,CE,Federal Contract Tower,0,3,43,2,48,0,0,103,0,103,0,3,146,2,151,170,0,170,321
02/01/2004,MQY,TN,ASO,CE,Federal Contract Tower,1,2,16,0,19,0,2,69,0,71,1,4,85,0,90,124,0,124,214
02/02/2004,MQY,TN,ASO,CE,Federal Contract Tower,0,3,24,2,29,0,6,16,5,27,0,9,40,7,56,0,0,0,56
02/03/2004,MQY,TN,ASO,CE,Federal Contract Tower,0,7,41,5,53,0,12,30,16,58,0,19,71,21,111,34,32,66,177
02/04/2004,MQY,TN,ASO,CE,Federal Contract Tower,0,8,43,5,56,0,14,46,0,60,0,22,89,5,116,173,14,187,303
02/05/2004,MQY,TN,ASO,CE,Federal Contract Tower,0,2,15,0,17,0,2,1,0,3,0,4,16,0,20,0,0,0,20
02/06/2004,MQY,TN,ASO,CE,Federal Contract Tower,1,5,30,4,40,2,2,0,0,4,3,7,30,4,44,0,0,0,44
02/07/2004,MQY,TN,ASO,CE,Federal Contract Tower,1,0,7,0,8,0,0,14,13,27,1,0,21,13,35,38,0,38,73
02/08/2004,MQY,TN,ASO,CE,Federal Contract Tower,0,4,27,5,36,0,1,73,9,83,0,5,100,14,119,188,0,188,307
02/09/2004,MQY,TN,ASO,CE,Federal Contract Tower,0,7,47,6,60,0,0,52,12,64,0,7,99,18,124,160,0,160,284
02/10/2004,MQY,TN,ASO,CE,Federal Contract Tower,0,5,46,6,57,0,0,65,8,73,0,5,111,14,130,142,0,142,272
02/11/2004,MQY,TN,ASO,CE,Federal Contract Tower,0,6,63,8,77,0,0,64,24,88,0,6,127,32,165,168,12,180,345
02/12/2004,MQY,TN,ASO,CE,Federal Contract Tower,0,7,31,2,40,1,2,27,0,30,1,9,58,2,70,48,0,48,118
02/13/2004,MQY,TN,ASO,CE,Federal Contract Tower,0,3,47,6,56,0,0,79,8,87,0,3,126,14,143,132,0,132,275
02/14/2004,MQY,TN,ASO,CE,Federal Contract Tower,0,1,29,4,34,0,0,113,0,113,0,1,142,4,147,176,0,176,323
02/15/2004,MQY,TN,ASO,CE,Federal Contract Tower,0,1,9,0,10,0,2,22,0,24,0,3,31,0,34,20,0,20,54
02/16/2004,MQY,TN,ASO,CE,Federal Contract Tower,0,4,37,0,41,0,0,97,0,97,0,4,134,0,138,152,0,152,290
02/17/2004,MQY,TN,ASO,CE,Federal Contract Tower,0,11,53,7,71,0,12,68,3,83,0,23,121,10,154,114,0,114,268
02/18/2004,MQY,TN,ASO,CE,Federal Contract Tower,0,16,80,10,106,0,7,74,12,93,0,23,154,22,199,114,6,120,319
02/19/2004,MQY,TN,ASO,CE,Federal Contract Tower,0,4,42,1,47,0,0,97,0,97,0,4,139,1,144,180,0,180,324
02/20/2004,MQY,TN,ASO,CE,Federal Contract Tower,0,9,50,5,64,0,0,57,12,69,0,9,107,17,133,32,0,32,165
02/21/2004,MQY,TN,ASO,CE,Federal Contract Tower,0,0,33,0,33,0,0,119,0,119,0,0,152,0,152,196,0,196,348
02/22/2004,MQY,TN,ASO,CE,Federal Contract Tower,0,4,41,2,47,0,0,72,0,72,0,4,113,2,119,173,0,173,292
02/23/2004,MQY,TN,ASO,CE,Federal Contract Tower,0,4,35,3,42,0,0,83,7,90,0,4,118,10,132,104,0,104,236
02/24/2004,MQY,TN,ASO,CE,Federal Contract Tower,0,3,32,3,38,0,0,56,16,72,0,3,88,19,110,56,0,56,166
02/25/2004,MQY,TN,ASO,CE,Federal Contract Tower,0,9,48,5,62,0,15,61,14,90,0,24,109,19,152,90,8,98,250
02/26/2004,MQY,TN,ASO,CE,Federal Contract Tower,0,3,13,0,16,0,1,0,0,1,0,4,13,0,17,0,0,0,17
02/27/2004,MQY,TN,ASO,CE,Federal Contract Tower,0,4,51,5,60,1,0,67,7,75,1,4,118,12,135,144,0,144,279
02/28/2004,MQY,TN,ASO,CE,Federal Contract Tower,0,9,41,0,50,0,10,145,0,155,0,19,186,0,205,230,0,230,435
02/29/2004,MQY,TN,ASO,CE,Federal Contract Tower,0,9,44,0,53,0,13,55,0,68,0,22,99,0,121,92,0,92,213
03/01/2004,MQY,TN,ASO,CE,Federal Contract Tower,0,4,30,5,39,0,4,0,13,17,0,8,30,18,56,14,0,14,70
03/02/2004,MQY,TN,ASO,CE,Federal Contract Tower,0,6,51,6,63,0,15,74,12,101,0,21,125,18,164,92,0,92,256
03/03/2004,MQY,TN,ASO,CE,Federal Contract Tower,0,3,38,4,45,0,0,51,9,60,0,3,89,13,105,232,22,254,359
03/04/2004,MQY,TN,ASO,CE,Federal Contract Tower,0,2,42,5,49,0,0,56,21,77,0,2,98,26,126,76,0,76,202
03/05/2004,MQY,TN,ASO,CE,Federal Contract Tower,0,4,29,3,36,0,4,11,2,17,0,8,40,5,53,12,6,18,71
03/06/2004,MQY,TN,ASO,CE,Federal Contract Tower,1,2,25,3,31,0,0,59,15,74,1,2,84,18,105,140,4,144,249
03/07/2004,MQY,TN,ASO,CE,Federal Contract Tower,0,2,17,1,20,0,0,65,8,73,0,2,82,9,93,32,2,34,127
03/08/2004,MQY,TN,ASO,CE,Federal Contract Tower,1,4,42,6,53,0,1,94,9,104,1,5,136,15,157,100,0,100,257
03/09/2004,MQY,TN,ASO,CE,Federal Contract Tower,0,3,26,2,31,0,1,42,0,43,0,4,68,2,74,36,2,38,112
03/10/2004,MQY,TN,ASO,CE,Federal Contract Tower,0,5,58,8,71,0,0,103,11,114,0,5,161,19,185,216,12,228,413
03/11/2004,MQY,TN,ASO,CE,Federal Contract Tower,0,6,55,7,68,0,2,61,0,63,0,8,116,7,131,86,10,96,227
03/12/2004,MQY,TN,ASO,CE,Federal Contract Tower,1,2,38,3,44,0,0,120,0,120,1,2,158,3,164,140,0,140,304
03/13/2004,MQY,TN,ASO,CE,Federal Contract Tower,0,0,31,1,32,0,0,137,0,137,0,0,168,1,169,186,0,186,355
03/14/2004,MQY,TN,ASO,CE,Federal Contract Tower,0,3,40,0,43,0,0,26,0,26,0,3,66,0,69,4,0,4,73
03/15/2004,MQY,TN,ASO,CE,Federal Contract Tower,0,3,46,6,55,0,0,45,4,49,0,3,91,10,104,88,0,88,192
03/16/2004,MQY,TN,ASO,CE,Federal Contract Tower,0,4,27,4,35,1,2,68,3,74,1,6,95,7,109,110,0,110,219
03/17/2004,MQY,TN,ASO,CE,Federal Contract Tower,0,7,55,8,70,1,18,65,4,88,1,25,120,12,158,206,0,206,364
03/18/2004,MQY,TN,ASO,CE,Federal Contract Tower,0,5,49,7,61,0,0,94,0,94,0,5,143,7,155,129,0,129,284
03/19/2004,MQY,TN,ASO,CE,Federal Contract Tower,0,6,47,4,57,0,1,101,0,102,0,7,148,4,159,144,0,144,303
03/20/2004,MQY,TN,ASO,CE,Federal Contract Tower,0,0,22,0,22,1,0,51,0,52,1,0,73,0,74,28,0,28,102
03/21/2004,MQY,TN,ASO,CE,Federal Contract Tower,0,2,24,3,29,0,0,69,0,69,0,2,93,3,98,4,0,4,102
03/22/2004,MQY,TN,ASO,CE,Federal Contract Tower,0,6,47,5,58,2,2,75,19,98,2,8,122,24,156,106,8,114,270
03/23/2004,MQY,TN,ASO,CE,Federal Contract Tower,0,5,52,6,63,0,0,63,14,77,0,5,115,20,140,136,24,160,300
03/24/2004,MQY,TN,ASO,CE,Federal Contract Tower,0,6,44,4,54,3,2,72,5,82,3,8,116,9,136,60,0,60,196
03/25/2004,MQY,TN,ASO,CE,Federal Contract Tower,0,4,36,2,42,1,1,73,0,75,1,5,109,2,117,100,0,100,217
03/26/2004,MQY,TN,ASO,CE,Federal Contract Tower,0,4,59,4,67,0,0,78,0,78,0,4,137,4,145,96,2,98,243
03/27/2004,MQY,TN,ASO,CE,Federal Contract Tower,0,0,31,3,34,0,0,105,0,105,0,0,136,3,139,132,0,132,271
03/28/2004,MQY,TN,ASO,CE,Federal Contract Tower,0,2,35,2,39,0,0,86,0,86,0,2,121,2,125,158,0,158,283
03/29/2004,MQY,TN,ASO,CE,Federal Contract Tower,0,3,32,4,39,0,0,7,0,7,0,3,39,4,46,0,0,0,46
03/30/2004,MQY,TN,ASO,CE,Federal Contract Tower,0,2,44,5,51,1,0,79,2,82,1,2,123,7,133,106,0,106,239
03/31/2004,MQY,TN,ASO,CE,Federal Contract Tower,0,6,56,7,69,0,1,79,2,82,0,7,135,9,151,104,0,104,255
04/01/2004,MQY,TN,ASO,CE,Federal Contract Tower,0,5,36,1,42,0,3,72,4,79,0,8,108,5,121,102,0,102,223
04/02/2004,MQY,TN,ASO,CE,Federal Contract Tower,1,5,56,2,64,0,0,76,21,97,1,5,132,23,161,161,6,167,328
04/03/2004,MQY,TN,ASO,CE,Federal Contract Tower,0,1,21,0,22,0,0,132,6,138,0,1,153,6,160,148,4,152,312
04/04/2004,MQY,TN,ASO,CE,Federal Contract Tower,0,2,23,1,26,0,1,55,4,60,0,3,78,5,86,94,0,94,180
04/05/2004,MQY,TN,ASO,CE,Federal Contract Tower,0,5,38,0,43,0,1,76,0,77,0,6,114,0,120,218,0,218,338
04/06/2004,MQY,TN,ASO,CE,Federal Contract Tower,0,2,41,1,44,0,0,102,12,114,0,2,143,13,158,164,10,174,332
04/07/2004,MQY,TN,ASO,CE,Federal Contract Tower,1,7,43,2,53,0,2,48,28,78,1,9,91,30,131,122,16,138,269
04/08/2004,MQY,TN,ASO,CE,Federal Contract Tower,1,9,60,2,72,2,0,73,6,81,3,9,133,8,153,154,0,154,307
04/09/2004,MQY,TN,ASO,CE,Federal Contract Tower,0,7,44,2,53,0,1,107,6,114,0,8,151,8,167,194,0,194,361
04/10/2004,MQY,TN,ASO,CE,Federal Contract Tower,0,9,54,0,63,2,0,70,0,72,2,9,124,0,135,98,0,98,233
04/11/2004,MQY,TN,ASO,CE,Federal Contract Tower,0,5,33,0,38,0,12,20,0,32,0,17,53,0,70,16,0,16,86
04/12/2004,MQY,TN,ASO,CE,Federal Contract Tower,0,3,29,1,33,0,0,3,0,3,0,3,32,1,36,0,0,0,36
04/13/2004,MQY,TN,ASO,CE,Federal Contract Tower,0,4,28,2,34,0,0,0,2,2,0,4,28,4,36,0,0,0,36
04/14/2004,MQY,TN,ASO,CE,Federal Contract Tower,0,1,31,2,34,0,0,79,3,82,0,1,110,5,116,106,6,112,228
04/15/2004,MQY,TN,ASO,CE,Federal Contract Tower,0,3,60,3,66,0,0,68,16,84,0,3,128,19,150,134,0,134,284
04/16/2004,MQY,TN,ASO,CE,Federal Contract Tower,0,6,43,3,52,0,0,108,3,111,0,6,151,6,163,141,0,141,304
04/17/2004,MQY,TN,ASO,CE,Federal Contract Tower,0,0,28,2,30,0,0,66,4,70,0,0,94,6,100,108,0,108,208
04/18/2004,MQY,TN,ASO,CE,Federal Contract Tower,0,3,31,1,35,0,0,54,0,54,0,3,85,1,89,62,0,62,151
04/19/2004,MQY,TN,ASO,CE,Federal Contract Tower,0,5,56,2,63,0,0,82,0,82,0,5,138,2,145,55,0,55,200
04/20/2004,MQY,TN,ASO,CE,Federal Contract Tower,0,5,51,3,59,0,0,66,6,72,0,5,117,9,131,284,0,284,415
04/21/2004,MQY,TN,ASO,CE,Federal Contract Tower,0,4,25,2,31,0,4,73,0,77,0,8,98,2,108,407,0,407,515
04/22/2004,MQY,TN,ASO,CE,Federal Contract Tower,0,4,39,1,44,0,0,105,0,105,0,4,144,1,149,508,0,508,657
04/23/2004,MQY,TN,ASO,CE,Federal Contract Tower,0,3,38,1,42,0,0,123,11,134,0,3,161,12,176,648,0,648,824
04/24/2004,MQY,TN,ASO,CE,Federal Contract Tower,0,3,21,0,24,0,0,104,3,107,0,3,125,3,131,520,0,520,651
04/25/2004,MQY,TN,ASO,CE,Federal Contract Tower,0,2,21,0,23,0,0,98,3,101,0,2,119,3,124,186,0,186,310
04/26/2004,MQY,TN,ASO,CE,Federal Contract Tower,0,3,38,2,43,0,0,370,8,378,0,3,408,10,421,826,0,826,1247
04/27/2004,MQY,TN,ASO,CE,Federal Contract Tower,0,4,27,1,32,0,1,204,2,207,0,5,231,3,239,206,0,206,445
04/28/2004,MQY,TN,ASO,CE,Federal Contract Tower,0,4,29,1,34,2,2,251,9,264,2,6,280,10,298,0,0,0,298
04/29/2004,MQY,TN,ASO,CE,Federal Contract Tower,0,5,34,1,40,0,0,441,12,453,0,5,475,13,493,484,0,484,977
04/30/2004,MQY,TN,ASO,CE,Federal Contract Tower,0,3,20,0,23,0,1,367,5,373,0,4,387,5,396,425,0,425,821
05/01/2004,MQY,TN,ASO,CE,Federal Contract Tower,0,2,18,1,21,0,13,97,1,111,0,15,115,2,132,170,0,170,302
05/02/2004,MQY,TN,ASO,CE,Federal Contract Tower,0,2,67,4,73,0,0,117,12,129,0,2,184,16,202,40,0,40,242
05/03/2004,MQY,TN,ASO,CE,Federal Contract Tower,0,11,62,4,77,0,21,66,0,87,0,32,128,4,164,106,14,120,284
05/04/2004,MQY,TN,ASO,CE,Federal Contract Tower,0,11,59,5,75,0,24,86,24,134,0,35,145,29,209,128,0,128,337
05/05/2004,MQY,TN,ASO,CE,Federal Contract Tower,0,10,50,4,64,0,18,96,6,120,0,28,146,10,184,242,0,242,426
05/06/2004,MQY,TN,ASO,CE,Federal Contract Tower,0,8,41,3,52,0,2,122,5,129,0,10,163,8,181,136,8,144,325
05/07/2004,MQY,TN,ASO,CE,Federal Contract Tower,0,2,54,4,60,0,0,132,3,135,0,2,186,7,195,204,0,204,399
05/08/2004,MQY,TN,ASO,CE,Federal Contract Tower,0,0,18,1,19,0,0,124,0,124,0,0,142,1,143,158,0,158,301
05/09/2004,MQY,TN,ASO,CE,Federal Contract Tower,0,2,23,0,25,0,0,79,0,79,0,2,102,0,104,152,0,152,256
05/10/2004,MQY,TN,ASO,CE,Federal Contract Tower,0,2,24,2,28,0,0,60,5,65,0,2,84,7,93,82,4,86,179
05/11/2004,MQY,TN,ASO,CE,Federal Contract Tower,0,5,50,4,59,0,0,66,11,77,0,5,116,15,136,194,0,194,330
05/12/2004,MQY,TN,ASO,CE,Federal Contract Tower,0,8,45,4,57,0,8,57,3,68,0,16,102,7,125,154,0,154,279
05/13/2004,MQY,TN,ASO,CE,Federal Contract Tower,0,2,42,4,48,0,0,41,0,41,0,2,83,4,89,124,0,124,213
05/14/2004,MQY,TN,ASO,CE,Federal Contract Tower,0,4,36,3,43,0,0,39,4,43,0,4,75,7,86,92,10,102,188
05/15/2004,MQY,TN,ASO,CE,Federal Contract Tower,0,5,30,2,37,0,3,12,0,15,0,8,42,2,52,14,0,14,66
05/16/2004,MQY,TN,ASO,CE,Federal Contract Tower,0,2,27,0,29,0,0,41,0,41,0,2,68,0,70,46,0,46,116
05/17/2004,MQY,TN,ASO,CE,Federal Contract Tower,0,6,69,5,80,0,0,60,11,71,0,6,129,16,151,120,4,124,275
05/18/2004,MQY,TN,ASO,CE,Federal Contract Tower,0,7,34,3,44,0,11,84,10,105,0,18,118,13,149,99,0,99,248
05/19/2004,MQY,TN,ASO,CE,Federal Contract Tower,0,7,36,2,45,0,2,78,15,95,0,9,114,17,140,92,12,104,244
05/20/2004,MQY,TN,ASO,CE,Federal Contract Tower,0,9,51,3,63,0,3,73,7,83,0,12,124,10,146,100,0,100,246
05/21/2004,MQY,TN,ASO,CE,Federal Contract Tower,0,7,51,3,61,0,0,88,1,89,0,7,139,4,150,100,0,100,250
05/22/2004,MQY,TN,ASO,CE,Federal Contract Tower,0,0,20,1,21,1,0,87,1,89,1,0,107,2,110,68,0,68,178
05/23/2004,MQY,TN,ASO,CE,Federal Contract Tower,0,3,16,1,20,0,0,82,1,83,0,3,98,2,103,52,0,52,155
05/24/2004,MQY,TN,ASO,CE,Federal Contract Tower,0,5,25,1,31,1,0,71,8,80,1,5,96,9,111,52,12,64,175
05/25/2004,MQY,TN,ASO,CE,Federal Contract Tower,0,6,27,1,34,0,1,57,16,74,0,7,84,17,108,44,0,44,152
05/26/2004,MQY,TN,ASO,CE,Federal Contract Tower,0,7,44,3,54,0,0,73,14,87,0,7,117,17,141,108,0,108,249
05/27/2004,MQY,TN,ASO,CE,Federal Contract Tower,0,19,97,6,122,0,10,79,2,91,0,29,176,8,213,28,12,40,253
05/28/2004,MQY,TN,ASO,CE,Federal Contract Tower,0,6,50,2,58,0,0,77,0,77,0,6,127,2,135,84,0,84,219
05/29/2004,MQY,TN,ASO,CE,Federal Contract Tower,0,0,43,0,43,0,0,72,0,72,0,0,115,0,115,54,0,54,169
05/30/2004,MQY,TN,ASO,CE,Federal Contract Tower,0,3,20,1,24,0,1,57,1,59,0,4,77,2,83,10,0,10,93
05/31/2004,MQY,TN,ASO,CE,Federal Contract Tower,0,2,29,2,33,0,0,32,0,32,0,2,61,2,65,10,0,10,75
06/01/2004,MQY,TN,ASO,CE,Federal Contract Tower,0,4,70,8,82,0,0,84,5,89,0,4,154,13,171,82,0,82,253
06/02/2004,MQY,TN,ASO,CE,Federal Contract Tower,0,5,54,6,65,0,0,66,2,68,0,5,120,8,133,128,0,128,261
06/03/2004,MQY,TN,ASO,CE,Federal Contract Tower,0,6,57,6,69,0,5,42,11,58,0,11,99,17,127,92,0,92,219
06/04/2004,MQY,TN,ASO,CE,Federal Contract Tower,0,4,41,4,49,0,3,65,10,78,0,7,106,14,127,114,20,134,261
06/05/2004,MQY,TN,ASO,CE,Federal Contract Tower,0,0,31,4,35,3,0,92,4,99,3,0,123,8,134,154,0,154,288
06/06/2004,MQY,TN,ASO,CE,Federal Contract Tower,0,2,17,3,22,0,0,72,11,83,0,2,89,14,105,58,0,58,163
06/07/2004,MQY,TN,ASO,CE,Federal Contract Tower,0,5,37,3,45,0,0,52,0,52,0,5,89,3,97,94,0,94,191
06/08/2004,MQY,TN,ASO,CE,Federal Contract Tower,0,6,45,6,57,0,0,72,13,85,0,6,117,19,142,92,8,100,242
06/09/2004,MQY,TN,ASO,CE,Federal Contract Tower,0,4,31,4,39,0,3,53,4,60,0,7,84,8,99,88,4,92,191
06/10/2004,MQY,TN,ASO,CE,Federal Contract Tower,0,7,55,7,69,0,15,63,3,81,0,22,118,10,150,56,0,56,206
06/11/2004,MQY,TN,ASO,CE,Federal Contract Tower,0,1,35,0,36,0,0,48,0,48,0,1,83,0,84,56,0,56,140
06/12/2004,MQY,TN,ASO,CE,Federal Contract Tower,0,4,30,0,34,0,14,56,0,70,0,18,86,0,104,106,0,106,210
06/13/2004,MQY,TN,ASO,CE,Federal Contract Tower,0,5,39,2,46,0,3,69,0,72,0,8,108,2,118,58,0,58,176
06/14/2004,MQY,TN,ASO,CE,Federal Contract Tower,0,1,50,6,57,0,0,66,1,67,0,1,116,7,124,44,0,44,168
06/15/2004,MQY,TN,ASO,CE,Federal Contract Tower,0,4,29,4,37,0,0,31,6,37,0,4,60,10,74,22,0,22,96
06/16/2004,MQY,TN,ASO,CE,Federal Contract Tower,0,6,48,6,60,0,0,88,20,108,0,6,136,26,168,182,2,184,352
06/17/2004,MQY,TN,ASO,CE,Federal Contract Tower,0,6,46,6,58,1,3,70,7,81,1,9,116,13,139,42,12,54,193
06/18/2004,MQY,TN,ASO,CE,Federal Contract Tower,0,1,57,6,64,0,0,62,15,77,0,1,119,21,141,178,0,178,319
06/19/2004,MQY,TN,ASO,CE,Federal Contract Tower,0,2,26,3,31,0,0,172,2,174,0,2,198,5,205,36,0,36,241
06/20/2004,MQY,TN,ASO,CE,Federal Contract Tower,0,4,30,0,34,0,2,100,0,102,0,6,130,0,136,242,0,242,378
06/21/2004,MQY,TN,ASO,CE,Federal Contract Tower,0,5,43,5,53,0,0,91,9,100,0,5,134,14,153,98,0,98,251
06/22/2004,MQY,TN,ASO,CE,Federal Contract Tower,0,4,71,8,83,0,0,12,7,19,0,4,83,15,102,288,6,294,396
06/23/2004,MQY,TN,ASO,CE,Federal Contract Tower,0,7,80,9,96,0,0,7,29,36,0,7,87,38,132,30,28,58,190
06/24/2004,MQY,TN,ASO,CE,Federal Contract Tower,0,4,34,3,41,0,4,128,25,157,0,8,162,28,198,184,52,236,434
06/25/2004,MQY,TN,ASO,CE,Federal Contract Tower,0,0,0,0,0,0,2,50,0,52,0,2,50,0,52,0,0,0,52
06/26/2004,MQY,TN,ASO,CE,Federal Contract Tower,0,2,38,3,43,0,0,97,0,97,0,2,135,3,140,134,0,134,274
06/27/2004,MQY,TN,ASO,CE,Federal Contract Tower,0,3,30,0,33,0,2,93,0,95,0,5,123,0,128,84,0,84,212
06/28/2004,MQY,TN,ASO,CE,Federal Contract Tower,0,4,49,5,58,0,0,69,4,73,0,4,118,9,131,66,0,66,197
06/29/2004,MQY,TN,ASO,CE,Federal Contract Tower,0,2,43,5,50,0,0,103,1,104,0,2,146,6,154,60,8,68,222
06/30/2004,MQY,TN,ASO,CE,Federal Contract Tower,0,5,62,7,74,0,0,18,9,27,0,5,80,16,101,58,0,58,159
07/01/2004,MQY,TN,ASO,CE,Federal Contract Tower,0,4,35,6,45,0,0,13,4,17,0,4,48,10,62,22,0,22,84
07/02/2004,MQY,TN,ASO,CE,Federal Contract Tower,0,2,43,4,49,0,0,60,0,60,0,2,103,4,109,60,10,70,179
07/03/2004,MQY,TN,ASO,CE,Federal Contract Tower,0,0,11,2,13,0,0,53,1,54,0,0,64,3,67,28,0,28,95
07/04/2004,MQY,TN,ASO,CE,Federal Contract Tower,0,0,6,0,6,0,0,44,0,44,0,0,50,0,50,20,0,20,70
07/05/2004,MQY,TN,ASO,CE,Federal Contract Tower,0,3,16,0,19,0,6,67,0,73,0,9,83,0,92,68,0,68,160
07/06/2004,MQY,TN,ASO,CE,Federal Contract Tower,0,2,38,6,46,0,0,45,48,93,0,2,83,54,139,90,26,116,255
07/07/2004,MQY,TN,ASO,CE,Federal Contract Tower,0,4,40,7,51,0,0,48,2,50,0,4,88,9,101,92,0,92,193
07/08/2004,MQY,TN,ASO,CE,Federal Contract Tower,0,6,41,5,52,0,1,75,0,76,0,7,116,5,128,100,0,100,228
07/09/2004,MQY,TN,ASO,CE,Federal Contract Tower,0,2,42,7,51,0,0,50,18,68,0,2,92,25,119,102,2,104,223
07/10/2004,MQY,TN,ASO,CE,Federal Contract Tower,0,1,13,2,16,0,0,65,22,87,0,1,78,24,103,38,20,58,161
07/11/2004,MQY,TN,ASO,CE,Federal Contract Tower,0,4,26,4,34,0,0,44,11,55,0,4,70,15,89,12,0,12,101
07/12/2004,MQY,TN,ASO,CE,Federal Contract Tower,0,5,37,5,47,0,3,75,0,78,0,8,112,5,125,88,0,88,213
07/13/2004,MQY,TN,ASO,CE,Federal Contract Tower,0,5,33,6,44,0,4,113,2,119,0,9,146,8,163,104,0,104,267
07/14/2004,MQY,TN,ASO,CE,Federal Contract Tower,0,4,29,5,38,0,1,78,1,80,0,5,107,6,118,54,0,54,172
07/15/2004,MQY,TN,ASO,CE,Federal Contract Tower,0,8,62,10,80,0,0,81,23,104,0,8,143,33,184,106,20,126,310
07/16/2004,MQY,TN,ASO,CE,Federal Contract Tower,0,6,39,5,50,0,3,80,0,83,0,9,119,5,133,120,6,126,259
07/17/2004,MQY,TN,ASO,CE,Federal Contract Tower,0,0,31,6,37,0,0,68,0,68,0,0,99,6,105,38,4,42,147
07/18/2004,MQY,TN,ASO,CE,Federal Contract Tower,0,4,30,1,35,0,0,70,0,70,0,4,100,1,105,80,0,80,185
07/19/2004,MQY,TN,ASO,CE,Federal Contract Tower,0,4,37,6,47,0,0,65,7,72,0,4,102,13,119,92,0,92,211
07/20/2004,MQY,TN,ASO,CE,Federal Contract Tower,0,3,24,3,30,0,3,56,20,79,0,6,80,23,109,128,0,128,237
07/21/2004,MQY,TN,ASO,CE,Federal Contract Tower,0,4,46,7,57,0,0,69,3,72,0,4,115,10,129,74,0,74,203
07/22/2004,MQY,TN,ASO,CE,Federal Contract Tower,0,0,0,0,0,0,5,106,12,123,0,5,106,12,123,68,2,70,193
07/23/2004,MQY,TN,ASO,CE,Federal Contract Tower,0,6,51,7,64,1,5,51,0,57,1,11,102,7,121,110,0,110,231
07/24/2004,MQY,TN,ASO,CE,Federal Contract Tower,0,2,25,0,27,0,0,63,0,63,0,2,88,0,90,94,0,94,184
07/25/2004,MQY,TN,ASO,CE,Federal Contract Tower,0,1,13,0,14,0,1,30,0,31,0,2,43,0,45,54,0,54,99
07/26/2004,MQY,TN,ASO,CE,Federal Contract Tower,0,6,47,0,53,1,1,10,0,12,1,7,57,0,65,0,0,0,65
07/27/2004,MQY,TN,ASO,CE,Federal Contract Tower,0,5,42,7,54,0,3,53,6,62,0,8,95,13,116,44,4,48,164
07/28/2004,MQY,TN,ASO,CE,Federal Contract Tower,0,7,54,9,70,0,3,93,4,100,0,10,147,13,170,72,0,72,242
07/29/2004,MQY,TN,ASO,CE,Federal Contract Tower,0,2,54,9,65,0,0,91,14,105,0,2,145,23,170,164,30,194,364
07/30/2004,MQY,TN,ASO,CE,Federal Contract Tower,0,7,60,10,77,0,1,36,14,51,0,8,96,24,128,27,0,27,155
07/31/2004,MQY,TN,ASO,CE,Federal Contract Tower,0,0,20,0,20,0,0,32,0,32,0,0,52,0,52,22,0,22,74
08/01/2004,MQY,TN,ASO,CE,Federal Contract Tower,0,5,34,1,40,0,5,49,0,54,0,10,83,1,94,120,0,120,214
08/02/2004,MQY,TN,ASO,CE,Federal Contract Tower,0,6,43,7,56,0,0,62,4,66,0,6,105,11,122,126,42,168,290
08/03/2004,MQY,TN,ASO,CE,Federal Contract Tower,0,8,31,5,44,0,1,84,23,108,0,9,115,28,152,64,6,70,222
08/04/2004,MQY,TN,ASO,CE,Federal Contract Tower,0,4,21,4,29,0,6,78,5,89,0,10,99,9,118,112,0,112,230
08/05/2004,MQY,TN,ASO,CE,Federal Contract Tower,0,1,4,1,6,0,8,67,32,107,0,9,71,33,113,24,0,24,137
08/06/2004,MQY,TN,ASO,CE,Federal Contract Tower,0,4,22,3,29,0,1,129,10,140,0,5,151,13,169,110,16,126,295
08/07/2004,MQY,TN,ASO,CE,Federal Contract Tower,0,0,34,4,38,0,0,94,3,97,0,0,128,7,135,108,0,108,243
08/08/2004,MQY,TN,ASO,CE,Federal Contract Tower,0,2,43,2,47,0,0,41,0,41,0,2,84,2,88,54,0,54,142
08/09/2004,MQY,TN,ASO,CE,Federal Contract Tower,0,4,43,6,53,0,0,86,25,111,0,4,129,31,164,44,10,54,218
08/10/2004,MQY,TN,ASO,CE,Federal Contract Tower,0,8,45,6,59,0,5,61,4,70,0,13,106,10,129,184,0,184,313
08/11/2004,MQY,TN,ASO,CE,Federal Contract Tower,0,1,25,3,29,0,0,58,14,72,0,1,83,17,101,146,6,152,253
08/12/2004,MQY,TN,ASO,CE,Federal Contract Tower,0,6,30,4,40,0,0,69,23,92,0,6,99,27,132,78,8,86,218
08/13/2004,MQY,TN,ASO,CE,Federal Contract Tower,0,7,35,4,46,0,5,90,9,104,0,12,125,13,150,142,0,142,292
08/14/2004,MQY,TN,ASO,CE,Federal Contract Tower,0,4,47,0,51,0,0,93,0,93,0,4,140,0,144,90,0,90,234
08/15/2004,MQY,TN,ASO,CE,Federal Contract Tower,0,1,38,5,44,0,0,66,6,72,0,1,104,11,116,108,0,108,224
08/16/2004,MQY,TN,ASO,CE,Federal Contract Tower,0,3,40,5,48,0,0,89,2,91,0,3,129,7,139,114,6,120,259
08/17/2004,MQY,TN,ASO,CE,Federal Contract Tower,0,3,14,1,18,0,2,105,17,124,0,5,119,18,142,172,4,176,318
08/18/2004,MQY,TN,ASO,CE,Federal Contract Tower,0,5,24,3,32,0,0,71,0,71,0,5,95,3,103,82,0,82,185
08/19/2004,MQY,TN,ASO,CE,Federal Contract Tower,0,3,20,2,25,0,0,60,16,76,0,3,80,18,101,84,24,108,209
08/20/2004,MQY,TN,ASO,CE,Federal Contract Tower,0,9,45,3,57,0,2,0,0,2,0,11,45,3,59,10,0,10,69
08/21/2004,MQY,TN,ASO,CE,Federal Contract Tower,0,7,38,0,45,0,1,12,0,13,0,8,50,0,58,0,0,0,58
08/22/2004,MQY,TN,ASO,CE,Federal Contract Tower,0,7,37,0,44,0,6,50,0,56,0,13,87,0,100,82,0,82,182
08/23/2004,MQY,TN,ASO,CE,Federal Contract Tower,0,4,33,5,42,0,0,57,9,66,0,4,90,14,108,106,6,112,220
08/24/2004,MQY,TN,ASO,CE,Federal Contract Tower,0,8,47,1,56,0,8,55,0,63,0,16,102,1,119,96,0,96,215
08/25/2004,MQY,TN,ASO,CE,Federal Contract Tower,0,4,45,7,56,0,0,28,14,42,0,4,73,21,98,62,38,100,198
08/26/2004,MQY,TN,ASO,CE,Federal Contract Tower,0,3,20,3,26,0,5,87,3,95,0,8,107,6,121,86,0,86,207
08/27/2004,MQY,TN,ASO,CE,Federal Contract Tower,0,7,43,6,56,1,6,65,6,78,1,13,108,12,134,130,0,130,264
08/28/2004,MQY,TN,ASO,CE,Federal Contract Tower,0,4,42,0,46,0,0,69,0,69,0,4,111,0,115,120,0,120,235
08/29/2004,MQY,TN,ASO,CE,Federal Contract Tower,0,2,43,0,45,0,0,52,0,52,0,2,95,0,97,0,0,0,97
08/30/2004,MQY,TN,ASO,CE,Federal Contract Tower,0,6,37,6,49,0,3,49,20,72,0,9,86,26,121,24,18,42,163
08/31/2004,MQY,TN,ASO,CE,Federal Contract Tower,0,5,28,4,37,0,6,56,17,79,0,11,84,21,116,138,14,152,268
09/01/2004,MQY,TN,ASO,CE,Federal Contract Tower,0,4,37,5,46,0,0,59,16,75,0,4,96,21,121,78,17,95,216
09/02/2004,MQY,TN,ASO,CE,Federal Contract Tower,0,7,47,6,60,0,0,11,13,24,0,7,58,19,84,22,18,40,124
09/03/2004,MQY,TN,ASO,CE,Federal Contract Tower,0,6,35,4,45,0,0,75,0,75,0,6,110,4,120,168,0,168,288
09/04/2004,MQY,TN,ASO,CE,Federal Contract Tower,0,0,23,0,23,0,0,43,0,43,0,0,66,0,66,64,0,64,130
09/05/2004,MQY,TN,ASO,CE,Federal Contract Tower,0,1,6,1,8,0,1,56,0,57,0,2,62,1,65,126,0,126,191
09/06/2004,MQY,TN,ASO,CE,Federal Contract Tower,0,1,23,2,26,0,0,80,0,80,0,1,103,2,106,164,0,164,270
09/07/2004,MQY,TN,ASO,CE,Federal Contract Tower,0,7,35,5,47,0,0,36,1,37,0,7,71,6,84,48,0,48,132
09/08/2004,MQY,TN,ASO,CE,Federal Contract Tower,0,7,43,6,56,1,0,48,3,52,1,7,91,9,108,48,0,48,156
09/09/2004,MQY,TN,ASO,CE,Federal Contract Tower,0,8,43,7,58,1,8,68,2,79,1,16,111,9,137,120,18,138,275
09/10/2004,MQY,TN,ASO,CE,Federal Contract Tower,0,8,45,7,60,0,6,90,21,117,0,14,135,28,177,68,16,84,261
09/11/2004,MQY,TN,ASO,CE,Federal Contract Tower,0,5,25,4,34,0,0,127,12,139,0,5,152,16,173,102,0,102,275
09/12/2004,MQY,TN,ASO,CE,Federal Contract Tower,0,3,30,5,38,0,0,42,7,49,0,3,72,12,87,56,10,66,153
09/13/2004,MQY,TN,ASO,CE,Federal Contract Tower,0,6,35,5,46,0,0,43,19,62,0,6,78,24,108,72,50,122,230
09/14/2004,MQY,TN,ASO,CE,Federal Contract Tower,0,9,47,7,63,0,3,55,12,70,0,12,102,19,133,180,28,208,341
09/15/2004,MQY,TN,ASO,CE,Federal Contract Tower,0,7,38,6,51,0,8,71,8,87,0,15,109,14,138,140,0,140,278
09/16/2004,MQY,TN,ASO,CE,Federal Contract Tower,0,8,40,6,54,0,1,14,5,20,0,9,54,11,74,6,0,6,80
09/17/2004,MQY,TN,ASO,CE,Federal Contract Tower,0,3,14,0,17,0,0,43,0,43,0,3,57,0,60,74,0,74,134
09/18/2004,MQY,TN,ASO,CE,Federal Contract Tower,0,0,24,0,24,0,0,96,0,96,0,0,120,0,120,90,0,90,210
09/19/2004,MQY,TN,ASO,CE,Federal Contract Tower,0,4,20,0,24,0,11,48,0,59,0,15,68,0,83,70,0,70,153
09/20/2004,MQY,TN,ASO,CE,Federal Contract Tower,0,9,51,7,67,0,0,93,2,95,0,9,144,9,162,134,0,134,296
09/21/2004,MQY,TN,ASO,CE,Federal Contract Tower,0,7,39,5,51,0,3,60,8,71,0,10,99,13,122,98,10,108,230
09/22/2004,MQY,TN,ASO,CE,Federal Contract Tower,0,7,38,5,50,0,5,83,26,114,0,12,121,31,164,106,30,136,300
09/23/2004,MQY,TN,ASO,CE,Federal Contract Tower,0,7,34,4,45,0,0,100,10,110,0,7,134,14,155,116,0,116,271
09/24/2004,MQY,TN,ASO,CE,Federal Contract Tower,0,3,48,6,57,0,0,75,18,93,0,3,123,24,150,100,16,116,266
09/25/2004,MQY,TN,ASO,CE,Federal Contract Tower,0,4,46,0,50,0,0,147,0,147,0,4,193,0,197,174,0,174,371
09/26/2004,MQY,TN,ASO,CE,Federal Contract Tower,0,4,21,0,25,0,0,51,0,51,0,4,72,0,76,68,0,68,144
09/27/2004,MQY,TN,ASO,CE,Federal Contract Tower,0,8,44,5,57,0,0,66,0,66,0,8,110,5,123,77,0,77,200
09/28/2004,MQY,TN,ASO,CE,Federal Contract Tower,0,8,43,5,56,0,0,51,0,51,0,8,94,5,107,122,0,122,229
09/29/2004,MQY,TN,ASO,CE,Federal Contract Tower,0,8,44,2,54,0,6,80,0,86,0,14,124,2,140,118,0,118,258
09/30/2004,MQY,TN,ASO,CE,Federal Contract Tower,0,6,38,5,49,0,0,70,13,83,0,6,108,18,132,142,14,156,288
10/01/2004,MQY,TN,ASO,CE,Federal Contract Tower,0,13,31,7,51,0,0,76,0,76,0,13,107,7,127,88,0,88,215
10/02/2004,MQY,TN,ASO,CE,Federal Contract Tower,0,1,41,0,42,0,0,51,2,53,0,1,92,2,95,50,0,50,145
10/03/2004,MQY,TN,ASO,CE,Federal Contract Tower,0,3,26,0,29,0,0,55,0,55,0,3,81,0,84,64,0,64,148
10/04/2004,MQY,TN,ASO,CE,Federal Contract Tower,0,8,34,2,44,0,0,88,0,88,0,8,122,2,132,92,0,92,224
10/05/2004,MQY,TN,ASO,CE,Federal Contract Tower,1,5,86,6,98,0,0,101,3,104,1,5,187,9,202,54,0,54,256
10/06/2004,MQY,TN,ASO,CE,Federal Contract Tower,0,3,62,5,70,0,0,110,8,118,0,3,172,13,188,129,0,129,317
10/07/2004,MQY,TN,ASO,CE,Federal Contract Tower,1,7,40,37,85,0,0,74,4,78,1,7,114,41,163,60,10,70,233
10/08/2004,MQY,TN,ASO,CE,Federal Contract Tower,0,4,51,13,68,0,0,67,2,69,0,4,118,15,137,88,0,88,225
10/09/2004,MQY,TN,ASO,CE,Federal Contract Tower,0,3,37,2,42,0,0,62,0,62,0,3,99,2,104,86,0,86,190
10/10/2004,MQY,TN,ASO,CE,Federal Contract Tower,0,3,36,8,47,0,0,62,4,66,0,3,98,12,113,62,2,64,177
10/11/2004,MQY,TN,ASO,CE,Federal Contract Tower,0,5,29,1,35,0,1,65,0,66,0,6,94,1,101,106,0,106,207
10/12/2004,MQY,TN,ASO,CE,Federal Contract Tower,0,21,31,0,52,0,3,47,0,50,0,24,78,0,102,16,0,16,118
10/13/2004,MQY,TN,ASO,CE,Federal Contract Tower,0,5,54,1,60,0,0,13,0,13,0,5,67,1,73,54,0,54,127
10/14/2004,MQY,TN,ASO,CE,Federal Contract Tower,0,20,50,15,85,0,0,55,0,55,0,20,105,15,140,34,0,34,174
10/15/2004,MQY,TN,ASO,CE,Federal Contract Tower,0,27,55,6,88,0,0,83,10,93,0,27,138,16,181,22,0,22,203
10/16/2004,MQY,TN,ASO,CE,Federal Contract Tower,0,6,24,2,32,0,0,85,3,88,0,6,109,5,120,40,0,40,160
10/17/2004,MQY,TN,ASO,CE,Federal Contract Tower,0,2,25,4,31,0,0,92,1,93,0,2,117,5,124,102,0,102,226
10/18/2004,MQY,TN,ASO,CE,Federal Contract Tower,0,7,16,3,26,0,0,4,0,4,0,7,20,3,30,0,0,0,30
10/19/2004,MQY,TN,ASO,CE,Federal Contract Tower,0,10,32,1,43,0,0,45,0,45,0,10,77,1,88,30,0,30,118
10/20/2004,MQY,TN,ASO,CE,Federal Contract Tower,0,21,59,3,83,0,1,0,0,1,0,22,59,3,84,30,0,30,114
10/21/2004,MQY,TN,ASO,CE,Federal Contract Tower,0,9,62,11,82,0,0,43,6,49,0,9,105,17,131,32,0,32,163
10/22/2004,MQY,TN,ASO,CE,Federal Contract Tower,0,20,66,4,90,0,0,37,4,41,0,20,103,8,131,8,0,8,139
10/23/2004,MQY,TN,ASO,CE,Federal Contract Tower,0,16,20,0,36,0,1,14,0,15,0,17,34,0,51,30,0,30,81
10/24/2004,MQY,TN,ASO,CE,Federal Contract Tower,0,1,44,3,48,0,0,40,0,40,0,1,84,3,88,64,0,64,152
10/25/2004,MQY,TN,ASO,CE,Federal Contract Tower,0,11,62,39,112,0,0,76,11,87,0,11,138,50,199,114,8,122,321
10/26/2004,MQY,TN,ASO,CE,Federal Contract Tower,0,8,35,9,52,0,0,71,2,73,0,8,106,11,125,78,16,94,219
10/27/2004,MQY,TN,ASO,CE,Federal Contract Tower,2,7,76,2,87,0,0,39,0,39,2,7,115,2,126,70,0,70,196
10/28/2004,MQY,TN,ASO,CE,Federal Contract Tower,0,18,57,8,83,0,0,30,3,33,0,18,87,11,116,32,10,42,158
10/29/2004,MQY,TN,ASO,CE,Federal Contract Tower,0,17,50,12,79,0,0,74,9,83,0,17,124,21,162,54,4,58,220
10/30/2004,MQY,TN,ASO,CE,Federal Contract Tower,0,3,32,1,36,0,1,62,0,63,0,4,94,1,99,84,0,84,183
10/31/2004,MQY,TN,ASO,CE,Federal Contract Tower,0,4,38,0,42,0,0,65,0,65,0,4,103,0,107,76,0,76,183
11/01/2004,MQY,TN,ASO,CE,Federal Contract Tower,0,6,35,2,43,0,3,66,0,69,0,9,101,2,112,78,0,78,190
11/02/2004,MQY,TN,ASO,CE,Federal Contract Tower,0,9,40,0,49,0,0,79,0,79,0,9,119,0,128,78,0,78,206
11/03/2004,MQY,TN,ASO,CE,Federal Contract Tower,0,14,33,8,55,0,0,0,3,3,0,14,33,11,58,0,0,0,58
11/04/2004,MQY,TN,ASO,CE,Federal Contract Tower,0,26,43,2,71,0,0,51,1,52,0,26,94,3,123,72,0,72,195
11/05/2004,MQY,TN,ASO,CE,Federal Contract Tower,0,11,62,5,78,0,0,136,3,139,0,11,198,8,217,70,4,74,291
11/06/2004,MQY,TN,ASO,CE,Federal Contract Tower,0,0,34,1,35,0,0,118,6,124,0,0,152,7,159,76,0,76,235
11/07/2004,MQY,TN,ASO,CE,Federal Contract Tower,0,1,27,0,28,0,0,73,3,76,0,1,100,3,104,122,0,122,226
11/08/2004,MQY,TN,ASO,CE,Federal Contract Tower,0,5,59,4,68,0,2,92,0,94,0,7,151,4,162,170,2,172,334
11/09/2004,MQY,TN,ASO,CE,Federal Contract Tower,2,20,33,15,70,0,0,91,3,94,2,20,124,18,164,120,6,126,290
11/10/2004,MQY,TN,ASO,CE,Federal Contract Tower,0,4,65,4,73,0,3,82,1,86,0,7,147,5,159,58,0,58,217
11/11/2004,MQY,TN,ASO,CE,Federal Contract Tower,0,6,52,2,60,0,0,4,0,4,0,6,56,2,64,30,10,40,104
11/12/2004,MQY,TN,ASO,CE,Federal Contract Tower,0,5,68,4,77,0,0,5,0,5,0,5,73,4,82,20,0,20,102
11/13/2004,MQY,TN,ASO,CE,Federal Contract Tower,0,0,37,3,40,0,0,116,0,116,0,0,153,3,156,56,0,56,212
11/14/2004,MQY,TN,ASO,CE,Federal Contract Tower,0,2,40,0,42,0,1,68,1,70,0,3,108,1,112,120,0,120,232
11/15/2004,MQY,TN,ASO,CE,Federal Contract Tower,0,4,67,15,86,0,0,69,0,69,0,4,136,15,155,152,6,158,313
11/16/2004,MQY,TN,ASO,CE,Federal Contract Tower,0,9,30,0,39,0,2,103,13,118,0,11,133,13,157,202,0,202,359
11/17/2004,MQY,TN,ASO,CE,Federal Contract Tower,0,5,62,1,68,0,0,51,2,53,0,5,113,3,121,150,0,150,271
11/18/2004,MQY,TN,ASO,CE,Federal Contract Tower,0,7,34,6,47,0,0,74,9,83,0,7,108,15,130,92,4,96,226
11/19/2004,MQY,TN,ASO,CE,Federal Contract Tower,0,9,59,1,69,0,0,32,4,36,0,9,91,5,105,0,0,0,105
11/20/2004,MQY,TN,ASO,CE,Federal Contract Tower,0,14,38,7,59,0,0,71,0,71,0,14,109,7,130,68,0,68,198
11/21/2004,MQY,TN,ASO,CE,Federal Contract Tower,2,14,48,7,71,0,0,23,0,23,2,14,71,7,94,78,0,78,172
11/22/2004,MQY,TN,ASO,CE,Federal Contract Tower,0,14,58,18,90,0,0,5,8,13,0,14,63,26,103,22,6,28,131
11/23/2004,MQY,TN,ASO,CE,Federal Contract Tower,0,7,40,0,47,0,0,0,0,0,0,7,40,0,47,0,0,0,47
11/24/2004,MQY,TN,ASO,CE,Federal Contract Tower,0,5,28,0,33,0,0,29,0,29,0,5,57,0,62,22,0,22,84
11/25/2004,MQY,TN,ASO,CE,Federal Contract Tower,0,2,9,0,11,0,0,17,0,17,0,2,26,0,28,16,0,16,44
11/26/2004,MQY,TN,ASO,CE,Federal Contract Tower,0,5,24,0,29,0,0,67,0,67,0,5,91,0,96,90,0,90,186
11/27/2004,MQY,TN,ASO,CE,Federal Contract Tower,0,0,19,0,19,0,0,0,0,0,0,0,19,0,19,24,0,24,43
11/28/2004,MQY,TN,ASO,CE,Federal Contract Tower,0,1,45,0,46,0,1,77,1,79,0,2,122,1,125,116,0,116,241
11/29/2004,MQY,TN,ASO,CE,Federal Contract Tower,0,6,44,25,75,0,0,63,6,69,0,6,107,31,144,54,0,54,198
11/30/2004,MQY,TN,ASO,CE,Federal Contract Tower,0,7,22,2,31,0,0,0,0,0,0,7,22,2,31,0,0,0,31
12/01/2004,MQY,TN,ASO,CE,Federal Contract Tower,0,6,57,4,67,0,0,88,0,88,0,6,145,4,155,112,0,112,267
12/02/2004,MQY,TN,ASO,CE,Federal Contract Tower,0,5,52,12,69,0,0,97,16,113,0,5,149,28,182,134,0,134,316
12/03/2004,MQY,TN,ASO,CE,Federal Contract Tower,0,2,60,7,69,0,0,102,1,103,0,2,162,8,172,107,4,111,283
12/04/2004,MQY,TN,ASO,CE,Federal Contract Tower,0,4,52,2,58,0,0,111,11,122,0,4,163,13,180,104,0,104,284
12/05/2004,MQY,TN,ASO,CE,Federal Contract Tower,0,4,37,3,44,0,0,71,1,72,0,4,108,4,116,40,0,40,156
12/06/2004,MQY,TN,ASO,CE,Federal Contract Tower,0,8,21,3,32,0,0,0,0,0,0,8,21,3,32,0,0,0,32
12/07/2004,MQY,TN,ASO,CE,Federal Contract Tower,0,14,34,2,50,0,1,56,4,61,0,15,90,6,111,16,0,16,127
12/08/2004,MQY,TN,ASO,CE,Federal Contract Tower,0,6,59,2,67,0,0,58,6,64,0,6,117,8,131,162,0,162,293
12/09/2004,MQY,TN,ASO,CE,Federal Contract Tower,0,10,49,0,59,0,0,19,0,19,0,10,68,0,78,4,0,4,82
12/10/2004,MQY,TN,ASO,CE,Federal Contract Tower,0,3,63,1,67,0,0,9,0,9,0,3,72,1,76,30,0,30,106
12/11/2004,MQY,TN,ASO,CE,Federal Contract Tower,0,2,22,0,24,0,0,10,2,12,0,2,32,2,36,26,0,26,62
12/12/2004,MQY,TN,ASO,CE,Federal Contract Tower,0,2,28,1,31,0,0,80,0,80,0,2,108,1,111,92,0,92,203
12/13/2004,MQY,TN,ASO,CE,Federal Contract Tower,0,3,48,4,55,0,0,74,5,79,0,3,122,9,134,154,0,154,288
12/14/2004,MQY,TN,ASO,CE,Federal Contract Tower,0,5,65,2,72,0,1,59,8,68,0,6,124,10,140,126,0,126,266
12/15/2004,MQY,TN,ASO,CE,Federal Contract Tower,0,8,47,4,59,0,0,42,10,52,0,8,89,14,111,98,40,138,249
12/16/2004,MQY,TN,ASO,CE,Federal Contract Tower,0,3,29,24,56,0,0,90,0,90,0,3,119,24,146,152,6,158,304
12/17/2004,MQY,TN,ASO,CE,Federal Contract Tower,0,4,27,2,33,0,0,87,0,87,0,4,114,2,120,90,0,90,210
12/18/2004,MQY,TN,ASO,CE,Federal Contract Tower,0,1,23,0,24,0,0,62,4,66,0,1,85,4,90,52,0,52,142
12/19/2004,MQY,TN,ASO,CE,Federal Contract Tower,0,8,2,0,10,0,3,0,0,3,0,11,2,0,13,0,0,0,13
12/20/2004,MQY,TN,ASO,CE,Federal Contract Tower,0,10,40,6,56,0,0,67,4,71,0,10,107,10,127,56,0,56,183
12/21/2004,MQY,TN,ASO,CE,Federal Contract Tower,1,8,31,0,40,0,1,36,2,39,1,9,67,2,79,66,0,66,145
12/22/2004,MQY,TN,ASO,CE,Federal Contract Tower,0,9,16,0,25,0,0,0,1,1,0,9,16,1,26,0,0,0,26
12/23/2004,MQY,TN,ASO,CE,Federal Contract Tower,0,1,9,0,10,0,0,0,0,0,0,1,9,0,10,0,0,0,10
12/24/2004,MQY,TN,ASO,CE,Federal Contract Tower,0,0,14,0,14,0,0,0,0,0,0,0,14,0,14,0,0,0,14
12/25/2004,MQY,TN,ASO,CE,Federal Contract Tower,0,0,5,0,5,0,0,6,0,6,0,0,11,0,11,0,0,0,11
12/26/2004,MQY,TN,ASO,CE,Federal Contract Tower,0,0,6,0,6,0,0,77,0,77,0,0,83,0,83,22,0,22,105
12/27/2004,MQY,TN,ASO,CE,Federal Contract Tower,0,0,35,0,35,0,0,91,0,91,0,0,126,0,126,32,0,32,158
12/28/2004,MQY,TN,ASO,CE,Federal Contract Tower,0,9,32,0,41,0,5,69,0,74,0,14,101,0,115,58,0,58,173
12/29/2004,MQY,TN,ASO,CE,Federal Contract Tower,0,10,54,2,66,0,12,81,1,94,0,22,135,3,160,44,0,44,204
12/30/2004,MQY,TN,ASO,CE,Federal Contract Tower,0,5,46,0,51,0,0,74,0,74,0,5,120,0,125,34,0,34,159
12/31/2004,MQY,TN,ASO,CE,Federal Contract Tower,1,3,19,0,23,0,0,19,0,19,1,3,38,0,42,22,0,22,64
01/01/2005,MQY,TN,ASO,CE,Federal Contract Tower,1,0,7,0,8,0,0,58,0,58,1,0,65,0,66,52,0,52,118
01/02/2005,MQY,TN,ASO,CE,Federal Contract Tower,0,1,16,0,17,0,1,70,0,71,0,2,86,0,88,60,0,60,148
01/03/2005,MQY,TN,ASO,CE,Federal Contract Tower,0,2,33,0,35,0,0,52,0,52,0,2,85,0,87,46,0,46,133
01/04/2005,MQY,TN,ASO,CE,Federal Contract Tower,0,10,47,0,57,0,0,57,10,67,0,10,104,10,124,16,0,16,140
01/05/2005,MQY,TN,ASO,CE,Federal Contract Tower,0,7,57,1,65,0,2,24,2,28,0,9,81,3,93,54,0,54,147
01/06/2005,MQY,TN,ASO,CE,Federal Contract Tower,0,17,50,22,89,0,0,26,0,26,0,17,76,22,115,56,32,88,203
01/07/2005,MQY,TN,ASO,CE,Federal Contract Tower,0,5,18,2,25,0,0,0,0,0,0,5,18,2,25,0,0,0,25
01/08/2005,MQY,TN,ASO,CE,Federal Contract Tower,0,0,32,2,34,0,0,16,0,16,0,0,48,2,50,30,0,30,80
01/09/2005,MQY,TN,ASO,CE,Federal Contract Tower,0,1,22,0,23,0,1,95,0,96,0,2,117,0,119,102,0,102,221
01/10/2005,MQY,TN,ASO,CE,Federal Contract Tower,0,3,36,13,52,0,1,71,5,77,0,4,107,18,129,180,24,204,333
01/11/2005,MQY,TN,ASO,CE,Federal Contract Tower,0,9,25,2,36,0,0,23,0,23,0,9,48,2,59,0,0,0,59
01/12/2005,MQY,TN,ASO,CE,Federal Contract Tower,0,4,63,3,70,0,0,24,4,28,0,4,87,7,98,36,0,36,134
01/13/2005,MQY,TN,ASO,CE,Federal Contract Tower,0,2,15,0,17,0,0,0,0,0,0,2,15,0,17,0,0,0,17
01/14/2005,MQY,TN,ASO,CE,Federal Contract Tower,0,6,49,3,58,0,0,63,6,69,0,6,112,9,127,78,0,78,205
01/15/2005,MQY,TN,ASO,CE,Federal Contract Tower,1,2,41,0,44,0,0,112,0,112,1,2,153,0,156,114,0,114,270
01/16/2005,MQY,TN,ASO,CE,Federal Contract Tower,0,3,31,0,34,0,1,49,0,50,0,4,80,0,84,10,0,10,94
01/17/2005,MQY,TN,ASO,CE,Federal Contract Tower,0,2,70,1,73,0,0,104,0,104,0,2,174,1,177,130,0,130,307
01/18/2005,MQY,TN,ASO,CE,Federal Contract Tower,0,6,33,9,48,0,0,73,8,81,0,6,106,17,129,106,8,114,243
01/19/2005,MQY,TN,ASO,CE,Federal Contract Tower,0,19,75,2,96,0,0,63,9,72,0,19,138,11,168,126,2,128,296
01/20/2005,MQY,TN,ASO,CE,Federal Contract Tower,0,5,58,3,66,0,0,50,3,53,0,5,108,6,119,72,0,72,191
01/21/2005,MQY,TN,ASO,CE,Federal Contract Tower,0,5,50,9,64,0,0,52,11,63,0,5,102,20,127,66,0,66,193
01/22/2005,MQY,TN,ASO,CE,Federal Contract Tower,0,0,10,8,18,0,0,2,0,2,0,0,12,8,20,10,18,28,48
01/23/2005,MQY,TN,ASO,CE,Federal Contract Tower,0,2,22,2,26,0,1,54,10,65,0,3,76,12,91,70,0,70,161
01/24/2005,MQY,TN,ASO,CE,Federal Contract Tower,0,3,47,2,52,0,1,81,0,82,0,4,128,2,134,58,0,58,192
01/25/2005,MQY,TN,ASO,CE,Federal Contract Tower,0,16,36,2,54,0,0,83,5,88,0,16,119,7,142,36,0,36,178
01/26/2005,MQY,TN,ASO,CE,Federal Contract Tower,0,5,30,10,45,0,0,63,22,85,0,5,93,32,130,60,66,126,256
01/27/2005,MQY,TN,ASO,CE,Federal Contract Tower,0,15,38,19,72,0,0,57,9,66,0,15,95,28,138,96,16,112,250
01/28/2005,MQY,TN,ASO,CE,Federal Contract Tower,0,9,50,9,68,0,0,78,3,81,0,9,128,12,149,76,6,82,231
01/29/2005,MQY,TN,ASO,CE,Federal Contract Tower,0,4,9,2,15,0,0,2,4,6,0,4,11,6,21,0,38,38,59
01/30/2005,MQY,TN,ASO,CE,Federal Contract Tower,0,3,2,2,7,0,0,39,0,39,0,3,41,2,46,18,16,34,80
01/31/2005,MQY,TN,ASO,CE,Federal Contract Tower,0,0,40,1,41,0,1,45,0,46,0,1,85,1,87,48,0,48,135
02/01/2005,MQY,TN,ASO,CE,Federal Contract Tower,0,3,41,1,45,0,0,44,9,53,0,3,85,10,98,44,42,86,184
02/02/2005,MQY,TN,ASO,CE,Federal Contract Tower,0,1,45,1,47,0,0,2,1,3,0,1,47,2,50,0,0,0,50
02/03/2005,MQY,TN,ASO,CE,Federal Contract Tower,0,4,38,6,48,0,0,16,4,20,0,4,54,10,68,8,0,8,76
02/04/2005,MQY,TN,ASO,CE,Federal Contract Tower,0,12,41,2,55,0,0,108,12,120,0,12,149,14,175,58,4,62,237
02/05/2005,MQY,TN,ASO,CE,Federal Contract Tower,0,4,42,2,48,0,0,141,14,155,0,4,183,16,203,176,16,192,395
02/06/2005,MQY,TN,ASO,CE,Federal Contract Tower,0,1,22,0,23,0,0,82,3,85,0,1,104,3,108,176,0,176,284
02/07/2005,MQY,TN,ASO,CE,Federal Contract Tower,0,5,27,5,37,0,0,76,0,76,0,5,103,5,113,56,0,56,169
02/08/2005,MQY,TN,ASO,CE,Federal Contract Tower,0,14,16,0,30,0,0,55,3,58,0,14,71,3,88,30,0,30,118
02/09/2005,MQY,TN,ASO,CE,Federal Contract Tower,0,6,32,0,38,0,0,0,0,0,0,6,32,0,38,0,0,0,38
02/10/2005,MQY,TN,ASO,CE,Federal Contract Tower,1,9,29,1,40,0,0,45,1,46,1,9,74,2,86,52,0,52,138
02/11/2005,MQY,TN,ASO,CE,Federal Contract Tower,0,5,42,2,49,0,0,99,0,99,0,5,141,2,148,120,0,120,268
02/12/2005,MQY,TN,ASO,CE,Federal Contract Tower,0,0,44,0,44,0,0,111,0,111,0,0,155,0,155,134,0,134,289
02/13/2005,MQY,TN,ASO,CE,Federal Contract Tower,0,1,13,2,16,0,0,29,0,29,0,1,42,2,45,0,0,0,45
02/14/2005,MQY,TN,ASO,CE,Federal Contract Tower,0,7,27,2,36,0,1,55,0,56,0,8,82,2,92,16,0,16,108
02/15/2005,MQY,TN,ASO,CE,Federal Contract Tower,0,2,37,13,52,0,0,67,5,72,0,2,104,18,124,80,8,88,212
02/16/2005,MQY,TN,ASO,CE,Federal Contract Tower,0,5,31,7,43,0,0,58,5,63,0,5,89,12,106,78,10,88,194
02/17/2005,MQY,TN,ASO,CE,Federal Contract Tower,0,11,50,2,63,0,0,58,7,65,0,11,108,9,128,76,8,84,212
02/18/2005,MQY,TN,ASO,CE,Federal Contract Tower,0,7,53,4,64,0,0,99,2,101,0,7,152,6,165,120,0,120,285
02/19/2005,MQY,TN,ASO,CE,Federal Contract Tower,0,15,39,0,54,0,4,118,0,122,0,19,157,0,176,146,0,146,322
02/20/2005,MQY,TN,ASO,CE,Federal Contract Tower,0,1,7,0,8,0,0,0,0,0,0,1,7,0,8,0,0,0,8
02/21/2005,MQY,TN,ASO,CE,Federal Contract Tower,0,7,30,0,37,0,0,33,0,33,0,7,63,0,70,86,0,86,156
02/22/2005,MQY,TN,ASO,CE,Federal Contract Tower,0,7,42,4,53,0,0,71,3,74,0,7,113,7,127,176,0,176,303
02/23/2005,MQY,TN,ASO,CE,Federal Contract Tower,2,4,67,14,87,0,0,30,0,30,2,4,97,14,117,150,24,174,291
02/24/2005,MQY,TN,ASO,CE,Federal Contract Tower,0,24,24,9,57,0,0,20,3,23,0,24,44,12,80,100,0,100,180
02/25/2005,MQY,TN,ASO,CE,Federal Contract Tower,0,9,67,7,83,0,0,119,4,123,0,9,186,11,206,142,0,142,348
02/26/2005,MQY,TN,ASO,CE,Federal Contract Tower,0,3,50,0,53,0,0,142,0,142,0,3,192,0,195,126,0,126,321
02/27/2005,MQY,TN,ASO,CE,Federal Contract Tower,0,1,31,0,32,0,0,80,0,80,0,1,111,0,112,148,0,148,260
02/28/2005,MQY,TN,ASO,CE,Federal Contract Tower,0,2,26,26,54,0,1,25,0,26,0,3,51,26,80,18,14,32,112
03/01/2005,MQY,TN,ASO,CE,Federal Contract Tower,0,4,29,6,39,0,1,28,3,32,0,5,57,9,71,54,0,54,125
03/02/2005,MQY,TN,ASO,CE,Federal Contract Tower,0,6,67,10,83,0,0,58,6,64,0,6,125,16,147,222,0,222,369
03/03/2005,MQY,TN,ASO,CE,Federal Contract Tower,0,7,47,9,63,0,0,89,4,93,0,7,136,13,156,100,6,106,262
03/04/2005,MQY,TN,ASO,CE,Federal Contract Tower,0,5,59,17,81,0,0,79,3,82,0,5,138,20,163,40,4,44,207
03/05/2005,MQY,TN,ASO,CE,Federal Contract Tower,0,2,18,1,21,0,2,76,9,87,0,4,94,10,108,72,0,72,180
03/06/2005,MQY,TN,ASO,CE,Federal Contract Tower,0,2,20,4,26,0,0,98,2,100,0,2,118,6,126,120,0,120,246
03/07/2005,MQY,TN,ASO,CE,Federal Contract Tower,0,5,26,14,45,0,0,20,1,21,0,5,46,15,66,38,34,72,138
03/08/2005,MQY,TN,ASO,CE,Federal Contract Tower,0,2,30,2,34,0,0,18,7,25,0,2,48,9,59,56,0,56,115
03/09/2005,MQY,TN,ASO,CE,Federal Contract Tower,0,3,38,2,43,0,0,50,8,58,0,3,88,10,101,96,0,96,197
03/10/2005,MQY,TN,ASO,CE,Federal Contract Tower,0,11,30,2,43,0,0,77,1,78,0,11,107,3,121,111,0,111,232
03/11/2005,MQY,TN,ASO,CE,Federal Contract Tower,0,3,33,13,49,0,0,40,8,48,0,3,73,21,97,72,18,90,187
03/12/2005,MQY,TN,ASO,CE,Federal Contract Tower,0,2,40,0,42,0,0,64,0,64,0,2,104,0,106,26,0,26,132
03/13/2005,MQY,TN,ASO,CE,Federal Contract Tower,0,6,30,2,38,0,0,80,11,91,0,6,110,13,129,72,0,72,201
03/14/2005,MQY,TN,ASO,CE,Federal Contract Tower,0,9,44,1,54,0,2,86,2,90,0,11,130,3,144,66,0,66,210
03/15/2005,MQY,TN,ASO,CE,Federal Contract Tower,0,8,45,4,57,0,2,85,2,89,0,10,130,6,146,98,0,98,244
03/16/2005,MQY,TN,ASO,CE,Federal Contract Tower,0,4,24,6,34,0,0,25,1,26,0,4,49,7,60,26,0,26,86
03/17/2005,MQY,TN,ASO,CE,Federal Contract Tower,0,4,68,12,84,0,0,41,0,41,0,4,109,12,125,24,22,46,171
03/18/2005,MQY,TN,ASO,CE,Federal Contract Tower,2,8,31,1,42,0,0,98,1,99,2,8,129,2,141,116,0,116,257
03/19/2005,MQY,TN,ASO,CE,Federal Contract Tower,0,11,48,0,59,0,0,37,0,37,0,11,85,0,96,78,0,78,174
03/20/2005,MQY,TN,ASO,CE,Federal Contract Tower,0,1,36,0,37,0,0,127,0,127,0,1,163,0,164,186,0,186,350
03/21/2005,MQY,TN,ASO,CE,Federal Contract Tower,0,1,30,12,43,0,1,91,0,92,0,2,121,12,135,98,16,114,249
03/22/2005,MQY,TN,ASO,CE,Federal Contract Tower,0,11,33,1,45,0,0,35,2,37,0,11,68,3,82,68,18,86,168
03/23/2005,MQY,TN,ASO,CE,Federal Contract Tower,0,2,63,0,65,0,0,26,2,28,0,2,89,2,93,14,0,14,107
03/24/2005,MQY,TN,ASO,CE,Federal Contract Tower,3,4,66,13,86,0,0,66,7,73,3,4,132,20,159,181,12,193,352
03/25/2005,MQY,TN,ASO,CE,Federal Contract Tower,0,2,65,3,70,0,0,114,4,118,0,2,179,7,188,122,0,122,310
03/26/2005,MQY,TN,ASO,CE,Federal Contract Tower,5,2,73,0,80,0,0,102,0,102,5,2,175,0,182,98,0,98,280
03/27/2005,MQY,TN,ASO,CE,Federal Contract Tower,0,2,7,0,9,0,0,5,0,5,0,2,12,0,14,0,0,0,14
03/28/2005,MQY,TN,ASO,CE,Federal Contract Tower,0,5,30,2,37,0,0,15,0,15,0,5,45,2,52,10,0,10,62
03/29/2005,MQY,TN,ASO,CE,Federal Contract Tower,0,3,40,2,45,0,0,95,2,97,0,3,135,4,142,150,6,156,298
03/30/2005,MQY,TN,ASO,CE,Federal Contract Tower,0,4,47,8,59,0,0,62,14,76,0,4,109,22,135,90,14,104,239
03/31/2005,MQY,TN,ASO,CE,Federal Contract Tower,0,4,51,7,62,0,0,87,13,100,0,4,138,20,162,58,0,58,220
04/01/2005,MQY,TN,ASO,CE,Federal Contract Tower,0,4,27,2,33,0,0,13,2,15,0,4,40,4,48,10,0,10,58
04/02/2005,MQY,TN,ASO,CE,Federal Contract Tower,0,6,31,2,39,0,0,16,24,40,0,6,47,26,79,28,18,46,125
04/03/2005,MQY,TN,ASO,CE,Federal Contract Tower,0,1,44,2,47,0,0,83,11,94,0,1,127,13,141,160,28,188,329
04/04/2005,MQY,TN,ASO,CE,Federal Contract Tower,1,5,44,6,56,0,0,77,12,89,1,5,121,18,145,106,0,106,251
04/05/2005,MQY,TN,ASO,CE,Federal Contract Tower,0,6,48,2,56,0,1,77,14,92,0,7,125,16,148,162,0,162,310
04/06/2005,MQY,TN,ASO,CE,Federal Contract Tower,0,6,12,2,20,0,0,24,3,27,0,6,36,5,47,12,4,16,63
04/07/2005,MQY,TN,ASO,CE,Federal Contract Tower,0,4,44,1,49,0,0,33,4,37,0,4,77,5,86,38,8,46,132
04/08/2005,MQY,TN,ASO,CE,Federal Contract Tower,0,4,60,0,64,0,0,31,7,38,0,4,91,7,102,44,0,44,146
04/09/2005,MQY,TN,ASO,CE,Federal Contract Tower,0,1,27,0,28,0,0,103,0,103,0,1,130,0,131,126,0,126,257
04/10/2005,MQY,TN,ASO,CE,Federal Contract Tower,0,1,26,0,27,0,0,81,0,81,0,1,107,0,108,72,0,72,180
04/11/2005,MQY,TN,ASO,CE,Federal Contract Tower,0,4,24,4,32,0,0,60,4,64,0,4,84,8,96,42,44,86,182
04/12/2005,MQY,TN,ASO,CE,Federal Contract Tower,0,1,32,2,35,0,0,55,3,58,0,1,87,5,93,136,6,142,235
04/13/2005,MQY,TN,ASO,CE,Federal Contract Tower,0,1,34,12,47,0,1,70,0,71,0,2,104,12,118,146,48,194,312
04/14/2005,MQY,TN,ASO,CE,Federal Contract Tower,0,9,61,10,80,0,0,50,0,50,0,9,111,10,130,114,16,130,260
04/15/2005,MQY,TN,ASO,CE,Federal Contract Tower,0,10,64,9,83,0,0,76,12,88,0,10,140,21,171,120,12,132,303
04/16/2005,MQY,TN,ASO,CE,Federal Contract Tower,0,0,17,4,21,0,0,109,8,117,0,0,126,12,138,118,14,132,270
04/17/2005,MQY,TN,ASO,CE,Federal Contract Tower,0,0,31,3,34,0,0,90,11,101,0,0,121,14,135,187,0,187,322
04/18/2005,MQY,TN,ASO,CE,Federal Contract Tower,0,5,37,17,59,0,0,61,5,66,0,5,98,22,125,122,14,136,261
04/19/2005,MQY,TN,ASO,CE,Federal Contract Tower,0,4,33,1,38,0,0,118,11,129,0,4,151,12,167,114,0,114,281
04/20/2005,MQY,TN,ASO,CE,Federal Contract Tower,0,7,54,6,67,0,0,63,6,69,0,7,117,12,136,178,0,178,314
04/21/2005,MQY,TN,ASO,CE,Federal Contract Tower,0,10,44,3,57,0,0,48,1,49,0,10,92,4,106,83,0,83,189
04/22/2005,MQY,TN,ASO,CE,Federal Contract Tower,0,2,22,0,24,0,0,19,0,19,0,2,41,0,43,16,0,16,59
04/23/2005,MQY,TN,ASO,CE,Federal Contract Tower,0,18,23,0,41,0,0,26,0,26,0,18,49,0,67,30,0,30,97
04/24/2005,MQY,TN,ASO,CE,Federal Contract Tower,0,17,3,1,21,0,0,92,6,98,0,17,95,7,119,110,0,110,229
04/25/2005,MQY,TN,ASO,CE,Federal Contract Tower,0,3,48,10,61,0,0,81,8,89,0,3,129,18,150,100,0,100,250
04/26/2005,MQY,TN,ASO,CE,Federal Contract Tower,0,5,25,1,31,0,0,62,0,62,0,5,87,1,93,50,0,50,143
04/27/2005,MQY,TN,ASO,CE,Federal Contract Tower,0,6,77,0,83,0,4,84,17,105,0,10,161,17,188,108,0,108,296
04/28/2005,MQY,TN,ASO,CE,Federal Contract Tower,0,5,50,0,55,0,0,20,1,21,0,5,70,1,76,0,0,0,76
04/29/2005,MQY,TN,ASO,CE,Federal Contract Tower,0,0,46,5,51,0,0,7,0,7,0,0,53,5,58,14,0,14,72
04/30/2005,MQY,TN,ASO,CE,Federal Contract Tower,0,0,25,0,25,0,0,16,0,16,0,0,41,0,41,20,0,20,61
05/01/2005,MQY,TN,ASO,CE,Federal Contract Tower,0,0,26,0,26,0,0,104,0,104,0,0,130,0,130,228,0,228,358
05/02/2005,MQY,TN,ASO,CE,Federal Contract Tower,0,3,55,4,62,0,0,73,10,83,0,3,128,14,145,78,4,82,227
05/03/2005,MQY,TN,ASO,CE,Federal Contract Tower,0,4,49,12,65,0,1,109,12,122,0,5,158,24,187,74,0,74,261
05/04/2005,MQY,TN,ASO,CE,Federal Contract Tower,0,2,52,1,55,0,0,121,7,128,0,2,173,8,183,66,0,66,249
05/05/2005,MQY,TN,ASO,CE,Federal Contract Tower,0,6,39,23,68,0,0,85,3,88,0,6,124,26,156,80,10,90,246
05/06/2005,MQY,TN,ASO,CE,Federal Contract Tower,0,2,48,8,58,0,0,68,19,87,0,2,116,27,145,78,10,88,233
05/07/2005,MQY,TN,ASO,CE,Federal Contract Tower,0,0,12,0,12,0,0,78,0,78,0,0,90,0,90,16,0,16,106
05/08/2005,MQY,TN,ASO,CE,Federal Contract Tower,0,1,11,7,19,0,0,56,14,70,0,1,67,21,89,4,0,4,93
05/09/2005,MQY,TN,ASO,CE,Federal Contract Tower,0,9,43,16,68,0,2,78,2,82,0,11,121,18,150,52,0,52,202
05/10/2005,MQY,TN,ASO,CE,Federal Contract Tower,0,5,58,9,72,0,2,71,0,73,0,7,129,9,145,126,0,126,271
05/11/2005,MQY,TN,ASO,CE,Federal Contract Tower,0,5,43,2,50,0,0,65,2,67,0,5,108,4,117,170,16,186,303
05/12/2005,MQY,TN,ASO,CE,Federal Contract Tower,0,2,56,6,64,0,0,93,8,101,0,2,149,14,165,100,8,108,273
05/13/2005,MQY,TN,ASO,CE,Federal Contract Tower,0,16,56,6,78,0,0,65,5,70,0,16,121,11,148,54,2,56,204
05/14/2005,MQY,TN,ASO,CE,Federal Contract Tower,0,3,10,0,13,0,0,34,3,37,0,3,44,3,50,18,0,18,68
05/15/2005,MQY,TN,ASO,CE,Federal Contract Tower,0,1,42,2,45,0,0,77,9,86,0,1,119,11,131,102,0,102,233
05/16/2005,MQY,TN,ASO,CE,Federal Contract Tower,0,1,59,7,67,0,1,69,1,71,0,2,128,8,138,134,0,134,272
05/17/2005,MQY,TN,ASO,CE,Federal Contract Tower,0,2,38,11,51,0,0,114,2,116,0,2,152,13,167,102,26,128,295
05/18/2005,MQY,TN,ASO,CE,Federal Contract Tower,0,5,50,7,62,0,0,62,8,70,0,5,112,15,132,154,16,170,302
05/19/2005,MQY,TN,ASO,CE,Federal Contract Tower,0,4,48,6,58,0,0,69,7,76,0,4,117,13,134,22,0,22,156
05/20/2005,MQY,TN,ASO,CE,Federal Contract Tower,0,8,50,0,58,0,0,55,2,57,0,8,105,2,115,40,0,40,155
05/21/2005,MQY,TN,ASO,CE,Federal Contract Tower,0,9,26,0,35,0,0,84,7,91,0,9,110,7,126,90,0,90,216
05/22/2005,MQY,TN,ASO,CE,Federal Contract Tower,0,14,51,0,65,0,6,80,12,98,0,20,131,12,163,86,0,86,249
05/23/2005,MQY,TN,ASO,CE,Federal Contract Tower,0,7,40,9,56,0,0,71,17,88,0,7,111,26,144,144,74,218,362
05/24/2005,MQY,TN,ASO,CE,Federal Contract Tower,0,2,60,8,70,0,1,50,19,70,0,3,110,27,140,26,26,52,192
05/25/2005,MQY,TN,ASO,CE,Federal Contract Tower,0,6,52,4,62,0,0,73,26,99,0,6,125,30,161,86,10,96,257
05/26/2005,MQY,TN,ASO,CE,Federal Contract Tower,0,5,62,5,72,0,0,65,5,70,0,5,127,10,142,104,6,110,252
05/27/2005,MQY,TN,ASO,CE,Federal Contract Tower,0,7,71,4,82,0,0,73,6,79,0,7,144,10,161,64,0,64,225
05/28/2005,MQY,TN,ASO,CE,Federal Contract Tower,0,2,0,0,2,0,0,109,3,112,0,2,109,3,114,82,0,82,196
05/29/2005,MQY,TN,ASO,CE,Federal Contract Tower,0,3,32,0,35,0,0,76,0,76,0,3,108,0,111,90,0,90,201
05/30/2005,MQY,TN,ASO,CE,Federal Contract Tower,0,1,26,10,37,0,0,52,8,60,0,1,78,18,97,138,0,138,235
05/31/2005,MQY,TN,ASO,CE,Federal Contract Tower,2,4,34,16,56,0,0,75,7,82,2,4,109,23,138,112,0,112,250
06/01/2005,MQY,TN,ASO,CE,Federal Contract Tower,0,6,27,0,33,0,0,22,5,27,0,6,49,5,60,8,6,14,74
06/02/2005,MQY,TN,ASO,CE,Federal Contract Tower,0,5,49,26,80,0,0,5,8,13,0,5,54,34,93,6,0,6,99
06/03/2005,MQY,TN,ASO,CE,Federal Contract Tower,0,4,43,4,51,0,0,55,12,67,0,4,98,16,118,136,0,136,254
06/04/2005,MQY,TN,ASO,CE,Federal Contract Tower,0,0,35,1,36,0,0,171,0,171,0,0,206,1,207,48,0,48,255
06/05/2005,MQY,TN,ASO,CE,Federal Contract Tower,0,3,29,3,35,0,0,74,3,77,0,3,103,6,112,94,0,94,206
06/06/2005,MQY,TN,ASO,CE,Federal Contract Tower,0,1,28,1,30,0,0,18,3,21,0,1,46,4,51,28,10,38,89
06/07/2005,MQY,TN,ASO,CE,Federal Contract Tower,0,4,49,8,61,0,1,57,13,71,0,5,106,21,132,92,2,94,226
06/08/2005,MQY,TN,ASO,CE,Federal Contract Tower,0,4,50,24,78,0,0,44,5,49,0,4,94,29,127,90,4,94,221
06/09/2005,MQY,TN,ASO,CE,Federal Contract Tower,0,6,61,9,76,0,0,54,17,71,0,6,115,26,147,100,0,100,247
06/10/2005,MQY,TN,ASO,CE,Federal Contract Tower,0,7,53,2,62,0,0,41,1,42,0,7,94,3,104,42,0,42,146
06/11/2005,MQY,TN,ASO,CE,Federal Contract Tower,6,3,61,5,75,0,0,34,0,34,6,3,95,5,109,44,0,44,153
06/12/2005,MQY,TN,ASO,CE,Federal Contract Tower,4,2,40,6,52,0,0,32,0,32,4,2,72,6,84,0,0,0,84
06/13/2005,MQY,TN,ASO,CE,Federal Contract Tower,0,1,50,2,53,0,0,47,13,60,0,1,97,15,113,110,0,110,223
06/14/2005,MQY,TN,ASO,CE,Federal Contract Tower,0,2,25,5,32,0,0,72,0,72,0,2,97,5,104,100,0,100,204
06/15/2005,MQY,TN,ASO,CE,Federal Contract Tower,0,8,41,12,61,0,8,57,3,68,0,16,98,15,129,50,2,52,181
06/16/2005,MQY,TN,ASO,CE,Federal Contract Tower,0,4,46,4,54,0,0,49,7,56,0,4,95,11,110,70,0,70,180
06/17/2005,MQY,TN,ASO,CE,Federal Contract Tower,0,9,51,3,63,0,0,95,4,99,0,9,146,7,162,98,0,98,260
06/18/2005,MQY,TN,ASO,CE,Federal Contract Tower,0,4,38,0,42,0,0,97,0,97,0,4,135,0,139,62,0,62,201
06/19/2005,MQY,TN,ASO,CE,Federal Contract Tower,0,7,29,0,36,0,0,77,1,78,0,7,106,1,114,78,0,78,192
06/20/2005,MQY,TN,ASO,CE,Federal Contract Tower,0,7,36,16,59,0,11,84,3,98,0,18,120,19,157,92,10,102,259
06/21/2005,MQY,TN,ASO,CE,Federal Contract Tower,0,13,34,4,51,0,13,96,11,120,0,26,130,15,171,144,0,144,315
06/22/2005,MQY,TN,ASO,CE,Federal Contract Tower,0,16,38,3,57,0,9,65,2,76,0,25,103,5,133,132,0,132,265
06/23/2005,MQY,TN,ASO,CE,Federal Contract Tower,0,8,69,0,77,0,8,104,3,115,0,16,173,3,192,78,0,78,270
06/24/2005,MQY,TN,ASO,CE,Federal Contract Tower,0,9,56,10,75,0,10,90,3,103,0,19,146,13,178,64,0,64,242
06/25/2005,MQY,TN,ASO,CE,Federal Contract Tower,0,4,53,0,57,0,0,144,0,144,0,4,197,0,201,74,0,74,275
06/26/2005,MQY,TN,ASO,CE,Federal Contract Tower,0,0,30,0,30,0,0,60,0,60,0,0,90,0,90,196,0,196,286
06/27/2005,MQY,TN,ASO,CE,Federal Contract Tower,0,3,24,7,34,0,0,71,5,76,0,3,95,12,110,162,0,162,272
06/28/2005,MQY,TN,ASO,CE,Federal Contract Tower,0,1,26,17,44,0,0,74,9,83,0,1,100,26,127,228,0,228,355
06/29/2005,MQY,TN,ASO,CE,Federal Contract Tower,0,3,50,0,53,0,0,66,10,76,0,3,116,10,129,182,0,182,311
06/30/2005,MQY,TN,ASO,CE,Federal Contract Tower,0,3,38,7,48,0,1,64,0,65,0,4,102,7,113,202,6,208,321
07/01/2005,MQY,TN,ASO,CE,Federal Contract Tower,0,3,44,0,47,0,0,44,0,44,0,3,88,0,91,58,0,58,149
07/02/2005,MQY,TN,ASO,CE,Federal Contract Tower,0,3,36,0,39,0,0,87,2,89,0,3,123,2,128,74,0,74,202
07/03/2005,MQY,TN,ASO,CE,Federal Contract Tower,0,1,9,0,10,0,1,41,4,46,0,2,50,4,56,6,0,6,62
07/04/2005,MQY,TN,ASO,CE,Federal Contract Tower,0,1,15,0,16,0,0,31,0,31,0,1,46,0,47,54,0,54,101
07/05/2005,MQY,TN,ASO,CE,Federal Contract Tower,0,3,32,4,39,0,0,53,8,61,0,3,85,12,100,112,0,112,212
07/06/2005,MQY,TN,ASO,CE,Federal Contract Tower,0,1,38,0,39,0,0,54,0,54,0,1,92,0,93,108,0,108,201
07/07/2005,MQY,TN,ASO,CE,Federal Contract Tower,0,1,43,11,55,0,0,39,0,39,0,1,82,11,94,62,0,62,156
07/08/2005,MQY,TN,ASO,CE,Federal Contract Tower,0,4,46,2,52,0,0,82,5,87,0,4,128,7,139,55,0,55,194
07/09/2005,MQY,TN,ASO,CE,Federal Contract Tower,0,0,35,0,35,0,0,75,7,82,0,0,110,7,117,72,0,72,189
07/10/2005,MQY,TN,ASO,CE,Federal Contract Tower,0,1,23,0,24,0,1,66,3,70,0,2,89,3,94,62,0,62,156
07/11/2005,MQY,TN,ASO,CE,Federal Contract Tower,0,1,15,0,16,0,0,24,0,24,0,1,39,0,40,16,0,16,56
07/12/2005,MQY,TN,ASO,CE,Federal Contract Tower,0,1,18,2,21,0,0,81,6,87,0,1,99,8,108,12,0,12,120
07/13/2005,MQY,TN,ASO,CE,Federal Contract Tower,0,9,24,2,35,0,0,36,2,38,0,9,60,4,73,73,0,73,146
07/14/2005,MQY,TN,ASO,CE,Federal Contract Tower,0,12,37,21,70,0,1,20,3,24,0,13,57,24,94,16,18,34,128
07/15/2005,MQY,TN,ASO,CE,Federal Contract Tower,0,13,46,7,66,0,4,23,2,29,0,17,69,9,95,0,46,46,141
07/16/2005,MQY,TN,ASO,CE,Federal Contract Tower,0,1,37,4,42,0,0,21,0,21,0,1,58,4,63,14,0,14,77
07/17/2005,MQY,TN,ASO,CE,Federal Contract Tower,0,1,19,6,26,0,0,52,4,56,0,1,71,10,82,158,0,158,240
07/18/2005,MQY,TN,ASO,CE,Federal Contract Tower,0,3,34,2,39,0,1,60,13,74,0,4,94,15,113,104,16,120,233
07/19/2005,MQY,TN,ASO,CE,Federal Contract Tower,0,12,53,0,65,0,5,53,8,66,0,17,106,8,131,44,10,54,185
07/20/2005,MQY,TN,ASO,CE,Federal Contract Tower,0,7,59,3,69,0,0,74,2,76,0,7,133,5,145,126,0,126,271
07/21/2005,MQY,TN,ASO,CE,Federal Contract Tower,0,3,73,3,79,0,0,66,17,83,0,3,139,20,162,160,14,174,336
07/22/2005,MQY,TN,ASO,CE,Federal Contract Tower,0,7,43,14,64,0,0,75,2,77,0,7,118,16,141,74,0,74,215
07/23/2005,MQY,TN,ASO,CE,Federal Contract Tower,0,4,34,0,38,0,0,96,12,108,0,4,130,12,146,102,0,102,248
07/24/2005,MQY,TN,ASO,CE,Federal Contract Tower,0,1,21,1,23,0,0,89,3,92,0,1,110,4,115,92,0,92,207
07/25/2005,MQY,TN,ASO,CE,Federal Contract Tower,0,4,43,7,54,0,1,86,5,92,0,5,129,12,146,110,0,110,256
07/26/2005,MQY,TN,ASO,CE,Federal Contract Tower,0,3,51,2,56,0,0,82,16,98,0,3,133,18,154,110,0,110,264
07/27/2005,MQY,TN,ASO,CE,Federal Contract Tower,0,7,45,1,53,0,2,42,7,51,0,9,87,8,104,84,0,84,188
07/28/2005,MQY,TN,ASO,CE,Federal Contract Tower,0,5,46,3,54,0,0,42,10,52,0,5,88,13,106,82,0,82,188
07/29/2005,MQY,TN,ASO,CE,Federal Contract Tower,0,3,44,2,49,0,0,35,3,38,0,3,79,5,87,34,6,40,127
07/30/2005,MQY,TN,ASO,CE,Federal Contract Tower,0,0,38,0,38,0,0,73,3,76,0,0,111,3,114,126,2,128,242
07/31/2005,MQY,TN,ASO,CE,Federal Contract Tower,0,3,37,0,40,0,0,81,2,83,0,3,118,2,123,86,0,86,209
08/01/2005,MQY,TN,ASO,CE,Federal Contract Tower,0,4,43,6,53,0,0,78,6,84,0,4,121,12,137,70,24,94,231
08/02/2005,MQY,TN,ASO,CE,Federal Contract Tower,0,15,41,0,56,0,5,84,2,91,0,20,125,2,147,90,0,90,237
08/03/2005,MQY,TN,ASO,CE,Federal Contract Tower,0,20,23,0,43,0,1,60,1,62,0,21,83,1,105,104,8,112,217
08/04/2005,MQY,TN,ASO,CE,Federal Contract Tower,0,6,50,5,61,0,0,68,9,77,0,6,118,14,138,78,0,78,216
08/05/2005,MQY,TN,ASO,CE,Federal Contract Tower,0,8,43,14,65,0,0,53,4,57,0,8,96,18,122,64,6,70,192
08/06/2005,MQY,TN,ASO,CE,Federal Contract Tower,0,1,20,4,25,0,0,45,8,53,0,1,65,12,78,70,18,88,166
08/07/2005,MQY,TN,ASO,CE,Federal Contract Tower,0,0,38,0,38,0,0,68,8,76,0,0,106,8,114,94,0,94,208
08/08/2005,MQY,TN,ASO,CE,Federal Contract Tower,0,5,50,6,61,0,0,65,5,70,0,5,115,11,131,142,0,142,273
08/09/2005,MQY,TN,ASO,CE,Federal Contract Tower,0,3,51,6,60,0,0,68,7,75,0,3,119,13,135,148,0,148,283
08/10/2005,MQY,TN,ASO,CE,Federal Contract Tower,0,3,34,12,49,0,0,58,16,74,0,3,92,28,123,28,4,32,155
08/11/2005,MQY,TN,ASO,CE,Federal Contract Tower,1,1,36,2,40,0,0,85,10,95,1,1,121,12,135,87,0,87,222
08/12/2005,MQY,TN,ASO,CE,Federal Contract Tower,0,3,37,0,40,0,0,86,15,101,0,3,123,15,141,94,0,94,235
08/13/2005,MQY,TN,ASO,CE,Federal Contract Tower,0,0,29,0,29,0,0,43,0,43,0,0,72,0,72,16,0,16,88
08/14/2005,MQY,TN,ASO,CE,Federal Contract Tower,0,1,24,0,25,0,0,71,0,71,0,1,95,0,96,66,0,66,162
08/15/2005,MQY,TN,ASO,CE,Federal Contract Tower,0,5,30,0,35,0,0,57,4,61,0,5,87,4,96,14,0,14,110
08/16/2005,MQY,TN,ASO,CE,Federal Contract Tower,0,1,56,6,63,0,0,78,10,88,0,1,134,16,151,60,8,68,219
08/17/2005,MQY,TN,ASO,CE,Federal Contract Tower,0,2,35,10,47,0,0,41,1,42,0,2,76,11,89,70,8,78,167
08/18/2005,MQY,TN,ASO,CE,Federal Contract Tower,0,6,22,10,38,0,0,75,16,91,0,6,97,26,129,50,42,92,221
08/19/2005,MQY,TN,ASO,CE,Federal Contract Tower,0,4,41,5,50,0,0,75,18,93,0,4,116,23,143,54,0,54,197
08/20/2005,MQY,TN,ASO,CE,Federal Contract Tower,0,3,29,0,32,0,0,77,8,85,0,3,106,8,117,64,0,64,181
08/21/2005,MQY,TN,ASO,CE,Federal Contract Tower,0,2,21,0,23,0,0,70,0,70,0,2,91,0,93,62,0,62,155
08/22/2005,MQY,TN,ASO,CE,Federal Contract Tower,0,5,34,8,47,0,6,57,16,79,0,11,91,24,126,60,0,60,186
08/23/2005,MQY,TN,ASO,CE,Federal Contract Tower,0,2,42,3,47,0,2,80,0,82,0,4,122,3,129,128,0,128,257
08/24/2005,MQY,TN,ASO,CE,Federal Contract Tower,0,3,39,13,55,0,0,63,7,70,0,3,102,20,125,24,6,30,155
08/25/2005,MQY,TN,ASO,CE,Federal Contract Tower,0,4,41,4,49,0,0,47,4,51,0,4,88,8,100,107,0,107,207
08/26/2005,MQY,TN,ASO,CE,Federal Contract Tower,0,4,55,5,64,0,0,39,2,41,0,4,94,7,105,48,2,50,155
08/27/2005,MQY,TN,ASO,CE,Federal Contract Tower,0,14,18,0,32,0,0,53,0,53,0,14,71,0,85,68,0,68,153
08/28/2005,MQY,TN,ASO,CE,Federal Contract Tower,0,8,47,8,63,0,2,53,4,59,0,10,100,12,122,42,0,42,164
08/29/2005,MQY,TN,ASO,CE,Federal Contract Tower,0,3,45,3,51,0,0,0,5,5,0,3,45,8,56,0,0,0,56
08/30/2005,MQY,TN,ASO,CE,Federal Contract Tower,0,5,6,0,11,0,0,31,0,31,0,5,37,0,42,0,0,0,42
08/31/2005,MQY,TN,ASO,CE,Federal Contract Tower,0,1,57,0,58,0,2,83,4,89,0,3,140,4,147,126,0,126,273
09/01/2005,MQY,TN,ASO,CE,Federal Contract Tower,2,4,59,29,94,0,0,87,10,97,2,4,146,39,191,32,0,32,223
09/02/2005,MQY,TN,ASO,CE,Federal Contract Tower,0,7,43,3,53,0,0,87,9,96,0,7,130,12,149,40,6,46,195
09/03/2005,MQY,TN,ASO,CE,Federal Contract Tower,0,0,46,0,46,0,0,104,2,106,0,0,150,2,152,50,0,50,202
09/04/2005,MQY,TN,ASO,CE,Federal Contract Tower,3,1,100,0,104,0,0,0,5,5,3,1,100,5,109,0,0,0,109
09/05/2005,MQY,TN,ASO,CE,Federal Contract Tower,1,1,46,1,49,0,0,45,1,46,1,1,91,2,95,42,0,42,137
09/06/2005,MQY,TN,ASO,CE,Federal Contract Tower,0,4,51,12,67,0,17,45,12,74,0,21,96,24,141,52,10,62,203
09/07/2005,MQY,TN,ASO,CE,Federal Contract Tower,0,3,60,10,73,0,0,66,13,79,0,3,126,23,152,150,16,166,318
09/08/2005,MQY,TN,ASO,CE,Federal Contract Tower,0,2,48,0,50,0,0,59,3,62,0,2,107,3,112,36,0,36,148
09/09/2005,MQY,TN,ASO,CE,Federal Contract Tower,0,4,70,9,83,0,0,53,1,54,0,4,123,10,137,76,0,76,213
09/10/2005,MQY,TN,ASO,CE,Federal Contract Tower,0,0,25,4,29,0,0,57,3,60,0,0,82,7,89,44,0,44,133
09/11/2005,MQY,TN,ASO,CE,Federal Contract Tower,0,1,6,0,7,0,0,73,15,88,0,1,79,15,95,80,0,80,175
09/12/2005,MQY,TN,ASO,CE,Federal Contract Tower,0,6,44,23,73,0,0,56,4,60,0,6,100,27,133,52,0,52,185
09/13/2005,MQY,TN,ASO,CE,Federal Contract Tower,0,8,48,1,57,0,0,50,7,57,0,8,98,8,114,90,0,90,204
09/14/2005,MQY,TN,ASO,CE,Federal Contract Tower,0,5,53,3,61,0,0,52,14,66,0,5,105,17,127,98,26,124,251
09/15/2005,MQY,TN,ASO,CE,Federal Contract Tower,0,9,30,6,45,0,0,32,4,36,0,9,62,10,81,16,2,18,99
09/16/2005,MQY,TN,ASO,CE,Federal Contract Tower,0,6,43,0,49,0,0,86,0,86,0,6,129,0,135,52,0,52,187
09/17/2005,MQY,TN,ASO,CE,Federal Contract Tower,0,2,31,1,34,0,4,42,6,52,0,6,73,7,86,48,0,48,134
09/18/2005,MQY,TN,ASO,CE,Federal Contract Tower,0,1,26,1,28,0,0,57,0,57,0,1,83,1,85,76,0,76,161
09/19/2005,MQY,TN,ASO,CE,Federal Contract Tower,0,3,53,10,66,0,1,51,2,54,0,4,104,12,120,120,0,120,240
09/20/2005,MQY,TN,ASO,CE,Federal Contract Tower,0,6,40,3,49,0,2,67,0,69,0,8,107,3,118,98,0,98,216
09/21/2005,MQY,TN,ASO,CE,Federal Contract Tower,5,8,45,19,77,0,2,68,6,76,5,10,113,25,153,72,0,72,225
09/22/2005,MQY,TN,ASO,CE,Federal Contract Tower,1,4,40,6,51,0,0,36,15,51,1,4,76,21,102,30,4,34,136
09/23/2005,MQY,TN,ASO,CE,Federal Contract Tower,0,5,61,4,70,0,0,66,2,68,0,5,127,6,138,62,16,78,216
09/24/2005,MQY,TN,ASO,CE,Federal Contract Tower,0,0,30,0,30,0,0,72,7,79,0,0,102,7,109,38,0,38,147
09/25/2005,MQY,TN,ASO,CE,Federal Contract Tower,0,1,30,2,33,0,0,24,0,24,0,1,54,2,57,0,0,0,57
09/26/2005,MQY,TN,ASO,CE,Federal Contract Tower,0,4,35,2,41,0,2,56,3,61,0,6,91,5,102,28,2,30,132
09/27/2005,MQY,TN,ASO,CE,Federal Contract Tower,0,1,71,0,72,0,2,80,2,84,0,3,151,2,156,98,0,98,254
09/28/2005,MQY,TN,ASO,CE,Federal Contract Tower,0,7,72,4,83,0,0,69,7,76,0,7,141,11,159,76,0,76,235
09/29/2005,MQY,TN,ASO,CE,Federal Contract Tower,0,6,47,1,54,0,0,67,1,68,0,6,114,2,122,78,0,78,200
09/30/2005,MQY,TN,ASO,CE,Federal Contract Tower,0,10,77,2,89,0,0,76,1,77,0,10,153,3,166,58,4,62,228
10/01/2005,MQY,TN,ASO,CE,Federal Contract Tower,0,0,47,2,49,0,2,86,0,88,0,2,133,2,137,94,0,94,231
10/02/2005,MQY,TN,ASO,CE,Federal Contract Tower,0,1,26,0,27,0,0,83,2,85,0,1,109,2,112,42,0,42,154
10/03/2005,MQY,TN,ASO,CE,Federal Contract Tower,0,3,37,4,44,0,0,89,0,89,0,3,126,4,133,82,0,82,215
10/04/2005,MQY,TN,ASO,CE,Federal Contract Tower,0,9,70,5,84,0,0,68,2,70,0,9,138,7,154,120,0,120,274
10/05/2005,MQY,TN,ASO,CE,Federal Contract Tower,0,8,35,10,53,0,1,60,8,69,0,9,95,18,122,32,0,32,154
10/06/2005,MQY,TN,ASO,CE,Federal Contract Tower,0,5,69,8,82,0,0,78,0,78,0,5,147,8,160,88,0,88,248
10/07/2005,MQY,TN,ASO,CE,Federal Contract Tower,0,7,36,6,49,0,0,15,1,16,0,7,51,7,65,0,2,2,67
10/08/2005,MQY,TN,ASO,CE,Federal Contract Tower,0,0,48,0,48,0,0,18,0,18,0,0,66,0,66,0,0,0,66
10/09/2005,MQY,TN,ASO,CE,Federal Contract Tower,0,0,32,0,32,0,2,10,0,12,0,2,42,0,44,0,0,0,44
10/10/2005,MQY,TN,ASO,CE,Federal Contract Tower,0,5,61,4,70,0,0,18,0,18,0,5,79,4,88,32,0,32,120
10/11/2005,MQY,TN,ASO,CE,Federal Contract Tower,0,4,60,0,64,0,0,18,0,18,0,4,78,0,82,28,0,28,110
10/12/2005,MQY,TN,ASO,CE,Federal Contract Tower,0,9,55,1,65,0,0,26,0,26,0,9,81,1,91,68,0,68,159
10/13/2005,MQY,TN,ASO,CE,Federal Contract Tower,1,9,38,6,54,0,0,52,8,60,1,9,90,14,114,60,0,60,174
10/14/2005,MQY,TN,ASO,CE,Federal Contract Tower,0,5,49,9,63,0,0,64,5,69,0,5,113,14,132,70,0,70,202
10/15/2005,MQY,TN,ASO,CE,Federal Contract Tower,0,1,58,2,61,0,0,102,6,108,0,1,160,8,169,126,0,126,295
10/16/2005,MQY,TN,ASO,CE,Federal Contract Tower,0,0,45,6,51,0,0,97,0,97,0,0,142,6,148,138,0,138,286
10/17/2005,MQY,TN,ASO,CE,Federal Contract Tower,0,2,34,13,49,0,2,62,8,72,0,4,96,21,121,38,0,38,159
10/18/2005,MQY,TN,ASO,CE,Federal Contract Tower,0,8,52,7,67,0,1,84,0,85,0,9,136,7,152,62,12,74,226
10/19/2005,MQY,TN,ASO,CE,Federal Contract Tower,0,21,50,7,78,0,0,70,4,74,0,21,120,11,152,62,12,74,226
10/20/2005,MQY,TN,ASO,CE,Federal Contract Tower,0,18,48,0,66,0,0,45,2,47,0,18,93,2,113,56,0,56,169
10/21/2005,MQY,TN,ASO,CE,Federal Contract Tower,0,9,75,5,89,0,0,49,5,54,0,9,124,10,143,44,10,54,197
10/22/2005,MQY,TN,ASO,CE,Federal Contract Tower,0,17,42,3,62,0,0,32,2,34,0,17,74,5,96,28,10,38,134
10/23/2005,MQY,TN,ASO,CE,Federal Contract Tower,0,8,33,5,46,0,2,89,1,92,0,10,122,6,138,64,0,64,202
10/24/2005,MQY,TN,ASO,CE,Federal Contract Tower,0,5,47,0,52,0,2,67,0,69,0,7,114,0,121,22,0,22,143
10/25/2005,MQY,TN,ASO,CE,Federal Contract Tower,0,7,45,0,52,0,3,74,5,82,0,10,119,5,134,54,0,54,188
10/26/2005,MQY,TN,ASO,CE,Federal Contract Tower,0,16,89,12,117,0,0,47,2,49,0,16,136,14,166,56,10,66,232
10/27/2005,MQY,TN,ASO,CE,Federal Contract Tower,0,9,67,14,90,0,0,44,7,51,0,9,111,21,141,90,14,104,245
10/28/2005,MQY,TN,ASO,CE,Federal Contract Tower,0,8,49,5,62,0,0,99,8,107,0,8,148,13,169,58,0,58,227
10/29/2005,MQY,TN,ASO,CE,Federal Contract Tower,0,0,30,1,31,0,0,85,8,93,0,0,115,9,124,64,0,64,188
10/30/2005,MQY,TN,ASO,CE,Federal Contract Tower,0,5,26,8,39,0,0,94,6,100,0,5,120,14,139,56,10,66,205
10/31/2005,MQY,TN,ASO,CE,Federal Contract Tower,0,1,30,13,44,0,3,82,7,92,0,4,112,20,136,126,0,126,262
11/01/2005,MQY,TN,ASO,CE,Federal Contract Tower,0,2,49,3,54,0,0,37,14,51,0,2,86,17,105,72,4,76,181
11/02/2005,MQY,TN,ASO,CE,Federal Contract Tower,0,15,49,0,64,0,3,67,6,76,0,18,116,6,140,114,0,114,254
11/03/2005,MQY,TN,ASO,CE,Federal Contract Tower,0,6,40,1,47,0,0,70,2,72,0,6,110,3,119,74,0,74,193
11/04/2005,MQY,TN,ASO,CE,Federal Contract Tower,0,2,42,5,49,0,0,67,7,74,0,2,109,12,123,58,0,58,181
11/05/2005,MQY,TN,ASO,CE,Federal Contract Tower,1,0,24,2,27,0,0,45,14,59,1,0,69,16,86,60,18,78,164
11/06/2005,MQY,TN,ASO,CE,Federal Contract Tower,0,2,27,0,29,0,0,61,12,73,0,2,88,12,102,64,2,66,168
11/07/2005,MQY,TN,ASO,CE,Federal Contract Tower,0,5,32,3,40,0,1,84,2,87,0,6,116,5,127,74,2,76,203
11/08/2005,MQY,TN,ASO,CE,Federal Contract Tower,0,6,33,1,40,0,1,102,2,105,0,7,135,3,145,138,0,138,283
11/09/2005,MQY,TN,ASO,CE,Federal Contract Tower,0,5,26,4,35,0,3,39,13,55,0,8,65,17,90,28,6,34,124
11/10/2005,MQY,TN,ASO,CE,Federal Contract Tower,1,5,41,7,54,0,0,72,7,79,1,5,113,14,133,96,18,114,247
11/11/2005,MQY,TN,ASO,CE,Federal Contract Tower,0,5,34,0,39,0,0,102,9,111,0,5,136,9,150,162,0,162,312
11/12/2005,MQY,TN,ASO,CE,Federal Contract Tower,0,0,28,3,31,0,0,120,6,126,0,0,148,9,157,78,6,84,241
11/13/2005,MQY,TN,ASO,CE,Federal Contract Tower,0,3,22,4,29,0,4,58,1,63,0,7,80,5,92,46,0,46,138
11/14/2005,MQY,TN,ASO,CE,Federal Contract Tower,0,12,32,8,52,0,2,20,4,26,0,14,52,12,78,78,10,88,166
11/15/2005,MQY,TN,ASO,CE,Federal Contract Tower,0,3,24,2,29,0,2,13,0,15,0,5,37,2,44,6,0,6,50
11/16/2005,MQY,TN,ASO,CE,Federal Contract Tower,0,7,33,2,42,0,0,44,0,44,0,7,77,2,86,56,0,56,142
11/17/2005,MQY,TN,ASO,CE,Federal Contract Tower,0,6,50,7,63,0,0,55,11,66,0,6,105,18,129,82,30,112,241
11/18/2005,MQY,TN,ASO,CE,Federal Contract Tower,0,3,36,7,46,0,0,76,6,82,0,3,112,13,128,116,14,130,258
11/19/2005,MQY,TN,ASO,CE,Federal Contract Tower,0,9,41,4,54,0,0,105,6,111,0,9,146,10,165,86,14,100,265
11/20/2005,MQY,TN,ASO,CE,Federal Contract Tower,0,13,16,6,35,0,0,60,2,62,0,13,76,8,97,50,0,50,147
11/21/2005,MQY,TN,ASO,CE,Federal Contract Tower,0,4,22,8,34,0,1,14,2,17,0,5,36,10,51,16,0,16,67
11/22/2005,MQY,TN,ASO,CE,Federal Contract Tower,0,5,26,4,35,0,0,92,23,115,0,5,118,27,150,54,18,72,222
11/23/2005,MQY,TN,ASO,CE,Federal Contract Tower,1,3,34,0,38,0,0,47,5,52,1,3,81,5,90,13,0,13,103
11/24/2005,MQY,TN,ASO,CE,Federal Contract Tower,0,0,17,0,17,0,0,19,0,19,0,0,36,0,36,0,0,0,36
11/25/2005,MQY,TN,ASO,CE,Federal Contract Tower,0,5,32,0,37,0,0,82,0,82,0,5,114,0,119,50,0,50,169
11/26/2005,MQY,TN,ASO,CE,Federal Contract Tower,0,1,34,0,35,0,0,90,0,90,0,1,124,0,125,96,0,96,221
11/27/2005,MQY,TN,ASO,CE,Federal Contract Tower,0,1,29,0,30,0,0,24,0,24,0,1,53,0,54,0,0,0,54
11/28/2005,MQY,TN,ASO,CE,Federal Contract Tower,0,3,22,2,27,0,0,20,1,21,0,3,42,3,48,12,6,18,66
11/29/2005,MQY,TN,ASO,CE,Federal Contract Tower,0,3,47,2,52,0,0,64,0,64,0,3,111,2,116,52,0,52,168
11/30/2005,MQY,TN,ASO,CE,Federal Contract Tower,0,6,52,6,64,0,0,71,10,81,0,6,123,16,145,114,4,118,263
12/01/2005,MQY,TN,ASO,CE,Federal Contract Tower,0,10,21,0,31,0,0,35,11,46,0,10,56,11,77,14,0,14,91
12/02/2005,MQY,TN,ASO,CE,Federal Contract Tower,0,6,49,2,57,0,0,63,11,74,0,6,112,13,131,70,4,74,205
12/03/2005,MQY,TN,ASO,CE,Federal Contract Tower,0,5,10,0,15,0,0,13,6,19,0,5,23,6,34,48,22,70,104
12/04/2005,MQY,TN,ASO,CE,Federal Contract Tower,0,2,18,3,23,0,0,33,0,33,0,2,51,3,56,16,0,16,72
12/05/2005,MQY,TN,ASO,CE,Federal Contract Tower,0,10,18,0,28,0,4,25,8,37,0,14,43,8,65,0,0,0,65
12/06/2005,MQY,TN,ASO,CE,Federal Contract Tower,0,4,24,2,30,0,2,64,5,71,0,6,88,7,101,80,14,94,195
12/07/2005,MQY,TN,ASO,CE,Federal Contract Tower,0,11,61,2,74,0,3,77,3,83,0,14,138,5,157,74,0,74,231
12/08/2005,MQY,TN,ASO,CE,Federal Contract Tower,0,8,23,4,35,0,1,4,10,15,0,9,27,14,50,0,10,10,60
12/09/2005,MQY,TN,ASO,CE,Federal Contract Tower,0,2,31,6,39,0,0,80,9,89,0,2,111,15,128,54,6,60,188
12/10/2005,MQY,TN,ASO,CE,Federal Contract Tower,0,3,20,1,24,0,0,94,0,94,0,3,114,1,118,110,0,110,228
12/11/2005,MQY,TN,ASO,CE,Federal Contract Tower,0,2,12,0,14,0,0,65,1,66,0,2,77,1,80,52,0,52,132
12/12/2005,MQY,TN,ASO,CE,Federal Contract Tower,0,4,40,1,45,0,1,48,1,50,0,5,88,2,95,82,0,82,177
12/13/2005,MQY,TN,ASO,CE,Federal Contract Tower,0,3,36,0,39,0,0,53,25,78,0,3,89,25,117,56,19,75,192
12/14/2005,MQY,TN,ASO,CE,Federal Contract Tower,0,1,32,3,36,0,3,30,10,43,0,4,62,13,79,42,0,42,121
12/15/2005,MQY,TN,ASO,CE,Federal Contract Tower,1,6,34,6,47,0,0,30,18,48,1,6,64,24,95,12,36,48,143
12/16/2005,MQY,TN,ASO,CE,Federal Contract Tower,0,4,54,16,74,0,2,72,16,90,0,6,126,32,164,94,14,108,272
12/17/2005,MQY,TN,ASO,CE,Federal Contract Tower,0,0,39,1,40,0,0,83,4,87,0,0,122,5,127,106,0,106,233
12/18/2005,MQY,TN,ASO,CE,Federal Contract Tower,0,4,46,2,52,0,0,59,3,62,0,4,105,5,114,100,0,100,214
12/19/2005,MQY,TN,ASO,CE,Federal Contract Tower,0,7,41,2,50,0,2,71,4,77,0,9,112,6,127,70,0,70,197
12/20/2005,MQY,TN,ASO,CE,Federal Contract Tower,0,6,31,6,43,0,0,49,1,50,0,6,80,7,93,58,26,84,177
12/21/2005,MQY,TN,ASO,CE,Federal Contract Tower,0,9,25,4,38,0,0,48,6,54,0,9,73,10,92,44,2,46,138
12/22/2005,MQY,TN,ASO,CE,Federal Contract Tower,0,7,50,1,58,0,0,54,1,55,0,7,104,2,113,128,0,128,241
12/23/2005,MQY,TN,ASO,CE,Federal Contract Tower,0,2,21,0,23,0,0,59,0,59,0,2,80,0,82,56,0,56,138
12/24/2005,MQY,TN,ASO,CE,Federal Contract Tower,0,1,11,0,12,0,0,9,0,9,0,1,20,0,21,12,0,12,33
12/25/2005,MQY,TN,ASO,CE,Federal Contract Tower,0,2,7,0,9,0,0,0,0,0,0,2,7,0,9,0,0,0,9
12/26/2005,MQY,TN,ASO,CE,Federal Contract Tower,0,4,27,0,31,0,1,21,0,22,0,5,48,0,53,26,0,26,79
12/27/2005,MQY,TN,ASO,CE,Federal Contract Tower,0,1,27,0,28,0,3,57,0,60,0,4,84,0,88,74,0,74,162
12/28/2005,MQY,TN,ASO,CE,Federal Contract Tower,0,4,19,1,24,0,0,26,1,27,0,4,45,2,51,46,0,46,97
12/29/2005,MQY,TN,ASO,CE,Federal Contract Tower,0,1,34,6,41,0,0,22,2,24,0,1,56,8,65,10,0,10,75
12/30/2005,MQY,TN,ASO,CE,Federal Contract Tower,0,6,39,0,45,0,0,53,0,53,0,6,92,0,98,80,0,80,178
12/31/2005,MQY,TN,ASO,CE,Federal Contract Tower,0,0,21,0,21,0,0,59,0,59,0,0,80,0,80,52,0,52,132
01/01/2006,MQY,TN,ASO,CE,Federal Contract Tower,0,2,11,0,13,0,2,15,0,17,0,4,26,0,30,0,0,0,30
01/02/2006,MQY,TN,ASO,CE,Federal Contract Tower,0,3,22,0,25,0,0,36,0,36,0,3,58,0,61,42,0,42,103
01/03/2006,MQY,TN,ASO,CE,Federal Contract Tower,0,1,49,3,53,0,0,49,2,51,0,1,98,5,104,78,0,78,182
01/04/2006,MQY,TN,ASO,CE,Federal Contract Tower,0,1,45,2,48,0,3,60,4,67,0,4,105,6,115,28,0,28,143
01/05/2006,MQY,TN,ASO,CE,Federal Contract Tower,0,5,41,3,49,0,0,42,2,44,0,5,83,5,93,60,0,60,153
01/06/2006,MQY,TN,ASO,CE,Federal Contract Tower,0,5,29,2,36,0,0,40,11,51,0,5,69,13,87,70,34,104,191
01/07/2006,MQY,TN,ASO,CE,Federal Contract Tower,0,1,37,13,51,0,0,96,13,109,0,1,133,26,160,78,18,96,256
01/08/2006,MQY,TN,ASO,CE,Federal Contract Tower,0,1,24,3,28,0,0,66,24,90,0,1,90,27,118,8,24,32,150
01/09/2006,MQY,TN,ASO,CE,Federal Contract Tower,0,1,36,2,39,0,2,92,2,96,0,3,128,4,135,154,0,154,289
01/10/2006,MQY,TN,ASO,CE,Federal Contract Tower,0,3,29,4,36,0,1,67,0,68,0,4,96,4,104,50,30,80,184
01/11/2006,MQY,TN,ASO,CE,Federal Contract Tower,0,2,33,0,35,0,0,69,16,85,0,2,102,16,120,104,0,104,224
01/12/2006,MQY,TN,ASO,CE,Federal Contract Tower,0,1,29,1,31,0,0,92,4,96,0,1,121,5,127,118,0,118,245
01/13/2006,MQY,TN,ASO,CE,Federal Contract Tower,0,10,38,0,48,0,0,16,1,17,0,10,54,1,65,18,0,18,83
01/14/2006,MQY,TN,ASO,CE,Federal Contract Tower,0,9,38,2,49,0,6,23,0,29,0,15,61,2,78,30,0,30,108
01/15/2006,MQY,TN,ASO,CE,Federal Contract Tower,0,1,23,0,24,0,0,106,0,106,0,1,129,0,130,144,0,144,274
01/16/2006,MQY,TN,ASO,CE,Federal Contract Tower,0,3,46,0,49,0,0,49,0,49,0,3,95,0,98,60,0,60,158
01/17/2006,MQY,TN,ASO,CE,Federal Contract Tower,0,4,32,1,37,0,1,7,2,10,0,5,39,3,47,0,0,0,47
01/18/2006,MQY,TN,ASO,CE,Federal Contract Tower,0,4,34,4,42,0,1,61,5,67,0,5,95,9,109,28,0,28,137
01/19/2006,MQY,TN,ASO,CE,Federal Contract Tower,0,4,46,2,52,0,0,55,10,65,0,4,101,12,117,14,2,16,133
01/20/2006,MQY,TN,ASO,CE,Federal Contract Tower,0,1,38,16,55,0,0,68,0,68,0,1,106,16,123,130,0,130,253
01/21/2006,MQY,TN,ASO,CE,Federal Contract Tower,0,13,17,3,33,0,1,39,7,47,0,14,56,10,80,56,8,64,144
01/22/2006,MQY,TN,ASO,CE,Federal Contract Tower,0,6,11,0,17,0,0,0,0,0,0,6,11,0,17,2,0,2,19
01/23/2006,MQY,TN,ASO,CE,Federal Contract Tower,0,12,26,0,38,0,0,0,0,0,0,12,26,0,38,0,0,0,38
01/24/2006,MQY,TN,ASO,CE,Federal Contract Tower,0,1,59,3,63,0,0,73,8,81,0,1,132,11,144,142,18,160,304
01/25/2006,MQY,TN,ASO,CE,Federal Contract Tower,0,3,38,12,53,0,0,79,5,84,0,3,117,17,137,112,18,130,267
01/26/2006,MQY,TN,ASO,CE,Federal Contract Tower,0,7,45,8,60,0,0,60,7,67,0,7,105,15,127,107,0,107,234
01/27/2006,MQY,TN,ASO,CE,Federal Contract Tower,0,1,37,6,44,0,0,79,0,79,0,1,116,6,123,80,0,80,203
01/28/2006,MQY,TN,ASO,CE,Federal Contract Tower,0,3,27,1,31,0,0,70,0,70,0,3,97,1,101,58,0,58,159
01/29/2006,MQY,TN,ASO,CE,Federal Contract Tower,0,2,26,0,28,0,0,67,0,67,0,2,93,0,95,16,0,16,111
01/30/2006,MQY,TN,ASO,CE,Federal Contract Tower,0,2,26,2,30,0,0,61,2,63,0,2,87,4,93,38,8,46,139
01/31/2006,MQY,TN,ASO,CE,Federal Contract Tower,0,7,29,6,42,0,2,90,5,97,0,9,119,11,139,116,0,116,255
02/01/2006,MQY,TN,ASO,CE,Federal Contract Tower,1,6,30,7,44,0,1,57,3,61,1,7,87,10,105,62,14,76,181
02/02/2006,MQY,TN,ASO,CE,Federal Contract Tower,0,8,33,17,58,0,0,23,11,34,0,8,56,28,92,0,0,0,92
02/03/2006,MQY,TN,ASO,CE,Federal Contract Tower,0,1,49,3,53,0,0,15,16,31,0,1,64,19,84,6,16,22,106
02/04/2006,MQY,TN,ASO,CE,Federal Contract Tower,0,0,8,0,8,0,0,19,6,25,0,0,27,6,33,30,0,30,63
02/05/2006,MQY,TN,ASO,CE,Federal Contract Tower,0,1,15,4,20,0,0,64,0,64,0,1,79,4,84,42,0,42,126
02/06/2006,MQY,TN,ASO,CE,Federal Contract Tower,2,1,32,6,41,0,3,59,5,67,2,4,91,11,108,54,24,78,186
02/07/2006,MQY,TN,ASO,CE,Federal Contract Tower,0,5,32,12,49,0,0,89,1,90,0,5,121,13,139,156,0,156,295
02/08/2006,MQY,TN,ASO,CE,Federal Contract Tower,0,3,22,1,26,0,0,46,1,47,0,3,68,2,73,90,0,90,163
02/09/2006,MQY,TN,ASO,CE,Federal Contract Tower,0,3,30,6,39,0,0,59,2,61,0,3,89,8,100,110,26,136,236
02/10/2006,MQY,TN,ASO,CE,Federal Contract Tower,2,4,33,1,40,0,0,70,5,75,2,4,103,6,115,68,0,68,183
02/11/2006,MQY,TN,ASO,CE,Federal Contract Tower,0,2,16,0,18,0,0,7,0,7,0,2,23,0,25,0,0,0,25
02/12/2006,MQY,TN,ASO,CE,Federal Contract Tower,0,5,30,0,35,0,0,24,0,24,0,5,54,0,59,4,0,4,63
02/13/2006,MQY,TN,ASO,CE,Federal Contract Tower,0,17,44,16,77,0,0,35,4,39,0,17,79,20,116,38,4,42,158
02/14/2006,MQY,TN,ASO,CE,Federal Contract Tower,1,2,27,14,44,0,2,71,5,78,1,4,98,19,122,184,0,184,306
02/15/2006,MQY,TN,ASO,CE,Federal Contract Tower,1,6,47,1,55,0,2,42,2,46,1,8,89,3,101,64,0,64,165
02/16/2006,MQY,TN,ASO,CE,Federal Contract Tower,0,12,29,9,50,0,0,25,3,28,0,12,54,12,78,26,6,32,110
02/17/2006,MQY,TN,ASO,CE,Federal Contract Tower,0,5,45,5,55,0,0,62,5,67,0,5,107,10,122,72,0,72,194
02/18/2006,MQY,TN,ASO,CE,Federal Contract Tower,0,0,3,0,3,0,0,7,4,11,0,0,10,4,14,0,0,0,14
02/19/2006,MQY,TN,ASO,CE,Federal Contract Tower,0,3,29,2,34,0,0,32,0,32,0,3,61,2,66,44,0,44,110
02/20/2006,MQY,TN,ASO,CE,Federal Contract Tower,0,3,53,2,58,0,0,54,0,54,0,3,107,2,112,116,0,116,228
02/21/2006,MQY,TN,ASO,CE,Federal Contract Tower,0,3,27,2,32,0,0,61,0,61,0,3,88,2,93,136,0,136,229
02/22/2006,MQY,TN,ASO,CE,Federal Contract Tower,0,5,40,8,53,0,0,0,16,16,0,5,40,24,69,0,0,0,69
02/23/2006,MQY,TN,ASO,CE,Federal Contract Tower,0,6,54,3,63,0,0,56,4,60,0,6,110,7,123,128,0,128,251
02/24/2006,MQY,TN,ASO,CE,Federal Contract Tower,0,1,43,3,47,0,0,91,6,97,0,1,134,9,144,84,12,96,240
02/25/2006,MQY,TN,ASO,CE,Federal Contract Tower,0,2,42,0,44,0,0,84,17,101,0,2,126,17,145,134,42,176,321
02/26/2006,MQY,TN,ASO,CE,Federal Contract Tower,0,0,37,4,41,0,0,97,0,97,0,0,134,4,138,66,0,66,204
02/27/2006,MQY,TN,ASO,CE,Federal Contract Tower,0,10,30,4,44,0,0,54,16,70,0,10,84,20,114,56,8,64,178
02/28/2006,MQY,TN,ASO,CE,Federal Contract Tower,0,2,46,5,53,0,0,110,1,111,0,2,156,6,164,102,0,102,266
03/01/2006,MQY,TN,ASO,CE,Federal Contract Tower,0,6,55,8,69,0,0,81,10,91,0,6,136,18,160,122,6,128,288
03/02/2006,MQY,TN,ASO,CE,Federal Contract Tower,0,7,41,3,51,0,0,60,18,78,0,7,101,21,129,88,12,100,229
03/03/2006,MQY,TN,ASO,CE,Federal Contract Tower,0,13,53,1,67,0,0,52,29,81,0,13,105,30,148,72,16,88,236
03/04/2006,MQY,TN,ASO,CE,Federal Contract Tower,0,0,15,2,17,0,0,109,16,125,0,0,124,18,142,172,16,188,330
03/05/2006,MQY,TN,ASO,CE,Federal Contract Tower,0,1,19,3,23,0,0,87,14,101,0,1,106,17,124,96,6,102,226
03/06/2006,MQY,TN,ASO,CE,Federal Contract Tower,0,2,52,8,62,0,0,36,0,36,0,2,88,8,98,54,0,54,152
03/07/2006,MQY,TN,ASO,CE,Federal Contract Tower,0,5,44,10,59,0,1,57,0,58,0,6,101,10,117,106,14,120,237
03/08/2006,MQY,TN,ASO,CE,Federal Contract Tower,0,6,33,7,46,0,2,70,9,81,0,8,103,16,127,34,24,58,185
03/09/2006,MQY,TN,ASO,CE,Federal Contract Tower,0,5,25,5,35,0,0,18,2,20,0,5,43,7,55,0,6,6,61
03/10/2006,MQY,TN,ASO,CE,Federal Contract Tower,0,7,49,6,62,0,0,60,0,60,0,7,109,6,122,30,0,30,152
03/11/2006,MQY,TN,ASO,CE,Federal Contract Tower,0,0,36,4,40,0,0,28,1,29,0,0,64,5,69,68,0,68,137
03/12/2006,MQY,TN,ASO,CE,Federal Contract Tower,0,3,22,1,26,0,0,48,0,48,0,3,70,1,74,36,0,36,110
03/13/2006,MQY,TN,ASO,CE,Federal Contract Tower,0,2,11,0,13,0,1,5,2,8,0,3,16,2,21,0,0,0,21
03/14/2006,MQY,TN,ASO,CE,Federal Contract Tower,0,5,32,0,37,0,0,85,14,99,0,5,117,14,136,128,10,138,274
03/15/2006,MQY,TN,ASO,CE,Federal Contract Tower,0,16,47,0,63,0,0,94,17,111,0,16,141,17,174,114,24,138,312
03/16/2006,MQY,TN,ASO,CE,Federal Contract Tower,6,7,46,0,59,0,0,64,3,67,6,7,110,3,126,44,0,44,170
03/17/2006,MQY,TN,ASO,CE,Federal Contract Tower,0,15,56,0,71,0,0,31,12,43,0,15,87,12,114,50,0,50,164
03/18/2006,MQY,TN,ASO,CE,Federal Contract Tower,0,12,30,0,42,0,4,89,10,103,0,16,119,10,145,70,0,70,215
03/19/2006,MQY,TN,ASO,CE,Federal Contract Tower,0,15,34,6,55,0,3,57,2,62,0,18,91,8,117,64,0,64,181
03/20/2006,MQY,TN,ASO,CE,Federal Contract Tower,1,10,30,0,41,0,0,9,0,9,1,10,39,0,50,0,0,0,50
03/21/2006,MQY,TN,ASO,CE,Federal Contract Tower,0,1,47,1,49,0,0,0,1,1,0,1,47,2,50,0,0,0,50
03/22/2006,MQY,TN,ASO,CE,Federal Contract Tower,0,4,55,2,61,0,0,64,7,71,0,4,119,9,132,80,22,102,234
03/23/2006,MQY,TN,ASO,CE,Federal Contract Tower,0,9,48,7,64,0,0,92,6,98,0,9,140,13,162,99,2,101,263
03/24/2006,MQY,TN,ASO,CE,Federal Contract Tower,0,3,54,0,57,0,0,62,8,70,0,3,116,8,127,20,0,20,147
03/25/2006,MQY,TN,ASO,CE,Federal Contract Tower,0,0,42,0,42,0,0,95,0,95,0,0,137,0,137,30,0,30,167
03/26/2006,MQY,TN,ASO,CE,Federal Contract Tower,0,1,47,0,48,0,0,82,0,82,0,1,129,0,130,180,0,180,310
03/27/2006,MQY,TN,ASO,CE,Federal Contract Tower,0,2,51,6,59,0,3,51,4,58,0,5,102,10,117,76,0,76,193
03/28/2006,MQY,TN,ASO,CE,Federal Contract Tower,0,3,53,2,58,0,4,41,5,50,0,7,94,7,108,42,4,46,154
03/29/2006,MQY,TN,ASO,CE,Federal Contract Tower,0,3,77,4,84,0,0,58,4,62,0,3,135,8,146,96,0,96,242
03/30/2006,MQY,TN,ASO,CE,Federal Contract Tower,0,9,52,3,64,0,0,80,2,82,0,9,132,5,146,84,6,90,236
03/31/2006,MQY,TN,ASO,CE,Federal Contract Tower,0,4,26,4,34,0,0,10,0,10,0,4,36,4,44,2,0,2,46
04/01/2006,MQY,TN,ASO,CE,Federal Contract Tower,0,2,33,1,36,0,0,70,18,88,0,2,103,19,124,110,16,126,250
04/02/2006,MQY,TN,ASO,CE,Federal Contract Tower,0,2,28,1,31,0,0,30,15,45,0,2,58,16,76,18,20,38,114
04/03/2006,MQY,TN,ASO,CE,Federal Contract Tower,0,1,53,0,54,0,0,36,3,39,0,1,89,3,93,0,4,4,97
04/04/2006,MQY,TN,ASO,CE,Federal Contract Tower,0,1,53,0,54,0,0,57,5,62,0,1,110,5,116,108,0,108,224
04/05/2006,MQY,TN,ASO,CE,Federal Contract Tower,0,2,63,2,67,0,0,92,8,100,0,2,155,10,167,120,6,126,293
04/06/2006,MQY,TN,ASO,CE,Federal Contract Tower,0,7,42,4,53,0,0,64,1,65,0,7,106,5,118,56,0,56,174
04/07/2006,MQY,TN,ASO,CE,Federal Contract Tower,0,16,32,2,50,0,0,12,4,16,0,16,44,6,66,0,10,10,76
04/08/2006,MQY,TN,ASO,CE,Federal Contract Tower,0,1,19,0,20,0,0,9,6,15,0,1,28,6,35,16,0,16,51
04/09/2006,MQY,TN,ASO,CE,Federal Contract Tower,0,2,43,0,45,0,3,87,1,91,0,5,130,1,136,32,0,32,168
04/10/2006,MQY,TN,ASO,CE,Federal Contract Tower,0,2,45,6,53,0,0,68,2,70,0,2,113,8,123,54,0,54,177
04/11/2006,MQY,TN,ASO,CE,Federal Contract Tower,0,6,48,3,57,0,0,59,13,72,0,6,107,16,129,96,6,102,231
04/12/2006,MQY,TN,ASO,CE,Federal Contract Tower,0,9,57,1,67,0,0,41,6,47,0,9,98,7,114,14,0,14,128
04/13/2006,MQY,TN,ASO,CE,Federal Contract Tower,1,4,83,11,99,0,0,107,18,125,1,4,190,29,224,66,22,88,312
04/14/2006,MQY,TN,ASO,CE,Federal Contract Tower,0,1,46,1,48,0,0,57,6,63,0,1,103,7,111,46,0,46,157
04/15/2006,MQY,TN,ASO,CE,Federal Contract Tower,5,2,61,0,68,0,1,68,8,77,5,3,129,8,145,62,0,62,207
04/16/2006,MQY,TN,ASO,CE,Federal Contract Tower,0,1,11,0,12,0,0,59,1,60,0,1,70,1,72,20,0,20,92
04/17/2006,MQY,TN,ASO,CE,Federal Contract Tower,0,1,55,0,56,0,0,32,0,32,0,1,87,0,88,66,0,66,154
04/18/2006,MQY,TN,ASO,CE,Federal Contract Tower,0,4,37,3,44,0,2,69,7,78,0,6,106,10,122,142,8,150,272
04/19/2006,MQY,TN,ASO,CE,Federal Contract Tower,0,4,46,2,52,0,0,54,7,61,0,4,100,9,113,90,2,92,205
04/20/2006,MQY,TN,ASO,CE,Federal Contract Tower,0,4,26,2,32,0,0,15,0,15,0,4,41,2,47,28,0,28,75
04/21/2006,MQY,TN,ASO,CE,Federal Contract Tower,0,5,41,0,46,0,0,10,5,15,0,5,51,5,61,14,0,14,75
04/22/2006,MQY,TN,ASO,CE,Federal Contract Tower,0,0,48,0,48,0,0,53,13,66,0,0,101,13,114,34,12,46,160
04/23/2006,MQY,TN,ASO,CE,Federal Contract Tower,0,1,19,4,24,0,0,30,0,30,0,1,49,4,54,24,22,46,100
04/24/2006,MQY,TN,ASO,CE,Federal Contract Tower,0,7,42,0,49,0,0,60,2,62,0,7,102,2,111,62,12,74,185
04/25/2006,MQY,TN,ASO,CE,Federal Contract Tower,0,4,47,0,51,0,0,55,9,64,0,4,102,9,115,36,0,36,151
04/26/2006,MQY,TN,ASO,CE,Federal Contract Tower,0,4,52,1,57,0,0,7,2,9,0,4,59,3,66,10,0,10,76
04/27/2006,MQY,TN,ASO,CE,Federal Contract Tower,0,1,48,0,49,0,0,82,22,104,0,1,130,22,153,64,54,118,271
04/28/2006,MQY,TN,ASO,CE,Federal Contract Tower,0,3,59,11,73,0,1,65,4,70,0,4,124,15,143,62,0,62,205
04/29/2006,MQY,TN,ASO,CE,Federal Contract Tower,0,0,23,2,25,0,0,36,3,39,0,0,59,5,64,52,0,52,116
04/30/2006,MQY,TN,ASO,CE,Federal Contract Tower,0,1,19,3,23,0,0,14,1,15,0,1,33,4,38,28,0,28,66
05/01/2006,MQY,TN,ASO,CE,Federal Contract Tower,0,3,43,4,50,0,0,53,3,56,0,3,96,7,106,54,0,54,160
05/02/2006,MQY,TN,ASO,CE,Federal Contract Tower,0,5,20,6,31,0,0,33,1,34,0,5,53,7,65,32,14,46,111
05/03/2006,MQY,TN,ASO,CE,Federal Contract Tower,0,4,50,3,57,0,0,45,6,51,0,4,95,9,108,42,0,42,150
05/04/2006,MQY,TN,ASO,CE,Federal Contract Tower,0,12,30,5,47,0,3,54,4,61,0,15,84,9,108,44,12,56,164
05/05/2006,MQY,TN,ASO,CE,Federal Contract Tower,0,4,28,9,41,0,0,46,1,47,0,4,74,10,88,124,0,124,212
05/06/2006,MQY,TN,ASO,CE,Federal Contract Tower,0,4,62,0,66,0,0,140,3,143,0,4,202,3,209,12,0,12,221
05/07/2006,MQY,TN,ASO,CE,Federal Contract Tower,0,5,25,0,30,0,9,42,0,51,0,14,67,0,81,10,0,10,91
05/08/2006,MQY,TN,ASO,CE,Federal Contract Tower,0,1,59,4,64,0,0,37,6,43,0,1,96,10,107,48,0,48,155
05/09/2006,MQY,TN,ASO,CE,Federal Contract Tower,0,1,50,2,53,0,0,27,0,27,0,1,77,2,80,50,0,50,130
05/10/2006,MQY,TN,ASO,CE,Federal Contract Tower,0,7,9,0,16,0,2,10,3,15,0,9,19,3,31,14,0,14,45
05/11/2006,MQY,TN,ASO,CE,Federal Contract Tower,0,2,43,5,50,0,0,36,7,43,0,2,79,12,93,58,0,58,151
05/12/2006,MQY,TN,ASO,CE,Federal Contract Tower,0,2,43,0,45,0,0,56,6,62,0,2,99,6,107,4,0,4,111
05/13/2006,MQY,TN,ASO,CE,Federal Contract Tower,0,2,19,1,22,0,0,78,4,82,0,2,97,5,104,38,8,46,150
05/14/2006,MQY,TN,ASO,CE,Federal Contract Tower,0,4,12,0,16,0,0,56,0,56,0,4,68,0,72,84,0,84,156
05/15/2006,MQY,TN,ASO,CE,Federal Contract Tower,0,8,55,3,66,0,9,31,12,52,0,17,86,15,118,50,10,60,178
05/16/2006,MQY,TN,ASO,CE,Federal Contract Tower,0,3,62,1,66,0,1,34,12,47,0,4,96,13,113,28,26,54,167
05/17/2006,MQY,TN,ASO,CE,Federal Contract Tower,0,7,68,9,84,0,0,49,6,55,0,7,117,15,139,20,4,24,163
05/18/2006,MQY,TN,ASO,CE,Federal Contract Tower,0,2,47,0,49,0,0,69,6,75,0,2,116,6,124,70,0,70,194
05/19/2006,MQY,TN,ASO,CE,Federal Contract Tower,0,4,34,6,44,0,1,81,15,97,0,5,115,21,141,30,48,78,219
05/20/2006,MQY,TN,ASO,CE,Federal Contract Tower,0,5,41,0,46,0,3,134,9,146,0,8,175,9,192,62,0,62,254
05/21/2006,MQY,TN,ASO,CE,Federal Contract Tower,0,3,18,0,21,0,0,30,4,34,0,3,48,4,55,34,0,34,89
05/22/2006,MQY,TN,ASO,CE,Federal Contract Tower,0,3,49,3,55,0,0,20,18,38,0,3,69,21,93,24,0,24,117
05/23/2006,MQY,TN,ASO,CE,Federal Contract Tower,0,1,41,4,46,0,0,95,13,108,0,1,136,17,154,144,44,188,342
05/24/2006,MQY,TN,ASO,CE,Federal Contract Tower,0,9,58,5,72,0,1,101,10,112,0,10,159,15,184,126,4,130,314
05/25/2006,MQY,TN,ASO,CE,Federal Contract Tower,0,5,44,0,49,0,0,53,18,71,0,5,97,18,120,38,16,54,174
05/26/2006,MQY,TN,ASO,CE,Federal Contract Tower,0,4,44,1,49,0,0,37,9,46,0,4,81,10,95,18,2,20,115
05/27/2006,MQY,TN,ASO,CE,Federal Contract Tower,0,1,25,0,26,0,0,55,1,56,0,1,80,1,82,80,0,80,162
05/28/2006,MQY,TN,ASO,CE,Federal Contract Tower,0,1,9,0,10,0,0,28,6,34,0,1,37,6,44,30,0,30,74
05/29/2006,MQY,TN,ASO,CE,Federal Contract Tower,0,1,23,1,25,0,0,45,13,58,0,1,68,14,83,80,4,84,167
05/30/2006,MQY,TN,ASO,CE,Federal Contract Tower,0,1,41,11,53,0,0,30,12,42,0,1,71,23,95,34,0,34,129
05/31/2006,MQY,TN,ASO,CE,Federal Contract Tower,0,5,44,8,57,0,0,75,16,91,0,5,119,24,148,76,0,76,224
06/01/2006,MQY,TN,ASO,CE,Federal Contract Tower,0,8,32,3,43,0,0,41,16,57,0,8,73,19,100,52,44,96,196
06/02/2006,MQY,TN,ASO,CE,Federal Contract Tower,0,11,14,0,25,0,0,11,4,15,0,11,25,4,40,8,0,8,48
06/03/2006,MQY,TN,ASO,CE,Federal Contract Tower,0,0,25,3,28,0,0,105,9,114,0,0,130,12,142,58,0,58,200
06/04/2006,MQY,TN,ASO,CE,Federal Contract Tower,0,3,19,0,22,0,0,51,18,69,0,3,70,18,91,28,10,38,129
06/05/2006,MQY,TN,ASO,CE,Federal Contract Tower,0,2,38,12,52,0,1,60,17,78,0,3,98,29,130,54,18,72,202
06/06/2006,MQY,TN,ASO,CE,Federal Contract Tower,0,9,29,24,62,0,0,59,11,70,0,9,88,35,132,98,14,112,244
06/07/2006,MQY,TN,ASO,CE,Federal Contract Tower,1,8,38,5,52,0,5,49,9,63,1,13,87,14,115,40,4,44,159
06/08/2006,MQY,TN,ASO,CE,Federal Contract Tower,0,11,33,12,56,0,0,47,8,55,0,11,80,20,111,60,4,64,175
06/09/2006,MQY,TN,ASO,CE,Federal Contract Tower,3,9,66,7,85,0,0,64,0,64,3,9,130,7,149,52,0,52,201
06/10/2006,MQY,TN,ASO,CE,Federal Contract Tower,4,7,75,0,86,0,6,100,0,106,4,13,175,0,192,42,0,42,234
06/11/2006,MQY,TN,ASO,CE,Federal Contract Tower,0,2,17,2,21,0,0,58,0,58,0,2,75,2,79,38,0,38,117
06/12/2006,MQY,TN,ASO,CE,Federal Contract Tower,0,6,32,4,42,0,2,21,2,25,0,8,53,6,67,16,0,16,83
06/13/2006,MQY,TN,ASO,CE,Federal Contract Tower,0,8,40,1,49,0,1,53,3,57,0,9,93,4,106,56,0,56,162
06/14/2006,MQY,TN,ASO,CE,Federal Contract Tower,0,7,37,2,46,0,0,41,2,43,0,7,78,4,89,52,16,68,157
06/15/2006,MQY,TN,ASO,CE,Federal Contract Tower,0,2,43,2,47,0,0,74,6,80,0,2,117,8,127,64,0,64,191
06/16/2006,MQY,TN,ASO,CE,Federal Contract Tower,0,8,47,1,56,0,0,58,2,60,0,8,105,3,116,24,0,24,140
06/17/2006,MQY,TN,ASO,CE,Federal Contract Tower,0,2,18,0,20,0,0,51,0,51,0,2,69,0,71,8,0,8,79
06/18/2006,MQY,TN,ASO,CE,Federal Contract Tower,0,3,13,0,16,0,1,61,0,62,0,4,74,0,78,60,0,60,138
06/19/2006,MQY,TN,ASO,CE,Federal Contract Tower,0,3,43,0,46,0,0,40,10,50,0,3,83,10,96,6,0,6,102
06/20/2006,MQY,TN,ASO,CE,Federal Contract Tower,0,3,35,8,46,0,0,53,0,53,0,3,88,8,99,70,12,82,181
06/21/2006,MQY,TN,ASO,CE,Federal Contract Tower,0,4,22,1,27,0,0,75,18,93,0,4,97,19,120,76,6,82,202
06/22/2006,MQY,TN,ASO,CE,Federal Contract Tower,0,4,46,0,50,0,0,34,3,37,0,4,80,3,87,4,0,4,91
06/23/2006,MQY,TN,ASO,CE,Federal Contract Tower,0,6,49,0,55,0,0,47,2,49,0,6,96,2,104,20,0,20,124
06/24/2006,MQY,TN,ASO,CE,Federal Contract Tower,0,2,24,2,28,0,0,22,10,32,0,2,46,12,60,8,56,64,124
06/25/2006,MQY,TN,ASO,CE,Federal Contract Tower,0,2,17,3,22,0,0,35,12,47,0,2,52,15,69,66,0,66,135
06/26/2006,MQY,TN,ASO,CE,Federal Contract Tower,0,20,30,4,54,0,0,53,17,70,0,20,83,21,124,4,8,12,136
06/27/2006,MQY,TN,ASO,CE,Federal Contract Tower,0,0,5,0,5,0,0,8,5,13,0,0,13,5,18,0,0,0,18
06/28/2006,MQY,TN,ASO,CE,Federal Contract Tower,0,4,39,0,43,0,0,75,5,80,0,4,114,5,123,58,0,58,181
06/29/2006,MQY,TN,ASO,CE,Federal Contract Tower,0,3,39,1,43,0,0,53,11,64,0,3,92,12,107,76,0,76,183
06/30/2006,MQY,TN,ASO,CE,Federal Contract Tower,0,2,37,0,39,0,1,60,2,63,0,3,97,2,102,68,0,68,170
07/01/2006,MQY,TN,ASO,CE,Federal Contract Tower,0,4,29,0,33,0,1,90,2,93,0,5,119,2,126,36,0,36,162
07/02/2006,MQY,TN,ASO,CE,Federal Contract Tower,0,7,13,0,20,0,4,51,0,55,0,11,64,0,75,14,0,14,89
07/03/2006,MQY,TN,ASO,CE,Federal Contract Tower,0,4,12,0,16,0,0,64,0,64,0,4,76,0,80,30,0,30,110
07/04/2006,MQY,TN,ASO,CE,Federal Contract Tower,0,1,19,0,20,0,0,44,0,44,0,1,63,0,64,14,0,14,78
07/05/2006,MQY,TN,ASO,CE,Federal Contract Tower,0,3,26,0,29,0,0,9,7,16,0,3,35,7,45,14,4,18,63
07/06/2006,MQY,TN,ASO,CE,Federal Contract Tower,0,3,42,2,47,0,0,70,14,84,0,3,112,16,131,82,0,82,213
07/07/2006,MQY,TN,ASO,CE,Federal Contract Tower,0,5,22,0,27,0,0,72,8,80,0,5,94,8,107,78,0,78,185
07/08/2006,MQY,TN,ASO,CE,Federal Contract Tower,0,0,37,0,37,0,0,78,19,97,0,0,115,19,134,56,12,68,202
07/09/2006,MQY,TN,ASO,CE,Federal Contract Tower,0,0,18,4,22,0,0,54,0,54,0,0,72,4,76,28,0,28,104
07/10/2006,MQY,TN,ASO,CE,Federal Contract Tower,0,8,32,0,40,0,0,37,5,42,0,8,69,5,82,60,0,60,142
07/11/2006,MQY,TN,ASO,CE,Federal Contract Tower,0,6,25,2,33,0,0,39,5,44,0,6,64,7,77,44,0,44,121
07/12/2006,MQY,TN,ASO,CE,Federal Contract Tower,0,12,38,0,50,0,0,57,2,59,0,12,95,2,109,68,0,68,177
07/13/2006,MQY,TN,ASO,CE,Federal Contract Tower,0,8,44,1,53,0,0,55,6,61,0,8,99,7,114,34,0,34,148
07/14/2006,MQY,TN,ASO,CE,Federal Contract Tower,0,7,70,13,90,0,0,50,6,56,0,7,120,19,146,46,0,46,192
07/15/2006,MQY,TN,ASO,CE,Federal Contract Tower,0,4,47,0,51,0,0,34,4,38,0,4,81,4,89,36,0,36,125
07/16/2006,MQY,TN,ASO,CE,Federal Contract Tower,0,2,30,7,39,0,0,44,19,63,0,2,74,26,102,56,16,72,174
07/17/2006,MQY,TN,ASO,CE,Federal Contract Tower,0,4,38,4,46,0,0,46,6,52,0,4,84,10,98,84,0,84,182
07/18/2006,MQY,TN,ASO,CE,Federal Contract Tower,0,5,44,6,55,0,0,52,14,66,0,5,96,20,121,128,6,134,255
07/19/2006,MQY,TN,ASO,CE,Federal Contract Tower,0,4,44,4,52,0,1,39,15,55,0,5,83,19,107,36,0,36,143
07/20/2006,MQY,TN,ASO,CE,Federal Contract Tower,0,12,43,0,55,0,0,31,12,43,0,12,74,12,98,12,0,12,110
07/21/2006,MQY,TN,ASO,CE,Federal Contract Tower,0,14,36,0,50,0,0,52,11,63,0,14,88,11,113,70,0,70,183
07/22/2006,MQY,TN,ASO,CE,Federal Contract Tower,0,1,21,0,22,0,0,41,10,51,0,1,62,10,73,28,0,28,101
07/23/2006,MQY,TN,ASO,CE,Federal Contract Tower,0,2,37,0,39,0,1,65,6,72,0,3,102,6,111,58,0,58,169
07/24/2006,MQY,TN,ASO,CE,Federal Contract Tower,0,5,30,7,42,0,0,47,2,49,0,5,77,9,91,54,0,54,145
07/25/2006,MQY,TN,ASO,CE,Federal Contract Tower,0,2,35,0,37,0,1,69,3,73,0,3,104,3,110,48,0,48,158
07/26/2006,MQY,TN,ASO,CE,Federal Contract Tower,0,6,26,9,41,0,0,62,4,66,0,6,88,13,107,34,36,70,177
07/27/2006,MQY,TN,ASO,CE,Federal Contract Tower,0,2,41,1,44,0,0,39,4,43,0,2,80,5,87,42,0,42,129
07/28/2006,MQY,TN,ASO,CE,Federal Contract Tower,0,3,26,14,43,0,0,18,2,20,0,3,44,16,63,4,8,12,75
07/29/2006,MQY,TN,ASO,CE,Federal Contract Tower,0,1,32,0,33,0,0,23,0,23,0,1,55,0,56,38,0,38,94
07/30/2006,MQY,TN,ASO,CE,Federal Contract Tower,0,0,13,1,14,0,0,58,0,58,0,0,71,1,72,62,0,62,134
07/31/2006,MQY,TN,ASO,CE,Federal Contract Tower,0,3,28,3,34,0,0,65,6,71,0,3,93,9,105,82,0,82,187
08/01/2006,MQY,TN,ASO,CE,Federal Contract Tower,2,6,26,1,35,0,0,57,4,61,2,6,83,5,96,62,12,74,170
08/02/2006,MQY,TN,ASO,CE,Federal Contract Tower,0,3,40,0,43,0,2,64,4,70,0,5,104,4,113,58,0,58,171
08/03/2006,MQY,TN,ASO,CE,Federal Contract Tower,1,5,36,0,42,0,0,69,11,80,1,5,105,11,122,42,0,42,164
08/04/2006,MQY,TN,ASO,CE,Federal Contract Tower,0,3,21,10,34,0,0,29,4,33,0,3,50,14,67,24,0,24,91
08/05/2006,MQY,TN,ASO,CE,Federal Contract Tower,0,2,25,4,31,0,0,52,21,73,0,2,77,25,104,24,0,24,128
08/06/2006,MQY,TN,ASO,CE,Federal Contract Tower,0,0,30,3,33,0,0,38,23,61,0,0,68,26,94,18,0,18,112
08/07/2006,MQY,TN,ASO,CE,Federal Contract Tower,0,0,10,0,10,0,0,7,5,12,0,0,17,5,22,6,0,6,28
08/08/2006,MQY,TN,ASO,CE,Federal Contract Tower,0,0,12,1,13,0,0,34,4,38,0,0,46,5,51,0,0,0,51
08/09/2006,MQY,TN,ASO,CE,Federal Contract Tower,0,2,31,1,34,0,1,75,2,78,0,3,106,3,112,42,0,42,154
08/10/2006,MQY,TN,ASO,CE,Federal Contract Tower,0,10,38,2,50,0,0,56,10,66,0,10,94,12,116,18,0,18,134
08/11/2006,MQY,TN,ASO,CE,Federal Contract Tower,0,0,49,0,49,0,0,8,0,8,0,0,57,0,57,18,0,18,75
08/12/2006,MQY,TN,ASO,CE,Federal Contract Tower,0,0,34,0,34,0,0,35,6,41,0,0,69,6,75,10,0,10,85
08/13/2006,MQY,TN,ASO,CE,Federal Contract Tower,0,0,42,0,42,0,0,23,0,23,0,0,65,0,65,32,0,32,97
08/14/2006,MQY,TN,ASO,CE,Federal Contract Tower,0,1,50,1,52,0,0,38,9,47,0,1,88,10,99,30,0,30,129
08/15/2006,MQY,TN,ASO,CE,Federal Contract Tower,0,3,36,4,43,0,0,23,0,23,0,3,59,4,66,24,0,24,90
08/16/2006,MQY,TN,ASO,CE,Federal Contract Tower,0,1,34,1,36,0,1,70,11,82,0,2,104,12,118,36,0,36,154
08/17/2006,MQY,TN,ASO,CE,Federal Contract Tower,0,4,53,0,57,0,0,46,14,60,0,4,99,14,117,18,0,18,135
08/18/2006,MQY,TN,ASO,CE,Federal Contract Tower,0,10,34,4,48,0,0,65,10,75,0,10,99,14,123,46,0,46,169
08/19/2006,MQY,TN,ASO,CE,Federal Contract Tower,0,0,19,0,19,0,0,22,10,32,0,0,41,10,51,10,0,10,61
08/20/2006,MQY,TN,ASO,CE,Federal Contract Tower,0,0,32,2,34,0,0,50,2,52,0,0,82,4,86,46,4,50,136
08/21/2006,MQY,TN,ASO,CE,Federal Contract Tower,0,5,29,0,34,0,0,32,1,33,0,5,61,1,67,48,0,48,115
08/22/2006,MQY,TN,ASO,CE,Federal Contract Tower,0,7,37,0,44,0,0,61,1,62,0,7,98,1,106,70,0,70,176
08/23/2006,MQY,TN,ASO,CE,Federal Contract Tower,0,3,42,0,45,0,0,65,5,70,0,3,107,5,115,50,0,50,165
08/24/2006,MQY,TN,ASO,CE,Federal Contract Tower,0,2,53,1,56,0,0,92,10,102,0,2,145,11,158,40,0,40,198
08/25/2006,MQY,TN,ASO,CE,Federal Contract Tower,0,7,64,1,72,0,0,51,3,54,0,7,115,4,126,42,0,42,168
08/26/2006,MQY,TN,ASO,CE,Federal Contract Tower,0,1,31,8,40,0,0,71,0,71,0,1,102,8,111,22,0,22,133
08/27/2006,MQY,TN,ASO,CE,Federal Contract Tower,0,2,20,0,22,0,0,59,0,59,0,2,79,0,81,40,0,40,121
08/28/2006,MQY,TN,ASO,CE,Federal Contract Tower,0,1,33,7,41,0,0,55,7,62,0,1,88,14,103,62,10,72,175
08/29/2006,MQY,TN,ASO,CE,Federal Contract Tower,0,3,22,0,25,0,0,61,8,69,0,3,83,8,94,62,18,80,174
08/30/2006,MQY,TN,ASO,CE,Federal Contract Tower,0,16,72,0,88,0,5,38,4,47,0,21,110,4,135,26,0,26,161
08/31/2006,MQY,TN,ASO,CE,Federal Contract Tower,0,7,30,5,42,0,0,46,3,49,0,7,76,8,91,4,0,4,95
09/01/2006,MQY,TN,ASO,CE,Federal Contract Tower,0,1,39,0,40,0,0,33,2,35,0,1,72,2,75,20,0,20,95
09/02/2006,MQY,TN,ASO,CE,Federal Contract Tower,0,0,20,4,24,0,0,24,1,25,0,0,44,5,49,28,0,28,77
09/03/2006,MQY,TN,ASO,CE,Federal Contract Tower,0,0,26,0,26,0,0,53,0,53,0,0,79,0,79,42,0,42,121
09/04/2006,MQY,TN,ASO,CE,Federal Contract Tower,0,1,36,0,37,0,0,66,0,66,0,1,102,0,103,122,0,122,225
09/05/2006,MQY,TN,ASO,CE,Federal Contract Tower,0,8,47,0,55,0,0,65,5,70,0,8,112,5,125,152,0,152,277
09/06/2006,MQY,TN,ASO,CE,Federal Contract Tower,0,5,35,2,42,0,1,47,8,56,0,6,82,10,98,72,0,72,170
09/07/2006,MQY,TN,ASO,CE,Federal Contract Tower,0,17,38,1,56,0,0,74,25,99,0,17,112,26,155,34,2,36,191
09/08/2006,MQY,TN,ASO,CE,Federal Contract Tower,2,11,41,2,56,0,0,75,16,91,2,11,116,18,147,102,0,102,249
09/09/2006,MQY,TN,ASO,CE,Federal Contract Tower,0,0,0,0,0,0,0,69,2,71,0,0,69,2,71,50,0,50,121
09/10/2006,MQY,TN,ASO,CE,Federal Contract Tower,0,1,36,0,37,0,0,39,2,41,0,1,75,2,78,28,0,28,106
09/11/2006,MQY,TN,ASO,CE,Federal Contract Tower,0,6,32,11,49,0,1,56,0,57,0,7,88,11,106,46,18,64,170
09/12/2006,MQY,TN,ASO,CE,Federal Contract Tower,0,5,32,5,42,0,0,11,2,13,0,5,43,7,55,12,0,12,67
09/13/2006,MQY,TN,ASO,CE,Federal Contract Tower,0,10,48,0,58,0,6,62,4,72,0,16,110,4,130,60,0,60,190
09/14/2006,MQY,TN,ASO,CE,Federal Contract Tower,0,7,47,2,56,0,0,52,9,61,0,7,99,11,117,26,0,26,143
09/15/2006,MQY,TN,ASO,CE,Federal Contract Tower,0,8,40,1,49,0,0,110,9,119,0,8,150,10,168,80,0,80,248
09/16/2006,MQY,TN,ASO,CE,Federal Contract Tower,0,12,29,0,41,0,0,123,35,158,0,12,152,35,199,46,0,46,245
09/17/2006,MQY,TN,ASO,CE,Federal Contract Tower,0,6,25,2,33,0,2,112,21,135,0,8,137,23,168,70,6,76,244
09/18/2006,MQY,TN,ASO,CE,Federal Contract Tower,0,2,35,0,37,0,0,10,0,10,0,2,45,0,47,4,0,4,51
09/19/2006,MQY,TN,ASO,CE,Federal Contract Tower,0,2,51,9,62,0,0,69,3,72,0,2,120,12,134,64,0,64,198
09/20/2006,MQY,TN,ASO,CE,Federal Contract Tower,0,2,49,2,53,0,0,67,37,104,0,2,116,39,157,86,12,98,255
09/21/2006,MQY,TN,ASO,CE,Federal Contract Tower,0,9,35,1,45,0,0,45,22,67,0,9,80,23,112,46,0,46,158
09/22/2006,MQY,TN,ASO,CE,Federal Contract Tower,0,4,37,7,48,0,0,24,1,25,0,4,61,8,73,40,12,52,125
09/23/2006,MQY,TN,ASO,CE,Federal Contract Tower,0,0,6,0,6,0,0,8,2,10,0,0,14,2,16,18,4,22,38
09/24/2006,MQY,TN,ASO,CE,Federal Contract Tower,0,1,36,0,37,0,0,53,0,53,0,1,89,0,90,100,0,100,190
09/25/2006,MQY,TN,ASO,CE,Federal Contract Tower,0,2,63,7,72,0,1,55,6,62,0,3,118,13,134,94,4,98,232
09/26/2006,MQY,TN,ASO,CE,Federal Contract Tower,0,3,68,0,71,0,0,87,12,99,0,3,155,12,170,118,0,118,288
09/27/2006,MQY,TN,ASO,CE,Federal Contract Tower,0,5,53,1,59,0,0,76,6,82,0,5,129,7,141,78,8,86,227
09/28/2006,MQY,TN,ASO,CE,Federal Contract Tower,0,4,49,2,55,0,0,41,2,43,0,4,90,4,98,2,0,2,100
09/29/2006,MQY,TN,ASO,CE,Federal Contract Tower,1,9,65,0,75,0,0,42,23,65,1,9,107,23,140,38,0,38,178
09/30/2006,MQY,TN,ASO,CE,Federal Contract Tower,0,1,32,0,33,0,0,52,0,52,0,1,84,0,85,72,0,72,157
10/01/2006,MQY,TN,ASO,CE,Federal Contract Tower,0,0,20,0,20,0,0,49,0,49,0,0,69,0,69,114,0,114,183
10/02/2006,MQY,TN,ASO,CE,Federal Contract Tower,0,7,32,0,39,0,0,58,0,58,0,7,90,0,97,110,0,110,207
10/03/2006,MQY,TN,ASO,CE,Federal Contract Tower,0,1,35,7,43,0,0,55,19,74,0,1,90,26,117,122,28,150,267
10/04/2006,MQY,TN,ASO,CE,Federal Contract Tower,0,6,61,4,71,0,0,41,33,74,0,6,102,37,145,42,14,56,201
10/05/2006,MQY,TN,ASO,CE,Federal Contract Tower,0,4,35,2,41,0,0,34,3,37,0,4,69,5,78,30,10,40,118
10/06/2006,MQY,TN,ASO,CE,Federal Contract Tower,0,5,68,1,74,0,0,36,7,43,0,5,104,8,117,56,0,56,173
10/07/2006,MQY,TN,ASO,CE,Federal Contract Tower,0,3,36,0,39,0,0,55,0,55,0,3,91,0,94,54,0,54,148
10/08/2006,MQY,TN,ASO,CE,Federal Contract Tower,0,1,27,0,28,0,0,88,3,91,0,1,115,3,119,182,0,182,301
10/09/2006,MQY,TN,ASO,CE,Federal Contract Tower,0,3,60,0,63,0,0,84,2,86,0,3,144,2,149,184,0,184,333
10/10/2006,MQY,TN,ASO,CE,Federal Contract Tower,0,7,51,22,80,0,1,45,3,49,0,8,96,25,129,108,0,108,237
10/11/2006,MQY,TN,ASO,CE,Federal Contract Tower,1,8,52,2,63,0,9,26,10,45,1,17,78,12,108,64,0,64,172
10/12/2006,MQY,TN,ASO,CE,Federal Contract Tower,1,9,37,2,49,0,0,88,13,101,1,9,125,15,150,114,32,146,296
10/13/2006,MQY,TN,ASO,CE,Federal Contract Tower,0,0,45,4,49,0,0,90,2,92,0,0,135,6,141,76,0,76,217
10/14/2006,MQY,TN,ASO,CE,Federal Contract Tower,0,0,19,2,21,0,0,85,13,98,0,0,104,15,119,56,16,72,191
10/15/2006,MQY,TN,ASO,CE,Federal Contract Tower,0,0,25,2,27,0,0,90,11,101,0,0,115,13,128,96,0,96,224
10/16/2006,MQY,TN,ASO,CE,Federal Contract Tower,0,0,24,5,29,0,0,1,1,2,0,0,25,6,31,12,0,12,43
10/17/2006,MQY,TN,ASO,CE,Federal Contract Tower,0,2,22,7,31,0,0,62,6,68,0,2,84,13,99,94,10,104,203
10/18/2006,MQY,TN,ASO,CE,Federal Contract Tower,0,0,44,0,44,0,0,53,2,55,0,0,97,2,99,78,0,78,177
10/19/2006,MQY,TN,ASO,CE,Federal Contract Tower,0,24,41,11,76,0,0,33,6,39,0,24,74,17,115,4,12,16,131
10/20/2006,MQY,TN,ASO,CE,Federal Contract Tower,2,11,75,14,102,0,0,25,7,32,2,11,100,21,134,92,0,92,226
10/21/2006,MQY,TN,ASO,CE,Federal Contract Tower,0,2,30,4,36,0,0,64,8,72,0,2,94,12,108,64,0,64,172
10/22/2006,MQY,TN,ASO,CE,Federal Contract Tower,0,2,24,2,28,0,0,82,11,93,0,2,106,13,121,32,2,34,155
10/23/2006,MQY,TN,ASO,CE,Federal Contract Tower,0,7,53,6,66,0,0,54,7,61,0,7,107,13,127,48,0,48,175
10/24/2006,MQY,TN,ASO,CE,Federal Contract Tower,0,6,52,0,58,0,0,67,23,90,0,6,119,23,148,48,0,48,196
10/25/2006,MQY,TN,ASO,CE,Federal Contract Tower,0,5,57,11,73,0,0,55,17,72,0,5,112,28,145,128,12,140,285
10/26/2006,MQY,TN,ASO,CE,Federal Contract Tower,0,9,27,10,46,0,0,23,9,32,0,9,50,19,78,2,0,2,80
10/27/2006,MQY,TN,ASO,CE,Federal Contract Tower,2,8,28,6,44,0,0,8,2,10,2,8,36,8,54,10,0,10,64
10/28/2006,MQY,TN,ASO,CE,Federal Contract Tower,0,10,36,0,46,0,0,61,0,61,0,10,97,0,107,50,0,50,157
10/29/2006,MQY,TN,ASO,CE,Federal Contract Tower,0,0,18,0,18,0,0,76,0,76,0,0,94,0,94,86,0,86,180
10/30/2006,MQY,TN,ASO,CE,Federal Contract Tower,0,2,53,1,56,0,0,51,0,51,0,2,104,1,107,86,0,86,193
10/31/2006,MQY,TN,ASO,CE,Federal Contract Tower,0,5,14,8,27,0,0,40,0,40,0,5,54,8,67,68,10,78,145
11/01/2006,MQY,TN,ASO,CE,Federal Contract Tower,2,2,23,1,28,0,0,2,0,2,2,2,25,1,30,0,0,0,30
11/02/2006,MQY,TN,ASO,CE,Federal Contract Tower,0,10,61,0,71,0,0,71,14,85,0,10,132,14,156,42,0,42,198
11/03/2006,MQY,TN,ASO,CE,Federal Contract Tower,0,9,56,3,68,0,0,85,14,99,0,9,141,17,167,98,18,116,283
11/04/2006,MQY,TN,ASO,CE,Federal Contract Tower,0,2,36,1,39,0,0,84,19,103,0,2,120,20,142,90,8,98,240
11/05/2006,MQY,TN,ASO,CE,Federal Contract Tower,0,0,29,2,31,0,0,60,0,60,0,0,89,2,91,92,4,96,187
11/06/2006,MQY,TN,ASO,CE,Federal Contract Tower,0,6,35,5,46,0,0,59,1,60,0,6,94,6,106,52,0,52,158
11/07/2006,MQY,TN,ASO,CE,Federal Contract Tower,0,4,23,4,31,0,0,5,0,5,0,4,28,4,36,14,0,14,50
11/08/2006,MQY,TN,ASO,CE,Federal Contract Tower,0,0,87,2,89,0,1,23,16,40,0,1,110,18,129,62,14,76,205
11/09/2006,MQY,TN,ASO,CE,Federal Contract Tower,0,2,63,3,68,0,0,100,7,107,0,2,163,10,175,78,0,78,253
11/10/2006,MQY,TN,ASO,CE,Federal Contract Tower,0,6,73,0,79,0,0,78,3,81,0,6,151,3,160,108,0,108,268
11/11/2006,MQY,TN,ASO,CE,Federal Contract Tower,0,2,32,2,36,0,0,8,0,8,0,2,40,2,44,18,0,18,62
11/12/2006,MQY,TN,ASO,CE,Federal Contract Tower,0,0,69,0,69,0,0,27,0,27,0,0,96,0,96,72,0,72,168
11/13/2006,MQY,TN,ASO,CE,Federal Contract Tower,0,4,35,0,39,0,0,41,0,41,0,4,76,0,80,48,0,48,128
11/14/2006,MQY,TN,ASO,CE,Federal Contract Tower,0,8,23,10,41,0,2,64,19,85,0,10,87,29,126,28,18,46,172
11/15/2006,MQY,TN,ASO,CE,Federal Contract Tower,2,6,26,1,35,0,0,0,0,0,2,6,26,1,35,2,0,2,37
11/16/2006,MQY,TN,ASO,CE,Federal Contract Tower,2,12,24,4,42,0,0,11,0,11,2,12,35,4,53,0,36,36,89
11/17/2006,MQY,TN,ASO,CE,Federal Contract Tower,4,20,57,5,86,0,0,83,14,97,4,20,140,19,183,152,10,162,345
11/18/2006,MQY,TN,ASO,CE,Federal Contract Tower,2,13,38,0,53,0,0,112,6,118,2,13,150,6,171,90,0,90,261
11/19/2006,MQY,TN,ASO,CE,Federal Contract Tower,0,2,24,4,30,0,0,58,3,61,0,2,82,7,91,66,0,66,157
11/20/2006,MQY,TN,ASO,CE,Federal Contract Tower,0,12,65,10,87,0,7,34,6,47,0,19,99,16,134,76,12,88,222
11/21/2006,MQY,TN,ASO,CE,Federal Contract Tower,0,4,38,0,42,0,2,80,14,96,0,6,118,14,138,98,16,114,252
11/22/2006,MQY,TN,ASO,CE,Federal Contract Tower,0,6,44,1,51,0,3,79,12,94,0,9,123,13,145,86,0,86,231
11/23/2006,MQY,TN,ASO,CE,Federal Contract Tower,0,1,12,0,13,0,0,25,0,25,0,1,37,0,38,8,0,8,46
11/24/2006,MQY,TN,ASO,CE,Federal Contract Tower,0,0,24,0,24,0,1,59,1,61,0,1,83,1,85,84,0,84,169
11/25/2006,MQY,TN,ASO,CE,Federal Contract Tower,0,0,55,2,57,0,0,65,0,65,0,0,120,2,122,96,2,98,220
11/26/2006,MQY,TN,ASO,CE,Federal Contract Tower,0,2,25,0,27,0,0,78,7,85,0,2,103,7,112,100,0,100,212
11/27/2006,MQY,TN,ASO,CE,Federal Contract Tower,0,3,35,10,48,0,0,63,0,63,0,3,98,10,111,54,18,72,183
11/28/2006,MQY,TN,ASO,CE,Federal Contract Tower,0,1,28,9,38,0,0,59,1,60,0,1,87,10,98,118,12,130,228
11/29/2006,MQY,TN,ASO,CE,Federal Contract Tower,0,5,41,0,46,0,4,16,1,21,0,9,57,1,67,96,4,100,167
11/30/2006,MQY,TN,ASO,CE,Federal Contract Tower,1,2,57,15,75,0,0,0,2,2,1,2,57,17,77,16,8,24,101
12/01/2006,MQY,TN,ASO,CE,Federal Contract Tower,1,7,24,9,41,0,0,22,5,27,1,7,46,14,68,24,6,30,98
12/02/2006,MQY,TN,ASO,CE,Federal Contract Tower,0,3,23,7,33,0,0,72,6,78,0,3,95,13,111,114,0,114,225
12/03/2006,MQY,TN,ASO,CE,Federal Contract Tower,0,2,21,0,23,0,2,26,1,29,0,4,47,1,52,48,0,48,100
12/04/2006,MQY,TN,ASO,CE,Federal Contract Tower,0,2,52,5,59,0,0,69,5,74,0,2,121,10,133,110,10,120,253
12/05/2006,MQY,TN,ASO,CE,Federal Contract Tower,0,7,37,4,48,0,0,63,11,74,0,7,100,15,122,110,4,114,236
12/06/2006,MQY,TN,ASO,CE,Federal Contract Tower,0,2,41,4,47,0,4,52,15,71,0,6,93,19,118,84,0,84,202
12/07/2006,MQY,TN,ASO,CE,Federal Contract Tower,0,5,20,4,29,0,0,33,8,41,0,5,53,12,70,98,0,98,168
12/08/2006,MQY,TN,ASO,CE,Federal Contract Tower,0,8,45,17,70,0,0,55,0,55,0,8,100,17,125,42,4,46,171
12/09/2006,MQY,TN,ASO,CE,Federal Contract Tower,0,2,32,0,34,0,0,76,0,76,0,2,108,0,110,92,0,92,202
12/10/2006,MQY,TN,ASO,CE,Federal Contract Tower,0,0,28,0,28,0,0,50,0,50,0,0,78,0,78,72,0,72,150
12/11/2006,MQY,TN,ASO,CE,Federal Contract Tower,0,9,38,14,61,0,0,64,0,64,0,9,102,14,125,70,34,104,229
12/12/2006,MQY,TN,ASO,CE,Federal Contract Tower,0,5,32,4,41,0,0,14,2,16,0,5,46,6,57,10,0,10,67
12/13/2006,MQY,TN,ASO,CE,Federal Contract Tower,2,10,48,3,63,0,0,50,6,56,2,10,98,9,119,132,22,154,273
12/14/2006,MQY,TN,ASO,CE,Federal Contract Tower,0,8,56,1,65,0,0,40,2,42,0,8,96,3,107,60,0,60,167
12/15/2006,MQY,TN,ASO,CE,Federal Contract Tower,0,5,46,8,59,0,1,84,1,86,0,6,130,9,145,160,0,160,305
12/16/2006,MQY,TN,ASO,CE,Federal Contract Tower,0,11,50,3,64,0,0,47,12,59,0,11,97,15,123,68,0,68,191
12/17/2006,MQY,TN,ASO,CE,Federal Contract Tower,0,14,35,0,49,0,0,48,6,54,0,14,83,6,103,58,4,62,165
12/18/2006,MQY,TN,ASO,CE,Federal Contract Tower,0,6,56,2,64,0,0,76,1,77,0,6,132,3,141,62,0,62,203
12/19/2006,MQY,TN,ASO,CE,Federal Contract Tower,0,2,34,14,50,0,0,59,18,77,0,2,93,32,127,38,2,40,167
12/20/2006,MQY,TN,ASO,CE,Federal Contract Tower,0,7,41,8,56,0,0,80,12,92,0,7,121,20,148,68,14,82,230
12/21/2006,MQY,TN,ASO,CE,Federal Contract Tower,2,13,44,1,60,0,0,19,5,24,2,13,63,6,84,30,0,30,114
12/22/2006,MQY,TN,ASO,CE,Federal Contract Tower,4,3,12,0,19,0,0,9,0,9,4,3,21,0,28,10,0,10,38
12/23/2006,MQY,TN,ASO,CE,Federal Contract Tower,0,1,25,0,26,0,0,64,1,65,0,1,89,1,91,60,0,60,151
12/24/2006,MQY,TN,ASO,CE,Federal Contract Tower,0,0,12,0,12,0,0,30,0,30,0,0,42,0,42,28,0,28,70
12/25/2006,MQY,TN,ASO,CE,Federal Contract Tower,0,0,4,0,4,0,0,0,0,0,0,0,4,0,4,0,0,0,4
12/26/2006,MQY,TN,ASO,CE,Federal Contract Tower,0,0,25,0,25,0,0,0,0,0,0,0,25,0,25,4,0,4,29
12/27/2006,MQY,TN,ASO,CE,Federal Contract Tower,0,3,44,0,47,0,0,55,0,55,0,3,99,0,102,20,0,20,122
12/28/2006,MQY,TN,ASO,CE,Federal Contract Tower,0,2,43,1,46,0,0,78,6,84,0,2,121,7,130,40,0,40,170
12/29/2006,MQY,TN,ASO,CE,Federal Contract Tower,0,4,58,3,65,0,0,62,2,64,0,4,120,5,129,54,0,54,183
12/30/2006,MQY,TN,ASO,CE,Federal Contract Tower,0,0,28,0,28,0,0,38,0,38,0,0,66,0,66,50,0,50,116
12/31/2006,MQY,TN,ASO,CE,Federal Contract Tower,0,0,11,0,11,0,0,0,0,0,0,0,11,0,11,0,0,0,11
01/01/2007,MQY,TN,ASO,CE,Federal Contract Tower,0,0,22,0,22,0,0,17,0,17,0,0,39,0,39,18,0,18,57
01/02/2007,MQY,TN,ASO,CE,Federal Contract Tower,0,4,39,2,45,0,0,62,0,62,0,4,101,2,107,96,0,96,203
01/03/2007,MQY,TN,ASO,CE,Federal Contract Tower,0,2,28,1,31,0,0,77,2,79,0,2,105,3,110,68,0,68,178
01/04/2007,MQY,TN,ASO,CE,Federal Contract Tower,0,3,32,13,48,0,0,22,9,31,0,3,54,22,79,0,0,0,79
01/05/2007,MQY,TN,ASO,CE,Federal Contract Tower,0,8,25,6,39,0,0,30,16,46,0,8,55,22,85,16,10,26,111
01/06/2007,MQY,TN,ASO,CE,Federal Contract Tower,0,5,23,19,47,0,0,58,5,63,0,5,81,24,110,82,22,104,214
01/07/2007,MQY,TN,ASO,CE,Federal Contract Tower,0,1,8,5,14,0,0,0,0,0,0,1,8,5,14,0,0,0,14
01/08/2007,MQY,TN,ASO,CE,Federal Contract Tower,2,2,37,3,44,0,0,66,0,66,2,2,103,3,110,72,0,72,182
01/09/2007,MQY,TN,ASO,CE,Federal Contract Tower,0,3,26,3,32,0,0,36,18,54,0,3,62,21,86,34,14,48,134
01/10/2007,MQY,TN,ASO,CE,Federal Contract Tower,0,5,31,3,39,0,0,64,43,107,0,5,95,46,146,30,14,44,190
01/11/2007,MQY,TN,ASO,CE,Federal Contract Tower,0,6,44,2,52,0,0,56,29,85,0,6,100,31,137,56,16,72,209
01/12/2007,MQY,TN,ASO,CE,Federal Contract Tower,0,8,44,4,56,0,0,54,3,57,0,8,98,7,113,46,0,46,159
01/13/2007,MQY,TN,ASO,CE,Federal Contract Tower,0,3,15,0,18,0,0,19,0,19,0,3,34,0,37,44,0,44,81
01/14/2007,MQY,TN,ASO,CE,Federal Contract Tower,0,5,8,0,13,0,0,46,0,46,0,5,54,0,59,30,0,30,89
01/15/2007,MQY,TN,ASO,CE,Federal Contract Tower,0,1,21,0,22,0,0,0,0,0,0,1,21,0,22,0,0,0,22
01/16/2007,MQY,TN,ASO,CE,Federal Contract Tower,0,3,28,7,38,0,0,27,11,38,0,3,55,18,76,70,22,92,168
01/17/2007,MQY,TN,ASO,CE,Federal Contract Tower,0,1,44,2,47,0,0,47,8,55,0,1,91,10,102,78,0,78,180
01/18/2007,MQY,TN,ASO,CE,Federal Contract Tower,0,3,37,2,42,0,0,28,8,36,0,3,65,10,78,56,15,71,149
01/19/2007,MQY,TN,ASO,CE,Federal Contract Tower,2,3,50,13,68,0,0,74,29,103,2,3,124,42,171,76,22,98,269
01/20/2007,MQY,TN,ASO,CE,Federal Contract Tower,0,1,22,2,25,0,0,89,5,94,0,1,111,7,119,90,8,98,217
01/21/2007,MQY,TN,ASO,CE,Federal Contract Tower,0,4,19,2,25,0,0,5,0,5,0,4,24,2,30,0,0,0,30
01/22/2007,MQY,TN,ASO,CE,Federal Contract Tower,0,4,25,1,30,0,0,38,1,39,0,4,63,2,69,74,0,74,143
01/23/2007,MQY,TN,ASO,CE,Federal Contract Tower,0,3,30,4,37,0,3,51,16,70,0,6,81,20,107,76,20,96,203
01/24/2007,MQY,TN,ASO,CE,Federal Contract Tower,0,7,38,11,56,0,0,52,18,70,0,7,90,29,126,84,6,90,216
01/25/2007,MQY,TN,ASO,CE,Federal Contract Tower,0,6,37,2,45,0,0,64,12,76,0,6,101,14,121,26,4,30,151
01/26/2007,MQY,TN,ASO,CE,Federal Contract Tower,0,5,54,3,62,0,0,65,4,69,0,5,119,7,131,72,10,82,213
01/27/2007,MQY,TN,ASO,CE,Federal Contract Tower,0,0,32,2,34,0,0,80,1,81,0,0,112,3,115,64,0,64,179
01/28/2007,MQY,TN,ASO,CE,Federal Contract Tower,0,4,28,2,34,0,0,37,1,38,0,4,65,3,72,0,0,0,72
01/29/2007,MQY,TN,ASO,CE,Federal Contract Tower,0,2,34,8,44,0,0,41,5,46,0,2,75,13,90,30,4,34,124
01/30/2007,MQY,TN,ASO,CE,Federal Contract Tower,0,5,51,1,57,0,1,54,4,59,0,6,105,5,116,88,0,88,204
01/31/2007,MQY,TN,ASO,CE,Federal Contract Tower,0,12,49,6,67,0,5,61,1,67,0,17,110,7,134,58,0,58,192
02/01/2007,MQY,TN,ASO,CE,Federal Contract Tower,0,6,18,20,44,0,0,9,18,27,0,6,27,38,71,0,10,10,81
02/02/2007,MQY,TN,ASO,CE,Federal Contract Tower,0,4,26,0,30,0,0,25,7,32,0,4,51,7,62,16,2,18,80
02/03/2007,MQY,TN,ASO,CE,Federal Contract Tower,0,0,20,0,20,0,0,32,10,42,0,0,52,10,62,44,0,44,106
02/04/2007,MQY,TN,ASO,CE,Federal Contract Tower,0,0,11,1,12,0,0,68,1,69,0,0,79,2,81,38,0,38,119
02/05/2007,MQY,TN,ASO,CE,Federal Contract Tower,0,0,29,1,30,0,0,30,1,31,0,0,59,2,61,24,0,24,85
02/06/2007,MQY,TN,ASO,CE,Federal Contract Tower,0,5,39,0,44,0,3,52,11,66,0,8,91,11,110,86,8,94,204
02/07/2007,MQY,TN,ASO,CE,Federal Contract Tower,0,6,33,6,45,0,2,50,7,59,0,8,83,13,104,76,10,86,190
02/08/2007,MQY,TN,ASO,CE,Federal Contract Tower,0,8,37,3,48,0,0,66,12,78,0,8,103,15,126,68,2,70,196
02/09/2007,MQY,TN,ASO,CE,Federal Contract Tower,0,16,45,4,65,0,1,40,9,50,0,17,85,13,115,36,24,60,175
02/10/2007,MQY,TN,ASO,CE,Federal Contract Tower,0,0,34,4,38,0,0,60,0,60,0,0,94,4,98,60,0,60,158
02/11/2007,MQY,TN,ASO,CE,Federal Contract Tower,0,0,31,3,34,0,0,68,1,69,0,0,99,4,103,52,0,52,155
02/12/2007,MQY,TN,ASO,CE,Federal Contract Tower,0,2,23,10,35,0,0,37,14,51,0,2,60,24,86,74,0,74,160
02/13/2007,MQY,TN,ASO,CE,Federal Contract Tower,0,4,7,2,13,0,0,26,4,30,0,4,33,6,43,14,0,14,57
02/14/2007,MQY,TN,ASO,CE,Federal Contract Tower,0,5,28,2,35,0,1,21,1,23,0,6,49,3,58,40,0,40,98
02/15/2007,MQY,TN,ASO,CE,Federal Contract Tower,0,6,44,8,58,0,0,69,5,74,0,6,113,13,132,68,4,72,204
02/16/2007,MQY,TN,ASO,CE,Federal Contract Tower,0,3,36,4,43,0,0,96,6,102,0,3,132,10,145,84,0,84,229
02/17/2007,MQY,TN,ASO,CE,Federal Contract Tower,0,2,8,0,10,0,0,0,4,4,0,2,8,4,14,4,12,16,30
02/18/2007,MQY,TN,ASO,CE,Federal Contract Tower,0,6,27,0,33,0,1,74,4,79,0,7,101,4,112,46,0,46,158
02/19/2007,MQY,TN,ASO,CE,Federal Contract Tower,0,4,53,0,57,0,2,77,0,79,0,6,130,0,136,112,0,112,248
02/20/2007,MQY,TN,ASO,CE,Federal Contract Tower,1,4,40,0,45,0,1,49,2,52,1,5,89,2,97,30,2,32,129
02/21/2007,MQY,TN,ASO,CE,Federal Contract Tower,0,2,54,3,59,0,1,59,14,74,0,3,113,17,133,112,6,118,251
02/22/2007,MQY,TN,ASO,CE,Federal Contract Tower,0,4,85,3,92,0,0,85,22,107,0,4,170,25,199,58,20,78,277
02/23/2007,MQY,TN,ASO,CE,Federal Contract Tower,0,7,60,1,68,0,0,101,5,106,0,7,161,6,174,94,12,106,280
02/24/2007,MQY,TN,ASO,CE,Federal Contract Tower,0,0,19,0,19,0,0,31,0,31,0,0,50,0,50,28,0,28,78
02/25/2007,MQY,TN,ASO,CE,Federal Contract Tower,0,3,16,2,21,0,4,56,0,60,0,7,72,2,81,4,0,4,85
02/26/2007,MQY,TN,ASO,CE,Federal Contract Tower,0,2,87,1,90,0,2,59,19,80,0,4,146,20,170,134,10,144,314
02/27/2007,MQY,TN,ASO,CE,Federal Contract Tower,0,3,33,8,44,0,0,88,20,108,0,3,121,28,152,104,0,104,256
02/28/2007,MQY,TN,ASO,CE,Federal Contract Tower,0,4,49,2,55,0,0,97,4,101,0,4,146,6,156,122,0,122,278
03/01/2007,MQY,TN,ASO,CE,Federal Contract Tower,0,6,12,0,18,0,0,0,0,0,0,6,12,0,18,0,0,0,18
03/02/2007,MQY,TN,ASO,CE,Federal Contract Tower,0,15,57,5,77,0,0,56,14,70,0,15,113,19,147,46,0,46,193
03/03/2007,MQY,TN,ASO,CE,Federal Contract Tower,0,6,29,1,36,0,0,41,19,60,0,6,70,20,96,22,0,22,118
03/04/2007,MQY,TN,ASO,CE,Federal Contract Tower,0,11,29,4,44,0,1,83,24,108,0,12,112,28,152,116,0,116,268
03/05/2007,MQY,TN,ASO,CE,Federal Contract Tower,0,9,52,0,61,0,0,62,5,67,0,9,114,5,128,120,0,120,248
03/06/2007,MQY,TN,ASO,CE,Federal Contract Tower,0,21,33,17,71,0,0,74,18,92,0,21,107,35,163,62,32,94,257
03/07/2007,MQY,TN,ASO,CE,Federal Contract Tower,1,10,52,5,68,0,0,57,33,90,1,10,109,38,158,86,32,118,276
03/08/2007,MQY,TN,ASO,CE,Federal Contract Tower,0,15,45,1,61,0,0,71,13,84,0,15,116,14,145,85,0,85,230
03/09/2007,MQY,TN,ASO,CE,Federal Contract Tower,1,8,71,1,81,0,0,67,6,73,1,8,138,7,154,44,0,44,198
03/10/2007,MQY,TN,ASO,CE,Federal Contract Tower,0,1,22,0,23,0,0,55,11,66,0,1,77,11,89,64,16,80,169
03/11/2007,MQY,TN,ASO,CE,Federal Contract Tower,0,0,24,0,24,0,0,73,2,75,0,0,97,2,99,38,0,38,137
03/12/2007,MQY,TN,ASO,CE,Federal Contract Tower,0,1,47,12,60,0,0,67,4,71,0,1,114,16,131,126,0,126,257
03/13/2007,MQY,TN,ASO,CE,Federal Contract Tower,0,0,10,1,11,2,108,0,63,173,2,108,10,64,184,0,0,0,184
03/14/2007,MQY,TN,ASO,CE,Federal Contract Tower,0,4,55,2,61,0,0,57,12,69,0,4,112,14,130,64,0,64,194
03/15/2007,MQY,TN,ASO,CE,Federal Contract Tower,6,11,32,13,62,0,0,29,11,40,6,11,61,24,102,50,0,50,152
03/16/2007,MQY,TN,ASO,CE,Federal Contract Tower,5,1,55,12,73,0,0,62,14,76,5,1,117,26,149,48,18,66,215
03/17/2007,MQY,TN,ASO,CE,Federal Contract Tower,0,1,68,6,75,0,0,84,24,108,0,1,152,30,183,32,40,72,255
03/18/2007,MQY,TN,ASO,CE,Federal Contract Tower,0,0,32,0,32,0,0,87,2,89,0,0,119,2,121,154,0,154,275
03/19/2007,MQY,TN,ASO,CE,Federal Contract Tower,0,4,30,18,52,0,0,37,2,39,0,4,67,20,91,88,0,88,179
03/20/2007,MQY,TN,ASO,CE,Federal Contract Tower,0,2,23,3,28,0,0,36,2,38,0,2,59,5,66,80,0,80,146
03/21/2007,MQY,TN,ASO,CE,Federal Contract Tower,0,8,41,2,51,0,0,61,7,68,0,8,102,9,119,92,0,92,211
03/22/2007,MQY,TN,ASO,CE,Federal Contract Tower,2,1,51,4,58,0,0,44,0,44,2,1,95,4,102,20,0,20,122
03/23/2007,MQY,TN,ASO,CE,Federal Contract Tower,4,12,47,0,63,0,0,77,0,77,4,12,124,0,140,116,0,116,256
03/24/2007,MQY,TN,ASO,CE,Federal Contract Tower,0,0,32,0,32,0,0,74,0,74,0,0,106,0,106,54,0,54,160
03/25/2007,MQY,TN,ASO,CE,Federal Contract Tower,0,0,30,0,30,0,0,80,0,80,0,0,110,0,110,58,0,58,168
03/26/2007,MQY,TN,ASO,CE,Federal Contract Tower,0,0,36,1,37,0,0,66,2,68,0,0,102,3,105,80,0,80,185
03/27/2007,MQY,TN,ASO,CE,Federal Contract Tower,0,0,62,5,67,0,0,70,3,73,0,0,132,8,140,86,14,100,240
03/28/2007,MQY,TN,ASO,CE,Federal Contract Tower,0,10,33,1,44,0,0,24,0,24,0,10,57,1,68,24,0,24,92
03/29/2007,MQY,TN,ASO,CE,Federal Contract Tower,0,3,45,2,50,0,0,82,8,90,0,3,127,10,140,98,0,98,238
03/30/2007,MQY,TN,ASO,CE,Federal Contract Tower,0,2,74,9,85,0,0,55,4,59,0,2,129,13,144,84,0,84,228
03/31/2007,MQY,TN,ASO,CE,Federal Contract Tower,0,1,16,2,19,0,0,40,8,48,0,1,56,10,67,144,0,144,211
04/01/2007,MQY,TN,ASO,CE,Federal Contract Tower,0,0,77,2,79,0,0,0,2,2,0,0,77,4,81,48,4,52,133
04/02/2007,MQY,TN,ASO,CE,Federal Contract Tower,0,0,58,0,58,0,0,39,2,41,0,0,97,2,99,36,2,38,137
04/03/2007,MQY,TN,ASO,CE,Federal Contract Tower,0,2,33,3,38,0,1,56,7,64,0,3,89,10,102,60,0,60,162
04/04/2007,MQY,TN,ASO,CE,Federal Contract Tower,0,2,53,9,64,0,0,28,7,35,0,2,81,16,99,44,6,50,149
04/05/2007,MQY,TN,ASO,CE,Federal Contract Tower,4,2,83,8,97,0,0,56,10,66,4,2,139,18,163,78,4,82,245
04/06/2007,MQY,TN,ASO,CE,Federal Contract Tower,0,0,52,0,52,0,0,43,9,52,0,0,95,9,104,28,0,28,132
04/07/2007,MQY,TN,ASO,CE,Federal Contract Tower,6,1,57,0,64,0,0,56,2,58,6,1,113,2,122,44,0,44,166
04/08/2007,MQY,TN,ASO,CE,Federal Contract Tower,0,0,22,0,22,0,0,62,0,62,0,0,84,0,84,38,0,38,122
04/09/2007,MQY,TN,ASO,CE,Federal Contract Tower,0,0,36,1,37,0,0,69,0,69,0,0,105,1,106,88,0,88,194
04/10/2007,MQY,TN,ASO,CE,Federal Contract Tower,0,3,48,8,59,0,0,54,2,56,0,3,102,10,115,96,0,96,211
04/11/2007,MQY,TN,ASO,CE,Federal Contract Tower,0,5,24,1,30,0,0,6,1,7,0,5,30,2,37,2,0,2,39
04/12/2007,MQY,TN,ASO,CE,Federal Contract Tower,0,1,59,1,61,0,0,51,4,55,0,1,110,5,116,52,0,52,168
04/13/2007,MQY,TN,ASO,CE,Federal Contract Tower,0,2,50,6,58,0,0,67,7,74,0,2,117,13,132,68,0,68,200
04/14/2007,MQY,TN,ASO,CE,Federal Contract Tower,0,20,9,0,29,0,0,9,0,9,0,20,18,0,38,16,0,16,54
04/15/2007,MQY,TN,ASO,CE,Federal Contract Tower,0,0,12,1,13,0,0,22,7,29,0,0,34,8,42,0,0,0,42
04/16/2007,MQY,TN,ASO,CE,Federal Contract Tower,0,1,45,0,46,0,0,53,10,63,0,1,98,10,109,50,0,50,159
04/17/2007,MQY,TN,ASO,CE,Federal Contract Tower,4,13,44,1,62,10,1,86,6,103,14,14,130,7,165,88,0,88,253
04/18/2007,MQY,TN,ASO,CE,Federal Contract Tower,0,2,38,6,46,0,0,64,0,64,0,2,102,6,110,84,0,84,194
04/19/2007,MQY,TN,ASO,CE,Federal Contract Tower,0,1,49,8,58,0,0,52,7,59,0,1,101,15,117,94,28,122,239
04/20/2007,MQY,TN,ASO,CE,Federal Contract Tower,0,6,37,9,52,0,0,66,13,79,0,6,103,22,131,48,6,54,185
04/21/2007,MQY,TN,ASO,CE,Federal Contract Tower,0,10,38,0,48,0,0,40,10,50,0,10,78,10,98,30,0,30,128
04/22/2007,MQY,TN,ASO,CE,Federal Contract Tower,0,4,25,9,38,0,0,72,3,75,0,4,97,12,113,62,0,62,175
04/23/2007,MQY,TN,ASO,CE,Federal Contract Tower,0,0,43,7,50,0,0,55,17,72,0,0,98,24,122,24,0,24,146
04/24/2007,MQY,TN,ASO,CE,Federal Contract Tower,1,5,45,18,69,0,3,49,18,70,1,8,94,36,139,50,44,94,233
04/25/2007,MQY,TN,ASO,CE,Federal Contract Tower,1,4,53,3,61,0,0,35,6,41,1,4,88,9,102,10,0,10,112
04/26/2007,MQY,TN,ASO,CE,Federal Contract Tower,0,2,44,3,49,0,0,33,4,37,0,2,77,7,86,20,0,20,106
04/27/2007,MQY,TN,ASO,CE,Federal Contract Tower,0,13,38,3,54,0,0,69,9,78,0,13,107,12,132,94,0,94,226
04/28/2007,MQY,TN,ASO,CE,Federal Contract Tower,0,1,32,0,33,0,0,70,4,74,0,1,102,4,107,70,12,82,189
04/29/2007,MQY,TN,ASO,CE,Federal Contract Tower,0,0,31,14,45,0,0,89,6,95,0,0,120,20,140,64,0,64,204
04/30/2007,MQY,TN,ASO,CE,Federal Contract Tower,1,0,46,5,52,0,4,78,4,86,1,4,124,9,138,48,0,48,186
05/01/2007,MQY,TN,ASO,CE,Federal Contract Tower,0,8,6,6,20,0,0,109,22,131,0,8,115,28,151,68,26,94,245
05/02/2007,MQY,TN,ASO,CE,Federal Contract Tower,0,4,58,3,65,0,0,44,7,51,0,4,102,10,116,72,18,90,206
05/03/2007,MQY,TN,ASO,CE,Federal Contract Tower,0,5,49,3,57,0,0,38,13,51,0,5,87,16,108,40,8,48,156
05/04/2007,MQY,TN,ASO,CE,Federal Contract Tower,0,15,39,4,58,0,0,31,13,44,0,15,70,17,102,26,20,46,148
05/05/2007,MQY,TN,ASO,CE,Federal Contract Tower,0,0,26,0,26,0,0,5,6,11,0,0,31,6,37,4,26,30,67
05/06/2007,MQY,TN,ASO,CE,Federal Contract Tower,0,0,37,1,38,0,0,54,0,54,0,0,91,1,92,34,0,34,126
05/07/2007,MQY,TN,ASO,CE,Federal Contract Tower,0,2,40,2,44,0,0,51,8,59,0,2,91,10,103,86,0,86,189
05/08/2007,MQY,TN,ASO,CE,Federal Contract Tower,0,3,58,15,76,0,0,79,0,79,0,3,137,15,155,116,22,138,293
05/09/2007,MQY,TN,ASO,CE,Federal Contract Tower,0,7,52,2,61,0,0,61,6,67,0,7,113,8,128,46,0,46,174
05/10/2007,MQY,TN,ASO,CE,Federal Contract Tower,0,10,58,20,88,0,0,65,12,77,0,10,123,32,165,94,34,128,293
05/11/2007,MQY,TN,ASO,CE,Federal Contract Tower,0,19,55,8,82,0,0,38,6,44,0,19,93,14,126,32,14,46,172
05/12/2007,MQY,TN,ASO,CE,Federal Contract Tower,0,0,31,0,31,0,0,69,1,70,0,0,100,1,101,44,0,44,145
05/13/2007,MQY,TN,ASO,CE,Federal Contract Tower,0,2,12,0,14,0,0,57,0,57,0,2,69,0,71,18,0,18,89
05/14/2007,MQY,TN,ASO,CE,Federal Contract Tower,0,0,38,4,42,0,0,62,2,64,0,0,100,6,106,12,0,12,118
05/15/2007,MQY,TN,ASO,CE,Federal Contract Tower,0,7,25,0,32,0,0,83,14,97,0,7,108,14,129,60,14,74,203
05/16/2007,MQY,TN,ASO,CE,Federal Contract Tower,3,6,43,6,58,0,0,11,6,17,3,6,54,12,75,20,26,46,121
05/17/2007,MQY,TN,ASO,CE,Federal Contract Tower,0,2,67,7,76,0,0,72,13,85,0,2,139,20,161,60,18,78,239
05/18/2007,MQY,TN,ASO,CE,Federal Contract Tower,0,0,46,5,51,0,0,99,9,108,0,0,145,14,159,108,0,108,267
05/19/2007,MQY,TN,ASO,CE,Federal Contract Tower,0,0,34,2,36,0,0,73,2,75,0,0,107,4,111,56,0,56,167
05/20/2007,MQY,TN,ASO,CE,Federal Contract Tower,0,0,22,0,22,0,0,77,0,77,0,0,99,0,99,80,0,80,179
05/21/2007,MQY,TN,ASO,CE,Federal Contract Tower,0,4,43,4,51,0,0,111,2,113,0,4,154,6,164,72,0,72,236
05/22/2007,MQY,TN,ASO,CE,Federal Contract Tower,0,3,76,13,92,0,1,56,0,57,0,4,132,13,149,72,12,84,233
05/23/2007,MQY,TN,ASO,CE,Federal Contract Tower,0,1,79,10,90,0,0,52,23,75,0,1,131,33,165,82,10,92,257
05/24/2007,MQY,TN,ASO,CE,Federal Contract Tower,0,6,46,15,67,0,0,68,17,85,0,6,114,32,152,38,6,44,196
05/25/2007,MQY,TN,ASO,CE,Federal Contract Tower,0,3,56,0,59,0,0,63,6,69,0,3,119,6,128,42,0,42,170
05/26/2007,MQY,TN,ASO,CE,Federal Contract Tower,0,0,30,0,30,0,0,75,0,75,0,0,105,0,105,32,0,32,137
05/27/2007,MQY,TN,ASO,CE,Federal Contract Tower,0,0,25,0,25,0,0,10,2,12,0,0,35,2,37,0,0,0,37
05/28/2007,MQY,TN,ASO,CE,Federal Contract Tower,0,0,28,0,28,0,0,23,8,31,0,0,51,8,59,8,4,12,71
05/29/2007,MQY,TN,ASO,CE,Federal Contract Tower,0,4,40,2,46,0,1,51,0,52,0,5,91,2,98,56,0,56,154
05/30/2007,MQY,TN,ASO,CE,Federal Contract Tower,0,0,45,15,60,0,0,33,0,33,0,0,78,15,93,26,0,26,119
05/31/2007,MQY,TN,ASO,CE,Federal Contract Tower,0,4,48,8,60,0,0,49,6,55,0,4,97,14,115,28,0,28,143
06/01/2007,MQY,TN,ASO,CE,Federal Contract Tower,0,0,33,4,37,0,0,74,17,91,0,0,107,21,128,38,0,38,166
06/02/2007,MQY,TN,ASO,CE,Federal Contract Tower,0,0,20,0,20,0,0,159,2,161,0,0,179,2,181,6,0,6,187
06/03/2007,MQY,TN,ASO,CE,Federal Contract Tower,0,0,11,5,16,0,0,67,0,67,0,0,78,5,83,28,0,28,111
06/04/2007,MQY,TN,ASO,CE,Federal Contract Tower,0,0,34,7,41,0,1,61,8,70,0,1,95,15,111,48,2,50,161
06/05/2007,MQY,TN,ASO,CE,Federal Contract Tower,0,2,32,9,43,0,1,53,21,75,0,3,85,30,118,58,18,76,194
06/06/2007,MQY,TN,ASO,CE,Federal Contract Tower,0,5,44,9,58,0,1,67,7,75,0,6,111,16,133,72,6,78,211
06/07/2007,MQY,TN,ASO,CE,Federal Contract Tower,0,2,64,2,68,0,0,58,4,62,0,2,122,6,130,34,0,34,164
06/08/2007,MQY,TN,ASO,CE,Federal Contract Tower,4,1,44,3,52,0,0,19,2,21,4,1,63,5,73,42,0,42,115
06/09/2007,MQY,TN,ASO,CE,Federal Contract Tower,4,1,113,1,119,0,0,127,4,131,4,1,240,5,250,54,0,54,304
06/10/2007,MQY,TN,ASO,CE,Federal Contract Tower,0,2,22,3,27,0,0,78,0,78,0,2,100,3,105,102,0,102,207
06/11/2007,MQY,TN,ASO,CE,Federal Contract Tower,0,1,62,0,63,0,3,74,4,81,0,4,136,4,144,104,0,104,248
06/12/2007,MQY,TN,ASO,CE,Federal Contract Tower,0,2,51,11,64,0,0,92,1,93,0,2,143,12,157,124,0,124,281
06/13/2007,MQY,TN,ASO,CE,Federal Contract Tower,0,2,69,3,74,0,1,108,10,119,0,3,177,13,193,38,10,48,241
06/14/2007,MQY,TN,ASO,CE,Federal Contract Tower,0,12,54,9,75,0,0,72,10,82,0,12,126,19,157,68,12,80,237
06/15/2007,MQY,TN,ASO,CE,Federal Contract Tower,0,11,46,1,58,0,0,80,6,86,0,11,126,7,144,38,0,38,182
06/16/2007,MQY,TN,ASO,CE,Federal Contract Tower,0,14,26,0,40,0,0,61,5,66,0,14,87,5,106,56,6,62,168
06/17/2007,MQY,TN,ASO,CE,Federal Contract Tower,0,8,22,0,30,0,0,52,6,58,0,8,74,6,88,52,0,52,140
06/18/2007,MQY,TN,ASO,CE,Federal Contract Tower,0,0,36,2,38,0,0,64,7,71,0,0,100,9,109,50,0,50,159
06/19/2007,MQY,TN,ASO,CE,Federal Contract Tower,0,3,33,3,39,0,0,28,3,31,0,3,61,6,70,34,0,34,104
06/20/2007,MQY,TN,ASO,CE,Federal Contract Tower,0,18,60,3,81,0,2,67,14,83,0,20,127,17,164,62,0,62,226
06/21/2007,MQY,TN,ASO,CE,Federal Contract Tower,1,7,55,16,79,0,0,56,5,61,1,7,111,21,140,10,12,22,162
06/22/2007,MQY,TN,ASO,CE,Federal Contract Tower,0,2,33,4,39,0,0,61,5,66,0,2,94,9,105,100,0,100,205
06/23/2007,MQY,TN,ASO,CE,Federal Contract Tower,0,0,23,0,23,0,0,68,0,68,0,0,91,0,91,42,0,42,133
06/24/2007,MQY,TN,ASO,CE,Federal Contract Tower,0,1,9,0,10,0,93,9,0,102,0,94,18,0,112,26,0,26,138
06/25/2007,MQY,TN,ASO,CE,Federal Contract Tower,0,3,20,0,23,0,0,35,6,41,0,3,55,6,64,18,0,18,82
06/26/2007,MQY,TN,ASO,CE,Federal Contract Tower,0,2,50,5,57,0,0,77,28,105,0,2,127,33,162,82,38,120,282
06/27/2007,MQY,TN,ASO,CE,Federal Contract Tower,0,0,43,7,50,0,0,75,21,96,0,0,118,28,146,80,10,90,236
06/28/2007,MQY,TN,ASO,CE,Federal Contract Tower,0,1,61,2,64,0,0,47,12,59,0,1,108,14,123,54,26,80,203
06/29/2007,MQY,TN,ASO,CE,Federal Contract Tower,0,0,29,1,30,0,0,25,2,27,0,0,54,3,57,32,0,32,89
06/30/2007,MQY,TN,ASO,CE,Federal Contract Tower,0,0,33,19,52,0,0,49,6,55,0,0,82,25,107,60,0,60,167
07/01/2007,MQY,TN,ASO,CE,Federal Contract Tower,0,2,21,0,23,0,2,36,1,39,0,4,57,1,62,28,10,38,100
07/02/2007,MQY,TN,ASO,CE,Federal Contract Tower,0,2,48,0,50,0,1,81,0,82,0,3,129,0,132,70,0,70,202
07/03/2007,MQY,TN,ASO,CE,Federal Contract Tower,0,1,46,3,50,0,0,87,3,90,0,1,133,6,140,82,0,82,222
07/04/2007,MQY,TN,ASO,CE,Federal Contract Tower,0,0,0,0,0,0,0,0,0,0,0,0,0,0,0,34,0,34,34
07/05/2007,MQY,TN,ASO,CE,Federal Contract Tower,0,1,38,3,42,0,0,62,41,103,0,1,100,44,145,22,50,72,217
07/06/2007,MQY,TN,ASO,CE,Federal Contract Tower,0,0,27,2,29,0,0,101,8,109,0,0,128,10,138,48,0,48,186
07/07/2007,MQY,TN,ASO,CE,Federal Contract Tower,0,0,17,0,17,0,0,57,0,57,0,0,74,0,74,70,0,70,144
07/08/2007,MQY,TN,ASO,CE,Federal Contract Tower,0,0,30,0,30,0,0,45,3,48,0,0,75,3,78,44,0,44,122
07/09/2007,MQY,TN,ASO,CE,Federal Contract Tower,0,3,32,16,51,0,0,53,5,58,0,3,85,21,109,106,0,106,215
07/10/2007,MQY,TN,ASO,CE,Federal Contract Tower,0,0,2,2,4,0,0,58,0,58,0,0,60,2,62,32,12,44,106
07/11/2007,MQY,TN,ASO,CE,Federal Contract Tower,0,2,57,2,61,0,0,44,0,44,0,2,101,2,105,28,0,28,133
07/12/2007,MQY,TN,ASO,CE,Federal Contract Tower,0,2,66,3,71,0,0,71,12,83,0,2,137,15,154,38,0,38,192
07/13/2007,MQY,TN,ASO,CE,Federal Contract Tower,0,1,45,0,46,0,0,60,0,60,0,1,105,0,106,66,0,66,172
07/14/2007,MQY,TN,ASO,CE,Federal Contract Tower,0,1,36,1,38,0,1,57,14,72,0,2,93,15,110,48,0,48,158
07/15/2007,MQY,TN,ASO,CE,Federal Contract Tower,0,6,49,0,55,0,0,51,6,57,0,6,100,6,112,26,0,26,138
07/16/2007,MQY,TN,ASO,CE,Federal Contract Tower,0,0,44,4,48,0,0,57,7,64,0,0,101,11,112,48,0,48,160
07/17/2007,MQY,TN,ASO,CE,Federal Contract Tower,0,3,35,2,40,0,1,44,4,49,0,4,79,6,89,46,2,48,137
07/18/2007,MQY,TN,ASO,CE,Federal Contract Tower,0,0,53,1,54,0,0,58,3,61,0,0,111,4,115,60,0,60,175
07/19/2007,MQY,TN,ASO,CE,Federal Contract Tower,0,7,52,4,63,0,10,39,5,54,0,17,91,9,117,0,0,0,117
07/20/2007,MQY,TN,ASO,CE,Federal Contract Tower,0,4,44,4,52,0,0,31,6,37,0,4,75,10,89,32,0,32,121
07/21/2007,MQY,TN,ASO,CE,Federal Contract Tower,0,0,34,0,34,0,0,74,0,74,0,0,108,0,108,82,0,82,190
07/22/2007,MQY,TN,ASO,CE,Federal Contract Tower,0,1,29,0,30,0,0,51,2,53,0,1,80,2,83,52,0,52,135
07/23/2007,MQY,TN,ASO,CE,Federal Contract Tower,0,2,27,3,32,0,0,61,4,65,0,2,88,7,97,82,4,86,183
07/24/2007,MQY,TN,ASO,CE,Federal Contract Tower,0,2,25,4,31,0,0,78,8,86,0,2,103,12,117,116,4,120,237
07/25/2007,MQY,TN,ASO,CE,Federal Contract Tower,0,3,30,0,33,0,0,72,20,92,0,3,102,20,125,90,0,90,215
07/26/2007,MQY,TN,ASO,CE,Federal Contract Tower,0,3,37,1,41,0,0,69,3,72,0,3,106,4,113,50,0,50,163
07/27/2007,MQY,TN,ASO,CE,Federal Contract Tower,0,4,49,2,55,0,0,63,10,73,0,4,112,12,128,54,10,64,192
07/28/2007,MQY,TN,ASO,CE,Federal Contract Tower,0,2,35,0,37,0,0,55,0,55,0,2,90,0,92,42,0,42,134
07/29/2007,MQY,TN,ASO,CE,Federal Contract Tower,0,2,29,0,31,0,0,74,0,74,0,2,103,0,105,56,0,56,161
07/30/2007,MQY,TN,ASO,CE,Federal Contract Tower,0,0,72,6,78,0,2,54,6,62,0,2,126,12,140,130,0,130,270
07/31/2007,MQY,TN,ASO,CE,Federal Contract Tower,0,2,54,1,57,0,0,54,3,57,0,2,108,4,114,112,0,112,226
08/01/2007,MQY,TN,ASO,CE,Federal Contract Tower,0,0,57,16,73,0,0,34,4,38,0,0,91,20,111,58,38,96,207
08/02/2007,MQY,TN,ASO,CE,Federal Contract Tower,0,0,54,2,56,0,0,67,6,73,0,0,121,8,129,40,0,40,169
08/03/2007,MQY,TN,ASO,CE,Federal Contract Tower,0,0,54,3,57,0,0,52,6,58,0,0,106,9,115,66,0,66,181
08/04/2007,MQY,TN,ASO,CE,Federal Contract Tower,0,1,37,4,42,0,0,38,23,61,0,1,75,27,103,34,0,34,137
08/05/2007,MQY,TN,ASO,CE,Federal Contract Tower,0,1,24,1,26,0,0,74,9,83,0,1,98,10,109,42,1,43,152
08/06/2007,MQY,TN,ASO,CE,Federal Contract Tower,0,0,36,4,40,0,0,79,5,84,0,0,115,9,124,52,0,52,176
08/07/2007,MQY,TN,ASO,CE,Federal Contract Tower,0,0,43,12,55,0,0,69,11,80,0,0,112,23,135,80,4,84,219
08/08/2007,MQY,TN,ASO,CE,Federal Contract Tower,0,2,39,8,49,0,0,43,8,51,0,2,82,16,100,52,0,52,152
08/09/2007,MQY,TN,ASO,CE,Federal Contract Tower,1,1,57,7,66,0,0,44,25,69,1,1,101,32,135,62,26,88,223
08/10/2007,MQY,TN,ASO,CE,Federal Contract Tower,0,0,43,7,50,0,0,33,5,38,0,0,76,12,88,10,2,12,100
08/11/2007,MQY,TN,ASO,CE,Federal Contract Tower,1,0,51,2,54,0,1,45,10,56,1,1,96,12,110,8,0,8,118
08/12/2007,MQY,TN,ASO,CE,Federal Contract Tower,0,4,33,2,39,0,4,55,4,63,0,8,88,6,102,0,0,0,102
08/13/2007,MQY,TN,ASO,CE,Federal Contract Tower,0,0,71,14,85,0,0,58,15,73,0,0,129,29,158,74,14,88,246
08/14/2007,MQY,TN,ASO,CE,Federal Contract Tower,0,0,48,14,62,0,0,66,10,76,0,0,114,24,138,64,20,84,222
08/15/2007,MQY,TN,ASO,CE,Federal Contract Tower,0,0,57,4,61,0,0,45,2,47,0,0,102,6,108,30,0,30,138
08/16/2007,MQY,TN,ASO,CE,Federal Contract Tower,0,3,45,1,49,0,0,44,25,69,0,3,89,26,118,40,28,68,186
08/17/2007,MQY,TN,ASO,CE,Federal Contract Tower,0,1,56,7,64,0,0,58,7,65,0,1,114,14,129,44,2,46,175
08/18/2007,MQY,TN,ASO,CE,Federal Contract Tower,0,1,23,4,28,0,0,43,0,43,0,1,66,4,71,74,0,74,145
08/19/2007,MQY,TN,ASO,CE,Federal Contract Tower,0,1,22,0,23,0,0,67,0,67,0,1,89,0,90,82,0,82,172
08/20/2007,MQY,TN,ASO,CE,Federal Contract Tower,0,0,30,2,32,0,0,78,6,84,0,0,108,8,116,104,0,104,220
08/21/2007,MQY,TN,ASO,CE,Federal Contract Tower,0,2,42,0,44,0,1,82,12,95,0,3,124,12,139,94,0,94,233
08/22/2007,MQY,TN,ASO,CE,Federal Contract Tower,0,4,33,6,43,0,3,74,10,87,0,7,107,16,130,48,16,64,194
08/23/2007,MQY,TN,ASO,CE,Federal Contract Tower,0,3,46,12,61,0,0,60,10,70,0,3,106,22,131,42,16,58,189
08/24/2007,MQY,TN,ASO,CE,Federal Contract Tower,0,3,44,10,57,0,0,45,5,50,0,3,89,15,107,20,0,20,127
08/25/2007,MQY,TN,ASO,CE,Federal Contract Tower,0,0,16,0,16,0,0,44,0,44,0,0,60,0,60,40,0,40,100
08/26/2007,MQY,TN,ASO,CE,Federal Contract Tower,0,0,3,0,3,0,0,93,6,99,0,0,96,6,102,56,0,56,158
08/27/2007,MQY,TN,ASO,CE,Federal Contract Tower,0,2,38,1,41,0,0,82,16,98,0,2,120,17,139,82,18,100,239
08/28/2007,MQY,TN,ASO,CE,Federal Contract Tower,0,2,59,5,66,0,0,60,15,75,0,2,119,20,141,60,30,90,231
08/29/2007,MQY,TN,ASO,CE,Federal Contract Tower,0,1,52,3,56,0,0,28,9,37,0,1,80,12,93,36,2,38,131
08/30/2007,MQY,TN,ASO,CE,Federal Contract Tower,0,0,46,12,58,0,0,11,15,26,0,0,57,27,84,0,14,14,98
08/31/2007,MQY,TN,ASO,CE,Federal Contract Tower,2,1,56,9,68,0,0,47,9,56,2,1,103,18,124,42,16,58,182
09/01/2007,MQY,TN,ASO,CE,Federal Contract Tower,0,1,25,0,26,0,0,60,0,60,0,1,85,0,86,64,0,64,150
09/02/2007,MQY,TN,ASO,CE,Federal Contract Tower,0,2,18,0,20,0,0,29,0,29,0,2,47,0,49,44,0,44,93
09/03/2007,MQY,TN,ASO,CE,Federal Contract Tower,0,0,42,0,42,0,0,63,2,65,0,0,105,2,107,144,0,144,251
09/04/2007,MQY,TN,ASO,CE,Federal Contract Tower,0,2,38,7,47,0,0,49,96,145,0,2,87,103,192,38,0,38,230
09/05/2007,MQY,TN,ASO,CE,Federal Contract Tower,0,0,33,5,38,0,0,66,2,68,0,0,99,7,106,20,0,20,126
09/06/2007,MQY,TN,ASO,CE,Federal Contract Tower,0,1,31,9,41,0,0,23,27,50,0,1,54,36,91,40,46,86,177
09/07/2007,MQY,TN,ASO,CE,Federal Contract Tower,2,0,61,19,82,0,0,59,2,61,2,0,120,21,143,44,0,44,187
09/08/2007,MQY,TN,ASO,CE,Federal Contract Tower,0,1,19,5,25,0,0,83,13,96,0,1,102,18,121,56,6,62,183
09/09/2007,MQY,TN,ASO,CE,Federal Contract Tower,0,2,21,0,23,0,0,32,12,44,0,2,53,12,67,12,0,12,79
09/10/2007,MQY,TN,ASO,CE,Federal Contract Tower,0,0,41,1,42,0,0,43,4,47,0,0,84,5,89,6,0,6,95
09/11/2007,MQY,TN,ASO,CE,Federal Contract Tower,0,2,43,4,49,0,0,24,6,30,0,2,67,10,79,40,34,74,153
09/12/2007,MQY,TN,ASO,CE,Federal Contract Tower,0,8,42,7,57,0,0,53,7,60,0,8,95,14,117,28,4,32,149
09/13/2007,MQY,TN,ASO,CE,Federal Contract Tower,0,14,45,10,69,0,0,70,16,86,0,14,115,26,155,32,8,40,195
09/14/2007,MQY,TN,ASO,CE,Federal Contract Tower,4,10,34,10,58,0,0,30,11,41,4,10,64,21,99,12,8,20,119
09/15/2007,MQY,TN,ASO,CE,Federal Contract Tower,0,1,33,1,35,0,0,65,0,65,0,1,98,1,100,20,0,20,120
09/16/2007,MQY,TN,ASO,CE,Federal Contract Tower,0,0,27,0,27,0,0,91,0,91,0,0,118,0,118,120,0,120,238
09/17/2007,MQY,TN,ASO,CE,Federal Contract Tower,0,6,51,6,63,0,0,77,3,80,0,6,128,9,143,50,0,50,193
09/18/2007,MQY,TN,ASO,CE,Federal Contract Tower,0,9,52,2,63,0,1,58,8,67,0,10,110,10,130,80,0,80,210
09/19/2007,MQY,TN,ASO,CE,Federal Contract Tower,5,6,57,0,68,0,0,94,15,109,5,6,151,15,177,80,0,80,257
09/20/2007,MQY,TN,ASO,CE,Federal Contract Tower,1,10,55,14,80,0,0,44,17,61,1,10,99,31,141,24,6,30,171
09/21/2007,MQY,TN,ASO,CE,Federal Contract Tower,3,12,50,4,69,0,0,76,7,83,3,12,126,11,152,22,12,34,186
09/22/2007,MQY,TN,ASO,CE,Federal Contract Tower,0,7,55,4,66,0,2,74,1,77,0,9,129,5,143,34,0,34,177
09/23/2007,MQY,TN,ASO,CE,Federal Contract Tower,0,2,29,1,32,0,0,73,0,73,0,2,102,1,105,68,0,68,173
09/24/2007,MQY,TN,ASO,CE,Federal Contract Tower,0,5,56,1,62,0,0,76,7,83,0,5,132,8,145,66,0,66,211
09/25/2007,MQY,TN,ASO,CE,Federal Contract Tower,0,0,48,4,52,0,0,82,7,89,0,0,130,11,141,108,0,108,249
09/26/2007,MQY,TN,ASO,CE,Federal Contract Tower,0,6,33,2,41,0,0,52,2,54,0,6,85,4,95,54,0,54,149
09/27/2007,MQY,TN,ASO,CE,Federal Contract Tower,0,1,35,4,40,0,0,36,3,39,0,1,71,7,79,44,0,44,123
09/28/2007,MQY,TN,ASO,CE,Federal Contract Tower,0,11,70,2,83,0,0,86,8,94,0,11,156,10,177,70,0,70,247
09/29/2007,MQY,TN,ASO,CE,Federal Contract Tower,0,1,39,0,40,0,0,79,0,79,0,1,118,0,119,76,0,76,195
09/30/2007,MQY,TN,ASO,CE,Federal Contract Tower,0,1,24,0,25,0,0,69,0,69,0,1,93,0,94,32,0,32,126
10/01/2007,MQY,TN,ASO,CE,Federal Contract Tower,0,1,53,6,60,0,0,66,3,69,0,1,119,9,129,82,0,82,211
10/02/2007,MQY,TN,ASO,CE,Federal Contract Tower,1,7,52,2,62,0,0,65,7,72,1,7,117,9,134,32,0,32,166
10/03/2007,MQY,TN,ASO,CE,Federal Contract Tower,0,3,66,5,74,0,0,39,19,58,0,3,105,24,132,30,2,32,164
10/04/2007,MQY,TN,ASO,CE,Federal Contract Tower,0,5,60,5,70,0,12,154,16,182,0,17,214,21,252,90,0,90,342
10/05/2007,MQY,TN,ASO,CE,Federal Contract Tower,0,6,65,1,72,0,6,121,4,131,0,12,186,5,203,48,0,48,251
10/06/2007,MQY,TN,ASO,CE,Federal Contract Tower,0,0,31,0,31,0,0,106,0,106,0,0,137,0,137,66,0,66,203
10/07/2007,MQY,TN,ASO,CE,Federal Contract Tower,0,0,18,0,18,0,0,70,0,70,0,0,88,0,88,38,0,38,126
10/08/2007,MQY,TN,ASO,CE,Federal Contract Tower,0,2,44,0,46,0,1,59,0,60,0,3,103,0,106,88,0,88,194
10/09/2007,MQY,TN,ASO,CE,Federal Contract Tower,0,5,43,0,48,0,0,22,4,26,0,5,65,4,74,72,0,72,146
10/10/2007,MQY,TN,ASO,CE,Federal Contract Tower,0,2,53,2,57,0,0,83,23,106,0,2,136,25,163,82,23,105,268
10/11/2007,MQY,TN,ASO,CE,Federal Contract Tower,0,0,50,2,52,0,0,49,8,57,0,0,99,10,109,24,8,32,141
10/12/2007,MQY,TN,ASO,CE,Federal Contract Tower,0,7,48,1,56,0,0,49,12,61,0,7,97,13,117,74,20,94,211
10/13/2007,MQY,TN,ASO,CE,Federal Contract Tower,0,0,35,0,35,0,1,80,8,89,0,1,115,8,124,58,8,66,190
10/14/2007,MQY,TN,ASO,CE,Federal Contract Tower,0,0,22,1,23,0,0,51,2,53,0,0,73,3,76,42,0,42,118
10/15/2007,MQY,TN,ASO,CE,Federal Contract Tower,0,1,68,6,75,0,2,74,2,78,0,3,142,8,153,22,26,48,201
10/16/2007,MQY,TN,ASO,CE,Federal Contract Tower,0,0,57,1,58,0,0,0,4,4,0,0,57,5,62,94,0,94,156
10/17/2007,MQY,TN,ASO,CE,Federal Contract Tower,0,0,70,4,74,0,2,62,6,70,0,2,132,10,144,40,0,40,184
10/18/2007,MQY,TN,ASO,CE,Federal Contract Tower,0,1,20,4,25,0,1,10,5,16,0,2,30,9,41,12,18,30,71
10/19/2007,MQY,TN,ASO,CE,Federal Contract Tower,0,2,53,10,65,0,0,48,20,68,0,2,101,30,133,40,10,50,183
10/20/2007,MQY,TN,ASO,CE,Federal Contract Tower,0,0,38,2,40,0,0,41,0,41,0,0,79,2,81,28,0,28,109
10/21/2007,MQY,TN,ASO,CE,Federal Contract Tower,0,0,54,1,55,0,0,44,0,44,0,0,98,1,99,18,0,18,117
10/22/2007,MQY,TN,ASO,CE,Federal Contract Tower,0,0,26,2,28,0,0,5,11,16,0,0,31,13,44,0,46,46,90
10/23/2007,MQY,TN,ASO,CE,Federal Contract Tower,0,3,46,2,51,0,0,0,2,2,0,3,46,4,53,0,14,14,67
10/24/2007,MQY,TN,ASO,CE,Federal Contract Tower,2,4,76,11,93,0,0,26,6,32,2,4,102,17,125,48,12,60,185
10/25/2007,MQY,TN,ASO,CE,Federal Contract Tower,0,4,43,13,60,0,0,34,5,39,0,4,77,18,99,30,8,38,137
10/26/2007,MQY,TN,ASO,CE,Federal Contract Tower,2,0,79,5,86,0,0,20,6,26,2,0,99,11,112,24,12,36,148
10/27/2007,MQY,TN,ASO,CE,Federal Contract Tower,1,0,37,0,38,0,0,53,0,53,1,0,90,0,91,40,0,40,131
10/28/2007,MQY,TN,ASO,CE,Federal Contract Tower,0,0,33,0,33,0,0,12,0,12,0,0,45,0,45,64,0,64,109
10/29/2007,MQY,TN,ASO,CE,Federal Contract Tower,0,0,38,6,44,0,0,71,11,82,0,0,109,17,126,80,2,82,208
10/30/2007,MQY,TN,ASO,CE,Federal Contract Tower,0,4,37,3,44,0,0,47,23,70,0,4,84,26,114,104,54,158,272
10/31/2007,MQY,TN,ASO,CE,Federal Contract Tower,0,0,39,4,43,0,1,77,7,85,0,1,116,11,128,86,0,86,214
11/01/2007,MQY,TN,ASO,CE,Federal Contract Tower,0,3,59,1,63,0,0,49,12,61,0,3,108,13,124,60,10,70,194
11/02/2007,MQY,TN,ASO,CE,Federal Contract Tower,2,4,58,3,67,0,6,50,28,84,2,10,108,31,151,50,38,88,239
11/03/2007,MQY,TN,ASO,CE,Federal Contract Tower,0,0,40,0,40,0,0,76,25,101,0,0,116,25,141,50,0,50,191
11/04/2007,MQY,TN,ASO,CE,Federal Contract Tower,0,0,40,2,42,0,0,69,8,77,0,0,109,10,119,94,2,96,215
11/05/2007,MQY,TN,ASO,CE,Federal Contract Tower,0,2,35,4,41,0,0,66,0,66,0,2,101,4,107,60,0,60,167
11/06/2007,MQY,TN,ASO,CE,Federal Contract Tower,0,2,40,1,43,0,0,62,13,75,0,2,102,14,118,90,0,90,208
11/07/2007,MQY,TN,ASO,CE,Federal Contract Tower,0,6,54,8,68,0,1,64,7,72,0,7,118,15,140,34,32,66,206
11/08/2007,MQY,TN,ASO,CE,Federal Contract Tower,0,3,41,4,48,0,0,37,8,45,0,3,78,12,93,44,20,64,157
11/09/2007,MQY,TN,ASO,CE,Federal Contract Tower,0,2,35,8,45,0,2,43,16,61,0,4,78,24,106,46,16,62,168
11/10/2007,MQY,TN,ASO,CE,Federal Contract Tower,0,14,47,1,62,0,3,64,5,72,0,17,111,6,134,68,0,68,202
11/11/2007,MQY,TN,ASO,CE,Federal Contract Tower,0,10,19,1,30,0,4,39,1,44,0,14,58,2,74,84,0,84,158
11/12/2007,MQY,TN,ASO,CE,Federal Contract Tower,0,1,55,2,58,0,0,57,3,60,0,1,112,5,118,76,6,82,200
11/13/2007,MQY,TN,ASO,CE,Federal Contract Tower,0,3,40,4,47,0,0,28,0,28,0,3,68,4,75,28,0,28,103
11/14/2007,MQY,TN,ASO,CE,Federal Contract Tower,0,4,36,4,44,0,0,29,8,37,0,4,65,12,81,52,18,70,151
11/15/2007,MQY,TN,ASO,CE,Federal Contract Tower,0,7,60,11,78,0,0,41,24,65,0,7,101,35,143,48,20,68,211
11/16/2007,MQY,TN,ASO,CE,Federal Contract Tower,0,2,72,1,75,0,0,65,7,72,0,2,137,8,147,32,12,44,191
11/17/2007,MQY,TN,ASO,CE,Federal Contract Tower,0,1,37,3,41,0,0,100,4,104,0,1,137,7,145,28,20,48,193
11/18/2007,MQY,TN,ASO,CE,Federal Contract Tower,0,1,29,0,30,0,0,47,0,47,0,1,76,0,77,66,0,66,143
11/19/2007,MQY,TN,ASO,CE,Federal Contract Tower,0,4,44,7,55,0,0,20,9,29,0,4,64,16,84,12,8,20,104
11/20/2007,MQY,TN,ASO,CE,Federal Contract Tower,0,6,51,7,64,0,0,67,25,92,0,6,118,32,156,78,34,112,268
11/21/2007,MQY,TN,ASO,CE,Federal Contract Tower,0,1,32,5,38,0,0,25,12,37,0,1,57,17,75,34,2,36,111
11/22/2007,MQY,TN,ASO,CE,Federal Contract Tower,0,0,9,0,9,0,0,0,0,0,0,0,9,0,9,0,0,0,9
11/23/2007,MQY,TN,ASO,CE,Federal Contract Tower,0,0,40,0,40,0,0,30,0,30,0,0,70,0,70,12,0,12,82
11/24/2007,MQY,TN,ASO,CE,Federal Contract Tower,0,0,21,0,21,0,0,69,0,69,0,0,90,0,90,40,0,40,130
11/25/2007,MQY,TN,ASO,CE,Federal Contract Tower,0,0,37,0,37,0,0,10,0,10,0,0,47,0,47,0,0,0,47
11/26/2007,MQY,TN,ASO,CE,Federal Contract Tower,0,2,31,2,35,0,0,11,0,11,0,2,42,2,46,4,0,4,50
11/27/2007,MQY,TN,ASO,CE,Federal Contract Tower,0,6,48,1,55,0,0,78,26,104,0,6,126,27,159,62,0,62,221
11/28/2007,MQY,TN,ASO,CE,Federal Contract Tower,0,9,124,13,146,0,1,45,12,58,0,10,169,25,204,30,18,48,252
11/29/2007,MQY,TN,ASO,CE,Federal Contract Tower,0,3,63,8,74,0,0,48,13,61,0,3,111,21,135,22,6,28,163
11/30/2007,MQY,TN,ASO,CE,Federal Contract Tower,0,9,37,3,49,0,0,47,25,72,0,9,84,28,121,84,26,110,231
12/01/2007,MQY,TN,ASO,CE,Federal Contract Tower,0,0,19,3,22,0,2,71,16,89,0,2,90,19,111,42,10,52,163
12/02/2007,MQY,TN,ASO,CE,Federal Contract Tower,0,0,15,2,17,0,0,3,1,4,0,0,18,3,21,12,0,12,33
12/03/2007,MQY,TN,ASO,CE,Federal Contract Tower,1,0,24,2,27,0,0,61,1,62,1,0,85,3,89,30,0,30,119
12/04/2007,MQY,TN,ASO,CE,Federal Contract Tower,0,7,38,7,52,0,0,89,16,105,0,7,127,23,157,54,10,64,221
12/05/2007,MQY,TN,ASO,CE,Federal Contract Tower,0,1,76,6,83,0,0,47,22,69,0,1,123,28,152,12,0,12,164
12/06/2007,MQY,TN,ASO,CE,Federal Contract Tower,0,0,56,12,68,0,2,57,10,69,0,2,113,22,137,50,28,78,215
12/07/2007,MQY,TN,ASO,CE,Federal Contract Tower,0,4,38,14,56,0,6,15,0,21,0,10,53,14,77,26,12,38,115
12/08/2007,MQY,TN,ASO,CE,Federal Contract Tower,0,0,14,0,14,0,0,0,0,0,0,0,14,0,14,0,0,0,14
12/09/2007,MQY,TN,ASO,CE,Federal Contract Tower,0,0,31,0,31,0,0,51,0,51,0,0,82,0,82,60,0,60,142
12/10/2007,MQY,TN,ASO,CE,Federal Contract Tower,0,2,54,5,61,0,0,10,4,14,0,2,64,9,75,18,0,18,93
12/11/2007,MQY,TN,ASO,CE,Federal Contract Tower,0,9,46,18,73,0,0,84,20,104,0,9,130,38,177,112,2,114,291
12/12/2007,MQY,TN,ASO,CE,Federal Contract Tower,0,9,35,4,48,0,0,0,0,0,0,9,35,4,48,0,0,0,48
12/13/2007,MQY,TN,ASO,CE,Federal Contract Tower,0,7,28,13,48,0,0,9,5,14,0,7,37,18,62,4,56,60,122
12/14/2007,MQY,TN,ASO,CE,Federal Contract Tower,0,6,52,16,74,0,4,24,4,32,0,10,76,20,106,16,0,16,122
12/15/2007,MQY,TN,ASO,CE,Federal Contract Tower,0,2,17,0,19,0,0,5,3,8,0,2,22,3,27,40,8,48,75
12/16/2007,MQY,TN,ASO,CE,Federal Contract Tower,0,6,15,0,21,0,0,30,0,30,0,6,45,0,51,40,0,40,91
12/17/2007,MQY,TN,ASO,CE,Federal Contract Tower,0,5,48,9,62,0,1,70,7,78,0,6,118,16,140,70,10,80,220
12/18/2007,MQY,TN,ASO,CE,Federal Contract Tower,1,7,44,7,59,0,0,71,8,79,1,7,115,15,138,38,0,38,176
12/19/2007,MQY,TN,ASO,CE,Federal Contract Tower,0,1,56,4,61,0,2,50,6,58,0,3,106,10,119,60,0,60,179
12/20/2007,MQY,TN,ASO,CE,Federal Contract Tower,0,2,45,2,49,0,0,15,8,23,0,2,60,10,72,30,16,46,118
12/21/2007,MQY,TN,ASO,CE,Federal Contract Tower,0,5,76,0,81,0,2,59,0,61,0,7,135,0,142,136,0,136,278
12/22/2007,MQY,TN,ASO,CE,Federal Contract Tower,0,1,33,0,34,0,0,38,0,38,0,1,71,0,72,26,0,26,98
12/23/2007,MQY,TN,ASO,CE,Federal Contract Tower,0,3,15,0,18,0,0,14,0,14,0,3,29,0,32,14,0,14,46
12/24/2007,MQY,TN,ASO,CE,Federal Contract Tower,0,0,16,0,16,0,0,39,0,39,0,0,55,0,55,50,0,50,105
12/25/2007,MQY,TN,ASO,CE,Federal Contract Tower,0,0,1,0,1,0,0,4,0,4,0,0,5,0,5,10,0,10,15
12/26/2007,MQY,TN,ASO,CE,Federal Contract Tower,0,2,44,0,46,0,1,67,0,68,0,3,111,0,114,112,0,112,226
12/27/2007,MQY,TN,ASO,CE,Federal Contract Tower,0,1,47,0,48,0,0,37,0,37,0,1,84,0,85,8,0,8,93
12/28/2007,MQY,TN,ASO,CE,Federal Contract Tower,0,2,16,0,18,0,0,1,0,1,0,2,17,0,19,0,0,0,19
12/29/2007,MQY,TN,ASO,CE,Federal Contract Tower,0,0,46,0,46,0,0,51,0,51,0,0,97,0,97,74,0,74,171
12/30/2007,MQY,TN,ASO,CE,Federal Contract Tower,0,1,13,0,14,0,0,34,0,34,0,1,47,0,48,36,0,36,84
12/31/2007,MQY,TN,ASO,CE,Federal Contract Tower,0,2,15,0,17,0,0,49,0,49,0,2,64,0,66,52,0,52,118
01/01/2008,MQY,TN,ASO,CE,Federal Contract Tower,0,0,9,0,9,0,0,41,0,41,0,0,50,0,50,42,0,42,92
01/02/2008,MQY,TN,ASO,CE,Federal Contract Tower,0,2,32,2,36,0,0,48,1,49,0,2,80,3,85,30,0,30,115
01/03/2008,MQY,TN,ASO,CE,Federal Contract Tower,0,1,49,2,52,0,2,41,22,65,0,3,90,24,117,26,4,30,147
01/04/2008,MQY,TN,ASO,CE,Federal Contract Tower,0,1,38,0,39,0,0,43,13,56,0,1,81,13,95,38,2,40,135
01/05/2008,MQY,TN,ASO,CE,Federal Contract Tower,0,0,24,0,24,0,0,25,0,25,0,0,49,0,49,10,0,10,59
01/06/2008,MQY,TN,ASO,CE,Federal Contract Tower,0,0,19,0,19,0,0,16,0,16,0,0,35,0,35,4,0,4,39
01/07/2008,MQY,TN,ASO,CE,Federal Contract Tower,0,0,23,0,23,0,0,47,0,47,0,0,70,0,70,16,0,16,86
01/08/2008,MQY,TN,ASO,CE,Federal Contract Tower,0,0,15,0,15,0,0,30,2,32,0,0,45,2,47,2,0,2,49
01/09/2008,MQY,TN,ASO,CE,Federal Contract Tower,0,2,56,5,63,0,0,80,18,98,0,2,136,23,161,56,6,62,223
01/10/2008,MQY,TN,ASO,CE,Federal Contract Tower,0,3,13,2,18,0,0,2,0,2,0,3,15,2,20,0,0,0,20
01/11/2008,MQY,TN,ASO,CE,Federal Contract Tower,0,4,73,7,84,0,1,86,14,101,0,5,159,21,185,100,4,104,289
01/12/2008,MQY,TN,ASO,CE,Federal Contract Tower,0,2,34,3,39,0,0,50,19,69,0,2,84,22,108,58,30,88,196
01/13/2008,MQY,TN,ASO,CE,Federal Contract Tower,0,2,24,0,26,0,0,22,2,24,0,2,46,2,50,54,0,54,104
01/14/2008,MQY,TN,ASO,CE,Federal Contract Tower,0,2,41,2,45,0,0,47,1,48,0,2,88,3,93,36,0,36,129
01/15/2008,MQY,TN,ASO,CE,Federal Contract Tower,0,4,32,8,44,0,0,57,19,76,0,4,89,27,120,48,16,64,184
01/16/2008,MQY,TN,ASO,CE,Federal Contract Tower,0,1,55,3,59,0,0,83,7,90,0,1,138,10,149,122,2,124,273
01/17/2008,MQY,TN,ASO,CE,Federal Contract Tower,0,0,38,9,47,0,0,0,2,2,0,0,38,11,49,0,4,4,53
01/18/2008,MQY,TN,ASO,CE,Federal Contract Tower,0,1,58,19,78,0,1,63,11,75,0,2,121,30,153,56,0,56,209
01/19/2008,MQY,TN,ASO,CE,Federal Contract Tower,0,13,21,0,34,0,8,33,0,41,0,21,54,0,75,72,0,72,147
01/20/2008,MQY,TN,ASO,CE,Federal Contract Tower,0,10,18,0,28,0,0,68,0,68,0,10,86,0,96,38,0,38,134
01/21/2008,MQY,TN,ASO,CE,Federal Contract Tower,0,0,42,0,42,0,0,72,0,72,0,0,114,0,114,82,0,82,196
01/22/2008,MQY,TN,ASO,CE,Federal Contract Tower,0,0,17,3,20,0,0,0,0,0,0,0,17,3,20,0,0,0,20
01/23/2008,MQY,TN,ASO,CE,Federal Contract Tower,0,1,40,15,56,0,0,34,26,60,0,1,74,41,116,68,6,74,190
01/24/2008,MQY,TN,ASO,CE,Federal Contract Tower,0,1,29,8,38,0,2,46,18,66,0,3,75,26,104,40,9,49,153
01/25/2008,MQY,TN,ASO,CE,Federal Contract Tower,0,5,38,6,49,0,1,53,16,70,0,6,91,22,119,46,8,54,173
01/26/2008,MQY,TN,ASO,CE,Federal Contract Tower,0,0,11,1,12,0,0,13,15,28,0,0,24,16,40,66,24,90,130
01/27/2008,MQY,TN,ASO,CE,Federal Contract Tower,0,5,24,0,29,0,0,49,9,58,0,5,73,9,87,46,38,84,171
01/28/2008,MQY,TN,ASO,CE,Federal Contract Tower,0,2,42,2,46,0,6,63,8,77,0,8,105,10,123,40,4,44,167
01/29/2008,MQY,TN,ASO,CE,Federal Contract Tower,0,0,17,14,31,0,2,2,0,4,0,2,19,14,35,0,0,0,35
01/30/2008,MQY,TN,ASO,CE,Federal Contract Tower,0,4,56,6,66,0,1,66,10,77,0,5,122,16,143,41,16,57,200
01/31/2008,MQY,TN,ASO,CE,Federal Contract Tower,0,1,23,2,26,0,0,21,8,29,0,1,44,10,55,38,0,38,93
02/01/2008,MQY,TN,ASO,CE,Federal Contract Tower,0,2,31,4,37,0,0,21,6,27,0,2,52,10,64,22,0,22,86
02/02/2008,MQY,TN,ASO,CE,Federal Contract Tower,0,0,38,4,42,0,0,75,0,75,0,0,113,4,117,54,0,54,171
02/03/2008,MQY,TN,ASO,CE,Federal Contract Tower,0,1,19,1,21,0,0,37,0,37,0,1,56,1,58,70,0,70,128
02/04/2008,MQY,TN,ASO,CE,Federal Contract Tower,0,2,22,1,25,0,0,3,0,3,0,2,25,1,28,16,0,16,44
02/05/2008,MQY,TN,ASO,CE,Federal Contract Tower,0,4,40,5,49,0,0,25,10,35,0,4,65,15,84,14,0,14,98
02/06/2008,MQY,TN,ASO,CE,Federal Contract Tower,0,0,21,6,27,0,0,3,4,7,0,0,24,10,34,0,0,0,34
02/07/2008,MQY,TN,ASO,CE,Federal Contract Tower,0,13,6,0,19,0,0,127,17,144,0,13,133,17,163,130,4,134,297
02/08/2008,MQY,TN,ASO,CE,Federal Contract Tower,0,5,43,1,49,0,0,56,8,64,0,5,99,9,113,40,0,40,153
02/09/2008,MQY,TN,ASO,CE,Federal Contract Tower,0,0,27,1,28,0,0,88,6,94,0,0,115,7,122,86,8,94,216
02/10/2008,MQY,TN,ASO,CE,Federal Contract Tower,0,0,17,2,19,0,0,56,0,56,0,0,73,2,75,72,0,72,147
02/11/2008,MQY,TN,ASO,CE,Federal Contract Tower,1,3,48,11,63,0,0,61,25,86,1,3,109,36,149,70,4,74,223
02/12/2008,MQY,TN,ASO,CE,Federal Contract Tower,0,0,12,6,18,0,0,5,4,9,0,0,17,10,27,0,4,4,31
02/13/2008,MQY,TN,ASO,CE,Federal Contract Tower,0,7,39,2,48,0,1,16,5,22,0,8,55,7,70,6,0,6,76
02/14/2008,MQY,TN,ASO,CE,Federal Contract Tower,0,6,43,6,55,0,0,55,8,63,0,6,98,14,118,40,14,54,172
02/15/2008,MQY,TN,ASO,CE,Federal Contract Tower,0,2,50,0,52,0,0,47,0,47,0,2,97,0,99,50,0,50,149
02/16/2008,MQY,TN,ASO,CE,Federal Contract Tower,0,0,47,0,47,0,0,59,0,59,0,0,106,0,106,114,0,114,220
02/17/2008,MQY,TN,ASO,CE,Federal Contract Tower,0,0,16,0,16,0,0,5,0,5,0,0,21,0,21,0,0,0,21
02/18/2008,MQY,TN,ASO,CE,Federal Contract Tower,0,1,40,0,41,0,0,69,12,81,0,1,109,12,122,30,0,30,152
02/19/2008,MQY,TN,ASO,CE,Federal Contract Tower,0,2,41,0,43,0,0,55,0,55,0,2,96,0,98,88,0,88,186
02/20/2008,MQY,TN,ASO,CE,Federal Contract Tower,0,1,70,8,79,0,0,44,18,62,0,1,114,26,141,74,4,78,219
02/21/2008,MQY,TN,ASO,CE,Federal Contract Tower,1,1,38,6,46,0,2,24,20,46,1,3,62,26,92,93,68,161,253
02/22/2008,MQY,TN,ASO,CE,Federal Contract Tower,0,2,38,20,60,0,0,7,0,7,0,2,45,20,67,0,0,0,67
02/23/2008,MQY,TN,ASO,CE,Federal Contract Tower,0,0,0,0,0,0,0,57,12,69,0,0,57,12,69,128,4,132,201
02/24/2008,MQY,TN,ASO,CE,Federal Contract Tower,0,0,27,0,27,0,0,34,11,45,0,0,61,11,72,88,6,94,166
02/25/2008,MQY,TN,ASO,CE,Federal Contract Tower,0,2,51,7,60,0,3,48,13,64,0,5,99,20,124,112,6,118,242
02/26/2008,MQY,TN,ASO,CE,Federal Contract Tower,0,0,23,8,31,0,0,7,2,9,0,0,30,10,40,6,2,8,48
02/27/2008,MQY,TN,ASO,CE,Federal Contract Tower,0,2,32,3,37,0,0,8,16,24,0,2,40,19,61,6,16,22,83
02/28/2008,MQY,TN,ASO,CE,Federal Contract Tower,0,14,50,1,65,0,2,120,22,144,0,16,170,23,209,124,40,164,373
02/29/2008,MQY,TN,ASO,CE,Federal Contract Tower,0,2,37,3,42,0,2,5,2,9,0,4,42,5,51,0,6,6,57
03/01/2008,MQY,TN,ASO,CE,Federal Contract Tower,0,5,40,0,45,0,0,102,17,119,0,5,142,17,164,112,0,112,276
03/02/2008,MQY,TN,ASO,CE,Federal Contract Tower,0,0,50,0,50,0,0,68,14,82,0,0,118,14,132,76,0,76,208
03/03/2008,MQY,TN,ASO,CE,Federal Contract Tower,0,2,15,1,18,0,0,29,1,30,0,2,44,2,48,26,0,26,74
03/04/2008,MQY,TN,ASO,CE,Federal Contract Tower,0,3,28,2,33,0,0,9,4,13,0,3,37,6,46,0,18,18,64
03/05/2008,MQY,TN,ASO,CE,Federal Contract Tower,0,6,52,2,60,0,0,58,24,82,0,6,110,26,142,122,6,128,270
03/06/2008,MQY,TN,ASO,CE,Federal Contract Tower,1,2,45,2,50,0,4,98,20,122,1,6,143,22,172,70,0,70,242
03/07/2008,MQY,TN,ASO,CE,Federal Contract Tower,0,0,25,7,32,0,0,2,0,2,0,0,27,7,34,0,2,2,36
03/08/2008,MQY,TN,ASO,CE,Federal Contract Tower,0,0,10,0,10,0,0,29,0,29,0,0,39,0,39,34,0,34,73
03/09/2008,MQY,TN,ASO,CE,Federal Contract Tower,0,1,50,0,51,0,0,100,0,100,0,1,150,0,151,60,0,60,211
03/10/2008,MQY,TN,ASO,CE,Federal Contract Tower,0,1,27,2,30,0,0,69,2,71,0,1,96,4,101,72,0,72,173
03/11/2008,MQY,TN,ASO,CE,Federal Contract Tower,0,4,51,4,59,0,1,42,2,45,0,5,93,6,104,36,2,38,142
03/12/2008,MQY,TN,ASO,CE,Federal Contract Tower,0,1,60,2,63,0,0,100,12,112,0,1,160,14,175,120,16,136,311
03/13/2008,MQY,TN,ASO,CE,Federal Contract Tower,0,0,67,2,69,0,0,75,22,97,0,0,142,24,166,154,0,154,320
03/14/2008,MQY,TN,ASO,CE,Federal Contract Tower,0,1,54,4,59,0,0,24,16,40,0,1,78,20,99,16,26,42,141
03/15/2008,MQY,TN,ASO,CE,Federal Contract Tower,0,2,13,4,19,0,0,3,0,3,0,2,16,4,22,0,0,0,22
03/16/2008,MQY,TN,ASO,CE,Federal Contract Tower,0,0,50,0,50,0,0,50,2,52,0,0,100,2,102,66,0,66,168
03/17/2008,MQY,TN,ASO,CE,Federal Contract Tower,0,1,42,5,48,0,1,61,1,63,0,2,103,6,111,56,10,66,177
03/18/2008,MQY,TN,ASO,CE,Federal Contract Tower,0,1,26,0,27,0,0,36,0,36,0,1,62,0,63,10,0,10,73
03/19/2008,MQY,TN,ASO,CE,Federal Contract Tower,0,4,21,8,33,0,0,2,0,2,0,4,23,8,35,0,0,0,35
03/20/2008,MQY,TN,ASO,CE,Federal Contract Tower,4,9,62,6,81,0,4,97,15,116,4,13,159,21,197,88,10,98,295
03/21/2008,MQY,TN,ASO,CE,Federal Contract Tower,0,3,33,0,36,0,4,68,5,77,0,7,101,5,113,50,0,50,163
03/22/2008,MQY,TN,ASO,CE,Federal Contract Tower,4,0,71,0,75,0,1,87,4,92,4,1,158,4,167,96,0,96,263
03/23/2008,MQY,TN,ASO,CE,Federal Contract Tower,0,2,19,0,21,0,0,44,1,45,0,2,63,1,66,64,0,64,130
03/24/2008,MQY,TN,ASO,CE,Federal Contract Tower,0,1,29,2,32,0,0,41,6,47,0,1,70,8,79,64,0,64,143
03/25/2008,MQY,TN,ASO,CE,Federal Contract Tower,0,0,52,5,57,0,0,45,5,50,0,0,97,10,107,84,10,94,201
03/26/2008,MQY,TN,ASO,CE,Federal Contract Tower,2,6,5,0,13,0,0,117,4,121,2,6,122,4,134,66,0,66,200
03/27/2008,MQY,TN,ASO,CE,Federal Contract Tower,0,2,35,4,41,0,0,34,5,39,0,2,69,9,80,20,0,20,100
03/28/2008,MQY,TN,ASO,CE,Federal Contract Tower,0,1,32,17,50,0,0,18,4,22,0,1,50,21,72,44,18,62,134
03/29/2008,MQY,TN,ASO,CE,Federal Contract Tower,0,2,15,8,25,0,0,3,7,10,0,2,18,15,35,18,24,42,77
03/30/2008,MQY,TN,ASO,CE,Federal Contract Tower,0,6,33,0,39,0,0,37,0,37,0,6,70,0,76,50,0,50,126
03/31/2008,MQY,TN,ASO,CE,Federal Contract Tower,0,0,50,2,52,0,0,35,0,35,0,0,85,2,87,0,0,0,87
04/01/2008,MQY,TN,ASO,CE,Federal Contract Tower,0,0,32,1,33,0,2,27,5,34,0,2,59,6,67,20,12,32,99
04/02/2008,MQY,TN,ASO,CE,Federal Contract Tower,0,3,55,7,65,0,0,79,9,88,0,3,134,16,153,50,0,50,203
04/03/2008,MQY,TN,ASO,CE,Federal Contract Tower,0,0,36,8,44,0,0,0,2,2,0,0,36,10,46,0,8,8,54
04/04/2008,MQY,TN,ASO,CE,Federal Contract Tower,0,0,14,0,14,0,0,2,0,2,0,0,16,0,16,6,0,6,22
04/05/2008,MQY,TN,ASO,CE,Federal Contract Tower,0,1,34,0,35,0,0,32,0,32,0,1,66,0,67,160,0,160,227
04/06/2008,MQY,TN,ASO,CE,Federal Contract Tower,0,2,54,0,56,0,0,64,0,64,0,2,118,0,120,112,0,112,232
04/07/2008,MQY,TN,ASO,CE,Federal Contract Tower,0,0,57,3,60,0,4,71,9,84,0,4,128,12,144,88,0,88,232
04/08/2008,MQY,TN,ASO,CE,Federal Contract Tower,0,4,69,6,79,0,0,61,15,76,0,4,130,21,155,124,8,132,287
04/09/2008,MQY,TN,ASO,CE,Federal Contract Tower,0,0,53,0,53,0,0,70,13,83,0,0,123,13,136,64,18,82,218
04/10/2008,MQY,TN,ASO,CE,Federal Contract Tower,0,4,25,12,41,0,1,43,6,50,0,5,68,18,91,24,0,24,115
04/11/2008,MQY,TN,ASO,CE,Federal Contract Tower,0,2,19,17,38,0,3,15,4,22,0,5,34,21,60,28,0,28,88
04/12/2008,MQY,TN,ASO,CE,Federal Contract Tower,1,0,15,0,16,0,1,47,0,48,1,1,62,0,64,2,0,2,66
04/13/2008,MQY,TN,ASO,CE,Federal Contract Tower,1,0,13,10,24,0,0,29,7,36,1,0,42,17,60,0,0,0,60
04/14/2008,MQY,TN,ASO,CE,Federal Contract Tower,4,0,49,12,65,0,2,72,29,103,4,2,121,41,168,84,8,92,260
04/15/2008,MQY,TN,ASO,CE,Federal Contract Tower,0,2,45,0,47,1,0,65,23,89,1,2,110,23,136,144,18,162,298
04/16/2008,MQY,TN,ASO,CE,Federal Contract Tower,0,13,55,21,89,0,1,102,6,109,0,14,157,27,198,54,18,72,270
04/17/2008,MQY,TN,ASO,CE,Federal Contract Tower,0,4,28,2,34,0,0,109,3,112,0,4,137,5,146,60,0,60,206
04/18/2008,MQY,TN,ASO,CE,Federal Contract Tower,0,11,26,7,44,0,1,47,10,58,0,12,73,17,102,24,10,34,136
04/19/2008,MQY,TN,ASO,CE,Federal Contract Tower,0,0,32,2,34,0,0,72,6,78,0,0,104,8,112,102,6,108,220
04/20/2008,MQY,TN,ASO,CE,Federal Contract Tower,0,4,39,2,45,0,2,69,2,73,0,6,108,4,118,106,0,106,224
04/21/2008,MQY,TN,ASO,CE,Federal Contract Tower,1,1,56,6,64,0,0,106,9,115,1,1,162,15,179,68,4,72,251
04/22/2008,MQY,TN,ASO,CE,Federal Contract Tower,2,0,44,6,52,0,1,49,0,50,2,1,93,6,102,126,0,126,228
04/23/2008,MQY,TN,ASO,CE,Federal Contract Tower,1,7,64,2,74,0,0,89,12,101,1,7,153,14,175,74,0,74,249
04/24/2008,MQY,TN,ASO,CE,Federal Contract Tower,0,0,62,2,64,0,0,66,24,90,0,0,128,26,154,26,2,28,182
04/25/2008,MQY,TN,ASO,CE,Federal Contract Tower,0,0,37,5,42,0,0,48,7,55,0,0,85,12,97,28,0,28,125
04/26/2008,MQY,TN,ASO,CE,Federal Contract Tower,0,1,42,4,47,0,0,45,0,45,0,1,87,4,92,44,0,44,136
04/27/2008,MQY,TN,ASO,CE,Federal Contract Tower,0,3,31,1,35,0,0,30,0,30,0,3,61,1,65,10,0,10,75
04/28/2008,MQY,TN,ASO,CE,Federal Contract Tower,0,2,34,0,36,0,0,51,2,53,0,2,85,2,89,38,0,38,127
04/29/2008,MQY,TN,ASO,CE,Federal Contract Tower,1,3,58,5,67,0,0,143,8,151,1,3,201,13,218,690,15,705,923
04/30/2008,MQY,TN,ASO,CE,Federal Contract Tower,0,1,50,7,58,0,0,153,4,157,0,1,203,11,215,902,0,902,1117
05/01/2008,MQY,TN,ASO,CE,Federal Contract Tower,0,5,41,4,50,0,0,130,6,136,0,5,171,10,186,520,0,520,706
05/02/2008,MQY,TN,ASO,CE,Federal Contract Tower,0,4,33,1,38,0,0,88,3,91,0,4,121,4,129,412,0,412,541
05/03/2008,MQY,TN,ASO,CE,Federal Contract Tower,0,1,34,0,35,0,0,158,3,161,0,1,192,3,196,742,4,746,942
05/04/2008,MQY,TN,ASO,CE,Federal Contract Tower,0,0,20,4,24,0,0,329,6,335,0,0,349,10,359,964,0,964,1323
05/05/2008,MQY,TN,ASO,CE,Federal Contract Tower,0,0,32,3,35,0,0,190,16,206,0,0,222,19,241,650,0,650,891
05/06/2008,MQY,TN,ASO,CE,Federal Contract Tower,0,4,34,1,39,0,0,238,20,258,0,4,272,21,297,20,2,22,319
05/07/2008,MQY,TN,ASO,CE,Federal Contract Tower,0,2,34,4,40,0,0,259,5,264,0,2,293,9,304,466,6,472,776
05/08/2008,MQY,TN,ASO,CE,Federal Contract Tower,4,1,27,1,33,0,2,70,2,74,4,3,97,3,107,64,0,64,171
05/09/2008,MQY,TN,ASO,CE,Federal Contract Tower,0,0,47,3,50,0,0,193,4,197,0,0,240,7,247,459,0,459,706
05/10/2008,MQY,TN,ASO,CE,Federal Contract Tower,0,1,43,0,44,0,0,210,0,210,0,1,253,0,254,302,0,302,556
05/11/2008,MQY,TN,ASO,CE,Federal Contract Tower,4,5,23,6,38,0,0,40,2,42,4,5,63,8,80,2,0,2,82
05/12/2008,MQY,TN,ASO,CE,Federal Contract Tower,0,1,58,0,59,0,1,116,2,119,0,2,174,2,178,124,0,124,302
05/13/2008,MQY,TN,ASO,CE,Federal Contract Tower,0,3,48,16,67,0,0,96,6,102,0,3,144,22,169,136,0,136,305
05/14/2008,MQY,TN,ASO,CE,Federal Contract Tower,0,6,55,16,77,0,0,27,4,31,0,6,82,20,108,38,46,84,192
05/15/2008,MQY,TN,ASO,CE,Federal Contract Tower,0,0,48,9,57,0,0,3,0,3,0,0,51,9,60,10,16,26,86
05/16/2008,MQY,TN,ASO,CE,Federal Contract Tower,0,3,49,14,66,0,0,50,9,59,0,3,99,23,125,100,6,106,231
05/17/2008,MQY,TN,ASO,CE,Federal Contract Tower,0,2,34,2,38,0,0,61,11,72,0,2,95,13,110,54,0,54,164
05/18/2008,MQY,TN,ASO,CE,Federal Contract Tower,0,1,35,2,38,0,0,52,7,59,0,1,87,9,97,100,2,102,199
05/19/2008,MQY,TN,ASO,CE,Federal Contract Tower,0,2,46,11,59,0,2,95,2,99,0,4,141,13,158,80,26,106,264
05/20/2008,MQY,TN,ASO,CE,Federal Contract Tower,0,1,43,6,50,0,0,71,13,84,0,1,114,19,134,106,4,110,244
05/21/2008,MQY,TN,ASO,CE,Federal Contract Tower,0,1,45,7,53,0,0,113,7,120,0,1,158,14,173,46,4,50,223
05/22/2008,MQY,TN,ASO,CE,Federal Contract Tower,0,4,46,6,56,0,0,74,13,87,0,4,120,19,143,106,0,106,249
05/23/2008,MQY,TN,ASO,CE,Federal Contract Tower,0,0,54,1,55,0,0,69,0,69,0,0,123,1,124,94,0,94,218
05/24/2008,MQY,TN,ASO,CE,Federal Contract Tower,0,0,30,0,30,0,0,64,0,64,0,0,94,0,94,54,0,54,148
05/25/2008,MQY,TN,ASO,CE,Federal Contract Tower,0,0,17,0,17,0,0,105,0,105,0,0,122,0,122,48,0,48,170
05/26/2008,MQY,TN,ASO,CE,Federal Contract Tower,0,0,34,0,34,0,0,32,0,32,0,0,66,0,66,42,0,42,108
05/27/2008,MQY,TN,ASO,CE,Federal Contract Tower,0,4,36,0,40,0,0,25,0,25,0,4,61,0,65,10,0,10,75
05/28/2008,MQY,TN,ASO,CE,Federal Contract Tower,0,2,49,3,54,0,0,16,2,18,0,2,65,5,72,0,0,0,72
05/29/2008,MQY,TN,ASO,CE,Federal Contract Tower,0,3,60,11,74,0,0,74,18,92,0,3,134,29,166,154,0,154,320
05/30/2008,MQY,TN,ASO,CE,Federal Contract Tower,0,3,44,16,63,0,0,44,1,45,0,3,88,17,108,36,0,36,144
05/31/2008,MQY,TN,ASO,CE,Federal Contract Tower,0,2,9,1,12,0,0,159,0,159,0,2,168,1,171,18,0,18,189
06/01/2008,MQY,TN,ASO,CE,Federal Contract Tower,0,1,20,0,21,0,0,40,0,40,0,1,60,0,61,60,0,60,121
06/02/2008,MQY,TN,ASO,CE,Federal Contract Tower,0,3,34,9,46,0,2,77,19,98,0,5,111,28,144,56,60,116,260
06/03/2008,MQY,TN,ASO,CE,Federal Contract Tower,0,2,30,5,37,0,0,67,9,76,0,2,97,14,113,60,8,68,181
06/04/2008,MQY,TN,ASO,CE,Federal Contract Tower,0,2,42,12,56,0,1,53,16,70,0,3,95,28,126,42,6,48,174
06/05/2008,MQY,TN,ASO,CE,Federal Contract Tower,0,3,46,9,58,0,0,78,25,103,0,3,124,34,161,114,12,126,287
06/06/2008,MQY,TN,ASO,CE,Federal Contract Tower,4,4,47,11,66,0,2,64,14,80,4,6,111,25,146,46,0,46,192
06/07/2008,MQY,TN,ASO,CE,Federal Contract Tower,3,9,47,0,59,0,0,80,5,85,3,9,127,5,144,54,0,54,198
06/08/2008,MQY,TN,ASO,CE,Federal Contract Tower,0,2,27,2,31,0,0,55,5,60,0,2,82,7,91,20,0,20,111
06/09/2008,MQY,TN,ASO,CE,Federal Contract Tower,0,4,54,0,58,0,1,70,4,75,0,5,124,4,133,58,0,58,191
06/10/2008,MQY,TN,ASO,CE,Federal Contract Tower,0,2,44,2,48,0,0,77,4,81,0,2,121,6,129,88,0,88,217
06/11/2008,MQY,TN,ASO,CE,Federal Contract Tower,0,4,38,1,43,0,0,103,6,109,0,4,141,7,152,62,0,62,214
06/12/2008,MQY,TN,ASO,CE,Federal Contract Tower,0,1,50,14,65,0,0,79,19,98,0,1,129,33,163,56,20,76,239
06/13/2008,MQY,TN,ASO,CE,Federal Contract Tower,0,4,49,3,56,0,0,40,7,47,0,4,89,10,103,16,0,16,119
06/14/2008,MQY,TN,ASO,CE,Federal Contract Tower,0,3,28,0,31,0,0,30,0,30,0,3,58,0,61,6,0,6,67
06/15/2008,MQY,TN,ASO,CE,Federal Contract Tower,0,1,26,0,27,0,0,57,0,57,0,1,83,0,84,76,0,76,160
06/16/2008,MQY,TN,ASO,CE,Federal Contract Tower,0,0,48,2,50,0,1,66,11,78,0,1,114,13,128,94,0,94,222
06/17/2008,MQY,TN,ASO,CE,Federal Contract Tower,0,4,63,2,69,0,0,84,12,96,0,4,147,14,165,54,0,54,219
06/18/2008,MQY,TN,ASO,CE,Federal Contract Tower,0,2,109,3,114,0,0,27,6,33,0,2,136,9,147,104,0,104,251
06/19/2008,MQY,TN,ASO,CE,Federal Contract Tower,0,1,51,1,53,0,4,86,16,106,0,5,137,17,159,78,16,94,253
06/20/2008,MQY,TN,ASO,CE,Federal Contract Tower,0,4,47,7,58,0,0,102,11,113,0,4,149,18,171,62,0,62,233
06/21/2008,MQY,TN,ASO,CE,Federal Contract Tower,0,0,23,6,29,0,0,52,10,62,0,0,75,16,91,44,6,50,141
06/22/2008,MQY,TN,ASO,CE,Federal Contract Tower,0,0,28,9,37,0,0,88,10,98,0,0,116,19,135,50,16,66,201
06/23/2008,MQY,TN,ASO,CE,Federal Contract Tower,0,8,46,1,55,0,0,67,4,71,0,8,113,5,126,86,10,96,222
06/24/2008,MQY,TN,ASO,CE,Federal Contract Tower,0,2,35,2,39,0,0,78,8,86,0,2,113,10,125,48,4,52,177
06/25/2008,MQY,TN,ASO,CE,Federal Contract Tower,0,6,41,4,51,0,0,80,10,90,0,6,121,14,141,104,6,110,251
06/26/2008,MQY,TN,ASO,CE,Federal Contract Tower,0,3,50,2,55,0,3,60,8,71,0,6,110,10,126,38,6,44,170
06/27/2008,MQY,TN,ASO,CE,Federal Contract Tower,0,11,36,14,61,0,0,44,16,60,0,11,80,30,121,6,0,6,127
06/28/2008,MQY,TN,ASO,CE,Federal Contract Tower,0,2,27,0,29,0,0,72,5,77,0,2,99,5,106,46,0,46,152
06/29/2008,MQY,TN,ASO,CE,Federal Contract Tower,0,0,24,0,24,0,1,12,4,17,0,1,36,4,41,6,0,6,47
06/30/2008,MQY,TN,ASO,CE,Federal Contract Tower,0,0,37,1,38,0,0,56,5,61,0,0,93,6,99,30,0,30,129
07/01/2008,MQY,TN,ASO,CE,Federal Contract Tower,0,0,48,0,48,0,2,124,10,136,0,2,172,10,184,50,2,52,236
07/02/2008,MQY,TN,ASO,CE,Federal Contract Tower,0,2,35,8,45,0,5,71,8,84,0,7,106,16,129,44,4,48,177
07/03/2008,MQY,TN,ASO,CE,Federal Contract Tower,0,0,36,6,42,0,0,89,3,92,0,0,125,9,134,50,0,50,184
07/04/2008,MQY,TN,ASO,CE,Federal Contract Tower,0,2,13,0,15,0,0,13,0,13,0,2,26,0,28,0,0,0,28
07/05/2008,MQY,TN,ASO,CE,Federal Contract Tower,0,10,12,0,22,0,0,32,3,35,0,10,44,3,57,30,0,30,87
07/06/2008,MQY,TN,ASO,CE,Federal Contract Tower,0,0,8,0,8,0,0,61,0,61,0,0,69,0,69,60,0,60,129
07/07/2008,MQY,TN,ASO,CE,Federal Contract Tower,0,1,22,2,25,0,0,56,6,62,0,1,78,8,87,90,0,90,177
07/08/2008,MQY,TN,ASO,CE,Federal Contract Tower,0,1,41,5,47,0,1,84,11,96,0,2,125,16,143,84,0,84,227
07/09/2008,MQY,TN,ASO,CE,Federal Contract Tower,0,11,22,1,34,0,0,0,0,0,0,11,22,1,34,6,0,6,40
07/10/2008,MQY,TN,ASO,CE,Federal Contract Tower,0,3,54,17,74,0,0,23,15,38,0,3,77,32,112,42,26,68,180
07/11/2008,MQY,TN,ASO,CE,Federal Contract Tower,0,0,47,15,62,0,0,50,10,60,0,0,97,25,122,50,0,50,172
07/12/2008,MQY,TN,ASO,CE,Federal Contract Tower,0,3,17,3,23,0,0,51,11,62,0,3,68,14,85,14,32,46,131
07/13/2008,MQY,TN,ASO,CE,Federal Contract Tower,0,0,30,8,38,0,0,18,3,21,0,0,48,11,59,8,0,8,67
07/14/2008,MQY,TN,ASO,CE,Federal Contract Tower,0,0,36,4,40,0,0,61,7,68,0,0,97,11,108,54,0,54,162
07/15/2008,MQY,TN,ASO,CE,Federal Contract Tower,0,6,35,0,41,0,0,80,9,89,0,6,115,9,130,56,0,56,186
07/16/2008,MQY,TN,ASO,CE,Federal Contract Tower,0,1,37,3,41,0,0,95,12,107,0,1,132,15,148,72,6,78,226
07/17/2008,MQY,TN,ASO,CE,Federal Contract Tower,0,3,37,3,43,0,3,44,3,50,0,6,81,6,93,64,0,64,157
07/18/2008,MQY,TN,ASO,CE,Federal Contract Tower,0,0,50,10,60,0,0,46,11,57,0,0,96,21,117,22,4,26,143
07/19/2008,MQY,TN,ASO,CE,Federal Contract Tower,0,2,33,2,37,0,0,54,8,62,0,2,87,10,99,60,0,60,159
07/20/2008,MQY,TN,ASO,CE,Federal Contract Tower,0,2,24,2,28,0,0,69,17,86,0,2,93,19,114,98,0,98,212
07/21/2008,MQY,TN,ASO,CE,Federal Contract Tower,0,0,31,2,33,0,1,90,6,97,0,1,121,8,130,116,0,116,246
07/22/2008,MQY,TN,ASO,CE,Federal Contract Tower,0,5,31,1,37,0,0,84,13,97,0,5,115,14,134,138,0,138,272
07/23/2008,MQY,TN,ASO,CE,Federal Contract Tower,0,2,33,6,41,0,0,88,6,94,0,2,121,12,135,66,0,66,201
07/24/2008,MQY,TN,ASO,CE,Federal Contract Tower,0,2,43,7,52,0,2,68,12,82,0,4,111,19,134,70,18,88,222
07/25/2008,MQY,TN,ASO,CE,Federal Contract Tower,0,0,39,6,45,0,0,27,2,29,0,0,66,8,74,26,2,28,102
07/26/2008,MQY,TN,ASO,CE,Federal Contract Tower,0,1,15,1,17,0,0,43,0,43,0,1,58,1,60,118,0,118,178
07/27/2008,MQY,TN,ASO,CE,Federal Contract Tower,0,1,24,2,27,0,0,34,0,34,0,1,58,2,61,50,0,50,111
07/28/2008,MQY,TN,ASO,CE,Federal Contract Tower,0,0,29,7,36,0,0,88,15,103,0,0,117,22,139,98,20,118,257
07/29/2008,MQY,TN,ASO,CE,Federal Contract Tower,0,1,39,2,42,0,0,77,6,83,0,1,116,8,125,110,8,118,243
07/30/2008,MQY,TN,ASO,CE,Federal Contract Tower,0,0,36,2,38,0,0,80,3,83,0,0,116,5,121,76,0,76,197
07/31/2008,MQY,TN,ASO,CE,Federal Contract Tower,0,2,22,4,28,0,0,47,18,65,0,2,69,22,93,40,0,40,133
08/01/2008,MQY,TN,ASO,CE,Federal Contract Tower,0,0,33,14,47,0,0,50,18,68,0,0,83,32,115,2,16,18,133
08/02/2008,MQY,TN,ASO,CE,Federal Contract Tower,0,0,22,0,22,0,0,67,3,70,0,0,89,3,92,140,0,140,232
08/03/2008,MQY,TN,ASO,CE,Federal Contract Tower,0,0,29,0,29,0,0,75,0,75,0,0,104,0,104,126,0,126,230
08/04/2008,MQY,TN,ASO,CE,Federal Contract Tower,0,3,28,5,36,0,0,70,3,73,0,3,98,8,109,58,0,58,167
08/05/2008,MQY,TN,ASO,CE,Federal Contract Tower,0,4,25,3,32,0,0,80,13,93,0,4,105,16,125,78,0,78,203
08/06/2008,MQY,TN,ASO,CE,Federal Contract Tower,0,0,28,8,36,0,0,52,11,63,0,0,80,19,99,47,6,53,152
08/07/2008,MQY,TN,ASO,CE,Federal Contract Tower,0,7,22,5,34,0,0,40,9,49,0,7,62,14,83,94,2,96,179
08/08/2008,MQY,TN,ASO,CE,Federal Contract Tower,1,2,36,10,49,0,0,70,11,81,1,2,106,21,130,52,28,80,210
08/09/2008,MQY,TN,ASO,CE,Federal Contract Tower,0,8,28,6,42,0,2,99,2,103,0,10,127,8,145,58,16,74,219
08/10/2008,MQY,TN,ASO,CE,Federal Contract Tower,0,8,18,5,31,0,0,48,7,55,0,8,66,12,86,54,0,54,140
08/11/2008,MQY,TN,ASO,CE,Federal Contract Tower,0,2,35,6,43,0,0,57,4,61,0,2,92,10,104,10,16,26,130
08/12/2008,MQY,TN,ASO,CE,Federal Contract Tower,0,2,24,3,29,0,0,54,13,67,0,2,78,16,96,52,0,52,148
08/13/2008,MQY,TN,ASO,CE,Federal Contract Tower,0,2,36,15,53,0,1,87,19,107,0,3,123,34,160,74,30,104,264
08/14/2008,MQY,TN,ASO,CE,Federal Contract Tower,0,5,30,6,41,0,0,70,13,83,0,5,100,19,124,88,0,88,212
08/15/2008,MQY,TN,ASO,CE,Federal Contract Tower,0,3,26,15,44,0,0,67,14,81,0,3,93,29,125,74,4,78,203
08/16/2008,MQY,TN,ASO,CE,Federal Contract Tower,0,0,16,0,16,0,0,42,4,46,0,0,58,4,62,60,0,60,122
08/17/2008,MQY,TN,ASO,CE,Federal Contract Tower,0,0,18,10,28,0,0,70,6,76,0,0,88,16,104,74,0,74,178
08/18/2008,MQY,TN,ASO,CE,Federal Contract Tower,0,0,28,0,28,0,0,68,4,72,0,0,96,4,100,74,0,74,174
08/19/2008,MQY,TN,ASO,CE,Federal Contract Tower,0,5,27,4,36,0,1,87,13,101,0,6,114,17,137,62,0,62,199
08/20/2008,MQY,TN,ASO,CE,Federal Contract Tower,0,4,21,10,35,0,0,55,15,70,0,4,76,25,105,10,6,16,121
08/21/2008,MQY,TN,ASO,CE,Federal Contract Tower,0,1,30,13,44,0,0,50,22,72,0,1,80,35,116,30,14,44,160
08/22/2008,MQY,TN,ASO,CE,Federal Contract Tower,0,3,32,7,42,0,0,48,6,54,0,3,80,13,96,12,0,12,108
08/23/2008,MQY,TN,ASO,CE,Federal Contract Tower,0,0,16,0,16,0,0,67,0,67,0,0,83,0,83,116,0,116,199
08/24/2008,MQY,TN,ASO,CE,Federal Contract Tower,0,0,26,0,26,0,0,40,0,40,0,0,66,0,66,36,0,36,102
08/25/2008,MQY,TN,ASO,CE,Federal Contract Tower,0,0,35,7,42,0,0,6,1,7,0,0,41,8,49,0,6,6,55
08/26/2008,MQY,TN,ASO,CE,Federal Contract Tower,0,1,35,6,42,0,0,0,2,2,0,1,35,8,44,0,14,14,58
08/27/2008,MQY,TN,ASO,CE,Federal Contract Tower,0,2,44,15,61,0,0,47,5,52,0,2,91,20,113,54,34,88,201
08/28/2008,MQY,TN,ASO,CE,Federal Contract Tower,0,0,38,8,46,0,0,113,31,144,0,0,151,39,190,56,2,58,248
08/29/2008,MQY,TN,ASO,CE,Federal Contract Tower,0,0,42,4,46,0,0,45,6,51,0,0,87,10,97,22,0,22,119
08/30/2008,MQY,TN,ASO,CE,Federal Contract Tower,0,1,31,0,32,0,0,76,0,76,0,1,107,0,108,96,0,96,204
08/31/2008,MQY,TN,ASO,CE,Federal Contract Tower,0,1,8,19,28,0,0,52,54,106,0,1,60,73,134,10,0,10,144
09/01/2008,MQY,TN,ASO,CE,Federal Contract Tower,0,0,28,0,28,0,0,38,4,42,0,0,66,4,70,46,0,46,116
09/02/2008,MQY,TN,ASO,CE,Federal Contract Tower,0,1,35,12,48,0,0,62,42,104,0,1,97,54,152,124,24,148,300
09/03/2008,MQY,TN,ASO,CE,Federal Contract Tower,0,1,29,9,39,0,2,69,8,79,0,3,98,17,118,18,0,18,136
09/04/2008,MQY,TN,ASO,CE,Federal Contract Tower,0,12,16,16,44,0,2,36,5,43,0,14,52,21,87,0,44,44,131
09/05/2008,MQY,TN,ASO,CE,Federal Contract Tower,0,4,32,4,40,0,0,17,2,19,0,4,49,6,59,4,0,4,63
09/06/2008,MQY,TN,ASO,CE,Federal Contract Tower,0,0,36,0,36,0,0,32,4,36,0,0,68,4,72,46,0,46,118
09/07/2008,MQY,TN,ASO,CE,Federal Contract Tower,0,0,27,4,31,0,0,57,8,65,0,0,84,12,96,108,2,110,206
09/08/2008,MQY,TN,ASO,CE,Federal Contract Tower,0,0,36,5,41,0,0,62,10,72,0,0,98,15,113,64,28,92,205
09/09/2008,MQY,TN,ASO,CE,Federal Contract Tower,0,3,46,4,53,0,0,56,8,64,0,3,102,12,117,96,62,158,275
09/10/2008,MQY,TN,ASO,CE,Federal Contract Tower,0,4,36,8,48,0,0,52,11,63,0,4,88,19,111,108,42,150,261
09/11/2008,MQY,TN,ASO,CE,Federal Contract Tower,0,0,31,8,39,0,0,0,0,0,0,0,31,8,39,76,84,160,199
09/12/2008,MQY,TN,ASO,CE,Federal Contract Tower,0,3,43,17,63,0,1,57,4,62,0,4,100,21,125,62,24,86,211
09/13/2008,MQY,TN,ASO,CE,Federal Contract Tower,0,0,13,1,14,0,0,59,0,59,0,0,72,1,73,100,0,100,173
09/14/2008,MQY,TN,ASO,CE,Federal Contract Tower,0,0,13,0,13,0,0,2,0,2,0,0,15,0,15,0,0,0,15
09/15/2008,MQY,TN,ASO,CE,Federal Contract Tower,0,1,44,14,59,0,0,47,4,51,0,1,91,18,110,28,0,28,138
09/16/2008,MQY,TN,ASO,CE,Federal Contract Tower,0,1,32,1,34,0,0,62,0,62,0,1,94,1,96,110,0,110,206
09/17/2008,MQY,TN,ASO,CE,Federal Contract Tower,0,0,42,5,47,0,0,94,8,102,0,0,136,13,149,124,32,156,305
09/18/2008,MQY,TN,ASO,CE,Federal Contract Tower,0,1,22,2,25,0,0,64,0,64,0,1,86,2,89,60,0,60,149
09/19/2008,MQY,TN,ASO,CE,Federal Contract Tower,0,5,41,8,54,0,0,82,2,84,0,5,123,10,138,78,0,78,216
09/20/2008,MQY,TN,ASO,CE,Federal Contract Tower,0,1,26,1,28,0,0,86,0,86,0,1,112,1,114,94,0,94,208
09/21/2008,MQY,TN,ASO,CE,Federal Contract Tower,0,1,33,4,38,0,0,42,0,42,0,1,75,4,80,54,0,54,134
09/22/2008,MQY,TN,ASO,CE,Federal Contract Tower,0,0,27,1,28,0,0,52,1,53,0,0,79,2,81,80,0,80,161
09/23/2008,MQY,TN,ASO,CE,Federal Contract Tower,0,0,16,1,17,0,0,66,0,66,0,0,82,1,83,86,0,86,169
09/24/2008,MQY,TN,ASO,CE,Federal Contract Tower,0,1,32,0,33,0,0,101,0,101,0,1,133,0,134,190,0,190,324
09/25/2008,MQY,TN,ASO,CE,Federal Contract Tower,2,1,50,0,53,0,0,69,1,70,2,1,119,1,123,94,20,114,237
09/26/2008,MQY,TN,ASO,CE,Federal Contract Tower,0,1,50,11,62,0,0,65,2,67,0,1,115,13,129,48,4,52,181
09/27/2008,MQY,TN,ASO,CE,Federal Contract Tower,0,0,41,1,42,0,0,86,2,88,0,0,127,3,130,70,0,70,200
09/28/2008,MQY,TN,ASO,CE,Federal Contract Tower,0,0,36,2,38,0,0,54,0,54,0,0,90,2,92,60,0,60,152
09/29/2008,MQY,TN,ASO,CE,Federal Contract Tower,0,0,28,13,41,0,0,56,2,58,0,0,84,15,99,114,32,146,245
09/30/2008,MQY,TN,ASO,CE,Federal Contract Tower,0,1,45,4,50,0,2,58,4,64,0,3,103,8,114,76,0,76,190
10/01/2008,MQY,TN,ASO,CE,Federal Contract Tower,0,2,38,14,54,0,0,69,6,75,0,2,107,20,129,46,0,46,175
10/02/2008,MQY,TN,ASO,CE,Federal Contract Tower,0,1,55,1,57,0,0,59,5,64,0,1,114,6,121,68,16,84,205
10/03/2008,MQY,TN,ASO,CE,Federal Contract Tower,0,9,38,0,47,0,0,59,8,67,0,9,97,8,114,66,2,68,182
10/04/2008,MQY,TN,ASO,CE,Federal Contract Tower,0,4,22,5,31,0,0,69,22,91,0,4,91,27,122,56,4,60,182
10/05/2008,MQY,TN,ASO,CE,Federal Contract Tower,0,2,25,12,39,0,1,71,7,79,0,3,96,19,118,90,6,96,214
10/06/2008,MQY,TN,ASO,CE,Federal Contract Tower,0,3,36,3,42,0,0,51,8,59,0,3,87,11,101,92,12,104,205
10/07/2008,MQY,TN,ASO,CE,Federal Contract Tower,0,0,20,0,20,0,0,13,6,19,0,0,33,6,39,24,54,78,117
10/08/2008,MQY,TN,ASO,CE,Federal Contract Tower,0,0,50,7,57,0,0,35,16,51,0,0,85,23,108,58,22,80,188
10/09/2008,MQY,TN,ASO,CE,Federal Contract Tower,0,5,48,6,59,0,0,67,24,91,0,5,115,30,150,76,12,88,238
10/10/2008,MQY,TN,ASO,CE,Federal Contract Tower,2,0,40,1,43,0,0,64,11,75,2,0,104,12,118,76,0,76,194
10/11/2008,MQY,TN,ASO,CE,Federal Contract Tower,0,0,17,0,17,0,0,79,0,79,0,0,96,0,96,62,0,62,158
10/12/2008,MQY,TN,ASO,CE,Federal Contract Tower,0,1,33,0,34,0,0,46,0,46,0,1,79,0,80,42,0,42,122
10/13/2008,MQY,TN,ASO,CE,Federal Contract Tower,0,5,46,0,51,0,0,78,0,78,0,5,124,0,129,168,0,168,297
10/14/2008,MQY,TN,ASO,CE,Federal Contract Tower,0,2,30,4,36,0,0,72,5,77,0,2,102,9,113,132,0,132,245
10/15/2008,MQY,TN,ASO,CE,Federal Contract Tower,0,2,58,2,62,0,0,88,14,102,0,2,146,16,164,72,20,92,256
10/16/2008,MQY,TN,ASO,CE,Federal Contract Tower,0,3,77,11,91,0,0,3,4,7,0,3,80,15,98,2,0,2,100
10/17/2008,MQY,TN,ASO,CE,Federal Contract Tower,2,1,39,8,50,0,0,48,10,58,2,1,87,18,108,20,6,26,134
10/18/2008,MQY,TN,ASO,CE,Federal Contract Tower,0,0,20,1,21,0,0,76,12,88,0,0,96,13,109,92,0,92,201
10/19/2008,MQY,TN,ASO,CE,Federal Contract Tower,0,0,30,0,30,0,0,66,2,68,0,0,96,2,98,106,0,106,204
10/20/2008,MQY,TN,ASO,CE,Federal Contract Tower,0,2,37,6,45,0,0,64,1,65,0,2,101,7,110,82,0,82,192
10/21/2008,MQY,TN,ASO,CE,Federal Contract Tower,0,0,57,8,65,0,0,80,22,102,0,0,137,30,167,86,15,101,268
10/22/2008,MQY,TN,ASO,CE,Federal Contract Tower,0,0,21,6,27,0,0,75,36,111,0,0,96,42,138,92,16,108,246
10/23/2008,MQY,TN,ASO,CE,Federal Contract Tower,0,0,31,11,42,0,0,53,27,80,0,0,84,38,122,70,42,112,234
10/24/2008,MQY,TN,ASO,CE,Federal Contract Tower,0,2,24,3,29,0,0,1,0,1,0,2,25,3,30,2,0,2,32
10/25/2008,MQY,TN,ASO,CE,Federal Contract Tower,0,1,49,0,50,0,0,77,0,77,0,1,126,0,127,102,0,102,229
10/26/2008,MQY,TN,ASO,CE,Federal Contract Tower,0,0,25,0,25,0,0,103,2,105,0,0,128,2,130,100,0,100,230
10/27/2008,MQY,TN,ASO,CE,Federal Contract Tower,0,0,50,1,51,0,0,60,3,63,0,0,110,4,114,34,0,34,148
10/28/2008,MQY,TN,ASO,CE,Federal Contract Tower,0,0,37,7,44,0,0,57,17,74,0,0,94,24,118,92,54,146,264
10/29/2008,MQY,TN,ASO,CE,Federal Contract Tower,2,9,69,6,86,0,0,59,22,81,2,9,128,28,167,86,34,120,287
10/30/2008,MQY,TN,ASO,CE,Federal Contract Tower,0,1,43,14,58,0,1,80,14,95,0,2,123,28,153,144,16,160,313
10/31/2008,MQY,TN,ASO,CE,Federal Contract Tower,0,2,37,7,46,0,0,89,7,96,0,2,126,14,142,90,8,98,240
11/01/2008,MQY,TN,ASO,CE,Federal Contract Tower,0,1,25,0,26,0,0,93,0,93,0,1,118,0,119,104,0,104,223
11/02/2008,MQY,TN,ASO,CE,Federal Contract Tower,0,2,30,0,32,0,0,83,0,83,0,2,113,0,115,166,0,166,281
11/03/2008,MQY,TN,ASO,CE,Federal Contract Tower,0,0,29,8,37,0,0,76,8,84,0,0,105,16,121,110,18,128,249
11/04/2008,MQY,TN,ASO,CE,Federal Contract Tower,0,2,39,18,59,0,0,90,32,122,0,2,129,50,181,156,38,194,375
11/05/2008,MQY,TN,ASO,CE,Federal Contract Tower,0,2,35,4,41,0,0,91,14,105,0,2,126,18,146,172,16,188,334
11/06/2008,MQY,TN,ASO,CE,Federal Contract Tower,0,0,26,13,39,0,1,68,23,92,0,1,94,36,131,124,26,150,281
11/07/2008,MQY,TN,ASO,CE,Federal Contract Tower,0,0,45,5,50,0,0,43,7,50,0,0,88,12,100,24,2,26,126
11/08/2008,MQY,TN,ASO,CE,Federal Contract Tower,0,1,17,5,23,0,0,74,23,97,0,1,91,28,120,84,54,138,258
11/09/2008,MQY,TN,ASO,CE,Federal Contract Tower,0,1,37,1,39,0,0,41,30,71,0,1,78,31,110,88,14,102,212
11/10/2008,MQY,TN,ASO,CE,Federal Contract Tower,0,3,41,0,44,0,0,79,0,79,0,3,120,0,123,64,4,68,191
11/11/2008,MQY,TN,ASO,CE,Federal Contract Tower,0,3,16,2,21,0,0,62,13,75,0,3,78,15,96,80,4,84,180
11/12/2008,MQY,TN,ASO,CE,Federal Contract Tower,0,0,31,3,34,0,0,20,3,23,0,0,51,6,57,33,12,45,102
11/13/2008,MQY,TN,ASO,CE,Federal Contract Tower,1,0,55,12,68,0,0,11,9,20,1,0,66,21,88,8,0,8,96
11/14/2008,MQY,TN,ASO,CE,Federal Contract Tower,0,0,48,9,57,0,0,37,14,51,0,0,85,23,108,16,12,28,136
11/15/2008,MQY,TN,ASO,CE,Federal Contract Tower,0,1,25,0,26,0,0,6,5,11,0,1,31,5,37,0,30,30,67
11/16/2008,MQY,TN,ASO,CE,Federal Contract Tower,0,0,28,0,28,0,0,60,0,60,0,0,88,0,88,54,0,54,142
11/17/2008,MQY,TN,ASO,CE,Federal Contract Tower,0,0,34,2,36,0,1,44,5,50,0,1,78,7,86,104,0,104,190
11/18/2008,MQY,TN,ASO,CE,Federal Contract Tower,0,0,32,7,39,0,0,76,33,109,0,0,108,40,148,72,12,84,232
11/19/2008,MQY,TN,ASO,CE,Federal Contract Tower,0,0,32,27,59,0,0,89,35,124,0,0,121,62,183,50,36,86,269
11/20/2008,MQY,TN,ASO,CE,Federal Contract Tower,0,1,44,21,66,0,0,73,27,100,0,1,117,48,166,76,59,135,301
11/21/2008,MQY,TN,ASO,CE,Federal Contract Tower,0,0,63,12,75,0,2,77,6,85,0,2,140,18,160,56,12,68,228
11/22/2008,MQY,TN,ASO,CE,Federal Contract Tower,29,0,0,0,29,0,0,81,9,90,29,0,81,9,119,108,0,108,227
11/23/2008,MQY,TN,ASO,CE,Federal Contract Tower,0,0,23,9,32,0,0,54,5,59,0,0,77,14,91,42,0,42,133
11/24/2008,MQY,TN,ASO,CE,Federal Contract Tower,0,2,28,0,30,0,0,1,0,1,0,2,29,0,31,0,0,0,31
11/25/2008,MQY,TN,ASO,CE,Federal Contract Tower,0,0,40,14,54,0,0,53,17,70,0,0,93,31,124,138,38,176,300
11/26/2008,MQY,TN,ASO,CE,Federal Contract Tower,0,0,49,3,52,0,0,67,10,77,0,0,116,13,129,92,50,142,271
11/27/2008,MQY,TN,ASO,CE,Federal Contract Tower,0,2,5,0,7,0,0,29,0,29,0,2,34,0,36,4,0,4,40
11/28/2008,MQY,TN,ASO,CE,Federal Contract Tower,0,1,38,0,39,0,0,69,0,69,0,1,107,0,108,46,0,46,154
11/29/2008,MQY,TN,ASO,CE,Federal Contract Tower,0,1,27,0,28,0,0,29,0,29,0,1,56,0,57,32,0,32,89
11/30/2008,MQY,TN,ASO,CE,Federal Contract Tower,0,2,24,0,26,0,0,1,0,1,0,2,25,0,27,0,0,0,27
12/01/2008,MQY,TN,ASO,CE,Federal Contract Tower,1,2,12,16,31,0,0,7,6,13,1,2,19,22,44,22,58,80,124
12/02/2008,MQY,TN,ASO,CE,Federal Contract Tower,1,1,36,11,49,0,0,74,17,91,1,1,110,28,140,92,58,150,290
12/03/2008,MQY,TN,ASO,CE,Federal Contract Tower,0,0,34,13,47,0,0,42,34,76,0,0,76,47,123,42,36,78,201
12/04/2008,MQY,TN,ASO,CE,Federal Contract Tower,0,0,30,13,43,0,0,19,14,33,0,0,49,27,76,36,43,79,155
12/05/2008,MQY,TN,ASO,CE,Federal Contract Tower,0,0,44,4,48,0,0,49,18,67,0,0,93,22,115,56,4,60,175
12/06/2008,MQY,TN,ASO,CE,Federal Contract Tower,0,10,20,0,30,0,0,63,0,63,0,10,83,0,93,58,0,58,151
12/07/2008,MQY,TN,ASO,CE,Federal Contract Tower,0,14,18,0,32,0,0,34,3,37,0,14,52,3,69,16,0,16,85
12/08/2008,MQY,TN,ASO,CE,Federal Contract Tower,0,0,34,17,51,0,1,64,12,77,0,1,98,29,128,96,64,160,288
12/09/2008,MQY,TN,ASO,CE,Federal Contract Tower,0,0,13,0,13,0,0,12,2,14,0,0,25,2,27,40,2,42,69
12/10/2008,MQY,TN,ASO,CE,Federal Contract Tower,0,5,29,0,34,0,0,0,0,0,0,5,29,0,34,0,0,0,34
12/11/2008,MQY,TN,ASO,CE,Federal Contract Tower,0,0,16,0,16,0,0,0,0,0,0,0,16,0,16,0,0,0,16
12/12/2008,MQY,TN,ASO,CE,Federal Contract Tower,0,0,44,5,49,0,0,51,23,74,0,0,95,28,123,60,32,92,215
12/13/2008,MQY,TN,ASO,CE,Federal Contract Tower,0,2,22,0,24,0,0,63,5,68,0,2,85,5,92,56,0,56,148
12/14/2008,MQY,TN,ASO,CE,Federal Contract Tower,0,0,9,1,10,0,0,8,3,11,0,0,17,4,21,2,0,2,23
12/15/2008,MQY,TN,ASO,CE,Federal Contract Tower,0,0,11,3,14,0,0,0,0,0,0,0,11,3,14,0,0,0,14
12/16/2008,MQY,TN,ASO,CE,Federal Contract Tower,0,3,18,6,27,0,0,2,0,2,0,3,20,6,29,0,0,0,29
12/17/2008,MQY,TN,ASO,CE,Federal Contract Tower,0,0,20,0,20,0,0,0,0,0,0,0,20,0,20,0,0,0,20
12/18/2008,MQY,TN,ASO,CE,Federal Contract Tower,0,0,57,0,57,0,0,0,0,0,0,0,57,0,57,0,0,0,57
12/19/2008,MQY,TN,ASO,CE,Federal Contract Tower,0,1,28,0,29,0,0,31,1,32,0,1,59,1,61,28,0,28,89
12/20/2008,MQY,TN,ASO,CE,Federal Contract Tower,0,0,14,0,14,0,0,41,0,41,0,0,55,0,55,54,0,54,109
12/21/2008,MQY,TN,ASO,CE,Federal Contract Tower,0,0,3,0,3,0,0,18,0,18,0,0,21,0,21,20,0,20,41
12/22/2008,MQY,TN,ASO,CE,Federal Contract Tower,0,0,24,0,24,0,0,57,4,61,0,0,81,4,85,38,0,38,123
12/23/2008,MQY,TN,ASO,CE,Federal Contract Tower,0,0,16,0,16,0,0,11,2,13,0,0,27,2,29,10,10,20,49
12/24/2008,MQY,TN,ASO,CE,Federal Contract Tower,0,0,7,0,7,0,0,0,0,0,0,0,7,0,7,0,0,0,7
12/25/2008,MQY,TN,ASO,CE,Federal Contract Tower,0,0,8,0,8,0,0,7,0,7,0,0,15,0,15,0,0,0,15
12/26/2008,MQY,TN,ASO,CE,Federal Contract Tower,0,0,11,0,11,0,0,1,0,1,0,0,12,0,12,18,0,18,30
12/27/2008,MQY,TN,ASO,CE,Federal Contract Tower,0,2,11,0,13,0,0,10,0,10,0,2,21,0,23,0,0,0,23
12/28/2008,MQY,TN,ASO,CE,Federal Contract Tower,0,0,25,0,25,0,0,53,0,53,0,0,78,0,78,92,0,92,170
12/29/2008,MQY,TN,ASO,CE,Federal Contract Tower,0,0,25,1,26,0,0,86,3,89,0,0,111,4,115,102,0,102,217
12/30/2008,MQY,TN,ASO,CE,Federal Contract Tower,0,7,47,1,55,0,0,90,14,104,0,7,137,15,159,160,0,160,319
12/31/2008,MQY,TN,ASO,CE,Federal Contract Tower,0,0,19,0,19,0,0,60,6,66,0,0,79,6,85,46,6,52,137
01/01/2009,MQY,TN,ASO,CE,Federal Contract Tower,0,1,12,0,13,0,0,35,0,35,0,1,47,0,48,26,0,26,74
01/02/2009,MQY,TN,ASO,CE,Federal Contract Tower,0,0,14,0,14,0,0,46,0,46,0,0,60,0,60,56,0,56,116
01/03/2009,MQY,TN,ASO,CE,Federal Contract Tower,0,0,21,0,21,0,0,0,0,0,0,0,21,0,21,0,0,0,21
01/04/2009,MQY,TN,ASO,CE,Federal Contract Tower,0,2,21,0,23,0,0,6,0,6,0,2,27,0,29,0,0,0,29
01/05/2009,MQY,TN,ASO,CE,Federal Contract Tower,0,1,26,14,41,0,0,0,0,0,0,1,26,14,41,0,0,0,41
01/06/2009,MQY,TN,ASO,CE,Federal Contract Tower,0,0,11,1,12,0,0,0,0,0,0,0,11,1,12,0,0,0,12
01/07/2009,MQY,TN,ASO,CE,Federal Contract Tower,0,0,20,0,20,0,0,26,3,29,0,0,46,3,49,22,0,22,71
01/08/2009,MQY,TN,ASO,CE,Federal Contract Tower,0,0,31,8,39,0,0,70,20,90,0,0,101,28,129,102,10,112,241
01/09/2009,MQY,TN,ASO,CE,Federal Contract Tower,0,0,31,8,39,0,94,21,0,115,0,94,52,8,154,74,18,92,246
01/10/2009,MQY,TN,ASO,CE,Federal Contract Tower,0,4,15,5,24,0,0,2,0,2,0,4,17,5,26,0,0,0,26
01/11/2009,MQY,TN,ASO,CE,Federal Contract Tower,0,11,26,2,39,0,0,23,9,32,0,11,49,11,71,50,38,88,159
01/12/2009,MQY,TN,ASO,CE,Federal Contract Tower,0,0,29,10,39,0,0,51,12,63,0,0,80,22,102,48,14,62,164
01/13/2009,MQY,TN,ASO,CE,Federal Contract Tower,0,0,18,8,26,0,0,26,11,37,0,0,44,19,63,0,44,44,107
01/14/2009,MQY,TN,ASO,CE,Federal Contract Tower,0,1,36,4,41,0,0,53,11,64,0,1,89,15,105,48,24,72,177
01/15/2009,MQY,TN,ASO,CE,Federal Contract Tower,0,0,17,2,19,0,0,28,12,40,0,0,45,14,59,2,0,2,61
01/16/2009,MQY,TN,ASO,CE,Federal Contract Tower,0,1,34,1,36,0,0,40,6,46,0,1,74,7,82,60,6,66,148
01/17/2009,MQY,TN,ASO,CE,Federal Contract Tower,0,2,11,7,20,0,9,22,0,31,0,11,33,7,51,60,0,60,111
01/18/2009,MQY,TN,ASO,CE,Federal Contract Tower,0,0,19,0,19,0,0,48,1,49,0,0,67,1,68,48,0,48,116
01/19/2009,MQY,TN,ASO,CE,Federal Contract Tower,0,0,26,0,26,0,0,15,0,15,0,0,41,0,41,24,0,24,65
01/20/2009,MQY,TN,ASO,CE,Federal Contract Tower,0,0,10,5,15,0,0,25,5,30,0,0,35,10,45,38,30,68,113
01/21/2009,MQY,TN,ASO,CE,Federal Contract Tower,0,1,25,4,30,0,0,64,17,81,0,1,89,21,111,76,54,130,241
01/22/2009,MQY,TN,ASO,CE,Federal Contract Tower,0,1,24,1,26,0,0,65,19,84,0,1,89,20,110,56,12,68,178
01/23/2009,MQY,TN,ASO,CE,Federal Contract Tower,0,2,25,9,36,0,0,29,19,48,0,2,54,28,84,16,0,16,100
01/24/2009,MQY,TN,ASO,CE,Federal Contract Tower,0,0,33,2,35,0,0,56,24,80,0,0,89,26,115,70,30,100,215
01/25/2009,MQY,TN,ASO,CE,Federal Contract Tower,0,0,34,6,40,0,0,36,11,47,0,0,70,17,87,112,0,112,199
01/26/2009,MQY,TN,ASO,CE,Federal Contract Tower,0,1,33,20,54,0,0,44,14,58,0,1,77,34,112,54,46,100,212
01/27/2009,MQY,TN,ASO,CE,Federal Contract Tower,0,1,17,0,18,0,0,0,0,0,0,1,17,0,18,0,0,0,18
01/28/2009,MQY,TN,ASO,CE,Federal Contract Tower,0,0,20,9,29,0,0,3,3,6,0,0,23,12,35,18,64,82,117
01/29/2009,MQY,TN,ASO,CE,Federal Contract Tower,0,1,25,16,42,0,0,52,6,58,0,1,77,22,100,56,24,80,180
01/30/2009,MQY,TN,ASO,CE,Federal Contract Tower,0,7,28,6,41,0,0,60,19,79,0,7,88,25,120,26,26,52,172
01/31/2009,MQY,TN,ASO,CE,Federal Contract Tower,0,1,43,0,44,0,0,78,0,78,0,1,121,0,122,60,0,60,182
02/01/2009,MQY,TN,ASO,CE,Federal Contract Tower,0,2,21,0,23,0,0,60,0,60,0,2,81,0,83,56,0,56,139
02/02/2009,MQY,TN,ASO,CE,Federal Contract Tower,1,0,23,2,26,0,0,27,2,29,1,0,50,4,55,42,112,154,209
02/03/2009,MQY,TN,ASO,CE,Federal Contract Tower,0,0,32,0,32,0,0,33,8,41,0,0,65,8,73,44,29,73,146
02/04/2009,MQY,TN,ASO,CE,Federal Contract Tower,0,3,48,4,55,0,0,86,23,109,0,3,134,27,164,56,23,79,243
02/05/2009,MQY,TN,ASO,CE,Federal Contract Tower,0,0,44,0,44,0,0,53,4,57,0,0,97,4,101,34,0,34,135
02/06/2009,MQY,TN,ASO,CE,Federal Contract Tower,0,2,33,4,39,0,0,68,14,82,0,2,101,18,121,40,16,56,177
02/07/2009,MQY,TN,ASO,CE,Federal Contract Tower,0,0,34,1,35,0,0,59,11,70,0,0,93,12,105,88,4,92,197
02/08/2009,MQY,TN,ASO,CE,Federal Contract Tower,0,0,21,0,21,0,0,56,4,60,0,0,77,4,81,72,30,102,183
02/09/2009,MQY,TN,ASO,CE,Federal Contract Tower,0,1,11,5,17,0,0,56,26,82,0,1,67,31,99,70,36,106,205
02/10/2009,MQY,TN,ASO,CE,Federal Contract Tower,0,6,27,12,45,0,13,10,21,44,0,19,37,33,89,14,10,24,113
02/11/2009,MQY,TN,ASO,CE,Federal Contract Tower,0,0,13,0,13,0,0,3,5,8,0,0,16,5,21,8,0,8,29
02/12/2009,MQY,TN,ASO,CE,Federal Contract Tower,0,2,32,1,35,0,0,98,24,122,0,2,130,25,157,72,4,76,233
02/13/2009,MQY,TN,ASO,CE,Federal Contract Tower,0,1,46,8,55,0,0,64,7,71,0,1,110,15,126,38,6,44,170
02/14/2009,MQY,TN,ASO,CE,Federal Contract Tower,0,0,26,0,26,0,0,50,0,50,0,0,76,0,76,86,0,86,162
02/15/2009,MQY,TN,ASO,CE,Federal Contract Tower,0,3,24,0,27,0,0,35,0,35,0,3,59,0,62,16,0,16,78
02/16/2009,MQY,TN,ASO,CE,Federal Contract Tower,0,0,41,0,41,0,0,84,0,84,0,0,125,0,125,102,0,102,227
02/17/2009,MQY,TN,ASO,CE,Federal Contract Tower,0,1,28,0,29,0,0,40,9,49,0,1,68,9,78,54,0,54,132
02/18/2009,MQY,TN,ASO,CE,Federal Contract Tower,0,1,28,1,30,0,0,3,1,4,0,1,31,2,34,14,0,14,48
02/19/2009,MQY,TN,ASO,CE,Federal Contract Tower,0,10,30,7,47,0,18,52,22,92,0,28,82,29,139,20,44,64,203
02/20/2009,MQY,TN,ASO,CE,Federal Contract Tower,0,2,37,17,56,0,0,81,14,95,0,2,118,31,151,128,30,158,309
02/21/2009,MQY,TN,ASO,CE,Federal Contract Tower,0,2,11,1,14,0,0,31,9,40,0,2,42,10,54,28,0,28,82
02/22/2009,MQY,TN,ASO,CE,Federal Contract Tower,0,10,24,0,34,0,0,46,17,63,0,10,70,17,97,102,14,116,213
02/23/2009,MQY,TN,ASO,CE,Federal Contract Tower,0,2,35,3,40,0,0,63,23,86,0,2,98,26,126,87,32,119,245
02/24/2009,MQY,TN,ASO,CE,Federal Contract Tower,0,1,52,5,58,0,0,61,5,66,0,1,113,10,124,69,6,75,199
02/25/2009,MQY,TN,ASO,CE,Federal Contract Tower,0,0,22,3,25,0,0,25,16,41,0,0,47,19,66,85,0,85,151
02/26/2009,MQY,TN,ASO,CE,Federal Contract Tower,0,0,31,7,38,0,0,29,27,56,0,0,60,34,94,42,16,58,152
02/27/2009,MQY,TN,ASO,CE,Federal Contract Tower,0,0,29,0,29,0,0,2,0,2,0,0,31,0,31,0,0,0,31
02/28/2009,MQY,TN,ASO,CE,Federal Contract Tower,0,0,15,0,15,0,0,0,0,0,0,0,15,0,15,0,0,0,15
03/01/2009,MQY,TN,ASO,CE,Federal Contract Tower,0,0,18,0,18,0,0,17,0,17,0,0,35,0,35,0,0,0,35
03/02/2009,MQY,TN,ASO,CE,Federal Contract Tower,0,2,28,13,43,0,0,44,2,46,0,2,72,15,89,20,2,22,111
03/03/2009,MQY,TN,ASO,CE,Federal Contract Tower,0,6,33,3,42,0,0,66,37,103,0,6,99,40,145,70,26,96,241
03/04/2009,MQY,TN,ASO,CE,Federal Contract Tower,0,2,35,4,41,0,0,79,14,93,0,2,114,18,134,64,12,76,210
03/05/2009,MQY,TN,ASO,CE,Federal Contract Tower,0,2,24,7,33,0,5,66,27,98,0,7,90,34,131,56,12,68,199
03/06/2009,MQY,TN,ASO,CE,Federal Contract Tower,0,0,41,4,45,0,0,37,2,39,0,0,78,6,84,50,0,50,134
03/07/2009,MQY,TN,ASO,CE,Federal Contract Tower,0,0,25,0,25,0,0,38,0,38,0,0,63,0,63,24,0,24,87
03/08/2009,MQY,TN,ASO,CE,Federal Contract Tower,0,0,17,0,17,0,0,23,0,23,0,0,40,0,40,38,0,38,78
03/09/2009,MQY,TN,ASO,CE,Federal Contract Tower,0,0,33,4,37,0,0,76,6,82,0,0,109,10,119,200,6,206,325
03/10/2009,MQY,TN,ASO,CE,Federal Contract Tower,0,2,25,6,33,0,0,72,15,87,0,2,97,21,120,68,40,108,228
03/11/2009,MQY,TN,ASO,CE,Federal Contract Tower,0,0,23,9,32,0,0,22,4,26,0,0,45,13,58,32,6,38,96
03/12/2009,MQY,TN,ASO,CE,Federal Contract Tower,0,1,16,1,18,0,0,4,1,5,0,1,20,2,23,6,14,20,43
03/13/2009,MQY,TN,ASO,CE,Federal Contract Tower,0,0,39,0,39,0,0,0,1,1,0,0,39,1,40,0,8,8,48
03/14/2009,MQY,TN,ASO,CE,Federal Contract Tower,0,0,12,0,12,0,0,0,0,0,0,0,12,0,12,0,0,0,12
03/15/2009,MQY,TN,ASO,CE,Federal Contract Tower,0,1,38,0,39,0,0,0,0,0,0,1,38,0,39,0,0,0,39
03/16/2009,MQY,TN,ASO,CE,Federal Contract Tower,0,0,42,22,64,0,0,25,10,35,0,0,67,32,99,84,18,102,201
03/17/2009,MQY,TN,ASO,CE,Federal Contract Tower,0,0,28,18,46,0,0,60,24,84,0,0,88,42,130,60,43,103,233
03/18/2009,MQY,TN,ASO,CE,Federal Contract Tower,0,1,53,10,64,0,0,102,12,114,0,1,155,22,178,112,18,130,308
03/19/2009,MQY,TN,ASO,CE,Federal Contract Tower,0,0,37,9,46,0,0,55,6,61,0,0,92,15,107,38,58,96,203
03/20/2009,MQY,TN,ASO,CE,Federal Contract Tower,0,5,56,12,73,0,0,65,7,72,0,5,121,19,145,68,34,102,247
03/21/2009,MQY,TN,ASO,CE,Federal Contract Tower,0,7,18,4,29,0,0,84,0,84,0,7,102,4,113,64,0,64,177
03/22/2009,MQY,TN,ASO,CE,Federal Contract Tower,0,6,31,2,39,0,0,73,1,74,0,6,104,3,113,96,0,96,209
03/23/2009,MQY,TN,ASO,CE,Federal Contract Tower,0,0,39,8,47,0,0,84,15,99,0,0,123,23,146,98,72,170,316
03/24/2009,MQY,TN,ASO,CE,Federal Contract Tower,0,0,32,6,38,0,0,58,6,64,0,0,90,12,102,58,4,62,164
03/25/2009,MQY,TN,ASO,CE,Federal Contract Tower,0,3,33,0,36,0,0,1,2,3,0,3,34,2,39,0,0,0,39
03/26/2009,MQY,TN,ASO,CE,Federal Contract Tower,0,1,27,0,28,0,8,31,9,48,0,9,58,9,76,26,4,30,106
03/27/2009,MQY,TN,ASO,CE,Federal Contract Tower,0,1,32,0,33,0,0,11,0,11,0,1,43,0,44,26,0,26,70
03/28/2009,MQY,TN,ASO,CE,Federal Contract Tower,0,0,6,0,6,0,0,17,0,17,0,0,23,0,23,20,0,20,43
03/29/2009,MQY,TN,ASO,CE,Federal Contract Tower,0,0,11,0,11,0,0,28,0,28,0,0,39,0,39,20,0,20,59
03/30/2009,MQY,TN,ASO,CE,Federal Contract Tower,0,4,34,0,38,0,0,87,18,105,0,4,121,18,143,112,0,112,255
03/31/2009,MQY,TN,ASO,CE,Federal Contract Tower,0,1,21,13,35,0,0,32,12,44,0,1,53,25,79,0,8,8,87
04/01/2009,MQY,TN,ASO,CE,Federal Contract Tower,0,2,50,4,56,0,0,148,13,161,0,2,198,17,217,110,0,110,327
04/02/2009,MQY,TN,ASO,CE,Federal Contract Tower,0,0,31,7,38,0,0,28,21,49,0,0,59,28,87,38,40,78,165
04/03/2009,MQY,TN,ASO,CE,Federal Contract Tower,0,0,56,1,57,0,0,35,8,43,0,0,91,9,100,48,0,48,148
04/04/2009,MQY,TN,ASO,CE,Federal Contract Tower,0,0,30,0,30,0,0,97,26,123,0,0,127,26,153,86,28,114,267
04/05/2009,MQY,TN,ASO,CE,Federal Contract Tower,0,4,22,0,26,0,0,24,0,24,0,4,46,0,50,26,0,26,76
04/06/2009,MQY,TN,ASO,CE,Federal Contract Tower,0,0,15,6,21,0,0,6,2,8,0,0,21,8,29,8,8,16,45
04/07/2009,MQY,TN,ASO,CE,Federal Contract Tower,0,0,21,9,30,0,4,34,7,45,0,4,55,16,75,24,51,75,150
04/08/2009,MQY,TN,ASO,CE,Federal Contract Tower,0,5,33,22,60,0,0,88,14,102,0,5,121,36,162,48,63,111,273
04/09/2009,MQY,TN,ASO,CE,Federal Contract Tower,2,0,53,17,72,0,0,97,12,109,2,0,150,29,181,82,38,120,301
04/10/2009,MQY,TN,ASO,CE,Federal Contract Tower,2,0,20,0,22,0,0,4,0,4,2,0,24,0,26,0,0,0,26
04/11/2009,MQY,TN,ASO,CE,Federal Contract Tower,2,4,54,2,62,0,43,3,0,46,2,47,57,2,108,24,0,24,132
04/12/2009,MQY,TN,ASO,CE,Federal Contract Tower,0,0,23,0,23,0,0,35,0,35,0,0,58,0,58,6,0,6,64
04/13/2009,MQY,TN,ASO,CE,Federal Contract Tower,0,4,15,15,34,0,0,7,3,10,0,4,22,18,44,6,22,28,72
04/14/2009,MQY,TN,ASO,CE,Federal Contract Tower,0,1,34,2,37,0,0,35,1,36,0,1,69,3,73,66,0,66,139
04/15/2009,MQY,TN,ASO,CE,Federal Contract Tower,0,0,39,1,40,0,0,32,0,32,0,0,71,1,72,124,0,124,196
04/16/2009,MQY,TN,ASO,CE,Federal Contract Tower,0,0,38,12,50,0,0,101,2,103,0,0,139,14,153,180,6,186,339
04/17/2009,MQY,TN,ASO,CE,Federal Contract Tower,0,7,24,12,43,0,0,82,1,83,0,7,106,13,126,44,0,44,170
04/18/2009,MQY,TN,ASO,CE,Federal Contract Tower,0,8,37,0,45,0,0,64,2,66,0,8,101,2,111,62,0,62,173
04/19/2009,MQY,TN,ASO,CE,Federal Contract Tower,0,0,11,1,12,0,0,2,0,2,0,0,13,1,14,0,0,0,14
04/20/2009,MQY,TN,ASO,CE,Federal Contract Tower,0,11,36,7,54,0,0,34,0,34,0,11,70,7,88,26,12,38,126
04/21/2009,MQY,TN,ASO,CE,Federal Contract Tower,0,0,49,6,55,0,2,34,5,41,0,2,83,11,96,43,14,57,153
04/22/2009,MQY,TN,ASO,CE,Federal Contract Tower,0,0,52,8,60,0,0,64,23,87,0,0,116,31,147,94,22,116,263
04/23/2009,MQY,TN,ASO,CE,Federal Contract Tower,0,1,50,11,62,0,0,60,7,67,0,1,110,18,129,70,14,84,213
04/24/2009,MQY,TN,ASO,CE,Federal Contract Tower,0,0,46,2,48,0,0,45,17,62,0,0,91,19,110,48,36,84,194
04/25/2009,MQY,TN,ASO,CE,Federal Contract Tower,0,0,33,0,33,0,0,30,0,30,0,0,63,0,63,24,0,24,87
04/26/2009,MQY,TN,ASO,CE,Federal Contract Tower,0,1,43,2,46,0,0,36,0,36,0,1,79,2,82,20,0,20,102
04/27/2009,MQY,TN,ASO,CE,Federal Contract Tower,0,16,21,1,38,0,0,28,10,38,0,16,49,11,76,14,8,22,98
04/28/2009,MQY,TN,ASO,CE,Federal Contract Tower,0,2,43,1,46,0,0,72,12,84,0,2,115,13,130,100,2,102,232
04/29/2009,MQY,TN,ASO,CE,Federal Contract Tower,0,2,20,6,28,0,0,52,15,67,0,2,72,21,95,86,52,138,233
04/30/2009,MQY,TN,ASO,CE,Federal Contract Tower,0,4,39,0,43,0,0,54,11,65,0,4,93,11,108,50,80,130,238
05/01/2009,MQY,TN,ASO,CE,Federal Contract Tower,0,1,13,0,14,0,0,0,0,0,0,1,13,0,14,0,0,0,14
05/02/2009,MQY,TN,ASO,CE,Federal Contract Tower,0,0,11,0,11,0,0,0,0,0,0,0,11,0,11,0,0,0,11
05/03/2009,MQY,TN,ASO,CE,Federal Contract Tower,0,2,16,2,20,0,0,0,0,0,0,2,16,2,20,0,0,0,20
05/04/2009,MQY,TN,ASO,CE,Federal Contract Tower,2,2,21,2,27,0,0,2,0,2,2,2,23,2,29,0,0,0,29
05/05/2009,MQY,TN,ASO,CE,Federal Contract Tower,0,5,33,2,40,0,0,32,5,37,0,5,65,7,77,128,0,128,205
05/06/2009,MQY,TN,ASO,CE,Federal Contract Tower,0,2,37,0,39,0,0,4,0,4,0,2,41,0,43,6,1,7,50
05/07/2009,MQY,TN,ASO,CE,Federal Contract Tower,0,0,42,4,46,0,1,62,7,70,0,1,104,11,116,72,0,72,188
05/08/2009,MQY,TN,ASO,CE,Federal Contract Tower,0,0,22,0,22,0,0,29,2,31,0,0,51,2,53,24,0,24,77
05/09/2009,MQY,TN,ASO,CE,Federal Contract Tower,0,0,18,3,21,0,0,23,0,23,0,0,41,3,44,14,0,14,58
05/10/2009,MQY,TN,ASO,CE,Federal Contract Tower,0,0,23,0,23,0,0,35,0,35,0,0,58,0,58,62,0,62,120
05/11/2009,MQY,TN,ASO,CE,Federal Contract Tower,0,0,31,10,41,0,0,61,3,64,0,0,92,13,105,80,0,80,185
05/12/2009,MQY,TN,ASO,CE,Federal Contract Tower,0,1,34,8,43,0,0,71,6,77,0,1,105,14,120,44,10,54,174
05/13/2009,MQY,TN,ASO,CE,Federal Contract Tower,0,2,29,4,35,0,0,31,2,33,0,2,60,6,68,36,0,36,104
05/14/2009,MQY,TN,ASO,CE,Federal Contract Tower,0,4,15,10,29,0,0,21,9,30,0,4,36,19,59,28,14,42,101
05/15/2009,MQY,TN,ASO,CE,Federal Contract Tower,0,1,39,1,41,0,0,43,5,48,0,1,82,6,89,6,16,22,111
05/16/2009,MQY,TN,ASO,CE,Federal Contract Tower,0,0,20,0,20,0,0,9,5,14,0,0,29,5,34,38,4,42,76
05/17/2009,MQY,TN,ASO,CE,Federal Contract Tower,0,1,38,0,39,0,0,21,7,28,0,1,59,7,67,20,6,26,93
05/18/2009,MQY,TN,ASO,CE,Federal Contract Tower,0,1,44,9,54,0,0,79,10,89,0,1,123,19,143,90,32,122,265
05/19/2009,MQY,TN,ASO,CE,Federal Contract Tower,0,1,50,2,53,0,0,74,13,87,0,1,124,15,140,96,0,96,236
05/20/2009,MQY,TN,ASO,CE,Federal Contract Tower,0,1,44,7,52,0,1,66,9,76,0,2,110,16,128,24,12,36,164
05/21/2009,MQY,TN,ASO,CE,Federal Contract Tower,0,4,51,6,61,0,0,85,2,87,0,4,136,8,148,74,0,74,222
05/22/2009,MQY,TN,ASO,CE,Federal Contract Tower,0,1,38,4,43,0,0,50,3,53,0,1,88,7,96,20,8,28,124
05/23/2009,MQY,TN,ASO,CE,Federal Contract Tower,0,1,25,0,26,0,0,47,0,47,0,1,72,0,73,30,0,30,103
05/24/2009,MQY,TN,ASO,CE,Federal Contract Tower,0,8,28,0,36,0,0,12,0,12,0,8,40,0,48,14,0,14,62
05/25/2009,MQY,TN,ASO,CE,Federal Contract Tower,0,0,22,0,22,0,0,22,2,24,0,0,44,2,46,32,4,36,82
05/26/2009,MQY,TN,ASO,CE,Federal Contract Tower,0,2,48,1,51,0,0,29,2,31,0,2,77,3,82,48,0,48,130
05/27/2009,MQY,TN,ASO,CE,Federal Contract Tower,0,2,40,4,46,0,0,40,3,43,0,2,80,7,89,12,0,12,101
05/28/2009,MQY,TN,ASO,CE,Federal Contract Tower,0,1,19,1,21,0,1,58,0,59,0,2,77,1,80,46,12,58,138
05/29/2009,MQY,TN,ASO,CE,Federal Contract Tower,0,2,41,9,52,0,0,28,2,30,0,2,69,11,82,34,0,34,116
05/30/2009,MQY,TN,ASO,CE,Federal Contract Tower,0,0,26,0,26,0,0,64,2,66,0,0,90,2,92,50,0,50,142
05/31/2009,MQY,TN,ASO,CE,Federal Contract Tower,0,0,36,16,52,0,0,62,0,62,0,0,98,16,114,20,0,20,134
06/01/2009,MQY,TN,ASO,CE,Federal Contract Tower,0,0,16,0,16,0,0,68,2,70,0,0,84,2,86,4,0,4,90
06/02/2009,MQY,TN,ASO,CE,Federal Contract Tower,0,1,17,0,18,0,8,47,0,55,0,9,64,0,73,64,0,64,137
06/03/2009,MQY,TN,ASO,CE,Federal Contract Tower,0,3,19,0,22,0,1,71,11,83,0,4,90,11,105,76,2,78,183
06/04/2009,MQY,TN,ASO,CE,Federal Contract Tower,0,1,42,9,52,0,0,3,1,4,0,1,45,10,56,2,0,2,58
06/05/2009,MQY,TN,ASO,CE,Federal Contract Tower,2,6,48,8,64,0,0,78,7,85,2,6,126,15,149,58,0,58,207
06/06/2009,MQY,TN,ASO,CE,Federal Contract Tower,1,4,43,2,50,0,1,82,5,88,1,5,125,7,138,48,0,48,186
06/07/2009,MQY,TN,ASO,CE,Federal Contract Tower,0,0,41,3,44,0,0,53,5,58,0,0,94,8,102,26,0,26,128
06/08/2009,MQY,TN,ASO,CE,Federal Contract Tower,0,2,23,2,27,0,0,64,7,71,0,2,87,9,98,104,0,104,202
06/09/2009,MQY,TN,ASO,CE,Federal Contract Tower,0,3,31,2,36,0,0,64,3,67,0,3,95,5,103,102,0,102,205
06/10/2009,MQY,TN,ASO,CE,Federal Contract Tower,0,5,23,2,30,0,0,48,1,49,0,5,71,3,79,28,0,28,107
06/11/2009,MQY,TN,ASO,CE,Federal Contract Tower,0,0,19,5,24,0,2,24,3,29,0,2,43,8,53,20,0,20,73
06/12/2009,MQY,TN,ASO,CE,Federal Contract Tower,0,4,46,11,61,0,0,39,2,41,0,4,85,13,102,48,4,52,154
06/13/2009,MQY,TN,ASO,CE,Federal Contract Tower,1,0,18,0,19,0,0,174,0,174,1,0,192,0,193,0,0,0,193
06/14/2009,MQY,TN,ASO,CE,Federal Contract Tower,0,1,19,2,22,0,1,31,1,33,0,2,50,3,55,54,0,54,109
06/15/2009,MQY,TN,ASO,CE,Federal Contract Tower,0,0,26,7,33,0,0,38,3,41,0,0,64,10,74,84,0,84,158
06/16/2009,MQY,TN,ASO,CE,Federal Contract Tower,0,1,35,4,40,0,1,55,4,60,0,2,90,8,100,50,4,54,154
06/17/2009,MQY,TN,ASO,CE,Federal Contract Tower,0,6,25,2,33,0,0,22,5,27,0,6,47,7,60,10,0,10,70
06/18/2009,MQY,TN,ASO,CE,Federal Contract Tower,0,2,31,3,36,0,0,69,5,74,0,2,100,8,110,80,0,80,190
06/19/2009,MQY,TN,ASO,CE,Federal Contract Tower,0,4,26,2,32,0,0,81,7,88,0,4,107,9,120,78,0,78,198
06/20/2009,MQY,TN,ASO,CE,Federal Contract Tower,0,1,28,0,29,0,0,69,2,71,0,1,97,2,100,20,20,40,140
06/21/2009,MQY,TN,ASO,CE,Federal Contract Tower,0,0,32,1,33,0,0,44,4,48,0,0,76,5,81,28,30,58,139
06/22/2009,MQY,TN,ASO,CE,Federal Contract Tower,0,3,40,7,50,0,0,66,6,72,0,3,106,13,122,80,0,80,202
06/23/2009,MQY,TN,ASO,CE,Federal Contract Tower,0,1,33,2,36,0,1,68,3,72,0,2,101,5,108,78,0,78,186
06/24/2009,MQY,TN,ASO,CE,Federal Contract Tower,0,4,41,3,48,0,4,104,6,114,0,8,145,9,162,139,0,139,301
06/25/2009,MQY,TN,ASO,CE,Federal Contract Tower,0,4,55,10,69,0,2,115,9,126,0,6,170,19,195,162,0,162,357
06/26/2009,MQY,TN,ASO,CE,Federal Contract Tower,0,3,45,16,64,0,6,59,3,68,0,9,104,19,132,74,0,74,206
06/27/2009,MQY,TN,ASO,CE,Federal Contract Tower,0,0,35,1,36,0,0,78,0,78,0,0,113,1,114,54,0,54,168
06/28/2009,MQY,TN,ASO,CE,Federal Contract Tower,0,2,16,2,20,0,0,61,2,63,0,2,77,4,83,96,0,96,179
06/29/2009,MQY,TN,ASO,CE,Federal Contract Tower,0,2,18,4,24,0,0,94,5,99,0,2,112,9,123,106,0,106,229
06/30/2009,MQY,TN,ASO,CE,Federal Contract Tower,0,1,32,4,37,0,1,80,5,86,0,2,112,9,123,138,0,138,261
07/01/2009,MQY,TN,ASO,CE,Federal Contract Tower,0,0,25,3,28,0,0,93,9,102,0,0,118,12,130,144,8,152,282
07/02/2009,MQY,TN,ASO,CE,Federal Contract Tower,0,1,35,5,41,0,2,95,12,109,0,3,130,17,150,32,20,52,202
07/03/2009,MQY,TN,ASO,CE,Federal Contract Tower,0,1,41,0,42,0,0,95,5,100,0,1,136,5,142,88,0,88,230
07/04/2009,MQY,TN,ASO,CE,Federal Contract Tower,0,0,12,0,12,0,0,60,0,60,0,0,72,0,72,42,0,42,114
07/05/2009,MQY,TN,ASO,CE,Federal Contract Tower,0,0,19,0,19,0,0,5,0,5,0,0,24,0,24,18,0,18,42
07/06/2009,MQY,TN,ASO,CE,Federal Contract Tower,0,2,37,3,42,0,2,24,7,33,0,4,61,10,75,44,0,44,119
07/07/2009,MQY,TN,ASO,CE,Federal Contract Tower,0,2,34,2,38,0,0,92,8,100,0,2,126,10,138,130,0,130,268
07/08/2009,MQY,TN,ASO,CE,Federal Contract Tower,0,3,37,0,40,0,0,92,2,94,0,3,129,2,134,152,2,154,288
07/09/2009,MQY,TN,ASO,CE,Federal Contract Tower,0,1,24,2,27,0,0,98,5,103,0,1,122,7,130,136,0,136,266
07/10/2009,MQY,TN,ASO,CE,Federal Contract Tower,0,1,45,4,50,0,1,94,7,102,0,2,139,11,152,140,16,156,308
07/11/2009,MQY,TN,ASO,CE,Federal Contract Tower,0,23,26,4,53,0,0,56,9,65,0,23,82,13,118,64,28,92,210
07/12/2009,MQY,TN,ASO,CE,Federal Contract Tower,0,26,12,0,38,0,0,34,2,36,0,26,46,2,74,48,0,48,122
07/13/2009,MQY,TN,ASO,CE,Federal Contract Tower,0,2,42,13,57,0,0,40,7,47,0,2,82,20,104,54,10,64,168
07/14/2009,MQY,TN,ASO,CE,Federal Contract Tower,0,3,33,4,40,0,0,90,3,93,0,3,123,7,133,204,0,204,337
07/15/2009,MQY,TN,ASO,CE,Federal Contract Tower,0,1,28,11,40,0,0,56,3,59,0,1,84,14,99,92,6,98,197
07/16/2009,MQY,TN,ASO,CE,Federal Contract Tower,0,0,42,0,42,0,0,46,4,50,0,0,88,4,92,56,0,56,148
07/17/2009,MQY,TN,ASO,CE,Federal Contract Tower,0,1,35,3,39,0,0,44,7,51,0,1,79,10,90,36,20,56,146
07/18/2009,MQY,TN,ASO,CE,Federal Contract Tower,0,0,27,0,27,0,0,77,0,77,0,0,104,0,104,64,0,64,168
07/19/2009,MQY,TN,ASO,CE,Federal Contract Tower,0,2,28,2,32,0,4,52,2,58,0,6,80,4,90,78,0,78,168
07/20/2009,MQY,TN,ASO,CE,Federal Contract Tower,0,3,29,12,44,0,0,59,2,61,0,3,88,14,105,82,0,82,187
07/21/2009,MQY,TN,ASO,CE,Federal Contract Tower,0,2,36,24,62,0,1,79,15,95,0,3,115,39,157,138,0,138,295
07/22/2009,MQY,TN,ASO,CE,Federal Contract Tower,0,2,34,2,38,0,2,6,2,10,0,4,40,4,48,0,1,1,49
07/23/2009,MQY,TN,ASO,CE,Federal Contract Tower,0,4,49,6,59,0,10,58,12,80,0,14,107,18,139,96,0,96,235
07/24/2009,MQY,TN,ASO,CE,Federal Contract Tower,0,1,62,17,80,0,0,69,6,75,0,1,131,23,155,86,0,86,241
07/25/2009,MQY,TN,ASO,CE,Federal Contract Tower,0,0,28,0,28,0,0,52,0,52,0,0,80,0,80,64,0,64,144
07/26/2009,MQY,TN,ASO,CE,Federal Contract Tower,0,1,30,2,33,0,0,30,0,30,0,1,60,2,63,32,0,32,95
07/27/2009,MQY,TN,ASO,CE,Federal Contract Tower,0,1,32,5,38,0,0,53,16,69,0,1,85,21,107,116,0,116,223
07/28/2009,MQY,TN,ASO,CE,Federal Contract Tower,0,1,34,2,37,0,0,10,3,13,0,1,44,5,50,16,2,18,68
07/29/2009,MQY,TN,ASO,CE,Federal Contract Tower,2,5,38,1,46,0,0,34,4,38,2,5,72,5,84,54,0,54,138
07/30/2009,MQY,TN,ASO,CE,Federal Contract Tower,0,1,31,5,37,0,0,15,6,21,0,1,46,11,58,22,20,42,100
07/31/2009,MQY,TN,ASO,CE,Federal Contract Tower,0,5,34,0,39,0,0,36,3,39,0,5,70,3,78,56,14,70,148
08/01/2009,MQY,TN,ASO,CE,Federal Contract Tower,0,2,31,19,52,0,0,45,12,57,0,2,76,31,109,48,18,66,175
08/02/2009,MQY,TN,ASO,CE,Federal Contract Tower,0,1,28,0,29,0,0,37,3,40,0,1,65,3,69,26,2,28,97
08/03/2009,MQY,TN,ASO,CE,Federal Contract Tower,0,1,40,2,43,0,1,67,6,74,0,2,107,8,117,110,0,110,227
08/04/2009,MQY,TN,ASO,CE,Federal Contract Tower,0,3,31,3,37,0,0,60,5,65,0,3,91,8,102,18,0,18,120
08/05/2009,MQY,TN,ASO,CE,Federal Contract Tower,0,2,18,10,30,0,0,52,7,59,0,2,70,17,89,54,0,54,143
08/06/2009,MQY,TN,ASO,CE,Federal Contract Tower,0,9,33,7,49,0,0,54,6,60,0,9,87,13,109,108,0,108,217
08/07/2009,MQY,TN,ASO,CE,Federal Contract Tower,0,3,21,13,37,0,0,63,2,65,0,3,84,15,102,100,6,106,208
08/08/2009,MQY,TN,ASO,CE,Federal Contract Tower,0,0,22,6,28,0,0,50,1,51,0,0,72,7,79,68,8,76,155
08/09/2009,MQY,TN,ASO,CE,Federal Contract Tower,0,0,30,3,33,0,0,25,4,29,0,0,55,7,62,32,4,36,98
08/10/2009,MQY,TN,ASO,CE,Federal Contract Tower,0,0,23,2,25,0,1,49,4,54,0,1,72,6,79,108,0,108,187
08/11/2009,MQY,TN,ASO,CE,Federal Contract Tower,0,5,33,1,39,0,0,52,2,54,0,5,85,3,93,94,0,94,187
08/12/2009,MQY,TN,ASO,CE,Federal Contract Tower,0,2,33,8,43,0,1,42,6,49,0,3,75,14,92,12,20,32,124
08/13/2009,MQY,TN,ASO,CE,Federal Contract Tower,0,1,23,3,27,0,0,74,6,80,0,1,97,9,107,108,8,116,223
08/14/2009,MQY,TN,ASO,CE,Federal Contract Tower,0,4,42,7,53,0,0,65,7,72,0,4,107,14,125,104,4,108,233
08/15/2009,MQY,TN,ASO,CE,Federal Contract Tower,0,0,20,0,20,0,0,67,0,67,0,0,87,0,87,60,0,60,147
08/16/2009,MQY,TN,ASO,CE,Federal Contract Tower,0,0,23,13,36,0,0,0,0,0,0,0,23,13,36,40,0,40,76
08/17/2009,MQY,TN,ASO,CE,Federal Contract Tower,0,0,28,12,40,0,0,39,3,42,0,0,67,15,82,66,0,66,148
08/18/2009,MQY,TN,ASO,CE,Federal Contract Tower,1,2,57,8,68,0,0,4,0,4,1,2,61,8,72,0,0,0,72
08/19/2009,MQY,TN,ASO,CE,Federal Contract Tower,0,3,46,22,71,0,0,63,10,73,0,3,109,32,144,80,30,110,254
08/20/2009,MQY,TN,ASO,CE,Federal Contract Tower,0,2,24,18,44,0,0,21,8,29,0,2,45,26,73,6,12,18,91
08/21/2009,MQY,TN,ASO,CE,Federal Contract Tower,0,1,28,10,39,0,0,49,4,53,0,1,77,14,92,146,0,146,238
08/22/2009,MQY,TN,ASO,CE,Federal Contract Tower,0,1,30,0,31,0,0,81,0,81,0,1,111,0,112,126,0,126,238
08/23/2009,MQY,TN,ASO,CE,Federal Contract Tower,0,1,53,0,54,0,0,69,0,69,0,1,122,0,123,72,0,72,195
08/24/2009,MQY,TN,ASO,CE,Federal Contract Tower,0,1,43,2,46,0,0,91,3,94,0,1,134,5,140,130,8,138,278
08/25/2009,MQY,TN,ASO,CE,Federal Contract Tower,0,4,47,4,55,0,1,49,6,56,0,5,96,10,111,96,20,116,227
08/26/2009,MQY,TN,ASO,CE,Federal Contract Tower,0,3,25,4,32,0,0,72,8,80,0,3,97,12,112,116,14,130,242
08/27/2009,MQY,TN,ASO,CE,Federal Contract Tower,0,2,51,2,55,0,2,58,5,65,0,4,109,7,120,64,0,64,184
08/28/2009,MQY,TN,ASO,CE,Federal Contract Tower,0,1,43,4,48,0,0,38,1,39,0,1,81,5,87,54,0,54,141
08/29/2009,MQY,TN,ASO,CE,Federal Contract Tower,0,12,60,0,72,0,0,27,2,29,0,12,87,2,101,36,0,36,137
08/30/2009,MQY,TN,ASO,CE,Federal Contract Tower,0,10,17,2,29,0,0,43,0,43,0,10,60,2,72,26,0,26,98
08/31/2009,MQY,TN,ASO,CE,Federal Contract Tower,0,3,23,2,28,0,0,59,3,62,0,3,82,5,90,120,0,120,210
09/01/2009,MQY,TN,ASO,CE,Federal Contract Tower,0,1,41,0,42,0,2,68,8,78,0,3,109,8,120,112,11,123,243
09/02/2009,MQY,TN,ASO,CE,Federal Contract Tower,0,1,33,3,37,0,0,54,10,64,0,1,87,13,101,64,12,76,177
09/03/2009,MQY,TN,ASO,CE,Federal Contract Tower,0,0,30,0,30,0,0,57,4,61,0,0,87,4,91,36,10,46,137
09/04/2009,MQY,TN,ASO,CE,Federal Contract Tower,0,6,54,21,81,0,0,58,1,59,0,6,112,22,140,106,0,106,246
09/05/2009,MQY,TN,ASO,CE,Federal Contract Tower,0,0,8,0,8,0,0,46,0,46,0,0,54,0,54,74,0,74,128
09/06/2009,MQY,TN,ASO,CE,Federal Contract Tower,0,1,19,0,20,0,0,16,0,16,0,1,35,0,36,52,0,52,88
09/07/2009,MQY,TN,ASO,CE,Federal Contract Tower,0,1,27,1,29,0,0,35,0,35,0,1,62,1,64,40,0,40,104
09/08/2009,MQY,TN,ASO,CE,Federal Contract Tower,0,2,21,23,46,0,0,66,12,78,0,2,87,35,124,172,12,184,308
09/09/2009,MQY,TN,ASO,CE,Federal Contract Tower,0,6,35,11,52,0,1,40,4,45,0,7,75,15,97,62,16,78,175
09/10/2009,MQY,TN,ASO,CE,Federal Contract Tower,0,0,37,15,52,0,0,39,8,47,0,0,76,23,99,88,2,90,189
09/11/2009,MQY,TN,ASO,CE,Federal Contract Tower,0,4,34,8,46,0,0,47,13,60,0,4,81,21,106,98,8,106,212
09/12/2009,MQY,TN,ASO,CE,Federal Contract Tower,0,0,21,2,23,0,0,67,16,83,0,0,88,18,106,54,6,60,166
09/13/2009,MQY,TN,ASO,CE,Federal Contract Tower,0,1,33,2,36,0,0,47,3,50,0,1,80,5,86,56,4,60,146
09/14/2009,MQY,TN,ASO,CE,Federal Contract Tower,0,0,26,12,38,0,0,48,6,54,0,0,74,18,92,62,52,114,206
09/15/2009,MQY,TN,ASO,CE,Federal Contract Tower,0,10,31,4,45,0,0,7,2,9,0,10,38,6,54,46,0,46,100
09/16/2009,MQY,TN,ASO,CE,Federal Contract Tower,0,1,35,2,38,0,0,0,0,0,0,1,35,2,38,0,0,0,38
09/17/2009,MQY,TN,ASO,CE,Federal Contract Tower,0,4,30,5,39,0,0,1,0,1,0,4,31,5,40,0,0,0,40
09/18/2009,MQY,TN,ASO,CE,Federal Contract Tower,2,3,32,1,38,0,0,20,3,23,2,3,52,4,61,14,0,14,75
09/19/2009,MQY,TN,ASO,CE,Federal Contract Tower,0,0,24,2,26,0,2,6,0,8,0,2,30,2,34,12,0,12,46
09/20/2009,MQY,TN,ASO,CE,Federal Contract Tower,0,2,16,2,20,0,0,7,0,7,0,2,23,2,27,22,0,22,49
09/21/2009,MQY,TN,ASO,CE,Federal Contract Tower,0,0,44,0,44,0,0,5,1,6,0,0,49,1,50,0,0,0,50
09/22/2009,MQY,TN,ASO,CE,Federal Contract Tower,1,1,42,5,49,0,0,26,8,34,1,1,68,13,83,56,8,64,147
09/23/2009,MQY,TN,ASO,CE,Federal Contract Tower,0,2,27,10,39,0,0,18,8,26,0,2,45,18,65,4,62,66,131
09/24/2009,MQY,TN,ASO,CE,Federal Contract Tower,2,2,39,4,47,0,0,71,2,73,2,2,110,6,120,78,10,88,208
09/25/2009,MQY,TN,ASO,CE,Federal Contract Tower,5,1,46,0,52,0,0,24,0,24,5,1,70,0,76,44,0,44,120
09/26/2009,MQY,TN,ASO,CE,Federal Contract Tower,0,2,9,1,12,0,0,13,0,13,0,2,22,1,25,14,0,14,39
09/27/2009,MQY,TN,ASO,CE,Federal Contract Tower,0,0,23,0,23,0,0,46,0,46,0,0,69,0,69,24,0,24,93
09/28/2009,MQY,TN,ASO,CE,Federal Contract Tower,0,0,22,7,29,0,0,39,0,39,0,0,61,7,68,34,0,34,102
09/29/2009,MQY,TN,ASO,CE,Federal Contract Tower,0,2,46,4,52,0,0,80,3,83,0,2,126,7,135,74,16,90,225
09/30/2009,MQY,TN,ASO,CE,Federal Contract Tower,0,6,64,6,76,0,0,62,8,70,0,6,126,14,146,36,38,74,220
10/01/2009,MQY,TN,ASO,CE,Federal Contract Tower,0,6,36,1,43,0,0,67,6,73,0,6,103,7,116,78,4,82,198
10/02/2009,MQY,TN,ASO,CE,Federal Contract Tower,0,7,26,5,38,0,0,34,4,38,0,7,60,9,76,30,0,30,106
10/03/2009,MQY,TN,ASO,CE,Federal Contract Tower,0,2,33,4,39,0,2,60,10,72,0,4,93,14,111,40,32,72,183
10/04/2009,MQY,TN,ASO,CE,Federal Contract Tower,0,1,24,4,29,0,0,18,1,19,0,1,42,5,48,10,8,18,66
10/05/2009,MQY,TN,ASO,CE,Federal Contract Tower,0,2,35,16,53,0,0,24,1,25,0,2,59,17,78,0,8,8,86
10/06/2009,MQY,TN,ASO,CE,Federal Contract Tower,0,0,39,6,45,0,0,0,2,2,0,0,39,8,47,6,0,6,53
10/07/2009,MQY,TN,ASO,CE,Federal Contract Tower,0,6,42,4,52,0,4,77,10,91,0,10,119,14,143,100,26,126,269
10/08/2009,MQY,TN,ASO,CE,Federal Contract Tower,0,8,50,4,62,0,2,66,6,74,0,10,116,10,136,86,8,94,230
10/09/2009,MQY,TN,ASO,CE,Federal Contract Tower,0,4,21,1,26,0,0,9,1,10,0,4,30,2,36,0,8,8,44
10/10/2009,MQY,TN,ASO,CE,Federal Contract Tower,0,0,35,0,35,0,0,10,0,10,0,0,45,0,45,0,0,0,45
10/11/2009,MQY,TN,ASO,CE,Federal Contract Tower,2,3,33,3,41,0,0,47,1,48,2,3,80,4,89,74,0,74,163
10/12/2009,MQY,TN,ASO,CE,Federal Contract Tower,1,1,20,17,39,0,0,49,0,49,1,1,69,17,88,74,20,94,182
10/13/2009,MQY,TN,ASO,CE,Federal Contract Tower,0,5,38,16,59,0,0,4,2,6,0,5,42,18,65,0,16,16,81
10/14/2009,MQY,TN,ASO,CE,Federal Contract Tower,0,3,21,6,30,0,0,1,0,1,0,3,22,6,31,2,36,38,69
10/15/2009,MQY,TN,ASO,CE,Federal Contract Tower,0,3,36,14,53,0,0,0,2,2,0,3,36,16,55,0,30,30,85
10/16/2009,MQY,TN,ASO,CE,Federal Contract Tower,0,0,61,1,62,0,0,14,10,24,0,0,75,11,86,0,0,0,86
10/17/2009,MQY,TN,ASO,CE,Federal Contract Tower,0,1,25,0,26,0,0,31,7,38,0,1,56,7,64,58,14,72,136
10/18/2009,MQY,TN,ASO,CE,Federal Contract Tower,0,5,35,2,42,0,0,52,2,54,0,5,87,4,96,64,0,64,160
10/19/2009,MQY,TN,ASO,CE,Federal Contract Tower,0,1,39,2,42,0,0,85,3,88,0,1,124,5,130,150,0,150,280
10/20/2009,MQY,TN,ASO,CE,Federal Contract Tower,0,3,43,5,51,0,1,64,9,74,0,4,107,14,125,104,0,104,229
10/21/2009,MQY,TN,ASO,CE,Federal Contract Tower,0,4,45,6,55,0,0,64,4,68,0,4,109,10,123,126,6,132,255
10/22/2009,MQY,TN,ASO,CE,Federal Contract Tower,0,5,47,2,54,0,0,52,5,57,0,5,99,7,111,56,0,56,167
10/23/2009,MQY,TN,ASO,CE,Federal Contract Tower,0,2,34,3,39,0,6,7,2,15,0,8,41,5,54,4,0,4,58
10/24/2009,MQY,TN,ASO,CE,Federal Contract Tower,0,2,23,1,26,0,0,51,0,51,0,2,74,1,77,106,0,106,183
10/25/2009,MQY,TN,ASO,CE,Federal Contract Tower,0,0,29,6,35,0,0,70,0,70,0,0,99,6,105,104,0,104,209
10/26/2009,MQY,TN,ASO,CE,Federal Contract Tower,0,1,22,4,27,0,1,73,6,80,0,2,95,10,107,62,40,102,209
10/27/2009,MQY,TN,ASO,CE,Federal Contract Tower,0,2,37,22,61,0,0,5,0,5,0,2,42,22,66,0,0,0,66
10/28/2009,MQY,TN,ASO,CE,Federal Contract Tower,0,6,49,16,71,0,0,55,9,64,0,6,104,25,135,98,22,120,255
10/29/2009,MQY,TN,ASO,CE,Federal Contract Tower,0,1,45,8,54,0,0,64,11,75,0,1,109,19,129,66,4,70,199
10/30/2009,MQY,TN,ASO,CE,Federal Contract Tower,2,5,26,4,37,0,2,3,3,8,2,7,29,7,45,0,0,0,45
10/31/2009,MQY,TN,ASO,CE,Federal Contract Tower,0,0,31,0,31,0,0,50,0,50,0,0,81,0,81,45,0,45,126
11/01/2009,MQY,TN,ASO,CE,Federal Contract Tower,0,1,28,0,29,0,0,69,0,69,0,1,97,0,98,68,0,68,166
11/02/2009,MQY,TN,ASO,CE,Federal Contract Tower,0,0,46,2,48,0,0,90,2,92,0,0,136,4,140,68,0,68,208
11/03/2009,MQY,TN,ASO,CE,Federal Contract Tower,0,2,33,1,36,0,0,64,7,71,0,2,97,8,107,94,14,108,215
11/04/2009,MQY,TN,ASO,CE,Federal Contract Tower,0,8,33,7,48,0,0,60,0,60,0,8,93,7,108,74,20,94,202
11/05/2009,MQY,TN,ASO,CE,Federal Contract Tower,0,5,49,2,56,0,0,74,6,80,0,5,123,8,136,112,4,116,252
11/06/2009,MQY,TN,ASO,CE,Federal Contract Tower,0,9,55,13,77,0,0,80,12,92,0,9,135,25,169,88,22,110,279
11/07/2009,MQY,TN,ASO,CE,Federal Contract Tower,0,1,34,0,35,0,0,63,7,70,0,1,97,7,105,88,24,112,217
11/08/2009,MQY,TN,ASO,CE,Federal Contract Tower,0,6,34,2,42,0,0,58,3,61,0,6,92,5,103,114,0,114,217
11/09/2009,MQY,TN,ASO,CE,Federal Contract Tower,0,2,47,3,52,0,0,62,3,65,0,2,109,6,117,56,2,58,175
11/10/2009,MQY,TN,ASO,CE,Federal Contract Tower,0,2,40,1,43,0,0,43,6,49,0,2,83,7,92,42,28,70,162
11/11/2009,MQY,TN,ASO,CE,Federal Contract Tower,0,5,37,1,43,0,0,46,4,50,0,5,83,5,93,65,0,65,158
11/12/2009,MQY,TN,ASO,CE,Federal Contract Tower,0,3,40,2,45,0,0,72,9,81,0,3,112,11,126,80,0,80,206
11/13/2009,MQY,TN,ASO,CE,Federal Contract Tower,0,9,40,3,52,0,3,67,6,76,0,12,107,9,128,72,0,72,200
11/14/2009,MQY,TN,ASO,CE,Federal Contract Tower,0,2,26,3,31,0,2,76,4,82,0,4,102,7,113,144,12,156,269
11/15/2009,MQY,TN,ASO,CE,Federal Contract Tower,0,0,24,1,25,0,0,55,1,56,0,0,79,2,81,86,0,86,167
11/16/2009,MQY,TN,ASO,CE,Federal Contract Tower,0,2,30,8,40,0,1,64,6,71,0,3,94,14,111,24,30,54,165
11/17/2009,MQY,TN,ASO,CE,Federal Contract Tower,0,1,35,1,37,0,0,9,0,9,0,1,44,1,46,0,0,0,46
11/18/2009,MQY,TN,ASO,CE,Federal Contract Tower,0,2,35,6,43,0,0,52,4,56,0,2,87,10,99,32,8,40,139
11/19/2009,MQY,TN,ASO,CE,Federal Contract Tower,0,4,61,0,65,0,0,69,9,78,0,4,130,9,143,90,0,90,233
11/20/2009,MQY,TN,ASO,CE,Federal Contract Tower,0,1,47,6,54,0,1,55,5,61,0,2,102,11,115,58,16,74,189
11/21/2009,MQY,TN,ASO,CE,Federal Contract Tower,0,1,40,7,48,0,0,124,1,125,0,1,164,8,173,152,22,174,347
11/22/2009,MQY,TN,ASO,CE,Federal Contract Tower,0,0,15,9,24,0,0,21,0,21,0,0,36,9,45,60,0,60,105
11/23/2009,MQY,TN,ASO,CE,Federal Contract Tower,1,0,38,3,42,0,0,1,0,1,1,0,39,3,43,0,0,0,43
11/24/2009,MQY,TN,ASO,CE,Federal Contract Tower,0,9,43,5,57,0,1,44,4,49,0,10,87,9,106,108,0,108,214
11/25/2009,MQY,TN,ASO,CE,Federal Contract Tower,2,1,61,0,64,0,0,68,2,70,2,1,129,2,134,56,0,56,190
11/26/2009,MQY,TN,ASO,CE,Federal Contract Tower,0,0,9,0,9,0,1,15,0,16,0,1,24,0,25,6,0,6,31
11/27/2009,MQY,TN,ASO,CE,Federal Contract Tower,2,0,21,0,23,0,0,38,0,38,2,0,59,0,61,60,0,60,121
11/28/2009,MQY,TN,ASO,CE,Federal Contract Tower,0,0,30,0,30,0,0,63,0,63,0,0,93,0,93,34,0,34,127
11/29/2009,MQY,TN,ASO,CE,Federal Contract Tower,0,3,32,0,35,0,0,30,0,30,0,3,62,0,65,0,0,0,65
11/30/2009,MQY,TN,ASO,CE,Federal Contract Tower,0,10,35,3,48,0,0,8,0,8,0,10,43,3,56,12,0,12,68
12/01/2009,MQY,TN,ASO,CE,Federal Contract Tower,0,6,55,4,65,0,0,49,10,59,0,6,104,14,124,50,4,54,178
12/02/2009,MQY,TN,ASO,CE,Federal Contract Tower,0,5,22,2,29,0,0,0,0,0,0,5,22,2,29,0,0,0,29
12/03/2009,MQY,TN,ASO,CE,Federal Contract Tower,0,2,31,0,33,0,0,8,6,14,0,2,39,6,47,0,32,32,79
12/04/2009,MQY,TN,ASO,CE,Federal Contract Tower,0,14,60,6,80,0,4,69,11,84,0,18,129,17,164,76,10,86,250
12/05/2009,MQY,TN,ASO,CE,Federal Contract Tower,0,13,24,0,37,0,2,66,3,71,0,15,90,3,108,74,0,74,182
12/06/2009,MQY,TN,ASO,CE,Federal Contract Tower,0,0,27,0,27,0,0,51,1,52,0,0,78,1,79,66,0,66,145
12/07/2009,MQY,TN,ASO,CE,Federal Contract Tower,0,0,42,0,42,0,0,31,3,34,0,0,73,3,76,14,0,14,90
12/08/2009,MQY,TN,ASO,CE,Federal Contract Tower,0,4,13,2,19,0,0,4,0,4,0,4,17,2,23,0,0,0,23
12/09/2009,MQY,TN,ASO,CE,Federal Contract Tower,0,6,24,0,30,0,0,11,8,19,0,6,35,8,49,6,0,6,55
12/10/2009,MQY,TN,ASO,CE,Federal Contract Tower,0,2,36,6,44,0,0,55,12,67,0,2,91,18,111,42,4,46,157
12/11/2009,MQY,TN,ASO,CE,Federal Contract Tower,0,3,44,6,53,0,0,70,4,74,0,3,114,10,127,80,0,80,207
12/12/2009,MQY,TN,ASO,CE,Federal Contract Tower,0,4,37,0,41,0,0,52,3,55,0,4,89,3,96,76,18,94,190
12/13/2009,MQY,TN,ASO,CE,Federal Contract Tower,0,8,21,2,31,0,0,1,8,9,0,8,22,10,40,0,0,0,40
12/14/2009,MQY,TN,ASO,CE,Federal Contract Tower,0,0,33,10,43,0,0,17,4,21,0,0,50,14,64,18,60,78,142
12/15/2009,MQY,TN,ASO,CE,Federal Contract Tower,0,2,38,23,63,0,0,21,4,25,0,2,59,27,88,0,48,48,136
12/16/2009,MQY,TN,ASO,CE,Federal Contract Tower,2,0,48,1,51,0,1,35,1,37,2,1,83,2,88,44,12,56,144
12/17/2009,MQY,TN,ASO,CE,Federal Contract Tower,0,5,53,5,63,0,1,70,7,78,0,6,123,12,141,48,24,72,213
12/18/2009,MQY,TN,ASO,CE,Federal Contract Tower,0,5,17,0,22,0,0,2,1,3,0,5,19,1,25,0,0,0,25
12/19/2009,MQY,TN,ASO,CE,Federal Contract Tower,0,1,9,0,10,0,0,0,0,0,0,1,9,0,10,0,0,0,10
12/20/2009,MQY,TN,ASO,CE,Federal Contract Tower,0,0,15,0,15,0,0,20,0,20,0,0,35,0,35,76,0,76,111
12/21/2009,MQY,TN,ASO,CE,Federal Contract Tower,0,1,25,8,34,0,0,55,4,59,0,1,80,12,93,68,4,72,165
12/22/2009,MQY,TN,ASO,CE,Federal Contract Tower,0,2,31,0,33,0,0,64,10,74,0,2,95,10,107,70,18,88,195
12/23/2009,MQY,TN,ASO,CE,Federal Contract Tower,0,2,21,0,23,0,0,36,5,41,0,2,57,5,64,28,22,50,114
12/24/2009,MQY,TN,ASO,CE,Federal Contract Tower,0,1,6,0,7,0,0,0,0,0,0,1,6,0,7,0,0,0,7
12/25/2009,MQY,TN,ASO,CE,Federal Contract Tower,0,0,4,0,4,0,0,0,0,0,0,0,4,0,4,0,0,0,4
12/26/2009,MQY,TN,ASO,CE,Federal Contract Tower,0,0,23,1,24,0,0,61,1,62,0,0,84,2,86,18,0,18,104
12/27/2009,MQY,TN,ASO,CE,Federal Contract Tower,0,0,31,0,31,0,0,11,0,11,0,0,42,0,42,6,8,14,56
12/28/2009,MQY,TN,ASO,CE,Federal Contract Tower,0,0,34,0,34,0,0,41,2,43,0,0,75,2,77,62,0,62,139
12/29/2009,MQY,TN,ASO,CE,Federal Contract Tower,0,4,19,2,25,0,0,60,16,76,0,4,79,18,101,82,18,100,201
12/30/2009,MQY,TN,ASO,CE,Federal Contract Tower,0,1,22,2,25,0,0,24,6,30,0,1,46,8,55,6,18,24,79
12/31/2009,MQY,TN,ASO,CE,Federal Contract Tower,0,1,23,0,24,0,0,0,0,0,0,1,23,0,24,0,0,0,24
01/01/2010,MQY,TN,ASO,CE,Federal Contract Tower,0,1,8,0,9,0,0,16,0,16,0,1,24,0,25,30,0,30,55
01/02/2010,MQY,TN,ASO,CE,Federal Contract Tower,0,1,19,0,20,0,0,22,0,22,0,1,41,0,42,44,0,44,86
01/03/2010,MQY,TN,ASO,CE,Federal Contract Tower,0,0,25,0,25,0,0,13,0,13,0,0,38,0,38,14,0,14,52
01/04/2010,MQY,TN,ASO,CE,Federal Contract Tower,0,0,30,2,32,0,0,42,2,44,0,0,72,4,76,32,0,32,108
01/05/2010,MQY,TN,ASO,CE,Federal Contract Tower,0,3,38,4,45,0,0,52,2,54,0,3,90,6,99,26,44,70,169
01/06/2010,MQY,TN,ASO,CE,Federal Contract Tower,0,1,26,9,36,0,0,51,5,56,0,1,77,14,92,68,14,82,174
01/07/2010,MQY,TN,ASO,CE,Federal Contract Tower,0,3,9,0,12,0,0,2,0,2,0,3,11,0,14,0,0,0,14
01/08/2010,MQY,TN,ASO,CE,Federal Contract Tower,0,5,21,4,30,0,2,7,7,16,0,7,28,11,46,6,40,46,92
01/09/2010,MQY,TN,ASO,CE,Federal Contract Tower,0,2,11,0,13,0,0,3,11,14,0,2,14,11,27,28,10,38,65
01/10/2010,MQY,TN,ASO,CE,Federal Contract Tower,0,0,25,1,26,0,0,27,1,28,0,0,52,2,54,6,0,6,60
01/11/2010,MQY,TN,ASO,CE,Federal Contract Tower,0,0,24,1,25,0,0,35,1,36,0,0,59,2,61,54,10,64,125
01/12/2010,MQY,TN,ASO,CE,Federal Contract Tower,0,5,24,6,35,0,0,26,3,29,0,5,50,9,64,90,4,94,158
01/13/2010,MQY,TN,ASO,CE,Federal Contract Tower,0,7,33,2,42,0,0,55,13,68,0,7,88,15,110,70,16,86,196
01/14/2010,MQY,TN,ASO,CE,Federal Contract Tower,0,4,53,6,63,0,0,58,2,60,0,4,111,8,123,68,12,80,203
01/15/2010,MQY,TN,ASO,CE,Federal Contract Tower,0,5,47,0,52,0,4,59,2,65,0,9,106,2,117,42,0,42,159
01/16/2010,MQY,TN,ASO,CE,Federal Contract Tower,0,12,35,8,55,0,0,40,2,42,0,12,75,10,97,80,0,80,177
01/17/2010,MQY,TN,ASO,CE,Federal Contract Tower,0,0,26,0,26,0,0,0,0,0,0,0,26,0,26,0,0,0,26
01/18/2010,MQY,TN,ASO,CE,Federal Contract Tower,0,0,33,0,33,0,0,46,0,46,0,0,79,0,79,48,0,48,127
01/19/2010,MQY,TN,ASO,CE,Federal Contract Tower,0,3,50,2,55,0,0,33,32,65,0,3,83,34,120,20,0,20,140
01/20/2010,MQY,TN,ASO,CE,Federal Contract Tower,0,2,41,2,45,0,0,9,10,19,0,2,50,12,64,0,28,28,92
01/21/2010,MQY,TN,ASO,CE,Federal Contract Tower,0,1,17,2,20,0,0,4,1,5,0,1,21,3,25,10,0,10,35
01/22/2010,MQY,TN,ASO,CE,Federal Contract Tower,0,1,39,6,46,0,2,0,6,8,0,3,39,12,54,30,0,30,84
01/23/2010,MQY,TN,ASO,CE,Federal Contract Tower,0,1,29,0,30,0,0,38,9,47,0,1,67,9,77,40,4,44,121
01/24/2010,MQY,TN,ASO,CE,Federal Contract Tower,0,2,15,0,17,0,0,12,5,17,0,2,27,5,34,48,10,58,92
01/25/2010,MQY,TN,ASO,CE,Federal Contract Tower,0,0,11,6,17,0,0,19,0,19,0,0,30,6,36,14,16,30,66
01/26/2010,MQY,TN,ASO,CE,Federal Contract Tower,0,4,22,10,36,0,0,46,4,50,0,4,68,14,86,40,10,50,136
01/27/2010,MQY,TN,ASO,CE,Federal Contract Tower,0,1,29,12,42,0,0,40,7,47,0,1,69,19,89,86,4,90,179
01/28/2010,MQY,TN,ASO,CE,Federal Contract Tower,0,1,39,3,43,0,0,30,5,35,0,1,69,8,78,60,10,70,148
01/29/2010,MQY,TN,ASO,CE,Federal Contract Tower,0,1,6,0,7,0,0,0,0,0,0,1,6,0,7,0,0,0,7
01/30/2010,MQY,TN,ASO,CE,Federal Contract Tower,0,0,2,0,2,0,4,4,0,8,0,4,6,0,10,0,0,0,10
01/31/2010,MQY,TN,ASO,CE,Federal Contract Tower,0,0,13,0,13,0,0,7,0,7,0,0,20,0,20,0,0,0,20
02/01/2010,MQY,TN,ASO,CE,Federal Contract Tower,0,3,27,2,32,0,0,13,3,16,0,3,40,5,48,16,0,16,64
02/02/2010,MQY,TN,ASO,CE,Federal Contract Tower,0,1,14,14,29,0,0,14,2,16,0,1,28,16,45,14,0,14,59
02/03/2010,MQY,TN,ASO,CE,Federal Contract Tower,0,2,46,19,67,0,0,60,10,70,0,2,106,29,137,28,12,40,177
02/04/2010,MQY,TN,ASO,CE,Federal Contract Tower,2,2,18,9,31,0,0,22,4,26,2,2,40,13,57,10,10,20,77
02/05/2010,MQY,TN,ASO,CE,Federal Contract Tower,1,9,30,2,42,0,0,0,0,0,1,9,30,2,42,0,0,0,42
02/06/2010,MQY,TN,ASO,CE,Federal Contract Tower,2,1,4,1,8,0,0,2,6,8,2,1,6,7,16,0,14,14,30
02/07/2010,MQY,TN,ASO,CE,Federal Contract Tower,0,2,4,0,6,0,0,17,0,17,0,2,21,0,23,36,0,36,59
02/08/2010,MQY,TN,ASO,CE,Federal Contract Tower,2,2,27,0,31,0,2,45,0,47,2,4,72,0,78,42,0,42,120
02/09/2010,MQY,TN,ASO,CE,Federal Contract Tower,0,2,24,2,28,0,0,1,3,4,0,2,25,5,32,0,0,0,32
02/10/2010,MQY,TN,ASO,CE,Federal Contract Tower,0,2,19,0,21,0,0,18,6,24,0,2,37,6,45,64,12,76,121
02/11/2010,MQY,TN,ASO,CE,Federal Contract Tower,1,5,36,2,44,0,0,82,7,89,1,5,118,9,133,88,20,108,241
02/12/2010,MQY,TN,ASO,CE,Federal Contract Tower,0,4,38,9,51,0,2,57,13,72,0,6,95,22,123,102,24,126,249
02/13/2010,MQY,TN,ASO,CE,Federal Contract Tower,0,1,25,2,28,0,0,68,12,80,0,1,93,14,108,56,0,56,164
02/14/2010,MQY,TN,ASO,CE,Federal Contract Tower,0,1,2,0,3,0,0,0,0,0,0,1,2,0,3,0,0,0,3
02/15/2010,MQY,TN,ASO,CE,Federal Contract Tower,0,0,19,0,19,0,0,1,0,1,0,0,20,0,20,0,0,0,20
02/16/2010,MQY,TN,ASO,CE,Federal Contract Tower,0,4,31,0,35,0,0,11,0,11,0,4,42,0,46,6,0,6,52
02/17/2010,MQY,TN,ASO,CE,Federal Contract Tower,0,1,36,7,44,0,0,43,14,57,0,1,79,21,101,140,10,150,251
02/18/2010,MQY,TN,ASO,CE,Federal Contract Tower,0,2,54,16,72,0,0,73,11,84,0,2,127,27,156,58,48,106,262
02/19/2010,MQY,TN,ASO,CE,Federal Contract Tower,4,8,65,0,77,0,1,68,17,86,4,9,133,17,163,78,16,94,257
02/20/2010,MQY,TN,ASO,CE,Federal Contract Tower,0,0,25,15,40,0,0,73,2,75,0,0,98,17,115,56,6,62,177
02/21/2010,MQY,TN,ASO,CE,Federal Contract Tower,0,0,36,1,37,0,0,66,0,66,0,0,102,1,103,70,0,70,173
02/22/2010,MQY,TN,ASO,CE,Federal Contract Tower,0,0,4,21,25,0,0,2,0,2,0,0,6,21,27,12,0,12,39
02/23/2010,MQY,TN,ASO,CE,Federal Contract Tower,0,4,19,2,25,0,0,27,7,34,0,4,46,9,59,20,0,20,79
02/24/2010,MQY,TN,ASO,CE,Federal Contract Tower,0,5,37,15,57,0,0,33,2,35,0,5,70,17,92,24,22,46,138
02/25/2010,MQY,TN,ASO,CE,Federal Contract Tower,0,6,56,4,66,0,0,61,12,73,0,6,117,16,139,70,14,84,223
02/26/2010,MQY,TN,ASO,CE,Federal Contract Tower,0,3,29,10,42,0,0,61,3,64,0,3,90,13,106,80,6,86,192
02/27/2010,MQY,TN,ASO,CE,Federal Contract Tower,0,2,23,2,27,0,0,79,3,82,0,2,102,5,109,66,0,66,175
02/28/2010,MQY,TN,ASO,CE,Federal Contract Tower,0,2,31,6,39,0,0,58,0,58,0,2,89,6,97,102,0,102,199
03/01/2010,MQY,TN,ASO,CE,Federal Contract Tower,0,0,35,10,45,0,0,55,5,60,0,0,90,15,105,28,8,36,141
03/02/2010,MQY,TN,ASO,CE,Federal Contract Tower,2,2,13,2,19,0,0,11,0,11,2,2,24,2,30,0,0,0,30
03/03/2010,MQY,TN,ASO,CE,Federal Contract Tower,0,3,20,2,25,0,0,16,14,30,0,3,36,16,55,0,2,2,57
03/04/2010,MQY,TN,ASO,CE,Federal Contract Tower,2,2,37,3,44,0,0,73,9,82,2,2,110,12,126,98,0,98,224
03/05/2010,MQY,TN,ASO,CE,Federal Contract Tower,0,1,43,3,47,0,0,109,23,132,0,1,152,26,179,86,8,94,273
03/06/2010,MQY,TN,ASO,CE,Federal Contract Tower,0,0,22,13,35,0,0,116,9,125,0,0,138,22,160,64,6,70,230
03/07/2010,MQY,TN,ASO,CE,Federal Contract Tower,0,0,40,2,42,0,0,70,0,70,0,0,110,2,112,122,0,122,234
03/08/2010,MQY,TN,ASO,CE,Federal Contract Tower,0,9,36,17,62,0,0,55,14,69,0,9,91,31,131,122,12,134,265
03/09/2010,MQY,TN,ASO,CE,Federal Contract Tower,0,9,17,30,56,0,0,44,13,57,0,9,61,43,113,130,72,202,315
03/10/2010,MQY,TN,ASO,CE,Federal Contract Tower,0,2,41,5,48,0,0,36,10,46,0,2,77,15,94,78,10,88,182
03/11/2010,MQY,TN,ASO,CE,Federal Contract Tower,0,1,25,4,30,0,0,14,9,23,0,1,39,13,53,40,20,60,113
03/12/2010,MQY,TN,ASO,CE,Federal Contract Tower,0,3,31,2,36,0,0,17,0,17,0,3,48,2,53,22,4,26,79
03/13/2010,MQY,TN,ASO,CE,Federal Contract Tower,0,2,35,0,37,0,0,15,1,16,0,2,50,1,53,20,0,20,73
03/14/2010,MQY,TN,ASO,CE,Federal Contract Tower,1,0,25,0,26,0,0,3,0,3,1,0,28,0,29,6,0,6,35
03/15/2010,MQY,TN,ASO,CE,Federal Contract Tower,0,0,35,9,44,0,0,18,4,22,0,0,53,13,66,42,0,42,108
03/16/2010,MQY,TN,ASO,CE,Federal Contract Tower,1,3,48,5,57,0,2,67,9,78,1,5,115,14,135,146,4,150,285
03/17/2010,MQY,TN,ASO,CE,Federal Contract Tower,0,3,36,15,54,0,2,43,8,53,0,5,79,23,107,62,13,75,182
03/18/2010,MQY,TN,ASO,CE,Federal Contract Tower,0,1,37,8,46,0,0,59,19,78,0,1,96,27,124,58,32,90,214
03/19/2010,MQY,TN,ASO,CE,Federal Contract Tower,2,1,45,4,52,0,0,104,4,108,2,1,149,8,160,86,4,90,250
03/20/2010,MQY,TN,ASO,CE,Federal Contract Tower,4,0,29,0,33,0,0,76,11,87,4,0,105,11,120,80,0,80,200
03/21/2010,MQY,TN,ASO,CE,Federal Contract Tower,4,0,18,0,22,0,0,4,0,4,4,0,22,0,26,0,0,0,26
03/22/2010,MQY,TN,ASO,CE,Federal Contract Tower,0,1,17,5,23,0,0,15,2,17,0,1,32,7,40,34,10,44,84
03/23/2010,MQY,TN,ASO,CE,Federal Contract Tower,0,2,52,2,56,0,0,58,2,60,0,2,110,4,116,72,12,84,200
03/24/2010,MQY,TN,ASO,CE,Federal Contract Tower,0,3,30,5,38,0,0,85,2,87,0,3,115,7,125,150,8,158,283
03/25/2010,MQY,TN,ASO,CE,Federal Contract Tower,1,5,26,13,45,0,0,10,4,14,1,5,36,17,59,6,18,24,83
03/26/2010,MQY,TN,ASO,CE,Federal Contract Tower,0,2,40,2,44,0,0,65,0,65,0,2,105,2,109,170,0,170,279
03/27/2010,MQY,TN,ASO,CE,Federal Contract Tower,0,4,27,0,31,0,0,86,1,87,0,4,113,1,118,128,0,128,246
03/28/2010,MQY,TN,ASO,CE,Federal Contract Tower,0,0,8,0,8,0,0,2,0,2,0,0,10,0,10,0,0,0,10
03/29/2010,MQY,TN,ASO,CE,Federal Contract Tower,0,0,23,4,27,0,0,65,0,65,0,0,88,4,92,72,0,72,164
03/30/2010,MQY,TN,ASO,CE,Federal Contract Tower,0,10,36,8,54,0,0,57,12,69,0,10,93,20,123,30,26,56,179
03/31/2010,MQY,TN,ASO,CE,Federal Contract Tower,0,2,51,5,58,0,0,85,4,89,0,2,136,9,147,68,0,68,215
04/01/2010,MQY,TN,ASO,CE,Federal Contract Tower,4,1,47,17,69,0,0,97,10,107,4,1,144,27,176,120,62,182,358
04/02/2010,MQY,TN,ASO,CE,Federal Contract Tower,6,2,65,1,74,0,0,70,0,70,6,2,135,1,144,74,0,74,218
04/03/2010,MQY,TN,ASO,CE,Federal Contract Tower,6,2,31,2,41,0,0,29,7,36,6,2,60,9,77,0,12,12,89
04/04/2010,MQY,TN,ASO,CE,Federal Contract Tower,0,0,21,8,29,0,0,37,0,37,0,0,58,8,66,8,0,8,74
04/05/2010,MQY,TN,ASO,CE,Federal Contract Tower,0,0,44,8,52,0,0,43,5,48,0,0,87,13,100,50,24,74,174
04/06/2010,MQY,TN,ASO,CE,Federal Contract Tower,0,4,45,0,49,0,2,67,6,75,0,6,112,6,124,58,0,58,182
04/07/2010,MQY,TN,ASO,CE,Federal Contract Tower,0,5,31,13,49,0,0,40,2,42,0,5,71,15,91,28,0,28,119
04/08/2010,MQY,TN,ASO,CE,Federal Contract Tower,0,6,37,6,49,0,0,14,7,21,0,6,51,13,70,36,36,72,142
04/09/2010,MQY,TN,ASO,CE,Federal Contract Tower,0,2,48,0,50,0,0,57,5,62,0,2,105,5,112,56,0,56,168
04/10/2010,MQY,TN,ASO,CE,Federal Contract Tower,0,2,31,9,42,0,0,76,11,87,0,2,107,20,129,80,2,82,211
04/11/2010,MQY,TN,ASO,CE,Federal Contract Tower,0,0,21,3,24,0,0,83,3,86,0,0,104,6,110,118,12,130,240
04/12/2010,MQY,TN,ASO,CE,Federal Contract Tower,0,1,17,6,24,0,0,43,5,48,0,1,60,11,72,24,6,30,102
04/13/2010,MQY,TN,ASO,CE,Federal Contract Tower,0,1,40,5,46,0,0,72,7,79,0,1,112,12,125,74,12,86,211
04/14/2010,MQY,TN,ASO,CE,Federal Contract Tower,0,2,79,2,83,0,2,63,17,82,0,4,142,19,165,46,0,46,211
04/15/2010,MQY,TN,ASO,CE,Federal Contract Tower,0,2,46,13,61,0,2,75,12,89,0,4,121,25,150,64,22,86,236
04/16/2010,MQY,TN,ASO,CE,Federal Contract Tower,0,2,44,4,50,0,0,51,4,55,0,2,95,8,105,28,0,28,133
04/17/2010,MQY,TN,ASO,CE,Federal Contract Tower,0,0,18,2,20,0,0,36,3,39,0,0,54,5,59,70,4,74,133
04/18/2010,MQY,TN,ASO,CE,Federal Contract Tower,0,0,39,5,44,0,2,91,2,95,0,2,130,7,139,36,0,36,175
04/19/2010,MQY,TN,ASO,CE,Federal Contract Tower,0,1,36,15,52,0,0,58,7,65,0,1,94,22,117,54,7,61,178
04/20/2010,MQY,TN,ASO,CE,Federal Contract Tower,0,1,31,7,39,0,0,58,1,59,0,1,89,8,98,64,14,78,176
04/21/2010,MQY,TN,ASO,CE,Federal Contract Tower,0,1,51,8,60,0,0,50,5,55,0,1,101,13,115,76,0,76,191
04/22/2010,MQY,TN,ASO,CE,Federal Contract Tower,0,4,46,5,55,0,2,51,7,60,0,6,97,12,115,94,8,102,217
04/23/2010,MQY,TN,ASO,CE,Federal Contract Tower,0,3,48,7,58,0,0,58,2,60,0,3,106,9,118,30,0,30,148
04/24/2010,MQY,TN,ASO,CE,Federal Contract Tower,0,2,2,0,4,0,0,7,0,7,0,2,9,0,11,0,0,0,11
04/25/2010,MQY,TN,ASO,CE,Federal Contract Tower,0,0,18,1,19,0,2,19,4,25,0,2,37,5,44,4,0,4,48
04/26/2010,MQY,TN,ASO,CE,Federal Contract Tower,0,0,23,2,25,0,0,8,1,9,0,0,31,3,34,4,0,4,38
04/27/2010,MQY,TN,ASO,CE,Federal Contract Tower,0,6,29,13,48,0,2,24,4,30,0,8,53,17,78,14,30,44,122
04/28/2010,MQY,TN,ASO,CE,Federal Contract Tower,3,5,60,8,76,0,2,60,14,76,3,7,120,22,152,56,0,56,208
04/29/2010,MQY,TN,ASO,CE,Federal Contract Tower,2,3,41,6,52,0,0,75,3,78,2,3,116,9,130,66,0,66,196
04/30/2010,MQY,TN,ASO,CE,Federal Contract Tower,2,5,39,10,56,0,0,18,15,33,2,5,57,25,89,12,20,32,121
05/01/2010,MQY,TN,ASO,CE,Federal Contract Tower,0,1,2,1,4,0,0,0,0,0,0,1,2,1,4,0,0,0,4
05/02/2010,MQY,TN,ASO,CE,Federal Contract Tower,0,0,3,1,4,0,0,0,0,0,0,0,3,1,4,0,0,0,4
05/03/2010,MQY,TN,ASO,CE,Federal Contract Tower,0,1,48,1,50,0,1,63,3,67,0,2,111,4,117,86,0,86,203
05/04/2010,MQY,TN,ASO,CE,Federal Contract Tower,1,4,33,1,39,0,0,79,1,80,1,4,112,2,119,42,6,48,167
05/05/2010,MQY,TN,ASO,CE,Federal Contract Tower,0,3,29,5,37,0,0,56,7,63,0,3,85,12,100,72,2,74,174
05/06/2010,MQY,TN,ASO,CE,Federal Contract Tower,2,5,57,1,65,0,0,57,5,62,2,5,114,6,127,104,0,104,231
05/07/2010,MQY,TN,ASO,CE,Federal Contract Tower,0,2,30,2,34,0,0,37,5,42,0,2,67,7,76,10,0,10,86
05/08/2010,MQY,TN,ASO,CE,Federal Contract Tower,0,0,13,5,18,0,0,47,1,48,0,0,60,6,66,74,0,74,140
05/09/2010,MQY,TN,ASO,CE,Federal Contract Tower,0,4,26,0,30,0,0,50,8,58,0,4,76,8,88,46,4,50,138
05/10/2010,MQY,TN,ASO,CE,Federal Contract Tower,2,0,27,7,36,0,0,34,0,34,2,0,61,7,70,16,0,16,86
05/11/2010,MQY,TN,ASO,CE,Federal Contract Tower,0,4,27,2,33,0,0,18,12,30,0,4,45,14,63,0,12,12,75
05/12/2010,MQY,TN,ASO,CE,Federal Contract Tower,0,1,34,6,41,0,0,51,8,59,0,1,85,14,100,46,0,46,146
05/13/2010,MQY,TN,ASO,CE,Federal Contract Tower,0,3,18,6,27,0,0,31,26,57,0,3,49,32,84,28,28,56,140
05/14/2010,MQY,TN,ASO,CE,Federal Contract Tower,0,3,17,8,28,0,0,28,2,30,0,3,45,10,58,14,0,14,72
05/15/2010,MQY,TN,ASO,CE,Federal Contract Tower,0,0,18,0,18,0,0,17,5,22,0,0,35,5,40,26,6,32,72
05/16/2010,MQY,TN,ASO,CE,Federal Contract Tower,0,2,17,0,19,0,0,0,0,0,0,2,17,0,19,0,0,0,19
05/17/2010,MQY,TN,ASO,CE,Federal Contract Tower,0,0,26,2,28,0,0,53,1,54,0,0,79,3,82,40,16,56,138
05/18/2010,MQY,TN,ASO,CE,Federal Contract Tower,0,1,35,3,39,0,0,41,6,47,0,1,76,9,86,120,20,140,226
05/19/2010,MQY,TN,ASO,CE,Federal Contract Tower,0,1,50,4,55,0,0,80,7,87,0,1,130,11,142,66,14,80,222
05/20/2010,MQY,TN,ASO,CE,Federal Contract Tower,0,1,36,11,48,0,0,47,7,54,0,1,83,18,102,44,28,72,174
05/21/2010,MQY,TN,ASO,CE,Federal Contract Tower,0,0,28,12,40,0,0,26,1,27,0,0,54,13,67,6,20,26,93
05/22/2010,MQY,TN,ASO,CE,Federal Contract Tower,0,3,34,0,37,0,0,83,2,85,0,3,117,2,122,80,0,80,202
05/23/2010,MQY,TN,ASO,CE,Federal Contract Tower,0,1,45,0,46,0,0,69,0,69,0,1,114,0,115,48,0,48,163
05/24/2010,MQY,TN,ASO,CE,Federal Contract Tower,3,2,31,3,39,0,0,68,7,75,3,2,99,10,114,54,7,61,175
05/25/2010,MQY,TN,ASO,CE,Federal Contract Tower,0,7,38,3,48,0,0,68,9,77,0,7,106,12,125,68,22,90,215
05/26/2010,MQY,TN,ASO,CE,Federal Contract Tower,0,1,43,5,49,0,0,49,22,71,0,1,92,27,120,78,0,78,198
05/27/2010,MQY,TN,ASO,CE,Federal Contract Tower,0,4,42,2,48,0,0,70,7,77,0,4,112,9,125,94,0,94,219
05/28/2010,MQY,TN,ASO,CE,Federal Contract Tower,0,8,34,7,49,0,0,40,13,53,0,8,74,20,102,22,28,50,152
05/29/2010,MQY,TN,ASO,CE,Federal Contract Tower,0,1,25,0,26,0,0,42,1,43,0,1,67,1,69,56,0,56,125
05/30/2010,MQY,TN,ASO,CE,Federal Contract Tower,0,0,13,0,13,0,0,30,0,30,0,0,43,0,43,28,0,28,71
05/31/2010,MQY,TN,ASO,CE,Federal Contract Tower,0,4,21,0,25,0,0,3,0,3,0,4,24,0,28,10,0,10,38
06/01/2010,MQY,TN,ASO,CE,Federal Contract Tower,0,1,22,3,26,0,0,50,7,57,0,1,72,10,83,88,2,90,173
06/02/2010,MQY,TN,ASO,CE,Federal Contract Tower,0,4,30,16,50,0,0,43,26,69,0,4,73,42,119,40,46,86,205
06/03/2010,MQY,TN,ASO,CE,Federal Contract Tower,0,28,25,23,76,0,3,48,13,64,0,31,73,36,140,38,24,62,202
06/04/2010,MQY,TN,ASO,CE,Federal Contract Tower,8,7,34,3,52,0,0,50,13,63,8,7,84,16,115,58,30,88,203
06/05/2010,MQY,TN,ASO,CE,Federal Contract Tower,3,2,19,2,26,0,0,56,2,58,3,2,75,4,84,36,0,36,120
06/06/2010,MQY,TN,ASO,CE,Federal Contract Tower,0,0,17,5,22,0,0,19,2,21,0,0,36,7,43,14,0,14,57
06/07/2010,MQY,TN,ASO,CE,Federal Contract Tower,0,2,35,0,37,0,1,45,3,49,0,3,80,3,86,76,0,76,162
06/08/2010,MQY,TN,ASO,CE,Federal Contract Tower,2,7,27,5,41,0,0,49,11,60,2,7,76,16,101,52,12,64,165
06/09/2010,MQY,TN,ASO,CE,Federal Contract Tower,1,2,23,15,41,0,0,8,3,11,1,2,31,18,52,22,36,58,110
06/10/2010,MQY,TN,ASO,CE,Federal Contract Tower,0,15,37,8,60,0,2,63,9,74,0,17,100,17,134,82,8,90,224
06/11/2010,MQY,TN,ASO,CE,Federal Contract Tower,0,4,46,16,66,0,0,27,21,48,0,4,73,37,114,14,22,36,150
06/12/2010,MQY,TN,ASO,CE,Federal Contract Tower,2,0,22,1,25,0,0,45,0,45,2,0,67,1,70,48,0,48,118
06/13/2010,MQY,TN,ASO,CE,Federal Contract Tower,0,3,19,5,27,0,0,31,5,36,0,3,50,10,63,28,2,30,93
06/14/2010,MQY,TN,ASO,CE,Federal Contract Tower,0,1,14,5,20,0,1,45,19,65,0,2,59,24,85,42,0,42,127
06/15/2010,MQY,TN,ASO,CE,Federal Contract Tower,0,1,30,3,34,0,0,47,11,58,0,1,77,14,92,48,6,54,146
06/16/2010,MQY,TN,ASO,CE,Federal Contract Tower,0,2,38,17,57,0,0,54,16,70,0,2,92,33,127,84,36,120,247
06/17/2010,MQY,TN,ASO,CE,Federal Contract Tower,0,1,32,4,37,0,1,38,4,43,0,2,70,8,80,28,0,28,108
06/18/2010,MQY,TN,ASO,CE,Federal Contract Tower,0,0,37,9,46,0,0,46,6,52,0,0,83,15,98,28,0,28,126
06/19/2010,MQY,TN,ASO,CE,Federal Contract Tower,0,2,23,1,26,0,0,77,1,78,0,2,100,2,104,64,0,64,168
06/20/2010,MQY,TN,ASO,CE,Federal Contract Tower,0,0,28,2,30,0,0,36,4,40,0,0,64,6,70,18,0,18,88
06/21/2010,MQY,TN,ASO,CE,Federal Contract Tower,0,0,23,7,30,0,0,46,6,52,0,0,69,13,82,31,2,33,115
06/22/2010,MQY,TN,ASO,CE,Federal Contract Tower,0,1,40,3,44,0,0,57,6,63,0,1,97,9,107,44,8,52,159
06/23/2010,MQY,TN,ASO,CE,Federal Contract Tower,0,2,70,5,77,0,0,64,11,75,0,2,134,16,152,66,0,66,218
06/24/2010,MQY,TN,ASO,CE,Federal Contract Tower,0,3,31,14,48,0,0,50,29,79,0,3,81,43,127,54,12,66,193
06/25/2010,MQY,TN,ASO,CE,Federal Contract Tower,3,2,28,4,37,0,0,66,8,74,3,2,94,12,111,82,8,90,201
06/26/2010,MQY,TN,ASO,CE,Federal Contract Tower,0,0,13,0,13,0,0,40,0,40,0,0,53,0,53,22,0,22,75
06/27/2010,MQY,TN,ASO,CE,Federal Contract Tower,0,0,18,1,19,0,0,36,0,36,0,0,54,1,55,70,0,70,125
06/28/2010,MQY,TN,ASO,CE,Federal Contract Tower,0,0,35,0,35,0,0,35,14,49,0,0,70,14,84,20,6,26,110
06/29/2010,MQY,TN,ASO,CE,Federal Contract Tower,0,3,58,11,72,0,0,70,35,105,0,3,128,46,177,56,30,86,263
06/30/2010,MQY,TN,ASO,CE,Federal Contract Tower,0,1,50,11,62,0,0,0,0,0,0,1,50,11,62,120,0,120,182
07/01/2010,MQY,TN,ASO,CE,Federal Contract Tower,0,3,38,25,66,0,0,63,30,93,0,3,101,55,159,62,26,88,247
07/02/2010,MQY,TN,ASO,CE,Federal Contract Tower,0,7,41,1,49,0,0,57,1,58,0,7,98,2,107,90,0,90,197
07/03/2010,MQY,TN,ASO,CE,Federal Contract Tower,0,1,14,8,23,0,0,62,9,71,0,1,76,17,94,44,0,44,138
07/04/2010,MQY,TN,ASO,CE,Federal Contract Tower,0,0,9,0,9,0,0,24,0,24,0,0,33,0,33,16,0,16,49
07/05/2010,MQY,TN,ASO,CE,Federal Contract Tower,0,2,35,0,37,0,0,63,0,63,0,2,98,0,100,62,0,62,162
07/06/2010,MQY,TN,ASO,CE,Federal Contract Tower,0,0,25,17,42,0,0,55,6,61,0,0,80,23,103,54,4,58,161
07/07/2010,MQY,TN,ASO,CE,Federal Contract Tower,0,1,30,12,43,0,0,66,19,85,0,1,96,31,128,54,34,88,216
07/08/2010,MQY,TN,ASO,CE,Federal Contract Tower,0,1,35,4,40,0,0,48,7,55,0,1,83,11,95,34,6,40,135
07/09/2010,MQY,TN,ASO,CE,Federal Contract Tower,0,0,37,12,49,0,0,39,13,52,0,0,76,25,101,50,12,62,163
07/10/2010,MQY,TN,ASO,CE,Federal Contract Tower,0,8,22,5,35,0,0,40,13,53,0,8,62,18,88,68,6,74,162
07/11/2010,MQY,TN,ASO,CE,Federal Contract Tower,0,15,9,0,24,0,0,30,5,35,0,15,39,5,59,0,0,0,59
07/12/2010,MQY,TN,ASO,CE,Federal Contract Tower,0,1,25,2,28,0,0,37,5,42,0,1,62,7,70,52,0,52,122
07/13/2010,MQY,TN,ASO,CE,Federal Contract Tower,0,2,22,5,29,0,0,24,1,25,0,2,46,6,54,14,26,40,94
07/14/2010,MQY,TN,ASO,CE,Federal Contract Tower,0,5,23,8,36,0,0,69,10,79,0,5,92,18,115,96,14,110,225
07/15/2010,MQY,TN,ASO,CE,Federal Contract Tower,0,1,25,9,35,0,0,51,17,68,0,1,76,26,103,34,10,44,147
07/16/2010,MQY,TN,ASO,CE,Federal Contract Tower,0,2,39,7,48,0,0,29,8,37,0,2,68,15,85,12,0,12,97
07/17/2010,MQY,TN,ASO,CE,Federal Contract Tower,0,0,17,10,27,0,0,28,1,29,0,0,45,11,56,80,0,80,136
07/18/2010,MQY,TN,ASO,CE,Federal Contract Tower,1,1,26,4,32,0,0,36,1,37,1,1,62,5,69,26,0,26,95
07/19/2010,MQY,TN,ASO,CE,Federal Contract Tower,0,0,20,2,22,0,0,34,7,41,0,0,54,9,63,10,0,10,73
07/20/2010,MQY,TN,ASO,CE,Federal Contract Tower,0,2,20,11,33,0,0,49,13,62,0,2,69,24,95,56,18,74,169
07/21/2010,MQY,TN,ASO,CE,Federal Contract Tower,0,1,48,8,57,0,0,34,9,43,0,1,82,17,100,94,2,96,196
07/22/2010,MQY,TN,ASO,CE,Federal Contract Tower,0,1,43,6,50,0,0,42,18,60,0,1,85,24,110,62,0,62,172
07/23/2010,MQY,TN,ASO,CE,Federal Contract Tower,0,2,21,3,26,0,0,37,6,43,0,2,58,9,69,66,20,86,155
07/24/2010,MQY,TN,ASO,CE,Federal Contract Tower,1,4,32,5,42,0,0,68,3,71,1,4,100,8,113,66,0,66,179
07/25/2010,MQY,TN,ASO,CE,Federal Contract Tower,0,7,24,2,33,0,0,31,9,40,0,7,55,11,73,10,8,18,91
07/26/2010,MQY,TN,ASO,CE,Federal Contract Tower,0,4,39,2,45,0,0,30,5,35,0,4,69,7,80,48,0,48,128
07/27/2010,MQY,TN,ASO,CE,Federal Contract Tower,0,0,35,3,38,0,0,33,18,51,0,0,68,21,89,40,0,40,129
07/28/2010,MQY,TN,ASO,CE,Federal Contract Tower,0,2,35,2,39,0,1,22,13,36,0,3,57,15,75,24,64,88,163
07/29/2010,MQY,TN,ASO,CE,Federal Contract Tower,0,3,19,2,24,0,8,35,12,55,0,11,54,14,79,48,14,62,141
07/30/2010,MQY,TN,ASO,CE,Federal Contract Tower,0,2,24,7,33,0,0,41,4,45,0,2,65,11,78,76,6,82,160
07/31/2010,MQY,TN,ASO,CE,Federal Contract Tower,0,3,11,1,15,0,0,27,2,29,0,3,38,3,44,12,0,12,56
08/01/2010,MQY,TN,ASO,CE,Federal Contract Tower,0,1,29,0,30,0,0,47,0,47,0,1,76,0,77,66,0,66,143
08/02/2010,MQY,TN,ASO,CE,Federal Contract Tower,0,4,43,5,52,0,0,47,0,47,0,4,90,5,99,50,0,50,149
08/03/2010,MQY,TN,ASO,CE,Federal Contract Tower,0,3,33,3,39,0,0,50,1,51,0,3,83,4,90,58,0,58,148
08/04/2010,MQY,TN,ASO,CE,Federal Contract Tower,0,0,25,18,43,0,0,42,2,44,0,0,67,20,87,28,24,52,139
08/05/2010,MQY,TN,ASO,CE,Federal Contract Tower,0,1,29,2,32,0,0,30,0,30,0,1,59,2,62,6,0,6,68
08/06/2010,MQY,TN,ASO,CE,Federal Contract Tower,4,0,42,4,50,0,0,33,9,42,4,0,75,13,92,56,0,56,148
08/07/2010,MQY,TN,ASO,CE,Federal Contract Tower,0,2,33,0,35,0,0,84,10,94,0,2,117,10,129,46,0,46,175
08/08/2010,MQY,TN,ASO,CE,Federal Contract Tower,0,2,26,0,28,0,0,32,12,44,0,2,58,12,72,34,0,34,106
08/09/2010,MQY,TN,ASO,CE,Federal Contract Tower,0,1,38,14,53,0,0,36,6,42,0,1,74,20,95,46,2,48,143
08/10/2010,MQY,TN,ASO,CE,Federal Contract Tower,1,2,27,1,31,0,1,60,14,75,1,3,87,15,106,78,12,90,196
08/11/2010,MQY,TN,ASO,CE,Federal Contract Tower,0,2,46,2,50,0,0,44,11,55,0,2,90,13,105,66,18,84,189
08/12/2010,MQY,TN,ASO,CE,Federal Contract Tower,0,9,39,20,68,0,0,24,11,35,0,9,63,31,103,110,10,120,223
08/13/2010,MQY,TN,ASO,CE,Federal Contract Tower,0,1,49,2,52,0,6,36,10,52,0,7,85,12,104,58,0,58,162
08/14/2010,MQY,TN,ASO,CE,Federal Contract Tower,0,4,9,2,15,0,0,80,4,84,0,4,89,6,99,14,0,14,113
08/15/2010,MQY,TN,ASO,CE,Federal Contract Tower,0,4,11,1,16,0,0,28,0,28,0,4,39,1,44,33,0,33,77
08/16/2010,MQY,TN,ASO,CE,Federal Contract Tower,0,3,29,17,49,0,0,32,5,37,0,3,61,22,86,68,16,84,170
08/17/2010,MQY,TN,ASO,CE,Federal Contract Tower,0,0,17,12,29,0,0,36,8,44,0,0,53,20,73,54,0,54,127
08/18/2010,MQY,TN,ASO,CE,Federal Contract Tower,0,1,27,1,29,0,0,0,3,3,0,1,27,4,32,0,0,0,32
08/19/2010,MQY,TN,ASO,CE,Federal Contract Tower,0,5,51,5,61,0,0,27,10,37,0,5,78,15,98,26,14,40,138
08/20/2010,MQY,TN,ASO,CE,Federal Contract Tower,0,2,33,4,39,0,2,40,8,50,0,4,73,12,89,28,6,34,123
08/21/2010,MQY,TN,ASO,CE,Federal Contract Tower,0,1,19,2,22,0,0,28,4,32,0,1,47,6,54,14,8,22,76
08/22/2010,MQY,TN,ASO,CE,Federal Contract Tower,0,1,28,2,31,0,0,29,4,33,0,1,57,6,64,56,4,60,124
08/23/2010,MQY,TN,ASO,CE,Federal Contract Tower,0,2,31,6,39,0,1,55,17,73,0,3,86,23,112,62,6,68,180
08/24/2010,MQY,TN,ASO,CE,Federal Contract Tower,0,1,38,6,45,0,3,75,26,104,0,4,113,32,149,58,26,84,233
08/25/2010,MQY,TN,ASO,CE,Federal Contract Tower,0,2,24,9,35,0,0,50,16,66,0,2,74,25,101,54,60,114,215
08/26/2010,MQY,TN,ASO,CE,Federal Contract Tower,0,3,27,4,34,0,4,55,17,76,0,7,82,21,110,0,45,45,155
08/27/2010,MQY,TN,ASO,CE,Federal Contract Tower,0,1,34,2,37,0,0,49,12,61,0,1,83,14,98,24,0,24,122
08/28/2010,MQY,TN,ASO,CE,Federal Contract Tower,0,4,28,0,32,0,0,59,1,60,0,4,87,1,92,36,0,36,128
08/29/2010,MQY,TN,ASO,CE,Federal Contract Tower,0,0,18,0,18,0,0,32,0,32,0,0,50,0,50,40,0,40,90
08/30/2010,MQY,TN,ASO,CE,Federal Contract Tower,0,0,22,0,22,0,0,41,5,46,0,0,63,5,68,28,0,28,96
08/31/2010,MQY,TN,ASO,CE,Federal Contract Tower,0,2,38,3,43,0,0,54,20,74,0,2,92,23,117,70,26,96,213
09/01/2010,MQY,TN,ASO,CE,Federal Contract Tower,2,2,33,2,39,0,0,53,7,60,2,2,86,9,99,50,12,62,161
09/02/2010,MQY,TN,ASO,CE,Federal Contract Tower,0,2,22,11,35,0,1,58,14,73,0,3,80,25,108,36,14,50,158
09/03/2010,MQY,TN,ASO,CE,Federal Contract Tower,0,1,41,15,57,0,0,24,3,27,0,1,65,18,84,10,48,58,142
09/04/2010,MQY,TN,ASO,CE,Federal Contract Tower,0,3,29,0,32,0,0,46,1,47,0,3,75,1,79,36,0,36,115
09/05/2010,MQY,TN,ASO,CE,Federal Contract Tower,0,0,14,0,14,0,0,43,0,43,0,0,57,0,57,36,0,36,93
09/06/2010,MQY,TN,ASO,CE,Federal Contract Tower,0,0,28,0,28,0,0,52,2,54,0,0,80,2,82,0,0,0,82
09/07/2010,MQY,TN,ASO,CE,Federal Contract Tower,0,0,49,12,61,0,0,24,13,37,0,0,73,25,98,8,48,56,154
09/08/2010,MQY,TN,ASO,CE,Federal Contract Tower,0,6,44,12,62,0,1,18,14,33,0,7,62,26,95,26,26,52,147
09/09/2010,MQY,TN,ASO,CE,Federal Contract Tower,0,3,41,6,50,0,0,30,26,56,0,3,71,32,106,50,62,112,218
09/10/2010,MQY,TN,ASO,CE,Federal Contract Tower,0,7,34,3,44,0,0,18,4,22,0,7,52,7,66,8,0,8,74
09/11/2010,MQY,TN,ASO,CE,Federal Contract Tower,0,1,21,1,23,0,0,38,13,51,0,1,59,14,74,12,0,12,86
09/12/2010,MQY,TN,ASO,CE,Federal Contract Tower,0,1,22,2,25,0,0,57,26,83,0,1,79,28,108,48,3,51,159
09/13/2010,MQY,TN,ASO,CE,Federal Contract Tower,0,1,18,1,20,0,0,45,1,46,0,1,63,2,66,42,0,42,108
09/14/2010,MQY,TN,ASO,CE,Federal Contract Tower,0,4,45,8,57,0,0,74,10,84,0,4,119,18,141,30,18,48,189
09/15/2010,MQY,TN,ASO,CE,Federal Contract Tower,2,3,31,9,45,0,0,35,36,71,2,3,66,45,116,50,32,82,198
09/16/2010,MQY,TN,ASO,CE,Federal Contract Tower,0,0,31,7,38,0,1,27,20,48,0,1,58,27,86,24,0,24,110
09/17/2010,MQY,TN,ASO,CE,Federal Contract Tower,1,2,38,11,52,0,0,51,23,74,1,2,89,34,126,100,20,120,246
09/18/2010,MQY,TN,ASO,CE,Federal Contract Tower,0,4,15,8,27,0,0,45,11,56,0,4,60,19,83,42,2,44,127
09/19/2010,MQY,TN,ASO,CE,Federal Contract Tower,0,2,30,9,41,0,0,46,7,53,0,2,76,16,94,34,0,34,128
09/20/2010,MQY,TN,ASO,CE,Federal Contract Tower,0,0,23,4,27,0,1,59,4,64,0,1,82,8,91,48,26,74,165
09/21/2010,MQY,TN,ASO,CE,Federal Contract Tower,0,8,32,2,42,0,0,53,9,62,0,8,85,11,104,36,0,36,140
09/22/2010,MQY,TN,ASO,CE,Federal Contract Tower,0,0,37,3,40,0,0,36,7,43,0,0,73,10,83,50,22,72,155
09/23/2010,MQY,TN,ASO,CE,Federal Contract Tower,0,6,50,7,63,0,2,49,11,62,0,8,99,18,125,68,4,72,197
09/24/2010,MQY,TN,ASO,CE,Federal Contract Tower,2,3,52,2,59,0,0,39,4,43,2,3,91,6,102,52,8,60,162
09/25/2010,MQY,TN,ASO,CE,Federal Contract Tower,0,7,16,0,23,0,0,64,2,66,0,7,80,2,89,64,0,64,153
09/26/2010,MQY,TN,ASO,CE,Federal Contract Tower,0,1,31,0,32,0,0,32,0,32,0,1,63,0,64,43,0,43,107
09/27/2010,MQY,TN,ASO,CE,Federal Contract Tower,0,0,29,15,44,0,0,43,1,44,0,0,72,16,88,52,32,84,172
09/28/2010,MQY,TN,ASO,CE,Federal Contract Tower,0,0,24,5,29,0,0,40,6,46,0,0,64,11,75,70,34,104,179
09/29/2010,MQY,TN,ASO,CE,Federal Contract Tower,0,3,34,4,41,0,0,47,3,50,0,3,81,7,91,60,0,60,151
09/30/2010,MQY,TN,ASO,CE,Federal Contract Tower,0,3,48,1,52,0,0,42,3,45,0,3,90,4,97,42,8,50,147
10/01/2010,MQY,TN,ASO,CE,Federal Contract Tower,0,3,42,18,63,0,0,68,12,80,0,3,110,30,143,48,10,58,201
10/02/2010,MQY,TN,ASO,CE,Federal Contract Tower,0,1,21,1,23,0,0,58,21,79,0,1,79,22,102,22,8,30,132
10/03/2010,MQY,TN,ASO,CE,Federal Contract Tower,0,3,33,0,36,0,0,24,0,24,0,3,57,0,60,22,0,22,82
10/04/2010,MQY,TN,ASO,CE,Federal Contract Tower,0,3,23,4,30,0,0,45,0,45,0,3,68,4,75,68,0,68,143
10/05/2010,MQY,TN,ASO,CE,Federal Contract Tower,0,3,27,29,59,0,0,43,12,55,0,3,70,41,114,16,83,99,213
10/06/2010,MQY,TN,ASO,CE,Federal Contract Tower,0,1,33,1,35,0,0,42,0,42,0,1,75,1,77,39,0,39,116
10/07/2010,MQY,TN,ASO,CE,Federal Contract Tower,0,2,24,3,29,0,2,43,39,84,0,4,67,42,113,48,8,56,169
10/08/2010,MQY,TN,ASO,CE,Federal Contract Tower,0,4,45,0,49,0,0,59,2,61,0,4,104,2,110,80,0,80,190
10/09/2010,MQY,TN,ASO,CE,Federal Contract Tower,0,4,18,8,30,0,1,33,3,37,0,5,51,11,67,46,6,52,119
10/10/2010,MQY,TN,ASO,CE,Federal Contract Tower,0,2,21,10,33,0,0,43,0,43,0,2,64,10,76,86,0,86,162
10/11/2010,MQY,TN,ASO,CE,Federal Contract Tower,0,4,33,8,45,0,0,51,0,51,0,4,84,8,96,34,2,36,132
10/12/2010,MQY,TN,ASO,CE,Federal Contract Tower,0,0,34,1,35,0,0,30,0,30,0,0,64,1,65,20,0,20,85
10/13/2010,MQY,TN,ASO,CE,Federal Contract Tower,0,6,38,7,51,0,0,33,12,45,0,6,71,19,96,90,6,96,192
10/14/2010,MQY,TN,ASO,CE,Federal Contract Tower,0,3,35,9,47,0,0,55,23,78,0,3,90,32,125,58,20,78,203
10/15/2010,MQY,TN,ASO,CE,Federal Contract Tower,0,0,48,5,53,0,4,52,6,62,0,4,100,11,115,34,8,42,157
10/16/2010,MQY,TN,ASO,CE,Federal Contract Tower,0,4,31,4,39,0,0,63,8,71,0,4,94,12,110,50,0,50,160
10/17/2010,MQY,TN,ASO,CE,Federal Contract Tower,0,2,25,0,27,0,0,32,11,43,0,2,57,11,70,10,0,10,80
10/18/2010,MQY,TN,ASO,CE,Federal Contract Tower,0,0,36,3,39,0,0,38,9,47,0,0,74,12,86,20,20,40,126
10/19/2010,MQY,TN,ASO,CE,Federal Contract Tower,0,3,50,5,58,0,0,51,12,63,0,3,101,17,121,36,6,42,163
10/20/2010,MQY,TN,ASO,CE,Federal Contract Tower,0,1,49,7,57,0,0,64,19,83,0,1,113,26,140,62,38,100,240
10/21/2010,MQY,TN,ASO,CE,Federal Contract Tower,0,5,48,24,77,0,4,66,30,100,0,9,114,54,177,30,46,76,253
10/22/2010,MQY,TN,ASO,CE,Federal Contract Tower,0,0,55,8,63,0,0,77,27,104,0,0,132,35,167,92,10,102,269
10/23/2010,MQY,TN,ASO,CE,Federal Contract Tower,0,2,31,13,46,0,0,51,2,53,0,2,82,15,99,40,0,40,139
10/24/2010,MQY,TN,ASO,CE,Federal Contract Tower,0,1,22,0,23,0,0,31,0,31,0,1,53,0,54,14,0,14,68
10/25/2010,MQY,TN,ASO,CE,Federal Contract Tower,1,4,32,9,46,0,0,12,1,13,1,4,44,10,59,28,42,70,129
10/26/2010,MQY,TN,ASO,CE,Federal Contract Tower,0,1,14,0,15,0,0,0,0,0,0,1,14,0,15,0,0,0,15
10/27/2010,MQY,TN,ASO,CE,Federal Contract Tower,0,3,50,16,69,0,0,59,25,84,0,3,109,41,153,58,32,90,243
10/28/2010,MQY,TN,ASO,CE,Federal Contract Tower,0,6,46,4,56,0,0,62,12,74,0,6,108,16,130,60,34,94,224
10/29/2010,MQY,TN,ASO,CE,Federal Contract Tower,0,3,54,10,67,0,0,43,15,58,0,3,97,25,125,80,6,86,211
10/30/2010,MQY,TN,ASO,CE,Federal Contract Tower,0,1,13,0,14,0,0,48,3,51,0,1,61,3,65,38,2,40,105
10/31/2010,MQY,TN,ASO,CE,Federal Contract Tower,0,1,36,0,37,0,0,45,0,45,0,1,81,0,82,64,0,64,146
11/01/2010,MQY,TN,ASO,CE,Federal Contract Tower,0,1,38,8,47,0,0,74,24,98,0,1,112,32,145,38,18,56,201
11/02/2010,MQY,TN,ASO,CE,Federal Contract Tower,0,2,29,16,47,0,0,30,12,42,0,2,59,28,89,46,14,60,149
11/03/2010,MQY,TN,ASO,CE,Federal Contract Tower,0,2,32,9,43,0,0,3,0,3,0,2,35,9,46,38,0,38,84
11/04/2010,MQY,TN,ASO,CE,Federal Contract Tower,0,4,39,15,58,0,0,52,23,75,0,4,91,38,133,72,42,114,247
11/05/2010,MQY,TN,ASO,CE,Federal Contract Tower,0,1,26,4,31,0,4,25,28,57,0,5,51,32,88,54,24,78,166
11/06/2010,MQY,TN,ASO,CE,Federal Contract Tower,0,2,23,8,33,0,0,69,24,93,0,2,92,32,126,74,58,132,258
11/07/2010,MQY,TN,ASO,CE,Federal Contract Tower,0,1,28,2,31,0,0,53,14,67,0,1,81,16,98,60,0,60,158
11/08/2010,MQY,TN,ASO,CE,Federal Contract Tower,0,2,28,6,36,0,0,65,1,66,0,2,93,7,102,100,22,122,224
11/09/2010,MQY,TN,ASO,CE,Federal Contract Tower,0,3,43,9,55,0,0,58,23,81,0,3,101,32,136,48,76,124,260
11/10/2010,MQY,TN,ASO,CE,Federal Contract Tower,0,5,17,5,27,0,4,68,32,104,0,9,85,37,131,60,49,109,240
11/11/2010,MQY,TN,ASO,CE,Federal Contract Tower,0,3,31,2,36,0,0,44,14,58,0,3,75,16,94,44,18,62,156
11/12/2010,MQY,TN,ASO,CE,Federal Contract Tower,0,5,33,8,46,0,19,56,14,89,0,24,89,22,135,100,6,106,241
11/13/2010,MQY,TN,ASO,CE,Federal Contract Tower,0,2,23,1,26,0,0,51,15,66,0,2,74,16,92,66,10,76,168
11/14/2010,MQY,TN,ASO,CE,Federal Contract Tower,0,2,27,3,32,0,0,31,8,39,0,2,58,11,71,32,14,46,117
11/15/2010,MQY,TN,ASO,CE,Federal Contract Tower,0,1,29,0,30,0,0,1,0,1,0,1,30,0,31,0,0,0,31
11/16/2010,MQY,TN,ASO,CE,Federal Contract Tower,0,1,24,4,29,0,0,3,3,6,0,1,27,7,35,0,24,24,59
11/17/2010,MQY,TN,ASO,CE,Federal Contract Tower,0,2,50,3,55,0,0,23,7,30,0,2,73,10,85,28,28,56,141
11/18/2010,MQY,TN,ASO,CE,Federal Contract Tower,0,2,36,1,39,0,0,30,26,56,0,2,66,27,95,58,64,122,217
11/19/2010,MQY,TN,ASO,CE,Federal Contract Tower,0,1,37,7,45,0,0,55,10,65,0,1,92,17,110,44,2,46,156
11/20/2010,MQY,TN,ASO,CE,Federal Contract Tower,0,2,20,0,22,0,0,74,0,74,0,2,94,0,96,42,0,42,138
11/21/2010,MQY,TN,ASO,CE,Federal Contract Tower,0,1,22,1,24,0,0,34,0,34,0,1,56,1,58,68,0,68,126
11/22/2010,MQY,TN,ASO,CE,Federal Contract Tower,0,1,46,2,49,0,0,28,0,28,0,1,74,2,77,18,2,20,97
11/23/2010,MQY,TN,ASO,CE,Federal Contract Tower,0,0,26,7,33,0,0,11,9,20,0,0,37,16,53,12,34,46,99
11/24/2010,MQY,TN,ASO,CE,Federal Contract Tower,0,0,40,2,42,0,0,10,0,10,0,0,50,2,52,12,18,30,82
11/25/2010,MQY,TN,ASO,CE,Federal Contract Tower,0,0,2,0,2,0,0,3,0,3,0,0,5,0,5,0,0,0,5
11/26/2010,MQY,TN,ASO,CE,Federal Contract Tower,1,0,22,0,23,0,2,29,20,51,1,2,51,20,74,0,0,0,74
11/27/2010,MQY,TN,ASO,CE,Federal Contract Tower,0,1,34,0,35,0,0,34,0,34,0,1,68,0,69,6,0,6,75
11/28/2010,MQY,TN,ASO,CE,Federal Contract Tower,0,2,26,0,28,0,0,59,0,59,0,2,85,0,87,70,0,70,157
11/29/2010,MQY,TN,ASO,CE,Federal Contract Tower,0,3,33,9,45,0,0,27,6,33,0,3,60,15,78,56,56,112,190
11/30/2010,MQY,TN,ASO,CE,Federal Contract Tower,0,4,26,1,31,0,0,8,0,8,0,4,34,1,39,4,0,4,43
12/01/2010,MQY,TN,ASO,CE,Federal Contract Tower,0,6,40,8,54,0,6,46,11,63,0,12,86,19,117,36,10,46,163
12/02/2010,MQY,TN,ASO,CE,Federal Contract Tower,0,2,38,23,63,0,0,53,21,74,0,2,91,44,137,88,26,114,251
12/03/2010,MQY,TN,ASO,CE,Federal Contract Tower,2,1,31,3,37,0,0,52,11,63,2,1,83,14,100,60,14,74,174
12/04/2010,MQY,TN,ASO,CE,Federal Contract Tower,0,2,17,5,24,0,0,4,0,4,0,2,21,5,28,0,0,0,28
12/05/2010,MQY,TN,ASO,CE,Federal Contract Tower,0,1,27,2,30,0,0,3,10,13,0,1,30,12,43,0,10,10,53
12/06/2010,MQY,TN,ASO,CE,Federal Contract Tower,0,0,47,2,49,0,0,43,4,47,0,0,90,6,96,82,14,96,192
12/07/2010,MQY,TN,ASO,CE,Federal Contract Tower,0,1,36,5,42,0,0,45,12,57,0,1,81,17,99,52,14,66,165
12/08/2010,MQY,TN,ASO,CE,Federal Contract Tower,0,6,51,3,60,0,0,27,14,41,0,6,78,17,101,70,2,72,173
12/09/2010,MQY,TN,ASO,CE,Federal Contract Tower,0,4,53,13,70,0,0,45,29,74,0,4,98,42,144,32,64,96,240
12/10/2010,MQY,TN,ASO,CE,Federal Contract Tower,0,4,48,2,54,0,3,55,16,74,0,7,103,18,128,50,27,77,205
12/11/2010,MQY,TN,ASO,CE,Federal Contract Tower,0,0,9,3,12,0,1,15,0,16,0,1,24,3,28,42,10,52,80
12/12/2010,MQY,TN,ASO,CE,Federal Contract Tower,0,2,15,0,17,0,0,1,0,1,0,2,16,0,18,0,0,0,18
12/13/2010,MQY,TN,ASO,CE,Federal Contract Tower,0,0,29,2,31,0,0,24,11,35,0,0,53,13,66,37,0,37,103
12/14/2010,MQY,TN,ASO,CE,Federal Contract Tower,0,3,53,10,66,0,0,37,21,58,0,3,90,31,124,38,28,66,190
12/15/2010,MQY,TN,ASO,CE,Federal Contract Tower,0,2,25,0,27,0,0,7,9,16,0,2,32,9,43,10,22,32,75
12/16/2010,MQY,TN,ASO,CE,Federal Contract Tower,0,7,26,15,48,0,0,0,0,0,0,7,26,15,48,0,0,0,48
12/17/2010,MQY,TN,ASO,CE,Federal Contract Tower,0,2,53,2,57,0,0,7,1,8,0,2,60,3,65,82,28,110,175
12/18/2010,MQY,TN,ASO,CE,Federal Contract Tower,0,20,28,5,53,0,0,28,0,28,0,20,56,5,81,94,0,94,175
12/19/2010,MQY,TN,ASO,CE,Federal Contract Tower,0,1,35,0,36,0,0,49,0,49,0,1,84,0,85,96,0,96,181
12/20/2010,MQY,TN,ASO,CE,Federal Contract Tower,0,2,53,23,78,0,0,68,19,87,0,2,121,42,165,48,34,82,247
12/21/2010,MQY,TN,ASO,CE,Federal Contract Tower,0,3,31,22,56,0,0,9,10,19,0,3,40,32,75,8,54,62,137
12/22/2010,MQY,TN,ASO,CE,Federal Contract Tower,2,1,49,3,55,0,0,28,0,28,2,1,77,3,83,28,2,30,113
12/23/2010,MQY,TN,ASO,CE,Federal Contract Tower,0,0,31,0,31,0,0,34,3,37,0,0,65,3,68,26,0,26,94
12/24/2010,MQY,TN,ASO,CE,Federal Contract Tower,0,1,11,2,14,0,0,21,3,24,0,1,32,5,38,24,0,24,62
12/25/2010,MQY,TN,ASO,CE,Federal Contract Tower,0,0,2,0,2,0,0,0,0,0,0,0,2,0,2,0,0,0,2
12/26/2010,MQY,TN,ASO,CE,Federal Contract Tower,0,0,14,0,14,0,0,3,0,3,0,0,17,0,17,0,0,0,17
12/27/2010,MQY,TN,ASO,CE,Federal Contract Tower,0,1,18,0,19,0,0,13,0,13,0,1,31,0,32,24,0,24,56
12/28/2010,MQY,TN,ASO,CE,Federal Contract Tower,0,2,35,0,37,0,0,81,1,82,0,2,116,1,119,90,0,90,209
12/29/2010,MQY,TN,ASO,CE,Federal Contract Tower,0,7,33,0,40,0,8,12,0,20,0,15,45,0,60,0,0,0,60
12/30/2010,MQY,TN,ASO,CE,Federal Contract Tower,0,2,37,1,40,0,6,4,6,16,0,8,41,7,56,0,4,4,60
12/31/2010,MQY,TN,ASO,CE,Federal Contract Tower,0,0,18,0,18,0,0,5,0,5,0,0,23,0,23,0,0,0,23
01/01/2011,MQY,TN,ASO,CE,Federal Contract Tower,0,0,15,0,15,0,0,13,0,13,0,0,28,0,28,32,0,32,60
01/02/2011,MQY,TN,ASO,CE,Federal Contract Tower,0,2,25,1,28,0,0,61,0,61,0,2,86,1,89,54,0,54,143
01/03/2011,MQY,TN,ASO,CE,Federal Contract Tower,0,2,34,0,36,0,16,35,1,52,0,18,69,1,88,26,0,26,114
01/04/2011,MQY,TN,ASO,CE,Federal Contract Tower,0,4,26,0,30,0,0,42,0,42,0,4,68,0,72,90,0,90,162
01/05/2011,MQY,TN,ASO,CE,Federal Contract Tower,0,0,27,15,42,0,0,2,5,7,0,0,29,20,49,0,6,6,55
01/06/2011,MQY,TN,ASO,CE,Federal Contract Tower,0,2,40,4,46,0,0,48,35,83,0,2,88,39,129,60,84,144,273
01/07/2011,MQY,TN,ASO,CE,Federal Contract Tower,0,4,36,10,50,0,0,25,36,61,0,4,61,46,111,8,76,84,195
01/08/2011,MQY,TN,ASO,CE,Federal Contract Tower,0,4,12,0,16,0,0,19,26,45,0,4,31,26,61,12,43,55,116
01/09/2011,MQY,TN,ASO,CE,Federal Contract Tower,0,0,35,5,40,0,0,40,7,47,0,0,75,12,87,40,14,54,141
01/10/2011,MQY,TN,ASO,CE,Federal Contract Tower,2,13,0,0,15,0,0,0,0,0,2,13,0,0,15,0,0,0,15
01/11/2011,MQY,TN,ASO,CE,Federal Contract Tower,0,0,6,22,28,0,0,0,0,0,0,0,6,22,28,2,54,56,84
01/12/2011,MQY,TN,ASO,CE,Federal Contract Tower,0,5,27,0,32,0,0,11,6,17,0,5,38,6,49,22,78,100,149
01/13/2011,MQY,TN,ASO,CE,Federal Contract Tower,0,1,32,31,64,0,0,28,29,57,0,1,60,60,121,84,94,178,299
01/14/2011,MQY,TN,ASO,CE,Federal Contract Tower,0,0,37,12,49,0,0,19,32,51,0,0,56,44,100,70,34,104,204
01/15/2011,MQY,TN,ASO,CE,Federal Contract Tower,0,1,12,4,17,0,0,49,3,52,0,1,61,7,69,64,0,64,133
01/16/2011,MQY,TN,ASO,CE,Federal Contract Tower,0,1,17,0,18,0,0,31,0,31,0,1,48,0,49,30,0,30,79
01/17/2011,MQY,TN,ASO,CE,Federal Contract Tower,0,2,22,0,24,0,0,9,1,10,0,2,31,1,34,2,4,6,40
01/18/2011,MQY,TN,ASO,CE,Federal Contract Tower,0,0,28,4,32,0,0,0,0,0,0,0,28,4,32,0,0,0,32
01/19/2011,MQY,TN,ASO,CE,Federal Contract Tower,0,1,29,5,35,0,0,7,24,31,0,1,36,29,66,2,52,54,120
01/20/2011,MQY,TN,ASO,CE,Federal Contract Tower,0,3,26,1,30,0,0,2,0,2,0,3,28,1,32,8,2,10,42
01/21/2011,MQY,TN,ASO,CE,Federal Contract Tower,0,4,42,4,50,0,0,36,22,58,0,4,78,26,108,34,120,154,262
01/22/2011,MQY,TN,ASO,CE,Federal Contract Tower,0,3,27,11,41,0,0,49,10,59,0,3,76,21,100,68,40,108,208
01/23/2011,MQY,TN,ASO,CE,Federal Contract Tower,0,4,16,6,26,0,0,30,4,34,0,4,46,10,60,30,0,30,90
01/24/2011,MQY,TN,ASO,CE,Federal Contract Tower,0,3,30,12,45,0,0,35,9,44,0,3,65,21,89,16,54,70,159
01/25/2011,MQY,TN,ASO,CE,Federal Contract Tower,0,0,36,2,38,0,0,0,0,0,0,0,36,2,38,0,0,0,38
01/26/2011,MQY,TN,ASO,CE,Federal Contract Tower,0,1,15,8,24,0,0,4,12,16,0,1,19,20,40,0,84,84,124
01/27/2011,MQY,TN,ASO,CE,Federal Contract Tower,0,1,51,19,71,0,1,85,38,124,0,2,136,57,195,98,62,160,355
01/28/2011,MQY,TN,ASO,CE,Federal Contract Tower,0,2,38,6,46,0,2,71,19,92,0,4,109,25,138,70,14,84,222
01/29/2011,MQY,TN,ASO,CE,Federal Contract Tower,0,3,30,0,33,0,0,78,0,78,0,3,108,0,111,98,0,98,209
01/30/2011,MQY,TN,ASO,CE,Federal Contract Tower,0,4,19,1,24,0,0,36,0,36,0,4,55,1,60,110,0,110,170
01/31/2011,MQY,TN,ASO,CE,Federal Contract Tower,0,0,38,29,67,0,0,0,1,1,0,0,38,30,68,0,14,14,82
02/01/2011,MQY,TN,ASO,CE,Federal Contract Tower,0,2,19,2,23,0,0,0,0,0,0,2,19,2,23,0,0,0,23
02/02/2011,MQY,TN,ASO,CE,Federal Contract Tower,0,8,25,12,45,0,0,21,34,55,0,8,46,46,100,32,8,40,140
02/03/2011,MQY,TN,ASO,CE,Federal Contract Tower,0,1,24,4,29,0,0,46,38,84,0,1,70,42,113,36,98,134,247
02/04/2011,MQY,TN,ASO,CE,Federal Contract Tower,0,1,15,3,19,0,0,10,10,20,0,1,25,13,39,34,16,50,89
02/05/2011,MQY,TN,ASO,CE,Federal Contract Tower,0,2,2,0,4,0,0,5,10,15,0,2,7,10,19,0,36,36,55
02/06/2011,MQY,TN,ASO,CE,Federal Contract Tower,0,2,19,1,22,0,0,49,13,62,0,2,68,14,84,50,0,50,134
02/07/2011,MQY,TN,ASO,CE,Federal Contract Tower,0,1,27,4,32,0,0,9,4,13,0,1,36,8,45,0,0,0,45
02/08/2011,MQY,TN,ASO,CE,Federal Contract Tower,0,3,32,3,38,0,0,23,25,48,0,3,55,28,86,16,73,89,175
02/09/2011,MQY,TN,ASO,CE,Federal Contract Tower,0,0,27,13,40,0,0,4,9,13,0,0,31,22,53,14,14,28,81
02/10/2011,MQY,TN,ASO,CE,Federal Contract Tower,0,3,42,5,50,0,0,11,35,46,0,3,53,40,96,34,22,56,152
02/11/2011,MQY,TN,ASO,CE,Federal Contract Tower,0,1,63,14,78,0,0,49,14,63,0,1,112,28,141,58,40,98,239
02/12/2011,MQY,TN,ASO,CE,Federal Contract Tower,0,1,24,0,25,0,0,60,0,60,0,1,84,0,85,70,0,70,155
02/13/2011,MQY,TN,ASO,CE,Federal Contract Tower,0,4,10,0,14,0,0,45,0,45,0,4,55,0,59,32,0,32,91
02/14/2011,MQY,TN,ASO,CE,Federal Contract Tower,0,2,38,1,41,0,4,51,11,66,0,6,89,12,107,18,24,42,149
02/15/2011,MQY,TN,ASO,CE,Federal Contract Tower,0,5,35,4,44,0,8,71,23,102,0,13,106,27,146,28,24,52,198
02/16/2011,MQY,TN,ASO,CE,Federal Contract Tower,0,5,60,4,69,0,0,47,20,67,0,5,107,24,136,72,16,88,224
02/17/2011,MQY,TN,ASO,CE,Federal Contract Tower,0,4,58,12,74,0,0,59,41,100,0,4,117,53,174,16,70,86,260
02/18/2011,MQY,TN,ASO,CE,Federal Contract Tower,0,2,44,3,49,0,0,34,20,54,0,2,78,23,103,72,48,120,223
02/19/2011,MQY,TN,ASO,CE,Federal Contract Tower,0,2,23,1,26,0,1,65,20,86,0,3,88,21,112,62,52,114,226
02/20/2011,MQY,TN,ASO,CE,Federal Contract Tower,0,3,18,5,26,0,0,39,0,39,0,3,57,5,65,84,0,84,149
02/21/2011,MQY,TN,ASO,CE,Federal Contract Tower,0,1,39,0,40,0,0,23,0,23,0,1,62,0,63,0,0,0,63
02/22/2011,MQY,TN,ASO,CE,Federal Contract Tower,2,7,37,5,51,0,1,43,13,57,2,8,80,18,108,92,50,142,250
02/23/2011,MQY,TN,ASO,CE,Federal Contract Tower,0,4,54,5,63,0,0,67,14,81,0,4,121,19,144,88,50,138,282
02/24/2011,MQY,TN,ASO,CE,Federal Contract Tower,0,0,17,8,25,0,0,2,0,2,0,0,19,8,27,0,0,0,27
02/25/2011,MQY,TN,ASO,CE,Federal Contract Tower,0,8,25,4,37,0,0,48,19,67,0,8,73,23,104,42,12,54,158
02/26/2011,MQY,TN,ASO,CE,Federal Contract Tower,0,1,39,0,40,0,0,84,1,85,0,1,123,1,125,92,0,92,217
02/27/2011,MQY,TN,ASO,CE,Federal Contract Tower,0,3,32,3,38,0,0,3,2,5,0,3,35,5,43,0,0,0,43
02/28/2011,MQY,TN,ASO,CE,Federal Contract Tower,0,1,24,0,25,0,0,5,0,5,0,1,29,0,30,8,0,8,38
03/01/2011,MQY,TN,ASO,CE,Federal Contract Tower,2,5,46,8,61,0,4,69,41,114,2,9,115,49,175,52,44,96,271
03/02/2011,MQY,TN,ASO,CE,Federal Contract Tower,0,3,45,13,61,0,0,42,24,66,0,3,87,37,127,56,36,92,219
03/03/2011,MQY,TN,ASO,CE,Federal Contract Tower,0,1,46,5,52,0,0,63,31,94,0,1,109,36,146,136,32,168,314
03/04/2011,MQY,TN,ASO,CE,Federal Contract Tower,0,3,21,11,35,0,0,23,29,52,0,3,44,40,87,12,68,80,167
03/05/2011,MQY,TN,ASO,CE,Federal Contract Tower,0,3,2,0,5,0,0,0,3,3,0,3,2,3,8,0,0,0,8
03/06/2011,MQY,TN,ASO,CE,Federal Contract Tower,0,2,23,0,25,0,0,1,0,1,0,2,24,0,26,0,0,0,26
03/07/2011,MQY,TN,ASO,CE,Federal Contract Tower,0,2,36,4,42,0,0,61,4,65,0,2,97,8,107,110,38,148,255
03/08/2011,MQY,TN,ASO,CE,Federal Contract Tower,2,3,19,6,30,0,0,54,20,74,2,3,73,26,104,66,60,126,230
03/09/2011,MQY,TN,ASO,CE,Federal Contract Tower,1,15,33,2,51,0,0,23,14,37,1,15,56,16,88,24,74,98,186
03/10/2011,MQY,TN,ASO,CE,Federal Contract Tower,0,3,50,10,63,0,0,0,0,0,0,3,50,10,63,0,78,78,141
03/11/2011,MQY,TN,ASO,CE,Federal Contract Tower,0,7,39,6,52,0,0,136,19,155,0,7,175,25,207,144,14,158,365
03/12/2011,MQY,TN,ASO,CE,Federal Contract Tower,0,1,23,9,33,0,0,236,26,262,0,1,259,35,295,100,10,110,405
03/13/2011,MQY,TN,ASO,CE,Federal Contract Tower,0,6,25,3,34,0,0,97,13,110,0,6,122,16,144,138,0,138,282
03/14/2011,MQY,TN,ASO,CE,Federal Contract Tower,3,5,21,12,41,0,0,4,1,5,3,5,25,13,46,2,44,46,92
03/15/2011,MQY,TN,ASO,CE,Federal Contract Tower,0,2,32,13,47,0,0,13,17,30,0,2,45,30,77,6,50,56,133
03/16/2011,MQY,TN,ASO,CE,Federal Contract Tower,0,0,35,15,50,0,0,56,4,60,0,0,91,19,110,68,54,122,232
03/17/2011,MQY,TN,ASO,CE,Federal Contract Tower,0,5,42,4,51,0,0,69,26,95,0,5,111,30,146,62,66,128,274
03/18/2011,MQY,TN,ASO,CE,Federal Contract Tower,0,2,21,6,29,0,0,55,2,57,0,2,76,8,86,60,0,60,146
03/19/2011,MQY,TN,ASO,CE,Federal Contract Tower,0,4,41,3,48,0,2,51,0,53,0,6,92,3,101,106,0,106,207
03/20/2011,MQY,TN,ASO,CE,Federal Contract Tower,0,3,28,2,33,0,0,50,0,50,0,3,78,2,83,86,0,86,169
03/21/2011,MQY,TN,ASO,CE,Federal Contract Tower,0,0,30,5,35,0,0,43,2,45,0,0,73,7,80,22,8,30,110
03/22/2011,MQY,TN,ASO,CE,Federal Contract Tower,0,5,71,9,85,0,4,75,18,97,0,9,146,27,182,118,54,172,354
03/23/2011,MQY,TN,ASO,CE,Federal Contract Tower,0,3,36,6,45,0,0,11,11,22,0,3,47,17,67,0,74,74,141
03/24/2011,MQY,TN,ASO,CE,Federal Contract Tower,1,3,46,2,52,0,0,56,9,65,1,3,102,11,117,74,36,110,227
03/25/2011,MQY,TN,ASO,CE,Federal Contract Tower,0,5,52,4,61,0,0,17,5,22,0,5,69,9,83,68,0,68,151
03/26/2011,MQY,TN,ASO,CE,Federal Contract Tower,0,3,14,0,17,0,0,8,0,8,0,3,22,0,25,34,0,34,59
03/27/2011,MQY,TN,ASO,CE,Federal Contract Tower,1,1,27,0,29,0,0,13,1,14,1,1,40,1,43,38,0,38,81
03/28/2011,MQY,TN,ASO,CE,Federal Contract Tower,1,3,27,0,31,0,0,31,2,33,1,3,58,2,64,32,12,44,108
03/29/2011,MQY,TN,ASO,CE,Federal Contract Tower,0,1,39,19,59,0,1,42,11,54,0,2,81,30,113,98,54,152,265
03/30/2011,MQY,TN,ASO,CE,Federal Contract Tower,0,3,44,0,47,0,0,0,0,0,0,3,44,0,47,0,0,0,47
03/31/2011,MQY,TN,ASO,CE,Federal Contract Tower,0,2,48,13,63,0,0,25,16,41,0,2,73,29,104,76,40,116,220
04/01/2011,MQY,TN,ASO,CE,Federal Contract Tower,0,2,53,2,57,0,0,58,25,83,0,2,111,27,140,84,18,102,242
04/02/2011,MQY,TN,ASO,CE,Federal Contract Tower,0,0,24,2,26,0,0,63,10,73,0,0,87,12,99,26,0,26,125
04/03/2011,MQY,TN,ASO,CE,Federal Contract Tower,0,2,23,3,28,0,0,19,12,31,0,2,42,15,59,2,8,10,69
04/04/2011,MQY,TN,ASO,CE,Federal Contract Tower,0,1,15,0,16,0,0,0,0,0,0,1,15,0,16,0,0,0,16
04/05/2011,MQY,TN,ASO,CE,Federal Contract Tower,0,3,45,14,62,0,0,54,10,64,0,3,99,24,126,72,12,84,210
04/06/2011,MQY,TN,ASO,CE,Federal Contract Tower,0,1,50,2,53,0,2,61,9,72,0,3,111,11,125,58,0,58,183
04/07/2011,MQY,TN,ASO,CE,Federal Contract Tower,0,6,45,6,57,0,1,62,28,91,0,7,107,34,148,76,14,90,238
04/08/2011,MQY,TN,ASO,CE,Federal Contract Tower,0,6,34,6,46,0,3,32,22,57,0,9,66,28,103,30,32,62,165
04/09/2011,MQY,TN,ASO,CE,Federal Contract Tower,0,1,11,0,12,0,0,41,1,42,0,1,52,1,54,44,0,44,98
04/10/2011,MQY,TN,ASO,CE,Federal Contract Tower,0,1,17,0,18,0,0,43,0,43,0,1,60,0,61,78,0,78,139
04/11/2011,MQY,TN,ASO,CE,Federal Contract Tower,0,1,13,0,14,0,0,4,0,4,0,1,17,0,18,0,0,0,18
04/12/2011,MQY,TN,ASO,CE,Federal Contract Tower,0,3,33,12,48,0,0,44,25,69,0,3,77,37,117,68,56,124,241
04/13/2011,MQY,TN,ASO,CE,Federal Contract Tower,0,3,43,18,64,0,0,62,14,76,0,3,105,32,140,90,36,126,266
04/14/2011,MQY,TN,ASO,CE,Federal Contract Tower,0,5,53,12,70,0,2,91,41,134,0,7,144,53,204,108,26,134,338
04/15/2011,MQY,TN,ASO,CE,Federal Contract Tower,0,0,13,6,19,0,0,1,0,1,0,0,14,6,20,0,0,0,20
04/16/2011,MQY,TN,ASO,CE,Federal Contract Tower,0,1,35,9,45,0,0,8,4,12,0,1,43,13,57,4,0,4,61
04/17/2011,MQY,TN,ASO,CE,Federal Contract Tower,1,2,41,2,46,0,0,82,1,83,1,2,123,3,129,74,0,74,203
04/18/2011,MQY,TN,ASO,CE,Federal Contract Tower,0,2,10,7,19,0,0,61,2,63,0,2,71,9,82,68,0,68,150
04/19/2011,MQY,TN,ASO,CE,Federal Contract Tower,0,4,38,3,45,0,0,13,24,37,0,4,51,27,82,6,0,6,88
04/20/2011,MQY,TN,ASO,CE,Federal Contract Tower,0,2,30,6,38,0,1,5,3,9,0,3,35,9,47,0,0,0,47
04/21/2011,MQY,TN,ASO,CE,Federal Contract Tower,2,3,64,24,93,0,0,40,22,62,2,3,104,46,155,36,44,80,235
04/22/2011,MQY,TN,ASO,CE,Federal Contract Tower,5,0,35,2,42,0,0,16,8,24,5,0,51,10,66,56,0,56,122
04/23/2011,MQY,TN,ASO,CE,Federal Contract Tower,1,4,52,0,57,0,0,32,0,32,1,4,84,0,89,62,0,62,151
04/24/2011,MQY,TN,ASO,CE,Federal Contract Tower,0,1,7,0,8,0,0,18,0,18,0,1,25,0,26,24,0,24,50
04/25/2011,MQY,TN,ASO,CE,Federal Contract Tower,0,0,38,5,43,0,0,32,5,37,0,0,70,10,80,40,6,46,126
04/26/2011,MQY,TN,ASO,CE,Federal Contract Tower,0,3,19,6,28,0,0,4,20,24,0,3,23,26,52,12,14,26,78
04/27/2011,MQY,TN,ASO,CE,Federal Contract Tower,0,1,11,0,12,0,0,0,1,1,0,1,11,1,13,0,0,0,13
04/28/2011,MQY,TN,ASO,CE,Federal Contract Tower,0,3,36,9,48,0,6,82,21,109,0,9,118,30,157,80,36,116,273
04/29/2011,MQY,TN,ASO,CE,Federal Contract Tower,0,6,31,9,46,0,0,98,14,112,0,6,129,23,158,90,6,96,254
04/30/2011,MQY,TN,ASO,CE,Federal Contract Tower,0,3,16,0,19,0,0,74,20,94,0,3,90,20,113,56,28,84,197
05/01/2011,MQY,TN,ASO,CE,Federal Contract Tower,0,3,17,0,20,0,0,0,0,0,0,3,17,0,20,0,0,0,20
05/02/2011,MQY,TN,ASO,CE,Federal Contract Tower,0,7,18,2,27,0,0,11,7,18,0,7,29,9,45,0,18,18,63
05/03/2011,MQY,TN,ASO,CE,Federal Contract Tower,0,1,24,13,38,0,0,7,18,25,0,1,31,31,63,8,34,42,105
05/04/2011,MQY,TN,ASO,CE,Federal Contract Tower,0,1,44,2,47,0,0,67,6,73,0,1,111,8,120,84,12,96,216
05/05/2011,MQY,TN,ASO,CE,Federal Contract Tower,1,2,41,18,62,0,0,106,41,147,1,2,147,59,209,64,36,100,309
05/06/2011,MQY,TN,ASO,CE,Federal Contract Tower,1,1,16,5,23,0,0,63,23,86,1,1,79,28,109,26,22,48,157
05/07/2011,MQY,TN,ASO,CE,Federal Contract Tower,0,2,13,0,15,0,0,43,0,43,0,2,56,0,58,0,0,0,58
05/08/2011,MQY,TN,ASO,CE,Federal Contract Tower,1,0,22,5,28,0,0,54,2,56,1,0,76,7,84,0,0,0,84
05/09/2011,MQY,TN,ASO,CE,Federal Contract Tower,0,1,35,16,52,0,0,79,10,89,0,1,114,26,141,44,6,50,191
05/10/2011,MQY,TN,ASO,CE,Federal Contract Tower,0,4,32,18,54,0,0,50,20,70,0,4,82,38,124,80,54,134,258
05/11/2011,MQY,TN,ASO,CE,Federal Contract Tower,0,1,31,11,43,0,0,56,14,70,0,1,87,25,113,96,38,134,247
05/12/2011,MQY,TN,ASO,CE,Federal Contract Tower,0,1,39,25,65,0,0,58,14,72,0,1,97,39,137,90,46,136,273
05/13/2011,MQY,TN,ASO,CE,Federal Contract Tower,0,0,15,13,28,0,0,32,7,39,0,0,47,20,67,28,18,46,113
05/14/2011,MQY,TN,ASO,CE,Federal Contract Tower,1,2,26,7,36,0,0,10,10,20,1,2,36,17,56,56,30,86,142
05/15/2011,MQY,TN,ASO,CE,Federal Contract Tower,0,1,11,15,27,0,0,9,6,15,0,1,20,21,42,36,28,64,106
05/16/2011,MQY,TN,ASO,CE,Federal Contract Tower,0,2,47,7,56,0,0,14,10,24,0,2,61,17,80,4,8,12,92
05/17/2011,MQY,TN,ASO,CE,Federal Contract Tower,0,3,25,10,38,0,0,61,42,103,0,3,86,52,141,86,38,124,265
05/18/2011,MQY,TN,ASO,CE,Federal Contract Tower,0,3,64,9,76,0,0,30,9,39,0,3,94,18,115,40,46,86,201
05/19/2011,MQY,TN,ASO,CE,Federal Contract Tower,0,0,46,9,55,0,0,85,37,122,0,0,131,46,177,78,69,147,324
05/20/2011,MQY,TN,ASO,CE,Federal Contract Tower,0,1,28,7,36,0,0,84,14,98,0,1,112,21,134,76,4,80,214
05/21/2011,MQY,TN,ASO,CE,Federal Contract Tower,0,3,16,6,25,0,2,58,6,66,0,5,74,12,91,62,0,62,153
05/22/2011,MQY,TN,ASO,CE,Federal Contract Tower,0,5,10,0,15,0,0,20,3,23,0,5,30,3,38,6,0,6,44
05/23/2011,MQY,TN,ASO,CE,Federal Contract Tower,0,8,25,10,43,0,0,41,16,57,0,8,66,26,100,34,72,106,206
05/24/2011,MQY,TN,ASO,CE,Federal Contract Tower,0,1,31,7,39,0,1,30,31,62,0,2,61,38,101,20,52,72,173
05/25/2011,MQY,TN,ASO,CE,Federal Contract Tower,0,4,32,11,47,0,7,30,18,55,0,11,62,29,102,38,28,66,168
05/26/2011,MQY,TN,ASO,CE,Federal Contract Tower,0,2,35,5,42,0,0,33,16,49,0,2,68,21,91,2,50,52,143
05/27/2011,MQY,TN,ASO,CE,Federal Contract Tower,0,1,65,7,73,0,0,55,0,55,0,1,120,7,128,44,0,44,172
05/28/2011,MQY,TN,ASO,CE,Federal Contract Tower,0,2,27,1,30,0,0,59,2,61,0,2,86,3,91,48,0,48,139
05/29/2011,MQY,TN,ASO,CE,Federal Contract Tower,0,1,12,5,18,0,0,25,0,25,0,1,37,5,43,14,0,14,57
05/30/2011,MQY,TN,ASO,CE,Federal Contract Tower,0,3,30,0,33,0,0,62,0,62,0,3,92,0,95,34,0,34,129
05/31/2011,MQY,TN,ASO,CE,Federal Contract Tower,0,2,32,8,42,0,0,62,12,74,0,2,94,20,116,102,76,178,294
06/01/2011,MQY,TN,ASO,CE,Federal Contract Tower,0,1,40,12,53,0,0,39,15,54,0,1,79,27,107,94,34,128,235
06/02/2011,MQY,TN,ASO,CE,Federal Contract Tower,0,3,29,14,46,0,1,57,27,85,0,4,86,41,131,82,19,101,232
06/03/2011,MQY,TN,ASO,CE,Federal Contract Tower,0,1,34,31,66,0,0,58,14,72,0,1,92,45,138,36,7,43,181
06/04/2011,MQY,TN,ASO,CE,Federal Contract Tower,0,1,14,19,34,0,0,52,5,57,0,1,66,24,91,44,0,44,135
06/05/2011,MQY,TN,ASO,CE,Federal Contract Tower,0,6,13,0,19,0,0,31,1,32,0,6,44,1,51,24,0,24,75
06/06/2011,MQY,TN,ASO,CE,Federal Contract Tower,0,2,23,0,25,0,1,53,2,56,0,3,76,2,81,32,0,32,113
06/07/2011,MQY,TN,ASO,CE,Federal Contract Tower,0,1,34,22,57,0,0,53,18,71,0,1,87,40,128,54,52,106,234
06/08/2011,MQY,TN,ASO,CE,Federal Contract Tower,0,1,41,7,49,0,0,43,1,44,0,1,84,8,93,52,8,60,153
06/09/2011,MQY,TN,ASO,CE,Federal Contract Tower,1,14,37,21,73,0,0,45,13,58,1,14,82,34,131,70,66,136,267
06/10/2011,MQY,TN,ASO,CE,Federal Contract Tower,0,3,25,21,49,0,0,42,13,55,0,3,67,34,104,64,28,92,196
06/11/2011,MQY,TN,ASO,CE,Federal Contract Tower,0,3,22,0,25,0,0,61,2,63,0,3,83,2,88,94,0,94,182
06/12/2011,MQY,TN,ASO,CE,Federal Contract Tower,0,2,27,4,33,0,0,35,0,35,0,2,62,4,68,84,0,84,152
06/13/2011,MQY,TN,ASO,CE,Federal Contract Tower,0,7,45,20,72,0,0,43,23,66,0,7,88,43,138,114,10,124,262
06/14/2011,MQY,TN,ASO,CE,Federal Contract Tower,0,2,31,9,42,0,0,30,11,41,0,2,61,20,83,38,42,80,163
06/15/2011,MQY,TN,ASO,CE,Federal Contract Tower,0,4,27,10,41,0,1,24,4,29,0,5,51,14,70,34,0,34,104
06/16/2011,MQY,TN,ASO,CE,Federal Contract Tower,0,8,53,14,75,0,0,73,15,88,0,8,126,29,163,72,26,98,261
06/17/2011,MQY,TN,ASO,CE,Federal Contract Tower,0,2,19,4,25,0,0,46,1,47,0,2,65,5,72,62,8,70,142
06/18/2011,MQY,TN,ASO,CE,Federal Contract Tower,0,6,10,1,17,0,0,5,0,5,0,6,15,1,22,0,0,0,22
06/19/2011,MQY,TN,ASO,CE,Federal Contract Tower,0,1,12,1,14,0,0,36,0,36,0,1,48,1,50,52,0,52,102
06/20/2011,MQY,TN,ASO,CE,Federal Contract Tower,0,1,24,14,39,0,3,52,6,61,0,4,76,20,100,110,97,207,307
06/21/2011,MQY,TN,ASO,CE,Federal Contract Tower,0,11,24,3,38,0,0,15,2,17,0,11,39,5,55,6,6,12,67
06/22/2011,MQY,TN,ASO,CE,Federal Contract Tower,0,6,34,5,45,0,0,8,1,9,0,6,42,6,54,0,8,8,62
06/23/2011,MQY,TN,ASO,CE,Federal Contract Tower,0,4,31,17,52,0,0,25,29,54,0,4,56,46,106,82,36,118,224
06/24/2011,MQY,TN,ASO,CE,Federal Contract Tower,1,8,44,6,59,0,0,67,1,68,1,8,111,7,127,118,30,148,275
06/25/2011,MQY,TN,ASO,CE,Federal Contract Tower,0,5,10,1,16,0,1,54,0,55,0,6,64,1,71,14,0,14,85
06/26/2011,MQY,TN,ASO,CE,Federal Contract Tower,0,3,21,0,24,0,0,7,0,7,0,3,28,0,31,6,0,6,37
06/27/2011,MQY,TN,ASO,CE,Federal Contract Tower,1,3,23,5,32,0,1,49,1,51,1,4,72,6,83,112,0,112,195
06/28/2011,MQY,TN,ASO,CE,Federal Contract Tower,0,0,25,8,33,0,0,35,25,60,0,0,60,33,93,120,58,178,271
06/29/2011,MQY,TN,ASO,CE,Federal Contract Tower,0,2,47,12,61,0,0,103,31,134,0,2,150,43,195,194,40,234,429
06/30/2011,MQY,TN,ASO,CE,Federal Contract Tower,0,5,47,15,67,0,0,88,31,119,0,5,135,46,186,110,52,162,348
07/01/2011,MQY,TN,ASO,CE,Federal Contract Tower,0,3,47,4,54,0,4,76,0,80,0,7,123,4,134,80,0,80,214
07/02/2011,MQY,TN,ASO,CE,Federal Contract Tower,0,1,25,0,26,0,0,68,2,70,0,1,93,2,96,78,2,80,176
07/03/2011,MQY,TN,ASO,CE,Federal Contract Tower,0,0,13,0,13,0,0,31,0,31,0,0,44,0,44,34,12,46,90
07/04/2011,MQY,TN,ASO,CE,Federal Contract Tower,0,3,14,0,17,0,0,52,2,54,0,3,66,2,71,30,0,30,101
07/05/2011,MQY,TN,ASO,CE,Federal Contract Tower,0,2,21,31,54,0,0,30,11,41,0,2,51,42,95,78,36,114,209
07/06/2011,MQY,TN,ASO,CE,Federal Contract Tower,0,4,35,15,54,0,0,47,14,61,0,4,82,29,115,74,40,114,229
07/07/2011,MQY,TN,ASO,CE,Federal Contract Tower,1,0,28,5,34,0,0,38,19,57,1,0,66,24,91,32,16,48,139
07/08/2011,MQY,TN,ASO,CE,Federal Contract Tower,0,3,24,2,29,0,0,41,9,50,0,3,65,11,79,20,12,32,111
07/09/2011,MQY,TN,ASO,CE,Federal Contract Tower,2,5,16,1,24,0,0,41,21,62,2,5,57,22,86,60,16,76,162
07/10/2011,MQY,TN,ASO,CE,Federal Contract Tower,2,4,23,3,32,0,0,41,7,48,2,4,64,10,80,76,0,76,156
07/11/2011,MQY,TN,ASO,CE,Federal Contract Tower,0,1,26,12,39,0,0,42,34,76,0,1,68,46,115,92,74,166,281
07/12/2011,MQY,TN,ASO,CE,Federal Contract Tower,0,2,35,7,44,0,0,47,13,60,0,2,82,20,104,72,22,94,198
07/13/2011,MQY,TN,ASO,CE,Federal Contract Tower,0,3,39,0,42,0,0,73,19,92,0,3,112,19,134,101,22,123,257
07/14/2011,MQY,TN,ASO,CE,Federal Contract Tower,0,4,39,11,54,0,0,44,22,66,0,4,83,33,120,38,106,144,264
07/15/2011,MQY,TN,ASO,CE,Federal Contract Tower,0,3,35,8,46,0,0,38,5,43,0,3,73,13,89,66,2,68,157
07/16/2011,MQY,TN,ASO,CE,Federal Contract Tower,0,2,25,2,29,0,0,49,0,49,0,2,74,2,78,48,1,49,127
07/17/2011,MQY,TN,ASO,CE,Federal Contract Tower,0,2,26,3,31,0,0,54,0,54,0,2,80,3,85,14,0,14,99
07/18/2011,MQY,TN,ASO,CE,Federal Contract Tower,0,3,31,9,43,0,0,57,6,63,0,3,88,15,106,78,50,128,234
07/19/2011,MQY,TN,ASO,CE,Federal Contract Tower,0,5,62,6,73,0,2,81,24,107,0,7,143,30,180,96,64,160,340
07/20/2011,MQY,TN,ASO,CE,Federal Contract Tower,0,4,66,11,81,0,0,67,2,69,0,4,133,13,150,140,28,168,318
07/21/2011,MQY,TN,ASO,CE,Federal Contract Tower,5,2,37,8,52,0,0,63,10,73,5,2,100,18,125,98,18,116,241
07/22/2011,MQY,TN,ASO,CE,Federal Contract Tower,3,7,38,19,67,0,0,50,17,67,3,7,88,36,134,65,14,79,213
07/23/2011,MQY,TN,ASO,CE,Federal Contract Tower,1,2,25,7,35,0,0,68,6,74,1,2,93,13,109,12,0,12,121
07/24/2011,MQY,TN,ASO,CE,Federal Contract Tower,0,2,10,7,19,0,0,38,0,38,0,2,48,7,57,40,0,40,97
07/25/2011,MQY,TN,ASO,CE,Federal Contract Tower,0,4,46,12,62,0,0,38,9,47,0,4,84,21,109,96,18,114,223
07/26/2011,MQY,TN,ASO,CE,Federal Contract Tower,0,3,36,4,43,0,2,56,25,83,0,5,92,29,126,90,26,116,242
07/27/2011,MQY,TN,ASO,CE,Federal Contract Tower,0,9,43,8,60,0,0,78,4,82,0,9,121,12,142,4,14,18,160
07/28/2011,MQY,TN,ASO,CE,Federal Contract Tower,0,9,29,3,41,0,4,62,21,87,0,13,91,24,128,80,24,104,232
07/29/2011,MQY,TN,ASO,CE,Federal Contract Tower,0,9,33,4,46,0,0,29,3,32,0,9,62,7,78,76,10,86,164
07/30/2011,MQY,TN,ASO,CE,Federal Contract Tower,0,17,14,0,31,0,0,12,1,13,0,17,26,1,44,8,0,8,52
07/31/2011,MQY,TN,ASO,CE,Federal Contract Tower,0,14,17,3,34,0,0,24,0,24,0,14,41,3,58,62,0,62,120
08/01/2011,MQY,TN,ASO,CE,Federal Contract Tower,0,4,31,8,43,0,67,5,0,72,0,71,36,8,115,60,24,84,199
08/02/2011,MQY,TN,ASO,CE,Federal Contract Tower,0,13,26,26,65,0,0,55,10,65,0,13,81,36,130,140,56,196,326
08/03/2011,MQY,TN,ASO,CE,Federal Contract Tower,2,8,37,4,51,0,0,50,16,66,2,8,87,20,117,68,16,84,201
08/04/2011,MQY,TN,ASO,CE,Federal Contract Tower,0,9,31,11,51,0,0,42,23,65,0,9,73,34,116,66,48,114,230
08/05/2011,MQY,TN,ASO,CE,Federal Contract Tower,2,11,21,3,37,0,0,41,8,49,2,11,62,11,86,70,12,82,168
08/06/2011,MQY,TN,ASO,CE,Federal Contract Tower,0,6,14,4,24,0,0,17,9,26,0,6,31,13,50,94,34,128,178
08/07/2011,MQY,TN,ASO,CE,Federal Contract Tower,1,4,20,1,26,0,0,25,0,25,1,4,45,1,51,58,0,58,109
08/08/2011,MQY,TN,ASO,CE,Federal Contract Tower,0,10,32,7,49,0,0,55,12,67,0,10,87,19,116,158,24,182,298
08/09/2011,MQY,TN,ASO,CE,Federal Contract Tower,0,13,40,14,67,0,0,25,29,54,0,13,65,43,121,104,84,188,309
08/10/2011,MQY,TN,ASO,CE,Federal Contract Tower,0,18,46,7,71,0,0,62,18,80,0,18,108,25,151,114,64,178,329
08/11/2011,MQY,TN,ASO,CE,Federal Contract Tower,0,26,43,14,83,0,0,58,34,92,0,26,101,48,175,118,80,198,373
08/12/2011,MQY,TN,ASO,CE,Federal Contract Tower,2,19,24,14,59,0,1,94,16,111,2,20,118,30,170,86,56,142,312
08/13/2011,MQY,TN,ASO,CE,Federal Contract Tower,0,1,17,2,20,0,0,48,1,49,0,1,65,3,69,118,0,118,187
08/14/2011,MQY,TN,ASO,CE,Federal Contract Tower,0,4,40,9,53,0,0,46,0,46,0,4,86,9,99,54,0,54,153
08/15/2011,MQY,TN,ASO,CE,Federal Contract Tower,1,10,20,9,40,0,1,63,11,75,1,11,83,20,115,142,2,144,259
08/16/2011,MQY,TN,ASO,CE,Federal Contract Tower,0,7,29,7,43,0,0,64,16,80,0,7,93,23,123,86,28,114,237
08/17/2011,MQY,TN,ASO,CE,Federal Contract Tower,0,18,20,10,48,0,0,48,5,53,0,18,68,15,101,94,22,116,217
08/18/2011,MQY,TN,ASO,CE,Federal Contract Tower,2,12,20,17,51,0,0,56,27,83,2,12,76,44,134,56,56,112,246
08/19/2011,MQY,TN,ASO,CE,Federal Contract Tower,0,15,34,18,67,0,2,49,26,77,0,17,83,44,144,108,26,134,278
08/20/2011,MQY,TN,ASO,CE,Federal Contract Tower,0,4,20,2,26,0,0,63,5,68,0,4,83,7,94,86,26,112,206
08/21/2011,MQY,TN,ASO,CE,Federal Contract Tower,0,0,2,16,18,0,1,48,5,54,0,1,50,21,72,22,8,30,102
08/22/2011,MQY,TN,ASO,CE,Federal Contract Tower,0,1,23,7,31,0,2,43,16,61,0,3,66,23,92,39,39,78,170
08/23/2011,MQY,TN,ASO,CE,Federal Contract Tower,0,3,29,18,50,0,0,44,33,77,0,3,73,51,127,62,62,124,251
08/24/2011,MQY,TN,ASO,CE,Federal Contract Tower,0,3,24,19,46,0,0,50,22,72,0,3,74,41,118,32,44,76,194
08/25/2011,MQY,TN,ASO,CE,Federal Contract Tower,0,8,31,17,56,0,0,55,29,84,0,8,86,46,140,50,32,82,222
08/26/2011,MQY,TN,ASO,CE,Federal Contract Tower,0,10,37,14,61,0,1,41,32,74,0,11,78,46,135,46,8,54,189
08/27/2011,MQY,TN,ASO,CE,Federal Contract Tower,0,1,17,1,19,0,0,70,5,75,0,1,87,6,94,44,0,44,138
08/28/2011,MQY,TN,ASO,CE,Federal Contract Tower,0,2,11,10,23,0,0,46,12,58,0,2,57,22,81,62,16,78,159
08/29/2011,MQY,TN,ASO,CE,Federal Contract Tower,0,1,35,6,42,0,0,43,4,47,0,1,78,10,89,60,44,104,193
08/30/2011,MQY,TN,ASO,CE,Federal Contract Tower,0,8,26,13,47,0,2,43,40,85,0,10,69,53,132,32,22,54,186
08/31/2011,MQY,TN,ASO,CE,Federal Contract Tower,0,8,40,9,57,0,0,39,20,59,0,8,79,29,116,132,58,190,306
09/01/2011,MQY,TN,ASO,CE,Federal Contract Tower,0,13,27,10,50,0,1,48,30,79,0,14,75,40,129,74,34,108,237
09/02/2011,MQY,TN,ASO,CE,Federal Contract Tower,2,13,57,2,74,0,1,58,8,67,2,14,115,10,141,20,20,40,181
09/03/2011,MQY,TN,ASO,CE,Federal Contract Tower,2,6,30,8,46,0,0,89,4,93,2,6,119,12,139,86,2,88,227
09/04/2011,MQY,TN,ASO,CE,Federal Contract Tower,0,0,10,0,10,0,0,10,0,10,0,0,20,0,20,4,0,4,24
09/05/2011,MQY,TN,ASO,CE,Federal Contract Tower,0,5,22,0,27,0,0,0,0,0,0,5,22,0,27,0,0,0,27
09/06/2011,MQY,TN,ASO,CE,Federal Contract Tower,0,2,34,9,45,0,0,0,0,0,0,2,34,9,45,0,0,0,45
09/07/2011,MQY,TN,ASO,CE,Federal Contract Tower,0,9,41,23,73,0,1,30,9,40,0,10,71,32,113,48,58,106,219
09/08/2011,MQY,TN,ASO,CE,Federal Contract Tower,0,5,31,9,45,0,1,37,12,50,0,6,68,21,95,92,10,102,197
09/09/2011,MQY,TN,ASO,CE,Federal Contract Tower,0,5,36,8,49,0,0,61,9,70,0,5,97,17,119,56,40,96,215
09/10/2011,MQY,TN,ASO,CE,Federal Contract Tower,0,2,26,1,29,0,0,85,4,89,0,2,111,5,118,94,0,94,212
09/11/2011,MQY,TN,ASO,CE,Federal Contract Tower,0,2,24,4,30,0,0,50,1,51,0,2,74,5,81,50,6,56,137
09/12/2011,MQY,TN,ASO,CE,Federal Contract Tower,0,0,43,2,45,0,0,55,3,58,0,0,98,5,103,70,16,86,189
09/13/2011,MQY,TN,ASO,CE,Federal Contract Tower,0,1,30,3,34,0,0,56,15,71,0,1,86,18,105,74,22,96,201
09/14/2011,MQY,TN,ASO,CE,Federal Contract Tower,0,7,39,4,50,0,2,33,5,40,0,9,72,9,90,26,4,30,120
09/15/2011,MQY,TN,ASO,CE,Federal Contract Tower,0,15,69,9,93,0,1,8,10,19,0,16,77,19,112,24,22,46,158
09/16/2011,MQY,TN,ASO,CE,Federal Contract Tower,0,13,41,12,66,0,3,64,44,111,0,16,105,56,177,70,46,116,293
09/17/2011,MQY,TN,ASO,CE,Federal Contract Tower,0,6,30,3,39,0,0,51,28,79,0,6,81,31,118,22,70,92,210
09/18/2011,MQY,TN,ASO,CE,Federal Contract Tower,0,5,22,4,31,0,0,29,4,33,0,5,51,8,64,20,2,22,86
09/19/2011,MQY,TN,ASO,CE,Federal Contract Tower,0,1,19,13,33,0,0,7,3,10,0,1,26,16,43,2,16,18,61
09/20/2011,MQY,TN,ASO,CE,Federal Contract Tower,0,13,39,1,53,0,6,9,4,19,0,19,48,5,72,28,24,52,124
09/21/2011,MQY,TN,ASO,CE,Federal Contract Tower,0,14,37,15,66,0,2,48,18,68,0,16,85,33,134,56,2,58,192
09/22/2011,MQY,TN,ASO,CE,Federal Contract Tower,0,12,46,7,65,0,0,38,39,77,0,12,84,46,142,52,88,140,282
09/23/2011,MQY,TN,ASO,CE,Federal Contract Tower,0,19,33,0,52,0,0,24,0,24,0,19,57,0,76,50,0,50,126
09/24/2011,MQY,TN,ASO,CE,Federal Contract Tower,0,3,27,0,30,0,1,85,0,86,0,4,112,0,116,84,0,84,200
09/25/2011,MQY,TN,ASO,CE,Federal Contract Tower,0,2,14,0,16,0,0,34,0,34,0,2,48,0,50,0,0,0,50
09/26/2011,MQY,TN,ASO,CE,Federal Contract Tower,0,14,32,8,54,0,24,28,0,52,0,38,60,8,106,56,0,56,162
09/27/2011,MQY,TN,ASO,CE,Federal Contract Tower,0,9,50,4,63,0,0,67,6,73,0,9,117,10,136,96,0,96,232
09/28/2011,MQY,TN,ASO,CE,Federal Contract Tower,0,5,52,7,64,0,2,57,3,62,0,7,109,10,126,144,2,146,272
09/29/2011,MQY,TN,ASO,CE,Federal Contract Tower,0,6,43,4,53,0,2,82,1,85,0,8,125,5,138,78,0,78,216
09/30/2011,MQY,TN,ASO,CE,Federal Contract Tower,2,4,23,7,36,0,3,43,4,50,2,7,66,11,86,34,4,38,124
10/01/2011,MQY,TN,ASO,CE,Federal Contract Tower,0,5,18,0,23,0,0,54,4,58,0,5,72,4,81,20,0,20,101
10/02/2011,MQY,TN,ASO,CE,Federal Contract Tower,0,4,30,2,36,0,0,46,0,46,0,4,76,2,82,36,0,36,118
10/03/2011,MQY,TN,ASO,CE,Federal Contract Tower,0,5,21,24,50,0,0,73,14,87,0,5,94,38,137,118,64,182,319
10/04/2011,MQY,TN,ASO,CE,Federal Contract Tower,0,12,43,22,77,0,1,47,30,78,0,13,90,52,155,74,44,118,273
10/05/2011,MQY,TN,ASO,CE,Federal Contract Tower,0,6,34,0,40,0,0,66,2,68,0,6,100,2,108,109,10,119,227
10/06/2011,MQY,TN,ASO,CE,Federal Contract Tower,0,10,23,5,38,0,2,66,17,85,0,12,89,22,123,108,26,134,257
10/07/2011,MQY,TN,ASO,CE,Federal Contract Tower,0,22,39,4,65,0,1,64,2,67,0,23,103,6,132,84,6,90,222
10/08/2011,MQY,TN,ASO,CE,Federal Contract Tower,0,7,16,4,27,0,0,70,0,70,0,7,86,4,97,64,0,64,161
10/09/2011,MQY,TN,ASO,CE,Federal Contract Tower,0,4,30,1,35,0,0,54,0,54,0,4,84,1,89,52,0,52,141
10/10/2011,MQY,TN,ASO,CE,Federal Contract Tower,0,4,38,2,44,0,0,33,1,34,0,4,71,3,78,88,0,88,166
10/11/2011,MQY,TN,ASO,CE,Federal Contract Tower,0,7,29,11,47,0,0,11,7,18,0,7,40,18,65,10,0,10,75
10/12/2011,MQY,TN,ASO,CE,Federal Contract Tower,2,12,32,8,54,0,5,35,9,49,2,17,67,17,103,64,74,138,241
10/13/2011,MQY,TN,ASO,CE,Federal Contract Tower,1,8,24,4,37,0,0,20,22,42,1,8,44,26,79,4,28,32,111
10/14/2011,MQY,TN,ASO,CE,Federal Contract Tower,0,16,44,14,74,0,2,49,30,81,0,18,93,44,155,42,2,44,199
10/15/2011,MQY,TN,ASO,CE,Federal Contract Tower,0,8,20,1,29,0,6,71,13,90,0,14,91,14,119,48,2,50,169
10/16/2011,MQY,TN,ASO,CE,Federal Contract Tower,0,4,17,7,28,0,1,43,18,62,0,5,60,25,90,56,20,76,166
10/17/2011,MQY,TN,ASO,CE,Federal Contract Tower,0,9,29,5,43,0,1,84,16,101,0,10,113,21,144,70,38,108,252
10/18/2011,MQY,TN,ASO,CE,Federal Contract Tower,0,12,22,6,40,0,0,21,21,42,0,12,43,27,82,26,4,30,112
10/19/2011,MQY,TN,ASO,CE,Federal Contract Tower,0,18,29,0,47,0,0,0,1,1,0,18,29,1,48,0,2,2,50
10/20/2011,MQY,TN,ASO,CE,Federal Contract Tower,1,10,36,7,54,0,2,31,29,62,1,12,67,36,116,30,26,56,172
10/21/2011,MQY,TN,ASO,CE,Federal Contract Tower,1,5,36,7,49,0,16,64,4,84,1,21,100,11,133,42,0,42,175
10/22/2011,MQY,TN,ASO,CE,Federal Contract Tower,0,4,8,1,13,0,1,82,3,86,0,5,90,4,99,78,0,78,177
10/23/2011,MQY,TN,ASO,CE,Federal Contract Tower,0,5,18,2,25,0,0,58,0,58,0,5,76,2,83,60,0,60,143
10/24/2011,MQY,TN,ASO,CE,Federal Contract Tower,0,1,27,1,29,0,2,71,0,73,0,3,98,1,102,32,0,32,134
10/25/2011,MQY,TN,ASO,CE,Federal Contract Tower,0,4,32,9,45,0,0,51,16,67,0,4,83,25,112,66,38,104,216
10/26/2011,MQY,TN,ASO,CE,Federal Contract Tower,0,4,31,10,45,0,2,41,19,62,0,6,72,29,107,24,30,54,161
10/27/2011,MQY,TN,ASO,CE,Federal Contract Tower,0,4,27,4,35,0,0,3,0,3,0,4,30,4,38,0,28,28,66
10/28/2011,MQY,TN,ASO,CE,Federal Contract Tower,0,1,26,3,30,0,0,2,0,2,0,1,28,3,32,14,0,14,46
10/29/2011,MQY,TN,ASO,CE,Federal Contract Tower,2,4,23,0,29,0,2,72,2,76,2,6,95,2,105,128,0,128,233
10/30/2011,MQY,TN,ASO,CE,Federal Contract Tower,0,4,28,0,32,0,0,50,0,50,0,4,78,0,82,44,0,44,126
10/31/2011,MQY,TN,ASO,CE,Federal Contract Tower,0,4,34,4,42,0,0,44,2,46,0,4,78,6,88,90,0,90,178
11/01/2011,MQY,TN,ASO,CE,Federal Contract Tower,0,6,51,5,62,0,0,55,30,85,0,6,106,35,147,92,56,148,295
11/02/2011,MQY,TN,ASO,CE,Federal Contract Tower,0,5,42,9,56,0,1,98,6,105,0,6,140,15,161,48,26,74,235
11/03/2011,MQY,TN,ASO,CE,Federal Contract Tower,0,5,17,10,32,0,0,4,9,13,0,5,21,19,45,0,32,32,77
11/04/2011,MQY,TN,ASO,CE,Federal Contract Tower,0,8,36,6,50,0,1,30,7,38,0,9,66,13,88,94,46,140,228
11/05/2011,MQY,TN,ASO,CE,Federal Contract Tower,0,1,19,0,20,0,1,48,8,57,0,2,67,8,77,96,0,96,173
11/06/2011,MQY,TN,ASO,CE,Federal Contract Tower,0,4,21,2,27,0,1,31,3,35,0,5,52,5,62,32,3,35,97
11/07/2011,MQY,TN,ASO,CE,Federal Contract Tower,0,4,26,2,32,0,0,66,18,84,0,4,92,20,116,92,6,98,214
11/08/2011,MQY,TN,ASO,CE,Federal Contract Tower,0,3,32,4,39,0,0,55,30,85,0,3,87,34,124,76,40,116,240
11/09/2011,MQY,TN,ASO,CE,Federal Contract Tower,0,4,51,10,65,0,0,14,14,28,0,4,65,24,93,20,16,36,129
11/10/2011,MQY,TN,ASO,CE,Federal Contract Tower,0,4,30,8,42,0,0,55,10,65,0,4,85,18,107,100,42,142,249
11/11/2011,MQY,TN,ASO,CE,Federal Contract Tower,2,9,34,0,45,0,0,88,10,98,2,9,122,10,143,118,2,120,263
11/12/2011,MQY,TN,ASO,CE,Federal Contract Tower,0,3,18,0,21,0,0,152,19,171,0,3,170,19,192,48,18,66,258
11/13/2011,MQY,TN,ASO,CE,Federal Contract Tower,0,7,20,0,27,0,2,19,0,21,0,9,39,0,48,0,0,0,48
11/14/2011,MQY,TN,ASO,CE,Federal Contract Tower,0,1,26,1,28,0,1,12,6,19,0,2,38,7,47,22,20,42,89
11/15/2011,MQY,TN,ASO,CE,Federal Contract Tower,0,4,32,2,38,0,1,2,2,5,0,5,34,4,43,6,20,26,69
11/16/2011,MQY,TN,ASO,CE,Federal Contract Tower,0,4,24,3,31,0,0,8,7,15,0,4,32,10,46,42,12,54,100
11/17/2011,MQY,TN,ASO,CE,Federal Contract Tower,0,8,40,13,61,0,0,77,23,100,0,8,117,36,161,192,34,226,387
11/18/2011,MQY,TN,ASO,CE,Federal Contract Tower,0,1,51,10,62,0,1,93,41,135,0,2,144,51,197,116,12,128,325
11/19/2011,MQY,TN,ASO,CE,Federal Contract Tower,0,4,24,6,34,0,0,79,19,98,0,4,103,25,132,54,52,106,238
11/20/2011,MQY,TN,ASO,CE,Federal Contract Tower,0,2,20,2,24,0,0,3,3,6,0,2,23,5,30,2,2,4,34
11/21/2011,MQY,TN,ASO,CE,Federal Contract Tower,0,4,33,0,37,0,0,1,0,1,0,4,34,0,38,0,0,0,38
11/22/2011,MQY,TN,ASO,CE,Federal Contract Tower,0,4,24,4,32,0,0,9,0,9,0,4,33,4,41,6,14,20,61
11/23/2011,MQY,TN,ASO,CE,Federal Contract Tower,0,5,45,0,50,0,0,25,0,25,0,5,70,0,75,12,0,12,87
11/24/2011,MQY,TN,ASO,CE,Federal Contract Tower,0,0,17,0,17,0,0,22,0,22,0,0,39,0,39,0,0,0,39
11/25/2011,MQY,TN,ASO,CE,Federal Contract Tower,0,1,25,0,26,0,0,64,0,64,0,1,89,0,90,84,0,84,174
11/26/2011,MQY,TN,ASO,CE,Federal Contract Tower,2,0,22,0,24,0,0,44,0,44,2,0,66,0,68,22,0,22,90
11/27/2011,MQY,TN,ASO,CE,Federal Contract Tower,0,2,18,0,20,0,0,2,0,2,0,2,20,0,22,10,0,10,32
11/28/2011,MQY,TN,ASO,CE,Federal Contract Tower,0,3,15,0,18,0,0,0,0,0,0,3,15,0,18,0,0,0,18
11/29/2011,MQY,TN,ASO,CE,Federal Contract Tower,0,5,25,7,37,0,0,2,5,7,0,5,27,12,44,20,14,34,78
11/30/2011,MQY,TN,ASO,CE,Federal Contract Tower,0,3,48,6,57,0,3,66,17,86,0,6,114,23,143,190,28,218,361
12/01/2011,MQY,TN,ASO,CE,Federal Contract Tower,0,4,56,7,67,0,2,69,29,100,0,6,125,36,167,134,34,168,335
12/02/2011,MQY,TN,ASO,CE,Federal Contract Tower,2,5,51,1,59,0,3,105,12,120,2,8,156,13,179,244,4,248,427
12/03/2011,MQY,TN,ASO,CE,Federal Contract Tower,1,2,28,9,40,0,5,85,8,98,1,7,113,17,138,222,14,236,374
12/04/2011,MQY,TN,ASO,CE,Federal Contract Tower,0,7,18,2,27,0,1,21,0,22,0,8,39,2,49,30,0,30,79
12/05/2011,MQY,TN,ASO,CE,Federal Contract Tower,2,3,20,2,27,0,0,8,0,8,2,3,28,2,35,18,0,18,53
12/06/2011,MQY,TN,ASO,CE,Federal Contract Tower,0,4,22,2,28,0,0,0,0,0,0,4,22,2,28,0,0,0,28
12/07/2011,MQY,TN,ASO,CE,Federal Contract Tower,0,3,27,6,36,0,5,11,0,16,0,8,38,6,52,20,20,40,92
12/08/2011,MQY,TN,ASO,CE,Federal Contract Tower,0,8,40,10,58,0,0,67,43,110,0,8,107,53,168,148,44,192,360
12/09/2011,MQY,TN,ASO,CE,Federal Contract Tower,0,6,33,4,43,0,0,64,16,80,0,6,97,20,123,132,18,150,273
12/10/2011,MQY,TN,ASO,CE,Federal Contract Tower,0,2,15,3,20,0,0,89,18,107,0,2,104,21,127,164,2,166,293
12/11/2011,MQY,TN,ASO,CE,Federal Contract Tower,0,2,24,8,34,0,1,35,6,42,0,3,59,14,76,42,20,62,138
12/12/2011,MQY,TN,ASO,CE,Federal Contract Tower,0,2,23,10,35,0,4,7,6,17,0,6,30,16,52,38,2,40,92
12/13/2011,MQY,TN,ASO,CE,Federal Contract Tower,0,6,34,3,43,0,0,0,0,0,0,6,34,3,43,0,0,0,43
12/14/2011,MQY,TN,ASO,CE,Federal Contract Tower,0,4,34,12,50,0,1,70,33,104,0,5,104,45,154,135,56,191,345
12/15/2011,MQY,TN,ASO,CE,Federal Contract Tower,0,6,39,8,53,0,0,12,26,38,0,6,51,34,91,54,0,54,145
12/16/2011,MQY,TN,ASO,CE,Federal Contract Tower,0,6,22,0,28,0,0,0,0,0,0,6,22,0,28,0,0,0,28
12/17/2011,MQY,TN,ASO,CE,Federal Contract Tower,0,18,16,0,34,0,0,71,3,74,0,18,87,3,108,126,0,126,234
12/18/2011,MQY,TN,ASO,CE,Federal Contract Tower,0,4,24,0,28,0,2,81,5,88,0,6,105,5,116,112,0,112,228
12/19/2011,MQY,TN,ASO,CE,Federal Contract Tower,0,5,37,5,47,0,4,65,12,81,0,9,102,17,128,58,6,64,192
12/20/2011,MQY,TN,ASO,CE,Federal Contract Tower,0,1,25,6,32,0,0,10,3,13,0,1,35,9,45,12,0,12,57
12/21/2011,MQY,TN,ASO,CE,Federal Contract Tower,0,2,24,6,32,0,2,33,15,50,0,4,57,21,82,50,32,82,164
12/22/2011,MQY,TN,ASO,CE,Federal Contract Tower,0,6,19,0,25,0,0,8,0,8,0,6,27,0,33,0,0,0,33
12/23/2011,MQY,TN,ASO,CE,Federal Contract Tower,0,8,39,0,47,0,2,18,1,21,0,10,57,1,68,40,18,58,126
12/24/2011,MQY,TN,ASO,CE,Federal Contract Tower,0,0,5,0,5,0,0,21,0,21,0,0,26,0,26,34,0,34,60
12/25/2011,MQY,TN,ASO,CE,Federal Contract Tower,0,0,6,0,6,0,0,5,0,5,0,0,11,0,11,6,0,6,17
12/26/2011,MQY,TN,ASO,CE,Federal Contract Tower,0,0,31,0,31,0,0,30,0,30,0,0,61,0,61,22,0,22,83
12/27/2011,MQY,TN,ASO,CE,Federal Contract Tower,0,3,14,0,17,0,0,3,12,15,0,3,17,12,32,4,12,16,48
12/28/2011,MQY,TN,ASO,CE,Federal Contract Tower,0,1,42,2,45,0,1,98,15,114,0,2,140,17,159,106,30,136,295
12/29/2011,MQY,TN,ASO,CE,Federal Contract Tower,0,8,28,9,45,0,4,87,0,91,0,12,115,9,136,98,6,104,240
12/30/2011,MQY,TN,ASO,CE,Federal Contract Tower,0,4,21,0,25,0,1,39,0,40,0,5,60,0,65,56,0,56,121
12/31/2011,MQY,TN,ASO,CE,Federal Contract Tower,0,1,16,0,17,0,0,57,0,57,0,1,73,0,74,74,0,74,148
01/01/2012,MQY,TN,ASO,CE,Federal Contract Tower,0,0,15,0,15,0,0,4,0,4,0,0,19,0,19,8,0,8,27
01/02/2012,MQY,TN,ASO,CE,Federal Contract Tower,0,0,30,0,30,0,0,3,19,22,0,0,33,19,52,52,0,52,104
01/03/2012,MQY,TN,ASO,CE,Federal Contract Tower,0,7,26,0,33,0,0,48,0,48,0,7,74,0,81,96,0,96,177
01/04/2012,MQY,TN,ASO,CE,Federal Contract Tower,0,2,33,1,36,0,0,31,2,33,0,2,64,3,69,44,2,46,115
01/05/2012,MQY,TN,ASO,CE,Federal Contract Tower,0,2,35,2,39,0,7,86,32,125,0,9,121,34,164,84,40,124,288
01/06/2012,MQY,TN,ASO,CE,Federal Contract Tower,0,4,23,9,36,0,1,84,52,137,0,5,107,61,173,118,98,216,389
01/07/2012,MQY,TN,ASO,CE,Federal Contract Tower,0,1,14,9,24,0,0,18,16,34,0,1,32,25,58,28,4,32,90
01/08/2012,MQY,TN,ASO,CE,Federal Contract Tower,0,3,28,8,39,0,0,32,20,52,0,3,60,28,91,90,12,102,193
01/09/2012,MQY,TN,ASO,CE,Federal Contract Tower,0,2,29,12,43,0,14,3,0,17,0,16,32,12,60,32,22,54,114
01/10/2012,MQY,TN,ASO,CE,Federal Contract Tower,0,6,43,17,66,0,0,57,27,84,0,6,100,44,150,82,48,130,280
01/11/2012,MQY,TN,ASO,CE,Federal Contract Tower,0,2,30,4,36,0,0,9,12,21,0,2,39,16,57,8,26,34,91
01/12/2012,MQY,TN,ASO,CE,Federal Contract Tower,0,4,18,2,24,0,0,0,0,0,0,4,18,2,24,0,0,0,24
01/13/2012,MQY,TN,ASO,CE,Federal Contract Tower,0,5,46,4,55,0,0,28,10,38,0,5,74,14,93,4,6,10,103
01/14/2012,MQY,TN,ASO,CE,Federal Contract Tower,0,1,23,4,28,0,1,64,4,69,0,2,87,8,97,66,8,74,171
01/15/2012,MQY,TN,ASO,CE,Federal Contract Tower,0,5,27,0,32,0,0,73,0,73,0,5,100,0,105,98,0,98,203
01/16/2012,MQY,TN,ASO,CE,Federal Contract Tower,0,1,17,1,19,0,1,20,0,21,0,2,37,1,40,34,0,34,74
01/17/2012,MQY,TN,ASO,CE,Federal Contract Tower,0,2,21,5,28,0,0,5,0,5,0,2,26,5,33,2,12,14,47
01/18/2012,MQY,TN,ASO,CE,Federal Contract Tower,0,2,34,6,42,0,1,46,13,60,0,3,80,19,102,106,26,132,234
01/19/2012,MQY,TN,ASO,CE,Federal Contract Tower,1,5,37,6,49,0,0,74,57,131,1,5,111,63,180,104,42,146,326
01/20/2012,MQY,TN,ASO,CE,Federal Contract Tower,0,8,27,15,50,0,2,41,17,60,0,10,68,32,110,68,42,110,220
01/21/2012,MQY,TN,ASO,CE,Federal Contract Tower,0,2,20,4,26,0,0,0,0,0,0,2,20,4,26,0,0,0,26
01/22/2012,MQY,TN,ASO,CE,Federal Contract Tower,0,3,12,0,15,0,0,7,2,9,0,3,19,2,24,12,0,12,36
01/23/2012,MQY,TN,ASO,CE,Federal Contract Tower,0,6,19,2,27,0,6,35,2,43,0,12,54,4,70,54,0,54,124
01/24/2012,MQY,TN,ASO,CE,Federal Contract Tower,0,2,40,4,46,0,3,96,34,133,0,5,136,38,179,196,66,262,441
01/25/2012,MQY,TN,ASO,CE,Federal Contract Tower,0,6,28,1,35,0,3,38,3,44,0,9,66,4,79,39,42,81,160
01/26/2012,MQY,TN,ASO,CE,Federal Contract Tower,0,4,17,3,24,0,0,4,4,8,0,4,21,7,32,0,54,54,86
01/27/2012,MQY,TN,ASO,CE,Federal Contract Tower,0,6,27,6,39,0,1,54,16,71,0,7,81,22,110,198,32,230,340
01/28/2012,MQY,TN,ASO,CE,Federal Contract Tower,0,1,10,2,13,0,2,72,0,74,0,3,82,2,87,114,0,114,201
01/29/2012,MQY,TN,ASO,CE,Federal Contract Tower,0,1,27,4,32,0,4,45,0,49,0,5,72,4,81,44,0,44,125
01/30/2012,MQY,TN,ASO,CE,Federal Contract Tower,0,3,31,1,35,0,0,59,1,60,0,3,90,2,95,128,0,128,223
01/31/2012,MQY,TN,ASO,CE,Federal Contract Tower,0,2,14,9,25,0,0,46,20,66,0,2,60,29,91,96,70,166,257
02/01/2012,MQY,TN,ASO,CE,Federal Contract Tower,0,4,33,3,40,0,2,30,7,39,0,6,63,10,79,66,15,81,160
02/02/2012,MQY,TN,ASO,CE,Federal Contract Tower,0,5,49,10,64,0,2,90,20,112,0,7,139,30,176,164,62,226,402
02/03/2012,MQY,TN,ASO,CE,Federal Contract Tower,0,1,26,15,42,0,1,107,22,130,0,2,133,37,172,140,78,218,390
02/04/2012,MQY,TN,ASO,CE,Federal Contract Tower,0,2,5,0,7,0,0,2,0,2,0,2,7,0,9,0,0,0,9
02/05/2012,MQY,TN,ASO,CE,Federal Contract Tower,2,2,31,6,41,0,1,25,14,40,2,3,56,20,81,58,8,66,147
02/06/2012,MQY,TN,ASO,CE,Federal Contract Tower,0,1,20,5,26,0,1,41,7,49,0,2,61,12,75,100,10,110,185
02/07/2012,MQY,TN,ASO,CE,Federal Contract Tower,0,4,47,14,65,0,0,61,10,71,0,4,108,24,136,88,16,104,240
02/08/2012,MQY,TN,ASO,CE,Federal Contract Tower,0,3,41,1,45,0,3,30,6,39,0,6,71,7,84,164,16,180,264
02/09/2012,MQY,TN,ASO,CE,Federal Contract Tower,0,6,58,5,69,0,0,49,22,71,0,6,107,27,140,86,42,128,268
02/10/2012,MQY,TN,ASO,CE,Federal Contract Tower,0,3,24,2,29,0,0,32,5,37,0,3,56,7,66,64,0,64,130
02/11/2012,MQY,TN,ASO,CE,Federal Contract Tower,0,3,9,2,14,0,0,30,16,46,0,3,39,18,60,100,16,116,176
02/12/2012,MQY,TN,ASO,CE,Federal Contract Tower,0,0,2,37,39,0,0,63,2,65,0,0,65,39,104,122,0,122,226
02/13/2012,MQY,TN,ASO,CE,Federal Contract Tower,0,1,28,10,39,0,5,41,1,47,0,6,69,11,86,44,10,54,140
02/14/2012,MQY,TN,ASO,CE,Federal Contract Tower,0,5,28,0,33,0,0,0,0,0,0,5,28,0,33,0,0,0,33
02/15/2012,MQY,TN,ASO,CE,Federal Contract Tower,0,7,39,7,53,0,5,78,15,98,0,12,117,22,151,142,2,144,295
02/16/2012,MQY,TN,ASO,CE,Federal Contract Tower,0,1,33,7,41,0,4,37,13,54,0,5,70,20,95,84,38,122,217
02/17/2012,MQY,TN,ASO,CE,Federal Contract Tower,0,12,40,0,52,0,0,120,24,144,0,12,160,24,196,126,13,139,335
02/18/2012,MQY,TN,ASO,CE,Federal Contract Tower,0,2,13,0,15,0,0,80,14,94,0,2,93,14,109,142,2,144,253
02/19/2012,MQY,TN,ASO,CE,Federal Contract Tower,0,3,11,0,14,0,0,0,0,0,0,3,11,0,14,0,0,0,14
02/20/2012,MQY,TN,ASO,CE,Federal Contract Tower,0,0,29,0,29,0,3,53,0,56,0,3,82,0,85,182,0,182,267
02/21/2012,MQY,TN,ASO,CE,Federal Contract Tower,0,10,34,2,46,0,4,23,14,41,0,14,57,16,87,38,6,44,131
02/22/2012,MQY,TN,ASO,CE,Federal Contract Tower,0,3,34,5,42,0,0,6,0,6,0,3,40,5,48,22,0,22,70
02/23/2012,MQY,TN,ASO,CE,Federal Contract Tower,0,6,34,8,48,0,6,40,21,67,0,12,74,29,115,60,54,114,229
02/24/2012,MQY,TN,ASO,CE,Federal Contract Tower,0,6,32,7,45,0,0,13,3,16,0,6,45,10,61,6,2,8,69
02/25/2012,MQY,TN,ASO,CE,Federal Contract Tower,0,3,11,0,14,0,2,65,0,67,0,5,76,0,81,102,0,102,183
02/26/2012,MQY,TN,ASO,CE,Federal Contract Tower,0,5,28,3,36,0,0,14,41,55,0,5,42,44,91,206,0,206,297
02/27/2012,MQY,TN,ASO,CE,Federal Contract Tower,0,4,34,7,45,0,3,62,3,68,0,7,96,10,113,150,40,190,303
02/28/2012,MQY,TN,ASO,CE,Federal Contract Tower,0,2,36,6,44,0,7,67,17,91,0,9,103,23,135,138,32,170,305
02/29/2012,MQY,TN,ASO,CE,Federal Contract Tower,0,7,28,2,37,0,6,2,1,9,0,13,30,3,46,0,2,2,48
03/01/2012,MQY,TN,ASO,CE,Federal Contract Tower,2,9,55,6,72,0,0,103,20,123,2,9,158,26,195,174,24,198,393
03/02/2012,MQY,TN,ASO,CE,Federal Contract Tower,0,3,14,2,19,0,0,2,0,2,0,3,16,2,21,18,0,18,39
03/03/2012,MQY,TN,ASO,CE,Federal Contract Tower,0,1,23,1,25,0,1,75,3,79,0,2,98,4,104,126,0,126,230
03/04/2012,MQY,TN,ASO,CE,Federal Contract Tower,1,2,29,1,33,0,0,28,4,32,1,2,57,5,65,32,0,32,97
03/05/2012,MQY,TN,ASO,CE,Federal Contract Tower,0,4,19,3,26,0,0,84,0,84,0,4,103,3,110,96,0,96,206
03/06/2012,MQY,TN,ASO,CE,Federal Contract Tower,0,4,32,3,39,0,0,77,1,78,0,4,109,4,117,82,0,82,199
03/07/2012,MQY,TN,ASO,CE,Federal Contract Tower,0,15,45,3,63,0,1,54,4,59,0,16,99,7,122,56,2,58,180
03/08/2012,MQY,TN,ASO,CE,Federal Contract Tower,0,9,27,2,38,0,0,1,0,1,0,9,28,2,39,2,0,2,41
03/09/2012,MQY,TN,ASO,CE,Federal Contract Tower,0,15,37,9,61,0,1,52,22,75,0,16,89,31,136,70,20,90,226
03/10/2012,MQY,TN,ASO,CE,Federal Contract Tower,0,6,65,0,71,0,3,125,8,136,0,9,190,8,207,138,0,138,345
03/11/2012,MQY,TN,ASO,CE,Federal Contract Tower,0,16,16,4,36,0,38,3,0,41,0,54,19,4,77,76,0,76,153
03/12/2012,MQY,TN,ASO,CE,Federal Contract Tower,0,3,28,4,35,0,2,6,0,8,0,5,34,4,43,6,0,6,49
03/13/2012,MQY,TN,ASO,CE,Federal Contract Tower,0,15,41,12,68,0,2,46,3,51,0,17,87,15,119,74,26,100,219
03/14/2012,MQY,TN,ASO,CE,Federal Contract Tower,0,11,49,4,64,0,2,80,6,88,0,13,129,10,152,67,50,117,269
03/15/2012,MQY,TN,ASO,CE,Federal Contract Tower,0,11,35,1,47,0,0,43,8,51,0,11,78,9,98,92,0,92,190
03/16/2012,MQY,TN,ASO,CE,Federal Contract Tower,1,14,38,1,54,0,1,33,0,34,1,15,71,1,88,30,0,30,118
03/17/2012,MQY,TN,ASO,CE,Federal Contract Tower,0,1,37,0,38,0,2,60,1,63,0,3,97,1,101,90,0,90,191
03/18/2012,MQY,TN,ASO,CE,Federal Contract Tower,0,1,19,2,22,0,0,35,0,35,0,1,54,2,57,92,0,92,149
03/19/2012,MQY,TN,ASO,CE,Federal Contract Tower,0,8,22,6,36,0,3,66,1,70,0,11,88,7,106,96,28,124,230
03/20/2012,MQY,TN,ASO,CE,Federal Contract Tower,2,12,27,9,50,0,0,65,2,67,2,12,92,11,117,36,0,36,153
03/21/2012,MQY,TN,ASO,CE,Federal Contract Tower,2,8,53,3,66,0,0,98,8,106,2,8,151,11,172,98,0,98,270
03/22/2012,MQY,TN,ASO,CE,Federal Contract Tower,1,4,33,7,45,0,0,27,15,42,1,4,60,22,87,70,22,92,179
03/23/2012,MQY,TN,ASO,CE,Federal Contract Tower,4,6,35,2,47,0,6,41,2,49,4,12,76,4,96,66,0,66,162
03/24/2012,MQY,TN,ASO,CE,Federal Contract Tower,1,1,18,0,20,0,0,44,2,46,1,1,62,2,66,54,0,54,120
03/25/2012,MQY,TN,ASO,CE,Federal Contract Tower,1,6,25,3,35,0,0,57,0,57,1,6,82,3,92,111,0,111,203
03/26/2012,MQY,TN,ASO,CE,Federal Contract Tower,1,1,49,6,57,0,1,70,0,71,1,2,119,6,128,142,0,142,270
03/27/2012,MQY,TN,ASO,CE,Federal Contract Tower,1,4,47,15,67,0,2,78,13,93,1,6,125,28,160,172,4,176,336
03/28/2012,MQY,TN,ASO,CE,Federal Contract Tower,1,14,55,2,72,0,2,83,8,93,1,16,138,10,165,162,2,164,329
03/29/2012,MQY,TN,ASO,CE,Federal Contract Tower,1,14,37,2,54,0,4,89,33,126,1,18,126,35,180,186,30,216,396
03/30/2012,MQY,TN,ASO,CE,Federal Contract Tower,1,14,46,5,66,0,0,62,3,65,1,14,108,8,131,106,10,116,247
03/31/2012,MQY,TN,ASO,CE,Federal Contract Tower,0,8,18,1,27,0,9,61,0,70,0,17,79,1,97,90,0,90,187
04/01/2012,MQY,TN,ASO,CE,Federal Contract Tower,0,2,31,2,35,0,0,49,3,52,0,2,80,5,87,106,0,106,193
04/02/2012,MQY,TN,ASO,CE,Federal Contract Tower,1,7,32,0,40,0,1,80,2,83,1,8,112,2,123,210,0,210,333
04/03/2012,MQY,TN,ASO,CE,Federal Contract Tower,2,8,29,1,40,0,8,53,9,70,2,16,82,10,110,120,4,124,234
04/04/2012,MQY,TN,ASO,CE,Federal Contract Tower,5,16,49,3,73,0,4,62,20,86,5,20,111,23,159,88,0,88,247
04/05/2012,MQY,TN,ASO,CE,Federal Contract Tower,1,12,41,7,61,0,1,45,10,56,1,13,86,17,117,87,8,95,212
04/06/2012,MQY,TN,ASO,CE,Federal Contract Tower,2,8,49,2,61,0,5,100,5,110,2,13,149,7,171,190,0,190,361
04/07/2012,MQY,TN,ASO,CE,Federal Contract Tower,0,3,19,0,22,0,0,101,0,101,0,3,120,0,123,62,0,62,185
04/08/2012,MQY,TN,ASO,CE,Federal Contract Tower,0,0,13,0,13,0,0,17,0,17,0,0,30,0,30,0,0,0,30
04/09/2012,MQY,TN,ASO,CE,Federal Contract Tower,2,3,35,1,41,0,2,83,1,86,2,5,118,2,127,76,0,76,203
04/10/2012,MQY,TN,ASO,CE,Federal Contract Tower,2,11,25,6,44,0,3,60,13,76,2,14,85,19,120,78,0,78,198
04/11/2012,MQY,TN,ASO,CE,Federal Contract Tower,2,14,38,6,60,0,0,65,7,72,2,14,103,13,132,62,0,62,194
04/12/2012,MQY,TN,ASO,CE,Federal Contract Tower,3,15,42,2,62,0,2,75,17,94,3,17,117,19,156,122,50,172,328
04/13/2012,MQY,TN,ASO,CE,Federal Contract Tower,2,5,43,5,55,0,4,64,34,102,2,9,107,39,157,42,18,60,217
04/14/2012,MQY,TN,ASO,CE,Federal Contract Tower,0,2,18,2,22,0,1,68,29,98,0,3,86,31,120,32,10,42,162
04/15/2012,MQY,TN,ASO,CE,Federal Contract Tower,1,5,16,9,31,0,1,27,19,47,1,6,43,28,78,36,32,68,146
04/16/2012,MQY,TN,ASO,CE,Federal Contract Tower,2,2,21,2,27,0,2,45,2,49,2,4,66,4,76,16,0,16,92
04/17/2012,MQY,TN,ASO,CE,Federal Contract Tower,3,6,25,5,39,0,1,35,5,41,3,7,60,10,80,32,14,46,126
04/18/2012,MQY,TN,ASO,CE,Federal Contract Tower,3,4,61,10,78,0,3,66,7,76,3,7,127,17,154,100,0,100,254
04/19/2012,MQY,TN,ASO,CE,Federal Contract Tower,2,10,46,8,66,0,6,87,25,118,2,16,133,33,184,148,0,148,332
04/20/2012,MQY,TN,ASO,CE,Federal Contract Tower,2,19,50,11,82,0,10,82,8,100,2,29,132,19,182,112,2,114,296
04/21/2012,MQY,TN,ASO,CE,Federal Contract Tower,0,4,22,0,26,0,0,0,0,0,0,4,22,0,26,0,0,0,26
04/22/2012,MQY,TN,ASO,CE,Federal Contract Tower,0,3,24,1,28,0,1,44,2,47,0,4,68,3,75,42,0,42,117
04/23/2012,MQY,TN,ASO,CE,Federal Contract Tower,1,0,35,1,37,0,3,38,0,41,1,3,73,1,78,16,0,16,94
04/24/2012,MQY,TN,ASO,CE,Federal Contract Tower,2,6,31,2,41,0,3,57,15,75,2,9,88,17,116,66,2,68,184
04/25/2012,MQY,TN,ASO,CE,Federal Contract Tower,0,6,67,4,77,0,2,61,9,72,0,8,128,13,149,56,4,60,209
04/26/2012,MQY,TN,ASO,CE,Federal Contract Tower,2,8,41,6,57,0,9,27,23,59,2,17,68,29,116,0,30,30,146
04/27/2012,MQY,TN,ASO,CE,Federal Contract Tower,4,10,54,6,74,0,6,78,20,104,4,16,132,26,178,110,12,122,300
04/28/2012,MQY,TN,ASO,CE,Federal Contract Tower,0,4,24,4,32,0,3,55,10,68,0,7,79,14,100,24,10,34,134
04/29/2012,MQY,TN,ASO,CE,Federal Contract Tower,0,3,34,3,40,0,3,58,7,68,0,6,92,10,108,80,10,90,198
04/30/2012,MQY,TN,ASO,CE,Federal Contract Tower,2,8,28,11,49,0,2,32,5,39,2,10,60,16,88,36,0,36,124
05/01/2012,MQY,TN,ASO,CE,Federal Contract Tower,3,11,35,4,53,0,4,50,15,69,3,15,85,19,122,71,15,86,208
05/02/2012,MQY,TN,ASO,CE,Federal Contract Tower,1,6,42,6,55,0,17,60,5,82,1,23,102,11,137,62,14,76,213
05/03/2012,MQY,TN,ASO,CE,Federal Contract Tower,4,15,42,8,69,0,3,55,32,90,4,18,97,40,159,96,66,162,321
05/04/2012,MQY,TN,ASO,CE,Federal Contract Tower,2,8,60,13,83,0,2,65,16,83,2,10,125,29,166,83,6,89,255
05/05/2012,MQY,TN,ASO,CE,Federal Contract Tower,0,5,14,11,30,0,2,43,6,51,0,7,57,17,81,36,0,36,117
05/06/2012,MQY,TN,ASO,CE,Federal Contract Tower,0,4,19,5,28,0,1,48,9,58,0,5,67,14,86,30,0,30,116
05/07/2012,MQY,TN,ASO,CE,Federal Contract Tower,0,9,25,0,34,0,11,33,1,45,0,20,58,1,79,72,0,72,151
05/08/2012,MQY,TN,ASO,CE,Federal Contract Tower,3,15,34,6,58,0,7,55,21,83,3,22,89,27,141,108,28,136,277
05/09/2012,MQY,TN,ASO,CE,Federal Contract Tower,2,13,44,15,74,0,7,120,19,146,2,20,164,34,220,118,26,144,364
05/10/2012,MQY,TN,ASO,CE,Federal Contract Tower,1,18,49,19,87,0,1,66,20,87,1,19,115,39,174,34,22,56,230
05/11/2012,MQY,TN,ASO,CE,Federal Contract Tower,3,6,35,28,72,0,4,86,20,110,3,10,121,48,182,30,76,106,288
05/12/2012,MQY,TN,ASO,CE,Federal Contract Tower,1,4,12,1,18,0,1,40,1,42,1,5,52,2,60,2,0,2,62
05/13/2012,MQY,TN,ASO,CE,Federal Contract Tower,0,2,8,14,24,0,0,1,0,1,0,2,9,14,25,0,0,0,25
05/14/2012,MQY,TN,ASO,CE,Federal Contract Tower,1,4,30,13,48,0,2,29,5,36,1,6,59,18,84,16,0,16,100
05/15/2012,MQY,TN,ASO,CE,Federal Contract Tower,5,25,48,9,87,0,4,66,15,85,5,29,114,24,172,60,12,72,244
05/16/2012,MQY,TN,ASO,CE,Federal Contract Tower,2,11,39,11,63,0,8,101,21,130,2,19,140,32,193,118,28,146,339
05/17/2012,MQY,TN,ASO,CE,Federal Contract Tower,3,21,37,5,66,0,5,72,16,93,3,26,109,21,159,94,6,100,259
05/18/2012,MQY,TN,ASO,CE,Federal Contract Tower,2,16,47,1,66,0,2,59,27,88,2,18,106,28,154,74,16,90,244
05/19/2012,MQY,TN,ASO,CE,Federal Contract Tower,0,7,14,2,23,0,4,49,11,64,0,11,63,13,87,16,38,54,141
05/20/2012,MQY,TN,ASO,CE,Federal Contract Tower,1,3,21,2,27,0,4,46,10,60,1,7,67,12,87,50,6,56,143
05/21/2012,MQY,TN,ASO,CE,Federal Contract Tower,0,14,24,0,38,0,0,34,0,34,0,14,58,0,72,18,0,18,90
05/22/2012,MQY,TN,ASO,CE,Federal Contract Tower,3,9,38,6,56,0,4,49,22,75,3,13,87,28,131,64,28,92,223
05/23/2012,MQY,TN,ASO,CE,Federal Contract Tower,2,11,51,30,94,0,1,80,17,98,2,12,131,47,192,80,0,80,272
05/24/2012,MQY,TN,ASO,CE,Federal Contract Tower,2,16,38,8,64,0,6,79,33,118,2,22,117,41,182,66,2,68,250
05/25/2012,MQY,TN,ASO,CE,Federal Contract Tower,2,20,50,0,72,0,2,97,2,101,2,22,147,2,173,60,0,60,233
05/26/2012,MQY,TN,ASO,CE,Federal Contract Tower,0,1,14,1,16,0,7,65,7,79,0,8,79,8,95,56,0,56,151
05/27/2012,MQY,TN,ASO,CE,Federal Contract Tower,0,1,16,0,17,0,4,26,0,30,0,5,42,0,47,16,0,16,63
05/28/2012,MQY,TN,ASO,CE,Federal Contract Tower,1,1,20,0,22,0,6,49,0,55,1,7,69,0,77,44,0,44,121
05/29/2012,MQY,TN,ASO,CE,Federal Contract Tower,0,6,46,0,52,0,2,23,19,44,0,8,69,19,96,40,28,68,164
05/30/2012,MQY,TN,ASO,CE,Federal Contract Tower,0,9,43,7,59,0,5,65,1,71,0,14,108,8,130,102,0,102,232
05/31/2012,MQY,TN,ASO,CE,Federal Contract Tower,0,15,42,4,61,0,0,63,7,70,0,15,105,11,131,76,4,80,211
06/01/2012,MQY,TN,ASO,CE,Federal Contract Tower,1,10,28,23,62,0,5,45,0,50,1,15,73,23,112,46,8,54,166
06/02/2012,MQY,TN,ASO,CE,Federal Contract Tower,0,2,11,9,22,0,1,73,9,83,0,3,84,18,105,68,0,68,173
06/03/2012,MQY,TN,ASO,CE,Federal Contract Tower,0,1,18,14,33,0,1,42,1,44,0,2,60,15,77,46,0,46,123
06/04/2012,MQY,TN,ASO,CE,Federal Contract Tower,0,13,29,3,45,0,12,50,5,67,0,25,79,8,112,44,0,44,156
06/05/2012,MQY,TN,ASO,CE,Federal Contract Tower,0,16,33,6,55,0,12,61,8,81,0,28,94,14,136,34,4,38,174
06/06/2012,MQY,TN,ASO,CE,Federal Contract Tower,0,11,44,4,59,0,5,72,10,87,0,16,116,14,146,56,0,56,202
06/07/2012,MQY,TN,ASO,CE,Federal Contract Tower,0,21,32,4,57,0,7,87,4,98,0,28,119,8,155,88,0,88,243
06/08/2012,MQY,TN,ASO,CE,Federal Contract Tower,4,12,34,4,54,0,5,88,3,96,4,17,122,7,150,78,2,80,230
06/09/2012,MQY,TN,ASO,CE,Federal Contract Tower,2,8,26,0,36,0,5,93,6,104,2,13,119,6,140,76,0,76,216
06/10/2012,MQY,TN,ASO,CE,Federal Contract Tower,0,4,18,3,25,0,2,11,1,14,0,6,29,4,39,28,6,34,73
06/11/2012,MQY,TN,ASO,CE,Federal Contract Tower,1,6,19,4,30,0,0,15,2,17,1,6,34,6,47,20,0,20,67
06/12/2012,MQY,TN,ASO,CE,Federal Contract Tower,2,6,26,8,42,0,8,29,11,48,2,14,55,19,90,60,4,64,154
06/13/2012,MQY,TN,ASO,CE,Federal Contract Tower,4,7,57,16,84,0,2,83,27,112,4,9,140,43,196,118,28,146,342
06/14/2012,MQY,TN,ASO,CE,Federal Contract Tower,4,14,39,5,62,0,6,75,16,97,4,20,114,21,159,142,14,156,315
06/15/2012,MQY,TN,ASO,CE,Federal Contract Tower,2,13,40,3,58,0,2,54,16,72,2,15,94,19,130,36,34,70,200
06/16/2012,MQY,TN,ASO,CE,Federal Contract Tower,1,11,35,3,50,0,10,77,7,94,1,21,112,10,144,46,0,46,190
06/17/2012,MQY,TN,ASO,CE,Federal Contract Tower,0,1,3,18,22,1,50,1,0,52,1,51,4,18,74,46,0,46,120
06/18/2012,MQY,TN,ASO,CE,Federal Contract Tower,0,10,32,2,44,0,0,66,5,71,0,10,98,7,115,48,0,48,163
06/19/2012,MQY,TN,ASO,CE,Federal Contract Tower,1,17,35,5,58,0,6,54,5,65,1,23,89,10,123,142,0,142,265
06/20/2012,MQY,TN,ASO,CE,Federal Contract Tower,2,20,51,6,79,0,2,79,5,86,2,22,130,11,165,104,0,104,269
06/21/2012,MQY,TN,ASO,CE,Federal Contract Tower,8,13,21,2,44,0,3,68,27,98,8,16,89,29,142,156,10,166,308
06/22/2012,MQY,TN,ASO,CE,Federal Contract Tower,6,14,24,4,48,0,7,70,5,82,6,21,94,9,130,128,4,132,262
06/23/2012,MQY,TN,ASO,CE,Federal Contract Tower,1,12,20,3,36,0,10,60,2,72,1,22,80,5,108,92,0,92,200
06/24/2012,MQY,TN,ASO,CE,Federal Contract Tower,0,6,21,8,35,0,2,49,0,51,0,8,70,8,86,104,0,104,190
06/25/2012,MQY,TN,ASO,CE,Federal Contract Tower,10,24,26,0,60,0,6,50,5,61,10,30,76,5,121,92,2,94,215
06/26/2012,MQY,TN,ASO,CE,Federal Contract Tower,3,11,27,7,48,0,4,51,19,74,3,15,78,26,122,42,12,54,176
06/27/2012,MQY,TN,ASO,CE,Federal Contract Tower,4,22,36,12,74,0,15,66,24,105,4,37,102,36,179,92,66,158,337
06/28/2012,MQY,TN,ASO,CE,Federal Contract Tower,1,11,37,4,53,0,2,65,18,85,1,13,102,22,138,48,0,48,186
06/29/2012,MQY,TN,ASO,CE,Federal Contract Tower,0,13,38,0,51,0,2,68,8,78,0,15,106,8,129,60,2,62,191
06/30/2012,MQY,TN,ASO,CE,Federal Contract Tower,1,6,23,0,30,0,3,48,1,52,1,9,71,1,82,26,0,26,108
07/01/2012,MQY,TN,ASO,CE,Federal Contract Tower,0,2,21,0,23,0,3,35,2,40,0,5,56,2,63,28,0,28,91
07/02/2012,MQY,TN,ASO,CE,Federal Contract Tower,0,14,41,2,57,0,7,47,5,59,0,21,88,7,116,111,0,111,227
07/03/2012,MQY,TN,ASO,CE,Federal Contract Tower,0,3,15,1,19,0,4,50,10,64,0,7,65,11,83,38,6,44,127
07/04/2012,MQY,TN,ASO,CE,Federal Contract Tower,0,3,6,1,10,0,0,33,0,33,0,3,39,1,43,58,4,62,105
07/05/2012,MQY,TN,ASO,CE,Federal Contract Tower,0,4,25,11,40,0,6,68,3,77,0,10,93,14,117,35,0,35,152
07/06/2012,MQY,TN,ASO,CE,Federal Contract Tower,0,3,26,0,29,0,6,57,0,63,0,9,83,0,92,50,0,50,142
07/07/2012,MQY,TN,ASO,CE,Federal Contract Tower,0,3,18,0,21,0,7,59,0,66,0,10,77,0,87,54,0,54,141
07/08/2012,MQY,TN,ASO,CE,Federal Contract Tower,1,4,31,2,38,0,1,46,0,47,1,5,77,2,85,90,0,90,175
07/09/2012,MQY,TN,ASO,CE,Federal Contract Tower,0,2,18,3,23,0,1,13,6,20,0,3,31,9,43,6,0,6,49
07/10/2012,MQY,TN,ASO,CE,Federal Contract Tower,0,7,21,2,30,0,4,25,9,38,0,11,46,11,68,42,40,82,150
07/11/2012,MQY,TN,ASO,CE,Federal Contract Tower,1,8,52,2,63,0,2,24,11,37,1,10,76,13,100,58,16,74,174
07/12/2012,MQY,TN,ASO,CE,Federal Contract Tower,0,2,18,0,20,0,0,0,0,0,0,2,18,0,20,16,0,16,36
07/13/2012,MQY,TN,ASO,CE,Federal Contract Tower,2,2,29,18,51,0,0,24,18,42,2,2,53,36,93,82,50,132,225
07/14/2012,MQY,TN,ASO,CE,Federal Contract Tower,0,2,9,0,11,0,1,14,2,17,0,3,23,2,28,12,0,12,40
07/15/2012,MQY,TN,ASO,CE,Federal Contract Tower,0,6,23,1,30,0,2,39,15,56,0,8,62,16,86,38,14,52,138
07/16/2012,MQY,TN,ASO,CE,Federal Contract Tower,0,8,27,0,35,0,0,26,4,30,0,8,53,4,65,52,0,52,117
07/17/2012,MQY,TN,ASO,CE,Federal Contract Tower,4,4,51,1,60,0,2,50,13,65,4,6,101,14,125,86,28,114,239
07/18/2012,MQY,TN,ASO,CE,Federal Contract Tower,2,16,32,1,51,0,0,37,7,44,2,16,69,8,95,94,0,94,189
07/19/2012,MQY,TN,ASO,CE,Federal Contract Tower,0,10,30,2,42,0,2,37,15,54,0,12,67,17,96,42,16,58,154
07/20/2012,MQY,TN,ASO,CE,Federal Contract Tower,0,16,34,10,60,0,1,41,4,46,0,17,75,14,106,50,12,62,168
07/21/2012,MQY,TN,ASO,CE,Federal Contract Tower,0,7,36,0,43,0,3,29,0,32,0,10,65,0,75,68,0,68,143
07/22/2012,MQY,TN,ASO,CE,Federal Contract Tower,0,3,19,0,22,0,0,18,0,18,0,3,37,0,40,53,3,56,96
07/23/2012,MQY,TN,ASO,CE,Federal Contract Tower,0,6,33,10,49,0,2,41,5,48,0,8,74,15,97,54,10,64,161
07/24/2012,MQY,TN,ASO,CE,Federal Contract Tower,0,5,42,4,51,0,42,18,0,60,0,47,60,4,111,92,10,102,213
07/25/2012,MQY,TN,ASO,CE,Federal Contract Tower,0,0,38,6,44,0,4,72,19,95,0,4,110,25,139,90,14,104,243
07/26/2012,MQY,TN,ASO,CE,Federal Contract Tower,1,9,48,7,65,0,10,47,14,71,1,19,95,21,136,96,14,110,246
07/27/2012,MQY,TN,ASO,CE,Federal Contract Tower,7,3,39,3,52,0,3,46,18,67,7,6,85,21,119,80,74,154,273
07/28/2012,MQY,TN,ASO,CE,Federal Contract Tower,2,6,21,8,37,0,4,58,11,73,2,10,79,19,110,8,24,32,142
07/29/2012,MQY,TN,ASO,CE,Federal Contract Tower,0,3,21,6,30,0,0,38,4,42,0,3,59,10,72,28,6,34,106
07/30/2012,MQY,TN,ASO,CE,Federal Contract Tower,0,4,39,2,45,0,0,51,4,55,0,4,90,6,100,94,12,106,206
07/31/2012,MQY,TN,ASO,CE,Federal Contract Tower,0,8,54,2,64,0,2,35,21,58,0,10,89,23,122,56,26,82,204
08/01/2012,MQY,TN,ASO,CE,Federal Contract Tower,2,10,38,6,56,0,5,35,12,52,2,15,73,18,108,42,18,60,168
08/02/2012,MQY,TN,ASO,CE,Federal Contract Tower,0,8,30,3,41,0,15,55,19,89,0,23,85,22,130,98,16,114,244
08/03/2012,MQY,TN,ASO,CE,Federal Contract Tower,1,7,29,11,48,0,8,23,3,34,1,15,52,14,82,52,0,52,134
08/04/2012,MQY,TN,ASO,CE,Federal Contract Tower,1,8,20,0,29,0,2,60,7,69,1,10,80,7,98,72,0,72,170
08/05/2012,MQY,TN,ASO,CE,Federal Contract Tower,0,4,16,2,22,0,2,25,0,27,0,6,41,2,49,34,0,34,83
08/06/2012,MQY,TN,ASO,CE,Federal Contract Tower,0,5,27,16,48,0,2,16,7,25,0,7,43,23,73,18,0,18,91
08/07/2012,MQY,TN,ASO,CE,Federal Contract Tower,4,4,33,6,47,0,4,36,16,56,4,8,69,22,103,68,52,120,223
08/08/2012,MQY,TN,ASO,CE,Federal Contract Tower,1,13,39,4,57,0,1,56,9,66,1,14,95,13,123,112,0,112,235
08/09/2012,MQY,TN,ASO,CE,Federal Contract Tower,1,7,22,4,34,0,3,45,21,69,1,10,67,25,103,56,18,74,177
08/10/2012,MQY,TN,ASO,CE,Federal Contract Tower,0,9,26,17,52,0,1,42,3,46,0,10,68,20,98,50,0,50,148
08/11/2012,MQY,TN,ASO,CE,Federal Contract Tower,0,8,37,0,45,0,2,53,0,55,0,10,90,0,100,28,0,28,128
08/12/2012,MQY,TN,ASO,CE,Federal Contract Tower,0,5,19,0,24,0,3,51,0,54,0,8,70,0,78,76,0,76,154
08/13/2012,MQY,TN,ASO,CE,Federal Contract Tower,0,10,26,6,42,0,1,38,2,41,0,11,64,8,83,52,0,52,135
08/14/2012,MQY,TN,ASO,CE,Federal Contract Tower,4,10,28,6,48,0,2,53,3,58,4,12,81,9,106,118,6,124,230
08/15/2012,MQY,TN,ASO,CE,Federal Contract Tower,0,7,37,10,54,0,0,66,1,67,0,7,103,11,121,120,0,120,241
08/16/2012,MQY,TN,ASO,CE,Federal Contract Tower,8,14,40,2,64,0,4,71,35,110,8,18,111,37,174,120,10,130,304
08/17/2012,MQY,TN,ASO,CE,Federal Contract Tower,5,9,47,9,70,0,2,19,0,21,5,11,66,9,91,54,0,54,145
08/18/2012,MQY,TN,ASO,CE,Federal Contract Tower,3,4,17,0,24,0,2,77,0,79,3,6,94,0,103,128,0,128,231
08/19/2012,MQY,TN,ASO,CE,Federal Contract Tower,3,4,15,16,38,0,0,65,4,69,3,4,80,20,107,114,10,124,231
08/20/2012,MQY,TN,ASO,CE,Federal Contract Tower,3,19,14,3,39,0,5,68,5,78,3,24,82,8,117,66,0,66,183
08/21/2012,MQY,TN,ASO,CE,Federal Contract Tower,6,16,31,8,61,0,1,47,22,70,6,17,78,30,131,68,8,76,207
08/22/2012,MQY,TN,ASO,CE,Federal Contract Tower,7,24,54,5,90,0,4,88,9,101,7,28,142,14,191,102,0,102,293
08/23/2012,MQY,TN,ASO,CE,Federal Contract Tower,5,18,37,3,63,0,1,68,18,87,5,19,105,21,150,76,6,82,232
08/24/2012,MQY,TN,ASO,CE,Federal Contract Tower,5,13,58,8,84,0,4,60,8,72,5,17,118,16,156,24,8,32,188
08/25/2012,MQY,TN,ASO,CE,Federal Contract Tower,5,2,11,0,18,0,3,69,3,75,5,5,80,3,93,70,0,70,163
08/26/2012,MQY,TN,ASO,CE,Federal Contract Tower,0,3,19,15,37,0,4,44,9,57,0,7,63,24,94,38,12,50,144
08/27/2012,MQY,TN,ASO,CE,Federal Contract Tower,1,2,20,24,47,0,4,49,41,94,1,6,69,65,141,36,10,46,187
08/28/2012,MQY,TN,ASO,CE,Federal Contract Tower,0,3,53,10,66,0,2,50,34,86,0,5,103,44,152,56,64,120,272
08/29/2012,MQY,TN,ASO,CE,Federal Contract Tower,1,6,41,22,70,0,0,35,4,39,1,6,76,26,109,22,0,22,131
08/30/2012,MQY,TN,ASO,CE,Federal Contract Tower,3,8,36,22,69,0,0,26,34,60,3,8,62,56,129,14,68,82,211
08/31/2012,MQY,TN,ASO,CE,Federal Contract Tower,1,7,42,51,101,0,0,23,50,73,1,7,65,101,174,0,20,20,194
09/01/2012,MQY,TN,ASO,CE,Federal Contract Tower,0,2,15,21,38,0,0,17,1,18,0,2,32,22,56,16,0,16,72
09/02/2012,MQY,TN,ASO,CE,Federal Contract Tower,0,0,15,0,15,0,0,12,0,12,0,0,27,0,27,0,0,0,27
09/03/2012,MQY,TN,ASO,CE,Federal Contract Tower,0,3,22,0,25,0,4,2,0,6,0,7,24,0,31,2,0,2,33
09/04/2012,MQY,TN,ASO,CE,Federal Contract Tower,0,4,38,19,61,0,5,32,17,54,0,9,70,36,115,28,38,66,181
09/05/2012,MQY,TN,ASO,CE,Federal Contract Tower,0,7,37,10,54,0,4,25,3,32,0,11,62,13,86,2,18,20,106
09/06/2012,MQY,TN,ASO,CE,Federal Contract Tower,0,2,42,5,49,0,6,59,17,82,0,8,101,22,131,38,2,40,171
09/07/2012,MQY,TN,ASO,CE,Federal Contract Tower,1,6,31,4,42,0,3,70,13,86,1,9,101,17,128,48,16,64,192
09/08/2012,MQY,TN,ASO,CE,Federal Contract Tower,0,2,17,1,20,0,0,24,3,27,0,2,41,4,47,24,0,24,71
09/09/2012,MQY,TN,ASO,CE,Federal Contract Tower,0,2,29,2,33,0,4,61,1,66,0,6,90,3,99,40,0,40,139
09/10/2012,MQY,TN,ASO,CE,Federal Contract Tower,0,3,29,2,34,0,7,37,2,46,0,10,66,4,80,24,0,24,104
09/11/2012,MQY,TN,ASO,CE,Federal Contract Tower,0,8,35,2,45,0,2,44,17,63,0,10,79,19,108,52,10,62,170
09/12/2012,MQY,TN,ASO,CE,Federal Contract Tower,0,8,37,2,47,0,6,87,7,100,0,14,124,9,147,74,6,80,227
09/13/2012,MQY,TN,ASO,CE,Federal Contract Tower,2,7,34,10,53,0,1,74,17,92,2,8,108,27,145,90,6,96,241
09/14/2012,MQY,TN,ASO,CE,Federal Contract Tower,0,10,49,17,76,0,1,58,9,68,0,11,107,26,144,46,0,46,190
09/15/2012,MQY,TN,ASO,CE,Federal Contract Tower,0,2,31,0,33,0,0,45,7,52,0,2,76,7,85,78,6,84,169
09/16/2012,MQY,TN,ASO,CE,Federal Contract Tower,0,1,34,2,37,0,0,37,1,38,0,1,71,3,75,20,0,20,95
09/17/2012,MQY,TN,ASO,CE,Federal Contract Tower,0,1,21,2,24,0,0,0,0,0,0,1,21,2,24,0,0,0,24
09/18/2012,MQY,TN,ASO,CE,Federal Contract Tower,0,4,39,2,45,0,2,19,2,23,0,6,58,4,68,12,0,12,80
09/19/2012,MQY,TN,ASO,CE,Federal Contract Tower,0,5,68,6,79,0,71,30,0,101,0,76,98,6,180,82,16,98,278
09/20/2012,MQY,TN,ASO,CE,Federal Contract Tower,1,9,37,0,47,0,2,76,18,96,1,11,113,18,143,126,18,144,287
09/21/2012,MQY,TN,ASO,CE,Federal Contract Tower,0,8,41,3,52,0,4,78,6,88,0,12,119,9,140,104,0,104,244
09/22/2012,MQY,TN,ASO,CE,Federal Contract Tower,0,2,25,3,30,0,0,76,2,78,0,2,101,5,108,108,18,126,234
09/23/2012,MQY,TN,ASO,CE,Federal Contract Tower,0,0,33,0,33,0,0,63,4,67,0,0,96,4,100,66,0,66,166
09/24/2012,MQY,TN,ASO,CE,Federal Contract Tower,0,6,32,1,39,0,7,80,1,88,0,13,112,2,127,70,0,70,197
09/25/2012,MQY,TN,ASO,CE,Federal Contract Tower,0,6,45,1,52,0,0,50,3,53,0,6,95,4,105,70,18,88,193
09/26/2012,MQY,TN,ASO,CE,Federal Contract Tower,3,12,51,2,68,0,8,66,11,85,3,20,117,13,153,138,0,138,291
09/27/2012,MQY,TN,ASO,CE,Federal Contract Tower,4,6,30,5,45,0,0,63,5,68,4,6,93,10,113,126,14,140,253
09/28/2012,MQY,TN,ASO,CE,Federal Contract Tower,3,11,30,5,49,0,8,40,4,52,3,19,70,9,101,110,8,118,219
09/29/2012,MQY,TN,ASO,CE,Federal Contract Tower,0,4,40,0,44,0,5,51,2,58,0,9,91,2,102,56,0,56,158
09/30/2012,MQY,TN,ASO,CE,Federal Contract Tower,2,3,24,0,29,0,46,5,0,51,2,49,29,0,80,68,0,68,148
10/01/2012,MQY,TN,ASO,CE,Federal Contract Tower,0,2,13,17,32,0,0,0,0,0,0,2,13,17,32,0,0,0,32
10/02/2012,MQY,TN,ASO,CE,Federal Contract Tower,0,3,13,37,53,0,2,19,6,27,0,5,32,43,80,42,34,76,156
10/03/2012,MQY,TN,ASO,CE,Federal Contract Tower,5,15,42,3,65,0,4,87,36,127,5,19,129,39,192,106,24,130,322
10/04/2012,MQY,TN,ASO,CE,Federal Contract Tower,3,19,42,6,70,0,6,80,8,94,3,25,122,14,164,126,2,128,292
10/05/2012,MQY,TN,ASO,CE,Federal Contract Tower,2,8,47,0,57,0,9,76,3,88,2,17,123,3,145,60,16,76,221
10/06/2012,MQY,TN,ASO,CE,Federal Contract Tower,0,5,20,0,25,0,2,23,0,25,0,7,43,0,50,14,0,14,64
10/07/2012,MQY,TN,ASO,CE,Federal Contract Tower,0,5,18,1,24,0,0,38,0,38,0,5,56,1,62,66,4,70,132
10/08/2012,MQY,TN,ASO,CE,Federal Contract Tower,0,11,40,0,51,0,1,37,1,39,0,12,77,1,90,64,0,64,154
10/09/2012,MQY,TN,ASO,CE,Federal Contract Tower,2,6,41,4,53,0,2,52,3,57,2,8,93,7,110,108,13,121,231
10/10/2012,MQY,TN,ASO,CE,Federal Contract Tower,0,14,44,5,63,0,8,41,16,65,0,22,85,21,128,40,4,44,172
10/11/2012,MQY,TN,ASO,CE,Federal Contract Tower,2,7,62,3,74,0,2,66,31,99,2,9,128,34,173,66,50,116,289
10/12/2012,MQY,TN,ASO,CE,Federal Contract Tower,2,10,41,1,54,0,0,7,11,18,2,10,48,12,72,20,52,72,144
10/13/2012,MQY,TN,ASO,CE,Federal Contract Tower,0,5,22,0,27,0,1,72,12,85,0,6,94,12,112,86,6,92,204
10/14/2012,MQY,TN,ASO,CE,Federal Contract Tower,0,6,24,2,32,0,0,11,1,12,0,6,35,3,44,20,0,20,64
10/15/2012,MQY,TN,ASO,CE,Federal Contract Tower,0,5,19,2,26,0,2,61,8,71,0,7,80,10,97,138,0,138,235
10/16/2012,MQY,TN,ASO,CE,Federal Contract Tower,0,12,40,4,56,0,2,58,16,76,0,14,98,20,132,78,18,96,228
10/17/2012,MQY,TN,ASO,CE,Federal Contract Tower,0,10,37,6,53,0,3,58,6,67,0,13,95,12,120,52,2,54,174
10/18/2012,MQY,TN,ASO,CE,Federal Contract Tower,0,19,58,6,83,0,6,57,24,87,0,25,115,30,170,96,10,106,276
10/19/2012,MQY,TN,ASO,CE,Federal Contract Tower,0,11,36,5,52,0,7,38,16,61,0,18,74,21,113,70,38,108,221
10/20/2012,MQY,TN,ASO,CE,Federal Contract Tower,0,0,29,0,29,0,1,56,0,57,0,1,85,0,86,106,0,106,192
10/21/2012,MQY,TN,ASO,CE,Federal Contract Tower,0,0,28,3,31,0,3,55,14,72,0,3,83,17,103,90,24,114,217
10/22/2012,MQY,TN,ASO,CE,Federal Contract Tower,0,7,42,10,59,0,0,68,2,70,0,7,110,12,129,118,0,118,247
10/23/2012,MQY,TN,ASO,CE,Federal Contract Tower,2,28,44,11,85,0,7,71,18,96,2,35,115,29,181,114,4,118,299
10/24/2012,MQY,TN,ASO,CE,Federal Contract Tower,2,8,43,0,53,0,3,66,10,79,2,11,109,10,132,118,0,118,250
10/25/2012,MQY,TN,ASO,CE,Federal Contract Tower,2,16,44,1,63,0,4,98,21,123,2,20,142,22,186,112,6,118,304
10/26/2012,MQY,TN,ASO,CE,Federal Contract Tower,3,24,33,0,60,0,2,39,2,43,3,26,72,2,103,26,0,26,129
10/27/2012,MQY,TN,ASO,CE,Federal Contract Tower,1,5,22,2,30,0,3,2,0,5,1,8,24,2,35,0,0,0,35
10/28/2012,MQY,TN,ASO,CE,Federal Contract Tower,1,4,28,11,44,0,6,26,0,32,1,10,54,11,76,38,6,44,120
10/29/2012,MQY,TN,ASO,CE,Federal Contract Tower,0,6,30,5,41,0,2,37,2,41,0,8,67,7,82,57,1,58,140
10/30/2012,MQY,TN,ASO,CE,Federal Contract Tower,1,6,28,4,39,0,0,29,16,45,1,6,57,20,84,38,10,48,132
10/31/2012,MQY,TN,ASO,CE,Federal Contract Tower,2,14,38,6,60,0,2,82,4,88,2,16,120,10,148,40,4,44,192
11/01/2012,MQY,TN,ASO,CE,Federal Contract Tower,2,12,55,5,74,0,5,95,17,117,2,17,150,22,191,110,16,126,317
11/02/2012,MQY,TN,ASO,CE,Federal Contract Tower,0,16,35,18,69,0,3,97,16,116,0,19,132,34,185,68,26,94,279
11/03/2012,MQY,TN,ASO,CE,Federal Contract Tower,0,1,15,5,21,0,4,174,15,193,0,5,189,20,214,70,6,76,290
11/04/2012,MQY,TN,ASO,CE,Federal Contract Tower,0,2,27,8,37,0,0,36,15,51,0,2,63,23,88,30,0,30,118
11/05/2012,MQY,TN,ASO,CE,Federal Contract Tower,2,9,46,5,62,0,0,40,4,44,2,9,86,9,106,48,4,52,158
11/06/2012,MQY,TN,ASO,CE,Federal Contract Tower,0,16,36,7,59,0,0,32,12,44,0,16,68,19,103,22,65,87,190
11/07/2012,MQY,TN,ASO,CE,Federal Contract Tower,0,11,35,0,46,0,5,24,6,35,0,16,59,6,81,20,0,20,101
11/08/2012,MQY,TN,ASO,CE,Federal Contract Tower,3,12,42,3,60,0,7,42,33,82,3,19,84,36,142,38,42,80,222
11/09/2012,MQY,TN,ASO,CE,Federal Contract Tower,0,17,32,1,50,0,8,95,14,117,0,25,127,15,167,116,22,138,305
11/10/2012,MQY,TN,ASO,CE,Federal Contract Tower,0,4,20,16,40,0,0,93,29,122,0,4,113,45,162,50,44,94,256
11/11/2012,MQY,TN,ASO,CE,Federal Contract Tower,0,1,19,2,22,0,1,40,6,47,0,2,59,8,69,0,0,0,69
11/12/2012,MQY,TN,ASO,CE,Federal Contract Tower,0,10,24,0,34,0,3,11,0,14,0,13,35,0,48,14,2,16,64
11/13/2012,MQY,TN,ASO,CE,Federal Contract Tower,0,4,48,9,61,0,10,45,10,65,0,14,93,19,126,32,14,46,172
11/14/2012,MQY,TN,ASO,CE,Federal Contract Tower,1,21,46,5,73,0,3,59,16,78,1,24,105,21,151,66,12,78,229
11/15/2012,MQY,TN,ASO,CE,Federal Contract Tower,2,19,45,11,77,0,4,72,18,94,2,23,117,29,171,54,26,80,251
11/16/2012,MQY,TN,ASO,CE,Federal Contract Tower,2,6,60,3,71,0,2,58,0,60,2,8,118,3,131,74,12,86,217
11/17/2012,MQY,TN,ASO,CE,Federal Contract Tower,0,8,24,2,34,0,0,105,4,109,0,8,129,6,143,114,0,114,257
11/18/2012,MQY,TN,ASO,CE,Federal Contract Tower,0,3,23,0,26,0,3,72,3,78,0,6,95,3,104,62,0,62,166
11/19/2012,MQY,TN,ASO,CE,Federal Contract Tower,0,4,39,1,44,0,1,57,2,60,0,5,96,3,104,104,0,104,208
11/20/2012,MQY,TN,ASO,CE,Federal Contract Tower,2,11,33,0,46,0,2,70,4,76,2,13,103,4,122,70,4,74,196
11/21/2012,MQY,TN,ASO,CE,Federal Contract Tower,0,6,33,2,41,0,5,45,0,50,0,11,78,2,91,46,0,46,137
11/22/2012,MQY,TN,ASO,CE,Federal Contract Tower,0,1,12,2,15,0,4,30,0,34,0,5,42,2,49,0,0,0,49
11/23/2012,MQY,TN,ASO,CE,Federal Contract Tower,0,6,23,2,31,0,0,33,0,33,0,6,56,2,64,36,0,36,100
11/24/2012,MQY,TN,ASO,CE,Federal Contract Tower,0,1,23,0,24,0,1,79,4,84,0,2,102,4,108,106,0,106,214
11/25/2012,MQY,TN,ASO,CE,Federal Contract Tower,0,2,32,1,35,0,0,50,0,50,0,2,82,1,85,42,0,42,127
11/26/2012,MQY,TN,ASO,CE,Federal Contract Tower,1,9,17,9,36,0,2,23,0,25,1,11,40,9,61,84,0,84,145
11/27/2012,MQY,TN,ASO,CE,Federal Contract Tower,7,9,32,0,48,0,2,5,0,7,7,11,37,0,55,16,0,16,71
11/28/2012,MQY,TN,ASO,CE,Federal Contract Tower,3,13,43,5,64,0,1,64,4,69,3,14,107,9,133,124,0,124,257
11/29/2012,MQY,TN,ASO,CE,Federal Contract Tower,1,8,50,15,74,0,3,57,18,78,1,11,107,33,152,80,46,126,278
11/30/2012,MQY,TN,ASO,CE,Federal Contract Tower,0,7,29,15,51,0,2,53,21,76,0,9,82,36,127,42,42,84,211
12/01/2012,MQY,TN,ASO,CE,Federal Contract Tower,0,5,18,2,25,0,2,72,12,86,0,7,90,14,111,70,0,70,181
12/02/2012,MQY,TN,ASO,CE,Federal Contract Tower,0,1,18,2,21,0,2,29,0,31,0,3,47,2,52,28,0,28,80
12/03/2012,MQY,TN,ASO,CE,Federal Contract Tower,2,8,41,1,52,0,14,31,6,51,2,22,72,7,103,58,50,108,211
12/04/2012,MQY,TN,ASO,CE,Federal Contract Tower,0,6,26,10,42,0,0,7,1,8,0,6,33,11,50,0,0,0,50
12/05/2012,MQY,TN,ASO,CE,Federal Contract Tower,2,5,38,8,53,0,5,43,12,60,2,10,81,20,113,64,38,102,215
12/06/2012,MQY,TN,ASO,CE,Federal Contract Tower,1,10,42,6,59,0,6,50,31,87,1,16,92,37,146,76,60,136,282
12/07/2012,MQY,TN,ASO,CE,Federal Contract Tower,0,6,39,0,45,0,2,25,14,41,0,8,64,14,86,48,8,56,142
12/08/2012,MQY,TN,ASO,CE,Federal Contract Tower,0,1,23,6,30,0,0,9,0,9,0,1,32,6,39,0,0,0,39
12/09/2012,MQY,TN,ASO,CE,Federal Contract Tower,0,3,15,3,21,0,0,11,0,11,0,3,26,3,32,2,0,2,34
12/10/2012,MQY,TN,ASO,CE,Federal Contract Tower,0,9,23,4,36,0,0,0,0,0,0,9,23,4,36,0,0,0,36
12/11/2012,MQY,TN,ASO,CE,Federal Contract Tower,3,11,34,6,54,0,4,38,11,53,3,15,72,17,107,66,10,76,183
12/12/2012,MQY,TN,ASO,CE,Federal Contract Tower,0,8,44,2,54,0,11,65,3,79,0,19,109,5,133,66,1,67,200
12/13/2012,MQY,TN,ASO,CE,Federal Contract Tower,1,6,52,12,71,0,19,68,23,110,1,25,120,35,181,92,36,128,309
12/14/2012,MQY,TN,ASO,CE,Federal Contract Tower,0,10,49,6,65,0,3,88,15,106,0,13,137,21,171,80,18,98,269
12/15/2012,MQY,TN,ASO,CE,Federal Contract Tower,1,1,10,7,19,0,2,19,22,43,1,3,29,29,62,22,6,28,90
12/16/2012,MQY,TN,ASO,CE,Federal Contract Tower,0,6,25,0,31,0,1,3,5,9,0,7,28,5,40,16,0,16,56
12/17/2012,MQY,TN,ASO,CE,Federal Contract Tower,0,6,24,2,32,0,2,5,1,8,0,8,29,3,40,10,0,10,50
12/18/2012,MQY,TN,ASO,CE,Federal Contract Tower,0,8,32,0,40,0,2,67,6,75,0,10,99,6,115,82,8,90,205
12/19/2012,MQY,TN,ASO,CE,Federal Contract Tower,0,8,42,4,54,0,20,63,0,83,0,28,105,4,137,176,4,180,317
12/20/2012,MQY,TN,ASO,CE,Federal Contract Tower,1,16,5,0,22,0,0,1,0,1,1,16,6,0,23,0,0,0,23
12/21/2012,MQY,TN,ASO,CE,Federal Contract Tower,0,14,27,0,41,0,1,10,0,11,0,15,37,0,52,18,0,18,70
12/22/2012,MQY,TN,ASO,CE,Federal Contract Tower,0,9,16,1,26,0,2,106,6,114,0,11,122,7,140,138,14,152,292
12/23/2012,MQY,TN,ASO,CE,Federal Contract Tower,0,1,32,0,33,0,0,18,0,18,0,1,50,0,51,8,0,8,59
12/24/2012,MQY,TN,ASO,CE,Federal Contract Tower,1,7,30,4,42,0,4,25,2,31,1,11,55,6,73,42,6,48,121
12/25/2012,MQY,TN,ASO,CE,Federal Contract Tower,0,0,4,0,4,0,0,0,0,0,0,0,4,0,4,0,0,0,4
12/26/2012,MQY,TN,ASO,CE,Federal Contract Tower,0,4,18,0,22,0,1,0,0,1,0,5,18,0,23,0,0,0,23
12/27/2012,MQY,TN,ASO,CE,Federal Contract Tower,0,3,28,0,31,0,5,14,4,23,0,8,42,4,54,14,0,14,68
12/28/2012,MQY,TN,ASO,CE,Federal Contract Tower,0,10,20,3,33,0,0,8,0,8,0,10,28,3,41,6,0,6,47
12/29/2012,MQY,TN,ASO,CE,Federal Contract Tower,0,3,7,1,11,0,0,0,0,0,0,3,7,1,11,0,0,0,11
12/30/2012,MQY,TN,ASO,CE,Federal Contract Tower,0,0,23,0,23,0,0,42,0,42,0,0,65,0,65,70,0,70,135
12/31/2012,MQY,TN,ASO,CE,Federal Contract Tower,0,2,22,0,24,0,0,18,0,18,0,2,40,0,42,32,0,32,74
01/01/2013,MQY,TN,ASO,CE,Federal Contract Tower,0,1,10,0,11,0,0,0,0,0,0,1,10,0,11,0,0,0,11
01/02/2013,MQY,TN,ASO,CE,Federal Contract Tower,0,9,24,11,44,0,0,13,3,16,0,9,37,14,60,28,6,34,94
01/03/2013,MQY,TN,ASO,CE,Federal Contract Tower,0,8,40,5,53,0,3,41,2,46,0,11,81,7,99,52,4,56,155
01/04/2013,MQY,TN,ASO,CE,Federal Contract Tower,0,7,38,4,49,0,5,77,16,98,0,12,115,20,147,114,16,130,277
01/05/2013,MQY,TN,ASO,CE,Federal Contract Tower,0,2,31,3,36,0,0,68,24,92,0,2,99,27,128,68,6,74,202
01/06/2013,MQY,TN,ASO,CE,Federal Contract Tower,0,6,37,6,49,0,0,39,8,47,0,6,76,14,96,62,8,70,166
01/07/2013,MQY,TN,ASO,CE,Federal Contract Tower,1,4,47,13,65,0,10,57,8,75,1,14,104,21,140,34,2,36,176
01/08/2013,MQY,TN,ASO,CE,Federal Contract Tower,2,8,31,5,46,0,7,62,14,83,2,15,93,19,129,42,0,42,171
01/09/2013,MQY,TN,ASO,CE,Federal Contract Tower,0,5,17,7,29,0,0,0,0,0,0,5,17,7,29,0,0,0,29
01/10/2013,MQY,TN,ASO,CE,Federal Contract Tower,0,8,45,20,73,0,2,22,2,26,0,10,67,22,99,8,18,26,125
01/11/2013,MQY,TN,ASO,CE,Federal Contract Tower,0,5,31,2,38,0,5,42,8,55,0,10,73,10,93,52,16,68,161
01/12/2013,MQY,TN,ASO,CE,Federal Contract Tower,0,2,14,0,16,0,2,5,0,7,0,4,19,0,23,34,0,34,57
01/13/2013,MQY,TN,ASO,CE,Federal Contract Tower,0,2,6,0,8,0,0,1,0,1,0,2,7,0,9,6,0,6,15
01/14/2013,MQY,TN,ASO,CE,Federal Contract Tower,0,3,10,0,13,0,0,0,0,0,0,3,10,0,13,0,0,0,13
01/15/2013,MQY,TN,ASO,CE,Federal Contract Tower,1,7,17,0,25,0,0,0,0,0,1,7,17,0,25,0,0,0,25
01/16/2013,MQY,TN,ASO,CE,Federal Contract Tower,0,10,15,8,33,0,0,0,0,0,0,10,15,8,33,0,0,0,33
01/17/2013,MQY,TN,ASO,CE,Federal Contract Tower,0,11,22,8,41,0,2,23,16,41,0,13,45,24,82,12,46,58,140
01/18/2013,MQY,TN,ASO,CE,Federal Contract Tower,0,7,49,8,64,0,0,99,20,119,0,7,148,28,183,104,44,148,331
01/19/2013,MQY,TN,ASO,CE,Federal Contract Tower,0,4,17,0,21,0,3,111,19,133,0,7,128,19,154,134,12,146,300
01/20/2013,MQY,TN,ASO,CE,Federal Contract Tower,0,6,19,8,33,0,9,76,9,94,0,15,95,17,127,138,12,150,277
01/21/2013,MQY,TN,ASO,CE,Federal Contract Tower,0,7,30,4,41,0,0,63,4,67,0,7,93,8,108,84,0,84,192
01/22/2013,MQY,TN,ASO,CE,Federal Contract Tower,0,5,23,8,36,0,10,46,12,68,0,15,69,20,104,76,30,106,210
01/23/2013,MQY,TN,ASO,CE,Federal Contract Tower,0,7,26,1,34,0,2,48,12,62,0,9,74,13,96,144,0,144,240
01/24/2013,MQY,TN,ASO,CE,Federal Contract Tower,0,9,40,6,55,0,15,42,20,77,0,24,82,26,132,30,14,44,176
01/25/2013,MQY,TN,ASO,CE,Federal Contract Tower,2,6,16,0,24,0,0,0,0,0,2,6,16,0,24,0,0,0,24
01/26/2013,MQY,TN,ASO,CE,Federal Contract Tower,0,1,24,4,29,0,7,89,4,100,0,8,113,8,129,216,0,216,345
01/27/2013,MQY,TN,ASO,CE,Federal Contract Tower,0,2,23,0,25,0,1,44,4,49,0,3,67,4,74,64,0,64,138
01/28/2013,MQY,TN,ASO,CE,Federal Contract Tower,1,9,26,5,41,0,4,40,2,46,1,13,66,7,87,50,0,50,137
01/29/2013,MQY,TN,ASO,CE,Federal Contract Tower,0,7,12,1,20,0,0,9,4,13,0,7,21,5,33,14,14,28,61
01/30/2013,MQY,TN,ASO,CE,Federal Contract Tower,0,6,29,4,39,0,3,3,7,13,0,9,32,11,52,0,0,0,52
01/31/2013,MQY,TN,ASO,CE,Federal Contract Tower,1,10,24,12,47,0,4,80,12,96,1,14,104,24,143,62,12,74,217
02/01/2013,MQY,TN,ASO,CE,Federal Contract Tower,0,9,40,1,50,0,10,69,9,88,0,19,109,10,138,88,20,108,246
02/02/2013,MQY,TN,ASO,CE,Federal Contract Tower,0,2,18,2,22,0,0,46,6,52,0,2,64,8,74,132,44,176,250
02/03/2013,MQY,TN,ASO,CE,Federal Contract Tower,0,2,14,6,22,0,0,56,11,67,0,2,70,17,89,110,8,118,207
02/04/2013,MQY,TN,ASO,CE,Federal Contract Tower,0,15,31,0,46,0,5,56,4,65,0,20,87,4,111,46,0,46,157
02/05/2013,MQY,TN,ASO,CE,Federal Contract Tower,0,10,33,5,48,0,6,57,21,84,0,16,90,26,132,104,32,136,268
02/06/2013,MQY,TN,ASO,CE,Federal Contract Tower,0,6,43,10,59,0,1,87,18,106,0,7,130,28,165,252,16,268,433
02/07/2013,MQY,TN,ASO,CE,Federal Contract Tower,1,5,20,8,34,0,1,66,19,86,1,6,86,27,120,94,36,130,250
02/08/2013,MQY,TN,ASO,CE,Federal Contract Tower,0,8,21,2,31,0,2,13,0,15,0,10,34,2,46,44,0,44,90
02/09/2013,MQY,TN,ASO,CE,Federal Contract Tower,0,1,32,0,33,0,6,101,10,117,0,7,133,10,150,160,0,160,310
02/10/2013,MQY,TN,ASO,CE,Federal Contract Tower,0,7,9,0,16,0,0,1,0,1,0,7,10,0,17,0,0,0,17
02/11/2013,MQY,TN,ASO,CE,Federal Contract Tower,0,9,38,4,51,0,1,50,1,52,0,10,88,5,103,96,4,100,203
02/12/2013,MQY,TN,ASO,CE,Federal Contract Tower,0,5,21,0,26,0,5,51,8,64,0,10,72,8,90,126,30,156,246
02/13/2013,MQY,TN,ASO,CE,Federal Contract Tower,0,8,33,2,43,0,0,8,3,11,0,8,41,5,54,60,18,78,132
02/14/2013,MQY,TN,ASO,CE,Federal Contract Tower,0,5,51,7,63,0,2,65,11,78,0,7,116,18,141,78,8,86,227
02/15/2013,MQY,TN,ASO,CE,Federal Contract Tower,0,7,41,3,51,0,4,81,41,126,0,11,122,44,177,104,56,160,337
02/16/2013,MQY,TN,ASO,CE,Federal Contract Tower,0,14,9,0,23,0,6,75,11,92,0,20,84,11,115,132,18,150,265
02/17/2013,MQY,TN,ASO,CE,Federal Contract Tower,0,2,36,3,41,0,0,75,8,83,0,2,111,11,124,118,6,124,248
02/18/2013,MQY,TN,ASO,CE,Federal Contract Tower,0,11,20,0,31,0,0,26,0,26,0,11,46,0,57,6,0,6,63
02/19/2013,MQY,TN,ASO,CE,Federal Contract Tower,0,8,18,8,34,0,1,48,11,60,0,9,66,19,94,86,8,94,188
02/20/2013,MQY,TN,ASO,CE,Federal Contract Tower,0,8,41,16,65,0,3,79,12,94,0,11,120,28,159,128,6,134,293
02/21/2013,MQY,TN,ASO,CE,Federal Contract Tower,0,7,32,9,48,0,2,59,6,67,0,9,91,15,115,98,4,102,217
02/22/2013,MQY,TN,ASO,CE,Federal Contract Tower,1,9,34,17,61,0,10,60,4,74,1,19,94,21,135,88,26,114,249
02/23/2013,MQY,TN,ASO,CE,Federal Contract Tower,1,4,29,0,34,0,3,139,6,148,1,7,168,6,182,150,0,150,332
02/24/2013,MQY,TN,ASO,CE,Federal Contract Tower,1,3,31,4,39,0,14,83,0,97,1,17,114,4,136,110,9,119,255
02/25/2013,MQY,TN,ASO,CE,Federal Contract Tower,0,4,39,3,46,0,7,52,0,59,0,11,91,3,105,56,0,56,161
02/26/2013,MQY,TN,ASO,CE,Federal Contract Tower,0,7,17,3,27,0,1,11,17,29,0,8,28,20,56,0,58,58,114
02/27/2013,MQY,TN,ASO,CE,Federal Contract Tower,0,7,31,7,45,0,1,35,8,44,0,8,66,15,89,83,7,90,179
02/28/2013,MQY,TN,ASO,CE,Federal Contract Tower,0,7,23,2,32,0,5,54,8,67,0,12,77,10,99,52,26,78,177
03/01/2013,MQY,TN,ASO,CE,Federal Contract Tower,0,14,27,2,43,0,1,2,3,6,0,15,29,5,49,0,14,14,63
03/02/2013,MQY,TN,ASO,CE,Federal Contract Tower,0,2,8,0,10,0,0,0,0,0,0,2,8,0,10,0,0,0,10
03/03/2013,MQY,TN,ASO,CE,Federal Contract Tower,0,3,22,1,26,0,0,71,0,71,0,3,93,1,97,138,0,138,235
03/04/2013,MQY,TN,ASO,CE,Federal Contract Tower,0,5,36,1,42,0,5,73,1,79,0,10,109,2,121,26,0,26,147
03/05/2013,MQY,TN,ASO,CE,Federal Contract Tower,0,5,9,0,14,0,0,0,2,2,0,5,9,2,16,0,2,2,18
03/06/2013,MQY,TN,ASO,CE,Federal Contract Tower,0,1,24,2,27,0,3,30,9,42,0,4,54,11,69,58,20,78,147
03/07/2013,MQY,TN,ASO,CE,Federal Contract Tower,0,10,44,3,57,0,2,54,35,91,0,12,98,38,148,130,16,146,294
03/08/2013,MQY,TN,ASO,CE,Federal Contract Tower,0,11,39,6,56,0,13,80,40,133,0,24,119,46,189,124,42,166,355
03/09/2013,MQY,TN,ASO,CE,Federal Contract Tower,0,2,27,1,30,0,5,117,38,160,0,7,144,39,190,96,6,102,292
03/10/2013,MQY,TN,ASO,CE,Federal Contract Tower,0,5,18,6,29,0,3,33,24,60,0,8,51,30,89,32,60,92,181
03/11/2013,MQY,TN,ASO,CE,Federal Contract Tower,0,8,12,0,20,0,4,5,0,9,0,12,17,0,29,8,0,8,37
03/12/2013,MQY,TN,ASO,CE,Federal Contract Tower,0,6,49,32,87,0,3,77,25,105,0,9,126,57,192,124,10,134,326
03/13/2013,MQY,TN,ASO,CE,Federal Contract Tower,0,7,39,10,56,0,3,50,12,65,0,10,89,22,121,82,12,94,215
03/14/2013,MQY,TN,ASO,CE,Federal Contract Tower,0,8,38,4,50,0,8,66,21,95,0,16,104,25,145,148,44,192,337
03/15/2013,MQY,TN,ASO,CE,Federal Contract Tower,0,5,37,8,50,0,12,61,27,100,0,17,98,35,150,114,32,146,296
03/16/2013,MQY,TN,ASO,CE,Federal Contract Tower,0,5,16,8,29,0,11,65,17,93,0,16,81,25,122,64,30,94,216
03/17/2013,MQY,TN,ASO,CE,Federal Contract Tower,0,9,32,1,42,0,0,29,19,48,0,9,61,20,90,18,14,32,122
03/18/2013,MQY,TN,ASO,CE,Federal Contract Tower,2,6,16,3,27,0,0,2,1,3,2,6,18,4,30,2,0,2,32
03/19/2013,MQY,TN,ASO,CE,Federal Contract Tower,0,4,53,22,79,0,4,102,11,117,0,8,155,33,196,146,6,152,348
03/20/2013,MQY,TN,ASO,CE,Federal Contract Tower,2,5,45,2,54,0,2,100,8,110,2,7,145,10,164,98,0,98,262
03/21/2013,MQY,TN,ASO,CE,Federal Contract Tower,0,5,39,15,59,0,13,84,27,124,0,18,123,42,183,162,4,166,349
03/22/2013,MQY,TN,ASO,CE,Federal Contract Tower,0,6,35,1,42,0,2,63,16,81,0,8,98,17,123,132,4,136,259
03/23/2013,MQY,TN,ASO,CE,Federal Contract Tower,0,7,27,0,34,0,5,30,3,38,0,12,57,3,72,0,62,62,134
03/24/2013,MQY,TN,ASO,CE,Federal Contract Tower,0,4,10,0,14,0,0,0,0,0,0,4,10,0,14,0,0,0,14
03/25/2013,MQY,TN,ASO,CE,Federal Contract Tower,0,11,11,1,23,0,0,7,2,9,0,11,18,3,32,22,0,22,54
03/26/2013,MQY,TN,ASO,CE,Federal Contract Tower,0,23,33,0,56,0,0,28,18,46,0,23,61,18,102,42,14,56,158
03/27/2013,MQY,TN,ASO,CE,Federal Contract Tower,0,16,37,3,56,0,4,89,13,106,0,20,126,16,162,186,0,186,348
03/28/2013,MQY,TN,ASO,CE,Federal Contract Tower,0,16,59,10,85,0,7,105,18,130,0,23,164,28,215,138,18,156,371
03/29/2013,MQY,TN,ASO,CE,Federal Contract Tower,0,12,16,3,31,0,7,37,0,44,0,19,53,3,75,56,0,56,131
03/30/2013,MQY,TN,ASO,CE,Federal Contract Tower,0,2,23,0,25,0,6,28,0,34,0,8,51,0,59,96,0,96,155
03/31/2013,MQY,TN,ASO,CE,Federal Contract Tower,0,1,14,1,16,0,0,7,2,9,0,1,21,3,25,8,0,8,33
04/01/2013,MQY,TN,ASO,CE,Federal Contract Tower,0,8,43,1,52,0,69,3,0,72,0,77,46,1,124,118,0,118,242
04/02/2013,MQY,TN,ASO,CE,Federal Contract Tower,0,5,48,11,64,0,4,79,19,102,0,9,127,30,166,138,8,146,312
04/03/2013,MQY,TN,ASO,CE,Federal Contract Tower,0,7,37,19,63,0,15,49,8,72,0,22,86,27,135,34,24,58,193
04/04/2013,MQY,TN,ASO,CE,Federal Contract Tower,0,7,43,3,53,0,0,2,0,2,0,7,45,3,55,4,0,4,59
04/05/2013,MQY,TN,ASO,CE,Federal Contract Tower,0,15,48,1,64,0,9,92,18,119,0,24,140,19,183,120,24,144,327
04/06/2013,MQY,TN,ASO,CE,Federal Contract Tower,0,3,21,0,24,0,5,96,0,101,0,8,117,0,125,144,0,144,269
04/07/2013,MQY,TN,ASO,CE,Federal Contract Tower,0,5,30,0,35,0,8,64,6,78,0,13,94,6,113,72,0,72,185
04/08/2013,MQY,TN,ASO,CE,Federal Contract Tower,0,9,39,0,48,0,2,51,0,53,0,11,90,0,101,48,0,48,149
04/09/2013,MQY,TN,ASO,CE,Federal Contract Tower,0,3,55,8,66,0,4,86,28,118,0,7,141,36,184,138,6,144,328
04/10/2013,MQY,TN,ASO,CE,Federal Contract Tower,0,4,40,4,48,0,12,74,26,112,0,16,114,30,160,82,2,84,244
04/11/2013,MQY,TN,ASO,CE,Federal Contract Tower,0,4,19,1,24,0,0,12,3,15,0,4,31,4,39,30,0,30,69
04/12/2013,MQY,TN,ASO,CE,Federal Contract Tower,0,19,54,5,78,0,8,102,54,164,0,27,156,59,242,120,14,134,376
04/13/2013,MQY,TN,ASO,CE,Federal Contract Tower,0,1,23,2,26,0,9,87,32,128,0,10,110,34,154,122,4,126,280
04/14/2013,MQY,TN,ASO,CE,Federal Contract Tower,0,3,23,2,28,0,3,50,22,75,0,6,73,24,103,38,38,76,179
04/15/2013,MQY,TN,ASO,CE,Federal Contract Tower,2,15,32,9,58,0,3,92,2,97,2,18,124,11,155,95,0,95,250
04/16/2013,MQY,TN,ASO,CE,Federal Contract Tower,0,6,31,6,43,0,8,53,25,86,0,14,84,31,129,26,36,62,191
04/17/2013,MQY,TN,ASO,CE,Federal Contract Tower,0,8,54,1,63,0,7,58,8,73,0,15,112,9,136,52,6,58,194
04/18/2013,MQY,TN,ASO,CE,Federal Contract Tower,0,16,34,1,51,0,9,35,37,81,0,25,69,38,132,26,42,68,200
04/19/2013,MQY,TN,ASO,CE,Federal Contract Tower,0,9,35,4,48,0,4,60,20,84,0,13,95,24,132,68,18,86,218
04/20/2013,MQY,TN,ASO,CE,Federal Contract Tower,0,4,10,2,16,0,3,116,10,129,0,7,126,12,145,74,0,74,219
04/21/2013,MQY,TN,ASO,CE,Federal Contract Tower,0,6,20,4,30,0,11,82,27,120,0,17,102,31,150,104,12,116,266
04/22/2013,MQY,TN,ASO,CE,Federal Contract Tower,0,14,29,2,45,0,4,68,0,72,0,18,97,2,117,108,0,108,225
04/23/2013,MQY,TN,ASO,CE,Federal Contract Tower,0,30,55,6,91,0,22,57,26,105,0,52,112,32,196,74,18,92,288
04/24/2013,MQY,TN,ASO,CE,Federal Contract Tower,0,1,12,35,48,0,3,4,0,7,0,4,16,35,55,6,0,6,61
04/25/2013,MQY,TN,ASO,CE,Federal Contract Tower,0,13,49,1,63,0,11,79,14,104,0,24,128,15,167,132,6,138,305
04/26/2013,MQY,TN,ASO,CE,Federal Contract Tower,2,10,61,0,73,0,10,87,11,108,2,20,148,11,181,54,0,54,235
04/27/2013,MQY,TN,ASO,CE,Federal Contract Tower,1,5,7,0,13,0,0,0,0,0,1,5,7,0,13,0,0,0,13
04/28/2013,MQY,TN,ASO,CE,Federal Contract Tower,0,4,29,0,33,0,3,23,5,31,0,7,52,5,64,54,0,54,118
04/29/2013,MQY,TN,ASO,CE,Federal Contract Tower,0,15,47,4,66,0,8,38,12,58,0,23,85,16,124,64,0,64,188
04/30/2013,MQY,TN,ASO,CE,Federal Contract Tower,1,12,51,7,71,0,10,63,19,92,1,22,114,26,163,106,52,158,321
05/01/2013,MQY,TN,ASO,CE,Federal Contract Tower,0,10,30,7,47,0,4,63,13,80,0,14,93,20,127,58,0,58,185
05/02/2013,MQY,TN,ASO,CE,Federal Contract Tower,4,9,41,12,66,0,7,57,26,90,4,16,98,38,156,74,38,112,268
05/03/2013,MQY,TN,ASO,CE,Federal Contract Tower,0,18,29,4,51,0,10,46,12,68,0,28,75,16,119,56,0,56,175
05/04/2013,MQY,TN,ASO,CE,Federal Contract Tower,0,0,8,2,10,0,0,0,0,0,0,0,8,2,10,0,0,0,10
05/05/2013,MQY,TN,ASO,CE,Federal Contract Tower,0,2,39,4,45,0,2,8,0,10,0,4,47,4,55,24,0,24,79
05/06/2013,MQY,TN,ASO,CE,Federal Contract Tower,0,8,36,0,44,0,1,7,0,8,0,9,43,0,52,36,0,36,88
05/07/2013,MQY,TN,ASO,CE,Federal Contract Tower,0,9,42,1,52,0,6,51,24,81,0,15,93,25,133,96,0,96,229
05/08/2013,MQY,TN,ASO,CE,Federal Contract Tower,1,6,37,5,49,0,3,86,15,104,1,9,123,20,153,138,0,138,291
05/09/2013,MQY,TN,ASO,CE,Federal Contract Tower,0,14,37,2,53,0,17,69,30,116,0,31,106,32,169,158,26,184,353
05/10/2013,MQY,TN,ASO,CE,Federal Contract Tower,0,9,27,1,37,0,2,11,0,13,0,11,38,1,50,2,0,2,52
05/11/2013,MQY,TN,ASO,CE,Federal Contract Tower,0,3,29,1,33,0,4,31,0,35,0,7,60,1,68,36,0,36,104
05/12/2013,MQY,TN,ASO,CE,Federal Contract Tower,0,4,21,0,25,0,2,48,0,50,0,6,69,0,75,76,0,76,151
05/13/2013,MQY,TN,ASO,CE,Federal Contract Tower,0,7,35,8,50,0,2,61,9,72,0,9,96,17,122,108,0,108,230
05/14/2013,MQY,TN,ASO,CE,Federal Contract Tower,0,2,50,5,57,0,2,81,43,126,0,4,131,48,183,106,12,118,301
05/15/2013,MQY,TN,ASO,CE,Federal Contract Tower,0,15,63,3,81,0,2,63,35,100,0,17,126,38,181,175,8,183,364
05/16/2013,MQY,TN,ASO,CE,Federal Contract Tower,0,6,39,5,50,0,6,54,25,85,0,12,93,30,135,70,52,122,257
05/17/2013,MQY,TN,ASO,CE,Federal Contract Tower,0,18,29,3,50,0,0,2,0,2,0,18,31,3,52,18,0,18,70
05/18/2013,MQY,TN,ASO,CE,Federal Contract Tower,0,1,12,9,22,0,17,42,14,73,0,18,54,23,95,30,56,86,181
05/19/2013,MQY,TN,ASO,CE,Federal Contract Tower,0,3,12,16,31,0,1,16,6,23,0,4,28,22,54,22,14,36,90
05/20/2013,MQY,TN,ASO,CE,Federal Contract Tower,0,7,33,3,43,0,4,49,0,53,0,11,82,3,96,70,0,70,166
05/21/2013,MQY,TN,ASO,CE,Federal Contract Tower,0,3,17,0,20,0,1,21,2,24,0,4,38,2,44,6,0,6,50
05/22/2013,MQY,TN,ASO,CE,Federal Contract Tower,1,5,16,11,33,0,13,43,18,74,1,18,59,29,107,44,14,58,165
05/23/2013,MQY,TN,ASO,CE,Federal Contract Tower,3,14,45,1,63,0,3,53,2,58,3,17,98,3,121,64,0,64,185
05/24/2013,MQY,TN,ASO,CE,Federal Contract Tower,0,7,49,0,56,0,6,53,1,60,0,13,102,1,116,28,0,28,144
05/25/2013,MQY,TN,ASO,CE,Federal Contract Tower,2,5,12,5,24,0,7,71,1,79,2,12,83,6,103,10,0,10,113
05/26/2013,MQY,TN,ASO,CE,Federal Contract Tower,0,6,10,1,17,0,15,42,0,57,0,21,52,1,74,30,0,30,104
05/27/2013,MQY,TN,ASO,CE,Federal Contract Tower,0,10,24,0,34,0,3,31,0,34,0,13,55,0,68,54,0,54,122
05/28/2013,MQY,TN,ASO,CE,Federal Contract Tower,0,8,24,11,43,0,11,43,23,77,0,19,67,34,120,41,22,63,183
05/29/2013,MQY,TN,ASO,CE,Federal Contract Tower,0,21,46,12,79,0,7,68,33,108,0,28,114,45,187,86,24,110,297
05/30/2013,MQY,TN,ASO,CE,Federal Contract Tower,0,8,44,10,62,0,5,69,28,102,0,13,113,38,164,78,46,124,288
05/31/2013,MQY,TN,ASO,CE,Federal Contract Tower,0,9,22,2,33,0,8,52,10,70,0,17,74,12,103,68,4,72,175
06/01/2013,MQY,TN,ASO,CE,Federal Contract Tower,0,2,15,9,26,0,0,30,9,39,0,2,45,18,65,48,12,60,125
06/02/2013,MQY,TN,ASO,CE,Federal Contract Tower,0,2,8,3,13,0,2,26,0,28,0,4,34,3,41,12,0,12,53
06/03/2013,MQY,TN,ASO,CE,Federal Contract Tower,0,12,36,2,50,0,7,51,2,60,0,19,87,4,110,84,0,84,194
06/04/2013,MQY,TN,ASO,CE,Federal Contract Tower,0,17,27,4,48,0,2,71,29,102,0,19,98,33,150,120,22,142,292
06/05/2013,MQY,TN,ASO,CE,Federal Contract Tower,1,8,36,1,46,0,0,66,27,93,1,8,102,28,139,102,64,166,305
06/06/2013,MQY,TN,ASO,CE,Federal Contract Tower,2,17,38,7,64,0,3,33,28,64,2,20,71,35,128,40,34,74,202
06/07/2013,MQY,TN,ASO,CE,Federal Contract Tower,2,13,35,14,64,0,9,45,15,69,2,22,80,29,133,26,22,48,181
06/08/2013,MQY,TN,ASO,CE,Federal Contract Tower,0,3,27,2,32,0,17,98,5,120,0,20,125,7,152,118,0,118,270
06/09/2013,MQY,TN,ASO,CE,Federal Contract Tower,0,10,6,0,16,0,10,10,0,20,0,20,16,0,36,48,22,70,106
06/10/2013,MQY,TN,ASO,CE,Federal Contract Tower,3,13,27,5,48,0,7,41,10,58,3,20,68,15,106,48,0,48,154
06/11/2013,MQY,TN,ASO,CE,Federal Contract Tower,0,15,37,8,60,0,1,77,40,118,0,16,114,48,178,74,24,98,276
06/12/2013,MQY,TN,ASO,CE,Federal Contract Tower,0,12,57,15,84,0,10,66,26,102,0,22,123,41,186,92,14,106,292
06/13/2013,MQY,TN,ASO,CE,Federal Contract Tower,1,12,42,2,57,0,21,39,25,85,1,33,81,27,142,54,44,98,240
06/14/2013,MQY,TN,ASO,CE,Federal Contract Tower,4,17,35,12,68,0,16,59,50,125,4,33,94,62,193,30,48,78,271
06/15/2013,MQY,TN,ASO,CE,Federal Contract Tower,4,3,29,2,38,0,11,73,9,93,4,14,102,11,131,68,18,86,217
06/16/2013,MQY,TN,ASO,CE,Federal Contract Tower,0,6,6,7,19,0,2,44,2,48,0,8,50,9,67,38,0,38,105
06/17/2013,MQY,TN,ASO,CE,Federal Contract Tower,3,19,25,2,49,0,0,28,4,32,3,19,53,6,81,40,0,40,121
06/18/2013,MQY,TN,ASO,CE,Federal Contract Tower,6,24,48,11,89,0,3,37,19,59,6,27,85,30,148,52,2,54,202
06/19/2013,MQY,TN,ASO,CE,Federal Contract Tower,3,11,54,14,82,0,28,93,9,130,3,39,147,23,212,106,2,108,320
06/20/2013,MQY,TN,ASO,CE,Federal Contract Tower,3,19,54,5,81,0,6,74,42,122,3,25,128,47,203,84,54,138,341
06/21/2013,MQY,TN,ASO,CE,Federal Contract Tower,0,15,47,2,64,0,12,73,4,89,0,27,120,6,153,96,2,98,251
06/22/2013,MQY,TN,ASO,CE,Federal Contract Tower,0,6,33,1,40,0,14,63,0,77,0,20,96,1,117,32,0,32,149
06/23/2013,MQY,TN,ASO,CE,Federal Contract Tower,0,4,25,2,31,0,6,46,9,61,0,10,71,11,92,46,4,50,142
06/24/2013,MQY,TN,ASO,CE,Federal Contract Tower,0,2,14,36,52,0,2,27,8,37,0,4,41,44,89,26,0,26,115
06/25/2013,MQY,TN,ASO,CE,Federal Contract Tower,0,11,40,0,51,0,5,42,36,83,0,16,82,36,134,76,18,94,228
06/26/2013,MQY,TN,ASO,CE,Federal Contract Tower,2,6,55,0,63,0,7,43,10,60,2,13,98,10,123,6,8,14,137
06/27/2013,MQY,TN,ASO,CE,Federal Contract Tower,2,5,35,13,55,0,3,77,32,112,2,8,112,45,167,98,12,110,277
06/28/2013,MQY,TN,ASO,CE,Federal Contract Tower,5,12,30,4,51,0,3,65,14,82,5,15,95,18,133,68,0,68,201
06/29/2013,MQY,TN,ASO,CE,Federal Contract Tower,0,1,25,1,27,0,6,60,2,68,0,7,85,3,95,72,0,72,167
06/30/2013,MQY,TN,ASO,CE,Federal Contract Tower,0,5,21,10,36,0,4,58,4,66,0,9,79,14,102,112,2,114,216
07/01/2013,MQY,TN,ASO,CE,Federal Contract Tower,1,7,41,1,50,0,1,34,1,36,1,8,75,2,86,34,0,34,120
07/02/2013,MQY,TN,ASO,CE,Federal Contract Tower,1,9,48,17,75,0,11,56,0,67,1,20,104,17,142,84,2,86,228
07/03/2013,MQY,TN,ASO,CE,Federal Contract Tower,0,12,33,0,45,0,0,94,29,123,0,12,127,29,168,54,38,92,260
07/04/2013,MQY,TN,ASO,CE,Federal Contract Tower,0,0,10,0,10,0,0,0,0,0,0,0,10,0,10,0,0,0,10
07/05/2013,MQY,TN,ASO,CE,Federal Contract Tower,2,6,15,0,23,0,0,2,0,2,2,6,17,0,25,4,0,4,29
07/06/2013,MQY,TN,ASO,CE,Federal Contract Tower,1,1,10,0,12,0,2,15,5,22,1,3,25,5,34,28,6,34,68
07/07/2013,MQY,TN,ASO,CE,Federal Contract Tower,0,4,36,1,41,0,1,73,12,86,0,5,109,13,127,126,22,148,275
07/08/2013,MQY,TN,ASO,CE,Federal Contract Tower,2,8,33,8,51,0,8,35,8,51,2,16,68,16,102,30,8,38,140
07/09/2013,MQY,TN,ASO,CE,Federal Contract Tower,0,4,49,7,60,0,8,66,30,104,0,12,115,37,164,82,18,100,264
07/10/2013,MQY,TN,ASO,CE,Federal Contract Tower,0,5,23,0,28,0,3,73,7,83,0,8,96,7,111,76,0,76,187
07/11/2013,MQY,TN,ASO,CE,Federal Contract Tower,0,5,58,7,70,0,2,51,19,72,0,7,109,26,142,46,18,64,206
07/12/2013,MQY,TN,ASO,CE,Federal Contract Tower,0,9,30,13,52,0,10,57,21,88,0,19,87,34,140,96,12,108,248
07/13/2013,MQY,TN,ASO,CE,Federal Contract Tower,0,1,16,12,29,0,0,84,45,129,0,1,100,57,158,56,46,102,260
07/14/2013,MQY,TN,ASO,CE,Federal Contract Tower,2,0,21,7,30,0,0,35,23,58,2,0,56,30,88,46,0,46,134
07/15/2013,MQY,TN,ASO,CE,Federal Contract Tower,0,9,40,19,68,0,8,48,0,56,0,17,88,19,124,84,0,84,208
07/16/2013,MQY,TN,ASO,CE,Federal Contract Tower,2,10,47,15,74,0,12,66,22,100,2,22,113,37,174,188,42,230,404
07/17/2013,MQY,TN,ASO,CE,Federal Contract Tower,0,9,40,2,51,0,4,55,20,79,0,13,95,22,130,86,0,86,216
07/18/2013,MQY,TN,ASO,CE,Federal Contract Tower,0,9,33,4,46,0,10,62,33,105,0,19,95,37,151,124,10,134,285
07/19/2013,MQY,TN,ASO,CE,Federal Contract Tower,0,7,47,11,65,0,14,83,12,109,0,21,130,23,174,144,12,156,330
07/20/2013,MQY,TN,ASO,CE,Federal Contract Tower,0,2,5,11,18,0,5,78,5,88,0,7,83,16,106,40,16,56,162
07/21/2013,MQY,TN,ASO,CE,Federal Contract Tower,0,11,8,0,19,0,0,25,0,25,0,11,33,0,44,18,0,18,62
07/22/2013,MQY,TN,ASO,CE,Federal Contract Tower,0,11,24,2,37,0,0,8,0,8,0,11,32,2,45,26,0,26,71
07/23/2013,MQY,TN,ASO,CE,Federal Contract Tower,0,6,45,4,55,0,9,47,5,61,0,15,92,9,116,42,0,42,158
07/24/2013,MQY,TN,ASO,CE,Federal Contract Tower,0,5,26,5,36,0,3,39,15,57,0,8,65,20,93,68,0,68,161
07/25/2013,MQY,TN,ASO,CE,Federal Contract Tower,0,10,63,12,85,0,0,94,41,135,0,10,157,53,220,150,56,206,426
07/26/2013,MQY,TN,ASO,CE,Federal Contract Tower,0,7,32,21,60,0,5,81,3,89,0,12,113,24,149,66,2,68,217
07/27/2013,MQY,TN,ASO,CE,Federal Contract Tower,0,1,25,0,26,0,1,82,0,83,0,2,107,0,109,148,0,148,257
07/28/2013,MQY,TN,ASO,CE,Federal Contract Tower,0,2,23,1,26,0,0,49,1,50,0,2,72,2,76,96,0,96,172
07/29/2013,MQY,TN,ASO,CE,Federal Contract Tower,0,11,32,2,45,0,4,80,1,85,0,15,112,3,130,86,0,86,216
07/30/2013,MQY,TN,ASO,CE,Federal Contract Tower,0,7,44,8,59,0,0,55,15,70,0,7,99,23,129,86,10,96,225
07/31/2013,MQY,TN,ASO,CE,Federal Contract Tower,0,11,29,4,44,0,0,5,8,13,0,11,34,12,57,12,0,12,69
08/01/2013,MQY,TN,ASO,CE,Federal Contract Tower,0,8,44,4,56,0,2,51,6,59,0,10,95,10,115,92,6,98,213
08/02/2013,MQY,TN,ASO,CE,Federal Contract Tower,4,2,35,2,43,0,6,73,19,98,4,8,108,21,141,102,14,116,257
08/03/2013,MQY,TN,ASO,CE,Federal Contract Tower,2,2,19,6,29,0,1,38,22,61,2,3,57,28,90,28,58,86,176
08/04/2013,MQY,TN,ASO,CE,Federal Contract Tower,0,0,11,2,13,0,7,27,14,48,0,7,38,16,61,46,18,64,125
08/05/2013,MQY,TN,ASO,CE,Federal Contract Tower,0,12,33,0,45,0,3,69,6,78,0,15,102,6,123,156,0,156,279
08/06/2013,MQY,TN,ASO,CE,Federal Contract Tower,0,5,25,4,34,0,3,40,23,66,0,8,65,27,100,62,48,110,210
08/07/2013,MQY,TN,ASO,CE,Federal Contract Tower,0,14,27,4,45,0,6,26,5,37,0,20,53,9,82,10,0,10,92
08/08/2013,MQY,TN,ASO,CE,Federal Contract Tower,0,7,22,5,34,0,3,32,24,59,0,10,54,29,93,80,60,140,233
08/09/2013,MQY,TN,ASO,CE,Federal Contract Tower,0,11,32,3,46,0,2,50,44,96,0,13,82,47,142,56,40,96,238
08/10/2013,MQY,TN,ASO,CE,Federal Contract Tower,0,5,18,2,25,0,3,38,9,50,0,8,56,11,75,52,4,56,131
08/11/2013,MQY,TN,ASO,CE,Federal Contract Tower,0,3,20,3,26,0,30,7,0,37,0,33,27,3,63,62,0,62,125
08/12/2013,MQY,TN,ASO,CE,Federal Contract Tower,0,11,35,6,52,0,0,29,14,43,0,11,64,20,95,50,24,74,169
08/13/2013,MQY,TN,ASO,CE,Federal Contract Tower,0,11,42,7,60,0,2,36,36,74,0,13,78,43,134,86,20,106,240
08/14/2013,MQY,TN,ASO,CE,Federal Contract Tower,0,11,42,7,60,0,2,36,36,74,0,13,78,43,134,86,20,106,240
08/15/2013,MQY,TN,ASO,CE,Federal Contract Tower,0,10,47,6,63,0,7,66,18,91,0,17,113,24,154,118,0,118,272
08/16/2013,MQY,TN,ASO,CE,Federal Contract Tower,0,9,45,4,58,0,8,62,4,74,0,17,107,8,132,106,0,106,238
08/17/2013,MQY,TN,ASO,CE,Federal Contract Tower,0,3,22,5,30,0,4,36,4,44,0,7,58,9,74,50,0,50,124
08/18/2013,MQY,TN,ASO,CE,Federal Contract Tower,0,1,34,7,42,0,4,36,0,40,0,5,70,7,82,84,0,84,166
08/19/2013,MQY,TN,ASO,CE,Federal Contract Tower,0,6,34,1,41,0,4,50,0,54,0,10,84,1,95,80,0,80,175
08/20/2013,MQY,TN,ASO,CE,Federal Contract Tower,0,4,37,1,42,0,4,31,15,50,0,8,68,16,92,74,18,92,184
08/21/2013,MQY,TN,ASO,CE,Federal Contract Tower,0,8,24,1,33,0,10,52,10,72,0,18,76,11,105,84,0,84,189
08/22/2013,MQY,TN,ASO,CE,Federal Contract Tower,0,10,56,11,77,0,16,87,35,138,0,26,143,46,215,170,40,210,425
08/23/2013,MQY,TN,ASO,CE,Federal Contract Tower,0,10,29,10,49,0,6,67,34,107,0,16,96,44,156,72,24,96,252
08/24/2013,MQY,TN,ASO,CE,Federal Contract Tower,0,2,15,11,28,0,2,83,3,88,0,4,98,14,116,58,14,72,188
08/25/2013,MQY,TN,ASO,CE,Federal Contract Tower,0,5,20,12,37,0,5,66,3,74,0,10,86,15,111,76,0,76,187
08/26/2013,MQY,TN,ASO,CE,Federal Contract Tower,0,13,33,0,46,0,2,80,1,83,0,15,113,1,129,128,0,128,257
08/27/2013,MQY,TN,ASO,CE,Federal Contract Tower,0,12,47,11,70,0,3,79,34,116,0,15,126,45,186,84,46,130,316
08/28/2013,MQY,TN,ASO,CE,Federal Contract Tower,0,25,56,2,83,0,15,78,19,112,0,40,134,21,195,80,6,86,281
08/29/2013,MQY,TN,ASO,CE,Federal Contract Tower,0,14,45,5,64,0,13,80,29,122,0,27,125,34,186,68,16,84,270
08/30/2013,MQY,TN,ASO,CE,Federal Contract Tower,0,10,46,1,57,0,10,70,4,84,0,20,116,5,141,100,8,108,249
08/31/2013,MQY,TN,ASO,CE,Federal Contract Tower,0,3,14,17,34,0,5,57,4,66,0,8,71,21,100,92,0,92,192
09/01/2013,MQY,TN,ASO,CE,Federal Contract Tower,0,12,0,0,12,0,2,25,0,27,0,14,25,0,39,12,0,12,51
09/02/2013,MQY,TN,ASO,CE,Federal Contract Tower,0,0,18,0,18,0,4,47,0,51,0,4,65,0,69,60,0,60,129
09/03/2013,MQY,TN,ASO,CE,Federal Contract Tower,0,14,28,3,45,0,3,40,14,57,0,17,68,17,102,74,18,92,194
09/04/2013,MQY,TN,ASO,CE,Federal Contract Tower,0,11,38,4,53,0,25,76,7,108,0,36,114,11,161,106,0,106,267
09/05/2013,MQY,TN,ASO,CE,Federal Contract Tower,0,10,37,1,48,0,9,70,27,106,0,19,107,28,154,70,16,86,240
09/06/2013,MQY,TN,ASO,CE,Federal Contract Tower,2,15,32,6,55,0,11,76,30,117,2,26,108,36,172,168,34,202,374
09/07/2013,MQY,TN,ASO,CE,Federal Contract Tower,1,6,16,7,30,0,8,73,36,117,1,14,89,43,147,28,54,82,229
09/08/2013,MQY,TN,ASO,CE,Federal Contract Tower,0,2,19,7,28,0,8,53,8,69,0,10,72,15,97,40,2,42,139
09/09/2013,MQY,TN,ASO,CE,Federal Contract Tower,0,10,24,3,37,0,0,37,11,48,0,10,61,14,85,32,0,32,117
09/10/2013,MQY,TN,ASO,CE,Federal Contract Tower,0,10,24,3,37,0,4,43,11,58,0,14,67,14,95,82,4,86,181
09/11/2013,MQY,TN,ASO,CE,Federal Contract Tower,0,10,34,4,48,0,11,76,14,101,0,21,110,18,149,130,6,136,285
09/12/2013,MQY,TN,ASO,CE,Federal Contract Tower,0,12,21,9,42,0,8,45,22,75,0,20,66,31,117,60,12,72,189
09/13/2013,MQY,TN,ASO,CE,Federal Contract Tower,1,11,44,10,66,0,12,81,9,102,1,23,125,19,168,130,8,138,306
09/14/2013,MQY,TN,ASO,CE,Federal Contract Tower,2,5,13,3,23,0,15,78,0,93,2,20,91,3,116,134,0,134,250
09/15/2013,MQY,TN,ASO,CE,Federal Contract Tower,0,9,22,3,34,0,2,55,4,61,0,11,77,7,95,54,2,56,151
09/16/2013,MQY,TN,ASO,CE,Federal Contract Tower,0,12,33,1,46,0,8,62,2,72,0,20,95,3,118,74,3,77,195
09/17/2013,MQY,TN,ASO,CE,Federal Contract Tower,0,13,26,5,44,0,4,80,20,104,0,17,106,25,148,80,8,88,236
09/18/2013,MQY,TN,ASO,CE,Federal Contract Tower,0,14,44,6,64,0,7,77,10,94,0,21,121,16,158,78,20,98,256
09/19/2013,MQY,TN,ASO,CE,Federal Contract Tower,1,24,28,2,55,0,17,84,31,132,1,41,112,33,187,94,26,120,307
09/20/2013,MQY,TN,ASO,CE,Federal Contract Tower,2,20,24,2,48,0,2,77,1,80,2,22,101,3,128,62,0,62,190
09/21/2013,MQY,TN,ASO,CE,Federal Contract Tower,1,8,16,0,25,0,2,36,0,38,1,10,52,0,63,80,0,80,143
09/22/2013,MQY,TN,ASO,CE,Federal Contract Tower,0,9,26,1,36,0,2,57,0,59,0,11,83,1,95,28,0,28,123
09/23/2013,MQY,TN,ASO,CE,Federal Contract Tower,0,16,30,3,49,0,8,85,4,97,0,24,115,7,146,106,14,120,266
09/24/2013,MQY,TN,ASO,CE,Federal Contract Tower,0,8,33,4,45,0,3,56,9,68,0,11,89,13,113,92,6,98,211
09/25/2013,MQY,TN,ASO,CE,Federal Contract Tower,1,12,30,2,45,0,5,10,0,15,1,17,40,2,60,2,0,2,62
09/26/2013,MQY,TN,ASO,CE,Federal Contract Tower,1,16,26,2,45,0,11,43,2,56,1,27,69,4,101,42,4,46,147
09/27/2013,MQY,TN,ASO,CE,Federal Contract Tower,0,19,50,15,84,0,20,122,10,152,0,39,172,25,236,126,42,168,404
09/28/2013,MQY,TN,ASO,CE,Federal Contract Tower,0,3,26,0,29,0,17,82,0,99,0,20,108,0,128,94,0,94,222
09/29/2013,MQY,TN,ASO,CE,Federal Contract Tower,0,6,21,3,30,0,6,36,1,43,0,12,57,4,73,51,0,51,124
09/30/2013,MQY,TN,ASO,CE,Federal Contract Tower,0,23,34,2,59,0,12,66,3,81,0,35,100,5,140,14,6,20,160
10/01/2013,MQY,TN,ASO,CE,Federal Contract Tower,0,3,33,0,36,0,8,44,1,53,0,11,77,1,89,54,0,54,143
10/02/2013,MQY,TN,ASO,CE,Federal Contract Tower,0,12,25,0,37,0,9,78,0,87,0,21,103,0,124,52,0,52,176
10/03/2013,MQY,TN,ASO,CE,Federal Contract Tower,0,23,26,0,49,0,12,0,0,12,0,35,26,0,61,56,0,56,117
10/04/2013,MQY,TN,ASO,CE,Federal Contract Tower,0,23,27,0,50,0,13,73,2,88,0,36,100,2,138,132,0,132,270
10/05/2013,MQY,TN,ASO,CE,Federal Contract Tower,0,7,23,0,30,0,11,100,0,111,0,18,123,0,141,46,0,46,187
10/06/2013,MQY,TN,ASO,CE,Federal Contract Tower,0,5,19,0,24,0,0,2,0,2,0,5,21,0,26,6,0,6,32
10/07/2013,MQY,TN,ASO,CE,Federal Contract Tower,0,12,35,0,47,0,11,62,0,73,0,23,97,0,120,92,0,92,212
10/08/2013,MQY,TN,ASO,CE,Federal Contract Tower,0,13,30,2,45,0,5,56,0,61,0,18,86,2,106,98,0,98,204
10/09/2013,MQY,TN,ASO,CE,Federal Contract Tower,0,8,28,2,38,0,8,78,1,87,0,16,106,3,125,134,0,134,259
10/10/2013,MQY,TN,ASO,CE,Federal Contract Tower,0,20,49,2,71,0,6,74,0,80,0,26,123,2,151,90,0,90,241
10/11/2013,MQY,TN,ASO,CE,Federal Contract Tower,2,9,26,0,37,0,6,71,2,79,2,15,97,2,116,100,0,100,216
10/12/2013,MQY,TN,ASO,CE,Federal Contract Tower,0,7,14,0,21,0,7,61,0,68,0,14,75,0,89,118,0,118,207
10/13/2013,MQY,TN,ASO,CE,Federal Contract Tower,0,8,26,0,34,0,2,41,0,43,0,10,67,0,77,88,0,88,165
10/14/2013,MQY,TN,ASO,CE,Federal Contract Tower,0,19,53,0,72,0,21,67,0,88,0,40,120,0,160,80,0,80,240
10/15/2013,MQY,TN,ASO,CE,Federal Contract Tower,0,14,40,0,54,0,2,58,0,60,0,16,98,0,114,116,0,116,230
10/16/2013,MQY,TN,ASO,CE,Federal Contract Tower,0,15,53,0,68,0,1,5,0,6,0,16,58,0,74,0,0,0,74
10/17/2013,MQY,TN,ASO,CE,Federal Contract Tower,0,15,48,0,63,0,1,25,0,26,0,16,73,0,89,14,0,14,103
10/18/2013,MQY,TN,ASO,CE,Federal Contract Tower,0,13,57,0,70,0,15,51,4,70,0,28,108,4,140,70,2,72,212
10/19/2013,MQY,TN,ASO,CE,Federal Contract Tower,0,1,22,0,23,0,12,29,0,41,0,13,51,0,64,32,0,32,96
10/20/2013,MQY,TN,ASO,CE,Federal Contract Tower,0,5,41,0,46,0,10,68,1,79,0,15,109,1,125,66,0,66,191
10/21/2013,MQY,TN,ASO,CE,Federal Contract Tower,0,8,43,3,54,0,7,70,1,78,0,15,113,4,132,168,0,168,300
10/22/2013,MQY,TN,ASO,CE,Federal Contract Tower,0,9,40,10,59,0,8,43,29,80,0,17,83,39,139,80,44,124,263
10/23/2013,MQY,TN,ASO,CE,Federal Contract Tower,0,9,42,8,59,0,30,43,11,84,0,39,85,19,143,32,18,50,193
10/24/2013,MQY,TN,ASO,CE,Federal Contract Tower,0,17,50,4,71,0,42,68,1,111,0,59,118,5,182,110,0,110,292
10/25/2013,MQY,TN,ASO,CE,Federal Contract Tower,0,8,33,0,41,0,2,76,15,93,0,10,109,15,134,64,6,70,204
10/26/2013,MQY,TN,ASO,CE,Federal Contract Tower,0,7,22,2,31,0,3,69,0,72,0,10,91,2,103,54,0,54,157
10/27/2013,MQY,TN,ASO,CE,Federal Contract Tower,0,9,30,3,42,0,6,36,0,42,0,15,66,3,84,94,12,106,190
10/28/2013,MQY,TN,ASO,CE,Federal Contract Tower,0,18,59,2,79,0,3,10,1,14,0,21,69,3,93,12,0,12,105
10/29/2013,MQY,TN,ASO,CE,Federal Contract Tower,0,17,48,6,71,0,11,64,9,84,0,28,112,15,155,84,18,102,257
10/30/2013,MQY,TN,ASO,CE,Federal Contract Tower,0,12,41,0,53,0,23,65,9,97,0,35,106,9,150,116,24,140,290
10/31/2013,MQY,TN,ASO,CE,Federal Contract Tower,0,18,5,0,23,0,2,12,0,14,0,20,17,0,37,4,0,4,41
11/01/2013,MQY,TN,ASO,CE,Federal Contract Tower,0,11,22,19,52,0,17,91,26,134,0,28,113,45,186,180,30,210,396
11/02/2013,MQY,TN,ASO,CE,Federal Contract Tower,0,6,31,6,43,0,7,152,21,180,0,13,183,27,223,90,16,106,329
11/03/2013,MQY,TN,ASO,CE,Federal Contract Tower,0,9,29,5,43,0,7,83,8,98,0,16,112,13,141,124,0,124,265
11/04/2013,MQY,TN,ASO,CE,Federal Contract Tower,0,9,31,5,45,0,1,36,0,37,0,10,67,5,82,164,0,164,246
11/05/2013,MQY,TN,ASO,CE,Federal Contract Tower,0,16,33,1,50,0,5,45,9,59,0,21,78,10,109,90,4,94,203
11/06/2013,MQY,TN,ASO,CE,Federal Contract Tower,0,12,29,2,43,0,5,29,5,39,0,17,58,7,82,60,10,70,152
11/07/2013,MQY,TN,ASO,CE,Federal Contract Tower,0,11,40,2,53,0,27,73,29,129,0,38,113,31,182,58,32,90,272
11/08/2013,MQY,TN,ASO,CE,Federal Contract Tower,1,17,40,12,70,0,12,82,2,96,1,29,122,14,166,108,2,110,276
11/09/2013,MQY,TN,ASO,CE,Federal Contract Tower,0,6,38,0,44,0,12,69,8,89,0,18,107,8,133,74,4,78,211
11/10/2013,MQY,TN,ASO,CE,Federal Contract Tower,0,6,28,0,34,0,10,61,0,71,0,16,89,0,105,140,0,140,245
11/11/2013,MQY,TN,ASO,CE,Federal Contract Tower,0,11,32,4,47,0,13,60,0,73,0,24,92,4,120,100,0,100,220
11/12/2013,MQY,TN,ASO,CE,Federal Contract Tower,0,13,19,2,34,0,6,12,1,19,0,19,31,3,53,12,0,12,65
11/13/2013,MQY,TN,ASO,CE,Federal Contract Tower,2,24,44,1,71,0,13,54,14,81,2,37,98,15,152,72,0,72,224
11/14/2013,MQY,TN,ASO,CE,Federal Contract Tower,0,17,37,4,58,0,15,77,18,110,0,32,114,22,168,84,0,84,252
11/15/2013,MQY,TN,ASO,CE,Federal Contract Tower,0,14,34,23,71,0,11,46,18,75,0,25,80,41,146,10,42,52,198
11/16/2013,MQY,TN,ASO,CE,Federal Contract Tower,0,3,43,12,58,0,6,10,10,26,0,9,53,22,84,26,28,54,138
11/17/2013,MQY,TN,ASO,CE,Federal Contract Tower,0,8,9,0,17,0,0,2,0,2,0,8,11,0,19,0,0,0,19
11/18/2013,MQY,TN,ASO,CE,Federal Contract Tower,0,16,57,10,83,0,3,79,8,90,0,19,136,18,173,72,18,90,263
11/19/2013,MQY,TN,ASO,CE,Federal Contract Tower,1,19,33,13,66,0,12,56,16,84,1,31,89,29,150,76,42,118,268
11/20/2013,MQY,TN,ASO,CE,Federal Contract Tower,0,24,39,1,64,0,13,63,12,88,0,37,102,13,152,50,14,64,216
11/21/2013,MQY,TN,ASO,CE,Federal Contract Tower,0,21,40,12,73,0,11,50,34,95,0,32,90,46,168,52,38,90,258
11/22/2013,MQY,TN,ASO,CE,Federal Contract Tower,1,18,27,3,49,0,0,0,3,3,1,18,27,6,52,0,8,8,60
11/23/2013,MQY,TN,ASO,CE,Federal Contract Tower,1,10,27,0,38,0,14,36,2,52,1,24,63,2,90,58,0,58,148
11/24/2013,MQY,TN,ASO,CE,Federal Contract Tower,0,13,26,0,39,0,7,57,0,64,0,20,83,0,103,72,0,72,175
11/25/2013,MQY,TN,ASO,CE,Federal Contract Tower,0,8,19,15,42,0,1,24,7,32,0,9,43,22,74,42,0,42,116
11/26/2013,MQY,TN,ASO,CE,Federal Contract Tower,1,8,12,2,23,0,3,0,0,3,1,11,12,2,26,0,0,0,26
11/27/2013,MQY,TN,ASO,CE,Federal Contract Tower,0,13,15,0,28,0,6,24,5,35,0,19,39,5,63,20,0,20,83
11/28/2013,MQY,TN,ASO,CE,Federal Contract Tower,0,4,6,0,10,0,15,20,0,35,0,19,26,0,45,0,0,0,45
11/29/2013,MQY,TN,ASO,CE,Federal Contract Tower,2,10,14,0,26,0,13,73,0,86,2,23,87,0,112,70,0,70,182
11/30/2013,MQY,TN,ASO,CE,Federal Contract Tower,0,3,14,0,17,0,15,58,6,79,0,18,72,6,96,72,0,72,168
12/01/2013,MQY,TN,ASO,CE,Federal Contract Tower,0,11,20,0,31,0,3,51,0,54,0,14,71,0,85,80,0,80,165
12/02/2013,MQY,TN,ASO,CE,Federal Contract Tower,0,10,33,1,44,0,1,10,0,11,0,11,43,1,55,30,0,30,85
12/03/2013,MQY,TN,ASO,CE,Federal Contract Tower,0,13,53,4,70,0,2,14,0,16,0,15,67,4,86,6,0,6,92
12/04/2013,MQY,TN,ASO,CE,Federal Contract Tower,0,15,28,8,51,0,9,30,12,51,0,24,58,20,102,34,0,34,136
12/05/2013,MQY,TN,ASO,CE,Federal Contract Tower,0,15,29,3,47,0,0,0,0,0,0,15,29,3,47,0,0,0,47
12/06/2013,MQY,TN,ASO,CE,Federal Contract Tower,14,13,9,2,38,0,0,0,0,0,14,13,9,2,38,0,0,0,38
12/07/2013,MQY,TN,ASO,CE,Federal Contract Tower,0,7,4,3,14,0,1,6,26,33,0,8,10,29,47,0,14,14,61
12/08/2013,MQY,TN,ASO,CE,Federal Contract Tower,0,3,15,0,18,0,0,0,0,0,0,3,15,0,18,0,0,0,18
12/09/2013,MQY,TN,ASO,CE,Federal Contract Tower,6,18,10,1,35,0,0,0,0,0,6,18,10,1,35,0,0,0,35
12/10/2013,MQY,TN,ASO,CE,Federal Contract Tower,0,18,23,4,45,0,10,60,20,90,0,28,83,24,135,62,10,72,207
12/11/2013,MQY,TN,ASO,CE,Federal Contract Tower,1,12,45,12,70,0,14,60,8,82,1,26,105,20,152,69,19,88,240
12/12/2013,MQY,TN,ASO,CE,Federal Contract Tower,0,22,51,4,77,0,10,65,28,103,0,32,116,32,180,58,28,86,266
12/13/2013,MQY,TN,ASO,CE,Federal Contract Tower,2,21,35,1,59,0,6,48,18,72,2,27,83,19,131,54,30,84,215
12/14/2013,MQY,TN,ASO,CE,Federal Contract Tower,2,22,7,2,33,0,0,0,0,0,2,22,7,2,33,0,0,0,33
12/15/2013,MQY,TN,ASO,CE,Federal Contract Tower,0,7,15,8,30,0,0,22,14,36,0,7,37,22,66,68,80,148,214
12/16/2013,MQY,TN,ASO,CE,Federal Contract Tower,1,27,17,1,46,0,9,58,4,71,1,36,75,5,117,86,0,86,203
12/17/2013,MQY,TN,ASO,CE,Federal Contract Tower,1,19,35,4,59,0,7,46,13,66,1,26,81,17,125,60,10,70,195
12/18/2013,MQY,TN,ASO,CE,Federal Contract Tower,0,19,40,9,68,0,17,103,8,128,0,36,143,17,196,98,38,136,332
12/19/2013,MQY,TN,ASO,CE,Federal Contract Tower,3,14,25,2,44,0,16,75,36,127,3,30,100,38,171,76,30,106,277
12/20/2013,MQY,TN,ASO,CE,Federal Contract Tower,1,19,26,1,47,0,4,26,1,31,1,23,52,2,78,26,6,32,110
12/21/2013,MQY,TN,ASO,CE,Federal Contract Tower,4,15,7,0,26,0,0,3,0,3,4,15,10,0,29,0,0,0,29
12/22/2013,MQY,TN,ASO,CE,Federal Contract Tower,1,3,14,1,19,0,2,5,1,8,1,5,19,2,27,2,0,2,29
12/23/2013,MQY,TN,ASO,CE,Federal Contract Tower,0,13,20,0,33,0,0,19,0,19,0,13,39,0,52,28,6,34,86
12/24/2013,MQY,TN,ASO,CE,Federal Contract Tower,0,11,21,0,32,0,0,29,0,29,0,11,50,0,61,24,0,24,85
12/25/2013,MQY,TN,ASO,CE,Federal Contract Tower,0,2,8,0,10,0,0,0,0,0,0,2,8,0,10,0,0,0,10
12/26/2013,MQY,TN,ASO,CE,Federal Contract Tower,0,4,10,2,16,0,2,52,5,59,0,6,62,7,75,40,0,40,115
12/27/2013,MQY,TN,ASO,CE,Federal Contract Tower,0,7,25,0,32,0,13,78,3,94,0,20,103,3,126,98,0,98,224
12/28/2013,MQY,TN,ASO,CE,Federal Contract Tower,0,1,20,0,21,0,5,67,3,75,0,6,87,3,96,88,0,88,184
12/29/2013,MQY,TN,ASO,CE,Federal Contract Tower,0,5,24,0,29,0,1,33,0,34,0,6,57,0,63,48,0,48,111
12/30/2013,MQY,TN,ASO,CE,Federal Contract Tower,0,8,14,0,22,0,0,18,0,18,0,8,32,0,40,58,0,58,98
12/31/2013,MQY,TN,ASO,CE,Federal Contract Tower,0,6,22,0,28,0,6,62,0,68,0,12,84,0,96,88,0,88,184
01/01/2014,MQY,TN,ASO,CE,Federal Contract Tower,0,5,28,3,36,0,8,88,3,99,0,13,116,6,135,66,0,66,201
01/02/2014,MQY,TN,ASO,CE,Federal Contract Tower,0,11,7,1,19,0,0,0,0,0,0,11,7,1,19,0,0,0,19
01/03/2014,MQY,TN,ASO,CE,Federal Contract Tower,0,11,27,1,39,0,5,53,2,60,0,16,80,3,99,36,2,38,137
01/04/2014,MQY,TN,ASO,CE,Federal Contract Tower,0,6,43,1,50,0,11,42,0,53,0,17,85,1,103,46,0,46,149
01/05/2014,MQY,TN,ASO,CE,Federal Contract Tower,0,6,7,2,15,0,0,0,0,0,0,6,7,2,15,0,0,0,15
01/06/2014,MQY,TN,ASO,CE,Federal Contract Tower,0,6,17,2,25,0,1,7,0,8,0,7,24,2,33,0,0,0,33
01/07/2014,MQY,TN,ASO,CE,Federal Contract Tower,0,21,16,6,43,0,7,64,6,77,0,28,80,12,120,64,0,64,184
01/08/2014,MQY,TN,ASO,CE,Federal Contract Tower,0,14,34,10,58,0,15,54,18,87,0,29,88,28,145,72,14,86,231
01/09/2014,MQY,TN,ASO,CE,Federal Contract Tower,0,12,25,3,40,0,0,15,7,22,0,12,40,10,62,8,0,8,70
01/10/2014,MQY,TN,ASO,CE,Federal Contract Tower,0,14,34,0,48,0,6,32,0,38,0,20,66,0,86,8,104,112,198
01/11/2014,MQY,TN,ASO,CE,Federal Contract Tower,0,4,23,23,50,0,4,64,28,96,0,8,87,51,146,70,58,128,274
01/12/2014,MQY,TN,ASO,CE,Federal Contract Tower,0,5,12,2,19,0,10,70,22,102,0,15,82,24,121,112,48,160,281
01/13/2014,MQY,TN,ASO,CE,Federal Contract Tower,0,8,12,1,21,0,0,1,0,1,0,8,13,1,22,0,0,0,22
01/14/2014,MQY,TN,ASO,CE,Federal Contract Tower,0,5,17,5,27,0,7,48,4,59,0,12,65,9,86,122,8,130,216
01/15/2014,MQY,TN,ASO,CE,Federal Contract Tower,1,9,25,6,41,0,9,40,11,60,1,18,65,17,101,90,24,114,215
01/16/2014,MQY,TN,ASO,CE,Federal Contract Tower,1,18,48,0,67,0,4,59,43,106,1,22,107,43,173,36,38,74,247
01/17/2014,MQY,TN,ASO,CE,Federal Contract Tower,0,8,23,2,33,0,6,20,48,74,0,14,43,50,107,0,54,54,161
01/18/2014,MQY,TN,ASO,CE,Federal Contract Tower,0,3,31,4,38,0,14,56,23,93,0,17,87,27,131,166,8,174,305
01/19/2014,MQY,TN,ASO,CE,Federal Contract Tower,0,3,31,4,38,0,14,56,23,93,0,17,87,27,131,166,8,174,305
01/20/2014,MQY,TN,ASO,CE,Federal Contract Tower,0,11,35,4,50,0,11,77,0,88,0,22,112,4,138,94,0,94,232
01/21/2014,MQY,TN,ASO,CE,Federal Contract Tower,0,15,16,2,33,0,3,9,0,12,0,18,25,2,45,8,0,8,53
01/22/2014,MQY,TN,ASO,CE,Federal Contract Tower,2,8,37,6,53,0,5,51,12,68,2,13,88,18,121,46,8,54,175
01/23/2014,MQY,TN,ASO,CE,Federal Contract Tower,0,22,28,1,51,0,5,36,17,58,0,27,64,18,109,44,2,46,155
01/24/2014,MQY,TN,ASO,CE,Federal Contract Tower,0,8,26,6,40,0,8,54,4,66,0,16,80,10,106,64,0,64,170
01/25/2014,MQY,TN,ASO,CE,Federal Contract Tower,0,7,7,0,14,0,8,44,0,52,0,15,51,0,66,20,0,20,86
01/26/2014,MQY,TN,ASO,CE,Federal Contract Tower,0,5,17,0,22,0,3,30,0,33,0,8,47,0,55,52,0,52,107
01/27/2014,MQY,TN,ASO,CE,Federal Contract Tower,0,7,24,8,39,0,2,32,0,34,0,9,56,8,73,41,8,49,122
01/28/2014,MQY,TN,ASO,CE,Federal Contract Tower,1,12,22,17,52,0,11,22,0,33,1,23,44,17,85,58,0,58,143
01/29/2014,MQY,TN,ASO,CE,Federal Contract Tower,2,18,37,18,75,0,1,34,16,51,2,19,71,34,126,28,24,52,178
01/30/2014,MQY,TN,ASO,CE,Federal Contract Tower,3,16,41,3,63,0,5,30,21,56,3,21,71,24,119,66,30,96,215
01/31/2014,MQY,TN,ASO,CE,Federal Contract Tower,2,16,27,8,53,0,5,49,20,74,2,21,76,28,127,78,48,126,253
02/01/2014,MQY,TN,ASO,CE,Federal Contract Tower,2,2,17,1,22,0,9,57,22,88,2,11,74,23,110,24,10,34,144
02/02/2014,MQY,TN,ASO,CE,Federal Contract Tower,0,3,16,0,19,0,0,0,0,0,0,3,16,0,19,0,0,0,19
02/03/2014,MQY,TN,ASO,CE,Federal Contract Tower,0,9,16,6,31,0,0,0,0,0,0,9,16,6,31,0,0,0,31
02/04/2014,MQY,TN,ASO,CE,Federal Contract Tower,0,14,27,0,41,0,0,0,0,0,0,14,27,0,41,0,0,0,41
02/05/2014,MQY,TN,ASO,CE,Federal Contract Tower,0,11,18,2,31,0,3,8,5,16,0,14,26,7,47,22,14,36,83
02/06/2014,MQY,TN,ASO,CE,Federal Contract Tower,0,8,37,2,47,0,9,11,20,40,0,17,48,22,87,10,46,56,143
02/07/2014,MQY,TN,ASO,CE,Federal Contract Tower,0,16,37,6,59,0,8,57,42,107,0,24,94,48,166,94,52,146,312
02/08/2014,MQY,TN,ASO,CE,Federal Contract Tower,0,12,21,0,33,0,3,33,32,68,0,15,54,32,101,106,78,184,285
02/09/2014,MQY,TN,ASO,CE,Federal Contract Tower,0,1,16,0,17,0,2,14,0,16,0,3,30,0,33,2,62,64,97
02/10/2014,MQY,TN,ASO,CE,Federal Contract Tower,0,12,15,4,31,0,3,32,0,35,0,15,47,4,66,50,0,50,116
02/11/2014,MQY,TN,ASO,CE,Federal Contract Tower,0,14,18,2,34,0,2,55,19,76,0,16,73,21,110,46,54,100,210
02/12/2014,MQY,TN,ASO,CE,Federal Contract Tower,1,14,9,0,24,0,10,22,8,40,1,24,31,8,64,28,10,38,102
02/13/2014,MQY,TN,ASO,CE,Federal Contract Tower,0,21,24,3,48,0,2,88,52,142,0,23,112,55,190,108,42,150,340
02/14/2014,MQY,TN,ASO,CE,Federal Contract Tower,2,12,19,0,33,0,3,32,3,38,2,15,51,3,71,38,4,42,113
02/15/2014,MQY,TN,ASO,CE,Federal Contract Tower,0,5,11,0,16,0,6,63,21,90,0,11,74,21,106,178,4,182,288
02/16/2014,MQY,TN,ASO,CE,Federal Contract Tower,0,7,12,0,19,0,0,61,1,62,0,7,73,1,81,126,0,126,207
02/17/2014,MQY,TN,ASO,CE,Federal Contract Tower,0,11,23,3,37,0,8,19,0,27,0,19,42,3,64,40,0,40,104
02/18/2014,MQY,TN,ASO,CE,Federal Contract Tower,2,10,39,11,62,0,13,56,7,76,2,23,95,18,138,84,10,94,232
02/19/2014,MQY,TN,ASO,CE,Federal Contract Tower,2,18,36,7,63,0,6,62,26,94,2,24,98,33,157,96,0,96,253
02/20/2014,MQY,TN,ASO,CE,Federal Contract Tower,2,18,13,0,33,0,0,2,0,2,2,18,15,0,35,0,0,0,35
02/21/2014,MQY,TN,ASO,CE,Federal Contract Tower,1,14,29,4,48,0,11,51,2,64,1,25,80,6,112,56,6,62,174
02/22/2014,MQY,TN,ASO,CE,Federal Contract Tower,0,3,24,0,27,0,4,80,0,84,0,7,104,0,111,86,0,86,197
02/23/2014,MQY,TN,ASO,CE,Federal Contract Tower,0,6,14,2,22,0,1,42,1,44,0,7,56,3,66,78,0,78,144
02/24/2014,MQY,TN,ASO,CE,Federal Contract Tower,2,17,28,12,59,0,2,25,4,31,2,19,53,16,90,76,0,76,166
02/25/2014,MQY,TN,ASO,CE,Federal Contract Tower,0,12,13,8,33,0,3,54,10,67,0,15,67,18,100,114,0,114,214
02/26/2014,MQY,TN,ASO,CE,Federal Contract Tower,0,11,39,9,59,0,2,62,5,69,0,13,101,14,128,124,56,180,308
02/27/2014,MQY,TN,ASO,CE,Federal Contract Tower,0,25,42,7,74,0,2,63,48,113,0,27,105,55,187,94,30,124,311
02/28/2014,MQY,TN,ASO,CE,Federal Contract Tower,0,21,28,5,54,0,6,65,3,74,0,27,93,8,128,84,4,88,216
03/01/2014,MQY,TN,ASO,CE,Federal Contract Tower,0,6,22,0,28,0,5,78,8,91,0,11,100,8,119,110,0,110,229
03/02/2014,MQY,TN,ASO,CE,Federal Contract Tower,0,3,22,0,25,0,0,0,0,0,0,3,22,0,25,0,0,0,25
03/03/2014,MQY,TN,ASO,CE,Federal Contract Tower,0,5,8,0,13,0,3,1,0,4,0,8,9,0,17,0,0,0,17
03/04/2014,MQY,TN,ASO,CE,Federal Contract Tower,12,27,11,0,50,0,2,18,12,32,12,29,29,12,82,16,0,16,98
03/05/2014,MQY,TN,ASO,CE,Federal Contract Tower,2,21,16,1,40,0,4,4,4,12,2,25,20,5,52,0,0,0,52
03/06/2014,MQY,TN,ASO,CE,Federal Contract Tower,0,10,41,21,72,0,12,51,25,88,0,22,92,46,160,56,10,66,226
03/07/2014,MQY,TN,ASO,CE,Federal Contract Tower,0,16,31,6,53,0,18,118,46,182,0,34,149,52,235,128,48,176,411
03/08/2014,MQY,TN,ASO,CE,Federal Contract Tower,0,5,19,5,29,0,8,92,46,146,0,13,111,51,175,136,24,160,335
03/09/2014,MQY,TN,ASO,CE,Federal Contract Tower,0,8,36,8,52,0,3,58,6,67,0,11,94,14,119,152,18,170,289
03/10/2014,MQY,TN,ASO,CE,Federal Contract Tower,0,11,48,4,63,0,8,81,0,89,0,19,129,4,152,172,0,172,324
03/11/2014,MQY,TN,ASO,CE,Federal Contract Tower,0,12,26,36,74,0,3,72,15,90,0,15,98,51,164,76,12,88,252
03/12/2014,MQY,TN,ASO,CE,Federal Contract Tower,0,13,20,5,38,0,2,0,0,2,0,15,20,5,40,0,0,0,40
03/13/2014,MQY,TN,ASO,CE,Federal Contract Tower,0,11,30,6,47,0,12,95,28,135,0,23,125,34,182,90,24,114,296
03/14/2014,MQY,TN,ASO,CE,Federal Contract Tower,0,22,22,2,46,0,8,62,19,89,0,30,84,21,135,8,32,40,175
03/15/2014,MQY,TN,ASO,CE,Federal Contract Tower,0,7,21,0,28,0,16,93,0,109,0,23,114,0,137,122,0,122,259
03/16/2014,MQY,TN,ASO,CE,Federal Contract Tower,2,4,8,2,16,0,0,0,0,0,2,4,8,2,16,0,0,0,16
03/17/2014,MQY,TN,ASO,CE,Federal Contract Tower,0,8,17,0,25,0,0,4,0,4,0,8,21,0,29,0,0,0,29
03/18/2014,MQY,TN,ASO,CE,Federal Contract Tower,0,7,30,11,48,0,0,26,10,36,0,7,56,21,84,54,38,92,176
03/19/2014,MQY,TN,ASO,CE,Federal Contract Tower,0,9,34,0,43,0,14,46,14,74,0,23,80,14,117,110,12,122,239
03/20/2014,MQY,TN,ASO,CE,Federal Contract Tower,1,15,60,17,93,0,13,105,21,139,1,28,165,38,232,194,48,242,474
03/21/2014,MQY,TN,ASO,CE,Federal Contract Tower,0,9,20,10,39,0,22,76,23,121,0,31,96,33,160,170,28,198,358
03/22/2014,MQY,TN,ASO,CE,Federal Contract Tower,0,8,14,9,31,0,10,91,10,111,0,18,105,19,142,150,12,162,304
03/23/2014,MQY,TN,ASO,CE,Federal Contract Tower,0,7,26,8,41,0,2,43,7,52,0,9,69,15,93,98,4,102,195
03/24/2014,MQY,TN,ASO,CE,Federal Contract Tower,0,7,31,5,43,0,5,71,4,80,0,12,102,9,123,140,2,142,265
03/25/2014,MQY,TN,ASO,CE,Federal Contract Tower,0,13,28,6,47,0,0,13,18,31,0,13,41,24,78,14,12,26,104
03/26/2014,MQY,TN,ASO,CE,Federal Contract Tower,0,9,44,5,58,0,6,109,19,134,0,15,153,24,192,230,24,254,446
03/27/2014,MQY,TN,ASO,CE,Federal Contract Tower,4,11,30,6,51,0,5,17,8,30,4,16,47,14,81,0,0,0,81
03/28/2014,MQY,TN,ASO,CE,Federal Contract Tower,0,21,21,0,42,0,9,16,1,26,0,30,37,1,68,8,0,8,76
03/29/2014,MQY,TN,ASO,CE,Federal Contract Tower,1,6,19,0,26,0,0,0,0,0,1,6,19,0,26,0,0,0,26
03/30/2014,MQY,TN,ASO,CE,Federal Contract Tower,0,6,27,7,40,0,3,67,5,75,0,9,94,12,115,162,0,162,277
03/31/2014,MQY,TN,ASO,CE,Federal Contract Tower,1,7,32,2,42,0,4,47,4,55,1,11,79,6,97,18,0,18,115
04/01/2014,MQY,TN,ASO,CE,Federal Contract Tower,0,18,18,9,45,0,4,55,8,67,0,22,73,17,112,110,16,126,238
04/02/2014,MQY,TN,ASO,CE,Federal Contract Tower,0,10,27,6,43,0,8,81,0,89,0,18,108,6,132,92,6,98,230
04/03/2014,MQY,TN,ASO,CE,Federal Contract Tower,0,13,16,4,33,0,4,18,29,51,0,17,34,33,84,14,14,28,112
04/04/2014,MQY,TN,ASO,CE,Federal Contract Tower,0,19,18,6,43,0,6,41,12,59,0,25,59,18,102,8,8,16,118
04/05/2014,MQY,TN,ASO,CE,Federal Contract Tower,2,13,40,9,64,0,13,89,25,127,2,26,129,34,191,152,38,190,381
04/06/2014,MQY,TN,ASO,CE,Federal Contract Tower,0,7,13,2,22,0,10,73,14,97,0,17,86,16,119,138,18,156,275
04/07/2014,MQY,TN,ASO,CE,Federal Contract Tower,0,12,18,2,32,0,6,9,0,15,0,18,27,2,47,4,0,4,51
04/08/2014,MQY,TN,ASO,CE,Federal Contract Tower,0,11,21,1,33,0,4,30,0,34,0,15,51,1,67,26,0,26,93
04/09/2014,MQY,TN,ASO,CE,Federal Contract Tower,0,15,43,3,61,0,12,111,13,136,0,27,154,16,197,114,24,138,335
04/10/2014,MQY,TN,ASO,CE,Federal Contract Tower,0,8,33,7,48,0,39,49,15,103,0,47,82,22,151,34,6,40,191
04/11/2014,MQY,TN,ASO,CE,Federal Contract Tower,0,13,21,0,34,0,9,59,15,83,0,22,80,15,117,48,4,52,169
04/12/2014,MQY,TN,ASO,CE,Federal Contract Tower,0,6,9,1,16,0,17,81,5,103,0,23,90,6,119,100,2,102,221
04/13/2014,MQY,TN,ASO,CE,Federal Contract Tower,0,4,14,4,22,0,4,31,6,41,0,8,45,10,63,30,4,34,97
04/14/2014,MQY,TN,ASO,CE,Federal Contract Tower,0,7,10,2,19,0,5,8,0,13,0,12,18,2,32,0,0,0,32
04/15/2014,MQY,TN,ASO,CE,Federal Contract Tower,0,14,15,4,33,0,21,32,14,67,0,35,47,18,100,44,0,44,144
04/16/2014,MQY,TN,ASO,CE,Federal Contract Tower,0,16,24,3,43,0,17,78,13,108,0,33,102,16,151,138,6,144,295
04/17/2014,MQY,TN,ASO,CE,Federal Contract Tower,0,20,36,6,62,0,28,95,7,130,0,48,131,13,192,118,14,132,324
04/18/2014,MQY,TN,ASO,CE,Federal Contract Tower,0,13,24,2,39,0,11,74,4,89,0,24,98,6,128,102,0,102,230
04/19/2014,MQY,TN,ASO,CE,Federal Contract Tower,0,3,16,17,36,0,6,89,0,95,0,9,105,17,131,146,0,146,277
04/20/2014,MQY,TN,ASO,CE,Federal Contract Tower,0,5,12,0,17,0,9,38,0,47,0,14,50,0,64,36,0,36,100
04/21/2014,MQY,TN,ASO,CE,Federal Contract Tower,0,18,33,6,57,0,2,63,0,65,0,20,96,6,122,74,6,80,202
04/22/2014,MQY,TN,ASO,CE,Federal Contract Tower,0,19,27,5,51,0,7,40,30,77,0,26,67,35,128,104,24,128,256
04/23/2014,MQY,TN,ASO,CE,Federal Contract Tower,0,10,62,10,82,0,14,107,13,134,0,24,169,23,216,84,4,88,304
04/24/2014,MQY,TN,ASO,CE,Federal Contract Tower,0,20,42,2,64,0,13,51,42,106,0,33,93,44,170,92,38,130,300
04/25/2014,MQY,TN,ASO,CE,Federal Contract Tower,0,18,23,19,60,0,26,31,5,62,0,44,54,24,122,0,0,0,122
04/26/2014,MQY,TN,ASO,CE,Federal Contract Tower,0,4,9,2,15,0,5,112,0,117,0,9,121,2,132,138,0,138,270
04/27/2014,MQY,TN,ASO,CE,Federal Contract Tower,0,7,11,0,18,0,5,17,0,22,0,12,28,0,40,42,0,42,82
04/28/2014,MQY,TN,ASO,CE,Federal Contract Tower,0,9,9,4,22,0,0,0,0,0,0,9,9,4,22,0,0,0,22
04/29/2014,MQY,TN,ASO,CE,Federal Contract Tower,0,9,21,2,32,0,2,27,8,37,0,11,48,10,69,48,18,66,135
04/30/2014,MQY,TN,ASO,CE,Federal Contract Tower,0,37,22,9,68,0,31,44,17,92,0,68,66,26,160,42,12,54,214
05/01/2014,MQY,TN,ASO,CE,Federal Contract Tower,1,12,47,5,65,0,38,93,26,157,1,50,140,31,222,142,32,174,396
05/02/2014,MQY,TN,ASO,CE,Federal Contract Tower,0,10,39,25,74,0,0,76,24,100,0,10,115,49,174,112,46,158,332
05/03/2014,MQY,TN,ASO,CE,Federal Contract Tower,0,1,12,35,48,0,15,74,30,119,0,16,86,65,167,48,28,76,243
05/04/2014,MQY,TN,ASO,CE,Federal Contract Tower,0,13,16,9,38,0,9,42,20,71,0,22,58,29,109,90,4,94,203
05/05/2014,MQY,TN,ASO,CE,Federal Contract Tower,0,12,26,0,38,0,5,58,1,64,0,17,84,1,102,106,0,106,208
05/06/2014,MQY,TN,ASO,CE,Federal Contract Tower,6,11,22,3,42,0,2,46,32,80,6,13,68,35,122,40,18,58,180
05/07/2014,MQY,TN,ASO,CE,Federal Contract Tower,3,10,32,4,49,0,8,73,18,99,3,18,105,22,148,136,34,170,318
05/08/2014,MQY,TN,ASO,CE,Federal Contract Tower,0,16,49,7,72,0,14,63,26,103,0,30,112,33,175,68,6,74,249
05/09/2014,MQY,TN,ASO,CE,Federal Contract Tower,0,16,18,2,36,0,8,26,1,35,0,24,44,3,71,26,0,26,97
05/10/2014,MQY,TN,ASO,CE,Federal Contract Tower,0,3,11,2,16,0,10,44,0,54,0,13,55,2,70,0,0,0,70
05/11/2014,MQY,TN,ASO,CE,Federal Contract Tower,0,1,23,0,24,0,12,38,0,50,0,13,61,0,74,6,0,6,80
05/12/2014,MQY,TN,ASO,CE,Federal Contract Tower,0,25,17,5,47,0,9,58,13,80,0,34,75,18,127,78,16,94,221
05/13/2014,MQY,TN,ASO,CE,Federal Contract Tower,0,11,29,1,41,0,10,46,12,68,0,21,75,13,109,90,18,108,217
05/14/2014,MQY,TN,ASO,CE,Federal Contract Tower,0,8,20,2,30,0,0,11,0,11,0,8,31,2,41,0,0,0,41
05/15/2014,MQY,TN,ASO,CE,Federal Contract Tower,1,13,33,12,59,0,15,19,24,58,1,28,52,36,117,34,22,56,173
05/16/2014,MQY,TN,ASO,CE,Federal Contract Tower,0,14,29,6,49,0,7,67,26,100,0,21,96,32,149,34,28,62,211
05/17/2014,MQY,TN,ASO,CE,Federal Contract Tower,0,3,8,5,16,0,8,31,12,51,0,11,39,17,67,60,26,86,153
05/18/2014,MQY,TN,ASO,CE,Federal Contract Tower,1,8,13,4,26,0,1,44,15,60,1,9,57,19,86,116,10,126,212
05/19/2014,MQY,TN,ASO,CE,Federal Contract Tower,0,19,23,0,42,0,7,77,2,86,0,26,100,2,128,152,0,152,280
05/20/2014,MQY,TN,ASO,CE,Federal Contract Tower,2,15,29,1,47,0,16,55,25,96,2,31,84,26,143,12,22,34,177
05/21/2014,MQY,TN,ASO,CE,Federal Contract Tower,0,22,24,11,57,0,17,59,36,112,0,39,83,47,169,61,26,87,256
05/22/2014,MQY,TN,ASO,CE,Federal Contract Tower,0,11,24,5,40,0,2,62,41,105,0,13,86,46,145,92,36,128,273
05/23/2014,MQY,TN,ASO,CE,Federal Contract Tower,0,21,38,2,61,0,0,87,0,87,0,21,125,2,148,148,0,148,296
05/24/2014,MQY,TN,ASO,CE,Federal Contract Tower,0,9,10,0,19,0,0,90,0,90,0,9,100,0,109,130,0,130,239
05/25/2014,MQY,TN,ASO,CE,Federal Contract Tower,0,7,7,0,14,0,6,35,0,41,0,13,42,0,55,56,0,56,111
05/26/2014,MQY,TN,ASO,CE,Federal Contract Tower,0,5,19,2,26,0,8,38,0,46,0,13,57,2,72,40,0,40,112
05/27/2014,MQY,TN,ASO,CE,Federal Contract Tower,0,20,29,4,53,0,5,57,16,78,0,25,86,20,131,146,18,164,295
05/28/2014,MQY,TN,ASO,CE,Federal Contract Tower,0,10,16,2,28,0,4,59,4,67,0,14,75,6,95,78,14,92,187
05/29/2014,MQY,TN,ASO,CE,Federal Contract Tower,0,14,26,6,46,0,28,45,32,105,0,42,71,38,151,44,12,56,207
05/30/2014,MQY,TN,ASO,CE,Federal Contract Tower,0,15,26,12,53,0,7,65,4,76,0,22,91,16,129,126,4,130,259
05/31/2014,MQY,TN,ASO,CE,Federal Contract Tower,0,5,14,0,19,0,9,86,1,96,0,14,100,1,115,80,0,80,195
06/01/2014,MQY,TN,ASO,CE,Federal Contract Tower,0,6,16,10,32,0,7,33,0,40,0,13,49,10,72,26,0,26,98
06/02/2014,MQY,TN,ASO,CE,Federal Contract Tower,0,13,22,0,35,0,12,43,9,64,0,25,65,9,99,38,2,40,139
06/03/2014,MQY,TN,ASO,CE,Federal Contract Tower,3,11,27,5,46,0,2,37,32,71,3,13,64,37,117,106,30,136,253
06/04/2014,MQY,TN,ASO,CE,Federal Contract Tower,0,23,41,4,68,0,33,54,9,96,0,56,95,13,164,146,24,170,334
06/05/2014,MQY,TN,ASO,CE,Federal Contract Tower,0,19,15,0,34,0,1,2,2,5,0,20,17,2,39,0,10,10,49
06/06/2014,MQY,TN,ASO,CE,Federal Contract Tower,0,11,14,0,25,0,0,34,0,34,0,11,48,0,59,74,0,74,133
06/07/2014,MQY,TN,ASO,CE,Federal Contract Tower,0,4,22,0,26,0,2,41,4,47,0,6,63,4,73,54,30,84,157
06/08/2014,MQY,TN,ASO,CE,Federal Contract Tower,0,1,19,0,20,0,13,29,0,42,0,14,48,0,62,42,0,42,104
06/09/2014,MQY,TN,ASO,CE,Federal Contract Tower,1,11,18,2,32,0,2,23,21,46,1,13,41,23,78,2,0,2,80
06/10/2014,MQY,TN,ASO,CE,Federal Contract Tower,0,10,23,1,34,0,4,12,4,20,0,14,35,5,54,8,0,8,62
06/11/2014,MQY,TN,ASO,CE,Federal Contract Tower,0,11,19,8,38,0,10,74,10,94,0,21,93,18,132,46,44,90,222
06/12/2014,MQY,TN,ASO,CE,Federal Contract Tower,1,12,26,4,43,0,11,85,15,111,1,23,111,19,154,64,0,64,218
06/13/2014,MQY,TN,ASO,CE,Federal Contract Tower,2,10,9,5,26,0,18,29,9,56,2,28,38,14,82,14,6,20,102
06/14/2014,MQY,TN,ASO,CE,Federal Contract Tower,1,0,30,0,31,0,19,110,0,129,1,19,140,0,160,22,0,22,182
06/15/2014,MQY,TN,ASO,CE,Federal Contract Tower,0,2,15,2,19,0,9,65,0,74,0,11,80,2,93,92,0,92,185
06/16/2014,MQY,TN,ASO,CE,Federal Contract Tower,0,18,37,0,55,0,3,64,6,73,0,21,101,6,128,104,0,104,232
06/17/2014,MQY,TN,ASO,CE,Federal Contract Tower,2,6,18,4,30,0,12,74,29,115,2,18,92,33,145,86,16,102,247
06/18/2014,MQY,TN,ASO,CE,Federal Contract Tower,0,13,25,7,45,0,19,74,10,103,0,32,99,17,148,68,0,68,216
06/19/2014,MQY,TN,ASO,CE,Federal Contract Tower,0,14,27,8,49,0,6,83,24,113,0,20,110,32,162,148,12,160,322
06/20/2014,MQY,TN,ASO,CE,Federal Contract Tower,1,20,35,8,64,0,12,54,8,74,1,32,89,16,138,32,2,34,172
06/21/2014,MQY,TN,ASO,CE,Federal Contract Tower,0,3,17,9,29,0,4,61,5,70,0,7,78,14,99,146,0,146,245
06/22/2014,MQY,TN,ASO,CE,Federal Contract Tower,0,3,17,12,32,0,9,54,2,65,0,12,71,14,97,98,8,106,203
06/23/2014,MQY,TN,ASO,CE,Federal Contract Tower,0,12,22,7,41,0,0,43,4,47,0,12,65,11,88,86,0,86,174
06/24/2014,MQY,TN,ASO,CE,Federal Contract Tower,0,13,20,4,37,0,5,43,3,51,0,18,63,7,88,4,12,16,104
06/25/2014,MQY,TN,ASO,CE,Federal Contract Tower,2,20,40,2,64,0,4,57,20,81,2,24,97,22,145,90,0,90,235
06/26/2014,MQY,TN,ASO,CE,Federal Contract Tower,1,11,38,3,53,0,9,92,20,121,1,20,130,23,174,96,0,96,270
06/27/2014,MQY,TN,ASO,CE,Federal Contract Tower,0,25,14,2,41,0,10,37,8,55,0,35,51,10,96,44,2,46,142
06/28/2014,MQY,TN,ASO,CE,Federal Contract Tower,1,4,13,4,22,0,9,45,0,54,1,13,58,4,76,66,0,66,142
06/29/2014,MQY,TN,ASO,CE,Federal Contract Tower,0,3,26,0,29,0,0,12,0,12,0,3,38,0,41,52,0,52,93
06/30/2014,MQY,TN,ASO,CE,Federal Contract Tower,0,9,38,3,50,0,0,61,5,66,0,9,99,8,116,138,10,148,264
07/01/2014,MQY,TN,ASO,CE,Federal Contract Tower,0,11,26,1,38,0,14,53,23,90,0,25,79,24,128,62,14,76,204
07/02/2014,MQY,TN,ASO,CE,Federal Contract Tower,0,10,20,5,35,0,12,89,12,113,0,22,109,17,148,222,0,222,370
07/03/2014,MQY,TN,ASO,CE,Federal Contract Tower,0,6,44,0,50,0,2,114,8,124,0,8,158,8,174,198,0,198,372
07/04/2014,MQY,TN,ASO,CE,Federal Contract Tower,0,1,19,0,20,0,2,52,0,54,0,3,71,0,74,62,0,62,136
07/05/2014,MQY,TN,ASO,CE,Federal Contract Tower,0,5,21,0,26,0,2,74,1,77,0,7,95,1,103,56,0,56,159
07/06/2014,MQY,TN,ASO,CE,Federal Contract Tower,0,5,25,0,30,0,4,53,0,57,0,9,78,0,87,60,0,60,147
07/07/2014,MQY,TN,ASO,CE,Federal Contract Tower,0,8,22,1,31,0,3,69,0,72,0,11,91,1,103,65,0,65,168
07/08/2014,MQY,TN,ASO,CE,Federal Contract Tower,0,13,13,3,29,0,3,35,8,46,0,16,48,11,75,32,38,70,145
07/09/2014,MQY,TN,ASO,CE,Federal Contract Tower,0,7,36,3,46,0,8,55,4,67,0,15,91,7,113,62,4,66,179
07/10/2014,MQY,TN,ASO,CE,Federal Contract Tower,0,9,31,11,51,0,9,62,17,88,0,18,93,28,139,130,24,154,293
07/11/2014,MQY,TN,ASO,CE,Federal Contract Tower,0,10,36,7,53,0,4,70,12,86,0,14,106,19,139,134,16,150,289
07/12/2014,MQY,TN,ASO,CE,Federal Contract Tower,0,1,14,2,17,0,1,97,10,108,0,2,111,12,125,49,0,49,174
07/13/2014,MQY,TN,ASO,CE,Federal Contract Tower,0,6,8,0,14,0,2,38,2,42,0,8,46,2,56,0,0,0,56
07/14/2014,MQY,TN,ASO,CE,Federal Contract Tower,0,10,24,0,34,0,2,24,0,26,0,12,48,0,60,0,0,0,60
07/15/2014,MQY,TN,ASO,CE,Federal Contract Tower,0,16,33,12,61,0,1,49,9,59,0,17,82,21,120,92,2,94,214
07/16/2014,MQY,TN,ASO,CE,Federal Contract Tower,0,14,35,11,60,0,19,77,13,109,0,33,112,24,169,122,18,140,309
07/17/2014,MQY,TN,ASO,CE,Federal Contract Tower,0,12,36,7,55,0,13,95,28,136,0,25,131,35,191,158,12,170,361
07/18/2014,MQY,TN,ASO,CE,Federal Contract Tower,0,14,20,23,57,0,2,7,4,13,0,16,27,27,70,8,2,10,80
07/19/2014,MQY,TN,ASO,CE,Federal Contract Tower,0,3,13,2,18,0,10,0,0,10,0,13,13,2,28,6,0,6,34
07/20/2014,MQY,TN,ASO,CE,Federal Contract Tower,0,3,22,7,32,0,4,31,22,57,0,7,53,29,89,42,28,70,159
07/21/2014,MQY,TN,ASO,CE,Federal Contract Tower,0,14,12,2,28,0,0,50,4,54,0,14,62,6,82,68,0,68,150
07/22/2014,MQY,TN,ASO,CE,Federal Contract Tower,0,20,31,8,59,0,12,101,23,136,0,32,132,31,195,130,0,130,325
07/23/2014,MQY,TN,ASO,CE,Federal Contract Tower,0,12,22,1,35,0,7,68,5,80,0,19,90,6,115,54,0,54,169
07/24/2014,MQY,TN,ASO,CE,Federal Contract Tower,0,14,37,4,55,0,9,52,24,85,0,23,89,28,140,146,4,150,290
07/25/2014,MQY,TN,ASO,CE,Federal Contract Tower,0,18,38,15,71,0,7,86,0,93,0,25,124,15,164,88,6,94,258
07/26/2014,MQY,TN,ASO,CE,Federal Contract Tower,0,2,26,6,34,0,6,68,0,74,0,8,94,6,108,10,0,10,118
07/27/2014,MQY,TN,ASO,CE,Federal Contract Tower,0,8,16,7,31,0,1,30,0,31,0,9,46,7,62,20,0,20,82
07/28/2014,MQY,TN,ASO,CE,Federal Contract Tower,0,15,35,5,55,0,0,39,3,42,0,15,74,8,97,44,0,44,141
07/29/2014,MQY,TN,ASO,CE,Federal Contract Tower,0,15,36,2,53,0,0,64,12,76,0,15,100,14,129,26,12,38,167
07/30/2014,MQY,TN,ASO,CE,Federal Contract Tower,0,23,33,3,59,0,26,66,12,104,0,49,99,15,163,72,0,72,235
07/31/2014,MQY,TN,ASO,CE,Federal Contract Tower,0,17,37,7,61,0,7,91,40,138,0,24,128,47,199,100,16,116,315
08/01/2014,MQY,TN,ASO,CE,Federal Contract Tower,0,14,36,6,56,0,15,63,17,95,0,29,99,23,151,96,0,96,247
08/02/2014,MQY,TN,ASO,CE,Federal Contract Tower,0,1,15,14,30,0,5,85,40,130,0,6,100,54,160,62,42,104,264
08/03/2014,MQY,TN,ASO,CE,Federal Contract Tower,0,4,15,13,32,0,7,49,23,79,0,11,64,36,111,66,20,86,197
08/04/2014,MQY,TN,ASO,CE,Federal Contract Tower,0,14,21,12,47,0,23,45,11,79,0,37,66,23,126,36,8,44,170
08/05/2014,MQY,TN,ASO,CE,Federal Contract Tower,2,14,28,3,47,0,4,72,9,85,2,18,100,12,132,48,20,68,200
08/06/2014,MQY,TN,ASO,CE,Federal Contract Tower,0,17,39,13,69,0,14,72,9,95,0,31,111,22,164,102,0,102,266
08/07/2014,MQY,TN,ASO,CE,Federal Contract Tower,0,11,30,3,44,0,10,72,21,103,0,21,102,24,147,48,4,52,199
08/08/2014,MQY,TN,ASO,CE,Federal Contract Tower,0,18,15,1,34,0,8,24,2,34,0,26,39,3,68,46,0,46,114
08/09/2014,MQY,TN,ASO,CE,Federal Contract Tower,0,5,7,0,12,0,7,24,0,31,0,12,31,0,43,6,0,6,49
08/10/2014,MQY,TN,ASO,CE,Federal Contract Tower,0,5,20,6,31,0,1,29,0,30,0,6,49,6,61,44,0,44,105
08/11/2014,MQY,TN,ASO,CE,Federal Contract Tower,0,10,33,0,43,0,8,30,2,40,0,18,63,2,83,30,0,30,113
08/12/2014,MQY,TN,ASO,CE,Federal Contract Tower,0,14,34,4,52,0,4,46,13,63,0,18,80,17,115,76,0,76,191
08/13/2014,MQY,TN,ASO,CE,Federal Contract Tower,0,12,39,7,58,0,16,81,8,105,0,28,120,15,163,41,20,61,224
08/14/2014,MQY,TN,ASO,CE,Federal Contract Tower,3,15,42,4,64,0,17,76,25,118,3,32,118,29,182,116,26,142,324
08/15/2014,MQY,TN,ASO,CE,Federal Contract Tower,1,7,36,48,92,0,12,66,24,102,1,19,102,72,194,86,76,162,356
08/16/2014,MQY,TN,ASO,CE,Federal Contract Tower,0,4,17,6,27,0,8,82,9,99,0,12,99,15,126,92,8,100,226
08/17/2014,MQY,TN,ASO,CE,Federal Contract Tower,0,0,8,4,12,0,2,11,0,13,0,2,19,4,25,12,0,12,37
08/18/2014,MQY,TN,ASO,CE,Federal Contract Tower,0,7,35,3,45,0,1,13,0,14,0,8,48,3,59,34,0,34,93
08/19/2014,MQY,TN,ASO,CE,Federal Contract Tower,0,13,33,7,53,0,8,28,30,66,0,21,61,37,119,12,68,80,199
08/20/2014,MQY,TN,ASO,CE,Federal Contract Tower,0,10,29,2,41,0,3,37,33,73,0,13,66,35,114,36,38,74,188
08/21/2014,MQY,TN,ASO,CE,Federal Contract Tower,0,13,34,14,61,0,12,38,24,74,0,25,72,38,135,32,46,78,213
08/22/2014,MQY,TN,ASO,CE,Federal Contract Tower,0,10,35,6,51,0,8,50,9,67,0,18,85,15,118,80,8,88,206
08/23/2014,MQY,TN,ASO,CE,Federal Contract Tower,0,6,10,0,16,0,18,62,0,80,0,24,72,0,96,42,0,42,138
08/24/2014,MQY,TN,ASO,CE,Federal Contract Tower,0,3,21,0,24,0,10,26,0,36,0,13,47,0,60,18,0,18,78
08/25/2014,MQY,TN,ASO,CE,Federal Contract Tower,0,15,33,0,48,0,2,56,1,59,0,17,89,1,107,86,0,86,193
08/26/2014,MQY,TN,ASO,CE,Federal Contract Tower,0,6,32,2,40,0,8,57,20,85,0,14,89,22,125,68,6,74,199
08/27/2014,MQY,TN,ASO,CE,Federal Contract Tower,0,14,24,6,44,0,6,79,6,91,0,20,103,12,135,94,0,94,229
08/28/2014,MQY,TN,ASO,CE,Federal Contract Tower,0,15,46,11,72,0,15,64,16,95,0,30,110,27,167,106,20,126,293
08/29/2014,MQY,TN,ASO,CE,Federal Contract Tower,0,15,43,3,61,0,13,74,7,94,0,28,117,10,155,70,0,70,225
08/30/2014,MQY,TN,ASO,CE,Federal Contract Tower,0,4,6,0,10,0,2,37,1,40,0,6,43,1,50,28,0,28,78
08/31/2014,MQY,TN,ASO,CE,Federal Contract Tower,0,2,6,0,8,0,4,4,0,8,0,6,10,0,16,18,0,18,34
09/01/2014,MQY,TN,ASO,CE,Federal Contract Tower,0,6,22,0,28,0,1,45,2,48,0,7,67,2,76,120,2,122,198
09/02/2014,MQY,TN,ASO,CE,Federal Contract Tower,1,12,26,2,41,0,6,35,2,43,1,18,61,4,84,98,0,98,182
09/03/2014,MQY,TN,ASO,CE,Federal Contract Tower,0,10,35,9,54,0,0,47,8,55,0,10,82,17,109,120,40,160,269
09/04/2014,MQY,TN,ASO,CE,Federal Contract Tower,0,13,20,12,45,0,5,43,14,62,0,18,63,26,107,96,18,114,221
09/05/2014,MQY,TN,ASO,CE,Federal Contract Tower,1,13,20,11,45,0,4,66,13,83,1,17,86,24,128,62,12,74,202
09/06/2014,MQY,TN,ASO,CE,Federal Contract Tower,0,1,28,3,32,0,1,74,0,75,0,2,102,3,107,10,0,10,117
09/07/2014,MQY,TN,ASO,CE,Federal Contract Tower,0,2,9,18,29,0,2,4,1,7,0,4,13,19,36,0,0,0,36
09/08/2014,MQY,TN,ASO,CE,Federal Contract Tower,0,9,20,0,29,0,2,22,4,28,0,11,42,4,57,34,4,38,95
09/09/2014,MQY,TN,ASO,CE,Federal Contract Tower,0,14,37,23,74,0,4,41,9,54,0,18,78,32,128,72,0,72,200
09/10/2014,MQY,TN,ASO,CE,Federal Contract Tower,0,12,18,2,32,0,4,42,4,50,0,16,60,6,82,58,0,58,140
09/11/2014,MQY,TN,ASO,CE,Federal Contract Tower,1,21,22,4,48,0,0,18,8,26,1,21,40,12,74,38,0,38,112
09/12/2014,MQY,TN,ASO,CE,Federal Contract Tower,0,15,34,10,59,0,0,17,10,27,0,15,51,20,86,12,0,12,98
09/13/2014,MQY,TN,ASO,CE,Federal Contract Tower,0,6,14,0,20,0,14,20,0,34,0,20,34,0,54,100,0,100,154
09/14/2014,MQY,TN,ASO,CE,Federal Contract Tower,0,1,23,6,30,0,4,63,8,75,0,5,86,14,105,106,0,106,211
09/15/2014,MQY,TN,ASO,CE,Federal Contract Tower,0,14,34,8,56,0,5,39,12,56,0,19,73,20,112,60,0,60,172
09/16/2014,MQY,TN,ASO,CE,Federal Contract Tower,0,11,16,3,30,0,4,24,9,37,0,15,40,12,67,70,10,80,147
09/17/2014,MQY,TN,ASO,CE,Federal Contract Tower,0,11,32,7,50,0,3,52,5,60,0,14,84,12,110,102,0,102,212
09/18/2014,MQY,TN,ASO,CE,Federal Contract Tower,0,9,29,9,47,0,5,70,7,82,0,14,99,16,129,130,0,130,259
09/19/2014,MQY,TN,ASO,CE,Federal Contract Tower,2,11,31,11,55,0,6,74,5,85,2,17,105,16,140,110,0,110,250
09/20/2014,MQY,TN,ASO,CE,Federal Contract Tower,0,13,11,0,24,0,5,51,0,56,0,18,62,0,80,76,0,76,156
09/21/2014,MQY,TN,ASO,CE,Federal Contract Tower,0,3,15,0,18,0,0,36,0,36,0,3,51,0,54,20,0,20,74
09/22/2014,MQY,TN,ASO,CE,Federal Contract Tower,0,10,10,1,21,0,5,45,3,53,0,15,55,4,74,108,0,108,182
09/23/2014,MQY,TN,ASO,CE,Federal Contract Tower,4,21,29,1,55,0,8,63,20,91,4,29,92,21,146,126,36,162,308
09/24/2014,MQY,TN,ASO,CE,Federal Contract Tower,1,15,40,3,59,0,4,56,6,66,1,19,96,9,125,86,8,94,219
09/25/2014,MQY,TN,ASO,CE,Federal Contract Tower,1,15,28,1,45,0,17,61,2,80,1,32,89,3,125,103,4,107,232
09/26/2014,MQY,TN,ASO,CE,Federal Contract Tower,1,10,33,34,78,0,0,57,21,78,1,10,90,55,156,70,18,88,244
09/27/2014,MQY,TN,ASO,CE,Federal Contract Tower,0,1,26,5,32,0,3,71,19,93,0,4,97,24,125,112,4,116,241
09/28/2014,MQY,TN,ASO,CE,Federal Contract Tower,0,9,26,0,35,0,2,33,1,36,0,11,59,1,71,44,0,44,115
09/29/2014,MQY,TN,ASO,CE,Federal Contract Tower,0,13,38,0,51,0,4,55,0,59,0,17,93,0,110,68,0,68,178
09/30/2014,MQY,TN,ASO,CE,Federal Contract Tower,0,12,39,5,56,0,13,52,4,69,0,25,91,9,125,82,18,100,225
10/01/2014,MQY,TN,ASO,CE,Federal Contract Tower,0,12,51,0,63,0,5,72,0,77,0,17,123,0,140,70,0,70,210
10/02/2014,MQY,TN,ASO,CE,Federal Contract Tower,0,15,28,2,45,0,0,32,11,43,0,15,60,13,88,64,30,94,182
10/03/2014,MQY,TN,ASO,CE,Federal Contract Tower,3,14,20,21,58,0,2,27,6,35,3,16,47,27,93,74,12,86,179
10/04/2014,MQY,TN,ASO,CE,Federal Contract Tower,4,9,16,0,29,0,6,38,1,45,4,15,54,1,74,56,0,56,130
10/05/2014,MQY,TN,ASO,CE,Federal Contract Tower,0,8,9,4,21,0,3,39,1,43,0,11,48,5,64,40,0,40,104
10/06/2014,MQY,TN,ASO,CE,Federal Contract Tower,0,16,19,2,37,0,0,12,0,12,0,16,31,2,49,0,0,0,49
10/07/2014,MQY,TN,ASO,CE,Federal Contract Tower,0,9,20,2,31,0,5,23,20,48,0,14,43,22,79,18,30,48,127
10/08/2014,MQY,TN,ASO,CE,Federal Contract Tower,2,11,57,9,79,0,5,95,19,119,2,16,152,28,198,158,28,186,384
10/09/2014,MQY,TN,ASO,CE,Federal Contract Tower,0,13,42,3,58,0,5,42,9,56,0,18,84,12,114,54,16,70,184
10/10/2014,MQY,TN,ASO,CE,Federal Contract Tower,2,11,13,2,28,0,0,1,0,1,2,11,14,2,29,0,0,0,29
10/11/2014,MQY,TN,ASO,CE,Federal Contract Tower,1,3,9,0,13,0,0,0,0,0,1,3,9,0,13,0,0,0,13
10/12/2014,MQY,TN,ASO,CE,Federal Contract Tower,0,1,25,0,26,0,0,20,0,20,0,1,45,0,46,0,0,0,46
10/13/2014,MQY,TN,ASO,CE,Federal Contract Tower,0,11,23,0,34,0,1,5,0,6,0,12,28,0,40,0,0,0,40
10/14/2014,MQY,TN,ASO,CE,Federal Contract Tower,0,9,17,12,38,0,4,16,8,28,0,13,33,20,66,26,28,54,120
10/15/2014,MQY,TN,ASO,CE,Federal Contract Tower,0,9,39,2,50,0,2,6,6,14,0,11,45,8,64,20,0,20,84
10/16/2014,MQY,TN,ASO,CE,Federal Contract Tower,0,22,39,8,69,0,4,17,35,56,0,26,56,43,125,20,26,46,171
10/17/2014,MQY,TN,ASO,CE,Federal Contract Tower,0,8,46,9,63,0,2,76,16,94,0,10,122,25,157,106,4,110,267
10/18/2014,MQY,TN,ASO,CE,Federal Contract Tower,0,12,21,3,36,0,6,71,23,100,0,18,92,26,136,100,12,112,248
10/19/2014,MQY,TN,ASO,CE,Federal Contract Tower,0,7,17,2,26,0,2,54,5,61,0,9,71,7,87,72,0,72,159
10/20/2014,MQY,TN,ASO,CE,Federal Contract Tower,0,4,28,1,33,0,3,57,0,60,0,7,85,1,93,62,0,62,155
10/21/2014,MQY,TN,ASO,CE,Federal Contract Tower,0,13,23,14,50,0,31,62,12,105,0,44,85,26,155,86,0,86,241
10/22/2014,MQY,TN,ASO,CE,Federal Contract Tower,0,16,35,7,58,0,4,67,6,77,0,20,102,13,135,26,12,38,173
10/23/2014,MQY,TN,ASO,CE,Federal Contract Tower,0,16,42,2,60,0,8,68,16,92,0,24,110,18,152,114,0,114,266
10/24/2014,MQY,TN,ASO,CE,Federal Contract Tower,0,7,46,6,59,0,6,64,14,84,0,13,110,20,143,62,14,76,219
10/25/2014,MQY,TN,ASO,CE,Federal Contract Tower,0,11,15,0,26,0,7,72,9,88,0,18,87,9,114,70,4,74,188
10/26/2014,MQY,TN,ASO,CE,Federal Contract Tower,0,5,13,2,20,0,1,28,1,30,0,6,41,3,50,56,0,56,106
10/27/2014,MQY,TN,ASO,CE,Federal Contract Tower,0,14,35,9,58,0,12,55,6,73,0,26,90,15,131,64,0,64,195
10/28/2014,MQY,TN,ASO,CE,Federal Contract Tower,1,15,26,2,44,0,3,11,6,20,1,18,37,8,64,4,0,4,68
10/29/2014,MQY,TN,ASO,CE,Federal Contract Tower,0,15,45,15,75,0,3,54,16,73,0,18,99,31,148,100,16,116,264
10/30/2014,MQY,TN,ASO,CE,Federal Contract Tower,0,20,43,6,69,0,7,78,2,87,0,27,121,8,156,117,8,125,281
10/31/2014,MQY,TN,ASO,CE,Federal Contract Tower,2,16,30,5,53,0,4,24,2,30,2,20,54,7,83,60,0,60,143
11/01/2014,MQY,TN,ASO,CE,Federal Contract Tower,1,7,16,10,34,0,2,27,1,30,1,9,43,11,64,28,0,28,92
11/02/2014,MQY,TN,ASO,CE,Federal Contract Tower,0,6,15,7,28,6,68,12,0,86,6,74,27,7,114,40,2,42,156
11/03/2014,MQY,TN,ASO,CE,Federal Contract Tower,2,10,28,4,44,0,13,70,7,90,2,23,98,11,134,120,0,120,254
11/04/2014,MQY,TN,ASO,CE,Federal Contract Tower,3,10,34,0,47,0,39,64,9,112,3,49,98,9,159,150,6,156,315
11/05/2014,MQY,TN,ASO,CE,Federal Contract Tower,2,15,11,2,30,0,0,0,0,0,2,15,11,2,30,0,0,0,30
11/06/2014,MQY,TN,ASO,CE,Federal Contract Tower,1,16,27,3,47,0,12,31,12,55,1,28,58,15,102,30,28,58,160
11/07/2014,MQY,TN,ASO,CE,Federal Contract Tower,0,21,42,2,65,0,6,78,12,96,0,27,120,14,161,90,18,108,269
11/08/2014,MQY,TN,ASO,CE,Federal Contract Tower,0,6,32,1,39,0,0,0,0,0,0,6,32,1,39,46,12,58,97
11/09/2014,MQY,TN,ASO,CE,Federal Contract Tower,0,16,26,2,44,0,3,50,9,62,0,19,76,11,106,78,0,78,184
11/10/2014,MQY,TN,ASO,CE,Federal Contract Tower,2,15,31,1,49,0,3,46,9,58,2,18,77,10,107,78,22,100,207
11/11/2014,MQY,TN,ASO,CE,Federal Contract Tower,0,7,33,0,40,0,5,25,0,30,0,12,58,0,70,18,2,20,90
11/12/2014,MQY,TN,ASO,CE,Federal Contract Tower,0,15,18,4,37,0,9,19,8,36,0,24,37,12,73,52,0,52,125
11/13/2014,MQY,TN,ASO,CE,Federal Contract Tower,0,16,35,5,56,0,1,20,24,45,0,17,55,29,101,44,14,58,159
11/14/2014,MQY,TN,ASO,CE,Federal Contract Tower,4,14,28,5,51,0,0,63,19,82,4,14,91,24,133,46,12,58,191
11/15/2014,MQY,TN,ASO,CE,Federal Contract Tower,0,6,13,7,26,0,1,55,7,63,0,7,68,14,89,66,6,72,161
11/16/2014,MQY,TN,ASO,CE,Federal Contract Tower,0,9,3,0,12,0,0,0,0,0,0,9,3,0,12,0,0,0,12
11/17/2014,MQY,TN,ASO,CE,Federal Contract Tower,0,13,16,0,29,0,1,13,0,14,0,14,29,0,43,26,0,26,69
11/18/2014,MQY,TN,ASO,CE,Federal Contract Tower,0,24,41,2,67,0,8,35,9,52,0,32,76,11,119,72,0,72,191
11/19/2014,MQY,TN,ASO,CE,Federal Contract Tower,0,2,19,19,40,0,4,36,4,44,0,6,55,23,84,52,0,52,136
11/20/2014,MQY,TN,ASO,CE,Federal Contract Tower,0,12,33,12,57,0,6,64,35,105,0,18,97,47,162,76,10,86,248
11/21/2014,MQY,TN,ASO,CE,Federal Contract Tower,0,9,27,13,49,0,7,78,44,129,0,16,105,57,178,62,54,116,294
11/22/2014,MQY,TN,ASO,CE,Federal Contract Tower,0,2,26,3,31,0,5,67,16,88,0,7,93,19,119,52,0,52,171
11/23/2014,MQY,TN,ASO,CE,Federal Contract Tower,0,2,6,0,8,0,2,0,0,2,0,4,6,0,10,0,4,4,14
11/24/2014,MQY,TN,ASO,CE,Federal Contract Tower,0,15,23,13,51,0,10,3,0,13,0,25,26,13,64,12,0,12,76
11/25/2014,MQY,TN,ASO,CE,Federal Contract Tower,0,14,31,0,45,0,6,75,18,99,0,20,106,18,144,110,16,126,270
11/26/2014,MQY,TN,ASO,CE,Federal Contract Tower,0,15,17,0,32,0,12,49,4,65,0,27,66,4,97,112,2,114,211
11/27/2014,MQY,TN,ASO,CE,Federal Contract Tower,0,0,5,0,5,0,2,1,0,3,0,2,6,0,8,12,0,12,20
11/28/2014,MQY,TN,ASO,CE,Federal Contract Tower,2,1,9,0,12,0,5,38,0,43,2,6,47,0,55,10,0,10,65
11/29/2014,MQY,TN,ASO,CE,Federal Contract Tower,0,3,15,0,18,0,12,14,0,26,0,15,29,0,44,2,0,2,46
11/30/2014,MQY,TN,ASO,CE,Federal Contract Tower,0,7,24,2,33,0,5,10,0,15,0,12,34,2,48,0,0,0,48
12/01/2014,MQY,TN,ASO,CE,Federal Contract Tower,0,10,14,1,25,0,0,0,0,0,0,10,14,1,25,0,0,0,25
12/02/2014,MQY,TN,ASO,CE,Federal Contract Tower,2,14,25,10,51,0,0,0,0,0,2,14,25,10,51,0,0,0,51
12/03/2014,MQY,TN,ASO,CE,Federal Contract Tower,2,10,37,6,55,0,5,11,9,25,2,15,48,15,80,6,4,10,90
12/04/2014,MQY,TN,ASO,CE,Federal Contract Tower,0,14,26,6,46,0,2,11,18,31,0,16,37,24,77,8,44,52,129
12/05/2014,MQY,TN,ASO,CE,Federal Contract Tower,0,13,17,2,32,0,25,29,17,71,0,38,46,19,103,22,50,72,175
12/06/2014,MQY,TN,ASO,CE,Federal Contract Tower,0,3,12,0,15,0,0,0,14,14,0,3,12,14,29,0,34,34,63
12/07/2014,MQY,TN,ASO,CE,Federal Contract Tower,4,8,7,0,19,0,0,25,5,30,4,8,32,5,49,84,0,84,133
12/08/2014,MQY,TN,ASO,CE,Federal Contract Tower,0,14,27,2,43,0,21,52,3,76,0,35,79,5,119,44,0,44,163
12/09/2014,MQY,TN,ASO,CE,Federal Contract Tower,0,24,52,0,76,0,18,19,6,43,0,42,71,6,119,70,22,92,211
12/10/2014,MQY,TN,ASO,CE,Federal Contract Tower,0,17,32,2,51,0,7,32,0,39,0,24,64,2,90,74,0,74,164
12/11/2014,MQY,TN,ASO,CE,Federal Contract Tower,0,11,21,8,40,0,14,48,43,105,0,25,69,51,145,44,32,76,221
12/12/2014,MQY,TN,ASO,CE,Federal Contract Tower,0,9,32,2,43,0,10,69,24,103,0,19,101,26,146,116,12,128,274
12/13/2014,MQY,TN,ASO,CE,Federal Contract Tower,0,6,12,4,22,0,1,32,3,36,0,7,44,7,58,168,2,170,228
12/14/2014,MQY,TN,ASO,CE,Federal Contract Tower,0,5,27,0,32,0,0,31,0,31,0,5,58,0,63,84,0,84,147
12/15/2014,MQY,TN,ASO,CE,Federal Contract Tower,0,12,20,2,34,0,2,19,0,21,0,14,39,2,55,28,2,30,85
12/16/2014,MQY,TN,ASO,CE,Federal Contract Tower,2,10,23,0,35,0,7,36,21,64,2,17,59,21,99,50,38,88,187
12/17/2014,MQY,TN,ASO,CE,Federal Contract Tower,2,18,56,2,78,0,2,20,2,24,2,20,76,4,102,46,0,46,148
12/18/2014,MQY,TN,ASO,CE,Federal Contract Tower,0,15,32,0,47,0,6,6,0,12,0,21,38,0,59,2,0,2,61
12/19/2014,MQY,TN,ASO,CE,Federal Contract Tower,0,14,35,0,49,0,4,49,0,53,0,18,84,0,102,48,0,48,150
12/20/2014,MQY,TN,ASO,CE,Federal Contract Tower,0,7,20,0,27,0,10,49,0,59,0,17,69,0,86,112,0,112,198
12/21/2014,MQY,TN,ASO,CE,Federal Contract Tower,0,3,20,0,23,0,0,31,1,32,0,3,51,1,55,28,0,28,83
12/22/2014,MQY,TN,ASO,CE,Federal Contract Tower,0,8,16,2,26,0,2,7,12,21,0,10,23,14,47,8,0,8,55
12/23/2014,MQY,TN,ASO,CE,Federal Contract Tower,0,4,24,0,28,0,0,1,0,1,0,4,25,0,29,0,0,0,29
12/24/2014,MQY,TN,ASO,CE,Federal Contract Tower,0,4,16,0,20,0,1,1,0,2,0,5,17,0,22,0,0,0,22
12/25/2014,MQY,TN,ASO,CE,Federal Contract Tower,0,2,0,0,2,0,1,10,0,11,0,3,10,0,13,6,0,6,19
12/26/2014,MQY,TN,ASO,CE,Federal Contract Tower,0,4,30,0,34,0,12,39,0,51,0,16,69,0,85,2,0,2,87
12/27/2014,MQY,TN,ASO,CE,Federal Contract Tower,0,3,11,0,14,0,0,22,0,22,0,3,33,0,36,2,0,2,38
12/28/2014,MQY,TN,ASO,CE,Federal Contract Tower,0,1,7,0,8,0,0,0,0,0,0,1,7,0,8,0,0,0,8
12/29/2014,MQY,TN,ASO,CE,Federal Contract Tower,0,4,16,0,20,0,0,0,0,0,0,4,16,0,20,0,0,0,20
12/30/2014,MQY,TN,ASO,CE,Federal Contract Tower,0,14,23,0,37,0,4,46,2,52,0,18,69,2,89,104,0,104,193
12/31/2014,MQY,TN,ASO,CE,Federal Contract Tower,0,14,29,0,43,0,5,31,0,36,0,19,60,0,79,16,0,16,95
01/01/2015,MQY,TN,ASO,CE,Federal Contract Tower,0,2,8,0,10,0,2,18,0,20,0,4,26,0,30,0,0,0,30
01/02/2015,MQY,TN,ASO,CE,Federal Contract Tower,0,11,11,0,22,0,0,0,0,0,0,11,11,0,22,0,0,0,22
01/03/2015,MQY,TN,ASO,CE,Federal Contract Tower,0,17,10,0,27,0,0,0,0,0,0,17,10,0,27,0,0,0,27
01/04/2015,MQY,TN,ASO,CE,Federal Contract Tower,0,9,11,2,22,0,16,3,2,21,0,25,14,4,43,26,0,26,69
01/05/2015,MQY,TN,ASO,CE,Federal Contract Tower,0,26,30,0,56,0,7,61,7,75,0,33,91,7,131,72,0,72,203
01/06/2015,MQY,TN,ASO,CE,Federal Contract Tower,0,9,27,4,40,0,4,62,5,71,0,13,89,9,111,69,0,69,180
01/07/2015,MQY,TN,ASO,CE,Federal Contract Tower,0,6,22,2,30,0,3,13,0,16,0,9,35,2,46,0,0,0,46
01/08/2015,MQY,TN,ASO,CE,Federal Contract Tower,0,10,59,3,72,0,10,43,15,68,0,20,102,18,140,38,0,38,178
01/09/2015,MQY,TN,ASO,CE,Federal Contract Tower,0,5,40,26,71,0,7,44,28,79,0,12,84,54,150,6,18,24,174
01/10/2015,MQY,TN,ASO,CE,Federal Contract Tower,0,6,14,14,34,0,8,49,27,84,0,14,63,41,118,100,4,104,222
01/11/2015,MQY,TN,ASO,CE,Federal Contract Tower,0,1,11,0,12,0,3,13,8,24,0,4,24,8,36,16,28,44,80
01/12/2015,MQY,TN,ASO,CE,Federal Contract Tower,0,5,9,0,14,0,0,0,0,0,0,5,9,0,14,0,0,0,14
01/13/2015,MQY,TN,ASO,CE,Federal Contract Tower,0,10,30,7,47,0,2,8,17,27,0,12,38,24,74,12,66,78,152
01/14/2015,MQY,TN,ASO,CE,Federal Contract Tower,1,6,26,2,35,0,6,14,4,24,1,12,40,6,59,22,4,26,85
01/15/2015,MQY,TN,ASO,CE,Federal Contract Tower,1,12,29,7,49,0,3,32,12,47,1,15,61,19,96,46,10,56,152
01/16/2015,MQY,TN,ASO,CE,Federal Contract Tower,0,11,43,9,63,0,12,72,21,105,0,23,115,30,168,22,24,46,214
01/17/2015,MQY,TN,ASO,CE,Federal Contract Tower,0,6,6,0,12,0,2,73,0,75,0,8,79,0,87,74,0,74,161
01/18/2015,MQY,TN,ASO,CE,Federal Contract Tower,0,6,27,0,33,0,2,44,0,46,0,8,71,0,79,68,0,68,147
01/19/2015,MQY,TN,ASO,CE,Federal Contract Tower,0,6,41,0,47,0,4,44,0,48,0,10,85,0,95,94,0,94,189
01/20/2015,MQY,TN,ASO,CE,Federal Contract Tower,0,14,37,6,57,0,8,47,9,64,0,22,84,15,121,74,22,96,217
01/21/2015,MQY,TN,ASO,CE,Federal Contract Tower,0,10,38,4,52,0,1,49,13,63,0,11,87,17,115,99,0,99,214
01/22/2015,MQY,TN,ASO,CE,Federal Contract Tower,0,4,44,4,52,0,13,32,42,87,0,17,76,46,139,28,12,40,179
01/23/2015,MQY,TN,ASO,CE,Federal Contract Tower,0,6,7,0,13,0,0,1,0,1,0,6,8,0,14,6,0,6,20
01/24/2015,MQY,TN,ASO,CE,Federal Contract Tower,0,5,17,1,23,0,6,64,35,105,0,11,81,36,128,104,38,142,270
01/25/2015,MQY,TN,ASO,CE,Federal Contract Tower,0,5,9,0,14,0,6,27,22,55,0,11,36,22,69,38,6,44,113
01/26/2015,MQY,TN,ASO,CE,Federal Contract Tower,0,11,12,0,23,0,0,9,3,12,0,11,21,3,35,46,0,46,81
01/27/2015,MQY,TN,ASO,CE,Federal Contract Tower,1,5,27,2,35,0,13,16,7,36,1,18,43,9,71,72,10,82,153
01/28/2015,MQY,TN,ASO,CE,Federal Contract Tower,5,23,30,4,62,0,1,53,11,65,5,24,83,15,127,120,12,132,259
01/29/2015,MQY,TN,ASO,CE,Federal Contract Tower,2,11,26,0,39,0,4,24,45,73,2,15,50,45,112,12,30,42,154
01/30/2015,MQY,TN,ASO,CE,Federal Contract Tower,0,8,29,3,40,0,7,32,10,49,0,15,61,13,89,60,0,60,149
01/31/2015,MQY,TN,ASO,CE,Federal Contract Tower,0,4,29,0,33,0,2,46,2,50,0,6,75,2,83,74,0,74,157
02/01/2015,MQY,TN,ASO,CE,Federal Contract Tower,0,3,11,0,14,0,1,2,0,3,0,4,13,0,17,0,0,0,17
02/02/2015,MQY,TN,ASO,CE,Federal Contract Tower,0,3,24,2,29,0,0,13,0,13,0,3,37,2,42,12,0,12,54
02/03/2015,MQY,TN,ASO,CE,Federal Contract Tower,0,17,30,10,57,0,9,61,21,91,0,26,91,31,148,124,12,136,284
02/04/2015,MQY,TN,ASO,CE,Federal Contract Tower,0,13,21,0,34,0,9,30,17,56,0,22,51,17,90,76,0,76,166
02/05/2015,MQY,TN,ASO,CE,Federal Contract Tower,0,9,38,2,49,0,8,39,30,77,0,17,77,32,126,56,16,72,198
02/06/2015,MQY,TN,ASO,CE,Federal Contract Tower,0,4,29,10,43,0,9,36,34,79,0,13,65,44,122,100,10,110,232
02/07/2015,MQY,TN,ASO,CE,Federal Contract Tower,0,4,9,1,14,0,15,38,29,82,0,19,47,30,96,86,14,100,196
02/08/2015,MQY,TN,ASO,CE,Federal Contract Tower,0,2,10,4,16,0,3,19,10,32,0,5,29,14,48,24,34,58,106
02/09/2015,MQY,TN,ASO,CE,Federal Contract Tower,0,2,16,0,18,0,1,1,0,2,0,3,17,0,20,0,0,0,20
02/10/2015,MQY,TN,ASO,CE,Federal Contract Tower,0,9,29,1,39,0,10,35,16,61,0,19,64,17,100,68,8,76,176
02/11/2015,MQY,TN,ASO,CE,Federal Contract Tower,0,6,36,1,43,0,7,52,25,84,0,13,88,26,127,114,0,114,241
02/12/2015,MQY,TN,ASO,CE,Federal Contract Tower,0,14,24,0,38,0,4,23,17,44,0,18,47,17,82,52,38,90,172
02/13/2015,MQY,TN,ASO,CE,Federal Contract Tower,0,13,44,21,78,0,12,80,12,104,0,25,124,33,182,107,14,121,303
02/14/2015,MQY,TN,ASO,CE,Federal Contract Tower,1,5,22,0,28,0,6,43,0,49,1,11,65,0,77,104,0,104,181
02/15/2015,MQY,TN,ASO,CE,Federal Contract Tower,0,3,32,7,42,0,8,37,1,46,0,11,69,8,88,122,0,122,210
02/16/2015,MQY,TN,ASO,CE,Federal Contract Tower,0,0,0,0,0,0,0,0,0,0,0,0,0,0,0,0,0,0,0
02/17/2015,MQY,TN,ASO,CE,Federal Contract Tower,0,2,5,1,8,0,2,6,2,10,0,4,11,3,18,0,0,0,18
02/18/2015,MQY,TN,ASO,CE,Federal Contract Tower,0,12,3,6,21,0,2,1,0,3,0,14,4,6,24,0,0,0,24
02/19/2015,MQY,TN,ASO,CE,Federal Contract Tower,0,10,16,0,26,0,1,13,3,17,0,11,29,3,43,8,0,8,51
02/20/2015,MQY,TN,ASO,CE,Federal Contract Tower,0,2,9,0,11,0,8,3,0,11,0,10,12,0,22,8,0,8,30
02/21/2015,MQY,TN,ASO,CE,Federal Contract Tower,0,6,3,0,9,0,0,0,0,0,0,6,3,0,9,0,0,0,9
02/22/2015,MQY,TN,ASO,CE,Federal Contract Tower,0,1,7,1,9,0,0,3,4,7,0,1,10,5,16,0,16,16,32
02/23/2015,MQY,TN,ASO,CE,Federal Contract Tower,2,3,36,0,41,0,11,31,0,42,2,14,67,0,83,42,0,42,125
02/24/2015,MQY,TN,ASO,CE,Federal Contract Tower,0,8,30,3,41,8,36,3,0,47,8,44,33,3,88,72,0,72,160
02/25/2015,MQY,TN,ASO,CE,Federal Contract Tower,0,15,36,2,53,0,4,53,11,68,0,19,89,13,121,88,12,100,221
02/26/2015,MQY,TN,ASO,CE,Federal Contract Tower,0,14,29,3,46,0,10,24,26,60,0,24,53,29,106,16,44,60,166
02/27/2015,MQY,TN,ASO,CE,Federal Contract Tower,0,14,29,5,48,0,13,59,25,97,0,27,88,30,145,116,0,116,261
02/28/2015,MQY,TN,ASO,CE,Federal Contract Tower,0,4,21,8,33,0,1,77,0,78,0,5,98,8,111,202,0,202,313
03/01/2015,MQY,TN,ASO,CE,Federal Contract Tower,0,3,14,0,17,0,1,2,0,3,0,4,16,0,20,24,0,24,44
03/02/2015,MQY,TN,ASO,CE,Federal Contract Tower,0,7,27,10,44,0,3,38,11,52,0,10,65,21,96,98,4,102,198
03/03/2015,MQY,TN,ASO,CE,Federal Contract Tower,0,9,20,2,31,0,0,0,0,0,0,9,20,2,31,0,0,0,31
03/04/2015,MQY,TN,ASO,CE,Federal Contract Tower,0,8,19,0,27,0,0,0,0,0,0,8,19,0,27,0,0,0,27
03/05/2015,MQY,TN,ASO,CE,Federal Contract Tower,0,1,7,0,8,0,0,0,0,0,0,1,7,0,8,0,0,0,8
03/06/2015,MQY,TN,ASO,CE,Federal Contract Tower,3,7,26,0,36,0,5,5,0,10,3,12,31,0,46,4,0,4,50
03/07/2015,MQY,TN,ASO,CE,Federal Contract Tower,0,8,10,0,18,0,10,58,0,68,0,18,68,0,86,58,0,58,144
03/08/2015,MQY,TN,ASO,CE,Federal Contract Tower,0,13,27,2,42,0,6,77,4,87,0,19,104,6,129,184,10,194,323
03/09/2015,MQY,TN,ASO,CE,Federal Contract Tower,0,9,23,0,32,0,4,22,0,26,0,13,45,0,58,10,0,10,68
03/10/2015,MQY,TN,ASO,CE,Federal Contract Tower,0,7,22,3,32,0,4,6,14,24,0,11,28,17,56,2,44,46,102
03/11/2015,MQY,TN,ASO,CE,Federal Contract Tower,0,12,31,5,48,0,0,0,0,0,0,12,31,5,48,0,0,0,48
03/12/2015,MQY,TN,ASO,CE,Federal Contract Tower,0,9,32,2,43,0,4,29,42,75,0,13,61,44,118,86,46,132,250
03/13/2015,MQY,TN,ASO,CE,Federal Contract Tower,0,10,31,3,44,0,0,6,8,14,0,10,37,11,58,2,14,16,74
03/14/2015,MQY,TN,ASO,CE,Federal Contract Tower,0,1,36,3,40,0,0,0,0,0,0,1,36,3,40,0,0,0,40
03/15/2015,MQY,TN,ASO,CE,Federal Contract Tower,0,4,26,0,30,0,6,59,17,82,0,10,85,17,112,180,28,208,320
03/16/2015,MQY,TN,ASO,CE,Federal Contract Tower,3,7,31,2,43,0,12,53,5,70,3,19,84,7,113,74,8,82,195
03/17/2015,MQY,TN,ASO,CE,Federal Contract Tower,0,7,23,2,32,0,4,56,13,73,0,11,79,15,105,44,6,50,155
03/18/2015,MQY,TN,ASO,CE,Federal Contract Tower,3,8,55,2,68,0,9,37,10,56,3,17,92,12,124,91,10,101,225
03/19/2015,MQY,TN,ASO,CE,Federal Contract Tower,4,9,28,0,41,0,0,0,0,0,4,9,28,0,41,0,0,0,41
03/20/2015,MQY,TN,ASO,CE,Federal Contract Tower,2,5,59,7,73,0,8,23,17,48,2,13,82,24,121,90,52,142,263
03/21/2015,MQY,TN,ASO,CE,Federal Contract Tower,0,4,23,3,30,0,4,75,5,84,0,8,98,8,114,120,14,134,248
03/22/2015,MQY,TN,ASO,CE,Federal Contract Tower,2,3,41,4,50,0,2,45,15,62,2,5,86,19,112,114,12,126,238
03/23/2015,MQY,TN,ASO,CE,Federal Contract Tower,0,7,16,4,27,0,7,63,3,73,0,14,79,7,100,120,0,120,220
03/24/2015,MQY,TN,ASO,CE,Federal Contract Tower,0,12,49,0,61,0,6,61,31,98,0,18,110,31,159,114,16,130,289
03/25/2015,MQY,TN,ASO,CE,Federal Contract Tower,0,10,42,7,59,0,15,52,5,72,0,25,94,12,131,84,0,84,215
03/26/2015,MQY,TN,ASO,CE,Federal Contract Tower,0,7,27,0,34,0,2,10,0,12,0,9,37,0,46,28,0,28,74
03/27/2015,MQY,TN,ASO,CE,Federal Contract Tower,0,31,67,12,110,0,3,52,20,75,0,34,119,32,185,82,6,88,273
03/28/2015,MQY,TN,ASO,CE,Federal Contract Tower,2,6,24,2,34,0,8,55,0,63,2,14,79,2,97,106,0,106,203
03/29/2015,MQY,TN,ASO,CE,Federal Contract Tower,0,7,30,0,37,0,8,35,3,46,0,15,65,3,83,52,0,52,135
03/30/2015,MQY,TN,ASO,CE,Federal Contract Tower,0,11,36,0,47,0,8,61,3,72,0,19,97,3,119,110,4,114,233
03/31/2015,MQY,TN,ASO,CE,Federal Contract Tower,0,7,40,3,50,0,4,67,18,89,0,11,107,21,139,94,26,120,259
04/01/2015,MQY,TN,ASO,CE,Federal Contract Tower,0,11,54,2,67,0,15,60,29,104,0,26,114,31,171,80,6,86,257
04/02/2015,MQY,TN,ASO,CE,Federal Contract Tower,0,12,18,2,32,0,3,11,4,18,0,15,29,6,50,16,2,18,68
04/03/2015,MQY,TN,ASO,CE,Federal Contract Tower,0,5,24,0,29,0,0,6,0,6,0,5,30,0,35,2,0,2,37
04/04/2015,MQY,TN,ASO,CE,Federal Contract Tower,0,2,28,0,30,0,4,87,5,96,0,6,115,5,126,118,0,118,244
04/05/2015,MQY,TN,ASO,CE,Federal Contract Tower,0,3,32,0,35,0,2,26,0,28,0,5,58,0,63,22,0,22,85
04/06/2015,MQY,TN,ASO,CE,Federal Contract Tower,0,12,14,0,26,0,1,14,0,15,0,13,28,0,41,0,0,0,41
04/07/2015,MQY,TN,ASO,CE,Federal Contract Tower,0,8,28,2,38,0,2,20,24,46,0,10,48,26,84,14,32,46,130
04/08/2015,MQY,TN,ASO,CE,Federal Contract Tower,0,6,30,0,36,0,6,48,1,55,0,12,78,1,91,66,0,66,157
04/09/2015,MQY,TN,ASO,CE,Federal Contract Tower,0,9,25,9,43,0,5,45,4,54,0,14,70,13,97,24,26,50,147
04/10/2015,MQY,TN,ASO,CE,Federal Contract Tower,0,9,27,26,62,0,2,43,10,55,0,11,70,36,117,46,0,46,163
04/11/2015,MQY,TN,ASO,CE,Federal Contract Tower,0,8,27,0,35,0,9,113,1,123,0,17,140,1,158,124,0,124,282
04/12/2015,MQY,TN,ASO,CE,Federal Contract Tower,0,4,57,0,61,0,2,59,3,64,0,6,116,3,125,98,0,98,223
04/13/2015,MQY,TN,ASO,CE,Federal Contract Tower,0,16,35,4,55,0,0,5,0,5,0,16,40,4,60,0,0,0,60
04/14/2015,MQY,TN,ASO,CE,Federal Contract Tower,0,13,32,2,47,0,0,0,0,0,0,13,32,2,47,0,0,0,47
04/15/2015,MQY,TN,ASO,CE,Federal Contract Tower,0,13,31,0,44,0,4,6,0,10,0,17,37,0,54,8,0,8,62
04/16/2015,MQY,TN,ASO,CE,Federal Contract Tower,0,11,37,0,48,0,6,3,0,9,0,17,40,0,57,8,0,8,65
04/17/2015,MQY,TN,ASO,CE,Federal Contract Tower,0,5,44,19,68,0,15,13,0,28,0,20,57,19,96,12,6,18,114
04/18/2015,MQY,TN,ASO,CE,Federal Contract Tower,0,10,27,3,40,0,2,41,8,51,0,12,68,11,91,62,0,62,153
04/19/2015,MQY,TN,ASO,CE,Federal Contract Tower,0,1,16,0,17,0,0,3,0,3,0,1,19,0,20,0,0,0,20
04/20/2015,MQY,TN,ASO,CE,Federal Contract Tower,0,8,17,0,25,0,5,27,0,32,0,13,44,0,57,58,0,58,115
04/21/2015,MQY,TN,ASO,CE,Federal Contract Tower,3,14,21,0,38,0,21,57,4,82,3,35,78,4,120,64,0,64,184
04/22/2015,MQY,TN,ASO,CE,Federal Contract Tower,0,19,53,4,76,0,1,45,8,54,0,20,98,12,130,32,0,32,162
04/23/2015,MQY,TN,ASO,CE,Federal Contract Tower,0,16,43,5,64,0,9,43,18,70,0,25,86,23,134,88,34,122,256
04/24/2015,MQY,TN,ASO,CE,Federal Contract Tower,0,12,18,3,33,0,7,56,0,63,0,19,74,3,96,82,0,82,178
04/25/2015,MQY,TN,ASO,CE,Federal Contract Tower,2,6,9,1,18,0,1,20,0,21,2,7,29,1,39,22,0,22,61
04/26/2015,MQY,TN,ASO,CE,Federal Contract Tower,0,5,37,4,46,0,0,9,2,11,0,5,46,6,57,48,0,48,105
04/27/2015,MQY,TN,ASO,CE,Federal Contract Tower,0,11,31,1,43,0,14,48,0,62,0,25,79,1,105,52,0,52,157
04/28/2015,MQY,TN,ASO,CE,Federal Contract Tower,0,5,49,6,60,0,18,65,0,83,0,23,114,6,143,64,0,64,207
04/29/2015,MQY,TN,ASO,CE,Federal Contract Tower,0,13,54,0,67,0,13,55,2,70,0,26,109,2,137,72,0,72,209
04/30/2015,MQY,TN,ASO,CE,Federal Contract Tower,0,12,76,6,94,0,1,38,5,44,0,13,114,11,138,62,0,62,200
05/01/2015,MQY,TN,ASO,CE,Federal Contract Tower,0,4,32,31,67,0,6,50,12,68,0,10,82,43,135,36,0,36,171
05/02/2015,MQY,TN,ASO,CE,Federal Contract Tower,2,4,20,1,27,0,10,153,5,168,2,14,173,6,195,124,0,124,319
05/03/2015,MQY,TN,ASO,CE,Federal Contract Tower,0,3,61,0,64,0,4,92,0,96,0,7,153,0,160,92,0,92,252
05/04/2015,MQY,TN,ASO,CE,Federal Contract Tower,0,7,37,1,45,0,10,53,2,65,0,17,90,3,110,76,0,76,186
05/05/2015,MQY,TN,ASO,CE,Federal Contract Tower,0,9,26,1,36,0,9,52,9,70,0,18,78,10,106,73,28,101,207
05/06/2015,MQY,TN,ASO,CE,Federal Contract Tower,0,13,44,11,68,0,9,59,20,88,0,22,103,31,156,62,14,76,232
05/07/2015,MQY,TN,ASO,CE,Federal Contract Tower,0,13,40,14,67,0,7,60,8,75,0,20,100,22,142,78,10,88,230
05/08/2015,MQY,TN,ASO,CE,Federal Contract Tower,0,8,31,9,48,0,8,80,13,101,0,16,111,22,149,106,0,106,255
05/09/2015,MQY,TN,ASO,CE,Federal Contract Tower,0,8,12,0,20,0,5,62,4,71,0,13,74,4,91,52,8,60,151
05/10/2015,MQY,TN,ASO,CE,Federal Contract Tower,0,3,20,10,33,0,17,38,8,63,0,20,58,18,96,32,14,46,142
05/11/2015,MQY,TN,ASO,CE,Federal Contract Tower,0,14,20,4,38,0,9,22,7,38,0,23,42,11,76,40,18,58,134
05/12/2015,MQY,TN,ASO,CE,Federal Contract Tower,0,14,26,10,50,0,13,59,40,112,0,27,85,50,162,54,70,124,286
05/13/2015,MQY,TN,ASO,CE,Federal Contract Tower,2,26,44,5,77,0,31,70,7,108,2,57,114,12,185,61,2,63,248
05/14/2015,MQY,TN,ASO,CE,Federal Contract Tower,0,15,48,2,65,0,7,45,32,84,0,22,93,34,149,68,80,148,297
05/15/2015,MQY,TN,ASO,CE,Federal Contract Tower,0,7,21,0,28,0,5,44,5,54,0,12,65,5,82,72,6,78,160
05/16/2015,MQY,TN,ASO,CE,Federal Contract Tower,0,3,12,0,15,0,0,5,5,10,0,3,17,5,25,4,22,26,51
05/17/2015,MQY,TN,ASO,CE,Federal Contract Tower,0,1,25,0,26,0,0,21,0,21,0,1,46,0,47,12,0,12,59
05/18/2015,MQY,TN,ASO,CE,Federal Contract Tower,0,6,27,0,33,0,1,29,0,30,0,7,56,0,63,20,0,20,83
05/19/2015,MQY,TN,ASO,CE,Federal Contract Tower,0,11,42,2,55,0,11,28,17,56,0,22,70,19,111,92,50,142,253
05/20/2015,MQY,TN,ASO,CE,Federal Contract Tower,0,11,61,2,74,0,7,67,6,80,0,18,128,8,154,98,6,104,258
05/21/2015,MQY,TN,ASO,CE,Federal Contract Tower,0,11,33,3,47,0,4,21,9,34,0,15,54,12,81,78,24,102,183
05/22/2015,MQY,TN,ASO,CE,Federal Contract Tower,0,6,39,0,45,0,7,86,1,94,0,13,125,1,139,86,0,86,225
05/23/2015,MQY,TN,ASO,CE,Federal Contract Tower,0,4,15,0,19,0,12,67,0,79,0,16,82,0,98,88,0,88,186
05/24/2015,MQY,TN,ASO,CE,Federal Contract Tower,0,0,16,0,16,0,0,19,0,19,0,0,35,0,35,14,0,14,49
05/25/2015,MQY,TN,ASO,CE,Federal Contract Tower,0,3,15,0,18,0,0,4,1,5,0,3,19,1,23,0,0,0,23
05/26/2015,MQY,TN,ASO,CE,Federal Contract Tower,0,11,21,10,42,0,8,23,2,33,0,19,44,12,75,50,2,52,127
05/27/2015,MQY,TN,ASO,CE,Federal Contract Tower,0,6,32,6,44,0,6,23,6,35,0,12,55,12,79,76,0,76,155
05/28/2015,MQY,TN,ASO,CE,Federal Contract Tower,0,10,38,3,51,0,9,65,21,95,0,19,103,24,146,138,54,192,338
05/29/2015,MQY,TN,ASO,CE,Federal Contract Tower,0,7,27,2,36,0,8,35,7,50,0,15,62,9,86,86,0,86,172
05/30/2015,MQY,TN,ASO,CE,Federal Contract Tower,0,3,13,4,20,0,5,41,10,56,0,8,54,14,76,38,0,38,114
05/31/2015,MQY,TN,ASO,CE,Federal Contract Tower,0,1,17,1,19,0,0,22,2,24,0,1,39,3,43,26,0,26,69
06/01/2015,MQY,TN,ASO,CE,Federal Contract Tower,0,16,17,2,35,0,0,0,0,0,0,16,17,2,35,0,0,0,35
06/02/2015,MQY,TN,ASO,CE,Federal Contract Tower,0,16,48,0,64,0,0,23,0,23,0,16,71,0,87,64,0,64,151
06/03/2015,MQY,TN,ASO,CE,Federal Contract Tower,2,8,44,2,56,0,1,51,0,52,2,9,95,2,108,92,0,92,200
06/04/2015,MQY,TN,ASO,CE,Federal Contract Tower,0,12,38,6,56,0,4,91,17,112,0,16,129,23,168,132,4,136,304
06/05/2015,MQY,TN,ASO,CE,Federal Contract Tower,1,13,51,1,66,0,24,71,6,101,1,37,122,7,167,102,0,102,269
06/06/2015,MQY,TN,ASO,CE,Federal Contract Tower,0,5,38,2,45,0,6,56,0,62,0,11,94,2,107,70,0,70,177
06/07/2015,MQY,TN,ASO,CE,Federal Contract Tower,0,4,21,12,37,0,2,53,0,55,0,6,74,12,92,94,0,94,186
06/08/2015,MQY,TN,ASO,CE,Federal Contract Tower,0,10,23,0,33,0,3,28,5,36,0,13,51,5,69,58,0,58,127
06/09/2015,MQY,TN,ASO,CE,Federal Contract Tower,0,13,48,0,61,0,9,84,1,94,0,22,132,1,155,160,0,160,315
06/10/2015,MQY,TN,ASO,CE,Federal Contract Tower,0,14,62,5,81,0,5,105,11,121,0,19,167,16,202,192,10,202,404
06/11/2015,MQY,TN,ASO,CE,Federal Contract Tower,0,13,48,0,61,0,8,81,7,96,0,21,129,7,157,144,16,160,317
06/12/2015,MQY,TN,ASO,CE,Federal Contract Tower,0,11,24,0,35,0,25,43,4,72,0,36,67,4,107,94,20,114,221
06/13/2015,MQY,TN,ASO,CE,Federal Contract Tower,0,25,25,4,54,0,26,59,3,88,0,51,84,7,142,78,0,78,220
06/14/2015,MQY,TN,ASO,CE,Federal Contract Tower,0,13,34,5,52,0,27,53,6,86,0,40,87,11,138,74,0,74,212
06/15/2015,MQY,TN,ASO,CE,Federal Contract Tower,0,14,43,0,57,0,11,46,0,57,0,25,89,0,114,140,0,140,254
06/16/2015,MQY,TN,ASO,CE,Federal Contract Tower,0,14,46,0,60,0,11,57,0,68,0,25,103,0,128,154,0,154,282
06/17/2015,MQY,TN,ASO,CE,Federal Contract Tower,0,8,41,4,53,0,9,56,12,77,0,17,97,16,130,154,10,164,294
06/18/2015,MQY,TN,ASO,CE,Federal Contract Tower,2,10,39,6,57,0,5,61,4,70,2,15,100,10,127,114,8,122,249
06/19/2015,MQY,TN,ASO,CE,Federal Contract Tower,0,8,32,3,43,0,0,34,5,39,0,8,66,8,82,8,20,28,110
06/20/2015,MQY,TN,ASO,CE,Federal Contract Tower,0,2,18,0,20,0,3,33,0,36,0,5,51,0,56,70,0,70,126
06/21/2015,MQY,TN,ASO,CE,Federal Contract Tower,0,0,45,6,51,0,7,50,7,64,0,7,95,13,115,78,0,78,193
06/22/2015,MQY,TN,ASO,CE,Federal Contract Tower,0,16,32,0,48,0,9,61,2,72,0,25,93,2,120,140,0,140,260
06/23/2015,MQY,TN,ASO,CE,Federal Contract Tower,2,14,36,2,54,0,3,73,5,81,2,17,109,7,135,64,10,74,209
06/24/2015,MQY,TN,ASO,CE,Federal Contract Tower,1,17,49,0,67,0,6,70,2,78,1,23,119,2,145,304,0,304,449
06/25/2015,MQY,TN,ASO,CE,Federal Contract Tower,1,16,61,5,83,0,8,69,16,93,1,24,130,21,176,142,38,180,356
06/26/2015,MQY,TN,ASO,CE,Federal Contract Tower,0,5,38,17,60,0,2,68,2,72,0,7,106,19,132,120,4,124,256
06/27/2015,MQY,TN,ASO,CE,Federal Contract Tower,0,3,20,5,28,0,0,11,5,16,0,3,31,10,44,8,0,8,52
06/28/2015,MQY,TN,ASO,CE,Federal Contract Tower,0,3,65,2,70,0,2,71,3,76,0,5,136,5,146,180,0,180,326
06/29/2015,MQY,TN,ASO,CE,Federal Contract Tower,0,8,55,1,64,0,10,44,0,54,0,18,99,1,118,104,0,104,222
06/30/2015,MQY,TN,ASO,CE,Federal Contract Tower,1,6,55,8,70,0,8,82,0,90,1,14,137,8,160,134,0,134,294
07/01/2015,MQY,TN,ASO,CE,Federal Contract Tower,2,10,32,0,44,0,0,32,0,32,2,10,64,0,76,32,0,32,108
07/02/2015,MQY,TN,ASO,CE,Federal Contract Tower,0,6,32,0,38,0,6,18,9,33,0,12,50,9,71,66,10,76,147
07/03/2015,MQY,TN,ASO,CE,Federal Contract Tower,0,4,16,0,20,0,1,17,2,20,0,5,33,2,40,50,0,50,90
07/04/2015,MQY,TN,ASO,CE,Federal Contract Tower,0,2,16,0,18,0,0,16,0,16,0,2,32,0,34,34,0,34,68
07/05/2015,MQY,TN,ASO,CE,Federal Contract Tower,0,2,34,0,36,0,2,36,0,38,0,4,70,0,74,144,0,144,218
07/06/2015,MQY,TN,ASO,CE,Federal Contract Tower,0,7,38,2,47,0,15,64,5,84,0,22,102,7,131,146,2,148,279
07/07/2015,MQY,TN,ASO,CE,Federal Contract Tower,0,3,50,4,57,0,4,52,4,60,0,7,102,8,117,86,0,86,203
07/08/2015,MQY,TN,ASO,CE,Federal Contract Tower,0,7,43,8,58,0,4,69,9,82,0,11,112,17,140,182,14,196,336
07/09/2015,MQY,TN,ASO,CE,Federal Contract Tower,0,7,56,4,67,0,6,83,8,97,0,13,139,12,164,138,10,148,312
07/10/2015,MQY,TN,ASO,CE,Federal Contract Tower,0,7,47,1,55,0,4,98,0,102,0,11,145,1,157,132,0,132,289
07/11/2015,MQY,TN,ASO,CE,Federal Contract Tower,0,2,42,9,53,0,6,85,8,99,0,8,127,17,152,100,0,100,252
07/12/2015,MQY,TN,ASO,CE,Federal Contract Tower,0,2,25,1,28,0,1,47,0,48,0,3,72,1,76,98,0,98,174
07/13/2015,MQY,TN,ASO,CE,Federal Contract Tower,0,6,49,11,66,0,10,94,4,108,0,16,143,15,174,160,0,160,334
07/14/2015,MQY,TN,ASO,CE,Federal Contract Tower,0,4,54,4,62,0,0,40,7,47,0,4,94,11,109,24,0,24,133
07/15/2015,MQY,TN,ASO,CE,Federal Contract Tower,0,7,40,5,52,0,7,56,8,71,0,14,96,13,123,140,28,168,291
07/16/2015,MQY,TN,ASO,CE,Federal Contract Tower,0,10,79,5,94,0,9,81,14,104,0,19,160,19,198,198,10,208,406
07/17/2015,MQY,TN,ASO,CE,Federal Contract Tower,0,13,54,6,73,0,6,65,16,87,0,19,119,22,160,110,12,122,282
07/18/2015,MQY,TN,ASO,CE,Federal Contract Tower,0,4,23,6,33,0,5,74,12,91,0,9,97,18,124,130,10,140,264
07/19/2015,MQY,TN,ASO,CE,Federal Contract Tower,0,2,31,3,36,0,2,51,13,66,0,4,82,16,102,82,0,82,184
07/20/2015,MQY,TN,ASO,CE,Federal Contract Tower,0,12,48,0,60,0,4,51,0,55,0,16,99,0,115,84,0,84,199
07/21/2015,MQY,TN,ASO,CE,Federal Contract Tower,0,8,47,0,55,0,3,57,2,62,0,11,104,2,117,146,2,148,265
07/22/2015,MQY,TN,ASO,CE,Federal Contract Tower,0,7,41,0,48,0,4,40,5,49,0,11,81,5,97,106,0,106,203
07/23/2015,MQY,TN,ASO,CE,Federal Contract Tower,0,14,32,0,46,0,22,19,5,46,0,36,51,5,92,70,6,76,168
07/24/2015,MQY,TN,ASO,CE,Federal Contract Tower,0,4,74,16,94,0,10,72,1,83,0,14,146,17,177,86,0,86,263
07/25/2015,MQY,TN,ASO,CE,Federal Contract Tower,0,2,36,2,40,0,11,63,0,74,0,13,99,2,114,86,0,86,200
07/26/2015,MQY,TN,ASO,CE,Federal Contract Tower,0,2,45,0,47,0,0,68,1,69,0,2,113,1,116,134,0,134,250
07/27/2015,MQY,TN,ASO,CE,Federal Contract Tower,0,14,51,0,65,0,1,64,0,65,0,15,115,0,130,100,0,100,230
07/28/2015,MQY,TN,ASO,CE,Federal Contract Tower,0,12,39,0,51,0,12,40,4,56,0,24,79,4,107,28,12,40,147
07/29/2015,MQY,TN,ASO,CE,Federal Contract Tower,0,20,54,4,78,0,7,97,2,106,0,27,151,6,184,148,0,148,332
07/30/2015,MQY,TN,ASO,CE,Federal Contract Tower,0,12,71,0,83,0,2,140,25,167,0,14,211,25,250,138,16,154,404
07/31/2015,MQY,TN,ASO,CE,Federal Contract Tower,0,12,41,36,89,0,7,146,8,161,0,19,187,44,250,228,2,230,480
08/01/2015,MQY,TN,ASO,CE,Federal Contract Tower,0,2,22,0,24,0,7,71,0,78,0,9,93,0,102,70,0,70,172
08/02/2015,MQY,TN,ASO,CE,Federal Contract Tower,0,1,22,24,47,0,3,86,1,90,0,4,108,25,137,100,0,100,237
08/03/2015,MQY,TN,ASO,CE,Federal Contract Tower,0,8,45,6,59,0,11,104,0,115,0,19,149,6,174,142,12,154,328
08/04/2015,MQY,TN,ASO,CE,Federal Contract Tower,3,11,51,1,66,0,7,134,5,146,3,18,185,6,212,154,0,154,366
08/05/2015,MQY,TN,ASO,CE,Federal Contract Tower,0,9,25,0,34,0,62,5,0,67,0,71,30,0,101,128,0,128,229
08/06/2015,MQY,TN,ASO,CE,Federal Contract Tower,0,12,40,0,52,0,18,16,26,60,0,30,56,26,112,48,46,94,206
08/07/2015,MQY,TN,ASO,CE,Federal Contract Tower,2,6,46,11,65,0,8,54,20,82,2,14,100,31,147,118,42,160,307
08/08/2015,MQY,TN,ASO,CE,Federal Contract Tower,0,1,24,1,26,0,1,74,22,97,0,2,98,23,123,210,28,238,361
08/09/2015,MQY,TN,ASO,CE,Federal Contract Tower,0,1,21,19,41,0,0,86,15,101,0,1,107,34,142,210,2,212,354
08/10/2015,MQY,TN,ASO,CE,Federal Contract Tower,0,10,19,0,29,0,7,50,0,57,0,17,69,0,86,182,0,182,268
08/11/2015,MQY,TN,ASO,CE,Federal Contract Tower,0,13,40,2,55,0,5,87,12,104,0,18,127,14,159,158,12,170,329
08/12/2015,MQY,TN,ASO,CE,Federal Contract Tower,0,8,45,2,55,0,14,134,9,157,0,22,179,11,212,140,6,146,358
08/13/2015,MQY,TN,ASO,CE,Federal Contract Tower,0,11,41,0,52,0,6,97,17,120,0,17,138,17,172,178,18,196,368
08/14/2015,MQY,TN,ASO,CE,Federal Contract Tower,0,7,28,3,38,0,6,94,2,102,0,13,122,5,140,128,0,128,268
08/15/2015,MQY,TN,ASO,CE,Federal Contract Tower,0,0,20,0,20,0,0,60,0,60,0,0,80,0,80,138,0,138,218
08/16/2015,MQY,TN,ASO,CE,Federal Contract Tower,0,0,14,1,15,0,4,44,2,50,0,4,58,3,65,114,0,114,179
08/17/2015,MQY,TN,ASO,CE,Federal Contract Tower,0,8,21,0,29,0,2,4,0,6,0,10,25,0,35,16,0,16,51
08/18/2015,MQY,TN,ASO,CE,Federal Contract Tower,1,11,45,2,59,0,2,45,2,49,1,13,90,4,108,86,0,86,194
08/19/2015,MQY,TN,ASO,CE,Federal Contract Tower,0,8,37,3,48,0,4,15,2,21,0,12,52,5,69,34,0,34,103
08/20/2015,MQY,TN,ASO,CE,Federal Contract Tower,0,12,47,4,63,2,14,55,6,77,2,26,102,10,140,98,0,98,238
08/21/2015,MQY,TN,ASO,CE,Federal Contract Tower,0,7,49,31,87,0,7,118,2,127,0,14,167,33,214,104,0,104,318
08/22/2015,MQY,TN,ASO,CE,Federal Contract Tower,0,3,27,0,30,0,1,103,12,116,0,4,130,12,146,120,4,124,270
08/23/2015,MQY,TN,ASO,CE,Federal Contract Tower,0,2,24,14,40,0,0,50,0,50,0,2,74,14,90,92,0,92,182
08/24/2015,MQY,TN,ASO,CE,Federal Contract Tower,1,8,36,4,49,0,6,121,0,127,1,14,157,4,176,200,4,204,380
08/25/2015,MQY,TN,ASO,CE,Federal Contract Tower,3,19,45,2,69,0,2,110,5,117,3,21,155,7,186,206,4,210,396
08/26/2015,MQY,TN,ASO,CE,Federal Contract Tower,0,11,35,4,50,0,15,108,14,137,0,26,143,18,187,40,34,74,261
08/27/2015,MQY,TN,ASO,CE,Federal Contract Tower,1,13,31,6,51,0,9,117,23,149,1,22,148,29,200,122,20,142,342
08/28/2015,MQY,TN,ASO,CE,Federal Contract Tower,2,11,48,14,75,0,21,153,20,194,2,32,201,34,269,172,8,180,449
08/29/2015,MQY,TN,ASO,CE,Federal Contract Tower,0,1,22,0,23,0,2,64,1,67,0,3,86,1,90,74,0,74,164
08/30/2015,MQY,TN,ASO,CE,Federal Contract Tower,0,1,24,14,39,0,4,40,15,59,0,5,64,29,98,140,34,174,272
08/31/2015,MQY,TN,ASO,CE,Federal Contract Tower,0,7,34,0,41,0,9,124,10,143,0,16,158,10,184,144,0,144,328
09/01/2015,MQY,TN,ASO,CE,Federal Contract Tower,0,8,49,12,69,0,15,105,17,137,0,23,154,29,206,122,42,164,370
09/02/2015,MQY,TN,ASO,CE,Federal Contract Tower,2,9,37,2,50,0,20,128,22,170,2,29,165,24,220,110,14,124,344
09/03/2015,MQY,TN,ASO,CE,Federal Contract Tower,0,15,41,3,59,0,10,131,26,167,0,25,172,29,226,138,18,156,382
09/04/2015,MQY,TN,ASO,CE,Federal Contract Tower,4,12,41,0,57,0,9,185,1,195,4,21,226,1,252,140,0,140,392
09/05/2015,MQY,TN,ASO,CE,Federal Contract Tower,0,14,11,0,25,0,7,80,0,87,0,21,91,0,112,112,0,112,224
09/06/2015,MQY,TN,ASO,CE,Federal Contract Tower,1,1,14,0,16,0,1,84,0,85,1,2,98,0,101,32,0,32,133
09/07/2015,MQY,TN,ASO,CE,Federal Contract Tower,1,4,32,0,37,0,4,91,0,95,1,8,123,0,132,28,0,28,160
09/08/2015,MQY,TN,ASO,CE,Federal Contract Tower,2,15,33,3,53,0,7,103,3,113,2,22,136,6,166,24,0,24,190
09/09/2015,MQY,TN,ASO,CE,Federal Contract Tower,2,17,29,2,50,0,10,48,19,77,2,27,77,21,127,42,4,46,173
09/10/2015,MQY,TN,ASO,CE,Federal Contract Tower,4,11,39,2,56,0,1,50,16,67,4,12,89,18,123,50,24,74,197
09/11/2015,MQY,TN,ASO,CE,Federal Contract Tower,4,7,44,5,60,0,19,89,7,115,4,26,133,12,175,74,2,76,251
09/12/2015,MQY,TN,ASO,CE,Federal Contract Tower,2,13,39,2,56,0,58,53,0,111,2,71,92,2,167,64,0,64,231
09/13/2015,MQY,TN,ASO,CE,Federal Contract Tower,0,11,33,0,44,0,26,49,2,77,0,37,82,2,121,116,0,116,237
09/14/2015,MQY,TN,ASO,CE,Federal Contract Tower,0,2,11,46,59,0,14,93,1,108,0,16,104,47,167,72,0,72,239
09/15/2015,MQY,TN,ASO,CE,Federal Contract Tower,2,12,24,0,38,0,14,65,1,80,2,26,89,1,118,46,0,46,164
09/16/2015,MQY,TN,ASO,CE,Federal Contract Tower,0,14,39,0,53,0,8,99,0,107,0,22,138,0,160,90,0,90,250
09/17/2015,MQY,TN,ASO,CE,Federal Contract Tower,2,11,47,16,76,0,4,76,2,82,2,15,123,18,158,58,0,58,216
09/18/2015,MQY,TN,ASO,CE,Federal Contract Tower,2,5,38,14,59,0,4,78,1,83,2,9,116,15,142,124,2,126,268
09/19/2015,MQY,TN,ASO,CE,Federal Contract Tower,0,6,32,0,38,0,2,63,2,67,0,8,95,2,105,114,0,114,219
09/20/2015,MQY,TN,ASO,CE,Federal Contract Tower,0,6,28,5,39,0,6,42,0,48,0,12,70,5,87,76,0,76,163
09/21/2015,MQY,TN,ASO,CE,Federal Contract Tower,2,14,30,3,49,0,8,72,7,87,2,22,102,10,136,78,4,82,218
09/22/2015,MQY,TN,ASO,CE,Federal Contract Tower,0,12,51,3,66,0,9,62,0,71,0,21,113,3,137,60,0,60,197
09/23/2015,MQY,TN,ASO,CE,Federal Contract Tower,0,15,43,0,58,0,12,79,4,95,0,27,122,4,153,120,0,120,273
09/24/2015,MQY,TN,ASO,CE,Federal Contract Tower,0,8,46,0,54,0,5,64,2,71,0,13,110,2,125,98,8,106,231
09/25/2015,MQY,TN,ASO,CE,Federal Contract Tower,2,14,40,24,80,0,1,25,0,26,2,15,65,24,106,62,0,62,168
09/26/2015,MQY,TN,ASO,CE,Federal Contract Tower,1,2,14,0,17,0,11,4,0,15,1,13,18,0,32,6,0,6,38
09/27/2015,MQY,TN,ASO,CE,Federal Contract Tower,0,7,21,2,30,0,5,31,0,36,0,12,52,2,66,130,0,130,196
09/28/2015,MQY,TN,ASO,CE,Federal Contract Tower,0,10,43,3,56,0,14,44,3,61,0,24,87,6,117,56,0,56,173
09/29/2015,MQY,TN,ASO,CE,Federal Contract Tower,0,15,37,0,52,0,0,0,0,0,0,15,37,0,52,0,0,0,52
09/30/2015,MQY,TN,ASO,CE,Federal Contract Tower,0,9,39,0,48,0,3,0,0,3,0,12,39,0,51,0,0,0,51
10/01/2015,MQY,TN,ASO,CE,Federal Contract Tower,0,15,49,2,66,0,0,1,0,1,0,15,50,2,67,0,0,0,67
10/02/2015,MQY,TN,ASO,CE,Federal Contract Tower,0,10,23,5,38,0,0,0,0,0,0,10,23,5,38,0,0,0,38
10/03/2015,MQY,TN,ASO,CE,Federal Contract Tower,0,5,26,0,31,0,0,6,0,6,0,5,32,0,37,8,0,8,45
10/04/2015,MQY,TN,ASO,CE,Federal Contract Tower,0,7,32,2,41,0,15,14,0,29,0,22,46,2,70,30,0,30,100
10/05/2015,MQY,TN,ASO,CE,Federal Contract Tower,0,6,38,6,50,0,6,73,0,79,0,12,111,6,129,114,0,114,243
10/06/2015,MQY,TN,ASO,CE,Federal Contract Tower,2,10,52,3,67,0,10,73,2,85,2,20,125,5,152,106,2,108,260
10/07/2015,MQY,TN,ASO,CE,Federal Contract Tower,0,15,59,7,81,0,8,102,4,114,0,23,161,11,195,114,0,114,309
10/08/2015,MQY,TN,ASO,CE,Federal Contract Tower,0,12,53,0,65,0,5,89,14,108,0,17,142,14,173,106,6,112,285
10/09/2015,MQY,TN,ASO,CE,Federal Contract Tower,0,6,32,6,44,0,1,52,5,58,0,7,84,11,102,50,14,64,166
10/10/2015,MQY,TN,ASO,CE,Federal Contract Tower,0,5,20,8,33,0,0,37,4,41,0,5,57,12,74,48,34,82,156
10/11/2015,MQY,TN,ASO,CE,Federal Contract Tower,0,3,51,1,55,0,0,58,0,58,0,3,109,1,113,104,0,104,217
10/12/2015,MQY,TN,ASO,CE,Federal Contract Tower,0,10,29,10,49,0,1,55,0,56,0,11,84,10,105,64,0,64,169
10/13/2015,MQY,TN,ASO,CE,Federal Contract Tower,2,8,48,6,64,0,8,47,15,70,2,16,95,21,134,32,58,90,224
10/14/2015,MQY,TN,ASO,CE,Federal Contract Tower,0,15,55,13,83,0,4,51,28,83,0,19,106,41,166,62,52,114,280
10/15/2015,MQY,TN,ASO,CE,Federal Contract Tower,0,13,64,7,84,0,4,94,22,120,0,17,158,29,204,102,22,124,328
10/16/2015,MQY,TN,ASO,CE,Federal Contract Tower,0,14,44,7,65,0,7,71,17,95,0,21,115,24,160,50,44,94,254
10/17/2015,MQY,TN,ASO,CE,Federal Contract Tower,0,2,26,0,28,0,1,52,6,59,0,3,78,6,87,62,2,64,151
10/18/2015,MQY,TN,ASO,CE,Federal Contract Tower,0,6,23,0,29,0,3,71,7,81,0,9,94,7,110,80,0,80,190
10/19/2015,MQY,TN,ASO,CE,Federal Contract Tower,0,9,36,0,45,0,5,62,11,78,0,14,98,11,123,106,0,106,229
10/20/2015,MQY,TN,ASO,CE,Federal Contract Tower,0,14,63,3,80,0,16,77,23,116,0,30,140,26,196,108,22,130,326
10/21/2015,MQY,TN,ASO,CE,Federal Contract Tower,0,14,80,21,115,4,2,103,18,127,4,16,183,39,242,194,70,264,506
10/22/2015,MQY,TN,ASO,CE,Federal Contract Tower,2,16,60,4,82,0,4,48,8,60,2,20,108,12,142,66,20,86,228
10/23/2015,MQY,TN,ASO,CE,Federal Contract Tower,3,11,53,3,70,0,8,86,1,95,3,19,139,4,165,118,2,120,285
10/24/2015,MQY,TN,ASO,CE,Federal Contract Tower,0,6,13,2,21,0,3,20,0,23,0,9,33,2,44,38,0,38,82
10/25/2015,MQY,TN,ASO,CE,Federal Contract Tower,1,6,27,9,43,0,0,2,0,2,1,6,29,9,45,0,0,0,45
10/26/2015,MQY,TN,ASO,CE,Federal Contract Tower,0,8,26,0,34,0,0,0,0,0,0,8,26,0,34,0,0,0,34
10/27/2015,MQY,TN,ASO,CE,Federal Contract Tower,0,11,19,0,30,0,0,0,0,0,0,11,19,0,30,0,0,0,30
10/28/2015,MQY,TN,ASO,CE,Federal Contract Tower,0,13,45,0,58,0,3,7,4,14,0,16,52,4,72,14,2,16,88
10/29/2015,MQY,TN,ASO,CE,Federal Contract Tower,0,12,75,0,87,0,15,66,27,108,0,27,141,27,195,88,30,118,313
10/30/2015,MQY,TN,ASO,CE,Federal Contract Tower,0,7,55,11,73,0,4,96,0,100,0,11,151,11,173,173,0,173,346
10/31/2015,MQY,TN,ASO,CE,Federal Contract Tower,0,4,20,0,24,0,1,80,0,81,0,5,100,0,105,72,0,72,177
11/01/2015,MQY,TN,ASO,CE,Federal Contract Tower,1,5,17,0,23,0,0,0,0,0,1,5,17,0,23,0,0,0,23
11/02/2015,MQY,TN,ASO,CE,Federal Contract Tower,1,8,25,0,34,0,0,9,2,11,1,8,34,2,45,4,6,10,55
11/03/2015,MQY,TN,ASO,CE,Federal Contract Tower,2,19,36,1,58,0,5,25,1,31,2,24,61,2,89,88,6,94,183
11/04/2015,MQY,TN,ASO,CE,Federal Contract Tower,3,19,60,2,84,0,12,63,8,83,3,31,123,10,167,142,0,142,309
11/05/2015,MQY,TN,ASO,CE,Federal Contract Tower,7,16,56,0,79,0,22,56,0,78,7,38,112,0,157,112,0,112,269
11/06/2015,MQY,TN,ASO,CE,Federal Contract Tower,5,18,34,0,57,0,12,25,0,37,5,30,59,0,94,38,0,38,132
11/07/2015,MQY,TN,ASO,CE,Federal Contract Tower,6,15,30,0,51,0,5,47,1,53,6,20,77,1,104,62,0,62,166
11/08/2015,MQY,TN,ASO,CE,Federal Contract Tower,1,12,41,0,54,0,2,75,0,77,1,14,116,0,131,174,0,174,305
11/09/2015,MQY,TN,ASO,CE,Federal Contract Tower,7,23,21,0,51,0,0,0,0,0,7,23,21,0,51,0,0,0,51
11/10/2015,MQY,TN,ASO,CE,Federal Contract Tower,7,15,23,2,47,0,1,73,3,77,7,16,96,5,124,98,2,100,224
11/11/2015,MQY,TN,ASO,CE,Federal Contract Tower,4,12,66,2,84,0,4,65,3,72,4,16,131,5,156,106,0,106,262
11/12/2015,MQY,TN,ASO,CE,Federal Contract Tower,2,11,49,4,66,0,18,54,14,86,2,29,103,18,152,38,12,50,202
11/13/2015,MQY,TN,ASO,CE,Federal Contract Tower,8,9,36,11,64,0,6,103,16,125,8,15,139,27,189,100,22,122,311
11/14/2015,MQY,TN,ASO,CE,Federal Contract Tower,7,10,25,3,45,0,4,103,57,164,7,14,128,60,209,60,34,94,303
11/15/2015,MQY,TN,ASO,CE,Federal Contract Tower,4,1,35,14,54,0,0,63,3,66,4,1,98,17,120,120,30,150,270
11/16/2015,MQY,TN,ASO,CE,Federal Contract Tower,2,8,45,0,55,0,8,46,0,54,2,16,91,0,109,86,0,86,195
11/17/2015,MQY,TN,ASO,CE,Federal Contract Tower,1,14,19,2,36,0,6,34,1,41,1,20,53,3,77,40,0,40,117
11/18/2015,MQY,TN,ASO,CE,Federal Contract Tower,1,14,16,0,31,0,0,3,0,3,1,14,19,0,34,0,0,0,34
11/19/2015,MQY,TN,ASO,CE,Federal Contract Tower,0,20,32,11,63,0,10,60,27,97,0,30,92,38,160,86,10,96,256
11/20/2015,MQY,TN,ASO,CE,Federal Contract Tower,1,12,23,3,39,0,4,73,6,83,1,16,96,9,122,72,0,72,194
11/21/2015,MQY,TN,ASO,CE,Federal Contract Tower,1,9,16,1,27,0,9,15,7,31,1,18,31,8,58,4,0,4,62
11/22/2015,MQY,TN,ASO,CE,Federal Contract Tower,1,12,29,6,48,0,9,35,9,53,1,21,64,15,101,44,0,44,145
11/23/2015,MQY,TN,ASO,CE,Federal Contract Tower,3,17,27,2,49,0,4,45,4,53,3,21,72,6,102,40,0,40,142
11/24/2015,MQY,TN,ASO,CE,Federal Contract Tower,2,12,55,2,71,0,5,71,7,83,2,17,126,9,154,80,8,88,242
11/25/2015,MQY,TN,ASO,CE,Federal Contract Tower,0,12,31,0,43,0,6,41,0,47,0,18,72,0,90,72,0,72,162
11/26/2015,MQY,TN,ASO,CE,Federal Contract Tower,0,0,6,0,6,0,1,3,0,4,0,1,9,0,10,0,0,0,10
11/27/2015,MQY,TN,ASO,CE,Federal Contract Tower,3,4,13,0,20,0,2,27,0,29,3,6,40,0,49,32,0,32,81
11/28/2015,MQY,TN,ASO,CE,Federal Contract Tower,0,7,12,0,19,0,0,11,0,11,0,7,23,0,30,2,0,2,32
11/29/2015,MQY,TN,ASO,CE,Federal Contract Tower,0,2,23,0,25,0,0,0,0,0,0,2,23,0,25,0,0,0,25
11/30/2015,MQY,TN,ASO,CE,Federal Contract Tower,0,13,34,0,47,0,0,0,0,0,0,13,34,0,47,0,0,0,47
12/01/2015,MQY,TN,ASO,CE,Federal Contract Tower,0,11,31,1,43,0,0,0,0,0,0,11,31,1,43,0,0,0,43
12/02/2015,MQY,TN,ASO,CE,Federal Contract Tower,0,10,36,3,49,0,7,47,7,61,0,17,83,10,110,43,17,60,170
12/03/2015,MQY,TN,ASO,CE,Federal Contract Tower,0,8,57,1,66,0,10,55,14,79,0,18,112,15,145,0,40,40,185
12/04/2015,MQY,TN,ASO,CE,Federal Contract Tower,2,8,37,10,57,0,3,58,0,61,2,11,95,10,118,40,8,48,166
12/05/2015,MQY,TN,ASO,CE,Federal Contract Tower,0,8,19,2,29,0,8,72,3,83,0,16,91,5,112,76,0,76,188
12/06/2015,MQY,TN,ASO,CE,Federal Contract Tower,0,1,21,4,26,0,3,34,1,38,0,4,55,5,64,96,0,96,160
12/07/2015,MQY,TN,ASO,CE,Federal Contract Tower,0,8,26,5,39,0,8,61,2,71,0,16,87,7,110,38,0,38,148
12/08/2015,MQY,TN,ASO,CE,Federal Contract Tower,0,6,27,4,37,0,0,77,10,87,0,6,104,14,124,74,20,94,218
12/09/2015,MQY,TN,ASO,CE,Federal Contract Tower,0,7,49,6,62,0,5,16,9,30,0,12,65,15,92,48,24,72,164
12/10/2015,MQY,TN,ASO,CE,Federal Contract Tower,0,12,30,5,47,0,0,4,12,16,0,12,34,17,63,18,44,62,125
12/11/2015,MQY,TN,ASO,CE,Federal Contract Tower,0,12,54,1,67,0,1,15,16,32,0,13,69,17,99,10,49,59,158
12/12/2015,MQY,TN,ASO,CE,Federal Contract Tower,0,3,23,1,27,0,2,42,10,54,0,5,65,11,81,80,8,88,169
12/13/2015,MQY,TN,ASO,CE,Federal Contract Tower,0,5,22,2,29,0,7,12,12,31,0,12,34,14,60,12,0,12,72
12/14/2015,MQY,TN,ASO,CE,Federal Contract Tower,0,11,11,2,24,0,0,10,2,12,0,11,21,4,36,4,0,4,40
12/15/2015,MQY,TN,ASO,CE,Federal Contract Tower,1,9,31,3,44,0,6,82,22,110,1,15,113,25,154,96,78,174,328
12/16/2015,MQY,TN,ASO,CE,Federal Contract Tower,0,6,55,0,61,0,1,50,6,57,0,7,105,6,118,78,14,92,210
12/17/2015,MQY,TN,ASO,CE,Federal Contract Tower,0,7,35,0,42,0,10,54,6,70,0,17,89,6,112,84,4,88,200
12/18/2015,MQY,TN,ASO,CE,Federal Contract Tower,0,8,23,0,31,0,7,37,2,46,0,15,60,2,77,22,0,22,99
12/19/2015,MQY,TN,ASO,CE,Federal Contract Tower,0,5,18,0,23,0,2,77,1,80,0,7,95,1,103,74,0,74,177
12/20/2015,MQY,TN,ASO,CE,Federal Contract Tower,4,4,28,0,36,0,1,50,0,51,4,5,78,0,87,76,0,76,163
12/21/2015,MQY,TN,ASO,CE,Federal Contract Tower,0,12,24,0,36,0,3,12,0,15,0,15,36,0,51,22,0,22,73
12/22/2015,MQY,TN,ASO,CE,Federal Contract Tower,0,5,13,3,21,0,3,30,1,34,0,8,43,4,55,64,0,64,119
12/23/2015,MQY,TN,ASO,CE,Federal Contract Tower,0,9,9,0,18,0,2,0,0,2,0,11,9,0,20,0,0,0,20
12/24/2015,MQY,TN,ASO,CE,Federal Contract Tower,0,2,14,0,16,0,3,23,0,26,0,5,37,0,42,22,0,22,64
12/25/2015,MQY,TN,ASO,CE,Federal Contract Tower,0,0,4,0,4,0,0,0,0,0,0,0,4,0,4,0,0,0,4
12/26/2015,MQY,TN,ASO,CE,Federal Contract Tower,0,2,22,0,24,0,3,12,0,15,0,5,34,0,39,10,0,10,49
12/27/2015,MQY,TN,ASO,CE,Federal Contract Tower,0,2,20,0,22,0,0,4,0,4,0,2,24,0,26,12,0,12,38
12/28/2015,MQY,TN,ASO,CE,Federal Contract Tower,0,5,11,0,16,0,0,0,0,0,0,5,11,0,16,0,0,0,16
12/29/2015,MQY,TN,ASO,CE,Federal Contract Tower,0,5,40,0,45,0,5,44,0,49,0,10,84,0,94,118,0,118,212
12/30/2015,MQY,TN,ASO,CE,Federal Contract Tower,0,9,53,7,69,0,1,17,6,24,0,10,70,13,93,62,0,62,155
12/31/2015,MQY,TN,ASO,CE,Federal Contract Tower,0,6,24,0,30,0,4,26,0,30,0,10,50,0,60,46,0,46,106
01/01/2016,MQY,TN,ASO,CE,Federal Contract Tower,0,4,10,0,14,0,5,23,0,28,0,9,33,0,42,22,0,22,64
01/02/2016,MQY,TN,ASO,CE,Federal Contract Tower,0,3,48,0,51,0,8,71,0,79,0,11,119,0,130,68,0,68,198
01/03/2016,MQY,TN,ASO,CE,Federal Contract Tower,0,2,35,0,37,0,4,68,0,72,0,6,103,0,109,128,0,128,237
01/04/2016,MQY,TN,ASO,CE,Federal Contract Tower,0,8,25,0,33,0,5,24,0,29,0,13,49,0,62,22,0,22,84
01/05/2016,MQY,TN,ASO,CE,Federal Contract Tower,0,3,34,1,38,0,10,57,11,78,0,13,91,12,116,106,38,144,260
01/06/2016,MQY,TN,ASO,CE,Federal Contract Tower,0,11,49,2,62,0,7,52,23,82,0,18,101,25,144,74,26,100,244
01/07/2016,MQY,TN,ASO,CE,Federal Contract Tower,0,3,17,4,24,0,3,34,18,55,0,6,51,22,79,36,2,38,117
01/08/2016,MQY,TN,ASO,CE,Federal Contract Tower,0,4,44,0,48,0,1,12,13,26,0,5,56,13,74,40,4,44,118
01/09/2016,MQY,TN,ASO,CE,Federal Contract Tower,0,5,19,2,26,0,2,1,1,4,0,7,20,3,30,0,0,0,30
01/10/2016,MQY,TN,ASO,CE,Federal Contract Tower,0,0,26,0,26,0,3,19,2,24,0,3,45,2,50,32,0,32,82
01/11/2016,MQY,TN,ASO,CE,Federal Contract Tower,0,12,46,0,58,0,9,52,0,61,0,21,98,0,119,54,0,54,173
01/12/2016,MQY,TN,ASO,CE,Federal Contract Tower,0,19,42,2,63,0,4,46,10,60,0,23,88,12,123,52,26,78,201
01/13/2016,MQY,TN,ASO,CE,Federal Contract Tower,0,6,63,6,75,0,3,57,10,70,0,9,120,16,145,60,28,88,233
01/14/2016,MQY,TN,ASO,CE,Federal Contract Tower,0,9,56,4,69,0,7,71,19,97,0,16,127,23,166,30,30,60,226
01/15/2016,MQY,TN,ASO,CE,Federal Contract Tower,0,11,36,0,47,0,0,2,0,2,0,11,38,0,49,0,0,0,49
01/16/2016,MQY,TN,ASO,CE,Federal Contract Tower,0,3,4,1,8,0,0,6,0,6,0,3,10,1,14,8,0,8,22
01/17/2016,MQY,TN,ASO,CE,Federal Contract Tower,0,1,14,2,17,0,0,33,1,34,0,1,47,3,51,90,0,90,141
01/18/2016,MQY,TN,ASO,CE,Federal Contract Tower,0,9,29,0,38,0,6,50,0,56,0,15,79,0,94,38,0,38,132
01/19/2016,MQY,TN,ASO,CE,Federal Contract Tower,0,10,41,5,56,0,2,56,12,70,0,12,97,17,126,74,0,74,200
01/20/2016,MQY,TN,ASO,CE,Federal Contract Tower,0,7,9,0,16,0,0,0,0,0,0,7,9,0,16,0,0,0,16
01/21/2016,MQY,TN,ASO,CE,Federal Contract Tower,0,10,21,2,33,0,0,0,0,0,0,10,21,2,33,0,0,0,33
01/22/2016,MQY,TN,ASO,CE,Federal Contract Tower,0,3,2,0,5,0,0,0,0,0,0,3,2,0,5,0,0,0,5
01/23/2016,MQY,TN,ASO,CE,Federal Contract Tower,0,3,3,0,6,0,1,3,0,4,0,4,6,0,10,0,0,0,10
01/24/2016,MQY,TN,ASO,CE,Federal Contract Tower,0,7,15,0,22,0,4,38,0,42,0,11,53,0,64,44,0,44,108
01/25/2016,MQY,TN,ASO,CE,Federal Contract Tower,0,8,15,0,23,0,5,40,1,46,0,13,55,1,69,80,0,80,149
01/26/2016,MQY,TN,ASO,CE,Federal Contract Tower,0,7,27,4,38,0,1,8,14,23,0,8,35,18,61,46,26,72,133
01/27/2016,MQY,TN,ASO,CE,Federal Contract Tower,0,15,51,7,73,0,29,54,15,98,0,44,105,22,171,74,14,88,259
01/28/2016,MQY,TN,ASO,CE,Federal Contract Tower,0,22,50,8,80,0,20,61,35,116,0,42,111,43,196,76,66,142,338
01/29/2016,MQY,TN,ASO,CE,Federal Contract Tower,1,9,30,0,40,0,20,86,2,108,1,29,116,2,148,80,0,80,228
01/30/2016,MQY,TN,ASO,CE,Federal Contract Tower,0,5,18,0,23,0,3,72,1,76,0,8,90,1,99,60,0,60,159
01/31/2016,MQY,TN,ASO,CE,Federal Contract Tower,0,2,17,2,21,0,6,19,0,25,0,8,36,2,46,4,0,4,50
02/01/2016,MQY,TN,ASO,CE,Federal Contract Tower,0,7,25,0,32,0,0,3,0,3,0,7,28,0,35,10,0,10,45
02/02/2016,MQY,TN,ASO,CE,Federal Contract Tower,1,5,25,0,31,0,0,17,0,17,1,5,42,0,48,50,0,50,98
02/03/2016,MQY,TN,ASO,CE,Federal Contract Tower,2,7,25,1,35,0,3,44,1,48,2,10,69,2,83,34,0,34,117
02/04/2016,MQY,TN,ASO,CE,Federal Contract Tower,0,10,51,1,62,0,5,53,15,73,0,15,104,16,135,82,4,86,221
02/05/2016,MQY,TN,ASO,CE,Federal Contract Tower,0,5,37,5,47,0,13,89,11,113,0,18,126,16,160,148,12,160,320
02/06/2016,MQY,TN,ASO,CE,Federal Contract Tower,0,6,32,1,39,0,4,77,11,92,0,10,109,12,131,110,0,110,241
02/07/2016,MQY,TN,ASO,CE,Federal Contract Tower,0,0,21,2,23,0,3,51,6,60,0,3,72,8,83,138,0,138,221
02/08/2016,MQY,TN,ASO,CE,Federal Contract Tower,0,7,15,2,24,0,0,14,2,16,0,7,29,4,40,44,0,44,84
02/09/2016,MQY,TN,ASO,CE,Federal Contract Tower,0,7,18,0,25,0,0,0,0,0,0,7,18,0,25,0,0,0,25
02/10/2016,MQY,TN,ASO,CE,Federal Contract Tower,0,6,36,0,42,0,7,32,4,43,0,13,68,4,85,78,0,78,163
02/11/2016,MQY,TN,ASO,CE,Federal Contract Tower,0,14,52,4,70,0,3,30,8,41,0,17,82,12,111,118,2,120,231
02/12/2016,MQY,TN,ASO,CE,Federal Contract Tower,0,9,50,0,59,0,6,75,0,81,0,15,125,0,140,168,0,168,308
02/13/2016,MQY,TN,ASO,CE,Federal Contract Tower,0,1,19,5,25,0,0,61,1,62,0,1,80,6,87,146,0,146,233
02/14/2016,MQY,TN,ASO,CE,Federal Contract Tower,0,2,6,0,8,0,0,6,0,6,0,2,12,0,14,42,0,42,56
02/15/2016,MQY,TN,ASO,CE,Federal Contract Tower,0,8,12,0,20,0,0,0,0,0,0,8,12,0,20,0,0,0,20
02/17/2016,MQY,TN,ASO,CE,Federal Contract Tower,0,7,31,0,38,0,3,13,0,16,0,10,44,0,54,158,0,158,212
02/18/2016,MQY,TN,ASO,CE,Federal Contract Tower,0,16,57,9,82,0,12,76,17,105,0,28,133,26,187,166,10,176,363
02/19/2016,MQY,TN,ASO,CE,Federal Contract Tower,0,7,47,1,55,0,12,41,6,59,0,19,88,7,114,16,6,22,136
02/20/2016,MQY,TN,ASO,CE,Federal Contract Tower,0,6,37,7,50,0,4,29,13,46,0,10,66,20,96,36,8,44,140
02/21/2016,MQY,TN,ASO,CE,Federal Contract Tower,0,3,15,0,18,0,2,15,0,17,0,5,30,0,35,20,0,20,55
02/22/2016,MQY,TN,ASO,CE,Federal Contract Tower,0,11,56,4,71,0,4,41,0,45,0,15,97,4,116,132,0,132,248
02/23/2016,MQY,TN,ASO,CE,Federal Contract Tower,2,10,26,0,38,0,0,8,0,8,2,10,34,0,46,24,0,24,70
02/24/2016,MQY,TN,ASO,CE,Federal Contract Tower,0,5,25,0,30,0,0,0,0,0,0,5,25,0,30,0,0,0,30
02/25/2016,MQY,TN,ASO,CE,Federal Contract Tower,0,11,26,0,37,0,1,40,9,50,0,12,66,9,87,158,26,184,271
02/26/2016,MQY,TN,ASO,CE,Federal Contract Tower,0,21,48,0,69,0,9,94,6,109,0,30,142,6,178,210,0,210,388
02/27/2016,MQY,TN,ASO,CE,Federal Contract Tower,0,4,17,6,27,0,3,87,2,92,0,7,104,8,119,158,6,164,283
02/28/2016,MQY,TN,ASO,CE,Federal Contract Tower,0,6,44,0,50,0,2,44,0,46,0,8,88,0,96,64,0,64,160
02/29/2016,MQY,TN,ASO,CE,Federal Contract Tower,0,13,32,0,45,0,16,82,0,98,0,29,114,0,143,104,0,104,247
03/01/2016,MQY,TN,ASO,CE,Federal Contract Tower,0,7,17,0,24,0,4,10,0,14,0,11,27,0,38,0,0,0,38
03/02/2016,MQY,TN,ASO,CE,Federal Contract Tower,0,9,38,0,47,0,13,57,2,72,0,22,95,2,119,128,0,128,247
03/03/2016,MQY,TN,ASO,CE,Federal Contract Tower,0,4,41,0,45,0,0,0,0,0,0,4,41,0,45,0,0,0,45
03/04/2016,MQY,TN,ASO,CE,Federal Contract Tower,0,9,43,1,53,0,1,33,1,35,0,10,76,2,88,42,0,42,130
03/05/2016,MQY,TN,ASO,CE,Federal Contract Tower,0,5,28,3,36,0,2,66,1,69,0,7,94,4,105,92,0,92,197
03/06/2016,MQY,TN,ASO,CE,Federal Contract Tower,0,2,37,7,46,0,1,91,7,99,0,3,128,14,145,128,0,128,273
03/07/2016,MQY,TN,ASO,CE,Federal Contract Tower,0,11,31,3,45,0,5,72,1,78,0,16,103,4,123,114,0,114,237
03/08/2016,MQY,TN,ASO,CE,Federal Contract Tower,0,5,57,2,64,0,2,72,2,76,0,7,129,4,140,140,0,140,280
03/09/2016,MQY,TN,ASO,CE,Federal Contract Tower,0,5,54,0,59,0,2,45,0,47,0,7,99,0,106,76,0,76,182
03/10/2016,MQY,TN,ASO,CE,Federal Contract Tower,0,12,25,0,37,0,4,27,5,36,0,16,52,5,73,18,0,18,91
03/11/2016,MQY,TN,ASO,CE,Federal Contract Tower,0,8,25,0,33,0,0,0,0,0,0,8,25,0,33,0,0,0,33
03/12/2016,MQY,TN,ASO,CE,Federal Contract Tower,1,3,28,2,34,0,0,30,0,30,1,3,58,2,64,62,0,62,126
03/13/2016,MQY,TN,ASO,CE,Federal Contract Tower,1,1,23,0,25,0,0,9,0,9,1,1,32,0,34,10,0,10,44
03/14/2016,MQY,TN,ASO,CE,Federal Contract Tower,0,13,29,2,44,0,0,35,0,35,0,13,64,2,79,69,0,69,148
03/15/2016,MQY,TN,ASO,CE,Federal Contract Tower,2,6,48,4,60,0,5,59,12,76,2,11,107,16,136,178,16,194,330
03/16/2016,MQY,TN,ASO,CE,Federal Contract Tower,0,9,51,2,62,0,8,77,10,95,0,17,128,12,157,148,0,148,305
03/17/2016,MQY,TN,ASO,CE,Federal Contract Tower,0,11,69,4,84,0,8,72,6,86,0,19,141,10,170,112,6,118,288
03/18/2016,MQY,TN,ASO,CE,Federal Contract Tower,0,5,40,14,59,0,3,69,5,77,0,8,109,19,136,138,0,138,274
03/19/2016,MQY,TN,ASO,CE,Federal Contract Tower,1,5,19,4,29,0,2,39,5,46,1,7,58,9,75,22,0,22,97
03/20/2016,MQY,TN,ASO,CE,Federal Contract Tower,0,7,21,2,30,0,11,24,3,38,0,18,45,5,68,100,0,100,168
03/21/2016,MQY,TN,ASO,CE,Federal Contract Tower,0,5,52,2,59,0,5,80,3,88,0,10,132,5,147,126,0,126,273
03/22/2016,MQY,TN,ASO,CE,Federal Contract Tower,0,11,46,2,59,0,4,66,14,84,0,15,112,16,143,62,12,74,217
03/23/2016,MQY,TN,ASO,CE,Federal Contract Tower,0,8,61,2,71,0,2,34,11,47,0,10,95,13,118,78,0,78,196
03/24/2016,MQY,TN,ASO,CE,Federal Contract Tower,0,8,16,0,24,0,4,8,2,14,0,12,24,2,38,18,12,30,68
03/25/2016,MQY,TN,ASO,CE,Federal Contract Tower,0,4,79,12,95,0,3,53,0,56,0,7,132,12,151,138,6,144,295
03/26/2016,MQY,TN,ASO,CE,Federal Contract Tower,0,1,26,1,28,0,1,96,2,99,0,2,122,3,127,186,16,202,329
03/27/2016,MQY,TN,ASO,CE,Federal Contract Tower,0,2,27,0,29,0,1,4,0,5,0,3,31,0,34,14,0,14,48
03/28/2016,MQY,TN,ASO,CE,Federal Contract Tower,0,7,50,6,63,0,2,72,0,74,0,9,122,6,137,144,0,144,281
03/29/2016,MQY,TN,ASO,CE,Federal Contract Tower,0,14,57,2,73,0,3,91,6,100,0,17,148,8,173,197,0,197,370
03/30/2016,MQY,TN,ASO,CE,Federal Contract Tower,1,9,53,0,63,0,5,46,1,52,1,14,99,1,115,112,0,112,227
03/31/2016,MQY,TN,ASO,CE,Federal Contract Tower,0,11,16,2,29,0,0,9,0,9,0,11,25,2,38,2,0,2,40
04/01/2016,MQY,TN,ASO,CE,Federal Contract Tower,0,4,50,0,54,0,3,138,9,150,0,7,188,9,204,204,30,234,438
04/02/2016,MQY,TN,ASO,CE,Federal Contract Tower,0,1,28,12,41,0,0,73,2,75,0,1,101,14,116,82,0,82,198
04/03/2016,MQY,TN,ASO,CE,Federal Contract Tower,0,5,43,1,49,0,2,59,3,64,0,7,102,4,113,146,0,146,259
04/04/2016,MQY,TN,ASO,CE,Federal Contract Tower,0,4,55,0,59,0,2,80,0,82,0,6,135,0,141,110,0,110,251
04/05/2016,MQY,TN,ASO,CE,Federal Contract Tower,0,8,46,1,55,0,28,78,0,106,0,36,124,1,161,116,0,116,277
04/06/2016,MQY,TN,ASO,CE,Federal Contract Tower,0,7,24,0,31,0,3,16,0,19,0,10,40,0,50,26,0,26,76
04/07/2016,MQY,TN,ASO,CE,Federal Contract Tower,0,12,44,2,58,0,1,50,0,51,0,13,94,2,109,44,0,44,153
04/08/2016,MQY,TN,ASO,CE,Federal Contract Tower,0,4,50,4,58,0,0,33,0,33,0,4,83,4,91,52,0,52,143
04/09/2016,MQY,TN,ASO,CE,Federal Contract Tower,1,1,42,1,45,0,4,76,3,83,1,5,118,4,128,124,0,124,252
04/10/2016,MQY,TN,ASO,CE,Federal Contract Tower,0,2,26,1,29,0,5,25,0,30,0,7,51,1,59,44,0,44,103
04/11/2016,MQY,TN,ASO,CE,Federal Contract Tower,0,7,18,0,25,0,6,21,0,27,0,13,39,0,52,6,0,6,58
04/12/2016,MQY,TN,ASO,CE,Federal Contract Tower,0,10,31,10,51,0,2,60,13,75,0,12,91,23,126,92,10,102,228
04/13/2016,MQY,TN,ASO,CE,Federal Contract Tower,0,11,48,3,62,0,14,81,9,104,0,25,129,12,166,112,2,114,280
04/14/2016,MQY,TN,ASO,CE,Federal Contract Tower,0,16,42,3,61,0,8,34,5,47,0,24,76,8,108,76,0,76,184
04/15/2016,MQY,TN,ASO,CE,Federal Contract Tower,1,13,37,14,65,0,9,74,4,87,1,22,111,18,152,140,2,142,294
04/16/2016,MQY,TN,ASO,CE,Federal Contract Tower,1,4,20,0,25,0,11,56,0,67,1,15,76,0,92,138,0,138,230
04/17/2016,MQY,TN,ASO,CE,Federal Contract Tower,0,8,34,2,44,0,2,65,2,69,0,10,99,4,113,58,0,58,171
04/18/2016,MQY,TN,ASO,CE,Federal Contract Tower,0,15,23,3,41,0,1,63,1,65,0,16,86,4,106,84,0,84,190
04/19/2016,MQY,TN,ASO,CE,Federal Contract Tower,0,4,35,1,40,0,0,47,13,60,0,4,82,14,100,46,16,62,162
04/20/2016,MQY,TN,ASO,CE,Federal Contract Tower,0,11,44,2,57,0,3,87,5,95,0,14,131,7,152,154,0,154,306
04/21/2016,MQY,TN,ASO,CE,Federal Contract Tower,1,10,24,0,35,0,2,13,9,24,1,12,37,9,59,6,30,36,95
04/22/2016,MQY,TN,ASO,CE,Federal Contract Tower,1,10,42,4,57,0,2,78,5,85,1,12,120,9,142,136,10,146,288
04/23/2016,MQY,TN,ASO,CE,Federal Contract Tower,0,2,23,2,27,0,0,71,12,83,0,2,94,14,110,150,14,164,274
04/24/2016,MQY,TN,ASO,CE,Federal Contract Tower,0,2,28,9,39,0,1,60,4,65,0,3,88,13,104,64,0,64,168
04/25/2016,MQY,TN,ASO,CE,Federal Contract Tower,0,6,44,0,50,0,2,67,7,76,0,8,111,7,126,100,0,100,226
04/26/2016,MQY,TN,ASO,CE,Federal Contract Tower,0,9,33,0,42,0,11,73,15,99,0,20,106,15,141,144,20,164,305
04/27/2016,MQY,TN,ASO,CE,Federal Contract Tower,0,16,29,0,45,0,20,50,11,81,0,36,79,11,126,50,18,68,194
04/28/2016,MQY,TN,ASO,CE,Federal Contract Tower,0,8,38,3,49,0,6,67,4,77,0,14,105,7,126,134,6,140,266
04/29/2016,MQY,TN,ASO,CE,Federal Contract Tower,0,9,33,19,61,0,1,55,3,59,0,10,88,22,120,72,14,86,206
04/30/2016,MQY,TN,ASO,CE,Federal Contract Tower,0,2,20,0,22,0,2,40,0,42,0,4,60,0,64,52,0,52,116
05/01/2016,MQY,TN,ASO,CE,Federal Contract Tower,0,3,37,0,40,0,7,28,2,37,0,10,65,2,77,96,0,96,173
05/02/2016,MQY,TN,ASO,CE,Federal Contract Tower,0,9,12,0,21,0,1,7,0,8,0,10,19,0,29,16,0,16,45
05/03/2016,MQY,TN,ASO,CE,Federal Contract Tower,0,11,35,1,47,0,7,57,17,81,0,18,92,18,128,126,22,148,276
05/04/2016,MQY,TN,ASO,CE,Federal Contract Tower,0,8,51,13,72,0,5,54,14,73,0,13,105,27,145,74,0,74,219
05/05/2016,MQY,TN,ASO,CE,Federal Contract Tower,2,9,42,11,64,0,5,64,14,83,2,14,106,25,147,88,24,112,259
05/06/2016,MQY,TN,ASO,CE,Federal Contract Tower,1,11,33,12,57,0,7,64,4,75,1,18,97,16,132,126,0,126,258
05/07/2016,MQY,TN,ASO,CE,Federal Contract Tower,1,7,22,1,31,0,5,66,3,74,1,12,88,4,105,86,0,86,191
05/08/2016,MQY,TN,ASO,CE,Federal Contract Tower,0,0,29,6,35,0,16,33,0,49,0,16,62,6,84,12,0,12,96
05/09/2016,MQY,TN,ASO,CE,Federal Contract Tower,0,7,40,5,52,0,4,66,19,89,0,11,106,24,141,120,4,124,265
05/10/2016,MQY,TN,ASO,CE,Federal Contract Tower,0,2,22,0,24,0,5,9,25,39,0,7,31,25,63,44,16,60,123
05/11/2016,MQY,TN,ASO,CE,Federal Contract Tower,0,7,32,5,44,0,5,64,32,101,0,12,96,37,145,130,118,248,393
05/12/2016,MQY,TN,ASO,CE,Federal Contract Tower,0,7,36,2,45,0,2,41,33,76,0,9,77,35,121,98,62,160,281
05/13/2016,MQY,TN,ASO,CE,Federal Contract Tower,4,30,42,22,98,0,14,109,52,175,4,44,151,74,273,176,154,330,603
05/14/2016,MQY,TN,ASO,CE,Federal Contract Tower,0,7,12,0,19,0,5,23,22,50,0,12,35,22,69,20,32,52,121
05/15/2016,MQY,TN,ASO,CE,Federal Contract Tower,0,0,20,5,25,0,2,61,16,79,0,2,81,21,104,66,12,78,182
05/16/2016,MQY,TN,ASO,CE,Federal Contract Tower,0,14,38,11,63,0,1,70,7,78,0,15,108,18,141,110,26,136,277
05/17/2016,MQY,TN,ASO,CE,Federal Contract Tower,0,12,34,9,55,0,6,33,8,47,0,18,67,17,102,72,4,76,178
05/18/2016,MQY,TN,ASO,CE,Federal Contract Tower,1,8,47,7,63,0,2,13,5,20,1,10,60,12,83,66,10,76,159
05/19/2016,MQY,TN,ASO,CE,Federal Contract Tower,0,10,42,19,71,0,7,82,25,114,0,17,124,44,185,114,10,124,309
05/20/2016,MQY,TN,ASO,CE,Federal Contract Tower,0,12,25,2,39,0,0,3,4,7,0,12,28,6,46,0,0,0,46
05/21/2016,MQY,TN,ASO,CE,Federal Contract Tower,0,2,27,2,31,0,0,27,4,31,0,2,54,6,62,62,0,62,124
05/22/2016,MQY,TN,ASO,CE,Federal Contract Tower,0,4,38,6,48,0,4,57,11,72,0,8,95,17,120,126,12,138,258
05/23/2016,MQY,TN,ASO,CE,Federal Contract Tower,1,10,38,3,52,0,1,77,4,82,1,11,115,7,134,146,4,150,284
05/24/2016,MQY,TN,ASO,CE,Federal Contract Tower,0,9,46,7,62,0,0,81,11,92,0,9,127,18,154,114,8,122,276
05/25/2016,MQY,TN,ASO,CE,Federal Contract Tower,0,11,36,4,51,0,9,65,5,79,0,20,101,9,130,62,6,68,198
05/26/2016,MQY,TN,ASO,CE,Federal Contract Tower,2,11,34,3,50,0,1,54,3,58,2,12,88,6,108,58,0,58,166
05/27/2016,MQY,TN,ASO,CE,Federal Contract Tower,0,14,43,6,63,0,4,75,4,83,0,18,118,10,146,130,0,130,276
05/28/2016,MQY,TN,ASO,CE,Federal Contract Tower,0,1,7,0,8,0,2,47,0,49,0,3,54,0,57,80,0,80,137
05/29/2016,MQY,TN,ASO,CE,Federal Contract Tower,0,9,18,0,27,0,1,46,0,47,0,10,64,0,74,30,0,30,104
05/30/2016,MQY,TN,ASO,CE,Federal Contract Tower,0,2,19,6,27,0,2,56,0,58,0,4,75,6,85,52,0,52,137
06/01/2016,MQY,TN,ASO,CE,Federal Contract Tower,1,13,35,8,57,0,6,45,4,55,1,19,80,12,112,6,0,6,118
06/02/2016,MQY,TN,ASO,CE,Federal Contract Tower,0,16,29,11,56,0,10,31,8,49,0,26,60,19,105,0,17,17,122
06/03/2016,MQY,TN,ASO,CE,Federal Contract Tower,0,7,15,12,34,0,3,22,6,31,0,10,37,18,65,4,8,12,77
06/04/2016,MQY,TN,ASO,CE,Federal Contract Tower,0,2,9,2,13,0,2,2,0,4,0,4,11,2,17,0,0,0,17
06/05/2016,MQY,TN,ASO,CE,Federal Contract Tower,0,2,12,4,18,0,0,21,0,21,0,2,33,4,39,0,0,0,39
06/06/2016,MQY,TN,ASO,CE,Federal Contract Tower,0,15,39,4,58,0,7,80,2,89,0,22,119,6,147,80,2,82,229
06/07/2016,MQY,TN,ASO,CE,Federal Contract Tower,0,12,62,3,77,0,0,91,2,93,0,12,153,5,170,70,0,70,240
06/08/2016,MQY,TN,ASO,CE,Federal Contract Tower,1,9,51,4,65,0,0,102,17,119,1,9,153,21,184,110,0,110,294
06/09/2016,MQY,TN,ASO,CE,Federal Contract Tower,0,17,58,3,78,0,6,118,6,130,0,23,176,9,208,227,14,241,449
06/10/2016,MQY,TN,ASO,CE,Federal Contract Tower,1,5,38,6,50,0,7,84,6,97,1,12,122,12,147,82,4,86,233
06/11/2016,MQY,TN,ASO,CE,Federal Contract Tower,0,5,18,4,27,0,2,81,7,90,0,7,99,11,117,52,8,60,177
06/12/2016,MQY,TN,ASO,CE,Federal Contract Tower,0,5,21,11,37,0,3,48,3,54,0,8,69,14,91,114,4,118,209
06/13/2016,MQY,TN,ASO,CE,Federal Contract Tower,0,8,47,2,57,0,4,72,15,91,0,12,119,17,148,170,2,172,320
06/14/2016,MQY,TN,ASO,CE,Federal Contract Tower,0,7,33,1,41,0,2,35,5,42,0,9,68,6,83,58,6,64,147
06/15/2016,MQY,TN,ASO,CE,Federal Contract Tower,1,9,41,3,54,0,2,14,5,21,1,11,55,8,75,12,6,18,93
06/16/2016,MQY,TN,ASO,CE,Federal Contract Tower,3,11,49,2,65,0,11,64,10,85,3,22,113,12,150,84,6,90,240
06/17/2016,MQY,TN,ASO,CE,Federal Contract Tower,0,8,38,3,49,0,6,86,3,95,0,14,124,6,144,110,0,110,254
06/18/2016,MQY,TN,ASO,CE,Federal Contract Tower,0,2,17,3,22,0,5,51,0,56,0,7,68,3,78,116,0,116,194
06/19/2016,MQY,TN,ASO,CE,Federal Contract Tower,1,0,15,1,17,0,3,46,4,53,1,3,61,5,70,96,0,96,166
06/20/2016,MQY,TN,ASO,CE,Federal Contract Tower,0,17,29,0,46,0,0,65,6,71,0,17,94,6,117,134,10,144,261
06/21/2016,MQY,TN,ASO,CE,Federal Contract Tower,0,12,18,0,30,0,2,41,10,53,0,14,59,10,83,80,22,102,185
06/22/2016,MQY,TN,ASO,CE,Federal Contract Tower,2,11,37,0,50,0,4,74,2,80,2,15,111,2,130,94,0,94,224
06/23/2016,MQY,TN,ASO,CE,Federal Contract Tower,0,13,48,4,65,0,3,49,20,72,0,16,97,24,137,84,12,96,233
06/24/2016,MQY,TN,ASO,CE,Federal Contract Tower,0,8,28,2,38,0,5,76,12,93,0,13,104,14,131,126,0,126,257
06/25/2016,MQY,TN,ASO,CE,Federal Contract Tower,0,6,11,0,17,0,1,64,3,68,0,7,75,3,85,142,0,142,227
06/26/2016,MQY,TN,ASO,CE,Federal Contract Tower,0,5,24,1,30,0,4,27,3,34,0,9,51,4,64,62,0,62,126
06/27/2016,MQY,TN,ASO,CE,Federal Contract Tower,0,5,37,0,42,0,4,20,0,24,0,9,57,0,66,38,0,38,104
06/28/2016,MQY,TN,ASO,CE,Federal Contract Tower,0,16,42,2,60,0,15,82,7,104,0,31,124,9,164,142,8,150,314
06/29/2016,MQY,TN,ASO,CE,Federal Contract Tower,2,10,42,2,56,0,14,84,1,99,2,24,126,3,155,178,0,178,333
06/30/2016,MQY,TN,ASO,CE,Federal Contract Tower,0,12,33,2,47,0,30,93,13,136,0,42,126,15,183,214,20,234,417
07/01/2016,MQY,TN,ASO,CE,Federal Contract Tower,0,6,38,1,45,0,5,52,0,57,0,11,90,1,102,94,0,94,196
07/02/2016,MQY,TN,ASO,CE,Federal Contract Tower,0,5,20,0,25,0,1,60,0,61,0,6,80,0,86,70,0,70,156
07/03/2016,MQY,TN,ASO,CE,Federal Contract Tower,0,0,27,0,27,0,0,29,0,29,0,0,56,0,56,16,0,16,72
07/04/2016,MQY,TN,ASO,CE,Federal Contract Tower,0,1,15,0,16,0,3,16,4,23,0,4,31,4,39,8,6,14,53
07/05/2016,MQY,TN,ASO,CE,Federal Contract Tower,0,7,18,0,25,0,1,14,2,17,0,8,32,2,42,48,4,52,94
07/06/2016,MQY,TN,ASO,CE,Federal Contract Tower,1,13,19,2,35,0,9,38,1,48,1,22,57,3,83,44,0,44,127
07/07/2016,MQY,TN,ASO,CE,Federal Contract Tower,0,8,34,0,42,0,5,19,9,33,0,13,53,9,75,28,52,80,155
07/08/2016,MQY,TN,ASO,CE,Federal Contract Tower,0,5,44,19,68,0,2,77,15,94,0,7,121,34,162,98,0,98,260
07/09/2016,MQY,TN,ASO,CE,Federal Contract Tower,0,3,20,1,24,0,3,72,15,90,0,6,92,16,114,94,24,118,232
07/10/2016,MQY,TN,ASO,CE,Federal Contract Tower,0,2,22,7,31,0,0,55,5,60,0,2,77,12,91,66,2,68,159
07/11/2016,MQY,TN,ASO,CE,Federal Contract Tower,0,9,21,0,30,0,2,39,0,41,0,11,60,0,71,72,0,72,143
07/12/2016,MQY,TN,ASO,CE,Federal Contract Tower,0,8,43,0,51,0,1,65,6,72,0,9,108,6,123,56,4,60,183
07/13/2016,MQY,TN,ASO,CE,Federal Contract Tower,0,9,43,2,54,0,5,66,4,75,0,14,109,6,129,102,0,102,231
07/14/2016,MQY,TN,ASO,CE,Federal Contract Tower,0,10,30,3,43,0,40,9,0,49,0,50,39,3,92,90,18,108,200
07/15/2016,MQY,TN,ASO,CE,Federal Contract Tower,0,9,28,29,66,0,2,55,2,59,0,11,83,31,125,124,0,124,249
07/16/2016,MQY,TN,ASO,CE,Federal Contract Tower,0,2,14,0,16,0,4,42,0,46,0,6,56,0,62,46,0,46,108
07/17/2016,MQY,TN,ASO,CE,Federal Contract Tower,0,3,24,9,36,0,2,63,2,67,0,5,87,11,103,70,0,70,173
07/18/2016,MQY,TN,ASO,CE,Federal Contract Tower,0,10,19,0,29,0,3,70,3,76,0,13,89,3,105,126,7,133,238
07/19/2016,MQY,TN,ASO,CE,Federal Contract Tower,0,14,20,1,35,0,1,46,8,55,0,15,66,9,90,98,18,116,206
07/20/2016,MQY,TN,ASO,CE,Federal Contract Tower,0,1,10,28,39,0,1,75,1,77,0,2,85,29,116,140,2,142,258
07/21/2016,MQY,TN,ASO,CE,Federal Contract Tower,0,9,52,8,69,0,7,79,10,96,0,16,131,18,165,62,24,86,251
07/22/2016,MQY,TN,ASO,CE,Federal Contract Tower,0,5,19,2,26,0,3,47,0,50,0,8,66,2,76,80,0,80,156
07/23/2016,MQY,TN,ASO,CE,Federal Contract Tower,0,5,20,2,27,0,46,0,0,46,0,51,20,2,73,26,0,26,99
07/24/2016,MQY,TN,ASO,CE,Federal Contract Tower,0,5,13,8,26,0,0,42,2,44,0,5,55,10,70,58,0,58,128
07/25/2016,MQY,TN,ASO,CE,Federal Contract Tower,0,15,39,12,66,0,5,62,0,67,0,20,101,12,133,86,0,86,219
07/26/2016,MQY,TN,ASO,CE,Federal Contract Tower,2,10,41,2,55,0,10,84,11,105,2,20,125,13,160,148,6,154,314
07/27/2016,MQY,TN,ASO,CE,Federal Contract Tower,1,13,37,0,51,0,1,50,2,53,1,14,87,2,104,70,8,78,182
07/28/2016,MQY,TN,ASO,CE,Federal Contract Tower,1,11,26,0,38,0,0,1,9,10,1,11,27,9,48,0,16,16,64
07/29/2016,MQY,TN,ASO,CE,Federal Contract Tower,0,7,35,21,63,0,2,52,12,66,0,9,87,33,129,58,0,58,187
07/30/2016,MQY,TN,ASO,CE,Federal Contract Tower,0,3,27,0,30,0,0,23,8,31,0,3,50,8,61,20,2,22,83
07/31/2016,MQY,TN,ASO,CE,Federal Contract Tower,0,5,19,12,36,0,35,2,0,37,0,40,21,12,73,96,4,100,173
08/01/2016,MQY,TN,ASO,CE,Federal Contract Tower,0,7,28,0,35,0,0,66,0,66,0,7,94,0,101,112,0,112,213
08/02/2016,MQY,TN,ASO,CE,Federal Contract Tower,1,6,33,4,44,0,5,39,15,59,1,11,72,19,103,94,18,112,215
08/03/2016,MQY,TN,ASO,CE,Federal Contract Tower,0,12,34,2,48,0,1,66,1,68,0,13,100,3,116,106,4,110,226
08/04/2016,MQY,TN,ASO,CE,Federal Contract Tower,0,14,28,2,44,0,5,53,8,66,0,19,81,10,110,146,6,152,262
08/05/2016,MQY,TN,ASO,CE,Federal Contract Tower,0,7,33,4,44,0,1,34,5,40,0,8,67,9,84,34,16,50,134
08/06/2016,MQY,TN,ASO,CE,Federal Contract Tower,0,5,16,1,22,0,2,41,2,45,0,7,57,3,67,66,0,66,133
08/07/2016,MQY,TN,ASO,CE,Federal Contract Tower,0,2,18,7,27,0,1,35,0,36,0,3,53,7,63,64,0,64,127
08/08/2016,MQY,TN,ASO,CE,Federal Contract Tower,0,10,20,3,33,0,0,64,1,65,0,10,84,4,98,132,0,132,230
08/09/2016,MQY,TN,ASO,CE,Federal Contract Tower,0,15,34,3,52,0,2,53,3,58,0,17,87,6,110,142,4,146,256
08/10/2016,MQY,TN,ASO,CE,Federal Contract Tower,1,11,30,0,42,0,2,45,7,54,1,13,75,7,96,48,16,64,160
08/11/2016,MQY,TN,ASO,CE,Federal Contract Tower,1,8,28,3,40,0,13,76,19,108,1,21,104,22,148,112,40,152,300
08/12/2016,MQY,TN,ASO,CE,Federal Contract Tower,0,8,26,9,43,0,45,55,9,109,0,53,81,18,152,70,26,96,248
08/13/2016,MQY,TN,ASO,CE,Federal Contract Tower,0,2,18,5,25,0,4,39,13,56,0,6,57,18,81,56,24,80,161
08/14/2016,MQY,TN,ASO,CE,Federal Contract Tower,0,4,27,17,48,0,11,54,10,75,0,15,81,27,123,62,30,92,215
08/15/2016,MQY,TN,ASO,CE,Federal Contract Tower,0,11,26,0,37,0,4,51,2,57,0,15,77,2,94,87,0,87,181
08/16/2016,MQY,TN,ASO,CE,Federal Contract Tower,1,9,24,4,38,0,2,53,7,62,1,11,77,11,100,104,6,110,210
08/17/2016,MQY,TN,ASO,CE,Federal Contract Tower,1,11,30,2,44,0,9,77,0,86,1,20,107,2,130,168,0,168,298
08/18/2016,MQY,TN,ASO,CE,Federal Contract Tower,0,12,30,2,44,0,9,40,13,62,0,21,70,15,106,66,20,86,192
08/19/2016,MQY,TN,ASO,CE,Federal Contract Tower,0,10,42,5,57,0,3,24,8,35,0,13,66,13,92,92,4,96,188
08/20/2016,MQY,TN,ASO,CE,Federal Contract Tower,0,5,19,0,24,0,0,11,0,11,0,5,30,0,35,32,0,32,67
08/21/2016,MQY,TN,ASO,CE,Federal Contract Tower,1,1,23,8,33,0,0,23,0,23,1,1,46,8,56,44,0,44,100
08/22/2016,MQY,TN,ASO,CE,Federal Contract Tower,0,14,31,4,49,0,2,106,0,108,0,16,137,4,157,138,0,138,295
08/23/2016,MQY,TN,ASO,CE,Federal Contract Tower,0,5,43,0,48,0,0,71,11,82,0,5,114,11,130,92,10,102,232
08/24/2016,MQY,TN,ASO,CE,Federal Contract Tower,0,12,36,6,54,0,2,73,8,83,0,14,109,14,137,134,8,142,279
08/25/2016,MQY,TN,ASO,CE,Federal Contract Tower,0,5,32,3,40,0,11,49,17,77,0,16,81,20,117,48,18,66,183
08/26/2016,MQY,TN,ASO,CE,Federal Contract Tower,0,10,35,18,63,0,4,68,9,81,0,14,103,27,144,72,22,94,238
08/27/2016,MQY,TN,ASO,CE,Federal Contract Tower,0,2,11,0,13,0,2,44,1,47,0,4,55,1,60,84,0,84,144
08/28/2016,MQY,TN,ASO,CE,Federal Contract Tower,2,5,20,2,29,0,2,36,2,40,2,7,56,4,69,70,0,70,139
08/29/2016,MQY,TN,ASO,CE,Federal Contract Tower,3,18,44,0,65,0,1,71,4,76,3,19,115,4,141,86,0,86,227
08/30/2016,MQY,TN,ASO,CE,Federal Contract Tower,0,10,47,2,59,0,3,61,15,79,0,13,108,17,138,72,10,82,220
08/31/2016,MQY,TN,ASO,CE,Federal Contract Tower,3,15,45,4,67,0,3,55,2,60,3,18,100,6,127,100,0,100,227
09/01/2016,MQY,TN,ASO,CE,Federal Contract Tower,0,11,46,4,61,0,1,54,27,82,0,12,100,31,143,58,38,96,239
09/02/2016,MQY,TN,ASO,CE,Federal Contract Tower,0,13,38,0,51,0,11,69,0,80,0,24,107,0,131,92,0,92,223
09/03/2016,MQY,TN,ASO,CE,Federal Contract Tower,0,4,22,0,26,0,2,78,2,82,0,6,100,2,108,146,0,146,254
09/04/2016,MQY,TN,ASO,CE,Federal Contract Tower,0,3,18,0,21,0,0,42,0,42,0,3,60,0,63,106,0,106,169
09/05/2016,MQY,TN,ASO,CE,Federal Contract Tower,0,7,31,0,38,0,0,62,0,62,0,7,93,0,100,58,0,58,158
09/06/2016,MQY,TN,ASO,CE,Federal Contract Tower,0,13,44,0,57,0,7,53,3,63,0,20,97,3,120,76,8,84,204
09/07/2016,MQY,TN,ASO,CE,Federal Contract Tower,0,4,50,3,57,0,7,53,2,62,0,11,103,5,119,84,0,84,203
09/08/2016,MQY,TN,ASO,CE,Federal Contract Tower,0,16,30,1,47,0,4,82,11,97,0,20,112,12,144,96,0,96,240
09/09/2016,MQY,TN,ASO,CE,Federal Contract Tower,0,13,26,8,47,0,10,66,14,90,0,23,92,22,137,64,26,90,227
09/10/2016,MQY,TN,ASO,CE,Federal Contract Tower,0,9,21,3,33,0,0,44,12,56,0,9,65,15,89,34,0,34,123
09/11/2016,MQY,TN,ASO,CE,Federal Contract Tower,1,2,36,13,52,0,3,55,6,64,1,5,91,19,116,100,4,104,220
09/12/2016,MQY,TN,ASO,CE,Federal Contract Tower,0,12,43,0,55,0,1,65,0,66,0,13,108,0,121,79,0,79,200
09/13/2016,MQY,TN,ASO,CE,Federal Contract Tower,0,12,43,0,55,0,1,65,0,66,0,13,108,0,121,79,0,79,200
09/14/2016,MQY,TN,ASO,CE,Federal Contract Tower,0,13,32,2,47,0,2,53,1,56,0,15,85,3,103,60,0,60,163
09/15/2016,MQY,TN,ASO,CE,Federal Contract Tower,0,11,36,0,47,0,20,52,1,73,0,31,88,1,120,76,0,76,196
09/16/2016,MQY,TN,ASO,CE,Federal Contract Tower,2,14,20,0,36,0,1,66,2,69,2,15,86,2,105,74,0,74,179
09/17/2016,MQY,TN,ASO,CE,Federal Contract Tower,2,3,14,0,19,0,3,17,2,22,2,6,31,2,41,14,0,14,55
09/18/2016,MQY,TN,ASO,CE,Federal Contract Tower,0,3,38,0,41,0,2,34,0,36,0,5,72,0,77,76,0,76,153
09/19/2016,MQY,TN,ASO,CE,Federal Contract Tower,0,8,39,0,47,0,3,53,0,56,0,11,92,0,103,110,0,110,213
09/20/2016,MQY,TN,ASO,CE,Federal Contract Tower,0,10,36,2,48,0,2,67,2,71,0,12,103,4,119,56,0,56,175
09/21/2016,MQY,TN,ASO,CE,Federal Contract Tower,0,8,45,5,58,0,5,83,3,91,0,13,128,8,149,118,0,118,267
09/22/2016,MQY,TN,ASO,CE,Federal Contract Tower,0,12,64,1,77,0,6,99,13,118,0,18,163,14,195,120,0,120,315
09/23/2016,MQY,TN,ASO,CE,Federal Contract Tower,2,9,43,8,62,0,2,108,1,111,2,11,151,9,173,124,0,124,297
09/24/2016,MQY,TN,ASO,CE,Federal Contract Tower,0,12,24,0,36,0,3,61,0,64,0,15,85,0,100,42,0,42,142
09/25/2016,MQY,TN,ASO,CE,Federal Contract Tower,1,6,37,2,46,0,1,43,0,44,1,7,80,2,90,80,0,80,170
09/26/2016,MQY,TN,ASO,CE,Federal Contract Tower,1,12,33,2,48,0,5,15,0,20,1,17,48,2,68,30,0,30,98
09/27/2016,MQY,TN,ASO,CE,Federal Contract Tower,1,14,53,1,69,0,3,89,4,96,1,17,142,5,165,82,0,82,247
09/28/2016,MQY,TN,ASO,CE,Federal Contract Tower,0,13,39,0,52,0,4,70,8,82,0,17,109,8,134,74,6,80,214
09/29/2016,MQY,TN,ASO,CE,Federal Contract Tower,0,18,37,2,57,0,11,82,6,99,0,29,119,8,156,176,8,184,340
09/30/2016,MQY,TN,ASO,CE,Federal Contract Tower,6,9,42,0,57,0,2,30,1,33,6,11,72,1,90,60,0,60,150
10/01/2016,MQY,TN,ASO,CE,Federal Contract Tower,0,7,16,0,23,0,6,58,4,68,0,13,74,4,91,86,8,94,185
10/02/2016,MQY,TN,ASO,CE,Federal Contract Tower,0,6,34,0,40,0,4,57,0,61,0,10,91,0,101,140,0,140,241
10/03/2016,MQY,TN,ASO,CE,Federal Contract Tower,0,5,37,0,42,0,4,92,0,96,0,9,129,0,138,100,0,100,238
10/04/2016,MQY,TN,ASO,CE,Federal Contract Tower,2,9,43,2,56,0,2,78,0,80,2,11,121,2,136,101,0,101,237
10/05/2016,MQY,TN,ASO,CE,Federal Contract Tower,1,7,46,0,54,0,13,84,2,99,1,20,130,2,153,150,0,150,303
10/06/2016,MQY,TN,ASO,CE,Federal Contract Tower,0,12,56,2,70,0,11,82,8,101,0,23,138,10,171,68,0,68,239
10/07/2016,MQY,TN,ASO,CE,Federal Contract Tower,0,7,38,8,53,0,1,88,8,97,0,8,126,16,150,166,0,166,316
10/08/2016,MQY,TN,ASO,CE,Federal Contract Tower,0,4,15,7,26,0,1,55,2,58,0,5,70,9,84,56,0,56,140
10/09/2016,MQY,TN,ASO,CE,Federal Contract Tower,0,5,31,0,36,0,1,48,0,49,0,6,79,0,85,58,0,58,143
10/10/2016,MQY,TN,ASO,CE,Federal Contract Tower,0,9,37,2,48,0,6,93,0,99,0,15,130,2,147,124,0,124,271
10/11/2016,MQY,TN,ASO,CE,Federal Contract Tower,0,9,34,4,47,0,4,81,0,85,0,13,115,4,132,78,0,78,210
10/12/2016,MQY,TN,ASO,CE,Federal Contract Tower,0,17,42,2,61,0,3,63,0,66,0,20,105,2,127,134,0,134,261
10/13/2016,MQY,TN,ASO,CE,Federal Contract Tower,0,9,55,3,67,0,0,39,4,43,0,9,94,7,110,94,12,106,216
10/14/2016,MQY,TN,ASO,CE,Federal Contract Tower,1,18,39,7,65,0,3,59,10,72,1,21,98,17,137,154,2,156,293
10/15/2016,MQY,TN,ASO,CE,Federal Contract Tower,0,1,21,0,22,0,1,46,0,47,0,2,67,0,69,60,0,60,129
10/16/2016,MQY,TN,ASO,CE,Federal Contract Tower,0,4,37,6,47,0,1,66,6,73,0,5,103,12,120,62,0,62,182
10/17/2016,MQY,TN,ASO,CE,Federal Contract Tower,0,14,37,1,52,0,7,67,1,75,0,21,104,2,127,58,0,58,185
10/18/2016,MQY,TN,ASO,CE,Federal Contract Tower,0,15,43,0,58,0,3,49,5,57,0,18,92,5,115,82,0,82,197
10/19/2016,MQY,TN,ASO,CE,Federal Contract Tower,0,15,58,4,77,0,2,77,2,81,0,17,135,6,158,144,0,144,302
10/20/2016,MQY,TN,ASO,CE,Federal Contract Tower,0,21,29,1,51,0,1,44,3,48,0,22,73,4,99,46,6,52,151
10/21/2016,MQY,TN,ASO,CE,Federal Contract Tower,2,12,32,2,48,0,15,57,12,84,2,27,89,14,132,62,22,84,216
10/22/2016,MQY,TN,ASO,CE,Federal Contract Tower,0,1,18,6,25,0,4,90,4,98,0,5,108,10,123,100,0,100,223
10/23/2016,MQY,TN,ASO,CE,Federal Contract Tower,0,10,33,4,47,0,2,89,10,101,0,12,122,14,148,166,10,176,324
10/24/2016,MQY,TN,ASO,CE,Federal Contract Tower,0,13,20,0,33,0,7,82,0,89,0,20,102,0,122,152,0,152,274
10/25/2016,MQY,TN,ASO,CE,Federal Contract Tower,0,18,39,3,60,0,2,50,2,54,0,20,89,5,114,74,0,74,188
10/26/2016,MQY,TN,ASO,CE,Federal Contract Tower,4,15,52,2,73,0,14,75,0,89,4,29,127,2,162,80,0,80,242
10/27/2016,MQY,TN,ASO,CE,Federal Contract Tower,1,8,38,0,47,0,6,54,1,61,1,14,92,1,108,110,0,110,218
10/28/2016,MQY,TN,ASO,CE,Federal Contract Tower,2,8,41,23,74,0,1,79,0,80,2,9,120,23,154,100,0,100,254
10/29/2016,MQY,TN,ASO,CE,Federal Contract Tower,0,4,19,0,23,0,1,55,0,56,0,5,74,0,79,54,0,54,133
10/30/2016,MQY,TN,ASO,CE,Federal Contract Tower,0,4,16,17,37,0,2,54,1,57,0,6,70,18,94,60,0,60,154
10/31/2016,MQY,TN,ASO,CE,Federal Contract Tower,0,14,24,0,38,0,4,59,0,63,0,18,83,0,101,116,0,116,217
11/01/2016,MQY,TN,ASO,CE,Federal Contract Tower,0,12,39,0,51,0,2,69,3,74,0,14,108,3,125,20,4,24,149
11/02/2016,MQY,TN,ASO,CE,Federal Contract Tower,1,21,33,1,56,0,3,45,1,49,1,24,78,2,105,62,0,62,167
11/03/2016,MQY,TN,ASO,CE,Federal Contract Tower,0,9,24,9,42,0,4,56,9,69,0,13,80,18,111,88,32,120,231
11/04/2016,MQY,TN,ASO,CE,Federal Contract Tower,0,14,31,3,48,0,2,51,18,71,0,16,82,21,119,40,8,48,167
11/05/2016,MQY,TN,ASO,CE,Federal Contract Tower,0,6,20,0,26,0,0,89,7,96,0,6,109,7,122,48,8,56,178
11/06/2016,MQY,TN,ASO,CE,Federal Contract Tower,0,5,21,5,31,0,3,68,5,76,0,8,89,10,107,92,0,92,199
11/07/2016,MQY,TN,ASO,CE,Federal Contract Tower,0,11,37,8,56,0,8,47,6,61,0,19,84,14,117,94,8,102,219
11/08/2016,MQY,TN,ASO,CE,Federal Contract Tower,0,8,32,4,44,0,3,48,7,58,0,11,80,11,102,58,4,62,164
11/09/2016,MQY,TN,ASO,CE,Federal Contract Tower,0,11,26,2,39,0,1,48,5,54,0,12,74,7,93,58,0,58,151
11/10/2016,MQY,TN,ASO,CE,Federal Contract Tower,1,13,46,0,60,0,6,45,12,63,1,19,91,12,123,84,14,98,221
11/11/2016,MQY,TN,ASO,CE,Federal Contract Tower,3,9,43,0,55,0,4,70,3,77,3,13,113,3,132,64,0,64,196
11/12/2016,MQY,TN,ASO,CE,Federal Contract Tower,0,6,24,0,30,0,3,69,1,73,0,9,93,1,103,110,0,110,213
11/13/2016,MQY,TN,ASO,CE,Federal Contract Tower,1,5,32,0,38,0,10,57,0,67,1,15,89,0,105,114,0,114,219
11/14/2016,MQY,TN,ASO,CE,Federal Contract Tower,0,9,42,3,54,0,3,63,4,70,0,12,105,7,124,88,0,88,212
11/15/2016,MQY,TN,ASO,CE,Federal Contract Tower,0,12,28,0,40,0,2,37,0,39,0,14,65,0,79,0,0,0,79
11/16/2016,MQY,TN,ASO,CE,Federal Contract Tower,0,30,52,1,83,0,8,64,0,72,0,38,116,1,155,74,0,74,229
11/17/2016,MQY,TN,ASO,CE,Federal Contract Tower,1,11,42,2,56,0,2,60,8,70,1,13,102,10,126,134,0,134,260
11/18/2016,MQY,TN,ASO,CE,Federal Contract Tower,2,11,46,0,59,0,0,55,13,68,2,11,101,13,127,36,62,98,225
11/19/2016,MQY,TN,ASO,CE,Federal Contract Tower,0,3,13,0,16,0,2,50,10,62,0,5,63,10,78,30,20,50,128
11/20/2016,MQY,TN,ASO,CE,Federal Contract Tower,0,2,32,1,35,0,1,61,4,66,0,3,93,5,101,78,0,78,179
11/21/2016,MQY,TN,ASO,CE,Federal Contract Tower,0,6,35,4,45,0,4,59,4,67,0,10,94,8,112,66,0,66,178
11/22/2016,MQY,TN,ASO,CE,Federal Contract Tower,0,10,33,3,46,0,1,65,12,78,0,11,98,15,124,124,16,140,264
11/23/2016,MQY,TN,ASO,CE,Federal Contract Tower,0,16,25,3,44,0,0,34,2,36,0,16,59,5,80,0,0,0,80
11/24/2016,MQY,TN,ASO,CE,Federal Contract Tower,0,1,7,1,9,0,7,3,0,10,0,8,10,1,19,0,0,0,19
11/25/2016,MQY,TN,ASO,CE,Federal Contract Tower,0,5,8,0,13,0,0,11,2,13,0,5,19,2,26,6,0,6,32
11/26/2016,MQY,TN,ASO,CE,Federal Contract Tower,0,8,20,0,28,0,2,50,2,54,0,10,70,2,82,36,0,36,118
11/27/2016,MQY,TN,ASO,CE,Federal Contract Tower,0,7,36,0,43,0,1,50,3,54,0,8,86,3,97,98,4,102,199
11/28/2016,MQY,TN,ASO,CE,Federal Contract Tower,0,9,16,1,26,0,0,5,0,5,0,9,21,1,31,0,0,0,31
11/29/2016,MQY,TN,ASO,CE,Federal Contract Tower,0,10,27,0,37,0,1,42,10,53,0,11,69,10,90,62,18,80,170
11/30/2016,MQY,TN,ASO,CE,Federal Contract Tower,0,15,36,1,52,0,11,29,2,42,0,26,65,3,94,34,0,34,128
12/01/2016,MQY,TN,ASO,CE,Federal Contract Tower,0,14,48,4,66,0,6,75,7,88,0,20,123,11,154,48,0,48,202
12/02/2016,MQY,TN,ASO,CE,Federal Contract Tower,0,8,40,4,52,0,19,71,2,92,0,27,111,6,144,66,8,74,218
12/03/2016,MQY,TN,ASO,CE,Federal Contract Tower,0,2,16,2,20,0,2,50,8,60,0,4,66,10,80,50,14,64,144
12/04/2016,MQY,TN,ASO,CE,Federal Contract Tower,0,10,21,0,31,0,0,0,0,0,0,10,21,0,31,0,0,0,31
12/05/2016,MQY,TN,ASO,CE,Federal Contract Tower,0,13,28,0,41,0,0,0,0,0,0,13,28,0,41,0,0,0,41
12/06/2016,MQY,TN,ASO,CE,Federal Contract Tower,0,15,27,0,42,0,0,0,0,0,0,15,27,0,42,0,0,0,42
12/07/2016,MQY,TN,ASO,CE,Federal Contract Tower,1,20,35,2,58,0,20,34,12,66,1,40,69,14,124,54,20,74,198
12/08/2016,MQY,TN,ASO,CE,Federal Contract Tower,1,18,28,0,47,0,8,72,12,92,1,26,100,12,139,196,2,198,337
12/09/2016,MQY,TN,ASO,CE,Federal Contract Tower,1,6,34,1,42,0,6,75,9,90,1,12,109,10,132,146,14,160,292
12/10/2016,MQY,TN,ASO,CE,Federal Contract Tower,0,8,25,0,33,0,2,90,15,107,0,10,115,15,140,88,16,104,244
12/11/2016,MQY,TN,ASO,CE,Federal Contract Tower,2,1,9,0,12,0,4,32,3,39,2,5,41,3,51,0,0,0,51
12/12/2016,MQY,TN,ASO,CE,Federal Contract Tower,0,12,30,0,42,0,0,1,0,1,0,12,31,0,43,0,0,0,43
12/13/2016,MQY,TN,ASO,CE,Federal Contract Tower,3,11,19,1,34,0,0,0,0,0,3,11,19,1,34,0,0,0,34
12/14/2016,MQY,TN,ASO,CE,Federal Contract Tower,2,17,28,0,47,0,3,7,6,16,2,20,35,6,63,0,0,0,63
12/15/2016,MQY,TN,ASO,CE,Federal Contract Tower,3,12,47,3,65,0,5,82,4,91,3,17,129,7,156,148,0,148,304
12/16/2016,MQY,TN,ASO,CE,Federal Contract Tower,1,9,27,0,37,0,3,62,1,66,1,12,89,1,103,142,0,142,245
12/17/2016,MQY,TN,ASO,CE,Federal Contract Tower,0,2,6,0,8,0,1,2,0,3,0,3,8,0,11,6,0,6,17
12/18/2016,MQY,TN,ASO,CE,Federal Contract Tower,0,9,13,0,22,0,1,1,0,2,0,10,14,0,24,0,0,0,24
12/19/2016,MQY,TN,ASO,CE,Federal Contract Tower,2,5,22,0,29,0,0,15,0,15,2,5,37,0,44,40,0,40,84
12/20/2016,MQY,TN,ASO,CE,Federal Contract Tower,4,12,16,0,32,0,2,11,13,26,4,14,27,13,58,30,16,46,104
12/21/2016,MQY,TN,ASO,CE,Federal Contract Tower,1,8,43,0,52,0,9,58,0,67,1,17,101,0,119,52,0,52,171
12/22/2016,MQY,TN,ASO,CE,Federal Contract Tower,0,9,34,0,43,0,3,74,0,77,0,12,108,0,120,113,0,113,233
12/23/2016,MQY,TN,ASO,CE,Federal Contract Tower,0,8,24,3,35,0,4,46,0,50,0,12,70,3,85,28,0,28,113
12/24/2016,MQY,TN,ASO,CE,Federal Contract Tower,0,1,5,0,6,0,0,0,0,0,0,1,5,0,6,0,0,0,6
12/25/2016,MQY,TN,ASO,CE,Federal Contract Tower,1,2,9,0,12,0,2,7,0,9,1,4,16,0,21,0,0,0,21
12/26/2016,MQY,TN,ASO,CE,Federal Contract Tower,0,4,24,0,28,0,1,2,0,3,0,5,26,0,31,0,0,0,31
12/27/2016,MQY,TN,ASO,CE,Federal Contract Tower,1,7,22,0,30,0,1,28,0,29,1,8,50,0,59,26,0,26,85
12/28/2016,MQY,TN,ASO,CE,Federal Contract Tower,1,5,24,0,30,0,2,55,6,63,1,7,79,6,93,46,12,58,151
12/29/2016,MQY,TN,ASO,CE,Federal Contract Tower,0,7,19,0,26,0,4,35,2,41,0,11,54,2,67,22,6,28,95
12/30/2016,MQY,TN,ASO,CE,Federal Contract Tower,0,8,27,0,35,0,5,64,0,69,0,13,91,0,104,90,0,90,194
12/31/2016,MQY,TN,ASO,CE,Federal Contract Tower,0,2,12,0,14,0,0,0,0,0,0,2,12,0,14,0,0,0,14
01/01/2017,MQY,TN,ASO,CE,Federal Contract Tower,0,5,9,0,14,0,0,0,0,0,0,5,9,0,14,0,0,0,14
01/02/2017,MQY,TN,ASO,CE,Federal Contract Tower,0,5,16,0,21,0,0,3,0,3,0,5,19,0,24,6,0,6,30
01/03/2017,MQY,TN,ASO,CE,Federal Contract Tower,0,8,21,0,29,0,0,1,0,1,0,8,22,0,30,0,0,0,30
01/04/2017,MQY,TN,ASO,CE,Federal Contract Tower,0,6,20,1,27,0,3,46,6,55,0,9,66,7,82,58,0,58,140
01/05/2017,MQY,TN,ASO,CE,Federal Contract Tower,1,12,24,0,37,0,49,6,0,55,1,61,30,0,92,54,6,60,152
01/06/2017,MQY,TN,ASO,CE,Federal Contract Tower,0,7,15,1,23,1,4,0,0,5,1,11,15,1,28,0,0,0,28
01/07/2017,MQY,TN,ASO,CE,Federal Contract Tower,0,14,20,4,38,0,15,43,5,63,0,29,63,9,101,28,18,46,147
01/08/2017,MQY,TN,ASO,CE,Federal Contract Tower,0,2,20,0,22,0,2,37,5,44,0,4,57,5,66,46,0,46,112
01/09/2017,MQY,TN,ASO,CE,Federal Contract Tower,0,12,31,0,43,0,7,38,0,45,0,19,69,0,88,40,0,40,128
01/10/2017,MQY,TN,ASO,CE,Federal Contract Tower,0,10,13,0,23,0,0,16,0,16,0,10,29,0,39,20,0,20,59
01/11/2017,MQY,TN,ASO,CE,Federal Contract Tower,0,6,27,2,35,0,3,12,32,47,0,9,39,34,82,16,0,16,98
01/12/2017,MQY,TN,ASO,CE,Federal Contract Tower,2,14,19,0,35,0,7,25,27,59,2,21,44,27,94,52,44,96,190
01/13/2017,MQY,TN,ASO,CE,Federal Contract Tower,0,6,21,0,27,0,0,0,0,0,0,6,21,0,27,0,0,0,27
01/14/2017,MQY,TN,ASO,CE,Federal Contract Tower,0,2,19,0,21,0,1,31,0,32,0,3,50,0,53,42,0,42,95
01/15/2017,MQY,TN,ASO,CE,Federal Contract Tower,0,0,12,0,12,0,2,39,0,41,0,2,51,0,53,112,0,112,165
01/16/2017,MQY,TN,ASO,CE,Federal Contract Tower,0,11,30,0,41,0,1,73,0,74,0,12,103,0,115,66,0,66,181
01/17/2017,MQY,TN,ASO,CE,Federal Contract Tower,0,7,21,0,28,0,0,5,12,17,0,7,26,12,45,34,8,42,87
01/18/2017,MQY,TN,ASO,CE,Federal Contract Tower,0,7,48,0,55,0,15,26,0,41,0,22,74,0,96,66,0,66,162
01/19/2017,MQY,TN,ASO,CE,Federal Contract Tower,0,8,19,0,27,0,1,7,0,8,0,9,26,0,35,26,0,26,61
01/20/2017,MQY,TN,ASO,CE,Federal Contract Tower,0,6,31,1,38,0,0,63,4,67,0,6,94,5,105,108,12,120,225
01/21/2017,MQY,TN,ASO,CE,Federal Contract Tower,0,3,10,1,14,0,3,72,12,87,0,6,82,13,101,218,2,220,321
01/22/2017,MQY,TN,ASO,CE,Federal Contract Tower,0,1,12,0,13,0,2,10,0,12,0,3,22,0,25,52,0,52,77
01/23/2017,MQY,TN,ASO,CE,Federal Contract Tower,0,11,22,2,35,0,5,21,1,27,0,16,43,3,62,80,0,80,142
01/24/2017,MQY,TN,ASO,CE,Federal Contract Tower,0,7,44,2,53,0,3,76,7,86,0,10,120,9,139,114,26,140,279
01/25/2017,MQY,TN,ASO,CE,Federal Contract Tower,0,8,33,0,41,0,0,15,3,18,0,8,48,3,59,44,6,50,109
01/26/2017,MQY,TN,ASO,CE,Federal Contract Tower,0,6,33,0,39,0,15,52,21,88,0,21,85,21,127,52,30,82,209
01/27/2017,MQY,TN,ASO,CE,Federal Contract Tower,0,8,38,9,55,0,4,61,14,79,0,12,99,23,134,90,6,96,230
01/28/2017,MQY,TN,ASO,CE,Federal Contract Tower,0,5,19,10,34,0,0,64,0,64,0,5,83,10,98,32,0,32,130
01/29/2017,MQY,TN,ASO,CE,Federal Contract Tower,0,0,7,2,9,0,0,0,2,2,0,0,7,4,11,0,0,0,11
01/30/2017,MQY,TN,ASO,CE,Federal Contract Tower,0,13,34,1,48,0,7,93,1,101,0,20,127,2,149,88,4,92,241
01/31/2017,MQY,TN,ASO,CE,Federal Contract Tower,0,10,27,2,39,0,14,90,10,114,0,24,117,12,153,170,4,174,327
02/01/2017,MQY,TN,ASO,CE,Federal Contract Tower,0,13,31,0,44,0,2,55,2,59,0,15,86,2,103,142,0,142,245
02/02/2017,MQY,TN,ASO,CE,Federal Contract Tower,0,11,33,2,46,0,2,53,19,74,0,13,86,21,120,82,30,112,232
02/03/2017,MQY,TN,ASO,CE,Federal Contract Tower,0,8,18,0,26,0,0,87,22,109,0,8,105,22,135,68,18,86,221
02/04/2017,MQY,TN,ASO,CE,Federal Contract Tower,0,3,18,1,22,0,2,68,4,74,0,5,86,5,96,198,0,198,294
02/05/2017,MQY,TN,ASO,CE,Federal Contract Tower,0,7,24,1,32,0,2,40,4,46,0,9,64,5,78,108,14,122,200
02/06/2017,MQY,TN,ASO,CE,Federal Contract Tower,0,10,15,1,26,0,1,0,0,1,0,11,15,1,27,0,0,0,27
02/07/2017,MQY,TN,ASO,CE,Federal Contract Tower,0,8,14,2,24,0,0,1,2,3,0,8,15,4,27,0,16,16,43
02/08/2017,MQY,TN,ASO,CE,Federal Contract Tower,0,7,23,0,30,0,2,0,0,2,0,9,23,0,32,0,0,0,32
02/09/2017,MQY,TN,ASO,CE,Federal Contract Tower,1,10,44,0,55,0,8,72,2,82,1,18,116,2,137,56,0,56,193
02/10/2017,MQY,TN,ASO,CE,Federal Contract Tower,0,16,29,0,45,0,13,69,1,83,0,29,98,1,128,86,0,86,214
02/11/2017,MQY,TN,ASO,CE,Federal Contract Tower,0,4,19,0,23,0,2,17,1,20,0,6,36,1,43,54,0,54,97
02/12/2017,MQY,TN,ASO,CE,Federal Contract Tower,0,6,13,0,19,0,9,15,0,24,0,15,28,0,43,30,0,30,73
02/13/2017,MQY,TN,ASO,CE,Federal Contract Tower,0,12,33,3,48,0,1,58,3,62,0,13,91,6,110,142,8,150,260
02/14/2017,MQY,TN,ASO,CE,Federal Contract Tower,0,12,18,2,32,0,0,43,8,51,0,12,61,10,83,108,6,114,197
02/15/2017,MQY,TN,ASO,CE,Federal Contract Tower,0,9,52,1,62,0,1,71,1,73,0,10,123,2,135,94,2,96,231
02/16/2017,MQY,TN,ASO,CE,Federal Contract Tower,0,7,30,2,39,0,9,79,36,124,0,16,109,38,163,134,44,178,341
02/17/2017,MQY,TN,ASO,CE,Federal Contract Tower,0,6,49,1,56,0,4,105,16,125,0,10,154,17,181,142,0,142,323
02/18/2017,MQY,TN,ASO,CE,Federal Contract Tower,0,6,14,1,21,0,2,4,2,8,0,8,18,3,29,2,0,2,31
02/19/2017,MQY,TN,ASO,CE,Federal Contract Tower,0,5,48,0,53,0,2,57,1,60,0,7,105,1,113,78,0,78,191
02/20/2017,MQY,TN,ASO,CE,Federal Contract Tower,1,12,43,1,57,0,4,90,0,94,1,16,133,1,151,126,0,126,277
02/21/2017,MQY,TN,ASO,CE,Federal Contract Tower,0,6,29,4,39,0,0,27,0,27,0,6,56,4,66,12,0,12,78
02/22/2017,MQY,TN,ASO,CE,Federal Contract Tower,1,8,33,6,48,0,13,49,8,70,1,21,82,14,118,128,12,140,258
02/23/2017,MQY,TN,ASO,CE,Federal Contract Tower,0,6,42,0,48,0,6,59,4,69,0,12,101,4,117,96,0,96,213
02/24/2017,MQY,TN,ASO,CE,Federal Contract Tower,0,9,14,2,25,0,5,43,1,49,0,14,57,3,74,44,0,44,118
02/25/2017,MQY,TN,ASO,CE,Federal Contract Tower,0,2,26,0,28,0,3,72,3,78,0,5,98,3,106,88,2,90,196
02/26/2017,MQY,TN,ASO,CE,Federal Contract Tower,1,6,19,1,27,0,3,87,2,92,1,9,106,3,119,96,0,96,215
02/27/2017,MQY,TN,ASO,CE,Federal Contract Tower,0,10,20,0,30,0,8,45,0,53,0,18,65,0,83,66,0,66,149
02/28/2017,MQY,TN,ASO,CE,Federal Contract Tower,0,12,28,0,40,0,4,4,0,8,0,16,32,0,48,0,6,6,54
03/01/2017,MQY,TN,ASO,CE,Federal Contract Tower,0,4,18,1,23,0,5,27,0,32,0,9,45,1,55,8,0,8,63
03/02/2017,MQY,TN,ASO,CE,Federal Contract Tower,0,16,37,5,58,0,12,89,19,120,0,28,126,24,178,150,56,206,384
03/03/2017,MQY,TN,ASO,CE,Federal Contract Tower,1,5,50,5,61,0,10,110,12,132,1,15,160,17,193,176,4,180,373
03/04/2017,MQY,TN,ASO,CE,Federal Contract Tower,1,2,31,2,36,0,25,96,7,128,1,27,127,9,164,160,4,164,328
03/05/2017,MQY,TN,ASO,CE,Federal Contract Tower,1,2,29,4,36,0,3,51,2,56,1,5,80,6,92,114,0,114,206
03/06/2017,MQY,TN,ASO,CE,Federal Contract Tower,0,15,31,0,46,0,0,44,0,44,0,15,75,0,90,82,0,82,172
03/07/2017,MQY,TN,ASO,CE,Federal Contract Tower,0,4,11,0,15,0,1,1,1,3,0,5,12,1,18,0,0,0,18
03/08/2017,MQY,TN,ASO,CE,Federal Contract Tower,0,10,48,4,62,0,3,104,5,112,0,13,152,9,174,180,0,180,354
03/09/2017,MQY,TN,ASO,CE,Federal Contract Tower,0,9,58,0,67,0,9,74,5,88,0,18,132,5,155,88,4,92,247
03/10/2017,MQY,TN,ASO,CE,Federal Contract Tower,0,6,22,4,32,0,5,40,6,51,0,11,62,10,83,64,14,78,161
03/11/2017,MQY,TN,ASO,CE,Federal Contract Tower,0,3,7,0,10,0,0,9,0,9,0,3,16,0,19,28,0,28,47
03/12/2017,MQY,TN,ASO,CE,Federal Contract Tower,0,3,28,4,35,0,1,54,1,56,0,4,82,5,91,110,0,110,201
03/13/2017,MQY,TN,ASO,CE,Federal Contract Tower,0,12,10,2,24,0,2,12,0,14,0,14,22,2,38,31,0,31,69
03/14/2017,MQY,TN,ASO,CE,Federal Contract Tower,0,12,26,0,38,0,2,15,0,17,0,14,41,0,55,42,0,42,97
03/15/2017,MQY,TN,ASO,CE,Federal Contract Tower,0,10,42,0,52,0,3,46,0,49,0,13,88,0,101,87,0,87,188
03/16/2017,MQY,TN,ASO,CE,Federal Contract Tower,0,9,63,1,73,0,1,90,9,100,0,10,153,10,173,110,4,114,287
03/17/2017,MQY,TN,ASO,CE,Federal Contract Tower,0,8,39,2,49,0,4,32,0,36,0,12,71,2,85,74,0,74,159
03/18/2017,MQY,TN,ASO,CE,Federal Contract Tower,0,2,39,0,41,0,1,72,5,78,0,3,111,5,119,122,0,122,241
03/19/2017,MQY,TN,ASO,CE,Federal Contract Tower,1,5,34,0,40,0,3,79,4,86,1,8,113,4,126,150,0,150,276
03/20/2017,MQY,TN,ASO,CE,Federal Contract Tower,0,12,28,0,40,0,2,69,0,71,0,14,97,0,111,106,0,106,217
03/21/2017,MQY,TN,ASO,CE,Federal Contract Tower,1,20,26,2,49,0,1,37,0,38,1,21,63,2,87,40,0,40,127
03/22/2017,MQY,TN,ASO,CE,Federal Contract Tower,0,9,46,2,57,0,8,56,7,71,0,17,102,9,128,132,0,132,260
03/23/2017,MQY,TN,ASO,CE,Federal Contract Tower,0,10,33,1,44,0,8,79,21,108,0,18,112,22,152,220,28,248,400
03/24/2017,MQY,TN,ASO,CE,Federal Contract Tower,0,3,31,0,34,0,2,54,10,66,0,5,85,10,100,104,6,110,210
03/25/2017,MQY,TN,ASO,CE,Federal Contract Tower,0,7,9,0,16,0,0,24,0,24,0,7,33,0,40,0,0,0,40
03/26/2017,MQY,TN,ASO,CE,Federal Contract Tower,1,4,35,7,47,0,4,25,11,40,1,8,60,18,87,84,32,116,203
03/27/2017,MQY,TN,ASO,CE,Federal Contract Tower,0,17,5,0,22,0,6,24,3,33,0,23,29,3,55,70,14,84,139
03/28/2017,MQY,TN,ASO,CE,Federal Contract Tower,0,11,26,1,38,0,5,82,3,90,0,16,108,4,128,194,22,216,344
03/29/2017,MQY,TN,ASO,CE,Federal Contract Tower,0,12,41,2,55,0,11,117,3,131,0,23,158,5,186,210,0,210,396
03/30/2017,MQY,TN,ASO,CE,Federal Contract Tower,1,9,15,0,25,0,4,10,1,15,1,13,25,1,40,0,0,0,40
03/31/2017,MQY,TN,ASO,CE,Federal Contract Tower,1,12,38,10,61,0,9,56,2,67,1,21,94,12,128,88,0,88,216
04/01/2017,MQY,TN,ASO,CE,Federal Contract Tower,0,2,32,0,34,0,4,50,0,54,0,6,82,0,88,112,0,112,200
04/02/2017,MQY,TN,ASO,CE,Federal Contract Tower,1,3,32,2,38,0,1,77,0,78,1,4,109,2,116,110,0,110,226
04/03/2017,MQY,TN,ASO,CE,Federal Contract Tower,1,12,6,1,20,0,2,17,1,20,1,14,23,2,40,16,2,18,58
04/04/2017,MQY,TN,ASO,CE,Federal Contract Tower,2,7,29,3,41,0,5,111,3,119,2,12,140,6,160,126,10,136,296
04/05/2017,MQY,TN,ASO,CE,Federal Contract Tower,1,10,35,0,46,0,6,32,2,40,1,16,67,2,86,54,2,56,142
04/06/2017,MQY,TN,ASO,CE,Federal Contract Tower,4,6,34,0,44,0,3,16,4,23,4,9,50,4,67,12,14,26,93
04/07/2017,MQY,TN,ASO,CE,Federal Contract Tower,2,11,42,3,58,0,10,73,11,94,2,21,115,14,152,56,2,58,210
04/08/2017,MQY,TN,ASO,CE,Federal Contract Tower,0,3,34,1,38,0,7,95,9,111,0,10,129,10,149,138,0,138,287
04/09/2017,MQY,TN,ASO,CE,Federal Contract Tower,1,5,28,0,34,0,2,60,0,62,1,7,88,0,96,100,0,100,196
04/10/2017,MQY,TN,ASO,CE,Federal Contract Tower,2,8,44,0,54,0,5,60,6,71,2,13,104,6,125,68,10,78,203
04/11/2017,MQY,TN,ASO,CE,Federal Contract Tower,1,9,33,0,43,0,4,57,5,66,1,13,90,5,109,122,0,122,231
04/12/2017,MQY,TN,ASO,CE,Federal Contract Tower,2,11,75,6,94,0,13,123,5,141,2,24,198,11,235,164,0,164,399
04/13/2017,MQY,TN,ASO,CE,Federal Contract Tower,0,9,44,0,53,0,7,81,4,92,0,16,125,4,145,120,6,126,271
04/14/2017,MQY,TN,ASO,CE,Federal Contract Tower,0,4,34,0,38,0,1,63,1,65,0,5,97,1,103,52,0,52,155
04/15/2017,MQY,TN,ASO,CE,Federal Contract Tower,0,2,8,0,10,0,8,68,0,76,0,10,76,0,86,64,0,64,150
04/16/2017,MQY,TN,ASO,CE,Federal Contract Tower,0,0,11,0,11,0,3,27,0,30,0,3,38,0,41,20,0,20,61
04/17/2017,MQY,TN,ASO,CE,Federal Contract Tower,1,10,25,0,36,0,0,28,0,28,1,10,53,0,64,58,0,58,122
04/18/2017,MQY,TN,ASO,CE,Federal Contract Tower,0,7,28,0,35,0,2,12,0,14,0,9,40,0,49,2,0,2,51
04/19/2017,MQY,TN,ASO,CE,Federal Contract Tower,1,6,42,1,50,0,4,64,0,68,1,10,106,1,118,100,0,100,218
04/20/2017,MQY,TN,ASO,CE,Federal Contract Tower,0,8,42,0,50,0,7,62,10,79,0,15,104,10,129,52,18,70,199
04/21/2017,MQY,TN,ASO,CE,Federal Contract Tower,0,3,27,0,30,0,0,32,0,32,0,3,59,0,62,80,0,80,142
04/22/2017,MQY,TN,ASO,CE,Federal Contract Tower,0,1,10,0,11,0,0,0,0,0,0,1,10,0,11,0,0,0,11
04/23/2017,MQY,TN,ASO,CE,Federal Contract Tower,1,2,28,0,31,0,0,0,0,0,1,2,28,0,31,0,0,0,31
04/24/2017,MQY,TN,ASO,CE,Federal Contract Tower,0,9,39,0,48,0,3,29,0,32,0,12,68,0,80,80,0,80,160
04/25/2017,MQY,TN,ASO,CE,Federal Contract Tower,0,11,43,3,57,0,19,68,14,101,0,30,111,17,158,144,2,146,304
04/26/2017,MQY,TN,ASO,CE,Federal Contract Tower,7,34,0,0,41,0,3,59,4,66,7,37,59,4,107,120,0,120,227
04/27/2017,MQY,TN,ASO,CE,Federal Contract Tower,0,10,28,1,39,0,10,39,22,71,0,20,67,23,110,36,30,66,176
04/28/2017,MQY,TN,ASO,CE,Federal Contract Tower,0,7,20,3,30,0,6,44,0,50,0,13,64,3,80,74,0,74,154
04/29/2017,MQY,TN,ASO,CE,Federal Contract Tower,1,2,13,1,17,0,6,102,0,108,1,8,115,1,125,20,0,20,145
04/30/2017,MQY,TN,ASO,CE,Federal Contract Tower,1,1,10,0,12,0,2,14,2,18,1,3,24,2,30,0,0,0,30
05/01/2017,MQY,TN,ASO,CE,Federal Contract Tower,0,9,23,3,35,0,0,20,1,21,0,9,43,4,56,12,4,16,72
05/02/2017,MQY,TN,ASO,CE,Federal Contract Tower,0,4,44,0,48,0,2,54,16,72,0,6,98,16,120,70,28,98,218
05/03/2017,MQY,TN,ASO,CE,Federal Contract Tower,0,14,55,5,74,0,6,91,18,115,0,20,146,23,189,198,12,210,399
05/04/2017,MQY,TN,ASO,CE,Federal Contract Tower,0,10,21,0,31,0,2,4,0,6,0,12,25,0,37,6,0,6,43
05/05/2017,MQY,TN,ASO,CE,Federal Contract Tower,0,4,27,1,32,0,1,2,3,6,0,5,29,4,38,0,10,10,48
05/06/2017,MQY,TN,ASO,CE,Federal Contract Tower,0,5,20,0,25,0,0,37,0,37,0,5,57,0,62,52,0,52,114
05/07/2017,MQY,TN,ASO,CE,Federal Contract Tower,1,4,39,1,45,0,1,70,9,80,1,5,109,10,125,94,0,94,219
05/08/2017,MQY,TN,ASO,CE,Federal Contract Tower,0,8,62,2,72,0,2,84,1,87,0,10,146,3,159,146,0,146,305
05/09/2017,MQY,TN,ASO,CE,Federal Contract Tower,0,11,37,1,49,0,8,74,8,90,0,19,111,9,139,100,6,106,245
05/10/2017,MQY,TN,ASO,CE,Federal Contract Tower,0,9,49,2,60,0,6,93,0,99,0,15,142,2,159,178,0,178,337
05/11/2017,MQY,TN,ASO,CE,Federal Contract Tower,1,24,49,16,90,0,2,61,24,87,1,26,110,40,177,78,48,126,303
05/12/2017,MQY,TN,ASO,CE,Federal Contract Tower,0,4,30,0,34,0,0,4,0,4,0,4,34,0,38,0,0,0,38
05/13/2017,MQY,TN,ASO,CE,Federal Contract Tower,0,2,29,3,34,0,3,72,4,79,0,5,101,7,113,52,0,52,165
05/14/2017,MQY,TN,ASO,CE,Federal Contract Tower,0,3,17,0,20,0,1,59,0,60,0,4,76,0,80,34,0,34,114
05/15/2017,MQY,TN,ASO,CE,Federal Contract Tower,0,7,32,0,39,0,5,63,0,68,0,12,95,0,107,84,0,84,191
05/16/2017,MQY,TN,ASO,CE,Federal Contract Tower,0,12,36,3,51,0,7,83,4,94,0,19,119,7,145,116,0,116,261
05/17/2017,MQY,TN,ASO,CE,Federal Contract Tower,0,6,36,3,45,0,7,62,7,76,0,13,98,10,121,103,4,107,228
05/18/2017,MQY,TN,ASO,CE,Federal Contract Tower,1,19,35,5,60,0,25,65,19,109,1,44,100,24,169,82,0,82,251
05/19/2017,MQY,TN,ASO,CE,Federal Contract Tower,1,3,36,10,50,0,5,72,5,82,1,8,108,15,132,138,12,150,282
05/20/2017,MQY,TN,ASO,CE,Federal Contract Tower,0,4,10,0,14,0,4,46,6,56,0,8,56,6,70,24,0,24,94
05/21/2017,MQY,TN,ASO,CE,Federal Contract Tower,2,6,21,2,31,0,7,16,7,30,2,13,37,9,61,4,46,50,111
05/22/2017,MQY,TN,ASO,CE,Federal Contract Tower,0,7,56,4,67,0,2,100,0,102,0,9,156,4,169,132,0,132,301
05/23/2017,MQY,TN,ASO,CE,Federal Contract Tower,0,10,36,5,51,0,2,50,19,71,0,12,86,24,122,122,10,132,254
05/24/2017,MQY,TN,ASO,CE,Federal Contract Tower,2,9,20,2,33,0,1,17,0,18,2,10,37,2,51,24,0,24,75
05/25/2017,MQY,TN,ASO,CE,Federal Contract Tower,0,17,36,0,53,0,6,50,1,57,0,23,86,1,110,48,0,48,158
05/26/2017,MQY,TN,ASO,CE,Federal Contract Tower,3,5,48,0,56,0,7,113,0,120,3,12,161,0,176,86,0,86,262
05/27/2017,MQY,TN,ASO,CE,Federal Contract Tower,0,9,9,0,18,0,14,28,0,42,0,23,37,0,60,18,0,18,78
05/28/2017,MQY,TN,ASO,CE,Federal Contract Tower,0,18,14,0,32,0,15,33,0,48,0,33,47,0,80,62,0,62,142
05/29/2017,MQY,TN,ASO,CE,Federal Contract Tower,0,5,50,0,55,0,17,71,0,88,0,22,121,0,143,154,0,154,297
05/30/2017,MQY,TN,ASO,CE,Federal Contract Tower,0,17,43,2,62,0,1,59,1,61,0,18,102,3,123,88,22,110,233
05/31/2017,MQY,TN,ASO,CE,Federal Contract Tower,0,13,41,5,59,0,5,82,6,93,0,18,123,11,152,124,0,124,276
06/01/2017,MQY,TN,ASO,CE,Federal Contract Tower,0,8,30,3,41,0,8,56,9,73,0,16,86,12,114,72,20,92,206
06/02/2017,MQY,TN,ASO,CE,Federal Contract Tower,1,7,44,19,71,0,2,76,1,79,1,9,120,20,150,112,0,112,262
06/03/2017,MQY,TN,ASO,CE,Federal Contract Tower,9,6,16,2,33,0,1,54,0,55,9,7,70,2,88,132,0,132,220
06/04/2017,MQY,TN,ASO,CE,Federal Contract Tower,9,1,12,2,24,0,4,6,0,10,9,5,18,2,34,6,0,6,40
06/05/2017,MQY,TN,ASO,CE,Federal Contract Tower,2,7,20,1,30,0,0,23,0,23,2,7,43,1,53,26,0,26,79
06/06/2017,MQY,TN,ASO,CE,Federal Contract Tower,0,12,40,0,52,0,4,42,8,54,0,16,82,8,106,54,12,66,172
06/07/2017,MQY,TN,ASO,CE,Federal Contract Tower,1,15,32,4,52,0,19,99,4,122,1,34,131,8,174,72,0,72,246
06/08/2017,MQY,TN,ASO,CE,Federal Contract Tower,1,12,35,1,49,0,7,81,13,101,1,19,116,14,150,128,20,148,298
06/09/2017,MQY,TN,ASO,CE,Federal Contract Tower,0,8,35,15,58,0,4,66,24,94,0,12,101,39,152,78,12,90,242
06/10/2017,MQY,TN,ASO,CE,Federal Contract Tower,1,5,14,13,33,0,10,70,15,95,1,15,84,28,128,68,24,92,220
06/11/2017,MQY,TN,ASO,CE,Federal Contract Tower,2,5,27,2,36,0,4,61,2,67,2,9,88,4,103,82,0,82,185
06/12/2017,MQY,TN,ASO,CE,Federal Contract Tower,1,12,37,0,50,0,2,49,0,51,1,14,86,0,101,72,0,72,173
06/13/2017,MQY,TN,ASO,CE,Federal Contract Tower,0,18,35,2,55,0,2,85,4,91,0,20,120,6,146,128,4,132,278
06/14/2017,MQY,TN,ASO,CE,Federal Contract Tower,2,20,56,3,81,0,8,73,6,87,2,28,129,9,168,94,0,94,262
06/15/2017,MQY,TN,ASO,CE,Federal Contract Tower,0,16,48,0,64,0,10,30,7,47,0,26,78,7,111,76,34,110,221
06/16/2017,MQY,TN,ASO,CE,Federal Contract Tower,0,7,41,12,60,0,4,74,0,78,0,11,115,12,138,116,0,116,254
06/17/2017,MQY,TN,ASO,CE,Federal Contract Tower,1,3,22,1,27,0,7,74,3,84,1,10,96,4,111,80,0,80,191
06/18/2017,MQY,TN,ASO,CE,Federal Contract Tower,1,2,9,0,12,0,2,18,0,20,1,4,27,0,32,18,0,18,50
06/19/2017,MQY,TN,ASO,CE,Federal Contract Tower,2,9,30,0,41,0,5,56,0,61,2,14,86,0,102,134,0,134,236
06/20/2017,MQY,TN,ASO,CE,Federal Contract Tower,0,6,37,1,44,0,1,103,5,109,0,7,140,6,153,184,0,184,337
06/21/2017,MQY,TN,ASO,CE,Federal Contract Tower,0,9,45,3,57,0,7,95,10,112,0,16,140,13,169,234,2,236,405
06/22/2017,MQY,TN,ASO,CE,Federal Contract Tower,0,7,41,0,48,0,0,0,6,6,0,7,41,6,54,0,0,0,54
06/23/2017,MQY,TN,ASO,CE,Federal Contract Tower,8,5,13,0,26,0,2,0,4,6,8,7,13,4,32,0,4,4,36
06/24/2017,MQY,TN,ASO,CE,Federal Contract Tower,12,6,21,2,41,0,6,67,29,102,12,12,88,31,143,134,0,134,277
06/25/2017,MQY,TN,ASO,CE,Federal Contract Tower,1,1,29,10,41,0,1,68,5,74,1,2,97,15,115,144,0,144,259
06/26/2017,MQY,TN,ASO,CE,Federal Contract Tower,0,7,32,2,41,0,4,88,1,93,0,11,120,3,134,144,0,144,278
06/27/2017,MQY,TN,ASO,CE,Federal Contract Tower,0,11,47,1,59,0,2,98,12,112,0,13,145,13,171,156,30,186,357
06/28/2017,MQY,TN,ASO,CE,Federal Contract Tower,0,16,37,1,54,0,7,101,3,111,0,23,138,4,165,234,0,234,399
06/29/2017,MQY,TN,ASO,CE,Federal Contract Tower,0,7,25,1,33,0,6,58,19,83,0,13,83,20,116,152,26,178,294
06/30/2017,MQY,TN,ASO,CE,Federal Contract Tower,0,2,46,2,50,0,8,38,0,46,0,10,84,2,96,38,0,38,134
07/01/2017,MQY,TN,ASO,CE,Federal Contract Tower,0,4,24,0,28,0,3,37,0,40,0,7,61,0,68,68,0,68,136
07/02/2017,MQY,TN,ASO,CE,Federal Contract Tower,0,6,18,0,24,0,0,20,0,20,0,6,38,0,44,20,0,20,64
07/03/2017,MQY,TN,ASO,CE,Federal Contract Tower,0,8,20,2,30,0,1,24,0,25,0,9,44,2,55,90,0,90,145
07/04/2017,MQY,TN,ASO,CE,Federal Contract Tower,0,0,13,0,13,0,0,7,0,7,0,0,20,0,20,30,0,30,50
07/05/2017,MQY,TN,ASO,CE,Federal Contract Tower,1,8,35,3,47,0,1,24,2,27,1,9,59,5,74,52,0,52,126
07/06/2017,MQY,TN,ASO,CE,Federal Contract Tower,1,10,37,0,48,0,4,50,0,54,1,14,87,0,102,100,0,100,202
07/07/2017,MQY,TN,ASO,CE,Federal Contract Tower,0,6,33,8,47,0,11,82,12,105,0,17,115,20,152,196,30,226,378
07/08/2017,MQY,TN,ASO,CE,Federal Contract Tower,0,4,19,2,25,0,5,70,13,88,0,9,89,15,113,104,0,104,217
07/09/2017,MQY,TN,ASO,CE,Federal Contract Tower,0,5,11,3,19,0,3,69,5,77,0,8,80,8,96,146,0,146,242
07/10/2017,MQY,TN,ASO,CE,Federal Contract Tower,0,10,37,2,49,0,2,86,5,93,0,12,123,7,142,137,0,137,279
07/11/2017,MQY,TN,ASO,CE,Federal Contract Tower,0,11,43,2,56,0,0,99,2,101,0,11,142,4,157,170,0,170,327
07/12/2017,MQY,TN,ASO,CE,Federal Contract Tower,0,10,57,5,72,0,4,84,5,93,0,14,141,10,165,148,0,148,313
07/13/2017,MQY,TN,ASO,CE,Federal Contract Tower,0,9,44,1,54,0,7,59,33,99,0,16,103,34,153,132,62,194,347
07/14/2017,MQY,TN,ASO,CE,Federal Contract Tower,0,6,25,20,51,0,2,38,0,40,0,8,63,20,91,58,0,58,149
07/15/2017,MQY,TN,ASO,CE,Federal Contract Tower,0,9,9,1,19,0,0,23,0,23,0,9,32,1,42,44,0,44,86
07/16/2017,MQY,TN,ASO,CE,Federal Contract Tower,1,2,49,12,64,0,3,77,0,80,1,5,126,12,144,172,2,174,318
07/17/2017,MQY,TN,ASO,CE,Federal Contract Tower,0,6,50,6,62,0,8,79,8,95,0,14,129,14,157,86,10,96,253
07/18/2017,MQY,TN,ASO,CE,Federal Contract Tower,0,9,51,4,64,0,9,123,1,133,0,18,174,5,197,218,0,218,415
07/19/2017,MQY,TN,ASO,CE,Federal Contract Tower,0,7,52,2,61,0,2,76,0,78,0,9,128,2,139,175,0,175,314
07/20/2017,MQY,TN,ASO,CE,Federal Contract Tower,0,17,64,1,82,0,8,118,1,127,0,25,182,2,209,186,0,186,395
07/21/2017,MQY,TN,ASO,CE,Federal Contract Tower,0,15,55,2,72,0,5,108,5,118,0,20,163,7,190,170,0,170,360
07/22/2017,MQY,TN,ASO,CE,Federal Contract Tower,0,5,28,0,33,0,3,67,2,72,0,8,95,2,105,116,0,116,221
07/23/2017,MQY,TN,ASO,CE,Federal Contract Tower,0,4,22,0,26,0,1,38,4,43,0,5,60,4,69,50,0,50,119
07/24/2017,MQY,TN,ASO,CE,Federal Contract Tower,1,16,41,2,60,0,10,62,0,72,1,26,103,2,132,82,0,82,214
07/25/2017,MQY,TN,ASO,CE,Federal Contract Tower,0,8,38,8,54,0,0,80,0,80,0,8,118,8,134,62,4,66,200
07/26/2017,MQY,TN,ASO,CE,Federal Contract Tower,0,11,38,0,49,0,1,55,0,56,0,12,93,0,105,104,0,104,209
07/27/2017,MQY,TN,ASO,CE,Federal Contract Tower,0,15,63,0,78,0,2,63,0,65,0,17,126,0,143,90,0,90,233
07/28/2017,MQY,TN,ASO,CE,Federal Contract Tower,0,5,22,15,42,0,6,4,0,10,0,11,26,15,52,10,2,12,64
07/29/2017,MQY,TN,ASO,CE,Federal Contract Tower,0,5,17,0,22,0,2,57,2,61,0,7,74,2,83,64,0,64,147
07/30/2017,MQY,TN,ASO,CE,Federal Contract Tower,1,7,13,14,35,0,4,58,3,65,1,11,71,17,100,64,0,64,164
07/31/2017,MQY,TN,ASO,CE,Federal Contract Tower,0,14,41,0,55,0,4,88,4,96,0,18,129,4,151,159,0,159,310
08/01/2017,MQY,TN,ASO,CE,Federal Contract Tower,0,6,57,5,68,0,4,77,4,85,0,10,134,9,153,140,6,146,299
08/02/2017,MQY,TN,ASO,CE,Federal Contract Tower,0,4,35,5,44,0,10,53,2,65,0,14,88,7,109,78,10,88,197
08/03/2017,MQY,TN,ASO,CE,Federal Contract Tower,0,9,61,5,75,0,6,74,2,82,0,15,135,7,157,100,0,100,257
08/04/2017,MQY,TN,ASO,CE,Federal Contract Tower,0,9,37,1,47,0,0,40,1,41,0,9,77,2,88,6,0,6,94
08/05/2017,MQY,TN,ASO,CE,Federal Contract Tower,0,10,26,3,39,0,2,82,0,84,0,12,108,3,123,20,0,20,143
08/06/2017,MQY,TN,ASO,CE,Federal Contract Tower,0,6,25,0,31,0,1,37,0,38,0,7,62,0,69,92,0,92,161
08/07/2017,MQY,TN,ASO,CE,Federal Contract Tower,0,5,29,2,36,0,2,6,0,8,0,7,35,2,44,6,0,6,50
08/08/2017,MQY,TN,ASO,CE,Federal Contract Tower,0,15,40,1,56,0,2,81,3,86,0,17,121,4,142,94,2,96,238
08/09/2017,MQY,TN,ASO,CE,Federal Contract Tower,0,12,69,5,86,0,5,123,2,130,0,17,192,7,216,182,0,182,398
08/10/2017,MQY,TN,ASO,CE,Federal Contract Tower,0,16,41,13,70,0,1,80,0,81,0,17,121,13,151,168,26,194,345
08/11/2017,MQY,TN,ASO,CE,Federal Contract Tower,0,5,40,26,71,0,0,57,3,60,0,5,97,29,131,160,20,180,311
08/12/2017,MQY,TN,ASO,CE,Federal Contract Tower,0,5,29,0,34,0,1,34,0,35,0,6,63,0,69,62,0,62,131
08/13/2017,MQY,TN,ASO,CE,Federal Contract Tower,3,5,24,15,47,0,8,65,7,80,3,13,89,22,127,154,14,168,295
08/14/2017,MQY,TN,ASO,CE,Federal Contract Tower,0,10,36,0,46,0,0,10,0,10,0,10,46,0,56,22,0,22,78
08/15/2017,MQY,TN,ASO,CE,Federal Contract Tower,0,10,40,8,58,0,6,63,1,70,0,16,103,9,128,132,0,132,260
08/16/2017,MQY,TN,ASO,CE,Federal Contract Tower,0,11,51,0,62,0,3,54,2,59,0,14,105,2,121,86,0,86,207
08/17/2017,MQY,TN,ASO,CE,Federal Contract Tower,0,8,42,0,50,0,4,79,8,91,0,12,121,8,141,162,0,162,303
08/18/2017,MQY,TN,ASO,CE,Federal Contract Tower,1,3,50,4,58,0,6,100,11,117,1,9,150,15,175,154,8,162,337
08/19/2017,MQY,TN,ASO,CE,Federal Contract Tower,0,4,11,18,33,0,3,69,8,80,0,7,80,26,113,120,6,126,239
08/20/2017,MQY,TN,ASO,CE,Federal Contract Tower,0,2,31,1,34,0,1,75,5,81,0,3,106,6,115,200,0,200,315
08/21/2017,MQY,TN,ASO,CE,Federal Contract Tower,0,29,96,14,139,0,9,183,15,207,0,38,279,29,346,46,2,48,394
08/22/2017,MQY,TN,ASO,CE,Federal Contract Tower,0,12,38,1,51,0,0,78,4,82,0,12,116,5,133,136,0,136,269
08/23/2017,MQY,TN,ASO,CE,Federal Contract Tower,2,7,80,7,96,0,6,89,4,99,2,13,169,11,195,154,2,156,351
08/24/2017,MQY,TN,ASO,CE,Federal Contract Tower,1,10,56,2,69,0,4,122,26,152,1,14,178,28,221,210,28,238,459
08/25/2017,MQY,TN,ASO,CE,Federal Contract Tower,2,7,33,34,76,0,2,82,19,103,2,9,115,53,179,105,16,121,300
08/26/2017,MQY,TN,ASO,CE,Federal Contract Tower,0,3,18,3,24,0,0,107,9,116,0,3,125,12,140,84,0,84,224
08/27/2017,MQY,TN,ASO,CE,Federal Contract Tower,0,4,23,12,39,0,4,67,6,77,0,8,90,18,116,54,0,54,170
08/28/2017,MQY,TN,ASO,CE,Federal Contract Tower,0,16,21,1,38,0,4,50,1,55,0,20,71,2,93,138,0,138,231
08/29/2017,MQY,TN,ASO,CE,Federal Contract Tower,0,11,39,2,52,0,0,86,4,90,0,11,125,6,142,176,0,176,318
08/30/2017,MQY,TN,ASO,CE,Federal Contract Tower,2,6,26,2,36,0,1,32,0,33,2,7,58,2,69,56,4,60,129
08/31/2017,MQY,TN,ASO,CE,Federal Contract Tower,0,7,29,0,36,0,5,10,1,16,0,12,39,1,52,14,0,14,66
09/01/2017,MQY,TN,ASO,CE,Federal Contract Tower,0,6,22,0,28,0,0,0,0,0,0,6,22,0,28,0,0,0,28
09/02/2017,MQY,TN,ASO,CE,Federal Contract Tower,4,5,15,1,25,0,1,50,2,53,4,6,65,3,78,22,4,26,104
09/03/2017,MQY,TN,ASO,CE,Federal Contract Tower,0,1,27,2,30,0,3,64,9,76,0,4,91,11,106,138,0,138,244
09/04/2017,MQY,TN,ASO,CE,Federal Contract Tower,0,6,23,0,29,0,0,79,7,86,0,6,102,7,115,62,0,62,177
09/05/2017,MQY,TN,ASO,CE,Federal Contract Tower,2,3,26,0,31,0,0,41,2,43,2,3,67,2,74,74,0,74,148
09/06/2017,MQY,TN,ASO,CE,Federal Contract Tower,8,58,3,0,69,0,14,104,11,129,8,72,107,11,198,192,0,192,390
09/07/2017,MQY,TN,ASO,CE,Federal Contract Tower,0,7,63,7,77,0,3,133,26,162,0,10,196,33,239,202,80,282,521
09/08/2017,MQY,TN,ASO,CE,Federal Contract Tower,2,9,63,27,101,0,8,111,21,140,2,17,174,48,241,210,16,226,467
09/09/2017,MQY,TN,ASO,CE,Federal Contract Tower,1,2,24,8,35,0,3,96,0,99,1,5,120,8,134,116,0,116,250
09/10/2017,MQY,TN,ASO,CE,Federal Contract Tower,1,1,14,19,35,0,8,65,1,74,1,9,79,20,109,144,0,144,253
09/11/2017,MQY,TN,ASO,CE,Federal Contract Tower,2,10,31,4,47,0,1,44,0,45,2,11,75,4,92,128,0,128,220
09/12/2017,MQY,TN,ASO,CE,Federal Contract Tower,0,9,33,0,42,0,0,6,0,6,0,9,39,0,48,64,0,64,112
09/13/2017,MQY,TN,ASO,CE,Federal Contract Tower,0,7,57,1,65,0,0,8,0,8,0,7,65,1,73,18,0,18,91
09/14/2017,MQY,TN,ASO,CE,Federal Contract Tower,0,15,138,6,159,0,11,89,10,110,0,26,227,16,269,24,0,24,293
09/15/2017,MQY,TN,ASO,CE,Federal Contract Tower,2,9,62,0,73,0,2,100,0,102,2,11,162,0,175,92,0,92,267
09/16/2017,MQY,TN,ASO,CE,Federal Contract Tower,0,1,35,6,42,0,6,54,5,65,0,7,89,11,107,142,0,142,249
09/17/2017,MQY,TN,ASO,CE,Federal Contract Tower,1,1,120,6,128,0,1,62,10,73,1,2,182,16,201,76,8,84,285
09/18/2017,MQY,TN,ASO,CE,Federal Contract Tower,0,9,70,1,80,0,4,107,0,111,0,13,177,1,191,184,0,184,375
09/19/2017,MQY,TN,ASO,CE,Federal Contract Tower,0,8,27,0,35,0,7,50,2,59,0,15,77,2,94,170,6,176,270
09/20/2017,MQY,TN,ASO,CE,Federal Contract Tower,5,4,73,7,89,0,0,85,0,85,5,4,158,7,174,186,0,186,360
09/21/2017,MQY,TN,ASO,CE,Federal Contract Tower,1,10,42,4,57,0,0,92,6,98,1,10,134,10,155,234,18,252,407
09/22/2017,MQY,TN,ASO,CE,Federal Contract Tower,5,7,45,10,67,0,9,86,8,103,5,16,131,18,170,134,2,136,306
09/23/2017,MQY,TN,ASO,CE,Federal Contract Tower,0,3,18,0,21,0,5,83,5,93,0,8,101,5,114,134,6,140,254
09/24/2017,MQY,TN,ASO,CE,Federal Contract Tower,1,3,30,11,45,0,6,62,0,68,1,9,92,11,113,102,0,102,215
09/25/2017,MQY,TN,ASO,CE,Federal Contract Tower,0,8,39,0,47,0,0,85,2,87,0,8,124,2,134,220,0,220,354
09/26/2017,MQY,TN,ASO,CE,Federal Contract Tower,2,10,58,0,70,0,10,95,2,107,2,20,153,2,177,178,4,182,359
09/27/2017,MQY,TN,ASO,CE,Federal Contract Tower,1,12,67,10,90,0,5,108,2,115,1,17,175,12,205,158,2,160,365
09/28/2017,MQY,TN,ASO,CE,Federal Contract Tower,1,28,51,4,84,0,5,106,3,114,1,33,157,7,198,174,0,174,372
09/29/2017,MQY,TN,ASO,CE,Federal Contract Tower,2,19,60,22,103,0,5,79,14,98,2,24,139,36,201,122,0,122,323
09/30/2017,MQY,TN,ASO,CE,Federal Contract Tower,1,6,34,1,42,0,6,71,2,79,1,12,105,3,121,102,0,102,223
10/01/2017,MQY,TN,ASO,CE,Federal Contract Tower,0,1,28,16,45,0,0,58,0,58,0,1,86,16,103,84,0,84,187
10/02/2017,MQY,TN,ASO,CE,Federal Contract Tower,0,17,40,2,59,0,9,61,0,70,0,26,101,2,129,146,0,146,275
10/03/2017,MQY,TN,ASO,CE,Federal Contract Tower,0,16,48,5,69,0,4,94,2,100,0,20,142,7,169,158,0,158,327
10/04/2017,MQY,TN,ASO,CE,Federal Contract Tower,0,9,57,4,70,0,8,90,0,98,0,17,147,4,168,224,0,224,392
10/05/2017,MQY,TN,ASO,CE,Federal Contract Tower,1,10,60,4,75,0,7,110,5,122,1,17,170,9,197,188,0,188,385
10/06/2017,MQY,TN,ASO,CE,Federal Contract Tower,3,6,55,0,64,0,8,104,2,114,3,14,159,2,178,150,0,150,328
10/07/2017,MQY,TN,ASO,CE,Federal Contract Tower,1,3,22,0,26,0,0,31,1,32,1,3,53,1,58,58,0,58,116
10/08/2017,MQY,TN,ASO,CE,Federal Contract Tower,0,2,23,0,25,0,1,1,0,2,0,3,24,0,27,0,0,0,27
10/09/2017,MQY,TN,ASO,CE,Federal Contract Tower,0,10,61,8,79,0,2,43,0,45,0,12,104,8,124,82,0,82,206
10/10/2017,MQY,TN,ASO,CE,Federal Contract Tower,0,14,40,2,56,0,0,5,0,5,0,14,45,2,61,12,0,12,73
10/11/2017,MQY,TN,ASO,CE,Federal Contract Tower,5,15,93,0,113,0,3,24,0,27,5,18,117,0,140,82,0,82,222
10/12/2017,MQY,TN,ASO,CE,Federal Contract Tower,1,7,80,4,92,0,2,89,15,106,1,9,169,19,198,210,20,230,428
10/13/2017,MQY,TN,ASO,CE,Federal Contract Tower,0,11,46,3,60,0,5,81,1,87,0,16,127,4,147,134,2,136,283
10/14/2017,MQY,TN,ASO,CE,Federal Contract Tower,2,7,47,1,57,0,23,64,2,89,2,30,111,3,146,90,0,90,236
10/15/2017,MQY,TN,ASO,CE,Federal Contract Tower,0,3,22,0,25,0,7,14,1,22,0,10,36,1,47,24,0,24,71
10/16/2017,MQY,TN,ASO,CE,Federal Contract Tower,0,12,44,2,58,0,0,66,0,66,0,12,110,2,124,136,0,136,260
10/17/2017,MQY,TN,ASO,CE,Federal Contract Tower,0,14,59,4,77,0,3,83,12,98,0,17,142,16,175,130,14,144,319
10/18/2017,MQY,TN,ASO,CE,Federal Contract Tower,1,17,68,4,90,0,4,103,1,108,1,21,171,5,198,114,0,114,312
10/19/2017,MQY,TN,ASO,CE,Federal Contract Tower,2,8,75,6,91,0,32,114,18,164,2,40,189,24,255,244,6,250,505
10/20/2017,MQY,TN,ASO,CE,Federal Contract Tower,0,11,64,4,79,0,5,102,3,110,0,16,166,7,189,104,0,104,293
10/21/2017,MQY,TN,ASO,CE,Federal Contract Tower,0,4,33,11,48,0,2,86,14,102,0,6,119,25,150,108,0,108,258
10/22/2017,MQY,TN,ASO,CE,Federal Contract Tower,0,2,40,1,43,0,4,37,9,50,0,6,77,10,93,86,0,86,179
10/23/2017,MQY,TN,ASO,CE,Federal Contract Tower,2,7,69,5,83,0,0,10,5,15,2,7,79,10,98,26,0,26,124
10/24/2017,MQY,TN,ASO,CE,Federal Contract Tower,2,5,56,3,66,0,2,84,12,98,2,7,140,15,164,122,4,126,290
10/25/2017,MQY,TN,ASO,CE,Federal Contract Tower,0,8,89,11,108,0,14,132,0,146,0,22,221,11,254,146,0,146,400
10/26/2017,MQY,TN,ASO,CE,Federal Contract Tower,0,15,84,1,100,0,3,103,5,111,0,18,187,6,211,154,0,154,365
10/27/2017,MQY,TN,ASO,CE,Federal Contract Tower,0,8,41,2,51,0,3,51,13,67,0,11,92,15,118,88,0,88,206
10/28/2017,MQY,TN,ASO,CE,Federal Contract Tower,0,3,19,1,23,0,10,55,0,65,0,13,74,1,88,118,0,118,206
10/29/2017,MQY,TN,ASO,CE,Federal Contract Tower,0,4,41,0,45,0,2,27,1,30,0,6,68,1,75,50,0,50,125
10/30/2017,MQY,TN,ASO,CE,Federal Contract Tower,4,5,61,0,70,0,1,87,0,88,4,6,148,0,158,106,0,106,264
10/31/2017,MQY,TN,ASO,CE,Federal Contract Tower,1,11,48,0,60,0,8,97,0,105,1,19,145,0,165,222,0,222,387
11/01/2017,MQY,TN,ASO,CE,Federal Contract Tower,4,14,48,2,68,1,69,4,0,74,5,83,52,2,142,258,0,258,400
11/02/2017,MQY,TN,ASO,CE,Federal Contract Tower,1,15,53,0,69,0,7,35,32,74,1,22,88,32,143,98,52,150,293
11/03/2017,MQY,TN,ASO,CE,Federal Contract Tower,9,6,49,3,67,0,1,32,2,35,9,7,81,5,102,108,0,108,210
11/04/2017,MQY,TN,ASO,CE,Federal Contract Tower,2,3,35,3,43,0,5,37,5,47,2,8,72,8,90,68,0,68,158
11/05/2017,MQY,TN,ASO,CE,Federal Contract Tower,2,2,31,0,35,0,6,33,0,39,2,8,64,0,74,26,0,26,100
11/06/2017,MQY,TN,ASO,CE,Federal Contract Tower,3,15,28,0,46,0,0,0,0,0,3,15,28,0,46,0,0,0,46
11/07/2017,MQY,TN,ASO,CE,Federal Contract Tower,5,21,26,0,52,0,0,0,0,0,5,21,26,0,52,0,0,0,52
11/08/2017,MQY,TN,ASO,CE,Federal Contract Tower,6,12,66,2,86,0,2,37,6,45,6,14,103,8,131,114,4,118,249
11/09/2017,MQY,TN,ASO,CE,Federal Contract Tower,4,13,77,16,110,0,17,123,9,149,4,30,200,25,259,104,4,108,367
11/10/2017,MQY,TN,ASO,CE,Federal Contract Tower,2,6,75,0,83,0,14,107,2,123,2,20,182,2,206,126,0,126,332
11/11/2017,MQY,TN,ASO,CE,Federal Contract Tower,0,4,21,3,28,0,2,118,1,121,0,6,139,4,149,104,0,104,253
11/12/2017,MQY,TN,ASO,CE,Federal Contract Tower,1,2,37,0,40,0,3,33,0,36,1,5,70,0,76,126,0,126,202
11/13/2017,MQY,TN,ASO,CE,Federal Contract Tower,2,13,45,0,60,0,0,62,0,62,2,13,107,0,122,146,0,146,268
11/14/2017,MQY,TN,ASO,CE,Federal Contract Tower,2,8,53,0,63,0,1,85,13,99,2,9,138,13,162,162,36,198,360
11/15/2017,MQY,TN,ASO,CE,Federal Contract Tower,0,13,48,0,61,0,1,60,0,61,0,14,108,0,122,112,0,112,234
11/16/2017,MQY,TN,ASO,CE,Federal Contract Tower,3,7,80,0,90,0,3,86,17,106,3,10,166,17,196,54,52,106,302
11/17/2017,MQY,TN,ASO,CE,Federal Contract Tower,2,9,38,18,67,0,5,89,9,103,2,14,127,27,170,106,14,120,290
11/18/2017,MQY,TN,ASO,CE,Federal Contract Tower,2,2,13,0,17,0,1,5,0,6,2,3,18,0,23,26,0,26,49
11/19/2017,MQY,TN,ASO,CE,Federal Contract Tower,0,8,26,0,34,0,0,43,6,49,0,8,69,6,83,78,6,84,167
11/20/2017,MQY,TN,ASO,CE,Federal Contract Tower,0,9,47,6,62,0,3,96,2,101,0,12,143,8,163,110,4,114,277
11/21/2017,MQY,TN,ASO,CE,Federal Contract Tower,0,9,37,0,46,0,6,65,0,71,0,15,102,0,117,128,0,128,245
11/22/2017,MQY,TN,ASO,CE,Federal Contract Tower,1,10,51,0,62,0,11,55,0,66,1,21,106,0,128,82,0,82,210
11/23/2017,MQY,TN,ASO,CE,Federal Contract Tower,0,1,12,0,13,0,4,5,0,9,0,5,17,0,22,0,0,0,22
11/24/2017,MQY,TN,ASO,CE,Federal Contract Tower,2,5,13,0,20,0,2,60,1,63,2,7,73,1,83,48,0,48,131
11/25/2017,MQY,TN,ASO,CE,Federal Contract Tower,4,4,26,0,34,0,6,58,0,64,4,10,84,0,98,126,0,126,224
11/26/2017,MQY,TN,ASO,CE,Federal Contract Tower,0,5,27,0,32,0,2,51,0,53,0,7,78,0,85,58,0,58,143
11/27/2017,MQY,TN,ASO,CE,Federal Contract Tower,0,9,34,5,48,0,1,95,2,98,0,10,129,7,146,172,12,184,330
11/28/2017,MQY,TN,ASO,CE,Federal Contract Tower,0,19,41,4,64,0,11,95,7,113,0,30,136,11,177,108,0,108,285
11/29/2017,MQY,TN,ASO,CE,Federal Contract Tower,0,10,60,0,70,0,4,99,0,103,0,14,159,0,173,188,0,188,361
11/30/2017,MQY,TN,ASO,CE,Federal Contract Tower,1,8,40,4,53,0,4,31,10,45,1,12,71,14,98,130,16,146,244
12/01/2017,MQY,TN,ASO,CE,Federal Contract Tower,1,5,54,15,75,0,5,107,8,120,1,10,161,23,195,246,2,248,443
12/02/2017,MQY,TN,ASO,CE,Federal Contract Tower,0,1,38,0,39,0,7,81,7,95,0,8,119,7,134,118,0,118,252
12/03/2017,MQY,TN,ASO,CE,Federal Contract Tower,0,2,34,4,40,0,0,62,5,67,0,2,96,9,107,114,0,114,221
12/04/2017,MQY,TN,ASO,CE,Federal Contract Tower,4,10,46,0,60,0,4,58,4,66,4,14,104,4,126,18,0,18,144
12/05/2017,MQY,TN,ASO,CE,Federal Contract Tower,0,13,26,3,42,0,2,12,5,19,0,15,38,8,61,52,0,52,113
12/06/2017,MQY,TN,ASO,CE,Federal Contract Tower,0,7,49,4,60,0,5,77,4,86,0,12,126,8,146,172,0,172,318
12/07/2017,MQY,TN,ASO,CE,Federal Contract Tower,2,13,41,8,64,0,11,74,17,102,2,24,115,25,166,174,12,186,352
12/08/2017,MQY,TN,ASO,CE,Federal Contract Tower,1,8,44,7,60,0,9,100,7,116,1,17,144,14,176,212,22,234,410
12/09/2017,MQY,TN,ASO,CE,Federal Contract Tower,0,6,22,0,28,0,1,112,0,113,0,7,134,0,141,110,0,110,251
12/10/2017,MQY,TN,ASO,CE,Federal Contract Tower,0,1,34,2,37,0,3,76,0,79,0,4,110,2,116,92,0,92,208
12/11/2017,MQY,TN,ASO,CE,Federal Contract Tower,0,11,32,1,44,0,0,76,0,76,0,11,108,1,120,125,0,125,245
12/12/2017,MQY,TN,ASO,CE,Federal Contract Tower,1,9,37,12,59,0,2,66,5,73,1,11,103,17,132,168,0,168,300
12/13/2017,MQY,TN,ASO,CE,Federal Contract Tower,0,8,61,1,70,0,4,88,5,97,0,12,149,6,167,192,0,192,359
12/14/2017,MQY,TN,ASO,CE,Federal Contract Tower,0,30,55,1,86,0,16,94,11,121,0,46,149,12,207,184,0,184,391
12/15/2017,MQY,TN,ASO,CE,Federal Contract Tower,1,11,53,8,73,0,8,97,10,115,1,19,150,18,188,138,12,150,338
12/16/2017,MQY,TN,ASO,CE,Federal Contract Tower,1,4,20,15,40,0,9,78,6,93,1,13,98,21,133,104,0,104,237
12/17/2017,MQY,TN,ASO,CE,Federal Contract Tower,0,6,16,10,32,0,1,0,2,3,0,7,16,12,35,0,10,10,45
12/18/2017,MQY,TN,ASO,CE,Federal Contract Tower,0,16,34,0,50,0,2,31,1,34,0,18,65,1,84,86,0,86,170
12/19/2017,MQY,TN,ASO,CE,Federal Contract Tower,2,15,32,2,51,0,2,27,0,29,2,17,59,2,80,56,0,56,136
12/20/2017,MQY,TN,ASO,CE,Federal Contract Tower,1,11,32,0,44,0,0,0,0,0,1,11,32,0,44,0,0,0,44
12/21/2017,MQY,TN,ASO,CE,Federal Contract Tower,0,7,52,0,59,0,1,8,0,9,0,8,60,0,68,24,0,24,92
12/22/2017,MQY,TN,ASO,CE,Federal Contract Tower,0,10,15,0,25,0,0,0,0,0,0,10,15,0,25,0,0,0,25
12/23/2017,MQY,TN,ASO,CE,Federal Contract Tower,1,17,0,0,18,0,0,0,0,0,1,17,0,0,18,0,0,0,18
12/24/2017,MQY,TN,ASO,CE,Federal Contract Tower,0,5,2,0,7,0,0,0,0,0,0,5,2,0,7,0,0,0,7
12/25/2017,MQY,TN,ASO,CE,Federal Contract Tower,0,0,4,0,4,0,2,6,0,8,0,2,10,0,12,0,0,0,12
12/26/2017,MQY,TN,ASO,CE,Federal Contract Tower,0,13,35,0,48,0,5,38,0,43,0,18,73,0,91,76,0,76,167
12/27/2017,MQY,TN,ASO,CE,Federal Contract Tower,0,15,24,0,39,0,5,40,0,45,0,20,64,0,84,44,0,44,128
12/28/2017,MQY,TN,ASO,CE,Federal Contract Tower,0,7,39,0,46,0,0,46,1,47,0,7,85,1,93,92,0,92,185
12/29/2017,MQY,TN,ASO,CE,Federal Contract Tower,0,6,29,0,35,0,9,52,0,61,0,15,81,0,96,128,0,128,224
12/30/2017,MQY,TN,ASO,CE,Federal Contract Tower,0,5,22,0,27,0,2,59,0,61,0,7,81,0,88,134,0,134,222
12/31/2017,MQY,TN,ASO,CE,Federal Contract Tower,0,1,10,0,11,0,4,17,0,21,0,5,27,0,32,64,0,64,96
01/01/2018,MQY,TN,ASO,CE,Federal Contract Tower,0,1,16,0,17,0,0,16,0,16,0,1,32,0,33,20,0,20,53
01/02/2018,MQY,TN,ASO,CE,Federal Contract Tower,0,8,35,1,44,0,3,57,0,60,0,11,92,1,104,114,0,114,218
01/03/2018,MQY,TN,ASO,CE,Federal Contract Tower,8,26,0,0,34,0,14,67,1,82,8,40,67,1,116,172,2,174,290
01/04/2018,MQY,TN,ASO,CE,Federal Contract Tower,3,9,24,8,44,0,8,54,16,78,3,17,78,24,122,152,26,178,300
01/05/2018,MQY,TN,ASO,CE,Federal Contract Tower,0,10,39,2,51,0,5,92,8,105,0,15,131,10,156,158,4,162,318
01/06/2018,MQY,TN,ASO,CE,Federal Contract Tower,0,2,21,1,24,0,4,72,7,83,0,6,93,8,107,96,0,96,203
01/07/2018,MQY,TN,ASO,CE,Federal Contract Tower,1,5,17,0,23,0,4,35,0,39,1,9,52,0,62,80,0,80,142
01/08/2018,MQY,TN,ASO,CE,Federal Contract Tower,0,11,33,0,44,0,0,0,0,0,0,11,33,0,44,0,0,0,44
01/09/2018,MQY,TN,ASO,CE,Federal Contract Tower,0,9,47,0,56,0,1,2,0,3,0,10,49,0,59,0,0,0,59
01/10/2018,MQY,TN,ASO,CE,Federal Contract Tower,0,10,64,0,74,0,20,69,3,92,0,30,133,3,166,262,0,262,428
01/11/2018,MQY,TN,ASO,CE,Federal Contract Tower,0,15,56,4,75,0,10,59,8,77,0,25,115,12,152,226,22,248,400
01/12/2018,MQY,TN,ASO,CE,Federal Contract Tower,0,0,1,0,1,0,0,0,0,0,0,0,1,0,1,0,0,0,1
01/13/2018,MQY,TN,ASO,CE,Federal Contract Tower,0,3,8,0,11,0,5,5,0,10,0,8,13,0,21,6,0,6,27
01/14/2018,MQY,TN,ASO,CE,Federal Contract Tower,0,3,25,0,28,0,14,54,0,68,0,17,79,0,96,136,0,136,232
01/15/2018,MQY,TN,ASO,CE,Federal Contract Tower,0,5,25,0,30,0,3,92,0,95,0,8,117,0,125,156,0,156,281
01/16/2018,MQY,TN,ASO,CE,Federal Contract Tower,0,3,13,0,16,0,0,4,0,4,0,3,17,0,20,0,0,0,20
01/17/2018,MQY,TN,ASO,CE,Federal Contract Tower,0,12,18,0,30,0,12,32,0,44,0,24,50,0,74,80,0,80,154
01/18/2018,MQY,TN,ASO,CE,Federal Contract Tower,0,10,38,1,49,0,12,71,12,95,0,22,109,13,144,166,10,176,320
01/19/2018,MQY,TN,ASO,CE,Federal Contract Tower,0,7,50,0,57,0,7,95,9,111,0,14,145,9,168,208,2,210,378
01/20/2018,MQY,TN,ASO,CE,Federal Contract Tower,0,3,17,0,20,0,2,105,3,110,0,5,122,3,130,168,14,182,312
01/21/2018,MQY,TN,ASO,CE,Federal Contract Tower,0,0,31,1,32,0,5,74,1,80,0,5,105,2,112,134,0,134,246
01/22/2018,MQY,TN,ASO,CE,Federal Contract Tower,0,11,16,0,27,0,0,3,1,4,0,11,19,1,31,0,0,0,31
01/23/2018,MQY,TN,ASO,CE,Federal Contract Tower,0,9,42,0,51,0,3,91,0,94,0,12,133,0,145,188,0,188,333
01/24/2018,MQY,TN,ASO,CE,Federal Contract Tower,0,15,45,0,60,0,8,103,0,111,0,23,148,0,171,180,0,180,351
01/25/2018,MQY,TN,ASO,CE,Federal Contract Tower,2,17,53,7,79,0,15,173,25,213,2,32,226,32,292,280,42,322,614
01/26/2018,MQY,TN,ASO,CE,Federal Contract Tower,2,6,53,11,72,0,7,161,13,181,2,13,214,24,253,198,14,212,465
01/27/2018,MQY,TN,ASO,CE,Federal Contract Tower,0,2,22,0,24,0,0,25,0,25,0,2,47,0,49,60,0,60,109
01/28/2018,MQY,TN,ASO,CE,Federal Contract Tower,0,5,26,9,40,0,8,38,8,54,0,13,64,17,94,72,6,78,172
01/29/2018,MQY,TN,ASO,CE,Federal Contract Tower,0,11,43,4,58,0,1,67,1,69,0,12,110,5,127,142,2,144,271
01/30/2018,MQY,TN,ASO,CE,Federal Contract Tower,0,11,47,1,59,0,8,94,17,119,0,19,141,18,178,184,10,194,372
01/31/2018,MQY,TN,ASO,CE,Federal Contract Tower,2,4,44,0,50,0,6,117,5,128,2,10,161,5,178,128,0,128,306
02/01/2018,MQY,TN,ASO,CE,Federal Contract Tower,2,12,23,1,38,0,1,12,0,13,2,13,35,1,51,62,0,62,113
02/02/2018,MQY,TN,ASO,CE,Federal Contract Tower,0,7,55,10,72,0,15,109,7,131,0,22,164,17,203,230,0,230,433
02/03/2018,MQY,TN,ASO,CE,Federal Contract Tower,2,10,34,0,46,0,7,98,10,115,2,17,132,10,161,100,2,102,263
02/04/2018,MQY,TN,ASO,CE,Federal Contract Tower,0,1,27,0,28,0,0,2,4,6,0,1,29,4,34,2,0,2,36
02/05/2018,MQY,TN,ASO,CE,Federal Contract Tower,0,12,29,3,44,0,10,85,1,96,0,22,114,4,140,178,0,178,318
02/06/2018,MQY,TN,ASO,CE,Federal Contract Tower,0,8,35,0,43,0,0,53,0,53,0,8,88,0,96,214,0,214,310
02/07/2018,MQY,TN,ASO,CE,Federal Contract Tower,0,5,22,2,29,0,1,13,8,22,0,6,35,10,51,58,0,58,109
02/08/2018,MQY,TN,ASO,CE,Federal Contract Tower,0,19,63,8,90,0,7,144,30,181,0,26,207,38,271,292,30,322,593
02/09/2018,MQY,TN,ASO,CE,Federal Contract Tower,0,4,54,4,62,0,14,134,14,162,0,18,188,18,224,254,12,266,490
02/10/2018,MQY,TN,ASO,CE,Federal Contract Tower,0,8,12,0,20,0,0,0,0,0,0,8,12,0,20,0,0,0,20
02/11/2018,MQY,TN,ASO,CE,Federal Contract Tower,0,5,16,0,21,0,0,0,0,0,0,5,16,0,21,0,0,0,21
02/12/2018,MQY,TN,ASO,CE,Federal Contract Tower,0,13,23,0,36,0,0,37,5,42,0,13,60,5,78,0,0,0,78
02/13/2018,MQY,TN,ASO,CE,Federal Contract Tower,0,11,42,6,59,0,19,63,13,95,0,30,105,19,154,220,32,252,406
02/14/2018,MQY,TN,ASO,CE,Federal Contract Tower,2,4,30,3,39,0,0,0,0,0,2,4,30,3,39,0,0,0,39
02/15/2018,MQY,TN,ASO,CE,Federal Contract Tower,0,13,58,0,71,0,1,74,6,81,0,14,132,6,152,140,0,140,292
02/16/2018,MQY,TN,ASO,CE,Federal Contract Tower,2,3,32,0,37,0,0,5,0,5,2,3,37,0,42,12,0,12,54
02/17/2018,MQY,TN,ASO,CE,Federal Contract Tower,0,2,19,0,21,0,0,0,0,0,0,2,19,0,21,0,0,0,21
02/18/2018,MQY,TN,ASO,CE,Federal Contract Tower,0,4,37,0,41,0,13,128,2,143,0,17,165,2,184,336,0,336,520
02/19/2018,MQY,TN,ASO,CE,Federal Contract Tower,1,7,45,0,53,0,2,71,0,73,1,9,116,0,126,139,0,139,265
02/20/2018,MQY,TN,ASO,CE,Federal Contract Tower,0,17,49,3,69,0,3,87,2,92,0,20,136,5,161,210,0,210,371
02/21/2018,MQY,TN,ASO,CE,Federal Contract Tower,1,8,24,0,33,0,2,15,0,17,1,10,39,0,50,88,0,88,138
02/22/2018,MQY,TN,ASO,CE,Federal Contract Tower,0,6,32,0,38,0,0,0,0,0,0,6,32,0,38,0,0,0,38
02/23/2018,MQY,TN,ASO,CE,Federal Contract Tower,0,7,49,0,56,0,8,145,8,161,0,15,194,8,217,370,0,370,587
02/24/2018,MQY,TN,ASO,CE,Federal Contract Tower,0,1,22,2,25,0,0,45,20,65,0,1,67,22,90,114,96,210,300
02/25/2018,MQY,TN,ASO,CE,Federal Contract Tower,2,2,45,1,50,0,3,76,7,86,2,5,121,8,136,282,0,282,418
02/26/2018,MQY,TN,ASO,CE,Federal Contract Tower,0,15,62,2,79,0,4,120,2,126,0,19,182,4,205,176,0,176,381
02/27/2018,MQY,TN,ASO,CE,Federal Contract Tower,1,9,79,1,90,0,2,161,3,166,1,11,240,4,256,200,0,200,456
02/28/2018,MQY,TN,ASO,CE,Federal Contract Tower,3,17,56,0,76,0,0,1,0,1,3,17,57,0,77,0,0,0,77
03/01/2018,MQY,TN,ASO,CE,Federal Contract Tower,0,13,55,1,69,0,11,52,9,72,0,24,107,10,141,276,32,308,449
03/02/2018,MQY,TN,ASO,CE,Federal Contract Tower,2,5,69,28,104,0,5,144,17,166,2,10,213,45,270,170,4,174,444
03/03/2018,MQY,TN,ASO,CE,Federal Contract Tower,0,7,48,1,56,0,3,137,0,140,0,10,185,1,196,162,0,162,358
03/04/2018,MQY,TN,ASO,CE,Federal Contract Tower,0,2,41,12,55,0,7,119,4,130,0,9,160,16,185,272,0,272,457
03/05/2018,MQY,TN,ASO,CE,Federal Contract Tower,0,10,34,2,46,0,4,33,0,37,0,14,67,2,83,84,0,84,167
03/06/2018,MQY,TN,ASO,CE,Federal Contract Tower,0,12,24,9,45,0,3,68,5,76,0,15,92,14,121,104,0,104,225
03/07/2018,MQY,TN,ASO,CE,Federal Contract Tower,2,9,45,1,57,0,7,94,9,110,2,16,139,10,167,238,0,238,405
03/08/2018,MQY,TN,ASO,CE,Federal Contract Tower,0,14,48,3,65,0,4,71,3,78,0,18,119,6,143,188,2,190,333
03/09/2018,MQY,TN,ASO,CE,Federal Contract Tower,0,15,59,0,74,0,7,167,0,174,0,22,226,0,248,244,0,244,492
03/10/2018,MQY,TN,ASO,CE,Federal Contract Tower,1,4,17,0,22,0,4,66,3,73,1,8,83,3,95,152,0,152,247
03/11/2018,MQY,TN,ASO,CE,Federal Contract Tower,1,5,18,0,24,0,0,9,0,9,1,5,27,0,33,2,0,2,35
03/12/2018,MQY,TN,ASO,CE,Federal Contract Tower,0,7,41,0,48,0,4,60,0,64,0,11,101,0,112,188,0,188,300
03/13/2018,MQY,TN,ASO,CE,Federal Contract Tower,0,12,38,2,52,0,4,104,4,112,0,16,142,6,164,188,0,188,352
03/14/2018,MQY,TN,ASO,CE,Federal Contract Tower,0,10,87,3,100,0,13,162,5,180,0,23,249,8,280,316,6,322,602
03/15/2018,MQY,TN,ASO,CE,Federal Contract Tower,0,7,79,3,89,0,3,108,14,125,0,10,187,17,214,164,14,178,392
03/16/2018,MQY,TN,ASO,CE,Federal Contract Tower,0,8,53,0,61,0,8,139,5,152,0,16,192,5,213,272,2,274,487
03/17/2018,MQY,TN,ASO,CE,Federal Contract Tower,0,5,25,5,35,0,1,47,3,51,0,6,72,8,86,60,10,70,156
03/18/2018,MQY,TN,ASO,CE,Federal Contract Tower,0,3,51,3,57,0,3,67,1,71,0,6,118,4,128,202,2,204,332
03/19/2018,MQY,TN,ASO,CE,Federal Contract Tower,0,8,36,0,44,0,1,36,0,37,0,9,72,0,81,136,0,136,217
03/20/2018,MQY,TN,ASO,CE,Federal Contract Tower,0,10,38,0,48,0,1,20,0,21,0,11,58,0,69,74,0,74,143
03/21/2018,MQY,TN,ASO,CE,Federal Contract Tower,0,7,65,8,80,0,0,110,8,118,0,7,175,16,198,248,2,250,448
03/22/2018,MQY,TN,ASO,CE,Federal Contract Tower,2,16,68,2,88,0,7,171,7,185,2,23,239,9,273,214,14,228,501
03/23/2018,MQY,TN,ASO,CE,Federal Contract Tower,0,10,60,4,74,0,10,114,4,128,0,20,174,8,202,300,0,300,502
03/24/2018,MQY,TN,ASO,CE,Federal Contract Tower,0,9,22,1,32,0,1,19,0,20,0,10,41,1,52,52,0,52,104
03/25/2018,MQY,TN,ASO,CE,Federal Contract Tower,0,3,40,1,44,0,0,4,0,4,0,3,44,1,48,8,0,8,56
03/26/2018,MQY,TN,ASO,CE,Federal Contract Tower,0,7,47,2,56,0,1,85,1,87,0,8,132,3,143,278,0,278,421
03/27/2018,MQY,TN,ASO,CE,Federal Contract Tower,0,9,65,4,78,0,0,73,14,87,0,9,138,18,165,248,0,248,413
03/28/2018,MQY,TN,ASO,CE,Federal Contract Tower,0,9,49,0,58,0,4,31,4,39,0,13,80,4,97,134,0,134,231
03/29/2018,MQY,TN,ASO,CE,Federal Contract Tower,1,9,47,0,57,0,0,14,0,14,1,9,61,0,71,52,0,52,123
03/30/2018,MQY,TN,ASO,CE,Federal Contract Tower,9,97,0,0,106,0,1,120,2,123,9,98,120,2,229,328,0,328,557
03/31/2018,MQY,TN,ASO,CE,Federal Contract Tower,4,6,40,0,50,0,6,161,0,167,4,12,201,0,217,234,0,234,451
04/01/2018,MQY,TN,ASO,CE,Federal Contract Tower,1,5,18,0,24,0,3,4,0,7,1,8,22,0,31,0,0,0,31
04/02/2018,MQY,TN,ASO,CE,Federal Contract Tower,0,11,46,0,57,0,4,51,1,56,0,15,97,1,113,158,0,158,271
04/03/2018,MQY,TN,ASO,CE,Federal Contract Tower,0,9,23,0,32,0,5,48,1,54,0,14,71,1,86,164,0,164,250
04/04/2018,MQY,TN,ASO,CE,Federal Contract Tower,3,16,78,6,103,0,11,127,5,143,3,27,205,11,246,268,10,278,524
04/05/2018,MQY,TN,ASO,CE,Federal Contract Tower,0,16,80,5,101,0,8,158,10,176,0,24,238,15,277,320,6,326,603
04/06/2018,MQY,TN,ASO,CE,Federal Contract Tower,1,8,57,0,66,0,8,41,0,49,1,16,98,0,115,40,0,40,155
04/07/2018,MQY,TN,ASO,CE,Federal Contract Tower,0,6,10,0,16,0,0,0,0,0,0,6,10,0,16,0,0,0,16
04/08/2018,MQY,TN,ASO,CE,Federal Contract Tower,2,3,55,2,62,0,7,103,2,112,2,10,158,4,174,228,0,228,402
04/09/2018,MQY,TN,ASO,CE,Federal Contract Tower,0,9,58,1,68,0,1,127,1,129,0,10,185,2,197,212,0,212,409
04/10/2018,MQY,TN,ASO,CE,Federal Contract Tower,0,9,66,12,87,0,0,123,0,123,0,9,189,12,210,208,0,208,418
04/11/2018,MQY,TN,ASO,CE,Federal Contract Tower,0,12,56,3,71,0,0,111,1,112,0,12,167,4,183,130,0,130,313
04/12/2018,MQY,TN,ASO,CE,Federal Contract Tower,0,11,42,0,53,0,0,78,3,81,0,11,120,3,134,130,0,130,264
04/13/2018,MQY,TN,ASO,CE,Federal Contract Tower,0,17,40,5,62,0,10,83,9,102,0,27,123,14,164,68,0,68,232
04/14/2018,MQY,TN,ASO,CE,Federal Contract Tower,0,2,4,1,7,0,0,0,0,0,0,2,4,1,7,0,0,0,7
04/15/2018,MQY,TN,ASO,CE,Federal Contract Tower,0,4,30,3,37,0,5,20,5,30,0,9,50,8,67,54,0,54,121
04/16/2018,MQY,TN,ASO,CE,Federal Contract Tower,0,6,31,0,37,0,13,43,0,56,0,19,74,0,93,82,2,84,177
04/17/2018,MQY,TN,ASO,CE,Federal Contract Tower,2,10,52,0,64,0,4,103,6,113,2,14,155,6,177,100,2,102,279
04/18/2018,MQY,TN,ASO,CE,Federal Contract Tower,1,11,42,5,59,0,8,62,10,80,1,19,104,15,139,74,0,74,213
04/19/2018,MQY,TN,ASO,CE,Federal Contract Tower,1,11,56,0,68,0,7,100,7,114,1,18,156,7,182,178,40,218,400
04/20/2018,MQY,TN,ASO,CE,Federal Contract Tower,0,12,64,12,88,0,4,148,20,172,0,16,212,32,260,194,16,210,470
04/21/2018,MQY,TN,ASO,CE,Federal Contract Tower,0,5,31,2,38,0,4,195,4,203,0,9,226,6,241,178,2,180,421
04/22/2018,MQY,TN,ASO,CE,Federal Contract Tower,0,4,11,3,18,0,4,0,2,6,0,8,11,5,24,0,0,0,24
04/23/2018,MQY,TN,ASO,CE,Federal Contract Tower,5,11,27,0,43,0,4,17,1,22,5,15,44,1,65,10,0,10,75
04/24/2018,MQY,TN,ASO,CE,Federal Contract Tower,0,18,40,7,65,0,0,27,2,29,0,18,67,9,94,112,0,112,206
04/25/2018,MQY,TN,ASO,CE,Federal Contract Tower,1,9,79,11,100,0,24,92,6,122,1,33,171,17,222,264,6,270,492
04/26/2018,MQY,TN,ASO,CE,Federal Contract Tower,0,11,48,0,59,0,2,48,9,59,0,13,96,9,118,130,30,160,278
04/27/2018,MQY,TN,ASO,CE,Federal Contract Tower,12,12,51,3,78,0,1,118,2,121,12,13,169,5,199,202,10,212,411
04/28/2018,MQY,TN,ASO,CE,Federal Contract Tower,6,3,22,3,34,0,0,89,2,91,6,3,111,5,125,110,0,110,235
04/29/2018,MQY,TN,ASO,CE,Federal Contract Tower,2,1,28,10,41,0,2,87,0,89,2,3,115,10,130,204,0,204,334
04/30/2018,MQY,TN,ASO,CE,Federal Contract Tower,0,11,42,2,55,0,6,117,1,124,0,17,159,3,179,220,0,220,399
05/01/2018,MQY,TN,ASO,CE,Federal Contract Tower,0,7,40,5,52,0,13,125,13,151,0,20,165,18,203,194,22,216,419
05/02/2018,MQY,TN,ASO,CE,Federal Contract Tower,0,13,56,3,72,0,10,94,30,134,0,23,150,33,206,162,0,162,368
05/03/2018,MQY,TN,ASO,CE,Federal Contract Tower,0,14,57,0,71,0,8,106,6,120,0,22,163,6,191,200,0,200,391
05/04/2018,MQY,TN,ASO,CE,Federal Contract Tower,0,11,34,1,46,0,2,46,4,52,0,13,80,5,98,68,0,68,166
05/05/2018,MQY,TN,ASO,CE,Federal Contract Tower,0,2,12,1,15,0,0,3,0,3,0,2,15,1,18,2,0,2,20
05/06/2018,MQY,TN,ASO,CE,Federal Contract Tower,0,5,27,6,38,0,2,51,4,57,0,7,78,10,95,120,2,122,217
05/07/2018,MQY,TN,ASO,CE,Federal Contract Tower,2,20,42,2,66,0,14,65,0,79,2,34,107,2,145,108,0,108,253
05/08/2018,MQY,TN,ASO,CE,Federal Contract Tower,0,10,53,4,67,0,3,94,1,98,0,13,147,5,165,188,0,188,353
05/09/2018,MQY,TN,ASO,CE,Federal Contract Tower,1,15,51,2,69,0,10,88,3,101,1,25,139,5,170,226,0,226,396
05/10/2018,MQY,TN,ASO,CE,Federal Contract Tower,3,10,49,1,63,0,1,74,8,83,3,11,123,9,146,172,26,198,344
05/11/2018,MQY,TN,ASO,CE,Federal Contract Tower,0,10,44,3,57,0,14,93,5,112,0,24,137,8,169,168,12,180,349
05/12/2018,MQY,TN,ASO,CE,Federal Contract Tower,0,4,34,0,38,0,7,81,3,91,0,11,115,3,129,106,0,106,235
05/13/2018,MQY,TN,ASO,CE,Federal Contract Tower,0,3,14,1,18,0,0,49,0,49,0,3,63,1,67,94,0,94,161
05/14/2018,MQY,TN,ASO,CE,Federal Contract Tower,1,9,38,2,50,0,1,94,2,97,1,10,132,4,147,82,6,88,235
05/15/2018,MQY,TN,ASO,CE,Federal Contract Tower,1,12,44,5,62,0,5,96,10,111,1,17,140,15,173,114,0,114,287
05/16/2018,MQY,TN,ASO,CE,Federal Contract Tower,1,9,53,6,69,0,4,58,1,63,1,13,111,7,132,180,6,186,318
05/17/2018,MQY,TN,ASO,CE,Federal Contract Tower,0,10,28,10,48,0,2,85,5,92,0,12,113,15,140,158,0,158,298
05/18/2018,MQY,TN,ASO,CE,Federal Contract Tower,0,1,55,2,58,0,0,113,7,120,0,1,168,9,178,174,4,178,356
05/19/2018,MQY,TN,ASO,CE,Federal Contract Tower,0,4,30,3,37,0,10,54,5,69,0,14,84,8,106,64,26,90,196
05/20/2018,MQY,TN,ASO,CE,Federal Contract Tower,0,4,27,2,33,0,2,53,1,56,0,6,80,3,89,138,0,138,227
05/21/2018,MQY,TN,ASO,CE,Federal Contract Tower,0,9,36,1,46,0,2,83,0,85,0,11,119,1,131,76,0,76,207
05/22/2018,MQY,TN,ASO,CE,Federal Contract Tower,0,13,45,3,61,0,5,53,3,61,0,18,98,6,122,90,0,90,212
05/23/2018,MQY,TN,ASO,CE,Federal Contract Tower,0,3,80,6,89,0,7,110,4,121,0,10,190,10,210,182,6,188,398
05/24/2018,MQY,TN,ASO,CE,Federal Contract Tower,8,15,76,5,104,0,4,117,19,140,8,19,193,24,244,190,22,212,456
05/25/2018,MQY,TN,ASO,CE,Federal Contract Tower,3,8,36,2,49,0,2,109,0,111,3,10,145,2,160,162,0,162,322
05/26/2018,MQY,TN,ASO,CE,Federal Contract Tower,2,2,37,0,41,0,7,53,0,60,2,9,90,0,101,52,0,52,153
05/27/2018,MQY,TN,ASO,CE,Federal Contract Tower,0,0,22,1,23,0,4,23,0,27,0,4,45,1,50,46,0,46,96
05/28/2018,MQY,TN,ASO,CE,Federal Contract Tower,0,5,24,0,29,0,0,54,0,54,0,5,78,0,83,72,0,72,155
05/29/2018,MQY,TN,ASO,CE,Federal Contract Tower,0,13,37,4,54,0,4,27,0,31,0,17,64,4,85,62,0,62,147
05/30/2018,MQY,TN,ASO,CE,Federal Contract Tower,2,19,51,2,74,0,4,50,6,60,2,23,101,8,134,128,0,128,262
05/31/2018,MQY,TN,ASO,CE,Federal Contract Tower,0,9,36,6,51,0,2,70,5,77,0,11,106,11,128,138,6,144,272
06/01/2018,MQY,TN,ASO,CE,Federal Contract Tower,0,5,35,6,46,0,3,88,6,97,0,8,123,12,143,110,8,118,261
06/02/2018,MQY,TN,ASO,CE,Federal Contract Tower,0,4,27,4,35,0,5,83,3,91,0,9,110,7,126,196,16,212,338
06/03/2018,MQY,TN,ASO,CE,Federal Contract Tower,0,3,22,6,31,0,8,51,0,59,0,11,73,6,90,138,0,138,228
06/04/2018,MQY,TN,ASO,CE,Federal Contract Tower,4,11,57,2,74,0,4,91,3,98,4,15,148,5,172,66,0,66,238
06/05/2018,MQY,TN,ASO,CE,Federal Contract Tower,0,8,30,6,44,0,4,137,6,147,0,12,167,12,191,128,0,128,319
06/06/2018,MQY,TN,ASO,CE,Federal Contract Tower,0,15,71,11,97,0,3,121,8,132,0,18,192,19,229,178,10,188,417
06/07/2018,MQY,TN,ASO,CE,Federal Contract Tower,0,13,45,6,64,0,7,121,8,136,0,20,166,14,200,248,30,278,478
06/08/2018,MQY,TN,ASO,CE,Federal Contract Tower,0,12,53,12,77,0,8,146,6,160,0,20,199,18,237,230,14,244,481
06/09/2018,MQY,TN,ASO,CE,Federal Contract Tower,12,34,10,0,56,0,4,97,8,109,12,38,107,8,165,50,0,50,215
06/10/2018,MQY,TN,ASO,CE,Federal Contract Tower,0,1,15,10,26,0,0,19,0,19,0,1,34,10,45,22,0,22,67
06/11/2018,MQY,TN,ASO,CE,Federal Contract Tower,0,11,36,4,51,0,5,76,1,82,0,16,112,5,133,182,8,190,323
06/12/2018,MQY,TN,ASO,CE,Federal Contract Tower,0,8,32,1,41,0,7,88,5,100,0,15,120,6,141,162,14,176,317
06/13/2018,MQY,TN,ASO,CE,Federal Contract Tower,0,14,46,2,62,0,6,88,0,94,0,20,134,2,156,162,0,162,318
06/14/2018,MQY,TN,ASO,CE,Federal Contract Tower,0,11,82,9,102,0,3,113,25,141,0,14,195,34,243,212,72,284,527
06/15/2018,MQY,TN,ASO,CE,Federal Contract Tower,0,3,55,2,60,0,9,131,8,148,0,12,186,10,208,172,12,184,392
06/16/2018,MQY,TN,ASO,CE,Federal Contract Tower,2,7,16,0,25,0,4,101,0,105,2,11,117,0,130,160,0,160,290
06/17/2018,MQY,TN,ASO,CE,Federal Contract Tower,2,5,19,0,26,0,0,41,0,41,2,5,60,0,67,60,0,60,127
06/18/2018,MQY,TN,ASO,CE,Federal Contract Tower,0,6,42,2,50,0,0,60,0,60,0,6,102,2,110,152,0,152,262
06/19/2018,MQY,TN,ASO,CE,Federal Contract Tower,0,11,41,6,58,0,1,117,11,129,0,12,158,17,187,190,10,200,387
06/20/2018,MQY,TN,ASO,CE,Federal Contract Tower,0,8,65,0,73,0,6,128,0,134,0,14,193,0,207,294,0,294,501
06/21/2018,MQY,TN,ASO,CE,Federal Contract Tower,0,13,25,4,42,0,5,45,11,61,0,18,70,15,103,120,10,130,233
06/22/2018,MQY,TN,ASO,CE,Federal Contract Tower,2,8,41,3,54,0,9,47,3,59,2,17,88,6,113,88,0,88,201
06/23/2018,MQY,TN,ASO,CE,Federal Contract Tower,0,0,37,4,41,0,5,60,4,69,0,5,97,8,110,62,0,62,172
06/24/2018,MQY,TN,ASO,CE,Federal Contract Tower,2,1,10,1,14,0,6,57,0,63,2,7,67,1,77,112,0,112,189
06/25/2018,MQY,TN,ASO,CE,Federal Contract Tower,0,16,39,0,55,0,6,78,0,84,0,22,117,0,139,92,0,92,231
06/26/2018,MQY,TN,ASO,CE,Federal Contract Tower,0,12,56,4,72,0,4,61,19,84,0,16,117,23,156,112,32,144,300
06/27/2018,MQY,TN,ASO,CE,Federal Contract Tower,0,17,55,2,74,0,3,40,1,44,0,20,95,3,118,68,6,74,192
06/28/2018,MQY,TN,ASO,CE,Federal Contract Tower,4,7,59,5,75,0,3,56,27,86,4,10,115,32,161,84,52,136,297
06/29/2018,MQY,TN,ASO,CE,Federal Contract Tower,0,10,92,9,111,0,6,118,3,127,0,16,210,12,238,180,2,182,420
06/30/2018,MQY,TN,ASO,CE,Federal Contract Tower,3,5,31,0,39,0,6,143,0,149,3,11,174,0,188,134,0,134,322
07/01/2018,MQY,TN,ASO,CE,Federal Contract Tower,6,0,29,2,37,0,0,84,0,84,6,0,113,2,121,154,0,154,275
07/02/2018,MQY,TN,ASO,CE,Federal Contract Tower,0,6,39,3,48,0,2,70,1,73,0,8,109,4,121,80,0,80,201
07/03/2018,MQY,TN,ASO,CE,Federal Contract Tower,0,4,38,3,45,0,2,85,2,89,0,6,123,5,134,152,2,154,288
07/04/2018,MQY,TN,ASO,CE,Federal Contract Tower,0,1,25,0,26,0,0,57,0,57,0,1,82,0,83,114,0,114,197
07/05/2018,MQY,TN,ASO,CE,Federal Contract Tower,0,8,47,2,57,0,2,90,16,108,0,10,137,18,165,150,18,168,333
07/06/2018,MQY,TN,ASO,CE,Federal Contract Tower,0,7,31,4,42,0,1,35,0,36,0,8,66,4,78,66,8,74,152
07/07/2018,MQY,TN,ASO,CE,Federal Contract Tower,0,7,75,1,83,0,1,46,0,47,0,8,121,1,130,102,0,102,232
07/08/2018,MQY,TN,ASO,CE,Federal Contract Tower,1,5,45,11,62,0,11,33,4,48,1,16,78,15,110,46,12,58,168
07/09/2018,MQY,TN,ASO,CE,Federal Contract Tower,0,5,66,0,71,0,3,96,1,100,0,8,162,1,171,104,0,104,275
07/10/2018,MQY,TN,ASO,CE,Federal Contract Tower,0,9,57,4,70,0,0,70,17,87,0,9,127,21,157,118,52,170,327
07/11/2018,MQY,TN,ASO,CE,Federal Contract Tower,0,6,84,2,92,0,22,109,26,157,0,28,193,28,249,200,42,242,491
07/12/2018,MQY,TN,ASO,CE,Federal Contract Tower,3,7,80,3,93,0,10,125,4,139,3,17,205,7,232,200,0,200,432
07/13/2018,MQY,TN,ASO,CE,Federal Contract Tower,0,9,61,8,78,0,8,125,24,157,0,17,186,32,235,220,42,262,497
07/14/2018,MQY,TN,ASO,CE,Federal Contract Tower,0,3,23,2,28,0,17,95,3,115,0,20,118,5,143,166,0,166,309
07/15/2018,MQY,TN,ASO,CE,Federal Contract Tower,0,6,13,4,23,0,3,21,0,24,0,9,34,4,47,28,0,28,75
07/16/2018,MQY,TN,ASO,CE,Federal Contract Tower,0,8,64,6,78,0,2,76,4,82,0,10,140,10,160,242,0,242,402
07/17/2018,MQY,TN,ASO,CE,Federal Contract Tower,0,13,64,2,79,0,6,89,0,95,0,19,153,2,174,202,0,202,376
07/18/2018,MQY,TN,ASO,CE,Federal Contract Tower,0,15,76,4,95,0,11,175,5,191,0,26,251,9,286,378,0,378,664
07/19/2018,MQY,TN,ASO,CE,Federal Contract Tower,0,12,78,2,92,0,6,192,5,203,0,18,270,7,295,394,2,396,691
07/20/2018,MQY,TN,ASO,CE,Federal Contract Tower,0,5,63,14,82,0,3,77,4,84,0,8,140,18,166,128,0,128,294
07/21/2018,MQY,TN,ASO,CE,Federal Contract Tower,1,4,26,4,35,0,7,78,6,91,1,11,104,10,126,116,0,116,242
07/22/2018,MQY,TN,ASO,CE,Federal Contract Tower,0,4,37,3,44,0,2,23,0,25,0,6,60,3,69,38,0,38,107
07/23/2018,MQY,TN,ASO,CE,Federal Contract Tower,1,7,49,1,58,0,1,54,5,60,1,8,103,6,118,52,2,54,172
07/24/2018,MQY,TN,ASO,CE,Federal Contract Tower,0,10,84,6,100,0,5,105,0,110,0,15,189,6,210,88,0,88,298
07/25/2018,MQY,TN,ASO,CE,Federal Contract Tower,1,16,88,10,115,0,9,117,0,126,1,25,205,10,241,144,0,144,385
07/26/2018,MQY,TN,ASO,CE,Federal Contract Tower,2,8,69,3,82,0,4,106,2,112,2,12,175,5,194,156,0,156,350
07/27/2018,MQY,TN,ASO,CE,Federal Contract Tower,0,6,60,20,86,0,8,122,5,135,0,14,182,25,221,174,0,174,395
07/28/2018,MQY,TN,ASO,CE,Federal Contract Tower,0,5,48,5,58,0,7,116,2,125,0,12,164,7,183,138,0,138,321
07/29/2018,MQY,TN,ASO,CE,Federal Contract Tower,1,4,34,1,40,0,5,75,0,80,1,9,109,1,120,114,0,114,234
07/30/2018,MQY,TN,ASO,CE,Federal Contract Tower,0,9,33,5,47,0,3,86,1,90,0,12,119,6,137,128,2,130,267
07/31/2018,MQY,TN,ASO,CE,Federal Contract Tower,0,10,59,1,70,0,0,46,11,57,0,10,105,12,127,118,0,118,245
08/01/2018,MQY,TN,ASO,CE,Federal Contract Tower,0,16,59,5,80,0,5,68,7,80,0,21,127,12,160,176,22,198,358
08/02/2018,MQY,TN,ASO,CE,Federal Contract Tower,0,8,75,4,87,0,6,105,13,124,0,14,180,17,211,218,16,234,445
08/03/2018,MQY,TN,ASO,CE,Federal Contract Tower,0,4,71,20,95,0,17,136,1,154,0,21,207,21,249,154,0,154,403
08/04/2018,MQY,TN,ASO,CE,Federal Contract Tower,0,4,42,11,57,0,4,108,5,117,0,8,150,16,174,62,0,62,236
08/05/2018,MQY,TN,ASO,CE,Federal Contract Tower,0,23,2,0,25,0,2,56,3,61,0,25,58,3,86,10,0,10,96
08/06/2018,MQY,TN,ASO,CE,Federal Contract Tower,0,11,59,1,71,0,3,102,0,105,0,14,161,1,176,88,0,88,264
08/07/2018,MQY,TN,ASO,CE,Federal Contract Tower,0,17,58,2,77,0,8,107,6,121,0,25,165,8,198,206,4,210,408
08/08/2018,MQY,TN,ASO,CE,Federal Contract Tower,0,4,41,2,47,0,14,84,3,101,0,18,125,5,148,114,6,120,268
08/09/2018,MQY,TN,ASO,CE,Federal Contract Tower,0,10,32,5,47,0,1,56,17,74,0,11,88,22,121,132,50,182,303
08/10/2018,MQY,TN,ASO,CE,Federal Contract Tower,1,12,63,10,86,0,2,77,0,79,1,14,140,10,165,176,2,178,343
08/11/2018,MQY,TN,ASO,CE,Federal Contract Tower,0,6,45,2,53,0,13,107,3,123,0,19,152,5,176,190,0,190,366
08/12/2018,MQY,TN,ASO,CE,Federal Contract Tower,4,3,30,7,44,0,3,45,0,48,4,6,75,7,92,36,2,38,130
08/13/2018,MQY,TN,ASO,CE,Federal Contract Tower,0,8,79,12,99,0,2,130,4,136,0,10,209,16,235,130,2,132,367
08/14/2018,MQY,TN,ASO,CE,Federal Contract Tower,2,8,52,5,67,0,0,132,10,142,2,8,184,15,209,188,32,220,429
08/15/2018,MQY,TN,ASO,CE,Federal Contract Tower,2,10,64,6,82,0,2,140,12,154,2,12,204,18,236,306,4,310,546
08/16/2018,MQY,TN,ASO,CE,Federal Contract Tower,1,8,36,9,54,0,4,75,14,93,1,12,111,23,147,128,26,154,301
08/17/2018,MQY,TN,ASO,CE,Federal Contract Tower,2,6,51,3,62,0,7,56,3,66,2,13,107,6,128,96,10,106,234
08/18/2018,MQY,TN,ASO,CE,Federal Contract Tower,0,4,25,1,30,0,2,29,0,31,0,6,54,1,61,78,0,78,139
08/19/2018,MQY,TN,ASO,CE,Federal Contract Tower,1,1,54,1,57,0,5,45,2,52,1,6,99,3,109,60,0,60,169
08/20/2018,MQY,TN,ASO,CE,Federal Contract Tower,0,8,35,0,43,0,28,0,0,28,0,36,35,0,71,34,0,34,105
08/21/2018,MQY,TN,ASO,CE,Federal Contract Tower,0,12,64,4,80,0,1,78,14,93,0,13,142,18,173,180,18,198,371
08/22/2018,MQY,TN,ASO,CE,Federal Contract Tower,0,11,85,6,102,0,12,139,3,154,0,23,224,9,256,260,0,260,516
08/23/2018,MQY,TN,ASO,CE,Federal Contract Tower,0,13,66,11,90,0,12,145,31,188,0,25,211,42,278,260,42,302,580
08/24/2018,MQY,TN,ASO,CE,Federal Contract Tower,3,9,63,5,80,0,5,119,8,132,3,14,182,13,212,172,0,172,384
08/25/2018,MQY,TN,ASO,CE,Federal Contract Tower,0,7,33,0,40,0,0,114,0,114,0,7,147,0,154,152,0,152,306
08/26/2018,MQY,TN,ASO,CE,Federal Contract Tower,0,3,47,1,51,0,0,75,6,81,0,3,122,7,132,104,0,104,236
08/27/2018,MQY,TN,ASO,CE,Federal Contract Tower,0,13,54,3,70,0,3,118,0,121,0,16,172,3,191,185,0,185,376
08/28/2018,MQY,TN,ASO,CE,Federal Contract Tower,0,6,45,1,52,0,17,127,11,155,0,23,172,12,207,124,2,126,333
08/29/2018,MQY,TN,ASO,CE,Federal Contract Tower,0,12,55,3,70,0,5,105,0,110,0,17,160,3,180,144,30,174,354
08/30/2018,MQY,TN,ASO,CE,Federal Contract Tower,1,20,44,5,70,0,2,97,0,99,1,22,141,5,169,144,0,144,313
08/31/2018,MQY,TN,ASO,CE,Federal Contract Tower,0,9,35,0,44,0,14,117,3,134,0,23,152,3,178,166,0,166,344
09/01/2018,MQY,TN,ASO,CE,Federal Contract Tower,0,0,14,0,14,0,3,76,7,86,0,3,90,7,100,94,0,94,194
09/02/2018,MQY,TN,ASO,CE,Federal Contract Tower,1,0,18,0,19,0,6,79,11,96,1,6,97,11,115,80,0,80,195
09/03/2018,MQY,TN,ASO,CE,Federal Contract Tower,0,5,37,0,42,0,0,100,0,100,0,5,137,0,142,124,0,124,266
09/04/2018,MQY,TN,ASO,CE,Federal Contract Tower,0,9,35,2,46,0,1,130,1,132,0,10,165,3,178,192,0,192,370
09/05/2018,MQY,TN,ASO,CE,Federal Contract Tower,0,8,45,0,53,0,8,135,5,148,0,16,180,5,201,200,10,210,411
09/06/2018,MQY,TN,ASO,CE,Federal Contract Tower,0,10,41,1,52,0,1,94,7,102,0,11,135,8,154,140,16,156,310
09/07/2018,MQY,TN,ASO,CE,Federal Contract Tower,0,4,40,8,52,0,17,111,10,138,0,21,151,18,190,234,8,242,432
09/08/2018,MQY,TN,ASO,CE,Federal Contract Tower,1,2,20,0,23,0,6,83,0,89,1,8,103,0,112,130,0,130,242
09/09/2018,MQY,TN,ASO,CE,Federal Contract Tower,2,2,23,3,30,0,1,5,0,6,2,3,28,3,36,6,0,6,42
09/10/2018,MQY,TN,ASO,CE,Federal Contract Tower,1,13,70,6,90,0,0,40,0,40,1,13,110,6,130,220,0,220,350
09/11/2018,MQY,TN,ASO,CE,Federal Contract Tower,0,8,59,9,76,0,3,68,20,91,0,11,127,29,167,246,10,256,423
09/12/2018,MQY,TN,ASO,CE,Federal Contract Tower,0,8,78,2,88,0,4,139,17,160,0,12,217,19,248,300,8,308,556
09/13/2018,MQY,TN,ASO,CE,Federal Contract Tower,2,14,52,5,73,0,6,128,8,142,2,20,180,13,215,204,0,204,419
09/14/2018,MQY,TN,ASO,CE,Federal Contract Tower,0,5,54,10,69,0,4,125,5,134,0,9,179,15,203,222,0,222,425
09/15/2018,MQY,TN,ASO,CE,Federal Contract Tower,0,8,23,0,31,0,4,73,2,79,0,12,96,2,110,104,0,104,214
09/16/2018,MQY,TN,ASO,CE,Federal Contract Tower,0,3,22,0,25,0,5,65,0,70,0,8,87,0,95,90,0,90,185
09/17/2018,MQY,TN,ASO,CE,Federal Contract Tower,0,8,35,3,46,0,3,65,6,74,0,11,100,9,120,126,0,126,246
09/18/2018,MQY,TN,ASO,CE,Federal Contract Tower,1,7,48,6,62,0,4,130,17,151,1,11,178,23,213,242,6,248,461
09/19/2018,MQY,TN,ASO,CE,Federal Contract Tower,1,10,58,7,76,0,9,153,11,173,1,19,211,18,249,216,0,216,465
09/20/2018,MQY,TN,ASO,CE,Federal Contract Tower,1,14,57,2,74,0,6,124,2,132,1,20,181,4,206,204,0,204,410
09/21/2018,MQY,TN,ASO,CE,Federal Contract Tower,1,6,40,8,55,0,16,86,6,108,1,22,126,14,163,162,2,164,327
09/22/2018,MQY,TN,ASO,CE,Federal Contract Tower,0,5,28,0,33,0,2,20,0,22,0,7,48,0,55,22,0,22,77
09/23/2018,MQY,TN,ASO,CE,Federal Contract Tower,1,7,22,2,32,0,0,2,0,2,1,7,24,2,34,2,0,2,36
09/24/2018,MQY,TN,ASO,CE,Federal Contract Tower,1,13,30,2,46,0,0,34,1,35,1,13,64,3,81,72,2,74,155
09/25/2018,MQY,TN,ASO,CE,Federal Contract Tower,0,8,46,2,56,0,0,26,0,26,0,8,72,2,82,102,0,102,184
09/26/2018,MQY,TN,ASO,CE,Federal Contract Tower,1,14,39,4,58,0,1,4,0,5,1,15,43,4,63,8,0,8,71
09/27/2018,MQY,TN,ASO,CE,Federal Contract Tower,2,5,52,1,60,0,3,7,0,10,2,8,59,1,70,2,0,2,72
09/28/2018,MQY,TN,ASO,CE,Federal Contract Tower,1,14,58,13,86,0,7,107,6,120,1,21,165,19,206,202,8,210,416
09/29/2018,MQY,TN,ASO,CE,Federal Contract Tower,0,2,42,6,50,0,5,99,3,107,0,7,141,9,157,186,20,206,363
09/30/2018,MQY,TN,ASO,CE,Federal Contract Tower,0,1,42,7,50,0,4,85,0,89,0,5,127,7,139,160,0,160,299
10/01/2018,MQY,TN,ASO,CE,Federal Contract Tower,0,9,67,0,76,0,2,60,1,63,0,11,127,1,139,130,0,130,269
10/02/2018,MQY,TN,ASO,CE,Federal Contract Tower,2,11,65,0,78,0,8,98,9,115,2,19,163,9,193,212,14,226,419
10/03/2018,MQY,TN,ASO,CE,Federal Contract Tower,0,10,71,2,83,0,17,101,4,122,0,27,172,6,205,214,0,214,419
10/04/2018,MQY,TN,ASO,CE,Federal Contract Tower,2,7,92,2,103,0,8,129,0,137,2,15,221,2,240,264,0,264,504
10/05/2018,MQY,TN,ASO,CE,Federal Contract Tower,0,11,88,4,103,0,4,134,0,138,0,15,222,4,241,156,0,156,397
10/06/2018,MQY,TN,ASO,CE,Federal Contract Tower,0,8,31,0,39,0,1,104,0,105,0,9,135,0,144,174,0,174,318
10/07/2018,MQY,TN,ASO,CE,Federal Contract Tower,0,7,38,4,49,0,1,73,2,76,0,8,111,6,125,78,16,94,219
10/08/2018,MQY,TN,ASO,CE,Federal Contract Tower,1,10,49,1,61,0,2,125,9,136,1,12,174,10,197,144,2,146,343
10/09/2018,MQY,TN,ASO,CE,Federal Contract Tower,1,15,64,8,88,0,7,90,2,99,1,22,154,10,187,54,30,84,271
10/10/2018,MQY,TN,ASO,CE,Federal Contract Tower,1,17,76,7,101,0,9,80,4,93,1,26,156,11,194,80,18,98,292
10/11/2018,MQY,TN,ASO,CE,Federal Contract Tower,2,21,55,14,92,0,7,131,4,142,2,28,186,18,234,338,2,340,574
10/12/2018,MQY,TN,ASO,CE,Federal Contract Tower,3,13,71,4,91,0,5,158,13,176,3,18,229,17,267,206,0,206,473
10/13/2018,MQY,TN,ASO,CE,Federal Contract Tower,0,6,44,4,54,0,0,34,8,42,0,6,78,12,96,68,0,68,164
10/14/2018,MQY,TN,ASO,CE,Federal Contract Tower,0,6,23,5,34,0,0,13,9,22,0,6,36,14,56,0,0,0,56
10/15/2018,MQY,TN,ASO,CE,Federal Contract Tower,0,6,58,2,66,0,0,3,0,3,0,6,61,2,69,0,0,0,69
10/16/2018,MQY,TN,ASO,CE,Federal Contract Tower,0,12,68,4,84,0,0,3,0,3,0,12,71,4,87,4,0,4,91
10/17/2018,MQY,TN,ASO,CE,Federal Contract Tower,7,9,98,10,124,0,4,134,9,147,7,13,232,19,271,234,32,266,537
10/18/2018,MQY,TN,ASO,CE,Federal Contract Tower,1,12,92,16,121,0,4,124,1,129,1,16,216,17,250,168,26,194,444
10/19/2018,MQY,TN,ASO,CE,Federal Contract Tower,2,9,95,8,114,0,4,114,0,118,2,13,209,8,232,124,0,124,356
10/20/2018,MQY,TN,ASO,CE,Federal Contract Tower,1,6,29,6,42,0,0,40,2,42,1,6,69,8,84,46,0,46,130
10/21/2018,MQY,TN,ASO,CE,Federal Contract Tower,2,6,48,3,59,0,4,123,6,133,2,10,171,9,192,156,0,156,348
10/22/2018,MQY,TN,ASO,CE,Federal Contract Tower,0,7,76,2,85,0,13,105,2,120,0,20,181,4,205,176,0,176,381
10/23/2018,MQY,TN,ASO,CE,Federal Contract Tower,2,8,71,5,86,0,1,113,5,119,2,9,184,10,205,192,6,198,403
10/24/2018,MQY,TN,ASO,CE,Federal Contract Tower,1,22,99,13,135,0,4,132,10,146,1,26,231,23,281,212,0,212,493
10/25/2018,MQY,TN,ASO,CE,Federal Contract Tower,0,17,67,2,86,0,2,63,7,72,0,19,130,9,158,148,2,150,308
10/26/2018,MQY,TN,ASO,CE,Federal Contract Tower,2,6,55,7,70,0,0,0,0,0,2,6,55,7,70,0,0,0,70
10/27/2018,MQY,TN,ASO,CE,Federal Contract Tower,0,5,27,0,32,0,0,14,2,16,0,5,41,2,48,56,0,56,104
10/28/2018,MQY,TN,ASO,CE,Federal Contract Tower,0,1,32,7,40,0,2,51,4,57,0,3,83,11,97,54,2,56,153
10/29/2018,MQY,TN,ASO,CE,Federal Contract Tower,0,18,91,9,118,0,7,170,0,177,0,25,261,9,295,289,0,289,584
10/30/2018,MQY,TN,ASO,CE,Federal Contract Tower,0,8,66,4,78,0,0,120,6,126,0,8,186,10,204,214,0,214,418
10/31/2018,MQY,TN,ASO,CE,Federal Contract Tower,0,10,61,1,72,0,0,34,2,36,0,10,95,3,108,56,0,56,164
11/01/2018,MQY,TN,ASO,CE,Federal Contract Tower,0,9,19,2,30,0,0,13,0,13,0,9,32,2,43,26,0,26,69
11/02/2018,MQY,TN,ASO,CE,Federal Contract Tower,0,9,40,21,70,0,5,47,2,54,0,14,87,23,124,140,2,142,266
11/03/2018,MQY,TN,ASO,CE,Federal Contract Tower,0,1,30,6,37,0,0,105,2,107,0,1,135,8,144,160,0,160,304
11/04/2018,MQY,TN,ASO,CE,Federal Contract Tower,0,1,39,12,52,0,2,29,7,38,0,3,68,19,90,8,6,14,104
11/05/2018,MQY,TN,ASO,CE,Federal Contract Tower,0,5,63,0,68,0,2,28,0,30,0,7,91,0,98,82,0,82,180
11/06/2018,MQY,TN,ASO,CE,Federal Contract Tower,4,9,61,2,76,0,2,98,0,100,4,11,159,2,176,106,0,106,282
11/07/2018,MQY,TN,ASO,CE,Federal Contract Tower,2,10,84,11,107,0,12,64,3,79,2,22,148,14,186,158,0,158,344
11/08/2018,MQY,TN,ASO,CE,Federal Contract Tower,0,9,64,16,89,0,8,110,3,121,0,17,174,19,210,226,6,232,442
11/09/2018,MQY,TN,ASO,CE,Federal Contract Tower,2,6,46,7,61,0,2,33,0,35,2,8,79,7,96,112,0,112,208
11/10/2018,MQY,TN,ASO,CE,Federal Contract Tower,1,5,36,5,47,0,7,133,5,145,1,12,169,10,192,110,0,110,302
11/11/2018,MQY,TN,ASO,CE,Federal Contract Tower,0,4,45,1,50,0,3,101,0,104,0,7,146,1,154,116,0,116,270
11/12/2018,MQY,TN,ASO,CE,Federal Contract Tower,0,6,36,4,46,0,0,5,0,5,0,6,41,4,51,16,0,16,67
11/13/2018,MQY,TN,ASO,CE,Federal Contract Tower,0,8,22,0,30,0,0,0,0,0,0,8,22,0,30,0,0,0,30
11/14/2018,MQY,TN,ASO,CE,Federal Contract Tower,0,5,15,0,20,0,0,8,0,8,0,5,23,0,28,58,0,58,86
11/15/2018,MQY,TN,ASO,CE,Federal Contract Tower,2,9,31,2,44,0,1,13,0,14,2,10,44,2,58,38,0,38,96
11/16/2018,MQY,TN,ASO,CE,Federal Contract Tower,0,5,68,7,80,0,4,147,4,155,0,9,215,11,235,198,0,198,433
11/17/2018,MQY,TN,ASO,CE,Federal Contract Tower,0,4,52,5,61,0,6,129,3,138,0,10,181,8,199,104,0,104,303
11/18/2018,MQY,TN,ASO,CE,Federal Contract Tower,1,4,68,3,76,0,0,76,6,82,1,4,144,9,158,150,6,156,314
11/19/2018,MQY,TN,ASO,CE,Federal Contract Tower,0,8,43,5,56,0,2,35,2,39,0,10,78,7,95,136,0,136,231
11/20/2018,MQY,TN,ASO,CE,Federal Contract Tower,0,9,39,1,49,0,0,84,3,87,0,9,123,4,136,272,4,276,412
11/21/2018,MQY,TN,ASO,CE,Federal Contract Tower,0,13,53,0,66,0,4,89,4,97,0,17,142,4,163,110,0,110,273
11/22/2018,MQY,TN,ASO,CE,Federal Contract Tower,0,0,7,0,7,0,0,32,0,32,0,0,39,0,39,12,0,12,51
11/23/2018,MQY,TN,ASO,CE,Federal Contract Tower,0,7,20,4,31,0,8,32,2,42,0,15,52,6,73,84,0,84,157
11/24/2018,MQY,TN,ASO,CE,Federal Contract Tower,1,3,29,0,33,0,2,26,0,28,1,5,55,0,61,42,0,42,103
11/25/2018,MQY,TN,ASO,CE,Federal Contract Tower,0,8,41,2,51,0,6,41,0,47,0,14,82,2,98,100,0,100,198
11/26/2018,MQY,TN,ASO,CE,Federal Contract Tower,0,7,30,0,37,0,3,22,0,25,0,10,52,0,62,124,0,124,186
11/27/2018,MQY,TN,ASO,CE,Federal Contract Tower,0,8,43,0,51,0,1,74,4,79,0,9,117,4,130,154,12,166,296
11/28/2018,MQY,TN,ASO,CE,Federal Contract Tower,0,8,80,2,90,0,3,101,0,104,0,11,181,2,194,152,0,152,346
11/29/2018,MQY,TN,ASO,CE,Federal Contract Tower,0,11,68,0,79,0,2,35,1,38,0,13,103,1,117,200,0,200,317
11/30/2018,MQY,TN,ASO,CE,Federal Contract Tower,0,8,84,4,96,0,0,2,0,2,0,8,86,4,98,2,0,2,100
12/01/2018,MQY,TN,ASO,CE,Federal Contract Tower,0,2,23,0,25,0,0,1,0,1,0,2,24,0,26,0,0,0,26
12/02/2018,MQY,TN,ASO,CE,Federal Contract Tower,3,6,34,3,46,0,11,60,7,78,3,17,94,10,124,92,0,92,216
12/03/2018,MQY,TN,ASO,CE,Federal Contract Tower,0,5,49,2,56,0,2,82,0,84,0,7,131,2,140,114,0,114,254
12/04/2018,MQY,TN,ASO,CE,Federal Contract Tower,0,6,39,1,46,0,0,94,2,96,0,6,133,3,142,178,0,178,320
12/05/2018,MQY,TN,ASO,CE,Federal Contract Tower,0,5,64,0,69,0,1,95,0,96,0,6,159,0,165,96,0,96,261
12/06/2018,MQY,TN,ASO,CE,Federal Contract Tower,0,10,63,0,73,0,5,149,7,161,0,15,212,7,234,284,0,284,518
12/07/2018,MQY,TN,ASO,CE,Federal Contract Tower,2,11,39,3,55,0,1,53,3,57,2,12,92,6,112,248,0,248,360
12/08/2018,MQY,TN,ASO,CE,Federal Contract Tower,2,1,13,0,16,0,0,4,0,4,2,1,17,0,20,0,0,0,20
12/09/2018,MQY,TN,ASO,CE,Federal Contract Tower,1,5,5,0,11,0,0,0,0,0,1,5,5,0,11,0,0,0,11
12/10/2018,MQY,TN,ASO,CE,Federal Contract Tower,0,4,71,1,76,0,4,109,3,116,0,8,180,4,192,144,0,144,336
12/11/2018,MQY,TN,ASO,CE,Federal Contract Tower,4,22,76,2,104,0,8,139,0,147,4,30,215,2,251,172,0,172,423
12/12/2018,MQY,TN,ASO,CE,Federal Contract Tower,0,13,79,2,94,0,7,152,1,160,0,20,231,3,254,240,2,242,496
12/13/2018,MQY,TN,ASO,CE,Federal Contract Tower,1,5,78,6,90,1,8,121,1,131,2,13,199,7,221,174,0,174,395
12/14/2018,MQY,TN,ASO,CE,Federal Contract Tower,1,7,33,1,42,0,1,0,0,1,1,8,33,1,43,0,0,0,43
12/15/2018,MQY,TN,ASO,CE,Federal Contract Tower,0,4,30,1,35,0,0,43,2,45,0,4,73,3,80,52,16,68,148
12/16/2018,MQY,TN,ASO,CE,Federal Contract Tower,0,1,54,3,58,0,3,92,1,96,0,4,146,4,154,270,0,270,424
12/17/2018,MQY,TN,ASO,CE,Federal Contract Tower,0,8,70,1,79,0,6,123,1,130,0,14,193,2,209,188,0,188,397
12/18/2018,MQY,TN,ASO,CE,Federal Contract Tower,0,10,78,0,88,0,1,156,6,163,0,11,234,6,251,276,16,292,543
12/19/2018,MQY,TN,ASO,CE,Federal Contract Tower,0,8,63,0,71,0,5,177,3,185,0,13,240,3,256,338,0,338,594
12/20/2018,MQY,TN,ASO,CE,Federal Contract Tower,0,11,31,0,42,0,0,0,0,0,0,11,31,0,42,0,0,0,42
12/21/2018,MQY,TN,ASO,CE,Federal Contract Tower,0,5,20,4,29,0,0,0,0,0,0,5,20,4,29,0,0,0,29
12/22/2018,MQY,TN,ASO,CE,Federal Contract Tower,0,3,50,0,53,0,3,89,1,93,0,6,139,1,146,166,0,166,312
12/23/2018,MQY,TN,ASO,CE,Federal Contract Tower,0,1,14,0,15,0,0,0,0,0,0,1,14,0,15,0,0,0,15
12/24/2018,MQY,TN,ASO,CE,Federal Contract Tower,0,0,10,0,10,0,0,36,0,36,0,0,46,0,46,38,0,38,84
12/25/2018,MQY,TN,ASO,CE,Federal Contract Tower,0,0,6,0,6,0,6,20,0,26,0,6,26,0,32,12,0,12,44
12/26/2018,MQY,TN,ASO,CE,Federal Contract Tower,0,5,40,2,47,0,7,65,0,72,0,12,105,2,119,66,0,66,185
12/27/2018,MQY,TN,ASO,CE,Federal Contract Tower,2,4,22,0,28,0,6,3,0,9,2,10,25,0,37,0,0,0,37
12/28/2018,MQY,TN,ASO,CE,Federal Contract Tower,0,4,43,0,47,0,1,37,0,38,0,5,80,0,85,86,0,86,171
12/29/2018,MQY,TN,ASO,CE,Federal Contract Tower,0,1,25,0,26,0,1,77,0,78,0,2,102,0,104,220,0,220,324
12/30/2018,MQY,TN,ASO,CE,Federal Contract Tower,1,6,18,0,25,0,3,73,0,76,1,9,91,0,101,200,0,200,301
12/31/2018,MQY,TN,ASO,CE,Federal Contract Tower,0,4,7,0,11,0,0,0,0,0,0,4,7,0,11,0,0,0,11
01/01/2019,MQY,TN,ASO,CE,Federal Contract Tower,0,2,33,0,35,0,0,16,0,16,0,2,49,0,51,64,0,64,115
01/02/2019,MQY,TN,ASO,CE,Federal Contract Tower,0,11,47,0,58,0,0,0,0,0,0,11,47,0,58,0,0,0,58
01/03/2019,MQY,TN,ASO,CE,Federal Contract Tower,0,14,48,20,82,0,0,0,0,0,0,14,48,20,82,0,0,0,82
01/04/2019,MQY,TN,ASO,CE,Federal Contract Tower,0,7,38,0,45,0,1,29,0,30,0,8,67,0,75,62,0,62,137
01/05/2019,MQY,TN,ASO,CE,Federal Contract Tower,0,3,48,2,53,0,2,166,12,180,0,5,214,14,233,242,28,270,503
01/06/2019,MQY,TN,ASO,CE,Federal Contract Tower,2,9,38,1,50,0,3,125,5,133,2,12,163,6,183,304,0,304,487
01/07/2019,MQY,TN,ASO,CE,Federal Contract Tower,0,6,34,0,40,0,1,91,0,92,0,7,125,0,132,80,0,80,212
01/08/2019,MQY,TN,ASO,CE,Federal Contract Tower,0,11,44,4,59,0,10,85,5,100,0,21,129,9,159,154,18,172,331
01/09/2019,MQY,TN,ASO,CE,Federal Contract Tower,0,18,35,12,65,0,4,101,3,108,0,22,136,15,173,94,0,94,267
01/10/2019,MQY,TN,ASO,CE,Federal Contract Tower,0,7,56,5,68,0,13,117,3,133,0,20,173,8,201,212,0,212,413
01/11/2019,MQY,TN,ASO,CE,Federal Contract Tower,0,5,36,16,57,0,0,72,2,74,0,5,108,18,131,142,0,142,273
01/12/2019,MQY,TN,ASO,CE,Federal Contract Tower,0,4,5,2,11,0,0,32,2,34,0,4,37,4,45,66,10,76,121
01/13/2019,MQY,TN,ASO,CE,Federal Contract Tower,0,1,21,0,22,0,0,0,0,0,0,1,21,0,22,0,0,0,22
01/14/2019,MQY,TN,ASO,CE,Federal Contract Tower,0,6,23,0,29,0,0,2,0,2,0,6,25,0,31,8,0,8,39
01/15/2019,MQY,TN,ASO,CE,Federal Contract Tower,0,15,26,0,41,0,0,53,4,57,0,15,79,4,98,236,38,274,372
01/16/2019,MQY,TN,ASO,CE,Federal Contract Tower,0,10,47,0,57,0,0,121,4,125,0,10,168,4,182,172,0,172,354
01/17/2019,MQY,TN,ASO,CE,Federal Contract Tower,0,10,29,0,39,0,0,0,0,0,0,10,29,0,39,0,0,0,39
01/18/2019,MQY,TN,ASO,CE,Federal Contract Tower,0,11,34,11,56,0,0,13,0,13,0,11,47,11,69,14,0,14,83
01/19/2019,MQY,TN,ASO,CE,Federal Contract Tower,0,5,3,0,8,0,0,2,0,2,0,5,5,0,10,0,0,0,10
01/20/2019,MQY,TN,ASO,CE,Federal Contract Tower,0,3,16,5,24,0,0,37,0,37,0,3,53,5,61,84,0,84,145
01/21/2019,MQY,TN,ASO,CE,Federal Contract Tower,0,9,58,0,67,0,2,98,4,104,0,11,156,4,171,112,0,112,283
01/22/2019,MQY,TN,ASO,CE,Federal Contract Tower,0,4,43,2,49,0,0,76,3,79,0,4,119,5,128,106,0,106,234
01/23/2019,MQY,TN,ASO,CE,Federal Contract Tower,0,12,31,0,43,0,0,0,0,0,0,12,31,0,43,0,0,0,43
01/24/2019,MQY,TN,ASO,CE,Federal Contract Tower,0,18,59,0,77,0,2,120,20,142,0,20,179,20,219,152,46,198,417
01/25/2019,MQY,TN,ASO,CE,Federal Contract Tower,1,6,56,0,63,0,3,147,0,150,1,9,203,0,213,154,0,154,367
01/26/2019,MQY,TN,ASO,CE,Federal Contract Tower,0,1,28,1,30,0,0,113,4,117,0,1,141,5,147,178,8,186,333
01/27/2019,MQY,TN,ASO,CE,Federal Contract Tower,1,4,38,4,47,0,1,84,5,90,1,5,122,9,137,164,0,164,301
01/28/2019,MQY,TN,ASO,CE,Federal Contract Tower,0,13,26,1,40,0,0,69,0,69,0,13,95,1,109,86,0,86,195
01/29/2019,MQY,TN,ASO,CE,Federal Contract Tower,0,11,18,0,29,0,0,53,3,56,0,11,71,3,85,124,0,124,209
01/30/2019,MQY,TN,ASO,CE,Federal Contract Tower,0,8,49,0,57,0,10,72,4,86,0,18,121,4,143,136,0,136,279
01/31/2019,MQY,TN,ASO,CE,Federal Contract Tower,0,7,50,0,57,0,7,137,11,155,0,14,187,11,212,290,6,296,508
02/01/2019,MQY,TN,ASO,CE,Federal Contract Tower,0,4,47,4,55,0,3,106,2,111,0,7,153,6,166,248,0,248,414
02/02/2019,MQY,TN,ASO,CE,Federal Contract Tower,0,2,43,0,45,0,6,137,3,146,0,8,180,3,191,248,0,248,439
02/03/2019,MQY,TN,ASO,CE,Federal Contract Tower,1,1,35,3,40,0,2,69,3,74,1,3,104,6,114,186,8,194,308
02/04/2019,MQY,TN,ASO,CE,Federal Contract Tower,0,7,45,0,52,0,0,36,0,36,0,7,81,0,88,122,0,122,210
02/05/2019,MQY,TN,ASO,CE,Federal Contract Tower,0,14,43,1,58,0,1,57,1,59,0,15,100,2,117,62,0,62,179
02/06/2019,MQY,TN,ASO,CE,Federal Contract Tower,1,3,25,0,29,0,1,11,0,12,1,4,36,0,41,62,0,62,103
02/07/2019,MQY,TN,ASO,CE,Federal Contract Tower,0,12,38,0,50,0,0,10,0,10,0,12,48,0,60,22,0,22,82
02/08/2019,MQY,TN,ASO,CE,Federal Contract Tower,0,2,64,2,68,0,6,125,4,135,0,8,189,6,203,214,20,234,437
02/09/2019,MQY,TN,ASO,CE,Federal Contract Tower,0,4,20,0,24,0,3,114,4,121,0,7,134,4,145,160,0,160,305
02/10/2019,MQY,TN,ASO,CE,Federal Contract Tower,1,1,25,2,29,0,0,11,0,11,1,1,36,2,40,33,0,33,73
02/11/2019,MQY,TN,ASO,CE,Federal Contract Tower,0,8,42,11,61,0,0,1,1,2,0,8,43,12,63,4,10,14,77
02/12/2019,MQY,TN,ASO,CE,Federal Contract Tower,0,8,37,2,47,0,1,12,0,13,0,9,49,2,60,68,0,68,128
02/13/2019,MQY,TN,ASO,CE,Federal Contract Tower,0,8,77,0,85,0,0,151,3,154,0,8,228,3,239,188,0,188,427
02/14/2019,MQY,TN,ASO,CE,Federal Contract Tower,2,13,42,2,59,0,4,108,0,112,2,17,150,2,171,106,0,106,277
02/15/2019,MQY,TN,ASO,CE,Federal Contract Tower,0,7,59,2,68,0,4,43,0,47,0,11,102,2,115,118,0,118,233
02/16/2019,MQY,TN,ASO,CE,Federal Contract Tower,1,0,17,2,20,0,2,19,0,21,1,2,36,2,41,50,0,50,91
02/17/2019,MQY,TN,ASO,CE,Federal Contract Tower,0,3,18,0,21,0,0,0,0,0,0,3,18,0,21,0,0,0,21
02/18/2019,MQY,TN,ASO,CE,Federal Contract Tower,0,16,60,1,77,0,5,136,6,147,0,21,196,7,224,210,0,210,434
02/19/2019,MQY,TN,ASO,CE,Federal Contract Tower,0,6,51,0,57,0,12,55,1,68,0,18,106,1,125,100,0,100,225
02/20/2019,MQY,TN,ASO,CE,Federal Contract Tower,0,7,16,2,25,0,0,0,0,0,0,7,16,2,25,0,0,0,25
02/21/2019,MQY,TN,ASO,CE,Federal Contract Tower,1,12,66,2,81,0,5,77,15,97,1,17,143,17,178,204,10,214,392
02/22/2019,MQY,TN,ASO,CE,Federal Contract Tower,0,4,22,3,29,0,0,0,0,0,0,4,22,3,29,0,0,0,29
02/23/2019,MQY,TN,ASO,CE,Federal Contract Tower,0,3,10,1,14,0,0,0,0,0,0,3,10,1,14,0,0,0,14
02/24/2019,MQY,TN,ASO,CE,Federal Contract Tower,0,3,60,1,64,0,8,81,4,93,0,11,141,5,157,90,0,90,247
02/25/2019,MQY,TN,ASO,CE,Federal Contract Tower,0,6,91,0,97,0,1,162,8,171,0,7,253,8,268,182,0,182,450
02/26/2019,MQY,TN,ASO,CE,Federal Contract Tower,0,4,51,0,55,0,2,177,6,185,0,6,228,6,240,214,0,214,454
02/27/2019,MQY,TN,ASO,CE,Federal Contract Tower,0,13,88,7,108,0,1,125,8,134,0,14,213,15,242,288,2,290,532
02/28/2019,MQY,TN,ASO,CE,Federal Contract Tower,1,9,54,0,64,0,3,43,4,50,1,12,97,4,114,164,8,172,286
03/01/2019,MQY,TN,ASO,CE,Federal Contract Tower,0,5,43,0,48,0,0,0,0,0,0,5,43,0,48,0,0,0,48
03/02/2019,MQY,TN,ASO,CE,Federal Contract Tower,0,2,35,3,40,0,2,29,3,34,0,4,64,6,74,156,0,156,230
03/03/2019,MQY,TN,ASO,CE,Federal Contract Tower,0,1,8,0,9,0,0,0,0,0,0,1,8,0,9,0,0,0,9
03/04/2019,MQY,TN,ASO,CE,Federal Contract Tower,0,5,66,0,71,0,1,87,0,88,0,6,153,0,159,184,0,184,343
03/05/2019,MQY,TN,ASO,CE,Federal Contract Tower,0,6,67,3,76,0,2,91,1,94,0,8,158,4,170,82,0,82,252
03/06/2019,MQY,TN,ASO,CE,Federal Contract Tower,1,15,72,0,88,0,4,150,2,156,1,19,222,2,244,176,0,176,420
03/07/2019,MQY,TN,ASO,CE,Federal Contract Tower,0,4,43,2,49,0,13,106,2,121,0,17,149,4,170,134,0,134,304
03/08/2019,MQY,TN,ASO,CE,Federal Contract Tower,0,5,19,1,25,0,0,0,0,0,0,5,19,1,25,0,0,0,25
03/09/2019,MQY,TN,ASO,CE,Federal Contract Tower,0,1,5,0,6,0,0,0,0,0,0,1,5,0,6,0,0,0,6
03/10/2019,MQY,TN,ASO,CE,Federal Contract Tower,2,1,49,0,52,0,9,127,2,138,2,10,176,2,190,208,0,208,398
03/11/2019,MQY,TN,ASO,CE,Federal Contract Tower,0,4,69,0,73,0,5,120,1,126,0,9,189,1,199,256,0,256,455
03/12/2019,MQY,TN,ASO,CE,Federal Contract Tower,2,6,73,0,81,0,5,139,6,150,2,11,212,6,231,272,0,272,503
03/13/2019,MQY,TN,ASO,CE,Federal Contract Tower,1,8,65,0,74,0,2,54,2,58,1,10,119,2,132,56,2,58,190
03/14/2019,MQY,TN,ASO,CE,Federal Contract Tower,1,9,17,0,27,0,0,3,2,5,1,9,20,2,32,12,0,12,44
03/15/2019,MQY,TN,ASO,CE,Federal Contract Tower,0,3,59,12,74,0,5,115,9,129,0,8,174,21,203,184,4,188,391
03/16/2019,MQY,TN,ASO,CE,Federal Contract Tower,0,5,40,0,45,0,4,103,2,109,0,9,143,2,154,186,0,186,340
03/17/2019,MQY,TN,ASO,CE,Federal Contract Tower,5,14,39,4,62,0,7,88,1,96,5,21,127,5,158,174,0,174,332
03/18/2019,MQY,TN,ASO,CE,Federal Contract Tower,3,9,82,4,98,0,0,109,0,109,3,9,191,4,207,176,0,176,383
03/19/2019,MQY,TN,ASO,CE,Federal Contract Tower,0,5,62,2,69,0,3,181,12,196,0,8,243,14,265,262,0,262,527
03/20/2019,MQY,TN,ASO,CE,Federal Contract Tower,3,10,90,2,105,0,9,118,6,133,3,19,208,8,238,182,0,182,420
03/21/2019,MQY,TN,ASO,CE,Federal Contract Tower,0,9,36,0,45,0,1,80,1,82,0,10,116,1,127,190,0,190,317
03/22/2019,MQY,TN,ASO,CE,Federal Contract Tower,0,5,49,3,57,0,7,103,5,115,0,12,152,8,172,214,10,224,396
03/23/2019,MQY,TN,ASO,CE,Federal Contract Tower,0,6,40,8,54,0,3,113,2,118,0,9,153,10,172,158,4,162,334
03/24/2019,MQY,TN,ASO,CE,Federal Contract Tower,2,22,6,0,30,0,1,63,6,70,2,23,69,6,100,170,0,170,270
03/25/2019,MQY,TN,ASO,CE,Federal Contract Tower,0,4,22,0,26,0,2,20,1,23,0,6,42,1,49,94,0,94,143
03/26/2019,MQY,TN,ASO,CE,Federal Contract Tower,1,7,63,4,75,0,9,88,21,118,1,16,151,25,193,124,20,144,337
03/27/2019,MQY,TN,ASO,CE,Federal Contract Tower,2,8,73,6,89,0,4,139,30,173,2,12,212,36,262,300,70,370,632
03/28/2019,MQY,TN,ASO,CE,Federal Contract Tower,0,10,51,7,68,0,3,103,5,111,0,13,154,12,179,130,0,130,309
03/29/2019,MQY,TN,ASO,CE,Federal Contract Tower,0,16,62,1,79,0,6,109,4,119,0,22,171,5,198,142,6,148,346
03/30/2019,MQY,TN,ASO,CE,Federal Contract Tower,0,10,12,1,23,0,1,35,1,37,0,11,47,2,60,78,0,78,138
03/31/2019,MQY,TN,ASO,CE,Federal Contract Tower,4,6,36,2,48,0,1,75,1,77,4,7,111,3,125,108,0,108,233
04/01/2019,MQY,TN,ASO,CE,Federal Contract Tower,0,9,50,1,60,0,4,111,1,116,0,13,161,2,176,192,0,192,368
04/02/2019,MQY,TN,ASO,CE,Federal Contract Tower,0,11,29,0,40,0,3,109,10,122,0,14,138,10,162,208,0,208,370
04/03/2019,MQY,TN,ASO,CE,Federal Contract Tower,0,7,66,1,74,0,7,99,3,109,0,14,165,4,183,214,0,214,397
04/04/2019,MQY,TN,ASO,CE,Federal Contract Tower,0,9,54,7,70,0,38,73,3,114,0,47,127,10,184,182,0,182,366
04/05/2019,MQY,TN,ASO,CE,Federal Contract Tower,1,8,62,1,72,0,1,51,5,57,1,9,113,6,129,136,2,138,267
04/06/2019,MQY,TN,ASO,CE,Federal Contract Tower,0,2,37,0,39,0,1,99,3,103,0,3,136,3,142,210,0,210,352
04/07/2019,MQY,TN,ASO,CE,Federal Contract Tower,0,2,16,0,18,0,1,17,0,18,0,3,33,0,36,54,0,54,90
04/08/2019,MQY,TN,ASO,CE,Federal Contract Tower,0,11,37,0,48,0,0,2,0,2,0,11,39,0,50,2,0,2,52
04/09/2019,MQY,TN,ASO,CE,Federal Contract Tower,0,8,55,0,63,0,3,107,6,116,0,11,162,6,179,186,0,186,365
04/10/2019,MQY,TN,ASO,CE,Federal Contract Tower,0,8,72,2,82,0,25,148,2,175,0,33,220,4,257,280,0,280,537
04/11/2019,MQY,TN,ASO,CE,Federal Contract Tower,0,8,22,1,31,0,1,30,4,35,0,9,52,5,66,44,0,44,110
04/12/2019,MQY,TN,ASO,CE,Federal Contract Tower,0,6,57,6,69,0,7,112,0,119,0,13,169,6,188,172,0,172,360
04/13/2019,MQY,TN,ASO,CE,Federal Contract Tower,0,7,15,0,22,0,1,34,2,37,0,8,49,2,59,60,0,60,119
04/14/2019,MQY,TN,ASO,CE,Federal Contract Tower,0,4,18,0,22,0,2,3,0,5,0,6,21,0,27,0,0,0,27
04/15/2019,MQY,TN,ASO,CE,Federal Contract Tower,0,7,64,2,73,0,2,119,1,122,0,9,183,3,195,182,0,182,377
04/16/2019,MQY,TN,ASO,CE,Federal Contract Tower,0,13,42,1,56,0,12,126,6,144,0,25,168,7,200,154,2,156,356
04/17/2019,MQY,TN,ASO,CE,Federal Contract Tower,0,9,55,1,65,0,11,96,0,107,0,20,151,1,172,106,0,106,278
04/18/2019,MQY,TN,ASO,CE,Federal Contract Tower,1,4,30,1,36,0,2,21,0,23,1,6,51,1,59,34,0,34,93
04/19/2019,MQY,TN,ASO,CE,Federal Contract Tower,0,1,27,0,28,0,0,0,0,0,0,1,27,0,28,0,0,0,28
04/20/2019,MQY,TN,ASO,CE,Federal Contract Tower,0,2,32,3,37,0,0,1,0,1,0,2,33,3,38,16,0,16,54
04/21/2019,MQY,TN,ASO,CE,Federal Contract Tower,0,5,40,4,49,0,1,70,2,73,0,6,110,6,122,182,0,182,304
04/22/2019,MQY,TN,ASO,CE,Federal Contract Tower,0,13,66,6,85,0,2,167,5,174,0,15,233,11,259,246,0,246,505
04/23/2019,MQY,TN,ASO,CE,Federal Contract Tower,0,11,60,5,76,0,0,101,9,110,0,11,161,14,186,120,8,128,314
04/24/2019,MQY,TN,ASO,CE,Federal Contract Tower,2,13,50,0,65,0,5,95,5,105,2,18,145,5,170,240,2,242,412
04/25/2019,MQY,TN,ASO,CE,Federal Contract Tower,0,13,30,1,44,0,1,31,4,36,0,14,61,5,80,64,0,64,144
04/26/2019,MQY,TN,ASO,CE,Federal Contract Tower,0,4,40,16,60,0,1,52,6,59,0,5,92,22,119,100,2,102,221
04/27/2019,MQY,TN,ASO,CE,Federal Contract Tower,6,2,19,2,29,0,3,201,2,206,6,5,220,4,235,34,6,40,275
04/28/2019,MQY,TN,ASO,CE,Federal Contract Tower,0,5,57,11,73,0,3,88,0,91,0,8,145,11,164,172,0,172,336
04/29/2019,MQY,TN,ASO,CE,Federal Contract Tower,0,8,37,0,45,0,11,81,5,97,0,19,118,5,142,60,0,60,202
04/30/2019,MQY,TN,ASO,CE,Federal Contract Tower,0,11,41,2,54,0,15,112,5,132,0,26,153,7,186,122,0,122,308
05/01/2019,MQY,TN,ASO,CE,Federal Contract Tower,2,7,43,0,52,0,0,58,15,73,2,7,101,15,125,56,2,58,183
05/02/2019,MQY,TN,ASO,CE,Federal Contract Tower,0,12,38,1,51,0,1,51,6,58,0,13,89,7,109,140,0,140,249
05/03/2019,MQY,TN,ASO,CE,Federal Contract Tower,0,5,48,19,72,0,3,54,9,66,0,8,102,28,138,126,12,138,276
05/04/2019,MQY,TN,ASO,CE,Federal Contract Tower,0,5,21,1,27,0,0,12,0,12,0,5,33,1,39,38,0,38,77
05/05/2019,MQY,TN,ASO,CE,Federal Contract Tower,1,8,48,12,69,0,3,31,0,34,1,11,79,12,103,72,0,72,175
05/06/2019,MQY,TN,ASO,CE,Federal Contract Tower,0,12,46,3,61,0,0,98,6,104,0,12,144,9,165,108,4,112,277
05/07/2019,MQY,TN,ASO,CE,Federal Contract Tower,0,6,53,1,60,0,0,113,2,115,0,6,166,3,175,194,0,194,369
05/08/2019,MQY,TN,ASO,CE,Federal Contract Tower,0,13,39,6,58,0,4,110,7,121,0,17,149,13,179,136,2,138,317
05/09/2019,MQY,TN,ASO,CE,Federal Contract Tower,4,10,37,0,51,0,0,14,2,16,4,10,51,2,67,40,0,40,107
05/10/2019,MQY,TN,ASO,CE,Federal Contract Tower,0,11,63,19,93,0,1,71,4,76,0,12,134,23,169,154,18,172,341
05/11/2019,MQY,TN,ASO,CE,Federal Contract Tower,0,4,22,6,32,0,0,0,0,0,0,4,22,6,32,0,0,0,32
05/12/2019,MQY,TN,ASO,CE,Federal Contract Tower,0,2,25,13,40,0,2,22,5,29,0,4,47,18,69,40,0,40,109
05/13/2019,MQY,TN,ASO,CE,Federal Contract Tower,0,9,55,4,68,0,3,97,9,109,0,12,152,13,177,164,0,164,341
05/14/2019,MQY,TN,ASO,CE,Federal Contract Tower,2,12,56,7,77,0,0,146,17,163,2,12,202,24,240,146,6,152,392
05/15/2019,MQY,TN,ASO,CE,Federal Contract Tower,1,11,57,5,74,0,7,69,6,82,1,18,126,11,156,150,0,150,306
05/16/2019,MQY,TN,ASO,CE,Federal Contract Tower,1,10,58,2,71,0,5,123,17,145,1,15,181,19,216,114,0,114,330
05/17/2019,MQY,TN,ASO,CE,Federal Contract Tower,0,3,42,13,58,0,10,129,15,154,0,13,171,28,212,140,12,152,364
05/18/2019,MQY,TN,ASO,CE,Federal Contract Tower,4,3,25,0,32,0,5,98,1,104,4,8,123,1,136,112,0,112,248
05/19/2019,MQY,TN,ASO,CE,Federal Contract Tower,3,2,28,6,39,0,3,15,2,20,3,5,43,8,59,14,0,14,73
05/20/2019,MQY,TN,ASO,CE,Federal Contract Tower,0,7,44,6,57,0,5,106,3,114,0,12,150,9,171,280,0,280,451
05/21/2019,MQY,TN,ASO,CE,Federal Contract Tower,0,9,53,1,63,0,2,139,5,146,0,11,192,6,209,226,0,226,435
05/22/2019,MQY,TN,ASO,CE,Federal Contract Tower,6,6,51,14,77,0,5,139,2,146,6,11,190,16,223,168,0,168,391
05/23/2019,MQY,TN,ASO,CE,Federal Contract Tower,0,7,53,5,65,0,2,122,9,133,0,9,175,14,198,152,12,164,362
05/24/2019,MQY,TN,ASO,CE,Federal Contract Tower,0,2,59,3,64,0,3,126,0,129,0,5,185,3,193,170,0,170,363
05/25/2019,MQY,TN,ASO,CE,Federal Contract Tower,2,4,29,5,40,0,0,92,0,92,2,4,121,5,132,120,0,120,252
05/26/2019,MQY,TN,ASO,CE,Federal Contract Tower,0,4,20,0,24,0,1,42,0,43,0,5,62,0,67,52,0,52,119
05/27/2019,MQY,TN,ASO,CE,Federal Contract Tower,0,1,23,3,27,0,2,71,0,73,0,3,94,3,100,122,0,122,222
05/28/2019,MQY,TN,ASO,CE,Federal Contract Tower,0,5,40,0,45,0,4,116,0,120,0,9,156,0,165,132,0,132,297
05/29/2019,MQY,TN,ASO,CE,Federal Contract Tower,0,7,55,0,62,0,1,155,1,157,0,8,210,1,219,286,0,286,505
05/30/2019,MQY,TN,ASO,CE,Federal Contract Tower,2,10,54,0,66,0,12,113,5,130,2,22,167,5,196,208,20,228,424
05/31/2019,MQY,TN,ASO,CE,Federal Contract Tower,0,4,38,5,47,0,6,140,10,156,0,10,178,15,203,176,10,186,389
06/01/2019,MQY,TN,ASO,CE,Federal Contract Tower,0,2,24,2,28,0,4,103,7,114,0,6,127,9,142,144,6,150,292
06/02/2019,MQY,TN,ASO,CE,Federal Contract Tower,0,2,33,0,35,0,1,54,1,56,0,3,87,1,91,112,0,112,203
06/03/2019,MQY,TN,ASO,CE,Federal Contract Tower,0,4,49,0,53,0,6,128,5,139,0,10,177,5,192,178,0,178,370
06/04/2019,MQY,TN,ASO,CE,Federal Contract Tower,1,8,50,3,62,0,2,116,2,120,1,10,166,5,182,206,0,206,388
06/05/2019,MQY,TN,ASO,CE,Federal Contract Tower,1,8,37,8,54,0,2,89,1,92,1,10,126,9,146,44,0,44,190
06/06/2019,MQY,TN,ASO,CE,Federal Contract Tower,1,7,21,7,36,0,4,31,3,38,1,11,52,10,74,44,0,44,118
06/07/2019,MQY,TN,ASO,CE,Federal Contract Tower,0,3,8,4,15,0,3,4,1,8,0,6,12,5,23,0,10,10,33
06/08/2019,MQY,TN,ASO,CE,Federal Contract Tower,0,0,7,0,7,0,2,8,0,10,0,2,15,0,17,28,0,28,45
06/09/2019,MQY,TN,ASO,CE,Federal Contract Tower,0,2,8,10,20,0,3,12,2,17,0,5,20,12,37,16,0,16,53
06/10/2019,MQY,TN,ASO,CE,Federal Contract Tower,0,4,61,4,69,0,4,77,5,86,0,8,138,9,155,170,0,170,325
06/11/2019,MQY,TN,ASO,CE,Federal Contract Tower,1,8,61,2,72,0,5,134,0,139,1,13,195,2,211,112,0,112,323
06/12/2019,MQY,TN,ASO,CE,Federal Contract Tower,0,9,63,0,72,0,0,105,1,106,0,9,168,1,178,232,0,232,410
06/13/2019,MQY,TN,ASO,CE,Federal Contract Tower,3,11,69,2,85,0,9,125,8,142,3,20,194,10,227,128,24,152,379
06/14/2019,MQY,TN,ASO,CE,Federal Contract Tower,0,3,58,12,73,0,4,111,0,115,0,7,169,12,188,108,0,108,296
06/15/2019,MQY,TN,ASO,CE,Federal Contract Tower,0,5,18,0,23,0,4,77,7,88,0,9,95,7,111,58,0,58,169
06/16/2019,MQY,TN,ASO,CE,Federal Contract Tower,0,2,25,7,34,0,3,38,0,41,0,5,63,7,75,60,0,60,135
06/17/2019,MQY,TN,ASO,CE,Federal Contract Tower,0,5,38,0,43,0,0,89,2,91,0,5,127,2,134,150,0,150,284
06/18/2019,MQY,TN,ASO,CE,Federal Contract Tower,0,7,50,0,57,0,0,29,0,29,0,7,79,0,86,124,0,124,210
06/19/2019,MQY,TN,ASO,CE,Federal Contract Tower,0,12,49,0,61,0,4,68,2,74,0,16,117,2,135,158,0,158,293
06/20/2019,MQY,TN,ASO,CE,Federal Contract Tower,1,8,52,1,62,0,3,63,1,67,1,11,115,2,129,118,0,118,247
06/21/2019,MQY,TN,ASO,CE,Federal Contract Tower,0,7,44,29,80,0,2,125,5,132,0,9,169,34,212,178,0,178,390
06/22/2019,MQY,TN,ASO,CE,Federal Contract Tower,0,4,16,0,20,0,4,42,0,46,0,8,58,0,66,80,0,80,146
06/23/2019,MQY,TN,ASO,CE,Federal Contract Tower,0,2,28,8,38,0,1,78,4,83,0,3,106,12,121,84,0,84,205
06/24/2019,MQY,TN,ASO,CE,Federal Contract Tower,0,7,32,0,39,0,0,42,0,42,0,7,74,0,81,96,0,96,177
06/25/2019,MQY,TN,ASO,CE,Federal Contract Tower,0,11,49,0,60,0,1,171,0,172,0,12,220,0,232,288,0,288,520
06/26/2019,MQY,TN,ASO,CE,Federal Contract Tower,0,8,51,0,59,0,4,98,1,103,0,12,149,1,162,192,0,192,354
06/27/2019,MQY,TN,ASO,CE,Federal Contract Tower,0,8,48,2,58,0,8,82,6,96,0,16,130,8,154,64,10,74,228
06/28/2019,MQY,TN,ASO,CE,Federal Contract Tower,0,1,30,7,38,0,4,108,1,113,0,5,138,8,151,164,0,164,315
06/29/2019,MQY,TN,ASO,CE,Federal Contract Tower,0,1,30,5,36,0,1,83,4,88,0,2,113,9,124,118,6,124,248
06/30/2019,MQY,TN,ASO,CE,Federal Contract Tower,1,1,18,2,22,0,2,57,0,59,1,3,75,2,81,128,0,128,209
07/01/2019,MQY,TN,ASO,CE,Federal Contract Tower,0,9,45,6,60,0,1,143,3,147,0,10,188,9,207,100,0,100,307
07/02/2019,MQY,TN,ASO,CE,Federal Contract Tower,0,11,50,7,68,0,2,92,5,99,0,13,142,12,167,82,2,84,251
07/03/2019,MQY,TN,ASO,CE,Federal Contract Tower,1,4,50,1,56,0,4,103,0,107,1,8,153,1,163,140,0,140,303
07/04/2019,MQY,TN,ASO,CE,Federal Contract Tower,0,1,14,0,15,0,4,54,0,58,0,5,68,0,73,80,0,80,153
07/05/2019,MQY,TN,ASO,CE,Federal Contract Tower,0,7,41,1,49,0,6,131,1,138,0,13,172,2,187,208,0,208,395
07/06/2019,MQY,TN,ASO,CE,Federal Contract Tower,0,1,33,0,34,0,2,81,0,83,0,3,114,0,117,168,0,168,285
07/07/2019,MQY,TN,ASO,CE,Federal Contract Tower,0,3,31,6,40,0,3,35,2,40,0,6,66,8,80,80,4,84,164
07/08/2019,MQY,TN,ASO,CE,Federal Contract Tower,0,8,44,1,53,0,4,113,2,119,0,12,157,3,172,114,0,114,286
07/09/2019,MQY,TN,ASO,CE,Federal Contract Tower,0,8,73,8,89,0,10,110,1,121,0,18,183,9,210,160,20,180,390
07/10/2019,MQY,TN,ASO,CE,Federal Contract Tower,0,9,41,2,52,0,7,129,6,142,0,16,170,8,194,240,2,242,436
07/11/2019,MQY,TN,ASO,CE,Federal Contract Tower,0,14,32,4,50,0,11,127,4,142,0,25,159,8,192,254,14,268,460
07/12/2019,MQY,TN,ASO,CE,Federal Contract Tower,2,3,45,14,64,0,0,95,0,95,2,3,140,14,159,274,0,274,433
07/13/2019,MQY,TN,ASO,CE,Federal Contract Tower,0,2,17,2,21,0,0,102,7,109,0,2,119,9,130,220,0,220,350
07/14/2019,MQY,TN,ASO,CE,Federal Contract Tower,0,1,20,9,30,0,0,66,0,66,0,1,86,9,96,220,0,220,316
07/15/2019,MQY,TN,ASO,CE,Federal Contract Tower,0,8,43,4,55,0,0,72,8,80,0,8,115,12,135,268,0,268,403
07/16/2019,MQY,TN,ASO,CE,Federal Contract Tower,1,10,47,2,60,0,0,61,0,61,1,10,108,2,121,146,0,146,267
07/17/2019,MQY,TN,ASO,CE,Federal Contract Tower,2,9,41,7,59,0,0,55,11,66,2,9,96,18,125,162,16,178,303
07/18/2019,MQY,TN,ASO,CE,Federal Contract Tower,3,8,35,1,47,0,0,110,4,114,3,8,145,5,161,242,0,242,403
07/19/2019,MQY,TN,ASO,CE,Federal Contract Tower,0,7,57,5,69,0,2,165,1,168,0,9,222,6,237,312,0,312,549
07/20/2019,MQY,TN,ASO,CE,Federal Contract Tower,0,1,33,6,40,0,4,120,8,132,0,5,153,14,172,238,6,244,416
07/21/2019,MQY,TN,ASO,CE,Federal Contract Tower,0,0,49,5,54,0,4,22,0,26,0,4,71,5,80,58,0,58,138
07/22/2019,MQY,TN,ASO,CE,Federal Contract Tower,0,13,40,3,56,0,0,36,6,42,0,13,76,9,98,90,0,90,188
07/23/2019,MQY,TN,ASO,CE,Federal Contract Tower,3,5,60,0,68,0,0,109,1,110,3,5,169,1,178,170,0,170,348
07/24/2019,MQY,TN,ASO,CE,Federal Contract Tower,0,8,71,2,81,0,17,143,4,164,0,25,214,6,245,200,0,200,445
07/25/2019,MQY,TN,ASO,CE,Federal Contract Tower,0,8,43,3,54,0,4,143,15,162,0,12,186,18,216,160,14,174,390
07/26/2019,MQY,TN,ASO,CE,Federal Contract Tower,0,5,40,21,66,2,4,99,5,110,2,9,139,26,176,174,0,174,350
07/27/2019,MQY,TN,ASO,CE,Federal Contract Tower,0,4,27,2,33,0,9,81,0,90,0,13,108,2,123,122,0,122,245
07/28/2019,MQY,TN,ASO,CE,Federal Contract Tower,0,5,16,11,32,0,5,98,3,106,0,10,114,14,138,84,0,84,222
07/29/2019,MQY,TN,ASO,CE,Federal Contract Tower,0,10,41,1,52,0,0,117,2,119,0,10,158,3,171,204,0,204,375
07/30/2019,MQY,TN,ASO,CE,Federal Contract Tower,3,7,48,0,58,0,8,70,12,90,3,15,118,12,148,128,12,140,288
07/31/2019,MQY,TN,ASO,CE,Federal Contract Tower,3,7,56,0,66,0,0,152,6,158,3,7,208,6,224,300,0,300,524
08/01/2019,MQY,TN,ASO,CE,Federal Contract Tower,0,11,44,1,56,0,4,99,11,114,0,15,143,12,170,166,16,182,352
08/02/2019,MQY,TN,ASO,CE,Federal Contract Tower,2,1,32,10,45,0,7,109,1,117,2,8,141,11,162,152,0,152,314
08/03/2019,MQY,TN,ASO,CE,Federal Contract Tower,0,4,17,0,21,0,8,98,0,106,0,12,115,0,127,96,0,96,223
08/04/2019,MQY,TN,ASO,CE,Federal Contract Tower,3,1,18,0,22,0,3,35,0,38,3,4,53,0,60,34,0,34,94
08/05/2019,MQY,TN,ASO,CE,Federal Contract Tower,1,10,49,1,61,0,4,107,0,111,1,14,156,1,172,144,0,144,316
08/06/2019,MQY,TN,ASO,CE,Federal Contract Tower,1,9,52,0,62,0,4,98,8,110,1,13,150,8,172,162,0,162,334
08/07/2019,MQY,TN,ASO,CE,Federal Contract Tower,1,9,49,1,60,0,5,99,2,106,1,14,148,3,166,146,0,146,312
08/08/2019,MQY,TN,ASO,CE,Federal Contract Tower,1,8,69,4,82,0,8,69,3,80,1,16,138,7,162,176,0,176,338
08/09/2019,MQY,TN,ASO,CE,Federal Contract Tower,0,2,46,0,48,0,1,83,3,87,0,3,129,3,135,132,0,132,267
08/10/2019,MQY,TN,ASO,CE,Federal Contract Tower,0,0,27,0,27,0,0,95,9,104,0,0,122,9,131,146,0,146,277
08/11/2019,MQY,TN,ASO,CE,Federal Contract Tower,1,0,34,0,35,0,7,77,1,85,1,7,111,1,120,100,0,100,220
08/12/2019,MQY,TN,ASO,CE,Federal Contract Tower,1,7,40,1,49,0,4,112,6,122,1,11,152,7,171,212,12,224,395
08/13/2019,MQY,TN,ASO,CE,Federal Contract Tower,0,6,30,2,38,0,1,64,7,72,0,7,94,9,110,72,16,88,198
08/14/2019,MQY,TN,ASO,CE,Federal Contract Tower,0,5,65,18,88,0,4,104,9,117,0,9,169,27,205,248,52,300,505
08/15/2019,MQY,TN,ASO,CE,Federal Contract Tower,0,8,45,4,57,0,5,140,8,153,0,13,185,12,210,238,42,280,490
08/16/2019,MQY,TN,ASO,CE,Federal Contract Tower,0,2,50,6,58,0,5,160,17,182,0,7,210,23,240,256,32,288,528
08/17/2019,MQY,TN,ASO,CE,Federal Contract Tower,0,1,30,3,34,0,3,68,1,72,0,4,98,4,106,52,0,52,158
08/18/2019,MQY,TN,ASO,CE,Federal Contract Tower,0,1,18,5,24,0,3,59,8,70,0,4,77,13,94,52,0,52,146
08/19/2019,MQY,TN,ASO,CE,Federal Contract Tower,0,7,20,0,27,0,2,112,0,114,0,9,132,0,141,140,0,140,281
08/20/2019,MQY,TN,ASO,CE,Federal Contract Tower,0,4,45,0,49,0,0,103,7,110,0,4,148,7,159,188,14,202,361
08/21/2019,MQY,TN,ASO,CE,Federal Contract Tower,1,12,42,3,58,0,3,105,1,109,1,15,147,4,167,108,0,108,275
08/22/2019,MQY,TN,ASO,CE,Federal Contract Tower,0,15,38,4,57,0,4,44,2,50,0,19,82,6,107,102,18,120,227
08/23/2019,MQY,TN,ASO,CE,Federal Contract Tower,0,2,45,0,47,0,9,68,0,77,0,11,113,0,124,190,0,190,314
08/24/2019,MQY,TN,ASO,CE,Federal Contract Tower,1,3,48,0,52,0,2,33,0,35,1,5,81,0,87,70,0,70,157
08/25/2019,MQY,TN,ASO,CE,Federal Contract Tower,0,5,19,2,26,0,4,46,0,50,0,9,65,2,76,140,0,140,216
08/26/2019,MQY,TN,ASO,CE,Federal Contract Tower,1,4,36,1,42,0,3,18,0,21,1,7,54,1,63,100,0,100,163
08/27/2019,MQY,TN,ASO,CE,Federal Contract Tower,0,13,52,4,69,0,7,26,2,35,0,20,78,6,104,136,0,136,240
08/28/2019,MQY,TN,ASO,CE,Federal Contract Tower,0,11,61,6,78,0,5,127,13,145,0,16,188,19,223,126,16,142,365
08/29/2019,MQY,TN,ASO,CE,Federal Contract Tower,1,8,36,5,50,0,10,144,28,182,1,18,180,33,232,156,84,240,472
08/30/2019,MQY,TN,ASO,CE,Federal Contract Tower,3,7,35,0,45,0,4,115,2,121,3,11,150,2,166,192,0,192,358
08/31/2019,MQY,TN,ASO,CE,Federal Contract Tower,1,3,23,4,31,0,6,81,6,93,1,9,104,10,124,82,0,82,206
09/01/2019,MQY,TN,ASO,CE,Federal Contract Tower,0,2,15,0,17,0,6,48,0,54,0,8,63,0,71,108,0,108,179
09/02/2019,MQY,TN,ASO,CE,Federal Contract Tower,0,1,40,0,41,0,6,66,2,74,0,7,106,2,115,134,6,140,255
09/03/2019,MQY,TN,ASO,CE,Federal Contract Tower,0,9,40,2,51,0,0,88,5,93,0,9,128,7,144,236,0,236,380
09/04/2019,MQY,TN,ASO,CE,Federal Contract Tower,2,10,63,2,77,0,21,98,8,127,2,31,161,10,204,102,12,114,318
09/05/2019,MQY,TN,ASO,CE,Federal Contract Tower,0,17,39,12,68,0,3,76,19,98,0,20,115,31,166,76,26,102,268
09/06/2019,MQY,TN,ASO,CE,Federal Contract Tower,1,14,36,12,63,0,2,78,27,107,1,16,114,39,170,136,0,136,306
09/07/2019,MQY,TN,ASO,CE,Federal Contract Tower,0,2,37,10,49,0,26,74,23,123,0,28,111,33,172,82,0,82,254
09/08/2019,MQY,TN,ASO,CE,Federal Contract Tower,2,4,24,0,30,0,5,58,3,66,2,9,82,3,96,98,0,98,194
09/09/2019,MQY,TN,ASO,CE,Federal Contract Tower,0,4,46,0,50,0,3,88,0,91,0,7,134,0,141,110,0,110,251
09/10/2019,MQY,TN,ASO,CE,Federal Contract Tower,0,13,31,2,46,0,17,64,2,83,0,30,95,4,129,54,0,54,183
09/11/2019,MQY,TN,ASO,CE,Federal Contract Tower,0,9,51,0,60,0,1,88,3,92,0,10,139,3,152,94,4,98,250
09/12/2019,MQY,TN,ASO,CE,Federal Contract Tower,0,20,39,0,59,0,32,85,4,121,0,52,124,4,180,112,12,124,304
09/13/2019,MQY,TN,ASO,CE,Federal Contract Tower,0,14,65,13,92,0,35,74,16,125,0,49,139,29,217,106,4,110,327
09/14/2019,MQY,TN,ASO,CE,Federal Contract Tower,0,2,40,0,42,0,22,65,6,93,0,24,105,6,135,76,0,76,211
09/15/2019,MQY,TN,ASO,CE,Federal Contract Tower,0,6,32,13,51,0,17,82,22,121,0,23,114,35,172,130,0,130,302
09/16/2019,MQY,TN,ASO,CE,Federal Contract Tower,0,10,37,0,47,0,43,95,1,139,0,53,132,1,186,114,0,114,300
09/17/2019,MQY,TN,ASO,CE,Federal Contract Tower,0,9,41,2,52,0,35,51,0,86,0,44,92,2,138,104,0,104,242
09/18/2019,MQY,TN,ASO,CE,Federal Contract Tower,1,14,45,0,60,0,32,84,0,116,1,46,129,0,176,128,6,134,310
09/19/2019,MQY,TN,ASO,CE,Federal Contract Tower,0,11,44,0,55,0,15,77,0,92,0,26,121,0,147,200,0,200,347
09/20/2019,MQY,TN,ASO,CE,Federal Contract Tower,0,14,58,4,76,0,7,82,2,91,0,21,140,6,167,126,10,136,303
09/21/2019,MQY,TN,ASO,CE,Federal Contract Tower,0,4,29,5,38,0,42,70,2,114,0,46,99,7,152,72,0,72,224
09/22/2019,MQY,TN,ASO,CE,Federal Contract Tower,0,13,30,4,47,0,3,67,0,70,0,16,97,4,117,28,0,28,145
09/23/2019,MQY,TN,ASO,CE,Federal Contract Tower,0,10,43,0,53,0,6,63,1,70,0,16,106,1,123,150,0,150,273
09/24/2019,MQY,TN,ASO,CE,Federal Contract Tower,0,7,44,2,53,0,7,112,5,124,0,14,156,7,177,176,10,186,363
09/25/2019,MQY,TN,ASO,CE,Federal Contract Tower,0,16,41,2,59,0,12,104,0,116,0,28,145,2,175,158,0,158,333
09/26/2019,MQY,TN,ASO,CE,Federal Contract Tower,0,25,57,0,82,0,27,81,5,113,0,52,138,5,195,186,10,196,391
09/27/2019,MQY,TN,ASO,CE,Federal Contract Tower,3,13,40,2,58,0,9,88,3,100,3,22,128,5,158,106,0,106,264
09/28/2019,MQY,TN,ASO,CE,Federal Contract Tower,2,5,30,0,37,0,14,85,0,99,2,19,115,0,136,116,0,116,252
09/29/2019,MQY,TN,ASO,CE,Federal Contract Tower,0,5,27,0,32,0,12,55,0,67,0,17,82,0,99,68,0,68,167
09/30/2019,MQY,TN,ASO,CE,Federal Contract Tower,0,38,42,0,80,0,20,103,0,123,0,58,145,0,203,178,0,178,381
10/01/2019,MQY,TN,ASO,CE,Federal Contract Tower,0,29,38,2,69,0,38,98,2,138,0,67,136,4,207,170,0,170,377
10/02/2019,MQY,TN,ASO,CE,Federal Contract Tower,0,30,46,0,76,0,20,101,2,123,0,50,147,2,199,144,0,144,343
10/03/2019,MQY,TN,ASO,CE,Federal Contract Tower,0,40,36,0,76,0,26,105,6,137,0,66,141,6,213,208,0,208,421
10/04/2019,MQY,TN,ASO,CE,Federal Contract Tower,3,52,45,1,101,0,28,98,2,128,3,80,143,3,229,84,0,84,313
10/05/2019,MQY,TN,ASO,CE,Federal Contract Tower,0,7,33,0,40,0,27,61,0,88,0,34,94,0,128,78,0,78,206
10/06/2019,MQY,TN,ASO,CE,Federal Contract Tower,0,4,23,0,27,0,0,7,0,7,0,4,30,0,34,14,0,14,48
10/07/2019,MQY,TN,ASO,CE,Federal Contract Tower,0,15,27,0,42,0,4,4,2,10,0,19,31,2,52,8,0,8,60
10/08/2019,MQY,TN,ASO,CE,Federal Contract Tower,2,31,65,0,98,0,10,38,7,55,2,41,103,7,153,106,8,114,267
10/09/2019,MQY,TN,ASO,CE,Federal Contract Tower,2,48,47,6,103,0,84,117,1,202,2,132,164,7,305,212,0,212,517
10/10/2019,MQY,TN,ASO,CE,Federal Contract Tower,3,39,62,0,104,0,19,100,12,131,3,58,162,12,235,166,0,166,401
10/11/2019,MQY,TN,ASO,CE,Federal Contract Tower,5,23,39,13,80,0,15,49,8,72,5,38,88,21,152,94,0,94,246
10/12/2019,MQY,TN,ASO,CE,Federal Contract Tower,0,9,29,0,38,0,4,40,0,44,0,13,69,0,82,42,0,42,124
10/13/2019,MQY,TN,ASO,CE,Federal Contract Tower,0,13,34,5,52,0,6,91,3,100,0,19,125,8,152,108,4,112,264
10/14/2019,MQY,TN,ASO,CE,Federal Contract Tower,0,15,41,0,56,0,22,98,1,121,0,37,139,1,177,176,0,176,353
10/15/2019,MQY,TN,ASO,CE,Federal Contract Tower,0,20,58,2,80,0,38,77,6,121,0,58,135,8,201,216,0,216,417
10/16/2019,MQY,TN,ASO,CE,Federal Contract Tower,1,31,55,0,87,0,15,93,5,113,1,46,148,5,200,142,10,152,352
10/17/2019,MQY,TN,ASO,CE,Federal Contract Tower,1,34,59,0,94,0,23,134,11,168,1,57,193,11,262,204,28,232,494
10/18/2019,MQY,TN,ASO,CE,Federal Contract Tower,2,20,47,7,76,0,35,132,7,174,2,55,179,14,250,252,0,252,502
10/19/2019,MQY,TN,ASO,CE,Federal Contract Tower,0,38,37,2,77,0,72,86,17,175,0,110,123,19,252,200,4,204,456
10/20/2019,MQY,TN,ASO,CE,Federal Contract Tower,0,25,45,3,73,0,26,37,2,65,0,51,82,5,138,62,0,62,200
10/21/2019,MQY,TN,ASO,CE,Federal Contract Tower,0,11,9,0,20,0,7,9,0,16,0,18,18,0,36,20,0,20,56
10/22/2019,MQY,TN,ASO,CE,Federal Contract Tower,3,34,41,5,83,0,40,94,2,136,3,74,135,7,219,208,2,210,429
10/23/2019,MQY,TN,ASO,CE,Federal Contract Tower,4,38,54,6,102,0,138,167,6,311,4,176,221,12,413,276,0,276,689
10/24/2019,MQY,TN,ASO,CE,Federal Contract Tower,2,40,52,0,94,0,75,147,7,229,2,115,199,7,323,278,16,294,617
10/25/2019,MQY,TN,ASO,CE,Federal Contract Tower,4,12,35,0,51,0,14,46,0,60,4,26,81,0,111,198,0,198,309
10/26/2019,MQY,TN,ASO,CE,Federal Contract Tower,5,4,6,0,15,0,0,3,0,3,5,4,9,0,18,2,0,2,20
10/27/2019,MQY,TN,ASO,CE,Federal Contract Tower,3,2,72,0,77,0,1,50,4,55,3,3,122,4,132,162,16,178,310
10/28/2019,MQY,TN,ASO,CE,Federal Contract Tower,0,17,56,4,77,0,17,36,2,55,0,34,92,6,132,162,0,162,294
10/29/2019,MQY,TN,ASO,CE,Federal Contract Tower,0,22,50,8,80,0,28,59,0,87,0,50,109,8,167,186,2,188,355
10/30/2019,MQY,TN,ASO,CE,Federal Contract Tower,0,8,20,0,28,0,0,1,0,1,0,8,21,0,29,2,0,2,31
10/31/2019,MQY,TN,ASO,CE,Federal Contract Tower,0,7,28,0,35,0,1,21,0,22,0,8,49,0,57,62,0,62,119
11/01/2019,MQY,TN,ASO,CE,Federal Contract Tower,3,24,49,1,77,0,55,144,7,206,3,79,193,8,283,238,0,238,521
11/02/2019,MQY,TN,ASO,CE,Federal Contract Tower,0,8,35,1,44,0,18,143,9,170,0,26,178,10,214,102,0,102,316
11/03/2019,MQY,TN,ASO,CE,Federal Contract Tower,2,13,33,3,51,0,1,110,2,113,2,14,143,5,164,214,0,214,378
11/04/2019,MQY,TN,ASO,CE,Federal Contract Tower,0,19,42,0,61,0,8,127,0,135,0,27,169,0,196,182,0,182,378
11/05/2019,MQY,TN,ASO,CE,Federal Contract Tower,1,12,50,0,63,0,41,90,14,145,1,53,140,14,208,168,22,190,398
11/06/2019,MQY,TN,ASO,CE,Federal Contract Tower,0,16,44,15,75,0,48,120,10,178,0,64,164,25,253,234,36,270,523
11/07/2019,MQY,TN,ASO,CE,Federal Contract Tower,5,8,24,2,39,0,0,0,0,0,5,8,24,2,39,0,0,0,39
11/08/2019,MQY,TN,ASO,CE,Federal Contract Tower,1,33,38,0,72,0,13,100,5,118,1,46,138,5,190,150,0,150,340
11/09/2019,MQY,TN,ASO,CE,Federal Contract Tower,0,10,35,0,45,0,39,111,3,153,0,49,146,3,198,120,0,120,318
11/10/2019,MQY,TN,ASO,CE,Federal Contract Tower,3,14,47,0,64,0,57,104,0,161,3,71,151,0,225,172,0,172,397
11/11/2019,MQY,TN,ASO,CE,Federal Contract Tower,0,13,29,0,42,0,2,58,1,61,0,15,87,1,103,148,0,148,251
11/12/2019,MQY,TN,ASO,CE,Federal Contract Tower,0,12,36,0,48,0,6,64,3,73,0,18,100,3,121,60,0,60,181
11/13/2019,MQY,TN,ASO,CE,Federal Contract Tower,1,29,54,0,84,0,19,106,1,126,1,48,160,1,210,160,0,160,370
11/14/2019,MQY,TN,ASO,CE,Federal Contract Tower,1,16,78,6,101,0,14,142,13,169,1,30,220,19,270,180,58,238,508
11/15/2019,MQY,TN,ASO,CE,Federal Contract Tower,3,17,41,5,66,0,35,119,4,158,3,52,160,9,224,210,0,210,434
11/16/2019,MQY,TN,ASO,CE,Federal Contract Tower,0,5,27,4,36,0,2,78,6,86,0,7,105,10,122,132,0,132,254
11/17/2019,MQY,TN,ASO,CE,Federal Contract Tower,1,6,27,10,44,0,5,76,1,82,1,11,103,11,126,104,2,106,232
11/18/2019,MQY,TN,ASO,CE,Federal Contract Tower,2,22,40,1,65,0,1,85,4,90,2,23,125,5,155,198,4,202,357
11/19/2019,MQY,TN,ASO,CE,Federal Contract Tower,0,17,44,5,66,0,35,117,12,164,0,52,161,17,230,114,6,120,350
11/20/2019,MQY,TN,ASO,CE,Federal Contract Tower,0,19,43,8,70,0,47,110,0,157,0,66,153,8,227,188,0,188,415
11/21/2019,MQY,TN,ASO,CE,Federal Contract Tower,3,14,38,0,55,0,25,75,11,111,3,39,113,11,166,142,10,152,318
11/22/2019,MQY,TN,ASO,CE,Federal Contract Tower,2,12,39,2,55,0,0,0,0,0,2,12,39,2,55,0,0,0,55
11/23/2019,MQY,TN,ASO,CE,Federal Contract Tower,0,2,36,0,38,0,0,0,0,0,0,2,36,0,38,0,0,0,38
11/24/2019,MQY,TN,ASO,CE,Federal Contract Tower,1,8,45,0,54,0,37,112,12,161,1,45,157,12,215,232,0,232,447
11/25/2019,MQY,TN,ASO,CE,Federal Contract Tower,0,23,67,0,90,0,8,114,0,122,0,31,181,0,212,212,0,212,424
11/26/2019,MQY,TN,ASO,CE,Federal Contract Tower,0,11,41,0,52,0,26,71,0,97,0,37,112,0,149,124,0,124,273
11/27/2019,MQY,TN,ASO,CE,Federal Contract Tower,3,11,27,0,41,0,7,47,0,54,3,18,74,0,95,34,0,34,129
11/28/2019,MQY,TN,ASO,CE,Federal Contract Tower,0,0,8,0,8,0,4,13,0,17,0,4,21,0,25,0,0,0,25
11/29/2019,MQY,TN,ASO,CE,Federal Contract Tower,0,8,25,0,33,0,9,42,0,51,0,17,67,0,84,50,0,50,134
11/30/2019,MQY,TN,ASO,CE,Federal Contract Tower,2,3,16,0,21,0,0,11,0,11,2,3,27,0,32,30,0,30,62
12/01/2019,MQY,TN,ASO,CE,Federal Contract Tower,0,8,25,0,33,0,3,26,0,29,0,11,51,0,62,8,0,8,70
12/02/2019,MQY,TN,ASO,CE,Federal Contract Tower,0,9,21,0,30,0,2,25,0,27,0,11,46,0,57,104,0,104,161
12/03/2019,MQY,TN,ASO,CE,Federal Contract Tower,0,13,73,4,90,0,16,105,1,122,0,29,178,5,212,254,6,260,472
12/04/2019,MQY,TN,ASO,CE,Federal Contract Tower,2,14,69,0,85,0,12,117,2,131,2,26,186,2,216,252,0,252,468
12/05/2019,MQY,TN,ASO,CE,Federal Contract Tower,1,24,54,1,80,0,31,123,24,178,1,55,177,25,258,206,38,244,502
12/06/2019,MQY,TN,ASO,CE,Federal Contract Tower,0,9,43,1,53,0,6,95,2,103,0,15,138,3,156,134,2,136,292
12/07/2019,MQY,TN,ASO,CE,Federal Contract Tower,0,3,56,2,61,0,24,53,1,78,0,27,109,3,139,68,0,68,207
12/08/2019,MQY,TN,ASO,CE,Federal Contract Tower,0,7,32,0,39,0,1,89,0,90,0,8,121,0,129,206,0,206,335
12/09/2019,MQY,TN,ASO,CE,Federal Contract Tower,0,7,33,1,41,0,0,18,0,18,0,7,51,1,59,72,0,72,131
12/10/2019,MQY,TN,ASO,CE,Federal Contract Tower,1,5,24,0,30,0,0,3,5,8,1,5,27,5,38,0,16,16,54
12/11/2019,MQY,TN,ASO,CE,Federal Contract Tower,1,18,76,5,100,1,39,140,5,185,2,57,216,10,285,274,0,274,559
12/12/2019,MQY,TN,ASO,CE,Federal Contract Tower,0,29,65,3,97,0,52,148,18,218,0,81,213,21,315,286,30,316,631
12/13/2019,MQY,TN,ASO,CE,Federal Contract Tower,0,5,28,2,35,0,0,0,0,0,0,5,28,2,35,0,0,0,35
12/14/2019,MQY,TN,ASO,CE,Federal Contract Tower,0,1,31,1,33,0,1,65,1,67,0,2,96,2,100,158,0,158,258
12/15/2019,MQY,TN,ASO,CE,Federal Contract Tower,1,11,39,4,55,0,12,68,0,80,1,23,107,4,135,204,0,204,339
12/16/2019,MQY,TN,ASO,CE,Federal Contract Tower,0,5,14,0,19,0,0,0,0,0,0,5,14,0,19,0,0,0,19
12/17/2019,MQY,TN,ASO,CE,Federal Contract Tower,1,10,25,0,36,0,0,24,8,32,1,10,49,8,68,166,26,192,260
12/18/2019,MQY,TN,ASO,CE,Federal Contract Tower,0,10,61,2,73,0,0,101,5,106,0,10,162,7,179,126,0,126,305
12/19/2019,MQY,TN,ASO,CE,Federal Contract Tower,0,19,77,0,96,0,5,130,16,151,0,24,207,16,247,156,8,164,411
12/20/2019,MQY,TN,ASO,CE,Federal Contract Tower,1,8,35,0,44,0,11,135,0,146,1,19,170,0,190,204,0,204,394
12/21/2019,MQY,TN,ASO,CE,Federal Contract Tower,0,0,52,0,52,0,1,92,0,93,0,1,144,0,145,210,0,210,355
12/22/2019,MQY,TN,ASO,CE,Federal Contract Tower,0,7,21,0,28,0,0,29,1,30,0,7,50,1,58,20,0,20,78
12/23/2019,MQY,TN,ASO,CE,Federal Contract Tower,0,8,25,4,37,0,0,83,1,84,0,8,108,5,121,128,0,128,249
12/24/2019,MQY,TN,ASO,CE,Federal Contract Tower,0,3,18,0,21,0,0,33,0,33,0,3,51,0,54,44,0,44,98
12/25/2019,MQY,TN,ASO,CE,Federal Contract Tower,0,1,6,0,7,0,0,12,0,12,0,1,18,0,19,14,0,14,33
12/26/2019,MQY,TN,ASO,CE,Federal Contract Tower,0,8,37,0,45,0,0,51,0,51,0,8,88,0,96,68,0,68,164
12/27/2019,MQY,TN,ASO,CE,Federal Contract Tower,0,5,54,1,60,0,9,51,0,60,0,14,105,1,120,86,0,86,206
12/28/2019,MQY,TN,ASO,CE,Federal Contract Tower,0,5,36,1,42,0,0,64,0,64,0,5,100,1,106,98,0,98,204
12/29/2019,MQY,TN,ASO,CE,Federal Contract Tower,0,5,20,0,25,0,0,0,0,0,0,5,20,0,25,0,0,0,25
12/30/2019,MQY,TN,ASO,CE,Federal Contract Tower,0,8,42,0,50,0,4,58,0,62,0,12,100,0,112,54,0,54,166
12/31/2019,MQY,TN,ASO,CE,Federal Contract Tower,0,9,28,0,37,0,0,52,0,52,0,9,80,0,89,62,0,62,151
01/01/2020,MQY,TN,ASO,CE,Federal Contract Tower,0,3,16,0,19,0,3,85,0,88,0,6,101,0,107,114,0,114,221
01/02/2020,MQY,TN,ASO,CE,Federal Contract Tower,1,4,25,0,30,0,0,1,0,1,1,4,26,0,31,2,0,2,33
01/03/2020,MQY,TN,ASO,CE,Federal Contract Tower,1,16,28,0,45,0,0,0,0,0,1,16,28,0,45,0,0,0,45
01/04/2020,MQY,TN,ASO,CE,Federal Contract Tower,0,7,15,0,22,0,2,44,0,46,0,9,59,0,68,96,0,96,164
01/05/2020,MQY,TN,ASO,CE,Federal Contract Tower,0,16,41,0,57,0,2,94,0,96,0,18,135,0,153,124,0,124,277
01/06/2020,MQY,TN,ASO,CE,Federal Contract Tower,0,15,32,0,47,0,4,102,1,107,0,19,134,1,154,182,0,182,336
01/07/2020,MQY,TN,ASO,CE,Federal Contract Tower,0,12,55,4,71,0,6,99,0,105,0,18,154,4,176,146,0,146,322
01/08/2020,MQY,TN,ASO,CE,Federal Contract Tower,0,14,54,2,70,0,16,154,3,173,0,30,208,5,243,166,0,166,409
01/09/2020,MQY,TN,ASO,CE,Federal Contract Tower,1,14,36,0,51,0,5,85,9,99,1,19,121,9,150,152,0,152,302
01/10/2020,MQY,TN,ASO,CE,Federal Contract Tower,0,6,22,1,29,0,0,25,17,42,0,6,47,18,71,0,74,74,145
01/11/2020,MQY,TN,ASO,CE,Federal Contract Tower,0,0,2,0,2,0,0,0,0,0,0,0,2,0,2,0,0,0,2
01/12/2020,MQY,TN,ASO,CE,Federal Contract Tower,0,5,36,2,43,0,0,71,0,71,0,5,107,2,114,118,0,118,232
01/13/2020,MQY,TN,ASO,CE,Federal Contract Tower,0,11,57,1,69,0,10,72,0,82,0,21,129,1,151,134,0,134,285
01/14/2020,MQY,TN,ASO,CE,Federal Contract Tower,0,5,46,2,53,0,1,46,5,52,0,6,92,7,105,102,2,104,209
01/15/2020,MQY,TN,ASO,CE,Federal Contract Tower,1,10,67,0,78,0,0,12,0,12,1,10,79,0,90,58,0,58,148
01/16/2020,MQY,TN,ASO,CE,Federal Contract Tower,1,16,44,6,67,0,2,138,8,148,1,18,182,14,215,286,20,306,521
01/17/2020,MQY,TN,ASO,CE,Federal Contract Tower,1,5,52,21,79,0,4,103,9,116,1,9,155,30,195,222,20,242,437
01/18/2020,MQY,TN,ASO,CE,Federal Contract Tower,2,1,12,4,19,0,2,3,0,5,2,3,15,4,24,16,0,16,40
01/19/2020,MQY,TN,ASO,CE,Federal Contract Tower,0,8,29,30,67,0,1,49,0,50,0,9,78,30,117,102,0,102,219
01/20/2020,MQY,TN,ASO,CE,Federal Contract Tower,0,9,22,2,33,0,13,51,0,64,0,22,73,2,97,152,0,152,249
01/21/2020,MQY,TN,ASO,CE,Federal Contract Tower,0,20,42,1,63,0,27,89,1,117,0,47,131,2,180,220,0,220,400
01/22/2020,MQY,TN,ASO,CE,Federal Contract Tower,1,9,48,3,61,0,7,105,6,118,1,16,153,9,179,224,2,226,405
01/23/2020,MQY,TN,ASO,CE,Federal Contract Tower,3,9,41,0,53,0,17,34,1,52,3,26,75,1,105,90,0,90,195
01/24/2020,MQY,TN,ASO,CE,Federal Contract Tower,0,4,39,3,46,1,2,20,9,32,1,6,59,12,78,84,40,124,202
01/25/2020,MQY,TN,ASO,CE,Federal Contract Tower,0,1,12,2,15,0,6,49,17,72,0,7,61,19,87,214,46,260,347
01/26/2020,MQY,TN,ASO,CE,Federal Contract Tower,5,4,41,0,50,0,8,106,1,115,5,12,147,1,165,192,0,192,357
01/27/2020,MQY,TN,ASO,CE,Federal Contract Tower,1,10,50,0,61,0,3,63,1,67,1,13,113,1,128,154,0,154,282
01/28/2020,MQY,TN,ASO,CE,Federal Contract Tower,0,10,55,2,67,0,12,42,6,60,0,22,97,8,127,106,10,116,243
01/29/2020,MQY,TN,ASO,CE,Federal Contract Tower,0,9,54,8,71,0,8,108,4,120,0,17,162,12,191,282,2,284,475
01/30/2020,MQY,TN,ASO,CE,Federal Contract Tower,3,4,67,2,76,0,18,107,17,142,3,22,174,19,218,184,32,216,434
01/31/2020,MQY,TN,ASO,CE,Federal Contract Tower,0,4,43,14,61,0,0,68,3,71,0,4,111,17,132,192,4,196,328
02/01/2020,MQY,TN,ASO,ES,Federal Contract Tower,0,0,16,6,22,10,6,43,1,60,10,6,59,7,82,144,0,144,226
02/02/2020,MQY,TN,ASO,ES,Federal Contract Tower,2,3,34,5,44,0,12,79,4,95,2,15,113,9,139,122,0,122,261
02/03/2020,MQY,TN,ASO,ES,Federal Contract Tower,0,14,35,1,50,0,31,71,1,103,0,45,106,2,153,133,0,133,286
02/04/2020,MQY,TN,ASO,ES,Federal Contract Tower,1,7,25,0,33,0,0,7,0,7,1,7,32,0,40,20,0,20,60
02/05/2020,MQY,TN,ASO,ES,Federal Contract Tower,0,5,14,0,19,0,0,0,0,0,0,5,14,0,19,0,0,0,19
02/06/2020,MQY,TN,ASO,ES,Federal Contract Tower,0,12,14,0,26,0,0,4,0,4,0,12,18,0,30,0,0,0,30
02/07/2020,MQY,TN,ASO,ES,Federal Contract Tower,0,5,35,0,40,0,15,47,6,68,0,20,82,6,108,100,0,100,208
02/08/2020,MQY,TN,ASO,ES,Federal Contract Tower,0,7,37,2,46,0,17,100,10,127,0,24,137,12,173,122,20,142,315
02/09/2020,MQY,TN,ASO,ES,Federal Contract Tower,0,9,25,1,35,0,17,79,5,101,0,26,104,6,136,108,0,108,244
02/10/2020,MQY,TN,ASO,ES,Federal Contract Tower,0,10,26,0,36,0,0,0,0,0,0,10,26,0,36,0,0,0,36
02/11/2020,MQY,TN,ASO,ES,Federal Contract Tower,0,13,44,2,59,0,0,10,6,16,0,13,54,8,75,74,20,94,169
02/12/2020,MQY,TN,ASO,ES,Federal Contract Tower,1,9,25,0,35,0,0,0,0,0,1,9,25,0,35,0,0,0,35
02/13/2020,MQY,TN,ASO,ES,Federal Contract Tower,1,7,25,0,33,0,2,51,14,67,1,9,76,14,100,224,42,266,366
02/14/2020,MQY,TN,ASO,ES,Federal Contract Tower,1,13,54,0,68,0,71,130,2,203,1,84,184,2,271,246,2,248,519
02/15/2020,MQY,TN,ASO,ES,Federal Contract Tower,1,5,39,2,47,0,67,127,6,200,1,72,166,8,247,198,10,208,455
02/16/2020,MQY,TN,ASO,ES,Federal Contract Tower,2,13,30,7,52,0,26,87,1,114,2,39,117,8,166,178,0,178,344
02/17/2020,MQY,TN,ASO,ES,Federal Contract Tower,0,15,33,0,48,0,26,117,1,144,0,41,150,1,192,184,0,184,376
02/18/2020,MQY,TN,ASO,ES,Federal Contract Tower,1,13,18,0,32,0,0,0,0,0,1,13,18,0,32,0,0,0,32
02/19/2020,MQY,TN,ASO,ES,Federal Contract Tower,0,14,58,0,72,0,46,120,6,172,0,60,178,6,244,312,0,312,556
02/20/2020,MQY,TN,ASO,ES,Federal Contract Tower,0,10,25,6,41,0,0,37,6,43,0,10,62,12,84,22,0,22,106
02/21/2020,MQY,TN,ASO,ES,Federal Contract Tower,0,24,47,24,95,0,37,137,14,188,0,61,184,38,283,232,10,242,525
02/22/2020,MQY,TN,ASO,ES,Federal Contract Tower,1,1,39,1,42,0,54,142,12,208,1,55,181,13,250,232,10,242,492
02/23/2020,MQY,TN,ASO,ES,Federal Contract Tower,1,7,41,6,55,0,113,77,3,193,1,120,118,9,248,158,0,158,406
02/24/2020,MQY,TN,ASO,ES,Federal Contract Tower,0,4,23,0,27,0,0,2,0,2,0,4,25,0,29,6,0,6,35
02/25/2020,MQY,TN,ASO,ES,Federal Contract Tower,0,8,76,0,84,0,73,69,14,156,0,81,145,14,240,214,12,226,466
02/26/2020,MQY,TN,ASO,ES,Federal Contract Tower,0,11,13,2,26,0,0,31,0,31,0,11,44,2,57,112,0,112,169
02/27/2020,MQY,TN,ASO,ES,Federal Contract Tower,0,24,35,4,63,0,31,127,12,170,0,55,162,16,233,210,20,230,463
02/28/2020,MQY,TN,ASO,ES,Federal Contract Tower,1,18,27,1,47,0,3,56,1,60,1,21,83,2,107,120,0,120,227
02/29/2020,MQY,TN,ASO,ES,Federal Contract Tower,0,28,40,5,73,0,47,157,2,206,0,75,197,7,279,264,0,264,543
03/01/2020,MQY,TN,ASO,ES,Federal Contract Tower,1,26,45,3,75,0,58,102,6,166,1,84,147,9,241,160,4,164,405
03/02/2020,MQY,TN,ASO,ES,Federal Contract Tower,0,12,28,7,47,0,0,4,0,4,0,12,32,7,51,16,0,16,67
03/03/2020,MQY,TN,ASO,ES,Federal Contract Tower,0,15,49,2,66,0,32,75,27,134,0,47,124,29,200,176,0,176,376
03/04/2020,MQY,TN,ASO,ES,Federal Contract Tower,1,52,36,4,93,0,69,157,6,232,1,121,193,10,325,362,2,364,689
03/05/2020,MQY,TN,ASO,ES,Federal Contract Tower,1,61,46,4,112,0,36,154,3,193,1,97,200,7,305,332,0,332,637
03/06/2020,MQY,TN,ASO,ES,Federal Contract Tower,2,24,51,8,85,0,6,44,8,58,2,30,95,16,143,74,0,74,217
03/07/2020,MQY,TN,ASO,ES,Federal Contract Tower,0,14,26,1,41,0,32,147,9,188,0,46,173,10,229,260,0,260,489
03/08/2020,MQY,TN,ASO,ES,Federal Contract Tower,0,14,36,6,56,0,72,134,3,209,0,86,170,9,265,148,0,148,413
03/09/2020,MQY,TN,ASO,ES,Federal Contract Tower,0,14,53,1,68,0,8,95,3,106,0,22,148,4,174,210,0,210,384
03/10/2020,MQY,TN,ASO,ES,Federal Contract Tower,0,8,30,4,42,0,2,32,3,37,0,10,62,7,79,118,8,126,205
03/11/2020,MQY,TN,ASO,ES,Federal Contract Tower,0,20,47,5,72,0,16,42,5,63,0,36,89,10,135,114,26,140,275
03/12/2020,MQY,TN,ASO,ES,Federal Contract Tower,0,4,47,2,53,0,0,27,0,27,0,4,74,2,80,244,0,244,324
03/13/2020,MQY,TN,ASO,ES,Federal Contract Tower,1,10,63,2,76,0,10,143,1,154,1,20,206,3,230,334,0,334,564
03/14/2020,MQY,TN,ASO,ES,Federal Contract Tower,0,2,25,0,27,0,3,60,0,63,0,5,85,0,90,280,0,280,370
03/15/2020,MQY,TN,ASO,ES,Federal Contract Tower,0,10,48,0,58,0,0,21,0,21,0,10,69,0,79,70,0,70,149
03/16/2020,MQY,TN,ASO,ES,Federal Contract Tower,0,13,45,6,64,0,0,39,0,39,0,13,84,6,103,252,0,252,355
03/17/2020,MQY,TN,ASO,ES,Federal Contract Tower,1,5,36,5,47,0,0,0,1,1,1,5,36,6,48,0,0,0,48
03/18/2020,MQY,TN,ASO,ES,Federal Contract Tower,0,9,31,0,40,0,11,68,0,79,0,20,99,0,119,200,0,200,319
03/19/2020,MQY,TN,ASO,ES,Federal Contract Tower,3,5,41,0,49,0,2,47,0,49,3,7,88,0,98,186,0,186,284
03/20/2020,MQY,TN,ASO,ES,Federal Contract Tower,2,2,24,0,28,2,1,15,0,18,4,3,39,0,46,172,0,172,218
03/21/2020,MQY,TN,ASO,ES,Federal Contract Tower,1,2,38,0,41,0,2,80,4,86,1,4,118,4,127,218,0,218,345
03/22/2020,MQY,TN,ASO,ES,Federal Contract Tower,0,1,44,0,45,0,3,103,3,109,0,4,147,3,154,228,0,228,382
03/23/2020,MQY,TN,ASO,ES,Federal Contract Tower,1,6,19,0,26,0,6,33,0,39,1,12,52,0,65,180,0,180,245
03/24/2020,MQY,TN,ASO,ES,Federal Contract Tower,0,3,6,0,9,0,0,0,0,0,0,3,6,0,9,0,0,0,9
03/25/2020,MQY,TN,ASO,ES,Federal Contract Tower,1,7,52,0,60,0,2,151,1,154,1,9,203,1,214,480,0,480,694
03/26/2020,MQY,TN,ASO,ES,Federal Contract Tower,1,4,37,6,48,0,8,180,9,197,1,12,217,15,245,222,0,222,467
03/27/2020,MQY,TN,ASO,ES,Federal Contract Tower,0,7,24,0,31,0,10,154,0,164,0,17,178,0,195,324,0,324,519
03/28/2020,MQY,TN,ASO,ES,Federal Contract Tower,0,8,17,0,25,0,9,58,0,67,0,17,75,0,92,224,0,224,316
03/29/2020,MQY,TN,ASO,ES,Federal Contract Tower,0,0,10,0,10,0,0,56,0,56,0,0,66,0,66,88,0,88,154
03/30/2020,MQY,TN,ASO,ES,Federal Contract Tower,0,3,26,0,29,0,9,103,1,113,0,12,129,1,142,292,0,292,434
03/31/2020,MQY,TN,ASO,ES,Federal Contract Tower,0,1,16,0,17,0,0,10,0,10,0,1,26,0,27,110,0,110,137
04/01/2020,MQY,TN,ASO,ES,Federal Contract Tower,0,3,25,0,28,0,0,95,0,95,0,3,120,0,123,154,0,154,277
04/02/2020,MQY,TN,ASO,ES,Federal Contract Tower,0,3,32,0,35,0,9,155,3,167,0,12,187,3,202,338,4,342,544
04/03/2020,MQY,TN,ASO,ES,Federal Contract Tower,0,1,23,0,24,0,5,152,2,159,0,6,175,2,183,252,0,252,435
04/04/2020,MQY,TN,ASO,ES,Federal Contract Tower,0,0,14,1,15,0,7,114,2,123,0,7,128,3,138,258,0,258,396
04/05/2020,MQY,TN,ASO,ES,Federal Contract Tower,0,5,19,0,24,0,6,105,1,112,0,11,124,1,136,156,0,156,292
04/06/2020,MQY,TN,ASO,ES,Federal Contract Tower,0,2,30,0,32,0,3,92,0,95,0,5,122,0,127,124,0,124,251
04/07/2020,MQY,TN,ASO,ES,Federal Contract Tower,0,2,16,0,18,0,0,70,0,70,0,2,86,0,88,64,0,64,152
04/08/2020,MQY,TN,ASO,ES,Federal Contract Tower,0,2,29,0,31,0,1,45,3,49,0,3,74,3,80,78,0,78,158
04/09/2020,MQY,TN,ASO,ES,Federal Contract Tower,0,4,19,0,23,0,1,88,0,89,0,5,107,0,112,158,0,158,270
04/10/2020,MQY,TN,ASO,ES,Federal Contract Tower,0,5,23,0,28,0,10,114,8,132,0,15,137,8,160,132,0,132,292
04/11/2020,MQY,TN,ASO,ES,Federal Contract Tower,0,2,24,1,27,0,0,118,0,118,0,2,142,1,145,140,0,140,285
04/12/2020,MQY,TN,ASO,ES,Federal Contract Tower,0,0,3,0,3,0,0,0,0,0,0,0,3,0,3,0,0,0,3
04/13/2020,MQY,TN,ASO,ES,Federal Contract Tower,0,2,17,0,19,0,0,28,0,28,0,2,45,0,47,88,0,88,135
04/14/2020,MQY,TN,ASO,ES,Federal Contract Tower,0,2,47,0,49,0,3,90,5,98,0,5,137,5,147,104,0,104,251
04/15/2020,MQY,TN,ASO,ES,Federal Contract Tower,1,4,47,0,52,0,3,134,4,141,1,7,181,4,193,202,0,202,395
04/16/2020,MQY,TN,ASO,ES,Federal Contract Tower,0,1,36,0,37,0,4,158,0,162,0,5,194,0,199,220,0,220,419
04/17/2020,MQY,TN,ASO,ES,Federal Contract Tower,0,4,13,0,17,0,12,66,0,78,0,16,79,0,95,116,0,116,211
04/18/2020,MQY,TN,ASO,ES,Federal Contract Tower,0,2,21,0,23,0,1,101,5,107,0,3,122,5,130,306,0,306,436
04/19/2020,MQY,TN,ASO,ES,Federal Contract Tower,0,2,8,0,10,0,4,18,7,29,0,6,26,7,39,110,0,110,149
04/20/2020,MQY,TN,ASO,ES,Federal Contract Tower,0,2,19,4,25,0,4,120,1,125,0,6,139,5,150,260,0,260,410
04/21/2020,MQY,TN,ASO,ES,Federal Contract Tower,0,3,25,0,28,0,3,100,3,106,0,6,125,3,134,230,2,232,366
04/22/2020,MQY,TN,ASO,ES,Federal Contract Tower,0,3,37,2,42,0,6,111,10,127,0,9,148,12,169,202,0,202,371
04/23/2020,MQY,TN,ASO,ES,Federal Contract Tower,0,2,5,0,7,0,0,2,0,2,0,2,7,0,9,0,0,0,9
04/24/2020,MQY,TN,ASO,ES,Federal Contract Tower,0,6,36,0,42,0,3,110,3,116,0,9,146,3,158,318,0,318,476
04/25/2020,MQY,TN,ASO,ES,Federal Contract Tower,0,2,7,0,9,0,0,4,0,4,0,2,11,0,13,12,0,12,25
04/26/2020,MQY,TN,ASO,ES,Federal Contract Tower,0,2,20,0,22,0,0,11,0,11,0,2,31,0,33,20,0,20,53
04/27/2020,MQY,TN,ASO,ES,Federal Contract Tower,0,6,48,0,54,0,3,132,2,137,0,9,180,2,191,214,2,216,407
04/28/2020,MQY,TN,ASO,ES,Federal Contract Tower,0,3,45,0,48,0,3,114,12,129,0,6,159,12,177,254,28,282,459
04/29/2020,MQY,TN,ASO,ES,Federal Contract Tower,2,4,14,0,20,0,1,11,2,14,2,5,25,2,34,34,0,34,68
04/30/2020,MQY,TN,ASO,ES,Federal Contract Tower,0,4,40,2,46,0,5,64,6,75,0,9,104,8,121,122,10,132,253
05/01/2020,MQY,TN,ASO,ES,Federal Contract Tower,1,5,51,0,57,0,18,190,4,212,1,23,241,4,269,396,12,408,677
05/02/2020,MQY,TN,ASO,ES,Federal Contract Tower,0,2,22,0,24,0,0,102,3,105,0,2,124,3,129,176,0,176,305
05/03/2020,MQY,TN,ASO,ES,Federal Contract Tower,0,2,16,0,18,0,0,51,0,51,0,2,67,0,69,100,0,100,169
05/04/2020,MQY,TN,ASO,ES,Federal Contract Tower,0,3,24,0,27,0,3,80,0,83,0,6,104,0,110,220,0,220,330
05/05/2020,MQY,TN,ASO,ES,Federal Contract Tower,0,6,28,3,37,0,3,17,6,26,0,9,45,9,63,6,12,18,81
05/06/2020,MQY,TN,ASO,ES,Federal Contract Tower,0,4,38,0,42,0,6,52,1,59,0,10,90,1,101,112,0,112,213
05/07/2020,MQY,TN,ASO,ES,Federal Contract Tower,0,5,59,5,69,0,13,173,6,192,0,18,232,11,261,294,0,294,555
05/08/2020,MQY,TN,ASO,ES,Federal Contract Tower,0,1,23,0,24,0,8,5,0,13,0,9,28,0,37,6,0,6,43
05/09/2020,MQY,TN,ASO,ES,Federal Contract Tower,1,0,45,0,46,0,1,164,0,165,1,1,209,0,211,210,0,210,421
05/10/2020,MQY,TN,ASO,ES,Federal Contract Tower,0,0,25,0,25,0,4,55,0,59,0,4,80,0,84,68,0,68,152
05/11/2020,MQY,TN,ASO,ES,Federal Contract Tower,0,4,57,0,61,0,1,156,2,159,0,5,213,2,220,258,0,258,478
05/12/2020,MQY,TN,ASO,ES,Federal Contract Tower,0,4,64,0,68,0,4,100,6,110,0,8,164,6,178,252,0,252,430
05/13/2020,MQY,TN,ASO,ES,Federal Contract Tower,0,3,30,2,35,0,5,91,2,98,0,8,121,4,133,192,0,192,325
05/14/2020,MQY,TN,ASO,ES,Federal Contract Tower,0,5,46,2,53,0,16,105,8,129,0,21,151,10,182,104,6,110,292
05/15/2020,MQY,TN,ASO,ES,Federal Contract Tower,0,4,48,0,52,0,1,106,1,108,0,5,154,1,160,100,0,100,260
05/16/2020,MQY,TN,ASO,ES,Federal Contract Tower,0,3,22,17,42,0,1,75,1,77,0,4,97,18,119,154,4,158,277
05/17/2020,MQY,TN,ASO,ES,Federal Contract Tower,0,2,20,0,22,0,5,41,0,46,0,7,61,0,68,78,0,78,146
05/18/2020,MQY,TN,ASO,ES,Federal Contract Tower,0,0,36,0,36,0,1,22,0,23,0,1,58,0,59,52,0,52,111
05/19/2020,MQY,TN,ASO,ES,Federal Contract Tower,0,4,58,2,64,0,1,79,5,85,0,5,137,7,149,148,12,160,309
05/20/2020,MQY,TN,ASO,ES,Federal Contract Tower,0,5,63,0,68,0,2,29,4,35,0,7,92,4,103,142,14,156,259
05/21/2020,MQY,TN,ASO,ES,Federal Contract Tower,1,10,59,1,71,0,2,82,5,89,1,12,141,6,160,244,0,244,404
05/22/2020,MQY,TN,ASO,ES,Federal Contract Tower,1,3,44,0,48,0,5,89,0,94,1,8,133,0,142,214,0,214,356
05/23/2020,MQY,TN,ASO,ES,Federal Contract Tower,0,0,45,0,45,0,22,93,2,117,0,22,138,2,162,256,0,256,418
05/24/2020,MQY,TN,ASO,ES,Federal Contract Tower,0,3,24,0,27,0,2,77,0,79,0,5,101,0,106,140,0,140,246
05/25/2020,MQY,TN,ASO,ES,Federal Contract Tower,0,0,29,0,29,0,0,81,0,81,0,0,110,0,110,154,0,154,264
05/26/2020,MQY,TN,ASO,ES,Federal Contract Tower,0,8,43,4,55,0,4,106,0,110,0,12,149,4,165,154,0,154,319
05/27/2020,MQY,TN,ASO,ES,Federal Contract Tower,0,4,33,1,38,0,2,14,0,16,0,6,47,1,54,96,0,96,150
05/28/2020,MQY,TN,ASO,ES,Federal Contract Tower,0,5,58,0,63,0,17,128,5,150,0,22,186,5,213,300,0,300,513
05/29/2020,MQY,TN,ASO,ES,Federal Contract Tower,0,6,39,0,45,0,10,142,12,164,0,16,181,12,209,202,0,202,411
05/30/2020,MQY,TN,ASO,ES,Federal Contract Tower,0,5,35,2,42,0,10,132,0,142,0,15,167,2,184,218,0,218,402
05/31/2020,MQY,TN,ASO,ES,Federal Contract Tower,1,3,32,1,37,0,10,77,5,92,1,13,109,6,129,136,0,136,265
06/01/2020,MQY,TN,ASO,ES,Federal Contract Tower,0,21,59,0,80,0,29,132,0,161,0,50,191,0,241,242,0,242,483
06/02/2020,MQY,TN,ASO,ES,Federal Contract Tower,0,10,43,0,53,0,38,141,7,186,0,48,184,7,239,270,0,270,509
06/03/2020,MQY,TN,ASO,ES,Federal Contract Tower,1,10,51,2,64,0,35,124,0,159,1,45,175,2,223,292,0,292,515
06/04/2020,MQY,TN,ASO,ES,Federal Contract Tower,0,12,33,11,56,0,7,96,2,105,0,19,129,13,161,158,0,158,319
06/05/2020,MQY,TN,ASO,ES,Federal Contract Tower,0,27,48,2,77,0,33,121,14,168,0,60,169,16,245,212,0,212,457
06/06/2020,MQY,TN,ASO,ES,Federal Contract Tower,0,22,44,0,66,0,8,132,0,140,0,30,176,0,206,216,0,216,422
06/07/2020,MQY,TN,ASO,ES,Federal Contract Tower,0,18,40,2,60,0,43,83,0,126,0,61,123,2,186,168,0,168,354
06/08/2020,MQY,TN,ASO,ES,Federal Contract Tower,0,8,41,0,49,0,16,82,0,98,0,24,123,0,147,114,0,114,261
06/09/2020,MQY,TN,ASO,ES,Federal Contract Tower,0,7,8,10,25,0,1,16,3,20,0,8,24,13,45,38,36,74,119
06/10/2020,MQY,TN,ASO,ES,Federal Contract Tower,1,9,40,1,51,0,3,54,2,59,1,12,94,3,110,42,0,42,152
06/11/2020,MQY,TN,ASO,ES,Federal Contract Tower,0,36,59,0,95,0,34,156,25,215,0,70,215,25,310,274,48,322,632
06/12/2020,MQY,TN,ASO,ES,Federal Contract Tower,0,31,71,0,102,0,17,160,13,190,0,48,231,13,292,284,4,288,580
06/13/2020,MQY,TN,ASO,ES,Federal Contract Tower,0,9,28,0,37,0,22,134,1,157,0,31,162,1,194,244,0,244,438
06/14/2020,MQY,TN,ASO,ES,Federal Contract Tower,0,6,18,0,24,0,22,55,0,77,0,28,73,0,101,130,0,130,231
06/15/2020,MQY,TN,ASO,ES,Federal Contract Tower,0,22,43,2,67,0,45,104,6,155,0,67,147,8,222,246,0,246,468
06/16/2020,MQY,TN,ASO,ES,Federal Contract Tower,0,29,40,0,69,0,49,106,0,155,0,78,146,0,224,210,0,210,434
06/17/2020,MQY,TN,ASO,ES,Federal Contract Tower,0,18,62,0,80,0,87,164,6,257,0,105,226,6,337,286,0,286,623
06/18/2020,MQY,TN,ASO,ES,Federal Contract Tower,0,23,50,2,75,0,42,137,8,187,0,65,187,10,262,290,0,290,552
06/19/2020,MQY,TN,ASO,ES,Federal Contract Tower,0,15,54,0,69,0,42,124,2,168,0,57,178,2,237,192,0,192,429
06/20/2020,MQY,TN,ASO,ES,Federal Contract Tower,0,22,44,0,66,0,63,113,0,176,0,85,157,0,242,162,0,162,404
06/21/2020,MQY,TN,ASO,ES,Federal Contract Tower,1,5,21,0,27,0,21,0,0,21,1,26,21,0,48,56,0,56,104
06/22/2020,MQY,TN,ASO,ES,Federal Contract Tower,0,1,40,0,41,0,16,73,0,89,0,17,113,0,130,134,0,134,264
06/23/2020,MQY,TN,ASO,ES,Federal Contract Tower,0,25,83,0,108,0,21,86,13,120,0,46,169,13,228,166,16,182,410
06/24/2020,MQY,TN,ASO,ES,Federal Contract Tower,2,34,53,2,91,0,75,161,1,237,2,109,214,3,328,250,0,250,578
06/25/2020,MQY,TN,ASO,ES,Federal Contract Tower,0,31,62,2,95,0,83,162,19,264,0,114,224,21,359,406,34,440,799
06/26/2020,MQY,TN,ASO,ES,Federal Contract Tower,0,17,67,0,84,0,8,94,8,110,0,25,161,8,194,176,0,176,370
06/27/2020,MQY,TN,ASO,ES,Federal Contract Tower,0,11,33,0,44,0,1,32,0,33,0,12,65,0,77,24,0,24,101
06/28/2020,MQY,TN,ASO,ES,Federal Contract Tower,0,9,33,0,42,0,0,26,0,26,0,9,59,0,68,10,0,10,78
06/29/2020,MQY,TN,ASO,ES,Federal Contract Tower,0,6,24,1,31,0,34,66,12,112,0,40,90,13,143,140,10,150,293
06/30/2020,MQY,TN,ASO,ES,Federal Contract Tower,0,2,27,0,29,0,3,22,0,25,0,5,49,0,54,54,0,54,108
07/01/2020,MQY,TN,ASO,ES,Federal Contract Tower,0,12,57,0,69,0,10,24,14,48,0,22,81,14,117,30,6,36,153
07/02/2020,MQY,TN,ASO,ES,Federal Contract Tower,0,30,68,1,99,0,38,146,4,188,0,68,214,5,287,272,4,276,563
07/03/2020,MQY,TN,ASO,ES,Federal Contract Tower,0,20,42,0,62,0,56,150,7,213,0,76,192,7,275,178,0,178,453
07/04/2020,MQY,TN,ASO,ES,Federal Contract Tower,0,4,21,0,25,0,7,67,8,82,0,11,88,8,107,24,0,24,131
07/05/2020,MQY,TN,ASO,ES,Federal Contract Tower,0,6,31,2,39,0,31,32,0,63,0,37,63,2,102,32,0,32,134
07/06/2020,MQY,TN,ASO,ES,Federal Contract Tower,0,27,51,0,78,0,40,108,0,148,0,67,159,0,226,198,0,198,424
07/07/2020,MQY,TN,ASO,ES,Federal Contract Tower,0,20,35,0,55,0,16,102,6,124,0,36,137,6,179,186,4,190,369
07/08/2020,MQY,TN,ASO,ES,Federal Contract Tower,0,12,41,8,61,0,37,115,26,178,0,49,156,34,239,248,58,306,545
07/09/2020,MQY,TN,ASO,ES,Federal Contract Tower,2,13,43,0,58,0,80,159,9,248,2,93,202,9,306,270,4,274,580
07/10/2020,MQY,TN,ASO,ES,Federal Contract Tower,1,12,52,7,72,0,35,125,0,160,1,47,177,7,232,182,0,182,414
07/11/2020,MQY,TN,ASO,ES,Federal Contract Tower,0,10,32,1,43,0,23,125,7,155,0,33,157,8,198,108,2,110,308
07/12/2020,MQY,TN,ASO,ES,Federal Contract Tower,0,4,14,0,18,0,1,24,0,25,0,5,38,0,43,16,0,16,59
07/13/2020,MQY,TN,ASO,ES,Federal Contract Tower,0,16,53,5,74,0,55,132,8,195,0,71,185,13,269,210,2,212,481
07/14/2020,MQY,TN,ASO,ES,Federal Contract Tower,0,13,65,1,79,0,11,138,8,157,0,24,203,9,236,180,0,180,416
07/15/2020,MQY,TN,ASO,ES,Federal Contract Tower,0,14,86,1,101,0,9,194,6,209,0,23,280,7,310,382,0,382,692
07/16/2020,MQY,TN,ASO,ES,Federal Contract Tower,0,6,48,3,57,0,4,166,7,177,0,10,214,10,234,256,24,280,514
07/17/2020,MQY,TN,ASO,ES,Federal Contract Tower,0,5,45,0,50,0,10,140,3,153,0,15,185,3,203,180,0,180,383
07/18/2020,MQY,TN,ASO,ES,Federal Contract Tower,0,4,26,0,30,0,4,95,2,101,0,8,121,2,131,170,0,170,301
07/19/2020,MQY,TN,ASO,ES,Federal Contract Tower,0,6,33,0,39,0,3,55,0,58,0,9,88,0,97,68,0,68,165
07/20/2020,MQY,TN,ASO,ES,Federal Contract Tower,0,6,48,1,55,0,2,114,34,150,0,8,162,35,205,194,22,216,421
07/21/2020,MQY,TN,ASO,ES,Federal Contract Tower,0,13,46,0,59,0,16,96,0,112,0,29,142,0,171,156,0,156,327
07/22/2020,MQY,TN,ASO,ES,Federal Contract Tower,1,8,39,0,48,0,4,83,1,88,1,12,122,1,136,154,0,154,290
07/23/2020,MQY,TN,ASO,ES,Federal Contract Tower,0,12,38,0,50,0,12,99,10,121,0,24,137,10,171,282,44,326,497
07/24/2020,MQY,TN,ASO,ES,Federal Contract Tower,0,14,40,0,54,0,44,119,0,163,0,58,159,0,217,160,0,160,377
07/25/2020,MQY,TN,ASO,ES,Federal Contract Tower,0,22,33,1,56,0,24,105,0,129,0,46,138,1,185,176,0,176,361
07/26/2020,MQY,TN,ASO,ES,Federal Contract Tower,0,11,41,0,52,0,23,83,1,107,0,34,124,1,159,144,0,144,303
07/27/2020,MQY,TN,ASO,ES,Federal Contract Tower,0,25,49,0,74,0,13,96,0,109,0,38,145,0,183,162,0,162,345
07/28/2020,MQY,TN,ASO,ES,Federal Contract Tower,0,24,39,0,63,0,3,72,0,75,0,27,111,0,138,168,0,168,306
07/29/2020,MQY,TN,ASO,ES,Federal Contract Tower,0,19,61,3,83,0,4,102,2,108,0,23,163,5,191,324,4,328,519
07/30/2020,MQY,TN,ASO,ES,Federal Contract Tower,2,9,34,1,46,8,78,6,0,92,10,87,40,1,138,182,20,202,340
07/31/2020,MQY,TN,ASO,ES,Federal Contract Tower,0,16,36,1,53,0,1,57,3,61,0,17,93,4,114,166,0,166,280
08/01/2020,MQY,TN,ASO,ES,Federal Contract Tower,0,5,21,0,26,0,4,27,0,31,0,9,48,0,57,48,0,48,105
08/02/2020,MQY,TN,ASO,ES,Federal Contract Tower,0,9,30,0,39,0,18,100,0,118,0,27,130,0,157,268,0,268,425
08/03/2020,MQY,TN,ASO,ES,Federal Contract Tower,0,20,42,0,62,0,5,133,0,138,0,25,175,0,200,206,0,206,406
08/04/2020,MQY,TN,ASO,ES,Federal Contract Tower,0,14,80,0,94,0,5,94,3,102,0,19,174,3,196,130,0,130,326
08/05/2020,MQY,TN,ASO,ES,Federal Contract Tower,0,20,80,1,101,0,14,172,4,190,0,34,252,5,291,292,0,292,583
08/06/2020,MQY,TN,ASO,ES,Federal Contract Tower,0,12,55,12,79,0,21,167,14,202,0,33,222,26,281,378,34,412,693
08/07/2020,MQY,TN,ASO,ES,Federal Contract Tower,0,14,49,6,69,0,24,176,11,211,0,38,225,17,280,322,26,348,628
08/08/2020,MQY,TN,ASO,ES,Federal Contract Tower,1,12,24,0,37,0,27,96,2,125,1,39,120,2,162,200,0,200,362
08/09/2020,MQY,TN,ASO,ES,Federal Contract Tower,0,4,19,0,23,0,4,45,4,53,0,8,64,4,76,116,0,116,192
08/10/2020,MQY,TN,ASO,ES,Federal Contract Tower,0,20,43,0,63,0,3,71,2,76,0,23,114,2,139,172,0,172,311
08/11/2020,MQY,TN,ASO,ES,Federal Contract Tower,0,10,53,2,65,0,12,135,10,157,0,22,188,12,222,172,12,184,406
08/12/2020,MQY,TN,ASO,ES,Federal Contract Tower,0,10,34,1,45,0,3,82,0,85,0,13,116,1,130,150,2,152,282
08/13/2020,MQY,TN,ASO,ES,Federal Contract Tower,0,27,52,0,79,0,8,97,8,113,0,35,149,8,192,166,8,174,366
08/14/2020,MQY,TN,ASO,ES,Federal Contract Tower,0,11,50,0,61,0,5,18,0,23,0,16,68,0,84,36,0,36,120
08/15/2020,MQY,TN,ASO,ES,Federal Contract Tower,0,4,38,0,42,0,2,27,3,32,0,6,65,3,74,40,0,40,114
08/16/2020,MQY,TN,ASO,ES,Federal Contract Tower,0,1,37,1,39,0,0,45,4,49,0,1,82,5,88,120,0,120,208
08/17/2020,MQY,TN,ASO,ES,Federal Contract Tower,0,10,47,0,57,0,17,131,0,148,0,27,178,0,205,202,0,202,407
08/18/2020,MQY,TN,ASO,ES,Federal Contract Tower,0,4,40,0,44,0,0,115,2,117,0,4,155,2,161,214,8,222,383
08/19/2020,MQY,TN,ASO,ES,Federal Contract Tower,2,5,60,1,68,0,9,77,1,87,2,14,137,2,155,202,0,202,357
08/20/2020,MQY,TN,ASO,ES,Federal Contract Tower,0,5,60,5,70,0,7,137,22,166,0,12,197,27,236,202,36,238,474
08/21/2020,MQY,TN,ASO,ES,Federal Contract Tower,0,5,40,0,45,0,1,87,0,88,0,6,127,0,133,244,0,244,377
08/22/2020,MQY,TN,ASO,ES,Federal Contract Tower,0,1,29,2,32,0,3,42,9,54,0,4,71,11,86,76,40,116,202
08/23/2020,MQY,TN,ASO,ES,Federal Contract Tower,1,62,0,0,63,0,1,101,4,106,1,63,101,4,169,116,16,132,301
08/24/2020,MQY,TN,ASO,ES,Federal Contract Tower,2,13,61,6,82,0,2,155,2,159,2,15,216,8,241,248,6,254,495
08/25/2020,MQY,TN,ASO,ES,Federal Contract Tower,0,11,51,4,66,0,2,120,23,145,0,13,171,27,211,200,38,238,449
08/26/2020,MQY,TN,ASO,ES,Federal Contract Tower,1,13,55,0,69,0,15,168,13,196,1,28,223,13,265,292,26,318,583
08/27/2020,MQY,TN,ASO,ES,Federal Contract Tower,0,18,63,6,87,0,19,126,0,145,0,37,189,6,232,214,0,214,446
08/28/2020,MQY,TN,ASO,ES,Federal Contract Tower,0,0,11,0,11,0,0,14,2,16,0,0,25,2,27,36,0,36,63
08/29/2020,MQY,TN,ASO,ES,Federal Contract Tower,0,8,40,6,54,0,3,61,2,66,0,11,101,8,120,172,0,172,292
08/30/2020,MQY,TN,ASO,ES,Federal Contract Tower,0,4,41,0,45,0,1,17,0,18,0,5,58,0,63,26,0,26,89
08/31/2020,MQY,TN,ASO,ES,Federal Contract Tower,0,18,33,0,51,0,16,49,1,66,0,34,82,1,117,190,0,190,307
09/01/2020,MQY,TN,ASO,ES,Federal Contract Tower,0,10,40,0,50,0,2,37,10,49,0,12,77,10,99,152,32,184,283
09/02/2020,MQY,TN,ASO,ES,Federal Contract Tower,0,23,73,0,96,0,11,106,0,117,0,34,179,0,213,294,0,294,507
09/03/2020,MQY,TN,ASO,ES,Federal Contract Tower,0,8,59,2,69,0,10,115,19,144,0,18,174,21,213,342,42,384,597
09/04/2020,MQY,TN,ASO,ES,Federal Contract Tower,2,12,57,1,72,0,7,122,6,135,2,19,179,7,207,326,0,326,533
09/05/2020,MQY,TN,ASO,ES,Federal Contract Tower,0,4,18,1,23,0,22,142,0,164,0,26,160,1,187,184,0,184,371
09/06/2020,MQY,TN,ASO,ES,Federal Contract Tower,0,6,26,0,32,0,5,98,0,103,0,11,124,0,135,186,0,186,321
09/07/2020,MQY,TN,ASO,ES,Federal Contract Tower,0,12,46,0,58,0,5,158,6,169,0,17,204,6,227,242,2,244,471
09/08/2020,MQY,TN,ASO,ES,Federal Contract Tower,0,11,52,4,67,0,19,146,7,172,0,30,198,11,239,248,20,268,507
09/09/2020,MQY,TN,ASO,ES,Federal Contract Tower,0,11,58,0,69,0,30,133,4,167,0,41,191,4,236,288,0,288,524
09/10/2020,MQY,TN,ASO,ES,Federal Contract Tower,0,17,75,10,102,0,8,187,23,218,0,25,262,33,320,292,62,354,674
09/11/2020,MQY,TN,ASO,ES,Federal Contract Tower,0,16,52,7,75,0,17,108,3,128,0,33,160,10,203,158,2,160,363
09/12/2020,MQY,TN,ASO,ES,Federal Contract Tower,0,3,27,0,30,0,2,57,0,59,0,5,84,0,89,108,0,108,197
09/13/2020,MQY,TN,ASO,ES,Federal Contract Tower,2,4,21,0,27,0,1,0,0,1,2,5,21,0,28,0,0,0,28
09/14/2020,MQY,TN,ASO,ES,Federal Contract Tower,0,11,63,4,78,0,8,54,1,63,0,19,117,5,141,148,0,148,289
09/15/2020,MQY,TN,ASO,ES,Federal Contract Tower,0,15,52,15,82,0,36,118,2,156,0,51,170,17,238,310,0,310,548
09/16/2020,MQY,TN,ASO,ES,Federal Contract Tower,0,11,55,12,78,0,58,138,0,196,0,69,193,12,274,274,0,274,548
09/17/2020,MQY,TN,ASO,ES,Federal Contract Tower,0,21,40,5,66,0,57,109,0,166,0,78,149,5,232,218,0,218,450
09/18/2020,MQY,TN,ASO,ES,Federal Contract Tower,0,12,77,4,93,0,28,84,0,112,0,40,161,4,205,136,0,136,341
09/19/2020,MQY,TN,ASO,ES,Federal Contract Tower,2,9,33,0,44,8,51,80,0,139,10,60,113,0,183,166,0,166,349
09/20/2020,MQY,TN,ASO,ES,Federal Contract Tower,0,8,45,0,53,0,53,105,3,161,0,61,150,3,214,256,0,256,470
09/21/2020,MQY,TN,ASO,ES,Federal Contract Tower,1,10,39,6,56,0,63,139,0,202,1,73,178,6,258,290,0,290,548
09/22/2020,MQY,TN,ASO,ES,Federal Contract Tower,0,22,68,1,91,0,30,146,4,180,0,52,214,5,271,275,0,275,546
09/23/2020,MQY,TN,ASO,ES,Federal Contract Tower,0,11,51,1,63,0,36,122,16,174,0,47,173,17,237,366,20,386,623
09/24/2020,MQY,TN,ASO,ES,Federal Contract Tower,2,10,32,0,44,0,0,0,0,0,2,10,32,0,44,0,0,0,44
09/25/2020,MQY,TN,ASO,ES,Federal Contract Tower,0,10,67,4,81,0,12,40,1,53,0,22,107,5,134,202,0,202,336
09/26/2020,MQY,TN,ASO,ES,Federal Contract Tower,0,5,42,0,47,0,25,92,0,117,0,30,134,0,164,174,0,174,338
09/27/2020,MQY,TN,ASO,ES,Federal Contract Tower,0,8,40,1,49,0,34,115,1,150,0,42,155,2,199,248,0,248,447
09/28/2020,MQY,TN,ASO,ES,Federal Contract Tower,0,9,32,0,41,0,1,10,0,11,0,10,42,0,52,10,0,10,62
09/29/2020,MQY,TN,ASO,ES,Federal Contract Tower,0,23,55,3,81,0,21,150,0,171,0,44,205,3,252,298,0,298,550
09/30/2020,MQY,TN,ASO,ES,Federal Contract Tower,0,34,56,1,91,0,53,178,0,231,0,87,234,1,322,232,0,232,554
10/01/2020,MQY,TN,ASO,ES,Federal Contract Tower,1,34,48,1,84,0,35,174,0,209,1,69,222,1,293,336,0,336,629
10/02/2020,MQY,TN,ASO,ES,Federal Contract Tower,2,24,61,3,90,0,45,169,1,215,2,69,230,4,305,200,0,200,505
10/03/2020,MQY,TN,ASO,ES,Federal Contract Tower,0,10,33,0,43,0,70,137,4,211,0,80,170,4,254,248,0,248,502
10/04/2020,MQY,TN,ASO,ES,Federal Contract Tower,0,22,40,3,65,0,39,102,3,144,0,61,142,6,209,132,0,132,341
10/05/2020,MQY,TN,ASO,ES,Federal Contract Tower,0,30,57,3,90,0,38,88,4,130,0,68,145,7,220,296,0,296,516
10/06/2020,MQY,TN,ASO,ES,Federal Contract Tower,0,42,48,1,91,0,90,163,7,260,0,132,211,8,351,410,0,410,761
10/07/2020,MQY,TN,ASO,ES,Federal Contract Tower,0,30,57,1,88,0,24,174,6,204,0,54,231,7,292,426,0,426,718
10/08/2020,MQY,TN,ASO,ES,Federal Contract Tower,0,29,63,3,95,0,44,149,1,194,0,73,212,4,289,350,0,350,639
10/09/2020,MQY,TN,ASO,ES,Federal Contract Tower,2,36,55,0,93,0,24,111,0,135,2,60,166,0,228,286,0,286,514
10/10/2020,MQY,TN,ASO,ES,Federal Contract Tower,1,0,12,0,13,0,30,6,0,36,1,30,18,0,49,4,0,4,53
10/11/2020,MQY,TN,ASO,ES,Federal Contract Tower,2,8,44,0,54,0,2,0,0,2,2,10,44,0,56,0,0,0,56
10/12/2020,MQY,TN,ASO,ES,Federal Contract Tower,0,15,58,0,73,0,25,82,0,107,0,40,140,0,180,308,0,308,488
10/13/2020,MQY,TN,ASO,ES,Federal Contract Tower,0,25,72,0,97,0,87,156,0,243,0,112,228,0,340,276,0,276,616
10/14/2020,MQY,TN,ASO,ES,Federal Contract Tower,0,39,65,0,104,0,34,126,0,160,0,73,191,0,264,207,0,207,471
10/15/2020,MQY,TN,ASO,ES,Federal Contract Tower,3,53,55,0,111,0,36,124,1,161,3,89,179,1,272,264,0,264,536
10/16/2020,MQY,TN,ASO,ES,Federal Contract Tower,2,28,66,4,100,0,62,139,2,203,2,90,205,6,303,294,0,294,597
10/17/2020,MQY,TN,ASO,ES,Federal Contract Tower,0,26,41,0,67,0,64,140,8,212,0,90,181,8,279,216,12,228,507
10/18/2020,MQY,TN,ASO,ES,Federal Contract Tower,0,22,37,6,65,0,29,89,5,123,0,51,126,11,188,170,18,188,376
10/19/2020,MQY,TN,ASO,ES,Federal Contract Tower,2,26,45,4,77,0,47,102,0,149,2,73,147,4,226,260,0,260,486
10/20/2020,MQY,TN,ASO,ES,Federal Contract Tower,2,48,60,5,115,0,75,158,19,252,2,123,218,24,367,372,26,398,765
10/21/2020,MQY,TN,ASO,ES,Federal Contract Tower,1,46,71,0,118,0,102,181,0,283,1,148,252,0,401,464,0,464,865
10/22/2020,MQY,TN,ASO,ES,Federal Contract Tower,0,36,88,0,124,0,18,92,1,111,0,54,180,1,235,110,0,110,345
10/23/2020,MQY,TN,ASO,ES,Federal Contract Tower,3,25,56,4,88,0,43,107,2,152,3,68,163,6,240,200,0,200,440
10/24/2020,MQY,TN,ASO,ES,Federal Contract Tower,0,6,29,0,35,0,0,0,0,0,0,6,29,0,35,0,0,0,35
10/25/2020,MQY,TN,ASO,ES,Federal Contract Tower,3,14,29,0,46,0,2,0,0,2,3,16,29,0,48,2,0,2,50
10/26/2020,MQY,TN,ASO,ES,Federal Contract Tower,0,28,75,0,103,0,2,19,0,21,0,30,94,0,124,94,0,94,218
10/27/2020,MQY,TN,ASO,ES,Federal Contract Tower,0,31,66,0,97,0,7,12,0,19,0,38,78,0,116,48,0,48,164
10/28/2020,MQY,TN,ASO,ES,Federal Contract Tower,0,6,24,0,30,0,0,0,0,0,0,6,24,0,30,0,0,0,30
10/29/2020,MQY,TN,ASO,ES,Federal Contract Tower,0,17,52,0,69,0,2,35,0,37,0,19,87,0,106,54,46,100,206
10/30/2020,MQY,TN,ASO,ES,Federal Contract Tower,1,31,70,19,121,0,64,166,18,248,1,95,236,37,369,424,22,446,815
10/31/2020,MQY,TN,ASO,ES,Federal Contract Tower,0,10,31,1,42,0,111,156,4,271,0,121,187,5,313,226,0,226,539
11/01/2020,MQY,TN,ASO,ES,Federal Contract Tower,0,8,17,14,39,0,9,72,2,83,0,17,89,16,122,84,0,84,206
11/02/2020,MQY,TN,ASO,ES,Federal Contract Tower,0,27,39,0,66,0,68,142,0,210,0,95,181,0,276,200,0,200,476
11/03/2020,MQY,TN,ASO,ES,Federal Contract Tower,1,39,46,0,86,0,66,140,1,207,1,105,186,1,293,318,0,318,611
11/04/2020,MQY,TN,ASO,ES,Federal Contract Tower,1,46,67,1,115,0,29,145,5,179,1,75,212,6,294,256,14,270,564
11/05/2020,MQY,TN,ASO,ES,Federal Contract Tower,3,44,74,0,121,0,84,153,7,244,3,128,227,7,365,238,10,248,613
11/06/2020,MQY,TN,ASO,ES,Federal Contract Tower,1,47,62,0,110,0,88,183,15,286,1,135,245,15,396,216,40,256,652
11/07/2020,MQY,TN,ASO,ES,Federal Contract Tower,1,19,39,5,64,0,24,71,11,106,1,43,110,16,170,72,14,86,256
11/08/2020,MQY,TN,ASO,ES,Federal Contract Tower,1,16,35,2,54,0,25,72,5,102,1,41,107,7,156,100,0,100,256
11/09/2020,MQY,TN,ASO,ES,Federal Contract Tower,1,44,54,0,99,0,30,121,0,151,1,74,175,0,250,220,0,220,470
11/10/2020,MQY,TN,ASO,ES,Federal Contract Tower,0,12,48,0,60,0,25,61,0,86,0,37,109,0,146,180,0,180,326
11/11/2020,MQY,TN,ASO,ES,Federal Contract Tower,0,10,47,1,58,0,2,28,0,30,0,12,75,1,88,160,0,160,248
11/12/2020,MQY,TN,ASO,ES,Federal Contract Tower,0,24,55,4,83,0,46,185,14,245,0,70,240,18,328,370,10,380,708
11/13/2020,MQY,TN,ASO,ES,Federal Contract Tower,0,44,93,2,139,0,58,161,2,221,0,102,254,4,360,260,2,262,622
11/14/2020,MQY,TN,ASO,ES,Federal Contract Tower,0,15,47,3,65,0,52,152,0,204,0,67,199,3,269,204,0,204,473
11/15/2020,MQY,TN,ASO,ES,Federal Contract Tower,1,8,19,0,28,0,5,25,0,30,1,13,44,0,58,42,0,42,100
11/16/2020,MQY,TN,ASO,ES,Federal Contract Tower,0,31,62,0,93,0,30,181,0,211,0,61,243,0,304,320,0,320,624
11/17/2020,MQY,TN,ASO,ES,Federal Contract Tower,1,24,58,3,86,0,12,124,3,139,1,36,182,6,225,184,14,198,423
11/18/2020,MQY,TN,ASO,ES,Federal Contract Tower,0,30,46,0,76,0,31,165,0,196,0,61,211,0,272,254,0,254,526
11/19/2020,MQY,TN,ASO,ES,Federal Contract Tower,0,20,51,1,72,0,16,111,4,131,0,36,162,5,203,104,0,104,307
11/20/2020,MQY,TN,ASO,ES,Federal Contract Tower,0,18,69,1,88,0,23,189,6,218,0,41,258,7,306,302,0,302,608
11/21/2020,MQY,TN,ASO,ES,Federal Contract Tower,0,11,49,2,62,0,12,145,19,176,0,23,194,21,238,170,78,248,486
11/22/2020,MQY,TN,ASO,ES,Federal Contract Tower,1,7,35,5,48,0,21,31,3,55,1,28,66,8,103,46,0,46,149
11/23/2020,MQY,TN,ASO,ES,Federal Contract Tower,0,21,53,0,74,0,78,133,3,214,0,99,186,3,288,260,0,260,548
11/24/2020,MQY,TN,ASO,ES,Federal Contract Tower,3,21,63,0,87,0,26,135,2,163,3,47,198,2,250,202,0,202,452
11/25/2020,MQY,TN,ASO,ES,Federal Contract Tower,0,1,12,0,13,0,2,1,0,3,0,3,13,0,16,0,0,0,16
11/26/2020,MQY,TN,ASO,ES,Federal Contract Tower,0,2,7,0,9,0,5,32,0,37,0,7,39,0,46,2,0,2,48
11/27/2020,MQY,TN,ASO,ES,Federal Contract Tower,0,7,37,0,44,0,46,87,2,135,0,53,124,2,179,102,0,102,281
11/28/2020,MQY,TN,ASO,ES,Federal Contract Tower,0,12,28,0,40,0,31,95,0,126,0,43,123,0,166,126,0,126,292
11/29/2020,MQY,TN,ASO,ES,Federal Contract Tower,0,15,35,0,50,0,21,48,6,75,0,36,83,6,125,144,0,144,269
11/30/2020,MQY,TN,ASO,ES,Federal Contract Tower,0,4,8,0,12,0,0,0,0,0,0,4,8,0,12,0,0,0,12
12/01/2020,MQY,TN,ASO,ES,Federal Contract Tower,0,5,42,2,49,0,25,127,0,152,0,30,169,2,201,300,0,300,501
12/02/2020,MQY,TN,ASO,ES,Federal Contract Tower,0,16,62,2,80,0,50,145,0,195,0,66,207,2,275,150,0,150,425
12/03/2020,MQY,TN,ASO,ES,Federal Contract Tower,0,16,77,2,95,0,12,116,24,152,0,28,193,26,247,228,32,260,507
12/04/2020,MQY,TN,ASO,ES,Federal Contract Tower,0,11,32,0,43,0,1,5,0,6,0,12,37,0,49,30,0,30,79
12/05/2020,MQY,TN,ASO,ES,Federal Contract Tower,0,3,41,0,44,0,45,129,0,174,0,48,170,0,218,200,0,200,418
12/06/2020,MQY,TN,ASO,ES,Federal Contract Tower,2,12,38,1,53,0,26,86,0,112,2,38,124,1,165,170,0,170,335
12/07/2020,MQY,TN,ASO,ES,Federal Contract Tower,1,10,38,0,49,0,18,66,0,84,1,28,104,0,133,168,0,168,301
12/08/2020,MQY,TN,ASO,ES,Federal Contract Tower,0,15,48,0,63,0,40,94,9,143,0,55,142,9,206,236,20,256,462
12/09/2020,MQY,TN,ASO,ES,Federal Contract Tower,0,18,62,0,80,0,29,154,0,183,0,47,216,0,263,200,0,200,463
12/10/2020,MQY,TN,ASO,ES,Federal Contract Tower,0,6,60,9,75,0,33,161,14,208,0,39,221,23,283,234,14,248,531
12/11/2020,MQY,TN,ASO,ES,Federal Contract Tower,0,15,59,2,76,0,20,153,5,178,0,35,212,7,254,220,0,220,474
12/12/2020,MQY,TN,ASO,ES,Federal Contract Tower,0,5,27,3,35,0,1,14,1,16,0,6,41,4,51,26,0,26,77
12/13/2020,MQY,TN,ASO,ES,Federal Contract Tower,2,9,35,0,46,0,2,55,0,57,2,11,90,0,103,46,0,46,149
12/14/2020,MQY,TN,ASO,ES,Federal Contract Tower,0,17,29,2,48,0,4,4,0,8,0,21,33,2,56,26,0,26,82
12/15/2020,MQY,TN,ASO,ES,Federal Contract Tower,1,18,78,0,97,0,39,126,19,184,1,57,204,19,281,230,16,246,527
12/16/2020,MQY,TN,ASO,ES,Federal Contract Tower,2,4,30,0,36,0,0,0,0,0,2,4,30,0,36,0,0,0,36
12/17/2020,MQY,TN,ASO,ES,Federal Contract Tower,0,13,52,2,67,0,25,130,14,169,0,38,182,16,236,184,16,200,436
12/18/2020,MQY,TN,ASO,ES,Federal Contract Tower,4,8,57,0,69,0,0,111,0,111,4,8,168,0,180,198,0,198,378
12/19/2020,MQY,TN,ASO,ES,Federal Contract Tower,0,4,50,0,54,0,0,84,0,84,0,4,134,0,138,52,0,52,190
12/20/2020,MQY,TN,ASO,ES,Federal Contract Tower,2,5,27,0,34,0,0,4,0,4,2,5,31,0,38,12,0,12,50
12/21/2020,MQY,TN,ASO,ES,Federal Contract Tower,3,13,42,0,58,0,7,47,0,54,3,20,89,0,112,72,0,72,184
12/22/2020,MQY,TN,ASO,ES,Federal Contract Tower,0,10,68,0,78,0,2,181,0,183,0,12,249,0,261,206,0,206,467
12/23/2020,MQY,TN,ASO,ES,Federal Contract Tower,0,2,36,0,38,0,1,29,0,30,0,3,65,0,68,44,0,44,112
12/24/2020,MQY,TN,ASO,ES,Federal Contract Tower,0,1,6,0,7,0,0,12,0,12,0,1,18,0,19,44,0,44,63
12/25/2020,MQY,TN,ASO,ES,Federal Contract Tower,0,1,2,0,3,0,9,3,0,12,0,10,5,0,15,0,0,0,15
12/26/2020,MQY,TN,ASO,ES,Federal Contract Tower,0,4,15,0,19,0,7,63,2,72,0,11,78,2,91,42,0,42,133
12/27/2020,MQY,TN,ASO,ES,Federal Contract Tower,0,2,25,0,27,0,1,59,1,61,0,3,84,1,88,78,0,78,166
12/28/2020,MQY,TN,ASO,ES,Federal Contract Tower,0,5,33,0,38,0,3,65,0,68,0,8,98,0,106,118,0,118,224
12/29/2020,MQY,TN,ASO,ES,Federal Contract Tower,0,9,45,1,55,0,0,0,0,0,0,9,45,1,55,140,0,140,195
12/30/2020,MQY,TN,ASO,ES,Federal Contract Tower,0,12,19,0,31,0,0,26,3,29,0,12,45,3,60,22,0,22,82
12/31/2020,MQY,TN,ASO,ES,Federal Contract Tower,4,4,15,0,23,0,0,0,0,0,4,4,15,0,23,0,0,0,23
01/01/2021,MQY,TN,ASO,ES,Federal Contract Tower,0,6,19,0,25,0,2,1,0,3,0,8,20,0,28,12,0,12,40
01/02/2021,MQY,TN,ASO,ES,Federal Contract Tower,2,4,36,0,42,0,4,5,37,46,2,8,41,37,88,148,0,148,236
01/03/2021,MQY,TN,ASO,ES,Federal Contract Tower,0,4,27,0,31,0,1,56,0,57,0,5,83,0,88,62,0,62,150
01/04/2021,MQY,TN,ASO,ES,Federal Contract Tower,0,14,43,0,57,0,2,116,2,120,0,16,159,2,177,182,0,182,359
01/05/2021,MQY,TN,ASO,ES,Federal Contract Tower,0,16,53,0,69,0,0,83,0,83,0,16,136,0,152,180,0,180,332
01/06/2021,MQY,TN,ASO,ES,Federal Contract Tower,1,13,51,0,65,0,0,142,12,154,1,13,193,12,219,188,6,194,413
01/07/2021,MQY,TN,ASO,ES,Federal Contract Tower,0,11,27,3,41,0,5,78,11,94,0,16,105,14,135,168,40,208,343
01/08/2021,MQY,TN,ASO,ES,Federal Contract Tower,0,3,20,0,23,0,1,27,0,28,0,4,47,0,51,64,0,64,115
01/09/2021,MQY,TN,ASO,ES,Federal Contract Tower,1,2,13,0,16,0,7,61,1,69,1,9,74,1,85,200,0,200,285
01/10/2021,MQY,TN,ASO,ES,Federal Contract Tower,0,12,24,2,38,0,2,104,2,108,0,14,128,4,146,212,4,216,362
01/11/2021,MQY,TN,ASO,ES,Federal Contract Tower,0,3,25,0,28,0,0,0,0,0,0,3,25,0,28,0,0,0,28
01/12/2021,MQY,TN,ASO,ES,Federal Contract Tower,0,7,29,5,41,0,3,116,8,127,0,10,145,13,168,120,0,120,288
01/13/2021,MQY,TN,ASO,ES,Federal Contract Tower,0,9,61,1,71,0,28,155,7,190,0,37,216,8,261,242,0,242,503
01/14/2021,MQY,TN,ASO,ES,Federal Contract Tower,2,10,52,7,71,0,6,126,8,140,2,16,178,15,211,184,24,208,419
01/15/2021,MQY,TN,ASO,ES,Federal Contract Tower,0,5,39,2,46,0,15,83,2,100,0,20,122,4,146,100,0,100,246
01/16/2021,MQY,TN,ASO,ES,Federal Contract Tower,2,2,22,2,28,0,1,54,0,55,2,3,76,2,83,94,0,94,177
01/17/2021,MQY,TN,ASO,ES,Federal Contract Tower,0,7,29,3,39,0,6,43,2,51,0,13,72,5,90,50,0,50,140
01/18/2021,MQY,TN,ASO,ES,Federal Contract Tower,0,8,65,4,77,0,3,125,0,128,0,11,190,4,205,0,0,0,205
01/19/2021,MQY,TN,ASO,ES,Federal Contract Tower,0,9,59,3,71,0,3,120,2,125,0,12,179,5,196,176,0,176,372
01/20/2021,MQY,TN,ASO,ES,Federal Contract Tower,1,12,56,3,72,0,24,162,4,190,1,36,218,7,262,174,16,190,452
01/21/2021,MQY,TN,ASO,ES,Federal Contract Tower,1,3,36,1,41,0,4,8,3,15,1,7,44,4,56,22,10,32,88
01/22/2021,MQY,TN,ASO,ES,Federal Contract Tower,0,5,54,19,78,0,2,110,7,119,0,7,164,26,197,156,10,166,363
01/23/2021,MQY,TN,ASO,ES,Federal Contract Tower,0,5,39,5,49,0,10,168,4,182,0,15,207,9,231,230,0,230,461
01/24/2021,MQY,TN,ASO,ES,Federal Contract Tower,0,2,28,5,35,0,14,26,3,43,0,16,54,8,78,26,2,28,106
01/25/2021,MQY,TN,ASO,ES,Federal Contract Tower,0,8,20,9,37,0,0,0,0,0,0,8,20,9,37,0,0,0,37
01/26/2021,MQY,TN,ASO,ES,Federal Contract Tower,0,4,56,5,65,0,7,127,6,140,0,11,183,11,205,110,8,118,323
01/27/2021,MQY,TN,ASO,ES,Federal Contract Tower,0,5,38,1,44,0,1,45,0,46,0,6,83,1,90,58,0,58,148
01/28/2021,MQY,TN,ASO,ES,Federal Contract Tower,0,9,68,4,81,0,9,123,1,133,0,18,191,5,214,188,0,188,402
01/29/2021,MQY,TN,ASO,ES,Federal Contract Tower,0,7,67,8,82,0,6,171,2,179,0,13,238,10,261,174,0,174,435
01/30/2021,MQY,TN,ASO,ES,Federal Contract Tower,0,2,19,0,21,0,35,84,0,119,0,37,103,0,140,128,0,128,268
01/31/2021,MQY,TN,ASO,ES,Federal Contract Tower,0,0,25,6,31,0,1,10,0,11,0,1,35,6,42,28,0,28,70
02/01/2021,MQY,TN,ASO,ES,Federal Contract Tower,0,2,19,2,23,0,0,6,0,6,0,2,25,2,29,10,0,10,39
02/02/2021,MQY,TN,ASO,ES,Federal Contract Tower,0,10,65,4,79,0,5,100,3,108,0,15,165,7,187,206,10,216,403
02/03/2021,MQY,TN,ASO,ES,Federal Contract Tower,1,7,49,4,61,0,12,171,2,185,1,19,220,6,246,208,16,224,470
02/04/2021,MQY,TN,ASO,ES,Federal Contract Tower,0,9,42,0,51,0,11,48,2,61,0,20,90,2,112,52,0,52,164
02/05/2021,MQY,TN,ASO,ES,Federal Contract Tower,0,17,57,2,76,1,10,150,7,168,1,27,207,9,244,204,20,224,468
02/06/2021,MQY,TN,ASO,ES,Federal Contract Tower,0,1,45,1,47,0,2,157,1,160,0,3,202,2,207,270,0,270,477
02/07/2021,MQY,TN,ASO,ES,Federal Contract Tower,0,2,28,0,30,0,0,33,0,33,0,2,61,0,63,90,0,90,153
02/08/2021,MQY,TN,ASO,ES,Federal Contract Tower,0,11,56,0,67,0,6,82,0,88,0,17,138,0,155,76,0,76,231
02/09/2021,MQY,TN,ASO,ES,Federal Contract Tower,0,11,62,1,74,0,44,115,1,160,0,55,177,2,234,164,0,164,398
02/10/2021,MQY,TN,ASO,ES,Federal Contract Tower,1,12,50,0,63,0,9,99,0,108,1,21,149,0,171,198,0,198,369
02/11/2021,MQY,TN,ASO,ES,Federal Contract Tower,0,3,20,2,25,0,0,0,0,0,0,3,20,2,25,0,0,0,25
02/12/2021,MQY,TN,ASO,ES,Federal Contract Tower,2,6,33,0,41,0,0,0,0,0,2,6,33,0,41,0,0,0,41
02/13/2021,MQY,TN,ASO,ES,Federal Contract Tower,1,0,16,0,17,0,0,0,0,0,1,0,16,0,17,0,0,0,17
02/14/2021,MQY,TN,ASO,ES,Federal Contract Tower,1,3,8,0,12,0,0,0,0,0,1,3,8,0,12,0,0,0,12
02/15/2021,MQY,TN,ASO,ES,Federal Contract Tower,0,0,4,0,4,0,0,0,0,0,0,0,4,0,4,0,0,0,4
02/16/2021,MQY,TN,ASO,ES,Federal Contract Tower,0,0,6,0,6,0,0,1,0,1,0,0,7,0,7,0,0,0,7
02/17/2021,MQY,TN,ASO,ES,Federal Contract Tower,0,1,5,0,6,0,2,0,0,2,0,3,5,0,8,0,0,0,8
02/18/2021,MQY,TN,ASO,ES,Federal Contract Tower,0,0,1,0,1,0,0,0,0,0,0,0,1,0,1,0,0,0,1
02/19/2021,MQY,TN,ASO,ES,Federal Contract Tower,0,0,1,0,1,3,0,0,0,3,3,0,1,0,4,0,0,0,4
02/20/2021,MQY,TN,ASO,ES,Federal Contract Tower,1,0,10,0,11,0,6,2,3,11,1,6,12,3,22,0,0,0,22
02/21/2021,MQY,TN,ASO,ES,Federal Contract Tower,1,5,15,0,21,0,4,25,0,29,1,9,40,0,50,6,0,6,56
02/22/2021,MQY,TN,ASO,ES,Federal Contract Tower,0,11,51,4,66,0,20,108,0,128,0,31,159,4,194,144,0,144,338
02/23/2021,MQY,TN,ASO,ES,Federal Contract Tower,0,6,59,4,69,0,25,185,7,217,0,31,244,11,286,184,8,192,478
02/24/2021,MQY,TN,ASO,ES,Federal Contract Tower,0,15,62,0,77,0,55,151,2,208,0,70,213,2,285,164,0,164,449
02/25/2021,MQY,TN,ASO,ES,Federal Contract Tower,0,19,56,1,76,0,40,147,8,195,0,59,203,9,271,310,2,312,583
02/26/2021,MQY,TN,ASO,ES,Federal Contract Tower,0,7,29,0,36,0,18,3,0,21,0,25,32,0,57,2,0,2,59
02/27/2021,MQY,TN,ASO,ES,Federal Contract Tower,0,1,50,0,51,0,0,0,0,0,0,1,50,0,51,0,0,0,51
02/28/2021,MQY,TN,ASO,ES,Federal Contract Tower,0,3,14,0,17,0,13,11,0,24,0,16,25,0,41,20,0,20,61
03/01/2021,MQY,TN,ASO,ES,Federal Contract Tower,0,12,44,0,56,0,56,112,0,168,0,68,156,0,224,262,0,262,486
03/02/2021,MQY,TN,ASO,ES,Federal Contract Tower,0,26,50,0,76,0,35,148,0,183,0,61,198,0,259,312,0,312,571
03/03/2021,MQY,TN,ASO,ES,Federal Contract Tower,0,20,80,3,103,0,58,187,4,249,0,78,267,7,352,290,0,290,642
03/04/2021,MQY,TN,ASO,ES,Federal Contract Tower,0,18,75,0,93,0,86,155,8,249,0,104,230,8,342,274,0,274,616
03/05/2021,MQY,TN,ASO,ES,Federal Contract Tower,0,23,64,0,87,0,82,167,1,250,0,105,231,1,337,170,0,170,507
03/06/2021,MQY,TN,ASO,ES,Federal Contract Tower,0,4,44,0,48,0,49,169,2,220,0,53,213,2,268,82,0,82,350
03/07/2021,MQY,TN,ASO,ES,Federal Contract Tower,6,10,41,2,59,0,115,138,0,253,6,125,179,2,312,194,0,194,506
03/08/2021,MQY,TN,ASO,ES,Federal Contract Tower,0,22,51,0,73,0,105,132,0,237,0,127,183,0,310,274,0,274,584
03/09/2021,MQY,TN,ASO,ES,Federal Contract Tower,0,10,58,6,74,0,44,161,10,215,0,54,219,16,289,230,0,230,519
03/10/2021,MQY,TN,ASO,ES,Federal Contract Tower,1,24,49,2,76,0,34,103,2,139,1,58,152,4,215,156,0,156,371
03/11/2021,MQY,TN,ASO,ES,Federal Contract Tower,0,33,63,2,98,0,45,106,7,158,0,78,169,9,256,238,38,276,532
03/12/2021,MQY,TN,ASO,ES,Federal Contract Tower,0,18,58,0,76,0,42,27,0,69,0,60,85,0,145,126,0,126,271
03/13/2021,MQY,TN,ASO,ES,Federal Contract Tower,0,13,41,0,54,0,2,2,0,4,0,15,43,0,58,12,0,12,70
03/14/2021,MQY,TN,ASO,ES,Federal Contract Tower,0,4,37,6,47,0,27,54,2,83,0,31,91,8,130,54,0,54,184
03/15/2021,MQY,TN,ASO,ES,Federal Contract Tower,0,18,44,0,62,0,24,33,0,57,0,42,77,0,119,132,0,132,251
03/16/2021,MQY,TN,ASO,ES,Federal Contract Tower,0,26,58,0,84,0,84,139,4,227,0,110,197,4,311,308,0,308,619
03/17/2021,MQY,TN,ASO,ES,Federal Contract Tower,0,7,8,0,15,0,0,5,0,5,0,7,13,0,20,22,0,22,42
03/18/2021,MQY,TN,ASO,ES,Federal Contract Tower,1,22,54,0,77,0,54,52,7,113,1,76,106,7,190,200,0,200,390
03/19/2021,MQY,TN,ASO,ES,Federal Contract Tower,0,32,51,1,84,0,55,75,1,131,0,87,126,2,215,94,0,94,309
03/20/2021,MQY,TN,ASO,ES,Federal Contract Tower,0,19,57,6,82,0,10,170,1,181,0,29,227,7,263,204,0,204,467
03/21/2021,MQY,TN,ASO,ES,Federal Contract Tower,0,28,52,2,82,0,98,124,3,225,0,126,176,5,307,230,0,230,537
03/22/2021,MQY,TN,ASO,ES,Federal Contract Tower,0,55,79,1,135,0,49,130,0,179,0,104,209,1,314,280,0,280,594
03/23/2021,MQY,TN,ASO,ES,Federal Contract Tower,0,19,49,2,70,0,12,43,5,60,0,31,92,7,130,78,18,96,226
03/24/2021,MQY,TN,ASO,ES,Federal Contract Tower,0,51,52,3,106,0,29,102,1,132,0,80,154,4,238,226,0,226,464
03/25/2021,MQY,TN,ASO,ES,Federal Contract Tower,0,3,14,0,17,0,0,3,0,3,0,3,17,0,20,16,0,16,36
03/26/2021,MQY,TN,ASO,ES,Federal Contract Tower,3,42,80,1,126,0,69,178,9,256,3,111,258,10,382,330,0,330,712
03/27/2021,MQY,TN,ASO,ES,Federal Contract Tower,0,1,9,0,10,0,0,0,0,0,0,1,9,0,10,0,0,0,10
03/28/2021,MQY,TN,ASO,ES,Federal Contract Tower,0,12,32,2,46,0,17,55,0,72,0,29,87,2,118,102,0,102,220
03/29/2021,MQY,TN,ASO,ES,Federal Contract Tower,1,62,54,4,121,0,31,165,10,206,1,93,219,14,327,262,0,262,589
03/30/2021,MQY,TN,ASO,ES,Federal Contract Tower,0,41,42,0,83,0,57,109,0,166,0,98,151,0,249,184,0,184,433
03/31/2021,MQY,TN,ASO,ES,Federal Contract Tower,0,33,40,3,76,0,28,41,2,71,0,61,81,5,147,80,0,80,227
04/01/2021,MQY,TN,ASO,ES,Federal Contract Tower,0,53,57,9,119,0,57,141,2,200,0,110,198,11,319,208,0,208,527
04/02/2021,MQY,TN,ASO,ES,Federal Contract Tower,0,32,60,4,96,0,106,177,10,293,0,138,237,14,389,212,16,228,617
04/03/2021,MQY,TN,ASO,ES,Federal Contract Tower,0,16,29,2,47,0,65,131,4,200,0,81,160,6,247,200,0,200,447
04/04/2021,MQY,TN,ASO,ES,Federal Contract Tower,0,14,34,1,49,0,208,82,1,291,0,222,116,2,340,100,0,100,440
04/05/2021,MQY,TN,ASO,ES,Federal Contract Tower,0,45,64,0,109,0,53,163,1,217,0,98,227,1,326,310,0,310,636
04/06/2021,MQY,TN,ASO,ES,Federal Contract Tower,0,35,65,1,101,0,96,179,9,284,0,131,244,10,385,249,0,249,634
04/07/2021,MQY,TN,ASO,ES,Federal Contract Tower,0,52,81,0,133,0,64,183,0,247,0,116,264,0,380,380,0,380,760
04/08/2021,MQY,TN,ASO,ES,Federal Contract Tower,1,13,45,2,61,0,13,59,4,76,1,26,104,6,137,80,18,98,235
04/09/2021,MQY,TN,ASO,ES,Federal Contract Tower,0,36,58,0,94,0,56,170,10,236,0,92,228,10,330,202,4,206,536
04/10/2021,MQY,TN,ASO,ES,Federal Contract Tower,0,9,16,1,26,0,0,3,0,3,0,9,19,1,29,0,0,0,29
04/11/2021,MQY,TN,ASO,ES,Federal Contract Tower,0,21,35,3,59,0,12,74,0,86,0,33,109,3,145,60,0,60,205
04/12/2021,MQY,TN,ASO,ES,Federal Contract Tower,0,26,67,0,93,0,119,162,0,281,0,145,229,0,374,318,0,318,692
04/13/2021,MQY,TN,ASO,ES,Federal Contract Tower,0,31,67,0,98,0,111,172,0,283,0,142,239,0,381,174,0,174,555
04/14/2021,MQY,TN,ASO,ES,Federal Contract Tower,0,35,69,0,104,0,89,111,0,200,0,124,180,0,304,208,0,208,512
04/15/2021,MQY,TN,ASO,ES,Federal Contract Tower,0,20,74,4,98,0,119,151,10,280,0,139,225,14,378,296,10,306,684
04/16/2021,MQY,TN,ASO,ES,Federal Contract Tower,0,24,72,32,128,0,102,157,18,277,0,126,229,50,405,266,38,304,709
04/17/2021,MQY,TN,ASO,ES,Federal Contract Tower,1,9,29,8,47,0,126,121,3,250,1,135,150,11,297,214,4,218,515
04/18/2021,MQY,TN,ASO,ES,Federal Contract Tower,0,18,44,18,80,0,83,112,1,196,0,101,156,19,276,184,0,184,460
04/19/2021,MQY,TN,ASO,ES,Federal Contract Tower,0,28,47,0,75,0,56,122,0,178,0,84,169,0,253,210,0,210,463
04/20/2021,MQY,TN,ASO,ES,Federal Contract Tower,0,23,61,0,84,0,89,97,2,188,0,112,158,2,272,140,0,140,412
04/21/2021,MQY,TN,ASO,ES,Federal Contract Tower,0,13,50,1,64,0,6,112,0,118,0,19,162,1,182,250,0,250,432
04/22/2021,MQY,TN,ASO,ES,Federal Contract Tower,0,20,59,2,81,0,35,147,11,193,0,55,206,13,274,160,4,164,438
04/23/2021,MQY,TN,ASO,ES,Federal Contract Tower,2,26,72,5,105,0,69,141,7,217,2,95,213,12,322,180,0,180,502
04/24/2021,MQY,TN,ASO,ES,Federal Contract Tower,0,2,15,0,17,0,1,4,0,5,0,3,19,0,22,14,0,14,36
04/25/2021,MQY,TN,ASO,ES,Federal Contract Tower,2,11,58,1,72,0,15,92,3,110,2,26,150,4,182,140,0,140,322
04/26/2021,MQY,TN,ASO,ES,Federal Contract Tower,1,21,63,3,88,0,18,173,8,199,1,39,236,11,287,330,0,330,617
04/27/2021,MQY,TN,ASO,ES,Federal Contract Tower,0,15,55,4,74,0,48,78,5,131,0,63,133,9,205,120,0,120,325
04/28/2021,MQY,TN,ASO,ES,Federal Contract Tower,0,11,38,3,52,0,27,38,2,67,0,38,76,5,119,42,0,42,161
04/29/2021,MQY,TN,ASO,ES,Federal Contract Tower,0,9,47,3,59,0,0,3,0,3,0,9,50,3,62,0,0,0,62
04/30/2021,MQY,TN,ASO,ES,Federal Contract Tower,0,18,64,0,82,0,18,191,21,230,0,36,255,21,312,326,40,366,678
05/01/2021,MQY,TN,ASO,ES,Federal Contract Tower,0,15,34,0,49,0,22,155,3,180,0,37,189,3,229,164,0,164,393
05/02/2021,MQY,TN,ASO,ES,Federal Contract Tower,0,9,33,0,42,0,6,102,0,108,0,15,135,0,150,236,0,236,386
05/03/2021,MQY,TN,ASO,ES,Federal Contract Tower,0,6,25,3,34,0,4,13,0,17,0,10,38,3,51,36,0,36,87
05/04/2021,MQY,TN,ASO,ES,Federal Contract Tower,0,1,15,3,19,0,2,16,0,18,0,3,31,3,37,32,0,32,69
05/05/2021,MQY,TN,ASO,ES,Federal Contract Tower,0,31,69,2,102,0,41,102,4,147,0,72,171,6,249,174,4,178,427
05/06/2021,MQY,TN,ASO,ES,Federal Contract Tower,0,10,58,0,68,0,65,142,14,221,0,75,200,14,289,258,42,300,589
05/07/2021,MQY,TN,ASO,ES,Federal Contract Tower,0,17,70,12,99,0,12,159,5,176,0,29,229,17,275,232,0,232,507
05/08/2021,MQY,TN,ASO,ES,Federal Contract Tower,0,6,44,0,50,0,2,122,2,126,0,8,166,2,176,136,0,136,312
05/09/2021,MQY,TN,ASO,ES,Federal Contract Tower,0,7,16,4,27,0,3,0,0,3,0,10,16,4,30,0,0,0,30
05/10/2021,MQY,TN,ASO,ES,Federal Contract Tower,0,3,63,0,66,0,0,31,0,31,0,3,94,0,97,118,0,118,215
05/11/2021,MQY,TN,ASO,ES,Federal Contract Tower,0,11,70,11,92,0,68,139,35,242,0,79,209,46,334,214,0,214,548
05/12/2021,MQY,TN,ASO,ES,Federal Contract Tower,1,5,43,10,59,0,15,126,11,152,1,20,169,21,211,218,16,234,445
05/13/2021,MQY,TN,ASO,ES,Federal Contract Tower,0,13,61,1,75,0,26,159,13,198,0,39,220,14,273,342,16,358,631
05/14/2021,MQY,TN,ASO,ES,Federal Contract Tower,0,14,53,11,78,0,58,157,30,245,0,72,210,41,323,196,74,270,593
05/15/2021,MQY,TN,ASO,ES,Federal Contract Tower,0,5,33,0,38,0,10,116,2,128,0,15,149,2,166,204,0,204,370
05/16/2021,MQY,TN,ASO,ES,Federal Contract Tower,1,2,36,7,46,0,6,79,9,94,1,8,115,16,140,114,0,114,254
05/17/2021,MQY,TN,ASO,ES,Federal Contract Tower,0,5,64,7,76,0,7,107,3,117,0,12,171,10,193,222,0,222,415
05/18/2021,MQY,TN,ASO,ES,Federal Contract Tower,0,4,55,5,64,0,2,137,15,154,0,6,192,20,218,150,0,150,368
05/19/2021,MQY,TN,ASO,ES,Federal Contract Tower,1,12,54,8,75,0,38,99,6,143,1,50,153,14,218,166,0,166,384
05/20/2021,MQY,TN,ASO,ES,Federal Contract Tower,0,6,79,2,87,0,43,170,17,230,0,49,249,19,317,212,16,228,545
05/21/2021,MQY,TN,ASO,ES,Federal Contract Tower,0,9,58,7,74,0,46,133,13,192,0,55,191,20,266,196,4,200,466
05/22/2021,MQY,TN,ASO,ES,Federal Contract Tower,0,12,38,3,53,0,29,133,3,165,0,41,171,6,218,180,0,180,398
05/23/2021,MQY,TN,ASO,ES,Federal Contract Tower,0,3,38,4,45,0,71,96,2,169,0,74,134,6,214,114,0,114,328
05/24/2021,MQY,TN,ASO,ES,Federal Contract Tower,0,14,49,10,73,0,42,146,2,190,0,56,195,12,263,254,6,260,523
05/25/2021,MQY,TN,ASO,ES,Federal Contract Tower,0,13,51,2,66,0,6,162,12,180,0,19,213,14,246,242,2,244,490
05/26/2021,MQY,TN,ASO,ES,Federal Contract Tower,0,10,42,2,54,0,14,87,7,108,0,24,129,9,162,116,10,126,288
05/27/2021,MQY,TN,ASO,ES,Federal Contract Tower,0,7,88,6,101,0,40,137,8,185,0,47,225,14,286,268,4,272,558
05/28/2021,MQY,TN,ASO,ES,Federal Contract Tower,1,9,42,0,52,0,4,13,0,17,1,13,55,0,69,12,0,12,81
05/29/2021,MQY,TN,ASO,ES,Federal Contract Tower,0,4,28,1,33,0,6,3,3,12,0,10,31,4,45,6,0,6,51
05/30/2021,MQY,TN,ASO,ES,Federal Contract Tower,0,3,26,0,29,0,22,72,1,95,0,25,98,1,124,100,0,100,224
05/31/2021,MQY,TN,ASO,ES,Federal Contract Tower,0,11,44,0,55,0,26,53,2,81,0,37,97,2,136,100,4,104,240
06/01/2021,MQY,TN,ASO,ES,Federal Contract Tower,0,12,43,1,56,0,71,119,6,196,0,83,162,7,252,248,0,248,500
06/02/2021,MQY,TN,ASO,ES,Federal Contract Tower,0,4,21,2,27,0,0,2,2,4,0,4,23,4,31,0,0,0,31
06/03/2021,MQY,TN,ASO,ES,Federal Contract Tower,0,11,51,1,63,0,5,44,6,55,0,16,95,7,118,14,8,22,140
06/04/2021,MQY,TN,ASO,ES,Federal Contract Tower,0,8,27,11,46,0,1,20,9,30,0,9,47,20,76,30,14,44,120
06/05/2021,MQY,TN,ASO,ES,Federal Contract Tower,0,2,27,0,29,0,1,13,3,17,0,3,40,3,46,2,0,2,48
06/06/2021,MQY,TN,ASO,ES,Federal Contract Tower,0,1,17,5,23,0,3,6,6,15,0,4,23,11,38,16,0,16,54
06/07/2021,MQY,TN,ASO,ES,Federal Contract Tower,0,6,48,14,68,0,22,79,0,101,0,28,127,14,169,104,0,104,273
06/08/2021,MQY,TN,ASO,ES,Federal Contract Tower,0,10,57,0,67,0,31,69,5,105,0,41,126,5,172,206,0,206,378
06/09/2021,MQY,TN,ASO,ES,Federal Contract Tower,0,4,48,4,56,0,4,9,1,14,0,8,57,5,70,44,0,44,114
06/10/2021,MQY,TN,ASO,ES,Federal Contract Tower,0,12,56,5,73,0,9,74,4,87,0,21,130,9,160,224,20,244,404
06/11/2021,MQY,TN,ASO,ES,Federal Contract Tower,0,8,59,9,76,0,13,22,16,51,0,21,81,25,127,62,0,62,189
06/12/2021,MQY,TN,ASO,ES,Federal Contract Tower,0,8,40,2,50,0,69,108,13,190,0,77,148,15,240,140,0,140,380
06/13/2021,MQY,TN,ASO,ES,Federal Contract Tower,0,17,41,17,75,0,16,51,12,79,0,33,92,29,154,28,0,28,182
06/14/2021,MQY,TN,ASO,ES,Federal Contract Tower,0,26,82,2,110,0,28,128,0,156,0,54,210,2,266,260,0,260,526
06/15/2021,MQY,TN,ASO,ES,Federal Contract Tower,0,14,69,6,89,0,44,143,6,193,0,58,212,12,282,196,0,196,478
06/16/2021,MQY,TN,ASO,ES,Federal Contract Tower,0,28,58,3,89,0,22,159,1,182,0,50,217,4,271,236,0,236,507
06/17/2021,MQY,TN,ASO,ES,Federal Contract Tower,0,20,64,3,87,0,53,156,8,217,0,73,220,11,304,352,2,354,658
06/18/2021,MQY,TN,ASO,ES,Federal Contract Tower,0,24,110,0,134,0,46,166,12,224,0,70,276,12,358,200,0,200,558
06/19/2021,MQY,TN,ASO,ES,Federal Contract Tower,0,11,66,2,79,0,46,126,0,172,0,57,192,2,251,126,0,126,377
06/20/2021,MQY,TN,ASO,ES,Federal Contract Tower,0,29,76,0,105,0,8,74,0,82,0,37,150,0,187,32,0,32,219
06/21/2021,MQY,TN,ASO,ES,Federal Contract Tower,0,3,32,10,45,0,2,24,0,26,0,5,56,10,71,44,0,44,115
06/22/2021,MQY,TN,ASO,ES,Federal Contract Tower,0,29,62,7,98,0,6,137,1,144,0,35,199,8,242,210,34,244,486
06/23/2021,MQY,TN,ASO,ES,Federal Contract Tower,0,25,70,1,96,0,31,186,7,224,0,56,256,8,320,276,10,286,606
06/24/2021,MQY,TN,ASO,ES,Federal Contract Tower,0,8,57,2,67,0,13,126,9,148,0,21,183,11,215,186,18,204,419
06/25/2021,MQY,TN,ASO,ES,Federal Contract Tower,0,7,57,0,64,0,31,132,7,170,0,38,189,7,234,126,0,126,360
06/26/2021,MQY,TN,ASO,ES,Federal Contract Tower,0,1,29,2,32,0,26,82,0,108,0,27,111,2,140,54,0,54,194
06/27/2021,MQY,TN,ASO,ES,Federal Contract Tower,0,3,26,0,29,0,4,72,4,80,0,7,98,4,109,68,0,68,177
06/28/2021,MQY,TN,ASO,ES,Federal Contract Tower,0,12,63,0,75,0,56,106,0,162,0,68,169,0,237,218,0,218,455
06/29/2021,MQY,TN,ASO,ES,Federal Contract Tower,0,21,48,1,70,0,38,122,1,161,0,59,170,2,231,162,0,162,393
06/30/2021,MQY,TN,ASO,ES,Federal Contract Tower,0,15,47,2,64,0,11,95,32,138,0,26,142,34,202,124,0,124,326
07/01/2021,MQY,TN,ASO,ES,Federal Contract Tower,0,9,40,7,56,0,14,39,4,57,0,23,79,11,113,90,0,90,203
07/02/2021,MQY,TN,ASO,ES,Federal Contract Tower,0,19,63,0,82,0,20,77,0,97,0,39,140,0,179,150,0,150,329
07/03/2021,MQY,TN,ASO,ES,Federal Contract Tower,1,7,26,0,34,0,10,103,0,113,1,17,129,0,147,62,0,62,209
07/04/2021,MQY,TN,ASO,ES,Federal Contract Tower,0,0,20,0,20,0,0,40,0,40,0,0,60,0,60,20,0,20,80
07/05/2021,MQY,TN,ASO,ES,Federal Contract Tower,0,23,46,0,69,0,18,116,0,134,0,41,162,0,203,266,0,266,469
07/06/2021,MQY,TN,ASO,ES,Federal Contract Tower,0,9,43,9,61,0,10,147,0,157,0,19,190,9,218,206,0,206,424
07/07/2021,MQY,TN,ASO,ES,Federal Contract Tower,0,7,37,2,46,0,2,53,2,57,0,9,90,4,103,194,8,202,305
07/08/2021,MQY,TN,ASO,ES,Federal Contract Tower,0,8,53,1,62,0,28,100,8,136,0,36,153,9,198,194,0,194,392
07/09/2021,MQY,TN,ASO,ES,Federal Contract Tower,0,11,32,6,49,0,14,92,2,108,0,25,124,8,157,220,0,220,377
07/10/2021,MQY,TN,ASO,ES,Federal Contract Tower,0,10,21,0,31,0,0,68,4,72,0,10,89,4,103,40,0,40,143
07/11/2021,MQY,TN,ASO,ES,Federal Contract Tower,0,5,21,3,29,0,0,8,2,10,0,5,29,5,39,0,0,0,39
07/12/2021,MQY,TN,ASO,ES,Federal Contract Tower,0,8,52,0,60,0,0,33,1,34,0,8,85,1,94,116,0,116,210
07/13/2021,MQY,TN,ASO,ES,Federal Contract Tower,1,9,39,0,49,0,13,48,0,61,1,22,87,0,110,158,0,158,268
07/14/2021,MQY,TN,ASO,ES,Federal Contract Tower,0,7,72,3,82,0,39,157,10,206,0,46,229,13,288,246,0,246,534
07/15/2021,MQY,TN,ASO,ES,Federal Contract Tower,0,10,60,2,72,0,36,154,4,194,0,46,214,6,266,278,0,278,544
07/16/2021,MQY,TN,ASO,ES,Federal Contract Tower,0,2,46,2,50,0,23,144,0,167,0,25,190,2,217,200,0,200,417
07/17/2021,MQY,TN,ASO,ES,Federal Contract Tower,0,4,19,0,23,0,6,20,0,26,0,10,39,0,49,58,0,58,107
07/18/2021,MQY,TN,ASO,ES,Federal Contract Tower,0,3,30,0,33,0,3,11,0,14,0,6,41,0,47,4,0,4,51
07/19/2021,MQY,TN,ASO,ES,Federal Contract Tower,0,3,53,0,56,0,6,47,0,53,0,9,100,0,109,108,0,108,217
07/20/2021,MQY,TN,ASO,ES,Federal Contract Tower,0,13,56,6,75,0,29,151,6,186,0,42,207,12,261,304,20,324,585
07/21/2021,MQY,TN,ASO,ES,Federal Contract Tower,0,12,74,18,104,0,86,143,2,231,0,98,217,20,335,218,10,228,563
07/22/2021,MQY,TN,ASO,ES,Federal Contract Tower,0,10,70,0,80,0,45,159,0,204,0,55,229,0,284,322,0,322,606
07/23/2021,MQY,TN,ASO,ES,Federal Contract Tower,0,18,48,20,86,0,23,134,0,157,0,41,182,20,243,242,0,242,485
07/24/2021,MQY,TN,ASO,ES,Federal Contract Tower,0,5,33,0,38,0,2,112,3,117,0,7,145,3,155,122,0,122,277
07/25/2021,MQY,TN,ASO,ES,Federal Contract Tower,0,5,32,8,45,0,0,42,5,47,0,5,74,13,92,52,0,52,144
07/26/2021,MQY,TN,ASO,ES,Federal Contract Tower,0,3,31,2,36,0,2,56,0,58,0,5,87,2,94,84,0,84,178
07/27/2021,MQY,TN,ASO,ES,Federal Contract Tower,0,11,63,26,100,0,18,95,0,113,0,29,158,26,213,130,0,130,343
07/28/2021,MQY,TN,ASO,ES,Federal Contract Tower,0,14,71,0,85,0,25,116,0,141,0,39,187,0,226,206,0,206,432
07/29/2021,MQY,TN,ASO,ES,Federal Contract Tower,2,10,66,2,80,0,8,106,4,118,2,18,172,6,198,268,12,280,478
07/30/2021,MQY,TN,ASO,ES,Federal Contract Tower,0,9,56,17,82,0,8,106,6,120,0,17,162,23,202,138,6,144,346
07/31/2021,MQY,TN,ASO,ES,Federal Contract Tower,0,3,37,6,46,0,25,97,9,131,0,28,134,15,177,102,62,164,341
08/01/2021,MQY,TN,ASO,ES,Federal Contract Tower,0,4,27,0,31,0,3,21,0,24,0,7,48,0,55,64,0,64,119
08/02/2021,MQY,TN,ASO,ES,Federal Contract Tower,0,9,37,9,55,0,22,107,3,132,0,31,144,12,187,144,0,144,331
08/03/2021,MQY,TN,ASO,ES,Federal Contract Tower,0,5,54,5,64,0,24,141,2,167,0,29,195,7,231,170,0,170,401
08/04/2021,MQY,TN,ASO,ES,Federal Contract Tower,0,11,77,9,97,0,18,139,4,161,0,29,216,13,258,246,0,246,504
08/05/2021,MQY,TN,ASO,ES,Federal Contract Tower,0,10,79,19,108,0,30,159,5,194,0,40,238,24,302,138,0,138,440
08/06/2021,MQY,TN,ASO,ES,Federal Contract Tower,0,14,52,10,76,0,10,146,8,164,0,24,198,18,240,178,0,178,418
08/07/2021,MQY,TN,ASO,ES,Federal Contract Tower,0,6,31,0,37,0,33,90,8,131,0,39,121,8,168,76,0,76,244
08/08/2021,MQY,TN,ASO,ES,Federal Contract Tower,0,13,29,5,47,0,7,49,1,57,0,20,78,6,104,46,0,46,150
08/09/2021,MQY,TN,ASO,ES,Federal Contract Tower,0,13,60,0,73,0,2,94,0,96,0,15,154,0,169,112,0,112,281
08/10/2021,MQY,TN,ASO,ES,Federal Contract Tower,0,11,61,3,75,0,0,100,1,101,0,11,161,4,176,126,0,126,302
08/11/2021,MQY,TN,ASO,ES,Federal Contract Tower,0,8,58,3,69,0,8,128,6,142,0,16,186,9,211,110,0,110,321
08/12/2021,MQY,TN,ASO,ES,Federal Contract Tower,0,10,61,0,71,0,8,120,9,137,0,18,181,9,208,156,26,182,390
08/13/2021,MQY,TN,ASO,ES,Federal Contract Tower,0,5,48,6,59,0,1,90,1,92,0,6,138,7,151,86,10,96,247
08/14/2021,MQY,TN,ASO,ES,Federal Contract Tower,0,1,32,0,33,0,1,59,8,68,0,2,91,8,101,126,0,126,227
08/15/2021,MQY,TN,ASO,ES,Federal Contract Tower,0,2,30,0,32,0,0,2,0,2,0,2,32,0,34,0,0,0,34
08/16/2021,MQY,TN,ASO,ES,Federal Contract Tower,0,18,41,0,59,0,0,22,0,22,0,18,63,0,81,58,0,58,139
08/17/2021,MQY,TN,ASO,ES,Federal Contract Tower,0,7,58,0,65,0,3,106,0,109,0,10,164,0,174,220,0,220,394
08/18/2021,MQY,TN,ASO,ES,Federal Contract Tower,0,8,51,0,59,0,2,73,0,75,0,10,124,0,134,88,0,88,222
08/19/2021,MQY,TN,ASO,ES,Federal Contract Tower,0,15,54,1,70,0,7,50,2,59,0,22,104,3,129,138,14,152,281
08/20/2021,MQY,TN,ASO,ES,Federal Contract Tower,0,13,64,0,77,0,19,70,1,90,0,32,134,1,167,124,0,124,291
08/21/2021,MQY,TN,ASO,ES,Federal Contract Tower,0,9,25,0,34,0,4,23,4,31,0,13,48,4,65,52,0,52,117
08/22/2021,MQY,TN,ASO,ES,Federal Contract Tower,0,7,36,2,45,0,5,77,7,89,0,12,113,9,134,168,6,174,308
08/23/2021,MQY,TN,ASO,ES,Federal Contract Tower,0,14,62,6,82,0,28,159,2,189,0,42,221,8,271,318,0,318,589
08/24/2021,MQY,TN,ASO,ES,Federal Contract Tower,0,3,81,2,86,0,2,119,4,125,0,5,200,6,211,216,4,220,431
08/25/2021,MQY,TN,ASO,ES,Federal Contract Tower,2,15,61,11,89,0,13,133,8,154,2,28,194,19,243,146,0,146,389
08/26/2021,MQY,TN,ASO,ES,Federal Contract Tower,0,13,75,0,88,0,31,133,7,171,0,44,208,7,259,156,0,156,415
08/27/2021,MQY,TN,ASO,ES,Federal Contract Tower,0,16,62,0,78,0,32,140,2,174,0,48,202,2,252,150,0,150,402
08/28/2021,MQY,TN,ASO,ES,Federal Contract Tower,0,9,41,0,50,0,2,100,3,105,0,11,141,3,155,102,0,102,257
08/29/2021,MQY,TN,ASO,ES,Federal Contract Tower,0,5,45,0,50,0,6,76,1,83,0,11,121,1,133,54,0,54,187
08/30/2021,MQY,TN,ASO,ES,Federal Contract Tower,0,12,42,0,54,0,23,62,2,87,0,35,104,2,141,94,8,102,243
08/31/2021,MQY,TN,ASO,ES,Federal Contract Tower,0,6,16,0,22,0,0,0,0,0,0,6,16,0,22,0,0,0,22
09/01/2021,MQY,TN,ASO,ES,Federal Contract Tower,0,8,132,2,142,0,11,88,0,99,0,19,220,2,241,126,0,126,367
09/02/2021,MQY,TN,ASO,ES,Federal Contract Tower,0,9,57,2,68,0,7,129,9,145,0,16,186,11,213,174,0,174,387
09/03/2021,MQY,TN,ASO,ES,Federal Contract Tower,2,8,55,1,66,0,10,145,1,156,2,18,200,2,222,202,0,202,424
09/04/2021,MQY,TN,ASO,ES,Federal Contract Tower,0,7,64,0,71,0,13,117,4,134,0,20,181,4,205,56,0,56,261
09/05/2021,MQY,TN,ASO,ES,Federal Contract Tower,0,4,56,6,66,0,0,13,12,25,0,4,69,18,91,8,16,24,115
09/06/2021,MQY,TN,ASO,ES,Federal Contract Tower,0,12,75,0,87,0,6,120,0,126,0,18,195,0,213,170,0,170,383
09/07/2021,MQY,TN,ASO,ES,Federal Contract Tower,0,10,61,2,73,0,9,128,0,137,0,19,189,2,210,192,0,192,402
09/08/2021,MQY,TN,ASO,ES,Federal Contract Tower,0,16,73,2,91,0,22,138,0,160,0,38,211,2,251,206,0,206,457
09/09/2021,MQY,TN,ASO,ES,Federal Contract Tower,0,8,46,0,54,0,26,138,14,178,0,34,184,14,232,194,18,212,444
09/10/2021,MQY,TN,ASO,ES,Federal Contract Tower,0,14,52,0,66,0,34,165,8,207,0,48,217,8,273,242,6,248,521
09/11/2021,MQY,TN,ASO,ES,Federal Contract Tower,0,11,37,3,51,0,21,129,3,153,0,32,166,6,204,94,0,94,298
09/12/2021,MQY,TN,ASO,ES,Federal Contract Tower,0,10,31,0,41,0,61,85,3,149,0,71,116,3,190,126,4,130,320
09/13/2021,MQY,TN,ASO,ES,Federal Contract Tower,0,11,40,1,52,0,24,108,0,132,0,35,148,1,184,156,0,156,340
09/14/2021,MQY,TN,ASO,ES,Federal Contract Tower,0,5,49,0,54,0,29,102,0,131,0,34,151,0,185,124,0,124,309
09/15/2021,MQY,TN,ASO,ES,Federal Contract Tower,0,8,41,0,49,0,11,28,0,39,0,19,69,0,88,84,0,84,172
09/16/2021,MQY,TN,ASO,ES,Federal Contract Tower,0,14,43,0,57,0,21,125,7,153,0,35,168,7,210,160,12,172,382
09/17/2021,MQY,TN,ASO,ES,Federal Contract Tower,2,5,44,0,51,0,8,70,1,79,2,13,114,1,130,82,0,82,212
09/18/2021,MQY,TN,ASO,ES,Federal Contract Tower,0,4,18,0,22,0,0,5,0,5,0,4,23,0,27,6,0,6,33
09/19/2021,MQY,TN,ASO,ES,Federal Contract Tower,0,3,29,0,32,0,0,0,0,0,0,3,29,0,32,0,0,0,32
09/20/2021,MQY,TN,ASO,ES,Federal Contract Tower,0,7,23,0,30,0,2,4,0,6,0,9,27,0,36,18,0,18,54
09/21/2021,MQY,TN,ASO,ES,Federal Contract Tower,0,18,54,0,72,0,12,49,0,61,0,30,103,0,133,106,0,106,239
09/22/2021,MQY,TN,ASO,ES,Federal Contract Tower,0,13,57,0,70,0,1,42,3,46,0,14,99,3,116,0,0,0,116
09/23/2021,MQY,TN,ASO,ES,Federal Contract Tower,2,22,74,2,100,0,25,180,5,210,2,47,254,7,310,188,0,188,498
09/24/2021,MQY,TN,ASO,ES,Federal Contract Tower,2,35,86,0,123,0,52,235,4,291,2,87,321,4,414,208,4,212,626
09/25/2021,MQY,TN,ASO,ES,Federal Contract Tower,0,12,58,0,70,0,26,121,5,152,0,38,179,5,222,122,12,134,356
09/26/2021,MQY,TN,ASO,ES,Federal Contract Tower,0,10,56,0,66,0,25,82,0,107,0,35,138,0,173,114,0,114,287
09/27/2021,MQY,TN,ASO,ES,Federal Contract Tower,0,13,46,4,63,0,61,133,3,197,0,74,179,7,260,104,20,124,384
09/28/2021,MQY,TN,ASO,ES,Federal Contract Tower,0,5,63,2,70,0,24,139,4,167,0,29,202,6,237,200,0,200,437
09/29/2021,MQY,TN,ASO,ES,Federal Contract Tower,1,23,51,5,80,0,29,148,3,180,1,52,199,8,260,144,68,212,472
09/30/2021,MQY,TN,ASO,ES,Federal Contract Tower,0,56,70,6,132,0,4,156,2,162,0,60,226,8,294,228,0,228,522
10/01/2021,MQY,TN,ASO,ES,Federal Contract Tower,1,45,75,0,121,0,23,148,0,171,1,68,223,0,292,220,0,220,512
10/02/2021,MQY,TN,ASO,ES,Federal Contract Tower,0,14,39,0,53,0,24,133,0,157,0,38,172,0,210,200,0,200,410
10/03/2021,MQY,TN,ASO,ES,Federal Contract Tower,0,4,23,0,27,0,13,10,0,23,0,17,33,0,50,78,0,78,128
10/04/2021,MQY,TN,ASO,ES,Federal Contract Tower,0,42,64,1,107,0,33,100,2,135,0,75,164,3,242,162,0,162,404
10/05/2021,MQY,TN,ASO,ES,Federal Contract Tower,0,29,47,0,76,0,12,38,1,51,0,41,85,1,127,48,0,48,175
10/06/2021,MQY,TN,ASO,ES,Federal Contract Tower,0,20,29,1,50,0,3,43,0,46,0,23,72,1,96,106,0,106,202
10/07/2021,MQY,TN,ASO,ES,Federal Contract Tower,0,39,67,0,106,0,43,93,0,136,0,82,160,0,242,188,0,188,430
10/08/2021,MQY,TN,ASO,ES,Federal Contract Tower,2,38,64,0,104,0,31,149,0,180,2,69,213,0,284,226,0,226,510
10/09/2021,MQY,TN,ASO,ES,Federal Contract Tower,0,18,45,0,63,0,50,129,2,181,0,68,174,2,244,112,0,112,356
10/10/2021,MQY,TN,ASO,ES,Federal Contract Tower,0,16,67,1,84,0,47,122,8,177,0,63,189,9,261,124,10,134,395
10/11/2021,MQY,TN,ASO,ES,Federal Contract Tower,0,14,49,0,63,0,26,88,0,114,0,40,137,0,177,110,0,110,287
10/12/2021,MQY,TN,ASO,ES,Federal Contract Tower,0,19,71,0,90,0,59,108,0,167,0,78,179,0,257,130,0,130,387
10/13/2021,MQY,TN,ASO,ES,Federal Contract Tower,0,15,82,0,97,0,10,124,2,136,0,25,206,2,233,180,0,180,413
10/14/2021,MQY,TN,ASO,ES,Federal Contract Tower,0,42,56,0,98,0,35,167,13,215,0,77,223,13,313,250,24,274,587
10/15/2021,MQY,TN,ASO,ES,Federal Contract Tower,0,11,45,0,56,0,4,35,0,39,0,15,80,0,95,66,0,66,161
10/16/2021,MQY,TN,ASO,ES,Federal Contract Tower,0,17,27,0,44,0,55,72,6,133,0,72,99,6,177,56,0,56,233
10/17/2021,MQY,TN,ASO,ES,Federal Contract Tower,0,37,70,2,109,0,19,114,5,138,0,56,184,7,247,208,0,208,455
10/18/2021,MQY,TN,ASO,ES,Federal Contract Tower,0,59,78,8,145,0,57,155,3,215,0,116,233,11,360,304,0,304,664
10/19/2021,MQY,TN,ASO,ES,Federal Contract Tower,1,29,71,0,101,0,48,162,0,210,1,77,233,0,311,184,0,184,495
10/20/2021,MQY,TN,ASO,ES,Federal Contract Tower,1,45,77,0,123,0,64,143,8,215,1,109,220,8,338,222,6,228,566
10/21/2021,MQY,TN,ASO,ES,Federal Contract Tower,2,38,51,0,91,0,3,75,4,82,2,41,126,4,173,180,6,186,359
10/22/2021,MQY,TN,ASO,ES,Federal Contract Tower,0,19,93,4,116,0,61,124,2,187,0,80,217,6,303,190,0,190,493
10/23/2021,MQY,TN,ASO,ES,Federal Contract Tower,0,8,67,0,75,0,40,145,2,187,0,48,212,2,262,184,0,184,446
10/24/2021,MQY,TN,ASO,ES,Federal Contract Tower,0,15,43,0,58,0,1,70,0,71,0,16,113,0,129,42,0,42,171
10/25/2021,MQY,TN,ASO,ES,Federal Contract Tower,0,4,81,10,95,0,2,19,5,26,0,6,100,15,121,10,16,26,147
10/26/2021,MQY,TN,ASO,ES,Federal Contract Tower,0,18,75,6,99,0,7,125,7,139,0,25,200,13,238,292,12,304,542
10/27/2021,MQY,TN,ASO,ES,Federal Contract Tower,0,32,61,6,99,0,27,163,3,193,0,59,224,9,292,258,0,258,550
10/28/2021,MQY,TN,ASO,ES,Federal Contract Tower,0,6,43,0,49,0,0,25,6,31,0,6,68,6,80,84,10,94,174
10/29/2021,MQY,TN,ASO,ES,Federal Contract Tower,1,15,49,2,67,0,0,16,0,16,1,15,65,2,83,32,0,32,115
10/30/2021,MQY,TN,ASO,ES,Federal Contract Tower,0,3,22,0,25,0,0,0,0,0,0,3,22,0,25,0,0,0,25
10/31/2021,MQY,TN,ASO,ES,Federal Contract Tower,0,23,61,3,87,0,21,85,5,111,0,44,146,8,198,100,0,100,298
11/01/2021,MQY,TN,ASO,ES,Federal Contract Tower,0,17,44,0,61,0,17,103,0,120,0,34,147,0,181,178,0,178,359
11/02/2021,MQY,TN,ASO,ES,Federal Contract Tower,0,9,53,2,64,0,11,87,3,101,0,20,140,5,165,222,10,232,397
11/03/2021,MQY,TN,ASO,ES,Federal Contract Tower,0,32,49,0,81,0,15,117,5,137,0,47,166,5,218,184,0,184,402
11/04/2021,MQY,TN,ASO,ES,Federal Contract Tower,0,18,66,9,93,0,10,128,11,149,0,28,194,20,242,164,6,170,412
11/05/2021,MQY,TN,ASO,ES,Federal Contract Tower,0,12,49,1,62,0,22,166,6,194,0,34,215,7,256,272,16,288,544
11/06/2021,MQY,TN,ASO,ES,Federal Contract Tower,0,13,31,1,45,0,21,84,4,109,0,34,115,5,154,100,0,100,254
11/07/2021,MQY,TN,ASO,ES,Federal Contract Tower,0,9,53,1,63,0,45,117,25,187,0,54,170,26,250,176,22,198,448
11/08/2021,MQY,TN,ASO,ES,Federal Contract Tower,0,16,61,0,77,0,74,149,6,229,0,90,210,6,306,194,0,194,500
11/09/2021,MQY,TN,ASO,ES,Federal Contract Tower,0,29,54,3,86,0,33,186,2,221,0,62,240,5,307,234,0,234,541
11/10/2021,MQY,TN,ASO,ES,Federal Contract Tower,0,15,64,3,82,0,20,165,1,186,0,35,229,4,268,226,0,226,494
11/11/2021,MQY,TN,ASO,ES,Federal Contract Tower,0,11,19,0,30,0,2,13,1,16,0,13,32,1,46,34,0,34,80
11/12/2021,MQY,TN,ASO,ES,Federal Contract Tower,0,31,61,2,94,0,11,129,4,144,0,42,190,6,238,176,2,178,416
11/13/2021,MQY,TN,ASO,ES,Federal Contract Tower,0,11,35,1,47,0,0,127,6,133,0,11,162,7,180,154,0,154,334
11/14/2021,MQY,TN,ASO,ES,Federal Contract Tower,0,17,34,1,52,0,30,60,1,91,0,47,94,2,143,78,2,80,223
11/15/2021,MQY,TN,ASO,ES,Federal Contract Tower,1,12,57,0,70,0,44,154,0,198,1,56,211,0,268,230,0,230,498
11/16/2021,MQY,TN,ASO,ES,Federal Contract Tower,0,8,99,0,107,0,3,100,3,106,0,11,199,3,213,256,10,266,479
11/17/2021,MQY,TN,ASO,ES,Federal Contract Tower,0,17,67,0,84,0,17,102,1,120,0,34,169,1,204,192,0,192,396
11/18/2021,MQY,TN,ASO,ES,Federal Contract Tower,0,16,53,0,69,0,17,68,2,87,0,33,121,2,156,146,6,152,308
11/19/2021,MQY,TN,ASO,ES,Federal Contract Tower,1,16,67,3,87,0,51,176,0,227,1,67,243,3,314,288,0,288,602
11/20/2021,MQY,TN,ASO,ES,Federal Contract Tower,0,12,32,8,52,0,5,143,10,158,0,17,175,18,210,222,0,222,432
11/21/2021,MQY,TN,ASO,ES,Federal Contract Tower,0,19,3,0,22,0,1,22,0,23,0,20,25,0,45,62,0,62,107
11/22/2021,MQY,TN,ASO,ES,Federal Contract Tower,0,16,67,1,84,0,8,143,0,151,0,24,210,1,235,174,0,174,409
11/23/2021,MQY,TN,ASO,ES,Federal Contract Tower,0,12,59,7,78,0,44,162,7,213,0,56,221,14,291,266,0,266,557
11/24/2021,MQY,TN,ASO,ES,Federal Contract Tower,0,8,56,0,64,0,13,106,0,119,0,21,162,0,183,234,0,234,417
11/25/2021,MQY,TN,ASO,ES,Federal Contract Tower,0,3,5,0,8,0,0,0,0,0,0,3,5,0,8,0,0,0,8
11/26/2021,MQY,TN,ASO,ES,Federal Contract Tower,2,4,28,0,34,0,7,69,0,76,2,11,97,0,110,92,0,92,202
11/27/2021,MQY,TN,ASO,ES,Federal Contract Tower,0,11,29,0,40,0,0,76,3,79,0,11,105,3,119,52,2,54,173
11/28/2021,MQY,TN,ASO,ES,Federal Contract Tower,0,7,49,0,56,0,13,96,0,109,0,20,145,0,165,140,0,140,305
11/29/2021,MQY,TN,ASO,ES,Federal Contract Tower,3,10,64,0,77,0,4,146,0,150,3,14,210,0,227,180,0,180,407
11/30/2021,MQY,TN,ASO,ES,Federal Contract Tower,0,21,47,3,71,0,3,125,5,133,0,24,172,8,204,130,0,130,334
12/01/2021,MQY,TN,ASO,ES,Federal Contract Tower,0,2,52,1,55,0,5,87,4,96,0,7,139,5,151,214,0,214,365
12/02/2021,MQY,TN,ASO,ES,Federal Contract Tower,0,17,62,4,83,0,28,155,8,191,0,45,217,12,274,200,0,200,474
12/03/2021,MQY,TN,ASO,ES,Federal Contract Tower,3,16,72,0,91,0,23,145,6,174,3,39,217,6,265,250,0,250,515
12/04/2021,MQY,TN,ASO,ES,Federal Contract Tower,0,11,34,0,45,0,0,0,0,0,0,11,34,0,45,0,0,0,45
12/05/2021,MQY,TN,ASO,ES,Federal Contract Tower,0,8,25,5,38,0,6,26,5,37,0,14,51,10,75,60,30,90,165
12/06/2021,MQY,TN,ASO,ES,Federal Contract Tower,2,8,35,0,45,0,3,77,0,80,2,11,112,0,125,142,0,142,267
12/07/2021,MQY,TN,ASO,ES,Federal Contract Tower,0,10,62,0,72,0,7,126,0,133,0,17,188,0,205,238,0,238,443
12/08/2021,MQY,TN,ASO,ES,Federal Contract Tower,0,11,55,12,78,0,8,124,4,136,0,19,179,16,214,226,0,226,440
12/09/2021,MQY,TN,ASO,ES,Federal Contract Tower,0,7,50,2,59,0,25,82,8,115,0,32,132,10,174,162,18,180,354
12/10/2021,MQY,TN,ASO,ES,Federal Contract Tower,0,8,41,0,49,0,0,0,0,0,0,8,41,0,49,0,0,0,49
12/11/2021,MQY,TN,ASO,ES,Federal Contract Tower,0,10,11,0,21,0,2,13,0,15,0,12,24,0,36,12,0,12,48
12/12/2021,MQY,TN,ASO,ES,Federal Contract Tower,0,9,52,0,61,0,1,120,2,123,0,10,172,2,184,220,0,220,404
12/13/2021,MQY,TN,ASO,ES,Federal Contract Tower,0,6,47,0,53,0,9,150,8,167,0,15,197,8,220,174,4,178,398
12/14/2021,MQY,TN,ASO,ES,Federal Contract Tower,0,8,58,0,66,0,8,161,0,169,0,16,219,0,235,274,0,274,509
12/15/2021,MQY,TN,ASO,ES,Federal Contract Tower,0,8,53,2,63,0,15,132,17,164,0,23,185,19,227,192,0,192,419
12/16/2021,MQY,TN,ASO,ES,Federal Contract Tower,0,15,48,0,63,0,3,16,5,24,0,18,64,5,87,22,14,36,123
12/17/2021,MQY,TN,ASO,ES,Federal Contract Tower,0,7,46,0,53,0,0,0,0,0,0,7,46,0,53,0,0,0,53
12/18/2021,MQY,TN,ASO,ES,Federal Contract Tower,0,3,18,0,21,0,0,5,0,5,0,3,23,0,26,16,0,16,42
12/19/2021,MQY,TN,ASO,ES,Federal Contract Tower,0,7,39,2,48,0,3,77,1,81,0,10,116,3,129,176,0,176,305
12/20/2021,MQY,TN,ASO,ES,Federal Contract Tower,0,6,58,0,64,0,0,68,0,68,0,6,126,0,132,126,0,126,258
12/21/2021,MQY,TN,ASO,ES,Federal Contract Tower,0,16,71,1,88,0,5,113,1,119,0,21,184,2,207,230,0,230,437
12/22/2021,MQY,TN,ASO,ES,Federal Contract Tower,0,6,76,0,82,0,4,127,2,133,0,10,203,2,215,214,0,214,429
12/23/2021,MQY,TN,ASO,ES,Federal Contract Tower,0,2,31,0,33,0,3,106,0,109,0,5,137,0,142,160,0,160,302
12/24/2021,MQY,TN,ASO,ES,Federal Contract Tower,0,2,10,0,12,0,0,0,0,0,0,2,10,0,12,0,0,0,12
12/25/2021,MQY,TN,ASO,ES,Federal Contract Tower,0,1,2,0,3,0,0,0,0,0,0,1,2,0,3,0,0,0,3
12/26/2021,MQY,TN,ASO,ES,Federal Contract Tower,0,6,39,0,45,0,2,22,2,26,0,8,61,2,71,48,0,48,119
12/27/2021,MQY,TN,ASO,ES,Federal Contract Tower,0,3,25,1,29,0,1,22,1,24,0,4,47,2,53,30,0,30,83
12/28/2021,MQY,TN,ASO,ES,Federal Contract Tower,0,10,37,0,47,0,0,28,4,32,0,10,65,4,79,26,6,32,111
12/29/2021,MQY,TN,ASO,ES,Federal Contract Tower,0,4,19,0,23,0,0,19,0,19,0,4,38,0,42,20,0,20,62
12/30/2021,MQY,TN,ASO,ES,Federal Contract Tower,0,8,44,0,52,0,4,17,0,21,0,12,61,0,73,50,0,50,123
12/31/2021,MQY,TN,ASO,ES,Federal Contract Tower,0,10,18,0,28,0,4,22,0,26,0,14,40,0,54,74,0,74,128
01/01/2022,MQY,TN,ASO,ES,Federal Contract Tower,0,1,9,0,10,0,0,2,0,2,0,1,11,0,12,0,0,0,12
01/02/2022,MQY,TN,ASO,ES,Federal Contract Tower,0,6,16,0,22,0,0,0,0,0,0,6,16,0,22,0,0,0,22
01/03/2022,MQY,TN,ASO,ES,Federal Contract Tower,0,7,35,0,42,0,2,56,0,58,0,9,91,0,100,206,0,206,306
01/04/2022,MQY,TN,ASO,ES,Federal Contract Tower,0,16,46,0,62,0,9,111,0,120,0,25,157,0,182,118,0,118,300
01/05/2022,MQY,TN,ASO,ES,Federal Contract Tower,0,11,56,4,71,0,19,89,0,108,0,30,145,4,179,192,0,192,371
01/06/2022,MQY,TN,ASO,ES,Federal Contract Tower,0,0,7,0,7,0,0,0,0,0,0,0,7,0,7,0,0,0,7
01/07/2022,MQY,TN,ASO,ES,Federal Contract Tower,0,0,0,0,0,0,3,3,0,6,0,3,3,0,6,0,0,0,6
01/08/2022,MQY,TN,ASO,ES,Federal Contract Tower,0,3,14,0,17,0,1,29,6,36,0,4,43,6,53,18,8,26,79
01/09/2022,MQY,TN,ASO,ES,Federal Contract Tower,0,6,12,0,18,0,1,0,0,1,0,7,12,0,19,0,0,0,19
01/10/2022,MQY,TN,ASO,ES,Federal Contract Tower,0,18,45,2,65,0,3,115,0,118,0,21,160,2,183,200,0,200,383
01/11/2022,MQY,TN,ASO,ES,Federal Contract Tower,0,8,62,0,70,0,4,132,1,137,0,12,194,1,207,174,0,174,381
01/12/2022,MQY,TN,ASO,ES,Federal Contract Tower,0,9,58,0,67,0,12,121,0,133,0,21,179,0,200,134,0,134,334
01/13/2022,MQY,TN,ASO,ES,Federal Contract Tower,0,7,38,0,45,0,8,104,6,118,0,15,142,6,163,188,16,204,367
01/14/2022,MQY,TN,ASO,ES,Federal Contract Tower,0,17,66,6,89,0,9,109,1,119,0,26,175,7,208,174,0,174,382
01/15/2022,MQY,TN,ASO,ES,Federal Contract Tower,0,7,15,0,22,0,0,14,0,14,0,7,29,0,36,32,0,32,68
01/16/2022,MQY,TN,ASO,ES,Federal Contract Tower,0,2,4,0,6,0,0,0,0,0,0,2,4,0,6,0,0,0,6
01/17/2022,MQY,TN,ASO,ES,Federal Contract Tower,0,6,18,0,24,0,0,8,0,8,0,6,26,0,32,68,0,68,100
01/18/2022,MQY,TN,ASO,ES,Federal Contract Tower,0,17,51,3,71,0,11,113,2,126,0,28,164,5,197,88,0,88,285
01/19/2022,MQY,TN,ASO,ES,Federal Contract Tower,0,5,24,0,29,0,0,13,0,13,0,5,37,0,42,88,0,88,130
01/20/2022,MQY,TN,ASO,ES,Federal Contract Tower,0,12,18,0,30,0,4,44,5,53,0,16,62,5,83,166,0,166,249
01/21/2022,MQY,TN,ASO,ES,Federal Contract Tower,0,7,46,0,53,0,22,130,10,162,0,29,176,10,215,214,10,224,439
01/22/2022,MQY,TN,ASO,ES,Federal Contract Tower,0,8,43,0,51,0,13,104,2,119,0,21,147,2,170,166,0,166,336
01/23/2022,MQY,TN,ASO,ES,Federal Contract Tower,0,3,47,1,51,0,8,120,7,135,0,11,167,8,186,154,0,154,340
01/24/2022,MQY,TN,ASO,ES,Federal Contract Tower,0,7,46,0,53,0,8,90,0,98,0,15,136,0,151,122,0,122,273
01/25/2022,MQY,TN,ASO,ES,Federal Contract Tower,2,12,52,11,77,0,3,113,2,118,2,15,165,13,195,244,16,260,455
01/26/2022,MQY,TN,ASO,ES,Federal Contract Tower,0,10,39,1,50,0,39,113,3,155,0,49,152,4,205,208,0,208,413
01/27/2022,MQY,TN,ASO,ES,Federal Contract Tower,0,11,61,3,75,0,4,129,9,142,0,15,190,12,217,188,6,194,411
01/28/2022,MQY,TN,ASO,ES,Federal Contract Tower,0,9,31,0,40,0,27,31,0,58,0,36,62,0,98,70,0,70,168
01/29/2022,MQY,TN,ASO,ES,Federal Contract Tower,0,15,39,0,54,0,28,131,2,161,0,43,170,2,215,160,10,170,385
01/30/2022,MQY,TN,ASO,ES,Federal Contract Tower,0,5,40,0,45,0,2,98,2,102,0,7,138,2,147,68,0,68,215
01/31/2022,MQY,TN,ASO,ES,Federal Contract Tower,0,7,47,1,55,0,2,82,0,84,0,9,129,1,139,2,0,2,141
02/01/2022,MQY,TN,ASO,ES,Federal Contract Tower,0,5,50,0,55,0,20,102,0,122,0,25,152,0,177,128,0,128,305
02/02/2022,MQY,TN,ASO,ES,Federal Contract Tower,0,14,29,0,43,0,0,0,0,0,0,14,29,0,43,0,0,0,43
02/03/2022,MQY,TN,ASO,ES,Federal Contract Tower,1,5,15,0,21,0,0,0,0,0,1,5,15,0,21,0,0,0,21
02/04/2022,MQY,TN,ASO,ES,Federal Contract Tower,0,6,21,0,27,0,0,5,4,9,0,6,26,4,36,0,10,10,46
02/05/2022,MQY,TN,ASO,ES,Federal Contract Tower,0,5,29,1,35,0,1,117,2,120,0,6,146,3,155,248,4,252,407
02/06/2022,MQY,TN,ASO,ES,Federal Contract Tower,0,7,38,5,50,0,2,112,10,124,0,9,150,15,174,224,12,236,410
02/07/2022,MQY,TN,ASO,ES,Federal Contract Tower,0,3,34,0,37,0,81,109,0,190,0,84,143,0,227,148,0,148,375
02/08/2022,MQY,TN,ASO,ES,Federal Contract Tower,0,11,48,0,59,0,2,121,0,123,0,13,169,0,182,178,2,180,362
02/09/2022,MQY,TN,ASO,ES,Federal Contract Tower,0,3,47,1,51,0,33,137,1,171,0,36,184,2,222,182,0,182,404
02/10/2022,MQY,TN,ASO,ES,Federal Contract Tower,0,12,55,0,67,0,60,137,11,208,0,72,192,11,275,160,20,180,455
02/11/2022,MQY,TN,ASO,ES,Federal Contract Tower,0,10,38,0,48,0,9,54,0,63,0,19,92,0,111,48,0,48,159
02/12/2022,MQY,TN,ASO,ES,Federal Contract Tower,0,7,24,0,31,0,7,86,3,96,0,14,110,3,127,230,6,236,363
02/13/2022,MQY,TN,ASO,ES,Federal Contract Tower,0,13,49,0,62,0,44,91,0,135,0,57,140,0,197,110,0,110,307
02/14/2022,MQY,TN,ASO,ES,Federal Contract Tower,0,7,42,0,49,0,34,134,2,170,0,41,176,2,219,118,0,118,337
02/15/2022,MQY,TN,ASO,ES,Federal Contract Tower,0,10,54,1,65,0,83,135,4,222,0,93,189,5,287,226,0,226,513
02/16/2022,MQY,TN,ASO,ES,Federal Contract Tower,1,7,51,2,61,0,13,27,1,41,1,20,78,3,102,30,0,30,132
02/17/2022,MQY,TN,ASO,ES,Federal Contract Tower,1,7,10,0,18,0,0,2,0,2,1,7,12,0,20,0,0,0,20
02/18/2022,MQY,TN,ASO,ES,Federal Contract Tower,1,19,74,0,94,0,18,150,1,169,1,37,224,1,263,296,0,296,559
02/19/2022,MQY,TN,ASO,ES,Federal Contract Tower,0,12,41,1,54,0,48,140,3,191,0,60,181,4,245,190,0,190,435
02/20/2022,MQY,TN,ASO,ES,Federal Contract Tower,4,54,4,0,62,0,46,94,4,144,4,100,98,4,206,108,0,108,314
02/21/2022,MQY,TN,ASO,ES,Federal Contract Tower,0,5,53,1,59,0,3,39,0,42,0,8,92,1,101,86,0,86,187
02/22/2022,MQY,TN,ASO,ES,Federal Contract Tower,0,8,20,0,28,0,1,3,0,4,0,9,23,0,32,0,0,0,32
02/23/2022,MQY,TN,ASO,ES,Federal Contract Tower,0,10,31,0,41,0,0,0,0,0,0,10,31,0,41,0,0,0,41
02/24/2022,MQY,TN,ASO,ES,Federal Contract Tower,0,4,31,2,37,0,0,0,0,0,0,4,31,2,37,0,0,0,37
02/25/2022,MQY,TN,ASO,ES,Federal Contract Tower,0,9,45,2,56,0,3,69,4,76,0,12,114,6,132,200,10,210,342
02/26/2022,MQY,TN,ASO,ES,Federal Contract Tower,0,6,14,1,21,0,0,47,4,51,0,6,61,5,72,130,0,130,202
02/27/2022,MQY,TN,ASO,ES,Federal Contract Tower,0,9,48,1,58,0,57,113,3,173,0,66,161,4,231,216,2,218,449
02/28/2022,MQY,TN,ASO,ES,Federal Contract Tower,0,11,59,2,72,0,20,204,1,225,0,31,263,3,297,178,0,178,475
03/01/2022,MQY,TN,ASO,ES,Federal Contract Tower,0,9,57,3,69,0,23,153,2,178,0,32,210,5,247,166,0,166,413
03/02/2022,MQY,TN,ASO,ES,Federal Contract Tower,0,6,46,1,53,0,40,149,0,189,0,46,195,1,242,202,0,202,444
03/03/2022,MQY,TN,ASO,ES,Federal Contract Tower,0,39,61,2,102,0,30,145,4,179,0,69,206,6,281,192,30,222,503
03/04/2022,MQY,TN,ASO,ES,Federal Contract Tower,3,42,49,1,95,0,65,172,0,237,3,107,221,1,332,172,0,172,504
03/05/2022,MQY,TN,ASO,ES,Federal Contract Tower,0,10,27,0,37,0,6,91,2,99,0,16,118,2,136,82,0,82,218
03/06/2022,MQY,TN,ASO,ES,Federal Contract Tower,0,4,31,0,35,0,4,22,3,29,0,8,53,3,64,2,0,2,66
03/07/2022,MQY,TN,ASO,ES,Federal Contract Tower,0,1,16,0,17,0,0,5,0,5,0,1,21,0,22,10,0,10,32
03/08/2022,MQY,TN,ASO,ES,Federal Contract Tower,0,15,48,9,72,0,15,94,2,111,0,30,142,11,183,290,14,304,487
03/09/2022,MQY,TN,ASO,ES,Federal Contract Tower,1,14,47,2,64,0,33,109,3,145,1,47,156,5,209,250,0,250,459
03/10/2022,MQY,TN,ASO,ES,Federal Contract Tower,0,8,62,0,70,0,58,137,11,206,0,66,199,11,276,202,20,222,498
03/11/2022,MQY,TN,ASO,ES,Federal Contract Tower,0,10,63,11,84,0,55,131,4,190,0,65,194,15,274,178,24,202,476
03/12/2022,MQY,TN,ASO,ES,Federal Contract Tower,0,6,22,1,29,0,1,26,4,31,0,7,48,5,60,18,0,18,78
03/13/2022,MQY,TN,ASO,ES,Federal Contract Tower,0,17,34,0,51,0,2,84,0,86,0,19,118,0,137,134,0,134,271
03/14/2022,MQY,TN,ASO,ES,Federal Contract Tower,1,14,44,2,61,0,41,129,7,177,1,55,173,9,238,210,0,210,448
03/15/2022,MQY,TN,ASO,ES,Federal Contract Tower,1,18,36,3,58,0,67,149,1,217,1,85,185,4,275,258,0,258,533
03/16/2022,MQY,TN,ASO,ES,Federal Contract Tower,0,30,77,6,113,0,30,53,1,84,0,60,130,7,197,112,0,112,309
03/17/2022,MQY,TN,ASO,ES,Federal Contract Tower,0,30,69,9,108,0,19,131,14,164,0,49,200,23,272,264,32,296,568
03/18/2022,MQY,TN,ASO,ES,Federal Contract Tower,0,7,27,3,37,0,1,17,1,19,0,8,44,4,56,10,0,10,66
03/19/2022,MQY,TN,ASO,ES,Federal Contract Tower,0,21,45,0,66,0,12,52,4,68,0,33,97,4,134,120,6,126,260
03/20/2022,MQY,TN,ASO,ES,Federal Contract Tower,0,13,74,3,90,0,92,141,10,243,0,105,215,13,333,208,10,218,551
03/21/2022,MQY,TN,ASO,ES,Federal Contract Tower,0,22,51,4,77,0,56,140,0,196,0,78,191,4,273,154,0,154,427
03/22/2022,MQY,TN,ASO,ES,Federal Contract Tower,0,11,34,1,46,0,0,31,2,33,0,11,65,3,79,48,18,66,145
03/23/2022,MQY,TN,ASO,ES,Federal Contract Tower,0,5,47,1,53,0,10,12,7,29,0,15,59,8,82,40,20,60,142
03/24/2022,MQY,TN,ASO,ES,Federal Contract Tower,1,26,63,0,90,0,33,91,6,130,1,59,154,6,220,82,0,82,302
03/25/2022,MQY,TN,ASO,ES,Federal Contract Tower,1,42,49,0,92,0,57,115,1,173,1,99,164,1,265,140,0,140,405
03/26/2022,MQY,TN,ASO,ES,Federal Contract Tower,3,13,23,0,39,0,2,30,2,34,3,15,53,2,73,64,0,64,137
03/27/2022,MQY,TN,ASO,ES,Federal Contract Tower,0,30,47,1,78,0,38,101,12,151,0,68,148,13,229,184,10,194,423
03/28/2022,MQY,TN,ASO,ES,Federal Contract Tower,1,27,75,4,107,0,100,160,5,265,1,127,235,9,372,194,2,196,568
03/29/2022,MQY,TN,ASO,ES,Federal Contract Tower,3,36,51,4,94,0,65,120,4,189,3,101,171,8,283,206,4,210,493
03/30/2022,MQY,TN,ASO,ES,Federal Contract Tower,3,11,28,0,42,0,2,15,1,18,3,13,43,1,60,28,0,28,88
03/31/2022,MQY,TN,ASO,ES,Federal Contract Tower,1,29,51,0,81,0,5,45,15,65,1,34,96,15,146,108,2,110,256
04/01/2022,MQY,TN,ASO,ES,Federal Contract Tower,2,16,57,1,76,0,114,140,6,260,2,130,197,7,336,226,20,246,582
04/02/2022,MQY,TN,ASO,ES,Federal Contract Tower,1,9,45,13,68,0,92,139,3,234,1,101,184,16,302,132,0,132,434
04/03/2022,MQY,TN,ASO,ES,Federal Contract Tower,0,18,50,2,70,0,101,119,4,224,0,119,169,6,294,154,0,154,448
04/04/2022,MQY,TN,ASO,ES,Federal Contract Tower,0,27,53,3,83,0,42,128,0,170,0,69,181,3,253,200,0,200,453
04/05/2022,MQY,TN,ASO,ES,Federal Contract Tower,0,10,29,2,41,0,1,4,0,5,0,11,33,2,46,24,0,24,70
04/06/2022,MQY,TN,ASO,ES,Federal Contract Tower,0,10,16,2,28,0,8,1,0,9,0,18,17,2,37,0,0,0,37
04/07/2022,MQY,TN,ASO,ES,Federal Contract Tower,1,11,64,0,76,0,30,142,13,185,1,41,206,13,261,184,44,228,489
04/08/2022,MQY,TN,ASO,ES,Federal Contract Tower,1,12,32,0,45,0,24,40,2,66,1,36,72,2,111,108,0,108,219
04/09/2022,MQY,TN,ASO,ES,Federal Contract Tower,0,14,20,6,40,0,8,59,16,83,0,22,79,22,123,66,28,94,217
04/10/2022,MQY,TN,ASO,ES,Federal Contract Tower,0,6,65,1,72,0,33,132,3,168,0,39,197,4,240,160,0,160,400
04/11/2022,MQY,TN,ASO,ES,Federal Contract Tower,0,8,34,0,42,0,0,11,0,11,0,8,45,0,53,26,0,26,79
04/12/2022,MQY,TN,ASO,ES,Federal Contract Tower,0,13,36,0,49,0,2,39,0,41,0,15,75,0,90,232,0,232,322
04/13/2022,MQY,TN,ASO,ES,Federal Contract Tower,0,10,41,0,51,0,0,15,0,15,0,10,56,0,66,18,0,18,84
04/14/2022,MQY,TN,ASO,ES,Federal Contract Tower,0,25,59,6,90,0,28,185,9,222,0,53,244,15,312,352,4,356,668
04/15/2022,MQY,TN,ASO,ES,Federal Contract Tower,0,24,68,2,94,0,57,161,2,220,0,81,229,4,314,256,0,256,570
04/16/2022,MQY,TN,ASO,ES,Federal Contract Tower,0,8,44,0,52,0,40,43,0,83,0,48,87,0,135,132,0,132,267
04/17/2022,MQY,TN,ASO,ES,Federal Contract Tower,0,14,15,0,29,0,3,39,0,42,0,17,54,0,71,134,0,134,205
04/18/2022,MQY,TN,ASO,ES,Federal Contract Tower,0,8,59,0,67,0,11,62,0,73,0,19,121,0,140,188,0,188,328
04/19/2022,MQY,TN,ASO,ES,Federal Contract Tower,0,21,59,2,82,0,30,136,1,167,0,51,195,3,249,278,0,278,527
04/20/2022,MQY,TN,ASO,ES,Federal Contract Tower,0,16,61,0,77,0,11,133,9,153,0,27,194,9,230,182,0,182,412
04/21/2022,MQY,TN,ASO,ES,Federal Contract Tower,3,20,50,1,74,0,8,114,13,135,3,28,164,14,209,192,0,192,401
04/22/2022,MQY,TN,ASO,ES,Federal Contract Tower,0,27,70,2,99,0,60,175,10,245,0,87,245,12,344,292,4,296,640
04/23/2022,MQY,TN,ASO,ES,Federal Contract Tower,0,5,29,0,34,0,16,116,3,135,0,21,145,3,169,162,0,162,331
04/24/2022,MQY,TN,ASO,ES,Federal Contract Tower,0,8,38,2,48,0,4,85,1,90,0,12,123,3,138,184,6,190,328
04/25/2022,MQY,TN,ASO,ES,Federal Contract Tower,0,10,27,0,37,0,19,16,0,35,0,29,43,0,72,38,0,38,110
04/26/2022,MQY,TN,ASO,ES,Federal Contract Tower,0,15,62,2,79,0,30,129,4,163,0,45,191,6,242,216,0,216,458
04/27/2022,MQY,TN,ASO,ES,Federal Contract Tower,1,14,80,0,95,0,12,166,5,183,1,26,246,5,278,268,0,268,546
04/28/2022,MQY,TN,ASO,ES,Federal Contract Tower,2,14,63,2,81,0,46,182,8,236,2,60,245,10,317,334,0,334,651
04/29/2022,MQY,TN,ASO,ES,Federal Contract Tower,0,18,69,0,87,0,26,177,0,203,0,44,246,0,290,232,0,232,522
04/30/2022,MQY,TN,ASO,ES,Federal Contract Tower,0,7,28,0,35,0,7,88,1,96,0,14,116,1,131,140,0,140,271
05/01/2022,MQY,TN,ASO,ES,Federal Contract Tower,2,13,40,0,55,0,7,51,1,59,2,20,91,1,114,168,0,168,282
05/02/2022,MQY,TN,ASO,ES,Federal Contract Tower,0,14,43,2,59,0,26,143,3,172,0,40,186,5,231,212,0,212,443
05/03/2022,MQY,TN,ASO,ES,Federal Contract Tower,0,13,38,1,52,0,2,50,2,54,0,15,88,3,106,70,28,98,204
05/04/2022,MQY,TN,ASO,ES,Federal Contract Tower,1,20,91,5,117,0,38,131,20,189,1,58,222,25,306,310,14,324,630
05/05/2022,MQY,TN,ASO,ES,Federal Contract Tower,0,11,59,2,72,0,5,95,1,101,0,16,154,3,173,146,0,146,319
05/06/2022,MQY,TN,ASO,ES,Federal Contract Tower,0,7,20,3,30,0,2,7,0,9,0,9,27,3,39,0,0,0,39
05/07/2022,MQY,TN,ASO,ES,Federal Contract Tower,0,6,44,0,50,0,2,3,0,5,0,8,47,0,55,36,0,36,91
05/08/2022,MQY,TN,ASO,ES,Federal Contract Tower,0,14,44,0,58,0,2,78,2,82,0,16,122,2,140,146,0,146,286
05/09/2022,MQY,TN,ASO,ES,Federal Contract Tower,0,12,66,4,82,0,3,125,2,130,0,15,191,6,212,186,0,186,398
05/10/2022,MQY,TN,ASO,ES,Federal Contract Tower,0,13,59,1,73,0,22,126,2,150,0,35,185,3,223,236,0,236,459
05/11/2022,MQY,TN,ASO,ES,Federal Contract Tower,0,8,60,6,74,0,44,163,12,219,0,52,223,18,293,314,0,314,607
05/12/2022,MQY,TN,ASO,ES,Federal Contract Tower,0,13,54,4,71,0,9,174,12,195,0,22,228,16,266,366,0,366,632
05/13/2022,MQY,TN,ASO,ES,Federal Contract Tower,0,18,64,2,84,0,9,151,1,161,0,27,215,3,245,278,0,278,523
05/14/2022,MQY,TN,ASO,ES,Federal Contract Tower,0,12,46,2,60,0,1,142,1,144,0,13,188,3,204,200,0,200,404
05/15/2022,MQY,TN,ASO,ES,Federal Contract Tower,0,7,48,0,55,0,1,87,0,88,0,8,135,0,143,106,0,106,249
05/16/2022,MQY,TN,ASO,ES,Federal Contract Tower,0,14,50,0,64,0,3,112,0,115,0,17,162,0,179,208,0,208,387
05/17/2022,MQY,TN,ASO,ES,Federal Contract Tower,0,11,64,1,76,0,17,147,5,169,0,28,211,6,245,222,0,222,467
05/18/2022,MQY,TN,ASO,ES,Federal Contract Tower,0,8,58,2,68,0,7,82,0,89,0,15,140,2,157,100,0,100,257
05/19/2022,MQY,TN,ASO,ES,Federal Contract Tower,0,13,54,5,72,0,11,109,5,125,0,24,163,10,197,110,12,122,319
05/20/2022,MQY,TN,ASO,ES,Federal Contract Tower,0,11,54,8,73,0,5,84,14,103,0,16,138,22,176,52,4,56,232
05/21/2022,MQY,TN,ASO,ES,Federal Contract Tower,0,9,28,0,37,0,3,124,0,127,0,12,152,0,164,152,0,152,316
05/22/2022,MQY,TN,ASO,ES,Federal Contract Tower,0,9,38,4,51,0,13,16,2,31,0,22,54,6,82,50,0,50,132
05/23/2022,MQY,TN,ASO,ES,Federal Contract Tower,0,15,49,0,64,0,2,23,0,25,0,17,72,0,89,58,0,58,147
05/24/2022,MQY,TN,ASO,ES,Federal Contract Tower,0,24,82,7,113,0,3,35,1,39,0,27,117,8,152,66,0,66,218
05/25/2022,MQY,TN,ASO,ES,Federal Contract Tower,0,5,36,3,44,0,6,31,2,39,0,11,67,5,83,50,0,50,133
05/26/2022,MQY,TN,ASO,ES,Federal Contract Tower,1,8,20,0,29,0,6,3,2,11,1,14,23,2,40,0,0,0,40
05/27/2022,MQY,TN,ASO,ES,Federal Contract Tower,0,23,73,2,98,0,5,103,0,108,0,28,176,2,206,254,0,254,460
05/28/2022,MQY,TN,ASO,ES,Federal Contract Tower,0,11,48,0,59,0,3,76,0,79,0,14,124,0,138,212,0,212,350
05/29/2022,MQY,TN,ASO,ES,Federal Contract Tower,0,11,26,2,39,0,7,93,0,100,0,18,119,2,139,134,0,134,273
05/30/2022,MQY,TN,ASO,ES,Federal Contract Tower,0,4,51,0,55,0,4,109,0,113,0,8,160,0,168,110,0,110,278
05/31/2022,MQY,TN,ASO,ES,Federal Contract Tower,0,11,52,2,65,0,13,169,2,184,0,24,221,4,249,242,0,242,491
06/01/2022,MQY,TN,ASO,ES,Federal Contract Tower,0,16,54,1,71,0,21,144,1,166,0,37,198,2,237,140,0,140,377
06/02/2022,MQY,TN,ASO,ES,Federal Contract Tower,0,6,34,1,41,0,26,97,2,125,0,32,131,3,166,108,6,114,280
06/03/2022,MQY,TN,ASO,ES,Federal Contract Tower,0,12,83,12,107,0,4,179,5,188,0,16,262,17,295,114,0,114,409
06/04/2022,MQY,TN,ASO,ES,Federal Contract Tower,0,18,32,1,51,0,44,139,9,192,0,62,171,10,243,172,0,172,415
06/05/2022,MQY,TN,ASO,ES,Federal Contract Tower,0,8,44,0,52,0,20,84,1,105,0,28,128,1,157,98,0,98,255
06/06/2022,MQY,TN,ASO,ES,Federal Contract Tower,2,5,25,0,32,0,19,61,16,96,2,24,86,16,128,136,14,150,278
06/07/2022,MQY,TN,ASO,ES,Federal Contract Tower,0,6,32,0,38,0,3,24,7,34,0,9,56,7,72,80,28,108,180
06/08/2022,MQY,TN,ASO,ES,Federal Contract Tower,0,7,37,0,44,0,8,37,0,45,0,15,74,0,89,144,0,144,233
06/09/2022,MQY,TN,ASO,ES,Federal Contract Tower,0,20,59,1,80,0,57,154,14,225,0,77,213,15,305,282,0,282,587
06/10/2022,MQY,TN,ASO,ES,Federal Contract Tower,0,18,32,1,51,0,11,142,1,154,0,29,174,2,205,200,0,200,405
06/11/2022,MQY,TN,ASO,ES,Federal Contract Tower,2,12,41,0,55,0,35,181,5,221,2,47,222,5,276,90,0,90,366
06/12/2022,MQY,TN,ASO,ES,Federal Contract Tower,1,24,37,1,63,0,6,89,0,95,1,30,126,1,158,96,0,96,254
06/13/2022,MQY,TN,ASO,ES,Federal Contract Tower,1,19,63,0,83,0,9,118,0,127,1,28,181,0,210,128,0,128,338
06/14/2022,MQY,TN,ASO,ES,Federal Contract Tower,2,16,43,4,65,0,28,136,1,165,2,44,179,5,230,240,0,240,470
06/15/2022,MQY,TN,ASO,ES,Federal Contract Tower,1,6,49,8,64,0,8,150,2,160,1,14,199,10,224,280,0,280,504
06/16/2022,MQY,TN,ASO,ES,Federal Contract Tower,0,16,48,2,66,0,17,130,10,157,0,33,178,12,223,248,14,262,485
06/17/2022,MQY,TN,ASO,ES,Federal Contract Tower,1,20,50,0,71,0,8,84,2,94,1,28,134,2,165,140,2,142,307
06/18/2022,MQY,TN,ASO,ES,Federal Contract Tower,0,16,25,0,41,0,14,76,1,91,0,30,101,1,132,72,0,72,204
06/19/2022,MQY,TN,ASO,ES,Federal Contract Tower,0,8,42,0,50,0,7,64,0,71,0,15,106,0,121,88,0,88,209
06/20/2022,MQY,TN,ASO,ES,Federal Contract Tower,2,24,51,0,77,0,6,116,0,122,2,30,167,0,199,224,0,224,423
06/21/2022,MQY,TN,ASO,ES,Federal Contract Tower,0,25,46,0,71,0,27,120,0,147,0,52,166,0,218,238,0,238,456
06/22/2022,MQY,TN,ASO,ES,Federal Contract Tower,0,35,36,5,76,0,9,149,0,158,0,44,185,5,234,242,0,242,476
06/23/2022,MQY,TN,ASO,ES,Federal Contract Tower,1,55,68,0,124,0,36,155,15,206,1,91,223,15,330,242,18,260,590
06/24/2022,MQY,TN,ASO,ES,Federal Contract Tower,0,45,73,4,122,0,32,160,14,206,0,77,233,18,328,122,22,144,472
06/25/2022,MQY,TN,ASO,ES,Federal Contract Tower,0,16,49,1,66,0,12,125,8,145,0,28,174,9,211,106,0,106,317
06/26/2022,MQY,TN,ASO,ES,Federal Contract Tower,0,35,64,2,101,0,2,68,3,73,0,37,132,5,174,154,0,154,328
06/27/2022,MQY,TN,ASO,ES,Federal Contract Tower,0,46,59,8,113,0,13,125,9,147,0,59,184,17,260,140,14,154,414
06/28/2022,MQY,TN,ASO,ES,Federal Contract Tower,0,34,54,5,93,0,22,162,4,188,0,56,216,9,281,222,0,222,503
06/29/2022,MQY,TN,ASO,ES,Federal Contract Tower,0,38,62,2,102,0,25,173,13,211,0,63,235,15,313,234,0,234,547
06/30/2022,MQY,TN,ASO,ES,Federal Contract Tower,0,22,46,1,69,0,25,112,19,156,0,47,158,20,225,200,4,204,429
07/01/2022,MQY,TN,ASO,ES,Federal Contract Tower,0,16,65,2,83,0,32,130,3,165,0,48,195,5,248,166,0,166,414
07/02/2022,MQY,TN,ASO,ES,Federal Contract Tower,0,11,17,3,31,0,10,69,0,79,0,21,86,3,110,112,0,112,222
07/03/2022,MQY,TN,ASO,ES,Federal Contract Tower,0,5,11,0,16,0,3,21,0,24,0,8,32,0,40,50,0,50,90
07/04/2022,MQY,TN,ASO,ES,Federal Contract Tower,0,0,9,0,9,0,0,34,2,36,0,0,43,2,45,144,0,144,189
07/05/2022,MQY,TN,ASO,ES,Federal Contract Tower,0,10,47,1,58,0,32,82,0,114,0,42,129,1,172,180,0,180,352
07/06/2022,MQY,TN,ASO,ES,Federal Contract Tower,0,7,51,1,59,0,1,76,0,77,0,8,127,1,136,104,0,104,240
07/07/2022,MQY,TN,ASO,ES,Federal Contract Tower,0,14,49,0,63,0,4,74,1,79,0,18,123,1,142,114,0,114,256
07/08/2022,MQY,TN,ASO,ES,Federal Contract Tower,0,21,43,0,64,0,17,106,4,127,0,38,149,4,191,102,0,102,293
07/09/2022,MQY,TN,ASO,ES,Federal Contract Tower,0,7,27,0,34,0,0,12,0,12,0,7,39,0,46,14,0,14,60
07/10/2022,MQY,TN,ASO,ES,Federal Contract Tower,0,13,62,0,75,0,8,50,0,58,0,21,112,0,133,58,0,58,191
07/11/2022,MQY,TN,ASO,ES,Federal Contract Tower,0,30,56,0,86,0,33,141,1,175,0,63,197,1,261,298,0,298,559
07/12/2022,MQY,TN,ASO,ES,Federal Contract Tower,1,16,45,0,62,0,34,107,0,141,1,50,152,0,203,114,0,114,317
07/13/2022,MQY,TN,ASO,ES,Federal Contract Tower,2,13,52,0,67,0,4,89,0,93,2,17,141,0,160,206,0,206,366
07/14/2022,MQY,TN,ASO,ES,Federal Contract Tower,0,20,49,0,69,0,3,133,10,146,0,23,182,10,215,200,10,210,425
07/15/2022,MQY,TN,ASO,ES,Federal Contract Tower,0,22,49,4,75,0,28,137,7,172,0,50,186,11,247,168,6,174,421
07/16/2022,MQY,TN,ASO,ES,Federal Contract Tower,0,18,38,0,56,0,27,137,2,166,0,45,175,2,222,94,0,94,316
07/17/2022,MQY,TN,ASO,ES,Federal Contract Tower,2,7,40,5,54,0,4,51,0,55,2,11,91,5,109,104,0,104,213
07/18/2022,MQY,TN,ASO,ES,Federal Contract Tower,0,3,38,1,42,0,2,18,2,22,0,5,56,3,64,126,0,126,190
07/19/2022,MQY,TN,ASO,ES,Federal Contract Tower,0,7,65,1,73,0,2,118,5,125,0,9,183,6,198,248,0,248,446
07/20/2022,MQY,TN,ASO,ES,Federal Contract Tower,0,8,63,1,72,0,4,175,4,183,0,12,238,5,255,240,0,240,495
07/21/2022,MQY,TN,ASO,ES,Federal Contract Tower,0,8,69,2,79,0,4,133,2,139,0,12,202,4,218,234,0,234,452
07/22/2022,MQY,TN,ASO,ES,Federal Contract Tower,0,8,57,0,65,0,5,129,2,136,0,13,186,2,201,252,0,252,453
07/23/2022,MQY,TN,ASO,ES,Federal Contract Tower,0,3,32,1,36,0,7,124,2,133,0,10,156,3,169,178,0,178,347
07/24/2022,MQY,TN,ASO,ES,Federal Contract Tower,0,7,34,0,41,0,18,68,1,87,0,25,102,1,128,192,2,194,322
07/25/2022,MQY,TN,ASO,ES,Federal Contract Tower,0,16,38,1,55,0,11,62,3,76,0,27,100,4,131,210,0,210,341
07/26/2022,MQY,TN,ASO,ES,Federal Contract Tower,0,20,41,3,64,0,7,83,1,91,0,27,124,4,155,210,0,210,365
07/27/2022,MQY,TN,ASO,ES,Federal Contract Tower,2,22,58,1,83,0,31,157,0,188,2,53,215,1,271,280,0,280,551
07/28/2022,MQY,TN,ASO,ES,Federal Contract Tower,2,8,34,1,45,0,16,63,4,83,2,24,97,5,128,136,0,136,264
07/29/2022,MQY,TN,ASO,ES,Federal Contract Tower,2,11,38,1,52,3,22,4,0,29,5,33,42,1,81,110,12,122,203
07/30/2022,MQY,TN,ASO,ES,Federal Contract Tower,2,6,49,0,57,0,2,92,1,95,2,8,141,1,152,200,0,200,352
07/31/2022,MQY,TN,ASO,ES,Federal Contract Tower,2,5,30,13,50,0,0,15,0,15,2,5,45,13,65,22,0,22,87
08/01/2022,MQY,TN,ASO,ES,Federal Contract Tower,0,16,59,5,80,0,7,72,1,80,0,23,131,6,160,286,0,286,446
08/02/2022,MQY,TN,ASO,ES,Federal Contract Tower,1,28,40,0,69,0,9,156,5,170,1,37,196,5,239,292,10,302,541
08/03/2022,MQY,TN,ASO,ES,Federal Contract Tower,6,11,69,0,86,0,26,155,0,181,6,37,224,0,267,250,0,250,517
08/04/2022,MQY,TN,ASO,ES,Federal Contract Tower,0,25,53,2,80,0,4,116,5,125,0,29,169,7,205,244,0,244,449
08/05/2022,MQY,TN,ASO,ES,Federal Contract Tower,4,19,48,3,74,0,9,108,15,132,4,28,156,18,206,218,0,218,424
08/06/2022,MQY,TN,ASO,ES,Federal Contract Tower,2,5,23,4,34,0,6,71,13,90,2,11,94,17,124,78,0,78,202
08/07/2022,MQY,TN,ASO,ES,Federal Contract Tower,0,10,40,1,51,0,4,75,6,85,0,14,115,7,136,154,0,154,290
08/08/2022,MQY,TN,ASO,ES,Federal Contract Tower,0,22,51,6,79,0,11,116,12,139,0,33,167,18,218,172,0,172,390
08/09/2022,MQY,TN,ASO,ES,Federal Contract Tower,0,17,39,0,56,0,4,98,1,103,0,21,137,1,159,116,0,116,275
08/10/2022,MQY,TN,ASO,ES,Federal Contract Tower,0,15,34,0,49,0,24,60,0,84,0,39,94,0,133,142,0,142,275
08/11/2022,MQY,TN,ASO,ES,Federal Contract Tower,0,12,62,2,76,0,3,62,0,65,0,15,124,2,141,178,0,178,319
08/12/2022,MQY,TN,ASO,ES,Federal Contract Tower,0,33,51,10,94,0,31,151,4,186,0,64,202,14,280,320,0,320,600
08/13/2022,MQY,TN,ASO,ES,Federal Contract Tower,0,21,33,0,54,0,6,119,0,125,0,27,152,0,179,212,0,212,391
08/14/2022,MQY,TN,ASO,ES,Federal Contract Tower,0,5,28,2,35,0,45,106,1,152,0,50,134,3,187,170,0,170,357
08/15/2022,MQY,TN,ASO,ES,Federal Contract Tower,0,10,55,4,69,0,3,161,0,164,0,13,216,4,233,230,0,230,463
08/16/2022,MQY,TN,ASO,ES,Federal Contract Tower,0,9,65,0,74,0,23,138,9,170,0,32,203,9,244,340,0,340,584
08/17/2022,MQY,TN,ASO,ES,Federal Contract Tower,0,18,55,17,90,0,4,124,10,138,0,22,179,27,228,224,0,224,452
08/18/2022,MQY,TN,ASO,ES,Federal Contract Tower,2,12,43,0,57,0,55,177,6,238,2,67,220,6,295,302,4,306,601
08/19/2022,MQY,TN,ASO,ES,Federal Contract Tower,3,8,56,7,74,0,26,147,7,180,3,34,203,14,254,218,0,218,472
08/20/2022,MQY,TN,ASO,ES,Federal Contract Tower,2,4,16,1,23,0,2,9,0,11,2,6,25,1,34,40,0,40,74
08/21/2022,MQY,TN,ASO,ES,Federal Contract Tower,2,6,22,5,35,0,31,13,6,50,2,37,35,11,85,74,0,74,159
08/22/2022,MQY,TN,ASO,ES,Federal Contract Tower,0,14,65,0,79,0,3,113,0,116,0,17,178,0,195,234,0,234,429
08/23/2022,MQY,TN,ASO,ES,Federal Contract Tower,0,16,62,0,78,0,9,164,0,173,0,25,226,0,251,352,0,352,603
08/24/2022,MQY,TN,ASO,ES,Federal Contract Tower,0,26,47,2,75,0,44,148,5,197,0,70,195,7,272,368,0,368,640
08/25/2022,MQY,TN,ASO,ES,Federal Contract Tower,0,16,58,0,74,0,19,185,1,205,0,35,243,1,279,338,0,338,617
08/26/2022,MQY,TN,ASO,ES,Federal Contract Tower,0,16,50,4,70,0,8,112,0,120,0,24,162,4,190,228,0,228,418
08/27/2022,MQY,TN,ASO,ES,Federal Contract Tower,0,6,29,2,37,0,38,163,2,203,0,44,192,4,240,264,0,264,504
08/28/2022,MQY,TN,ASO,ES,Federal Contract Tower,0,6,43,9,58,0,22,104,6,132,0,28,147,15,190,194,0,194,384
08/29/2022,MQY,TN,ASO,ES,Federal Contract Tower,1,14,38,0,53,0,11,102,2,115,1,25,140,2,168,246,0,246,414
08/30/2022,MQY,TN,ASO,ES,Federal Contract Tower,0,10,58,2,70,0,23,113,0,136,0,33,171,2,206,222,0,222,428
08/31/2022,MQY,TN,ASO,ES,Federal Contract Tower,3,16,63,14,96,0,24,161,0,185,3,40,224,14,281,224,0,224,505
09/01/2022,MQY,TN,ASO,ES,Federal Contract Tower,1,15,53,0,69,0,6,151,4,161,1,21,204,4,230,264,0,264,494
09/02/2022,MQY,TN,ASO,ES,Federal Contract Tower,2,6,39,3,50,0,6,110,2,118,2,12,149,5,168,132,0,132,300
09/03/2022,MQY,TN,ASO,ES,Federal Contract Tower,0,13,20,0,33,0,3,67,4,74,0,16,87,4,107,106,0,106,213
09/04/2022,MQY,TN,ASO,ES,Federal Contract Tower,0,2,13,0,15,0,0,43,0,43,0,2,56,0,58,120,0,120,178
09/05/2022,MQY,TN,ASO,ES,Federal Contract Tower,0,8,56,0,64,0,0,39,0,39,0,8,95,0,103,106,0,106,209
09/06/2022,MQY,TN,ASO,ES,Federal Contract Tower,0,11,37,0,48,0,5,73,4,82,0,16,110,4,130,174,0,174,304
09/07/2022,MQY,TN,ASO,ES,Federal Contract Tower,1,18,78,4,101,0,40,76,1,117,1,58,154,5,218,82,0,82,300
09/08/2022,MQY,TN,ASO,ES,Federal Contract Tower,0,13,68,4,85,0,57,195,2,254,0,70,263,6,339,254,0,254,593
09/09/2022,MQY,TN,ASO,ES,Federal Contract Tower,2,20,45,2,69,0,24,172,0,196,2,44,217,2,265,230,0,230,495
09/10/2022,MQY,TN,ASO,ES,Federal Contract Tower,0,10,35,1,46,0,1,13,1,15,0,11,48,2,61,32,0,32,93
09/11/2022,MQY,TN,ASO,ES,Federal Contract Tower,0,11,18,0,29,0,0,2,0,2,0,11,20,0,31,0,0,0,31
09/12/2022,MQY,TN,ASO,ES,Federal Contract Tower,0,15,57,2,74,0,45,144,0,189,0,60,201,2,263,200,0,200,463
09/13/2022,MQY,TN,ASO,ES,Federal Contract Tower,0,17,65,0,82,0,27,140,2,169,0,44,205,2,251,212,0,212,463
09/14/2022,MQY,TN,ASO,ES,Federal Contract Tower,0,30,50,3,83,0,71,140,6,217,0,101,190,9,300,210,16,226,526
09/15/2022,MQY,TN,ASO,ES,Federal Contract Tower,0,14,50,0,64,0,69,161,10,240,0,83,211,10,304,222,0,222,526
09/16/2022,MQY,TN,ASO,ES,Federal Contract Tower,0,11,45,4,60,0,30,152,3,185,0,41,197,7,245,264,0,264,509
09/17/2022,MQY,TN,ASO,ES,Federal Contract Tower,0,11,28,0,39,0,16,148,3,167,0,27,176,3,206,316,0,316,522
09/18/2022,MQY,TN,ASO,ES,Federal Contract Tower,0,29,43,3,75,0,12,131,2,145,0,41,174,5,220,230,0,230,450
09/19/2022,MQY,TN,ASO,ES,Federal Contract Tower,2,17,61,1,81,0,28,163,2,193,2,45,224,3,274,270,0,270,544
09/20/2022,MQY,TN,ASO,ES,Federal Contract Tower,2,14,76,0,92,0,53,156,0,209,2,67,232,0,301,210,0,210,511
09/21/2022,MQY,TN,ASO,ES,Federal Contract Tower,0,14,105,0,119,0,11,112,0,123,0,25,217,0,242,60,0,60,302
09/22/2022,MQY,TN,ASO,ES,Federal Contract Tower,1,12,68,1,82,0,6,113,8,127,1,18,181,9,209,138,12,150,359
09/23/2022,MQY,TN,ASO,ES,Federal Contract Tower,2,17,116,0,135,0,78,138,3,219,2,95,254,3,354,236,0,236,590
09/24/2022,MQY,TN,ASO,ES,Federal Contract Tower,0,11,83,1,95,0,3,116,2,121,0,14,199,3,216,198,0,198,414
09/25/2022,MQY,TN,ASO,ES,Federal Contract Tower,1,7,90,0,98,0,2,49,1,52,1,9,139,1,150,186,0,186,336
09/26/2022,MQY,TN,ASO,ES,Federal Contract Tower,3,19,56,0,78,0,34,103,1,138,3,53,159,1,216,274,4,278,494
09/27/2022,MQY,TN,ASO,ES,Federal Contract Tower,1,20,45,1,67,0,56,134,0,190,1,76,179,1,257,204,0,204,461
09/28/2022,MQY,TN,ASO,ES,Federal Contract Tower,0,27,55,8,90,0,79,113,3,195,0,106,168,11,285,172,0,172,457
09/29/2022,MQY,TN,ASO,ES,Federal Contract Tower,0,23,35,0,58,0,43,135,5,183,0,66,170,5,241,240,24,264,505
09/30/2022,MQY,TN,ASO,ES,Federal Contract Tower,1,21,53,1,76,0,61,121,1,183,1,82,174,2,259,310,0,310,569
10/01/2022,MQY,TN,ASO,ES,Federal Contract Tower,0,26,35,0,61,0,51,124,0,175,0,77,159,0,236,206,0,206,442
10/02/2022,MQY,TN,ASO,ES,Federal Contract Tower,0,31,40,0,71,0,10,76,0,86,0,41,116,0,157,144,0,144,301
10/03/2022,MQY,TN,ASO,ES,Federal Contract Tower,0,30,41,1,72,0,7,121,1,129,0,37,162,2,201,170,0,170,371
10/04/2022,MQY,TN,ASO,ES,Federal Contract Tower,0,46,56,5,107,0,61,144,1,206,0,107,200,6,313,232,4,236,549
10/05/2022,MQY,TN,ASO,ES,Federal Contract Tower,2,52,52,2,108,0,27,159,0,186,2,79,211,2,294,256,0,256,550
10/06/2022,MQY,TN,ASO,ES,Federal Contract Tower,1,25,34,2,62,0,51,165,1,217,1,76,199,3,279,280,0,280,559
10/07/2022,MQY,TN,ASO,ES,Federal Contract Tower,0,15,43,2,60,0,56,124,3,183,0,71,167,5,243,234,0,234,477
10/08/2022,MQY,TN,ASO,ES,Federal Contract Tower,1,12,46,0,59,0,4,115,0,119,1,16,161,0,178,38,0,38,216
10/09/2022,MQY,TN,ASO,ES,Federal Contract Tower,0,18,43,0,61,0,24,72,0,96,0,42,115,0,157,84,0,84,241
10/10/2022,MQY,TN,ASO,ES,Federal Contract Tower,1,31,62,0,94,0,13,120,1,134,1,44,182,1,228,292,0,292,520
10/11/2022,MQY,TN,ASO,ES,Federal Contract Tower,3,37,64,0,104,0,52,108,0,160,3,89,172,0,264,182,0,182,446
10/12/2022,MQY,TN,ASO,ES,Federal Contract Tower,0,21,27,0,48,0,7,58,0,65,0,28,85,0,113,68,0,68,181
10/13/2022,MQY,TN,ASO,ES,Federal Contract Tower,1,30,60,0,91,0,40,129,8,177,1,70,189,8,268,154,10,164,432
10/14/2022,MQY,TN,ASO,ES,Federal Contract Tower,2,50,51,5,108,0,33,126,5,164,2,83,177,10,272,160,0,160,432
10/15/2022,MQY,TN,ASO,ES,Federal Contract Tower,1,10,46,0,57,0,4,118,3,125,1,14,164,3,182,144,10,154,336
10/16/2022,MQY,TN,ASO,ES,Federal Contract Tower,0,18,42,9,69,0,11,40,0,51,0,29,82,9,120,106,0,106,226
10/17/2022,MQY,TN,ASO,ES,Federal Contract Tower,1,47,61,0,109,0,5,129,3,137,1,52,190,3,246,324,0,324,570
10/18/2022,MQY,TN,ASO,ES,Federal Contract Tower,1,39,39,2,81,0,38,112,0,150,1,77,151,2,231,286,0,286,517
10/19/2022,MQY,TN,ASO,ES,Federal Contract Tower,1,45,65,2,113,0,23,141,0,164,1,68,206,2,277,206,0,206,483
10/20/2022,MQY,TN,ASO,ES,Federal Contract Tower,2,48,41,0,91,0,16,151,7,174,2,64,192,7,265,306,14,320,585
10/21/2022,MQY,TN,ASO,ES,Federal Contract Tower,0,49,47,0,96,0,60,166,2,228,0,109,213,2,324,284,0,284,608
10/22/2022,MQY,TN,ASO,ES,Federal Contract Tower,2,16,30,0,48,0,24,129,2,155,2,40,159,2,203,156,0,156,359
10/23/2022,MQY,TN,ASO,ES,Federal Contract Tower,1,16,32,1,50,0,6,113,2,121,1,22,145,3,171,180,0,180,351
10/24/2022,MQY,TN,ASO,ES,Federal Contract Tower,0,35,50,2,87,0,14,132,4,150,0,49,182,6,237,270,10,280,517
10/25/2022,MQY,TN,ASO,ES,Federal Contract Tower,0,9,18,2,29,0,3,17,0,20,0,12,35,2,49,32,0,32,81
10/26/2022,MQY,TN,ASO,ES,Federal Contract Tower,1,37,77,0,115,0,51,106,0,157,1,88,183,0,272,286,0,286,558
10/27/2022,MQY,TN,ASO,ES,Federal Contract Tower,0,3,35,50,88,0,23,144,1,168,0,26,179,51,256,226,0,226,482
10/28/2022,MQY,TN,ASO,ES,Federal Contract Tower,3,43,53,2,101,0,59,172,0,231,3,102,225,2,332,266,0,266,598
10/29/2022,MQY,TN,ASO,ES,Federal Contract Tower,0,13,18,0,31,0,5,138,0,143,0,18,156,0,174,120,0,120,294
10/30/2022,MQY,TN,ASO,ES,Federal Contract Tower,0,15,34,0,49,0,1,5,0,6,0,16,39,0,55,6,0,6,61
10/31/2022,MQY,TN,ASO,ES,Federal Contract Tower,0,19,74,0,93,0,5,63,0,68,0,24,137,0,161,298,0,298,459
11/01/2022,MQY,TN,ASO,ES,Federal Contract Tower,0,20,61,0,81,0,51,163,1,215,0,71,224,1,296,216,0,216,512
11/02/2022,MQY,TN,ASO,ES,Federal Contract Tower,0,31,49,0,80,0,37,142,8,187,0,68,191,8,267,160,0,160,427
11/03/2022,MQY,TN,ASO,ES,Federal Contract Tower,1,12,48,1,62,0,51,140,5,196,1,63,188,6,258,266,0,266,524
11/04/2022,MQY,TN,ASO,ES,Federal Contract Tower,3,24,50,1,78,0,20,132,6,158,3,44,182,7,236,248,0,248,484
11/05/2022,MQY,TN,ASO,ES,Federal Contract Tower,1,9,17,0,27,0,0,1,0,1,1,9,18,0,28,0,0,0,28
11/06/2022,MQY,TN,ASO,ES,Federal Contract Tower,0,8,49,0,57,0,2,4,1,7,0,10,53,1,64,36,0,36,100
11/07/2022,MQY,TN,ASO,ES,Federal Contract Tower,1,31,56,6,94,0,20,66,0,86,1,51,122,6,180,160,0,160,340
11/08/2022,MQY,TN,ASO,ES,Federal Contract Tower,0,32,61,5,98,0,34,131,10,175,0,66,192,15,273,264,20,284,557
11/09/2022,MQY,TN,ASO,ES,Federal Contract Tower,0,2,13,60,75,0,28,152,2,182,0,30,165,62,257,210,0,210,467
11/10/2022,MQY,TN,ASO,ES,Federal Contract Tower,0,16,44,3,63,0,24,139,9,172,0,40,183,12,235,222,32,254,489
11/11/2022,MQY,TN,ASO,ES,Federal Contract Tower,2,12,36,0,50,0,0,0,0,0,2,12,36,0,50,148,0,148,198
11/12/2022,MQY,TN,ASO,ES,Federal Contract Tower,0,2,12,0,14,0,0,0,1,1,0,2,12,1,15,0,0,0,15
11/13/2022,MQY,TN,ASO,ES,Federal Contract Tower,1,9,37,0,47,0,2,92,2,96,1,11,129,2,143,216,0,216,359
11/14/2022,MQY,TN,ASO,ES,Federal Contract Tower,0,14,54,2,70,0,5,120,0,125,0,19,174,2,195,158,0,158,353
11/15/2022,MQY,TN,ASO,ES,Federal Contract Tower,0,19,42,2,63,0,2,3,0,5,0,21,45,2,68,28,0,28,96
11/16/2022,MQY,TN,ASO,ES,Federal Contract Tower,4,19,52,2,77,0,26,142,3,171,4,45,194,5,248,272,2,274,522
11/17/2022,MQY,TN,ASO,ES,Federal Contract Tower,3,15,49,1,68,0,5,152,6,163,3,20,201,7,231,284,16,300,531
11/18/2022,MQY,TN,ASO,ES,Federal Contract Tower,4,11,75,0,90,0,7,132,12,151,4,18,207,12,241,170,14,184,425
11/19/2022,MQY,TN,ASO,ES,Federal Contract Tower,0,5,17,0,22,0,7,128,2,137,0,12,145,2,159,140,0,140,299
11/20/2022,MQY,TN,ASO,ES,Federal Contract Tower,0,7,33,0,40,0,3,81,2,86,0,10,114,2,126,226,0,226,352
11/21/2022,MQY,TN,ASO,ES,Federal Contract Tower,0,13,61,0,74,0,21,109,0,130,0,34,170,0,204,226,0,226,430
11/22/2022,MQY,TN,ASO,ES,Federal Contract Tower,0,8,43,0,51,0,2,109,3,114,0,10,152,3,165,234,0,234,399
11/23/2022,MQY,TN,ASO,ES,Federal Contract Tower,0,10,41,0,51,0,10,125,0,135,0,20,166,0,186,224,0,224,410
11/24/2022,MQY,TN,ASO,ES,Federal Contract Tower,0,5,1,0,6,0,2,11,0,13,0,7,12,0,19,0,0,0,19
11/25/2022,MQY,TN,ASO,ES,Federal Contract Tower,3,2,19,0,24,0,4,31,0,35,3,6,50,0,59,120,0,120,179
11/26/2022,MQY,TN,ASO,ES,Federal Contract Tower,0,10,32,1,43,0,6,55,1,62,0,16,87,2,105,102,0,102,207
11/27/2022,MQY,TN,ASO,ES,Federal Contract Tower,0,6,25,0,31,0,3,2,2,7,0,9,27,2,38,6,0,6,44
11/28/2022,MQY,TN,ASO,ES,Federal Contract Tower,0,8,63,3,74,0,6,85,3,94,0,14,148,6,168,326,0,326,494
11/29/2022,MQY,TN,ASO,ES,Federal Contract Tower,0,6,34,2,42,0,4,61,0,65,0,10,95,2,107,68,0,68,175
11/30/2022,MQY,TN,ASO,ES,Federal Contract Tower,1,16,68,2,87,0,10,108,0,118,1,26,176,2,205,138,2,140,345
12/01/2022,MQY,TN,ASO,ES,Federal Contract Tower,0,8,43,8,59,0,18,138,10,166,0,26,181,18,225,176,0,176,401
12/02/2022,MQY,TN,ASO,ES,Federal Contract Tower,2,7,46,0,55,0,4,114,0,118,2,11,160,0,173,142,0,142,315
12/03/2022,MQY,TN,ASO,ES,Federal Contract Tower,2,10,14,0,26,0,20,36,0,56,2,30,50,0,82,210,0,210,292
12/04/2022,MQY,TN,ASO,ES,Federal Contract Tower,0,7,32,0,39,0,39,97,3,139,0,46,129,3,178,206,0,206,384
12/05/2022,MQY,TN,ASO,ES,Federal Contract Tower,0,10,23,2,35,0,0,3,0,3,0,10,26,2,38,6,0,6,44
12/06/2022,MQY,TN,ASO,ES,Federal Contract Tower,0,22,30,0,52,0,0,3,1,4,0,22,33,1,56,0,0,0,56
12/07/2022,MQY,TN,ASO,ES,Federal Contract Tower,0,9,32,0,41,0,0,0,0,0,0,9,32,0,41,0,0,0,41
12/08/2022,MQY,TN,ASO,ES,Federal Contract Tower,0,14,28,0,42,0,0,0,0,0,0,14,28,0,42,0,0,0,42
12/09/2022,MQY,TN,ASO,ES,Federal Contract Tower,0,5,33,0,38,0,0,0,0,0,0,5,33,0,38,0,0,0,38
12/10/2022,MQY,TN,ASO,ES,Federal Contract Tower,0,2,36,0,38,0,0,7,0,7,0,2,43,0,45,18,0,18,63
12/11/2022,MQY,TN,ASO,ES,Federal Contract Tower,0,5,26,5,36,0,0,1,0,1,0,5,27,5,37,0,0,0,37
12/12/2022,MQY,TN,ASO,ES,Federal Contract Tower,0,16,83,0,99,0,9,97,0,106,0,25,180,0,205,176,0,176,381
12/13/2022,MQY,TN,ASO,ES,Federal Contract Tower,0,16,52,3,71,0,5,108,7,120,0,21,160,10,191,202,18,220,411
12/14/2022,MQY,TN,ASO,ES,Federal Contract Tower,0,7,33,0,40,0,0,0,0,0,0,7,33,0,40,0,0,0,40
12/15/2022,MQY,TN,ASO,ES,Federal Contract Tower,0,17,51,1,69,0,0,185,11,196,0,17,236,12,265,276,28,304,569
12/16/2022,MQY,TN,ASO,ES,Federal Contract Tower,1,21,46,2,70,0,6,159,0,165,1,27,205,2,235,184,0,184,419
12/17/2022,MQY,TN,ASO,ES,Federal Contract Tower,0,13,30,0,43,0,11,107,9,127,0,24,137,9,170,82,0,82,252
12/18/2022,MQY,TN,ASO,ES,Federal Contract Tower,2,11,35,2,50,0,6,108,3,117,2,17,143,5,167,140,10,150,317
12/19/2022,MQY,TN,ASO,ES,Federal Contract Tower,0,6,56,2,64,0,5,87,0,92,0,11,143,2,156,118,0,118,274
12/20/2022,MQY,TN,ASO,ES,Federal Contract Tower,0,10,45,1,56,0,9,106,1,116,0,19,151,2,172,116,0,116,288
12/21/2022,MQY,TN,ASO,ES,Federal Contract Tower,1,9,47,4,61,0,2,87,7,96,1,11,134,11,157,126,22,148,305
12/22/2022,MQY,TN,ASO,ES,Federal Contract Tower,0,15,31,0,46,0,0,6,0,6,0,15,37,0,52,14,0,14,66
12/23/2022,MQY,TN,ASO,ES,Federal Contract Tower,0,3,5,0,8,0,0,1,0,1,0,3,6,0,9,2,0,2,11
12/24/2022,MQY,TN,ASO,ES,Federal Contract Tower,0,1,3,0,4,0,2,7,0,9,0,3,10,0,13,8,0,8,21
12/25/2022,MQY,TN,ASO,ES,Federal Contract Tower,0,6,4,0,10,0,0,1,0,1,0,6,5,0,11,0,0,0,11
12/26/2022,MQY,TN,ASO,ES,Federal Contract Tower,0,3,15,0,18,0,0,6,0,6,0,3,21,0,24,12,0,12,36
12/27/2022,MQY,TN,ASO,ES,Federal Contract Tower,0,4,47,2,53,0,2,89,0,91,0,6,136,2,144,134,0,134,278
12/28/2022,MQY,TN,ASO,ES,Federal Contract Tower,0,9,27,0,36,0,7,59,1,67,0,16,86,1,103,54,0,54,157
12/29/2022,MQY,TN,ASO,ES,Federal Contract Tower,0,8,37,0,45,0,8,45,0,53,0,16,82,0,98,30,0,30,128
12/30/2022,MQY,TN,ASO,ES,Federal Contract Tower,0,6,35,0,41,0,2,38,0,40,0,8,73,0,81,80,0,80,161
12/31/2022,MQY,TN,ASO,ES,Federal Contract Tower,0,3,7,0,10,0,3,14,1,18,0,6,21,1,28,44,0,44,72
01/01/2023,MQY,TN,ASO,ES,Federal Contract Tower,0,2,12,0,14,0,2,46,0,48,0,4,58,0,62,4,0,4,66
01/02/2023,MQY,TN,ASO,ES,Federal Contract Tower,0,2,52,0,54,0,1,83,1,85,0,3,135,1,139,282,0,282,421
01/03/2023,MQY,TN,ASO,ES,Federal Contract Tower,0,4,13,0,17,0,0,3,0,3,0,4,16,0,20,0,0,0,20
01/04/2023,MQY,TN,ASO,ES,Federal Contract Tower,0,17,31,1,49,0,3,133,0,136,0,20,164,1,185,224,0,224,409
01/05/2023,MQY,TN,ASO,ES,Federal Contract Tower,0,2,32,0,34,0,2,100,4,106,0,4,132,4,140,118,0,118,258
01/06/2023,MQY,TN,ASO,ES,Federal Contract Tower,0,6,39,0,45,0,6,143,0,149,0,12,182,0,194,254,0,254,448
01/07/2023,MQY,TN,ASO,ES,Federal Contract Tower,0,4,16,0,20,0,0,18,0,18,0,4,34,0,38,52,0,52,90
01/08/2023,MQY,TN,ASO,ES,Federal Contract Tower,0,1,10,0,11,0,0,0,0,0,0,1,10,0,11,6,0,6,17
01/09/2023,MQY,TN,ASO,ES,Federal Contract Tower,0,7,65,0,72,0,5,154,1,160,0,12,219,1,232,278,4,282,514
01/10/2023,MQY,TN,ASO,ES,Federal Contract Tower,0,8,51,0,59,0,4,173,8,185,0,12,224,8,244,210,22,232,476
01/11/2023,MQY,TN,ASO,ES,Federal Contract Tower,0,14,57,2,73,0,6,29,0,35,0,20,86,2,108,76,0,76,184
01/12/2023,MQY,TN,ASO,ES,Federal Contract Tower,0,6,11,0,17,0,0,4,0,4,0,6,15,0,21,10,0,10,31
01/13/2023,MQY,TN,ASO,ES,Federal Contract Tower,0,5,18,0,23,0,1,0,0,1,0,6,18,0,24,0,0,0,24
01/14/2023,MQY,TN,ASO,ES,Federal Contract Tower,0,9,19,0,28,0,1,123,1,125,0,10,142,1,153,350,0,350,503
01/15/2023,MQY,TN,ASO,ES,Federal Contract Tower,0,5,34,0,39,0,0,102,1,103,0,5,136,1,142,272,0,272,414
01/16/2023,MQY,TN,ASO,ES,Federal Contract Tower,0,4,41,0,45,0,2,80,1,83,0,6,121,1,128,218,0,218,346
01/17/2023,MQY,TN,ASO,ES,Federal Contract Tower,0,5,59,0,64,0,1,77,2,80,0,6,136,2,144,244,0,244,388
01/18/2023,MQY,TN,ASO,ES,Federal Contract Tower,0,13,41,0,54,0,2,24,0,26,0,15,65,0,80,124,0,124,204
01/19/2023,MQY,TN,ASO,ES,Federal Contract Tower,0,8,41,1,50,0,11,58,1,70,0,19,99,2,120,118,0,118,238
01/20/2023,MQY,TN,ASO,ES,Federal Contract Tower,0,11,40,0,51,0,43,188,8,239,0,54,228,8,290,338,20,358,648
01/21/2023,MQY,TN,ASO,ES,Federal Contract Tower,0,10,26,0,36,0,5,235,0,240,0,15,261,0,276,222,0,222,498
01/22/2023,MQY,TN,ASO,ES,Federal Contract Tower,0,8,15,0,23,0,0,0,0,0,0,8,15,0,23,0,0,0,23
01/23/2023,MQY,TN,ASO,ES,Federal Contract Tower,0,9,29,0,38,0,18,132,1,151,0,27,161,1,189,398,0,398,587
01/24/2023,MQY,TN,ASO,ES,Federal Contract Tower,0,9,48,0,57,0,2,155,0,157,0,11,203,0,214,196,0,196,410
01/25/2023,MQY,TN,ASO,ES,Federal Contract Tower,0,8,22,0,30,0,0,4,0,4,0,8,26,0,34,0,0,0,34
01/26/2023,MQY,TN,ASO,ES,Federal Contract Tower,0,11,32,0,43,0,5,87,6,98,0,16,119,6,141,266,0,266,407
01/27/2023,MQY,TN,ASO,ES,Federal Contract Tower,0,10,49,2,61,0,4,163,1,168,0,14,212,3,229,300,0,300,529
01/28/2023,MQY,TN,ASO,ES,Federal Contract Tower,0,1,27,0,28,0,5,156,0,161,0,6,183,0,189,254,0,254,443
01/29/2023,MQY,TN,ASO,ES,Federal Contract Tower,0,1,21,0,22,0,0,0,0,0,0,1,21,0,22,0,0,0,22
01/30/2023,MQY,TN,ASO,ES,Federal Contract Tower,0,7,37,0,44,0,0,0,0,0,0,7,37,0,44,0,0,0,44
01/31/2023,MQY,TN,ASO,ES,Federal Contract Tower,0,1,12,0,13,0,0,0,0,0,0,1,12,0,13,0,0,0,13
02/01/2023,MQY,TN,ASO,ES,Federal Contract Tower,0,3,26,0,29,0,0,0,0,0,0,3,26,0,29,0,0,0,29
02/02/2023,MQY,TN,ASO,ES,Federal Contract Tower,0,12,10,0,22,0,0,0,0,0,0,12,10,0,22,0,0,0,22
02/03/2023,MQY,TN,ASO,ES,Federal Contract Tower,0,12,54,1,67,0,11,137,0,148,0,23,191,1,215,258,0,258,473
02/04/2023,MQY,TN,ASO,ES,Federal Contract Tower,0,1,27,1,29,0,16,132,5,153,0,17,159,6,182,258,12,270,452
02/05/2023,MQY,TN,ASO,ES,Federal Contract Tower,0,5,27,0,32,0,4,84,6,94,0,9,111,6,126,122,0,122,248
02/06/2023,MQY,TN,ASO,ES,Federal Contract Tower,0,7,63,0,70,0,8,136,1,145,0,15,199,1,215,322,0,322,537
02/07/2023,MQY,TN,ASO,ES,Federal Contract Tower,0,15,52,0,67,0,11,143,5,159,0,26,195,5,226,274,0,274,500
02/08/2023,MQY,TN,ASO,ES,Federal Contract Tower,0,16,67,0,83,0,23,8,0,31,0,39,75,0,114,12,0,12,126
02/09/2023,MQY,TN,ASO,ES,Federal Contract Tower,2,7,28,0,37,0,23,31,0,54,2,30,59,0,91,50,0,50,141
02/10/2023,MQY,TN,ASO,ES,Federal Contract Tower,0,14,68,4,86,0,41,168,7,216,0,55,236,11,302,312,0,312,614
02/11/2023,MQY,TN,ASO,ES,Federal Contract Tower,0,8,35,1,44,0,33,114,0,147,0,41,149,1,191,214,0,214,405
02/12/2023,MQY,TN,ASO,ES,Federal Contract Tower,0,4,23,1,28,0,23,53,1,77,0,27,76,2,105,134,0,134,239
02/13/2023,MQY,TN,ASO,ES,Federal Contract Tower,0,4,41,5,50,0,28,144,4,176,0,32,185,9,226,310,0,310,536
02/14/2023,MQY,TN,ASO,ES,Federal Contract Tower,1,14,30,0,45,0,3,75,0,78,1,17,105,0,123,156,0,156,279
02/15/2023,MQY,TN,ASO,ES,Federal Contract Tower,1,11,63,1,76,0,3,72,1,76,1,14,135,2,152,200,0,200,352
02/16/2023,MQY,TN,ASO,ES,Federal Contract Tower,0,8,12,0,20,0,0,4,0,4,0,8,16,0,24,0,0,0,24
02/17/2023,MQY,TN,ASO,ES,Federal Contract Tower,0,3,21,0,24,0,27,69,0,96,0,30,90,0,120,280,0,280,400
02/18/2023,MQY,TN,ASO,ES,Federal Contract Tower,0,7,39,2,48,0,44,159,1,204,0,51,198,3,252,272,0,272,524
02/19/2023,MQY,TN,ASO,ES,Federal Contract Tower,0,2,17,0,19,0,24,88,1,113,0,26,105,1,132,94,0,94,226
02/20/2023,MQY,TN,ASO,ES,Federal Contract Tower,0,9,45,0,54,0,61,84,0,145,0,70,129,0,199,228,0,228,427
02/21/2023,MQY,TN,ASO,ES,Federal Contract Tower,0,5,52,0,57,0,32,141,4,177,0,37,193,4,234,258,12,270,504
02/22/2023,MQY,TN,ASO,ES,Federal Contract Tower,0,8,39,0,47,0,10,8,1,19,0,18,47,1,66,22,0,22,88
02/23/2023,MQY,TN,ASO,ES,Federal Contract Tower,0,5,59,0,64,0,86,154,0,240,0,91,213,0,304,296,0,296,600
02/24/2023,MQY,TN,ASO,ES,Federal Contract Tower,0,13,43,0,56,0,81,123,0,204,0,94,166,0,260,250,0,250,510
02/25/2023,MQY,TN,ASO,ES,Federal Contract Tower,0,4,25,0,29,0,0,3,0,3,0,4,28,0,32,0,0,0,32
02/26/2023,MQY,TN,ASO,ES,Federal Contract Tower,0,8,27,0,35,0,0,3,0,3,0,8,30,0,38,0,0,0,38
02/27/2023,MQY,TN,ASO,ES,Federal Contract Tower,0,5,23,0,28,0,20,6,0,26,0,25,29,0,54,12,0,12,66
02/28/2023,MQY,TN,ASO,ES,Federal Contract Tower,0,14,51,0,65,0,85,162,1,248,0,99,213,1,313,220,0,220,533
03/01/2023,MQY,TN,ASO,ES,Federal Contract Tower,0,18,63,0,81,0,82,144,2,228,0,100,207,2,309,160,0,160,469
03/02/2023,MQY,TN,ASO,ES,Federal Contract Tower,0,28,29,0,57,0,2,8,0,10,0,30,37,0,67,50,0,50,117
03/03/2023,MQY,TN,ASO,ES,Federal Contract Tower,0,8,8,0,16,0,2,1,0,3,0,10,9,0,19,4,0,4,23
03/04/2023,MQY,TN,ASO,ES,Federal Contract Tower,0,24,39,0,63,0,158,96,3,257,0,182,135,3,320,172,0,172,492
03/05/2023,MQY,TN,ASO,ES,Federal Contract Tower,0,8,36,0,44,0,155,115,2,272,0,163,151,2,316,154,0,154,470
03/06/2023,MQY,TN,ASO,ES,Federal Contract Tower,0,18,51,0,69,0,125,105,0,230,0,143,156,0,299,118,0,118,417
03/07/2023,MQY,TN,ASO,ES,Federal Contract Tower,0,24,51,2,77,0,162,150,0,312,0,186,201,2,389,280,0,280,669
03/08/2023,MQY,TN,ASO,ES,Federal Contract Tower,0,12,65,0,77,0,110,102,15,227,0,122,167,15,304,154,0,154,458
03/09/2023,MQY,TN,ASO,ES,Federal Contract Tower,0,20,55,1,76,0,93,57,0,150,0,113,112,1,226,126,0,126,352
03/10/2023,MQY,TN,ASO,ES,Federal Contract Tower,4,17,48,7,76,0,94,75,2,171,4,111,123,9,247,268,4,272,519
03/11/2023,MQY,TN,ASO,ES,Federal Contract Tower,0,10,19,0,29,0,100,120,4,224,0,110,139,4,253,256,0,256,509
03/12/2023,MQY,TN,ASO,ES,Federal Contract Tower,0,8,19,0,27,0,0,4,0,4,0,8,23,0,31,0,0,0,31
03/13/2023,MQY,TN,ASO,ES,Federal Contract Tower,0,22,36,9,67,0,177,109,0,286,0,199,145,9,353,254,6,260,613
03/14/2023,MQY,TN,ASO,ES,Federal Contract Tower,2,19,33,2,56,0,160,119,1,280,2,179,152,3,336,256,0,256,592
03/15/2023,MQY,TN,ASO,ES,Federal Contract Tower,0,25,50,0,75,0,180,154,0,334,0,205,204,0,409,264,0,264,673
03/16/2023,MQY,TN,ASO,ES,Federal Contract Tower,4,19,35,1,59,0,108,72,0,180,4,127,107,1,239,68,0,68,307
03/17/2023,MQY,TN,ASO,ES,Federal Contract Tower,0,9,29,0,38,0,72,6,0,78,0,81,35,0,116,0,0,0,116
03/18/2023,MQY,TN,ASO,ES,Federal Contract Tower,0,6,32,0,38,0,52,75,1,128,0,58,107,1,166,104,0,104,270
03/19/2023,MQY,TN,ASO,ES,Federal Contract Tower,2,15,33,0,50,0,55,77,1,133,2,70,110,1,183,120,0,120,303
03/20/2023,MQY,TN,ASO,ES,Federal Contract Tower,0,22,46,0,68,0,171,145,2,318,0,193,191,2,386,184,0,184,570
03/21/2023,MQY,TN,ASO,ES,Federal Contract Tower,1,18,42,0,61,0,72,78,1,151,1,90,120,1,212,144,0,144,356
03/22/2023,MQY,TN,ASO,ES,Federal Contract Tower,2,16,62,0,80,0,0,0,0,0,2,16,62,0,80,0,0,0,80
03/23/2023,MQY,TN,ASO,ES,Federal Contract Tower,0,19,53,0,72,0,56,83,14,153,0,75,136,14,225,156,4,160,385
03/24/2023,MQY,TN,ASO,ES,Federal Contract Tower,0,13,49,0,62,0,50,36,0,86,0,63,85,0,148,82,0,82,230
03/25/2023,MQY,TN,ASO,ES,Federal Contract Tower,0,6,17,0,23,0,11,68,3,82,0,17,85,3,105,6,0,6,111
03/26/2023,MQY,TN,ASO,ES,Federal Contract Tower,0,13,24,0,37,0,139,108,4,251,0,152,132,4,288,158,2,160,448
03/27/2023,MQY,TN,ASO,ES,Federal Contract Tower,0,19,37,0,56,0,99,125,0,224,0,118,162,0,280,196,0,196,476
03/28/2023,MQY,TN,ASO,ES,Federal Contract Tower,0,21,43,1,65,0,133,117,2,252,0,154,160,3,317,164,12,176,493
03/29/2023,MQY,TN,ASO,ES,Federal Contract Tower,0,26,56,1,83,0,166,145,1,312,0,192,201,2,395,226,0,226,621
03/30/2023,MQY,TN,ASO,ES,Federal Contract Tower,3,23,37,0,63,0,155,144,9,308,3,178,181,9,371,128,30,158,529
03/31/2023,MQY,TN,ASO,ES,Federal Contract Tower,1,7,26,0,34,0,0,23,2,25,1,7,49,2,59,26,16,42,101
04/01/2023,MQY,TN,ASO,ES,Federal Contract Tower,2,2,17,0,21,0,9,9,2,20,2,11,26,2,41,6,0,6,47
04/02/2023,MQY,TN,ASO,ES,Federal Contract Tower,0,12,29,1,42,0,102,109,8,219,0,114,138,9,261,238,2,240,501
04/03/2023,MQY,TN,ASO,ES,Federal Contract Tower,1,9,62,0,72,0,7,24,0,31,1,16,86,0,103,36,0,36,139
04/04/2023,MQY,TN,ASO,ES,Federal Contract Tower,0,22,63,0,85,0,92,82,3,177,0,114,145,3,262,108,16,124,386
04/05/2023,MQY,TN,ASO,ES,Federal Contract Tower,2,26,35,0,63,0,17,25,1,43,2,43,60,1,106,24,0,24,130
04/06/2023,MQY,TN,ASO,ES,Federal Contract Tower,0,10,50,0,60,0,0,0,0,0,0,10,50,0,60,0,0,0,60
04/07/2023,MQY,TN,ASO,ES,Federal Contract Tower,0,22,36,5,63,0,24,55,0,79,0,46,91,5,142,94,0,94,236
04/08/2023,MQY,TN,ASO,ES,Federal Contract Tower,0,10,22,0,32,0,0,7,0,7,0,10,29,0,39,16,0,16,55
04/09/2023,MQY,TN,ASO,ES,Federal Contract Tower,0,6,25,0,31,0,156,49,2,207,0,162,74,2,238,22,0,22,260
04/10/2023,MQY,TN,ASO,ES,Federal Contract Tower,0,21,54,0,75,0,170,162,0,332,0,191,216,0,407,256,0,256,663
04/11/2023,MQY,TN,ASO,ES,Federal Contract Tower,0,13,32,3,48,0,107,135,0,242,0,120,167,3,290,138,0,138,428
04/12/2023,MQY,TN,ASO,ES,Federal Contract Tower,0,22,60,0,82,0,164,165,3,332,0,186,225,3,414,204,0,204,618
04/13/2023,MQY,TN,ASO,ES,Federal Contract Tower,0,11,49,2,62,0,65,150,7,222,0,76,199,9,284,174,14,188,472
04/14/2023,MQY,TN,ASO,ES,Federal Contract Tower,0,14,37,2,53,0,150,101,2,253,0,164,138,4,306,216,0,216,522
04/15/2023,MQY,TN,ASO,ES,Federal Contract Tower,0,10,24,0,34,0,103,103,4,210,0,113,127,4,244,154,0,154,398
04/16/2023,MQY,TN,ASO,ES,Federal Contract Tower,0,9,19,2,30,0,5,15,3,23,0,14,34,5,53,0,0,0,53
04/17/2023,MQY,TN,ASO,ES,Federal Contract Tower,0,11,31,0,42,0,120,72,0,192,0,131,103,0,234,42,0,42,276
04/18/2023,MQY,TN,ASO,ES,Federal Contract Tower,2,25,50,0,77,0,132,132,1,265,2,157,182,1,342,112,0,112,454
04/19/2023,MQY,TN,ASO,ES,Federal Contract Tower,0,18,50,1,69,0,113,147,5,265,0,131,197,6,334,220,0,220,554
04/20/2023,MQY,TN,ASO,ES,Federal Contract Tower,0,16,24,0,40,0,118,89,3,210,0,134,113,3,250,110,0,110,360
04/21/2023,MQY,TN,ASO,ES,Federal Contract Tower,2,6,18,3,29,0,86,55,1,142,2,92,73,4,171,90,0,90,261
04/22/2023,MQY,TN,ASO,ES,Federal Contract Tower,0,10,26,1,37,0,106,85,1,192,0,116,111,2,229,116,0,116,345
04/23/2023,MQY,TN,ASO,ES,Federal Contract Tower,0,17,26,2,45,0,131,87,2,220,0,148,113,4,265,84,0,84,349
04/24/2023,MQY,TN,ASO,ES,Federal Contract Tower,0,16,25,0,41,0,128,135,2,265,0,144,160,2,306,274,0,274,580
04/25/2023,MQY,TN,ASO,ES,Federal Contract Tower,0,23,51,0,74,0,115,118,0,233,0,138,169,0,307,146,0,146,453
04/26/2023,MQY,TN,ASO,ES,Federal Contract Tower,1,26,49,1,77,0,114,117,0,231,1,140,166,1,308,108,0,108,416
04/27/2023,MQY,TN,ASO,ES,Federal Contract Tower,0,9,37,0,46,0,0,8,0,8,0,9,45,0,54,16,0,16,70
04/28/2023,MQY,TN,ASO,ES,Federal Contract Tower,0,29,59,3,91,0,33,46,0,79,0,62,105,3,170,140,0,140,310
04/29/2023,MQY,TN,ASO,ES,Federal Contract Tower,0,5,29,0,34,0,58,83,3,144,0,63,112,3,178,114,0,114,292
04/30/2023,MQY,TN,ASO,ES,Federal Contract Tower,0,9,22,3,34,0,15,42,2,59,0,24,64,5,93,32,0,32,125
05/01/2023,MQY,TN,ASO,ES,Federal Contract Tower,0,14,31,0,45,0,31,51,0,82,0,45,82,0,127,20,0,20,147
05/02/2023,MQY,TN,ASO,ES,Federal Contract Tower,0,13,28,0,41,0,14,55,1,70,0,27,83,1,111,70,0,70,181
05/03/2023,MQY,TN,ASO,ES,Federal Contract Tower,1,11,28,1,41,0,108,115,2,225,1,119,143,3,266,130,6,136,402
05/04/2023,MQY,TN,ASO,ES,Federal Contract Tower,0,20,54,2,76,0,101,141,4,246,0,121,195,6,322,144,0,144,466
05/05/2023,MQY,TN,ASO,ES,Federal Contract Tower,0,21,39,3,63,0,56,79,0,135,0,77,118,3,198,60,0,60,258
05/06/2023,MQY,TN,ASO,ES,Federal Contract Tower,0,20,16,2,38,0,24,56,3,83,0,44,72,5,121,84,0,84,205
05/07/2023,MQY,TN,ASO,ES,Federal Contract Tower,0,7,29,5,41,0,25,25,4,54,0,32,54,9,95,24,0,24,119
05/08/2023,MQY,TN,ASO,ES,Federal Contract Tower,0,12,31,0,43,0,59,34,0,93,0,71,65,0,136,62,0,62,198
05/09/2023,MQY,TN,ASO,ES,Federal Contract Tower,0,13,36,0,49,0,69,100,0,169,0,82,136,0,218,160,0,160,378
05/10/2023,MQY,TN,ASO,ES,Federal Contract Tower,0,15,30,3,48,0,126,157,1,284,0,141,187,4,332,132,0,132,464
05/11/2023,MQY,TN,ASO,ES,Federal Contract Tower,0,15,39,0,54,0,81,56,3,140,0,96,95,3,194,126,4,130,324
05/12/2023,MQY,TN,ASO,ES,Federal Contract Tower,0,6,26,0,32,0,0,8,0,8,0,6,34,0,40,46,0,46,86
05/13/2023,MQY,TN,ASO,ES,Federal Contract Tower,0,4,18,0,22,0,29,52,2,83,0,33,70,2,105,176,0,176,281
05/14/2023,MQY,TN,ASO,ES,Federal Contract Tower,0,13,23,0,36,0,39,39,1,79,0,52,62,1,115,38,0,38,153
05/15/2023,MQY,TN,ASO,ES,Federal Contract Tower,0,14,43,2,59,0,104,102,4,210,0,118,145,6,269,176,0,176,445
05/16/2023,MQY,TN,ASO,ES,Federal Contract Tower,1,10,39,0,50,0,95,97,0,192,1,105,136,0,242,108,0,108,350
05/17/2023,MQY,TN,ASO,ES,Federal Contract Tower,0,26,66,4,96,0,137,152,3,292,0,163,218,7,388,230,4,234,622
05/18/2023,MQY,TN,ASO,ES,Federal Contract Tower,0,15,54,2,71,0,72,156,3,231,0,87,210,5,302,200,0,200,502
05/19/2023,MQY,TN,ASO,ES,Federal Contract Tower,2,33,61,2,98,0,93,100,5,198,2,126,161,7,296,234,4,238,534
05/20/2023,MQY,TN,ASO,ES,Federal Contract Tower,0,6,37,0,43,0,0,1,2,3,0,6,38,2,46,0,0,0,46
05/21/2023,MQY,TN,ASO,ES,Federal Contract Tower,5,9,36,0,50,0,32,120,2,154,5,41,156,2,204,98,0,98,302
05/22/2023,MQY,TN,ASO,ES,Federal Contract Tower,0,14,38,5,57,0,115,112,0,227,0,129,150,5,284,160,2,162,446
05/23/2023,MQY,TN,ASO,ES,Federal Contract Tower,0,17,40,2,59,0,192,126,2,320,0,209,166,4,379,144,0,144,523
05/24/2023,MQY,TN,ASO,ES,Federal Contract Tower,1,19,41,2,63,0,94,145,0,239,1,113,186,2,302,200,0,200,502
05/25/2023,MQY,TN,ASO,ES,Federal Contract Tower,1,30,49,1,81,0,117,129,2,248,1,147,178,3,329,192,0,192,521
05/26/2023,MQY,TN,ASO,ES,Federal Contract Tower,0,15,27,6,48,0,124,128,4,256,0,139,155,10,304,224,0,224,528
05/27/2023,MQY,TN,ASO,ES,Federal Contract Tower,0,9,26,0,35,0,88,87,0,175,0,97,113,0,210,108,0,108,318
05/28/2023,MQY,TN,ASO,ES,Federal Contract Tower,0,4,18,0,22,0,35,56,2,93,0,39,74,2,115,0,0,0,115
05/29/2023,MQY,TN,ASO,ES,Federal Contract Tower,0,20,32,0,52,0,106,66,0,172,0,126,98,0,224,48,0,48,272
05/30/2023,MQY,TN,ASO,ES,Federal Contract Tower,2,36,56,2,96,0,80,113,2,195,2,116,169,4,291,154,0,154,445
05/31/2023,MQY,TN,ASO,ES,Federal Contract Tower,2,21,40,0,63,0,66,100,0,166,2,87,140,0,229,206,0,206,435
06/01/2023,MQY,TN,ASO,ES,Federal Contract Tower,0,31,42,1,74,0,112,92,3,207,0,143,134,4,281,100,4,104,385
06/02/2023,MQY,TN,ASO,ES,Federal Contract Tower,0,23,53,0,76,0,182,123,2,307,0,205,176,2,383,86,0,86,469
06/03/2023,MQY,TN,ASO,ES,Federal Contract Tower,0,9,19,0,28,0,125,95,1,221,0,134,114,1,249,92,0,92,341
06/04/2023,MQY,TN,ASO,ES,Federal Contract Tower,0,12,21,0,33,0,85,71,1,157,0,97,92,1,190,70,0,70,260
06/05/2023,MQY,TN,ASO,ES,Federal Contract Tower,0,25,41,0,66,0,113,109,4,226,0,138,150,4,292,106,0,106,398
06/06/2023,MQY,TN,ASO,ES,Federal Contract Tower,0,21,59,4,84,0,114,132,6,252,0,135,191,10,336,86,0,86,422
06/07/2023,MQY,TN,ASO,ES,Federal Contract Tower,0,19,33,4,56,0,22,106,9,137,0,41,139,13,193,10,0,10,203
06/08/2023,MQY,TN,ASO,ES,Federal Contract Tower,0,16,34,5,55,0,14,39,6,59,0,30,73,11,114,10,26,36,150
06/09/2023,MQY,TN,ASO,ES,Federal Contract Tower,0,10,18,14,42,0,1,34,6,41,0,11,52,20,83,0,0,0,83
06/10/2023,MQY,TN,ASO,ES,Federal Contract Tower,0,3,17,1,21,0,6,29,3,38,0,9,46,4,59,0,0,0,59
06/11/2023,MQY,TN,ASO,ES,Federal Contract Tower,0,3,12,4,19,0,3,2,3,8,0,6,14,7,27,0,0,0,27
06/12/2023,MQY,TN,ASO,ES,Federal Contract Tower,0,19,68,14,101,0,121,90,7,218,0,140,158,21,319,160,0,160,479
06/13/2023,MQY,TN,ASO,ES,Federal Contract Tower,0,18,41,3,62,0,123,140,9,272,0,141,181,12,334,122,2,124,458
06/14/2023,MQY,TN,ASO,ES,Federal Contract Tower,0,22,50,9,81,0,92,153,3,248,0,114,203,12,329,202,0,202,531
06/15/2023,MQY,TN,ASO,ES,Federal Contract Tower,0,15,53,13,81,0,71,100,8,179,0,86,153,21,260,56,16,72,332
06/16/2023,MQY,TN,ASO,ES,Federal Contract Tower,0,18,37,9,64,0,49,134,7,190,0,67,171,16,254,166,22,188,442
06/17/2023,MQY,TN,ASO,ES,Federal Contract Tower,0,15,41,4,60,0,108,115,16,239,0,123,156,20,299,66,0,66,365
06/18/2023,MQY,TN,ASO,ES,Federal Contract Tower,0,19,21,0,40,0,167,48,2,217,0,186,69,2,257,66,0,66,323
06/19/2023,MQY,TN,ASO,ES,Federal Contract Tower,0,8,50,5,63,0,12,19,0,31,0,20,69,5,94,64,0,64,158
06/20/2023,MQY,TN,ASO,ES,Federal Contract Tower,1,2,47,2,52,0,0,3,0,3,1,2,50,2,55,10,0,10,65
06/21/2023,MQY,TN,ASO,ES,Federal Contract Tower,1,23,40,2,66,0,25,28,6,59,1,48,68,8,125,58,4,62,187
06/22/2023,MQY,TN,ASO,ES,Federal Contract Tower,1,28,62,3,94,0,148,86,4,238,1,176,148,7,332,72,0,72,404
06/23/2023,MQY,TN,ASO,ES,Federal Contract Tower,2,46,89,3,140,0,162,159,2,323,2,208,248,5,463,72,0,72,535
06/24/2023,MQY,TN,ASO,ES,Federal Contract Tower,2,28,46,2,78,0,129,144,1,274,2,157,190,3,352,80,0,80,432
06/25/2023,MQY,TN,ASO,ES,Federal Contract Tower,0,32,74,8,114,0,88,69,4,161,0,120,143,12,275,134,0,134,409
06/26/2023,MQY,TN,ASO,ES,Federal Contract Tower,1,16,34,5,56,0,98,138,3,239,1,114,172,8,295,154,0,154,449
06/27/2023,MQY,TN,ASO,ES,Federal Contract Tower,0,32,40,0,72,0,126,150,0,276,0,158,190,0,348,226,0,226,574
06/28/2023,MQY,TN,ASO,ES,Federal Contract Tower,0,21,52,5,78,0,101,89,5,195,0,122,141,10,273,80,8,88,361
06/29/2023,MQY,TN,ASO,ES,Federal Contract Tower,0,17,39,0,56,0,58,78,4,140,0,75,117,4,196,78,2,80,276
06/30/2023,MQY,TN,ASO,ES,Federal Contract Tower,1,33,52,1,87,0,108,114,2,224,1,141,166,3,311,120,0,120,431
07/01/2023,MQY,TN,ASO,ES,Federal Contract Tower,0,7,20,0,27,0,76,59,0,135,0,83,79,0,162,110,0,110,272
07/02/2023,MQY,TN,ASO,ES,Federal Contract Tower,0,13,31,0,44,0,68,41,0,109,0,81,72,0,153,54,0,54,207
07/03/2023,MQY,TN,ASO,ES,Federal Contract Tower,0,30,32,0,62,0,81,102,1,184,0,111,134,1,246,250,0,250,496
07/04/2023,MQY,TN,ASO,ES,Federal Contract Tower,0,4,14,2,20,0,48,66,0,114,0,52,80,2,134,60,0,60,194
07/05/2023,MQY,TN,ASO,ES,Federal Contract Tower,0,14,24,0,38,0,140,116,0,256,0,154,140,0,294,194,0,194,488
07/06/2023,MQY,TN,ASO,ES,Federal Contract Tower,1,16,45,0,62,0,88,87,3,178,1,104,132,3,240,104,4,108,348
07/07/2023,MQY,TN,ASO,ES,Federal Contract Tower,0,22,39,0,61,0,59,126,0,185,0,81,165,0,246,66,0,66,312
07/08/2023,MQY,TN,ASO,ES,Federal Contract Tower,0,20,18,3,41,0,86,69,8,163,0,106,87,11,204,66,0,66,270
07/09/2023,MQY,TN,ASO,ES,Federal Contract Tower,0,9,33,0,42,0,0,2,0,2,0,9,35,0,44,0,0,0,44
07/10/2023,MQY,TN,ASO,ES,Federal Contract Tower,0,23,54,1,78,0,132,130,8,270,0,155,184,9,348,158,18,176,524
07/11/2023,MQY,TN,ASO,ES,Federal Contract Tower,0,19,40,5,64,0,131,132,2,265,0,150,172,7,329,146,0,146,475
07/12/2023,MQY,TN,ASO,ES,Federal Contract Tower,0,13,39,0,52,0,89,126,0,215,0,102,165,0,267,164,0,164,431
07/13/2023,MQY,TN,ASO,ES,Federal Contract Tower,0,15,48,0,63,0,108,70,0,178,0,123,118,0,241,138,0,138,379
07/14/2023,MQY,TN,ASO,ES,Federal Contract Tower,0,15,56,0,71,0,104,85,23,212,0,119,141,23,283,178,14,192,475
07/15/2023,MQY,TN,ASO,ES,Federal Contract Tower,0,9,16,0,25,0,0,11,0,11,0,9,27,0,36,10,0,10,46
07/16/2023,MQY,TN,ASO,ES,Federal Contract Tower,0,13,43,2,58,0,28,66,0,94,0,41,109,2,152,100,0,100,252
07/17/2023,MQY,TN,ASO,ES,Federal Contract Tower,0,22,52,6,80,0,104,103,2,209,0,126,155,8,289,164,0,164,453
07/18/2023,MQY,TN,ASO,ES,Federal Contract Tower,1,16,38,0,55,0,35,71,0,106,1,51,109,0,161,92,0,92,253
07/19/2023,MQY,TN,ASO,ES,Federal Contract Tower,0,11,28,0,39,0,68,52,0,120,0,79,80,0,159,34,0,34,193
07/20/2023,MQY,TN,ASO,ES,Federal Contract Tower,1,16,32,0,49,0,76,69,0,145,1,92,101,0,194,96,0,96,290
07/21/2023,MQY,TN,ASO,ES,Federal Contract Tower,1,14,42,3,60,0,84,78,2,164,1,98,120,5,224,110,0,110,334
07/22/2023,MQY,TN,ASO,ES,Federal Contract Tower,0,12,26,2,40,0,100,130,5,235,0,112,156,7,275,154,0,154,429
07/23/2023,MQY,TN,ASO,ES,Federal Contract Tower,0,18,36,0,54,0,135,75,1,211,0,153,111,1,265,104,0,104,369
07/24/2023,MQY,TN,ASO,ES,Federal Contract Tower,0,15,42,4,61,0,157,122,0,279,0,172,164,4,340,142,0,142,482
07/25/2023,MQY,TN,ASO,ES,Federal Contract Tower,0,12,28,1,41,0,147,160,0,307,0,159,188,1,348,178,0,178,526
07/26/2023,MQY,TN,ASO,ES,Federal Contract Tower,1,25,38,0,64,0,128,107,1,236,1,153,145,1,300,158,0,158,458
07/27/2023,MQY,TN,ASO,ES,Federal Contract Tower,2,22,56,5,85,0,114,121,10,245,2,136,177,15,330,180,16,196,526
07/28/2023,MQY,TN,ASO,ES,Federal Contract Tower,0,25,36,7,68,0,94,127,0,221,0,119,163,7,289,158,0,158,447
07/29/2023,MQY,TN,ASO,ES,Federal Contract Tower,0,11,31,2,44,0,21,55,1,77,0,32,86,3,121,80,0,80,201
07/30/2023,MQY,TN,ASO,ES,Federal Contract Tower,0,14,57,3,74,0,40,40,2,82,0,54,97,5,156,96,0,96,252
07/31/2023,MQY,TN,ASO,ES,Federal Contract Tower,0,21,55,0,76,0,64,133,0,197,0,85,188,0,273,206,0,206,479
08/01/2023,MQY,TN,ASO,ES,Federal Contract Tower,0,18,45,0,63,0,72,128,0,200,0,90,173,0,263,152,0,152,415
08/02/2023,MQY,TN,ASO,ES,Federal Contract Tower,0,18,62,10,90,0,85,143,6,234,0,103,205,16,324,156,0,156,480
08/03/2023,MQY,TN,ASO,ES,Federal Contract Tower,0,13,36,0,49,0,105,14,2,121,0,118,50,2,170,12,0,12,182
08/04/2023,MQY,TN,ASO,ES,Federal Contract Tower,1,17,56,2,76,0,20,10,2,32,1,37,66,4,108,36,0,36,144
08/05/2023,MQY,TN,ASO,ES,Federal Contract Tower,0,10,30,2,42,0,12,52,0,64,0,22,82,2,106,74,0,74,180
08/06/2023,MQY,TN,ASO,ES,Federal Contract Tower,0,13,36,0,49,0,103,42,2,147,0,116,78,2,196,122,0,122,318
08/07/2023,MQY,TN,ASO,ES,Federal Contract Tower,0,19,32,0,51,0,50,55,1,106,0,69,87,1,157,66,0,66,223
08/08/2023,MQY,TN,ASO,ES,Federal Contract Tower,0,24,52,5,81,0,179,132,3,314,0,203,184,8,395,130,0,130,525
08/09/2023,MQY,TN,ASO,ES,Federal Contract Tower,0,12,54,0,66,0,102,80,0,182,0,114,134,0,248,114,0,114,362
08/10/2023,MQY,TN,ASO,ES,Federal Contract Tower,1,18,69,0,88,0,94,24,1,119,1,112,93,1,207,44,0,44,251
08/11/2023,MQY,TN,ASO,ES,Federal Contract Tower,0,23,40,7,70,0,101,117,7,225,0,124,157,14,295,210,0,210,505
08/12/2023,MQY,TN,ASO,ES,Federal Contract Tower,0,12,22,0,34,0,37,39,2,78,0,49,61,2,112,60,0,60,172
08/13/2023,MQY,TN,ASO,ES,Federal Contract Tower,0,14,19,2,35,0,48,48,6,102,0,62,67,8,137,44,2,46,183
08/14/2023,MQY,TN,ASO,ES,Federal Contract Tower,0,7,47,1,55,0,59,84,0,143,0,66,131,1,198,118,0,118,316
08/15/2023,MQY,TN,ASO,ES,Federal Contract Tower,0,21,44,3,68,0,91,115,3,209,0,112,159,6,277,198,0,198,475
08/16/2023,MQY,TN,ASO,ES,Federal Contract Tower,0,29,67,2,98,0,113,140,3,256,0,142,207,5,354,164,0,164,518
08/17/2023,MQY,TN,ASO,ES,Federal Contract Tower,0,14,62,3,79,0,100,123,9,232,0,114,185,12,311,124,4,128,439
08/18/2023,MQY,TN,ASO,ES,Federal Contract Tower,0,21,43,5,69,0,82,141,0,223,0,103,184,5,292,84,0,84,376
08/19/2023,MQY,TN,ASO,ES,Federal Contract Tower,0,11,25,2,38,0,82,130,2,214,0,93,155,4,252,210,0,210,462
08/20/2023,MQY,TN,ASO,ES,Federal Contract Tower,0,21,26,2,49,0,120,59,4,183,0,141,85,6,232,108,0,108,340
08/21/2023,MQY,TN,ASO,ES,Federal Contract Tower,0,24,62,0,86,0,157,134,2,293,0,181,196,2,379,140,0,140,519
08/22/2023,MQY,TN,ASO,ES,Federal Contract Tower,0,17,41,4,62,0,53,120,0,173,0,70,161,4,235,134,0,134,369
08/23/2023,MQY,TN,ASO,ES,Federal Contract Tower,0,12,53,7,72,0,108,116,3,227,0,120,169,10,299,98,14,112,411
08/24/2023,MQY,TN,ASO,ES,Federal Contract Tower,3,17,43,1,64,0,53,88,13,154,3,70,131,14,218,92,0,92,310
08/25/2023,MQY,TN,ASO,ES,Federal Contract Tower,1,18,35,3,57,0,50,91,3,144,1,68,126,6,201,78,6,84,285
08/26/2023,MQY,TN,ASO,ES,Federal Contract Tower,0,12,23,1,36,0,66,97,0,163,0,78,120,1,199,124,0,124,323
08/27/2023,MQY,TN,ASO,ES,Federal Contract Tower,0,5,17,2,24,0,0,10,0,10,0,5,27,2,34,0,0,0,34
08/28/2023,MQY,TN,ASO,ES,Federal Contract Tower,0,19,46,6,71,0,65,44,1,110,0,84,90,7,181,88,0,88,269
08/29/2023,MQY,TN,ASO,ES,Federal Contract Tower,0,32,54,4,90,0,113,125,4,242,0,145,179,8,332,160,0,160,492
08/30/2023,MQY,TN,ASO,ES,Federal Contract Tower,0,35,46,6,87,0,104,139,1,244,0,139,185,7,331,120,0,120,451
08/31/2023,MQY,TN,ASO,ES,Federal Contract Tower,3,38,48,6,95,0,114,127,5,246,3,152,175,11,341,102,0,102,443
