01/01/2000,MSN,WI,AGL,CE,Towers with Radar,21,26,87,0,134,0,0,0,0,0,21,26,87,0,134,116,0,116,250
01/02/2000,MSN,WI,AGL,CE,Towers with Radar,21,25,58,0,104,23,24,0,0,47,44,49,58,0,151,8,0,8,159
01/03/2000,MSN,WI,AGL,CE,Towers with Radar,23,26,45,4,98,39,10,0,0,49,62,36,45,4,147,24,0,24,171
01/04/2000,MSN,WI,AGL,CE,Towers with Radar,36,43,100,0,179,15,20,0,0,35,51,63,100,0,214,62,2,64,278
01/05/2000,MSN,WI,AGL,CE,Towers with Radar,45,53,138,13,249,1,0,20,0,21,46,53,158,13,270,78,2,80,350
01/06/2000,MSN,WI,AGL,CE,Towers with Radar,38,60,136,14,248,0,0,0,13,13,38,60,136,27,261,122,14,136,397
01/07/2000,MSN,WI,AGL,CE,Towers with Radar,46,60,161,16,283,0,0,0,11,11,46,60,161,27,294,114,26,140,434
01/08/2000,MSN,WI,AGL,CE,Towers with Radar,43,45,219,10,317,0,0,0,0,0,43,45,219,10,317,236,44,280,597
01/09/2000,MSN,WI,AGL,CE,Towers with Radar,12,14,20,0,46,14,16,0,0,30,26,30,20,0,76,12,0,12,88
01/10/2000,MSN,WI,AGL,CE,Towers with Radar,27,35,86,9,157,6,14,3,8,31,33,49,89,17,188,22,10,32,220
01/11/2000,MSN,WI,AGL,CE,Towers with Radar,47,57,140,16,260,0,0,0,3,3,47,57,140,19,263,130,18,148,411
01/12/2000,MSN,WI,AGL,CE,Towers with Radar,47,60,122,15,244,1,6,0,19,26,48,66,122,34,270,92,16,108,378
01/13/2000,MSN,WI,AGL,CE,Towers with Radar,42,53,132,13,240,3,4,3,17,27,45,57,135,30,267,60,8,68,335
01/14/2000,MSN,WI,AGL,CE,Towers with Radar,38,47,119,3,207,9,17,5,0,31,47,64,124,3,238,64,0,64,302
01/15/2000,MSN,WI,AGL,CE,Towers with Radar,37,45,170,1,253,0,0,0,0,0,37,45,170,1,253,190,0,190,443
01/16/2000,MSN,WI,AGL,CE,Towers with Radar,35,44,128,0,207,0,0,24,0,24,35,44,152,0,231,94,0,94,325
01/17/2000,MSN,WI,AGL,CE,Towers with Radar,35,44,109,1,189,4,3,2,0,9,39,47,111,1,198,80,0,80,278
01/18/2000,MSN,WI,AGL,CE,Towers with Radar,39,50,123,10,222,1,8,14,0,23,40,58,137,10,245,66,2,68,313
01/19/2000,MSN,WI,AGL,CE,Towers with Radar,31,39,86,2,158,10,5,0,0,15,41,44,86,2,173,64,14,78,251
01/20/2000,MSN,WI,AGL,CE,Towers with Radar,46,58,148,15,267,0,0,27,2,29,46,58,175,17,296,50,28,78,374
01/21/2000,MSN,WI,AGL,CE,Towers with Radar,39,50,125,12,226,1,3,17,14,35,40,53,142,26,261,28,26,54,315
01/22/2000,MSN,WI,AGL,CE,Towers with Radar,26,33,52,7,118,11,7,0,0,18,37,40,52,7,136,70,0,70,206
01/23/2000,MSN,WI,AGL,CE,Towers with Radar,29,39,98,0,166,0,15,18,0,33,29,54,116,0,199,50,0,50,249
01/24/2000,MSN,WI,AGL,CE,Towers with Radar,40,48,123,12,223,0,0,0,12,12,40,48,123,24,235,72,20,92,327
01/25/2000,MSN,WI,AGL,CE,Towers with Radar,44,52,140,13,249,7,0,26,11,44,51,52,166,24,293,56,4,60,353
01/26/2000,MSN,WI,AGL,CE,Towers with Radar,34,68,170,16,288,0,8,35,15,58,34,76,205,31,346,70,14,84,430
01/27/2000,MSN,WI,AGL,CE,Towers with Radar,46,58,201,19,324,0,0,10,5,15,46,58,211,24,339,134,36,170,509
01/28/2000,MSN,WI,AGL,CE,Towers with Radar,46,58,160,1,265,0,0,20,0,20,46,58,180,1,285,118,0,118,403
01/29/2000,MSN,WI,AGL,CE,Towers with Radar,32,32,170,0,234,0,0,0,0,0,32,32,170,0,234,210,0,210,444
01/30/2000,MSN,WI,AGL,CE,Towers with Radar,14,18,46,1,79,19,16,1,0,36,33,34,47,1,115,0,0,0,115
01/31/2000,MSN,WI,AGL,CE,Towers with Radar,36,47,113,11,207,0,12,0,11,23,36,59,113,22,230,64,2,66,296
02/01/2000,MSN,WI,AGL,CE,Towers with Radar,44,52,66,19,181,0,2,79,9,90,44,54,145,28,271,118,24,142,413
02/02/2000,MSN,WI,AGL,CE,Towers with Radar,51,60,89,18,218,0,1,37,11,49,51,61,126,29,267,96,4,100,367
02/03/2000,MSN,WI,AGL,CE,Towers with Radar,49,62,76,12,199,0,1,15,9,25,49,63,91,21,224,48,0,48,272
02/04/2000,MSN,WI,AGL,CE,Towers with Radar,48,59,83,15,205,0,2,79,7,88,48,61,162,22,293,164,4,168,461
02/05/2000,MSN,WI,AGL,CE,Towers with Radar,28,42,52,16,138,0,1,134,10,145,28,43,186,26,283,104,16,120,403
02/06/2000,MSN,WI,AGL,CE,Towers with Radar,31,48,73,0,152,0,1,74,0,75,31,49,147,0,227,194,0,194,421
02/07/2000,MSN,WI,AGL,CE,Towers with Radar,38,53,61,14,166,0,2,44,3,49,38,55,105,17,215,70,0,70,285
02/08/2000,MSN,WI,AGL,CE,Towers with Radar,46,51,89,12,198,0,0,31,18,49,46,51,120,30,247,96,0,96,343
02/09/2000,MSN,WI,AGL,CE,Towers with Radar,57,70,105,17,249,0,1,90,13,104,57,71,195,30,353,158,24,182,535
02/10/2000,MSN,WI,AGL,CE,Towers with Radar,43,58,44,9,154,0,2,6,7,15,43,60,50,16,169,0,0,0,169
02/11/2000,MSN,WI,AGL,CE,Towers with Radar,39,50,47,3,139,0,4,84,2,90,39,54,131,5,229,124,0,124,353
02/12/2000,MSN,WI,AGL,CE,Towers with Radar,38,46,64,1,149,7,12,148,0,167,45,58,212,1,316,146,0,146,462
02/13/2000,MSN,WI,AGL,CE,Towers with Radar,27,46,34,0,107,0,1,5,0,6,27,47,39,0,113,8,0,8,121
02/14/2000,MSN,WI,AGL,CE,Towers with Radar,38,43,55,13,149,0,1,47,2,50,38,44,102,15,199,48,0,48,247
02/15/2000,MSN,WI,AGL,CE,Towers with Radar,47,61,87,13,208,0,1,9,4,14,47,62,96,17,222,22,0,22,244
02/16/2000,MSN,WI,AGL,CE,Towers with Radar,35,63,89,23,210,0,1,92,7,100,35,64,181,30,310,112,28,140,450
02/17/2000,MSN,WI,AGL,CE,Towers with Radar,48,60,97,14,219,0,1,47,6,54,48,61,144,20,273,88,4,92,365
02/18/2000,MSN,WI,AGL,CE,Towers with Radar,26,21,34,2,83,0,1,3,0,4,26,22,37,2,87,0,0,0,87
02/19/2000,MSN,WI,AGL,CE,Towers with Radar,36,26,64,0,126,0,1,61,6,68,36,27,125,6,194,56,6,62,256
02/20/2000,MSN,WI,AGL,CE,Towers with Radar,36,43,49,2,130,0,1,146,0,147,36,44,195,2,277,156,0,156,433
02/21/2000,MSN,WI,AGL,CE,Towers with Radar,35,62,78,0,175,0,3,77,0,80,35,65,155,0,255,46,2,48,303
02/22/2000,MSN,WI,AGL,CE,Towers with Radar,42,57,100,17,216,0,0,94,6,100,42,57,194,23,316,104,24,128,444
02/23/2000,MSN,WI,AGL,CE,Towers with Radar,42,64,106,14,226,0,2,88,4,94,42,66,194,18,320,116,18,134,454
02/24/2000,MSN,WI,AGL,CE,Towers with Radar,38,54,74,9,175,0,0,26,0,26,38,54,100,9,201,10,0,10,211
02/25/2000,MSN,WI,AGL,CE,Towers with Radar,37,39,57,7,140,9,0,0,0,9,46,39,57,7,149,16,0,16,165
02/26/2000,MSN,WI,AGL,CE,Towers with Radar,36,42,61,8,147,5,0,24,2,31,41,42,85,10,178,82,2,84,262
02/27/2000,MSN,WI,AGL,CE,Towers with Radar,27,34,46,5,112,4,15,98,1,118,31,49,144,6,230,114,2,116,346
02/28/2000,MSN,WI,AGL,CE,Towers with Radar,46,54,86,11,197,0,0,114,14,128,46,54,200,25,325,116,34,150,475
02/29/2000,MSN,WI,AGL,CE,Towers with Radar,45,58,77,10,190,0,3,67,12,82,45,61,144,22,272,82,14,96,368
03/01/2000,MSN,WI,AGL,CE,Towers with Radar,44,65,86,16,211,0,4,78,16,98,44,69,164,32,309,110,12,122,431
03/02/2000,MSN,WI,AGL,CE,Towers with Radar,51,63,90,15,219,0,4,136,12,152,51,67,226,27,371,238,28,266,637
03/03/2000,MSN,WI,AGL,CE,Towers with Radar,39,63,73,16,191,0,3,135,11,149,39,66,208,27,340,66,30,96,436
03/04/2000,MSN,WI,AGL,CE,Towers with Radar,40,42,41,2,125,0,1,189,8,198,40,43,230,10,323,200,8,208,531
03/05/2000,MSN,WI,AGL,CE,Towers with Radar,32,47,63,3,145,0,4,261,0,265,32,51,324,3,410,124,6,130,540
03/06/2000,MSN,WI,AGL,CE,Towers with Radar,36,55,71,12,174,0,1,100,5,106,36,56,171,17,280,68,12,80,360
03/07/2000,MSN,WI,AGL,CE,Towers with Radar,46,63,79,12,200,0,0,96,12,108,46,63,175,24,308,124,16,140,448
03/08/2000,MSN,WI,AGL,CE,Towers with Radar,43,62,82,6,193,0,0,52,2,54,43,62,134,8,247,74,2,76,323
03/09/2000,MSN,WI,AGL,CE,Towers with Radar,42,66,92,13,213,0,0,25,11,36,42,66,117,24,249,58,2,60,309
03/10/2000,MSN,WI,AGL,CE,Towers with Radar,39,69,71,3,182,0,0,49,6,55,39,69,120,9,237,124,0,124,361
03/11/2000,MSN,WI,AGL,CE,Towers with Radar,44,37,48,6,135,0,0,117,0,117,44,37,165,6,252,142,8,150,402
03/12/2000,MSN,WI,AGL,CE,Towers with Radar,36,53,75,7,171,0,0,126,0,126,36,53,201,7,297,128,2,130,427
03/13/2000,MSN,WI,AGL,CE,Towers with Radar,34,60,76,12,182,0,0,6,4,10,34,60,82,16,192,8,2,10,202
03/14/2000,MSN,WI,AGL,CE,Towers with Radar,51,56,91,25,223,0,0,94,15,109,51,56,185,40,332,134,8,142,474
03/15/2000,MSN,WI,AGL,CE,Towers with Radar,40,48,91,24,203,0,0,11,7,18,40,48,102,31,221,26,0,26,247
03/16/2000,MSN,WI,AGL,CE,Towers with Radar,39,47,89,20,195,0,1,43,11,55,39,48,132,31,250,102,38,140,390
03/17/2000,MSN,WI,AGL,CE,Towers with Radar,44,56,66,37,203,0,1,131,0,132,44,57,197,37,335,124,16,140,475
03/18/2000,MSN,WI,AGL,CE,Towers with Radar,47,43,65,12,167,0,0,45,5,50,47,43,110,17,217,56,0,56,273
03/19/2000,MSN,WI,AGL,CE,Towers with Radar,27,46,17,0,90,0,0,0,0,0,27,46,17,0,90,0,0,0,90
03/20/2000,MSN,WI,AGL,CE,Towers with Radar,36,49,98,8,191,0,0,0,0,0,36,49,98,8,191,30,0,30,221
03/21/2000,MSN,WI,AGL,CE,Towers with Radar,42,68,115,14,239,0,0,15,0,15,42,68,130,14,254,26,6,32,286
03/22/2000,MSN,WI,AGL,CE,Towers with Radar,47,64,136,2,249,0,0,60,10,70,47,64,196,12,319,102,6,108,427
03/23/2000,MSN,WI,AGL,CE,Towers with Radar,41,70,127,29,267,0,0,68,6,74,41,70,195,35,341,142,8,150,491
03/24/2000,MSN,WI,AGL,CE,Towers with Radar,42,62,97,5,206,0,0,39,6,45,42,62,136,11,251,54,0,54,305
03/25/2000,MSN,WI,AGL,CE,Towers with Radar,34,38,29,4,105,0,0,57,0,57,34,38,86,4,162,50,0,50,212
03/26/2000,MSN,WI,AGL,CE,Towers with Radar,31,47,44,4,126,0,0,122,0,122,31,47,166,4,248,84,0,84,332
03/27/2000,MSN,WI,AGL,CE,Towers with Radar,46,67,53,12,178,0,0,49,0,49,46,67,102,12,227,48,0,48,275
03/28/2000,MSN,WI,AGL,CE,Towers with Radar,52,61,83,15,211,0,0,69,16,85,52,61,152,31,296,64,0,64,360
03/29/2000,MSN,WI,AGL,CE,Towers with Radar,43,62,76,15,196,0,0,115,16,131,43,62,191,31,327,78,16,94,421
03/30/2000,MSN,WI,AGL,CE,Towers with Radar,43,57,93,10,203,0,0,167,6,173,43,57,260,16,376,130,18,148,524
03/31/2000,MSN,WI,AGL,CE,Towers with Radar,39,70,68,19,196,0,0,130,1,131,39,70,198,20,327,164,18,182,509
04/01/2000,MSN,WI,AGL,CE,Towers with Radar,30,46,86,13,175,7,4,122,3,136,37,50,208,16,311,198,16,214,525
04/02/2000,MSN,WI,AGL,CE,Towers with Radar,33,47,58,2,140,1,5,100,2,108,34,52,158,4,248,186,0,186,434
04/03/2000,MSN,WI,AGL,CE,Towers with Radar,41,60,62,14,177,1,0,35,0,36,42,60,97,14,213,64,4,68,281
04/04/2000,MSN,WI,AGL,CE,Towers with Radar,47,72,64,25,208,1,0,51,4,56,48,72,115,29,264,104,6,110,374
04/05/2000,MSN,WI,AGL,CE,Towers with Radar,53,68,108,10,239,0,0,105,7,112,53,68,213,17,351,98,14,112,463
04/06/2000,MSN,WI,AGL,CE,Towers with Radar,46,66,73,11,196,1,0,62,10,73,47,66,135,21,269,108,4,112,381
04/07/2000,MSN,WI,AGL,CE,Towers with Radar,41,56,33,3,133,1,0,6,5,12,42,56,39,8,145,0,0,0,145
04/08/2000,MSN,WI,AGL,CE,Towers with Radar,28,36,48,0,112,1,0,86,6,93,29,36,134,6,205,116,2,118,323
04/09/2000,MSN,WI,AGL,CE,Towers with Radar,30,44,59,5,138,7,6,134,2,149,37,50,193,7,287,94,0,94,381
04/10/2000,MSN,WI,AGL,CE,Towers with Radar,39,56,76,7,178,9,0,56,3,68,48,56,132,10,246,32,6,38,284
04/11/2000,MSN,WI,AGL,CE,Towers with Radar,31,46,61,5,143,13,11,62,3,89,44,57,123,8,232,42,0,42,274
04/12/2000,MSN,WI,AGL,CE,Towers with Radar,44,74,75,16,209,1,0,101,17,119,45,74,176,33,328,186,22,208,536
04/13/2000,MSN,WI,AGL,CE,Towers with Radar,42,68,85,11,206,1,0,88,12,101,43,68,173,23,307,98,10,108,415
04/14/2000,MSN,WI,AGL,CE,Towers with Radar,44,64,78,14,200,1,2,74,8,85,45,66,152,22,285,134,2,136,421
04/15/2000,MSN,WI,AGL,CE,Towers with Radar,35,45,86,0,166,1,0,44,7,52,36,45,130,7,218,198,0,198,416
04/16/2000,MSN,WI,AGL,CE,Towers with Radar,32,43,71,5,151,0,0,2,0,2,32,43,73,5,153,24,0,24,177
04/17/2000,MSN,WI,AGL,CE,Towers with Radar,46,56,126,8,236,0,0,2,0,2,46,56,128,8,238,24,0,24,262
04/18/2000,MSN,WI,AGL,CE,Towers with Radar,51,55,119,10,235,0,0,38,6,44,51,55,157,16,279,68,2,70,349
04/19/2000,MSN,WI,AGL,CE,Towers with Radar,40,64,88,2,194,0,0,2,0,2,40,64,90,2,196,6,0,6,202
04/20/2000,MSN,WI,AGL,CE,Towers with Radar,32,44,90,0,166,0,0,1,0,1,32,44,91,0,167,24,0,24,191
04/21/2000,MSN,WI,AGL,CE,Towers with Radar,53,68,66,2,189,0,1,102,7,110,53,69,168,9,299,124,2,126,425
04/22/2000,MSN,WI,AGL,CE,Towers with Radar,44,43,72,0,159,0,0,179,0,179,44,43,251,0,338,198,0,198,536
04/23/2000,MSN,WI,AGL,CE,Towers with Radar,41,55,35,1,132,0,0,55,1,56,41,55,90,2,188,20,0,20,208
04/24/2000,MSN,WI,AGL,CE,Towers with Radar,45,64,73,15,197,0,0,134,10,144,45,64,207,25,341,104,12,116,457
04/25/2000,MSN,WI,AGL,CE,Towers with Radar,44,62,84,7,197,5,6,187,34,232,49,68,271,41,429,92,0,92,521
04/26/2000,MSN,WI,AGL,CE,Towers with Radar,42,68,113,16,239,0,0,84,20,104,42,68,197,36,343,88,2,90,433
04/27/2000,MSN,WI,AGL,CE,Towers with Radar,46,57,114,14,231,0,0,119,23,142,46,57,233,37,373,104,34,138,511
04/28/2000,MSN,WI,AGL,CE,Towers with Radar,48,68,92,7,215,3,16,49,5,73,51,84,141,12,288,52,0,52,340
04/29/2000,MSN,WI,AGL,CE,Towers with Radar,40,43,130,0,213,0,0,48,4,52,40,43,178,4,265,86,0,86,351
04/30/2000,MSN,WI,AGL,CE,Towers with Radar,32,52,79,0,163,0,0,162,0,162,32,52,241,0,325,138,0,138,463
05/01/2000,MSN,WI,AGL,CE,Towers with Radar,37,64,133,19,253,1,0,0,0,1,38,64,133,19,254,74,0,74,328
05/02/2000,MSN,WI,AGL,CE,Towers with Radar,55,70,77,15,217,1,0,133,13,147,56,70,210,28,364,80,28,108,472
05/03/2000,MSN,WI,AGL,CE,Towers with Radar,48,59,68,23,198,1,1,99,13,114,49,60,167,36,312,244,22,266,578
05/04/2000,MSN,WI,AGL,CE,Towers with Radar,44,63,107,12,226,0,0,94,16,110,44,63,201,28,336,76,4,80,416
05/05/2000,MSN,WI,AGL,CE,Towers with Radar,43,62,88,27,220,1,1,98,5,105,44,63,186,32,325,56,6,62,387
05/06/2000,MSN,WI,AGL,CE,Towers with Radar,36,55,39,19,149,1,3,113,6,123,37,58,152,25,272,140,40,180,452
05/07/2000,MSN,WI,AGL,CE,Towers with Radar,36,46,59,3,144,1,3,76,7,87,37,49,135,10,231,124,0,124,355
05/08/2000,MSN,WI,AGL,CE,Towers with Radar,38,62,67,11,178,1,0,14,0,15,39,62,81,11,193,26,0,26,219
05/09/2000,MSN,WI,AGL,CE,Towers with Radar,54,55,130,17,256,1,0,41,9,51,55,55,171,26,307,64,16,80,387
05/10/2000,MSN,WI,AGL,CE,Towers with Radar,44,65,102,8,219,1,4,165,28,198,45,69,267,36,417,158,4,162,579
05/11/2000,MSN,WI,AGL,CE,Towers with Radar,41,61,126,5,233,1,2,23,5,31,42,63,149,10,264,66,0,66,330
05/12/2000,MSN,WI,AGL,CE,Towers with Radar,53,55,101,1,210,1,0,2,0,3,54,55,103,1,213,14,0,14,227
05/13/2000,MSN,WI,AGL,CE,Towers with Radar,41,49,108,0,198,1,0,51,0,52,42,49,159,0,250,94,0,94,344
05/14/2000,MSN,WI,AGL,CE,Towers with Radar,37,47,61,0,145,1,0,113,0,114,38,47,174,0,259,50,0,50,309
05/15/2000,MSN,WI,AGL,CE,Towers with Radar,39,58,111,13,221,1,0,116,6,123,40,58,227,19,344,162,8,170,514
05/16/2000,MSN,WI,AGL,CE,Towers with Radar,43,62,158,10,273,1,0,72,1,74,44,62,230,11,347,50,10,60,407
05/17/2000,MSN,WI,AGL,CE,Towers with Radar,40,54,88,14,196,1,1,25,0,27,41,55,113,14,223,56,0,56,279
05/18/2000,MSN,WI,AGL,CE,Towers with Radar,36,37,76,1,150,1,0,1,0,2,37,37,77,1,152,0,0,0,152
05/19/2000,MSN,WI,AGL,CE,Towers with Radar,36,71,117,14,238,1,0,59,0,60,37,71,176,14,298,146,28,174,472
05/20/2000,MSN,WI,AGL,CE,Towers with Radar,34,54,83,11,182,0,1,174,5,180,34,55,257,16,362,194,10,204,566
05/21/2000,MSN,WI,AGL,CE,Towers with Radar,35,50,66,3,154,0,1,102,2,105,35,51,168,5,259,148,0,148,407
05/22/2000,MSN,WI,AGL,CE,Towers with Radar,39,61,86,18,204,0,1,48,0,49,39,62,134,18,253,76,14,90,343
05/23/2000,MSN,WI,AGL,CE,Towers with Radar,46,57,112,17,232,0,1,128,4,133,46,58,240,21,365,94,26,120,485
05/24/2000,MSN,WI,AGL,CE,Towers with Radar,49,68,94,13,224,0,5,81,8,94,49,73,175,21,318,48,4,52,370
05/25/2000,MSN,WI,AGL,CE,Towers with Radar,44,68,109,11,232,0,4,154,25,183,44,72,263,36,415,190,24,214,629
05/26/2000,MSN,WI,AGL,CE,Towers with Radar,46,57,67,1,171,0,2,118,9,129,46,59,185,10,300,126,0,126,426
05/27/2000,MSN,WI,AGL,CE,Towers with Radar,38,37,54,1,130,0,0,3,1,4,38,37,57,2,134,6,0,6,140
05/28/2000,MSN,WI,AGL,CE,Towers with Radar,29,42,66,0,137,0,0,12,0,12,29,42,78,0,149,42,0,42,191
05/29/2000,MSN,WI,AGL,CE,Towers with Radar,34,53,101,4,192,0,0,115,5,120,34,53,216,9,312,120,20,140,452
05/30/2000,MSN,WI,AGL,CE,Towers with Radar,51,74,86,4,215,0,1,9,2,12,51,75,95,6,227,24,0,24,251
05/31/2000,MSN,WI,AGL,CE,Towers with Radar,36,54,92,1,183,0,0,8,0,8,36,54,100,1,191,36,0,36,227
06/01/2000,MSN,WI,AGL,CE,Towers with Radar,39,48,84,0,171,0,2,28,4,34,39,50,112,4,205,18,0,18,223
06/02/2000,MSN,WI,AGL,CE,Towers with Radar,43,63,79,0,185,0,3,39,4,46,43,66,118,4,231,76,2,78,309
06/03/2000,MSN,WI,AGL,CE,Towers with Radar,37,43,52,1,133,0,3,215,3,221,37,46,267,4,354,118,10,128,482
06/04/2000,MSN,WI,AGL,CE,Towers with Radar,37,45,54,8,144,0,3,25,1,29,37,48,79,9,173,34,8,42,215
06/05/2000,MSN,WI,AGL,CE,Towers with Radar,42,63,90,3,198,0,3,65,0,68,42,66,155,3,266,72,0,72,338
06/06/2000,MSN,WI,AGL,CE,Towers with Radar,44,58,97,4,203,0,4,146,6,156,44,62,243,10,359,94,2,96,455
06/07/2000,MSN,WI,AGL,CE,Towers with Radar,45,64,81,3,193,0,4,87,6,97,45,68,168,9,290,58,6,64,354
06/08/2000,MSN,WI,AGL,CE,Towers with Radar,44,68,85,0,197,0,4,133,12,149,44,72,218,12,346,150,0,150,496
06/09/2000,MSN,WI,AGL,CE,Towers with Radar,43,56,65,1,165,0,3,120,6,129,43,59,185,7,294,184,6,190,484
06/10/2000,MSN,WI,AGL,CE,Towers with Radar,41,48,40,1,130,0,2,89,17,108,41,50,129,18,238,76,6,82,320
06/11/2000,MSN,WI,AGL,CE,Towers with Radar,29,47,46,1,123,0,2,56,14,72,29,49,102,15,195,44,0,44,239
06/12/2000,MSN,WI,AGL,CE,Towers with Radar,49,61,108,4,222,0,2,6,6,14,49,63,114,10,236,30,0,30,266
06/13/2000,MSN,WI,AGL,CE,Towers with Radar,47,49,93,1,190,0,2,7,0,9,47,51,100,1,199,2,0,2,201
06/14/2000,MSN,WI,AGL,CE,Towers with Radar,41,62,100,0,203,0,0,38,0,38,41,62,138,0,241,20,0,20,261
06/15/2000,MSN,WI,AGL,CE,Towers with Radar,47,60,115,0,222,0,2,37,2,41,47,62,152,2,263,134,4,138,401
06/16/2000,MSN,WI,AGL,CE,Towers with Radar,47,53,101,7,208,0,3,93,7,103,47,56,194,14,311,64,12,76,387
06/17/2000,MSN,WI,AGL,CE,Towers with Radar,39,41,64,0,144,0,3,189,0,192,39,44,253,0,336,144,0,144,480
06/18/2000,MSN,WI,AGL,CE,Towers with Radar,35,49,48,0,132,0,2,148,6,156,35,51,196,6,288,104,0,104,392
06/19/2000,MSN,WI,AGL,CE,Towers with Radar,41,59,90,3,193,0,2,126,0,128,41,61,216,3,321,106,0,106,427
06/20/2000,MSN,WI,AGL,CE,Towers with Radar,42,47,71,1,161,1,3,25,1,30,43,50,96,2,191,26,0,26,217
06/21/2000,MSN,WI,AGL,CE,Towers with Radar,42,53,67,5,167,0,3,62,9,74,42,56,129,14,241,20,0,20,261
06/22/2000,MSN,WI,AGL,CE,Towers with Radar,48,67,99,6,220,0,3,126,0,129,48,70,225,6,349,98,2,100,449
06/23/2000,MSN,WI,AGL,CE,Towers with Radar,47,58,74,3,182,0,1,126,8,135,47,59,200,11,317,140,8,148,465
06/24/2000,MSN,WI,AGL,CE,Towers with Radar,40,42,85,1,168,0,1,19,0,20,40,43,104,1,188,104,0,104,292
06/25/2000,MSN,WI,AGL,CE,Towers with Radar,37,47,86,1,171,0,1,131,1,133,37,48,217,2,304,148,0,148,452
06/26/2000,MSN,WI,AGL,CE,Towers with Radar,38,74,71,0,183,0,2,75,2,79,38,76,146,2,262,80,0,80,342
06/27/2000,MSN,WI,AGL,CE,Towers with Radar,51,60,88,0,199,0,1,168,0,169,51,61,256,0,368,74,0,74,442
06/28/2000,MSN,WI,AGL,CE,Towers with Radar,43,60,109,2,214,0,1,47,0,48,43,61,156,2,262,28,0,28,290
06/29/2000,MSN,WI,AGL,CE,Towers with Radar,50,67,101,2,220,0,0,164,10,174,50,67,265,12,394,120,0,120,514
06/30/2000,MSN,WI,AGL,CE,Towers with Radar,53,60,91,2,206,0,25,36,6,67,53,85,127,8,273,104,8,112,385
07/01/2000,MSN,WI,AGL,CE,Towers with Radar,38,41,38,0,117,1,0,131,10,142,39,41,169,10,259,164,6,170,429
07/02/2000,MSN,WI,AGL,CE,Towers with Radar,20,28,37,0,85,10,15,9,6,40,30,43,46,6,125,20,0,20,145
07/03/2000,MSN,WI,AGL,CE,Towers with Radar,33,35,73,0,141,0,0,40,0,40,33,35,113,0,181,52,0,52,233
07/04/2000,MSN,WI,AGL,CE,Towers with Radar,41,50,47,0,138,0,0,54,0,54,41,50,101,0,192,92,0,92,284
07/05/2000,MSN,WI,AGL,CE,Towers with Radar,46,55,60,7,168,0,0,90,4,94,46,55,150,11,262,38,4,42,304
07/06/2000,MSN,WI,AGL,CE,Towers with Radar,50,66,67,6,189,0,1,63,2,66,50,67,130,8,255,70,0,70,325
07/07/2000,MSN,WI,AGL,CE,Towers with Radar,48,61,89,3,201,0,0,206,7,213,48,61,295,10,414,126,0,126,540
07/08/2000,MSN,WI,AGL,CE,Towers with Radar,51,39,52,11,153,0,0,44,7,51,51,39,96,18,204,80,4,84,288
07/09/2000,MSN,WI,AGL,CE,Towers with Radar,27,35,50,1,113,11,18,53,3,85,38,53,103,4,198,52,0,52,250
07/10/2000,MSN,WI,AGL,CE,Towers with Radar,41,65,72,1,179,0,0,54,0,54,41,65,126,1,233,38,0,38,271
07/11/2000,MSN,WI,AGL,CE,Towers with Radar,48,68,101,7,224,0,1,86,6,93,48,69,187,13,317,96,16,112,429
07/12/2000,MSN,WI,AGL,CE,Towers with Radar,43,58,80,3,184,0,17,104,10,131,43,75,184,13,315,52,0,52,367
07/13/2000,MSN,WI,AGL,CE,Towers with Radar,46,61,84,3,194,0,15,172,10,197,46,76,256,13,391,134,0,134,525
07/14/2000,MSN,WI,AGL,CE,Towers with Radar,40,57,82,4,183,0,0,116,5,121,40,57,198,9,304,120,0,120,424
07/15/2000,MSN,WI,AGL,CE,Towers with Radar,33,44,61,2,140,19,7,149,7,182,52,51,210,9,322,160,2,162,484
07/16/2000,MSN,WI,AGL,CE,Towers with Radar,32,41,42,3,118,0,0,100,0,100,32,41,142,3,218,158,0,158,376
07/17/2000,MSN,WI,AGL,CE,Towers with Radar,38,58,64,11,171,0,1,123,5,129,38,59,187,16,300,78,12,90,390
07/18/2000,MSN,WI,AGL,CE,Towers with Radar,45,60,83,3,191,2,4,132,7,145,47,64,215,10,336,22,0,22,358
07/19/2000,MSN,WI,AGL,CE,Towers with Radar,44,66,101,0,211,1,0,111,4,116,45,66,212,4,327,66,0,66,393
07/20/2000,MSN,WI,AGL,CE,Towers with Radar,45,56,105,0,206,1,1,103,7,112,46,57,208,7,318,74,18,92,410
07/21/2000,MSN,WI,AGL,CE,Towers with Radar,51,54,56,0,161,1,3,140,13,157,52,57,196,13,318,112,18,130,448
07/22/2000,MSN,WI,AGL,CE,Towers with Radar,38,43,33,2,116,1,2,127,4,134,39,45,160,6,250,114,0,114,364
07/23/2000,MSN,WI,AGL,CE,Towers with Radar,34,51,66,2,153,0,0,221,2,223,34,51,287,4,376,100,0,100,476
07/24/2000,MSN,WI,AGL,CE,Towers with Radar,39,68,61,4,172,0,1,151,3,155,39,69,212,7,327,84,0,84,411
07/25/2000,MSN,WI,AGL,CE,Towers with Radar,43,64,125,2,234,0,2,151,0,153,43,66,276,2,387,96,0,96,483
07/26/2000,MSN,WI,AGL,CE,Towers with Radar,48,71,92,3,214,0,1,91,11,103,48,72,183,14,317,128,0,128,445
07/27/2000,MSN,WI,AGL,CE,Towers with Radar,42,66,116,3,227,0,1,101,3,105,42,67,217,6,332,90,22,112,444
07/28/2000,MSN,WI,AGL,CE,Towers with Radar,45,62,148,8,263,0,2,77,2,81,45,64,225,10,344,10,2,12,356
07/29/2000,MSN,WI,AGL,CE,Towers with Radar,36,48,94,3,181,0,0,66,0,66,36,48,160,3,247,44,0,44,291
07/30/2000,MSN,WI,AGL,CE,Towers with Radar,33,51,146,2,232,0,0,35,0,35,33,51,181,2,267,16,0,16,283
07/31/2000,MSN,WI,AGL,CE,Towers with Radar,46,63,94,0,203,0,0,97,0,97,46,63,191,0,300,94,0,94,394
08/01/2000,MSN,WI,AGL,CE,Towers with Radar,41,60,85,2,188,1,1,56,6,64,42,61,141,8,252,22,0,22,274
08/02/2000,MSN,WI,AGL,CE,Towers with Radar,49,64,104,0,217,1,0,77,6,84,50,64,181,6,301,132,4,136,437
08/03/2000,MSN,WI,AGL,CE,Towers with Radar,40,75,100,0,215,1,0,165,0,166,41,75,265,0,381,110,0,110,491
08/04/2000,MSN,WI,AGL,CE,Towers with Radar,46,62,72,0,180,1,1,117,2,121,47,63,189,2,301,156,0,156,457
08/05/2000,MSN,WI,AGL,CE,Towers with Radar,44,44,47,3,138,0,1,64,1,66,44,45,111,4,204,60,2,62,266
08/06/2000,MSN,WI,AGL,CE,Towers with Radar,27,63,52,0,142,1,0,42,0,43,28,63,94,0,185,64,0,64,249
08/07/2000,MSN,WI,AGL,CE,Towers with Radar,38,66,76,0,180,0,0,130,0,130,38,66,206,0,310,80,0,80,390
08/08/2000,MSN,WI,AGL,CE,Towers with Radar,39,54,81,0,174,0,7,80,2,89,39,61,161,2,263,76,0,76,339
08/09/2000,MSN,WI,AGL,CE,Towers with Radar,40,69,101,1,211,0,0,98,9,107,40,69,199,10,318,46,0,46,364
08/10/2000,MSN,WI,AGL,CE,Towers with Radar,38,64,132,2,236,0,0,178,0,178,38,64,310,2,414,132,0,132,546
08/11/2000,MSN,WI,AGL,CE,Towers with Radar,47,67,86,0,200,0,1,133,2,136,47,68,219,2,336,114,0,114,450
08/12/2000,MSN,WI,AGL,CE,Towers with Radar,41,51,89,2,183,0,0,94,6,100,41,51,183,8,283,148,6,154,437
08/13/2000,MSN,WI,AGL,CE,Towers with Radar,34,46,64,3,147,0,0,61,0,61,34,46,125,3,208,130,0,130,338
08/14/2000,MSN,WI,AGL,CE,Towers with Radar,44,62,92,5,203,0,1,39,2,42,44,63,131,7,245,68,0,68,313
08/15/2000,MSN,WI,AGL,CE,Towers with Radar,47,66,98,2,213,0,4,110,8,122,47,70,208,10,335,150,0,150,485
08/16/2000,MSN,WI,AGL,CE,Towers with Radar,48,52,91,3,194,0,0,133,5,138,48,52,224,8,332,106,0,106,438
08/17/2000,MSN,WI,AGL,CE,Towers with Radar,43,58,167,1,269,0,0,8,0,8,43,58,175,1,277,54,0,54,331
08/18/2000,MSN,WI,AGL,CE,Towers with Radar,48,67,92,5,212,0,2,87,10,99,48,69,179,15,311,70,4,74,385
08/19/2000,MSN,WI,AGL,CE,Towers with Radar,37,51,51,0,139,0,0,140,0,140,37,51,191,0,279,58,2,60,339
08/20/2000,MSN,WI,AGL,CE,Towers with Radar,36,51,58,4,149,0,0,141,6,147,36,51,199,10,296,136,0,136,432
08/21/2000,MSN,WI,AGL,CE,Towers with Radar,50,66,73,0,189,0,4,103,3,110,50,70,176,3,299,64,0,64,363
08/22/2000,MSN,WI,AGL,CE,Towers with Radar,46,74,93,5,218,0,2,32,2,36,46,76,125,7,254,64,12,76,330
08/23/2000,MSN,WI,AGL,CE,Towers with Radar,47,65,89,2,203,0,0,63,0,63,47,65,152,2,266,58,20,78,344
08/24/2000,MSN,WI,AGL,CE,Towers with Radar,49,71,98,7,225,0,0,115,10,125,49,71,213,17,350,134,2,136,486
08/25/2000,MSN,WI,AGL,CE,Towers with Radar,47,64,102,2,215,0,0,113,0,113,47,64,215,2,328,118,0,118,446
08/26/2000,MSN,WI,AGL,CE,Towers with Radar,39,47,45,0,131,0,0,86,2,88,39,47,131,2,219,132,2,134,353
08/27/2000,MSN,WI,AGL,CE,Towers with Radar,32,56,61,0,149,0,0,67,0,67,32,56,128,0,216,72,0,72,288
08/28/2000,MSN,WI,AGL,CE,Towers with Radar,56,53,70,6,185,0,0,56,3,59,56,53,126,9,244,78,0,78,322
08/29/2000,MSN,WI,AGL,CE,Towers with Radar,51,68,110,5,234,0,1,44,9,54,51,69,154,14,288,52,0,52,340
08/30/2000,MSN,WI,AGL,CE,Towers with Radar,47,54,112,10,223,0,1,22,12,35,47,55,134,22,258,36,0,36,294
08/31/2000,MSN,WI,AGL,CE,Towers with Radar,59,59,143,2,263,0,0,82,5,87,59,59,225,7,350,52,0,52,402
09/01/2000,MSN,WI,AGL,CE,Towers with Radar,45,63,103,1,212,0,1,54,3,58,45,64,157,4,270,60,2,62,332
09/02/2000,MSN,WI,AGL,CE,Towers with Radar,39,46,72,1,158,9,0,43,0,52,48,46,115,1,210,76,0,76,286
09/03/2000,MSN,WI,AGL,CE,Towers with Radar,29,37,52,0,118,0,2,36,0,38,29,39,88,0,156,34,0,34,190
09/04/2000,MSN,WI,AGL,CE,Towers with Radar,29,56,69,2,156,0,1,67,1,69,29,57,136,3,225,16,0,16,241
09/05/2000,MSN,WI,AGL,CE,Towers with Radar,45,60,82,2,189,0,2,107,0,109,45,62,189,2,298,24,4,28,326
09/06/2000,MSN,WI,AGL,CE,Towers with Radar,50,81,74,6,211,0,11,136,6,153,50,92,210,12,364,54,0,54,418
09/07/2000,MSN,WI,AGL,CE,Towers with Radar,45,74,128,4,251,0,2,115,8,125,45,76,243,12,376,68,0,68,444
09/08/2000,MSN,WI,AGL,CE,Towers with Radar,52,82,90,2,226,0,1,165,10,176,52,83,255,12,402,82,0,82,484
09/09/2000,MSN,WI,AGL,CE,Towers with Radar,46,55,88,2,191,11,0,15,12,38,57,55,103,14,229,40,8,48,277
09/10/2000,MSN,WI,AGL,CE,Towers with Radar,31,42,47,0,120,0,1,87,0,88,31,43,134,0,208,0,0,0,208
09/11/2000,MSN,WI,AGL,CE,Towers with Radar,35,45,68,1,149,0,0,3,3,6,35,45,71,4,155,20,0,20,175
09/12/2000,MSN,WI,AGL,CE,Towers with Radar,48,66,93,2,209,2,6,122,13,143,50,72,215,15,352,74,4,78,430
09/13/2000,MSN,WI,AGL,CE,Towers with Radar,47,80,114,3,244,0,2,116,12,130,47,82,230,15,374,138,0,138,512
09/14/2000,MSN,WI,AGL,CE,Towers with Radar,50,70,118,5,243,0,2,78,14,94,50,72,196,19,337,108,6,114,451
09/15/2000,MSN,WI,AGL,CE,Towers with Radar,30,41,59,1,131,14,32,157,4,207,44,73,216,5,338,14,0,14,352
09/16/2000,MSN,WI,AGL,CE,Towers with Radar,37,50,71,1,159,9,21,155,3,188,46,71,226,4,347,132,0,132,479
09/17/2000,MSN,WI,AGL,CE,Towers with Radar,43,52,53,0,148,0,0,136,2,138,43,52,189,2,286,130,10,140,426
09/18/2000,MSN,WI,AGL,CE,Towers with Radar,43,71,66,0,180,0,1,69,8,78,43,72,135,8,258,58,0,58,316
09/19/2000,MSN,WI,AGL,CE,Towers with Radar,46,65,96,2,209,0,0,57,10,67,46,65,153,12,276,30,0,30,306
09/20/2000,MSN,WI,AGL,CE,Towers with Radar,44,60,109,3,216,0,1,13,4,18,44,61,122,7,234,54,0,54,288
09/21/2000,MSN,WI,AGL,CE,Towers with Radar,60,75,122,3,260,0,0,49,13,62,60,75,171,16,322,100,0,100,422
09/22/2000,MSN,WI,AGL,CE,Towers with Radar,46,72,101,2,221,0,0,10,11,21,46,72,111,13,242,10,0,10,252
09/23/2000,MSN,WI,AGL,CE,Towers with Radar,37,49,78,0,164,0,0,5,0,5,37,49,83,0,169,10,0,10,179
09/24/2000,MSN,WI,AGL,CE,Towers with Radar,40,53,75,2,170,0,0,93,0,93,40,53,168,2,263,78,0,78,341
09/25/2000,MSN,WI,AGL,CE,Towers with Radar,37,57,58,4,156,0,1,102,0,103,37,58,160,4,259,28,0,28,287
09/26/2000,MSN,WI,AGL,CE,Towers with Radar,49,66,92,2,209,0,1,122,9,132,49,67,214,11,341,50,0,50,391
09/27/2000,MSN,WI,AGL,CE,Towers with Radar,52,83,108,2,245,0,0,159,4,163,52,83,267,6,408,140,0,140,548
09/28/2000,MSN,WI,AGL,CE,Towers with Radar,46,79,86,5,216,0,4,149,13,166,46,83,235,18,382,130,2,132,514
09/29/2000,MSN,WI,AGL,CE,Towers with Radar,49,69,120,4,242,0,0,102,10,112,49,69,222,14,354,54,2,56,410
09/30/2000,MSN,WI,AGL,CE,Towers with Radar,37,51,71,2,161,11,8,286,1,306,48,59,357,3,467,74,0,74,541
10/01/2000,MSN,WI,AGL,CE,Towers with Radar,33,58,46,1,138,1,0,88,2,91,34,58,134,3,229,36,0,36,265
10/02/2000,MSN,WI,AGL,CE,Towers with Radar,41,72,94,1,208,0,0,91,0,91,41,72,185,1,299,28,0,28,327
10/03/2000,MSN,WI,AGL,CE,Towers with Radar,48,71,97,4,220,0,2,86,1,89,48,73,183,5,309,78,0,78,387
10/04/2000,MSN,WI,AGL,CE,Towers with Radar,40,75,83,2,200,0,3,66,11,80,40,78,149,13,280,40,2,42,322
10/05/2000,MSN,WI,AGL,CE,Towers with Radar,49,70,117,3,239,0,2,55,1,58,49,72,172,4,297,30,0,30,327
10/06/2000,MSN,WI,AGL,CE,Towers with Radar,42,62,79,1,184,0,2,55,3,60,42,64,134,4,244,24,0,24,268
10/07/2000,MSN,WI,AGL,CE,Towers with Radar,41,57,56,0,154,0,1,65,0,66,41,58,121,0,220,166,0,166,386
10/08/2000,MSN,WI,AGL,CE,Towers with Radar,33,61,42,2,138,0,1,83,0,84,33,62,125,2,222,62,0,62,284
10/09/2000,MSN,WI,AGL,CE,Towers with Radar,40,64,64,3,171,0,2,104,0,106,40,66,168,3,277,52,0,52,329
10/10/2000,MSN,WI,AGL,CE,Towers with Radar,50,69,75,5,199,0,2,100,0,102,50,71,175,5,301,0,0,0,301
10/11/2000,MSN,WI,AGL,CE,Towers with Radar,43,65,78,2,188,0,6,115,11,132,43,71,193,13,320,114,0,114,434
10/12/2000,MSN,WI,AGL,CE,Towers with Radar,46,70,97,3,216,0,2,128,7,137,46,72,225,10,353,70,0,70,423
10/13/2000,MSN,WI,AGL,CE,Towers with Radar,53,69,95,3,220,1,0,74,21,96,54,69,169,24,316,84,0,84,400
10/14/2000,MSN,WI,AGL,CE,Towers with Radar,40,54,49,6,149,0,4,165,7,176,40,58,214,13,325,70,0,70,395
10/15/2000,MSN,WI,AGL,CE,Towers with Radar,30,54,72,8,164,0,1,24,0,25,30,55,96,8,189,6,0,6,195
10/16/2000,MSN,WI,AGL,CE,Towers with Radar,44,65,82,3,194,0,0,41,6,47,44,65,123,9,241,48,0,48,289
10/17/2000,MSN,WI,AGL,CE,Towers with Radar,44,67,113,6,230,0,3,83,1,87,44,70,196,7,317,80,2,82,399
10/18/2000,MSN,WI,AGL,CE,Towers with Radar,43,74,88,3,208,0,9,120,3,132,43,83,208,6,340,80,0,80,420
10/19/2000,MSN,WI,AGL,CE,Towers with Radar,48,71,103,3,225,0,2,134,14,150,48,73,237,17,375,88,10,98,473
10/20/2000,MSN,WI,AGL,CE,Towers with Radar,45,69,107,3,224,0,1,165,2,168,45,70,272,5,392,40,0,40,432
10/21/2000,MSN,WI,AGL,CE,Towers with Radar,40,64,34,0,138,0,0,161,2,163,40,64,195,2,301,90,6,96,397
10/22/2000,MSN,WI,AGL,CE,Towers with Radar,32,49,56,2,139,4,2,139,1,146,36,51,195,3,285,134,0,134,419
10/23/2000,MSN,WI,AGL,CE,Towers with Radar,55,73,42,6,176,0,0,4,0,4,55,73,46,6,180,4,0,4,184
10/24/2000,MSN,WI,AGL,CE,Towers with Radar,49,62,77,0,188,0,0,28,20,48,49,62,105,20,236,62,4,66,302
10/25/2000,MSN,WI,AGL,CE,Towers with Radar,52,60,95,2,209,0,0,15,0,15,52,60,110,2,224,46,0,46,270
10/26/2000,MSN,WI,AGL,CE,Towers with Radar,49,70,97,1,217,0,0,48,13,61,49,70,145,14,278,38,0,38,316
10/27/2000,MSN,WI,AGL,CE,Towers with Radar,43,66,98,4,211,0,0,28,4,32,43,66,126,8,243,64,0,64,307
10/28/2000,MSN,WI,AGL,CE,Towers with Radar,39,60,70,2,171,5,3,66,0,74,44,63,136,2,245,68,4,72,317
10/29/2000,MSN,WI,AGL,CE,Towers with Radar,31,49,56,0,136,0,7,1,0,8,31,56,57,0,144,58,0,58,202
10/30/2000,MSN,WI,AGL,CE,Towers with Radar,43,69,99,4,215,0,1,76,0,77,43,70,175,4,292,74,1,75,367
10/31/2000,MSN,WI,AGL,CE,Towers with Radar,39,73,91,6,209,0,0,81,9,90,39,73,172,15,299,52,0,52,351
11/01/2000,MSN,WI,AGL,CE,Towers with Radar,51,78,99,5,233,1,0,91,10,102,52,78,190,15,335,52,14,66,401
11/02/2000,MSN,WI,AGL,CE,Towers with Radar,48,84,83,11,226,0,4,96,25,125,48,88,179,36,351,88,2,90,441
11/03/2000,MSN,WI,AGL,CE,Towers with Radar,69,63,82,20,234,1,2,125,8,136,70,65,207,28,370,90,36,126,496
11/04/2000,MSN,WI,AGL,CE,Towers with Radar,44,56,52,12,164,1,0,153,13,167,45,56,205,25,331,118,18,136,467
11/05/2000,MSN,WI,AGL,CE,Towers with Radar,33,50,49,8,140,1,0,115,8,124,34,50,164,16,264,70,20,90,354
11/06/2000,MSN,WI,AGL,CE,Towers with Radar,35,71,57,14,177,1,0,13,1,15,36,71,70,15,192,26,1,27,219
11/07/2000,MSN,WI,AGL,CE,Towers with Radar,41,80,74,20,215,1,0,17,3,21,42,80,91,23,236,16,10,26,262
11/08/2000,MSN,WI,AGL,CE,Towers with Radar,45,74,89,13,221,0,0,128,23,151,45,74,217,36,372,96,16,112,484
11/09/2000,MSN,WI,AGL,CE,Towers with Radar,48,71,109,3,231,1,0,9,3,13,49,71,118,6,244,10,0,10,254
11/10/2000,MSN,WI,AGL,CE,Towers with Radar,45,64,68,4,181,8,0,79,0,87,53,64,147,4,268,92,0,92,360
11/11/2000,MSN,WI,AGL,CE,Towers with Radar,38,58,52,0,148,1,1,124,1,127,39,59,176,1,275,67,0,67,342
11/12/2000,MSN,WI,AGL,CE,Towers with Radar,30,50,40,2,122,1,0,13,3,17,31,50,53,5,139,68,0,68,207
11/13/2000,MSN,WI,AGL,CE,Towers with Radar,36,65,48,2,151,1,0,10,6,17,37,65,58,8,168,6,0,6,174
11/14/2000,MSN,WI,AGL,CE,Towers with Radar,45,65,71,13,194,1,1,46,6,54,46,66,117,19,248,34,0,34,282
11/15/2000,MSN,WI,AGL,CE,Towers with Radar,45,70,82,22,219,1,5,105,9,120,46,75,187,31,339,76,22,98,437
11/16/2000,MSN,WI,AGL,CE,Towers with Radar,30,64,65,2,161,0,1,9,0,10,30,65,74,2,171,0,4,4,175
11/17/2000,MSN,WI,AGL,CE,Towers with Radar,43,64,62,12,181,1,1,38,0,40,44,65,100,12,221,34,0,34,255
11/18/2000,MSN,WI,AGL,CE,Towers with Radar,44,61,27,0,132,1,2,20,0,23,45,63,47,0,155,50,0,50,205
11/19/2000,MSN,WI,AGL,CE,Towers with Radar,32,55,48,1,136,1,0,6,0,7,33,55,54,1,143,14,0,14,157
11/20/2000,MSN,WI,AGL,CE,Towers with Radar,35,63,53,14,165,1,0,8,2,11,36,63,61,16,176,10,0,10,186
11/21/2000,MSN,WI,AGL,CE,Towers with Radar,49,63,87,12,211,0,0,76,9,85,49,63,163,21,296,64,16,80,376
11/22/2000,MSN,WI,AGL,CE,Towers with Radar,44,63,62,14,183,0,5,82,9,96,44,68,144,23,279,82,14,96,375
11/23/2000,MSN,WI,AGL,CE,Towers with Radar,37,48,29,0,114,0,0,38,0,38,37,48,67,0,152,4,0,4,156
11/24/2000,MSN,WI,AGL,CE,Towers with Radar,37,45,59,0,141,0,0,127,0,127,37,45,186,0,268,100,0,100,368
11/25/2000,MSN,WI,AGL,CE,Towers with Radar,39,42,30,2,113,0,1,91,0,92,39,43,121,2,205,86,0,86,291
11/26/2000,MSN,WI,AGL,CE,Towers with Radar,38,53,60,2,153,0,1,11,0,12,38,54,71,2,165,30,0,30,195
11/27/2000,MSN,WI,AGL,CE,Towers with Radar,44,62,51,16,173,0,0,5,0,5,44,62,56,16,178,36,6,42,220
11/28/2000,MSN,WI,AGL,CE,Towers with Radar,46,79,93,19,237,0,7,54,2,63,46,86,147,21,300,40,20,60,360
11/29/2000,MSN,WI,AGL,CE,Towers with Radar,49,62,84,23,218,0,1,5,2,8,49,63,89,25,226,24,0,24,250
11/30/2000,MSN,WI,AGL,CE,Towers with Radar,42,71,66,18,197,0,0,26,12,38,42,71,92,30,235,12,0,12,247
12/01/2000,MSN,WI,AGL,CE,Towers with Radar,40,61,60,11,172,0,0,45,9,54,40,61,105,20,226,54,10,64,290
12/02/2000,MSN,WI,AGL,CE,Towers with Radar,35,45,43,15,138,0,1,165,7,173,35,46,208,22,311,98,8,106,417
12/03/2000,MSN,WI,AGL,CE,Towers with Radar,31,60,44,0,135,0,0,154,0,154,31,60,198,0,289,86,0,86,375
12/04/2000,MSN,WI,AGL,CE,Towers with Radar,34,68,58,20,180,0,0,27,9,36,34,68,85,29,216,28,0,28,244
12/05/2000,MSN,WI,AGL,CE,Towers with Radar,43,65,83,14,205,0,1,54,1,56,43,66,137,15,261,28,0,28,289
12/06/2000,MSN,WI,AGL,CE,Towers with Radar,41,62,77,9,189,0,0,32,8,40,41,62,109,17,229,4,20,24,253
12/07/2000,MSN,WI,AGL,CE,Towers with Radar,39,55,64,7,165,0,0,12,1,13,39,55,76,8,178,6,12,18,196
12/08/2000,MSN,WI,AGL,CE,Towers with Radar,45,65,76,2,188,0,2,94,14,110,45,67,170,16,298,142,2,144,442
12/09/2000,MSN,WI,AGL,CE,Towers with Radar,42,59,52,0,153,0,7,58,0,65,42,66,110,0,218,14,0,14,232
12/10/2000,MSN,WI,AGL,CE,Towers with Radar,31,49,34,0,114,0,0,5,0,5,31,49,39,0,119,6,0,6,125
12/11/2000,MSN,WI,AGL,CE,Towers with Radar,16,16,11,0,43,0,0,3,0,3,16,16,14,0,46,0,0,0,46
12/12/2000,MSN,WI,AGL,CE,Towers with Radar,36,52,56,19,163,0,0,50,10,60,36,52,106,29,223,34,0,34,257
12/13/2000,MSN,WI,AGL,CE,Towers with Radar,30,48,68,0,146,8,0,22,0,30,38,48,90,0,176,16,0,16,192
12/14/2000,MSN,WI,AGL,CE,Towers with Radar,39,53,88,26,206,0,1,77,20,98,39,54,165,46,304,38,12,50,354
12/15/2000,MSN,WI,AGL,CE,Towers with Radar,46,68,79,9,202,0,0,1,7,8,46,68,80,16,210,30,0,30,240
12/16/2000,MSN,WI,AGL,CE,Towers with Radar,24,58,16,0,98,0,0,0,0,0,24,58,16,0,98,0,0,0,98
12/17/2000,MSN,WI,AGL,CE,Towers with Radar,25,36,35,0,96,3,13,28,0,44,28,49,63,0,140,12,0,12,152
12/18/2000,MSN,WI,AGL,CE,Towers with Radar,26,40,44,0,110,0,0,17,0,17,26,40,61,0,127,4,0,4,131
12/19/2000,MSN,WI,AGL,CE,Towers with Radar,46,72,94,0,212,0,1,56,11,68,46,73,150,11,280,64,0,64,344
12/20/2000,MSN,WI,AGL,CE,Towers with Radar,40,50,50,2,142,0,0,9,1,10,40,50,59,3,152,40,0,40,192
12/21/2000,MSN,WI,AGL,CE,Towers with Radar,41,71,69,8,189,0,5,27,2,34,41,76,96,10,223,54,0,54,277
12/22/2000,MSN,WI,AGL,CE,Towers with Radar,43,54,39,6,142,0,1,42,6,49,43,55,81,12,191,32,0,32,223
12/23/2000,MSN,WI,AGL,CE,Towers with Radar,25,36,26,0,87,11,0,0,0,11,36,36,26,0,98,10,0,10,108
12/24/2000,MSN,WI,AGL,CE,Towers with Radar,20,30,29,0,79,7,11,5,0,23,27,41,34,0,102,24,0,24,126
12/25/2000,MSN,WI,AGL,CE,Towers with Radar,21,31,23,0,75,16,32,0,0,48,37,63,23,0,123,14,0,14,137
12/26/2000,MSN,WI,AGL,CE,Towers with Radar,37,55,53,6,151,4,13,35,5,57,41,68,88,11,208,54,0,54,262
12/27/2000,MSN,WI,AGL,CE,Towers with Radar,45,61,68,8,182,0,0,46,27,73,45,61,114,35,255,48,12,60,315
12/28/2000,MSN,WI,AGL,CE,Towers with Radar,34,51,49,5,139,0,4,19,18,41,34,55,68,23,180,58,4,62,242
12/29/2000,MSN,WI,AGL,CE,Towers with Radar,38,51,32,0,121,0,1,0,0,1,38,52,32,0,122,24,0,24,146
12/30/2000,MSN,WI,AGL,CE,Towers with Radar,32,40,46,0,118,5,0,16,0,21,37,40,62,0,139,50,0,50,189
12/31/2000,MSN,WI,AGL,CE,Towers with Radar,27,40,39,0,106,12,4,11,0,27,39,44,50,0,133,22,0,22,155
01/01/2001,MSN,WI,AGL,CE,Towers with Radar,26,54,27,0,107,1,2,98,0,101,27,56,125,0,208,56,0,56,264
01/02/2001,MSN,WI,AGL,CE,Towers with Radar,38,70,46,11,165,0,2,46,4,52,38,72,92,15,217,38,0,38,255
01/03/2001,MSN,WI,AGL,CE,Towers with Radar,35,64,48,21,168,0,1,4,5,10,35,65,52,26,178,32,0,32,210
01/04/2001,MSN,WI,AGL,CE,Towers with Radar,41,58,59,8,166,0,1,3,10,14,41,59,62,18,180,28,8,36,216
01/05/2001,MSN,WI,AGL,CE,Towers with Radar,46,69,59,13,187,0,3,55,11,69,46,72,114,24,256,46,2,48,304
01/06/2001,MSN,WI,AGL,CE,Towers with Radar,38,45,47,16,146,0,2,121,11,134,38,47,168,27,280,132,30,162,442
01/07/2001,MSN,WI,AGL,CE,Towers with Radar,35,50,57,1,143,0,1,93,1,95,35,51,150,2,238,102,0,102,340
01/08/2001,MSN,WI,AGL,CE,Towers with Radar,37,72,56,3,168,0,1,54,4,59,37,73,110,7,227,92,0,92,319
01/09/2001,MSN,WI,AGL,CE,Towers with Radar,43,68,87,20,218,0,2,107,12,121,43,70,194,32,339,58,8,66,405
01/10/2001,MSN,WI,AGL,CE,Towers with Radar,45,62,73,14,194,0,1,75,12,88,45,63,148,26,282,122,16,138,420
01/11/2001,MSN,WI,AGL,CE,Towers with Radar,4,64,93,13,174,0,2,37,16,55,4,66,130,29,229,80,40,120,349
01/12/2001,MSN,WI,AGL,CE,Towers with Radar,36,56,49,0,141,1,1,1,0,3,37,57,50,0,144,12,0,12,156
01/13/2001,MSN,WI,AGL,CE,Towers with Radar,37,47,35,2,121,0,1,0,1,2,37,48,35,3,123,8,0,8,131
01/14/2001,MSN,WI,AGL,CE,Towers with Radar,34,38,6,0,78,1,1,0,0,2,35,39,6,0,80,0,0,0,80
01/15/2001,MSN,WI,AGL,CE,Towers with Radar,31,66,40,3,140,1,0,1,1,3,32,66,41,4,143,12,0,12,155
01/16/2001,MSN,WI,AGL,CE,Towers with Radar,37,68,106,19,230,1,0,59,7,67,38,68,165,26,297,22,2,24,321
01/17/2001,MSN,WI,AGL,CE,Towers with Radar,44,70,72,18,204,1,0,70,19,90,45,70,142,37,294,158,14,172,466
01/18/2001,MSN,WI,AGL,CE,Towers with Radar,46,73,111,36,266,1,0,35,5,41,47,73,146,41,307,82,20,102,409
01/19/2001,MSN,WI,AGL,CE,Towers with Radar,43,67,102,12,224,1,1,54,6,62,44,68,156,18,286,126,2,128,414
01/20/2001,MSN,WI,AGL,CE,Towers with Radar,29,49,49,7,134,0,13,162,13,188,29,62,211,20,322,174,6,180,502
01/21/2001,MSN,WI,AGL,CE,Towers with Radar,27,56,62,1,146,1,1,94,0,96,28,57,156,1,242,124,0,124,366
01/22/2001,MSN,WI,AGL,CE,Towers with Radar,40,72,78,15,205,1,0,113,5,119,41,72,191,20,324,106,6,112,436
01/23/2001,MSN,WI,AGL,CE,Towers with Radar,50,71,86,14,221,0,0,49,8,57,50,71,135,22,278,50,6,56,334
01/24/2001,MSN,WI,AGL,CE,Towers with Radar,47,76,81,13,217,0,0,55,18,73,47,76,136,31,290,42,2,44,334
01/25/2001,MSN,WI,AGL,CE,Towers with Radar,50,71,86,14,221,0,0,49,8,57,50,71,135,22,278,50,6,56,334
01/26/2001,MSN,WI,AGL,CE,Towers with Radar,35,61,64,1,161,0,0,10,0,10,35,61,74,1,171,6,0,6,177
01/27/2001,MSN,WI,AGL,CE,Towers with Radar,29,48,49,5,131,8,7,127,0,142,37,55,176,5,273,152,0,152,425
01/28/2001,MSN,WI,AGL,CE,Towers with Radar,28,53,56,3,140,0,3,79,0,82,28,56,135,3,222,126,2,128,350
01/29/2001,MSN,WI,AGL,CE,Towers with Radar,23,40,41,1,105,0,12,0,0,12,23,52,41,1,117,0,0,0,117
01/30/2001,MSN,WI,AGL,CE,Towers with Radar,41,67,69,10,187,0,2,13,0,15,41,69,82,10,202,16,0,16,218
01/31/2001,MSN,WI,AGL,CE,Towers with Radar,43,66,72,12,193,0,0,15,3,18,43,66,87,15,211,14,14,28,239
02/01/2001,MSN,WI,AGL,CE,Towers with Radar,40,83,78,13,214,1,0,77,5,83,41,83,155,18,297,82,10,92,389
02/02/2001,MSN,WI,AGL,CE,Towers with Radar,37,74,74,8,193,1,0,92,16,109,38,74,166,24,302,24,20,44,346
02/03/2001,MSN,WI,AGL,CE,Towers with Radar,26,55,47,4,132,12,3,20,8,43,38,58,67,12,175,136,2,138,313
02/04/2001,MSN,WI,AGL,CE,Towers with Radar,20,55,57,2,134,1,0,2,0,3,21,55,59,2,137,10,0,10,147
02/05/2001,MSN,WI,AGL,CE,Towers with Radar,29,75,79,5,188,1,1,36,1,39,30,76,115,6,227,68,0,68,295
02/06/2001,MSN,WI,AGL,CE,Towers with Radar,37,82,118,12,249,1,0,41,5,47,38,82,159,17,296,146,12,158,454
02/07/2001,MSN,WI,AGL,CE,Towers with Radar,35,79,89,14,217,1,0,29,4,34,36,79,118,18,251,72,0,72,323
02/08/2001,MSN,WI,AGL,CE,Towers with Radar,37,58,38,0,133,1,0,0,0,1,38,58,38,0,134,4,0,4,138
02/09/2001,MSN,WI,AGL,CE,Towers with Radar,31,74,44,2,151,1,0,0,0,1,32,74,44,2,152,2,0,2,154
02/10/2001,MSN,WI,AGL,CE,Towers with Radar,30,55,38,2,125,1,1,89,0,91,31,56,127,2,216,82,0,82,298
02/11/2001,MSN,WI,AGL,CE,Towers with Radar,22,61,40,5,128,1,0,93,0,94,23,61,133,5,222,90,0,90,312
02/12/2001,MSN,WI,AGL,CE,Towers with Radar,37,79,62,3,181,1,0,65,4,70,38,79,127,7,251,62,0,62,313
02/13/2001,MSN,WI,AGL,CE,Towers with Radar,41,77,80,9,207,1,0,2,0,3,42,77,82,9,210,10,0,10,220
02/14/2001,MSN,WI,AGL,CE,Towers with Radar,44,67,78,0,189,1,0,18,3,22,45,67,96,3,211,6,0,6,217
02/15/2001,MSN,WI,AGL,CE,Towers with Radar,40,71,60,5,176,0,2,85,9,96,40,73,145,14,272,90,2,92,364
02/16/2001,MSN,WI,AGL,CE,Towers with Radar,38,73,77,6,194,0,1,68,0,69,38,74,145,6,263,72,8,80,343
02/17/2001,MSN,WI,AGL,CE,Towers with Radar,31,59,25,0,115,0,0,120,0,120,31,59,145,0,235,148,0,148,383
02/18/2001,MSN,WI,AGL,CE,Towers with Radar,35,62,45,0,142,0,0,85,0,85,35,62,130,0,227,86,0,86,313
02/19/2001,MSN,WI,AGL,CE,Towers with Radar,35,72,47,0,154,0,0,39,0,39,35,72,86,0,193,64,0,64,257
02/20/2001,MSN,WI,AGL,CE,Towers with Radar,31,77,72,6,186,0,0,91,5,96,31,77,163,11,282,62,0,62,344
02/21/2001,MSN,WI,AGL,CE,Towers with Radar,33,85,38,7,163,0,4,87,6,97,33,89,125,13,260,174,0,174,434
02/22/2001,MSN,WI,AGL,CE,Towers with Radar,41,92,100,8,241,0,0,28,9,37,41,92,128,17,278,88,20,108,386
02/23/2001,MSN,WI,AGL,CE,Towers with Radar,44,75,82,3,204,0,3,112,4,119,44,78,194,7,323,132,0,132,455
02/24/2001,MSN,WI,AGL,CE,Towers with Radar,32,48,3,0,83,0,0,2,0,2,32,48,5,0,85,0,0,0,85
02/25/2001,MSN,WI,AGL,CE,Towers with Radar,29,46,20,0,95,0,0,1,0,1,29,46,21,0,96,2,0,2,98
02/26/2001,MSN,WI,AGL,CE,Towers with Radar,30,74,63,6,173,0,5,9,4,18,30,79,72,10,191,18,0,18,209
02/27/2001,MSN,WI,AGL,CE,Towers with Radar,44,106,65,9,224,0,33,95,6,134,44,139,160,15,358,170,0,170,528
02/28/2001,MSN,WI,AGL,CE,Towers with Radar,45,106,89,8,248,0,28,131,16,175,45,134,220,24,423,146,4,150,573
03/01/2001,MSN,WI,AGL,CE,Towers with Radar,45,76,10,11,142,1,0,0,13,14,46,76,10,24,156,78,2,80,236
03/02/2001,MSN,WI,AGL,CE,Towers with Radar,37,80,73,9,199,1,0,0,0,1,38,80,73,9,200,78,0,78,278
03/03/2001,MSN,WI,AGL,CE,Towers with Radar,30,57,44,1,132,1,0,155,3,159,31,57,199,4,291,114,0,114,405
03/04/2001,MSN,WI,AGL,CE,Towers with Radar,26,62,39,9,136,1,1,95,2,99,27,63,134,11,235,18,5,23,258
03/05/2001,MSN,WI,AGL,CE,Towers with Radar,33,65,61,9,168,2,17,35,0,54,35,82,96,9,222,30,0,30,252
03/06/2001,MSN,WI,AGL,CE,Towers with Radar,42,81,97,14,234,1,2,98,17,118,43,83,195,31,352,78,4,82,434
03/07/2001,MSN,WI,AGL,CE,Towers with Radar,40,108,78,17,243,1,1,92,17,111,41,109,170,34,354,70,14,84,438
03/08/2001,MSN,WI,AGL,CE,Towers with Radar,48,91,93,15,247,0,0,75,25,100,48,91,168,40,347,58,6,64,411
03/09/2001,MSN,WI,AGL,CE,Towers with Radar,41,77,72,5,195,0,1,51,0,52,41,78,123,5,247,142,6,148,395
03/10/2001,MSN,WI,AGL,CE,Towers with Radar,42,65,42,1,150,0,2,44,0,46,42,67,86,1,196,62,0,62,258
03/11/2001,MSN,WI,AGL,CE,Towers with Radar,35,49,51,4,139,0,1,165,0,166,35,50,216,4,305,90,0,90,395
03/12/2001,MSN,WI,AGL,CE,Towers with Radar,30,87,49,2,168,0,1,0,0,1,30,88,49,2,169,0,0,0,169
03/13/2001,MSN,WI,AGL,CE,Towers with Radar,43,83,96,29,251,0,4,39,10,53,43,87,135,39,304,48,12,60,364
03/14/2001,MSN,WI,AGL,CE,Towers with Radar,42,101,87,15,245,0,1,48,5,54,42,102,135,20,299,144,10,154,453
03/15/2001,MSN,WI,AGL,CE,Towers with Radar,42,80,64,10,196,0,1,11,7,19,42,81,75,17,215,28,4,32,247
03/16/2001,MSN,WI,AGL,CE,Towers with Radar,40,72,64,26,202,0,2,14,4,20,40,74,78,30,222,48,4,52,274
03/17/2001,MSN,WI,AGL,CE,Towers with Radar,42,59,40,14,155,0,2,131,4,137,42,61,171,18,292,228,16,244,536
03/18/2001,MSN,WI,AGL,CE,Towers with Radar,28,63,46,1,138,0,2,179,0,181,28,65,225,1,319,138,0,138,457
03/19/2001,MSN,WI,AGL,CE,Towers with Radar,35,79,70,20,204,0,3,99,9,111,35,82,169,29,315,70,0,70,385
03/20/2001,MSN,WI,AGL,CE,Towers with Radar,42,74,100,13,229,0,0,139,18,157,42,74,239,31,386,232,14,246,632
03/21/2001,MSN,WI,AGL,CE,Towers with Radar,41,85,84,25,235,0,1,97,8,106,41,86,181,33,341,188,16,204,545
03/22/2001,MSN,WI,AGL,CE,Towers with Radar,36,87,85,20,228,0,0,71,9,80,36,87,156,29,308,174,0,174,482
03/23/2001,MSN,WI,AGL,CE,Towers with Radar,46,85,75,2,208,0,3,118,1,122,46,88,193,3,330,134,2,136,466
03/24/2001,MSN,WI,AGL,CE,Towers with Radar,32,69,32,0,133,0,0,98,0,98,32,69,130,0,231,108,0,108,339
03/25/2001,MSN,WI,AGL,CE,Towers with Radar,36,54,39,0,129,0,0,37,0,37,36,54,76,0,166,74,0,74,240
03/26/2001,MSN,WI,AGL,CE,Towers with Radar,33,68,57,15,173,0,0,71,7,78,33,68,128,22,251,56,8,64,315
03/27/2001,MSN,WI,AGL,CE,Towers with Radar,40,76,78,13,207,0,0,149,25,174,40,76,227,38,381,150,6,156,537
03/28/2001,MSN,WI,AGL,CE,Towers with Radar,41,73,86,20,220,0,1,63,2,66,41,74,149,22,286,104,0,104,390
03/29/2001,MSN,WI,AGL,CE,Towers with Radar,49,78,102,24,253,0,0,11,7,18,49,78,113,31,271,102,20,122,393
03/30/2001,MSN,WI,AGL,CE,Towers with Radar,34,63,75,9,181,0,0,34,2,36,34,63,109,11,217,58,0,58,275
03/31/2001,MSN,WI,AGL,CE,Towers with Radar,42,50,44,0,136,0,8,36,0,44,42,58,80,0,180,96,0,96,276
04/01/2001,MSN,WI,AGL,CE,Towers with Radar,28,50,46,3,127,0,2,117,0,119,28,52,163,3,246,96,0,96,342
04/02/2001,MSN,WI,AGL,CE,Towers with Radar,41,73,72,13,199,0,2,63,4,69,41,75,135,17,268,106,4,110,378
04/03/2001,MSN,WI,AGL,CE,Towers with Radar,55,66,89,12,222,0,0,47,15,62,55,66,136,27,284,64,0,64,348
04/04/2001,MSN,WI,AGL,CE,Towers with Radar,43,74,87,12,216,0,0,41,16,57,43,74,128,28,273,36,16,52,325
04/05/2001,MSN,WI,AGL,CE,Towers with Radar,50,65,70,12,197,0,3,20,7,30,50,68,90,19,227,68,6,74,301
04/06/2001,MSN,WI,AGL,CE,Towers with Radar,42,64,137,4,247,0,2,4,1,7,42,66,141,5,254,46,0,46,300
04/07/2001,MSN,WI,AGL,CE,Towers with Radar,55,53,14,0,122,0,2,9,0,11,55,55,23,0,133,12,0,12,145
04/08/2001,MSN,WI,AGL,CE,Towers with Radar,47,40,69,5,161,0,0,157,0,157,47,40,226,5,318,160,0,160,478
04/09/2001,MSN,WI,AGL,CE,Towers with Radar,39,59,67,13,178,0,1,2,0,3,39,60,69,13,181,34,0,34,215
04/10/2001,MSN,WI,AGL,CE,Towers with Radar,50,74,111,19,254,0,1,74,10,85,50,75,185,29,339,156,0,156,495
04/11/2001,MSN,WI,AGL,CE,Towers with Radar,42,56,45,4,147,6,5,0,0,11,48,61,45,4,158,8,0,8,166
04/12/2001,MSN,WI,AGL,CE,Towers with Radar,50,71,60,18,199,0,1,17,5,23,50,72,77,23,222,34,4,38,260
04/13/2001,MSN,WI,AGL,CE,Towers with Radar,44,69,67,0,180,0,2,168,6,176,44,71,235,6,356,76,0,76,432
04/14/2001,MSN,WI,AGL,CE,Towers with Radar,45,43,30,2,120,0,2,127,0,129,45,45,157,2,249,154,0,154,403
04/15/2001,MSN,WI,AGL,CE,Towers with Radar,39,42,33,0,114,0,1,33,0,34,39,43,66,0,148,38,0,38,186
04/16/2001,MSN,WI,AGL,CE,Towers with Radar,42,59,74,14,189,0,2,21,2,25,42,61,95,16,214,26,0,26,240
04/17/2001,MSN,WI,AGL,CE,Towers with Radar,41,68,85,24,218,0,2,80,25,107,41,70,165,49,325,126,2,128,453
04/18/2001,MSN,WI,AGL,CE,Towers with Radar,44,64,95,11,214,0,2,132,13,147,44,66,227,24,361,136,18,154,515
04/19/2001,MSN,WI,AGL,CE,Towers with Radar,53,72,93,14,232,0,7,134,12,153,53,79,227,26,385,156,28,184,569
04/20/2001,MSN,WI,AGL,CE,Towers with Radar,48,75,98,15,236,0,3,41,15,59,48,78,139,30,295,110,0,110,405
04/21/2001,MSN,WI,AGL,CE,Towers with Radar,48,41,43,18,150,0,5,11,4,20,48,46,54,22,170,14,8,22,192
04/22/2001,MSN,WI,AGL,CE,Towers with Radar,41,58,73,3,175,0,2,6,0,8,41,60,79,3,183,22,0,22,205
04/23/2001,MSN,WI,AGL,CE,Towers with Radar,61,67,55,2,185,0,1,21,4,26,61,68,76,6,211,30,4,34,245
04/24/2001,MSN,WI,AGL,CE,Towers with Radar,46,73,58,10,187,0,7,121,10,138,46,80,179,20,325,84,0,84,409
04/25/2001,MSN,WI,AGL,CE,Towers with Radar,48,72,72,21,213,0,2,118,11,131,48,74,190,32,344,74,20,94,438
04/26/2001,MSN,WI,AGL,CE,Towers with Radar,49,68,113,16,246,0,2,104,9,115,49,70,217,25,361,116,20,136,497
04/27/2001,MSN,WI,AGL,CE,Towers with Radar,45,76,59,7,187,0,3,142,6,151,45,79,201,13,338,200,0,200,538
04/28/2001,MSN,WI,AGL,CE,Towers with Radar,32,43,48,0,123,14,4,144,0,162,46,47,192,0,285,144,0,144,429
04/29/2001,MSN,WI,AGL,CE,Towers with Radar,35,48,37,0,120,0,1,97,0,98,35,49,134,0,218,64,0,64,282
04/30/2001,MSN,WI,AGL,CE,Towers with Radar,43,73,49,14,179,0,1,48,10,59,43,74,97,24,238,72,22,94,332
05/01/2001,MSN,WI,AGL,CE,Towers with Radar,42,78,98,17,235,0,0,71,8,79,42,78,169,25,314,114,10,124,438
05/02/2001,MSN,WI,AGL,CE,Towers with Radar,39,73,69,20,201,0,0,52,3,55,39,73,121,23,256,76,22,98,354
05/03/2001,MSN,WI,AGL,CE,Towers with Radar,48,82,95,2,227,0,0,15,0,15,48,82,110,2,242,20,0,20,262
05/04/2001,MSN,WI,AGL,CE,Towers with Radar,45,75,85,34,239,0,8,31,1,40,45,83,116,35,279,36,0,36,315
05/05/2001,MSN,WI,AGL,CE,Towers with Radar,33,47,56,7,143,9,2,54,6,71,42,49,110,13,214,29,0,29,243
05/06/2001,MSN,WI,AGL,CE,Towers with Radar,37,48,60,0,145,0,1,71,0,72,37,49,131,0,217,130,0,130,347
05/07/2001,MSN,WI,AGL,CE,Towers with Radar,41,66,50,13,170,0,0,52,1,53,41,66,102,14,223,102,12,114,337
05/08/2001,MSN,WI,AGL,CE,Towers with Radar,50,75,75,15,215,0,1,93,11,105,50,76,168,26,320,0,0,0,320
05/09/2001,MSN,WI,AGL,CE,Towers with Radar,50,64,81,13,208,0,0,127,8,135,50,64,208,21,343,148,10,158,501
05/10/2001,MSN,WI,AGL,CE,Towers with Radar,44,68,94,5,211,0,3,104,9,116,44,71,198,14,327,124,2,126,453
05/11/2001,MSN,WI,AGL,CE,Towers with Radar,41,79,107,0,227,0,0,26,0,26,41,79,133,0,253,24,0,24,277
05/12/2001,MSN,WI,AGL,CE,Towers with Radar,33,44,58,0,135,10,0,168,0,178,43,44,226,0,313,226,0,226,539
05/13/2001,MSN,WI,AGL,CE,Towers with Radar,28,41,49,0,118,9,5,103,0,117,37,46,152,0,235,72,2,74,309
05/14/2001,MSN,WI,AGL,CE,Towers with Radar,40,75,70,9,194,0,0,32,7,39,40,75,102,16,233,48,0,48,281
05/15/2001,MSN,WI,AGL,CE,Towers with Radar,41,64,77,9,191,0,11,74,9,94,41,75,151,18,285,120,10,130,415
05/16/2001,MSN,WI,AGL,CE,Towers with Radar,51,75,95,13,234,0,0,114,20,134,51,75,209,33,368,110,0,110,478
05/17/2001,MSN,WI,AGL,CE,Towers with Radar,45,74,99,16,234,0,0,106,14,120,45,74,205,30,354,135,15,150,504
05/18/2001,MSN,WI,AGL,CE,Towers with Radar,45,74,71,14,204,0,3,147,6,156,45,77,218,20,360,168,2,170,530
05/19/2001,MSN,WI,AGL,CE,Towers with Radar,43,46,63,1,153,0,1,168,3,172,43,47,231,4,325,186,0,186,511
05/20/2001,MSN,WI,AGL,CE,Towers with Radar,39,48,80,1,168,0,0,155,7,162,39,48,235,8,330,142,0,142,472
05/21/2001,MSN,WI,AGL,CE,Towers with Radar,44,63,74,14,195,0,3,13,1,17,44,66,87,15,212,20,0,20,232
05/22/2001,MSN,WI,AGL,CE,Towers with Radar,50,60,117,15,242,0,1,46,11,58,50,61,163,26,300,56,10,66,366
05/23/2001,MSN,WI,AGL,CE,Towers with Radar,45,80,123,17,265,0,0,30,17,47,45,80,153,34,312,82,2,84,396
05/24/2001,MSN,WI,AGL,CE,Towers with Radar,46,73,109,20,248,0,0,12,10,22,46,73,121,30,270,108,0,108,378
05/25/2001,MSN,WI,AGL,CE,Towers with Radar,43,68,90,2,203,0,0,62,1,63,43,68,152,3,266,82,0,82,348
05/26/2001,MSN,WI,AGL,CE,Towers with Radar,43,56,70,0,169,0,0,41,0,41,43,56,111,0,210,128,4,132,342
05/27/2001,MSN,WI,AGL,CE,Towers with Radar,34,40,26,0,100,0,3,94,1,98,34,43,120,1,198,98,0,98,296
05/28/2001,MSN,WI,AGL,CE,Towers with Radar,41,51,43,0,135,0,0,123,4,127,41,51,166,4,262,12,2,14,276
05/29/2001,MSN,WI,AGL,CE,Towers with Radar,51,68,88,16,223,0,0,105,17,122,51,68,193,33,345,124,14,138,483
05/30/2001,MSN,WI,AGL,CE,Towers with Radar,49,76,100,13,238,0,1,197,12,210,49,77,297,25,448,238,34,272,720
05/31/2001,MSN,WI,AGL,CE,Towers with Radar,47,61,84,18,210,0,0,68,12,80,47,61,152,30,290,80,2,82,372
06/01/2001,MSN,WI,AGL,CE,Towers with Radar,52,62,72,17,203,0,0,47,0,47,52,62,119,17,250,75,10,85,335
06/02/2001,MSN,WI,AGL,CE,Towers with Radar,44,48,94,4,190,0,0,10,3,13,44,48,104,7,203,94,0,94,297
06/03/2001,MSN,WI,AGL,CE,Towers with Radar,37,45,80,3,165,0,0,82,2,84,37,45,162,5,249,138,0,138,387
06/04/2001,MSN,WI,AGL,CE,Towers with Radar,42,64,81,22,209,0,0,27,0,27,42,64,108,22,236,90,4,94,330
06/05/2001,MSN,WI,AGL,CE,Towers with Radar,47,68,101,12,228,0,2,6,0,8,47,70,107,12,236,48,20,68,304
06/06/2001,MSN,WI,AGL,CE,Towers with Radar,44,65,126,26,261,0,0,4,1,5,44,65,130,27,266,46,0,46,312
06/07/2001,MSN,WI,AGL,CE,Towers with Radar,42,73,114,18,247,0,0,73,6,79,42,73,187,24,326,160,16,176,502
06/08/2001,MSN,WI,AGL,CE,Towers with Radar,42,71,82,10,205,0,0,13,18,31,42,71,95,28,236,118,6,124,360
06/09/2001,MSN,WI,AGL,CE,Towers with Radar,47,46,32,7,132,0,0,197,5,202,47,46,229,12,334,134,0,134,468
06/10/2001,MSN,WI,AGL,CE,Towers with Radar,40,45,44,2,131,0,0,82,0,82,40,45,126,2,213,10,0,10,223
06/11/2001,MSN,WI,AGL,CE,Towers with Radar,42,33,75,0,150,0,0,91,0,91,42,33,166,0,241,92,0,92,333
06/12/2001,MSN,WI,AGL,CE,Towers with Radar,42,57,105,5,209,0,0,70,4,74,42,57,175,9,283,98,0,98,381
06/13/2001,MSN,WI,AGL,CE,Towers with Radar,48,76,101,10,235,0,0,83,6,89,48,76,184,16,324,106,4,110,434
06/14/2001,MSN,WI,AGL,CE,Towers with Radar,42,61,78,8,189,0,1,77,1,79,42,62,155,9,268,96,0,96,364
06/15/2001,MSN,WI,AGL,CE,Towers with Radar,42,61,118,7,228,0,7,64,0,71,42,68,182,7,299,104,0,104,403
06/16/2001,MSN,WI,AGL,CE,Towers with Radar,40,40,71,4,155,0,0,159,4,163,40,40,230,8,318,144,0,144,462
06/17/2001,MSN,WI,AGL,CE,Towers with Radar,28,55,36,3,122,0,2,116,0,118,28,57,152,3,240,140,0,140,380
06/18/2001,MSN,WI,AGL,CE,Towers with Radar,47,55,42,5,149,0,0,10,0,10,47,55,52,5,159,58,6,64,223
06/19/2001,MSN,WI,AGL,CE,Towers with Radar,42,56,78,9,185,9,20,134,16,179,51,76,212,25,364,110,22,132,496
06/20/2001,MSN,WI,AGL,CE,Towers with Radar,50,73,119,0,242,0,0,153,0,153,50,73,272,0,395,154,18,172,567
06/21/2001,MSN,WI,AGL,CE,Towers with Radar,32,58,80,9,179,0,8,69,25,102,32,66,149,34,281,206,0,206,487
06/22/2001,MSN,WI,AGL,CE,Towers with Radar,39,62,108,21,230,0,1,107,8,116,39,63,215,29,346,94,0,94,440
06/23/2001,MSN,WI,AGL,CE,Towers with Radar,42,45,37,0,124,0,1,146,2,149,42,46,183,2,273,142,0,142,415
06/24/2001,MSN,WI,AGL,CE,Towers with Radar,41,45,54,0,140,0,1,122,0,123,41,46,176,0,263,96,0,96,359
06/25/2001,MSN,WI,AGL,CE,Towers with Radar,42,56,77,8,183,3,9,93,15,120,45,65,170,23,303,88,10,98,401
06/26/2001,MSN,WI,AGL,CE,Towers with Radar,42,75,98,12,227,0,5,122,19,146,42,80,220,31,373,98,14,112,485
06/27/2001,MSN,WI,AGL,CE,Towers with Radar,46,76,99,16,237,1,0,102,22,125,47,76,201,38,362,184,12,196,558
06/28/2001,MSN,WI,AGL,CE,Towers with Radar,53,61,106,17,237,0,2,101,9,112,53,63,207,26,349,98,0,98,447
06/29/2001,MSN,WI,AGL,CE,Towers with Radar,48,65,72,0,185,0,0,94,7,101,48,65,166,7,286,74,2,76,362
06/30/2001,MSN,WI,AGL,CE,Towers with Radar,49,43,36,1,129,0,2,92,7,101,49,45,128,8,230,74,18,92,322
07/01/2001,MSN,WI,AGL,CE,Towers with Radar,27,40,53,4,124,0,12,99,1,112,27,52,152,5,236,80,2,82,318
07/02/2001,MSN,WI,AGL,CE,Towers with Radar,39,67,52,9,167,0,3,75,0,78,39,70,127,9,245,90,0,90,335
07/03/2001,MSN,WI,AGL,CE,Towers with Radar,40,65,69,16,190,0,2,98,7,107,40,67,167,23,297,56,28,84,381
07/04/2001,MSN,WI,AGL,CE,Towers with Radar,45,54,29,0,128,0,2,93,0,95,45,56,122,0,223,72,0,72,295
07/05/2001,MSN,WI,AGL,CE,Towers with Radar,42,57,118,11,228,0,0,45,0,45,42,57,163,11,273,150,4,154,427
07/06/2001,MSN,WI,AGL,CE,Towers with Radar,43,64,59,9,175,0,0,99,0,99,43,64,158,9,274,80,14,94,368
07/07/2001,MSN,WI,AGL,CE,Towers with Radar,45,48,36,0,129,0,9,53,0,62,45,57,89,0,191,122,0,122,313
07/08/2001,MSN,WI,AGL,CE,Towers with Radar,34,48,46,0,128,0,0,121,0,121,34,48,167,0,249,50,0,50,299
07/09/2001,MSN,WI,AGL,CE,Towers with Radar,33,73,81,14,201,0,0,72,2,74,33,73,153,16,275,116,18,134,409
07/10/2001,MSN,WI,AGL,CE,Towers with Radar,48,74,88,16,226,0,0,129,5,134,48,74,217,21,360,64,10,74,434
07/11/2001,MSN,WI,AGL,CE,Towers with Radar,44,61,107,17,229,0,0,103,18,121,44,61,210,35,350,94,32,126,476
07/12/2001,MSN,WI,AGL,CE,Towers with Radar,46,67,95,12,220,0,4,138,3,145,46,71,233,15,365,244,8,252,617
07/13/2001,MSN,WI,AGL,CE,Towers with Radar,48,78,55,1,182,0,0,158,6,164,48,78,213,7,346,128,0,128,474
07/14/2001,MSN,WI,AGL,CE,Towers with Radar,45,49,43,1,138,0,2,121,4,127,45,51,164,5,265,96,0,96,361
07/15/2001,MSN,WI,AGL,CE,Towers with Radar,40,46,45,1,132,0,0,120,1,121,40,46,165,2,253,61,0,61,314
07/16/2001,MSN,WI,AGL,CE,Towers with Radar,43,68,61,4,176,0,0,61,3,64,43,68,122,7,240,46,0,46,286
07/17/2001,MSN,WI,AGL,CE,Towers with Radar,42,59,89,1,191,0,1,49,1,51,42,60,138,2,242,128,2,130,372
07/18/2001,MSN,WI,AGL,CE,Towers with Radar,49,72,132,4,257,0,0,21,7,28,49,72,153,11,285,84,0,84,369
07/19/2001,MSN,WI,AGL,CE,Towers with Radar,52,88,127,2,269,0,0,64,7,71,52,88,191,9,340,136,0,136,476
07/20/2001,MSN,WI,AGL,CE,Towers with Radar,47,66,115,9,237,0,1,94,4,99,47,67,209,13,336,54,6,60,396
07/21/2001,MSN,WI,AGL,CE,Towers with Radar,43,53,83,19,198,0,0,103,0,103,43,53,186,19,301,84,2,86,387
07/22/2001,MSN,WI,AGL,CE,Towers with Radar,34,35,83,0,152,0,0,112,0,112,34,35,195,0,264,22,0,22,286
07/23/2001,MSN,WI,AGL,CE,Towers with Radar,31,67,110,5,213,0,8,72,1,81,31,75,182,6,294,168,0,168,462
07/24/2001,MSN,WI,AGL,CE,Towers with Radar,45,83,113,11,252,0,3,158,4,165,45,86,271,15,417,80,10,90,507
07/25/2001,MSN,WI,AGL,CE,Towers with Radar,41,74,156,12,283,0,0,87,3,90,41,74,243,15,373,60,4,64,437
07/26/2001,MSN,WI,AGL,CE,Towers with Radar,56,67,124,15,262,0,1,146,5,152,56,68,270,20,414,10,0,10,424
07/27/2001,MSN,WI,AGL,CE,Towers with Radar,44,72,139,7,262,0,1,125,5,131,44,73,264,12,393,132,0,132,525
07/28/2001,MSN,WI,AGL,CE,Towers with Radar,40,49,79,1,169,0,0,67,0,67,40,49,146,1,236,34,0,34,270
07/29/2001,MSN,WI,AGL,CE,Towers with Radar,35,48,78,2,163,0,0,79,0,79,35,48,157,2,242,60,0,60,302
07/30/2001,MSN,WI,AGL,CE,Towers with Radar,50,70,100,17,237,0,1,86,4,91,50,71,186,21,328,86,10,96,424
07/31/2001,MSN,WI,AGL,CE,Towers with Radar,48,74,81,10,213,0,1,61,4,66,48,75,142,14,279,56,12,68,347
08/01/2001,MSN,WI,AGL,CE,Towers with Radar,38,69,51,10,168,0,5,44,7,56,38,74,95,17,224,160,0,160,384
08/02/2001,MSN,WI,AGL,CE,Towers with Radar,43,71,92,23,229,0,0,47,6,53,43,71,139,29,282,116,0,116,398
08/03/2001,MSN,WI,AGL,CE,Towers with Radar,41,73,79,26,219,0,1,102,2,105,41,74,181,28,324,112,10,122,446
08/04/2001,MSN,WI,AGL,CE,Towers with Radar,37,59,36,18,150,0,0,132,3,135,37,59,168,21,285,162,26,188,473
08/05/2001,MSN,WI,AGL,CE,Towers with Radar,38,59,49,8,154,10,6,146,2,164,48,65,195,10,318,96,0,96,414
08/06/2001,MSN,WI,AGL,CE,Towers with Radar,40,69,84,14,207,0,0,89,1,90,40,69,173,15,297,146,12,158,455
08/07/2001,MSN,WI,AGL,CE,Towers with Radar,39,81,90,11,221,0,1,87,5,93,39,82,177,16,314,134,10,144,458
08/08/2001,MSN,WI,AGL,CE,Towers with Radar,46,80,80,8,214,0,5,76,14,95,46,85,156,22,309,152,12,164,473
08/09/2001,MSN,WI,AGL,CE,Towers with Radar,37,73,109,14,233,0,5,44,10,59,37,78,153,24,292,76,6,82,374
08/10/2001,MSN,WI,AGL,CE,Towers with Radar,45,82,88,1,216,0,0,153,4,157,45,82,241,5,373,144,0,144,517
08/11/2001,MSN,WI,AGL,CE,Towers with Radar,38,63,32,2,135,0,2,121,4,127,38,65,153,6,262,66,0,66,328
08/12/2001,MSN,WI,AGL,CE,Towers with Radar,36,56,41,1,134,0,2,120,4,126,36,58,161,5,260,56,0,56,316
08/13/2001,MSN,WI,AGL,CE,Towers with Radar,41,74,80,10,205,0,2,55,3,60,41,76,135,13,265,88,4,92,357
08/14/2001,MSN,WI,AGL,CE,Towers with Radar,44,75,98,15,232,0,12,148,2,162,44,87,246,17,394,162,0,162,556
08/15/2001,MSN,WI,AGL,CE,Towers with Radar,59,84,89,17,249,0,1,73,2,76,59,85,162,19,325,12,14,26,351
08/16/2001,MSN,WI,AGL,CE,Towers with Radar,57,91,133,10,291,0,0,42,4,46,57,91,175,14,337,104,0,104,441
08/17/2001,MSN,WI,AGL,CE,Towers with Radar,46,82,72,13,213,0,1,138,8,147,46,83,210,21,360,152,18,170,530
08/18/2001,MSN,WI,AGL,CE,Towers with Radar,40,60,50,7,157,0,2,63,8,73,40,62,113,15,230,84,6,90,320
08/19/2001,MSN,WI,AGL,CE,Towers with Radar,30,67,60,4,161,0,3,90,5,98,30,70,150,9,259,92,0,92,351
08/20/2001,MSN,WI,AGL,CE,Towers with Radar,44,70,97,15,226,0,4,153,9,166,44,74,250,24,392,206,10,216,608
08/21/2001,MSN,WI,AGL,CE,Towers with Radar,49,88,110,17,264,0,1,73,4,78,49,89,183,21,342,102,14,116,458
08/22/2001,MSN,WI,AGL,CE,Towers with Radar,36,91,66,5,198,0,0,13,0,13,36,91,79,5,211,78,0,78,289
08/23/2001,MSN,WI,AGL,CE,Towers with Radar,48,87,97,19,251,0,0,59,7,66,48,87,156,26,317,96,6,102,419
08/24/2001,MSN,WI,AGL,CE,Towers with Radar,44,104,132,5,285,0,300,38,0,338,44,404,170,5,623,110,0,110,733
08/25/2001,MSN,WI,AGL,CE,Towers with Radar,35,61,48,2,146,0,0,0,0,0,35,61,48,2,146,24,0,24,170
08/26/2001,MSN,WI,AGL,CE,Towers with Radar,31,55,59,2,147,5,7,204,0,216,36,62,263,2,363,120,0,120,483
08/27/2001,MSN,WI,AGL,CE,Towers with Radar,43,76,85,7,211,0,0,82,0,82,43,76,167,7,293,110,8,118,411
08/28/2001,MSN,WI,AGL,CE,Towers with Radar,42,93,92,11,238,0,4,166,1,171,42,97,258,12,409,114,2,116,525
08/29/2001,MSN,WI,AGL,CE,Towers with Radar,48,85,98,11,242,0,1,135,5,141,48,86,233,16,383,124,0,124,507
08/30/2001,MSN,WI,AGL,CE,Towers with Radar,43,87,88,16,234,0,1,96,4,101,43,88,184,20,335,78,8,86,421
08/31/2001,MSN,WI,AGL,CE,Towers with Radar,56,85,112,4,257,0,0,103,3,106,56,85,215,7,363,98,0,98,461
09/01/2001,MSN,WI,AGL,CE,Towers with Radar,36,54,44,0,134,2,3,112,0,117,38,57,156,0,251,74,0,74,325
09/02/2001,MSN,WI,AGL,CE,Towers with Radar,32,46,40,0,118,1,0,119,0,120,33,46,159,0,238,52,0,52,290
09/03/2001,MSN,WI,AGL,CE,Towers with Radar,31,72,81,0,184,0,0,113,0,113,31,72,194,0,297,50,0,50,347
09/04/2001,MSN,WI,AGL,CE,Towers with Radar,41,75,77,10,203,1,4,98,0,103,42,79,175,10,306,8,4,12,318
09/05/2001,MSN,WI,AGL,CE,Towers with Radar,52,82,82,12,228,6,1,132,3,142,58,83,214,15,370,112,0,112,482
09/06/2001,MSN,WI,AGL,CE,Towers with Radar,43,78,112,15,248,0,0,84,9,93,43,78,196,24,341,86,40,126,467
09/07/2001,MSN,WI,AGL,CE,Towers with Radar,40,78,61,10,189,0,0,34,3,37,40,78,95,13,226,8,2,10,236
09/08/2001,MSN,WI,AGL,CE,Towers with Radar,29,55,61,5,150,11,6,66,17,100,40,61,127,22,250,46,6,52,302
09/09/2001,MSN,WI,AGL,CE,Towers with Radar,34,60,52,0,146,0,2,20,8,30,34,62,72,8,176,14,0,14,190
09/10/2001,MSN,WI,AGL,CE,Towers with Radar,34,72,103,9,218,0,0,120,5,125,34,72,223,14,343,82,14,96,439
09/11/2001,MSN,WI,AGL,CE,Towers with Radar,11,16,24,1,52,2,0,11,4,17,13,16,35,5,69,0,0,0,69
09/12/2001,MSN,WI,AGL,CE,Towers with Radar,0,0,0,0,0,0,0,0,0,0,0,0,0,0,0,0,0,0,0
09/13/2001,MSN,WI,AGL,CE,Towers with Radar,3,9,0,0,12,0,24,0,0,24,3,33,0,0,36,0,0,0,36
09/14/2001,MSN,WI,AGL,CE,Towers with Radar,26,87,6,3,122,0,4,0,1,5,26,91,6,4,127,0,0,0,127
09/15/2001,MSN,WI,AGL,CE,Towers with Radar,24,61,61,0,146,0,0,0,0,0,24,61,61,0,146,2,0,2,148
09/16/2001,MSN,WI,AGL,CE,Towers with Radar,28,71,56,0,155,0,0,0,0,0,28,71,56,0,155,0,0,0,155
09/17/2001,MSN,WI,AGL,CE,Towers with Radar,30,67,75,9,181,0,0,0,0,0,30,67,75,9,181,20,1,21,202
09/18/2001,MSN,WI,AGL,CE,Towers with Radar,43,78,122,0,243,0,0,0,0,0,43,78,122,0,243,16,0,16,259
09/19/2001,MSN,WI,AGL,CE,Towers with Radar,40,70,93,7,210,0,0,19,1,20,40,70,112,8,230,0,0,0,230
09/20/2001,MSN,WI,AGL,CE,Towers with Radar,44,88,105,8,245,0,0,50,1,51,44,88,155,9,296,0,0,0,296
09/21/2001,MSN,WI,AGL,CE,Towers with Radar,43,72,127,5,247,0,0,30,3,33,43,72,157,8,280,10,0,10,290
09/22/2001,MSN,WI,AGL,CE,Towers with Radar,35,59,52,2,148,0,0,81,0,81,35,59,133,2,229,18,0,18,247
09/23/2001,MSN,WI,AGL,CE,Towers with Radar,37,53,53,2,145,0,0,3,0,3,37,53,56,2,148,10,0,10,158
09/24/2001,MSN,WI,AGL,CE,Towers with Radar,39,63,76,10,188,0,0,39,0,39,39,63,115,10,227,27,0,27,254
09/25/2001,MSN,WI,AGL,CE,Towers with Radar,43,75,117,9,244,0,0,101,0,101,43,75,218,9,345,36,0,36,381
09/26/2001,MSN,WI,AGL,CE,Towers with Radar,43,83,86,15,227,0,2,96,2,100,43,85,182,17,327,66,16,82,409
09/27/2001,MSN,WI,AGL,CE,Towers with Radar,42,77,96,24,239,0,1,80,7,88,42,78,176,31,327,112,28,140,467
09/28/2001,MSN,WI,AGL,CE,Towers with Radar,42,68,120,11,241,0,2,40,2,44,42,70,160,13,285,80,10,90,375
09/29/2001,MSN,WI,AGL,CE,Towers with Radar,36,50,87,0,173,0,3,95,0,98,36,53,182,0,271,58,0,58,329
09/30/2001,MSN,WI,AGL,CE,Towers with Radar,28,53,79,2,162,0,0,109,0,109,28,53,188,2,271,110,0,110,381
10/01/2001,MSN,WI,AGL,CE,Towers with Radar,31,72,78,0,181,2,2,109,0,113,33,74,187,0,294,112,16,128,422
10/02/2001,MSN,WI,AGL,CE,Towers with Radar,41,78,97,14,230,1,2,123,11,137,42,80,220,25,367,0,0,0,367
10/03/2001,MSN,WI,AGL,CE,Towers with Radar,35,83,132,15,265,0,5,52,12,69,35,88,184,27,334,46,8,54,388
10/04/2001,MSN,WI,AGL,CE,Towers with Radar,38,83,95,13,229,0,3,75,9,87,38,86,170,22,316,86,0,86,402
10/05/2001,MSN,WI,AGL,CE,Towers with Radar,43,82,73,0,198,0,5,86,2,93,43,87,159,2,291,84,0,84,375
10/06/2001,MSN,WI,AGL,CE,Towers with Radar,30,66,42,2,140,0,9,89,2,100,30,75,131,4,240,40,0,40,280
10/07/2001,MSN,WI,AGL,CE,Towers with Radar,34,50,62,2,148,0,5,128,2,135,34,55,190,4,283,118,0,118,401
10/08/2001,MSN,WI,AGL,CE,Towers with Radar,34,79,48,3,164,1,2,58,2,63,35,81,106,5,227,22,0,22,249
10/09/2001,MSN,WI,AGL,CE,Towers with Radar,35,76,70,8,189,1,3,28,6,38,36,79,98,14,227,70,0,70,297
10/10/2001,MSN,WI,AGL,CE,Towers with Radar,51,76,65,8,200,1,3,5,7,16,52,79,70,15,216,12,4,16,232
10/11/2001,MSN,WI,AGL,CE,Towers with Radar,41,73,119,12,245,1,3,108,9,121,42,76,227,21,366,74,2,76,442
10/12/2001,MSN,WI,AGL,CE,Towers with Radar,32,89,65,18,204,1,4,98,6,109,33,93,163,24,313,78,22,100,413
10/13/2001,MSN,WI,AGL,CE,Towers with Radar,27,52,54,5,138,6,13,10,1,30,33,65,64,6,168,8,0,8,176
10/14/2001,MSN,WI,AGL,CE,Towers with Radar,28,56,58,5,147,0,10,71,0,81,28,66,129,5,228,88,2,90,318
10/15/2001,MSN,WI,AGL,CE,Towers with Radar,38,71,80,9,198,1,1,63,4,69,39,72,143,13,267,66,0,66,333
10/16/2001,MSN,WI,AGL,CE,Towers with Radar,38,82,80,13,213,1,2,60,8,71,39,84,140,21,284,74,20,94,378
10/17/2001,MSN,WI,AGL,CE,Towers with Radar,35,78,105,14,232,1,7,144,9,161,36,85,249,23,393,98,6,104,497
10/18/2001,MSN,WI,AGL,CE,Towers with Radar,32,82,105,15,234,1,5,67,9,82,33,87,172,24,316,58,8,66,382
10/19/2001,MSN,WI,AGL,CE,Towers with Radar,39,75,86,7,207,1,3,94,3,101,40,78,180,10,308,86,2,88,396
10/20/2001,MSN,WI,AGL,CE,Towers with Radar,28,54,55,7,144,10,13,201,0,224,38,67,256,7,368,102,8,110,478
10/21/2001,MSN,WI,AGL,CE,Towers with Radar,30,56,67,2,155,1,6,144,2,153,31,62,211,4,308,130,0,130,438
10/22/2001,MSN,WI,AGL,CE,Towers with Radar,46,69,34,4,153,1,3,39,4,47,47,72,73,8,200,64,0,64,264
10/23/2001,MSN,WI,AGL,CE,Towers with Radar,39,76,119,20,254,1,2,9,6,18,40,78,128,26,272,28,0,28,300
10/24/2001,MSN,WI,AGL,CE,Towers with Radar,25,71,76,5,177,1,2,13,5,21,26,73,89,10,198,52,2,54,252
10/25/2001,MSN,WI,AGL,CE,Towers with Radar,37,90,45,1,173,1,3,9,8,21,38,93,54,9,194,0,0,0,194
10/26/2001,MSN,WI,AGL,CE,Towers with Radar,35,79,65,13,192,1,3,28,1,33,36,82,93,14,225,44,0,44,269
10/27/2001,MSN,WI,AGL,CE,Towers with Radar,70,60,62,16,208,1,6,148,0,155,71,66,210,16,363,54,4,58,421
10/28/2001,MSN,WI,AGL,CE,Towers with Radar,37,56,51,5,149,1,5,109,2,117,38,61,160,7,266,62,0,62,328
10/29/2001,MSN,WI,AGL,CE,Towers with Radar,31,73,68,16,188,1,3,92,1,97,32,76,160,17,285,82,0,82,367
10/30/2001,MSN,WI,AGL,CE,Towers with Radar,35,72,84,16,207,1,2,49,6,58,36,74,133,22,265,50,4,54,319
10/31/2001,MSN,WI,AGL,CE,Towers with Radar,42,83,128,13,266,0,0,0,0,0,42,83,128,13,266,32,0,32,298
11/01/2001,MSN,WI,AGL,CE,Towers with Radar,41,67,89,15,212,0,3,54,8,65,41,70,143,23,277,64,6,70,347
11/02/2001,MSN,WI,AGL,CE,Towers with Radar,39,82,82,9,212,0,0,142,0,142,39,82,224,9,354,140,10,150,504
11/03/2001,MSN,WI,AGL,CE,Towers with Radar,37,57,64,5,163,0,1,146,4,151,37,58,210,9,314,90,8,98,412
11/04/2001,MSN,WI,AGL,CE,Towers with Radar,33,59,49,6,147,0,0,166,1,167,33,59,215,7,314,126,0,126,440
11/05/2001,MSN,WI,AGL,CE,Towers with Radar,35,80,63,4,182,0,0,109,0,109,35,80,172,4,291,66,0,66,357
11/06/2001,MSN,WI,AGL,CE,Towers with Radar,37,82,90,5,214,0,0,60,3,63,37,82,150,8,277,72,8,80,357
11/07/2001,MSN,WI,AGL,CE,Towers with Radar,36,98,96,16,246,0,1,90,6,97,36,99,186,22,343,118,4,122,465
11/08/2001,MSN,WI,AGL,CE,Towers with Radar,42,96,89,15,242,0,0,54,8,62,42,96,143,23,304,58,10,68,372
11/09/2001,MSN,WI,AGL,CE,Towers with Radar,39,75,91,5,210,0,2,98,0,100,39,77,189,5,310,108,0,108,418
11/10/2001,MSN,WI,AGL,CE,Towers with Radar,32,64,45,5,146,0,2,102,0,104,32,66,147,5,250,134,4,138,388
11/11/2001,MSN,WI,AGL,CE,Towers with Radar,36,51,42,7,136,3,5,142,1,151,39,56,184,8,287,166,0,166,453
11/12/2001,MSN,WI,AGL,CE,Towers with Radar,35,71,78,5,189,0,3,101,0,104,35,74,179,5,293,54,0,54,347
11/13/2001,MSN,WI,AGL,CE,Towers with Radar,38,77,100,6,221,0,1,14,7,22,38,78,114,13,243,0,0,0,243
11/14/2001,MSN,WI,AGL,CE,Towers with Radar,37,91,115,7,250,0,2,13,0,15,37,93,128,7,265,52,0,52,317
11/15/2001,MSN,WI,AGL,CE,Towers with Radar,30,86,141,14,271,0,0,64,9,73,30,86,205,23,344,98,6,104,448
11/16/2001,MSN,WI,AGL,CE,Towers with Radar,38,81,88,10,217,0,5,122,5,132,38,86,210,15,349,108,6,114,463
11/17/2001,MSN,WI,AGL,CE,Towers with Radar,40,68,88,2,198,0,1,125,0,126,40,69,213,2,324,166,0,166,490
11/18/2001,MSN,WI,AGL,CE,Towers with Radar,37,61,68,12,178,0,1,36,0,37,37,62,104,12,215,86,6,92,307
11/19/2001,MSN,WI,AGL,CE,Towers with Radar,35,77,69,3,184,0,0,59,0,59,35,77,128,3,243,88,2,90,333
11/20/2001,MSN,WI,AGL,CE,Towers with Radar,43,73,72,7,195,0,2,123,4,129,43,75,195,11,324,142,0,142,466
11/21/2001,MSN,WI,AGL,CE,Towers with Radar,48,80,75,5,208,0,2,136,3,141,48,82,211,8,349,70,4,74,423
11/22/2001,MSN,WI,AGL,CE,Towers with Radar,40,46,23,0,109,0,4,48,0,52,40,50,71,0,161,20,0,20,181
11/23/2001,MSN,WI,AGL,CE,Towers with Radar,41,40,44,1,126,0,1,73,0,74,41,41,117,1,200,92,0,92,292
11/24/2001,MSN,WI,AGL,CE,Towers with Radar,35,58,42,0,135,0,0,1,0,1,35,58,43,0,136,2,0,2,138
11/25/2001,MSN,WI,AGL,CE,Towers with Radar,36,65,91,4,196,0,0,33,0,33,36,65,124,4,229,106,0,106,335
11/26/2001,MSN,WI,AGL,CE,Towers with Radar,38,72,79,14,203,0,4,21,0,25,38,76,100,14,228,64,0,64,292
11/27/2001,MSN,WI,AGL,CE,Towers with Radar,44,85,84,19,232,0,0,4,4,8,44,85,88,23,240,26,14,40,280
11/28/2001,MSN,WI,AGL,CE,Towers with Radar,37,86,78,23,224,0,0,0,0,0,37,86,78,23,224,14,4,18,242
11/29/2001,MSN,WI,AGL,CE,Towers with Radar,38,88,77,10,213,0,0,1,2,3,38,88,78,12,216,4,0,4,220
11/30/2001,MSN,WI,AGL,CE,Towers with Radar,37,82,89,5,213,0,0,0,0,0,37,82,89,5,213,34,40,74,287
12/01/2001,MSN,WI,AGL,CE,Towers with Radar,36,54,37,18,145,1,0,55,2,58,37,54,92,20,203,94,20,114,317
12/02/2001,MSN,WI,AGL,CE,Towers with Radar,33,55,53,4,145,0,0,78,0,78,33,55,131,4,223,114,2,116,339
12/03/2001,MSN,WI,AGL,CE,Towers with Radar,38,52,84,12,186,0,0,107,5,112,38,52,191,17,298,100,4,104,402
12/04/2001,MSN,WI,AGL,CE,Towers with Radar,42,79,106,12,239,0,0,29,10,39,42,79,135,22,278,0,0,0,278
12/05/2001,MSN,WI,AGL,CE,Towers with Radar,37,79,74,9,199,0,0,16,0,16,37,79,90,9,215,36,14,50,265
12/06/2001,MSN,WI,AGL,CE,Towers with Radar,43,81,96,17,237,1,0,116,5,122,44,81,212,22,359,80,0,80,439
12/07/2001,MSN,WI,AGL,CE,Towers with Radar,40,78,91,5,214,0,2,86,0,88,40,80,177,5,302,156,4,160,462
12/08/2001,MSN,WI,AGL,CE,Towers with Radar,35,67,59,5,166,0,0,16,0,16,35,67,75,5,182,54,0,54,236
12/09/2001,MSN,WI,AGL,CE,Towers with Radar,34,58,70,1,163,0,0,126,0,126,34,58,196,1,289,124,0,124,413
12/10/2001,MSN,WI,AGL,CE,Towers with Radar,32,83,62,12,189,0,0,81,2,83,32,83,143,14,272,76,8,84,356
12/11/2001,MSN,WI,AGL,CE,Towers with Radar,40,77,87,15,219,0,5,99,9,113,40,82,186,24,332,92,10,102,434
12/12/2001,MSN,WI,AGL,CE,Towers with Radar,40,86,79,11,216,0,1,5,3,9,40,87,84,14,225,0,0,0,225
12/13/2001,MSN,WI,AGL,CE,Towers with Radar,38,79,97,17,231,0,0,5,8,13,38,79,102,25,244,18,0,18,262
12/14/2001,MSN,WI,AGL,CE,Towers with Radar,39,79,76,10,204,0,0,12,6,18,39,79,88,16,222,10,6,16,238
12/15/2001,MSN,WI,AGL,CE,Towers with Radar,30,63,64,2,159,0,0,0,0,0,30,63,64,2,159,46,0,46,205
12/16/2001,MSN,WI,AGL,CE,Towers with Radar,30,57,33,3,123,0,0,0,0,0,30,57,33,3,123,2,0,2,125
12/17/2001,MSN,WI,AGL,CE,Towers with Radar,34,73,54,21,182,0,0,2,0,2,34,73,56,21,184,22,0,22,206
12/18/2001,MSN,WI,AGL,CE,Towers with Radar,37,86,100,23,246,0,1,124,4,129,37,87,224,27,375,176,18,194,569
12/19/2001,MSN,WI,AGL,CE,Towers with Radar,36,83,75,24,218,0,0,53,10,63,36,83,128,34,281,94,18,112,393
12/20/2001,MSN,WI,AGL,CE,Towers with Radar,33,82,78,14,207,0,3,116,11,130,33,85,194,25,337,118,12,130,467
12/21/2001,MSN,WI,AGL,CE,Towers with Radar,31,83,105,11,230,0,1,111,10,122,31,84,216,21,352,204,16,220,572
12/22/2001,MSN,WI,AGL,CE,Towers with Radar,42,60,41,2,145,0,0,39,0,39,42,60,80,2,184,12,0,12,196
12/23/2001,MSN,WI,AGL,CE,Towers with Radar,32,57,33,0,122,0,0,3,0,3,32,57,36,0,125,14,0,14,139
12/24/2001,MSN,WI,AGL,CE,Towers with Radar,34,54,13,1,102,0,7,24,0,31,34,61,37,1,133,26,0,26,159
12/25/2001,MSN,WI,AGL,CE,Towers with Radar,28,63,15,5,111,0,0,20,0,20,28,63,35,5,131,2,2,4,135
12/26/2001,MSN,WI,AGL,CE,Towers with Radar,28,77,39,5,149,0,1,16,1,18,28,78,55,6,167,4,0,4,171
12/27/2001,MSN,WI,AGL,CE,Towers with Radar,35,75,48,1,159,0,1,27,3,31,35,76,75,4,190,148,0,148,338
12/28/2001,MSN,WI,AGL,CE,Towers with Radar,33,66,58,9,166,1,15,55,4,75,34,81,113,13,241,72,4,76,317
12/29/2001,MSN,WI,AGL,CE,Towers with Radar,33,72,27,2,134,0,0,73,0,73,33,72,100,2,207,38,4,42,249
12/30/2001,MSN,WI,AGL,CE,Towers with Radar,28,59,44,2,133,0,2,30,0,32,28,61,74,2,165,34,4,38,203
12/31/2001,MSN,WI,AGL,CE,Towers with Radar,26,67,27,4,124,0,0,75,5,80,26,67,102,9,204,50,2,52,256
01/01/2002,MSN,WI,AGL,CE,Towers with Radar,24,56,40,4,124,2,1,69,0,72,26,57,109,4,196,128,6,134,330
01/02/2002,MSN,WI,AGL,CE,Towers with Radar,31,78,48,10,167,0,6,92,180,278,31,84,140,190,445,126,6,132,577
01/03/2002,MSN,WI,AGL,CE,Towers with Radar,36,80,65,12,193,0,2,116,9,127,36,82,181,21,320,108,2,110,430
01/04/2002,MSN,WI,AGL,CE,Towers with Radar,36,82,74,14,206,0,2,84,6,92,36,84,158,20,298,100,12,112,410
01/05/2002,MSN,WI,AGL,CE,Towers with Radar,33,55,53,12,153,0,1,76,2,79,33,56,129,14,232,170,16,186,418
01/06/2002,MSN,WI,AGL,CE,Towers with Radar,24,72,36,2,134,0,1,39,1,41,24,73,75,3,175,76,0,76,251
01/07/2002,MSN,WI,AGL,CE,Towers with Radar,28,74,68,13,183,0,6,73,10,89,28,80,141,23,272,79,10,89,361
01/08/2002,MSN,WI,AGL,CE,Towers with Radar,31,87,61,15,194,0,2,57,10,69,31,89,118,25,263,48,6,54,317
01/09/2002,MSN,WI,AGL,CE,Towers with Radar,31,84,104,17,236,0,1,0,1,2,31,85,104,18,238,210,13,223,461
01/10/2002,MSN,WI,AGL,CE,Towers with Radar,35,90,91,23,239,0,0,89,16,105,35,90,180,39,344,100,0,100,444
01/11/2002,MSN,WI,AGL,CE,Towers with Radar,34,88,60,15,197,0,8,102,5,115,34,96,162,20,312,158,6,164,476
01/12/2002,MSN,WI,AGL,CE,Towers with Radar,32,61,53,4,150,0,3,66,4,73,32,64,119,8,223,52,0,52,275
01/13/2002,MSN,WI,AGL,CE,Towers with Radar,25,64,59,4,152,0,3,93,2,98,25,67,152,6,250,158,0,158,408
01/14/2002,MSN,WI,AGL,CE,Towers with Radar,30,86,65,2,183,0,0,0,1,1,30,86,65,3,184,2,0,2,186
01/15/2002,MSN,WI,AGL,CE,Towers with Radar,36,90,79,10,215,0,0,33,1,34,36,90,112,11,249,26,0,26,275
01/16/2002,MSN,WI,AGL,CE,Towers with Radar,28,86,65,0,179,0,0,0,1,1,28,86,65,1,180,0,0,0,180
01/17/2002,MSN,WI,AGL,CE,Towers with Radar,38,84,84,12,218,0,0,40,4,44,38,84,124,16,262,180,2,182,444
01/18/2002,MSN,WI,AGL,CE,Towers with Radar,23,87,85,0,195,1,1,76,1,79,24,88,161,1,274,126,0,126,400
01/19/2002,MSN,WI,AGL,CE,Towers with Radar,30,63,77,7,177,0,6,56,0,62,30,69,133,7,239,154,0,154,393
01/20/2002,MSN,WI,AGL,CE,Towers with Radar,26,63,53,0,142,2,4,58,0,64,28,67,111,0,206,56,0,56,262
01/21/2002,MSN,WI,AGL,CE,Towers with Radar,33,70,59,3,165,0,1,46,0,47,33,71,105,3,212,72,0,72,284
01/22/2002,MSN,WI,AGL,CE,Towers with Radar,30,72,89,13,204,0,2,67,6,75,30,74,156,19,279,146,8,154,433
01/23/2002,MSN,WI,AGL,CE,Towers with Radar,33,86,66,12,197,0,4,79,4,87,33,90,145,16,284,106,27,133,417
01/24/2002,MSN,WI,AGL,CE,Towers with Radar,33,77,96,19,225,0,3,83,8,94,33,80,179,27,319,164,14,178,497
01/25/2002,MSN,WI,AGL,CE,Towers with Radar,36,81,49,14,180,0,2,111,4,117,36,83,160,18,297,80,8,88,385
01/26/2002,MSN,WI,AGL,CE,Towers with Radar,33,64,46,2,145,0,1,175,0,176,33,65,221,2,321,140,0,140,461
01/27/2002,MSN,WI,AGL,CE,Towers with Radar,25,78,31,1,135,0,1,113,0,114,25,79,144,1,249,36,0,36,285
01/28/2002,MSN,WI,AGL,CE,Towers with Radar,30,87,69,11,197,0,1,2,0,3,30,88,71,11,200,46,0,46,246
01/29/2002,MSN,WI,AGL,CE,Towers with Radar,37,82,48,8,175,0,3,12,6,21,37,85,60,14,196,26,0,26,222
01/30/2002,MSN,WI,AGL,CE,Towers with Radar,28,85,58,16,187,0,1,13,6,20,28,86,71,22,207,28,0,28,235
01/31/2002,MSN,WI,AGL,CE,Towers with Radar,30,72,44,0,146,0,1,0,0,1,30,73,44,0,147,12,0,12,159
02/01/2002,MSN,WI,AGL,CE,Towers with Radar,32,82,43,6,163,0,1,80,7,88,32,83,123,13,251,30,0,30,281
02/02/2002,MSN,WI,AGL,CE,Towers with Radar,38,56,48,2,144,0,2,115,2,119,38,58,163,4,263,90,4,94,357
02/03/2002,MSN,WI,AGL,CE,Towers with Radar,27,65,28,0,120,0,3,58,0,61,27,68,86,0,181,38,2,40,221
02/04/2002,MSN,WI,AGL,CE,Towers with Radar,31,74,43,9,157,0,2,62,6,70,31,76,105,15,227,80,6,86,313
02/05/2002,MSN,WI,AGL,CE,Towers with Radar,34,95,78,13,220,0,1,113,6,120,34,96,191,19,340,130,2,132,472
02/06/2002,MSN,WI,AGL,CE,Towers with Radar,31,86,70,3,190,0,1,85,10,96,31,87,155,13,286,84,0,84,370
02/07/2002,MSN,WI,AGL,CE,Towers with Radar,31,94,56,16,197,0,1,89,5,95,31,95,145,21,292,66,8,74,366
02/08/2002,MSN,WI,AGL,CE,Towers with Radar,32,91,53,11,187,0,2,122,2,126,32,93,175,13,313,128,0,128,441
02/09/2002,MSN,WI,AGL,CE,Towers with Radar,30,71,53,7,161,2,4,95,6,107,32,75,148,13,268,86,16,102,370
02/10/2002,MSN,WI,AGL,CE,Towers with Radar,34,58,18,0,110,0,1,13,0,14,34,59,31,0,124,0,0,0,124
02/11/2002,MSN,WI,AGL,CE,Towers with Radar,27,90,55,13,185,0,1,46,2,49,27,91,101,15,234,14,4,18,252
02/12/2002,MSN,WI,AGL,CE,Towers with Radar,37,76,62,10,185,0,2,30,9,41,37,78,92,19,226,42,0,42,268
02/13/2002,MSN,WI,AGL,CE,Towers with Radar,31,91,52,15,189,0,7,95,15,117,31,98,147,30,306,112,34,146,452
02/14/2002,MSN,WI,AGL,CE,Towers with Radar,37,87,71,20,215,0,2,29,6,37,37,89,100,26,252,28,6,34,286
02/15/2002,MSN,WI,AGL,CE,Towers with Radar,53,87,68,3,211,0,2,0,0,2,53,89,68,3,213,44,0,44,257
02/16/2002,MSN,WI,AGL,CE,Towers with Radar,36,68,37,0,141,0,13,22,0,35,36,81,59,0,176,108,0,108,284
02/17/2002,MSN,WI,AGL,CE,Towers with Radar,35,81,66,0,182,0,1,150,0,151,35,82,216,0,333,94,0,94,427
02/18/2002,MSN,WI,AGL,CE,Towers with Radar,36,86,57,1,180,0,2,58,3,63,36,88,115,4,243,60,0,60,303
02/19/2002,MSN,WI,AGL,CE,Towers with Radar,45,81,81,10,217,0,0,23,0,23,45,81,104,10,240,16,0,16,256
02/20/2002,MSN,WI,AGL,CE,Towers with Radar,39,97,49,0,185,0,1,0,0,1,39,98,49,0,186,0,0,0,186
02/21/2002,MSN,WI,AGL,CE,Towers with Radar,35,95,79,16,225,0,2,26,2,30,35,97,105,18,255,38,0,38,293
02/22/2002,MSN,WI,AGL,CE,Towers with Radar,35,93,100,23,251,0,2,139,6,147,35,95,239,29,398,142,0,142,540
02/23/2002,MSN,WI,AGL,CE,Towers with Radar,43,58,55,0,156,0,1,96,0,97,43,59,151,0,253,122,0,122,375
02/24/2002,MSN,WI,AGL,CE,Towers with Radar,29,74,49,3,155,0,2,78,0,80,29,76,127,3,235,84,0,84,319
02/25/2002,MSN,WI,AGL,CE,Towers with Radar,31,90,53,7,181,0,1,28,0,29,31,91,81,7,210,66,0,66,276
02/26/2002,MSN,WI,AGL,CE,Towers with Radar,30,76,80,11,197,0,1,0,2,3,30,77,80,13,200,0,0,0,200
02/27/2002,MSN,WI,AGL,CE,Towers with Radar,39,95,64,11,209,0,5,90,2,97,39,100,154,13,306,140,12,152,458
02/28/2002,MSN,WI,AGL,CE,Towers with Radar,35,97,91,11,234,0,3,52,7,62,35,100,143,18,296,62,8,70,366
03/01/2002,MSN,WI,AGL,CE,Towers with Radar,32,89,73,7,201,0,2,67,9,78,32,91,140,16,279,106,16,122,401
03/02/2002,MSN,WI,AGL,CE,Towers with Radar,28,58,2,0,88,0,0,0,0,0,28,58,2,0,88,0,0,0,88
03/03/2002,MSN,WI,AGL,CE,Towers with Radar,29,64,28,2,123,0,0,31,2,33,29,64,59,4,156,80,0,80,236
03/04/2002,MSN,WI,AGL,CE,Towers with Radar,35,90,62,3,190,0,1,20,2,23,35,91,82,5,213,46,34,80,293
03/05/2002,MSN,WI,AGL,CE,Towers with Radar,37,90,63,7,197,0,4,42,10,56,37,94,105,17,253,36,0,36,289
03/06/2002,MSN,WI,AGL,CE,Towers with Radar,35,95,36,2,168,0,1,9,4,14,35,96,45,6,182,30,0,30,212
03/07/2002,MSN,WI,AGL,CE,Towers with Radar,41,93,69,2,205,0,0,2,0,2,41,93,71,2,207,12,0,12,219
03/08/2002,MSN,WI,AGL,CE,Towers with Radar,38,52,96,7,193,0,1,0,0,1,38,53,96,7,194,18,0,18,212
03/09/2002,MSN,WI,AGL,CE,Towers with Radar,36,69,13,0,118,0,0,1,0,1,36,69,14,0,119,0,0,0,119
03/10/2002,MSN,WI,AGL,CE,Towers with Radar,28,64,63,1,156,0,1,54,0,55,28,65,117,1,211,110,4,114,325
03/11/2002,MSN,WI,AGL,CE,Towers with Radar,37,92,54,5,188,0,2,76,5,83,37,94,130,10,271,146,0,146,417
03/12/2002,MSN,WI,AGL,CE,Towers with Radar,39,93,93,1,226,0,9,159,10,178,39,102,252,11,404,160,16,176,580
03/13/2002,MSN,WI,AGL,CE,Towers with Radar,40,79,95,7,221,0,1,105,7,113,40,80,200,14,334,116,0,116,450
03/14/2002,MSN,WI,AGL,CE,Towers with Radar,42,98,90,3,233,0,2,21,5,28,42,100,111,8,261,30,2,32,293
03/15/2002,MSN,WI,AGL,CE,Towers with Radar,34,98,55,7,194,0,0,29,4,33,34,98,84,11,227,84,0,84,311
03/16/2002,MSN,WI,AGL,CE,Towers with Radar,34,71,60,2,167,0,5,159,3,167,34,76,219,5,334,188,4,192,526
03/17/2002,MSN,WI,AGL,CE,Towers with Radar,31,69,50,0,150,0,1,42,0,43,31,70,92,0,193,78,0,78,271
03/18/2002,MSN,WI,AGL,CE,Towers with Radar,29,88,79,9,205,0,0,68,8,76,29,88,147,17,281,102,8,110,391
03/19/2002,MSN,WI,AGL,CE,Towers with Radar,37,91,100,7,235,0,0,12,2,14,37,91,112,9,249,62,0,62,311
03/20/2002,MSN,WI,AGL,CE,Towers with Radar,43,90,110,5,248,0,0,68,5,73,43,90,178,10,321,140,2,142,463
03/21/2002,MSN,WI,AGL,CE,Towers with Radar,44,89,69,2,204,0,1,34,5,40,44,90,103,7,244,48,0,48,292
03/22/2002,MSN,WI,AGL,CE,Towers with Radar,38,99,119,6,262,0,1,13,0,14,38,100,132,6,276,94,0,94,370
03/23/2002,MSN,WI,AGL,CE,Towers with Radar,41,75,52,2,170,0,5,160,0,165,41,80,212,2,335,166,0,166,501
03/24/2002,MSN,WI,AGL,CE,Towers with Radar,36,77,84,1,198,0,0,71,0,71,36,77,155,1,269,92,0,92,361
03/25/2002,MSN,WI,AGL,CE,Towers with Radar,38,90,44,13,185,0,0,49,0,49,38,90,93,13,234,72,0,72,306
03/26/2002,MSN,WI,AGL,CE,Towers with Radar,38,90,48,7,183,0,3,66,6,75,38,93,114,13,258,58,0,58,316
03/27/2002,MSN,WI,AGL,CE,Towers with Radar,41,28,71,3,143,0,1,130,8,139,41,29,201,11,282,81,12,93,375
03/28/2002,MSN,WI,AGL,CE,Towers with Radar,37,97,66,3,203,0,1,30,6,37,37,98,96,9,240,66,0,66,306
03/29/2002,MSN,WI,AGL,CE,Towers with Radar,40,82,79,2,203,0,4,99,3,106,40,86,178,5,309,184,0,184,493
03/30/2002,MSN,WI,AGL,CE,Towers with Radar,36,71,44,4,155,0,3,65,0,68,36,74,109,4,223,102,0,102,325
03/31/2002,MSN,WI,AGL,CE,Towers with Radar,31,65,52,0,148,0,0,32,0,32,31,65,84,0,180,44,6,50,230
04/01/2002,MSN,WI,AGL,CE,Towers with Radar,39,89,67,2,197,0,1,26,0,27,39,90,93,2,224,44,0,44,268
04/02/2002,MSN,WI,AGL,CE,Towers with Radar,36,72,74,4,186,0,1,1,0,2,36,73,75,4,188,2,0,2,190
04/03/2002,MSN,WI,AGL,CE,Towers with Radar,39,85,97,5,226,0,1,46,4,51,39,86,143,9,277,0,0,0,277
04/04/2002,MSN,WI,AGL,CE,Towers with Radar,44,84,97,10,235,0,11,99,2,112,44,95,196,12,347,172,2,174,521
04/05/2002,MSN,WI,AGL,CE,Towers with Radar,37,85,64,3,189,0,4,90,0,94,37,89,154,3,283,158,0,158,441
04/06/2002,MSN,WI,AGL,CE,Towers with Radar,35,65,42,0,142,0,1,147,0,148,35,66,189,0,290,106,1,107,397
04/07/2002,MSN,WI,AGL,CE,Towers with Radar,32,73,61,2,168,0,1,1,0,2,32,74,62,2,170,30,0,30,200
04/08/2002,MSN,WI,AGL,CE,Towers with Radar,28,88,75,5,196,0,1,0,0,1,28,89,75,5,197,6,0,6,203
04/09/2002,MSN,WI,AGL,CE,Towers with Radar,38,87,89,14,228,0,1,64,9,74,38,88,153,23,302,84,4,88,390
04/10/2002,MSN,WI,AGL,CE,Towers with Radar,38,95,85,11,229,0,1,110,11,122,38,96,195,22,351,120,10,130,481
04/11/2002,MSN,WI,AGL,CE,Towers with Radar,38,98,80,12,228,0,3,83,13,99,38,101,163,25,327,118,0,118,445
04/12/2002,MSN,WI,AGL,CE,Towers with Radar,38,92,82,6,218,0,1,38,4,43,38,93,120,10,261,50,0,50,311
04/13/2002,MSN,WI,AGL,CE,Towers with Radar,48,67,71,2,188,0,2,136,8,146,48,69,207,10,334,124,0,124,458
04/14/2002,MSN,WI,AGL,CE,Towers with Radar,40,73,45,6,164,0,1,70,5,76,40,74,115,11,240,74,2,76,316
04/15/2002,MSN,WI,AGL,CE,Towers with Radar,32,90,71,7,200,0,1,86,0,87,32,91,157,7,287,64,0,64,351
04/16/2002,MSN,WI,AGL,CE,Towers with Radar,32,85,69,10,196,0,7,93,20,120,32,92,162,30,316,72,0,72,388
04/17/2002,MSN,WI,AGL,CE,Towers with Radar,30,101,83,11,225,0,2,114,7,123,30,103,197,18,348,136,0,136,484
04/18/2002,MSN,WI,AGL,CE,Towers with Radar,40,74,63,9,186,0,2,25,4,31,40,76,88,13,217,68,0,68,285
04/19/2002,MSN,WI,AGL,CE,Towers with Radar,46,79,91,9,225,4,0,61,3,68,50,79,152,12,293,92,0,92,385
04/20/2002,MSN,WI,AGL,CE,Towers with Radar,30,67,59,4,160,5,0,97,0,102,35,67,156,4,262,70,0,70,332
04/21/2002,MSN,WI,AGL,CE,Towers with Radar,28,64,25,0,117,0,1,2,0,3,28,65,27,0,120,0,0,0,120
04/22/2002,MSN,WI,AGL,CE,Towers with Radar,35,38,85,22,180,0,1,26,2,29,35,39,111,24,209,132,0,132,341
04/23/2002,MSN,WI,AGL,CE,Towers with Radar,23,102,69,17,211,6,1,121,3,131,29,103,190,20,342,142,12,154,496
04/24/2002,MSN,WI,AGL,CE,Towers with Radar,36,97,78,14,225,0,4,37,6,47,36,101,115,20,272,118,20,138,410
04/25/2002,MSN,WI,AGL,CE,Towers with Radar,39,75,73,8,195,0,4,52,2,58,39,79,125,10,253,30,8,38,291
04/26/2002,MSN,WI,AGL,CE,Towers with Radar,33,102,91,9,235,0,2,149,5,156,33,104,240,14,391,188,26,214,605
04/27/2002,MSN,WI,AGL,CE,Towers with Radar,28,76,38,0,142,0,2,31,0,33,28,78,69,0,175,54,0,54,229
04/28/2002,MSN,WI,AGL,CE,Towers with Radar,29,82,51,0,162,0,1,10,0,11,29,83,61,0,173,32,0,32,205
04/29/2002,MSN,WI,AGL,CE,Towers with Radar,30,53,57,0,140,0,8,72,3,83,30,61,129,3,223,160,10,170,393
04/30/2002,MSN,WI,AGL,CE,Towers with Radar,34,92,94,16,236,0,0,134,2,136,34,92,228,18,372,176,4,180,552
05/01/2002,MSN,WI,AGL,CE,Towers with Radar,30,96,105,15,246,1,0,45,1,47,31,96,150,16,293,64,0,64,357
05/02/2002,MSN,WI,AGL,CE,Towers with Radar,40,88,83,10,221,0,0,34,5,39,40,88,117,15,260,50,12,62,322
05/03/2002,MSN,WI,AGL,CE,Towers with Radar,41,88,55,13,197,1,1,129,0,131,42,89,184,13,328,133,16,149,477
05/04/2002,MSN,WI,AGL,CE,Towers with Radar,31,73,42,6,152,1,4,119,8,132,32,77,161,14,284,116,9,125,409
05/05/2002,MSN,WI,AGL,CE,Towers with Radar,28,71,61,0,160,0,13,81,0,94,28,84,142,0,254,94,0,94,348
05/06/2002,MSN,WI,AGL,CE,Towers with Radar,26,86,58,7,177,1,0,67,2,70,27,86,125,9,247,58,0,58,305
05/07/2002,MSN,WI,AGL,CE,Towers with Radar,37,86,91,14,228,0,1,42,3,46,37,87,133,17,274,52,2,54,328
05/08/2002,MSN,WI,AGL,CE,Towers with Radar,45,80,90,21,236,0,1,31,0,32,45,81,121,21,268,44,14,58,326
05/09/2002,MSN,WI,AGL,CE,Towers with Radar,42,101,80,6,229,0,1,1,0,2,42,102,81,6,231,30,0,30,261
05/10/2002,MSN,WI,AGL,CE,Towers with Radar,37,84,73,1,195,1,0,124,0,125,38,84,197,1,320,116,0,116,436
05/11/2002,MSN,WI,AGL,CE,Towers with Radar,25,58,50,2,135,9,11,28,0,48,34,69,78,2,183,42,0,42,225
05/12/2002,MSN,WI,AGL,CE,Towers with Radar,30,80,74,0,184,0,1,1,0,2,30,81,75,0,186,32,0,32,218
05/13/2002,MSN,WI,AGL,CE,Towers with Radar,36,81,77,16,210,0,1,65,0,66,36,82,142,16,276,122,0,122,398
05/14/2002,MSN,WI,AGL,CE,Towers with Radar,40,100,94,12,246,0,0,81,8,89,40,100,175,20,335,72,6,78,413
05/15/2002,MSN,WI,AGL,CE,Towers with Radar,41,98,87,11,237,0,0,85,8,93,41,98,172,19,330,104,40,144,474
05/16/2002,MSN,WI,AGL,CE,Towers with Radar,44,96,105,17,262,0,2,67,3,72,44,98,172,20,334,114,8,122,456
05/17/2002,MSN,WI,AGL,CE,Towers with Radar,36,100,85,5,226,0,2,84,4,90,36,102,169,9,316,90,26,116,432
05/18/2002,MSN,WI,AGL,CE,Towers with Radar,37,67,42,0,146,0,0,107,0,107,37,67,149,0,253,156,0,156,409
05/19/2002,MSN,WI,AGL,CE,Towers with Radar,27,77,52,0,156,0,2,93,1,96,27,79,145,1,252,96,0,96,348
05/20/2002,MSN,WI,AGL,CE,Towers with Radar,38,86,72,7,203,0,0,82,0,82,38,86,154,7,285,48,0,48,333
05/21/2002,MSN,WI,AGL,CE,Towers with Radar,36,89,74,23,222,0,1,108,1,110,36,90,182,24,332,84,6,90,422
05/22/2002,MSN,WI,AGL,CE,Towers with Radar,40,82,66,17,205,0,2,77,6,85,40,84,143,23,290,40,14,54,344
05/23/2002,MSN,WI,AGL,CE,Towers with Radar,37,93,97,19,246,0,1,59,1,61,37,94,156,20,307,164,12,176,483
05/24/2002,MSN,WI,AGL,CE,Towers with Radar,50,90,99,8,247,0,1,101,0,102,50,91,200,8,349,162,0,162,511
05/25/2002,MSN,WI,AGL,CE,Towers with Radar,37,67,47,1,152,0,0,9,0,9,37,67,56,1,161,48,0,48,209
05/26/2002,MSN,WI,AGL,CE,Towers with Radar,25,60,38,0,123,0,0,102,0,102,25,60,140,0,225,74,0,74,299
05/27/2002,MSN,WI,AGL,CE,Towers with Radar,28,75,45,1,149,0,0,118,0,118,28,75,163,1,267,120,0,120,387
05/28/2002,MSN,WI,AGL,CE,Towers with Radar,27,91,78,15,211,0,0,75,0,75,27,91,153,15,286,90,2,92,378
05/29/2002,MSN,WI,AGL,CE,Towers with Radar,37,89,77,7,210,0,3,48,2,53,37,92,125,9,263,68,8,76,339
05/30/2002,MSN,WI,AGL,CE,Towers with Radar,46,93,103,12,254,0,0,92,4,96,46,93,195,16,350,134,12,146,496
05/31/2002,MSN,WI,AGL,CE,Towers with Radar,42,95,78,5,220,0,1,161,0,162,42,96,239,5,382,80,6,86,468
06/01/2002,MSN,WI,AGL,CE,Towers with Radar,35,70,37,0,142,1,1,101,0,103,36,71,138,0,245,64,0,64,309
06/02/2002,MSN,WI,AGL,CE,Towers with Radar,27,74,40,5,146,0,2,74,0,76,27,76,114,5,222,40,2,42,264
06/03/2002,MSN,WI,AGL,CE,Towers with Radar,38,86,91,3,218,0,1,2,0,3,38,87,93,3,221,6,0,6,227
06/04/2002,MSN,WI,AGL,CE,Towers with Radar,35,82,92,4,213,0,1,0,0,1,35,83,92,4,214,6,0,6,220
06/05/2002,MSN,WI,AGL,CE,Towers with Radar,38,77,136,21,272,0,1,43,0,44,38,78,179,21,316,66,2,68,384
06/06/2002,MSN,WI,AGL,CE,Towers with Radar,39,89,96,23,247,0,1,132,3,136,39,90,228,26,383,138,16,154,537
06/07/2002,MSN,WI,AGL,CE,Towers with Radar,39,94,79,17,229,0,5,37,1,43,39,99,116,18,272,74,0,74,346
06/08/2002,MSN,WI,AGL,CE,Towers with Radar,26,59,53,12,150,13,10,129,8,160,39,69,182,20,310,58,10,68,378
06/09/2002,MSN,WI,AGL,CE,Towers with Radar,32,73,57,10,172,0,3,110,1,114,32,76,167,11,286,156,0,156,442
06/10/2002,MSN,WI,AGL,CE,Towers with Radar,34,83,90,4,211,0,0,31,0,31,34,83,121,4,242,110,8,118,360
06/11/2002,MSN,WI,AGL,CE,Towers with Radar,37,83,74,16,210,3,5,43,4,55,40,88,117,20,265,90,0,90,355
06/12/2002,MSN,WI,AGL,CE,Towers with Radar,43,94,118,23,278,0,1,40,0,41,43,95,158,23,319,48,8,56,375
06/13/2002,MSN,WI,AGL,CE,Towers with Radar,0,0,64,4,68,0,0,0,0,0,0,0,64,4,68,0,0,0,68
06/14/2002,MSN,WI,AGL,CE,Towers with Radar,42,76,79,5,202,0,2,27,10,39,42,78,106,15,241,66,0,66,307
06/15/2002,MSN,WI,AGL,CE,Towers with Radar,40,68,46,4,158,0,1,88,0,89,40,69,134,4,247,36,0,36,283
06/16/2002,MSN,WI,AGL,CE,Towers with Radar,37,75,36,2,150,0,1,97,0,98,37,76,133,2,248,70,0,70,318
06/17/2002,MSN,WI,AGL,CE,Towers with Radar,44,92,87,19,242,0,1,107,2,110,44,93,194,21,352,84,0,84,436
06/18/2002,MSN,WI,AGL,CE,Towers with Radar,38,94,92,19,243,0,2,98,0,100,38,96,190,19,343,52,32,84,427
06/19/2002,MSN,WI,AGL,CE,Towers with Radar,38,115,70,24,247,0,9,78,2,89,38,124,148,26,336,0,0,0,336
06/20/2002,MSN,WI,AGL,CE,Towers with Radar,42,85,80,16,223,0,0,69,7,76,42,85,149,23,299,54,10,64,363
06/21/2002,MSN,WI,AGL,CE,Towers with Radar,41,100,67,4,212,0,1,74,2,77,41,101,141,6,289,60,6,66,355
06/22/2002,MSN,WI,AGL,CE,Towers with Radar,39,86,76,6,207,2,15,65,0,82,41,101,141,6,289,60,6,66,355
06/23/2002,MSN,WI,AGL,CE,Towers with Radar,28,71,47,0,146,0,1,120,0,121,28,72,167,0,267,56,0,56,323
06/24/2002,MSN,WI,AGL,CE,Towers with Radar,32,96,96,18,242,0,1,113,0,114,32,97,209,18,356,122,12,134,490
06/25/2002,MSN,WI,AGL,CE,Towers with Radar,35,94,110,27,266,0,2,80,3,85,35,96,190,30,351,70,20,90,441
06/26/2002,MSN,WI,AGL,CE,Towers with Radar,37,99,78,21,235,0,2,72,6,80,37,101,150,27,315,76,46,122,437
06/27/2002,MSN,WI,AGL,CE,Towers with Radar,41,86,81,16,224,3,0,129,16,148,44,86,210,32,372,120,8,128,500
06/28/2002,MSN,WI,AGL,CE,Towers with Radar,42,92,77,8,219,0,1,154,10,165,42,93,231,18,384,176,12,188,572
06/29/2002,MSN,WI,AGL,CE,Towers with Radar,39,66,35,5,145,0,1,116,8,125,39,67,151,13,270,118,14,132,402
06/30/2002,MSN,WI,AGL,CE,Towers with Radar,30,84,50,12,176,0,1,100,0,101,30,85,150,12,277,106,0,106,383
07/01/2002,MSN,WI,AGL,CE,Towers with Radar,37,76,50,12,175,1,0,93,0,94,38,76,143,12,269,106,14,120,389
07/02/2002,MSN,WI,AGL,CE,Towers with Radar,38,72,82,17,209,0,0,125,4,129,38,72,207,21,338,98,8,106,444
07/03/2002,MSN,WI,AGL,CE,Towers with Radar,43,89,64,20,216,0,2,113,1,116,43,91,177,21,332,110,24,134,466
07/04/2002,MSN,WI,AGL,CE,Towers with Radar,35,55,29,2,121,5,9,43,0,57,40,64,72,2,178,32,0,32,210
07/05/2002,MSN,WI,AGL,CE,Towers with Radar,29,49,42,2,122,0,0,145,0,145,29,49,187,2,267,106,4,110,377
07/06/2002,MSN,WI,AGL,CE,Towers with Radar,24,50,46,1,121,11,20,69,0,100,35,70,115,1,221,84,0,84,305
07/07/2002,MSN,WI,AGL,CE,Towers with Radar,31,77,47,1,156,0,0,62,0,62,31,77,109,1,218,72,0,72,290
07/08/2002,MSN,WI,AGL,CE,Towers with Radar,32,66,62,8,168,8,6,41,4,59,40,72,103,12,227,14,12,26,253
07/09/2002,MSN,WI,AGL,CE,Towers with Radar,45,82,123,23,273,0,0,59,9,68,45,82,182,32,341,64,10,74,415
07/10/2002,MSN,WI,AGL,CE,Towers with Radar,34,90,84,11,219,0,7,132,3,142,34,97,216,14,361,50,12,62,423
07/11/2002,MSN,WI,AGL,CE,Towers with Radar,34,94,79,19,226,0,1,105,5,111,34,95,184,24,337,66,24,90,427
07/12/2002,MSN,WI,AGL,CE,Towers with Radar,44,93,95,13,245,0,0,57,3,60,44,93,152,16,305,138,8,146,451
07/13/2002,MSN,WI,AGL,CE,Towers with Radar,44,66,43,0,153,0,0,1,0,1,44,66,44,0,154,88,0,88,242
07/14/2002,MSN,WI,AGL,CE,Towers with Radar,34,67,36,2,139,0,0,131,0,131,34,67,167,2,270,60,0,60,330
07/15/2002,MSN,WI,AGL,CE,Towers with Radar,49,71,65,6,191,0,0,84,2,86,49,71,149,8,277,91,0,91,368
07/16/2002,MSN,WI,AGL,CE,Towers with Radar,44,78,97,15,234,0,0,90,4,94,44,78,187,19,328,80,10,90,418
07/17/2002,MSN,WI,AGL,CE,Towers with Radar,41,110,92,14,257,0,4,124,7,135,41,114,216,21,392,112,16,128,520
07/18/2002,MSN,WI,AGL,CE,Towers with Radar,43,85,72,20,220,0,0,77,6,83,43,85,149,26,303,56,4,60,363
07/19/2002,MSN,WI,AGL,CE,Towers with Radar,37,98,105,19,259,0,0,60,3,63,37,98,165,22,322,54,4,58,380
07/20/2002,MSN,WI,AGL,CE,Towers with Radar,37,71,40,7,155,0,0,126,1,127,37,71,166,8,282,48,16,64,346
07/21/2002,MSN,WI,AGL,CE,Towers with Radar,32,85,48,2,167,0,0,94,1,95,32,85,142,3,262,56,4,60,322
07/22/2002,MSN,WI,AGL,CE,Towers with Radar,37,93,89,7,226,0,1,80,4,85,37,94,169,11,311,50,10,60,371
07/23/2002,MSN,WI,AGL,CE,Towers with Radar,34,94,99,18,245,0,0,121,5,126,34,94,220,23,371,48,4,52,423
07/24/2002,MSN,WI,AGL,CE,Towers with Radar,41,86,97,15,239,0,0,120,8,128,41,86,217,23,367,46,18,64,431
07/25/2002,MSN,WI,AGL,CE,Towers with Radar,42,89,128,14,273,0,1,95,13,109,42,90,223,27,382,90,26,116,498
07/26/2002,MSN,WI,AGL,CE,Towers with Radar,39,94,145,17,295,0,0,120,7,127,39,94,265,24,422,80,20,100,522
07/27/2002,MSN,WI,AGL,CE,Towers with Radar,37,76,84,0,197,0,0,12,0,12,37,76,96,0,209,48,0,48,257
07/28/2002,MSN,WI,AGL,CE,Towers with Radar,30,77,67,3,177,0,0,116,0,116,30,77,183,3,293,18,0,18,311
07/29/2002,MSN,WI,AGL,CE,Towers with Radar,39,79,88,9,215,0,0,82,0,82,39,79,170,9,297,58,4,62,359
07/30/2002,MSN,WI,AGL,CE,Towers with Radar,42,93,100,8,243,0,0,138,0,138,42,93,238,8,381,66,20,86,467
07/31/2002,MSN,WI,AGL,CE,Towers with Radar,46,83,85,13,227,0,0,72,0,72,46,83,157,13,299,30,0,30,329
08/01/2002,MSN,WI,AGL,CE,Towers with Radar,35,95,79,15,224,2,1,52,9,64,37,96,131,24,288,80,12,92,380
08/02/2002,MSN,WI,AGL,CE,Towers with Radar,38,99,58,3,198,1,1,161,4,167,39,100,219,7,365,90,0,90,455
08/03/2002,MSN,WI,AGL,CE,Towers with Radar,41,67,54,4,166,1,1,121,9,132,42,68,175,13,298,50,4,54,352
08/04/2002,MSN,WI,AGL,CE,Towers with Radar,29,70,56,0,155,1,1,45,4,51,30,71,101,4,206,62,0,62,268
08/05/2002,MSN,WI,AGL,CE,Towers with Radar,37,87,84,4,212,1,0,38,3,42,38,87,122,7,254,94,0,94,348
08/06/2002,MSN,WI,AGL,CE,Towers with Radar,40,96,63,21,220,1,1,145,3,150,41,97,208,24,370,134,30,164,534
08/07/2002,MSN,WI,AGL,CE,Towers with Radar,46,84,81,23,234,1,1,165,3,170,47,85,246,26,404,144,8,152,556
08/08/2002,MSN,WI,AGL,CE,Towers with Radar,44,94,84,19,241,1,3,159,5,168,45,97,243,24,409,92,10,102,511
08/09/2002,MSN,WI,AGL,CE,Towers with Radar,51,87,76,5,219,1,1,147,10,159,52,88,223,15,378,86,0,86,464
08/10/2002,MSN,WI,AGL,CE,Towers with Radar,37,71,48,9,165,1,1,99,4,105,38,72,147,13,270,76,0,76,346
08/11/2002,MSN,WI,AGL,CE,Towers with Radar,34,77,70,8,189,1,0,90,2,93,35,77,160,10,282,64,0,64,346
08/12/2002,MSN,WI,AGL,CE,Towers with Radar,39,81,82,5,207,1,0,35,0,36,40,81,117,5,243,52,0,52,295
08/13/2002,MSN,WI,AGL,CE,Towers with Radar,37,85,88,0,210,1,0,7,3,11,38,85,95,3,221,44,0,44,265
08/14/2002,MSN,WI,AGL,CE,Towers with Radar,38,90,91,5,224,1,0,97,4,102,39,90,188,9,326,48,0,48,374
08/15/2002,MSN,WI,AGL,CE,Towers with Radar,39,91,86,2,218,1,1,105,7,114,40,92,191,9,332,98,0,98,430
08/16/2002,MSN,WI,AGL,CE,Towers with Radar,45,80,94,5,224,0,0,93,0,93,45,80,187,5,317,58,18,76,393
08/17/2002,MSN,WI,AGL,CE,Towers with Radar,36,74,40,0,150,0,2,60,0,62,36,76,100,0,212,130,0,130,342
08/18/2002,MSN,WI,AGL,CE,Towers with Radar,32,78,55,1,166,0,4,141,2,147,32,82,196,3,313,148,0,148,461
08/19/2002,MSN,WI,AGL,CE,Towers with Radar,31,91,71,15,208,0,1,98,3,102,31,92,169,18,310,62,4,66,376
08/20/2002,MSN,WI,AGL,CE,Towers with Radar,43,85,98,19,245,0,1,103,4,108,43,86,201,23,353,96,8,104,457
08/21/2002,MSN,WI,AGL,CE,Towers with Radar,49,92,105,4,250,0,1,40,1,42,49,93,145,5,292,86,0,86,378
08/22/2002,MSN,WI,AGL,CE,Towers with Radar,38,93,109,4,244,0,1,2,6,9,38,94,111,10,253,18,8,26,279
08/23/2002,MSN,WI,AGL,CE,Towers with Radar,47,85,89,5,226,0,2,6,4,12,47,87,95,9,238,46,4,50,288
08/24/2002,MSN,WI,AGL,CE,Towers with Radar,35,80,60,3,178,0,2,86,2,90,35,82,146,5,268,70,0,70,338
08/25/2002,MSN,WI,AGL,CE,Towers with Radar,32,80,62,4,178,0,2,58,0,60,32,82,120,4,238,80,0,80,318
08/26/2002,MSN,WI,AGL,CE,Towers with Radar,36,83,74,7,200,0,4,80,2,86,36,87,154,9,286,80,12,92,378
08/27/2002,MSN,WI,AGL,CE,Towers with Radar,48,87,83,22,240,0,3,130,2,135,48,90,213,24,375,84,12,96,471
08/28/2002,MSN,WI,AGL,CE,Towers with Radar,108,96,129,19,352,0,1,95,9,105,108,97,224,28,457,74,12,86,543
08/29/2002,MSN,WI,AGL,CE,Towers with Radar,45,94,112,12,263,0,1,94,12,107,45,95,206,24,370,76,0,76,446
08/30/2002,MSN,WI,AGL,CE,Towers with Radar,50,85,64,2,201,0,0,121,2,123,50,85,185,4,324,82,0,82,406
08/31/2002,MSN,WI,AGL,CE,Towers with Radar,39,60,39,2,140,0,0,91,1,92,39,60,130,3,232,90,2,92,324
09/01/2002,MSN,WI,AGL,CE,Towers with Radar,35,63,37,3,138,2,3,61,0,66,37,66,98,3,204,72,0,72,276
09/02/2002,MSN,WI,AGL,CE,Towers with Radar,31,67,20,1,119,4,7,29,1,41,35,74,49,2,160,14,0,14,174
09/03/2002,MSN,WI,AGL,CE,Towers with Radar,0,0,0,0,0,38,89,118,17,262,38,89,118,17,262,46,4,50,312
09/04/2002,MSN,WI,AGL,CE,Towers with Radar,36,81,77,10,204,4,7,132,11,154,40,88,209,21,358,90,4,94,452
09/05/2002,MSN,WI,AGL,CE,Towers with Radar,43,70,80,14,207,4,8,94,9,115,47,78,174,23,322,110,18,128,450
09/06/2002,MSN,WI,AGL,CE,Towers with Radar,43,73,76,7,199,4,7,125,6,142,47,80,201,13,341,172,10,182,523
09/07/2002,MSN,WI,AGL,CE,Towers with Radar,35,64,68,17,184,4,6,101,7,118,39,70,169,24,302,148,6,154,456
09/08/2002,MSN,WI,AGL,CE,Towers with Radar,26,74,45,4,149,4,6,85,1,96,30,80,130,5,245,78,14,92,337
09/09/2002,MSN,WI,AGL,CE,Towers with Radar,34,75,72,4,185,4,6,69,1,80,38,81,141,5,265,108,12,120,385
09/10/2002,MSN,WI,AGL,CE,Towers with Radar,42,86,74,21,223,3,8,42,6,59,45,94,116,27,282,62,10,72,354
09/11/2002,MSN,WI,AGL,CE,Towers with Radar,37,72,92,25,226,3,7,110,4,124,40,79,202,29,350,100,6,106,456
09/12/2002,MSN,WI,AGL,CE,Towers with Radar,42,79,82,13,216,3,9,123,9,144,45,88,205,22,360,84,4,88,448
09/13/2002,MSN,WI,AGL,CE,Towers with Radar,30,89,205,10,334,0,0,0,0,0,30,89,205,10,334,90,6,96,430
09/14/2002,MSN,WI,AGL,CE,Towers with Radar,35,68,24,0,127,3,6,43,4,56,38,74,67,4,183,80,0,80,263
09/15/2002,MSN,WI,AGL,CE,Towers with Radar,31,69,53,3,156,3,7,101,1,112,34,76,154,4,268,36,14,50,318
09/16/2002,MSN,WI,AGL,CE,Towers with Radar,36,79,80,16,211,3,6,98,1,108,39,85,178,17,319,60,10,70,389
09/17/2002,MSN,WI,AGL,CE,Towers with Radar,39,79,83,20,221,3,5,99,4,111,42,84,182,24,332,64,12,76,408
09/18/2002,MSN,WI,AGL,CE,Towers with Radar,0,0,0,0,0,0,0,0,0,0,0,0,0,0,0,88,4,92,92
09/19/2002,MSN,WI,AGL,CE,Towers with Radar,39,77,107,15,238,3,6,23,10,42,42,83,130,25,280,46,4,50,330
09/20/2002,MSN,WI,AGL,CE,Towers with Radar,38,71,116,17,242,3,5,11,9,28,41,76,127,26,270,6,4,10,280
09/21/2002,MSN,WI,AGL,CE,Towers with Radar,44,68,51,0,163,3,8,44,5,60,47,76,95,5,223,130,0,130,353
09/22/2002,MSN,WI,AGL,CE,Towers with Radar,38,64,41,2,145,3,6,102,1,112,41,70,143,3,257,72,0,72,329
09/23/2002,MSN,WI,AGL,CE,Towers with Radar,35,80,77,12,204,3,5,84,5,97,38,85,161,17,301,100,4,104,405
09/24/2002,MSN,WI,AGL,CE,Towers with Radar,37,73,113,11,234,3,5,157,14,179,40,78,270,25,413,134,20,154,567
09/25/2002,MSN,WI,AGL,CE,Towers with Radar,36,90,109,17,252,3,6,109,7,125,39,96,218,24,377,104,12,116,493
09/26/2002,MSN,WI,AGL,CE,Towers with Radar,42,85,70,19,216,3,5,106,15,129,45,90,176,34,345,100,14,114,459
09/27/2002,MSN,WI,AGL,CE,Towers with Radar,36,98,113,5,252,3,5,30,1,39,39,103,143,6,291,52,2,54,345
09/28/2002,MSN,WI,AGL,CE,Towers with Radar,33,74,69,6,182,3,10,166,1,180,36,84,235,7,362,166,0,166,528
09/29/2002,MSN,WI,AGL,CE,Towers with Radar,35,71,123,2,231,2,6,5,1,14,37,77,128,3,245,100,0,100,345
09/30/2002,MSN,WI,AGL,CE,Towers with Radar,35,81,41,6,163,2,7,76,4,89,37,88,117,10,252,70,0,70,322
10/01/2002,MSN,WI,AGL,CE,Towers with Radar,42,84,82,5,213,0,2,67,1,70,42,86,149,6,283,90,0,90,373
10/02/2002,MSN,WI,AGL,CE,Towers with Radar,44,80,114,16,254,0,0,4,0,4,44,80,118,16,258,14,0,14,272
10/03/2002,MSN,WI,AGL,CE,Towers with Radar,41,100,149,24,314,0,2,23,1,26,41,102,172,25,340,92,20,112,452
10/04/2002,MSN,WI,AGL,CE,Towers with Radar,44,80,91,16,231,0,0,9,2,11,44,80,100,18,242,22,8,30,272
10/05/2002,MSN,WI,AGL,CE,Towers with Radar,40,85,79,11,215,0,1,130,6,137,40,86,209,17,352,136,6,142,494
10/06/2002,MSN,WI,AGL,CE,Towers with Radar,36,77,45,7,165,0,0,1,0,1,36,77,46,7,166,18,0,18,184
10/07/2002,MSN,WI,AGL,CE,Towers with Radar,42,76,55,9,182,0,0,82,6,88,42,76,137,15,270,102,6,108,378
10/08/2002,MSN,WI,AGL,CE,Towers with Radar,46,81,95,24,246,0,3,84,5,92,46,84,179,29,338,72,0,72,410
10/09/2002,MSN,WI,AGL,CE,Towers with Radar,45,85,85,25,240,0,0,128,20,148,45,85,213,45,388,138,10,148,536
10/10/2002,MSN,WI,AGL,CE,Towers with Radar,47,84,111,15,257,0,0,37,8,45,47,84,148,23,302,90,6,96,398
10/11/2002,MSN,WI,AGL,CE,Towers with Radar,46,84,80,5,215,0,0,133,12,145,46,84,213,17,360,162,2,164,524
10/12/2002,MSN,WI,AGL,CE,Towers with Radar,39,72,57,7,175,0,0,24,1,25,39,72,81,8,200,70,0,70,270
10/13/2002,MSN,WI,AGL,CE,Towers with Radar,41,71,51,0,163,0,0,98,0,98,41,71,149,0,261,134,0,134,395
10/14/2002,MSN,WI,AGL,CE,Towers with Radar,42,93,55,0,190,0,1,85,1,87,42,94,140,1,277,60,0,60,337
10/15/2002,MSN,WI,AGL,CE,Towers with Radar,42,89,80,10,221,0,0,93,4,97,42,89,173,14,318,98,4,102,420
10/16/2002,MSN,WI,AGL,CE,Towers with Radar,41,84,77,21,223,0,1,86,11,98,41,85,163,32,321,76,4,80,401
10/17/2002,MSN,WI,AGL,CE,Towers with Radar,41,86,68,10,205,0,0,15,14,29,41,86,83,24,234,18,12,30,264
10/18/2002,MSN,WI,AGL,CE,Towers with Radar,43,101,73,8,225,0,0,22,6,28,43,101,95,14,253,46,0,46,299
10/19/2002,MSN,WI,AGL,CE,Towers with Radar,33,67,61,8,169,7,5,55,10,77,40,72,116,18,246,108,20,128,374
10/20/2002,MSN,WI,AGL,CE,Towers with Radar,40,78,68,4,190,0,0,132,0,132,40,78,200,4,322,160,2,162,484
10/21/2002,MSN,WI,AGL,CE,Towers with Radar,37,90,57,9,193,0,1,25,2,28,37,91,82,11,221,70,0,70,291
10/22/2002,MSN,WI,AGL,CE,Towers with Radar,39,71,50,14,174,0,0,33,13,46,39,71,83,27,220,98,0,98,318
10/23/2002,MSN,WI,AGL,CE,Towers with Radar,42,93,92,19,246,0,0,42,8,50,42,93,134,27,296,40,4,44,340
10/24/2002,MSN,WI,AGL,CE,Towers with Radar,40,94,71,12,217,0,0,5,7,12,40,94,76,19,229,10,6,16,245
10/25/2002,MSN,WI,AGL,CE,Towers with Radar,43,87,95,6,231,0,0,1,1,2,43,87,96,7,233,24,0,24,257
10/26/2002,MSN,WI,AGL,CE,Towers with Radar,34,68,63,1,166,3,5,51,0,59,37,73,114,1,225,144,0,144,369
10/27/2002,MSN,WI,AGL,CE,Towers with Radar,34,76,63,0,173,0,0,93,2,95,34,76,156,2,268,59,0,59,327
10/28/2002,MSN,WI,AGL,CE,Towers with Radar,43,89,87,16,235,0,0,50,0,50,43,89,137,16,285,130,2,132,417
10/29/2002,MSN,WI,AGL,CE,Towers with Radar,48,83,79,17,227,0,0,55,12,67,48,83,134,29,294,96,0,96,390
10/30/2002,MSN,WI,AGL,CE,Towers with Radar,49,80,80,4,213,0,0,64,15,79,49,80,144,19,292,84,6,90,382
10/31/2002,MSN,WI,AGL,CE,Towers with Radar,45,89,80,15,229,0,1,47,11,59,45,90,127,26,288,46,4,50,338
11/01/2002,MSN,WI,AGL,CE,Towers with Radar,49,83,54,21,207,0,0,85,6,91,49,83,139,27,298,102,0,102,400
11/02/2002,MSN,WI,AGL,CE,Towers with Radar,43,67,51,12,173,0,0,119,5,124,43,67,170,17,297,100,4,104,401
11/03/2002,MSN,WI,AGL,CE,Towers with Radar,39,63,51,5,158,1,14,78,0,93,40,77,129,5,251,66,0,66,317
11/04/2002,MSN,WI,AGL,CE,Towers with Radar,50,80,69,19,218,0,0,88,2,90,50,80,157,21,308,82,0,82,390
11/05/2002,MSN,WI,AGL,CE,Towers with Radar,40,74,63,10,187,0,0,5,0,5,40,74,68,10,192,24,0,24,216
11/06/2002,MSN,WI,AGL,CE,Towers with Radar,47,88,101,18,254,0,0,49,11,60,47,88,150,29,314,76,10,86,400
11/07/2002,MSN,WI,AGL,CE,Towers with Radar,41,86,86,21,234,0,0,53,6,59,41,86,139,27,293,56,8,64,357
11/08/2002,MSN,WI,AGL,CE,Towers with Radar,48,73,52,0,173,0,1,96,3,100,48,74,148,3,273,98,0,98,371
11/09/2002,MSN,WI,AGL,CE,Towers with Radar,38,86,51,2,177,0,0,77,0,77,38,86,128,2,254,73,0,73,327
11/10/2002,MSN,WI,AGL,CE,Towers with Radar,45,64,55,3,167,0,0,23,0,23,45,64,78,3,190,46,2,48,238
11/11/2002,MSN,WI,AGL,CE,Towers with Radar,48,77,54,2,181,0,0,17,1,18,48,77,71,3,199,12,0,12,211
11/12/2002,MSN,WI,AGL,CE,Towers with Radar,45,92,78,17,232,0,0,77,5,82,45,92,155,22,314,70,14,84,398
11/13/2002,MSN,WI,AGL,CE,Towers with Radar,50,80,77,14,221,0,0,118,29,147,50,80,195,43,368,84,0,84,452
11/14/2002,MSN,WI,AGL,CE,Towers with Radar,52,87,89,25,253,0,0,28,15,43,52,87,117,40,296,72,0,72,368
11/15/2002,MSN,WI,AGL,CE,Towers with Radar,43,97,82,23,245,0,0,73,7,80,43,97,155,30,325,24,8,32,357
11/16/2002,MSN,WI,AGL,CE,Towers with Radar,47,68,67,2,184,0,0,134,3,137,47,68,201,5,321,86,8,94,415
11/17/2002,MSN,WI,AGL,CE,Towers with Radar,36,58,49,1,144,6,9,87,0,102,42,67,136,1,246,104,0,104,350
11/18/2002,MSN,WI,AGL,CE,Towers with Radar,40,83,74,14,211,0,0,31,6,37,40,83,105,20,248,14,0,14,262
11/19/2002,MSN,WI,AGL,CE,Towers with Radar,42,76,90,15,223,0,1,87,12,100,42,77,177,27,323,112,14,126,449
11/20/2002,MSN,WI,AGL,CE,Towers with Radar,47,85,93,15,240,0,0,60,17,77,47,85,153,32,317,70,18,88,405
11/21/2002,MSN,WI,AGL,CE,Towers with Radar,46,92,64,9,211,0,0,25,15,40,46,92,89,24,251,86,14,100,351
11/22/2002,MSN,WI,AGL,CE,Towers with Radar,50,83,85,18,236,0,0,85,7,92,50,83,170,25,328,80,14,94,422
11/23/2002,MSN,WI,AGL,CE,Towers with Radar,46,63,31,0,140,0,0,88,2,90,46,63,119,2,230,38,0,38,268
11/24/2002,MSN,WI,AGL,CE,Towers with Radar,42,62,34,4,142,0,0,60,0,60,42,62,94,4,202,22,0,22,224
11/25/2002,MSN,WI,AGL,CE,Towers with Radar,47,90,91,16,244,0,0,54,13,67,47,90,145,29,311,66,24,90,401
11/26/2002,MSN,WI,AGL,CE,Towers with Radar,52,64,84,20,220,0,0,55,4,59,52,64,139,24,279,48,0,48,327
11/27/2002,MSN,WI,AGL,CE,Towers with Radar,50,77,70,25,222,0,1,93,9,103,50,78,163,34,325,50,8,58,383
11/28/2002,MSN,WI,AGL,CE,Towers with Radar,27,47,38,3,115,13,6,22,0,41,40,53,60,3,156,0,0,0,156
11/29/2002,MSN,WI,AGL,CE,Towers with Radar,26,45,36,2,109,7,10,31,0,48,33,55,67,2,157,30,0,30,187
11/30/2002,MSN,WI,AGL,CE,Towers with Radar,37,61,13,0,111,0,0,16,0,16,37,61,29,0,127,8,0,8,135
12/01/2002,MSN,WI,AGL,CE,Towers with Radar,38,73,62,2,175,0,0,38,0,38,38,73,100,2,213,56,0,56,269
12/02/2002,MSN,WI,AGL,CE,Towers with Radar,37,66,52,8,163,3,1,29,0,33,40,67,81,8,196,50,6,56,252
12/03/2002,MSN,WI,AGL,CE,Towers with Radar,40,81,71,13,205,0,0,79,22,101,40,81,150,35,306,44,10,54,360
12/04/2002,MSN,WI,AGL,CE,Towers with Radar,46,80,68,15,209,3,2,39,9,53,49,82,107,24,262,8,10,18,280
12/05/2002,MSN,WI,AGL,CE,Towers with Radar,47,87,77,14,225,0,0,65,30,95,47,87,142,44,320,50,2,52,372
12/06/2002,MSN,WI,AGL,CE,Towers with Radar,45,77,64,17,203,2,4,93,4,103,47,81,157,21,306,56,16,72,378
12/07/2002,MSN,WI,AGL,CE,Towers with Radar,45,64,40,14,163,2,2,82,9,95,47,66,122,23,258,88,18,106,364
12/08/2002,MSN,WI,AGL,CE,Towers with Radar,39,59,49,0,147,2,8,79,0,89,41,67,128,0,236,66,0,66,302
12/09/2002,MSN,WI,AGL,CE,Towers with Radar,41,79,51,16,187,2,2,51,0,55,43,81,102,16,242,48,14,62,304
12/10/2002,MSN,WI,AGL,CE,Towers with Radar,51,79,73,14,217,0,0,100,15,115,51,79,173,29,332,128,21,149,481
12/11/2002,MSN,WI,AGL,CE,Towers with Radar,41,68,89,14,212,2,3,88,11,104,43,71,177,25,316,44,20,64,380
12/12/2002,MSN,WI,AGL,CE,Towers with Radar,51,80,75,14,220,0,0,28,5,33,51,80,103,19,253,32,4,36,289
12/13/2002,MSN,WI,AGL,CE,Towers with Radar,51,71,64,0,186,2,2,0,0,4,53,73,64,0,190,0,0,0,190
12/14/2002,MSN,WI,AGL,CE,Towers with Radar,43,65,54,0,162,2,2,101,0,105,45,67,155,0,267,106,0,106,373
12/15/2002,MSN,WI,AGL,CE,Towers with Radar,40,66,60,4,170,2,6,106,0,114,42,72,166,4,284,196,0,196,480
12/16/2002,MSN,WI,AGL,CE,Towers with Radar,45,68,60,17,190,2,3,42,6,53,47,71,102,23,243,54,0,54,297
12/17/2002,MSN,WI,AGL,CE,Towers with Radar,39,73,70,13,195,2,3,20,0,25,41,76,90,13,220,18,0,18,238
12/18/2002,MSN,WI,AGL,CE,Towers with Radar,42,75,77,6,200,2,2,2,9,15,44,77,79,15,215,2,10,12,227
12/19/2002,MSN,WI,AGL,CE,Towers with Radar,49,88,109,23,269,1,3,47,6,57,50,91,156,29,326,86,0,86,412
12/20/2002,MSN,WI,AGL,CE,Towers with Radar,47,78,62,5,192,1,4,11,8,24,48,82,73,13,216,0,0,0,216
12/21/2002,MSN,WI,AGL,CE,Towers with Radar,38,59,49,1,147,10,6,74,0,90,48,65,123,1,237,58,0,58,295
12/22/2002,MSN,WI,AGL,CE,Towers with Radar,42,53,31,0,126,1,2,22,0,25,43,55,53,0,151,62,0,62,213
12/23/2002,MSN,WI,AGL,CE,Towers with Radar,42,67,36,1,146,1,2,69,10,82,43,69,105,11,228,88,0,88,316
12/24/2002,MSN,WI,AGL,CE,Towers with Radar,52,59,19,1,131,1,3,62,0,66,53,62,81,1,197,72,0,72,269
12/25/2002,MSN,WI,AGL,CE,Towers with Radar,42,49,17,0,108,1,2,4,0,7,43,51,21,0,115,30,0,30,145
12/26/2002,MSN,WI,AGL,CE,Towers with Radar,55,79,38,19,191,1,3,92,2,98,56,82,130,21,289,60,4,64,353
12/27/2002,MSN,WI,AGL,CE,Towers with Radar,47,78,57,13,195,1,5,54,0,60,48,83,111,13,255,30,16,46,301
12/28/2002,MSN,WI,AGL,CE,Towers with Radar,41,73,35,0,149,1,6,27,0,34,42,79,62,0,183,68,0,68,251
12/29/2002,MSN,WI,AGL,CE,Towers with Radar,46,68,43,0,157,1,2,41,0,44,47,70,84,0,201,44,0,44,245
12/30/2002,MSN,WI,AGL,CE,Towers with Radar,43,62,46,20,171,1,2,13,3,19,44,64,59,23,190,46,18,64,254
12/31/2002,MSN,WI,AGL,CE,Towers with Radar,38,76,32,21,167,1,2,129,6,138,39,78,161,27,305,136,8,144,449
01/01/2003,MSN,WI,AGL,CE,Towers with Radar,38,55,28,0,121,1,0,19,0,20,39,55,47,0,141,12,0,12,153
01/02/2003,MSN,WI,AGL,CE,Towers with Radar,41,78,32,13,164,0,0,16,5,21,41,78,48,18,185,10,8,18,203
01/03/2003,MSN,WI,AGL,CE,Towers with Radar,38,66,47,5,156,10,7,102,0,119,48,73,149,5,275,112,0,112,387
01/04/2003,MSN,WI,AGL,CE,Towers with Radar,33,57,41,3,134,10,16,59,0,85,43,73,100,3,219,118,0,118,337
01/05/2003,MSN,WI,AGL,CE,Towers with Radar,40,59,39,0,138,0,0,0,0,0,40,59,39,0,138,6,0,6,144
01/06/2003,MSN,WI,AGL,CE,Towers with Radar,44,81,61,13,199,0,0,58,3,61,44,81,119,16,260,38,0,38,298
01/07/2003,MSN,WI,AGL,CE,Towers with Radar,49,77,58,15,199,0,0,57,3,60,49,77,115,18,259,52,8,60,319
01/08/2003,MSN,WI,AGL,CE,Towers with Radar,46,76,82,20,224,0,0,88,0,88,46,76,170,20,312,108,16,124,436
01/09/2003,MSN,WI,AGL,CE,Towers with Radar,43,78,90,14,225,0,0,41,14,55,43,78,131,28,280,30,0,30,310
01/10/2003,MSN,WI,AGL,CE,Towers with Radar,63,68,84,16,231,0,0,31,1,32,63,68,115,17,263,54,2,56,319
01/11/2003,MSN,WI,AGL,CE,Towers with Radar,47,64,36,2,149,0,1,76,4,81,47,65,112,6,230,52,0,52,282
01/12/2003,MSN,WI,AGL,CE,Towers with Radar,42,68,33,2,145,0,0,83,0,83,42,68,116,2,228,42,0,42,270
01/13/2003,MSN,WI,AGL,CE,Towers with Radar,39,76,37,15,167,0,0,46,3,49,39,76,83,18,216,92,14,106,322
01/14/2003,MSN,WI,AGL,CE,Towers with Radar,48,89,72,14,223,0,1,51,10,62,48,90,123,24,285,38,16,54,339
01/15/2003,MSN,WI,AGL,CE,Towers with Radar,46,87,52,21,206,0,0,63,5,68,46,87,115,26,274,62,10,72,346
01/16/2003,MSN,WI,AGL,CE,Towers with Radar,32,91,84,11,218,0,0,51,7,58,32,91,135,18,276,50,0,50,326
01/17/2003,MSN,WI,AGL,CE,Towers with Radar,55,77,49,2,183,0,0,94,2,96,55,77,143,4,279,102,0,102,381
01/18/2003,MSN,WI,AGL,CE,Towers with Radar,38,72,50,0,160,0,3,42,0,45,38,75,92,0,205,68,0,68,273
01/19/2003,MSN,WI,AGL,CE,Towers with Radar,36,70,34,2,142,0,1,23,0,24,36,71,57,2,166,34,2,36,202
01/20/2003,MSN,WI,AGL,CE,Towers with Radar,45,82,54,0,181,0,0,61,0,61,45,82,115,0,242,64,0,64,306
01/21/2003,MSN,WI,AGL,CE,Towers with Radar,46,87,61,25,219,0,1,49,7,57,46,88,110,32,276,70,18,88,364
01/22/2003,MSN,WI,AGL,CE,Towers with Radar,47,79,51,17,194,0,0,50,11,61,47,79,101,28,255,64,6,70,325
01/23/2003,MSN,WI,AGL,CE,Towers with Radar,46,91,57,6,200,0,1,26,31,58,46,92,83,37,258,258,14,272,530
01/24/2003,MSN,WI,AGL,CE,Towers with Radar,52,77,51,26,206,0,0,42,2,44,52,77,93,28,250,46,8,54,304
01/25/2003,MSN,WI,AGL,CE,Towers with Radar,43,71,71,3,188,1,2,60,6,69,44,73,131,9,257,116,2,118,375
01/26/2003,MSN,WI,AGL,CE,Towers with Radar,37,78,33,2,150,1,0,58,0,59,38,78,91,2,209,66,4,70,279
01/27/2003,MSN,WI,AGL,CE,Towers with Radar,39,66,48,9,162,5,19,6,1,31,44,85,54,10,193,24,0,24,217
01/28/2003,MSN,WI,AGL,CE,Towers with Radar,49,74,52,19,194,0,0,9,3,12,49,74,61,22,206,34,8,42,248
01/29/2003,MSN,WI,AGL,CE,Towers with Radar,47,84,87,22,240,0,1,85,10,96,47,85,172,32,336,104,16,120,456
01/30/2003,MSN,WI,AGL,CE,Towers with Radar,45,90,82,15,232,0,0,98,20,118,45,90,180,35,350,62,16,78,428
01/31/2003,MSN,WI,AGL,CE,Towers with Radar,45,72,52,1,170,0,0,1,7,8,45,72,53,8,178,20,0,20,198
02/01/2003,MSN,WI,AGL,CE,Towers with Radar,42,62,32,3,139,1,2,1,1,5,43,64,33,4,144,14,46,60,204
02/02/2003,MSN,WI,AGL,CE,Towers with Radar,50,52,19,0,121,0,2,0,1,3,50,54,19,1,124,0,0,0,124
02/03/2003,MSN,WI,AGL,CE,Towers with Radar,48,70,46,0,164,0,2,0,0,2,48,72,46,0,166,0,0,0,166
02/04/2003,MSN,WI,AGL,CE,Towers with Radar,46,90,64,10,210,0,2,27,7,36,46,92,91,17,246,52,6,58,304
02/05/2003,MSN,WI,AGL,CE,Towers with Radar,46,92,69,9,216,0,2,59,0,61,46,94,128,9,277,42,0,42,319
02/06/2003,MSN,WI,AGL,CE,Towers with Radar,50,95,55,14,214,0,2,33,0,35,50,97,88,14,249,36,8,44,293
02/07/2003,MSN,WI,AGL,CE,Towers with Radar,46,81,60,18,205,0,5,84,4,93,46,86,144,22,298,48,22,70,368
02/08/2003,MSN,WI,AGL,CE,Towers with Radar,31,61,55,8,155,0,4,27,0,31,31,65,82,8,186,60,4,64,250
02/09/2003,MSN,WI,AGL,CE,Towers with Radar,37,69,53,0,159,0,3,104,5,112,37,72,157,5,271,118,6,124,395
02/10/2003,MSN,WI,AGL,CE,Towers with Radar,43,81,38,12,174,0,1,28,0,29,43,82,66,12,203,48,4,52,255
02/11/2003,MSN,WI,AGL,CE,Towers with Radar,50,90,79,5,224,0,2,26,2,30,50,92,105,7,254,52,0,52,306
02/12/2003,MSN,WI,AGL,CE,Towers with Radar,44,85,71,4,204,0,2,39,5,46,44,87,110,9,250,54,0,54,304
02/13/2003,MSN,WI,AGL,CE,Towers with Radar,53,89,69,20,231,1,2,89,3,95,54,91,158,23,326,66,4,70,396
02/14/2003,MSN,WI,AGL,CE,Towers with Radar,51,79,60,4,194,0,4,85,0,89,51,83,145,4,283,96,0,96,379
02/15/2003,MSN,WI,AGL,CE,Towers with Radar,40,58,39,0,137,0,2,56,0,58,40,60,95,0,195,42,0,42,237
02/16/2003,MSN,WI,AGL,CE,Towers with Radar,32,53,42,3,130,8,17,118,0,143,40,70,160,3,273,70,0,70,343
02/17/2003,MSN,WI,AGL,CE,Towers with Radar,38,74,64,0,176,0,2,14,0,16,38,76,78,0,192,28,0,28,220
02/18/2003,MSN,WI,AGL,CE,Towers with Radar,48,71,61,9,189,0,2,47,4,53,48,73,108,13,242,56,0,56,298
02/19/2003,MSN,WI,AGL,CE,Towers with Radar,47,87,68,21,223,0,3,90,2,95,47,90,158,23,318,126,10,136,454
02/20/2003,MSN,WI,AGL,CE,Towers with Radar,50,85,105,15,255,0,0,80,0,80,50,85,185,15,335,48,14,62,397
02/21/2003,MSN,WI,AGL,CE,Towers with Radar,47,83,69,18,217,0,2,120,8,130,47,85,189,26,347,112,12,124,471
02/22/2003,MSN,WI,AGL,CE,Towers with Radar,33,54,43,0,130,14,3,112,0,129,47,57,155,0,259,68,0,68,327
02/23/2003,MSN,WI,AGL,CE,Towers with Radar,30,49,40,5,124,16,7,17,5,45,46,56,57,10,169,42,0,42,211
02/24/2003,MSN,WI,AGL,CE,Towers with Radar,42,69,55,8,174,0,5,0,13,18,42,74,55,21,192,64,16,80,272
02/25/2003,MSN,WI,AGL,CE,Towers with Radar,51,80,69,13,213,0,3,62,3,68,51,83,131,16,281,82,0,82,363
02/26/2003,MSN,WI,AGL,CE,Towers with Radar,48,78,74,10,210,0,0,74,18,92,48,78,148,28,302,24,8,32,334
02/27/2003,MSN,WI,AGL,CE,Towers with Radar,43,87,59,21,210,0,2,83,13,98,43,89,142,34,308,94,2,96,404
02/28/2003,MSN,WI,AGL,CE,Towers with Radar,47,87,79,1,214,0,2,123,5,130,47,89,202,6,344,136,0,136,480
03/01/2003,MSN,WI,AGL,CE,Towers with Radar,49,70,40,4,163,1,0,91,1,93,50,70,131,5,256,0,0,0,256
03/02/2003,MSN,WI,AGL,CE,Towers with Radar,45,70,40,0,155,0,0,44,0,44,45,70,84,0,199,44,0,44,243
03/03/2003,MSN,WI,AGL,CE,Towers with Radar,51,80,42,15,188,0,0,16,2,18,51,80,58,17,206,60,12,72,278
03/04/2003,MSN,WI,AGL,CE,Towers with Radar,48,65,1,11,125,2,0,0,14,16,50,65,1,25,141,4,0,4,145
03/05/2003,MSN,WI,AGL,CE,Towers with Radar,43,87,60,12,202,0,0,84,7,91,43,87,144,19,293,28,12,40,333
03/06/2003,MSN,WI,AGL,CE,Towers with Radar,50,76,90,12,228,0,1,74,9,84,50,77,164,21,312,100,2,102,414
03/07/2003,MSN,WI,AGL,CE,Towers with Radar,48,86,76,13,223,1,0,23,1,25,49,86,99,14,248,32,2,34,282
03/08/2003,MSN,WI,AGL,CE,Towers with Radar,41,63,40,4,148,1,0,2,0,3,42,63,42,4,151,4,0,4,155
03/09/2003,MSN,WI,AGL,CE,Towers with Radar,42,62,38,2,144,1,1,103,1,106,43,63,141,3,250,122,0,122,372
03/10/2003,MSN,WI,AGL,CE,Towers with Radar,41,90,54,23,208,1,0,68,3,72,42,90,122,26,280,70,10,80,360
03/11/2003,MSN,WI,AGL,CE,Towers with Radar,44,75,75,22,216,1,1,64,4,70,45,76,139,26,286,52,8,60,346
03/12/2003,MSN,WI,AGL,CE,Towers with Radar,49,81,52,18,200,1,1,10,0,12,50,82,62,18,212,10,0,10,222
03/13/2003,MSN,WI,AGL,CE,Towers with Radar,48,75,73,12,208,0,1,86,0,87,48,76,159,12,295,78,8,86,381
03/14/2003,MSN,WI,AGL,CE,Towers with Radar,49,85,52,1,187,0,2,93,5,100,49,87,145,6,287,116,0,116,403
03/15/2003,MSN,WI,AGL,CE,Towers with Radar,44,67,44,3,158,0,1,106,0,107,44,68,150,3,265,70,2,72,337
03/16/2003,MSN,WI,AGL,CE,Towers with Radar,42,69,58,12,181,0,1,79,2,82,42,70,137,14,263,112,6,118,381
03/17/2003,MSN,WI,AGL,CE,Towers with Radar,52,84,68,20,224,0,1,53,6,60,52,85,121,26,284,64,0,64,348
03/18/2003,MSN,WI,AGL,CE,Towers with Radar,39,76,90,17,222,0,1,8,0,9,39,77,98,17,231,42,2,44,275
03/19/2003,MSN,WI,AGL,CE,Towers with Radar,42,85,61,10,198,0,3,14,0,17,42,88,75,10,215,36,0,36,251
03/20/2003,MSN,WI,AGL,CE,Towers with Radar,38,71,80,0,189,0,1,0,0,1,38,72,80,0,190,20,0,20,210
03/21/2003,MSN,WI,AGL,CE,Towers with Radar,61,76,67,8,212,0,1,14,0,15,61,77,81,8,227,20,0,20,247
03/22/2003,MSN,WI,AGL,CE,Towers with Radar,45,65,108,2,220,0,1,35,0,36,45,66,143,2,256,128,0,128,384
03/23/2003,MSN,WI,AGL,CE,Towers with Radar,45,69,90,2,206,0,1,188,0,189,45,70,278,2,395,140,0,140,535
03/24/2003,MSN,WI,AGL,CE,Towers with Radar,45,79,66,11,201,0,1,44,14,59,45,80,110,25,260,80,16,96,356
03/25/2003,MSN,WI,AGL,CE,Towers with Radar,53,76,69,22,220,0,2,99,1,102,53,78,168,23,322,100,14,114,436
03/26/2003,MSN,WI,AGL,CE,Towers with Radar,48,81,74,11,214,0,0,95,7,102,48,81,169,18,316,128,4,132,448
03/27/2003,MSN,WI,AGL,CE,Towers with Radar,45,92,75,11,223,0,1,41,1,43,45,93,116,12,266,38,8,46,312
03/28/2003,MSN,WI,AGL,CE,Towers with Radar,54,79,52,1,186,0,0,4,0,4,54,79,56,1,190,10,0,10,200
03/29/2003,MSN,WI,AGL,CE,Towers with Radar,42,68,56,2,168,1,8,19,0,28,43,76,75,2,196,38,0,38,234
03/30/2003,MSN,WI,AGL,CE,Towers with Radar,40,60,52,0,152,0,0,188,0,188,40,60,240,0,340,162,0,162,502
03/31/2003,MSN,WI,AGL,CE,Towers with Radar,42,89,54,13,198,0,0,67,2,69,42,89,121,15,267,78,4,82,349
04/01/2003,MSN,WI,AGL,CE,Towers with Radar,48,69,51,26,194,2,6,112,2,122,50,75,163,28,316,139,42,181,497
04/02/2003,MSN,WI,AGL,CE,Towers with Radar,46,82,77,9,214,3,0,39,13,55,49,82,116,22,269,68,0,68,337
04/03/2003,MSN,WI,AGL,CE,Towers with Radar,49,72,46,3,170,1,5,2,0,8,50,77,48,3,178,2,0,2,180
04/04/2003,MSN,WI,AGL,CE,Towers with Radar,51,69,33,1,154,1,5,2,0,8,52,74,35,1,162,0,0,0,162
04/05/2003,MSN,WI,AGL,CE,Towers with Radar,40,65,68,4,177,3,0,21,0,24,43,65,89,4,201,78,0,78,279
04/06/2003,MSN,WI,AGL,CE,Towers with Radar,26,51,44,0,121,10,17,62,0,89,36,68,106,0,210,58,0,58,268
04/07/2003,MSN,WI,AGL,CE,Towers with Radar,32,60,33,1,126,1,4,2,0,7,33,64,35,1,133,18,0,18,151
04/08/2003,MSN,WI,AGL,CE,Towers with Radar,30,80,68,7,185,1,4,37,2,44,31,84,105,9,229,60,0,60,289
04/09/2003,MSN,WI,AGL,CE,Towers with Radar,38,79,78,1,196,2,5,123,9,139,40,84,201,10,335,54,0,54,389
04/10/2003,MSN,WI,AGL,CE,Towers with Radar,33,92,103,2,230,1,6,160,2,169,34,98,263,4,399,134,0,134,533
04/11/2003,MSN,WI,AGL,CE,Towers with Radar,42,85,71,9,207,1,6,146,1,154,43,91,217,10,361,142,0,142,503
04/12/2003,MSN,WI,AGL,CE,Towers with Radar,31,68,59,2,160,1,4,204,0,209,32,72,263,2,369,218,0,218,587
04/13/2003,MSN,WI,AGL,CE,Towers with Radar,41,57,27,2,127,2,4,136,0,142,43,61,163,2,269,90,0,90,359
04/14/2003,MSN,WI,AGL,CE,Towers with Radar,32,80,36,16,164,1,5,58,2,66,33,85,94,18,230,62,8,70,300
04/15/2003,MSN,WI,AGL,CE,Towers with Radar,35,74,77,7,193,1,4,73,0,78,36,78,150,7,271,0,0,0,271
04/16/2003,MSN,WI,AGL,CE,Towers with Radar,33,84,72,21,210,2,3,10,1,16,35,87,82,22,226,0,0,0,226
04/17/2003,MSN,WI,AGL,CE,Towers with Radar,30,87,72,9,198,0,6,53,4,63,30,93,125,13,261,1,28,29,290
04/18/2003,MSN,WI,AGL,CE,Towers with Radar,34,72,73,0,179,2,3,35,0,40,36,75,108,0,219,56,0,56,275
04/19/2003,MSN,WI,AGL,CE,Towers with Radar,34,68,61,2,165,3,3,7,0,13,37,71,68,2,178,26,4,30,208
04/20/2003,MSN,WI,AGL,CE,Towers with Radar,29,66,29,3,127,3,3,6,0,12,32,69,35,3,139,0,0,0,139
04/21/2003,MSN,WI,AGL,CE,Towers with Radar,27,75,78,15,195,3,3,33,0,39,30,78,111,15,234,26,4,30,264
04/22/2003,MSN,WI,AGL,CE,Towers with Radar,34,74,76,15,199,2,3,111,1,117,36,77,187,16,316,132,12,144,460
04/23/2003,MSN,WI,AGL,CE,Towers with Radar,35,86,76,9,206,0,0,135,16,151,35,86,211,25,357,74,28,102,459
04/24/2003,MSN,WI,AGL,CE,Towers with Radar,31,84,88,15,218,2,4,98,3,107,33,88,186,18,325,84,0,84,409
04/25/2003,MSN,WI,AGL,CE,Towers with Radar,39,90,73,2,204,2,6,137,1,146,41,96,210,3,350,106,0,106,456
04/26/2003,MSN,WI,AGL,CE,Towers with Radar,36,57,64,0,157,3,3,151,0,157,39,60,215,0,314,89,0,89,403
04/27/2003,MSN,WI,AGL,CE,Towers with Radar,29,64,28,0,121,3,3,120,1,127,32,67,148,1,248,56,0,56,304
04/28/2003,MSN,WI,AGL,CE,Towers with Radar,32,79,56,14,181,2,5,82,1,90,34,84,138,15,271,120,12,132,403
04/29/2003,MSN,WI,AGL,CE,Towers with Radar,33,80,72,12,197,1,6,96,3,106,34,86,168,15,303,88,8,96,399
04/30/2003,MSN,WI,AGL,CE,Towers with Radar,37,70,58,12,177,1,4,6,1,12,38,74,64,13,189,14,0,14,203
05/01/2003,MSN,WI,AGL,CE,Towers with Radar,29,59,52,8,148,2,29,28,13,72,31,88,80,21,220,104,0,104,324
05/02/2003,MSN,WI,AGL,CE,Towers with Radar,36,86,62,21,205,0,0,95,0,95,36,86,157,21,300,116,2,118,418
05/03/2003,MSN,WI,AGL,CE,Towers with Radar,35,59,67,11,172,0,0,131,12,143,35,59,198,23,315,110,10,120,435
05/04/2003,MSN,WI,AGL,CE,Towers with Radar,57,66,39,6,168,0,0,80,2,82,57,66,119,8,250,58,0,58,308
05/05/2003,MSN,WI,AGL,CE,Towers with Radar,36,69,87,10,202,0,0,8,0,8,36,69,95,10,210,14,8,22,232
05/06/2003,MSN,WI,AGL,CE,Towers with Radar,39,77,98,12,226,0,0,65,3,68,39,77,163,15,294,126,16,142,436
05/07/2003,MSN,WI,AGL,CE,Towers with Radar,38,73,121,18,250,0,0,9,0,9,38,73,130,18,259,24,0,24,283
05/08/2003,MSN,WI,AGL,CE,Towers with Radar,46,75,89,6,216,0,0,49,3,52,46,75,138,9,268,122,8,130,398
05/09/2003,MSN,WI,AGL,CE,Towers with Radar,36,88,84,3,211,0,0,32,0,32,36,88,116,3,243,22,0,22,265
05/10/2003,MSN,WI,AGL,CE,Towers with Radar,32,62,40,1,135,0,1,67,4,72,32,63,107,5,207,74,0,74,281
05/11/2003,MSN,WI,AGL,CE,Towers with Radar,31,53,13,0,97,0,0,1,0,1,31,53,14,0,98,0,0,0,98
05/12/2003,MSN,WI,AGL,CE,Towers with Radar,34,75,54,14,177,0,1,57,0,58,34,76,111,14,235,72,0,72,307
05/13/2003,MSN,WI,AGL,CE,Towers with Radar,35,86,69,24,214,0,1,176,0,177,35,87,245,24,391,158,20,178,569
05/14/2003,MSN,WI,AGL,CE,Towers with Radar,38,85,70,13,206,0,0,37,7,44,38,85,107,20,250,60,6,66,316
05/15/2003,MSN,WI,AGL,CE,Towers with Radar,40,80,79,0,199,0,7,91,0,98,40,87,170,0,297,84,16,100,397
05/16/2003,MSN,WI,AGL,CE,Towers with Radar,39,77,88,15,219,1,0,132,1,134,40,77,220,16,353,152,20,172,525
05/17/2003,MSN,WI,AGL,CE,Towers with Radar,37,65,57,6,165,1,1,57,0,59,38,66,114,6,224,54,4,58,282
05/18/2003,MSN,WI,AGL,CE,Towers with Radar,32,64,79,1,176,1,0,80,0,81,33,64,159,1,257,106,0,106,363
05/19/2003,MSN,WI,AGL,CE,Towers with Radar,33,73,129,12,247,1,0,1,0,2,34,73,130,12,249,36,0,36,285
05/20/2003,MSN,WI,AGL,CE,Towers with Radar,38,77,82,5,202,1,2,88,3,94,39,79,170,8,296,68,8,76,372
05/21/2003,MSN,WI,AGL,CE,Towers with Radar,43,80,79,12,214,2,0,199,19,220,45,80,278,31,434,152,4,156,590
05/22/2003,MSN,WI,AGL,CE,Towers with Radar,36,84,61,17,198,1,1,151,0,153,37,85,212,17,351,96,10,106,457
05/23/2003,MSN,WI,AGL,CE,Towers with Radar,40,78,73,13,204,1,2,142,2,147,41,80,215,15,351,78,0,78,429
05/24/2003,MSN,WI,AGL,CE,Towers with Radar,36,58,32,3,129,1,0,121,0,122,37,58,153,3,251,90,0,90,341
05/25/2003,MSN,WI,AGL,CE,Towers with Radar,21,44,40,4,109,6,13,93,0,112,27,57,133,4,221,68,0,68,289
05/26/2003,MSN,WI,AGL,CE,Towers with Radar,31,59,29,2,121,1,0,105,0,106,32,59,134,2,227,48,2,50,277
05/27/2003,MSN,WI,AGL,CE,Towers with Radar,34,80,66,9,189,0,0,128,0,128,34,80,194,9,317,126,20,146,463
05/28/2003,MSN,WI,AGL,CE,Towers with Radar,37,82,58,7,184,0,0,24,1,25,37,82,82,8,209,94,12,106,315
05/29/2003,MSN,WI,AGL,CE,Towers with Radar,32,87,80,12,211,0,0,139,6,145,32,87,219,18,356,108,0,108,464
05/30/2003,MSN,WI,AGL,CE,Towers with Radar,36,77,43,16,172,0,1,45,0,46,36,78,88,16,218,56,14,70,288
05/31/2003,MSN,WI,AGL,CE,Towers with Radar,44,74,50,1,169,0,3,49,2,54,44,77,99,3,223,64,0,64,287
06/01/2003,MSN,WI,AGL,CE,Towers with Radar,27,66,40,6,139,1,1,136,0,138,28,67,176,6,277,118,0,118,395
06/02/2003,MSN,WI,AGL,CE,Towers with Radar,36,73,54,16,179,0,1,105,0,106,36,74,159,16,285,112,20,132,417
06/03/2003,MSN,WI,AGL,CE,Towers with Radar,43,83,61,14,201,0,2,87,0,89,43,85,148,14,290,89,4,93,383
06/04/2003,MSN,WI,AGL,CE,Towers with Radar,42,83,63,8,196,0,2,79,0,81,42,85,142,8,277,132,0,132,409
06/05/2003,MSN,WI,AGL,CE,Towers with Radar,31,79,65,23,198,0,1,91,1,93,31,80,156,24,291,100,10,110,401
06/06/2003,MSN,WI,AGL,CE,Towers with Radar,38,75,63,2,178,5,2,43,0,50,43,77,106,2,228,62,0,62,290
06/07/2003,MSN,WI,AGL,CE,Towers with Radar,35,60,54,1,150,0,1,54,0,55,35,61,108,1,205,40,0,40,245
06/08/2003,MSN,WI,AGL,CE,Towers with Radar,26,64,45,8,143,0,1,13,4,18,26,65,58,12,161,54,0,54,215
06/09/2003,MSN,WI,AGL,CE,Towers with Radar,32,82,70,8,192,0,2,64,14,80,32,84,134,22,272,110,20,130,402
06/10/2003,MSN,WI,AGL,CE,Towers with Radar,39,85,86,14,224,0,1,37,0,38,39,86,123,14,262,80,0,80,342
06/11/2003,MSN,WI,AGL,CE,Towers with Radar,31,69,106,18,224,0,1,52,1,54,31,70,158,19,278,90,8,98,376
06/12/2003,MSN,WI,AGL,CE,Towers with Radar,40,79,111,25,255,0,2,33,6,41,40,81,144,31,296,100,0,100,396
06/13/2003,MSN,WI,AGL,CE,Towers with Radar,43,82,85,10,220,0,0,85,8,93,43,82,170,18,313,116,32,148,461
06/14/2003,MSN,WI,AGL,CE,Towers with Radar,46,52,36,0,134,0,1,149,0,150,46,53,185,0,284,156,0,156,440
06/15/2003,MSN,WI,AGL,CE,Towers with Radar,31,65,47,0,143,0,0,138,0,138,31,65,185,0,281,96,0,96,377
06/16/2003,MSN,WI,AGL,CE,Towers with Radar,37,82,54,10,183,0,2,80,0,82,37,84,134,10,265,114,10,124,389
06/17/2003,MSN,WI,AGL,CE,Towers with Radar,42,78,88,7,215,0,1,110,5,116,42,79,198,12,331,180,0,180,511
06/18/2003,MSN,WI,AGL,CE,Towers with Radar,37,78,62,4,181,0,1,70,1,72,37,79,132,5,253,132,8,140,393
06/19/2003,MSN,WI,AGL,CE,Towers with Radar,38,84,93,4,219,0,2,101,10,113,38,86,194,14,332,160,0,160,492
06/20/2003,MSN,WI,AGL,CE,Towers with Radar,46,75,57,3,181,0,0,151,5,156,46,75,208,8,337,252,8,260,597
06/21/2003,MSN,WI,AGL,CE,Towers with Radar,38,62,43,1,144,1,0,117,0,118,39,62,160,1,262,96,0,96,358
06/22/2003,MSN,WI,AGL,CE,Towers with Radar,28,60,49,0,137,0,2,102,0,104,28,62,151,0,241,120,0,120,361
06/23/2003,MSN,WI,AGL,CE,Towers with Radar,34,71,58,4,167,7,4,39,0,50,41,75,97,4,217,52,0,52,269
06/24/2003,MSN,WI,AGL,CE,Towers with Radar,42,85,58,1,186,1,0,50,0,51,43,85,108,1,237,90,0,90,327
06/25/2003,MSN,WI,AGL,CE,Towers with Radar,34,82,53,0,169,1,0,47,0,48,35,82,100,0,217,76,0,76,293
06/26/2003,MSN,WI,AGL,CE,Towers with Radar,38,73,80,1,192,1,1,76,0,78,39,74,156,1,270,136,0,136,406
06/27/2003,MSN,WI,AGL,CE,Towers with Radar,45,79,67,7,198,1,1,94,2,98,46,80,161,9,296,170,8,178,474
06/28/2003,MSN,WI,AGL,CE,Towers with Radar,33,70,38,8,149,1,0,32,3,36,34,70,70,11,185,104,0,104,289
06/29/2003,MSN,WI,AGL,CE,Towers with Radar,32,67,41,1,141,0,1,147,0,148,32,68,188,1,289,144,2,146,435
06/30/2003,MSN,WI,AGL,CE,Towers with Radar,38,80,54,13,185,0,1,120,0,121,38,81,174,13,306,198,30,228,534
07/01/2003,MSN,WI,AGL,CE,Towers with Radar,47,84,87,12,230,0,1,111,2,114,47,85,198,14,344,204,12,216,560
07/02/2003,MSN,WI,AGL,CE,Towers with Radar,41,85,53,11,190,0,0,123,6,129,41,85,176,17,319,164,18,182,501
07/03/2003,MSN,WI,AGL,CE,Towers with Radar,41,80,40,0,161,0,0,68,1,69,41,80,108,1,230,134,0,134,364
07/04/2003,MSN,WI,AGL,CE,Towers with Radar,38,59,14,2,113,0,0,51,1,52,38,59,65,3,165,74,0,74,239
07/05/2003,MSN,WI,AGL,CE,Towers with Radar,23,41,40,5,109,7,14,111,7,139,30,55,151,12,248,98,0,98,346
07/06/2003,MSN,WI,AGL,CE,Towers with Radar,32,58,65,2,157,0,0,7,0,7,32,58,72,2,164,42,0,42,206
07/07/2003,MSN,WI,AGL,CE,Towers with Radar,37,69,60,4,170,0,0,47,1,48,37,69,107,5,218,84,4,88,306
07/08/2003,MSN,WI,AGL,CE,Towers with Radar,42,60,69,7,178,0,1,43,5,49,42,61,112,12,227,78,2,80,307
07/09/2003,MSN,WI,AGL,CE,Towers with Radar,44,76,42,14,176,0,1,42,4,47,44,77,84,18,223,92,18,110,333
07/10/2003,MSN,WI,AGL,CE,Towers with Radar,38,83,119,17,257,0,0,9,0,9,38,83,128,17,266,42,2,44,310
07/11/2003,MSN,WI,AGL,CE,Towers with Radar,30,86,51,23,190,0,1,70,0,71,30,87,121,23,261,68,0,68,329
07/12/2003,MSN,WI,AGL,CE,Towers with Radar,31,22,57,2,112,8,0,129,0,137,39,22,186,2,249,146,0,146,395
07/13/2003,MSN,WI,AGL,CE,Towers with Radar,35,64,48,12,159,0,0,133,0,133,35,64,181,12,292,98,10,108,400
07/14/2003,MSN,WI,AGL,CE,Towers with Radar,37,85,80,30,232,0,0,87,2,89,37,85,167,32,321,106,4,110,431
07/15/2003,MSN,WI,AGL,CE,Towers with Radar,47,81,94,9,231,0,0,75,5,80,47,81,169,14,311,112,12,124,435
07/16/2003,MSN,WI,AGL,CE,Towers with Radar,43,79,81,15,218,0,0,124,3,127,43,79,205,18,345,146,18,164,509
07/17/2003,MSN,WI,AGL,CE,Towers with Radar,48,86,89,13,236,0,0,106,1,107,48,86,195,14,343,142,0,142,485
07/18/2003,MSN,WI,AGL,CE,Towers with Radar,40,72,80,17,209,0,0,121,0,121,40,72,201,17,330,100,10,110,440
07/19/2003,MSN,WI,AGL,CE,Towers with Radar,38,65,37,11,151,0,0,143,5,148,38,65,180,16,299,132,12,144,443
07/20/2003,MSN,WI,AGL,CE,Towers with Radar,37,69,63,9,178,0,0,50,1,51,37,69,113,10,229,54,2,56,285
07/21/2003,MSN,WI,AGL,CE,Towers with Radar,39,74,78,22,213,0,0,67,1,68,39,74,145,23,281,58,0,58,339
07/22/2003,MSN,WI,AGL,CE,Towers with Radar,41,87,103,29,260,0,0,99,4,103,41,87,202,33,363,124,10,134,497
07/23/2003,MSN,WI,AGL,CE,Towers with Radar,40,77,73,11,201,0,3,157,5,165,40,80,230,16,366,124,16,140,506
07/24/2003,MSN,WI,AGL,CE,Towers with Radar,39,90,84,12,225,0,3,172,7,182,39,93,256,19,407,94,0,94,501
07/25/2003,MSN,WI,AGL,CE,Towers with Radar,44,76,69,2,191,0,0,115,0,115,44,76,184,2,306,150,10,160,466
07/26/2003,MSN,WI,AGL,CE,Towers with Radar,34,74,42,0,150,0,2,94,0,96,34,76,136,0,246,64,0,64,310
07/27/2003,MSN,WI,AGL,CE,Towers with Radar,34,60,69,1,164,0,0,174,0,174,34,60,243,1,338,52,4,56,394
07/28/2003,MSN,WI,AGL,CE,Towers with Radar,35,72,100,15,222,0,0,120,1,121,35,72,220,16,343,52,12,64,407
07/29/2003,MSN,WI,AGL,CE,Towers with Radar,41,88,115,10,254,0,3,137,4,144,41,91,252,14,398,132,2,134,532
07/30/2003,MSN,WI,AGL,CE,Towers with Radar,41,75,87,14,217,0,0,84,7,91,41,75,171,21,308,56,10,66,374
07/31/2003,MSN,WI,AGL,CE,Towers with Radar,44,68,124,9,245,0,0,98,1,99,44,68,222,10,344,108,0,108,452
08/01/2003,MSN,WI,AGL,CE,Towers with Radar,39,77,68,1,185,1,1,99,2,103,40,78,167,3,288,86,12,98,386
08/02/2003,MSN,WI,AGL,CE,Towers with Radar,40,62,53,0,155,1,2,106,2,111,41,64,159,2,266,96,0,96,362
08/03/2003,MSN,WI,AGL,CE,Towers with Radar,33,64,70,6,173,0,0,73,3,76,33,64,143,9,249,72,6,78,327
08/04/2003,MSN,WI,AGL,CE,Towers with Radar,36,57,78,11,182,1,0,49,2,52,37,57,127,13,234,112,20,132,366
08/05/2003,MSN,WI,AGL,CE,Towers with Radar,41,81,71,21,214,1,0,98,6,105,42,81,169,27,319,78,0,78,397
08/06/2003,MSN,WI,AGL,CE,Towers with Radar,38,74,66,8,186,1,1,81,5,88,39,75,147,13,274,74,4,78,352
08/07/2003,MSN,WI,AGL,CE,Towers with Radar,45,74,68,13,200,1,0,112,0,113,46,74,180,13,313,132,0,132,445
08/08/2003,MSN,WI,AGL,CE,Towers with Radar,39,85,101,1,226,1,3,79,2,85,40,88,180,3,311,172,0,172,483
08/09/2003,MSN,WI,AGL,CE,Towers with Radar,34,64,59,0,157,1,0,125,0,126,35,64,184,0,283,192,0,192,475
08/10/2003,MSN,WI,AGL,CE,Towers with Radar,30,67,57,4,158,1,0,159,0,160,31,67,216,4,318,156,4,160,478
08/11/2003,MSN,WI,AGL,CE,Towers with Radar,33,81,77,10,201,1,0,33,0,34,34,81,110,10,235,94,0,94,329
08/12/2003,MSN,WI,AGL,CE,Towers with Radar,39,86,89,8,222,1,0,88,2,91,40,86,177,10,313,188,0,188,501
08/13/2003,MSN,WI,AGL,CE,Towers with Radar,38,88,91,6,223,1,0,112,5,118,39,88,203,11,341,132,4,136,477
08/14/2003,MSN,WI,AGL,CE,Towers with Radar,39,89,80,7,215,0,0,99,3,102,39,89,179,10,317,104,2,106,423
08/15/2003,MSN,WI,AGL,CE,Towers with Radar,40,56,60,7,163,1,0,69,0,70,41,56,129,7,233,180,14,194,427
08/16/2003,MSN,WI,AGL,CE,Towers with Radar,25,70,57,7,159,1,0,101,0,102,26,70,158,7,261,110,0,110,371
08/17/2003,MSN,WI,AGL,CE,Towers with Radar,29,73,58,2,162,1,0,129,1,131,30,73,187,3,293,106,2,108,401
08/18/2003,MSN,WI,AGL,CE,Towers with Radar,36,79,71,6,192,0,6,80,3,89,36,85,151,9,281,90,0,90,371
08/19/2003,MSN,WI,AGL,CE,Towers with Radar,1,80,77,4,162,0,2,113,5,120,1,82,190,9,282,180,6,186,468
08/20/2003,MSN,WI,AGL,CE,Towers with Radar,38,87,58,4,187,1,1,100,2,104,39,88,158,6,291,194,2,196,487
08/21/2003,MSN,WI,AGL,CE,Towers with Radar,51,74,71,6,202,1,1,86,3,91,52,75,157,9,293,138,0,138,431
08/22/2003,MSN,WI,AGL,CE,Towers with Radar,42,87,65,1,195,1,3,137,1,142,43,90,202,2,337,236,0,236,573
08/23/2003,MSN,WI,AGL,CE,Towers with Radar,38,65,36,6,145,0,1,185,0,186,38,66,221,6,331,82,0,82,413
08/24/2003,MSN,WI,AGL,CE,Towers with Radar,36,59,53,3,151,0,7,104,0,111,36,66,157,3,262,92,0,92,354
08/25/2003,MSN,WI,AGL,CE,Towers with Radar,38,83,61,2,184,0,1,53,0,54,38,84,114,2,238,96,0,96,334
08/26/2003,MSN,WI,AGL,CE,Towers with Radar,39,85,66,16,206,0,1,91,7,99,39,86,157,23,305,80,2,82,387
08/27/2003,MSN,WI,AGL,CE,Towers with Radar,41,84,66,15,206,0,2,120,0,122,41,86,186,15,328,90,4,94,422
08/28/2003,MSN,WI,AGL,CE,Towers with Radar,34,82,82,21,219,0,2,0,1,3,34,84,82,22,222,60,6,66,288
08/29/2003,MSN,WI,AGL,CE,Towers with Radar,45,67,50,1,163,0,2,121,1,124,45,69,171,2,287,114,0,114,401
08/30/2003,MSN,WI,AGL,CE,Towers with Radar,36,58,35,0,129,0,1,112,0,113,36,59,147,0,242,170,0,170,412
08/31/2003,MSN,WI,AGL,CE,Towers with Radar,38,38,46,1,123,0,1,94,0,95,38,39,140,1,218,82,0,82,300
09/01/2003,MSN,WI,AGL,CE,Towers with Radar,27,58,59,1,145,0,2,102,0,104,27,60,161,1,249,106,0,106,355
09/02/2003,MSN,WI,AGL,CE,Towers with Radar,35,72,66,12,185,8,5,96,3,112,43,77,162,15,297,148,18,166,463
09/03/2003,MSN,WI,AGL,CE,Towers with Radar,40,77,83,26,226,0,4,78,6,88,40,81,161,32,314,98,24,122,436
09/04/2003,MSN,WI,AGL,CE,Towers with Radar,39,93,85,21,238,0,3,99,3,105,39,96,184,24,343,114,16,130,473
09/05/2003,MSN,WI,AGL,CE,Towers with Radar,39,80,72,29,220,0,3,125,1,129,39,83,197,30,349,174,36,210,559
09/06/2003,MSN,WI,AGL,CE,Towers with Radar,44,61,50,2,157,0,3,152,1,156,44,64,202,3,313,100,0,100,413
09/07/2003,MSN,WI,AGL,CE,Towers with Radar,32,61,49,10,152,0,2,132,0,134,32,63,181,10,286,96,0,96,382
09/08/2003,MSN,WI,AGL,CE,Towers with Radar,35,76,71,13,195,4,7,83,9,103,39,83,154,22,298,98,30,128,426
09/09/2003,MSN,WI,AGL,CE,Towers with Radar,43,78,92,24,237,0,3,88,7,98,43,81,180,31,335,136,26,162,497
09/10/2003,MSN,WI,AGL,CE,Towers with Radar,33,78,71,22,204,0,5,85,5,95,33,83,156,27,299,110,8,118,417
09/11/2003,MSN,WI,AGL,CE,Towers with Radar,28,90,93,19,230,0,2,55,2,59,28,92,148,21,289,124,26,150,439
09/12/2003,MSN,WI,AGL,CE,Towers with Radar,39,84,95,18,236,0,0,43,2,45,39,84,138,20,281,44,10,54,335
09/13/2003,MSN,WI,AGL,CE,Towers with Radar,38,87,69,1,195,0,2,0,0,2,38,89,69,1,197,44,0,44,241
09/14/2003,MSN,WI,AGL,CE,Towers with Radar,30,69,66,0,165,0,1,55,0,56,30,70,121,0,221,110,0,110,331
09/15/2003,MSN,WI,AGL,CE,Towers with Radar,30,73,51,16,170,0,1,102,6,109,30,74,153,22,279,86,24,110,389
09/16/2003,MSN,WI,AGL,CE,Towers with Radar,36,83,84,22,225,0,2,140,2,144,36,85,224,24,369,72,18,90,459
09/17/2003,MSN,WI,AGL,CE,Towers with Radar,34,102,79,14,229,0,2,64,7,73,34,104,143,21,302,92,24,116,418
09/18/2003,MSN,WI,AGL,CE,Towers with Radar,30,96,72,15,213,0,2,80,1,83,30,98,152,16,296,128,16,144,440
09/19/2003,MSN,WI,AGL,CE,Towers with Radar,38,73,77,0,188,0,0,34,0,34,38,73,111,0,222,170,0,170,392
09/20/2003,MSN,WI,AGL,CE,Towers with Radar,36,70,52,1,159,0,1,129,1,131,36,71,181,2,290,112,0,112,402
09/21/2003,MSN,WI,AGL,CE,Towers with Radar,31,67,32,5,135,0,1,93,0,94,31,68,125,5,229,48,0,48,277
09/22/2003,MSN,WI,AGL,CE,Towers with Radar,29,73,58,16,176,0,2,32,0,34,29,75,90,16,210,108,6,114,324
09/23/2003,MSN,WI,AGL,CE,Towers with Radar,35,83,60,31,209,0,2,118,4,124,35,85,178,35,333,0,0,0,333
09/24/2003,MSN,WI,AGL,CE,Towers with Radar,33,83,60,18,194,0,1,64,0,65,33,84,124,18,259,162,24,186,445
09/25/2003,MSN,WI,AGL,CE,Towers with Radar,34,91,73,30,228,0,2,99,2,103,34,93,172,32,331,160,4,164,495
09/26/2003,MSN,WI,AGL,CE,Towers with Radar,38,75,105,17,235,0,1,56,0,57,38,76,161,17,292,120,0,120,412
09/27/2003,MSN,WI,AGL,CE,Towers with Radar,34,74,40,2,150,0,1,82,1,84,34,75,122,3,234,66,0,66,300
09/28/2003,MSN,WI,AGL,CE,Towers with Radar,33,59,74,1,167,0,4,41,0,45,33,63,115,1,212,38,0,38,250
09/29/2003,MSN,WI,AGL,CE,Towers with Radar,32,81,81,15,209,0,1,82,8,91,32,82,163,23,300,114,34,148,448
09/30/2003,MSN,WI,AGL,CE,Towers with Radar,32,85,94,5,216,0,6,83,0,89,32,91,177,5,305,70,0,70,375
10/01/2003,MSN,WI,AGL,CE,Towers with Radar,43,92,94,18,247,0,0,78,11,89,43,92,172,29,336,108,16,124,460
10/02/2003,MSN,WI,AGL,CE,Towers with Radar,34,88,84,14,220,0,0,137,0,137,34,88,221,14,357,160,4,164,521
10/03/2003,MSN,WI,AGL,CE,Towers with Radar,36,81,74,2,193,3,0,45,0,48,39,81,119,2,241,124,4,128,369
10/04/2003,MSN,WI,AGL,CE,Towers with Radar,29,69,61,3,162,13,6,115,0,134,42,75,176,3,296,122,0,122,418
10/05/2003,MSN,WI,AGL,CE,Towers with Radar,28,66,59,2,155,1,3,98,0,102,29,69,157,2,257,188,0,188,445
10/06/2003,MSN,WI,AGL,CE,Towers with Radar,31,79,71,14,195,0,2,60,0,62,31,81,131,14,257,142,14,156,413
10/07/2003,MSN,WI,AGL,CE,Towers with Radar,35,85,77,15,212,0,5,97,7,109,35,90,174,22,321,146,16,162,483
10/08/2003,MSN,WI,AGL,CE,Towers with Radar,29,81,75,15,200,0,0,126,9,135,29,81,201,24,335,200,20,220,555
10/09/2003,MSN,WI,AGL,CE,Towers with Radar,32,87,81,15,215,0,0,104,0,104,32,87,185,15,319,196,16,212,531
10/10/2003,MSN,WI,AGL,CE,Towers with Radar,33,96,89,7,225,0,0,102,0,102,33,96,191,7,327,134,0,134,461
10/11/2003,MSN,WI,AGL,CE,Towers with Radar,26,60,54,0,140,11,12,75,0,98,37,72,129,0,238,80,0,80,318
10/12/2003,MSN,WI,AGL,CE,Towers with Radar,24,57,51,3,135,10,3,150,0,163,34,60,201,3,298,74,0,74,372
10/13/2003,MSN,WI,AGL,CE,Towers with Radar,29,68,61,1,159,8,13,68,0,89,37,81,129,1,248,120,0,120,368
10/14/2003,MSN,WI,AGL,CE,Towers with Radar,35,81,78,14,208,0,0,17,18,35,35,81,95,32,243,68,24,92,335
10/15/2003,MSN,WI,AGL,CE,Towers with Radar,33,77,69,12,191,12,3,120,17,152,45,80,189,29,343,144,16,160,503
10/16/2003,MSN,WI,AGL,CE,Towers with Radar,33,79,85,15,212,0,0,141,10,151,33,79,226,25,363,176,4,180,543
10/17/2003,MSN,WI,AGL,CE,Towers with Radar,42,75,85,15,217,4,0,131,28,163,46,75,216,43,380,88,22,110,490
10/18/2003,MSN,WI,AGL,CE,Towers with Radar,25,55,50,0,130,10,18,150,0,178,35,73,200,0,308,62,0,62,370
10/19/2003,MSN,WI,AGL,CE,Towers with Radar,25,60,54,4,143,0,10,151,0,161,25,70,205,4,304,154,0,154,458
10/20/2003,MSN,WI,AGL,CE,Towers with Radar,30,72,67,12,181,0,12,46,5,63,30,84,113,17,244,122,22,144,388
10/21/2003,MSN,WI,AGL,CE,Towers with Radar,38,86,79,14,217,2,7,76,10,95,40,93,155,24,312,162,34,196,508
10/22/2003,MSN,WI,AGL,CE,Towers with Radar,39,79,81,14,213,0,0,91,4,95,39,79,172,18,308,120,22,142,450
10/23/2003,MSN,WI,AGL,CE,Towers with Radar,33,86,82,15,216,0,0,76,3,79,33,86,158,18,295,146,8,154,449
10/24/2003,MSN,WI,AGL,CE,Towers with Radar,34,80,74,13,201,0,0,48,8,56,34,80,122,21,257,54,32,86,343
10/25/2003,MSN,WI,AGL,CE,Towers with Radar,35,65,72,13,185,15,0,83,7,105,50,65,155,20,290,144,40,184,474
10/26/2003,MSN,WI,AGL,CE,Towers with Radar,30,72,66,2,170,0,3,66,0,69,30,75,132,2,239,178,0,178,417
10/27/2003,MSN,WI,AGL,CE,Towers with Radar,27,84,78,14,203,0,5,57,11,73,27,89,135,25,276,56,18,74,350
10/28/2003,MSN,WI,AGL,CE,Towers with Radar,32,87,80,14,213,0,4,22,1,27,32,91,102,15,240,78,2,80,320
10/29/2003,MSN,WI,AGL,CE,Towers with Radar,34,84,82,15,215,0,0,51,14,65,34,84,133,29,280,106,24,130,410
10/30/2003,MSN,WI,AGL,CE,Towers with Radar,33,85,78,14,210,0,4,65,5,74,33,89,143,19,284,150,8,158,442
10/31/2003,MSN,WI,AGL,CE,Towers with Radar,36,83,77,2,198,0,0,22,0,22,36,83,99,2,220,14,0,14,234
11/01/2003,MSN,WI,AGL,CE,Towers with Radar,26,57,49,7,139,11,16,47,0,74,37,73,96,7,213,84,0,84,297
11/02/2003,MSN,WI,AGL,CE,Towers with Radar,28,60,52,0,140,3,0,25,0,28,31,60,77,0,168,42,0,42,210
11/03/2003,MSN,WI,AGL,CE,Towers with Radar,27,58,43,1,129,2,15,0,0,17,29,73,43,1,146,0,0,0,146
11/04/2003,MSN,WI,AGL,CE,Towers with Radar,27,78,69,8,182,0,0,2,0,2,27,78,71,8,184,8,0,8,192
11/05/2003,MSN,WI,AGL,CE,Towers with Radar,45,80,89,13,227,0,0,36,2,38,45,80,125,15,265,100,0,100,365
11/06/2003,MSN,WI,AGL,CE,Towers with Radar,37,92,81,12,222,0,0,139,3,142,37,92,220,15,364,168,0,168,532
11/07/2003,MSN,WI,AGL,CE,Towers with Radar,37,80,69,11,197,4,6,84,6,100,41,86,153,17,297,164,2,166,463
11/08/2003,MSN,WI,AGL,CE,Towers with Radar,26,56,30,3,115,14,11,0,0,25,40,67,30,3,140,130,0,130,270
11/09/2003,MSN,WI,AGL,CE,Towers with Radar,25,54,47,5,131,8,13,118,0,139,33,67,165,5,270,94,0,94,364
11/10/2003,MSN,WI,AGL,CE,Towers with Radar,32,73,63,4,172,0,11,55,0,66,32,84,118,4,238,130,0,130,368
11/11/2003,MSN,WI,AGL,CE,Towers with Radar,39,84,73,2,198,2,15,37,0,54,41,99,110,2,252,106,0,106,358
11/12/2003,MSN,WI,AGL,CE,Towers with Radar,34,79,69,11,193,0,0,25,5,30,34,79,94,16,223,10,0,10,233
11/13/2003,MSN,WI,AGL,CE,Towers with Radar,34,82,80,12,208,0,0,40,11,51,34,82,120,23,259,70,28,98,357
11/14/2003,MSN,WI,AGL,CE,Towers with Radar,44,71,83,12,210,3,0,104,12,119,47,71,187,24,329,180,32,212,541
11/15/2003,MSN,WI,AGL,CE,Towers with Radar,34,69,68,10,181,0,0,10,10,20,34,69,78,20,201,70,6,76,277
11/16/2003,MSN,WI,AGL,CE,Towers with Radar,31,58,56,9,154,2,0,13,1,16,33,58,69,10,170,44,0,44,214
11/17/2003,MSN,WI,AGL,CE,Towers with Radar,39,63,71,10,183,0,0,50,18,68,39,63,121,28,251,150,6,156,407
11/18/2003,MSN,WI,AGL,CE,Towers with Radar,33,74,73,10,190,0,0,14,12,26,33,74,87,22,216,62,12,74,290
11/19/2003,MSN,WI,AGL,CE,Towers with Radar,33,81,75,10,199,0,0,106,12,118,33,81,181,22,317,76,10,86,403
11/20/2003,MSN,WI,AGL,CE,Towers with Radar,36,92,81,11,220,0,2,101,4,107,36,94,182,15,327,118,26,144,471
11/21/2003,MSN,WI,AGL,CE,Towers with Radar,39,79,80,10,208,0,0,113,0,113,39,79,193,10,321,74,0,74,395
11/22/2003,MSN,WI,AGL,CE,Towers with Radar,30,63,56,2,151,4,0,33,0,37,34,63,89,2,188,52,0,52,240
11/23/2003,MSN,WI,AGL,CE,Towers with Radar,22,45,37,1,105,8,13,0,0,21,30,58,37,1,126,0,0,0,126
11/24/2003,MSN,WI,AGL,CE,Towers with Radar,30,64,57,8,159,0,2,2,7,11,30,66,59,15,170,48,8,56,226
11/25/2003,MSN,WI,AGL,CE,Towers with Radar,37,84,74,10,205,0,2,72,7,81,37,86,146,17,286,58,0,58,344
11/26/2003,MSN,WI,AGL,CE,Towers with Radar,39,88,78,11,216,0,0,115,15,130,39,88,193,26,346,252,2,254,600
11/27/2003,MSN,WI,AGL,CE,Towers with Radar,23,46,40,0,109,4,14,0,0,18,27,60,40,0,127,54,0,54,181
11/28/2003,MSN,WI,AGL,CE,Towers with Radar,22,44,39,3,108,10,6,16,0,32,32,50,55,3,140,36,0,36,176
11/29/2003,MSN,WI,AGL,CE,Towers with Radar,32,68,60,6,166,0,5,91,0,96,32,73,151,6,262,98,0,98,360
11/30/2003,MSN,WI,AGL,CE,Towers with Radar,28,69,59,7,163,0,15,132,0,147,28,84,191,7,310,160,2,162,472
12/01/2003,MSN,WI,AGL,CE,Towers with Radar,31,73,54,1,159,4,5,38,0,47,35,78,92,1,206,38,0,38,244
12/02/2003,MSN,WI,AGL,CE,Towers with Radar,33,74,57,1,165,5,0,84,0,89,38,74,141,1,254,174,0,174,428
12/03/2003,MSN,WI,AGL,CE,Towers with Radar,40,80,69,7,196,0,0,89,4,93,40,80,158,11,289,146,0,146,435
12/04/2003,MSN,WI,AGL,CE,Towers with Radar,37,90,73,8,208,0,0,81,7,88,37,90,154,15,296,78,0,78,374
12/05/2003,MSN,WI,AGL,CE,Towers with Radar,35,82,61,7,185,2,0,55,0,57,37,82,116,7,242,82,0,82,324
12/06/2003,MSN,WI,AGL,CE,Towers with Radar,27,63,46,5,141,6,3,86,0,95,33,66,132,5,236,202,0,202,438
12/07/2003,MSN,WI,AGL,CE,Towers with Radar,30,66,55,2,153,0,0,81,0,81,30,66,136,2,234,102,0,102,336
12/08/2003,MSN,WI,AGL,CE,Towers with Radar,35,75,64,7,181,0,0,54,2,56,35,75,118,9,237,176,0,176,413
12/09/2003,MSN,WI,AGL,CE,Towers with Radar,32,65,55,0,152,1,0,15,0,16,33,65,70,0,168,0,0,0,168
12/10/2003,MSN,WI,AGL,CE,Towers with Radar,27,64,38,0,129,8,5,0,0,13,35,69,38,0,142,0,0,0,142
12/11/2003,MSN,WI,AGL,CE,Towers with Radar,32,94,71,7,204,0,0,81,6,87,32,94,152,13,291,28,0,28,319
12/12/2003,MSN,WI,AGL,CE,Towers with Radar,37,77,63,4,181,3,0,99,0,102,40,77,162,4,283,0,0,0,283
12/13/2003,MSN,WI,AGL,CE,Towers with Radar,26,57,44,3,130,7,8,138,0,153,33,65,182,3,283,16,4,20,303
12/14/2003,MSN,WI,AGL,CE,Towers with Radar,27,57,46,5,135,5,0,9,2,16,32,57,55,7,151,62,0,62,213
12/15/2003,MSN,WI,AGL,CE,Towers with Radar,21,79,60,6,166,0,9,6,12,27,21,88,66,18,193,12,8,20,213
12/16/2003,MSN,WI,AGL,CE,Towers with Radar,31,77,58,5,171,0,1,1,3,5,31,78,59,8,176,4,0,4,180
12/17/2003,MSN,WI,AGL,CE,Towers with Radar,40,90,91,8,229,0,0,61,14,75,40,90,152,22,304,164,0,164,468
12/18/2003,MSN,WI,AGL,CE,Towers with Radar,33,89,84,8,214,0,0,21,18,39,33,89,105,26,253,114,0,114,367
12/19/2003,MSN,WI,AGL,CE,Towers with Radar,29,82,69,6,186,0,0,40,4,44,29,82,109,10,230,126,4,130,360
12/20/2003,MSN,WI,AGL,CE,Towers with Radar,35,62,60,1,158,5,0,136,0,141,40,62,196,1,299,106,0,106,405
12/21/2003,MSN,WI,AGL,CE,Towers with Radar,25,56,43,0,124,2,11,121,0,134,27,67,164,0,258,106,0,106,364
12/22/2003,MSN,WI,AGL,CE,Towers with Radar,30,78,59,5,172,0,8,66,19,93,30,86,125,24,265,218,16,234,499
12/23/2003,MSN,WI,AGL,CE,Towers with Radar,34,82,63,6,185,0,4,23,6,33,34,86,86,12,218,116,0,116,334
12/24/2003,MSN,WI,AGL,CE,Towers with Radar,26,58,45,2,131,12,9,35,0,56,38,67,80,2,187,138,0,138,325
12/25/2003,MSN,WI,AGL,CE,Towers with Radar,26,57,33,0,116,1,56,0,0,57,27,113,33,0,173,8,0,8,181
12/26/2003,MSN,WI,AGL,CE,Towers with Radar,31,69,52,1,153,4,11,92,0,107,35,80,144,1,260,98,0,98,358
12/27/2003,MSN,WI,AGL,CE,Towers with Radar,28,62,47,3,140,12,6,44,0,62,40,68,91,3,202,80,0,80,282
12/28/2003,MSN,WI,AGL,CE,Towers with Radar,31,64,52,0,147,4,0,40,0,44,35,64,92,0,191,84,0,84,275
12/29/2003,MSN,WI,AGL,CE,Towers with Radar,28,64,47,4,143,12,19,32,9,72,40,83,79,13,215,196,2,198,413
12/30/2003,MSN,WI,AGL,CE,Towers with Radar,27,82,61,6,176,0,11,106,6,123,27,93,167,12,299,150,2,152,451
12/31/2003,MSN,WI,AGL,CE,Towers with Radar,26,59,43,4,132,4,12,99,6,121,30,71,142,10,253,180,0,180,433
01/01/2004,MSN,WI,AGL,CE,Towers with Radar,18,41,30,2,91,16,7,49,0,72,34,48,79,2,163,62,0,62,225
01/02/2004,MSN,WI,AGL,CE,Towers with Radar,30,66,48,0,144,2,0,24,0,26,32,66,72,0,170,70,0,70,240
01/03/2004,MSN,WI,AGL,CE,Towers with Radar,22,46,35,2,105,10,0,93,0,103,32,46,128,2,208,154,4,158,366
01/04/2004,MSN,WI,AGL,CE,Towers with Radar,26,54,42,4,126,10,0,21,0,31,36,54,63,4,157,50,0,50,207
01/05/2004,MSN,WI,AGL,CE,Towers with Radar,25,57,40,7,129,1,17,3,1,22,26,74,43,8,151,106,0,106,257
01/06/2004,MSN,WI,AGL,CE,Towers with Radar,32,80,56,10,178,0,2,14,12,28,32,82,70,22,206,34,10,44,250
01/07/2004,MSN,WI,AGL,CE,Towers with Radar,40,81,64,11,196,0,0,71,14,85,40,81,135,25,281,118,48,166,447
01/08/2004,MSN,WI,AGL,CE,Towers with Radar,35,82,60,10,187,0,0,54,23,77,35,82,114,33,264,130,36,166,430
01/09/2004,MSN,WI,AGL,CE,Towers with Radar,29,79,60,10,178,0,0,49,19,68,29,79,109,29,246,124,28,152,398
01/10/2004,MSN,WI,AGL,CE,Towers with Radar,27,62,53,9,151,0,0,65,13,78,27,62,118,22,229,180,4,184,413
01/11/2004,MSN,WI,AGL,CE,Towers with Radar,27,61,43,3,134,0,1,61,0,62,27,62,104,3,196,96,0,96,292
01/12/2004,MSN,WI,AGL,CE,Towers with Radar,33,86,62,10,191,0,0,55,5,60,33,86,117,15,251,82,4,86,337
01/13/2004,MSN,WI,AGL,CE,Towers with Radar,35,94,68,12,209,0,0,59,17,76,35,94,127,29,285,128,26,154,439
01/14/2004,MSN,WI,AGL,CE,Towers with Radar,34,81,57,10,182,0,0,14,5,19,34,81,71,15,201,44,0,44,245
01/15/2004,MSN,WI,AGL,CE,Towers with Radar,33,85,67,11,196,0,0,56,15,71,33,85,123,26,267,92,6,98,365
01/16/2004,MSN,WI,AGL,CE,Towers with Radar,34,75,55,0,164,0,3,49,0,52,34,78,104,0,216,60,0,60,276
01/17/2004,MSN,WI,AGL,CE,Towers with Radar,23,51,26,0,100,10,12,0,0,22,33,63,26,0,122,2,0,2,124
01/18/2004,MSN,WI,AGL,CE,Towers with Radar,26,57,42,0,125,5,4,80,0,89,31,61,122,0,214,34,0,34,248
01/19/2004,MSN,WI,AGL,CE,Towers with Radar,31,77,56,1,165,0,10,89,0,99,31,87,145,1,264,82,0,82,346
01/20/2004,MSN,WI,AGL,CE,Towers with Radar,33,83,60,9,185,0,6,30,2,38,33,89,90,11,223,104,14,118,341
01/21/2004,MSN,WI,AGL,CE,Towers with Radar,31,81,59,9,180,0,5,28,7,40,31,86,87,16,220,24,0,24,244
01/22/2004,MSN,WI,AGL,CE,Towers with Radar,28,87,63,9,187,0,0,34,4,38,28,87,97,13,225,8,12,20,245
01/23/2004,MSN,WI,AGL,CE,Towers with Radar,32,71,51,0,154,2,2,5,0,9,34,73,56,0,163,0,0,0,163
01/24/2004,MSN,WI,AGL,CE,Towers with Radar,25,55,40,0,120,11,9,101,0,121,36,64,141,0,241,140,0,140,381
01/25/2004,MSN,WI,AGL,CE,Towers with Radar,23,49,36,0,108,11,7,8,0,26,34,56,44,0,134,48,0,48,182
01/26/2004,MSN,WI,AGL,CE,Towers with Radar,24,52,34,1,111,4,6,0,0,10,28,58,34,1,121,0,0,0,121
01/27/2004,MSN,WI,AGL,CE,Towers with Radar,30,83,60,9,182,0,9,15,13,37,30,92,75,22,219,62,12,74,293
01/28/2004,MSN,WI,AGL,CE,Towers with Radar,32,88,71,11,202,0,0,77,12,89,32,88,148,23,291,106,2,108,399
01/29/2004,MSN,WI,AGL,CE,Towers with Radar,33,84,63,10,190,0,0,55,11,66,33,84,118,21,256,64,6,70,326
01/30/2004,MSN,WI,AGL,CE,Towers with Radar,37,77,58,2,174,1,0,28,0,29,38,77,86,2,203,32,0,32,235
01/31/2004,MSN,WI,AGL,CE,Towers with Radar,27,58,42,0,127,12,10,67,0,89,39,68,109,0,216,108,0,108,324
02/01/2004,MSN,WI,AGL,CE,Towers with Radar,19,44,32,3,98,13,9,103,0,125,32,53,135,3,223,138,0,138,361
02/02/2004,MSN,WI,AGL,CE,Towers with Radar,25,59,43,0,127,4,22,17,0,43,29,81,60,0,170,16,0,16,186
02/03/2004,MSN,WI,AGL,CE,Towers with Radar,34,81,58,8,181,0,0,27,0,27,34,81,85,8,208,74,0,74,282
02/04/2004,MSN,WI,AGL,CE,Towers with Radar,31,93,66,10,200,0,18,69,18,105,31,111,135,28,305,124,30,154,459
02/05/2004,MSN,WI,AGL,CE,Towers with Radar,34,86,61,9,190,0,2,34,25,61,34,88,95,34,251,134,12,146,397
02/06/2004,MSN,WI,AGL,CE,Towers with Radar,33,78,55,4,170,3,18,6,0,27,36,96,61,4,197,24,0,24,221
02/07/2004,MSN,WI,AGL,CE,Towers with Radar,28,66,46,7,147,7,7,23,7,44,35,73,69,14,191,88,8,96,287
02/08/2004,MSN,WI,AGL,CE,Towers with Radar,27,65,45,2,139,4,0,40,0,44,31,65,85,2,183,46,0,46,229
02/09/2004,MSN,WI,AGL,CE,Towers with Radar,32,75,53,8,168,2,7,13,10,32,34,82,66,18,200,52,10,62,262
02/10/2004,MSN,WI,AGL,CE,Towers with Radar,33,91,69,10,203,0,0,74,17,91,33,91,143,27,294,70,10,80,374
02/11/2004,MSN,WI,AGL,CE,Towers with Radar,33,99,70,11,213,0,2,47,13,62,33,101,117,24,275,100,16,116,391
02/12/2004,MSN,WI,AGL,CE,Towers with Radar,36,84,69,10,199,0,0,51,7,58,36,84,120,17,257,106,4,110,367
02/13/2004,MSN,WI,AGL,CE,Towers with Radar,33,78,55,0,166,7,1,68,0,76,40,79,123,0,242,96,0,96,338
02/14/2004,MSN,WI,AGL,CE,Towers with Radar,30,69,49,0,148,15,2,131,0,148,45,71,180,0,296,184,0,184,480
02/15/2004,MSN,WI,AGL,CE,Towers with Radar,26,60,44,0,130,5,0,101,0,106,31,60,145,0,236,128,0,128,364
02/16/2004,MSN,WI,AGL,CE,Towers with Radar,32,72,51,4,159,0,9,39,0,48,32,81,90,4,207,70,2,72,279
02/17/2004,MSN,WI,AGL,CE,Towers with Radar,32,94,75,10,211,0,0,60,3,63,32,94,135,13,274,88,0,88,362
02/18/2004,MSN,WI,AGL,CE,Towers with Radar,35,78,57,8,178,0,8,16,13,37,35,86,73,21,215,100,4,104,319
02/19/2004,MSN,WI,AGL,CE,Towers with Radar,35,85,74,10,204,0,0,28,4,32,35,85,102,14,236,53,2,55,291
02/20/2004,MSN,WI,AGL,CE,Towers with Radar,32,72,50,2,156,6,10,0,0,16,38,82,50,2,172,0,0,0,172
02/21/2004,MSN,WI,AGL,CE,Towers with Radar,27,60,44,0,131,10,8,47,0,65,37,68,91,0,196,108,0,108,304
02/22/2004,MSN,WI,AGL,CE,Towers with Radar,31,68,51,0,150,5,0,104,0,109,36,68,155,0,259,138,0,138,397
02/23/2004,MSN,WI,AGL,CE,Towers with Radar,27,76,48,7,158,0,0,0,4,4,27,76,48,11,162,14,0,14,176
02/24/2004,MSN,WI,AGL,CE,Towers with Radar,46,81,75,10,212,2,0,19,22,43,48,81,94,32,255,74,2,76,331
02/25/2004,MSN,WI,AGL,CE,Towers with Radar,38,89,75,10,212,0,0,104,18,122,38,89,179,28,334,134,0,134,468
02/26/2004,MSN,WI,AGL,CE,Towers with Radar,39,95,84,11,229,0,0,104,4,108,39,95,188,15,337,178,12,190,527
02/27/2004,MSN,WI,AGL,CE,Towers with Radar,38,92,68,4,202,0,0,118,0,118,38,92,186,4,320,86,0,86,406
02/28/2004,MSN,WI,AGL,CE,Towers with Radar,26,59,43,0,128,12,10,126,0,148,38,69,169,0,276,200,0,200,476
02/29/2004,MSN,WI,AGL,CE,Towers with Radar,31,68,50,0,149,3,28,247,0,278,34,96,297,0,427,110,0,110,537
03/01/2004,MSN,WI,AGL,CE,Towers with Radar,26,70,40,10,146,0,20,0,2,22,26,90,40,12,168,16,0,16,184
03/02/2004,MSN,WI,AGL,CE,Towers with Radar,36,98,79,15,228,0,0,3,12,15,36,98,82,27,243,28,6,34,277
03/03/2004,MSN,WI,AGL,CE,Towers with Radar,38,84,69,13,204,1,0,9,21,31,39,84,78,34,235,42,0,42,277
03/04/2004,MSN,WI,AGL,CE,Towers with Radar,41,73,74,14,202,3,0,14,11,28,44,73,88,25,230,4,2,6,236
03/05/2004,MSN,WI,AGL,CE,Towers with Radar,30,72,55,10,167,4,9,14,2,29,34,81,69,12,196,12,0,12,208
03/06/2004,MSN,WI,AGL,CE,Towers with Radar,27,66,50,10,153,12,5,26,9,52,39,71,76,19,205,58,0,58,263
03/07/2004,MSN,WI,AGL,CE,Towers with Radar,22,54,40,3,119,14,1,20,0,35,36,55,60,3,154,18,0,18,172
03/08/2004,MSN,WI,AGL,CE,Towers with Radar,30,76,58,11,175,0,0,69,1,70,30,76,127,12,245,146,6,152,397
03/09/2004,MSN,WI,AGL,CE,Towers with Radar,30,93,75,14,212,0,0,114,2,116,30,93,189,16,328,158,8,166,494
03/10/2004,MSN,WI,AGL,CE,Towers with Radar,34,83,63,12,192,4,12,37,5,58,38,95,100,17,250,46,6,52,302
03/11/2004,MSN,WI,AGL,CE,Towers with Radar,31,75,57,5,168,5,3,20,0,28,36,78,77,5,196,48,10,58,254
03/12/2004,MSN,WI,AGL,CE,Towers with Radar,41,81,76,4,202,0,0,154,0,154,41,81,230,4,356,190,6,196,552
03/13/2004,MSN,WI,AGL,CE,Towers with Radar,22,48,41,3,114,18,0,80,0,98,40,48,121,3,212,100,0,100,312
03/14/2004,MSN,WI,AGL,CE,Towers with Radar,23,56,26,5,110,12,13,0,0,25,35,69,26,5,135,2,0,2,137
03/15/2004,MSN,WI,AGL,CE,Towers with Radar,31,86,65,12,194,0,14,65,14,93,31,100,130,26,287,66,12,78,365
03/16/2004,MSN,WI,AGL,CE,Towers with Radar,32,97,78,13,220,0,0,60,24,84,32,97,138,37,304,116,28,144,448
03/17/2004,MSN,WI,AGL,CE,Towers with Radar,28,84,61,11,184,0,8,0,9,17,28,92,61,20,201,18,0,18,219
03/18/2004,MSN,WI,AGL,CE,Towers with Radar,29,67,53,9,158,1,19,7,12,39,30,86,60,21,197,52,4,56,253
03/19/2004,MSN,WI,AGL,CE,Towers with Radar,34,90,70,12,206,0,4,74,8,86,34,94,144,20,292,122,52,174,466
03/20/2004,MSN,WI,AGL,CE,Towers with Radar,22,51,40,4,117,2,14,33,0,49,24,65,73,4,166,64,0,64,230
03/21/2004,MSN,WI,AGL,CE,Towers with Radar,29,69,54,0,152,0,7,117,0,124,29,76,171,0,276,152,0,152,428
03/22/2004,MSN,WI,AGL,CE,Towers with Radar,30,72,56,10,168,0,8,99,1,108,30,80,155,11,276,168,8,176,452
03/23/2004,MSN,WI,AGL,CE,Towers with Radar,31,84,66,11,192,0,7,100,21,128,31,91,166,32,320,154,26,180,500
03/24/2004,MSN,WI,AGL,CE,Towers with Radar,36,84,70,12,202,0,0,35,20,55,36,84,105,32,257,82,16,98,355
03/25/2004,MSN,WI,AGL,CE,Towers with Radar,35,79,82,14,210,0,0,15,4,19,35,79,97,18,229,34,16,50,279
03/26/2004,MSN,WI,AGL,CE,Towers with Radar,35,80,78,9,202,0,0,27,0,27,35,80,105,9,229,88,0,88,317
03/27/2004,MSN,WI,AGL,CE,Towers with Radar,34,74,61,6,175,5,0,38,0,43,39,74,99,6,218,102,18,120,338
03/28/2004,MSN,WI,AGL,CE,Towers with Radar,25,60,47,1,133,10,5,18,0,33,35,65,65,1,166,40,0,40,206
03/29/2004,MSN,WI,AGL,CE,Towers with Radar,27,82,64,11,184,0,1,131,3,135,27,83,195,14,319,94,0,94,413
03/30/2004,MSN,WI,AGL,CE,Towers with Radar,35,81,63,11,190,4,2,36,1,43,39,83,99,12,233,38,46,84,317
03/31/2004,MSN,WI,AGL,CE,Towers with Radar,35,90,69,12,206,0,4,109,0,113,35,94,178,12,319,56,4,60,379
04/01/2004,MSN,WI,AGL,CE,Towers with Radar,31,91,74,9,205,0,7,133,4,144,31,98,207,13,349,134,4,138,487
04/02/2004,MSN,WI,AGL,CE,Towers with Radar,40,85,71,9,205,0,0,116,4,120,40,85,187,13,325,150,4,154,479
04/03/2004,MSN,WI,AGL,CE,Towers with Radar,30,61,49,6,146,8,15,74,1,98,38,76,123,7,244,38,0,38,282
04/04/2004,MSN,WI,AGL,CE,Towers with Radar,30,59,48,6,143,9,0,137,6,152,39,59,185,12,295,68,0,68,363
04/05/2004,MSN,WI,AGL,CE,Towers with Radar,34,76,62,8,180,0,8,73,0,81,34,84,135,8,261,72,0,72,333
04/06/2004,MSN,WI,AGL,CE,Towers with Radar,35,80,65,8,188,0,7,95,4,106,35,87,160,12,294,220,10,230,524
04/07/2004,MSN,WI,AGL,CE,Towers with Radar,39,69,63,8,179,7,0,73,10,90,46,69,136,18,269,148,0,148,417
04/08/2004,MSN,WI,AGL,CE,Towers with Radar,39,79,85,11,214,0,0,53,7,60,39,79,138,18,274,54,2,56,330
04/09/2004,MSN,WI,AGL,CE,Towers with Radar,44,88,71,4,207,2,0,115,0,117,46,88,186,4,324,138,0,138,462
04/10/2004,MSN,WI,AGL,CE,Towers with Radar,28,56,45,0,129,17,15,109,0,141,45,71,154,0,270,100,2,102,372
04/11/2004,MSN,WI,AGL,CE,Towers with Radar,26,54,43,0,123,15,10,67,0,92,41,64,110,0,215,34,0,34,249
04/12/2004,MSN,WI,AGL,CE,Towers with Radar,36,72,58,2,168,2,9,57,0,68,38,81,115,2,236,96,0,96,332
04/13/2004,MSN,WI,AGL,CE,Towers with Radar,42,75,68,9,194,5,0,90,4,99,47,75,158,13,293,92,0,92,385
04/14/2004,MSN,WI,AGL,CE,Towers with Radar,43,88,75,10,216,0,0,125,0,125,43,88,200,10,341,118,4,122,463
04/15/2004,MSN,WI,AGL,CE,Towers with Radar,39,90,75,9,213,0,0,64,4,68,39,90,139,13,281,68,0,68,349
04/16/2004,MSN,WI,AGL,CE,Towers with Radar,40,78,65,7,190,10,3,22,1,36,50,81,87,8,226,60,0,60,286
04/17/2004,MSN,WI,AGL,CE,Towers with Radar,34,60,56,6,156,13,0,118,2,133,47,60,174,8,289,168,4,172,461
04/18/2004,MSN,WI,AGL,CE,Towers with Radar,27,51,43,4,125,14,11,8,0,33,41,62,51,4,158,32,0,32,190
04/19/2004,MSN,WI,AGL,CE,Towers with Radar,35,73,61,7,176,0,15,15,2,32,35,88,76,9,208,92,0,92,300
04/20/2004,MSN,WI,AGL,CE,Towers with Radar,38,73,70,8,189,0,0,49,2,51,38,73,119,10,240,52,0,52,292
04/21/2004,MSN,WI,AGL,CE,Towers with Radar,43,101,84,9,237,0,4,31,10,45,43,105,115,19,282,62,4,66,348
04/22/2004,MSN,WI,AGL,CE,Towers with Radar,43,93,89,10,235,0,0,71,21,92,43,93,160,31,327,96,6,102,429
04/23/2004,MSN,WI,AGL,CE,Towers with Radar,40,77,64,5,186,1,8,106,0,115,41,85,170,5,301,200,0,200,501
04/24/2004,MSN,WI,AGL,CE,Towers with Radar,34,66,55,1,156,11,2,108,0,121,45,68,163,1,277,84,0,84,361
04/25/2004,MSN,WI,AGL,CE,Towers with Radar,38,70,62,2,172,0,0,32,0,32,38,70,94,2,204,54,0,54,258
04/26/2004,MSN,WI,AGL,CE,Towers with Radar,38,76,63,7,184,0,0,57,15,72,38,76,120,22,256,90,14,104,360
04/27/2004,MSN,WI,AGL,CE,Towers with Radar,39,82,72,8,201,0,0,111,14,125,39,82,183,22,326,166,24,190,516
04/28/2004,MSN,WI,AGL,CE,Towers with Radar,37,85,71,8,201,0,0,66,17,83,37,85,137,25,284,52,14,66,350
04/29/2004,MSN,WI,AGL,CE,Towers with Radar,41,89,75,8,213,0,0,40,18,58,41,89,115,26,271,50,0,50,321
04/30/2004,MSN,WI,AGL,CE,Towers with Radar,38,102,88,10,238,0,0,14,21,35,38,102,102,31,273,90,4,94,367
05/01/2004,MSN,WI,AGL,CE,Towers with Radar,35,71,68,11,185,7,0,41,22,70,42,71,109,33,255,58,18,76,331
05/02/2004,MSN,WI,AGL,CE,Towers with Radar,27,59,52,0,138,11,17,81,0,109,38,76,133,0,247,72,0,72,319
05/03/2004,MSN,WI,AGL,CE,Towers with Radar,35,72,66,11,184,6,0,124,11,141,41,72,190,22,325,106,18,124,449
05/04/2004,MSN,WI,AGL,CE,Towers with Radar,36,77,69,11,193,1,3,17,8,29,37,80,86,19,222,40,16,56,278
05/05/2004,MSN,WI,AGL,CE,Towers with Radar,33,86,77,13,209,0,15,96,9,120,33,101,173,22,329,164,18,182,511
05/06/2004,MSN,WI,AGL,CE,Towers with Radar,35,72,67,11,185,0,0,58,2,60,35,72,125,13,245,104,8,112,357
05/07/2004,MSN,WI,AGL,CE,Towers with Radar,35,83,73,11,202,0,2,61,0,63,35,85,134,11,265,42,0,42,307
05/08/2004,MSN,WI,AGL,CE,Towers with Radar,24,51,45,0,120,13,19,20,0,52,37,70,65,0,172,102,0,102,274
05/09/2004,MSN,WI,AGL,CE,Towers with Radar,27,58,51,2,138,8,9,18,0,35,35,67,69,2,173,62,0,62,235
05/10/2004,MSN,WI,AGL,CE,Towers with Radar,32,69,61,10,172,11,0,16,3,30,43,69,77,13,202,118,0,118,320
05/11/2004,MSN,WI,AGL,CE,Towers with Radar,32,80,90,15,217,0,0,49,4,53,32,80,139,19,270,22,6,28,298
05/12/2004,MSN,WI,AGL,CE,Towers with Radar,36,82,74,12,204,0,0,80,16,96,36,82,154,28,300,114,16,130,430
05/13/2004,MSN,WI,AGL,CE,Towers with Radar,35,77,72,8,192,0,0,46,0,46,35,77,118,8,238,94,0,94,332
05/14/2004,MSN,WI,AGL,CE,Towers with Radar,34,88,89,15,226,0,0,10,14,24,34,88,99,29,250,74,0,74,324
05/15/2004,MSN,WI,AGL,CE,Towers with Radar,32,68,62,4,166,2,10,144,0,156,34,78,206,4,322,126,0,126,448
05/16/2004,MSN,WI,AGL,CE,Towers with Radar,28,60,54,5,147,3,15,146,0,164,31,75,200,5,311,122,2,124,435
05/17/2004,MSN,WI,AGL,CE,Towers with Radar,26,39,49,7,121,6,0,44,7,57,32,39,93,14,178,86,8,94,272
05/18/2004,MSN,WI,AGL,CE,Towers with Radar,38,99,95,14,246,0,0,50,6,56,38,99,145,20,302,126,0,126,428
05/19/2004,MSN,WI,AGL,CE,Towers with Radar,37,90,87,13,227,0,0,5,11,16,37,90,92,24,243,162,30,192,435
05/20/2004,MSN,WI,AGL,CE,Towers with Radar,33,97,88,13,231,0,1,36,19,56,33,98,124,32,287,122,10,132,419
05/21/2004,MSN,WI,AGL,CE,Towers with Radar,29,57,54,8,148,7,0,11,2,20,36,57,65,10,168,24,0,24,192
05/22/2004,MSN,WI,AGL,CE,Towers with Radar,25,50,47,1,123,14,0,7,0,21,39,50,54,1,144,30,0,30,174
05/23/2004,MSN,WI,AGL,CE,Towers with Radar,29,59,54,3,145,1,10,26,0,37,30,69,80,3,182,126,0,126,308
05/24/2004,MSN,WI,AGL,CE,Towers with Radar,33,65,74,11,183,0,0,64,6,70,33,65,138,17,253,188,0,188,441
05/25/2004,MSN,WI,AGL,CE,Towers with Radar,34,87,79,12,212,0,3,61,14,78,34,90,140,26,290,38,6,44,334
05/26/2004,MSN,WI,AGL,CE,Towers with Radar,33,84,84,13,214,0,0,138,14,152,33,84,222,27,366,86,2,88,454
05/27/2004,MSN,WI,AGL,CE,Towers with Radar,34,92,90,14,230,0,0,53,4,57,34,92,143,18,287,150,10,160,447
05/28/2004,MSN,WI,AGL,CE,Towers with Radar,37,82,74,5,198,0,1,149,0,150,37,83,223,5,348,96,0,96,444
05/29/2004,MSN,WI,AGL,CE,Towers with Radar,20,41,37,0,98,16,5,24,0,45,36,46,61,0,143,26,0,26,169
05/30/2004,MSN,WI,AGL,CE,Towers with Radar,17,33,26,0,76,11,17,0,0,28,28,50,26,0,104,0,0,0,104
05/31/2004,MSN,WI,AGL,CE,Towers with Radar,29,59,54,4,146,3,1,22,0,26,32,60,76,4,172,40,0,40,212
06/01/2004,MSN,WI,AGL,CE,Towers with Radar,31,73,69,11,184,3,14,48,7,72,34,87,117,18,256,84,0,84,340
06/02/2004,MSN,WI,AGL,CE,Towers with Radar,36,88,94,15,233,0,0,98,3,101,36,88,192,18,334,214,0,214,548
06/03/2004,MSN,WI,AGL,CE,Towers with Radar,32,75,71,11,189,0,5,135,14,154,32,80,206,25,343,164,28,192,535
06/04/2004,MSN,WI,AGL,CE,Towers with Radar,33,79,75,12,199,5,10,125,6,146,38,89,200,18,345,76,16,92,437
06/05/2004,MSN,WI,AGL,CE,Towers with Radar,28,67,63,10,168,5,4,129,12,150,33,71,192,22,318,130,70,200,518
06/06/2004,MSN,WI,AGL,CE,Towers with Radar,30,73,69,11,183,4,3,116,0,123,34,76,185,11,306,134,2,136,442
06/07/2004,MSN,WI,AGL,CE,Towers with Radar,30,71,67,11,179,0,15,49,9,73,30,86,116,20,252,32,4,36,288
06/08/2004,MSN,WI,AGL,CE,Towers with Radar,35,82,79,13,209,0,0,41,3,44,35,82,120,16,253,60,4,64,317
06/09/2004,MSN,WI,AGL,CE,Towers with Radar,32,77,72,12,193,3,17,29,2,51,35,94,101,14,244,142,14,156,400
06/10/2004,MSN,WI,AGL,CE,Towers with Radar,38,101,96,12,247,0,1,21,0,22,38,102,117,12,269,22,4,26,295
06/11/2004,MSN,WI,AGL,CE,Towers with Radar,33,89,86,10,218,0,6,10,0,16,33,95,96,10,234,4,0,4,238
06/12/2004,MSN,WI,AGL,CE,Towers with Radar,29,73,71,4,177,0,4,47,0,51,29,77,118,4,228,160,2,162,390
06/13/2004,MSN,WI,AGL,CE,Towers with Radar,25,57,55,3,140,3,12,35,0,50,28,69,90,3,190,82,0,82,272
06/14/2004,MSN,WI,AGL,CE,Towers with Radar,29,66,66,10,171,10,0,60,3,73,39,66,126,13,244,112,8,120,364
06/15/2004,MSN,WI,AGL,CE,Towers with Radar,36,83,80,13,212,1,13,117,1,132,37,96,197,14,344,242,10,252,596
06/16/2004,MSN,WI,AGL,CE,Towers with Radar,34,82,80,10,206,0,2,66,0,68,34,84,146,10,274,104,12,116,390
06/17/2004,MSN,WI,AGL,CE,Towers with Radar,32,82,82,12,208,0,0,56,5,61,32,82,138,17,269,158,0,158,427
06/18/2004,MSN,WI,AGL,CE,Towers with Radar,37,81,89,13,220,0,0,130,9,139,37,81,219,22,359,268,12,280,639
06/19/2004,MSN,WI,AGL,CE,Towers with Radar,30,58,65,0,153,10,0,192,0,202,40,58,257,0,355,154,2,156,511
06/20/2004,MSN,WI,AGL,CE,Towers with Radar,31,61,69,3,164,4,0,214,0,218,35,61,283,3,382,96,4,100,482
06/21/2004,MSN,WI,AGL,CE,Towers with Radar,27,73,76,11,187,0,0,38,64,102,27,73,114,75,289,12,0,12,301
06/22/2004,MSN,WI,AGL,CE,Towers with Radar,32,90,92,13,227,0,0,104,20,124,32,90,196,33,351,110,8,118,469
06/23/2004,MSN,WI,AGL,CE,Towers with Radar,34,76,80,12,202,0,0,95,13,108,34,76,175,25,310,72,18,90,400
06/24/2004,MSN,WI,AGL,CE,Towers with Radar,35,87,91,13,226,0,0,53,13,66,35,87,144,26,292,112,10,122,414
06/25/2004,MSN,WI,AGL,CE,Towers with Radar,37,75,84,12,208,0,0,145,3,148,37,75,229,15,356,110,6,116,472
06/26/2004,MSN,WI,AGL,CE,Towers with Radar,25,56,55,5,141,16,7,122,0,145,41,63,177,5,286,144,0,144,430
06/27/2004,MSN,WI,AGL,CE,Towers with Radar,27,64,60,4,155,0,0,76,0,76,27,64,136,4,231,74,0,74,305
06/28/2004,MSN,WI,AGL,CE,Towers with Radar,30,82,77,11,200,0,4,95,15,114,30,86,172,26,314,162,14,176,490
06/29/2004,MSN,WI,AGL,CE,Towers with Radar,37,87,83,12,219,0,1,121,9,131,37,88,204,21,350,116,20,136,486
06/30/2004,MSN,WI,AGL,CE,Towers with Radar,0,0,0,0,0,42,89,207,24,362,42,89,207,24,362,72,18,90,452
07/01/2004,MSN,WI,AGL,CE,Towers with Radar,41,79,87,13,220,0,0,160,18,178,41,79,247,31,398,340,22,362,760
07/02/2004,MSN,WI,AGL,CE,Towers with Radar,28,60,58,9,155,13,18,126,5,162,41,78,184,14,317,114,4,118,435
07/03/2004,MSN,WI,AGL,CE,Towers with Radar,21,45,43,0,109,12,13,20,0,45,33,58,63,0,154,58,2,60,214
07/04/2004,MSN,WI,AGL,CE,Towers with Radar,19,43,41,3,106,14,6,1,0,21,33,49,42,3,127,20,0,20,147
07/05/2004,MSN,WI,AGL,CE,Towers with Radar,30,67,76,12,185,0,0,40,1,41,30,67,116,13,226,74,6,80,306
07/06/2004,MSN,WI,AGL,CE,Towers with Radar,32,71,69,11,183,0,0,26,3,29,32,71,95,14,212,42,0,42,254
07/07/2004,MSN,WI,AGL,CE,Towers with Radar,36,87,89,13,225,0,0,74,10,84,36,87,163,23,309,122,2,124,433
07/08/2004,MSN,WI,AGL,CE,Towers with Radar,37,86,82,13,218,0,4,169,12,185,37,90,251,25,403,238,16,254,657
07/09/2004,MSN,WI,AGL,CE,Towers with Radar,36,76,77,12,201,0,0,110,1,111,36,76,187,13,312,128,0,128,440
07/10/2004,MSN,WI,AGL,CE,Towers with Radar,28,58,60,0,146,13,0,127,0,140,41,58,187,0,286,198,0,198,484
07/11/2004,MSN,WI,AGL,CE,Towers with Radar,28,57,56,0,141,5,3,69,0,77,33,60,125,0,218,122,0,122,340
07/12/2004,MSN,WI,AGL,CE,Towers with Radar,32,64,63,10,169,1,20,50,6,77,33,84,113,16,246,78,10,88,334
07/13/2004,MSN,WI,AGL,CE,Towers with Radar,35,72,71,11,189,1,11,39,17,68,36,83,110,28,257,148,14,162,419
07/14/2004,MSN,WI,AGL,CE,Towers with Radar,31,77,88,13,209,0,0,0,12,12,31,77,88,25,221,88,24,112,333
07/15/2004,MSN,WI,AGL,CE,Towers with Radar,38,86,84,13,221,0,3,153,7,163,38,89,237,20,384,162,18,180,564
07/16/2004,MSN,WI,AGL,CE,Towers with Radar,30,61,61,8,160,7,23,20,11,61,37,84,81,19,221,154,16,170,391
07/17/2004,MSN,WI,AGL,CE,Towers with Radar,34,67,67,9,177,0,0,60,9,69,34,67,127,18,246,88,8,96,342
07/18/2004,MSN,WI,AGL,CE,Towers with Radar,27,57,56,0,140,5,5,164,0,174,32,62,220,0,314,158,0,158,472
07/19/2004,MSN,WI,AGL,CE,Towers with Radar,32,64,64,9,169,0,14,69,18,101,32,78,133,27,270,112,8,120,390
07/20/2004,MSN,WI,AGL,CE,Towers with Radar,37,77,76,10,200,2,3,85,12,102,39,80,161,22,302,184,16,200,502
07/21/2004,MSN,WI,AGL,CE,Towers with Radar,33,66,66,9,174,4,15,34,7,60,37,81,100,16,234,72,12,84,318
07/22/2004,MSN,WI,AGL,CE,Towers with Radar,34,76,80,11,201,0,0,131,12,143,34,76,211,23,344,146,44,190,534
07/23/2004,MSN,WI,AGL,CE,Towers with Radar,36,83,81,10,210,0,5,150,0,155,36,88,231,10,365,168,0,168,533
07/24/2004,MSN,WI,AGL,CE,Towers with Radar,30,62,61,0,153,10,2,166,0,178,40,64,227,0,331,186,0,186,517
07/25/2004,MSN,WI,AGL,CE,Towers with Radar,30,61,67,4,162,0,0,148,0,148,30,61,215,4,310,76,8,84,394
07/26/2004,MSN,WI,AGL,CE,Towers with Radar,34,69,66,9,178,5,5,54,8,72,39,74,120,17,250,58,0,58,308
07/27/2004,MSN,WI,AGL,CE,Towers with Radar,34,81,78,11,204,0,4,123,11,138,34,85,201,22,342,126,8,134,476
07/28/2004,MSN,WI,AGL,CE,Towers with Radar,34,81,93,13,221,0,0,95,9,104,34,81,188,22,325,74,0,74,399
07/29/2004,MSN,WI,AGL,CE,Towers with Radar,32,78,122,17,249,0,0,59,1,60,32,78,181,18,309,62,0,62,371
07/30/2004,MSN,WI,AGL,CE,Towers with Radar,38,89,90,2,219,0,0,57,0,57,38,89,147,2,276,40,0,40,316
07/31/2004,MSN,WI,AGL,CE,Towers with Radar,30,59,60,0,149,13,0,135,0,148,43,59,195,0,297,126,0,126,423
08/01/2004,MSN,WI,AGL,CE,Towers with Radar,29,70,89,3,191,0,0,57,0,57,29,70,146,3,248,116,2,118,366
08/02/2004,MSN,WI,AGL,CE,Towers with Radar,35,78,70,4,187,0,0,36,0,36,35,78,106,4,223,66,0,66,289
08/03/2004,MSN,WI,AGL,CE,Towers with Radar,36,77,75,11,199,0,0,56,13,69,36,77,131,24,268,56,4,60,328
08/04/2004,MSN,WI,AGL,CE,Towers with Radar,30,73,66,9,178,0,16,43,11,70,30,89,109,20,248,144,10,154,402
08/05/2004,MSN,WI,AGL,CE,Towers with Radar,33,77,69,10,189,0,6,141,21,168,33,83,210,31,357,200,10,210,567
08/06/2004,MSN,WI,AGL,CE,Towers with Radar,35,72,69,10,186,5,0,134,12,151,40,72,203,22,337,248,10,258,595
08/07/2004,MSN,WI,AGL,CE,Towers with Radar,27,58,52,7,144,6,10,106,13,135,33,68,158,20,279,92,10,102,381
08/08/2004,MSN,WI,AGL,CE,Towers with Radar,27,60,53,8,148,3,1,116,0,120,30,61,169,8,268,106,6,112,380
08/09/2004,MSN,WI,AGL,CE,Towers with Radar,31,79,71,9,190,0,4,45,0,49,31,83,116,9,239,32,6,38,277
08/10/2004,MSN,WI,AGL,CE,Towers with Radar,38,81,86,12,217,0,0,49,15,64,38,81,135,27,281,120,0,120,401
08/11/2004,MSN,WI,AGL,CE,Towers with Radar,38,81,95,13,227,0,0,29,12,41,38,81,124,25,268,120,16,136,404
08/12/2004,MSN,WI,AGL,CE,Towers with Radar,33,88,89,12,222,0,0,103,2,105,33,88,192,14,327,154,16,170,497
08/13/2004,MSN,WI,AGL,CE,Towers with Radar,35,75,69,1,180,4,4,133,0,141,39,79,202,1,321,136,0,136,457
08/14/2004,MSN,WI,AGL,CE,Towers with Radar,28,58,53,2,141,10,0,106,0,116,38,58,159,2,257,92,4,96,353
08/15/2004,MSN,WI,AGL,CE,Towers with Radar,32,60,63,1,156,8,0,134,0,142,40,60,197,1,298,88,0,88,386
08/16/2004,MSN,WI,AGL,CE,Towers with Radar,29,59,55,8,151,7,18,48,9,82,36,77,103,17,233,128,14,142,375
08/17/2004,MSN,WI,AGL,CE,Towers with Radar,40,90,93,12,235,0,0,82,7,89,40,90,175,19,324,180,26,206,530
08/18/2004,MSN,WI,AGL,CE,Towers with Radar,37,83,77,10,207,0,6,70,12,88,37,89,147,22,295,72,6,78,373
08/19/2004,MSN,WI,AGL,CE,Towers with Radar,37,86,79,10,212,0,3,166,12,181,37,89,245,22,393,208,14,222,615
08/20/2004,MSN,WI,AGL,CE,Towers with Radar,35,62,68,9,174,8,0,145,5,158,43,62,213,14,332,188,12,200,532
08/21/2004,MSN,WI,AGL,CE,Towers with Radar,30,63,58,7,158,15,7,182,0,204,45,70,240,7,362,148,8,156,518
08/22/2004,MSN,WI,AGL,CE,Towers with Radar,24,50,47,3,124,8,15,66,0,89,32,65,113,3,213,54,6,60,273
08/23/2004,MSN,WI,AGL,CE,Towers with Radar,32,77,71,7,187,0,10,50,0,60,32,87,121,7,247,94,0,94,341
08/24/2004,MSN,WI,AGL,CE,Towers with Radar,41,86,79,10,216,0,14,16,0,30,41,100,95,10,246,82,22,104,350
08/25/2004,MSN,WI,AGL,CE,Towers with Radar,35,73,67,8,183,0,9,35,7,51,35,82,102,15,234,4,2,6,240
08/26/2004,MSN,WI,AGL,CE,Towers with Radar,37,89,84,11,221,0,0,32,2,34,37,89,116,13,255,150,0,150,405
08/27/2004,MSN,WI,AGL,CE,Towers with Radar,36,81,75,9,201,0,5,73,0,78,36,86,148,9,279,118,0,118,397
08/28/2004,MSN,WI,AGL,CE,Towers with Radar,23,47,44,4,118,10,13,25,0,48,33,60,69,4,166,112,0,112,278
08/29/2004,MSN,WI,AGL,CE,Towers with Radar,28,66,59,0,153,0,3,143,0,146,28,69,202,0,299,238,0,238,537
08/30/2004,MSN,WI,AGL,CE,Towers with Radar,33,74,66,8,181,0,11,67,17,95,33,85,133,25,276,134,4,138,414
08/31/2004,MSN,WI,AGL,CE,Towers with Radar,39,83,74,9,205,12,1,148,7,168,51,84,222,16,373,190,4,194,567
09/01/2004,MSN,WI,AGL,CE,Towers with Radar,33,74,69,13,189,0,9,74,17,100,33,83,143,30,289,140,2,142,431
09/02/2004,MSN,WI,AGL,CE,Towers with Radar,36,88,92,18,234,0,0,131,6,137,36,88,223,24,371,108,6,114,485
09/03/2004,MSN,WI,AGL,CE,Towers with Radar,36,87,83,13,219,0,0,74,0,74,36,87,157,13,293,92,0,92,385
09/04/2004,MSN,WI,AGL,CE,Towers with Radar,30,59,55,4,148,5,3,77,0,85,35,62,132,4,233,70,8,78,311
09/05/2004,MSN,WI,AGL,CE,Towers with Radar,23,46,43,2,114,8,0,48,0,56,31,46,91,2,170,80,0,80,250
09/06/2004,MSN,WI,AGL,CE,Towers with Radar,35,62,67,3,167,4,0,37,0,41,39,62,104,3,208,28,4,32,240
09/07/2004,MSN,WI,AGL,CE,Towers with Radar,38,76,75,15,204,0,0,95,10,105,38,76,170,25,309,104,12,116,425
09/08/2004,MSN,WI,AGL,CE,Towers with Radar,31,79,75,14,199,0,4,72,16,92,31,83,147,30,291,90,16,106,397
09/09/2004,MSN,WI,AGL,CE,Towers with Radar,38,87,92,17,234,0,0,52,0,52,38,87,144,17,286,118,6,124,410
09/10/2004,MSN,WI,AGL,CE,Towers with Radar,42,85,80,15,222,0,1,113,5,119,42,86,193,20,341,96,12,108,449
09/11/2004,MSN,WI,AGL,CE,Towers with Radar,30,60,57,11,158,13,6,116,9,144,43,66,173,20,302,86,18,104,406
09/12/2004,MSN,WI,AGL,CE,Towers with Radar,30,59,55,11,155,6,3,151,3,163,36,62,206,14,318,114,0,114,432
09/13/2004,MSN,WI,AGL,CE,Towers with Radar,37,74,70,13,194,0,10,71,13,94,37,84,141,26,288,96,12,108,396
09/14/2004,MSN,WI,AGL,CE,Towers with Radar,40,86,87,17,230,0,0,49,5,54,40,86,136,22,284,54,6,60,344
09/15/2004,MSN,WI,AGL,CE,Towers with Radar,35,65,62,11,173,1,13,8,0,22,36,78,70,11,195,4,14,18,213
09/16/2004,MSN,WI,AGL,CE,Towers with Radar,47,90,87,15,239,6,9,95,10,120,53,99,182,25,359,116,12,128,487
09/17/2004,MSN,WI,AGL,CE,Towers with Radar,37,70,68,3,178,12,11,116,0,139,49,81,184,3,317,134,18,152,469
09/18/2004,MSN,WI,AGL,CE,Towers with Radar,34,63,63,1,161,4,0,191,0,195,38,63,254,1,356,118,0,118,474
09/19/2004,MSN,WI,AGL,CE,Towers with Radar,36,69,67,4,176,7,4,127,0,138,43,73,194,4,314,192,2,194,508
09/20/2004,MSN,WI,AGL,CE,Towers with Radar,36,70,68,12,186,0,19,61,6,86,36,89,129,18,272,70,20,90,362
09/21/2004,MSN,WI,AGL,CE,Towers with Radar,45,85,82,15,227,4,6,80,17,107,49,91,162,32,334,194,24,218,552
09/22/2004,MSN,WI,AGL,CE,Towers with Radar,39,85,83,15,222,0,3,112,20,135,39,88,195,35,357,100,20,120,477
09/23/2004,MSN,WI,AGL,CE,Towers with Radar,46,85,99,18,248,0,0,100,13,113,46,85,199,31,361,138,14,152,513
09/24/2004,MSN,WI,AGL,CE,Towers with Radar,46,86,92,16,240,0,0,39,1,40,46,86,131,17,280,52,68,120,400
09/25/2004,MSN,WI,AGL,CE,Towers with Radar,30,56,54,4,144,6,6,160,0,172,36,62,214,4,316,52,0,52,368
09/26/2004,MSN,WI,AGL,CE,Towers with Radar,37,57,26,5,125,13,0,0,0,13,50,57,26,5,138,156,0,156,294
09/27/2004,MSN,WI,AGL,CE,Towers with Radar,36,69,67,12,184,0,18,69,8,95,36,87,136,20,279,78,8,86,365
09/28/2004,MSN,WI,AGL,CE,Towers with Radar,35,79,77,14,205,0,17,98,11,126,35,96,175,25,331,122,16,138,469
09/29/2004,MSN,WI,AGL,CE,Towers with Radar,40,88,87,16,231,0,0,123,27,150,40,88,210,43,381,80,10,90,471
09/30/2004,MSN,WI,AGL,CE,Towers with Radar,43,74,77,14,208,4,0,108,8,120,47,74,185,22,328,166,6,172,500
10/01/2004,MSN,WI,AGL,CE,Combined TRACON& Tower with Radar,48,91,73,5,217,0,1,34,0,35,48,92,107,5,252,24,6,30,282
10/02/2004,MSN,WI,AGL,CE,Combined TRACON& Tower with Radar,44,61,55,17,177,0,3,121,1,125,44,64,176,18,302,128,26,154,456
10/03/2004,MSN,WI,AGL,CE,Combined TRACON& Tower with Radar,43,68,97,5,213,0,4,70,1,75,43,72,167,6,288,120,2,122,410
10/04/2004,MSN,WI,AGL,CE,Combined TRACON& Tower with Radar,40,68,53,15,176,0,1,73,1,75,40,69,126,16,251,104,20,124,375
10/05/2004,MSN,WI,AGL,CE,Combined TRACON& Tower with Radar,41,75,60,18,194,0,0,89,9,98,41,75,149,27,292,138,0,138,430
10/06/2004,MSN,WI,AGL,CE,Combined TRACON& Tower with Radar,43,82,94,27,246,0,2,111,7,120,43,84,205,34,366,64,6,70,436
10/07/2004,MSN,WI,AGL,CE,Combined TRACON& Tower with Radar,45,82,87,28,242,0,1,94,3,98,45,83,181,31,340,76,27,103,443
10/08/2004,MSN,WI,AGL,CE,Combined TRACON& Tower with Radar,42,75,114,2,233,28,0,14,0,42,70,75,128,2,275,70,8,78,353
10/09/2004,MSN,WI,AGL,CE,Combined TRACON& Tower with Radar,43,52,58,3,156,0,0,150,0,150,43,52,208,3,306,176,0,176,482
10/10/2004,MSN,WI,AGL,CE,Combined TRACON& Tower with Radar,45,70,65,6,186,0,0,155,0,155,45,70,220,6,341,84,0,84,425
10/11/2004,MSN,WI,AGL,CE,Combined TRACON& Tower with Radar,39,80,4,0,123,0,0,107,0,107,39,80,111,0,230,102,0,102,332
10/12/2004,MSN,WI,AGL,CE,Combined TRACON& Tower with Radar,48,77,78,9,212,0,0,53,6,59,48,77,131,15,271,90,12,102,373
10/13/2004,MSN,WI,AGL,CE,Combined TRACON& Tower with Radar,43,84,72,21,220,0,1,33,11,45,43,85,105,32,265,68,18,86,351
10/14/2004,MSN,WI,AGL,CE,Combined TRACON& Tower with Radar,45,74,101,26,246,0,0,13,10,23,45,74,114,36,269,54,2,56,325
10/15/2004,MSN,WI,AGL,CE,Combined TRACON& Tower with Radar,45,79,91,15,230,0,0,12,2,14,45,79,103,17,244,38,4,42,286
10/16/2004,MSN,WI,AGL,CE,Combined TRACON& Tower with Radar,45,61,38,3,147,0,0,28,1,29,45,61,66,4,176,60,8,68,244
10/17/2004,MSN,WI,AGL,CE,Combined TRACON& Tower with Radar,39,60,49,3,151,0,0,93,0,93,39,60,142,3,244,86,2,88,332
10/18/2004,MSN,WI,AGL,CE,Combined TRACON& Tower with Radar,40,75,63,17,195,0,0,29,0,29,40,75,92,17,224,8,2,10,234
10/19/2004,MSN,WI,AGL,CE,Combined TRACON& Tower with Radar,41,78,89,19,227,0,0,8,0,8,41,78,97,19,235,12,0,12,247
10/20/2004,MSN,WI,AGL,CE,Combined TRACON& Tower with Radar,46,86,81,26,239,0,0,18,4,22,46,86,99,30,261,30,0,30,291
10/21/2004,MSN,WI,AGL,CE,Combined TRACON& Tower with Radar,42,78,114,30,264,0,0,52,3,55,42,78,166,33,319,100,2,102,421
10/22/2004,MSN,WI,AGL,CE,Combined TRACON& Tower with Radar,47,90,110,4,251,0,0,2,0,2,47,90,112,4,253,42,0,42,295
10/23/2004,MSN,WI,AGL,CE,Combined TRACON& Tower with Radar,40,49,45,0,134,0,1,12,0,13,40,50,57,0,147,10,0,10,157
10/24/2004,MSN,WI,AGL,CE,Combined TRACON& Tower with Radar,39,66,95,8,208,0,0,33,5,38,39,66,128,13,246,101,2,103,349
10/25/2004,MSN,WI,AGL,CE,Combined TRACON& Tower with Radar,40,82,50,11,183,0,0,92,3,95,40,82,142,14,278,136,0,136,414
10/26/2004,MSN,WI,AGL,CE,Combined TRACON& Tower with Radar,42,83,118,12,255,0,0,15,1,16,42,83,133,13,271,64,2,66,337
10/27/2004,MSN,WI,AGL,CE,Combined TRACON& Tower with Radar,48,82,121,12,263,0,0,0,0,0,48,82,121,12,263,11,0,11,274
10/28/2004,MSN,WI,AGL,CE,Combined TRACON& Tower with Radar,56,103,90,24,273,0,0,21,4,25,56,103,111,28,298,70,0,70,368
10/29/2004,MSN,WI,AGL,CE,Combined TRACON& Tower with Radar,45,79,87,8,219,0,0,7,0,7,45,79,94,8,226,4,0,4,230
10/30/2004,MSN,WI,AGL,CE,Combined TRACON& Tower with Radar,41,61,25,2,129,0,0,6,0,6,41,61,31,2,135,18,0,18,153
10/31/2004,MSN,WI,AGL,CE,Combined TRACON& Tower with Radar,42,60,99,0,201,0,0,69,0,69,42,60,168,0,270,116,10,126,396
11/01/2004,MSN,WI,AGL,CE,Combined TRACON& Tower with Radar,40,77,35,14,166,0,0,3,2,5,40,77,38,16,171,12,0,12,183
11/02/2004,MSN,WI,AGL,CE,Combined TRACON& Tower with Radar,41,78,57,23,199,0,0,19,3,22,41,78,76,26,221,60,0,60,281
11/03/2004,MSN,WI,AGL,CE,Combined TRACON& Tower with Radar,42,88,70,15,215,0,3,75,8,86,42,91,145,23,301,96,16,112,413
11/04/2004,MSN,WI,AGL,CE,Combined TRACON& Tower with Radar,44,85,70,15,214,0,0,42,5,47,44,85,112,20,261,30,14,44,305
11/05/2004,MSN,WI,AGL,CE,Combined TRACON& Tower with Radar,46,85,72,20,223,0,3,88,3,94,46,88,160,23,317,76,32,108,425
11/06/2004,MSN,WI,AGL,CE,Combined TRACON& Tower with Radar,52,55,65,9,181,0,1,153,9,163,52,56,218,18,344,124,6,130,474
11/07/2004,MSN,WI,AGL,CE,Combined TRACON& Tower with Radar,41,62,31,3,137,0,0,92,4,96,41,62,123,7,233,42,12,54,287
11/08/2004,MSN,WI,AGL,CE,Combined TRACON& Tower with Radar,44,87,71,22,224,0,1,66,5,72,44,88,137,27,296,78,20,98,394
11/09/2004,MSN,WI,AGL,CE,Combined TRACON& Tower with Radar,42,67,66,23,198,0,1,72,15,88,42,68,138,38,286,62,12,74,360
11/10/2004,MSN,WI,AGL,CE,Combined TRACON& Tower with Radar,41,78,76,16,211,0,1,51,8,60,41,79,127,24,271,56,12,68,339
11/11/2004,MSN,WI,AGL,CE,Combined TRACON& Tower with Radar,46,85,58,4,193,0,1,88,0,89,46,86,146,4,282,44,2,46,328
11/12/2004,MSN,WI,AGL,CE,Combined TRACON& Tower with Radar,51,62,75,1,189,0,1,131,0,132,51,63,206,1,321,112,0,112,433
11/13/2004,MSN,WI,AGL,CE,Combined TRACON& Tower with Radar,53,66,63,0,182,0,7,146,0,153,53,73,209,0,335,108,0,108,443
11/14/2004,MSN,WI,AGL,CE,Combined TRACON& Tower with Radar,50,60,65,0,175,0,5,180,0,185,50,65,245,0,360,124,0,124,484
11/15/2004,MSN,WI,AGL,CE,Combined TRACON& Tower with Radar,40,75,72,21,208,0,0,21,2,23,40,75,93,23,231,22,8,30,261
11/16/2004,MSN,WI,AGL,CE,Combined TRACON& Tower with Radar,45,72,111,15,243,0,0,1,0,1,45,72,112,15,244,14,0,14,258
11/17/2004,MSN,WI,AGL,CE,Combined TRACON& Tower with Radar,46,76,121,24,267,0,2,18,5,25,46,78,139,29,292,16,0,16,308
11/18/2004,MSN,WI,AGL,CE,Combined TRACON& Tower with Radar,50,69,88,21,228,0,1,32,10,43,50,70,120,31,271,30,8,38,309
11/19/2004,MSN,WI,AGL,CE,Combined TRACON& Tower with Radar,57,70,90,7,224,0,1,1,0,2,57,71,91,7,226,28,2,30,256
11/20/2004,MSN,WI,AGL,CE,Combined TRACON& Tower with Radar,42,69,85,0,196,0,11,13,0,24,42,80,98,0,220,74,0,74,294
11/21/2004,MSN,WI,AGL,CE,Combined TRACON& Tower with Radar,42,57,45,6,150,0,0,138,0,138,42,57,183,6,288,126,0,126,414
11/22/2004,MSN,WI,AGL,CE,Combined TRACON& Tower with Radar,42,67,72,6,187,0,0,72,4,76,42,67,144,10,263,80,4,84,347
11/23/2004,MSN,WI,AGL,CE,Combined TRACON& Tower with Radar,44,78,107,7,236,1,2,81,5,89,45,80,188,12,325,70,0,70,395
11/24/2004,MSN,WI,AGL,CE,Combined TRACON& Tower with Radar,50,80,40,1,171,0,1,70,3,74,50,81,110,4,245,48,0,48,293
11/25/2004,MSN,WI,AGL,CE,Combined TRACON& Tower with Radar,47,53,35,0,135,0,0,43,0,43,47,53,78,0,178,48,0,48,226
11/26/2004,MSN,WI,AGL,CE,Combined TRACON& Tower with Radar,0,0,0,0,0,0,0,0,0,0,0,0,0,0,0,26,4,30,30
11/27/2004,MSN,WI,AGL,CE,Combined TRACON& Tower with Radar,39,53,27,0,119,0,0,0,0,0,39,53,27,0,119,8,0,8,127
11/28/2004,MSN,WI,AGL,CE,Combined TRACON& Tower with Radar,51,72,64,0,187,0,0,165,0,165,51,72,229,0,352,126,0,126,478
11/29/2004,MSN,WI,AGL,CE,Combined TRACON& Tower with Radar,38,88,60,3,189,0,0,39,0,39,38,88,99,3,228,110,0,110,338
11/30/2004,MSN,WI,AGL,CE,Combined TRACON& Tower with Radar,52,83,67,7,209,0,0,23,7,30,52,83,90,14,239,30,0,30,269
12/01/2004,MSN,WI,AGL,CE,Combined TRACON& Tower with Radar,49,77,57,12,195,0,3,98,3,104,49,80,155,15,299,156,2,158,457
12/02/2004,MSN,WI,AGL,CE,Combined TRACON& Tower with Radar,46,85,64,9,204,0,2,47,5,54,46,87,111,14,258,26,6,32,290
12/03/2004,MSN,WI,AGL,CE,Combined TRACON& Tower with Radar,48,81,22,9,160,0,1,76,1,78,48,82,98,10,238,20,2,22,260
12/04/2004,MSN,WI,AGL,CE,Combined TRACON& Tower with Radar,47,50,47,1,145,0,7,111,10,128,47,57,158,11,273,66,0,66,339
12/05/2004,MSN,WI,AGL,CE,Combined TRACON& Tower with Radar,45,57,51,1,154,0,4,79,1,84,45,61,130,2,238,72,0,72,310
12/06/2004,MSN,WI,AGL,CE,Combined TRACON& Tower with Radar,48,44,51,3,146,0,0,0,0,0,48,44,51,3,146,0,0,0,146
12/07/2004,MSN,WI,AGL,CE,Combined TRACON& Tower with Radar,51,91,82,5,229,0,0,0,0,0,51,91,82,5,229,0,0,0,229
12/08/2004,MSN,WI,AGL,CE,Combined TRACON& Tower with Radar,44,81,103,13,241,0,0,21,2,23,44,81,124,15,264,40,0,40,304
12/09/2004,MSN,WI,AGL,CE,Combined TRACON& Tower with Radar,50,65,80,4,199,0,0,0,0,0,50,65,80,4,199,10,0,10,209
12/10/2004,MSN,WI,AGL,CE,Combined TRACON& Tower with Radar,45,90,53,2,190,0,0,0,0,0,45,90,53,2,190,0,4,4,194
12/11/2004,MSN,WI,AGL,CE,Combined TRACON& Tower with Radar,40,57,46,4,147,0,0,28,0,28,40,57,74,4,175,112,0,112,287
12/12/2004,MSN,WI,AGL,CE,Combined TRACON& Tower with Radar,40,48,24,1,113,0,0,13,2,15,40,48,37,3,128,10,0,10,138
12/13/2004,MSN,WI,AGL,CE,Combined TRACON& Tower with Radar,38,82,58,14,192,0,0,0,0,0,38,82,58,14,192,70,6,76,268
12/14/2004,MSN,WI,AGL,CE,Combined TRACON& Tower with Radar,43,74,78,9,204,0,2,98,8,108,43,76,176,17,312,56,4,60,372
12/15/2004,MSN,WI,AGL,CE,Combined TRACON& Tower with Radar,46,91,86,10,233,0,2,70,10,82,46,93,156,20,315,40,7,47,362
12/16/2004,MSN,WI,AGL,CE,Combined TRACON& Tower with Radar,40,74,73,3,190,0,1,57,9,67,40,75,130,12,257,110,0,110,367
12/17/2004,MSN,WI,AGL,CE,Combined TRACON& Tower with Radar,50,82,70,16,218,0,1,112,6,119,50,83,182,22,337,172,10,182,519
12/18/2004,MSN,WI,AGL,CE,Combined TRACON& Tower with Radar,44,56,42,3,145,0,0,25,0,25,44,56,67,3,170,62,0,62,232
12/19/2004,MSN,WI,AGL,CE,Combined TRACON& Tower with Radar,34,57,26,0,117,0,1,63,0,64,34,58,89,0,181,66,0,66,247
12/20/2004,MSN,WI,AGL,CE,Combined TRACON& Tower with Radar,41,73,28,12,154,0,0,9,3,12,41,73,37,15,166,4,6,10,176
12/21/2004,MSN,WI,AGL,CE,Combined TRACON& Tower with Radar,44,78,43,10,175,0,1,28,3,32,44,79,71,13,207,20,8,28,235
12/22/2004,MSN,WI,AGL,CE,Combined TRACON& Tower with Radar,45,77,50,4,176,0,1,59,6,66,45,78,109,10,242,86,0,86,328
12/23/2004,MSN,WI,AGL,CE,Combined TRACON& Tower with Radar,41,58,41,0,140,0,0,43,1,44,41,58,84,1,184,580,0,580,764
12/24/2004,MSN,WI,AGL,CE,Combined TRACON& Tower with Radar,45,55,12,0,112,0,3,30,0,33,45,58,42,0,145,12,0,12,157
12/25/2004,MSN,WI,AGL,CE,Combined TRACON& Tower with Radar,35,34,7,0,76,0,1,7,0,8,35,35,14,0,84,6,0,6,90
12/26/2004,MSN,WI,AGL,CE,Combined TRACON& Tower with Radar,37,52,36,0,125,2,1,51,0,54,39,53,87,0,179,74,0,74,253
12/27/2004,MSN,WI,AGL,CE,Combined TRACON& Tower with Radar,43,70,32,0,145,0,0,52,2,54,43,70,84,2,199,58,0,58,257
12/28/2004,MSN,WI,AGL,CE,Combined TRACON& Tower with Radar,40,76,46,2,164,0,1,67,1,69,40,77,113,3,233,74,0,74,307
12/29/2004,MSN,WI,AGL,CE,Combined TRACON& Tower with Radar,56,80,36,2,174,0,0,5,0,5,56,80,41,2,179,26,0,26,205
12/30/2004,MSN,WI,AGL,CE,Combined TRACON& Tower with Radar,38,67,24,0,129,0,0,0,0,0,38,67,24,0,129,4,0,4,133
12/31/2004,MSN,WI,AGL,CE,Combined TRACON& Tower with Radar,47,61,30,0,138,0,1,70,0,71,47,62,100,0,209,42,0,42,251
01/01/2005,MSN,WI,AGL,CE,Combined TRACON& Tower with Radar,24,30,8,0,62,0,0,27,0,27,24,30,35,0,89,28,0,28,117
01/02/2005,MSN,WI,AGL,CE,Combined TRACON& Tower with Radar,43,62,38,0,143,0,0,4,0,4,43,62,42,0,147,26,0,26,173
01/03/2005,MSN,WI,AGL,CE,Combined TRACON& Tower with Radar,34,90,16,1,141,0,1,8,2,11,34,91,24,3,152,12,0,12,164
01/04/2005,MSN,WI,AGL,CE,Combined TRACON& Tower with Radar,42,86,24,2,154,0,0,7,3,10,42,86,31,5,164,38,0,38,202
01/05/2005,MSN,WI,AGL,CE,Combined TRACON& Tower with Radar,36,49,19,0,104,0,0,1,2,3,36,49,20,2,107,18,0,18,125
01/06/2005,MSN,WI,AGL,CE,Combined TRACON& Tower with Radar,53,57,53,0,163,0,0,11,5,16,53,57,64,5,179,32,0,32,211
01/07/2005,MSN,WI,AGL,CE,Combined TRACON& Tower with Radar,49,65,50,7,171,0,0,6,0,6,49,65,56,7,177,4,0,4,181
01/08/2005,MSN,WI,AGL,CE,Combined TRACON& Tower with Radar,39,60,27,4,130,0,0,11,2,13,39,60,38,6,143,116,0,116,259
01/09/2005,MSN,WI,AGL,CE,Combined TRACON& Tower with Radar,37,50,24,1,112,0,0,0,0,0,37,50,24,1,112,0,0,0,112
01/10/2005,MSN,WI,AGL,CE,Combined TRACON& Tower with Radar,41,65,65,3,174,0,1,33,1,35,41,66,98,4,209,34,0,34,243
01/11/2005,MSN,WI,AGL,CE,Combined TRACON& Tower with Radar,40,54,45,4,143,0,0,1,0,1,40,54,46,4,144,0,0,0,144
01/12/2005,MSN,WI,AGL,CE,Combined TRACON& Tower with Radar,55,67,32,6,160,0,0,0,0,0,55,67,32,6,160,0,0,0,160
01/13/2005,MSN,WI,AGL,CE,Combined TRACON& Tower with Radar,47,64,68,9,188,0,0,29,12,41,47,64,97,21,229,38,9,47,276
01/14/2005,MSN,WI,AGL,CE,Combined TRACON& Tower with Radar,48,67,53,6,174,0,1,56,1,58,48,68,109,7,232,38,0,38,270
01/15/2005,MSN,WI,AGL,CE,Combined TRACON& Tower with Radar,36,54,26,3,119,0,4,65,0,69,36,58,91,3,188,62,0,62,250
01/16/2005,MSN,WI,AGL,CE,Combined TRACON& Tower with Radar,37,50,23,0,110,0,2,73,0,75,37,52,96,0,185,54,0,54,239
01/17/2005,MSN,WI,AGL,CE,Combined TRACON& Tower with Radar,42,60,48,0,150,0,1,48,0,49,42,61,96,0,199,48,0,48,247
01/18/2005,MSN,WI,AGL,CE,Combined TRACON& Tower with Radar,45,63,49,13,170,0,1,30,6,37,45,64,79,19,207,56,4,60,267
01/19/2005,MSN,WI,AGL,CE,Combined TRACON& Tower with Radar,40,79,42,11,172,0,2,26,10,38,40,81,68,21,210,66,0,66,276
01/20/2005,MSN,WI,AGL,CE,Combined TRACON& Tower with Radar,42,60,55,2,159,0,0,2,4,6,42,60,57,6,165,2,0,2,167
01/21/2005,MSN,WI,AGL,CE,Combined TRACON& Tower with Radar,38,56,66,6,166,0,1,22,4,27,38,57,88,10,193,44,0,44,237
01/22/2005,MSN,WI,AGL,CE,Combined TRACON& Tower with Radar,39,43,17,0,99,0,0,1,0,1,39,43,18,0,100,4,0,4,104
01/23/2005,MSN,WI,AGL,CE,Combined TRACON& Tower with Radar,39,39,25,2,105,0,5,65,2,72,39,44,90,4,177,72,0,72,249
01/24/2005,MSN,WI,AGL,CE,Combined TRACON& Tower with Radar,40,63,42,11,156,0,0,48,0,48,40,63,90,11,204,48,12,60,264
01/25/2005,MSN,WI,AGL,CE,Combined TRACON& Tower with Radar,44,72,78,10,204,0,1,61,7,69,44,73,139,17,273,82,4,86,359
01/26/2005,MSN,WI,AGL,CE,Combined TRACON& Tower with Radar,46,69,70,12,197,0,1,33,10,44,46,70,103,22,241,30,12,42,283
01/27/2005,MSN,WI,AGL,CE,Combined TRACON& Tower with Radar,50,76,73,2,201,0,0,61,8,69,50,76,134,10,270,62,2,64,334
01/28/2005,MSN,WI,AGL,CE,Combined TRACON& Tower with Radar,50,71,72,3,196,0,4,113,0,117,50,75,185,3,313,92,0,92,405
01/29/2005,MSN,WI,AGL,CE,Combined TRACON& Tower with Radar,45,46,35,5,131,0,6,67,3,76,45,52,102,8,207,72,0,72,279
01/30/2005,MSN,WI,AGL,CE,Combined TRACON& Tower with Radar,36,54,61,2,153,0,1,24,0,25,36,55,85,2,178,68,0,68,246
01/31/2005,MSN,WI,AGL,CE,Combined TRACON& Tower with Radar,43,67,42,9,161,0,0,5,0,5,43,67,47,9,166,26,0,26,192
02/01/2005,MSN,WI,AGL,CE,Combined TRACON& Tower with Radar,41,74,93,12,220,0,0,11,0,11,41,74,104,12,231,34,0,34,265
02/02/2005,MSN,WI,AGL,CE,Combined TRACON& Tower with Radar,45,70,54,18,187,0,2,43,2,47,45,72,97,20,234,66,6,72,306
02/03/2005,MSN,WI,AGL,CE,Combined TRACON& Tower with Radar,45,64,71,20,200,0,1,86,5,92,45,65,157,25,292,148,6,154,446
02/04/2005,MSN,WI,AGL,CE,Combined TRACON& Tower with Radar,45,70,66,18,199,0,3,114,3,120,45,73,180,21,319,198,6,204,523
02/05/2005,MSN,WI,AGL,CE,Combined TRACON& Tower with Radar,45,53,64,14,176,0,1,150,3,154,45,54,214,17,330,162,20,182,512
02/06/2005,MSN,WI,AGL,CE,Combined TRACON& Tower with Radar,36,57,37,0,130,0,5,43,0,48,36,62,80,0,178,88,0,88,266
02/07/2005,MSN,WI,AGL,CE,Combined TRACON& Tower with Radar,44,75,20,13,152,0,0,0,0,0,44,75,20,13,152,0,0,0,152
02/08/2005,MSN,WI,AGL,CE,Combined TRACON& Tower with Radar,39,71,43,18,171,0,0,6,11,17,39,71,49,29,188,0,0,0,188
02/09/2005,MSN,WI,AGL,CE,Combined TRACON& Tower with Radar,40,77,70,19,206,0,0,12,8,20,40,77,82,27,226,34,0,34,260
02/10/2005,MSN,WI,AGL,CE,Combined TRACON& Tower with Radar,45,72,77,12,206,0,691,81,11,783,45,763,158,23,989,76,0,76,1065
02/11/2005,MSN,WI,AGL,CE,Combined TRACON& Tower with Radar,46,70,68,4,188,0,1,100,1,102,46,71,168,5,290,170,16,186,476
02/12/2005,MSN,WI,AGL,CE,Combined TRACON& Tower with Radar,41,47,52,0,140,0,1,169,9,179,41,48,221,9,319,180,0,180,499
02/13/2005,MSN,WI,AGL,CE,Combined TRACON& Tower with Radar,35,44,40,3,122,0,0,18,0,18,35,44,58,3,140,28,0,28,168
02/14/2005,MSN,WI,AGL,CE,Combined TRACON& Tower with Radar,41,59,37,19,156,0,0,8,0,8,41,59,45,19,164,44,2,46,210
02/15/2005,MSN,WI,AGL,CE,Combined TRACON& Tower with Radar,41,80,60,8,189,0,6,29,6,41,41,86,89,14,230,40,0,40,270
02/16/2005,MSN,WI,AGL,CE,Combined TRACON& Tower with Radar,42,65,69,21,197,0,1,16,4,21,42,66,85,25,218,68,14,82,300
02/17/2005,MSN,WI,AGL,CE,Combined TRACON& Tower with Radar,38,73,66,15,192,0,1,66,15,82,38,74,132,30,274,82,0,82,356
02/18/2005,MSN,WI,AGL,CE,Combined TRACON& Tower with Radar,41,70,62,10,183,0,0,96,0,96,41,70,158,10,279,134,4,138,417
02/19/2005,MSN,WI,AGL,CE,Combined TRACON& Tower with Radar,33,59,58,2,152,0,2,160,0,162,33,61,218,2,314,102,4,106,420
02/20/2005,MSN,WI,AGL,CE,Combined TRACON& Tower with Radar,27,45,9,0,81,0,0,0,0,0,27,45,9,0,81,0,0,0,81
02/21/2005,MSN,WI,AGL,CE,Combined TRACON& Tower with Radar,31,72,32,1,136,0,0,19,0,19,31,72,51,1,155,34,0,34,189
02/22/2005,MSN,WI,AGL,CE,Combined TRACON& Tower with Radar,33,78,76,3,190,0,1,49,2,52,33,79,125,5,242,110,0,110,352
02/23/2005,MSN,WI,AGL,CE,Combined TRACON& Tower with Radar,46,71,87,14,218,0,1,64,0,65,46,72,151,14,283,54,22,76,359
02/24/2005,MSN,WI,AGL,CE,Combined TRACON& Tower with Radar,39,76,72,15,202,0,1,46,6,53,39,77,118,21,255,32,0,32,287
02/25/2005,MSN,WI,AGL,CE,Combined TRACON& Tower with Radar,36,77,51,0,164,0,1,26,1,28,36,78,77,1,192,72,0,72,264
02/26/2005,MSN,WI,AGL,CE,Combined TRACON& Tower with Radar,28,55,45,1,129,0,4,149,0,153,28,59,194,1,282,152,0,152,434
02/27/2005,MSN,WI,AGL,CE,Combined TRACON& Tower with Radar,39,54,16,2,111,0,1,50,0,51,39,55,66,2,162,40,0,40,202
02/28/2005,MSN,WI,AGL,CE,Combined TRACON& Tower with Radar,41,66,48,18,173,0,0,0,0,0,41,66,48,18,173,6,4,10,183
03/01/2005,MSN,WI,AGL,CE,Combined TRACON& Tower with Radar,40,56,60,13,169,0,0,44,6,50,40,56,104,19,219,44,16,60,279
03/02/2005,MSN,WI,AGL,CE,Combined TRACON& Tower with Radar,40,87,52,13,192,0,1,72,2,75,40,88,124,15,267,66,1,67,334
03/03/2005,MSN,WI,AGL,CE,Combined TRACON& Tower with Radar,41,71,70,11,193,0,0,118,5,123,41,71,188,16,316,102,18,120,436
03/04/2005,MSN,WI,AGL,CE,Combined TRACON& Tower with Radar,42,80,65,16,203,0,0,59,4,63,42,80,124,20,266,64,10,74,340
03/05/2005,MSN,WI,AGL,CE,Combined TRACON& Tower with Radar,37,55,47,19,158,0,3,59,8,70,37,58,106,27,228,114,0,114,342
03/06/2005,MSN,WI,AGL,CE,Combined TRACON& Tower with Radar,35,50,47,4,136,0,0,155,0,155,35,50,202,4,291,66,0,66,357
03/07/2005,MSN,WI,AGL,CE,Combined TRACON& Tower with Radar,39,65,44,12,160,0,0,10,0,10,39,65,54,12,170,10,0,10,180
03/08/2005,MSN,WI,AGL,CE,Combined TRACON& Tower with Radar,40,73,53,15,181,24,0,64,9,97,64,73,117,24,278,52,14,66,344
03/09/2005,MSN,WI,AGL,CE,Combined TRACON& Tower with Radar,39,81,65,17,202,0,0,88,9,97,39,81,153,26,299,66,12,78,377
03/10/2005,MSN,WI,AGL,CE,Combined TRACON& Tower with Radar,41,78,50,1,170,0,0,0,0,0,41,78,50,1,170,0,0,0,170
03/11/2005,MSN,WI,AGL,CE,Combined TRACON& Tower with Radar,37,76,83,6,202,0,0,20,2,22,37,76,103,8,224,40,0,40,264
03/12/2005,MSN,WI,AGL,CE,Combined TRACON& Tower with Radar,36,50,36,1,123,0,11,92,1,104,36,61,128,2,227,50,0,50,277
03/13/2005,MSN,WI,AGL,CE,Combined TRACON& Tower with Radar,33,51,33,1,118,0,2,134,1,137,33,53,167,2,255,184,0,184,439
03/14/2005,MSN,WI,AGL,CE,Combined TRACON& Tower with Radar,34,68,69,11,182,0,0,50,3,53,34,68,119,14,235,34,4,38,273
03/15/2005,MSN,WI,AGL,CE,Combined TRACON& Tower with Radar,40,70,65,18,193,0,1,55,10,66,40,71,120,28,259,62,8,70,329
03/16/2005,MSN,WI,AGL,CE,Combined TRACON& Tower with Radar,44,71,66,13,194,0,0,54,14,68,44,71,120,27,262,79,10,89,351
03/17/2005,MSN,WI,AGL,CE,Combined TRACON& Tower with Radar,38,81,81,17,217,0,0,13,3,16,38,81,94,20,233,49,5,54,287
03/18/2005,MSN,WI,AGL,CE,Combined TRACON& Tower with Radar,46,86,77,3,212,0,0,12,0,12,46,86,89,3,224,48,0,48,272
03/19/2005,MSN,WI,AGL,CE,Combined TRACON& Tower with Radar,31,63,36,0,130,0,0,5,0,5,31,63,41,0,135,8,0,8,143
03/20/2005,MSN,WI,AGL,CE,Combined TRACON& Tower with Radar,36,63,80,1,180,0,0,172,0,172,36,63,252,1,352,168,0,168,520
03/21/2005,MSN,WI,AGL,CE,Combined TRACON& Tower with Radar,33,75,41,12,161,0,0,0,0,0,33,75,41,12,161,102,22,124,285
03/22/2005,MSN,WI,AGL,CE,Combined TRACON& Tower with Radar,38,76,42,20,176,0,2,44,6,52,38,78,86,26,228,136,0,136,364
03/23/2005,MSN,WI,AGL,CE,Combined TRACON& Tower with Radar,41,74,55,14,184,0,1,76,16,93,41,75,131,30,277,101,8,109,386
03/24/2005,MSN,WI,AGL,CE,Combined TRACON& Tower with Radar,40,75,80,21,216,0,0,63,10,73,40,75,143,31,289,102,16,118,407
03/25/2005,MSN,WI,AGL,CE,Combined TRACON& Tower with Radar,36,75,57,2,170,0,1,66,3,70,36,76,123,5,240,74,6,80,320
03/26/2005,MSN,WI,AGL,CE,Combined TRACON& Tower with Radar,38,45,0,0,83,0,6,190,2,198,38,51,190,2,281,90,0,90,371
03/27/2005,MSN,WI,AGL,CE,Combined TRACON& Tower with Radar,36,57,34,0,127,29,0,85,0,114,65,57,119,0,241,50,0,50,291
03/28/2005,MSN,WI,AGL,CE,Combined TRACON& Tower with Radar,44,72,51,12,179,0,0,84,2,86,44,72,135,14,265,46,4,50,315
03/29/2005,MSN,WI,AGL,CE,Combined TRACON& Tower with Radar,43,73,57,18,191,0,0,61,17,78,43,73,118,35,269,58,4,62,331
03/30/2005,MSN,WI,AGL,CE,Combined TRACON& Tower with Radar,41,60,47,16,164,0,0,6,5,11,41,60,53,21,175,8,6,14,189
03/31/2005,MSN,WI,AGL,CE,Combined TRACON& Tower with Radar,37,79,61,13,190,0,0,29,11,40,37,79,90,24,230,18,2,20,250
04/01/2005,MSN,WI,AGL,CE,Combined TRACON& Tower with Radar,37,76,70,17,200,0,0,78,0,78,37,76,148,17,278,64,12,76,354
04/02/2005,MSN,WI,AGL,CE,Combined TRACON& Tower with Radar,42,42,46,14,144,0,2,136,6,144,42,44,182,20,288,132,4,136,424
04/03/2005,MSN,WI,AGL,CE,Combined TRACON& Tower with Radar,37,56,58,2,153,0,2,189,1,192,37,58,247,3,345,160,0,160,505
04/04/2005,MSN,WI,AGL,CE,Combined TRACON& Tower with Radar,41,64,60,18,183,0,1,54,4,59,41,65,114,22,242,66,6,72,314
04/05/2005,MSN,WI,AGL,CE,Combined TRACON& Tower with Radar,46,63,60,18,187,0,1,75,7,83,46,64,135,25,270,50,6,56,326
04/06/2005,MSN,WI,AGL,CE,Combined TRACON& Tower with Radar,42,68,67,16,193,0,2,36,8,46,42,70,103,24,239,22,16,38,277
04/07/2005,MSN,WI,AGL,CE,Combined TRACON& Tower with Radar,39,67,91,15,212,2,8,80,5,95,41,75,171,20,307,103,0,103,410
04/08/2005,MSN,WI,AGL,CE,Combined TRACON& Tower with Radar,44,76,59,0,179,0,0,125,3,128,44,76,184,3,307,120,0,120,427
04/09/2005,MSN,WI,AGL,CE,Combined TRACON& Tower with Radar,38,44,49,0,131,0,0,143,1,144,38,44,192,1,275,96,6,102,377
04/10/2005,MSN,WI,AGL,CE,Combined TRACON& Tower with Radar,39,63,42,3,147,0,0,118,0,118,39,63,160,3,265,198,0,198,463
04/11/2005,MSN,WI,AGL,CE,Combined TRACON& Tower with Radar,35,70,51,17,173,0,0,22,1,23,35,70,73,18,196,80,20,100,296
04/12/2005,MSN,WI,AGL,CE,Combined TRACON& Tower with Radar,42,70,58,6,176,0,21,40,5,66,42,91,98,11,242,30,8,38,280
04/13/2005,MSN,WI,AGL,CE,Combined TRACON& Tower with Radar,42,75,88,20,225,0,0,70,12,82,42,75,158,32,307,88,2,90,397
04/14/2005,MSN,WI,AGL,CE,Combined TRACON& Tower with Radar,42,74,54,23,193,0,1,103,5,109,42,75,157,28,302,110,0,110,412
04/15/2005,MSN,WI,AGL,CE,Combined TRACON& Tower with Radar,38,74,34,15,161,0,2,123,8,133,38,76,157,23,294,76,14,90,384
04/16/2005,MSN,WI,AGL,CE,Combined TRACON& Tower with Radar,37,54,46,0,137,0,0,152,4,156,37,54,198,4,293,114,0,114,407
04/17/2005,MSN,WI,AGL,CE,Combined TRACON& Tower with Radar,40,60,46,0,146,0,2,88,0,90,40,62,134,0,236,114,0,114,350
04/18/2005,MSN,WI,AGL,CE,Combined TRACON& Tower with Radar,37,70,45,18,170,0,0,64,2,66,37,70,109,20,236,46,10,56,292
04/19/2005,MSN,WI,AGL,CE,Combined TRACON& Tower with Radar,45,60,58,16,179,0,0,45,3,48,45,60,103,19,227,30,28,58,285
04/20/2005,MSN,WI,AGL,CE,Combined TRACON& Tower with Radar,49,71,128,17,265,0,0,4,6,10,49,71,132,23,275,72,0,72,347
04/21/2005,MSN,WI,AGL,CE,Combined TRACON& Tower with Radar,42,73,100,12,227,0,1,74,11,86,42,74,174,23,313,60,18,78,391
04/22/2005,MSN,WI,AGL,CE,Combined TRACON& Tower with Radar,39,81,72,2,194,0,0,16,3,19,39,81,88,5,213,24,0,24,237
04/23/2005,MSN,WI,AGL,CE,Combined TRACON& Tower with Radar,39,52,32,0,123,0,0,68,2,70,39,52,100,2,193,0,0,0,193
04/24/2005,MSN,WI,AGL,CE,Combined TRACON& Tower with Radar,41,51,38,4,134,0,0,56,0,56,41,51,94,4,190,90,0,90,280
04/25/2005,MSN,WI,AGL,CE,Combined TRACON& Tower with Radar,44,68,46,13,171,0,0,45,4,49,44,68,91,17,220,56,22,78,298
04/26/2005,MSN,WI,AGL,CE,Combined TRACON& Tower with Radar,45,65,76,12,198,0,0,17,6,23,45,65,93,18,221,48,0,48,269
04/27/2005,MSN,WI,AGL,CE,Combined TRACON& Tower with Radar,12,72,89,20,193,0,1,40,5,46,12,73,129,25,239,28,0,28,267
04/28/2005,MSN,WI,AGL,CE,Combined TRACON& Tower with Radar,42,74,90,14,220,0,1,17,3,21,42,75,107,17,241,136,7,143,384
04/29/2005,MSN,WI,AGL,CE,Combined TRACON& Tower with Radar,41,79,74,13,207,0,3,85,10,98,41,82,159,23,305,62,16,78,383
04/30/2005,MSN,WI,AGL,CE,Combined TRACON& Tower with Radar,35,50,43,1,129,0,0,105,2,107,35,50,148,3,236,88,0,88,324
05/01/2005,MSN,WI,AGL,CE,Combined TRACON& Tower with Radar,48,47,29,3,127,0,0,41,0,41,48,47,70,3,168,64,0,64,232
05/02/2005,MSN,WI,AGL,CE,Combined TRACON& Tower with Radar,38,70,59,14,181,0,0,27,1,28,38,70,86,15,209,38,8,46,255
05/03/2005,MSN,WI,AGL,CE,Combined TRACON& Tower with Radar,40,73,77,15,205,0,1,78,5,84,40,74,155,20,289,98,4,102,391
05/04/2005,MSN,WI,AGL,CE,Combined TRACON& Tower with Radar,40,80,77,19,216,0,0,121,7,128,40,80,198,26,344,94,0,94,438
05/05/2005,MSN,WI,AGL,CE,Combined TRACON& Tower with Radar,41,75,68,11,195,0,1,86,8,95,41,76,154,19,290,70,10,80,370
05/06/2005,MSN,WI,AGL,CE,Combined TRACON& Tower with Radar,42,83,14,11,150,0,0,0,2,2,42,83,14,13,152,66,6,72,224
05/07/2005,MSN,WI,AGL,CE,Combined TRACON& Tower with Radar,39,50,38,8,135,0,0,75,2,77,39,50,113,10,212,52,4,56,268
05/08/2005,MSN,WI,AGL,CE,Combined TRACON& Tower with Radar,27,57,25,0,109,0,0,74,0,74,27,57,99,0,183,28,0,28,211
05/09/2005,MSN,WI,AGL,CE,Combined TRACON& Tower with Radar,38,72,49,4,163,0,0,9,2,11,38,72,58,6,174,8,0,8,182
05/10/2005,MSN,WI,AGL,CE,Combined TRACON& Tower with Radar,40,77,76,12,205,0,1,61,3,65,40,78,137,15,270,78,14,92,362
05/11/2005,MSN,WI,AGL,CE,Combined TRACON& Tower with Radar,41,54,64,7,166,0,1,10,4,15,41,55,74,11,181,26,0,26,207
05/12/2005,MSN,WI,AGL,CE,Combined TRACON& Tower with Radar,42,73,55,17,187,0,0,26,9,35,42,73,81,26,222,16,2,18,240
05/13/2005,MSN,WI,AGL,CE,Combined TRACON& Tower with Radar,43,70,109,20,242,0,1,3,0,4,43,71,112,20,246,42,4,46,292
05/14/2005,MSN,WI,AGL,CE,Combined TRACON& Tower with Radar,42,52,38,1,133,0,0,62,4,66,42,52,100,5,199,68,0,68,267
05/15/2005,MSN,WI,AGL,CE,Combined TRACON& Tower with Radar,38,63,37,5,143,0,0,65,2,67,38,63,102,7,210,40,0,40,250
05/16/2005,MSN,WI,AGL,CE,Combined TRACON& Tower with Radar,37,72,66,12,187,0,0,73,3,76,37,72,139,15,263,102,0,102,365
05/17/2005,MSN,WI,AGL,CE,Combined TRACON& Tower with Radar,41,74,69,5,189,0,0,82,6,88,41,74,151,11,277,58,0,58,335
05/18/2005,MSN,WI,AGL,CE,Combined TRACON& Tower with Radar,40,72,83,9,204,0,0,52,3,55,40,72,135,12,259,36,0,36,295
05/19/2005,MSN,WI,AGL,CE,Combined TRACON& Tower with Radar,40,77,107,12,236,0,0,5,0,5,40,77,112,12,241,20,0,20,261
05/20/2005,MSN,WI,AGL,CE,Combined TRACON& Tower with Radar,41,77,103,5,226,0,0,95,0,95,41,77,198,5,321,100,16,116,437
05/21/2005,MSN,WI,AGL,CE,Combined TRACON& Tower with Radar,36,55,36,7,134,0,1,24,3,28,36,56,60,10,162,104,0,104,266
05/22/2005,MSN,WI,AGL,CE,Combined TRACON& Tower with Radar,39,53,30,7,129,0,0,66,0,66,39,53,96,7,195,38,0,38,233
05/23/2005,MSN,WI,AGL,CE,Combined TRACON& Tower with Radar,42,67,79,5,193,0,0,66,6,72,42,67,145,11,265,74,2,76,341
05/24/2005,MSN,WI,AGL,CE,Combined TRACON& Tower with Radar,38,82,62,14,196,0,0,109,5,114,38,82,171,19,310,72,4,76,386
05/25/2005,MSN,WI,AGL,CE,Combined TRACON& Tower with Radar,37,72,101,10,220,4,0,95,6,105,41,72,196,16,325,146,0,146,471
05/26/2005,MSN,WI,AGL,CE,Combined TRACON& Tower with Radar,45,71,65,27,208,0,1,82,6,89,45,72,147,33,297,104,24,128,425
05/27/2005,MSN,WI,AGL,CE,Combined TRACON& Tower with Radar,44,69,49,7,169,0,0,63,2,65,44,69,112,9,234,52,2,54,288
05/28/2005,MSN,WI,AGL,CE,Combined TRACON& Tower with Radar,38,53,50,1,142,0,0,85,0,85,38,53,135,1,227,86,10,96,323
05/29/2005,MSN,WI,AGL,CE,Combined TRACON& Tower with Radar,33,46,27,0,106,0,0,74,0,74,33,46,101,0,180,26,0,26,206
05/30/2005,MSN,WI,AGL,CE,Combined TRACON& Tower with Radar,39,65,22,0,126,0,0,123,2,125,39,65,145,2,251,42,8,50,301
05/31/2005,MSN,WI,AGL,CE,Combined TRACON& Tower with Radar,41,71,60,9,181,0,0,93,3,96,41,71,153,12,277,154,8,162,439
06/01/2005,MSN,WI,AGL,CE,Combined TRACON& Tower with Radar,39,79,86,11,215,0,0,108,9,117,39,79,194,20,332,126,12,138,470
06/02/2005,MSN,WI,AGL,CE,Combined TRACON& Tower with Radar,41,83,65,13,202,0,1,110,5,116,41,84,175,18,318,140,8,148,466
06/03/2005,MSN,WI,AGL,CE,Combined TRACON& Tower with Radar,43,78,81,12,214,0,0,41,7,48,43,78,122,19,262,104,0,104,366
06/04/2005,MSN,WI,AGL,CE,Combined TRACON& Tower with Radar,41,55,37,6,139,0,0,31,2,33,41,55,68,8,172,44,8,52,224
06/05/2005,MSN,WI,AGL,CE,Combined TRACON& Tower with Radar,32,48,35,1,116,0,0,56,3,59,32,48,91,4,175,70,2,72,247
06/06/2005,MSN,WI,AGL,CE,Combined TRACON& Tower with Radar,34,66,53,8,161,0,0,51,3,54,34,66,104,11,215,60,6,66,281
06/07/2005,MSN,WI,AGL,CE,Combined TRACON& Tower with Radar,44,82,67,14,207,0,1,68,0,69,44,83,135,14,276,68,0,68,344
06/08/2005,MSN,WI,AGL,CE,Combined TRACON& Tower with Radar,41,67,46,10,164,0,0,38,12,50,41,67,84,22,214,68,6,74,288
06/09/2005,MSN,WI,AGL,CE,Combined TRACON& Tower with Radar,42,78,63,9,192,0,1,44,11,56,42,79,107,20,248,152,3,155,403
06/10/2005,MSN,WI,AGL,CE,Combined TRACON& Tower with Radar,39,60,55,3,157,0,0,46,2,48,39,60,101,5,205,72,0,72,277
06/11/2005,MSN,WI,AGL,CE,Combined TRACON& Tower with Radar,49,63,27,0,139,0,0,82,6,88,49,63,109,6,227,52,0,52,279
06/12/2005,MSN,WI,AGL,CE,Combined TRACON& Tower with Radar,40,62,74,3,179,0,0,70,10,80,40,62,144,13,259,90,0,90,349
06/13/2005,MSN,WI,AGL,CE,Combined TRACON& Tower with Radar,32,83,46,8,169,0,0,35,8,43,32,83,81,16,212,74,6,80,292
06/14/2005,MSN,WI,AGL,CE,Combined TRACON& Tower with Radar,46,78,64,18,206,0,0,31,12,43,46,78,95,30,249,68,18,86,335
06/15/2005,MSN,WI,AGL,CE,Combined TRACON& Tower with Radar,39,73,79,18,209,0,0,27,0,27,39,73,106,18,236,40,0,40,276
06/16/2005,MSN,WI,AGL,CE,Combined TRACON& Tower with Radar,42,81,89,14,226,0,1,141,11,153,42,82,230,25,379,74,2,76,455
06/17/2005,MSN,WI,AGL,CE,Combined TRACON& Tower with Radar,45,83,75,2,205,0,3,105,10,118,45,86,180,12,323,128,0,128,451
06/18/2005,MSN,WI,AGL,CE,Combined TRACON& Tower with Radar,38,64,40,0,142,0,0,177,5,182,38,64,217,5,324,164,0,164,488
06/19/2005,MSN,WI,AGL,CE,Combined TRACON& Tower with Radar,40,63,39,2,144,0,0,141,4,145,40,63,180,6,289,142,0,142,431
06/20/2005,MSN,WI,AGL,CE,Combined TRACON& Tower with Radar,43,70,69,18,200,0,1,95,4,100,43,71,164,22,300,76,10,86,386
06/21/2005,MSN,WI,AGL,CE,Combined TRACON& Tower with Radar,43,70,83,16,212,0,3,94,6,103,43,73,177,22,315,78,16,94,409
06/22/2005,MSN,WI,AGL,CE,Combined TRACON& Tower with Radar,40,73,69,14,196,0,1,88,3,92,40,74,157,17,288,50,12,62,350
06/23/2005,MSN,WI,AGL,CE,Combined TRACON& Tower with Radar,46,80,77,14,217,0,0,86,11,97,46,80,163,25,314,90,18,108,422
06/24/2005,MSN,WI,AGL,CE,Combined TRACON& Tower with Radar,44,75,52,16,187,0,1,49,5,55,44,76,101,21,242,54,16,70,312
06/25/2005,MSN,WI,AGL,CE,Combined TRACON& Tower with Radar,41,60,77,3,181,0,3,52,6,61,41,63,129,9,242,64,0,64,306
06/26/2005,MSN,WI,AGL,CE,Combined TRACON& Tower with Radar,45,51,41,3,140,0,0,52,0,52,45,51,93,3,192,82,0,82,274
06/27/2005,MSN,WI,AGL,CE,Combined TRACON& Tower with Radar,41,67,58,14,180,0,1,56,2,59,41,68,114,16,239,78,28,106,345
06/28/2005,MSN,WI,AGL,CE,Combined TRACON& Tower with Radar,49,83,76,11,219,0,1,73,22,96,49,84,149,33,315,148,14,162,477
06/29/2005,MSN,WI,AGL,CE,Combined TRACON& Tower with Radar,43,83,60,16,202,0,0,59,4,63,43,83,119,20,265,60,0,60,325
06/30/2005,MSN,WI,AGL,CE,Combined TRACON& Tower with Radar,41,69,76,14,200,0,0,78,28,106,41,69,154,42,306,100,12,112,418
07/01/2005,MSN,WI,AGL,CE,Combined TRACON& Tower with Radar,44,70,68,10,192,0,1,84,7,92,44,71,152,17,284,64,8,72,356
07/02/2005,MSN,WI,AGL,CE,Combined TRACON& Tower with Radar,36,59,49,2,146,0,0,128,8,136,36,59,177,10,282,170,42,212,494
07/03/2005,MSN,WI,AGL,CE,Combined TRACON& Tower with Radar,37,43,28,4,112,0,0,81,0,81,37,43,109,4,193,90,0,90,283
07/04/2005,MSN,WI,AGL,CE,Combined TRACON& Tower with Radar,32,64,27,0,123,0,0,25,0,25,32,64,52,0,148,18,0,18,166
07/05/2005,MSN,WI,AGL,CE,Combined TRACON& Tower with Radar,31,63,62,7,163,1,6,67,5,79,32,69,129,12,242,74,0,74,316
07/06/2005,MSN,WI,AGL,CE,Combined TRACON& Tower with Radar,42,78,91,11,222,0,0,39,3,42,42,78,130,14,264,68,0,68,332
07/07/2005,MSN,WI,AGL,CE,Combined TRACON& Tower with Radar,41,85,75,14,215,0,1,103,7,111,41,86,178,21,326,110,16,126,452
07/08/2005,MSN,WI,AGL,CE,Combined TRACON& Tower with Radar,42,75,59,12,188,0,0,80,2,82,42,75,139,14,270,88,16,104,374
07/09/2005,MSN,WI,AGL,CE,Combined TRACON& Tower with Radar,40,53,23,1,117,0,0,111,0,111,40,53,134,1,228,44,4,48,276
07/10/2005,MSN,WI,AGL,CE,Combined TRACON& Tower with Radar,44,67,39,0,150,0,0,0,0,0,44,67,39,0,150,110,0,110,260
07/11/2005,MSN,WI,AGL,CE,Combined TRACON& Tower with Radar,39,73,51,27,190,1,0,71,1,73,40,73,122,28,263,84,12,96,359
07/12/2005,MSN,WI,AGL,CE,Combined TRACON& Tower with Radar,38,71,80,23,212,0,0,49,0,49,38,71,129,23,261,172,22,194,455
07/13/2005,MSN,WI,AGL,CE,Combined TRACON& Tower with Radar,43,75,80,22,220,0,0,83,11,94,43,75,163,33,314,78,8,86,400
07/14/2005,MSN,WI,AGL,CE,Combined TRACON& Tower with Radar,37,82,64,19,202,0,0,66,11,77,37,82,130,30,279,86,0,86,365
07/15/2005,MSN,WI,AGL,CE,Combined TRACON& Tower with Radar,48,80,51,4,183,0,0,100,3,103,48,80,151,7,286,114,6,120,406
07/16/2005,MSN,WI,AGL,CE,Combined TRACON& Tower with Radar,43,63,51,4,161,0,0,124,1,125,43,63,175,5,286,152,0,152,438
07/17/2005,MSN,WI,AGL,CE,Combined TRACON& Tower with Radar,37,66,42,2,147,0,1,83,0,84,37,67,125,2,231,90,0,90,321
07/18/2005,MSN,WI,AGL,CE,Combined TRACON& Tower with Radar,41,59,65,28,193,0,0,68,1,69,41,59,133,29,262,150,28,178,440
07/19/2005,MSN,WI,AGL,CE,Combined TRACON& Tower with Radar,37,67,88,21,213,0,0,96,11,107,37,67,184,32,320,108,22,130,450
07/20/2005,MSN,WI,AGL,CE,Combined TRACON& Tower with Radar,43,74,70,17,204,0,0,32,6,38,43,74,102,23,242,34,2,36,278
07/21/2005,MSN,WI,AGL,CE,Combined TRACON& Tower with Radar,42,59,64,16,181,0,0,60,6,66,42,59,124,22,247,92,14,106,353
07/22/2005,MSN,WI,AGL,CE,Combined TRACON& Tower with Radar,44,80,82,23,229,0,0,114,8,122,44,80,196,31,351,38,16,54,405
07/23/2005,MSN,WI,AGL,CE,Combined TRACON& Tower with Radar,51,59,53,3,166,0,1,94,0,95,51,60,147,3,261,18,0,18,279
07/24/2005,MSN,WI,AGL,CE,Combined TRACON& Tower with Radar,55,56,55,6,172,0,0,130,0,130,55,56,185,6,302,54,0,54,356
07/25/2005,MSN,WI,AGL,CE,Combined TRACON& Tower with Radar,33,46,77,4,160,0,2,359,3,364,33,48,436,7,524,26,0,26,550
07/26/2005,MSN,WI,AGL,CE,Combined TRACON& Tower with Radar,33,76,105,4,218,0,0,51,4,55,33,76,156,8,273,50,0,50,323
07/27/2005,MSN,WI,AGL,CE,Combined TRACON& Tower with Radar,44,69,92,3,208,0,1,113,9,123,44,70,205,12,331,86,0,86,417
07/28/2005,MSN,WI,AGL,CE,Combined TRACON& Tower with Radar,45,76,82,2,205,0,0,127,3,130,45,76,209,5,335,56,2,58,393
07/29/2005,MSN,WI,AGL,CE,Combined TRACON& Tower with Radar,39,81,65,2,187,0,0,86,4,90,39,81,151,6,277,64,0,64,341
07/30/2005,MSN,WI,AGL,CE,Combined TRACON& Tower with Radar,44,75,49,5,173,0,0,135,1,136,44,75,184,6,309,100,0,100,409
07/31/2005,MSN,WI,AGL,CE,Combined TRACON& Tower with Radar,43,64,40,2,149,0,1,140,0,141,43,65,180,2,290,106,0,106,396
08/01/2005,MSN,WI,AGL,CE,Combined TRACON& Tower with Radar,37,84,49,12,182,0,0,67,2,69,37,84,116,14,251,78,8,86,337
08/02/2005,MSN,WI,AGL,CE,Combined TRACON& Tower with Radar,36,79,66,16,197,0,0,65,7,72,36,79,131,23,269,46,20,66,335
08/03/2005,MSN,WI,AGL,CE,Combined TRACON& Tower with Radar,37,64,71,15,187,0,0,35,13,48,37,64,106,28,235,60,12,72,307
08/04/2005,MSN,WI,AGL,CE,Combined TRACON& Tower with Radar,36,87,91,23,237,0,0,73,13,86,36,87,164,36,323,78,32,110,433
08/05/2005,MSN,WI,AGL,CE,Combined TRACON& Tower with Radar,43,72,54,19,188,0,0,137,5,142,43,72,191,24,330,132,2,134,464
08/06/2005,MSN,WI,AGL,CE,Combined TRACON& Tower with Radar,37,58,43,3,141,0,0,123,5,128,37,58,166,8,269,86,0,86,355
08/07/2005,MSN,WI,AGL,CE,Combined TRACON& Tower with Radar,36,58,38,2,134,0,522,121,2,645,36,580,159,4,779,100,0,100,879
08/08/2005,MSN,WI,AGL,CE,Combined TRACON& Tower with Radar,43,74,50,17,184,0,0,65,4,69,43,74,115,21,253,86,6,92,345
08/09/2005,MSN,WI,AGL,CE,Combined TRACON& Tower with Radar,42,81,52,23,198,0,0,77,3,80,42,81,129,26,278,88,8,96,374
08/10/2005,MSN,WI,AGL,CE,Combined TRACON& Tower with Radar,34,76,78,16,204,0,0,48,2,50,34,76,126,18,254,56,12,68,322
08/11/2005,MSN,WI,AGL,CE,Combined TRACON& Tower with Radar,39,73,90,15,217,0,0,37,5,42,39,73,127,20,259,48,0,48,307
08/12/2005,MSN,WI,AGL,CE,Combined TRACON& Tower with Radar,39,78,85,4,206,0,0,45,1,46,39,78,130,5,252,78,16,94,346
08/13/2005,MSN,WI,AGL,CE,Combined TRACON& Tower with Radar,38,64,46,4,152,0,0,74,0,74,38,64,120,4,226,96,0,96,322
08/14/2005,MSN,WI,AGL,CE,Combined TRACON& Tower with Radar,37,61,35,2,135,0,1,128,0,129,37,62,163,2,264,92,0,92,356
08/15/2005,MSN,WI,AGL,CE,Combined TRACON& Tower with Radar,33,77,64,21,195,0,1,75,6,82,33,78,139,27,277,96,20,116,393
08/16/2005,MSN,WI,AGL,CE,Combined TRACON& Tower with Radar,37,74,71,19,201,0,2,84,8,94,37,76,155,27,295,78,24,102,397
08/17/2005,MSN,WI,AGL,CE,Combined TRACON& Tower with Radar,36,73,52,18,179,0,1,78,13,92,36,74,130,31,271,90,24,114,385
08/18/2005,MSN,WI,AGL,CE,Combined TRACON& Tower with Radar,41,76,62,1,180,0,0,23,9,32,41,76,85,10,212,36,0,36,248
08/19/2005,MSN,WI,AGL,CE,Combined TRACON& Tower with Radar,39,62,103,9,213,0,0,43,19,62,39,62,146,28,275,26,2,28,303
08/20/2005,MSN,WI,AGL,CE,Combined TRACON& Tower with Radar,34,62,48,1,145,0,0,97,3,100,34,62,145,4,245,68,0,68,313
08/21/2005,MSN,WI,AGL,CE,Combined TRACON& Tower with Radar,34,59,64,1,158,0,0,158,2,160,34,59,222,3,318,112,0,112,430
08/22/2005,MSN,WI,AGL,CE,Combined TRACON& Tower with Radar,37,78,56,8,179,0,6,88,5,99,37,84,144,13,278,138,4,142,420
08/23/2005,MSN,WI,AGL,CE,Combined TRACON& Tower with Radar,41,82,85,7,215,0,0,84,11,95,41,82,169,18,310,80,0,80,390
08/24/2005,MSN,WI,AGL,CE,Combined TRACON& Tower with Radar,38,84,63,16,201,0,0,73,9,82,38,84,136,25,283,80,18,98,381
08/25/2005,MSN,WI,AGL,CE,Combined TRACON& Tower with Radar,38,80,61,16,195,0,0,89,12,101,38,80,150,28,296,66,24,90,386
08/26/2005,MSN,WI,AGL,CE,Combined TRACON& Tower with Radar,44,86,55,22,207,0,0,35,2,37,44,86,90,24,244,80,16,96,340
08/27/2005,MSN,WI,AGL,CE,Combined TRACON& Tower with Radar,35,66,43,0,144,0,0,98,0,98,35,66,141,0,242,82,0,82,324
08/28/2005,MSN,WI,AGL,CE,Combined TRACON& Tower with Radar,30,60,50,0,140,0,0,190,0,190,30,60,240,0,330,92,0,92,422
08/29/2005,MSN,WI,AGL,CE,Combined TRACON& Tower with Radar,39,80,51,27,197,0,0,60,2,62,39,80,111,29,259,80,26,106,365
08/30/2005,MSN,WI,AGL,CE,Combined TRACON& Tower with Radar,42,80,95,21,238,0,2,84,3,89,42,82,179,24,327,118,20,138,465
08/31/2005,MSN,WI,AGL,CE,Combined TRACON& Tower with Radar,47,85,60,20,212,0,5,92,11,108,47,90,152,31,320,164,10,174,494
09/01/2005,MSN,WI,AGL,CE,Combined TRACON& Tower with Radar,41,87,60,12,200,0,0,101,0,101,41,87,161,12,301,68,22,90,391
09/02/2005,MSN,WI,AGL,CE,Combined TRACON& Tower with Radar,42,79,49,13,183,0,0,81,2,83,42,79,130,15,266,62,2,64,330
09/03/2005,MSN,WI,AGL,CE,Combined TRACON& Tower with Radar,27,70,44,2,143,0,0,95,3,98,27,70,139,5,241,120,28,148,389
09/04/2005,MSN,WI,AGL,CE,Combined TRACON& Tower with Radar,30,50,23,5,108,0,0,65,0,65,30,50,88,5,173,132,0,132,305
09/05/2005,MSN,WI,AGL,CE,Combined TRACON& Tower with Radar,30,72,57,4,163,0,4,57,0,61,30,76,114,4,224,84,10,94,318
09/06/2005,MSN,WI,AGL,CE,Combined TRACON& Tower with Radar,38,81,65,16,200,0,0,59,0,59,38,81,124,16,259,120,28,148,407
09/07/2005,MSN,WI,AGL,CE,Combined TRACON& Tower with Radar,40,77,53,16,186,0,0,30,1,31,40,77,83,17,217,64,18,82,299
09/08/2005,MSN,WI,AGL,CE,Combined TRACON& Tower with Radar,36,98,106,15,255,0,0,38,0,38,36,98,144,15,293,66,12,78,371
09/09/2005,MSN,WI,AGL,CE,Combined TRACON& Tower with Radar,38,91,66,12,207,0,0,81,9,90,38,91,147,21,297,68,28,96,393
09/10/2005,MSN,WI,AGL,CE,Combined TRACON& Tower with Radar,30,68,49,9,156,0,21,76,15,112,30,89,125,24,268,134,4,138,406
09/11/2005,MSN,WI,AGL,CE,Combined TRACON& Tower with Radar,33,58,44,2,137,0,0,75,10,85,33,58,119,12,222,44,0,44,266
09/12/2005,MSN,WI,AGL,CE,Combined TRACON& Tower with Radar,36,74,60,13,183,0,1,43,4,48,36,75,103,17,231,10,6,16,247
09/13/2005,MSN,WI,AGL,CE,Combined TRACON& Tower with Radar,41,88,78,10,217,0,0,40,0,40,41,88,118,10,257,80,0,80,337
09/14/2005,MSN,WI,AGL,CE,Combined TRACON& Tower with Radar,44,75,24,14,157,0,0,93,2,95,44,75,117,16,252,66,6,72,324
09/15/2005,MSN,WI,AGL,CE,Combined TRACON& Tower with Radar,37,94,82,22,235,0,0,84,2,86,37,94,166,24,321,104,2,106,427
09/16/2005,MSN,WI,AGL,CE,Combined TRACON& Tower with Radar,26,89,49,2,166,0,0,111,0,111,26,89,160,2,277,100,0,100,377
09/17/2005,MSN,WI,AGL,CE,Combined TRACON& Tower with Radar,30,82,73,6,191,0,0,136,4,140,30,82,209,10,331,92,2,94,425
09/18/2005,MSN,WI,AGL,CE,Combined TRACON& Tower with Radar,34,31,0,2,67,30,0,0,128,158,64,31,0,130,225,64,8,72,297
09/19/2005,MSN,WI,AGL,CE,Combined TRACON& Tower with Radar,31,78,48,18,175,0,0,18,2,20,31,78,66,20,195,12,16,28,223
09/20/2005,MSN,WI,AGL,CE,Combined TRACON& Tower with Radar,37,78,91,18,224,0,1,96,5,102,37,79,187,23,326,88,20,108,434
09/21/2005,MSN,WI,AGL,CE,Combined TRACON& Tower with Radar,31,78,60,21,190,0,2,76,0,78,31,80,136,21,268,122,10,132,400
09/22/2005,MSN,WI,AGL,CE,Combined TRACON& Tower with Radar,35,81,64,14,194,0,1,7,5,13,35,82,71,19,207,12,6,18,225
09/23/2005,MSN,WI,AGL,CE,Combined TRACON& Tower with Radar,35,101,55,7,198,0,0,84,1,85,35,101,139,8,283,70,8,78,361
09/24/2005,MSN,WI,AGL,CE,Combined TRACON& Tower with Radar,31,77,77,1,186,0,0,25,0,25,31,77,102,1,211,76,0,76,287
09/25/2005,MSN,WI,AGL,CE,Combined TRACON& Tower with Radar,29,81,79,4,193,0,0,0,0,0,29,81,79,4,193,10,0,10,203
09/26/2005,MSN,WI,AGL,CE,Combined TRACON& Tower with Radar,32,92,90,21,235,0,0,34,0,34,32,92,124,21,269,74,4,78,347
09/27/2005,MSN,WI,AGL,CE,Combined TRACON& Tower with Radar,40,82,71,15,208,0,0,105,8,113,40,82,176,23,321,122,24,146,467
09/28/2005,MSN,WI,AGL,CE,Combined TRACON& Tower with Radar,41,84,79,10,214,0,1,16,0,17,41,85,95,10,231,84,6,90,321
09/29/2005,MSN,WI,AGL,CE,Combined TRACON& Tower with Radar,36,95,62,11,204,0,1,83,9,93,36,96,145,20,297,106,18,124,421
09/30/2005,MSN,WI,AGL,CE,Combined TRACON& Tower with Radar,36,81,52,11,180,0,1,81,2,84,36,82,133,13,264,78,10,88,352
10/01/2005,MSN,WI,AGL,CE,Combined TRACON& Tower with Radar,28,59,41,12,140,0,0,82,7,89,28,59,123,19,229,98,8,106,335
10/02/2005,MSN,WI,AGL,CE,Combined TRACON& Tower with Radar,35,70,60,1,166,0,0,90,0,90,35,70,150,1,256,146,0,146,402
10/03/2005,MSN,WI,AGL,CE,Combined TRACON& Tower with Radar,31,78,79,24,212,0,0,49,3,52,31,78,128,27,264,40,2,42,306
10/04/2005,MSN,WI,AGL,CE,Combined TRACON& Tower with Radar,33,86,83,37,239,0,0,45,0,45,33,86,128,37,284,126,28,154,438
10/05/2005,MSN,WI,AGL,CE,Combined TRACON& Tower with Radar,46,79,66,24,215,0,0,34,0,34,46,79,100,24,249,36,32,68,317
10/06/2005,MSN,WI,AGL,CE,Combined TRACON& Tower with Radar,34,89,79,31,233,0,0,45,2,47,34,89,124,33,280,80,40,120,400
10/07/2005,MSN,WI,AGL,CE,Combined TRACON& Tower with Radar,32,86,65,8,191,0,0,64,5,69,32,86,129,13,260,86,0,86,346
10/08/2005,MSN,WI,AGL,CE,Combined TRACON& Tower with Radar,25,68,38,0,131,0,0,107,2,109,25,68,145,2,240,102,0,102,342
10/09/2005,MSN,WI,AGL,CE,Combined TRACON& Tower with Radar,32,66,45,0,143,0,3,133,0,136,32,69,178,0,279,140,0,140,419
10/10/2005,MSN,WI,AGL,CE,Combined TRACON& Tower with Radar,32,78,61,0,171,0,0,52,0,52,32,78,113,0,223,88,0,88,311
10/11/2005,MSN,WI,AGL,CE,Combined TRACON& Tower with Radar,34,79,91,17,221,0,0,39,2,41,34,79,130,19,262,98,18,116,378
10/12/2005,MSN,WI,AGL,CE,Combined TRACON& Tower with Radar,38,80,70,16,204,0,0,9,6,15,38,80,79,22,219,18,16,34,253
10/13/2005,MSN,WI,AGL,CE,Combined TRACON& Tower with Radar,34,94,85,25,238,0,0,23,17,40,34,94,108,42,278,30,8,38,316
10/14/2005,MSN,WI,AGL,CE,Combined TRACON& Tower with Radar,42,87,48,5,182,0,2,76,0,78,42,89,124,5,260,98,4,102,362
10/15/2005,MSN,WI,AGL,CE,Combined TRACON& Tower with Radar,29,52,50,3,134,0,0,98,6,104,29,52,148,9,238,70,0,70,308
10/16/2005,MSN,WI,AGL,CE,Combined TRACON& Tower with Radar,23,66,67,3,159,0,0,122,0,122,23,66,189,3,281,158,0,158,439
10/17/2005,MSN,WI,AGL,CE,Combined TRACON& Tower with Radar,28,81,64,35,208,0,1,68,4,73,28,82,132,39,281,56,20,76,357
10/18/2005,MSN,WI,AGL,CE,Combined TRACON& Tower with Radar,30,86,80,20,216,0,1,94,20,115,30,87,174,40,331,110,36,146,477
10/19/2005,MSN,WI,AGL,CE,Combined TRACON& Tower with Radar,29,85,83,31,228,0,0,66,14,80,29,85,149,45,308,70,14,84,392
10/20/2005,MSN,WI,AGL,CE,Combined TRACON& Tower with Radar,33,79,60,23,195,0,1,75,8,84,33,80,135,31,279,88,28,116,395
10/21/2005,MSN,WI,AGL,CE,Combined TRACON& Tower with Radar,33,84,68,8,193,0,1,91,3,95,33,85,159,11,288,130,12,142,430
10/22/2005,MSN,WI,AGL,CE,Combined TRACON& Tower with Radar,26,68,70,1,165,0,0,15,0,15,26,68,85,1,180,58,0,58,238
10/23/2005,MSN,WI,AGL,CE,Combined TRACON& Tower with Radar,22,70,47,0,139,0,0,11,0,11,22,70,58,0,150,0,0,0,150
10/24/2005,MSN,WI,AGL,CE,Combined TRACON& Tower with Radar,28,81,50,28,187,0,0,29,3,32,28,81,79,31,219,36,14,50,269
10/25/2005,MSN,WI,AGL,CE,Combined TRACON& Tower with Radar,31,82,83,27,223,0,0,34,6,40,31,82,117,33,263,90,46,136,399
10/26/2005,MSN,WI,AGL,CE,Combined TRACON& Tower with Radar,30,79,53,30,192,0,0,62,15,77,30,79,115,45,269,84,42,126,395
10/27/2005,MSN,WI,AGL,CE,Combined TRACON& Tower with Radar,32,81,70,21,204,0,1,104,16,121,32,82,174,37,325,152,10,162,487
10/28/2005,MSN,WI,AGL,CE,Combined TRACON& Tower with Radar,34,79,70,17,200,0,1,102,4,107,34,80,172,21,307,98,10,108,415
10/29/2005,MSN,WI,AGL,CE,Combined TRACON& Tower with Radar,29,58,40,7,134,0,2,121,4,127,29,60,161,11,261,140,6,146,407
10/30/2005,MSN,WI,AGL,CE,Combined TRACON& Tower with Radar,25,75,65,0,165,0,0,75,0,75,25,75,140,0,240,66,0,66,306
10/31/2005,MSN,WI,AGL,CE,Combined TRACON& Tower with Radar,26,87,68,7,188,0,0,36,2,38,26,87,104,9,226,68,4,72,298
11/01/2005,MSN,WI,AGL,CE,Combined TRACON& Tower with Radar,26,89,49,14,178,0,1,53,12,66,26,90,102,26,244,44,10,54,298
11/02/2005,MSN,WI,AGL,CE,Combined TRACON& Tower with Radar,30,82,66,20,198,0,5,105,9,119,30,87,171,29,317,86,8,94,411
11/03/2005,MSN,WI,AGL,CE,Combined TRACON& Tower with Radar,26,75,59,15,175,0,3,94,10,107,26,78,153,25,282,68,6,74,356
11/04/2005,MSN,WI,AGL,CE,Combined TRACON& Tower with Radar,33,80,34,19,166,3,5,51,3,62,36,85,85,22,228,78,6,84,312
11/05/2005,MSN,WI,AGL,CE,Combined TRACON& Tower with Radar,21,61,46,9,137,0,0,35,2,37,21,61,81,11,174,42,0,42,216
11/06/2005,MSN,WI,AGL,CE,Combined TRACON& Tower with Radar,20,67,39,2,128,0,2,39,5,46,20,69,78,7,174,56,0,56,230
11/07/2005,MSN,WI,AGL,CE,Combined TRACON& Tower with Radar,23,81,46,25,175,0,1,55,9,65,23,82,101,34,240,40,22,62,302
11/08/2005,MSN,WI,AGL,CE,Combined TRACON& Tower with Radar,28,87,70,23,208,0,1,81,18,100,28,88,151,41,308,78,4,82,390
11/09/2005,MSN,WI,AGL,CE,Combined TRACON& Tower with Radar,35,86,52,21,194,0,5,6,7,18,35,91,58,28,212,3,6,9,221
11/10/2005,MSN,WI,AGL,CE,Combined TRACON& Tower with Radar,26,79,64,5,174,0,1,83,6,90,26,80,147,11,264,90,2,92,356
11/11/2005,MSN,WI,AGL,CE,Combined TRACON& Tower with Radar,24,92,79,2,197,0,0,96,3,99,24,92,175,5,296,102,0,102,398
11/12/2005,MSN,WI,AGL,CE,Combined TRACON& Tower with Radar,22,64,36,0,122,0,5,65,3,73,22,69,101,3,195,78,2,80,275
11/13/2005,MSN,WI,AGL,CE,Combined TRACON& Tower with Radar,20,59,19,1,99,0,0,10,0,10,20,59,29,1,109,0,0,0,109
11/14/2005,MSN,WI,AGL,CE,Combined TRACON& Tower with Radar,21,91,60,20,192,0,0,48,3,51,21,91,108,23,243,64,2,66,309
11/15/2005,MSN,WI,AGL,CE,Combined TRACON& Tower with Radar,26,52,54,10,142,0,0,0,0,0,26,52,54,10,142,2,0,2,144
11/16/2005,MSN,WI,AGL,CE,Combined TRACON& Tower with Radar,28,79,59,2,168,0,0,2,11,13,28,79,61,13,181,16,10,26,207
11/17/2005,MSN,WI,AGL,CE,Combined TRACON& Tower with Radar,28,85,72,15,200,0,2,75,15,92,28,87,147,30,292,50,18,68,360
11/18/2005,MSN,WI,AGL,CE,Combined TRACON& Tower with Radar,32,75,82,1,190,0,0,62,8,70,32,75,144,9,260,80,0,80,340
11/19/2005,MSN,WI,AGL,CE,Combined TRACON& Tower with Radar,31,62,45,0,138,0,3,78,0,81,31,65,123,0,219,116,0,116,335
11/20/2005,MSN,WI,AGL,CE,Combined TRACON& Tower with Radar,21,59,53,0,133,0,0,52,1,53,21,59,105,1,186,76,0,76,262
11/21/2005,MSN,WI,AGL,CE,Combined TRACON& Tower with Radar,25,80,44,13,162,0,0,29,5,34,25,80,73,18,196,30,2,32,228
11/22/2005,MSN,WI,AGL,CE,Combined TRACON& Tower with Radar,29,81,57,22,189,0,1,80,13,94,29,82,137,35,283,60,26,86,369
11/23/2005,MSN,WI,AGL,CE,Combined TRACON& Tower with Radar,26,85,23,4,138,0,0,14,6,20,26,85,37,10,158,16,2,18,176
11/24/2005,MSN,WI,AGL,CE,Combined TRACON& Tower with Radar,25,62,16,0,103,0,0,4,0,4,25,62,20,0,107,0,0,0,107
11/25/2005,MSN,WI,AGL,CE,Combined TRACON& Tower with Radar,25,59,30,0,114,0,1,25,0,26,25,60,55,0,140,20,0,20,160
11/26/2005,MSN,WI,AGL,CE,Combined TRACON& Tower with Radar,24,68,51,2,145,0,0,90,0,90,24,68,141,2,235,74,0,74,309
11/27/2005,MSN,WI,AGL,CE,Combined TRACON& Tower with Radar,20,65,45,0,130,0,0,0,0,0,20,65,45,0,130,8,0,8,138
11/28/2005,MSN,WI,AGL,CE,Combined TRACON& Tower with Radar,31,79,58,2,170,0,0,18,4,22,31,79,76,6,192,6,2,8,200
11/29/2005,MSN,WI,AGL,CE,Combined TRACON& Tower with Radar,35,77,63,18,193,0,0,0,0,0,35,77,63,18,193,12,0,12,205
11/30/2005,MSN,WI,AGL,CE,Combined TRACON& Tower with Radar,34,93,73,23,223,0,0,30,16,46,34,93,103,39,269,58,0,58,327
12/01/2005,MSN,WI,AGL,CE,Combined TRACON& Tower with Radar,32,84,53,8,177,0,2,12,9,23,32,86,65,17,200,18,0,18,218
12/02/2005,MSN,WI,AGL,CE,Combined TRACON& Tower with Radar,31,84,46,26,187,0,3,60,11,74,31,87,106,37,261,70,16,86,347
12/03/2005,MSN,WI,AGL,CE,Combined TRACON& Tower with Radar,24,65,43,12,144,0,0,29,0,29,24,65,72,12,173,50,0,50,223
12/04/2005,MSN,WI,AGL,CE,Combined TRACON& Tower with Radar,20,62,54,3,139,0,3,51,13,67,20,65,105,16,206,48,2,50,256
12/05/2005,MSN,WI,AGL,CE,Combined TRACON& Tower with Radar,27,83,51,27,188,0,0,0,0,0,27,83,51,27,188,58,28,86,274
12/06/2005,MSN,WI,AGL,CE,Combined TRACON& Tower with Radar,29,81,54,22,186,0,4,51,15,70,29,85,105,37,256,38,30,68,324
12/07/2005,MSN,WI,AGL,CE,Combined TRACON& Tower with Radar,43,94,70,21,228,0,5,70,3,78,43,99,140,24,306,68,38,106,412
12/08/2005,MSN,WI,AGL,CE,Combined TRACON& Tower with Radar,28,73,46,9,156,0,0,9,1,10,28,73,55,10,166,18,0,18,184
12/09/2005,MSN,WI,AGL,CE,Combined TRACON& Tower with Radar,34,75,69,0,178,0,6,65,2,73,34,81,134,2,251,52,0,52,303
12/10/2005,MSN,WI,AGL,CE,Combined TRACON& Tower with Radar,30,78,46,3,157,0,1,10,0,11,30,79,56,3,168,12,0,12,180
12/11/2005,MSN,WI,AGL,CE,Combined TRACON& Tower with Radar,21,67,31,0,119,0,1,44,0,45,21,68,75,0,164,104,0,104,268
12/12/2005,MSN,WI,AGL,CE,Combined TRACON& Tower with Radar,23,90,43,6,162,0,0,34,7,41,23,90,77,13,203,54,2,56,259
12/13/2005,MSN,WI,AGL,CE,Combined TRACON& Tower with Radar,28,83,62,27,200,0,0,24,11,35,28,83,86,38,235,14,14,28,263
12/14/2005,MSN,WI,AGL,CE,Combined TRACON& Tower with Radar,32,72,43,0,147,0,0,0,0,0,32,72,43,0,147,0,0,0,147
12/15/2005,MSN,WI,AGL,CE,Combined TRACON& Tower with Radar,31,85,69,9,194,0,0,3,6,9,31,85,72,15,203,14,2,16,219
12/16/2005,MSN,WI,AGL,CE,Combined TRACON& Tower with Radar,25,80,65,18,188,0,0,0,0,0,25,80,65,18,188,32,4,36,224
12/17/2005,MSN,WI,AGL,CE,Combined TRACON& Tower with Radar,39,67,49,4,159,0,1,92,0,93,39,68,141,4,252,106,0,106,358
12/18/2005,MSN,WI,AGL,CE,Combined TRACON& Tower with Radar,28,57,30,0,115,0,0,94,0,94,28,57,124,0,209,52,0,52,261
12/19/2005,MSN,WI,AGL,CE,Combined TRACON& Tower with Radar,21,81,49,22,173,0,5,35,6,46,21,86,84,28,219,64,22,86,305
12/20/2005,MSN,WI,AGL,CE,Combined TRACON& Tower with Radar,34,84,65,27,210,0,3,53,15,71,34,87,118,42,281,84,0,84,365
12/21/2005,MSN,WI,AGL,CE,Combined TRACON& Tower with Radar,32,82,62,27,203,0,0,12,17,29,32,82,74,44,232,28,2,30,262
12/22/2005,MSN,WI,AGL,CE,Combined TRACON& Tower with Radar,31,85,75,25,216,0,0,50,16,66,31,85,125,41,282,58,2,60,342
12/23/2005,MSN,WI,AGL,CE,Combined TRACON& Tower with Radar,35,73,42,3,153,0,0,56,0,56,35,73,98,3,209,128,0,128,337
12/24/2005,MSN,WI,AGL,CE,Combined TRACON& Tower with Radar,27,63,25,0,115,0,0,0,0,0,27,63,25,0,115,6,0,6,121
12/25/2005,MSN,WI,AGL,CE,Combined TRACON& Tower with Radar,18,55,8,0,81,0,0,1,0,1,18,55,9,0,82,0,0,0,82
12/26/2005,MSN,WI,AGL,CE,Combined TRACON& Tower with Radar,22,80,39,0,141,0,0,53,0,53,22,80,92,0,194,48,0,48,242
12/27/2005,MSN,WI,AGL,CE,Combined TRACON& Tower with Radar,24,80,26,0,130,0,0,0,0,0,24,80,26,0,130,2,0,2,132
12/28/2005,MSN,WI,AGL,CE,Combined TRACON& Tower with Radar,31,80,20,2,133,0,0,0,0,0,31,80,20,2,133,2,0,2,135
12/29/2005,MSN,WI,AGL,CE,Combined TRACON& Tower with Radar,33,91,54,18,196,0,0,36,13,49,33,91,90,31,245,80,6,86,331
12/30/2005,MSN,WI,AGL,CE,Combined TRACON& Tower with Radar,26,80,24,0,130,0,0,4,0,4,26,80,28,0,134,0,0,0,134
12/31/2005,MSN,WI,AGL,CE,Combined TRACON& Tower with Radar,30,57,27,0,114,0,0,13,0,13,30,57,40,0,127,51,0,51,178
01/01/2006,MSN,WI,AGL,CE,Combined TRACON& Tower with Radar,21,66,26,2,115,0,0,23,0,23,21,66,49,2,138,18,0,18,156
01/02/2006,MSN,WI,AGL,CE,Combined TRACON& Tower with Radar,24,66,22,0,112,0,0,0,0,0,24,66,22,0,112,10,0,10,122
01/03/2006,MSN,WI,AGL,CE,Combined TRACON& Tower with Radar,33,82,50,2,167,0,0,0,0,0,33,82,50,2,167,0,0,0,167
01/04/2006,MSN,WI,AGL,CE,Combined TRACON& Tower with Radar,39,78,36,16,169,0,0,4,2,6,39,78,40,18,175,4,2,6,181
01/05/2006,MSN,WI,AGL,CE,Combined TRACON& Tower with Radar,41,72,50,27,190,0,0,28,16,44,41,72,78,43,234,33,21,54,288
01/06/2006,MSN,WI,AGL,CE,Combined TRACON& Tower with Radar,32,93,44,10,179,0,0,40,2,42,32,93,84,12,221,68,10,78,299
01/07/2006,MSN,WI,AGL,CE,Combined TRACON& Tower with Radar,24,56,61,9,150,0,0,92,13,105,24,56,153,22,255,114,0,114,369
01/08/2006,MSN,WI,AGL,CE,Combined TRACON& Tower with Radar,25,65,40,2,132,0,0,38,2,40,25,65,78,4,172,94,0,94,266
01/09/2006,MSN,WI,AGL,CE,Combined TRACON& Tower with Radar,27,64,30,21,142,0,0,38,0,38,27,64,68,21,180,64,14,78,258
01/10/2006,MSN,WI,AGL,CE,Combined TRACON& Tower with Radar,35,55,55,25,170,0,1,50,15,66,35,56,105,40,236,78,14,92,328
01/11/2006,MSN,WI,AGL,CE,Combined TRACON& Tower with Radar,29,95,38,41,203,0,0,10,10,20,29,95,48,51,223,38,8,46,269
01/12/2006,MSN,WI,AGL,CE,Combined TRACON& Tower with Radar,29,82,72,17,200,0,5,70,10,85,29,87,142,27,285,92,26,118,403
01/13/2006,MSN,WI,AGL,CE,Combined TRACON& Tower with Radar,33,72,46,0,151,0,0,15,0,15,33,72,61,0,166,40,0,40,206
01/14/2006,MSN,WI,AGL,CE,Combined TRACON& Tower with Radar,34,38,50,2,124,0,1,185,0,186,34,39,235,2,310,156,0,156,466
01/15/2006,MSN,WI,AGL,CE,Combined TRACON& Tower with Radar,26,65,51,4,146,0,4,77,1,82,26,69,128,5,228,52,0,52,280
01/16/2006,MSN,WI,AGL,CE,Combined TRACON& Tower with Radar,26,67,44,0,137,0,0,62,0,62,26,67,106,0,199,134,0,134,333
01/17/2006,MSN,WI,AGL,CE,Combined TRACON& Tower with Radar,33,75,51,25,184,0,0,9,0,9,33,75,60,25,193,46,2,48,241
01/18/2006,MSN,WI,AGL,CE,Combined TRACON& Tower with Radar,32,80,58,21,191,0,0,45,11,56,32,80,103,32,247,70,36,106,353
01/19/2006,MSN,WI,AGL,CE,Combined TRACON& Tower with Radar,35,81,83,29,228,0,0,65,23,88,35,81,148,52,316,68,11,79,395
01/20/2006,MSN,WI,AGL,CE,Combined TRACON& Tower with Radar,29,73,70,6,178,0,0,8,2,10,29,73,78,8,188,22,0,22,210
01/21/2006,MSN,WI,AGL,CE,Combined TRACON& Tower with Radar,28,62,52,0,142,0,0,68,1,69,28,62,120,1,211,82,6,88,299
01/22/2006,MSN,WI,AGL,CE,Combined TRACON& Tower with Radar,26,64,64,0,154,0,0,8,0,8,26,64,72,0,162,34,0,34,196
01/23/2006,MSN,WI,AGL,CE,Combined TRACON& Tower with Radar,26,76,40,19,161,0,1,33,7,41,26,77,73,26,202,42,12,54,256
01/24/2006,MSN,WI,AGL,CE,Combined TRACON& Tower with Radar,33,81,34,9,157,0,0,10,13,23,33,81,44,22,180,44,26,70,250
01/25/2006,MSN,WI,AGL,CE,Combined TRACON& Tower with Radar,33,80,71,16,200,0,0,62,9,71,33,80,133,25,271,36,24,60,331
01/26/2006,MSN,WI,AGL,CE,Combined TRACON& Tower with Radar,34,76,73,16,199,0,5,93,15,113,34,81,166,31,312,28,20,48,360
01/27/2006,MSN,WI,AGL,CE,Combined TRACON& Tower with Radar,32,79,46,5,162,0,1,50,0,51,32,80,96,5,213,22,0,22,235
01/28/2006,MSN,WI,AGL,CE,Combined TRACON& Tower with Radar,37,56,64,1,158,0,0,29,0,29,37,56,93,1,187,30,0,30,217
01/29/2006,MSN,WI,AGL,CE,Combined TRACON& Tower with Radar,27,59,26,4,116,0,0,2,0,2,27,59,28,4,118,6,0,6,124
01/30/2006,MSN,WI,AGL,CE,Combined TRACON& Tower with Radar,33,74,48,0,155,0,0,7,5,12,33,74,55,5,167,48,4,52,219
01/31/2006,MSN,WI,AGL,CE,Combined TRACON& Tower with Radar,38,84,84,32,238,0,0,17,10,27,38,84,101,42,265,72,16,88,353
02/01/2006,MSN,WI,AGL,CE,Combined TRACON& Tower with Radar,36,63,73,17,189,0,3,13,8,24,36,66,86,25,213,100,4,104,317
02/02/2006,MSN,WI,AGL,CE,Combined TRACON& Tower with Radar,34,81,70,22,207,0,2,83,9,94,34,83,153,31,301,72,14,86,387
02/03/2006,MSN,WI,AGL,CE,Combined TRACON& Tower with Radar,36,77,42,25,180,0,0,13,5,18,36,77,55,30,198,32,30,62,260
02/04/2006,MSN,WI,AGL,CE,Combined TRACON& Tower with Radar,34,56,42,18,150,0,0,14,9,23,34,56,56,27,173,36,0,36,209
02/05/2006,MSN,WI,AGL,CE,Combined TRACON& Tower with Radar,27,67,51,2,147,0,6,101,2,109,27,73,152,4,256,70,0,70,326
02/06/2006,MSN,WI,AGL,CE,Combined TRACON& Tower with Radar,29,81,55,24,189,0,0,63,0,63,29,81,118,24,252,82,2,84,336
02/07/2006,MSN,WI,AGL,CE,Combined TRACON& Tower with Radar,33,84,103,19,239,0,0,85,12,97,33,84,188,31,336,156,4,160,496
02/08/2006,MSN,WI,AGL,CE,Combined TRACON& Tower with Radar,33,80,66,26,205,0,0,63,14,77,33,80,129,40,282,24,8,32,314
02/09/2006,MSN,WI,AGL,CE,Combined TRACON& Tower with Radar,32,89,62,27,210,0,0,49,11,60,32,89,111,38,270,102,8,110,380
02/10/2006,MSN,WI,AGL,CE,Combined TRACON& Tower with Radar,38,87,84,5,214,0,0,40,7,47,38,87,124,12,261,82,0,82,343
02/11/2006,MSN,WI,AGL,CE,Combined TRACON& Tower with Radar,30,63,33,4,130,0,0,12,0,12,30,63,45,4,142,30,0,30,172
02/12/2006,MSN,WI,AGL,CE,Combined TRACON& Tower with Radar,25,55,19,2,101,0,1,83,0,84,25,56,102,2,185,68,0,68,253
02/13/2006,MSN,WI,AGL,CE,Combined TRACON& Tower with Radar,34,83,49,12,178,0,0,54,0,54,34,83,103,12,232,64,20,84,316
02/14/2006,MSN,WI,AGL,CE,Combined TRACON& Tower with Radar,36,81,57,20,194,0,2,70,1,73,36,83,127,21,267,86,14,100,367
02/15/2006,MSN,WI,AGL,CE,Combined TRACON& Tower with Radar,37,73,58,18,186,0,4,62,24,90,37,77,120,42,276,60,6,66,342
02/16/2006,MSN,WI,AGL,CE,Combined TRACON& Tower with Radar,25,47,18,0,90,0,0,0,0,0,25,47,18,0,90,0,0,0,90
02/17/2006,MSN,WI,AGL,CE,Combined TRACON& Tower with Radar,35,77,38,6,156,0,2,55,2,59,35,79,93,8,215,64,0,64,279
02/18/2006,MSN,WI,AGL,CE,Combined TRACON& Tower with Radar,30,65,40,0,135,0,0,50,0,50,30,65,90,0,185,32,0,32,217
02/19/2006,MSN,WI,AGL,CE,Combined TRACON& Tower with Radar,22,66,20,4,112,0,1,75,1,77,22,67,95,5,189,46,0,46,235
02/20/2006,MSN,WI,AGL,CE,Combined TRACON& Tower with Radar,29,80,63,4,176,0,0,0,0,0,29,80,63,4,176,130,0,130,306
02/21/2006,MSN,WI,AGL,CE,Combined TRACON& Tower with Radar,40,67,56,18,181,0,2,59,12,73,40,69,115,30,254,84,14,98,352
02/22/2006,MSN,WI,AGL,CE,Combined TRACON& Tower with Radar,36,88,69,25,218,0,1,87,7,95,36,89,156,32,313,52,24,76,389
02/23/2006,MSN,WI,AGL,CE,Combined TRACON& Tower with Radar,41,88,95,31,255,0,4,58,16,78,41,92,153,47,333,92,28,120,453
02/24/2006,MSN,WI,AGL,CE,Combined TRACON& Tower with Radar,26,77,43,4,150,0,1,40,2,43,26,78,83,6,193,24,0,24,217
02/25/2006,MSN,WI,AGL,CE,Combined TRACON& Tower with Radar,35,63,29,0,127,0,3,64,0,67,35,66,93,0,194,34,0,34,228
02/26/2006,MSN,WI,AGL,CE,Combined TRACON& Tower with Radar,25,69,41,0,135,0,0,98,0,98,25,69,139,0,233,56,0,56,289
02/27/2006,MSN,WI,AGL,CE,Combined TRACON& Tower with Radar,27,79,40,8,154,0,0,41,8,49,27,79,81,16,203,50,4,54,257
02/28/2006,MSN,WI,AGL,CE,Combined TRACON& Tower with Radar,35,82,77,18,212,0,1,77,15,93,35,83,154,33,305,82,10,92,397
03/01/2006,MSN,WI,AGL,CE,Combined TRACON& Tower with Radar,32,88,55,20,195,0,0,18,11,29,32,88,73,31,224,14,18,32,256
03/02/2006,MSN,WI,AGL,CE,Combined TRACON& Tower with Radar,33,85,73,5,196,0,2,12,7,21,33,87,85,12,217,46,0,46,263
03/03/2006,MSN,WI,AGL,CE,Combined TRACON& Tower with Radar,31,76,60,9,176,0,0,40,13,53,31,76,100,22,229,60,0,60,289
03/04/2006,MSN,WI,AGL,CE,Combined TRACON& Tower with Radar,32,69,49,7,157,0,2,147,6,155,32,71,196,13,312,104,4,108,420
03/05/2006,MSN,WI,AGL,CE,Combined TRACON& Tower with Radar,19,61,21,4,105,0,2,9,2,13,19,63,30,6,118,12,0,12,130
03/06/2006,MSN,WI,AGL,CE,Combined TRACON& Tower with Radar,33,78,30,5,146,0,0,8,0,8,33,78,38,5,154,26,0,26,180
03/07/2006,MSN,WI,AGL,CE,Combined TRACON& Tower with Radar,33,90,60,9,192,0,1,51,10,62,33,91,111,19,254,64,0,64,318
03/08/2006,MSN,WI,AGL,CE,Combined TRACON& Tower with Radar,31,74,72,7,184,0,0,10,2,12,31,74,82,9,196,42,0,42,238
03/09/2006,MSN,WI,AGL,CE,Combined TRACON& Tower with Radar,28,82,33,1,144,0,0,0,0,0,28,82,33,1,144,2,0,2,146
03/10/2006,MSN,WI,AGL,CE,Combined TRACON& Tower with Radar,30,80,59,4,173,0,0,71,5,76,30,80,130,9,249,76,2,78,327
03/11/2006,MSN,WI,AGL,CE,Combined TRACON& Tower with Radar,27,57,48,0,132,0,2,68,0,70,27,59,116,0,202,0,0,0,202
03/12/2006,MSN,WI,AGL,CE,Combined TRACON& Tower with Radar,25,70,56,1,152,19,11,38,0,68,44,81,94,1,220,44,0,44,264
03/13/2006,MSN,WI,AGL,CE,Combined TRACON& Tower with Radar,29,67,47,8,151,0,0,4,0,4,29,67,51,8,155,8,0,8,163
03/14/2006,MSN,WI,AGL,CE,Combined TRACON& Tower with Radar,31,67,50,4,152,0,0,25,10,35,31,67,75,14,187,40,30,70,257
03/15/2006,MSN,WI,AGL,CE,Combined TRACON& Tower with Radar,34,83,51,10,178,0,0,70,13,83,34,83,121,23,261,72,14,86,347
03/16/2006,MSN,WI,AGL,CE,Combined TRACON& Tower with Radar,33,71,25,0,129,0,0,4,2,6,33,71,29,2,135,0,4,4,139
03/17/2006,MSN,WI,AGL,CE,Combined TRACON& Tower with Radar,32,85,54,6,177,0,2,70,8,80,32,87,124,14,257,68,4,72,329
03/18/2006,MSN,WI,AGL,CE,Combined TRACON& Tower with Radar,33,59,56,17,165,0,0,116,2,118,33,59,172,19,283,90,20,110,393
03/19/2006,MSN,WI,AGL,CE,Combined TRACON& Tower with Radar,26,67,61,3,157,0,0,135,4,139,26,67,196,7,296,84,2,86,382
03/20/2006,MSN,WI,AGL,CE,Combined TRACON& Tower with Radar,27,79,52,16,174,0,0,37,1,38,27,79,89,17,212,112,28,140,352
03/21/2006,MSN,WI,AGL,CE,Combined TRACON& Tower with Radar,33,90,54,10,187,0,6,30,3,39,33,96,84,13,226,28,8,36,262
03/22/2006,MSN,WI,AGL,CE,Combined TRACON& Tower with Radar,34,90,72,0,196,0,16,83,28,127,34,106,155,28,323,108,22,130,453
03/23/2006,MSN,WI,AGL,CE,Combined TRACON& Tower with Radar,30,80,79,13,202,0,0,18,0,18,30,80,97,13,220,0,0,0,220
03/24/2006,MSN,WI,AGL,CE,Combined TRACON& Tower with Radar,34,81,52,7,174,0,0,37,0,37,34,81,89,7,211,100,4,104,315
03/25/2006,MSN,WI,AGL,CE,Combined TRACON& Tower with Radar,31,60,38,2,131,0,0,55,0,55,31,60,93,2,186,72,0,72,258
03/26/2006,MSN,WI,AGL,CE,Combined TRACON& Tower with Radar,25,67,71,1,164,0,0,211,0,211,25,67,282,1,375,192,2,194,569
03/27/2006,MSN,WI,AGL,CE,Combined TRACON& Tower with Radar,31,74,36,12,153,0,0,34,6,40,31,74,70,18,193,26,12,38,231
03/28/2006,MSN,WI,AGL,CE,Combined TRACON& Tower with Radar,44,72,54,15,185,0,0,44,4,48,44,72,98,19,233,92,20,112,345
03/29/2006,MSN,WI,AGL,CE,Combined TRACON& Tower with Radar,39,82,87,19,227,0,1,21,11,33,39,83,108,30,260,66,0,66,326
03/30/2006,MSN,WI,AGL,CE,Combined TRACON& Tower with Radar,31,87,119,0,237,0,0,0,0,0,31,87,119,0,237,70,16,86,323
03/31/2006,MSN,WI,AGL,CE,Combined TRACON& Tower with Radar,34,74,43,8,159,0,0,14,3,17,34,74,57,11,176,10,4,14,190
04/01/2006,MSN,WI,AGL,CE,Combined TRACON& Tower with Radar,45,65,90,20,220,1,0,80,0,81,46,65,170,20,301,74,0,74,375
04/02/2006,MSN,WI,AGL,CE,Combined TRACON& Tower with Radar,18,71,33,0,122,0,0,0,0,0,18,71,33,0,122,0,0,0,122
04/03/2006,MSN,WI,AGL,CE,Combined TRACON& Tower with Radar,26,61,24,17,128,0,0,16,4,20,26,61,40,21,148,24,22,46,194
04/04/2006,MSN,WI,AGL,CE,Combined TRACON& Tower with Radar,30,78,63,28,199,0,1,79,0,80,30,79,142,28,279,70,18,88,367
04/05/2006,MSN,WI,AGL,CE,Combined TRACON& Tower with Radar,27,82,71,27,207,0,4,102,14,120,27,86,173,41,327,84,26,110,437
04/06/2006,MSN,WI,AGL,CE,Combined TRACON& Tower with Radar,9,47,37,9,102,0,0,36,14,50,9,47,73,23,152,44,8,52,204
04/07/2006,MSN,WI,AGL,CE,Combined TRACON& Tower with Radar,33,84,64,1,182,0,0,11,0,11,33,84,75,1,193,18,0,18,211
04/08/2006,MSN,WI,AGL,CE,Combined TRACON& Tower with Radar,26,77,43,4,150,0,0,141,9,150,26,77,184,13,300,116,0,116,416
04/09/2006,MSN,WI,AGL,CE,Combined TRACON& Tower with Radar,30,80,40,4,154,0,0,140,0,140,30,80,180,4,294,112,6,118,412
04/10/2006,MSN,WI,AGL,CE,Combined TRACON& Tower with Radar,26,78,31,17,152,0,0,66,0,66,26,78,97,17,218,44,6,50,268
04/11/2006,MSN,WI,AGL,CE,Combined TRACON& Tower with Radar,33,88,39,11,171,0,0,40,14,54,33,88,79,25,225,26,10,36,261
04/12/2006,MSN,WI,AGL,CE,Combined TRACON& Tower with Radar,33,85,52,17,187,0,0,46,7,53,33,85,98,24,240,24,20,44,284
04/13/2006,MSN,WI,AGL,CE,Combined TRACON& Tower with Radar,29,52,60,10,151,0,1,54,7,62,29,53,114,17,213,60,14,74,287
04/14/2006,MSN,WI,AGL,CE,Combined TRACON& Tower with Radar,28,92,56,7,183,0,0,98,0,98,28,92,154,7,281,80,0,80,361
04/15/2006,MSN,WI,AGL,CE,Combined TRACON& Tower with Radar,30,65,40,30,165,0,0,110,0,110,30,65,150,30,275,70,40,110,385
04/16/2006,MSN,WI,AGL,CE,Combined TRACON& Tower with Radar,25,65,10,0,100,0,0,10,0,10,25,65,20,0,110,0,0,0,110
04/17/2006,MSN,WI,AGL,CE,Combined TRACON& Tower with Radar,27,87,58,16,188,0,0,67,0,67,27,87,125,16,255,58,16,74,329
04/18/2006,MSN,WI,AGL,CE,Combined TRACON& Tower with Radar,27,89,83,23,222,0,0,68,9,77,27,89,151,32,299,86,46,132,431
04/19/2006,MSN,WI,AGL,CE,Combined TRACON& Tower with Radar,30,81,68,18,197,0,0,63,12,75,30,81,131,30,272,42,10,52,324
04/20/2006,MSN,WI,AGL,CE,Combined TRACON& Tower with Radar,29,93,84,18,224,0,0,67,8,75,29,93,151,26,299,70,32,102,401
04/21/2006,MSN,WI,AGL,CE,Combined TRACON& Tower with Radar,40,88,39,2,169,0,0,56,0,56,40,88,95,2,225,104,0,104,329
04/22/2006,MSN,WI,AGL,CE,Combined TRACON& Tower with Radar,31,67,62,1,161,0,0,70,4,74,31,67,132,5,235,160,0,160,395
04/23/2006,MSN,WI,AGL,CE,Combined TRACON& Tower with Radar,25,76,30,4,135,0,3,113,0,116,25,79,143,4,251,166,0,166,417
04/24/2006,MSN,WI,AGL,CE,Combined TRACON& Tower with Radar,26,91,70,18,205,0,1,81,8,90,26,92,151,26,295,80,36,116,411
04/25/2006,MSN,WI,AGL,CE,Combined TRACON& Tower with Radar,30,71,72,22,195,0,0,64,7,71,30,71,136,29,266,80,36,116,382
04/26/2006,MSN,WI,AGL,CE,Combined TRACON& Tower with Radar,31,90,55,32,208,0,0,93,6,99,31,90,148,38,307,54,18,72,379
04/27/2006,MSN,WI,AGL,CE,Combined TRACON& Tower with Radar,28,90,64,17,199,0,0,108,8,116,28,90,172,25,315,96,0,96,411
04/28/2006,MSN,WI,AGL,CE,Combined TRACON& Tower with Radar,27,83,53,3,166,0,0,77,6,83,27,83,130,9,249,70,0,70,319
04/29/2006,MSN,WI,AGL,CE,Combined TRACON& Tower with Radar,31,59,30,0,120,0,2,33,0,35,31,61,63,0,155,50,0,50,205
04/30/2006,MSN,WI,AGL,CE,Combined TRACON& Tower with Radar,20,77,23,0,120,0,0,0,0,0,20,77,23,0,120,8,0,8,128
05/01/2006,MSN,WI,AGL,CE,Combined TRACON& Tower with Radar,28,79,70,4,181,0,1,10,0,11,28,80,80,4,192,24,0,24,216
05/02/2006,MSN,WI,AGL,CE,Combined TRACON& Tower with Radar,33,85,63,17,198,0,4,59,11,74,33,89,122,28,272,120,10,130,402
05/03/2006,MSN,WI,AGL,CE,Combined TRACON& Tower with Radar,32,82,78,22,214,0,0,36,10,46,32,82,114,32,260,30,12,42,302
05/04/2006,MSN,WI,AGL,CE,Combined TRACON& Tower with Radar,26,89,75,21,211,0,0,90,10,100,26,89,165,31,311,62,16,78,389
05/05/2006,MSN,WI,AGL,CE,Combined TRACON& Tower with Radar,31,84,57,23,195,0,0,63,9,72,31,84,120,32,267,100,16,116,383
05/06/2006,MSN,WI,AGL,CE,Combined TRACON& Tower with Radar,35,65,35,0,135,0,0,135,0,135,35,65,170,0,270,96,0,96,366
05/07/2006,MSN,WI,AGL,CE,Combined TRACON& Tower with Radar,23,72,43,2,140,0,1,164,10,175,23,73,207,12,315,120,0,120,435
05/08/2006,MSN,WI,AGL,CE,Combined TRACON& Tower with Radar,25,82,59,19,185,0,0,62,3,65,25,82,121,22,250,100,12,112,362
05/09/2006,MSN,WI,AGL,CE,Combined TRACON& Tower with Radar,30,89,49,7,175,0,1,5,0,6,30,90,54,7,181,24,0,24,205
05/10/2006,MSN,WI,AGL,CE,Combined TRACON& Tower with Radar,30,84,72,14,200,0,0,53,11,64,30,84,125,25,264,56,8,64,328
05/11/2006,MSN,WI,AGL,CE,Combined TRACON& Tower with Radar,31,89,62,0,182,0,0,5,1,6,31,89,67,1,188,10,0,10,198
05/12/2006,MSN,WI,AGL,CE,Combined TRACON& Tower with Radar,30,81,74,0,185,0,0,4,0,4,30,81,78,0,189,16,0,16,205
05/13/2006,MSN,WI,AGL,CE,Combined TRACON& Tower with Radar,25,72,50,0,147,0,0,0,0,0,25,72,50,0,147,38,0,38,185
05/14/2006,MSN,WI,AGL,CE,Combined TRACON& Tower with Radar,22,83,60,2,167,0,0,1,0,1,22,83,61,2,168,58,0,58,226
05/15/2006,MSN,WI,AGL,CE,Combined TRACON& Tower with Radar,29,87,73,11,200,0,0,15,2,17,29,87,88,13,217,54,0,54,271
05/16/2006,MSN,WI,AGL,CE,Combined TRACON& Tower with Radar,33,83,91,23,230,0,0,24,9,33,33,83,115,32,263,28,6,34,297
05/17/2006,MSN,WI,AGL,CE,Combined TRACON& Tower with Radar,27,72,64,18,181,0,0,41,13,54,27,72,105,31,235,38,18,56,291
05/18/2006,MSN,WI,AGL,CE,Combined TRACON& Tower with Radar,28,88,81,18,215,0,1,80,11,92,28,89,161,29,307,84,10,94,401
05/19/2006,MSN,WI,AGL,CE,Combined TRACON& Tower with Radar,34,92,66,10,202,0,0,123,0,123,34,92,189,10,325,164,4,168,493
05/20/2006,MSN,WI,AGL,CE,Combined TRACON& Tower with Radar,26,67,39,8,140,0,0,95,7,102,26,67,134,15,242,86,4,90,332
05/21/2006,MSN,WI,AGL,CE,Combined TRACON& Tower with Radar,22,68,34,2,126,0,0,132,0,132,22,68,166,2,258,76,0,76,334
05/22/2006,MSN,WI,AGL,CE,Combined TRACON& Tower with Radar,26,82,44,8,160,0,0,91,2,93,26,82,135,10,253,104,4,108,361
05/23/2006,MSN,WI,AGL,CE,Combined TRACON& Tower with Radar,31,84,76,13,204,0,1,20,9,30,31,85,96,22,234,150,4,154,388
05/24/2006,MSN,WI,AGL,CE,Combined TRACON& Tower with Radar,31,81,66,22,200,0,0,46,10,56,31,81,112,32,256,74,6,80,336
05/25/2006,MSN,WI,AGL,CE,Combined TRACON& Tower with Radar,37,80,68,15,200,0,0,33,3,36,37,80,101,18,236,48,8,56,292
05/26/2006,MSN,WI,AGL,CE,Combined TRACON& Tower with Radar,31,86,78,6,201,0,0,80,6,86,31,86,158,12,287,54,0,54,341
05/27/2006,MSN,WI,AGL,CE,Combined TRACON& Tower with Radar,26,64,49,0,139,0,0,74,0,74,26,64,123,0,213,74,0,74,287
05/28/2006,MSN,WI,AGL,CE,Combined TRACON& Tower with Radar,25,60,30,10,125,0,0,75,0,75,25,60,105,10,200,54,18,72,272
05/29/2006,MSN,WI,AGL,CE,Combined TRACON& Tower with Radar,30,65,50,4,149,0,0,80,2,82,30,65,130,6,231,72,4,76,307
05/30/2006,MSN,WI,AGL,CE,Combined TRACON& Tower with Radar,29,80,39,2,150,0,0,14,3,17,29,80,53,5,167,54,6,60,227
05/31/2006,MSN,WI,AGL,CE,Combined TRACON& Tower with Radar,30,73,81,27,211,0,0,62,12,74,30,73,143,39,285,58,40,98,383
06/01/2006,MSN,WI,AGL,CE,Combined TRACON& Tower with Radar,33,85,55,21,194,0,0,66,11,77,33,85,121,32,271,112,26,138,409
06/02/2006,MSN,WI,AGL,CE,Combined TRACON& Tower with Radar,32,81,47,25,185,0,1,87,5,93,32,82,134,30,278,86,22,108,386
06/03/2006,MSN,WI,AGL,CE,Combined TRACON& Tower with Radar,27,64,52,7,150,0,0,130,0,130,27,64,182,7,280,124,2,126,406
06/04/2006,MSN,WI,AGL,CE,Combined TRACON& Tower with Radar,23,70,53,8,154,0,0,124,0,124,23,70,177,8,278,120,0,120,398
06/05/2006,MSN,WI,AGL,CE,Combined TRACON& Tower with Radar,25,83,45,26,179,0,0,88,6,94,25,83,133,32,273,94,10,104,377
06/06/2006,MSN,WI,AGL,CE,Combined TRACON& Tower with Radar,30,89,55,18,192,0,0,30,0,30,30,89,85,18,222,38,4,42,264
06/07/2006,MSN,WI,AGL,CE,Combined TRACON& Tower with Radar,31,87,53,17,188,0,2,81,6,89,31,89,134,23,277,128,28,156,433
06/08/2006,MSN,WI,AGL,CE,Combined TRACON& Tower with Radar,32,72,56,9,169,0,1,92,12,105,32,73,148,21,274,134,6,140,414
06/09/2006,MSN,WI,AGL,CE,Combined TRACON& Tower with Radar,29,83,60,5,177,0,1,80,7,88,29,84,140,12,265,108,0,108,373
06/10/2006,MSN,WI,AGL,CE,Combined TRACON& Tower with Radar,31,54,36,4,125,0,0,114,0,114,31,54,150,4,239,80,8,88,327
06/11/2006,MSN,WI,AGL,CE,Combined TRACON& Tower with Radar,0,61,28,3,92,0,0,75,1,76,0,61,103,4,168,36,0,36,204
06/12/2006,MSN,WI,AGL,CE,Combined TRACON& Tower with Radar,36,71,47,18,172,0,0,88,6,94,36,71,135,24,266,116,26,142,408
06/13/2006,MSN,WI,AGL,CE,Combined TRACON& Tower with Radar,34,74,51,24,183,0,0,71,9,80,34,74,122,33,263,168,28,196,459
06/14/2006,MSN,WI,AGL,CE,Combined TRACON& Tower with Radar,35,85,51,20,191,0,0,39,10,49,35,85,90,30,240,26,12,38,278
06/15/2006,MSN,WI,AGL,CE,Combined TRACON& Tower with Radar,33,77,74,13,197,0,0,77,10,87,33,77,151,23,284,96,8,104,388
06/16/2006,MSN,WI,AGL,CE,Combined TRACON& Tower with Radar,29,86,64,5,184,0,0,82,5,87,29,86,146,10,271,56,0,56,327
06/17/2006,MSN,WI,AGL,CE,Combined TRACON& Tower with Radar,32,64,32,2,130,0,0,66,5,71,32,64,98,7,201,64,18,82,283
06/18/2006,MSN,WI,AGL,CE,Combined TRACON& Tower with Radar,25,64,37,1,127,0,0,28,0,28,25,64,65,1,155,28,2,30,185
06/19/2006,MSN,WI,AGL,CE,Combined TRACON& Tower with Radar,25,81,65,17,188,0,0,83,8,91,25,81,148,25,279,72,10,82,361
06/20/2006,MSN,WI,AGL,CE,Combined TRACON& Tower with Radar,35,80,76,12,203,3,1,74,11,89,38,81,150,23,292,134,8,142,434
06/21/2006,MSN,WI,AGL,CE,Combined TRACON& Tower with Radar,28,69,44,2,143,0,1,29,5,35,28,70,73,7,178,14,0,14,192
06/22/2006,MSN,WI,AGL,CE,Combined TRACON& Tower with Radar,32,79,79,12,202,0,1,63,12,76,32,80,142,24,278,76,26,102,380
06/23/2006,MSN,WI,AGL,CE,Combined TRACON& Tower with Radar,35,77,77,5,194,0,0,102,5,107,35,77,179,10,301,144,0,144,445
06/24/2006,MSN,WI,AGL,CE,Combined TRACON& Tower with Radar,29,57,16,0,102,0,0,72,0,72,29,57,88,0,174,54,0,54,228
06/25/2006,MSN,WI,AGL,CE,Combined TRACON& Tower with Radar,26,55,30,1,112,0,0,21,1,22,26,55,51,2,134,72,0,72,206
06/26/2006,MSN,WI,AGL,CE,Combined TRACON& Tower with Radar,28,70,54,13,165,0,0,37,2,39,28,70,91,15,204,26,2,28,232
06/27/2006,MSN,WI,AGL,CE,Combined TRACON& Tower with Radar,33,74,74,14,195,0,0,90,13,103,33,74,164,27,298,96,6,102,400
06/28/2006,MSN,WI,AGL,CE,Combined TRACON& Tower with Radar,37,85,73,16,211,0,0,78,4,82,37,85,151,20,293,120,6,126,419
06/29/2006,MSN,WI,AGL,CE,Combined TRACON& Tower with Radar,36,82,83,5,206,0,4,111,12,127,36,86,194,17,333,144,0,144,477
06/30/2006,MSN,WI,AGL,CE,Combined TRACON& Tower with Radar,33,75,59,5,172,0,0,92,11,103,33,75,151,16,275,78,10,88,363
07/01/2006,MSN,WI,AGL,CE,Combined TRACON& Tower with Radar,29,70,37,2,138,0,3,42,9,54,29,73,79,11,192,66,16,82,274
07/02/2006,MSN,WI,AGL,CE,Combined TRACON& Tower with Radar,27,57,26,5,115,0,0,93,4,97,27,57,119,9,212,106,10,116,328
07/03/2006,MSN,WI,AGL,CE,Combined TRACON& Tower with Radar,30,65,26,0,121,0,0,35,4,39,30,65,61,4,160,94,0,94,254
07/04/2006,MSN,WI,AGL,CE,Combined TRACON& Tower with Radar,36,52,25,0,113,0,0,78,0,78,36,52,103,0,191,102,0,102,293
07/05/2006,MSN,WI,AGL,CE,Combined TRACON& Tower with Radar,34,78,50,9,171,0,1,91,11,103,34,79,141,20,274,100,4,104,378
07/06/2006,MSN,WI,AGL,CE,Combined TRACON& Tower with Radar,43,90,88,17,238,0,2,104,6,112,43,92,192,23,350,126,17,143,493
07/07/2006,MSN,WI,AGL,CE,Combined TRACON& Tower with Radar,36,84,47,14,181,0,1,67,8,76,36,85,114,22,257,52,10,62,319
07/08/2006,MSN,WI,AGL,CE,Combined TRACON& Tower with Radar,29,54,29,0,112,0,0,101,2,103,29,54,130,2,215,88,0,88,303
07/09/2006,MSN,WI,AGL,CE,Combined TRACON& Tower with Radar,28,69,40,4,141,0,1,71,1,73,28,70,111,5,214,62,2,64,278
07/10/2006,MSN,WI,AGL,CE,Combined TRACON& Tower with Radar,34,82,62,15,193,0,0,55,4,59,34,82,117,19,252,66,2,68,320
07/11/2006,MSN,WI,AGL,CE,Combined TRACON& Tower with Radar,39,64,69,6,178,0,0,9,0,9,39,64,78,6,187,46,2,48,235
07/12/2006,MSN,WI,AGL,CE,Combined TRACON& Tower with Radar,36,74,60,13,183,0,0,65,3,68,36,74,125,16,251,184,14,198,449
07/13/2006,MSN,WI,AGL,CE,Combined TRACON& Tower with Radar,37,89,57,12,195,0,0,73,4,77,37,89,130,16,272,112,6,118,390
07/14/2006,MSN,WI,AGL,CE,Combined TRACON& Tower with Radar,34,73,41,15,163,0,0,35,0,35,34,73,76,15,198,54,0,54,252
07/15/2006,MSN,WI,AGL,CE,Combined TRACON& Tower with Radar,30,66,55,3,154,0,0,104,3,107,30,66,159,6,261,82,0,82,343
07/16/2006,MSN,WI,AGL,CE,Combined TRACON& Tower with Radar,26,63,28,4,121,0,0,64,2,66,26,63,92,6,187,50,0,50,237
07/17/2006,MSN,WI,AGL,CE,Combined TRACON& Tower with Radar,35,64,49,7,155,0,0,54,6,60,35,64,103,13,215,72,6,78,293
07/18/2006,MSN,WI,AGL,CE,Combined TRACON& Tower with Radar,37,85,50,22,194,0,0,106,12,118,37,85,156,34,312,118,18,136,448
07/19/2006,MSN,WI,AGL,CE,Combined TRACON& Tower with Radar,34,76,106,10,226,0,0,38,1,39,34,76,144,11,265,56,8,64,329
07/20/2006,MSN,WI,AGL,CE,Combined TRACON& Tower with Radar,68,67,66,5,206,0,1,56,0,57,68,68,122,5,263,120,0,120,383
07/21/2006,MSN,WI,AGL,CE,Combined TRACON& Tower with Radar,37,74,93,5,209,0,0,104,4,108,37,74,197,9,317,142,0,142,459
07/22/2006,MSN,WI,AGL,CE,Combined TRACON& Tower with Radar,27,63,68,3,161,0,0,158,1,159,27,63,226,4,320,82,0,82,402
07/23/2006,MSN,WI,AGL,CE,Combined TRACON& Tower with Radar,34,64,98,6,202,0,1,252,2,255,34,65,350,8,457,122,0,122,579
07/24/2006,MSN,WI,AGL,CE,Combined TRACON& Tower with Radar,30,75,61,13,179,0,0,87,7,94,30,75,148,20,273,42,4,46,319
07/25/2006,MSN,WI,AGL,CE,Combined TRACON& Tower with Radar,32,75,67,7,181,0,0,88,9,97,32,75,155,16,278,80,8,88,366
07/26/2006,MSN,WI,AGL,CE,Combined TRACON& Tower with Radar,35,81,102,11,229,0,2,58,9,69,35,83,160,20,298,66,16,82,380
07/27/2006,MSN,WI,AGL,CE,Combined TRACON& Tower with Radar,33,73,124,5,235,0,8,31,0,39,33,81,155,5,274,34,12,46,320
07/28/2006,MSN,WI,AGL,CE,Combined TRACON& Tower with Radar,36,85,79,7,207,0,1,104,3,108,36,86,183,10,315,90,0,90,405
07/29/2006,MSN,WI,AGL,CE,Combined TRACON& Tower with Radar,29,67,42,2,140,0,0,0,0,0,29,67,42,2,140,26,0,26,166
07/30/2006,MSN,WI,AGL,CE,Combined TRACON& Tower with Radar,26,62,40,5,133,0,0,63,0,63,26,62,103,5,196,24,0,24,220
07/31/2006,MSN,WI,AGL,CE,Combined TRACON& Tower with Radar,30,84,54,2,170,0,0,68,3,71,30,84,122,5,241,52,0,52,293
08/01/2006,MSN,WI,AGL,CE,Combined TRACON& Tower with Radar,32,82,79,16,209,0,1,65,3,69,32,83,144,19,278,46,16,62,340
08/02/2006,MSN,WI,AGL,CE,Combined TRACON& Tower with Radar,35,72,59,10,176,0,0,32,7,39,35,72,91,17,215,64,12,76,291
08/03/2006,MSN,WI,AGL,CE,Combined TRACON& Tower with Radar,30,81,60,12,183,0,0,78,9,87,30,81,138,21,270,102,8,110,380
08/04/2006,MSN,WI,AGL,CE,Combined TRACON& Tower with Radar,30,74,63,2,169,0,0,97,3,100,30,74,160,5,269,96,0,96,365
08/05/2006,MSN,WI,AGL,CE,Combined TRACON& Tower with Radar,31,60,35,0,126,0,0,123,1,124,31,60,158,1,250,128,0,128,378
08/06/2006,MSN,WI,AGL,CE,Combined TRACON& Tower with Radar,28,61,34,1,124,0,0,12,0,12,28,61,46,1,136,14,0,14,150
08/07/2006,MSN,WI,AGL,CE,Combined TRACON& Tower with Radar,35,80,55,15,185,0,0,95,0,95,35,80,150,15,280,78,10,88,368
08/08/2006,MSN,WI,AGL,CE,Combined TRACON& Tower with Radar,35,74,56,15,180,0,0,104,2,106,35,74,160,17,286,134,12,146,432
08/09/2006,MSN,WI,AGL,CE,Combined TRACON& Tower with Radar,33,54,46,15,148,0,0,51,0,51,33,54,97,15,199,106,8,114,313
08/10/2006,MSN,WI,AGL,CE,Combined TRACON& Tower with Radar,39,69,76,23,207,0,0,22,0,22,39,69,98,23,229,38,16,54,283
08/11/2006,MSN,WI,AGL,CE,Combined TRACON& Tower with Radar,35,76,68,8,187,0,0,70,0,70,35,76,138,8,257,38,2,40,297
08/12/2006,MSN,WI,AGL,CE,Combined TRACON& Tower with Radar,31,61,41,7,140,0,0,135,1,136,31,61,176,8,276,112,6,118,394
08/13/2006,MSN,WI,AGL,CE,Combined TRACON& Tower with Radar,23,70,39,4,136,0,1,79,0,80,23,71,118,4,216,62,2,64,280
08/14/2006,MSN,WI,AGL,CE,Combined TRACON& Tower with Radar,31,71,48,3,153,0,0,61,12,73,31,71,109,15,226,94,0,94,320
08/15/2006,MSN,WI,AGL,CE,Combined TRACON& Tower with Radar,35,72,52,21,180,0,2,106,2,110,35,74,158,23,290,94,18,112,402
08/16/2006,MSN,WI,AGL,CE,Combined TRACON& Tower with Radar,37,80,58,10,185,0,0,92,2,94,37,80,150,12,279,82,10,92,371
08/17/2006,MSN,WI,AGL,CE,Combined TRACON& Tower with Radar,32,82,83,15,212,0,0,27,6,33,32,82,110,21,245,104,8,112,357
08/18/2006,MSN,WI,AGL,CE,Combined TRACON& Tower with Radar,40,70,61,14,185,0,1,16,4,21,40,71,77,18,206,88,4,92,298
08/19/2006,MSN,WI,AGL,CE,Combined TRACON& Tower with Radar,34,66,39,6,145,0,0,14,0,14,34,66,53,6,159,58,14,72,231
08/20/2006,MSN,WI,AGL,CE,Combined TRACON& Tower with Radar,30,59,57,1,147,0,0,146,0,146,30,59,203,1,293,136,0,136,429
08/21/2006,MSN,WI,AGL,CE,Combined TRACON& Tower with Radar,34,68,33,10,145,0,0,70,11,81,34,68,103,21,226,104,24,128,354
08/22/2006,MSN,WI,AGL,CE,Combined TRACON& Tower with Radar,43,81,72,16,212,0,0,108,2,110,43,81,180,18,322,154,6,160,482
08/23/2006,MSN,WI,AGL,CE,Combined TRACON& Tower with Radar,37,67,50,18,172,0,0,38,5,43,37,67,88,23,215,104,2,106,321
08/24/2006,MSN,WI,AGL,CE,Combined TRACON& Tower with Radar,43,66,58,13,180,0,0,21,2,23,43,66,79,15,203,8,0,8,211
08/25/2006,MSN,WI,AGL,CE,Combined TRACON& Tower with Radar,45,77,86,2,210,0,0,10,1,11,45,77,96,3,221,8,0,8,229
08/26/2006,MSN,WI,AGL,CE,Combined TRACON& Tower with Radar,32,74,67,4,177,0,0,1,0,1,32,74,68,4,178,38,0,38,216
08/27/2006,MSN,WI,AGL,CE,Combined TRACON& Tower with Radar,25,70,75,0,170,0,13,80,0,93,25,83,155,0,263,88,0,88,351
08/28/2006,MSN,WI,AGL,CE,Combined TRACON& Tower with Radar,34,73,62,20,189,0,0,38,0,38,34,73,100,20,227,88,6,94,321
08/29/2006,MSN,WI,AGL,CE,Combined TRACON& Tower with Radar,46,78,89,14,227,0,0,82,7,89,46,78,171,21,316,92,26,118,434
08/30/2006,MSN,WI,AGL,CE,Combined TRACON& Tower with Radar,37,69,92,16,214,0,0,73,7,80,37,69,165,23,294,104,0,104,398
08/31/2006,MSN,WI,AGL,CE,Combined TRACON& Tower with Radar,33,69,56,20,178,0,0,89,13,102,33,69,145,33,280,136,20,156,436
09/01/2006,MSN,WI,AGL,CE,Combined TRACON& Tower with Radar,36,86,53,1,176,0,0,115,6,121,36,86,168,7,297,116,0,116,413
09/02/2006,MSN,WI,AGL,CE,Combined TRACON& Tower with Radar,26,57,38,1,122,0,1,101,0,102,26,58,139,1,224,136,2,138,362
09/03/2006,MSN,WI,AGL,CE,Combined TRACON& Tower with Radar,27,44,32,0,103,0,2,60,0,62,27,46,92,0,165,86,0,86,251
09/04/2006,MSN,WI,AGL,CE,Combined TRACON& Tower with Radar,30,64,51,0,145,0,0,6,0,6,30,64,57,0,151,4,0,4,155
09/05/2006,MSN,WI,AGL,CE,Combined TRACON& Tower with Radar,35,71,42,9,157,0,1,61,1,63,35,72,103,10,220,86,14,100,320
09/06/2006,MSN,WI,AGL,CE,Combined TRACON& Tower with Radar,28,87,76,20,211,0,0,109,3,112,28,87,185,23,323,136,20,156,479
09/07/2006,MSN,WI,AGL,CE,Combined TRACON& Tower with Radar,30,86,95,22,233,0,0,94,5,99,30,86,189,27,332,158,16,174,506
09/08/2006,MSN,WI,AGL,CE,Combined TRACON& Tower with Radar,43,100,69,25,237,0,2,95,15,112,43,102,164,40,349,64,24,88,437
09/09/2006,MSN,WI,AGL,CE,Combined TRACON& Tower with Radar,36,65,92,29,222,0,1,26,3,30,36,66,118,32,252,92,12,104,356
09/10/2006,MSN,WI,AGL,CE,Combined TRACON& Tower with Radar,29,68,81,5,183,0,2,18,2,22,29,70,99,7,205,148,10,158,363
09/11/2006,MSN,WI,AGL,CE,Combined TRACON& Tower with Radar,32,80,62,2,176,0,0,0,0,0,32,80,62,2,176,6,0,6,182
09/12/2006,MSN,WI,AGL,CE,Combined TRACON& Tower with Radar,28,89,74,4,195,0,0,0,0,0,28,89,74,4,195,4,0,4,199
09/13/2006,MSN,WI,AGL,CE,Combined TRACON& Tower with Radar,30,82,81,33,226,0,1,13,0,14,30,83,94,33,240,88,8,96,336
09/14/2006,MSN,WI,AGL,CE,Combined TRACON& Tower with Radar,33,95,84,14,226,0,5,108,3,116,33,100,192,17,342,174,8,182,524
09/15/2006,MSN,WI,AGL,CE,Combined TRACON& Tower with Radar,42,81,68,2,193,0,2,117,1,120,42,83,185,3,313,112,0,112,425
09/16/2006,MSN,WI,AGL,CE,Combined TRACON& Tower with Radar,21,69,47,0,137,0,1,98,4,103,21,70,145,4,240,44,2,46,286
09/17/2006,MSN,WI,AGL,CE,Combined TRACON& Tower with Radar,20,72,42,5,139,0,2,36,0,38,20,74,78,5,177,54,0,54,231
09/18/2006,MSN,WI,AGL,CE,Combined TRACON& Tower with Radar,32,88,59,10,189,0,0,45,4,49,32,88,104,14,238,100,10,110,348
09/19/2006,MSN,WI,AGL,CE,Combined TRACON& Tower with Radar,40,87,75,8,210,0,3,37,6,46,40,90,112,14,256,68,12,80,336
09/20/2006,MSN,WI,AGL,CE,Combined TRACON& Tower with Radar,35,77,59,14,185,0,0,0,0,0,35,77,59,14,185,134,5,139,324
09/21/2006,MSN,WI,AGL,CE,Combined TRACON& Tower with Radar,30,92,69,10,201,0,0,28,4,32,30,92,97,14,233,116,16,132,365
09/22/2006,MSN,WI,AGL,CE,Combined TRACON& Tower with Radar,44,83,68,6,201,0,0,18,2,20,44,83,86,8,221,96,2,98,319
09/23/2006,MSN,WI,AGL,CE,Combined TRACON& Tower with Radar,37,57,56,1,151,0,0,27,0,27,37,57,83,1,178,56,0,56,234
09/24/2006,MSN,WI,AGL,CE,Combined TRACON& Tower with Radar,27,80,38,0,145,0,0,100,0,100,27,80,138,0,245,44,0,44,289
09/25/2006,MSN,WI,AGL,CE,Combined TRACON& Tower with Radar,36,72,57,25,190,0,0,97,1,98,36,72,154,26,288,104,30,134,422
09/26/2006,MSN,WI,AGL,CE,Combined TRACON& Tower with Radar,31,82,79,29,221,0,0,95,3,98,31,82,174,32,319,122,20,142,461
09/27/2006,MSN,WI,AGL,CE,Combined TRACON& Tower with Radar,32,82,72,24,210,0,0,29,5,34,32,82,101,29,244,58,8,66,310
09/28/2006,MSN,WI,AGL,CE,Combined TRACON& Tower with Radar,32,93,84,6,215,0,4,66,0,70,32,97,150,6,285,42,2,44,329
09/29/2006,MSN,WI,AGL,CE,Combined TRACON& Tower with Radar,33,84,72,1,190,0,2,69,3,74,33,86,141,4,264,52,0,52,316
09/30/2006,MSN,WI,AGL,CE,Combined TRACON& Tower with Radar,40,60,50,0,150,0,0,75,0,75,40,60,125,0,225,76,2,78,303
10/01/2006,MSN,WI,AGL,CE,Combined TRACON& Tower with Radar,23,85,61,0,169,0,0,186,0,186,23,85,247,0,355,92,0,92,447
10/02/2006,MSN,WI,AGL,CE,Combined TRACON& Tower with Radar,28,80,78,19,205,0,0,53,1,54,28,80,131,20,259,88,42,130,389
10/03/2006,MSN,WI,AGL,CE,Combined TRACON& Tower with Radar,44,82,85,30,241,0,0,50,1,51,44,82,135,31,292,76,40,116,408
10/04/2006,MSN,WI,AGL,CE,Combined TRACON& Tower with Radar,31,103,75,12,221,0,0,41,3,44,31,103,116,15,265,44,0,44,309
10/05/2006,MSN,WI,AGL,CE,Combined TRACON& Tower with Radar,24,94,68,24,210,0,1,102,6,109,24,95,170,30,319,100,40,140,459
10/06/2006,MSN,WI,AGL,CE,Combined TRACON& Tower with Radar,31,97,72,1,201,0,1,97,0,98,31,98,169,1,299,78,0,78,377
10/07/2006,MSN,WI,AGL,CE,Combined TRACON& Tower with Radar,27,65,27,1,120,0,0,77,3,80,27,65,104,4,200,46,0,46,246
10/08/2006,MSN,WI,AGL,CE,Combined TRACON& Tower with Radar,22,83,61,5,171,0,0,124,1,125,22,83,185,6,296,78,8,86,382
10/09/2006,MSN,WI,AGL,CE,Combined TRACON& Tower with Radar,33,77,58,6,174,0,0,65,0,65,33,77,123,6,239,84,0,84,323
10/10/2006,MSN,WI,AGL,CE,Combined TRACON& Tower with Radar,35,84,80,25,224,0,0,50,0,50,35,84,130,25,274,40,44,84,358
10/11/2006,MSN,WI,AGL,CE,Combined TRACON& Tower with Radar,28,83,50,2,163,0,2,5,0,7,28,85,55,2,170,16,0,16,186
10/12/2006,MSN,WI,AGL,CE,Combined TRACON& Tower with Radar,28,96,53,13,190,0,0,23,1,24,28,96,76,14,214,18,2,20,234
10/13/2006,MSN,WI,AGL,CE,Combined TRACON& Tower with Radar,38,80,32,1,151,0,2,31,1,34,38,82,63,2,185,68,0,68,253
10/14/2006,MSN,WI,AGL,CE,Combined TRACON& Tower with Radar,30,78,44,2,154,0,0,84,0,84,30,78,128,2,238,46,0,46,284
10/15/2006,MSN,WI,AGL,CE,Combined TRACON& Tower with Radar,24,77,53,6,160,0,0,132,0,132,24,77,185,6,292,82,4,86,378
10/16/2006,MSN,WI,AGL,CE,Combined TRACON& Tower with Radar,26,84,54,15,179,0,0,17,4,21,26,84,71,19,200,34,2,36,236
10/17/2006,MSN,WI,AGL,CE,Combined TRACON& Tower with Radar,32,89,84,32,237,0,0,13,0,13,32,89,97,32,250,74,0,74,324
10/18/2006,MSN,WI,AGL,CE,Combined TRACON& Tower with Radar,20,82,62,21,185,0,2,9,3,14,20,84,71,24,199,70,8,78,277
10/19/2006,MSN,WI,AGL,CE,Combined TRACON& Tower with Radar,39,99,100,23,261,0,0,82,11,93,39,99,182,34,354,98,12,110,464
10/20/2006,MSN,WI,AGL,CE,Combined TRACON& Tower with Radar,32,90,51,18,191,0,1,109,3,113,32,91,160,21,304,214,34,248,552
10/21/2006,MSN,WI,AGL,CE,Combined TRACON& Tower with Radar,23,65,48,17,153,0,0,16,0,16,23,65,64,17,169,8,16,24,193
10/22/2006,MSN,WI,AGL,CE,Combined TRACON& Tower with Radar,19,81,57,3,160,0,0,42,0,42,19,81,99,3,202,46,0,46,248
10/23/2006,MSN,WI,AGL,CE,Combined TRACON& Tower with Radar,24,85,43,19,171,0,0,40,2,42,24,85,83,21,213,76,34,110,323
10/24/2006,MSN,WI,AGL,CE,Combined TRACON& Tower with Radar,29,88,90,31,238,0,17,86,0,103,29,105,176,31,341,98,20,118,459
10/25/2006,MSN,WI,AGL,CE,Combined TRACON& Tower with Radar,25,98,45,15,183,0,0,132,2,134,25,98,177,17,317,104,28,132,449
10/26/2006,MSN,WI,AGL,CE,Combined TRACON& Tower with Radar,50,73,63,22,208,0,0,45,6,51,50,73,108,28,259,60,0,60,319
10/27/2006,MSN,WI,AGL,CE,Combined TRACON& Tower with Radar,26,92,93,2,213,0,0,20,0,20,26,92,113,2,233,70,0,70,303
10/28/2006,MSN,WI,AGL,CE,Combined TRACON& Tower with Radar,25,63,31,0,119,0,0,46,0,46,25,63,77,0,165,58,0,58,223
10/29/2006,MSN,WI,AGL,CE,Combined TRACON& Tower with Radar,16,84,40,0,140,0,2,180,0,182,16,86,220,0,322,72,0,72,394
10/30/2006,MSN,WI,AGL,CE,Combined TRACON& Tower with Radar,21,82,67,2,172,0,2,104,1,107,21,84,171,3,279,160,0,160,439
10/31/2006,MSN,WI,AGL,CE,Combined TRACON& Tower with Radar,41,84,61,12,198,0,1,41,2,44,41,85,102,14,242,28,12,40,282
11/01/2006,MSN,WI,AGL,CE,Combined TRACON& Tower with Radar,23,101,49,16,189,0,2,76,6,84,23,103,125,22,273,120,8,128,401
11/02/2006,MSN,WI,AGL,CE,Combined TRACON& Tower with Radar,29,82,59,15,185,0,0,47,4,51,29,82,106,19,236,130,4,134,370
11/03/2006,MSN,WI,AGL,CE,Combined TRACON& Tower with Radar,31,97,67,18,213,0,2,113,3,118,31,99,180,21,331,120,11,131,462
11/04/2006,MSN,WI,AGL,CE,Combined TRACON& Tower with Radar,26,70,47,12,155,0,2,72,7,81,26,72,119,19,236,52,0,52,288
11/05/2006,MSN,WI,AGL,CE,Combined TRACON& Tower with Radar,26,74,70,3,173,0,0,158,2,160,26,74,228,5,333,202,0,202,535
11/06/2006,MSN,WI,AGL,CE,Combined TRACON& Tower with Radar,27,58,50,30,165,0,0,15,0,15,27,58,65,30,180,44,0,44,224
11/07/2006,MSN,WI,AGL,CE,Combined TRACON& Tower with Radar,10,19,71,14,114,0,3,32,6,41,10,22,103,20,155,88,12,100,255
11/08/2006,MSN,WI,AGL,CE,Combined TRACON& Tower with Radar,27,88,66,20,201,0,3,63,5,71,27,91,129,25,272,82,28,110,382
11/09/2006,MSN,WI,AGL,CE,Combined TRACON& Tower with Radar,29,32,71,1,133,0,0,94,3,97,29,32,165,4,230,108,0,108,338
11/10/2006,MSN,WI,AGL,CE,Combined TRACON& Tower with Radar,33,75,48,0,156,0,0,2,0,2,33,75,50,0,158,6,0,6,164
11/11/2006,MSN,WI,AGL,CE,Combined TRACON& Tower with Radar,29,60,33,0,122,0,5,63,0,68,29,65,96,0,190,12,0,12,202
11/12/2006,MSN,WI,AGL,CE,Combined TRACON& Tower with Radar,23,69,64,0,156,0,8,89,0,97,23,77,153,0,253,132,0,132,385
11/13/2006,MSN,WI,AGL,CE,Combined TRACON& Tower with Radar,32,43,47,14,136,0,0,4,0,4,32,43,51,14,140,32,0,32,172
11/14/2006,MSN,WI,AGL,CE,Combined TRACON& Tower with Radar,30,96,53,22,201,0,0,22,0,22,30,96,75,22,223,78,0,78,301
11/15/2006,MSN,WI,AGL,CE,Combined TRACON& Tower with Radar,23,93,76,20,212,0,0,25,7,32,23,93,101,27,244,66,2,68,312
11/16/2006,MSN,WI,AGL,CE,Combined TRACON& Tower with Radar,33,93,78,11,215,0,0,20,0,20,33,93,98,11,235,56,4,60,295
11/17/2006,MSN,WI,AGL,CE,Combined TRACON& Tower with Radar,24,99,74,3,200,0,0,74,3,77,24,99,148,6,277,136,0,136,413
11/18/2006,MSN,WI,AGL,CE,Combined TRACON& Tower with Radar,29,50,45,0,124,0,5,55,0,60,29,55,100,0,184,54,0,54,238
11/19/2006,MSN,WI,AGL,CE,Combined TRACON& Tower with Radar,23,72,73,0,168,0,1,77,0,78,23,73,150,0,246,134,0,134,380
11/20/2006,MSN,WI,AGL,CE,Combined TRACON& Tower with Radar,23,75,60,15,173,0,1,113,1,115,23,76,173,16,288,124,32,156,444
11/21/2006,MSN,WI,AGL,CE,Combined TRACON& Tower with Radar,32,85,68,17,202,0,0,86,4,90,32,85,154,21,292,122,32,154,446
11/22/2006,MSN,WI,AGL,CE,Combined TRACON& Tower with Radar,30,94,59,19,202,0,3,121,1,125,30,97,180,20,327,118,22,140,467
11/23/2006,MSN,WI,AGL,CE,Combined TRACON& Tower with Radar,35,53,18,0,106,0,0,56,0,56,35,53,74,0,162,60,0,60,222
11/24/2006,MSN,WI,AGL,CE,Combined TRACON& Tower with Radar,24,47,42,0,113,0,1,103,0,104,24,48,145,0,217,102,0,102,319
11/25/2006,MSN,WI,AGL,CE,Combined TRACON& Tower with Radar,27,60,78,0,165,0,0,28,0,28,27,60,106,0,193,62,0,62,255
11/26/2006,MSN,WI,AGL,CE,Combined TRACON& Tower with Radar,27,87,92,0,206,0,0,1,0,1,27,87,93,0,207,26,0,26,233
11/27/2006,MSN,WI,AGL,CE,Combined TRACON& Tower with Radar,35,67,80,1,183,0,0,6,0,6,35,67,86,1,189,46,0,46,235
11/28/2006,MSN,WI,AGL,CE,Combined TRACON& Tower with Radar,34,83,79,17,213,0,0,11,6,17,34,83,90,23,230,50,4,54,284
11/29/2006,MSN,WI,AGL,CE,Combined TRACON& Tower with Radar,83,92,85,19,279,0,0,3,0,3,83,92,88,19,282,18,0,18,300
11/30/2006,MSN,WI,AGL,CE,Combined TRACON& Tower with Radar,27,92,63,25,207,0,3,55,5,63,27,95,118,30,270,114,44,158,428
12/01/2006,MSN,WI,AGL,CE,Combined TRACON& Tower with Radar,26,63,32,5,126,0,0,14,0,14,26,63,46,5,140,2,8,10,150
12/02/2006,MSN,WI,AGL,CE,Combined TRACON& Tower with Radar,26,69,34,10,139,0,0,89,6,95,26,69,123,16,234,98,0,98,332
12/03/2006,MSN,WI,AGL,CE,Combined TRACON& Tower with Radar,25,67,65,8,165,0,1,51,1,53,25,68,116,9,218,116,6,122,340
12/04/2006,MSN,WI,AGL,CE,Combined TRACON& Tower with Radar,25,87,40,16,168,0,0,35,2,37,25,87,75,18,205,28,26,54,259
12/05/2006,MSN,WI,AGL,CE,Combined TRACON& Tower with Radar,35,80,76,25,216,0,1,58,7,66,35,81,134,32,282,74,36,110,392
12/06/2006,MSN,WI,AGL,CE,Combined TRACON& Tower with Radar,32,101,84,24,241,0,1,33,4,38,32,102,117,28,279,28,10,38,317
12/07/2006,MSN,WI,AGL,CE,Combined TRACON& Tower with Radar,30,84,55,16,185,0,0,56,5,61,30,84,111,21,246,68,8,76,322
12/08/2006,MSN,WI,AGL,CE,Combined TRACON& Tower with Radar,32,80,39,3,154,0,0,75,3,78,32,80,114,6,232,76,4,80,312
12/09/2006,MSN,WI,AGL,CE,Combined TRACON& Tower with Radar,33,56,35,1,125,0,0,101,4,105,33,56,136,5,230,128,0,128,358
12/10/2006,MSN,WI,AGL,CE,Combined TRACON& Tower with Radar,24,68,43,3,138,0,0,121,0,121,24,68,164,3,259,80,0,80,339
12/11/2006,MSN,WI,AGL,CE,Combined TRACON& Tower with Radar,27,79,63,5,174,0,0,0,0,0,27,79,63,5,174,92,0,92,266
12/12/2006,MSN,WI,AGL,CE,Combined TRACON& Tower with Radar,21,48,38,1,108,0,0,2,0,2,21,48,40,1,110,2,0,2,112
12/13/2006,MSN,WI,AGL,CE,Combined TRACON& Tower with Radar,30,88,69,23,210,0,0,46,14,60,30,88,115,37,270,42,12,54,324
12/14/2006,MSN,WI,AGL,CE,Combined TRACON& Tower with Radar,25,83,94,23,225,0,2,40,12,54,25,85,134,35,279,120,8,128,407
12/15/2006,MSN,WI,AGL,CE,Combined TRACON& Tower with Radar,28,90,56,7,181,0,2,88,2,92,28,92,144,9,273,118,6,124,397
12/16/2006,MSN,WI,AGL,CE,Combined TRACON& Tower with Radar,24,81,70,0,175,0,0,7,0,7,24,81,77,0,182,88,0,88,270
12/17/2006,MSN,WI,AGL,CE,Combined TRACON& Tower with Radar,25,62,44,0,131,0,1,118,0,119,25,63,162,0,250,112,0,112,362
12/18/2006,MSN,WI,AGL,CE,Combined TRACON& Tower with Radar,18,96,60,28,202,0,0,83,1,84,18,96,143,29,286,154,50,204,490
12/19/2006,MSN,WI,AGL,CE,Combined TRACON& Tower with Radar,31,104,101,20,256,0,0,114,5,119,31,104,215,25,375,146,30,176,551
12/20/2006,MSN,WI,AGL,CE,Combined TRACON& Tower with Radar,37,95,89,16,237,0,0,95,9,104,37,95,184,25,341,114,14,128,469
12/21/2006,MSN,WI,AGL,CE,Combined TRACON& Tower with Radar,27,91,59,3,180,0,0,0,0,0,27,91,59,3,180,2,0,2,182
12/22/2006,MSN,WI,AGL,CE,Combined TRACON& Tower with Radar,23,65,38,0,126,0,0,0,0,0,23,65,38,0,126,6,0,6,132
12/23/2006,MSN,WI,AGL,CE,Combined TRACON& Tower with Radar,29,75,34,1,139,0,0,3,0,3,29,75,37,1,142,6,8,14,156
12/24/2006,MSN,WI,AGL,CE,Combined TRACON& Tower with Radar,24,55,43,0,122,0,0,0,0,0,24,55,43,0,122,78,0,78,200
12/25/2006,MSN,WI,AGL,CE,Combined TRACON& Tower with Radar,19,65,7,0,91,0,0,3,0,3,19,65,10,0,94,0,0,0,94
12/26/2006,MSN,WI,AGL,CE,Combined TRACON& Tower with Radar,24,91,46,2,163,0,0,43,2,45,24,91,89,4,208,36,0,36,244
12/27/2006,MSN,WI,AGL,CE,Combined TRACON& Tower with Radar,29,92,45,7,173,0,0,75,5,80,29,92,120,12,253,70,8,78,331
12/28/2006,MSN,WI,AGL,CE,Combined TRACON& Tower with Radar,33,40,30,6,109,0,1,56,11,68,33,41,86,17,177,114,14,128,305
12/29/2006,MSN,WI,AGL,CE,Combined TRACON& Tower with Radar,26,89,40,2,157,0,0,9,0,9,26,89,49,2,166,30,0,30,196
12/30/2006,MSN,WI,AGL,CE,Combined TRACON& Tower with Radar,27,68,45,0,140,0,0,1,9,10,27,68,46,9,150,34,0,34,184
12/31/2006,MSN,WI,AGL,CE,Combined TRACON& Tower with Radar,25,58,21,0,104,0,0,0,0,0,25,58,21,0,104,4,0,4,108
01/01/2007,MSN,WI,AGL,CE,Combined TRACON& Tower with Radar,26,66,26,0,118,0,1,56,0,57,26,67,82,0,175,28,0,28,203
01/02/2007,MSN,WI,AGL,CE,Combined TRACON& Tower with Radar,31,76,73,0,180,0,1,63,0,64,31,77,136,0,244,82,0,82,326
01/03/2007,MSN,WI,AGL,CE,Combined TRACON& Tower with Radar,25,90,48,1,164,0,1,82,7,90,25,91,130,8,254,82,0,82,336
01/04/2007,MSN,WI,AGL,CE,Combined TRACON& Tower with Radar,29,87,59,21,196,0,0,41,9,50,29,87,100,30,246,136,52,188,434
01/05/2007,MSN,WI,AGL,CE,Combined TRACON& Tower with Radar,26,93,44,7,170,0,0,41,5,46,26,93,85,12,216,22,2,24,240
01/06/2007,MSN,WI,AGL,CE,Combined TRACON& Tower with Radar,29,69,49,9,156,0,0,37,6,43,29,69,86,15,199,114,0,114,313
01/07/2007,MSN,WI,AGL,CE,Combined TRACON& Tower with Radar,26,43,52,2,123,0,0,89,0,89,26,43,141,2,212,80,0,80,292
01/08/2007,MSN,WI,AGL,CE,Combined TRACON& Tower with Radar,25,90,75,15,205,0,0,70,0,70,25,90,145,15,275,76,2,78,353
01/09/2007,MSN,WI,AGL,CE,Combined TRACON& Tower with Radar,29,82,57,2,170,0,6,33,5,44,29,88,90,7,214,88,2,90,304
01/10/2007,MSN,WI,AGL,CE,Combined TRACON& Tower with Radar,25,95,71,5,196,0,0,89,2,91,25,95,160,7,287,108,0,108,395
01/11/2007,MSN,WI,AGL,CE,Combined TRACON& Tower with Radar,27,72,30,7,136,0,1,39,13,53,27,73,69,20,189,62,20,82,271
01/12/2007,MSN,WI,AGL,CE,Combined TRACON& Tower with Radar,30,83,40,3,156,0,0,0,0,0,30,83,40,3,156,0,0,0,156
01/13/2007,MSN,WI,AGL,CE,Combined TRACON& Tower with Radar,40,75,30,0,145,0,0,35,2,37,40,75,65,2,182,90,0,90,272
01/14/2007,MSN,WI,AGL,CE,Combined TRACON& Tower with Radar,19,64,21,2,106,0,0,18,0,18,19,64,39,2,124,80,0,80,204
01/15/2007,MSN,WI,AGL,CE,Combined TRACON& Tower with Radar,22,64,19,3,108,0,0,2,0,2,22,64,21,3,110,0,0,0,110
01/16/2007,MSN,WI,AGL,CE,Combined TRACON& Tower with Radar,27,87,50,1,165,0,0,74,4,78,27,87,124,5,243,106,0,106,349
01/17/2007,MSN,WI,AGL,CE,Combined TRACON& Tower with Radar,25,85,46,4,160,0,0,54,5,59,25,85,100,9,219,168,0,168,387
01/18/2007,MSN,WI,AGL,CE,Combined TRACON& Tower with Radar,34,91,47,0,172,0,0,4,0,4,34,91,51,0,176,0,0,0,176
01/19/2007,MSN,WI,AGL,CE,Combined TRACON& Tower with Radar,29,87,32,10,158,0,0,74,7,81,29,87,106,17,239,140,16,156,395
01/20/2007,MSN,WI,AGL,CE,Combined TRACON& Tower with Radar,31,65,97,5,198,0,1,145,2,148,31,66,242,7,346,138,48,186,532
01/21/2007,MSN,WI,AGL,CE,Combined TRACON& Tower with Radar,17,53,40,1,111,0,0,7,0,7,17,53,47,1,118,0,0,0,118
01/22/2007,MSN,WI,AGL,CE,Combined TRACON& Tower with Radar,24,80,54,8,166,0,0,12,2,14,24,80,66,10,180,24,10,34,214
01/23/2007,MSN,WI,AGL,CE,Combined TRACON& Tower with Radar,23,65,64,19,171,0,0,26,2,28,23,65,90,21,199,30,8,38,237
01/24/2007,MSN,WI,AGL,CE,Combined TRACON& Tower with Radar,24,96,43,17,180,0,1,41,2,44,24,97,84,19,224,4,8,12,236
01/25/2007,MSN,WI,AGL,CE,Combined TRACON& Tower with Radar,31,91,49,19,190,0,1,93,7,101,31,92,142,26,291,80,8,88,379
01/26/2007,MSN,WI,AGL,CE,Combined TRACON& Tower with Radar,28,96,47,2,173,0,0,30,2,32,28,96,77,4,205,40,0,40,245
01/27/2007,MSN,WI,AGL,CE,Combined TRACON& Tower with Radar,28,70,37,1,136,0,0,49,2,51,28,70,86,3,187,150,0,150,337
01/28/2007,MSN,WI,AGL,CE,Combined TRACON& Tower with Radar,18,55,18,2,93,0,0,34,0,34,18,55,52,2,127,164,0,164,291
01/29/2007,MSN,WI,AGL,CE,Combined TRACON& Tower with Radar,25,85,40,5,155,0,0,14,0,14,25,85,54,5,169,76,0,76,245
01/30/2007,MSN,WI,AGL,CE,Combined TRACON& Tower with Radar,26,103,49,11,189,0,0,44,4,48,26,103,93,15,237,132,10,142,379
01/31/2007,MSN,WI,AGL,CE,Combined TRACON& Tower with Radar,94,97,52,17,260,0,1,47,0,48,94,98,99,17,308,52,20,72,380
02/01/2007,MSN,WI,AGL,CE,Combined TRACON& Tower with Radar,30,105,58,11,204,0,1,60,6,67,30,106,118,17,271,74,26,100,371
02/02/2007,MSN,WI,AGL,CE,Combined TRACON& Tower with Radar,31,95,32,13,171,0,1,42,1,44,31,96,74,14,215,64,28,92,307
02/03/2007,MSN,WI,AGL,CE,Combined TRACON& Tower with Radar,30,62,44,3,139,0,1,14,0,15,30,63,58,3,154,26,0,26,180
02/04/2007,MSN,WI,AGL,CE,Combined TRACON& Tower with Radar,19,72,24,1,116,0,0,29,0,29,19,72,53,1,145,42,0,42,187
02/05/2007,MSN,WI,AGL,CE,Combined TRACON& Tower with Radar,25,75,30,1,131,225,0,12,0,237,250,75,42,1,368,10,0,10,378
02/06/2007,MSN,WI,AGL,CE,Combined TRACON& Tower with Radar,27,93,51,11,182,0,0,9,3,12,27,93,60,14,194,28,14,42,236
02/07/2007,MSN,WI,AGL,CE,Combined TRACON& Tower with Radar,24,82,46,30,182,0,0,27,6,33,24,82,73,36,215,58,22,80,295
02/08/2007,MSN,WI,AGL,CE,Combined TRACON& Tower with Radar,31,89,76,13,209,0,0,54,0,54,31,89,130,13,263,82,22,104,367
02/09/2007,MSN,WI,AGL,CE,Combined TRACON& Tower with Radar,27,86,57,10,180,0,0,61,0,61,27,86,118,10,241,96,0,96,337
02/10/2007,MSN,WI,AGL,CE,Combined TRACON& Tower with Radar,26,69,45,5,145,0,1,84,5,90,26,70,129,10,235,82,0,82,317
02/11/2007,MSN,WI,AGL,CE,Combined TRACON& Tower with Radar,10,73,27,2,112,0,0,12,0,12,10,73,39,2,124,84,0,84,208
02/12/2007,MSN,WI,AGL,CE,Combined TRACON& Tower with Radar,25,90,45,10,170,0,0,10,0,10,25,90,55,10,180,6,10,16,196
02/13/2007,MSN,WI,AGL,CE,Combined TRACON& Tower with Radar,29,78,33,8,148,0,2,0,1,3,29,80,33,9,151,0,0,0,151
02/14/2007,MSN,WI,AGL,CE,Combined TRACON& Tower with Radar,26,59,44,19,148,0,0,40,2,42,26,59,84,21,190,102,36,138,328
02/15/2007,MSN,WI,AGL,CE,Combined TRACON& Tower with Radar,27,77,81,21,206,0,3,52,6,61,27,80,133,27,267,112,18,130,397
02/16/2007,MSN,WI,AGL,CE,Combined TRACON& Tower with Radar,26,74,68,4,172,0,3,55,4,62,26,77,123,8,234,90,0,90,324
02/17/2007,MSN,WI,AGL,CE,Combined TRACON& Tower with Radar,28,73,46,1,148,0,0,50,1,51,28,73,96,2,199,88,0,88,287
02/18/2007,MSN,WI,AGL,CE,Combined TRACON& Tower with Radar,25,71,43,0,139,0,0,135,0,135,25,71,178,0,274,114,2,116,390
02/19/2007,MSN,WI,AGL,CE,Combined TRACON& Tower with Radar,30,80,60,1,171,0,0,70,0,70,30,80,130,1,241,98,0,98,339
02/20/2007,MSN,WI,AGL,CE,Combined TRACON& Tower with Radar,29,78,59,34,200,0,0,66,2,68,29,78,125,36,268,110,22,132,400
02/21/2007,MSN,WI,AGL,CE,Combined TRACON& Tower with Radar,34,87,44,26,191,0,1,67,8,76,34,88,111,34,267,116,24,140,407
02/22/2007,MSN,WI,AGL,CE,Combined TRACON& Tower with Radar,28,83,71,17,199,0,2,37,8,47,28,85,108,25,246,54,18,72,318
02/23/2007,MSN,WI,AGL,CE,Combined TRACON& Tower with Radar,36,69,41,7,153,0,1,55,0,56,36,70,96,7,209,78,0,78,287
02/24/2007,MSN,WI,AGL,CE,Combined TRACON& Tower with Radar,28,60,16,0,104,0,0,0,0,0,28,60,16,0,104,0,0,0,104
02/25/2007,MSN,WI,AGL,CE,Combined TRACON& Tower with Radar,19,54,31,0,104,0,0,0,0,0,19,54,31,0,104,0,0,0,104
02/26/2007,MSN,WI,AGL,CE,Combined TRACON& Tower with Radar,25,72,45,2,144,0,0,0,0,0,25,72,45,2,144,0,0,0,144
02/27/2007,MSN,WI,AGL,CE,Combined TRACON& Tower with Radar,31,77,63,15,186,0,0,13,1,14,31,77,76,16,200,76,20,96,296
02/28/2007,MSN,WI,AGL,CE,Combined TRACON& Tower with Radar,31,85,67,22,205,0,0,3,2,5,31,85,70,24,210,66,14,80,290
03/01/2007,MSN,WI,AGL,CE,Combined TRACON& Tower with Radar,30,66,19,1,116,0,0,2,0,2,30,66,21,1,118,0,0,0,118
03/02/2007,MSN,WI,AGL,CE,Combined TRACON& Tower with Radar,29,64,33,1,127,0,0,0,0,0,29,64,33,1,127,0,0,0,127
03/03/2007,MSN,WI,AGL,CE,Combined TRACON& Tower with Radar,29,68,28,12,137,0,0,15,7,22,29,68,43,19,159,42,22,64,223
03/04/2007,MSN,WI,AGL,CE,Combined TRACON& Tower with Radar,30,70,60,1,161,0,0,150,0,150,30,70,210,1,311,128,0,128,439
03/05/2007,MSN,WI,AGL,CE,Combined TRACON& Tower with Radar,34,74,64,17,189,0,0,36,5,41,34,74,100,22,230,38,24,62,292
03/06/2007,MSN,WI,AGL,CE,Combined TRACON& Tower with Radar,31,78,63,11,183,0,0,24,4,28,31,78,87,15,211,44,18,62,273
03/07/2007,MSN,WI,AGL,CE,Combined TRACON& Tower with Radar,26,79,82,26,213,0,0,0,0,0,26,79,82,26,213,88,50,138,351
03/08/2007,MSN,WI,AGL,CE,Combined TRACON& Tower with Radar,28,78,94,20,220,0,1,51,8,60,28,79,145,28,280,134,20,154,434
03/09/2007,MSN,WI,AGL,CE,Combined TRACON& Tower with Radar,29,77,52,4,162,0,0,26,4,30,29,77,78,8,192,58,0,58,250
03/10/2007,MSN,WI,AGL,CE,Combined TRACON& Tower with Radar,31,69,76,0,176,0,0,164,1,165,31,69,240,1,341,124,2,126,467
03/11/2007,MSN,WI,AGL,CE,Combined TRACON& Tower with Radar,30,76,69,0,175,0,1,174,0,175,30,77,243,0,350,162,0,162,512
03/12/2007,MSN,WI,AGL,CE,Combined TRACON& Tower with Radar,24,75,52,19,170,2,13,68,5,88,26,88,120,24,258,116,28,144,402
03/13/2007,MSN,WI,AGL,CE,Combined TRACON& Tower with Radar,30,92,80,20,222,0,5,72,5,82,30,97,152,25,304,152,58,210,514
03/14/2007,MSN,WI,AGL,CE,Combined TRACON& Tower with Radar,30,95,85,23,233,0,0,42,2,44,30,95,127,25,277,74,68,142,419
03/15/2007,MSN,WI,AGL,CE,Combined TRACON& Tower with Radar,30,90,68,21,209,0,1,23,0,24,30,91,91,21,233,42,0,42,275
03/16/2007,MSN,WI,AGL,CE,Combined TRACON& Tower with Radar,31,91,62,1,185,0,0,29,3,32,31,91,91,4,217,126,0,126,343
03/17/2007,MSN,WI,AGL,CE,Combined TRACON& Tower with Radar,31,64,66,2,163,0,0,139,0,139,31,64,205,2,302,192,0,192,494
03/18/2007,MSN,WI,AGL,CE,Combined TRACON& Tower with Radar,27,70,66,3,166,0,0,145,2,147,27,70,211,5,313,100,0,100,413
03/19/2007,MSN,WI,AGL,CE,Combined TRACON& Tower with Radar,30,78,59,21,188,0,0,49,0,49,30,78,108,21,237,187,44,231,468
03/20/2007,MSN,WI,AGL,CE,Combined TRACON& Tower with Radar,31,95,74,16,216,0,0,75,3,78,31,95,149,19,294,90,22,112,406
03/21/2007,MSN,WI,AGL,CE,Combined TRACON& Tower with Radar,32,82,47,6,167,0,0,0,0,0,32,82,47,6,167,4,0,4,171
03/22/2007,MSN,WI,AGL,CE,Combined TRACON& Tower with Radar,27,81,56,19,183,0,0,71,11,82,27,81,127,30,265,112,20,132,397
03/23/2007,MSN,WI,AGL,CE,Combined TRACON& Tower with Radar,32,79,70,5,186,0,0,78,3,81,32,79,148,8,267,164,0,164,431
03/24/2007,MSN,WI,AGL,CE,Combined TRACON& Tower with Radar,28,59,43,0,130,0,0,21,0,21,28,59,64,0,151,82,0,82,233
03/25/2007,MSN,WI,AGL,CE,Combined TRACON& Tower with Radar,27,70,30,1,128,0,0,42,0,42,27,70,72,1,170,34,0,34,204
03/26/2007,MSN,WI,AGL,CE,Combined TRACON& Tower with Radar,23,81,67,16,187,0,0,79,2,81,23,81,146,18,268,156,22,178,446
03/27/2007,MSN,WI,AGL,CE,Combined TRACON& Tower with Radar,34,88,89,18,229,0,1,9,4,14,34,89,98,22,243,98,6,104,347
03/28/2007,MSN,WI,AGL,CE,Combined TRACON& Tower with Radar,29,83,64,8,184,0,0,7,4,11,29,83,71,12,195,24,0,24,219
03/29/2007,MSN,WI,AGL,CE,Combined TRACON& Tower with Radar,33,83,102,14,232,0,0,72,1,73,33,83,174,15,305,106,0,106,411
03/30/2007,MSN,WI,AGL,CE,Combined TRACON& Tower with Radar,31,83,43,0,157,0,0,27,2,29,31,83,70,2,186,92,0,92,278
03/31/2007,MSN,WI,AGL,CE,Combined TRACON& Tower with Radar,26,54,38,0,118,0,0,13,0,13,26,54,51,0,131,56,0,56,187
04/01/2007,MSN,WI,AGL,CE,Combined TRACON& Tower with Radar,27,48,28,0,103,0,0,11,0,11,27,48,39,0,114,0,0,0,114
04/02/2007,MSN,WI,AGL,CE,Combined TRACON& Tower with Radar,24,89,14,14,141,0,0,109,10,119,24,89,123,24,260,126,28,154,414
04/03/2007,MSN,WI,AGL,CE,Combined TRACON& Tower with Radar,24,75,69,6,174,0,0,2,2,4,24,75,71,8,178,2,0,2,180
04/04/2007,MSN,WI,AGL,CE,Combined TRACON& Tower with Radar,31,87,58,16,192,0,4,22,5,31,31,91,80,21,223,38,4,42,265
04/05/2007,MSN,WI,AGL,CE,Combined TRACON& Tower with Radar,22,81,62,16,181,0,3,46,1,50,22,84,108,17,231,176,0,176,407
04/06/2007,MSN,WI,AGL,CE,Combined TRACON& Tower with Radar,27,77,39,0,143,0,0,77,1,78,27,77,116,1,221,82,2,84,305
04/07/2007,MSN,WI,AGL,CE,Combined TRACON& Tower with Radar,27,63,38,2,130,0,1,29,1,31,27,64,67,3,161,72,0,72,233
04/08/2007,MSN,WI,AGL,CE,Combined TRACON& Tower with Radar,30,70,40,0,140,0,0,60,0,60,30,70,100,0,200,96,0,96,296
04/09/2007,MSN,WI,AGL,CE,Combined TRACON& Tower with Radar,31,90,65,7,193,0,1,86,5,92,31,91,151,12,285,96,12,108,393
04/10/2007,MSN,WI,AGL,CE,Combined TRACON& Tower with Radar,32,86,74,21,213,0,0,69,8,77,32,86,143,29,290,112,42,154,444
04/11/2007,MSN,WI,AGL,CE,Combined TRACON& Tower with Radar,29,47,23,0,99,0,0,0,0,0,29,47,23,0,99,2,0,2,101
04/12/2007,MSN,WI,AGL,CE,Combined TRACON& Tower with Radar,31,79,52,12,174,0,0,20,11,31,31,79,72,23,205,52,2,54,259
04/13/2007,MSN,WI,AGL,CE,Combined TRACON& Tower with Radar,29,83,46,15,173,0,0,104,0,104,29,83,150,15,277,170,12,182,459
04/14/2007,MSN,WI,AGL,CE,Combined TRACON& Tower with Radar,31,61,35,16,143,0,0,90,10,100,31,61,125,26,243,186,8,194,437
04/15/2007,MSN,WI,AGL,CE,Combined TRACON& Tower with Radar,25,69,32,1,127,0,0,0,0,0,25,69,32,1,127,144,0,144,271
04/16/2007,MSN,WI,AGL,CE,Combined TRACON& Tower with Radar,26,83,52,13,174,0,0,90,1,91,26,83,142,14,265,162,22,184,449
04/17/2007,MSN,WI,AGL,CE,Combined TRACON& Tower with Radar,33,81,72,23,209,0,0,67,11,78,33,81,139,34,287,114,38,152,439
04/18/2007,MSN,WI,AGL,CE,Combined TRACON& Tower with Radar,30,57,78,27,192,0,0,33,6,39,30,57,111,33,231,84,2,86,317
04/19/2007,MSN,WI,AGL,CE,Combined TRACON& Tower with Radar,35,91,73,21,220,0,0,43,5,48,35,91,116,26,268,96,22,118,386
04/20/2007,MSN,WI,AGL,CE,Combined TRACON& Tower with Radar,32,83,66,7,188,0,1,120,4,125,32,84,186,11,313,134,2,136,449
04/21/2007,MSN,WI,AGL,CE,Combined TRACON& Tower with Radar,32,56,57,0,145,0,0,127,0,127,32,56,184,0,272,134,0,134,406
04/22/2007,MSN,WI,AGL,CE,Combined TRACON& Tower with Radar,28,69,69,2,168,0,0,106,0,106,28,69,175,2,274,78,0,78,352
04/23/2007,MSN,WI,AGL,CE,Combined TRACON& Tower with Radar,30,85,30,20,165,0,0,30,2,32,30,85,60,22,197,72,40,112,309
04/24/2007,MSN,WI,AGL,CE,Combined TRACON& Tower with Radar,30,80,59,12,181,0,0,25,8,33,30,80,84,20,214,40,0,40,254
04/25/2007,MSN,WI,AGL,CE,Combined TRACON& Tower with Radar,30,76,49,22,177,0,0,27,4,31,30,76,76,26,208,52,12,64,272
04/26/2007,MSN,WI,AGL,CE,Combined TRACON& Tower with Radar,35,82,67,10,194,0,0,1,0,1,35,82,68,10,195,2,0,2,197
04/27/2007,MSN,WI,AGL,CE,Combined TRACON& Tower with Radar,28,97,69,2,196,0,1,66,0,67,28,98,135,2,263,204,6,210,473
04/28/2007,MSN,WI,AGL,CE,Combined TRACON& Tower with Radar,30,63,56,0,149,0,2,120,0,122,30,65,176,0,271,86,0,86,357
04/29/2007,MSN,WI,AGL,CE,Combined TRACON& Tower with Radar,30,80,70,2,182,0,0,155,0,155,30,80,225,2,337,236,10,246,583
04/30/2007,MSN,WI,AGL,CE,Combined TRACON& Tower with Radar,28,84,70,0,182,0,0,63,0,63,28,84,133,0,245,26,0,26,271
05/01/2007,MSN,WI,AGL,CE,Combined TRACON& Tower with Radar,31,84,70,22,207,0,0,53,0,53,31,84,123,22,260,52,26,78,338
05/02/2007,MSN,WI,AGL,CE,Combined TRACON& Tower with Radar,29,99,81,26,235,0,0,99,9,108,29,99,180,35,343,126,46,172,515
05/03/2007,MSN,WI,AGL,CE,Combined TRACON& Tower with Radar,35,83,53,17,188,0,0,72,12,84,35,83,125,29,272,137,36,173,445
05/04/2007,MSN,WI,AGL,CE,Combined TRACON& Tower with Radar,35,77,62,23,197,0,0,83,3,86,35,77,145,26,283,136,42,178,461
05/05/2007,MSN,WI,AGL,CE,Combined TRACON& Tower with Radar,33,58,41,8,140,0,2,43,9,54,33,60,84,17,194,96,12,108,302
05/06/2007,MSN,WI,AGL,CE,Combined TRACON& Tower with Radar,32,70,36,1,139,0,0,55,0,55,32,70,91,1,194,64,0,64,258
05/07/2007,MSN,WI,AGL,CE,Combined TRACON& Tower with Radar,31,87,50,20,188,0,0,60,2,62,31,87,110,22,250,74,18,92,342
05/08/2007,MSN,WI,AGL,CE,Combined TRACON& Tower with Radar,35,80,93,23,231,0,16,54,55,125,35,96,147,78,356,126,26,152,508
05/09/2007,MSN,WI,AGL,CE,Combined TRACON& Tower with Radar,36,87,71,31,225,0,0,91,3,94,36,87,162,34,319,194,30,224,543
05/10/2007,MSN,WI,AGL,CE,Combined TRACON& Tower with Radar,35,91,86,21,233,0,0,129,3,132,35,91,215,24,365,154,26,180,545
05/11/2007,MSN,WI,AGL,CE,Combined TRACON& Tower with Radar,35,96,54,10,195,0,0,76,1,77,35,96,130,11,272,108,0,108,380
05/12/2007,MSN,WI,AGL,CE,Combined TRACON& Tower with Radar,30,70,43,6,149,0,0,136,3,139,30,70,179,9,288,128,4,132,420
05/13/2007,MSN,WI,AGL,CE,Combined TRACON& Tower with Radar,30,80,30,1,141,0,0,60,0,60,30,80,90,1,201,90,10,100,301
05/14/2007,MSN,WI,AGL,CE,Combined TRACON& Tower with Radar,32,92,39,23,186,0,0,52,2,54,32,92,91,25,240,26,28,54,294
05/15/2007,MSN,WI,AGL,CE,Combined TRACON& Tower with Radar,32,69,66,13,180,0,0,8,3,11,32,69,74,16,191,28,0,28,219
05/16/2007,MSN,WI,AGL,CE,Combined TRACON& Tower with Radar,38,91,82,23,234,0,11,34,13,58,38,102,116,36,292,106,20,126,418
05/17/2007,MSN,WI,AGL,CE,Combined TRACON& Tower with Radar,38,82,68,19,207,0,0,94,12,106,38,82,162,31,313,136,26,162,475
05/18/2007,MSN,WI,AGL,CE,Combined TRACON& Tower with Radar,35,82,79,2,198,0,0,109,4,113,35,82,188,6,311,102,0,102,413
05/19/2007,MSN,WI,AGL,CE,Combined TRACON& Tower with Radar,19,65,44,0,128,0,1,93,3,97,19,66,137,3,225,80,0,80,305
05/20/2007,MSN,WI,AGL,CE,Combined TRACON& Tower with Radar,29,73,61,2,165,0,0,23,0,23,29,73,84,2,188,80,0,80,268
05/21/2007,MSN,WI,AGL,CE,Combined TRACON& Tower with Radar,30,73,81,17,201,0,0,75,1,76,30,73,156,18,277,150,22,172,449
05/22/2007,MSN,WI,AGL,CE,Combined TRACON& Tower with Radar,32,78,67,30,207,0,4,18,6,28,32,82,85,36,235,158,42,200,435
05/23/2007,MSN,WI,AGL,CE,Combined TRACON& Tower with Radar,32,82,80,25,219,0,0,52,0,52,32,82,132,25,271,56,56,112,383
05/24/2007,MSN,WI,AGL,CE,Combined TRACON& Tower with Radar,31,77,53,4,165,0,0,26,2,28,31,77,79,6,193,48,4,52,245
05/25/2007,MSN,WI,AGL,CE,Combined TRACON& Tower with Radar,32,87,51,5,175,0,3,101,5,109,32,90,152,10,284,136,0,136,420
05/26/2007,MSN,WI,AGL,CE,Combined TRACON& Tower with Radar,27,43,59,3,132,0,0,21,0,21,27,43,80,3,153,58,0,58,211
05/27/2007,MSN,WI,AGL,CE,Combined TRACON& Tower with Radar,28,45,51,0,124,0,0,122,0,122,28,45,173,0,246,68,0,68,314
05/28/2007,MSN,WI,AGL,CE,Combined TRACON& Tower with Radar,33,71,64,0,168,0,1,99,0,100,33,72,163,0,268,150,0,150,418
05/29/2007,MSN,WI,AGL,CE,Combined TRACON& Tower with Radar,28,84,66,5,183,0,0,59,9,68,28,84,125,14,251,112,8,120,371
05/30/2007,MSN,WI,AGL,CE,Combined TRACON& Tower with Radar,36,80,66,25,207,0,2,44,4,50,36,82,110,29,257,160,42,202,459
05/31/2007,MSN,WI,AGL,CE,Combined TRACON& Tower with Radar,33,80,76,21,210,0,0,52,4,56,33,80,128,25,266,110,12,122,388
06/01/2007,MSN,WI,AGL,CE,Combined TRACON& Tower with Radar,35,75,46,22,178,0,29,5,0,34,35,104,51,22,212,48,16,64,276
06/02/2007,MSN,WI,AGL,CE,Combined TRACON& Tower with Radar,26,73,36,0,135,0,0,20,0,20,26,73,56,0,155,38,0,38,193
06/03/2007,MSN,WI,AGL,CE,Combined TRACON& Tower with Radar,30,60,38,1,129,0,0,18,0,18,30,60,56,1,147,36,2,38,185
06/04/2007,MSN,WI,AGL,CE,Combined TRACON& Tower with Radar,32,82,82,4,200,0,0,12,2,14,32,82,94,6,214,100,0,100,314
06/05/2007,MSN,WI,AGL,CE,Combined TRACON& Tower with Radar,38,69,90,2,199,0,1,66,4,71,38,70,156,6,270,20,4,24,294
06/06/2007,MSN,WI,AGL,CE,Combined TRACON& Tower with Radar,30,85,57,2,174,0,0,48,9,57,30,85,105,11,231,88,8,96,327
06/07/2007,MSN,WI,AGL,CE,Combined TRACON& Tower with Radar,23,79,37,5,144,0,0,8,2,10,23,79,45,7,154,18,0,18,172
06/08/2007,MSN,WI,AGL,CE,Combined TRACON& Tower with Radar,24,89,48,13,174,0,0,64,7,71,24,89,112,20,245,128,8,136,381
06/09/2007,MSN,WI,AGL,CE,Combined TRACON& Tower with Radar,25,71,62,3,161,0,0,181,0,181,25,71,243,3,342,190,0,190,532
06/10/2007,MSN,WI,AGL,CE,Combined TRACON& Tower with Radar,23,66,34,4,127,0,0,120,2,122,23,66,154,6,249,106,0,106,355
06/11/2007,MSN,WI,AGL,CE,Combined TRACON& Tower with Radar,16,89,46,2,153,0,0,67,6,73,16,89,113,8,226,186,0,186,412
06/12/2007,MSN,WI,AGL,CE,Combined TRACON& Tower with Radar,22,91,62,24,199,0,0,87,4,91,22,91,149,28,290,120,32,152,442
06/13/2007,MSN,WI,AGL,CE,Combined TRACON& Tower with Radar,31,88,54,23,196,0,1,79,1,81,31,89,133,24,277,68,24,92,369
06/14/2007,MSN,WI,AGL,CE,Combined TRACON& Tower with Radar,29,96,53,21,199,0,0,97,8,105,29,96,150,29,304,124,24,148,452
06/15/2007,MSN,WI,AGL,CE,Combined TRACON& Tower with Radar,22,94,55,2,173,0,0,166,2,168,22,94,221,4,341,140,0,140,481
06/16/2007,MSN,WI,AGL,CE,Combined TRACON& Tower with Radar,14,60,46,17,137,0,1,63,6,70,14,61,109,23,207,118,18,136,343
06/17/2007,MSN,WI,AGL,CE,Combined TRACON& Tower with Radar,20,85,54,0,159,0,0,55,0,55,20,85,109,0,214,58,0,58,272
06/18/2007,MSN,WI,AGL,CE,Combined TRACON& Tower with Radar,22,79,36,26,163,0,0,21,0,21,22,79,57,26,184,38,56,94,278
06/19/2007,MSN,WI,AGL,CE,Combined TRACON& Tower with Radar,23,99,47,12,181,0,0,40,6,46,23,99,87,18,227,52,42,94,321
06/20/2007,MSN,WI,AGL,CE,Combined TRACON& Tower with Radar,22,94,64,15,195,0,1,81,6,88,22,95,145,21,283,116,40,156,439
06/21/2007,MSN,WI,AGL,CE,Combined TRACON& Tower with Radar,23,95,65,13,196,0,6,31,5,42,23,101,96,18,238,98,28,126,364
06/22/2007,MSN,WI,AGL,CE,Combined TRACON& Tower with Radar,21,88,66,5,180,0,0,43,8,51,21,88,109,13,231,194,4,198,429
06/23/2007,MSN,WI,AGL,CE,Combined TRACON& Tower with Radar,24,67,41,3,135,0,0,83,0,83,24,67,124,3,218,96,0,96,314
06/24/2007,MSN,WI,AGL,CE,Combined TRACON& Tower with Radar,13,87,52,3,155,0,0,87,2,89,13,87,139,5,244,108,0,108,352
06/25/2007,MSN,WI,AGL,CE,Combined TRACON& Tower with Radar,17,84,92,14,207,0,0,79,2,81,17,84,171,16,288,134,32,166,454
06/26/2007,MSN,WI,AGL,CE,Combined TRACON& Tower with Radar,30,91,63,12,196,0,0,47,5,52,30,91,110,17,248,114,30,144,392
06/27/2007,MSN,WI,AGL,CE,Combined TRACON& Tower with Radar,19,89,70,16,194,0,2,0,0,2,19,91,70,16,196,108,38,146,342
06/28/2007,MSN,WI,AGL,CE,Combined TRACON& Tower with Radar,24,90,85,16,215,0,2,101,9,112,24,92,186,25,327,82,16,98,425
06/29/2007,MSN,WI,AGL,CE,Combined TRACON& Tower with Radar,23,103,68,3,197,0,1,41,4,46,23,104,109,7,243,168,6,174,417
06/30/2007,MSN,WI,AGL,CE,Combined TRACON& Tower with Radar,23,60,39,16,138,0,1,123,11,135,23,61,162,27,273,60,50,110,383
07/01/2007,MSN,WI,AGL,CE,Combined TRACON& Tower with Radar,15,85,35,7,142,0,0,94,3,97,15,85,129,10,239,94,8,102,341
07/02/2007,MSN,WI,AGL,CE,Combined TRACON& Tower with Radar,16,93,34,3,146,0,0,63,5,68,16,93,97,8,214,60,8,68,282
07/03/2007,MSN,WI,AGL,CE,Combined TRACON& Tower with Radar,19,87,34,14,154,0,0,40,1,41,19,87,74,15,195,86,16,102,297
07/04/2007,MSN,WI,AGL,CE,Combined TRACON& Tower with Radar,21,73,11,0,105,0,0,19,0,19,21,73,30,0,124,34,0,34,158
07/05/2007,MSN,WI,AGL,CE,Combined TRACON& Tower with Radar,22,100,28,21,171,0,1,1068,8,1077,22,101,1096,29,1248,86,16,102,1350
07/06/2007,MSN,WI,AGL,CE,Combined TRACON& Tower with Radar,17,93,30,0,140,0,0,101,6,107,17,93,131,6,247,76,2,78,325
07/07/2007,MSN,WI,AGL,CE,Combined TRACON& Tower with Radar,24,68,36,3,131,0,1,104,6,111,24,69,140,9,242,74,0,74,316
07/08/2007,MSN,WI,AGL,CE,Combined TRACON& Tower with Radar,23,87,41,0,151,0,0,93,2,95,23,87,134,2,246,86,0,86,332
07/09/2007,MSN,WI,AGL,CE,Combined TRACON& Tower with Radar,33,99,45,18,195,0,1,60,5,66,33,100,105,23,261,102,20,122,383
07/10/2007,MSN,WI,AGL,CE,Combined TRACON& Tower with Radar,24,89,63,20,196,0,0,39,9,48,24,89,102,29,244,92,44,136,380
07/11/2007,MSN,WI,AGL,CE,Combined TRACON& Tower with Radar,22,90,71,21,204,0,0,93,4,97,22,90,164,25,301,84,20,104,405
07/12/2007,MSN,WI,AGL,CE,Combined TRACON& Tower with Radar,23,98,76,23,220,0,0,78,9,87,23,98,154,32,307,266,52,318,625
07/13/2007,MSN,WI,AGL,CE,Combined TRACON& Tower with Radar,24,89,68,7,188,0,0,108,4,112,24,89,176,11,300,212,0,212,512
07/14/2007,MSN,WI,AGL,CE,Combined TRACON& Tower with Radar,24,69,38,10,141,0,0,54,1,55,24,69,92,11,196,1165,4,1169,1365
07/15/2007,MSN,WI,AGL,CE,Combined TRACON& Tower with Radar,20,75,55,0,150,0,100,105,0,205,20,175,160,0,355,96,0,96,451
07/16/2007,MSN,WI,AGL,CE,Combined TRACON& Tower with Radar,21,88,52,13,174,0,0,62,0,62,21,88,114,13,236,102,28,130,366
07/17/2007,MSN,WI,AGL,CE,Combined TRACON& Tower with Radar,22,96,36,16,170,0,0,32,2,34,22,96,68,18,204,90,30,120,324
07/18/2007,MSN,WI,AGL,CE,Combined TRACON& Tower with Radar,28,91,65,19,203,0,2,35,3,40,28,93,100,22,243,64,24,88,331
07/19/2007,MSN,WI,AGL,CE,Combined TRACON& Tower with Radar,24,88,70,19,201,0,0,61,9,70,24,88,131,28,271,86,26,112,383
07/20/2007,MSN,WI,AGL,CE,Combined TRACON& Tower with Radar,24,97,89,1,211,0,1,127,7,135,24,98,216,8,346,160,4,164,510
07/21/2007,MSN,WI,AGL,CE,Combined TRACON& Tower with Radar,26,74,36,1,137,0,2,165,1,168,26,76,201,2,305,150,0,150,455
07/22/2007,MSN,WI,AGL,CE,Combined TRACON& Tower with Radar,27,89,71,6,193,0,0,152,1,153,27,89,223,7,346,106,0,106,452
07/23/2007,MSN,WI,AGL,CE,Combined TRACON& Tower with Radar,20,95,60,17,192,0,0,80,10,90,20,95,140,27,282,132,30,162,444
07/24/2007,MSN,WI,AGL,CE,Combined TRACON& Tower with Radar,23,97,79,13,212,0,1,95,12,108,23,98,174,25,320,150,42,192,512
07/25/2007,MSN,WI,AGL,CE,Combined TRACON& Tower with Radar,24,96,92,17,229,0,0,93,4,97,24,96,185,21,326,108,26,134,460
07/26/2007,MSN,WI,AGL,CE,Combined TRACON& Tower with Radar,27,84,99,9,219,0,0,58,2,60,27,84,157,11,279,74,16,90,369
07/27/2007,MSN,WI,AGL,CE,Combined TRACON& Tower with Radar,2,104,99,4,209,22,0,73,2,97,24,104,172,6,306,30,10,40,346
07/28/2007,MSN,WI,AGL,CE,Combined TRACON& Tower with Radar,24,68,58,1,151,0,0,85,1,86,24,68,143,2,237,58,0,58,295
07/29/2007,MSN,WI,AGL,CE,Combined TRACON& Tower with Radar,25,77,68,4,174,0,1,123,0,124,25,78,191,4,298,50,4,54,352
07/30/2007,MSN,WI,AGL,CE,Combined TRACON& Tower with Radar,30,80,90,15,215,0,0,100,0,100,30,80,190,15,315,128,36,164,479
07/31/2007,MSN,WI,AGL,CE,Combined TRACON& Tower with Radar,25,97,73,23,218,0,3,110,9,122,25,100,183,32,340,96,50,146,486
08/01/2007,MSN,WI,AGL,CE,Combined TRACON& Tower with Radar,23,104,57,28,212,0,6,61,0,67,23,110,118,28,279,112,42,154,433
08/02/2007,MSN,WI,AGL,CE,Combined TRACON& Tower with Radar,23,92,53,14,182,0,0,62,12,74,23,92,115,26,256,110,34,144,400
08/03/2007,MSN,WI,AGL,CE,Combined TRACON& Tower with Radar,26,98,47,11,182,0,0,81,4,85,26,98,128,15,267,82,0,82,349
08/04/2007,MSN,WI,AGL,CE,Combined TRACON& Tower with Radar,22,60,25,1,108,0,0,62,5,67,22,60,87,6,175,72,0,72,247
08/05/2007,MSN,WI,AGL,CE,Combined TRACON& Tower with Radar,20,80,60,0,160,0,0,15,0,15,20,80,75,0,175,24,0,24,199
08/06/2007,MSN,WI,AGL,CE,Combined TRACON& Tower with Radar,18,85,60,16,179,0,0,17,2,19,18,85,77,18,198,38,0,38,236
08/07/2007,MSN,WI,AGL,CE,Combined TRACON& Tower with Radar,24,83,79,19,205,0,3,22,7,32,24,86,101,26,237,100,16,116,353
08/08/2007,MSN,WI,AGL,CE,Combined TRACON& Tower with Radar,30,102,79,19,230,0,3,39,9,51,30,105,118,28,281,140,30,170,451
08/09/2007,MSN,WI,AGL,CE,Combined TRACON& Tower with Radar,27,55,61,11,154,0,0,23,5,28,27,55,84,16,182,56,4,60,242
08/10/2007,MSN,WI,AGL,CE,Combined TRACON& Tower with Radar,26,102,53,11,192,0,0,82,6,88,26,102,135,17,280,208,8,216,496
08/11/2007,MSN,WI,AGL,CE,Combined TRACON& Tower with Radar,27,64,44,2,137,0,1,41,2,44,27,65,85,4,181,162,0,162,343
08/12/2007,MSN,WI,AGL,CE,Combined TRACON& Tower with Radar,17,81,50,2,150,0,0,57,0,57,17,81,107,2,207,126,0,126,333
08/13/2007,MSN,WI,AGL,CE,Combined TRACON& Tower with Radar,20,89,59,4,172,0,0,84,2,86,20,89,143,6,258,138,0,138,396
08/14/2007,MSN,WI,AGL,CE,Combined TRACON& Tower with Radar,23,92,65,16,196,0,2,64,6,72,23,94,129,22,268,150,22,172,440
08/15/2007,MSN,WI,AGL,CE,Combined TRACON& Tower with Radar,21,95,69,13,198,0,0,18,0,18,21,95,87,13,216,42,16,58,274
08/16/2007,MSN,WI,AGL,CE,Combined TRACON& Tower with Radar,27,94,81,20,222,0,5,80,11,96,27,99,161,31,318,140,14,154,472
08/17/2007,MSN,WI,AGL,CE,Combined TRACON& Tower with Radar,24,102,62,16,204,0,0,110,8,118,24,102,172,24,322,124,32,156,478
08/18/2007,MSN,WI,AGL,CE,Combined TRACON& Tower with Radar,26,70,30,23,149,0,0,16,3,19,26,70,46,26,168,24,20,44,212
08/19/2007,MSN,WI,AGL,CE,Combined TRACON& Tower with Radar,12,69,23,5,109,0,0,3,0,3,12,69,26,5,112,0,4,4,116
08/20/2007,MSN,WI,AGL,CE,Combined TRACON& Tower with Radar,50,100,80,10,240,0,0,3,0,3,50,100,83,10,243,12,0,12,255
08/21/2007,MSN,WI,AGL,CE,Combined TRACON& Tower with Radar,26,102,63,5,196,0,0,19,3,22,26,102,82,8,218,60,16,76,294
08/22/2007,MSN,WI,AGL,CE,Combined TRACON& Tower with Radar,24,80,44,24,172,0,0,39,7,46,24,80,83,31,218,74,40,114,332
08/23/2007,MSN,WI,AGL,CE,Combined TRACON& Tower with Radar,28,80,88,11,207,0,0,8,7,15,28,80,96,18,222,46,2,48,270
08/24/2007,MSN,WI,AGL,CE,Combined TRACON& Tower with Radar,25,145,91,11,272,0,0,5,5,10,25,145,96,16,282,43,0,43,325
08/25/2007,MSN,WI,AGL,CE,Combined TRACON& Tower with Radar,26,65,60,1,152,0,0,81,2,83,26,65,141,3,235,84,0,84,319
08/26/2007,MSN,WI,AGL,CE,Combined TRACON& Tower with Radar,24,83,28,2,137,0,3,110,0,113,24,86,138,2,250,108,0,108,358
08/27/2007,MSN,WI,AGL,CE,Combined TRACON& Tower with Radar,25,100,70,4,199,0,0,25,2,27,25,100,95,6,226,64,6,70,296
08/28/2007,MSN,WI,AGL,CE,Combined TRACON& Tower with Radar,20,94,66,15,195,0,0,67,7,74,20,94,133,22,269,126,52,178,447
08/29/2007,MSN,WI,AGL,CE,Combined TRACON& Tower with Radar,23,92,65,18,198,0,0,24,7,31,23,92,89,25,229,76,8,84,313
08/30/2007,MSN,WI,AGL,CE,Combined TRACON& Tower with Radar,30,104,63,20,217,0,0,179,0,179,30,104,242,20,396,156,56,212,608
08/31/2007,MSN,WI,AGL,CE,Combined TRACON& Tower with Radar,24,107,71,4,206,0,1,126,1,128,24,108,197,5,334,160,0,160,494
09/01/2007,MSN,WI,AGL,CE,Combined TRACON& Tower with Radar,24,61,33,0,118,2,0,109,2,113,26,61,142,2,231,202,0,202,433
09/02/2007,MSN,WI,AGL,CE,Combined TRACON& Tower with Radar,13,75,61,1,150,0,0,45,0,45,13,75,106,1,195,28,0,28,223
09/03/2007,MSN,WI,AGL,CE,Combined TRACON& Tower with Radar,20,87,46,0,153,0,0,89,0,89,20,87,135,0,242,72,0,72,314
09/04/2007,MSN,WI,AGL,CE,Combined TRACON& Tower with Radar,21,86,55,11,173,0,0,78,2,80,21,86,133,13,253,92,40,132,385
09/05/2007,MSN,WI,AGL,CE,Combined TRACON& Tower with Radar,27,86,78,17,208,0,3,54,18,75,27,89,132,35,283,96,26,122,405
09/06/2007,MSN,WI,AGL,CE,Combined TRACON& Tower with Radar,39,92,66,13,210,0,0,18,3,21,39,92,84,16,231,158,6,164,395
09/07/2007,MSN,WI,AGL,CE,Combined TRACON& Tower with Radar,37,87,59,13,196,0,0,38,5,43,37,87,97,18,239,70,10,80,319
09/08/2007,MSN,WI,AGL,CE,Combined TRACON& Tower with Radar,22,56,49,16,143,0,1,116,3,120,22,57,165,19,263,74,38,112,375
09/09/2007,MSN,WI,AGL,CE,Combined TRACON& Tower with Radar,32,68,60,4,164,0,0,86,4,90,32,68,146,8,254,106,4,110,364
09/10/2007,MSN,WI,AGL,CE,Combined TRACON& Tower with Radar,29,87,69,4,189,0,0,4,0,4,29,87,73,4,193,44,0,44,237
09/11/2007,MSN,WI,AGL,CE,Combined TRACON& Tower with Radar,30,81,66,18,195,0,1,20,7,28,30,82,86,25,223,122,36,158,381
09/12/2007,MSN,WI,AGL,CE,Combined TRACON& Tower with Radar,28,91,47,16,182,0,1,85,8,94,28,92,132,24,276,130,24,154,430
09/13/2007,MSN,WI,AGL,CE,Combined TRACON& Tower with Radar,29,102,50,10,191,0,0,74,8,82,29,102,124,18,273,152,16,168,441
09/14/2007,MSN,WI,AGL,CE,Combined TRACON& Tower with Radar,30,87,62,2,181,0,0,63,6,69,30,87,125,8,250,42,2,44,294
09/15/2007,MSN,WI,AGL,CE,Combined TRACON& Tower with Radar,29,63,42,0,134,0,1,117,1,119,29,64,159,1,253,94,0,94,347
09/16/2007,MSN,WI,AGL,CE,Combined TRACON& Tower with Radar,23,73,62,0,158,0,0,67,0,67,23,73,129,0,225,64,0,64,289
09/17/2007,MSN,WI,AGL,CE,Combined TRACON& Tower with Radar,34,87,59,10,190,0,0,44,7,51,34,87,103,17,241,70,6,76,317
09/18/2007,MSN,WI,AGL,CE,Combined TRACON& Tower with Radar,32,84,63,15,194,0,1,53,14,68,32,85,116,29,262,114,8,122,384
09/19/2007,MSN,WI,AGL,CE,Combined TRACON& Tower with Radar,29,88,75,17,209,0,0,32,16,48,29,88,107,33,257,68,6,74,331
09/20/2007,MSN,WI,AGL,CE,Combined TRACON& Tower with Radar,31,92,92,26,241,0,0,82,10,92,31,92,174,36,333,182,42,224,557
09/21/2007,MSN,WI,AGL,CE,Combined TRACON& Tower with Radar,29,101,61,20,211,0,2,51,4,57,29,103,112,24,268,88,22,110,378
09/22/2007,MSN,WI,AGL,CE,Combined TRACON& Tower with Radar,26,59,53,3,141,0,1,108,2,111,26,60,161,5,252,198,1,199,451
09/23/2007,MSN,WI,AGL,CE,Combined TRACON& Tower with Radar,24,73,54,1,152,0,0,134,0,134,24,73,188,1,286,190,0,190,476
09/24/2007,MSN,WI,AGL,CE,Combined TRACON& Tower with Radar,32,89,44,10,175,0,1,71,3,75,32,90,115,13,250,136,28,164,414
09/25/2007,MSN,WI,AGL,CE,Combined TRACON& Tower with Radar,29,79,67,16,191,0,0,9,6,15,29,79,76,22,206,36,0,36,242
09/26/2007,MSN,WI,AGL,CE,Combined TRACON& Tower with Radar,28,90,96,19,233,0,0,58,8,66,28,90,154,27,299,96,0,96,395
09/27/2007,MSN,WI,AGL,CE,Combined TRACON& Tower with Radar,36,88,70,15,209,0,1,77,4,82,36,89,147,19,291,90,18,108,399
09/28/2007,MSN,WI,AGL,CE,Combined TRACON& Tower with Radar,33,93,76,6,208,0,1,91,5,97,33,94,167,11,305,100,10,110,415
09/29/2007,MSN,WI,AGL,CE,Combined TRACON& Tower with Radar,23,51,56,1,131,0,1,101,0,102,23,52,157,1,233,186,0,186,419
09/30/2007,MSN,WI,AGL,CE,Combined TRACON& Tower with Radar,26,81,41,1,149,0,0,58,0,58,26,81,99,1,207,32,0,32,239
10/01/2007,MSN,WI,AGL,CE,Combined TRACON& Tower with Radar,23,101,60,10,194,0,0,15,0,15,23,101,75,10,209,30,10,40,249
10/02/2007,MSN,WI,AGL,CE,Combined TRACON& Tower with Radar,31,109,63,4,207,0,0,30,1,31,31,109,93,5,238,94,6,100,338
10/03/2007,MSN,WI,AGL,CE,Combined TRACON& Tower with Radar,33,87,58,9,187,0,0,76,4,80,33,87,134,13,267,78,0,78,345
10/04/2007,MSN,WI,AGL,CE,Combined TRACON& Tower with Radar,29,93,71,14,207,0,0,95,2,97,29,93,166,16,304,128,28,156,460
10/05/2007,MSN,WI,AGL,CE,Combined TRACON& Tower with Radar,40,79,44,3,166,0,0,47,4,51,40,79,91,7,217,97,6,103,320
10/06/2007,MSN,WI,AGL,CE,Combined TRACON& Tower with Radar,40,60,50,0,150,0,0,100,0,100,40,60,150,0,250,114,0,114,364
10/07/2007,MSN,WI,AGL,CE,Combined TRACON& Tower with Radar,28,68,46,10,152,0,0,72,0,72,28,68,118,10,224,156,4,160,384
10/08/2007,MSN,WI,AGL,CE,Combined TRACON& Tower with Radar,23,84,56,3,166,0,0,32,0,32,23,84,88,3,198,68,0,68,266
10/09/2007,MSN,WI,AGL,CE,Combined TRACON& Tower with Radar,28,85,65,10,188,0,0,44,2,46,28,85,109,12,234,64,10,74,308
10/10/2007,MSN,WI,AGL,CE,Combined TRACON& Tower with Radar,31,78,56,16,181,0,0,25,7,32,31,78,81,23,213,50,14,64,277
10/11/2007,MSN,WI,AGL,CE,Combined TRACON& Tower with Radar,37,95,79,14,225,0,0,26,8,34,37,95,105,22,259,86,0,86,345
10/12/2007,MSN,WI,AGL,CE,Combined TRACON& Tower with Radar,32,87,72,17,208,0,0,89,5,94,32,87,161,22,302,94,24,118,420
10/13/2007,MSN,WI,AGL,CE,Combined TRACON& Tower with Radar,27,65,55,10,157,0,0,104,9,113,27,65,159,19,270,90,4,94,364
10/14/2007,MSN,WI,AGL,CE,Combined TRACON& Tower with Radar,31,73,90,2,196,0,0,0,0,0,31,73,90,2,196,8,0,8,204
10/15/2007,MSN,WI,AGL,CE,Combined TRACON& Tower with Radar,25,90,73,16,204,0,0,12,0,12,25,90,85,16,216,88,12,100,316
10/16/2007,MSN,WI,AGL,CE,Combined TRACON& Tower with Radar,33,94,68,6,201,0,0,12,5,17,33,94,80,11,218,60,4,64,282
10/17/2007,MSN,WI,AGL,CE,Combined TRACON& Tower with Radar,37,92,66,13,208,0,1,51,11,63,37,93,117,24,271,114,40,154,425
10/18/2007,MSN,WI,AGL,CE,Combined TRACON& Tower with Radar,33,83,56,7,179,0,0,3,5,8,33,83,59,12,187,36,12,48,235
10/19/2007,MSN,WI,AGL,CE,Combined TRACON& Tower with Radar,31,92,51,5,179,0,0,15,0,15,31,92,66,5,194,20,6,26,220
10/20/2007,MSN,WI,AGL,CE,Combined TRACON& Tower with Radar,25,60,42,6,133,0,2,106,0,108,25,62,148,6,241,254,4,258,499
10/21/2007,MSN,WI,AGL,CE,Combined TRACON& Tower with Radar,22,68,39,4,133,0,0,75,5,80,22,68,114,9,213,76,0,76,289
10/22/2007,MSN,WI,AGL,CE,Combined TRACON& Tower with Radar,29,99,40,12,180,0,0,23,2,25,29,99,63,14,205,54,10,64,269
10/23/2007,MSN,WI,AGL,CE,Combined TRACON& Tower with Radar,43,82,80,3,208,0,8,97,12,117,43,90,177,15,325,104,20,124,449
10/24/2007,MSN,WI,AGL,CE,Combined TRACON& Tower with Radar,31,92,59,11,193,0,0,86,7,93,31,92,145,18,286,108,10,118,404
10/25/2007,MSN,WI,AGL,CE,Combined TRACON& Tower with Radar,32,107,77,11,227,0,0,86,4,90,32,107,163,15,317,176,22,198,515
10/26/2007,MSN,WI,AGL,CE,Combined TRACON& Tower with Radar,30,98,95,12,235,0,0,8,0,8,30,98,103,12,243,14,2,16,259
10/27/2007,MSN,WI,AGL,CE,Combined TRACON& Tower with Radar,31,65,21,3,120,0,0,57,6,63,31,65,78,9,183,154,0,154,337
10/28/2007,MSN,WI,AGL,CE,Combined TRACON& Tower with Radar,25,77,42,1,145,0,0,135,2,137,25,77,177,3,282,200,2,202,484
10/29/2007,MSN,WI,AGL,CE,Combined TRACON& Tower with Radar,31,91,24,10,156,0,22,17,0,39,31,113,41,10,195,128,12,140,335
10/30/2007,MSN,WI,AGL,CE,Combined TRACON& Tower with Radar,34,77,67,12,190,0,0,60,13,73,34,77,127,25,263,131,25,156,419
10/31/2007,MSN,WI,AGL,CE,Combined TRACON& Tower with Radar,32,86,42,1,161,0,0,33,6,39,32,86,75,7,200,36,0,36,236
11/01/2007,MSN,WI,AGL,CE,Combined TRACON& Tower with Radar,36,88,56,5,185,0,2,89,4,95,36,90,145,9,280,62,6,68,348
11/02/2007,MSN,WI,AGL,CE,Combined TRACON& Tower with Radar,40,80,39,4,163,0,0,78,0,78,40,80,117,4,241,46,0,46,287
11/03/2007,MSN,WI,AGL,CE,Combined TRACON& Tower with Radar,32,58,32,7,129,0,2,105,3,110,32,60,137,10,239,94,0,94,333
11/04/2007,MSN,WI,AGL,CE,Combined TRACON& Tower with Radar,30,70,45,6,151,0,0,98,0,98,30,70,143,6,249,116,0,116,365
11/05/2007,MSN,WI,AGL,CE,Combined TRACON& Tower with Radar,31,92,37,3,163,0,0,18,0,18,31,92,55,3,181,8,4,12,193
11/06/2007,MSN,WI,AGL,CE,Combined TRACON& Tower with Radar,37,80,40,2,159,0,0,29,4,33,37,80,69,6,192,86,0,86,278
11/07/2007,MSN,WI,AGL,CE,Combined TRACON& Tower with Radar,36,88,78,3,205,0,0,71,7,78,36,88,149,10,283,146,12,158,441
11/08/2007,MSN,WI,AGL,CE,Combined TRACON& Tower with Radar,37,94,61,4,196,0,0,85,4,89,37,94,146,8,285,102,4,106,391
11/09/2007,MSN,WI,AGL,CE,Combined TRACON& Tower with Radar,39,119,92,3,253,0,0,0,0,0,39,119,92,3,253,104,0,104,357
11/10/2007,MSN,WI,AGL,CE,Combined TRACON& Tower with Radar,3,89,80,3,175,0,0,0,0,0,3,89,80,3,175,74,2,76,251
11/11/2007,MSN,WI,AGL,CE,Combined TRACON& Tower with Radar,29,78,75,2,184,0,0,0,0,0,29,78,75,2,184,38,0,38,222
11/12/2007,MSN,WI,AGL,CE,Combined TRACON& Tower with Radar,29,99,71,0,199,0,21,72,0,93,29,120,143,0,292,88,0,88,380
11/13/2007,MSN,WI,AGL,CE,Combined TRACON& Tower with Radar,30,79,60,10,179,0,0,68,11,79,30,79,128,21,258,90,8,98,356
11/14/2007,MSN,WI,AGL,CE,Combined TRACON& Tower with Radar,35,84,67,7,193,0,3,32,9,44,35,87,99,16,237,76,2,78,315
11/15/2007,MSN,WI,AGL,CE,Combined TRACON& Tower with Radar,41,92,50,5,188,0,0,44,11,55,41,92,94,16,243,62,6,68,311
11/16/2007,MSN,WI,AGL,CE,Combined TRACON& Tower with Radar,44,88,77,4,213,0,0,71,0,71,44,88,148,4,284,96,4,100,384
11/17/2007,MSN,WI,AGL,CE,Combined TRACON& Tower with Radar,31,57,41,15,144,0,0,9,0,9,31,57,50,15,153,0,2,2,155
11/18/2007,MSN,WI,AGL,CE,Combined TRACON& Tower with Radar,32,62,33,5,132,0,0,0,0,0,32,62,33,5,132,124,0,124,256
11/19/2007,MSN,WI,AGL,CE,Combined TRACON& Tower with Radar,33,69,57,0,159,0,0,0,0,0,33,69,57,0,159,0,8,8,167
11/20/2007,MSN,WI,AGL,CE,Combined TRACON& Tower with Radar,36,80,93,17,226,0,0,4,0,4,36,80,97,17,230,30,2,32,262
11/21/2007,MSN,WI,AGL,CE,Combined TRACON& Tower with Radar,30,9,3,9,51,0,0,24,0,24,30,9,27,9,75,128,0,128,203
11/22/2007,MSN,WI,AGL,CE,Combined TRACON& Tower with Radar,39,57,16,0,112,0,0,8,0,8,39,57,24,0,120,0,0,0,120
11/23/2007,MSN,WI,AGL,CE,Combined TRACON& Tower with Radar,22,50,44,1,117,0,0,92,0,92,22,50,136,1,209,58,0,58,267
11/24/2007,MSN,WI,AGL,CE,Combined TRACON& Tower with Radar,31,67,23,0,121,0,0,50,0,50,31,67,73,0,171,56,0,56,227
11/25/2007,MSN,WI,AGL,CE,Combined TRACON& Tower with Radar,31,75,84,0,190,0,0,38,0,38,31,75,122,0,228,64,0,64,292
11/26/2007,MSN,WI,AGL,CE,Combined TRACON& Tower with Radar,27,96,45,16,184,0,0,33,25,58,27,96,78,41,242,86,12,98,340
11/27/2007,MSN,WI,AGL,CE,Combined TRACON& Tower with Radar,33,98,65,17,213,0,0,57,6,63,33,98,122,23,276,107,30,137,413
11/28/2007,MSN,WI,AGL,CE,Combined TRACON& Tower with Radar,35,84,47,21,187,0,4,29,8,41,35,88,76,29,228,32,38,70,298
11/29/2007,MSN,WI,AGL,CE,Combined TRACON& Tower with Radar,42,87,54,16,199,0,0,54,8,62,42,87,108,24,261,58,64,122,383
11/30/2007,MSN,WI,AGL,CE,Combined TRACON& Tower with Radar,37,80,67,11,195,0,0,65,0,65,37,80,132,11,260,146,0,146,406
12/01/2007,MSN,WI,AGL,CE,Combined TRACON& Tower with Radar,16,21,14,1,52,0,0,10,0,10,16,21,24,1,62,4,0,4,66
12/02/2007,MSN,WI,AGL,CE,Combined TRACON& Tower with Radar,31,46,16,0,93,0,0,0,0,0,31,46,16,0,93,0,0,0,93
12/03/2007,MSN,WI,AGL,CE,Combined TRACON& Tower with Radar,30,81,32,19,162,0,0,12,2,14,30,81,44,21,176,32,10,42,218
12/04/2007,MSN,WI,AGL,CE,Combined TRACON& Tower with Radar,49,77,50,7,183,0,0,16,2,18,49,77,66,9,201,56,0,56,257
12/05/2007,MSN,WI,AGL,CE,Combined TRACON& Tower with Radar,46,87,53,6,192,0,0,28,13,41,46,87,81,19,233,74,2,76,309
12/06/2007,MSN,WI,AGL,CE,Combined TRACON& Tower with Radar,39,83,51,2,175,0,1,20,0,21,39,84,71,2,196,16,0,16,212
12/07/2007,MSN,WI,AGL,CE,Combined TRACON& Tower with Radar,37,80,56,3,176,0,20,0,2,22,37,100,56,5,198,54,0,54,252
12/08/2007,MSN,WI,AGL,CE,Combined TRACON& Tower with Radar,26,67,46,3,142,0,0,69,0,69,26,67,115,3,211,114,0,114,325
12/09/2007,MSN,WI,AGL,CE,Combined TRACON& Tower with Radar,34,52,22,3,111,0,0,11,0,11,34,52,33,3,122,0,0,0,122
12/10/2007,MSN,WI,AGL,CE,Combined TRACON& Tower with Radar,33,74,38,16,161,0,0,14,0,14,33,74,52,16,175,32,0,32,207
12/11/2007,MSN,WI,AGL,CE,Combined TRACON& Tower with Radar,28,51,21,0,100,0,0,0,0,0,28,51,21,0,100,0,0,0,100
12/12/2007,MSN,WI,AGL,CE,Combined TRACON& Tower with Radar,41,85,69,21,216,0,1,55,11,67,41,86,124,32,283,31,12,43,326
12/13/2007,MSN,WI,AGL,CE,Combined TRACON& Tower with Radar,39,76,56,12,183,0,0,6,0,6,39,76,62,12,189,0,6,6,195
12/14/2007,MSN,WI,AGL,CE,Combined TRACON& Tower with Radar,40,74,53,17,184,0,0,44,0,44,40,74,97,17,228,18,28,46,274
12/15/2007,MSN,WI,AGL,CE,Combined TRACON& Tower with Radar,26,53,21,2,102,0,0,0,0,0,26,53,21,2,102,2,0,2,104
12/16/2007,MSN,WI,AGL,CE,Combined TRACON& Tower with Radar,21,65,36,2,124,0,0,37,0,37,21,65,73,2,161,102,0,102,263
12/17/2007,MSN,WI,AGL,CE,Combined TRACON& Tower with Radar,22,81,48,17,168,0,0,20,0,20,22,81,68,17,188,22,8,30,218
12/18/2007,MSN,WI,AGL,CE,Combined TRACON& Tower with Radar,31,78,84,24,217,0,1,48,22,71,31,79,132,46,288,82,80,162,450
12/19/2007,MSN,WI,AGL,CE,Combined TRACON& Tower with Radar,27,81,84,23,215,0,0,5,1,6,27,81,89,24,221,18,0,18,239
12/20/2007,MSN,WI,AGL,CE,Combined TRACON& Tower with Radar,24,83,80,16,203,0,0,6,2,8,24,83,86,18,211,26,58,84,295
12/21/2007,MSN,WI,AGL,CE,Combined TRACON& Tower with Radar,33,45,19,1,98,0,0,0,0,0,33,45,19,1,98,0,0,0,98
12/22/2007,MSN,WI,AGL,CE,Combined TRACON& Tower with Radar,24,28,15,0,67,0,0,0,0,0,24,28,15,0,67,0,0,0,67
12/23/2007,MSN,WI,AGL,CE,Combined TRACON& Tower with Radar,12,46,15,0,73,0,0,1,0,1,12,46,16,0,74,0,0,0,74
12/24/2007,MSN,WI,AGL,CE,Combined TRACON& Tower with Radar,27,59,17,0,103,0,4,24,0,28,27,63,41,0,131,30,0,30,161
12/25/2007,MSN,WI,AGL,CE,Combined TRACON& Tower with Radar,24,51,9,0,84,0,3,16,0,19,24,54,25,0,103,42,0,42,145
12/26/2007,MSN,WI,AGL,CE,Combined TRACON& Tower with Radar,19,84,50,0,153,0,0,58,1,59,19,84,108,1,212,124,0,124,336
12/27/2007,MSN,WI,AGL,CE,Combined TRACON& Tower with Radar,24,82,26,14,146,0,0,26,5,31,24,82,52,19,177,70,0,70,247
12/28/2007,MSN,WI,AGL,CE,Combined TRACON& Tower with Radar,28,65,20,0,113,0,0,3,1,4,28,65,23,1,117,38,0,38,155
12/29/2007,MSN,WI,AGL,CE,Combined TRACON& Tower with Radar,33,65,18,0,116,0,0,9,0,9,33,65,27,0,125,8,0,8,133
12/30/2007,MSN,WI,AGL,CE,Combined TRACON& Tower with Radar,17,80,27,0,124,0,0,9,0,9,17,80,36,0,133,30,0,30,163
12/31/2007,MSN,WI,AGL,CE,Combined TRACON& Tower with Radar,25,64,14,0,103,0,0,0,0,0,25,64,14,0,103,0,0,0,103
01/01/2008,MSN,WI,AGL,CE,Combined TRACON& Tower with Radar,25,65,17,0,107,0,17,5,0,22,25,82,22,0,129,10,0,10,139
01/02/2008,MSN,WI,AGL,CE,Combined TRACON& Tower with Radar,31,77,32,21,161,0,2,49,3,54,31,79,81,24,215,84,28,112,327
01/03/2008,MSN,WI,AGL,CE,Combined TRACON& Tower with Radar,24,88,49,12,173,0,0,47,10,57,24,88,96,22,230,50,8,58,288
01/04/2008,MSN,WI,AGL,CE,Combined TRACON& Tower with Radar,27,90,34,14,165,0,0,74,13,87,27,90,108,27,252,132,8,140,392
01/05/2008,MSN,WI,AGL,CE,Combined TRACON& Tower with Radar,26,61,35,0,122,0,3,19,0,22,26,64,54,0,144,74,0,74,218
01/06/2008,MSN,WI,AGL,CE,Combined TRACON& Tower with Radar,7,15,28,2,52,0,0,0,0,0,7,15,28,2,52,10,0,10,62
01/07/2008,MSN,WI,AGL,CE,Combined TRACON& Tower with Radar,3,28,29,1,61,0,0,0,0,0,3,28,29,1,61,0,0,0,61
01/08/2008,MSN,WI,AGL,CE,Combined TRACON& Tower with Radar,25,65,59,1,150,0,0,0,0,0,25,65,59,1,150,0,0,0,150
01/09/2008,MSN,WI,AGL,CE,Combined TRACON& Tower with Radar,29,88,78,20,215,0,0,100,12,112,29,88,178,32,327,124,22,146,473
01/10/2008,MSN,WI,AGL,CE,Combined TRACON& Tower with Radar,32,92,48,3,175,0,4,20,8,32,32,96,68,11,207,48,24,72,279
01/11/2008,MSN,WI,AGL,CE,Combined TRACON& Tower with Radar,30,79,34,4,147,0,0,4,0,4,30,79,38,4,151,2,0,2,153
01/12/2008,MSN,WI,AGL,CE,Combined TRACON& Tower with Radar,24,58,43,0,125,0,0,2,0,2,24,58,45,0,127,4,0,4,131
01/13/2008,MSN,WI,AGL,CE,Combined TRACON& Tower with Radar,21,76,15,1,113,0,0,5,0,5,21,76,20,1,118,0,2,2,120
01/14/2008,MSN,WI,AGL,CE,Combined TRACON& Tower with Radar,30,83,62,6,181,0,0,21,1,22,30,83,83,7,203,10,0,10,213
01/15/2008,MSN,WI,AGL,CE,Combined TRACON& Tower with Radar,31,86,71,7,195,0,1,61,11,73,31,87,132,18,268,203,6,209,477
01/16/2008,MSN,WI,AGL,CE,Combined TRACON& Tower with Radar,31,80,77,6,194,0,0,60,12,72,31,80,137,18,266,198,0,198,464
01/17/2008,MSN,WI,AGL,CE,Combined TRACON& Tower with Radar,34,73,41,0,148,0,0,1,0,1,34,73,42,0,149,4,0,4,153
01/18/2008,MSN,WI,AGL,CE,Combined TRACON& Tower with Radar,30,87,36,0,153,0,0,21,3,24,30,87,57,3,177,24,0,24,201
01/19/2008,MSN,WI,AGL,CE,Combined TRACON& Tower with Radar,26,59,18,0,103,0,0,22,0,22,26,59,40,0,125,20,0,20,145
01/20/2008,MSN,WI,AGL,CE,Combined TRACON& Tower with Radar,15,77,38,0,130,0,0,34,0,34,15,77,72,0,164,16,0,16,180
01/21/2008,MSN,WI,AGL,CE,Combined TRACON& Tower with Radar,26,75,46,0,147,0,0,1,0,1,26,75,47,0,148,6,0,6,154
01/22/2008,MSN,WI,AGL,CE,Combined TRACON& Tower with Radar,24,87,50,7,168,0,0,43,6,49,24,87,93,13,217,42,0,42,259
01/23/2008,MSN,WI,AGL,CE,Combined TRACON& Tower with Radar,28,88,39,8,163,0,4,14,6,24,28,92,53,14,187,36,2,38,225
01/24/2008,MSN,WI,AGL,CE,Combined TRACON& Tower with Radar,27,85,45,3,160,0,0,47,17,64,27,85,92,20,224,28,0,28,252
01/25/2008,MSN,WI,AGL,CE,Combined TRACON& Tower with Radar,31,92,67,0,190,0,1,29,0,30,31,93,96,0,220,22,0,22,242
01/26/2008,MSN,WI,AGL,CE,Combined TRACON& Tower with Radar,26,67,14,1,108,0,0,2,0,2,26,67,16,1,110,34,0,34,144
01/27/2008,MSN,WI,AGL,CE,Combined TRACON& Tower with Radar,20,68,52,1,141,0,1,144,1,146,20,69,196,2,287,256,0,256,543
01/28/2008,MSN,WI,AGL,CE,Combined TRACON& Tower with Radar,32,79,28,2,141,0,0,33,0,33,32,79,61,2,174,63,0,63,237
01/29/2008,MSN,WI,AGL,CE,Combined TRACON& Tower with Radar,28,68,35,0,131,0,0,0,0,0,28,68,35,0,131,4,0,4,135
01/30/2008,MSN,WI,AGL,CE,Combined TRACON& Tower with Radar,28,82,46,5,161,0,0,19,6,25,28,82,65,11,186,10,0,10,196
01/31/2008,MSN,WI,AGL,CE,Combined TRACON& Tower with Radar,28,81,66,8,183,0,0,27,1,28,28,81,93,9,211,10,0,10,221
02/01/2008,MSN,WI,AGL,CE,Combined TRACON& Tower with Radar,39,91,41,17,188,0,0,6,0,6,39,91,47,17,194,21,12,33,227
02/02/2008,MSN,WI,AGL,CE,Combined TRACON& Tower with Radar,23,58,23,6,110,0,0,0,5,5,23,58,23,11,115,12,0,12,127
02/03/2008,MSN,WI,AGL,CE,Combined TRACON& Tower with Radar,23,63,33,10,129,0,0,0,0,0,23,63,33,10,129,12,0,12,141
02/04/2008,MSN,WI,AGL,CE,Combined TRACON& Tower with Radar,23,75,38,1,137,0,0,0,0,0,23,75,38,1,137,0,0,0,137
02/05/2008,MSN,WI,AGL,CE,Combined TRACON& Tower with Radar,24,68,54,5,151,0,0,8,2,10,24,68,62,7,161,18,0,18,179
02/06/2008,MSN,WI,AGL,CE,Combined TRACON& Tower with Radar,7,18,9,0,34,0,0,0,0,0,7,18,9,0,34,0,0,0,34
02/07/2008,MSN,WI,AGL,CE,Combined TRACON& Tower with Radar,30,77,63,2,172,0,1,37,12,50,30,78,100,14,222,30,8,38,260
02/08/2008,MSN,WI,AGL,CE,Combined TRACON& Tower with Radar,30,82,56,0,168,0,0,0,0,0,30,82,56,0,168,6,0,6,174
02/09/2008,MSN,WI,AGL,CE,Combined TRACON& Tower with Radar,24,43,53,0,120,0,0,14,0,14,24,43,67,0,134,34,0,34,168
02/10/2008,MSN,WI,AGL,CE,Combined TRACON& Tower with Radar,21,69,21,0,111,0,0,22,0,22,21,69,43,0,133,0,0,0,133
02/11/2008,MSN,WI,AGL,CE,Combined TRACON& Tower with Radar,30,75,50,6,161,0,0,35,11,46,30,75,85,17,207,12,8,20,227
02/12/2008,MSN,WI,AGL,CE,Combined TRACON& Tower with Radar,31,68,40,1,140,0,0,3,11,14,31,68,43,12,154,0,0,0,154
02/13/2008,MSN,WI,AGL,CE,Combined TRACON& Tower with Radar,29,85,51,13,178,0,0,56,15,71,29,85,107,28,249,116,8,124,373
02/14/2008,MSN,WI,AGL,CE,Combined TRACON& Tower with Radar,23,83,48,4,158,0,0,2,0,2,23,83,50,4,160,8,0,8,168
02/15/2008,MSN,WI,AGL,CE,Combined TRACON& Tower with Radar,26,85,28,1,140,0,0,79,8,87,26,85,107,9,227,50,4,54,281
02/16/2008,MSN,WI,AGL,CE,Combined TRACON& Tower with Radar,19,57,41,0,117,0,0,142,0,142,19,57,183,0,259,128,0,128,387
02/17/2008,MSN,WI,AGL,CE,Combined TRACON& Tower with Radar,14,34,4,0,52,0,0,3,0,3,14,34,7,0,55,0,0,0,55
02/18/2008,MSN,WI,AGL,CE,Combined TRACON& Tower with Radar,21,75,39,0,135,0,0,2,0,2,21,75,41,0,137,0,0,0,137
02/19/2008,MSN,WI,AGL,CE,Combined TRACON& Tower with Radar,24,99,67,12,202,0,0,39,3,42,24,99,106,15,244,60,9,69,313
02/20/2008,MSN,WI,AGL,CE,Combined TRACON& Tower with Radar,27,88,45,6,166,0,3,47,19,69,27,91,92,25,235,62,30,92,327
02/21/2008,MSN,WI,AGL,CE,Combined TRACON& Tower with Radar,21,89,47,9,166,0,0,39,7,46,21,89,86,16,212,13,10,23,235
02/22/2008,MSN,WI,AGL,CE,Combined TRACON& Tower with Radar,24,83,39,5,151,0,2,61,1,64,24,85,100,6,215,128,2,130,345
02/23/2008,MSN,WI,AGL,CE,Combined TRACON& Tower with Radar,19,72,58,2,151,0,2,112,1,115,19,74,170,3,266,106,0,106,372
02/24/2008,MSN,WI,AGL,CE,Combined TRACON& Tower with Radar,13,84,50,3,150,0,0,119,2,121,13,84,169,5,271,192,0,192,463
02/25/2008,MSN,WI,AGL,CE,Combined TRACON& Tower with Radar,23,79,23,0,125,0,0,0,0,0,23,79,23,0,125,0,0,0,125
02/26/2008,MSN,WI,AGL,CE,Combined TRACON& Tower with Radar,20,78,46,6,150,0,0,20,11,31,20,78,66,17,181,40,0,40,221
02/27/2008,MSN,WI,AGL,CE,Combined TRACON& Tower with Radar,0,2,90,18,110,30,84,73,9,196,30,86,163,27,306,78,14,92,398
02/28/2008,MSN,WI,AGL,CE,Combined TRACON& Tower with Radar,24,94,66,5,189,0,0,70,16,86,24,94,136,21,275,92,40,132,407
02/29/2008,MSN,WI,AGL,CE,Combined TRACON& Tower with Radar,28,74,41,3,146,0,0,14,2,16,28,74,55,5,162,50,0,50,212
03/01/2008,MSN,WI,AGL,CE,Combined TRACON& Tower with Radar,17,67,39,5,128,0,0,94,0,94,17,67,133,5,222,136,0,136,358
03/02/2008,MSN,WI,AGL,CE,Combined TRACON& Tower with Radar,14,92,32,0,138,0,0,12,0,12,14,92,44,0,150,68,0,68,218
03/03/2008,MSN,WI,AGL,CE,Combined TRACON& Tower with Radar,20,85,28,6,139,0,0,27,3,30,20,85,55,9,169,32,0,32,201
03/04/2008,MSN,WI,AGL,CE,Combined TRACON& Tower with Radar,24,80,60,16,180,0,1,48,9,58,24,81,108,25,238,96,8,104,342
03/05/2008,MSN,WI,AGL,CE,Combined TRACON& Tower with Radar,32,90,51,9,182,0,0,27,6,33,32,90,78,15,215,154,4,158,373
03/06/2008,MSN,WI,AGL,CE,Combined TRACON& Tower with Radar,23,91,42,11,167,0,2,40,18,60,23,93,82,29,227,40,14,54,281
03/07/2008,MSN,WI,AGL,CE,Combined TRACON& Tower with Radar,25,89,57,2,173,0,0,60,0,60,25,89,117,2,233,38,4,42,275
03/08/2008,MSN,WI,AGL,CE,Combined TRACON& Tower with Radar,25,64,32,2,123,0,4,93,8,105,25,68,125,10,228,132,6,138,366
03/09/2008,MSN,WI,AGL,CE,Combined TRACON& Tower with Radar,12,77,39,1,129,0,0,20,3,23,12,77,59,4,152,88,0,88,240
03/10/2008,MSN,WI,AGL,CE,Combined TRACON& Tower with Radar,22,90,38,8,158,0,0,46,0,46,22,90,84,8,204,116,4,120,324
03/11/2008,MSN,WI,AGL,CE,Combined TRACON& Tower with Radar,27,87,58,13,185,0,4,45,12,61,27,91,103,25,246,96,18,114,360
03/12/2008,MSN,WI,AGL,CE,Combined TRACON& Tower with Radar,24,89,64,14,191,0,1,52,4,57,24,90,116,18,248,146,12,158,406
03/13/2008,MSN,WI,AGL,CE,Combined TRACON& Tower with Radar,29,88,55,8,180,0,3,43,1,47,29,91,98,9,227,110,16,126,353
03/14/2008,MSN,WI,AGL,CE,Combined TRACON& Tower with Radar,23,95,51,0,169,0,0,64,2,66,23,95,115,2,235,72,10,82,317
03/15/2008,MSN,WI,AGL,CE,Combined TRACON& Tower with Radar,28,64,47,0,139,0,0,90,3,93,28,64,137,3,232,194,7,201,433
03/16/2008,MSN,WI,AGL,CE,Combined TRACON& Tower with Radar,17,81,63,0,161,0,0,102,0,102,17,81,165,0,263,156,0,156,419
03/17/2008,MSN,WI,AGL,CE,Combined TRACON& Tower with Radar,18,84,27,2,131,0,0,26,0,26,18,84,53,2,157,32,0,32,189
03/18/2008,MSN,WI,AGL,CE,Combined TRACON& Tower with Radar,24,69,32,3,128,0,0,4,7,11,24,69,36,10,139,26,0,26,165
03/19/2008,MSN,WI,AGL,CE,Combined TRACON& Tower with Radar,21,90,54,8,173,0,1,61,8,70,21,91,115,16,243,96,0,96,339
03/20/2008,MSN,WI,AGL,CE,Combined TRACON& Tower with Radar,25,95,78,11,209,0,0,70,10,80,25,95,148,21,289,116,18,134,423
03/21/2008,MSN,WI,AGL,CE,Combined TRACON& Tower with Radar,19,36,18,0,73,0,0,2,0,2,19,36,20,0,75,2,0,2,77
03/22/2008,MSN,WI,AGL,CE,Combined TRACON& Tower with Radar,16,64,33,0,113,0,0,33,0,33,16,64,66,0,146,36,0,36,182
03/23/2008,MSN,WI,AGL,CE,Combined TRACON& Tower with Radar,11,72,21,0,104,0,0,15,0,15,11,72,36,0,119,32,0,32,151
03/24/2008,MSN,WI,AGL,CE,Combined TRACON& Tower with Radar,18,98,61,13,190,0,21,4,0,25,18,119,65,13,215,40,12,52,267
03/25/2008,MSN,WI,AGL,CE,Combined TRACON& Tower with Radar,29,79,39,9,156,0,6,28,7,41,29,85,67,16,197,54,16,70,267
03/26/2008,MSN,WI,AGL,CE,Combined TRACON& Tower with Radar,29,90,68,8,195,0,3,97,10,110,29,93,165,18,305,180,14,194,499
03/27/2008,MSN,WI,AGL,CE,Combined TRACON& Tower with Radar,24,80,44,8,156,0,0,12,11,23,24,80,56,19,179,30,22,52,231
03/28/2008,MSN,WI,AGL,CE,Combined TRACON& Tower with Radar,23,88,75,9,195,0,0,45,8,53,23,88,120,17,248,138,22,160,408
03/29/2008,MSN,WI,AGL,CE,Combined TRACON& Tower with Radar,21,63,51,6,141,0,1,133,9,143,21,64,184,15,284,180,16,196,480
03/30/2008,MSN,WI,AGL,CE,Combined TRACON& Tower with Radar,15,73,43,4,135,0,0,23,4,27,15,73,66,8,162,68,0,68,230
03/31/2008,MSN,WI,AGL,CE,Combined TRACON& Tower with Radar,20,89,57,4,170,0,0,2,0,2,20,89,59,4,172,16,0,16,188
04/01/2008,MSN,WI,AGL,CE,Combined TRACON& Tower with Radar,25,88,55,21,189,0,1,20,3,24,25,89,75,24,213,70,14,84,297
04/02/2008,MSN,WI,AGL,CE,Combined TRACON& Tower with Radar,23,92,57,27,199,0,0,94,13,107,23,92,151,40,306,184,68,252,558
04/03/2008,MSN,WI,AGL,CE,Combined TRACON& Tower with Radar,27,96,35,15,173,0,1,39,12,52,27,97,74,27,225,90,72,162,387
04/04/2008,MSN,WI,AGL,CE,Combined TRACON& Tower with Radar,32,70,53,20,175,0,1,70,2,73,32,71,123,22,248,68,12,80,328
04/05/2008,MSN,WI,AGL,CE,Combined TRACON& Tower with Radar,21,57,36,6,120,0,0,102,1,103,21,57,138,7,223,140,28,168,391
04/06/2008,MSN,WI,AGL,CE,Combined TRACON& Tower with Radar,17,72,43,2,134,0,0,76,0,76,17,72,119,2,210,112,0,112,322
04/07/2008,MSN,WI,AGL,CE,Combined TRACON& Tower with Radar,21,86,67,11,185,0,0,35,3,38,21,86,102,14,223,70,0,70,293
04/08/2008,MSN,WI,AGL,CE,Combined TRACON& Tower with Radar,25,85,75,20,205,0,0,13,2,15,25,85,88,22,220,29,8,37,257
04/09/2008,MSN,WI,AGL,CE,Combined TRACON& Tower with Radar,24,77,57,24,182,0,0,20,8,28,24,77,77,32,210,80,32,112,322
04/10/2008,MSN,WI,AGL,CE,Combined TRACON& Tower with Radar,24,84,46,1,155,0,0,2,0,2,24,84,48,1,157,14,6,20,177
04/11/2008,MSN,WI,AGL,CE,Combined TRACON& Tower with Radar,22,87,62,1,172,0,0,2,4,6,22,87,64,5,178,10,0,10,188
04/12/2008,MSN,WI,AGL,CE,Combined TRACON& Tower with Radar,19,69,15,0,103,0,0,0,0,0,19,69,15,0,103,26,0,26,129
04/13/2008,MSN,WI,AGL,CE,Combined TRACON& Tower with Radar,19,73,46,2,140,0,0,66,1,67,19,73,112,3,207,98,0,98,305
04/14/2008,MSN,WI,AGL,CE,Combined TRACON& Tower with Radar,22,102,44,17,185,0,0,99,0,99,22,102,143,17,284,204,22,226,510
04/15/2008,MSN,WI,AGL,CE,Combined TRACON& Tower with Radar,29,54,40,23,146,0,0,58,7,65,29,54,98,30,211,26,22,48,259
04/16/2008,MSN,WI,AGL,CE,Combined TRACON& Tower with Radar,30,83,55,27,195,0,0,28,6,34,30,83,83,33,229,30,26,56,285
04/17/2008,MSN,WI,AGL,CE,Combined TRACON& Tower with Radar,28,91,55,19,193,0,0,37,8,45,28,91,92,27,238,52,20,72,310
04/18/2008,MSN,WI,AGL,CE,Combined TRACON& Tower with Radar,25,91,47,16,179,0,0,29,0,29,25,91,76,16,208,66,6,72,280
04/19/2008,MSN,WI,AGL,CE,Combined TRACON& Tower with Radar,26,75,25,0,126,0,0,24,0,24,26,75,49,0,150,110,0,110,260
04/20/2008,MSN,WI,AGL,CE,Combined TRACON& Tower with Radar,15,83,48,0,146,0,0,146,0,146,15,83,194,0,292,184,0,184,476
04/21/2008,MSN,WI,AGL,CE,Combined TRACON& Tower with Radar,19,97,44,20,180,0,0,75,0,75,19,97,119,20,255,111,34,145,400
04/22/2008,MSN,WI,AGL,CE,Combined TRACON& Tower with Radar,24,88,63,16,191,0,0,30,14,44,24,88,93,30,235,74,24,98,333
04/23/2008,MSN,WI,AGL,CE,Combined TRACON& Tower with Radar,26,87,75,17,205,0,2,103,13,118,26,89,178,30,323,132,36,168,491
04/24/2008,MSN,WI,AGL,CE,Combined TRACON& Tower with Radar,27,93,67,12,199,0,0,33,2,35,27,93,100,14,234,32,18,50,284
04/25/2008,MSN,WI,AGL,CE,Combined TRACON& Tower with Radar,31,87,42,0,160,0,0,12,0,12,31,87,54,0,172,14,0,14,186
04/26/2008,MSN,WI,AGL,CE,Combined TRACON& Tower with Radar,25,66,21,0,112,0,1,20,0,21,25,67,41,0,133,28,0,28,161
04/27/2008,MSN,WI,AGL,CE,Combined TRACON& Tower with Radar,21,68,39,1,129,0,0,103,0,103,21,68,142,1,232,62,0,62,294
04/28/2008,MSN,WI,AGL,CE,Combined TRACON& Tower with Radar,35,85,45,15,180,0,0,31,0,31,35,85,76,15,211,40,18,58,269
04/29/2008,MSN,WI,AGL,CE,Combined TRACON& Tower with Radar,24,86,60,15,185,0,6,74,6,86,24,92,134,21,271,184,10,194,465
04/30/2008,MSN,WI,AGL,CE,Combined TRACON& Tower with Radar,25,89,72,20,206,0,0,71,2,73,25,89,143,22,279,86,32,118,397
05/01/2008,MSN,WI,AGL,CE,Combined TRACON& Tower with Radar,26,89,54,19,188,0,4,39,9,52,26,93,93,28,240,56,24,80,320
05/02/2008,MSN,WI,AGL,CE,Combined TRACON& Tower with Radar,25,73,39,2,139,0,1,3,2,6,25,74,42,4,145,14,0,14,159
05/03/2008,MSN,WI,AGL,CE,Combined TRACON& Tower with Radar,21,70,65,19,175,0,1,9,2,12,21,71,74,21,187,76,6,82,269
05/04/2008,MSN,WI,AGL,CE,Combined TRACON& Tower with Radar,19,82,74,3,178,0,0,128,5,133,19,82,202,8,311,166,6,172,483
05/05/2008,MSN,WI,AGL,CE,Combined TRACON& Tower with Radar,23,88,40,16,167,0,0,102,4,106,23,88,142,20,273,120,24,144,417
05/06/2008,MSN,WI,AGL,CE,Combined TRACON& Tower with Radar,32,89,59,17,197,0,0,64,14,78,32,89,123,31,275,156,46,202,477
05/07/2008,MSN,WI,AGL,CE,Combined TRACON& Tower with Radar,32,91,72,17,212,0,0,12,11,23,32,91,84,28,235,84,18,102,337
05/08/2008,MSN,WI,AGL,CE,Combined TRACON& Tower with Radar,27,90,65,13,195,0,0,72,12,84,27,90,137,25,279,124,40,164,443
05/09/2008,MSN,WI,AGL,CE,Combined TRACON& Tower with Radar,43,84,47,6,180,0,0,62,11,73,43,84,109,17,253,90,2,92,345
05/10/2008,MSN,WI,AGL,CE,Combined TRACON& Tower with Radar,21,67,69,0,157,0,0,104,1,105,21,67,173,1,262,102,0,102,364
05/11/2008,MSN,WI,AGL,CE,Combined TRACON& Tower with Radar,19,73,21,0,113,0,0,5,0,5,19,73,26,0,118,26,0,26,144
05/12/2008,MSN,WI,AGL,CE,Combined TRACON& Tower with Radar,23,92,47,15,177,0,0,96,1,97,23,92,143,16,274,138,40,178,452
05/13/2008,MSN,WI,AGL,CE,Combined TRACON& Tower with Radar,33,31,50,26,140,0,1,36,3,40,33,32,86,29,180,132,28,160,340
05/14/2008,MSN,WI,AGL,CE,Combined TRACON& Tower with Radar,31,39,84,17,171,0,0,65,7,72,31,39,149,24,243,66,14,80,323
05/15/2008,MSN,WI,AGL,CE,Combined TRACON& Tower with Radar,26,97,51,19,193,0,0,81,7,88,26,97,132,26,281,188,18,206,487
05/16/2008,MSN,WI,AGL,CE,Combined TRACON& Tower with Radar,33,105,63,7,208,0,0,91,3,94,33,105,154,10,302,126,20,146,448
05/17/2008,MSN,WI,AGL,CE,Combined TRACON& Tower with Radar,20,71,46,0,137,0,0,94,2,96,20,71,140,2,233,110,0,110,343
05/18/2008,MSN,WI,AGL,CE,Combined TRACON& Tower with Radar,19,76,55,0,150,0,0,67,1,68,19,76,122,1,218,90,0,90,308
05/19/2008,MSN,WI,AGL,CE,Combined TRACON& Tower with Radar,25,89,58,13,185,0,0,85,0,85,25,89,143,13,270,196,10,206,476
05/20/2008,MSN,WI,AGL,CE,Combined TRACON& Tower with Radar,24,94,63,24,205,0,1,75,3,79,24,95,138,27,284,110,18,128,412
05/21/2008,MSN,WI,AGL,CE,Combined TRACON& Tower with Radar,28,94,53,14,189,0,0,69,11,80,28,94,122,25,269,92,22,114,383
05/22/2008,MSN,WI,AGL,CE,Combined TRACON& Tower with Radar,27,90,41,22,180,0,0,81,6,87,27,90,122,28,267,128,34,162,429
05/23/2008,MSN,WI,AGL,CE,Combined TRACON& Tower with Radar,26,96,66,4,192,0,1,74,7,82,26,97,140,11,274,88,0,88,362
05/24/2008,MSN,WI,AGL,CE,Combined TRACON& Tower with Radar,18,69,32,0,119,0,0,130,0,130,18,69,162,0,249,110,0,110,359
05/25/2008,MSN,WI,AGL,CE,Combined TRACON& Tower with Radar,17,46,23,0,86,0,0,39,0,39,17,46,62,0,125,68,12,80,205
05/26/2008,MSN,WI,AGL,CE,Combined TRACON& Tower with Radar,23,75,63,4,165,0,0,60,0,60,23,75,123,4,225,60,0,60,285
05/27/2008,MSN,WI,AGL,CE,Combined TRACON& Tower with Radar,22,87,47,1,157,0,0,54,1,55,22,87,101,2,212,84,0,84,296
05/28/2008,MSN,WI,AGL,CE,Combined TRACON& Tower with Radar,26,89,78,21,214,0,0,40,7,47,26,89,118,28,261,104,18,122,383
05/29/2008,MSN,WI,AGL,CE,Combined TRACON& Tower with Radar,25,93,70,8,196,0,0,37,6,43,25,93,107,14,239,88,20,108,347
05/30/2008,MSN,WI,AGL,CE,Combined TRACON& Tower with Radar,25,85,56,15,181,0,0,31,5,36,25,85,87,20,217,78,26,104,321
05/31/2008,MSN,WI,AGL,CE,Combined TRACON& Tower with Radar,23,65,47,0,135,0,0,0,0,0,23,65,47,0,135,100,0,100,235
06/01/2008,MSN,WI,AGL,CE,Combined TRACON& Tower with Radar,16,76,38,0,130,0,0,107,0,107,16,76,145,0,237,148,0,148,385
06/02/2008,MSN,WI,AGL,CE,Combined TRACON& Tower with Radar,30,90,65,14,199,0,2,65,0,67,30,92,130,14,266,176,20,196,462
06/03/2008,MSN,WI,AGL,CE,Combined TRACON& Tower with Radar,25,38,63,16,142,0,0,0,0,0,25,38,63,16,142,58,8,66,208
06/04/2008,MSN,WI,AGL,CE,Combined TRACON& Tower with Radar,29,92,52,10,183,0,0,7,0,7,29,92,59,10,190,26,6,32,222
06/05/2008,MSN,WI,AGL,CE,Combined TRACON& Tower with Radar,35,83,56,6,180,0,0,15,3,18,35,83,71,9,198,92,22,114,312
06/06/2008,MSN,WI,AGL,CE,Combined TRACON& Tower with Radar,24,89,38,17,168,0,0,24,4,28,24,89,62,21,196,42,16,58,254
06/07/2008,MSN,WI,AGL,CE,Combined TRACON& Tower with Radar,26,58,36,10,130,0,0,23,8,31,26,58,59,18,161,96,34,130,291
06/08/2008,MSN,WI,AGL,CE,Combined TRACON& Tower with Radar,20,53,19,1,93,0,0,3,0,3,20,53,22,1,96,22,0,22,118
06/09/2008,MSN,WI,AGL,CE,Combined TRACON& Tower with Radar,18,87,44,6,155,0,0,45,6,51,18,87,89,12,206,92,40,132,338
06/10/2008,MSN,WI,AGL,CE,Combined TRACON& Tower with Radar,29,89,81,1,200,0,0,95,8,103,29,89,176,9,303,162,48,210,513
06/11/2008,MSN,WI,AGL,CE,Combined TRACON& Tower with Radar,30,91,61,5,187,0,8,71,8,87,30,99,132,13,274,78,0,78,352
06/12/2008,MSN,WI,AGL,CE,Combined TRACON& Tower with Radar,22,94,46,1,163,0,0,19,2,21,22,94,65,3,184,22,0,22,206
06/13/2008,MSN,WI,AGL,CE,Combined TRACON& Tower with Radar,24,96,53,5,178,0,0,46,11,57,24,96,99,16,235,96,0,96,331
06/14/2008,MSN,WI,AGL,CE,Combined TRACON& Tower with Radar,23,57,32,4,116,0,0,0,4,4,23,57,32,8,120,92,2,94,214
06/15/2008,MSN,WI,AGL,CE,Combined TRACON& Tower with Radar,20,77,44,2,143,0,0,52,4,56,20,77,96,6,199,70,0,70,269
06/16/2008,MSN,WI,AGL,CE,Combined TRACON& Tower with Radar,19,97,69,3,188,0,0,97,8,105,19,97,166,11,293,106,0,106,399
06/17/2008,MSN,WI,AGL,CE,Combined TRACON& Tower with Radar,25,97,57,16,195,0,0,82,8,90,25,97,139,24,285,126,14,140,425
06/18/2008,MSN,WI,AGL,CE,Combined TRACON& Tower with Radar,23,94,77,14,208,0,0,124,11,135,23,94,201,25,343,182,16,198,541
06/19/2008,MSN,WI,AGL,CE,Combined TRACON& Tower with Radar,22,80,67,10,179,0,0,92,11,103,22,80,159,21,282,108,26,134,416
06/20/2008,MSN,WI,AGL,CE,Combined TRACON& Tower with Radar,24,91,47,16,178,1,1,85,10,97,25,92,132,26,275,114,37,151,426
06/21/2008,MSN,WI,AGL,CE,Combined TRACON& Tower with Radar,22,65,49,0,136,0,0,86,2,88,22,65,135,2,224,70,0,70,294
06/22/2008,MSN,WI,AGL,CE,Combined TRACON& Tower with Radar,20,82,47,0,149,0,0,70,0,70,20,82,117,0,219,82,0,82,301
06/23/2008,MSN,WI,AGL,CE,Combined TRACON& Tower with Radar,20,90,89,22,221,0,0,69,0,69,20,90,158,22,290,120,20,140,430
06/24/2008,MSN,WI,AGL,CE,Combined TRACON& Tower with Radar,25,95,160,17,297,0,0,0,0,0,25,95,160,17,297,162,38,200,497
06/25/2008,MSN,WI,AGL,CE,Combined TRACON& Tower with Radar,26,92,83,17,218,3,0,42,15,60,29,92,125,32,278,118,50,168,446
06/26/2008,MSN,WI,AGL,CE,Combined TRACON& Tower with Radar,25,72,60,14,171,0,0,60,16,76,25,72,120,30,247,132,30,162,409
06/27/2008,MSN,WI,AGL,CE,Combined TRACON& Tower with Radar,24,85,38,2,149,0,0,64,8,72,24,85,102,10,221,160,26,186,407
06/28/2008,MSN,WI,AGL,CE,Combined TRACON& Tower with Radar,28,67,49,1,145,0,0,23,10,33,28,67,72,11,178,32,16,48,226
06/29/2008,MSN,WI,AGL,CE,Combined TRACON& Tower with Radar,15,74,52,0,141,0,0,37,4,41,15,74,89,4,182,74,0,74,256
06/30/2008,MSN,WI,AGL,CE,Combined TRACON& Tower with Radar,21,107,75,20,223,0,0,99,1,100,21,107,174,21,323,108,34,142,465
07/01/2008,MSN,WI,AGL,CE,Combined TRACON& Tower with Radar,0,0,0,0,0,0,0,0,0,0,0,0,0,0,0,106,36,142,142
07/02/2008,MSN,WI,AGL,CE,Combined TRACON& Tower with Radar,24,86,52,6,168,0,0,43,6,49,24,86,95,12,217,80,10,90,307
07/03/2008,MSN,WI,AGL,CE,Combined TRACON& Tower with Radar,33,99,84,2,218,0,6,131,1,138,33,105,215,3,356,176,0,176,532
07/04/2008,MSN,WI,AGL,CE,Combined TRACON& Tower with Radar,18,59,17,0,94,0,0,74,0,74,18,59,91,0,168,90,0,90,258
07/05/2008,MSN,WI,AGL,CE,Combined TRACON& Tower with Radar,21,54,51,0,126,0,14,202,0,216,21,68,253,0,342,111,0,111,453
07/06/2008,MSN,WI,AGL,CE,Combined TRACON& Tower with Radar,14,75,48,0,137,0,0,86,0,86,14,75,134,0,223,130,0,130,353
07/07/2008,MSN,WI,AGL,CE,Combined TRACON& Tower with Radar,21,78,46,7,152,0,0,26,2,28,21,78,72,9,180,46,22,68,248
07/08/2008,MSN,WI,AGL,CE,Combined TRACON& Tower with Radar,26,92,78,11,207,0,2,19,14,35,26,94,97,25,242,50,12,62,304
07/09/2008,MSN,WI,AGL,CE,Combined TRACON& Tower with Radar,22,96,71,11,200,0,0,75,16,91,22,96,146,27,291,88,34,122,413
07/10/2008,MSN,WI,AGL,CE,Combined TRACON& Tower with Radar,26,91,52,11,180,0,0,59,7,66,26,91,111,18,246,114,30,144,390
07/11/2008,MSN,WI,AGL,CE,Combined TRACON& Tower with Radar,24,84,59,11,178,0,0,44,7,51,24,84,103,18,229,70,34,104,333
07/12/2008,MSN,WI,AGL,CE,Combined TRACON& Tower with Radar,21,58,58,3,140,0,13,121,2,136,21,71,179,5,276,192,2,194,470
07/13/2008,MSN,WI,AGL,CE,Combined TRACON& Tower with Radar,14,86,40,2,142,0,0,51,0,51,14,86,91,2,193,104,0,104,297
07/14/2008,MSN,WI,AGL,CE,Combined TRACON& Tower with Radar,17,91,54,24,186,0,0,99,5,104,17,91,153,29,290,154,68,222,512
07/15/2008,MSN,WI,AGL,CE,Combined TRACON& Tower with Radar,22,91,65,19,197,0,0,79,8,87,22,91,144,27,284,126,44,170,454
07/16/2008,MSN,WI,AGL,CE,Combined TRACON& Tower with Radar,24,84,60,20,188,0,0,64,10,74,24,84,124,30,262,50,34,84,346
07/17/2008,MSN,WI,AGL,CE,Combined TRACON& Tower with Radar,23,99,84,12,218,0,2,43,7,52,23,101,127,19,270,64,2,66,336
07/18/2008,MSN,WI,AGL,CE,Combined TRACON& Tower with Radar,33,87,79,4,203,0,6,32,0,38,33,93,111,4,241,164,34,198,439
07/19/2008,MSN,WI,AGL,CE,Combined TRACON& Tower with Radar,24,70,43,3,140,0,8,14,0,22,24,78,57,3,162,88,0,88,250
07/20/2008,MSN,WI,AGL,CE,Combined TRACON& Tower with Radar,16,82,50,0,148,0,0,7,0,7,16,82,57,0,155,90,2,92,247
07/21/2008,MSN,WI,AGL,CE,Combined TRACON& Tower with Radar,24,91,62,17,194,0,0,40,7,47,24,91,102,24,241,202,30,232,473
07/22/2008,MSN,WI,AGL,CE,Combined TRACON& Tower with Radar,23,86,90,17,216,0,0,71,3,74,23,86,161,20,290,158,20,178,468
07/23/2008,MSN,WI,AGL,CE,Combined TRACON& Tower with Radar,27,95,54,15,191,0,1,108,10,119,27,96,162,25,310,128,26,154,464
07/24/2008,MSN,WI,AGL,CE,Combined TRACON& Tower with Radar,26,92,77,24,219,0,0,103,5,108,26,92,180,29,327,136,30,166,493
07/25/2008,MSN,WI,AGL,CE,Combined TRACON& Tower with Radar,21,97,114,17,249,0,0,44,3,47,21,97,158,20,296,86,2,88,384
07/26/2008,MSN,WI,AGL,CE,Combined TRACON& Tower with Radar,22,66,49,2,139,0,0,105,3,108,22,66,154,5,247,112,0,112,359
07/27/2008,MSN,WI,AGL,CE,Combined TRACON& Tower with Radar,16,77,63,1,157,0,0,90,4,94,16,77,153,5,251,134,0,134,385
07/28/2008,MSN,WI,AGL,CE,Combined TRACON& Tower with Radar,19,91,46,16,172,0,0,69,3,72,19,91,115,19,244,102,0,102,346
07/29/2008,MSN,WI,AGL,CE,Combined TRACON& Tower with Radar,22,92,60,13,187,0,0,67,3,70,22,92,127,16,257,116,16,132,389
07/30/2008,MSN,WI,AGL,CE,Combined TRACON& Tower with Radar,20,100,130,5,255,0,4,153,9,166,20,104,283,14,421,100,6,106,527
07/31/2008,MSN,WI,AGL,CE,Combined TRACON& Tower with Radar,24,92,137,17,270,0,0,68,3,71,24,92,205,20,341,150,14,164,505
08/01/2008,MSN,WI,AGL,CE,Combined TRACON& Tower with Radar,22,97,109,7,235,0,13,147,1,161,22,110,256,8,396,70,0,70,466
08/02/2008,MSN,WI,AGL,CE,Combined TRACON& Tower with Radar,20,58,43,5,126,0,0,100,2,102,20,58,143,7,228,66,4,70,298
08/03/2008,MSN,WI,AGL,CE,Combined TRACON& Tower with Radar,15,80,49,3,147,0,0,80,0,80,15,80,129,3,227,57,0,57,284
08/04/2008,MSN,WI,AGL,CE,Combined TRACON& Tower with Radar,24,77,90,11,202,32,29,78,0,139,56,106,168,11,341,146,0,146,487
08/05/2008,MSN,WI,AGL,CE,Combined TRACON& Tower with Radar,24,83,47,11,165,0,0,41,12,53,24,83,88,23,218,135,22,157,375
08/06/2008,MSN,WI,AGL,CE,Combined TRACON& Tower with Radar,28,86,64,18,196,0,0,82,12,94,28,86,146,30,290,114,26,140,430
08/07/2008,MSN,WI,AGL,CE,Combined TRACON& Tower with Radar,23,90,62,29,204,0,1,97,5,103,23,91,159,34,307,178,32,210,517
08/08/2008,MSN,WI,AGL,CE,Combined TRACON& Tower with Radar,19,89,94,15,217,0,0,77,5,82,19,89,171,20,299,134,26,160,459
08/09/2008,MSN,WI,AGL,CE,Combined TRACON& Tower with Radar,22,64,36,11,133,0,0,52,1,53,22,64,88,12,186,140,4,144,330
08/10/2008,MSN,WI,AGL,CE,Combined TRACON& Tower with Radar,20,68,38,3,129,0,0,10,6,16,20,68,48,9,145,92,0,92,237
08/11/2008,MSN,WI,AGL,CE,Combined TRACON& Tower with Radar,22,93,40,12,167,0,4,78,6,88,22,97,118,18,255,78,36,114,369
08/12/2008,MSN,WI,AGL,CE,Combined TRACON& Tower with Radar,23,100,63,17,203,0,0,72,1,73,23,100,135,18,276,27,21,48,324
08/13/2008,MSN,WI,AGL,CE,Combined TRACON& Tower with Radar,21,93,63,17,194,0,0,23,1,24,21,93,86,18,218,58,34,92,310
08/14/2008,MSN,WI,AGL,CE,Combined TRACON& Tower with Radar,22,91,53,14,180,0,0,62,9,71,22,91,115,23,251,140,42,182,433
08/15/2008,MSN,WI,AGL,CE,Combined TRACON& Tower with Radar,24,90,43,5,162,0,0,85,6,91,24,90,128,11,253,212,6,218,471
08/16/2008,MSN,WI,AGL,CE,Combined TRACON& Tower with Radar,21,67,44,1,133,0,0,130,3,133,21,67,174,4,266,120,0,120,386
08/17/2008,MSN,WI,AGL,CE,Combined TRACON& Tower with Radar,18,76,48,0,142,0,0,76,1,77,18,76,124,1,219,46,2,48,267
08/18/2008,MSN,WI,AGL,CE,Combined TRACON& Tower with Radar,21,91,11,11,134,0,0,61,6,67,21,91,72,17,201,172,26,198,399
08/19/2008,MSN,WI,AGL,CE,Combined TRACON& Tower with Radar,23,92,74,13,202,0,0,75,10,85,23,92,149,23,287,134,34,168,455
08/20/2008,MSN,WI,AGL,CE,Combined TRACON& Tower with Radar,19,98,61,28,206,0,0,35,15,50,19,98,96,43,256,46,14,60,316
08/21/2008,MSN,WI,AGL,CE,Combined TRACON& Tower with Radar,24,97,62,21,204,0,0,13,0,13,24,97,75,21,217,101,74,175,392
08/22/2008,MSN,WI,AGL,CE,Combined TRACON& Tower with Radar,25,95,77,21,218,0,0,23,2,25,25,95,100,23,243,88,14,102,345
08/23/2008,MSN,WI,AGL,CE,Combined TRACON& Tower with Radar,21,64,38,14,137,0,0,2,3,5,21,64,40,17,142,104,14,118,260
08/24/2008,MSN,WI,AGL,CE,Combined TRACON& Tower with Radar,19,75,36,7,137,0,0,79,0,79,19,75,115,7,216,74,6,80,296
08/25/2008,MSN,WI,AGL,CE,Combined TRACON& Tower with Radar,17,87,109,32,245,0,0,66,2,68,17,87,175,34,313,88,38,126,439
08/26/2008,MSN,WI,AGL,CE,Combined TRACON& Tower with Radar,25,88,83,22,218,0,2,71,2,75,25,90,154,24,293,136,50,186,479
08/27/2008,MSN,WI,AGL,CE,Combined TRACON& Tower with Radar,26,105,73,17,221,0,0,79,3,82,26,105,152,20,303,98,46,144,447
08/28/2008,MSN,WI,AGL,CE,Combined TRACON& Tower with Radar,23,91,45,18,177,0,1,25,4,30,23,92,70,22,207,106,18,124,331
08/29/2008,MSN,WI,AGL,CE,Combined TRACON& Tower with Radar,26,110,52,6,194,0,1,9,0,10,26,111,61,6,204,118,10,128,332
08/30/2008,MSN,WI,AGL,CE,Combined TRACON& Tower with Radar,20,66,46,0,132,0,2,128,0,130,20,68,174,0,262,78,0,78,340
08/31/2008,MSN,WI,AGL,CE,Combined TRACON& Tower with Radar,14,71,28,1,114,0,0,77,0,77,14,71,105,1,191,90,0,90,281
09/01/2008,MSN,WI,AGL,CE,Combined TRACON& Tower with Radar,14,90,30,1,135,1,0,8,0,9,15,90,38,1,144,114,12,126,270
09/02/2008,MSN,WI,AGL,CE,Combined TRACON& Tower with Radar,22,84,42,28,176,0,0,46,3,49,22,84,88,31,225,28,24,52,277
09/03/2008,MSN,WI,AGL,CE,Combined TRACON& Tower with Radar,26,75,48,16,165,0,0,52,8,60,26,75,100,24,225,88,26,114,339
09/04/2008,MSN,WI,AGL,CE,Combined TRACON& Tower with Radar,23,82,86,6,197,0,0,2,3,5,23,82,88,9,202,34,6,40,242
09/05/2008,MSN,WI,AGL,CE,Combined TRACON& Tower with Radar,27,91,80,25,223,0,0,7,0,7,27,91,87,25,230,64,24,88,318
09/06/2008,MSN,WI,AGL,CE,Combined TRACON& Tower with Radar,24,69,35,27,155,0,0,14,0,14,24,69,49,27,169,108,28,136,305
09/07/2008,MSN,WI,AGL,CE,Combined TRACON& Tower with Radar,21,67,38,12,138,0,0,66,2,68,21,67,104,14,206,162,6,168,374
09/08/2008,MSN,WI,AGL,CE,Combined TRACON& Tower with Radar,17,90,59,24,190,0,0,12,9,21,17,90,71,33,211,62,4,66,277
09/09/2008,MSN,WI,AGL,CE,Combined TRACON& Tower with Radar,32,88,70,12,202,0,1,78,4,83,32,89,148,16,285,96,14,110,395
09/10/2008,MSN,WI,AGL,CE,Combined TRACON& Tower with Radar,25,91,84,12,212,0,0,25,9,34,25,91,109,21,246,161,12,173,419
09/11/2008,MSN,WI,AGL,CE,Combined TRACON& Tower with Radar,26,84,50,5,165,0,0,18,6,24,26,84,68,11,189,80,28,108,297
09/12/2008,MSN,WI,AGL,CE,Combined TRACON& Tower with Radar,24,86,67,12,189,0,0,12,1,13,24,86,79,13,202,46,4,50,252
09/13/2008,MSN,WI,AGL,CE,Combined TRACON& Tower with Radar,18,54,44,1,117,0,0,0,0,0,18,54,44,1,117,30,0,30,147
09/14/2008,MSN,WI,AGL,CE,Combined TRACON& Tower with Radar,23,61,37,6,127,0,0,15,0,15,23,61,52,6,142,14,0,14,156
09/15/2008,MSN,WI,AGL,CE,Combined TRACON& Tower with Radar,24,85,50,10,169,0,1,32,0,33,24,86,82,10,202,36,4,40,242
09/16/2008,MSN,WI,AGL,CE,Combined TRACON& Tower with Radar,22,72,65,5,164,0,0,91,11,102,22,72,156,16,266,120,8,128,394
09/17/2008,MSN,WI,AGL,CE,Combined TRACON& Tower with Radar,28,83,54,5,170,0,1,86,4,91,28,84,140,9,261,116,6,122,383
09/18/2008,MSN,WI,AGL,CE,Combined TRACON& Tower with Radar,24,81,62,11,178,0,1,83,4,88,24,82,145,15,266,84,10,94,360
09/19/2008,MSN,WI,AGL,CE,Combined TRACON& Tower with Radar,23,86,39,4,152,0,0,63,5,68,23,86,102,9,220,50,8,58,278
09/20/2008,MSN,WI,AGL,CE,Combined TRACON& Tower with Radar,19,54,34,1,108,0,0,113,0,113,19,54,147,1,221,218,0,218,439
09/21/2008,MSN,WI,AGL,CE,Combined TRACON& Tower with Radar,27,60,71,0,158,0,0,46,0,46,27,60,117,0,204,108,0,108,312
09/22/2008,MSN,WI,AGL,CE,Combined TRACON& Tower with Radar,22,83,43,7,155,0,0,26,1,27,22,83,69,8,182,84,16,100,282
09/23/2008,MSN,WI,AGL,CE,Combined TRACON& Tower with Radar,23,80,85,16,204,0,0,57,9,66,23,80,142,25,270,124,14,138,408
09/24/2008,MSN,WI,AGL,CE,Combined TRACON& Tower with Radar,25,88,66,13,192,0,0,27,3,30,25,88,93,16,222,70,30,100,322
09/25/2008,MSN,WI,AGL,CE,Combined TRACON& Tower with Radar,28,82,82,27,219,0,0,78,9,87,28,82,160,36,306,120,41,161,467
09/26/2008,MSN,WI,AGL,CE,Combined TRACON& Tower with Radar,26,82,49,9,166,0,0,62,5,67,26,82,111,14,233,122,12,134,367
09/27/2008,MSN,WI,AGL,CE,Combined TRACON& Tower with Radar,19,56,38,0,113,0,0,106,0,106,19,56,144,0,219,174,0,174,393
09/28/2008,MSN,WI,AGL,CE,Combined TRACON& Tower with Radar,25,70,90,0,185,0,1,42,0,43,25,71,132,0,228,90,0,90,318
09/29/2008,MSN,WI,AGL,CE,Combined TRACON& Tower with Radar,21,82,68,20,191,0,1,10,4,15,21,83,78,24,206,112,8,120,326
09/30/2008,MSN,WI,AGL,CE,Combined TRACON& Tower with Radar,23,81,78,18,200,0,0,34,11,45,23,81,112,29,245,76,2,78,323
10/01/2008,MSN,WI,AGL,CE,Combined TRACON& Tower with Radar,24,78,48,23,173,0,5,41,17,63,24,83,89,40,236,22,26,48,284
10/02/2008,MSN,WI,AGL,CE,Combined TRACON& Tower with Radar,24,75,82,17,198,0,4,55,14,73,24,79,137,31,271,122,40,162,433
10/03/2008,MSN,WI,AGL,CE,Combined TRACON& Tower with Radar,24,88,45,14,171,0,1,99,3,103,24,89,144,17,274,138,28,166,440
10/04/2008,MSN,WI,AGL,CE,Combined TRACON& Tower with Radar,18,47,38,0,103,0,2,99,2,103,18,49,137,2,206,142,0,142,348
10/05/2008,MSN,WI,AGL,CE,Combined TRACON& Tower with Radar,24,77,63,2,166,0,1,15,0,16,24,78,78,2,182,36,0,36,218
10/06/2008,MSN,WI,AGL,CE,Combined TRACON& Tower with Radar,23,87,43,13,166,0,0,36,1,37,23,87,79,14,203,61,12,73,276
10/07/2008,MSN,WI,AGL,CE,Combined TRACON& Tower with Radar,24,84,47,4,159,0,0,14,2,16,24,84,61,6,175,26,10,36,211
10/08/2008,MSN,WI,AGL,CE,Combined TRACON& Tower with Radar,25,83,51,24,183,0,0,40,10,50,25,83,91,34,233,52,38,90,323
10/09/2008,MSN,WI,AGL,CE,Combined TRACON& Tower with Radar,23,84,44,13,164,0,0,68,10,78,23,84,112,23,242,100,28,128,370
10/10/2008,MSN,WI,AGL,CE,Combined TRACON& Tower with Radar,25,87,70,8,190,0,0,73,8,81,25,87,143,16,271,58,12,70,341
10/11/2008,MSN,WI,AGL,CE,Combined TRACON& Tower with Radar,17,48,52,1,118,0,7,109,0,116,17,55,161,1,234,86,0,86,320
10/12/2008,MSN,WI,AGL,CE,Combined TRACON& Tower with Radar,23,76,39,1,139,0,0,80,1,81,23,76,119,2,220,86,0,86,306
10/13/2008,MSN,WI,AGL,CE,Combined TRACON& Tower with Radar,23,79,56,0,158,0,1,36,0,37,23,80,92,0,195,46,0,46,241
10/14/2008,MSN,WI,AGL,CE,Combined TRACON& Tower with Radar,23,81,53,13,170,0,3,52,7,62,23,84,105,20,232,152,16,168,400
10/15/2008,MSN,WI,AGL,CE,Combined TRACON& Tower with Radar,23,81,77,12,193,0,1,4,3,8,23,82,81,15,201,28,0,28,229
10/16/2008,MSN,WI,AGL,CE,Combined TRACON& Tower with Radar,22,80,52,20,174,0,0,84,14,98,22,80,136,34,272,115,42,157,429
10/17/2008,MSN,WI,AGL,CE,Combined TRACON& Tower with Radar,19,90,62,26,197,0,3,31,5,39,19,93,93,31,236,62,24,86,322
10/18/2008,MSN,WI,AGL,CE,Combined TRACON& Tower with Radar,17,48,36,14,115,0,1,84,4,89,17,49,120,18,204,96,28,124,328
10/19/2008,MSN,WI,AGL,CE,Combined TRACON& Tower with Radar,21,71,37,10,139,0,6,51,1,58,21,77,88,11,197,104,10,114,311
10/20/2008,MSN,WI,AGL,CE,Combined TRACON& Tower with Radar,24,80,45,14,163,0,0,33,4,37,24,80,78,18,200,96,20,116,316
10/21/2008,MSN,WI,AGL,CE,Combined TRACON& Tower with Radar,24,81,42,7,154,0,0,74,26,100,24,81,116,33,254,100,36,136,390
10/22/2008,MSN,WI,AGL,CE,Combined TRACON& Tower with Radar,26,82,52,22,182,0,0,36,20,56,26,82,88,42,238,106,24,130,368
10/23/2008,MSN,WI,AGL,CE,Combined TRACON& Tower with Radar,23,88,63,21,195,0,2,34,11,47,23,90,97,32,242,88,44,132,374
10/24/2008,MSN,WI,AGL,CE,Combined TRACON& Tower with Radar,25,81,41,0,147,0,0,9,1,10,25,81,50,1,157,28,0,28,185
10/25/2008,MSN,WI,AGL,CE,Combined TRACON& Tower with Radar,17,52,30,0,99,0,2,28,0,30,17,54,58,0,129,170,0,170,299
10/26/2008,MSN,WI,AGL,CE,Combined TRACON& Tower with Radar,22,76,22,0,120,0,0,8,0,8,22,76,30,0,128,30,0,30,158
10/27/2008,MSN,WI,AGL,CE,Combined TRACON& Tower with Radar,23,78,32,16,149,0,0,18,9,27,23,78,50,25,176,50,0,50,226
10/28/2008,MSN,WI,AGL,CE,Combined TRACON& Tower with Radar,27,75,52,18,172,0,0,46,13,59,27,75,98,31,231,118,42,160,391
10/29/2008,MSN,WI,AGL,CE,Combined TRACON& Tower with Radar,25,81,61,18,185,0,1,89,12,102,25,82,150,30,287,104,22,126,413
10/30/2008,MSN,WI,AGL,CE,Combined TRACON& Tower with Radar,27,79,66,19,191,0,0,47,7,54,27,79,113,26,245,52,48,100,345
10/31/2008,MSN,WI,AGL,CE,Combined TRACON& Tower with Radar,29,75,46,19,169,0,0,73,6,79,29,75,119,25,248,86,32,118,366
11/01/2008,MSN,WI,AGL,CE,Combined TRACON& Tower with Radar,23,48,39,0,110,0,2,90,11,103,23,50,129,11,213,150,4,154,367
11/02/2008,MSN,WI,AGL,CE,Combined TRACON& Tower with Radar,15,57,20,1,93,0,0,20,1,21,15,57,40,2,114,80,12,92,206
11/03/2008,MSN,WI,AGL,CE,Combined TRACON& Tower with Radar,14,49,16,7,86,0,0,18,4,22,14,49,34,11,108,44,38,82,190
11/04/2008,MSN,WI,AGL,CE,Combined TRACON& Tower with Radar,28,71,39,21,159,0,0,44,11,55,28,71,83,32,214,132,46,178,392
11/05/2008,MSN,WI,AGL,CE,Combined TRACON& Tower with Radar,28,84,31,23,166,0,0,37,12,49,28,84,68,35,215,86,48,134,349
11/06/2008,MSN,WI,AGL,CE,Combined TRACON& Tower with Radar,26,70,56,4,156,0,0,16,8,24,26,70,72,12,180,28,0,28,208
11/07/2008,MSN,WI,AGL,CE,Combined TRACON& Tower with Radar,30,68,37,9,144,0,0,7,5,12,30,68,44,14,156,24,12,36,192
11/08/2008,MSN,WI,AGL,CE,Combined TRACON& Tower with Radar,23,49,21,0,93,0,0,0,0,0,23,49,21,0,93,4,0,4,97
11/09/2008,MSN,WI,AGL,CE,Combined TRACON& Tower with Radar,22,71,17,0,110,0,0,27,0,27,22,71,44,0,137,48,0,48,185
11/10/2008,MSN,WI,AGL,CE,Combined TRACON& Tower with Radar,27,74,50,3,154,0,1,40,3,44,27,75,90,6,198,54,0,54,252
11/11/2008,MSN,WI,AGL,CE,Combined TRACON& Tower with Radar,26,71,44,0,141,0,0,6,0,6,26,71,50,0,147,22,0,22,169
11/12/2008,MSN,WI,AGL,CE,Combined TRACON& Tower with Radar,27,72,53,1,153,0,0,0,0,0,27,72,53,1,153,0,0,0,153
11/13/2008,MSN,WI,AGL,CE,Combined TRACON& Tower with Radar,26,80,55,16,177,0,1,9,7,17,26,81,64,23,194,8,20,28,222
11/14/2008,MSN,WI,AGL,CE,Combined TRACON& Tower with Radar,28,78,43,6,155,0,0,19,4,23,28,78,62,10,178,90,2,92,270
11/15/2008,MSN,WI,AGL,CE,Combined TRACON& Tower with Radar,23,42,30,2,97,0,0,32,0,32,23,42,62,2,129,112,2,114,243
11/16/2008,MSN,WI,AGL,CE,Combined TRACON& Tower with Radar,23,74,57,1,155,0,0,64,0,64,23,74,121,1,219,146,0,146,365
11/17/2008,MSN,WI,AGL,CE,Combined TRACON& Tower with Radar,27,82,42,19,170,0,4,16,6,26,27,86,58,25,196,82,16,98,294
11/18/2008,MSN,WI,AGL,CE,Combined TRACON& Tower with Radar,27,72,57,20,176,0,1,66,14,81,27,73,123,34,257,112,0,112,369
11/19/2008,MSN,WI,AGL,CE,Combined TRACON& Tower with Radar,27,74,61,21,183,0,0,41,16,57,27,74,102,37,240,66,10,76,316
11/20/2008,MSN,WI,AGL,CE,Combined TRACON& Tower with Radar,24,77,73,20,194,0,0,23,8,31,24,77,96,28,225,66,4,70,295
11/21/2008,MSN,WI,AGL,CE,Combined TRACON& Tower with Radar,28,76,54,11,169,0,0,81,3,84,28,76,135,14,253,70,10,80,333
11/22/2008,MSN,WI,AGL,CE,Combined TRACON& Tower with Radar,22,40,37,0,99,0,2,61,0,63,22,42,98,0,162,58,0,58,220
11/23/2008,MSN,WI,AGL,CE,Combined TRACON& Tower with Radar,22,71,34,4,131,0,1,93,2,96,22,72,127,6,227,110,0,110,337
11/24/2008,MSN,WI,AGL,CE,Combined TRACON& Tower with Radar,24,72,37,7,140,0,0,10,5,15,24,72,47,12,155,42,0,42,197
11/25/2008,MSN,WI,AGL,CE,Combined TRACON& Tower with Radar,25,79,53,11,168,0,4,59,12,75,25,83,112,23,243,0,0,0,243
11/26/2008,MSN,WI,AGL,CE,Combined TRACON& Tower with Radar,26,77,42,8,153,0,0,92,3,95,26,77,134,11,248,110,20,130,378
11/27/2008,MSN,WI,AGL,CE,Combined TRACON& Tower with Radar,18,46,5,0,69,0,0,12,0,12,18,46,17,0,81,48,0,48,129
11/28/2008,MSN,WI,AGL,CE,Combined TRACON& Tower with Radar,16,53,39,0,108,0,0,77,0,77,16,53,116,0,185,102,0,102,287
11/29/2008,MSN,WI,AGL,CE,Combined TRACON& Tower with Radar,18,59,35,7,119,0,4,97,1,102,18,63,132,8,221,56,0,56,277
11/30/2008,MSN,WI,AGL,CE,Combined TRACON& Tower with Radar,18,68,41,2,129,0,0,0,0,0,18,68,41,2,129,10,0,10,139
12/01/2008,MSN,WI,AGL,CE,Combined TRACON& Tower with Radar,26,74,19,3,122,0,0,7,0,7,26,74,26,3,129,2,4,6,135
12/02/2008,MSN,WI,AGL,CE,Combined TRACON& Tower with Radar,25,70,53,22,170,0,3,46,8,57,25,73,99,30,227,90,14,104,331
12/03/2008,MSN,WI,AGL,CE,Combined TRACON& Tower with Radar,24,70,39,0,133,0,0,1,2,3,24,70,40,2,136,0,0,0,136
12/04/2008,MSN,WI,AGL,CE,Combined TRACON& Tower with Radar,26,73,52,18,169,0,0,41,7,48,26,73,93,25,217,60,20,80,297
12/05/2008,MSN,WI,AGL,CE,Combined TRACON& Tower with Radar,25,74,39,13,151,0,3,48,4,55,25,77,87,17,206,52,76,128,334
12/06/2008,MSN,WI,AGL,CE,Combined TRACON& Tower with Radar,19,41,18,0,78,0,0,6,4,10,19,41,24,4,88,0,0,0,88
12/07/2008,MSN,WI,AGL,CE,Combined TRACON& Tower with Radar,21,61,25,5,112,0,0,37,0,37,21,61,62,5,149,40,0,40,189
12/08/2008,MSN,WI,AGL,CE,Combined TRACON& Tower with Radar,26,69,21,1,117,0,0,7,0,7,26,69,28,1,124,8,0,8,132
12/09/2008,MSN,WI,AGL,CE,Combined TRACON& Tower with Radar,30,60,14,0,104,0,0,0,0,0,30,60,14,0,104,0,0,0,104
12/10/2008,MSN,WI,AGL,CE,Combined TRACON& Tower with Radar,25,75,51,16,167,0,1,57,10,68,25,76,108,26,235,32,10,42,277
12/11/2008,MSN,WI,AGL,CE,Combined TRACON& Tower with Radar,25,79,59,24,187,0,0,47,11,58,25,79,106,35,245,48,8,56,301
12/12/2008,MSN,WI,AGL,CE,Combined TRACON& Tower with Radar,22,77,38,1,138,0,0,49,2,51,22,77,87,3,189,16,0,16,205
12/13/2008,MSN,WI,AGL,CE,Combined TRACON& Tower with Radar,21,38,32,0,91,0,0,26,3,29,21,38,58,3,120,32,0,32,152
12/14/2008,MSN,WI,AGL,CE,Combined TRACON& Tower with Radar,19,69,16,0,104,0,0,3,0,3,19,69,19,0,107,6,0,6,113
12/15/2008,MSN,WI,AGL,CE,Combined TRACON& Tower with Radar,22,78,22,8,130,0,0,18,3,21,22,78,40,11,151,28,2,30,181
12/16/2008,MSN,WI,AGL,CE,Combined TRACON& Tower with Radar,22,65,47,2,136,0,0,4,0,4,22,65,51,2,140,30,0,30,170
12/17/2008,MSN,WI,AGL,CE,Combined TRACON& Tower with Radar,24,71,67,21,183,0,0,48,10,58,24,71,115,31,241,70,4,74,315
12/18/2008,MSN,WI,AGL,CE,Combined TRACON& Tower with Radar,24,71,39,12,146,0,0,39,3,42,24,71,78,15,188,38,0,38,226
12/19/2008,MSN,WI,AGL,CE,Combined TRACON& Tower with Radar,23,51,24,13,111,0,0,1,0,1,23,51,25,13,112,2,0,2,114
12/20/2008,MSN,WI,AGL,CE,Combined TRACON& Tower with Radar,29,56,20,0,105,0,0,0,0,0,29,56,20,0,105,0,0,0,105
12/21/2008,MSN,WI,AGL,CE,Combined TRACON& Tower with Radar,14,55,9,0,78,0,0,0,1,1,14,55,9,1,79,0,0,0,79
12/22/2008,MSN,WI,AGL,CE,Combined TRACON& Tower with Radar,28,63,20,8,119,0,0,28,7,35,28,63,48,15,154,20,6,26,180
12/23/2008,MSN,WI,AGL,CE,Combined TRACON& Tower with Radar,30,67,9,0,106,0,0,1,0,1,30,67,10,0,107,0,0,0,107
12/24/2008,MSN,WI,AGL,CE,Combined TRACON& Tower with Radar,19,57,9,0,85,0,0,0,0,0,19,57,9,0,85,2,0,2,87
12/25/2008,MSN,WI,AGL,CE,Combined TRACON& Tower with Radar,20,46,2,0,68,0,0,9,0,9,20,46,11,0,77,8,0,8,85
12/26/2008,MSN,WI,AGL,CE,Combined TRACON& Tower with Radar,12,39,15,0,66,0,0,0,0,0,12,39,15,0,66,0,0,0,66
12/27/2008,MSN,WI,AGL,CE,Combined TRACON& Tower with Radar,14,18,5,0,37,0,0,1,0,1,14,18,6,0,38,0,0,0,38
12/28/2008,MSN,WI,AGL,CE,Combined TRACON& Tower with Radar,22,70,22,0,114,0,0,32,0,32,22,70,54,0,146,46,0,46,192
12/29/2008,MSN,WI,AGL,CE,Combined TRACON& Tower with Radar,25,72,21,12,130,0,0,31,3,34,25,72,52,15,164,58,15,73,237
12/30/2008,MSN,WI,AGL,CE,Combined TRACON& Tower with Radar,25,78,32,8,143,0,0,32,3,35,25,78,64,11,178,48,20,68,246
12/31/2008,MSN,WI,AGL,CE,Combined TRACON& Tower with Radar,25,60,23,1,109,0,4,59,5,68,25,64,82,6,177,72,14,86,263
01/01/2009,MSN,WI,AGL,CE,Combined TRACON& Tower with Radar,23,53,8,0,84,0,0,19,0,19,23,53,27,0,103,12,0,12,115
01/02/2009,MSN,WI,AGL,CE,Combined TRACON& Tower with Radar,24,74,28,6,132,0,0,56,0,56,24,74,84,6,188,92,0,92,280
01/03/2009,MSN,WI,AGL,CE,Combined TRACON& Tower with Radar,22,60,12,3,97,0,0,14,1,15,22,60,26,4,112,34,0,34,146
01/04/2009,MSN,WI,AGL,CE,Combined TRACON& Tower with Radar,17,74,13,0,104,0,0,8,0,8,17,74,21,0,112,0,0,0,112
01/05/2009,MSN,WI,AGL,CE,Combined TRACON& Tower with Radar,25,77,32,12,146,0,0,36,4,40,25,77,68,16,186,62,14,76,262
01/06/2009,MSN,WI,AGL,CE,Combined TRACON& Tower with Radar,18,74,29,12,133,0,1,23,9,33,18,75,52,21,166,68,22,90,256
01/07/2009,MSN,WI,AGL,CE,Combined TRACON& Tower with Radar,19,79,35,11,144,0,0,9,2,11,19,79,44,13,155,0,4,4,159
01/08/2009,MSN,WI,AGL,CE,Combined TRACON& Tower with Radar,19,84,55,18,176,0,4,51,6,61,19,88,106,24,237,44,18,62,299
01/09/2009,MSN,WI,AGL,CE,Combined TRACON& Tower with Radar,19,71,27,0,117,0,0,7,0,7,19,71,34,0,124,2,0,2,126
01/10/2009,MSN,WI,AGL,CE,Combined TRACON& Tower with Radar,22,45,9,14,90,0,2,9,3,14,22,47,18,17,104,50,0,50,154
01/11/2009,MSN,WI,AGL,CE,Combined TRACON& Tower with Radar,16,71,29,8,124,0,0,26,0,26,16,71,55,8,150,54,10,64,214
01/12/2009,MSN,WI,AGL,CE,Combined TRACON& Tower with Radar,16,76,26,22,140,0,0,2,0,2,16,76,28,22,142,0,16,16,158
01/13/2009,MSN,WI,AGL,CE,Combined TRACON& Tower with Radar,19,72,31,9,131,0,0,36,12,48,19,72,67,21,179,24,8,32,211
01/14/2009,MSN,WI,AGL,CE,Combined TRACON& Tower with Radar,18,77,25,1,121,0,0,2,0,2,18,77,27,1,123,6,0,6,129
01/15/2009,MSN,WI,AGL,CE,Combined TRACON& Tower with Radar,19,72,25,0,116,0,1,16,0,17,19,73,41,0,133,36,0,36,169
01/16/2009,MSN,WI,AGL,CE,Combined TRACON& Tower with Radar,19,76,29,1,125,0,0,26,1,27,19,76,55,2,152,28,2,30,182
01/17/2009,MSN,WI,AGL,CE,Combined TRACON& Tower with Radar,16,54,16,1,87,0,0,2,0,2,16,54,18,1,89,4,0,4,93
01/18/2009,MSN,WI,AGL,CE,Combined TRACON& Tower with Radar,17,70,33,2,122,0,0,41,0,41,17,70,74,2,163,46,0,46,209
01/19/2009,MSN,WI,AGL,CE,Combined TRACON& Tower with Radar,18,78,34,0,130,0,0,29,0,29,18,78,63,0,159,42,0,42,201
01/20/2009,MSN,WI,AGL,CE,Combined TRACON& Tower with Radar,19,77,44,20,160,0,1,35,5,41,19,78,79,25,201,64,42,106,307
01/21/2009,MSN,WI,AGL,CE,Combined TRACON& Tower with Radar,18,86,43,19,166,0,0,29,7,36,18,86,72,26,202,90,34,124,326
01/22/2009,MSN,WI,AGL,CE,Combined TRACON& Tower with Radar,19,78,53,22,172,0,0,54,10,64,19,78,107,32,236,88,44,132,368
01/23/2009,MSN,WI,AGL,CE,Combined TRACON& Tower with Radar,18,78,35,24,155,0,0,10,5,15,18,78,45,29,170,22,18,40,210
01/24/2009,MSN,WI,AGL,CE,Combined TRACON& Tower with Radar,16,55,21,1,93,0,2,53,0,55,16,57,74,1,148,86,0,86,234
01/25/2009,MSN,WI,AGL,CE,Combined TRACON& Tower with Radar,16,72,30,1,119,0,0,58,2,60,16,72,88,3,179,118,0,118,297
01/26/2009,MSN,WI,AGL,CE,Combined TRACON& Tower with Radar,19,78,28,21,146,0,0,30,6,36,19,78,58,27,182,76,36,112,294
01/27/2009,MSN,WI,AGL,CE,Combined TRACON& Tower with Radar,18,80,22,21,141,0,0,31,14,45,18,80,53,35,186,50,42,92,278
01/28/2009,MSN,WI,AGL,CE,Combined TRACON& Tower with Radar,19,74,55,22,170,0,0,57,14,71,19,74,112,36,241,84,24,108,349
01/29/2009,MSN,WI,AGL,CE,Combined TRACON& Tower with Radar,19,75,25,20,139,0,0,7,11,18,19,75,32,31,157,14,14,28,185
01/30/2009,MSN,WI,AGL,CE,Combined TRACON& Tower with Radar,21,77,43,2,143,0,1,57,4,62,21,78,100,6,205,74,6,80,285
01/31/2009,MSN,WI,AGL,CE,Combined TRACON& Tower with Radar,16,56,19,1,92,0,4,54,2,60,16,60,73,3,152,172,0,172,324
02/01/2009,MSN,WI,AGL,CE,Combined TRACON& Tower with Radar,18,70,18,0,106,0,0,62,0,62,18,70,80,0,168,120,0,120,288
02/02/2009,MSN,WI,AGL,CE,Combined TRACON& Tower with Radar,18,83,28,16,145,0,0,19,4,23,18,83,47,20,168,42,22,64,232
02/03/2009,MSN,WI,AGL,CE,Combined TRACON& Tower with Radar,19,73,37,17,146,0,0,25,10,35,19,73,62,27,181,112,78,190,371
02/04/2009,MSN,WI,AGL,CE,Combined TRACON& Tower with Radar,19,79,36,4,138,0,1,44,6,51,19,80,80,10,189,104,0,104,293
02/05/2009,MSN,WI,AGL,CE,Combined TRACON& Tower with Radar,19,75,40,3,137,0,0,38,8,46,19,75,78,11,183,16,0,16,199
02/06/2009,MSN,WI,AGL,CE,Combined TRACON& Tower with Radar,18,78,44,14,154,0,0,61,2,63,18,78,105,16,217,98,30,128,345
02/07/2009,MSN,WI,AGL,CE,Combined TRACON& Tower with Radar,16,51,26,16,109,0,4,52,9,65,16,55,78,25,174,56,28,84,258
02/08/2009,MSN,WI,AGL,CE,Combined TRACON& Tower with Radar,16,75,29,6,126,0,2,122,2,126,16,77,151,8,252,92,14,106,358
02/09/2009,MSN,WI,AGL,CE,Combined TRACON& Tower with Radar,18,79,15,11,123,0,0,1,2,3,18,79,16,13,126,0,8,8,134
02/10/2009,MSN,WI,AGL,CE,Combined TRACON& Tower with Radar,19,80,32,13,144,0,0,37,10,47,19,80,69,23,191,48,14,62,253
02/11/2009,MSN,WI,AGL,CE,Combined TRACON& Tower with Radar,19,83,33,17,152,0,0,1,4,5,19,83,34,21,157,36,2,38,195
02/12/2009,MSN,WI,AGL,CE,Combined TRACON& Tower with Radar,20,65,40,9,134,0,0,27,3,30,20,65,67,12,164,48,0,48,212
02/13/2009,MSN,WI,AGL,CE,Combined TRACON& Tower with Radar,21,73,31,4,129,0,0,26,7,33,21,73,57,11,162,28,2,30,192
02/14/2009,MSN,WI,AGL,CE,Combined TRACON& Tower with Radar,17,59,25,1,102,0,4,25,0,29,17,63,50,1,131,102,0,102,233
02/15/2009,MSN,WI,AGL,CE,Combined TRACON& Tower with Radar,18,67,44,2,131,0,6,65,2,73,18,73,109,4,204,96,2,98,302
02/16/2009,MSN,WI,AGL,CE,Combined TRACON& Tower with Radar,21,74,28,0,123,0,0,82,0,82,21,74,110,0,205,62,0,62,267
02/17/2009,MSN,WI,AGL,CE,Combined TRACON& Tower with Radar,22,72,38,21,153,0,0,20,2,22,22,72,58,23,175,64,10,74,249
02/18/2009,MSN,WI,AGL,CE,Combined TRACON& Tower with Radar,23,75,19,7,124,0,0,0,0,0,23,75,19,7,124,0,0,0,124
02/19/2009,MSN,WI,AGL,CE,Combined TRACON& Tower with Radar,22,76,41,13,152,0,0,26,13,39,22,76,67,26,191,24,6,30,221
02/20/2009,MSN,WI,AGL,CE,Combined TRACON& Tower with Radar,21,77,29,15,142,0,0,41,4,45,21,77,70,19,187,74,6,80,267
02/21/2009,MSN,WI,AGL,CE,Combined TRACON& Tower with Radar,17,54,2,0,73,0,0,0,0,0,17,54,2,0,73,0,0,0,73
02/22/2009,MSN,WI,AGL,CE,Combined TRACON& Tower with Radar,16,81,39,2,138,0,0,71,0,71,16,81,110,2,209,116,0,116,325
02/23/2009,MSN,WI,AGL,CE,Combined TRACON& Tower with Radar,21,76,36,11,144,0,1,56,0,57,21,77,92,11,201,56,32,88,289
02/24/2009,MSN,WI,AGL,CE,Combined TRACON& Tower with Radar,20,74,48,21,163,0,0,38,11,49,20,74,86,32,212,36,52,88,300
02/25/2009,MSN,WI,AGL,CE,Combined TRACON& Tower with Radar,22,77,43,14,156,0,0,28,5,33,22,77,71,19,189,56,22,78,267
02/26/2009,MSN,WI,AGL,CE,Combined TRACON& Tower with Radar,19,66,42,5,132,0,0,11,0,11,19,66,53,5,143,28,10,38,181
02/27/2009,MSN,WI,AGL,CE,Combined TRACON& Tower with Radar,23,70,40,7,140,0,0,16,6,22,23,70,56,13,162,8,6,14,176
02/28/2009,MSN,WI,AGL,CE,Combined TRACON& Tower with Radar,17,54,26,0,97,0,4,36,2,42,17,58,62,2,139,168,0,168,307
03/01/2009,MSN,WI,AGL,CE,Combined TRACON& Tower with Radar,15,70,24,0,109,0,3,47,0,50,15,73,71,0,159,152,0,152,311
03/02/2009,MSN,WI,AGL,CE,Combined TRACON& Tower with Radar,23,71,21,17,132,0,0,28,6,34,23,71,49,23,166,46,26,72,238
03/03/2009,MSN,WI,AGL,CE,Combined TRACON& Tower with Radar,23,79,45,15,162,0,0,41,8,49,23,79,86,23,211,72,24,96,307
03/04/2009,MSN,WI,AGL,CE,Combined TRACON& Tower with Radar,21,75,31,19,146,0,0,42,11,53,21,75,73,30,199,48,32,80,279
03/05/2009,MSN,WI,AGL,CE,Combined TRACON& Tower with Radar,22,83,44,18,167,0,0,15,7,22,22,83,59,25,189,26,38,64,253
03/06/2009,MSN,WI,AGL,CE,Combined TRACON& Tower with Radar,23,70,44,17,154,0,1,53,8,62,23,71,97,25,216,78,24,102,318
03/07/2009,MSN,WI,AGL,CE,Combined TRACON& Tower with Radar,17,48,18,4,87,0,0,0,0,0,17,48,18,4,87,8,4,12,99
03/08/2009,MSN,WI,AGL,CE,Combined TRACON& Tower with Radar,14,66,9,0,89,0,0,0,0,0,14,66,9,0,89,0,0,0,89
03/09/2009,MSN,WI,AGL,CE,Combined TRACON& Tower with Radar,23,72,45,8,148,0,0,29,3,32,23,72,74,11,180,62,14,76,256
03/10/2009,MSN,WI,AGL,CE,Combined TRACON& Tower with Radar,22,73,29,2,126,0,0,2,0,2,22,73,31,2,128,12,0,12,140
03/11/2009,MSN,WI,AGL,CE,Combined TRACON& Tower with Radar,22,77,18,15,132,0,0,10,5,15,22,77,28,20,147,14,36,50,197
03/12/2009,MSN,WI,AGL,CE,Combined TRACON& Tower with Radar,23,86,48,14,171,0,0,68,9,77,23,86,116,23,248,96,20,116,364
03/13/2009,MSN,WI,AGL,CE,Combined TRACON& Tower with Radar,21,70,42,3,136,0,0,48,6,54,21,70,90,9,190,78,2,80,270
03/14/2009,MSN,WI,AGL,CE,Combined TRACON& Tower with Radar,15,59,23,0,97,0,6,106,0,112,15,65,129,0,209,154,0,154,363
03/15/2009,MSN,WI,AGL,CE,Combined TRACON& Tower with Radar,17,74,24,2,117,0,2,87,0,89,17,76,111,2,206,78,0,78,284
03/16/2009,MSN,WI,AGL,CE,Combined TRACON& Tower with Radar,21,71,30,19,141,0,0,54,6,60,21,71,84,25,201,54,36,90,291
03/17/2009,MSN,WI,AGL,CE,Combined TRACON& Tower with Radar,21,75,54,15,165,0,0,59,7,66,21,75,113,22,231,82,12,94,325
03/18/2009,MSN,WI,AGL,CE,Combined TRACON& Tower with Radar,27,78,41,18,164,0,1,48,9,58,27,79,89,27,222,82,10,92,314
03/19/2009,MSN,WI,AGL,CE,Combined TRACON& Tower with Radar,23,71,45,17,156,0,4,42,6,52,23,75,87,23,208,48,22,70,278
03/20/2009,MSN,WI,AGL,CE,Combined TRACON& Tower with Radar,21,78,58,8,165,0,0,76,8,84,21,78,134,16,249,98,10,108,357
03/21/2009,MSN,WI,AGL,CE,Combined TRACON& Tower with Radar,16,58,44,1,119,0,4,89,8,101,16,62,133,9,220,154,2,156,376
03/22/2009,MSN,WI,AGL,CE,Combined TRACON& Tower with Radar,17,74,46,1,138,0,2,81,6,89,17,76,127,7,227,114,0,114,341
03/23/2009,MSN,WI,AGL,CE,Combined TRACON& Tower with Radar,23,74,16,4,117,0,0,5,0,5,23,74,21,4,122,0,14,14,136
03/24/2009,MSN,WI,AGL,CE,Combined TRACON& Tower with Radar,22,76,32,0,130,0,0,0,0,0,22,76,32,0,130,4,0,4,134
03/25/2009,MSN,WI,AGL,CE,Combined TRACON& Tower with Radar,22,73,26,19,140,0,2,9,8,19,22,75,35,27,159,10,16,26,185
03/26/2009,MSN,WI,AGL,CE,Combined TRACON& Tower with Radar,21,77,55,13,166,0,1,48,18,67,21,78,103,31,233,50,20,70,303
03/27/2009,MSN,WI,AGL,CE,Combined TRACON& Tower with Radar,24,76,41,6,147,0,1,38,10,49,24,77,79,16,196,110,16,126,322
03/28/2009,MSN,WI,AGL,CE,Combined TRACON& Tower with Radar,15,54,26,1,96,0,0,16,0,16,15,54,42,1,112,48,0,48,160
03/29/2009,MSN,WI,AGL,CE,Combined TRACON& Tower with Radar,18,65,17,5,105,0,0,16,0,16,18,65,33,5,121,128,0,128,249
03/30/2009,MSN,WI,AGL,CE,Combined TRACON& Tower with Radar,23,73,29,12,137,0,0,31,4,35,23,73,60,16,172,126,16,142,314
03/31/2009,MSN,WI,AGL,CE,Combined TRACON& Tower with Radar,23,66,34,5,128,0,0,5,5,10,23,66,39,10,138,6,0,6,144
04/01/2009,MSN,WI,AGL,CE,Combined TRACON& Tower with Radar,23,73,27,7,130,0,0,23,11,34,23,73,50,18,164,76,26,102,266
04/02/2009,MSN,WI,AGL,CE,Combined TRACON& Tower with Radar,22,72,24,16,134,0,0,24,13,37,22,72,48,29,171,40,18,58,229
04/03/2009,MSN,WI,AGL,CE,Combined TRACON& Tower with Radar,23,71,38,13,145,0,0,47,4,51,23,71,85,17,196,92,12,104,300
04/04/2009,MSN,WI,AGL,CE,Combined TRACON& Tower with Radar,16,60,35,14,125,0,0,92,10,102,16,60,127,24,227,134,62,196,423
04/05/2009,MSN,WI,AGL,CE,Combined TRACON& Tower with Radar,19,64,12,0,95,0,0,1,0,1,19,64,13,0,96,26,0,26,122
04/06/2009,MSN,WI,AGL,CE,Combined TRACON& Tower with Radar,24,72,28,14,138,0,1,23,2,26,24,73,51,16,164,36,10,46,210
04/07/2009,MSN,WI,AGL,CE,Combined TRACON& Tower with Radar,23,71,49,13,156,0,0,38,10,48,23,71,87,23,204,56,14,70,274
04/08/2009,MSN,WI,AGL,CE,Combined TRACON& Tower with Radar,23,68,45,10,146,0,4,53,10,67,23,72,98,20,213,78,18,96,309
04/09/2009,MSN,WI,AGL,CE,Combined TRACON& Tower with Radar,23,68,27,15,133,0,0,70,6,76,23,68,97,21,209,102,26,128,337
04/10/2009,MSN,WI,AGL,CE,Combined TRACON& Tower with Radar,23,64,29,4,120,0,2,72,2,76,23,66,101,6,196,142,0,142,338
04/11/2009,MSN,WI,AGL,CE,Combined TRACON& Tower with Radar,15,46,27,0,88,0,0,102,0,102,15,46,129,0,190,148,0,148,338
04/12/2009,MSN,WI,AGL,CE,Combined TRACON& Tower with Radar,23,65,10,0,98,0,0,74,0,74,23,65,84,0,172,142,0,142,314
04/13/2009,MSN,WI,AGL,CE,Combined TRACON& Tower with Radar,22,64,45,12,143,0,0,13,2,15,22,64,58,14,158,40,24,64,222
04/14/2009,MSN,WI,AGL,CE,Combined TRACON& Tower with Radar,23,66,41,18,148,0,0,24,11,35,23,66,65,29,183,104,32,136,319
04/15/2009,MSN,WI,AGL,CE,Combined TRACON& Tower with Radar,25,69,51,18,163,0,4,64,6,74,25,73,115,24,237,128,28,156,393
04/16/2009,MSN,WI,AGL,CE,Combined TRACON& Tower with Radar,22,70,46,23,161,0,0,65,8,73,22,70,111,31,234,46,36,82,316
04/17/2009,MSN,WI,AGL,CE,Combined TRACON& Tower with Radar,25,70,68,7,170,0,1,83,2,86,25,71,151,9,256,150,8,158,414
04/18/2009,MSN,WI,AGL,CE,Combined TRACON& Tower with Radar,15,45,27,6,93,0,1,64,0,65,15,46,91,6,158,76,0,76,234
04/19/2009,MSN,WI,AGL,CE,Combined TRACON& Tower with Radar,20,61,75,1,157,0,0,0,0,0,20,61,75,1,157,30,0,30,187
04/20/2009,MSN,WI,AGL,CE,Combined TRACON& Tower with Radar,24,71,22,8,125,0,0,9,1,10,24,71,31,9,135,18,4,22,157
04/21/2009,MSN,WI,AGL,CE,Combined TRACON& Tower with Radar,24,67,39,1,131,0,0,6,5,11,24,67,45,6,142,28,0,28,170
04/22/2009,MSN,WI,AGL,CE,Combined TRACON& Tower with Radar,28,74,42,6,150,0,0,55,10,65,28,74,97,16,215,38,10,48,263
04/23/2009,MSN,WI,AGL,CE,Combined TRACON& Tower with Radar,24,76,58,9,167,0,0,45,4,49,24,76,103,13,216,36,12,48,264
04/24/2009,MSN,WI,AGL,CE,Combined TRACON& Tower with Radar,24,75,45,4,148,0,0,51,3,54,24,75,96,7,202,160,2,162,364
04/25/2009,MSN,WI,AGL,CE,Combined TRACON& Tower with Radar,17,39,10,0,66,0,0,1,0,1,17,39,11,0,67,0,0,0,67
04/26/2009,MSN,WI,AGL,CE,Combined TRACON& Tower with Radar,20,62,39,2,123,0,0,4,0,4,20,62,43,2,127,8,0,8,135
04/27/2009,MSN,WI,AGL,CE,Combined TRACON& Tower with Radar,27,70,32,3,132,0,0,11,1,12,27,70,43,4,144,26,0,26,170
04/28/2009,MSN,WI,AGL,CE,Combined TRACON& Tower with Radar,26,65,46,13,150,0,2,68,15,85,26,67,114,28,235,162,22,184,419
04/29/2009,MSN,WI,AGL,CE,Combined TRACON& Tower with Radar,24,69,79,9,181,0,0,18,2,20,24,69,97,11,201,56,0,56,257
04/30/2009,MSN,WI,AGL,CE,Combined TRACON& Tower with Radar,24,74,42,4,144,0,0,9,7,16,24,74,51,11,160,22,4,26,186
05/01/2009,MSN,WI,AGL,CE,Combined TRACON& Tower with Radar,25,72,35,1,133,0,0,39,10,49,25,72,74,11,182,24,0,24,206
05/02/2009,MSN,WI,AGL,CE,Combined TRACON& Tower with Radar,14,50,40,8,112,0,5,77,10,92,14,55,117,18,204,108,12,120,324
05/03/2009,MSN,WI,AGL,CE,Combined TRACON& Tower with Radar,14,72,19,6,111,0,0,81,3,84,14,72,100,9,195,146,0,146,341
05/04/2009,MSN,WI,AGL,CE,Combined TRACON& Tower with Radar,19,75,35,19,148,0,0,59,2,61,19,75,94,21,209,22,10,32,241
05/05/2009,MSN,WI,AGL,CE,Combined TRACON& Tower with Radar,18,68,46,15,147,0,1,36,8,45,18,69,82,23,192,76,28,104,296
05/06/2009,MSN,WI,AGL,CE,Combined TRACON& Tower with Radar,21,82,41,10,154,0,2,14,4,20,21,84,55,14,174,30,26,56,230
05/07/2009,MSN,WI,AGL,CE,Combined TRACON& Tower with Radar,20,94,47,18,179,0,2,33,9,44,20,96,80,27,223,74,34,108,331
05/08/2009,MSN,WI,AGL,CE,Combined TRACON& Tower with Radar,20,78,33,3,134,0,0,67,5,72,20,78,100,8,206,90,2,92,298
05/09/2009,MSN,WI,AGL,CE,Combined TRACON& Tower with Radar,13,56,34,1,104,0,2,5,0,7,13,58,39,1,111,116,0,116,227
05/10/2009,MSN,WI,AGL,CE,Combined TRACON& Tower with Radar,15,74,28,1,118,0,2,50,1,53,15,76,78,2,171,146,0,146,317
05/11/2009,MSN,WI,AGL,CE,Combined TRACON& Tower with Radar,19,75,29,23,146,0,1,37,4,42,19,76,66,27,188,78,56,134,322
05/12/2009,MSN,WI,AGL,CE,Combined TRACON& Tower with Radar,17,69,47,19,152,0,0,28,8,36,17,69,75,27,188,82,38,120,308
05/13/2009,MSN,WI,AGL,CE,Combined TRACON& Tower with Radar,23,74,33,5,135,0,2,0,0,2,23,76,33,5,137,4,0,4,141
05/14/2009,MSN,WI,AGL,CE,Combined TRACON& Tower with Radar,20,73,59,14,166,0,0,80,8,88,20,73,139,22,254,134,30,164,418
05/15/2009,MSN,WI,AGL,CE,Combined TRACON& Tower with Radar,20,73,47,21,161,0,0,31,4,35,20,73,78,25,196,42,28,70,266
05/16/2009,MSN,WI,AGL,CE,Combined TRACON& Tower with Radar,15,58,26,3,102,0,3,28,2,33,15,61,54,5,135,56,2,58,193
05/17/2009,MSN,WI,AGL,CE,Combined TRACON& Tower with Radar,14,79,45,0,138,0,4,135,0,139,14,83,180,0,277,148,2,150,427
05/18/2009,MSN,WI,AGL,CE,Combined TRACON& Tower with Radar,22,79,31,11,143,0,0,32,3,35,22,79,63,14,178,48,22,70,248
05/19/2009,MSN,WI,AGL,CE,Combined TRACON& Tower with Radar,18,80,44,20,162,0,4,45,6,55,18,84,89,26,217,88,44,132,349
05/20/2009,MSN,WI,AGL,CE,Combined TRACON& Tower with Radar,21,76,47,20,164,0,0,20,13,33,21,76,67,33,197,84,28,112,309
05/21/2009,MSN,WI,AGL,CE,Combined TRACON& Tower with Radar,19,83,45,17,164,0,0,40,13,53,19,83,85,30,217,126,30,156,373
05/22/2009,MSN,WI,AGL,CE,Combined TRACON& Tower with Radar,20,74,49,0,143,0,1,71,3,75,20,75,120,3,218,62,0,62,280
05/23/2009,MSN,WI,AGL,CE,Combined TRACON& Tower with Radar,12,49,28,0,89,0,0,34,0,34,12,49,62,0,123,114,0,114,237
05/24/2009,MSN,WI,AGL,CE,Combined TRACON& Tower with Radar,14,49,23,0,86,0,0,53,0,53,14,49,76,0,139,86,0,86,225
05/25/2009,MSN,WI,AGL,CE,Combined TRACON& Tower with Radar,14,71,39,0,124,0,0,48,2,50,14,71,87,2,174,56,0,56,230
05/26/2009,MSN,WI,AGL,CE,Combined TRACON& Tower with Radar,17,79,45,17,158,0,0,12,2,14,17,79,57,19,172,72,16,88,260
05/27/2009,MSN,WI,AGL,CE,Combined TRACON& Tower with Radar,20,78,58,2,158,0,0,0,0,0,20,78,58,2,158,22,2,24,182
05/28/2009,MSN,WI,AGL,CE,Combined TRACON& Tower with Radar,20,83,82,17,202,0,3,23,4,30,20,86,105,21,232,76,10,86,318
05/29/2009,MSN,WI,AGL,CE,Combined TRACON& Tower with Radar,19,78,46,17,160,0,0,82,4,86,19,78,128,21,246,118,22,140,386
05/30/2009,MSN,WI,AGL,CE,Combined TRACON& Tower with Radar,13,54,29,9,105,0,0,52,0,52,13,54,81,9,157,42,10,52,209
05/31/2009,MSN,WI,AGL,CE,Combined TRACON& Tower with Radar,14,75,34,5,128,0,4,98,4,106,14,79,132,9,234,138,0,138,372
06/01/2009,MSN,WI,AGL,CE,Combined TRACON& Tower with Radar,19,74,32,14,139,0,0,34,1,35,19,74,66,15,174,82,24,106,280
06/02/2009,MSN,WI,AGL,CE,Combined TRACON& Tower with Radar,18,79,50,16,163,0,0,50,10,60,18,79,100,26,223,108,24,132,355
06/03/2009,MSN,WI,AGL,CE,Combined TRACON& Tower with Radar,20,79,42,16,157,0,0,48,5,53,20,79,90,21,210,82,20,102,312
06/04/2009,MSN,WI,AGL,CE,Combined TRACON& Tower with Radar,26,69,56,12,163,0,0,85,5,90,26,69,141,17,253,164,34,198,451
06/05/2009,MSN,WI,AGL,CE,Combined TRACON& Tower with Radar,26,72,36,12,146,0,0,59,4,63,26,72,95,16,209,64,12,76,285
06/06/2009,MSN,WI,AGL,CE,Combined TRACON& Tower with Radar,22,45,19,1,87,0,0,21,0,21,22,45,40,1,108,46,0,46,154
06/07/2009,MSN,WI,AGL,CE,Combined TRACON& Tower with Radar,19,74,36,8,137,0,0,14,1,15,19,74,50,9,152,16,0,16,168
06/08/2009,MSN,WI,AGL,CE,Combined TRACON& Tower with Radar,28,65,33,4,130,0,0,5,0,5,28,65,38,4,135,22,0,22,157
06/09/2009,MSN,WI,AGL,CE,Combined TRACON& Tower with Radar,26,74,58,20,178,0,1,61,0,62,26,75,119,20,240,128,32,160,400
06/10/2009,MSN,WI,AGL,CE,Combined TRACON& Tower with Radar,26,65,38,15,144,0,1,64,0,65,26,66,102,15,209,154,24,178,387
06/11/2009,MSN,WI,AGL,CE,Combined TRACON& Tower with Radar,29,60,63,9,161,0,1,65,2,68,29,61,128,11,229,116,30,146,375
06/12/2009,MSN,WI,AGL,CE,Combined TRACON& Tower with Radar,27,62,38,15,142,0,5,76,6,87,27,67,114,21,229,78,24,102,331
06/13/2009,MSN,WI,AGL,CE,Combined TRACON& Tower with Radar,20,48,31,4,103,0,0,39,11,50,20,48,70,15,153,88,8,96,249
06/14/2009,MSN,WI,AGL,CE,Combined TRACON& Tower with Radar,18,71,24,7,120,0,0,67,0,67,18,71,91,7,187,110,6,116,303
06/15/2009,MSN,WI,AGL,CE,Combined TRACON& Tower with Radar,29,64,44,10,147,0,0,53,3,56,29,64,97,13,203,75,19,94,297
06/16/2009,MSN,WI,AGL,CE,Combined TRACON& Tower with Radar,27,68,52,18,165,0,0,30,4,34,27,68,82,22,199,72,22,94,293
06/17/2009,MSN,WI,AGL,CE,Combined TRACON& Tower with Radar,26,64,47,22,159,0,0,23,2,25,26,64,70,24,184,54,10,64,248
06/18/2009,MSN,WI,AGL,CE,Combined TRACON& Tower with Radar,31,62,31,10,134,0,1,21,1,23,31,63,52,11,157,12,18,30,187
06/19/2009,MSN,WI,AGL,CE,Combined TRACON& Tower with Radar,41,62,34,1,138,0,0,4,6,10,41,62,38,7,148,38,0,38,186
06/20/2009,MSN,WI,AGL,CE,Combined TRACON& Tower with Radar,21,43,29,1,94,0,1,87,4,92,21,44,116,5,186,114,0,114,300
06/21/2009,MSN,WI,AGL,CE,Combined TRACON& Tower with Radar,17,72,29,0,118,0,2,59,0,61,17,74,88,0,179,108,0,108,287
06/22/2009,MSN,WI,AGL,CE,Combined TRACON& Tower with Radar,29,67,33,14,143,0,0,38,2,40,29,67,71,16,183,56,14,70,253
06/23/2009,MSN,WI,AGL,CE,Combined TRACON& Tower with Radar,29,76,31,11,147,0,0,60,1,61,29,76,91,12,208,90,30,120,328
06/24/2009,MSN,WI,AGL,CE,Combined TRACON& Tower with Radar,27,60,36,9,132,0,0,35,0,35,27,60,71,9,167,56,16,72,239
06/25/2009,MSN,WI,AGL,CE,Combined TRACON& Tower with Radar,23,65,41,17,146,0,2,73,8,83,23,67,114,25,229,82,22,104,333
06/26/2009,MSN,WI,AGL,CE,Combined TRACON& Tower with Radar,29,61,45,17,152,0,2,71,7,80,29,63,116,24,232,108,26,134,366
06/27/2009,MSN,WI,AGL,CE,Combined TRACON& Tower with Radar,20,46,34,4,104,0,0,53,2,55,20,46,87,6,159,70,14,84,243
06/28/2009,MSN,WI,AGL,CE,Combined TRACON& Tower with Radar,18,74,29,5,126,0,1,62,18,81,18,75,91,23,207,78,28,106,313
06/29/2009,MSN,WI,AGL,CE,Combined TRACON& Tower with Radar,25,62,36,22,145,0,0,60,4,64,25,62,96,26,209,112,40,152,361
06/30/2009,MSN,WI,AGL,CE,Combined TRACON& Tower with Radar,26,65,82,18,191,0,1,24,3,28,26,66,106,21,219,76,24,100,319
07/01/2009,MSN,WI,AGL,CE,Combined TRACON& Tower with Radar,27,73,57,19,176,0,0,15,3,18,27,73,72,22,194,106,22,128,322
07/02/2009,MSN,WI,AGL,CE,Combined TRACON& Tower with Radar,24,64,69,3,160,0,2,61,3,66,24,66,130,6,226,146,10,156,382
07/03/2009,MSN,WI,AGL,CE,Combined TRACON& Tower with Radar,23,50,56,0,129,0,0,77,0,77,23,50,133,0,206,212,0,212,418
07/04/2009,MSN,WI,AGL,CE,Combined TRACON& Tower with Radar,13,41,17,0,71,0,1,36,0,37,13,42,53,0,108,90,0,90,198
07/05/2009,MSN,WI,AGL,CE,Combined TRACON& Tower with Radar,14,65,34,0,113,0,1,65,0,66,14,66,99,0,179,112,0,112,291
07/06/2009,MSN,WI,AGL,CE,Combined TRACON& Tower with Radar,26,60,20,10,116,0,0,62,4,66,26,60,82,14,182,90,22,112,294
07/07/2009,MSN,WI,AGL,CE,Combined TRACON& Tower with Radar,25,62,37,19,143,0,1,66,10,77,25,63,103,29,220,140,32,172,392
07/08/2009,MSN,WI,AGL,CE,Combined TRACON& Tower with Radar,26,62,40,25,153,0,2,33,7,42,26,64,73,32,195,78,28,106,301
07/09/2009,MSN,WI,AGL,CE,Combined TRACON& Tower with Radar,25,65,48,14,152,0,0,57,9,66,25,65,105,23,218,58,18,76,294
07/10/2009,MSN,WI,AGL,CE,Combined TRACON& Tower with Radar,26,67,28,0,121,0,0,28,2,30,26,67,56,2,151,12,0,12,163
07/11/2009,MSN,WI,AGL,CE,Combined TRACON& Tower with Radar,18,43,15,8,84,0,0,64,0,64,18,43,79,8,148,122,14,136,284
07/12/2009,MSN,WI,AGL,CE,Combined TRACON& Tower with Radar,18,64,20,9,111,0,0,60,2,62,18,64,80,11,173,168,6,174,347
07/13/2009,MSN,WI,AGL,CE,Combined TRACON& Tower with Radar,26,63,44,13,146,0,2,58,2,62,26,65,102,15,208,108,28,136,344
07/14/2009,MSN,WI,AGL,CE,Combined TRACON& Tower with Radar,28,72,46,13,159,0,4,49,15,68,28,76,95,28,227,82,18,100,327
07/15/2009,MSN,WI,AGL,CE,Combined TRACON& Tower with Radar,28,67,49,15,159,0,0,33,4,37,28,67,82,19,196,146,32,178,374
07/16/2009,MSN,WI,AGL,CE,Combined TRACON& Tower with Radar,27,66,58,14,165,0,1,70,4,75,27,67,128,18,240,88,28,116,356
07/17/2009,MSN,WI,AGL,CE,Combined TRACON& Tower with Radar,24,63,40,17,144,0,0,29,4,33,24,63,69,21,177,78,12,90,267
07/18/2009,MSN,WI,AGL,CE,Combined TRACON& Tower with Radar,17,47,36,6,106,0,0,29,2,31,17,47,65,8,137,46,0,46,183
07/19/2009,MSN,WI,AGL,CE,Combined TRACON& Tower with Radar,19,64,46,3,132,0,0,65,0,65,19,64,111,3,197,148,0,148,345
07/20/2009,MSN,WI,AGL,CE,Combined TRACON& Tower with Radar,28,63,38,22,151,0,0,52,5,57,28,63,90,27,208,78,46,124,332
07/21/2009,MSN,WI,AGL,CE,Combined TRACON& Tower with Radar,27,62,54,21,164,0,0,23,5,28,27,62,77,26,192,44,18,62,254
07/22/2009,MSN,WI,AGL,CE,Combined TRACON& Tower with Radar,28,64,72,25,189,0,1,29,11,41,28,65,101,36,230,150,10,160,390
07/23/2009,MSN,WI,AGL,CE,Combined TRACON& Tower with Radar,26,59,57,17,159,0,1,72,8,81,26,60,129,25,240,138,22,160,400
07/24/2009,MSN,WI,AGL,CE,Combined TRACON& Tower with Radar,26,65,57,8,156,0,0,41,3,44,26,65,98,11,200,62,2,64,264
07/25/2009,MSN,WI,AGL,CE,Combined TRACON& Tower with Radar,18,49,40,1,108,0,0,71,1,72,18,49,111,2,180,46,0,46,226
07/26/2009,MSN,WI,AGL,CE,Combined TRACON& Tower with Radar,18,66,68,4,156,0,4,87,0,91,18,70,155,4,247,126,0,126,373
07/27/2009,MSN,WI,AGL,CE,Combined TRACON& Tower with Radar,26,61,57,12,156,0,0,52,4,56,26,61,109,16,212,66,16,82,294
07/28/2009,MSN,WI,AGL,CE,Combined TRACON& Tower with Radar,32,61,62,18,173,0,0,75,11,86,32,61,137,29,259,72,16,88,347
07/29/2009,MSN,WI,AGL,CE,Combined TRACON& Tower with Radar,26,61,77,24,188,0,1,103,2,106,26,62,180,26,294,104,10,114,408
07/30/2009,MSN,WI,AGL,CE,Combined TRACON& Tower with Radar,27,61,72,16,176,0,0,40,3,43,27,61,112,19,219,62,14,76,295
07/31/2009,MSN,WI,AGL,CE,Combined TRACON& Tower with Radar,27,66,57,11,161,0,0,75,3,78,27,66,132,14,239,98,12,110,349
08/01/2009,MSN,WI,AGL,CE,Combined TRACON& Tower with Radar,17,49,24,5,95,0,0,19,0,19,17,49,43,5,114,74,8,82,196
08/02/2009,MSN,WI,AGL,CE,Combined TRACON& Tower with Radar,20,64,46,2,132,0,2,82,7,91,20,66,128,9,223,88,0,88,311
08/03/2009,MSN,WI,AGL,CE,Combined TRACON& Tower with Radar,27,61,26,26,140,0,2,40,5,47,27,63,66,31,187,74,22,96,283
08/04/2009,MSN,WI,AGL,CE,Combined TRACON& Tower with Radar,29,63,51,18,161,0,0,43,6,49,29,63,94,24,210,44,18,62,272
08/05/2009,MSN,WI,AGL,CE,Combined TRACON& Tower with Radar,29,63,39,19,150,0,1,88,8,97,29,64,127,27,247,140,18,158,405
08/06/2009,MSN,WI,AGL,CE,Combined TRACON& Tower with Radar,27,65,59,18,169,0,0,58,8,66,27,65,117,26,235,144,18,162,397
08/07/2009,MSN,WI,AGL,CE,Combined TRACON& Tower with Radar,24,66,31,0,121,0,0,12,0,12,24,66,43,0,133,18,0,18,151
08/08/2009,MSN,WI,AGL,CE,Combined TRACON& Tower with Radar,19,54,9,0,82,0,4,8,3,15,19,58,17,3,97,18,0,18,115
08/09/2009,MSN,WI,AGL,CE,Combined TRACON& Tower with Radar,19,58,33,2,112,0,0,21,0,21,19,58,54,2,133,104,0,104,237
08/10/2009,MSN,WI,AGL,CE,Combined TRACON& Tower with Radar,29,65,35,15,144,0,3,32,2,37,29,68,67,17,181,124,8,132,313
08/11/2009,MSN,WI,AGL,CE,Combined TRACON& Tower with Radar,33,74,51,16,174,0,0,63,1,64,33,74,114,17,238,206,0,206,444
08/12/2009,MSN,WI,AGL,CE,Combined TRACON& Tower with Radar,26,66,46,20,158,0,2,82,8,92,26,68,128,28,250,200,22,222,472
08/13/2009,MSN,WI,AGL,CE,Combined TRACON& Tower with Radar,27,62,53,17,159,0,0,71,7,78,27,62,124,24,237,98,20,118,355
08/14/2009,MSN,WI,AGL,CE,Combined TRACON& Tower with Radar,27,68,46,19,160,0,1,57,2,60,27,69,103,21,220,66,26,92,312
08/15/2009,MSN,WI,AGL,CE,Combined TRACON& Tower with Radar,17,56,39,1,113,0,0,66,1,67,17,56,105,2,180,122,0,122,302
08/16/2009,MSN,WI,AGL,CE,Combined TRACON& Tower with Radar,25,57,15,4,101,0,0,17,0,17,25,57,32,4,118,104,0,104,222
08/17/2009,MSN,WI,AGL,CE,Combined TRACON& Tower with Radar,30,57,53,21,161,0,0,19,1,20,30,57,72,22,181,68,34,102,283
08/18/2009,MSN,WI,AGL,CE,Combined TRACON& Tower with Radar,27,72,55,33,187,0,1,65,8,74,27,73,120,41,261,188,32,220,481
08/19/2009,MSN,WI,AGL,CE,Combined TRACON& Tower with Radar,26,65,45,21,157,0,0,41,5,46,26,65,86,26,203,64,30,94,297
08/20/2009,MSN,WI,AGL,CE,Combined TRACON& Tower with Radar,29,71,50,11,161,0,0,11,5,16,29,71,61,16,177,58,12,70,247
08/21/2009,MSN,WI,AGL,CE,Combined TRACON& Tower with Radar,25,69,76,24,194,0,0,13,0,13,25,69,89,24,207,48,28,76,283
08/22/2009,MSN,WI,AGL,CE,Combined TRACON& Tower with Radar,14,46,27,9,96,0,1,66,4,71,14,47,93,13,167,64,18,82,249
08/23/2009,MSN,WI,AGL,CE,Combined TRACON& Tower with Radar,20,64,37,13,134,0,2,77,1,80,20,66,114,14,214,178,4,182,396
08/24/2009,MSN,WI,AGL,CE,Combined TRACON& Tower with Radar,27,65,32,26,150,0,3,67,7,77,27,68,99,33,227,174,32,206,433
08/25/2009,MSN,WI,AGL,CE,Combined TRACON& Tower with Radar,28,61,40,18,147,0,0,40,3,43,28,61,80,21,190,88,10,98,288
08/26/2009,MSN,WI,AGL,CE,Combined TRACON& Tower with Radar,29,70,55,23,177,0,5,57,9,71,29,75,112,32,248,162,34,196,444
08/27/2009,MSN,WI,AGL,CE,Combined TRACON& Tower with Radar,26,64,59,20,169,0,0,23,3,26,26,64,82,23,195,66,26,92,287
08/28/2009,MSN,WI,AGL,CE,Combined TRACON& Tower with Radar,24,60,49,16,149,0,0,33,2,35,24,60,82,18,184,120,6,126,310
08/29/2009,MSN,WI,AGL,CE,Combined TRACON& Tower with Radar,14,56,41,6,117,0,1,18,2,21,14,57,59,8,138,52,8,60,198
08/30/2009,MSN,WI,AGL,CE,Combined TRACON& Tower with Radar,20,63,33,4,120,0,0,73,1,74,20,63,106,5,194,42,0,42,236
08/31/2009,MSN,WI,AGL,CE,Combined TRACON& Tower with Radar,26,64,45,19,154,0,0,65,9,74,26,64,110,28,228,86,18,104,332
09/01/2009,MSN,WI,AGL,CE,Combined TRACON& Tower with Radar,24,67,54,25,170,0,1,78,11,90,24,68,132,36,260,54,40,94,354
09/02/2009,MSN,WI,AGL,CE,Combined TRACON& Tower with Radar,23,75,56,26,180,0,6,90,6,102,23,81,146,32,282,170,58,228,510
09/03/2009,MSN,WI,AGL,CE,Combined TRACON& Tower with Radar,22,73,40,19,154,0,1,54,6,61,22,74,94,25,215,68,34,102,317
09/04/2009,MSN,WI,AGL,CE,Combined TRACON& Tower with Radar,18,68,43,2,131,0,0,77,2,79,18,68,120,4,210,50,0,50,260
09/05/2009,MSN,WI,AGL,CE,Combined TRACON& Tower with Radar,14,42,31,0,87,0,0,88,0,88,14,42,119,0,175,188,0,188,363
09/06/2009,MSN,WI,AGL,CE,Combined TRACON& Tower with Radar,12,53,31,0,96,0,0,59,0,59,12,53,90,0,155,72,0,72,227
09/07/2009,MSN,WI,AGL,CE,Combined TRACON& Tower with Radar,16,70,43,0,129,0,6,67,0,73,16,76,110,0,202,166,0,166,368
09/08/2009,MSN,WI,AGL,CE,Combined TRACON& Tower with Radar,22,74,55,16,167,0,3,47,2,52,22,77,102,18,219,130,40,170,389
09/09/2009,MSN,WI,AGL,CE,Combined TRACON& Tower with Radar,25,79,57,19,180,0,4,58,4,66,25,83,115,23,246,166,12,178,424
09/10/2009,MSN,WI,AGL,CE,Combined TRACON& Tower with Radar,23,77,63,7,170,0,2,34,3,39,23,79,97,10,209,22,8,30,239
09/11/2009,MSN,WI,AGL,CE,Combined TRACON& Tower with Radar,26,80,55,4,165,0,0,78,6,84,26,80,133,10,249,132,8,140,389
09/12/2009,MSN,WI,AGL,CE,Combined TRACON& Tower with Radar,18,62,30,2,112,0,1,44,5,50,18,63,74,7,162,100,0,100,262
09/13/2009,MSN,WI,AGL,CE,Combined TRACON& Tower with Radar,16,71,32,5,124,0,4,66,12,82,16,75,98,17,206,50,0,50,256
09/14/2009,MSN,WI,AGL,CE,Combined TRACON& Tower with Radar,24,76,52,6,158,0,3,35,1,39,24,79,87,7,197,48,2,50,247
09/15/2009,MSN,WI,AGL,CE,Combined TRACON& Tower with Radar,23,75,49,12,159,0,0,38,8,46,23,75,87,20,205,18,12,30,235
09/16/2009,MSN,WI,AGL,CE,Combined TRACON& Tower with Radar,23,72,69,10,174,0,0,54,6,60,23,72,123,16,234,72,8,80,314
09/17/2009,MSN,WI,AGL,CE,Combined TRACON& Tower with Radar,23,75,68,9,175,0,0,58,9,67,23,75,126,18,242,84,8,92,334
09/18/2009,MSN,WI,AGL,CE,Combined TRACON& Tower with Radar,23,78,38,16,155,0,0,57,6,63,23,78,95,22,218,68,8,76,294
09/19/2009,MSN,WI,AGL,CE,Combined TRACON& Tower with Radar,19,50,21,28,118,0,2,78,3,83,19,52,99,31,201,154,56,210,411
09/20/2009,MSN,WI,AGL,CE,Combined TRACON& Tower with Radar,17,67,35,14,133,0,0,40,0,40,17,67,75,14,173,120,2,122,295
09/21/2009,MSN,WI,AGL,CE,Combined TRACON& Tower with Radar,24,72,35,6,137,0,0,11,0,11,24,72,46,6,148,78,0,78,226
09/22/2009,MSN,WI,AGL,CE,Combined TRACON& Tower with Radar,21,84,47,8,160,0,0,2,0,2,21,84,49,8,162,4,0,4,166
09/23/2009,MSN,WI,AGL,CE,Combined TRACON& Tower with Radar,24,81,68,19,192,0,0,31,4,35,24,81,99,23,227,54,8,62,289
09/24/2009,MSN,WI,AGL,CE,Combined TRACON& Tower with Radar,25,74,77,22,198,0,0,8,5,13,25,74,85,27,211,40,12,52,263
09/25/2009,MSN,WI,AGL,CE,Combined TRACON& Tower with Radar,26,77,55,3,161,0,0,16,3,19,26,77,71,6,180,58,0,58,238
09/26/2009,MSN,WI,AGL,CE,Combined TRACON& Tower with Radar,15,54,94,0,163,0,0,16,2,18,15,54,110,2,181,208,0,208,389
09/27/2009,MSN,WI,AGL,CE,Combined TRACON& Tower with Radar,18,73,43,2,136,0,0,38,2,40,18,73,81,4,176,100,18,118,294
09/28/2009,MSN,WI,AGL,CE,Combined TRACON& Tower with Radar,24,74,36,8,142,0,0,8,2,10,24,74,44,10,152,14,4,18,170
09/29/2009,MSN,WI,AGL,CE,Combined TRACON& Tower with Radar,25,77,66,13,181,0,0,27,9,36,25,77,93,22,217,24,24,48,265
09/30/2009,MSN,WI,AGL,CE,Combined TRACON& Tower with Radar,25,71,53,7,156,0,0,100,2,102,25,71,153,9,258,118,12,130,388
10/01/2009,MSN,WI,AGL,CE,Combined TRACON& Tower with Radar,25,70,53,8,156,0,0,24,0,24,25,70,77,8,180,26,4,30,210
10/02/2009,MSN,WI,AGL,CE,Combined TRACON& Tower with Radar,25,69,45,0,139,0,1,3,4,8,25,70,48,4,147,16,4,20,167
10/03/2009,MSN,WI,AGL,CE,Combined TRACON& Tower with Radar,18,44,72,9,143,0,0,6,0,6,18,44,78,9,149,154,0,154,303
10/04/2009,MSN,WI,AGL,CE,Combined TRACON& Tower with Radar,19,68,52,8,147,0,0,21,0,21,19,68,73,8,168,124,2,126,294
10/05/2009,MSN,WI,AGL,CE,Combined TRACON& Tower with Radar,24,68,39,13,144,0,0,40,3,43,24,68,79,16,187,78,18,96,283
10/06/2009,MSN,WI,AGL,CE,Combined TRACON& Tower with Radar,26,71,62,2,161,0,0,4,0,4,26,71,66,2,165,14,0,14,179
10/07/2009,MSN,WI,AGL,CE,Combined TRACON& Tower with Radar,25,65,49,15,154,0,0,63,4,67,25,65,112,19,221,70,16,86,307
10/08/2009,MSN,WI,AGL,CE,Combined TRACON& Tower with Radar,25,83,43,17,168,0,1,5,9,15,25,84,48,26,183,50,20,70,253
10/09/2009,MSN,WI,AGL,CE,Combined TRACON& Tower with Radar,24,68,51,4,147,0,0,40,2,42,24,68,91,6,189,172,0,172,361
10/10/2009,MSN,WI,AGL,CE,Combined TRACON& Tower with Radar,19,57,28,2,106,0,2,34,1,37,19,59,62,3,143,40,0,40,183
10/11/2009,MSN,WI,AGL,CE,Combined TRACON& Tower with Radar,17,67,49,2,135,0,1,109,2,112,17,68,158,4,247,88,0,88,335
10/12/2009,MSN,WI,AGL,CE,Combined TRACON& Tower with Radar,22,69,33,2,126,0,0,10,4,14,22,69,43,6,140,30,0,30,170
10/13/2009,MSN,WI,AGL,CE,Combined TRACON& Tower with Radar,25,72,49,13,159,0,2,60,1,63,25,74,109,14,222,62,8,70,292
10/14/2009,MSN,WI,AGL,CE,Combined TRACON& Tower with Radar,25,78,28,8,139,0,0,0,8,8,25,78,28,16,147,34,4,38,185
10/15/2009,MSN,WI,AGL,CE,Combined TRACON& Tower with Radar,22,68,55,10,155,0,0,0,0,0,22,68,55,10,155,28,12,40,195
10/16/2009,MSN,WI,AGL,CE,Combined TRACON& Tower with Radar,19,79,48,7,153,0,2,41,11,54,19,81,89,18,207,94,14,108,315
10/17/2009,MSN,WI,AGL,CE,Combined TRACON& Tower with Radar,16,54,74,6,150,0,7,55,1,63,16,61,129,7,213,58,0,58,271
10/18/2009,MSN,WI,AGL,CE,Combined TRACON& Tower with Radar,21,80,53,3,157,0,5,94,0,99,21,85,147,3,256,122,0,122,378
10/19/2009,MSN,WI,AGL,CE,Combined TRACON& Tower with Radar,25,69,44,10,148,0,0,43,4,47,25,69,87,14,195,74,6,80,275
10/20/2009,MSN,WI,AGL,CE,Combined TRACON& Tower with Radar,23,69,61,10,163,0,2,5,5,12,23,71,66,15,175,16,4,20,195
10/21/2009,MSN,WI,AGL,CE,Combined TRACON& Tower with Radar,23,74,53,9,159,0,0,24,3,27,23,74,77,12,186,80,36,116,302
10/22/2009,MSN,WI,AGL,CE,Combined TRACON& Tower with Radar,25,58,60,4,147,0,0,0,0,0,25,58,60,4,147,0,0,0,147
10/23/2009,MSN,WI,AGL,CE,Combined TRACON& Tower with Radar,19,67,41,1,128,0,0,0,0,0,19,67,41,1,128,4,0,4,132
10/24/2009,MSN,WI,AGL,CE,Combined TRACON& Tower with Radar,16,54,35,3,108,0,3,31,3,37,16,57,66,6,145,120,0,120,265
10/25/2009,MSN,WI,AGL,CE,Combined TRACON& Tower with Radar,15,68,47,0,130,0,2,83,0,85,15,70,130,0,215,132,0,132,347
10/26/2009,MSN,WI,AGL,CE,Combined TRACON& Tower with Radar,20,80,40,6,146,0,0,0,0,0,20,80,40,6,146,12,0,12,158
10/27/2009,MSN,WI,AGL,CE,Combined TRACON& Tower with Radar,20,71,65,11,167,0,1,63,9,73,20,72,128,20,240,94,20,114,354
10/28/2009,MSN,WI,AGL,CE,Combined TRACON& Tower with Radar,22,66,69,13,170,0,0,17,3,20,22,66,86,16,190,26,10,36,226
10/29/2009,MSN,WI,AGL,CE,Combined TRACON& Tower with Radar,19,74,65,2,160,0,1,10,3,14,19,75,75,5,174,62,0,62,236
10/30/2009,MSN,WI,AGL,CE,Combined TRACON& Tower with Radar,18,78,51,0,147,0,0,7,0,7,18,78,58,0,154,6,0,6,160
10/31/2009,MSN,WI,AGL,CE,Combined TRACON& Tower with Radar,18,51,40,0,109,0,6,34,2,42,18,57,74,2,151,46,0,46,197
11/01/2009,MSN,WI,AGL,CE,Combined TRACON& Tower with Radar,15,75,43,3,136,0,4,88,5,97,15,79,131,8,233,82,0,82,315
11/02/2009,MSN,WI,AGL,CE,Combined TRACON& Tower with Radar,20,78,44,12,154,0,0,31,4,35,20,78,75,16,189,30,6,36,225
11/03/2009,MSN,WI,AGL,CE,Combined TRACON& Tower with Radar,21,80,47,10,158,0,0,63,6,69,21,80,110,16,227,76,8,84,311
11/04/2009,MSN,WI,AGL,CE,Combined TRACON& Tower with Radar,23,74,35,6,138,0,0,8,11,19,23,74,43,17,157,20,0,20,177
11/05/2009,MSN,WI,AGL,CE,Combined TRACON& Tower with Radar,21,76,59,7,163,0,0,62,2,64,21,76,121,9,227,84,8,92,319
11/06/2009,MSN,WI,AGL,CE,Combined TRACON& Tower with Radar,20,73,55,7,155,0,0,52,4,56,20,73,107,11,211,76,18,94,305
11/07/2009,MSN,WI,AGL,CE,Combined TRACON& Tower with Radar,15,49,44,10,118,0,0,98,4,102,15,49,142,14,220,136,12,148,368
11/08/2009,MSN,WI,AGL,CE,Combined TRACON& Tower with Radar,16,74,32,12,134,0,7,101,3,111,16,81,133,15,245,156,10,166,411
11/09/2009,MSN,WI,AGL,CE,Combined TRACON& Tower with Radar,20,72,43,20,155,0,2,32,6,40,20,74,75,26,195,68,10,78,273
11/10/2009,MSN,WI,AGL,CE,Combined TRACON& Tower with Radar,22,84,57,16,179,0,0,60,13,73,22,84,117,29,252,162,18,180,432
11/11/2009,MSN,WI,AGL,CE,Combined TRACON& Tower with Radar,24,80,50,0,154,0,2,56,1,59,24,82,106,1,213,142,0,142,355
11/12/2009,MSN,WI,AGL,CE,Combined TRACON& Tower with Radar,24,79,48,17,168,0,3,58,7,68,24,82,106,24,236,52,20,72,308
11/13/2009,MSN,WI,AGL,CE,Combined TRACON& Tower with Radar,21,73,45,12,151,0,3,63,2,68,21,76,108,14,219,80,14,94,313
11/14/2009,MSN,WI,AGL,CE,Combined TRACON& Tower with Radar,15,58,46,0,119,0,0,37,0,37,15,58,83,0,156,122,0,122,278
11/15/2009,MSN,WI,AGL,CE,Combined TRACON& Tower with Radar,13,73,58,2,146,0,0,81,0,81,13,73,139,2,227,140,14,154,381
11/16/2009,MSN,WI,AGL,CE,Combined TRACON& Tower with Radar,19,73,40,9,141,0,0,28,5,33,19,73,68,14,174,28,4,32,206
11/17/2009,MSN,WI,AGL,CE,Combined TRACON& Tower with Radar,20,75,44,14,153,0,0,25,13,38,20,75,69,27,191,40,18,58,249
11/18/2009,MSN,WI,AGL,CE,Combined TRACON& Tower with Radar,20,88,46,16,170,0,0,4,3,7,20,88,50,19,177,26,0,26,203
11/19/2009,MSN,WI,AGL,CE,Combined TRACON& Tower with Radar,20,73,58,8,159,0,0,10,3,13,20,73,68,11,172,36,10,46,218
11/20/2009,MSN,WI,AGL,CE,Combined TRACON& Tower with Radar,19,73,62,9,163,0,4,33,12,49,19,77,95,21,212,120,22,142,354
11/21/2009,MSN,WI,AGL,CE,Combined TRACON& Tower with Radar,13,52,50,5,120,0,10,62,0,72,13,62,112,5,192,88,0,88,280
11/22/2009,MSN,WI,AGL,CE,Combined TRACON& Tower with Radar,13,70,34,1,118,0,4,51,1,56,13,74,85,2,174,118,0,118,292
11/23/2009,MSN,WI,AGL,CE,Combined TRACON& Tower with Radar,19,73,27,5,124,0,0,0,0,0,19,73,27,5,124,8,0,8,132
11/24/2009,MSN,WI,AGL,CE,Combined TRACON& Tower with Radar,21,73,49,9,152,0,0,0,0,0,21,73,49,9,152,6,0,6,158
11/25/2009,MSN,WI,AGL,CE,Combined TRACON& Tower with Radar,20,79,34,0,133,0,0,1,0,1,20,79,35,0,134,12,0,12,146
11/26/2009,MSN,WI,AGL,CE,Combined TRACON& Tower with Radar,8,46,9,0,63,0,0,1,0,1,8,46,10,0,64,0,0,0,64
11/27/2009,MSN,WI,AGL,CE,Combined TRACON& Tower with Radar,15,45,21,0,81,0,1,61,0,62,15,46,82,0,143,58,0,58,201
11/28/2009,MSN,WI,AGL,CE,Combined TRACON& Tower with Radar,18,64,35,0,117,0,5,116,1,122,18,69,151,1,239,120,0,120,359
11/29/2009,MSN,WI,AGL,CE,Combined TRACON& Tower with Radar,17,73,52,0,142,0,0,6,0,6,17,73,58,0,148,70,0,70,218
11/30/2009,MSN,WI,AGL,CE,Combined TRACON& Tower with Radar,21,78,35,18,152,0,0,26,10,36,21,78,61,28,188,32,18,50,238
12/01/2009,MSN,WI,AGL,CE,Combined TRACON& Tower with Radar,21,74,35,12,142,0,3,53,12,68,21,77,88,24,210,108,6,114,324
12/02/2009,MSN,WI,AGL,CE,Combined TRACON& Tower with Radar,24,76,42,15,157,0,0,28,7,35,24,76,70,22,192,56,14,70,262
12/03/2009,MSN,WI,AGL,CE,Combined TRACON& Tower with Radar,22,74,42,8,146,0,0,6,0,6,22,74,48,8,152,18,6,24,176
12/04/2009,MSN,WI,AGL,CE,Combined TRACON& Tower with Radar,20,74,35,17,146,0,0,14,9,23,20,74,49,26,169,42,10,52,221
12/05/2009,MSN,WI,AGL,CE,Combined TRACON& Tower with Radar,13,50,26,10,99,0,2,63,1,66,13,52,89,11,165,92,6,98,263
12/06/2009,MSN,WI,AGL,CE,Combined TRACON& Tower with Radar,14,72,31,2,119,0,2,77,0,79,14,74,108,2,198,102,0,102,300
12/07/2009,MSN,WI,AGL,CE,Combined TRACON& Tower with Radar,20,68,51,5,144,0,1,7,1,9,20,69,58,6,153,10,4,14,167
12/08/2009,MSN,WI,AGL,CE,Combined TRACON& Tower with Radar,16,52,35,0,103,0,0,0,0,0,16,52,35,0,103,0,0,0,103
12/09/2009,MSN,WI,AGL,CE,Combined TRACON& Tower with Radar,15,41,9,0,65,0,0,0,0,0,15,41,9,0,65,0,0,0,65
12/10/2009,MSN,WI,AGL,CE,Combined TRACON& Tower with Radar,24,72,29,3,128,0,0,17,13,30,24,72,46,16,158,8,2,10,168
12/11/2009,MSN,WI,AGL,CE,Combined TRACON& Tower with Radar,19,67,34,0,120,0,0,38,0,38,19,67,72,0,158,24,0,24,182
12/12/2009,MSN,WI,AGL,CE,Combined TRACON& Tower with Radar,15,48,30,1,94,0,4,38,1,43,15,52,68,2,137,104,0,104,241
12/13/2009,MSN,WI,AGL,CE,Combined TRACON& Tower with Radar,13,68,28,0,109,0,0,0,0,0,13,68,28,0,109,0,0,0,109
12/14/2009,MSN,WI,AGL,CE,Combined TRACON& Tower with Radar,20,71,30,0,121,0,0,0,0,0,20,71,30,0,121,0,0,0,121
12/15/2009,MSN,WI,AGL,CE,Combined TRACON& Tower with Radar,20,75,34,15,144,0,0,28,13,41,20,75,62,28,185,78,8,86,271
12/16/2009,MSN,WI,AGL,CE,Combined TRACON& Tower with Radar,25,83,51,20,179,0,0,58,12,70,25,83,109,32,249,84,22,106,355
12/17/2009,MSN,WI,AGL,CE,Combined TRACON& Tower with Radar,23,75,50,24,172,0,1,36,16,53,23,76,86,40,225,46,24,70,295
12/18/2009,MSN,WI,AGL,CE,Combined TRACON& Tower with Radar,25,62,60,15,162,0,1,10,0,11,25,63,70,15,173,6,4,10,183
12/19/2009,MSN,WI,AGL,CE,Combined TRACON& Tower with Radar,20,54,20,4,98,0,0,3,0,3,20,54,23,4,101,8,0,8,109
12/20/2009,MSN,WI,AGL,CE,Combined TRACON& Tower with Radar,21,59,35,0,115,0,0,12,0,12,21,59,47,0,127,132,0,132,259
12/21/2009,MSN,WI,AGL,CE,Combined TRACON& Tower with Radar,23,66,25,23,137,0,0,1,0,1,23,66,26,23,138,10,0,10,148
12/22/2009,MSN,WI,AGL,CE,Combined TRACON& Tower with Radar,28,67,22,4,121,0,0,0,0,0,28,67,22,4,121,2,0,2,123
12/23/2009,MSN,WI,AGL,CE,Combined TRACON& Tower with Radar,25,66,23,6,120,0,0,2,2,4,25,66,25,8,124,46,10,56,180
12/24/2009,MSN,WI,AGL,CE,Combined TRACON& Tower with Radar,20,43,3,0,66,0,0,1,0,1,20,43,4,0,67,0,0,0,67
12/25/2009,MSN,WI,AGL,CE,Combined TRACON& Tower with Radar,18,40,5,0,63,0,0,0,0,0,18,40,5,0,63,0,0,0,63
12/26/2009,MSN,WI,AGL,CE,Combined TRACON& Tower with Radar,14,52,15,0,81,0,0,0,0,0,14,52,15,0,81,4,0,4,85
12/27/2009,MSN,WI,AGL,CE,Combined TRACON& Tower with Radar,22,67,21,3,113,0,0,3,0,3,22,67,24,3,116,18,0,18,134
12/28/2009,MSN,WI,AGL,CE,Combined TRACON& Tower with Radar,23,72,14,21,130,0,0,36,2,38,23,72,50,23,168,46,14,60,228
12/29/2009,MSN,WI,AGL,CE,Combined TRACON& Tower with Radar,26,71,29,20,146,0,5,102,3,110,26,76,131,23,256,148,48,196,452
12/30/2009,MSN,WI,AGL,CE,Combined TRACON& Tower with Radar,30,63,17,18,128,0,0,12,2,14,30,63,29,20,142,6,0,6,148
12/31/2009,MSN,WI,AGL,CE,Combined TRACON& Tower with Radar,17,44,15,3,79,0,0,22,1,23,17,44,37,4,102,32,0,32,134
01/01/2010,MSN,WI,AGL,CE,Combined TRACON& Tower with Radar,20,43,17,0,80,0,0,24,0,24,20,43,41,0,104,54,0,54,158
01/02/2010,MSN,WI,AGL,CE,Combined TRACON& Tower with Radar,16,65,22,0,103,0,0,40,0,40,16,65,62,0,143,98,0,98,241
01/03/2010,MSN,WI,AGL,CE,Combined TRACON& Tower with Radar,22,56,21,1,100,0,2,19,0,21,22,58,40,1,121,76,0,76,197
01/04/2010,MSN,WI,AGL,CE,Combined TRACON& Tower with Radar,26,67,33,20,146,0,1,29,2,32,26,68,62,22,178,76,22,98,276
01/05/2010,MSN,WI,AGL,CE,Combined TRACON& Tower with Radar,22,78,31,21,152,0,4,32,21,57,22,82,63,42,209,132,28,160,369
01/06/2010,MSN,WI,AGL,CE,Combined TRACON& Tower with Radar,24,70,54,27,175,0,0,14,8,22,24,70,68,35,197,90,6,96,293
01/07/2010,MSN,WI,AGL,CE,Combined TRACON& Tower with Radar,24,64,13,0,101,0,0,0,0,0,24,64,13,0,101,94,6,100,201
01/08/2010,MSN,WI,AGL,CE,Combined TRACON& Tower with Radar,21,63,23,14,121,0,0,17,7,24,21,63,40,21,145,34,8,42,187
01/09/2010,MSN,WI,AGL,CE,Combined TRACON& Tower with Radar,17,39,38,13,107,0,4,75,1,80,17,43,113,14,187,136,28,164,351
01/10/2010,MSN,WI,AGL,CE,Combined TRACON& Tower with Radar,23,59,15,8,105,0,3,29,0,32,23,62,44,8,137,52,8,60,197
01/11/2010,MSN,WI,AGL,CE,Combined TRACON& Tower with Radar,27,69,13,14,123,0,0,19,4,23,27,69,32,18,146,54,20,74,220
01/12/2010,MSN,WI,AGL,CE,Combined TRACON& Tower with Radar,24,70,44,19,157,0,0,60,4,64,24,70,104,23,221,60,38,98,319
01/13/2010,MSN,WI,AGL,CE,Combined TRACON& Tower with Radar,25,67,43,20,155,0,0,55,5,60,25,67,98,25,215,116,32,148,363
01/14/2010,MSN,WI,AGL,CE,Combined TRACON& Tower with Radar,25,67,60,20,172,0,0,2,0,2,25,67,62,20,174,20,0,20,194
01/15/2010,MSN,WI,AGL,CE,Combined TRACON& Tower with Radar,21,73,24,2,120,0,0,2,0,2,21,73,26,2,122,0,0,0,122
01/16/2010,MSN,WI,AGL,CE,Combined TRACON& Tower with Radar,10,27,12,0,49,0,0,0,0,0,10,27,12,0,49,2,0,2,51
01/17/2010,MSN,WI,AGL,CE,Combined TRACON& Tower with Radar,18,56,13,2,89,0,0,0,0,0,18,56,13,2,89,0,0,0,89
01/18/2010,MSN,WI,AGL,CE,Combined TRACON& Tower with Radar,24,79,43,0,146,0,0,18,0,18,24,79,61,0,164,68,0,68,232
01/19/2010,MSN,WI,AGL,CE,Combined TRACON& Tower with Radar,22,76,37,19,154,0,0,32,5,37,22,76,69,24,191,62,18,80,271
01/20/2010,MSN,WI,AGL,CE,Combined TRACON& Tower with Radar,25,65,37,17,144,0,0,21,4,25,25,65,58,21,169,60,0,60,229
01/21/2010,MSN,WI,AGL,CE,Combined TRACON& Tower with Radar,26,71,40,20,157,0,0,11,2,13,26,71,51,22,170,42,6,48,218
01/22/2010,MSN,WI,AGL,CE,Combined TRACON& Tower with Radar,21,72,33,16,142,0,1,0,0,1,21,73,33,16,143,0,0,0,143
01/23/2010,MSN,WI,AGL,CE,Combined TRACON& Tower with Radar,17,44,14,2,77,0,0,0,0,0,17,44,14,2,77,0,0,0,77
01/24/2010,MSN,WI,AGL,CE,Combined TRACON& Tower with Radar,20,59,15,1,95,0,0,0,0,0,20,59,15,1,95,6,0,6,101
01/25/2010,MSN,WI,AGL,CE,Combined TRACON& Tower with Radar,28,68,21,19,136,0,0,2,2,4,28,68,23,21,140,26,0,26,166
01/26/2010,MSN,WI,AGL,CE,Combined TRACON& Tower with Radar,21,65,52,30,168,0,0,46,15,61,21,65,98,45,229,190,36,226,455
01/27/2010,MSN,WI,AGL,CE,Combined TRACON& Tower with Radar,25,72,52,22,171,0,0,47,7,54,25,72,99,29,225,132,30,162,387
01/28/2010,MSN,WI,AGL,CE,Combined TRACON& Tower with Radar,23,81,44,13,161,0,3,38,14,55,23,84,82,27,216,116,12,128,344
01/29/2010,MSN,WI,AGL,CE,Combined TRACON& Tower with Radar,24,66,27,5,122,0,0,41,7,48,24,66,68,12,170,38,2,40,210
01/30/2010,MSN,WI,AGL,CE,Combined TRACON& Tower with Radar,18,41,49,0,108,0,0,71,0,71,18,41,120,0,179,102,0,102,281
01/31/2010,MSN,WI,AGL,CE,Combined TRACON& Tower with Radar,20,60,21,0,101,0,2,86,2,90,20,62,107,2,191,136,0,136,327
02/01/2010,MSN,WI,AGL,CE,Combined TRACON& Tower with Radar,23,70,20,8,121,0,0,17,0,17,23,70,37,8,138,48,12,60,198
02/02/2010,MSN,WI,AGL,CE,Combined TRACON& Tower with Radar,23,67,33,4,127,0,0,1,0,1,23,67,34,4,128,6,12,18,146
02/03/2010,MSN,WI,AGL,CE,Combined TRACON& Tower with Radar,27,72,33,22,154,0,0,43,17,60,27,72,76,39,214,110,38,148,362
02/04/2010,MSN,WI,AGL,CE,Combined TRACON& Tower with Radar,25,67,64,22,178,0,1,19,10,30,25,68,83,32,208,86,52,138,346
02/05/2010,MSN,WI,AGL,CE,Combined TRACON& Tower with Radar,22,67,55,15,159,0,0,6,0,6,22,67,61,15,165,28,0,28,193
02/06/2010,MSN,WI,AGL,CE,Combined TRACON& Tower with Radar,18,43,60,12,133,0,0,35,6,41,18,43,95,18,174,56,10,66,240
02/07/2010,MSN,WI,AGL,CE,Combined TRACON& Tower with Radar,19,56,30,6,111,0,2,47,3,52,19,58,77,9,163,108,0,108,271
02/08/2010,MSN,WI,AGL,CE,Combined TRACON& Tower with Radar,24,71,47,25,167,0,0,3,4,7,24,71,50,29,174,70,24,94,268
02/09/2010,MSN,WI,AGL,CE,Combined TRACON& Tower with Radar,26,63,6,1,96,0,0,0,0,0,26,63,6,1,96,2,0,2,98
02/10/2010,MSN,WI,AGL,CE,Combined TRACON& Tower with Radar,26,58,43,10,137,0,0,24,1,25,26,58,67,11,162,38,20,58,220
02/11/2010,MSN,WI,AGL,CE,Combined TRACON& Tower with Radar,26,58,57,13,154,0,0,59,14,73,26,58,116,27,227,82,30,112,339
02/12/2010,MSN,WI,AGL,CE,Combined TRACON& Tower with Radar,22,71,51,8,152,0,0,45,2,47,22,71,96,10,199,62,6,68,267
02/13/2010,MSN,WI,AGL,CE,Combined TRACON& Tower with Radar,14,58,37,0,109,0,2,139,0,141,14,60,176,0,250,116,0,116,366
02/14/2010,MSN,WI,AGL,CE,Combined TRACON& Tower with Radar,17,62,26,2,107,0,3,57,2,62,17,65,83,4,169,92,0,92,261
02/15/2010,MSN,WI,AGL,CE,Combined TRACON& Tower with Radar,20,70,33,0,123,0,0,6,0,6,20,70,39,0,129,34,0,34,163
02/16/2010,MSN,WI,AGL,CE,Combined TRACON& Tower with Radar,21,81,43,15,160,0,0,14,12,26,21,81,57,27,186,54,20,74,260
02/17/2010,MSN,WI,AGL,CE,Combined TRACON& Tower with Radar,21,90,42,25,178,0,1,20,11,32,21,91,62,36,210,78,38,116,326
02/18/2010,MSN,WI,AGL,CE,Combined TRACON& Tower with Radar,22,77,53,20,172,0,0,47,18,65,22,77,100,38,237,138,46,184,421
02/19/2010,MSN,WI,AGL,CE,Combined TRACON& Tower with Radar,20,79,62,21,182,0,1,80,12,93,20,80,142,33,275,110,26,136,411
02/20/2010,MSN,WI,AGL,CE,Combined TRACON& Tower with Radar,15,56,21,0,92,0,0,1,0,1,15,56,22,0,93,4,0,4,97
02/21/2010,MSN,WI,AGL,CE,Combined TRACON& Tower with Radar,16,60,22,0,98,0,0,14,0,14,16,60,36,0,112,46,0,46,158
02/22/2010,MSN,WI,AGL,CE,Combined TRACON& Tower with Radar,22,70,29,12,133,0,0,0,0,0,22,70,29,12,133,10,0,10,143
02/23/2010,MSN,WI,AGL,CE,Combined TRACON& Tower with Radar,20,68,39,24,151,0,0,13,8,21,20,68,52,32,172,18,14,32,204
02/24/2010,MSN,WI,AGL,CE,Combined TRACON& Tower with Radar,25,85,37,15,162,0,0,13,3,16,25,85,50,18,178,68,2,70,248
02/25/2010,MSN,WI,AGL,CE,Combined TRACON& Tower with Radar,21,72,51,26,170,0,0,66,17,83,21,72,117,43,253,90,14,104,357
02/26/2010,MSN,WI,AGL,CE,Combined TRACON& Tower with Radar,20,73,37,8,138,0,0,59,3,62,20,73,96,11,200,120,8,128,328
02/27/2010,MSN,WI,AGL,CE,Combined TRACON& Tower with Radar,17,58,39,2,116,0,2,35,0,37,17,60,74,2,153,86,0,86,239
02/28/2010,MSN,WI,AGL,CE,Combined TRACON& Tower with Radar,17,67,37,2,123,0,2,35,0,37,17,69,72,2,160,122,20,142,302
03/01/2010,MSN,WI,AGL,CE,Combined TRACON& Tower with Radar,23,68,29,13,133,0,0,27,3,30,23,68,56,16,163,96,24,120,283
03/02/2010,MSN,WI,AGL,CE,Combined TRACON& Tower with Radar,24,71,60,6,161,0,0,19,4,23,24,71,79,10,184,52,18,70,254
03/03/2010,MSN,WI,AGL,CE,Combined TRACON& Tower with Radar,24,93,53,12,182,0,0,60,7,67,24,93,113,19,249,122,8,130,379
03/04/2010,MSN,WI,AGL,CE,Combined TRACON& Tower with Radar,23,82,58,11,174,0,2,58,5,65,23,84,116,16,239,88,24,112,351
03/05/2010,MSN,WI,AGL,CE,Combined TRACON& Tower with Radar,19,85,51,17,172,0,0,71,5,76,19,85,122,22,248,174,28,202,450
03/06/2010,MSN,WI,AGL,CE,Combined TRACON& Tower with Radar,15,57,45,11,128,0,0,112,13,125,15,57,157,24,253,146,24,170,423
03/07/2010,MSN,WI,AGL,CE,Combined TRACON& Tower with Radar,19,71,20,9,119,0,0,23,2,25,19,71,43,11,144,98,0,98,242
03/08/2010,MSN,WI,AGL,CE,Combined TRACON& Tower with Radar,23,60,34,20,137,0,0,5,8,13,23,60,39,28,150,38,22,60,210
03/09/2010,MSN,WI,AGL,CE,Combined TRACON& Tower with Radar,23,58,46,17,144,0,1,6,2,9,23,59,52,19,153,4,6,10,163
03/10/2010,MSN,WI,AGL,CE,Combined TRACON& Tower with Radar,20,57,41,3,121,0,0,0,0,0,20,57,41,3,121,12,0,12,133
03/11/2010,MSN,WI,AGL,CE,Combined TRACON& Tower with Radar,20,72,51,21,164,0,0,0,0,0,20,72,51,21,164,14,10,24,188
03/12/2010,MSN,WI,AGL,CE,Combined TRACON& Tower with Radar,23,81,51,17,172,0,1,22,17,40,23,82,73,34,212,64,16,80,292
03/13/2010,MSN,WI,AGL,CE,Combined TRACON& Tower with Radar,17,49,32,2,100,0,0,0,0,0,17,49,32,2,100,10,0,10,110
03/14/2010,MSN,WI,AGL,CE,Combined TRACON& Tower with Radar,20,71,30,0,121,0,0,29,0,29,20,71,59,0,150,100,0,100,250
03/15/2010,MSN,WI,AGL,CE,Combined TRACON& Tower with Radar,22,74,48,26,170,0,5,48,12,65,22,79,96,38,235,94,28,122,357
03/16/2010,MSN,WI,AGL,CE,Combined TRACON& Tower with Radar,23,75,69,19,186,0,7,69,20,96,23,82,138,39,282,86,44,130,412
03/17/2010,MSN,WI,AGL,CE,Combined TRACON& Tower with Radar,26,79,57,26,188,0,0,76,16,92,26,79,133,42,280,112,22,134,414
03/18/2010,MSN,WI,AGL,CE,Combined TRACON& Tower with Radar,23,79,55,13,170,0,1,85,16,102,23,80,140,29,272,162,14,176,448
03/19/2010,MSN,WI,AGL,CE,Combined TRACON& Tower with Radar,20,79,50,10,159,0,0,52,2,54,20,79,102,12,213,36,14,50,263
03/20/2010,MSN,WI,AGL,CE,Combined TRACON& Tower with Radar,16,48,13,11,88,0,2,24,1,27,16,50,37,12,115,74,18,92,207
03/21/2010,MSN,WI,AGL,CE,Combined TRACON& Tower with Radar,21,62,45,9,137,0,0,129,2,131,21,62,174,11,268,224,0,224,492
03/22/2010,MSN,WI,AGL,CE,Combined TRACON& Tower with Radar,23,72,30,5,130,0,0,48,14,62,23,72,78,19,192,64,0,64,256
03/23/2010,MSN,WI,AGL,CE,Combined TRACON& Tower with Radar,24,73,54,11,162,0,0,57,15,72,24,73,111,26,234,72,4,76,310
03/24/2010,MSN,WI,AGL,CE,Combined TRACON& Tower with Radar,25,69,45,6,145,0,0,58,22,80,25,69,103,28,225,102,14,116,341
03/25/2010,MSN,WI,AGL,CE,Combined TRACON& Tower with Radar,26,72,51,9,158,0,0,25,10,35,26,72,76,19,193,76,2,78,271
03/26/2010,MSN,WI,AGL,CE,Combined TRACON& Tower with Radar,21,70,38,2,131,0,1,71,5,77,21,71,109,7,208,146,0,146,354
03/27/2010,MSN,WI,AGL,CE,Combined TRACON& Tower with Radar,22,59,35,8,124,0,0,57,9,66,22,59,92,17,190,80,4,84,274
03/28/2010,MSN,WI,AGL,CE,Combined TRACON& Tower with Radar,21,64,30,1,116,0,0,67,0,67,21,64,97,1,183,156,0,156,339
03/29/2010,MSN,WI,AGL,CE,Combined TRACON& Tower with Radar,24,70,33,8,135,0,1,64,9,74,24,71,97,17,209,96,6,102,311
03/30/2010,MSN,WI,AGL,CE,Combined TRACON& Tower with Radar,25,66,44,10,145,0,0,45,15,60,25,66,89,25,205,54,0,54,259
03/31/2010,MSN,WI,AGL,CE,Combined TRACON& Tower with Radar,23,71,31,5,130,0,0,30,11,41,23,71,61,16,171,126,0,126,297
04/01/2010,MSN,WI,AGL,CE,Combined TRACON& Tower with Radar,23,69,44,3,139,0,0,45,6,51,23,69,89,9,190,166,0,166,356
04/02/2010,MSN,WI,AGL,CE,Combined TRACON& Tower with Radar,19,70,39,12,140,0,0,28,8,36,19,70,67,20,176,70,18,88,264
04/03/2010,MSN,WI,AGL,CE,Combined TRACON& Tower with Radar,17,56,30,2,105,0,4,28,0,32,17,60,58,2,137,24,0,24,161
04/04/2010,MSN,WI,AGL,CE,Combined TRACON& Tower with Radar,18,60,26,0,104,0,0,15,0,15,18,60,41,0,119,10,0,10,129
04/05/2010,MSN,WI,AGL,CE,Combined TRACON& Tower with Radar,22,69,29,4,124,0,0,38,4,42,22,69,67,8,166,94,4,98,264
04/06/2010,MSN,WI,AGL,CE,Combined TRACON& Tower with Radar,27,62,66,11,166,0,0,0,0,0,27,62,66,11,166,22,2,24,190
04/07/2010,MSN,WI,AGL,CE,Combined TRACON& Tower with Radar,25,59,62,11,157,0,0,9,0,9,25,59,71,11,166,32,0,32,198
04/08/2010,MSN,WI,AGL,CE,Combined TRACON& Tower with Radar,26,64,38,19,147,0,0,22,12,34,26,64,60,31,181,88,10,98,279
04/09/2010,MSN,WI,AGL,CE,Combined TRACON& Tower with Radar,22,70,50,24,166,0,2,99,10,111,22,72,149,34,277,126,48,174,451
04/10/2010,MSN,WI,AGL,CE,Combined TRACON& Tower with Radar,19,44,32,20,115,0,4,71,2,77,19,48,103,22,192,72,16,88,280
04/11/2010,MSN,WI,AGL,CE,Combined TRACON& Tower with Radar,26,55,33,13,127,0,14,84,2,100,26,69,117,15,227,0,0,0,227
04/12/2010,MSN,WI,AGL,CE,Combined TRACON& Tower with Radar,24,63,43,20,150,0,0,26,15,41,24,63,69,35,191,32,30,62,253
04/13/2010,MSN,WI,AGL,CE,Combined TRACON& Tower with Radar,24,72,48,24,168,0,2,53,21,76,24,74,101,45,244,124,28,152,396
04/14/2010,MSN,WI,AGL,CE,Combined TRACON& Tower with Radar,25,64,49,22,160,0,0,52,16,68,25,64,101,38,228,90,36,126,354
04/15/2010,MSN,WI,AGL,CE,Combined TRACON& Tower with Radar,24,61,41,24,150,0,0,50,14,64,24,61,91,38,214,26,36,62,276
04/16/2010,MSN,WI,AGL,CE,Combined TRACON& Tower with Radar,22,56,40,13,131,0,0,47,9,56,22,56,87,22,187,76,4,80,267
04/17/2010,MSN,WI,AGL,CE,Combined TRACON& Tower with Radar,19,44,32,20,115,0,4,71,2,77,19,48,103,22,192,76,0,76,268
04/18/2010,MSN,WI,AGL,CE,Combined TRACON& Tower with Radar,26,55,33,13,127,0,14,84,2,100,26,69,117,15,227,130,0,130,357
04/19/2010,MSN,WI,AGL,CE,Combined TRACON& Tower with Radar,24,65,54,18,161,0,0,44,20,64,24,65,98,38,225,88,22,110,335
04/20/2010,MSN,WI,AGL,CE,Combined TRACON& Tower with Radar,25,66,52,19,162,0,0,82,19,101,25,66,134,38,263,168,54,222,485
04/21/2010,MSN,WI,AGL,CE,Combined TRACON& Tower with Radar,25,66,33,24,148,0,1,85,20,106,25,67,118,44,254,92,36,128,382
04/22/2010,MSN,WI,AGL,CE,Combined TRACON& Tower with Radar,24,67,57,24,172,0,1,78,9,88,24,68,135,33,260,92,40,132,392
04/23/2010,MSN,WI,AGL,CE,Combined TRACON& Tower with Radar,22,67,50,18,157,0,0,48,5,53,22,67,98,23,210,114,22,136,346
04/24/2010,MSN,WI,AGL,CE,Combined TRACON& Tower with Radar,19,40,34,0,93,0,0,0,0,0,19,40,34,0,93,34,0,34,127
04/25/2010,MSN,WI,AGL,CE,Combined TRACON& Tower with Radar,26,46,23,3,98,0,0,3,0,3,26,46,26,3,101,26,0,26,127
04/26/2010,MSN,WI,AGL,CE,Combined TRACON& Tower with Radar,25,64,37,19,145,0,0,60,3,63,25,64,97,22,208,104,6,110,318
04/27/2010,MSN,WI,AGL,CE,Combined TRACON& Tower with Radar,25,63,49,25,162,0,1,55,16,72,25,64,104,41,234,98,38,136,370
04/28/2010,MSN,WI,AGL,CE,Combined TRACON& Tower with Radar,25,64,65,23,177,0,0,83,22,105,25,64,148,45,282,80,36,116,398
04/29/2010,MSN,WI,AGL,CE,Combined TRACON& Tower with Radar,25,63,34,18,140,0,1,24,13,38,25,64,58,31,178,84,36,120,298
04/30/2010,MSN,WI,AGL,CE,Combined TRACON& Tower with Radar,22,64,43,17,146,0,0,19,5,24,22,64,62,22,170,52,26,78,248
05/01/2010,MSN,WI,AGL,CE,Combined TRACON& Tower with Radar,19,44,40,15,118,0,6,58,0,64,19,50,98,15,182,146,22,168,350
05/02/2010,MSN,WI,AGL,CE,Combined TRACON& Tower with Radar,24,54,39,13,130,0,0,78,0,78,24,54,117,13,208,136,20,156,364
05/03/2010,MSN,WI,AGL,CE,Combined TRACON& Tower with Radar,27,69,32,17,145,0,4,30,8,42,27,73,62,25,187,24,16,40,227
05/04/2010,MSN,WI,AGL,CE,Combined TRACON& Tower with Radar,26,67,35,11,139,0,2,40,9,51,26,69,75,20,190,14,18,32,222
05/05/2010,MSN,WI,AGL,CE,Combined TRACON& Tower with Radar,26,75,48,14,163,0,2,20,5,27,26,77,68,19,190,36,2,38,228
05/06/2010,MSN,WI,AGL,CE,Combined TRACON& Tower with Radar,30,66,55,17,168,0,1,65,11,77,30,67,120,28,245,94,14,108,353
05/07/2010,MSN,WI,AGL,CE,Combined TRACON& Tower with Radar,26,58,46,11,141,0,0,0,0,0,26,58,46,11,141,22,2,24,165
05/08/2010,MSN,WI,AGL,CE,Combined TRACON& Tower with Radar,17,42,31,0,90,0,0,26,0,26,17,42,57,0,116,70,0,70,186
05/09/2010,MSN,WI,AGL,CE,Combined TRACON& Tower with Radar,26,68,36,2,132,0,2,88,1,91,26,70,124,3,223,146,0,146,369
05/10/2010,MSN,WI,AGL,CE,Combined TRACON& Tower with Radar,29,65,31,21,146,0,0,42,7,49,29,65,73,28,195,172,22,194,389
05/11/2010,MSN,WI,AGL,CE,Combined TRACON& Tower with Radar,27,61,35,2,125,0,0,0,0,0,27,61,35,2,125,14,0,14,139
05/12/2010,MSN,WI,AGL,CE,Combined TRACON& Tower with Radar,29,64,64,20,177,0,1,0,0,1,29,65,64,20,178,22,8,30,208
05/13/2010,MSN,WI,AGL,CE,Combined TRACON& Tower with Radar,27,70,58,2,157,0,0,3,12,15,27,70,61,14,172,26,20,46,218
05/14/2010,MSN,WI,AGL,CE,Combined TRACON& Tower with Radar,26,70,37,19,152,0,1,50,16,67,26,71,87,35,219,20,18,38,257
05/15/2010,MSN,WI,AGL,CE,Combined TRACON& Tower with Radar,18,41,38,0,97,0,0,137,1,138,18,41,175,1,235,48,0,48,283
05/16/2010,MSN,WI,AGL,CE,Combined TRACON& Tower with Radar,28,61,25,2,116,0,1,48,3,52,28,62,73,5,168,28,0,28,196
05/17/2010,MSN,WI,AGL,CE,Combined TRACON& Tower with Radar,26,64,44,22,156,0,0,54,17,71,26,64,98,39,227,102,46,148,375
05/18/2010,MSN,WI,AGL,CE,Combined TRACON& Tower with Radar,27,65,62,23,177,0,0,73,24,97,27,65,135,47,274,82,24,106,380
05/19/2010,MSN,WI,AGL,CE,Combined TRACON& Tower with Radar,27,62,49,23,161,0,1,81,11,93,27,63,130,34,254,106,24,130,384
05/20/2010,MSN,WI,AGL,CE,Combined TRACON& Tower with Radar,28,65,46,22,161,0,2,76,11,89,28,67,122,33,250,168,34,202,452
05/21/2010,MSN,WI,AGL,CE,Combined TRACON& Tower with Radar,23,64,75,0,162,0,0,9,2,11,23,64,84,2,173,84,0,84,257
05/22/2010,MSN,WI,AGL,CE,Combined TRACON& Tower with Radar,18,39,30,0,87,0,2,43,0,45,18,41,73,0,132,60,0,60,192
05/23/2010,MSN,WI,AGL,CE,Combined TRACON& Tower with Radar,26,53,29,3,111,0,4,52,0,56,26,57,81,3,167,54,0,54,221
05/24/2010,MSN,WI,AGL,CE,Combined TRACON& Tower with Radar,27,66,38,26,157,0,0,69,12,81,27,66,107,38,238,96,22,118,356
05/25/2010,MSN,WI,AGL,CE,Combined TRACON& Tower with Radar,27,72,33,0,132,0,3,36,0,39,27,75,69,0,171,18,0,18,189
05/26/2010,MSN,WI,AGL,CE,Combined TRACON& Tower with Radar,33,74,47,27,181,0,0,36,21,57,33,74,83,48,238,50,28,78,316
05/27/2010,MSN,WI,AGL,CE,Combined TRACON& Tower with Radar,27,62,48,8,145,0,2,76,14,92,27,64,124,22,237,154,28,182,419
05/28/2010,MSN,WI,AGL,CE,Combined TRACON& Tower with Radar,25,65,47,0,137,0,0,70,6,76,25,65,117,6,213,64,0,64,277
05/29/2010,MSN,WI,AGL,CE,Combined TRACON& Tower with Radar,16,40,22,1,79,0,1,71,1,73,16,41,93,2,152,120,0,120,272
05/30/2010,MSN,WI,AGL,CE,Combined TRACON& Tower with Radar,22,36,38,0,96,0,0,57,0,57,22,36,95,0,153,24,0,24,177
05/31/2010,MSN,WI,AGL,CE,Combined TRACON& Tower with Radar,36,54,38,2,130,0,2,26,0,28,36,56,64,2,158,72,0,72,230
06/01/2010,MSN,WI,AGL,CE,Combined TRACON& Tower with Radar,23,64,37,15,139,0,0,30,16,46,23,64,67,31,185,66,4,70,255
06/02/2010,MSN,WI,AGL,CE,Combined TRACON& Tower with Radar,30,66,36,13,145,0,0,24,19,43,30,66,60,32,188,64,18,82,270
06/03/2010,MSN,WI,AGL,CE,Combined TRACON& Tower with Radar,28,64,62,16,170,0,2,55,23,80,28,66,117,39,250,78,14,92,342
06/04/2010,MSN,WI,AGL,CE,Combined TRACON& Tower with Radar,24,64,53,16,157,0,2,14,12,28,24,66,67,28,185,80,32,112,297
06/05/2010,MSN,WI,AGL,CE,Combined TRACON& Tower with Radar,20,37,24,1,82,0,2,26,2,30,20,39,50,3,112,36,6,42,154
06/06/2010,MSN,WI,AGL,CE,Combined TRACON& Tower with Radar,27,54,42,3,126,0,0,22,0,22,27,54,64,3,148,92,0,92,240
06/07/2010,MSN,WI,AGL,CE,Combined TRACON& Tower with Radar,26,65,40,25,156,0,1,42,2,45,26,66,82,27,201,32,40,72,273
06/08/2010,MSN,WI,AGL,CE,Combined TRACON& Tower with Radar,27,68,54,12,161,0,0,0,0,0,27,68,54,12,161,20,6,26,187
06/09/2010,MSN,WI,AGL,CE,Combined TRACON& Tower with Radar,36,58,46,28,168,0,2,53,5,60,36,60,99,33,228,102,32,134,362
06/10/2010,MSN,WI,AGL,CE,Combined TRACON& Tower with Radar,27,67,43,23,160,0,0,52,5,57,27,67,95,28,217,106,14,120,337
06/11/2010,MSN,WI,AGL,CE,Combined TRACON& Tower with Radar,27,74,32,12,145,0,0,27,7,34,27,74,59,19,179,48,12,60,239
06/12/2010,MSN,WI,AGL,CE,Combined TRACON& Tower with Radar,29,41,33,14,117,0,0,11,0,11,29,41,44,14,128,44,0,44,172
06/13/2010,MSN,WI,AGL,CE,Combined TRACON& Tower with Radar,19,64,61,14,158,0,0,5,0,5,19,64,66,14,163,42,0,42,205
06/14/2010,MSN,WI,AGL,CE,Combined TRACON& Tower with Radar,26,65,48,0,139,0,0,1,0,1,26,65,49,0,140,38,0,38,178
06/15/2010,MSN,WI,AGL,CE,Combined TRACON& Tower with Radar,27,63,63,5,158,0,0,2,5,7,27,63,65,10,165,22,0,22,187
06/16/2010,MSN,WI,AGL,CE,Combined TRACON& Tower with Radar,27,67,61,18,173,0,1,83,1,85,27,68,144,19,258,90,10,100,358
06/17/2010,MSN,WI,AGL,CE,Combined TRACON& Tower with Radar,28,66,68,20,182,0,1,77,9,87,28,67,145,29,269,44,24,68,337
06/18/2010,MSN,WI,AGL,CE,Combined TRACON& Tower with Radar,28,61,30,2,121,0,1,17,2,20,28,62,47,4,141,4,0,4,145
06/19/2010,MSN,WI,AGL,CE,Combined TRACON& Tower with Radar,26,43,16,2,87,0,0,67,4,71,26,43,83,6,158,52,0,52,210
06/20/2010,MSN,WI,AGL,CE,Combined TRACON& Tower with Radar,20,63,34,0,117,0,0,59,0,59,20,63,93,0,176,74,0,74,250
06/21/2010,MSN,WI,AGL,CE,Combined TRACON& Tower with Radar,27,55,23,0,105,0,0,20,0,20,27,55,43,0,125,56,0,56,181
06/22/2010,MSN,WI,AGL,CE,Combined TRACON& Tower with Radar,30,74,56,15,175,0,3,38,4,45,30,77,94,19,220,34,20,54,274
06/23/2010,MSN,WI,AGL,CE,Combined TRACON& Tower with Radar,30,56,37,17,140,0,0,15,4,19,30,56,52,21,159,40,24,64,223
06/24/2010,MSN,WI,AGL,CE,Combined TRACON& Tower with Radar,28,63,68,13,172,0,1,75,5,81,28,64,143,18,253,72,20,92,345
06/25/2010,MSN,WI,AGL,CE,Combined TRACON& Tower with Radar,25,69,51,10,155,0,4,73,3,80,25,73,124,13,235,106,16,122,357
06/26/2010,MSN,WI,AGL,CE,Combined TRACON& Tower with Radar,22,46,42,1,111,0,1,52,2,55,22,47,94,3,166,50,2,52,218
06/27/2010,MSN,WI,AGL,CE,Combined TRACON& Tower with Radar,20,63,34,0,117,0,0,59,0,59,20,63,93,0,176,8,2,10,186
06/28/2010,MSN,WI,AGL,CE,Combined TRACON& Tower with Radar,27,66,42,18,153,0,1,50,1,52,27,67,92,19,205,98,26,124,329
06/29/2010,MSN,WI,AGL,CE,Combined TRACON& Tower with Radar,28,64,66,15,173,0,0,77,0,77,28,64,143,15,250,106,16,122,372
06/30/2010,MSN,WI,AGL,CE,Combined TRACON& Tower with Radar,25,67,43,16,151,0,1,91,5,97,25,68,134,21,248,176,38,214,462
07/01/2010,MSN,WI,AGL,CE,Combined TRACON& Tower with Radar,28,64,50,14,156,0,1,84,4,89,28,65,134,18,245,104,34,138,383
07/02/2010,MSN,WI,AGL,CE,Combined TRACON& Tower with Radar,28,72,35,1,136,0,5,85,3,93,28,77,120,4,229,108,0,108,337
07/03/2010,MSN,WI,AGL,CE,Combined TRACON& Tower with Radar,19,46,20,1,86,0,9,59,2,70,19,55,79,3,156,52,8,60,216
07/04/2010,MSN,WI,AGL,CE,Combined TRACON& Tower with Radar,17,46,9,0,72,0,0,30,0,30,17,46,39,0,102,52,0,52,154
07/05/2010,MSN,WI,AGL,CE,Combined TRACON& Tower with Radar,20,60,27,8,115,0,0,13,0,13,20,60,40,8,128,90,0,90,218
07/06/2010,MSN,WI,AGL,CE,Combined TRACON& Tower with Radar,29,61,56,14,160,0,2,31,0,33,29,63,87,14,193,114,12,126,319
07/07/2010,MSN,WI,AGL,CE,Combined TRACON& Tower with Radar,31,78,51,1,161,0,1,15,0,16,31,79,66,1,177,56,0,56,233
07/08/2010,MSN,WI,AGL,CE,Combined TRACON& Tower with Radar,27,76,71,19,193,0,1,37,0,38,27,77,108,19,231,136,20,156,387
07/09/2010,MSN,WI,AGL,CE,Combined TRACON& Tower with Radar,26,67,41,21,155,0,2,94,6,102,26,69,135,27,257,162,38,200,457
07/10/2010,MSN,WI,AGL,CE,Combined TRACON& Tower with Radar,26,44,17,5,92,0,0,68,5,73,26,44,85,10,165,134,2,136,301
07/11/2010,MSN,WI,AGL,CE,Combined TRACON& Tower with Radar,19,58,28,3,108,0,1,65,0,66,19,59,93,3,174,96,0,96,270
07/12/2010,MSN,WI,AGL,CE,Combined TRACON& Tower with Radar,24,63,43,15,145,0,0,7,0,7,24,63,50,15,152,56,10,66,218
07/13/2010,MSN,WI,AGL,CE,Combined TRACON& Tower with Radar,27,73,63,16,179,0,0,55,1,56,27,73,118,17,235,142,40,182,417
07/14/2010,MSN,WI,AGL,CE,Combined TRACON& Tower with Radar,25,71,51,15,162,0,0,42,5,47,25,71,93,20,209,106,30,136,345
07/15/2010,MSN,WI,AGL,CE,Combined TRACON& Tower with Radar,21,71,47,21,160,0,0,60,1,61,21,71,107,22,221,120,0,120,341
07/16/2010,MSN,WI,AGL,CE,Combined TRACON& Tower with Radar,25,67,46,5,143,0,4,69,2,75,25,71,115,7,218,102,0,102,320
07/17/2010,MSN,WI,AGL,CE,Combined TRACON& Tower with Radar,26,48,21,7,102,0,1,72,4,77,26,49,93,11,179,140,0,140,319
07/18/2010,MSN,WI,AGL,CE,Combined TRACON& Tower with Radar,17,63,13,1,94,0,2,26,2,30,17,65,39,3,124,80,2,82,206
07/19/2010,MSN,WI,AGL,CE,Combined TRACON& Tower with Radar,21,62,41,13,137,0,1,55,2,58,21,63,96,15,195,82,28,110,305
07/20/2010,MSN,WI,AGL,CE,Combined TRACON& Tower with Radar,26,70,63,24,183,0,1,39,2,42,26,71,102,26,225,98,22,120,345
07/21/2010,MSN,WI,AGL,CE,Combined TRACON& Tower with Radar,27,68,43,15,153,0,0,86,5,91,27,68,129,20,244,72,30,102,346
07/22/2010,MSN,WI,AGL,CE,Combined TRACON& Tower with Radar,26,61,38,1,126,0,0,6,1,7,26,61,44,2,133,0,0,0,133
07/23/2010,MSN,WI,AGL,CE,Combined TRACON& Tower with Radar,31,74,59,1,165,0,0,50,2,52,31,74,109,3,217,40,0,40,257
07/24/2010,MSN,WI,AGL,CE,Combined TRACON& Tower with Radar,22,47,42,5,116,0,0,51,1,52,22,47,93,6,168,14,0,14,182
07/25/2010,MSN,WI,AGL,CE,Combined TRACON& Tower with Radar,16,61,58,1,136,0,3,135,3,141,16,64,193,4,277,36,0,36,313
07/26/2010,MSN,WI,AGL,CE,Combined TRACON& Tower with Radar,29,69,41,11,150,0,0,80,3,83,29,69,121,14,233,60,26,86,319
07/27/2010,MSN,WI,AGL,CE,Combined TRACON& Tower with Radar,28,75,51,9,163,0,0,76,10,86,28,75,127,19,249,14,36,50,299
07/28/2010,MSN,WI,AGL,CE,Combined TRACON& Tower with Radar,27,71,61,18,177,0,0,57,3,60,27,71,118,21,237,34,30,64,301
07/29/2010,MSN,WI,AGL,CE,Combined TRACON& Tower with Radar,27,66,54,10,157,0,0,104,8,112,27,66,158,18,269,44,8,52,321
07/30/2010,MSN,WI,AGL,CE,Combined TRACON& Tower with Radar,24,75,40,5,144,0,0,64,2,66,24,75,104,7,210,12,10,22,232
07/31/2010,MSN,WI,AGL,CE,Combined TRACON& Tower with Radar,24,45,30,27,126,0,0,35,3,38,24,45,65,30,164,40,36,76,240
08/01/2010,MSN,WI,AGL,CE,Combined TRACON& Tower with Radar,14,64,55,8,141,0,3,82,2,87,14,67,137,10,228,120,6,126,354
08/02/2010,MSN,WI,AGL,CE,Combined TRACON& Tower with Radar,27,68,52,8,155,0,0,51,2,53,27,68,103,10,208,92,18,110,318
08/03/2010,MSN,WI,AGL,CE,Combined TRACON& Tower with Radar,30,71,52,15,168,0,2,43,1,46,30,73,95,16,214,64,4,68,282
08/04/2010,MSN,WI,AGL,CE,Combined TRACON& Tower with Radar,34,65,41,15,155,0,3,47,0,50,34,68,88,15,205,108,0,108,313
08/05/2010,MSN,WI,AGL,CE,Combined TRACON& Tower with Radar,29,71,54,13,167,0,2,82,7,91,29,73,136,20,258,102,14,116,374
08/06/2010,MSN,WI,AGL,CE,Combined TRACON& Tower with Radar,25,66,46,17,154,0,1,79,5,85,25,67,125,22,239,64,16,80,319
08/07/2010,MSN,WI,AGL,CE,Combined TRACON& Tower with Radar,21,46,30,3,100,0,0,55,5,60,21,46,85,8,160,152,0,152,312
08/08/2010,MSN,WI,AGL,CE,Combined TRACON& Tower with Radar,2,29,10,3,44,0,0,2,0,2,2,29,12,3,46,56,0,56,102
08/09/2010,MSN,WI,AGL,CE,Combined TRACON& Tower with Radar,23,40,22,3,88,0,0,21,2,23,23,40,43,5,111,54,0,54,165
08/10/2010,MSN,WI,AGL,CE,Combined TRACON& Tower with Radar,25,67,38,5,135,0,1,39,0,40,25,68,77,5,175,94,10,104,279
08/11/2010,MSN,WI,AGL,CE,Combined TRACON& Tower with Radar,26,72,42,3,143,0,1,51,1,53,26,73,93,4,196,44,2,46,242
08/12/2010,MSN,WI,AGL,CE,Combined TRACON& Tower with Radar,27,76,48,9,160,0,4,61,3,68,27,80,109,12,228,78,10,88,316
08/13/2010,MSN,WI,AGL,CE,Combined TRACON& Tower with Radar,27,54,25,4,110,0,1,4,0,5,27,55,29,4,115,32,0,32,147
08/14/2010,MSN,WI,AGL,CE,Combined TRACON& Tower with Radar,24,46,45,16,131,0,2,43,0,45,24,48,88,16,176,180,0,180,356
08/15/2010,MSN,WI,AGL,CE,Combined TRACON& Tower with Radar,18,60,38,6,122,0,2,80,1,83,18,62,118,7,205,80,0,80,285
08/16/2010,MSN,WI,AGL,CE,Combined TRACON& Tower with Radar,26,61,23,6,116,0,0,45,3,48,26,61,68,9,164,82,6,88,252
08/17/2010,MSN,WI,AGL,CE,Combined TRACON& Tower with Radar,27,66,50,7,150,0,1,75,2,78,27,67,125,9,228,44,2,46,274
08/18/2010,MSN,WI,AGL,CE,Combined TRACON& Tower with Radar,31,68,76,7,182,0,0,54,2,56,31,68,130,9,238,80,8,88,326
08/19/2010,MSN,WI,AGL,CE,Combined TRACON& Tower with Radar,29,70,55,5,159,0,0,53,4,57,29,70,108,9,216,122,6,128,344
08/20/2010,MSN,WI,AGL,CE,Combined TRACON& Tower with Radar,23,65,43,5,136,0,0,38,3,41,23,65,81,8,177,42,4,46,223
08/21/2010,MSN,WI,AGL,CE,Combined TRACON& Tower with Radar,26,47,36,18,127,0,0,14,0,14,26,47,50,18,141,56,20,76,217
08/22/2010,MSN,WI,AGL,CE,Combined TRACON& Tower with Radar,19,65,29,9,122,0,0,50,1,51,19,65,79,10,173,38,4,42,215
08/23/2010,MSN,WI,AGL,CE,Combined TRACON& Tower with Radar,28,60,34,4,126,0,0,56,2,58,28,60,90,6,184,98,2,100,284
08/24/2010,MSN,WI,AGL,CE,Combined TRACON& Tower with Radar,28,66,66,23,183,0,3,53,2,58,28,69,119,25,241,96,34,130,371
08/25/2010,MSN,WI,AGL,CE,Combined TRACON& Tower with Radar,30,72,49,26,177,0,1,72,2,75,30,73,121,28,252,132,36,168,420
08/26/2010,MSN,WI,AGL,CE,Combined TRACON& Tower with Radar,31,69,63,20,183,0,1,86,2,89,31,70,149,22,272,172,24,196,468
08/27/2010,MSN,WI,AGL,CE,Combined TRACON& Tower with Radar,30,64,38,16,148,0,3,76,1,80,30,67,114,17,228,136,4,140,368
08/28/2010,MSN,WI,AGL,CE,Combined TRACON& Tower with Radar,23,46,26,12,107,0,3,58,5,66,23,49,84,17,173,36,4,40,213
08/29/2010,MSN,WI,AGL,CE,Combined TRACON& Tower with Radar,19,67,29,2,117,0,2,83,1,86,19,69,112,3,203,120,0,120,323
08/30/2010,MSN,WI,AGL,CE,Combined TRACON& Tower with Radar,32,68,23,22,145,0,3,35,0,38,32,71,58,22,183,42,36,78,261
08/31/2010,MSN,WI,AGL,CE,Combined TRACON& Tower with Radar,29,64,50,11,154,0,0,15,0,15,29,64,65,11,169,54,0,54,223
09/01/2010,MSN,WI,AGL,CE,Combined TRACON& Tower with Radar,30,65,73,21,189,0,0,14,2,16,30,65,87,23,205,20,0,20,225
09/02/2010,MSN,WI,AGL,CE,Combined TRACON& Tower with Radar,35,72,32,8,147,0,0,1,0,1,35,72,33,8,148,20,0,20,168
09/03/2010,MSN,WI,AGL,CE,Combined TRACON& Tower with Radar,30,63,28,0,121,0,1,13,0,14,30,64,41,0,135,10,0,10,145
09/04/2010,MSN,WI,AGL,CE,Combined TRACON& Tower with Radar,22,41,33,0,96,0,2,64,0,66,22,43,97,0,162,98,0,98,260
09/05/2010,MSN,WI,AGL,CE,Combined TRACON& Tower with Radar,26,45,25,0,96,0,0,84,0,84,26,45,109,0,180,78,0,78,258
09/06/2010,MSN,WI,AGL,CE,Combined TRACON& Tower with Radar,27,74,30,0,131,0,1,33,0,34,27,75,63,0,165,78,0,78,243
09/07/2010,MSN,WI,AGL,CE,Combined TRACON& Tower with Radar,28,74,29,4,135,0,0,9,4,13,28,74,38,8,148,6,2,8,156
09/08/2010,MSN,WI,AGL,CE,Combined TRACON& Tower with Radar,27,69,50,2,148,0,4,92,3,99,27,73,142,5,247,116,0,116,363
09/09/2010,MSN,WI,AGL,CE,Combined TRACON& Tower with Radar,29,70,52,2,153,0,3,41,2,46,29,73,93,4,199,44,0,44,243
09/10/2010,MSN,WI,AGL,CE,Combined TRACON& Tower with Radar,27,65,36,3,131,0,0,63,0,63,27,65,99,3,194,100,0,100,294
09/11/2010,MSN,WI,AGL,CE,Combined TRACON& Tower with Radar,13,52,37,2,104,0,0,8,0,8,13,52,45,2,112,36,0,36,148
09/12/2010,MSN,WI,AGL,CE,Combined TRACON& Tower with Radar,15,64,43,2,124,0,2,91,2,95,15,66,134,4,219,148,0,148,367
09/13/2010,MSN,WI,AGL,CE,Combined TRACON& Tower with Radar,26,66,59,16,167,0,0,57,2,59,26,66,116,18,226,114,38,152,378
09/14/2010,MSN,WI,AGL,CE,Combined TRACON& Tower with Radar,29,72,46,14,161,0,4,59,1,64,29,76,105,15,225,110,26,136,361
09/15/2010,MSN,WI,AGL,CE,Combined TRACON& Tower with Radar,28,64,60,12,164,0,0,44,0,44,28,64,104,12,208,90,30,120,328
09/16/2010,MSN,WI,AGL,CE,Combined TRACON& Tower with Radar,30,69,53,22,174,0,0,28,1,29,30,69,81,23,203,58,8,66,269
09/17/2010,MSN,WI,AGL,CE,Combined TRACON& Tower with Radar,28,68,62,13,171,0,3,66,5,74,28,71,128,18,245,88,28,116,361
09/18/2010,MSN,WI,AGL,CE,Combined TRACON& Tower with Radar,16,49,52,0,117,0,0,31,0,31,16,49,83,0,148,146,0,146,294
09/19/2010,MSN,WI,AGL,CE,Combined TRACON& Tower with Radar,22,70,50,3,145,0,0,70,1,71,22,70,120,4,216,156,8,164,380
09/20/2010,MSN,WI,AGL,CE,Combined TRACON& Tower with Radar,16,38,28,6,88,0,0,9,0,9,16,38,37,6,97,72,16,88,185
09/21/2010,MSN,WI,AGL,CE,Combined TRACON& Tower with Radar,23,60,26,15,124,0,6,16,0,22,23,66,42,15,146,58,16,74,220
09/22/2010,MSN,WI,AGL,CE,Combined TRACON& Tower with Radar,28,68,74,9,179,0,3,55,0,58,28,71,129,9,237,108,14,122,359
09/23/2010,MSN,WI,AGL,CE,Combined TRACON& Tower with Radar,34,62,42,11,149,0,1,9,2,12,34,63,51,13,161,46,16,62,223
09/24/2010,MSN,WI,AGL,CE,Combined TRACON& Tower with Radar,26,74,44,6,150,0,0,9,0,9,26,74,53,6,159,8,4,12,171
09/25/2010,MSN,WI,AGL,CE,Combined TRACON& Tower with Radar,13,49,35,2,99,0,2,61,0,63,13,51,96,2,162,114,0,114,276
09/26/2010,MSN,WI,AGL,CE,Combined TRACON& Tower with Radar,18,65,35,2,120,0,1,76,0,77,18,66,111,2,197,138,0,138,335
09/27/2010,MSN,WI,AGL,CE,Combined TRACON& Tower with Radar,26,63,47,18,154,0,0,60,0,60,26,63,107,18,214,164,30,194,408
09/28/2010,MSN,WI,AGL,CE,Combined TRACON& Tower with Radar,29,68,34,7,138,0,1,31,8,40,29,69,65,15,178,20,10,30,208
09/29/2010,MSN,WI,AGL,CE,Combined TRACON& Tower with Radar,28,65,43,22,158,0,4,83,1,88,28,69,126,23,246,132,12,144,390
09/30/2010,MSN,WI,AGL,CE,Combined TRACON& Tower with Radar,27,75,47,17,166,0,0,60,2,62,27,75,107,19,228,90,28,118,346
10/01/2010,MSN,WI,AGL,CE,Combined TRACON& Tower with Radar,26,72,52,15,165,0,3,69,3,75,26,75,121,18,240,80,32,112,352
10/02/2010,MSN,WI,AGL,CE,Combined TRACON& Tower with Radar,19,46,39,12,116,0,0,31,0,31,19,46,70,12,147,84,26,110,257
10/03/2010,MSN,WI,AGL,CE,Combined TRACON& Tower with Radar,23,64,52,3,142,0,1,84,0,85,23,65,136,3,227,180,0,180,407
10/04/2010,MSN,WI,AGL,CE,Combined TRACON& Tower with Radar,29,67,26,7,129,0,1,43,0,44,29,68,69,7,173,70,16,86,259
10/05/2010,MSN,WI,AGL,CE,Combined TRACON& Tower with Radar,34,62,54,14,164,0,1,82,4,87,34,63,136,18,251,184,36,220,471
10/06/2010,MSN,WI,AGL,CE,Combined TRACON& Tower with Radar,36,59,68,16,179,0,1,45,5,51,36,60,113,21,230,96,24,120,350
10/07/2010,MSN,WI,AGL,CE,Combined TRACON& Tower with Radar,34,67,62,10,173,0,0,28,9,37,34,67,90,19,210,52,0,52,262
10/08/2010,MSN,WI,AGL,CE,Combined TRACON& Tower with Radar,30,70,48,2,150,0,0,70,0,70,30,70,118,2,220,152,0,152,372
10/09/2010,MSN,WI,AGL,CE,Combined TRACON& Tower with Radar,15,50,31,0,96,0,2,97,0,99,15,52,128,0,195,92,0,92,287
10/10/2010,MSN,WI,AGL,CE,Combined TRACON& Tower with Radar,21,67,41,0,129,0,0,80,0,80,21,67,121,0,209,152,0,152,361
10/11/2010,MSN,WI,AGL,CE,Combined TRACON& Tower with Radar,35,57,35,2,129,0,0,58,0,58,35,57,93,2,187,174,0,174,361
10/12/2010,MSN,WI,AGL,CE,Combined TRACON& Tower with Radar,34,60,55,11,160,0,6,46,2,54,34,66,101,13,214,90,6,96,310
10/13/2010,MSN,WI,AGL,CE,Combined TRACON& Tower with Radar,33,64,66,14,177,0,6,60,2,68,33,70,126,16,245,142,22,164,409
10/14/2010,MSN,WI,AGL,CE,Combined TRACON& Tower with Radar,36,74,83,12,205,0,0,62,0,62,36,74,145,12,267,122,20,142,409
10/15/2010,MSN,WI,AGL,CE,Combined TRACON& Tower with Radar,39,68,57,11,175,0,0,68,3,71,39,68,125,14,246,104,10,114,360
10/16/2010,MSN,WI,AGL,CE,Combined TRACON& Tower with Radar,16,57,62,2,137,0,0,83,0,83,16,57,145,2,220,36,0,36,256
10/17/2010,MSN,WI,AGL,CE,Combined TRACON& Tower with Radar,21,67,42,3,133,0,0,66,2,68,21,67,108,5,201,18,0,18,219
10/18/2010,MSN,WI,AGL,CE,Combined TRACON& Tower with Radar,34,60,32,12,138,0,0,43,5,48,34,60,75,17,186,106,30,136,322
10/19/2010,MSN,WI,AGL,CE,Combined TRACON& Tower with Radar,37,55,49,17,158,0,0,59,4,63,37,55,108,21,221,102,26,128,349
10/20/2010,MSN,WI,AGL,CE,Combined TRACON& Tower with Radar,34,58,47,26,165,0,1,27,2,30,34,59,74,28,195,58,36,94,289
10/21/2010,MSN,WI,AGL,CE,Combined TRACON& Tower with Radar,34,61,55,12,162,0,0,75,0,75,34,61,130,12,237,58,14,72,309
10/22/2010,MSN,WI,AGL,CE,Combined TRACON& Tower with Radar,31,67,56,3,157,0,0,102,2,104,31,67,158,5,261,190,14,204,465
10/23/2010,MSN,WI,AGL,CE,Combined TRACON& Tower with Radar,15,49,72,1,137,0,0,5,0,5,15,49,77,1,142,18,0,18,160
10/24/2010,MSN,WI,AGL,CE,Combined TRACON& Tower with Radar,21,69,46,0,136,0,0,15,0,15,21,69,61,0,151,28,0,28,179
10/25/2010,MSN,WI,AGL,CE,Combined TRACON& Tower with Radar,34,57,42,15,148,0,0,33,0,33,34,57,75,15,181,38,10,48,229
10/26/2010,MSN,WI,AGL,CE,Combined TRACON& Tower with Radar,37,60,15,0,112,0,0,0,0,0,37,60,15,0,112,2,0,2,114
10/27/2010,MSN,WI,AGL,CE,Combined TRACON& Tower with Radar,35,60,21,2,118,0,0,4,0,4,35,60,25,2,122,4,0,4,126
10/28/2010,MSN,WI,AGL,CE,Combined TRACON& Tower with Radar,33,69,36,9,147,0,0,27,4,31,33,69,63,13,178,84,6,90,268
10/29/2010,MSN,WI,AGL,CE,Combined TRACON& Tower with Radar,30,60,43,10,143,0,3,92,4,99,30,63,135,14,242,82,2,84,326
10/30/2010,MSN,WI,AGL,CE,Combined TRACON& Tower with Radar,15,49,36,12,112,0,2,87,0,89,15,51,123,12,201,66,0,66,267
10/31/2010,MSN,WI,AGL,CE,Combined TRACON& Tower with Radar,23,54,27,3,107,0,0,75,3,78,23,54,102,6,185,34,0,34,219
11/01/2010,MSN,WI,AGL,CE,Combined TRACON& Tower with Radar,34,61,43,15,153,0,3,47,6,56,34,64,90,21,209,46,24,70,279
11/02/2010,MSN,WI,AGL,CE,Combined TRACON& Tower with Radar,34,58,42,17,151,0,0,74,0,74,34,58,116,17,225,74,18,92,317
11/03/2010,MSN,WI,AGL,CE,Combined TRACON& Tower with Radar,35,65,46,18,164,0,1,52,2,55,35,66,98,20,219,68,16,84,303
11/04/2010,MSN,WI,AGL,CE,Combined TRACON& Tower with Radar,34,61,43,11,149,0,0,14,4,18,34,61,57,15,167,44,6,50,217
11/05/2010,MSN,WI,AGL,CE,Combined TRACON& Tower with Radar,32,62,43,11,148,0,3,68,1,72,32,65,111,12,220,60,4,64,284
11/06/2010,MSN,WI,AGL,CE,Combined TRACON& Tower with Radar,21,43,26,24,114,0,2,71,2,75,21,45,97,26,189,60,28,88,277
11/07/2010,MSN,WI,AGL,CE,Combined TRACON& Tower with Radar,27,56,32,7,122,0,2,85,1,88,27,58,117,8,210,56,16,72,282
11/08/2010,MSN,WI,AGL,CE,Combined TRACON& Tower with Radar,34,55,28,7,124,0,1,37,6,44,34,56,65,13,168,34,16,50,218
11/09/2010,MSN,WI,AGL,CE,Combined TRACON& Tower with Radar,34,58,49,14,155,0,0,93,2,95,34,58,142,16,250,66,22,88,338
11/10/2010,MSN,WI,AGL,CE,Combined TRACON& Tower with Radar,34,59,50,8,151,0,1,50,4,55,34,60,100,12,206,24,14,38,244
11/11/2010,MSN,WI,AGL,CE,Combined TRACON& Tower with Radar,37,61,79,1,178,0,0,36,1,37,37,61,115,2,215,40,0,40,255
11/12/2010,MSN,WI,AGL,CE,Combined TRACON& Tower with Radar,35,58,48,2,143,0,0,23,0,23,35,58,71,2,166,38,0,38,204
11/13/2010,MSN,WI,AGL,CE,Combined TRACON& Tower with Radar,21,51,8,0,80,0,0,1,0,1,21,51,9,0,81,0,0,0,81
11/14/2010,MSN,WI,AGL,CE,Combined TRACON& Tower with Radar,25,60,34,0,119,0,0,16,0,16,25,60,50,0,135,12,0,12,147
11/15/2010,MSN,WI,AGL,CE,Combined TRACON& Tower with Radar,33,61,52,14,160,0,0,32,1,33,33,61,84,15,193,50,0,50,243
11/16/2010,MSN,WI,AGL,CE,Combined TRACON& Tower with Radar,34,58,47,25,164,0,2,39,2,43,34,60,86,27,207,74,6,80,287
11/17/2010,MSN,WI,AGL,CE,Combined TRACON& Tower with Radar,35,70,64,12,181,0,0,6,0,6,35,70,70,12,187,12,0,12,199
11/18/2010,MSN,WI,AGL,CE,Combined TRACON& Tower with Radar,39,60,70,13,182,0,0,57,5,62,39,60,127,18,244,24,8,32,276
11/19/2010,MSN,WI,AGL,CE,Combined TRACON& Tower with Radar,36,64,58,21,179,0,1,15,1,17,36,65,73,22,196,26,0,26,222
11/20/2010,MSN,WI,AGL,CE,Combined TRACON& Tower with Radar,22,47,35,3,107,0,4,99,2,105,22,51,134,5,212,104,0,104,316
11/21/2010,MSN,WI,AGL,CE,Combined TRACON& Tower with Radar,26,54,18,4,102,0,0,1,0,1,26,54,19,4,103,0,0,0,103
11/22/2010,MSN,WI,AGL,CE,Combined TRACON& Tower with Radar,36,51,43,14,144,0,0,2,0,2,36,51,45,14,146,0,0,0,146
11/23/2010,MSN,WI,AGL,CE,Combined TRACON& Tower with Radar,37,62,52,9,160,0,2,62,6,70,37,64,114,15,230,70,6,76,306
11/24/2010,MSN,WI,AGL,CE,Combined TRACON& Tower with Radar,33,64,33,0,130,0,0,11,0,11,33,64,44,0,141,2,8,10,151
11/25/2010,MSN,WI,AGL,CE,Combined TRACON& Tower with Radar,11,44,9,0,64,0,0,9,0,9,11,44,18,0,73,0,0,0,73
11/26/2010,MSN,WI,AGL,CE,Combined TRACON& Tower with Radar,19,48,7,0,74,0,0,20,0,20,19,48,27,0,94,8,0,8,102
11/27/2010,MSN,WI,AGL,CE,Combined TRACON& Tower with Radar,22,66,42,0,130,0,1,74,1,76,22,67,116,1,206,36,0,36,242
11/28/2010,MSN,WI,AGL,CE,Combined TRACON& Tower with Radar,23,74,50,0,147,0,1,86,0,87,23,75,136,0,234,56,0,56,290
11/29/2010,MSN,WI,AGL,CE,Combined TRACON& Tower with Radar,30,61,32,5,128,0,2,21,5,28,30,63,53,10,156,6,0,6,162
11/30/2010,MSN,WI,AGL,CE,Combined TRACON& Tower with Radar,36,61,27,2,126,0,0,0,0,0,36,61,27,2,126,6,0,6,132
12/01/2010,MSN,WI,AGL,CE,Combined TRACON& Tower with Radar,37,63,48,17,165,0,0,7,6,13,37,63,55,23,178,2,2,4,182
12/02/2010,MSN,WI,AGL,CE,Combined TRACON& Tower with Radar,36,63,56,19,174,0,0,49,3,52,36,63,105,22,226,14,0,14,240
12/03/2010,MSN,WI,AGL,CE,Combined TRACON& Tower with Radar,30,66,59,15,170,0,0,34,2,36,30,66,93,17,206,50,0,50,256
12/04/2010,MSN,WI,AGL,CE,Combined TRACON& Tower with Radar,18,47,9,2,76,0,0,4,0,4,18,47,13,2,80,2,0,2,82
12/05/2010,MSN,WI,AGL,CE,Combined TRACON& Tower with Radar,23,62,28,0,113,0,0,29,0,29,23,62,57,0,142,38,0,38,180
12/06/2010,MSN,WI,AGL,CE,Combined TRACON& Tower with Radar,36,61,21,11,129,0,0,15,0,15,36,61,36,11,144,42,6,48,192
12/07/2010,MSN,WI,AGL,CE,Combined TRACON& Tower with Radar,37,55,69,11,172,0,1,52,0,53,37,56,121,11,225,24,4,28,253
12/08/2010,MSN,WI,AGL,CE,Combined TRACON& Tower with Radar,37,60,48,10,155,0,0,55,2,57,37,60,103,12,212,66,4,70,282
12/09/2010,MSN,WI,AGL,CE,Combined TRACON& Tower with Radar,34,60,54,4,152,0,0,9,0,9,34,60,63,4,161,52,2,54,215
12/10/2010,MSN,WI,AGL,CE,Combined TRACON& Tower with Radar,32,63,50,9,154,0,0,40,0,40,32,63,90,9,194,48,4,52,246
12/11/2010,MSN,WI,AGL,CE,Combined TRACON& Tower with Radar,11,33,8,0,52,0,0,0,0,0,11,33,8,0,52,0,0,0,52
12/12/2010,MSN,WI,AGL,CE,Combined TRACON& Tower with Radar,14,39,7,0,60,0,0,1,1,2,14,39,8,1,62,0,0,0,62
12/13/2010,MSN,WI,AGL,CE,Combined TRACON& Tower with Radar,29,61,48,0,138,0,0,26,4,30,29,61,74,4,168,24,0,24,192
12/14/2010,MSN,WI,AGL,CE,Combined TRACON& Tower with Radar,33,64,51,16,164,0,0,39,2,41,33,64,90,18,205,28,8,36,241
12/15/2010,MSN,WI,AGL,CE,Combined TRACON& Tower with Radar,32,64,34,10,140,0,1,20,1,22,32,65,54,11,162,34,4,38,200
12/16/2010,MSN,WI,AGL,CE,Combined TRACON& Tower with Radar,33,65,50,10,158,0,0,16,1,17,33,65,66,11,175,12,8,20,195
12/17/2010,MSN,WI,AGL,CE,Combined TRACON& Tower with Radar,32,61,47,3,143,0,1,48,1,50,32,62,95,4,193,26,0,26,219
12/18/2010,MSN,WI,AGL,CE,Combined TRACON& Tower with Radar,12,59,20,0,91,0,3,60,0,63,12,62,80,0,154,56,0,56,210
12/19/2010,MSN,WI,AGL,CE,Combined TRACON& Tower with Radar,25,57,20,0,102,0,1,59,0,60,25,58,79,0,162,52,0,52,214
12/20/2010,MSN,WI,AGL,CE,Combined TRACON& Tower with Radar,20,63,30,12,125,0,0,28,0,28,20,63,58,12,153,38,10,48,201
12/21/2010,MSN,WI,AGL,CE,Combined TRACON& Tower with Radar,24,62,23,0,109,0,0,0,0,0,24,62,23,0,109,0,0,0,109
12/22/2010,MSN,WI,AGL,CE,Combined TRACON& Tower with Radar,30,68,34,13,145,0,0,7,0,7,30,68,41,13,152,4,0,4,156
12/23/2010,MSN,WI,AGL,CE,Combined TRACON& Tower with Radar,30,67,50,0,147,0,1,13,0,14,30,68,63,0,161,46,0,46,207
12/24/2010,MSN,WI,AGL,CE,Combined TRACON& Tower with Radar,19,46,9,0,74,0,0,0,0,0,19,46,9,0,74,0,0,0,74
12/25/2010,MSN,WI,AGL,CE,Combined TRACON& Tower with Radar,7,50,4,0,61,0,0,0,0,0,7,50,4,0,61,0,0,0,61
12/26/2010,MSN,WI,AGL,CE,Combined TRACON& Tower with Radar,18,59,33,0,110,0,0,13,0,13,18,59,46,0,123,88,0,88,211
12/27/2010,MSN,WI,AGL,CE,Combined TRACON& Tower with Radar,22,69,35,13,139,0,0,21,0,21,22,69,56,13,160,36,8,44,204
12/28/2010,MSN,WI,AGL,CE,Combined TRACON& Tower with Radar,34,73,38,14,159,0,0,37,2,39,34,73,75,16,198,46,0,46,244
12/29/2010,MSN,WI,AGL,CE,Combined TRACON& Tower with Radar,68,70,46,12,196,0,0,56,0,56,68,70,102,12,252,54,12,66,318
12/30/2010,MSN,WI,AGL,CE,Combined TRACON& Tower with Radar,17,22,5,0,44,0,0,0,0,0,17,22,5,0,44,0,0,0,44
12/31/2010,MSN,WI,AGL,CE,Combined TRACON& Tower with Radar,13,22,13,0,48,0,0,0,0,0,13,22,13,0,48,0,0,0,48
01/01/2011,MSN,WI,AGL,CE,Combined TRACON& Tower with Radar,14,56,6,0,76,0,0,1,0,1,14,56,7,0,77,0,0,0,77
01/02/2011,MSN,WI,AGL,CE,Combined TRACON& Tower with Radar,57,60,34,0,151,0,2,46,0,48,57,62,80,0,199,10,0,10,209
01/03/2011,MSN,WI,AGL,CE,Combined TRACON& Tower with Radar,31,67,28,11,137,0,0,22,0,22,31,67,50,11,159,32,4,36,195
01/04/2011,MSN,WI,AGL,CE,Combined TRACON& Tower with Radar,31,69,37,14,151,0,0,25,2,27,31,69,62,16,178,42,22,64,242
01/05/2011,MSN,WI,AGL,CE,Combined TRACON& Tower with Radar,25,72,37,15,149,0,0,26,2,28,25,72,63,17,177,6,14,20,197
01/06/2011,MSN,WI,AGL,CE,Combined TRACON& Tower with Radar,27,73,32,11,143,0,0,33,4,37,27,73,65,15,180,34,14,48,228
01/07/2011,MSN,WI,AGL,CE,Combined TRACON& Tower with Radar,23,65,49,12,149,0,0,11,0,11,23,65,60,12,160,6,0,6,166
01/08/2011,MSN,WI,AGL,CE,Combined TRACON& Tower with Radar,9,55,29,7,100,0,2,54,0,56,9,57,83,7,156,54,0,54,210
01/09/2011,MSN,WI,AGL,CE,Combined TRACON& Tower with Radar,21,54,33,0,108,0,0,126,2,128,21,54,159,2,236,174,0,174,410
01/10/2011,MSN,WI,AGL,CE,Combined TRACON& Tower with Radar,24,62,20,12,118,0,0,15,2,17,24,62,35,14,135,12,18,30,165
01/11/2011,MSN,WI,AGL,CE,Combined TRACON& Tower with Radar,20,47,27,0,94,0,0,0,0,0,20,47,27,0,94,6,0,6,100
01/12/2011,MSN,WI,AGL,CE,Combined TRACON& Tower with Radar,27,67,35,9,138,0,0,21,0,21,27,67,56,9,159,34,2,36,195
01/13/2011,MSN,WI,AGL,CE,Combined TRACON& Tower with Radar,24,66,49,13,152,0,0,22,3,25,24,66,71,16,177,14,4,18,195
01/14/2011,MSN,WI,AGL,CE,Combined TRACON& Tower with Radar,23,70,38,7,138,0,0,7,2,9,23,70,45,9,147,0,0,0,147
01/15/2011,MSN,WI,AGL,CE,Combined TRACON& Tower with Radar,8,56,29,0,93,0,0,36,0,36,8,56,65,0,129,84,0,84,213
01/16/2011,MSN,WI,AGL,CE,Combined TRACON& Tower with Radar,17,57,23,0,97,0,0,48,0,48,17,57,71,0,145,48,0,48,193
01/17/2011,MSN,WI,AGL,CE,Combined TRACON& Tower with Radar,24,49,30,2,105,0,0,0,0,0,24,49,30,2,105,0,0,0,105
01/18/2011,MSN,WI,AGL,CE,Combined TRACON& Tower with Radar,29,61,31,10,131,0,1,10,2,13,29,62,41,12,144,10,0,10,154
01/19/2011,MSN,WI,AGL,CE,Combined TRACON& Tower with Radar,26,70,38,13,147,0,0,39,0,39,26,70,77,13,186,68,0,68,254
01/20/2011,MSN,WI,AGL,CE,Combined TRACON& Tower with Radar,23,71,29,2,125,0,2,26,0,28,23,73,55,2,153,4,4,8,161
01/21/2011,MSN,WI,AGL,CE,Combined TRACON& Tower with Radar,25,67,33,7,132,0,0,17,4,21,25,67,50,11,153,6,0,6,159
01/22/2011,MSN,WI,AGL,CE,Combined TRACON& Tower with Radar,10,53,14,5,82,0,2,28,0,30,10,55,42,5,112,68,2,70,182
01/23/2011,MSN,WI,AGL,CE,Combined TRACON& Tower with Radar,27,76,27,1,131,0,0,41,0,41,27,76,68,1,172,46,0,46,218
01/24/2011,MSN,WI,AGL,CE,Combined TRACON& Tower with Radar,24,61,21,3,109,0,0,1,0,1,24,61,22,3,110,12,0,12,122
01/25/2011,MSN,WI,AGL,CE,Combined TRACON& Tower with Radar,28,66,29,0,123,0,0,2,0,2,28,66,31,0,125,0,0,0,125
01/26/2011,MSN,WI,AGL,CE,Combined TRACON& Tower with Radar,25,61,56,2,144,0,0,4,0,4,25,61,60,2,148,10,0,10,158
01/27/2011,MSN,WI,AGL,CE,Combined TRACON& Tower with Radar,24,65,34,3,126,0,0,11,0,11,24,65,45,3,137,8,0,8,145
01/28/2011,MSN,WI,AGL,CE,Combined TRACON& Tower with Radar,24,70,53,1,148,0,0,19,2,21,24,70,72,3,169,38,0,38,207
01/29/2011,MSN,WI,AGL,CE,Combined TRACON& Tower with Radar,8,53,12,0,73,0,0,21,0,21,8,53,33,0,94,84,0,84,178
01/30/2011,MSN,WI,AGL,CE,Combined TRACON& Tower with Radar,19,70,23,10,122,0,0,62,0,62,19,70,85,10,184,86,0,86,270
01/31/2011,MSN,WI,AGL,CE,Combined TRACON& Tower with Radar,22,66,14,0,102,0,0,0,0,0,22,66,14,0,102,0,0,0,102
02/01/2011,MSN,WI,AGL,CE,Combined TRACON& Tower with Radar,15,33,10,0,58,0,2,4,0,6,15,35,14,0,64,0,0,0,64
02/02/2011,MSN,WI,AGL,CE,Combined TRACON& Tower with Radar,10,23,10,0,43,0,0,1,0,1,10,23,11,0,44,0,0,0,44
02/03/2011,MSN,WI,AGL,CE,Combined TRACON& Tower with Radar,26,62,31,0,119,0,0,13,2,15,26,62,44,2,134,12,0,12,146
02/04/2011,MSN,WI,AGL,CE,Combined TRACON& Tower with Radar,26,67,40,2,135,0,0,40,2,42,26,67,80,4,177,22,0,22,199
02/05/2011,MSN,WI,AGL,CE,Combined TRACON& Tower with Radar,9,48,35,22,114,0,0,19,0,19,9,48,54,22,133,88,0,88,221
02/06/2011,MSN,WI,AGL,CE,Combined TRACON& Tower with Radar,20,61,18,1,100,0,0,2,0,2,20,61,20,1,102,0,0,0,102
02/07/2011,MSN,WI,AGL,CE,Combined TRACON& Tower with Radar,26,63,29,1,119,0,0,3,1,4,26,63,32,2,123,0,0,0,123
02/08/2011,MSN,WI,AGL,CE,Combined TRACON& Tower with Radar,29,66,42,14,151,0,0,22,0,22,29,66,64,14,173,42,12,54,227
02/09/2011,MSN,WI,AGL,CE,Combined TRACON& Tower with Radar,27,66,36,12,141,0,1,23,5,29,27,67,59,17,170,72,18,90,260
02/10/2011,MSN,WI,AGL,CE,Combined TRACON& Tower with Radar,27,77,49,6,159,0,0,29,0,29,27,77,78,6,188,28,18,46,234
02/11/2011,MSN,WI,AGL,CE,Combined TRACON& Tower with Radar,24,64,42,2,132,0,0,14,0,14,24,64,56,2,146,14,0,14,160
02/12/2011,MSN,WI,AGL,CE,Combined TRACON& Tower with Radar,8,61,33,1,103,0,0,28,2,30,8,61,61,3,133,20,0,20,153
02/13/2011,MSN,WI,AGL,CE,Combined TRACON& Tower with Radar,19,70,25,0,114,0,0,60,0,60,19,70,85,0,174,86,0,86,260
02/14/2011,MSN,WI,AGL,CE,Combined TRACON& Tower with Radar,24,65,36,11,136,0,2,35,0,37,24,67,71,11,173,56,0,56,229
02/15/2011,MSN,WI,AGL,CE,Combined TRACON& Tower with Radar,28,75,36,16,155,0,0,25,3,28,28,75,61,19,183,24,0,24,207
02/16/2011,MSN,WI,AGL,CE,Combined TRACON& Tower with Radar,19,59,46,1,125,0,0,9,1,10,19,59,55,2,135,36,0,36,171
02/17/2011,MSN,WI,AGL,CE,Combined TRACON& Tower with Radar,21,72,45,7,145,0,0,3,0,3,21,72,48,7,148,0,0,0,148
02/18/2011,MSN,WI,AGL,CE,Combined TRACON& Tower with Radar,23,73,28,1,125,0,0,29,4,33,23,73,57,5,158,10,0,10,168
02/19/2011,MSN,WI,AGL,CE,Combined TRACON& Tower with Radar,13,60,37,0,110,0,0,161,0,161,13,60,198,0,271,82,0,82,353
02/20/2011,MSN,WI,AGL,CE,Combined TRACON& Tower with Radar,3,15,8,0,26,0,0,0,0,0,3,15,8,0,26,0,0,0,26
02/21/2011,MSN,WI,AGL,CE,Combined TRACON& Tower with Radar,18,46,19,0,83,0,0,1,0,1,18,46,20,0,84,0,0,0,84
02/22/2011,MSN,WI,AGL,CE,Combined TRACON& Tower with Radar,25,76,36,6,143,0,0,12,0,12,25,76,48,6,155,48,6,54,209
02/23/2011,MSN,WI,AGL,CE,Combined TRACON& Tower with Radar,24,74,41,20,159,0,0,6,0,6,24,74,47,20,165,34,0,34,199
02/24/2011,MSN,WI,AGL,CE,Combined TRACON& Tower with Radar,25,74,36,13,148,0,0,6,2,8,25,74,42,15,156,2,0,2,158
02/25/2011,MSN,WI,AGL,CE,Combined TRACON& Tower with Radar,24,58,48,10,140,0,0,35,0,35,24,58,83,10,175,58,10,68,243
02/26/2011,MSN,WI,AGL,CE,Combined TRACON& Tower with Radar,10,62,21,2,95,0,0,3,0,3,10,62,24,2,98,10,0,10,108
02/27/2011,MSN,WI,AGL,CE,Combined TRACON& Tower with Radar,20,69,15,0,104,0,0,3,0,3,20,69,18,0,107,10,0,10,117
02/28/2011,MSN,WI,AGL,CE,Combined TRACON& Tower with Radar,21,67,45,13,146,0,0,36,0,36,21,67,81,13,182,14,10,24,206
03/01/2011,MSN,WI,AGL,CE,Combined TRACON& Tower with Radar,25,71,46,14,156,0,0,41,0,41,25,71,87,14,197,44,12,56,253
03/02/2011,MSN,WI,AGL,CE,Combined TRACON& Tower with Radar,27,73,25,13,138,0,1,55,0,56,27,74,80,13,194,44,6,50,244
03/03/2011,MSN,WI,AGL,CE,Combined TRACON& Tower with Radar,27,73,32,20,152,0,0,29,0,29,27,73,61,20,181,54,8,62,243
03/04/2011,MSN,WI,AGL,CE,Combined TRACON& Tower with Radar,24,72,31,0,127,0,0,2,0,2,24,72,33,0,129,6,0,6,135
03/05/2011,MSN,WI,AGL,CE,Combined TRACON& Tower with Radar,11,60,20,16,107,0,0,20,0,20,11,60,40,16,127,74,0,74,201
03/06/2011,MSN,WI,AGL,CE,Combined TRACON& Tower with Radar,16,72,53,0,141,0,0,92,2,94,16,72,145,2,235,82,0,82,317
03/07/2011,MSN,WI,AGL,CE,Combined TRACON& Tower with Radar,24,68,29,6,127,0,0,5,4,9,24,68,34,10,136,24,0,24,160
03/08/2011,MSN,WI,AGL,CE,Combined TRACON& Tower with Radar,25,70,47,6,148,0,0,20,2,22,25,70,67,8,170,8,8,16,186
03/09/2011,MSN,WI,AGL,CE,Combined TRACON& Tower with Radar,35,72,31,0,138,0,0,3,0,3,35,72,34,0,141,0,0,0,141
03/10/2011,MSN,WI,AGL,CE,Combined TRACON& Tower with Radar,26,79,58,13,176,0,1,34,0,35,26,80,92,13,211,106,4,110,321
03/11/2011,MSN,WI,AGL,CE,Combined TRACON& Tower with Radar,22,72,56,1,151,0,0,84,1,85,22,72,140,2,236,84,0,84,320
03/12/2011,MSN,WI,AGL,CE,Combined TRACON& Tower with Radar,8,74,20,2,104,0,0,13,0,13,8,74,33,2,117,14,0,14,131
03/13/2011,MSN,WI,AGL,CE,Combined TRACON& Tower with Radar,17,73,38,0,128,0,2,73,1,76,17,75,111,1,204,32,0,32,236
03/14/2011,MSN,WI,AGL,CE,Combined TRACON& Tower with Radar,25,69,33,18,145,0,0,36,2,38,25,69,69,20,183,48,12,60,243
03/15/2011,MSN,WI,AGL,CE,Combined TRACON& Tower with Radar,31,68,60,11,170,0,0,54,6,60,31,68,114,17,230,10,16,26,256
03/16/2011,MSN,WI,AGL,CE,Combined TRACON& Tower with Radar,27,71,69,15,182,0,1,73,0,74,27,72,142,15,256,52,16,68,324
03/17/2011,MSN,WI,AGL,CE,Combined TRACON& Tower with Radar,28,78,42,16,164,0,0,6,0,6,28,78,48,16,170,8,8,16,186
03/18/2011,MSN,WI,AGL,CE,Combined TRACON& Tower with Radar,22,74,57,18,171,0,2,64,2,68,22,76,121,20,239,36,4,40,279
03/19/2011,MSN,WI,AGL,CE,Combined TRACON& Tower with Radar,5,64,54,0,123,0,0,109,1,110,5,64,163,1,233,42,0,42,275
03/20/2011,MSN,WI,AGL,CE,Combined TRACON& Tower with Radar,20,71,16,4,111,0,0,0,0,0,20,71,16,4,111,0,0,0,111
03/21/2011,MSN,WI,AGL,CE,Combined TRACON& Tower with Radar,23,77,51,19,170,0,0,21,0,21,23,77,72,19,191,32,0,32,223
03/22/2011,MSN,WI,AGL,CE,Combined TRACON& Tower with Radar,26,64,26,6,122,0,0,0,0,0,26,64,26,6,122,0,0,0,122
03/23/2011,MSN,WI,AGL,CE,Combined TRACON& Tower with Radar,24,67,20,0,111,0,0,0,0,0,24,67,20,0,111,0,0,0,111
03/24/2011,MSN,WI,AGL,CE,Combined TRACON& Tower with Radar,25,71,48,17,161,0,2,50,6,58,25,73,98,23,219,76,24,100,319
03/25/2011,MSN,WI,AGL,CE,Combined TRACON& Tower with Radar,24,74,65,3,166,0,3,33,0,36,24,77,98,3,202,62,6,68,270
03/26/2011,MSN,WI,AGL,CE,Combined TRACON& Tower with Radar,6,60,33,0,99,0,2,47,0,49,6,62,80,0,148,88,0,88,236
03/27/2011,MSN,WI,AGL,CE,Combined TRACON& Tower with Radar,19,66,49,1,135,0,2,87,0,89,19,68,136,1,224,124,0,124,348
03/28/2011,MSN,WI,AGL,CE,Combined TRACON& Tower with Radar,24,77,23,14,138,0,0,55,1,56,24,77,78,15,194,88,8,96,290
03/29/2011,MSN,WI,AGL,CE,Combined TRACON& Tower with Radar,26,73,33,14,146,0,0,53,5,58,26,73,86,19,204,46,18,64,268
03/30/2011,MSN,WI,AGL,CE,Combined TRACON& Tower with Radar,26,79,28,17,150,0,5,57,0,62,26,84,85,17,212,46,0,46,258
03/31/2011,MSN,WI,AGL,CE,Combined TRACON& Tower with Radar,25,74,28,9,136,0,0,46,1,47,25,74,74,10,183,66,0,66,249
04/01/2011,MSN,WI,AGL,CE,Combined TRACON& Tower with Radar,24,77,33,2,136,0,0,7,0,7,24,77,40,2,143,6,0,6,149
04/02/2011,MSN,WI,AGL,CE,Combined TRACON& Tower with Radar,11,60,25,14,110,0,5,65,0,70,11,65,90,14,180,140,0,140,320
04/03/2011,MSN,WI,AGL,CE,Combined TRACON& Tower with Radar,19,64,19,8,110,0,0,10,0,10,19,64,29,8,120,12,0,12,132
04/04/2011,MSN,WI,AGL,CE,Combined TRACON& Tower with Radar,24,67,22,18,131,0,0,5,0,5,24,67,27,18,136,20,0,20,156
04/05/2011,MSN,WI,AGL,CE,Combined TRACON& Tower with Radar,21,71,54,13,159,0,0,57,1,58,21,71,111,14,217,88,14,102,319
04/06/2011,MSN,WI,AGL,CE,Combined TRACON& Tower with Radar,24,74,36,19,153,0,0,27,1,28,24,74,63,20,181,52,0,52,233
04/07/2011,MSN,WI,AGL,CE,Combined TRACON& Tower with Radar,21,79,38,13,151,0,0,40,1,41,21,79,78,14,192,30,20,50,242
04/08/2011,MSN,WI,AGL,CE,Combined TRACON& Tower with Radar,20,59,49,5,133,0,0,12,0,12,20,59,61,5,145,0,0,0,145
04/09/2011,MSN,WI,AGL,CE,Combined TRACON& Tower with Radar,11,59,67,1,138,0,4,0,0,4,11,63,67,1,142,6,0,6,148
04/10/2011,MSN,WI,AGL,CE,Combined TRACON& Tower with Radar,18,66,12,2,98,0,0,22,0,22,18,66,34,2,120,72,0,72,192
04/11/2011,MSN,WI,AGL,CE,Combined TRACON& Tower with Radar,22,77,16,13,128,0,0,23,0,23,22,77,39,13,151,14,0,14,165
04/12/2011,MSN,WI,AGL,CE,Combined TRACON& Tower with Radar,22,75,48,16,161,0,6,77,7,90,22,81,125,23,251,80,0,80,331
04/13/2011,MSN,WI,AGL,CE,Combined TRACON& Tower with Radar,24,71,37,18,150,0,1,69,1,71,24,72,106,19,221,36,14,50,271
04/14/2011,MSN,WI,AGL,CE,Combined TRACON& Tower with Radar,21,77,40,26,164,0,0,23,0,23,21,77,63,26,187,18,10,28,215
04/15/2011,MSN,WI,AGL,CE,Combined TRACON& Tower with Radar,20,75,23,1,119,0,0,6,0,6,20,75,29,1,125,2,0,2,127
04/16/2011,MSN,WI,AGL,CE,Combined TRACON& Tower with Radar,11,66,25,0,102,0,0,0,0,0,11,66,25,0,102,18,0,18,120
04/17/2011,MSN,WI,AGL,CE,Combined TRACON& Tower with Radar,18,66,26,1,111,0,0,33,0,33,18,66,59,1,144,68,0,68,212
04/18/2011,MSN,WI,AGL,CE,Combined TRACON& Tower with Radar,22,71,25,17,135,0,2,31,0,33,22,73,56,17,168,70,8,78,246
04/19/2011,MSN,WI,AGL,CE,Combined TRACON& Tower with Radar,21,58,27,0,106,0,0,0,0,0,21,58,27,0,106,0,0,0,106
04/20/2011,MSN,WI,AGL,CE,Combined TRACON& Tower with Radar,24,75,36,12,147,0,2,14,0,16,24,77,50,12,163,46,0,46,209
04/21/2011,MSN,WI,AGL,CE,Combined TRACON& Tower with Radar,23,72,62,10,167,0,3,50,3,56,23,75,112,13,223,86,14,100,323
04/22/2011,MSN,WI,AGL,CE,Combined TRACON& Tower with Radar,20,63,19,2,104,0,0,0,0,0,20,63,19,2,104,0,0,0,104
04/23/2011,MSN,WI,AGL,CE,Combined TRACON& Tower with Radar,12,52,27,8,99,0,8,31,0,39,12,60,58,8,138,34,0,34,172
04/24/2011,MSN,WI,AGL,CE,Combined TRACON& Tower with Radar,18,72,18,1,109,0,0,58,0,58,18,72,76,1,167,142,0,142,309
04/25/2011,MSN,WI,AGL,CE,Combined TRACON& Tower with Radar,22,76,37,24,159,0,0,45,4,49,22,76,82,28,208,46,22,68,276
04/26/2011,MSN,WI,AGL,CE,Combined TRACON& Tower with Radar,19,76,48,0,143,0,0,3,0,3,19,76,51,0,146,4,0,4,150
04/27/2011,MSN,WI,AGL,CE,Combined TRACON& Tower with Radar,21,72,60,19,172,0,0,17,2,19,21,72,77,21,191,60,0,60,251
04/28/2011,MSN,WI,AGL,CE,Combined TRACON& Tower with Radar,24,78,29,16,147,0,0,3,0,3,24,78,32,16,150,0,0,0,150
04/29/2011,MSN,WI,AGL,CE,Combined TRACON& Tower with Radar,21,77,65,18,181,0,2,81,5,88,21,79,146,23,269,98,10,108,377
04/30/2011,MSN,WI,AGL,CE,Combined TRACON& Tower with Radar,13,50,14,0,77,0,0,6,1,7,13,50,20,1,84,4,0,4,88
05/01/2011,MSN,WI,AGL,CE,Combined TRACON& Tower with Radar,21,59,27,9,116,0,8,52,1,61,21,67,79,10,177,64,0,64,241
05/02/2011,MSN,WI,AGL,CE,Combined TRACON& Tower with Radar,25,67,28,11,131,0,0,32,3,35,25,67,60,14,166,30,6,36,202
05/03/2011,MSN,WI,AGL,CE,Combined TRACON& Tower with Radar,24,70,38,16,148,0,0,37,4,41,24,70,75,20,189,34,6,40,229
05/04/2011,MSN,WI,AGL,CE,Combined TRACON& Tower with Radar,26,74,60,15,175,0,2,92,2,96,26,76,152,17,271,116,20,136,407
05/05/2011,MSN,WI,AGL,CE,Combined TRACON& Tower with Radar,28,73,35,14,150,0,2,20,3,25,28,75,55,17,175,22,12,34,209
05/06/2011,MSN,WI,AGL,CE,Combined TRACON& Tower with Radar,21,78,40,2,141,0,3,72,3,78,21,81,112,5,219,74,0,74,293
05/07/2011,MSN,WI,AGL,CE,Combined TRACON& Tower with Radar,10,58,15,0,83,0,9,25,0,34,10,67,40,0,117,70,0,70,187
05/08/2011,MSN,WI,AGL,CE,Combined TRACON& Tower with Radar,18,76,26,1,121,0,0,66,3,69,18,76,92,4,190,34,0,34,224
05/09/2011,MSN,WI,AGL,CE,Combined TRACON& Tower with Radar,26,74,25,5,130,0,0,15,0,15,26,74,40,5,145,12,2,14,159
05/10/2011,MSN,WI,AGL,CE,Combined TRACON& Tower with Radar,25,75,78,13,191,0,0,29,3,32,25,75,107,16,223,36,8,44,267
05/11/2011,MSN,WI,AGL,CE,Combined TRACON& Tower with Radar,28,74,43,9,154,0,0,16,0,16,28,74,59,9,170,8,10,18,188
05/12/2011,MSN,WI,AGL,CE,Combined TRACON& Tower with Radar,28,80,33,15,156,0,3,12,1,16,28,83,45,16,172,46,0,46,218
05/13/2011,MSN,WI,AGL,CE,Combined TRACON& Tower with Radar,25,74,55,18,172,0,0,3,0,3,25,74,58,18,175,0,0,0,175
05/14/2011,MSN,WI,AGL,CE,Combined TRACON& Tower with Radar,14,48,68,0,130,0,0,0,0,0,14,48,68,0,130,30,0,30,160
05/15/2011,MSN,WI,AGL,CE,Combined TRACON& Tower with Radar,20,63,27,3,113,0,0,22,2,24,20,63,49,5,137,12,0,12,149
05/16/2011,MSN,WI,AGL,CE,Combined TRACON& Tower with Radar,25,74,52,24,175,0,1,67,4,72,25,75,119,28,247,34,4,38,285
05/17/2011,MSN,WI,AGL,CE,Combined TRACON& Tower with Radar,27,78,51,22,178,0,1,57,2,60,27,79,108,24,238,78,0,78,316
05/18/2011,MSN,WI,AGL,CE,Combined TRACON& Tower with Radar,26,72,83,21,202,0,1,7,0,8,26,73,90,21,210,0,0,0,210
05/19/2011,MSN,WI,AGL,CE,Combined TRACON& Tower with Radar,23,72,64,22,181,0,1,16,0,17,23,73,80,22,198,34,0,34,232
05/20/2011,MSN,WI,AGL,CE,Combined TRACON& Tower with Radar,23,81,40,4,148,0,0,60,1,61,23,81,100,5,209,92,0,92,301
05/21/2011,MSN,WI,AGL,CE,Combined TRACON& Tower with Radar,13,52,29,0,94,0,0,24,0,24,13,52,53,0,118,16,0,16,134
05/22/2011,MSN,WI,AGL,CE,Combined TRACON& Tower with Radar,21,56,27,0,104,0,0,47,0,47,21,56,74,0,151,26,0,26,177
05/23/2011,MSN,WI,AGL,CE,Combined TRACON& Tower with Radar,21,72,23,18,134,0,2,37,1,40,21,74,60,19,174,8,8,16,190
05/24/2011,MSN,WI,AGL,CE,Combined TRACON& Tower with Radar,23,73,65,13,174,0,0,52,1,53,23,73,117,14,227,116,12,128,355
05/25/2011,MSN,WI,AGL,CE,Combined TRACON& Tower with Radar,22,52,29,2,105,0,0,0,0,0,22,52,29,2,105,0,0,0,105
05/26/2011,MSN,WI,AGL,CE,Combined TRACON& Tower with Radar,26,71,43,4,144,0,2,18,3,23,26,73,61,7,167,32,4,36,203
05/27/2011,MSN,WI,AGL,CE,Combined TRACON& Tower with Radar,22,74,42,0,138,0,2,73,0,75,22,76,115,0,213,94,6,100,313
05/28/2011,MSN,WI,AGL,CE,Combined TRACON& Tower with Radar,12,51,29,2,94,0,0,22,0,22,12,51,51,2,116,52,0,52,168
05/29/2011,MSN,WI,AGL,CE,Combined TRACON& Tower with Radar,21,47,23,1,92,0,0,2,0,2,21,47,25,1,94,40,0,40,134
05/30/2011,MSN,WI,AGL,CE,Combined TRACON& Tower with Radar,17,69,36,2,124,0,0,75,0,75,17,69,111,2,199,22,0,22,221
05/31/2011,MSN,WI,AGL,CE,Combined TRACON& Tower with Radar,24,76,50,5,155,0,0,14,0,14,24,76,64,5,169,26,0,26,195
06/01/2011,MSN,WI,AGL,CE,Combined TRACON& Tower with Radar,24,73,48,6,151,0,0,46,7,53,24,73,94,13,204,44,0,44,248
06/02/2011,MSN,WI,AGL,CE,Combined TRACON& Tower with Radar,26,75,33,6,140,0,1,55,2,58,26,76,88,8,198,20,0,20,218
06/03/2011,MSN,WI,AGL,CE,Combined TRACON& Tower with Radar,23,78,43,4,148,0,0,39,0,39,23,78,82,4,187,56,0,56,243
06/04/2011,MSN,WI,AGL,CE,Combined TRACON& Tower with Radar,13,56,29,11,109,0,0,59,2,61,13,56,88,13,170,70,0,70,240
06/05/2011,MSN,WI,AGL,CE,Combined TRACON& Tower with Radar,23,61,36,5,125,0,3,93,1,97,23,64,129,6,222,136,0,136,358
06/06/2011,MSN,WI,AGL,CE,Combined TRACON& Tower with Radar,27,70,22,8,127,0,0,24,1,25,27,70,46,9,152,108,0,108,260
06/07/2011,MSN,WI,AGL,CE,Combined TRACON& Tower with Radar,24,72,44,6,146,0,0,53,2,55,24,72,97,8,201,108,0,108,309
06/08/2011,MSN,WI,AGL,CE,Combined TRACON& Tower with Radar,31,59,32,1,123,0,0,26,0,26,31,59,58,1,149,32,0,32,181
06/09/2011,MSN,WI,AGL,CE,Combined TRACON& Tower with Radar,32,65,35,0,132,0,1,5,2,8,32,66,40,2,140,22,8,30,170
06/10/2011,MSN,WI,AGL,CE,Combined TRACON& Tower with Radar,25,64,64,5,158,0,1,2,0,3,25,65,66,5,161,0,0,0,161
06/11/2011,MSN,WI,AGL,CE,Combined TRACON& Tower with Radar,14,52,42,6,114,0,0,14,0,14,14,52,56,6,128,30,14,44,172
06/12/2011,MSN,WI,AGL,CE,Combined TRACON& Tower with Radar,22,64,48,3,137,0,0,78,0,78,22,64,126,3,215,94,0,94,309
06/13/2011,MSN,WI,AGL,CE,Combined TRACON& Tower with Radar,29,64,55,3,151,0,0,46,1,47,29,64,101,4,198,56,0,56,254
06/14/2011,MSN,WI,AGL,CE,Combined TRACON& Tower with Radar,28,73,44,10,155,0,2,42,3,47,28,75,86,13,202,80,0,80,282
06/15/2011,MSN,WI,AGL,CE,Combined TRACON& Tower with Radar,25,64,47,3,139,0,1,3,0,4,25,65,50,3,143,0,0,0,143
06/16/2011,MSN,WI,AGL,CE,Combined TRACON& Tower with Radar,27,72,48,19,166,0,4,36,4,44,27,76,84,23,210,62,18,80,290
06/17/2011,MSN,WI,AGL,CE,Combined TRACON& Tower with Radar,32,62,44,18,156,0,0,58,2,60,32,62,102,20,216,50,8,58,274
06/18/2011,MSN,WI,AGL,CE,Combined TRACON& Tower with Radar,18,48,37,0,103,0,0,62,2,64,18,48,99,2,167,86,0,86,253
06/19/2011,MSN,WI,AGL,CE,Combined TRACON& Tower with Radar,23,65,36,7,131,0,0,19,0,19,23,65,55,7,150,86,0,86,236
06/20/2011,MSN,WI,AGL,CE,Combined TRACON& Tower with Radar,27,68,39,7,141,0,0,2,1,3,27,68,41,8,144,20,2,22,166
06/21/2011,MSN,WI,AGL,CE,Combined TRACON& Tower with Radar,29,66,45,16,156,0,0,9,4,13,29,66,54,20,169,36,4,40,209
06/22/2011,MSN,WI,AGL,CE,Combined TRACON& Tower with Radar,25,63,51,8,147,0,0,4,0,4,25,63,55,8,151,56,0,56,207
06/23/2011,MSN,WI,AGL,CE,Combined TRACON& Tower with Radar,29,72,73,10,184,0,0,1,0,1,29,72,74,10,185,32,0,32,217
06/24/2011,MSN,WI,AGL,CE,Combined TRACON& Tower with Radar,29,74,66,9,178,0,3,56,1,60,29,77,122,10,238,112,0,112,350
06/25/2011,MSN,WI,AGL,CE,Combined TRACON& Tower with Radar,13,63,32,2,110,0,3,90,2,95,13,66,122,4,205,152,0,152,357
06/26/2011,MSN,WI,AGL,CE,Combined TRACON& Tower with Radar,25,61,35,3,124,0,0,76,1,77,25,61,111,4,201,166,0,166,367
06/27/2011,MSN,WI,AGL,CE,Combined TRACON& Tower with Radar,29,68,19,13,129,0,1,21,0,22,29,69,40,13,151,32,6,38,189
06/28/2011,MSN,WI,AGL,CE,Combined TRACON& Tower with Radar,26,68,42,14,150,0,3,87,9,99,26,71,129,23,249,102,0,102,351
06/29/2011,MSN,WI,AGL,CE,Combined TRACON& Tower with Radar,32,66,41,6,145,0,1,84,9,94,32,67,125,15,239,104,0,104,343
06/30/2011,MSN,WI,AGL,CE,Combined TRACON& Tower with Radar,26,78,54,12,170,0,4,53,2,59,26,82,107,14,229,66,0,66,295
07/01/2011,MSN,WI,AGL,CE,Combined TRACON& Tower with Radar,24,67,42,2,135,0,3,25,5,33,24,70,67,7,168,46,0,46,214
07/02/2011,MSN,WI,AGL,CE,Combined TRACON& Tower with Radar,8,60,21,2,91,0,6,56,1,63,8,66,77,3,154,114,12,126,280
07/03/2011,MSN,WI,AGL,CE,Combined TRACON& Tower with Radar,19,49,8,0,76,0,0,71,2,73,19,49,79,2,149,104,0,104,253
07/04/2011,MSN,WI,AGL,CE,Combined TRACON& Tower with Radar,24,52,24,0,100,0,0,42,0,42,24,52,66,0,142,30,0,30,172
07/05/2011,MSN,WI,AGL,CE,Combined TRACON& Tower with Radar,27,69,28,16,140,0,1,33,2,36,27,70,61,18,176,102,18,120,296
07/06/2011,MSN,WI,AGL,CE,Combined TRACON& Tower with Radar,28,70,38,13,149,0,1,38,1,40,28,71,76,14,189,74,8,82,271
07/07/2011,MSN,WI,AGL,CE,Combined TRACON& Tower with Radar,25,74,50,21,170,0,4,59,2,65,25,78,109,23,235,56,8,64,299
07/08/2011,MSN,WI,AGL,CE,Combined TRACON& Tower with Radar,21,70,35,24,150,0,2,65,1,68,21,72,100,25,218,80,8,88,306
07/09/2011,MSN,WI,AGL,CE,Combined TRACON& Tower with Radar,14,61,30,5,110,0,4,42,1,47,14,65,72,6,157,68,0,68,225
07/10/2011,MSN,WI,AGL,CE,Combined TRACON& Tower with Radar,17,66,26,7,116,0,2,41,0,43,17,68,67,7,159,70,0,70,229
07/11/2011,MSN,WI,AGL,CE,Combined TRACON& Tower with Radar,24,68,32,18,142,0,0,31,0,31,24,68,63,18,173,32,10,42,215
07/12/2011,MSN,WI,AGL,CE,Combined TRACON& Tower with Radar,24,68,42,13,147,0,2,60,7,69,24,70,102,20,216,56,14,70,286
07/13/2011,MSN,WI,AGL,CE,Combined TRACON& Tower with Radar,24,70,56,12,162,0,0,47,2,49,24,70,103,14,211,74,8,82,293
07/14/2011,MSN,WI,AGL,CE,Combined TRACON& Tower with Radar,19,69,44,23,155,0,0,57,2,59,19,69,101,25,214,92,14,106,320
07/15/2011,MSN,WI,AGL,CE,Combined TRACON& Tower with Radar,17,74,31,4,126,0,2,54,2,58,17,76,85,6,184,98,2,100,284
07/16/2011,MSN,WI,AGL,CE,Combined TRACON& Tower with Radar,13,58,19,3,93,0,0,42,2,44,13,58,61,5,137,60,0,60,197
07/17/2011,MSN,WI,AGL,CE,Combined TRACON& Tower with Radar,14,71,36,2,123,0,1,57,0,58,14,72,93,2,181,100,0,100,281
07/18/2011,MSN,WI,AGL,CE,Combined TRACON& Tower with Radar,23,67,34,12,136,0,0,14,0,14,23,67,48,12,150,44,2,46,196
07/19/2011,MSN,WI,AGL,CE,Combined TRACON& Tower with Radar,24,73,45,22,164,0,2,50,2,54,24,75,95,24,218,120,14,134,352
07/20/2011,MSN,WI,AGL,CE,Combined TRACON& Tower with Radar,21,77,46,21,165,0,0,44,1,45,21,77,90,22,210,52,0,52,262
07/21/2011,MSN,WI,AGL,CE,Combined TRACON& Tower with Radar,16,76,49,17,158,0,0,54,2,56,16,76,103,19,214,20,8,28,242
07/22/2011,MSN,WI,AGL,CE,Combined TRACON& Tower with Radar,25,68,48,0,141,0,1,42,0,43,25,69,90,0,184,96,0,96,280
07/23/2011,MSN,WI,AGL,CE,Combined TRACON& Tower with Radar,13,51,33,3,100,0,0,45,1,46,13,51,78,4,146,88,0,88,234
07/24/2011,MSN,WI,AGL,CE,Combined TRACON& Tower with Radar,15,58,40,0,113,0,4,61,1,66,15,62,101,1,179,114,0,114,293
07/25/2011,MSN,WI,AGL,CE,Combined TRACON& Tower with Radar,22,72,51,18,163,0,0,64,1,65,22,72,115,19,228,96,0,96,324
07/26/2011,MSN,WI,AGL,CE,Combined TRACON& Tower with Radar,25,69,45,12,151,0,4,69,5,78,25,73,114,17,229,22,0,22,251
07/27/2011,MSN,WI,AGL,CE,Combined TRACON& Tower with Radar,19,70,69,3,161,0,1,48,2,51,19,71,117,5,212,26,8,34,246
07/28/2011,MSN,WI,AGL,CE,Combined TRACON& Tower with Radar,24,68,68,7,167,0,2,30,0,32,24,70,98,7,199,78,0,78,277
07/29/2011,MSN,WI,AGL,CE,Combined TRACON& Tower with Radar,25,69,43,13,150,0,1,74,5,80,25,70,117,18,230,90,8,98,328
07/30/2011,MSN,WI,AGL,CE,Combined TRACON& Tower with Radar,15,54,28,9,106,0,4,87,5,96,15,58,115,14,202,28,6,34,236
07/31/2011,MSN,WI,AGL,CE,Combined TRACON& Tower with Radar,19,64,34,10,127,0,3,76,0,79,19,67,110,10,206,72,0,72,278
08/01/2011,MSN,WI,AGL,CE,Combined TRACON& Tower with Radar,22,70,23,15,130,0,0,32,0,32,22,70,55,15,162,34,0,34,196
08/02/2011,MSN,WI,AGL,CE,Combined TRACON& Tower with Radar,30,74,51,17,172,0,0,22,1,23,30,74,73,18,195,74,6,80,275
08/03/2011,MSN,WI,AGL,CE,Combined TRACON& Tower with Radar,28,73,49,21,171,0,0,59,2,61,28,73,108,23,232,62,0,62,294
08/04/2011,MSN,WI,AGL,CE,Combined TRACON& Tower with Radar,25,74,34,18,151,0,0,47,4,51,25,74,81,22,202,60,8,68,270
08/05/2011,MSN,WI,AGL,CE,Combined TRACON& Tower with Radar,26,71,40,16,153,0,2,43,3,48,26,73,83,19,201,74,10,84,285
08/06/2011,MSN,WI,AGL,CE,Combined TRACON& Tower with Radar,16,61,22,2,101,0,1,70,1,72,16,62,92,3,173,38,0,38,211
08/07/2011,MSN,WI,AGL,CE,Combined TRACON& Tower with Radar,18,56,19,2,95,0,0,25,0,25,18,56,44,2,120,36,0,36,156
08/08/2011,MSN,WI,AGL,CE,Combined TRACON& Tower with Radar,28,70,32,13,143,0,0,21,5,26,28,70,53,18,169,54,20,74,243
08/09/2011,MSN,WI,AGL,CE,Combined TRACON& Tower with Radar,28,79,49,19,175,0,1,53,4,58,28,80,102,23,233,74,4,78,311
08/10/2011,MSN,WI,AGL,CE,Combined TRACON& Tower with Radar,25,75,37,16,153,0,1,73,5,79,25,76,110,21,232,138,0,138,370
08/11/2011,MSN,WI,AGL,CE,Combined TRACON& Tower with Radar,26,75,49,12,162,0,4,62,4,70,26,79,111,16,232,70,0,70,302
08/12/2011,MSN,WI,AGL,CE,Combined TRACON& Tower with Radar,24,78,39,6,147,0,0,41,5,46,24,78,80,11,193,118,0,118,311
08/13/2011,MSN,WI,AGL,CE,Combined TRACON& Tower with Radar,11,56,10,0,77,0,0,1,0,1,11,56,11,0,78,44,0,44,122
08/14/2011,MSN,WI,AGL,CE,Combined TRACON& Tower with Radar,15,72,46,1,134,0,0,72,0,72,15,72,118,1,206,76,0,76,282
08/15/2011,MSN,WI,AGL,CE,Combined TRACON& Tower with Radar,26,78,28,20,152,0,3,56,6,65,26,81,84,26,217,56,12,68,285
08/16/2011,MSN,WI,AGL,CE,Combined TRACON& Tower with Radar,27,77,50,16,170,0,1,71,8,80,27,78,121,24,250,72,0,72,322
08/17/2011,MSN,WI,AGL,CE,Combined TRACON& Tower with Radar,27,85,29,12,153,0,1,39,6,46,27,86,68,18,199,90,2,92,291
08/18/2011,MSN,WI,AGL,CE,Combined TRACON& Tower with Radar,25,72,51,11,159,0,2,61,4,67,25,74,112,15,226,52,0,52,278
08/19/2011,MSN,WI,AGL,CE,Combined TRACON& Tower with Radar,22,72,48,4,146,0,0,55,2,57,22,72,103,6,203,28,0,28,231
08/20/2011,MSN,WI,AGL,CE,Combined TRACON& Tower with Radar,18,44,24,8,94,0,6,53,0,59,18,50,77,8,153,58,4,62,215
08/21/2011,MSN,WI,AGL,CE,Combined TRACON& Tower with Radar,22,61,41,4,128,0,0,95,2,97,22,61,136,6,225,72,0,72,297
08/22/2011,MSN,WI,AGL,CE,Combined TRACON& Tower with Radar,24,76,22,16,138,0,2,41,6,49,24,78,63,22,187,66,4,70,257
08/23/2011,MSN,WI,AGL,CE,Combined TRACON& Tower with Radar,28,76,47,9,160,0,1,9,2,12,28,77,56,11,172,20,0,20,192
08/24/2011,MSN,WI,AGL,CE,Combined TRACON& Tower with Radar,25,72,48,34,179,0,0,59,4,63,25,72,107,38,242,130,4,134,376
08/25/2011,MSN,WI,AGL,CE,Combined TRACON& Tower with Radar,25,78,40,17,160,0,4,86,5,95,25,82,126,22,255,154,12,166,421
08/26/2011,MSN,WI,AGL,CE,Combined TRACON& Tower with Radar,28,70,36,14,148,0,3,63,8,74,28,73,99,22,222,62,8,70,292
08/27/2011,MSN,WI,AGL,CE,Combined TRACON& Tower with Radar,18,53,46,24,141,0,1,62,0,63,18,54,108,24,204,32,18,50,254
08/28/2011,MSN,WI,AGL,CE,Combined TRACON& Tower with Radar,21,53,24,11,109,0,2,96,2,100,21,55,120,13,209,136,0,136,345
08/29/2011,MSN,WI,AGL,CE,Combined TRACON& Tower with Radar,31,60,29,17,137,0,0,54,4,58,31,60,83,21,195,32,14,46,241
08/30/2011,MSN,WI,AGL,CE,Combined TRACON& Tower with Radar,29,62,43,21,155,0,0,49,4,53,29,62,92,25,208,76,4,80,288
08/31/2011,MSN,WI,AGL,CE,Combined TRACON& Tower with Radar,35,64,48,11,158,0,6,79,7,92,35,70,127,18,250,100,0,100,350
09/01/2011,MSN,WI,AGL,CE,Combined TRACON& Tower with Radar,31,77,48,10,166,0,1,39,11,51,31,78,87,21,217,72,0,72,289
09/02/2011,MSN,WI,AGL,CE,Combined TRACON& Tower with Radar,29,77,26,2,134,0,0,20,2,22,29,77,46,4,156,42,0,42,198
09/03/2011,MSN,WI,AGL,CE,Combined TRACON& Tower with Radar,15,41,12,0,68,0,1,5,0,6,15,42,17,0,74,34,0,34,108
09/04/2011,MSN,WI,AGL,CE,Combined TRACON& Tower with Radar,13,47,22,0,82,0,5,31,0,36,13,52,53,0,118,32,0,32,150
09/05/2011,MSN,WI,AGL,CE,Combined TRACON& Tower with Radar,22,69,31,1,123,0,7,57,0,64,22,76,88,1,187,44,0,44,231
09/06/2011,MSN,WI,AGL,CE,Combined TRACON& Tower with Radar,24,77,36,14,151,0,1,68,4,73,24,78,104,18,224,82,8,90,314
09/07/2011,MSN,WI,AGL,CE,Combined TRACON& Tower with Radar,29,67,52,10,158,0,4,83,8,95,29,71,135,18,253,120,4,124,377
09/08/2011,MSN,WI,AGL,CE,Combined TRACON& Tower with Radar,33,74,85,16,208,0,2,46,5,53,33,76,131,21,261,46,0,46,307
09/09/2011,MSN,WI,AGL,CE,Combined TRACON& Tower with Radar,31,64,47,13,155,0,1,76,7,84,31,65,123,20,239,64,8,72,311
09/10/2011,MSN,WI,AGL,CE,Combined TRACON& Tower with Radar,18,52,46,4,120,0,0,80,2,82,18,52,126,6,202,72,0,72,274
09/11/2011,MSN,WI,AGL,CE,Combined TRACON& Tower with Radar,25,63,31,8,127,0,2,93,1,96,25,65,124,9,223,38,0,38,261
09/12/2011,MSN,WI,AGL,CE,Combined TRACON& Tower with Radar,33,65,36,17,151,0,0,57,11,68,33,65,93,28,219,66,12,78,297
09/13/2011,MSN,WI,AGL,CE,Combined TRACON& Tower with Radar,29,65,60,17,171,0,4,48,9,61,29,69,108,26,232,34,0,34,266
09/14/2011,MSN,WI,AGL,CE,Combined TRACON& Tower with Radar,34,72,39,23,168,0,4,47,6,57,34,76,86,29,225,30,0,30,255
09/15/2011,MSN,WI,AGL,CE,Combined TRACON& Tower with Radar,33,72,52,17,174,0,4,71,6,81,33,76,123,23,255,28,0,28,283
09/16/2011,MSN,WI,AGL,CE,Combined TRACON& Tower with Radar,26,77,46,5,154,0,0,67,0,67,26,77,113,5,221,24,0,24,245
09/17/2011,MSN,WI,AGL,CE,Combined TRACON& Tower with Radar,18,42,37,5,102,0,0,56,0,56,18,42,93,5,158,20,0,20,178
09/18/2011,MSN,WI,AGL,CE,Combined TRACON& Tower with Radar,28,56,53,8,145,0,0,10,0,10,28,56,63,8,155,20,0,20,175
09/19/2011,MSN,WI,AGL,CE,Combined TRACON& Tower with Radar,30,73,58,12,173,0,1,24,2,27,30,74,82,14,200,44,0,44,244
09/20/2011,MSN,WI,AGL,CE,Combined TRACON& Tower with Radar,28,71,41,17,157,0,3,39,7,49,28,74,80,24,206,32,6,38,244
09/21/2011,MSN,WI,AGL,CE,Combined TRACON& Tower with Radar,33,70,54,19,176,0,0,30,6,36,33,70,84,25,212,56,8,64,276
09/22/2011,MSN,WI,AGL,CE,Combined TRACON& Tower with Radar,39,58,52,20,169,0,0,34,6,40,39,58,86,26,209,74,0,74,283
09/23/2011,MSN,WI,AGL,CE,Combined TRACON& Tower with Radar,34,64,44,36,178,0,0,33,0,33,34,64,77,36,211,44,0,44,255
09/24/2011,MSN,WI,AGL,CE,Combined TRACON& Tower with Radar,16,47,40,13,116,0,0,40,1,41,16,47,80,14,157,58,0,58,215
09/25/2011,MSN,WI,AGL,CE,Combined TRACON& Tower with Radar,22,67,51,3,143,0,0,6,0,6,22,67,57,3,149,10,0,10,159
09/26/2011,MSN,WI,AGL,CE,Combined TRACON& Tower with Radar,36,71,30,0,137,0,0,0,0,0,36,71,30,0,137,36,12,48,185
09/27/2011,MSN,WI,AGL,CE,Combined TRACON& Tower with Radar,29,73,39,19,160,0,1,22,6,29,29,74,61,25,189,29,1,30,219
09/28/2011,MSN,WI,AGL,CE,Combined TRACON& Tower with Radar,34,63,58,17,172,0,5,57,11,73,34,68,115,28,245,68,18,86,331
09/29/2011,MSN,WI,AGL,CE,Combined TRACON& Tower with Radar,32,69,41,13,155,0,0,8,2,10,32,69,49,15,165,30,0,30,195
09/30/2011,MSN,WI,AGL,CE,Combined TRACON& Tower with Radar,29,91,72,3,195,0,1,46,5,52,29,92,118,8,247,30,4,34,281
10/01/2011,MSN,WI,AGL,CE,Combined TRACON& Tower with Radar,21,59,76,8,164,0,1,84,1,86,21,60,160,9,250,106,0,106,356
10/02/2011,MSN,WI,AGL,CE,Combined TRACON& Tower with Radar,33,88,75,3,199,0,2,93,0,95,33,90,168,3,294,74,0,74,368
10/03/2011,MSN,WI,AGL,CE,Combined TRACON& Tower with Radar,37,67,35,5,144,0,2,93,0,95,37,69,128,5,239,124,0,124,363
10/04/2011,MSN,WI,AGL,CE,Combined TRACON& Tower with Radar,31,63,67,5,166,0,2,128,5,135,31,65,195,10,301,138,0,138,439
10/05/2011,MSN,WI,AGL,CE,Combined TRACON& Tower with Radar,30,69,54,6,159,0,6,116,7,129,30,75,170,13,288,54,2,56,344
10/06/2011,MSN,WI,AGL,CE,Combined TRACON& Tower with Radar,31,64,84,9,188,0,1,78,6,85,31,65,162,15,273,34,2,36,309
10/07/2011,MSN,WI,AGL,CE,Combined TRACON& Tower with Radar,25,79,43,4,151,0,8,77,4,89,25,87,120,8,240,48,0,48,288
10/08/2011,MSN,WI,AGL,CE,Combined TRACON& Tower with Radar,28,38,38,0,104,0,6,76,2,84,28,44,114,2,188,78,0,78,266
10/09/2011,MSN,WI,AGL,CE,Combined TRACON& Tower with Radar,39,52,37,2,130,0,2,85,9,96,39,54,122,11,226,54,0,54,280
10/10/2011,MSN,WI,AGL,CE,Combined TRACON& Tower with Radar,32,68,24,1,125,0,0,58,1,59,32,68,82,2,184,120,0,120,304
10/11/2011,MSN,WI,AGL,CE,Combined TRACON& Tower with Radar,30,66,41,5,142,0,0,21,4,25,30,66,62,9,167,32,2,34,201
10/12/2011,MSN,WI,AGL,CE,Combined TRACON& Tower with Radar,30,73,58,13,174,0,0,28,3,31,30,73,86,16,205,88,0,88,293
10/13/2011,MSN,WI,AGL,CE,Combined TRACON& Tower with Radar,32,79,65,3,179,0,0,3,1,4,32,79,68,4,183,4,0,4,187
10/14/2011,MSN,WI,AGL,CE,Combined TRACON& Tower with Radar,24,85,48,4,161,0,1,23,4,28,24,86,71,8,189,22,0,22,211
10/15/2011,MSN,WI,AGL,CE,Combined TRACON& Tower with Radar,25,50,25,3,103,0,0,41,0,41,25,50,66,3,144,46,0,46,190
10/16/2011,MSN,WI,AGL,CE,Combined TRACON& Tower with Radar,23,74,38,7,142,0,0,62,1,63,23,74,100,8,205,76,0,76,281
10/17/2011,MSN,WI,AGL,CE,Combined TRACON& Tower with Radar,23,48,17,7,95,0,0,22,1,23,23,48,39,8,118,36,0,36,154
10/18/2011,MSN,WI,AGL,CE,Combined TRACON& Tower with Radar,32,61,35,28,156,0,0,51,9,60,32,61,86,37,216,60,4,64,280
10/19/2011,MSN,WI,AGL,CE,Combined TRACON& Tower with Radar,32,64,48,14,158,0,1,7,8,16,32,65,55,22,174,30,0,30,204
10/20/2011,MSN,WI,AGL,CE,Combined TRACON& Tower with Radar,32,71,41,10,154,0,0,13,10,23,32,71,54,20,177,30,4,34,211
10/21/2011,MSN,WI,AGL,CE,Combined TRACON& Tower with Radar,29,74,54,3,160,0,6,68,2,76,29,80,122,5,236,90,0,90,326
10/22/2011,MSN,WI,AGL,CE,Combined TRACON& Tower with Radar,21,39,21,2,83,0,4,92,2,98,21,43,113,4,181,110,0,110,291
10/23/2011,MSN,WI,AGL,CE,Combined TRACON& Tower with Radar,23,64,31,1,119,0,1,58,2,61,23,65,89,3,180,84,0,84,264
10/24/2011,MSN,WI,AGL,CE,Combined TRACON& Tower with Radar,32,64,38,24,158,0,0,67,8,75,32,64,105,32,233,96,10,106,339
10/25/2011,MSN,WI,AGL,CE,Combined TRACON& Tower with Radar,32,62,31,14,139,0,2,16,11,29,32,64,47,25,168,36,12,48,216
10/26/2011,MSN,WI,AGL,CE,Combined TRACON& Tower with Radar,32,70,52,16,170,0,0,11,8,19,32,70,63,24,189,20,0,20,209
10/27/2011,MSN,WI,AGL,CE,Combined TRACON& Tower with Radar,33,71,42,19,165,0,0,35,9,44,33,71,77,28,209,78,0,78,287
10/28/2011,MSN,WI,AGL,CE,Combined TRACON& Tower with Radar,30,72,35,5,142,0,0,52,4,56,30,72,87,9,198,54,0,54,252
10/29/2011,MSN,WI,AGL,CE,Combined TRACON& Tower with Radar,21,36,29,0,86,0,0,138,1,139,21,36,167,1,225,82,0,82,307
10/30/2011,MSN,WI,AGL,CE,Combined TRACON& Tower with Radar,23,66,16,0,105,0,0,17,0,17,23,66,33,0,122,86,0,86,208
10/31/2011,MSN,WI,AGL,CE,Combined TRACON& Tower with Radar,33,62,19,18,132,0,0,14,0,14,33,62,33,18,146,62,8,70,216
11/01/2011,MSN,WI,AGL,CE,Combined TRACON& Tower with Radar,28,63,46,14,151,0,2,60,6,68,28,65,106,20,219,96,6,102,321
11/02/2011,MSN,WI,AGL,CE,Combined TRACON& Tower with Radar,32,64,45,1,142,0,0,7,4,11,32,64,52,5,153,38,0,38,191
11/03/2011,MSN,WI,AGL,CE,Combined TRACON& Tower with Radar,28,73,57,9,167,0,0,44,10,54,28,73,101,19,221,32,0,32,253
11/04/2011,MSN,WI,AGL,CE,Combined TRACON& Tower with Radar,27,68,44,10,149,0,1,83,0,84,27,69,127,10,233,150,0,150,383
11/05/2011,MSN,WI,AGL,CE,Combined TRACON& Tower with Radar,22,46,45,4,117,0,0,84,6,90,22,46,129,10,207,86,0,86,293
11/06/2011,MSN,WI,AGL,CE,Combined TRACON& Tower with Radar,23,60,48,2,133,0,0,42,2,44,23,60,90,4,177,78,0,78,255
11/07/2011,MSN,WI,AGL,CE,Combined TRACON& Tower with Radar,27,70,45,11,153,0,0,63,10,73,27,70,108,21,226,124,6,130,356
11/08/2011,MSN,WI,AGL,CE,Combined TRACON& Tower with Radar,24,74,52,6,156,0,0,3,0,3,24,74,55,6,159,2,0,2,161
11/09/2011,MSN,WI,AGL,CE,Combined TRACON& Tower with Radar,23,67,40,3,133,0,0,5,6,11,23,67,45,9,144,52,0,52,196
11/10/2011,MSN,WI,AGL,CE,Combined TRACON& Tower with Radar,25,69,82,16,192,0,0,15,1,16,25,69,97,17,208,26,0,26,234
11/11/2011,MSN,WI,AGL,CE,Combined TRACON& Tower with Radar,27,67,40,0,134,0,1,77,0,78,27,68,117,0,212,48,0,48,260
11/12/2011,MSN,WI,AGL,CE,Combined TRACON& Tower with Radar,20,42,38,0,100,0,1,87,0,88,20,43,125,0,188,98,0,98,286
11/13/2011,MSN,WI,AGL,CE,Combined TRACON& Tower with Radar,22,64,27,1,114,0,0,15,0,15,22,64,42,1,129,60,0,60,189
11/14/2011,MSN,WI,AGL,CE,Combined TRACON& Tower with Radar,27,63,40,15,145,0,0,48,4,52,27,63,88,19,197,18,0,18,215
11/15/2011,MSN,WI,AGL,CE,Combined TRACON& Tower with Radar,26,62,48,18,154,0,0,49,8,57,26,62,97,26,211,62,0,62,273
11/16/2011,MSN,WI,AGL,CE,Combined TRACON& Tower with Radar,26,71,58,14,169,0,2,65,8,75,26,73,123,22,244,28,0,28,272
11/17/2011,MSN,WI,AGL,CE,Combined TRACON& Tower with Radar,27,70,51,17,165,0,1,60,11,72,27,71,111,28,237,46,0,46,283
11/18/2011,MSN,WI,AGL,CE,Combined TRACON& Tower with Radar,25,66,46,4,141,0,0,43,1,44,25,66,89,5,185,30,2,32,217
11/19/2011,MSN,WI,AGL,CE,Combined TRACON& Tower with Radar,16,47,39,0,102,0,0,24,0,24,16,47,63,0,126,66,8,74,200
11/20/2011,MSN,WI,AGL,CE,Combined TRACON& Tower with Radar,17,54,38,1,110,0,0,31,0,31,17,54,69,1,141,66,0,66,207
11/21/2011,MSN,WI,AGL,CE,Combined TRACON& Tower with Radar,18,57,47,16,138,0,1,43,3,47,18,58,90,19,185,54,8,62,247
11/22/2011,MSN,WI,AGL,CE,Combined TRACON& Tower with Radar,29,61,51,27,168,0,0,16,0,16,29,61,67,27,184,48,0,48,232
11/23/2011,MSN,WI,AGL,CE,Combined TRACON& Tower with Radar,22,71,68,16,177,0,2,58,2,62,22,73,126,18,239,44,0,44,283
11/24/2011,MSN,WI,AGL,CE,Combined TRACON& Tower with Radar,11,32,11,0,54,0,0,4,0,4,11,32,15,0,58,0,0,0,58
11/25/2011,MSN,WI,AGL,CE,Combined TRACON& Tower with Radar,12,38,28,0,78,0,0,40,0,40,12,38,68,0,118,76,0,76,194
11/26/2011,MSN,WI,AGL,CE,Combined TRACON& Tower with Radar,22,54,27,0,103,0,0,0,0,0,22,54,27,0,103,0,0,0,103
11/27/2011,MSN,WI,AGL,CE,Combined TRACON& Tower with Radar,22,61,46,6,135,0,0,19,0,19,22,61,65,6,154,46,0,46,200
11/28/2011,MSN,WI,AGL,CE,Combined TRACON& Tower with Radar,24,68,36,21,149,0,0,27,5,32,24,68,63,26,181,68,6,74,255
11/29/2011,MSN,WI,AGL,CE,Combined TRACON& Tower with Radar,21,61,55,11,148,0,0,24,10,34,21,61,79,21,182,34,0,34,216
11/30/2011,MSN,WI,AGL,CE,Combined TRACON& Tower with Radar,22,63,43,20,148,0,0,74,17,91,22,63,117,37,239,68,6,74,313
12/01/2011,MSN,WI,AGL,CE,Combined TRACON& Tower with Radar,24,63,58,10,155,0,1,30,2,33,24,64,88,12,188,44,2,46,234
12/02/2011,MSN,WI,AGL,CE,Combined TRACON& Tower with Radar,27,64,42,5,138,0,2,87,4,93,27,66,129,9,231,110,0,110,341
12/03/2011,MSN,WI,AGL,CE,Combined TRACON& Tower with Radar,13,49,27,3,92,0,0,0,0,0,13,49,27,3,92,0,0,0,92
12/04/2011,MSN,WI,AGL,CE,Combined TRACON& Tower with Radar,24,55,15,2,96,0,0,11,0,11,24,55,26,2,107,64,0,64,171
12/05/2011,MSN,WI,AGL,CE,Combined TRACON& Tower with Radar,19,61,17,11,108,0,0,4,0,4,19,61,21,11,112,10,0,10,122
12/06/2011,MSN,WI,AGL,CE,Combined TRACON& Tower with Radar,22,61,50,15,148,0,2,32,12,46,22,63,82,27,194,78,2,80,274
12/07/2011,MSN,WI,AGL,CE,Combined TRACON& Tower with Radar,24,57,66,21,168,0,1,52,16,69,24,58,118,37,237,32,0,32,269
12/08/2011,MSN,WI,AGL,CE,Combined TRACON& Tower with Radar,24,64,52,9,149,0,1,58,3,62,24,65,110,12,211,32,0,32,243
12/09/2011,MSN,WI,AGL,CE,Combined TRACON& Tower with Radar,23,58,43,5,129,0,0,44,3,47,23,58,87,8,176,20,0,20,196
12/10/2011,MSN,WI,AGL,CE,Combined TRACON& Tower with Radar,14,40,44,1,99,0,4,84,2,90,14,44,128,3,189,92,0,92,281
12/11/2011,MSN,WI,AGL,CE,Combined TRACON& Tower with Radar,23,55,35,3,116,0,2,69,4,75,23,57,104,7,191,70,0,70,261
12/12/2011,MSN,WI,AGL,CE,Combined TRACON& Tower with Radar,21,66,33,18,138,0,0,12,3,15,21,66,45,21,153,12,6,18,171
12/13/2011,MSN,WI,AGL,CE,Combined TRACON& Tower with Radar,24,58,44,19,145,0,0,26,11,37,24,58,70,30,182,138,18,156,338
12/14/2011,MSN,WI,AGL,CE,Combined TRACON& Tower with Radar,26,58,33,0,117,0,0,0,0,0,26,58,33,0,117,0,0,0,117
12/15/2011,MSN,WI,AGL,CE,Combined TRACON& Tower with Radar,21,71,35,14,141,0,0,3,10,13,21,71,38,24,154,16,0,16,170
12/16/2011,MSN,WI,AGL,CE,Combined TRACON& Tower with Radar,24,64,48,13,149,0,0,77,4,81,24,64,125,17,230,74,0,74,304
12/17/2011,MSN,WI,AGL,CE,Combined TRACON& Tower with Radar,15,48,20,0,83,0,0,10,0,10,15,48,30,0,93,32,0,32,125
12/18/2011,MSN,WI,AGL,CE,Combined TRACON& Tower with Radar,17,49,35,0,101,0,0,63,0,63,17,49,98,0,164,28,0,28,192
12/19/2011,MSN,WI,AGL,CE,Combined TRACON& Tower with Radar,22,59,29,19,129,0,0,20,8,28,22,59,49,27,157,42,4,46,203
12/20/2011,MSN,WI,AGL,CE,Combined TRACON& Tower with Radar,22,62,35,17,136,0,3,33,11,47,22,65,68,28,183,36,8,44,227
12/21/2011,MSN,WI,AGL,CE,Combined TRACON& Tower with Radar,24,64,35,15,138,0,0,13,6,19,24,64,48,21,157,6,0,6,163
12/22/2011,MSN,WI,AGL,CE,Combined TRACON& Tower with Radar,21,64,46,8,139,0,0,31,1,32,21,64,77,9,171,52,0,52,223
12/23/2011,MSN,WI,AGL,CE,Combined TRACON& Tower with Radar,21,68,24,0,113,0,0,65,1,66,21,68,89,1,179,50,0,50,229
12/24/2011,MSN,WI,AGL,CE,Combined TRACON& Tower with Radar,12,37,15,0,64,0,0,48,0,48,12,37,63,0,112,36,0,36,148
12/25/2011,MSN,WI,AGL,CE,Combined TRACON& Tower with Radar,8,41,1,0,50,0,0,10,0,10,8,41,11,0,60,0,0,0,60
12/26/2011,MSN,WI,AGL,CE,Combined TRACON& Tower with Radar,19,66,24,0,109,0,2,40,0,42,19,68,64,0,151,16,0,16,167
12/27/2011,MSN,WI,AGL,CE,Combined TRACON& Tower with Radar,20,60,24,7,111,0,0,29,4,33,20,60,53,11,144,54,0,54,198
12/28/2011,MSN,WI,AGL,CE,Combined TRACON& Tower with Radar,21,70,39,11,141,0,1,56,3,60,21,71,95,14,201,64,0,64,265
12/29/2011,MSN,WI,AGL,CE,Combined TRACON& Tower with Radar,23,66,31,11,131,0,0,32,7,39,23,66,63,18,170,30,0,30,200
12/30/2011,MSN,WI,AGL,CE,Combined TRACON& Tower with Radar,38,66,17,0,121,0,0,0,0,0,38,66,17,0,121,0,0,0,121
12/31/2011,MSN,WI,AGL,CE,Combined TRACON& Tower with Radar,24,29,16,0,69,0,0,0,0,0,24,29,16,0,69,0,0,0,69
01/01/2012,MSN,WI,AGL,CE,Combined TRACON& Tower with Radar,12,37,10,0,59,0,0,1,0,1,12,37,11,0,60,0,0,0,60
01/02/2012,MSN,WI,AGL,CE,Combined TRACON& Tower with Radar,20,65,12,0,97,0,0,12,0,12,20,65,24,0,109,22,0,22,131
01/03/2012,MSN,WI,AGL,CE,Combined TRACON& Tower with Radar,48,53,26,23,150,0,0,50,4,54,48,53,76,27,204,22,4,26,230
01/04/2012,MSN,WI,AGL,CE,Combined TRACON& Tower with Radar,25,58,24,10,117,0,0,34,10,44,25,58,58,20,161,40,6,46,207
01/05/2012,MSN,WI,AGL,CE,Combined TRACON& Tower with Radar,33,58,41,8,140,0,1,71,6,78,33,59,112,14,218,62,0,62,280
01/06/2012,MSN,WI,AGL,CE,Combined TRACON& Tower with Radar,25,61,32,8,126,0,1,57,8,66,25,62,89,16,192,44,4,48,240
01/07/2012,MSN,WI,AGL,CE,Combined TRACON& Tower with Radar,12,44,28,14,98,0,2,86,2,90,12,46,114,16,188,92,0,92,280
01/08/2012,MSN,WI,AGL,CE,Combined TRACON& Tower with Radar,26,45,36,7,114,0,0,86,1,87,26,45,122,8,201,48,0,48,249
01/09/2012,MSN,WI,AGL,CE,Combined TRACON& Tower with Radar,27,58,28,2,115,0,0,26,3,29,27,58,54,5,144,22,0,22,166
01/10/2012,MSN,WI,AGL,CE,Combined TRACON& Tower with Radar,27,55,49,6,137,0,2,47,8,57,27,57,96,14,194,78,8,86,280
01/11/2012,MSN,WI,AGL,CE,Combined TRACON& Tower with Radar,29,53,51,9,142,0,2,46,11,59,29,55,97,20,201,50,0,50,251
01/12/2012,MSN,WI,AGL,CE,Combined TRACON& Tower with Radar,28,45,27,3,103,0,0,0,0,0,28,45,27,3,103,0,0,0,103
01/13/2012,MSN,WI,AGL,CE,Combined TRACON& Tower with Radar,27,58,30,1,116,0,0,10,3,13,27,58,40,4,129,16,0,16,145
01/14/2012,MSN,WI,AGL,CE,Combined TRACON& Tower with Radar,11,43,18,0,72,0,0,20,1,21,11,43,38,1,93,16,0,16,109
01/15/2012,MSN,WI,AGL,CE,Combined TRACON& Tower with Radar,18,51,36,0,105,0,0,28,0,28,18,51,64,0,133,8,0,8,141
01/16/2012,MSN,WI,AGL,CE,Combined TRACON& Tower with Radar,26,54,31,0,111,0,0,35,0,35,26,54,66,0,146,64,0,64,210
01/17/2012,MSN,WI,AGL,CE,Combined TRACON& Tower with Radar,25,55,22,1,103,0,0,1,0,1,25,55,23,1,104,22,0,22,126
01/18/2012,MSN,WI,AGL,CE,Combined TRACON& Tower with Radar,28,47,37,4,116,0,0,17,11,28,28,47,54,15,144,32,0,32,176
01/19/2012,MSN,WI,AGL,CE,Combined TRACON& Tower with Radar,27,56,36,5,124,0,2,33,13,48,27,58,69,18,172,28,0,28,200
01/20/2012,MSN,WI,AGL,CE,Combined TRACON& Tower with Radar,24,46,14,2,86,0,0,0,0,0,24,46,14,2,86,0,0,0,86
01/21/2012,MSN,WI,AGL,CE,Combined TRACON& Tower with Radar,12,44,25,6,87,0,1,45,0,46,12,45,70,6,133,56,0,56,189
01/22/2012,MSN,WI,AGL,CE,Combined TRACON& Tower with Radar,18,43,13,4,78,0,0,0,0,0,18,43,13,4,78,0,0,0,78
01/23/2012,MSN,WI,AGL,CE,Combined TRACON& Tower with Radar,24,54,26,1,105,0,0,3,0,3,24,54,29,1,108,0,0,0,108
01/24/2012,MSN,WI,AGL,CE,Combined TRACON& Tower with Radar,26,53,34,12,125,0,0,13,9,22,26,53,47,21,147,28,0,28,175
01/25/2012,MSN,WI,AGL,CE,Combined TRACON& Tower with Radar,26,63,24,11,124,0,0,24,7,31,26,63,48,18,155,18,0,18,173
01/26/2012,MSN,WI,AGL,CE,Combined TRACON& Tower with Radar,32,66,29,2,129,0,0,0,0,0,32,66,29,2,129,0,0,0,129
01/27/2012,MSN,WI,AGL,CE,Combined TRACON& Tower with Radar,26,59,35,1,121,0,0,44,4,48,26,59,79,5,169,38,6,44,213
01/28/2012,MSN,WI,AGL,CE,Combined TRACON& Tower with Radar,11,41,25,2,79,0,2,30,0,32,11,43,55,2,111,32,0,32,143
01/29/2012,MSN,WI,AGL,CE,Combined TRACON& Tower with Radar,23,48,17,0,88,0,0,44,0,44,23,48,61,0,132,34,0,34,166
01/30/2012,MSN,WI,AGL,CE,Combined TRACON& Tower with Radar,30,57,25,1,113,0,0,23,2,25,30,57,48,3,138,28,0,28,166
01/31/2012,MSN,WI,AGL,CE,Combined TRACON& Tower with Radar,26,54,42,3,125,0,0,20,10,30,26,54,62,13,155,44,0,44,199
02/01/2012,MSN,WI,AGL,CE,Combined TRACON& Tower with Radar,25,59,42,16,142,0,0,11,3,14,25,59,53,19,156,84,2,86,242
02/02/2012,MSN,WI,AGL,CE,Combined TRACON& Tower with Radar,28,72,46,3,149,0,0,1,0,1,28,72,47,3,150,2,0,2,152
02/03/2012,MSN,WI,AGL,CE,Combined TRACON& Tower with Radar,22,60,41,5,128,0,0,1,0,1,22,60,42,5,129,0,0,0,129
02/04/2012,MSN,WI,AGL,CE,Combined TRACON& Tower with Radar,12,47,29,9,97,0,0,89,0,89,12,47,118,9,186,50,6,56,242
02/05/2012,MSN,WI,AGL,CE,Combined TRACON& Tower with Radar,20,54,53,3,130,0,0,48,8,56,20,54,101,11,186,92,0,92,278
02/06/2012,MSN,WI,AGL,CE,Combined TRACON& Tower with Radar,24,57,32,14,127,0,0,18,4,22,24,57,50,18,149,72,12,84,233
02/07/2012,MSN,WI,AGL,CE,Combined TRACON& Tower with Radar,22,57,27,12,118,0,0,13,6,19,22,57,40,18,137,6,0,6,143
02/08/2012,MSN,WI,AGL,CE,Combined TRACON& Tower with Radar,28,59,69,10,166,0,0,70,8,78,28,59,139,18,244,54,2,56,300
02/09/2012,MSN,WI,AGL,CE,Combined TRACON& Tower with Radar,27,62,48,7,144,0,0,68,8,76,27,62,116,15,220,8,8,16,236
02/10/2012,MSN,WI,AGL,CE,Combined TRACON& Tower with Radar,29,59,22,3,113,0,0,1,0,1,29,59,23,3,114,0,0,0,114
02/11/2012,MSN,WI,AGL,CE,Combined TRACON& Tower with Radar,12,44,41,0,97,0,0,59,1,60,12,44,100,1,157,16,0,16,173
02/12/2012,MSN,WI,AGL,CE,Combined TRACON& Tower with Radar,20,50,22,3,95,0,1,91,0,92,20,51,113,3,187,30,0,30,217
02/13/2012,MSN,WI,AGL,CE,Combined TRACON& Tower with Radar,24,57,23,9,113,0,0,16,2,18,24,57,39,11,131,34,0,34,165
02/14/2012,MSN,WI,AGL,CE,Combined TRACON& Tower with Radar,25,59,27,15,126,0,0,11,6,17,25,59,38,21,143,14,0,14,157
02/15/2012,MSN,WI,AGL,CE,Combined TRACON& Tower with Radar,25,64,45,19,153,0,0,20,9,29,25,64,65,28,182,38,6,44,226
02/16/2012,MSN,WI,AGL,CE,Combined TRACON& Tower with Radar,37,62,45,15,159,0,0,35,6,41,37,62,80,21,200,8,6,14,214
02/17/2012,MSN,WI,AGL,CE,Combined TRACON& Tower with Radar,34,58,29,2,123,0,0,29,4,33,34,58,58,6,156,30,0,30,186
02/18/2012,MSN,WI,AGL,CE,Combined TRACON& Tower with Radar,20,38,42,12,112,0,0,92,1,93,20,38,134,13,205,86,0,86,291
02/19/2012,MSN,WI,AGL,CE,Combined TRACON& Tower with Radar,24,47,39,0,110,0,4,103,0,107,24,51,142,0,217,28,0,28,245
02/20/2012,MSN,WI,AGL,CE,Combined TRACON& Tower with Radar,41,47,36,2,126,0,0,35,0,35,41,47,71,2,161,24,0,24,185
02/21/2012,MSN,WI,AGL,CE,Combined TRACON& Tower with Radar,43,56,28,15,142,0,1,6,3,10,43,57,34,18,152,18,0,18,170
02/22/2012,MSN,WI,AGL,CE,Combined TRACON& Tower with Radar,33,57,49,17,156,0,1,52,8,61,33,58,101,25,217,18,0,18,235
02/23/2012,MSN,WI,AGL,CE,Combined TRACON& Tower with Radar,38,55,38,10,141,0,0,23,5,28,38,55,61,15,169,16,0,16,185
02/24/2012,MSN,WI,AGL,CE,Combined TRACON& Tower with Radar,33,50,26,20,129,0,0,11,0,11,33,50,37,20,140,20,4,24,164
02/25/2012,MSN,WI,AGL,CE,Combined TRACON& Tower with Radar,24,38,24,1,87,0,0,64,2,66,24,38,88,3,153,84,0,84,237
02/26/2012,MSN,WI,AGL,CE,Combined TRACON& Tower with Radar,28,52,12,3,95,0,1,16,0,17,28,53,28,3,112,16,0,16,128
02/27/2012,MSN,WI,AGL,CE,Combined TRACON& Tower with Radar,44,48,32,16,140,0,0,30,3,33,44,48,62,19,173,12,0,12,185
02/28/2012,MSN,WI,AGL,CE,Combined TRACON& Tower with Radar,36,52,37,4,129,0,0,17,8,25,36,52,54,12,154,20,4,24,178
02/29/2012,MSN,WI,AGL,CE,Combined TRACON& Tower with Radar,37,54,28,4,123,0,0,3,0,3,37,54,31,4,126,24,0,24,150
03/01/2012,MSN,WI,AGL,CE,Combined TRACON& Tower with Radar,40,50,24,5,119,0,0,12,14,26,40,50,36,19,145,102,2,104,249
03/02/2012,MSN,WI,AGL,CE,Combined TRACON& Tower with Radar,33,47,18,0,98,0,0,2,0,2,33,47,20,0,100,14,0,14,114
03/03/2012,MSN,WI,AGL,CE,Combined TRACON& Tower with Radar,25,36,19,4,84,0,0,38,3,41,25,36,57,7,125,26,0,26,151
03/04/2012,MSN,WI,AGL,CE,Combined TRACON& Tower with Radar,36,43,17,7,103,0,0,6,0,6,36,43,23,7,109,42,0,42,151
03/05/2012,MSN,WI,AGL,CE,Combined TRACON& Tower with Radar,40,52,33,14,139,0,1,57,3,61,40,53,90,17,200,48,10,58,258
03/06/2012,MSN,WI,AGL,CE,Combined TRACON& Tower with Radar,36,54,35,9,134,0,0,20,7,27,36,54,55,16,161,36,16,52,213
03/07/2012,MSN,WI,AGL,CE,Combined TRACON& Tower with Radar,36,41,34,14,125,0,0,13,5,18,36,41,47,19,143,6,0,6,149
03/08/2012,MSN,WI,AGL,CE,Combined TRACON& Tower with Radar,41,52,48,11,152,0,4,50,9,63,41,56,98,20,215,74,0,74,289
03/09/2012,MSN,WI,AGL,CE,Combined TRACON& Tower with Radar,38,55,39,13,145,0,2,65,9,76,38,57,104,22,221,66,0,66,287
03/10/2012,MSN,WI,AGL,CE,Combined TRACON& Tower with Radar,25,39,13,18,95,0,0,39,7,46,25,39,52,25,141,10,0,10,151
03/11/2012,MSN,WI,AGL,CE,Combined TRACON& Tower with Radar,33,45,25,0,103,0,0,94,0,94,33,45,119,0,197,68,0,68,265
03/12/2012,MSN,WI,AGL,CE,Combined TRACON& Tower with Radar,41,47,36,13,137,0,0,10,0,10,41,47,46,13,147,8,0,8,155
03/13/2012,MSN,WI,AGL,CE,Combined TRACON& Tower with Radar,37,52,40,19,148,0,4,62,7,73,37,56,102,26,221,56,10,66,287
03/14/2012,MSN,WI,AGL,CE,Combined TRACON& Tower with Radar,39,52,40,20,151,0,4,49,15,68,39,56,89,35,219,72,16,88,307
03/15/2012,MSN,WI,AGL,CE,Combined TRACON& Tower with Radar,35,50,49,9,143,0,1,33,6,40,35,51,82,15,183,60,8,68,251
03/16/2012,MSN,WI,AGL,CE,Combined TRACON& Tower with Radar,38,52,38,11,139,0,2,49,2,53,38,54,87,13,192,62,0,62,254
03/17/2012,MSN,WI,AGL,CE,Combined TRACON& Tower with Radar,25,36,20,0,81,0,3,51,0,54,25,39,71,0,135,60,0,60,195
03/18/2012,MSN,WI,AGL,CE,Combined TRACON& Tower with Radar,33,44,29,1,107,0,2,65,0,67,33,46,94,1,174,30,0,30,204
03/19/2012,MSN,WI,AGL,CE,Combined TRACON& Tower with Radar,42,48,30,13,133,0,0,15,0,15,42,48,45,13,148,86,22,108,256
03/20/2012,MSN,WI,AGL,CE,Combined TRACON& Tower with Radar,34,54,54,14,156,0,0,38,9,47,34,54,92,23,203,4,4,8,211
03/21/2012,MSN,WI,AGL,CE,Combined TRACON& Tower with Radar,39,45,31,28,143,0,2,55,14,71,39,47,86,42,214,44,16,60,274
03/22/2012,MSN,WI,AGL,CE,Combined TRACON& Tower with Radar,41,53,37,9,140,0,0,19,8,27,41,53,56,17,167,28,6,34,201
03/23/2012,MSN,WI,AGL,CE,Combined TRACON& Tower with Radar,40,52,58,2,152,0,0,0,0,0,40,52,58,2,152,8,6,14,166
03/24/2012,MSN,WI,AGL,CE,Combined TRACON& Tower with Radar,23,35,54,0,112,0,0,0,0,0,23,35,54,0,112,14,0,14,126
03/25/2012,MSN,WI,AGL,CE,Combined TRACON& Tower with Radar,33,49,48,0,130,0,0,90,1,91,33,49,138,1,221,66,0,66,287
03/26/2012,MSN,WI,AGL,CE,Combined TRACON& Tower with Radar,40,53,25,12,130,0,0,29,8,37,40,53,54,20,167,26,2,28,195
03/27/2012,MSN,WI,AGL,CE,Combined TRACON& Tower with Radar,34,51,19,19,123,0,1,4,12,17,34,52,23,31,140,0,4,4,144
03/28/2012,MSN,WI,AGL,CE,Combined TRACON& Tower with Radar,37,49,32,16,134,0,1,40,15,56,37,50,72,31,190,64,0,64,254
03/29/2012,MSN,WI,AGL,CE,Combined TRACON& Tower with Radar,37,50,61,13,161,0,5,78,14,97,37,55,139,27,258,52,16,68,326
03/30/2012,MSN,WI,AGL,CE,Combined TRACON& Tower with Radar,34,62,39,12,147,0,0,0,1,1,34,62,39,13,148,0,0,0,148
03/31/2012,MSN,WI,AGL,CE,Combined TRACON& Tower with Radar,23,41,38,0,102,0,1,1,0,2,23,42,39,0,104,42,0,42,146
04/01/2012,MSN,WI,AGL,CE,Combined TRACON& Tower with Radar,30,56,38,0,124,0,1,16,2,19,30,57,54,2,143,104,0,104,247
04/02/2012,MSN,WI,AGL,CE,Combined TRACON& Tower with Radar,37,52,33,10,132,0,0,43,2,45,37,52,76,12,177,50,12,62,239
04/03/2012,MSN,WI,AGL,CE,Combined TRACON& Tower with Radar,35,48,41,13,137,0,0,40,7,47,35,48,81,20,184,30,4,34,218
04/04/2012,MSN,WI,AGL,CE,Combined TRACON& Tower with Radar,38,44,53,19,154,0,0,72,4,76,38,44,125,23,230,46,12,58,288
04/05/2012,MSN,WI,AGL,CE,Combined TRACON& Tower with Radar,40,57,51,9,157,0,3,49,13,65,40,60,100,22,222,16,8,24,246
04/06/2012,MSN,WI,AGL,CE,Combined TRACON& Tower with Radar,36,53,27,0,116,0,0,77,0,77,36,53,104,0,193,22,0,22,215
04/07/2012,MSN,WI,AGL,CE,Combined TRACON& Tower with Radar,17,41,32,0,90,0,1,54,0,55,17,42,86,0,145,104,0,104,249
04/08/2012,MSN,WI,AGL,CE,Combined TRACON& Tower with Radar,26,45,20,0,91,0,0,39,0,39,26,45,59,0,130,0,0,0,130
04/09/2012,MSN,WI,AGL,CE,Combined TRACON& Tower with Radar,44,49,25,10,128,0,0,16,0,16,44,49,41,10,144,0,0,0,144
04/10/2012,MSN,WI,AGL,CE,Combined TRACON& Tower with Radar,42,49,40,12,143,0,2,32,11,45,42,51,72,23,188,18,0,18,206
04/11/2012,MSN,WI,AGL,CE,Combined TRACON& Tower with Radar,42,54,46,14,156,0,2,68,12,82,42,56,114,26,238,66,6,72,310
04/12/2012,MSN,WI,AGL,CE,Combined TRACON& Tower with Radar,44,45,52,13,154,0,2,54,11,67,44,47,106,24,221,74,8,82,303
04/13/2012,MSN,WI,AGL,CE,Combined TRACON& Tower with Radar,42,47,34,15,138,0,0,21,0,21,42,47,55,15,159,26,0,26,185
04/14/2012,MSN,WI,AGL,CE,Combined TRACON& Tower with Radar,27,27,38,8,100,0,0,56,0,56,27,27,94,8,156,114,0,114,270
04/15/2012,MSN,WI,AGL,CE,Combined TRACON& Tower with Radar,30,46,19,10,105,0,0,7,0,7,30,46,26,10,112,40,0,40,152
04/16/2012,MSN,WI,AGL,CE,Combined TRACON& Tower with Radar,40,56,28,6,130,0,0,18,0,18,40,56,46,6,148,0,0,0,148
04/17/2012,MSN,WI,AGL,CE,Combined TRACON& Tower with Radar,40,48,49,17,154,0,0,54,9,63,40,48,103,26,217,80,18,98,315
04/18/2012,MSN,WI,AGL,CE,Combined TRACON& Tower with Radar,42,48,45,14,149,0,3,29,0,32,42,51,74,14,181,34,0,34,215
04/19/2012,MSN,WI,AGL,CE,Combined TRACON& Tower with Radar,36,56,44,10,146,0,0,11,4,15,36,56,55,14,161,10,16,26,187
04/20/2012,MSN,WI,AGL,CE,Combined TRACON& Tower with Radar,43,49,54,5,151,0,1,17,0,18,43,50,71,5,169,0,0,0,169
04/21/2012,MSN,WI,AGL,CE,Combined TRACON& Tower with Radar,28,28,34,7,97,0,6,82,0,88,28,34,116,7,185,38,2,40,225
04/22/2012,MSN,WI,AGL,CE,Combined TRACON& Tower with Radar,32,48,35,2,117,0,0,63,1,64,32,48,98,3,181,26,0,26,207
04/23/2012,MSN,WI,AGL,CE,Combined TRACON& Tower with Radar,37,53,27,14,131,0,0,24,2,26,37,53,51,16,157,6,0,6,163
04/24/2012,MSN,WI,AGL,CE,Combined TRACON& Tower with Radar,38,44,39,13,134,0,0,61,12,73,38,44,100,25,207,78,6,84,291
04/25/2012,MSN,WI,AGL,CE,Combined TRACON& Tower with Radar,42,50,42,17,151,0,0,26,7,33,42,50,68,24,184,26,4,30,214
04/26/2012,MSN,WI,AGL,CE,Combined TRACON& Tower with Radar,37,57,48,8,150,0,0,38,9,47,37,57,86,17,197,42,0,42,239
04/27/2012,MSN,WI,AGL,CE,Combined TRACON& Tower with Radar,42,50,40,1,133,0,0,57,0,57,42,50,97,1,190,74,0,74,264
04/28/2012,MSN,WI,AGL,CE,Combined TRACON& Tower with Radar,25,32,36,0,93,0,0,1,0,1,25,32,37,0,94,4,0,4,98
04/29/2012,MSN,WI,AGL,CE,Combined TRACON& Tower with Radar,34,47,39,4,124,0,0,61,1,62,34,47,100,5,186,72,0,72,258
04/30/2012,MSN,WI,AGL,CE,Combined TRACON& Tower with Radar,42,47,43,5,137,0,0,5,0,5,42,47,48,5,142,36,0,36,178
05/01/2012,MSN,WI,AGL,CE,Combined TRACON& Tower with Radar,33,54,35,11,133,0,0,32,4,36,33,54,67,15,169,18,4,22,191
05/02/2012,MSN,WI,AGL,CE,Combined TRACON& Tower with Radar,36,48,33,7,124,0,0,42,7,49,36,48,75,14,173,52,0,52,225
05/03/2012,MSN,WI,AGL,CE,Combined TRACON& Tower with Radar,41,61,52,8,162,0,0,31,6,37,41,61,83,14,199,36,0,36,235
05/04/2012,MSN,WI,AGL,CE,Combined TRACON& Tower with Radar,38,51,39,4,132,0,0,9,2,11,38,51,48,6,143,14,0,14,157
05/05/2012,MSN,WI,AGL,CE,Combined TRACON& Tower with Radar,22,36,40,4,102,0,2,10,0,12,22,38,50,4,114,6,0,6,120
05/06/2012,MSN,WI,AGL,CE,Combined TRACON& Tower with Radar,31,51,17,0,99,0,0,7,0,7,31,51,24,0,106,16,0,16,122
05/07/2012,MSN,WI,AGL,CE,Combined TRACON& Tower with Radar,38,49,45,6,138,0,0,13,2,15,38,49,58,8,153,28,0,28,181
05/08/2012,MSN,WI,AGL,CE,Combined TRACON& Tower with Radar,37,50,53,17,157,0,0,30,13,43,37,50,83,30,200,78,20,98,298
05/09/2012,MSN,WI,AGL,CE,Combined TRACON& Tower with Radar,38,54,69,10,171,0,0,56,7,63,38,54,125,17,234,88,0,88,322
05/10/2012,MSN,WI,AGL,CE,Combined TRACON& Tower with Radar,40,50,39,15,144,0,1,91,7,99,40,51,130,22,243,98,10,108,351
05/11/2012,MSN,WI,AGL,CE,Combined TRACON& Tower with Radar,36,55,36,4,131,0,4,50,2,56,36,59,86,6,187,20,0,20,207
05/12/2012,MSN,WI,AGL,CE,Combined TRACON& Tower with Radar,21,32,42,3,98,0,1,82,0,83,21,33,124,3,181,24,0,24,205
05/13/2012,MSN,WI,AGL,CE,Combined TRACON& Tower with Radar,26,43,32,2,103,0,3,82,2,87,26,46,114,4,190,68,0,68,258
05/14/2012,MSN,WI,AGL,CE,Combined TRACON& Tower with Radar,40,47,34,10,131,0,2,45,3,50,40,49,79,13,181,54,0,54,235
05/15/2012,MSN,WI,AGL,CE,Combined TRACON& Tower with Radar,39,50,48,22,159,0,0,35,13,48,39,50,83,35,207,68,18,86,293
05/16/2012,MSN,WI,AGL,CE,Combined TRACON& Tower with Radar,43,42,43,11,139,0,2,64,8,74,43,44,107,19,213,122,8,130,343
05/17/2012,MSN,WI,AGL,CE,Combined TRACON& Tower with Radar,38,52,58,16,164,0,1,44,5,50,38,53,102,21,214,36,4,40,254
05/18/2012,MSN,WI,AGL,CE,Combined TRACON& Tower with Radar,35,55,52,14,156,0,4,55,4,63,35,59,107,18,219,22,0,22,241
05/19/2012,MSN,WI,AGL,CE,Combined TRACON& Tower with Radar,28,32,36,0,96,0,3,67,0,70,28,35,103,0,166,12,0,12,178
05/20/2012,MSN,WI,AGL,CE,Combined TRACON& Tower with Radar,26,51,25,6,108,0,2,40,0,42,26,53,65,6,150,28,0,28,178
05/21/2012,MSN,WI,AGL,CE,Combined TRACON& Tower with Radar,42,54,33,24,153,0,0,33,4,37,42,54,66,28,190,62,4,66,256
05/22/2012,MSN,WI,AGL,CE,Combined TRACON& Tower with Radar,35,58,63,22,178,0,0,66,11,77,35,58,129,33,255,90,0,90,345
05/23/2012,MSN,WI,AGL,CE,Combined TRACON& Tower with Radar,46,44,32,22,144,0,0,56,6,62,46,44,88,28,206,44,4,48,254
05/24/2012,MSN,WI,AGL,CE,Combined TRACON& Tower with Radar,42,49,46,13,150,0,3,19,1,23,42,52,65,14,173,8,6,14,187
05/25/2012,MSN,WI,AGL,CE,Combined TRACON& Tower with Radar,34,51,33,1,119,0,0,59,0,59,34,51,92,1,178,34,0,34,212
05/26/2012,MSN,WI,AGL,CE,Combined TRACON& Tower with Radar,20,33,18,0,71,0,0,21,0,21,20,33,39,0,92,4,0,4,96
05/27/2012,MSN,WI,AGL,CE,Combined TRACON& Tower with Radar,18,30,18,1,67,0,2,29,1,32,18,32,47,2,99,54,0,54,153
05/28/2012,MSN,WI,AGL,CE,Combined TRACON& Tower with Radar,28,49,21,0,98,0,0,36,2,38,28,49,57,2,136,34,0,34,170
05/29/2012,MSN,WI,AGL,CE,Combined TRACON& Tower with Radar,42,52,34,18,146,0,0,49,6,55,42,52,83,24,201,76,4,80,281
05/30/2012,MSN,WI,AGL,CE,Combined TRACON& Tower with Radar,42,55,26,21,144,0,1,52,8,61,42,56,78,29,205,70,0,70,275
05/31/2012,MSN,WI,AGL,CE,Combined TRACON& Tower with Radar,40,61,49,18,168,0,3,55,17,75,40,64,104,35,243,122,0,122,365
06/01/2012,MSN,WI,AGL,CE,Combined TRACON& Tower with Radar,36,56,39,12,143,0,0,58,5,63,36,56,97,17,206,86,4,90,296
06/02/2012,MSN,WI,AGL,CE,Combined TRACON& Tower with Radar,29,31,34,15,109,0,0,57,3,60,29,31,91,18,169,44,2,46,215
06/03/2012,MSN,WI,AGL,CE,Combined TRACON& Tower with Radar,33,42,31,9,115,0,1,70,0,71,33,43,101,9,186,40,2,42,228
06/04/2012,MSN,WI,AGL,CE,Combined TRACON& Tower with Radar,34,54,34,22,144,0,0,31,5,36,34,54,65,27,180,46,4,50,230
06/05/2012,MSN,WI,AGL,CE,Combined TRACON& Tower with Radar,37,49,54,17,157,0,3,51,5,59,37,52,105,22,216,102,4,106,322
06/06/2012,MSN,WI,AGL,CE,Combined TRACON& Tower with Radar,46,47,67,16,176,0,1,99,11,111,46,48,166,27,287,58,24,82,369
06/07/2012,MSN,WI,AGL,CE,Combined TRACON& Tower with Radar,36,60,47,8,151,0,1,72,7,80,36,61,119,15,231,116,8,124,355
06/08/2012,MSN,WI,AGL,CE,Combined TRACON& Tower with Radar,32,55,35,4,126,0,2,45,5,52,32,57,80,9,178,44,0,44,222
06/09/2012,MSN,WI,AGL,CE,Combined TRACON& Tower with Radar,24,45,18,12,99,0,2,71,4,77,24,47,89,16,176,44,6,50,226
06/10/2012,MSN,WI,AGL,CE,Combined TRACON& Tower with Radar,36,54,50,2,142,0,1,49,0,50,36,55,99,2,192,64,0,64,256
06/11/2012,MSN,WI,AGL,CE,Combined TRACON& Tower with Radar,34,59,34,16,143,0,2,20,4,26,34,61,54,20,169,10,0,10,179
06/12/2012,MSN,WI,AGL,CE,Combined TRACON& Tower with Radar,38,60,44,12,154,0,0,67,6,73,38,60,111,18,227,86,6,92,319
06/13/2012,MSN,WI,AGL,CE,Combined TRACON& Tower with Radar,37,61,54,22,174,0,2,44,9,55,37,63,98,31,229,36,12,48,277
06/14/2012,MSN,WI,AGL,CE,Combined TRACON& Tower with Radar,39,66,56,20,181,0,0,43,13,56,39,66,99,33,237,68,0,68,305
06/15/2012,MSN,WI,AGL,CE,Combined TRACON& Tower with Radar,37,52,37,13,139,0,4,50,23,77,37,56,87,36,216,54,8,62,278
06/16/2012,MSN,WI,AGL,CE,Combined TRACON& Tower with Radar,23,42,26,1,92,0,0,33,0,33,23,42,59,1,125,48,0,48,173
06/17/2012,MSN,WI,AGL,CE,Combined TRACON& Tower with Radar,36,49,31,1,117,0,0,64,0,64,36,49,95,1,181,114,0,114,295
06/18/2012,MSN,WI,AGL,CE,Combined TRACON& Tower with Radar,32,61,18,11,122,0,0,13,11,24,32,61,31,22,146,88,0,88,234
06/19/2012,MSN,WI,AGL,CE,Combined TRACON& Tower with Radar,39,53,55,16,163,0,0,21,9,30,39,53,76,25,193,24,4,28,221
06/20/2012,MSN,WI,AGL,CE,Combined TRACON& Tower with Radar,38,54,48,11,151,0,0,17,8,25,38,54,65,19,176,50,0,50,226
06/21/2012,MSN,WI,AGL,CE,Combined TRACON& Tower with Radar,36,55,47,10,148,0,0,61,16,77,36,55,108,26,225,88,8,96,321
06/22/2012,MSN,WI,AGL,CE,Combined TRACON& Tower with Radar,32,55,38,13,138,0,0,77,5,82,32,55,115,18,220,142,0,142,362
06/23/2012,MSN,WI,AGL,CE,Combined TRACON& Tower with Radar,24,44,28,1,97,0,0,57,4,61,24,44,85,5,158,108,0,108,266
06/24/2012,MSN,WI,AGL,CE,Combined TRACON& Tower with Radar,30,51,30,1,112,0,0,79,0,79,30,51,109,1,191,66,0,66,257
06/25/2012,MSN,WI,AGL,CE,Combined TRACON& Tower with Radar,31,63,39,12,145,0,1,67,4,72,31,64,106,16,217,128,4,132,349
06/26/2012,MSN,WI,AGL,CE,Combined TRACON& Tower with Radar,35,57,47,12,151,0,3,76,10,89,35,60,123,22,240,84,8,92,332
06/27/2012,MSN,WI,AGL,CE,Combined TRACON& Tower with Radar,39,58,57,17,171,0,2,41,7,50,39,60,98,24,221,98,8,106,327
06/28/2012,MSN,WI,AGL,CE,Combined TRACON& Tower with Radar,41,59,42,3,145,0,0,40,0,40,41,59,82,3,185,70,0,70,255
06/29/2012,MSN,WI,AGL,CE,Combined TRACON& Tower with Radar,41,57,36,7,141,0,2,45,6,53,41,59,81,13,194,94,2,96,290
06/30/2012,MSN,WI,AGL,CE,Combined TRACON& Tower with Radar,25,44,29,4,102,0,6,62,4,72,25,50,91,8,174,60,16,76,250
07/01/2012,MSN,WI,AGL,CE,Combined TRACON& Tower with Radar,37,63,21,1,122,0,1,60,1,62,37,64,81,2,184,42,0,42,226
07/02/2012,MSN,WI,AGL,CE,Combined TRACON& Tower with Radar,34,50,37,4,125,0,2,43,1,46,34,52,80,5,171,52,0,52,223
07/03/2012,MSN,WI,AGL,CE,Combined TRACON& Tower with Radar,31,42,39,7,119,0,1,45,0,46,31,43,84,7,165,16,2,18,183
07/04/2012,MSN,WI,AGL,CE,Combined TRACON& Tower with Radar,25,28,11,0,64,0,0,44,0,44,25,28,55,0,108,40,0,40,148
07/05/2012,MSN,WI,AGL,CE,Combined TRACON& Tower with Radar,42,40,28,2,112,0,2,36,8,46,42,42,64,10,158,52,0,52,210
07/06/2012,MSN,WI,AGL,CE,Combined TRACON& Tower with Radar,31,46,38,0,115,0,1,39,5,45,31,47,77,5,160,84,0,84,244
07/07/2012,MSN,WI,AGL,CE,Combined TRACON& Tower with Radar,23,50,21,0,94,0,3,51,1,55,23,53,72,1,149,40,0,40,189
07/08/2012,MSN,WI,AGL,CE,Combined TRACON& Tower with Radar,33,55,45,1,134,0,0,74,0,74,33,55,119,1,208,54,0,54,262
07/09/2012,MSN,WI,AGL,CE,Combined TRACON& Tower with Radar,40,55,31,11,137,0,0,68,2,70,40,55,99,13,207,108,2,110,317
07/10/2012,MSN,WI,AGL,CE,Combined TRACON& Tower with Radar,39,52,53,7,151,0,0,68,11,79,39,52,121,18,230,106,0,106,336
07/11/2012,MSN,WI,AGL,CE,Combined TRACON& Tower with Radar,41,57,51,1,150,0,1,80,9,90,41,58,131,10,240,126,0,126,366
07/12/2012,MSN,WI,AGL,CE,Combined TRACON& Tower with Radar,43,54,40,17,154,0,0,75,12,87,43,54,115,29,241,56,2,58,299
07/13/2012,MSN,WI,AGL,CE,Combined TRACON& Tower with Radar,46,55,32,6,139,0,1,41,5,47,46,56,73,11,186,30,0,30,216
07/14/2012,MSN,WI,AGL,CE,Combined TRACON& Tower with Radar,29,43,17,1,90,0,0,45,3,48,29,43,62,4,138,8,0,8,146
07/15/2012,MSN,WI,AGL,CE,Combined TRACON& Tower with Radar,32,58,38,2,130,0,2,75,2,79,32,60,113,4,209,46,0,46,255
07/16/2012,MSN,WI,AGL,CE,Combined TRACON& Tower with Radar,42,53,46,5,146,0,0,43,4,47,42,53,89,9,193,32,0,32,225
07/17/2012,MSN,WI,AGL,CE,Combined TRACON& Tower with Radar,46,53,48,7,154,0,2,48,15,65,46,55,96,22,219,30,0,30,249
07/18/2012,MSN,WI,AGL,CE,Combined TRACON& Tower with Radar,41,59,39,19,158,0,1,48,1,50,41,60,87,20,208,64,4,68,276
07/19/2012,MSN,WI,AGL,CE,Combined TRACON& Tower with Radar,40,54,65,28,187,0,0,15,1,16,40,54,80,29,203,26,0,26,229
07/20/2012,MSN,WI,AGL,CE,Combined TRACON& Tower with Radar,40,54,52,8,154,0,2,94,11,107,40,56,146,19,261,46,0,46,307
07/21/2012,MSN,WI,AGL,CE,Combined TRACON& Tower with Radar,28,43,24,8,103,0,1,71,4,76,28,44,95,12,179,44,0,44,223
07/22/2012,MSN,WI,AGL,CE,Combined TRACON& Tower with Radar,34,58,44,4,140,0,0,67,0,67,34,58,111,4,207,28,0,28,235
07/23/2012,MSN,WI,AGL,CE,Combined TRACON& Tower with Radar,46,55,36,12,149,0,2,55,4,61,46,57,91,16,210,26,0,26,236
07/24/2012,MSN,WI,AGL,CE,Combined TRACON& Tower with Radar,41,54,54,11,160,0,0,39,4,43,41,54,93,15,203,80,0,80,283
07/25/2012,MSN,WI,AGL,CE,Combined TRACON& Tower with Radar,36,54,46,9,145,0,1,53,7,61,36,55,99,16,206,10,0,10,216
07/26/2012,MSN,WI,AGL,CE,Combined TRACON& Tower with Radar,43,50,81,13,187,0,2,62,14,78,43,52,143,27,265,18,0,18,283
07/27/2012,MSN,WI,AGL,CE,Combined TRACON& Tower with Radar,41,49,56,9,155,0,0,51,0,51,41,49,107,9,206,16,8,24,230
07/28/2012,MSN,WI,AGL,CE,Combined TRACON& Tower with Radar,29,41,32,2,104,0,0,65,2,67,29,41,97,4,171,18,0,18,189
07/29/2012,MSN,WI,AGL,CE,Combined TRACON& Tower with Radar,31,60,51,3,145,0,0,65,2,67,31,60,116,5,212,36,0,36,248
07/30/2012,MSN,WI,AGL,CE,Combined TRACON& Tower with Radar,39,55,49,16,159,0,1,56,4,61,39,56,105,20,220,40,0,40,260
07/31/2012,MSN,WI,AGL,CE,Combined TRACON& Tower with Radar,36,40,37,16,129,0,0,34,8,42,36,40,71,24,171,94,2,96,267
08/01/2012,MSN,WI,AGL,CE,Combined TRACON& Tower with Radar,40,57,40,13,150,0,0,95,11,106,40,57,135,24,256,102,8,110,366
08/02/2012,MSN,WI,AGL,CE,Combined TRACON& Tower with Radar,41,53,51,17,162,0,0,44,3,47,41,53,95,20,209,66,0,66,275
08/03/2012,MSN,WI,AGL,CE,Combined TRACON& Tower with Radar,42,50,39,12,143,0,0,56,4,60,42,50,95,16,203,54,0,54,257
08/04/2012,MSN,WI,AGL,CE,Combined TRACON& Tower with Radar,29,44,23,9,105,0,0,16,4,20,29,44,39,13,125,10,0,10,135
08/05/2012,MSN,WI,AGL,CE,Combined TRACON& Tower with Radar,31,60,30,0,121,0,0,71,4,75,31,60,101,4,196,32,0,32,228
08/06/2012,MSN,WI,AGL,CE,Combined TRACON& Tower with Radar,38,53,32,21,144,0,0,47,5,52,38,53,79,26,196,36,0,36,232
08/07/2012,MSN,WI,AGL,CE,Combined TRACON& Tower with Radar,47,55,40,23,165,0,2,51,9,62,47,57,91,32,227,60,0,60,287
08/08/2012,MSN,WI,AGL,CE,Combined TRACON& Tower with Radar,45,55,61,17,178,0,0,33,6,39,45,55,94,23,217,64,6,70,287
08/09/2012,MSN,WI,AGL,CE,Combined TRACON& Tower with Radar,45,58,53,14,170,0,0,13,0,13,45,58,66,14,183,14,0,14,197
08/10/2012,MSN,WI,AGL,CE,Combined TRACON& Tower with Radar,41,55,38,4,138,0,0,48,14,62,41,55,86,18,200,82,0,82,282
08/11/2012,MSN,WI,AGL,CE,Combined TRACON& Tower with Radar,29,43,25,11,108,0,4,55,5,64,29,47,80,16,172,58,0,58,230
08/12/2012,MSN,WI,AGL,CE,Combined TRACON& Tower with Radar,33,53,49,6,141,0,6,85,2,93,33,59,134,8,234,26,0,26,260
08/13/2012,MSN,WI,AGL,CE,Combined TRACON& Tower with Radar,43,53,40,21,157,0,0,34,7,41,43,53,74,28,198,88,0,88,286
08/14/2012,MSN,WI,AGL,CE,Combined TRACON& Tower with Radar,38,55,45,22,160,0,1,48,8,57,38,56,93,30,217,30,10,40,257
08/15/2012,MSN,WI,AGL,CE,Combined TRACON& Tower with Radar,42,60,61,20,183,0,1,61,7,69,42,61,122,27,252,92,40,132,384
08/16/2012,MSN,WI,AGL,CE,Combined TRACON& Tower with Radar,41,59,38,11,149,0,0,13,10,23,41,59,51,21,172,8,0,8,180
08/17/2012,MSN,WI,AGL,CE,Combined TRACON& Tower with Radar,36,55,53,12,156,0,1,61,5,67,36,56,114,17,223,24,0,24,247
08/18/2012,MSN,WI,AGL,CE,Combined TRACON& Tower with Radar,28,33,20,1,82,0,2,72,1,75,28,35,92,2,157,66,0,66,223
08/19/2012,MSN,WI,AGL,CE,Combined TRACON& Tower with Radar,35,49,38,3,125,0,1,48,1,50,35,50,86,4,175,20,0,20,195
08/20/2012,MSN,WI,AGL,CE,Combined TRACON& Tower with Radar,39,58,24,13,134,0,0,46,0,46,39,58,70,13,180,64,0,64,244
08/21/2012,MSN,WI,AGL,CE,Combined TRACON& Tower with Radar,36,52,41,20,149,0,4,60,12,76,36,56,101,32,225,146,0,146,371
08/22/2012,MSN,WI,AGL,CE,Combined TRACON& Tower with Radar,38,61,55,10,164,0,3,40,10,53,38,64,95,20,217,88,0,88,305
08/23/2012,MSN,WI,AGL,CE,Combined TRACON& Tower with Radar,39,60,56,16,171,0,0,60,12,72,39,60,116,28,243,42,22,64,307
08/24/2012,MSN,WI,AGL,CE,Combined TRACON& Tower with Radar,37,65,54,2,158,0,1,43,4,48,37,66,97,6,206,36,0,36,242
08/25/2012,MSN,WI,AGL,CE,Combined TRACON& Tower with Radar,26,39,24,0,89,0,0,66,0,66,26,39,90,0,155,38,0,38,193
08/26/2012,MSN,WI,AGL,CE,Combined TRACON& Tower with Radar,36,50,30,0,116,0,0,0,0,0,36,50,30,0,116,10,0,10,126
08/27/2012,MSN,WI,AGL,CE,Combined TRACON& Tower with Radar,39,60,36,17,152,0,0,65,3,68,39,60,101,20,220,46,0,46,266
08/28/2012,MSN,WI,AGL,CE,Combined TRACON& Tower with Radar,43,45,44,17,149,0,1,60,9,70,43,46,104,26,219,126,4,130,349
08/29/2012,MSN,WI,AGL,CE,Combined TRACON& Tower with Radar,51,50,43,14,158,0,1,66,9,76,51,51,109,23,234,88,2,90,324
08/30/2012,MSN,WI,AGL,CE,Combined TRACON& Tower with Radar,44,48,51,10,153,0,1,32,9,42,44,49,83,19,195,52,8,60,255
08/31/2012,MSN,WI,AGL,CE,Combined TRACON& Tower with Radar,42,55,30,10,137,0,3,66,0,69,42,58,96,10,206,74,0,74,280
09/01/2012,MSN,WI,AGL,CE,Combined TRACON& Tower with Radar,29,29,26,0,84,0,0,39,0,39,29,29,65,0,123,50,0,50,173
09/02/2012,MSN,WI,AGL,CE,Combined TRACON& Tower with Radar,17,35,13,1,66,0,0,24,0,24,17,35,37,1,90,92,0,92,182
09/03/2012,MSN,WI,AGL,CE,Combined TRACON& Tower with Radar,39,38,22,4,103,0,0,50,0,50,39,38,72,4,153,38,0,38,191
09/04/2012,MSN,WI,AGL,CE,Combined TRACON& Tower with Radar,40,55,45,18,158,0,0,32,7,39,40,55,77,25,197,24,12,36,233
09/05/2012,MSN,WI,AGL,CE,Combined TRACON& Tower with Radar,49,38,21,21,129,0,1,27,6,34,49,39,48,27,163,48,2,50,213
09/06/2012,MSN,WI,AGL,CE,Combined TRACON& Tower with Radar,49,48,44,20,161,0,1,77,3,81,49,49,121,23,242,130,18,148,390
09/07/2012,MSN,WI,AGL,CE,Combined TRACON& Tower with Radar,44,55,41,26,166,0,1,32,2,35,44,56,73,28,201,62,16,78,279
09/08/2012,MSN,WI,AGL,CE,Combined TRACON& Tower with Radar,41,30,30,18,119,0,1,55,14,70,41,31,85,32,189,26,0,26,215
09/09/2012,MSN,WI,AGL,CE,Combined TRACON& Tower with Radar,45,51,46,21,163,0,0,70,0,70,45,51,116,21,233,24,6,30,263
09/10/2012,MSN,WI,AGL,CE,Combined TRACON& Tower with Radar,47,52,28,15,142,0,0,52,2,54,47,52,80,17,196,26,0,26,222
09/11/2012,MSN,WI,AGL,CE,Combined TRACON& Tower with Radar,48,43,32,14,137,0,2,40,4,46,48,45,72,18,183,42,4,46,229
09/12/2012,MSN,WI,AGL,CE,Combined TRACON& Tower with Radar,50,39,44,21,154,0,2,47,4,53,50,41,91,25,207,72,0,72,279
09/13/2012,MSN,WI,AGL,CE,Combined TRACON& Tower with Radar,52,56,51,18,177,0,1,30,5,36,52,57,81,23,213,50,2,52,265
09/14/2012,MSN,WI,AGL,CE,Combined TRACON& Tower with Radar,47,55,65,2,169,0,0,86,0,86,47,55,151,2,255,76,0,76,331
09/15/2012,MSN,WI,AGL,CE,Combined TRACON& Tower with Radar,37,22,35,10,104,0,0,78,2,80,37,22,113,12,184,124,16,140,324
09/16/2012,MSN,WI,AGL,CE,Combined TRACON& Tower with Radar,41,47,55,3,146,0,2,72,0,74,41,49,127,3,220,48,0,48,268
09/17/2012,MSN,WI,AGL,CE,Combined TRACON& Tower with Radar,48,62,42,14,166,0,0,19,0,19,48,62,61,14,185,40,1,41,226
09/18/2012,MSN,WI,AGL,CE,Combined TRACON& Tower with Radar,46,47,62,13,168,0,2,58,3,63,46,49,120,16,231,34,2,36,267
09/19/2012,MSN,WI,AGL,CE,Combined TRACON& Tower with Radar,48,42,49,24,163,0,1,12,4,17,48,43,61,28,180,0,0,0,180
09/20/2012,MSN,WI,AGL,CE,Combined TRACON& Tower with Radar,49,47,53,13,162,0,1,61,3,65,49,48,114,16,227,28,4,32,259
09/21/2012,MSN,WI,AGL,CE,Combined TRACON& Tower with Radar,51,53,36,12,152,0,1,27,2,30,51,54,63,14,182,52,0,52,234
09/22/2012,MSN,WI,AGL,CE,Combined TRACON& Tower with Radar,39,29,37,3,108,0,0,23,0,23,39,29,60,3,131,14,0,14,145
09/23/2012,MSN,WI,AGL,CE,Combined TRACON& Tower with Radar,39,55,39,0,133,0,0,74,0,74,39,55,113,0,207,58,0,58,265
09/24/2012,MSN,WI,AGL,CE,Combined TRACON& Tower with Radar,47,48,28,19,142,0,1,36,2,39,47,49,64,21,181,40,0,40,221
09/25/2012,MSN,WI,AGL,CE,Combined TRACON& Tower with Radar,46,39,42,21,148,0,1,65,4,70,46,40,107,25,218,86,0,86,304
09/26/2012,MSN,WI,AGL,CE,Combined TRACON& Tower with Radar,52,41,35,23,151,0,3,50,4,57,52,44,85,27,208,62,8,70,278
09/27/2012,MSN,WI,AGL,CE,Combined TRACON& Tower with Radar,49,49,35,15,148,0,1,63,4,68,49,50,98,19,216,54,0,54,270
09/28/2012,MSN,WI,AGL,CE,Combined TRACON& Tower with Radar,52,50,33,3,138,0,2,75,2,79,52,52,108,5,217,94,0,94,311
09/29/2012,MSN,WI,AGL,CE,Combined TRACON& Tower with Radar,34,25,41,8,108,0,0,110,3,113,34,25,151,11,221,74,30,104,325
09/30/2012,MSN,WI,AGL,CE,Combined TRACON& Tower with Radar,34,53,45,0,132,0,0,92,2,94,34,53,137,2,226,46,0,46,272
10/01/2012,MSN,WI,AGL,CE,Combined TRACON& Tower with Radar,39,66,32,23,160,0,0,57,8,65,39,66,89,31,225,82,4,86,311
10/02/2012,MSN,WI,AGL,CE,Combined TRACON& Tower with Radar,46,45,39,25,155,0,4,59,10,73,46,49,98,35,228,36,0,36,264
10/03/2012,MSN,WI,AGL,CE,Combined TRACON& Tower with Radar,44,60,49,22,175,0,2,50,5,57,44,62,99,27,232,24,8,32,264
10/04/2012,MSN,WI,AGL,CE,Combined TRACON& Tower with Radar,46,58,53,13,170,0,0,26,24,50,46,58,79,37,220,12,12,24,244
10/05/2012,MSN,WI,AGL,CE,Combined TRACON& Tower with Radar,40,70,46,5,161,0,0,31,7,38,40,70,77,12,199,0,0,0,199
10/06/2012,MSN,WI,AGL,CE,Combined TRACON& Tower with Radar,32,29,25,1,87,0,4,56,3,63,32,33,81,4,150,42,0,42,192
10/07/2012,MSN,WI,AGL,CE,Combined TRACON& Tower with Radar,45,38,62,0,145,0,0,94,0,94,45,38,156,0,239,34,0,34,273
10/08/2012,MSN,WI,AGL,CE,Combined TRACON& Tower with Radar,44,50,42,0,136,0,1,36,0,37,44,51,78,0,173,50,0,50,223
10/09/2012,MSN,WI,AGL,CE,Combined TRACON& Tower with Radar,44,48,57,20,169,0,2,15,3,20,44,50,72,23,189,16,16,32,221
10/10/2012,MSN,WI,AGL,CE,Combined TRACON& Tower with Radar,43,53,31,24,151,0,3,23,12,38,43,56,54,36,189,22,0,22,211
10/11/2012,MSN,WI,AGL,CE,Combined TRACON& Tower with Radar,43,52,46,21,162,0,3,16,13,32,43,55,62,34,194,12,8,20,214
10/12/2012,MSN,WI,AGL,CE,Combined TRACON& Tower with Radar,44,51,32,17,144,0,1,88,8,97,44,52,120,25,241,68,6,74,315
10/13/2012,MSN,WI,AGL,CE,Combined TRACON& Tower with Radar,39,31,13,2,85,0,0,0,0,0,39,31,13,2,85,0,0,0,85
10/14/2012,MSN,WI,AGL,CE,Combined TRACON& Tower with Radar,41,43,26,9,119,0,0,2,0,2,41,43,28,9,121,0,0,0,121
10/15/2012,MSN,WI,AGL,CE,Combined TRACON& Tower with Radar,43,52,33,22,150,0,0,49,1,50,43,52,82,23,200,52,4,56,256
10/16/2012,MSN,WI,AGL,CE,Combined TRACON& Tower with Radar,42,50,40,14,146,0,1,31,2,34,42,51,71,16,180,36,0,36,216
10/17/2012,MSN,WI,AGL,CE,Combined TRACON& Tower with Radar,40,45,48,12,145,0,1,18,3,22,40,46,66,15,167,14,12,26,193
10/18/2012,MSN,WI,AGL,CE,Combined TRACON& Tower with Radar,43,59,50,13,165,0,0,8,4,12,43,59,58,17,177,14,0,14,191
10/19/2012,MSN,WI,AGL,CE,Combined TRACON& Tower with Radar,41,66,51,8,166,0,0,7,2,9,41,66,58,10,175,20,0,20,195
10/20/2012,MSN,WI,AGL,CE,Combined TRACON& Tower with Radar,35,34,53,1,123,0,2,58,4,64,35,36,111,5,187,106,0,106,293
10/21/2012,MSN,WI,AGL,CE,Combined TRACON& Tower with Radar,37,49,44,1,131,0,0,71,0,71,37,49,115,1,202,52,0,52,254
10/22/2012,MSN,WI,AGL,CE,Combined TRACON& Tower with Radar,39,45,36,6,126,0,0,7,0,7,39,45,43,6,133,0,0,0,133
10/23/2012,MSN,WI,AGL,CE,Combined TRACON& Tower with Radar,41,51,37,4,133,0,0,0,0,0,41,51,37,4,133,0,0,0,133
10/24/2012,MSN,WI,AGL,CE,Combined TRACON& Tower with Radar,42,57,60,17,176,0,0,26,9,35,42,57,86,26,211,110,6,116,327
10/25/2012,MSN,WI,AGL,CE,Combined TRACON& Tower with Radar,42,58,35,7,142,0,0,3,3,6,42,58,38,10,148,16,0,16,164
10/26/2012,MSN,WI,AGL,CE,Combined TRACON& Tower with Radar,41,61,46,1,149,0,1,61,5,67,41,62,107,6,216,70,0,70,286
10/27/2012,MSN,WI,AGL,CE,Combined TRACON& Tower with Radar,34,36,50,3,123,0,4,71,0,75,34,40,121,3,198,94,0,94,292
10/28/2012,MSN,WI,AGL,CE,Combined TRACON& Tower with Radar,39,52,46,0,137,0,0,77,0,77,39,52,123,0,214,62,0,62,276
10/29/2012,MSN,WI,AGL,CE,Combined TRACON& Tower with Radar,41,45,45,9,140,0,0,42,3,45,41,45,87,12,185,42,0,42,227
10/30/2012,MSN,WI,AGL,CE,Combined TRACON& Tower with Radar,37,41,29,16,123,0,0,23,5,28,37,41,52,21,151,22,2,24,175
10/31/2012,MSN,WI,AGL,CE,Combined TRACON& Tower with Radar,41,42,39,12,134,0,1,65,6,72,41,43,104,18,206,42,0,42,248
11/01/2012,MSN,WI,AGL,CE,Combined TRACON& Tower with Radar,42,51,69,14,176,0,1,38,3,42,42,52,107,17,218,62,0,62,280
11/02/2012,MSN,WI,AGL,CE,Combined TRACON& Tower with Radar,40,57,51,14,162,0,3,79,5,87,40,60,130,19,249,92,0,92,341
11/03/2012,MSN,WI,AGL,CE,Combined TRACON& Tower with Radar,33,27,31,7,98,0,0,57,4,61,33,27,88,11,159,32,0,32,191
11/04/2012,MSN,WI,AGL,CE,Combined TRACON& Tower with Radar,44,46,46,11,147,0,0,90,3,93,44,46,136,14,240,62,4,66,306
11/05/2012,MSN,WI,AGL,CE,Combined TRACON& Tower with Radar,54,42,27,19,142,0,0,10,9,19,54,42,37,28,161,44,0,44,205
11/06/2012,MSN,WI,AGL,CE,Combined TRACON& Tower with Radar,43,43,36,3,125,0,0,2,1,3,43,43,38,4,128,0,0,0,128
11/07/2012,MSN,WI,AGL,CE,Combined TRACON& Tower with Radar,48,50,64,22,184,0,0,4,2,6,48,50,68,24,190,18,0,18,208
11/08/2012,MSN,WI,AGL,CE,Combined TRACON& Tower with Radar,50,53,55,13,171,0,3,69,13,85,50,56,124,26,256,28,0,28,284
11/09/2012,MSN,WI,AGL,CE,Combined TRACON& Tower with Radar,46,51,66,2,165,0,0,35,4,39,46,51,101,6,204,54,0,54,258
11/10/2012,MSN,WI,AGL,CE,Combined TRACON& Tower with Radar,36,26,41,0,103,0,0,24,0,24,36,26,65,0,127,26,0,26,153
11/11/2012,MSN,WI,AGL,CE,Combined TRACON& Tower with Radar,44,43,29,0,116,0,0,4,0,4,44,43,33,0,120,10,0,10,130
11/12/2012,MSN,WI,AGL,CE,Combined TRACON& Tower with Radar,52,44,40,0,136,0,0,17,0,17,52,44,57,0,153,28,0,28,181
11/13/2012,MSN,WI,AGL,CE,Combined TRACON& Tower with Radar,47,43,45,12,147,0,3,80,7,90,47,46,125,19,237,30,0,30,267
11/14/2012,MSN,WI,AGL,CE,Combined TRACON& Tower with Radar,54,42,64,20,180,0,4,62,10,76,54,46,126,30,256,60,8,68,324
11/15/2012,MSN,WI,AGL,CE,Combined TRACON& Tower with Radar,56,51,58,12,177,0,4,63,17,84,56,55,121,29,261,102,0,102,363
11/16/2012,MSN,WI,AGL,CE,Combined TRACON& Tower with Radar,46,60,48,8,162,0,0,33,2,35,46,60,81,10,197,10,0,10,207
11/17/2012,MSN,WI,AGL,CE,Combined TRACON& Tower with Radar,43,32,70,3,148,0,0,73,0,73,43,32,143,3,221,30,0,30,251
11/18/2012,MSN,WI,AGL,CE,Combined TRACON& Tower with Radar,37,53,38,0,128,0,0,81,0,81,37,53,119,0,209,66,0,66,275
11/19/2012,MSN,WI,AGL,CE,Combined TRACON& Tower with Radar,41,42,30,18,131,0,0,34,2,36,41,42,64,20,167,78,0,78,245
11/20/2012,MSN,WI,AGL,CE,Combined TRACON& Tower with Radar,51,45,58,19,173,0,0,37,5,42,51,45,95,24,215,96,0,96,311
11/21/2012,MSN,WI,AGL,CE,Combined TRACON& Tower with Radar,55,44,44,9,152,0,0,45,2,47,55,44,89,11,199,46,6,52,251
11/22/2012,MSN,WI,AGL,CE,Combined TRACON& Tower with Radar,25,22,13,0,60,0,0,8,0,8,25,22,21,0,68,0,0,0,68
11/23/2012,MSN,WI,AGL,CE,Combined TRACON& Tower with Radar,33,22,12,0,67,0,0,15,0,15,33,22,27,0,82,28,0,28,110
11/24/2012,MSN,WI,AGL,CE,Combined TRACON& Tower with Radar,49,41,36,0,126,0,0,69,0,69,49,41,105,0,195,62,0,62,257
11/25/2012,MSN,WI,AGL,CE,Combined TRACON& Tower with Radar,50,41,34,0,125,0,2,72,0,74,50,43,106,0,199,72,0,72,271
11/26/2012,MSN,WI,AGL,CE,Combined TRACON& Tower with Radar,52,45,26,17,140,0,0,50,4,54,52,45,76,21,194,34,0,34,228
11/27/2012,MSN,WI,AGL,CE,Combined TRACON& Tower with Radar,51,41,42,23,157,0,2,66,7,75,51,43,108,30,232,32,6,38,270
11/28/2012,MSN,WI,AGL,CE,Combined TRACON& Tower with Radar,56,39,34,19,148,0,3,59,17,79,56,42,93,36,227,54,0,54,281
11/29/2012,MSN,WI,AGL,CE,Combined TRACON& Tower with Radar,52,49,39,24,164,0,3,61,9,73,52,52,100,33,237,64,0,64,301
11/30/2012,MSN,WI,AGL,CE,Combined TRACON& Tower with Radar,50,48,50,24,172,0,0,0,0,0,50,48,50,24,172,0,0,0,172
12/01/2012,MSN,WI,AGL,CE,Combined TRACON& Tower with Radar,40,30,43,9,122,0,0,1,0,1,40,30,44,9,123,0,0,0,123
12/02/2012,MSN,WI,AGL,CE,Combined TRACON& Tower with Radar,58,38,45,7,148,0,0,51,0,51,58,38,96,7,199,104,0,104,303
12/03/2012,MSN,WI,AGL,CE,Combined TRACON& Tower with Radar,52,42,42,7,143,0,0,1,0,1,52,42,43,7,144,14,0,14,158
12/04/2012,MSN,WI,AGL,CE,Combined TRACON& Tower with Radar,50,34,58,17,159,0,1,52,15,68,50,35,110,32,227,54,4,58,285
12/05/2012,MSN,WI,AGL,CE,Combined TRACON& Tower with Radar,55,33,40,18,146,0,2,50,18,70,55,35,90,36,216,10,0,10,226
12/06/2012,MSN,WI,AGL,CE,Combined TRACON& Tower with Radar,50,53,38,20,161,0,2,25,6,33,50,55,63,26,194,40,0,40,234
12/07/2012,MSN,WI,AGL,CE,Combined TRACON& Tower with Radar,45,45,44,10,144,0,1,52,8,61,45,46,96,18,205,56,0,56,261
12/08/2012,MSN,WI,AGL,CE,Combined TRACON& Tower with Radar,40,22,35,0,97,0,0,52,2,54,40,22,87,2,151,56,0,56,207
12/09/2012,MSN,WI,AGL,CE,Combined TRACON& Tower with Radar,49,34,10,1,94,0,0,0,0,0,49,34,10,1,94,0,0,0,94
12/10/2012,MSN,WI,AGL,CE,Combined TRACON& Tower with Radar,49,55,43,18,165,0,0,10,0,10,49,55,53,18,175,8,0,8,183
12/11/2012,MSN,WI,AGL,CE,Combined TRACON& Tower with Radar,46,42,44,18,150,0,1,29,6,36,46,43,73,24,186,22,2,24,210
12/12/2012,MSN,WI,AGL,CE,Combined TRACON& Tower with Radar,54,51,42,18,165,0,5,42,14,61,54,56,84,32,226,20,10,30,256
12/13/2012,MSN,WI,AGL,CE,Combined TRACON& Tower with Radar,47,61,48,21,177,0,1,52,2,55,47,62,100,23,232,46,10,56,288
12/14/2012,MSN,WI,AGL,CE,Combined TRACON& Tower with Radar,49,46,44,28,167,0,1,76,1,78,49,47,120,29,245,62,8,70,315
12/15/2012,MSN,WI,AGL,CE,Combined TRACON& Tower with Radar,25,31,18,1,75,0,0,0,0,0,25,31,18,1,75,8,0,8,83
12/16/2012,MSN,WI,AGL,CE,Combined TRACON& Tower with Radar,34,38,15,0,87,0,0,3,0,3,34,38,18,0,90,0,0,0,90
12/17/2012,MSN,WI,AGL,CE,Combined TRACON& Tower with Radar,33,55,36,17,141,0,0,11,0,11,33,55,47,17,152,72,0,72,224
12/18/2012,MSN,WI,AGL,CE,Combined TRACON& Tower with Radar,34,53,26,10,123,0,0,1,0,1,34,53,27,10,124,6,0,6,130
12/19/2012,MSN,WI,AGL,CE,Combined TRACON& Tower with Radar,29,53,37,21,140,0,0,2,0,2,29,53,39,21,142,34,0,34,176
12/20/2012,MSN,WI,AGL,CE,Combined TRACON& Tower with Radar,2,10,2,0,14,0,0,0,0,0,2,10,2,0,14,0,0,0,14
12/21/2012,MSN,WI,AGL,CE,Combined TRACON& Tower with Radar,30,57,34,0,121,0,1,5,0,6,30,58,39,0,127,0,0,0,127
12/22/2012,MSN,WI,AGL,CE,Combined TRACON& Tower with Radar,25,46,34,1,106,0,1,52,0,53,25,47,86,1,159,56,0,56,215
12/23/2012,MSN,WI,AGL,CE,Combined TRACON& Tower with Radar,21,43,27,0,91,0,0,9,0,9,21,43,36,0,100,46,0,46,146
12/24/2012,MSN,WI,AGL,CE,Combined TRACON& Tower with Radar,19,33,9,0,61,0,0,0,0,0,19,33,9,0,61,6,0,6,67
12/25/2012,MSN,WI,AGL,CE,Combined TRACON& Tower with Radar,17,32,14,0,63,0,0,10,0,10,17,32,24,0,73,0,0,0,73
12/26/2012,MSN,WI,AGL,CE,Combined TRACON& Tower with Radar,25,52,28,21,126,0,0,36,2,38,25,52,64,23,164,60,2,62,226
12/27/2012,MSN,WI,AGL,CE,Combined TRACON& Tower with Radar,30,49,22,14,115,0,1,55,2,58,30,50,77,16,173,90,0,90,263
12/28/2012,MSN,WI,AGL,CE,Combined TRACON& Tower with Radar,23,59,13,2,97,0,0,0,0,0,23,59,13,2,97,8,0,8,105
12/29/2012,MSN,WI,AGL,CE,Combined TRACON& Tower with Radar,35,39,9,0,83,0,0,6,0,6,35,39,15,0,89,30,0,30,119
12/30/2012,MSN,WI,AGL,CE,Combined TRACON& Tower with Radar,23,34,22,0,79,0,0,63,0,63,23,34,85,0,142,84,0,84,226
12/31/2012,MSN,WI,AGL,CE,Combined TRACON& Tower with Radar,18,40,8,13,79,0,0,7,2,9,18,40,15,15,88,44,0,44,132
01/01/2013,MSN,WI,AGL,CE,Combined TRACON& Tower with Radar,19,36,7,0,62,0,0,41,1,42,19,36,48,1,104,40,0,40,144
01/02/2013,MSN,WI,AGL,CE,Combined TRACON& Tower with Radar,46,58,36,13,153,0,0,33,4,37,46,58,69,17,190,10,0,10,200
01/03/2013,MSN,WI,AGL,CE,Combined TRACON& Tower with Radar,45,48,20,10,123,0,0,11,4,15,45,48,31,14,138,40,2,42,180
01/04/2013,MSN,WI,AGL,CE,Combined TRACON& Tower with Radar,45,49,31,9,134,0,1,43,7,51,45,50,74,16,185,22,4,26,211
01/05/2013,MSN,WI,AGL,CE,Combined TRACON& Tower with Radar,29,34,24,2,89,0,0,58,0,58,29,34,82,2,147,58,0,58,205
01/06/2013,MSN,WI,AGL,CE,Combined TRACON& Tower with Radar,43,35,10,5,93,0,2,27,1,30,43,37,37,6,123,54,0,54,177
01/07/2013,MSN,WI,AGL,CE,Combined TRACON& Tower with Radar,45,44,34,23,146,0,0,12,2,14,45,44,46,25,160,26,6,32,192
01/08/2013,MSN,WI,AGL,CE,Combined TRACON& Tower with Radar,38,43,43,14,138,0,3,53,13,69,38,46,96,27,207,92,4,96,303
01/09/2013,MSN,WI,AGL,CE,Combined TRACON& Tower with Radar,41,44,31,22,138,0,1,28,10,39,41,45,59,32,177,56,0,56,233
01/10/2013,MSN,WI,AGL,CE,Combined TRACON& Tower with Radar,47,47,32,13,139,0,7,12,0,19,47,54,44,13,158,32,2,34,192
01/11/2013,MSN,WI,AGL,CE,Combined TRACON& Tower with Radar,37,36,30,0,103,0,0,0,0,0,37,36,30,0,103,0,0,0,103
01/12/2013,MSN,WI,AGL,CE,Combined TRACON& Tower with Radar,26,34,25,3,88,0,0,17,4,21,26,34,42,7,109,0,0,0,109
01/13/2013,MSN,WI,AGL,CE,Combined TRACON& Tower with Radar,42,36,10,2,90,0,0,32,0,32,42,36,42,2,122,50,0,50,172
01/14/2013,MSN,WI,AGL,CE,Combined TRACON& Tower with Radar,43,41,34,8,126,0,2,45,5,52,43,43,79,13,178,26,2,28,206
01/15/2013,MSN,WI,AGL,CE,Combined TRACON& Tower with Radar,41,39,38,12,130,0,1,44,12,57,41,40,82,24,187,30,0,30,217
01/16/2013,MSN,WI,AGL,CE,Combined TRACON& Tower with Radar,41,43,29,13,126,0,1,9,11,21,41,44,38,24,147,0,0,0,147
01/17/2013,MSN,WI,AGL,CE,Combined TRACON& Tower with Radar,46,42,34,9,131,0,1,37,13,51,46,43,71,22,182,42,6,48,230
01/18/2013,MSN,WI,AGL,CE,Combined TRACON& Tower with Radar,44,50,16,6,116,0,3,21,5,29,44,53,37,11,145,6,2,8,153
01/19/2013,MSN,WI,AGL,CE,Combined TRACON& Tower with Radar,34,27,17,2,80,0,0,52,0,52,34,27,69,2,132,50,0,50,182
01/20/2013,MSN,WI,AGL,CE,Combined TRACON& Tower with Radar,41,38,15,0,94,0,0,32,0,32,41,38,47,0,126,66,0,66,192
01/21/2013,MSN,WI,AGL,CE,Combined TRACON& Tower with Radar,43,46,19,0,108,0,0,8,0,8,43,46,27,0,116,8,0,8,124
01/22/2013,MSN,WI,AGL,CE,Combined TRACON& Tower with Radar,46,40,26,11,123,0,1,17,6,24,46,41,43,17,147,8,2,10,157
01/23/2013,MSN,WI,AGL,CE,Combined TRACON& Tower with Radar,40,36,26,22,124,0,0,3,0,3,40,36,29,22,127,4,2,6,133
01/24/2013,MSN,WI,AGL,CE,Combined TRACON& Tower with Radar,45,43,25,10,123,0,1,17,14,32,45,44,42,24,155,22,0,22,177
01/25/2013,MSN,WI,AGL,CE,Combined TRACON& Tower with Radar,45,41,27,10,123,0,0,5,4,9,45,41,32,14,132,20,0,20,152
01/26/2013,MSN,WI,AGL,CE,Combined TRACON& Tower with Radar,32,39,22,1,94,0,0,86,0,86,32,39,108,1,180,48,0,48,228
01/27/2013,MSN,WI,AGL,CE,Combined TRACON& Tower with Radar,37,26,16,0,79,0,0,5,0,5,37,26,21,0,84,24,0,24,108
01/28/2013,MSN,WI,AGL,CE,Combined TRACON& Tower with Radar,41,50,28,3,122,0,0,5,0,5,41,50,33,3,127,10,0,10,137
01/29/2013,MSN,WI,AGL,CE,Combined TRACON& Tower with Radar,35,49,35,0,119,0,0,2,0,2,35,49,37,0,121,0,0,0,121
01/30/2013,MSN,WI,AGL,CE,Combined TRACON& Tower with Radar,37,42,26,0,105,0,0,0,0,0,37,42,26,0,105,0,0,0,105
01/31/2013,MSN,WI,AGL,CE,Combined TRACON& Tower with Radar,49,47,37,22,155,0,1,4,2,7,49,48,41,24,162,0,2,2,164
02/01/2013,MSN,WI,AGL,CE,Combined TRACON& Tower with Radar,45,50,17,5,117,0,0,14,10,24,45,50,31,15,141,12,0,12,153
02/02/2013,MSN,WI,AGL,CE,Combined TRACON& Tower with Radar,29,32,8,0,69,0,0,20,0,20,29,32,28,0,89,26,0,26,115
02/03/2013,MSN,WI,AGL,CE,Combined TRACON& Tower with Radar,38,41,11,2,92,0,0,26,4,30,38,41,37,6,122,30,0,30,152
02/04/2013,MSN,WI,AGL,CE,Combined TRACON& Tower with Radar,46,44,25,15,130,0,0,7,1,8,46,44,32,16,138,0,2,2,140
02/05/2013,MSN,WI,AGL,CE,Combined TRACON& Tower with Radar,46,45,29,8,128,0,0,3,5,8,46,45,32,13,136,10,2,12,148
02/06/2013,MSN,WI,AGL,CE,Combined TRACON& Tower with Radar,43,52,45,13,153,0,1,40,8,49,43,53,85,21,202,40,2,42,244
02/07/2013,MSN,WI,AGL,CE,Combined TRACON& Tower with Radar,47,42,20,0,109,0,0,0,0,0,47,42,20,0,109,0,0,0,109
02/08/2013,MSN,WI,AGL,CE,Combined TRACON& Tower with Radar,44,52,33,2,131,0,2,12,10,24,44,54,45,12,155,20,0,20,175
02/09/2013,MSN,WI,AGL,CE,Combined TRACON& Tower with Radar,29,43,20,4,96,0,0,1,0,1,29,43,21,4,97,26,2,28,125
02/10/2013,MSN,WI,AGL,CE,Combined TRACON& Tower with Radar,40,36,15,0,91,0,0,0,0,0,40,36,15,0,91,0,0,0,91
02/11/2013,MSN,WI,AGL,CE,Combined TRACON& Tower with Radar,48,45,31,5,129,0,0,3,2,5,48,45,34,7,134,0,0,0,134
02/12/2013,MSN,WI,AGL,CE,Combined TRACON& Tower with Radar,45,43,59,10,157,0,0,32,12,44,45,43,91,22,201,34,0,34,235
02/13/2013,MSN,WI,AGL,CE,Combined TRACON& Tower with Radar,42,50,48,14,154,0,4,68,11,83,42,54,116,25,237,86,10,96,333
02/14/2013,MSN,WI,AGL,CE,Combined TRACON& Tower with Radar,44,62,38,3,147,0,0,8,6,14,44,62,46,9,161,4,0,4,165
02/15/2013,MSN,WI,AGL,CE,Combined TRACON& Tower with Radar,44,56,36,2,138,0,1,43,1,45,44,57,79,3,183,60,0,60,243
02/16/2013,MSN,WI,AGL,CE,Combined TRACON& Tower with Radar,29,30,17,1,77,0,3,61,2,66,29,33,78,3,143,68,0,68,211
02/17/2013,MSN,WI,AGL,CE,Combined TRACON& Tower with Radar,27,43,25,1,96,0,0,79,2,81,27,43,104,3,177,58,0,58,235
02/18/2013,MSN,WI,AGL,CE,Combined TRACON& Tower with Radar,45,54,19,0,118,0,0,3,0,3,45,54,22,0,121,10,0,10,131
02/19/2013,MSN,WI,AGL,CE,Combined TRACON& Tower with Radar,39,52,29,2,122,0,0,1,2,3,39,52,30,4,125,8,4,12,137
02/20/2013,MSN,WI,AGL,CE,Combined TRACON& Tower with Radar,48,53,38,11,150,0,2,51,6,59,48,55,89,17,209,50,10,60,269
02/21/2013,MSN,WI,AGL,CE,Combined TRACON& Tower with Radar,42,53,37,10,142,0,1,0,0,1,42,54,37,10,143,10,0,10,153
02/22/2013,MSN,WI,AGL,CE,Combined TRACON& Tower with Radar,39,48,13,2,102,0,0,1,0,1,39,48,14,2,103,0,0,0,103
02/23/2013,MSN,WI,AGL,CE,Combined TRACON& Tower with Radar,33,37,23,0,93,0,0,13,0,13,33,37,36,0,106,56,0,56,162
02/24/2013,MSN,WI,AGL,CE,Combined TRACON& Tower with Radar,34,44,34,2,114,0,0,103,0,103,34,44,137,2,217,126,0,126,343
02/25/2013,MSN,WI,AGL,CE,Combined TRACON& Tower with Radar,46,52,36,12,146,0,2,32,4,38,46,54,68,16,184,50,0,50,234
02/26/2013,MSN,WI,AGL,CE,Combined TRACON& Tower with Radar,46,56,32,6,140,0,0,6,3,9,46,56,38,9,149,0,0,0,149
02/27/2013,MSN,WI,AGL,CE,Combined TRACON& Tower with Radar,44,62,34,0,140,0,0,0,0,0,44,62,34,0,140,10,0,10,150
02/28/2013,MSN,WI,AGL,CE,Combined TRACON& Tower with Radar,47,57,41,13,158,0,3,14,11,28,47,60,55,24,186,20,2,22,208
03/01/2013,MSN,WI,AGL,CE,Combined TRACON& Tower with Radar,43,55,25,3,126,0,2,13,0,15,43,57,38,3,141,6,8,14,155
03/02/2013,MSN,WI,AGL,CE,Combined TRACON& Tower with Radar,29,52,17,0,98,0,2,56,7,65,29,54,73,7,163,46,0,46,209
03/03/2013,MSN,WI,AGL,CE,Combined TRACON& Tower with Radar,41,52,57,1,151,0,0,107,0,107,41,52,164,1,258,90,0,90,348
03/04/2013,MSN,WI,AGL,CE,Combined TRACON& Tower with Radar,37,50,19,5,111,0,0,9,0,9,37,50,28,5,120,24,0,24,144
03/05/2013,MSN,WI,AGL,CE,Combined TRACON& Tower with Radar,33,31,6,0,70,0,0,0,0,0,33,31,6,0,70,0,0,0,70
03/06/2013,MSN,WI,AGL,CE,Combined TRACON& Tower with Radar,46,61,43,15,165,0,0,4,4,8,46,61,47,19,173,0,0,0,173
03/07/2013,MSN,WI,AGL,CE,Combined TRACON& Tower with Radar,43,60,50,12,165,0,1,69,11,81,43,61,119,23,246,40,0,40,286
03/08/2013,MSN,WI,AGL,CE,Combined TRACON& Tower with Radar,43,67,37,4,151,0,2,46,4,52,43,69,83,8,203,44,0,44,247
03/09/2013,MSN,WI,AGL,CE,Combined TRACON& Tower with Radar,23,48,8,0,79,0,0,5,0,5,23,48,13,0,84,2,0,2,86
03/10/2013,MSN,WI,AGL,CE,Combined TRACON& Tower with Radar,36,54,25,0,115,0,0,2,0,2,36,54,27,0,117,0,0,0,117
03/11/2013,MSN,WI,AGL,CE,Combined TRACON& Tower with Radar,46,51,45,0,142,0,0,0,0,0,46,51,45,0,142,0,0,0,142
03/12/2013,MSN,WI,AGL,CE,Combined TRACON& Tower with Radar,41,53,31,7,132,0,1,15,3,19,41,54,46,10,151,20,0,20,171
03/13/2013,MSN,WI,AGL,CE,Combined TRACON& Tower with Radar,34,38,32,3,107,0,1,25,10,36,34,39,57,13,143,34,0,34,177
03/14/2013,MSN,WI,AGL,CE,Combined TRACON& Tower with Radar,43,61,46,14,164,0,1,13,6,20,43,62,59,20,184,16,0,16,200
03/15/2013,MSN,WI,AGL,CE,Combined TRACON& Tower with Radar,43,54,38,8,143,0,1,0,0,1,43,55,38,8,144,0,0,0,144
03/16/2013,MSN,WI,AGL,CE,Combined TRACON& Tower with Radar,25,49,12,0,86,0,2,5,0,7,25,51,17,0,93,30,0,30,123
03/17/2013,MSN,WI,AGL,CE,Combined TRACON& Tower with Radar,37,48,42,4,131,0,0,70,2,72,37,48,112,6,203,94,0,94,297
03/18/2013,MSN,WI,AGL,CE,Combined TRACON& Tower with Radar,39,53,14,0,106,0,0,2,0,2,39,53,16,0,108,0,0,0,108
03/19/2013,MSN,WI,AGL,CE,Combined TRACON& Tower with Radar,42,53,51,12,158,0,1,18,6,25,42,54,69,18,183,10,10,20,203
03/20/2013,MSN,WI,AGL,CE,Combined TRACON& Tower with Radar,48,54,47,12,161,0,2,23,8,33,48,56,70,20,194,14,0,14,208
03/21/2013,MSN,WI,AGL,CE,Combined TRACON& Tower with Radar,44,54,46,10,154,0,3,55,8,66,44,57,101,18,220,34,22,56,276
03/22/2013,MSN,WI,AGL,CE,Combined TRACON& Tower with Radar,51,59,51,4,165,0,1,73,3,77,51,60,124,7,242,66,0,66,308
03/23/2013,MSN,WI,AGL,CE,Combined TRACON& Tower with Radar,30,45,49,0,124,0,4,102,0,106,30,49,151,0,230,114,0,114,344
03/24/2013,MSN,WI,AGL,CE,Combined TRACON& Tower with Radar,36,45,8,2,91,0,0,1,0,1,36,45,9,2,92,0,0,0,92
03/25/2013,MSN,WI,AGL,CE,Combined TRACON& Tower with Radar,42,53,20,12,127,0,0,10,6,16,42,53,30,18,143,74,0,74,217
03/26/2013,MSN,WI,AGL,CE,Combined TRACON& Tower with Radar,43,51,33,10,137,0,1,27,9,37,43,52,60,19,174,46,0,46,220
03/27/2013,MSN,WI,AGL,CE,Combined TRACON& Tower with Radar,49,59,30,16,154,0,2,43,11,56,49,61,73,27,210,36,0,36,246
03/28/2013,MSN,WI,AGL,CE,Combined TRACON& Tower with Radar,48,55,45,10,158,0,1,61,13,75,48,56,106,23,233,76,6,82,315
03/29/2013,MSN,WI,AGL,CE,Combined TRACON& Tower with Radar,43,58,19,7,127,0,3,51,4,58,43,61,70,11,185,114,4,118,303
03/30/2013,MSN,WI,AGL,CE,Combined TRACON& Tower with Radar,24,46,25,0,95,0,2,60,0,62,24,48,85,0,157,40,0,40,197
03/31/2013,MSN,WI,AGL,CE,Combined TRACON& Tower with Radar,38,47,14,0,99,0,0,11,0,11,38,47,25,0,110,28,0,28,138
04/01/2013,MSN,WI,AGL,CE,Combined TRACON& Tower with Radar,39,53,24,11,127,0,0,19,1,20,39,53,43,12,147,8,6,14,161
04/02/2013,MSN,WI,AGL,CE,Combined TRACON& Tower with Radar,40,58,33,15,146,0,3,35,11,49,40,61,68,26,195,70,0,70,265
04/03/2013,MSN,WI,AGL,CE,Combined TRACON& Tower with Radar,46,57,51,12,166,0,2,61,8,71,46,59,112,20,237,32,0,32,269
04/04/2013,MSN,WI,AGL,CE,Combined TRACON& Tower with Radar,44,54,50,16,164,0,1,28,8,37,44,55,78,24,201,72,0,72,273
04/05/2013,MSN,WI,AGL,CE,Combined TRACON& Tower with Radar,43,67,39,19,168,0,1,46,5,52,43,68,85,24,220,32,6,38,258
04/06/2013,MSN,WI,AGL,CE,Combined TRACON& Tower with Radar,25,42,16,14,97,0,0,15,0,15,25,42,31,14,112,20,0,20,132
04/07/2013,MSN,WI,AGL,CE,Combined TRACON& Tower with Radar,39,51,63,0,153,0,1,62,1,64,39,52,125,1,217,62,0,62,279
04/08/2013,MSN,WI,AGL,CE,Combined TRACON& Tower with Radar,43,51,33,10,137,0,0,5,0,5,43,51,38,10,142,0,0,0,142
04/09/2013,MSN,WI,AGL,CE,Combined TRACON& Tower with Radar,47,61,27,0,135,0,0,0,0,0,47,61,27,0,135,0,0,0,135
04/10/2013,MSN,WI,AGL,CE,Combined TRACON& Tower with Radar,46,60,22,0,128,0,0,0,0,0,46,60,22,0,128,0,0,0,128
04/11/2013,MSN,WI,AGL,CE,Combined TRACON& Tower with Radar,42,66,27,0,135,0,0,0,0,0,42,66,27,0,135,0,0,0,135
04/12/2013,MSN,WI,AGL,CE,Combined TRACON& Tower with Radar,40,63,33,1,137,0,4,6,0,10,40,67,39,1,147,0,0,0,147
04/13/2013,MSN,WI,AGL,CE,Combined TRACON& Tower with Radar,28,34,28,7,97,0,0,40,0,40,28,34,68,7,137,52,0,52,189
04/14/2013,MSN,WI,AGL,CE,Combined TRACON& Tower with Radar,35,44,15,4,98,0,1,8,0,9,35,45,23,4,107,28,0,28,135
04/15/2013,MSN,WI,AGL,CE,Combined TRACON& Tower with Radar,41,57,28,17,143,0,1,23,2,26,41,58,51,19,169,22,0,22,191
04/16/2013,MSN,WI,AGL,CE,Combined TRACON& Tower with Radar,41,50,42,14,147,0,1,69,7,77,41,51,111,21,224,98,12,110,334
04/17/2013,MSN,WI,AGL,CE,Combined TRACON& Tower with Radar,48,52,22,0,122,0,1,4,0,5,48,53,26,0,127,0,0,0,127
04/18/2013,MSN,WI,AGL,CE,Combined TRACON& Tower with Radar,40,58,36,2,136,0,0,0,0,0,40,58,36,2,136,0,0,0,136
04/19/2013,MSN,WI,AGL,CE,Combined TRACON& Tower with Radar,49,62,28,11,150,0,0,5,0,5,49,62,33,11,155,0,0,0,155
04/20/2013,MSN,WI,AGL,CE,Combined TRACON& Tower with Radar,28,30,57,2,117,0,2,148,4,154,28,32,205,6,271,116,0,116,387
04/21/2013,MSN,WI,AGL,CE,Combined TRACON& Tower with Radar,42,43,27,4,116,0,0,54,1,55,42,43,81,5,171,80,0,80,251
04/22/2013,MSN,WI,AGL,CE,Combined TRACON& Tower with Radar,42,62,32,13,149,0,2,20,5,27,42,64,52,18,176,26,10,36,212
04/23/2013,MSN,WI,AGL,CE,Combined TRACON& Tower with Radar,44,55,34,19,152,0,1,11,10,22,44,56,45,29,174,0,0,0,174
04/24/2013,MSN,WI,AGL,CE,Combined TRACON& Tower with Radar,45,69,51,13,178,0,1,74,14,89,45,70,125,27,267,30,6,36,303
04/25/2013,MSN,WI,AGL,CE,Combined TRACON& Tower with Radar,43,65,52,17,177,0,0,33,7,40,43,65,85,24,217,28,0,28,245
04/26/2013,MSN,WI,AGL,CE,Combined TRACON& Tower with Radar,41,64,52,5,162,0,1,73,3,77,41,65,125,8,239,24,0,24,263
04/27/2013,MSN,WI,AGL,CE,Combined TRACON& Tower with Radar,29,32,26,1,88,0,1,90,0,91,29,33,116,1,179,78,0,78,257
04/28/2013,MSN,WI,AGL,CE,Combined TRACON& Tower with Radar,35,55,42,2,134,0,0,104,0,104,35,55,146,2,238,74,0,74,312
04/29/2013,MSN,WI,AGL,CE,Combined TRACON& Tower with Radar,41,63,27,10,141,0,2,14,0,16,41,65,41,10,157,24,0,24,181
04/30/2013,MSN,WI,AGL,CE,Combined TRACON& Tower with Radar,43,57,54,17,171,0,1,18,9,28,43,58,72,26,199,24,4,28,227
05/01/2013,MSN,WI,AGL,CE,Combined TRACON& Tower with Radar,42,56,64,14,176,0,1,69,15,85,42,57,133,29,261,51,16,67,328
05/02/2013,MSN,WI,AGL,CE,Combined TRACON& Tower with Radar,40,60,28,14,142,0,1,10,1,12,40,61,38,15,154,30,0,30,184
05/03/2013,MSN,WI,AGL,CE,Combined TRACON& Tower with Radar,41,53,41,5,140,0,0,0,0,0,41,53,41,5,140,0,0,0,140
05/04/2013,MSN,WI,AGL,CE,Combined TRACON& Tower with Radar,27,42,27,19,115,0,0,49,3,52,27,42,76,22,167,12,0,12,179
05/05/2013,MSN,WI,AGL,CE,Combined TRACON& Tower with Radar,35,50,38,2,125,0,0,95,0,95,35,50,133,2,220,58,1,59,279
05/06/2013,MSN,WI,AGL,CE,Combined TRACON& Tower with Radar,38,59,31,13,141,0,0,69,0,69,38,59,100,13,210,46,0,46,256
05/07/2013,MSN,WI,AGL,CE,Combined TRACON& Tower with Radar,40,54,31,14,139,0,1,95,10,106,40,55,126,24,245,110,2,112,357
05/08/2013,MSN,WI,AGL,CE,Combined TRACON& Tower with Radar,46,56,39,8,149,0,4,68,13,85,46,60,107,21,234,30,0,30,264
05/09/2013,MSN,WI,AGL,CE,Combined TRACON& Tower with Radar,39,61,41,7,148,0,1,9,2,12,39,62,50,9,160,22,0,22,182
05/10/2013,MSN,WI,AGL,CE,Combined TRACON& Tower with Radar,41,56,56,9,162,0,0,9,1,10,41,56,65,10,172,32,0,32,204
05/11/2013,MSN,WI,AGL,CE,Combined TRACON& Tower with Radar,25,38,34,1,98,0,0,31,2,33,25,38,65,3,131,34,0,34,165
05/12/2013,MSN,WI,AGL,CE,Combined TRACON& Tower with Radar,33,47,14,0,94,0,2,39,0,41,33,49,53,0,135,56,0,56,191
05/13/2013,MSN,WI,AGL,CE,Combined TRACON& Tower with Radar,40,64,43,3,150,0,2,55,0,57,40,66,98,3,207,66,0,66,273
05/14/2013,MSN,WI,AGL,CE,Combined TRACON& Tower with Radar,43,66,46,10,165,0,1,60,3,64,43,67,106,13,229,90,0,90,319
05/15/2013,MSN,WI,AGL,CE,Combined TRACON& Tower with Radar,42,66,58,1,167,0,6,81,6,93,42,72,139,7,260,56,0,56,316
05/16/2013,MSN,WI,AGL,CE,Combined TRACON& Tower with Radar,41,58,59,8,166,0,3,63,13,79,41,61,122,21,245,38,2,40,285
05/17/2013,MSN,WI,AGL,CE,Combined TRACON& Tower with Radar,42,63,35,2,142,0,2,16,0,18,42,65,51,2,160,24,0,24,184
05/18/2013,MSN,WI,AGL,CE,Combined TRACON& Tower with Radar,31,39,32,0,102,0,0,34,0,34,31,39,66,0,136,26,0,26,162
05/19/2013,MSN,WI,AGL,CE,Combined TRACON& Tower with Radar,39,51,17,4,111,0,0,40,2,42,39,51,57,6,153,92,0,92,245
05/20/2013,MSN,WI,AGL,CE,Combined TRACON& Tower with Radar,42,61,28,4,135,0,0,11,0,11,42,61,39,4,146,20,0,20,166
05/21/2013,MSN,WI,AGL,CE,Combined TRACON& Tower with Radar,45,52,57,9,163,0,2,25,5,32,45,54,82,14,195,24,0,24,219
05/22/2013,MSN,WI,AGL,CE,Combined TRACON& Tower with Radar,63,60,61,14,198,0,1,6,2,9,63,61,67,16,207,12,0,12,219
05/23/2013,MSN,WI,AGL,CE,Combined TRACON& Tower with Radar,38,55,54,10,157,0,0,28,6,34,38,55,82,16,191,12,0,12,203
05/24/2013,MSN,WI,AGL,CE,Combined TRACON& Tower with Radar,43,59,48,4,154,0,4,81,7,92,43,63,129,11,246,24,0,24,270
05/25/2013,MSN,WI,AGL,CE,Combined TRACON& Tower with Radar,25,37,17,1,80,0,1,54,0,55,25,38,71,1,135,62,0,62,197
05/26/2013,MSN,WI,AGL,CE,Combined TRACON& Tower with Radar,21,39,25,4,89,0,0,27,0,27,21,39,52,4,116,30,0,30,146
05/27/2013,MSN,WI,AGL,CE,Combined TRACON& Tower with Radar,35,47,31,0,113,0,0,0,0,0,35,47,31,0,113,0,0,0,113
05/28/2013,MSN,WI,AGL,CE,Combined TRACON& Tower with Radar,49,56,41,13,159,0,0,4,0,4,49,56,45,13,163,14,2,16,179
05/29/2013,MSN,WI,AGL,CE,Combined TRACON& Tower with Radar,47,58,41,18,164,0,1,32,1,34,47,59,73,19,198,34,0,34,232
05/30/2013,MSN,WI,AGL,CE,Combined TRACON& Tower with Radar,45,53,45,3,146,0,1,16,7,24,45,54,61,10,170,14,0,14,184
05/31/2013,MSN,WI,AGL,CE,Combined TRACON& Tower with Radar,46,59,36,24,165,0,0,26,5,31,46,59,62,29,196,22,0,22,218
06/01/2013,MSN,WI,AGL,CE,Combined TRACON& Tower with Radar,38,40,28,18,124,0,0,24,0,24,38,40,52,18,148,18,6,24,172
06/02/2013,MSN,WI,AGL,CE,Combined TRACON& Tower with Radar,35,44,45,0,124,0,0,59,2,61,35,44,104,2,185,96,0,96,281
06/03/2013,MSN,WI,AGL,CE,Combined TRACON& Tower with Radar,42,55,45,14,156,0,4,81,3,88,42,59,126,17,244,96,0,96,340
06/04/2013,MSN,WI,AGL,CE,Combined TRACON& Tower with Radar,49,62,46,21,178,0,2,46,16,64,49,64,92,37,242,60,2,62,304
06/05/2013,MSN,WI,AGL,CE,Combined TRACON& Tower with Radar,46,59,49,16,170,0,0,11,12,23,46,59,60,28,193,42,0,42,235
06/06/2013,MSN,WI,AGL,CE,Combined TRACON& Tower with Radar,52,62,77,19,210,0,1,3,7,11,52,63,80,26,221,26,4,30,251
06/07/2013,MSN,WI,AGL,CE,Combined TRACON& Tower with Radar,47,58,47,1,153,0,0,49,4,53,47,58,96,5,206,44,0,44,250
06/08/2013,MSN,WI,AGL,CE,Combined TRACON& Tower with Radar,32,37,40,1,110,0,2,89,10,101,32,39,129,11,211,54,0,54,265
06/09/2013,MSN,WI,AGL,CE,Combined TRACON& Tower with Radar,38,58,34,3,133,0,0,35,0,35,38,58,69,3,168,92,0,92,260
06/10/2013,MSN,WI,AGL,CE,Combined TRACON& Tower with Radar,47,51,55,14,167,0,4,38,2,44,47,55,93,16,211,46,0,46,257
06/11/2013,MSN,WI,AGL,CE,Combined TRACON& Tower with Radar,47,56,32,15,150,0,10,63,16,89,47,66,95,31,239,76,6,82,321
06/12/2013,MSN,WI,AGL,CE,Combined TRACON& Tower with Radar,50,47,32,9,138,0,1,5,2,8,50,48,37,11,146,12,2,14,160
06/13/2013,MSN,WI,AGL,CE,Combined TRACON& Tower with Radar,49,54,52,22,177,0,5,46,16,67,49,59,98,38,244,126,0,126,370
06/14/2013,MSN,WI,AGL,CE,Combined TRACON& Tower with Radar,51,59,39,7,156,0,9,83,4,96,51,68,122,11,252,88,8,96,348
06/15/2013,MSN,WI,AGL,CE,Combined TRACON& Tower with Radar,34,37,18,2,91,0,0,19,0,19,34,37,37,2,110,24,2,26,136
06/16/2013,MSN,WI,AGL,CE,Combined TRACON& Tower with Radar,43,48,35,3,129,0,1,93,1,95,43,49,128,4,224,36,0,36,260
06/17/2013,MSN,WI,AGL,CE,Combined TRACON& Tower with Radar,43,53,30,12,138,0,3,50,3,56,43,56,80,15,194,86,8,94,288
06/18/2013,MSN,WI,AGL,CE,Combined TRACON& Tower with Radar,47,50,28,17,142,0,6,48,16,70,47,56,76,33,212,62,4,66,278
06/19/2013,MSN,WI,AGL,CE,Combined TRACON& Tower with Radar,48,54,35,14,151,0,4,71,16,91,48,58,106,30,242,120,0,120,362
06/20/2013,MSN,WI,AGL,CE,Combined TRACON& Tower with Radar,50,57,49,13,169,0,3,63,9,75,50,60,112,22,244,90,0,90,334
06/21/2013,MSN,WI,AGL,CE,Combined TRACON& Tower with Radar,52,51,38,3,144,0,1,11,0,12,52,52,49,3,156,0,0,0,156
06/22/2013,MSN,WI,AGL,CE,Combined TRACON& Tower with Radar,36,38,18,2,94,0,3,16,1,20,36,41,34,3,114,16,0,16,130
06/23/2013,MSN,WI,AGL,CE,Combined TRACON& Tower with Radar,46,45,19,2,112,0,2,40,0,42,46,47,59,2,154,74,0,74,228
06/24/2013,MSN,WI,AGL,CE,Combined TRACON& Tower with Radar,45,53,37,8,143,0,0,35,1,36,45,53,72,9,179,54,0,54,233
06/25/2013,MSN,WI,AGL,CE,Combined TRACON& Tower with Radar,46,56,32,8,142,0,1,15,9,25,46,57,47,17,167,10,0,10,177
06/26/2013,MSN,WI,AGL,CE,Combined TRACON& Tower with Radar,46,48,50,11,155,0,3,30,15,48,46,51,80,26,203,82,4,86,289
06/27/2013,MSN,WI,AGL,CE,Combined TRACON& Tower with Radar,50,50,57,30,187,0,9,58,18,85,50,59,115,48,272,58,4,62,334
06/28/2013,MSN,WI,AGL,CE,Combined TRACON& Tower with Radar,46,67,20,15,148,0,9,33,2,44,46,76,53,17,192,42,0,42,234
06/29/2013,MSN,WI,AGL,CE,Combined TRACON& Tower with Radar,35,30,24,3,92,0,1,16,0,17,35,31,40,3,109,56,0,56,165
06/30/2013,MSN,WI,AGL,CE,Combined TRACON& Tower with Radar,41,45,40,3,129,0,0,108,1,109,41,45,148,4,238,150,0,150,388
07/01/2013,MSN,WI,AGL,CE,Combined TRACON& Tower with Radar,37,50,33,23,143,0,1,78,6,85,37,51,111,29,228,68,12,80,308
07/02/2013,MSN,WI,AGL,CE,Combined TRACON& Tower with Radar,41,45,59,15,160,0,2,73,15,90,41,47,132,30,250,106,22,128,378
07/03/2013,MSN,WI,AGL,CE,Combined TRACON& Tower with Radar,48,53,28,14,143,0,2,35,7,44,48,55,63,21,187,46,0,46,233
07/04/2013,MSN,WI,AGL,CE,Combined TRACON& Tower with Radar,17,31,11,0,59,0,0,57,0,57,17,31,68,0,116,14,0,14,130
07/05/2013,MSN,WI,AGL,CE,Combined TRACON& Tower with Radar,29,44,38,4,115,0,4,47,2,53,29,48,85,6,168,52,0,52,220
07/06/2013,MSN,WI,AGL,CE,Combined TRACON& Tower with Radar,33,40,24,2,99,0,0,73,3,76,33,40,97,5,175,72,0,72,247
07/07/2013,MSN,WI,AGL,CE,Combined TRACON& Tower with Radar,42,52,39,0,133,0,0,56,2,58,42,52,95,2,191,262,0,262,453
07/08/2013,MSN,WI,AGL,CE,Combined TRACON& Tower with Radar,44,54,29,16,143,0,1,23,3,27,44,55,52,19,170,106,0,106,276
07/09/2013,MSN,WI,AGL,CE,Combined TRACON& Tower with Radar,46,58,27,7,138,0,0,10,9,19,46,58,37,16,157,12,2,14,171
07/10/2013,MSN,WI,AGL,CE,Combined TRACON& Tower with Radar,40,63,42,24,169,0,3,47,8,58,40,66,89,32,227,74,6,80,307
07/11/2013,MSN,WI,AGL,CE,Combined TRACON& Tower with Radar,43,59,62,19,183,0,7,61,7,75,43,66,123,26,258,60,20,80,338
07/12/2013,MSN,WI,AGL,CE,Combined TRACON& Tower with Radar,50,55,38,6,149,0,8,65,2,75,50,63,103,8,224,28,0,28,252
07/13/2013,MSN,WI,AGL,CE,Combined TRACON& Tower with Radar,39,40,26,6,111,0,0,76,7,83,39,40,102,13,194,94,4,98,292
07/14/2013,MSN,WI,AGL,CE,Combined TRACON& Tower with Radar,43,48,41,1,133,0,0,58,4,62,43,48,99,5,195,112,0,112,307
07/15/2013,MSN,WI,AGL,CE,Combined TRACON& Tower with Radar,47,54,49,22,172,0,4,37,5,46,47,58,86,27,218,100,4,104,322
07/16/2013,MSN,WI,AGL,CE,Combined TRACON& Tower with Radar,48,57,40,16,161,0,3,51,2,56,48,60,91,18,217,100,2,102,319
07/17/2013,MSN,WI,AGL,CE,Combined TRACON& Tower with Radar,49,56,37,21,163,0,7,69,5,81,49,63,106,26,244,68,0,68,312
07/18/2013,MSN,WI,AGL,CE,Combined TRACON& Tower with Radar,48,58,38,13,157,0,6,52,2,60,48,64,90,15,217,62,2,64,281
07/19/2013,MSN,WI,AGL,CE,Combined TRACON& Tower with Radar,48,54,43,1,146,0,4,22,4,30,48,58,65,5,176,4,0,4,180
07/20/2013,MSN,WI,AGL,CE,Combined TRACON& Tower with Radar,39,37,31,17,124,0,0,72,8,80,39,37,103,25,204,128,26,154,358
07/21/2013,MSN,WI,AGL,CE,Combined TRACON& Tower with Radar,43,49,31,2,125,0,0,44,1,45,43,49,75,3,170,62,0,62,232
07/22/2013,MSN,WI,AGL,CE,Combined TRACON& Tower with Radar,44,53,35,14,146,0,2,33,3,38,44,55,68,17,184,36,12,48,232
07/23/2013,MSN,WI,AGL,CE,Combined TRACON& Tower with Radar,48,53,42,18,161,0,0,97,3,100,48,53,139,21,261,72,6,78,339
07/24/2013,MSN,WI,AGL,CE,Combined TRACON& Tower with Radar,50,62,59,15,186,0,1,89,2,92,50,63,148,17,278,100,0,100,378
07/25/2013,MSN,WI,AGL,CE,Combined TRACON& Tower with Radar,47,59,57,15,178,0,1,85,4,90,47,60,142,19,268,42,8,50,318
07/26/2013,MSN,WI,AGL,CE,Combined TRACON& Tower with Radar,49,53,56,10,168,0,2,44,1,47,49,55,100,11,215,6,0,6,221
07/27/2013,MSN,WI,AGL,CE,Combined TRACON& Tower with Radar,34,36,56,0,126,0,2,170,3,175,34,38,226,3,301,72,0,72,373
07/28/2013,MSN,WI,AGL,CE,Combined TRACON& Tower with Radar,37,54,50,2,143,0,4,146,1,151,37,58,196,3,294,8,0,8,302
07/29/2013,MSN,WI,AGL,CE,Combined TRACON& Tower with Radar,43,48,68,14,173,0,3,88,3,94,43,51,156,17,267,134,14,148,415
07/30/2013,MSN,WI,AGL,CE,Combined TRACON& Tower with Radar,47,55,75,18,195,0,3,68,7,78,47,58,143,25,273,68,0,68,341
07/31/2013,MSN,WI,AGL,CE,Combined TRACON& Tower with Radar,49,55,84,14,202,0,0,43,3,46,49,55,127,17,248,64,0,64,312
08/01/2013,MSN,WI,AGL,CE,Combined TRACON& Tower with Radar,44,61,60,11,176,0,2,102,0,104,44,63,162,11,280,100,0,100,380
08/02/2013,MSN,WI,AGL,CE,Combined TRACON& Tower with Radar,52,59,47,12,170,0,2,59,2,63,52,61,106,14,233,68,0,68,301
08/03/2013,MSN,WI,AGL,CE,Combined TRACON& Tower with Radar,30,47,29,4,110,0,0,49,0,49,30,47,78,4,159,28,0,28,187
08/04/2013,MSN,WI,AGL,CE,Combined TRACON& Tower with Radar,42,51,40,4,137,0,0,70,0,70,42,51,110,4,207,46,0,46,253
08/05/2013,MSN,WI,AGL,CE,Combined TRACON& Tower with Radar,46,59,25,20,150,0,2,18,0,20,46,61,43,20,170,26,0,26,196
08/06/2013,MSN,WI,AGL,CE,Combined TRACON& Tower with Radar,57,55,59,21,192,0,1,60,9,70,57,56,119,30,262,154,6,160,422
08/07/2013,MSN,WI,AGL,CE,Combined TRACON& Tower with Radar,47,54,43,19,163,0,3,33,6,42,47,57,76,25,205,70,0,70,275
08/08/2013,MSN,WI,AGL,CE,Combined TRACON& Tower with Radar,46,52,49,13,160,0,4,56,15,75,46,56,105,28,235,34,4,38,273
08/09/2013,MSN,WI,AGL,CE,Combined TRACON& Tower with Radar,45,55,33,5,138,0,3,61,6,70,45,58,94,11,208,50,0,50,258
08/10/2013,MSN,WI,AGL,CE,Combined TRACON& Tower with Radar,31,41,31,0,103,0,0,74,0,74,31,41,105,0,177,40,0,40,217
08/11/2013,MSN,WI,AGL,CE,Combined TRACON& Tower with Radar,40,49,37,0,126,0,0,16,0,16,40,49,53,0,142,66,0,66,208
08/12/2013,MSN,WI,AGL,CE,Combined TRACON& Tower with Radar,45,55,35,17,152,0,0,33,3,36,45,55,68,20,188,82,0,82,270
08/13/2013,MSN,WI,AGL,CE,Combined TRACON& Tower with Radar,50,46,56,20,172,0,4,65,10,79,50,50,121,30,251,164,8,172,423
08/14/2013,MSN,WI,AGL,CE,Combined TRACON& Tower with Radar,51,45,55,17,168,0,2,61,17,80,51,47,116,34,248,76,4,80,328
08/15/2013,MSN,WI,AGL,CE,Combined TRACON& Tower with Radar,49,56,46,6,157,0,3,50,10,63,49,59,96,16,220,64,0,64,284
08/16/2013,MSN,WI,AGL,CE,Combined TRACON& Tower with Radar,46,55,27,0,128,0,2,74,2,78,46,57,101,2,206,52,0,52,258
08/17/2013,MSN,WI,AGL,CE,Combined TRACON& Tower with Radar,37,35,20,1,93,0,0,74,4,78,37,35,94,5,171,144,0,144,315
08/18/2013,MSN,WI,AGL,CE,Combined TRACON& Tower with Radar,45,48,33,0,126,0,0,88,0,88,45,48,121,0,214,52,0,52,266
08/19/2013,MSN,WI,AGL,CE,Combined TRACON& Tower with Radar,47,65,28,3,143,0,5,30,7,42,47,70,58,10,185,72,0,72,257
08/20/2013,MSN,WI,AGL,CE,Combined TRACON& Tower with Radar,48,55,50,4,157,0,2,63,6,71,48,57,113,10,228,72,0,72,300
08/21/2013,MSN,WI,AGL,CE,Combined TRACON& Tower with Radar,47,53,39,5,144,0,2,42,12,56,47,55,81,17,200,40,10,50,250
08/22/2013,MSN,WI,AGL,CE,Combined TRACON& Tower with Radar,46,57,56,19,178,0,1,22,7,30,46,58,78,26,208,44,0,44,252
08/23/2013,MSN,WI,AGL,CE,Combined TRACON& Tower with Radar,52,57,29,31,169,0,4,67,6,77,52,61,96,37,246,102,0,102,348
08/24/2013,MSN,WI,AGL,CE,Combined TRACON& Tower with Radar,30,37,23,15,105,0,0,74,0,74,30,37,97,15,179,98,0,98,277
08/25/2013,MSN,WI,AGL,CE,Combined TRACON& Tower with Radar,42,48,35,2,127,0,1,60,0,61,42,49,95,2,188,68,0,68,256
08/26/2013,MSN,WI,AGL,CE,Combined TRACON& Tower with Radar,49,56,40,11,156,0,2,36,7,45,49,58,76,18,201,52,0,52,253
08/27/2013,MSN,WI,AGL,CE,Combined TRACON& Tower with Radar,50,54,59,19,182,0,5,54,17,76,50,59,113,36,258,66,6,72,330
08/28/2013,MSN,WI,AGL,CE,Combined TRACON& Tower with Radar,50,57,47,23,177,0,3,34,10,47,50,60,81,33,224,94,0,94,318
08/29/2013,MSN,WI,AGL,CE,Combined TRACON& Tower with Radar,49,53,45,16,163,0,4,60,14,78,49,57,105,30,241,60,8,68,309
08/30/2013,MSN,WI,AGL,CE,Combined TRACON& Tower with Radar,52,53,41,5,151,0,1,32,7,40,52,54,73,12,191,62,0,62,253
08/31/2013,MSN,WI,AGL,CE,Combined TRACON& Tower with Radar,23,33,30,4,90,0,3,46,0,49,23,36,76,4,139,86,0,86,225
09/01/2013,MSN,WI,AGL,CE,Combined TRACON& Tower with Radar,28,28,18,0,74,0,0,13,0,13,28,28,31,0,87,78,0,78,165
09/02/2013,MSN,WI,AGL,CE,Combined TRACON& Tower with Radar,43,41,33,3,120,0,2,36,0,38,43,43,69,3,158,88,0,88,246
09/03/2013,MSN,WI,AGL,CE,Combined TRACON& Tower with Radar,45,56,48,6,155,0,0,60,7,67,45,56,108,13,222,142,0,142,364
09/04/2013,MSN,WI,AGL,CE,Combined TRACON& Tower with Radar,52,47,32,18,149,0,6,84,7,97,52,53,116,25,246,70,2,72,318
09/05/2013,MSN,WI,AGL,CE,Combined TRACON& Tower with Radar,50,58,49,23,180,0,5,45,11,61,50,63,94,34,241,40,4,44,285
09/06/2013,MSN,WI,AGL,CE,Combined TRACON& Tower with Radar,53,53,50,13,169,0,2,77,7,86,53,55,127,20,255,82,2,84,339
09/07/2013,MSN,WI,AGL,CE,Combined TRACON& Tower with Radar,29,30,24,13,96,0,1,39,0,40,29,31,63,13,136,120,4,124,260
09/08/2013,MSN,WI,AGL,CE,Combined TRACON& Tower with Radar,47,39,52,5,143,0,0,8,1,9,47,39,60,6,152,62,0,62,214
09/09/2013,MSN,WI,AGL,CE,Combined TRACON& Tower with Radar,51,50,30,18,149,0,0,24,1,25,51,50,54,19,174,146,0,146,320
09/10/2013,MSN,WI,AGL,CE,Combined TRACON& Tower with Radar,51,44,36,17,148,0,3,47,16,66,51,47,83,33,214,98,16,114,328
09/11/2013,MSN,WI,AGL,CE,Combined TRACON& Tower with Radar,48,49,41,13,151,0,2,42,15,59,48,51,83,28,210,68,16,84,294
09/12/2013,MSN,WI,AGL,CE,Combined TRACON& Tower with Radar,53,57,49,5,164,0,4,59,20,83,53,61,108,25,247,40,0,40,287
09/13/2013,MSN,WI,AGL,CE,Combined TRACON& Tower with Radar,51,48,46,4,149,0,5,73,7,85,51,53,119,11,234,86,2,88,322
09/14/2013,MSN,WI,AGL,CE,Combined TRACON& Tower with Radar,32,26,22,2,82,0,4,77,3,84,32,30,99,5,166,54,0,54,220
09/15/2013,MSN,WI,AGL,CE,Combined TRACON& Tower with Radar,59,33,71,3,166,0,0,3,0,3,59,33,74,3,169,38,0,38,207
09/16/2013,MSN,WI,AGL,CE,Combined TRACON& Tower with Radar,52,48,36,19,155,0,0,61,2,63,52,48,97,21,218,70,8,78,296
09/17/2013,MSN,WI,AGL,CE,Combined TRACON& Tower with Radar,49,49,49,23,170,0,3,48,5,56,49,52,97,28,226,76,6,82,308
09/18/2013,MSN,WI,AGL,CE,Combined TRACON& Tower with Radar,48,52,35,17,152,0,6,26,7,39,48,58,61,24,191,68,12,80,271
09/19/2013,MSN,WI,AGL,CE,Combined TRACON& Tower with Radar,58,36,40,4,138,0,2,9,4,15,58,38,49,8,153,4,0,4,157
09/20/2013,MSN,WI,AGL,CE,Combined TRACON& Tower with Radar,51,52,74,2,179,0,1,54,3,58,51,53,128,5,237,60,0,60,297
09/21/2013,MSN,WI,AGL,CE,Combined TRACON& Tower with Radar,32,34,49,3,118,0,0,83,0,83,32,34,132,3,201,64,0,64,265
09/22/2013,MSN,WI,AGL,CE,Combined TRACON& Tower with Radar,46,45,44,0,135,0,0,111,0,111,46,45,155,0,246,102,0,102,348
09/23/2013,MSN,WI,AGL,CE,Combined TRACON& Tower with Radar,49,52,40,14,155,0,2,56,4,62,49,54,96,18,217,80,0,80,297
09/24/2013,MSN,WI,AGL,CE,Combined TRACON& Tower with Radar,50,50,47,26,173,0,3,62,12,77,50,53,109,38,250,86,2,88,338
09/25/2013,MSN,WI,AGL,CE,Combined TRACON& Tower with Radar,52,56,63,21,192,0,1,62,12,75,52,57,125,33,267,116,6,122,389
09/26/2013,MSN,WI,AGL,CE,Combined TRACON& Tower with Radar,51,69,48,17,185,0,1,37,7,45,51,70,85,24,230,26,14,40,270
09/27/2013,MSN,WI,AGL,CE,Combined TRACON& Tower with Radar,58,54,50,1,163,0,1,64,6,71,58,55,114,7,234,34,0,34,268
09/28/2013,MSN,WI,AGL,CE,Combined TRACON& Tower with Radar,27,31,32,0,90,0,0,43,0,43,27,31,75,0,133,80,0,80,213
09/29/2013,MSN,WI,AGL,CE,Combined TRACON& Tower with Radar,45,46,51,0,142,0,0,94,1,95,45,46,145,1,237,148,0,148,385
09/30/2013,MSN,WI,AGL,CE,Combined TRACON& Tower with Radar,55,53,27,4,139,0,0,48,0,48,55,53,75,4,187,174,0,174,361
10/01/2013,MSN,WI,AGL,CE,Combined TRACON& Tower with Radar,46,47,55,0,148,0,2,59,0,61,46,49,114,0,209,116,0,116,325
10/02/2013,MSN,WI,AGL,CE,Combined TRACON& Tower with Radar,51,46,53,0,150,0,2,72,0,74,51,48,125,0,224,86,0,86,310
10/03/2013,MSN,WI,AGL,CE,Combined TRACON& Tower with Radar,49,47,56,0,152,0,2,3,0,5,49,49,59,0,157,10,0,10,167
10/04/2013,MSN,WI,AGL,CE,Combined TRACON& Tower with Radar,49,50,52,0,151,0,0,0,0,0,49,50,52,0,151,0,0,0,151
10/05/2013,MSN,WI,AGL,CE,Combined TRACON& Tower with Radar,29,41,31,0,101,0,0,2,0,2,29,41,33,0,103,0,0,0,103
10/06/2013,MSN,WI,AGL,CE,Combined TRACON& Tower with Radar,42,47,48,0,137,0,0,74,0,74,42,47,122,0,211,84,0,84,295
10/07/2013,MSN,WI,AGL,CE,Combined TRACON& Tower with Radar,53,48,27,11,139,0,0,39,0,39,53,48,66,11,178,80,0,80,258
10/08/2013,MSN,WI,AGL,CE,Combined TRACON& Tower with Radar,50,48,57,11,166,0,1,71,0,72,50,49,128,11,238,64,0,64,302
10/09/2013,MSN,WI,AGL,CE,Combined TRACON& Tower with Radar,51,50,37,10,148,0,2,86,0,88,51,52,123,10,236,78,0,78,314
10/10/2013,MSN,WI,AGL,CE,Combined TRACON& Tower with Radar,53,60,80,10,203,0,4,76,2,82,53,64,156,12,285,82,0,82,367
10/11/2013,MSN,WI,AGL,CE,Combined TRACON& Tower with Radar,49,64,68,0,181,0,3,66,2,71,49,67,134,2,252,66,0,66,318
10/12/2013,MSN,WI,AGL,CE,Combined TRACON& Tower with Radar,25,55,44,0,124,0,2,26,0,28,25,57,70,0,152,128,0,128,280
10/13/2013,MSN,WI,AGL,CE,Combined TRACON& Tower with Radar,42,52,41,0,135,0,2,83,2,87,42,54,124,2,222,26,0,26,248
10/14/2013,MSN,WI,AGL,CE,Combined TRACON& Tower with Radar,53,54,40,0,147,0,0,65,0,65,53,54,105,0,212,26,0,26,238
10/15/2013,MSN,WI,AGL,CE,Combined TRACON& Tower with Radar,46,59,50,13,168,0,0,3,0,3,46,59,53,13,171,0,0,0,171
10/16/2013,MSN,WI,AGL,CE,Combined TRACON& Tower with Radar,51,58,53,16,178,0,0,8,0,8,51,58,61,16,186,46,0,46,232
10/17/2013,MSN,WI,AGL,CE,Combined TRACON& Tower with Radar,50,60,38,8,156,0,0,29,1,30,50,60,67,9,186,66,0,66,252
10/18/2013,MSN,WI,AGL,CE,Combined TRACON& Tower with Radar,50,63,51,14,178,0,4,26,0,30,50,67,77,14,208,6,0,6,214
10/19/2013,MSN,WI,AGL,CE,Combined TRACON& Tower with Radar,26,39,14,0,79,0,0,62,0,62,26,39,76,0,141,26,0,26,167
10/20/2013,MSN,WI,AGL,CE,Combined TRACON& Tower with Radar,40,48,34,0,122,0,0,23,0,23,40,48,57,0,145,8,0,8,153
10/21/2013,MSN,WI,AGL,CE,Combined TRACON& Tower with Radar,51,58,42,15,166,0,2,31,0,33,51,60,73,15,199,58,0,58,257
10/22/2013,MSN,WI,AGL,CE,Combined TRACON& Tower with Radar,49,53,58,23,183,0,3,51,7,61,49,56,109,30,244,72,2,74,318
10/23/2013,MSN,WI,AGL,CE,Combined TRACON& Tower with Radar,51,49,43,23,166,0,2,44,9,55,51,51,87,32,221,48,0,48,269
10/24/2013,MSN,WI,AGL,CE,Combined TRACON& Tower with Radar,51,54,42,23,170,0,2,35,14,51,51,56,77,37,221,36,0,36,257
10/25/2013,MSN,WI,AGL,CE,Combined TRACON& Tower with Radar,49,52,34,4,139,0,4,62,2,68,49,56,96,6,207,64,8,72,279
10/26/2013,MSN,WI,AGL,CE,Combined TRACON& Tower with Radar,25,40,18,0,83,0,4,38,1,43,25,44,56,1,126,64,0,64,190
10/27/2013,MSN,WI,AGL,CE,Combined TRACON& Tower with Radar,42,42,48,0,132,0,1,95,0,96,42,43,143,0,228,90,0,90,318
10/28/2013,MSN,WI,AGL,CE,Combined TRACON& Tower with Radar,55,51,34,14,154,0,0,39,0,39,55,51,73,14,193,80,2,82,275
10/29/2013,MSN,WI,AGL,CE,Combined TRACON& Tower with Radar,49,49,42,17,157,0,0,39,10,49,49,49,81,27,206,42,4,46,252
10/30/2013,MSN,WI,AGL,CE,Combined TRACON& Tower with Radar,52,48,31,10,141,0,0,0,0,0,52,48,31,10,141,0,0,0,141
10/31/2013,MSN,WI,AGL,CE,Combined TRACON& Tower with Radar,48,56,45,2,151,0,0,0,0,0,48,56,45,2,151,0,0,0,151
11/01/2013,MSN,WI,AGL,CE,Combined TRACON& Tower with Radar,55,50,54,20,179,0,0,7,0,7,55,50,61,20,186,10,0,10,196
11/02/2013,MSN,WI,AGL,CE,Combined TRACON& Tower with Radar,24,35,38,17,114,0,4,33,4,41,24,39,71,21,155,90,2,92,247
11/03/2013,MSN,WI,AGL,CE,Combined TRACON& Tower with Radar,42,44,62,1,149,0,0,74,4,78,42,44,136,5,227,114,0,114,341
11/04/2013,MSN,WI,AGL,CE,Combined TRACON& Tower with Radar,55,39,49,16,159,0,0,17,2,19,55,39,66,18,178,6,0,6,184
11/05/2013,MSN,WI,AGL,CE,Combined TRACON& Tower with Radar,49,55,73,18,195,0,0,5,0,5,49,55,78,18,200,24,0,24,224
11/06/2013,MSN,WI,AGL,CE,Combined TRACON& Tower with Radar,50,58,50,11,169,0,0,13,7,20,50,58,63,18,189,22,0,22,211
11/07/2013,MSN,WI,AGL,CE,Combined TRACON& Tower with Radar,53,56,57,17,183,0,2,44,13,59,53,58,101,30,242,74,4,78,320
11/08/2013,MSN,WI,AGL,CE,Combined TRACON& Tower with Radar,53,56,49,2,160,0,4,57,2,63,53,60,106,4,223,32,0,32,255
11/09/2013,MSN,WI,AGL,CE,Combined TRACON& Tower with Radar,29,43,22,0,94,0,0,23,0,23,29,43,45,0,117,20,0,20,137
11/10/2013,MSN,WI,AGL,CE,Combined TRACON& Tower with Radar,51,38,38,2,129,0,5,104,0,109,51,43,142,2,238,92,0,92,330
11/11/2013,MSN,WI,AGL,CE,Combined TRACON& Tower with Radar,54,46,39,0,139,0,0,1,0,1,54,46,40,0,140,14,0,14,154
11/12/2013,MSN,WI,AGL,CE,Combined TRACON& Tower with Radar,48,53,59,15,175,0,4,72,1,77,48,57,131,16,252,106,0,106,358
11/13/2013,MSN,WI,AGL,CE,Combined TRACON& Tower with Radar,55,50,43,18,166,0,4,40,9,53,55,54,83,27,219,38,0,38,257
11/14/2013,MSN,WI,AGL,CE,Combined TRACON& Tower with Radar,54,54,44,17,169,0,2,60,16,78,54,56,104,33,247,52,0,52,299
11/15/2013,MSN,WI,AGL,CE,Combined TRACON& Tower with Radar,49,60,50,15,174,0,1,119,1,121,49,61,169,16,295,194,2,196,491
11/16/2013,MSN,WI,AGL,CE,Combined TRACON& Tower with Radar,29,45,34,0,108,0,0,0,0,0,29,45,34,0,108,0,0,0,108
11/17/2013,MSN,WI,AGL,CE,Combined TRACON& Tower with Radar,56,34,16,0,106,0,0,1,0,1,56,34,17,0,107,0,0,0,107
11/18/2013,MSN,WI,AGL,CE,Combined TRACON& Tower with Radar,52,53,34,13,152,0,0,18,0,18,52,53,52,13,170,8,0,8,178
11/19/2013,MSN,WI,AGL,CE,Combined TRACON& Tower with Radar,49,50,55,20,174,0,5,86,8,99,49,55,141,28,273,108,0,108,381
11/20/2013,MSN,WI,AGL,CE,Combined TRACON& Tower with Radar,53,50,45,16,164,0,2,21,7,30,53,52,66,23,194,32,2,34,228
11/21/2013,MSN,WI,AGL,CE,Combined TRACON& Tower with Radar,53,52,55,16,176,0,0,2,0,2,53,52,57,16,178,0,0,0,178
11/22/2013,MSN,WI,AGL,CE,Combined TRACON& Tower with Radar,51,51,48,15,165,0,2,46,1,49,51,53,94,16,214,58,0,58,272
11/23/2013,MSN,WI,AGL,CE,Combined TRACON& Tower with Radar,30,40,22,0,92,0,0,44,0,44,30,40,66,0,136,58,0,58,194
11/24/2013,MSN,WI,AGL,CE,Combined TRACON& Tower with Radar,43,31,41,0,115,0,0,72,2,74,43,31,113,2,189,104,0,104,293
11/25/2013,MSN,WI,AGL,CE,Combined TRACON& Tower with Radar,41,37,22,6,106,0,0,11,0,11,41,37,33,6,117,30,0,30,147
11/26/2013,MSN,WI,AGL,CE,Combined TRACON& Tower with Radar,47,51,27,20,145,0,3,18,0,21,47,54,45,20,166,50,0,50,216
11/27/2013,MSN,WI,AGL,CE,Combined TRACON& Tower with Radar,51,52,36,8,147,0,4,56,2,62,51,56,92,10,209,110,0,110,319
11/28/2013,MSN,WI,AGL,CE,Combined TRACON& Tower with Radar,25,28,5,0,58,0,0,5,0,5,25,28,10,0,63,0,0,0,63
11/29/2013,MSN,WI,AGL,CE,Combined TRACON& Tower with Radar,28,35,25,0,88,0,3,82,0,85,28,38,107,0,173,20,0,20,193
11/30/2013,MSN,WI,AGL,CE,Combined TRACON& Tower with Radar,50,45,32,0,127,0,2,59,2,63,50,47,91,2,190,108,0,108,298
12/01/2013,MSN,WI,AGL,CE,Combined TRACON& Tower with Radar,49,52,45,0,146,0,0,98,0,98,49,52,143,0,244,104,0,104,348
12/02/2013,MSN,WI,AGL,CE,Combined TRACON& Tower with Radar,51,49,36,19,155,0,0,22,6,28,51,49,58,25,183,52,0,52,235
12/03/2013,MSN,WI,AGL,CE,Combined TRACON& Tower with Radar,45,58,40,1,144,0,0,0,0,0,45,58,40,1,144,6,0,6,150
12/04/2013,MSN,WI,AGL,CE,Combined TRACON& Tower with Radar,42,46,32,2,122,0,0,0,0,0,42,46,32,2,122,0,0,0,122
12/05/2013,MSN,WI,AGL,CE,Combined TRACON& Tower with Radar,47,54,40,18,159,0,2,30,8,40,47,56,70,26,199,58,0,58,257
12/06/2013,MSN,WI,AGL,CE,Combined TRACON& Tower with Radar,41,52,29,13,135,0,2,45,3,50,41,54,74,16,185,50,0,50,235
12/07/2013,MSN,WI,AGL,CE,Combined TRACON& Tower with Radar,30,35,34,20,119,0,2,86,9,97,30,37,120,29,216,104,0,104,320
12/08/2013,MSN,WI,AGL,CE,Combined TRACON& Tower with Radar,33,31,24,0,88,0,0,2,0,2,33,31,26,0,90,6,0,6,96
12/09/2013,MSN,WI,AGL,CE,Combined TRACON& Tower with Radar,42,52,24,21,139,0,0,12,1,13,42,52,36,22,152,2,6,8,160
12/10/2013,MSN,WI,AGL,CE,Combined TRACON& Tower with Radar,40,53,43,22,158,0,0,9,10,19,40,53,52,32,177,8,4,12,189
12/11/2013,MSN,WI,AGL,CE,Combined TRACON& Tower with Radar,45,48,49,18,160,0,1,11,6,18,45,49,60,24,178,72,2,74,252
12/12/2013,MSN,WI,AGL,CE,Combined TRACON& Tower with Radar,49,49,51,15,164,0,2,44,9,55,49,51,95,24,219,80,0,80,299
12/13/2013,MSN,WI,AGL,CE,Combined TRACON& Tower with Radar,43,49,23,1,116,0,0,26,2,28,43,49,49,3,144,36,0,36,180
12/14/2013,MSN,WI,AGL,CE,Combined TRACON& Tower with Radar,27,33,11,1,72,0,0,6,0,6,27,33,17,1,78,0,0,0,78
12/15/2013,MSN,WI,AGL,CE,Combined TRACON& Tower with Radar,39,39,26,2,106,0,0,40,4,44,39,39,66,6,150,68,0,68,218
12/16/2013,MSN,WI,AGL,CE,Combined TRACON& Tower with Radar,44,43,30,14,131,0,0,18,3,21,44,43,48,17,152,4,0,4,156
12/17/2013,MSN,WI,AGL,CE,Combined TRACON& Tower with Radar,46,50,44,12,152,0,1,22,10,33,46,51,66,22,185,34,0,34,219
12/18/2013,MSN,WI,AGL,CE,Combined TRACON& Tower with Radar,47,49,50,16,162,0,1,56,18,75,47,50,106,34,237,28,2,30,267
12/19/2013,MSN,WI,AGL,CE,Combined TRACON& Tower with Radar,35,61,39,16,151,0,1,14,1,16,35,62,53,17,167,128,6,134,301
12/20/2013,MSN,WI,AGL,CE,Combined TRACON& Tower with Radar,38,71,32,0,141,0,0,1,0,1,38,71,33,0,142,0,0,0,142
12/21/2013,MSN,WI,AGL,CE,Combined TRACON& Tower with Radar,28,55,17,2,102,0,0,0,0,0,28,55,17,2,102,0,0,0,102
12/22/2013,MSN,WI,AGL,CE,Combined TRACON& Tower with Radar,25,47,8,0,80,0,0,2,0,2,25,47,10,0,82,28,0,28,110
12/23/2013,MSN,WI,AGL,CE,Combined TRACON& Tower with Radar,28,48,25,14,115,0,0,12,0,12,28,48,37,14,127,0,0,0,127
12/24/2013,MSN,WI,AGL,CE,Combined TRACON& Tower with Radar,23,49,7,5,84,0,1,20,2,23,23,50,27,7,107,4,0,4,111
12/25/2013,MSN,WI,AGL,CE,Combined TRACON& Tower with Radar,19,41,4,0,64,0,0,0,0,0,19,41,4,0,64,0,0,0,64
12/26/2013,MSN,WI,AGL,CE,Combined TRACON& Tower with Radar,33,60,19,9,121,0,2,18,2,22,33,62,37,11,143,4,0,4,147
12/27/2013,MSN,WI,AGL,CE,Combined TRACON& Tower with Radar,33,58,32,1,124,0,0,52,3,55,33,58,84,4,179,46,0,46,225
12/28/2013,MSN,WI,AGL,CE,Combined TRACON& Tower with Radar,24,61,46,0,131,0,3,115,0,118,24,64,161,0,249,110,0,110,359
12/29/2013,MSN,WI,AGL,CE,Combined TRACON& Tower with Radar,28,49,11,0,88,0,0,9,0,9,28,49,20,0,97,0,0,0,97
12/30/2013,MSN,WI,AGL,CE,Combined TRACON& Tower with Radar,31,48,20,10,109,0,0,17,0,17,31,48,37,10,126,32,0,32,158
12/31/2013,MSN,WI,AGL,CE,Combined TRACON& Tower with Radar,27,45,20,1,93,0,0,17,1,18,27,45,37,2,111,20,0,20,131
01/01/2014,MSN,WI,AGL,CE,Combined TRACON& Tower with Radar,17,37,6,0,60,0,0,0,0,0,17,37,6,0,60,8,0,8,68
01/02/2014,MSN,WI,AGL,CE,Combined TRACON& Tower with Radar,37,63,15,15,130,0,0,31,2,33,37,63,46,17,163,10,0,10,173
01/03/2014,MSN,WI,AGL,CE,Combined TRACON& Tower with Radar,24,51,18,15,108,0,1,11,0,12,24,52,29,15,120,38,14,52,172
01/04/2014,MSN,WI,AGL,CE,Combined TRACON& Tower with Radar,20,47,12,16,95,0,1,9,0,10,20,48,21,16,105,52,0,52,157
01/05/2014,MSN,WI,AGL,CE,Combined TRACON& Tower with Radar,24,30,24,0,78,0,0,7,0,7,24,30,31,0,85,4,0,4,89
01/06/2014,MSN,WI,AGL,CE,Combined TRACON& Tower with Radar,23,26,14,2,65,0,0,5,0,5,23,26,19,2,70,0,0,0,70
01/07/2014,MSN,WI,AGL,CE,Combined TRACON& Tower with Radar,30,28,22,14,94,0,2,19,8,29,30,30,41,22,123,2,0,2,125
01/08/2014,MSN,WI,AGL,CE,Combined TRACON& Tower with Radar,38,44,36,16,134,0,1,14,10,25,38,45,50,26,159,10,0,10,169
01/09/2014,MSN,WI,AGL,CE,Combined TRACON& Tower with Radar,47,51,39,16,153,0,1,26,10,37,47,52,65,26,190,56,20,76,266
01/10/2014,MSN,WI,AGL,CE,Combined TRACON& Tower with Radar,45,43,16,0,104,0,0,0,0,0,45,43,16,0,104,0,0,0,104
01/11/2014,MSN,WI,AGL,CE,Combined TRACON& Tower with Radar,19,36,8,0,63,0,0,3,0,3,19,36,11,0,66,0,0,0,66
01/12/2014,MSN,WI,AGL,CE,Combined TRACON& Tower with Radar,43,46,30,4,123,0,0,47,0,47,43,46,77,4,170,58,0,58,228
01/13/2014,MSN,WI,AGL,CE,Combined TRACON& Tower with Radar,50,52,29,12,143,0,0,36,8,44,50,52,65,20,187,74,0,74,261
01/14/2014,MSN,WI,AGL,CE,Combined TRACON& Tower with Radar,34,47,18,6,105,0,0,0,0,0,34,47,18,6,105,0,0,0,105
01/15/2014,MSN,WI,AGL,CE,Combined TRACON& Tower with Radar,43,55,38,16,152,0,0,25,14,39,43,55,63,30,191,92,0,92,283
01/16/2014,MSN,WI,AGL,CE,Combined TRACON& Tower with Radar,44,54,24,0,122,0,0,1,2,3,44,54,25,2,125,2,2,4,129
01/17/2014,MSN,WI,AGL,CE,Combined TRACON& Tower with Radar,47,56,28,1,132,0,0,4,0,4,47,56,32,1,136,0,0,0,136
01/18/2014,MSN,WI,AGL,CE,Combined TRACON& Tower with Radar,22,32,17,1,72,0,0,7,0,7,22,32,24,1,79,12,0,12,91
01/19/2014,MSN,WI,AGL,CE,Combined TRACON& Tower with Radar,29,43,26,0,98,0,0,96,1,97,29,43,122,1,195,134,0,134,329
01/20/2014,MSN,WI,AGL,CE,Combined TRACON& Tower with Radar,43,54,30,0,127,0,0,4,0,4,43,54,34,0,131,8,0,8,139
01/21/2014,MSN,WI,AGL,CE,Combined TRACON& Tower with Radar,44,48,45,10,147,0,1,24,3,28,44,49,69,13,175,50,0,50,225
01/22/2014,MSN,WI,AGL,CE,Combined TRACON& Tower with Radar,42,49,39,17,147,0,0,4,0,4,42,49,43,17,151,14,0,14,165
01/23/2014,MSN,WI,AGL,CE,Combined TRACON& Tower with Radar,50,50,37,7,144,0,1,36,0,37,50,51,73,7,181,24,4,28,209
01/24/2014,MSN,WI,AGL,CE,Combined TRACON& Tower with Radar,44,51,21,7,123,0,1,3,3,7,44,52,24,10,130,0,0,0,130
01/25/2014,MSN,WI,AGL,CE,Combined TRACON& Tower with Radar,23,34,7,0,64,0,0,12,0,12,23,34,19,0,76,38,0,38,114
01/26/2014,MSN,WI,AGL,CE,Combined TRACON& Tower with Radar,49,42,17,0,108,0,0,2,0,2,49,42,19,0,110,14,0,14,124
01/27/2014,MSN,WI,AGL,CE,Combined TRACON& Tower with Radar,43,42,19,2,106,0,0,4,0,4,43,42,23,2,110,6,0,6,116
01/28/2014,MSN,WI,AGL,CE,Combined TRACON& Tower with Radar,33,36,25,7,101,0,1,3,0,4,33,37,28,7,105,10,0,10,115
01/29/2014,MSN,WI,AGL,CE,Combined TRACON& Tower with Radar,42,55,57,21,175,0,1,39,14,54,42,56,96,35,229,18,8,26,255
01/30/2014,MSN,WI,AGL,CE,Combined TRACON& Tower with Radar,39,59,47,3,148,0,1,1,2,4,39,60,48,5,152,6,0,6,158
01/31/2014,MSN,WI,AGL,CE,Combined TRACON& Tower with Radar,40,50,25,8,123,0,5,37,10,52,40,55,62,18,175,20,0,20,195
02/01/2014,MSN,WI,AGL,CE,Combined TRACON& Tower with Radar,18,32,15,5,70,0,0,2,0,2,18,32,17,5,72,0,0,0,72
02/02/2014,MSN,WI,AGL,CE,Combined TRACON& Tower with Radar,26,43,18,0,87,0,1,66,1,68,26,44,84,1,155,96,0,96,251
02/03/2014,MSN,WI,AGL,CE,Combined TRACON& Tower with Radar,45,55,40,2,142,0,1,52,2,55,45,56,92,4,197,86,0,86,283
02/04/2014,MSN,WI,AGL,CE,Combined TRACON& Tower with Radar,42,49,36,6,133,0,4,20,5,29,42,53,56,11,162,78,16,94,256
02/05/2014,MSN,WI,AGL,CE,Combined TRACON& Tower with Radar,41,39,29,11,120,0,0,13,11,24,41,39,42,22,144,30,0,30,174
02/06/2014,MSN,WI,AGL,CE,Combined TRACON& Tower with Radar,49,41,31,15,136,0,3,27,10,40,49,44,58,25,176,46,0,46,222
02/07/2014,MSN,WI,AGL,CE,Combined TRACON& Tower with Radar,46,60,30,7,143,0,1,38,8,47,46,61,68,15,190,14,0,14,204
02/08/2014,MSN,WI,AGL,CE,Combined TRACON& Tower with Radar,21,43,13,0,77,0,0,8,0,8,21,43,21,0,85,18,0,18,103
02/09/2014,MSN,WI,AGL,CE,Combined TRACON& Tower with Radar,41,50,38,5,134,0,0,50,0,50,41,50,88,5,184,74,0,74,258
02/10/2014,MSN,WI,AGL,CE,Combined TRACON& Tower with Radar,48,46,39,3,136,0,0,11,1,12,48,46,50,4,148,12,0,12,160
02/11/2014,MSN,WI,AGL,CE,Combined TRACON& Tower with Radar,41,44,57,7,149,0,1,21,9,31,41,45,78,16,180,0,0,0,180
02/12/2014,MSN,WI,AGL,CE,Combined TRACON& Tower with Radar,35,56,46,5,142,0,0,5,11,16,35,56,51,16,158,16,0,16,174
02/13/2014,MSN,WI,AGL,CE,Combined TRACON& Tower with Radar,39,62,20,1,122,0,0,3,11,14,39,62,23,12,136,22,0,22,158
02/14/2014,MSN,WI,AGL,CE,Combined TRACON& Tower with Radar,36,58,31,19,144,0,0,45,2,47,36,58,76,21,191,52,0,52,243
02/15/2014,MSN,WI,AGL,CE,Combined TRACON& Tower with Radar,16,44,26,0,86,0,0,46,0,46,16,44,72,0,132,60,0,60,192
02/16/2014,MSN,WI,AGL,CE,Combined TRACON& Tower with Radar,26,42,39,0,107,0,0,66,0,66,26,42,105,0,173,52,0,52,225
02/17/2014,MSN,WI,AGL,CE,Combined TRACON& Tower with Radar,31,44,14,0,89,0,0,0,0,0,31,44,14,0,89,0,0,0,89
02/18/2014,MSN,WI,AGL,CE,Combined TRACON& Tower with Radar,35,73,42,13,163,0,6,21,2,29,35,79,63,15,192,38,18,56,248
02/19/2014,MSN,WI,AGL,CE,Combined TRACON& Tower with Radar,44,66,57,20,187,0,2,90,14,106,44,68,147,34,293,118,0,118,411
02/20/2014,MSN,WI,AGL,CE,Combined TRACON& Tower with Radar,41,54,17,0,112,0,0,0,0,0,41,54,17,0,112,0,0,0,112
02/21/2014,MSN,WI,AGL,CE,Combined TRACON& Tower with Radar,41,53,20,5,119,0,0,1,0,1,41,53,21,5,120,0,0,0,120
02/22/2014,MSN,WI,AGL,CE,Combined TRACON& Tower with Radar,18,46,27,1,92,0,2,64,0,66,18,48,91,1,158,70,0,70,228
02/23/2014,MSN,WI,AGL,CE,Combined TRACON& Tower with Radar,39,52,36,1,128,0,3,65,0,68,39,55,101,1,196,52,0,52,248
02/24/2014,MSN,WI,AGL,CE,Combined TRACON& Tower with Radar,42,62,44,7,155,0,0,25,4,29,42,62,69,11,184,8,0,8,192
02/25/2014,MSN,WI,AGL,CE,Combined TRACON& Tower with Radar,32,54,33,21,140,0,1,25,10,36,32,55,58,31,176,54,0,54,230
02/26/2014,MSN,WI,AGL,CE,Combined TRACON& Tower with Radar,42,70,42,13,167,0,1,16,1,18,42,71,58,14,185,24,0,24,209
02/27/2014,MSN,WI,AGL,CE,Combined TRACON& Tower with Radar,38,57,43,13,151,0,2,21,7,30,38,59,64,20,181,30,0,30,211
02/28/2014,MSN,WI,AGL,CE,Combined TRACON& Tower with Radar,36,64,28,12,140,0,0,15,3,18,36,64,43,15,158,14,18,32,190
03/01/2014,MSN,WI,AGL,CE,Combined TRACON& Tower with Radar,20,44,34,10,108,0,0,13,0,13,20,44,47,10,121,10,0,10,131
03/02/2014,MSN,WI,AGL,CE,Combined TRACON& Tower with Radar,32,42,22,0,96,0,0,36,0,36,32,42,58,0,132,12,0,12,144
03/03/2014,MSN,WI,AGL,CE,Combined TRACON& Tower with Radar,41,54,33,27,155,0,0,14,3,17,41,54,47,30,172,18,2,20,192
03/04/2014,MSN,WI,AGL,CE,Combined TRACON& Tower with Radar,33,57,52,7,149,0,0,24,9,33,33,57,76,16,182,12,0,12,194
03/05/2014,MSN,WI,AGL,CE,Combined TRACON& Tower with Radar,40,58,28,15,141,0,0,18,14,32,40,58,46,29,173,22,0,22,195
03/06/2014,MSN,WI,AGL,CE,Combined TRACON& Tower with Radar,42,59,42,15,158,0,3,48,11,62,42,62,90,26,220,90,0,90,310
03/07/2014,MSN,WI,AGL,CE,Combined TRACON& Tower with Radar,40,60,35,5,140,0,1,19,5,25,40,61,54,10,165,44,2,46,211
03/08/2014,MSN,WI,AGL,CE,Combined TRACON& Tower with Radar,25,42,24,8,99,0,0,45,3,48,25,42,69,11,147,102,0,102,249
03/09/2014,MSN,WI,AGL,CE,Combined TRACON& Tower with Radar,46,44,32,3,125,0,0,65,2,67,46,44,97,5,192,46,0,46,238
03/10/2014,MSN,WI,AGL,CE,Combined TRACON& Tower with Radar,41,57,51,17,166,0,0,55,3,58,41,57,106,20,224,66,5,71,295
03/11/2014,MSN,WI,AGL,CE,Combined TRACON& Tower with Radar,37,52,43,19,151,0,1,15,3,19,37,53,58,22,170,12,0,12,182
03/12/2014,MSN,WI,AGL,CE,Combined TRACON& Tower with Radar,42,52,40,13,147,0,0,18,9,27,42,52,58,22,174,8,0,8,182
03/13/2014,MSN,WI,AGL,CE,Combined TRACON& Tower with Radar,48,65,48,16,177,0,2,28,13,43,48,67,76,29,220,38,4,42,262
03/14/2014,MSN,WI,AGL,CE,Combined TRACON& Tower with Radar,40,60,39,2,141,0,3,46,2,51,40,63,85,4,192,44,0,44,236
03/15/2014,MSN,WI,AGL,CE,Combined TRACON& Tower with Radar,26,39,26,0,91,0,1,95,2,98,26,40,121,2,189,62,0,62,251
03/16/2014,MSN,WI,AGL,CE,Combined TRACON& Tower with Radar,43,44,33,0,120,0,2,45,1,48,43,46,78,1,168,38,0,38,206
03/17/2014,MSN,WI,AGL,CE,Combined TRACON& Tower with Radar,42,56,28,15,141,0,0,26,8,34,42,56,54,23,175,50,4,54,229
03/18/2014,MSN,WI,AGL,CE,Combined TRACON& Tower with Radar,38,55,35,12,140,0,1,27,8,36,38,56,62,20,176,22,12,34,210
03/19/2014,MSN,WI,AGL,CE,Combined TRACON& Tower with Radar,45,59,31,4,139,0,0,2,6,8,45,59,33,10,147,18,0,18,165
03/20/2014,MSN,WI,AGL,CE,Combined TRACON& Tower with Radar,42,63,55,21,181,0,1,70,23,94,42,64,125,44,275,82,4,86,361
03/21/2014,MSN,WI,AGL,CE,Combined TRACON& Tower with Radar,41,56,34,1,132,0,1,49,4,54,41,57,83,5,186,64,0,64,250
03/22/2014,MSN,WI,AGL,CE,Combined TRACON& Tower with Radar,25,44,29,0,98,0,0,23,2,25,25,44,52,2,123,28,0,28,151
03/23/2014,MSN,WI,AGL,CE,Combined TRACON& Tower with Radar,44,44,37,0,125,0,2,79,1,82,44,46,116,1,207,70,0,70,277
03/24/2014,MSN,WI,AGL,CE,Combined TRACON& Tower with Radar,39,52,22,13,126,0,0,21,2,23,39,52,43,15,149,32,4,36,185
03/25/2014,MSN,WI,AGL,CE,Combined TRACON& Tower with Radar,42,52,24,16,134,0,0,23,4,27,42,52,47,20,161,8,0,8,169
03/26/2014,MSN,WI,AGL,CE,Combined TRACON& Tower with Radar,47,55,32,25,159,0,0,51,11,62,47,55,83,36,221,54,2,56,277
03/27/2014,MSN,WI,AGL,CE,Combined TRACON& Tower with Radar,45,61,34,0,140,0,0,0,0,0,45,61,34,0,140,0,0,0,140
03/28/2014,MSN,WI,AGL,CE,Combined TRACON& Tower with Radar,42,60,27,0,129,0,0,27,2,29,42,60,54,2,158,120,0,120,278
03/29/2014,MSN,WI,AGL,CE,Combined TRACON& Tower with Radar,31,35,36,3,105,0,5,94,1,100,31,40,130,4,205,20,2,22,227
03/30/2014,MSN,WI,AGL,CE,Combined TRACON& Tower with Radar,45,42,45,1,133,0,2,110,2,114,45,44,155,3,247,56,0,56,303
03/31/2014,MSN,WI,AGL,CE,Combined TRACON& Tower with Radar,43,54,27,1,125,0,3,13,2,18,43,57,40,3,143,14,0,14,157
04/01/2014,MSN,WI,AGL,CE,Combined TRACON& Tower with Radar,40,44,37,12,133,0,0,11,15,26,40,44,48,27,159,14,0,14,173
04/02/2014,MSN,WI,AGL,CE,Combined TRACON& Tower with Radar,46,48,41,17,152,0,0,55,12,67,46,48,96,29,219,52,6,58,277
04/03/2014,MSN,WI,AGL,CE,Combined TRACON& Tower with Radar,44,44,46,5,139,0,1,5,2,8,44,45,51,7,147,2,2,4,151
04/04/2014,MSN,WI,AGL,CE,Combined TRACON& Tower with Radar,53,43,30,2,128,0,0,4,0,4,53,43,34,2,132,0,0,0,132
04/05/2014,MSN,WI,AGL,CE,Combined TRACON& Tower with Radar,22,32,51,15,120,0,0,97,4,101,22,32,148,19,221,70,0,70,291
04/06/2014,MSN,WI,AGL,CE,Combined TRACON& Tower with Radar,45,38,44,3,130,0,4,72,2,78,45,42,116,5,208,66,0,66,274
04/07/2014,MSN,WI,AGL,CE,Combined TRACON& Tower with Radar,46,46,21,20,133,0,0,22,0,22,46,46,43,20,155,6,0,6,161
04/08/2014,MSN,WI,AGL,CE,Combined TRACON& Tower with Radar,46,47,51,19,163,0,1,49,8,58,46,48,100,27,221,48,0,48,269
04/09/2014,MSN,WI,AGL,CE,Combined TRACON& Tower with Radar,43,50,53,25,171,0,2,72,11,85,43,52,125,36,256,80,0,80,336
04/10/2014,MSN,WI,AGL,CE,Combined TRACON& Tower with Radar,45,44,47,20,156,0,1,41,9,51,45,45,88,29,207,46,2,48,255
04/11/2014,MSN,WI,AGL,CE,Combined TRACON& Tower with Radar,42,50,44,0,136,0,1,59,4,64,42,51,103,4,200,50,0,50,250
04/12/2014,MSN,WI,AGL,CE,Combined TRACON& Tower with Radar,21,34,11,1,67,0,0,15,0,15,21,34,26,1,82,76,0,76,158
04/13/2014,MSN,WI,AGL,CE,Combined TRACON& Tower with Radar,41,40,32,0,113,0,0,0,0,0,41,40,32,0,113,0,0,0,113
04/14/2014,MSN,WI,AGL,CE,Combined TRACON& Tower with Radar,45,41,26,5,117,0,0,2,4,6,45,41,28,9,123,2,0,2,125
04/15/2014,MSN,WI,AGL,CE,Combined TRACON& Tower with Radar,39,54,35,21,149,0,1,54,14,69,39,55,89,35,218,44,0,44,262
04/16/2014,MSN,WI,AGL,CE,Combined TRACON& Tower with Radar,43,55,40,17,155,0,3,13,19,35,43,58,53,36,190,20,2,22,212
04/17/2014,MSN,WI,AGL,CE,Combined TRACON& Tower with Radar,47,50,58,11,166,0,2,41,15,58,47,52,99,26,224,96,2,98,322
04/18/2014,MSN,WI,AGL,CE,Combined TRACON& Tower with Radar,38,44,47,1,130,0,4,90,7,101,38,48,137,8,231,54,0,54,285
04/19/2014,MSN,WI,AGL,CE,Combined TRACON& Tower with Radar,23,33,29,0,85,0,4,100,2,106,23,37,129,2,191,50,0,50,241
04/20/2014,MSN,WI,AGL,CE,Combined TRACON& Tower with Radar,38,35,24,0,97,0,0,25,0,25,38,35,49,0,122,40,0,40,162
04/21/2014,MSN,WI,AGL,CE,Combined TRACON& Tower with Radar,47,49,24,13,133,0,0,24,0,24,47,49,48,13,157,28,16,44,201
04/22/2014,MSN,WI,AGL,CE,Combined TRACON& Tower with Radar,42,47,48,20,157,0,3,66,17,86,42,50,114,37,243,42,4,46,289
04/23/2014,MSN,WI,AGL,CE,Combined TRACON& Tower with Radar,44,42,41,22,149,0,1,36,8,45,44,43,77,30,194,20,12,32,226
04/24/2014,MSN,WI,AGL,CE,Combined TRACON& Tower with Radar,45,43,46,1,135,0,0,14,0,14,45,43,60,1,149,6,0,6,155
04/25/2014,MSN,WI,AGL,CE,Combined TRACON& Tower with Radar,44,55,31,4,134,0,1,69,5,75,44,56,100,9,209,44,6,50,259
04/26/2014,MSN,WI,AGL,CE,Combined TRACON& Tower with Radar,23,32,35,0,90,0,2,91,0,93,23,34,126,0,183,52,0,52,235
04/27/2014,MSN,WI,AGL,CE,Combined TRACON& Tower with Radar,42,35,7,0,84,0,0,6,0,6,42,35,13,0,90,0,0,0,90
04/28/2014,MSN,WI,AGL,CE,Combined TRACON& Tower with Radar,47,38,25,2,112,0,0,0,0,0,47,38,25,2,112,0,0,0,112
04/29/2014,MSN,WI,AGL,CE,Combined TRACON& Tower with Radar,45,49,55,3,152,0,0,0,0,0,45,49,55,3,152,0,0,0,152
04/30/2014,MSN,WI,AGL,CE,Combined TRACON& Tower with Radar,43,48,63,24,178,0,0,10,4,14,43,48,73,28,192,14,0,14,206
05/01/2014,MSN,WI,AGL,CE,Combined TRACON& Tower with Radar,47,52,58,10,167,0,0,1,4,5,47,52,59,14,172,18,18,36,208
05/02/2014,MSN,WI,AGL,CE,Combined TRACON& Tower with Radar,49,50,46,20,165,0,0,23,6,29,49,50,69,26,194,12,0,12,206
05/03/2014,MSN,WI,AGL,CE,Combined TRACON& Tower with Radar,25,31,32,15,103,0,1,43,2,46,25,32,75,17,149,6,0,6,155
05/04/2014,MSN,WI,AGL,CE,Combined TRACON& Tower with Radar,45,43,33,5,126,0,1,74,2,77,45,44,107,7,203,58,0,58,261
05/05/2014,MSN,WI,AGL,CE,Combined TRACON& Tower with Radar,48,49,43,12,152,0,3,29,0,32,48,52,72,12,184,12,0,12,196
05/06/2014,MSN,WI,AGL,CE,Combined TRACON& Tower with Radar,45,56,41,19,161,0,0,51,6,57,45,56,92,25,218,42,8,50,268
05/07/2014,MSN,WI,AGL,CE,Combined TRACON& Tower with Radar,47,58,41,12,158,0,1,29,6,36,47,59,70,18,194,74,0,74,268
05/08/2014,MSN,WI,AGL,CE,Combined TRACON& Tower with Radar,52,61,61,8,182,0,1,36,8,45,52,62,97,16,227,48,0,48,275
05/09/2014,MSN,WI,AGL,CE,Combined TRACON& Tower with Radar,46,56,41,0,143,0,4,29,2,35,46,60,70,2,178,18,0,18,196
05/10/2014,MSN,WI,AGL,CE,Combined TRACON& Tower with Radar,21,35,40,0,96,0,1,105,3,109,21,36,145,3,205,88,0,88,293
05/11/2014,MSN,WI,AGL,CE,Combined TRACON& Tower with Radar,41,42,27,0,110,0,0,42,0,42,41,42,69,0,152,22,0,22,174
05/12/2014,MSN,WI,AGL,CE,Combined TRACON& Tower with Radar,47,39,28,1,115,0,0,1,0,1,47,39,29,1,116,26,0,26,142
05/13/2014,MSN,WI,AGL,CE,Combined TRACON& Tower with Radar,59,47,70,12,188,0,0,14,4,18,59,47,84,16,206,44,0,44,250
05/14/2014,MSN,WI,AGL,CE,Combined TRACON& Tower with Radar,47,47,47,24,165,0,3,53,14,70,47,50,100,38,235,46,8,54,289
05/15/2014,MSN,WI,AGL,CE,Combined TRACON& Tower with Radar,48,52,43,14,157,0,2,25,9,36,48,54,68,23,193,40,0,40,233
05/16/2014,MSN,WI,AGL,CE,Combined TRACON& Tower with Radar,47,53,54,0,154,0,1,45,2,48,47,54,99,2,202,72,0,72,274
05/17/2014,MSN,WI,AGL,CE,Combined TRACON& Tower with Radar,25,30,46,0,101,0,2,69,1,72,25,32,115,1,173,28,0,28,201
05/18/2014,MSN,WI,AGL,CE,Combined TRACON& Tower with Radar,41,48,42,1,132,0,2,88,1,91,41,50,130,2,223,102,0,102,325
05/19/2014,MSN,WI,AGL,CE,Combined TRACON& Tower with Radar,48,48,27,8,131,0,5,30,3,38,48,53,57,11,169,18,6,24,193
05/20/2014,MSN,WI,AGL,CE,Combined TRACON& Tower with Radar,46,54,43,13,156,0,3,47,9,59,46,57,90,22,215,62,6,68,283
05/21/2014,MSN,WI,AGL,CE,Combined TRACON& Tower with Radar,48,56,54,16,174,0,4,65,10,79,48,60,119,26,253,20,0,20,273
05/22/2014,MSN,WI,AGL,CE,Combined TRACON& Tower with Radar,46,47,62,17,172,0,1,82,8,91,46,48,144,25,263,106,0,106,369
05/23/2014,MSN,WI,AGL,CE,Combined TRACON& Tower with Radar,46,52,36,2,136,0,1,96,4,101,46,53,132,6,237,64,2,66,303
05/24/2014,MSN,WI,AGL,CE,Combined TRACON& Tower with Radar,22,32,25,0,79,0,0,64,3,67,22,32,89,3,146,84,0,84,230
05/25/2014,MSN,WI,AGL,CE,Combined TRACON& Tower with Radar,29,28,21,0,78,0,2,62,1,65,29,30,83,1,143,52,0,52,195
05/26/2014,MSN,WI,AGL,CE,Combined TRACON& Tower with Radar,39,42,20,0,101,0,0,14,0,14,39,42,34,0,115,24,0,24,139
05/27/2014,MSN,WI,AGL,CE,Combined TRACON& Tower with Radar,44,45,53,13,155,0,0,15,2,17,44,45,68,15,172,16,0,16,188
05/28/2014,MSN,WI,AGL,CE,Combined TRACON& Tower with Radar,46,54,59,12,171,0,3,50,7,60,46,57,109,19,231,52,0,52,283
05/29/2014,MSN,WI,AGL,CE,Combined TRACON& Tower with Radar,47,49,53,18,167,0,3,64,6,73,47,52,117,24,240,18,0,18,258
05/30/2014,MSN,WI,AGL,CE,Combined TRACON& Tower with Radar,50,46,44,6,146,0,1,86,2,89,50,47,130,8,235,44,0,44,279
05/31/2014,MSN,WI,AGL,CE,Combined TRACON& Tower with Radar,21,32,29,4,86,0,1,62,0,63,21,33,91,4,149,46,0,46,195
06/01/2014,MSN,WI,AGL,CE,Combined TRACON& Tower with Radar,41,39,23,0,103,0,0,25,0,25,41,39,48,0,128,42,0,42,170
06/02/2014,MSN,WI,AGL,CE,Combined TRACON& Tower with Radar,49,45,29,1,124,0,0,12,2,14,49,45,41,3,138,12,0,12,150
06/03/2014,MSN,WI,AGL,CE,Combined TRACON& Tower with Radar,43,52,50,7,152,0,1,42,8,51,43,53,92,15,203,44,8,52,255
06/04/2014,MSN,WI,AGL,CE,Combined TRACON& Tower with Radar,46,50,44,6,146,0,2,13,11,26,46,52,57,17,172,22,0,22,194
06/05/2014,MSN,WI,AGL,CE,Combined TRACON& Tower with Radar,49,53,49,28,179,0,1,92,10,103,49,54,141,38,282,106,2,108,390
06/06/2014,MSN,WI,AGL,CE,Combined TRACON& Tower with Radar,43,53,39,32,167,0,1,61,5,67,43,54,100,37,234,20,0,20,254
06/07/2014,MSN,WI,AGL,CE,Combined TRACON& Tower with Radar,31,33,24,7,95,0,2,66,3,71,31,35,90,10,166,58,0,58,224
06/08/2014,MSN,WI,AGL,CE,Combined TRACON& Tower with Radar,43,46,26,3,118,0,1,47,0,48,43,47,73,3,166,44,0,44,210
06/09/2014,MSN,WI,AGL,CE,Combined TRACON& Tower with Radar,47,51,31,8,137,0,2,54,2,58,47,53,85,10,195,46,0,46,241
06/10/2014,MSN,WI,AGL,CE,Combined TRACON& Tower with Radar,46,47,40,18,151,0,1,47,10,58,46,48,87,28,209,54,0,54,263
06/11/2014,MSN,WI,AGL,CE,Combined TRACON& Tower with Radar,49,57,44,11,161,0,0,13,6,19,49,57,57,17,180,4,0,4,184
06/12/2014,MSN,WI,AGL,CE,Combined TRACON& Tower with Radar,47,50,52,12,161,0,1,45,16,62,47,51,97,28,223,50,0,50,273
06/13/2014,MSN,WI,AGL,CE,Combined TRACON& Tower with Radar,39,50,36,2,127,0,1,86,2,89,39,51,122,4,216,50,0,50,266
06/14/2014,MSN,WI,AGL,CE,Combined TRACON& Tower with Radar,39,38,22,0,99,0,3,93,1,97,39,41,115,1,196,62,0,62,258
06/15/2014,MSN,WI,AGL,CE,Combined TRACON& Tower with Radar,43,41,20,0,104,0,0,9,0,9,43,41,29,0,113,46,0,46,159
06/16/2014,MSN,WI,AGL,CE,Combined TRACON& Tower with Radar,44,58,36,16,154,0,0,68,4,72,44,58,104,20,226,48,2,50,276
06/17/2014,MSN,WI,AGL,CE,Combined TRACON& Tower with Radar,51,44,47,14,156,0,1,31,9,41,51,45,78,23,197,26,0,26,223
06/18/2014,MSN,WI,AGL,CE,Combined TRACON& Tower with Radar,54,44,42,0,140,0,0,18,6,24,54,44,60,6,164,36,0,36,200
06/19/2014,MSN,WI,AGL,CE,Combined TRACON& Tower with Radar,43,48,65,3,159,0,0,1,0,1,43,48,66,3,160,0,0,0,160
06/20/2014,MSN,WI,AGL,CE,Combined TRACON& Tower with Radar,48,54,63,2,167,0,0,42,1,43,48,54,105,3,210,86,0,86,296
06/21/2014,MSN,WI,AGL,CE,Combined TRACON& Tower with Radar,36,36,29,0,101,0,0,14,0,14,36,36,43,0,115,0,0,0,115
06/22/2014,MSN,WI,AGL,CE,Combined TRACON& Tower with Radar,43,44,45,1,133,0,0,47,0,47,43,44,92,1,180,70,0,70,250
06/23/2014,MSN,WI,AGL,CE,Combined TRACON& Tower with Radar,47,44,56,9,156,0,1,16,2,19,47,45,72,11,175,82,0,82,257
06/24/2014,MSN,WI,AGL,CE,Combined TRACON& Tower with Radar,55,47,59,15,176,0,1,51,11,63,55,48,110,26,239,86,0,86,325
06/25/2014,MSN,WI,AGL,CE,Combined TRACON& Tower with Radar,45,50,53,9,157,0,0,9,8,17,45,50,62,17,174,22,4,26,200
06/26/2014,MSN,WI,AGL,CE,Combined TRACON& Tower with Radar,47,59,40,15,161,0,3,47,12,62,47,62,87,27,223,40,0,40,263
06/27/2014,MSN,WI,AGL,CE,Combined TRACON& Tower with Radar,45,57,55,2,159,0,1,47,0,48,45,58,102,2,207,70,0,70,277
06/28/2014,MSN,WI,AGL,CE,Combined TRACON& Tower with Radar,39,35,49,0,123,0,0,35,0,35,39,35,84,0,158,46,0,46,204
06/29/2014,MSN,WI,AGL,CE,Combined TRACON& Tower with Radar,30,52,47,0,129,0,0,36,0,36,30,52,83,0,165,86,0,86,251
06/30/2014,MSN,WI,AGL,CE,Combined TRACON& Tower with Radar,38,40,55,11,144,0,1,38,5,44,38,41,93,16,188,34,4,38,226
07/01/2014,MSN,WI,AGL,CE,Combined TRACON& Tower with Radar,36,45,48,14,143,0,3,28,10,41,36,48,76,24,184,2,0,2,186
07/02/2014,MSN,WI,AGL,CE,Combined TRACON& Tower with Radar,48,54,67,2,171,0,0,26,4,30,48,54,93,6,201,4,0,4,205
07/03/2014,MSN,WI,AGL,CE,Combined TRACON& Tower with Radar,45,45,43,2,135,0,2,83,0,85,45,47,126,2,220,28,0,28,248
07/04/2014,MSN,WI,AGL,CE,Combined TRACON& Tower with Radar,22,22,32,0,76,0,0,48,0,48,22,22,80,0,124,20,0,20,144
07/05/2014,MSN,WI,AGL,CE,Combined TRACON& Tower with Radar,27,29,15,0,71,0,0,54,0,54,27,29,69,0,125,22,0,22,147
07/06/2014,MSN,WI,AGL,CE,Combined TRACON& Tower with Radar,45,39,38,0,122,0,1,7,0,8,45,40,45,0,130,24,0,24,154
07/07/2014,MSN,WI,AGL,CE,Combined TRACON& Tower with Radar,52,47,28,4,131,0,1,52,4,57,52,48,80,8,188,22,0,22,210
07/08/2014,MSN,WI,AGL,CE,Combined TRACON& Tower with Radar,44,47,52,8,151,0,0,34,13,47,44,47,86,21,198,14,0,14,212
07/09/2014,MSN,WI,AGL,CE,Combined TRACON& Tower with Radar,47,52,48,0,147,0,1,74,20,95,47,53,122,20,242,74,0,74,316
07/10/2014,MSN,WI,AGL,CE,Combined TRACON& Tower with Radar,48,55,43,9,155,0,1,64,23,88,48,56,107,32,243,18,4,22,265
07/11/2014,MSN,WI,AGL,CE,Combined TRACON& Tower with Radar,44,50,53,2,149,0,4,48,3,55,44,54,101,5,204,26,0,26,230
07/12/2014,MSN,WI,AGL,CE,Combined TRACON& Tower with Radar,30,23,31,0,84,0,0,16,0,16,30,23,47,0,100,28,0,28,128
07/13/2014,MSN,WI,AGL,CE,Combined TRACON& Tower with Radar,42,39,47,2,130,0,0,67,0,67,42,39,114,2,197,46,0,46,243
07/14/2014,MSN,WI,AGL,CE,Combined TRACON& Tower with Radar,48,43,42,3,136,0,0,29,8,37,48,43,71,11,173,2,0,2,175
07/15/2014,MSN,WI,AGL,CE,Combined TRACON& Tower with Radar,46,47,56,11,160,0,1,29,7,37,46,48,85,18,197,28,0,28,225
07/16/2014,MSN,WI,AGL,CE,Combined TRACON& Tower with Radar,48,54,42,3,147,0,1,90,13,104,48,55,132,16,251,48,2,50,301
07/17/2014,MSN,WI,AGL,CE,Combined TRACON& Tower with Radar,50,43,52,3,148,0,3,65,10,78,50,46,117,13,226,52,0,52,278
07/18/2014,MSN,WI,AGL,CE,Combined TRACON& Tower with Radar,45,58,48,3,154,0,0,77,3,80,45,58,125,6,234,48,0,48,282
07/19/2014,MSN,WI,AGL,CE,Combined TRACON& Tower with Radar,32,34,37,0,103,0,3,58,4,65,32,37,95,4,168,50,0,50,218
07/20/2014,MSN,WI,AGL,CE,Combined TRACON& Tower with Radar,41,49,38,2,130,0,0,66,0,66,41,49,104,2,196,26,0,26,222
07/21/2014,MSN,WI,AGL,CE,Combined TRACON& Tower with Radar,46,46,45,9,146,0,0,57,3,60,46,46,102,12,206,34,0,34,240
07/22/2014,MSN,WI,AGL,CE,Combined TRACON& Tower with Radar,53,47,41,4,145,0,0,29,0,29,53,47,70,4,174,36,0,36,210
07/23/2014,MSN,WI,AGL,CE,Combined TRACON& Tower with Radar,46,59,55,8,168,0,2,84,7,93,46,61,139,15,261,68,0,68,329
07/24/2014,MSN,WI,AGL,CE,Combined TRACON& Tower with Radar,48,52,52,8,160,0,0,129,17,146,48,52,181,25,306,66,6,72,378
07/25/2014,MSN,WI,AGL,CE,Combined TRACON& Tower with Radar,45,46,68,2,161,0,1,99,4,104,45,47,167,6,265,48,6,54,319
07/26/2014,MSN,WI,AGL,CE,Combined TRACON& Tower with Radar,34,30,32,3,99,0,31,171,20,222,34,61,203,23,321,38,0,38,359
07/27/2014,MSN,WI,AGL,CE,Combined TRACON& Tower with Radar,39,40,49,0,128,0,1,147,14,162,39,41,196,14,290,18,0,18,308
07/28/2014,MSN,WI,AGL,CE,Combined TRACON& Tower with Radar,45,47,50,2,144,0,2,64,6,72,45,49,114,8,216,14,0,14,230
07/29/2014,MSN,WI,AGL,CE,Combined TRACON& Tower with Radar,46,49,63,5,163,0,1,46,4,51,46,50,109,9,214,32,0,32,246
07/30/2014,MSN,WI,AGL,CE,Combined TRACON& Tower with Radar,49,57,71,5,182,0,4,105,6,115,49,61,176,11,297,36,0,36,333
07/31/2014,MSN,WI,AGL,CE,Combined TRACON& Tower with Radar,49,56,49,4,158,0,1,71,6,78,49,57,120,10,236,42,0,42,278
08/01/2014,MSN,WI,AGL,CE,Combined TRACON& Tower with Radar,45,44,46,4,139,0,3,42,3,48,45,47,88,7,187,24,2,26,213
08/02/2014,MSN,WI,AGL,CE,Combined TRACON& Tower with Radar,28,32,33,0,93,0,2,67,0,69,28,34,100,0,162,30,0,30,192
08/03/2014,MSN,WI,AGL,CE,Combined TRACON& Tower with Radar,39,47,45,0,131,0,2,71,1,74,39,49,116,1,205,38,0,38,243
08/04/2014,MSN,WI,AGL,CE,Combined TRACON& Tower with Radar,44,52,43,1,140,0,2,20,0,22,44,54,63,1,162,2,0,2,164
08/05/2014,MSN,WI,AGL,CE,Combined TRACON& Tower with Radar,48,55,47,7,157,0,0,25,1,26,48,55,72,8,183,24,0,24,207
08/06/2014,MSN,WI,AGL,CE,Combined TRACON& Tower with Radar,46,67,48,0,161,0,1,72,4,77,46,68,120,4,238,50,0,50,288
08/07/2014,MSN,WI,AGL,CE,Combined TRACON& Tower with Radar,47,57,43,2,149,0,2,58,5,65,47,59,101,7,214,40,0,40,254
08/08/2014,MSN,WI,AGL,CE,Combined TRACON& Tower with Radar,42,51,38,1,132,0,1,74,5,80,42,52,112,6,212,42,0,42,254
08/09/2014,MSN,WI,AGL,CE,Combined TRACON& Tower with Radar,31,31,23,4,89,0,0,85,3,88,31,31,108,7,177,6,6,12,189
08/10/2014,MSN,WI,AGL,CE,Combined TRACON& Tower with Radar,39,49,34,0,122,0,0,58,0,58,39,49,92,0,180,32,0,32,212
08/11/2014,MSN,WI,AGL,CE,Combined TRACON& Tower with Radar,45,53,36,1,135,0,2,21,2,25,45,55,57,3,160,50,0,50,210
08/12/2014,MSN,WI,AGL,CE,Combined TRACON& Tower with Radar,46,47,56,6,155,0,0,38,4,42,46,47,94,10,197,52,0,52,249
08/13/2014,MSN,WI,AGL,CE,Combined TRACON& Tower with Radar,44,50,60,5,159,0,5,49,6,60,44,55,109,11,219,4,2,6,225
08/14/2014,MSN,WI,AGL,CE,Combined TRACON& Tower with Radar,48,58,66,4,176,0,2,76,5,83,48,60,142,9,259,60,0,60,319
08/15/2014,MSN,WI,AGL,CE,Combined TRACON& Tower with Radar,46,56,39,1,142,0,4,60,0,64,46,60,99,1,206,50,0,50,256
08/16/2014,MSN,WI,AGL,CE,Combined TRACON& Tower with Radar,30,37,51,3,121,0,0,46,0,46,30,37,97,3,167,42,0,42,209
08/17/2014,MSN,WI,AGL,CE,Combined TRACON& Tower with Radar,41,41,26,0,108,0,0,38,0,38,41,41,64,0,146,72,0,72,218
08/18/2014,MSN,WI,AGL,CE,Combined TRACON& Tower with Radar,43,48,42,0,133,0,0,35,4,39,43,48,77,4,172,28,0,28,200
08/19/2014,MSN,WI,AGL,CE,Combined TRACON& Tower with Radar,47,45,47,15,154,0,1,32,12,45,47,46,79,27,199,12,2,14,213
08/20/2014,MSN,WI,AGL,CE,Combined TRACON& Tower with Radar,46,59,48,5,158,0,4,69,10,83,46,63,117,15,241,84,0,84,325
08/21/2014,MSN,WI,AGL,CE,Combined TRACON& Tower with Radar,45,56,57,5,163,0,1,2,3,6,45,57,59,8,169,0,0,0,169
08/22/2014,MSN,WI,AGL,CE,Combined TRACON& Tower with Radar,46,56,66,4,172,0,0,31,0,31,46,56,97,4,203,42,0,42,245
08/23/2014,MSN,WI,AGL,CE,Combined TRACON& Tower with Radar,30,38,43,3,114,0,0,2,0,2,30,38,45,3,116,0,0,0,116
08/24/2014,MSN,WI,AGL,CE,Combined TRACON& Tower with Radar,41,50,59,3,153,0,0,15,0,15,41,50,74,3,168,34,0,34,202
08/25/2014,MSN,WI,AGL,CE,Combined TRACON& Tower with Radar,47,44,21,3,115,0,0,18,0,18,47,44,39,3,133,14,0,14,147
08/26/2014,MSN,WI,AGL,CE,Combined TRACON& Tower with Radar,47,43,63,13,166,0,0,69,12,81,47,43,132,25,247,106,0,106,353
08/27/2014,MSN,WI,AGL,CE,Combined TRACON& Tower with Radar,45,65,55,26,191,0,2,82,8,92,45,67,137,34,283,84,0,84,367
08/28/2014,MSN,WI,AGL,CE,Combined TRACON& Tower with Radar,48,67,39,16,170,0,3,34,7,44,48,70,73,23,214,44,0,44,258
08/29/2014,MSN,WI,AGL,CE,Combined TRACON& Tower with Radar,45,58,45,11,159,0,0,17,1,18,45,58,62,12,177,12,0,12,189
08/30/2014,MSN,WI,AGL,CE,Combined TRACON& Tower with Radar,29,29,32,2,92,0,1,9,0,10,29,30,41,2,102,44,0,44,146
08/31/2014,MSN,WI,AGL,CE,Combined TRACON& Tower with Radar,26,31,21,0,78,0,3,44,3,50,26,34,65,3,128,42,0,42,170
09/01/2014,MSN,WI,AGL,CE,Combined TRACON& Tower with Radar,43,43,16,0,102,0,0,19,0,19,43,43,35,0,121,52,0,52,173
09/02/2014,MSN,WI,AGL,CE,Combined TRACON& Tower with Radar,42,55,40,1,138,0,0,59,1,60,42,55,99,2,198,54,0,54,252
09/03/2014,MSN,WI,AGL,CE,Combined TRACON& Tower with Radar,41,49,60,11,161,0,2,82,9,93,41,51,142,20,254,42,0,42,296
09/04/2014,MSN,WI,AGL,CE,Combined TRACON& Tower with Radar,36,47,45,17,145,0,2,32,8,42,36,49,77,25,187,14,0,14,201
09/05/2014,MSN,WI,AGL,CE,Combined TRACON& Tower with Radar,42,44,53,20,159,0,0,38,2,40,42,44,91,22,199,0,0,0,199
09/06/2014,MSN,WI,AGL,CE,Combined TRACON& Tower with Radar,25,29,32,13,99,0,2,88,3,93,25,31,120,16,192,20,0,20,212
09/07/2014,MSN,WI,AGL,CE,Combined TRACON& Tower with Radar,39,52,46,2,139,0,3,81,3,87,39,55,127,5,226,26,0,26,252
09/08/2014,MSN,WI,AGL,CE,Combined TRACON& Tower with Radar,42,61,27,13,143,0,0,34,2,36,42,61,61,15,179,20,0,20,199
09/09/2014,MSN,WI,AGL,CE,Combined TRACON& Tower with Radar,47,53,60,14,174,0,6,33,6,45,47,59,93,20,219,44,2,46,265
09/10/2014,MSN,WI,AGL,CE,Combined TRACON& Tower with Radar,47,47,36,8,138,0,0,1,2,3,47,47,37,10,141,0,0,0,141
09/11/2014,MSN,WI,AGL,CE,Combined TRACON& Tower with Radar,41,63,58,13,175,0,2,40,6,48,41,65,98,19,223,38,0,38,261
09/12/2014,MSN,WI,AGL,CE,Combined TRACON& Tower with Radar,41,59,44,0,144,0,0,16,0,16,41,59,60,0,160,14,0,14,174
09/13/2014,MSN,WI,AGL,CE,Combined TRACON& Tower with Radar,30,28,43,17,118,0,2,49,3,54,30,30,92,20,172,74,0,74,246
09/14/2014,MSN,WI,AGL,CE,Combined TRACON& Tower with Radar,67,32,51,4,154,0,0,86,3,89,67,32,137,7,243,68,0,68,311
09/15/2014,MSN,WI,AGL,CE,Combined TRACON& Tower with Radar,45,59,45,2,151,0,0,14,0,14,45,59,59,2,165,8,0,8,173
09/16/2014,MSN,WI,AGL,CE,Combined TRACON& Tower with Radar,48,60,50,16,174,0,2,72,4,78,48,62,122,20,252,76,0,76,328
09/17/2014,MSN,WI,AGL,CE,Combined TRACON& Tower with Radar,48,53,42,16,159,0,4,62,11,77,48,57,104,27,236,54,2,56,292
09/18/2014,MSN,WI,AGL,CE,Combined TRACON& Tower with Radar,70,37,65,19,191,0,2,22,10,34,70,39,87,29,225,10,0,10,235
09/19/2014,MSN,WI,AGL,CE,Combined TRACON& Tower with Radar,44,62,31,3,140,0,3,54,1,58,44,65,85,4,198,16,0,16,214
09/20/2014,MSN,WI,AGL,CE,Combined TRACON& Tower with Radar,29,36,29,1,95,0,0,26,0,26,29,36,55,1,121,26,0,26,147
09/21/2014,MSN,WI,AGL,CE,Combined TRACON& Tower with Radar,43,53,44,0,140,0,2,37,0,39,43,55,81,0,179,18,0,18,197
09/22/2014,MSN,WI,AGL,CE,Combined TRACON& Tower with Radar,45,53,52,12,162,0,2,46,0,48,45,55,98,12,210,6,0,6,216
09/23/2014,MSN,WI,AGL,CE,Combined TRACON& Tower with Radar,47,58,41,12,158,0,7,50,11,68,47,65,91,23,226,32,0,32,258
09/24/2014,MSN,WI,AGL,CE,Combined TRACON& Tower with Radar,47,59,52,19,177,0,5,64,11,80,47,64,116,30,257,32,2,34,291
09/25/2014,MSN,WI,AGL,CE,Combined TRACON& Tower with Radar,44,60,61,19,184,0,6,72,11,89,44,66,133,30,273,52,0,52,325
09/26/2014,MSN,WI,AGL,CE,Combined TRACON& Tower with Radar,8,34,17,0,59,0,9,104,9,122,8,43,121,9,181,30,0,30,211
09/27/2014,MSN,WI,AGL,CE,Combined TRACON& Tower with Radar,20,28,21,0,69,0,2,138,0,140,20,30,159,0,209,94,0,94,303
09/28/2014,MSN,WI,AGL,CE,Combined TRACON& Tower with Radar,40,50,18,0,108,0,6,108,10,124,40,56,126,10,232,54,0,54,286
09/29/2014,MSN,WI,AGL,CE,Combined TRACON& Tower with Radar,42,54,44,1,141,0,5,41,3,49,42,59,85,4,190,40,2,42,232
09/30/2014,MSN,WI,AGL,CE,Combined TRACON& Tower with Radar,42,53,73,5,173,0,1,17,11,29,42,54,90,16,202,10,0,10,212
10/01/2014,MSN,WI,AGL,CE,Combined TRACON& Tower with Radar,47,57,52,10,166,0,0,43,10,53,47,57,95,20,219,14,4,18,237
10/02/2014,MSN,WI,AGL,CE,Combined TRACON& Tower with Radar,45,48,63,16,172,0,0,6,0,6,45,48,69,16,178,0,0,0,178
10/03/2014,MSN,WI,AGL,CE,Combined TRACON& Tower with Radar,47,52,52,18,169,1,0,8,2,11,48,52,60,20,180,0,0,0,180
10/04/2014,MSN,WI,AGL,CE,Combined TRACON& Tower with Radar,29,28,15,1,73,0,2,19,0,21,29,30,34,1,94,32,0,32,126
10/05/2014,MSN,WI,AGL,CE,Combined TRACON& Tower with Radar,48,38,38,0,124,0,2,89,0,91,48,40,127,0,215,30,0,30,245
10/06/2014,MSN,WI,AGL,CE,Combined TRACON& Tower with Radar,49,51,28,16,144,0,0,54,3,57,49,51,82,19,201,18,0,18,219
10/07/2014,MSN,WI,AGL,CE,Combined TRACON& Tower with Radar,46,49,49,17,161,0,2,54,12,68,46,51,103,29,229,72,0,72,301
10/08/2014,MSN,WI,AGL,CE,Combined TRACON& Tower with Radar,44,57,37,17,155,0,4,40,12,56,44,61,77,29,211,6,0,6,217
10/09/2014,MSN,WI,AGL,CE,Combined TRACON& Tower with Radar,47,53,53,12,165,0,3,87,13,103,47,56,140,25,268,40,2,42,310
10/10/2014,MSN,WI,AGL,CE,Combined TRACON& Tower with Radar,47,55,47,3,152,0,4,91,7,102,47,59,138,10,254,58,0,58,312
10/11/2014,MSN,WI,AGL,CE,Combined TRACON& Tower with Radar,30,29,26,2,87,0,0,116,0,116,30,29,142,2,203,56,0,56,259
10/12/2014,MSN,WI,AGL,CE,Combined TRACON& Tower with Radar,47,45,35,0,127,0,0,101,0,101,47,45,136,0,228,42,0,42,270
10/13/2014,MSN,WI,AGL,CE,Combined TRACON& Tower with Radar,50,47,41,0,138,0,0,1,0,1,50,47,42,0,139,30,0,30,169
10/14/2014,MSN,WI,AGL,CE,Combined TRACON& Tower with Radar,50,56,52,2,160,0,0,0,0,0,50,56,52,2,160,0,0,0,160
10/15/2014,MSN,WI,AGL,CE,Combined TRACON& Tower with Radar,56,58,72,25,211,0,0,1,0,1,56,58,73,25,212,0,0,0,212
10/16/2014,MSN,WI,AGL,CE,Combined TRACON& Tower with Radar,56,56,58,17,187,0,0,34,4,38,56,56,92,21,225,118,4,122,347
10/17/2014,MSN,WI,AGL,CE,Combined TRACON& Tower with Radar,51,57,36,0,144,0,0,24,3,27,51,57,60,3,171,110,0,110,281
10/18/2014,MSN,WI,AGL,CE,Combined TRACON& Tower with Radar,39,36,16,12,103,0,6,30,3,39,39,42,46,15,142,32,0,32,174
10/19/2014,MSN,WI,AGL,CE,Combined TRACON& Tower with Radar,54,38,45,7,144,0,0,70,3,73,54,38,115,10,217,74,0,74,291
10/20/2014,MSN,WI,AGL,CE,Combined TRACON& Tower with Radar,53,54,25,13,145,0,0,40,2,42,53,54,65,15,187,28,0,28,215
10/21/2014,MSN,WI,AGL,CE,Combined TRACON& Tower with Radar,53,48,52,18,171,0,1,51,6,58,53,49,103,24,229,112,0,112,341
10/22/2014,MSN,WI,AGL,CE,Combined TRACON& Tower with Radar,55,58,52,18,183,0,2,78,15,95,55,60,130,33,278,98,0,98,376
10/23/2014,MSN,WI,AGL,CE,Combined TRACON& Tower with Radar,51,67,48,16,182,0,1,19,5,25,51,68,67,21,207,16,24,40,247
10/24/2014,MSN,WI,AGL,CE,Combined TRACON& Tower with Radar,53,57,39,6,155,0,1,25,0,26,53,58,64,6,181,6,0,6,187
10/25/2014,MSN,WI,AGL,CE,Combined TRACON& Tower with Radar,34,37,32,2,105,0,5,64,1,70,34,42,96,3,175,28,0,28,203
10/26/2014,MSN,WI,AGL,CE,Combined TRACON& Tower with Radar,47,53,50,5,155,0,1,134,0,135,47,54,184,5,290,108,0,108,398
10/27/2014,MSN,WI,AGL,CE,Combined TRACON& Tower with Radar,51,49,30,1,131,0,0,41,2,43,51,49,71,3,174,38,0,38,212
10/28/2014,MSN,WI,AGL,CE,Combined TRACON& Tower with Radar,47,43,50,13,153,0,2,19,11,32,47,45,69,24,185,10,0,10,195
10/29/2014,MSN,WI,AGL,CE,Combined TRACON& Tower with Radar,44,58,69,18,189,0,0,51,12,63,44,58,120,30,252,62,6,68,320
10/30/2014,MSN,WI,AGL,CE,Combined TRACON& Tower with Radar,46,50,50,15,161,0,4,41,9,54,46,54,91,24,215,42,0,42,257
10/31/2014,MSN,WI,AGL,CE,Combined TRACON& Tower with Radar,39,45,27,14,125,0,0,7,3,10,39,45,34,17,135,10,0,10,145
11/01/2014,MSN,WI,AGL,CE,Combined TRACON& Tower with Radar,23,33,28,16,100,0,0,99,11,110,23,33,127,27,210,76,0,76,286
11/02/2014,MSN,WI,AGL,CE,Combined TRACON& Tower with Radar,41,41,34,1,117,0,0,82,2,84,41,41,116,3,201,86,0,86,287
11/03/2014,MSN,WI,AGL,CE,Combined TRACON& Tower with Radar,50,43,47,1,141,0,0,26,1,27,50,43,73,2,168,42,0,42,210
11/04/2014,MSN,WI,AGL,CE,Combined TRACON& Tower with Radar,42,42,42,21,147,0,0,29,10,39,42,42,71,31,186,28,0,28,214
11/05/2014,MSN,WI,AGL,CE,Combined TRACON& Tower with Radar,53,46,31,7,137,0,1,50,11,62,53,47,81,18,199,110,0,110,309
11/06/2014,MSN,WI,AGL,CE,Combined TRACON& Tower with Radar,45,56,34,14,149,0,1,4,7,12,45,57,38,21,161,0,0,0,161
11/07/2014,MSN,WI,AGL,CE,Combined TRACON& Tower with Radar,47,53,55,14,169,0,1,80,2,83,47,54,135,16,252,44,2,46,298
11/08/2014,MSN,WI,AGL,CE,Combined TRACON& Tower with Radar,24,30,23,0,77,0,0,23,0,23,24,30,46,0,100,40,0,40,140
11/09/2014,MSN,WI,AGL,CE,Combined TRACON& Tower with Radar,42,47,26,0,115,0,0,49,2,51,42,47,75,2,166,60,0,60,226
11/10/2014,MSN,WI,AGL,CE,Combined TRACON& Tower with Radar,42,53,28,1,124,0,0,15,1,16,42,53,43,2,140,22,0,22,162
11/11/2014,MSN,WI,AGL,CE,Combined TRACON& Tower with Radar,46,54,33,0,133,0,0,4,0,4,46,54,37,0,137,0,0,0,137
11/12/2014,MSN,WI,AGL,CE,Combined TRACON& Tower with Radar,44,52,71,13,180,0,3,27,5,35,44,55,98,18,215,4,0,4,219
11/13/2014,MSN,WI,AGL,CE,Combined TRACON& Tower with Radar,48,71,64,13,196,0,0,13,10,23,48,71,77,23,219,30,2,32,251
11/14/2014,MSN,WI,AGL,CE,Combined TRACON& Tower with Radar,48,59,55,12,174,0,0,51,6,57,48,59,106,18,231,48,0,48,279
11/15/2014,MSN,WI,AGL,CE,Combined TRACON& Tower with Radar,26,40,54,0,120,0,1,50,2,53,26,41,104,2,173,26,0,26,199
11/16/2014,MSN,WI,AGL,CE,Combined TRACON& Tower with Radar,40,46,40,1,127,0,0,1,0,1,40,46,41,1,128,0,0,0,128
11/17/2014,MSN,WI,AGL,CE,Combined TRACON& Tower with Radar,43,48,29,13,133,0,0,7,0,7,43,48,36,13,140,14,0,14,154
11/18/2014,MSN,WI,AGL,CE,Combined TRACON& Tower with Radar,44,55,54,13,166,0,1,15,6,22,44,56,69,19,188,12,0,12,200
11/19/2014,MSN,WI,AGL,CE,Combined TRACON& Tower with Radar,47,56,56,17,176,0,0,5,8,13,47,56,61,25,189,4,2,6,195
11/20/2014,MSN,WI,AGL,CE,Combined TRACON& Tower with Radar,49,63,48,11,171,0,3,46,11,60,49,66,94,22,231,56,0,56,287
11/21/2014,MSN,WI,AGL,CE,Combined TRACON& Tower with Radar,45,49,37,2,133,0,2,93,3,98,45,51,130,5,231,68,0,68,299
11/22/2014,MSN,WI,AGL,CE,Combined TRACON& Tower with Radar,24,37,29,0,90,0,0,0,0,0,24,37,29,0,90,0,0,0,90
11/23/2014,MSN,WI,AGL,CE,Combined TRACON& Tower with Radar,30,45,20,0,95,0,0,0,0,0,30,45,20,0,95,0,0,0,95
11/24/2014,MSN,WI,AGL,CE,Combined TRACON& Tower with Radar,29,30,18,2,79,0,0,0,0,0,29,30,18,2,79,42,0,42,121
11/25/2014,MSN,WI,AGL,CE,Combined TRACON& Tower with Radar,48,61,41,17,167,0,1,12,3,16,48,62,53,20,183,42,0,42,225
11/26/2014,MSN,WI,AGL,CE,Combined TRACON& Tower with Radar,41,63,25,7,136,0,0,2,0,2,41,63,27,7,138,6,0,6,144
11/27/2014,MSN,WI,AGL,CE,Combined TRACON& Tower with Radar,19,28,3,0,50,0,1,3,0,4,19,29,6,0,54,0,0,0,54
11/28/2014,MSN,WI,AGL,CE,Combined TRACON& Tower with Radar,26,37,11,0,74,0,1,15,2,18,26,38,26,2,92,18,0,18,110
11/29/2014,MSN,WI,AGL,CE,Combined TRACON& Tower with Radar,48,52,48,0,148,0,0,57,0,57,48,52,105,0,205,74,0,74,279
11/30/2014,MSN,WI,AGL,CE,Combined TRACON& Tower with Radar,39,59,26,0,124,0,0,11,1,12,39,59,37,1,136,46,0,46,182
12/01/2014,MSN,WI,AGL,CE,Combined TRACON& Tower with Radar,48,54,56,12,170,0,2,32,0,34,48,56,88,12,204,10,0,10,214
12/02/2014,MSN,WI,AGL,CE,Combined TRACON& Tower with Radar,49,53,41,13,156,0,0,35,1,36,49,53,76,14,192,42,0,42,234
12/03/2014,MSN,WI,AGL,CE,Combined TRACON& Tower with Radar,49,64,77,17,207,0,2,54,4,60,49,66,131,21,267,46,0,46,313
12/04/2014,MSN,WI,AGL,CE,Combined TRACON& Tower with Radar,52,65,55,15,187,0,2,45,10,57,52,67,100,25,244,14,24,38,282
12/05/2014,MSN,WI,AGL,CE,Combined TRACON& Tower with Radar,45,58,46,6,155,0,0,1,0,1,45,58,47,6,156,0,0,0,156
12/06/2014,MSN,WI,AGL,CE,Combined TRACON& Tower with Radar,27,31,52,10,120,0,2,85,4,91,27,33,137,14,211,62,0,62,273
12/07/2014,MSN,WI,AGL,CE,Combined TRACON& Tower with Radar,41,39,21,2,103,0,1,58,1,60,41,40,79,3,163,62,0,62,225
12/08/2014,MSN,WI,AGL,CE,Combined TRACON& Tower with Radar,43,58,32,0,133,0,0,0,0,0,43,58,32,0,133,0,0,0,133
12/09/2014,MSN,WI,AGL,CE,Combined TRACON& Tower with Radar,47,59,42,20,168,0,0,3,13,16,47,59,45,33,184,0,0,0,184
12/10/2014,MSN,WI,AGL,CE,Combined TRACON& Tower with Radar,45,62,37,19,163,0,0,7,0,7,45,62,44,19,170,0,0,0,170
12/11/2014,MSN,WI,AGL,CE,Combined TRACON& Tower with Radar,50,48,60,16,174,0,0,10,4,14,50,48,70,20,188,18,0,18,206
12/12/2014,MSN,WI,AGL,CE,Combined TRACON& Tower with Radar,42,57,32,2,133,0,0,0,0,0,42,57,32,2,133,0,0,0,133
12/13/2014,MSN,WI,AGL,CE,Combined TRACON& Tower with Radar,28,29,18,0,75,0,0,0,0,0,28,29,18,0,75,0,0,0,75
12/14/2014,MSN,WI,AGL,CE,Combined TRACON& Tower with Radar,36,35,9,0,80,0,0,0,0,0,36,35,9,0,80,0,0,0,80
12/15/2014,MSN,WI,AGL,CE,Combined TRACON& Tower with Radar,46,47,47,1,141,0,0,0,0,0,46,47,47,1,141,0,0,0,141
12/16/2014,MSN,WI,AGL,CE,Combined TRACON& Tower with Radar,51,57,50,11,169,0,0,1,10,11,51,57,51,21,180,14,0,14,194
12/17/2014,MSN,WI,AGL,CE,Combined TRACON& Tower with Radar,49,50,57,22,178,0,0,17,28,45,49,50,74,50,223,38,0,38,261
12/18/2014,MSN,WI,AGL,CE,Combined TRACON& Tower with Radar,54,52,46,4,156,0,0,14,7,21,54,52,60,11,177,38,0,38,215
12/19/2014,MSN,WI,AGL,CE,Combined TRACON& Tower with Radar,53,52,47,0,152,0,1,19,0,20,53,53,66,0,172,44,0,44,216
12/20/2014,MSN,WI,AGL,CE,Combined TRACON& Tower with Radar,31,48,16,0,95,0,0,8,0,8,31,48,24,0,103,8,0,8,111
12/21/2014,MSN,WI,AGL,CE,Combined TRACON& Tower with Radar,38,42,7,0,87,0,0,1,0,1,38,42,8,0,88,0,0,0,88
12/22/2014,MSN,WI,AGL,CE,Combined TRACON& Tower with Radar,31,50,22,20,123,0,0,2,2,4,31,50,24,22,127,8,6,14,141
12/23/2014,MSN,WI,AGL,CE,Combined TRACON& Tower with Radar,38,49,24,15,126,0,0,1,0,1,38,49,25,15,127,8,2,10,137
12/24/2014,MSN,WI,AGL,CE,Combined TRACON& Tower with Radar,25,34,6,0,65,0,0,0,0,0,25,34,6,0,65,0,0,0,65
12/25/2014,MSN,WI,AGL,CE,Combined TRACON& Tower with Radar,16,27,8,0,51,0,0,4,0,4,16,27,12,0,55,12,0,12,67
12/26/2014,MSN,WI,AGL,CE,Combined TRACON& Tower with Radar,35,41,29,0,105,0,2,83,1,86,35,43,112,1,191,62,0,62,253
12/27/2014,MSN,WI,AGL,CE,Combined TRACON& Tower with Radar,30,57,11,0,98,0,0,2,0,2,30,57,13,0,100,8,0,8,108
12/28/2014,MSN,WI,AGL,CE,Combined TRACON& Tower with Radar,35,39,36,0,110,0,0,104,0,104,35,39,140,0,214,58,0,58,272
12/29/2014,MSN,WI,AGL,CE,Combined TRACON& Tower with Radar,24,44,15,15,98,0,0,40,5,45,24,44,55,20,143,24,0,24,167
12/30/2014,MSN,WI,AGL,CE,Combined TRACON& Tower with Radar,32,46,24,15,117,0,1,37,4,42,32,47,61,19,159,20,14,34,193
12/31/2014,MSN,WI,AGL,CE,Combined TRACON& Tower with Radar,24,41,36,0,101,0,1,31,2,34,24,42,67,2,135,8,2,10,145
01/01/2015,MSN,WI,AGL,CE,Combined TRACON& Tower with Radar,17,34,16,0,67,0,0,23,0,23,17,34,39,0,90,18,0,18,108
01/02/2015,MSN,WI,AGL,CE,Combined TRACON& Tower with Radar,37,50,32,11,130,0,1,103,4,108,37,51,135,15,238,60,6,66,304
01/03/2015,MSN,WI,AGL,CE,Combined TRACON& Tower with Radar,30,44,7,0,81,0,0,0,0,0,30,44,7,0,81,0,0,0,81
01/04/2015,MSN,WI,AGL,CE,Combined TRACON& Tower with Radar,30,48,16,0,94,0,0,3,0,3,30,48,19,0,97,0,0,0,97
01/05/2015,MSN,WI,AGL,CE,Combined TRACON& Tower with Radar,38,49,20,3,110,0,0,9,1,10,38,49,29,4,120,0,0,0,120
01/06/2015,MSN,WI,AGL,CE,Combined TRACON& Tower with Radar,38,53,21,16,128,0,1,17,11,29,38,54,38,27,157,0,0,0,157
01/07/2015,MSN,WI,AGL,CE,Combined TRACON& Tower with Radar,41,48,51,3,143,0,0,7,3,10,41,48,58,6,153,0,0,0,153
01/08/2015,MSN,WI,AGL,CE,Combined TRACON& Tower with Radar,41,46,25,4,116,0,1,3,0,4,41,47,28,4,120,0,0,0,120
01/09/2015,MSN,WI,AGL,CE,Combined TRACON& Tower with Radar,38,50,35,4,127,0,0,26,3,29,38,50,61,7,156,8,0,8,164
01/10/2015,MSN,WI,AGL,CE,Combined TRACON& Tower with Radar,22,31,22,6,81,0,0,29,4,33,22,31,51,10,114,18,0,18,132
01/11/2015,MSN,WI,AGL,CE,Combined TRACON& Tower with Radar,32,40,26,1,99,0,0,51,3,54,32,40,77,4,153,56,0,56,209
01/12/2015,MSN,WI,AGL,CE,Combined TRACON& Tower with Radar,39,44,29,5,117,0,0,27,7,34,39,44,56,12,151,6,0,6,157
01/13/2015,MSN,WI,AGL,CE,Combined TRACON& Tower with Radar,43,54,33,5,135,0,0,28,21,49,43,54,61,26,184,30,16,46,230
01/14/2015,MSN,WI,AGL,CE,Combined TRACON& Tower with Radar,42,63,42,14,161,0,0,34,9,43,42,63,76,23,204,8,0,8,212
01/15/2015,MSN,WI,AGL,CE,Combined TRACON& Tower with Radar,42,53,57,10,162,0,1,62,14,77,42,54,119,24,239,72,0,72,311
01/16/2015,MSN,WI,AGL,CE,Combined TRACON& Tower with Radar,38,57,29,4,128,0,2,34,4,40,38,59,63,8,168,70,0,70,238
01/17/2015,MSN,WI,AGL,CE,Combined TRACON& Tower with Radar,19,31,36,0,86,0,1,44,0,45,19,32,80,0,131,58,0,58,189
01/18/2015,MSN,WI,AGL,CE,Combined TRACON& Tower with Radar,25,42,19,2,88,0,0,61,0,61,25,42,80,2,149,72,0,72,221
01/19/2015,MSN,WI,AGL,CE,Combined TRACON& Tower with Radar,39,52,46,0,137,0,0,29,0,29,39,52,75,0,166,40,0,40,206
01/20/2015,MSN,WI,AGL,CE,Combined TRACON& Tower with Radar,42,51,41,6,140,0,0,1,0,1,42,51,42,6,141,0,0,0,141
01/21/2015,MSN,WI,AGL,CE,Combined TRACON& Tower with Radar,42,55,44,2,143,0,0,6,4,10,42,55,50,6,153,0,0,0,153
01/22/2015,MSN,WI,AGL,CE,Combined TRACON& Tower with Radar,42,51,52,7,152,0,3,33,10,46,42,54,85,17,198,64,6,70,268
01/23/2015,MSN,WI,AGL,CE,Combined TRACON& Tower with Radar,38,50,33,0,121,0,0,24,3,27,38,50,57,3,148,32,0,32,180
01/24/2015,MSN,WI,AGL,CE,Combined TRACON& Tower with Radar,22,33,43,0,98,0,0,6,0,6,22,33,49,0,104,38,0,38,142
01/25/2015,MSN,WI,AGL,CE,Combined TRACON& Tower with Radar,35,46,21,0,102,0,0,15,0,15,35,46,36,0,117,0,0,0,117
01/26/2015,MSN,WI,AGL,CE,Combined TRACON& Tower with Radar,34,43,22,4,103,0,0,0,0,0,34,43,22,4,103,0,0,0,103
01/27/2015,MSN,WI,AGL,CE,Combined TRACON& Tower with Radar,40,53,41,10,144,0,0,2,4,6,40,53,43,14,150,0,2,2,152
01/28/2015,MSN,WI,AGL,CE,Combined TRACON& Tower with Radar,41,69,61,10,181,0,0,26,17,43,41,69,87,27,224,56,0,56,280
01/29/2015,MSN,WI,AGL,CE,Combined TRACON& Tower with Radar,41,59,41,2,143,0,0,6,8,14,41,59,47,10,157,0,0,0,157
01/30/2015,MSN,WI,AGL,CE,Combined TRACON& Tower with Radar,42,47,43,3,135,0,1,74,3,78,42,48,117,6,213,96,0,96,309
01/31/2015,MSN,WI,AGL,CE,Combined TRACON& Tower with Radar,17,34,31,2,84,0,0,106,0,106,17,34,137,2,190,172,0,172,362
02/01/2015,MSN,WI,AGL,CE,Combined TRACON& Tower with Radar,24,12,5,0,41,0,0,0,0,0,24,12,5,0,41,0,0,0,41
02/02/2015,MSN,WI,AGL,CE,Combined TRACON& Tower with Radar,34,36,28,1,99,0,0,20,1,21,34,36,48,2,120,16,0,16,136
02/03/2015,MSN,WI,AGL,CE,Combined TRACON& Tower with Radar,36,41,42,9,128,0,1,19,4,24,36,42,61,13,152,26,4,30,182
02/04/2015,MSN,WI,AGL,CE,Combined TRACON& Tower with Radar,38,54,35,16,143,0,1,25,16,42,38,55,60,32,185,16,0,16,201
02/05/2015,MSN,WI,AGL,CE,Combined TRACON& Tower with Radar,42,54,41,7,144,0,1,24,21,46,42,55,65,28,190,14,0,14,204
02/06/2015,MSN,WI,AGL,CE,Combined TRACON& Tower with Radar,38,50,48,4,140,0,2,44,5,51,38,52,92,9,191,30,0,30,221
02/07/2015,MSN,WI,AGL,CE,Combined TRACON& Tower with Radar,24,26,23,4,77,0,0,22,1,23,24,26,45,5,100,68,0,68,168
02/08/2015,MSN,WI,AGL,CE,Combined TRACON& Tower with Radar,31,46,18,2,97,0,0,0,0,0,31,46,18,2,97,0,0,0,97
02/09/2015,MSN,WI,AGL,CE,Combined TRACON& Tower with Radar,39,53,40,8,140,0,0,29,5,34,39,53,69,13,174,52,2,54,228
02/10/2015,MSN,WI,AGL,CE,Combined TRACON& Tower with Radar,44,46,41,7,138,0,0,13,12,25,44,46,54,19,163,32,0,32,195
02/11/2015,MSN,WI,AGL,CE,Combined TRACON& Tower with Radar,43,51,38,13,145,0,0,11,14,25,43,51,49,27,170,8,0,8,178
02/12/2015,MSN,WI,AGL,CE,Combined TRACON& Tower with Radar,47,51,26,7,131,0,1,26,7,34,47,52,52,14,165,0,0,0,165
02/13/2015,MSN,WI,AGL,CE,Combined TRACON& Tower with Radar,42,45,25,1,113,0,0,19,3,22,42,45,44,4,135,18,0,18,153
02/14/2015,MSN,WI,AGL,CE,Combined TRACON& Tower with Radar,23,40,13,0,76,0,0,8,0,8,23,40,21,0,84,2,0,2,86
02/15/2015,MSN,WI,AGL,CE,Combined TRACON& Tower with Radar,35,38,12,1,86,0,0,29,0,29,35,38,41,1,115,68,0,68,183
02/16/2015,MSN,WI,AGL,CE,Combined TRACON& Tower with Radar,38,41,30,0,109,0,0,13,0,13,38,41,43,0,122,38,0,38,160
02/17/2015,MSN,WI,AGL,CE,Combined TRACON& Tower with Radar,37,45,43,9,134,0,1,18,4,23,37,46,61,13,157,4,0,4,161
02/18/2015,MSN,WI,AGL,CE,Combined TRACON& Tower with Radar,39,49,41,9,138,0,0,5,2,7,39,49,46,11,145,18,0,18,163
02/19/2015,MSN,WI,AGL,CE,Combined TRACON& Tower with Radar,47,53,46,4,150,0,1,24,5,30,47,54,70,9,180,36,0,36,216
02/20/2015,MSN,WI,AGL,CE,Combined TRACON& Tower with Radar,46,50,25,0,121,0,0,1,2,3,46,50,26,2,124,2,0,2,126
02/21/2015,MSN,WI,AGL,CE,Combined TRACON& Tower with Radar,21,43,30,0,94,0,1,49,0,50,21,44,79,0,144,138,0,138,282
02/22/2015,MSN,WI,AGL,CE,Combined TRACON& Tower with Radar,44,37,38,0,119,0,1,55,0,56,44,38,93,0,175,34,0,34,209
02/23/2015,MSN,WI,AGL,CE,Combined TRACON& Tower with Radar,43,41,27,0,111,0,1,13,0,14,43,42,40,0,125,12,0,12,137
02/24/2015,MSN,WI,AGL,CE,Combined TRACON& Tower with Radar,41,40,24,1,106,0,0,8,13,21,41,40,32,14,127,6,0,6,133
02/25/2015,MSN,WI,AGL,CE,Combined TRACON& Tower with Radar,42,51,51,3,147,0,2,12,0,14,42,53,63,3,161,14,2,16,177
02/26/2015,MSN,WI,AGL,CE,Combined TRACON& Tower with Radar,43,50,35,13,141,0,1,22,17,40,43,51,57,30,181,10,0,10,191
02/27/2015,MSN,WI,AGL,CE,Combined TRACON& Tower with Radar,43,43,33,6,125,0,2,39,3,44,43,45,72,9,169,30,0,30,199
02/28/2015,MSN,WI,AGL,CE,Combined TRACON& Tower with Radar,25,36,38,0,99,0,3,87,1,91,25,39,125,1,190,74,0,74,264
03/01/2015,MSN,WI,AGL,CE,Combined TRACON& Tower with Radar,39,45,20,0,104,0,0,30,0,30,39,45,50,0,134,46,0,46,180
03/02/2015,MSN,WI,AGL,CE,Combined TRACON& Tower with Radar,41,44,41,5,131,0,0,52,5,57,41,44,93,10,188,48,0,48,236
03/03/2015,MSN,WI,AGL,CE,Combined TRACON& Tower with Radar,40,43,25,0,108,0,0,0,4,4,40,43,25,4,112,0,0,0,112
03/04/2015,MSN,WI,AGL,CE,Combined TRACON& Tower with Radar,39,40,56,17,152,0,2,43,11,56,39,42,99,28,208,24,2,26,234
03/05/2015,MSN,WI,AGL,CE,Combined TRACON& Tower with Radar,45,36,43,8,132,0,1,24,14,39,45,37,67,22,171,28,4,32,203
03/06/2015,MSN,WI,AGL,CE,Combined TRACON& Tower with Radar,43,37,30,2,112,0,1,32,2,35,43,38,62,4,147,28,0,28,175
03/07/2015,MSN,WI,AGL,CE,Combined TRACON& Tower with Radar,30,29,29,8,96,0,0,91,2,93,30,29,120,10,189,96,0,96,285
03/08/2015,MSN,WI,AGL,CE,Combined TRACON& Tower with Radar,41,45,19,3,108,0,0,53,2,55,41,45,72,5,163,84,0,84,247
03/09/2015,MSN,WI,AGL,CE,Combined TRACON& Tower with Radar,45,36,30,4,115,0,0,43,4,47,45,36,73,8,162,64,2,66,228
03/10/2015,MSN,WI,AGL,CE,Combined TRACON& Tower with Radar,41,40,35,13,129,0,1,26,8,35,41,41,61,21,164,38,2,40,204
03/11/2015,MSN,WI,AGL,CE,Combined TRACON& Tower with Radar,45,38,48,18,149,0,2,58,15,75,45,40,106,33,224,68,4,72,296
03/12/2015,MSN,WI,AGL,CE,Combined TRACON& Tower with Radar,52,43,37,8,140,0,1,53,18,72,52,44,90,26,212,32,2,34,246
03/13/2015,MSN,WI,AGL,CE,Combined TRACON& Tower with Radar,45,34,42,1,122,0,2,74,2,78,45,36,116,3,200,52,0,52,252
03/14/2015,MSN,WI,AGL,CE,Combined TRACON& Tower with Radar,27,32,30,2,91,0,0,90,2,92,27,32,120,4,183,106,0,106,289
03/15/2015,MSN,WI,AGL,CE,Combined TRACON& Tower with Radar,39,36,25,0,100,0,0,79,2,81,39,36,104,2,181,58,0,58,239
03/16/2015,MSN,WI,AGL,CE,Combined TRACON& Tower with Radar,48,32,47,4,131,0,0,31,10,41,48,32,78,14,172,48,12,60,232
03/17/2015,MSN,WI,AGL,CE,Combined TRACON& Tower with Radar,47,37,45,10,139,0,1,37,10,48,47,38,82,20,187,10,0,10,197
03/18/2015,MSN,WI,AGL,CE,Combined TRACON& Tower with Radar,44,41,60,14,159,0,1,47,7,55,44,42,107,21,214,34,0,34,248
03/19/2015,MSN,WI,AGL,CE,Combined TRACON& Tower with Radar,49,36,39,5,129,0,1,50,0,51,49,37,89,5,180,2,0,2,182
03/20/2015,MSN,WI,AGL,CE,Combined TRACON& Tower with Radar,45,33,42,2,122,0,1,62,2,65,45,34,104,4,187,22,0,22,209
03/21/2015,MSN,WI,AGL,CE,Combined TRACON& Tower with Radar,29,29,37,0,95,0,1,79,1,81,29,30,116,1,176,106,0,106,282
03/22/2015,MSN,WI,AGL,CE,Combined TRACON& Tower with Radar,37,44,34,2,117,0,0,56,2,58,37,44,90,4,175,40,0,40,215
03/23/2015,MSN,WI,AGL,CE,Combined TRACON& Tower with Radar,44,31,30,2,107,0,0,2,0,2,44,31,32,2,109,10,0,10,119
03/24/2015,MSN,WI,AGL,CE,Combined TRACON& Tower with Radar,47,35,42,12,136,0,2,33,7,42,47,37,75,19,178,50,0,50,228
03/25/2015,MSN,WI,AGL,CE,Combined TRACON& Tower with Radar,38,50,21,8,117,0,1,3,9,13,38,51,24,17,130,0,0,0,130
03/26/2015,MSN,WI,AGL,CE,Combined TRACON& Tower with Radar,48,41,47,10,146,0,2,32,11,45,48,43,79,21,191,32,8,40,231
03/27/2015,MSN,WI,AGL,CE,Combined TRACON& Tower with Radar,46,43,31,4,124,0,3,55,2,60,46,46,86,6,184,66,0,66,250
03/28/2015,MSN,WI,AGL,CE,Combined TRACON& Tower with Radar,27,42,41,2,112,0,7,87,2,96,27,49,128,4,208,100,0,100,308
03/29/2015,MSN,WI,AGL,CE,Combined TRACON& Tower with Radar,43,38,15,1,97,0,0,3,0,3,43,38,18,1,100,0,0,0,100
03/30/2015,MSN,WI,AGL,CE,Combined TRACON& Tower with Radar,52,40,45,5,142,0,1,27,5,33,52,41,72,10,175,30,6,36,211
03/31/2015,MSN,WI,AGL,CE,Combined TRACON& Tower with Radar,47,33,44,11,135,0,0,31,5,36,47,33,75,16,171,26,2,28,199
04/01/2015,MSN,WI,AGL,CE,Combined TRACON& Tower with Radar,53,34,33,8,128,0,3,49,8,60,53,37,82,16,188,16,0,16,204
04/02/2015,MSN,WI,AGL,CE,Combined TRACON& Tower with Radar,54,35,38,6,133,0,1,17,8,26,54,36,55,14,159,22,0,22,181
04/03/2015,MSN,WI,AGL,CE,Combined TRACON& Tower with Radar,49,30,18,4,101,0,1,36,2,39,49,31,54,6,140,32,6,38,178
04/04/2015,MSN,WI,AGL,CE,Combined TRACON& Tower with Radar,30,28,41,0,99,0,4,70,0,74,30,32,111,0,173,68,0,68,241
04/05/2015,MSN,WI,AGL,CE,Combined TRACON& Tower with Radar,40,35,11,0,86,0,0,31,0,31,40,35,42,0,117,46,0,46,163
04/06/2015,MSN,WI,AGL,CE,Combined TRACON& Tower with Radar,48,45,50,3,146,0,0,48,3,51,48,45,98,6,197,22,0,22,219
04/07/2015,MSN,WI,AGL,CE,Combined TRACON& Tower with Radar,59,35,48,1,143,0,0,2,1,3,59,35,50,2,146,2,0,2,148
04/08/2015,MSN,WI,AGL,CE,Combined TRACON& Tower with Radar,60,34,54,4,152,0,0,0,0,0,60,34,54,4,152,0,0,0,152
04/09/2015,MSN,WI,AGL,CE,Combined TRACON& Tower with Radar,57,38,24,0,119,0,0,0,0,0,57,38,24,0,119,0,0,0,119
04/10/2015,MSN,WI,AGL,CE,Combined TRACON& Tower with Radar,54,29,37,3,123,0,0,29,4,33,54,29,66,7,156,14,0,14,170
04/11/2015,MSN,WI,AGL,CE,Combined TRACON& Tower with Radar,37,23,48,8,116,0,0,122,6,128,37,23,170,14,244,196,0,196,440
04/12/2015,MSN,WI,AGL,CE,Combined TRACON& Tower with Radar,54,23,15,4,96,0,0,37,2,39,54,23,52,6,135,6,0,6,141
04/13/2015,MSN,WI,AGL,CE,Combined TRACON& Tower with Radar,59,22,28,9,118,0,0,34,5,39,59,22,62,14,157,54,4,58,215
04/14/2015,MSN,WI,AGL,CE,Combined TRACON& Tower with Radar,54,30,47,15,146,0,1,74,6,81,54,31,121,21,227,76,8,84,311
04/15/2015,MSN,WI,AGL,CE,Combined TRACON& Tower with Radar,56,33,44,13,146,0,5,36,13,54,56,38,80,26,200,34,4,38,238
04/16/2015,MSN,WI,AGL,CE,Combined TRACON& Tower with Radar,57,25,35,14,131,0,5,46,20,71,57,30,81,34,202,90,10,100,302
04/17/2015,MSN,WI,AGL,CE,Combined TRACON& Tower with Radar,59,23,44,12,138,0,4,55,6,65,59,27,99,18,203,90,0,90,293
04/18/2015,MSN,WI,AGL,CE,Combined TRACON& Tower with Radar,34,20,25,2,81,0,2,56,0,58,34,22,81,2,139,62,0,62,201
04/19/2015,MSN,WI,AGL,CE,Combined TRACON& Tower with Radar,54,26,26,3,109,0,0,30,0,30,54,26,56,3,139,64,0,64,203
04/20/2015,MSN,WI,AGL,CE,Combined TRACON& Tower with Radar,60,25,40,3,128,0,0,4,0,4,60,25,44,3,132,6,0,6,138
04/21/2015,MSN,WI,AGL,CE,Combined TRACON& Tower with Radar,55,25,45,1,126,0,0,10,9,19,55,25,55,10,145,0,0,0,145
04/22/2015,MSN,WI,AGL,CE,Combined TRACON& Tower with Radar,57,32,47,4,140,0,2,29,12,43,57,34,76,16,183,32,0,32,215
04/23/2015,MSN,WI,AGL,CE,Combined TRACON& Tower with Radar,62,24,41,6,133,0,2,57,6,65,62,26,98,12,198,32,0,32,230
04/24/2015,MSN,WI,AGL,CE,Combined TRACON& Tower with Radar,54,28,37,8,127,0,3,42,8,53,54,31,79,16,180,16,0,16,196
04/25/2015,MSN,WI,AGL,CE,Combined TRACON& Tower with Radar,39,17,23,6,85,0,0,27,0,27,39,17,50,6,112,46,0,46,158
04/26/2015,MSN,WI,AGL,CE,Combined TRACON& Tower with Radar,53,28,53,0,134,0,0,131,0,131,53,28,184,0,265,102,0,102,367
04/27/2015,MSN,WI,AGL,CE,Combined TRACON& Tower with Radar,60,30,49,8,147,0,1,55,2,58,60,31,104,10,205,52,2,54,259
04/28/2015,MSN,WI,AGL,CE,Combined TRACON& Tower with Radar,56,30,52,10,148,0,1,81,23,105,56,31,133,33,253,68,0,68,321
04/29/2015,MSN,WI,AGL,CE,Combined TRACON& Tower with Radar,56,30,68,19,173,0,2,53,4,59,56,32,121,23,232,38,0,38,270
04/30/2015,MSN,WI,AGL,CE,Combined TRACON& Tower with Radar,59,30,48,13,150,0,3,52,9,64,59,33,100,22,214,44,0,44,258
05/01/2015,MSN,WI,AGL,CE,Combined TRACON& Tower with Radar,60,26,46,7,139,0,4,79,8,91,60,30,125,15,230,56,8,64,294
05/02/2015,MSN,WI,AGL,CE,Combined TRACON& Tower with Radar,33,23,19,6,81,0,2,69,9,80,33,25,88,15,161,118,0,118,279
05/03/2015,MSN,WI,AGL,CE,Combined TRACON& Tower with Radar,51,28,32,2,113,0,0,57,0,57,51,28,89,2,170,24,0,24,194
05/04/2015,MSN,WI,AGL,CE,Combined TRACON& Tower with Radar,63,27,44,14,148,0,0,17,2,19,63,27,61,16,167,26,0,26,193
05/05/2015,MSN,WI,AGL,CE,Combined TRACON& Tower with Radar,56,30,49,18,153,0,0,1,0,1,56,30,50,18,154,0,0,0,154
05/06/2015,MSN,WI,AGL,CE,Combined TRACON& Tower with Radar,50,37,50,14,151,0,0,16,15,31,50,37,66,29,182,52,0,52,234
05/07/2015,MSN,WI,AGL,CE,Combined TRACON& Tower with Radar,50,38,45,12,145,0,2,24,7,33,50,40,69,19,178,8,0,8,186
05/08/2015,MSN,WI,AGL,CE,Combined TRACON& Tower with Radar,60,31,52,9,152,0,1,36,1,38,60,32,88,10,190,24,0,24,214
05/09/2015,MSN,WI,AGL,CE,Combined TRACON& Tower with Radar,22,26,51,3,102,0,1,36,0,37,22,27,87,3,139,88,0,88,227
05/10/2015,MSN,WI,AGL,CE,Combined TRACON& Tower with Radar,40,23,21,2,86,0,0,12,0,12,40,23,33,2,98,44,0,44,142
05/11/2015,MSN,WI,AGL,CE,Combined TRACON& Tower with Radar,50,44,49,11,154,0,0,13,6,19,50,44,62,17,173,28,0,28,201
05/12/2015,MSN,WI,AGL,CE,Combined TRACON& Tower with Radar,43,41,52,18,154,0,0,30,15,45,43,41,82,33,199,38,6,44,243
05/13/2015,MSN,WI,AGL,CE,Combined TRACON& Tower with Radar,45,46,32,17,140,0,6,87,17,110,45,52,119,34,250,82,2,84,334
05/14/2015,MSN,WI,AGL,CE,Combined TRACON& Tower with Radar,50,43,44,19,156,0,1,37,6,44,50,44,81,25,200,22,14,36,236
05/15/2015,MSN,WI,AGL,CE,Combined TRACON& Tower with Radar,50,39,71,5,165,0,1,34,4,39,50,40,105,9,204,18,0,18,222
05/16/2015,MSN,WI,AGL,CE,Combined TRACON& Tower with Radar,28,22,23,0,73,0,0,31,0,31,28,22,54,0,104,74,0,74,178
05/17/2015,MSN,WI,AGL,CE,Combined TRACON& Tower with Radar,40,35,18,2,95,0,0,8,0,8,40,35,26,2,103,0,0,0,103
05/18/2015,MSN,WI,AGL,CE,Combined TRACON& Tower with Radar,50,39,33,17,139,0,1,31,8,40,50,40,64,25,179,0,0,0,179
05/19/2015,MSN,WI,AGL,CE,Combined TRACON& Tower with Radar,44,48,62,17,171,0,1,77,10,88,44,49,139,27,259,60,0,60,319
05/20/2015,MSN,WI,AGL,CE,Combined TRACON& Tower with Radar,47,45,59,12,163,0,2,58,6,66,47,47,117,18,229,106,14,120,349
05/21/2015,MSN,WI,AGL,CE,Combined TRACON& Tower with Radar,49,38,43,11,141,0,1,81,6,88,49,39,124,17,229,104,0,104,333
05/22/2015,MSN,WI,AGL,CE,Combined TRACON& Tower with Radar,50,43,39,3,135,0,1,83,3,87,50,44,122,6,222,68,0,68,290
05/23/2015,MSN,WI,AGL,CE,Combined TRACON& Tower with Radar,24,24,35,1,84,0,0,82,0,82,24,24,117,1,166,22,0,22,188
05/24/2015,MSN,WI,AGL,CE,Combined TRACON& Tower with Radar,23,21,15,0,59,0,1,5,0,6,23,22,20,0,65,8,0,8,73
05/25/2015,MSN,WI,AGL,CE,Combined TRACON& Tower with Radar,36,26,21,0,83,0,0,12,0,12,36,26,33,0,95,0,0,0,95
05/26/2015,MSN,WI,AGL,CE,Combined TRACON& Tower with Radar,39,35,37,2,113,0,0,10,0,10,39,35,47,2,123,6,0,6,129
05/27/2015,MSN,WI,AGL,CE,Combined TRACON& Tower with Radar,47,44,59,17,167,0,0,48,5,53,47,44,107,22,220,96,0,96,316
05/28/2015,MSN,WI,AGL,CE,Combined TRACON& Tower with Radar,48,46,39,11,144,0,2,88,1,91,48,48,127,12,235,74,0,74,309
05/29/2015,MSN,WI,AGL,CE,Combined TRACON& Tower with Radar,47,49,47,2,145,0,3,19,1,23,47,52,66,3,168,26,0,26,194
05/30/2015,MSN,WI,AGL,CE,Combined TRACON& Tower with Radar,25,23,31,6,85,0,0,4,0,4,25,23,35,6,89,16,0,16,105
05/31/2015,MSN,WI,AGL,CE,Combined TRACON& Tower with Radar,39,37,28,5,109,0,3,69,3,75,39,40,97,8,184,10,0,10,194
06/01/2015,MSN,WI,AGL,CE,Combined TRACON& Tower with Radar,48,40,35,0,123,0,0,60,0,60,48,40,95,0,183,40,0,40,223
06/02/2015,MSN,WI,AGL,CE,Combined TRACON& Tower with Radar,43,54,43,19,159,0,5,47,0,52,43,59,90,19,211,108,2,110,321
06/03/2015,MSN,WI,AGL,CE,Combined TRACON& Tower with Radar,46,46,52,14,158,0,6,76,0,82,46,52,128,14,240,88,0,88,328
06/04/2015,MSN,WI,AGL,CE,Combined TRACON& Tower with Radar,49,39,44,16,148,0,2,43,3,48,49,41,87,19,196,74,0,74,270
06/05/2015,MSN,WI,AGL,CE,Combined TRACON& Tower with Radar,49,41,51,16,157,0,0,22,1,23,49,41,73,17,180,30,4,34,214
06/06/2015,MSN,WI,AGL,CE,Combined TRACON& Tower with Radar,28,25,26,12,91,0,2,87,4,93,28,27,113,16,184,48,6,54,238
06/07/2015,MSN,WI,AGL,CE,Combined TRACON& Tower with Radar,41,34,28,0,103,0,0,15,0,15,41,34,43,0,118,24,0,24,142
06/08/2015,MSN,WI,AGL,CE,Combined TRACON& Tower with Radar,57,32,51,14,154,0,0,41,2,43,57,32,92,16,197,10,0,10,207
06/09/2015,MSN,WI,AGL,CE,Combined TRACON& Tower with Radar,45,37,51,16,149,0,2,71,4,77,45,39,122,20,226,106,0,106,332
06/10/2015,MSN,WI,AGL,CE,Combined TRACON& Tower with Radar,50,32,57,9,148,0,3,68,1,72,50,35,125,10,220,130,0,130,350
06/11/2015,MSN,WI,AGL,CE,Combined TRACON& Tower with Radar,52,48,35,5,140,0,0,6,0,6,52,48,41,5,146,2,2,4,150
06/12/2015,MSN,WI,AGL,CE,Combined TRACON& Tower with Radar,44,38,45,4,131,0,0,2,2,4,44,38,47,6,135,4,0,4,139
06/13/2015,MSN,WI,AGL,CE,Combined TRACON& Tower with Radar,48,39,37,11,135,0,2,6,0,8,48,41,43,11,143,34,16,50,193
06/14/2015,MSN,WI,AGL,CE,Combined TRACON& Tower with Radar,43,33,41,1,118,0,4,45,2,51,43,37,86,3,169,0,0,0,169
06/15/2015,MSN,WI,AGL,CE,Combined TRACON& Tower with Radar,58,26,32,14,130,0,0,11,2,13,58,26,43,16,143,8,0,8,151
06/16/2015,MSN,WI,AGL,CE,Combined TRACON& Tower with Radar,42,36,27,15,120,0,7,80,2,89,42,43,107,17,209,96,0,96,305
06/17/2015,MSN,WI,AGL,CE,Combined TRACON& Tower with Radar,50,39,55,22,166,0,1,62,4,67,50,40,117,26,233,78,12,90,323
06/18/2015,MSN,WI,AGL,CE,Combined TRACON& Tower with Radar,52,36,39,18,145,0,0,27,5,32,52,36,66,23,177,36,0,36,213
06/19/2015,MSN,WI,AGL,CE,Combined TRACON& Tower with Radar,54,28,38,7,127,0,3,70,4,77,54,31,108,11,204,48,6,54,258
06/20/2015,MSN,WI,AGL,CE,Combined TRACON& Tower with Radar,28,27,30,0,85,0,0,29,0,29,28,27,59,0,114,8,0,8,122
06/21/2015,MSN,WI,AGL,CE,Combined TRACON& Tower with Radar,44,32,28,2,106,0,1,97,0,98,44,33,125,2,204,88,0,88,292
06/22/2015,MSN,WI,AGL,CE,Combined TRACON& Tower with Radar,46,27,41,2,116,0,0,6,0,6,46,27,47,2,122,0,0,0,122
06/23/2015,MSN,WI,AGL,CE,Combined TRACON& Tower with Radar,44,37,55,8,144,0,3,101,12,116,44,40,156,20,260,70,0,70,330
06/24/2015,MSN,WI,AGL,CE,Combined TRACON& Tower with Radar,47,34,58,7,146,0,1,79,14,94,47,35,137,21,240,46,0,46,286
06/25/2015,MSN,WI,AGL,CE,Combined TRACON& Tower with Radar,51,41,60,3,155,0,0,18,5,23,51,41,78,8,178,42,0,42,220
06/26/2015,MSN,WI,AGL,CE,Combined TRACON& Tower with Radar,53,32,52,2,139,0,2,30,3,35,53,34,82,5,174,62,0,62,236
06/27/2015,MSN,WI,AGL,CE,Combined TRACON& Tower with Radar,31,25,27,7,90,0,0,120,3,123,31,25,147,10,213,88,0,88,301
06/28/2015,MSN,WI,AGL,CE,Combined TRACON& Tower with Radar,33,32,26,1,92,0,0,22,0,22,33,32,48,1,114,44,0,44,158
06/29/2015,MSN,WI,AGL,CE,Combined TRACON& Tower with Radar,49,41,44,2,136,0,0,25,0,25,49,41,69,2,161,26,0,26,187
06/30/2015,MSN,WI,AGL,CE,Combined TRACON& Tower with Radar,38,36,36,4,114,0,0,32,14,46,38,36,68,18,160,16,0,16,176
07/01/2015,MSN,WI,AGL,CE,Combined TRACON& Tower with Radar,53,31,38,5,127,0,2,61,9,72,53,33,99,14,199,92,0,92,291
07/02/2015,MSN,WI,AGL,CE,Combined TRACON& Tower with Radar,49,34,47,0,130,0,2,80,5,87,49,36,127,5,217,102,2,104,321
07/03/2015,MSN,WI,AGL,CE,Combined TRACON& Tower with Radar,30,25,34,0,89,0,3,113,0,116,30,28,147,0,205,122,0,122,327
07/04/2015,MSN,WI,AGL,CE,Combined TRACON& Tower with Radar,27,18,19,0,64,0,0,41,0,41,27,18,60,0,105,18,0,18,123
07/05/2015,MSN,WI,AGL,CE,Combined TRACON& Tower with Radar,50,27,19,0,96,0,0,52,1,53,50,27,71,1,149,62,0,62,211
07/06/2015,MSN,WI,AGL,CE,Combined TRACON& Tower with Radar,50,29,29,3,111,0,1,21,0,22,50,30,50,3,133,26,0,26,159
07/07/2015,MSN,WI,AGL,CE,Combined TRACON& Tower with Radar,46,43,53,3,145,0,0,45,7,52,46,43,98,10,197,54,0,54,251
07/08/2015,MSN,WI,AGL,CE,Combined TRACON& Tower with Radar,51,41,28,2,122,0,2,65,15,82,51,43,93,17,204,108,2,110,314
07/09/2015,MSN,WI,AGL,CE,Combined TRACON& Tower with Radar,55,30,51,2,138,0,2,80,13,95,55,32,131,15,233,50,0,50,283
07/10/2015,MSN,WI,AGL,CE,Combined TRACON& Tower with Radar,57,31,26,5,119,0,4,71,1,76,57,35,97,6,195,26,0,26,221
07/11/2015,MSN,WI,AGL,CE,Combined TRACON& Tower with Radar,31,25,21,0,77,0,0,56,3,59,31,25,77,3,136,46,0,46,182
07/12/2015,MSN,WI,AGL,CE,Combined TRACON& Tower with Radar,50,29,43,3,125,0,0,40,1,41,50,29,83,4,166,50,0,50,216
07/13/2015,MSN,WI,AGL,CE,Combined TRACON& Tower with Radar,58,27,41,1,127,0,0,50,4,54,58,27,91,5,181,28,0,28,209
07/14/2015,MSN,WI,AGL,CE,Combined TRACON& Tower with Radar,50,29,41,4,124,0,1,36,8,45,50,30,77,12,169,36,0,36,205
07/15/2015,MSN,WI,AGL,CE,Combined TRACON& Tower with Radar,52,39,73,10,174,0,3,99,7,109,52,42,172,17,283,32,0,32,315
07/16/2015,MSN,WI,AGL,CE,Combined TRACON& Tower with Radar,49,36,46,1,132,0,2,39,1,42,49,38,85,2,174,106,2,108,282
07/17/2015,MSN,WI,AGL,CE,Combined TRACON& Tower with Radar,56,30,78,6,170,0,0,97,13,110,56,30,175,19,280,40,0,40,320
07/18/2015,MSN,WI,AGL,CE,Combined TRACON& Tower with Radar,35,32,36,2,105,0,3,170,0,173,35,35,206,2,278,12,0,12,290
07/19/2015,MSN,WI,AGL,CE,Combined TRACON& Tower with Radar,50,28,44,0,122,0,5,174,3,182,50,33,218,3,304,32,0,32,336
07/20/2015,MSN,WI,AGL,CE,Combined TRACON& Tower with Radar,58,32,31,5,126,0,2,50,3,55,58,34,81,8,181,14,0,14,195
07/21/2015,MSN,WI,AGL,CE,Combined TRACON& Tower with Radar,43,34,51,5,133,0,4,54,21,79,43,38,105,26,212,10,2,12,224
07/22/2015,MSN,WI,AGL,CE,Combined TRACON& Tower with Radar,53,41,61,6,161,0,2,73,18,93,53,43,134,24,254,40,0,40,294
07/23/2015,MSN,WI,AGL,CE,Combined TRACON& Tower with Radar,51,40,57,7,155,0,5,64,24,93,51,45,121,31,248,60,0,60,308
07/24/2015,MSN,WI,AGL,CE,Combined TRACON& Tower with Radar,52,27,44,4,127,0,4,47,2,53,52,31,91,6,180,10,2,12,192
07/25/2015,MSN,WI,AGL,CE,Combined TRACON& Tower with Radar,33,27,41,1,102,0,4,55,11,70,33,31,96,12,172,22,0,22,194
07/26/2015,MSN,WI,AGL,CE,Combined TRACON& Tower with Radar,50,38,46,1,135,0,1,60,0,61,50,39,106,1,196,20,0,20,216
07/27/2015,MSN,WI,AGL,CE,Combined TRACON& Tower with Radar,55,35,57,3,150,0,2,64,6,72,55,37,121,9,222,32,0,32,254
07/28/2015,MSN,WI,AGL,CE,Combined TRACON& Tower with Radar,52,37,46,3,138,0,3,40,11,54,52,40,86,14,192,92,4,96,288
07/29/2015,MSN,WI,AGL,CE,Combined TRACON& Tower with Radar,52,33,45,2,132,0,4,42,16,62,52,37,87,18,194,54,0,54,248
07/30/2015,MSN,WI,AGL,CE,Combined TRACON& Tower with Radar,52,29,32,4,117,0,3,57,11,71,52,32,89,15,188,22,0,22,210
07/31/2015,MSN,WI,AGL,CE,Combined TRACON& Tower with Radar,54,29,43,2,128,0,5,65,3,73,54,34,108,5,201,28,0,28,229
08/01/2015,MSN,WI,AGL,CE,Combined TRACON& Tower with Radar,28,27,41,0,96,0,1,76,0,77,28,28,117,0,173,12,0,12,185
08/02/2015,MSN,WI,AGL,CE,Combined TRACON& Tower with Radar,51,27,26,0,104,0,0,22,0,22,51,27,48,0,126,10,0,10,136
08/03/2015,MSN,WI,AGL,CE,Combined TRACON& Tower with Radar,55,33,33,6,127,0,0,50,2,52,55,33,83,8,179,24,0,24,203
08/04/2015,MSN,WI,AGL,CE,Combined TRACON& Tower with Radar,50,36,44,4,134,0,2,89,9,100,50,38,133,13,234,28,0,28,262
08/05/2015,MSN,WI,AGL,CE,Combined TRACON& Tower with Radar,56,30,66,7,159,0,2,73,9,84,56,32,139,16,243,38,0,38,281
08/06/2015,MSN,WI,AGL,CE,Combined TRACON& Tower with Radar,57,27,31,4,119,0,2,49,6,57,57,29,80,10,176,56,0,56,232
08/07/2015,MSN,WI,AGL,CE,Combined TRACON& Tower with Radar,60,22,32,8,122,0,2,18,2,22,60,24,50,10,144,24,0,24,168
08/08/2015,MSN,WI,AGL,CE,Combined TRACON& Tower with Radar,32,24,35,3,94,0,0,16,0,16,32,24,51,3,110,8,0,8,118
08/09/2015,MSN,WI,AGL,CE,Combined TRACON& Tower with Radar,52,24,40,3,119,0,1,34,0,35,52,25,74,3,154,32,0,32,186
08/10/2015,MSN,WI,AGL,CE,Combined TRACON& Tower with Radar,55,25,59,7,146,0,0,39,8,47,55,25,98,15,193,58,4,62,255
08/11/2015,MSN,WI,AGL,CE,Combined TRACON& Tower with Radar,51,26,66,3,146,0,2,85,8,95,51,28,151,11,241,36,0,36,277
08/12/2015,MSN,WI,AGL,CE,Combined TRACON& Tower with Radar,60,22,52,6,140,0,1,65,10,76,60,23,117,16,216,14,0,14,230
08/13/2015,MSN,WI,AGL,CE,Combined TRACON& Tower with Radar,59,27,47,5,138,0,2,57,9,68,59,29,104,14,206,40,0,40,246
08/14/2015,MSN,WI,AGL,CE,Combined TRACON& Tower with Radar,59,27,59,3,148,0,2,32,2,36,59,29,91,5,184,22,0,22,206
08/15/2015,MSN,WI,AGL,CE,Combined TRACON& Tower with Radar,35,24,58,2,119,0,0,75,1,76,35,24,133,3,195,16,0,16,211
08/16/2015,MSN,WI,AGL,CE,Combined TRACON& Tower with Radar,52,21,20,1,94,0,0,48,2,50,52,21,68,3,144,36,0,36,180
08/17/2015,MSN,WI,AGL,CE,Combined TRACON& Tower with Radar,63,23,42,1,129,0,0,16,0,16,63,23,58,1,145,20,0,20,165
08/18/2015,MSN,WI,AGL,CE,Combined TRACON& Tower with Radar,56,36,39,8,139,0,1,9,0,10,56,37,48,8,149,10,0,10,159
08/19/2015,MSN,WI,AGL,CE,Combined TRACON& Tower with Radar,54,32,49,26,161,0,0,17,6,23,54,32,66,32,184,4,0,4,188
08/20/2015,MSN,WI,AGL,CE,Combined TRACON& Tower with Radar,55,24,49,19,147,0,1,31,8,40,55,25,80,27,187,14,0,14,201
08/21/2015,MSN,WI,AGL,CE,Combined TRACON& Tower with Radar,54,27,43,21,145,0,6,89,2,97,54,33,132,23,242,54,6,60,302
08/22/2015,MSN,WI,AGL,CE,Combined TRACON& Tower with Radar,36,21,16,23,96,0,3,49,1,53,36,24,65,24,149,34,0,34,183
08/23/2015,MSN,WI,AGL,CE,Combined TRACON& Tower with Radar,54,16,20,4,94,0,0,25,1,26,54,16,45,5,120,12,0,12,132
08/24/2015,MSN,WI,AGL,CE,Combined TRACON& Tower with Radar,58,29,33,15,135,0,2,53,4,59,58,31,86,19,194,38,0,38,232
08/25/2015,MSN,WI,AGL,CE,Combined TRACON& Tower with Radar,54,30,42,13,139,0,2,47,4,53,54,32,89,17,192,48,0,48,240
08/26/2015,MSN,WI,AGL,CE,Combined TRACON& Tower with Radar,58,29,45,4,136,0,2,56,6,64,58,31,101,10,200,50,0,50,250
08/27/2015,MSN,WI,AGL,CE,Combined TRACON& Tower with Radar,55,34,43,13,145,0,2,74,6,82,55,36,117,19,227,70,0,70,297
08/28/2015,MSN,WI,AGL,CE,Combined TRACON& Tower with Radar,57,27,48,2,134,0,2,25,2,29,57,29,73,4,163,6,0,6,169
08/29/2015,MSN,WI,AGL,CE,Combined TRACON& Tower with Radar,32,21,32,0,85,0,0,2,0,2,32,21,34,0,87,2,0,2,89
08/30/2015,MSN,WI,AGL,CE,Combined TRACON& Tower with Radar,78,13,41,0,132,0,0,40,0,40,78,13,81,0,172,34,0,34,206
08/31/2015,MSN,WI,AGL,CE,Combined TRACON& Tower with Radar,60,24,48,18,150,0,1,42,1,44,60,25,90,19,194,60,0,60,254
09/01/2015,MSN,WI,AGL,CE,Combined TRACON& Tower with Radar,52,30,44,15,141,0,1,41,12,54,52,31,85,27,195,38,8,46,241
09/02/2015,MSN,WI,AGL,CE,Combined TRACON& Tower with Radar,56,29,44,18,147,0,4,42,13,59,56,33,86,31,206,44,10,54,260
09/03/2015,MSN,WI,AGL,CE,Combined TRACON& Tower with Radar,82,18,35,8,143,0,4,26,9,39,82,22,61,17,182,8,6,14,196
09/04/2015,MSN,WI,AGL,CE,Combined TRACON& Tower with Radar,65,26,51,8,150,0,5,35,2,42,65,31,86,10,192,66,0,66,258
09/05/2015,MSN,WI,AGL,CE,Combined TRACON& Tower with Radar,30,18,38,2,88,0,0,63,1,64,30,18,101,3,152,58,8,66,218
09/06/2015,MSN,WI,AGL,CE,Combined TRACON& Tower with Radar,39,20,30,2,91,0,2,54,0,56,39,22,84,2,147,0,0,0,147
09/07/2015,MSN,WI,AGL,CE,Combined TRACON& Tower with Radar,50,30,26,3,109,0,1,29,0,30,50,31,55,3,139,54,0,54,193
09/08/2015,MSN,WI,AGL,CE,Combined TRACON& Tower with Radar,47,25,35,6,113,0,3,14,5,22,47,28,49,11,135,42,0,42,177
09/09/2015,MSN,WI,AGL,CE,Combined TRACON& Tower with Radar,41,29,53,11,134,0,5,77,14,96,41,34,130,25,230,58,2,60,290
09/10/2015,MSN,WI,AGL,CE,Combined TRACON& Tower with Radar,46,33,32,0,111,0,3,19,10,32,46,36,51,10,143,46,0,46,189
09/11/2015,MSN,WI,AGL,CE,Combined TRACON& Tower with Radar,45,27,46,13,131,0,8,47,7,62,45,35,93,20,193,50,0,50,243
09/12/2015,MSN,WI,AGL,CE,Combined TRACON& Tower with Radar,34,27,33,22,116,0,2,78,16,96,34,29,111,38,212,24,0,24,236
09/13/2015,MSN,WI,AGL,CE,Combined TRACON& Tower with Radar,50,25,45,17,137,0,1,83,4,88,50,26,128,21,225,28,0,28,253
09/14/2015,MSN,WI,AGL,CE,Combined TRACON& Tower with Radar,61,29,37,7,134,0,0,29,2,31,61,29,66,9,165,22,0,22,187
09/15/2015,MSN,WI,AGL,CE,Combined TRACON& Tower with Radar,56,25,50,8,139,0,2,45,1,48,56,27,95,9,187,48,0,48,235
09/16/2015,MSN,WI,AGL,CE,Combined TRACON& Tower with Radar,54,36,53,5,148,0,6,53,6,65,54,42,106,11,213,56,0,56,269
09/17/2015,MSN,WI,AGL,CE,Combined TRACON& Tower with Radar,53,28,47,2,130,0,4,26,3,33,53,32,73,5,163,14,0,14,177
09/18/2015,MSN,WI,AGL,CE,Combined TRACON& Tower with Radar,59,30,70,4,163,0,0,10,2,12,59,30,80,6,175,0,0,0,175
09/19/2015,MSN,WI,AGL,CE,Combined TRACON& Tower with Radar,33,23,40,1,97,0,7,58,1,66,33,30,98,2,163,40,0,40,203
09/20/2015,MSN,WI,AGL,CE,Combined TRACON& Tower with Radar,51,21,33,0,105,0,1,108,2,111,51,22,141,2,216,100,0,100,316
09/21/2015,MSN,WI,AGL,CE,Combined TRACON& Tower with Radar,55,34,38,6,133,0,7,61,5,73,55,41,99,11,206,62,0,62,268
09/22/2015,MSN,WI,AGL,CE,Combined TRACON& Tower with Radar,53,32,30,9,124,0,6,53,7,66,53,38,83,16,190,36,0,36,226
09/23/2015,MSN,WI,AGL,CE,Combined TRACON& Tower with Radar,56,32,56,15,159,0,5,56,13,74,56,37,112,28,233,46,0,46,279
09/24/2015,MSN,WI,AGL,CE,Combined TRACON& Tower with Radar,60,32,64,12,168,0,3,65,1,69,60,35,129,13,237,18,0,18,255
09/25/2015,MSN,WI,AGL,CE,Combined TRACON& Tower with Radar,56,33,46,6,141,0,2,48,7,57,56,35,94,13,198,4,0,4,202
09/26/2015,MSN,WI,AGL,CE,Combined TRACON& Tower with Radar,33,24,41,2,100,0,0,33,2,35,33,24,74,4,135,4,0,4,139
09/27/2015,MSN,WI,AGL,CE,Combined TRACON& Tower with Radar,51,27,46,1,125,0,0,57,0,57,51,27,103,1,182,22,0,22,204
09/28/2015,MSN,WI,AGL,CE,Combined TRACON& Tower with Radar,60,27,34,14,135,0,0,49,14,63,60,27,83,28,198,36,10,46,244
09/29/2015,MSN,WI,AGL,CE,Combined TRACON& Tower with Radar,56,27,55,27,165,0,0,49,7,56,56,27,104,34,221,10,8,18,239
09/30/2015,MSN,WI,AGL,CE,Combined TRACON& Tower with Radar,56,22,79,27,184,0,2,57,9,68,56,24,136,36,252,82,0,82,334
10/01/2015,MSN,WI,AGL,CE,Combined TRACON& Tower with Radar,51,32,52,22,157,0,3,66,8,77,51,35,118,30,234,26,0,26,260
10/02/2015,MSN,WI,AGL,CE,Combined TRACON& Tower with Radar,54,34,55,23,166,0,5,28,1,34,54,39,83,24,200,16,6,22,222
10/03/2015,MSN,WI,AGL,CE,Combined TRACON& Tower with Radar,31,25,42,2,100,0,1,53,0,54,31,26,95,2,154,46,0,46,200
10/04/2015,MSN,WI,AGL,CE,Combined TRACON& Tower with Radar,48,29,76,5,158,0,2,16,0,18,48,31,92,5,176,44,0,44,220
10/05/2015,MSN,WI,AGL,CE,Combined TRACON& Tower with Radar,54,23,51,14,142,0,0,4,0,4,54,23,55,14,146,24,0,24,170
10/06/2015,MSN,WI,AGL,CE,Combined TRACON& Tower with Radar,56,32,38,23,149,0,0,69,6,75,56,32,107,29,224,34,4,38,262
10/07/2015,MSN,WI,AGL,CE,Combined TRACON& Tower with Radar,56,33,31,16,136,0,3,101,15,119,56,36,132,31,255,60,4,64,319
10/08/2015,MSN,WI,AGL,CE,Combined TRACON& Tower with Radar,56,32,40,15,143,0,2,43,9,54,56,34,83,24,197,52,0,52,249
10/09/2015,MSN,WI,AGL,CE,Combined TRACON& Tower with Radar,59,26,58,1,144,0,3,49,1,53,59,29,107,2,197,44,0,44,241
10/10/2015,MSN,WI,AGL,CE,Combined TRACON& Tower with Radar,42,9,29,7,87,0,1,80,0,81,42,10,109,7,168,62,0,62,230
10/11/2015,MSN,WI,AGL,CE,Combined TRACON& Tower with Radar,50,22,48,5,125,0,0,80,2,82,50,22,128,7,207,24,0,24,231
10/12/2015,MSN,WI,AGL,CE,Combined TRACON& Tower with Radar,58,24,36,2,120,0,0,17,0,17,58,24,53,2,137,10,0,10,147
10/13/2015,MSN,WI,AGL,CE,Combined TRACON& Tower with Radar,56,30,44,18,148,0,1,24,0,25,56,31,68,18,173,18,2,20,193
10/14/2015,MSN,WI,AGL,CE,Combined TRACON& Tower with Radar,61,31,41,20,153,0,3,73,13,89,61,34,114,33,242,130,0,130,372
10/15/2015,MSN,WI,AGL,CE,Combined TRACON& Tower with Radar,55,28,54,20,157,0,3,42,1,46,55,31,96,21,203,22,2,24,227
10/16/2015,MSN,WI,AGL,CE,Combined TRACON& Tower with Radar,58,33,44,0,135,0,6,62,0,68,58,39,106,0,203,96,0,96,299
10/17/2015,MSN,WI,AGL,CE,Combined TRACON& Tower with Radar,38,21,29,4,92,0,1,92,4,97,38,22,121,8,189,46,0,46,235
10/18/2015,MSN,WI,AGL,CE,Combined TRACON& Tower with Radar,49,28,76,5,158,0,2,119,3,124,49,30,195,8,282,24,0,24,306
10/19/2015,MSN,WI,AGL,CE,Combined TRACON& Tower with Radar,58,27,43,23,151,0,3,17,8,28,58,30,60,31,179,10,0,10,189
10/20/2015,MSN,WI,AGL,CE,Combined TRACON& Tower with Radar,56,24,53,14,147,0,7,46,7,60,56,31,99,21,207,76,6,82,289
10/21/2015,MSN,WI,AGL,CE,Combined TRACON& Tower with Radar,57,29,66,18,170,0,2,45,5,52,57,31,111,23,222,52,2,54,276
10/22/2015,MSN,WI,AGL,CE,Combined TRACON& Tower with Radar,55,34,43,19,151,0,4,108,18,130,55,38,151,37,281,50,2,52,333
10/23/2015,MSN,WI,AGL,CE,Combined TRACON& Tower with Radar,59,27,42,4,132,0,2,21,1,24,59,29,63,5,156,12,0,12,168
10/24/2015,MSN,WI,AGL,CE,Combined TRACON& Tower with Radar,36,14,21,0,71,0,0,6,0,6,36,14,27,0,77,6,0,6,83
10/25/2015,MSN,WI,AGL,CE,Combined TRACON& Tower with Radar,48,23,40,1,112,0,1,129,0,130,48,24,169,1,242,110,0,110,352
10/26/2015,MSN,WI,AGL,CE,Combined TRACON& Tower with Radar,58,31,43,11,143,0,0,63,4,67,58,31,106,15,210,58,6,64,274
10/27/2015,MSN,WI,AGL,CE,Combined TRACON& Tower with Radar,48,30,34,27,139,0,1,35,3,39,48,31,69,30,178,26,16,42,220
10/28/2015,MSN,WI,AGL,CE,Combined TRACON& Tower with Radar,51,33,50,4,138,0,0,1,3,4,51,33,51,7,142,2,2,4,146
10/29/2015,MSN,WI,AGL,CE,Combined TRACON& Tower with Radar,57,28,35,12,132,0,0,17,6,23,57,28,52,18,155,28,0,28,183
10/30/2015,MSN,WI,AGL,CE,Combined TRACON& Tower with Radar,55,32,65,5,157,0,0,28,2,30,55,32,93,7,187,26,0,26,213
10/31/2015,MSN,WI,AGL,CE,Combined TRACON& Tower with Radar,35,11,27,0,73,0,0,0,0,0,35,11,27,0,73,0,0,0,73
11/01/2015,MSN,WI,AGL,CE,Combined TRACON& Tower with Radar,48,29,26,0,103,0,4,98,0,102,48,33,124,0,205,36,0,36,241
11/02/2015,MSN,WI,AGL,CE,Combined TRACON& Tower with Radar,56,33,56,4,149,0,0,59,2,61,56,33,115,6,210,84,2,86,296
11/03/2015,MSN,WI,AGL,CE,Combined TRACON& Tower with Radar,53,24,28,16,121,0,2,91,11,104,53,26,119,27,225,58,0,58,283
11/04/2015,MSN,WI,AGL,CE,Combined TRACON& Tower with Radar,57,31,40,13,141,0,0,40,6,46,57,31,80,19,187,70,2,72,259
11/05/2015,MSN,WI,AGL,CE,Combined TRACON& Tower with Radar,54,36,37,16,143,0,0,18,12,30,54,36,55,28,173,40,0,40,213
11/06/2015,MSN,WI,AGL,CE,Combined TRACON& Tower with Radar,55,33,39,18,145,0,2,35,4,41,55,35,74,22,186,26,0,26,212
11/07/2015,MSN,WI,AGL,CE,Combined TRACON& Tower with Radar,36,11,35,23,105,0,3,74,5,82,36,14,109,28,187,38,14,52,239
11/08/2015,MSN,WI,AGL,CE,Combined TRACON& Tower with Radar,49,25,39,5,118,0,2,129,0,131,49,27,168,5,249,30,0,30,279
11/09/2015,MSN,WI,AGL,CE,Combined TRACON& Tower with Radar,54,26,51,24,155,0,0,67,1,68,54,26,118,25,223,56,12,68,291
11/10/2015,MSN,WI,AGL,CE,Combined TRACON& Tower with Radar,52,31,49,15,147,0,1,74,16,91,52,32,123,31,238,102,6,108,346
11/11/2015,MSN,WI,AGL,CE,Combined TRACON& Tower with Radar,55,28,46,0,129,0,2,29,0,31,55,30,75,0,160,90,0,90,250
11/12/2015,MSN,WI,AGL,CE,Combined TRACON& Tower with Radar,58,22,33,4,117,0,0,1,0,1,58,22,34,4,118,0,0,0,118
11/13/2015,MSN,WI,AGL,CE,Combined TRACON& Tower with Radar,55,31,25,4,115,0,1,17,4,22,55,32,42,8,137,0,0,0,137
11/14/2015,MSN,WI,AGL,CE,Combined TRACON& Tower with Radar,35,16,29,0,80,0,0,113,2,115,35,16,142,2,195,140,0,140,335
11/15/2015,MSN,WI,AGL,CE,Combined TRACON& Tower with Radar,47,23,42,0,112,0,0,113,0,113,47,23,155,0,225,140,0,140,365
11/16/2015,MSN,WI,AGL,CE,Combined TRACON& Tower with Radar,53,23,33,22,131,0,0,21,4,25,53,23,54,26,156,10,0,10,166
11/17/2015,MSN,WI,AGL,CE,Combined TRACON& Tower with Radar,53,35,46,0,134,0,0,0,0,0,53,35,46,0,134,0,0,0,134
11/18/2015,MSN,WI,AGL,CE,Combined TRACON& Tower with Radar,54,25,52,20,151,0,0,4,9,13,54,25,56,29,164,0,0,0,164
11/19/2015,MSN,WI,AGL,CE,Combined TRACON& Tower with Radar,56,31,43,6,136,0,1,6,7,14,56,32,49,13,150,0,6,6,156
11/20/2015,MSN,WI,AGL,CE,Combined TRACON& Tower with Radar,53,34,40,5,132,0,3,79,3,85,53,37,119,8,217,80,0,80,297
11/21/2015,MSN,WI,AGL,CE,Combined TRACON& Tower with Radar,46,37,33,2,118,0,0,14,0,14,46,37,47,2,132,0,0,0,132
11/22/2015,MSN,WI,AGL,CE,Combined TRACON& Tower with Radar,44,28,39,0,111,0,0,61,0,61,44,28,100,0,172,84,0,84,256
11/23/2015,MSN,WI,AGL,CE,Combined TRACON& Tower with Radar,44,19,33,17,113,0,0,44,2,46,44,19,77,19,159,104,0,104,263
11/24/2015,MSN,WI,AGL,CE,Combined TRACON& Tower with Radar,51,28,50,24,153,0,5,73,9,87,51,33,123,33,240,114,2,116,356
11/25/2015,MSN,WI,AGL,CE,Combined TRACON& Tower with Radar,56,30,35,11,132,0,2,43,3,48,56,32,78,14,180,76,16,92,272
11/26/2015,MSN,WI,AGL,CE,Combined TRACON& Tower with Radar,25,6,4,0,35,0,0,0,0,0,25,6,4,0,35,0,0,0,35
11/27/2015,MSN,WI,AGL,CE,Combined TRACON& Tower with Radar,38,26,15,0,79,0,0,6,0,6,38,26,21,0,85,0,0,0,85
11/28/2015,MSN,WI,AGL,CE,Combined TRACON& Tower with Radar,57,24,41,1,123,0,1,78,1,80,57,25,119,2,203,78,0,78,281
11/29/2015,MSN,WI,AGL,CE,Combined TRACON& Tower with Radar,54,32,40,0,126,0,2,107,2,111,54,34,147,2,237,84,0,84,321
11/30/2015,MSN,WI,AGL,CE,Combined TRACON& Tower with Radar,60,20,35,13,128,0,0,9,0,9,60,20,44,13,137,30,0,30,167
12/01/2015,MSN,WI,AGL,CE,Combined TRACON& Tower with Radar,60,28,38,17,143,0,0,14,13,27,60,28,52,30,170,8,34,42,212
12/02/2015,MSN,WI,AGL,CE,Combined TRACON& Tower with Radar,57,26,62,14,159,0,0,4,2,6,57,26,66,16,165,16,2,18,183
12/03/2015,MSN,WI,AGL,CE,Combined TRACON& Tower with Radar,56,36,49,22,163,0,2,9,9,20,56,38,58,31,183,52,2,54,237
12/04/2015,MSN,WI,AGL,CE,Combined TRACON& Tower with Radar,57,33,30,17,137,0,2,96,4,102,57,35,126,21,239,104,2,106,345
12/05/2015,MSN,WI,AGL,CE,Combined TRACON& Tower with Radar,34,12,41,31,118,0,2,58,5,65,34,14,99,36,183,68,4,72,255
12/06/2015,MSN,WI,AGL,CE,Combined TRACON& Tower with Radar,43,21,27,4,95,0,0,0,0,0,43,21,27,4,95,6,0,6,101
12/07/2015,MSN,WI,AGL,CE,Combined TRACON& Tower with Radar,58,32,50,15,155,0,0,0,0,0,58,32,50,15,155,14,0,14,169
12/08/2015,MSN,WI,AGL,CE,Combined TRACON& Tower with Radar,58,29,52,19,158,0,0,12,0,12,58,29,64,19,170,10,4,14,184
12/09/2015,MSN,WI,AGL,CE,Combined TRACON& Tower with Radar,60,31,74,16,181,0,0,25,15,40,60,31,99,31,221,42,2,44,265
12/10/2015,MSN,WI,AGL,CE,Combined TRACON& Tower with Radar,62,31,48,3,144,0,3,28,14,45,62,34,76,17,189,0,0,0,189
12/11/2015,MSN,WI,AGL,CE,Combined TRACON& Tower with Radar,54,25,38,2,119,0,2,43,7,52,54,27,81,9,171,50,0,50,221
12/12/2015,MSN,WI,AGL,CE,Combined TRACON& Tower with Radar,38,18,19,1,76,0,0,0,0,0,38,18,19,1,76,0,0,0,76
12/13/2015,MSN,WI,AGL,CE,Combined TRACON& Tower with Radar,43,18,15,0,76,0,0,0,0,0,43,18,15,0,76,0,0,0,76
12/14/2015,MSN,WI,AGL,CE,Combined TRACON& Tower with Radar,56,27,36,18,137,0,0,4,0,4,56,27,40,18,141,10,0,10,151
12/15/2015,MSN,WI,AGL,CE,Combined TRACON& Tower with Radar,52,33,48,17,150,0,2,25,9,36,52,35,73,26,186,40,0,40,226
12/16/2015,MSN,WI,AGL,CE,Combined TRACON& Tower with Radar,60,30,49,14,153,0,0,4,14,18,60,30,53,28,171,0,0,0,171
12/17/2015,MSN,WI,AGL,CE,Combined TRACON& Tower with Radar,58,38,46,13,155,0,4,36,0,40,58,42,82,13,195,60,0,60,255
12/18/2015,MSN,WI,AGL,CE,Combined TRACON& Tower with Radar,55,37,61,0,153,0,2,45,4,51,55,39,106,4,204,70,2,72,276
12/19/2015,MSN,WI,AGL,CE,Combined TRACON& Tower with Radar,32,34,55,0,121,0,2,106,1,109,32,36,161,1,230,126,0,126,356
12/20/2015,MSN,WI,AGL,CE,Combined TRACON& Tower with Radar,35,30,22,0,87,0,0,25,0,25,35,30,47,0,112,38,0,38,150
12/21/2015,MSN,WI,AGL,CE,Combined TRACON& Tower with Radar,37,33,28,4,102,0,0,0,0,0,37,33,28,4,102,4,0,4,106
12/22/2015,MSN,WI,AGL,CE,Combined TRACON& Tower with Radar,41,35,34,11,121,0,0,1,0,1,41,35,35,11,122,4,0,4,126
12/23/2015,MSN,WI,AGL,CE,Combined TRACON& Tower with Radar,46,28,25,2,101,0,0,1,0,1,46,28,26,2,102,0,0,0,102
12/24/2015,MSN,WI,AGL,CE,Combined TRACON& Tower with Radar,35,20,14,0,69,0,2,30,0,32,35,22,44,0,101,24,0,24,125
12/25/2015,MSN,WI,AGL,CE,Combined TRACON& Tower with Radar,29,18,1,0,48,0,0,2,0,2,29,18,3,0,50,0,0,0,50
12/26/2015,MSN,WI,AGL,CE,Combined TRACON& Tower with Radar,36,28,17,0,81,0,0,5,0,5,36,28,22,0,86,6,0,6,92
12/27/2015,MSN,WI,AGL,CE,Combined TRACON& Tower with Radar,32,29,21,0,82,0,0,20,0,20,32,29,41,0,102,60,0,60,162
12/28/2015,MSN,WI,AGL,CE,Combined TRACON& Tower with Radar,32,19,9,0,60,0,0,0,0,0,32,19,9,0,60,8,4,12,72
12/29/2015,MSN,WI,AGL,CE,Combined TRACON& Tower with Radar,37,36,15,17,105,0,0,8,7,15,37,36,23,24,120,8,4,12,132
12/30/2015,MSN,WI,AGL,CE,Combined TRACON& Tower with Radar,34,39,24,15,112,0,0,4,2,6,34,39,28,17,118,14,0,14,132
12/31/2015,MSN,WI,AGL,CE,Combined TRACON& Tower with Radar,31,26,16,3,76,0,0,29,0,29,31,26,45,3,105,34,0,34,139
01/01/2016,MSN,WI,AGL,CE,Combined TRACON& Tower with Radar,35,20,11,0,66,0,2,26,0,28,35,22,37,0,94,8,0,8,102
01/02/2016,MSN,WI,AGL,CE,Combined TRACON& Tower with Radar,32,45,32,0,109,0,1,74,0,75,32,46,106,0,184,18,0,18,202
01/03/2016,MSN,WI,AGL,CE,Combined TRACON& Tower with Radar,36,30,19,0,85,0,2,33,0,35,36,32,52,0,120,34,0,34,154
01/04/2016,MSN,WI,AGL,CE,Combined TRACON& Tower with Radar,39,27,18,4,88,0,0,49,2,51,39,27,67,6,139,82,0,82,221
01/05/2016,MSN,WI,AGL,CE,Combined TRACON& Tower with Radar,48,29,66,15,158,0,1,49,11,61,48,30,115,26,219,18,0,18,237
01/06/2016,MSN,WI,AGL,CE,Combined TRACON& Tower with Radar,55,25,57,16,153,0,3,55,17,75,55,28,112,33,228,106,4,110,338
01/07/2016,MSN,WI,AGL,CE,Combined TRACON& Tower with Radar,52,28,22,8,110,0,1,3,0,4,52,29,25,8,114,6,0,6,120
01/08/2016,MSN,WI,AGL,CE,Combined TRACON& Tower with Radar,50,25,31,0,106,0,0,0,0,0,50,25,31,0,106,0,0,0,106
01/09/2016,MSN,WI,AGL,CE,Combined TRACON& Tower with Radar,31,20,14,19,84,0,0,2,0,2,31,20,16,19,86,0,0,0,86
01/10/2016,MSN,WI,AGL,CE,Combined TRACON& Tower with Radar,44,19,13,1,77,0,0,23,5,28,44,19,36,6,105,40,0,40,145
01/11/2016,MSN,WI,AGL,CE,Combined TRACON& Tower with Radar,48,25,32,1,106,0,2,27,2,31,48,27,59,3,137,32,4,36,173
01/12/2016,MSN,WI,AGL,CE,Combined TRACON& Tower with Radar,47,36,42,19,144,0,2,12,11,25,47,38,54,30,169,8,0,8,177
01/13/2016,MSN,WI,AGL,CE,Combined TRACON& Tower with Radar,53,37,34,16,140,0,2,14,12,28,53,39,48,28,168,6,4,10,178
01/14/2016,MSN,WI,AGL,CE,Combined TRACON& Tower with Radar,51,36,53,18,158,0,2,77,14,93,51,38,130,32,251,84,0,84,335
01/15/2016,MSN,WI,AGL,CE,Combined TRACON& Tower with Radar,48,34,45,0,127,0,0,0,0,0,48,34,45,0,127,0,0,0,127
01/16/2016,MSN,WI,AGL,CE,Combined TRACON& Tower with Radar,34,17,41,0,92,0,1,59,0,60,34,18,100,0,152,148,0,148,300
01/17/2016,MSN,WI,AGL,CE,Combined TRACON& Tower with Radar,38,20,9,1,68,0,0,6,0,6,38,20,15,1,74,12,0,12,86
01/18/2016,MSN,WI,AGL,CE,Combined TRACON& Tower with Radar,48,28,43,0,119,0,3,43,0,46,48,31,86,0,165,34,0,34,199
01/19/2016,MSN,WI,AGL,CE,Combined TRACON& Tower with Radar,49,33,33,18,133,0,2,22,3,27,49,35,55,21,160,20,0,20,180
01/20/2016,MSN,WI,AGL,CE,Combined TRACON& Tower with Radar,58,30,36,16,140,0,1,23,15,39,58,31,59,31,179,16,0,16,195
01/21/2016,MSN,WI,AGL,CE,Combined TRACON& Tower with Radar,49,34,37,28,148,0,0,13,17,30,49,34,50,45,178,140,0,140,318
01/22/2016,MSN,WI,AGL,CE,Combined TRACON& Tower with Radar,46,29,35,4,114,0,1,17,1,19,46,30,52,5,133,70,0,70,203
01/23/2016,MSN,WI,AGL,CE,Combined TRACON& Tower with Radar,33,17,47,0,97,0,2,110,0,112,33,19,157,0,209,108,0,108,317
01/24/2016,MSN,WI,AGL,CE,Combined TRACON& Tower with Radar,42,12,14,0,68,0,0,2,0,2,42,12,16,0,70,2,0,2,72
01/25/2016,MSN,WI,AGL,CE,Combined TRACON& Tower with Radar,46,34,35,21,136,0,0,3,1,4,46,34,38,22,140,48,0,48,188
01/26/2016,MSN,WI,AGL,CE,Combined TRACON& Tower with Radar,47,40,46,12,145,0,0,5,5,10,47,40,51,17,155,0,0,0,155
01/27/2016,MSN,WI,AGL,CE,Combined TRACON& Tower with Radar,56,29,43,1,129,0,2,55,13,70,56,31,98,14,199,46,0,46,245
01/28/2016,MSN,WI,AGL,CE,Combined TRACON& Tower with Radar,48,29,32,18,127,0,2,16,16,34,48,31,48,34,161,34,4,38,199
01/29/2016,MSN,WI,AGL,CE,Combined TRACON& Tower with Radar,52,28,32,4,116,0,2,81,3,86,52,30,113,7,202,152,4,156,358
01/30/2016,MSN,WI,AGL,CE,Combined TRACON& Tower with Radar,33,17,45,1,96,0,1,104,0,105,33,18,149,1,201,136,0,136,337
01/31/2016,MSN,WI,AGL,CE,Combined TRACON& Tower with Radar,48,22,12,0,82,0,0,3,0,3,48,22,15,0,85,12,0,12,97
02/01/2016,MSN,WI,AGL,CE,Combined TRACON& Tower with Radar,48,35,31,5,119,0,0,44,3,47,48,35,75,8,166,86,0,86,252
02/02/2016,MSN,WI,AGL,CE,Combined TRACON& Tower with Radar,40,27,11,0,78,0,0,0,0,0,40,27,11,0,78,0,0,0,78
02/03/2016,MSN,WI,AGL,CE,Combined TRACON& Tower with Radar,52,42,42,2,138,0,0,0,8,8,52,42,42,10,146,0,0,0,146
02/04/2016,MSN,WI,AGL,CE,Combined TRACON& Tower with Radar,49,45,28,19,141,0,2,49,13,64,49,47,77,32,205,64,4,68,273
02/05/2016,MSN,WI,AGL,CE,Combined TRACON& Tower with Radar,49,32,32,16,129,0,2,45,1,48,49,34,77,17,177,142,4,146,323
02/06/2016,MSN,WI,AGL,CE,Combined TRACON& Tower with Radar,25,24,32,20,101,0,0,21,0,21,25,24,53,20,122,28,2,30,152
02/07/2016,MSN,WI,AGL,CE,Combined TRACON& Tower with Radar,40,19,20,4,83,0,0,58,6,64,40,19,78,10,147,70,0,70,217
02/08/2016,MSN,WI,AGL,CE,Combined TRACON& Tower with Radar,48,35,32,18,133,0,0,5,2,7,48,35,37,20,140,24,0,24,164
02/09/2016,MSN,WI,AGL,CE,Combined TRACON& Tower with Radar,53,29,40,20,142,0,0,6,5,11,53,29,46,25,153,4,2,6,159
02/10/2016,MSN,WI,AGL,CE,Combined TRACON& Tower with Radar,55,35,43,18,151,0,1,19,7,27,55,36,62,25,178,18,0,18,196
02/11/2016,MSN,WI,AGL,CE,Combined TRACON& Tower with Radar,55,34,32,16,137,0,2,52,9,63,55,36,84,25,200,52,4,56,256
02/12/2016,MSN,WI,AGL,CE,Combined TRACON& Tower with Radar,55,34,36,3,128,0,4,25,3,32,55,38,61,6,160,26,0,26,186
02/13/2016,MSN,WI,AGL,CE,Combined TRACON& Tower with Radar,24,25,29,4,82,0,2,73,0,75,24,27,102,4,157,40,0,40,197
02/14/2016,MSN,WI,AGL,CE,Combined TRACON& Tower with Radar,35,26,13,0,74,0,0,4,0,4,35,26,17,0,78,0,0,0,78
02/15/2016,MSN,WI,AGL,CE,Combined TRACON& Tower with Radar,52,19,39,0,110,0,0,5,0,5,52,19,44,0,115,0,0,0,115
02/16/2016,MSN,WI,AGL,CE,Combined TRACON& Tower with Radar,51,28,34,15,128,0,0,0,0,0,51,28,34,15,128,0,0,0,128
02/17/2016,MSN,WI,AGL,CE,Combined TRACON& Tower with Radar,61,25,53,19,158,0,5,79,13,97,61,30,132,32,255,46,2,48,303
02/18/2016,MSN,WI,AGL,CE,Combined TRACON& Tower with Radar,57,23,31,9,120,0,2,18,8,28,57,25,49,17,148,38,0,38,186
02/19/2016,MSN,WI,AGL,CE,Combined TRACON& Tower with Radar,61,21,32,8,122,0,2,2,2,6,61,23,34,10,128,16,0,16,144
02/20/2016,MSN,WI,AGL,CE,Combined TRACON& Tower with Radar,29,32,38,2,101,0,1,94,6,101,29,33,132,8,202,64,0,64,266
02/21/2016,MSN,WI,AGL,CE,Combined TRACON& Tower with Radar,47,26,23,4,100,0,0,17,2,19,47,26,40,6,119,26,0,26,145
02/22/2016,MSN,WI,AGL,CE,Combined TRACON& Tower with Radar,60,20,31,14,125,0,2,21,2,25,60,22,52,16,150,42,4,46,196
02/23/2016,MSN,WI,AGL,CE,Combined TRACON& Tower with Radar,53,23,34,14,124,0,1,42,18,61,53,24,76,32,185,114,0,114,299
02/24/2016,MSN,WI,AGL,CE,Combined TRACON& Tower with Radar,62,19,37,14,132,0,1,7,16,24,62,20,44,30,156,0,8,8,164
02/25/2016,MSN,WI,AGL,CE,Combined TRACON& Tower with Radar,54,25,34,11,124,0,2,16,17,35,54,27,50,28,159,14,0,14,173
02/26/2016,MSN,WI,AGL,CE,Combined TRACON& Tower with Radar,54,23,51,8,136,0,3,75,3,81,54,26,126,11,217,44,0,44,261
02/27/2016,MSN,WI,AGL,CE,Combined TRACON& Tower with Radar,29,23,31,4,87,0,1,108,1,110,29,24,139,5,197,50,0,50,247
02/28/2016,MSN,WI,AGL,CE,Combined TRACON& Tower with Radar,47,27,45,0,119,0,0,20,0,20,47,27,65,0,139,42,0,42,181
02/29/2016,MSN,WI,AGL,CE,Combined TRACON& Tower with Radar,56,31,31,6,124,0,0,18,10,28,56,31,49,16,152,74,0,74,226
03/01/2016,MSN,WI,AGL,CE,Combined TRACON& Tower with Radar,48,19,36,1,104,0,0,4,5,9,48,19,40,6,113,0,0,0,113
03/02/2016,MSN,WI,AGL,CE,Combined TRACON& Tower with Radar,60,30,48,11,149,0,3,42,12,57,60,33,90,23,206,30,2,32,238
03/03/2016,MSN,WI,AGL,CE,Combined TRACON& Tower with Radar,55,30,46,14,145,0,2,13,4,19,55,32,59,18,164,22,0,22,186
03/04/2016,MSN,WI,AGL,CE,Combined TRACON& Tower with Radar,53,31,45,14,143,0,3,53,7,63,53,34,98,21,206,42,0,42,248
03/05/2016,MSN,WI,AGL,CE,Combined TRACON& Tower with Radar,33,26,22,22,103,0,0,2,1,3,33,26,24,23,106,38,0,38,144
03/06/2016,MSN,WI,AGL,CE,Combined TRACON& Tower with Radar,52,20,30,3,105,0,3,64,2,69,52,23,94,5,174,8,0,8,182
03/07/2016,MSN,WI,AGL,CE,Combined TRACON& Tower with Radar,53,39,47,13,152,0,0,32,4,36,53,39,79,17,188,96,0,96,284
03/08/2016,MSN,WI,AGL,CE,Combined TRACON& Tower with Radar,45,38,28,18,129,0,4,11,7,22,45,42,39,25,151,32,0,32,183
03/09/2016,MSN,WI,AGL,CE,Combined TRACON& Tower with Radar,58,41,42,21,162,0,3,29,12,44,58,44,71,33,206,60,2,62,268
03/10/2016,MSN,WI,AGL,CE,Combined TRACON& Tower with Radar,56,35,46,18,155,0,2,35,21,58,56,37,81,39,213,122,0,122,335
03/11/2016,MSN,WI,AGL,CE,Combined TRACON& Tower with Radar,56,23,43,13,135,0,3,108,6,117,56,26,151,19,252,122,4,126,378
03/12/2016,MSN,WI,AGL,CE,Combined TRACON& Tower with Radar,36,17,48,14,115,0,1,117,6,124,36,18,165,20,239,120,0,120,359
03/13/2016,MSN,WI,AGL,CE,Combined TRACON& Tower with Radar,48,33,35,4,120,0,0,22,1,23,48,33,57,5,143,44,4,48,191
03/14/2016,MSN,WI,AGL,CE,Combined TRACON& Tower with Radar,54,28,40,15,137,0,0,2,0,2,54,28,42,15,139,6,4,10,149
03/15/2016,MSN,WI,AGL,CE,Combined TRACON& Tower with Radar,46,33,54,2,135,0,0,0,0,0,46,33,54,2,135,8,0,8,143
03/16/2016,MSN,WI,AGL,CE,Combined TRACON& Tower with Radar,66,30,28,1,125,0,1,2,2,5,66,31,30,3,130,8,0,8,138
03/17/2016,MSN,WI,AGL,CE,Combined TRACON& Tower with Radar,53,32,28,15,128,0,2,16,18,36,53,34,44,33,164,10,2,12,176
03/18/2016,MSN,WI,AGL,CE,Combined TRACON& Tower with Radar,56,24,55,1,136,0,1,24,6,31,56,25,79,7,167,112,0,112,279
03/19/2016,MSN,WI,AGL,CE,Combined TRACON& Tower with Radar,32,21,36,0,89,0,1,24,1,26,32,22,60,1,115,52,0,52,167
03/20/2016,MSN,WI,AGL,CE,Combined TRACON& Tower with Radar,43,27,36,0,106,0,3,110,0,113,43,30,146,0,219,58,0,58,277
03/21/2016,MSN,WI,AGL,CE,Combined TRACON& Tower with Radar,53,37,33,14,137,0,0,72,8,80,53,37,105,22,217,18,0,18,235
03/22/2016,MSN,WI,AGL,CE,Combined TRACON& Tower with Radar,48,37,37,15,137,0,2,47,15,64,48,39,84,30,201,48,0,48,249
03/23/2016,MSN,WI,AGL,CE,Combined TRACON& Tower with Radar,53,31,17,4,105,0,0,0,0,0,53,31,17,4,105,0,0,0,105
03/24/2016,MSN,WI,AGL,CE,Combined TRACON& Tower with Radar,48,32,15,0,95,0,0,0,6,6,48,32,15,6,101,0,0,0,101
03/25/2016,MSN,WI,AGL,CE,Combined TRACON& Tower with Radar,54,24,39,0,117,0,1,97,5,103,54,25,136,5,220,108,0,108,328
03/26/2016,MSN,WI,AGL,CE,Combined TRACON& Tower with Radar,37,25,34,0,96,0,1,93,2,96,37,26,127,2,192,182,0,182,374
03/27/2016,MSN,WI,AGL,CE,Combined TRACON& Tower with Radar,43,25,18,0,86,0,0,4,0,4,43,25,22,0,90,30,0,30,120
03/28/2016,MSN,WI,AGL,CE,Combined TRACON& Tower with Radar,52,35,41,4,132,0,1,59,5,65,52,36,100,9,197,116,2,118,315
03/29/2016,MSN,WI,AGL,CE,Combined TRACON& Tower with Radar,51,27,47,14,139,0,2,75,17,94,51,29,122,31,233,86,0,86,319
03/30/2016,MSN,WI,AGL,CE,Combined TRACON& Tower with Radar,55,26,45,9,135,0,2,8,3,13,55,28,53,12,148,46,0,46,194
03/31/2016,MSN,WI,AGL,CE,Combined TRACON& Tower with Radar,48,34,21,5,108,0,0,1,0,1,48,34,22,5,109,0,4,4,113
04/01/2016,MSN,WI,AGL,CE,Combined TRACON& Tower with Radar,53,32,31,3,119,0,1,13,0,14,53,33,44,3,133,42,0,42,175
04/02/2016,MSN,WI,AGL,CE,Combined TRACON& Tower with Radar,29,26,13,4,72,0,0,0,0,0,29,26,13,4,72,0,0,0,72
04/03/2016,MSN,WI,AGL,CE,Combined TRACON& Tower with Radar,44,21,29,0,94,0,1,42,0,43,44,22,71,0,137,32,0,32,169
04/04/2016,MSN,WI,AGL,CE,Combined TRACON& Tower with Radar,55,30,33,4,122,0,0,36,4,40,55,30,69,8,162,26,0,26,188
04/05/2016,MSN,WI,AGL,CE,Combined TRACON& Tower with Radar,56,29,48,9,142,0,2,24,12,38,56,31,72,21,180,6,2,8,188
04/06/2016,MSN,WI,AGL,CE,Combined TRACON& Tower with Radar,61,34,50,14,159,0,1,2,2,5,61,35,52,16,164,2,24,26,190
04/07/2016,MSN,WI,AGL,CE,Combined TRACON& Tower with Radar,61,29,36,15,141,0,5,17,7,29,61,34,53,22,170,26,0,26,196
04/08/2016,MSN,WI,AGL,CE,Combined TRACON& Tower with Radar,64,30,39,0,133,0,0,0,0,0,64,30,39,0,133,0,0,0,133
04/09/2016,MSN,WI,AGL,CE,Combined TRACON& Tower with Radar,28,28,33,2,91,0,3,112,0,115,28,31,145,2,206,192,0,192,398
04/10/2016,MSN,WI,AGL,CE,Combined TRACON& Tower with Radar,45,31,22,2,100,0,2,3,0,5,45,33,25,2,105,12,0,12,117
04/11/2016,MSN,WI,AGL,CE,Combined TRACON& Tower with Radar,60,26,39,4,129,0,4,39,4,47,60,30,78,8,176,62,0,62,238
04/12/2016,MSN,WI,AGL,CE,Combined TRACON& Tower with Radar,55,27,77,5,164,0,5,88,12,105,55,32,165,17,269,104,0,104,373
04/13/2016,MSN,WI,AGL,CE,Combined TRACON& Tower with Radar,62,36,42,15,155,0,5,68,4,77,62,41,110,19,232,48,2,50,282
04/14/2016,MSN,WI,AGL,CE,Combined TRACON& Tower with Radar,61,31,56,5,153,0,2,75,13,90,61,33,131,18,243,34,0,34,277
04/15/2016,MSN,WI,AGL,CE,Combined TRACON& Tower with Radar,62,33,42,3,140,0,2,90,4,96,62,35,132,7,236,52,0,52,288
04/16/2016,MSN,WI,AGL,CE,Combined TRACON& Tower with Radar,26,25,33,6,90,0,1,110,2,113,26,26,143,8,203,50,0,50,253
04/17/2016,MSN,WI,AGL,CE,Combined TRACON& Tower with Radar,44,22,33,3,102,0,1,94,2,97,44,23,127,5,199,52,0,52,251
04/18/2016,MSN,WI,AGL,CE,Combined TRACON& Tower with Radar,58,22,60,13,153,0,0,59,4,63,58,22,119,17,216,38,0,38,254
04/19/2016,MSN,WI,AGL,CE,Combined TRACON& Tower with Radar,56,30,52,24,162,0,3,23,4,30,56,33,75,28,192,8,0,8,200
04/20/2016,MSN,WI,AGL,CE,Combined TRACON& Tower with Radar,59,30,51,24,164,0,2,49,15,66,59,32,100,39,230,80,2,82,312
04/21/2016,MSN,WI,AGL,CE,Combined TRACON& Tower with Radar,62,36,43,10,151,0,1,51,22,74,62,37,94,32,225,70,0,70,295
04/22/2016,MSN,WI,AGL,CE,Combined TRACON& Tower with Radar,60,28,70,4,162,0,1,59,6,66,60,29,129,10,228,96,0,96,324
04/23/2016,MSN,WI,AGL,CE,Combined TRACON& Tower with Radar,28,26,34,2,90,0,4,110,1,115,28,30,144,3,205,104,0,104,309
04/24/2016,MSN,WI,AGL,CE,Combined TRACON& Tower with Radar,49,32,26,2,109,0,0,34,1,35,49,32,60,3,144,30,0,30,174
04/25/2016,MSN,WI,AGL,CE,Combined TRACON& Tower with Radar,66,28,32,13,139,0,1,35,3,39,66,29,67,16,178,24,0,24,202
04/26/2016,MSN,WI,AGL,CE,Combined TRACON& Tower with Radar,55,27,52,19,153,0,1,10,6,17,55,28,62,25,170,4,0,4,174
04/27/2016,MSN,WI,AGL,CE,Combined TRACON& Tower with Radar,57,34,57,10,158,0,3,21,7,31,57,37,78,17,189,18,16,34,223
04/28/2016,MSN,WI,AGL,CE,Combined TRACON& Tower with Radar,61,32,54,17,164,0,1,1,2,4,61,33,55,19,168,18,16,34,202
04/29/2016,MSN,WI,AGL,CE,Combined TRACON& Tower with Radar,56,36,63,7,162,0,2,61,4,67,56,38,124,11,229,56,0,56,285
04/30/2016,MSN,WI,AGL,CE,Combined TRACON& Tower with Radar,25,23,20,9,77,0,1,6,0,7,25,24,26,9,84,22,0,22,106
05/01/2016,MSN,WI,AGL,CE,Combined TRACON& Tower with Radar,46,30,25,1,102,0,2,15,0,17,46,32,40,1,119,18,0,18,137
05/02/2016,MSN,WI,AGL,CE,Combined TRACON& Tower with Radar,58,28,26,20,132,0,0,76,10,86,58,28,102,30,218,50,2,52,270
05/03/2016,MSN,WI,AGL,CE,Combined TRACON& Tower with Radar,50,33,35,18,136,0,2,58,11,71,50,35,93,29,207,42,6,48,255
05/04/2016,MSN,WI,AGL,CE,Combined TRACON& Tower with Radar,53,36,49,9,147,0,3,44,11,58,53,39,93,20,205,34,0,34,239
05/05/2016,MSN,WI,AGL,CE,Combined TRACON& Tower with Radar,56,40,44,8,148,0,4,80,11,95,56,44,124,19,243,80,0,80,323
05/06/2016,MSN,WI,AGL,CE,Combined TRACON& Tower with Radar,55,27,46,12,140,0,2,72,0,74,55,29,118,12,214,74,0,74,288
05/07/2016,MSN,WI,AGL,CE,Combined TRACON& Tower with Radar,31,18,24,6,79,0,1,46,0,47,31,19,70,6,126,30,0,30,156
05/08/2016,MSN,WI,AGL,CE,Combined TRACON& Tower with Radar,41,30,24,1,96,0,0,95,0,95,41,30,119,1,191,76,0,76,267
05/09/2016,MSN,WI,AGL,CE,Combined TRACON& Tower with Radar,54,30,32,5,121,0,0,23,2,25,54,30,55,7,146,2,0,2,148
05/10/2016,MSN,WI,AGL,CE,Combined TRACON& Tower with Radar,56,32,50,3,141,0,0,0,0,0,56,32,50,3,141,0,0,0,141
05/11/2016,MSN,WI,AGL,CE,Combined TRACON& Tower with Radar,62,28,62,0,152,0,2,3,2,7,62,30,65,2,159,0,0,0,159
05/12/2016,MSN,WI,AGL,CE,Combined TRACON& Tower with Radar,59,27,43,10,139,0,0,48,12,60,59,27,91,22,199,46,0,46,245
05/13/2016,MSN,WI,AGL,CE,Combined TRACON& Tower with Radar,59,37,58,4,158,0,7,49,2,58,59,44,107,6,216,39,0,39,255
05/14/2016,MSN,WI,AGL,CE,Combined TRACON& Tower with Radar,29,32,22,0,83,0,1,36,4,41,29,33,58,4,124,45,0,45,169
05/15/2016,MSN,WI,AGL,CE,Combined TRACON& Tower with Radar,53,32,35,2,122,0,0,94,2,96,53,32,129,4,218,114,0,114,332
05/16/2016,MSN,WI,AGL,CE,Combined TRACON& Tower with Radar,60,28,37,6,131,0,0,44,3,47,60,28,81,9,178,32,0,32,210
05/17/2016,MSN,WI,AGL,CE,Combined TRACON& Tower with Radar,55,27,56,4,142,0,4,85,9,98,55,31,141,13,240,74,0,74,314
05/18/2016,MSN,WI,AGL,CE,Combined TRACON& Tower with Radar,57,39,50,6,152,0,3,89,15,107,57,42,139,21,259,18,2,20,279
05/19/2016,MSN,WI,AGL,CE,Combined TRACON& Tower with Radar,57,35,60,3,155,0,6,75,16,97,57,41,135,19,252,9,0,9,261
05/20/2016,MSN,WI,AGL,CE,Combined TRACON& Tower with Radar,62,28,62,6,158,0,4,94,9,107,62,32,156,15,265,64,0,64,329
05/21/2016,MSN,WI,AGL,CE,Combined TRACON& Tower with Radar,32,24,19,11,86,0,2,83,5,90,32,26,102,16,176,60,0,60,236
05/22/2016,MSN,WI,AGL,CE,Combined TRACON& Tower with Radar,51,27,42,12,132,0,0,96,0,96,51,27,138,12,228,42,0,42,270
05/23/2016,MSN,WI,AGL,CE,Combined TRACON& Tower with Radar,58,28,48,16,150,0,1,51,5,57,58,29,99,21,207,56,0,56,263
05/24/2016,MSN,WI,AGL,CE,Combined TRACON& Tower with Radar,56,31,40,19,146,0,2,45,10,57,56,33,85,29,203,0,0,0,203
05/25/2016,MSN,WI,AGL,CE,Combined TRACON& Tower with Radar,62,28,47,16,153,0,3,19,5,27,62,31,66,21,180,12,0,12,192
05/26/2016,MSN,WI,AGL,CE,Combined TRACON& Tower with Radar,60,24,49,12,145,0,3,61,1,65,60,27,110,13,210,28,2,30,240
05/27/2016,MSN,WI,AGL,CE,Combined TRACON& Tower with Radar,58,26,38,4,126,0,2,19,0,21,58,28,57,4,147,26,0,26,173
05/28/2016,MSN,WI,AGL,CE,Combined TRACON& Tower with Radar,30,16,12,0,58,0,0,12,1,13,30,16,24,1,71,6,0,6,77
05/29/2016,MSN,WI,AGL,CE,Combined TRACON& Tower with Radar,26,17,16,4,63,0,0,37,1,38,26,17,53,5,101,32,0,32,133
05/30/2016,MSN,WI,AGL,CE,Combined TRACON& Tower with Radar,55,18,26,9,108,0,0,86,2,88,55,18,112,11,196,76,0,76,272
05/31/2016,MSN,WI,AGL,CE,Combined TRACON& Tower with Radar,48,27,35,10,120,0,2,26,2,30,48,29,61,12,150,16,2,18,168
06/01/2016,MSN,WI,AGL,CE,Combined TRACON& Tower with Radar,62,34,68,9,173,0,0,30,14,44,62,34,98,23,217,12,0,12,229
06/02/2016,MSN,WI,AGL,CE,Combined TRACON& Tower with Radar,50,36,57,27,170,0,2,65,3,70,50,38,122,30,240,38,0,38,278
06/03/2016,MSN,WI,AGL,CE,Combined TRACON& Tower with Radar,54,36,34,18,142,0,2,63,0,65,54,38,97,18,207,26,0,26,233
06/04/2016,MSN,WI,AGL,CE,Combined TRACON& Tower with Radar,30,25,11,19,85,0,0,20,4,24,30,25,31,23,109,40,0,40,149
06/05/2016,MSN,WI,AGL,CE,Combined TRACON& Tower with Radar,46,37,24,3,110,0,2,38,5,45,46,39,62,8,155,22,0,22,177
06/06/2016,MSN,WI,AGL,CE,Combined TRACON& Tower with Radar,58,31,37,12,138,0,0,25,2,27,58,31,62,14,165,8,0,8,173
06/07/2016,MSN,WI,AGL,CE,Combined TRACON& Tower with Radar,47,33,57,17,154,0,4,52,4,60,47,37,109,21,214,20,6,26,240
06/08/2016,MSN,WI,AGL,CE,Combined TRACON& Tower with Radar,51,36,50,10,147,0,6,114,3,123,51,42,164,13,270,32,4,36,306
06/09/2016,MSN,WI,AGL,CE,Combined TRACON& Tower with Radar,54,34,29,1,118,0,2,25,0,27,54,36,54,1,145,4,0,4,149
06/10/2016,MSN,WI,AGL,CE,Combined TRACON& Tower with Radar,55,33,45,1,134,0,6,61,4,71,55,39,106,5,205,32,0,32,237
06/11/2016,MSN,WI,AGL,CE,Combined TRACON& Tower with Radar,31,22,14,2,69,0,3,54,2,59,31,25,68,4,128,20,2,22,150
06/12/2016,MSN,WI,AGL,CE,Combined TRACON& Tower with Radar,53,23,33,1,110,0,0,72,9,81,53,23,105,10,191,54,0,54,245
06/13/2016,MSN,WI,AGL,CE,Combined TRACON& Tower with Radar,51,31,29,18,129,0,0,58,3,61,51,31,87,21,190,42,0,42,232
06/14/2016,MSN,WI,AGL,CE,Combined TRACON& Tower with Radar,53,34,38,23,148,0,2,37,10,49,53,36,75,33,197,58,0,58,255
06/15/2016,MSN,WI,AGL,CE,Combined TRACON& Tower with Radar,59,42,52,18,171,0,1,59,3,63,59,43,111,21,234,114,2,116,350
06/16/2016,MSN,WI,AGL,CE,Combined TRACON& Tower with Radar,55,37,55,24,171,0,2,25,15,42,55,39,80,39,213,72,0,72,285
06/17/2016,MSN,WI,AGL,CE,Combined TRACON& Tower with Radar,56,35,33,2,126,0,4,92,5,101,56,39,125,7,227,62,0,62,289
06/18/2016,MSN,WI,AGL,CE,Combined TRACON& Tower with Radar,32,19,40,2,93,0,1,100,2,103,32,20,140,4,196,24,0,24,220
06/19/2016,MSN,WI,AGL,CE,Combined TRACON& Tower with Radar,54,28,25,1,108,0,4,77,0,81,54,32,102,1,189,16,0,16,205
06/20/2016,MSN,WI,AGL,CE,Combined TRACON& Tower with Radar,57,34,53,18,162,0,0,37,3,40,57,34,90,21,202,18,0,18,220
06/21/2016,MSN,WI,AGL,CE,Combined TRACON& Tower with Radar,54,34,58,15,161,0,3,58,2,63,54,37,116,17,224,26,0,26,250
06/22/2016,MSN,WI,AGL,CE,Combined TRACON& Tower with Radar,62,38,51,13,164,0,2,13,9,24,62,40,64,22,188,32,0,32,220
06/23/2016,MSN,WI,AGL,CE,Combined TRACON& Tower with Radar,54,33,83,10,180,0,0,8,0,8,54,33,91,10,188,14,0,14,202
06/24/2016,MSN,WI,AGL,CE,Combined TRACON& Tower with Radar,55,33,33,6,127,0,5,89,3,97,55,38,122,9,224,32,0,32,256
06/25/2016,MSN,WI,AGL,CE,Combined TRACON& Tower with Radar,32,24,23,0,79,0,2,64,1,67,32,26,87,1,146,14,0,14,160
06/26/2016,MSN,WI,AGL,CE,Combined TRACON& Tower with Radar,53,23,26,0,102,0,1,32,0,33,53,24,58,0,135,16,0,16,151
06/27/2016,MSN,WI,AGL,CE,Combined TRACON& Tower with Radar,55,30,39,16,140,0,0,31,3,34,55,30,70,19,174,34,0,34,208
06/28/2016,MSN,WI,AGL,CE,Combined TRACON& Tower with Radar,54,34,58,18,164,0,5,65,9,79,54,39,123,27,243,58,0,58,301
06/29/2016,MSN,WI,AGL,CE,Combined TRACON& Tower with Radar,56,33,71,19,179,0,2,83,17,102,56,35,154,36,281,70,0,70,351
06/30/2016,MSN,WI,AGL,CE,Combined TRACON& Tower with Radar,54,34,54,11,153,0,2,39,3,44,54,36,93,14,197,18,0,18,215
07/01/2016,MSN,WI,AGL,CE,Combined TRACON& Tower with Radar,59,30,52,0,141,0,1,79,0,80,59,31,131,0,221,14,0,14,235
07/02/2016,MSN,WI,AGL,CE,Combined TRACON& Tower with Radar,31,18,32,0,81,0,0,83,2,85,31,18,115,2,166,30,0,30,196
07/03/2016,MSN,WI,AGL,CE,Combined TRACON& Tower with Radar,29,17,18,0,64,0,0,73,1,74,29,17,91,1,138,32,0,32,170
07/04/2016,MSN,WI,AGL,CE,Combined TRACON& Tower with Radar,34,14,29,0,77,0,0,27,0,27,34,14,56,0,104,54,0,54,158
07/05/2016,MSN,WI,AGL,CE,Combined TRACON& Tower with Radar,60,30,27,19,136,0,2,35,0,37,60,32,62,19,173,54,0,54,227
07/06/2016,MSN,WI,AGL,CE,Combined TRACON& Tower with Radar,60,28,43,17,148,0,2,29,15,46,60,30,72,32,194,30,0,30,224
07/07/2016,MSN,WI,AGL,CE,Combined TRACON& Tower with Radar,56,34,43,6,139,0,0,25,10,35,56,34,68,16,174,76,14,90,264
07/08/2016,MSN,WI,AGL,CE,Combined TRACON& Tower with Radar,53,29,39,10,131,0,4,44,6,54,53,33,83,16,185,10,8,18,203
07/09/2016,MSN,WI,AGL,CE,Combined TRACON& Tower with Radar,26,27,43,5,101,0,3,82,3,88,26,30,125,8,189,90,4,94,283
07/10/2016,MSN,WI,AGL,CE,Combined TRACON& Tower with Radar,51,30,21,5,107,0,0,56,1,57,51,30,77,6,164,40,0,40,204
07/11/2016,MSN,WI,AGL,CE,Combined TRACON& Tower with Radar,56,35,35,20,146,0,3,44,6,53,56,38,79,26,199,14,8,22,221
07/12/2016,MSN,WI,AGL,CE,Combined TRACON& Tower with Radar,59,32,39,17,147,0,2,32,7,41,59,34,71,24,188,36,0,36,224
07/13/2016,MSN,WI,AGL,CE,Combined TRACON& Tower with Radar,64,31,40,11,146,0,2,38,13,53,64,33,78,24,199,64,0,64,263
07/14/2016,MSN,WI,AGL,CE,Combined TRACON& Tower with Radar,53,37,67,14,171,0,5,47,10,62,53,42,114,24,233,22,4,26,259
07/15/2016,MSN,WI,AGL,CE,Combined TRACON& Tower with Radar,57,36,64,17,174,0,2,36,1,39,57,38,100,18,213,18,0,18,231
07/16/2016,MSN,WI,AGL,CE,Combined TRACON& Tower with Radar,28,25,40,8,101,0,1,106,1,108,28,26,146,9,209,54,0,54,263
07/17/2016,MSN,WI,AGL,CE,Combined TRACON& Tower with Radar,48,34,19,4,105,0,0,19,0,19,48,34,38,4,124,0,0,0,124
07/18/2016,MSN,WI,AGL,CE,Combined TRACON& Tower with Radar,56,34,38,15,143,0,0,72,12,84,56,34,110,27,227,28,0,28,255
07/19/2016,MSN,WI,AGL,CE,Combined TRACON& Tower with Radar,54,35,57,17,163,0,2,67,14,83,54,37,124,31,246,72,0,72,318
07/20/2016,MSN,WI,AGL,CE,Combined TRACON& Tower with Radar,59,34,53,16,162,0,2,43,16,61,59,36,96,32,223,36,2,38,261
07/21/2016,MSN,WI,AGL,CE,Combined TRACON& Tower with Radar,43,41,43,14,141,0,1,16,5,22,43,42,59,19,163,28,0,28,191
07/22/2016,MSN,WI,AGL,CE,Combined TRACON& Tower with Radar,55,41,51,3,150,0,1,76,1,78,55,42,127,4,228,28,0,28,256
07/23/2016,MSN,WI,AGL,CE,Combined TRACON& Tower with Radar,28,24,46,1,99,0,0,37,0,37,28,24,83,1,136,6,0,6,142
07/24/2016,MSN,WI,AGL,CE,Combined TRACON& Tower with Radar,47,33,56,2,138,0,4,111,0,115,47,37,167,2,253,16,0,16,269
07/25/2016,MSN,WI,AGL,CE,Combined TRACON& Tower with Radar,48,41,44,10,143,0,1,80,10,91,48,42,124,20,234,36,0,36,270
07/26/2016,MSN,WI,AGL,CE,Combined TRACON& Tower with Radar,51,45,47,12,155,0,0,76,13,89,51,45,123,25,244,30,2,32,276
07/27/2016,MSN,WI,AGL,CE,Combined TRACON& Tower with Radar,54,46,86,12,198,0,3,67,11,81,54,49,153,23,279,58,0,58,337
07/28/2016,MSN,WI,AGL,CE,Combined TRACON& Tower with Radar,54,40,59,9,162,0,2,31,0,33,54,42,90,9,195,0,2,2,197
07/29/2016,MSN,WI,AGL,CE,Combined TRACON& Tower with Radar,51,31,57,5,144,0,0,18,5,23,51,31,75,10,167,16,4,20,187
07/30/2016,MSN,WI,AGL,CE,Combined TRACON& Tower with Radar,27,27,44,1,99,0,4,59,1,64,27,31,103,2,163,36,0,36,199
07/31/2016,MSN,WI,AGL,CE,Combined TRACON& Tower with Radar,45,36,53,8,142,0,4,88,0,92,45,40,141,8,234,10,0,10,244
08/01/2016,MSN,WI,AGL,CE,Combined TRACON& Tower with Radar,51,43,41,16,151,0,2,63,6,71,51,45,104,22,222,84,10,94,316
08/02/2016,MSN,WI,AGL,CE,Combined TRACON& Tower with Radar,54,46,53,18,171,0,1,35,15,51,54,47,88,33,222,80,0,80,302
08/03/2016,MSN,WI,AGL,CE,Combined TRACON& Tower with Radar,55,38,44,24,161,0,0,51,4,55,55,38,95,28,216,60,0,60,276
08/04/2016,MSN,WI,AGL,CE,Combined TRACON& Tower with Radar,56,38,47,11,152,0,2,35,1,38,56,40,82,12,190,88,0,88,278
08/05/2016,MSN,WI,AGL,CE,Combined TRACON& Tower with Radar,56,37,70,7,170,0,2,82,8,92,56,39,152,15,262,40,0,40,302
08/06/2016,MSN,WI,AGL,CE,Combined TRACON& Tower with Radar,28,25,30,28,111,0,2,91,13,106,28,27,121,41,217,48,0,48,265
08/07/2016,MSN,WI,AGL,CE,Combined TRACON& Tower with Radar,45,32,37,10,124,0,2,72,4,78,45,34,109,14,202,62,0,62,264
08/08/2016,MSN,WI,AGL,CE,Combined TRACON& Tower with Radar,41,35,55,13,144,0,0,82,1,83,41,35,137,14,227,16,0,16,243
08/09/2016,MSN,WI,AGL,CE,Combined TRACON& Tower with Radar,48,40,39,17,144,0,0,70,5,75,48,40,109,22,219,54,0,54,273
08/10/2016,MSN,WI,AGL,CE,Combined TRACON& Tower with Radar,59,43,60,25,187,0,0,52,14,66,59,43,112,39,253,108,0,108,361
08/11/2016,MSN,WI,AGL,CE,Combined TRACON& Tower with Radar,49,40,42,11,142,0,1,14,8,23,49,41,56,19,165,12,0,12,177
08/12/2016,MSN,WI,AGL,CE,Combined TRACON& Tower with Radar,55,36,33,3,127,0,0,9,2,11,55,36,42,5,138,16,0,16,154
08/13/2016,MSN,WI,AGL,CE,Combined TRACON& Tower with Radar,28,24,28,6,86,0,0,26,6,32,28,24,54,12,118,26,4,30,148
08/14/2016,MSN,WI,AGL,CE,Combined TRACON& Tower with Radar,45,30,37,13,125,0,0,98,1,99,45,30,135,14,224,48,0,48,272
08/15/2016,MSN,WI,AGL,CE,Combined TRACON& Tower with Radar,52,40,38,14,144,0,0,56,5,61,52,40,94,19,205,90,0,90,295
08/16/2016,MSN,WI,AGL,CE,Combined TRACON& Tower with Radar,50,45,55,18,168,0,1,70,2,73,50,46,125,20,241,32,0,32,273
08/17/2016,MSN,WI,AGL,CE,Combined TRACON& Tower with Radar,54,43,49,18,164,0,0,51,4,55,54,43,100,22,219,13,0,13,232
08/18/2016,MSN,WI,AGL,CE,Combined TRACON& Tower with Radar,59,34,63,28,184,0,0,77,8,85,59,34,140,36,269,38,0,38,307
08/19/2016,MSN,WI,AGL,CE,Combined TRACON& Tower with Radar,51,28,37,1,117,0,0,22,1,23,51,28,59,2,140,24,0,24,164
08/20/2016,MSN,WI,AGL,CE,Combined TRACON& Tower with Radar,29,27,16,1,73,0,0,2,1,3,29,27,18,2,76,0,0,0,76
08/21/2016,MSN,WI,AGL,CE,Combined TRACON& Tower with Radar,46,35,40,5,126,0,0,77,3,80,46,35,117,8,206,94,0,94,300
08/22/2016,MSN,WI,AGL,CE,Combined TRACON& Tower with Radar,56,34,59,0,149,0,3,88,4,95,56,37,147,4,244,72,0,72,316
08/23/2016,MSN,WI,AGL,CE,Combined TRACON& Tower with Radar,54,32,53,14,153,0,2,54,2,58,54,34,107,16,211,36,0,36,247
08/24/2016,MSN,WI,AGL,CE,Combined TRACON& Tower with Radar,58,34,43,18,153,0,0,13,8,21,58,34,56,26,174,38,10,48,222
08/25/2016,MSN,WI,AGL,CE,Combined TRACON& Tower with Radar,58,37,63,18,176,0,1,87,1,89,58,38,150,19,265,122,4,126,391
08/26/2016,MSN,WI,AGL,CE,Combined TRACON& Tower with Radar,64,23,32,13,132,0,0,84,4,88,64,23,116,17,220,20,0,20,240
08/27/2016,MSN,WI,AGL,CE,Combined TRACON& Tower with Radar,37,19,27,10,93,0,0,1,0,1,37,19,28,10,94,4,0,4,98
08/28/2016,MSN,WI,AGL,CE,Combined TRACON& Tower with Radar,59,18,40,3,120,0,0,29,0,29,59,18,69,3,149,44,0,44,193
08/29/2016,MSN,WI,AGL,CE,Combined TRACON& Tower with Radar,81,16,45,13,155,0,3,69,6,78,81,19,114,19,233,90,0,90,323
08/30/2016,MSN,WI,AGL,CE,Combined TRACON& Tower with Radar,60,32,53,23,168,0,0,25,4,29,60,32,78,27,197,24,20,44,241
08/31/2016,MSN,WI,AGL,CE,Combined TRACON& Tower with Radar,63,31,68,19,181,0,1,111,18,130,63,32,179,37,311,52,4,56,367
09/01/2016,MSN,WI,AGL,CE,Combined TRACON& Tower with Radar,64,29,52,13,158,0,3,63,9,75,64,32,115,22,233,36,0,36,269
09/02/2016,MSN,WI,AGL,CE,Combined TRACON& Tower with Radar,72,22,49,1,144,0,0,88,3,91,72,22,137,4,235,46,2,48,283
09/03/2016,MSN,WI,AGL,CE,Combined TRACON& Tower with Radar,36,24,62,2,124,0,0,93,1,94,36,24,155,3,218,26,0,26,244
09/04/2016,MSN,WI,AGL,CE,Combined TRACON& Tower with Radar,42,14,16,1,73,0,0,90,1,91,42,14,106,2,164,6,0,6,170
09/05/2016,MSN,WI,AGL,CE,Combined TRACON& Tower with Radar,56,22,34,0,112,0,0,40,1,41,56,22,74,1,153,8,0,8,161
09/06/2016,MSN,WI,AGL,CE,Combined TRACON& Tower with Radar,63,19,28,10,120,0,1,15,2,18,63,20,43,12,138,64,0,64,202
09/07/2016,MSN,WI,AGL,CE,Combined TRACON& Tower with Radar,61,27,42,2,132,0,0,0,2,2,61,27,42,4,134,0,0,0,134
09/08/2016,MSN,WI,AGL,CE,Combined TRACON& Tower with Radar,61,38,72,19,190,0,0,36,13,49,61,38,108,32,239,36,2,38,277
09/09/2016,MSN,WI,AGL,CE,Combined TRACON& Tower with Radar,60,24,35,16,135,0,1,47,0,48,60,25,82,16,183,38,0,38,221
09/10/2016,MSN,WI,AGL,CE,Combined TRACON& Tower with Radar,43,20,33,13,109,0,0,15,1,16,43,20,48,14,125,4,0,4,129
09/11/2016,MSN,WI,AGL,CE,Combined TRACON& Tower with Radar,62,22,41,4,129,0,0,106,3,109,62,22,147,7,238,28,0,28,266
09/12/2016,MSN,WI,AGL,CE,Combined TRACON& Tower with Radar,67,24,32,13,136,0,1,51,7,59,67,25,83,20,195,38,0,38,233
09/13/2016,MSN,WI,AGL,CE,Combined TRACON& Tower with Radar,64,29,36,14,143,0,0,6,5,11,64,29,42,19,154,0,0,0,154
09/14/2016,MSN,WI,AGL,CE,Combined TRACON& Tower with Radar,65,27,45,16,153,0,0,30,9,39,65,27,75,25,192,66,0,66,258
09/15/2016,MSN,WI,AGL,CE,Combined TRACON& Tower with Radar,53,41,38,5,137,0,7,81,8,96,53,48,119,13,233,24,0,24,257
09/16/2016,MSN,WI,AGL,CE,Combined TRACON& Tower with Radar,74,37,54,4,169,0,2,17,0,19,74,39,71,4,188,50,0,50,238
09/17/2016,MSN,WI,AGL,CE,Combined TRACON& Tower with Radar,39,16,41,0,96,0,2,45,2,49,39,18,86,2,145,56,0,56,201
09/18/2016,MSN,WI,AGL,CE,Combined TRACON& Tower with Radar,94,12,47,4,157,0,2,85,0,87,94,14,132,4,244,48,0,48,292
09/19/2016,MSN,WI,AGL,CE,Combined TRACON& Tower with Radar,65,24,49,20,158,0,2,27,3,32,65,26,76,23,190,70,0,70,260
09/20/2016,MSN,WI,AGL,CE,Combined TRACON& Tower with Radar,67,32,62,13,174,0,4,58,9,71,67,36,120,22,245,74,8,82,327
09/21/2016,MSN,WI,AGL,CE,Combined TRACON& Tower with Radar,67,29,47,3,146,0,1,1,2,4,67,30,48,5,150,0,0,0,150
09/22/2016,MSN,WI,AGL,CE,Combined TRACON& Tower with Radar,99,24,38,6,167,0,1,29,7,37,99,25,67,13,204,46,0,46,250
09/23/2016,MSN,WI,AGL,CE,Combined TRACON& Tower with Radar,68,27,59,4,158,0,0,10,0,10,68,27,69,4,168,0,2,2,170
09/24/2016,MSN,WI,AGL,CE,Combined TRACON& Tower with Radar,45,14,39,1,99,0,4,23,3,30,45,18,62,4,129,14,0,14,143
09/25/2016,MSN,WI,AGL,CE,Combined TRACON& Tower with Radar,61,17,33,2,113,0,0,9,1,10,61,17,42,3,123,20,0,20,143
09/26/2016,MSN,WI,AGL,CE,Combined TRACON& Tower with Radar,67,27,47,3,144,0,0,24,1,25,67,27,71,4,169,6,0,6,175
09/27/2016,MSN,WI,AGL,CE,Combined TRACON& Tower with Radar,65,30,64,12,171,0,3,26,11,40,65,33,90,23,211,46,0,46,257
09/28/2016,MSN,WI,AGL,CE,Combined TRACON& Tower with Radar,68,27,74,4,173,0,0,18,11,29,68,27,92,15,202,60,0,60,262
09/29/2016,MSN,WI,AGL,CE,Combined TRACON& Tower with Radar,62,33,52,15,162,0,3,30,9,42,62,36,82,24,204,28,0,28,232
09/30/2016,MSN,WI,AGL,CE,Combined TRACON& Tower with Radar,66,23,56,11,156,0,1,20,2,23,66,24,76,13,179,20,0,20,199
10/01/2016,MSN,WI,AGL,CE,Combined TRACON& Tower with Radar,40,18,47,9,114,0,0,2,1,3,40,18,49,10,117,8,0,8,125
10/02/2016,MSN,WI,AGL,CE,Combined TRACON& Tower with Radar,59,15,38,0,112,0,0,22,0,22,59,15,60,0,134,28,0,28,162
10/03/2016,MSN,WI,AGL,CE,Combined TRACON& Tower with Radar,64,29,55,16,164,0,1,61,3,65,64,30,116,19,229,60,0,60,289
10/04/2016,MSN,WI,AGL,CE,Combined TRACON& Tower with Radar,65,37,65,19,186,0,1,75,9,85,65,38,140,28,271,98,0,98,369
10/05/2016,MSN,WI,AGL,CE,Combined TRACON& Tower with Radar,65,22,55,22,164,0,1,50,9,60,65,23,105,31,224,52,0,52,276
10/06/2016,MSN,WI,AGL,CE,Combined TRACON& Tower with Radar,68,25,32,16,141,0,5,28,9,42,68,30,60,25,183,84,0,84,267
10/07/2016,MSN,WI,AGL,CE,Combined TRACON& Tower with Radar,66,28,58,8,160,0,0,49,6,55,66,28,107,14,215,56,6,62,277
10/08/2016,MSN,WI,AGL,CE,Combined TRACON& Tower with Radar,39,17,40,0,96,0,0,108,0,108,39,17,148,0,204,82,0,82,286
10/09/2016,MSN,WI,AGL,CE,Combined TRACON& Tower with Radar,57,18,52,4,131,0,2,89,8,99,57,20,141,12,230,28,0,28,258
10/10/2016,MSN,WI,AGL,CE,Combined TRACON& Tower with Radar,68,35,38,8,149,0,1,64,0,65,68,36,102,8,214,68,0,68,282
10/11/2016,MSN,WI,AGL,CE,Combined TRACON& Tower with Radar,65,27,46,14,152,0,0,36,6,42,65,27,82,20,194,26,0,26,220
10/12/2016,MSN,WI,AGL,CE,Combined TRACON& Tower with Radar,67,33,42,6,148,0,0,7,0,7,67,33,49,6,155,0,0,0,155
10/13/2016,MSN,WI,AGL,CE,Combined TRACON& Tower with Radar,72,35,49,17,173,0,0,74,7,81,72,35,123,24,254,84,2,86,340
10/14/2016,MSN,WI,AGL,CE,Combined TRACON& Tower with Radar,67,45,65,14,191,0,0,75,0,75,67,45,140,14,266,14,0,14,280
10/15/2016,MSN,WI,AGL,CE,Combined TRACON& Tower with Radar,41,43,59,2,145,0,0,1,0,1,41,43,60,2,146,0,0,0,146
10/16/2016,MSN,WI,AGL,CE,Combined TRACON& Tower with Radar,62,34,68,3,167,0,1,15,0,16,62,35,83,3,183,18,0,18,201
10/17/2016,MSN,WI,AGL,CE,Combined TRACON& Tower with Radar,69,24,50,25,168,0,0,15,0,15,69,24,65,25,183,48,0,48,231
10/18/2016,MSN,WI,AGL,CE,Combined TRACON& Tower with Radar,66,28,56,18,168,0,1,65,1,67,66,29,121,19,235,48,0,48,283
10/19/2016,MSN,WI,AGL,CE,Combined TRACON& Tower with Radar,65,23,54,19,161,0,4,77,2,83,65,27,131,21,244,70,4,74,318
10/20/2016,MSN,WI,AGL,CE,Combined TRACON& Tower with Radar,62,29,38,19,148,0,2,51,2,55,62,31,89,21,203,50,8,58,261
10/21/2016,MSN,WI,AGL,CE,Combined TRACON& Tower with Radar,63,48,46,1,158,0,1,91,0,92,63,49,137,1,250,52,0,52,302
10/22/2016,MSN,WI,AGL,CE,Combined TRACON& Tower with Radar,45,13,45,5,108,0,1,123,3,127,45,14,168,8,235,88,0,88,323
10/23/2016,MSN,WI,AGL,CE,Combined TRACON& Tower with Radar,57,25,39,1,122,0,3,100,0,103,57,28,139,1,225,12,0,12,237
10/24/2016,MSN,WI,AGL,CE,Combined TRACON& Tower with Radar,64,34,54,18,170,0,2,80,2,84,64,36,134,20,254,50,0,50,304
10/25/2016,MSN,WI,AGL,CE,Combined TRACON& Tower with Radar,66,29,46,19,160,0,2,39,0,41,66,31,85,19,201,50,10,60,261
10/26/2016,MSN,WI,AGL,CE,Combined TRACON& Tower with Radar,64,32,58,1,155,0,0,0,0,0,64,32,58,1,155,0,0,0,155
10/27/2016,MSN,WI,AGL,CE,Combined TRACON& Tower with Radar,66,32,78,15,191,0,2,5,6,13,66,34,83,21,204,26,0,26,230
10/28/2016,MSN,WI,AGL,CE,Combined TRACON& Tower with Radar,68,33,73,4,178,0,0,11,0,11,68,33,84,4,189,26,0,26,215
10/29/2016,MSN,WI,AGL,CE,Combined TRACON& Tower with Radar,41,20,49,2,112,0,0,39,0,39,41,20,88,2,151,0,0,0,151
10/30/2016,MSN,WI,AGL,CE,Combined TRACON& Tower with Radar,52,28,79,0,159,0,0,17,0,17,52,28,96,0,176,4,0,4,180
10/31/2016,MSN,WI,AGL,CE,Combined TRACON& Tower with Radar,55,21,29,8,113,0,0,29,2,31,55,21,58,10,144,4,4,8,152
11/01/2016,MSN,WI,AGL,CE,Combined TRACON& Tower with Radar,57,37,50,11,155,0,2,57,12,71,57,39,107,23,226,80,0,80,306
11/02/2016,MSN,WI,AGL,CE,Combined TRACON& Tower with Radar,69,36,34,13,152,0,1,7,5,13,69,37,41,18,165,120,0,120,285
11/03/2016,MSN,WI,AGL,CE,Combined TRACON& Tower with Radar,59,27,42,14,142,0,2,56,5,63,59,29,98,19,205,138,0,138,343
11/04/2016,MSN,WI,AGL,CE,Combined TRACON& Tower with Radar,59,38,30,14,141,0,1,48,2,51,59,39,78,16,192,20,0,20,212
11/05/2016,MSN,WI,AGL,CE,Combined TRACON& Tower with Radar,28,21,33,13,95,0,0,113,10,123,28,21,146,23,218,74,2,76,294
11/06/2016,MSN,WI,AGL,CE,Combined TRACON& Tower with Radar,52,26,42,3,123,0,1,113,1,115,52,27,155,4,238,14,0,14,252
11/07/2016,MSN,WI,AGL,CE,Combined TRACON& Tower with Radar,53,32,36,20,141,0,1,63,2,66,53,33,99,22,207,32,0,32,239
11/08/2016,MSN,WI,AGL,CE,Combined TRACON& Tower with Radar,38,31,41,17,127,0,1,37,14,52,38,32,78,31,179,72,0,72,251
11/09/2016,MSN,WI,AGL,CE,Combined TRACON& Tower with Radar,57,29,43,18,147,0,1,70,11,82,57,30,113,29,229,52,0,52,281
11/10/2016,MSN,WI,AGL,CE,Combined TRACON& Tower with Radar,54,43,39,5,141,0,1,56,6,63,54,44,95,11,204,10,0,10,214
11/11/2016,MSN,WI,AGL,CE,Combined TRACON& Tower with Radar,55,45,47,0,147,0,2,63,1,66,55,47,110,1,213,60,0,60,273
11/12/2016,MSN,WI,AGL,CE,Combined TRACON& Tower with Radar,33,23,55,0,111,0,3,82,0,85,33,26,137,0,196,94,0,94,290
11/13/2016,MSN,WI,AGL,CE,Combined TRACON& Tower with Radar,52,31,43,0,126,0,0,67,0,67,52,31,110,0,193,104,0,104,297
11/14/2016,MSN,WI,AGL,CE,Combined TRACON& Tower with Radar,58,37,63,16,174,0,0,83,2,85,58,37,146,18,259,12,0,12,271
11/15/2016,MSN,WI,AGL,CE,Combined TRACON& Tower with Radar,48,62,59,18,187,0,1,27,11,39,48,63,86,29,226,40,0,40,266
11/16/2016,MSN,WI,AGL,CE,Combined TRACON& Tower with Radar,53,50,67,16,186,0,0,51,6,57,53,50,118,22,243,118,0,118,361
11/17/2016,MSN,WI,AGL,CE,Combined TRACON& Tower with Radar,55,35,67,15,172,0,1,60,21,82,55,36,127,36,254,52,0,52,306
11/18/2016,MSN,WI,AGL,CE,Combined TRACON& Tower with Radar,73,39,45,1,158,0,3,20,8,31,73,42,65,9,189,34,0,34,223
11/19/2016,MSN,WI,AGL,CE,Combined TRACON& Tower with Radar,35,24,16,0,75,0,0,1,0,1,35,24,17,0,76,6,0,6,82
11/20/2016,MSN,WI,AGL,CE,Combined TRACON& Tower with Radar,50,20,38,0,108,0,2,91,0,93,50,22,129,0,201,96,0,96,297
11/21/2016,MSN,WI,AGL,CE,Combined TRACON& Tower with Radar,45,37,33,11,126,0,0,92,5,97,45,37,125,16,223,126,0,126,349
11/22/2016,MSN,WI,AGL,CE,Combined TRACON& Tower with Radar,54,34,56,17,161,0,1,28,12,41,54,35,84,29,202,12,0,12,214
11/23/2016,MSN,WI,AGL,CE,Combined TRACON& Tower with Radar,60,38,35,2,135,0,0,0,0,0,60,38,35,2,135,0,0,0,135
11/24/2016,MSN,WI,AGL,CE,Combined TRACON& Tower with Radar,25,18,8,0,51,0,0,1,0,1,25,18,9,0,52,0,0,0,52
11/25/2016,MSN,WI,AGL,CE,Combined TRACON& Tower with Radar,39,26,6,0,71,0,0,0,0,0,39,26,6,0,71,0,0,0,71
11/26/2016,MSN,WI,AGL,CE,Combined TRACON& Tower with Radar,56,28,38,0,122,0,2,47,2,51,56,30,85,2,173,36,0,36,209
11/27/2016,MSN,WI,AGL,CE,Combined TRACON& Tower with Radar,73,40,42,0,155,0,0,4,0,4,73,40,46,0,159,8,0,8,167
11/28/2016,MSN,WI,AGL,CE,Combined TRACON& Tower with Radar,62,39,25,4,130,0,0,0,0,0,62,39,25,4,130,0,0,0,130
11/29/2016,MSN,WI,AGL,CE,Combined TRACON& Tower with Radar,52,36,49,15,152,0,5,70,19,94,52,41,119,34,246,60,8,68,314
11/30/2016,MSN,WI,AGL,CE,Combined TRACON& Tower with Radar,46,47,48,11,152,0,0,5,0,5,46,47,53,11,157,52,0,52,209
12/01/2016,MSN,WI,AGL,CE,Combined TRACON& Tower with Radar,54,39,33,10,136,0,0,3,13,16,54,39,36,23,152,20,6,26,178
12/02/2016,MSN,WI,AGL,CE,Combined TRACON& Tower with Radar,56,30,54,9,149,0,3,28,0,31,56,33,82,9,180,80,0,80,260
12/03/2016,MSN,WI,AGL,CE,Combined TRACON& Tower with Radar,30,21,43,7,101,0,2,34,0,36,30,23,77,7,137,16,0,16,153
12/04/2016,MSN,WI,AGL,CE,Combined TRACON& Tower with Radar,51,16,23,0,90,0,0,0,0,0,51,16,23,0,90,4,0,4,94
12/05/2016,MSN,WI,AGL,CE,Combined TRACON& Tower with Radar,55,32,52,7,146,0,0,0,0,0,55,32,52,7,146,4,0,4,150
12/06/2016,MSN,WI,AGL,CE,Combined TRACON& Tower with Radar,50,36,51,19,156,0,0,10,6,16,50,36,61,25,172,8,0,8,180
12/07/2016,MSN,WI,AGL,CE,Combined TRACON& Tower with Radar,53,35,60,12,160,0,1,25,5,31,53,36,85,17,191,8,0,8,199
12/08/2016,MSN,WI,AGL,CE,Combined TRACON& Tower with Radar,56,39,49,4,148,0,0,16,9,25,56,39,65,13,173,26,0,26,199
12/09/2016,MSN,WI,AGL,CE,Combined TRACON& Tower with Radar,52,32,39,5,128,0,0,40,3,43,52,32,79,8,171,104,0,104,275
12/10/2016,MSN,WI,AGL,CE,Combined TRACON& Tower with Radar,30,15,37,0,82,0,3,44,0,47,30,18,81,0,129,124,0,124,253
12/11/2016,MSN,WI,AGL,CE,Combined TRACON& Tower with Radar,38,8,18,0,64,0,0,0,0,0,38,8,18,0,64,8,0,8,72
12/12/2016,MSN,WI,AGL,CE,Combined TRACON& Tower with Radar,53,23,40,19,135,0,0,23,2,25,53,23,63,21,160,28,2,30,190
12/13/2016,MSN,WI,AGL,CE,Combined TRACON& Tower with Radar,50,30,60,15,155,0,4,29,9,42,50,34,89,24,197,36,0,36,233
12/14/2016,MSN,WI,AGL,CE,Combined TRACON& Tower with Radar,55,31,33,13,132,0,0,23,10,33,55,31,56,23,165,26,0,26,191
12/15/2016,MSN,WI,AGL,CE,Combined TRACON& Tower with Radar,56,27,36,7,126,0,0,40,13,53,56,27,76,20,179,40,0,40,219
12/16/2016,MSN,WI,AGL,CE,Combined TRACON& Tower with Radar,51,31,21,2,105,0,0,3,4,7,51,31,24,6,112,12,0,12,124
12/17/2016,MSN,WI,AGL,CE,Combined TRACON& Tower with Radar,21,34,6,0,61,0,0,0,0,0,21,34,6,0,61,0,0,0,61
12/18/2016,MSN,WI,AGL,CE,Combined TRACON& Tower with Radar,36,22,11,0,69,0,0,8,0,8,36,22,19,0,77,0,0,0,77
12/19/2016,MSN,WI,AGL,CE,Combined TRACON& Tower with Radar,45,23,35,2,105,0,1,20,6,27,45,24,55,8,132,66,0,66,198
12/20/2016,MSN,WI,AGL,CE,Combined TRACON& Tower with Radar,45,31,52,9,137,0,2,25,19,46,45,33,77,28,183,34,0,34,217
12/21/2016,MSN,WI,AGL,CE,Combined TRACON& Tower with Radar,50,31,30,14,125,0,1,24,14,39,50,32,54,28,164,104,2,106,270
12/22/2016,MSN,WI,AGL,CE,Combined TRACON& Tower with Radar,51,34,41,19,145,0,1,86,19,106,51,35,127,38,251,144,0,144,395
12/23/2016,MSN,WI,AGL,CE,Combined TRACON& Tower with Radar,50,38,19,5,112,0,1,20,3,24,50,39,39,8,136,4,8,12,148
12/24/2016,MSN,WI,AGL,CE,Combined TRACON& Tower with Radar,35,19,19,0,73,0,0,2,0,2,35,19,21,0,75,8,0,8,83
12/25/2016,MSN,WI,AGL,CE,Combined TRACON& Tower with Radar,30,17,3,0,50,0,0,0,0,0,30,17,3,0,50,0,0,0,50
12/26/2016,MSN,WI,AGL,CE,Combined TRACON& Tower with Radar,42,28,11,0,81,0,0,10,0,10,42,28,21,0,91,12,0,12,103
12/27/2016,MSN,WI,AGL,CE,Combined TRACON& Tower with Radar,46,38,18,0,102,0,3,23,0,26,46,41,41,0,128,36,0,36,164
12/28/2016,MSN,WI,AGL,CE,Combined TRACON& Tower with Radar,49,27,41,13,130,0,2,50,1,53,49,29,91,14,183,70,0,70,253
12/29/2016,MSN,WI,AGL,CE,Combined TRACON& Tower with Radar,44,32,8,19,103,0,1,11,1,13,44,33,19,20,116,0,2,2,118
12/30/2016,MSN,WI,AGL,CE,Combined TRACON& Tower with Radar,51,28,41,9,129,0,1,82,2,85,51,29,123,11,214,22,0,22,236
12/31/2016,MSN,WI,AGL,CE,Combined TRACON& Tower with Radar,31,24,22,0,77,0,1,43,0,44,31,25,65,0,121,62,0,62,183
01/01/2017,MSN,WI,AGL,CE,Combined TRACON& Tower with Radar,35,20,11,0,66,0,2,26,0,28,35,22,37,0,94,70,0,70,164
01/02/2017,MSN,WI,AGL,CE,Combined TRACON& Tower with Radar,32,45,32,0,109,0,1,74,0,75,32,46,106,0,184,84,0,84,268
01/03/2017,MSN,WI,AGL,CE,Combined TRACON& Tower with Radar,45,33,14,1,93,0,0,2,0,2,45,33,16,1,95,0,0,0,95
01/04/2017,MSN,WI,AGL,CE,Combined TRACON& Tower with Radar,49,26,28,21,124,0,2,31,12,45,49,28,59,33,169,22,0,22,191
01/05/2017,MSN,WI,AGL,CE,Combined TRACON& Tower with Radar,49,26,32,12,119,0,1,12,12,25,49,27,44,24,144,4,8,12,156
01/06/2017,MSN,WI,AGL,CE,Combined TRACON& Tower with Radar,49,25,24,22,120,0,1,26,8,35,49,26,50,30,155,18,12,30,185
01/07/2017,MSN,WI,AGL,CE,Combined TRACON& Tower with Radar,29,19,17,6,71,0,0,39,4,43,29,19,56,10,114,8,0,8,122
01/08/2017,MSN,WI,AGL,CE,Combined TRACON& Tower with Radar,45,18,15,0,78,0,0,48,1,49,45,18,63,1,127,46,0,46,173
01/09/2017,MSN,WI,AGL,CE,Combined TRACON& Tower with Radar,47,34,21,1,103,0,0,10,5,15,47,34,31,6,118,28,0,28,146
01/10/2017,MSN,WI,AGL,CE,Combined TRACON& Tower with Radar,50,34,32,0,116,0,0,2,0,2,50,34,34,0,118,0,0,0,118
01/11/2017,MSN,WI,AGL,CE,Combined TRACON& Tower with Radar,51,42,36,8,137,0,2,17,4,23,51,44,53,12,160,6,6,12,172
01/12/2017,MSN,WI,AGL,CE,Combined TRACON& Tower with Radar,52,36,28,13,129,0,0,20,14,34,52,36,48,27,163,56,6,62,225
01/13/2017,MSN,WI,AGL,CE,Combined TRACON& Tower with Radar,49,32,36,2,119,0,2,35,3,40,49,34,71,5,159,30,0,30,189
01/14/2017,MSN,WI,AGL,CE,Combined TRACON& Tower with Radar,23,25,32,0,80,0,2,63,0,65,23,27,95,0,145,48,0,48,193
01/15/2017,MSN,WI,AGL,CE,Combined TRACON& Tower with Radar,38,29,27,0,94,0,3,81,4,88,38,32,108,4,182,68,0,68,250
01/16/2017,MSN,WI,AGL,CE,Combined TRACON& Tower with Radar,48,24,12,0,84,0,0,0,0,0,48,24,12,0,84,0,0,0,84
01/17/2017,MSN,WI,AGL,CE,Combined TRACON& Tower with Radar,46,37,23,3,109,0,0,0,0,0,46,37,23,3,109,0,0,0,109
01/18/2017,MSN,WI,AGL,CE,Combined TRACON& Tower with Radar,45,42,52,19,158,0,0,5,0,5,45,42,57,19,163,12,6,18,181
01/19/2017,MSN,WI,AGL,CE,Combined TRACON& Tower with Radar,51,40,32,6,129,0,0,0,0,0,51,40,32,6,129,0,0,0,129
01/20/2017,MSN,WI,AGL,CE,Combined TRACON& Tower with Radar,51,37,41,2,131,0,0,2,0,2,51,37,43,2,133,0,0,0,133
01/21/2017,MSN,WI,AGL,CE,Combined TRACON& Tower with Radar,25,29,37,0,91,0,0,0,0,0,25,29,37,0,91,0,0,0,91
01/22/2017,MSN,WI,AGL,CE,Combined TRACON& Tower with Radar,40,31,19,0,90,0,0,1,0,1,40,31,20,0,91,0,0,0,91
01/23/2017,MSN,WI,AGL,CE,Combined TRACON& Tower with Radar,43,36,41,5,125,0,0,2,0,2,43,36,43,5,127,4,0,4,131
01/24/2017,MSN,WI,AGL,CE,Combined TRACON& Tower with Radar,47,41,30,10,128,0,0,6,6,12,47,41,36,16,140,26,0,26,166
01/25/2017,MSN,WI,AGL,CE,Combined TRACON& Tower with Radar,47,45,30,4,126,0,0,0,0,0,47,45,30,4,126,0,0,0,126
01/26/2017,MSN,WI,AGL,CE,Combined TRACON& Tower with Radar,52,42,31,11,136,0,0,5,7,12,52,42,36,18,148,0,0,0,148
01/27/2017,MSN,WI,AGL,CE,Combined TRACON& Tower with Radar,45,32,23,5,105,0,0,23,3,26,45,32,46,8,131,74,2,76,207
01/28/2017,MSN,WI,AGL,CE,Combined TRACON& Tower with Radar,27,23,17,0,67,0,0,13,0,13,27,23,30,0,80,18,0,18,98
01/29/2017,MSN,WI,AGL,CE,Combined TRACON& Tower with Radar,41,30,13,0,84,0,4,25,0,29,41,34,38,0,113,34,0,34,147
01/30/2017,MSN,WI,AGL,CE,Combined TRACON& Tower with Radar,48,33,35,5,121,0,0,26,0,26,48,33,61,5,147,92,0,92,239
01/31/2017,MSN,WI,AGL,CE,Combined TRACON& Tower with Radar,52,36,13,3,104,0,0,17,4,21,52,36,30,7,125,22,0,22,147
02/01/2017,MSN,WI,AGL,CE,Combined TRACON& Tower with Radar,47,37,30,8,122,0,3,50,3,56,47,40,80,11,178,138,0,138,316
02/02/2017,MSN,WI,AGL,CE,Combined TRACON& Tower with Radar,52,35,28,8,123,0,1,52,6,59,52,36,80,14,182,112,0,112,294
02/03/2017,MSN,WI,AGL,CE,Combined TRACON& Tower with Radar,45,39,35,4,123,0,1,68,2,71,45,40,103,6,194,78,0,78,272
02/04/2017,MSN,WI,AGL,CE,Combined TRACON& Tower with Radar,21,31,30,0,82,0,6,35,0,41,21,37,65,0,123,56,0,56,179
02/05/2017,MSN,WI,AGL,CE,Combined TRACON& Tower with Radar,40,24,27,0,91,0,0,59,0,59,40,24,86,0,150,86,0,86,236
02/06/2017,MSN,WI,AGL,CE,Combined TRACON& Tower with Radar,47,35,46,4,132,0,0,51,2,53,47,35,97,6,185,62,0,62,247
02/07/2017,MSN,WI,AGL,CE,Combined TRACON& Tower with Radar,55,31,35,2,123,0,0,0,0,0,55,31,35,2,123,0,0,0,123
02/08/2017,MSN,WI,AGL,CE,Combined TRACON& Tower with Radar,48,39,47,14,148,0,0,24,10,34,48,39,71,24,182,64,8,72,254
02/09/2017,MSN,WI,AGL,CE,Combined TRACON& Tower with Radar,49,35,38,13,135,0,1,54,2,57,49,36,92,15,192,64,0,64,256
02/10/2017,MSN,WI,AGL,CE,Combined TRACON& Tower with Radar,46,39,51,4,140,0,0,43,6,49,46,39,94,10,189,10,4,14,203
02/11/2017,MSN,WI,AGL,CE,Combined TRACON& Tower with Radar,23,27,28,6,84,0,0,65,1,66,23,27,93,7,150,30,0,30,180
02/12/2017,MSN,WI,AGL,CE,Combined TRACON& Tower with Radar,44,27,22,2,95,0,0,12,2,14,44,27,34,4,109,20,0,20,129
02/13/2017,MSN,WI,AGL,CE,Combined TRACON& Tower with Radar,46,38,35,15,134,0,1,62,4,67,46,39,97,19,201,38,0,38,239
02/14/2017,MSN,WI,AGL,CE,Combined TRACON& Tower with Radar,49,34,26,15,124,0,2,40,7,49,49,36,66,22,173,44,0,44,217
02/15/2017,MSN,WI,AGL,CE,Combined TRACON& Tower with Radar,48,32,48,14,142,0,0,54,4,58,48,32,102,18,200,34,0,34,234
02/16/2017,MSN,WI,AGL,CE,Combined TRACON& Tower with Radar,54,40,45,21,160,0,1,38,8,47,54,41,83,29,207,46,4,50,257
02/17/2017,MSN,WI,AGL,CE,Combined TRACON& Tower with Radar,44,32,40,3,119,0,0,91,2,93,44,32,131,5,212,130,0,130,342
02/18/2017,MSN,WI,AGL,CE,Combined TRACON& Tower with Radar,33,23,46,0,102,0,0,115,1,116,33,23,161,1,218,48,0,48,266
02/19/2017,MSN,WI,AGL,CE,Combined TRACON& Tower with Radar,47,28,26,0,101,0,0,112,1,113,47,28,138,1,214,108,0,108,322
02/20/2017,MSN,WI,AGL,CE,Combined TRACON& Tower with Radar,41,36,30,0,107,0,0,19,0,19,41,36,49,0,126,30,0,30,156
02/21/2017,MSN,WI,AGL,CE,Combined TRACON& Tower with Radar,58,29,32,11,130,0,1,56,1,58,58,30,88,12,188,80,0,80,268
02/22/2017,MSN,WI,AGL,CE,Combined TRACON& Tower with Radar,59,38,49,10,156,0,2,64,9,75,59,40,113,19,231,134,4,138,369
02/23/2017,MSN,WI,AGL,CE,Combined TRACON& Tower with Radar,49,40,47,12,148,0,0,9,0,9,49,40,56,12,157,50,2,52,209
02/24/2017,MSN,WI,AGL,CE,Combined TRACON& Tower with Radar,46,30,15,0,91,0,0,0,0,0,46,30,15,0,91,0,0,0,91
02/25/2017,MSN,WI,AGL,CE,Combined TRACON& Tower with Radar,33,24,17,2,76,0,0,9,0,9,33,24,26,2,85,10,0,10,95
02/26/2017,MSN,WI,AGL,CE,Combined TRACON& Tower with Radar,46,28,36,1,111,0,2,57,0,59,46,30,93,1,170,60,0,60,230
02/27/2017,MSN,WI,AGL,CE,Combined TRACON& Tower with Radar,47,29,33,5,114,0,2,73,4,79,47,31,106,9,193,102,0,102,295
02/28/2017,MSN,WI,AGL,CE,Combined TRACON& Tower with Radar,50,32,29,3,114,0,0,0,0,0,50,32,29,3,114,0,0,0,114
03/01/2017,MSN,WI,AGL,CE,Combined TRACON& Tower with Radar,45,43,25,5,118,0,0,0,0,0,45,43,25,5,118,0,0,0,118
03/02/2017,MSN,WI,AGL,CE,Combined TRACON& Tower with Radar,55,37,36,19,147,0,0,34,4,38,55,37,70,23,185,0,0,0,185
03/03/2017,MSN,WI,AGL,CE,Combined TRACON& Tower with Radar,43,37,55,13,148,0,0,72,3,75,43,37,127,16,223,116,0,116,339
03/04/2017,MSN,WI,AGL,CE,Combined TRACON& Tower with Radar,28,29,35,6,98,0,6,23,2,31,28,35,58,8,129,48,2,50,179
03/05/2017,MSN,WI,AGL,CE,Combined TRACON& Tower with Radar,48,26,27,0,101,0,2,58,2,62,48,28,85,2,163,82,0,82,245
03/06/2017,MSN,WI,AGL,CE,Combined TRACON& Tower with Radar,47,36,27,14,124,0,0,4,0,4,47,36,31,14,128,0,0,0,128
03/07/2017,MSN,WI,AGL,CE,Combined TRACON& Tower with Radar,54,41,35,15,145,0,1,7,0,8,54,42,42,15,153,0,0,0,153
03/08/2017,MSN,WI,AGL,CE,Combined TRACON& Tower with Radar,55,31,27,1,114,0,1,2,8,11,55,32,29,9,125,0,0,0,125
03/09/2017,MSN,WI,AGL,CE,Combined TRACON& Tower with Radar,56,35,38,21,150,0,1,73,3,77,56,36,111,24,227,0,0,0,227
03/10/2017,MSN,WI,AGL,CE,Combined TRACON& Tower with Radar,49,35,26,1,111,0,1,57,3,61,49,36,83,4,172,76,0,76,248
03/11/2017,MSN,WI,AGL,CE,Combined TRACON& Tower with Radar,28,31,42,0,101,0,0,91,3,94,28,31,133,3,195,42,0,42,237
03/12/2017,MSN,WI,AGL,CE,Combined TRACON& Tower with Radar,53,37,23,2,115,0,2,61,3,66,53,39,84,5,181,40,0,40,221
03/13/2017,MSN,WI,AGL,CE,Combined TRACON& Tower with Radar,46,32,31,1,110,0,0,2,0,2,46,32,33,1,112,0,0,0,112
03/14/2017,MSN,WI,AGL,CE,Combined TRACON& Tower with Radar,52,37,31,23,143,0,1,29,7,37,52,38,60,30,180,12,2,14,194
03/15/2017,MSN,WI,AGL,CE,Combined TRACON& Tower with Radar,50,40,54,9,153,0,1,50,13,64,50,41,104,22,217,54,0,54,271
03/16/2017,MSN,WI,AGL,CE,Combined TRACON& Tower with Radar,59,37,33,9,138,0,2,55,8,65,59,39,88,17,203,74,0,74,277
03/17/2017,MSN,WI,AGL,CE,Combined TRACON& Tower with Radar,51,38,38,2,129,0,0,6,0,6,51,38,44,2,135,10,0,10,145
03/18/2017,MSN,WI,AGL,CE,Combined TRACON& Tower with Radar,32,27,24,0,83,0,0,28,0,28,32,27,52,0,111,62,0,62,173
03/19/2017,MSN,WI,AGL,CE,Combined TRACON& Tower with Radar,46,34,46,0,126,0,0,93,1,94,46,34,139,1,220,28,0,28,248
03/20/2017,MSN,WI,AGL,CE,Combined TRACON& Tower with Radar,51,34,41,15,141,0,2,69,3,74,51,36,110,18,215,52,2,54,269
03/21/2017,MSN,WI,AGL,CE,Combined TRACON& Tower with Radar,54,47,56,11,168,0,0,74,7,81,54,47,130,18,249,52,0,52,301
03/22/2017,MSN,WI,AGL,CE,Combined TRACON& Tower with Radar,51,36,35,16,138,0,4,75,7,86,51,40,110,23,224,64,0,64,288
03/23/2017,MSN,WI,AGL,CE,Combined TRACON& Tower with Radar,53,38,30,11,132,0,1,34,3,38,53,39,64,14,170,32,0,32,202
03/24/2017,MSN,WI,AGL,CE,Combined TRACON& Tower with Radar,49,36,37,3,125,0,1,35,1,37,49,37,72,4,162,40,0,40,202
03/25/2017,MSN,WI,AGL,CE,Combined TRACON& Tower with Radar,30,29,24,0,83,0,0,0,0,0,30,29,24,0,83,0,0,0,83
03/26/2017,MSN,WI,AGL,CE,Combined TRACON& Tower with Radar,44,39,23,0,106,0,0,0,0,0,44,39,23,0,106,0,0,0,106
03/27/2017,MSN,WI,AGL,CE,Combined TRACON& Tower with Radar,50,44,28,6,128,0,0,0,0,0,50,44,28,6,128,2,0,2,130
03/28/2017,MSN,WI,AGL,CE,Combined TRACON& Tower with Radar,53,39,43,21,156,0,2,48,5,55,53,41,91,26,211,84,0,84,295
03/29/2017,MSN,WI,AGL,CE,Combined TRACON& Tower with Radar,52,41,64,11,168,0,0,37,5,42,52,41,101,16,210,50,6,56,266
03/30/2017,MSN,WI,AGL,CE,Combined TRACON& Tower with Radar,54,40,15,1,110,0,0,0,0,0,54,40,15,1,110,0,0,0,110
03/31/2017,MSN,WI,AGL,CE,Combined TRACON& Tower with Radar,48,41,35,11,135,0,0,19,0,19,48,41,54,11,154,34,0,34,188
04/01/2017,MSN,WI,AGL,CE,Combined TRACON& Tower with Radar,26,24,24,20,94,0,4,154,0,158,26,28,178,20,252,114,8,122,374
04/02/2017,MSN,WI,AGL,CE,Combined TRACON& Tower with Radar,50,27,21,3,101,0,0,64,1,65,50,27,85,4,166,116,0,116,282
04/03/2017,MSN,WI,AGL,CE,Combined TRACON& Tower with Radar,51,36,39,4,130,0,0,10,1,11,51,36,49,5,141,32,0,32,173
04/04/2017,MSN,WI,AGL,CE,Combined TRACON& Tower with Radar,53,43,35,12,143,0,4,30,6,40,53,47,65,18,183,28,0,28,211
04/05/2017,MSN,WI,AGL,CE,Combined TRACON& Tower with Radar,48,37,26,13,124,0,0,13,2,15,48,37,39,15,139,0,0,0,139
04/06/2017,MSN,WI,AGL,CE,Combined TRACON& Tower with Radar,50,41,30,13,134,0,2,48,4,54,50,43,78,17,188,22,0,22,210
04/07/2017,MSN,WI,AGL,CE,Combined TRACON& Tower with Radar,40,41,37,4,122,0,4,106,4,114,40,45,143,8,236,86,0,86,322
04/08/2017,MSN,WI,AGL,CE,Combined TRACON& Tower with Radar,24,24,35,1,84,0,4,97,5,106,24,28,132,6,190,146,2,148,338
04/09/2017,MSN,WI,AGL,CE,Combined TRACON& Tower with Radar,50,29,28,7,114,0,0,66,0,66,50,29,94,7,180,70,0,70,250
04/10/2017,MSN,WI,AGL,CE,Combined TRACON& Tower with Radar,56,27,31,15,129,0,0,26,5,31,56,27,57,20,160,32,0,32,192
04/11/2017,MSN,WI,AGL,CE,Combined TRACON& Tower with Radar,55,34,46,10,145,0,0,19,5,24,55,34,65,15,169,58,0,58,227
04/12/2017,MSN,WI,AGL,CE,Combined TRACON& Tower with Radar,52,53,60,17,182,0,2,94,3,99,52,55,154,20,281,114,0,114,395
04/13/2017,MSN,WI,AGL,CE,Combined TRACON& Tower with Radar,54,41,61,13,169,0,1,43,12,56,54,42,104,25,225,168,0,168,393
04/14/2017,MSN,WI,AGL,CE,Combined TRACON& Tower with Radar,54,31,26,2,113,0,1,41,2,44,54,32,67,4,157,150,0,150,307
04/15/2017,MSN,WI,AGL,CE,Combined TRACON& Tower with Radar,25,26,16,0,67,0,0,34,0,34,25,26,50,0,101,62,0,62,163
04/16/2017,MSN,WI,AGL,CE,Combined TRACON& Tower with Radar,43,33,15,0,91,0,2,34,0,36,43,35,49,0,127,4,0,4,131
04/17/2017,MSN,WI,AGL,CE,Combined TRACON& Tower with Radar,52,43,40,11,146,0,2,82,2,86,52,45,122,13,232,100,0,100,332
04/18/2017,MSN,WI,AGL,CE,Combined TRACON& Tower with Radar,58,35,41,10,144,0,3,26,6,35,58,38,67,16,179,24,4,28,207
04/19/2017,MSN,WI,AGL,CE,Combined TRACON& Tower with Radar,52,34,35,15,136,0,0,29,3,32,52,34,64,18,168,72,0,72,240
04/20/2017,MSN,WI,AGL,CE,Combined TRACON& Tower with Radar,57,40,48,2,147,0,0,6,0,6,57,40,54,2,153,88,0,88,241
04/21/2017,MSN,WI,AGL,CE,Combined TRACON& Tower with Radar,48,27,48,6,129,0,3,67,2,72,48,30,115,8,201,56,0,56,257
04/22/2017,MSN,WI,AGL,CE,Combined TRACON& Tower with Radar,32,21,36,4,93,0,0,115,3,118,32,21,151,7,211,122,0,122,333
04/23/2017,MSN,WI,AGL,CE,Combined TRACON& Tower with Radar,49,27,27,9,112,0,0,105,3,108,49,27,132,12,220,28,0,28,248
04/24/2017,MSN,WI,AGL,CE,Combined TRACON& Tower with Radar,53,30,47,4,134,0,0,74,4,78,53,30,121,8,212,50,0,50,262
04/25/2017,MSN,WI,AGL,CE,Combined TRACON& Tower with Radar,53,33,45,7,138,0,3,50,8,61,53,36,95,15,199,64,0,64,263
04/26/2017,MSN,WI,AGL,CE,Combined TRACON& Tower with Radar,52,40,42,2,136,0,1,2,0,3,52,41,44,2,139,10,0,10,149
04/27/2017,MSN,WI,AGL,CE,Combined TRACON& Tower with Radar,50,37,32,5,124,0,0,5,0,5,50,37,37,5,129,82,0,82,211
04/28/2017,MSN,WI,AGL,CE,Combined TRACON& Tower with Radar,52,38,34,2,126,0,2,44,3,49,52,40,78,5,175,80,0,80,255
04/29/2017,MSN,WI,AGL,CE,Combined TRACON& Tower with Radar,28,25,26,0,79,0,0,33,0,33,28,25,59,0,112,44,0,44,156
04/30/2017,MSN,WI,AGL,CE,Combined TRACON& Tower with Radar,47,27,19,2,95,0,0,0,0,0,47,27,19,2,95,0,0,0,95
05/01/2017,MSN,WI,AGL,CE,Combined TRACON& Tower with Radar,51,39,20,3,113,0,0,1,1,2,51,39,21,4,115,28,2,30,145
05/02/2017,MSN,WI,AGL,CE,Combined TRACON& Tower with Radar,57,38,50,11,156,0,0,27,5,32,57,38,77,16,188,41,6,47,235
05/03/2017,MSN,WI,AGL,CE,Combined TRACON& Tower with Radar,50,42,62,11,165,0,1,88,6,95,50,43,150,17,260,216,0,216,476
05/04/2017,MSN,WI,AGL,CE,Combined TRACON& Tower with Radar,53,41,33,10,137,0,4,80,1,85,53,45,113,11,222,40,0,40,262
05/05/2017,MSN,WI,AGL,CE,Combined TRACON& Tower with Radar,57,25,51,10,143,0,2,65,5,72,57,27,116,15,215,48,0,48,263
05/06/2017,MSN,WI,AGL,CE,Combined TRACON& Tower with Radar,34,12,30,11,87,0,0,60,6,66,34,12,90,17,153,42,0,42,195
05/07/2017,MSN,WI,AGL,CE,Combined TRACON& Tower with Radar,54,24,35,1,114,0,1,111,4,116,54,25,146,5,230,52,0,52,282
05/08/2017,MSN,WI,AGL,CE,Combined TRACON& Tower with Radar,55,36,38,18,147,0,2,70,3,75,55,38,108,21,222,56,0,56,278
05/09/2017,MSN,WI,AGL,CE,Combined TRACON& Tower with Radar,60,41,63,15,179,0,1,32,2,35,60,42,95,17,214,134,2,136,350
05/10/2017,MSN,WI,AGL,CE,Combined TRACON& Tower with Radar,62,39,46,16,163,0,2,19,4,25,62,41,65,20,188,57,0,57,245
05/11/2017,MSN,WI,AGL,CE,Combined TRACON& Tower with Radar,55,43,44,11,153,0,5,53,2,60,55,48,97,13,213,72,0,72,285
05/12/2017,MSN,WI,AGL,CE,Combined TRACON& Tower with Radar,58,27,66,4,155,0,4,67,0,71,58,31,133,4,226,28,0,28,254
05/13/2017,MSN,WI,AGL,CE,Combined TRACON& Tower with Radar,37,20,35,0,92,0,2,90,2,94,37,22,125,2,186,28,0,28,214
05/14/2017,MSN,WI,AGL,CE,Combined TRACON& Tower with Radar,48,31,31,0,110,0,0,63,0,63,48,31,94,0,173,28,0,28,201
05/15/2017,MSN,WI,AGL,CE,Combined TRACON& Tower with Radar,55,42,46,8,151,0,1,38,6,45,55,43,84,14,196,8,0,8,204
05/16/2017,MSN,WI,AGL,CE,Combined TRACON& Tower with Radar,55,34,49,6,144,0,0,65,4,69,55,34,114,10,213,108,0,108,321
05/17/2017,MSN,WI,AGL,CE,Combined TRACON& Tower with Radar,56,29,36,3,124,0,2,6,0,8,56,31,42,3,132,4,0,4,136
05/18/2017,MSN,WI,AGL,CE,Combined TRACON& Tower with Radar,58,41,55,18,172,0,1,30,4,35,58,42,85,22,207,130,0,130,337
05/19/2017,MSN,WI,AGL,CE,Combined TRACON& Tower with Radar,56,28,49,6,139,0,4,42,4,50,56,32,91,10,189,20,0,20,209
05/20/2017,MSN,WI,AGL,CE,Combined TRACON& Tower with Radar,32,18,22,0,72,0,0,0,0,0,32,18,22,0,72,36,0,36,108
05/21/2017,MSN,WI,AGL,CE,Combined TRACON& Tower with Radar,51,27,40,4,122,0,0,51,0,51,51,27,91,4,173,74,0,74,247
05/22/2017,MSN,WI,AGL,CE,Combined TRACON& Tower with Radar,59,26,42,15,142,0,2,43,2,47,59,28,85,17,189,54,0,54,243
05/23/2017,MSN,WI,AGL,CE,Combined TRACON& Tower with Radar,59,34,39,13,145,0,0,6,2,8,59,34,45,15,153,56,0,56,209
05/24/2017,MSN,WI,AGL,CE,Combined TRACON& Tower with Radar,59,37,50,17,163,0,0,3,0,3,59,37,53,17,166,0,0,0,166
05/25/2017,MSN,WI,AGL,CE,Combined TRACON& Tower with Radar,58,33,44,16,151,0,2,58,2,62,58,35,102,18,213,152,4,156,369
05/26/2017,MSN,WI,AGL,CE,Combined TRACON& Tower with Radar,57,31,32,4,124,0,2,43,2,47,57,33,75,6,171,74,0,74,245
05/27/2017,MSN,WI,AGL,CE,Combined TRACON& Tower with Radar,27,14,32,1,74,0,4,72,0,76,27,18,104,1,150,44,0,44,194
05/28/2017,MSN,WI,AGL,CE,Combined TRACON& Tower with Radar,26,13,13,0,52,0,0,29,0,29,26,13,42,0,81,64,0,64,145
05/29/2017,MSN,WI,AGL,CE,Combined TRACON& Tower with Radar,50,25,10,0,85,0,0,44,0,44,50,25,54,0,129,34,0,34,163
05/30/2017,MSN,WI,AGL,CE,Combined TRACON& Tower with Radar,55,33,44,15,147,0,1,26,1,28,55,34,70,16,175,82,2,84,259
05/31/2017,MSN,WI,AGL,CE,Combined TRACON& Tower with Radar,59,36,49,14,158,0,1,68,7,76,59,37,117,21,234,50,0,50,284
06/01/2017,MSN,WI,AGL,CE,Combined TRACON& Tower with Radar,56,33,66,9,164,0,2,108,2,112,56,35,174,11,276,62,0,62,338
06/02/2017,MSN,WI,AGL,CE,Combined TRACON& Tower with Radar,51,34,43,11,139,1,1,68,5,75,52,35,111,16,214,30,0,30,244
06/03/2017,MSN,WI,AGL,CE,Combined TRACON& Tower with Radar,35,24,20,4,83,0,1,26,0,27,35,25,46,4,110,88,0,88,198
06/04/2017,MSN,WI,AGL,CE,Combined TRACON& Tower with Radar,52,22,33,4,111,0,0,78,2,80,52,22,111,6,191,58,0,58,249
06/05/2017,MSN,WI,AGL,CE,Combined TRACON& Tower with Radar,57,34,35,25,151,0,0,30,4,34,57,34,65,29,185,80,0,80,265
06/06/2017,MSN,WI,AGL,CE,Combined TRACON& Tower with Radar,58,27,57,24,166,0,2,81,2,85,58,29,138,26,251,88,4,92,343
06/07/2017,MSN,WI,AGL,CE,Combined TRACON& Tower with Radar,58,33,66,21,178,0,2,95,5,102,58,35,161,26,280,130,0,130,410
06/08/2017,MSN,WI,AGL,CE,Combined TRACON& Tower with Radar,63,32,59,1,155,0,4,46,2,52,63,36,105,3,207,78,0,78,285
06/09/2017,MSN,WI,AGL,CE,Combined TRACON& Tower with Radar,60,31,46,8,145,0,2,66,0,68,60,33,112,8,213,14,4,18,231
06/10/2017,MSN,WI,AGL,CE,Combined TRACON& Tower with Radar,39,22,30,3,94,0,0,45,0,45,39,22,75,3,139,46,0,46,185
06/11/2017,MSN,WI,AGL,CE,Combined TRACON& Tower with Radar,53,23,36,5,117,0,0,71,11,82,53,23,107,16,199,64,0,64,263
06/12/2017,MSN,WI,AGL,CE,Combined TRACON& Tower with Radar,60,36,40,18,154,0,0,35,4,39,60,36,75,22,193,54,0,54,247
06/13/2017,MSN,WI,AGL,CE,Combined TRACON& Tower with Radar,70,35,34,15,154,0,2,26,10,38,70,37,60,25,192,16,0,16,208
06/14/2017,MSN,WI,AGL,CE,Combined TRACON& Tower with Radar,59,28,28,5,120,0,1,25,5,31,59,29,53,10,151,0,0,0,151
06/15/2017,MSN,WI,AGL,CE,Combined TRACON& Tower with Radar,62,31,58,8,159,0,2,103,2,107,62,33,161,10,266,42,0,42,308
06/16/2017,MSN,WI,AGL,CE,Combined TRACON& Tower with Radar,59,30,41,2,132,0,3,50,10,63,59,33,91,12,195,36,0,36,231
06/17/2017,MSN,WI,AGL,CE,Combined TRACON& Tower with Radar,50,18,32,0,100,0,0,29,0,29,50,18,61,0,129,74,0,74,203
06/18/2017,MSN,WI,AGL,CE,Combined TRACON& Tower with Radar,51,21,26,0,98,0,0,28,0,28,51,21,54,0,126,86,0,86,212
06/19/2017,MSN,WI,AGL,CE,Combined TRACON& Tower with Radar,59,24,43,7,133,0,0,40,3,43,59,24,83,10,176,144,0,144,320
06/20/2017,MSN,WI,AGL,CE,Combined TRACON& Tower with Radar,62,39,45,15,161,0,1,48,4,53,62,40,93,19,214,204,0,204,418
06/21/2017,MSN,WI,AGL,CE,Combined TRACON& Tower with Radar,57,34,81,18,190,0,2,83,7,92,57,36,164,25,282,212,0,212,494
06/22/2017,MSN,WI,AGL,CE,Combined TRACON& Tower with Radar,60,34,38,10,142,0,0,18,1,19,60,34,56,11,161,72,0,72,233
06/23/2017,MSN,WI,AGL,CE,Combined TRACON& Tower with Radar,66,30,54,1,151,0,2,86,5,93,66,32,140,6,244,78,8,86,330
06/24/2017,MSN,WI,AGL,CE,Combined TRACON& Tower with Radar,44,13,33,1,91,0,0,63,10,73,44,13,96,11,164,70,0,70,234
06/25/2017,MSN,WI,AGL,CE,Combined TRACON& Tower with Radar,50,34,46,7,137,0,0,61,0,61,50,34,107,7,198,56,0,56,254
06/26/2017,MSN,WI,AGL,CE,Combined TRACON& Tower with Radar,65,35,44,3,147,0,1,47,2,50,65,36,91,5,197,110,0,110,307
06/27/2017,MSN,WI,AGL,CE,Combined TRACON& Tower with Radar,59,31,62,13,165,0,3,100,10,113,59,34,162,23,278,70,0,70,348
06/28/2017,MSN,WI,AGL,CE,Combined TRACON& Tower with Radar,53,23,37,6,119,0,0,2,0,2,53,23,39,6,121,0,0,0,121
06/29/2017,MSN,WI,AGL,CE,Combined TRACON& Tower with Radar,58,35,59,18,170,0,0,49,6,55,58,35,108,24,225,98,0,98,323
06/30/2017,MSN,WI,AGL,CE,Combined TRACON& Tower with Radar,57,28,45,10,140,0,1,32,1,34,57,29,77,11,174,34,0,34,208
07/01/2017,MSN,WI,AGL,CE,Combined TRACON& Tower with Radar,39,17,42,0,98,0,0,67,0,67,39,17,109,0,165,42,0,42,207
07/02/2017,MSN,WI,AGL,CE,Combined TRACON& Tower with Radar,37,18,18,0,73,0,1,63,0,64,37,19,81,0,137,46,0,46,183
07/03/2017,MSN,WI,AGL,CE,Combined TRACON& Tower with Radar,42,17,13,0,72,0,0,65,0,65,42,17,78,0,137,34,0,34,171
07/04/2017,MSN,WI,AGL,CE,Combined TRACON& Tower with Radar,35,14,19,1,69,0,0,81,4,85,35,14,100,5,154,42,0,42,196
07/05/2017,MSN,WI,AGL,CE,Combined TRACON& Tower with Radar,47,36,54,9,146,0,0,43,5,48,47,36,97,14,194,82,0,82,276
07/06/2017,MSN,WI,AGL,CE,Combined TRACON& Tower with Radar,56,28,41,9,134,0,1,89,3,93,56,29,130,12,227,30,2,32,259
07/07/2017,MSN,WI,AGL,CE,Combined TRACON& Tower with Radar,55,27,31,21,134,0,5,54,2,61,55,32,85,23,195,110,0,110,305
07/08/2017,MSN,WI,AGL,CE,Combined TRACON& Tower with Radar,40,15,35,9,99,0,3,104,2,109,40,18,139,11,208,36,0,36,244
07/09/2017,MSN,WI,AGL,CE,Combined TRACON& Tower with Radar,59,21,57,0,137,0,0,92,0,92,59,21,149,0,229,54,0,54,283
07/10/2017,MSN,WI,AGL,CE,Combined TRACON& Tower with Radar,62,40,40,14,156,0,1,34,1,36,62,41,74,15,192,86,0,86,278
07/11/2017,MSN,WI,AGL,CE,Combined TRACON& Tower with Radar,56,40,73,12,181,0,2,30,2,34,56,42,103,14,215,90,0,90,305
07/12/2017,MSN,WI,AGL,CE,Combined TRACON& Tower with Radar,67,44,38,7,156,0,0,33,3,36,67,44,71,10,192,22,0,22,214
07/13/2017,MSN,WI,AGL,CE,Combined TRACON& Tower with Radar,62,31,51,16,160,0,2,45,6,53,62,33,96,22,213,76,2,78,291
07/14/2017,MSN,WI,AGL,CE,Combined TRACON& Tower with Radar,60,28,80,7,175,0,1,50,4,55,60,29,130,11,230,52,0,52,282
07/15/2017,MSN,WI,AGL,CE,Combined TRACON& Tower with Radar,42,21,27,0,90,0,1,90,1,92,42,22,117,1,182,24,0,24,206
07/16/2017,MSN,WI,AGL,CE,Combined TRACON& Tower with Radar,53,34,39,3,129,0,0,68,1,69,53,34,107,4,198,48,0,48,246
07/17/2017,MSN,WI,AGL,CE,Combined TRACON& Tower with Radar,58,23,36,17,134,0,7,105,4,116,58,30,141,21,250,128,0,128,378
07/18/2017,MSN,WI,AGL,CE,Combined TRACON& Tower with Radar,60,27,55,20,162,0,2,60,10,72,60,29,115,30,234,56,0,56,290
07/19/2017,MSN,WI,AGL,CE,Combined TRACON& Tower with Radar,56,36,97,19,208,0,1,33,9,43,56,37,130,28,251,86,0,86,337
07/20/2017,MSN,WI,AGL,CE,Combined TRACON& Tower with Radar,60,29,50,13,152,0,3,60,4,67,60,32,110,17,219,42,0,42,261
07/21/2017,MSN,WI,AGL,CE,Combined TRACON& Tower with Radar,61,23,37,3,124,0,0,38,4,42,61,23,75,7,166,6,0,6,172
07/22/2017,MSN,WI,AGL,CE,Combined TRACON& Tower with Radar,39,22,65,0,126,0,7,57,0,64,39,29,122,0,190,68,0,68,258
07/23/2017,MSN,WI,AGL,CE,Combined TRACON& Tower with Radar,61,29,29,0,119,0,4,117,0,121,61,33,146,0,240,212,0,212,452
07/24/2017,MSN,WI,AGL,CE,Combined TRACON& Tower with Radar,59,28,37,20,144,0,2,70,1,73,59,30,107,21,217,54,0,54,271
07/25/2017,MSN,WI,AGL,CE,Combined TRACON& Tower with Radar,63,34,36,9,142,0,2,69,5,76,63,36,105,14,218,18,4,22,240
07/26/2017,MSN,WI,AGL,CE,Combined TRACON& Tower with Radar,58,46,57,14,175,0,0,50,0,50,58,46,107,14,225,0,0,0,225
07/27/2017,MSN,WI,AGL,CE,Combined TRACON& Tower with Radar,60,38,67,5,170,0,0,75,0,75,60,38,142,5,245,56,4,60,305
07/28/2017,MSN,WI,AGL,CE,Combined TRACON& Tower with Radar,64,29,46,5,144,0,1,80,4,85,64,30,126,9,229,26,0,26,255
07/29/2017,MSN,WI,AGL,CE,Combined TRACON& Tower with Radar,42,19,25,4,90,0,0,93,7,100,42,19,118,11,190,26,18,44,234
07/30/2017,MSN,WI,AGL,CE,Combined TRACON& Tower with Radar,56,23,35,11,125,0,2,103,2,107,56,25,138,13,232,10,2,12,244
07/31/2017,MSN,WI,AGL,CE,Combined TRACON& Tower with Radar,65,34,46,4,149,0,0,81,2,83,65,34,127,6,232,84,0,84,316
08/01/2017,MSN,WI,AGL,CE,Combined TRACON& Tower with Radar,59,38,41,8,146,0,4,70,6,80,59,42,111,14,226,52,0,52,278
08/02/2017,MSN,WI,AGL,CE,Combined TRACON& Tower with Radar,53,39,54,9,155,0,0,46,2,48,53,39,100,11,203,62,0,62,265
08/03/2017,MSN,WI,AGL,CE,Combined TRACON& Tower with Radar,56,38,36,9,139,0,0,12,0,12,56,38,48,9,151,32,0,32,183
08/04/2017,MSN,WI,AGL,CE,Combined TRACON& Tower with Radar,60,23,47,6,136,0,0,23,3,26,60,23,70,9,162,6,0,6,168
08/05/2017,MSN,WI,AGL,CE,Combined TRACON& Tower with Radar,37,24,30,1,92,0,2,78,0,80,37,26,108,1,172,6,0,6,178
08/06/2017,MSN,WI,AGL,CE,Combined TRACON& Tower with Radar,58,26,35,6,125,0,0,58,0,58,58,26,93,6,183,28,0,28,211
08/07/2017,MSN,WI,AGL,CE,Combined TRACON& Tower with Radar,65,23,44,20,152,0,0,45,0,45,65,23,89,20,197,74,0,74,271
08/08/2017,MSN,WI,AGL,CE,Combined TRACON& Tower with Radar,59,38,47,13,157,0,3,87,1,91,59,41,134,14,248,66,0,66,314
08/09/2017,MSN,WI,AGL,CE,Combined TRACON& Tower with Radar,54,42,67,9,172,0,2,62,9,73,54,44,129,18,245,46,0,46,291
08/10/2017,MSN,WI,AGL,CE,Combined TRACON& Tower with Radar,57,41,51,5,154,0,0,34,4,38,57,41,85,9,192,8,0,8,200
08/11/2017,MSN,WI,AGL,CE,Combined TRACON& Tower with Radar,58,39,42,4,143,0,0,27,3,30,58,39,69,7,173,8,0,8,181
08/12/2017,MSN,WI,AGL,CE,Combined TRACON& Tower with Radar,38,16,36,1,91,0,0,92,2,94,38,16,128,3,185,20,0,20,205
08/13/2017,MSN,WI,AGL,CE,Combined TRACON& Tower with Radar,58,22,30,1,111,0,0,88,1,89,58,22,118,2,200,100,1,101,301
08/14/2017,MSN,WI,AGL,CE,Combined TRACON& Tower with Radar,63,29,44,0,136,0,0,43,0,43,63,29,87,0,179,28,0,28,207
08/15/2017,MSN,WI,AGL,CE,Combined TRACON& Tower with Radar,60,35,68,8,171,0,2,39,7,48,60,37,107,15,219,102,1,103,322
08/16/2017,MSN,WI,AGL,CE,Combined TRACON& Tower with Radar,59,27,50,12,148,0,1,67,6,74,59,28,117,18,222,28,0,28,250
08/17/2017,MSN,WI,AGL,CE,Combined TRACON& Tower with Radar,63,34,58,2,157,0,1,17,2,20,63,35,75,4,177,86,0,86,263
08/18/2017,MSN,WI,AGL,CE,Combined TRACON& Tower with Radar,61,37,44,3,145,0,1,53,6,60,61,38,97,9,205,64,0,64,269
08/19/2017,MSN,WI,AGL,CE,Combined TRACON& Tower with Radar,39,18,25,1,83,0,0,62,4,66,39,18,87,5,149,42,0,42,191
08/20/2017,MSN,WI,AGL,CE,Combined TRACON& Tower with Radar,54,29,22,1,106,0,2,94,0,96,54,31,116,1,202,26,0,26,228
08/21/2017,MSN,WI,AGL,CE,Combined TRACON& Tower with Radar,59,33,57,2,151,0,0,52,0,52,59,33,109,2,203,40,0,40,243
08/22/2017,MSN,WI,AGL,CE,Combined TRACON& Tower with Radar,60,30,41,16,147,0,0,53,7,60,60,30,94,23,207,40,4,44,251
08/23/2017,MSN,WI,AGL,CE,Combined TRACON& Tower with Radar,61,33,57,8,159,0,0,87,5,92,61,33,144,13,251,44,0,44,295
08/24/2017,MSN,WI,AGL,CE,Combined TRACON& Tower with Radar,67,27,50,10,154,0,0,68,0,68,67,27,118,10,222,58,0,58,280
08/25/2017,MSN,WI,AGL,CE,Combined TRACON& Tower with Radar,60,27,60,6,153,0,4,64,5,73,60,31,124,11,226,20,0,20,246
08/26/2017,MSN,WI,AGL,CE,Combined TRACON& Tower with Radar,38,22,37,6,103,0,0,64,1,65,38,22,101,7,168,72,0,72,240
08/27/2017,MSN,WI,AGL,CE,Combined TRACON& Tower with Radar,58,21,42,2,123,0,0,12,1,13,58,21,54,3,136,120,0,120,256
08/28/2017,MSN,WI,AGL,CE,Combined TRACON& Tower with Radar,60,38,29,5,132,0,0,8,2,10,60,38,37,7,142,32,0,32,174
08/29/2017,MSN,WI,AGL,CE,Combined TRACON& Tower with Radar,62,29,58,19,168,0,0,63,4,67,62,29,121,23,235,114,0,114,349
08/30/2017,MSN,WI,AGL,CE,Combined TRACON& Tower with Radar,62,29,62,10,163,0,0,49,6,55,62,29,111,16,218,52,0,52,270
08/31/2017,MSN,WI,AGL,CE,Combined TRACON& Tower with Radar,66,35,59,2,162,0,2,44,2,48,66,37,103,4,210,70,0,70,280
09/01/2017,MSN,WI,AGL,CE,Combined TRACON& Tower with Radar,61,35,45,3,144,0,1,70,2,73,61,36,115,5,217,66,0,66,283
09/02/2017,MSN,WI,AGL,CE,Combined TRACON& Tower with Radar,33,23,34,0,90,0,1,56,0,57,33,24,90,0,147,28,0,28,175
09/03/2017,MSN,WI,AGL,CE,Combined TRACON& Tower with Radar,38,16,32,1,87,0,0,99,0,99,38,16,131,1,186,20,0,20,206
09/04/2017,MSN,WI,AGL,CE,Combined TRACON& Tower with Radar,56,15,29,0,100,0,0,31,0,31,56,15,60,0,131,50,0,50,181
09/05/2017,MSN,WI,AGL,CE,Combined TRACON& Tower with Radar,57,24,39,6,126,0,2,18,0,20,57,26,57,6,146,24,0,24,170
09/06/2017,MSN,WI,AGL,CE,Combined TRACON& Tower with Radar,30,15,26,2,73,0,3,23,5,31,30,18,49,7,104,56,0,56,160
09/07/2017,MSN,WI,AGL,CE,Combined TRACON& Tower with Radar,60,28,62,6,156,0,3,47,2,52,60,31,109,8,208,28,2,30,238
09/08/2017,MSN,WI,AGL,CE,Combined TRACON& Tower with Radar,56,28,51,4,139,0,3,36,0,39,56,31,87,4,178,48,0,48,226
09/09/2017,MSN,WI,AGL,CE,Combined TRACON& Tower with Radar,35,28,37,16,116,0,3,97,8,108,35,31,134,24,224,84,0,84,308
09/10/2017,MSN,WI,AGL,CE,Combined TRACON& Tower with Radar,54,27,41,2,124,0,0,90,3,93,54,27,131,5,217,0,0,0,217
09/11/2017,MSN,WI,AGL,CE,Combined TRACON& Tower with Radar,62,26,59,2,149,0,3,65,7,75,62,29,124,9,224,36,0,36,260
09/12/2017,MSN,WI,AGL,CE,Combined TRACON& Tower with Radar,59,36,40,8,143,0,0,78,8,86,59,36,118,16,229,70,0,70,299
09/13/2017,MSN,WI,AGL,CE,Combined TRACON& Tower with Radar,65,30,54,10,159,0,1,75,5,81,65,31,129,15,240,62,0,62,302
09/14/2017,MSN,WI,AGL,CE,Combined TRACON& Tower with Radar,66,24,58,3,151,0,1,52,4,57,66,25,110,7,208,22,0,22,230
09/15/2017,MSN,WI,AGL,CE,Combined TRACON& Tower with Radar,66,29,49,4,148,0,0,64,1,65,66,29,113,5,213,26,0,26,239
09/16/2017,MSN,WI,AGL,CE,Combined TRACON& Tower with Radar,36,18,34,8,96,0,6,59,1,66,36,24,93,9,162,0,0,0,162
09/17/2017,MSN,WI,AGL,CE,Combined TRACON& Tower with Radar,55,23,31,1,110,0,3,28,0,31,55,26,59,1,141,34,0,34,175
09/18/2017,MSN,WI,AGL,CE,Combined TRACON& Tower with Radar,68,32,41,4,145,0,1,47,5,53,68,33,88,9,198,80,2,82,280
09/19/2017,MSN,WI,AGL,CE,Combined TRACON& Tower with Radar,61,34,45,4,144,0,1,39,6,46,61,35,84,10,190,38,10,48,238
09/20/2017,MSN,WI,AGL,CE,Combined TRACON& Tower with Radar,58,36,43,2,139,0,3,35,3,41,58,39,78,5,180,24,0,24,204
09/21/2017,MSN,WI,AGL,CE,Combined TRACON& Tower with Radar,65,31,68,8,172,0,1,45,0,46,65,32,113,8,218,18,0,18,236
09/22/2017,MSN,WI,AGL,CE,Combined TRACON& Tower with Radar,63,26,34,4,127,0,2,63,2,67,63,28,97,6,194,30,0,30,224
09/23/2017,MSN,WI,AGL,CE,Combined TRACON& Tower with Radar,33,25,28,4,90,0,4,81,11,96,33,29,109,15,186,90,4,94,280
09/24/2017,MSN,WI,AGL,CE,Combined TRACON& Tower with Radar,86,20,39,11,156,0,7,77,0,84,86,27,116,11,240,90,0,90,330
09/25/2017,MSN,WI,AGL,CE,Combined TRACON& Tower with Radar,65,29,40,7,141,0,2,63,1,66,65,31,103,8,207,68,2,70,277
09/26/2017,MSN,WI,AGL,CE,Combined TRACON& Tower with Radar,62,31,48,5,146,0,4,34,4,42,62,35,82,9,188,22,0,22,210
09/27/2017,MSN,WI,AGL,CE,Combined TRACON& Tower with Radar,62,29,60,3,154,0,1,45,5,51,62,30,105,8,205,22,0,22,227
09/28/2017,MSN,WI,AGL,CE,Combined TRACON& Tower with Radar,87,27,61,9,184,0,1,83,2,86,87,28,144,11,270,84,0,84,354
09/29/2017,MSN,WI,AGL,CE,Combined TRACON& Tower with Radar,61,36,65,3,165,0,2,62,0,64,61,38,127,3,229,40,0,40,269
09/30/2017,MSN,WI,AGL,CE,Combined TRACON& Tower with Radar,33,32,36,0,101,0,0,100,0,100,33,32,136,0,201,56,0,56,257
10/01/2017,MSN,WI,AGL,CE,Combined TRACON& Tower with Radar,58,36,36,1,131,0,2,89,2,93,58,38,125,3,224,36,0,36,260
10/02/2017,MSN,WI,AGL,CE,Combined TRACON& Tower with Radar,67,29,25,4,125,0,2,39,1,42,67,31,64,5,167,22,0,22,189
10/03/2017,MSN,WI,AGL,CE,Combined TRACON& Tower with Radar,59,31,33,14,137,0,3,34,0,37,59,34,67,14,174,46,2,48,222
10/04/2017,MSN,WI,AGL,CE,Combined TRACON& Tower with Radar,62,35,47,13,157,0,2,50,2,54,62,37,97,15,211,64,8,72,283
10/05/2017,MSN,WI,AGL,CE,Combined TRACON& Tower with Radar,65,39,49,12,165,0,3,55,1,59,65,42,104,13,224,32,0,32,256
10/06/2017,MSN,WI,AGL,CE,Combined TRACON& Tower with Radar,58,45,58,11,172,0,0,3,0,3,58,45,61,11,175,18,0,18,193
10/07/2017,MSN,WI,AGL,CE,Combined TRACON& Tower with Radar,35,23,27,0,85,0,0,5,0,5,35,23,32,0,90,6,0,6,96
10/08/2017,MSN,WI,AGL,CE,Combined TRACON& Tower with Radar,54,30,31,7,122,0,0,109,0,109,54,30,140,7,231,138,20,158,389
10/09/2017,MSN,WI,AGL,CE,Combined TRACON& Tower with Radar,58,24,43,2,127,0,0,75,1,76,58,24,118,3,203,56,0,56,259
10/10/2017,MSN,WI,AGL,CE,Combined TRACON& Tower with Radar,58,29,46,2,135,0,0,14,4,18,58,29,60,6,153,60,0,60,213
10/11/2017,MSN,WI,AGL,CE,Combined TRACON& Tower with Radar,58,30,48,11,147,0,0,6,3,9,58,30,54,14,156,0,0,0,156
10/12/2017,MSN,WI,AGL,CE,Combined TRACON& Tower with Radar,64,30,48,11,153,0,0,4,0,4,64,30,52,11,157,0,0,0,157
10/13/2017,MSN,WI,AGL,CE,Combined TRACON& Tower with Radar,58,40,49,9,156,0,0,23,2,25,58,40,72,11,181,48,0,48,229
10/14/2017,MSN,WI,AGL,CE,Combined TRACON& Tower with Radar,36,14,29,4,83,0,0,0,0,0,36,14,29,4,83,0,0,0,83
10/15/2017,MSN,WI,AGL,CE,Combined TRACON& Tower with Radar,58,26,34,2,120,0,0,26,2,28,58,26,60,4,148,56,0,56,204
10/16/2017,MSN,WI,AGL,CE,Combined TRACON& Tower with Radar,60,34,53,8,155,0,1,99,2,102,60,35,152,10,257,54,0,54,311
10/17/2017,MSN,WI,AGL,CE,Combined TRACON& Tower with Radar,60,38,55,6,159,0,2,61,2,65,60,40,116,8,224,44,0,44,268
10/18/2017,MSN,WI,AGL,CE,Combined TRACON& Tower with Radar,56,38,48,9,151,0,1,60,2,63,56,39,108,11,214,24,0,24,238
10/19/2017,MSN,WI,AGL,CE,Combined TRACON& Tower with Radar,62,32,49,7,150,0,2,109,6,117,62,34,158,13,267,92,0,92,359
10/20/2017,MSN,WI,AGL,CE,Combined TRACON& Tower with Radar,58,43,43,2,146,0,3,99,4,106,58,46,142,6,252,52,0,52,304
10/21/2017,MSN,WI,AGL,CE,Combined TRACON& Tower with Radar,34,16,49,0,99,0,2,78,0,80,34,18,127,0,179,88,0,88,267
10/22/2017,MSN,WI,AGL,CE,Combined TRACON& Tower with Radar,56,33,41,0,130,0,0,14,0,14,56,33,55,0,144,2,0,2,146
10/23/2017,MSN,WI,AGL,CE,Combined TRACON& Tower with Radar,57,32,40,11,140,0,4,30,2,36,57,36,70,13,176,44,0,44,220
10/24/2017,MSN,WI,AGL,CE,Combined TRACON& Tower with Radar,59,39,38,2,138,0,0,3,0,3,59,39,41,2,141,0,2,2,143
10/25/2017,MSN,WI,AGL,CE,Combined TRACON& Tower with Radar,53,35,47,18,153,0,2,54,4,60,53,37,101,22,213,36,2,38,251
10/26/2017,MSN,WI,AGL,CE,Combined TRACON& Tower with Radar,61,30,53,5,149,0,1,85,1,87,61,31,138,6,236,54,0,54,290
10/27/2017,MSN,WI,AGL,CE,Combined TRACON& Tower with Radar,60,31,24,5,120,0,0,9,1,10,60,31,33,6,130,32,0,32,162
10/28/2017,MSN,WI,AGL,CE,Combined TRACON& Tower with Radar,36,15,30,0,81,0,0,30,0,30,36,15,60,0,111,36,0,36,147
10/29/2017,MSN,WI,AGL,CE,Combined TRACON& Tower with Radar,53,23,46,0,122,0,2,100,0,102,53,25,146,0,224,92,0,92,316
10/30/2017,MSN,WI,AGL,CE,Combined TRACON& Tower with Radar,59,31,47,2,139,0,0,14,0,14,59,31,61,2,153,6,0,6,159
10/31/2017,MSN,WI,AGL,CE,Combined TRACON& Tower with Radar,61,23,35,6,125,0,1,37,0,38,61,24,72,6,163,18,0,18,181
11/01/2017,MSN,WI,AGL,CE,Combined TRACON& Tower with Radar,55,33,41,10,139,0,1,31,2,34,55,34,72,12,173,30,0,30,203
11/02/2017,MSN,WI,AGL,CE,Combined TRACON& Tower with Radar,64,34,31,3,132,0,0,2,0,2,64,34,33,3,134,26,0,26,160
11/03/2017,MSN,WI,AGL,CE,Combined TRACON& Tower with Radar,53,31,40,7,131,0,1,75,0,76,53,32,115,7,207,46,0,46,253
11/04/2017,MSN,WI,AGL,CE,Combined TRACON& Tower with Radar,39,18,36,2,95,0,0,0,0,0,39,18,36,2,95,0,0,0,95
11/05/2017,MSN,WI,AGL,CE,Combined TRACON& Tower with Radar,54,21,33,2,110,0,0,6,0,6,54,21,39,2,116,100,0,100,216
11/06/2017,MSN,WI,AGL,CE,Combined TRACON& Tower with Radar,53,30,46,6,135,0,0,41,4,45,53,30,87,10,180,114,0,114,294
11/07/2017,MSN,WI,AGL,CE,Combined TRACON& Tower with Radar,59,32,60,18,169,0,2,74,5,81,59,34,134,23,250,64,0,64,314
11/08/2017,MSN,WI,AGL,CE,Combined TRACON& Tower with Radar,56,35,68,6,165,0,1,74,12,87,56,36,142,18,252,100,0,100,352
11/09/2017,MSN,WI,AGL,CE,Combined TRACON& Tower with Radar,64,35,55,2,156,0,0,26,1,27,64,35,81,3,183,58,0,58,241
11/10/2017,MSN,WI,AGL,CE,Combined TRACON& Tower with Radar,58,30,47,8,143,0,0,59,2,61,58,30,106,10,204,28,6,34,238
11/11/2017,MSN,WI,AGL,CE,Combined TRACON& Tower with Radar,32,29,55,3,119,0,6,51,3,60,32,35,106,6,179,8,0,8,187
11/12/2017,MSN,WI,AGL,CE,Combined TRACON& Tower with Radar,61,25,42,2,130,0,0,8,0,8,61,25,50,2,138,138,0,138,276
11/13/2017,MSN,WI,AGL,CE,Combined TRACON& Tower with Radar,56,36,56,6,154,0,2,28,2,32,56,38,84,8,186,66,0,66,252
11/14/2017,MSN,WI,AGL,CE,Combined TRACON& Tower with Radar,63,37,37,15,152,0,0,18,1,19,63,37,55,16,171,98,0,98,269
11/15/2017,MSN,WI,AGL,CE,Combined TRACON& Tower with Radar,57,36,55,8,156,0,0,4,4,8,57,36,59,12,164,4,2,6,170
11/16/2017,MSN,WI,AGL,CE,Combined TRACON& Tower with Radar,72,37,71,5,185,0,2,53,2,57,72,39,124,7,242,132,0,132,374
11/17/2017,MSN,WI,AGL,CE,Combined TRACON& Tower with Radar,57,48,56,3,164,0,1,4,1,6,57,49,60,4,170,0,0,0,170
11/18/2017,MSN,WI,AGL,CE,Combined TRACON& Tower with Radar,37,36,45,1,119,0,0,3,0,3,37,36,48,1,122,0,0,0,122
11/19/2017,MSN,WI,AGL,CE,Combined TRACON& Tower with Radar,53,28,66,8,155,0,0,90,3,93,53,28,156,11,248,24,0,24,272
11/20/2017,MSN,WI,AGL,CE,Combined TRACON& Tower with Radar,51,31,33,9,124,0,3,42,7,52,51,34,75,16,176,68,0,68,244
11/21/2017,MSN,WI,AGL,CE,Combined TRACON& Tower with Radar,59,33,51,12,155,0,1,40,1,42,59,34,91,13,197,68,0,68,265
11/22/2017,MSN,WI,AGL,CE,Combined TRACON& Tower with Radar,57,43,54,10,164,0,2,92,3,97,57,45,146,13,261,116,0,116,377
11/23/2017,MSN,WI,AGL,CE,Combined TRACON& Tower with Radar,24,16,1,0,41,0,1,23,0,24,24,17,24,0,65,22,0,22,87
11/24/2017,MSN,WI,AGL,CE,Combined TRACON& Tower with Radar,34,22,14,0,70,0,0,20,0,20,34,22,34,0,90,6,0,6,96
11/25/2017,MSN,WI,AGL,CE,Combined TRACON& Tower with Radar,56,23,14,10,103,0,0,41,2,43,56,23,55,12,146,20,0,20,166
11/26/2017,MSN,WI,AGL,CE,Combined TRACON& Tower with Radar,63,35,54,2,154,0,0,112,1,113,63,35,166,3,267,52,0,52,319
11/27/2017,MSN,WI,AGL,CE,Combined TRACON& Tower with Radar,57,33,52,12,154,0,1,56,7,64,57,34,108,19,218,102,0,102,320
11/28/2017,MSN,WI,AGL,CE,Combined TRACON& Tower with Radar,61,32,33,15,141,0,1,29,10,40,61,33,62,25,181,64,4,68,249
11/29/2017,MSN,WI,AGL,CE,Combined TRACON& Tower with Radar,56,38,53,10,157,0,4,82,10,96,56,42,135,20,253,72,0,72,325
11/30/2017,MSN,WI,AGL,CE,Combined TRACON& Tower with Radar,64,36,36,7,143,0,2,53,7,62,64,38,89,14,205,26,4,30,235
12/01/2017,MSN,WI,AGL,CE,Combined TRACON& Tower with Radar,59,35,36,10,140,0,2,77,4,83,59,37,113,14,223,38,0,38,261
12/02/2017,MSN,WI,AGL,CE,Combined TRACON& Tower with Radar,33,19,49,15,116,0,1,96,4,101,33,20,145,19,217,32,0,32,249
12/03/2017,MSN,WI,AGL,CE,Combined TRACON& Tower with Radar,59,23,37,4,123,0,0,80,3,83,59,23,117,7,206,84,0,84,290
12/04/2017,MSN,WI,AGL,CE,Combined TRACON& Tower with Radar,55,29,35,12,131,0,0,5,3,8,55,29,40,15,139,68,0,68,207
12/05/2017,MSN,WI,AGL,CE,Combined TRACON& Tower with Radar,63,32,44,3,142,0,0,3,9,12,63,32,47,12,154,0,0,0,154
12/06/2017,MSN,WI,AGL,CE,Combined TRACON& Tower with Radar,58,36,53,11,158,0,0,30,4,34,58,36,83,15,192,12,0,12,204
12/07/2017,MSN,WI,AGL,CE,Combined TRACON& Tower with Radar,64,44,57,5,170,0,1,44,1,46,64,45,101,6,216,80,0,80,296
12/08/2017,MSN,WI,AGL,CE,Combined TRACON& Tower with Radar,50,35,25,2,112,0,0,45,2,47,50,35,70,4,159,36,2,38,197
12/09/2017,MSN,WI,AGL,CE,Combined TRACON& Tower with Radar,35,23,18,1,77,0,0,32,0,32,35,23,50,1,109,38,0,38,147
12/10/2017,MSN,WI,AGL,CE,Combined TRACON& Tower with Radar,53,22,13,0,88,0,0,50,0,50,53,22,63,0,138,140,0,140,278
12/11/2017,MSN,WI,AGL,CE,Combined TRACON& Tower with Radar,55,32,27,7,121,0,0,12,1,13,55,32,39,8,134,18,0,18,152
12/12/2017,MSN,WI,AGL,CE,Combined TRACON& Tower with Radar,62,41,47,13,163,0,2,31,7,40,62,43,78,20,203,86,0,86,289
12/13/2017,MSN,WI,AGL,CE,Combined TRACON& Tower with Radar,57,32,39,14,142,0,0,8,3,11,57,32,47,17,153,26,0,26,179
12/14/2017,MSN,WI,AGL,CE,Combined TRACON& Tower with Radar,59,29,46,10,144,0,2,52,12,66,59,31,98,22,210,56,0,56,266
12/15/2017,MSN,WI,AGL,CE,Combined TRACON& Tower with Radar,53,32,41,2,128,0,1,27,1,29,53,33,68,3,157,49,0,49,206
12/16/2017,MSN,WI,AGL,CE,Combined TRACON& Tower with Radar,33,19,31,0,83,0,1,70,0,71,33,20,101,0,154,40,0,40,194
12/17/2017,MSN,WI,AGL,CE,Combined TRACON& Tower with Radar,51,23,20,0,94,0,0,0,0,0,51,23,20,0,94,0,0,0,94
12/18/2017,MSN,WI,AGL,CE,Combined TRACON& Tower with Radar,53,25,34,5,117,0,0,9,0,9,53,25,43,5,126,16,0,16,142
12/19/2017,MSN,WI,AGL,CE,Combined TRACON& Tower with Radar,61,33,50,12,156,0,1,62,6,69,61,34,112,18,225,44,0,44,269
12/20/2017,MSN,WI,AGL,CE,Combined TRACON& Tower with Radar,51,34,57,14,156,0,4,57,4,65,51,38,114,18,221,86,0,86,307
12/21/2017,MSN,WI,AGL,CE,Combined TRACON& Tower with Radar,44,32,28,15,119,0,2,32,1,35,44,34,60,16,154,110,0,110,264
12/22/2017,MSN,WI,AGL,CE,Combined TRACON& Tower with Radar,42,39,21,13,115,0,0,3,0,3,42,39,24,13,118,30,0,30,148
12/23/2017,MSN,WI,AGL,CE,Combined TRACON& Tower with Radar,32,37,24,0,93,0,2,22,0,24,32,39,46,0,117,0,0,0,117
12/24/2017,MSN,WI,AGL,CE,Combined TRACON& Tower with Radar,37,19,1,0,57,0,0,1,0,1,37,19,2,0,58,0,0,0,58
12/25/2017,MSN,WI,AGL,CE,Combined TRACON& Tower with Radar,28,21,1,0,50,0,0,4,0,4,28,21,5,0,54,0,0,0,54
12/26/2017,MSN,WI,AGL,CE,Combined TRACON& Tower with Radar,44,32,29,0,105,0,3,14,0,17,44,35,43,0,122,4,0,4,126
12/27/2017,MSN,WI,AGL,CE,Combined TRACON& Tower with Radar,37,38,22,14,111,0,3,41,0,44,37,41,63,14,155,38,0,38,193
12/28/2017,MSN,WI,AGL,CE,Combined TRACON& Tower with Radar,55,32,27,8,122,0,1,2,0,3,55,33,29,8,125,2,0,2,127
12/29/2017,MSN,WI,AGL,CE,Combined TRACON& Tower with Radar,33,33,11,6,83,0,0,4,0,4,33,33,15,6,87,8,0,8,95
12/30/2017,MSN,WI,AGL,CE,Combined TRACON& Tower with Radar,34,32,17,0,83,0,0,7,0,7,34,32,24,0,90,2,0,2,92
12/31/2017,MSN,WI,AGL,CE,Combined TRACON& Tower with Radar,39,33,9,0,81,0,1,24,0,25,39,34,33,0,106,42,0,42,148
01/01/2018,MSN,WI,AGL,CE,Combined TRACON& Tower with Radar,27,28,16,0,71,0,0,11,0,11,27,28,27,0,82,0,0,0,82
01/02/2018,MSN,WI,AGL,CE,Combined TRACON& Tower with Radar,42,34,36,1,113,10,2,29,0,41,52,36,65,1,154,0,0,0,154
01/03/2018,MSN,WI,AGL,CE,Combined TRACON& Tower with Radar,44,32,29,11,116,0,2,21,10,33,44,34,50,21,149,26,0,26,175
01/04/2018,MSN,WI,AGL,CE,Combined TRACON& Tower with Radar,54,28,23,15,120,0,2,28,3,33,54,30,51,18,153,24,2,26,179
01/05/2018,MSN,WI,AGL,CE,Combined TRACON& Tower with Radar,37,34,33,13,117,0,0,39,3,42,37,34,72,16,159,28,0,28,187
01/06/2018,MSN,WI,AGL,CE,Combined TRACON& Tower with Radar,32,25,27,13,97,0,0,45,4,49,32,25,72,17,146,30,0,30,176
01/07/2018,MSN,WI,AGL,CE,Combined TRACON& Tower with Radar,50,20,5,0,75,0,0,17,2,19,50,20,22,2,94,46,0,46,140
01/08/2018,MSN,WI,AGL,CE,Combined TRACON& Tower with Radar,53,28,24,14,119,0,0,36,4,40,53,28,60,18,159,46,0,46,205
01/09/2018,MSN,WI,AGL,CE,Combined TRACON& Tower with Radar,57,22,29,21,129,54,3,54,1,112,111,25,83,22,241,0,0,0,241
01/10/2018,MSN,WI,AGL,CE,Combined TRACON& Tower with Radar,53,23,18,0,94,0,0,0,0,0,53,23,18,0,94,0,0,0,94
01/11/2018,MSN,WI,AGL,CE,Combined TRACON& Tower with Radar,62,24,31,8,125,0,0,0,0,0,62,24,31,8,125,0,0,0,125
01/12/2018,MSN,WI,AGL,CE,Combined TRACON& Tower with Radar,48,26,25,1,100,0,0,21,2,23,48,26,46,3,123,18,0,18,141
01/13/2018,MSN,WI,AGL,CE,Combined TRACON& Tower with Radar,34,14,20,1,69,0,0,59,0,59,34,14,79,1,128,24,0,24,152
01/14/2018,MSN,WI,AGL,CE,Combined TRACON& Tower with Radar,47,22,20,2,91,0,0,34,0,34,47,22,54,2,125,60,0,60,185
01/15/2018,MSN,WI,AGL,CE,Combined TRACON& Tower with Radar,51,15,30,1,97,0,0,0,0,0,51,15,30,1,97,0,0,0,97
01/16/2018,MSN,WI,AGL,CE,Combined TRACON& Tower with Radar,57,32,38,13,140,0,1,26,7,34,57,33,64,20,174,44,0,44,218
01/17/2018,MSN,WI,AGL,CE,Combined TRACON& Tower with Radar,48,31,38,15,132,0,0,46,8,54,48,31,84,23,186,92,0,92,278
01/18/2018,MSN,WI,AGL,CE,Combined TRACON& Tower with Radar,60,33,46,14,153,0,2,61,3,66,60,35,107,17,219,90,0,90,309
01/19/2018,MSN,WI,AGL,CE,Combined TRACON& Tower with Radar,55,30,34,10,129,0,3,38,3,44,55,33,72,13,173,76,0,76,249
01/20/2018,MSN,WI,AGL,CE,Combined TRACON& Tower with Radar,34,15,49,2,100,0,2,104,2,108,34,17,153,4,208,94,0,94,302
01/21/2018,MSN,WI,AGL,CE,Combined TRACON& Tower with Radar,55,18,10,3,86,0,0,0,0,0,55,18,10,3,86,0,2,2,88
01/22/2018,MSN,WI,AGL,CE,Combined TRACON& Tower with Radar,52,19,22,0,93,0,0,0,0,0,52,19,22,0,93,0,0,0,93
01/23/2018,MSN,WI,AGL,CE,Combined TRACON& Tower with Radar,57,29,19,10,115,0,1,5,5,11,57,30,24,15,126,6,0,6,132
01/24/2018,MSN,WI,AGL,CE,Combined TRACON& Tower with Radar,53,38,54,14,159,0,0,15,4,19,53,38,69,18,178,56,0,56,234
01/25/2018,MSN,WI,AGL,CE,Combined TRACON& Tower with Radar,64,30,43,10,147,0,2,41,5,48,64,32,84,15,195,48,0,48,243
01/26/2018,MSN,WI,AGL,CE,Combined TRACON& Tower with Radar,51,29,31,7,118,0,3,15,2,20,51,32,46,9,138,36,0,36,174
01/27/2018,MSN,WI,AGL,CE,Combined TRACON& Tower with Radar,34,17,28,6,85,0,8,100,1,109,34,25,128,7,194,82,0,82,276
01/28/2018,MSN,WI,AGL,CE,Combined TRACON& Tower with Radar,54,17,6,0,77,0,0,10,0,10,54,17,16,0,87,40,0,40,127
01/29/2018,MSN,WI,AGL,CE,Combined TRACON& Tower with Radar,54,30,35,7,126,0,0,28,2,30,54,30,63,9,156,60,0,60,216
01/30/2018,MSN,WI,AGL,CE,Combined TRACON& Tower with Radar,56,28,38,12,134,0,0,45,5,50,56,28,83,17,184,76,16,92,276
01/31/2018,MSN,WI,AGL,CE,Combined TRACON& Tower with Radar,50,26,38,3,117,0,2,52,3,57,50,28,90,6,174,84,0,84,258
02/01/2018,MSN,WI,AGL,CE,Combined TRACON& Tower with Radar,62,28,27,8,125,0,1,26,2,29,62,29,53,10,154,26,0,26,180
02/02/2018,MSN,WI,AGL,CE,Combined TRACON& Tower with Radar,53,36,50,6,145,0,1,60,2,63,53,37,110,8,208,32,0,32,240
02/03/2018,MSN,WI,AGL,CE,Combined TRACON& Tower with Radar,35,14,11,11,71,0,0,13,0,13,35,14,24,11,84,14,0,14,98
02/04/2018,MSN,WI,AGL,CE,Combined TRACON& Tower with Radar,53,18,7,2,80,0,0,12,0,12,53,18,19,2,92,8,0,8,100
02/05/2018,MSN,WI,AGL,CE,Combined TRACON& Tower with Radar,54,16,29,7,106,0,0,9,5,14,54,16,38,12,120,0,0,0,120
02/06/2018,MSN,WI,AGL,CE,Combined TRACON& Tower with Radar,56,28,28,16,128,0,4,32,10,46,56,32,60,26,174,20,0,20,194
02/07/2018,MSN,WI,AGL,CE,Combined TRACON& Tower with Radar,53,28,30,16,127,0,1,11,7,19,53,29,41,23,146,38,0,38,184
02/08/2018,MSN,WI,AGL,CE,Combined TRACON& Tower with Radar,59,31,32,13,135,0,3,22,3,28,59,34,54,16,163,96,2,98,261
02/09/2018,MSN,WI,AGL,CE,Combined TRACON& Tower with Radar,47,16,33,0,96,0,0,14,2,16,47,16,47,2,112,14,0,14,126
02/10/2018,MSN,WI,AGL,CE,Combined TRACON& Tower with Radar,37,15,37,1,90,0,1,55,3,59,37,16,92,4,149,40,0,40,189
02/11/2018,MSN,WI,AGL,CE,Combined TRACON& Tower with Radar,51,27,26,0,104,0,2,41,0,43,51,29,67,0,147,42,0,42,189
02/12/2018,MSN,WI,AGL,CE,Combined TRACON& Tower with Radar,52,24,46,12,134,0,0,44,4,48,52,24,90,16,182,48,0,48,230
02/13/2018,MSN,WI,AGL,CE,Combined TRACON& Tower with Radar,58,21,53,17,149,0,2,52,7,61,58,23,105,24,210,20,8,28,238
02/14/2018,MSN,WI,AGL,CE,Combined TRACON& Tower with Radar,41,31,44,12,128,0,4,52,3,59,41,35,96,15,187,72,0,72,259
02/15/2018,MSN,WI,AGL,CE,Combined TRACON& Tower with Radar,49,37,43,16,145,0,1,35,6,42,49,38,78,22,187,124,4,128,315
02/16/2018,MSN,WI,AGL,CE,Combined TRACON& Tower with Radar,55,29,40,1,125,0,0,63,2,65,55,29,103,3,190,82,0,82,272
02/17/2018,MSN,WI,AGL,CE,Combined TRACON& Tower with Radar,30,17,24,0,71,0,0,10,0,10,30,17,34,0,81,0,0,0,81
02/18/2018,MSN,WI,AGL,CE,Combined TRACON& Tower with Radar,44,20,24,0,88,0,1,52,0,53,44,21,76,0,141,54,0,54,195
02/19/2018,MSN,WI,AGL,CE,Combined TRACON& Tower with Radar,56,32,29,1,118,0,0,0,0,0,56,32,29,1,118,0,0,0,118
02/20/2018,MSN,WI,AGL,CE,Combined TRACON& Tower with Radar,56,45,40,2,143,0,0,0,0,0,56,45,40,2,143,0,0,0,143
02/21/2018,MSN,WI,AGL,CE,Combined TRACON& Tower with Radar,54,28,45,14,141,0,5,63,10,78,54,33,108,24,219,84,0,84,303
02/22/2018,MSN,WI,AGL,CE,Combined TRACON& Tower with Radar,59,30,31,12,132,0,1,32,4,37,59,31,63,16,169,76,2,78,247
02/23/2018,MSN,WI,AGL,CE,Combined TRACON& Tower with Radar,51,37,34,0,122,0,1,12,0,13,51,38,46,0,135,36,0,36,171
02/24/2018,MSN,WI,AGL,CE,Combined TRACON& Tower with Radar,39,14,32,0,85,0,0,4,0,4,39,14,36,0,89,56,0,56,145
02/25/2018,MSN,WI,AGL,CE,Combined TRACON& Tower with Radar,57,19,28,0,104,0,0,41,1,42,57,19,69,1,146,38,0,38,184
02/26/2018,MSN,WI,AGL,CE,Combined TRACON& Tower with Radar,55,27,41,15,138,0,0,71,4,75,55,27,112,19,213,86,16,102,315
02/27/2018,MSN,WI,AGL,CE,Combined TRACON& Tower with Radar,59,31,46,12,148,0,2,71,12,85,59,33,117,24,233,92,0,92,325
02/28/2018,MSN,WI,AGL,CE,Combined TRACON& Tower with Radar,53,38,43,16,150,0,1,2,4,7,53,39,45,20,157,0,0,0,157
03/01/2018,MSN,WI,AGL,CE,Combined TRACON& Tower with Radar,63,33,47,13,156,0,0,28,6,34,63,33,75,19,190,86,0,86,276
03/02/2018,MSN,WI,AGL,CE,Combined TRACON& Tower with Radar,46,22,35,1,104,0,3,128,2,133,46,25,163,3,237,72,0,72,309
03/03/2018,MSN,WI,AGL,CE,Combined TRACON& Tower with Radar,36,20,27,11,94,0,0,106,9,115,36,20,133,20,209,60,0,60,269
03/04/2018,MSN,WI,AGL,CE,Combined TRACON& Tower with Radar,60,19,19,0,98,0,2,74,0,76,60,21,93,0,174,26,0,26,200
03/05/2018,MSN,WI,AGL,CE,Combined TRACON& Tower with Radar,50,25,23,2,100,0,0,5,2,7,50,25,28,4,107,6,0,6,113
03/06/2018,MSN,WI,AGL,CE,Combined TRACON& Tower with Radar,59,36,25,5,125,0,0,0,2,2,59,36,25,7,127,0,24,24,151
03/07/2018,MSN,WI,AGL,CE,Combined TRACON& Tower with Radar,53,37,40,15,145,0,2,26,10,38,53,39,66,25,183,116,2,118,301
03/08/2018,MSN,WI,AGL,CE,Combined TRACON& Tower with Radar,65,39,59,11,174,0,1,61,6,68,65,40,120,17,242,74,0,74,316
03/09/2018,MSN,WI,AGL,CE,Combined TRACON& Tower with Radar,57,33,45,2,137,0,4,79,1,84,57,37,124,3,221,70,0,70,291
03/10/2018,MSN,WI,AGL,CE,Combined TRACON& Tower with Radar,41,22,30,2,95,0,2,86,1,89,41,24,116,3,184,84,0,84,268
03/11/2018,MSN,WI,AGL,CE,Combined TRACON& Tower with Radar,64,15,11,1,91,0,0,88,1,89,64,15,99,2,180,58,0,58,238
03/12/2018,MSN,WI,AGL,CE,Combined TRACON& Tower with Radar,58,29,37,7,131,0,0,29,4,33,58,29,66,11,164,70,0,70,234
03/13/2018,MSN,WI,AGL,CE,Combined TRACON& Tower with Radar,66,28,35,15,144,0,1,31,6,38,66,29,66,21,182,72,8,80,262
03/14/2018,MSN,WI,AGL,CE,Combined TRACON& Tower with Radar,61,39,43,9,152,0,1,41,17,59,61,40,84,26,211,96,8,104,315
03/15/2018,MSN,WI,AGL,CE,Combined TRACON& Tower with Radar,65,24,57,8,154,0,1,62,9,72,65,25,119,17,226,71,0,71,297
03/16/2018,MSN,WI,AGL,CE,Combined TRACON& Tower with Radar,58,24,37,3,122,0,1,59,3,63,58,25,96,6,185,36,2,38,223
03/17/2018,MSN,WI,AGL,CE,Combined TRACON& Tower with Radar,39,14,34,4,91,0,2,87,0,89,39,16,121,4,180,33,0,33,213
03/18/2018,MSN,WI,AGL,CE,Combined TRACON& Tower with Radar,62,15,29,2,108,0,0,125,1,126,62,15,154,3,234,116,0,116,350
03/19/2018,MSN,WI,AGL,CE,Combined TRACON& Tower with Radar,59,23,35,9,126,0,0,35,3,38,59,23,70,12,164,40,0,40,204
03/20/2018,MSN,WI,AGL,CE,Combined TRACON& Tower with Radar,62,26,36,9,133,0,0,38,10,48,62,26,74,19,181,128,4,132,313
03/21/2018,MSN,WI,AGL,CE,Combined TRACON& Tower with Radar,56,29,38,14,137,0,2,57,9,68,56,31,95,23,205,128,4,132,337
03/22/2018,MSN,WI,AGL,CE,Combined TRACON& Tower with Radar,67,33,27,10,137,0,0,63,4,67,67,33,90,14,204,78,0,78,282
03/23/2018,MSN,WI,AGL,CE,Combined TRACON& Tower with Radar,58,28,29,11,126,0,2,37,4,43,58,30,66,15,169,38,0,38,207
03/24/2018,MSN,WI,AGL,CE,Combined TRACON& Tower with Radar,44,19,18,1,82,0,0,18,0,18,44,19,36,1,100,4,0,4,104
03/25/2018,MSN,WI,AGL,CE,Combined TRACON& Tower with Radar,63,18,26,0,107,0,0,62,1,63,63,18,88,1,170,44,0,44,214
03/26/2018,MSN,WI,AGL,CE,Combined TRACON& Tower with Radar,56,30,22,3,111,0,0,33,4,37,56,30,55,7,148,52,0,52,200
03/27/2018,MSN,WI,AGL,CE,Combined TRACON& Tower with Radar,65,34,53,11,163,0,0,11,4,15,65,34,64,15,178,10,0,10,188
03/28/2018,MSN,WI,AGL,CE,Combined TRACON& Tower with Radar,60,28,64,22,174,0,2,96,11,109,60,30,160,33,283,44,0,44,327
03/29/2018,MSN,WI,AGL,CE,Combined TRACON& Tower with Radar,66,31,35,11,143,0,1,46,10,57,66,32,81,21,200,52,0,52,252
03/30/2018,MSN,WI,AGL,CE,Combined TRACON& Tower with Radar,66,30,25,3,124,0,1,72,3,76,66,31,97,6,200,48,0,48,248
03/31/2018,MSN,WI,AGL,CE,Combined TRACON& Tower with Radar,39,22,12,0,73,0,0,0,0,0,39,22,12,0,73,2,0,2,75
04/01/2018,MSN,WI,AGL,CE,Combined TRACON& Tower with Radar,61,25,14,0,100,0,0,30,0,30,61,25,44,0,130,4,0,4,134
04/02/2018,MSN,WI,AGL,CE,Combined TRACON& Tower with Radar,57,32,45,2,136,0,0,42,3,45,57,32,87,5,181,64,0,64,245
04/03/2018,MSN,WI,AGL,CE,Combined TRACON& Tower with Radar,68,25,27,0,120,0,0,0,0,0,68,25,27,0,120,0,0,0,120
04/04/2018,MSN,WI,AGL,CE,Combined TRACON& Tower with Radar,64,32,59,20,175,0,2,31,6,39,64,34,90,26,214,32,0,32,246
04/05/2018,MSN,WI,AGL,CE,Combined TRACON& Tower with Radar,69,28,31,20,148,0,2,29,10,41,69,30,60,30,189,70,2,72,261
04/06/2018,MSN,WI,AGL,CE,Combined TRACON& Tower with Radar,61,24,26,11,122,0,0,11,0,11,61,24,37,11,133,24,0,24,157
04/07/2018,MSN,WI,AGL,CE,Combined TRACON& Tower with Radar,42,12,46,8,108,0,0,74,10,84,42,12,120,18,192,38,0,38,230
04/08/2018,MSN,WI,AGL,CE,Combined TRACON& Tower with Radar,67,15,17,4,103,0,0,61,6,67,67,15,78,10,170,50,0,50,220
04/09/2018,MSN,WI,AGL,CE,Combined TRACON& Tower with Radar,63,22,25,18,128,0,0,8,6,14,63,22,33,24,142,50,0,50,192
04/10/2018,MSN,WI,AGL,CE,Combined TRACON& Tower with Radar,63,24,39,12,138,0,2,59,7,68,63,26,98,19,206,68,0,68,274
04/11/2018,MSN,WI,AGL,CE,Combined TRACON& Tower with Radar,66,32,42,11,151,0,3,48,23,74,66,35,90,34,225,48,0,48,273
04/12/2018,MSN,WI,AGL,CE,Combined TRACON& Tower with Radar,69,40,49,8,166,0,0,24,5,29,69,40,73,13,195,60,6,66,261
04/13/2018,MSN,WI,AGL,CE,Combined TRACON& Tower with Radar,58,39,28,2,127,0,0,0,2,2,58,39,28,4,129,0,0,0,129
04/14/2018,MSN,WI,AGL,CE,Combined TRACON& Tower with Radar,30,15,2,0,47,0,0,0,0,0,30,15,2,0,47,0,0,0,47
04/15/2018,MSN,WI,AGL,CE,Combined TRACON& Tower with Radar,54,22,8,0,84,0,0,0,0,0,54,22,8,0,84,0,0,0,84
04/16/2018,MSN,WI,AGL,CE,Combined TRACON& Tower with Radar,59,33,26,6,124,0,0,3,0,3,59,33,29,6,127,8,0,8,135
04/17/2018,MSN,WI,AGL,CE,Combined TRACON& Tower with Radar,70,28,32,18,148,0,2,59,10,71,70,30,91,28,219,92,0,92,311
04/18/2018,MSN,WI,AGL,CE,Combined TRACON& Tower with Radar,60,26,31,3,120,0,1,7,3,11,60,27,38,6,131,4,0,4,135
04/19/2018,MSN,WI,AGL,CE,Combined TRACON& Tower with Radar,69,35,35,14,153,0,1,42,6,49,69,36,77,20,202,58,2,60,262
04/20/2018,MSN,WI,AGL,CE,Combined TRACON& Tower with Radar,57,36,36,16,145,0,4,84,4,92,57,40,120,20,237,82,0,82,319
04/21/2018,MSN,WI,AGL,CE,Combined TRACON& Tower with Radar,42,14,27,1,84,0,4,79,8,91,42,18,106,9,175,36,0,36,211
04/22/2018,MSN,WI,AGL,CE,Combined TRACON& Tower with Radar,61,31,22,2,116,0,1,98,3,102,61,32,120,5,218,52,0,52,270
04/23/2018,MSN,WI,AGL,CE,Combined TRACON& Tower with Radar,60,23,38,19,140,0,2,58,3,63,60,25,96,22,203,60,0,60,263
04/24/2018,MSN,WI,AGL,CE,Combined TRACON& Tower with Radar,68,37,41,10,156,0,4,64,25,93,68,41,105,35,249,80,2,82,331
04/25/2018,MSN,WI,AGL,CE,Combined TRACON& Tower with Radar,67,28,47,16,158,0,7,97,12,116,67,35,144,28,274,92,2,94,368
04/26/2018,MSN,WI,AGL,CE,Combined TRACON& Tower with Radar,67,41,52,16,176,0,1,74,21,96,67,42,126,37,272,86,6,92,364
04/27/2018,MSN,WI,AGL,CE,Combined TRACON& Tower with Radar,59,29,39,2,129,0,2,41,4,47,59,31,80,6,176,94,2,96,272
04/28/2018,MSN,WI,AGL,CE,Combined TRACON& Tower with Radar,36,27,38,0,101,0,3,115,0,118,36,30,153,0,219,12,0,12,231
04/29/2018,MSN,WI,AGL,CE,Combined TRACON& Tower with Radar,63,17,42,0,122,0,0,120,0,120,63,17,162,0,242,78,0,78,320
04/30/2018,MSN,WI,AGL,CE,Combined TRACON& Tower with Radar,60,29,31,2,122,0,2,54,8,64,60,31,85,10,186,32,0,32,218
05/01/2018,MSN,WI,AGL,CE,Combined TRACON& Tower with Radar,66,32,30,13,141,0,1,14,2,17,66,33,44,15,158,12,0,12,170
05/02/2018,MSN,WI,AGL,CE,Combined TRACON& Tower with Radar,68,39,27,15,149,0,2,13,0,15,68,41,40,15,164,20,2,22,186
05/03/2018,MSN,WI,AGL,CE,Combined TRACON& Tower with Radar,70,42,37,17,166,0,0,3,0,3,70,42,40,17,169,0,0,0,169
05/04/2018,MSN,WI,AGL,CE,Combined TRACON& Tower with Radar,63,32,42,12,149,0,0,55,0,55,63,32,97,12,204,78,0,78,282
05/05/2018,MSN,WI,AGL,CE,Combined TRACON& Tower with Radar,41,22,48,8,119,0,0,94,7,101,41,22,142,15,220,52,0,52,272
05/06/2018,MSN,WI,AGL,CE,Combined TRACON& Tower with Radar,60,32,29,3,124,0,6,63,3,72,60,38,92,6,196,34,0,34,230
05/07/2018,MSN,WI,AGL,CE,Combined TRACON& Tower with Radar,68,27,43,17,155,0,0,79,7,86,68,27,122,24,241,46,0,46,287
05/08/2018,MSN,WI,AGL,CE,Combined TRACON& Tower with Radar,70,32,49,24,175,0,3,75,13,91,70,35,124,37,266,146,4,150,416
05/09/2018,MSN,WI,AGL,CE,Combined TRACON& Tower with Radar,68,40,44,13,165,0,1,3,10,14,68,41,47,23,179,18,0,18,197
05/10/2018,MSN,WI,AGL,CE,Combined TRACON& Tower with Radar,73,27,74,14,188,0,2,54,6,62,73,29,128,20,250,118,0,118,368
05/11/2018,MSN,WI,AGL,CE,Combined TRACON& Tower with Radar,63,38,68,7,176,0,0,1,0,1,63,38,69,7,177,0,0,0,177
05/12/2018,MSN,WI,AGL,CE,Combined TRACON& Tower with Radar,44,26,32,0,102,0,0,11,0,11,44,26,43,0,113,0,0,0,113
05/13/2018,MSN,WI,AGL,CE,Combined TRACON& Tower with Radar,56,31,26,0,113,0,0,1,0,1,56,31,27,0,114,14,0,14,128
05/14/2018,MSN,WI,AGL,CE,Combined TRACON& Tower with Radar,62,27,46,18,153,0,0,8,0,8,62,27,54,18,161,52,6,58,219
05/15/2018,MSN,WI,AGL,CE,Combined TRACON& Tower with Radar,69,28,35,19,151,0,2,74,12,88,69,30,109,31,239,46,8,54,293
05/16/2018,MSN,WI,AGL,CE,Combined TRACON& Tower with Radar,63,33,79,12,187,0,3,128,24,155,63,36,207,36,342,98,0,98,440
05/17/2018,MSN,WI,AGL,CE,Combined TRACON& Tower with Radar,72,33,40,9,154,0,1,75,14,90,72,34,115,23,244,90,0,90,334
05/18/2018,MSN,WI,AGL,CE,Combined TRACON& Tower with Radar,64,33,32,5,134,0,1,69,11,81,64,34,101,16,215,32,0,32,247
05/19/2018,MSN,WI,AGL,CE,Combined TRACON& Tower with Radar,44,22,35,2,103,0,0,15,0,15,44,22,50,2,118,66,0,66,184
05/20/2018,MSN,WI,AGL,CE,Combined TRACON& Tower with Radar,64,27,37,0,128,0,0,15,0,15,64,27,52,0,143,32,0,32,175
05/21/2018,MSN,WI,AGL,CE,Combined TRACON& Tower with Radar,68,32,40,0,140,0,0,0,0,0,68,32,40,0,140,0,0,0,140
05/22/2018,MSN,WI,AGL,CE,Combined TRACON& Tower with Radar,68,30,54,19,171,0,2,22,11,35,68,32,76,30,206,134,0,134,340
05/23/2018,MSN,WI,AGL,CE,Combined TRACON& Tower with Radar,63,32,57,15,167,0,3,107,6,116,63,35,164,21,283,82,2,84,367
05/24/2018,MSN,WI,AGL,CE,Combined TRACON& Tower with Radar,77,26,64,15,182,0,0,91,10,101,77,26,155,25,283,38,0,38,321
05/25/2018,MSN,WI,AGL,CE,Combined TRACON& Tower with Radar,64,22,36,3,125,0,0,47,3,50,64,22,83,6,175,40,0,40,215
05/26/2018,MSN,WI,AGL,CE,Combined TRACON& Tower with Radar,35,27,25,0,87,0,2,77,2,81,35,29,102,2,168,38,0,38,206
05/27/2018,MSN,WI,AGL,CE,Combined TRACON& Tower with Radar,43,26,19,0,88,0,4,108,1,113,43,30,127,1,201,8,0,8,209
05/28/2018,MSN,WI,AGL,CE,Combined TRACON& Tower with Radar,60,21,33,0,114,0,0,46,1,47,60,21,79,1,161,32,0,32,193
05/29/2018,MSN,WI,AGL,CE,Combined TRACON& Tower with Radar,75,34,38,3,150,0,2,61,5,68,75,36,99,8,218,98,0,98,316
05/30/2018,MSN,WI,AGL,CE,Combined TRACON& Tower with Radar,64,33,51,0,148,0,0,3,14,17,64,33,54,14,165,14,0,14,179
05/31/2018,MSN,WI,AGL,CE,Combined TRACON& Tower with Radar,73,25,38,12,148,0,0,67,20,87,73,25,105,32,235,62,0,62,297
06/01/2018,MSN,WI,AGL,CE,Combined TRACON& Tower with Radar,59,29,37,12,137,0,0,35,1,36,59,29,72,13,173,58,0,58,231
06/02/2018,MSN,WI,AGL,CE,Combined TRACON& Tower with Radar,38,20,47,25,130,0,0,14,0,14,38,20,61,25,144,6,0,6,150
06/03/2018,MSN,WI,AGL,CE,Combined TRACON& Tower with Radar,62,21,26,11,120,0,4,36,3,43,62,25,62,14,163,14,0,14,177
06/04/2018,MSN,WI,AGL,CE,Combined TRACON& Tower with Radar,64,27,28,15,134,0,2,58,11,71,64,29,86,26,205,40,0,40,245
06/05/2018,MSN,WI,AGL,CE,Combined TRACON& Tower with Radar,69,35,37,9,150,0,1,57,13,71,69,36,94,22,221,90,0,90,311
06/06/2018,MSN,WI,AGL,CE,Combined TRACON& Tower with Radar,63,33,53,13,162,0,0,52,11,63,63,33,105,24,225,106,0,106,331
06/07/2018,MSN,WI,AGL,CE,Combined TRACON& Tower with Radar,78,33,54,2,167,0,0,72,16,88,78,33,126,18,255,36,0,36,291
06/08/2018,MSN,WI,AGL,CE,Combined TRACON& Tower with Radar,75,22,28,2,127,0,2,29,0,31,75,24,57,2,158,46,0,46,204
06/09/2018,MSN,WI,AGL,CE,Combined TRACON& Tower with Radar,45,15,33,0,93,0,0,38,4,42,45,15,71,4,135,40,0,40,175
06/10/2018,MSN,WI,AGL,CE,Combined TRACON& Tower with Radar,79,28,38,0,145,0,0,2,0,2,79,28,40,0,147,0,0,0,147
06/11/2018,MSN,WI,AGL,CE,Combined TRACON& Tower with Radar,77,23,54,14,168,0,2,29,1,32,77,25,83,15,200,54,0,54,254
06/12/2018,MSN,WI,AGL,CE,Combined TRACON& Tower with Radar,83,39,44,18,184,0,0,5,11,16,83,39,49,29,200,84,0,84,284
06/13/2018,MSN,WI,AGL,CE,Combined TRACON& Tower with Radar,79,29,53,15,176,0,0,71,11,82,79,29,124,26,258,6,2,8,266
06/14/2018,MSN,WI,AGL,CE,Combined TRACON& Tower with Radar,81,35,51,9,176,0,3,96,16,115,81,38,147,25,291,76,0,76,367
06/15/2018,MSN,WI,AGL,CE,Combined TRACON& Tower with Radar,76,24,29,4,133,0,1,34,4,39,76,25,63,8,172,36,0,36,208
06/16/2018,MSN,WI,AGL,CE,Combined TRACON& Tower with Radar,47,12,28,0,87,0,1,79,3,83,47,13,107,3,170,14,0,14,184
06/17/2018,MSN,WI,AGL,CE,Combined TRACON& Tower with Radar,77,16,21,0,114,0,1,84,0,85,77,17,105,0,199,36,0,36,235
06/18/2018,MSN,WI,AGL,CE,Combined TRACON& Tower with Radar,74,25,34,9,142,0,1,15,3,19,74,26,49,12,161,20,0,20,181
06/19/2018,MSN,WI,AGL,CE,Combined TRACON& Tower with Radar,75,28,40,13,156,0,0,0,0,0,75,28,40,13,156,0,0,0,156
06/20/2018,MSN,WI,AGL,CE,Combined TRACON& Tower with Radar,74,28,56,18,176,0,0,20,5,25,74,28,76,23,201,28,2,30,231
06/21/2018,MSN,WI,AGL,CE,Combined TRACON& Tower with Radar,81,36,61,12,190,0,1,9,9,19,81,37,70,21,209,32,0,32,241
06/22/2018,MSN,WI,AGL,CE,Combined TRACON& Tower with Radar,77,32,57,10,176,0,1,44,5,50,77,33,101,15,226,60,0,60,286
06/23/2018,MSN,WI,AGL,CE,Combined TRACON& Tower with Radar,46,13,29,0,88,0,1,104,2,107,46,14,133,2,195,52,0,52,247
06/24/2018,MSN,WI,AGL,CE,Combined TRACON& Tower with Radar,78,20,32,1,131,0,1,85,0,86,78,21,117,1,217,46,0,46,263
06/25/2018,MSN,WI,AGL,CE,Combined TRACON& Tower with Radar,78,29,52,9,168,0,0,70,6,76,78,29,122,15,244,50,0,50,294
06/26/2018,MSN,WI,AGL,CE,Combined TRACON& Tower with Radar,79,27,31,2,139,0,0,1,2,3,79,27,32,4,142,0,0,0,142
06/27/2018,MSN,WI,AGL,CE,Combined TRACON& Tower with Radar,76,30,76,18,200,0,0,38,0,38,76,30,114,18,238,128,0,128,366
06/28/2018,MSN,WI,AGL,CE,Combined TRACON& Tower with Radar,79,30,49,17,175,0,1,60,15,76,79,31,109,32,251,136,0,136,387
06/29/2018,MSN,WI,AGL,CE,Combined TRACON& Tower with Radar,71,34,55,14,174,0,1,77,5,83,71,35,132,19,257,38,0,38,295
06/30/2018,MSN,WI,AGL,CE,Combined TRACON& Tower with Radar,46,16,29,3,94,0,3,40,1,44,46,19,69,4,138,24,0,24,162
07/01/2018,MSN,WI,AGL,CE,Combined TRACON& Tower with Radar,69,23,24,2,118,0,0,21,1,22,69,23,45,3,140,18,0,18,158
07/02/2018,MSN,WI,AGL,CE,Combined TRACON& Tower with Radar,50,27,39,14,130,0,2,87,1,90,50,29,126,15,220,70,8,78,298
07/03/2018,MSN,WI,AGL,CE,Combined TRACON& Tower with Radar,54,24,17,12,107,0,3,84,6,93,54,27,101,18,200,88,0,88,288
07/04/2018,MSN,WI,AGL,CE,Combined TRACON& Tower with Radar,45,14,17,1,77,0,0,44,4,48,45,14,61,5,125,16,0,16,141
07/05/2018,MSN,WI,AGL,CE,Combined TRACON& Tower with Radar,62,24,31,9,126,0,2,47,5,54,62,26,78,14,180,36,0,36,216
07/06/2018,MSN,WI,AGL,CE,Combined TRACON& Tower with Radar,60,22,36,4,122,0,0,63,6,69,60,22,99,10,191,44,0,44,235
07/07/2018,MSN,WI,AGL,CE,Combined TRACON& Tower with Radar,46,13,44,2,105,0,1,107,0,108,46,14,151,2,213,118,0,118,331
07/08/2018,MSN,WI,AGL,CE,Combined TRACON& Tower with Radar,76,27,30,1,134,0,1,83,0,84,76,28,113,1,218,38,0,38,256
07/09/2018,MSN,WI,AGL,CE,Combined TRACON& Tower with Radar,72,28,26,10,136,0,1,48,5,54,72,29,74,15,190,92,0,92,282
07/10/2018,MSN,WI,AGL,CE,Combined TRACON& Tower with Radar,77,34,48,17,176,0,0,80,15,95,77,34,128,32,271,60,0,60,331
07/11/2018,MSN,WI,AGL,CE,Combined TRACON& Tower with Radar,73,31,57,10,171,0,2,90,12,104,73,33,147,22,275,88,0,88,363
07/12/2018,MSN,WI,AGL,CE,Combined TRACON& Tower with Radar,80,31,38,11,160,0,2,58,9,69,80,33,96,20,229,62,0,62,291
07/13/2018,MSN,WI,AGL,CE,Combined TRACON& Tower with Radar,73,27,34,2,136,0,0,63,2,65,73,27,97,4,201,38,0,38,239
07/14/2018,MSN,WI,AGL,CE,Combined TRACON& Tower with Radar,43,15,30,0,88,0,2,25,1,28,43,17,55,1,116,4,0,4,120
07/15/2018,MSN,WI,AGL,CE,Combined TRACON& Tower with Radar,73,29,25,4,131,0,0,47,1,48,73,29,72,5,179,34,0,34,213
07/16/2018,MSN,WI,AGL,CE,Combined TRACON& Tower with Radar,79,34,33,7,153,0,2,42,5,49,79,36,75,12,202,154,0,154,356
07/17/2018,MSN,WI,AGL,CE,Combined TRACON& Tower with Radar,78,32,65,20,195,0,2,100,15,117,78,34,165,35,312,104,0,104,416
07/18/2018,MSN,WI,AGL,CE,Combined TRACON& Tower with Radar,70,39,61,11,181,0,3,118,11,132,70,42,179,22,313,62,0,62,375
07/19/2018,MSN,WI,AGL,CE,Combined TRACON& Tower with Radar,80,36,81,11,208,0,3,57,4,64,80,39,138,15,272,30,0,30,302
07/20/2018,MSN,WI,AGL,CE,Combined TRACON& Tower with Radar,72,34,58,4,168,0,0,12,0,12,72,34,70,4,180,14,0,14,194
07/21/2018,MSN,WI,AGL,CE,Combined TRACON& Tower with Radar,42,15,76,0,133,0,8,116,7,131,42,23,192,7,264,180,0,180,444
07/22/2018,MSN,WI,AGL,CE,Combined TRACON& Tower with Radar,70,25,83,5,183,0,8,112,1,121,70,33,195,6,304,112,0,112,416
07/23/2018,MSN,WI,AGL,CE,Combined TRACON& Tower with Radar,71,32,36,20,159,0,6,90,5,101,71,38,126,25,260,98,4,102,362
07/24/2018,MSN,WI,AGL,CE,Combined TRACON& Tower with Radar,79,29,49,21,178,0,6,90,14,110,79,35,139,35,288,46,4,50,338
07/25/2018,MSN,WI,AGL,CE,Combined TRACON& Tower with Radar,72,35,56,16,179,0,3,96,14,113,72,38,152,30,292,64,0,64,356
07/26/2018,MSN,WI,AGL,CE,Combined TRACON& Tower with Radar,79,36,75,12,202,0,6,92,8,106,79,42,167,20,308,14,0,14,322
07/27/2018,MSN,WI,AGL,CE,Combined TRACON& Tower with Radar,66,33,59,6,164,0,1,68,4,73,66,34,127,10,237,70,2,72,309
07/28/2018,MSN,WI,AGL,CE,Combined TRACON& Tower with Radar,41,17,41,1,100,0,2,82,4,88,41,19,123,5,188,30,0,30,218
07/29/2018,MSN,WI,AGL,CE,Combined TRACON& Tower with Radar,74,32,40,8,154,0,2,94,1,97,74,34,134,9,251,6,0,6,257
07/30/2018,MSN,WI,AGL,CE,Combined TRACON& Tower with Radar,74,33,35,15,157,0,5,66,1,72,74,38,101,16,229,54,2,56,285
07/31/2018,MSN,WI,AGL,CE,Combined TRACON& Tower with Radar,76,35,39,15,165,0,1,112,11,124,76,36,151,26,289,134,0,134,423
08/01/2018,MSN,WI,AGL,CE,Combined TRACON& Tower with Radar,74,29,40,18,161,0,3,82,10,95,74,32,122,28,256,146,2,148,404
08/02/2018,MSN,WI,AGL,CE,Combined TRACON& Tower with Radar,82,29,45,21,177,0,1,41,6,48,82,30,86,27,225,118,2,120,345
08/03/2018,MSN,WI,AGL,CE,Combined TRACON& Tower with Radar,69,34,42,7,152,0,0,62,1,63,69,34,104,8,215,50,0,50,265
08/04/2018,MSN,WI,AGL,CE,Combined TRACON& Tower with Radar,43,21,33,4,101,0,1,91,2,94,43,22,124,6,195,52,0,52,247
08/05/2018,MSN,WI,AGL,CE,Combined TRACON& Tower with Radar,74,26,35,2,137,0,0,45,0,45,74,26,80,2,182,46,0,46,228
08/06/2018,MSN,WI,AGL,CE,Combined TRACON& Tower with Radar,75,31,33,15,154,0,0,14,0,14,75,31,47,15,168,102,0,102,270
08/07/2018,MSN,WI,AGL,CE,Combined TRACON& Tower with Radar,96,28,56,21,201,0,0,11,10,21,96,28,67,31,222,40,24,64,286
08/08/2018,MSN,WI,AGL,CE,Combined TRACON& Tower with Radar,78,35,58,21,192,0,4,71,16,91,78,39,129,37,283,80,0,80,363
08/09/2018,MSN,WI,AGL,CE,Combined TRACON& Tower with Radar,77,21,56,12,166,0,3,60,10,73,77,24,116,22,239,38,0,38,277
08/10/2018,MSN,WI,AGL,CE,Combined TRACON& Tower with Radar,82,37,40,7,166,0,2,76,2,80,82,39,116,9,246,30,0,30,276
08/11/2018,MSN,WI,AGL,CE,Combined TRACON& Tower with Radar,41,15,25,2,83,0,2,95,9,106,41,17,120,11,189,102,2,104,293
08/12/2018,MSN,WI,AGL,CE,Combined TRACON& Tower with Radar,71,27,30,1,129,0,0,68,0,68,71,27,98,1,197,36,0,36,233
08/13/2018,MSN,WI,AGL,CE,Combined TRACON& Tower with Radar,75,26,43,8,152,0,0,83,2,85,75,26,126,10,237,82,0,82,319
08/14/2018,MSN,WI,AGL,CE,Combined TRACON& Tower with Radar,84,37,39,22,182,0,2,69,12,83,84,39,108,34,265,84,4,88,353
08/15/2018,MSN,WI,AGL,CE,Combined TRACON& Tower with Radar,78,39,55,21,193,0,2,32,8,42,78,41,87,29,235,74,0,74,309
08/16/2018,MSN,WI,AGL,CE,Combined TRACON& Tower with Radar,81,33,49,23,186,0,0,2,1,3,81,33,51,24,189,0,8,8,197
08/17/2018,MSN,WI,AGL,CE,Combined TRACON& Tower with Radar,78,27,30,17,152,0,0,15,2,17,78,27,45,19,169,18,0,18,187
08/18/2018,MSN,WI,AGL,CE,Combined TRACON& Tower with Radar,43,12,36,14,105,0,0,49,5,54,43,12,85,19,159,22,0,22,181
08/19/2018,MSN,WI,AGL,CE,Combined TRACON& Tower with Radar,77,27,36,4,144,0,2,38,0,40,77,29,74,4,184,54,0,54,238
08/20/2018,MSN,WI,AGL,CE,Combined TRACON& Tower with Radar,72,23,40,14,149,0,0,17,1,18,72,23,57,15,167,0,0,0,167
08/21/2018,MSN,WI,AGL,CE,Combined TRACON& Tower with Radar,78,37,59,15,189,0,0,11,13,24,78,37,70,28,213,6,0,6,219
08/22/2018,MSN,WI,AGL,CE,Combined TRACON& Tower with Radar,75,44,39,16,174,0,1,101,16,118,75,45,140,32,292,30,0,30,322
08/23/2018,MSN,WI,AGL,CE,Combined TRACON& Tower with Radar,86,31,54,18,189,0,2,116,11,129,86,33,170,29,318,66,0,66,384
08/24/2018,MSN,WI,AGL,CE,Combined TRACON& Tower with Radar,78,43,37,2,160,0,1,7,0,8,78,44,44,2,168,24,0,24,192
08/25/2018,MSN,WI,AGL,CE,Combined TRACON& Tower with Radar,53,20,30,0,103,0,1,40,0,41,53,21,70,0,144,34,0,34,178
08/26/2018,MSN,WI,AGL,CE,Combined TRACON& Tower with Radar,112,21,31,0,164,0,2,28,1,31,112,23,59,1,195,28,0,28,223
08/27/2018,MSN,WI,AGL,CE,Combined TRACON& Tower with Radar,74,31,21,8,134,0,0,18,3,21,74,31,39,11,155,4,4,8,163
08/28/2018,MSN,WI,AGL,CE,Combined TRACON& Tower with Radar,75,21,38,16,150,0,0,8,7,15,75,21,46,23,165,10,0,10,175
08/29/2018,MSN,WI,AGL,CE,Combined TRACON& Tower with Radar,69,49,59,21,198,0,3,54,17,74,69,52,113,38,272,24,0,24,296
08/30/2018,MSN,WI,AGL,CE,Combined TRACON& Tower with Radar,114,30,51,19,214,0,2,110,11,123,114,32,161,30,337,68,0,68,405
08/31/2018,MSN,WI,AGL,CE,Combined TRACON& Tower with Radar,76,30,48,18,172,0,0,76,6,82,76,30,124,24,254,30,0,30,284
09/01/2018,MSN,WI,AGL,CE,Combined TRACON& Tower with Radar,40,16,16,0,72,0,0,15,0,15,40,16,31,0,87,22,0,22,109
09/02/2018,MSN,WI,AGL,CE,Combined TRACON& Tower with Radar,52,16,34,0,102,0,0,6,0,6,52,16,40,0,108,0,0,0,108
09/03/2018,MSN,WI,AGL,CE,Combined TRACON& Tower with Radar,57,23,19,0,99,0,0,1,0,1,57,23,20,0,100,0,0,0,100
09/04/2018,MSN,WI,AGL,CE,Combined TRACON& Tower with Radar,69,32,37,3,141,0,6,68,3,77,69,38,105,6,218,64,2,66,284
09/05/2018,MSN,WI,AGL,CE,Combined TRACON& Tower with Radar,59,44,40,7,150,0,0,3,6,9,59,44,43,13,159,12,0,12,171
09/06/2018,MSN,WI,AGL,CE,Combined TRACON& Tower with Radar,68,32,49,8,157,0,0,79,9,88,68,32,128,17,245,82,0,82,327
09/07/2018,MSN,WI,AGL,CE,Combined TRACON& Tower with Radar,61,25,48,8,142,0,1,67,4,72,61,26,115,12,214,68,0,68,282
09/08/2018,MSN,WI,AGL,CE,Combined TRACON& Tower with Radar,52,18,30,6,106,0,4,52,14,70,52,22,82,20,176,26,0,26,202
09/09/2018,MSN,WI,AGL,CE,Combined TRACON& Tower with Radar,73,27,37,16,153,0,0,82,6,88,73,27,119,22,241,96,0,96,337
09/10/2018,MSN,WI,AGL,CE,Combined TRACON& Tower with Radar,73,35,43,7,158,0,0,68,4,72,73,35,111,11,230,114,0,114,344
09/11/2018,MSN,WI,AGL,CE,Combined TRACON& Tower with Radar,80,39,51,9,179,0,0,73,17,90,80,39,124,26,269,82,0,82,351
09/12/2018,MSN,WI,AGL,CE,Combined TRACON& Tower with Radar,72,39,46,9,166,0,0,79,9,88,72,39,125,18,254,96,0,96,350
09/13/2018,MSN,WI,AGL,CE,Combined TRACON& Tower with Radar,81,36,45,8,170,0,0,84,12,96,81,36,129,20,266,72,0,72,338
09/14/2018,MSN,WI,AGL,CE,Combined TRACON& Tower with Radar,77,35,46,13,171,0,2,83,7,92,77,37,129,20,263,64,0,64,327
09/15/2018,MSN,WI,AGL,CE,Combined TRACON& Tower with Radar,49,26,25,3,103,0,1,73,4,78,49,27,98,7,181,58,0,58,239
09/16/2018,MSN,WI,AGL,CE,Combined TRACON& Tower with Radar,71,27,50,11,159,0,2,71,4,77,71,29,121,15,236,106,0,106,342
09/17/2018,MSN,WI,AGL,CE,Combined TRACON& Tower with Radar,76,31,33,10,150,0,3,84,9,96,76,34,117,19,246,74,0,74,320
09/18/2018,MSN,WI,AGL,CE,Combined TRACON& Tower with Radar,77,37,29,3,146,0,1,14,8,23,77,38,43,11,169,38,6,44,213
09/19/2018,MSN,WI,AGL,CE,Combined TRACON& Tower with Radar,70,42,45,19,176,0,0,4,1,5,70,42,49,20,181,0,0,0,181
09/20/2018,MSN,WI,AGL,CE,Combined TRACON& Tower with Radar,83,34,36,23,176,0,1,8,13,22,83,35,44,36,198,20,0,20,218
09/21/2018,MSN,WI,AGL,CE,Combined TRACON& Tower with Radar,74,35,35,13,157,0,0,19,5,24,74,35,54,18,181,12,8,20,201
09/22/2018,MSN,WI,AGL,CE,Combined TRACON& Tower with Radar,54,16,24,3,97,0,1,97,1,99,54,17,121,4,196,54,0,54,250
09/23/2018,MSN,WI,AGL,CE,Combined TRACON& Tower with Radar,72,37,51,3,163,0,2,85,0,87,72,39,136,3,250,90,0,90,340
09/24/2018,MSN,WI,AGL,CE,Combined TRACON& Tower with Radar,75,43,66,19,203,0,3,67,9,79,75,46,133,28,282,72,0,72,354
09/25/2018,MSN,WI,AGL,CE,Combined TRACON& Tower with Radar,79,33,51,14,177,0,0,0,1,1,79,33,51,15,178,16,0,16,194
09/26/2018,MSN,WI,AGL,CE,Combined TRACON& Tower with Radar,67,33,55,12,167,0,2,72,24,98,67,35,127,36,265,68,0,68,333
09/27/2018,MSN,WI,AGL,CE,Combined TRACON& Tower with Radar,85,32,30,15,162,0,0,44,17,61,85,32,74,32,223,30,0,30,253
09/28/2018,MSN,WI,AGL,CE,Combined TRACON& Tower with Radar,80,36,37,8,161,0,0,36,6,42,80,36,73,14,203,66,0,66,269
09/29/2018,MSN,WI,AGL,CE,Combined TRACON& Tower with Radar,53,22,23,0,98,0,4,86,2,92,53,26,109,2,190,78,0,78,268
09/30/2018,MSN,WI,AGL,CE,Combined TRACON& Tower with Radar,74,32,43,4,153,0,0,0,0,0,74,32,43,4,153,0,0,0,153
10/01/2018,MSN,WI,AGL,CE,Combined TRACON& Tower with Radar,77,31,23,0,131,0,0,0,0,0,77,31,23,0,131,0,0,0,131
10/02/2018,MSN,WI,AGL,CE,Combined TRACON& Tower with Radar,79,35,38,19,171,0,0,7,3,10,79,35,45,22,181,6,0,6,187
10/03/2018,MSN,WI,AGL,CE,Combined TRACON& Tower with Radar,78,28,56,16,178,0,0,15,4,19,78,28,71,20,197,28,0,28,225
10/04/2018,MSN,WI,AGL,CE,Combined TRACON& Tower with Radar,82,40,47,20,189,0,2,83,20,105,82,42,130,40,294,46,0,46,340
10/05/2018,MSN,WI,AGL,CE,Combined TRACON& Tower with Radar,81,48,58,1,188,0,0,0,0,0,81,48,58,1,188,0,0,0,188
10/06/2018,MSN,WI,AGL,CE,Combined TRACON& Tower with Radar,46,26,39,0,111,0,0,5,0,5,46,26,44,0,116,88,0,88,204
10/07/2018,MSN,WI,AGL,CE,Combined TRACON& Tower with Radar,68,49,36,1,154,0,0,0,0,0,68,49,36,1,154,0,0,0,154
10/08/2018,MSN,WI,AGL,CE,Combined TRACON& Tower with Radar,66,35,37,0,138,0,3,26,0,29,66,38,63,0,167,50,0,50,217
10/09/2018,MSN,WI,AGL,CE,Combined TRACON& Tower with Radar,76,34,42,14,166,0,0,32,7,39,76,34,74,21,205,88,0,88,293
10/10/2018,MSN,WI,AGL,CE,Combined TRACON& Tower with Radar,70,33,46,15,164,0,0,2,5,7,70,33,48,20,171,4,0,4,175
10/11/2018,MSN,WI,AGL,CE,Combined TRACON& Tower with Radar,76,48,32,7,163,0,0,7,12,19,76,48,39,19,182,10,2,12,194
10/12/2018,MSN,WI,AGL,CE,Combined TRACON& Tower with Radar,76,42,40,18,176,0,0,71,8,79,76,42,111,26,255,64,0,64,319
10/13/2018,MSN,WI,AGL,CE,Combined TRACON& Tower with Radar,50,27,38,10,125,0,2,103,5,110,50,29,141,15,235,82,0,82,317
10/14/2018,MSN,WI,AGL,CE,Combined TRACON& Tower with Radar,70,29,41,2,142,0,0,14,4,18,70,29,55,6,160,46,0,46,206
10/15/2018,MSN,WI,AGL,CE,Combined TRACON& Tower with Radar,72,37,39,16,164,0,0,64,11,75,72,37,103,27,239,34,0,34,273
10/16/2018,MSN,WI,AGL,CE,Combined TRACON& Tower with Radar,77,39,38,17,171,0,0,62,18,80,77,39,100,35,251,46,0,46,297
10/17/2018,MSN,WI,AGL,CE,Combined TRACON& Tower with Radar,74,44,32,18,168,0,1,46,13,60,74,45,78,31,228,6,0,6,234
10/18/2018,MSN,WI,AGL,CE,Combined TRACON& Tower with Radar,85,42,39,16,182,0,2,96,14,112,85,44,135,30,294,68,0,68,362
10/19/2018,MSN,WI,AGL,CE,Combined TRACON& Tower with Radar,76,45,44,0,165,0,0,18,3,21,76,45,62,3,186,24,0,24,210
10/20/2018,MSN,WI,AGL,CE,Combined TRACON& Tower with Radar,49,24,16,0,89,0,0,4,2,6,49,24,20,2,95,0,0,0,95
10/21/2018,MSN,WI,AGL,CE,Combined TRACON& Tower with Radar,72,37,45,0,154,0,2,130,0,132,72,39,175,0,286,71,0,71,357
10/22/2018,MSN,WI,AGL,CE,Combined TRACON& Tower with Radar,76,38,53,15,182,0,3,70,4,77,76,41,123,19,259,32,0,32,291
10/23/2018,MSN,WI,AGL,CE,Combined TRACON& Tower with Radar,78,38,38,19,173,0,2,83,7,92,78,40,121,26,265,54,0,54,319
10/24/2018,MSN,WI,AGL,CE,Combined TRACON& Tower with Radar,75,42,72,21,210,0,0,103,12,115,75,42,175,33,325,162,0,162,487
10/25/2018,MSN,WI,AGL,CE,Combined TRACON& Tower with Radar,81,46,46,11,184,0,1,94,16,111,81,47,140,27,295,58,0,58,353
10/26/2018,MSN,WI,AGL,CE,Combined TRACON& Tower with Radar,77,41,46,5,169,0,0,58,7,65,77,41,104,12,234,80,0,80,314
10/27/2018,MSN,WI,AGL,CE,Combined TRACON& Tower with Radar,48,16,25,2,91,0,1,45,0,46,48,17,70,2,137,88,0,88,225
10/28/2018,MSN,WI,AGL,CE,Combined TRACON& Tower with Radar,65,34,36,1,136,0,0,2,0,2,65,34,38,1,138,0,0,0,138
10/29/2018,MSN,WI,AGL,CE,Combined TRACON& Tower with Radar,64,39,39,9,151,0,0,67,8,75,64,39,106,17,226,100,0,100,326
10/30/2018,MSN,WI,AGL,CE,Combined TRACON& Tower with Radar,67,39,29,15,150,0,0,29,8,37,67,39,58,23,187,18,0,18,205
10/31/2018,MSN,WI,AGL,CE,Combined TRACON& Tower with Radar,53,28,32,22,135,0,2,100,20,122,53,30,132,42,257,154,6,160,417
11/01/2018,MSN,WI,AGL,CE,Combined TRACON& Tower with Radar,70,38,43,19,170,0,0,109,10,119,70,38,152,29,289,82,0,82,371
11/02/2018,MSN,WI,AGL,CE,Combined TRACON& Tower with Radar,67,40,40,13,160,0,0,78,5,83,67,40,118,18,243,64,0,64,307
11/03/2018,MSN,WI,AGL,CE,Combined TRACON& Tower with Radar,47,24,32,10,113,0,0,75,10,85,47,24,107,20,198,104,0,104,302
11/04/2018,MSN,WI,AGL,CE,Combined TRACON& Tower with Radar,66,38,26,1,131,0,0,0,0,0,66,38,26,1,131,0,0,0,131
11/05/2018,MSN,WI,AGL,CE,Combined TRACON& Tower with Radar,67,40,43,10,160,0,0,11,3,14,67,40,54,13,174,76,6,82,256
11/06/2018,MSN,WI,AGL,CE,Combined TRACON& Tower with Radar,69,37,48,11,165,0,0,1,5,6,69,37,49,16,171,2,0,2,173
11/07/2018,MSN,WI,AGL,CE,Combined TRACON& Tower with Radar,68,42,39,25,174,0,0,10,14,24,68,42,49,39,198,0,0,0,198
11/08/2018,MSN,WI,AGL,CE,Combined TRACON& Tower with Radar,73,36,34,14,157,0,0,19,12,31,73,36,53,26,188,66,0,66,254
11/09/2018,MSN,WI,AGL,CE,Combined TRACON& Tower with Radar,72,38,35,5,150,0,1,17,5,23,72,39,52,10,173,42,0,42,215
11/10/2018,MSN,WI,AGL,CE,Combined TRACON& Tower with Radar,44,27,34,0,105,0,6,91,1,98,44,33,125,1,203,34,0,34,237
11/11/2018,MSN,WI,AGL,CE,Combined TRACON& Tower with Radar,68,31,46,0,145,0,6,67,1,74,68,37,113,1,219,74,0,74,293
11/12/2018,MSN,WI,AGL,CE,Combined TRACON& Tower with Radar,68,27,25,0,120,0,0,32,0,32,68,27,57,0,152,0,0,0,152
11/13/2018,MSN,WI,AGL,CE,Combined TRACON& Tower with Radar,74,36,37,16,163,0,0,46,10,56,74,36,83,26,219,26,0,26,245
11/14/2018,MSN,WI,AGL,CE,Combined TRACON& Tower with Radar,72,41,55,37,205,0,1,64,12,77,72,42,119,49,282,74,0,74,356
11/15/2018,MSN,WI,AGL,CE,Combined TRACON& Tower with Radar,70,33,30,13,146,0,0,61,14,75,70,33,91,27,221,58,6,64,285
11/16/2018,MSN,WI,AGL,CE,Combined TRACON& Tower with Radar,66,37,44,11,158,0,0,19,0,19,66,37,63,11,177,32,0,32,209
11/17/2018,MSN,WI,AGL,CE,Combined TRACON& Tower with Radar,45,20,26,0,91,0,0,30,0,30,45,20,56,0,121,64,0,64,185
11/18/2018,MSN,WI,AGL,CE,Combined TRACON& Tower with Radar,61,24,40,0,125,0,1,84,0,85,61,25,124,0,210,58,0,58,268
11/19/2018,MSN,WI,AGL,CE,Combined TRACON& Tower with Radar,62,30,36,12,140,0,0,41,8,49,62,30,77,20,189,110,0,110,299
11/20/2018,MSN,WI,AGL,CE,Combined TRACON& Tower with Radar,73,34,37,15,159,0,2,35,6,43,73,36,72,21,202,70,0,70,272
11/21/2018,MSN,WI,AGL,CE,Combined TRACON& Tower with Radar,70,38,34,12,154,0,0,27,2,29,70,38,61,14,183,26,0,26,209
11/22/2018,MSN,WI,AGL,CE,Combined TRACON& Tower with Radar,27,12,7,0,46,0,0,6,0,6,27,12,13,0,52,20,0,20,72
11/23/2018,MSN,WI,AGL,CE,Combined TRACON& Tower with Radar,40,16,20,0,76,0,0,48,2,50,40,16,68,2,126,40,0,40,166
11/24/2018,MSN,WI,AGL,CE,Combined TRACON& Tower with Radar,70,20,19,0,109,0,0,2,0,2,70,20,21,0,111,6,0,6,117
11/25/2018,MSN,WI,AGL,CE,Combined TRACON& Tower with Radar,70,26,24,0,120,0,0,15,0,15,70,26,39,0,135,14,0,14,149
11/26/2018,MSN,WI,AGL,CE,Combined TRACON& Tower with Radar,75,17,26,14,132,0,2,15,0,17,75,19,41,14,149,54,0,54,203
11/27/2018,MSN,WI,AGL,CE,Combined TRACON& Tower with Radar,69,39,26,32,166,0,2,26,10,38,69,41,52,42,204,58,0,58,262
11/28/2018,MSN,WI,AGL,CE,Combined TRACON& Tower with Radar,69,33,56,18,176,0,0,55,8,63,69,33,111,26,239,122,4,126,365
11/29/2018,MSN,WI,AGL,CE,Combined TRACON& Tower with Radar,75,36,39,13,163,0,0,17,11,28,75,36,56,24,191,10,0,10,201
11/30/2018,MSN,WI,AGL,CE,Combined TRACON& Tower with Radar,71,35,35,22,163,0,0,5,0,5,71,35,40,22,168,6,0,6,174
12/01/2018,MSN,WI,AGL,CE,Combined TRACON& Tower with Radar,45,19,18,0,82,0,0,0,0,0,45,19,18,0,82,0,0,0,82
12/02/2018,MSN,WI,AGL,CE,Combined TRACON& Tower with Radar,57,25,24,0,106,0,0,14,0,14,57,25,38,0,120,0,0,0,120
12/03/2018,MSN,WI,AGL,CE,Combined TRACON& Tower with Radar,66,32,45,22,165,0,1,15,0,16,66,33,60,22,181,20,0,20,201
12/04/2018,MSN,WI,AGL,CE,Combined TRACON& Tower with Radar,67,34,36,15,152,0,0,24,6,30,67,34,60,21,182,85,0,85,267
12/05/2018,MSN,WI,AGL,CE,Combined TRACON& Tower with Radar,70,37,47,2,156,0,2,34,0,36,70,39,81,2,192,104,0,104,296
12/06/2018,MSN,WI,AGL,CE,Combined TRACON& Tower with Radar,74,34,41,5,154,0,1,72,10,83,74,35,113,15,237,40,0,40,277
12/07/2018,MSN,WI,AGL,CE,Combined TRACON& Tower with Radar,64,32,47,6,149,0,2,58,4,64,64,34,105,10,213,44,2,46,259
12/08/2018,MSN,WI,AGL,CE,Combined TRACON& Tower with Radar,43,23,28,0,94,0,0,61,0,61,43,23,89,0,155,138,0,138,293
12/09/2018,MSN,WI,AGL,CE,Combined TRACON& Tower with Radar,58,27,55,0,140,0,0,26,0,26,58,27,81,0,166,28,0,28,194
12/10/2018,MSN,WI,AGL,CE,Combined TRACON& Tower with Radar,66,32,41,17,156,0,0,39,1,40,66,32,80,18,196,142,0,142,338
12/11/2018,MSN,WI,AGL,CE,Combined TRACON& Tower with Radar,69,45,47,14,175,0,0,40,4,44,69,45,87,18,219,88,4,92,311
12/12/2018,MSN,WI,AGL,CE,Combined TRACON& Tower with Radar,65,33,29,7,134,0,0,0,0,0,65,33,29,7,134,0,0,0,134
12/13/2018,MSN,WI,AGL,CE,Combined TRACON& Tower with Radar,73,52,61,20,206,0,0,24,12,36,73,52,85,32,242,28,2,30,272
12/14/2018,MSN,WI,AGL,CE,Combined TRACON& Tower with Radar,70,42,36,5,153,0,0,30,0,30,70,42,66,5,183,40,0,40,223
12/15/2018,MSN,WI,AGL,CE,Combined TRACON& Tower with Radar,45,17,44,2,108,0,0,128,2,130,45,17,172,4,238,146,0,146,384
12/16/2018,MSN,WI,AGL,CE,Combined TRACON& Tower with Radar,61,30,25,9,125,0,0,111,0,111,61,30,136,9,236,104,0,104,340
12/17/2018,MSN,WI,AGL,CE,Combined TRACON& Tower with Radar,65,31,44,6,146,0,0,58,4,62,65,31,102,10,208,18,0,18,226
12/18/2018,MSN,WI,AGL,CE,Combined TRACON& Tower with Radar,66,40,37,25,168,0,2,52,12,66,66,42,89,37,234,18,0,18,252
12/19/2018,MSN,WI,AGL,CE,Combined TRACON& Tower with Radar,64,41,24,18,147,0,0,48,14,62,64,41,72,32,209,56,0,56,265
12/20/2018,MSN,WI,AGL,CE,Combined TRACON& Tower with Radar,67,43,35,8,153,0,0,1,0,1,67,43,36,8,154,0,0,0,154
12/21/2018,MSN,WI,AGL,CE,Combined TRACON& Tower with Radar,66,40,33,13,152,0,0,14,2,16,66,40,47,15,168,28,0,28,196
12/22/2018,MSN,WI,AGL,CE,Combined TRACON& Tower with Radar,46,28,26,1,101,0,0,10,1,11,46,28,36,2,112,20,0,20,132
12/23/2018,MSN,WI,AGL,CE,Combined TRACON& Tower with Radar,59,26,26,0,111,0,0,43,0,43,59,26,69,0,154,56,0,56,210
12/24/2018,MSN,WI,AGL,CE,Combined TRACON& Tower with Radar,39,23,20,0,82,0,0,62,2,64,39,23,82,2,146,56,0,56,202
12/25/2018,MSN,WI,AGL,CE,Combined TRACON& Tower with Radar,39,20,6,0,65,0,0,0,0,0,39,20,6,0,65,0,0,0,65
12/26/2018,MSN,WI,AGL,CE,Combined TRACON& Tower with Radar,56,31,25,4,116,0,0,46,10,56,56,31,71,14,172,44,0,44,216
12/27/2018,MSN,WI,AGL,CE,Combined TRACON& Tower with Radar,58,40,5,0,103,0,0,0,0,0,58,40,5,0,103,0,0,0,103
12/28/2018,MSN,WI,AGL,CE,Combined TRACON& Tower with Radar,62,35,13,13,123,0,0,0,0,0,62,35,13,13,123,0,0,0,123
12/29/2018,MSN,WI,AGL,CE,Combined TRACON& Tower with Radar,52,29,9,2,92,0,0,4,0,4,52,29,13,2,96,10,0,10,106
12/30/2018,MSN,WI,AGL,CE,Combined TRACON& Tower with Radar,56,23,35,0,114,0,0,82,0,82,56,23,117,0,196,92,0,92,288
12/31/2018,MSN,WI,AGL,CE,Combined TRACON& Tower with Radar,40,25,6,0,71,0,0,1,0,1,40,25,7,0,72,0,0,0,72
01/01/2019,MSN,WI,AGL,CE,Combined TRACON& Tower with Radar,34,25,5,0,64,0,0,20,3,23,34,25,25,3,87,24,0,24,111
01/02/2019,MSN,WI,AGL,CE,Combined TRACON& Tower with Radar,52,31,27,12,122,0,0,0,15,15,52,31,27,27,137,0,0,0,137
01/03/2019,MSN,WI,AGL,CE,Combined TRACON& Tower with Radar,51,32,33,14,130,0,0,73,22,95,51,32,106,36,225,38,2,40,265
01/04/2019,MSN,WI,AGL,CE,Combined TRACON& Tower with Radar,47,42,34,18,141,0,1,89,8,98,47,43,123,26,239,62,0,62,301
01/05/2019,MSN,WI,AGL,CE,Combined TRACON& Tower with Radar,40,27,41,11,119,0,0,140,5,145,40,27,181,16,264,32,0,32,296
01/06/2019,MSN,WI,AGL,CE,Combined TRACON& Tower with Radar,60,26,19,0,105,0,0,60,0,60,60,26,79,0,165,70,0,70,235
01/07/2019,MSN,WI,AGL,CE,Combined TRACON& Tower with Radar,67,31,23,17,138,0,0,0,0,0,67,31,23,17,138,0,0,0,138
01/08/2019,MSN,WI,AGL,CE,Combined TRACON& Tower with Radar,75,32,21,5,133,0,1,11,12,24,75,33,32,17,157,0,0,0,157
01/09/2019,MSN,WI,AGL,CE,Combined TRACON& Tower with Radar,65,30,28,12,135,0,1,33,5,39,65,31,61,17,174,50,0,50,224
01/10/2019,MSN,WI,AGL,CE,Combined TRACON& Tower with Radar,70,39,31,11,151,0,0,62,12,74,70,39,93,23,225,24,2,26,251
01/11/2019,MSN,WI,AGL,CE,Combined TRACON& Tower with Radar,70,29,28,4,131,0,2,51,4,57,70,31,79,8,188,74,0,74,262
01/12/2019,MSN,WI,AGL,CE,Combined TRACON& Tower with Radar,55,18,18,4,95,0,0,6,0,6,55,18,24,4,101,106,0,106,207
01/13/2019,MSN,WI,AGL,CE,Combined TRACON& Tower with Radar,64,32,17,2,115,0,2,37,0,39,64,34,54,2,154,148,0,148,302
01/14/2019,MSN,WI,AGL,CE,Combined TRACON& Tower with Radar,67,33,34,18,152,0,1,7,0,8,67,34,41,18,160,6,0,6,166
01/15/2019,MSN,WI,AGL,CE,Combined TRACON& Tower with Radar,75,28,23,17,143,0,0,0,0,0,75,28,23,17,143,0,0,0,143
01/16/2019,MSN,WI,AGL,CE,Combined TRACON& Tower with Radar,68,30,45,10,153,0,1,71,17,89,68,31,116,27,242,66,0,66,308
01/17/2019,MSN,WI,AGL,CE,Combined TRACON& Tower with Radar,70,31,25,15,141,0,0,8,12,20,70,31,33,27,161,34,0,34,195
01/18/2019,MSN,WI,AGL,CE,Combined TRACON& Tower with Radar,66,32,31,4,133,0,0,22,2,24,66,32,53,6,157,10,0,10,167
01/19/2019,MSN,WI,AGL,CE,Combined TRACON& Tower with Radar,49,19,15,0,83,0,2,15,0,17,49,21,30,0,100,4,0,4,104
01/20/2019,MSN,WI,AGL,CE,Combined TRACON& Tower with Radar,49,27,26,0,102,0,0,84,0,84,49,27,110,0,186,22,0,22,208
01/21/2019,MSN,WI,AGL,CE,Combined TRACON& Tower with Radar,60,32,27,0,119,0,0,18,0,18,60,32,45,0,137,0,0,0,137
01/22/2019,MSN,WI,AGL,CE,Combined TRACON& Tower with Radar,71,26,15,0,112,0,0,2,0,2,71,26,17,0,114,2,0,2,116
01/23/2019,MSN,WI,AGL,CE,Combined TRACON& Tower with Radar,60,43,26,7,136,0,1,2,9,12,60,44,28,16,148,0,0,0,148
01/24/2019,MSN,WI,AGL,CE,Combined TRACON& Tower with Radar,69,38,41,4,152,0,0,0,2,2,69,38,41,6,154,0,2,2,156
01/25/2019,MSN,WI,AGL,CE,Combined TRACON& Tower with Radar,69,46,25,4,144,0,2,20,5,27,69,48,45,9,171,4,2,6,177
01/26/2019,MSN,WI,AGL,CE,Combined TRACON& Tower with Radar,52,16,20,0,88,0,0,16,0,16,52,16,36,0,104,0,0,0,104
01/27/2019,MSN,WI,AGL,CE,Combined TRACON& Tower with Radar,60,21,16,0,97,0,0,25,0,25,60,21,41,0,122,20,0,20,142
01/28/2019,MSN,WI,AGL,CE,Combined TRACON& Tower with Radar,64,15,8,2,89,0,1,1,0,2,64,16,9,2,91,0,0,0,91
01/29/2019,MSN,WI,AGL,CE,Combined TRACON& Tower with Radar,70,25,20,0,115,0,0,2,2,4,70,25,22,2,119,0,0,0,119
01/30/2019,MSN,WI,AGL,CE,Combined TRACON& Tower with Radar,52,9,30,0,91,0,0,1,0,1,52,9,31,0,92,0,0,0,92
01/31/2019,MSN,WI,AGL,CE,Combined TRACON& Tower with Radar,63,12,9,8,92,0,0,1,0,1,63,12,10,8,93,0,0,0,93
02/01/2019,MSN,WI,AGL,CE,Combined TRACON& Tower with Radar,69,30,41,14,154,0,0,29,7,36,69,30,70,21,190,32,0,32,222
02/02/2019,MSN,WI,AGL,CE,Combined TRACON& Tower with Radar,52,20,14,0,86,0,0,0,0,0,52,20,14,0,86,0,0,0,86
02/03/2019,MSN,WI,AGL,CE,Combined TRACON& Tower with Radar,37,19,3,0,59,0,0,0,0,0,37,19,3,0,59,0,0,0,59
02/04/2019,MSN,WI,AGL,CE,Combined TRACON& Tower with Radar,65,35,27,19,146,0,1,1,0,2,65,36,28,19,148,12,0,12,160
02/05/2019,MSN,WI,AGL,CE,Combined TRACON& Tower with Radar,66,17,29,1,113,0,0,25,3,28,66,17,54,4,141,42,0,42,183
02/06/2019,MSN,WI,AGL,CE,Combined TRACON& Tower with Radar,62,41,29,0,132,0,0,0,0,0,62,41,29,0,132,0,0,0,132
02/07/2019,MSN,WI,AGL,CE,Combined TRACON& Tower with Radar,63,29,8,2,102,0,0,1,1,2,63,29,9,3,104,0,0,0,104
02/08/2019,MSN,WI,AGL,CE,Combined TRACON& Tower with Radar,75,40,19,3,137,0,0,14,5,19,75,40,33,8,156,2,0,2,158
02/09/2019,MSN,WI,AGL,CE,Combined TRACON& Tower with Radar,56,22,29,2,109,0,1,63,1,65,56,23,92,3,174,74,0,74,248
02/10/2019,MSN,WI,AGL,CE,Combined TRACON& Tower with Radar,65,22,26,2,115,0,0,9,0,9,65,22,35,2,124,0,0,0,124
02/11/2019,MSN,WI,AGL,CE,Combined TRACON& Tower with Radar,73,26,36,8,143,0,0,1,0,1,73,26,37,8,144,18,0,18,162
02/12/2019,MSN,WI,AGL,CE,Combined TRACON& Tower with Radar,56,23,19,2,100,0,0,0,0,0,56,23,19,2,100,0,0,0,100
02/13/2019,MSN,WI,AGL,CE,Combined TRACON& Tower with Radar,68,43,44,27,182,0,2,36,15,53,68,45,80,42,235,28,0,28,263
02/14/2019,MSN,WI,AGL,CE,Combined TRACON& Tower with Radar,75,43,35,12,165,0,0,28,0,28,75,43,63,12,193,44,0,44,237
02/15/2019,MSN,WI,AGL,CE,Combined TRACON& Tower with Radar,71,29,28,4,132,0,0,41,4,45,71,29,69,8,177,14,0,14,191
02/16/2019,MSN,WI,AGL,CE,Combined TRACON& Tower with Radar,52,18,32,0,102,0,0,64,0,64,52,18,96,0,166,72,0,72,238
02/17/2019,MSN,WI,AGL,CE,Combined TRACON& Tower with Radar,49,28,15,0,92,0,0,0,0,0,49,28,15,0,92,0,0,0,92
02/18/2019,MSN,WI,AGL,CE,Combined TRACON& Tower with Radar,67,27,34,0,128,0,0,39,0,39,67,27,73,0,167,14,0,14,181
02/19/2019,MSN,WI,AGL,CE,Combined TRACON& Tower with Radar,74,30,37,22,163,0,0,52,11,63,74,30,89,33,226,114,0,114,340
02/20/2019,MSN,WI,AGL,CE,Combined TRACON& Tower with Radar,66,35,15,1,117,0,0,0,0,0,66,35,15,1,117,0,0,0,117
02/21/2019,MSN,WI,AGL,CE,Combined TRACON& Tower with Radar,77,44,53,15,189,0,0,44,13,57,77,44,97,28,246,82,0,82,328
02/22/2019,MSN,WI,AGL,CE,Combined TRACON& Tower with Radar,69,36,34,14,153,0,3,74,4,81,69,39,108,18,234,54,0,54,288
02/23/2019,MSN,WI,AGL,CE,Combined TRACON& Tower with Radar,45,23,4,4,76,0,0,0,0,0,45,23,4,4,76,0,0,0,76
02/24/2019,MSN,WI,AGL,CE,Combined TRACON& Tower with Radar,56,11,10,0,77,0,0,0,0,0,56,11,10,0,77,0,0,0,77
02/25/2019,MSN,WI,AGL,CE,Combined TRACON& Tower with Radar,73,33,29,9,144,0,0,22,6,28,73,33,51,15,172,8,6,14,186
02/26/2019,MSN,WI,AGL,CE,Combined TRACON& Tower with Radar,72,33,14,22,141,0,0,9,3,12,72,33,23,25,153,38,0,38,191
02/27/2019,MSN,WI,AGL,CE,Combined TRACON& Tower with Radar,74,40,38,17,169,0,0,28,9,37,74,40,66,26,206,32,0,32,238
02/28/2019,MSN,WI,AGL,CE,Combined TRACON& Tower with Radar,80,43,42,11,176,0,0,25,11,36,80,43,67,22,212,18,0,18,230
03/01/2019,MSN,WI,AGL,CE,Combined TRACON& Tower with Radar,70,41,48,19,178,0,0,36,5,41,70,41,84,24,219,40,4,44,263
03/02/2019,MSN,WI,AGL,CE,Combined TRACON& Tower with Radar,48,17,16,14,95,0,0,25,3,28,48,17,41,17,123,24,0,24,147
03/03/2019,MSN,WI,AGL,CE,Combined TRACON& Tower with Radar,63,29,19,1,112,0,4,47,1,52,63,33,66,2,164,24,0,24,188
03/04/2019,MSN,WI,AGL,CE,Combined TRACON& Tower with Radar,66,30,36,13,145,0,1,21,4,26,66,31,57,17,171,0,0,0,171
03/05/2019,MSN,WI,AGL,CE,Combined TRACON& Tower with Radar,71,27,33,15,146,0,0,15,11,26,71,27,48,26,172,0,0,0,172
03/06/2019,MSN,WI,AGL,CE,Combined TRACON& Tower with Radar,66,49,38,19,172,0,3,39,14,56,66,52,77,33,228,12,0,12,240
03/07/2019,MSN,WI,AGL,CE,Combined TRACON& Tower with Radar,72,40,33,16,161,0,2,54,9,65,72,42,87,25,226,38,0,38,264
03/08/2019,MSN,WI,AGL,CE,Combined TRACON& Tower with Radar,69,34,48,4,155,0,2,63,6,71,69,36,111,10,226,78,0,78,304
03/09/2019,MSN,WI,AGL,CE,Combined TRACON& Tower with Radar,47,24,15,4,90,0,0,10,0,10,47,24,25,4,100,12,0,12,112
03/10/2019,MSN,WI,AGL,CE,Combined TRACON& Tower with Radar,67,27,19,0,113,0,0,3,0,3,67,27,22,0,116,2,0,2,118
03/11/2019,MSN,WI,AGL,CE,Combined TRACON& Tower with Radar,66,36,61,8,171,0,2,65,3,70,66,38,126,11,241,50,0,50,291
03/12/2019,MSN,WI,AGL,CE,Combined TRACON& Tower with Radar,68,28,33,19,148,0,1,40,8,49,68,29,73,27,197,16,2,18,215
03/13/2019,MSN,WI,AGL,CE,Combined TRACON& Tower with Radar,60,42,29,0,131,0,1,3,2,6,60,43,32,2,137,0,0,0,137
03/14/2019,MSN,WI,AGL,CE,Combined TRACON& Tower with Radar,75,37,11,14,137,0,0,5,0,5,75,37,16,14,142,6,2,8,150
03/15/2019,MSN,WI,AGL,CE,Combined TRACON& Tower with Radar,63,44,30,3,140,0,0,15,3,18,63,44,45,6,158,6,0,6,164
03/16/2019,MSN,WI,AGL,CE,Combined TRACON& Tower with Radar,52,25,40,0,117,0,1,116,2,119,52,26,156,2,236,46,0,46,282
03/17/2019,MSN,WI,AGL,CE,Combined TRACON& Tower with Radar,64,34,30,0,128,0,0,86,0,86,64,34,116,0,214,22,0,22,236
03/18/2019,MSN,WI,AGL,CE,Combined TRACON& Tower with Radar,65,31,44,12,152,0,0,55,2,57,65,31,99,14,209,38,2,40,249
03/19/2019,MSN,WI,AGL,CE,Combined TRACON& Tower with Radar,71,27,39,17,154,0,0,67,19,86,71,27,106,36,240,44,0,44,284
03/20/2019,MSN,WI,AGL,CE,Combined TRACON& Tower with Radar,71,37,56,22,186,0,0,41,12,53,71,37,97,34,239,48,12,60,299
03/21/2019,MSN,WI,AGL,CE,Combined TRACON& Tower with Radar,76,30,27,13,146,0,0,47,9,56,76,30,74,22,202,38,0,38,240
03/22/2019,MSN,WI,AGL,CE,Combined TRACON& Tower with Radar,69,36,44,8,157,0,0,59,11,70,69,36,103,19,227,32,0,32,259
03/23/2019,MSN,WI,AGL,CE,Combined TRACON& Tower with Radar,51,33,58,1,143,0,2,111,5,118,51,35,169,6,261,40,0,40,301
03/24/2019,MSN,WI,AGL,CE,Combined TRACON& Tower with Radar,66,31,25,0,122,0,1,15,0,16,66,32,40,0,138,48,0,48,186
03/25/2019,MSN,WI,AGL,CE,Combined TRACON& Tower with Radar,68,33,32,11,144,0,0,37,1,38,68,33,69,12,182,18,0,18,200
03/26/2019,MSN,WI,AGL,CE,Combined TRACON& Tower with Radar,71,28,52,11,162,0,1,78,4,83,71,29,130,15,245,30,6,36,281
03/27/2019,MSN,WI,AGL,CE,Combined TRACON& Tower with Radar,69,30,41,13,153,0,3,28,13,44,69,33,69,26,197,8,0,8,205
03/28/2019,MSN,WI,AGL,CE,Combined TRACON& Tower with Radar,75,37,38,11,161,0,0,74,2,76,75,37,112,13,237,36,2,38,275
03/29/2019,MSN,WI,AGL,CE,Combined TRACON& Tower with Radar,71,36,35,2,144,0,1,44,3,48,71,37,79,5,192,96,0,96,288
03/30/2019,MSN,WI,AGL,CE,Combined TRACON& Tower with Radar,50,22,11,0,83,0,0,20,0,20,50,22,31,0,103,4,0,4,107
03/31/2019,MSN,WI,AGL,CE,Combined TRACON& Tower with Radar,66,39,36,0,141,0,4,87,0,91,66,43,123,0,232,40,0,40,272
04/01/2019,MSN,WI,AGL,CE,Combined TRACON& Tower with Radar,68,31,29,0,128,0,0,33,0,33,68,31,62,0,161,12,0,12,173
04/02/2019,MSN,WI,AGL,CE,Combined TRACON& Tower with Radar,69,36,14,16,135,0,3,8,0,11,69,39,22,16,146,6,0,6,152
04/03/2019,MSN,WI,AGL,CE,Combined TRACON& Tower with Radar,73,33,33,22,161,0,0,59,2,61,73,33,92,24,222,52,0,52,274
04/04/2019,MSN,WI,AGL,CE,Combined TRACON& Tower with Radar,77,33,31,18,159,0,3,22,1,26,77,36,53,19,185,46,0,46,231
04/05/2019,MSN,WI,AGL,CE,Combined TRACON& Tower with Radar,70,31,43,18,162,0,0,24,0,24,70,31,67,18,186,42,2,44,230
04/06/2019,MSN,WI,AGL,CE,Combined TRACON& Tower with Radar,50,19,23,35,127,0,0,43,2,45,50,19,66,37,172,88,0,88,260
04/07/2019,MSN,WI,AGL,CE,Combined TRACON& Tower with Radar,65,32,31,1,129,0,0,2,3,5,65,32,33,4,134,14,8,22,156
04/08/2019,MSN,WI,AGL,CE,Combined TRACON& Tower with Radar,69,31,48,16,164,0,0,59,1,60,69,31,107,17,224,20,0,20,244
04/09/2019,MSN,WI,AGL,CE,Combined TRACON& Tower with Radar,68,29,43,16,156,0,0,58,9,67,68,29,101,25,223,8,4,12,235
04/10/2019,MSN,WI,AGL,CE,Combined TRACON& Tower with Radar,75,29,30,8,142,0,0,5,2,7,75,29,35,10,149,2,0,2,151
04/11/2019,MSN,WI,AGL,CE,Combined TRACON& Tower with Radar,70,35,34,0,139,0,0,0,0,0,70,35,34,0,139,0,0,0,139
04/12/2019,MSN,WI,AGL,CE,Combined TRACON& Tower with Radar,60,38,31,6,135,0,0,8,1,9,60,38,39,7,144,10,0,10,154
04/13/2019,MSN,WI,AGL,CE,Combined TRACON& Tower with Radar,47,22,32,0,101,0,1,47,2,50,47,23,79,2,151,24,0,24,175
04/14/2019,MSN,WI,AGL,CE,Combined TRACON& Tower with Radar,68,20,29,0,117,0,1,4,0,5,68,21,33,0,122,2,0,2,124
04/15/2019,MSN,WI,AGL,CE,Combined TRACON& Tower with Radar,73,36,47,9,165,0,0,63,3,66,73,36,110,12,231,20,0,20,251
04/16/2019,MSN,WI,AGL,CE,Combined TRACON& Tower with Radar,71,33,44,6,154,0,2,41,12,55,71,35,85,18,209,30,0,30,239
04/17/2019,MSN,WI,AGL,CE,Combined TRACON& Tower with Radar,70,34,57,6,167,0,0,1,0,1,70,34,58,6,168,0,0,0,168
04/18/2019,MSN,WI,AGL,CE,Combined TRACON& Tower with Radar,78,42,57,10,187,0,0,1,8,9,78,42,58,18,196,0,12,12,208
04/19/2019,MSN,WI,AGL,CE,Combined TRACON& Tower with Radar,65,37,25,3,130,0,2,57,3,62,65,39,82,6,192,36,0,36,228
04/20/2019,MSN,WI,AGL,CE,Combined TRACON& Tower with Radar,48,17,33,0,98,0,5,135,2,142,48,22,168,2,240,22,0,22,262
04/21/2019,MSN,WI,AGL,CE,Combined TRACON& Tower with Radar,65,23,23,0,111,0,4,38,0,42,65,27,61,0,153,32,0,32,185
04/22/2019,MSN,WI,AGL,CE,Combined TRACON& Tower with Radar,67,33,36,11,147,0,2,25,3,30,67,35,61,14,177,38,0,38,215
04/23/2019,MSN,WI,AGL,CE,Combined TRACON& Tower with Radar,71,31,51,18,171,0,1,44,11,56,71,32,95,29,227,14,0,14,241
04/24/2019,MSN,WI,AGL,CE,Combined TRACON& Tower with Radar,75,32,56,30,193,0,1,68,13,82,75,33,124,43,275,2,2,4,279
04/25/2019,MSN,WI,AGL,CE,Combined TRACON& Tower with Radar,75,42,31,16,164,0,0,39,20,59,75,42,70,36,223,30,0,30,253
04/26/2019,MSN,WI,AGL,CE,Combined TRACON& Tower with Radar,65,37,44,4,150,0,0,45,5,50,65,37,89,9,200,44,2,46,246
04/27/2019,MSN,WI,AGL,CE,Combined TRACON& Tower with Radar,44,15,11,2,72,0,0,4,0,4,44,15,15,2,76,2,0,2,78
04/28/2019,MSN,WI,AGL,CE,Combined TRACON& Tower with Radar,64,29,42,3,138,0,1,93,0,94,64,30,135,3,232,22,0,22,254
04/29/2019,MSN,WI,AGL,CE,Combined TRACON& Tower with Radar,70,34,37,4,145,0,0,0,0,0,70,34,37,4,145,0,0,0,145
04/30/2019,MSN,WI,AGL,CE,Combined TRACON& Tower with Radar,73,24,39,0,136,0,0,0,0,0,73,24,39,0,136,0,0,0,136
05/01/2019,MSN,WI,AGL,CE,Combined TRACON& Tower with Radar,72,36,58,8,174,0,0,0,4,4,72,36,58,12,178,16,0,16,194
05/02/2019,MSN,WI,AGL,CE,Combined TRACON& Tower with Radar,66,52,47,18,183,0,0,2,7,9,66,52,49,25,192,30,0,30,222
05/03/2019,MSN,WI,AGL,CE,Combined TRACON& Tower with Radar,71,35,38,14,158,0,0,71,10,81,71,35,109,24,239,68,0,68,307
05/04/2019,MSN,WI,AGL,CE,Combined TRACON& Tower with Radar,54,19,43,13,129,0,0,109,7,116,54,19,152,20,245,56,0,56,301
05/05/2019,MSN,WI,AGL,CE,Combined TRACON& Tower with Radar,60,32,36,1,129,0,0,61,15,76,60,32,97,16,205,42,0,42,247
05/06/2019,MSN,WI,AGL,CE,Combined TRACON& Tower with Radar,72,33,51,13,169,0,0,18,3,21,72,33,69,16,190,26,2,28,218
05/07/2019,MSN,WI,AGL,CE,Combined TRACON& Tower with Radar,69,31,40,11,151,0,0,55,14,69,69,31,95,25,220,10,0,10,230
05/08/2019,MSN,WI,AGL,CE,Combined TRACON& Tower with Radar,68,30,45,0,143,0,0,4,0,4,68,30,49,0,147,0,0,0,147
05/09/2019,MSN,WI,AGL,CE,Combined TRACON& Tower with Radar,74,50,62,13,199,0,0,2,5,7,74,50,64,18,206,0,0,0,206
05/10/2019,MSN,WI,AGL,CE,Combined TRACON& Tower with Radar,70,36,68,2,176,0,0,87,5,92,70,36,155,7,268,68,2,70,338
05/11/2019,MSN,WI,AGL,CE,Combined TRACON& Tower with Radar,52,27,31,0,110,0,2,103,0,105,52,29,134,0,215,88,0,88,303
05/12/2019,MSN,WI,AGL,CE,Combined TRACON& Tower with Radar,57,27,22,0,106,0,2,70,2,74,57,29,92,2,180,74,0,74,254
05/13/2019,MSN,WI,AGL,CE,Combined TRACON& Tower with Radar,73,30,51,12,166,0,2,67,6,75,73,32,118,18,241,46,0,46,287
05/14/2019,MSN,WI,AGL,CE,Combined TRACON& Tower with Radar,71,26,46,12,155,0,0,61,8,69,71,26,107,20,224,38,0,38,262
05/15/2019,MSN,WI,AGL,CE,Combined TRACON& Tower with Radar,73,33,50,19,175,0,3,90,14,107,73,36,140,33,282,48,14,62,344
05/16/2019,MSN,WI,AGL,CE,Combined TRACON& Tower with Radar,71,29,38,18,156,0,2,15,10,27,71,31,53,28,183,30,8,38,221
05/17/2019,MSN,WI,AGL,CE,Combined TRACON& Tower with Radar,81,35,46,4,166,0,0,27,4,31,81,35,73,8,197,18,0,18,215
05/18/2019,MSN,WI,AGL,CE,Combined TRACON& Tower with Radar,53,14,29,1,97,0,0,3,0,3,53,14,32,1,100,4,0,4,104
05/19/2019,MSN,WI,AGL,CE,Combined TRACON& Tower with Radar,64,30,26,2,122,0,0,6,0,6,64,30,32,2,128,0,0,0,128
05/20/2019,MSN,WI,AGL,CE,Combined TRACON& Tower with Radar,68,34,44,21,167,0,0,45,4,49,68,34,89,25,216,50,0,50,266
05/21/2019,MSN,WI,AGL,CE,Combined TRACON& Tower with Radar,76,27,25,17,145,0,0,9,12,21,76,27,34,29,166,8,0,8,174
05/22/2019,MSN,WI,AGL,CE,Combined TRACON& Tower with Radar,75,26,58,24,183,0,0,2,9,11,75,26,60,33,194,12,0,12,206
05/23/2019,MSN,WI,AGL,CE,Combined TRACON& Tower with Radar,73,32,64,19,188,0,2,86,16,104,73,34,150,35,292,24,0,24,316
05/24/2019,MSN,WI,AGL,CE,Combined TRACON& Tower with Radar,73,27,29,5,134,0,0,12,0,12,73,27,41,5,146,20,0,20,166
05/25/2019,MSN,WI,AGL,CE,Combined TRACON& Tower with Radar,47,18,24,0,89,0,0,60,0,60,47,18,84,0,149,38,0,38,187
05/26/2019,MSN,WI,AGL,CE,Combined TRACON& Tower with Radar,42,16,28,0,86,1,0,106,0,107,43,16,134,0,193,64,0,64,257
05/27/2019,MSN,WI,AGL,CE,Combined TRACON& Tower with Radar,62,18,24,0,104,0,2,8,0,10,62,20,32,0,114,38,0,38,152
05/28/2019,MSN,WI,AGL,CE,Combined TRACON& Tower with Radar,75,30,59,30,194,0,0,4,0,4,75,30,63,30,198,18,4,22,220
05/29/2019,MSN,WI,AGL,CE,Combined TRACON& Tower with Radar,68,24,53,21,166,0,0,16,8,24,68,24,69,29,190,66,8,74,264
05/30/2019,MSN,WI,AGL,CE,Combined TRACON& Tower with Radar,72,36,42,19,169,0,0,65,8,73,72,36,107,27,242,82,0,82,324
05/31/2019,MSN,WI,AGL,CE,Combined TRACON& Tower with Radar,70,29,44,19,162,0,3,111,4,118,70,32,155,23,280,44,4,48,328
06/01/2019,MSN,WI,AGL,CE,Combined TRACON& Tower with Radar,49,25,15,5,94,0,0,13,4,17,49,25,28,9,111,14,4,18,129
06/02/2019,MSN,WI,AGL,CE,Combined TRACON& Tower with Radar,62,25,29,0,116,0,3,114,4,121,62,28,143,4,237,56,0,56,293
06/03/2019,MSN,WI,AGL,CE,Combined TRACON& Tower with Radar,75,26,35,13,149,0,2,59,4,65,75,28,94,17,214,80,0,80,294
06/04/2019,MSN,WI,AGL,CE,Combined TRACON& Tower with Radar,81,32,42,11,166,0,1,15,9,25,81,33,57,20,191,0,0,0,191
06/05/2019,MSN,WI,AGL,CE,Combined TRACON& Tower with Radar,68,39,43,15,165,0,0,65,11,76,68,39,108,26,241,48,0,48,289
06/06/2019,MSN,WI,AGL,CE,Combined TRACON& Tower with Radar,74,32,52,11,169,0,1,72,10,83,74,33,124,21,252,54,0,54,306
06/07/2019,MSN,WI,AGL,CE,Combined TRACON& Tower with Radar,76,43,75,2,196,0,0,77,4,81,76,43,152,6,277,16,0,16,293
06/08/2019,MSN,WI,AGL,CE,Combined TRACON& Tower with Radar,43,21,29,5,98,0,0,63,6,69,43,21,92,11,167,82,0,82,249
06/09/2019,MSN,WI,AGL,CE,Combined TRACON& Tower with Radar,64,31,33,4,132,0,0,6,0,6,64,31,39,4,138,62,0,62,200
06/10/2019,MSN,WI,AGL,CE,Combined TRACON& Tower with Radar,75,42,23,1,141,0,0,20,5,25,75,42,43,6,166,6,0,6,172
06/11/2019,MSN,WI,AGL,CE,Combined TRACON& Tower with Radar,74,36,43,21,174,0,2,50,7,59,74,38,93,28,233,18,0,18,251
06/12/2019,MSN,WI,AGL,CE,Combined TRACON& Tower with Radar,68,30,48,16,162,0,0,1,4,5,68,30,49,20,167,0,0,0,167
06/13/2019,MSN,WI,AGL,CE,Combined TRACON& Tower with Radar,73,50,51,13,187,0,0,55,15,70,73,50,106,28,257,4,6,10,267
06/14/2019,MSN,WI,AGL,CE,Combined TRACON& Tower with Radar,75,39,35,3,152,0,0,21,6,27,75,39,56,9,179,0,0,0,179
06/15/2019,MSN,WI,AGL,CE,Combined TRACON& Tower with Radar,49,16,23,2,90,0,2,38,2,42,49,18,61,4,132,62,0,62,194
06/16/2019,MSN,WI,AGL,CE,Combined TRACON& Tower with Radar,63,27,42,0,132,0,2,1,0,3,63,29,43,0,135,32,0,32,167
06/17/2019,MSN,WI,AGL,CE,Combined TRACON& Tower with Radar,78,28,32,15,153,0,0,49,3,52,78,28,81,18,205,32,0,32,237
06/18/2019,MSN,WI,AGL,CE,Combined TRACON& Tower with Radar,73,37,27,23,160,0,0,44,13,57,73,37,71,36,217,100,16,116,333
06/19/2019,MSN,WI,AGL,CE,Combined TRACON& Tower with Radar,68,43,44,18,173,0,0,8,6,14,68,43,52,24,187,52,0,52,239
06/20/2019,MSN,WI,AGL,CE,Combined TRACON& Tower with Radar,74,34,56,15,179,0,0,77,10,87,74,34,133,25,266,58,0,58,324
06/21/2019,MSN,WI,AGL,CE,Combined TRACON& Tower with Radar,73,29,44,3,149,0,0,89,4,93,73,29,133,7,242,66,0,66,308
06/22/2019,MSN,WI,AGL,CE,Combined TRACON& Tower with Radar,50,19,48,0,117,0,0,53,3,56,50,19,101,3,173,32,0,32,205
06/23/2019,MSN,WI,AGL,CE,Combined TRACON& Tower with Radar,67,28,31,5,131,0,0,12,0,12,67,28,43,5,143,4,0,4,147
06/24/2019,MSN,WI,AGL,CE,Combined TRACON& Tower with Radar,73,27,29,15,144,0,0,9,1,10,73,27,38,16,154,0,0,0,154
06/25/2019,MSN,WI,AGL,CE,Combined TRACON& Tower with Radar,73,29,34,22,158,0,3,39,15,57,73,32,73,37,215,42,4,46,261
06/26/2019,MSN,WI,AGL,CE,Combined TRACON& Tower with Radar,75,35,49,25,184,0,0,127,13,140,75,35,176,38,324,26,8,34,358
06/27/2019,MSN,WI,AGL,CE,Combined TRACON& Tower with Radar,74,28,48,17,167,0,0,51,16,67,74,28,99,33,234,20,0,20,254
06/28/2019,MSN,WI,AGL,CE,Combined TRACON& Tower with Radar,74,30,39,6,149,0,2,27,0,29,74,32,66,6,178,26,0,26,204
06/29/2019,MSN,WI,AGL,CE,Combined TRACON& Tower with Radar,51,19,22,10,102,0,0,63,2,65,51,19,85,12,167,28,14,42,209
06/30/2019,MSN,WI,AGL,CE,Combined TRACON& Tower with Radar,62,22,24,11,119,0,0,26,0,26,62,22,50,11,145,14,0,14,159
07/01/2019,MSN,WI,AGL,CE,Combined TRACON& Tower with Radar,54,29,26,20,129,0,0,31,10,41,54,29,57,30,170,18,0,18,188
07/02/2019,MSN,WI,AGL,CE,Combined TRACON& Tower with Radar,54,25,27,22,128,0,2,33,12,47,54,27,60,34,175,2,0,2,177
07/03/2019,MSN,WI,AGL,CE,Combined TRACON& Tower with Radar,56,38,48,17,159,0,0,29,6,35,56,38,77,23,194,40,20,60,254
07/04/2019,MSN,WI,AGL,CE,Combined TRACON& Tower with Radar,41,24,16,0,81,0,0,26,1,27,41,24,42,1,108,18,0,18,126
07/05/2019,MSN,WI,AGL,CE,Combined TRACON& Tower with Radar,48,21,21,0,90,0,0,64,0,64,48,21,85,0,154,58,0,58,212
07/06/2019,MSN,WI,AGL,CE,Combined TRACON& Tower with Radar,48,23,24,1,96,0,0,29,1,30,48,23,53,2,126,6,0,6,132
07/07/2019,MSN,WI,AGL,CE,Combined TRACON& Tower with Radar,68,23,34,0,125,0,0,95,0,95,68,23,129,0,220,56,0,56,276
07/08/2019,MSN,WI,AGL,CE,Combined TRACON& Tower with Radar,78,32,38,20,168,0,2,54,6,62,78,34,92,26,230,70,0,70,300
07/09/2019,MSN,WI,AGL,CE,Combined TRACON& Tower with Radar,75,34,30,17,156,0,0,56,11,67,75,34,86,28,223,28,0,28,251
07/10/2019,MSN,WI,AGL,CE,Combined TRACON& Tower with Radar,70,36,46,20,172,0,0,46,8,54,70,36,92,28,226,58,0,58,284
07/11/2019,MSN,WI,AGL,CE,Combined TRACON& Tower with Radar,65,36,50,21,172,0,0,90,9,99,65,36,140,30,271,38,4,42,313
07/12/2019,MSN,WI,AGL,CE,Combined TRACON& Tower with Radar,80,32,35,3,150,0,0,66,9,75,80,32,101,12,225,62,0,62,287
07/13/2019,MSN,WI,AGL,CE,Combined TRACON& Tower with Radar,52,21,14,0,87,0,0,87,0,87,52,21,101,0,174,28,0,28,202
07/14/2019,MSN,WI,AGL,CE,Combined TRACON& Tower with Radar,70,33,27,0,130,0,0,107,4,111,70,33,134,4,241,36,0,36,277
07/15/2019,MSN,WI,AGL,CE,Combined TRACON& Tower with Radar,82,37,36,9,164,0,2,34,3,39,82,39,70,12,203,4,0,4,207
07/16/2019,MSN,WI,AGL,CE,Combined TRACON& Tower with Radar,77,40,45,9,171,0,0,47,2,49,77,40,92,11,220,8,0,8,228
07/17/2019,MSN,WI,AGL,CE,Combined TRACON& Tower with Radar,70,43,44,10,167,0,3,60,5,68,70,46,104,15,235,26,0,26,261
07/18/2019,MSN,WI,AGL,CE,Combined TRACON& Tower with Radar,69,18,57,1,145,0,0,47,3,50,69,18,104,4,195,0,0,0,195
07/19/2019,MSN,WI,AGL,CE,Combined TRACON& Tower with Radar,69,36,40,2,147,0,6,105,2,113,69,42,145,4,260,22,0,22,282
07/20/2019,MSN,WI,AGL,CE,Combined TRACON& Tower with Radar,55,19,52,0,126,0,7,106,2,115,55,26,158,2,241,68,0,68,309
07/21/2019,MSN,WI,AGL,CE,Combined TRACON& Tower with Radar,68,29,48,2,147,0,6,132,9,147,68,35,180,11,294,74,0,74,368
07/22/2019,MSN,WI,AGL,CE,Combined TRACON& Tower with Radar,72,51,40,7,170,0,1,53,7,61,72,52,93,14,231,0,0,0,231
07/23/2019,MSN,WI,AGL,CE,Combined TRACON& Tower with Radar,72,37,47,6,162,0,2,81,6,89,72,39,128,12,251,74,0,74,325
07/24/2019,MSN,WI,AGL,CE,Combined TRACON& Tower with Radar,73,40,57,9,179,0,0,99,4,103,73,40,156,13,282,0,0,0,282
07/25/2019,MSN,WI,AGL,CE,Combined TRACON& Tower with Radar,74,42,74,5,195,0,1,77,3,81,74,43,151,8,276,14,0,14,290
07/26/2019,MSN,WI,AGL,CE,Combined TRACON& Tower with Radar,79,33,39,1,152,0,5,67,2,74,79,38,106,3,226,36,0,36,262
07/27/2019,MSN,WI,AGL,CE,Combined TRACON& Tower with Radar,51,20,25,2,98,0,3,73,1,77,51,23,98,3,175,74,0,74,249
07/28/2019,MSN,WI,AGL,CE,Combined TRACON& Tower with Radar,67,28,39,5,139,0,5,58,4,67,67,33,97,9,206,30,0,30,236
07/29/2019,MSN,WI,AGL,CE,Combined TRACON& Tower with Radar,75,25,39,6,145,0,0,53,2,55,75,25,92,8,200,8,0,8,208
07/30/2019,MSN,WI,AGL,CE,Combined TRACON& Tower with Radar,72,37,42,8,159,0,2,60,15,77,72,39,102,23,236,72,0,72,308
07/31/2019,MSN,WI,AGL,CE,Combined TRACON& Tower with Radar,70,41,53,4,168,0,0,98,10,108,70,41,151,14,276,38,0,38,314
08/01/2019,MSN,WI,AGL,CE,Combined TRACON& Tower with Radar,74,41,47,6,168,0,0,68,4,72,74,41,115,10,240,22,0,22,262
08/02/2019,MSN,WI,AGL,CE,Combined TRACON& Tower with Radar,78,32,32,7,149,0,0,80,4,84,78,32,112,11,233,80,0,80,313
08/03/2019,MSN,WI,AGL,CE,Combined TRACON& Tower with Radar,49,26,17,7,99,0,2,88,5,95,49,28,105,12,194,50,0,50,244
08/04/2019,MSN,WI,AGL,CE,Combined TRACON& Tower with Radar,68,28,28,2,126,0,0,58,2,60,68,28,86,4,186,48,0,48,234
08/05/2019,MSN,WI,AGL,CE,Combined TRACON& Tower with Radar,71,37,51,7,166,0,0,42,1,43,71,37,93,8,209,14,0,14,223
08/06/2019,MSN,WI,AGL,CE,Combined TRACON& Tower with Radar,71,30,32,5,138,0,0,60,7,67,71,30,92,12,205,40,0,40,245
08/07/2019,MSN,WI,AGL,CE,Combined TRACON& Tower with Radar,71,31,44,4,150,0,0,81,14,95,71,31,125,18,245,2,0,2,247
08/08/2019,MSN,WI,AGL,CE,Combined TRACON& Tower with Radar,71,29,43,3,146,0,0,59,9,68,71,29,102,12,214,6,0,6,220
08/09/2019,MSN,WI,AGL,CE,Combined TRACON& Tower with Radar,77,30,45,4,156,0,1,75,5,81,77,31,120,9,237,16,0,16,253
08/10/2019,MSN,WI,AGL,CE,Combined TRACON& Tower with Radar,52,27,30,2,111,0,0,58,2,60,52,27,88,4,171,56,0,56,227
08/11/2019,MSN,WI,AGL,CE,Combined TRACON& Tower with Radar,67,37,50,0,154,0,0,14,0,14,67,37,64,0,168,68,0,68,236
08/12/2019,MSN,WI,AGL,CE,Combined TRACON& Tower with Radar,76,36,51,4,167,0,0,5,0,5,76,36,56,4,172,0,0,0,172
08/13/2019,MSN,WI,AGL,CE,Combined TRACON& Tower with Radar,68,39,43,5,155,0,0,35,10,45,68,39,78,15,200,42,0,42,242
08/14/2019,MSN,WI,AGL,CE,Combined TRACON& Tower with Radar,72,36,58,16,182,0,0,33,9,42,72,36,91,25,224,38,0,38,262
08/15/2019,MSN,WI,AGL,CE,Combined TRACON& Tower with Radar,74,53,54,8,189,0,1,110,8,119,74,54,164,16,308,52,0,52,360
08/16/2019,MSN,WI,AGL,CE,Combined TRACON& Tower with Radar,70,41,35,5,151,0,0,37,6,43,70,41,72,11,194,38,0,38,232
08/17/2019,MSN,WI,AGL,CE,Combined TRACON& Tower with Radar,55,20,22,0,97,0,0,88,2,90,55,20,110,2,187,40,0,40,227
08/18/2019,MSN,WI,AGL,CE,Combined TRACON& Tower with Radar,67,23,27,1,118,0,0,13,1,14,67,23,40,2,132,16,0,16,148
08/19/2019,MSN,WI,AGL,CE,Combined TRACON& Tower with Radar,73,34,33,2,142,0,0,75,4,79,73,34,108,6,221,58,0,58,279
08/20/2019,MSN,WI,AGL,CE,Combined TRACON& Tower with Radar,77,22,38,12,149,0,0,40,9,49,77,22,78,21,198,64,4,68,266
08/21/2019,MSN,WI,AGL,CE,Combined TRACON& Tower with Radar,73,45,71,13,202,0,6,56,12,74,73,51,127,25,276,64,0,64,340
08/22/2019,MSN,WI,AGL,CE,Combined TRACON& Tower with Radar,82,33,49,2,166,0,2,88,0,90,82,35,137,2,256,58,0,58,314
08/23/2019,MSN,WI,AGL,CE,Combined TRACON& Tower with Radar,80,30,64,6,180,0,4,75,1,80,80,34,139,7,260,58,0,58,318
08/24/2019,MSN,WI,AGL,CE,Combined TRACON& Tower with Radar,55,27,46,6,134,0,0,90,5,95,55,27,136,11,229,18,0,18,247
08/25/2019,MSN,WI,AGL,CE,Combined TRACON& Tower with Radar,116,27,28,6,177,0,1,56,0,57,116,28,84,6,234,24,0,24,258
08/26/2019,MSN,WI,AGL,CE,Combined TRACON& Tower with Radar,89,34,53,4,180,0,0,0,0,0,89,34,53,4,180,0,0,0,180
08/27/2019,MSN,WI,AGL,CE,Combined TRACON& Tower with Radar,77,34,42,7,160,0,0,35,11,46,77,34,77,18,206,32,0,32,238
08/28/2019,MSN,WI,AGL,CE,Combined TRACON& Tower with Radar,83,27,46,9,165,0,3,40,1,44,83,30,86,10,209,10,0,10,219
08/29/2019,MSN,WI,AGL,CE,Combined TRACON& Tower with Radar,121,26,47,7,201,0,2,41,19,62,121,28,88,26,263,18,0,18,281
08/30/2019,MSN,WI,AGL,CE,Combined TRACON& Tower with Radar,77,30,28,2,137,0,0,96,7,103,77,30,124,9,240,20,0,20,260
08/31/2019,MSN,WI,AGL,CE,Combined TRACON& Tower with Radar,43,23,25,1,92,0,0,77,2,79,43,23,102,3,171,30,0,30,201
09/01/2019,MSN,WI,AGL,CE,Combined TRACON& Tower with Radar,51,23,25,1,100,0,0,48,0,48,51,23,73,1,148,8,0,8,156
09/02/2019,MSN,WI,AGL,CE,Combined TRACON& Tower with Radar,66,25,46,0,137,0,0,62,0,62,66,25,108,0,199,22,0,22,221
09/03/2019,MSN,WI,AGL,CE,Combined TRACON& Tower with Radar,69,26,30,11,136,0,0,8,0,8,69,26,38,11,144,12,0,12,156
09/04/2019,MSN,WI,AGL,CE,Combined TRACON& Tower with Radar,68,34,49,4,155,0,0,68,4,72,68,34,117,8,227,44,0,44,271
09/05/2019,MSN,WI,AGL,CE,Combined TRACON& Tower with Radar,73,32,57,6,168,0,3,88,9,100,73,35,145,15,268,50,0,50,318
09/06/2019,MSN,WI,AGL,CE,Combined TRACON& Tower with Radar,68,23,57,3,151,0,0,32,6,38,68,23,89,9,189,22,0,22,211
09/07/2019,MSN,WI,AGL,CE,Combined TRACON& Tower with Radar,55,20,39,3,117,0,1,85,1,87,55,21,124,4,204,14,0,14,218
09/08/2019,MSN,WI,AGL,CE,Combined TRACON& Tower with Radar,71,30,29,2,132,0,0,26,2,28,71,30,55,4,160,0,38,38,198
09/09/2019,MSN,WI,AGL,CE,Combined TRACON& Tower with Radar,85,27,45,6,163,0,0,4,0,4,85,27,49,6,167,20,0,20,187
09/10/2019,MSN,WI,AGL,CE,Combined TRACON& Tower with Radar,81,28,42,10,161,0,0,29,8,37,81,28,71,18,198,38,0,38,236
09/11/2019,MSN,WI,AGL,CE,Combined TRACON& Tower with Radar,76,31,32,10,149,0,0,14,2,16,76,31,46,12,165,28,0,28,193
09/12/2019,MSN,WI,AGL,CE,Combined TRACON& Tower with Radar,82,29,35,2,148,0,0,1,0,1,82,29,36,2,149,0,0,0,149
09/13/2019,MSN,WI,AGL,CE,Combined TRACON& Tower with Radar,77,27,62,11,177,0,0,28,9,37,77,27,90,20,214,8,0,8,222
09/14/2019,MSN,WI,AGL,CE,Combined TRACON& Tower with Radar,53,20,44,6,123,0,1,126,2,129,53,21,170,8,252,100,0,100,352
09/15/2019,MSN,WI,AGL,CE,Combined TRACON& Tower with Radar,69,27,37,0,133,0,0,10,0,10,69,27,47,0,143,22,0,22,165
09/16/2019,MSN,WI,AGL,CE,Combined TRACON& Tower with Radar,83,27,44,6,160,0,1,45,3,49,83,28,89,9,209,20,0,20,229
09/17/2019,MSN,WI,AGL,CE,Combined TRACON& Tower with Radar,81,29,52,12,174,0,0,60,16,76,81,29,112,28,250,46,0,46,296
09/18/2019,MSN,WI,AGL,CE,Combined TRACON& Tower with Radar,76,30,52,12,170,0,3,94,7,104,76,33,146,19,274,44,0,44,318
09/19/2019,MSN,WI,AGL,CE,Combined TRACON& Tower with Radar,82,36,51,5,174,0,0,25,8,33,82,36,76,13,207,28,0,28,235
09/20/2019,MSN,WI,AGL,CE,Combined TRACON& Tower with Radar,84,36,90,6,216,0,0,58,1,59,84,36,148,7,275,76,2,78,353
09/21/2019,MSN,WI,AGL,CE,Combined TRACON& Tower with Radar,51,43,58,0,152,0,0,1,0,1,51,43,59,0,153,0,0,0,153
09/22/2019,MSN,WI,AGL,CE,Combined TRACON& Tower with Radar,68,31,58,3,160,0,0,5,0,5,68,31,63,3,165,0,0,0,165
09/23/2019,MSN,WI,AGL,CE,Combined TRACON& Tower with Radar,81,28,54,15,178,0,3,101,3,107,81,31,155,18,285,14,2,16,301
09/24/2019,MSN,WI,AGL,CE,Combined TRACON& Tower with Radar,81,40,39,6,166,0,1,65,11,77,81,41,104,17,243,36,0,36,279
09/25/2019,MSN,WI,AGL,CE,Combined TRACON& Tower with Radar,81,31,59,4,175,0,0,49,9,58,81,31,108,13,233,42,0,42,275
09/26/2019,MSN,WI,AGL,CE,Combined TRACON& Tower with Radar,83,28,59,6,176,0,1,101,18,120,83,29,160,24,296,54,0,54,350
09/27/2019,MSN,WI,AGL,CE,Combined TRACON& Tower with Radar,73,28,48,0,149,0,0,3,0,3,73,28,51,0,152,10,6,16,168
09/28/2019,MSN,WI,AGL,CE,Combined TRACON& Tower with Radar,53,20,45,0,118,0,0,40,0,40,53,20,85,0,158,42,0,42,200
09/29/2019,MSN,WI,AGL,CE,Combined TRACON& Tower with Radar,72,29,15,0,116,0,0,0,0,0,72,29,15,0,116,12,0,12,128
09/30/2019,MSN,WI,AGL,CE,Combined TRACON& Tower with Radar,83,34,39,7,163,0,5,43,3,51,83,39,82,10,214,36,0,36,250
10/01/2019,MSN,WI,AGL,CE,Combined TRACON& Tower with Radar,75,33,37,5,150,0,0,0,0,0,75,33,37,5,150,0,0,0,150
10/02/2019,MSN,WI,AGL,CE,Combined TRACON& Tower with Radar,82,34,38,7,161,0,0,5,0,5,82,34,43,7,166,0,0,0,166
10/03/2019,MSN,WI,AGL,CE,Combined TRACON& Tower with Radar,81,38,52,8,179,0,0,19,12,31,81,38,71,20,210,16,0,16,226
10/04/2019,MSN,WI,AGL,CE,Combined TRACON& Tower with Radar,80,34,60,15,189,0,2,81,2,85,80,36,141,17,274,56,0,56,330
10/05/2019,MSN,WI,AGL,CE,Combined TRACON& Tower with Radar,52,21,34,10,117,0,0,8,1,9,52,21,42,11,126,0,0,0,126
10/06/2019,MSN,WI,AGL,CE,Combined TRACON& Tower with Radar,69,29,32,0,130,0,0,73,2,75,69,29,105,2,205,28,0,28,233
10/07/2019,MSN,WI,AGL,CE,Combined TRACON& Tower with Radar,77,23,38,9,147,0,0,85,6,91,77,23,123,15,238,20,0,20,258
10/08/2019,MSN,WI,AGL,CE,Combined TRACON& Tower with Radar,78,33,48,6,165,0,0,109,1,110,78,33,157,7,275,44,0,44,319
10/09/2019,MSN,WI,AGL,CE,Combined TRACON& Tower with Radar,76,35,44,10,165,0,0,79,15,94,76,35,123,25,259,64,0,64,323
10/10/2019,MSN,WI,AGL,CE,Combined TRACON& Tower with Radar,81,41,62,5,189,0,0,51,15,66,81,41,113,20,255,18,0,18,273
10/11/2019,MSN,WI,AGL,CE,Combined TRACON& Tower with Radar,78,40,60,7,185,0,0,2,0,2,78,40,62,7,187,0,0,0,187
10/12/2019,MSN,WI,AGL,CE,Combined TRACON& Tower with Radar,52,25,43,1,121,0,0,19,4,23,52,25,62,5,144,2,0,2,146
10/13/2019,MSN,WI,AGL,CE,Combined TRACON& Tower with Radar,69,36,41,1,147,0,0,15,0,15,69,36,56,1,162,12,0,12,174
10/14/2019,MSN,WI,AGL,CE,Combined TRACON& Tower with Radar,77,38,37,6,158,0,0,74,0,74,77,38,111,6,232,34,0,34,266
10/15/2019,MSN,WI,AGL,CE,Combined TRACON& Tower with Radar,75,28,37,21,161,0,0,22,1,23,75,28,59,22,184,40,0,40,224
10/16/2019,MSN,WI,AGL,CE,Combined TRACON& Tower with Radar,74,35,38,5,152,0,0,12,13,25,74,35,50,18,177,16,0,16,193
10/17/2019,MSN,WI,AGL,CE,Combined TRACON& Tower with Radar,77,36,56,6,175,0,0,75,15,90,77,36,131,21,265,74,2,76,341
10/18/2019,MSN,WI,AGL,CE,Combined TRACON& Tower with Radar,76,34,29,11,150,0,0,67,1,68,76,34,96,12,218,26,0,26,244
10/19/2019,MSN,WI,AGL,CE,Combined TRACON& Tower with Radar,51,29,38,7,125,0,0,61,3,64,51,29,99,10,189,26,0,26,215
10/20/2019,MSN,WI,AGL,CE,Combined TRACON& Tower with Radar,62,23,43,0,128,0,3,67,0,70,62,26,110,0,198,10,0,10,208
10/21/2019,MSN,WI,AGL,CE,Combined TRACON& Tower with Radar,76,37,22,3,138,0,0,4,0,4,76,37,26,3,142,8,0,8,150
10/22/2019,MSN,WI,AGL,CE,Combined TRACON& Tower with Radar,75,31,44,2,152,0,0,1,11,12,75,31,45,13,164,0,0,0,164
10/23/2019,MSN,WI,AGL,CE,Combined TRACON& Tower with Radar,79,32,37,6,154,0,0,67,10,77,79,32,104,16,231,62,0,62,293
10/24/2019,MSN,WI,AGL,CE,Combined TRACON& Tower with Radar,75,42,59,7,183,0,1,94,15,110,75,43,153,22,293,26,0,26,319
10/25/2019,MSN,WI,AGL,CE,Combined TRACON& Tower with Radar,81,40,52,10,183,0,3,123,8,134,81,43,175,18,317,58,2,60,377
10/26/2019,MSN,WI,AGL,CE,Combined TRACON& Tower with Radar,52,22,26,0,100,0,2,84,0,86,52,24,110,0,186,86,0,86,272
10/27/2019,MSN,WI,AGL,CE,Combined TRACON& Tower with Radar,78,25,47,0,150,0,0,88,0,88,78,25,135,0,238,62,0,62,300
10/28/2019,MSN,WI,AGL,CE,Combined TRACON& Tower with Radar,80,30,39,1,150,0,2,41,9,52,80,32,80,10,202,16,0,16,218
10/29/2019,MSN,WI,AGL,CE,Combined TRACON& Tower with Radar,81,25,36,10,152,0,1,54,9,64,81,26,90,19,216,22,0,22,238
10/30/2019,MSN,WI,AGL,CE,Combined TRACON& Tower with Radar,81,21,37,6,145,0,0,47,16,63,81,21,84,22,208,66,4,70,278
10/31/2019,MSN,WI,AGL,CE,Combined TRACON& Tower with Radar,64,26,30,0,120,0,0,3,6,9,64,26,33,6,129,0,0,0,129
11/01/2019,MSN,WI,AGL,CE,Combined TRACON& Tower with Radar,78,19,43,9,149,0,0,52,4,56,78,19,95,13,205,22,0,22,227
11/02/2019,MSN,WI,AGL,CE,Combined TRACON& Tower with Radar,55,19,12,7,93,0,0,16,4,20,55,19,28,11,113,38,0,38,151
11/03/2019,MSN,WI,AGL,CE,Combined TRACON& Tower with Radar,76,27,36,0,139,0,0,78,1,79,76,27,114,1,218,20,0,20,238
11/04/2019,MSN,WI,AGL,CE,Combined TRACON& Tower with Radar,92,26,38,10,166,0,0,19,3,22,92,26,57,13,188,52,0,52,240
11/05/2019,MSN,WI,AGL,CE,Combined TRACON& Tower with Radar,87,19,53,9,168,0,0,72,10,82,87,19,125,19,250,118,0,118,368
11/06/2019,MSN,WI,AGL,CE,Combined TRACON& Tower with Radar,82,17,50,0,149,0,0,1,0,1,82,17,51,0,150,0,0,0,150
11/07/2019,MSN,WI,AGL,CE,Combined TRACON& Tower with Radar,90,33,40,9,172,0,2,50,11,63,90,35,90,20,235,32,0,32,267
11/08/2019,MSN,WI,AGL,CE,Combined TRACON& Tower with Radar,88,31,58,13,190,0,5,65,5,75,88,36,123,18,265,90,0,90,355
11/09/2019,MSN,WI,AGL,CE,Combined TRACON& Tower with Radar,52,22,67,1,142,0,0,95,2,97,52,22,162,3,239,28,0,28,267
11/10/2019,MSN,WI,AGL,CE,Combined TRACON& Tower with Radar,77,24,46,0,147,0,0,7,0,7,77,24,53,0,154,38,0,38,192
11/11/2019,MSN,WI,AGL,CE,Combined TRACON& Tower with Radar,67,17,40,0,124,0,0,6,0,6,67,17,46,0,130,0,0,0,130
11/12/2019,MSN,WI,AGL,CE,Combined TRACON& Tower with Radar,91,23,38,4,156,0,0,59,8,67,91,23,97,12,223,22,0,22,245
11/13/2019,MSN,WI,AGL,CE,Combined TRACON& Tower with Radar,84,26,49,8,167,0,0,16,8,24,84,26,65,16,191,30,20,50,241
11/14/2019,MSN,WI,AGL,CE,Combined TRACON& Tower with Radar,88,43,40,8,179,0,0,157,9,166,88,43,197,17,345,0,0,0,345
11/15/2019,MSN,WI,AGL,CE,Combined TRACON& Tower with Radar,85,25,47,5,162,0,2,85,4,91,85,27,132,9,253,94,2,96,349
11/16/2019,MSN,WI,AGL,CE,Combined TRACON& Tower with Radar,53,17,57,2,129,0,0,142,0,142,53,17,199,2,271,62,0,62,333
11/17/2019,MSN,WI,AGL,CE,Combined TRACON& Tower with Radar,77,17,21,1,116,0,0,10,0,10,77,17,31,1,126,0,0,0,126
11/18/2019,MSN,WI,AGL,CE,Combined TRACON& Tower with Radar,84,25,31,8,148,0,0,4,0,4,84,25,35,8,152,4,0,4,156
11/19/2019,MSN,WI,AGL,CE,Combined TRACON& Tower with Radar,90,28,26,0,144,0,0,1,0,1,90,28,27,0,145,0,0,0,145
11/20/2019,MSN,WI,AGL,CE,Combined TRACON& Tower with Radar,90,27,70,6,193,0,0,12,8,20,90,27,82,14,213,84,0,84,297
11/21/2019,MSN,WI,AGL,CE,Combined TRACON& Tower with Radar,89,21,37,2,149,0,0,2,8,10,89,21,39,10,159,2,0,2,161
11/22/2019,MSN,WI,AGL,CE,Combined TRACON& Tower with Radar,84,33,55,7,179,0,0,100,8,108,84,33,155,15,287,102,0,102,389
11/23/2019,MSN,WI,AGL,CE,Combined TRACON& Tower with Radar,62,12,27,1,102,0,0,108,0,108,62,12,135,1,210,40,0,40,250
11/24/2019,MSN,WI,AGL,CE,Combined TRACON& Tower with Radar,75,21,41,3,140,0,0,126,0,126,75,21,167,3,266,82,0,82,348
11/25/2019,MSN,WI,AGL,CE,Combined TRACON& Tower with Radar,70,25,46,7,148,0,0,64,4,68,70,25,110,11,216,82,0,82,298
11/26/2019,MSN,WI,AGL,CE,Combined TRACON& Tower with Radar,86,26,33,10,155,0,0,34,6,40,86,26,67,16,195,32,10,42,237
11/27/2019,MSN,WI,AGL,CE,Combined TRACON& Tower with Radar,89,27,12,0,128,0,0,0,0,0,89,27,12,0,128,0,0,0,128
11/28/2019,MSN,WI,AGL,CE,Combined TRACON& Tower with Radar,40,7,10,0,57,0,0,6,0,6,40,7,16,0,63,6,0,6,69
11/29/2019,MSN,WI,AGL,CE,Combined TRACON& Tower with Radar,51,13,21,0,85,0,0,0,0,0,51,13,21,0,85,0,0,0,85
11/30/2019,MSN,WI,AGL,CE,Combined TRACON& Tower with Radar,80,20,5,0,105,0,0,0,0,0,80,20,5,0,105,0,0,0,105
12/01/2019,MSN,WI,AGL,CE,Combined TRACON& Tower with Radar,92,27,25,0,144,0,0,0,0,0,92,27,25,0,144,0,0,0,144
12/02/2019,MSN,WI,AGL,CE,Combined TRACON& Tower with Radar,81,24,48,12,165,0,1,80,3,84,81,25,128,15,249,64,12,76,325
12/03/2019,MSN,WI,AGL,CE,Combined TRACON& Tower with Radar,83,28,53,9,173,0,1,64,18,83,83,29,117,27,256,20,2,22,278
12/04/2019,MSN,WI,AGL,CE,Combined TRACON& Tower with Radar,81,24,46,14,165,0,0,58,19,77,81,24,104,33,242,22,0,22,264
12/05/2019,MSN,WI,AGL,CE,Combined TRACON& Tower with Radar,90,28,47,9,174,0,3,79,12,94,90,31,126,21,268,100,4,104,372
12/06/2019,MSN,WI,AGL,CE,Combined TRACON& Tower with Radar,80,24,35,12,151,0,2,62,5,69,80,26,97,17,220,50,0,50,270
12/07/2019,MSN,WI,AGL,CE,Combined TRACON& Tower with Radar,57,16,33,6,112,0,0,97,3,100,57,16,130,9,212,68,0,68,280
12/08/2019,MSN,WI,AGL,CE,Combined TRACON& Tower with Radar,75,18,20,0,113,0,0,34,2,36,75,18,54,2,149,130,0,130,279
12/09/2019,MSN,WI,AGL,CE,Combined TRACON& Tower with Radar,82,25,13,0,120,0,0,1,0,1,82,25,14,0,121,0,0,0,121
12/10/2019,MSN,WI,AGL,CE,Combined TRACON& Tower with Radar,87,19,32,17,155,0,0,35,16,51,87,19,67,33,206,44,0,44,250
12/11/2019,MSN,WI,AGL,CE,Combined TRACON& Tower with Radar,78,33,45,8,164,0,0,50,19,69,78,33,95,27,233,20,0,20,253
12/12/2019,MSN,WI,AGL,CE,Combined TRACON& Tower with Radar,86,16,25,10,137,0,1,12,1,14,86,17,37,11,151,36,0,36,187
12/13/2019,MSN,WI,AGL,CE,Combined TRACON& Tower with Radar,82,21,22,0,125,0,0,0,0,0,82,21,22,0,125,0,0,0,125
12/14/2019,MSN,WI,AGL,CE,Combined TRACON& Tower with Radar,57,19,10,4,90,0,0,1,0,1,57,19,11,4,91,0,0,0,91
12/15/2019,MSN,WI,AGL,CE,Combined TRACON& Tower with Radar,72,13,48,0,133,0,0,97,1,98,72,13,145,1,231,18,0,18,249
12/16/2019,MSN,WI,AGL,CE,Combined TRACON& Tower with Radar,81,18,34,20,153,0,0,64,3,67,81,18,98,23,220,48,12,60,280
12/17/2019,MSN,WI,AGL,CE,Combined TRACON& Tower with Radar,87,38,35,17,177,0,0,22,11,33,87,38,57,28,210,36,0,36,246
12/18/2019,MSN,WI,AGL,CE,Combined TRACON& Tower with Radar,87,31,39,16,173,0,7,78,8,93,87,38,117,24,266,80,16,96,362
12/19/2019,MSN,WI,AGL,CE,Combined TRACON& Tower with Radar,87,26,44,15,172,0,3,59,15,77,87,29,103,30,249,14,4,18,267
12/20/2019,MSN,WI,AGL,CE,Combined TRACON& Tower with Radar,81,27,34,6,148,0,2,60,10,72,81,29,94,16,220,110,0,110,330
12/21/2019,MSN,WI,AGL,CE,Combined TRACON& Tower with Radar,62,25,20,1,108,0,0,89,0,89,62,25,109,1,197,56,0,56,253
12/22/2019,MSN,WI,AGL,CE,Combined TRACON& Tower with Radar,71,24,14,1,110,0,0,84,0,84,71,24,98,1,194,100,0,100,294
12/23/2019,MSN,WI,AGL,CE,Combined TRACON& Tower with Radar,68,29,29,11,137,0,1,71,5,77,68,30,100,16,214,138,0,138,352
12/24/2019,MSN,WI,AGL,CE,Combined TRACON& Tower with Radar,57,22,5,0,84,0,0,9,0,9,57,22,14,0,93,22,0,22,115
12/25/2019,MSN,WI,AGL,CE,Combined TRACON& Tower with Radar,54,15,3,0,72,0,0,17,0,17,54,15,20,0,89,24,0,24,113
12/26/2019,MSN,WI,AGL,CE,Combined TRACON& Tower with Radar,79,30,35,0,144,0,1,14,0,15,79,31,49,0,159,44,0,44,203
12/27/2019,MSN,WI,AGL,CE,Combined TRACON& Tower with Radar,67,33,45,14,159,0,0,58,4,62,67,33,103,18,221,28,0,28,249
12/28/2019,MSN,WI,AGL,CE,Combined TRACON& Tower with Radar,66,32,12,0,110,0,0,4,0,4,66,32,16,0,114,10,0,10,124
12/29/2019,MSN,WI,AGL,CE,Combined TRACON& Tower with Radar,85,23,21,0,129,0,0,2,0,2,85,23,23,0,131,2,0,2,133
12/30/2019,MSN,WI,AGL,CE,Combined TRACON& Tower with Radar,63,29,15,18,125,0,0,0,0,0,63,29,15,18,125,0,0,0,125
12/31/2019,MSN,WI,AGL,CE,Combined TRACON& Tower with Radar,62,27,4,0,93,0,0,14,2,16,62,27,18,2,109,6,0,6,115
01/01/2020,MSN,WI,AGL,CE,Combined TRACON& Tower with Radar,52,14,11,0,77,0,1,66,0,67,52,15,77,0,144,12,0,12,156
01/02/2020,MSN,WI,AGL,CE,Combined TRACON& Tower with Radar,92,29,26,20,167,0,0,76,1,77,92,29,102,21,244,128,0,128,372
01/03/2020,MSN,WI,AGL,CE,Combined TRACON& Tower with Radar,68,36,19,19,142,0,0,27,5,32,68,36,46,24,174,88,0,88,262
01/04/2020,MSN,WI,AGL,CE,Combined TRACON& Tower with Radar,59,32,26,0,117,0,0,35,0,35,59,32,61,0,152,88,0,88,240
01/05/2020,MSN,WI,AGL,CE,Combined TRACON& Tower with Radar,71,29,18,1,119,0,0,15,0,15,71,29,33,1,134,10,0,10,144
01/06/2020,MSN,WI,AGL,CE,Combined TRACON& Tower with Radar,74,30,33,3,140,0,0,63,8,71,74,30,96,11,211,50,6,56,267
01/07/2020,MSN,WI,AGL,CE,Combined TRACON& Tower with Radar,82,27,30,13,152,0,0,28,13,41,82,27,58,26,193,54,0,54,247
01/08/2020,MSN,WI,AGL,CE,Combined TRACON& Tower with Radar,81,28,36,17,162,0,0,55,12,67,81,28,91,29,229,32,0,32,261
01/09/2020,MSN,WI,AGL,CE,Combined TRACON& Tower with Radar,83,37,31,5,156,0,1,2,11,14,83,38,33,16,170,2,4,6,176
01/10/2020,MSN,WI,AGL,CE,Combined TRACON& Tower with Radar,72,26,24,20,142,0,0,45,3,48,72,26,69,23,190,24,0,24,214
01/11/2020,MSN,WI,AGL,CE,Combined TRACON& Tower with Radar,65,12,7,0,84,0,0,0,0,0,65,12,7,0,84,0,0,0,84
01/12/2020,MSN,WI,AGL,CE,Combined TRACON& Tower with Radar,79,19,10,0,108,0,0,25,0,25,79,19,35,0,133,44,0,44,177
01/13/2020,MSN,WI,AGL,CE,Combined TRACON& Tower with Radar,75,24,21,15,135,0,0,2,4,6,75,24,23,19,141,28,0,28,169
01/14/2020,MSN,WI,AGL,CE,Combined TRACON& Tower with Radar,78,31,26,16,151,0,0,0,10,10,78,31,26,26,161,18,0,18,179
01/15/2020,MSN,WI,AGL,CE,Combined TRACON& Tower with Radar,81,36,20,11,148,0,0,0,0,0,81,36,20,11,148,0,0,0,148
01/16/2020,MSN,WI,AGL,CE,Combined TRACON& Tower with Radar,88,33,53,15,189,0,3,71,16,90,88,36,124,31,279,46,0,46,325
01/17/2020,MSN,WI,AGL,CE,Combined TRACON& Tower with Radar,72,20,10,0,102,0,0,14,6,20,72,20,24,6,122,6,0,6,128
01/18/2020,MSN,WI,AGL,CE,Combined TRACON& Tower with Radar,58,8,8,0,74,0,0,0,0,0,58,8,8,0,74,0,0,0,74
01/19/2020,MSN,WI,AGL,CE,Combined TRACON& Tower with Radar,61,16,24,1,102,0,2,39,0,41,61,18,63,1,143,14,0,14,157
01/20/2020,MSN,WI,AGL,CE,Combined TRACON& Tower with Radar,75,29,40,1,145,0,0,54,0,54,75,29,94,1,199,52,0,52,251
01/21/2020,MSN,WI,AGL,CE,Combined TRACON& Tower with Radar,81,29,45,14,169,0,5,60,10,75,81,34,105,24,244,8,0,8,252
01/22/2020,MSN,WI,AGL,CE,Combined TRACON& Tower with Radar,81,23,37,18,159,0,0,17,13,30,81,23,54,31,189,18,0,18,207
01/23/2020,MSN,WI,AGL,CE,Combined TRACON& Tower with Radar,86,35,32,2,155,0,0,0,0,0,86,35,32,2,155,0,0,0,155
01/24/2020,MSN,WI,AGL,CE,Combined TRACON& Tower with Radar,80,37,25,0,142,0,0,0,0,0,80,37,25,0,142,0,0,0,142
01/25/2020,MSN,WI,AGL,CE,Combined TRACON& Tower with Radar,64,13,13,0,90,0,0,0,0,0,64,13,13,0,90,0,0,0,90
01/26/2020,MSN,WI,AGL,CE,Combined TRACON& Tower with Radar,75,22,21,0,118,0,0,0,0,0,75,22,21,0,118,0,0,0,118
01/27/2020,MSN,WI,AGL,CE,Combined TRACON& Tower with Radar,77,31,29,27,164,0,0,1,0,1,77,31,30,27,165,0,0,0,165
01/28/2020,MSN,WI,AGL,CE,Combined TRACON& Tower with Radar,81,22,19,19,141,0,0,1,6,7,81,22,20,25,148,8,0,8,156
01/29/2020,MSN,WI,AGL,CE,Combined TRACON& Tower with Radar,80,32,29,16,157,0,0,12,8,20,80,32,41,24,177,62,0,62,239
01/30/2020,MSN,WI,AGL,CE,Combined TRACON& Tower with Radar,84,39,30,14,167,0,0,21,15,36,84,39,51,29,203,58,0,58,261
01/31/2020,MSN,WI,AGL,CE,Combined TRACON& Tower with Radar,78,29,31,0,138,0,0,2,0,2,78,29,33,0,140,0,10,10,150
02/01/2020,MSN,WI,AGL,CE,Combined TRACON& Tower with Radar,61,5,31,0,97,0,0,20,0,20,61,5,51,0,117,38,0,38,155
02/02/2020,MSN,WI,AGL,CE,Combined TRACON& Tower with Radar,64,22,15,0,101,0,0,67,0,67,64,22,82,0,168,36,0,36,204
02/03/2020,MSN,WI,AGL,CE,Combined TRACON& Tower with Radar,76,26,42,2,146,0,2,60,9,71,76,28,102,11,217,102,0,102,319
02/04/2020,MSN,WI,AGL,CE,Combined TRACON& Tower with Radar,86,30,43,14,173,0,0,50,19,69,86,30,93,33,242,30,0,30,272
02/05/2020,MSN,WI,AGL,CE,Combined TRACON& Tower with Radar,80,30,44,14,168,0,0,68,16,84,80,30,112,30,252,70,0,70,322
02/06/2020,MSN,WI,AGL,CE,Combined TRACON& Tower with Radar,86,28,36,20,170,0,0,59,8,67,86,28,95,28,237,80,0,80,317
02/07/2020,MSN,WI,AGL,CE,Combined TRACON& Tower with Radar,73,31,34,20,158,0,0,72,7,79,73,31,106,27,237,144,2,146,383
02/08/2020,MSN,WI,AGL,CE,Combined TRACON& Tower with Radar,63,11,18,22,114,0,0,65,2,67,63,11,83,24,181,126,2,128,309
02/09/2020,MSN,WI,AGL,CE,Combined TRACON& Tower with Radar,70,20,11,2,103,0,0,0,0,0,70,20,11,2,103,0,0,0,103
02/10/2020,MSN,WI,AGL,CE,Combined TRACON& Tower with Radar,78,31,22,16,147,0,0,46,5,51,78,31,68,21,198,18,2,20,218
02/11/2020,MSN,WI,AGL,CE,Combined TRACON& Tower with Radar,83,32,42,17,174,0,2,36,8,46,83,34,78,25,220,60,0,60,280
02/12/2020,MSN,WI,AGL,CE,Combined TRACON& Tower with Radar,81,38,36,12,167,0,0,34,13,47,81,38,70,25,214,48,4,52,266
02/13/2020,MSN,WI,AGL,CE,Combined TRACON& Tower with Radar,87,37,23,11,158,0,0,4,17,21,87,37,27,28,179,0,0,0,179
02/14/2020,MSN,WI,AGL,CE,Combined TRACON& Tower with Radar,80,27,31,5,143,0,2,20,9,31,80,29,51,14,174,6,0,6,180
02/15/2020,MSN,WI,AGL,CE,Combined TRACON& Tower with Radar,61,8,22,0,91,0,0,18,0,18,61,8,40,0,109,24,0,24,133
02/16/2020,MSN,WI,AGL,CE,Combined TRACON& Tower with Radar,65,21,36,0,122,0,1,99,0,100,65,22,135,0,222,126,0,126,348
02/17/2020,MSN,WI,AGL,CE,Combined TRACON& Tower with Radar,73,24,16,0,113,0,0,5,0,5,73,24,21,0,118,10,0,10,128
02/18/2020,MSN,WI,AGL,CE,Combined TRACON& Tower with Radar,84,24,22,14,144,0,3,17,7,27,84,27,39,21,171,0,0,0,171
02/19/2020,MSN,WI,AGL,CE,Combined TRACON& Tower with Radar,83,20,48,17,168,0,1,44,11,56,83,21,92,28,224,48,0,48,272
02/20/2020,MSN,WI,AGL,CE,Combined TRACON& Tower with Radar,87,33,30,10,160,0,0,49,15,64,87,33,79,25,224,64,0,64,288
02/21/2020,MSN,WI,AGL,CE,Combined TRACON& Tower with Radar,79,35,45,0,159,0,0,52,9,61,79,35,97,9,220,52,0,52,272
02/22/2020,MSN,WI,AGL,CE,Combined TRACON& Tower with Radar,67,11,31,0,109,0,0,120,1,121,67,11,151,1,230,138,0,138,368
02/23/2020,MSN,WI,AGL,CE,Combined TRACON& Tower with Radar,83,17,35,0,135,0,2,111,0,113,83,19,146,0,248,44,0,44,292
02/24/2020,MSN,WI,AGL,CE,Combined TRACON& Tower with Radar,79,25,33,10,147,0,0,47,5,52,79,25,80,15,199,50,0,50,249
02/25/2020,MSN,WI,AGL,CE,Combined TRACON& Tower with Radar,85,27,28,18,158,0,0,4,11,15,85,27,32,29,173,10,4,14,187
02/26/2020,MSN,WI,AGL,CE,Combined TRACON& Tower with Radar,85,32,48,15,180,0,0,6,11,17,85,32,54,26,197,0,0,0,197
02/27/2020,MSN,WI,AGL,CE,Combined TRACON& Tower with Radar,89,27,47,19,182,0,2,43,15,60,89,29,90,34,242,56,0,56,298
02/28/2020,MSN,WI,AGL,CE,Combined TRACON& Tower with Radar,80,31,52,7,170,0,1,94,5,100,80,32,146,12,270,38,0,38,308
02/29/2020,MSN,WI,AGL,CE,Combined TRACON& Tower with Radar,64,11,35,0,110,0,1,121,1,123,64,12,156,1,233,136,0,136,369
03/01/2020,MSN,WI,AGL,CE,Combined TRACON& Tower with Radar,83,19,36,0,138,0,0,51,0,51,83,19,87,0,189,36,0,36,225
03/02/2020,MSN,WI,AGL,CE,Combined TRACON& Tower with Radar,78,25,39,2,144,0,0,32,1,33,78,25,71,3,177,82,0,82,259
03/03/2020,MSN,WI,AGL,CE,Combined TRACON& Tower with Radar,83,34,27,5,149,0,0,8,12,20,83,34,35,17,169,8,6,14,183
03/04/2020,MSN,WI,AGL,CE,Combined TRACON& Tower with Radar,79,27,31,16,153,0,0,61,10,71,79,27,92,26,224,42,0,42,266
03/05/2020,MSN,WI,AGL,CE,Combined TRACON& Tower with Radar,91,23,29,18,161,0,0,6,8,14,91,23,35,26,175,0,6,6,181
03/06/2020,MSN,WI,AGL,CE,Combined TRACON& Tower with Radar,81,24,43,22,170,0,0,69,5,74,81,24,112,27,244,62,4,66,310
03/07/2020,MSN,WI,AGL,CE,Combined TRACON& Tower with Radar,69,11,21,16,117,0,0,63,16,79,69,11,84,32,196,20,0,20,216
03/08/2020,MSN,WI,AGL,CE,Combined TRACON& Tower with Radar,86,18,27,7,138,0,0,27,2,29,86,18,54,9,167,10,0,10,177
03/09/2020,MSN,WI,AGL,CE,Combined TRACON& Tower with Radar,81,24,45,2,152,0,0,0,0,0,81,24,45,2,152,0,0,0,152
03/10/2020,MSN,WI,AGL,CE,Combined TRACON& Tower with Radar,90,22,33,9,154,0,0,83,7,90,90,22,116,16,244,60,2,62,306
03/11/2020,MSN,WI,AGL,CE,Combined TRACON& Tower with Radar,82,36,46,14,178,0,1,6,5,12,82,37,52,19,190,72,0,72,262
03/12/2020,MSN,WI,AGL,CE,Combined TRACON& Tower with Radar,91,20,30,3,144,0,0,1,3,4,91,20,31,6,148,0,10,10,158
03/13/2020,MSN,WI,AGL,CE,Combined TRACON& Tower with Radar,83,28,37,4,152,0,2,36,5,43,83,30,73,9,195,20,0,20,215
03/14/2020,MSN,WI,AGL,CE,Combined TRACON& Tower with Radar,73,17,24,0,114,0,0,63,0,63,73,17,87,0,177,162,0,162,339
03/15/2020,MSN,WI,AGL,CE,Combined TRACON& Tower with Radar,86,20,31,0,137,0,0,76,2,78,86,20,107,2,215,50,0,50,265
03/16/2020,MSN,WI,AGL,CE,Combined TRACON& Tower with Radar,82,19,15,11,127,0,0,19,4,23,82,19,34,15,150,56,0,56,206
03/17/2020,MSN,WI,AGL,CE,Combined TRACON& Tower with Radar,93,14,37,10,154,0,0,93,12,105,93,14,130,22,259,90,2,92,351
03/18/2020,MSN,WI,AGL,CE,Combined TRACON& Tower with Radar,84,24,19,0,127,0,0,1,0,1,84,24,20,0,128,4,0,4,132
03/19/2020,MSN,WI,AGL,CE,Combined TRACON& Tower with Radar,86,18,18,0,122,0,0,0,0,0,86,18,18,0,122,0,0,0,122
03/20/2020,MSN,WI,AGL,CE,Combined TRACON& Tower with Radar,80,17,20,5,122,0,0,7,3,10,80,17,27,8,132,2,0,2,134
03/21/2020,MSN,WI,AGL,CE,Combined TRACON& Tower with Radar,52,10,35,0,97,0,0,109,0,109,52,10,144,0,206,54,0,54,260
03/22/2020,MSN,WI,AGL,CE,Combined TRACON& Tower with Radar,58,20,17,0,95,0,0,31,0,31,58,20,48,0,126,60,0,60,186
03/23/2020,MSN,WI,AGL,CE,Combined TRACON& Tower with Radar,56,15,28,6,105,0,0,13,4,17,56,15,41,10,122,40,0,40,162
03/24/2020,MSN,WI,AGL,CE,Combined TRACON& Tower with Radar,59,17,9,16,101,0,0,13,8,21,59,17,22,24,122,24,0,24,146
03/25/2020,MSN,WI,AGL,CE,Combined TRACON& Tower with Radar,44,11,10,8,73,0,0,5,0,5,44,11,15,8,78,0,0,0,78
03/26/2020,MSN,WI,AGL,CE,Combined TRACON& Tower with Radar,36,9,4,8,57,0,0,0,0,0,36,9,4,8,57,0,0,0,57
03/27/2020,MSN,WI,AGL,CE,Combined TRACON& Tower with Radar,30,5,21,0,56,0,0,32,0,32,30,5,53,0,88,90,0,90,178
03/28/2020,MSN,WI,AGL,CE,Combined TRACON& Tower with Radar,37,5,4,0,46,0,0,0,0,0,37,5,4,0,46,0,0,0,46
03/29/2020,MSN,WI,AGL,CE,Combined TRACON& Tower with Radar,53,7,6,0,66,0,0,0,0,0,53,7,6,0,66,0,0,0,66
03/30/2020,MSN,WI,AGL,CE,Combined TRACON& Tower with Radar,37,8,8,0,53,0,0,48,4,52,37,8,56,4,105,40,0,40,145
03/31/2020,MSN,WI,AGL,CE,Combined TRACON& Tower with Radar,37,7,6,12,62,0,0,7,7,14,37,7,13,19,76,0,0,0,76
04/01/2020,MSN,WI,AGL,CE,Combined TRACON& Tower with Radar,28,10,9,15,62,0,0,35,12,47,28,10,44,27,109,38,0,38,147
04/02/2020,MSN,WI,AGL,CE,Combined TRACON& Tower with Radar,42,4,11,5,62,0,2,43,7,52,42,6,54,12,114,66,4,70,184
04/03/2020,MSN,WI,AGL,CE,Combined TRACON& Tower with Radar,38,8,9,5,60,0,0,29,2,31,38,8,38,7,91,22,0,22,113
04/04/2020,MSN,WI,AGL,CE,Combined TRACON& Tower with Radar,31,3,9,4,47,0,0,48,2,50,31,3,57,6,97,22,12,34,131
04/05/2020,MSN,WI,AGL,CE,Combined TRACON& Tower with Radar,32,5,13,0,50,0,2,67,0,69,32,7,80,0,119,18,0,18,137
04/06/2020,MSN,WI,AGL,CE,Combined TRACON& Tower with Radar,29,8,26,4,67,0,1,10,1,12,29,9,36,5,79,18,0,18,97
04/07/2020,MSN,WI,AGL,CE,Combined TRACON& Tower with Radar,36,10,21,4,71,0,0,9,1,10,36,10,30,5,81,8,0,8,89
04/08/2020,MSN,WI,AGL,CE,Combined TRACON& Tower with Radar,37,8,15,6,66,0,0,4,0,4,37,8,19,6,70,10,2,12,82
04/09/2020,MSN,WI,AGL,CE,Combined TRACON& Tower with Radar,34,5,5,3,47,0,0,3,3,6,34,5,8,6,53,0,0,0,53
04/10/2020,MSN,WI,AGL,CE,Combined TRACON& Tower with Radar,31,6,25,0,62,0,0,69,0,69,31,6,94,0,131,38,0,38,169
04/11/2020,MSN,WI,AGL,CE,Combined TRACON& Tower with Radar,28,5,12,0,45,0,0,49,0,49,28,5,61,0,94,48,0,48,142
04/12/2020,MSN,WI,AGL,CE,Combined TRACON& Tower with Radar,17,1,24,0,42,0,0,0,0,0,17,1,24,0,42,0,0,0,42
04/13/2020,MSN,WI,AGL,CE,Combined TRACON& Tower with Radar,26,6,0,7,39,0,0,1,1,2,26,6,1,8,41,0,0,0,41
04/14/2020,MSN,WI,AGL,CE,Combined TRACON& Tower with Radar,30,7,5,14,56,0,0,6,7,13,30,7,11,21,69,20,2,22,91
04/15/2020,MSN,WI,AGL,CE,Combined TRACON& Tower with Radar,25,9,8,18,60,0,0,40,6,46,25,9,48,24,106,76,8,84,190
04/16/2020,MSN,WI,AGL,CE,Combined TRACON& Tower with Radar,24,8,21,11,64,0,0,42,9,51,24,8,63,20,115,62,2,64,179
04/17/2020,MSN,WI,AGL,CE,Combined TRACON& Tower with Radar,21,7,10,3,41,0,0,51,1,52,21,7,61,4,93,66,0,66,159
04/18/2020,MSN,WI,AGL,CE,Combined TRACON& Tower with Radar,20,1,9,0,30,0,2,32,0,34,20,3,41,0,64,48,0,48,112
04/19/2020,MSN,WI,AGL,CE,Combined TRACON& Tower with Radar,17,0,11,0,28,0,4,75,0,79,17,4,86,0,107,48,0,48,155
04/20/2020,MSN,WI,AGL,CE,Combined TRACON& Tower with Radar,21,4,12,11,48,0,0,21,0,21,21,4,33,11,69,4,0,4,73
04/21/2020,MSN,WI,AGL,CE,Combined TRACON& Tower with Radar,23,8,13,15,59,0,1,23,16,40,23,9,36,31,99,10,4,14,113
04/22/2020,MSN,WI,AGL,CE,Combined TRACON& Tower with Radar,25,4,7,10,46,0,0,27,2,29,25,4,34,12,75,28,0,28,103
04/23/2020,MSN,WI,AGL,CE,Combined TRACON& Tower with Radar,23,10,36,10,79,0,0,2,0,2,23,10,38,10,81,46,10,56,137
04/24/2020,MSN,WI,AGL,CE,Combined TRACON& Tower with Radar,24,8,33,2,67,0,0,25,0,25,24,8,58,2,92,72,0,72,164
04/25/2020,MSN,WI,AGL,CE,Combined TRACON& Tower with Radar,17,3,14,0,34,0,0,78,0,78,17,3,92,0,112,84,0,84,196
04/26/2020,MSN,WI,AGL,CE,Combined TRACON& Tower with Radar,19,1,24,0,44,0,0,104,2,106,19,1,128,2,150,68,0,68,218
04/27/2020,MSN,WI,AGL,CE,Combined TRACON& Tower with Radar,23,10,22,4,59,0,0,14,7,21,23,10,36,11,80,4,0,4,84
04/28/2020,MSN,WI,AGL,CE,Combined TRACON& Tower with Radar,27,5,14,9,55,0,0,7,3,10,27,5,21,12,65,6,12,18,83
04/29/2020,MSN,WI,AGL,CE,Combined TRACON& Tower with Radar,22,4,5,4,35,0,0,2,8,10,22,4,7,12,45,0,4,4,49
04/30/2020,MSN,WI,AGL,CE,Combined TRACON& Tower with Radar,24,8,9,13,54,0,1,23,9,33,24,9,32,22,87,22,0,22,109
05/01/2020,MSN,WI,AGL,CE,Combined TRACON& Tower with Radar,23,6,24,13,66,0,0,85,3,88,23,6,109,16,154,64,0,64,218
05/02/2020,MSN,WI,AGL,CE,Combined TRACON& Tower with Radar,15,3,16,0,34,0,2,53,4,59,15,5,69,4,93,62,0,62,155
05/03/2020,MSN,WI,AGL,CE,Combined TRACON& Tower with Radar,20,2,5,0,27,0,0,41,0,41,20,2,46,0,68,34,0,34,102
05/04/2020,MSN,WI,AGL,CE,Combined TRACON& Tower with Radar,19,5,28,14,66,0,2,39,6,47,19,7,67,20,113,72,0,72,185
05/05/2020,MSN,WI,AGL,CE,Combined TRACON& Tower with Radar,15,7,15,20,57,0,0,28,8,36,15,7,43,28,93,24,0,24,117
05/06/2020,MSN,WI,AGL,CE,Combined TRACON& Tower with Radar,18,14,31,14,77,0,3,84,9,96,18,17,115,23,173,54,0,54,227
05/07/2020,MSN,WI,AGL,CE,Combined TRACON& Tower with Radar,23,5,21,9,58,0,0,48,7,55,23,5,69,16,113,32,2,34,147
05/08/2020,MSN,WI,AGL,CE,Combined TRACON& Tower with Radar,24,3,11,0,38,0,0,26,0,26,24,3,37,0,64,18,0,18,82
05/09/2020,MSN,WI,AGL,CE,Combined TRACON& Tower with Radar,15,2,18,0,35,0,0,48,0,48,15,2,66,0,83,4,0,4,87
05/10/2020,MSN,WI,AGL,CE,Combined TRACON& Tower with Radar,22,1,0,0,23,0,0,0,0,0,22,1,0,0,23,0,0,0,23
05/11/2020,MSN,WI,AGL,CE,Combined TRACON& Tower with Radar,24,8,11,17,60,0,0,62,3,65,24,8,73,20,125,84,0,84,209
05/12/2020,MSN,WI,AGL,CE,Combined TRACON& Tower with Radar,18,6,17,15,56,0,0,86,11,97,18,6,103,26,153,74,0,74,227
05/13/2020,MSN,WI,AGL,CE,Combined TRACON& Tower with Radar,24,3,17,15,59,0,0,38,9,47,24,3,55,24,106,12,0,12,118
05/14/2020,MSN,WI,AGL,CE,Combined TRACON& Tower with Radar,24,12,19,13,68,0,0,0,4,4,24,12,19,17,72,2,2,4,76
05/15/2020,MSN,WI,AGL,CE,Combined TRACON& Tower with Radar,26,14,26,3,69,0,0,92,0,92,26,14,118,3,161,86,0,86,247
05/16/2020,MSN,WI,AGL,CE,Combined TRACON& Tower with Radar,15,4,22,0,41,0,0,63,0,63,15,4,85,0,104,74,0,74,178
05/17/2020,MSN,WI,AGL,CE,Combined TRACON& Tower with Radar,22,0,10,0,32,0,0,0,0,0,22,0,10,0,32,0,0,0,32
05/18/2020,MSN,WI,AGL,CE,Combined TRACON& Tower with Radar,25,6,10,2,43,0,0,0,0,0,25,6,10,2,43,0,0,0,43
05/19/2020,MSN,WI,AGL,CE,Combined TRACON& Tower with Radar,18,14,34,13,79,0,0,1,4,5,18,14,35,17,84,10,0,10,94
05/20/2020,MSN,WI,AGL,CE,Combined TRACON& Tower with Radar,24,4,17,15,60,0,0,74,14,88,24,4,91,29,148,48,0,48,196
05/21/2020,MSN,WI,AGL,CE,Combined TRACON& Tower with Radar,23,6,38,17,84,0,0,63,12,75,23,6,101,29,159,127,4,131,290
05/22/2020,MSN,WI,AGL,CE,Combined TRACON& Tower with Radar,24,9,30,0,63,0,2,25,0,27,24,11,55,0,90,44,0,44,134
05/23/2020,MSN,WI,AGL,CE,Combined TRACON& Tower with Radar,19,7,5,0,31,0,0,18,0,18,19,7,23,0,49,30,0,30,79
05/24/2020,MSN,WI,AGL,CE,Combined TRACON& Tower with Radar,20,5,24,0,49,0,0,59,0,59,20,5,83,0,108,92,0,92,200
05/25/2020,MSN,WI,AGL,CE,Combined TRACON& Tower with Radar,21,6,7,0,34,0,0,31,0,31,21,6,38,0,65,56,0,56,121
05/26/2020,MSN,WI,AGL,CE,Combined TRACON& Tower with Radar,17,5,12,12,46,0,0,39,15,54,17,5,51,27,100,56,0,56,156
05/27/2020,MSN,WI,AGL,CE,Combined TRACON& Tower with Radar,24,4,25,11,64,0,0,50,16,66,24,4,75,27,130,60,6,66,196
05/28/2020,MSN,WI,AGL,CE,Combined TRACON& Tower with Radar,24,9,16,2,51,0,0,1,8,9,24,9,17,10,60,18,0,18,78
05/29/2020,MSN,WI,AGL,CE,Combined TRACON& Tower with Radar,24,7,21,0,52,0,0,80,3,83,24,7,101,3,135,124,0,124,259
05/30/2020,MSN,WI,AGL,CE,Combined TRACON& Tower with Radar,17,4,22,0,43,0,0,91,1,92,17,4,113,1,135,98,0,98,233
05/31/2020,MSN,WI,AGL,CE,Combined TRACON& Tower with Radar,20,6,24,0,50,0,0,113,3,116,20,6,137,3,166,46,0,46,212
06/01/2020,MSN,WI,AGL,CE,Combined TRACON& Tower with Radar,25,9,19,13,66,0,0,19,9,28,25,9,38,22,94,14,0,14,108
06/02/2020,MSN,WI,AGL,CE,Combined TRACON& Tower with Radar,20,15,7,15,57,0,0,67,12,79,20,15,74,27,136,24,0,24,160
06/03/2020,MSN,WI,AGL,CE,Combined TRACON& Tower with Radar,24,19,19,10,72,0,0,61,8,69,24,19,80,18,141,40,14,54,195
06/04/2020,MSN,WI,AGL,CE,Combined TRACON& Tower with Radar,23,8,23,11,65,0,0,76,18,94,23,8,99,29,159,110,0,110,269
06/05/2020,MSN,WI,AGL,CE,Combined TRACON& Tower with Radar,23,5,19,2,49,0,2,36,2,40,23,7,55,4,89,60,0,60,149
06/06/2020,MSN,WI,AGL,CE,Combined TRACON& Tower with Radar,18,2,16,0,36,0,1,112,0,113,18,3,128,0,149,92,0,92,241
06/07/2020,MSN,WI,AGL,CE,Combined TRACON& Tower with Radar,18,3,21,0,42,0,1,86,4,91,18,4,107,4,133,32,0,32,165
06/08/2020,MSN,WI,AGL,CE,Combined TRACON& Tower with Radar,27,11,16,14,68,0,0,48,12,60,27,11,64,26,128,38,0,38,166
06/09/2020,MSN,WI,AGL,CE,Combined TRACON& Tower with Radar,22,5,17,11,55,0,0,24,5,29,22,5,41,16,84,10,0,10,94
06/10/2020,MSN,WI,AGL,CE,Combined TRACON& Tower with Radar,24,9,16,15,64,0,0,13,13,26,24,9,29,28,90,16,0,16,106
06/11/2020,MSN,WI,AGL,CE,Combined TRACON& Tower with Radar,23,13,39,17,92,0,0,77,12,89,23,13,116,29,181,10,0,10,191
06/12/2020,MSN,WI,AGL,CE,Combined TRACON& Tower with Radar,26,4,41,2,73,0,0,57,0,57,26,4,98,2,130,80,0,80,210
06/13/2020,MSN,WI,AGL,CE,Combined TRACON& Tower with Radar,19,3,30,0,52,0,0,100,0,100,19,3,130,0,152,16,0,16,168
06/14/2020,MSN,WI,AGL,CE,Combined TRACON& Tower with Radar,20,3,35,1,59,0,0,85,1,86,20,3,120,2,145,36,0,36,181
06/15/2020,MSN,WI,AGL,CE,Combined TRACON& Tower with Radar,25,9,23,5,62,0,0,63,8,71,25,9,86,13,133,62,0,62,195
06/16/2020,MSN,WI,AGL,CE,Combined TRACON& Tower with Radar,23,8,31,12,74,0,0,73,13,86,23,8,104,25,160,66,2,68,228
06/17/2020,MSN,WI,AGL,CE,Combined TRACON& Tower with Radar,28,7,30,6,71,0,0,74,21,95,28,7,104,27,166,58,0,58,224
06/18/2020,MSN,WI,AGL,CE,Combined TRACON& Tower with Radar,27,9,38,12,86,0,0,73,3,76,27,9,111,15,162,52,0,52,214
06/19/2020,MSN,WI,AGL,CE,Combined TRACON& Tower with Radar,27,7,26,12,72,0,2,34,3,39,27,9,60,15,111,42,0,42,153
06/20/2020,MSN,WI,AGL,CE,Combined TRACON& Tower with Radar,23,10,5,5,43,0,0,5,0,5,23,10,10,5,48,0,0,0,48
06/21/2020,MSN,WI,AGL,CE,Combined TRACON& Tower with Radar,24,7,12,0,43,0,0,67,0,67,24,7,79,0,110,28,0,28,138
06/22/2020,MSN,WI,AGL,CE,Combined TRACON& Tower with Radar,29,8,15,0,52,0,0,1,2,3,29,8,16,2,55,6,0,6,61
06/23/2020,MSN,WI,AGL,CE,Combined TRACON& Tower with Radar,22,10,34,20,86,0,0,36,13,49,22,10,70,33,135,38,2,40,175
06/24/2020,MSN,WI,AGL,CE,Combined TRACON& Tower with Radar,27,5,18,18,68,0,0,47,8,55,27,5,65,26,123,16,0,16,139
06/25/2020,MSN,WI,AGL,CE,Combined TRACON& Tower with Radar,28,7,62,16,113,0,0,115,16,131,28,7,177,32,244,88,0,88,332
06/26/2020,MSN,WI,AGL,CE,Combined TRACON& Tower with Radar,26,5,11,0,42,0,0,5,0,5,26,5,16,0,47,6,0,6,53
06/27/2020,MSN,WI,AGL,CE,Combined TRACON& Tower with Radar,23,7,20,0,50,0,0,101,0,101,23,7,121,0,151,84,0,84,235
06/28/2020,MSN,WI,AGL,CE,Combined TRACON& Tower with Radar,24,8,24,0,56,0,0,46,1,47,24,8,70,1,103,74,0,74,177
06/29/2020,MSN,WI,AGL,CE,Combined TRACON& Tower with Radar,29,11,20,16,76,0,0,30,4,34,29,11,50,20,110,8,0,8,118
06/30/2020,MSN,WI,AGL,CE,Combined TRACON& Tower with Radar,23,10,35,19,87,0,0,58,18,76,23,10,93,37,163,38,0,38,201
07/01/2020,MSN,WI,AGL,CE,Combined TRACON& Tower with Radar,29,9,25,5,68,0,1,62,1,64,29,10,87,6,132,70,0,70,202
07/02/2020,MSN,WI,AGL,CE,Combined TRACON& Tower with Radar,36,6,29,0,71,0,0,64,0,64,36,6,93,0,135,60,0,60,195
07/03/2020,MSN,WI,AGL,CE,Combined TRACON& Tower with Radar,34,6,21,0,61,0,0,68,0,68,34,6,89,0,129,18,0,18,147
07/04/2020,MSN,WI,AGL,CE,Combined TRACON& Tower with Radar,28,5,14,0,47,0,0,66,0,66,28,5,80,0,113,56,0,56,169
07/05/2020,MSN,WI,AGL,CE,Combined TRACON& Tower with Radar,34,5,14,0,53,0,0,57,0,57,34,5,71,0,110,56,0,56,166
07/06/2020,MSN,WI,AGL,CE,Combined TRACON& Tower with Radar,37,12,29,14,92,0,0,48,2,50,37,12,77,16,142,16,0,16,158
07/07/2020,MSN,WI,AGL,CE,Combined TRACON& Tower with Radar,35,10,24,15,84,0,0,41,6,47,35,10,65,21,131,40,0,40,171
07/08/2020,MSN,WI,AGL,CE,Combined TRACON& Tower with Radar,40,16,36,13,105,0,0,58,13,71,40,16,94,26,176,60,0,60,236
07/09/2020,MSN,WI,AGL,CE,Combined TRACON& Tower with Radar,46,10,28,18,102,0,0,27,6,33,46,10,55,24,135,6,0,6,141
07/10/2020,MSN,WI,AGL,CE,Combined TRACON& Tower with Radar,45,12,24,0,81,0,1,68,0,69,45,13,92,0,150,24,0,24,174
07/11/2020,MSN,WI,AGL,CE,Combined TRACON& Tower with Radar,41,6,19,0,66,0,0,58,0,58,41,6,77,0,124,114,0,114,238
07/12/2020,MSN,WI,AGL,CE,Combined TRACON& Tower with Radar,40,6,30,0,76,0,0,77,18,95,40,6,107,18,171,130,0,130,301
07/13/2020,MSN,WI,AGL,CE,Combined TRACON& Tower with Radar,45,4,33,15,97,0,0,79,1,80,45,4,112,16,177,50,1,51,228
07/14/2020,MSN,WI,AGL,CE,Combined TRACON& Tower with Radar,35,5,22,16,78,0,0,57,1,58,35,5,79,17,136,42,0,42,178
07/15/2020,MSN,WI,AGL,CE,Combined TRACON& Tower with Radar,41,4,12,7,64,0,0,2,0,2,41,4,14,7,66,0,0,0,66
07/16/2020,MSN,WI,AGL,CE,Combined TRACON& Tower with Radar,45,8,46,15,114,0,0,94,0,94,45,8,140,15,208,126,0,126,334
07/17/2020,MSN,WI,AGL,CE,Combined TRACON& Tower with Radar,46,11,59,3,119,0,0,94,3,97,46,11,153,6,216,82,0,82,298
07/18/2020,MSN,WI,AGL,CE,Combined TRACON& Tower with Radar,44,5,16,1,66,0,0,20,0,20,44,5,36,1,86,12,0,12,98
07/19/2020,MSN,WI,AGL,CE,Combined TRACON& Tower with Radar,43,5,44,3,95,0,2,83,0,85,43,7,127,3,180,44,0,44,224
07/20/2020,MSN,WI,AGL,CE,Combined TRACON& Tower with Radar,44,12,36,16,108,0,0,70,8,78,44,12,106,24,186,50,0,50,236
07/21/2020,MSN,WI,AGL,CE,Combined TRACON& Tower with Radar,37,12,23,26,98,0,0,25,16,41,37,12,48,42,139,52,8,60,199
07/22/2020,MSN,WI,AGL,CE,Combined TRACON& Tower with Radar,43,7,47,22,119,0,0,69,16,85,43,7,116,38,204,68,2,70,274
07/23/2020,MSN,WI,AGL,CE,Combined TRACON& Tower with Radar,46,5,49,13,113,0,0,47,30,77,46,5,96,43,190,70,0,70,260
07/24/2020,MSN,WI,AGL,CE,Combined TRACON& Tower with Radar,44,9,32,3,88,0,0,70,5,75,44,9,102,8,163,64,0,64,227
07/25/2020,MSN,WI,AGL,CE,Combined TRACON& Tower with Radar,41,3,25,0,69,0,0,90,4,94,41,3,115,4,163,150,0,150,313
07/26/2020,MSN,WI,AGL,CE,Combined TRACON& Tower with Radar,42,3,24,0,69,0,1,48,0,49,42,4,72,0,118,62,0,62,180
07/27/2020,MSN,WI,AGL,CE,Combined TRACON& Tower with Radar,46,11,33,19,109,0,0,50,4,54,46,11,83,23,163,22,2,24,187
07/28/2020,MSN,WI,AGL,CE,Combined TRACON& Tower with Radar,39,10,38,17,104,0,2,72,22,96,39,12,110,39,200,42,0,42,242
07/29/2020,MSN,WI,AGL,CE,Combined TRACON& Tower with Radar,43,8,32,20,103,0,0,97,21,118,43,8,129,41,221,54,0,54,275
07/30/2020,MSN,WI,AGL,CE,Combined TRACON& Tower with Radar,45,11,47,7,110,0,0,94,18,112,45,11,141,25,222,42,0,42,264
07/31/2020,MSN,WI,AGL,CE,Combined TRACON& Tower with Radar,46,6,22,0,74,0,1,85,0,86,46,7,107,0,160,60,0,60,220
08/01/2020,MSN,WI,AGL,CE,Combined TRACON& Tower with Radar,45,13,27,1,86,0,0,114,2,116,45,13,141,3,202,38,0,38,240
08/02/2020,MSN,WI,AGL,CE,Combined TRACON& Tower with Radar,46,5,27,0,78,0,0,32,0,32,46,5,59,0,110,6,0,6,116
08/03/2020,MSN,WI,AGL,CE,Combined TRACON& Tower with Radar,54,7,44,14,119,0,0,16,5,21,54,7,60,19,140,42,0,42,182
08/04/2020,MSN,WI,AGL,CE,Combined TRACON& Tower with Radar,48,8,39,18,113,0,0,77,14,91,48,8,116,32,204,132,0,132,336
08/05/2020,MSN,WI,AGL,CE,Combined TRACON& Tower with Radar,55,10,43,21,129,0,2,73,19,94,55,12,116,40,223,60,0,60,283
08/06/2020,MSN,WI,AGL,CE,Combined TRACON& Tower with Radar,55,9,37,8,109,0,2,93,20,115,55,11,130,28,224,50,0,50,274
08/07/2020,MSN,WI,AGL,CE,Combined TRACON& Tower with Radar,54,15,32,3,104,0,4,81,3,88,54,19,113,6,192,66,0,66,258
08/08/2020,MSN,WI,AGL,CE,Combined TRACON& Tower with Radar,52,6,19,0,77,0,0,52,4,56,52,6,71,4,133,24,0,24,157
08/09/2020,MSN,WI,AGL,CE,Combined TRACON& Tower with Radar,50,1,22,0,73,0,0,24,0,24,50,1,46,0,97,74,0,74,171
08/10/2020,MSN,WI,AGL,CE,Combined TRACON& Tower with Radar,54,7,28,11,100,0,0,1,0,1,54,7,29,11,101,12,0,12,113
08/11/2020,MSN,WI,AGL,CE,Combined TRACON& Tower with Radar,51,15,29,16,111,0,0,119,5,124,51,15,148,21,235,110,0,110,345
08/12/2020,MSN,WI,AGL,CE,Combined TRACON& Tower with Radar,54,7,22,14,97,0,0,79,6,85,54,7,101,20,182,112,0,112,294
08/13/2020,MSN,WI,AGL,CE,Combined TRACON& Tower with Radar,55,9,49,11,124,0,2,72,13,87,55,11,121,24,211,86,0,86,297
08/14/2020,MSN,WI,AGL,CE,Combined TRACON& Tower with Radar,52,12,29,2,95,0,0,77,2,79,52,12,106,4,174,48,0,48,222
08/15/2020,MSN,WI,AGL,CE,Combined TRACON& Tower with Radar,50,8,23,0,81,0,0,27,2,29,50,8,50,2,110,2,0,2,112
08/16/2020,MSN,WI,AGL,CE,Combined TRACON& Tower with Radar,49,8,30,0,87,0,0,88,2,90,49,8,118,2,177,40,0,40,217
08/17/2020,MSN,WI,AGL,CE,Combined TRACON& Tower with Radar,53,15,31,9,108,0,4,43,11,58,53,19,74,20,166,38,0,38,204
08/18/2020,MSN,WI,AGL,CE,Combined TRACON& Tower with Radar,51,15,31,7,104,0,1,76,15,92,51,16,107,22,196,56,0,56,252
08/19/2020,MSN,WI,AGL,CE,Combined TRACON& Tower with Radar,54,8,40,10,112,0,0,74,6,80,54,8,114,16,192,28,0,28,220
08/20/2020,MSN,WI,AGL,CE,Combined TRACON& Tower with Radar,55,8,49,9,121,0,0,84,5,89,55,8,133,14,210,54,0,54,264
08/21/2020,MSN,WI,AGL,CE,Combined TRACON& Tower with Radar,52,10,36,1,99,0,2,80,5,87,52,12,116,6,186,34,0,34,220
08/22/2020,MSN,WI,AGL,CE,Combined TRACON& Tower with Radar,52,10,25,12,99,0,0,78,6,84,52,10,103,18,183,104,0,104,287
08/23/2020,MSN,WI,AGL,CE,Combined TRACON& Tower with Radar,50,9,19,0,78,0,0,81,0,81,50,9,100,0,159,70,0,70,229
08/24/2020,MSN,WI,AGL,CE,Combined TRACON& Tower with Radar,54,13,31,16,114,0,0,62,4,66,54,13,93,20,180,44,0,44,224
08/25/2020,MSN,WI,AGL,CE,Combined TRACON& Tower with Radar,52,12,20,13,97,0,0,49,12,61,52,12,69,25,158,112,2,114,272
08/26/2020,MSN,WI,AGL,CE,Combined TRACON& Tower with Radar,52,27,29,16,124,0,0,66,14,80,52,27,95,30,204,70,0,70,274
08/27/2020,MSN,WI,AGL,CE,Combined TRACON& Tower with Radar,60,14,38,17,129,0,0,41,10,51,60,14,79,27,180,28,0,28,208
08/28/2020,MSN,WI,AGL,CE,Combined TRACON& Tower with Radar,55,14,15,0,84,0,0,17,0,17,55,14,32,0,101,18,0,18,119
08/29/2020,MSN,WI,AGL,CE,Combined TRACON& Tower with Radar,50,5,45,0,100,0,0,90,0,90,50,5,135,0,190,48,0,48,238
08/30/2020,MSN,WI,AGL,CE,Combined TRACON& Tower with Radar,46,7,37,0,90,0,0,100,4,104,46,7,137,4,194,26,0,26,220
08/31/2020,MSN,WI,AGL,CE,Combined TRACON& Tower with Radar,53,11,27,0,91,0,0,15,0,15,53,11,42,0,106,44,0,44,150
09/01/2020,MSN,WI,AGL,CE,Combined TRACON& Tower with Radar,47,11,20,7,85,0,0,42,12,54,47,11,62,19,139,50,0,50,189
09/02/2020,MSN,WI,AGL,CE,Combined TRACON& Tower with Radar,48,7,37,18,110,0,2,67,10,79,48,9,104,28,189,48,0,48,237
09/03/2020,MSN,WI,AGL,CE,Combined TRACON& Tower with Radar,55,11,29,11,106,0,2,10,12,24,55,13,39,23,130,2,0,2,132
09/04/2020,MSN,WI,AGL,CE,Combined TRACON& Tower with Radar,54,6,46,1,107,0,3,72,1,76,54,9,118,2,183,102,0,102,285
09/05/2020,MSN,WI,AGL,CE,Combined TRACON& Tower with Radar,41,10,29,0,80,0,6,97,0,103,41,16,126,0,183,42,0,42,225
09/06/2020,MSN,WI,AGL,CE,Combined TRACON& Tower with Radar,44,9,5,0,58,0,0,8,0,8,44,9,13,0,66,4,0,4,70
09/07/2020,MSN,WI,AGL,CE,Combined TRACON& Tower with Radar,46,8,29,0,83,0,2,70,0,72,46,10,99,0,155,44,0,44,199
09/08/2020,MSN,WI,AGL,CE,Combined TRACON& Tower with Radar,47,9,20,10,86,0,0,6,0,6,47,9,26,10,92,2,0,2,94
09/09/2020,MSN,WI,AGL,CE,Combined TRACON& Tower with Radar,45,9,36,14,104,0,0,0,0,0,45,9,36,14,104,0,0,0,104
09/10/2020,MSN,WI,AGL,CE,Combined TRACON& Tower with Radar,49,16,49,22,136,0,0,0,0,0,49,16,49,22,136,0,2,2,138
09/11/2020,MSN,WI,AGL,CE,Combined TRACON& Tower with Radar,49,14,33,18,114,0,0,17,0,17,49,14,50,18,131,78,0,78,209
09/12/2020,MSN,WI,AGL,CE,Combined TRACON& Tower with Radar,42,6,34,1,83,0,0,0,0,0,42,6,34,1,83,0,0,0,83
09/13/2020,MSN,WI,AGL,CE,Combined TRACON& Tower with Radar,45,6,32,2,85,0,0,50,0,50,45,6,82,2,135,34,4,38,173
09/14/2020,MSN,WI,AGL,CE,Combined TRACON& Tower with Radar,45,7,51,18,121,0,0,43,9,52,45,7,94,27,173,32,0,32,205
09/15/2020,MSN,WI,AGL,CE,Combined TRACON& Tower with Radar,46,9,31,14,100,0,0,58,17,75,46,9,89,31,175,54,0,54,229
09/16/2020,MSN,WI,AGL,CE,Combined TRACON& Tower with Radar,44,10,30,21,105,0,0,48,11,59,44,10,78,32,164,136,0,136,300
09/17/2020,MSN,WI,AGL,CE,Combined TRACON& Tower with Radar,50,16,39,11,116,0,2,65,14,81,50,18,104,25,197,70,0,70,267
09/18/2020,MSN,WI,AGL,CE,Combined TRACON& Tower with Radar,49,15,43,0,107,0,0,66,2,68,49,15,109,2,175,68,0,68,243
09/19/2020,MSN,WI,AGL,CE,Combined TRACON& Tower with Radar,43,9,23,0,75,0,4,88,0,92,43,13,111,0,167,42,0,42,209
09/20/2020,MSN,WI,AGL,CE,Combined TRACON& Tower with Radar,46,15,37,2,100,0,0,60,0,60,46,15,97,2,160,26,0,26,186
09/21/2020,MSN,WI,AGL,CE,Combined TRACON& Tower with Radar,45,9,29,15,98,0,4,42,6,52,45,13,71,21,150,26,0,26,176
09/22/2020,MSN,WI,AGL,CE,Combined TRACON& Tower with Radar,44,17,19,14,94,0,0,59,9,68,44,17,78,23,162,50,0,50,212
09/23/2020,MSN,WI,AGL,CE,Combined TRACON& Tower with Radar,43,13,45,18,119,0,3,90,9,102,43,16,135,27,221,104,0,104,325
09/24/2020,MSN,WI,AGL,CE,Combined TRACON& Tower with Radar,50,11,43,23,127,0,2,47,9,58,50,13,90,32,185,48,0,48,233
09/25/2020,MSN,WI,AGL,CE,Combined TRACON& Tower with Radar,49,16,46,2,113,0,1,55,6,62,49,17,101,8,175,26,0,26,201
09/26/2020,MSN,WI,AGL,CE,Combined TRACON& Tower with Radar,44,5,19,2,70,0,0,54,0,54,44,5,73,2,124,46,0,46,170
09/27/2020,MSN,WI,AGL,CE,Combined TRACON& Tower with Radar,46,12,20,0,78,0,0,28,0,28,46,12,48,0,106,10,0,10,116
09/28/2020,MSN,WI,AGL,CE,Combined TRACON& Tower with Radar,47,13,25,7,92,0,0,4,1,5,47,13,29,8,97,8,2,10,107
09/29/2020,MSN,WI,AGL,CE,Combined TRACON& Tower with Radar,45,12,30,17,104,0,0,38,11,49,45,12,68,28,153,38,0,38,191
09/30/2020,MSN,WI,AGL,CE,Combined TRACON& Tower with Radar,46,10,20,5,81,0,0,16,10,26,46,10,36,15,107,6,0,6,113
10/01/2020,MSN,WI,AGL,CE,Combined TRACON& Tower with Radar,52,12,37,17,118,0,0,11,11,22,52,12,48,28,140,16,2,18,158
10/02/2020,MSN,WI,AGL,CE,Combined TRACON& Tower with Radar,49,9,47,12,117,0,1,110,0,111,49,10,157,12,228,88,0,88,316
10/03/2020,MSN,WI,AGL,CE,Combined TRACON& Tower with Radar,41,7,26,13,87,0,0,40,1,41,41,7,66,14,128,30,0,30,158
10/04/2020,MSN,WI,AGL,CE,Combined TRACON& Tower with Radar,48,11,40,1,100,0,0,84,2,86,48,11,124,3,186,72,0,72,258
10/05/2020,MSN,WI,AGL,CE,Combined TRACON& Tower with Radar,45,9,24,12,90,0,0,31,9,40,45,9,55,21,130,26,0,26,156
10/06/2020,MSN,WI,AGL,CE,Combined TRACON& Tower with Radar,44,12,43,15,114,0,1,64,12,77,44,13,107,27,191,46,0,46,237
10/07/2020,MSN,WI,AGL,CE,Combined TRACON& Tower with Radar,39,11,40,15,105,0,1,77,14,92,39,12,117,29,197,48,0,48,245
10/08/2020,MSN,WI,AGL,CE,Combined TRACON& Tower with Radar,48,21,38,8,115,0,1,109,12,122,48,22,147,20,237,40,0,40,277
10/09/2020,MSN,WI,AGL,CE,Combined TRACON& Tower with Radar,47,11,26,2,86,0,0,27,0,27,47,11,53,2,113,26,0,26,139
10/10/2020,MSN,WI,AGL,CE,Combined TRACON& Tower with Radar,37,6,25,0,68,0,0,140,1,141,37,6,165,1,209,36,0,36,245
10/11/2020,MSN,WI,AGL,CE,Combined TRACON& Tower with Radar,44,14,35,1,94,0,0,24,1,25,44,14,59,2,119,2,0,2,121
10/12/2020,MSN,WI,AGL,CE,Combined TRACON& Tower with Radar,47,15,12,0,74,0,0,11,0,11,47,15,23,0,85,14,0,14,99
10/13/2020,MSN,WI,AGL,CE,Combined TRACON& Tower with Radar,41,11,22,11,85,0,0,17,10,27,41,11,39,21,112,20,0,20,132
10/14/2020,MSN,WI,AGL,CE,Combined TRACON& Tower with Radar,37,10,21,17,85,0,0,11,12,23,37,10,32,29,108,32,2,34,142
10/15/2020,MSN,WI,AGL,CE,Combined TRACON& Tower with Radar,46,14,28,13,101,0,0,51,12,63,46,14,79,25,164,92,0,92,256
10/16/2020,MSN,WI,AGL,CE,Combined TRACON& Tower with Radar,44,12,42,7,105,0,0,65,5,70,44,12,107,12,175,28,0,28,203
10/17/2020,MSN,WI,AGL,CE,Combined TRACON& Tower with Radar,37,8,10,0,55,0,0,7,2,9,37,8,17,2,64,0,0,0,64
10/18/2020,MSN,WI,AGL,CE,Combined TRACON& Tower with Radar,43,16,21,0,80,0,2,55,0,57,43,18,76,0,137,100,0,100,237
10/19/2020,MSN,WI,AGL,CE,Combined TRACON& Tower with Radar,47,14,37,8,106,0,0,37,5,42,47,14,74,13,148,56,0,56,204
10/20/2020,MSN,WI,AGL,CE,Combined TRACON& Tower with Radar,44,16,29,15,104,0,0,35,9,44,44,16,64,24,148,12,0,12,160
10/21/2020,MSN,WI,AGL,CE,Combined TRACON& Tower with Radar,40,9,28,13,90,0,1,44,9,54,40,10,72,22,144,130,0,130,274
10/22/2020,MSN,WI,AGL,CE,Combined TRACON& Tower with Radar,46,21,20,0,87,0,0,0,0,0,46,21,20,0,87,0,0,0,87
10/23/2020,MSN,WI,AGL,CE,Combined TRACON& Tower with Radar,44,20,33,0,97,0,1,2,0,3,44,21,35,0,100,0,0,0,100
10/24/2020,MSN,WI,AGL,CE,Combined TRACON& Tower with Radar,33,11,14,0,58,0,0,98,0,98,33,11,112,0,156,100,0,100,256
10/25/2020,MSN,WI,AGL,CE,Combined TRACON& Tower with Radar,39,5,23,0,67,0,0,27,0,27,39,5,50,0,94,14,0,14,108
10/26/2020,MSN,WI,AGL,CE,Combined TRACON& Tower with Radar,42,15,26,15,98,0,0,16,3,19,42,15,42,18,117,30,0,30,147
10/27/2020,MSN,WI,AGL,CE,Combined TRACON& Tower with Radar,40,16,30,17,103,0,6,93,11,110,40,22,123,28,213,62,6,68,281
10/28/2020,MSN,WI,AGL,CE,Combined TRACON& Tower with Radar,38,15,26,21,100,0,0,74,8,82,38,15,100,29,182,60,0,60,242
10/29/2020,MSN,WI,AGL,CE,Combined TRACON& Tower with Radar,43,15,22,10,90,0,0,15,15,30,43,15,37,25,120,70,0,70,190
10/30/2020,MSN,WI,AGL,CE,Combined TRACON& Tower with Radar,41,16,34,8,99,0,4,108,3,115,41,20,142,11,214,68,2,70,284
10/31/2020,MSN,WI,AGL,CE,Combined TRACON& Tower with Radar,32,4,17,0,53,0,0,22,3,25,32,4,39,3,78,26,0,26,104
11/01/2020,MSN,WI,AGL,CE,Combined TRACON& Tower with Radar,39,8,17,0,64,0,0,12,0,12,39,8,29,0,76,0,0,0,76
11/02/2020,MSN,WI,AGL,CE,Combined TRACON& Tower with Radar,42,22,19,2,85,0,2,25,1,28,42,24,44,3,113,28,0,28,141
11/03/2020,MSN,WI,AGL,CE,Combined TRACON& Tower with Radar,37,6,33,17,93,0,1,87,10,98,37,7,120,27,191,48,0,48,239
11/04/2020,MSN,WI,AGL,CE,Combined TRACON& Tower with Radar,37,11,25,16,89,0,0,73,6,79,37,11,98,22,168,84,0,84,252
11/05/2020,MSN,WI,AGL,CE,Combined TRACON& Tower with Radar,46,10,31,15,102,0,1,97,10,108,46,11,128,25,210,60,0,60,270
11/06/2020,MSN,WI,AGL,CE,Combined TRACON& Tower with Radar,42,11,25,2,80,0,0,81,2,83,42,11,106,4,163,88,0,88,251
11/07/2020,MSN,WI,AGL,CE,Combined TRACON& Tower with Radar,39,5,33,4,81,0,0,66,15,81,39,5,99,19,162,40,0,40,202
11/08/2020,MSN,WI,AGL,CE,Combined TRACON& Tower with Radar,46,5,21,2,74,0,0,74,0,74,46,5,95,2,148,18,0,18,166
11/09/2020,MSN,WI,AGL,CE,Combined TRACON& Tower with Radar,45,20,12,14,91,0,0,14,2,16,45,20,26,16,107,8,0,8,115
11/10/2020,MSN,WI,AGL,CE,Combined TRACON& Tower with Radar,44,15,31,0,90,0,0,0,0,0,44,15,31,0,90,0,0,0,90
11/11/2020,MSN,WI,AGL,CE,Combined TRACON& Tower with Radar,42,13,40,0,95,0,0,87,0,87,42,13,127,0,182,84,0,84,266
11/12/2020,MSN,WI,AGL,CE,Combined TRACON& Tower with Radar,52,12,20,8,92,0,0,78,10,88,52,12,98,18,180,24,2,26,206
11/13/2020,MSN,WI,AGL,CE,Combined TRACON& Tower with Radar,51,18,24,4,97,0,5,57,0,62,51,23,81,4,159,32,0,32,191
11/14/2020,MSN,WI,AGL,CE,Combined TRACON& Tower with Radar,41,9,27,0,77,0,0,19,0,19,41,9,46,0,96,6,0,6,102
11/15/2020,MSN,WI,AGL,CE,Combined TRACON& Tower with Radar,50,8,8,0,66,0,0,0,0,0,50,8,8,0,66,0,0,0,66
11/16/2020,MSN,WI,AGL,CE,Combined TRACON& Tower with Radar,50,14,13,15,92,0,0,29,8,37,50,14,42,23,129,50,0,50,179
11/17/2020,MSN,WI,AGL,CE,Combined TRACON& Tower with Radar,40,6,38,18,102,0,0,82,11,93,40,6,120,29,195,54,0,54,249
11/18/2020,MSN,WI,AGL,CE,Combined TRACON& Tower with Radar,42,19,24,16,101,0,0,30,9,39,42,19,54,25,140,10,0,10,150
11/19/2020,MSN,WI,AGL,CE,Combined TRACON& Tower with Radar,52,13,31,13,109,0,0,21,12,33,52,13,52,25,142,38,2,40,182
11/20/2020,MSN,WI,AGL,CE,Combined TRACON& Tower with Radar,52,11,30,0,93,0,0,62,0,62,52,11,92,0,155,32,0,32,187
11/21/2020,MSN,WI,AGL,CE,Combined TRACON& Tower with Radar,45,8,24,0,77,0,0,84,0,84,45,8,108,0,161,94,0,94,255
11/22/2020,MSN,WI,AGL,CE,Combined TRACON& Tower with Radar,49,14,20,0,83,0,0,69,0,69,49,14,89,0,152,42,0,42,194
11/23/2020,MSN,WI,AGL,CE,Combined TRACON& Tower with Radar,34,22,27,15,98,0,4,64,5,73,34,26,91,20,171,46,0,46,217
11/24/2020,MSN,WI,AGL,CE,Combined TRACON& Tower with Radar,46,30,21,0,97,0,0,0,0,0,46,30,21,0,97,0,0,0,97
11/25/2020,MSN,WI,AGL,CE,Combined TRACON& Tower with Radar,54,12,25,0,91,0,0,0,0,0,54,12,25,0,91,0,0,0,91
11/26/2020,MSN,WI,AGL,CE,Combined TRACON& Tower with Radar,31,2,7,0,40,0,0,3,0,3,31,2,10,0,43,10,0,10,53
11/27/2020,MSN,WI,AGL,CE,Combined TRACON& Tower with Radar,39,4,24,0,67,0,2,45,0,47,39,6,69,0,114,16,0,16,130
11/28/2020,MSN,WI,AGL,CE,Combined TRACON& Tower with Radar,54,22,47,0,123,0,0,87,0,87,54,22,134,0,210,76,0,76,286
11/29/2020,MSN,WI,AGL,CE,Combined TRACON& Tower with Radar,55,13,22,0,90,0,0,47,0,47,55,13,69,0,137,60,0,60,197
11/30/2020,MSN,WI,AGL,CE,Combined TRACON& Tower with Radar,54,17,21,16,108,0,0,19,3,22,54,17,40,19,130,12,0,12,142
12/01/2020,MSN,WI,AGL,CE,Combined TRACON& Tower with Radar,49,15,25,17,106,0,5,69,16,90,49,20,94,33,196,76,0,76,272
12/02/2020,MSN,WI,AGL,CE,Combined TRACON& Tower with Radar,41,17,35,16,109,0,1,77,11,89,41,18,112,27,198,106,0,106,304
12/03/2020,MSN,WI,AGL,CE,Combined TRACON& Tower with Radar,40,17,23,14,94,0,0,36,13,49,40,17,59,27,143,24,6,30,173
12/04/2020,MSN,WI,AGL,CE,Combined TRACON& Tower with Radar,40,17,34,12,103,0,2,78,2,82,40,19,112,14,185,18,0,18,203
12/05/2020,MSN,WI,AGL,CE,Combined TRACON& Tower with Radar,33,6,28,11,78,0,0,100,6,106,33,6,128,17,184,60,0,60,244
12/06/2020,MSN,WI,AGL,CE,Combined TRACON& Tower with Radar,38,7,37,1,83,0,0,51,0,51,38,7,88,1,134,42,0,42,176
12/07/2020,MSN,WI,AGL,CE,Combined TRACON& Tower with Radar,40,17,15,15,87,0,0,15,2,17,40,17,30,17,104,28,0,28,132
12/08/2020,MSN,WI,AGL,CE,Combined TRACON& Tower with Radar,38,6,12,24,80,0,0,0,1,1,38,6,12,25,81,0,0,0,81
12/09/2020,MSN,WI,AGL,CE,Combined TRACON& Tower with Radar,37,15,30,11,93,0,0,71,14,85,37,15,101,25,178,58,0,58,236
12/10/2020,MSN,WI,AGL,CE,Combined TRACON& Tower with Radar,43,13,35,5,96,0,0,90,14,104,43,13,125,19,200,88,2,90,290
12/11/2020,MSN,WI,AGL,CE,Combined TRACON& Tower with Radar,42,17,16,6,81,0,0,0,0,0,42,17,16,6,81,0,0,0,81
12/12/2020,MSN,WI,AGL,CE,Combined TRACON& Tower with Radar,29,8,5,2,44,0,0,0,0,0,29,8,5,2,44,0,0,0,44
12/13/2020,MSN,WI,AGL,CE,Combined TRACON& Tower with Radar,39,10,21,0,70,0,0,3,0,3,39,10,24,0,73,0,0,0,73
12/14/2020,MSN,WI,AGL,CE,Combined TRACON& Tower with Radar,42,13,31,1,87,0,2,40,6,48,42,15,71,7,135,60,0,60,195
12/15/2020,MSN,WI,AGL,CE,Combined TRACON& Tower with Radar,37,11,19,13,80,0,0,39,16,55,37,11,58,29,135,46,0,46,181
12/16/2020,MSN,WI,AGL,CE,Combined TRACON& Tower with Radar,37,10,21,17,85,0,1,34,22,57,37,11,55,39,142,36,0,36,178
12/17/2020,MSN,WI,AGL,CE,Combined TRACON& Tower with Radar,50,15,37,9,111,0,1,65,8,74,50,16,102,17,185,68,0,68,253
12/18/2020,MSN,WI,AGL,CE,Combined TRACON& Tower with Radar,46,19,28,10,103,0,0,36,1,37,46,19,64,11,140,22,0,22,162
12/19/2020,MSN,WI,AGL,CE,Combined TRACON& Tower with Radar,40,12,22,0,74,0,0,0,0,0,40,12,22,0,74,0,0,0,74
12/20/2020,MSN,WI,AGL,CE,Combined TRACON& Tower with Radar,48,15,37,0,100,0,0,8,0,8,48,15,45,0,108,8,0,8,116
12/21/2020,MSN,WI,AGL,CE,Combined TRACON& Tower with Radar,44,16,22,6,88,0,0,18,4,22,44,16,40,10,110,26,0,26,136
12/22/2020,MSN,WI,AGL,CE,Combined TRACON& Tower with Radar,49,20,39,20,128,0,3,86,9,98,49,23,125,29,226,50,0,50,276
12/23/2020,MSN,WI,AGL,CE,Combined TRACON& Tower with Radar,45,12,13,8,78,0,0,7,5,12,45,12,20,13,90,0,0,0,90
12/24/2020,MSN,WI,AGL,CE,Combined TRACON& Tower with Radar,44,7,8,0,59,0,0,1,0,1,44,7,9,0,60,18,0,18,78
12/25/2020,MSN,WI,AGL,CE,Combined TRACON& Tower with Radar,28,5,9,0,42,0,0,21,0,21,28,5,30,0,63,20,0,20,83
12/26/2020,MSN,WI,AGL,CE,Combined TRACON& Tower with Radar,38,21,31,0,90,0,2,73,0,75,38,23,104,0,165,14,0,14,179
12/27/2020,MSN,WI,AGL,CE,Combined TRACON& Tower with Radar,49,11,25,0,85,0,0,2,0,2,49,11,27,0,87,0,0,0,87
12/28/2020,MSN,WI,AGL,CE,Combined TRACON& Tower with Radar,47,18,24,11,100,0,0,75,4,79,47,18,99,15,179,73,0,73,252
12/29/2020,MSN,WI,AGL,CE,Combined TRACON& Tower with Radar,48,20,25,15,108,0,0,47,6,53,48,20,72,21,161,18,0,18,179
12/30/2020,MSN,WI,AGL,CE,Combined TRACON& Tower with Radar,49,19,19,0,87,0,0,0,0,0,49,19,19,0,87,0,0,0,87
12/31/2020,MSN,WI,AGL,CE,Combined TRACON& Tower with Radar,42,18,26,4,90,0,0,4,0,4,42,18,30,4,94,18,0,18,112
01/01/2021,MSN,WI,AGL,CE,Combined TRACON& Tower with Radar,36,10,3,0,49,0,0,0,0,0,36,10,3,0,49,0,0,0,49
01/02/2021,MSN,WI,AGL,CE,Combined TRACON& Tower with Radar,39,15,21,0,75,0,0,0,0,0,39,15,21,0,75,0,0,0,75
01/03/2021,MSN,WI,AGL,CE,Combined TRACON& Tower with Radar,48,24,15,0,87,0,0,0,0,0,48,24,15,0,87,0,0,0,87
01/04/2021,MSN,WI,AGL,CE,Combined TRACON& Tower with Radar,45,15,6,0,66,0,0,0,0,0,45,15,6,0,66,0,0,0,66
01/05/2021,MSN,WI,AGL,CE,Combined TRACON& Tower with Radar,37,9,27,15,88,0,0,27,6,33,37,9,54,21,121,78,0,78,199
01/06/2021,MSN,WI,AGL,CE,Combined TRACON& Tower with Radar,36,19,16,0,71,0,0,0,0,0,36,19,16,0,71,0,0,0,71
01/07/2021,MSN,WI,AGL,CE,Combined TRACON& Tower with Radar,45,19,9,6,79,0,0,3,5,8,45,19,12,11,87,0,0,0,87
01/08/2021,MSN,WI,AGL,CE,Combined TRACON& Tower with Radar,37,25,20,12,94,0,0,8,0,8,37,25,28,12,102,106,2,108,210
01/09/2021,MSN,WI,AGL,CE,Combined TRACON& Tower with Radar,29,12,35,0,76,0,0,25,0,25,29,12,60,0,101,92,0,92,193
01/10/2021,MSN,WI,AGL,CE,Combined TRACON& Tower with Radar,39,14,16,0,69,0,0,0,0,0,39,14,16,0,69,0,0,0,69
01/11/2021,MSN,WI,AGL,CE,Combined TRACON& Tower with Radar,33,16,13,6,68,0,0,2,0,2,33,16,15,6,70,0,2,2,72
01/12/2021,MSN,WI,AGL,CE,Combined TRACON& Tower with Radar,34,19,23,9,85,0,0,37,11,48,34,19,60,20,133,96,2,98,231
01/13/2021,MSN,WI,AGL,CE,Combined TRACON& Tower with Radar,32,16,50,33,131,0,1,84,19,104,32,17,134,52,235,94,0,94,329
01/14/2021,MSN,WI,AGL,CE,Combined TRACON& Tower with Radar,49,17,15,4,85,0,0,9,2,11,49,17,24,6,96,6,0,6,102
01/15/2021,MSN,WI,AGL,CE,Combined TRACON& Tower with Radar,38,16,10,0,64,0,0,1,0,1,38,16,11,0,65,0,0,0,65
01/16/2021,MSN,WI,AGL,CE,Combined TRACON& Tower with Radar,30,14,13,0,57,0,2,10,0,12,30,16,23,0,69,26,0,26,95
01/17/2021,MSN,WI,AGL,CE,Combined TRACON& Tower with Radar,37,18,26,2,83,0,0,2,0,2,37,18,28,2,85,0,0,0,85
01/18/2021,MSN,WI,AGL,CE,Combined TRACON& Tower with Radar,34,19,27,1,81,0,0,13,3,16,34,19,40,4,97,68,0,68,165
01/19/2021,MSN,WI,AGL,CE,Combined TRACON& Tower with Radar,31,12,20,13,76,0,0,9,2,11,31,12,29,15,87,122,0,122,209
01/20/2021,MSN,WI,AGL,CE,Combined TRACON& Tower with Radar,35,21,28,10,94,0,2,45,22,69,35,23,73,32,163,34,0,34,197
01/21/2021,MSN,WI,AGL,CE,Combined TRACON& Tower with Radar,44,23,32,7,106,0,2,33,8,43,44,25,65,15,149,32,0,32,181
01/22/2021,MSN,WI,AGL,CE,Combined TRACON& Tower with Radar,42,21,30,5,98,0,0,87,7,94,42,21,117,12,192,74,2,76,268
01/23/2021,MSN,WI,AGL,CE,Combined TRACON& Tower with Radar,28,12,37,2,79,0,0,96,0,96,28,12,133,2,175,38,0,38,213
01/24/2021,MSN,WI,AGL,CE,Combined TRACON& Tower with Radar,43,13,8,0,64,0,0,0,0,0,43,13,8,0,64,0,0,0,64
01/25/2021,MSN,WI,AGL,CE,Combined TRACON& Tower with Radar,33,21,17,14,85,0,0,21,5,26,33,21,38,19,111,22,0,22,133
01/26/2021,MSN,WI,AGL,CE,Combined TRACON& Tower with Radar,36,12,10,5,63,0,0,0,9,9,36,12,10,14,72,0,0,0,72
01/27/2021,MSN,WI,AGL,CE,Combined TRACON& Tower with Radar,35,17,32,16,100,0,0,61,22,83,35,17,93,38,183,70,0,70,253
01/28/2021,MSN,WI,AGL,CE,Combined TRACON& Tower with Radar,42,11,36,14,103,0,0,71,10,81,42,11,107,24,184,48,0,48,232
01/29/2021,MSN,WI,AGL,CE,Combined TRACON& Tower with Radar,42,15,35,0,92,0,0,82,0,82,42,15,117,0,174,56,0,56,230
01/30/2021,MSN,WI,AGL,CE,Combined TRACON& Tower with Radar,29,12,23,0,64,0,3,35,0,38,29,15,58,0,102,42,0,42,144
01/31/2021,MSN,WI,AGL,CE,Combined TRACON& Tower with Radar,40,12,15,0,67,0,0,0,0,0,40,12,15,0,67,0,0,0,67
02/01/2021,MSN,WI,AGL,CE,Combined TRACON& Tower with Radar,36,20,15,0,71,0,0,30,2,32,36,20,45,2,103,40,0,40,143
02/02/2021,MSN,WI,AGL,CE,Combined TRACON& Tower with Radar,35,15,29,15,94,0,0,49,16,65,35,15,78,31,159,70,0,70,229
02/03/2021,MSN,WI,AGL,CE,Combined TRACON& Tower with Radar,35,16,40,14,105,0,1,71,12,84,35,17,111,26,189,68,0,68,257
02/04/2021,MSN,WI,AGL,CE,Combined TRACON& Tower with Radar,41,13,13,0,67,0,0,0,0,0,41,13,13,0,67,0,0,0,67
02/05/2021,MSN,WI,AGL,CE,Combined TRACON& Tower with Radar,44,13,17,2,76,0,0,5,0,5,44,13,22,2,81,0,0,0,81
02/06/2021,MSN,WI,AGL,CE,Combined TRACON& Tower with Radar,27,18,26,10,81,0,0,16,2,18,27,18,42,12,99,0,0,0,99
02/07/2021,MSN,WI,AGL,CE,Combined TRACON& Tower with Radar,41,11,8,0,60,0,0,7,0,7,41,11,15,0,67,4,0,4,71
02/08/2021,MSN,WI,AGL,CE,Combined TRACON& Tower with Radar,36,12,16,14,78,0,2,6,9,17,36,14,22,23,95,0,0,0,95
02/09/2021,MSN,WI,AGL,CE,Combined TRACON& Tower with Radar,35,12,19,10,76,0,0,26,18,44,35,12,45,28,120,12,0,12,132
02/10/2021,MSN,WI,AGL,CE,Combined TRACON& Tower with Radar,36,16,30,15,97,0,0,39,15,54,36,16,69,30,151,16,0,16,167
02/11/2021,MSN,WI,AGL,CE,Combined TRACON& Tower with Radar,48,14,20,9,91,0,0,9,7,16,48,14,29,16,107,40,0,40,147
02/12/2021,MSN,WI,AGL,CE,Combined TRACON& Tower with Radar,52,18,20,1,91,0,0,11,0,11,52,18,31,1,102,0,0,0,102
02/13/2021,MSN,WI,AGL,CE,Combined TRACON& Tower with Radar,32,13,13,0,58,0,0,5,0,5,32,13,18,0,63,0,0,0,63
02/14/2021,MSN,WI,AGL,CE,Combined TRACON& Tower with Radar,41,18,15,0,74,0,0,8,0,8,41,18,23,0,82,0,0,0,82
02/15/2021,MSN,WI,AGL,CE,Combined TRACON& Tower with Radar,38,16,16,0,70,0,0,13,0,13,38,16,29,0,83,10,0,10,93
02/16/2021,MSN,WI,AGL,CE,Combined TRACON& Tower with Radar,30,13,26,14,83,0,0,37,7,44,30,13,63,21,127,20,0,20,147
02/17/2021,MSN,WI,AGL,CE,Combined TRACON& Tower with Radar,29,13,36,11,89,0,0,45,10,55,29,13,81,21,144,46,0,46,190
02/18/2021,MSN,WI,AGL,CE,Combined TRACON& Tower with Radar,44,21,24,12,101,0,0,51,8,59,44,21,75,20,160,100,0,100,260
02/19/2021,MSN,WI,AGL,CE,Combined TRACON& Tower with Radar,44,12,35,0,91,0,2,58,2,62,44,14,93,2,153,40,0,40,193
02/20/2021,MSN,WI,AGL,CE,Combined TRACON& Tower with Radar,28,10,42,0,80,0,0,82,2,84,28,10,124,2,164,104,0,104,268
02/21/2021,MSN,WI,AGL,CE,Combined TRACON& Tower with Radar,46,16,23,2,87,0,0,15,0,15,46,16,38,2,102,0,0,0,102
02/22/2021,MSN,WI,AGL,CE,Combined TRACON& Tower with Radar,48,14,24,10,96,0,0,9,0,9,48,14,33,10,105,0,0,0,105
02/23/2021,MSN,WI,AGL,CE,Combined TRACON& Tower with Radar,36,14,33,6,89,0,0,75,16,91,36,14,108,22,180,66,0,66,246
02/24/2021,MSN,WI,AGL,CE,Combined TRACON& Tower with Radar,41,16,34,7,98,0,0,21,17,38,41,16,55,24,136,36,0,36,172
02/25/2021,MSN,WI,AGL,CE,Combined TRACON& Tower with Radar,52,16,45,11,124,0,0,81,20,101,52,16,126,31,225,84,0,84,309
02/26/2021,MSN,WI,AGL,CE,Combined TRACON& Tower with Radar,50,13,48,2,113,0,2,64,9,75,50,15,112,11,188,54,0,54,242
02/27/2021,MSN,WI,AGL,CE,Combined TRACON& Tower with Radar,31,5,35,0,71,0,0,114,0,114,31,5,149,0,185,76,0,76,261
02/28/2021,MSN,WI,AGL,CE,Combined TRACON& Tower with Radar,47,18,21,0,86,0,0,0,0,0,47,18,21,0,86,0,0,0,86
03/01/2021,MSN,WI,AGL,CE,Combined TRACON& Tower with Radar,45,13,37,4,99,0,0,38,2,40,45,13,75,6,139,64,0,64,203
03/02/2021,MSN,WI,AGL,CE,Combined TRACON& Tower with Radar,40,8,28,17,93,0,0,31,13,44,40,8,59,30,137,26,2,28,165
03/03/2021,MSN,WI,AGL,CE,Combined TRACON& Tower with Radar,41,6,52,9,108,0,0,73,18,91,41,6,125,27,199,116,0,116,315
03/04/2021,MSN,WI,AGL,CE,Combined TRACON& Tower with Radar,59,14,24,9,106,0,0,48,13,61,59,14,72,22,167,26,0,26,193
03/05/2021,MSN,WI,AGL,CE,Combined TRACON& Tower with Radar,55,17,40,4,116,0,0,86,2,88,55,17,126,6,204,80,0,80,284
03/06/2021,MSN,WI,AGL,CE,Combined TRACON& Tower with Radar,40,12,25,0,77,0,0,123,2,125,40,12,148,2,202,90,0,90,292
03/07/2021,MSN,WI,AGL,CE,Combined TRACON& Tower with Radar,53,10,36,1,100,0,0,97,5,102,53,10,133,6,202,24,0,24,226
03/08/2021,MSN,WI,AGL,CE,Combined TRACON& Tower with Radar,54,16,41,8,119,0,0,64,7,71,54,16,105,15,190,156,0,156,346
03/09/2021,MSN,WI,AGL,CE,Combined TRACON& Tower with Radar,46,20,29,13,108,0,2,46,12,60,46,22,75,25,168,30,0,30,198
03/10/2021,MSN,WI,AGL,CE,Combined TRACON& Tower with Radar,48,16,34,4,102,0,0,1,6,7,48,16,35,10,109,0,0,0,109
03/11/2021,MSN,WI,AGL,CE,Combined TRACON& Tower with Radar,58,18,37,5,118,0,0,20,19,39,58,18,57,24,157,4,4,8,165
03/12/2021,MSN,WI,AGL,CE,Combined TRACON& Tower with Radar,53,18,34,2,107,0,0,86,3,89,53,18,120,5,196,38,0,38,234
03/13/2021,MSN,WI,AGL,CE,Combined TRACON& Tower with Radar,40,7,40,0,87,0,0,102,3,105,40,7,142,3,192,64,0,64,256
03/14/2021,MSN,WI,AGL,CE,Combined TRACON& Tower with Radar,46,10,19,4,79,0,0,41,0,41,46,10,60,4,120,30,0,30,150
03/15/2021,MSN,WI,AGL,CE,Combined TRACON& Tower with Radar,54,10,15,0,79,0,0,3,0,3,54,10,18,0,82,0,0,0,82
03/16/2021,MSN,WI,AGL,CE,Combined TRACON& Tower with Radar,45,11,19,9,84,0,0,4,5,9,45,11,23,14,93,0,0,0,93
03/17/2021,MSN,WI,AGL,CE,Combined TRACON& Tower with Radar,47,13,27,2,89,0,0,0,0,0,47,13,27,2,89,0,2,2,91
03/18/2021,MSN,WI,AGL,CE,Combined TRACON& Tower with Radar,56,15,14,4,89,0,0,12,8,20,56,15,26,12,109,6,2,8,117
03/19/2021,MSN,WI,AGL,CE,Combined TRACON& Tower with Radar,53,7,38,0,98,0,0,107,7,114,53,7,145,7,212,56,0,56,268
03/20/2021,MSN,WI,AGL,CE,Combined TRACON& Tower with Radar,40,15,32,5,92,0,0,119,0,119,40,15,151,5,211,90,0,90,301
03/21/2021,MSN,WI,AGL,CE,Combined TRACON& Tower with Radar,55,7,14,5,81,0,0,48,0,48,55,7,62,5,129,30,0,30,159
03/22/2021,MSN,WI,AGL,CE,Combined TRACON& Tower with Radar,54,13,38,23,128,0,1,42,9,52,54,14,80,32,180,62,0,62,242
03/23/2021,MSN,WI,AGL,CE,Combined TRACON& Tower with Radar,47,14,32,19,112,0,0,23,7,30,47,14,55,26,142,0,0,0,142
03/24/2021,MSN,WI,AGL,CE,Combined TRACON& Tower with Radar,45,14,36,15,110,0,0,0,2,2,45,14,36,17,112,0,0,0,112
03/25/2021,MSN,WI,AGL,CE,Combined TRACON& Tower with Radar,58,15,26,14,113,0,0,7,6,13,58,15,33,20,126,38,0,38,164
03/26/2021,MSN,WI,AGL,CE,Combined TRACON& Tower with Radar,54,19,48,4,125,0,0,39,7,46,54,19,87,11,171,54,0,54,225
03/27/2021,MSN,WI,AGL,CE,Combined TRACON& Tower with Radar,45,23,57,0,125,0,0,0,0,0,45,23,57,0,125,0,0,0,125
03/28/2021,MSN,WI,AGL,CE,Combined TRACON& Tower with Radar,52,9,19,0,80,0,0,21,0,21,52,9,40,0,101,12,0,12,113
03/29/2021,MSN,WI,AGL,CE,Combined TRACON& Tower with Radar,54,11,8,12,85,0,0,28,5,33,54,11,36,17,118,28,2,30,148
03/30/2021,MSN,WI,AGL,CE,Combined TRACON& Tower with Radar,46,20,40,14,120,0,2,42,18,62,46,22,82,32,182,60,2,62,244
03/31/2021,MSN,WI,AGL,CE,Combined TRACON& Tower with Radar,49,21,43,15,128,0,2,65,14,81,49,23,108,29,209,64,0,64,273
04/01/2021,MSN,WI,AGL,CE,Combined TRACON& Tower with Radar,59,11,46,14,130,0,0,117,15,132,59,11,163,29,262,44,0,44,306
04/02/2021,MSN,WI,AGL,CE,Combined TRACON& Tower with Radar,56,13,43,3,115,0,0,91,5,96,56,13,134,8,211,20,0,20,231
04/03/2021,MSN,WI,AGL,CE,Combined TRACON& Tower with Radar,43,11,36,0,90,0,2,93,0,95,43,13,129,0,185,46,0,46,231
04/04/2021,MSN,WI,AGL,CE,Combined TRACON& Tower with Radar,58,11,33,0,102,0,0,77,2,79,58,11,110,2,181,22,0,22,203
04/05/2021,MSN,WI,AGL,CE,Combined TRACON& Tower with Radar,58,11,42,0,111,0,0,45,4,49,58,11,87,4,160,58,0,58,218
04/06/2021,MSN,WI,AGL,CE,Combined TRACON& Tower with Radar,50,21,27,13,111,0,0,57,13,70,50,21,84,26,181,110,0,110,291
04/07/2021,MSN,WI,AGL,CE,Combined TRACON& Tower with Radar,46,15,45,12,118,0,2,49,5,56,46,17,94,17,174,30,2,32,206
04/08/2021,MSN,WI,AGL,CE,Combined TRACON& Tower with Radar,61,14,48,8,131,0,0,1,0,1,61,14,49,8,132,2,6,8,140
04/09/2021,MSN,WI,AGL,CE,Combined TRACON& Tower with Radar,57,10,51,2,120,0,0,7,0,7,57,10,58,2,127,44,0,44,171
04/10/2021,MSN,WI,AGL,CE,Combined TRACON& Tower with Radar,43,9,37,8,97,0,0,0,0,0,43,9,37,8,97,14,0,14,111
04/11/2021,MSN,WI,AGL,CE,Combined TRACON& Tower with Radar,57,11,45,8,121,0,0,0,0,0,57,11,45,8,121,0,0,0,121
04/12/2021,MSN,WI,AGL,CE,Combined TRACON& Tower with Radar,59,9,32,18,118,0,2,20,2,24,59,11,52,20,142,0,0,0,142
04/13/2021,MSN,WI,AGL,CE,Combined TRACON& Tower with Radar,48,11,40,15,114,0,0,25,6,31,48,11,65,21,145,78,0,78,223
04/14/2021,MSN,WI,AGL,CE,Combined TRACON& Tower with Radar,47,11,35,16,109,0,0,36,0,36,47,11,71,16,145,16,0,16,161
04/15/2021,MSN,WI,AGL,CE,Combined TRACON& Tower with Radar,57,19,47,16,139,0,2,41,5,48,57,21,88,21,187,64,0,64,251
04/16/2021,MSN,WI,AGL,CE,Combined TRACON& Tower with Radar,56,17,30,9,112,0,0,107,4,111,56,17,137,13,223,48,0,48,271
04/17/2021,MSN,WI,AGL,CE,Combined TRACON& Tower with Radar,44,9,31,6,90,0,1,90,1,92,44,10,121,7,182,30,0,30,212
04/18/2021,MSN,WI,AGL,CE,Combined TRACON& Tower with Radar,52,9,47,6,114,0,0,109,1,110,52,9,156,7,224,62,0,62,286
04/19/2021,MSN,WI,AGL,CE,Combined TRACON& Tower with Radar,58,10,29,11,108,0,0,19,0,19,58,10,48,11,127,24,0,24,151
04/20/2021,MSN,WI,AGL,CE,Combined TRACON& Tower with Radar,48,9,33,20,110,0,0,46,7,53,48,9,79,27,163,26,0,26,189
04/21/2021,MSN,WI,AGL,CE,Combined TRACON& Tower with Radar,54,19,51,14,138,0,0,43,2,45,54,19,94,16,183,74,0,74,257
04/22/2021,MSN,WI,AGL,CE,Combined TRACON& Tower with Radar,59,15,39,9,122,0,2,78,5,85,59,17,117,14,207,100,0,100,307
04/23/2021,MSN,WI,AGL,CE,Combined TRACON& Tower with Radar,53,19,38,2,112,0,0,61,0,61,53,19,99,2,173,38,0,38,211
04/24/2021,MSN,WI,AGL,CE,Combined TRACON& Tower with Radar,44,4,30,2,80,0,0,76,0,76,44,4,106,2,156,120,0,120,276
04/25/2021,MSN,WI,AGL,CE,Combined TRACON& Tower with Radar,55,16,38,0,109,0,0,105,0,105,55,16,143,0,214,52,0,52,266
04/26/2021,MSN,WI,AGL,CE,Combined TRACON& Tower with Radar,57,16,32,5,110,0,0,21,3,24,57,16,53,8,134,40,0,40,174
04/27/2021,MSN,WI,AGL,CE,Combined TRACON& Tower with Radar,49,12,45,15,121,0,0,58,13,71,49,12,103,28,192,56,0,56,248
04/28/2021,MSN,WI,AGL,CE,Combined TRACON& Tower with Radar,52,21,58,15,146,0,2,36,12,50,52,23,94,27,196,100,0,100,296
04/29/2021,MSN,WI,AGL,CE,Combined TRACON& Tower with Radar,58,16,33,11,118,0,2,26,9,37,58,18,59,20,155,66,0,66,221
04/30/2021,MSN,WI,AGL,CE,Combined TRACON& Tower with Radar,56,13,35,9,113,0,0,91,4,95,56,13,126,13,208,42,0,42,250
05/01/2021,MSN,WI,AGL,CE,Combined TRACON& Tower with Radar,46,6,7,2,61,0,1,11,1,13,46,7,18,3,74,0,0,0,74
05/02/2021,MSN,WI,AGL,CE,Combined TRACON& Tower with Radar,53,19,32,0,104,0,0,61,0,61,53,19,93,0,165,78,0,78,243
05/03/2021,MSN,WI,AGL,CE,Combined TRACON& Tower with Radar,55,10,66,2,133,0,0,2,0,2,55,10,68,2,135,0,0,0,135
05/04/2021,MSN,WI,AGL,CE,Combined TRACON& Tower with Radar,49,14,26,18,107,0,0,35,7,42,49,14,61,25,149,24,0,24,173
05/05/2021,MSN,WI,AGL,CE,Combined TRACON& Tower with Radar,51,21,48,13,133,0,0,85,19,104,51,21,133,32,237,90,2,92,329
05/06/2021,MSN,WI,AGL,CE,Combined TRACON& Tower with Radar,56,12,48,18,134,0,0,26,11,37,56,12,74,29,171,40,0,40,211
05/07/2021,MSN,WI,AGL,CE,Combined TRACON& Tower with Radar,56,25,54,1,136,0,0,55,2,57,56,25,109,3,193,30,0,30,223
05/08/2021,MSN,WI,AGL,CE,Combined TRACON& Tower with Radar,49,23,24,2,98,0,0,88,0,88,49,23,112,2,186,78,0,78,264
05/09/2021,MSN,WI,AGL,CE,Combined TRACON& Tower with Radar,50,16,37,0,103,0,0,50,0,50,50,16,87,0,153,52,0,52,205
05/10/2021,MSN,WI,AGL,CE,Combined TRACON& Tower with Radar,57,12,34,8,111,0,0,44,10,54,57,12,78,18,165,58,0,58,223
05/11/2021,MSN,WI,AGL,CE,Combined TRACON& Tower with Radar,45,21,32,10,108,0,1,78,12,91,45,22,110,22,199,16,0,16,215
05/12/2021,MSN,WI,AGL,CE,Combined TRACON& Tower with Radar,55,13,45,13,126,0,0,66,10,76,55,13,111,23,202,54,0,54,256
05/13/2021,MSN,WI,AGL,CE,Combined TRACON& Tower with Radar,54,20,56,14,144,0,0,61,17,78,54,20,117,31,222,42,0,42,264
05/14/2021,MSN,WI,AGL,CE,Combined TRACON& Tower with Radar,55,13,34,1,103,0,0,74,0,74,55,13,108,1,177,42,0,42,219
05/15/2021,MSN,WI,AGL,CE,Combined TRACON& Tower with Radar,49,6,22,0,77,0,1,14,0,15,49,7,36,0,92,64,0,64,156
05/16/2021,MSN,WI,AGL,CE,Combined TRACON& Tower with Radar,49,12,39,0,100,0,0,39,2,41,49,12,78,2,141,70,0,70,211
05/17/2021,MSN,WI,AGL,CE,Combined TRACON& Tower with Radar,54,20,49,13,136,0,0,71,8,79,54,20,120,21,215,158,0,158,373
05/18/2021,MSN,WI,AGL,CE,Combined TRACON& Tower with Radar,53,21,42,22,138,0,0,19,4,23,53,21,61,26,161,2,0,2,163
05/19/2021,MSN,WI,AGL,CE,Combined TRACON& Tower with Radar,58,16,73,15,162,0,0,9,10,19,58,16,82,25,181,14,0,14,195
05/20/2021,MSN,WI,AGL,CE,Combined TRACON& Tower with Radar,53,15,53,7,128,0,0,42,18,60,53,15,95,25,188,62,2,64,252
05/21/2021,MSN,WI,AGL,CE,Combined TRACON& Tower with Radar,55,14,47,2,118,0,0,26,0,26,55,14,73,2,144,22,0,22,166
05/22/2021,MSN,WI,AGL,CE,Combined TRACON& Tower with Radar,49,5,39,0,93,0,2,87,4,93,49,7,126,4,186,76,0,76,262
05/23/2021,MSN,WI,AGL,CE,Combined TRACON& Tower with Radar,50,10,22,2,84,0,0,10,0,10,50,10,32,2,94,54,0,54,148
05/24/2021,MSN,WI,AGL,CE,Combined TRACON& Tower with Radar,56,11,39,4,110,0,0,53,8,61,56,11,92,12,171,40,0,40,211
05/25/2021,MSN,WI,AGL,CE,Combined TRACON& Tower with Radar,53,22,29,16,120,0,0,30,14,44,53,22,59,30,164,40,0,40,204
05/26/2021,MSN,WI,AGL,CE,Combined TRACON& Tower with Radar,57,13,76,15,161,0,0,109,16,125,57,13,185,31,286,56,0,56,342
05/27/2021,MSN,WI,AGL,CE,Combined TRACON& Tower with Radar,53,18,44,2,117,0,0,13,2,15,53,18,57,4,132,0,0,0,132
05/28/2021,MSN,WI,AGL,CE,Combined TRACON& Tower with Radar,56,19,33,7,115,0,0,7,1,8,56,19,40,8,123,0,0,0,123
05/29/2021,MSN,WI,AGL,CE,Combined TRACON& Tower with Radar,41,12,37,0,90,0,0,118,0,118,41,12,155,0,208,136,0,136,344
05/30/2021,MSN,WI,AGL,CE,Combined TRACON& Tower with Radar,45,2,21,0,68,0,0,93,2,95,45,2,114,2,163,78,0,78,241
05/31/2021,MSN,WI,AGL,CE,Combined TRACON& Tower with Radar,53,19,20,0,92,0,0,61,0,61,53,19,81,0,153,60,0,60,213
06/01/2021,MSN,WI,AGL,CE,Combined TRACON& Tower with Radar,55,16,37,5,113,0,0,83,2,85,55,16,120,7,198,38,0,38,236
06/02/2021,MSN,WI,AGL,CE,Combined TRACON& Tower with Radar,58,26,44,15,143,0,2,79,9,90,58,28,123,24,233,106,0,106,339
06/03/2021,MSN,WI,AGL,CE,Combined TRACON& Tower with Radar,48,18,34,17,117,0,0,77,9,86,48,18,111,26,203,54,0,54,257
06/04/2021,MSN,WI,AGL,CE,Combined TRACON& Tower with Radar,50,23,24,13,110,0,0,34,4,38,50,23,58,17,148,20,0,20,168
06/05/2021,MSN,WI,AGL,CE,Combined TRACON& Tower with Radar,51,26,28,11,116,0,0,89,5,94,51,26,117,16,210,146,0,146,356
06/06/2021,MSN,WI,AGL,CE,Combined TRACON& Tower with Radar,48,18,16,0,82,0,0,50,0,50,48,18,66,0,132,96,0,96,228
06/07/2021,MSN,WI,AGL,CE,Combined TRACON& Tower with Radar,50,32,55,24,161,0,0,35,5,40,50,32,90,29,201,12,0,12,213
06/08/2021,MSN,WI,AGL,CE,Combined TRACON& Tower with Radar,48,27,38,14,127,0,0,37,6,43,48,27,75,20,170,32,0,32,202
06/09/2021,MSN,WI,AGL,CE,Combined TRACON& Tower with Radar,55,29,56,29,169,0,0,73,23,96,55,29,129,52,265,52,2,54,319
06/10/2021,MSN,WI,AGL,CE,Combined TRACON& Tower with Radar,54,29,56,15,154,0,2,95,13,110,54,31,151,28,264,62,0,62,326
06/11/2021,MSN,WI,AGL,CE,Combined TRACON& Tower with Radar,54,30,40,1,125,0,0,59,2,61,54,30,99,3,186,12,0,12,198
06/12/2021,MSN,WI,AGL,CE,Combined TRACON& Tower with Radar,54,25,25,3,107,0,0,60,0,60,54,25,85,3,167,180,0,180,347
06/13/2021,MSN,WI,AGL,CE,Combined TRACON& Tower with Radar,46,30,28,1,105,0,0,91,1,92,46,30,119,2,197,138,0,138,335
06/14/2021,MSN,WI,AGL,CE,Combined TRACON& Tower with Radar,53,31,34,11,129,0,0,58,3,61,53,31,92,14,190,104,0,104,294
06/15/2021,MSN,WI,AGL,CE,Combined TRACON& Tower with Radar,47,28,38,11,124,0,0,86,20,106,47,28,124,31,230,106,0,106,336
06/16/2021,MSN,WI,AGL,CE,Combined TRACON& Tower with Radar,48,32,44,8,132,0,2,87,14,103,48,34,131,22,235,74,0,74,309
06/17/2021,MSN,WI,AGL,CE,Combined TRACON& Tower with Radar,51,25,34,15,125,0,0,43,15,58,51,25,77,30,183,8,2,10,193
06/18/2021,MSN,WI,AGL,CE,Combined TRACON& Tower with Radar,56,27,46,6,135,0,0,45,0,45,56,27,91,6,180,70,0,70,250
06/19/2021,MSN,WI,AGL,CE,Combined TRACON& Tower with Radar,48,28,29,1,106,0,0,106,1,107,48,28,135,2,213,154,0,154,367
06/20/2021,MSN,WI,AGL,CE,Combined TRACON& Tower with Radar,44,20,24,0,88,0,0,22,1,23,44,20,46,1,111,36,0,36,147
06/21/2021,MSN,WI,AGL,CE,Combined TRACON& Tower with Radar,52,21,37,9,119,0,0,31,3,34,52,21,68,12,153,14,0,14,167
06/22/2021,MSN,WI,AGL,CE,Combined TRACON& Tower with Radar,48,29,57,13,147,0,0,85,22,107,48,29,142,35,254,94,2,96,350
06/23/2021,MSN,WI,AGL,CE,Combined TRACON& Tower with Radar,48,27,61,17,153,0,0,14,11,25,48,27,75,28,178,14,0,14,192
06/24/2021,MSN,WI,AGL,CE,Combined TRACON& Tower with Radar,51,24,34,11,120,0,0,10,8,18,51,24,44,19,138,24,0,24,162
06/25/2021,MSN,WI,AGL,CE,Combined TRACON& Tower with Radar,54,21,51,2,128,0,0,5,1,6,54,21,56,3,134,0,0,0,134
06/26/2021,MSN,WI,AGL,CE,Combined TRACON& Tower with Radar,51,20,24,3,98,0,0,3,0,3,51,20,27,3,101,0,0,0,101
06/27/2021,MSN,WI,AGL,CE,Combined TRACON& Tower with Radar,48,21,41,4,114,0,0,35,0,35,48,21,76,4,149,78,0,78,227
06/28/2021,MSN,WI,AGL,CE,Combined TRACON& Tower with Radar,54,26,36,20,136,0,0,29,2,31,54,26,65,22,167,54,0,54,221
06/29/2021,MSN,WI,AGL,CE,Combined TRACON& Tower with Radar,50,37,34,9,130,0,0,2,0,2,50,37,36,9,132,6,0,6,138
06/30/2021,MSN,WI,AGL,CE,Combined TRACON& Tower with Radar,49,44,57,26,176,0,8,80,10,98,49,52,137,36,274,34,0,34,308
07/01/2021,MSN,WI,AGL,CE,Combined TRACON& Tower with Radar,51,38,34,6,129,0,0,81,13,94,51,38,115,19,223,70,0,70,293
07/02/2021,MSN,WI,AGL,CE,Combined TRACON& Tower with Radar,52,41,39,0,132,0,0,112,0,112,52,41,151,0,244,64,0,64,308
07/03/2021,MSN,WI,AGL,CE,Combined TRACON& Tower with Radar,47,18,24,0,89,0,0,100,1,101,47,18,124,1,190,50,0,50,240
07/04/2021,MSN,WI,AGL,CE,Combined TRACON& Tower with Radar,43,17,6,2,68,0,0,56,4,60,43,17,62,6,128,20,0,20,148
07/05/2021,MSN,WI,AGL,CE,Combined TRACON& Tower with Radar,52,22,24,0,98,0,0,53,0,53,52,22,77,0,151,22,0,22,173
07/06/2021,MSN,WI,AGL,CE,Combined TRACON& Tower with Radar,54,23,26,14,117,0,0,58,6,64,54,23,84,20,181,70,0,70,251
07/07/2021,MSN,WI,AGL,CE,Combined TRACON& Tower with Radar,58,24,25,6,113,0,0,0,0,0,58,24,25,6,113,22,4,26,139
07/08/2021,MSN,WI,AGL,CE,Combined TRACON& Tower with Radar,54,32,56,21,163,0,2,23,8,33,54,34,79,29,196,22,4,26,222
07/09/2021,MSN,WI,AGL,CE,Combined TRACON& Tower with Radar,56,26,51,3,136,0,0,96,1,97,56,26,147,4,233,136,0,136,369
07/10/2021,MSN,WI,AGL,CE,Combined TRACON& Tower with Radar,52,20,27,3,102,0,5,102,1,108,52,25,129,4,210,96,0,96,306
07/11/2021,MSN,WI,AGL,CE,Combined TRACON& Tower with Radar,47,29,32,0,108,0,0,57,0,57,47,29,89,0,165,40,0,40,205
07/12/2021,MSN,WI,AGL,CE,Combined TRACON& Tower with Radar,57,24,33,20,134,0,0,12,4,16,57,24,45,24,150,46,4,50,200
07/13/2021,MSN,WI,AGL,CE,Combined TRACON& Tower with Radar,52,28,52,21,153,0,0,64,5,69,52,28,116,26,222,60,0,60,282
07/14/2021,MSN,WI,AGL,CE,Combined TRACON& Tower with Radar,51,29,40,7,127,0,3,44,0,47,51,32,84,7,174,20,0,20,194
07/15/2021,MSN,WI,AGL,CE,Combined TRACON& Tower with Radar,55,39,61,18,173,0,2,37,11,50,55,41,98,29,223,56,0,56,279
07/16/2021,MSN,WI,AGL,CE,Combined TRACON& Tower with Radar,57,26,42,5,130,0,1,80,0,81,57,27,122,5,211,78,0,78,289
07/17/2021,MSN,WI,AGL,CE,Combined TRACON& Tower with Radar,53,21,27,1,102,0,2,88,0,90,53,23,115,1,192,114,0,114,306
07/18/2021,MSN,WI,AGL,CE,Combined TRACON& Tower with Radar,51,23,29,0,103,0,0,71,0,71,51,23,100,0,174,54,0,54,228
07/19/2021,MSN,WI,AGL,CE,Combined TRACON& Tower with Radar,60,29,39,13,141,0,0,86,7,93,60,29,125,20,234,68,0,68,302
07/20/2021,MSN,WI,AGL,CE,Combined TRACON& Tower with Radar,53,33,47,21,154,0,6,70,7,83,53,39,117,28,237,44,0,44,281
07/21/2021,MSN,WI,AGL,CE,Combined TRACON& Tower with Radar,56,37,62,24,179,0,0,49,10,59,56,37,111,34,238,174,0,174,412
07/22/2021,MSN,WI,AGL,CE,Combined TRACON& Tower with Radar,56,40,55,18,169,0,1,60,7,68,56,41,115,25,237,88,0,88,325
07/23/2021,MSN,WI,AGL,CE,Combined TRACON& Tower with Radar,57,33,54,6,150,0,2,99,4,105,57,35,153,10,255,32,0,32,287
07/24/2021,MSN,WI,AGL,CE,Combined TRACON& Tower with Radar,53,25,20,0,98,0,0,92,4,96,53,25,112,4,194,40,0,40,234
07/25/2021,MSN,WI,AGL,CE,Combined TRACON& Tower with Radar,45,27,39,2,113,0,1,118,0,119,45,28,157,2,232,12,0,12,244
07/26/2021,MSN,WI,AGL,CE,Combined TRACON& Tower with Radar,58,22,44,45,169,0,0,63,2,65,58,22,107,47,234,64,44,108,342
07/27/2021,MSN,WI,AGL,CE,Combined TRACON& Tower with Radar,52,26,42,14,134,0,1,44,11,56,52,27,86,25,190,42,6,48,238
07/28/2021,MSN,WI,AGL,CE,Combined TRACON& Tower with Radar,59,32,79,33,203,0,0,81,11,92,59,32,160,44,295,62,0,62,357
07/29/2021,MSN,WI,AGL,CE,Combined TRACON& Tower with Radar,54,36,50,24,164,0,0,52,19,71,54,36,102,43,235,4,0,4,239
07/30/2021,MSN,WI,AGL,CE,Combined TRACON& Tower with Radar,57,33,41,6,137,0,0,80,8,88,57,33,121,14,225,58,0,58,283
07/31/2021,MSN,WI,AGL,CE,Combined TRACON& Tower with Radar,55,30,38,4,127,0,2,45,7,54,55,32,83,11,181,46,2,48,229
08/01/2021,MSN,WI,AGL,CE,Combined TRACON& Tower with Radar,50,29,46,8,133,0,3,71,10,84,50,32,117,18,217,10,0,10,227
08/02/2021,MSN,WI,AGL,CE,Combined TRACON& Tower with Radar,54,29,46,19,148,0,2,64,5,71,54,31,110,24,219,52,2,54,273
08/03/2021,MSN,WI,AGL,CE,Combined TRACON& Tower with Radar,51,30,51,16,148,0,0,76,14,90,51,30,127,30,238,84,0,84,322
08/04/2021,MSN,WI,AGL,CE,Combined TRACON& Tower with Radar,59,25,48,16,148,0,0,114,4,118,59,25,162,20,266,72,0,72,338
08/05/2021,MSN,WI,AGL,CE,Combined TRACON& Tower with Radar,56,27,27,19,129,0,0,61,11,72,56,27,88,30,201,34,0,34,235
08/06/2021,MSN,WI,AGL,CE,Combined TRACON& Tower with Radar,57,26,27,9,119,0,0,13,0,13,57,26,40,9,132,74,0,74,206
08/07/2021,MSN,WI,AGL,CE,Combined TRACON& Tower with Radar,51,20,16,2,89,0,0,12,1,13,51,20,28,3,102,40,0,40,142
08/08/2021,MSN,WI,AGL,CE,Combined TRACON& Tower with Radar,48,22,19,7,96,0,2,17,3,22,48,24,36,10,118,28,0,28,146
08/09/2021,MSN,WI,AGL,CE,Combined TRACON& Tower with Radar,67,14,26,11,118,0,0,10,0,10,67,14,36,11,128,14,0,14,142
08/10/2021,MSN,WI,AGL,CE,Combined TRACON& Tower with Radar,52,26,31,20,129,0,3,33,8,44,52,29,64,28,173,14,6,20,193
08/11/2021,MSN,WI,AGL,CE,Combined TRACON& Tower with Radar,54,21,44,13,132,0,0,6,9,15,54,21,50,22,147,8,2,10,157
08/12/2021,MSN,WI,AGL,CE,Combined TRACON& Tower with Radar,54,28,45,14,141,0,0,90,12,102,54,28,135,26,243,48,2,50,293
08/13/2021,MSN,WI,AGL,CE,Combined TRACON& Tower with Radar,56,23,35,6,120,0,1,105,2,108,56,24,140,8,228,108,2,110,338
08/14/2021,MSN,WI,AGL,CE,Combined TRACON& Tower with Radar,46,24,20,0,90,0,0,111,0,111,46,24,131,0,201,20,0,20,221
08/15/2021,MSN,WI,AGL,CE,Combined TRACON& Tower with Radar,50,25,24,1,100,0,0,101,0,101,50,25,125,1,201,78,0,78,279
08/16/2021,MSN,WI,AGL,CE,Combined TRACON& Tower with Radar,65,24,49,13,151,0,0,93,4,97,65,24,142,17,248,68,0,68,316
08/17/2021,MSN,WI,AGL,CE,Combined TRACON& Tower with Radar,54,32,43,12,141,0,0,75,13,88,54,32,118,25,229,46,0,46,275
08/18/2021,MSN,WI,AGL,CE,Combined TRACON& Tower with Radar,56,31,57,19,163,0,0,76,13,89,56,31,133,32,252,72,0,72,324
08/19/2021,MSN,WI,AGL,CE,Combined TRACON& Tower with Radar,67,36,41,14,158,0,0,53,15,68,67,36,94,29,226,46,0,46,272
08/20/2021,MSN,WI,AGL,CE,Combined TRACON& Tower with Radar,70,29,26,9,134,0,1,65,4,70,70,30,91,13,204,94,0,94,298
08/21/2021,MSN,WI,AGL,CE,Combined TRACON& Tower with Radar,48,22,33,6,109,0,0,22,0,22,48,22,55,6,131,26,0,26,157
08/22/2021,MSN,WI,AGL,CE,Combined TRACON& Tower with Radar,67,29,39,0,135,0,0,119,2,121,67,29,158,2,256,38,0,38,294
08/23/2021,MSN,WI,AGL,CE,Combined TRACON& Tower with Radar,67,27,45,11,150,0,0,35,0,35,67,27,80,11,185,34,0,34,219
08/24/2021,MSN,WI,AGL,CE,Combined TRACON& Tower with Radar,56,19,52,1,128,0,0,26,6,32,56,19,78,7,160,10,2,12,172
08/25/2021,MSN,WI,AGL,CE,Combined TRACON& Tower with Radar,77,47,68,24,216,0,6,93,5,104,77,53,161,29,320,40,0,40,360
08/26/2021,MSN,WI,AGL,CE,Combined TRACON& Tower with Radar,68,26,67,15,176,0,0,54,5,59,68,26,121,20,235,36,0,36,271
08/27/2021,MSN,WI,AGL,CE,Combined TRACON& Tower with Radar,68,24,47,2,141,0,0,19,0,19,68,24,66,2,160,6,0,6,166
08/28/2021,MSN,WI,AGL,CE,Combined TRACON& Tower with Radar,50,35,24,1,110,0,0,63,0,63,50,35,87,1,173,72,0,72,245
08/29/2021,MSN,WI,AGL,CE,Combined TRACON& Tower with Radar,49,27,34,0,110,0,0,64,0,64,49,27,98,0,174,36,0,36,210
08/30/2021,MSN,WI,AGL,CE,Combined TRACON& Tower with Radar,65,18,48,2,133,0,2,105,4,111,65,20,153,6,244,48,0,48,292
08/31/2021,MSN,WI,AGL,CE,Combined TRACON& Tower with Radar,54,20,67,16,157,0,0,87,7,94,54,20,154,23,251,94,0,94,345
09/01/2021,MSN,WI,AGL,CE,Combined TRACON& Tower with Radar,63,29,62,15,169,0,0,81,8,89,63,29,143,23,258,92,0,92,350
09/02/2021,MSN,WI,AGL,CE,Combined TRACON& Tower with Radar,57,28,69,21,175,0,0,87,14,101,57,28,156,35,276,32,4,36,312
09/03/2021,MSN,WI,AGL,CE,Combined TRACON& Tower with Radar,63,32,60,4,159,0,1,21,0,22,63,33,81,4,181,64,0,64,245
09/04/2021,MSN,WI,AGL,CE,Combined TRACON& Tower with Radar,48,29,51,0,128,0,0,7,0,7,48,29,58,0,135,6,0,6,141
09/05/2021,MSN,WI,AGL,CE,Combined TRACON& Tower with Radar,43,31,50,0,124,0,0,86,1,87,43,31,136,1,211,34,0,34,245
09/06/2021,MSN,WI,AGL,CE,Combined TRACON& Tower with Radar,61,17,45,0,123,0,0,145,0,145,61,17,190,0,268,70,0,70,338
09/07/2021,MSN,WI,AGL,CE,Combined TRACON& Tower with Radar,53,20,26,6,105,0,0,34,3,37,53,20,60,9,142,52,0,52,194
09/08/2021,MSN,WI,AGL,CE,Combined TRACON& Tower with Radar,56,30,48,12,146,0,0,59,10,69,56,30,107,22,215,44,4,48,263
09/09/2021,MSN,WI,AGL,CE,Combined TRACON& Tower with Radar,63,26,54,28,171,0,0,77,11,88,63,26,131,39,259,142,0,142,401
09/10/2021,MSN,WI,AGL,CE,Combined TRACON& Tower with Radar,63,24,38,25,150,0,1,85,6,92,63,25,123,31,242,132,0,132,374
09/11/2021,MSN,WI,AGL,CE,Combined TRACON& Tower with Radar,46,23,30,9,108,0,0,89,14,103,46,23,119,23,211,62,0,62,273
09/12/2021,MSN,WI,AGL,CE,Combined TRACON& Tower with Radar,54,22,44,9,129,0,0,33,4,37,54,22,77,13,166,36,0,36,202
09/13/2021,MSN,WI,AGL,CE,Combined TRACON& Tower with Radar,70,18,29,9,126,0,0,4,0,4,70,18,33,9,130,12,2,14,144
09/14/2021,MSN,WI,AGL,CE,Combined TRACON& Tower with Radar,63,22,38,15,138,0,0,40,8,48,63,22,78,23,186,108,12,120,306
09/15/2021,MSN,WI,AGL,CE,Combined TRACON& Tower with Radar,64,24,52,20,160,0,0,85,9,94,64,24,137,29,254,88,2,90,344
09/16/2021,MSN,WI,AGL,CE,Combined TRACON& Tower with Radar,68,32,50,9,159,0,0,64,7,71,68,32,114,16,230,68,0,68,298
09/17/2021,MSN,WI,AGL,CE,Combined TRACON& Tower with Radar,67,23,29,6,125,0,0,58,5,63,67,23,87,11,188,78,0,78,266
09/18/2021,MSN,WI,AGL,CE,Combined TRACON& Tower with Radar,52,17,26,0,95,0,0,105,2,107,52,17,131,2,202,8,0,8,210
09/19/2021,MSN,WI,AGL,CE,Combined TRACON& Tower with Radar,60,16,32,2,110,0,0,86,0,86,60,16,118,2,196,94,0,94,290
09/20/2021,MSN,WI,AGL,CE,Combined TRACON& Tower with Radar,63,28,38,7,136,0,0,9,0,9,63,28,47,7,145,4,0,4,149
09/21/2021,MSN,WI,AGL,CE,Combined TRACON& Tower with Radar,62,19,38,12,131,0,0,44,6,50,62,19,82,18,181,58,0,58,239
09/22/2021,MSN,WI,AGL,CE,Combined TRACON& Tower with Radar,63,24,47,10,144,0,0,51,15,66,63,24,98,25,210,40,0,40,250
09/23/2021,MSN,WI,AGL,CE,Combined TRACON& Tower with Radar,64,24,35,11,134,0,0,43,12,55,64,24,78,23,189,30,0,30,219
09/24/2021,MSN,WI,AGL,CE,Combined TRACON& Tower with Radar,68,22,31,3,124,0,1,46,3,50,68,23,77,6,174,46,0,46,220
09/25/2021,MSN,WI,AGL,CE,Combined TRACON& Tower with Radar,55,19,18,6,98,0,2,63,4,69,55,21,81,10,167,28,0,28,195
09/26/2021,MSN,WI,AGL,CE,Combined TRACON& Tower with Radar,60,25,27,0,112,0,1,73,0,74,60,26,100,0,186,44,0,44,230
09/27/2021,MSN,WI,AGL,CE,Combined TRACON& Tower with Radar,67,23,29,5,124,0,0,71,2,73,67,23,100,7,197,80,0,80,277
09/28/2021,MSN,WI,AGL,CE,Combined TRACON& Tower with Radar,59,20,59,14,152,0,2,88,7,97,59,22,147,21,249,126,2,128,377
09/29/2021,MSN,WI,AGL,CE,Combined TRACON& Tower with Radar,61,22,67,16,166,0,0,116,11,127,61,22,183,27,293,194,0,194,487
09/30/2021,MSN,WI,AGL,CE,Combined TRACON& Tower with Radar,64,34,51,17,166,0,0,45,11,56,64,34,96,28,222,46,0,46,268
10/01/2021,MSN,WI,AGL,CE,Combined TRACON& Tower with Radar,68,52,58,12,190,0,0,81,4,85,68,52,139,16,275,90,4,94,369
10/02/2021,MSN,WI,AGL,CE,Combined TRACON& Tower with Radar,55,21,69,9,154,0,0,21,1,22,55,21,90,10,176,16,0,16,192
10/03/2021,MSN,WI,AGL,CE,Combined TRACON& Tower with Radar,62,44,61,0,167,0,0,11,2,13,62,44,72,2,180,34,0,34,214
10/04/2021,MSN,WI,AGL,CE,Combined TRACON& Tower with Radar,69,18,54,4,145,0,0,3,0,3,69,18,57,4,148,8,4,12,160
10/05/2021,MSN,WI,AGL,CE,Combined TRACON& Tower with Radar,64,23,46,9,142,0,0,9,10,19,64,23,55,19,161,58,0,58,219
10/06/2021,MSN,WI,AGL,CE,Combined TRACON& Tower with Radar,65,30,53,7,155,0,12,54,15,81,65,42,107,22,236,90,0,90,326
10/07/2021,MSN,WI,AGL,CE,Combined TRACON& Tower with Radar,69,16,36,4,125,0,1,0,0,1,69,17,36,4,126,0,0,0,126
10/08/2021,MSN,WI,AGL,CE,Combined TRACON& Tower with Radar,78,24,50,0,152,0,0,11,0,11,78,24,61,0,163,0,0,0,163
10/09/2021,MSN,WI,AGL,CE,Combined TRACON& Tower with Radar,60,22,25,0,107,0,2,89,14,105,60,24,114,14,212,46,0,46,258
10/10/2021,MSN,WI,AGL,CE,Combined TRACON& Tower with Radar,55,29,29,0,113,0,0,19,2,21,55,29,48,2,134,16,0,16,150
10/11/2021,MSN,WI,AGL,CE,Combined TRACON& Tower with Radar,73,19,30,0,122,0,0,0,0,0,73,19,30,0,122,0,0,0,122
10/12/2021,MSN,WI,AGL,CE,Combined TRACON& Tower with Radar,67,13,37,14,131,0,0,2,0,2,67,13,39,14,133,18,0,18,151
10/13/2021,MSN,WI,AGL,CE,Combined TRACON& Tower with Radar,68,22,42,17,149,0,0,26,5,31,68,22,68,22,180,14,0,14,194
10/14/2021,MSN,WI,AGL,CE,Combined TRACON& Tower with Radar,73,32,45,13,163,1,0,69,14,84,74,32,114,27,247,26,0,26,273
10/15/2021,MSN,WI,AGL,CE,Combined TRACON& Tower with Radar,75,35,52,0,162,0,2,58,0,60,75,37,110,0,222,76,0,76,298
10/16/2021,MSN,WI,AGL,CE,Combined TRACON& Tower with Radar,59,26,29,0,114,0,5,80,2,87,59,31,109,2,201,106,0,106,307
10/17/2021,MSN,WI,AGL,CE,Combined TRACON& Tower with Radar,66,35,41,0,142,0,2,100,0,102,66,37,141,0,244,136,0,136,380
10/18/2021,MSN,WI,AGL,CE,Combined TRACON& Tower with Radar,73,24,38,7,142,0,0,65,8,73,73,24,103,15,215,72,0,72,287
10/19/2021,MSN,WI,AGL,CE,Combined TRACON& Tower with Radar,64,34,56,12,166,0,0,80,6,86,64,34,136,18,252,96,0,96,348
10/20/2021,MSN,WI,AGL,CE,Combined TRACON& Tower with Radar,68,20,36,9,133,0,0,44,8,52,68,20,80,17,185,62,0,62,247
10/21/2021,MSN,WI,AGL,CE,Combined TRACON& Tower with Radar,69,21,46,14,150,0,0,3,7,10,69,21,49,21,160,18,0,18,178
10/22/2021,MSN,WI,AGL,CE,Combined TRACON& Tower with Radar,68,26,46,12,152,0,0,81,7,88,68,26,127,19,240,80,2,82,322
10/23/2021,MSN,WI,AGL,CE,Combined TRACON& Tower with Radar,56,25,37,5,123,0,2,113,2,117,56,27,150,7,240,80,0,80,320
10/24/2021,MSN,WI,AGL,CE,Combined TRACON& Tower with Radar,67,24,32,1,124,0,2,45,0,47,67,26,77,1,171,54,0,54,225
10/25/2021,MSN,WI,AGL,CE,Combined TRACON& Tower with Radar,66,16,32,7,121,0,0,7,8,15,66,16,39,15,136,32,0,32,168
10/26/2021,MSN,WI,AGL,CE,Combined TRACON& Tower with Radar,67,28,46,6,147,0,0,94,20,114,67,28,140,26,261,124,6,130,391
10/27/2021,MSN,WI,AGL,CE,Combined TRACON& Tower with Radar,73,30,57,14,174,0,4,76,12,92,73,34,133,26,266,84,0,84,350
10/28/2021,MSN,WI,AGL,CE,Combined TRACON& Tower with Radar,69,26,35,17,147,0,0,2,0,2,69,26,37,17,149,0,0,0,149
10/29/2021,MSN,WI,AGL,CE,Combined TRACON& Tower with Radar,71,25,38,0,134,0,0,2,2,4,71,25,40,2,138,16,0,16,154
10/30/2021,MSN,WI,AGL,CE,Combined TRACON& Tower with Radar,53,12,51,1,117,0,3,37,2,42,53,15,88,3,159,90,0,90,249
10/31/2021,MSN,WI,AGL,CE,Combined TRACON& Tower with Radar,51,26,39,0,116,0,0,48,0,48,51,26,87,0,164,26,0,26,190
11/01/2021,MSN,WI,AGL,CE,Combined TRACON& Tower with Radar,64,28,28,2,122,0,0,43,2,45,64,28,71,4,167,48,0,48,215
11/02/2021,MSN,WI,AGL,CE,Combined TRACON& Tower with Radar,61,21,29,11,122,0,0,44,17,61,61,21,73,28,183,70,0,70,253
11/03/2021,MSN,WI,AGL,CE,Combined TRACON& Tower with Radar,63,27,48,13,151,0,2,69,10,81,63,29,117,23,232,30,0,30,262
11/04/2021,MSN,WI,AGL,CE,Combined TRACON& Tower with Radar,72,25,34,9,140,0,0,53,11,64,72,25,87,20,204,80,0,80,284
11/05/2021,MSN,WI,AGL,CE,Combined TRACON& Tower with Radar,74,17,34,4,129,0,2,45,2,49,74,19,79,6,178,44,0,44,222
11/06/2021,MSN,WI,AGL,CE,Combined TRACON& Tower with Radar,58,9,30,5,102,0,1,59,4,64,58,10,89,9,166,78,2,80,246
11/07/2021,MSN,WI,AGL,CE,Combined TRACON& Tower with Radar,62,24,36,0,122,0,2,92,3,97,62,26,128,3,219,48,0,48,267
11/08/2021,MSN,WI,AGL,CE,Combined TRACON& Tower with Radar,66,25,44,6,141,0,0,50,6,56,66,25,94,12,197,58,0,58,255
11/09/2021,MSN,WI,AGL,CE,Combined TRACON& Tower with Radar,68,27,41,14,150,0,1,52,14,67,68,28,93,28,217,94,0,94,311
11/10/2021,MSN,WI,AGL,CE,Combined TRACON& Tower with Radar,67,31,80,11,189,0,0,51,5,56,67,31,131,16,245,42,4,46,291
11/11/2021,MSN,WI,AGL,CE,Combined TRACON& Tower with Radar,70,32,36,1,139,0,0,9,1,10,70,32,45,2,149,4,0,4,153
11/12/2021,MSN,WI,AGL,CE,Combined TRACON& Tower with Radar,70,26,45,0,141,0,0,0,2,2,70,26,45,2,143,0,0,0,143
11/13/2021,MSN,WI,AGL,CE,Combined TRACON& Tower with Radar,52,16,33,0,101,0,1,30,2,33,52,17,63,2,134,64,0,64,198
11/14/2021,MSN,WI,AGL,CE,Combined TRACON& Tower with Radar,68,23,30,0,121,0,0,7,0,7,68,23,37,0,128,0,0,0,128
11/15/2021,MSN,WI,AGL,CE,Combined TRACON& Tower with Radar,71,30,34,5,140,0,1,41,5,47,71,31,75,10,187,38,4,42,229
11/16/2021,MSN,WI,AGL,CE,Combined TRACON& Tower with Radar,68,23,31,13,135,0,0,30,3,33,68,23,61,16,168,56,0,56,224
11/17/2021,MSN,WI,AGL,CE,Combined TRACON& Tower with Radar,65,33,33,11,142,0,0,51,4,55,65,33,84,15,197,38,0,38,235
11/18/2021,MSN,WI,AGL,CE,Combined TRACON& Tower with Radar,72,39,35,6,152,0,3,6,11,20,72,42,41,17,172,10,0,10,182
11/19/2021,MSN,WI,AGL,CE,Combined TRACON& Tower with Radar,66,31,61,3,161,0,0,77,0,77,66,31,138,3,238,106,0,106,344
11/20/2021,MSN,WI,AGL,CE,Combined TRACON& Tower with Radar,55,25,30,0,110,0,3,96,2,101,55,28,126,2,211,66,0,66,277
11/21/2021,MSN,WI,AGL,CE,Combined TRACON& Tower with Radar,63,24,31,0,118,0,0,51,0,51,63,24,82,0,169,10,4,14,183
11/22/2021,MSN,WI,AGL,CE,Combined TRACON& Tower with Radar,68,26,19,0,113,0,0,40,2,42,68,26,59,2,155,60,0,60,215
11/23/2021,MSN,WI,AGL,CE,Combined TRACON& Tower with Radar,66,25,38,13,142,0,0,76,18,94,66,25,114,31,236,42,4,46,282
11/24/2021,MSN,WI,AGL,CE,Combined TRACON& Tower with Radar,69,29,29,1,128,0,0,20,1,21,69,29,49,2,149,56,0,56,205
11/25/2021,MSN,WI,AGL,CE,Combined TRACON& Tower with Radar,35,8,2,0,45,0,0,0,0,0,35,8,2,0,45,6,0,6,51
11/26/2021,MSN,WI,AGL,CE,Combined TRACON& Tower with Radar,49,21,24,0,94,0,2,85,1,88,49,23,109,1,182,44,0,44,226
11/27/2021,MSN,WI,AGL,CE,Combined TRACON& Tower with Radar,55,29,23,0,107,0,0,54,0,54,55,29,77,0,161,64,0,64,225
11/28/2021,MSN,WI,AGL,CE,Combined TRACON& Tower with Radar,61,30,50,0,141,0,0,43,0,43,61,30,93,0,184,56,0,56,240
11/29/2021,MSN,WI,AGL,CE,Combined TRACON& Tower with Radar,71,26,29,5,131,0,0,33,6,39,71,26,62,11,170,42,0,42,212
11/30/2021,MSN,WI,AGL,CE,Combined TRACON& Tower with Radar,65,29,41,6,141,0,0,51,13,64,65,29,92,19,205,16,0,16,221
12/01/2021,MSN,WI,AGL,CE,Combined TRACON& Tower with Radar,65,20,51,11,147,0,0,35,11,46,65,20,86,22,193,32,0,32,225
12/02/2021,MSN,WI,AGL,CE,Combined TRACON& Tower with Radar,70,20,37,5,132,0,0,33,13,46,70,20,70,18,178,22,0,22,200
12/03/2021,MSN,WI,AGL,CE,Combined TRACON& Tower with Radar,65,35,33,2,135,0,0,10,2,12,65,35,43,4,147,60,0,60,207
12/04/2021,MSN,WI,AGL,CE,Combined TRACON& Tower with Radar,47,12,31,2,92,0,1,75,2,78,47,13,106,4,170,122,0,122,292
12/05/2021,MSN,WI,AGL,CE,Combined TRACON& Tower with Radar,59,22,20,0,101,0,0,1,0,1,59,22,21,0,102,0,0,0,102
12/06/2021,MSN,WI,AGL,CE,Combined TRACON& Tower with Radar,67,28,30,5,130,0,0,2,5,7,67,28,32,10,137,0,0,0,137
12/07/2021,MSN,WI,AGL,CE,Combined TRACON& Tower with Radar,66,25,21,12,124,0,0,21,8,29,66,25,42,20,153,40,8,48,201
12/08/2021,MSN,WI,AGL,CE,Combined TRACON& Tower with Radar,63,34,52,12,161,0,1,58,14,73,63,35,110,26,234,80,0,80,314
12/09/2021,MSN,WI,AGL,CE,Combined TRACON& Tower with Radar,67,33,26,12,138,0,0,15,11,26,67,33,41,23,164,20,0,20,184
12/10/2021,MSN,WI,AGL,CE,Combined TRACON& Tower with Radar,61,32,19,6,118,0,0,16,2,18,61,32,35,8,136,30,0,30,166
12/11/2021,MSN,WI,AGL,CE,Combined TRACON& Tower with Radar,57,9,14,0,80,0,0,15,0,15,57,9,29,0,95,24,0,24,119
12/12/2021,MSN,WI,AGL,CE,Combined TRACON& Tower with Radar,56,21,28,4,109,0,3,63,0,66,56,24,91,4,175,28,0,28,203
12/13/2021,MSN,WI,AGL,CE,Combined TRACON& Tower with Radar,66,32,48,5,151,0,2,74,0,76,66,34,122,5,227,46,0,46,273
12/14/2021,MSN,WI,AGL,CE,Combined TRACON& Tower with Radar,61,28,36,13,138,0,1,51,12,64,61,29,87,25,202,62,0,62,264
12/15/2021,MSN,WI,AGL,CE,Combined TRACON& Tower with Radar,53,16,45,0,114,0,0,1,3,4,53,16,46,3,118,4,0,4,122
12/16/2021,MSN,WI,AGL,CE,Combined TRACON& Tower with Radar,60,49,38,4,151,0,0,5,9,14,60,49,43,13,165,0,0,0,165
12/17/2021,MSN,WI,AGL,CE,Combined TRACON& Tower with Radar,60,44,37,0,141,0,0,78,3,81,60,44,115,3,222,44,0,44,266
12/18/2021,MSN,WI,AGL,CE,Combined TRACON& Tower with Radar,39,30,20,0,89,0,2,19,0,21,39,32,39,0,110,72,0,72,182
12/19/2021,MSN,WI,AGL,CE,Combined TRACON& Tower with Radar,56,25,25,0,106,0,1,28,1,30,56,26,53,1,136,112,0,112,248
12/20/2021,MSN,WI,AGL,CE,Combined TRACON& Tower with Radar,63,23,40,9,135,0,0,49,3,52,63,23,89,12,187,40,0,40,227
12/21/2021,MSN,WI,AGL,CE,Combined TRACON& Tower with Radar,61,35,31,13,140,0,2,27,14,43,61,37,58,27,183,4,2,6,189
12/22/2021,MSN,WI,AGL,CE,Combined TRACON& Tower with Radar,59,36,36,15,146,0,4,86,11,101,59,40,122,26,247,66,0,66,313
12/23/2021,MSN,WI,AGL,CE,Combined TRACON& Tower with Radar,61,26,27,3,117,1,0,70,7,78,62,26,97,10,195,42,0,42,237
12/24/2021,MSN,WI,AGL,CE,Combined TRACON& Tower with Radar,48,12,16,0,76,0,0,0,0,0,48,12,16,0,76,0,0,0,76
12/25/2021,MSN,WI,AGL,CE,Combined TRACON& Tower with Radar,42,11,7,0,60,0,2,21,0,23,42,13,28,0,83,24,0,24,107
12/26/2021,MSN,WI,AGL,CE,Combined TRACON& Tower with Radar,49,28,23,0,100,0,0,34,0,34,49,28,57,0,134,22,0,22,156
12/27/2021,MSN,WI,AGL,CE,Combined TRACON& Tower with Radar,51,22,26,4,103,0,2,10,2,14,51,24,36,6,117,8,6,14,131
12/28/2021,MSN,WI,AGL,CE,Combined TRACON& Tower with Radar,58,30,8,8,104,0,0,9,2,11,58,30,17,10,115,26,6,32,147
12/29/2021,MSN,WI,AGL,CE,Combined TRACON& Tower with Radar,52,30,37,8,127,0,2,43,3,48,52,32,80,11,175,30,0,30,205
12/30/2021,MSN,WI,AGL,CE,Combined TRACON& Tower with Radar,53,27,22,2,104,0,0,6,0,6,53,27,28,2,110,8,0,8,118
12/31/2021,MSN,WI,AGL,CE,Combined TRACON& Tower with Radar,50,12,4,0,66,0,0,0,0,0,50,12,4,0,66,14,0,14,80
01/01/2022,MSN,WI,AGL,CE,Combined TRACON& Tower with Radar,34,6,14,0,54,0,0,2,0,2,34,6,16,0,56,0,0,0,56
01/02/2022,MSN,WI,AGL,CE,Combined TRACON& Tower with Radar,52,29,35,5,121,0,0,48,0,48,52,29,83,5,169,20,0,20,189
01/03/2022,MSN,WI,AGL,CE,Combined TRACON& Tower with Radar,57,30,28,9,124,0,0,72,8,80,57,30,100,17,204,16,0,16,220
01/04/2022,MSN,WI,AGL,CE,Combined TRACON& Tower with Radar,50,26,28,8,112,0,0,35,13,48,50,26,63,21,160,14,0,14,174
01/05/2022,MSN,WI,AGL,CE,Combined TRACON& Tower with Radar,62,12,27,2,103,0,0,2,6,8,62,12,29,8,111,20,0,20,131
01/06/2022,MSN,WI,AGL,CE,Combined TRACON& Tower with Radar,60,13,19,8,100,0,0,5,7,12,60,13,24,15,112,6,2,8,120
01/07/2022,MSN,WI,AGL,CE,Combined TRACON& Tower with Radar,58,19,29,7,113,0,0,30,1,31,58,19,59,8,144,6,0,6,150
01/08/2022,MSN,WI,AGL,CE,Combined TRACON& Tower with Radar,40,11,3,3,57,0,0,4,0,4,40,11,7,3,61,44,0,44,105
01/09/2022,MSN,WI,AGL,CE,Combined TRACON& Tower with Radar,59,17,22,2,100,0,0,48,0,48,59,17,70,2,148,40,0,40,188
01/10/2022,MSN,WI,AGL,CE,Combined TRACON& Tower with Radar,60,21,32,6,119,0,0,17,7,24,60,21,49,13,143,12,2,14,157
01/11/2022,MSN,WI,AGL,CE,Combined TRACON& Tower with Radar,62,23,32,6,123,0,0,16,8,24,62,23,48,14,147,20,0,20,167
01/12/2022,MSN,WI,AGL,CE,Combined TRACON& Tower with Radar,63,18,32,13,126,0,1,57,14,72,63,19,89,27,198,106,0,106,304
01/13/2022,MSN,WI,AGL,CE,Combined TRACON& Tower with Radar,74,23,33,17,147,0,0,33,8,41,74,23,66,25,188,92,0,92,280
01/14/2022,MSN,WI,AGL,CE,Combined TRACON& Tower with Radar,66,19,20,0,105,0,0,4,0,4,66,19,24,0,109,22,0,22,131
01/15/2022,MSN,WI,AGL,CE,Combined TRACON& Tower with Radar,40,18,8,0,66,0,0,39,0,39,40,18,47,0,105,54,0,54,159
01/16/2022,MSN,WI,AGL,CE,Combined TRACON& Tower with Radar,41,12,18,0,71,0,0,6,0,6,41,12,24,0,77,16,0,16,93
01/17/2022,MSN,WI,AGL,CE,Combined TRACON& Tower with Radar,60,26,41,0,127,0,1,45,0,46,60,27,86,0,173,100,0,100,273
01/18/2022,MSN,WI,AGL,CE,Combined TRACON& Tower with Radar,59,27,22,12,120,0,0,28,5,33,59,27,50,17,153,112,6,118,271
01/19/2022,MSN,WI,AGL,CE,Combined TRACON& Tower with Radar,58,23,16,11,108,0,0,20,22,42,58,23,36,33,150,24,4,28,178
01/20/2022,MSN,WI,AGL,CE,Combined TRACON& Tower with Radar,76,37,39,8,160,0,0,51,12,63,76,37,90,20,223,8,0,8,231
01/21/2022,MSN,WI,AGL,CE,Combined TRACON& Tower with Radar,67,32,55,3,157,0,1,49,7,57,67,33,104,10,214,36,0,36,250
01/22/2022,MSN,WI,AGL,CE,Combined TRACON& Tower with Radar,39,24,11,0,74,0,0,23,0,23,39,24,34,0,97,24,0,24,121
01/23/2022,MSN,WI,AGL,CE,Combined TRACON& Tower with Radar,61,27,17,0,105,0,0,42,0,42,61,27,59,0,147,36,0,36,183
01/24/2022,MSN,WI,AGL,CE,Combined TRACON& Tower with Radar,69,24,24,8,125,0,0,4,2,6,69,24,28,10,131,14,16,30,161
01/25/2022,MSN,WI,AGL,CE,Combined TRACON& Tower with Radar,60,16,19,10,105,0,0,24,13,37,60,16,43,23,142,20,2,22,164
01/26/2022,MSN,WI,AGL,CE,Combined TRACON& Tower with Radar,60,14,36,9,119,0,2,22,12,36,60,16,58,21,155,18,0,18,173
01/27/2022,MSN,WI,AGL,CE,Combined TRACON& Tower with Radar,76,22,19,12,129,0,2,26,14,42,76,24,45,26,171,74,2,76,247
01/28/2022,MSN,WI,AGL,CE,Combined TRACON& Tower with Radar,69,17,25,0,111,0,0,64,2,66,69,17,89,2,177,62,0,62,239
01/29/2022,MSN,WI,AGL,CE,Combined TRACON& Tower with Radar,42,15,21,1,79,0,3,57,0,60,42,18,78,1,139,38,0,38,177
01/30/2022,MSN,WI,AGL,CE,Combined TRACON& Tower with Radar,66,14,26,1,107,0,0,68,0,68,66,14,94,1,175,82,0,82,257
01/31/2022,MSN,WI,AGL,CE,Combined TRACON& Tower with Radar,71,16,32,1,120,0,0,31,2,33,71,16,63,3,153,34,0,34,187
02/01/2022,MSN,WI,AGL,CE,Combined TRACON& Tower with Radar,60,17,24,8,109,0,1,42,12,55,60,18,66,20,164,80,0,80,244
02/02/2022,MSN,WI,AGL,CE,Combined TRACON& Tower with Radar,58,11,17,9,95,0,0,39,12,51,58,11,56,21,146,18,0,18,164
02/03/2022,MSN,WI,AGL,CE,Combined TRACON& Tower with Radar,60,17,23,12,112,0,2,36,7,45,60,19,59,19,157,60,4,64,221
02/04/2022,MSN,WI,AGL,CE,Combined TRACON& Tower with Radar,56,22,25,8,111,0,0,28,4,32,56,22,53,12,143,30,0,30,173
02/05/2022,MSN,WI,AGL,CE,Combined TRACON& Tower with Radar,43,8,29,5,85,0,0,66,8,74,43,8,95,13,159,50,0,50,209
02/06/2022,MSN,WI,AGL,CE,Combined TRACON& Tower with Radar,63,19,30,1,113,0,0,75,0,75,63,19,105,1,188,72,0,72,260
02/07/2022,MSN,WI,AGL,CE,Combined TRACON& Tower with Radar,62,31,27,4,124,0,0,44,4,48,62,31,71,8,172,46,0,46,218
02/08/2022,MSN,WI,AGL,CE,Combined TRACON& Tower with Radar,63,23,21,8,115,0,0,49,6,55,63,23,70,14,170,44,0,44,214
02/09/2022,MSN,WI,AGL,CE,Combined TRACON& Tower with Radar,58,24,24,10,116,0,0,7,13,20,58,24,31,23,136,6,0,6,142
02/10/2022,MSN,WI,AGL,CE,Combined TRACON& Tower with Radar,65,16,41,1,123,0,0,29,2,31,65,16,70,3,154,66,0,66,220
02/11/2022,MSN,WI,AGL,CE,Combined TRACON& Tower with Radar,65,17,22,4,108,0,0,6,0,6,65,17,28,4,114,0,0,0,114
02/12/2022,MSN,WI,AGL,CE,Combined TRACON& Tower with Radar,43,11,25,2,81,0,2,47,0,49,43,13,72,2,130,58,0,58,188
02/13/2022,MSN,WI,AGL,CE,Combined TRACON& Tower with Radar,52,26,22,0,100,0,2,43,0,45,52,28,65,0,145,18,0,18,163
02/14/2022,MSN,WI,AGL,CE,Combined TRACON& Tower with Radar,68,21,19,3,111,0,0,27,1,28,68,21,46,4,139,80,0,80,219
02/15/2022,MSN,WI,AGL,CE,Combined TRACON& Tower with Radar,63,16,24,10,113,0,0,12,9,21,63,16,36,19,134,14,0,14,148
02/16/2022,MSN,WI,AGL,CE,Combined TRACON& Tower with Radar,63,12,31,12,118,0,0,3,8,11,63,12,34,20,129,0,0,0,129
02/17/2022,MSN,WI,AGL,CE,Combined TRACON& Tower with Radar,75,33,18,7,133,0,0,30,12,42,75,33,48,19,175,20,0,20,195
02/18/2022,MSN,WI,AGL,CE,Combined TRACON& Tower with Radar,57,18,35,3,113,0,0,18,2,20,57,18,53,5,133,16,0,16,149
02/19/2022,MSN,WI,AGL,CE,Combined TRACON& Tower with Radar,49,21,27,2,99,0,0,76,1,77,49,21,103,3,176,58,0,58,234
02/20/2022,MSN,WI,AGL,CE,Combined TRACON& Tower with Radar,55,18,23,0,96,0,3,18,0,21,55,21,41,0,117,20,0,20,137
02/21/2022,MSN,WI,AGL,CE,Combined TRACON& Tower with Radar,61,18,38,1,118,0,0,0,0,0,61,18,38,1,118,0,0,0,118
02/22/2022,MSN,WI,AGL,CE,Combined TRACON& Tower with Radar,63,11,8,0,82,0,0,0,0,0,63,11,8,0,82,4,0,4,86
02/23/2022,MSN,WI,AGL,CE,Combined TRACON& Tower with Radar,56,22,33,16,127,0,0,52,16,68,56,22,85,32,195,60,0,60,255
02/24/2022,MSN,WI,AGL,CE,Combined TRACON& Tower with Radar,62,29,12,0,103,0,0,0,6,6,62,29,12,6,109,0,0,0,109
02/25/2022,MSN,WI,AGL,CE,Combined TRACON& Tower with Radar,66,20,35,6,127,0,2,22,2,26,66,22,57,8,153,72,0,72,225
02/26/2022,MSN,WI,AGL,CE,Combined TRACON& Tower with Radar,42,26,49,1,118,0,0,74,2,76,42,26,123,3,194,28,0,28,222
02/27/2022,MSN,WI,AGL,CE,Combined TRACON& Tower with Radar,59,21,41,1,122,0,4,91,1,96,59,25,132,2,218,106,0,106,324
02/28/2022,MSN,WI,AGL,CE,Combined TRACON& Tower with Radar,65,27,39,0,131,0,4,54,6,64,65,31,93,6,195,36,0,36,231
03/01/2022,MSN,WI,AGL,CE,Combined TRACON& Tower with Radar,60,17,36,11,124,0,0,70,12,82,60,17,106,23,206,90,0,90,296
03/02/2022,MSN,WI,AGL,CE,Combined TRACON& Tower with Radar,61,18,37,11,127,0,1,22,12,35,61,19,59,23,162,92,0,92,254
03/03/2022,MSN,WI,AGL,CE,Combined TRACON& Tower with Radar,68,27,34,10,139,0,3,54,7,64,68,30,88,17,203,46,0,46,249
03/04/2022,MSN,WI,AGL,CE,Combined TRACON& Tower with Radar,65,31,43,13,152,0,3,77,1,81,65,34,120,14,233,32,2,34,267
03/05/2022,MSN,WI,AGL,CE,Combined TRACON& Tower with Radar,48,22,6,1,77,0,0,4,3,7,48,22,10,4,84,24,0,24,108
03/06/2022,MSN,WI,AGL,CE,Combined TRACON& Tower with Radar,54,23,20,2,99,0,0,15,0,15,54,23,35,2,114,8,0,8,122
03/07/2022,MSN,WI,AGL,CE,Combined TRACON& Tower with Radar,70,17,24,0,111,0,0,13,0,13,70,17,37,0,124,20,0,20,144
03/08/2022,MSN,WI,AGL,CE,Combined TRACON& Tower with Radar,66,12,43,14,135,0,1,63,11,75,66,13,106,25,210,66,2,68,278
03/09/2022,MSN,WI,AGL,CE,Combined TRACON& Tower with Radar,63,27,51,11,152,0,1,52,11,64,63,28,103,22,216,32,0,32,248
03/10/2022,MSN,WI,AGL,CE,Combined TRACON& Tower with Radar,70,21,54,16,161,0,1,41,11,53,70,22,95,27,214,38,0,38,252
03/11/2022,MSN,WI,AGL,CE,Combined TRACON& Tower with Radar,69,17,36,2,124,0,0,34,0,34,69,17,70,2,158,28,0,28,186
03/12/2022,MSN,WI,AGL,CE,Combined TRACON& Tower with Radar,50,17,28,0,95,0,2,38,0,40,50,19,66,0,135,64,0,64,199
03/13/2022,MSN,WI,AGL,CE,Combined TRACON& Tower with Radar,57,16,19,2,94,0,2,63,0,65,57,18,82,2,159,30,0,30,189
03/14/2022,MSN,WI,AGL,CE,Combined TRACON& Tower with Radar,67,17,25,8,117,0,3,41,1,45,67,20,66,9,162,42,0,42,204
03/15/2022,MSN,WI,AGL,CE,Combined TRACON& Tower with Radar,64,14,24,11,113,0,0,45,20,65,64,14,69,31,178,44,2,46,224
03/16/2022,MSN,WI,AGL,CE,Combined TRACON& Tower with Radar,66,15,38,9,128,0,0,43,14,57,66,15,81,23,185,38,0,38,223
03/17/2022,MSN,WI,AGL,CE,Combined TRACON& Tower with Radar,66,19,18,11,114,0,0,14,10,24,66,19,32,21,138,16,0,16,154
03/18/2022,MSN,WI,AGL,CE,Combined TRACON& Tower with Radar,65,20,27,2,114,0,0,0,0,0,65,20,27,2,114,0,0,0,114
03/19/2022,MSN,WI,AGL,CE,Combined TRACON& Tower with Radar,52,11,17,0,80,0,0,6,0,6,52,11,23,0,86,22,0,22,108
03/20/2022,MSN,WI,AGL,CE,Combined TRACON& Tower with Radar,60,25,33,1,119,0,2,110,1,113,60,27,143,2,232,72,0,72,304
03/21/2022,MSN,WI,AGL,CE,Combined TRACON& Tower with Radar,67,10,29,8,114,0,4,40,5,49,67,14,69,13,163,96,0,96,259
03/22/2022,MSN,WI,AGL,CE,Combined TRACON& Tower with Radar,64,12,17,11,104,0,0,3,0,3,64,12,20,11,107,4,2,6,113
03/23/2022,MSN,WI,AGL,CE,Combined TRACON& Tower with Radar,69,18,29,0,116,0,0,0,0,0,69,18,29,0,116,0,0,0,116
03/24/2022,MSN,WI,AGL,CE,Combined TRACON& Tower with Radar,67,25,22,0,114,0,0,0,0,0,67,25,22,0,114,0,2,2,116
03/25/2022,MSN,WI,AGL,CE,Combined TRACON& Tower with Radar,70,17,16,0,103,0,0,3,0,3,70,17,19,0,106,0,0,0,106
03/26/2022,MSN,WI,AGL,CE,Combined TRACON& Tower with Radar,50,22,23,4,99,0,0,16,0,16,50,22,39,4,115,68,0,68,183
03/27/2022,MSN,WI,AGL,CE,Combined TRACON& Tower with Radar,60,34,28,0,122,0,2,72,0,74,60,36,100,0,196,96,0,96,292
03/28/2022,MSN,WI,AGL,CE,Combined TRACON& Tower with Radar,64,26,46,0,136,0,0,82,3,85,64,26,128,3,221,116,0,116,337
03/29/2022,MSN,WI,AGL,CE,Combined TRACON& Tower with Radar,61,24,25,12,122,0,0,16,3,19,61,24,41,15,141,0,0,0,141
03/30/2022,MSN,WI,AGL,CE,Combined TRACON& Tower with Radar,64,20,46,5,135,0,0,4,1,5,64,20,50,6,140,4,0,4,144
03/31/2022,MSN,WI,AGL,CE,Combined TRACON& Tower with Radar,67,28,24,11,130,0,0,2,7,9,67,28,26,18,139,12,20,32,171
04/01/2022,MSN,WI,AGL,CE,Combined TRACON& Tower with Radar,64,23,46,15,148,0,3,123,3,129,64,26,169,18,277,56,0,56,333
04/02/2022,MSN,WI,AGL,CE,Combined TRACON& Tower with Radar,49,22,28,0,99,0,0,0,0,0,49,22,28,0,99,0,0,0,99
04/03/2022,MSN,WI,AGL,CE,Combined TRACON& Tower with Radar,56,31,34,0,121,0,1,93,0,94,56,32,127,0,215,78,0,78,293
04/04/2022,MSN,WI,AGL,CE,Combined TRACON& Tower with Radar,69,19,29,8,125,0,1,3,0,4,69,20,32,8,129,24,0,24,153
04/05/2022,MSN,WI,AGL,CE,Combined TRACON& Tower with Radar,55,21,34,9,119,0,0,18,3,21,55,21,52,12,140,22,0,22,162
04/06/2022,MSN,WI,AGL,CE,Combined TRACON& Tower with Radar,59,19,31,3,112,0,0,16,9,25,59,19,47,12,137,4,0,4,141
04/07/2022,MSN,WI,AGL,CE,Combined TRACON& Tower with Radar,59,30,24,12,125,0,0,0,1,1,59,30,24,13,126,0,0,0,126
04/08/2022,MSN,WI,AGL,CE,Combined TRACON& Tower with Radar,60,26,41,1,128,0,0,2,0,2,60,26,43,1,130,4,0,4,134
04/09/2022,MSN,WI,AGL,CE,Combined TRACON& Tower with Radar,42,24,22,1,89,0,0,111,5,116,42,24,133,6,205,22,0,22,227
04/10/2022,MSN,WI,AGL,CE,Combined TRACON& Tower with Radar,54,22,28,3,107,0,0,44,2,46,54,22,72,5,153,0,0,0,153
04/11/2022,MSN,WI,AGL,CE,Combined TRACON& Tower with Radar,60,30,43,17,150,0,4,48,5,57,60,34,91,22,207,62,6,68,275
04/12/2022,MSN,WI,AGL,CE,Combined TRACON& Tower with Radar,56,25,24,12,117,0,0,35,9,44,56,25,59,21,161,24,0,24,185
04/13/2022,MSN,WI,AGL,CE,Combined TRACON& Tower with Radar,53,23,32,12,120,0,0,1,5,6,53,23,33,17,126,0,0,0,126
04/14/2022,MSN,WI,AGL,CE,Combined TRACON& Tower with Radar,61,29,23,9,122,0,0,11,15,26,61,29,34,24,148,0,0,0,148
04/15/2022,MSN,WI,AGL,CE,Combined TRACON& Tower with Radar,57,29,30,0,116,0,0,26,10,36,57,29,56,10,152,6,0,6,158
04/16/2022,MSN,WI,AGL,CE,Combined TRACON& Tower with Radar,39,18,26,0,83,0,0,61,2,63,39,18,87,2,146,70,0,70,216
04/17/2022,MSN,WI,AGL,CE,Combined TRACON& Tower with Radar,53,21,15,0,89,0,0,57,0,57,53,21,72,0,146,12,0,12,158
04/18/2022,MSN,WI,AGL,CE,Combined TRACON& Tower with Radar,57,36,39,4,136,0,0,0,0,0,57,36,39,4,136,0,0,0,136
04/19/2022,MSN,WI,AGL,CE,Combined TRACON& Tower with Radar,56,27,48,12,143,0,4,107,16,127,56,31,155,28,270,64,0,64,334
04/20/2022,MSN,WI,AGL,CE,Combined TRACON& Tower with Radar,54,21,32,10,117,0,1,19,2,22,54,22,51,12,139,6,0,6,145
04/21/2022,MSN,WI,AGL,CE,Combined TRACON& Tower with Radar,69,25,48,11,153,0,1,62,11,74,69,26,110,22,227,36,0,36,263
04/22/2022,MSN,WI,AGL,CE,Combined TRACON& Tower with Radar,56,34,31,2,123,0,0,2,0,2,56,34,33,2,125,0,0,0,125
04/23/2022,MSN,WI,AGL,CE,Combined TRACON& Tower with Radar,43,19,18,2,82,0,1,24,0,25,43,20,42,2,107,28,0,28,135
04/24/2022,MSN,WI,AGL,CE,Combined TRACON& Tower with Radar,49,22,28,0,99,0,0,18,0,18,49,22,46,0,117,0,0,0,117
04/25/2022,MSN,WI,AGL,CE,Combined TRACON& Tower with Radar,61,17,30,10,118,0,0,37,2,39,61,17,67,12,157,56,0,56,213
04/26/2022,MSN,WI,AGL,CE,Combined TRACON& Tower with Radar,54,30,35,13,132,0,0,49,16,65,54,30,84,29,197,66,0,66,263
04/27/2022,MSN,WI,AGL,CE,Combined TRACON& Tower with Radar,54,26,54,11,145,0,0,61,14,75,54,26,115,25,220,40,0,40,260
04/28/2022,MSN,WI,AGL,CE,Combined TRACON& Tower with Radar,62,27,29,11,129,0,0,41,8,49,62,27,70,19,178,56,0,56,234
04/29/2022,MSN,WI,AGL,CE,Combined TRACON& Tower with Radar,55,22,43,0,120,0,0,54,3,57,55,22,97,3,177,6,0,6,183
04/30/2022,MSN,WI,AGL,CE,Combined TRACON& Tower with Radar,48,22,12,0,82,0,0,0,0,0,48,22,12,0,82,0,0,0,82
05/01/2022,MSN,WI,AGL,CE,Combined TRACON& Tower with Radar,51,24,36,0,111,0,0,2,0,2,51,24,38,0,113,2,0,2,115
05/02/2022,MSN,WI,AGL,CE,Combined TRACON& Tower with Radar,57,20,38,17,132,0,1,20,3,24,57,21,58,20,156,42,2,44,200
05/03/2022,MSN,WI,AGL,CE,Combined TRACON& Tower with Radar,57,25,20,6,108,0,0,3,8,11,57,25,23,14,119,6,0,6,125
05/04/2022,MSN,WI,AGL,CE,Combined TRACON& Tower with Radar,54,35,63,10,162,0,2,111,10,123,54,37,174,20,285,54,2,56,341
05/05/2022,MSN,WI,AGL,CE,Combined TRACON& Tower with Radar,59,26,43,18,146,0,0,40,8,48,59,26,83,26,194,66,0,66,260
05/06/2022,MSN,WI,AGL,CE,Combined TRACON& Tower with Radar,59,34,42,17,152,0,2,41,3,46,59,36,83,20,198,40,2,42,240
05/07/2022,MSN,WI,AGL,CE,Combined TRACON& Tower with Radar,52,13,20,3,88,0,1,130,1,132,52,14,150,4,220,58,0,58,278
05/08/2022,MSN,WI,AGL,CE,Combined TRACON& Tower with Radar,52,21,24,10,107,0,0,44,0,44,52,21,68,10,151,86,0,86,237
05/09/2022,MSN,WI,AGL,CE,Combined TRACON& Tower with Radar,67,22,12,9,110,0,0,5,7,12,67,22,17,16,122,0,0,0,122
05/10/2022,MSN,WI,AGL,CE,Combined TRACON& Tower with Radar,61,27,49,4,141,0,3,39,6,48,61,30,88,10,189,54,0,54,243
05/11/2022,MSN,WI,AGL,CE,Combined TRACON& Tower with Radar,67,22,41,1,131,0,0,27,9,36,67,22,68,10,167,48,0,48,215
05/12/2022,MSN,WI,AGL,CE,Combined TRACON& Tower with Radar,61,25,66,5,157,0,3,65,10,78,61,28,131,15,235,50,0,50,285
05/13/2022,MSN,WI,AGL,CE,Combined TRACON& Tower with Radar,60,30,39,3,132,0,0,58,3,61,60,30,97,6,193,62,0,62,255
05/14/2022,MSN,WI,AGL,CE,Combined TRACON& Tower with Radar,55,27,42,1,125,0,0,93,9,102,55,27,135,10,227,44,0,44,271
05/15/2022,MSN,WI,AGL,CE,Combined TRACON& Tower with Radar,49,30,49,2,130,0,0,102,1,103,49,30,151,3,233,42,0,42,275
05/16/2022,MSN,WI,AGL,CE,Combined TRACON& Tower with Radar,61,20,37,4,122,0,3,48,4,55,61,23,85,8,177,16,0,16,193
05/17/2022,MSN,WI,AGL,CE,Combined TRACON& Tower with Radar,58,30,63,3,154,0,0,83,12,95,58,30,146,15,249,80,0,80,329
05/18/2022,MSN,WI,AGL,CE,Combined TRACON& Tower with Radar,59,28,60,19,166,0,0,11,5,16,59,28,71,24,182,10,0,10,192
05/19/2022,MSN,WI,AGL,CE,Combined TRACON& Tower with Radar,61,23,47,15,146,0,0,33,12,45,61,23,80,27,191,68,0,68,259
05/20/2022,MSN,WI,AGL,CE,Combined TRACON& Tower with Radar,55,27,59,3,144,0,3,18,0,21,55,30,77,3,165,22,0,22,187
05/21/2022,MSN,WI,AGL,CE,Combined TRACON& Tower with Radar,46,13,29,0,88,0,1,79,0,80,46,14,108,0,168,66,0,66,234
05/22/2022,MSN,WI,AGL,CE,Combined TRACON& Tower with Radar,50,22,39,0,111,0,0,85,2,87,50,22,124,2,198,90,0,90,288
05/23/2022,MSN,WI,AGL,CE,Combined TRACON& Tower with Radar,54,18,35,4,111,0,2,82,4,88,54,20,117,8,199,32,0,32,231
05/24/2022,MSN,WI,AGL,CE,Combined TRACON& Tower with Radar,55,22,40,11,128,0,0,57,10,67,55,22,97,21,195,86,0,86,281
05/25/2022,MSN,WI,AGL,CE,Combined TRACON& Tower with Radar,60,26,30,1,117,0,0,0,0,0,60,26,30,1,117,0,0,0,117
05/26/2022,MSN,WI,AGL,CE,Combined TRACON& Tower with Radar,58,21,55,5,139,0,0,3,0,3,58,21,58,5,142,18,6,24,166
05/27/2022,MSN,WI,AGL,CE,Combined TRACON& Tower with Radar,57,12,56,0,125,0,0,43,2,45,57,12,99,2,170,16,0,16,186
05/28/2022,MSN,WI,AGL,CE,Combined TRACON& Tower with Radar,53,17,36,0,106,0,1,68,0,69,53,18,104,0,175,64,0,64,239
05/29/2022,MSN,WI,AGL,CE,Combined TRACON& Tower with Radar,49,20,20,0,89,0,0,38,0,38,49,20,58,0,127,50,0,50,177
05/30/2022,MSN,WI,AGL,CE,Combined TRACON& Tower with Radar,67,14,25,0,106,0,0,21,0,21,67,14,46,0,127,6,0,6,133
05/31/2022,MSN,WI,AGL,CE,Combined TRACON& Tower with Radar,60,19,27,6,112,0,0,10,8,18,60,19,37,14,130,12,0,12,142
06/01/2022,MSN,WI,AGL,CE,Combined TRACON& Tower with Radar,57,24,50,10,141,0,0,78,12,90,57,24,128,22,231,50,0,50,281
06/02/2022,MSN,WI,AGL,CE,Combined TRACON& Tower with Radar,49,18,51,10,128,0,0,60,6,66,49,18,111,16,194,52,0,52,246
06/03/2022,MSN,WI,AGL,CE,Combined TRACON& Tower with Radar,51,24,46,8,129,0,2,79,0,81,51,26,125,8,210,36,4,40,250
06/04/2022,MSN,WI,AGL,CE,Combined TRACON& Tower with Radar,52,19,29,3,103,0,4,28,0,32,52,23,57,3,135,64,0,64,199
06/05/2022,MSN,WI,AGL,CE,Combined TRACON& Tower with Radar,50,27,24,0,101,0,0,41,2,43,50,27,65,2,144,66,0,66,210
06/06/2022,MSN,WI,AGL,CE,Combined TRACON& Tower with Radar,55,15,54,3,127,0,0,4,0,4,55,15,58,3,131,0,0,0,131
06/07/2022,MSN,WI,AGL,CE,Combined TRACON& Tower with Radar,51,29,58,4,142,0,0,65,2,67,51,29,123,6,209,58,0,58,267
06/08/2022,MSN,WI,AGL,CE,Combined TRACON& Tower with Radar,59,33,48,2,142,0,0,2,2,4,59,33,50,4,146,6,4,10,156
06/09/2022,MSN,WI,AGL,CE,Combined TRACON& Tower with Radar,56,29,48,4,137,0,2,88,5,95,56,31,136,9,232,42,0,42,274
06/10/2022,MSN,WI,AGL,CE,Combined TRACON& Tower with Radar,52,26,27,5,110,0,0,54,2,56,52,26,81,7,166,22,0,22,188
06/11/2022,MSN,WI,AGL,CE,Combined TRACON& Tower with Radar,44,32,40,2,118,0,0,7,0,7,44,32,47,2,125,26,0,26,151
06/12/2022,MSN,WI,AGL,CE,Combined TRACON& Tower with Radar,48,35,28,0,111,0,1,35,2,38,48,36,63,2,149,38,0,38,187
06/13/2022,MSN,WI,AGL,CE,Combined TRACON& Tower with Radar,64,27,25,4,120,0,0,10,0,10,64,27,35,4,130,2,0,2,132
06/14/2022,MSN,WI,AGL,CE,Combined TRACON& Tower with Radar,53,30,32,1,116,0,0,54,0,54,53,30,86,1,170,30,0,30,200
06/15/2022,MSN,WI,AGL,CE,Combined TRACON& Tower with Radar,51,37,33,1,122,0,0,39,0,39,51,37,72,1,161,16,0,16,177
06/16/2022,MSN,WI,AGL,CE,Combined TRACON& Tower with Radar,44,30,56,0,130,0,0,27,1,28,44,30,83,1,158,8,0,8,166
06/17/2022,MSN,WI,AGL,CE,Combined TRACON& Tower with Radar,47,27,26,3,103,0,1,73,2,76,47,28,99,5,179,40,0,40,219
06/18/2022,MSN,WI,AGL,CE,Combined TRACON& Tower with Radar,45,14,27,1,87,0,2,89,0,91,45,16,116,1,178,94,0,94,272
06/19/2022,MSN,WI,AGL,CE,Combined TRACON& Tower with Radar,45,15,14,1,75,0,1,81,0,82,45,16,95,1,157,34,0,34,191
06/20/2022,MSN,WI,AGL,CE,Combined TRACON& Tower with Radar,57,27,47,0,131,0,0,81,0,81,57,27,128,0,212,26,0,26,238
06/21/2022,MSN,WI,AGL,CE,Combined TRACON& Tower with Radar,54,20,28,4,106,0,0,31,8,39,54,20,59,12,145,0,0,0,145
06/22/2022,MSN,WI,AGL,CE,Combined TRACON& Tower with Radar,49,30,55,8,142,0,2,77,15,94,49,32,132,23,236,32,0,32,268
06/23/2022,MSN,WI,AGL,CE,Combined TRACON& Tower with Radar,48,32,47,11,138,0,0,81,17,98,48,32,128,28,236,42,0,42,278
06/24/2022,MSN,WI,AGL,CE,Combined TRACON& Tower with Radar,50,28,38,2,118,0,0,70,0,70,50,28,108,2,188,6,0,6,194
06/25/2022,MSN,WI,AGL,CE,Combined TRACON& Tower with Radar,48,17,20,0,85,0,0,1,0,1,48,17,21,0,86,0,0,0,86
06/26/2022,MSN,WI,AGL,CE,Combined TRACON& Tower with Radar,46,26,36,0,108,0,3,45,0,48,46,29,81,0,156,8,0,8,164
06/27/2022,MSN,WI,AGL,CE,Combined TRACON& Tower with Radar,52,31,39,9,131,0,2,62,2,66,52,33,101,11,197,24,0,24,221
06/28/2022,MSN,WI,AGL,CE,Combined TRACON& Tower with Radar,54,27,43,5,129,0,3,65,4,72,54,30,108,9,201,40,0,40,241
06/29/2022,MSN,WI,AGL,CE,Combined TRACON& Tower with Radar,58,31,56,13,158,0,0,83,12,95,58,31,139,25,253,44,2,46,299
06/30/2022,MSN,WI,AGL,CE,Combined TRACON& Tower with Radar,55,33,38,7,133,0,2,35,11,48,55,35,73,18,181,18,0,18,199
07/01/2022,MSN,WI,AGL,CE,Combined TRACON& Tower with Radar,53,25,36,3,117,0,2,84,0,86,53,27,120,3,203,66,0,66,269
07/02/2022,MSN,WI,AGL,CE,Combined TRACON& Tower with Radar,45,18,19,0,82,0,1,64,1,66,45,19,83,1,148,20,0,20,168
07/03/2022,MSN,WI,AGL,CE,Combined TRACON& Tower with Radar,49,18,20,0,87,0,0,97,0,97,49,18,117,0,184,38,0,38,222
07/04/2022,MSN,WI,AGL,CE,Combined TRACON& Tower with Radar,50,14,3,4,71,0,1,10,2,13,50,15,13,6,84,32,0,32,116
07/05/2022,MSN,WI,AGL,CE,Combined TRACON& Tower with Radar,52,25,27,13,117,0,0,11,0,11,52,25,38,13,128,30,0,30,158
07/06/2022,MSN,WI,AGL,CE,Combined TRACON& Tower with Radar,57,25,53,17,152,0,0,17,10,27,57,25,70,27,179,84,0,84,263
07/07/2022,MSN,WI,AGL,CE,Combined TRACON& Tower with Radar,51,24,38,9,122,0,0,41,4,45,51,24,79,13,167,106,0,106,273
07/08/2022,MSN,WI,AGL,CE,Combined TRACON& Tower with Radar,50,29,26,14,119,0,1,21,0,22,50,30,47,14,141,56,0,56,197
07/09/2022,MSN,WI,AGL,CE,Combined TRACON& Tower with Radar,44,21,36,4,105,0,0,126,9,135,44,21,162,13,240,88,0,88,328
07/10/2022,MSN,WI,AGL,CE,Combined TRACON& Tower with Radar,47,20,26,1,94,0,0,79,2,81,47,20,105,3,175,9,0,9,184
07/11/2022,MSN,WI,AGL,CE,Combined TRACON& Tower with Radar,60,28,40,7,135,0,1,46,0,47,60,29,86,7,182,30,0,30,212
07/12/2022,MSN,WI,AGL,CE,Combined TRACON& Tower with Radar,63,33,30,8,134,0,0,68,13,81,63,33,98,21,215,26,4,30,245
07/13/2022,MSN,WI,AGL,CE,Combined TRACON& Tower with Radar,60,32,52,25,169,0,0,90,13,103,60,32,142,38,272,38,14,52,324
07/14/2022,MSN,WI,AGL,CE,Combined TRACON& Tower with Radar,54,29,49,17,149,0,0,99,12,111,54,29,148,29,260,76,2,78,338
07/15/2022,MSN,WI,AGL,CE,Combined TRACON& Tower with Radar,56,18,36,39,149,0,0,2,1,3,56,18,38,40,152,0,38,38,190
07/16/2022,MSN,WI,AGL,CE,Combined TRACON& Tower with Radar,45,19,17,8,89,0,0,24,0,24,45,19,41,8,113,46,0,46,159
07/17/2022,MSN,WI,AGL,CE,Combined TRACON& Tower with Radar,51,22,34,0,107,0,2,82,0,84,51,24,116,0,191,128,0,128,319
07/18/2022,MSN,WI,AGL,CE,Combined TRACON& Tower with Radar,52,34,36,10,132,0,0,95,0,95,52,34,131,10,227,90,0,90,317
07/19/2022,MSN,WI,AGL,CE,Combined TRACON& Tower with Radar,55,28,39,15,137,0,2,61,9,72,55,30,100,24,209,72,0,72,281
07/20/2022,MSN,WI,AGL,CE,Combined TRACON& Tower with Radar,64,22,66,11,163,0,0,54,7,61,64,22,120,18,224,14,0,14,238
07/21/2022,MSN,WI,AGL,CE,Combined TRACON& Tower with Radar,48,33,62,13,156,0,2,111,8,121,48,35,173,21,277,52,0,52,329
07/22/2022,MSN,WI,AGL,CE,Combined TRACON& Tower with Radar,53,24,55,6,138,0,0,101,0,101,53,24,156,6,239,6,0,6,245
07/23/2022,MSN,WI,AGL,CE,Combined TRACON& Tower with Radar,43,15,24,0,82,0,0,50,5,55,43,15,74,5,137,0,0,0,137
07/24/2022,MSN,WI,AGL,CE,Combined TRACON& Tower with Radar,49,22,55,1,127,0,1,69,1,71,49,23,124,2,198,0,0,0,198
07/25/2022,MSN,WI,AGL,CE,Combined TRACON& Tower with Radar,47,24,36,11,118,0,1,62,5,68,47,25,98,16,186,30,0,30,216
07/26/2022,MSN,WI,AGL,CE,Combined TRACON& Tower with Radar,56,30,48,11,145,0,0,66,4,70,56,30,114,15,215,34,0,34,249
07/27/2022,MSN,WI,AGL,CE,Combined TRACON& Tower with Radar,62,24,68,12,166,0,1,51,7,59,62,25,119,19,225,26,0,26,251
07/28/2022,MSN,WI,AGL,CE,Combined TRACON& Tower with Radar,56,24,48,18,146,0,3,87,4,94,56,27,135,22,240,27,6,33,273
07/29/2022,MSN,WI,AGL,CE,Combined TRACON& Tower with Radar,53,25,48,2,128,0,0,65,1,66,53,25,113,3,194,10,0,10,204
07/30/2022,MSN,WI,AGL,CE,Combined TRACON& Tower with Radar,44,27,28,5,104,0,0,85,0,85,44,27,113,5,189,38,0,38,227
07/31/2022,MSN,WI,AGL,CE,Combined TRACON& Tower with Radar,44,22,27,4,97,0,1,60,4,65,44,23,87,8,162,14,0,14,176
08/01/2022,MSN,WI,AGL,CE,Combined TRACON& Tower with Radar,57,17,38,7,119,0,0,44,6,50,57,17,82,13,169,32,0,32,201
08/02/2022,MSN,WI,AGL,CE,Combined TRACON& Tower with Radar,55,23,31,24,133,0,0,82,12,94,55,23,113,36,227,58,6,64,291
08/03/2022,MSN,WI,AGL,CE,Combined TRACON& Tower with Radar,55,22,31,3,111,0,0,15,6,21,55,22,46,9,132,48,0,48,180
08/04/2022,MSN,WI,AGL,CE,Combined TRACON& Tower with Radar,49,28,40,12,129,0,0,99,9,108,49,28,139,21,237,64,0,64,301
08/05/2022,MSN,WI,AGL,CE,Combined TRACON& Tower with Radar,50,26,43,13,132,1,3,96,5,105,51,29,139,18,237,116,0,116,353
08/06/2022,MSN,WI,AGL,CE,Combined TRACON& Tower with Radar,42,29,32,4,107,0,2,52,0,54,42,31,84,4,161,42,0,42,203
08/07/2022,MSN,WI,AGL,CE,Combined TRACON& Tower with Radar,45,20,47,4,116,0,0,8,0,8,45,20,55,4,124,14,0,14,138
08/08/2022,MSN,WI,AGL,CE,Combined TRACON& Tower with Radar,54,18,64,14,150,0,0,14,2,16,54,18,78,16,166,68,0,68,234
08/09/2022,MSN,WI,AGL,CE,Combined TRACON& Tower with Radar,55,26,32,5,118,0,0,103,8,111,55,26,135,13,229,54,0,54,283
08/10/2022,MSN,WI,AGL,CE,Combined TRACON& Tower with Radar,52,27,53,3,135,0,0,82,13,95,52,27,135,16,230,154,0,154,384
08/11/2022,MSN,WI,AGL,CE,Combined TRACON& Tower with Radar,49,29,43,8,129,0,0,85,13,98,49,29,128,21,227,114,2,116,343
08/12/2022,MSN,WI,AGL,CE,Combined TRACON& Tower with Radar,51,23,24,0,98,0,1,60,2,63,51,24,84,2,161,44,0,44,205
08/13/2022,MSN,WI,AGL,CE,Combined TRACON& Tower with Radar,44,22,16,0,82,0,0,17,0,17,44,22,33,0,99,40,0,40,139
08/14/2022,MSN,WI,AGL,CE,Combined TRACON& Tower with Radar,50,28,42,1,121,0,0,1,0,1,50,28,43,1,122,54,0,54,176
08/15/2022,MSN,WI,AGL,CE,Combined TRACON& Tower with Radar,55,21,30,5,111,0,0,38,1,39,55,21,68,6,150,90,0,90,240
08/16/2022,MSN,WI,AGL,CE,Combined TRACON& Tower with Radar,58,28,33,12,131,0,0,73,13,86,58,28,106,25,217,46,0,46,263
08/17/2022,MSN,WI,AGL,CE,Combined TRACON& Tower with Radar,59,28,33,21,141,0,1,110,18,129,59,29,143,39,270,54,0,54,324
08/18/2022,MSN,WI,AGL,CE,Combined TRACON& Tower with Radar,56,22,47,15,140,0,0,90,19,109,56,22,137,34,249,82,0,82,331
08/19/2022,MSN,WI,AGL,CE,Combined TRACON& Tower with Radar,59,23,29,14,125,0,0,35,0,35,59,23,64,14,160,78,4,82,242
08/20/2022,MSN,WI,AGL,CE,Combined TRACON& Tower with Radar,50,18,12,6,86,0,0,5,0,5,50,18,17,6,91,0,0,0,91
08/21/2022,MSN,WI,AGL,CE,Combined TRACON& Tower with Radar,75,15,37,6,133,0,0,31,0,31,75,15,68,6,164,38,0,38,202
08/22/2022,MSN,WI,AGL,CE,Combined TRACON& Tower with Radar,54,30,24,7,115,0,4,77,4,85,54,34,101,11,200,36,0,36,236
08/23/2022,MSN,WI,AGL,CE,Combined TRACON& Tower with Radar,55,28,28,14,125,0,0,86,12,98,55,28,114,26,223,126,4,130,353
08/24/2022,MSN,WI,AGL,CE,Combined TRACON& Tower with Radar,85,51,52,10,198,0,3,88,16,107,85,54,140,26,305,76,8,84,389
08/25/2022,MSN,WI,AGL,CE,Combined TRACON& Tower with Radar,60,31,38,5,134,0,0,5,6,11,60,31,43,11,145,54,0,54,199
08/26/2022,MSN,WI,AGL,CE,Combined TRACON& Tower with Radar,58,22,25,5,110,0,0,89,0,89,58,22,114,5,199,80,0,80,279
08/27/2022,MSN,WI,AGL,CE,Combined TRACON& Tower with Radar,48,24,24,1,97,0,0,53,0,53,48,24,77,1,150,28,0,28,178
08/28/2022,MSN,WI,AGL,CE,Combined TRACON& Tower with Radar,54,28,18,4,104,0,0,11,0,11,54,28,29,4,115,48,0,48,163
08/29/2022,MSN,WI,AGL,CE,Combined TRACON& Tower with Radar,70,26,37,1,134,0,2,26,2,30,70,28,63,3,164,38,0,38,202
08/30/2022,MSN,WI,AGL,CE,Combined TRACON& Tower with Radar,56,23,32,13,124,0,0,76,7,83,56,23,108,20,207,80,0,80,287
08/31/2022,MSN,WI,AGL,CE,Combined TRACON& Tower with Radar,58,24,53,7,142,0,0,100,16,116,58,24,153,23,258,40,0,40,298
09/01/2022,MSN,WI,AGL,CE,Combined TRACON& Tower with Radar,62,30,43,14,149,0,0,86,13,99,62,30,129,27,248,64,0,64,312
09/02/2022,MSN,WI,AGL,CE,Combined TRACON& Tower with Radar,58,18,44,8,128,0,0,77,3,80,58,18,121,11,208,52,0,52,260
09/03/2022,MSN,WI,AGL,CE,Combined TRACON& Tower with Radar,43,14,18,1,76,0,0,6,2,8,43,14,24,3,84,2,0,2,86
09/04/2022,MSN,WI,AGL,CE,Combined TRACON& Tower with Radar,42,22,35,1,100,0,0,2,0,2,42,22,37,1,102,28,0,28,130
09/05/2022,MSN,WI,AGL,CE,Combined TRACON& Tower with Radar,55,21,50,0,126,0,1,32,0,33,55,22,82,0,159,100,0,100,259
09/06/2022,MSN,WI,AGL,CE,Combined TRACON& Tower with Radar,56,28,44,12,140,0,0,39,9,48,56,28,83,21,188,42,0,42,230
09/07/2022,MSN,WI,AGL,CE,Combined TRACON& Tower with Radar,57,27,31,12,127,0,0,98,5,103,57,27,129,17,230,60,2,62,292
09/08/2022,MSN,WI,AGL,CE,Combined TRACON& Tower with Radar,52,41,59,12,164,0,0,75,16,91,52,41,134,28,255,30,2,32,287
09/09/2022,MSN,WI,AGL,CE,Combined TRACON& Tower with Radar,65,30,33,14,142,0,0,76,4,80,65,30,109,18,222,80,0,80,302
09/10/2022,MSN,WI,AGL,CE,Combined TRACON& Tower with Radar,50,17,33,1,101,0,0,32,5,37,50,17,65,6,138,72,2,74,212
09/11/2022,MSN,WI,AGL,CE,Combined TRACON& Tower with Radar,52,19,25,1,97,0,0,1,0,1,52,19,26,1,98,0,0,0,98
09/12/2022,MSN,WI,AGL,CE,Combined TRACON& Tower with Radar,61,25,35,10,131,0,0,0,0,0,61,25,35,10,131,0,0,0,131
09/13/2022,MSN,WI,AGL,CE,Combined TRACON& Tower with Radar,58,27,37,8,130,0,2,83,15,100,58,29,120,23,230,56,0,56,286
09/14/2022,MSN,WI,AGL,CE,Combined TRACON& Tower with Radar,60,29,28,17,134,0,0,33,12,45,60,29,61,29,179,56,0,56,235
09/15/2022,MSN,WI,AGL,CE,Combined TRACON& Tower with Radar,55,34,47,13,149,0,0,76,12,88,55,34,123,25,237,74,0,74,311
09/16/2022,MSN,WI,AGL,CE,Combined TRACON& Tower with Radar,59,33,53,7,152,0,0,81,1,82,59,33,134,8,234,78,0,78,312
09/17/2022,MSN,WI,AGL,CE,Combined TRACON& Tower with Radar,47,18,28,0,93,0,0,68,0,68,47,18,96,0,161,80,0,80,241
09/18/2022,MSN,WI,AGL,CE,Combined TRACON& Tower with Radar,47,23,32,2,104,0,0,58,0,58,47,23,90,2,162,116,0,116,278
09/19/2022,MSN,WI,AGL,CE,Combined TRACON& Tower with Radar,55,36,49,6,146,0,0,80,4,84,55,36,129,10,230,52,4,56,286
09/20/2022,MSN,WI,AGL,CE,Combined TRACON& Tower with Radar,59,20,40,5,124,0,0,23,8,31,59,20,63,13,155,76,2,78,233
09/21/2022,MSN,WI,AGL,CE,Combined TRACON& Tower with Radar,56,40,35,9,140,0,0,40,13,53,56,40,75,22,193,48,0,48,241
09/22/2022,MSN,WI,AGL,CE,Combined TRACON& Tower with Radar,53,30,34,7,124,0,2,51,8,61,53,32,85,15,185,74,2,76,261
09/23/2022,MSN,WI,AGL,CE,Combined TRACON& Tower with Radar,60,24,46,12,142,0,0,62,2,64,60,24,108,14,206,60,0,60,266
09/24/2022,MSN,WI,AGL,CE,Combined TRACON& Tower with Radar,44,20,39,9,112,0,0,5,2,7,44,20,44,11,119,0,0,0,119
09/25/2022,MSN,WI,AGL,CE,Combined TRACON& Tower with Radar,50,23,27,0,100,0,0,10,0,10,50,23,37,0,110,0,0,0,110
09/26/2022,MSN,WI,AGL,CE,Combined TRACON& Tower with Radar,57,25,35,2,119,0,0,21,0,21,57,25,56,2,140,56,0,56,196
09/27/2022,MSN,WI,AGL,CE,Combined TRACON& Tower with Radar,60,26,35,4,125,0,0,64,7,71,60,26,99,11,196,58,0,58,254
09/28/2022,MSN,WI,AGL,CE,Combined TRACON& Tower with Radar,59,18,54,9,140,0,0,70,5,75,59,18,124,14,215,84,6,90,305
09/29/2022,MSN,WI,AGL,CE,Combined TRACON& Tower with Radar,55,26,52,12,145,0,1,68,17,86,55,27,120,29,231,64,6,70,301
09/30/2022,MSN,WI,AGL,CE,Combined TRACON& Tower with Radar,59,25,37,3,124,0,0,85,0,85,59,25,122,3,209,102,0,102,311
10/01/2022,MSN,WI,AGL,CE,Combined TRACON& Tower with Radar,51,18,49,0,118,0,2,92,1,95,51,20,141,1,213,34,0,34,247
10/02/2022,MSN,WI,AGL,CE,Combined TRACON& Tower with Radar,46,25,41,0,112,0,0,66,2,68,46,25,107,2,180,124,0,124,304
10/03/2022,MSN,WI,AGL,CE,Combined TRACON& Tower with Radar,59,27,27,7,120,0,0,63,2,65,59,27,90,9,185,40,0,40,225
10/04/2022,MSN,WI,AGL,CE,Combined TRACON& Tower with Radar,59,26,48,3,136,0,0,61,2,63,59,26,109,5,199,114,0,114,313
10/05/2022,MSN,WI,AGL,CE,Combined TRACON& Tower with Radar,60,26,40,6,132,0,0,84,6,90,60,26,124,12,222,116,2,118,340
10/06/2022,MSN,WI,AGL,CE,Combined TRACON& Tower with Radar,56,28,47,16,147,0,0,23,1,24,56,28,70,17,171,44,0,44,215
10/07/2022,MSN,WI,AGL,CE,Combined TRACON& Tower with Radar,59,40,29,3,131,0,0,69,0,69,59,40,98,3,200,74,0,74,274
10/08/2022,MSN,WI,AGL,CE,Combined TRACON& Tower with Radar,52,15,15,0,82,0,0,63,3,66,52,15,78,3,148,84,0,84,232
10/09/2022,MSN,WI,AGL,CE,Combined TRACON& Tower with Radar,51,26,35,0,112,0,0,113,2,115,51,26,148,2,227,52,0,52,279
10/10/2022,MSN,WI,AGL,CE,Combined TRACON& Tower with Radar,59,26,24,0,109,0,0,67,0,67,59,26,91,0,176,64,0,64,240
10/11/2022,MSN,WI,AGL,CE,Combined TRACON& Tower with Radar,58,30,40,4,132,0,0,31,2,33,58,30,71,6,165,50,0,50,215
10/12/2022,MSN,WI,AGL,CE,Combined TRACON& Tower with Radar,66,34,31,5,136,0,0,19,7,26,66,34,50,12,162,38,2,40,202
10/13/2022,MSN,WI,AGL,CE,Combined TRACON& Tower with Radar,57,24,54,5,140,0,0,42,7,49,57,24,96,12,189,36,0,36,225
10/14/2022,MSN,WI,AGL,CE,Combined TRACON& Tower with Radar,66,27,23,3,119,0,0,50,1,51,66,27,73,4,170,62,0,62,232
10/15/2022,MSN,WI,AGL,CE,Combined TRACON& Tower with Radar,49,29,30,0,108,0,18,89,2,109,49,47,119,2,217,48,0,48,265
10/16/2022,MSN,WI,AGL,CE,Combined TRACON& Tower with Radar,51,29,32,0,112,0,0,47,0,47,51,29,79,0,159,116,0,116,275
10/17/2022,MSN,WI,AGL,CE,Combined TRACON& Tower with Radar,58,25,29,2,114,0,0,9,0,9,58,25,38,2,123,0,0,0,123
10/18/2022,MSN,WI,AGL,CE,Combined TRACON& Tower with Radar,56,26,27,5,114,0,0,8,14,22,56,26,35,19,136,14,0,14,150
10/19/2022,MSN,WI,AGL,CE,Combined TRACON& Tower with Radar,58,34,36,4,132,0,1,63,7,71,58,35,99,11,203,100,0,100,303
10/20/2022,MSN,WI,AGL,CE,Combined TRACON& Tower with Radar,57,31,50,6,144,0,3,101,12,116,57,34,151,18,260,56,0,56,316
10/21/2022,MSN,WI,AGL,CE,Combined TRACON& Tower with Radar,61,43,41,3,148,0,0,33,1,34,61,43,74,4,182,26,0,26,208
10/22/2022,MSN,WI,AGL,CE,Combined TRACON& Tower with Radar,49,31,23,0,103,0,0,60,0,60,49,31,83,0,163,76,0,76,239
10/23/2022,MSN,WI,AGL,CE,Combined TRACON& Tower with Radar,50,34,37,0,121,0,0,35,0,35,50,34,72,0,156,56,0,56,212
10/24/2022,MSN,WI,AGL,CE,Combined TRACON& Tower with Radar,58,22,22,6,108,0,0,14,0,14,58,22,36,6,122,0,4,4,126
10/25/2022,MSN,WI,AGL,CE,Combined TRACON& Tower with Radar,51,23,38,5,117,0,0,5,7,12,51,23,43,12,129,8,0,8,137
10/26/2022,MSN,WI,AGL,CE,Combined TRACON& Tower with Radar,54,33,28,5,120,0,0,56,9,65,54,33,84,14,185,130,10,140,325
10/27/2022,MSN,WI,AGL,CE,Combined TRACON& Tower with Radar,58,23,50,18,149,0,0,66,12,78,58,23,116,30,227,100,8,108,335
10/28/2022,MSN,WI,AGL,CE,Combined TRACON& Tower with Radar,60,21,29,17,127,0,4,90,5,99,60,25,119,22,226,112,0,112,338
10/29/2022,MSN,WI,AGL,CE,Combined TRACON& Tower with Radar,50,10,21,2,83,0,0,101,2,103,50,10,122,4,186,170,0,170,356
10/30/2022,MSN,WI,AGL,CE,Combined TRACON& Tower with Radar,46,17,30,0,93,0,0,94,0,94,46,17,124,0,187,84,0,84,271
10/31/2022,MSN,WI,AGL,CE,Combined TRACON& Tower with Radar,56,23,22,5,106,0,0,37,3,40,56,23,59,8,146,68,0,68,214
11/01/2022,MSN,WI,AGL,CE,Combined TRACON& Tower with Radar,58,25,34,6,123,0,4,79,7,90,58,29,113,13,213,128,0,128,341
11/02/2022,MSN,WI,AGL,CE,Combined TRACON& Tower with Radar,58,26,29,6,119,0,0,76,14,90,58,26,105,20,209,68,2,70,279
11/03/2022,MSN,WI,AGL,CE,Combined TRACON& Tower with Radar,62,30,30,0,122,0,0,30,12,42,62,30,60,12,164,60,0,60,224
11/04/2022,MSN,WI,AGL,CE,Combined TRACON& Tower with Radar,57,31,35,0,123,0,0,6,0,6,57,31,41,0,129,28,0,28,157
11/05/2022,MSN,WI,AGL,CE,Combined TRACON& Tower with Radar,51,30,19,1,101,0,0,0,0,0,51,30,19,1,101,0,0,0,101
11/06/2022,MSN,WI,AGL,CE,Combined TRACON& Tower with Radar,53,29,37,0,119,0,0,39,0,39,53,29,76,0,158,36,0,36,194
11/07/2022,MSN,WI,AGL,CE,Combined TRACON& Tower with Radar,56,33,43,6,138,0,0,69,3,72,56,33,112,9,210,70,4,74,284
11/08/2022,MSN,WI,AGL,CE,Combined TRACON& Tower with Radar,57,23,39,6,125,0,1,60,11,72,57,24,99,17,197,52,0,52,249
11/09/2022,MSN,WI,AGL,CE,Combined TRACON& Tower with Radar,58,23,46,3,130,0,0,39,13,52,58,23,85,16,182,50,0,50,232
11/10/2022,MSN,WI,AGL,CE,Combined TRACON& Tower with Radar,63,22,20,2,107,0,0,6,2,8,63,22,26,4,115,4,0,4,119
11/11/2022,MSN,WI,AGL,CE,Combined TRACON& Tower with Radar,59,17,35,1,112,0,0,4,0,4,59,17,39,1,116,0,0,0,116
11/12/2022,MSN,WI,AGL,CE,Combined TRACON& Tower with Radar,50,15,23,3,91,0,0,4,1,5,50,15,27,4,96,90,0,90,186
11/13/2022,MSN,WI,AGL,CE,Combined TRACON& Tower with Radar,61,15,44,0,120,0,2,96,0,98,61,17,140,0,218,92,0,92,310
11/14/2022,MSN,WI,AGL,CE,Combined TRACON& Tower with Radar,62,24,37,10,133,0,0,38,0,38,62,24,75,10,171,70,0,70,241
11/15/2022,MSN,WI,AGL,CE,Combined TRACON& Tower with Radar,63,14,19,0,96,0,0,0,0,0,63,14,19,0,96,0,0,0,96
11/16/2022,MSN,WI,AGL,CE,Combined TRACON& Tower with Radar,61,26,35,4,126,0,0,0,4,4,61,26,35,8,130,6,0,6,136
11/17/2022,MSN,WI,AGL,CE,Combined TRACON& Tower with Radar,62,19,41,3,125,0,0,1,2,3,62,19,42,5,128,0,4,4,132
11/18/2022,MSN,WI,AGL,CE,Combined TRACON& Tower with Radar,67,11,20,3,101,0,0,5,2,7,67,11,25,5,108,2,0,2,110
11/19/2022,MSN,WI,AGL,CE,Combined TRACON& Tower with Radar,54,19,11,4,88,0,0,4,0,4,54,19,15,4,92,32,0,32,124
11/20/2022,MSN,WI,AGL,CE,Combined TRACON& Tower with Radar,63,13,18,1,95,0,0,48,1,49,63,13,66,2,144,32,0,32,176
11/21/2022,MSN,WI,AGL,CE,Combined TRACON& Tower with Radar,66,24,33,6,129,0,0,65,2,67,66,24,98,8,196,52,0,52,248
11/22/2022,MSN,WI,AGL,CE,Combined TRACON& Tower with Radar,60,21,43,8,132,0,0,92,11,103,60,21,135,19,235,142,0,142,377
11/23/2022,MSN,WI,AGL,CE,Combined TRACON& Tower with Radar,58,20,38,0,116,0,4,99,6,109,58,24,137,6,225,132,0,132,357
11/24/2022,MSN,WI,AGL,CE,Combined TRACON& Tower with Radar,40,8,6,0,54,0,0,8,0,8,40,8,14,0,62,28,0,28,90
11/25/2022,MSN,WI,AGL,CE,Combined TRACON& Tower with Radar,52,18,18,0,88,0,0,90,0,90,52,18,108,0,178,96,0,96,274
11/26/2022,MSN,WI,AGL,CE,Combined TRACON& Tower with Radar,56,22,39,0,117,0,1,46,0,47,56,23,85,0,164,36,0,36,200
11/27/2022,MSN,WI,AGL,CE,Combined TRACON& Tower with Radar,64,25,28,0,117,0,0,12,0,12,64,25,40,0,129,8,0,8,137
11/28/2022,MSN,WI,AGL,CE,Combined TRACON& Tower with Radar,63,20,44,2,129,0,0,48,2,50,63,20,92,4,179,70,0,70,249
11/29/2022,MSN,WI,AGL,CE,Combined TRACON& Tower with Radar,61,20,31,2,114,0,0,0,0,0,61,20,31,2,114,0,0,0,114
11/30/2022,MSN,WI,AGL,CE,Combined TRACON& Tower with Radar,60,27,23,4,114,0,0,3,6,9,60,27,26,10,123,2,0,2,125
12/01/2022,MSN,WI,AGL,CE,Combined TRACON& Tower with Radar,65,23,32,5,125,0,0,65,19,84,65,23,97,24,209,62,0,62,271
12/02/2022,MSN,WI,AGL,CE,Combined TRACON& Tower with Radar,62,18,15,8,103,0,0,10,2,12,62,18,25,10,115,11,0,11,126
12/03/2022,MSN,WI,AGL,CE,Combined TRACON& Tower with Radar,49,13,17,0,79,0,0,38,7,45,49,13,55,7,124,52,0,52,176
12/04/2022,MSN,WI,AGL,CE,Combined TRACON& Tower with Radar,61,12,30,0,103,0,0,61,0,61,61,12,91,0,164,36,0,36,200
12/05/2022,MSN,WI,AGL,CE,Combined TRACON& Tower with Radar,62,18,28,6,114,0,0,26,2,28,62,18,54,8,142,48,0,48,190
12/06/2022,MSN,WI,AGL,CE,Combined TRACON& Tower with Radar,59,24,38,4,125,0,1,13,0,14,59,25,51,4,139,18,0,18,157
12/07/2022,MSN,WI,AGL,CE,Combined TRACON& Tower with Radar,61,27,31,5,124,0,0,5,6,11,61,27,36,11,135,0,0,0,135
12/08/2022,MSN,WI,AGL,CE,Combined TRACON& Tower with Radar,63,22,29,8,122,0,0,30,10,40,63,22,59,18,162,176,0,176,338
12/09/2022,MSN,WI,AGL,CE,Combined TRACON& Tower with Radar,60,21,21,2,104,0,0,0,0,0,60,21,21,2,104,0,0,0,104
12/10/2022,MSN,WI,AGL,CE,Combined TRACON& Tower with Radar,47,13,15,0,75,0,0,0,0,0,47,13,15,0,75,0,0,0,75
12/11/2022,MSN,WI,AGL,CE,Combined TRACON& Tower with Radar,61,15,15,0,91,0,0,7,0,7,61,15,22,0,98,36,0,36,134
12/12/2022,MSN,WI,AGL,CE,Combined TRACON& Tower with Radar,59,24,19,5,107,0,0,14,3,17,59,24,33,8,124,42,0,42,166
12/13/2022,MSN,WI,AGL,CE,Combined TRACON& Tower with Radar,57,33,24,4,118,0,0,2,3,5,57,33,26,7,123,22,0,22,145
12/14/2022,MSN,WI,AGL,CE,Combined TRACON& Tower with Radar,56,26,21,1,104,0,0,0,0,0,56,26,21,1,104,0,0,0,104
12/15/2022,MSN,WI,AGL,CE,Combined TRACON& Tower with Radar,59,30,28,2,119,0,0,1,14,15,59,30,29,16,134,0,0,0,134
12/16/2022,MSN,WI,AGL,CE,Combined TRACON& Tower with Radar,57,18,17,2,94,0,0,0,0,0,57,18,17,2,94,0,0,0,94
12/17/2022,MSN,WI,AGL,CE,Combined TRACON& Tower with Radar,48,11,17,0,76,0,0,2,2,4,48,11,19,2,80,0,0,0,80
12/18/2022,MSN,WI,AGL,CE,Combined TRACON& Tower with Radar,53,11,36,0,100,0,3,17,0,20,53,14,53,0,120,40,0,40,160
12/19/2022,MSN,WI,AGL,CE,Combined TRACON& Tower with Radar,52,22,40,10,124,0,0,58,8,66,52,22,98,18,190,32,0,32,222
12/20/2022,MSN,WI,AGL,CE,Combined TRACON& Tower with Radar,52,25,47,4,128,0,0,50,15,65,52,25,97,19,193,56,0,56,249
12/21/2022,MSN,WI,AGL,CE,Combined TRACON& Tower with Radar,51,29,33,8,121,0,1,5,7,13,51,30,38,15,134,0,0,0,134
12/22/2022,MSN,WI,AGL,CE,Combined TRACON& Tower with Radar,51,14,4,0,69,0,0,0,0,0,51,14,4,0,69,0,0,0,69
12/23/2022,MSN,WI,AGL,CE,Combined TRACON& Tower with Radar,35,8,1,0,44,0,0,0,0,0,35,8,1,0,44,0,0,0,44
12/24/2022,MSN,WI,AGL,CE,Combined TRACON& Tower with Radar,36,7,9,0,52,0,0,2,0,2,36,7,11,0,54,0,0,0,54
12/25/2022,MSN,WI,AGL,CE,Combined TRACON& Tower with Radar,45,11,1,0,57,0,0,8,0,8,45,11,9,0,65,0,0,0,65
12/26/2022,MSN,WI,AGL,CE,Combined TRACON& Tower with Radar,49,15,25,4,93,0,0,41,0,41,49,15,66,4,134,50,0,50,184
12/27/2022,MSN,WI,AGL,CE,Combined TRACON& Tower with Radar,55,18,22,5,100,0,0,34,5,39,55,18,56,10,139,8,8,16,155
12/28/2022,MSN,WI,AGL,CE,Combined TRACON& Tower with Radar,60,20,33,3,116,0,0,25,11,36,60,20,58,14,152,32,4,36,188
12/29/2022,MSN,WI,AGL,CE,Combined TRACON& Tower with Radar,59,23,17,1,100,0,0,6,0,6,59,23,23,1,106,20,0,20,126
12/30/2022,MSN,WI,AGL,CE,Combined TRACON& Tower with Radar,50,15,19,2,86,0,0,11,0,11,50,15,30,2,97,46,0,46,143
12/31/2022,MSN,WI,AGL,CE,Combined TRACON& Tower with Radar,38,11,22,2,73,0,0,59,0,59,38,11,81,2,132,20,0,20,152
01/01/2023,MSN,WI,AGL,CE,Combined TRACON& Tower with Radar,49,15,11,0,75,0,0,16,0,16,49,15,27,0,91,36,0,36,127
01/02/2023,MSN,WI,AGL,CE,Combined TRACON& Tower with Radar,48,18,27,2,95,0,0,55,0,55,48,18,82,2,150,114,0,114,264
01/03/2023,MSN,WI,AGL,CE,Combined TRACON& Tower with Radar,49,25,18,3,95,0,0,0,0,0,49,25,18,3,95,0,0,0,95
01/04/2023,MSN,WI,AGL,CE,Combined TRACON& Tower with Radar,51,23,17,7,98,0,0,0,0,0,51,23,17,7,98,0,0,0,98
01/05/2023,MSN,WI,AGL,CE,Combined TRACON& Tower with Radar,57,30,32,6,125,0,0,0,0,0,57,30,32,6,125,0,6,6,131
01/06/2023,MSN,WI,AGL,CE,Combined TRACON& Tower with Radar,57,19,19,11,106,0,0,7,5,12,57,19,26,16,118,2,2,4,122
01/07/2023,MSN,WI,AGL,CE,Combined TRACON& Tower with Radar,49,14,25,2,90,0,0,9,0,9,49,14,34,2,99,6,0,6,105
01/08/2023,MSN,WI,AGL,CE,Combined TRACON& Tower with Radar,52,27,19,1,99,0,0,0,0,0,52,27,19,1,99,0,0,0,99
01/09/2023,MSN,WI,AGL,CE,Combined TRACON& Tower with Radar,58,14,43,4,119,0,1,107,2,110,58,15,150,6,229,96,0,96,325
01/10/2023,MSN,WI,AGL,CE,Combined TRACON& Tower with Radar,58,16,24,1,99,0,0,1,0,1,58,16,25,1,100,0,0,0,100
01/11/2023,MSN,WI,AGL,CE,Combined TRACON& Tower with Radar,57,24,34,4,119,0,0,48,10,58,57,24,82,14,177,94,2,96,273
01/12/2023,MSN,WI,AGL,CE,Combined TRACON& Tower with Radar,60,13,16,5,94,0,0,7,0,7,60,13,23,5,101,8,0,8,109
01/13/2023,MSN,WI,AGL,CE,Combined TRACON& Tower with Radar,57,17,23,0,97,0,3,41,9,53,57,20,64,9,150,42,0,42,192
01/14/2023,MSN,WI,AGL,CE,Combined TRACON& Tower with Radar,45,16,33,0,94,0,6,39,0,45,45,22,72,0,139,24,0,24,163
01/15/2023,MSN,WI,AGL,CE,Combined TRACON& Tower with Radar,47,14,37,0,98,0,7,50,0,57,47,21,87,0,155,34,0,34,189
01/16/2023,MSN,WI,AGL,CE,Combined TRACON& Tower with Radar,58,13,14,0,85,0,0,0,0,0,58,13,14,0,85,0,0,0,85
01/17/2023,MSN,WI,AGL,CE,Combined TRACON& Tower with Radar,59,14,23,2,98,0,0,2,2,4,59,14,25,4,102,12,0,12,114
01/18/2023,MSN,WI,AGL,CE,Combined TRACON& Tower with Radar,60,25,32,3,120,0,0,7,13,20,60,25,39,16,140,82,8,90,230
01/19/2023,MSN,WI,AGL,CE,Combined TRACON& Tower with Radar,65,13,15,0,93,0,0,0,0,0,65,13,15,0,93,0,0,0,93
01/20/2023,MSN,WI,AGL,CE,Combined TRACON& Tower with Radar,58,15,28,0,101,0,0,10,4,14,58,15,38,4,115,32,0,32,147
01/21/2023,MSN,WI,AGL,CE,Combined TRACON& Tower with Radar,46,9,15,0,70,0,0,0,0,0,46,9,15,0,70,0,0,0,70
01/22/2023,MSN,WI,AGL,CE,Combined TRACON& Tower with Radar,58,21,13,0,92,0,0,0,0,0,58,21,13,0,92,0,0,0,92
01/23/2023,MSN,WI,AGL,CE,Combined TRACON& Tower with Radar,58,12,25,5,100,0,1,23,1,25,58,13,48,6,125,32,0,32,157
01/24/2023,MSN,WI,AGL,CE,Combined TRACON& Tower with Radar,60,15,31,7,113,0,0,11,12,23,60,15,42,19,136,64,6,70,206
01/25/2023,MSN,WI,AGL,CE,Combined TRACON& Tower with Radar,56,10,39,2,107,0,0,0,0,0,56,10,39,2,107,0,0,0,107
01/26/2023,MSN,WI,AGL,CE,Combined TRACON& Tower with Radar,67,15,26,5,113,0,0,4,8,12,67,15,30,13,125,0,0,0,125
01/27/2023,MSN,WI,AGL,CE,Combined TRACON& Tower with Radar,66,17,30,1,114,0,0,1,2,3,66,17,31,3,117,0,0,0,117
01/28/2023,MSN,WI,AGL,CE,Combined TRACON& Tower with Radar,50,11,17,0,78,0,0,0,0,0,50,11,17,0,78,16,0,16,94
01/29/2023,MSN,WI,AGL,CE,Combined TRACON& Tower with Radar,58,14,24,0,96,0,3,42,0,45,58,17,66,0,141,32,0,32,173
01/30/2023,MSN,WI,AGL,CE,Combined TRACON& Tower with Radar,61,23,28,5,117,0,0,21,5,26,61,23,49,10,143,14,0,14,157
01/31/2023,MSN,WI,AGL,CE,Combined TRACON& Tower with Radar,55,15,45,5,120,0,0,46,15,61,55,15,91,20,181,98,0,98,279
02/01/2023,MSN,WI,AGL,CE,Combined TRACON& Tower with Radar,53,17,47,9,126,0,0,49,14,63,53,17,96,23,189,178,0,178,367
02/02/2023,MSN,WI,AGL,CE,Combined TRACON& Tower with Radar,57,11,39,12,119,0,0,62,11,73,57,11,101,23,192,32,0,32,224
02/03/2023,MSN,WI,AGL,CE,Combined TRACON& Tower with Radar,51,16,30,12,109,0,0,20,0,20,51,16,50,12,129,8,0,8,137
02/04/2023,MSN,WI,AGL,CE,Combined TRACON& Tower with Radar,42,12,17,2,73,0,0,91,2,93,42,12,108,4,166,32,0,32,198
02/05/2023,MSN,WI,AGL,CE,Combined TRACON& Tower with Radar,53,12,27,4,96,0,2,91,0,93,53,14,118,4,189,130,0,130,319
02/06/2023,MSN,WI,AGL,CE,Combined TRACON& Tower with Radar,53,18,20,8,99,0,0,49,2,51,53,18,69,10,150,26,0,26,176
02/07/2023,MSN,WI,AGL,CE,Combined TRACON& Tower with Radar,61,19,25,6,111,0,0,22,8,30,61,19,47,14,141,38,0,38,179
02/08/2023,MSN,WI,AGL,CE,Combined TRACON& Tower with Radar,55,15,18,6,94,0,0,11,8,19,55,15,29,14,113,24,0,24,137
02/09/2023,MSN,WI,AGL,CE,Combined TRACON& Tower with Radar,56,20,9,2,87,0,0,2,0,2,56,20,11,2,89,0,0,0,89
02/10/2023,MSN,WI,AGL,CE,Combined TRACON& Tower with Radar,47,27,20,5,99,0,1,85,4,90,47,28,105,9,189,94,0,94,283
02/11/2023,MSN,WI,AGL,CE,Combined TRACON& Tower with Radar,40,17,22,0,79,0,3,71,0,74,40,20,93,0,153,52,0,52,205
02/12/2023,MSN,WI,AGL,CE,Combined TRACON& Tower with Radar,47,25,26,4,102,0,0,120,0,120,47,25,146,4,222,74,0,74,296
02/13/2023,MSN,WI,AGL,CE,Combined TRACON& Tower with Radar,49,26,28,5,108,0,0,81,3,84,49,26,109,8,192,94,0,94,286
02/14/2023,MSN,WI,AGL,CE,Combined TRACON& Tower with Radar,51,22,25,4,102,0,0,7,6,13,51,22,32,10,115,0,0,0,115
02/15/2023,MSN,WI,AGL,CE,Combined TRACON& Tower with Radar,50,14,26,5,95,0,0,4,8,12,50,14,30,13,107,6,0,6,113
02/16/2023,MSN,WI,AGL,CE,Combined TRACON& Tower with Radar,48,17,10,0,75,0,0,0,0,0,48,17,10,0,75,0,0,0,75
02/17/2023,MSN,WI,AGL,CE,Combined TRACON& Tower with Radar,47,32,38,6,123,0,0,74,2,76,47,32,112,8,199,16,0,16,215
02/18/2023,MSN,WI,AGL,CE,Combined TRACON& Tower with Radar,39,20,29,1,89,0,2,113,0,115,39,22,142,1,204,52,0,52,256
02/19/2023,MSN,WI,AGL,CE,Combined TRACON& Tower with Radar,48,21,30,0,99,0,0,69,0,69,48,21,99,0,168,118,0,118,286
02/20/2023,MSN,WI,AGL,CE,Combined TRACON& Tower with Radar,55,27,35,0,117,0,0,53,7,60,55,27,88,7,177,120,0,120,297
02/21/2023,MSN,WI,AGL,CE,Combined TRACON& Tower with Radar,48,38,39,5,130,0,0,39,10,49,48,38,78,15,179,72,2,74,253
02/22/2023,MSN,WI,AGL,CE,Combined TRACON& Tower with Radar,31,14,10,0,55,0,0,0,0,0,31,14,10,0,55,0,0,0,55
02/23/2023,MSN,WI,AGL,CE,Combined TRACON& Tower with Radar,48,25,15,3,91,0,0,0,4,4,48,25,15,7,95,0,0,0,95
02/24/2023,MSN,WI,AGL,CE,Combined TRACON& Tower with Radar,50,25,19,7,101,0,0,55,5,60,50,25,74,12,161,58,0,58,219
02/25/2023,MSN,WI,AGL,CE,Combined TRACON& Tower with Radar,40,21,29,0,90,0,7,38,0,45,40,28,67,0,135,50,0,50,185
02/26/2023,MSN,WI,AGL,CE,Combined TRACON& Tower with Radar,53,22,44,0,119,0,7,123,0,130,53,29,167,0,249,84,0,84,333
02/27/2023,MSN,WI,AGL,CE,Combined TRACON& Tower with Radar,52,21,9,2,84,0,0,0,0,0,52,21,9,2,84,0,0,0,84
02/28/2023,MSN,WI,AGL,CE,Combined TRACON& Tower with Radar,52,21,43,8,124,0,0,59,6,65,52,21,102,14,189,80,0,80,269
03/01/2023,MSN,WI,AGL,CE,Combined TRACON& Tower with Radar,55,23,20,13,111,0,0,19,10,29,55,23,39,23,140,42,18,60,200
03/02/2023,MSN,WI,AGL,CE,Combined TRACON& Tower with Radar,53,25,30,4,112,0,0,11,6,17,53,25,41,10,129,68,0,68,197
03/03/2023,MSN,WI,AGL,CE,Combined TRACON& Tower with Radar,54,36,32,1,123,0,0,11,2,13,54,36,43,3,136,20,0,20,156
03/04/2023,MSN,WI,AGL,CE,Combined TRACON& Tower with Radar,42,26,17,2,87,0,0,69,0,69,42,26,86,2,156,56,0,56,212
03/05/2023,MSN,WI,AGL,CE,Combined TRACON& Tower with Radar,52,25,25,1,103,0,0,84,0,84,52,25,109,1,187,54,0,54,241
03/06/2023,MSN,WI,AGL,CE,Combined TRACON& Tower with Radar,53,26,42,3,124,0,0,0,0,0,53,26,42,3,124,0,0,0,124
03/07/2023,MSN,WI,AGL,CE,Combined TRACON& Tower with Radar,53,27,34,6,120,0,0,74,14,88,53,27,108,20,208,52,0,52,260
03/08/2023,MSN,WI,AGL,CE,Combined TRACON& Tower with Radar,51,28,54,7,140,0,0,58,14,72,51,28,112,21,212,32,0,32,244
03/09/2023,MSN,WI,AGL,CE,Combined TRACON& Tower with Radar,54,25,16,1,96,0,0,14,0,14,54,25,30,1,110,34,0,34,144
03/10/2023,MSN,WI,AGL,CE,Combined TRACON& Tower with Radar,54,30,8,3,95,0,0,2,0,2,54,30,10,3,97,0,0,0,97
03/11/2023,MSN,WI,AGL,CE,Combined TRACON& Tower with Radar,48,24,13,0,85,0,0,12,0,12,48,24,25,0,97,60,0,60,157
03/12/2023,MSN,WI,AGL,CE,Combined TRACON& Tower with Radar,53,21,6,0,80,0,0,1,0,1,53,21,7,0,81,0,0,0,81
03/13/2023,MSN,WI,AGL,CE,Combined TRACON& Tower with Radar,57,20,24,8,109,0,0,10,0,10,57,20,34,8,119,18,0,18,137
03/14/2023,MSN,WI,AGL,CE,Combined TRACON& Tower with Radar,55,18,51,9,133,0,0,96,7,103,55,18,147,16,236,56,12,68,304
03/15/2023,MSN,WI,AGL,CE,Combined TRACON& Tower with Radar,53,26,37,10,126,0,0,62,18,80,53,26,99,28,206,14,0,14,220
03/16/2023,MSN,WI,AGL,CE,Combined TRACON& Tower with Radar,54,28,9,3,94,0,0,8,1,9,54,28,17,4,103,78,0,78,181
03/17/2023,MSN,WI,AGL,CE,Combined TRACON& Tower with Radar,54,21,26,2,103,0,0,10,0,10,54,21,36,2,113,2,0,2,115
03/18/2023,MSN,WI,AGL,CE,Combined TRACON& Tower with Radar,51,23,8,0,82,0,0,7,0,7,51,23,15,0,89,4,0,4,93
03/19/2023,MSN,WI,AGL,CE,Combined TRACON& Tower with Radar,52,22,35,0,109,0,0,83,0,83,52,22,118,0,192,92,0,92,284
03/20/2023,MSN,WI,AGL,CE,Combined TRACON& Tower with Radar,54,26,40,4,124,0,1,55,0,56,54,27,95,4,180,102,0,102,282
03/21/2023,MSN,WI,AGL,CE,Combined TRACON& Tower with Radar,51,25,22,8,106,0,0,72,15,87,51,25,94,23,193,98,0,98,291
03/22/2023,MSN,WI,AGL,CE,Combined TRACON& Tower with Radar,55,21,28,2,106,0,0,1,4,5,55,21,29,6,111,2,0,2,113
03/23/2023,MSN,WI,AGL,CE,Combined TRACON& Tower with Radar,57,30,36,2,125,0,0,51,12,63,57,30,87,14,188,98,0,98,286
03/24/2023,MSN,WI,AGL,CE,Combined TRACON& Tower with Radar,56,28,52,0,136,0,0,88,0,88,56,28,140,0,224,68,0,68,292
03/25/2023,MSN,WI,AGL,CE,Combined TRACON& Tower with Radar,45,20,7,0,72,0,0,17,0,17,45,20,24,0,89,0,0,0,89
03/26/2023,MSN,WI,AGL,CE,Combined TRACON& Tower with Radar,59,27,42,0,128,0,0,56,0,56,59,27,98,0,184,60,0,60,244
03/27/2023,MSN,WI,AGL,CE,Combined TRACON& Tower with Radar,52,20,29,4,105,0,7,75,4,86,52,27,104,8,191,146,0,146,337
03/28/2023,MSN,WI,AGL,CE,Combined TRACON& Tower with Radar,54,25,36,4,119,0,0,92,13,105,54,25,128,17,224,42,2,44,268
03/29/2023,MSN,WI,AGL,CE,Combined TRACON& Tower with Radar,56,27,51,6,140,0,2,55,10,67,56,29,106,16,207,54,0,54,261
03/30/2023,MSN,WI,AGL,CE,Combined TRACON& Tower with Radar,57,33,45,5,140,0,0,59,7,66,57,33,104,12,206,100,0,100,306
03/31/2023,MSN,WI,AGL,CE,Combined TRACON& Tower with Radar,50,18,24,0,92,0,0,2,0,2,50,18,26,0,94,0,8,8,102
04/01/2023,MSN,WI,AGL,CE,Combined TRACON& Tower with Radar,46,22,17,0,85,0,0,18,2,20,46,22,35,2,105,30,0,30,135
04/02/2023,MSN,WI,AGL,CE,Combined TRACON& Tower with Radar,55,34,37,0,126,0,0,55,0,55,55,34,92,0,181,44,0,44,225
04/03/2023,MSN,WI,AGL,CE,Combined TRACON& Tower with Radar,54,21,28,8,111,0,2,52,2,56,54,23,80,10,167,90,0,90,257
04/04/2023,MSN,WI,AGL,CE,Combined TRACON& Tower with Radar,57,28,16,4,105,0,0,1,0,1,57,28,17,4,106,0,0,0,106
04/05/2023,MSN,WI,AGL,CE,Combined TRACON& Tower with Radar,52,28,14,9,103,0,0,7,5,12,52,28,21,14,115,0,4,4,119
04/06/2023,MSN,WI,AGL,CE,Combined TRACON& Tower with Radar,60,23,22,4,109,0,0,52,11,63,60,23,74,15,172,10,2,12,184
04/07/2023,MSN,WI,AGL,CE,Combined TRACON& Tower with Radar,57,28,37,4,126,0,0,97,4,101,57,28,134,8,227,54,0,54,281
04/08/2023,MSN,WI,AGL,CE,Combined TRACON& Tower with Radar,49,17,45,0,111,0,3,117,0,120,49,20,162,0,231,70,0,70,301
04/09/2023,MSN,WI,AGL,CE,Combined TRACON& Tower with Radar,55,20,9,0,84,0,1,59,0,60,55,21,68,0,144,106,0,106,250
04/10/2023,MSN,WI,AGL,CE,Combined TRACON& Tower with Radar,57,18,49,5,129,0,0,76,2,78,57,18,125,7,207,76,0,76,283
04/11/2023,MSN,WI,AGL,CE,Combined TRACON& Tower with Radar,59,18,34,5,116,0,0,61,15,76,59,18,95,20,192,50,0,50,242
04/12/2023,MSN,WI,AGL,CE,Combined TRACON& Tower with Radar,54,36,28,5,123,0,0,19,14,33,54,36,47,19,156,12,0,12,168
04/13/2023,MSN,WI,AGL,CE,Combined TRACON& Tower with Radar,58,29,52,1,140,0,1,87,12,100,58,30,139,13,240,100,0,100,340
04/14/2023,MSN,WI,AGL,CE,Combined TRACON& Tower with Radar,53,30,29,4,116,0,0,86,12,98,53,30,115,16,214,166,0,166,380
04/15/2023,MSN,WI,AGL,CE,Combined TRACON& Tower with Radar,43,14,21,0,78,0,0,70,1,71,43,14,91,1,149,110,0,110,259
04/16/2023,MSN,WI,AGL,CE,Combined TRACON& Tower with Radar,50,29,12,0,91,0,0,0,0,0,50,29,12,0,91,0,0,0,91
04/17/2023,MSN,WI,AGL,CE,Combined TRACON& Tower with Radar,55,25,22,4,106,0,0,2,0,2,55,25,24,4,108,0,0,0,108
04/18/2023,MSN,WI,AGL,CE,Combined TRACON& Tower with Radar,57,23,50,2,132,0,2,91,10,103,57,25,141,12,235,160,0,160,395
04/19/2023,MSN,WI,AGL,CE,Combined TRACON& Tower with Radar,52,30,21,0,103,0,0,2,0,2,52,30,23,0,105,0,6,6,111
04/20/2023,MSN,WI,AGL,CE,Combined TRACON& Tower with Radar,73,29,22,0,124,0,0,5,8,13,73,29,27,8,137,30,2,32,169
04/21/2023,MSN,WI,AGL,CE,Combined TRACON& Tower with Radar,54,35,37,15,141,0,1,47,6,54,54,36,84,21,195,64,0,64,259
04/22/2023,MSN,WI,AGL,CE,Combined TRACON& Tower with Radar,45,16,14,2,77,0,0,4,0,4,45,16,18,2,81,0,0,0,81
04/23/2023,MSN,WI,AGL,CE,Combined TRACON& Tower with Radar,58,24,28,5,115,0,0,58,2,60,58,24,86,7,175,90,0,90,265
04/24/2023,MSN,WI,AGL,CE,Combined TRACON& Tower with Radar,53,19,53,5,130,0,1,61,2,64,53,20,114,7,194,94,0,94,288
04/25/2023,MSN,WI,AGL,CE,Combined TRACON& Tower with Radar,57,24,38,6,125,0,1,39,13,53,57,25,77,19,178,100,2,102,280
04/26/2023,MSN,WI,AGL,CE,Combined TRACON& Tower with Radar,52,25,40,5,122,0,0,94,14,108,52,25,134,19,230,132,2,134,364
04/27/2023,MSN,WI,AGL,CE,Combined TRACON& Tower with Radar,53,24,39,8,124,0,0,86,5,91,53,24,125,13,215,90,0,90,305
04/28/2023,MSN,WI,AGL,CE,Combined TRACON& Tower with Radar,52,25,49,1,127,0,0,91,8,99,52,25,140,9,226,186,0,186,412
04/29/2023,MSN,WI,AGL,CE,Combined TRACON& Tower with Radar,47,14,45,0,106,0,0,5,0,5,47,14,50,0,111,24,0,24,135
04/30/2023,MSN,WI,AGL,CE,Combined TRACON& Tower with Radar,53,21,15,0,89,0,0,0,0,0,53,21,15,0,89,0,0,0,89
05/01/2023,MSN,WI,AGL,CE,Combined TRACON& Tower with Radar,52,23,14,0,89,0,1,3,0,4,52,24,17,0,93,0,0,0,93
05/02/2023,MSN,WI,AGL,CE,Combined TRACON& Tower with Radar,54,21,21,8,104,0,0,16,0,16,54,21,37,8,120,18,0,18,138
05/03/2023,MSN,WI,AGL,CE,Combined TRACON& Tower with Radar,56,22,41,3,122,0,0,92,0,92,56,22,133,3,214,86,0,86,300
05/04/2023,MSN,WI,AGL,CE,Combined TRACON& Tower with Radar,53,26,37,7,123,0,2,92,3,97,53,28,129,10,220,104,0,104,324
05/05/2023,MSN,WI,AGL,CE,Combined TRACON& Tower with Radar,48,18,41,8,115,0,0,76,4,80,48,18,117,12,195,91,0,91,286
05/06/2023,MSN,WI,AGL,CE,Combined TRACON& Tower with Radar,49,17,35,10,111,0,0,9,0,9,49,17,44,10,120,72,24,96,216
05/07/2023,MSN,WI,AGL,CE,Combined TRACON& Tower with Radar,53,23,34,7,117,0,3,52,4,59,53,26,86,11,176,92,0,92,268
05/08/2023,MSN,WI,AGL,CE,Combined TRACON& Tower with Radar,52,20,32,2,106,0,0,0,0,0,52,20,32,2,106,0,0,0,106
05/09/2023,MSN,WI,AGL,CE,Combined TRACON& Tower with Radar,60,24,29,2,115,0,3,43,3,49,60,27,72,5,164,70,0,70,234
05/10/2023,MSN,WI,AGL,CE,Combined TRACON& Tower with Radar,56,24,41,5,126,0,0,94,1,95,56,24,135,6,221,56,0,56,277
05/11/2023,MSN,WI,AGL,CE,Combined TRACON& Tower with Radar,57,29,57,1,144,0,0,79,15,94,57,29,136,16,238,30,0,30,268
05/12/2023,MSN,WI,AGL,CE,Combined TRACON& Tower with Radar,52,42,39,6,139,0,0,30,2,32,52,42,69,8,171,124,0,124,295
05/13/2023,MSN,WI,AGL,CE,Combined TRACON& Tower with Radar,47,30,12,0,89,0,0,81,0,81,47,30,93,0,170,104,0,104,274
05/14/2023,MSN,WI,AGL,CE,Combined TRACON& Tower with Radar,53,29,30,0,112,0,1,17,0,18,53,30,47,0,130,52,0,52,182
05/15/2023,MSN,WI,AGL,CE,Combined TRACON& Tower with Radar,52,35,41,13,141,0,6,91,12,109,52,41,132,25,250,114,12,126,376
05/16/2023,MSN,WI,AGL,CE,Combined TRACON& Tower with Radar,58,20,43,7,128,0,4,83,15,102,58,24,126,22,230,110,14,124,354
05/17/2023,MSN,WI,AGL,CE,Combined TRACON& Tower with Radar,55,35,49,8,147,0,3,107,20,130,55,38,156,28,277,158,0,158,435
05/18/2023,MSN,WI,AGL,CE,Combined TRACON& Tower with Radar,57,26,48,2,133,0,1,85,11,97,57,27,133,13,230,78,0,78,308
05/19/2023,MSN,WI,AGL,CE,Combined TRACON& Tower with Radar,53,21,49,4,127,0,2,44,4,50,53,23,93,8,177,84,0,84,261
05/20/2023,MSN,WI,AGL,CE,Combined TRACON& Tower with Radar,46,16,27,0,89,0,1,96,4,101,46,17,123,4,190,120,0,120,310
05/21/2023,MSN,WI,AGL,CE,Combined TRACON& Tower with Radar,58,13,24,0,95,0,1,102,0,103,58,14,126,0,198,164,0,164,362
05/22/2023,MSN,WI,AGL,CE,Combined TRACON& Tower with Radar,54,19,45,10,128,0,1,67,4,72,54,20,112,14,200,52,0,52,252
05/23/2023,MSN,WI,AGL,CE,Combined TRACON& Tower with Radar,58,18,43,4,123,0,3,93,13,109,58,21,136,17,232,90,0,90,322
05/24/2023,MSN,WI,AGL,CE,Combined TRACON& Tower with Radar,55,20,38,6,119,0,0,57,14,71,55,20,95,20,190,52,0,52,242
05/25/2023,MSN,WI,AGL,CE,Combined TRACON& Tower with Radar,55,22,45,5,127,0,1,99,17,117,55,23,144,22,244,80,0,80,324
05/26/2023,MSN,WI,AGL,CE,Combined TRACON& Tower with Radar,52,13,35,3,103,0,0,90,6,96,52,13,125,9,199,44,4,48,247
05/27/2023,MSN,WI,AGL,CE,Combined TRACON& Tower with Radar,47,11,26,2,86,0,1,124,2,127,47,12,150,4,213,110,0,110,323
05/28/2023,MSN,WI,AGL,CE,Combined TRACON& Tower with Radar,49,14,17,0,80,0,0,100,15,115,49,14,117,15,195,134,0,134,329
05/29/2023,MSN,WI,AGL,CE,Combined TRACON& Tower with Radar,52,11,27,2,92,0,2,98,4,104,52,13,125,6,196,98,0,98,294
05/30/2023,MSN,WI,AGL,CE,Combined TRACON& Tower with Radar,59,19,41,7,126,0,2,50,8,60,59,21,91,15,186,106,0,106,292
05/31/2023,MSN,WI,AGL,CE,Combined TRACON& Tower with Radar,60,28,49,8,145,0,1,78,18,97,60,29,127,26,242,74,0,74,316
06/01/2023,MSN,WI,AGL,CE,Combined TRACON& Tower with Radar,63,20,36,6,125,0,0,51,12,63,63,20,87,18,188,138,0,138,326
06/02/2023,MSN,WI,AGL,CE,Combined TRACON& Tower with Radar,51,24,36,6,117,0,4,94,5,103,51,28,130,11,220,90,0,90,310
06/03/2023,MSN,WI,AGL,CE,Combined TRACON& Tower with Radar,50,21,12,0,83,0,2,112,4,118,50,23,124,4,201,106,0,106,307
06/04/2023,MSN,WI,AGL,CE,Combined TRACON& Tower with Radar,58,23,35,0,116,0,10,77,3,90,58,33,112,3,206,152,0,152,358
06/05/2023,MSN,WI,AGL,CE,Combined TRACON& Tower with Radar,54,31,49,7,141,0,3,79,4,86,54,34,128,11,227,64,0,64,291
06/06/2023,MSN,WI,AGL,CE,Combined TRACON& Tower with Radar,57,21,35,7,120,0,0,48,9,57,57,21,83,16,177,112,0,112,289
06/07/2023,MSN,WI,AGL,CE,Combined TRACON& Tower with Radar,54,30,62,4,150,0,3,90,6,99,54,33,152,10,249,106,0,106,355
06/08/2023,MSN,WI,AGL,CE,Combined TRACON& Tower with Radar,55,28,57,5,145,0,0,114,15,129,55,28,171,20,274,80,0,80,354
06/09/2023,MSN,WI,AGL,CE,Combined TRACON& Tower with Radar,53,24,59,14,150,0,0,120,5,125,53,24,179,19,275,72,4,76,351
06/10/2023,MSN,WI,AGL,CE,Combined TRACON& Tower with Radar,47,26,21,1,95,0,0,126,9,135,47,26,147,10,230,86,0,86,316
06/11/2023,MSN,WI,AGL,CE,Combined TRACON& Tower with Radar,57,33,43,2,135,0,0,3,0,3,57,33,46,2,138,50,0,50,188
06/12/2023,MSN,WI,AGL,CE,Combined TRACON& Tower with Radar,51,30,47,10,138,0,0,63,4,67,51,30,110,14,205,12,0,12,217
06/13/2023,MSN,WI,AGL,CE,Combined TRACON& Tower with Radar,57,34,37,11,139,0,0,6,7,13,57,34,43,18,152,42,0,42,194
06/14/2023,MSN,WI,AGL,CE,Combined TRACON& Tower with Radar,54,34,56,12,156,0,3,60,12,75,54,37,116,24,231,110,0,110,341
06/15/2023,MSN,WI,AGL,CE,Combined TRACON& Tower with Radar,58,27,47,14,146,0,1,35,9,45,58,28,82,23,191,98,0,98,289
06/16/2023,MSN,WI,AGL,CE,Combined TRACON& Tower with Radar,50,27,56,1,134,0,0,54,3,57,50,27,110,4,191,126,0,126,317
06/17/2023,MSN,WI,AGL,CE,Combined TRACON& Tower with Radar,46,32,30,1,109,0,0,86,0,86,46,32,116,1,195,114,0,114,309
06/18/2023,MSN,WI,AGL,CE,Combined TRACON& Tower with Radar,58,18,20,3,99,0,0,67,3,70,58,18,87,6,169,88,0,88,257
06/19/2023,MSN,WI,AGL,CE,Combined TRACON& Tower with Radar,54,28,45,3,130,0,1,80,2,83,54,29,125,5,213,64,0,64,277
06/20/2023,MSN,WI,AGL,CE,Combined TRACON& Tower with Radar,55,32,46,10,143,0,0,71,7,78,55,32,117,17,221,86,0,86,307
06/21/2023,MSN,WI,AGL,CE,Combined TRACON& Tower with Radar,54,28,69,13,164,0,0,76,7,83,54,28,145,20,247,148,0,148,395
06/22/2023,MSN,WI,AGL,CE,Combined TRACON& Tower with Radar,55,28,42,13,138,0,0,72,16,88,55,28,114,29,226,76,0,76,302
06/23/2023,MSN,WI,AGL,CE,Combined TRACON& Tower with Radar,50,30,47,5,132,0,1,99,5,105,50,31,146,10,237,90,0,90,327
06/24/2023,MSN,WI,AGL,CE,Combined TRACON& Tower with Radar,47,19,25,0,91,0,0,70,1,71,47,19,95,1,162,144,0,144,306
06/25/2023,MSN,WI,AGL,CE,Combined TRACON& Tower with Radar,60,13,28,0,101,0,0,11,0,11,60,13,39,0,112,68,0,68,180
06/26/2023,MSN,WI,AGL,CE,Combined TRACON& Tower with Radar,51,20,45,2,118,0,0,4,0,4,51,20,49,2,122,14,0,14,136
06/27/2023,MSN,WI,AGL,CE,Combined TRACON& Tower with Radar,49,21,67,8,145,0,0,0,0,0,49,21,67,8,145,0,0,0,145
06/28/2023,MSN,WI,AGL,CE,Combined TRACON& Tower with Radar,45,32,61,6,144,0,0,0,0,0,45,32,61,6,144,0,0,0,144
06/29/2023,MSN,WI,AGL,CE,Combined TRACON& Tower with Radar,52,28,103,15,198,0,0,8,4,12,52,28,111,19,210,22,0,22,232
06/30/2023,MSN,WI,AGL,CE,Combined TRACON& Tower with Radar,49,20,50,7,126,0,0,90,4,94,49,20,140,11,220,122,0,122,342
07/01/2023,MSN,WI,AGL,CE,Combined TRACON& Tower with Radar,52,13,15,0,80,0,0,48,2,50,52,13,63,2,130,92,0,92,222
07/02/2023,MSN,WI,AGL,CE,Combined TRACON& Tower with Radar,56,12,28,0,96,0,0,81,0,81,56,12,109,0,177,158,0,158,335
07/03/2023,MSN,WI,AGL,CE,Combined TRACON& Tower with Radar,50,12,19,0,81,0,0,65,0,65,50,12,84,0,146,72,0,72,218
07/04/2023,MSN,WI,AGL,CE,Combined TRACON& Tower with Radar,45,7,16,1,69,0,0,55,5,60,45,7,71,6,129,40,0,40,169
07/05/2023,MSN,WI,AGL,CE,Combined TRACON& Tower with Radar,58,19,18,5,100,0,0,25,10,35,58,19,43,15,135,18,0,18,153
07/06/2023,MSN,WI,AGL,CE,Combined TRACON& Tower with Radar,53,21,45,13,132,0,0,73,10,83,53,21,118,23,215,176,0,176,391
07/07/2023,MSN,WI,AGL,CE,Combined TRACON& Tower with Radar,53,20,22,4,99,0,0,116,2,118,53,20,138,6,217,130,0,130,347
07/08/2023,MSN,WI,AGL,CE,Combined TRACON& Tower with Radar,48,22,34,10,114,0,1,90,0,91,48,23,124,10,205,132,0,132,337
07/09/2023,MSN,WI,AGL,CE,Combined TRACON& Tower with Radar,58,21,28,0,107,0,0,121,2,123,58,21,149,2,230,112,0,112,342
07/10/2023,MSN,WI,AGL,CE,Combined TRACON& Tower with Radar,55,24,49,7,135,0,0,71,3,74,55,24,120,10,209,66,0,66,275
07/11/2023,MSN,WI,AGL,CE,Combined TRACON& Tower with Radar,57,31,39,11,138,0,0,67,13,80,57,31,106,24,218,138,0,138,356
07/12/2023,MSN,WI,AGL,CE,Combined TRACON& Tower with Radar,66,26,32,5,129,0,0,0,2,2,66,26,32,7,131,16,0,16,147
07/13/2023,MSN,WI,AGL,CE,Combined TRACON& Tower with Radar,57,28,84,8,177,0,0,30,13,43,57,28,114,21,220,52,0,52,272
07/14/2023,MSN,WI,AGL,CE,Combined TRACON& Tower with Radar,53,28,38,4,123,0,0,69,4,73,53,28,107,8,196,56,0,56,252
07/15/2023,MSN,WI,AGL,CE,Combined TRACON& Tower with Radar,50,18,14,26,108,0,0,74,2,76,50,18,88,28,184,80,12,92,276
07/16/2023,MSN,WI,AGL,CE,Combined TRACON& Tower with Radar,58,32,31,3,124,0,0,75,6,81,58,32,106,9,205,68,0,68,273
07/17/2023,MSN,WI,AGL,CE,Combined TRACON& Tower with Radar,57,24,37,13,131,0,1,87,2,90,57,25,124,15,221,64,2,66,287
07/18/2023,MSN,WI,AGL,CE,Combined TRACON& Tower with Radar,58,20,42,12,132,0,0,87,9,96,58,20,129,21,228,62,0,62,290
07/19/2023,MSN,WI,AGL,CE,Combined TRACON& Tower with Radar,58,26,55,15,154,0,2,90,13,105,58,28,145,28,259,40,0,40,299
07/20/2023,MSN,WI,AGL,CE,Combined TRACON& Tower with Radar,55,30,76,10,171,0,2,58,2,62,55,32,134,12,233,20,6,26,259
07/21/2023,MSN,WI,AGL,CE,Combined TRACON& Tower with Radar,51,23,48,12,134,0,3,93,5,101,51,26,141,17,235,10,0,10,245
07/22/2023,MSN,WI,AGL,CE,Combined TRACON& Tower with Radar,53,18,32,1,104,0,2,80,4,86,53,20,112,5,190,12,0,12,202
07/23/2023,MSN,WI,AGL,CE,Combined TRACON& Tower with Radar,61,30,41,0,132,0,4,77,2,83,61,34,118,2,215,12,0,12,227
07/24/2023,MSN,WI,AGL,CE,Combined TRACON& Tower with Radar,56,23,40,11,130,0,0,37,1,38,56,23,77,12,168,18,0,18,186
07/25/2023,MSN,WI,AGL,CE,Combined TRACON& Tower with Radar,54,23,42,11,130,0,0,72,0,72,54,23,114,11,202,58,0,58,260
07/26/2023,MSN,WI,AGL,CE,Combined TRACON& Tower with Radar,60,21,34,17,132,0,0,45,2,47,60,21,79,19,179,28,16,44,223
07/27/2023,MSN,WI,AGL,CE,Combined TRACON& Tower with Radar,60,26,37,20,143,0,0,69,2,71,60,26,106,22,214,48,0,48,262
07/28/2023,MSN,WI,AGL,CE,Combined TRACON& Tower with Radar,53,20,26,4,103,0,0,37,1,38,53,20,63,5,141,0,0,0,141
07/29/2023,MSN,WI,AGL,CE,Combined TRACON& Tower with Radar,50,21,45,0,116,0,1,35,0,36,50,22,80,0,152,8,0,8,160
07/30/2023,MSN,WI,AGL,CE,Combined TRACON& Tower with Radar,57,19,38,0,114,0,1,66,0,67,57,20,104,0,181,0,0,0,181
07/31/2023,MSN,WI,AGL,CE,Combined TRACON& Tower with Radar,56,23,39,10,128,0,1,92,4,97,56,24,131,14,225,80,0,80,305
08/01/2023,MSN,WI,AGL,CE,Combined TRACON& Tower with Radar,58,35,36,6,135,0,0,56,0,56,58,35,92,6,191,69,0,69,260
08/02/2023,MSN,WI,AGL,CE,Combined TRACON& Tower with Radar,62,24,57,5,148,0,0,88,4,92,62,24,145,9,240,62,0,62,302
08/03/2023,MSN,WI,AGL,CE,Combined TRACON& Tower with Radar,60,32,48,11,151,0,0,54,6,60,60,32,102,17,211,84,0,84,295
08/04/2023,MSN,WI,AGL,CE,Combined TRACON& Tower with Radar,57,19,45,3,124,0,0,79,2,81,57,19,124,5,205,50,0,50,255
08/05/2023,MSN,WI,AGL,CE,Combined TRACON& Tower with Radar,54,15,20,5,94,0,0,79,4,83,54,15,99,9,177,148,8,156,333
08/06/2023,MSN,WI,AGL,CE,Combined TRACON& Tower with Radar,58,29,38,6,131,0,0,47,2,49,58,29,85,8,180,62,0,62,242
08/07/2023,MSN,WI,AGL,CE,Combined TRACON& Tower with Radar,53,27,56,7,143,0,0,78,4,82,53,27,134,11,225,108,0,108,333
08/08/2023,MSN,WI,AGL,CE,Combined TRACON& Tower with Radar,56,27,49,12,144,0,2,77,2,81,56,29,126,14,225,156,0,156,381
08/09/2023,MSN,WI,AGL,CE,Combined TRACON& Tower with Radar,62,24,48,14,148,0,1,77,8,86,62,25,125,22,234,84,0,84,318
08/10/2023,MSN,WI,AGL,CE,Combined TRACON& Tower with Radar,58,27,62,9,156,0,3,92,18,113,58,30,154,27,269,156,0,156,425
08/11/2023,MSN,WI,AGL,CE,Combined TRACON& Tower with Radar,56,21,37,1,115,0,0,47,4,51,56,21,84,5,166,70,2,72,238
08/12/2023,MSN,WI,AGL,CE,Combined TRACON& Tower with Radar,52,18,26,0,96,0,1,88,2,91,52,19,114,2,187,94,0,94,281
08/13/2023,MSN,WI,AGL,CE,Combined TRACON& Tower with Radar,62,20,53,0,135,0,0,29,0,29,62,20,82,0,164,80,0,80,244
08/14/2023,MSN,WI,AGL,CE,Combined TRACON& Tower with Radar,55,12,38,4,109,0,0,0,0,0,55,12,38,4,109,0,0,0,109
08/15/2023,MSN,WI,AGL,CE,Combined TRACON& Tower with Radar,62,31,37,7,137,0,0,78,7,85,62,31,115,14,222,186,0,186,408
08/16/2023,MSN,WI,AGL,CE,Combined TRACON& Tower with Radar,68,26,53,24,171,0,2,74,3,79,68,28,127,27,250,88,0,88,338
08/17/2023,MSN,WI,AGL,CE,Combined TRACON& Tower with Radar,65,42,20,12,139,0,0,38,9,47,65,42,58,21,186,76,0,76,262
08/18/2023,MSN,WI,AGL,CE,Combined TRACON& Tower with Radar,61,23,35,2,121,0,0,89,1,90,61,23,124,3,211,102,0,102,313
08/19/2023,MSN,WI,AGL,CE,Combined TRACON& Tower with Radar,56,21,16,0,93,0,3,79,2,84,56,24,95,2,177,116,0,116,293
08/20/2023,MSN,WI,AGL,CE,Combined TRACON& Tower with Radar,103,20,34,0,157,0,1,94,0,95,103,21,128,0,252,76,0,76,328
08/21/2023,MSN,WI,AGL,CE,Combined TRACON& Tower with Radar,65,20,38,13,136,0,1,85,2,88,65,21,123,15,224,50,0,50,274
08/22/2023,MSN,WI,AGL,CE,Combined TRACON& Tower with Radar,63,37,40,5,145,0,0,67,12,79,63,37,107,17,224,116,0,116,340
08/23/2023,MSN,WI,AGL,CE,Combined TRACON& Tower with Radar,96,18,40,18,172,0,0,42,11,53,96,18,82,29,225,72,0,72,297
08/24/2023,MSN,WI,AGL,CE,Combined TRACON& Tower with Radar,74,29,32,9,144,0,0,40,12,52,74,29,72,21,196,74,0,74,270
08/25/2023,MSN,WI,AGL,CE,Combined TRACON& Tower with Radar,62,27,47,18,154,0,0,20,3,23,62,27,67,21,177,120,0,120,297
08/26/2023,MSN,WI,AGL,CE,Combined TRACON& Tower with Radar,61,9,34,9,113,0,0,33,0,33,61,9,67,9,146,46,0,46,192
08/27/2023,MSN,WI,AGL,CE,Combined TRACON& Tower with Radar,67,17,30,3,117,0,0,93,0,93,67,17,123,3,210,64,0,64,274
08/28/2023,MSN,WI,AGL,CE,Combined TRACON& Tower with Radar,60,17,37,13,127,0,2,74,2,78,60,19,111,15,205,102,8,110,315
08/29/2023,MSN,WI,AGL,CE,Combined TRACON& Tower with Radar,62,18,38,13,131,0,1,77,9,87,62,19,115,22,218,140,0,140,358
08/30/2023,MSN,WI,AGL,CE,Combined TRACON& Tower with Radar,65,26,49,11,151,0,0,85,6,91,65,26,134,17,242,192,0,192,434
08/31/2023,MSN,WI,AGL,CE,Combined TRACON& Tower with Radar,66,23,52,16,157,0,1,101,10,112,66,24,153,26,269,120,0,120,389
