01/01/2000,MSO,MT,ANM,WE,Federal Contract Tower,10,6,7,0,23,7,0,0,0,7,17,6,7,0,30,0,0,0,30
01/02/2000,MSO,MT,ANM,WE,Federal Contract Tower,13,13,10,0,36,6,0,2,0,8,19,13,12,0,44,26,0,26,70
01/03/2000,MSO,MT,ANM,WE,Federal Contract Tower,18,19,13,0,50,0,1,31,0,32,18,20,44,0,82,28,0,28,110
01/04/2000,MSO,MT,ANM,WE,Federal Contract Tower,16,18,5,0,39,3,5,0,0,8,19,23,5,0,47,4,0,4,51
01/05/2000,MSO,MT,ANM,WE,Federal Contract Tower,17,18,12,0,47,2,4,20,0,26,19,22,32,0,73,48,0,48,121
01/06/2000,MSO,MT,ANM,WE,Federal Contract Tower,19,21,14,0,54,0,7,30,0,37,19,28,44,0,91,30,0,30,121
01/07/2000,MSO,MT,ANM,WE,Federal Contract Tower,16,20,15,0,51,0,8,34,0,42,16,28,49,0,93,18,0,18,111
01/08/2000,MSO,MT,ANM,WE,Federal Contract Tower,15,11,10,0,36,2,0,26,0,28,17,11,36,0,64,43,0,43,107
01/09/2000,MSO,MT,ANM,WE,Federal Contract Tower,11,5,7,1,24,6,0,5,1,12,17,5,12,2,36,0,27,27,63
01/10/2000,MSO,MT,ANM,WE,Federal Contract Tower,16,19,11,0,46,0,1,31,0,32,16,20,42,0,78,0,0,0,78
01/11/2000,MSO,MT,ANM,WE,Federal Contract Tower,17,22,14,0,53,0,10,22,0,32,17,32,36,0,85,20,0,20,105
01/12/2000,MSO,MT,ANM,WE,Federal Contract Tower,18,18,11,0,47,0,2,15,0,17,18,20,26,0,64,2,0,2,66
01/13/2000,MSO,MT,ANM,WE,Federal Contract Tower,18,18,11,0,47,0,12,37,0,49,18,30,48,0,96,12,0,12,108
01/14/2000,MSO,MT,ANM,WE,Federal Contract Tower,18,17,10,0,45,0,3,16,0,19,18,20,26,0,64,32,0,32,96
01/15/2000,MSO,MT,ANM,WE,Federal Contract Tower,13,11,7,0,31,1,3,42,0,46,14,14,49,0,77,44,0,44,121
01/16/2000,MSO,MT,ANM,WE,Federal Contract Tower,11,10,6,0,27,5,1,28,0,34,16,11,34,0,61,28,0,28,89
01/17/2000,MSO,MT,ANM,WE,Federal Contract Tower,15,14,8,0,37,4,6,18,0,28,19,20,26,0,65,26,0,26,91
01/18/2000,MSO,MT,ANM,WE,Federal Contract Tower,16,18,11,0,45,0,9,47,0,56,16,27,58,0,101,50,0,50,151
01/19/2000,MSO,MT,ANM,WE,Federal Contract Tower,15,15,9,0,39,0,16,57,0,73,15,31,66,0,112,30,2,32,144
01/20/2000,MSO,MT,ANM,WE,Federal Contract Tower,18,20,13,0,51,0,5,25,0,30,18,25,38,0,81,18,0,18,99
01/21/2000,MSO,MT,ANM,WE,Federal Contract Tower,18,20,12,0,50,0,10,23,0,33,18,30,35,0,83,0,0,0,83
01/22/2000,MSO,MT,ANM,WE,Federal Contract Tower,14,14,8,0,36,4,0,26,3,33,18,14,34,3,69,72,8,80,149
01/23/2000,MSO,MT,ANM,WE,Federal Contract Tower,16,16,9,0,41,4,0,89,0,93,20,16,98,0,134,72,0,72,206
01/24/2000,MSO,MT,ANM,WE,Federal Contract Tower,16,19,11,0,46,0,9,44,0,53,16,28,55,0,99,28,0,28,127
01/25/2000,MSO,MT,ANM,WE,Federal Contract Tower,18,17,0,0,35,1,8,0,0,9,19,25,0,0,44,0,0,0,44
01/26/2000,MSO,MT,ANM,WE,Federal Contract Tower,18,22,13,0,53,0,2,5,2,9,18,24,18,2,62,0,0,0,62
01/27/2000,MSO,MT,ANM,WE,Federal Contract Tower,16,24,15,0,55,0,6,32,2,40,16,30,47,2,95,40,0,40,135
01/28/2000,MSO,MT,ANM,WE,Federal Contract Tower,16,22,13,0,51,0,6,75,2,83,16,28,88,2,134,88,0,88,222
01/29/2000,MSO,MT,ANM,WE,Federal Contract Tower,14,14,8,0,36,4,4,34,0,42,18,18,42,0,78,46,0,46,124
01/30/2000,MSO,MT,ANM,WE,Federal Contract Tower,11,7,6,0,24,5,0,48,0,53,16,7,54,0,77,32,0,32,109
01/31/2000,MSO,MT,ANM,WE,Federal Contract Tower,17,16,10,0,43,1,2,16,0,19,18,18,26,0,62,26,0,26,88
02/01/2000,MSO,MT,ANM,WE,Federal Contract Tower,14,20,11,0,45,0,12,54,0,66,14,32,65,0,111,60,0,60,171
02/02/2000,MSO,MT,ANM,WE,Federal Contract Tower,14,23,12,0,49,0,12,34,0,46,14,35,46,0,95,34,0,34,129
02/03/2000,MSO,MT,ANM,WE,Federal Contract Tower,16,17,9,0,42,0,8,51,0,59,16,25,60,0,101,58,0,58,159
02/04/2000,MSO,MT,ANM,WE,Federal Contract Tower,18,20,11,0,49,0,3,47,2,52,18,23,58,2,101,58,0,58,159
02/05/2000,MSO,MT,ANM,WE,Federal Contract Tower,12,12,7,0,31,6,2,37,0,45,18,14,44,0,76,32,0,32,108
02/06/2000,MSO,MT,ANM,WE,Federal Contract Tower,16,9,8,0,33,3,0,18,2,23,19,9,26,2,56,52,0,52,108
02/07/2000,MSO,MT,ANM,WE,Federal Contract Tower,13,12,7,0,32,4,0,7,0,11,17,12,14,0,43,0,0,0,43
02/08/2000,MSO,MT,ANM,WE,Federal Contract Tower,15,16,8,0,39,2,8,18,0,28,17,24,26,0,67,18,0,18,85
02/09/2000,MSO,MT,ANM,WE,Federal Contract Tower,18,19,10,0,47,0,9,24,0,33,18,28,34,0,80,32,0,32,112
02/10/2000,MSO,MT,ANM,WE,Federal Contract Tower,18,17,9,0,44,0,10,50,0,60,18,27,59,0,104,50,0,50,154
02/11/2000,MSO,MT,ANM,WE,Federal Contract Tower,16,18,10,0,44,0,6,18,2,26,16,24,28,2,70,10,0,10,80
02/12/2000,MSO,MT,ANM,WE,Federal Contract Tower,14,13,4,0,31,4,0,0,0,4,18,13,4,0,35,0,0,0,35
02/13/2000,MSO,MT,ANM,WE,Federal Contract Tower,14,14,7,0,35,1,4,26,0,31,15,18,33,0,66,38,0,38,104
02/14/2000,MSO,MT,ANM,WE,Federal Contract Tower,14,14,1,0,29,2,5,0,0,7,16,19,1,0,36,0,0,0,36
02/15/2000,MSO,MT,ANM,WE,Federal Contract Tower,18,18,10,0,46,0,6,5,15,26,18,24,15,15,72,44,0,44,116
02/16/2000,MSO,MT,ANM,WE,Federal Contract Tower,15,15,8,0,38,0,5,51,0,56,15,20,59,0,94,104,0,104,198
02/17/2000,MSO,MT,ANM,WE,Federal Contract Tower,19,17,10,0,46,0,11,24,0,35,19,28,34,0,81,64,0,64,145
02/18/2000,MSO,MT,ANM,WE,Federal Contract Tower,18,17,9,0,44,0,4,46,0,50,18,21,55,0,94,44,0,44,138
02/19/2000,MSO,MT,ANM,WE,Federal Contract Tower,11,9,4,0,24,7,6,41,0,54,18,15,45,0,78,44,0,44,122
02/20/2000,MSO,MT,ANM,WE,Federal Contract Tower,12,8,5,0,25,6,0,59,0,65,18,8,64,0,90,68,0,68,158
02/21/2000,MSO,MT,ANM,WE,Federal Contract Tower,18,18,9,0,45,0,2,29,0,31,18,20,38,0,76,58,0,58,134
02/22/2000,MSO,MT,ANM,WE,Federal Contract Tower,17,16,7,0,40,1,8,47,0,56,18,24,54,0,96,70,0,70,166
02/23/2000,MSO,MT,ANM,WE,Federal Contract Tower,16,14,7,0,37,2,16,40,0,58,18,30,47,0,95,42,0,42,137
02/24/2000,MSO,MT,ANM,WE,Federal Contract Tower,18,17,5,0,40,0,5,0,0,5,18,22,5,0,45,4,0,4,49
02/25/2000,MSO,MT,ANM,WE,Federal Contract Tower,16,20,10,0,46,0,0,49,0,49,16,20,59,0,95,88,0,88,183
02/26/2000,MSO,MT,ANM,WE,Federal Contract Tower,15,14,7,0,36,3,2,9,0,14,18,16,16,0,50,8,0,8,58
02/27/2000,MSO,MT,ANM,WE,Federal Contract Tower,14,7,6,0,27,3,0,16,0,19,17,7,22,0,46,44,0,44,90
02/28/2000,MSO,MT,ANM,WE,Federal Contract Tower,18,17,8,0,43,0,10,15,0,25,18,27,23,0,68,12,0,12,80
02/29/2000,MSO,MT,ANM,WE,Federal Contract Tower,14,20,10,0,44,0,16,53,0,69,14,36,63,0,113,34,0,34,147
03/01/2000,MSO,MT,ANM,WE,Federal Contract Tower,14,18,11,0,43,0,12,58,0,70,14,30,69,0,113,70,0,70,183
03/02/2000,MSO,MT,ANM,WE,Federal Contract Tower,16,22,13,0,51,0,6,53,0,59,16,28,66,0,110,64,0,64,174
03/03/2000,MSO,MT,ANM,WE,Federal Contract Tower,18,19,11,0,48,0,8,65,0,73,18,27,76,0,121,88,0,88,209
03/04/2000,MSO,MT,ANM,WE,Federal Contract Tower,9,11,6,0,26,6,1,34,0,41,15,12,40,0,67,58,0,58,125
03/05/2000,MSO,MT,ANM,WE,Federal Contract Tower,10,11,6,0,27,8,3,38,0,49,18,14,44,0,76,54,0,54,130
03/06/2000,MSO,MT,ANM,WE,Federal Contract Tower,14,21,12,0,47,0,11,31,0,42,14,32,43,0,89,72,0,72,161
03/07/2000,MSO,MT,ANM,WE,Federal Contract Tower,18,26,15,0,59,0,7,45,2,54,18,33,60,2,113,70,0,70,183
03/08/2000,MSO,MT,ANM,WE,Federal Contract Tower,18,23,13,0,54,0,13,19,1,33,18,36,32,1,87,32,0,32,119
03/09/2000,MSO,MT,ANM,WE,Federal Contract Tower,18,19,11,0,48,0,5,24,1,30,18,24,35,1,78,92,0,92,170
03/10/2000,MSO,MT,ANM,WE,Federal Contract Tower,15,16,9,0,40,3,13,52,0,68,18,29,61,0,108,84,0,84,192
03/11/2000,MSO,MT,ANM,WE,Federal Contract Tower,13,14,8,0,35,5,3,13,0,21,18,17,21,0,56,42,0,42,98
03/12/2000,MSO,MT,ANM,WE,Federal Contract Tower,11,13,7,0,31,1,15,52,0,68,12,28,59,0,99,60,0,60,159
03/13/2000,MSO,MT,ANM,WE,Federal Contract Tower,15,16,10,0,41,3,11,32,2,48,18,27,42,2,89,90,28,118,207
03/14/2000,MSO,MT,ANM,WE,Federal Contract Tower,18,17,10,0,45,0,4,14,0,18,18,21,24,0,63,34,0,34,97
03/15/2000,MSO,MT,ANM,WE,Federal Contract Tower,17,17,10,0,44,1,8,57,0,66,18,25,67,0,110,152,0,152,262
03/16/2000,MSO,MT,ANM,WE,Federal Contract Tower,20,23,13,0,56,0,7,34,0,41,20,30,47,0,97,144,2,146,243
03/17/2000,MSO,MT,ANM,WE,Federal Contract Tower,19,19,11,0,49,0,3,33,0,36,19,22,44,0,85,156,0,156,241
03/18/2000,MSO,MT,ANM,WE,Federal Contract Tower,12,13,7,0,32,0,75,60,0,135,12,88,67,0,167,84,0,84,251
03/19/2000,MSO,MT,ANM,WE,Federal Contract Tower,13,13,7,0,33,4,7,15,0,26,17,20,22,0,59,28,0,28,87
03/20/2000,MSO,MT,ANM,WE,Federal Contract Tower,19,19,10,0,48,0,4,73,0,77,19,23,83,0,125,72,0,72,197
03/21/2000,MSO,MT,ANM,WE,Federal Contract Tower,16,15,8,0,39,2,17,55,0,74,18,32,63,0,113,72,0,72,185
03/22/2000,MSO,MT,ANM,WE,Federal Contract Tower,14,14,8,0,36,1,17,52,0,70,15,31,60,0,106,66,0,66,172
03/23/2000,MSO,MT,ANM,WE,Federal Contract Tower,16,18,10,0,44,0,20,33,0,53,16,38,43,0,97,68,0,68,165
03/24/2000,MSO,MT,ANM,WE,Federal Contract Tower,14,17,9,1,41,0,14,60,1,75,14,31,69,2,116,78,0,78,194
03/25/2000,MSO,MT,ANM,WE,Federal Contract Tower,14,13,7,0,34,4,6,42,0,52,18,19,49,0,86,98,0,98,184
03/26/2000,MSO,MT,ANM,WE,Federal Contract Tower,13,13,7,1,34,5,2,55,1,63,18,15,62,2,97,64,0,64,161
03/27/2000,MSO,MT,ANM,WE,Federal Contract Tower,13,12,7,1,33,6,16,75,5,102,19,28,82,6,135,100,2,102,237
03/28/2000,MSO,MT,ANM,WE,Federal Contract Tower,14,21,11,0,46,0,10,47,0,57,14,31,58,0,103,100,0,100,203
03/29/2000,MSO,MT,ANM,WE,Federal Contract Tower,18,21,11,0,50,0,13,35,0,48,18,34,46,0,98,72,0,72,170
03/30/2000,MSO,MT,ANM,WE,Federal Contract Tower,18,22,11,0,51,0,16,55,0,71,18,38,66,0,122,76,0,76,198
03/31/2000,MSO,MT,ANM,WE,Federal Contract Tower,17,18,9,0,44,3,4,92,2,101,20,22,101,2,145,124,0,124,269
04/01/2000,MSO,MT,ANM,WE,Federal Contract Tower,13,12,7,0,32,5,5,39,0,49,18,17,46,0,81,68,0,68,149
04/02/2000,MSO,MT,ANM,WE,Federal Contract Tower,13,12,7,0,32,4,2,21,2,29,17,14,28,2,61,70,0,70,131
04/03/2000,MSO,MT,ANM,WE,Federal Contract Tower,14,15,8,0,37,0,16,87,0,103,14,31,95,0,140,64,0,64,204
04/04/2000,MSO,MT,ANM,WE,Federal Contract Tower,18,17,10,0,45,0,9,35,2,46,18,26,45,2,91,40,0,40,131
04/05/2000,MSO,MT,ANM,WE,Federal Contract Tower,17,16,9,0,42,1,20,56,0,77,18,36,65,0,119,32,0,32,151
04/06/2000,MSO,MT,ANM,WE,Federal Contract Tower,16,17,10,0,43,0,25,19,0,44,16,42,29,0,87,122,0,122,209
04/07/2000,MSO,MT,ANM,WE,Federal Contract Tower,17,15,8,0,40,0,12,70,0,82,17,27,78,0,122,80,0,80,202
04/08/2000,MSO,MT,ANM,WE,Federal Contract Tower,11,11,6,0,28,8,2,88,0,98,19,13,94,0,126,64,0,64,190
04/09/2000,MSO,MT,ANM,WE,Federal Contract Tower,13,12,7,0,32,1,17,94,0,112,14,29,101,0,144,56,0,56,200
04/10/2000,MSO,MT,ANM,WE,Federal Contract Tower,14,15,9,0,38,0,18,68,2,88,14,33,77,2,126,96,0,96,222
04/11/2000,MSO,MT,ANM,WE,Federal Contract Tower,19,17,10,0,46,1,21,70,0,92,20,38,80,0,138,88,0,88,226
04/12/2000,MSO,MT,ANM,WE,Federal Contract Tower,20,20,11,0,51,0,8,71,0,79,20,28,82,0,130,94,0,94,224
04/13/2000,MSO,MT,ANM,WE,Federal Contract Tower,20,22,13,0,55,0,3,32,0,35,20,25,45,0,90,68,0,68,158
04/14/2000,MSO,MT,ANM,WE,Federal Contract Tower,19,18,10,0,47,0,15,8,0,23,19,33,18,0,70,44,0,44,114
04/15/2000,MSO,MT,ANM,WE,Federal Contract Tower,16,15,8,0,39,0,14,17,0,31,16,29,25,0,70,30,0,30,100
04/16/2000,MSO,MT,ANM,WE,Federal Contract Tower,14,11,6,0,31,4,7,22,0,33,18,18,28,0,64,46,0,46,110
04/17/2000,MSO,MT,ANM,WE,Federal Contract Tower,19,15,8,0,42,1,3,41,0,45,20,18,49,0,87,50,0,50,137
04/18/2000,MSO,MT,ANM,WE,Federal Contract Tower,18,17,8,0,43,0,21,61,0,82,18,38,69,0,125,134,0,134,259
04/19/2000,MSO,MT,ANM,WE,Federal Contract Tower,19,19,9,0,47,0,5,33,2,40,19,24,42,2,87,34,42,76,163
04/20/2000,MSO,MT,ANM,WE,Federal Contract Tower,16,17,9,0,42,0,9,65,1,75,16,26,74,1,117,66,0,66,183
04/21/2000,MSO,MT,ANM,WE,Federal Contract Tower,16,19,9,0,44,0,10,100,4,114,16,29,109,4,158,122,4,126,284
04/22/2000,MSO,MT,ANM,WE,Federal Contract Tower,16,13,7,0,36,4,8,35,0,47,20,21,42,0,83,48,0,48,131
04/23/2000,MSO,MT,ANM,WE,Federal Contract Tower,14,7,6,0,27,4,0,32,0,36,18,7,38,0,63,44,0,44,107
04/24/2000,MSO,MT,ANM,WE,Federal Contract Tower,19,16,8,0,43,1,3,33,0,37,20,19,41,0,80,10,0,10,90
04/25/2000,MSO,MT,ANM,WE,Federal Contract Tower,16,17,9,0,42,0,14,45,0,59,16,31,54,0,101,136,0,136,237
04/26/2000,MSO,MT,ANM,WE,Federal Contract Tower,16,16,8,0,40,0,15,60,0,75,16,31,68,0,115,88,0,88,203
04/27/2000,MSO,MT,ANM,WE,Federal Contract Tower,17,15,7,0,39,3,10,97,0,110,20,25,104,0,149,40,0,40,189
04/28/2000,MSO,MT,ANM,WE,Federal Contract Tower,20,19,9,0,48,0,5,30,0,35,20,24,39,0,83,58,0,58,141
04/29/2000,MSO,MT,ANM,WE,Federal Contract Tower,15,12,6,0,33,4,3,48,0,55,19,15,54,0,88,48,0,48,136
04/30/2000,MSO,MT,ANM,WE,Federal Contract Tower,15,12,6,0,33,4,0,97,0,101,19,12,103,0,134,92,0,92,226
05/01/2000,MSO,MT,ANM,WE,Federal Contract Tower,16,17,10,0,43,0,20,71,0,91,16,37,81,0,134,80,0,80,214
05/02/2000,MSO,MT,ANM,WE,Federal Contract Tower,20,20,12,0,52,0,9,28,0,37,20,29,40,0,89,66,0,66,155
05/03/2000,MSO,MT,ANM,WE,Federal Contract Tower,18,19,10,0,47,2,17,75,0,94,20,36,85,0,141,80,0,80,221
05/04/2000,MSO,MT,ANM,WE,Federal Contract Tower,18,20,12,0,50,0,3,48,2,53,18,23,60,2,103,134,0,134,237
05/05/2000,MSO,MT,ANM,WE,Federal Contract Tower,19,20,11,0,50,0,4,39,0,43,19,24,50,0,93,124,0,124,217
05/06/2000,MSO,MT,ANM,WE,Federal Contract Tower,13,13,8,0,34,6,0,58,0,64,19,13,66,0,98,136,0,136,234
05/07/2000,MSO,MT,ANM,WE,Federal Contract Tower,9,10,6,0,25,7,15,44,0,66,16,25,50,0,91,160,0,160,251
05/08/2000,MSO,MT,ANM,WE,Federal Contract Tower,16,20,11,0,47,0,13,34,0,47,16,33,45,0,94,88,0,88,182
05/09/2000,MSO,MT,ANM,WE,Federal Contract Tower,21,22,12,0,55,0,4,11,1,16,21,26,23,1,71,44,0,44,115
05/10/2000,MSO,MT,ANM,WE,Federal Contract Tower,18,22,12,0,52,0,12,20,1,33,18,34,32,1,85,86,0,86,171
05/11/2000,MSO,MT,ANM,WE,Federal Contract Tower,20,24,13,0,57,0,7,28,0,35,20,31,41,0,92,140,0,140,232
05/12/2000,MSO,MT,ANM,WE,Federal Contract Tower,18,21,12,0,51,0,8,24,2,34,18,29,36,2,85,110,0,110,195
05/13/2000,MSO,MT,ANM,WE,Federal Contract Tower,15,16,9,0,40,1,12,82,0,95,16,28,91,0,135,100,0,100,235
05/14/2000,MSO,MT,ANM,WE,Federal Contract Tower,16,14,8,0,38,2,5,47,0,54,18,19,55,0,92,54,0,54,146
05/15/2000,MSO,MT,ANM,WE,Federal Contract Tower,14,13,7,0,34,6,12,54,0,72,20,25,61,0,106,66,0,66,172
05/16/2000,MSO,MT,ANM,WE,Federal Contract Tower,19,18,10,0,47,1,16,63,0,80,20,34,73,0,127,82,0,82,209
05/17/2000,MSO,MT,ANM,WE,Federal Contract Tower,17,16,9,0,42,3,13,38,0,54,20,29,47,0,96,116,0,116,212
05/18/2000,MSO,MT,ANM,WE,Federal Contract Tower,17,19,10,0,46,0,18,77,0,95,17,37,87,0,141,186,0,186,327
05/19/2000,MSO,MT,ANM,WE,Federal Contract Tower,16,20,11,1,48,0,18,49,2,69,16,38,60,3,117,92,0,92,209
05/20/2000,MSO,MT,ANM,WE,Federal Contract Tower,16,14,8,1,39,4,5,51,1,61,20,19,59,2,100,40,0,40,140
05/21/2000,MSO,MT,ANM,WE,Federal Contract Tower,16,15,8,0,39,2,7,51,2,62,18,22,59,2,101,66,0,66,167
05/22/2000,MSO,MT,ANM,WE,Federal Contract Tower,14,13,7,0,34,6,11,61,0,78,20,24,68,0,112,114,0,114,226
05/23/2000,MSO,MT,ANM,WE,Federal Contract Tower,16,21,11,0,48,0,8,53,0,61,16,29,64,0,109,104,0,104,213
05/24/2000,MSO,MT,ANM,WE,Federal Contract Tower,19,19,9,0,47,1,10,78,0,89,20,29,87,0,136,130,0,130,266
05/25/2000,MSO,MT,ANM,WE,Federal Contract Tower,18,19,10,0,47,0,11,30,0,41,18,30,40,0,88,56,0,56,144
05/26/2000,MSO,MT,ANM,WE,Federal Contract Tower,16,22,11,0,49,0,6,55,0,61,16,28,66,0,110,52,0,52,162
05/27/2000,MSO,MT,ANM,WE,Federal Contract Tower,14,12,7,0,33,4,5,37,0,46,18,17,44,0,79,26,0,26,105
05/28/2000,MSO,MT,ANM,WE,Federal Contract Tower,12,11,6,0,29,5,11,34,0,50,17,22,40,0,79,70,0,70,149
05/29/2000,MSO,MT,ANM,WE,Federal Contract Tower,17,17,8,0,42,1,5,67,0,73,18,22,75,0,115,66,0,66,181
05/30/2000,MSO,MT,ANM,WE,Federal Contract Tower,16,20,10,0,46,0,19,63,0,82,16,39,73,0,128,40,0,40,168
05/31/2000,MSO,MT,ANM,WE,Federal Contract Tower,19,22,12,0,53,0,3,8,0,11,19,25,20,0,64,38,0,38,102
06/01/2000,MSO,MT,ANM,WE,Federal Contract Tower,16,19,13,0,48,0,16,42,0,58,16,35,55,0,106,94,0,94,200
06/02/2000,MSO,MT,ANM,WE,Federal Contract Tower,19,18,12,0,49,1,9,66,0,76,20,27,78,0,125,84,0,84,209
06/03/2000,MSO,MT,ANM,WE,Federal Contract Tower,13,12,8,0,33,5,7,46,0,58,18,19,54,0,91,30,0,30,121
06/04/2000,MSO,MT,ANM,WE,Federal Contract Tower,11,10,8,0,29,9,8,55,0,72,20,18,63,0,101,60,0,60,161
06/05/2000,MSO,MT,ANM,WE,Federal Contract Tower,16,17,12,0,45,0,12,45,0,57,16,29,57,0,102,20,0,20,122
06/06/2000,MSO,MT,ANM,WE,Federal Contract Tower,16,18,13,0,47,0,13,56,0,69,16,31,69,0,116,86,0,86,202
06/07/2000,MSO,MT,ANM,WE,Federal Contract Tower,19,22,16,0,57,0,8,63,0,71,19,30,79,0,128,40,0,40,168
06/08/2000,MSO,MT,ANM,WE,Federal Contract Tower,18,19,14,0,51,0,23,36,0,59,18,42,50,0,110,46,0,46,156
06/09/2000,MSO,MT,ANM,WE,Federal Contract Tower,17,17,12,0,46,2,4,30,0,36,19,21,42,0,82,76,0,76,158
06/10/2000,MSO,MT,ANM,WE,Federal Contract Tower,15,15,11,0,41,0,3,31,0,34,15,18,42,0,75,92,0,92,167
06/11/2000,MSO,MT,ANM,WE,Federal Contract Tower,12,11,8,0,31,5,5,40,0,50,17,16,48,0,81,34,0,34,115
06/12/2000,MSO,MT,ANM,WE,Federal Contract Tower,16,18,13,0,47,0,11,31,0,42,16,29,44,0,89,132,0,132,221
06/13/2000,MSO,MT,ANM,WE,Federal Contract Tower,19,19,12,1,51,0,5,53,1,59,19,24,65,2,110,116,0,116,226
06/14/2000,MSO,MT,ANM,WE,Federal Contract Tower,19,19,12,0,50,3,13,72,0,88,22,32,84,0,138,130,0,130,268
06/15/2000,MSO,MT,ANM,WE,Federal Contract Tower,16,21,14,0,51,0,15,43,0,58,16,36,57,0,109,78,0,78,187
06/16/2000,MSO,MT,ANM,WE,Federal Contract Tower,14,17,12,0,43,0,16,76,0,92,14,33,88,0,135,90,0,90,225
06/17/2000,MSO,MT,ANM,WE,Federal Contract Tower,11,12,7,0,30,5,14,68,0,87,16,26,75,0,117,72,0,72,189
06/18/2000,MSO,MT,ANM,WE,Federal Contract Tower,13,13,8,0,34,3,2,42,0,47,16,15,50,0,81,6,0,6,87
06/19/2000,MSO,MT,ANM,WE,Federal Contract Tower,21,21,13,0,55,0,6,11,2,19,21,27,24,2,74,20,2,22,96
06/20/2000,MSO,MT,ANM,WE,Federal Contract Tower,17,19,12,0,48,0,8,40,0,48,17,27,52,0,96,48,0,48,144
06/21/2000,MSO,MT,ANM,WE,Federal Contract Tower,17,20,13,0,50,0,16,52,0,68,17,36,65,0,118,92,0,92,210
06/22/2000,MSO,MT,ANM,WE,Federal Contract Tower,16,16,10,0,42,0,13,22,0,35,16,29,32,0,77,56,0,56,133
06/23/2000,MSO,MT,ANM,WE,Federal Contract Tower,18,19,12,0,49,0,12,79,2,93,18,31,91,2,142,98,0,98,240
06/24/2000,MSO,MT,ANM,WE,Federal Contract Tower,16,17,11,0,44,0,2,59,0,61,16,19,70,0,105,6,0,6,111
06/25/2000,MSO,MT,ANM,WE,Federal Contract Tower,13,14,9,0,36,5,0,41,0,46,18,14,50,0,82,8,0,8,90
06/26/2000,MSO,MT,ANM,WE,Federal Contract Tower,16,20,13,0,49,0,11,76,0,87,16,31,89,0,136,32,0,32,168
06/27/2000,MSO,MT,ANM,WE,Federal Contract Tower,16,17,11,0,44,0,25,64,0,89,16,42,75,0,133,60,0,60,193
06/28/2000,MSO,MT,ANM,WE,Federal Contract Tower,14,15,9,0,38,2,20,88,0,110,16,35,97,0,148,60,0,60,208
06/29/2000,MSO,MT,ANM,WE,Federal Contract Tower,16,23,15,0,54,0,10,95,0,105,16,33,110,0,159,88,0,88,247
06/30/2000,MSO,MT,ANM,WE,Federal Contract Tower,16,22,14,0,52,0,20,116,3,139,16,42,130,3,191,52,0,52,243
07/01/2000,MSO,MT,ANM,WE,Federal Contract Tower,16,14,12,0,42,4,0,70,0,74,20,14,82,0,116,74,0,74,190
07/02/2000,MSO,MT,ANM,WE,Federal Contract Tower,11,11,9,0,31,5,5,66,0,76,16,16,75,0,107,10,0,10,117
07/03/2000,MSO,MT,ANM,WE,Federal Contract Tower,14,14,11,0,39,2,16,71,0,89,16,30,82,0,128,20,0,20,148
07/04/2000,MSO,MT,ANM,WE,Federal Contract Tower,12,12,10,0,34,4,6,40,3,53,16,18,50,3,87,16,0,16,103
07/05/2000,MSO,MT,ANM,WE,Federal Contract Tower,16,16,11,0,43,4,12,59,0,75,20,28,70,0,118,60,0,60,178
07/06/2000,MSO,MT,ANM,WE,Federal Contract Tower,15,24,17,0,56,0,22,67,0,89,15,46,84,0,145,42,0,42,187
07/07/2000,MSO,MT,ANM,WE,Federal Contract Tower,17,17,12,0,46,3,19,74,2,98,20,36,86,2,144,42,0,42,186
07/08/2000,MSO,MT,ANM,WE,Federal Contract Tower,16,17,13,0,46,0,9,57,0,66,16,26,70,0,112,44,0,44,156
07/09/2000,MSO,MT,ANM,WE,Federal Contract Tower,16,18,13,0,47,0,2,49,1,52,16,20,62,1,99,20,0,20,119
07/10/2000,MSO,MT,ANM,WE,Federal Contract Tower,16,17,13,0,46,0,8,77,0,85,16,25,90,0,131,36,0,36,167
07/11/2000,MSO,MT,ANM,WE,Federal Contract Tower,17,16,12,0,45,4,6,40,1,51,21,22,52,1,96,12,2,14,110
07/12/2000,MSO,MT,ANM,WE,Federal Contract Tower,21,20,15,0,56,0,10,53,2,65,21,30,68,2,121,40,4,44,165
07/13/2000,MSO,MT,ANM,WE,Federal Contract Tower,16,17,13,0,46,0,24,138,0,162,16,41,151,0,208,60,0,60,268
07/14/2000,MSO,MT,ANM,WE,Federal Contract Tower,17,17,11,0,45,0,5,171,0,176,17,22,182,0,221,80,0,80,301
07/15/2000,MSO,MT,ANM,WE,Federal Contract Tower,18,18,12,0,48,0,13,132,0,145,18,31,144,0,193,82,0,82,275
07/16/2000,MSO,MT,ANM,WE,Federal Contract Tower,16,13,10,0,39,0,19,198,0,217,16,32,208,0,256,40,0,40,296
07/17/2000,MSO,MT,ANM,WE,Federal Contract Tower,17,14,10,0,41,1,14,130,0,145,18,28,140,0,186,46,0,46,232
07/18/2000,MSO,MT,ANM,WE,Federal Contract Tower,16,17,12,0,45,0,25,130,0,155,16,42,142,0,200,92,0,92,292
07/19/2000,MSO,MT,ANM,WE,Federal Contract Tower,19,19,14,0,52,0,21,111,0,132,19,40,125,0,184,20,0,20,204
07/20/2000,MSO,MT,ANM,WE,Federal Contract Tower,18,18,13,0,49,0,18,127,0,145,18,36,140,0,194,44,0,44,238
07/21/2000,MSO,MT,ANM,WE,Federal Contract Tower,17,15,10,1,43,4,39,134,1,178,21,54,144,2,221,28,0,28,249
07/22/2000,MSO,MT,ANM,WE,Federal Contract Tower,18,15,11,0,44,2,26,137,0,165,20,41,148,0,209,36,0,36,245
07/23/2000,MSO,MT,ANM,WE,Federal Contract Tower,16,16,11,1,44,0,17,191,1,209,16,33,202,2,253,16,0,16,269
07/24/2000,MSO,MT,ANM,WE,Federal Contract Tower,17,15,10,1,43,4,23,130,1,158,21,38,140,2,201,22,0,22,223
07/25/2000,MSO,MT,ANM,WE,Federal Contract Tower,19,17,12,0,48,2,35,111,0,148,21,52,123,0,196,30,0,30,226
07/26/2000,MSO,MT,ANM,WE,Federal Contract Tower,20,18,14,0,52,0,25,151,0,176,20,43,165,0,228,40,2,42,270
07/27/2000,MSO,MT,ANM,WE,Federal Contract Tower,19,16,12,1,48,2,30,172,1,205,21,46,184,2,253,84,2,86,339
07/28/2000,MSO,MT,ANM,WE,Federal Contract Tower,20,17,13,1,51,0,30,212,1,243,20,47,225,2,294,50,2,52,346
07/29/2000,MSO,MT,ANM,WE,Federal Contract Tower,19,17,13,0,49,0,21,171,0,192,19,38,184,0,241,18,0,18,259
07/30/2000,MSO,MT,ANM,WE,Federal Contract Tower,17,16,10,0,43,0,14,164,0,178,17,30,174,0,221,16,0,16,237
07/31/2000,MSO,MT,ANM,WE,Federal Contract Tower,17,16,11,0,44,0,23,194,0,217,17,39,205,0,261,6,0,6,267
08/01/2000,MSO,MT,ANM,WE,Federal Contract Tower,14,18,19,0,51,4,15,173,0,192,18,33,192,0,243,28,0,28,271
08/02/2000,MSO,MT,ANM,WE,Federal Contract Tower,16,21,21,1,59,1,17,124,11,153,17,38,145,12,212,50,0,50,262
08/03/2000,MSO,MT,ANM,WE,Federal Contract Tower,19,32,32,2,85,0,2,68,1,71,19,34,100,3,156,30,0,30,186
08/04/2000,MSO,MT,ANM,WE,Federal Contract Tower,17,30,30,0,77,0,9,88,0,97,17,39,118,0,174,12,0,12,186
08/05/2000,MSO,MT,ANM,WE,Federal Contract Tower,13,16,16,0,45,3,13,172,0,188,16,29,188,0,233,78,0,78,311
08/06/2000,MSO,MT,ANM,WE,Federal Contract Tower,20,26,26,1,73,0,7,104,1,112,20,33,130,2,185,46,0,46,231
08/07/2000,MSO,MT,ANM,WE,Federal Contract Tower,17,22,23,0,62,0,22,171,0,193,17,44,194,0,255,44,0,44,299
08/08/2000,MSO,MT,ANM,WE,Federal Contract Tower,21,27,27,0,75,4,39,162,0,205,25,66,189,0,280,26,0,26,306
08/09/2000,MSO,MT,ANM,WE,Federal Contract Tower,20,35,35,2,92,0,0,65,10,75,20,35,100,12,167,2,0,2,169
08/10/2000,MSO,MT,ANM,WE,Federal Contract Tower,16,32,31,0,79,0,6,8,0,14,16,38,39,0,93,0,0,0,93
08/11/2000,MSO,MT,ANM,WE,Federal Contract Tower,18,29,29,2,78,0,11,111,0,122,18,40,140,2,200,2,0,2,202
08/12/2000,MSO,MT,ANM,WE,Federal Contract Tower,18,22,26,0,66,1,0,64,0,65,19,22,90,0,131,16,0,16,147
08/13/2000,MSO,MT,ANM,WE,Federal Contract Tower,15,21,21,2,59,3,9,114,18,144,18,30,135,20,203,26,8,34,237
08/14/2000,MSO,MT,ANM,WE,Federal Contract Tower,14,20,21,0,55,4,18,159,0,181,18,38,180,0,236,30,0,30,266
08/15/2000,MSO,MT,ANM,WE,Federal Contract Tower,23,36,36,3,98,0,7,176,7,190,23,43,212,10,288,46,0,46,334
08/16/2000,MSO,MT,ANM,WE,Federal Contract Tower,18,24,24,2,68,4,16,146,14,180,22,40,170,16,248,20,4,24,272
08/17/2000,MSO,MT,ANM,WE,Federal Contract Tower,17,37,36,3,93,0,3,48,10,61,17,40,84,13,154,22,0,22,176
08/18/2000,MSO,MT,ANM,WE,Federal Contract Tower,19,39,36,3,97,0,10,114,11,135,19,49,150,14,232,0,0,0,232
08/19/2000,MSO,MT,ANM,WE,Federal Contract Tower,13,20,18,2,53,6,13,74,16,109,19,33,92,18,162,8,0,8,170
08/20/2000,MSO,MT,ANM,WE,Federal Contract Tower,11,15,14,1,41,9,8,115,23,155,20,23,129,24,196,28,0,28,224
08/21/2000,MSO,MT,ANM,WE,Federal Contract Tower,13,20,18,2,53,4,19,162,26,211,17,39,180,28,264,28,10,38,302
08/22/2000,MSO,MT,ANM,WE,Federal Contract Tower,20,31,29,2,82,0,7,43,8,58,20,38,72,10,140,24,0,24,164
08/23/2000,MSO,MT,ANM,WE,Federal Contract Tower,16,31,29,2,78,0,11,40,6,57,16,42,69,8,135,6,0,6,141
08/24/2000,MSO,MT,ANM,WE,Federal Contract Tower,21,30,28,2,81,0,11,113,17,141,21,41,141,19,222,6,0,6,228
08/25/2000,MSO,MT,ANM,WE,Federal Contract Tower,19,27,25,2,73,2,9,114,8,133,21,36,139,10,206,40,0,40,246
08/26/2000,MSO,MT,ANM,WE,Federal Contract Tower,15,22,20,2,59,2,18,110,14,144,17,40,130,16,203,70,6,76,279
08/27/2000,MSO,MT,ANM,WE,Federal Contract Tower,14,20,19,2,55,5,22,251,16,294,19,42,270,18,349,40,2,42,391
08/28/2000,MSO,MT,ANM,WE,Federal Contract Tower,13,19,17,1,50,8,25,143,33,209,21,44,160,34,259,60,10,70,329
08/29/2000,MSO,MT,ANM,WE,Federal Contract Tower,16,25,24,1,66,0,12,91,5,108,16,37,115,6,174,72,0,72,246
08/30/2000,MSO,MT,ANM,WE,Federal Contract Tower,18,27,26,1,72,5,17,100,7,129,23,44,126,8,201,64,10,74,275
08/31/2000,MSO,MT,ANM,WE,Federal Contract Tower,20,30,29,1,80,0,9,91,9,109,20,39,120,10,189,92,0,92,281
09/01/2000,MSO,MT,ANM,WE,Federal Contract Tower,18,26,16,0,60,0,18,46,5,69,18,44,62,5,129,28,0,28,157
09/02/2000,MSO,MT,ANM,WE,Federal Contract Tower,15,19,12,0,46,0,0,53,18,71,15,19,65,18,117,34,0,34,151
09/03/2000,MSO,MT,ANM,WE,Federal Contract Tower,9,13,8,0,30,5,3,64,14,86,14,16,72,14,116,60,4,64,180
09/04/2000,MSO,MT,ANM,WE,Federal Contract Tower,14,18,12,0,44,5,8,80,9,102,19,26,92,9,146,64,0,64,210
09/05/2000,MSO,MT,ANM,WE,Federal Contract Tower,20,27,18,0,65,0,13,40,16,69,20,40,58,16,134,32,2,34,168
09/06/2000,MSO,MT,ANM,WE,Federal Contract Tower,16,26,17,0,59,0,13,45,12,70,16,39,62,12,129,16,0,16,145
09/07/2000,MSO,MT,ANM,WE,Federal Contract Tower,16,30,20,0,66,0,9,101,18,128,16,39,121,18,194,98,0,98,292
09/08/2000,MSO,MT,ANM,WE,Federal Contract Tower,17,24,15,0,56,0,6,27,2,35,17,30,42,2,91,18,0,18,109
09/09/2000,MSO,MT,ANM,WE,Federal Contract Tower,15,22,14,0,51,0,6,8,8,22,15,28,22,8,73,18,0,18,91
09/10/2000,MSO,MT,ANM,WE,Federal Contract Tower,17,22,14,1,54,2,5,35,7,49,19,27,49,8,103,10,0,10,113
09/11/2000,MSO,MT,ANM,WE,Federal Contract Tower,21,26,16,1,64,1,2,72,2,77,22,28,88,3,141,76,0,76,217
09/12/2000,MSO,MT,ANM,WE,Federal Contract Tower,15,20,12,1,48,3,7,80,3,93,18,27,92,4,141,50,0,50,191
09/13/2000,MSO,MT,ANM,WE,Federal Contract Tower,17,22,13,0,52,9,18,107,0,134,26,40,120,0,186,78,0,78,264
09/14/2000,MSO,MT,ANM,WE,Federal Contract Tower,14,21,13,1,49,0,39,115,3,157,14,60,128,4,206,48,0,48,254
09/15/2000,MSO,MT,ANM,WE,Federal Contract Tower,17,21,13,0,51,2,15,97,0,114,19,36,110,0,165,60,0,60,225
09/16/2000,MSO,MT,ANM,WE,Federal Contract Tower,12,13,8,0,33,6,17,112,0,135,18,30,120,0,168,50,0,50,218
09/17/2000,MSO,MT,ANM,WE,Federal Contract Tower,12,14,9,0,35,2,11,136,0,149,14,25,145,0,184,10,0,10,194
09/18/2000,MSO,MT,ANM,WE,Federal Contract Tower,17,22,14,0,53,0,13,66,0,79,17,35,80,0,132,24,0,24,156
09/19/2000,MSO,MT,ANM,WE,Federal Contract Tower,16,21,14,0,51,0,14,46,0,60,16,35,60,0,111,40,0,40,151
09/20/2000,MSO,MT,ANM,WE,Federal Contract Tower,16,27,17,0,60,0,12,88,0,100,16,39,105,0,160,74,0,74,234
09/21/2000,MSO,MT,ANM,WE,Federal Contract Tower,16,24,15,1,56,0,20,29,1,50,16,44,44,2,106,18,0,18,124
09/22/2000,MSO,MT,ANM,WE,Federal Contract Tower,15,17,10,0,42,1,22,38,0,61,16,39,48,0,103,58,0,58,161
09/23/2000,MSO,MT,ANM,WE,Federal Contract Tower,12,15,10,0,37,0,9,44,0,53,12,24,54,0,90,26,0,26,116
09/24/2000,MSO,MT,ANM,WE,Federal Contract Tower,12,13,8,0,33,4,3,76,0,83,16,16,84,0,116,52,0,52,168
09/25/2000,MSO,MT,ANM,WE,Federal Contract Tower,13,15,10,0,38,0,24,73,0,97,13,39,83,0,135,42,0,42,177
09/26/2000,MSO,MT,ANM,WE,Federal Contract Tower,12,15,9,0,36,4,23,83,0,110,16,38,92,0,146,68,0,68,214
09/27/2000,MSO,MT,ANM,WE,Federal Contract Tower,15,17,10,0,42,1,21,78,0,100,16,38,88,0,142,74,0,74,216
09/28/2000,MSO,MT,ANM,WE,Federal Contract Tower,14,22,14,0,50,0,27,99,0,126,14,49,113,0,176,96,0,96,272
09/29/2000,MSO,MT,ANM,WE,Federal Contract Tower,16,24,14,0,54,0,8,76,0,84,16,32,90,0,138,40,0,40,178
09/30/2000,MSO,MT,ANM,WE,Federal Contract Tower,13,16,9,0,38,1,11,54,0,66,14,27,63,0,104,28,0,28,132
10/01/2000,MSO,MT,ANM,WE,Federal Contract Tower,8,12,8,0,28,4,0,24,0,28,12,12,32,0,56,40,0,40,96
10/02/2000,MSO,MT,ANM,WE,Federal Contract Tower,14,19,12,0,45,2,22,84,0,108,16,41,96,0,153,54,0,54,207
10/03/2000,MSO,MT,ANM,WE,Federal Contract Tower,12,22,14,0,48,0,20,68,0,88,12,42,82,0,136,66,0,66,202
10/04/2000,MSO,MT,ANM,WE,Federal Contract Tower,16,26,16,0,58,0,7,65,0,72,16,33,81,0,130,50,0,50,180
10/05/2000,MSO,MT,ANM,WE,Federal Contract Tower,17,26,15,0,58,0,17,83,0,100,17,43,98,0,158,38,0,38,196
10/06/2000,MSO,MT,ANM,WE,Federal Contract Tower,12,18,11,0,41,6,12,82,0,100,18,30,93,0,141,62,0,62,203
10/07/2000,MSO,MT,ANM,WE,Federal Contract Tower,11,15,9,0,35,4,7,63,0,74,15,22,72,0,109,74,0,74,183
10/08/2000,MSO,MT,ANM,WE,Federal Contract Tower,9,14,9,0,32,7,7,61,0,75,16,21,70,0,107,36,0,36,143
10/09/2000,MSO,MT,ANM,WE,Federal Contract Tower,13,17,11,0,41,3,10,77,0,90,16,27,88,0,131,44,0,44,175
10/10/2000,MSO,MT,ANM,WE,Federal Contract Tower,14,26,16,0,56,0,14,94,2,110,14,40,110,2,166,32,0,32,198
10/11/2000,MSO,MT,ANM,WE,Federal Contract Tower,16,26,16,0,58,0,2,34,1,37,16,28,50,1,95,14,0,14,109
10/12/2000,MSO,MT,ANM,WE,Federal Contract Tower,16,31,20,0,67,0,13,28,0,41,16,44,48,0,108,32,0,32,140
10/13/2000,MSO,MT,ANM,WE,Federal Contract Tower,16,25,16,0,57,0,3,2,2,7,16,28,18,2,64,4,2,6,70
10/14/2000,MSO,MT,ANM,WE,Federal Contract Tower,13,17,11,0,41,0,2,3,0,5,13,19,14,0,46,2,0,2,48
10/15/2000,MSO,MT,ANM,WE,Federal Contract Tower,16,22,14,0,52,0,3,56,2,61,16,25,70,2,113,32,0,32,145
10/16/2000,MSO,MT,ANM,WE,Federal Contract Tower,12,19,11,0,42,0,9,41,0,50,12,28,52,0,92,40,0,40,132
10/17/2000,MSO,MT,ANM,WE,Federal Contract Tower,14,19,11,0,44,2,21,39,0,62,16,40,50,0,106,30,0,30,136
10/18/2000,MSO,MT,ANM,WE,Federal Contract Tower,16,21,12,0,49,0,15,50,0,65,16,36,62,0,114,24,0,24,138
10/19/2000,MSO,MT,ANM,WE,Federal Contract Tower,15,19,12,0,46,1,24,59,0,84,16,43,71,0,130,42,0,42,172
10/20/2000,MSO,MT,ANM,WE,Federal Contract Tower,16,22,13,0,51,0,6,41,0,47,16,28,54,0,98,28,0,28,126
10/21/2000,MSO,MT,ANM,WE,Federal Contract Tower,14,17,10,0,41,3,11,29,0,43,17,28,39,0,84,64,0,64,148
10/22/2000,MSO,MT,ANM,WE,Federal Contract Tower,11,15,8,0,34,5,3,64,0,72,16,18,72,0,106,22,0,22,128
10/23/2000,MSO,MT,ANM,WE,Federal Contract Tower,16,22,12,0,50,0,3,38,0,41,16,25,50,0,91,32,0,32,123
10/24/2000,MSO,MT,ANM,WE,Federal Contract Tower,14,20,11,0,45,2,14,64,0,80,16,34,75,0,125,34,0,34,159
10/25/2000,MSO,MT,ANM,WE,Federal Contract Tower,16,21,12,0,49,0,15,33,0,48,16,36,45,0,97,26,0,26,123
10/26/2000,MSO,MT,ANM,WE,Federal Contract Tower,16,26,14,0,56,0,4,26,0,30,16,30,40,0,86,14,0,14,100
10/27/2000,MSO,MT,ANM,WE,Federal Contract Tower,15,21,12,0,48,1,7,28,0,36,16,28,40,0,84,20,0,20,104
10/28/2000,MSO,MT,ANM,WE,Federal Contract Tower,14,20,11,0,45,1,6,50,0,57,15,26,61,0,102,12,0,12,114
10/29/2000,MSO,MT,ANM,WE,Federal Contract Tower,13,17,9,0,39,5,1,34,0,40,18,18,43,0,79,34,0,34,113
10/30/2000,MSO,MT,ANM,WE,Federal Contract Tower,14,18,10,0,42,0,1,29,0,30,14,19,39,0,72,36,0,36,108
10/31/2000,MSO,MT,ANM,WE,Federal Contract Tower,17,28,16,0,61,0,7,6,0,13,17,35,22,0,74,4,0,4,78
11/01/2000,MSO,MT,ANM,WE,Federal Contract Tower,15,23,12,0,50,0,18,35,0,53,15,41,47,0,103,42,0,42,145
11/02/2000,MSO,MT,ANM,WE,Federal Contract Tower,15,22,12,0,49,0,26,54,0,80,15,48,66,0,129,62,0,62,191
11/03/2000,MSO,MT,ANM,WE,Federal Contract Tower,16,28,14,0,58,0,16,51,6,73,16,44,65,6,131,80,0,80,211
11/04/2000,MSO,MT,ANM,WE,Federal Contract Tower,12,18,9,0,39,2,14,21,0,37,14,32,30,0,76,30,0,30,106
11/05/2000,MSO,MT,ANM,WE,Federal Contract Tower,11,14,8,0,33,7,0,23,3,33,18,14,31,3,66,4,0,4,70
11/06/2000,MSO,MT,ANM,WE,Federal Contract Tower,13,21,11,0,45,1,9,49,2,61,14,30,60,2,106,30,0,30,136
11/07/2000,MSO,MT,ANM,WE,Federal Contract Tower,15,22,12,0,49,1,16,50,0,67,16,38,62,0,116,36,0,36,152
11/08/2000,MSO,MT,ANM,WE,Federal Contract Tower,15,26,14,0,55,0,10,4,0,14,15,36,18,0,69,2,0,2,71
11/09/2000,MSO,MT,ANM,WE,Federal Contract Tower,16,30,15,0,61,0,6,37,5,48,16,36,52,5,109,34,8,42,151
11/10/2000,MSO,MT,ANM,WE,Federal Contract Tower,14,22,11,0,47,2,8,23,0,33,16,30,34,0,80,22,0,22,102
11/11/2000,MSO,MT,ANM,WE,Federal Contract Tower,14,20,11,0,45,0,2,29,0,31,14,22,40,0,76,40,0,40,116
11/12/2000,MSO,MT,ANM,WE,Federal Contract Tower,8,12,7,0,27,8,16,23,13,60,16,28,30,13,87,30,0,30,117
11/13/2000,MSO,MT,ANM,WE,Federal Contract Tower,13,17,9,0,39,3,16,49,2,70,16,33,58,2,109,88,0,88,197
11/14/2000,MSO,MT,ANM,WE,Federal Contract Tower,16,22,11,0,49,0,10,45,0,55,16,32,56,0,104,54,0,54,158
11/15/2000,MSO,MT,ANM,WE,Federal Contract Tower,18,25,13,0,56,0,23,38,0,61,18,48,51,0,117,26,0,26,143
11/16/2000,MSO,MT,ANM,WE,Federal Contract Tower,16,28,15,0,59,0,0,35,0,35,16,28,50,0,94,42,0,42,136
11/17/2000,MSO,MT,ANM,WE,Federal Contract Tower,16,22,11,0,49,2,4,37,0,43,18,26,48,0,92,44,0,44,136
11/18/2000,MSO,MT,ANM,WE,Federal Contract Tower,12,20,10,0,42,0,16,45,0,61,12,36,55,0,103,40,0,40,143
11/19/2000,MSO,MT,ANM,WE,Federal Contract Tower,10,13,6,0,29,6,9,38,0,53,16,22,44,0,82,26,0,26,108
11/20/2000,MSO,MT,ANM,WE,Federal Contract Tower,14,19,9,0,42,4,14,45,0,63,18,33,54,0,105,42,0,42,147
11/21/2000,MSO,MT,ANM,WE,Federal Contract Tower,16,22,11,1,50,0,8,38,0,46,16,30,49,1,96,44,12,56,152
11/22/2000,MSO,MT,ANM,WE,Federal Contract Tower,16,28,14,0,58,0,13,25,0,38,16,41,39,0,96,6,0,6,102
11/23/2000,MSO,MT,ANM,WE,Federal Contract Tower,11,14,7,0,32,3,8,7,0,18,14,22,14,0,50,4,0,4,54
11/24/2000,MSO,MT,ANM,WE,Federal Contract Tower,14,19,9,0,42,0,9,18,0,27,14,28,27,0,69,26,0,26,95
11/25/2000,MSO,MT,ANM,WE,Federal Contract Tower,12,15,7,0,34,2,9,33,0,44,14,24,40,0,78,16,0,16,94
11/26/2000,MSO,MT,ANM,WE,Federal Contract Tower,12,15,8,0,35,2,0,22,0,24,14,15,30,0,59,22,0,22,81
11/27/2000,MSO,MT,ANM,WE,Federal Contract Tower,16,25,12,0,53,0,0,12,0,12,16,25,24,0,65,4,0,4,69
11/28/2000,MSO,MT,ANM,WE,Federal Contract Tower,16,27,13,0,56,0,13,59,2,74,16,40,72,2,130,60,20,80,210
11/29/2000,MSO,MT,ANM,WE,Federal Contract Tower,12,26,12,0,50,0,6,14,0,20,12,32,26,0,70,4,0,4,74
11/30/2000,MSO,MT,ANM,WE,Federal Contract Tower,14,27,13,0,54,0,19,25,0,44,14,46,38,0,98,4,0,4,102
12/01/2000,MSO,MT,ANM,WE,Federal Contract Tower,14,25,9,0,48,0,0,11,0,11,14,25,20,0,59,18,0,18,77
12/02/2000,MSO,MT,ANM,WE,Federal Contract Tower,11,17,6,0,34,1,3,4,0,8,12,20,10,0,42,0,0,0,42
12/03/2000,MSO,MT,ANM,WE,Federal Contract Tower,12,20,7,0,39,4,10,59,0,73,16,30,66,0,112,38,0,38,150
12/04/2000,MSO,MT,ANM,WE,Federal Contract Tower,12,19,7,0,38,1,12,58,0,71,13,31,65,0,109,82,0,82,191
12/05/2000,MSO,MT,ANM,WE,Federal Contract Tower,16,28,10,0,54,0,15,49,0,64,16,43,59,0,118,0,0,0,118
12/06/2000,MSO,MT,ANM,WE,Federal Contract Tower,8,11,5,0,24,6,0,1,0,7,14,11,6,0,31,0,0,0,31
12/07/2000,MSO,MT,ANM,WE,Federal Contract Tower,10,21,8,0,39,0,12,12,0,24,10,33,20,0,63,32,0,32,95
12/08/2000,MSO,MT,ANM,WE,Federal Contract Tower,9,25,10,0,44,0,0,6,2,8,9,25,16,2,52,0,0,0,52
12/09/2000,MSO,MT,ANM,WE,Federal Contract Tower,13,22,8,0,43,2,4,0,0,6,15,26,8,0,49,24,0,24,73
12/10/2000,MSO,MT,ANM,WE,Federal Contract Tower,9,8,5,0,22,5,0,7,2,14,14,8,12,2,36,8,0,8,44
12/11/2000,MSO,MT,ANM,WE,Federal Contract Tower,16,26,10,0,52,0,5,39,0,44,16,31,49,0,96,58,0,58,154
12/12/2000,MSO,MT,ANM,WE,Federal Contract Tower,14,31,12,0,57,0,16,36,0,52,14,47,48,0,109,52,0,52,161
12/13/2000,MSO,MT,ANM,WE,Federal Contract Tower,17,28,10,0,55,0,10,8,0,18,17,38,18,0,73,4,0,4,77
12/14/2000,MSO,MT,ANM,WE,Federal Contract Tower,16,31,12,0,59,0,12,12,0,24,16,43,24,0,83,30,0,30,113
12/15/2000,MSO,MT,ANM,WE,Federal Contract Tower,15,22,4,0,41,0,6,0,0,6,15,28,4,0,47,0,0,0,47
12/16/2000,MSO,MT,ANM,WE,Federal Contract Tower,13,20,8,0,41,0,10,0,0,10,13,30,8,0,51,9,0,9,60
12/17/2000,MSO,MT,ANM,WE,Federal Contract Tower,14,19,6,0,39,4,3,8,0,15,18,22,14,0,54,14,0,14,68
12/18/2000,MSO,MT,ANM,WE,Federal Contract Tower,14,21,7,0,42,0,14,55,0,69,14,35,62,0,111,94,0,94,205
12/19/2000,MSO,MT,ANM,WE,Federal Contract Tower,18,31,11,1,61,0,9,26,1,36,18,40,37,2,97,64,0,64,161
12/20/2000,MSO,MT,ANM,WE,Federal Contract Tower,19,33,11,0,63,0,7,46,0,53,19,40,57,0,116,44,0,44,160
12/21/2000,MSO,MT,ANM,WE,Federal Contract Tower,19,35,12,0,66,0,9,48,0,57,19,44,60,0,123,48,0,48,171
12/22/2000,MSO,MT,ANM,WE,Federal Contract Tower,16,26,9,0,51,0,4,11,0,15,16,30,20,0,66,6,0,6,72
12/23/2000,MSO,MT,ANM,WE,Federal Contract Tower,16,24,8,0,48,1,8,19,0,28,17,32,27,0,76,8,0,8,84
12/24/2000,MSO,MT,ANM,WE,Federal Contract Tower,10,10,4,0,24,8,0,2,0,10,18,10,6,0,34,0,0,0,34
12/25/2000,MSO,MT,ANM,WE,Federal Contract Tower,8,12,4,0,24,8,4,9,0,21,16,16,13,0,45,8,0,8,53
12/26/2000,MSO,MT,ANM,WE,Federal Contract Tower,17,25,8,0,50,1,8,36,0,45,18,33,44,0,95,18,0,18,113
12/27/2000,MSO,MT,ANM,WE,Federal Contract Tower,16,29,9,0,54,0,19,19,0,38,16,48,28,0,92,12,0,12,104
12/28/2000,MSO,MT,ANM,WE,Federal Contract Tower,17,26,9,0,52,1,10,30,0,41,18,36,39,0,93,58,0,58,151
12/29/2000,MSO,MT,ANM,WE,Federal Contract Tower,14,26,8,0,48,0,30,22,0,52,14,56,30,0,100,50,0,50,150
12/30/2000,MSO,MT,ANM,WE,Federal Contract Tower,11,18,4,0,33,3,4,0,0,7,14,22,4,0,40,8,0,8,48
12/31/2000,MSO,MT,ANM,WE,Federal Contract Tower,8,8,4,0,20,5,0,9,0,14,13,8,13,0,34,12,0,12,46
01/01/2001,MSO,MT,ANM,WE,Federal Contract Tower,11,18,8,0,37,5,7,28,0,40,16,25,36,0,77,18,0,18,95
01/02/2001,MSO,MT,ANM,WE,Federal Contract Tower,17,29,13,0,59,0,5,32,0,37,17,34,45,0,96,80,0,80,176
01/03/2001,MSO,MT,ANM,WE,Federal Contract Tower,14,25,12,0,51,3,11,47,0,61,17,36,59,0,112,36,0,36,148
01/04/2001,MSO,MT,ANM,WE,Federal Contract Tower,14,22,10,0,46,0,22,41,0,63,14,44,51,0,109,72,0,72,181
01/05/2001,MSO,MT,ANM,WE,Federal Contract Tower,16,29,13,0,58,0,13,20,2,35,16,42,33,2,93,44,0,44,137
01/06/2001,MSO,MT,ANM,WE,Federal Contract Tower,10,16,8,0,34,4,17,45,0,66,14,33,53,0,100,86,0,86,186
01/07/2001,MSO,MT,ANM,WE,Federal Contract Tower,10,15,7,0,32,6,12,53,2,73,16,27,60,2,105,62,0,62,167
01/08/2001,MSO,MT,ANM,WE,Federal Contract Tower,16,25,12,0,53,0,14,54,0,68,16,39,66,0,121,64,0,64,185
01/09/2001,MSO,MT,ANM,WE,Federal Contract Tower,14,22,11,0,47,0,15,45,0,60,14,37,56,0,107,86,0,86,193
01/10/2001,MSO,MT,ANM,WE,Federal Contract Tower,12,25,12,0,49,0,18,38,0,56,12,43,50,0,105,68,0,68,173
01/11/2001,MSO,MT,ANM,WE,Federal Contract Tower,14,25,12,0,51,0,5,2,0,7,14,30,14,0,58,12,0,12,70
01/12/2001,MSO,MT,ANM,WE,Federal Contract Tower,16,22,8,0,46,0,0,0,0,0,16,22,8,0,46,0,0,0,46
01/13/2001,MSO,MT,ANM,WE,Federal Contract Tower,14,22,1,0,37,0,0,0,0,0,14,22,1,0,37,4,0,4,41
01/14/2001,MSO,MT,ANM,WE,Federal Contract Tower,11,9,2,0,22,3,0,0,0,3,14,9,2,0,25,32,0,32,57
01/15/2001,MSO,MT,ANM,WE,Federal Contract Tower,14,21,10,0,45,2,15,36,0,53,16,36,46,0,98,18,0,18,116
01/16/2001,MSO,MT,ANM,WE,Federal Contract Tower,16,28,13,0,57,0,10,55,0,65,16,38,68,0,122,38,0,38,160
01/17/2001,MSO,MT,ANM,WE,Federal Contract Tower,15,24,12,0,51,0,6,62,0,68,15,30,74,0,119,50,0,50,169
01/18/2001,MSO,MT,ANM,WE,Federal Contract Tower,14,26,12,0,52,0,24,18,0,42,14,50,30,0,94,40,0,40,134
01/19/2001,MSO,MT,ANM,WE,Federal Contract Tower,16,27,12,0,55,0,3,275,0,278,16,30,287,0,333,0,0,0,333
01/20/2001,MSO,MT,ANM,WE,Federal Contract Tower,11,16,7,1,35,3,30,50,1,84,14,46,57,2,119,78,0,78,197
01/21/2001,MSO,MT,ANM,WE,Federal Contract Tower,7,11,5,0,23,7,10,40,0,57,14,21,45,0,80,48,0,48,128
01/22/2001,MSO,MT,ANM,WE,Federal Contract Tower,16,30,13,0,59,0,19,91,0,110,16,49,104,0,169,68,0,68,237
01/23/2001,MSO,MT,ANM,WE,Federal Contract Tower,16,28,12,0,56,0,18,56,0,74,16,46,68,0,130,70,0,70,200
01/24/2001,MSO,MT,ANM,WE,Federal Contract Tower,15,25,11,0,51,0,5,69,0,74,15,30,80,0,125,150,0,150,275
01/25/2001,MSO,MT,ANM,WE,Federal Contract Tower,14,24,10,0,48,0,1,1,0,2,14,25,11,0,50,0,0,0,50
01/26/2001,MSO,MT,ANM,WE,Federal Contract Tower,13,23,10,0,46,0,5,50,0,55,13,28,60,0,101,54,0,54,155
01/27/2001,MSO,MT,ANM,WE,Federal Contract Tower,14,22,9,0,45,0,7,23,0,30,14,29,32,0,75,28,0,28,103
01/28/2001,MSO,MT,ANM,WE,Federal Contract Tower,9,15,6,0,30,5,9,15,0,29,14,24,21,0,59,44,0,44,103
01/29/2001,MSO,MT,ANM,WE,Federal Contract Tower,14,22,9,0,45,1,11,17,0,29,15,33,26,0,74,14,0,14,88
01/30/2001,MSO,MT,ANM,WE,Federal Contract Tower,16,27,11,0,54,0,20,17,0,37,16,47,28,0,91,28,0,28,119
01/31/2001,MSO,MT,ANM,WE,Federal Contract Tower,16,30,13,0,59,0,3,5,0,8,16,33,18,0,67,2,0,2,69
02/01/2001,MSO,MT,ANM,WE,Federal Contract Tower,9,10,5,0,24,0,0,4,2,6,9,10,9,2,30,6,2,8,38
02/02/2001,MSO,MT,ANM,WE,Federal Contract Tower,17,26,9,0,52,0,4,1,2,7,17,30,10,2,59,0,0,0,59
02/03/2001,MSO,MT,ANM,WE,Federal Contract Tower,11,17,6,0,34,3,6,28,0,37,14,23,34,0,71,20,0,20,91
02/04/2001,MSO,MT,ANM,WE,Federal Contract Tower,11,16,6,0,33,5,0,6,2,13,16,16,12,2,46,20,0,20,66
02/05/2001,MSO,MT,ANM,WE,Federal Contract Tower,12,19,7,0,38,0,6,23,0,29,12,25,30,0,67,44,0,44,111
02/06/2001,MSO,MT,ANM,WE,Federal Contract Tower,14,26,10,0,50,0,15,22,2,39,14,41,32,2,89,42,18,60,149
02/07/2001,MSO,MT,ANM,WE,Federal Contract Tower,17,28,10,0,55,0,34,76,0,110,17,62,86,0,165,96,0,96,261
02/08/2001,MSO,MT,ANM,WE,Federal Contract Tower,14,29,10,0,53,0,21,52,0,73,14,50,62,0,126,70,0,70,196
02/09/2001,MSO,MT,ANM,WE,Federal Contract Tower,16,25,9,0,50,0,15,35,0,50,16,40,44,0,100,60,0,60,160
02/10/2001,MSO,MT,ANM,WE,Federal Contract Tower,13,19,7,0,39,3,14,87,0,104,16,33,94,0,143,68,0,68,211
02/11/2001,MSO,MT,ANM,WE,Federal Contract Tower,9,14,5,0,28,7,8,29,0,44,16,22,34,0,72,60,0,60,132
02/12/2001,MSO,MT,ANM,WE,Federal Contract Tower,15,21,7,0,43,1,15,42,0,58,16,36,49,0,101,48,0,48,149
02/13/2001,MSO,MT,ANM,WE,Federal Contract Tower,16,24,8,0,48,0,21,49,0,70,16,45,57,0,118,58,0,58,176
02/14/2001,MSO,MT,ANM,WE,Federal Contract Tower,14,19,6,0,39,0,20,33,0,53,14,39,39,0,92,52,0,52,144
02/15/2001,MSO,MT,ANM,WE,Federal Contract Tower,16,22,8,0,46,0,14,2,0,16,16,36,10,0,62,0,0,0,62
02/16/2001,MSO,MT,ANM,WE,Federal Contract Tower,13,20,6,0,39,0,7,2,0,9,13,27,8,0,48,12,0,12,60
02/17/2001,MSO,MT,ANM,WE,Federal Contract Tower,13,17,6,0,36,1,12,47,0,60,14,29,53,0,96,46,0,46,142
02/18/2001,MSO,MT,ANM,WE,Federal Contract Tower,11,13,4,0,28,3,3,15,0,21,14,16,19,0,49,40,0,40,89
02/19/2001,MSO,MT,ANM,WE,Federal Contract Tower,11,14,4,0,29,4,5,35,0,44,15,19,39,0,73,34,0,34,107
02/20/2001,MSO,MT,ANM,WE,Federal Contract Tower,14,23,8,0,45,0,20,18,0,38,14,43,26,0,83,32,0,32,115
02/21/2001,MSO,MT,ANM,WE,Federal Contract Tower,15,26,9,0,50,0,4,40,0,44,15,30,49,0,94,38,0,38,132
02/22/2001,MSO,MT,ANM,WE,Federal Contract Tower,16,23,8,0,47,0,15,36,0,51,16,38,44,0,98,48,0,48,146
02/23/2001,MSO,MT,ANM,WE,Federal Contract Tower,17,22,8,0,47,0,0,22,0,22,17,22,30,0,69,40,0,40,109
02/24/2001,MSO,MT,ANM,WE,Federal Contract Tower,14,19,6,1,40,2,9,22,5,38,16,28,28,6,78,28,22,50,128
02/25/2001,MSO,MT,ANM,WE,Federal Contract Tower,10,13,4,0,27,6,9,24,0,39,16,22,28,0,66,8,0,8,74
02/26/2001,MSO,MT,ANM,WE,Federal Contract Tower,17,23,8,0,48,0,7,44,0,51,17,30,52,0,99,38,0,38,137
02/27/2001,MSO,MT,ANM,WE,Federal Contract Tower,14,21,7,0,42,0,11,43,0,54,14,32,50,0,96,64,0,64,160
02/28/2001,MSO,MT,ANM,WE,Federal Contract Tower,12,16,5,0,33,0,16,49,0,65,12,32,54,0,98,60,0,60,158
03/01/2001,MSO,MT,ANM,WE,Federal Contract Tower,12,20,9,0,41,0,22,48,0,70,12,42,57,0,111,54,0,54,165
03/02/2001,MSO,MT,ANM,WE,Federal Contract Tower,14,21,10,0,45,2,12,49,0,63,16,33,59,0,108,40,0,40,148
03/03/2001,MSO,MT,ANM,WE,Federal Contract Tower,12,17,8,0,37,2,5,42,0,49,14,22,50,0,86,54,0,54,140
03/04/2001,MSO,MT,ANM,WE,Federal Contract Tower,9,13,6,0,28,8,5,54,0,67,17,18,60,0,95,68,0,68,163
03/05/2001,MSO,MT,ANM,WE,Federal Contract Tower,13,18,9,0,40,3,19,35,0,57,16,37,44,0,97,44,0,44,141
03/06/2001,MSO,MT,ANM,WE,Federal Contract Tower,15,20,10,0,45,1,24,38,0,63,16,44,48,0,108,54,0,54,162
03/07/2001,MSO,MT,ANM,WE,Federal Contract Tower,13,17,8,0,38,3,38,62,0,103,16,55,70,0,141,80,0,80,221
03/08/2001,MSO,MT,ANM,WE,Federal Contract Tower,16,20,10,0,46,0,20,51,0,71,16,40,61,0,117,88,0,88,205
03/09/2001,MSO,MT,ANM,WE,Federal Contract Tower,17,24,12,0,53,0,12,17,2,31,17,36,29,2,84,34,14,48,132
03/10/2001,MSO,MT,ANM,WE,Federal Contract Tower,14,18,9,0,41,2,8,43,0,53,16,26,52,0,94,34,0,34,128
03/11/2001,MSO,MT,ANM,WE,Federal Contract Tower,14,16,8,0,38,2,0,12,2,16,16,16,20,2,54,20,0,20,74
03/12/2001,MSO,MT,ANM,WE,Federal Contract Tower,16,22,10,0,48,0,18,37,0,55,16,40,47,0,103,32,0,32,135
03/13/2001,MSO,MT,ANM,WE,Federal Contract Tower,13,25,12,0,50,0,15,24,0,39,13,40,36,0,89,80,0,80,169
03/14/2001,MSO,MT,ANM,WE,Federal Contract Tower,14,23,11,0,48,0,15,33,0,48,14,38,44,0,96,66,0,66,162
03/15/2001,MSO,MT,ANM,WE,Federal Contract Tower,16,22,10,0,48,0,15,69,0,84,16,37,79,0,132,58,0,58,190
03/16/2001,MSO,MT,ANM,WE,Federal Contract Tower,16,29,13,0,58,0,11,51,0,62,16,40,64,0,120,118,0,118,238
03/17/2001,MSO,MT,ANM,WE,Federal Contract Tower,12,20,9,0,41,0,2,33,0,35,12,22,42,0,76,84,0,84,160
03/18/2001,MSO,MT,ANM,WE,Federal Contract Tower,11,14,6,0,31,2,6,24,0,32,13,20,30,0,63,50,0,50,113
03/19/2001,MSO,MT,ANM,WE,Federal Contract Tower,15,19,8,0,42,1,7,14,0,22,16,26,22,0,64,34,0,34,98
03/20/2001,MSO,MT,ANM,WE,Federal Contract Tower,15,23,10,0,48,0,11,65,0,76,15,34,75,0,124,80,0,80,204
03/21/2001,MSO,MT,ANM,WE,Federal Contract Tower,17,23,10,1,51,1,7,43,1,52,18,30,53,2,103,38,30,68,171
03/22/2001,MSO,MT,ANM,WE,Federal Contract Tower,17,22,9,0,48,0,19,82,0,101,17,41,91,0,149,102,0,102,251
03/23/2001,MSO,MT,ANM,WE,Federal Contract Tower,15,20,8,0,43,1,12,69,0,82,16,32,77,0,125,58,0,58,183
03/24/2001,MSO,MT,ANM,WE,Federal Contract Tower,12,16,6,0,34,6,6,44,0,56,18,22,50,0,90,30,0,30,120
03/25/2001,MSO,MT,ANM,WE,Federal Contract Tower,12,14,6,0,32,4,0,12,0,16,16,14,18,0,48,8,0,8,56
03/26/2001,MSO,MT,ANM,WE,Federal Contract Tower,15,20,9,0,44,1,5,15,0,21,16,25,24,0,65,42,0,42,107
03/27/2001,MSO,MT,ANM,WE,Federal Contract Tower,17,26,13,0,56,0,0,57,0,57,17,26,70,0,113,134,0,134,247
03/28/2001,MSO,MT,ANM,WE,Federal Contract Tower,16,25,10,0,51,0,9,8,0,17,16,34,18,0,68,20,0,20,88
03/29/2001,MSO,MT,ANM,WE,Federal Contract Tower,16,23,10,0,49,0,10,35,0,45,16,33,45,0,94,44,0,44,138
03/30/2001,MSO,MT,ANM,WE,Federal Contract Tower,16,25,10,0,51,0,11,24,1,36,16,36,34,1,87,36,0,36,123
03/31/2001,MSO,MT,ANM,WE,Federal Contract Tower,14,24,10,0,48,0,13,32,1,46,14,37,42,1,94,54,0,54,148
04/01/2001,MSO,MT,ANM,WE,Federal Contract Tower,11,13,10,3,37,1,3,28,0,32,12,16,38,3,69,60,0,60,129
04/02/2001,MSO,MT,ANM,WE,Federal Contract Tower,13,27,9,0,49,1,9,23,0,33,14,36,32,0,82,40,0,40,122
04/03/2001,MSO,MT,ANM,WE,Federal Contract Tower,13,35,17,0,65,1,10,33,0,44,14,45,50,0,109,46,0,46,155
04/04/2001,MSO,MT,ANM,WE,Federal Contract Tower,16,34,18,0,68,0,0,62,0,62,16,34,80,0,130,140,0,140,270
04/05/2001,MSO,MT,ANM,WE,Federal Contract Tower,15,22,12,0,49,1,18,48,0,67,16,40,60,0,116,164,0,164,280
04/06/2001,MSO,MT,ANM,WE,Federal Contract Tower,15,24,13,0,52,1,18,36,0,55,16,42,49,0,107,28,0,28,135
04/07/2001,MSO,MT,ANM,WE,Federal Contract Tower,15,15,9,0,39,1,6,35,0,42,16,21,44,0,81,20,0,20,101
04/08/2001,MSO,MT,ANM,WE,Federal Contract Tower,15,12,8,0,35,1,16,20,0,37,16,28,28,0,72,20,0,20,92
04/09/2001,MSO,MT,ANM,WE,Federal Contract Tower,16,17,16,0,49,0,10,32,0,42,16,27,48,0,91,30,0,30,121
04/10/2001,MSO,MT,ANM,WE,Federal Contract Tower,14,27,13,0,54,0,5,7,0,12,14,32,20,0,66,0,0,0,66
04/11/2001,MSO,MT,ANM,WE,Federal Contract Tower,14,26,6,0,46,0,4,9,0,13,14,30,15,0,59,12,0,12,71
04/12/2001,MSO,MT,ANM,WE,Federal Contract Tower,16,29,14,0,59,0,5,8,0,13,16,34,22,0,72,24,0,24,96
04/13/2001,MSO,MT,ANM,WE,Federal Contract Tower,15,22,10,0,47,0,21,37,0,58,15,43,47,0,105,42,0,42,147
04/14/2001,MSO,MT,ANM,WE,Federal Contract Tower,16,21,6,0,43,0,6,41,0,47,16,27,47,0,90,58,0,58,148
04/15/2001,MSO,MT,ANM,WE,Federal Contract Tower,16,8,8,0,32,0,11,62,0,73,16,19,70,0,105,58,0,58,163
04/16/2001,MSO,MT,ANM,WE,Federal Contract Tower,16,17,12,0,45,0,5,33,0,38,16,22,45,0,83,40,0,40,123
04/17/2001,MSO,MT,ANM,WE,Federal Contract Tower,14,23,6,0,43,0,12,116,0,128,14,35,122,0,171,54,0,54,225
04/18/2001,MSO,MT,ANM,WE,Federal Contract Tower,16,23,18,0,57,0,9,67,0,76,16,32,85,0,133,78,0,78,211
04/19/2001,MSO,MT,ANM,WE,Federal Contract Tower,16,26,14,0,56,0,6,35,0,41,16,32,49,0,97,42,0,42,139
04/20/2001,MSO,MT,ANM,WE,Federal Contract Tower,16,27,22,2,67,0,17,49,0,66,16,44,71,2,133,48,0,48,181
04/21/2001,MSO,MT,ANM,WE,Federal Contract Tower,16,19,5,0,40,0,8,77,0,85,16,27,82,0,125,88,0,88,213
04/22/2001,MSO,MT,ANM,WE,Federal Contract Tower,14,11,9,4,38,0,4,44,0,48,14,15,53,4,86,94,0,94,180
04/23/2001,MSO,MT,ANM,WE,Federal Contract Tower,16,26,8,0,50,0,12,40,0,52,16,38,48,0,102,28,0,28,130
04/24/2001,MSO,MT,ANM,WE,Federal Contract Tower,16,24,10,0,50,0,22,104,0,126,16,46,114,0,176,102,0,102,278
04/25/2001,MSO,MT,ANM,WE,Federal Contract Tower,16,17,12,0,45,0,11,96,4,111,16,28,108,4,156,104,0,104,260
04/26/2001,MSO,MT,ANM,WE,Federal Contract Tower,16,27,12,0,55,0,5,94,0,99,16,32,106,0,154,74,0,74,228
04/27/2001,MSO,MT,ANM,WE,Federal Contract Tower,16,20,12,0,48,0,4,40,0,44,16,24,52,0,92,34,0,34,126
04/28/2001,MSO,MT,ANM,WE,Federal Contract Tower,16,20,4,0,40,0,9,40,0,49,16,29,44,0,89,34,0,34,123
04/29/2001,MSO,MT,ANM,WE,Federal Contract Tower,16,10,10,2,38,0,16,40,0,56,16,26,50,2,94,26,0,26,120
04/30/2001,MSO,MT,ANM,WE,Federal Contract Tower,11,26,9,0,46,0,0,11,0,11,11,26,20,0,57,18,0,18,75
05/01/2001,MSO,MT,ANM,WE,Federal Contract Tower,15,24,12,0,51,1,13,26,4,44,16,37,38,4,95,26,0,26,121
05/02/2001,MSO,MT,ANM,WE,Federal Contract Tower,13,25,14,0,52,1,20,33,0,54,14,45,47,0,106,42,0,42,148
05/03/2001,MSO,MT,ANM,WE,Federal Contract Tower,15,21,10,0,46,1,29,70,0,100,16,50,80,0,146,100,0,100,246
05/04/2001,MSO,MT,ANM,WE,Federal Contract Tower,13,23,8,0,44,1,16,74,0,91,14,39,82,0,135,28,0,28,163
05/05/2001,MSO,MT,ANM,WE,Federal Contract Tower,15,16,8,0,39,1,24,39,0,64,16,40,47,0,103,42,0,42,145
05/06/2001,MSO,MT,ANM,WE,Federal Contract Tower,15,9,14,0,38,1,25,57,0,83,16,34,71,0,121,64,0,64,185
05/07/2001,MSO,MT,ANM,WE,Federal Contract Tower,15,12,11,0,38,1,33,77,0,111,16,45,88,0,149,48,0,48,197
05/08/2001,MSO,MT,ANM,WE,Federal Contract Tower,14,23,17,0,54,1,9,25,0,35,15,32,42,0,89,36,0,36,125
05/09/2001,MSO,MT,ANM,WE,Federal Contract Tower,15,24,15,2,56,1,11,67,0,79,16,35,82,2,135,84,20,104,239
05/10/2001,MSO,MT,ANM,WE,Federal Contract Tower,16,26,21,2,65,0,16,59,0,75,16,42,80,2,140,140,2,142,282
05/11/2001,MSO,MT,ANM,WE,Federal Contract Tower,16,16,9,0,41,0,27,84,0,111,16,43,93,0,152,90,0,90,242
05/12/2001,MSO,MT,ANM,WE,Federal Contract Tower,16,13,3,0,32,0,18,54,0,72,16,31,57,0,104,36,0,36,140
05/13/2001,MSO,MT,ANM,WE,Federal Contract Tower,16,13,10,0,39,0,19,67,0,86,16,32,77,0,125,74,0,74,199
05/14/2001,MSO,MT,ANM,WE,Federal Contract Tower,16,20,8,0,44,0,14,39,0,53,16,34,47,0,97,46,0,46,143
05/15/2001,MSO,MT,ANM,WE,Federal Contract Tower,16,27,13,0,56,0,11,62,0,73,16,38,75,0,129,62,2,64,193
05/16/2001,MSO,MT,ANM,WE,Federal Contract Tower,17,25,11,0,53,0,5,23,2,30,17,30,34,2,83,48,2,50,133
05/17/2001,MSO,MT,ANM,WE,Federal Contract Tower,16,21,6,0,43,0,19,84,2,105,16,40,90,2,148,140,0,140,288
05/18/2001,MSO,MT,ANM,WE,Federal Contract Tower,16,25,15,4,60,0,10,62,0,72,16,35,77,4,132,60,8,68,200
05/19/2001,MSO,MT,ANM,WE,Federal Contract Tower,15,18,3,0,36,3,9,104,2,118,18,27,107,2,154,72,0,72,226
05/20/2001,MSO,MT,ANM,WE,Federal Contract Tower,16,8,6,2,32,0,8,55,0,63,16,16,61,2,95,38,0,38,133
05/21/2001,MSO,MT,ANM,WE,Federal Contract Tower,16,23,8,0,47,0,21,72,0,93,16,44,80,0,140,104,0,104,244
05/22/2001,MSO,MT,ANM,WE,Federal Contract Tower,16,24,7,0,47,0,28,101,0,129,16,52,108,0,176,84,0,84,260
05/23/2001,MSO,MT,ANM,WE,Federal Contract Tower,16,25,14,0,55,0,16,67,0,83,16,41,81,0,138,78,0,78,216
05/24/2001,MSO,MT,ANM,WE,Federal Contract Tower,16,19,5,0,40,0,30,83,0,113,16,49,88,0,153,80,0,80,233
05/25/2001,MSO,MT,ANM,WE,Federal Contract Tower,16,25,9,0,50,0,23,95,0,118,16,48,104,0,168,60,0,60,228
05/26/2001,MSO,MT,ANM,WE,Federal Contract Tower,16,12,2,0,30,0,26,68,8,102,16,38,70,8,132,56,8,64,196
05/27/2001,MSO,MT,ANM,WE,Federal Contract Tower,14,8,2,0,24,0,14,44,0,58,14,22,46,0,82,30,0,30,112
05/28/2001,MSO,MT,ANM,WE,Federal Contract Tower,16,15,3,0,34,0,15,51,0,66,16,30,54,0,100,40,0,40,140
05/29/2001,MSO,MT,ANM,WE,Federal Contract Tower,16,19,7,0,42,0,16,50,0,66,16,35,57,0,108,34,0,34,142
05/30/2001,MSO,MT,ANM,WE,Federal Contract Tower,18,24,10,0,52,0,16,81,0,97,18,40,91,0,149,60,0,60,209
05/31/2001,MSO,MT,ANM,WE,Federal Contract Tower,16,23,9,0,48,0,21,86,0,107,16,44,95,0,155,76,0,76,231
06/01/2001,MSO,MT,ANM,WE,Federal Contract Tower,15,25,13,2,55,0,17,99,0,116,15,42,112,2,171,106,0,106,277
06/02/2001,MSO,MT,ANM,WE,Federal Contract Tower,18,15,6,0,39,0,19,32,0,51,18,34,38,0,90,62,0,62,152
06/03/2001,MSO,MT,ANM,WE,Federal Contract Tower,14,16,9,0,39,0,0,0,0,0,14,16,9,0,39,0,0,0,39
06/04/2001,MSO,MT,ANM,WE,Federal Contract Tower,16,21,19,0,56,0,23,31,0,54,16,44,50,0,110,48,0,48,158
06/05/2001,MSO,MT,ANM,WE,Federal Contract Tower,16,28,6,0,50,0,16,51,0,67,16,44,57,0,117,46,0,46,163
06/06/2001,MSO,MT,ANM,WE,Federal Contract Tower,16,24,15,0,55,0,14,44,0,58,16,38,59,0,113,40,0,40,153
06/07/2001,MSO,MT,ANM,WE,Federal Contract Tower,16,29,9,3,57,0,25,54,0,79,16,54,63,3,136,54,22,76,212
06/08/2001,MSO,MT,ANM,WE,Federal Contract Tower,16,22,4,0,42,0,28,78,0,106,16,50,82,0,148,50,0,50,198
06/09/2001,MSO,MT,ANM,WE,Federal Contract Tower,16,22,8,0,46,0,14,132,0,146,16,36,140,0,192,40,0,40,232
06/10/2001,MSO,MT,ANM,WE,Federal Contract Tower,16,20,1,1,38,0,8,49,3,60,16,28,50,4,98,30,0,30,128
06/11/2001,MSO,MT,ANM,WE,Federal Contract Tower,16,30,18,0,64,0,6,19,0,25,16,36,37,0,89,32,0,32,121
06/12/2001,MSO,MT,ANM,WE,Federal Contract Tower,16,34,23,0,73,0,2,14,0,16,16,36,37,0,89,32,0,32,121
06/13/2001,MSO,MT,ANM,WE,Federal Contract Tower,16,33,20,0,69,0,5,22,0,27,16,38,42,0,96,48,0,48,144
06/14/2001,MSO,MT,ANM,WE,Federal Contract Tower,15,30,18,0,63,0,16,35,0,51,15,46,53,0,114,28,0,28,142
06/15/2001,MSO,MT,ANM,WE,Federal Contract Tower,18,24,10,0,52,0,40,100,0,140,18,64,110,0,192,70,0,70,262
06/16/2001,MSO,MT,ANM,WE,Federal Contract Tower,18,24,3,0,45,0,15,52,0,67,18,39,55,0,112,40,0,40,152
06/17/2001,MSO,MT,ANM,WE,Federal Contract Tower,18,16,12,0,46,0,15,65,2,82,18,31,77,2,128,32,0,32,160
06/18/2001,MSO,MT,ANM,WE,Federal Contract Tower,20,26,4,0,50,0,15,61,3,79,20,41,65,3,129,46,0,46,175
06/19/2001,MSO,MT,ANM,WE,Federal Contract Tower,16,23,9,0,48,2,23,61,0,86,18,46,70,0,134,98,0,98,232
06/20/2001,MSO,MT,ANM,WE,Federal Contract Tower,18,29,13,0,60,0,13,81,7,101,18,42,94,7,161,94,0,94,255
06/21/2001,MSO,MT,ANM,WE,Federal Contract Tower,18,26,8,0,52,0,25,79,4,108,18,51,87,4,160,86,2,88,248
06/22/2001,MSO,MT,ANM,WE,Federal Contract Tower,17,19,14,2,52,0,15,62,2,79,17,34,76,4,131,92,0,92,223
06/23/2001,MSO,MT,ANM,WE,Federal Contract Tower,17,20,5,0,42,0,20,81,0,101,17,40,86,0,143,50,0,50,193
06/24/2001,MSO,MT,ANM,WE,Federal Contract Tower,17,23,8,1,49,0,5,56,1,62,17,28,64,2,111,56,0,56,167
06/25/2001,MSO,MT,ANM,WE,Federal Contract Tower,17,27,11,0,55,0,20,52,0,72,17,47,63,0,127,84,0,84,211
06/26/2001,MSO,MT,ANM,WE,Federal Contract Tower,16,30,11,0,57,0,22,79,0,101,16,52,90,0,158,92,0,92,250
06/27/2001,MSO,MT,ANM,WE,Federal Contract Tower,17,29,10,0,56,0,13,63,0,76,17,42,73,0,132,38,0,38,170
06/28/2001,MSO,MT,ANM,WE,Federal Contract Tower,17,32,22,0,71,0,14,74,0,88,17,46,96,0,159,60,0,60,219
06/29/2001,MSO,MT,ANM,WE,Federal Contract Tower,16,33,14,0,63,0,17,76,0,93,16,50,90,0,156,140,0,140,296
06/30/2001,MSO,MT,ANM,WE,Federal Contract Tower,19,24,6,0,49,0,12,99,0,111,19,36,105,0,160,78,0,78,238
07/01/2001,MSO,MT,ANM,WE,Federal Contract Tower,21,14,4,0,39,0,23,60,0,83,21,37,64,0,122,52,0,52,174
07/02/2001,MSO,MT,ANM,WE,Federal Contract Tower,16,23,9,0,48,1,11,71,0,83,17,34,80,0,131,60,0,60,191
07/03/2001,MSO,MT,ANM,WE,Federal Contract Tower,18,25,9,2,54,0,15,70,0,85,18,40,79,2,139,32,4,36,175
07/04/2001,MSO,MT,ANM,WE,Federal Contract Tower,17,20,2,0,39,0,9,41,0,50,17,29,43,0,89,46,0,46,135
07/05/2001,MSO,MT,ANM,WE,Federal Contract Tower,16,38,10,0,64,0,11,61,0,72,16,49,71,0,136,34,0,34,170
07/06/2001,MSO,MT,ANM,WE,Federal Contract Tower,18,26,6,0,50,0,13,104,0,117,18,39,110,0,167,44,0,44,211
07/07/2001,MSO,MT,ANM,WE,Federal Contract Tower,18,21,9,0,48,0,28,95,0,123,18,49,104,0,171,78,0,78,249
07/08/2001,MSO,MT,ANM,WE,Federal Contract Tower,16,22,5,0,43,0,17,84,0,101,16,39,89,0,144,38,0,38,182
07/09/2001,MSO,MT,ANM,WE,Federal Contract Tower,17,28,12,0,57,0,15,82,0,97,17,43,94,0,154,52,0,52,206
07/10/2001,MSO,MT,ANM,WE,Federal Contract Tower,16,26,18,0,60,0,24,82,0,106,16,50,100,0,166,60,0,60,226
07/11/2001,MSO,MT,ANM,WE,Federal Contract Tower,17,23,12,0,52,0,14,68,0,82,17,37,80,0,134,58,0,58,192
07/12/2001,MSO,MT,ANM,WE,Federal Contract Tower,20,29,14,0,63,0,10,62,0,72,20,39,76,0,135,60,0,60,195
07/13/2001,MSO,MT,ANM,WE,Federal Contract Tower,17,29,15,1,62,0,18,70,0,88,17,47,85,1,150,84,14,98,248
07/14/2001,MSO,MT,ANM,WE,Federal Contract Tower,15,21,1,0,37,0,24,78,3,105,15,45,79,3,142,52,30,82,224
07/15/2001,MSO,MT,ANM,WE,Federal Contract Tower,20,22,27,1,70,0,28,51,0,79,20,50,78,1,149,38,2,40,189
07/16/2001,MSO,MT,ANM,WE,Federal Contract Tower,18,26,17,0,61,0,11,41,0,52,18,37,58,0,113,58,0,58,171
07/17/2001,MSO,MT,ANM,WE,Federal Contract Tower,17,33,4,0,54,0,16,74,0,90,17,49,78,0,144,48,0,48,192
07/18/2001,MSO,MT,ANM,WE,Federal Contract Tower,17,31,25,3,76,0,25,90,0,115,17,56,115,3,191,110,10,120,311
07/19/2001,MSO,MT,ANM,WE,Federal Contract Tower,18,32,23,2,75,0,8,79,0,87,18,40,102,2,162,116,0,116,278
07/20/2001,MSO,MT,ANM,WE,Federal Contract Tower,15,33,12,1,61,0,17,120,2,139,15,50,132,3,200,78,0,78,278
07/21/2001,MSO,MT,ANM,WE,Federal Contract Tower,17,29,12,2,60,0,8,58,0,66,17,37,70,2,126,90,0,90,216
07/22/2001,MSO,MT,ANM,WE,Federal Contract Tower,16,19,7,1,43,1,11,87,0,99,17,30,94,1,142,32,0,32,174
07/23/2001,MSO,MT,ANM,WE,Federal Contract Tower,16,23,7,2,48,0,15,67,0,82,16,38,74,2,130,102,0,102,232
07/24/2001,MSO,MT,ANM,WE,Federal Contract Tower,17,28,16,0,61,0,15,75,0,90,17,43,91,0,151,68,0,68,219
07/25/2001,MSO,MT,ANM,WE,Federal Contract Tower,17,30,10,0,57,0,25,143,0,168,17,55,153,0,225,96,0,96,321
07/26/2001,MSO,MT,ANM,WE,Federal Contract Tower,16,31,11,0,58,0,17,115,0,132,16,48,126,0,190,50,0,50,240
07/27/2001,MSO,MT,ANM,WE,Federal Contract Tower,17,22,12,0,51,0,4,48,0,52,17,26,60,0,103,50,0,50,153
07/28/2001,MSO,MT,ANM,WE,Federal Contract Tower,16,24,10,0,50,1,14,71,1,87,17,38,81,1,137,42,0,42,179
07/29/2001,MSO,MT,ANM,WE,Federal Contract Tower,16,18,11,1,46,0,2,77,0,79,16,20,88,1,125,28,0,28,153
07/30/2001,MSO,MT,ANM,WE,Federal Contract Tower,15,29,19,0,63,0,9,65,0,74,15,38,84,0,137,44,0,44,181
07/31/2001,MSO,MT,ANM,WE,Federal Contract Tower,17,37,21,1,76,0,9,32,0,41,17,46,53,1,117,28,0,28,145
08/01/2001,MSO,MT,ANM,WE,Federal Contract Tower,17,28,6,0,51,0,20,76,0,96,17,48,82,0,147,44,0,44,191
08/02/2001,MSO,MT,ANM,WE,Federal Contract Tower,16,28,10,0,54,0,15,99,0,114,16,43,109,0,168,58,0,58,226
08/03/2001,MSO,MT,ANM,WE,Federal Contract Tower,17,24,8,0,49,0,15,94,0,109,17,39,102,0,158,44,0,44,202
08/04/2001,MSO,MT,ANM,WE,Federal Contract Tower,17,22,9,0,48,0,24,94,0,118,17,46,103,0,166,48,0,48,214
08/05/2001,MSO,MT,ANM,WE,Federal Contract Tower,17,18,12,0,47,0,26,111,0,137,17,44,123,0,184,82,0,82,266
08/06/2001,MSO,MT,ANM,WE,Federal Contract Tower,15,22,10,0,47,0,24,91,2,117,15,46,101,2,164,66,0,66,230
08/07/2001,MSO,MT,ANM,WE,Federal Contract Tower,18,32,12,0,62,0,16,78,0,94,18,48,90,0,156,68,0,68,224
08/08/2001,MSO,MT,ANM,WE,Federal Contract Tower,19,24,17,0,60,0,15,85,0,100,19,39,102,0,160,50,0,50,210
08/09/2001,MSO,MT,ANM,WE,Federal Contract Tower,18,30,4,0,52,0,17,73,0,90,18,47,77,0,142,92,0,92,234
08/10/2001,MSO,MT,ANM,WE,Federal Contract Tower,17,27,7,2,53,0,14,85,0,99,17,41,92,2,152,68,2,70,222
08/11/2001,MSO,MT,ANM,WE,Federal Contract Tower,20,22,9,0,51,0,17,77,0,94,20,39,86,0,145,52,0,52,197
08/12/2001,MSO,MT,ANM,WE,Federal Contract Tower,17,21,9,2,49,0,20,88,0,108,17,41,97,2,157,48,0,48,205
08/13/2001,MSO,MT,ANM,WE,Federal Contract Tower,18,24,10,0,52,0,17,84,0,101,18,41,94,0,153,42,0,42,195
08/14/2001,MSO,MT,ANM,WE,Federal Contract Tower,17,26,10,2,55,0,21,88,1,110,17,47,98,3,165,58,2,60,225
08/15/2001,MSO,MT,ANM,WE,Federal Contract Tower,17,26,10,0,53,0,22,70,2,94,17,48,80,2,147,60,0,60,207
08/16/2001,MSO,MT,ANM,WE,Federal Contract Tower,17,26,19,0,62,0,10,67,0,77,17,36,86,0,139,40,0,40,179
08/17/2001,MSO,MT,ANM,WE,Federal Contract Tower,17,29,11,0,57,0,21,115,0,136,17,50,126,0,193,46,0,46,239
08/18/2001,MSO,MT,ANM,WE,Federal Contract Tower,17,21,10,0,48,0,18,146,0,164,17,39,156,0,212,82,0,82,294
08/19/2001,MSO,MT,ANM,WE,Federal Contract Tower,17,14,5,0,36,0,8,124,0,132,17,22,129,0,168,56,0,56,224
08/20/2001,MSO,MT,ANM,WE,Federal Contract Tower,17,24,9,0,50,0,18,102,0,120,17,42,111,0,170,28,0,28,198
08/21/2001,MSO,MT,ANM,WE,Federal Contract Tower,16,32,2,0,50,0,12,125,0,137,16,44,127,0,187,66,0,66,253
08/22/2001,MSO,MT,ANM,WE,Federal Contract Tower,15,24,8,0,47,0,24,135,0,159,15,48,143,0,206,46,0,46,252
08/23/2001,MSO,MT,ANM,WE,Federal Contract Tower,15,24,21,2,62,0,25,108,0,133,15,49,129,2,195,40,38,78,273
08/24/2001,MSO,MT,ANM,WE,Federal Contract Tower,16,28,12,0,56,0,12,82,0,94,16,40,94,0,150,38,0,38,188
08/25/2001,MSO,MT,ANM,WE,Federal Contract Tower,17,19,9,0,45,0,13,111,0,124,17,32,120,0,169,68,0,68,237
08/26/2001,MSO,MT,ANM,WE,Federal Contract Tower,17,17,7,0,41,0,9,97,0,106,17,26,104,0,147,68,0,68,215
08/27/2001,MSO,MT,ANM,WE,Federal Contract Tower,17,21,7,2,47,0,19,93,0,112,17,40,100,2,159,54,2,56,215
08/28/2001,MSO,MT,ANM,WE,Federal Contract Tower,15,31,8,0,54,0,21,82,0,103,15,52,90,0,157,12,0,12,169
08/29/2001,MSO,MT,ANM,WE,Federal Contract Tower,16,26,7,0,49,0,20,124,0,144,16,46,131,0,193,60,0,60,253
08/30/2001,MSO,MT,ANM,WE,Federal Contract Tower,18,29,5,0,52,0,12,123,0,135,18,41,128,0,187,58,0,58,245
08/31/2001,MSO,MT,ANM,WE,Federal Contract Tower,17,32,22,0,71,0,11,119,0,130,17,43,141,0,201,46,0,46,247
09/01/2001,MSO,MT,ANM,WE,Federal Contract Tower,13,24,9,0,46,1,9,88,0,98,14,33,97,0,144,54,0,54,198
09/02/2001,MSO,MT,ANM,WE,Federal Contract Tower,13,16,7,0,36,1,24,92,0,117,14,40,99,0,153,40,0,40,193
09/03/2001,MSO,MT,ANM,WE,Federal Contract Tower,15,26,2,0,43,1,14,106,0,121,16,40,108,0,164,66,0,66,230
09/04/2001,MSO,MT,ANM,WE,Federal Contract Tower,14,20,5,0,39,1,10,63,0,74,15,30,68,0,113,22,0,22,135
09/05/2001,MSO,MT,ANM,WE,Federal Contract Tower,13,29,13,0,55,1,19,57,0,77,14,48,70,0,132,42,0,42,174
09/06/2001,MSO,MT,ANM,WE,Federal Contract Tower,17,31,12,0,60,1,7,58,0,66,18,38,70,0,126,52,0,52,178
09/07/2001,MSO,MT,ANM,WE,Federal Contract Tower,15,33,10,2,60,1,13,48,0,62,16,46,58,2,122,44,0,44,166
09/08/2001,MSO,MT,ANM,WE,Federal Contract Tower,14,22,7,0,43,1,15,124,0,140,15,37,131,0,183,48,0,48,231
09/09/2001,MSO,MT,ANM,WE,Federal Contract Tower,14,15,3,2,34,1,17,94,0,112,15,32,97,2,146,52,0,52,198
09/10/2001,MSO,MT,ANM,WE,Federal Contract Tower,16,27,9,0,52,0,10,87,0,97,16,37,96,0,149,48,0,48,197
09/11/2001,MSO,MT,ANM,WE,Federal Contract Tower,2,6,2,0,10,0,2,8,0,10,2,8,10,0,20,0,0,0,20
09/12/2001,MSO,MT,ANM,WE,Federal Contract Tower,0,2,3,0,5,0,0,1,0,1,0,2,4,0,6,0,0,0,6
09/13/2001,MSO,MT,ANM,WE,Federal Contract Tower,0,9,4,0,13,0,1,1,0,2,0,10,5,0,15,0,0,0,15
09/14/2001,MSO,MT,ANM,WE,Federal Contract Tower,8,33,10,0,51,0,7,6,0,13,8,40,16,0,64,0,0,0,64
09/15/2001,MSO,MT,ANM,WE,Federal Contract Tower,13,24,13,0,50,0,9,4,0,13,13,33,17,0,63,0,0,0,63
09/16/2001,MSO,MT,ANM,WE,Federal Contract Tower,11,17,14,0,42,0,8,6,0,14,11,25,20,0,56,0,0,0,56
09/17/2001,MSO,MT,ANM,WE,Federal Contract Tower,13,25,16,0,54,0,1,19,0,20,13,26,35,0,74,0,0,0,74
09/18/2001,MSO,MT,ANM,WE,Federal Contract Tower,13,34,25,0,72,0,5,23,0,28,13,39,48,0,100,0,0,0,100
09/19/2001,MSO,MT,ANM,WE,Federal Contract Tower,12,43,18,0,73,0,7,27,0,34,12,50,45,0,107,0,0,0,107
09/20/2001,MSO,MT,ANM,WE,Federal Contract Tower,13,28,20,0,61,0,24,40,0,64,13,52,60,0,125,0,0,0,125
09/21/2001,MSO,MT,ANM,WE,Federal Contract Tower,13,37,15,0,65,0,15,59,0,74,13,52,74,0,139,24,0,24,163
09/22/2001,MSO,MT,ANM,WE,Federal Contract Tower,14,4,4,0,22,0,0,53,0,53,14,4,57,0,75,40,0,40,115
09/23/2001,MSO,MT,ANM,WE,Federal Contract Tower,15,20,7,0,42,0,10,82,0,92,15,30,89,0,134,44,0,44,178
09/24/2001,MSO,MT,ANM,WE,Federal Contract Tower,13,24,14,0,51,0,6,46,0,52,13,30,60,0,103,52,0,52,155
09/25/2001,MSO,MT,ANM,WE,Federal Contract Tower,13,38,10,0,61,0,10,59,0,69,13,48,69,0,130,50,4,54,184
09/26/2001,MSO,MT,ANM,WE,Federal Contract Tower,10,32,14,0,56,0,10,51,0,61,10,42,65,0,117,44,0,44,161
09/27/2001,MSO,MT,ANM,WE,Federal Contract Tower,14,13,16,0,43,0,32,77,0,109,14,45,93,0,152,48,0,48,200
09/28/2001,MSO,MT,ANM,WE,Federal Contract Tower,14,30,13,0,57,0,17,65,0,82,14,47,78,0,139,34,0,34,173
09/29/2001,MSO,MT,ANM,WE,Federal Contract Tower,11,21,8,0,40,3,21,52,0,76,14,42,60,0,116,20,0,20,136
09/30/2001,MSO,MT,ANM,WE,Federal Contract Tower,13,15,10,0,38,0,5,50,0,55,13,20,60,0,93,74,0,74,167
10/01/2001,MSO,MT,ANM,WE,Federal Contract Tower,13,24,10,0,47,1,22,73,0,96,14,46,83,0,143,66,0,66,209
10/02/2001,MSO,MT,ANM,WE,Federal Contract Tower,13,29,10,0,52,1,5,48,0,54,14,34,58,0,106,60,0,60,166
10/03/2001,MSO,MT,ANM,WE,Federal Contract Tower,12,26,10,0,48,1,21,108,0,130,13,47,118,0,178,62,0,62,240
10/04/2001,MSO,MT,ANM,WE,Federal Contract Tower,13,37,13,2,65,1,14,68,0,83,14,51,81,2,148,56,14,70,218
10/05/2001,MSO,MT,ANM,WE,Federal Contract Tower,11,29,10,0,50,1,5,65,2,73,12,34,75,2,123,88,0,88,211
10/06/2001,MSO,MT,ANM,WE,Federal Contract Tower,14,21,11,0,46,1,18,58,0,77,15,39,69,0,123,68,9,77,200
10/07/2001,MSO,MT,ANM,WE,Federal Contract Tower,12,14,10,0,36,1,10,57,0,68,13,24,67,0,104,48,0,48,152
10/08/2001,MSO,MT,ANM,WE,Federal Contract Tower,12,29,14,0,55,1,8,34,0,43,13,37,48,0,98,42,0,42,140
10/09/2001,MSO,MT,ANM,WE,Federal Contract Tower,12,34,18,0,64,1,10,32,0,43,13,44,50,0,107,56,0,56,163
10/10/2001,MSO,MT,ANM,WE,Federal Contract Tower,12,30,18,0,60,1,6,42,2,51,13,36,60,2,111,20,0,20,131
10/11/2001,MSO,MT,ANM,WE,Federal Contract Tower,12,30,16,0,58,1,0,4,0,5,13,30,20,0,63,12,0,12,75
10/12/2001,MSO,MT,ANM,WE,Federal Contract Tower,12,34,13,3,62,1,6,17,0,24,13,40,30,3,86,14,2,16,102
10/13/2001,MSO,MT,ANM,WE,Federal Contract Tower,14,23,7,0,44,0,15,33,0,48,14,38,40,0,92,58,0,58,150
10/14/2001,MSO,MT,ANM,WE,Federal Contract Tower,13,13,11,2,39,0,3,9,0,12,13,16,20,2,51,10,0,10,61
10/15/2001,MSO,MT,ANM,WE,Federal Contract Tower,13,26,13,0,52,0,8,49,0,57,13,34,62,0,109,46,0,46,155
10/16/2001,MSO,MT,ANM,WE,Federal Contract Tower,11,27,8,4,50,0,15,67,3,85,11,42,75,7,135,84,0,84,219
10/17/2001,MSO,MT,ANM,WE,Federal Contract Tower,13,34,13,1,61,0,4,31,0,35,13,38,44,1,96,30,0,30,126
10/18/2001,MSO,MT,ANM,WE,Federal Contract Tower,13,32,10,1,56,0,6,50,0,56,13,38,60,1,112,70,0,70,182
10/19/2001,MSO,MT,ANM,WE,Federal Contract Tower,13,30,8,0,51,0,3,10,0,13,13,33,18,0,64,68,0,68,132
10/20/2001,MSO,MT,ANM,WE,Federal Contract Tower,15,19,11,0,45,0,17,13,0,30,15,36,24,0,75,46,0,46,121
10/21/2001,MSO,MT,ANM,WE,Federal Contract Tower,14,13,7,0,34,0,5,25,0,30,14,18,32,0,64,70,0,70,134
10/22/2001,MSO,MT,ANM,WE,Federal Contract Tower,14,28,11,0,53,0,6,5,0,11,14,34,16,0,64,46,0,46,110
10/23/2001,MSO,MT,ANM,WE,Federal Contract Tower,14,31,14,0,59,0,7,7,0,14,14,38,21,0,73,8,0,8,81
10/24/2001,MSO,MT,ANM,WE,Federal Contract Tower,14,34,7,0,55,0,13,32,0,45,14,47,39,0,100,14,0,14,114
10/25/2001,MSO,MT,ANM,WE,Federal Contract Tower,14,37,11,0,62,0,7,44,0,51,14,44,55,0,113,66,0,66,179
10/26/2001,MSO,MT,ANM,WE,Federal Contract Tower,14,32,13,1,60,0,4,63,0,67,14,36,76,1,127,62,0,62,189
10/27/2001,MSO,MT,ANM,WE,Federal Contract Tower,14,30,22,0,66,0,0,30,0,30,14,30,52,0,96,36,0,36,132
10/28/2001,MSO,MT,ANM,WE,Federal Contract Tower,14,21,11,2,48,0,3,19,0,22,14,24,30,2,70,10,0,10,80
10/29/2001,MSO,MT,ANM,WE,Federal Contract Tower,14,30,8,0,52,0,9,29,0,38,14,39,37,0,90,14,0,14,104
10/30/2001,MSO,MT,ANM,WE,Federal Contract Tower,14,37,5,0,56,0,0,4,0,4,14,37,9,0,60,8,0,8,68
10/31/2001,MSO,MT,ANM,WE,Federal Contract Tower,14,33,13,0,60,0,6,5,0,11,14,39,18,0,71,10,0,10,81
11/01/2001,MSO,MT,ANM,WE,Federal Contract Tower,14,33,12,0,59,0,7,20,0,27,14,40,32,0,86,16,0,16,102
11/02/2001,MSO,MT,ANM,WE,Federal Contract Tower,14,30,7,2,53,0,11,47,0,58,14,41,54,2,111,32,0,32,143
11/03/2001,MSO,MT,ANM,WE,Federal Contract Tower,14,14,4,0,32,0,11,67,0,78,14,25,71,0,110,30,0,30,140
11/04/2001,MSO,MT,ANM,WE,Federal Contract Tower,14,13,3,2,32,0,13,63,0,76,14,26,66,2,108,36,0,36,144
11/05/2001,MSO,MT,ANM,WE,Federal Contract Tower,14,26,12,0,52,0,7,24,0,31,14,33,36,0,83,38,0,38,121
11/06/2001,MSO,MT,ANM,WE,Federal Contract Tower,14,34,20,0,68,0,16,32,0,48,14,50,52,0,116,32,0,32,148
11/07/2001,MSO,MT,ANM,WE,Federal Contract Tower,15,26,12,0,53,0,8,52,0,60,15,34,64,0,113,38,0,38,151
11/08/2001,MSO,MT,ANM,WE,Federal Contract Tower,14,28,18,0,60,0,4,22,0,26,14,32,40,0,86,24,0,24,110
11/09/2001,MSO,MT,ANM,WE,Federal Contract Tower,14,27,6,0,47,0,12,63,0,75,14,39,69,0,122,62,0,62,184
11/10/2001,MSO,MT,ANM,WE,Federal Contract Tower,14,18,4,0,36,0,10,52,0,62,14,28,56,0,98,38,0,38,136
11/11/2001,MSO,MT,ANM,WE,Federal Contract Tower,14,13,4,0,31,0,9,55,0,64,14,22,59,0,95,46,0,46,141
11/12/2001,MSO,MT,ANM,WE,Federal Contract Tower,17,22,11,0,50,0,5,36,0,41,17,27,47,0,91,22,0,22,113
11/13/2001,MSO,MT,ANM,WE,Federal Contract Tower,15,30,12,0,57,0,14,46,0,60,15,44,58,0,117,54,0,54,171
11/14/2001,MSO,MT,ANM,WE,Federal Contract Tower,14,38,9,0,61,0,6,33,0,39,14,44,42,0,100,48,0,48,148
11/15/2001,MSO,MT,ANM,WE,Federal Contract Tower,14,39,7,2,62,0,9,47,0,56,14,48,54,2,118,22,0,22,140
11/16/2001,MSO,MT,ANM,WE,Federal Contract Tower,18,29,14,0,61,0,2,41,0,43,18,31,55,0,104,16,0,16,120
11/17/2001,MSO,MT,ANM,WE,Federal Contract Tower,15,21,2,0,38,0,5,14,0,19,15,26,16,0,57,18,0,18,75
11/18/2001,MSO,MT,ANM,WE,Federal Contract Tower,15,12,6,0,33,0,6,27,0,33,15,18,33,0,66,6,0,6,72
11/19/2001,MSO,MT,ANM,WE,Federal Contract Tower,17,20,5,0,42,0,0,20,1,21,17,20,25,1,63,42,0,42,105
11/20/2001,MSO,MT,ANM,WE,Federal Contract Tower,16,32,7,0,55,0,7,37,0,44,16,39,44,0,99,28,0,28,127
11/21/2001,MSO,MT,ANM,WE,Federal Contract Tower,16,32,9,2,59,0,0,5,0,5,16,32,14,2,64,10,0,10,74
11/22/2001,MSO,MT,ANM,WE,Federal Contract Tower,13,23,2,0,38,0,0,0,0,0,13,23,2,0,38,0,0,0,38
11/23/2001,MSO,MT,ANM,WE,Federal Contract Tower,12,32,3,0,47,0,0,9,0,9,12,32,12,0,56,10,0,10,66
11/24/2001,MSO,MT,ANM,WE,Federal Contract Tower,15,26,1,0,42,0,4,25,0,29,15,30,26,0,71,12,0,12,83
11/25/2001,MSO,MT,ANM,WE,Federal Contract Tower,17,13,1,0,31,0,5,14,0,19,17,18,15,0,50,16,0,16,66
11/26/2001,MSO,MT,ANM,WE,Federal Contract Tower,15,28,7,0,50,0,4,3,0,7,15,32,10,0,57,2,0,2,59
11/27/2001,MSO,MT,ANM,WE,Federal Contract Tower,18,31,11,0,60,0,15,17,0,32,18,46,28,0,92,12,0,12,104
11/28/2001,MSO,MT,ANM,WE,Federal Contract Tower,12,29,2,0,43,0,2,8,0,10,12,31,10,0,53,0,0,0,53
11/29/2001,MSO,MT,ANM,WE,Federal Contract Tower,16,33,7,2,58,0,1,29,0,30,16,34,36,2,88,40,8,48,136
11/30/2001,MSO,MT,ANM,WE,Federal Contract Tower,15,31,7,0,53,0,6,27,0,33,15,37,34,0,86,36,0,36,122
12/01/2001,MSO,MT,ANM,WE,Federal Contract Tower,16,18,5,0,39,1,8,27,0,36,17,26,32,0,75,22,0,22,97
12/02/2001,MSO,MT,ANM,WE,Federal Contract Tower,13,12,10,0,35,0,7,14,0,21,13,19,24,0,56,2,0,2,58
12/03/2001,MSO,MT,ANM,WE,Federal Contract Tower,15,35,8,0,58,0,6,16,0,22,15,41,24,0,80,2,0,2,82
12/04/2001,MSO,MT,ANM,WE,Federal Contract Tower,14,37,7,0,58,0,5,23,0,28,14,42,30,0,86,40,0,40,126
12/05/2001,MSO,MT,ANM,WE,Federal Contract Tower,15,29,6,0,50,0,17,22,1,40,15,46,28,1,90,16,0,16,106
12/06/2001,MSO,MT,ANM,WE,Federal Contract Tower,15,37,17,0,69,0,7,16,0,23,15,44,33,0,92,12,0,12,104
12/07/2001,MSO,MT,ANM,WE,Federal Contract Tower,14,29,11,0,54,0,3,26,0,29,14,32,37,0,83,42,0,42,125
12/08/2001,MSO,MT,ANM,WE,Federal Contract Tower,15,22,9,0,46,0,4,29,0,33,15,26,38,0,79,22,0,22,101
12/09/2001,MSO,MT,ANM,WE,Federal Contract Tower,14,14,6,0,34,0,11,17,0,28,14,25,23,0,62,20,0,20,82
12/10/2001,MSO,MT,ANM,WE,Federal Contract Tower,12,31,7,0,50,0,4,22,0,26,12,35,29,0,76,28,0,28,104
12/11/2001,MSO,MT,ANM,WE,Federal Contract Tower,15,32,7,0,54,0,12,12,0,24,15,44,19,0,78,34,0,34,112
12/12/2001,MSO,MT,ANM,WE,Federal Contract Tower,14,31,10,0,55,0,5,22,0,27,14,36,32,0,82,40,0,40,122
12/13/2001,MSO,MT,ANM,WE,Federal Contract Tower,14,39,9,2,64,0,3,11,0,14,14,42,20,2,78,16,0,16,94
12/14/2001,MSO,MT,ANM,WE,Federal Contract Tower,15,31,14,0,60,0,21,32,1,54,15,52,46,1,114,22,0,22,136
12/15/2001,MSO,MT,ANM,WE,Federal Contract Tower,15,18,6,0,39,0,7,52,0,59,15,25,58,0,98,20,0,20,118
12/16/2001,MSO,MT,ANM,WE,Federal Contract Tower,14,14,6,0,34,0,14,20,0,34,14,28,26,0,68,6,0,6,74
12/17/2001,MSO,MT,ANM,WE,Federal Contract Tower,15,25,2,0,42,0,14,23,0,37,15,39,25,0,79,32,0,32,111
12/18/2001,MSO,MT,ANM,WE,Federal Contract Tower,18,30,8,0,56,2,10,34,0,46,20,40,42,0,102,56,0,56,158
12/19/2001,MSO,MT,ANM,WE,Federal Contract Tower,16,19,8,0,43,0,4,5,0,9,16,23,13,0,52,0,0,0,52
12/20/2001,MSO,MT,ANM,WE,Federal Contract Tower,26,30,8,0,64,0,6,29,0,35,26,36,37,0,99,32,0,32,131
12/21/2001,MSO,MT,ANM,WE,Federal Contract Tower,16,28,9,0,53,0,0,7,0,7,16,28,16,0,60,0,0,0,60
12/22/2001,MSO,MT,ANM,WE,Federal Contract Tower,15,31,11,0,57,0,5,17,0,22,15,36,28,0,79,20,0,20,99
12/23/2001,MSO,MT,ANM,WE,Federal Contract Tower,17,16,4,0,37,0,1,12,0,13,17,17,16,0,50,8,0,8,58
12/24/2001,MSO,MT,ANM,WE,Federal Contract Tower,16,24,7,0,47,0,4,15,0,19,16,28,22,0,66,22,0,22,88
12/25/2001,MSO,MT,ANM,WE,Federal Contract Tower,16,15,0,0,31,0,2,3,0,5,16,17,3,0,36,0,0,0,36
12/26/2001,MSO,MT,ANM,WE,Federal Contract Tower,16,34,9,0,59,0,10,7,0,17,16,44,16,0,76,26,0,26,102
12/27/2001,MSO,MT,ANM,WE,Federal Contract Tower,16,36,7,0,59,0,8,18,0,26,16,44,25,0,85,24,0,24,109
12/28/2001,MSO,MT,ANM,WE,Federal Contract Tower,16,27,7,0,50,0,5,4,0,9,16,32,11,0,59,8,0,8,67
12/29/2001,MSO,MT,ANM,WE,Federal Contract Tower,16,21,3,0,40,0,6,22,0,28,16,27,25,0,68,10,0,10,78
12/30/2001,MSO,MT,ANM,WE,Federal Contract Tower,10,16,5,0,31,6,0,10,0,16,16,16,15,0,47,26,0,26,73
12/31/2001,MSO,MT,ANM,WE,Federal Contract Tower,15,25,2,0,42,0,6,21,0,27,15,31,23,0,69,34,0,34,103
01/01/2002,MSO,MT,ANM,WE,Federal Contract Tower,13,11,7,0,31,0,1,15,0,16,13,12,22,0,47,20,0,20,67
01/02/2002,MSO,MT,ANM,WE,Federal Contract Tower,16,31,5,0,52,0,9,12,0,21,16,40,17,0,73,22,0,22,95
01/03/2002,MSO,MT,ANM,WE,Federal Contract Tower,12,28,4,0,44,0,7,12,0,19,12,35,16,0,63,20,0,20,83
01/04/2002,MSO,MT,ANM,WE,Federal Contract Tower,14,27,11,0,52,0,9,15,0,24,14,36,26,0,76,18,0,18,94
01/05/2002,MSO,MT,ANM,WE,Federal Contract Tower,14,21,5,0,40,0,3,27,0,30,14,24,32,0,70,38,0,38,108
01/06/2002,MSO,MT,ANM,WE,Federal Contract Tower,16,11,9,0,36,0,8,15,0,23,16,19,24,0,59,0,0,0,59
01/07/2002,MSO,MT,ANM,WE,Federal Contract Tower,14,29,1,0,44,0,8,16,0,24,14,37,17,0,68,48,0,48,116
01/08/2002,MSO,MT,ANM,WE,Federal Contract Tower,16,34,2,0,52,0,12,25,0,37,16,46,27,0,89,26,0,26,115
01/09/2002,MSO,MT,ANM,WE,Federal Contract Tower,14,32,9,2,57,0,9,46,0,55,14,41,55,2,112,86,0,86,198
01/10/2002,MSO,MT,ANM,WE,Federal Contract Tower,14,27,10,0,51,0,12,18,0,30,14,39,28,0,81,0,0,0,81
01/11/2002,MSO,MT,ANM,WE,Federal Contract Tower,14,30,7,2,53,0,11,67,0,78,14,41,74,2,131,36,0,36,167
01/12/2002,MSO,MT,ANM,WE,Federal Contract Tower,12,23,6,0,41,5,15,25,0,45,17,38,31,0,86,28,0,28,114
01/13/2002,MSO,MT,ANM,WE,Federal Contract Tower,13,25,6,0,44,1,0,33,2,36,14,25,39,2,80,24,0,24,104
01/14/2002,MSO,MT,ANM,WE,Federal Contract Tower,15,26,5,0,46,0,11,34,0,45,15,37,39,0,91,42,0,42,133
01/15/2002,MSO,MT,ANM,WE,Federal Contract Tower,14,28,8,0,50,0,5,28,0,33,14,33,36,0,83,20,0,20,103
01/16/2002,MSO,MT,ANM,WE,Federal Contract Tower,14,34,1,0,49,0,9,30,0,39,14,43,31,0,88,24,0,24,112
01/17/2002,MSO,MT,ANM,WE,Federal Contract Tower,13,32,8,0,53,0,8,6,0,14,13,40,14,0,67,0,0,0,67
01/18/2002,MSO,MT,ANM,WE,Federal Contract Tower,14,29,7,0,50,0,7,37,0,44,14,36,44,0,94,40,0,40,134
01/19/2002,MSO,MT,ANM,WE,Federal Contract Tower,14,18,6,0,38,0,2,22,0,24,14,20,28,0,62,22,0,22,84
01/20/2002,MSO,MT,ANM,WE,Federal Contract Tower,14,14,1,2,31,0,0,5,0,5,14,14,6,2,36,0,0,0,36
01/21/2002,MSO,MT,ANM,WE,Federal Contract Tower,14,25,12,0,51,0,5,10,0,15,14,30,22,0,66,20,0,20,86
01/22/2002,MSO,MT,ANM,WE,Federal Contract Tower,14,35,3,0,52,0,8,19,0,27,14,43,22,0,79,46,0,46,125
01/23/2002,MSO,MT,ANM,WE,Federal Contract Tower,12,37,12,0,61,0,9,12,0,21,12,46,24,0,82,44,0,44,126
01/24/2002,MSO,MT,ANM,WE,Federal Contract Tower,14,37,16,0,67,0,5,10,0,15,14,42,26,0,82,34,0,34,116
01/25/2002,MSO,MT,ANM,WE,Federal Contract Tower,14,30,21,0,65,0,14,21,0,35,14,44,42,0,100,38,0,38,138
01/26/2002,MSO,MT,ANM,WE,Federal Contract Tower,15,26,1,0,42,0,7,3,0,10,15,33,4,0,52,0,0,0,52
01/27/2002,MSO,MT,ANM,WE,Federal Contract Tower,12,16,5,0,33,0,8,43,0,51,12,24,48,0,84,60,0,60,144
01/28/2002,MSO,MT,ANM,WE,Federal Contract Tower,14,22,12,0,48,0,11,26,0,37,14,33,38,0,85,38,0,38,123
01/29/2002,MSO,MT,ANM,WE,Federal Contract Tower,14,35,8,0,57,0,13,31,0,44,14,48,39,0,101,78,0,78,179
01/30/2002,MSO,MT,ANM,WE,Federal Contract Tower,14,34,9,0,57,0,0,7,0,7,14,34,16,0,64,0,0,0,64
01/31/2002,MSO,MT,ANM,WE,Federal Contract Tower,14,34,15,0,63,0,2,33,0,35,14,36,48,0,98,8,0,8,106
02/01/2002,MSO,MT,ANM,WE,Federal Contract Tower,14,34,9,0,57,0,9,16,2,27,14,43,25,2,84,32,0,32,116
02/02/2002,MSO,MT,ANM,WE,Federal Contract Tower,13,23,3,0,39,1,6,55,0,62,14,29,58,0,101,56,0,56,157
02/03/2002,MSO,MT,ANM,WE,Federal Contract Tower,11,17,9,0,37,1,10,37,0,48,12,27,46,0,85,78,0,78,163
02/04/2002,MSO,MT,ANM,WE,Federal Contract Tower,13,27,11,0,51,1,15,58,0,74,14,42,69,0,125,62,0,62,187
02/05/2002,MSO,MT,ANM,WE,Federal Contract Tower,13,29,3,0,45,1,12,51,0,64,14,41,54,0,109,28,0,28,137
02/06/2002,MSO,MT,ANM,WE,Federal Contract Tower,15,34,20,0,69,1,14,31,0,46,16,48,51,0,115,60,0,60,175
02/07/2002,MSO,MT,ANM,WE,Federal Contract Tower,13,34,19,0,66,1,7,4,0,12,14,41,23,0,78,4,0,4,82
02/08/2002,MSO,MT,ANM,WE,Federal Contract Tower,13,24,8,2,47,1,4,11,0,16,14,28,19,2,63,20,0,20,83
02/09/2002,MSO,MT,ANM,WE,Federal Contract Tower,13,20,8,0,41,1,10,129,0,140,14,30,137,0,181,84,0,84,265
02/10/2002,MSO,MT,ANM,WE,Federal Contract Tower,14,13,13,2,42,0,10,46,0,56,14,23,59,2,98,56,0,56,154
02/11/2002,MSO,MT,ANM,WE,Federal Contract Tower,14,28,12,0,54,0,10,37,0,47,14,38,49,0,101,16,0,16,117
02/12/2002,MSO,MT,ANM,WE,Federal Contract Tower,14,30,3,0,47,0,14,46,2,62,14,44,49,2,109,82,0,82,191
02/13/2002,MSO,MT,ANM,WE,Federal Contract Tower,14,30,9,0,53,0,17,34,0,51,14,47,43,0,104,28,0,28,132
02/14/2002,MSO,MT,ANM,WE,Federal Contract Tower,14,29,6,0,49,0,12,45,0,57,14,41,51,0,106,60,0,60,166
02/15/2002,MSO,MT,ANM,WE,Federal Contract Tower,14,26,5,0,45,0,9,47,0,56,14,35,52,0,101,38,0,38,139
02/16/2002,MSO,MT,ANM,WE,Federal Contract Tower,14,20,4,0,38,0,9,50,0,59,14,29,54,0,97,42,0,42,139
02/17/2002,MSO,MT,ANM,WE,Federal Contract Tower,14,13,5,0,32,0,7,47,0,54,14,20,52,0,86,48,0,48,134
02/18/2002,MSO,MT,ANM,WE,Federal Contract Tower,14,33,9,0,56,0,15,30,0,45,14,48,39,0,101,68,0,68,169
02/19/2002,MSO,MT,ANM,WE,Federal Contract Tower,14,33,9,1,57,0,6,38,0,44,14,39,47,1,101,26,2,28,129
02/20/2002,MSO,MT,ANM,WE,Federal Contract Tower,14,32,9,0,55,0,8,29,0,37,14,40,38,0,92,62,0,62,154
02/21/2002,MSO,MT,ANM,WE,Federal Contract Tower,14,36,6,0,56,0,11,35,0,46,14,47,41,0,102,34,0,34,136
02/22/2002,MSO,MT,ANM,WE,Federal Contract Tower,14,30,5,2,51,0,13,28,0,41,14,43,33,2,92,42,2,44,136
02/23/2002,MSO,MT,ANM,WE,Federal Contract Tower,14,20,4,1,39,0,4,12,0,16,14,24,16,1,55,16,2,18,73
02/24/2002,MSO,MT,ANM,WE,Federal Contract Tower,14,16,2,2,34,0,0,0,0,0,14,16,2,2,34,0,0,0,34
02/25/2002,MSO,MT,ANM,WE,Federal Contract Tower,17,30,6,0,53,0,21,57,0,78,17,51,63,0,131,44,0,44,175
02/26/2002,MSO,MT,ANM,WE,Federal Contract Tower,14,26,7,0,47,0,14,34,0,48,14,40,41,0,95,18,0,18,113
02/27/2002,MSO,MT,ANM,WE,Federal Contract Tower,12,31,4,0,47,0,12,35,0,47,12,43,39,0,94,64,0,64,158
02/28/2002,MSO,MT,ANM,WE,Federal Contract Tower,16,36,15,0,67,0,11,24,0,35,16,47,39,0,102,22,0,22,124
03/01/2002,MSO,MT,ANM,WE,Federal Contract Tower,14,27,10,0,51,0,16,46,0,62,14,43,56,0,113,76,0,76,189
03/02/2002,MSO,MT,ANM,WE,Federal Contract Tower,13,26,10,0,49,1,4,40,0,45,14,30,50,0,94,90,0,90,184
03/03/2002,MSO,MT,ANM,WE,Federal Contract Tower,12,15,5,0,32,0,13,43,0,56,12,28,48,0,88,40,0,40,128
03/04/2002,MSO,MT,ANM,WE,Federal Contract Tower,14,24,20,0,58,0,15,38,0,53,14,39,58,0,111,58,0,58,169
03/05/2002,MSO,MT,ANM,WE,Federal Contract Tower,14,32,10,2,58,0,10,9,0,19,14,42,19,2,77,14,4,18,95
03/06/2002,MSO,MT,ANM,WE,Federal Contract Tower,12,31,2,0,45,0,1,0,0,1,12,32,2,0,46,0,0,0,46
03/07/2002,MSO,MT,ANM,WE,Federal Contract Tower,11,35,26,0,72,0,9,4,0,13,11,44,30,0,85,14,0,14,99
03/08/2002,MSO,MT,ANM,WE,Federal Contract Tower,14,36,12,0,62,0,11,43,0,54,14,47,55,0,116,54,0,54,170
03/09/2002,MSO,MT,ANM,WE,Federal Contract Tower,14,22,7,0,43,0,12,47,0,59,14,34,54,0,102,88,0,88,190
03/10/2002,MSO,MT,ANM,WE,Federal Contract Tower,14,13,6,0,33,0,10,9,0,19,14,23,15,0,52,36,0,36,88
03/11/2002,MSO,MT,ANM,WE,Federal Contract Tower,14,28,4,0,46,0,6,16,0,22,14,34,20,0,68,30,0,30,98
03/12/2002,MSO,MT,ANM,WE,Federal Contract Tower,16,34,2,0,52,0,6,22,0,28,16,40,24,0,80,70,0,70,150
03/13/2002,MSO,MT,ANM,WE,Federal Contract Tower,14,34,11,0,59,0,2,21,0,23,14,36,32,0,82,12,0,12,94
03/14/2002,MSO,MT,ANM,WE,Federal Contract Tower,14,42,9,0,65,0,10,34,0,44,14,52,43,0,109,12,0,12,121
03/15/2002,MSO,MT,ANM,WE,Federal Contract Tower,15,28,4,2,49,0,10,36,0,46,15,38,40,2,95,24,0,24,119
03/16/2002,MSO,MT,ANM,WE,Federal Contract Tower,14,19,4,0,37,0,6,19,0,25,14,25,23,0,62,20,0,20,82
03/17/2002,MSO,MT,ANM,WE,Federal Contract Tower,14,12,11,2,39,0,8,23,0,31,14,20,34,2,70,22,0,22,92
03/18/2002,MSO,MT,ANM,WE,Federal Contract Tower,14,32,2,0,48,0,16,36,0,52,14,48,38,0,100,92,0,92,192
03/19/2002,MSO,MT,ANM,WE,Federal Contract Tower,14,38,8,0,60,0,17,25,0,42,14,55,33,0,102,20,0,20,122
03/20/2002,MSO,MT,ANM,WE,Federal Contract Tower,12,27,14,0,53,0,0,0,0,0,12,27,14,0,53,0,0,0,53
03/21/2002,MSO,MT,ANM,WE,Federal Contract Tower,14,31,10,0,55,0,14,47,0,61,14,45,57,0,116,32,0,32,148
03/22/2002,MSO,MT,ANM,WE,Federal Contract Tower,14,27,14,0,55,0,29,63,0,92,14,56,77,0,147,78,0,78,225
03/23/2002,MSO,MT,ANM,WE,Federal Contract Tower,14,22,16,0,52,0,19,55,0,74,14,41,71,0,126,106,0,106,232
03/24/2002,MSO,MT,ANM,WE,Federal Contract Tower,14,19,17,0,50,0,3,19,0,22,14,22,36,0,72,40,0,40,112
03/25/2002,MSO,MT,ANM,WE,Federal Contract Tower,12,34,11,0,57,0,21,59,0,80,12,55,70,0,137,90,0,90,227
03/26/2002,MSO,MT,ANM,WE,Federal Contract Tower,14,31,10,1,56,0,21,58,1,80,14,52,68,2,136,64,2,66,202
03/27/2002,MSO,MT,ANM,WE,Federal Contract Tower,14,32,8,0,54,0,11,30,0,41,14,43,38,0,95,12,0,12,107
03/28/2002,MSO,MT,ANM,WE,Federal Contract Tower,16,35,16,1,68,0,21,43,0,64,16,56,59,1,132,76,0,76,208
03/29/2002,MSO,MT,ANM,WE,Federal Contract Tower,14,31,12,0,57,0,20,63,0,83,14,51,75,0,140,82,0,82,222
03/30/2002,MSO,MT,ANM,WE,Federal Contract Tower,14,21,5,0,40,0,15,54,0,69,14,36,59,0,109,76,0,76,185
03/31/2002,MSO,MT,ANM,WE,Federal Contract Tower,14,24,6,0,44,1,14,52,0,67,15,38,58,0,111,20,0,20,131
04/01/2002,MSO,MT,ANM,WE,Federal Contract Tower,14,26,6,0,46,0,12,25,0,37,14,38,31,0,83,34,0,34,117
04/02/2002,MSO,MT,ANM,WE,Federal Contract Tower,14,32,12,0,58,2,18,48,0,68,16,50,60,0,126,36,0,36,162
04/03/2002,MSO,MT,ANM,WE,Federal Contract Tower,16,31,9,0,56,0,23,53,0,76,16,54,62,0,132,88,0,88,220
04/04/2002,MSO,MT,ANM,WE,Federal Contract Tower,14,30,7,0,51,0,22,53,0,75,14,52,60,0,126,70,0,70,196
04/05/2002,MSO,MT,ANM,WE,Federal Contract Tower,16,28,6,2,52,0,12,60,0,72,16,40,66,2,124,106,2,108,232
04/06/2002,MSO,MT,ANM,WE,Federal Contract Tower,14,24,5,0,43,0,14,52,0,66,14,38,57,0,109,78,0,78,187
04/07/2002,MSO,MT,ANM,WE,Federal Contract Tower,14,18,6,2,40,0,24,29,0,53,14,42,35,2,93,32,0,32,125
04/08/2002,MSO,MT,ANM,WE,Federal Contract Tower,14,26,12,0,52,0,14,58,0,72,14,40,70,0,124,60,0,60,184
04/09/2002,MSO,MT,ANM,WE,Federal Contract Tower,14,33,17,0,64,0,31,52,0,83,14,64,69,0,147,54,0,54,201
04/10/2002,MSO,MT,ANM,WE,Federal Contract Tower,14,32,13,0,59,0,20,42,0,62,14,52,55,0,121,18,0,18,139
04/11/2002,MSO,MT,ANM,WE,Federal Contract Tower,14,36,5,0,55,0,13,52,0,65,14,49,57,0,120,92,0,92,212
04/12/2002,MSO,MT,ANM,WE,Federal Contract Tower,14,32,12,0,58,0,19,50,0,69,14,51,62,0,127,54,0,54,181
04/13/2002,MSO,MT,ANM,WE,Federal Contract Tower,14,19,7,0,40,0,16,30,0,46,14,35,37,0,86,26,0,26,112
04/14/2002,MSO,MT,ANM,WE,Federal Contract Tower,14,20,10,0,44,0,7,30,0,37,14,27,40,0,81,28,0,28,109
04/15/2002,MSO,MT,ANM,WE,Federal Contract Tower,16,25,24,0,65,0,15,36,0,51,16,40,60,0,116,36,0,36,152
04/16/2002,MSO,MT,ANM,WE,Federal Contract Tower,12,30,13,0,55,1,12,42,0,55,13,42,55,0,110,54,0,54,164
04/17/2002,MSO,MT,ANM,WE,Federal Contract Tower,14,38,21,0,73,0,31,48,0,79,14,69,69,0,152,68,0,68,220
04/18/2002,MSO,MT,ANM,WE,Federal Contract Tower,14,37,26,0,77,0,35,81,0,116,14,72,107,0,193,128,0,128,321
04/19/2002,MSO,MT,ANM,WE,Federal Contract Tower,14,33,12,2,61,0,18,105,0,123,14,51,117,2,184,38,0,38,222
04/20/2002,MSO,MT,ANM,WE,Federal Contract Tower,14,22,7,0,43,0,12,118,0,130,14,34,125,0,173,70,0,70,243
04/21/2002,MSO,MT,ANM,WE,Federal Contract Tower,14,17,9,2,42,0,11,44,14,69,14,28,53,16,111,28,0,28,139
04/22/2002,MSO,MT,ANM,WE,Federal Contract Tower,14,27,8,0,49,0,26,51,2,79,14,53,59,2,128,42,0,42,170
04/23/2002,MSO,MT,ANM,WE,Federal Contract Tower,13,34,16,0,63,0,4,24,0,28,13,38,40,0,91,40,0,40,131
04/24/2002,MSO,MT,ANM,WE,Federal Contract Tower,15,32,10,0,57,0,31,100,0,131,15,63,110,0,188,168,0,168,356
04/25/2002,MSO,MT,ANM,WE,Federal Contract Tower,14,33,8,0,55,0,29,97,26,152,14,62,105,26,207,114,10,124,331
04/26/2002,MSO,MT,ANM,WE,Federal Contract Tower,14,30,18,0,62,0,19,106,0,125,14,49,124,0,187,110,0,110,297
04/27/2002,MSO,MT,ANM,WE,Federal Contract Tower,13,20,6,0,39,0,22,58,0,80,13,42,64,0,119,36,0,36,155
04/28/2002,MSO,MT,ANM,WE,Federal Contract Tower,14,15,5,0,34,0,30,71,0,101,14,45,76,0,135,52,0,52,187
04/29/2002,MSO,MT,ANM,WE,Federal Contract Tower,14,27,6,0,47,0,26,83,0,109,14,53,89,0,156,60,0,60,216
04/30/2002,MSO,MT,ANM,WE,Federal Contract Tower,14,29,11,0,54,0,11,44,0,55,14,40,55,0,109,22,0,22,131
05/01/2002,MSO,MT,ANM,WE,Federal Contract Tower,13,30,11,0,54,1,50,93,0,144,14,80,104,0,198,90,0,90,288
05/02/2002,MSO,MT,ANM,WE,Federal Contract Tower,13,30,14,0,57,1,26,78,0,105,14,56,92,0,162,38,0,38,200
05/03/2002,MSO,MT,ANM,WE,Federal Contract Tower,13,32,13,2,60,1,22,68,0,91,14,54,81,2,151,44,0,44,195
05/04/2002,MSO,MT,ANM,WE,Federal Contract Tower,13,21,7,0,41,1,14,35,0,50,14,35,42,0,91,28,0,28,119
05/05/2002,MSO,MT,ANM,WE,Federal Contract Tower,14,24,4,2,44,0,14,46,0,60,14,38,50,2,104,24,0,24,128
05/06/2002,MSO,MT,ANM,WE,Federal Contract Tower,12,32,11,0,55,0,12,52,0,64,12,44,63,0,119,20,0,20,139
05/07/2002,MSO,MT,ANM,WE,Federal Contract Tower,15,36,2,0,53,0,0,2,0,2,15,36,4,0,55,0,0,0,55
05/08/2002,MSO,MT,ANM,WE,Federal Contract Tower,14,37,5,0,56,0,19,44,0,63,14,56,49,0,119,44,0,44,163
05/09/2002,MSO,MT,ANM,WE,Federal Contract Tower,14,34,16,0,64,0,8,52,0,60,14,42,68,0,124,60,0,60,184
05/10/2002,MSO,MT,ANM,WE,Federal Contract Tower,12,35,14,0,61,0,11,74,0,85,12,46,88,0,146,120,0,120,266
05/11/2002,MSO,MT,ANM,WE,Federal Contract Tower,14,20,1,0,35,0,18,74,0,92,14,38,75,0,127,80,0,80,207
05/12/2002,MSO,MT,ANM,WE,Federal Contract Tower,14,16,9,0,39,0,19,80,0,99,14,35,89,0,138,38,0,38,176
05/13/2002,MSO,MT,ANM,WE,Federal Contract Tower,13,27,16,0,56,0,11,88,0,99,13,38,104,0,155,38,0,38,193
05/14/2002,MSO,MT,ANM,WE,Federal Contract Tower,14,27,11,0,52,0,12,64,0,76,14,39,75,0,128,112,0,112,240
05/15/2002,MSO,MT,ANM,WE,Federal Contract Tower,13,29,12,0,54,0,7,73,1,81,13,36,85,1,135,88,0,88,223
05/16/2002,MSO,MT,ANM,WE,Federal Contract Tower,14,35,14,0,63,0,15,92,3,110,14,50,106,3,173,98,0,98,271
05/17/2002,MSO,MT,ANM,WE,Federal Contract Tower,14,32,23,0,69,0,23,85,1,109,14,55,108,1,178,98,12,110,288
05/18/2002,MSO,MT,ANM,WE,Federal Contract Tower,14,20,9,0,43,0,15,69,4,88,14,35,78,4,131,66,0,66,197
05/19/2002,MSO,MT,ANM,WE,Federal Contract Tower,14,14,4,0,32,0,22,84,1,107,14,36,88,1,139,46,2,48,187
05/20/2002,MSO,MT,ANM,WE,Federal Contract Tower,14,23,6,0,43,0,12,59,0,71,14,35,65,0,114,44,0,44,158
05/21/2002,MSO,MT,ANM,WE,Federal Contract Tower,14,32,8,0,54,0,8,6,0,14,14,40,14,0,68,4,0,4,72
05/22/2002,MSO,MT,ANM,WE,Federal Contract Tower,16,33,6,0,55,0,10,16,1,27,16,43,22,1,82,24,0,24,106
05/23/2002,MSO,MT,ANM,WE,Federal Contract Tower,14,30,9,0,53,0,3,50,0,53,14,33,59,0,106,96,0,96,202
05/24/2002,MSO,MT,ANM,WE,Federal Contract Tower,14,35,22,0,71,0,24,108,0,132,14,59,130,0,203,132,0,132,335
05/25/2002,MSO,MT,ANM,WE,Federal Contract Tower,14,19,14,0,47,0,18,74,0,92,14,37,88,0,139,68,0,68,207
05/26/2002,MSO,MT,ANM,WE,Federal Contract Tower,14,20,5,0,39,0,20,35,2,57,14,40,40,2,96,54,2,56,152
05/27/2002,MSO,MT,ANM,WE,Federal Contract Tower,14,18,9,0,41,0,9,76,0,85,14,27,85,0,126,86,0,86,212
05/28/2002,MSO,MT,ANM,WE,Federal Contract Tower,13,28,19,4,64,0,23,60,0,83,13,51,79,4,147,88,6,94,241
05/29/2002,MSO,MT,ANM,WE,Federal Contract Tower,14,36,12,0,62,0,10,78,0,88,14,46,90,0,150,70,0,70,220
05/30/2002,MSO,MT,ANM,WE,Federal Contract Tower,14,31,20,2,67,0,18,68,0,86,14,49,88,2,153,102,14,116,269
05/31/2002,MSO,MT,ANM,WE,Federal Contract Tower,13,34,12,0,59,0,3,122,2,127,13,37,134,2,186,88,0,88,274
06/01/2002,MSO,MT,ANM,WE,Federal Contract Tower,14,21,14,0,49,0,16,77,0,93,14,37,91,0,142,76,0,76,218
06/02/2002,MSO,MT,ANM,WE,Federal Contract Tower,14,17,10,2,43,0,4,41,0,45,14,21,51,2,88,52,0,52,140
06/03/2002,MSO,MT,ANM,WE,Federal Contract Tower,14,32,8,0,54,0,9,75,0,84,14,41,83,0,138,92,0,92,230
06/04/2002,MSO,MT,ANM,WE,Federal Contract Tower,14,30,8,0,52,0,19,80,0,99,14,49,88,0,151,72,0,72,223
06/05/2002,MSO,MT,ANM,WE,Federal Contract Tower,14,34,30,0,78,0,11,66,0,77,14,45,96,0,155,94,0,94,249
06/06/2002,MSO,MT,ANM,WE,Federal Contract Tower,14,32,14,0,60,0,20,88,1,109,14,52,102,1,169,142,2,144,313
06/07/2002,MSO,MT,ANM,WE,Federal Contract Tower,14,26,16,0,56,0,17,133,0,150,14,43,149,0,206,144,0,144,350
06/08/2002,MSO,MT,ANM,WE,Federal Contract Tower,14,29,9,0,52,0,10,18,0,28,14,39,27,0,80,16,2,18,98
06/09/2002,MSO,MT,ANM,WE,Federal Contract Tower,22,15,11,0,48,0,6,4,0,10,22,21,15,0,58,6,0,6,64
06/10/2002,MSO,MT,ANM,WE,Federal Contract Tower,20,21,4,0,45,0,3,11,0,14,20,24,15,0,59,24,0,24,83
06/11/2002,MSO,MT,ANM,WE,Federal Contract Tower,20,28,9,0,57,0,0,80,0,80,20,28,89,0,137,144,0,144,281
06/12/2002,MSO,MT,ANM,WE,Federal Contract Tower,20,25,21,0,66,0,21,105,0,126,20,46,126,0,192,162,0,162,354
06/13/2002,MSO,MT,ANM,WE,Federal Contract Tower,17,21,16,0,54,0,33,105,4,142,17,54,121,4,196,98,0,98,294
06/14/2002,MSO,MT,ANM,WE,Federal Contract Tower,19,23,4,1,47,0,15,92,0,107,19,38,96,1,154,80,6,86,240
06/15/2002,MSO,MT,ANM,WE,Federal Contract Tower,21,16,3,0,40,0,16,92,6,114,21,32,95,6,154,60,0,60,214
06/16/2002,MSO,MT,ANM,WE,Federal Contract Tower,20,12,11,0,43,0,11,115,1,127,20,23,126,1,170,106,0,106,276
06/17/2002,MSO,MT,ANM,WE,Federal Contract Tower,19,22,3,0,44,0,16,54,0,70,19,38,57,0,114,40,0,40,154
06/18/2002,MSO,MT,ANM,WE,Federal Contract Tower,17,29,21,0,67,0,9,41,0,50,17,38,62,0,117,54,0,54,171
06/19/2002,MSO,MT,ANM,WE,Federal Contract Tower,18,24,17,0,59,0,20,74,0,94,18,44,91,0,153,136,0,136,289
06/20/2002,MSO,MT,ANM,WE,Federal Contract Tower,19,24,20,2,65,0,21,130,6,157,19,45,150,8,222,206,0,206,428
06/21/2002,MSO,MT,ANM,WE,Federal Contract Tower,19,28,6,2,55,0,27,121,0,148,19,55,127,2,203,142,0,142,345
06/22/2002,MSO,MT,ANM,WE,Federal Contract Tower,18,20,5,0,43,0,15,161,0,176,18,35,166,0,219,54,0,54,273
06/23/2002,MSO,MT,ANM,WE,Federal Contract Tower,21,11,17,2,51,0,10,75,0,85,21,21,92,2,136,60,0,60,196
06/24/2002,MSO,MT,ANM,WE,Federal Contract Tower,18,22,24,0,64,0,25,109,0,134,18,47,133,0,198,78,0,78,276
06/25/2002,MSO,MT,ANM,WE,Federal Contract Tower,20,29,10,0,59,0,25,82,0,107,20,54,92,0,166,120,0,120,286
06/26/2002,MSO,MT,ANM,WE,Federal Contract Tower,22,29,8,0,59,0,25,88,0,113,22,54,96,0,172,144,0,144,316
06/27/2002,MSO,MT,ANM,WE,Federal Contract Tower,21,28,14,0,63,1,24,95,0,120,22,52,109,0,183,136,0,136,319
06/28/2002,MSO,MT,ANM,WE,Federal Contract Tower,20,29,20,0,69,0,19,152,6,177,20,48,172,6,246,108,0,108,354
06/29/2002,MSO,MT,ANM,WE,Federal Contract Tower,19,23,5,0,47,0,10,64,2,76,19,33,69,2,123,82,0,82,205
06/30/2002,MSO,MT,ANM,WE,Federal Contract Tower,21,9,16,0,46,0,9,62,0,71,21,18,78,0,117,64,0,64,181
07/01/2002,MSO,MT,ANM,WE,Federal Contract Tower,23,27,13,0,63,0,13,86,0,99,23,40,99,0,162,70,0,70,232
07/02/2002,MSO,MT,ANM,WE,Federal Contract Tower,22,24,17,2,65,0,29,114,0,143,22,53,131,2,208,146,22,168,376
07/03/2002,MSO,MT,ANM,WE,Federal Contract Tower,22,27,12,0,61,0,21,113,6,140,22,48,125,6,201,80,4,84,285
07/04/2002,MSO,MT,ANM,WE,Federal Contract Tower,22,15,11,0,48,0,11,81,5,97,22,26,92,5,145,26,0,26,171
07/05/2002,MSO,MT,ANM,WE,Federal Contract Tower,22,29,7,0,58,0,15,79,4,98,22,44,86,4,156,50,0,50,206
07/06/2002,MSO,MT,ANM,WE,Federal Contract Tower,22,17,9,0,48,0,16,76,1,93,22,33,85,1,141,28,0,28,169
07/07/2002,MSO,MT,ANM,WE,Federal Contract Tower,22,18,20,1,61,0,21,131,1,153,22,39,151,2,214,60,0,60,274
07/08/2002,MSO,MT,ANM,WE,Federal Contract Tower,17,30,10,2,59,0,3,75,0,78,17,33,85,2,137,20,0,20,157
07/09/2002,MSO,MT,ANM,WE,Federal Contract Tower,18,32,10,0,60,0,19,88,2,109,18,51,98,2,169,58,0,58,227
07/10/2002,MSO,MT,ANM,WE,Federal Contract Tower,17,32,19,0,68,0,17,128,0,145,17,49,147,0,213,128,0,128,341
07/11/2002,MSO,MT,ANM,WE,Federal Contract Tower,19,30,18,0,67,0,18,124,2,144,19,48,142,2,211,80,0,80,291
07/12/2002,MSO,MT,ANM,WE,Federal Contract Tower,19,29,24,2,74,0,20,152,0,172,19,49,176,2,246,94,0,94,340
07/13/2002,MSO,MT,ANM,WE,Federal Contract Tower,12,18,8,0,38,3,12,132,3,150,15,30,140,3,188,70,2,72,260
07/14/2002,MSO,MT,ANM,WE,Federal Contract Tower,22,21,13,2,58,0,10,119,0,129,22,31,132,2,187,12,2,14,201
07/15/2002,MSO,MT,ANM,WE,Federal Contract Tower,17,25,7,0,49,0,15,65,0,80,17,40,72,0,129,46,0,46,175
07/16/2002,MSO,MT,ANM,WE,Federal Contract Tower,17,36,7,0,60,0,8,120,0,128,17,44,127,0,188,80,0,80,268
07/17/2002,MSO,MT,ANM,WE,Federal Contract Tower,18,38,25,0,81,0,20,116,0,136,18,58,141,0,217,106,2,108,325
07/18/2002,MSO,MT,ANM,WE,Federal Contract Tower,17,29,16,0,62,0,13,115,2,130,17,42,131,2,192,64,12,76,268
07/19/2002,MSO,MT,ANM,WE,Federal Contract Tower,18,32,26,0,76,0,12,201,0,213,18,44,227,0,289,168,0,168,457
07/20/2002,MSO,MT,ANM,WE,Federal Contract Tower,18,25,15,0,58,0,13,130,0,143,18,38,145,0,201,68,0,68,269
07/21/2002,MSO,MT,ANM,WE,Federal Contract Tower,16,25,18,0,59,0,13,78,0,91,16,38,96,0,150,26,0,26,176
07/22/2002,MSO,MT,ANM,WE,Federal Contract Tower,19,30,9,0,58,0,14,87,0,101,19,44,96,0,159,26,0,26,185
07/23/2002,MSO,MT,ANM,WE,Federal Contract Tower,17,30,15,0,62,0,5,93,0,98,17,35,108,0,160,44,0,44,204
07/24/2002,MSO,MT,ANM,WE,Federal Contract Tower,17,34,19,0,70,0,17,123,2,142,17,51,142,2,212,82,0,82,294
07/25/2002,MSO,MT,ANM,WE,Federal Contract Tower,18,29,17,0,64,0,19,132,0,151,18,48,149,0,215,68,0,68,283
07/26/2002,MSO,MT,ANM,WE,Federal Contract Tower,18,28,14,0,60,0,19,163,3,185,18,47,177,3,245,62,0,62,307
07/27/2002,MSO,MT,ANM,WE,Federal Contract Tower,19,23,12,0,54,0,10,95,0,105,19,33,107,0,159,32,0,32,191
07/28/2002,MSO,MT,ANM,WE,Federal Contract Tower,17,29,17,0,63,0,12,108,0,120,17,41,125,0,183,80,0,80,263
07/29/2002,MSO,MT,ANM,WE,Federal Contract Tower,17,29,4,0,50,0,20,101,4,125,17,49,105,4,175,38,2,40,215
07/30/2002,MSO,MT,ANM,WE,Federal Contract Tower,18,33,13,0,64,0,13,89,0,102,18,46,102,0,166,84,0,84,250
07/31/2002,MSO,MT,ANM,WE,Federal Contract Tower,17,30,13,0,60,0,10,91,0,101,17,40,104,0,161,26,0,26,187
08/01/2002,MSO,MT,ANM,WE,Federal Contract Tower,18,24,7,0,49,0,12,100,0,112,18,36,107,0,161,86,0,86,247
08/02/2002,MSO,MT,ANM,WE,Federal Contract Tower,15,28,7,0,50,0,18,165,0,183,15,46,172,0,233,68,0,68,301
08/03/2002,MSO,MT,ANM,WE,Federal Contract Tower,17,27,7,0,51,0,18,141,0,159,17,45,148,0,210,62,0,62,272
08/04/2002,MSO,MT,ANM,WE,Federal Contract Tower,17,22,14,0,53,0,15,84,0,99,17,37,98,0,152,32,0,32,184
08/05/2002,MSO,MT,ANM,WE,Federal Contract Tower,20,30,12,0,62,0,15,118,0,133,20,45,130,0,195,98,0,98,293
08/06/2002,MSO,MT,ANM,WE,Federal Contract Tower,18,32,17,0,67,0,13,82,2,97,18,45,99,2,164,62,0,62,226
08/07/2002,MSO,MT,ANM,WE,Federal Contract Tower,17,35,22,0,74,0,17,124,0,141,17,52,146,0,215,164,0,164,379
08/08/2002,MSO,MT,ANM,WE,Federal Contract Tower,17,37,16,0,70,0,13,88,0,101,17,50,104,0,171,52,0,52,223
08/09/2002,MSO,MT,ANM,WE,Federal Contract Tower,19,32,11,2,64,0,20,154,0,174,19,52,165,2,238,122,0,122,360
08/10/2002,MSO,MT,ANM,WE,Federal Contract Tower,16,27,7,0,50,0,17,115,2,134,16,44,122,2,184,130,0,130,314
08/11/2002,MSO,MT,ANM,WE,Federal Contract Tower,17,20,17,0,54,0,18,94,0,112,17,38,111,0,166,52,0,52,218
08/12/2002,MSO,MT,ANM,WE,Federal Contract Tower,19,32,11,0,62,0,22,125,0,147,19,54,136,0,209,100,0,100,309
08/13/2002,MSO,MT,ANM,WE,Federal Contract Tower,19,31,19,0,69,0,15,79,0,94,19,46,98,0,163,108,0,108,271
08/14/2002,MSO,MT,ANM,WE,Federal Contract Tower,17,29,10,0,56,0,16,87,0,103,17,45,97,0,159,28,0,28,187
08/15/2002,MSO,MT,ANM,WE,Federal Contract Tower,17,38,9,0,64,0,18,161,0,179,17,56,170,0,243,86,0,86,329
08/16/2002,MSO,MT,ANM,WE,Federal Contract Tower,19,29,25,0,73,0,17,104,0,121,19,46,129,0,194,76,0,76,270
08/17/2002,MSO,MT,ANM,WE,Federal Contract Tower,17,27,10,0,54,0,28,180,0,208,17,55,190,0,262,138,2,140,402
08/18/2002,MSO,MT,ANM,WE,Federal Contract Tower,17,24,14,0,55,0,14,131,0,145,17,38,145,0,200,76,0,76,276
08/19/2002,MSO,MT,ANM,WE,Federal Contract Tower,17,27,13,0,57,0,17,115,4,136,17,44,128,4,193,72,0,72,265
08/20/2002,MSO,MT,ANM,WE,Federal Contract Tower,17,38,20,0,75,0,20,72,4,96,17,58,92,4,171,62,0,62,233
08/21/2002,MSO,MT,ANM,WE,Federal Contract Tower,17,35,17,0,69,0,14,73,2,89,17,49,90,2,158,58,0,58,216
08/22/2002,MSO,MT,ANM,WE,Federal Contract Tower,17,34,17,0,68,0,22,80,0,102,17,56,97,0,170,44,0,44,214
08/23/2002,MSO,MT,ANM,WE,Federal Contract Tower,17,33,14,2,66,0,24,163,0,187,17,57,177,2,253,74,0,74,327
08/24/2002,MSO,MT,ANM,WE,Federal Contract Tower,17,26,8,0,51,0,16,86,0,102,17,42,94,0,153,70,0,70,223
08/25/2002,MSO,MT,ANM,WE,Federal Contract Tower,25,18,5,2,50,0,14,109,0,123,25,32,114,2,173,46,0,46,219
08/26/2002,MSO,MT,ANM,WE,Federal Contract Tower,17,20,7,0,44,0,22,98,0,120,17,42,105,0,164,28,0,28,192
08/27/2002,MSO,MT,ANM,WE,Federal Contract Tower,19,35,9,2,65,0,5,51,0,56,19,40,60,2,121,80,2,82,203
08/28/2002,MSO,MT,ANM,WE,Federal Contract Tower,17,32,15,0,64,0,10,113,0,123,17,42,128,0,187,116,0,116,303
08/29/2002,MSO,MT,ANM,WE,Federal Contract Tower,15,41,14,0,70,0,21,135,2,158,15,62,149,2,228,78,0,78,306
08/30/2002,MSO,MT,ANM,WE,Federal Contract Tower,15,33,13,0,61,0,11,83,0,94,15,44,96,0,155,34,0,34,189
08/31/2002,MSO,MT,ANM,WE,Federal Contract Tower,16,25,11,0,52,0,32,107,0,139,16,57,118,0,191,88,0,88,279
09/01/2002,MSO,MT,ANM,WE,Federal Contract Tower,16,24,4,0,44,0,10,53,0,63,16,34,57,0,107,16,0,16,123
09/02/2002,MSO,MT,ANM,WE,Federal Contract Tower,14,19,16,0,49,0,13,136,0,149,14,32,152,0,198,74,0,74,272
09/03/2002,MSO,MT,ANM,WE,Federal Contract Tower,14,36,3,0,53,0,2,49,0,51,14,38,52,0,104,44,0,44,148
09/04/2002,MSO,MT,ANM,WE,Federal Contract Tower,14,35,11,0,60,0,15,68,0,83,14,50,79,0,143,82,0,82,225
09/05/2002,MSO,MT,ANM,WE,Federal Contract Tower,14,35,13,0,62,0,15,80,0,95,14,50,93,0,157,54,0,54,211
09/06/2002,MSO,MT,ANM,WE,Federal Contract Tower,15,39,20,2,76,0,4,20,0,24,15,43,40,2,100,10,0,10,110
09/07/2002,MSO,MT,ANM,WE,Federal Contract Tower,14,24,12,0,50,0,16,89,0,105,14,40,101,0,155,78,0,78,233
09/08/2002,MSO,MT,ANM,WE,Federal Contract Tower,14,19,8,2,43,0,13,73,1,87,14,32,81,3,130,80,0,80,210
09/09/2002,MSO,MT,ANM,WE,Federal Contract Tower,14,35,10,4,63,0,19,102,0,121,14,54,112,4,184,84,0,84,268
09/10/2002,MSO,MT,ANM,WE,Federal Contract Tower,14,37,13,0,64,0,14,86,5,105,14,51,99,5,169,94,0,94,263
09/11/2002,MSO,MT,ANM,WE,Federal Contract Tower,13,36,7,0,56,0,9,110,1,120,13,45,117,1,176,122,0,122,298
09/12/2002,MSO,MT,ANM,WE,Federal Contract Tower,14,32,20,0,66,0,17,78,1,96,14,49,98,1,162,66,0,66,228
09/13/2002,MSO,MT,ANM,WE,Federal Contract Tower,16,31,9,2,58,0,12,110,0,122,16,43,119,2,180,62,0,62,242
09/14/2002,MSO,MT,ANM,WE,Federal Contract Tower,12,24,9,0,45,4,8,94,2,108,16,32,103,2,153,58,2,60,213
09/15/2002,MSO,MT,ANM,WE,Federal Contract Tower,14,19,7,2,42,0,12,79,0,91,14,31,86,2,133,56,0,56,189
09/16/2002,MSO,MT,ANM,WE,Federal Contract Tower,14,27,10,0,51,0,12,75,0,87,14,39,85,0,138,58,0,58,196
09/17/2002,MSO,MT,ANM,WE,Federal Contract Tower,14,38,11,0,63,0,6,23,0,29,14,44,34,0,92,56,0,56,148
09/18/2002,MSO,MT,ANM,WE,Federal Contract Tower,14,40,16,1,71,0,14,89,0,103,14,54,105,1,174,68,0,68,242
09/19/2002,MSO,MT,ANM,WE,Federal Contract Tower,14,35,16,1,66,0,5,60,0,65,14,40,76,1,131,100,0,100,231
09/20/2002,MSO,MT,ANM,WE,Federal Contract Tower,14,29,21,0,64,0,10,54,0,64,14,39,75,0,128,8,0,8,136
09/21/2002,MSO,MT,ANM,WE,Federal Contract Tower,14,26,9,0,49,0,10,94,2,106,14,36,103,2,155,50,24,74,229
09/22/2002,MSO,MT,ANM,WE,Federal Contract Tower,14,23,11,0,48,0,7,95,0,102,14,30,106,0,150,64,0,64,214
09/23/2002,MSO,MT,ANM,WE,Federal Contract Tower,14,26,12,0,52,0,11,64,0,75,14,37,76,0,127,16,0,16,143
09/24/2002,MSO,MT,ANM,WE,Federal Contract Tower,14,31,8,0,53,0,10,91,3,104,14,41,99,3,157,74,2,76,233
09/25/2002,MSO,MT,ANM,WE,Federal Contract Tower,16,32,16,0,64,0,4,58,3,65,16,36,74,3,129,66,0,66,195
09/26/2002,MSO,MT,ANM,WE,Federal Contract Tower,13,34,17,0,64,0,6,55,0,61,13,40,72,0,125,44,0,44,169
09/27/2002,MSO,MT,ANM,WE,Federal Contract Tower,14,42,15,0,71,0,4,27,0,31,14,46,42,0,102,46,0,46,148
09/28/2002,MSO,MT,ANM,WE,Federal Contract Tower,14,23,16,1,54,0,10,90,0,100,14,33,106,1,154,88,0,88,242
09/29/2002,MSO,MT,ANM,WE,Federal Contract Tower,13,20,15,1,49,0,4,36,0,40,13,24,51,1,89,30,2,32,121
09/30/2002,MSO,MT,ANM,WE,Federal Contract Tower,14,28,7,0,49,0,8,13,0,21,14,36,20,0,70,48,0,48,118
10/01/2002,MSO,MT,ANM,WE,Federal Contract Tower,16,30,9,0,55,0,10,28,0,38,16,40,37,0,93,66,0,66,159
10/02/2002,MSO,MT,ANM,WE,Federal Contract Tower,14,31,9,0,54,0,9,113,0,122,14,40,122,0,176,66,0,66,242
10/03/2002,MSO,MT,ANM,WE,Federal Contract Tower,14,39,7,0,60,0,1,0,0,1,14,40,7,0,61,96,0,96,157
10/04/2002,MSO,MT,ANM,WE,Federal Contract Tower,14,34,15,0,63,0,8,50,0,58,14,42,65,0,121,108,0,108,229
10/05/2002,MSO,MT,ANM,WE,Federal Contract Tower,14,26,15,0,55,0,9,110,0,119,14,35,125,0,174,54,0,54,228
10/06/2002,MSO,MT,ANM,WE,Federal Contract Tower,14,22,8,2,46,0,18,40,0,58,14,40,48,2,104,52,0,52,156
10/07/2002,MSO,MT,ANM,WE,Federal Contract Tower,15,28,5,0,48,0,4,37,0,41,15,32,42,0,89,100,0,100,189
10/08/2002,MSO,MT,ANM,WE,Federal Contract Tower,15,41,12,0,68,0,5,75,0,80,15,46,87,0,148,90,0,90,238
10/09/2002,MSO,MT,ANM,WE,Federal Contract Tower,14,33,5,0,52,0,8,55,0,63,14,41,60,0,115,68,0,68,183
10/10/2002,MSO,MT,ANM,WE,Federal Contract Tower,14,34,9,0,57,0,5,44,0,49,14,39,53,0,106,34,0,34,140
10/11/2002,MSO,MT,ANM,WE,Federal Contract Tower,14,37,15,0,66,0,20,21,0,41,14,57,36,0,107,30,0,30,137
10/12/2002,MSO,MT,ANM,WE,Federal Contract Tower,14,25,4,0,43,0,10,67,0,77,14,35,71,0,120,18,0,18,138
10/13/2002,MSO,MT,ANM,WE,Federal Contract Tower,14,18,1,0,33,0,2,47,0,49,14,20,48,0,82,30,0,30,112
10/14/2002,MSO,MT,ANM,WE,Federal Contract Tower,14,28,3,0,45,0,13,33,0,46,14,41,36,0,91,60,0,60,151
10/15/2002,MSO,MT,ANM,WE,Federal Contract Tower,14,30,3,0,47,0,14,53,0,67,14,44,56,0,114,96,0,96,210
10/16/2002,MSO,MT,ANM,WE,Federal Contract Tower,14,32,9,0,55,0,20,65,0,85,14,52,74,0,140,110,0,110,250
10/17/2002,MSO,MT,ANM,WE,Federal Contract Tower,14,31,9,0,54,0,7,85,0,92,14,38,94,0,146,118,0,118,264
10/18/2002,MSO,MT,ANM,WE,Federal Contract Tower,14,30,10,0,54,0,11,82,0,93,14,41,92,0,147,46,0,46,193
10/19/2002,MSO,MT,ANM,WE,Federal Contract Tower,14,18,4,0,36,0,6,79,0,85,14,24,83,0,121,54,0,54,175
10/20/2002,MSO,MT,ANM,WE,Federal Contract Tower,14,19,7,0,40,0,21,50,0,71,14,40,57,0,111,28,0,28,139
10/21/2002,MSO,MT,ANM,WE,Federal Contract Tower,14,28,3,0,45,0,3,55,0,58,14,31,58,0,103,38,0,38,141
10/22/2002,MSO,MT,ANM,WE,Federal Contract Tower,14,35,4,0,53,0,5,20,0,25,14,40,24,0,78,8,0,8,86
10/23/2002,MSO,MT,ANM,WE,Federal Contract Tower,14,33,16,0,63,0,11,31,0,42,14,44,47,0,105,88,0,88,193
10/24/2002,MSO,MT,ANM,WE,Federal Contract Tower,14,32,13,0,59,0,6,35,0,41,14,38,48,0,100,52,0,52,152
10/25/2002,MSO,MT,ANM,WE,Federal Contract Tower,14,31,10,2,57,0,16,69,0,85,14,47,79,2,142,42,0,42,184
10/26/2002,MSO,MT,ANM,WE,Federal Contract Tower,14,28,22,0,64,0,2,40,0,42,14,30,62,0,106,12,0,12,118
10/27/2002,MSO,MT,ANM,WE,Federal Contract Tower,14,20,9,2,45,0,1,70,0,71,14,21,79,2,116,38,0,38,154
10/28/2002,MSO,MT,ANM,WE,Federal Contract Tower,14,34,5,0,53,0,0,11,0,11,14,34,16,0,64,14,0,14,78
10/29/2002,MSO,MT,ANM,WE,Federal Contract Tower,14,36,11,0,61,0,4,8,0,12,14,40,19,0,73,58,0,58,131
10/30/2002,MSO,MT,ANM,WE,Federal Contract Tower,14,37,11,0,62,0,4,23,0,27,14,41,34,0,89,56,0,56,145
10/31/2002,MSO,MT,ANM,WE,Federal Contract Tower,14,33,14,2,63,0,4,35,0,39,14,37,49,2,102,70,4,74,176
11/01/2002,MSO,MT,ANM,WE,Federal Contract Tower,16,32,11,2,61,1,11,66,0,78,17,43,77,2,139,56,0,56,195
11/02/2002,MSO,MT,ANM,WE,Federal Contract Tower,12,26,8,0,46,1,14,50,0,65,13,40,58,0,111,50,0,50,161
11/03/2002,MSO,MT,ANM,WE,Federal Contract Tower,13,18,7,2,40,1,16,42,0,59,14,34,49,2,99,28,0,28,127
11/04/2002,MSO,MT,ANM,WE,Federal Contract Tower,13,25,9,0,47,1,27,22,0,50,14,52,31,0,97,44,0,44,141
11/05/2002,MSO,MT,ANM,WE,Federal Contract Tower,14,31,6,0,51,0,12,49,1,62,14,43,55,1,113,34,0,34,147
11/06/2002,MSO,MT,ANM,WE,Federal Contract Tower,12,34,5,0,51,0,11,66,0,77,12,45,71,0,128,60,0,60,188
11/07/2002,MSO,MT,ANM,WE,Federal Contract Tower,12,37,6,0,55,1,2,37,0,40,13,39,43,0,95,70,0,70,165
11/08/2002,MSO,MT,ANM,WE,Federal Contract Tower,15,32,17,0,64,0,5,13,0,18,15,37,30,0,82,20,0,20,102
11/09/2002,MSO,MT,ANM,WE,Federal Contract Tower,14,26,3,0,43,0,5,6,0,11,14,31,9,0,54,34,0,34,88
11/10/2002,MSO,MT,ANM,WE,Federal Contract Tower,14,20,8,0,42,0,10,12,0,22,14,30,20,0,64,6,0,6,70
11/11/2002,MSO,MT,ANM,WE,Federal Contract Tower,14,24,10,0,48,0,5,32,0,37,14,29,42,0,85,40,0,40,125
11/12/2002,MSO,MT,ANM,WE,Federal Contract Tower,14,34,14,0,62,0,6,6,0,12,14,40,20,0,74,14,0,14,88
11/13/2002,MSO,MT,ANM,WE,Federal Contract Tower,14,34,2,0,50,0,4,13,0,17,14,38,15,0,67,34,0,34,101
11/14/2002,MSO,MT,ANM,WE,Federal Contract Tower,14,31,5,0,50,0,0,5,0,5,14,31,10,0,55,22,0,22,77
11/15/2002,MSO,MT,ANM,WE,Federal Contract Tower,14,35,1,0,50,0,6,52,0,58,14,41,53,0,108,58,0,58,166
11/16/2002,MSO,MT,ANM,WE,Federal Contract Tower,14,27,6,0,47,0,9,54,0,63,14,36,60,0,110,50,0,50,160
11/17/2002,MSO,MT,ANM,WE,Federal Contract Tower,14,17,4,0,35,0,3,7,0,10,14,20,11,0,45,6,0,6,51
11/18/2002,MSO,MT,ANM,WE,Federal Contract Tower,14,28,9,0,51,0,10,26,0,36,14,38,35,0,87,56,0,56,143
11/19/2002,MSO,MT,ANM,WE,Federal Contract Tower,14,49,9,0,72,0,5,18,0,23,14,54,27,0,95,38,0,38,133
11/20/2002,MSO,MT,ANM,WE,Federal Contract Tower,14,42,23,0,79,0,6,10,0,16,14,48,33,0,95,20,0,20,115
11/21/2002,MSO,MT,ANM,WE,Federal Contract Tower,13,34,17,0,64,0,5,20,2,27,13,39,37,2,91,32,0,32,123
11/22/2002,MSO,MT,ANM,WE,Federal Contract Tower,14,30,21,2,67,0,0,7,0,7,14,30,28,2,74,4,2,6,80
11/23/2002,MSO,MT,ANM,WE,Federal Contract Tower,14,21,9,0,44,0,0,4,0,4,14,21,13,0,48,12,0,12,60
11/24/2002,MSO,MT,ANM,WE,Federal Contract Tower,13,15,15,2,45,2,7,57,0,66,15,22,72,2,111,32,0,32,143
11/25/2002,MSO,MT,ANM,WE,Federal Contract Tower,14,33,12,0,59,0,2,22,0,24,14,35,34,0,83,36,0,36,119
11/26/2002,MSO,MT,ANM,WE,Federal Contract Tower,15,40,13,0,68,0,5,29,0,34,15,45,42,0,102,22,0,22,124
11/27/2002,MSO,MT,ANM,WE,Federal Contract Tower,15,40,19,0,74,0,0,2,0,2,15,40,21,0,76,16,0,16,92
11/28/2002,MSO,MT,ANM,WE,Federal Contract Tower,11,15,3,0,29,0,0,10,0,10,11,15,13,0,39,0,0,0,39
11/29/2002,MSO,MT,ANM,WE,Federal Contract Tower,10,17,4,0,31,0,0,2,0,2,10,17,6,0,33,0,0,0,33
11/30/2002,MSO,MT,ANM,WE,Federal Contract Tower,13,22,11,0,46,0,2,0,0,2,13,24,11,0,48,0,0,0,48
12/01/2002,MSO,MT,ANM,WE,Federal Contract Tower,14,14,9,0,37,0,0,0,0,0,14,14,9,0,37,0,0,0,37
12/02/2002,MSO,MT,ANM,WE,Federal Contract Tower,15,28,1,0,44,0,0,0,0,0,15,28,1,0,44,0,0,0,44
12/03/2002,MSO,MT,ANM,WE,Federal Contract Tower,14,35,10,0,59,0,6,6,0,12,14,41,16,0,71,32,0,32,103
12/04/2002,MSO,MT,ANM,WE,Federal Contract Tower,14,35,14,0,63,0,5,13,0,18,14,40,27,0,81,42,0,42,123
12/05/2002,MSO,MT,ANM,WE,Federal Contract Tower,14,36,9,0,59,0,13,38,0,51,14,49,47,0,110,76,0,76,186
12/06/2002,MSO,MT,ANM,WE,Federal Contract Tower,13,27,16,2,58,0,7,6,0,13,13,34,22,2,71,2,0,2,73
12/07/2002,MSO,MT,ANM,WE,Federal Contract Tower,13,27,9,0,49,0,0,0,0,0,13,27,9,0,49,0,0,0,49
12/08/2002,MSO,MT,ANM,WE,Federal Contract Tower,14,22,8,2,46,0,0,0,0,0,14,22,8,2,46,0,0,0,46
12/09/2002,MSO,MT,ANM,WE,Federal Contract Tower,16,32,4,0,52,0,0,0,0,0,16,32,4,0,52,0,0,0,52
12/10/2002,MSO,MT,ANM,WE,Federal Contract Tower,14,36,7,0,57,0,7,8,0,15,14,43,15,0,72,24,0,24,96
12/11/2002,MSO,MT,ANM,WE,Federal Contract Tower,14,38,13,0,65,0,4,21,0,25,14,42,34,0,90,16,0,16,106
12/12/2002,MSO,MT,ANM,WE,Federal Contract Tower,14,35,14,0,63,0,10,34,0,44,14,45,48,0,107,48,0,48,155
12/13/2002,MSO,MT,ANM,WE,Federal Contract Tower,13,33,9,0,55,0,0,16,0,16,13,33,25,0,71,16,0,16,87
12/14/2002,MSO,MT,ANM,WE,Federal Contract Tower,14,24,2,0,40,0,4,14,0,18,14,28,16,0,58,80,0,80,138
12/15/2002,MSO,MT,ANM,WE,Federal Contract Tower,16,17,2,0,35,0,6,7,0,13,16,23,9,0,48,0,0,0,48
12/16/2002,MSO,MT,ANM,WE,Federal Contract Tower,14,30,4,0,48,0,7,12,0,19,14,37,16,0,67,10,0,10,77
12/17/2002,MSO,MT,ANM,WE,Federal Contract Tower,16,35,6,0,57,0,12,44,0,56,16,47,50,0,113,46,0,46,159
12/18/2002,MSO,MT,ANM,WE,Federal Contract Tower,17,39,13,0,69,0,10,16,0,26,17,49,29,0,95,20,0,20,115
12/19/2002,MSO,MT,ANM,WE,Federal Contract Tower,16,42,14,0,72,0,6,50,0,56,16,48,64,0,128,30,0,30,158
12/20/2002,MSO,MT,ANM,WE,Federal Contract Tower,18,38,15,0,71,0,4,14,0,18,18,42,29,0,89,4,0,4,93
12/21/2002,MSO,MT,ANM,WE,Federal Contract Tower,16,24,6,2,48,0,7,9,0,16,16,31,15,2,64,48,0,48,112
12/22/2002,MSO,MT,ANM,WE,Federal Contract Tower,18,19,7,0,44,0,0,4,0,4,18,19,11,0,48,2,0,2,50
12/23/2002,MSO,MT,ANM,WE,Federal Contract Tower,17,27,7,2,53,1,3,5,0,9,18,30,12,2,62,0,0,0,62
12/24/2002,MSO,MT,ANM,WE,Federal Contract Tower,14,37,4,0,55,0,9,8,0,17,14,46,12,0,72,22,0,22,94
12/25/2002,MSO,MT,ANM,WE,Federal Contract Tower,11,24,2,0,37,0,0,8,0,8,11,24,10,0,45,14,0,14,59
12/26/2002,MSO,MT,ANM,WE,Federal Contract Tower,18,36,0,0,54,0,8,8,0,16,18,44,8,0,70,18,0,18,88
12/27/2002,MSO,MT,ANM,WE,Federal Contract Tower,18,32,3,0,53,0,2,0,0,2,18,34,3,0,55,0,0,0,55
12/28/2002,MSO,MT,ANM,WE,Federal Contract Tower,18,22,1,0,41,0,2,2,0,4,18,24,3,0,45,20,0,20,65
12/29/2002,MSO,MT,ANM,WE,Federal Contract Tower,20,16,5,2,43,0,0,0,0,0,20,16,5,2,43,0,0,0,43
12/30/2002,MSO,MT,ANM,WE,Federal Contract Tower,18,35,6,0,59,0,7,0,0,7,18,42,6,0,66,12,0,12,78
12/31/2002,MSO,MT,ANM,WE,Federal Contract Tower,16,32,5,0,53,0,10,4,0,14,16,42,9,0,67,26,0,26,93
01/01/2003,MSO,MT,ANM,WE,Federal Contract Tower,15,18,1,0,34,1,12,62,0,75,16,30,63,0,109,44,0,44,153
01/02/2003,MSO,MT,ANM,WE,Federal Contract Tower,16,43,3,0,62,1,8,38,0,47,17,51,41,0,109,78,0,78,187
01/03/2003,MSO,MT,ANM,WE,Federal Contract Tower,17,31,7,0,55,1,11,12,0,24,18,42,19,0,79,54,0,54,133
01/04/2003,MSO,MT,ANM,WE,Federal Contract Tower,18,29,2,0,49,0,9,40,0,49,18,38,42,0,98,50,0,50,148
01/05/2003,MSO,MT,ANM,WE,Federal Contract Tower,18,19,2,0,39,0,16,35,1,52,18,35,37,1,91,14,0,14,105
01/06/2003,MSO,MT,ANM,WE,Federal Contract Tower,15,33,16,0,64,0,7,32,0,39,15,40,48,0,103,36,0,36,139
01/07/2003,MSO,MT,ANM,WE,Federal Contract Tower,10,29,10,0,49,0,1,8,0,9,10,30,18,0,58,0,0,0,58
01/08/2003,MSO,MT,ANM,WE,Federal Contract Tower,6,13,12,0,31,0,0,0,0,0,6,13,12,0,31,0,0,0,31
01/09/2003,MSO,MT,ANM,WE,Federal Contract Tower,15,36,14,0,65,0,10,60,0,70,15,46,74,0,135,38,0,38,173
01/10/2003,MSO,MT,ANM,WE,Federal Contract Tower,14,28,5,2,49,0,2,48,0,50,14,30,53,2,99,62,0,62,161
01/11/2003,MSO,MT,ANM,WE,Federal Contract Tower,14,24,3,0,41,0,1,48,0,49,14,25,51,0,90,62,0,62,152
01/12/2003,MSO,MT,ANM,WE,Federal Contract Tower,14,19,3,2,38,0,13,45,0,58,14,32,48,2,96,80,0,80,176
01/13/2003,MSO,MT,ANM,WE,Federal Contract Tower,12,33,13,2,60,0,6,0,0,6,12,39,13,2,66,4,0,4,70
01/14/2003,MSO,MT,ANM,WE,Federal Contract Tower,11,37,3,0,51,0,0,1,0,1,11,37,4,0,52,0,0,0,52
01/15/2003,MSO,MT,ANM,WE,Federal Contract Tower,14,35,6,0,55,0,22,32,0,54,14,57,38,0,109,84,0,84,193
01/16/2003,MSO,MT,ANM,WE,Federal Contract Tower,14,34,6,0,54,0,6,43,0,49,14,40,49,0,103,78,0,78,181
01/17/2003,MSO,MT,ANM,WE,Federal Contract Tower,12,22,7,0,41,0,0,0,0,0,12,22,7,0,41,0,0,0,41
01/18/2003,MSO,MT,ANM,WE,Federal Contract Tower,12,24,4,0,40,0,0,1,0,1,12,24,5,0,41,0,0,0,41
01/19/2003,MSO,MT,ANM,WE,Federal Contract Tower,14,15,4,0,33,0,0,2,0,2,14,15,6,0,35,0,0,0,35
01/20/2003,MSO,MT,ANM,WE,Federal Contract Tower,14,22,8,0,44,0,3,25,0,28,14,25,33,0,72,46,0,46,118
01/21/2003,MSO,MT,ANM,WE,Federal Contract Tower,13,36,8,0,57,0,5,3,0,8,13,41,11,0,65,28,0,28,93
01/22/2003,MSO,MT,ANM,WE,Federal Contract Tower,14,36,5,0,55,0,0,0,0,0,14,36,5,0,55,0,0,0,55
01/23/2003,MSO,MT,ANM,WE,Federal Contract Tower,10,33,8,0,51,0,11,24,0,35,10,44,32,0,86,40,0,40,126
01/24/2003,MSO,MT,ANM,WE,Federal Contract Tower,12,29,5,0,46,0,5,5,0,10,12,34,10,0,56,28,0,28,84
01/25/2003,MSO,MT,ANM,WE,Federal Contract Tower,11,20,5,0,36,3,0,0,0,3,14,20,5,0,39,0,0,0,39
01/26/2003,MSO,MT,ANM,WE,Federal Contract Tower,14,20,4,0,38,0,2,11,0,13,14,22,15,0,51,24,0,24,75
01/27/2003,MSO,MT,ANM,WE,Federal Contract Tower,14,34,4,0,52,0,1,26,2,29,14,35,30,2,81,52,0,52,133
01/28/2003,MSO,MT,ANM,WE,Federal Contract Tower,14,36,19,0,69,0,9,36,0,45,14,45,55,0,114,84,0,84,198
01/29/2003,MSO,MT,ANM,WE,Federal Contract Tower,14,33,17,0,64,0,17,33,2,52,14,50,50,2,116,84,0,84,200
01/30/2003,MSO,MT,ANM,WE,Federal Contract Tower,14,36,20,1,71,0,6,21,3,30,14,42,41,4,101,10,0,10,111
01/31/2003,MSO,MT,ANM,WE,Federal Contract Tower,13,30,7,0,50,0,2,1,0,3,13,32,8,0,53,0,0,0,53
02/01/2003,MSO,MT,ANM,WE,Federal Contract Tower,14,20,1,0,35,0,4,6,0,10,14,24,7,0,45,12,0,12,57
02/02/2003,MSO,MT,ANM,WE,Federal Contract Tower,14,21,5,0,40,0,9,25,0,34,14,30,30,0,74,54,0,54,128
02/03/2003,MSO,MT,ANM,WE,Federal Contract Tower,14,30,5,0,49,0,0,7,0,7,14,30,12,0,56,28,0,28,84
02/04/2003,MSO,MT,ANM,WE,Federal Contract Tower,14,37,9,0,60,0,5,12,0,17,14,42,21,0,77,40,0,40,117
02/05/2003,MSO,MT,ANM,WE,Federal Contract Tower,14,42,7,2,65,0,8,6,0,14,14,50,13,2,79,34,4,38,117
02/06/2003,MSO,MT,ANM,WE,Federal Contract Tower,14,35,5,0,54,0,5,46,1,52,14,40,51,1,106,24,0,24,130
02/07/2003,MSO,MT,ANM,WE,Federal Contract Tower,14,37,13,0,64,0,4,27,8,39,14,41,40,8,103,78,0,78,181
02/08/2003,MSO,MT,ANM,WE,Federal Contract Tower,14,22,4,0,40,0,16,12,0,28,14,38,16,0,68,64,0,64,132
02/09/2003,MSO,MT,ANM,WE,Federal Contract Tower,14,17,2,1,34,0,6,14,1,21,14,23,16,2,55,38,0,38,93
02/10/2003,MSO,MT,ANM,WE,Federal Contract Tower,14,30,11,0,55,0,16,15,0,31,14,46,26,0,86,32,0,32,118
02/11/2003,MSO,MT,ANM,WE,Federal Contract Tower,13,32,5,0,50,0,6,48,2,56,13,38,53,2,106,70,2,72,178
02/12/2003,MSO,MT,ANM,WE,Federal Contract Tower,12,30,8,0,50,0,18,42,0,60,12,48,50,0,110,48,0,48,158
02/13/2003,MSO,MT,ANM,WE,Federal Contract Tower,14,33,9,0,56,0,0,33,0,33,14,33,42,0,89,60,0,60,149
02/14/2003,MSO,MT,ANM,WE,Federal Contract Tower,14,32,8,0,54,0,10,15,0,25,14,42,23,0,79,16,0,16,95
02/15/2003,MSO,MT,ANM,WE,Federal Contract Tower,14,25,9,0,48,0,6,21,0,27,14,31,30,0,75,32,0,32,107
02/16/2003,MSO,MT,ANM,WE,Federal Contract Tower,14,24,4,0,42,0,0,11,0,11,14,24,15,0,53,14,0,14,67
02/17/2003,MSO,MT,ANM,WE,Federal Contract Tower,13,25,6,0,44,0,5,3,0,8,13,30,9,0,52,18,0,18,70
02/18/2003,MSO,MT,ANM,WE,Federal Contract Tower,17,38,10,0,65,0,3,14,0,17,17,41,24,0,82,30,0,30,112
02/19/2003,MSO,MT,ANM,WE,Federal Contract Tower,14,38,12,4,68,0,5,26,0,31,14,43,38,4,99,38,4,42,141
02/20/2003,MSO,MT,ANM,WE,Federal Contract Tower,14,36,6,0,56,0,6,16,0,22,14,42,22,0,78,36,0,36,114
02/21/2003,MSO,MT,ANM,WE,Federal Contract Tower,16,32,3,2,53,0,0,12,0,12,16,32,15,2,65,0,0,0,65
02/22/2003,MSO,MT,ANM,WE,Federal Contract Tower,14,21,3,0,38,0,0,14,0,14,14,21,17,0,52,68,0,68,120
02/23/2003,MSO,MT,ANM,WE,Federal Contract Tower,14,14,5,0,33,0,4,19,0,23,14,18,24,0,56,6,0,6,62
02/24/2003,MSO,MT,ANM,WE,Federal Contract Tower,12,26,4,3,45,0,16,48,0,64,12,42,52,3,109,46,6,52,161
02/25/2003,MSO,MT,ANM,WE,Federal Contract Tower,14,34,6,1,55,0,10,43,0,53,14,44,49,1,108,58,0,58,166
02/26/2003,MSO,MT,ANM,WE,Federal Contract Tower,14,30,7,0,51,0,10,42,0,52,14,40,49,0,103,56,0,56,159
02/27/2003,MSO,MT,ANM,WE,Federal Contract Tower,14,34,5,0,53,0,11,25,0,36,14,45,30,0,89,34,0,34,123
02/28/2003,MSO,MT,ANM,WE,Federal Contract Tower,14,36,10,0,60,0,4,11,0,15,14,40,21,0,75,14,0,14,89
03/01/2003,MSO,MT,ANM,WE,Federal Contract Tower,13,22,6,0,41,1,16,32,0,49,14,38,38,0,90,26,0,26,116
03/02/2003,MSO,MT,ANM,WE,Federal Contract Tower,13,16,11,0,40,1,4,22,0,27,14,20,33,0,67,22,0,22,89
03/03/2003,MSO,MT,ANM,WE,Federal Contract Tower,13,35,8,0,56,1,0,0,0,1,14,35,8,0,57,0,0,0,57
03/04/2003,MSO,MT,ANM,WE,Federal Contract Tower,13,36,6,0,55,1,12,9,0,22,14,48,15,0,77,18,0,18,95
03/05/2003,MSO,MT,ANM,WE,Federal Contract Tower,13,44,14,1,72,1,1,6,0,8,14,45,20,1,80,0,0,0,80
03/06/2003,MSO,MT,ANM,WE,Federal Contract Tower,14,37,8,0,59,0,3,5,0,8,14,40,13,0,67,34,0,34,101
03/07/2003,MSO,MT,ANM,WE,Federal Contract Tower,14,28,10,2,54,0,1,2,0,3,14,29,12,2,57,0,0,0,57
03/08/2003,MSO,MT,ANM,WE,Federal Contract Tower,14,26,5,0,45,0,0,6,0,6,14,26,11,0,51,10,0,10,61
03/09/2003,MSO,MT,ANM,WE,Federal Contract Tower,14,20,0,0,34,0,3,1,0,4,14,23,1,0,38,0,0,0,38
03/10/2003,MSO,MT,ANM,WE,Federal Contract Tower,14,32,4,1,51,0,8,6,1,15,14,40,10,2,66,6,0,6,72
03/11/2003,MSO,MT,ANM,WE,Federal Contract Tower,14,37,15,0,66,0,0,12,0,12,14,37,27,0,78,12,0,12,90
03/12/2003,MSO,MT,ANM,WE,Federal Contract Tower,16,39,10,0,65,0,11,42,3,56,16,50,52,3,121,36,0,36,157
03/13/2003,MSO,MT,ANM,WE,Federal Contract Tower,14,37,10,0,61,0,6,26,0,32,14,43,36,0,93,18,0,18,111
03/14/2003,MSO,MT,ANM,WE,Federal Contract Tower,14,37,13,0,64,0,7,42,0,49,14,44,55,0,113,36,0,36,149
03/15/2003,MSO,MT,ANM,WE,Federal Contract Tower,14,21,3,0,38,0,5,59,0,64,14,26,62,0,102,80,0,80,182
03/16/2003,MSO,MT,ANM,WE,Federal Contract Tower,14,20,0,0,34,0,4,22,0,26,14,24,22,0,60,42,0,42,102
03/17/2003,MSO,MT,ANM,WE,Federal Contract Tower,15,28,7,0,50,0,6,45,0,51,15,34,52,0,101,34,0,34,135
03/18/2003,MSO,MT,ANM,WE,Federal Contract Tower,14,36,7,0,57,0,4,29,0,33,14,40,36,0,90,30,0,30,120
03/19/2003,MSO,MT,ANM,WE,Federal Contract Tower,14,29,14,0,57,0,11,59,0,70,14,40,73,0,127,52,0,52,179
03/20/2003,MSO,MT,ANM,WE,Federal Contract Tower,14,29,5,0,48,0,0,44,4,48,14,29,49,4,96,46,0,46,142
03/21/2003,MSO,MT,ANM,WE,Federal Contract Tower,14,33,14,0,61,0,0,27,0,27,14,33,41,0,88,24,1,25,113
03/22/2003,MSO,MT,ANM,WE,Federal Contract Tower,16,21,9,0,46,0,4,9,2,15,16,25,18,2,61,10,0,10,71
03/23/2003,MSO,MT,ANM,WE,Federal Contract Tower,14,19,3,0,36,0,4,9,0,13,14,23,12,0,49,44,0,44,93
03/24/2003,MSO,MT,ANM,WE,Federal Contract Tower,14,33,8,0,55,0,6,10,0,16,14,39,18,0,71,24,0,24,95
03/25/2003,MSO,MT,ANM,WE,Federal Contract Tower,14,34,6,2,56,0,6,10,0,16,14,40,16,2,72,38,0,38,110
03/26/2003,MSO,MT,ANM,WE,Federal Contract Tower,14,37,9,0,60,0,0,10,0,10,14,37,19,0,70,22,0,22,92
03/27/2003,MSO,MT,ANM,WE,Federal Contract Tower,14,40,9,0,63,0,7,18,3,28,14,47,27,3,91,86,0,86,177
03/28/2003,MSO,MT,ANM,WE,Federal Contract Tower,14,39,9,0,62,0,0,60,1,61,14,39,69,1,123,104,0,104,227
03/29/2003,MSO,MT,ANM,WE,Federal Contract Tower,12,21,4,0,37,0,4,60,0,64,12,25,64,0,101,68,0,68,169
03/30/2003,MSO,MT,ANM,WE,Federal Contract Tower,14,27,7,0,48,0,0,43,0,43,14,27,50,0,91,68,0,68,159
03/31/2003,MSO,MT,ANM,WE,Federal Contract Tower,15,31,3,0,49,0,0,12,0,12,15,31,15,0,61,4,0,4,65
04/01/2003,MSO,MT,ANM,WE,Federal Contract Tower,14,39,8,0,61,0,6,8,0,14,14,45,16,0,75,22,0,22,97
04/02/2003,MSO,MT,ANM,WE,Federal Contract Tower,13,39,6,0,58,0,1,2,0,3,13,40,8,0,61,32,0,32,93
04/03/2003,MSO,MT,ANM,WE,Federal Contract Tower,14,33,15,0,62,0,9,18,0,27,14,42,33,0,89,36,0,36,125
04/04/2003,MSO,MT,ANM,WE,Federal Contract Tower,12,37,14,0,63,0,8,27,0,35,12,45,41,0,98,74,0,74,172
04/05/2003,MSO,MT,ANM,WE,Federal Contract Tower,14,24,3,0,41,0,8,25,1,34,14,32,28,1,75,80,0,80,155
04/06/2003,MSO,MT,ANM,WE,Federal Contract Tower,14,17,5,0,36,0,9,37,0,46,14,26,42,0,82,56,0,56,138
04/07/2003,MSO,MT,ANM,WE,Federal Contract Tower,14,29,5,0,48,0,19,52,0,71,14,48,57,0,119,32,0,32,151
04/08/2003,MSO,MT,ANM,WE,Federal Contract Tower,14,31,5,0,50,0,25,73,0,98,14,56,78,0,148,40,0,40,188
04/09/2003,MSO,MT,ANM,WE,Federal Contract Tower,14,37,9,0,60,0,13,42,0,55,14,50,51,0,115,4,0,4,119
04/10/2003,MSO,MT,ANM,WE,Federal Contract Tower,14,32,7,0,53,0,3,85,3,91,14,35,92,3,144,82,2,84,228
04/11/2003,MSO,MT,ANM,WE,Federal Contract Tower,14,28,9,0,51,0,1,53,4,58,14,29,62,4,109,36,0,36,145
04/12/2003,MSO,MT,ANM,WE,Federal Contract Tower,9,19,5,0,33,5,3,40,0,48,14,22,45,0,81,12,0,12,93
04/13/2003,MSO,MT,ANM,WE,Federal Contract Tower,14,22,3,3,42,0,5,16,12,33,14,27,19,15,75,4,0,4,79
04/14/2003,MSO,MT,ANM,WE,Federal Contract Tower,14,32,5,2,53,0,6,53,1,60,14,38,58,3,113,52,0,52,165
04/15/2003,MSO,MT,ANM,WE,Federal Contract Tower,14,34,3,0,51,0,3,58,0,61,14,37,61,0,112,64,0,64,176
04/16/2003,MSO,MT,ANM,WE,Federal Contract Tower,14,37,12,2,65,0,8,48,0,56,14,45,60,2,121,48,2,50,171
04/17/2003,MSO,MT,ANM,WE,Federal Contract Tower,14,37,11,0,62,0,8,42,0,50,14,45,53,0,112,38,0,38,150
04/18/2003,MSO,MT,ANM,WE,Federal Contract Tower,14,35,16,0,65,0,10,34,0,44,14,45,50,0,109,70,0,70,179
04/19/2003,MSO,MT,ANM,WE,Federal Contract Tower,14,17,7,0,38,0,8,103,0,111,14,25,110,0,149,80,0,80,229
04/20/2003,MSO,MT,ANM,WE,Federal Contract Tower,14,14,7,0,35,0,7,69,0,76,14,21,76,0,111,30,0,30,141
04/21/2003,MSO,MT,ANM,WE,Federal Contract Tower,14,31,14,0,59,0,16,78,0,94,14,47,92,0,153,48,0,48,201
04/22/2003,MSO,MT,ANM,WE,Federal Contract Tower,14,33,9,0,56,0,7,52,0,59,14,40,61,0,115,30,0,30,145
04/23/2003,MSO,MT,ANM,WE,Federal Contract Tower,14,41,11,0,66,0,8,10,0,18,14,49,21,0,84,40,0,40,124
04/24/2003,MSO,MT,ANM,WE,Federal Contract Tower,14,35,21,0,70,0,25,35,0,60,14,60,56,0,130,36,0,36,166
04/25/2003,MSO,MT,ANM,WE,Federal Contract Tower,14,40,11,0,65,0,5,34,2,41,14,45,45,2,106,72,0,72,178
04/26/2003,MSO,MT,ANM,WE,Federal Contract Tower,14,19,12,0,45,0,0,23,0,23,14,19,35,0,68,46,0,46,114
04/27/2003,MSO,MT,ANM,WE,Federal Contract Tower,14,16,4,2,36,0,3,44,0,47,14,19,48,2,83,56,0,56,139
04/28/2003,MSO,MT,ANM,WE,Federal Contract Tower,16,29,8,0,53,0,3,30,0,33,16,32,38,0,86,40,0,40,126
04/29/2003,MSO,MT,ANM,WE,Federal Contract Tower,14,39,7,0,60,0,7,10,0,17,14,46,17,0,77,20,0,20,97
04/30/2003,MSO,MT,ANM,WE,Federal Contract Tower,14,40,5,0,59,0,0,28,0,28,14,40,33,0,87,30,0,30,117
05/01/2003,MSO,MT,ANM,WE,Federal Contract Tower,13,35,12,0,60,1,5,22,0,28,14,40,34,0,88,60,0,60,148
05/02/2003,MSO,MT,ANM,WE,Federal Contract Tower,15,31,22,2,70,1,6,30,0,37,16,37,52,2,107,60,0,60,167
05/03/2003,MSO,MT,ANM,WE,Federal Contract Tower,13,19,7,0,39,1,4,24,0,29,14,23,31,0,68,100,0,100,168
05/04/2003,MSO,MT,ANM,WE,Federal Contract Tower,12,20,7,0,39,1,3,16,0,20,13,23,23,0,59,32,0,32,91
05/05/2003,MSO,MT,ANM,WE,Federal Contract Tower,13,31,12,0,56,1,16,14,0,31,14,47,26,0,87,48,0,48,135
05/06/2003,MSO,MT,ANM,WE,Federal Contract Tower,13,32,7,0,52,1,2,32,0,35,14,34,39,0,87,30,0,30,117
05/07/2003,MSO,MT,ANM,WE,Federal Contract Tower,14,33,11,0,58,0,3,48,0,51,14,36,59,0,109,88,0,88,197
05/08/2003,MSO,MT,ANM,WE,Federal Contract Tower,13,36,14,0,63,1,3,41,0,45,14,39,55,0,108,38,0,38,146
05/09/2003,MSO,MT,ANM,WE,Federal Contract Tower,14,35,9,0,58,0,10,39,0,49,14,45,48,0,107,18,0,18,125
05/10/2003,MSO,MT,ANM,WE,Federal Contract Tower,14,20,4,0,38,0,11,44,0,55,14,31,48,0,93,36,0,36,129
05/11/2003,MSO,MT,ANM,WE,Federal Contract Tower,14,18,12,0,44,0,10,65,0,75,14,28,77,0,119,38,0,38,157
05/12/2003,MSO,MT,ANM,WE,Federal Contract Tower,14,29,15,0,58,0,10,20,6,36,14,39,35,6,94,22,0,22,116
05/13/2003,MSO,MT,ANM,WE,Federal Contract Tower,14,39,10,0,63,0,1,65,0,66,14,40,75,0,129,68,0,68,197
05/14/2003,MSO,MT,ANM,WE,Federal Contract Tower,14,32,11,0,57,0,21,59,0,80,14,53,70,0,137,70,0,70,207
05/15/2003,MSO,MT,ANM,WE,Federal Contract Tower,14,39,11,0,64,0,9,32,1,42,14,48,43,1,106,56,0,56,162
05/16/2003,MSO,MT,ANM,WE,Federal Contract Tower,14,37,14,1,66,0,1,23,0,24,14,38,37,1,90,30,0,30,120
05/17/2003,MSO,MT,ANM,WE,Federal Contract Tower,14,23,7,0,44,0,6,34,0,40,14,29,41,0,84,62,0,62,146
05/18/2003,MSO,MT,ANM,WE,Federal Contract Tower,14,16,1,2,33,0,4,10,0,14,14,20,11,2,47,18,0,18,65
05/19/2003,MSO,MT,ANM,WE,Federal Contract Tower,14,30,12,0,56,0,10,56,0,66,14,40,68,0,122,82,0,82,204
05/20/2003,MSO,MT,ANM,WE,Federal Contract Tower,14,36,8,0,58,0,4,62,0,66,14,40,70,0,124,96,0,96,220
05/21/2003,MSO,MT,ANM,WE,Federal Contract Tower,14,40,14,0,68,0,10,44,0,54,14,50,58,0,122,70,0,70,192
05/22/2003,MSO,MT,ANM,WE,Federal Contract Tower,14,36,13,0,63,0,0,54,0,54,14,36,67,0,117,40,0,40,157
05/23/2003,MSO,MT,ANM,WE,Federal Contract Tower,14,35,27,0,76,0,13,68,2,83,14,48,95,2,159,60,0,60,219
05/24/2003,MSO,MT,ANM,WE,Federal Contract Tower,14,17,11,0,42,0,8,55,4,67,14,25,66,4,109,40,2,42,151
05/25/2003,MSO,MT,ANM,WE,Federal Contract Tower,14,13,9,0,36,0,7,36,2,45,14,20,45,2,81,34,0,34,115
05/26/2003,MSO,MT,ANM,WE,Federal Contract Tower,14,17,10,1,42,0,10,27,0,37,14,27,37,1,79,58,0,58,137
05/27/2003,MSO,MT,ANM,WE,Federal Contract Tower,14,33,7,0,54,0,15,50,0,65,14,48,57,0,119,80,0,80,199
05/28/2003,MSO,MT,ANM,WE,Federal Contract Tower,14,35,9,0,58,0,15,77,3,95,14,50,86,3,153,42,0,42,195
05/29/2003,MSO,MT,ANM,WE,Federal Contract Tower,14,37,8,0,59,0,11,62,0,73,14,48,70,0,132,60,0,60,192
05/30/2003,MSO,MT,ANM,WE,Federal Contract Tower,14,33,18,0,65,0,29,53,0,82,14,62,71,0,147,0,0,0,147
05/31/2003,MSO,MT,ANM,WE,Federal Contract Tower,14,22,5,0,41,0,1,41,0,42,14,23,46,0,83,102,0,102,185
06/01/2003,MSO,MT,ANM,WE,Federal Contract Tower,14,17,10,0,41,0,16,43,0,59,14,33,53,0,100,148,0,148,248
06/02/2003,MSO,MT,ANM,WE,Federal Contract Tower,14,32,4,0,50,0,11,29,0,40,14,43,33,0,90,48,0,48,138
06/03/2003,MSO,MT,ANM,WE,Federal Contract Tower,12,41,9,0,62,0,13,58,0,71,12,54,67,0,133,50,0,50,183
06/04/2003,MSO,MT,ANM,WE,Federal Contract Tower,12,41,17,0,70,0,7,62,0,69,12,48,79,0,139,14,0,14,153
06/05/2003,MSO,MT,ANM,WE,Federal Contract Tower,12,34,22,0,68,0,5,42,1,48,12,39,64,1,116,60,0,60,176
06/06/2003,MSO,MT,ANM,WE,Federal Contract Tower,12,35,13,0,60,0,4,43,0,47,12,39,56,0,107,64,0,64,171
06/07/2003,MSO,MT,ANM,WE,Federal Contract Tower,11,25,8,0,44,1,0,57,0,58,12,25,65,0,102,46,0,46,148
06/08/2003,MSO,MT,ANM,WE,Federal Contract Tower,15,23,5,0,43,0,9,56,0,65,15,32,61,0,108,32,0,32,140
06/09/2003,MSO,MT,ANM,WE,Federal Contract Tower,13,30,8,0,51,0,9,44,2,55,13,39,52,2,106,60,0,60,166
06/10/2003,MSO,MT,ANM,WE,Federal Contract Tower,13,38,10,0,61,0,7,19,2,28,13,45,29,2,89,16,0,16,105
06/11/2003,MSO,MT,ANM,WE,Federal Contract Tower,14,41,11,0,66,0,10,72,0,82,14,51,83,0,148,52,0,52,200
06/12/2003,MSO,MT,ANM,WE,Federal Contract Tower,11,40,13,0,64,0,15,73,0,88,11,55,86,0,152,16,0,16,168
06/13/2003,MSO,MT,ANM,WE,Federal Contract Tower,14,33,15,0,62,0,19,65,0,84,14,52,80,0,146,112,0,112,258
06/14/2003,MSO,MT,ANM,WE,Federal Contract Tower,11,24,9,0,44,0,8,133,0,141,11,32,142,0,185,32,0,32,217
06/15/2003,MSO,MT,ANM,WE,Federal Contract Tower,13,24,6,0,43,0,0,43,0,43,13,24,49,0,86,16,0,16,102
06/16/2003,MSO,MT,ANM,WE,Federal Contract Tower,14,24,4,0,42,0,12,78,0,90,14,36,82,0,132,8,0,8,140
06/17/2003,MSO,MT,ANM,WE,Federal Contract Tower,13,29,11,0,53,0,10,55,0,65,13,39,66,0,118,14,0,14,132
06/18/2003,MSO,MT,ANM,WE,Federal Contract Tower,16,40,9,0,65,0,19,65,2,86,16,59,74,2,151,38,0,38,189
06/19/2003,MSO,MT,ANM,WE,Federal Contract Tower,13,34,24,0,71,0,9,61,0,70,13,43,85,0,141,48,0,48,189
06/20/2003,MSO,MT,ANM,WE,Federal Contract Tower,13,38,13,2,66,0,7,34,0,41,13,45,47,2,107,49,0,49,156
06/21/2003,MSO,MT,ANM,WE,Federal Contract Tower,13,26,5,0,44,0,4,31,2,37,13,30,36,2,81,26,0,26,107
06/22/2003,MSO,MT,ANM,WE,Federal Contract Tower,13,28,16,2,59,0,2,33,0,35,13,30,49,2,94,60,0,60,154
06/23/2003,MSO,MT,ANM,WE,Federal Contract Tower,14,34,11,1,60,0,12,67,3,82,14,46,78,4,142,86,2,88,230
06/24/2003,MSO,MT,ANM,WE,Federal Contract Tower,13,36,13,0,62,0,5,52,0,57,13,41,65,0,119,66,2,68,187
06/25/2003,MSO,MT,ANM,WE,Federal Contract Tower,13,35,18,0,66,0,15,46,0,61,13,50,64,0,127,52,0,52,179
06/26/2003,MSO,MT,ANM,WE,Federal Contract Tower,14,36,9,0,59,0,10,50,1,61,14,46,59,1,120,46,0,46,166
06/27/2003,MSO,MT,ANM,WE,Federal Contract Tower,14,29,6,0,49,0,11,78,0,89,14,40,84,0,138,42,0,42,180
06/28/2003,MSO,MT,ANM,WE,Federal Contract Tower,14,21,9,0,44,0,5,74,1,80,14,26,83,1,124,46,0,46,170
06/29/2003,MSO,MT,ANM,WE,Federal Contract Tower,14,16,5,0,35,0,13,90,0,103,14,29,95,0,138,16,0,16,154
06/30/2003,MSO,MT,ANM,WE,Federal Contract Tower,14,33,12,0,59,0,12,82,0,94,14,45,94,0,153,44,0,44,197
07/01/2003,MSO,MT,ANM,WE,Federal Contract Tower,13,41,13,0,67,1,10,73,0,84,14,51,86,0,151,46,0,46,197
07/02/2003,MSO,MT,ANM,WE,Federal Contract Tower,15,40,16,0,71,1,11,81,0,93,16,51,97,0,164,66,0,66,230
07/03/2003,MSO,MT,ANM,WE,Federal Contract Tower,13,29,11,1,54,3,18,79,0,100,16,47,90,1,154,60,4,64,218
07/04/2003,MSO,MT,ANM,WE,Federal Contract Tower,14,18,8,0,40,1,9,63,0,73,15,27,71,0,113,38,0,38,151
07/05/2003,MSO,MT,ANM,WE,Federal Contract Tower,14,20,8,0,42,1,6,62,0,69,15,26,70,0,111,32,0,32,143
07/06/2003,MSO,MT,ANM,WE,Federal Contract Tower,15,20,11,0,46,0,0,93,1,94,15,20,104,1,140,88,2,90,230
07/07/2003,MSO,MT,ANM,WE,Federal Contract Tower,15,36,14,1,66,0,18,101,0,119,15,54,115,1,185,100,0,100,285
07/08/2003,MSO,MT,ANM,WE,Federal Contract Tower,15,43,14,0,72,0,12,51,3,66,15,55,65,3,138,24,12,36,174
07/09/2003,MSO,MT,ANM,WE,Federal Contract Tower,15,35,12,0,62,0,27,128,0,155,15,62,140,0,217,98,0,98,315
07/10/2003,MSO,MT,ANM,WE,Federal Contract Tower,16,36,21,7,80,0,6,111,1,118,16,42,132,8,198,24,4,28,226
07/11/2003,MSO,MT,ANM,WE,Federal Contract Tower,16,35,15,21,87,0,10,75,14,99,16,45,90,35,186,22,30,52,238
07/12/2003,MSO,MT,ANM,WE,Federal Contract Tower,16,24,6,11,57,0,13,125,11,149,16,37,131,22,206,12,16,28,234
07/13/2003,MSO,MT,ANM,WE,Federal Contract Tower,16,21,20,10,67,0,10,130,6,146,16,31,150,16,213,32,0,32,245
07/14/2003,MSO,MT,ANM,WE,Federal Contract Tower,15,32,19,6,72,0,18,81,3,102,15,50,100,9,174,62,8,70,244
07/15/2003,MSO,MT,ANM,WE,Federal Contract Tower,15,30,17,5,67,0,10,103,0,113,15,40,120,5,180,90,8,98,278
07/16/2003,MSO,MT,ANM,WE,Federal Contract Tower,16,45,17,0,78,0,19,130,0,149,16,64,147,0,227,66,0,66,293
07/17/2003,MSO,MT,ANM,WE,Federal Contract Tower,17,36,11,2,66,0,17,60,0,77,17,53,71,2,143,34,0,34,177
07/18/2003,MSO,MT,ANM,WE,Federal Contract Tower,17,31,18,4,70,0,8,50,0,58,17,39,68,4,128,34,8,42,170
07/19/2003,MSO,MT,ANM,WE,Federal Contract Tower,16,20,15,0,51,0,15,59,0,74,16,35,74,0,125,12,0,12,137
07/20/2003,MSO,MT,ANM,WE,Federal Contract Tower,15,26,15,2,58,0,8,113,2,123,15,34,128,4,181,26,0,26,207
07/21/2003,MSO,MT,ANM,WE,Federal Contract Tower,15,31,13,0,59,0,20,92,0,112,15,51,105,0,171,4,0,4,175
07/22/2003,MSO,MT,ANM,WE,Federal Contract Tower,15,38,17,0,70,0,0,125,0,125,15,38,142,0,195,34,0,34,229
07/23/2003,MSO,MT,ANM,WE,Federal Contract Tower,15,41,18,0,74,0,23,133,0,156,15,64,151,0,230,40,0,40,270
07/24/2003,MSO,MT,ANM,WE,Federal Contract Tower,15,39,22,4,80,0,9,92,0,101,15,48,114,4,181,74,0,74,255
07/25/2003,MSO,MT,ANM,WE,Federal Contract Tower,16,34,25,2,77,0,12,79,0,91,16,46,104,2,168,46,0,46,214
07/26/2003,MSO,MT,ANM,WE,Federal Contract Tower,15,32,11,0,58,0,5,65,0,70,15,37,76,0,128,34,0,34,162
07/27/2003,MSO,MT,ANM,WE,Federal Contract Tower,16,31,15,2,64,0,15,65,0,80,16,46,80,2,144,12,0,12,156
07/28/2003,MSO,MT,ANM,WE,Federal Contract Tower,15,32,14,0,61,1,10,62,0,73,16,42,76,0,134,22,0,22,156
07/29/2003,MSO,MT,ANM,WE,Federal Contract Tower,16,38,11,0,65,0,20,84,0,104,16,58,95,0,169,26,0,26,195
07/30/2003,MSO,MT,ANM,WE,Federal Contract Tower,15,38,10,1,64,0,16,100,1,117,15,54,110,2,181,128,0,128,309
07/31/2003,MSO,MT,ANM,WE,Federal Contract Tower,15,48,15,0,78,0,11,80,0,91,15,59,95,0,169,86,0,86,255
08/01/2003,MSO,MT,ANM,WE,Federal Contract Tower,15,36,9,0,60,0,4,82,0,86,15,40,91,0,146,28,0,28,174
08/02/2003,MSO,MT,ANM,WE,Federal Contract Tower,15,26,9,1,51,0,14,52,1,67,15,40,61,2,118,38,0,38,156
08/03/2003,MSO,MT,ANM,WE,Federal Contract Tower,18,28,7,0,53,0,12,70,1,83,18,40,77,1,136,38,0,38,174
08/04/2003,MSO,MT,ANM,WE,Federal Contract Tower,15,40,4,2,61,0,10,98,0,108,15,50,102,2,169,58,0,58,227
08/05/2003,MSO,MT,ANM,WE,Federal Contract Tower,17,40,6,2,65,0,10,68,0,78,17,50,74,2,143,54,0,54,197
08/06/2003,MSO,MT,ANM,WE,Federal Contract Tower,15,40,9,0,64,0,10,67,0,77,15,50,76,0,141,30,0,30,171
08/07/2003,MSO,MT,ANM,WE,Federal Contract Tower,15,45,8,0,68,0,18,111,0,129,15,63,119,0,197,56,0,56,253
08/08/2003,MSO,MT,ANM,WE,Federal Contract Tower,16,34,11,2,63,0,24,113,0,137,16,58,124,2,200,56,2,58,258
08/09/2003,MSO,MT,ANM,WE,Federal Contract Tower,19,23,12,0,54,0,31,176,4,211,19,54,188,4,265,78,0,78,343
08/10/2003,MSO,MT,ANM,WE,Federal Contract Tower,20,16,11,2,49,0,36,195,0,231,20,52,206,2,280,34,0,34,314
08/11/2003,MSO,MT,ANM,WE,Federal Contract Tower,17,38,15,0,70,0,12,151,6,169,17,50,166,6,239,18,0,18,257
08/12/2003,MSO,MT,ANM,WE,Federal Contract Tower,18,48,21,0,87,0,12,107,10,129,18,60,128,10,216,50,2,52,268
08/13/2003,MSO,MT,ANM,WE,Federal Contract Tower,19,49,49,0,117,0,9,59,0,68,19,58,108,0,185,8,0,8,193
08/14/2003,MSO,MT,ANM,WE,Federal Contract Tower,17,43,56,0,116,0,12,64,2,78,17,55,120,2,194,26,0,26,220
08/15/2003,MSO,MT,ANM,WE,Federal Contract Tower,16,33,59,3,111,0,0,0,0,0,16,33,59,3,111,0,0,0,111
08/16/2003,MSO,MT,ANM,WE,Federal Contract Tower,17,27,25,0,69,0,3,59,2,64,17,30,84,2,133,4,0,4,137
08/17/2003,MSO,MT,ANM,WE,Federal Contract Tower,17,20,34,2,73,0,0,56,2,58,17,20,90,4,131,0,0,0,131
08/18/2003,MSO,MT,ANM,WE,Federal Contract Tower,14,37,62,0,113,0,0,0,0,0,14,37,62,0,113,0,0,0,113
08/19/2003,MSO,MT,ANM,WE,Federal Contract Tower,15,50,41,2,108,0,8,59,4,71,15,58,100,6,179,6,0,6,185
08/20/2003,MSO,MT,ANM,WE,Federal Contract Tower,16,44,29,0,89,0,16,77,3,96,16,60,106,3,185,22,0,22,207
08/21/2003,MSO,MT,ANM,WE,Federal Contract Tower,15,39,57,0,111,0,0,0,2,2,15,39,57,2,113,0,0,0,113
08/22/2003,MSO,MT,ANM,WE,Federal Contract Tower,16,38,32,2,88,0,0,0,0,0,16,38,32,2,88,0,0,0,88
08/23/2003,MSO,MT,ANM,WE,Federal Contract Tower,16,26,26,0,68,0,8,73,0,81,16,34,99,0,149,50,0,50,199
08/24/2003,MSO,MT,ANM,WE,Federal Contract Tower,28,23,20,2,73,0,5,102,4,111,28,28,122,6,184,50,4,54,238
08/25/2003,MSO,MT,ANM,WE,Federal Contract Tower,17,38,24,0,79,0,16,100,8,124,17,54,124,8,203,130,0,130,333
08/26/2003,MSO,MT,ANM,WE,Federal Contract Tower,22,46,31,1,100,0,14,92,10,116,22,60,123,11,216,20,0,20,236
08/27/2003,MSO,MT,ANM,WE,Federal Contract Tower,15,47,19,0,81,0,0,96,0,96,15,47,115,0,177,36,0,36,213
08/28/2003,MSO,MT,ANM,WE,Federal Contract Tower,22,39,24,0,85,0,9,118,4,131,22,48,142,4,216,30,0,30,246
08/29/2003,MSO,MT,ANM,WE,Federal Contract Tower,24,50,18,2,94,0,11,97,0,108,24,61,115,2,202,6,0,6,208
08/30/2003,MSO,MT,ANM,WE,Federal Contract Tower,18,32,15,2,67,0,12,64,0,76,18,44,79,2,143,60,0,60,203
08/31/2003,MSO,MT,ANM,WE,Federal Contract Tower,17,16,15,0,48,0,15,105,0,120,17,31,120,0,168,24,0,24,192
09/01/2003,MSO,MT,ANM,WE,Federal Contract Tower,14,24,17,0,55,1,12,101,0,114,15,36,118,0,169,56,0,56,225
09/02/2003,MSO,MT,ANM,WE,Federal Contract Tower,13,33,22,2,70,0,11,108,11,130,13,44,130,13,200,4,0,4,204
09/03/2003,MSO,MT,ANM,WE,Federal Contract Tower,13,40,18,2,73,0,10,54,3,67,13,50,72,5,140,4,0,4,144
09/04/2003,MSO,MT,ANM,WE,Federal Contract Tower,16,43,39,0,98,0,5,41,1,47,16,48,80,1,145,2,0,2,147
09/05/2003,MSO,MT,ANM,WE,Federal Contract Tower,10,38,42,3,93,0,10,36,2,48,10,48,78,5,141,12,0,12,153
09/06/2003,MSO,MT,ANM,WE,Federal Contract Tower,14,26,20,2,62,0,2,81,4,87,14,28,101,6,149,6,0,6,155
09/07/2003,MSO,MT,ANM,WE,Federal Contract Tower,16,16,12,3,47,0,6,75,0,81,16,22,87,3,128,10,0,10,138
09/08/2003,MSO,MT,ANM,WE,Federal Contract Tower,14,30,15,0,59,0,8,19,0,27,14,38,34,0,86,2,0,2,88
09/09/2003,MSO,MT,ANM,WE,Federal Contract Tower,11,28,17,0,56,1,20,55,0,76,12,48,72,0,132,32,0,32,164
09/10/2003,MSO,MT,ANM,WE,Federal Contract Tower,14,50,25,0,89,0,9,50,11,70,14,59,75,11,159,44,0,44,203
09/11/2003,MSO,MT,ANM,WE,Federal Contract Tower,14,40,15,0,69,0,9,35,0,44,14,49,50,0,113,16,0,16,129
09/12/2003,MSO,MT,ANM,WE,Federal Contract Tower,12,44,15,0,71,0,9,38,2,49,12,53,53,2,120,12,0,12,132
09/13/2003,MSO,MT,ANM,WE,Federal Contract Tower,25,32,36,0,93,0,0,41,0,41,25,32,77,0,134,18,0,18,152
09/14/2003,MSO,MT,ANM,WE,Federal Contract Tower,14,13,9,0,36,0,13,62,0,75,14,26,71,0,111,50,0,50,161
09/15/2003,MSO,MT,ANM,WE,Federal Contract Tower,12,31,10,0,53,0,12,65,0,77,12,43,75,0,130,8,0,8,138
09/16/2003,MSO,MT,ANM,WE,Federal Contract Tower,12,43,6,0,61,0,15,40,0,55,12,58,46,0,116,10,0,10,126
09/17/2003,MSO,MT,ANM,WE,Federal Contract Tower,12,42,12,0,66,0,17,11,0,28,12,59,23,0,94,40,0,40,134
09/18/2003,MSO,MT,ANM,WE,Federal Contract Tower,14,38,18,0,70,0,12,63,0,75,14,50,81,0,145,34,0,34,179
09/19/2003,MSO,MT,ANM,WE,Federal Contract Tower,11,33,10,2,56,0,12,65,0,77,11,45,75,2,133,44,0,44,177
09/20/2003,MSO,MT,ANM,WE,Federal Contract Tower,11,21,10,0,42,0,8,92,0,100,11,29,102,0,142,42,0,42,184
09/21/2003,MSO,MT,ANM,WE,Federal Contract Tower,12,18,9,2,41,0,18,92,0,110,12,36,101,2,151,36,0,36,187
09/22/2003,MSO,MT,ANM,WE,Federal Contract Tower,12,35,11,0,58,0,9,70,0,79,12,44,81,0,137,20,0,20,157
09/23/2003,MSO,MT,ANM,WE,Federal Contract Tower,12,39,15,0,66,0,18,50,0,68,12,57,65,0,134,40,0,40,174
09/24/2003,MSO,MT,ANM,WE,Federal Contract Tower,12,44,18,0,74,0,16,58,0,74,12,60,76,0,148,52,0,52,200
09/25/2003,MSO,MT,ANM,WE,Federal Contract Tower,12,37,8,0,57,0,15,52,0,67,12,52,60,0,124,32,0,32,156
09/26/2003,MSO,MT,ANM,WE,Federal Contract Tower,13,28,21,0,62,0,15,58,0,73,13,43,79,0,135,34,0,34,169
09/27/2003,MSO,MT,ANM,WE,Federal Contract Tower,12,22,12,0,46,0,13,80,0,93,12,35,92,0,139,48,0,48,187
09/28/2003,MSO,MT,ANM,WE,Federal Contract Tower,9,23,13,0,45,3,14,87,0,104,12,37,100,0,149,32,0,32,181
09/29/2003,MSO,MT,ANM,WE,Federal Contract Tower,12,34,8,1,55,0,10,32,1,43,12,44,40,2,98,34,2,36,134
09/30/2003,MSO,MT,ANM,WE,Federal Contract Tower,12,34,11,0,57,0,16,49,0,65,12,50,60,0,122,40,0,40,162
10/01/2003,MSO,MT,ANM,WE,Federal Contract Tower,12,36,15,0,63,0,12,80,0,92,12,48,95,0,155,94,0,94,249
10/02/2003,MSO,MT,ANM,WE,Federal Contract Tower,12,33,14,0,59,0,1,64,0,65,12,34,78,0,124,78,0,78,202
10/03/2003,MSO,MT,ANM,WE,Federal Contract Tower,12,31,13,0,56,0,11,46,8,65,12,42,59,8,121,58,6,64,185
10/04/2003,MSO,MT,ANM,WE,Federal Contract Tower,9,22,10,0,41,3,4,66,5,78,12,26,76,5,119,24,2,26,145
10/05/2003,MSO,MT,ANM,WE,Federal Contract Tower,11,26,11,0,48,1,2,66,5,74,12,28,77,5,122,10,0,10,132
10/06/2003,MSO,MT,ANM,WE,Federal Contract Tower,8,20,8,0,36,4,10,53,0,67,12,30,61,0,103,98,0,98,201
10/07/2003,MSO,MT,ANM,WE,Federal Contract Tower,12,33,13,0,58,0,5,45,0,50,12,38,58,0,108,76,0,76,184
10/08/2003,MSO,MT,ANM,WE,Federal Contract Tower,11,32,13,0,56,0,6,36,2,44,11,38,49,2,100,44,0,44,144
10/09/2003,MSO,MT,ANM,WE,Federal Contract Tower,12,36,15,0,63,0,12,39,0,51,12,48,54,0,114,28,0,28,142
10/10/2003,MSO,MT,ANM,WE,Federal Contract Tower,12,28,13,0,53,0,0,30,0,30,12,28,43,0,83,60,0,60,143
10/11/2003,MSO,MT,ANM,WE,Federal Contract Tower,9,23,10,0,42,3,6,66,0,75,12,29,76,0,117,34,0,34,151
10/12/2003,MSO,MT,ANM,WE,Federal Contract Tower,10,20,8,1,39,2,8,25,1,36,12,28,33,2,75,20,0,20,95
10/13/2003,MSO,MT,ANM,WE,Federal Contract Tower,12,24,9,0,45,0,10,9,0,19,12,34,18,0,64,16,0,16,80
10/14/2003,MSO,MT,ANM,WE,Federal Contract Tower,12,30,12,0,54,0,10,35,0,45,12,40,47,0,99,80,0,80,179
10/15/2003,MSO,MT,ANM,WE,Federal Contract Tower,12,31,12,0,55,0,12,10,0,22,12,43,22,0,77,4,0,4,81
10/16/2003,MSO,MT,ANM,WE,Federal Contract Tower,12,37,14,0,63,0,17,35,0,52,12,54,49,0,115,52,0,52,167
10/17/2003,MSO,MT,ANM,WE,Federal Contract Tower,12,26,10,0,48,0,1,60,0,61,12,27,70,0,109,58,0,58,167
10/18/2003,MSO,MT,ANM,WE,Federal Contract Tower,9,19,8,0,36,3,5,69,0,77,12,24,77,0,113,34,0,34,147
10/19/2003,MSO,MT,ANM,WE,Federal Contract Tower,8,16,6,0,30,4,8,61,0,73,12,24,67,0,103,22,0,22,125
10/20/2003,MSO,MT,ANM,WE,Federal Contract Tower,10,22,9,0,41,2,20,49,0,71,12,42,58,0,112,50,0,50,162
10/21/2003,MSO,MT,ANM,WE,Federal Contract Tower,12,28,11,0,51,0,27,70,0,97,12,55,81,0,148,44,0,44,192
10/22/2003,MSO,MT,ANM,WE,Federal Contract Tower,12,28,11,1,52,0,29,91,0,120,12,57,102,1,172,60,1,61,233
10/23/2003,MSO,MT,ANM,WE,Federal Contract Tower,14,33,13,0,60,0,6,10,0,16,14,39,23,0,76,0,0,0,76
10/24/2003,MSO,MT,ANM,WE,Federal Contract Tower,13,28,11,1,53,1,8,38,1,48,14,36,49,2,101,36,0,36,137
10/25/2003,MSO,MT,ANM,WE,Federal Contract Tower,10,21,8,0,39,4,9,72,0,85,14,30,80,0,124,28,0,28,152
10/26/2003,MSO,MT,ANM,WE,Federal Contract Tower,8,18,7,0,33,4,9,70,2,85,12,27,77,2,118,18,0,18,136
10/27/2003,MSO,MT,ANM,WE,Federal Contract Tower,12,29,12,0,53,0,10,18,0,28,12,39,30,0,81,28,0,28,109
10/28/2003,MSO,MT,ANM,WE,Federal Contract Tower,12,25,9,0,46,0,5,14,0,19,12,30,23,0,65,36,0,36,101
10/29/2003,MSO,MT,ANM,WE,Federal Contract Tower,12,31,12,0,55,0,10,0,0,10,12,41,12,0,65,2,0,2,67
10/30/2003,MSO,MT,ANM,WE,Federal Contract Tower,12,29,12,0,53,0,15,9,0,24,12,44,21,0,77,12,0,12,89
10/31/2003,MSO,MT,ANM,WE,Federal Contract Tower,12,27,10,0,49,2,10,30,0,42,14,37,40,0,91,8,0,8,99
11/01/2003,MSO,MT,ANM,WE,Federal Contract Tower,10,23,9,0,42,4,8,33,0,45,14,31,42,0,87,32,0,32,119
11/02/2003,MSO,MT,ANM,WE,Federal Contract Tower,7,19,4,0,30,5,0,0,0,5,12,19,4,0,35,4,0,4,39
11/03/2003,MSO,MT,ANM,WE,Federal Contract Tower,11,26,10,0,47,1,0,1,0,2,12,26,11,0,49,0,0,0,49
11/04/2003,MSO,MT,ANM,WE,Federal Contract Tower,11,27,10,0,48,1,13,4,0,18,12,40,14,0,66,10,0,10,76
11/05/2003,MSO,MT,ANM,WE,Federal Contract Tower,12,38,14,0,64,0,1,22,2,25,12,39,36,2,89,32,38,70,159
11/06/2003,MSO,MT,ANM,WE,Federal Contract Tower,12,30,12,0,54,0,15,39,0,54,12,45,51,0,108,24,0,24,132
11/07/2003,MSO,MT,ANM,WE,Federal Contract Tower,13,31,13,0,57,0,4,37,2,43,13,35,50,2,100,54,0,54,154
11/08/2003,MSO,MT,ANM,WE,Federal Contract Tower,10,22,9,0,41,4,5,26,0,35,14,27,35,0,76,48,0,48,124
11/09/2003,MSO,MT,ANM,WE,Federal Contract Tower,10,19,9,0,38,2,0,26,2,30,12,19,35,2,68,58,0,58,126
11/10/2003,MSO,MT,ANM,WE,Federal Contract Tower,10,23,5,0,38,1,6,0,0,7,11,29,5,0,45,24,0,24,69
11/11/2003,MSO,MT,ANM,WE,Federal Contract Tower,11,26,10,0,47,0,3,2,2,7,11,29,12,2,54,2,0,2,56
11/12/2003,MSO,MT,ANM,WE,Federal Contract Tower,12,29,12,0,53,0,13,34,0,47,12,42,46,0,100,10,0,10,110
11/13/2003,MSO,MT,ANM,WE,Federal Contract Tower,12,33,13,0,58,0,8,27,0,35,12,41,40,0,93,24,0,24,117
11/14/2003,MSO,MT,ANM,WE,Federal Contract Tower,12,31,13,1,57,0,0,26,1,27,12,31,39,2,84,8,0,8,92
11/15/2003,MSO,MT,ANM,WE,Federal Contract Tower,14,27,10,0,51,0,3,14,0,17,14,30,24,0,68,30,0,30,98
11/16/2003,MSO,MT,ANM,WE,Federal Contract Tower,9,16,5,1,31,3,0,0,3,6,12,16,5,4,37,12,0,12,49
11/17/2003,MSO,MT,ANM,WE,Federal Contract Tower,10,20,7,0,37,2,8,1,0,11,12,28,8,0,48,6,0,6,54
11/18/2003,MSO,MT,ANM,WE,Federal Contract Tower,12,30,11,0,53,0,7,6,0,13,12,37,17,0,66,0,0,0,66
11/19/2003,MSO,MT,ANM,WE,Federal Contract Tower,14,29,11,0,54,0,10,9,0,19,14,39,20,0,73,0,0,0,73
11/20/2003,MSO,MT,ANM,WE,Federal Contract Tower,12,32,12,0,56,0,11,13,0,24,12,43,25,0,80,72,0,72,152
11/21/2003,MSO,MT,ANM,WE,Federal Contract Tower,12,29,11,1,53,0,11,11,1,23,12,40,22,2,76,18,0,18,94
11/22/2003,MSO,MT,ANM,WE,Federal Contract Tower,11,21,8,0,40,3,6,21,0,30,14,27,29,0,70,14,0,14,84
11/23/2003,MSO,MT,ANM,WE,Federal Contract Tower,9,16,6,0,31,4,0,6,0,10,13,16,12,0,41,34,0,34,75
11/24/2003,MSO,MT,ANM,WE,Federal Contract Tower,14,32,12,0,58,0,11,14,0,25,14,43,26,0,83,10,0,10,93
11/25/2003,MSO,MT,ANM,WE,Federal Contract Tower,14,37,14,0,65,0,13,21,0,34,14,50,35,0,99,42,0,42,141
11/26/2003,MSO,MT,ANM,WE,Federal Contract Tower,14,34,12,0,60,0,15,26,0,41,14,49,38,0,101,28,0,28,129
11/27/2003,MSO,MT,ANM,WE,Federal Contract Tower,8,15,4,0,27,6,0,0,0,6,14,15,4,0,33,0,0,0,33
11/28/2003,MSO,MT,ANM,WE,Federal Contract Tower,11,22,9,0,42,0,12,10,0,22,11,34,19,0,64,20,0,20,84
11/29/2003,MSO,MT,ANM,WE,Federal Contract Tower,13,26,9,0,48,2,6,19,0,27,15,32,28,0,75,20,0,20,95
11/30/2003,MSO,MT,ANM,WE,Federal Contract Tower,13,25,10,0,48,1,0,61,0,62,14,25,71,0,110,32,0,32,142
12/01/2003,MSO,MT,ANM,WE,Federal Contract Tower,12,28,10,0,50,2,2,20,0,24,14,30,30,0,74,28,0,28,102
12/02/2003,MSO,MT,ANM,WE,Federal Contract Tower,14,34,12,0,60,0,6,1,0,7,14,40,13,0,67,18,0,18,85
12/03/2003,MSO,MT,ANM,WE,Federal Contract Tower,9,33,11,0,53,0,15,14,0,29,9,48,25,0,82,36,0,36,118
12/04/2003,MSO,MT,ANM,WE,Federal Contract Tower,12,32,11,0,55,0,8,55,0,63,12,40,66,0,118,48,0,48,166
12/05/2003,MSO,MT,ANM,WE,Federal Contract Tower,12,32,11,0,55,0,1,22,2,25,12,33,33,2,80,44,0,44,124
12/06/2003,MSO,MT,ANM,WE,Federal Contract Tower,10,23,8,0,41,2,1,1,0,4,12,24,9,0,45,8,0,8,53
12/07/2003,MSO,MT,ANM,WE,Federal Contract Tower,8,21,7,0,36,4,2,20,2,28,12,23,27,2,64,22,0,22,86
12/08/2003,MSO,MT,ANM,WE,Federal Contract Tower,12,33,12,0,57,0,10,9,0,19,12,43,21,0,76,4,0,4,80
12/09/2003,MSO,MT,ANM,WE,Federal Contract Tower,12,33,12,0,57,0,14,25,0,39,12,47,37,0,96,14,0,14,110
12/10/2003,MSO,MT,ANM,WE,Federal Contract Tower,12,33,12,0,57,0,2,7,0,9,12,35,19,0,66,0,0,0,66
12/11/2003,MSO,MT,ANM,WE,Federal Contract Tower,12,33,12,0,57,0,6,23,0,29,12,39,35,0,86,4,0,4,90
12/12/2003,MSO,MT,ANM,WE,Federal Contract Tower,12,37,13,0,62,0,3,8,0,11,12,40,21,0,73,26,0,26,99
12/13/2003,MSO,MT,ANM,WE,Federal Contract Tower,10,22,7,0,39,4,0,0,0,4,14,22,7,0,43,2,0,2,45
12/14/2003,MSO,MT,ANM,WE,Federal Contract Tower,9,19,7,0,35,3,4,4,0,11,12,23,11,0,46,4,0,4,50
12/15/2003,MSO,MT,ANM,WE,Federal Contract Tower,10,23,8,0,41,0,11,16,0,27,10,34,24,0,68,18,0,18,86
12/16/2003,MSO,MT,ANM,WE,Federal Contract Tower,11,36,13,0,60,0,16,38,0,54,11,52,51,0,114,26,0,26,140
12/17/2003,MSO,MT,ANM,WE,Federal Contract Tower,13,36,12,0,61,0,23,48,0,71,13,59,60,0,132,46,0,46,178
12/18/2003,MSO,MT,ANM,WE,Federal Contract Tower,14,31,10,0,55,0,15,69,0,84,14,46,79,0,139,38,0,38,177
12/19/2003,MSO,MT,ANM,WE,Federal Contract Tower,18,59,19,0,96,0,0,65,0,65,18,59,84,0,161,40,0,40,201
12/20/2003,MSO,MT,ANM,WE,Federal Contract Tower,16,33,11,0,60,1,0,9,0,10,17,33,20,0,70,0,0,0,70
12/21/2003,MSO,MT,ANM,WE,Federal Contract Tower,10,21,7,0,38,8,0,7,0,15,18,21,14,0,53,12,0,12,65
12/22/2003,MSO,MT,ANM,WE,Federal Contract Tower,15,32,9,0,56,2,0,0,0,2,17,32,9,0,58,0,0,0,58
12/23/2003,MSO,MT,ANM,WE,Federal Contract Tower,18,45,14,0,77,0,7,6,2,15,18,52,20,2,92,0,2,2,94
12/24/2003,MSO,MT,ANM,WE,Federal Contract Tower,14,36,10,0,60,0,7,0,0,7,14,43,10,0,67,0,0,0,67
12/25/2003,MSO,MT,ANM,WE,Federal Contract Tower,8,18,2,0,28,5,0,0,0,5,13,18,2,0,33,0,0,0,33
12/26/2003,MSO,MT,ANM,WE,Federal Contract Tower,12,28,3,0,43,6,0,0,0,6,18,28,3,0,49,0,0,0,49
12/27/2003,MSO,MT,ANM,WE,Federal Contract Tower,13,27,8,0,48,5,10,19,0,34,18,37,27,0,82,32,0,32,114
12/28/2003,MSO,MT,ANM,WE,Federal Contract Tower,11,23,7,0,41,6,3,0,0,9,17,26,7,0,50,0,0,0,50
12/29/2003,MSO,MT,ANM,WE,Federal Contract Tower,10,23,4,0,37,6,0,0,0,6,16,23,4,0,43,0,0,0,43
12/30/2003,MSO,MT,ANM,WE,Federal Contract Tower,17,38,12,0,67,0,6,17,0,23,17,44,29,0,90,12,0,12,102
12/31/2003,MSO,MT,ANM,WE,Federal Contract Tower,12,33,10,0,55,0,13,2,0,15,12,46,12,0,70,2,0,2,72
01/01/2004,MSO,MT,ANM,WE,Federal Contract Tower,4,14,0,0,18,6,0,0,0,6,10,14,0,0,24,0,0,0,24
01/02/2004,MSO,MT,ANM,WE,Federal Contract Tower,8,35,4,0,47,10,0,0,0,10,18,35,4,0,57,2,0,2,59
01/03/2004,MSO,MT,ANM,WE,Federal Contract Tower,7,26,8,0,41,9,0,4,0,13,16,26,12,0,54,8,0,8,62
01/04/2004,MSO,MT,ANM,WE,Federal Contract Tower,6,21,7,0,34,6,0,10,0,16,12,21,17,0,50,10,0,10,60
01/05/2004,MSO,MT,ANM,WE,Federal Contract Tower,5,27,7,0,39,8,3,6,0,17,13,30,13,0,56,8,0,8,64
01/06/2004,MSO,MT,ANM,WE,Federal Contract Tower,8,28,8,0,44,1,7,2,0,10,9,35,10,0,54,4,0,4,58
01/07/2004,MSO,MT,ANM,WE,Federal Contract Tower,2,37,9,0,48,0,4,11,0,15,2,41,20,0,63,16,0,16,79
01/08/2004,MSO,MT,ANM,WE,Federal Contract Tower,4,28,8,0,40,0,12,8,0,20,4,40,16,0,60,12,0,12,72
01/09/2004,MSO,MT,ANM,WE,Federal Contract Tower,4,30,8,0,42,0,9,22,2,33,4,39,30,2,75,6,0,6,81
01/10/2004,MSO,MT,ANM,WE,Federal Contract Tower,6,26,3,0,35,0,6,0,0,6,6,32,3,0,41,0,0,0,41
01/11/2004,MSO,MT,ANM,WE,Federal Contract Tower,2,5,1,0,8,3,0,0,0,3,5,5,1,0,11,0,0,0,11
01/12/2004,MSO,MT,ANM,WE,Federal Contract Tower,4,11,3,0,18,0,3,0,0,3,4,14,3,0,21,0,0,0,21
01/13/2004,MSO,MT,ANM,WE,Federal Contract Tower,7,39,10,0,56,0,0,27,0,27,7,39,37,0,83,50,0,50,133
01/14/2004,MSO,MT,ANM,WE,Federal Contract Tower,6,30,7,0,43,0,4,13,0,17,6,34,20,0,60,42,0,42,102
01/15/2004,MSO,MT,ANM,WE,Federal Contract Tower,6,30,7,0,43,0,3,1,0,4,6,33,8,0,47,0,0,0,47
01/16/2004,MSO,MT,ANM,WE,Federal Contract Tower,8,32,10,0,50,0,0,33,0,33,8,32,43,0,83,16,0,16,99
01/17/2004,MSO,MT,ANM,WE,Federal Contract Tower,3,14,3,0,20,0,0,0,0,0,3,14,3,0,20,0,0,0,20
01/18/2004,MSO,MT,ANM,WE,Federal Contract Tower,6,23,5,0,34,3,5,5,0,13,9,28,10,0,47,18,0,18,65
01/19/2004,MSO,MT,ANM,WE,Federal Contract Tower,8,29,6,0,43,0,10,13,0,23,8,39,19,0,66,20,0,20,86
01/20/2004,MSO,MT,ANM,WE,Federal Contract Tower,7,31,7,0,45,0,11,16,0,27,7,42,23,0,72,0,0,0,72
01/21/2004,MSO,MT,ANM,WE,Federal Contract Tower,7,33,7,0,47,0,9,13,0,22,7,42,20,0,69,30,0,30,99
01/22/2004,MSO,MT,ANM,WE,Federal Contract Tower,8,31,7,0,46,0,7,35,0,42,8,38,42,0,88,28,0,28,116
01/23/2004,MSO,MT,ANM,WE,Federal Contract Tower,8,31,5,0,44,0,3,0,0,3,8,34,5,0,47,0,0,0,47
01/24/2004,MSO,MT,ANM,WE,Federal Contract Tower,6,20,4,0,30,0,4,1,0,5,6,24,5,0,35,0,0,0,35
01/25/2004,MSO,MT,ANM,WE,Federal Contract Tower,6,22,4,0,32,2,5,0,0,7,8,27,4,0,39,0,0,0,39
01/26/2004,MSO,MT,ANM,WE,Federal Contract Tower,8,29,7,0,44,0,8,4,0,12,8,37,11,0,56,30,0,30,86
01/27/2004,MSO,MT,ANM,WE,Federal Contract Tower,8,30,6,0,44,0,15,10,0,25,8,45,16,0,69,0,0,0,69
01/28/2004,MSO,MT,ANM,WE,Federal Contract Tower,8,43,9,0,60,0,2,9,2,13,8,45,18,2,73,14,0,14,87
01/29/2004,MSO,MT,ANM,WE,Federal Contract Tower,8,32,7,0,47,0,6,0,0,6,8,38,7,0,53,14,0,14,67
01/30/2004,MSO,MT,ANM,WE,Federal Contract Tower,8,25,5,0,38,0,0,0,4,4,8,25,5,4,42,0,0,0,42
01/31/2004,MSO,MT,ANM,WE,Federal Contract Tower,7,26,5,0,38,1,7,1,4,13,8,33,6,4,51,0,0,0,51
02/01/2004,MSO,MT,ANM,WE,Federal Contract Tower,6,23,6,0,35,4,5,4,0,13,10,28,10,0,48,4,0,4,52
02/02/2004,MSO,MT,ANM,WE,Federal Contract Tower,7,27,7,0,41,1,11,56,0,68,8,38,63,0,109,18,0,18,127
02/03/2004,MSO,MT,ANM,WE,Federal Contract Tower,8,38,10,0,56,0,12,49,0,61,8,50,59,0,117,38,0,38,155
02/04/2004,MSO,MT,ANM,WE,Federal Contract Tower,9,35,9,0,53,1,13,11,0,25,10,48,20,0,78,30,0,30,108
02/05/2004,MSO,MT,ANM,WE,Federal Contract Tower,8,37,10,0,55,0,10,20,0,30,8,47,30,0,85,20,0,20,105
02/06/2004,MSO,MT,ANM,WE,Federal Contract Tower,8,29,8,0,45,1,21,17,2,41,9,50,25,2,86,44,0,44,130
02/07/2004,MSO,MT,ANM,WE,Federal Contract Tower,8,27,8,0,43,0,1,5,0,6,8,28,13,0,49,38,0,38,87
02/08/2004,MSO,MT,ANM,WE,Federal Contract Tower,8,25,7,0,40,0,0,3,2,5,8,25,10,2,45,2,0,2,47
02/09/2004,MSO,MT,ANM,WE,Federal Contract Tower,8,28,8,0,44,0,18,7,0,25,8,46,15,0,69,14,0,14,83
02/10/2004,MSO,MT,ANM,WE,Federal Contract Tower,8,33,9,0,50,0,15,12,0,27,8,48,21,0,77,42,0,42,119
02/11/2004,MSO,MT,ANM,WE,Federal Contract Tower,8,34,9,0,51,0,13,46,0,59,8,47,55,0,110,102,0,102,212
02/12/2004,MSO,MT,ANM,WE,Federal Contract Tower,8,28,7,0,43,1,14,36,0,51,9,42,43,0,94,76,0,76,170
02/13/2004,MSO,MT,ANM,WE,Federal Contract Tower,9,32,8,0,49,0,15,45,0,60,9,47,53,0,109,56,0,56,165
02/14/2004,MSO,MT,ANM,WE,Federal Contract Tower,10,28,8,0,46,0,0,26,0,26,10,28,34,0,72,14,0,14,86
02/15/2004,MSO,MT,ANM,WE,Federal Contract Tower,6,20,5,1,32,3,10,15,3,31,9,30,20,4,63,32,2,34,97
02/16/2004,MSO,MT,ANM,WE,Federal Contract Tower,9,32,8,0,49,0,14,58,0,72,9,46,66,0,121,38,0,38,159
02/17/2004,MSO,MT,ANM,WE,Federal Contract Tower,9,39,10,0,58,0,6,6,0,12,9,45,16,0,70,26,0,26,96
02/18/2004,MSO,MT,ANM,WE,Federal Contract Tower,7,34,8,0,49,0,14,0,0,14,7,48,8,0,63,0,0,0,63
02/19/2004,MSO,MT,ANM,WE,Federal Contract Tower,9,37,9,0,55,0,10,38,0,48,9,47,47,0,103,40,0,40,143
02/20/2004,MSO,MT,ANM,WE,Federal Contract Tower,9,36,9,0,54,0,4,52,0,56,9,40,61,0,110,18,0,18,128
02/21/2004,MSO,MT,ANM,WE,Federal Contract Tower,7,25,6,0,38,3,15,81,0,99,10,40,87,0,137,54,0,54,191
02/22/2004,MSO,MT,ANM,WE,Federal Contract Tower,6,21,5,0,32,3,12,69,0,84,9,33,74,0,116,36,0,36,152
02/23/2004,MSO,MT,ANM,WE,Federal Contract Tower,9,29,7,0,45,1,1,40,0,42,10,30,47,0,87,48,0,48,135
02/24/2004,MSO,MT,ANM,WE,Federal Contract Tower,9,32,8,0,49,0,10,32,0,42,9,42,40,0,91,64,0,64,155
02/25/2004,MSO,MT,ANM,WE,Federal Contract Tower,9,38,10,0,57,0,22,29,0,51,9,60,39,0,108,34,0,34,142
02/26/2004,MSO,MT,ANM,WE,Federal Contract Tower,9,36,9,0,54,0,4,43,0,47,9,40,52,0,101,48,0,48,149
02/27/2004,MSO,MT,ANM,WE,Federal Contract Tower,9,36,9,0,54,0,3,61,2,66,9,39,70,2,120,28,0,28,148
02/28/2004,MSO,MT,ANM,WE,Federal Contract Tower,8,26,6,0,40,2,7,32,0,41,10,33,38,0,81,38,0,38,119
02/29/2004,MSO,MT,ANM,WE,Federal Contract Tower,8,25,6,0,39,1,0,32,4,37,9,25,38,4,76,16,6,22,98
03/01/2004,MSO,MT,ANM,WE,Federal Contract Tower,8,28,9,0,45,1,14,35,0,50,9,42,44,0,95,8,0,8,103
03/02/2004,MSO,MT,ANM,WE,Federal Contract Tower,9,37,12,0,58,0,6,6,0,12,9,43,18,0,70,10,0,10,80
03/03/2004,MSO,MT,ANM,WE,Federal Contract Tower,9,39,11,0,59,0,12,33,0,45,9,51,44,0,104,44,0,44,148
03/04/2004,MSO,MT,ANM,WE,Federal Contract Tower,9,34,10,0,53,0,10,10,14,34,9,44,20,14,87,28,0,28,115
03/05/2004,MSO,MT,ANM,WE,Federal Contract Tower,7,30,9,0,46,0,4,41,0,45,7,34,50,0,91,36,0,36,127
03/06/2004,MSO,MT,ANM,WE,Federal Contract Tower,8,29,9,0,46,2,19,12,0,33,10,48,21,0,79,0,0,0,79
03/07/2004,MSO,MT,ANM,WE,Federal Contract Tower,8,30,9,0,47,0,10,26,0,36,8,40,35,0,83,28,0,28,111
03/08/2004,MSO,MT,ANM,WE,Federal Contract Tower,10,37,12,0,59,0,9,49,0,58,10,46,61,0,117,2,0,2,119
03/09/2004,MSO,MT,ANM,WE,Federal Contract Tower,9,38,11,0,58,0,13,31,2,46,9,51,42,2,104,52,18,70,174
03/10/2004,MSO,MT,ANM,WE,Federal Contract Tower,9,34,10,0,53,0,18,77,0,95,9,52,87,0,148,62,0,62,210
03/11/2004,MSO,MT,ANM,WE,Federal Contract Tower,9,43,13,0,65,0,0,81,0,81,9,43,94,0,146,68,0,68,214
03/12/2004,MSO,MT,ANM,WE,Federal Contract Tower,9,41,13,0,63,0,11,47,2,60,9,52,60,2,123,24,0,24,147
03/13/2004,MSO,MT,ANM,WE,Federal Contract Tower,8,26,8,0,42,2,19,130,0,151,10,45,138,0,193,108,0,108,301
03/14/2004,MSO,MT,ANM,WE,Federal Contract Tower,8,30,8,0,46,2,5,22,2,31,10,35,30,2,77,64,0,64,141
03/15/2004,MSO,MT,ANM,WE,Federal Contract Tower,9,35,9,0,53,0,14,31,0,45,9,49,40,0,98,24,0,24,122
03/16/2004,MSO,MT,ANM,WE,Federal Contract Tower,9,37,10,0,56,0,14,10,0,24,9,51,20,0,80,30,0,30,110
03/17/2004,MSO,MT,ANM,WE,Federal Contract Tower,9,42,12,0,63,0,8,11,0,19,9,50,23,0,82,32,0,32,114
03/18/2004,MSO,MT,ANM,WE,Federal Contract Tower,10,40,11,0,61,3,9,21,0,33,13,49,32,0,94,0,0,0,94
03/19/2004,MSO,MT,ANM,WE,Federal Contract Tower,9,37,10,0,56,0,11,22,0,33,9,48,32,0,89,16,0,16,105
03/20/2004,MSO,MT,ANM,WE,Federal Contract Tower,8,32,8,0,48,2,28,93,0,123,10,60,101,0,171,60,0,60,231
03/21/2004,MSO,MT,ANM,WE,Federal Contract Tower,7,27,7,0,41,4,21,88,0,113,11,48,95,0,154,84,0,84,238
03/22/2004,MSO,MT,ANM,WE,Federal Contract Tower,9,35,10,0,54,0,18,46,0,64,9,53,56,0,118,30,0,30,148
03/23/2004,MSO,MT,ANM,WE,Federal Contract Tower,9,41,12,0,62,0,10,52,0,62,9,51,64,0,124,42,0,42,166
03/24/2004,MSO,MT,ANM,WE,Federal Contract Tower,7,36,11,0,54,0,14,39,0,53,7,50,50,0,107,28,0,28,135
03/25/2004,MSO,MT,ANM,WE,Federal Contract Tower,11,44,12,0,67,0,18,58,6,82,11,62,70,6,149,58,0,58,207
03/26/2004,MSO,MT,ANM,WE,Federal Contract Tower,9,38,12,0,59,0,18,29,0,47,9,56,41,0,106,36,0,36,142
03/27/2004,MSO,MT,ANM,WE,Federal Contract Tower,9,37,11,0,57,1,15,7,0,23,10,52,18,0,80,28,0,28,108
03/28/2004,MSO,MT,ANM,WE,Federal Contract Tower,7,29,9,0,45,1,11,85,0,97,8,40,94,0,142,62,0,62,204
03/29/2004,MSO,MT,ANM,WE,Federal Contract Tower,8,33,9,0,50,1,6,75,0,82,9,39,84,0,132,96,0,96,228
03/30/2004,MSO,MT,ANM,WE,Federal Contract Tower,8,36,10,0,54,0,13,75,0,88,8,49,85,0,142,102,0,102,244
03/31/2004,MSO,MT,ANM,WE,Federal Contract Tower,8,35,10,0,53,0,17,44,0,61,8,52,54,0,114,86,0,86,200
04/01/2004,MSO,MT,ANM,WE,Federal Contract Tower,10,34,12,0,56,0,8,0,2,10,10,42,12,2,66,4,0,4,70
04/02/2004,MSO,MT,ANM,WE,Federal Contract Tower,8,36,12,0,56,0,17,36,4,57,8,53,48,4,113,22,0,22,135
04/03/2004,MSO,MT,ANM,WE,Federal Contract Tower,9,30,11,0,50,0,21,69,1,91,9,51,80,1,141,50,0,50,191
04/04/2004,MSO,MT,ANM,WE,Federal Contract Tower,9,30,11,0,50,3,2,69,2,76,12,32,80,2,126,80,0,80,206
04/05/2004,MSO,MT,ANM,WE,Federal Contract Tower,10,33,11,0,54,0,15,55,0,70,10,48,66,0,124,30,0,30,154
04/06/2004,MSO,MT,ANM,WE,Federal Contract Tower,10,39,14,0,63,0,21,68,0,89,10,60,82,0,152,48,0,48,200
04/07/2004,MSO,MT,ANM,WE,Federal Contract Tower,9,39,14,0,62,0,8,78,0,86,9,47,92,0,148,98,0,98,246
04/08/2004,MSO,MT,ANM,WE,Federal Contract Tower,11,39,14,0,64,0,17,39,0,56,11,56,53,0,120,8,0,8,128
04/09/2004,MSO,MT,ANM,WE,Federal Contract Tower,10,41,15,0,66,0,27,51,0,78,10,68,66,0,144,52,0,52,196
04/10/2004,MSO,MT,ANM,WE,Federal Contract Tower,9,31,11,0,51,0,11,104,0,115,9,42,115,0,166,68,0,68,234
04/11/2004,MSO,MT,ANM,WE,Federal Contract Tower,10,33,11,0,54,0,7,89,0,96,10,40,100,0,150,36,0,36,186
04/12/2004,MSO,MT,ANM,WE,Federal Contract Tower,11,37,13,0,61,0,7,96,0,103,11,44,109,0,164,100,0,100,264
04/13/2004,MSO,MT,ANM,WE,Federal Contract Tower,8,34,12,0,54,0,8,73,0,81,8,42,85,0,135,78,0,78,213
04/14/2004,MSO,MT,ANM,WE,Federal Contract Tower,10,36,13,0,59,0,22,74,0,96,10,58,87,0,155,110,0,110,265
04/15/2004,MSO,MT,ANM,WE,Federal Contract Tower,10,41,15,1,67,0,19,42,1,62,10,60,57,2,129,78,0,78,207
04/16/2004,MSO,MT,ANM,WE,Federal Contract Tower,10,36,12,1,59,0,30,52,2,84,10,66,64,3,143,60,0,60,203
04/17/2004,MSO,MT,ANM,WE,Federal Contract Tower,8,29,9,1,47,1,26,57,0,84,9,55,66,1,131,46,0,46,177
04/18/2004,MSO,MT,ANM,WE,Federal Contract Tower,7,27,8,1,43,3,23,41,7,74,10,50,49,8,117,36,2,38,155
04/19/2004,MSO,MT,ANM,WE,Federal Contract Tower,9,33,10,1,53,1,7,34,1,43,10,40,44,2,96,34,0,34,130
04/20/2004,MSO,MT,ANM,WE,Federal Contract Tower,8,32,10,0,50,2,18,13,0,33,10,50,23,0,83,48,0,48,131
04/21/2004,MSO,MT,ANM,WE,Federal Contract Tower,10,40,13,0,63,0,18,49,0,67,10,58,62,0,130,156,0,156,286
04/22/2004,MSO,MT,ANM,WE,Federal Contract Tower,10,40,13,0,63,0,20,88,0,108,10,60,101,0,171,64,0,64,235
04/23/2004,MSO,MT,ANM,WE,Federal Contract Tower,9,36,12,1,58,1,8,64,1,74,10,44,76,2,132,64,0,64,196
04/24/2004,MSO,MT,ANM,WE,Federal Contract Tower,8,31,10,0,49,2,8,68,0,78,10,39,78,0,127,88,0,88,215
04/25/2004,MSO,MT,ANM,WE,Federal Contract Tower,10,33,12,0,55,1,0,125,0,126,11,33,137,0,181,108,0,108,289
04/26/2004,MSO,MT,ANM,WE,Federal Contract Tower,10,40,13,1,64,0,15,96,3,114,10,55,109,4,178,92,0,92,270
04/27/2004,MSO,MT,ANM,WE,Federal Contract Tower,10,37,11,0,58,0,7,55,0,62,10,44,66,0,120,58,0,58,178
04/28/2004,MSO,MT,ANM,WE,Federal Contract Tower,10,44,15,0,69,0,10,1,0,11,10,54,16,0,80,16,0,16,96
04/29/2004,MSO,MT,ANM,WE,Federal Contract Tower,10,38,13,0,61,0,19,88,0,107,10,57,101,0,168,96,0,96,264
04/30/2004,MSO,MT,ANM,WE,Federal Contract Tower,10,37,12,0,59,0,29,92,0,121,10,66,104,0,180,100,0,100,280
05/01/2004,MSO,MT,ANM,WE,Federal Contract Tower,8,30,11,0,49,1,8,47,2,58,9,38,58,2,107,36,0,36,143
05/02/2004,MSO,MT,ANM,WE,Federal Contract Tower,8,29,11,0,48,2,9,62,2,75,10,38,73,2,123,46,0,46,169
05/03/2004,MSO,MT,ANM,WE,Federal Contract Tower,10,37,14,0,61,1,18,44,0,63,11,55,58,0,124,10,0,10,134
05/04/2004,MSO,MT,ANM,WE,Federal Contract Tower,10,46,17,0,73,0,9,47,0,56,10,55,64,0,129,56,0,56,185
05/05/2004,MSO,MT,ANM,WE,Federal Contract Tower,11,46,17,0,74,0,7,58,0,65,11,53,75,0,139,50,0,50,189
05/06/2004,MSO,MT,ANM,WE,Federal Contract Tower,10,37,14,0,61,0,32,61,0,93,10,69,75,0,154,58,0,58,212
05/07/2004,MSO,MT,ANM,WE,Federal Contract Tower,10,41,15,0,66,0,22,82,0,104,10,63,97,0,170,56,0,56,226
05/08/2004,MSO,MT,ANM,WE,Federal Contract Tower,8,29,10,0,47,1,21,24,0,46,9,50,34,0,93,26,0,26,119
05/09/2004,MSO,MT,ANM,WE,Federal Contract Tower,7,25,10,0,42,3,11,23,0,37,10,36,33,0,79,34,0,34,113
05/10/2004,MSO,MT,ANM,WE,Federal Contract Tower,10,36,13,0,59,0,12,51,4,67,10,48,64,4,126,96,2,98,224
05/11/2004,MSO,MT,ANM,WE,Federal Contract Tower,10,38,11,0,59,0,3,0,0,3,10,41,11,0,62,0,0,0,62
05/12/2004,MSO,MT,ANM,WE,Federal Contract Tower,9,38,14,0,61,0,19,25,0,44,9,57,39,0,105,2,0,2,107
05/13/2004,MSO,MT,ANM,WE,Federal Contract Tower,11,43,15,0,69,0,10,41,2,53,11,53,56,2,122,54,0,54,176
05/14/2004,MSO,MT,ANM,WE,Federal Contract Tower,10,40,15,0,65,0,14,54,2,70,10,54,69,2,135,32,0,32,167
05/15/2004,MSO,MT,ANM,WE,Federal Contract Tower,8,33,10,0,51,2,19,84,0,105,10,52,94,0,156,40,0,40,196
05/16/2004,MSO,MT,ANM,WE,Federal Contract Tower,8,31,10,0,49,2,1,3,0,6,10,32,13,0,55,0,0,0,55
05/17/2004,MSO,MT,ANM,WE,Federal Contract Tower,10,40,13,0,63,0,9,52,0,61,10,49,65,0,124,34,0,34,158
05/18/2004,MSO,MT,ANM,WE,Federal Contract Tower,10,36,13,1,60,0,0,26,2,28,10,36,39,3,88,28,0,28,116
05/19/2004,MSO,MT,ANM,WE,Federal Contract Tower,10,51,17,0,78,0,4,28,0,32,10,55,45,0,110,14,0,14,124
05/20/2004,MSO,MT,ANM,WE,Federal Contract Tower,10,45,15,0,70,0,22,53,0,75,10,67,68,0,145,40,0,40,185
05/21/2004,MSO,MT,ANM,WE,Federal Contract Tower,10,51,17,0,78,0,19,40,0,59,10,70,57,0,137,14,0,14,151
05/22/2004,MSO,MT,ANM,WE,Federal Contract Tower,9,36,12,0,57,0,11,19,0,30,9,47,31,0,87,18,0,18,105
05/23/2004,MSO,MT,ANM,WE,Federal Contract Tower,8,35,12,0,55,2,2,10,0,14,10,37,22,0,69,2,0,2,71
05/24/2004,MSO,MT,ANM,WE,Federal Contract Tower,9,37,12,0,58,1,13,72,0,86,10,50,84,0,144,90,0,90,234
05/25/2004,MSO,MT,ANM,WE,Federal Contract Tower,10,42,15,0,67,0,24,69,0,93,10,66,84,0,160,148,0,148,308
05/26/2004,MSO,MT,ANM,WE,Federal Contract Tower,10,43,16,0,69,0,16,38,0,54,10,59,54,0,123,48,0,48,171
05/27/2004,MSO,MT,ANM,WE,Federal Contract Tower,10,51,18,0,79,0,3,46,2,51,10,54,64,2,130,52,0,52,182
05/28/2004,MSO,MT,ANM,WE,Federal Contract Tower,10,50,18,0,78,0,9,18,0,27,10,59,36,0,105,104,0,104,209
05/29/2004,MSO,MT,ANM,WE,Federal Contract Tower,9,41,15,0,65,0,6,2,0,8,9,47,17,0,73,24,0,24,97
05/30/2004,MSO,MT,ANM,WE,Federal Contract Tower,6,26,10,0,42,3,12,16,0,31,9,38,26,0,73,48,0,48,121
05/31/2004,MSO,MT,ANM,WE,Federal Contract Tower,8,31,11,0,50,2,9,24,1,36,10,40,35,1,86,56,1,57,143
06/01/2004,MSO,MT,ANM,WE,Federal Contract Tower,10,43,16,0,69,0,2,97,8,107,10,45,113,8,176,122,0,122,298
06/02/2004,MSO,MT,ANM,WE,Federal Contract Tower,10,43,16,0,69,0,20,121,0,141,10,63,137,0,210,120,0,120,330
06/03/2004,MSO,MT,ANM,WE,Federal Contract Tower,10,42,16,0,68,0,14,72,0,86,10,56,88,0,154,66,0,66,220
06/04/2004,MSO,MT,ANM,WE,Federal Contract Tower,10,43,16,0,69,0,17,110,0,127,10,60,126,0,196,42,0,42,238
06/05/2004,MSO,MT,ANM,WE,Federal Contract Tower,10,33,12,0,55,1,14,55,0,70,11,47,67,0,125,28,0,28,153
06/06/2004,MSO,MT,ANM,WE,Federal Contract Tower,8,26,9,0,43,2,28,65,0,95,10,54,74,0,138,4,0,4,142
06/07/2004,MSO,MT,ANM,WE,Federal Contract Tower,10,39,15,0,64,0,15,62,0,77,10,54,77,0,141,14,0,14,155
06/08/2004,MSO,MT,ANM,WE,Federal Contract Tower,10,45,17,0,72,0,8,41,0,49,10,53,58,0,121,28,0,28,149
06/09/2004,MSO,MT,ANM,WE,Federal Contract Tower,10,45,17,0,72,0,28,77,0,105,10,73,94,0,177,58,0,58,235
06/10/2004,MSO,MT,ANM,WE,Federal Contract Tower,12,46,17,0,75,0,8,9,0,17,12,54,26,0,92,12,0,12,104
06/11/2004,MSO,MT,ANM,WE,Federal Contract Tower,12,51,18,1,82,0,11,26,2,39,12,62,44,3,121,8,0,8,129
06/12/2004,MSO,MT,ANM,WE,Federal Contract Tower,8,29,11,0,48,4,18,97,0,119,12,47,108,0,167,98,0,98,265
06/13/2004,MSO,MT,ANM,WE,Federal Contract Tower,9,32,12,1,54,4,15,38,2,59,13,47,50,3,113,32,2,34,147
06/14/2004,MSO,MT,ANM,WE,Federal Contract Tower,11,42,15,0,68,1,14,45,0,60,12,56,60,0,128,12,2,14,142
06/15/2004,MSO,MT,ANM,WE,Federal Contract Tower,12,50,17,1,80,0,17,90,1,108,12,67,107,2,188,98,0,98,286
06/16/2004,MSO,MT,ANM,WE,Federal Contract Tower,12,46,16,0,74,0,29,152,0,181,12,75,168,0,255,166,0,166,421
06/17/2004,MSO,MT,ANM,WE,Federal Contract Tower,11,44,15,0,70,1,37,104,0,142,12,81,119,0,212,108,0,108,320
06/18/2004,MSO,MT,ANM,WE,Federal Contract Tower,12,46,16,0,74,0,17,53,0,70,12,63,69,0,144,54,0,54,198
06/19/2004,MSO,MT,ANM,WE,Federal Contract Tower,9,34,11,1,55,3,10,56,1,70,12,44,67,2,125,56,0,56,181
06/20/2004,MSO,MT,ANM,WE,Federal Contract Tower,10,37,12,1,60,2,7,45,1,55,12,44,57,2,115,16,2,18,133
06/21/2004,MSO,MT,ANM,WE,Federal Contract Tower,10,38,12,0,60,2,22,81,0,105,12,60,93,0,165,56,0,56,221
06/22/2004,MSO,MT,ANM,WE,Federal Contract Tower,11,43,15,0,69,1,11,81,0,93,12,54,96,0,162,82,0,82,244
06/23/2004,MSO,MT,ANM,WE,Federal Contract Tower,12,46,16,0,74,0,14,78,0,92,12,60,94,0,166,40,0,40,206
06/24/2004,MSO,MT,ANM,WE,Federal Contract Tower,12,53,18,1,84,0,3,54,3,60,12,56,72,4,144,62,0,62,206
06/25/2004,MSO,MT,ANM,WE,Federal Contract Tower,12,45,16,0,73,0,14,77,4,95,12,59,93,4,168,26,0,26,194
06/26/2004,MSO,MT,ANM,WE,Federal Contract Tower,9,35,12,0,56,3,11,78,0,92,12,46,90,0,148,20,0,20,168
06/27/2004,MSO,MT,ANM,WE,Federal Contract Tower,10,38,13,0,61,5,13,75,0,93,15,51,88,0,154,44,0,44,198
06/28/2004,MSO,MT,ANM,WE,Federal Contract Tower,12,47,17,0,76,0,14,111,0,125,12,61,128,0,201,48,0,48,249
06/29/2004,MSO,MT,ANM,WE,Federal Contract Tower,12,52,19,0,83,0,1,72,0,73,12,53,91,0,156,70,0,70,226
06/30/2004,MSO,MT,ANM,WE,Federal Contract Tower,12,54,19,0,85,0,0,66,0,66,12,54,85,0,151,48,0,48,199
07/01/2004,MSO,MT,ANM,WE,Federal Contract Tower,13,44,19,0,76,1,12,79,0,92,14,56,98,0,168,68,0,68,236
07/02/2004,MSO,MT,ANM,WE,Federal Contract Tower,12,41,17,0,70,0,22,104,0,126,12,63,121,0,196,98,0,98,294
07/03/2004,MSO,MT,ANM,WE,Federal Contract Tower,9,30,13,0,52,3,8,31,0,42,12,38,44,0,94,24,0,24,118
07/04/2004,MSO,MT,ANM,WE,Federal Contract Tower,8,27,12,0,47,3,12,26,0,41,11,39,38,0,88,6,0,6,94
07/05/2004,MSO,MT,ANM,WE,Federal Contract Tower,10,34,14,0,58,2,10,61,0,73,12,44,75,0,131,6,0,6,137
07/06/2004,MSO,MT,ANM,WE,Federal Contract Tower,12,45,18,0,75,0,0,81,0,81,12,45,99,0,156,48,0,48,204
07/07/2004,MSO,MT,ANM,WE,Federal Contract Tower,12,52,22,0,86,0,18,49,0,67,12,70,71,0,153,6,0,6,159
07/08/2004,MSO,MT,ANM,WE,Federal Contract Tower,12,40,17,0,69,0,33,65,0,98,12,73,82,0,167,46,0,46,213
07/09/2004,MSO,MT,ANM,WE,Federal Contract Tower,12,38,16,0,66,2,23,88,4,117,14,61,104,4,183,63,0,63,246
07/10/2004,MSO,MT,ANM,WE,Federal Contract Tower,12,42,17,0,71,0,18,85,0,103,12,60,102,0,174,56,0,56,230
07/11/2004,MSO,MT,ANM,WE,Federal Contract Tower,10,32,14,0,56,2,25,107,2,136,12,57,121,2,192,28,0,28,220
07/12/2004,MSO,MT,ANM,WE,Federal Contract Tower,15,51,21,0,87,1,0,94,0,95,16,51,115,0,182,62,0,62,244
07/13/2004,MSO,MT,ANM,WE,Federal Contract Tower,12,46,18,0,76,0,14,65,0,79,12,60,83,0,155,48,0,48,203
07/14/2004,MSO,MT,ANM,WE,Federal Contract Tower,12,46,18,0,76,0,16,84,0,100,12,62,102,0,176,64,0,64,240
07/15/2004,MSO,MT,ANM,WE,Federal Contract Tower,12,50,19,0,81,0,17,104,0,121,12,67,123,0,202,32,0,32,234
07/16/2004,MSO,MT,ANM,WE,Federal Contract Tower,12,43,16,0,71,2,18,83,0,103,14,61,99,0,174,30,0,30,204
07/17/2004,MSO,MT,ANM,WE,Federal Contract Tower,10,36,13,0,59,4,19,54,0,77,14,55,67,0,136,38,0,38,174
07/18/2004,MSO,MT,ANM,WE,Federal Contract Tower,13,46,17,0,76,1,8,91,0,100,14,54,108,0,176,28,0,28,204
07/19/2004,MSO,MT,ANM,WE,Federal Contract Tower,11,39,15,0,65,1,17,45,0,63,12,56,60,0,128,26,0,26,154
07/20/2004,MSO,MT,ANM,WE,Federal Contract Tower,10,38,15,0,63,2,11,61,0,74,12,49,76,0,137,14,0,14,151
07/21/2004,MSO,MT,ANM,WE,Federal Contract Tower,12,56,23,0,91,0,8,99,0,107,12,64,122,0,198,42,0,42,240
07/22/2004,MSO,MT,ANM,WE,Federal Contract Tower,14,59,24,0,97,0,0,118,2,120,14,59,142,2,217,80,14,94,311
07/23/2004,MSO,MT,ANM,WE,Federal Contract Tower,14,52,21,0,87,1,37,177,0,215,15,89,198,0,302,40,0,40,342
07/24/2004,MSO,MT,ANM,WE,Federal Contract Tower,12,56,23,0,91,0,7,152,0,159,12,63,175,0,250,58,0,58,308
07/25/2004,MSO,MT,ANM,WE,Federal Contract Tower,10,38,16,0,64,15,2,49,0,66,25,40,65,0,130,34,0,34,164
07/26/2004,MSO,MT,ANM,WE,Federal Contract Tower,10,37,15,0,62,2,7,92,0,101,12,44,107,0,163,28,0,28,191
07/27/2004,MSO,MT,ANM,WE,Federal Contract Tower,12,47,19,0,78,0,8,73,0,81,12,55,92,0,159,82,0,82,241
07/28/2004,MSO,MT,ANM,WE,Federal Contract Tower,11,41,17,0,69,1,12,82,0,95,12,53,99,0,164,74,0,74,238
07/29/2004,MSO,MT,ANM,WE,Federal Contract Tower,12,55,22,0,89,0,1,95,2,98,12,56,117,2,187,88,0,88,275
07/30/2004,MSO,MT,ANM,WE,Federal Contract Tower,12,43,18,0,73,0,2,102,0,104,12,45,120,0,177,106,0,106,283
07/31/2004,MSO,MT,ANM,WE,Federal Contract Tower,10,35,14,0,59,3,14,84,0,101,13,49,98,0,160,54,0,54,214
08/01/2004,MSO,MT,ANM,WE,Federal Contract Tower,9,28,11,0,48,3,14,104,0,121,12,42,115,0,169,36,0,36,205
08/02/2004,MSO,MT,ANM,WE,Federal Contract Tower,12,38,13,0,63,0,8,101,0,109,12,46,114,0,172,64,0,64,236
08/03/2004,MSO,MT,ANM,WE,Federal Contract Tower,12,40,14,0,66,0,19,62,0,81,12,59,76,0,147,16,0,16,163
08/04/2004,MSO,MT,ANM,WE,Federal Contract Tower,12,48,17,0,77,0,9,110,0,119,12,57,127,0,196,46,0,46,242
08/05/2004,MSO,MT,ANM,WE,Federal Contract Tower,13,42,15,0,70,1,16,132,0,149,14,58,147,0,219,32,0,32,251
08/06/2004,MSO,MT,ANM,WE,Federal Contract Tower,12,42,16,0,70,0,7,162,2,171,12,49,178,2,241,38,0,38,279
08/07/2004,MSO,MT,ANM,WE,Federal Contract Tower,11,34,13,0,58,2,14,55,0,71,13,48,68,0,129,9,0,9,138
08/08/2004,MSO,MT,ANM,WE,Federal Contract Tower,11,34,12,0,57,1,9,90,2,102,12,43,102,2,159,48,0,48,207
08/09/2004,MSO,MT,ANM,WE,Federal Contract Tower,12,39,14,0,65,0,9,74,2,85,12,48,88,2,150,44,10,54,204
08/10/2004,MSO,MT,ANM,WE,Federal Contract Tower,12,45,16,0,73,0,12,68,0,80,12,57,84,0,153,24,0,24,177
08/11/2004,MSO,MT,ANM,WE,Federal Contract Tower,14,45,17,0,76,0,16,97,0,113,14,61,114,0,189,72,0,72,261
08/12/2004,MSO,MT,ANM,WE,Federal Contract Tower,12,51,19,0,82,0,18,100,0,118,12,69,119,0,200,50,0,50,250
08/13/2004,MSO,MT,ANM,WE,Federal Contract Tower,12,41,15,0,68,0,25,88,2,115,12,66,103,2,183,40,0,40,223
08/14/2004,MSO,MT,ANM,WE,Federal Contract Tower,12,38,14,0,64,2,23,101,0,126,14,61,115,0,190,38,0,38,228
08/15/2004,MSO,MT,ANM,WE,Federal Contract Tower,11,34,13,0,58,1,18,85,0,104,12,52,98,0,162,18,0,18,180
08/16/2004,MSO,MT,ANM,WE,Federal Contract Tower,12,40,13,0,65,0,3,73,0,76,12,43,86,0,141,31,0,31,172
08/17/2004,MSO,MT,ANM,WE,Federal Contract Tower,12,42,14,0,68,0,5,91,0,96,12,47,105,0,164,29,0,29,193
08/18/2004,MSO,MT,ANM,WE,Federal Contract Tower,12,45,15,1,73,0,5,48,1,54,12,50,63,2,127,36,18,54,181
08/19/2004,MSO,MT,ANM,WE,Federal Contract Tower,12,41,13,0,66,0,13,90,0,103,12,54,103,0,169,50,0,50,219
08/20/2004,MSO,MT,ANM,WE,Federal Contract Tower,12,49,16,0,77,0,7,85,0,92,12,56,101,0,169,22,0,22,191
08/21/2004,MSO,MT,ANM,WE,Federal Contract Tower,12,41,14,0,67,0,7,95,0,102,12,48,109,0,169,28,0,28,197
08/22/2004,MSO,MT,ANM,WE,Federal Contract Tower,11,37,12,0,60,1,1,39,0,41,12,38,51,0,101,0,0,0,101
08/23/2004,MSO,MT,ANM,WE,Federal Contract Tower,10,37,12,0,59,4,10,44,0,58,14,47,56,0,117,6,0,6,123
08/24/2004,MSO,MT,ANM,WE,Federal Contract Tower,12,43,14,0,69,0,14,35,0,49,12,57,49,0,118,52,0,52,170
08/25/2004,MSO,MT,ANM,WE,Federal Contract Tower,12,52,17,0,81,0,9,46,0,55,12,61,63,0,136,28,0,28,164
08/26/2004,MSO,MT,ANM,WE,Federal Contract Tower,12,42,14,0,68,2,6,14,0,22,14,48,28,0,90,10,0,10,100
08/27/2004,MSO,MT,ANM,WE,Federal Contract Tower,12,42,15,0,69,0,16,40,10,66,12,58,55,10,135,8,0,8,143
08/28/2004,MSO,MT,ANM,WE,Federal Contract Tower,10,36,13,0,59,3,0,41,0,44,13,36,54,0,103,27,0,27,130
08/29/2004,MSO,MT,ANM,WE,Federal Contract Tower,8,28,10,0,46,5,0,64,0,69,13,28,74,0,115,54,2,56,171
08/30/2004,MSO,MT,ANM,WE,Federal Contract Tower,9,32,12,0,53,3,23,77,0,103,12,55,89,0,156,24,0,24,180
08/31/2004,MSO,MT,ANM,WE,Federal Contract Tower,9,46,17,0,72,0,9,71,0,80,9,55,88,0,152,140,0,140,292
09/01/2004,MSO,MT,ANM,WE,Federal Contract Tower,11,44,18,0,73,0,6,85,0,91,11,50,103,0,164,46,0,46,210
09/02/2004,MSO,MT,ANM,WE,Federal Contract Tower,11,46,18,0,75,0,12,54,0,66,11,58,72,0,141,80,0,80,221
09/03/2004,MSO,MT,ANM,WE,Federal Contract Tower,10,51,20,0,81,0,11,63,0,74,10,62,83,0,155,14,0,14,169
09/04/2004,MSO,MT,ANM,WE,Federal Contract Tower,8,28,11,0,47,3,18,38,0,59,11,46,49,0,106,42,0,42,148
09/05/2004,MSO,MT,ANM,WE,Federal Contract Tower,9,31,12,0,52,2,13,28,0,43,11,44,40,0,95,14,0,14,109
09/06/2004,MSO,MT,ANM,WE,Federal Contract Tower,9,31,12,0,52,1,17,78,0,96,10,48,90,0,148,56,0,56,204
09/07/2004,MSO,MT,ANM,WE,Federal Contract Tower,9,35,14,0,58,1,16,57,0,74,10,51,71,0,132,80,0,80,212
09/08/2004,MSO,MT,ANM,WE,Federal Contract Tower,10,46,18,0,74,0,8,82,0,90,10,54,100,0,164,57,0,57,221
09/09/2004,MSO,MT,ANM,WE,Federal Contract Tower,11,41,16,0,68,0,10,57,2,69,11,51,73,2,137,42,20,62,199
09/10/2004,MSO,MT,ANM,WE,Federal Contract Tower,10,41,16,0,67,0,13,74,2,89,10,54,90,2,156,56,0,56,212
09/11/2004,MSO,MT,ANM,WE,Federal Contract Tower,12,45,18,0,75,0,9,41,4,54,12,54,59,4,129,12,4,16,145
09/12/2004,MSO,MT,ANM,WE,Federal Contract Tower,8,35,14,1,58,2,14,32,1,49,10,49,46,2,107,18,0,18,125
09/13/2004,MSO,MT,ANM,WE,Federal Contract Tower,8,34,14,0,56,1,4,23,0,28,9,38,37,0,84,30,0,30,114
09/14/2004,MSO,MT,ANM,WE,Federal Contract Tower,10,46,18,1,75,0,13,41,1,55,10,59,59,2,130,36,30,66,196
09/15/2004,MSO,MT,ANM,WE,Federal Contract Tower,11,45,17,1,74,1,16,32,1,50,12,61,49,2,124,28,12,40,164
09/16/2004,MSO,MT,ANM,WE,Federal Contract Tower,9,39,14,0,62,0,21,56,0,77,9,60,70,0,139,24,0,24,163
09/17/2004,MSO,MT,ANM,WE,Federal Contract Tower,11,46,17,1,75,1,12,27,1,41,12,58,44,2,116,8,10,18,134
09/18/2004,MSO,MT,ANM,WE,Federal Contract Tower,9,40,14,0,63,0,13,11,0,24,9,53,25,0,87,0,0,0,87
09/19/2004,MSO,MT,ANM,WE,Federal Contract Tower,8,33,11,0,52,2,6,15,0,23,10,39,26,0,75,0,0,0,75
09/20/2004,MSO,MT,ANM,WE,Federal Contract Tower,9,37,13,0,59,1,11,31,0,43,10,48,44,0,102,0,0,0,102
09/21/2004,MSO,MT,ANM,WE,Federal Contract Tower,9,38,14,0,61,1,13,32,0,46,10,51,46,0,107,36,0,36,143
09/22/2004,MSO,MT,ANM,WE,Federal Contract Tower,10,50,18,0,78,0,7,57,0,64,10,57,75,0,142,102,0,102,244
09/23/2004,MSO,MT,ANM,WE,Federal Contract Tower,10,47,17,0,74,0,1,22,0,23,10,48,39,0,97,0,0,0,97
09/24/2004,MSO,MT,ANM,WE,Federal Contract Tower,10,42,15,0,67,0,16,71,0,87,10,58,86,0,154,42,0,42,196
09/25/2004,MSO,MT,ANM,WE,Federal Contract Tower,9,38,14,0,61,1,0,71,0,72,10,38,85,0,133,25,0,25,158
09/26/2004,MSO,MT,ANM,WE,Federal Contract Tower,9,36,13,1,59,3,8,60,1,72,12,44,73,2,131,40,0,40,171
09/27/2004,MSO,MT,ANM,WE,Federal Contract Tower,9,38,14,0,61,1,9,64,2,76,10,47,78,2,137,80,0,80,217
09/28/2004,MSO,MT,ANM,WE,Federal Contract Tower,10,39,15,0,64,0,12,63,0,75,10,51,78,0,139,12,0,12,151
09/29/2004,MSO,MT,ANM,WE,Federal Contract Tower,10,49,19,0,78,0,3,83,1,87,10,52,102,1,165,84,0,84,249
09/30/2004,MSO,MT,ANM,WE,Federal Contract Tower,10,49,19,0,78,0,12,59,0,71,10,61,78,0,149,74,0,74,223
10/01/2004,MSO,MT,ANM,WE,Federal Contract Tower,10,41,28,2,81,0,15,66,2,83,10,56,94,4,164,64,0,64,228
10/02/2004,MSO,MT,ANM,WE,Federal Contract Tower,9,37,8,0,54,0,25,137,0,162,9,62,145,0,216,38,0,38,254
10/03/2004,MSO,MT,ANM,WE,Federal Contract Tower,10,29,19,0,58,0,0,54,0,54,10,29,73,0,112,58,0,58,170
10/04/2004,MSO,MT,ANM,WE,Federal Contract Tower,12,35,14,2,63,0,4,44,0,48,12,39,58,2,111,28,0,28,139
10/05/2004,MSO,MT,ANM,WE,Federal Contract Tower,10,40,13,1,64,0,8,56,0,64,10,48,69,1,128,22,0,22,150
10/06/2004,MSO,MT,ANM,WE,Federal Contract Tower,10,42,19,1,72,0,8,51,0,59,10,50,70,1,131,68,0,68,199
10/07/2004,MSO,MT,ANM,WE,Federal Contract Tower,12,43,32,0,87,0,10,50,0,60,12,53,82,0,147,46,0,46,193
10/08/2004,MSO,MT,ANM,WE,Federal Contract Tower,10,39,14,0,63,0,12,107,0,119,10,51,121,0,182,40,0,40,222
10/09/2004,MSO,MT,ANM,WE,Federal Contract Tower,9,36,13,0,58,0,2,24,0,26,9,38,37,0,84,16,0,16,100
10/10/2004,MSO,MT,ANM,WE,Federal Contract Tower,10,30,12,0,52,0,14,39,0,53,10,44,51,0,105,10,0,10,115
10/11/2004,MSO,MT,ANM,WE,Federal Contract Tower,10,33,7,0,50,0,0,60,0,60,10,33,67,0,110,54,0,54,164
10/12/2004,MSO,MT,ANM,WE,Federal Contract Tower,10,36,17,0,63,0,15,38,0,53,10,51,55,0,116,42,0,42,158
10/13/2004,MSO,MT,ANM,WE,Federal Contract Tower,10,38,24,0,72,0,4,60,0,64,10,42,84,0,136,30,0,30,166
10/14/2004,MSO,MT,ANM,WE,Federal Contract Tower,10,39,18,0,67,0,8,80,0,88,10,47,98,0,155,60,0,60,215
10/15/2004,MSO,MT,ANM,WE,Federal Contract Tower,10,47,17,0,74,0,10,36,2,48,10,57,53,2,122,28,0,28,150
10/16/2004,MSO,MT,ANM,WE,Federal Contract Tower,7,30,3,0,40,0,2,12,0,14,7,32,15,0,54,14,0,14,68
10/17/2004,MSO,MT,ANM,WE,Federal Contract Tower,12,31,6,0,49,0,10,1,0,11,12,41,7,0,60,0,0,0,60
10/18/2004,MSO,MT,ANM,WE,Federal Contract Tower,10,33,8,0,51,0,5,11,0,16,10,38,19,0,67,16,0,16,83
10/19/2004,MSO,MT,ANM,WE,Federal Contract Tower,10,46,13,0,69,0,16,50,0,66,10,62,63,0,135,74,0,74,209
10/20/2004,MSO,MT,ANM,WE,Federal Contract Tower,10,42,10,2,64,0,8,27,0,35,10,50,37,2,99,52,14,66,165
10/21/2004,MSO,MT,ANM,WE,Federal Contract Tower,10,37,14,0,61,0,15,34,0,49,10,52,48,0,110,18,0,18,128
10/22/2004,MSO,MT,ANM,WE,Federal Contract Tower,9,44,5,0,58,0,10,23,0,33,9,54,28,0,91,46,0,46,137
10/23/2004,MSO,MT,ANM,WE,Federal Contract Tower,9,41,1,3,54,0,11,21,1,33,9,52,22,4,87,16,0,16,103
10/24/2004,MSO,MT,ANM,WE,Federal Contract Tower,10,33,7,0,50,0,13,11,0,24,10,46,18,0,74,12,0,12,86
10/25/2004,MSO,MT,ANM,WE,Federal Contract Tower,10,41,12,0,63,0,16,43,0,59,10,57,55,0,122,16,0,16,138
10/26/2004,MSO,MT,ANM,WE,Federal Contract Tower,10,43,14,0,67,0,6,68,0,74,10,49,82,0,141,38,0,38,179
10/27/2004,MSO,MT,ANM,WE,Federal Contract Tower,11,41,8,0,60,0,0,21,0,21,11,41,29,0,81,40,0,40,121
10/28/2004,MSO,MT,ANM,WE,Federal Contract Tower,10,30,10,0,50,0,18,18,0,36,10,48,28,0,86,36,0,36,122
10/29/2004,MSO,MT,ANM,WE,Federal Contract Tower,12,44,18,0,74,0,11,24,2,37,12,55,42,2,111,26,0,26,137
10/30/2004,MSO,MT,ANM,WE,Federal Contract Tower,10,35,13,0,58,0,9,8,0,17,10,44,21,0,75,8,0,8,83
10/31/2004,MSO,MT,ANM,WE,Federal Contract Tower,10,26,5,0,41,0,9,11,0,20,10,35,16,0,61,18,0,18,79
11/01/2004,MSO,MT,ANM,WE,Federal Contract Tower,9,26,14,0,49,0,5,42,0,47,9,31,56,0,96,16,0,16,112
11/02/2004,MSO,MT,ANM,WE,Federal Contract Tower,9,42,14,0,65,0,19,25,0,44,9,61,39,0,109,40,0,40,149
11/03/2004,MSO,MT,ANM,WE,Federal Contract Tower,9,43,17,0,69,0,5,14,0,19,9,48,31,0,88,22,0,22,110
11/04/2004,MSO,MT,ANM,WE,Federal Contract Tower,9,40,19,0,68,0,13,61,0,74,9,53,80,0,142,72,0,72,214
11/05/2004,MSO,MT,ANM,WE,Federal Contract Tower,11,40,23,2,76,0,8,48,0,56,11,48,71,2,132,52,0,52,184
11/06/2004,MSO,MT,ANM,WE,Federal Contract Tower,11,30,8,0,49,0,8,43,0,51,11,38,51,0,100,40,0,40,140
11/07/2004,MSO,MT,ANM,WE,Federal Contract Tower,7,25,17,2,51,0,9,41,0,50,7,34,58,2,101,62,0,62,163
11/08/2004,MSO,MT,ANM,WE,Federal Contract Tower,9,36,8,0,53,0,12,34,0,46,9,48,42,0,99,44,0,44,143
11/09/2004,MSO,MT,ANM,WE,Federal Contract Tower,9,44,24,0,77,0,15,32,0,47,9,59,56,0,124,82,0,82,206
11/10/2004,MSO,MT,ANM,WE,Federal Contract Tower,9,44,15,0,68,0,23,40,0,63,9,67,55,0,131,28,0,28,159
11/11/2004,MSO,MT,ANM,WE,Federal Contract Tower,9,38,17,0,64,0,1,45,0,46,9,39,62,0,110,60,0,60,170
11/12/2004,MSO,MT,ANM,WE,Federal Contract Tower,10,37,17,0,64,0,0,20,0,20,10,37,37,0,84,33,0,33,117
11/13/2004,MSO,MT,ANM,WE,Federal Contract Tower,11,33,11,0,55,0,8,0,0,8,11,41,11,0,63,0,0,0,63
11/14/2004,MSO,MT,ANM,WE,Federal Contract Tower,9,31,8,0,48,0,4,22,0,26,9,35,30,0,74,0,0,0,74
11/15/2004,MSO,MT,ANM,WE,Federal Contract Tower,9,33,11,0,53,0,24,15,0,39,9,57,26,0,92,52,0,52,144
11/16/2004,MSO,MT,ANM,WE,Federal Contract Tower,9,41,23,0,73,0,12,14,0,26,9,53,37,0,99,38,0,38,137
11/17/2004,MSO,MT,ANM,WE,Federal Contract Tower,9,44,16,0,69,0,32,44,0,76,9,76,60,0,145,42,0,42,187
11/18/2004,MSO,MT,ANM,WE,Federal Contract Tower,9,41,15,0,65,0,6,17,2,25,9,47,32,2,90,26,0,26,116
11/19/2004,MSO,MT,ANM,WE,Federal Contract Tower,8,46,13,0,67,1,12,11,0,24,9,58,24,0,91,15,0,15,106
11/20/2004,MSO,MT,ANM,WE,Federal Contract Tower,9,31,7,0,47,0,6,23,0,29,9,37,30,0,76,42,0,42,118
11/21/2004,MSO,MT,ANM,WE,Federal Contract Tower,9,31,5,0,45,0,13,41,0,54,9,44,46,0,99,10,0,10,109
11/22/2004,MSO,MT,ANM,WE,Federal Contract Tower,9,38,7,0,54,0,11,31,0,42,9,49,38,0,96,48,0,48,144
11/23/2004,MSO,MT,ANM,WE,Federal Contract Tower,9,48,18,2,77,0,8,28,2,38,9,56,46,4,115,56,14,70,185
11/24/2004,MSO,MT,ANM,WE,Federal Contract Tower,8,49,15,0,72,0,14,15,0,29,8,63,30,0,101,4,0,4,105
11/25/2004,MSO,MT,ANM,WE,Federal Contract Tower,11,33,1,0,45,0,6,0,0,6,11,39,1,0,51,0,0,0,51
11/26/2004,MSO,MT,ANM,WE,Federal Contract Tower,7,45,5,0,57,0,9,28,0,37,7,54,33,0,94,22,0,22,116
11/27/2004,MSO,MT,ANM,WE,Federal Contract Tower,11,34,11,0,56,0,7,12,0,19,11,41,23,0,75,2,0,2,77
11/28/2004,MSO,MT,ANM,WE,Federal Contract Tower,9,31,24,0,64,0,5,11,0,16,9,36,35,0,80,14,0,14,94
11/29/2004,MSO,MT,ANM,WE,Federal Contract Tower,9,35,7,0,51,0,14,32,0,46,9,49,39,0,97,46,0,46,143
11/30/2004,MSO,MT,ANM,WE,Federal Contract Tower,9,43,6,0,58,0,14,17,0,31,9,57,23,0,89,0,0,0,89
12/01/2004,MSO,MT,ANM,WE,Federal Contract Tower,9,41,15,0,65,0,5,32,0,37,9,46,47,0,102,32,0,32,134
12/02/2004,MSO,MT,ANM,WE,Federal Contract Tower,9,48,14,0,71,0,0,5,0,5,9,48,19,0,76,0,0,0,76
12/03/2004,MSO,MT,ANM,WE,Federal Contract Tower,9,44,6,0,59,0,10,30,0,40,9,54,36,0,99,26,0,26,125
12/04/2004,MSO,MT,ANM,WE,Federal Contract Tower,10,34,11,0,55,0,8,11,6,25,10,42,22,6,80,12,6,18,98
12/05/2004,MSO,MT,ANM,WE,Federal Contract Tower,9,31,13,0,53,0,10,15,0,25,9,41,28,0,78,30,0,30,108
12/06/2004,MSO,MT,ANM,WE,Federal Contract Tower,9,39,5,0,53,0,6,15,0,21,9,45,20,0,74,10,0,10,84
12/07/2004,MSO,MT,ANM,WE,Federal Contract Tower,9,43,9,0,61,0,6,2,0,8,9,49,11,0,69,2,0,2,71
12/08/2004,MSO,MT,ANM,WE,Federal Contract Tower,9,41,10,0,60,0,9,18,0,27,9,50,28,0,87,10,0,10,97
12/09/2004,MSO,MT,ANM,WE,Federal Contract Tower,9,38,11,0,58,0,6,42,0,48,9,44,53,0,106,72,0,72,178
12/10/2004,MSO,MT,ANM,WE,Federal Contract Tower,10,43,15,0,68,0,13,20,1,34,10,56,35,1,102,34,0,34,136
12/11/2004,MSO,MT,ANM,WE,Federal Contract Tower,10,28,5,0,43,0,9,1,0,10,10,37,6,0,53,34,0,34,87
12/12/2004,MSO,MT,ANM,WE,Federal Contract Tower,9,24,4,0,37,0,4,74,0,78,9,28,78,0,115,50,0,50,165
12/13/2004,MSO,MT,ANM,WE,Federal Contract Tower,9,35,7,0,51,0,4,31,0,35,9,39,38,0,86,28,0,28,114
12/14/2004,MSO,MT,ANM,WE,Federal Contract Tower,10,49,13,0,72,0,4,21,0,25,10,53,34,0,97,56,0,56,153
12/15/2004,MSO,MT,ANM,WE,Federal Contract Tower,10,53,19,0,82,0,3,19,0,22,10,56,38,0,104,61,1,62,166
12/16/2004,MSO,MT,ANM,WE,Federal Contract Tower,11,22,12,0,45,0,1,1,0,2,11,23,13,0,47,0,0,0,47
12/17/2004,MSO,MT,ANM,WE,Federal Contract Tower,15,51,22,0,88,0,13,30,0,43,15,64,52,0,131,32,0,32,163
12/18/2004,MSO,MT,ANM,WE,Federal Contract Tower,20,27,12,0,59,0,2,0,0,2,20,29,12,0,61,0,0,0,61
12/19/2004,MSO,MT,ANM,WE,Federal Contract Tower,13,15,2,0,30,0,10,14,0,24,13,25,16,0,54,14,0,14,68
12/20/2004,MSO,MT,ANM,WE,Federal Contract Tower,13,33,7,0,53,0,13,12,0,25,13,46,19,0,78,0,0,0,78
12/21/2004,MSO,MT,ANM,WE,Federal Contract Tower,13,44,7,0,64,0,0,2,0,2,13,44,9,0,66,0,0,0,66
12/22/2004,MSO,MT,ANM,WE,Federal Contract Tower,13,52,12,2,79,0,6,12,0,18,13,58,24,2,97,2,2,4,101
12/23/2004,MSO,MT,ANM,WE,Federal Contract Tower,13,38,3,0,54,0,8,33,0,41,13,46,36,0,95,4,0,4,99
12/24/2004,MSO,MT,ANM,WE,Federal Contract Tower,15,41,5,0,61,0,10,22,0,32,15,51,27,0,93,14,0,14,107
12/25/2004,MSO,MT,ANM,WE,Federal Contract Tower,12,23,0,0,35,0,6,5,0,11,12,29,5,0,46,0,0,0,46
12/26/2004,MSO,MT,ANM,WE,Federal Contract Tower,13,24,2,0,39,0,0,12,0,12,13,24,14,0,51,2,0,2,53
12/27/2004,MSO,MT,ANM,WE,Federal Contract Tower,13,40,3,0,56,0,2,44,0,46,13,42,47,0,102,12,0,12,114
12/28/2004,MSO,MT,ANM,WE,Federal Contract Tower,13,44,11,0,68,0,6,22,0,28,13,50,33,0,96,2,0,2,98
12/29/2004,MSO,MT,ANM,WE,Federal Contract Tower,14,39,1,0,54,0,0,0,0,0,14,39,1,0,54,0,0,0,54
12/30/2004,MSO,MT,ANM,WE,Federal Contract Tower,13,41,14,0,68,0,9,23,0,32,13,50,37,0,100,6,0,6,106
12/31/2004,MSO,MT,ANM,WE,Federal Contract Tower,13,37,2,0,52,0,0,7,0,7,13,37,9,0,59,28,0,28,87
01/01/2005,MSO,MT,ANM,WE,Federal Contract Tower,13,22,2,0,37,0,16,2,0,18,13,38,4,0,55,0,0,0,55
01/02/2005,MSO,MT,ANM,WE,Federal Contract Tower,13,27,8,0,48,0,0,23,0,23,13,27,31,0,71,18,0,18,89
01/03/2005,MSO,MT,ANM,WE,Federal Contract Tower,12,36,7,0,55,0,8,15,0,23,12,44,22,0,78,16,0,16,94
01/04/2005,MSO,MT,ANM,WE,Federal Contract Tower,10,40,2,0,52,0,9,31,0,40,10,49,33,0,92,34,0,34,126
01/05/2005,MSO,MT,ANM,WE,Federal Contract Tower,10,44,10,0,64,0,6,39,0,45,10,50,49,0,109,18,0,18,127
01/06/2005,MSO,MT,ANM,WE,Federal Contract Tower,10,40,6,0,56,0,4,7,0,11,10,44,13,0,67,30,0,30,97
01/07/2005,MSO,MT,ANM,WE,Federal Contract Tower,8,45,1,2,56,0,2,3,0,5,8,47,4,2,61,8,0,8,69
01/08/2005,MSO,MT,ANM,WE,Federal Contract Tower,10,33,1,0,44,0,10,17,0,27,10,43,18,0,71,52,0,52,123
01/09/2005,MSO,MT,ANM,WE,Federal Contract Tower,8,27,3,2,40,0,9,5,0,14,8,36,8,2,54,8,0,8,62
01/10/2005,MSO,MT,ANM,WE,Federal Contract Tower,8,39,9,0,56,1,5,24,2,32,9,44,33,2,88,28,0,28,116
01/11/2005,MSO,MT,ANM,WE,Federal Contract Tower,8,43,15,0,66,0,6,9,0,15,8,49,24,0,81,0,0,0,81
01/12/2005,MSO,MT,ANM,WE,Federal Contract Tower,8,46,9,2,65,0,2,0,0,2,8,48,9,2,67,0,10,10,77
01/13/2005,MSO,MT,ANM,WE,Federal Contract Tower,8,48,8,2,66,0,0,2,0,2,8,48,10,2,68,6,0,6,74
01/14/2005,MSO,MT,ANM,WE,Federal Contract Tower,8,42,10,0,60,0,5,13,0,18,8,47,23,0,78,0,0,0,78
01/15/2005,MSO,MT,ANM,WE,Federal Contract Tower,8,32,6,0,46,0,5,29,0,34,8,37,35,0,80,40,0,40,120
01/16/2005,MSO,MT,ANM,WE,Federal Contract Tower,8,28,3,0,39,0,5,0,0,5,8,33,3,0,44,0,0,0,44
01/17/2005,MSO,MT,ANM,WE,Federal Contract Tower,8,34,8,0,50,0,14,28,0,42,8,48,36,0,92,28,0,28,120
01/18/2005,MSO,MT,ANM,WE,Federal Contract Tower,6,37,4,0,47,0,1,0,0,1,6,38,4,0,48,0,0,0,48
01/19/2005,MSO,MT,ANM,WE,Federal Contract Tower,3,4,5,0,12,0,0,7,0,7,3,4,12,0,19,0,0,0,19
01/20/2005,MSO,MT,ANM,WE,Federal Contract Tower,9,39,14,0,62,0,6,21,0,27,9,45,35,0,89,16,0,16,105
01/21/2005,MSO,MT,ANM,WE,Federal Contract Tower,8,43,7,2,60,0,2,53,2,57,8,45,60,4,117,26,0,26,143
01/22/2005,MSO,MT,ANM,WE,Federal Contract Tower,6,29,4,0,39,0,0,1,0,1,6,29,5,0,40,2,0,2,42
01/23/2005,MSO,MT,ANM,WE,Federal Contract Tower,8,27,8,2,45,0,8,52,0,60,8,35,60,2,105,48,18,66,171
01/24/2005,MSO,MT,ANM,WE,Federal Contract Tower,8,40,10,0,58,0,9,62,0,71,8,49,72,0,129,88,0,88,217
01/25/2005,MSO,MT,ANM,WE,Federal Contract Tower,8,39,7,0,54,0,4,42,0,46,8,43,49,0,100,8,0,8,108
01/26/2005,MSO,MT,ANM,WE,Federal Contract Tower,8,45,8,0,61,0,15,59,0,74,8,60,67,0,135,21,0,21,156
01/27/2005,MSO,MT,ANM,WE,Federal Contract Tower,8,39,10,0,57,0,6,12,0,18,8,45,22,0,75,4,0,4,79
01/28/2005,MSO,MT,ANM,WE,Federal Contract Tower,8,45,8,0,61,0,11,34,0,45,8,56,42,0,106,36,0,36,142
01/29/2005,MSO,MT,ANM,WE,Federal Contract Tower,8,33,2,0,43,0,4,16,0,20,8,37,18,0,63,10,0,10,73
01/30/2005,MSO,MT,ANM,WE,Federal Contract Tower,7,33,0,0,40,0,10,34,0,44,7,43,34,0,84,52,0,52,136
01/31/2005,MSO,MT,ANM,WE,Federal Contract Tower,8,34,14,0,56,0,6,29,0,35,8,40,43,0,91,50,0,50,141
02/01/2005,MSO,MT,ANM,WE,Federal Contract Tower,8,43,7,0,58,0,0,40,0,40,8,43,47,0,98,96,0,96,194
02/02/2005,MSO,MT,ANM,WE,Federal Contract Tower,8,48,10,0,66,0,11,60,0,71,8,59,70,0,137,60,0,60,197
02/03/2005,MSO,MT,ANM,WE,Federal Contract Tower,8,44,12,2,66,0,14,30,2,46,8,58,42,4,112,44,12,56,168
02/04/2005,MSO,MT,ANM,WE,Federal Contract Tower,8,41,6,2,57,0,9,39,0,48,8,50,45,2,105,70,0,70,175
02/05/2005,MSO,MT,ANM,WE,Federal Contract Tower,8,37,5,6,56,0,8,2,4,14,8,45,7,10,70,14,20,34,104
02/06/2005,MSO,MT,ANM,WE,Federal Contract Tower,8,29,2,10,49,0,7,28,8,43,8,36,30,18,92,34,8,42,134
02/07/2005,MSO,MT,ANM,WE,Federal Contract Tower,8,34,10,0,52,0,9,28,2,39,8,43,38,2,91,40,0,40,131
02/08/2005,MSO,MT,ANM,WE,Federal Contract Tower,8,43,8,0,59,0,10,4,0,14,8,53,12,0,73,6,0,6,79
02/09/2005,MSO,MT,ANM,WE,Federal Contract Tower,7,40,5,0,52,0,5,40,0,45,7,45,45,0,97,38,0,38,135
02/10/2005,MSO,MT,ANM,WE,Federal Contract Tower,9,42,4,4,59,0,4,52,0,56,9,46,56,4,115,44,8,52,167
02/11/2005,MSO,MT,ANM,WE,Federal Contract Tower,6,38,3,0,47,0,6,54,0,60,6,44,57,0,107,38,0,38,145
02/12/2005,MSO,MT,ANM,WE,Federal Contract Tower,8,31,4,0,43,0,7,38,0,45,8,38,42,0,88,74,0,74,162
02/13/2005,MSO,MT,ANM,WE,Federal Contract Tower,8,27,10,0,45,0,16,23,0,39,8,43,33,0,84,6,0,6,90
02/14/2005,MSO,MT,ANM,WE,Federal Contract Tower,8,36,2,0,46,0,17,16,0,33,8,53,18,0,79,0,0,0,79
02/15/2005,MSO,MT,ANM,WE,Federal Contract Tower,8,45,17,0,70,0,7,27,2,36,8,52,44,2,106,26,0,26,132
02/16/2005,MSO,MT,ANM,WE,Federal Contract Tower,8,41,9,2,60,0,1,26,0,27,8,42,35,2,87,24,2,26,113
02/17/2005,MSO,MT,ANM,WE,Federal Contract Tower,9,37,6,0,52,0,11,50,2,63,9,48,56,2,115,32,0,32,147
02/18/2005,MSO,MT,ANM,WE,Federal Contract Tower,9,42,7,0,58,0,9,59,0,68,9,51,66,0,126,62,0,62,188
02/19/2005,MSO,MT,ANM,WE,Federal Contract Tower,9,29,5,0,43,0,1,41,0,42,9,30,46,0,85,30,0,30,115
02/20/2005,MSO,MT,ANM,WE,Federal Contract Tower,10,26,12,0,48,0,6,7,0,13,10,32,19,0,61,0,0,0,61
02/21/2005,MSO,MT,ANM,WE,Federal Contract Tower,9,32,5,0,46,0,10,37,0,47,9,42,42,0,93,16,0,16,109
02/22/2005,MSO,MT,ANM,WE,Federal Contract Tower,9,39,7,0,55,0,0,16,0,16,9,39,23,0,71,92,0,92,163
02/23/2005,MSO,MT,ANM,WE,Federal Contract Tower,9,43,16,0,68,0,1,61,0,62,9,44,77,0,130,66,0,66,196
02/24/2005,MSO,MT,ANM,WE,Federal Contract Tower,9,42,13,0,64,0,12,38,2,52,9,54,51,2,116,32,0,32,148
02/25/2005,MSO,MT,ANM,WE,Federal Contract Tower,9,41,9,0,59,0,7,78,0,85,9,48,87,0,144,8,0,8,152
02/26/2005,MSO,MT,ANM,WE,Federal Contract Tower,9,30,10,0,49,0,17,62,0,79,9,47,72,0,128,26,0,26,154
02/27/2005,MSO,MT,ANM,WE,Federal Contract Tower,9,28,6,2,45,0,10,51,0,61,9,38,57,2,106,16,18,34,140
02/28/2005,MSO,MT,ANM,WE,Federal Contract Tower,9,36,8,0,53,0,11,41,0,52,9,47,49,0,105,32,0,32,137
03/01/2005,MSO,MT,ANM,WE,Federal Contract Tower,9,41,7,2,59,0,9,35,0,44,9,50,42,2,103,12,0,12,115
03/02/2005,MSO,MT,ANM,WE,Federal Contract Tower,9,43,10,0,62,0,14,27,0,41,9,57,37,0,103,24,0,24,127
03/03/2005,MSO,MT,ANM,WE,Federal Contract Tower,9,37,6,4,56,0,0,45,2,47,9,37,51,6,103,24,16,40,143
03/04/2005,MSO,MT,ANM,WE,Federal Contract Tower,9,38,8,0,55,0,14,77,0,91,9,52,85,0,146,28,0,28,174
03/05/2005,MSO,MT,ANM,WE,Federal Contract Tower,9,30,4,0,43,0,12,70,0,82,9,42,74,0,125,50,0,50,175
03/06/2005,MSO,MT,ANM,WE,Federal Contract Tower,9,25,6,2,42,0,11,53,0,64,9,36,59,2,106,94,6,100,206
03/07/2005,MSO,MT,ANM,WE,Federal Contract Tower,9,32,10,5,56,0,16,35,3,54,9,48,45,8,110,92,28,120,230
03/08/2005,MSO,MT,ANM,WE,Federal Contract Tower,8,48,6,0,62,0,0,53,0,53,8,48,59,0,115,48,0,48,163
03/09/2005,MSO,MT,ANM,WE,Federal Contract Tower,10,45,15,0,70,0,10,38,0,48,10,55,53,0,118,14,0,14,132
03/10/2005,MSO,MT,ANM,WE,Federal Contract Tower,9,40,9,2,60,0,8,26,0,34,9,48,35,2,94,68,20,88,182
03/11/2005,MSO,MT,ANM,WE,Federal Contract Tower,9,37,11,0,57,0,17,75,0,92,9,54,86,0,149,38,0,38,187
03/12/2005,MSO,MT,ANM,WE,Federal Contract Tower,7,30,3,0,40,0,0,11,0,11,7,30,14,0,51,18,0,18,69
03/13/2005,MSO,MT,ANM,WE,Federal Contract Tower,9,25,2,0,36,0,10,30,0,40,9,35,32,0,76,34,0,34,110
03/14/2005,MSO,MT,ANM,WE,Federal Contract Tower,9,32,12,0,53,0,13,27,0,40,9,45,39,0,93,28,0,28,121
03/15/2005,MSO,MT,ANM,WE,Federal Contract Tower,11,38,15,0,64,0,0,40,0,40,11,38,55,0,104,28,0,28,132
03/16/2005,MSO,MT,ANM,WE,Federal Contract Tower,9,44,19,0,72,0,1,22,0,23,9,45,41,0,95,40,0,40,135
03/17/2005,MSO,MT,ANM,WE,Federal Contract Tower,11,38,10,0,59,0,9,9,0,18,11,47,19,0,77,18,0,18,95
03/18/2005,MSO,MT,ANM,WE,Federal Contract Tower,10,41,8,2,61,0,0,14,0,14,10,41,22,2,75,26,2,28,103
03/19/2005,MSO,MT,ANM,WE,Federal Contract Tower,7,32,12,0,51,0,5,13,0,18,7,37,25,0,69,8,0,8,77
03/20/2005,MSO,MT,ANM,WE,Federal Contract Tower,11,31,4,2,48,0,9,31,0,40,11,40,35,2,88,28,0,28,116
03/21/2005,MSO,MT,ANM,WE,Federal Contract Tower,9,35,13,2,59,0,10,26,0,36,9,45,39,2,95,20,26,46,141
03/22/2005,MSO,MT,ANM,WE,Federal Contract Tower,9,39,9,0,57,0,6,17,3,26,9,45,26,3,83,2,0,2,85
03/23/2005,MSO,MT,ANM,WE,Federal Contract Tower,9,46,9,0,64,0,0,2,1,3,9,46,11,1,67,8,0,8,75
03/24/2005,MSO,MT,ANM,WE,Federal Contract Tower,9,46,14,0,69,0,0,9,0,9,9,46,23,0,78,20,0,20,98
03/25/2005,MSO,MT,ANM,WE,Federal Contract Tower,9,43,7,0,59,0,8,41,0,49,9,51,48,0,108,20,0,20,128
03/26/2005,MSO,MT,ANM,WE,Federal Contract Tower,7,30,6,0,43,0,8,49,0,57,7,38,55,0,100,40,0,40,140
03/27/2005,MSO,MT,ANM,WE,Federal Contract Tower,9,27,8,0,44,0,9,24,0,33,9,36,32,0,77,4,0,4,81
03/28/2005,MSO,MT,ANM,WE,Federal Contract Tower,9,37,6,0,52,0,14,23,0,37,9,51,29,0,89,34,0,34,123
03/29/2005,MSO,MT,ANM,WE,Federal Contract Tower,9,45,10,0,64,0,1,13,0,14,9,46,23,0,78,10,0,10,88
03/30/2005,MSO,MT,ANM,WE,Federal Contract Tower,10,46,12,0,68,0,1,8,0,9,10,47,20,0,77,10,0,10,87
03/31/2005,MSO,MT,ANM,WE,Federal Contract Tower,10,42,19,0,71,0,8,61,0,69,10,50,80,0,140,110,0,110,250
04/01/2005,MSO,MT,ANM,WE,Federal Contract Tower,9,40,11,1,61,0,5,10,0,15,9,45,21,1,76,6,0,6,82
04/02/2005,MSO,MT,ANM,WE,Federal Contract Tower,6,31,9,3,49,0,0,91,0,91,6,31,100,3,140,102,0,102,242
04/03/2005,MSO,MT,ANM,WE,Federal Contract Tower,11,25,5,1,42,0,13,28,0,41,11,38,33,1,83,66,0,66,149
04/04/2005,MSO,MT,ANM,WE,Federal Contract Tower,9,31,8,2,50,0,13,20,0,33,9,44,28,2,83,6,0,6,89
04/05/2005,MSO,MT,ANM,WE,Federal Contract Tower,9,40,10,3,62,0,14,72,0,86,9,54,82,3,148,48,0,48,196
04/06/2005,MSO,MT,ANM,WE,Federal Contract Tower,9,41,17,2,69,0,25,95,0,120,9,66,112,2,189,116,24,140,329
04/07/2005,MSO,MT,ANM,WE,Federal Contract Tower,11,37,13,2,63,0,0,43,0,43,11,37,56,2,106,44,16,60,166
04/08/2005,MSO,MT,ANM,WE,Federal Contract Tower,9,43,12,0,64,0,18,14,0,32,9,61,26,0,96,26,0,26,122
04/09/2005,MSO,MT,ANM,WE,Federal Contract Tower,9,29,8,0,46,0,8,32,0,40,9,37,40,0,86,10,0,10,96
04/10/2005,MSO,MT,ANM,WE,Federal Contract Tower,11,23,11,0,45,0,18,66,0,84,11,41,77,0,129,50,0,50,179
04/11/2005,MSO,MT,ANM,WE,Federal Contract Tower,9,39,12,0,60,0,19,31,0,50,9,58,43,0,110,10,0,10,120
04/12/2005,MSO,MT,ANM,WE,Federal Contract Tower,9,42,8,0,59,0,4,5,0,9,9,46,13,0,68,0,0,0,68
04/13/2005,MSO,MT,ANM,WE,Federal Contract Tower,9,41,12,0,62,0,4,2,0,6,9,45,14,0,68,0,0,0,68
04/14/2005,MSO,MT,ANM,WE,Federal Contract Tower,11,41,18,4,74,0,18,29,0,47,11,59,47,4,121,48,0,48,169
04/15/2005,MSO,MT,ANM,WE,Federal Contract Tower,11,43,11,0,65,0,12,91,0,103,11,55,102,0,168,22,0,22,190
04/16/2005,MSO,MT,ANM,WE,Federal Contract Tower,9,36,7,0,52,0,11,95,0,106,9,47,102,0,158,72,0,72,230
04/17/2005,MSO,MT,ANM,WE,Federal Contract Tower,10,30,5,0,45,0,16,30,0,46,10,46,35,0,91,48,0,48,139
04/18/2005,MSO,MT,ANM,WE,Federal Contract Tower,11,41,14,4,70,0,16,49,0,65,11,57,63,4,135,12,22,34,169
04/19/2005,MSO,MT,ANM,WE,Federal Contract Tower,9,42,11,0,62,0,6,31,0,37,9,48,42,0,99,54,0,54,153
04/20/2005,MSO,MT,ANM,WE,Federal Contract Tower,9,42,12,0,63,0,6,14,0,20,9,48,26,0,83,6,0,6,89
04/21/2005,MSO,MT,ANM,WE,Federal Contract Tower,11,44,8,0,63,0,4,57,0,61,11,48,65,0,124,78,0,78,202
04/22/2005,MSO,MT,ANM,WE,Federal Contract Tower,9,37,23,2,71,0,13,76,0,89,9,50,99,2,160,68,4,72,232
04/23/2005,MSO,MT,ANM,WE,Federal Contract Tower,9,31,12,0,52,0,9,77,0,86,9,40,89,0,138,58,0,58,196
04/24/2005,MSO,MT,ANM,WE,Federal Contract Tower,11,26,18,2,57,0,21,37,0,58,11,47,55,2,115,44,4,48,163
04/25/2005,MSO,MT,ANM,WE,Federal Contract Tower,9,32,26,2,69,0,9,64,0,73,9,41,90,2,142,72,20,92,234
04/26/2005,MSO,MT,ANM,WE,Federal Contract Tower,9,49,15,0,73,0,11,60,6,77,9,60,75,6,150,80,0,80,230
04/27/2005,MSO,MT,ANM,WE,Federal Contract Tower,9,40,14,0,63,0,0,12,0,12,9,40,26,0,75,2,0,2,77
04/28/2005,MSO,MT,ANM,WE,Federal Contract Tower,9,39,21,0,69,0,6,3,0,9,9,45,24,0,78,88,0,88,166
04/29/2005,MSO,MT,ANM,WE,Federal Contract Tower,9,42,14,0,65,0,4,34,0,38,9,46,48,0,103,50,0,50,153
04/30/2005,MSO,MT,ANM,WE,Federal Contract Tower,10,32,16,0,58,0,7,66,2,75,10,39,82,2,133,54,0,54,187
05/01/2005,MSO,MT,ANM,WE,Federal Contract Tower,13,25,11,0,49,0,22,59,10,91,13,47,70,10,140,20,10,30,170
05/02/2005,MSO,MT,ANM,WE,Federal Contract Tower,9,35,11,2,57,0,8,47,0,55,9,43,58,2,112,24,10,34,146
05/03/2005,MSO,MT,ANM,WE,Federal Contract Tower,12,43,7,0,62,0,2,16,0,18,12,45,23,0,80,46,0,46,126
05/04/2005,MSO,MT,ANM,WE,Federal Contract Tower,9,43,17,0,69,0,7,19,0,26,9,50,36,0,95,36,0,36,131
05/05/2005,MSO,MT,ANM,WE,Federal Contract Tower,10,39,17,0,66,0,6,34,0,40,10,45,51,0,106,76,0,76,182
05/06/2005,MSO,MT,ANM,WE,Federal Contract Tower,9,42,16,0,67,0,11,36,1,48,9,53,52,1,115,16,0,16,131
05/07/2005,MSO,MT,ANM,WE,Federal Contract Tower,9,40,13,0,62,0,4,13,0,17,9,44,26,0,79,6,0,6,85
05/08/2005,MSO,MT,ANM,WE,Federal Contract Tower,10,31,9,0,50,0,3,15,0,18,10,34,24,0,68,0,0,0,68
05/09/2005,MSO,MT,ANM,WE,Federal Contract Tower,10,43,10,0,63,0,6,16,0,22,10,49,26,0,85,10,0,10,95
05/10/2005,MSO,MT,ANM,WE,Federal Contract Tower,9,46,7,2,64,0,4,7,0,11,9,50,14,2,75,32,0,32,107
05/11/2005,MSO,MT,ANM,WE,Federal Contract Tower,9,39,11,7,66,0,5,19,0,24,9,44,30,7,90,32,18,50,140
05/12/2005,MSO,MT,ANM,WE,Federal Contract Tower,11,45,21,0,77,0,6,38,0,44,11,51,59,0,121,76,0,76,197
05/13/2005,MSO,MT,ANM,WE,Federal Contract Tower,9,44,22,0,75,0,6,44,0,50,9,50,66,0,125,34,0,34,159
05/14/2005,MSO,MT,ANM,WE,Federal Contract Tower,9,32,10,0,51,0,8,74,0,82,9,40,84,0,133,32,1,33,166
05/15/2005,MSO,MT,ANM,WE,Federal Contract Tower,11,33,8,2,54,0,9,33,0,42,11,42,41,2,96,22,0,22,118
05/16/2005,MSO,MT,ANM,WE,Federal Contract Tower,9,41,15,0,65,0,4,11,2,17,9,45,26,2,82,2,0,2,84
05/17/2005,MSO,MT,ANM,WE,Federal Contract Tower,9,42,10,0,61,0,10,31,0,41,9,52,41,0,102,8,0,8,110
05/18/2005,MSO,MT,ANM,WE,Federal Contract Tower,9,45,15,0,69,0,10,38,0,48,9,55,53,0,117,22,0,22,139
05/19/2005,MSO,MT,ANM,WE,Federal Contract Tower,9,49,18,0,76,0,8,32,0,40,9,57,50,0,116,28,0,28,144
05/20/2005,MSO,MT,ANM,WE,Federal Contract Tower,9,47,19,2,77,0,4,16,0,20,9,51,35,2,97,48,0,48,145
05/21/2005,MSO,MT,ANM,WE,Federal Contract Tower,7,31,8,2,48,0,8,48,4,60,7,39,56,6,108,38,0,38,146
05/22/2005,MSO,MT,ANM,WE,Federal Contract Tower,11,30,10,2,53,0,8,30,0,38,11,38,40,2,91,14,0,14,105
05/23/2005,MSO,MT,ANM,WE,Federal Contract Tower,9,40,14,0,63,0,13,60,0,73,9,53,74,0,136,18,0,18,154
05/24/2005,MSO,MT,ANM,WE,Federal Contract Tower,9,40,21,2,72,0,19,64,0,83,9,59,85,2,155,30,6,36,191
05/25/2005,MSO,MT,ANM,WE,Federal Contract Tower,11,41,11,3,66,0,19,124,1,144,11,60,135,4,210,94,12,106,316
05/26/2005,MSO,MT,ANM,WE,Federal Contract Tower,11,40,13,0,64,0,12,96,0,108,11,52,109,0,172,58,0,58,230
05/27/2005,MSO,MT,ANM,WE,Federal Contract Tower,9,37,8,0,54,0,32,86,0,118,9,69,94,0,172,26,0,26,198
05/28/2005,MSO,MT,ANM,WE,Federal Contract Tower,10,31,8,0,49,0,5,64,0,69,10,36,72,0,118,42,0,42,160
05/29/2005,MSO,MT,ANM,WE,Federal Contract Tower,11,27,8,0,46,0,12,49,0,61,11,39,57,0,107,30,0,30,137
05/30/2005,MSO,MT,ANM,WE,Federal Contract Tower,9,30,10,0,49,0,16,88,2,106,9,46,98,2,155,0,0,0,155
05/31/2005,MSO,MT,ANM,WE,Federal Contract Tower,7,40,6,0,53,2,2,69,0,73,9,42,75,0,126,0,0,0,126
06/01/2005,MSO,MT,ANM,WE,Federal Contract Tower,9,52,7,0,68,0,2,13,0,15,9,54,20,0,83,0,0,0,83
06/02/2005,MSO,MT,ANM,WE,Federal Contract Tower,10,45,11,2,68,0,10,3,0,13,10,55,14,2,81,10,0,10,91
06/03/2005,MSO,MT,ANM,WE,Federal Contract Tower,9,52,6,2,69,0,0,7,0,7,9,52,13,2,76,0,0,0,76
06/04/2005,MSO,MT,ANM,WE,Federal Contract Tower,9,39,14,2,64,0,3,77,0,80,9,42,91,2,144,38,0,38,182
06/05/2005,MSO,MT,ANM,WE,Federal Contract Tower,11,36,10,2,59,0,14,37,0,51,11,50,47,2,110,30,0,30,140
06/06/2005,MSO,MT,ANM,WE,Federal Contract Tower,9,44,17,0,70,0,15,62,0,77,9,59,79,0,147,0,0,0,147
06/07/2005,MSO,MT,ANM,WE,Federal Contract Tower,9,45,8,0,62,0,2,26,0,28,9,47,34,0,90,38,0,38,128
06/08/2005,MSO,MT,ANM,WE,Federal Contract Tower,9,47,19,0,75,0,3,41,0,44,9,50,60,0,119,94,0,94,213
06/09/2005,MSO,MT,ANM,WE,Federal Contract Tower,12,46,33,0,91,0,7,46,0,53,12,53,79,0,144,74,0,74,218
06/10/2005,MSO,MT,ANM,WE,Federal Contract Tower,10,44,28,0,82,0,5,54,0,59,10,49,82,0,141,34,0,34,175
06/11/2005,MSO,MT,ANM,WE,Federal Contract Tower,12,33,8,0,53,0,3,48,4,55,12,36,56,4,108,40,0,40,148
06/12/2005,MSO,MT,ANM,WE,Federal Contract Tower,13,32,9,2,56,0,14,24,2,40,13,46,33,4,96,14,14,28,124
06/13/2005,MSO,MT,ANM,WE,Federal Contract Tower,11,42,15,0,68,0,11,50,0,61,11,53,65,0,129,30,0,30,159
06/14/2005,MSO,MT,ANM,WE,Federal Contract Tower,11,44,11,0,66,0,16,58,0,74,11,60,69,0,140,13,0,13,153
06/15/2005,MSO,MT,ANM,WE,Federal Contract Tower,11,46,13,0,70,0,0,62,0,62,11,46,75,0,132,52,0,52,184
06/16/2005,MSO,MT,ANM,WE,Federal Contract Tower,13,43,16,0,72,0,6,51,0,57,13,49,67,0,129,46,0,46,175
06/17/2005,MSO,MT,ANM,WE,Federal Contract Tower,11,46,10,0,67,0,6,17,0,23,11,52,27,0,90,0,0,0,90
06/18/2005,MSO,MT,ANM,WE,Federal Contract Tower,11,32,11,0,54,0,7,31,0,38,11,39,42,0,92,20,0,20,112
06/19/2005,MSO,MT,ANM,WE,Federal Contract Tower,13,30,13,0,56,0,18,75,2,95,13,48,88,2,151,32,2,34,185
06/20/2005,MSO,MT,ANM,WE,Federal Contract Tower,11,35,9,0,55,0,19,92,0,111,11,54,101,0,166,30,0,30,196
06/21/2005,MSO,MT,ANM,WE,Federal Contract Tower,12,47,14,0,73,0,7,75,0,82,12,54,89,0,155,59,0,59,214
06/22/2005,MSO,MT,ANM,WE,Federal Contract Tower,12,50,17,2,81,0,13,91,0,104,12,63,108,2,185,42,18,60,245
06/23/2005,MSO,MT,ANM,WE,Federal Contract Tower,16,46,16,0,78,0,9,81,0,90,16,55,97,0,168,48,0,48,216
06/24/2005,MSO,MT,ANM,WE,Federal Contract Tower,12,44,19,2,77,0,10,76,4,90,12,54,95,6,167,34,10,44,211
06/25/2005,MSO,MT,ANM,WE,Federal Contract Tower,12,35,2,0,49,0,2,42,0,44,12,37,44,0,93,4,0,4,97
06/26/2005,MSO,MT,ANM,WE,Federal Contract Tower,15,35,13,0,63,0,15,43,0,58,15,50,56,0,121,110,0,110,231
06/27/2005,MSO,MT,ANM,WE,Federal Contract Tower,13,38,16,0,67,0,18,52,0,70,13,56,68,0,137,26,0,26,163
06/28/2005,MSO,MT,ANM,WE,Federal Contract Tower,13,46,12,0,71,0,7,19,1,27,13,53,31,1,98,0,0,0,98
06/29/2005,MSO,MT,ANM,WE,Federal Contract Tower,11,52,11,3,77,0,13,36,3,52,11,65,47,6,129,47,6,53,182
06/30/2005,MSO,MT,ANM,WE,Federal Contract Tower,13,55,10,0,78,0,8,77,0,85,13,63,87,0,163,62,0,62,225
07/01/2005,MSO,MT,ANM,WE,Federal Contract Tower,12,47,28,0,87,0,9,84,0,93,12,56,112,0,180,52,0,52,232
07/02/2005,MSO,MT,ANM,WE,Federal Contract Tower,12,32,9,0,53,0,7,56,0,63,12,39,65,0,116,20,0,20,136
07/03/2005,MSO,MT,ANM,WE,Federal Contract Tower,14,32,7,0,53,0,22,66,0,88,14,54,73,0,141,28,0,28,169
07/04/2005,MSO,MT,ANM,WE,Federal Contract Tower,10,34,12,0,56,0,13,83,0,96,10,47,95,0,152,24,0,24,176
07/05/2005,MSO,MT,ANM,WE,Federal Contract Tower,12,49,12,0,73,0,15,59,0,74,12,64,71,0,147,30,0,30,177
07/06/2005,MSO,MT,ANM,WE,Federal Contract Tower,13,46,14,2,75,0,15,78,4,97,13,61,92,6,172,20,16,36,208
07/07/2005,MSO,MT,ANM,WE,Federal Contract Tower,14,47,20,2,83,0,6,92,0,98,14,53,112,2,181,58,10,68,249
07/08/2005,MSO,MT,ANM,WE,Federal Contract Tower,12,44,14,2,72,0,11,73,0,84,12,55,87,2,156,48,0,48,204
07/09/2005,MSO,MT,ANM,WE,Federal Contract Tower,12,32,21,0,65,0,0,24,0,24,12,32,45,0,89,44,0,44,133
07/10/2005,MSO,MT,ANM,WE,Federal Contract Tower,14,38,9,2,63,0,3,72,0,75,14,41,81,2,138,60,0,60,198
07/11/2005,MSO,MT,ANM,WE,Federal Contract Tower,12,37,15,0,64,0,12,96,0,108,12,49,111,0,172,48,0,48,220
07/12/2005,MSO,MT,ANM,WE,Federal Contract Tower,12,42,16,4,74,0,23,112,4,139,12,65,128,8,213,14,10,24,237
07/13/2005,MSO,MT,ANM,WE,Federal Contract Tower,13,56,13,0,82,0,25,122,0,147,13,81,135,0,229,66,0,66,295
07/14/2005,MSO,MT,ANM,WE,Federal Contract Tower,14,46,30,2,92,0,20,102,0,122,14,66,132,2,214,54,14,68,282
07/15/2005,MSO,MT,ANM,WE,Federal Contract Tower,12,42,12,0,66,0,6,98,0,104,12,48,110,0,170,78,0,78,248
07/16/2005,MSO,MT,ANM,WE,Federal Contract Tower,14,38,15,0,67,0,12,74,0,86,14,50,89,0,153,28,0,28,181
07/17/2005,MSO,MT,ANM,WE,Federal Contract Tower,14,38,13,2,67,0,18,54,0,72,14,56,67,2,139,28,26,54,193
07/18/2005,MSO,MT,ANM,WE,Federal Contract Tower,12,37,13,0,62,0,12,87,0,99,12,49,100,0,161,50,0,50,211
07/19/2005,MSO,MT,ANM,WE,Federal Contract Tower,12,49,9,0,70,0,26,124,0,150,12,75,133,0,220,84,0,84,304
07/20/2005,MSO,MT,ANM,WE,Federal Contract Tower,10,44,23,0,77,0,22,140,0,162,10,66,163,0,239,136,0,136,375
07/21/2005,MSO,MT,ANM,WE,Federal Contract Tower,15,47,5,0,67,0,14,128,0,142,15,61,133,0,209,64,0,64,273
07/22/2005,MSO,MT,ANM,WE,Federal Contract Tower,10,45,11,0,66,0,10,75,0,85,10,55,86,0,151,34,0,34,185
07/23/2005,MSO,MT,ANM,WE,Federal Contract Tower,12,31,12,0,55,0,15,108,0,123,12,46,120,0,178,32,0,32,210
07/24/2005,MSO,MT,ANM,WE,Federal Contract Tower,14,28,7,0,49,0,13,63,0,76,14,41,70,0,125,28,0,28,153
07/25/2005,MSO,MT,ANM,WE,Federal Contract Tower,12,38,17,0,67,0,14,91,0,105,12,52,108,0,172,32,0,32,204
07/26/2005,MSO,MT,ANM,WE,Federal Contract Tower,12,38,15,0,65,0,25,127,0,152,12,63,142,0,217,28,0,28,245
07/27/2005,MSO,MT,ANM,WE,Federal Contract Tower,12,38,13,0,63,0,10,144,0,154,12,48,157,0,217,88,0,88,305
07/28/2005,MSO,MT,ANM,WE,Federal Contract Tower,14,42,28,0,84,0,13,110,0,123,14,55,138,0,207,78,0,78,285
07/29/2005,MSO,MT,ANM,WE,Federal Contract Tower,12,40,10,0,62,0,8,98,0,106,12,48,108,0,168,32,0,32,200
07/30/2005,MSO,MT,ANM,WE,Federal Contract Tower,12,32,9,2,55,0,0,82,0,82,12,32,91,2,137,28,32,60,197
07/31/2005,MSO,MT,ANM,WE,Federal Contract Tower,14,34,13,0,61,0,10,98,0,108,14,44,111,0,169,38,0,38,207
08/01/2005,MSO,MT,ANM,WE,Federal Contract Tower,13,35,12,0,60,0,13,101,0,114,13,48,113,0,174,38,2,40,214
08/02/2005,MSO,MT,ANM,WE,Federal Contract Tower,14,35,14,0,63,0,36,82,0,118,14,71,96,0,181,40,0,40,221
08/03/2005,MSO,MT,ANM,WE,Federal Contract Tower,12,42,14,0,68,0,24,124,0,148,12,66,138,0,216,41,0,41,257
08/04/2005,MSO,MT,ANM,WE,Federal Contract Tower,15,44,13,0,72,0,31,133,0,164,15,75,146,0,236,78,0,78,314
08/05/2005,MSO,MT,ANM,WE,Federal Contract Tower,12,48,16,0,76,0,21,204,0,225,12,69,220,0,301,40,0,40,341
08/06/2005,MSO,MT,ANM,WE,Federal Contract Tower,12,36,15,0,63,2,20,174,0,196,14,56,189,0,259,40,0,40,299
08/07/2005,MSO,MT,ANM,WE,Federal Contract Tower,14,36,21,1,72,0,16,151,0,167,14,52,172,1,239,12,0,12,251
08/08/2005,MSO,MT,ANM,WE,Federal Contract Tower,12,38,22,1,73,0,20,111,0,131,12,58,133,1,204,30,0,30,234
08/09/2005,MSO,MT,ANM,WE,Federal Contract Tower,13,36,19,0,68,0,9,183,1,193,13,45,202,1,261,28,0,28,289
08/10/2005,MSO,MT,ANM,WE,Federal Contract Tower,12,51,16,0,79,0,7,106,0,113,12,58,122,0,192,0,0,0,192
08/11/2005,MSO,MT,ANM,WE,Federal Contract Tower,6,42,17,0,65,0,10,126,2,138,6,52,143,2,203,40,0,40,243
08/12/2005,MSO,MT,ANM,WE,Federal Contract Tower,13,39,25,0,77,0,8,76,0,84,13,47,101,0,161,34,0,34,195
08/13/2005,MSO,MT,ANM,WE,Federal Contract Tower,12,35,14,0,61,0,7,144,0,151,12,42,158,0,212,72,0,72,284
08/14/2005,MSO,MT,ANM,WE,Federal Contract Tower,14,33,18,1,66,0,17,119,0,136,14,50,137,1,202,26,0,26,228
08/15/2005,MSO,MT,ANM,WE,Federal Contract Tower,12,35,15,1,63,0,13,141,0,154,12,48,156,1,217,20,0,20,237
08/16/2005,MSO,MT,ANM,WE,Federal Contract Tower,12,39,16,0,67,0,11,175,0,186,12,50,191,0,253,44,0,44,297
08/17/2005,MSO,MT,ANM,WE,Federal Contract Tower,12,46,22,0,80,0,1,67,0,68,12,47,89,0,148,69,0,69,217
08/18/2005,MSO,MT,ANM,WE,Federal Contract Tower,14,45,22,0,81,0,6,65,0,71,14,51,87,0,152,70,0,70,222
08/19/2005,MSO,MT,ANM,WE,Federal Contract Tower,12,44,13,0,69,0,2,95,6,103,12,46,108,6,172,104,2,106,278
08/20/2005,MSO,MT,ANM,WE,Federal Contract Tower,12,35,13,2,62,0,5,80,0,85,12,40,93,2,147,40,2,42,189
08/21/2005,MSO,MT,ANM,WE,Federal Contract Tower,14,39,16,0,69,0,6,81,0,87,14,45,97,0,156,34,0,34,190
08/22/2005,MSO,MT,ANM,WE,Federal Contract Tower,12,37,15,0,64,0,13,72,4,89,12,50,87,4,153,50,0,50,203
08/23/2005,MSO,MT,ANM,WE,Federal Contract Tower,12,39,15,0,66,0,11,83,0,94,12,50,98,0,160,44,0,44,204
08/24/2005,MSO,MT,ANM,WE,Federal Contract Tower,10,47,14,0,71,0,0,84,0,84,10,47,98,0,155,34,0,34,189
08/25/2005,MSO,MT,ANM,WE,Federal Contract Tower,15,40,19,0,74,0,8,81,0,89,15,48,100,0,163,64,0,64,227
08/26/2005,MSO,MT,ANM,WE,Federal Contract Tower,11,47,16,0,74,0,9,79,0,88,11,56,95,0,162,36,0,36,198
08/27/2005,MSO,MT,ANM,WE,Federal Contract Tower,10,31,14,0,55,0,11,87,0,98,10,42,101,0,153,78,0,78,231
08/28/2005,MSO,MT,ANM,WE,Federal Contract Tower,12,32,17,0,61,0,15,82,0,97,12,47,99,0,158,28,0,28,186
08/29/2005,MSO,MT,ANM,WE,Federal Contract Tower,11,37,24,0,72,2,39,106,0,147,13,76,130,0,219,6,0,6,225
08/30/2005,MSO,MT,ANM,WE,Federal Contract Tower,10,46,12,2,70,0,28,82,6,116,10,74,94,8,186,54,8,62,248
08/31/2005,MSO,MT,ANM,WE,Federal Contract Tower,11,42,8,0,61,0,11,94,0,105,11,53,102,0,166,72,0,72,238
09/01/2005,MSO,MT,ANM,WE,Federal Contract Tower,13,42,7,0,62,0,14,66,0,80,13,56,73,0,142,58,0,58,200
09/02/2005,MSO,MT,ANM,WE,Federal Contract Tower,11,46,13,1,71,0,7,71,0,78,11,53,84,1,149,80,0,80,229
09/03/2005,MSO,MT,ANM,WE,Federal Contract Tower,9,47,2,0,58,0,11,75,0,86,9,58,77,0,144,106,0,106,250
09/04/2005,MSO,MT,ANM,WE,Federal Contract Tower,10,32,6,0,48,0,6,46,0,52,10,38,52,0,100,22,0,22,122
09/05/2005,MSO,MT,ANM,WE,Federal Contract Tower,10,36,19,0,65,0,18,89,0,107,10,54,108,0,172,20,0,20,192
09/06/2005,MSO,MT,ANM,WE,Federal Contract Tower,10,45,10,3,68,0,8,87,0,95,10,53,97,3,163,38,0,38,201
09/07/2005,MSO,MT,ANM,WE,Federal Contract Tower,10,43,15,2,70,0,26,68,0,94,10,69,83,2,164,40,0,40,204
09/08/2005,MSO,MT,ANM,WE,Federal Contract Tower,12,38,11,0,61,0,4,111,1,116,12,42,122,1,177,72,0,72,249
09/09/2005,MSO,MT,ANM,WE,Federal Contract Tower,12,39,29,2,82,0,10,69,0,79,12,49,98,2,161,76,0,76,237
09/10/2005,MSO,MT,ANM,WE,Federal Contract Tower,11,42,13,0,66,0,11,9,0,20,11,53,22,0,86,6,0,6,92
09/11/2005,MSO,MT,ANM,WE,Federal Contract Tower,13,35,21,2,71,0,5,46,0,51,13,40,67,2,122,16,0,16,138
09/12/2005,MSO,MT,ANM,WE,Federal Contract Tower,9,36,15,0,60,0,10,36,2,48,9,46,51,2,108,20,0,20,128
09/13/2005,MSO,MT,ANM,WE,Federal Contract Tower,9,46,16,0,71,0,9,53,2,64,9,55,69,2,135,35,0,35,170
09/14/2005,MSO,MT,ANM,WE,Federal Contract Tower,9,37,14,4,64,0,5,70,0,75,9,42,84,4,139,78,2,80,219
09/15/2005,MSO,MT,ANM,WE,Federal Contract Tower,12,40,16,0,68,0,8,53,0,61,12,48,69,0,129,54,0,54,183
09/16/2005,MSO,MT,ANM,WE,Federal Contract Tower,9,48,21,0,78,0,6,54,0,60,9,54,75,0,138,42,0,42,180
09/17/2005,MSO,MT,ANM,WE,Federal Contract Tower,9,33,5,0,47,0,5,6,0,11,9,38,11,0,58,0,0,0,58
09/18/2005,MSO,MT,ANM,WE,Federal Contract Tower,13,32,6,0,51,0,13,52,0,65,13,45,58,0,116,28,0,28,144
09/19/2005,MSO,MT,ANM,WE,Federal Contract Tower,9,32,9,0,50,0,11,61,0,72,9,43,70,0,122,66,0,66,188
09/20/2005,MSO,MT,ANM,WE,Federal Contract Tower,9,42,5,0,56,0,17,73,0,90,9,59,78,0,146,56,0,56,202
09/21/2005,MSO,MT,ANM,WE,Federal Contract Tower,9,42,5,0,56,0,1,50,0,51,9,43,55,0,107,25,0,25,132
09/22/2005,MSO,MT,ANM,WE,Federal Contract Tower,14,51,13,0,78,0,6,52,2,60,14,57,65,2,138,52,0,52,190
09/23/2005,MSO,MT,ANM,WE,Federal Contract Tower,9,47,18,0,74,0,20,6,1,27,9,67,24,1,101,14,0,14,115
09/24/2005,MSO,MT,ANM,WE,Federal Contract Tower,9,31,8,0,48,0,22,2,0,24,9,53,10,0,72,0,0,0,72
09/25/2005,MSO,MT,ANM,WE,Federal Contract Tower,13,31,14,0,58,0,12,38,0,50,13,43,52,0,108,24,0,24,132
09/26/2005,MSO,MT,ANM,WE,Federal Contract Tower,9,37,13,0,59,0,26,63,0,89,9,63,76,0,148,64,0,64,212
09/27/2005,MSO,MT,ANM,WE,Federal Contract Tower,9,46,16,0,71,0,18,53,0,71,9,64,69,0,142,90,0,90,232
09/28/2005,MSO,MT,ANM,WE,Federal Contract Tower,9,42,20,0,71,0,14,79,0,93,9,56,99,0,164,68,0,68,232
09/29/2005,MSO,MT,ANM,WE,Federal Contract Tower,11,42,20,2,75,0,10,32,2,44,11,52,52,4,119,66,2,68,187
09/30/2005,MSO,MT,ANM,WE,Federal Contract Tower,9,50,18,2,79,0,8,42,0,50,9,58,60,2,129,26,0,26,155
10/01/2005,MSO,MT,ANM,WE,Federal Contract Tower,9,34,4,0,47,0,3,8,0,11,9,37,12,0,58,12,0,12,70
10/02/2005,MSO,MT,ANM,WE,Federal Contract Tower,11,35,10,0,56,0,19,29,0,48,11,54,39,0,104,48,0,48,152
10/03/2005,MSO,MT,ANM,WE,Federal Contract Tower,9,38,13,0,60,0,10,25,0,35,9,48,38,0,95,28,0,28,123
10/04/2005,MSO,MT,ANM,WE,Federal Contract Tower,10,40,21,0,71,0,6,27,0,33,10,46,48,0,104,46,0,46,150
10/05/2005,MSO,MT,ANM,WE,Federal Contract Tower,9,43,11,0,63,0,10,62,0,72,9,53,73,0,135,54,0,54,189
10/06/2005,MSO,MT,ANM,WE,Federal Contract Tower,11,41,25,0,77,0,8,50,0,58,11,49,75,0,135,96,0,96,231
10/07/2005,MSO,MT,ANM,WE,Federal Contract Tower,13,45,7,0,65,0,13,32,0,45,13,58,39,0,110,75,0,75,185
10/08/2005,MSO,MT,ANM,WE,Federal Contract Tower,9,34,3,0,46,0,13,29,0,42,9,47,32,0,88,40,0,40,128
10/09/2005,MSO,MT,ANM,WE,Federal Contract Tower,11,28,4,0,43,0,3,37,0,40,11,31,41,0,83,96,0,96,179
10/10/2005,MSO,MT,ANM,WE,Federal Contract Tower,10,35,9,0,54,0,14,53,0,67,10,49,62,0,121,16,0,16,137
10/11/2005,MSO,MT,ANM,WE,Federal Contract Tower,9,50,11,0,70,0,19,40,0,59,9,69,51,0,129,46,0,46,175
10/12/2005,MSO,MT,ANM,WE,Federal Contract Tower,9,42,7,0,58,0,14,57,0,71,9,56,64,0,129,56,0,56,185
10/13/2005,MSO,MT,ANM,WE,Federal Contract Tower,11,49,14,0,74,0,5,27,0,32,11,54,41,0,106,24,0,24,130
10/14/2005,MSO,MT,ANM,WE,Federal Contract Tower,9,41,7,0,57,0,13,36,0,49,9,54,43,0,106,26,0,26,132
10/15/2005,MSO,MT,ANM,WE,Federal Contract Tower,9,33,7,0,49,0,10,46,0,56,9,43,53,0,105,38,0,38,143
10/16/2005,MSO,MT,ANM,WE,Federal Contract Tower,11,29,13,0,53,0,10,35,0,45,11,39,48,0,98,80,0,80,178
10/17/2005,MSO,MT,ANM,WE,Federal Contract Tower,9,30,5,0,44,0,14,20,0,34,9,44,25,0,78,43,0,43,121
10/18/2005,MSO,MT,ANM,WE,Federal Contract Tower,9,41,12,0,62,0,13,62,0,75,9,54,74,0,137,77,0,77,214
10/19/2005,MSO,MT,ANM,WE,Federal Contract Tower,11,44,20,0,75,0,8,27,0,35,11,52,47,0,110,60,0,60,170
10/20/2005,MSO,MT,ANM,WE,Federal Contract Tower,11,41,15,0,67,0,12,10,0,22,11,53,25,0,89,30,0,30,119
10/21/2005,MSO,MT,ANM,WE,Federal Contract Tower,11,42,16,0,69,0,6,48,0,54,11,48,64,0,123,58,0,58,181
10/22/2005,MSO,MT,ANM,WE,Federal Contract Tower,9,30,13,0,52,0,14,43,0,57,9,44,56,0,109,18,0,18,127
10/23/2005,MSO,MT,ANM,WE,Federal Contract Tower,10,30,17,0,57,0,11,38,0,49,10,41,55,0,106,12,0,12,118
10/24/2005,MSO,MT,ANM,WE,Federal Contract Tower,8,36,8,0,52,0,9,51,0,60,8,45,59,0,112,16,0,16,128
10/25/2005,MSO,MT,ANM,WE,Federal Contract Tower,8,36,10,0,54,0,8,16,0,24,8,44,26,0,78,49,0,49,127
10/26/2005,MSO,MT,ANM,WE,Federal Contract Tower,8,60,15,0,83,0,10,40,0,50,8,70,55,0,133,12,0,12,145
10/27/2005,MSO,MT,ANM,WE,Federal Contract Tower,11,43,16,0,70,0,6,13,0,19,11,49,29,0,89,12,0,12,101
10/28/2005,MSO,MT,ANM,WE,Federal Contract Tower,10,46,28,0,84,0,4,0,0,4,10,50,28,0,88,25,0,25,113
10/29/2005,MSO,MT,ANM,WE,Federal Contract Tower,11,31,17,0,59,0,7,16,0,23,11,38,33,0,82,42,0,42,124
10/30/2005,MSO,MT,ANM,WE,Federal Contract Tower,11,30,1,0,42,0,7,19,0,26,11,37,20,0,68,6,0,6,74
10/31/2005,MSO,MT,ANM,WE,Federal Contract Tower,9,31,5,0,45,0,0,8,0,8,9,31,13,0,53,22,0,22,75
11/01/2005,MSO,MT,ANM,WE,Federal Contract Tower,9,36,10,0,55,0,13,14,0,27,9,49,24,0,82,4,0,4,86
11/02/2005,MSO,MT,ANM,WE,Federal Contract Tower,9,37,12,0,58,0,13,31,0,44,9,50,43,0,102,0,0,0,102
11/03/2005,MSO,MT,ANM,WE,Federal Contract Tower,11,38,20,0,69,0,5,10,0,15,11,43,30,0,84,4,0,4,88
11/04/2005,MSO,MT,ANM,WE,Federal Contract Tower,11,42,19,2,74,0,11,19,0,30,11,53,38,2,104,2,0,2,106
11/05/2005,MSO,MT,ANM,WE,Federal Contract Tower,11,25,1,0,37,0,4,4,0,8,11,29,5,0,45,0,0,0,45
11/06/2005,MSO,MT,ANM,WE,Federal Contract Tower,10,25,2,2,39,0,6,10,0,16,10,31,12,2,55,6,0,6,61
11/07/2005,MSO,MT,ANM,WE,Federal Contract Tower,0,40,7,0,47,9,8,0,0,17,9,48,7,0,64,0,0,0,64
11/08/2005,MSO,MT,ANM,WE,Federal Contract Tower,9,37,10,0,56,0,16,17,6,39,9,53,27,6,95,14,0,14,109
11/09/2005,MSO,MT,ANM,WE,Federal Contract Tower,9,39,17,3,68,0,14,50,1,65,9,53,67,4,133,4,5,9,142
11/10/2005,MSO,MT,ANM,WE,Federal Contract Tower,13,54,25,0,92,0,5,26,0,31,13,59,51,0,123,30,0,30,153
11/11/2005,MSO,MT,ANM,WE,Federal Contract Tower,13,36,11,0,60,0,0,10,0,10,13,36,21,0,70,0,0,0,70
11/12/2005,MSO,MT,ANM,WE,Federal Contract Tower,9,30,10,0,49,0,6,13,0,19,9,36,23,0,68,6,0,6,74
11/13/2005,MSO,MT,ANM,WE,Federal Contract Tower,11,27,9,0,47,0,12,4,0,16,11,39,13,0,63,12,0,12,75
11/14/2005,MSO,MT,ANM,WE,Federal Contract Tower,9,36,10,0,55,0,10,23,0,33,9,46,33,0,88,18,0,18,106
11/15/2005,MSO,MT,ANM,WE,Federal Contract Tower,9,35,16,0,60,0,9,30,1,40,9,44,46,1,100,26,0,26,126
11/16/2005,MSO,MT,ANM,WE,Federal Contract Tower,9,41,18,0,68,0,4,17,0,21,9,45,35,0,89,24,0,24,113
11/17/2005,MSO,MT,ANM,WE,Federal Contract Tower,11,35,15,0,61,0,9,34,10,53,11,44,49,10,114,58,2,60,174
11/18/2005,MSO,MT,ANM,WE,Federal Contract Tower,7,37,10,0,54,0,0,10,0,10,7,37,20,0,64,34,0,34,98
11/19/2005,MSO,MT,ANM,WE,Federal Contract Tower,7,5,3,0,15,0,0,0,0,0,7,5,3,0,15,0,0,0,15
11/20/2005,MSO,MT,ANM,WE,Federal Contract Tower,0,0,1,0,1,0,0,0,0,0,0,0,1,0,1,0,0,0,1
11/21/2005,MSO,MT,ANM,WE,Federal Contract Tower,0,9,3,0,12,0,0,0,0,0,0,9,3,0,12,0,0,0,12
11/22/2005,MSO,MT,ANM,WE,Federal Contract Tower,4,18,8,0,30,0,0,0,0,0,4,18,8,0,30,0,0,0,30
11/23/2005,MSO,MT,ANM,WE,Federal Contract Tower,6,32,7,0,45,0,0,0,0,0,6,32,7,0,45,0,0,0,45
11/24/2005,MSO,MT,ANM,WE,Federal Contract Tower,8,20,0,0,28,0,0,0,0,0,8,20,0,0,28,0,0,0,28
11/25/2005,MSO,MT,ANM,WE,Federal Contract Tower,7,36,3,0,46,0,2,2,0,4,7,38,5,0,50,0,0,0,50
11/26/2005,MSO,MT,ANM,WE,Federal Contract Tower,11,30,8,0,49,0,1,10,0,11,11,31,18,0,60,4,0,4,64
11/27/2005,MSO,MT,ANM,WE,Federal Contract Tower,11,26,19,0,56,0,0,11,0,11,11,26,30,0,67,0,0,0,67
11/28/2005,MSO,MT,ANM,WE,Federal Contract Tower,9,34,11,0,54,0,6,39,0,45,9,40,50,0,99,28,0,28,127
11/29/2005,MSO,MT,ANM,WE,Federal Contract Tower,9,39,10,0,58,0,4,8,0,12,9,43,18,0,70,10,0,10,80
11/30/2005,MSO,MT,ANM,WE,Federal Contract Tower,9,35,14,0,58,0,7,3,0,10,9,42,17,0,68,0,0,0,68
12/01/2005,MSO,MT,ANM,WE,Federal Contract Tower,10,36,15,2,63,0,0,10,0,10,10,36,25,2,73,6,4,10,83
12/02/2005,MSO,MT,ANM,WE,Federal Contract Tower,9,30,10,2,51,0,3,0,0,3,9,33,10,2,54,0,19,19,73
12/03/2005,MSO,MT,ANM,WE,Federal Contract Tower,10,25,9,0,44,0,11,2,0,13,10,36,11,0,57,20,0,20,77
12/04/2005,MSO,MT,ANM,WE,Federal Contract Tower,11,21,10,2,44,0,12,29,0,41,11,33,39,2,85,20,0,20,105
12/05/2005,MSO,MT,ANM,WE,Federal Contract Tower,7,28,11,0,46,0,12,17,0,29,7,40,28,0,75,0,0,0,75
12/06/2005,MSO,MT,ANM,WE,Federal Contract Tower,10,30,15,0,55,0,8,18,0,26,10,38,33,0,81,30,0,30,111
12/07/2005,MSO,MT,ANM,WE,Federal Contract Tower,10,30,13,0,53,0,15,24,0,39,10,45,37,0,92,22,0,22,114
12/08/2005,MSO,MT,ANM,WE,Federal Contract Tower,12,31,10,3,56,0,6,14,0,20,12,37,24,3,76,32,12,44,120
12/09/2005,MSO,MT,ANM,WE,Federal Contract Tower,10,33,12,0,55,0,10,17,0,27,10,43,29,0,82,4,0,4,86
12/10/2005,MSO,MT,ANM,WE,Federal Contract Tower,9,26,9,0,44,0,8,29,0,37,9,34,38,0,81,34,0,34,115
12/11/2005,MSO,MT,ANM,WE,Federal Contract Tower,11,16,14,0,41,0,23,23,0,46,11,39,37,0,87,38,0,38,125
12/12/2005,MSO,MT,ANM,WE,Federal Contract Tower,7,29,17,0,53,0,8,13,0,21,7,37,30,0,74,14,0,14,88
12/13/2005,MSO,MT,ANM,WE,Federal Contract Tower,11,32,8,0,51,0,7,10,0,17,11,39,18,0,68,42,0,42,110
12/14/2005,MSO,MT,ANM,WE,Federal Contract Tower,10,30,17,0,57,0,4,23,0,27,10,34,40,0,84,28,0,28,112
12/15/2005,MSO,MT,ANM,WE,Federal Contract Tower,12,39,13,0,64,0,10,16,0,26,12,49,29,0,90,2,0,2,92
12/16/2005,MSO,MT,ANM,WE,Federal Contract Tower,10,38,16,0,64,0,4,5,0,9,10,42,21,0,73,0,0,0,73
12/17/2005,MSO,MT,ANM,WE,Federal Contract Tower,10,27,2,0,39,0,0,30,0,30,10,27,32,0,69,26,0,26,95
12/18/2005,MSO,MT,ANM,WE,Federal Contract Tower,11,18,5,0,34,0,10,20,2,32,11,28,25,2,66,16,0,16,82
12/19/2005,MSO,MT,ANM,WE,Federal Contract Tower,8,39,10,0,57,0,9,34,0,43,8,48,44,0,100,28,0,28,128
12/20/2005,MSO,MT,ANM,WE,Federal Contract Tower,10,29,22,0,61,0,13,17,0,30,10,42,39,0,91,11,0,11,102
12/21/2005,MSO,MT,ANM,WE,Federal Contract Tower,6,36,17,0,59,0,13,9,11,33,6,49,26,11,92,23,10,33,125
12/22/2005,MSO,MT,ANM,WE,Federal Contract Tower,10,45,20,0,75,0,12,2,0,14,10,57,22,0,89,0,0,0,89
12/23/2005,MSO,MT,ANM,WE,Federal Contract Tower,10,39,9,0,58,0,1,9,0,10,10,40,18,0,68,5,0,5,73
12/24/2005,MSO,MT,ANM,WE,Federal Contract Tower,9,19,4,0,32,0,5,3,1,9,9,24,7,1,41,0,0,0,41
12/25/2005,MSO,MT,ANM,WE,Federal Contract Tower,10,19,1,0,30,0,8,3,0,11,10,27,4,0,41,0,0,0,41
12/26/2005,MSO,MT,ANM,WE,Federal Contract Tower,9,21,11,0,41,0,4,2,0,6,9,25,13,0,47,12,0,12,59
12/27/2005,MSO,MT,ANM,WE,Federal Contract Tower,9,35,11,0,55,0,3,7,0,10,9,38,18,0,65,18,8,26,91
12/28/2005,MSO,MT,ANM,WE,Federal Contract Tower,10,37,7,0,54,0,0,0,0,0,10,37,7,0,54,0,0,0,54
12/29/2005,MSO,MT,ANM,WE,Federal Contract Tower,12,35,3,0,50,0,8,13,0,21,12,43,16,0,71,22,0,22,93
12/30/2005,MSO,MT,ANM,WE,Federal Contract Tower,8,38,11,0,57,0,1,2,0,3,8,39,13,0,60,9,0,9,69
12/31/2005,MSO,MT,ANM,WE,Federal Contract Tower,8,21,4,0,33,0,0,4,0,4,8,21,8,0,37,0,0,0,37
01/01/2006,MSO,MT,ANM,WE,Federal Contract Tower,10,21,7,0,38,0,16,25,0,41,10,37,32,0,79,44,0,44,123
01/02/2006,MSO,MT,ANM,WE,Federal Contract Tower,10,28,8,0,46,0,21,21,0,42,10,49,29,0,88,42,0,42,130
01/03/2006,MSO,MT,ANM,WE,Federal Contract Tower,10,34,8,0,52,0,4,7,0,11,10,38,15,0,63,72,0,72,135
01/04/2006,MSO,MT,ANM,WE,Federal Contract Tower,8,35,8,0,51,0,14,15,0,29,8,49,23,0,80,42,0,42,122
01/05/2006,MSO,MT,ANM,WE,Federal Contract Tower,10,38,14,2,64,0,12,43,0,55,10,50,57,2,119,38,14,52,171
01/06/2006,MSO,MT,ANM,WE,Federal Contract Tower,8,33,9,0,50,0,0,16,0,16,8,33,25,0,66,44,0,44,110
01/07/2006,MSO,MT,ANM,WE,Federal Contract Tower,8,23,2,0,33,0,8,3,0,11,8,31,5,0,44,11,0,11,55
01/08/2006,MSO,MT,ANM,WE,Federal Contract Tower,10,19,6,2,37,0,6,24,0,30,10,25,30,2,67,18,0,18,85
01/09/2006,MSO,MT,ANM,WE,Federal Contract Tower,8,23,10,0,41,0,10,20,0,30,8,33,30,0,71,0,0,0,71
01/10/2006,MSO,MT,ANM,WE,Federal Contract Tower,9,28,4,0,41,0,5,25,0,30,9,33,29,0,71,68,0,68,139
01/11/2006,MSO,MT,ANM,WE,Federal Contract Tower,8,33,14,0,55,0,14,17,0,31,8,47,31,0,86,4,0,4,90
01/12/2006,MSO,MT,ANM,WE,Federal Contract Tower,10,33,11,0,54,0,10,31,0,41,10,43,42,0,95,26,0,26,121
01/13/2006,MSO,MT,ANM,WE,Federal Contract Tower,8,31,16,0,55,0,4,4,0,8,8,35,20,0,63,26,0,26,89
01/14/2006,MSO,MT,ANM,WE,Federal Contract Tower,10,25,7,0,42,0,0,18,0,18,10,25,25,0,60,42,0,42,102
01/15/2006,MSO,MT,ANM,WE,Federal Contract Tower,10,21,8,2,41,0,12,21,0,33,10,33,29,2,74,40,22,62,136
01/16/2006,MSO,MT,ANM,WE,Federal Contract Tower,8,29,13,0,50,0,14,38,0,52,8,43,51,0,102,90,0,90,192
01/17/2006,MSO,MT,ANM,WE,Federal Contract Tower,10,35,4,0,49,0,4,17,0,21,10,39,21,0,70,12,0,12,82
01/18/2006,MSO,MT,ANM,WE,Federal Contract Tower,8,30,4,0,42,0,12,24,0,36,8,42,28,0,78,58,0,58,136
01/19/2006,MSO,MT,ANM,WE,Federal Contract Tower,9,30,14,0,53,0,10,24,0,34,9,40,38,0,87,78,0,78,165
01/20/2006,MSO,MT,ANM,WE,Federal Contract Tower,8,39,7,2,56,0,9,10,0,19,8,48,17,2,75,4,0,4,79
01/21/2006,MSO,MT,ANM,WE,Federal Contract Tower,8,23,5,0,36,0,11,6,0,17,8,34,11,0,53,6,0,6,59
01/22/2006,MSO,MT,ANM,WE,Federal Contract Tower,10,21,3,1,35,0,12,26,3,41,10,33,29,4,76,28,0,28,104
01/23/2006,MSO,MT,ANM,WE,Federal Contract Tower,8,26,8,2,44,0,8,20,0,28,8,34,28,2,72,38,0,38,110
01/24/2006,MSO,MT,ANM,WE,Federal Contract Tower,8,30,5,0,43,0,9,56,0,65,8,39,61,0,108,76,0,76,184
01/25/2006,MSO,MT,ANM,WE,Federal Contract Tower,8,34,7,4,53,0,14,39,0,53,8,48,46,4,106,73,0,73,179
01/26/2006,MSO,MT,ANM,WE,Federal Contract Tower,9,34,16,6,65,0,10,24,0,34,9,44,40,6,99,22,4,26,125
01/27/2006,MSO,MT,ANM,WE,Federal Contract Tower,8,36,13,0,57,0,10,33,0,43,8,46,46,0,100,42,0,42,142
01/28/2006,MSO,MT,ANM,WE,Federal Contract Tower,8,31,5,0,44,0,6,3,0,9,8,37,8,0,53,6,0,6,59
01/29/2006,MSO,MT,ANM,WE,Federal Contract Tower,10,20,1,0,31,0,13,18,0,31,10,33,19,0,62,6,0,6,68
01/30/2006,MSO,MT,ANM,WE,Federal Contract Tower,8,24,10,0,42,0,14,19,0,33,8,38,29,0,75,0,0,0,75
01/31/2006,MSO,MT,ANM,WE,Federal Contract Tower,8,30,9,0,47,0,8,26,0,34,8,38,35,0,81,39,0,39,120
02/01/2006,MSO,MT,ANM,WE,Federal Contract Tower,8,35,6,0,49,0,2,1,0,3,8,37,7,0,52,0,0,0,52
02/02/2006,MSO,MT,ANM,WE,Federal Contract Tower,10,35,8,0,53,0,12,12,0,24,10,47,20,0,77,30,0,30,107
02/03/2006,MSO,MT,ANM,WE,Federal Contract Tower,9,35,8,0,52,0,8,20,0,28,9,43,28,0,80,74,0,74,154
02/04/2006,MSO,MT,ANM,WE,Federal Contract Tower,9,25,4,0,38,0,0,4,0,4,9,25,8,0,42,2,0,2,44
02/05/2006,MSO,MT,ANM,WE,Federal Contract Tower,10,24,0,0,34,0,13,15,0,28,10,37,15,0,62,0,0,0,62
02/06/2006,MSO,MT,ANM,WE,Federal Contract Tower,8,38,7,0,53,0,11,42,0,53,8,49,49,0,106,54,0,54,160
02/07/2006,MSO,MT,ANM,WE,Federal Contract Tower,8,32,8,0,48,0,7,59,0,66,8,39,67,0,114,76,0,76,190
02/08/2006,MSO,MT,ANM,WE,Federal Contract Tower,8,32,16,0,56,0,24,38,4,66,8,56,54,4,122,68,0,68,190
02/09/2006,MSO,MT,ANM,WE,Federal Contract Tower,10,33,4,2,49,0,6,25,0,31,10,39,29,2,80,20,8,28,108
02/10/2006,MSO,MT,ANM,WE,Federal Contract Tower,8,32,10,2,52,0,0,47,0,47,8,32,57,2,99,29,0,29,128
02/11/2006,MSO,MT,ANM,WE,Federal Contract Tower,8,23,5,0,36,0,6,44,0,50,8,29,49,0,86,56,0,56,142
02/12/2006,MSO,MT,ANM,WE,Federal Contract Tower,10,19,6,2,37,0,15,53,0,68,10,34,59,2,105,58,0,58,163
02/13/2006,MSO,MT,ANM,WE,Federal Contract Tower,8,31,6,0,45,0,13,32,4,49,8,44,38,4,94,96,0,96,190
02/14/2006,MSO,MT,ANM,WE,Federal Contract Tower,8,32,4,0,44,0,9,22,1,32,8,41,26,1,76,44,0,44,120
02/15/2006,MSO,MT,ANM,WE,Federal Contract Tower,8,29,17,0,54,0,30,30,2,62,8,59,47,2,116,52,0,52,168
02/16/2006,MSO,MT,ANM,WE,Federal Contract Tower,12,30,15,0,57,0,1,0,0,1,12,31,15,0,58,0,0,0,58
02/17/2006,MSO,MT,ANM,WE,Federal Contract Tower,10,33,4,0,47,0,7,12,0,19,10,40,16,0,66,0,0,0,66
02/18/2006,MSO,MT,ANM,WE,Federal Contract Tower,10,22,2,0,34,0,6,13,0,19,10,28,15,0,53,26,0,26,79
02/19/2006,MSO,MT,ANM,WE,Federal Contract Tower,12,17,7,0,36,0,16,24,0,40,12,33,31,0,76,26,0,26,102
02/20/2006,MSO,MT,ANM,WE,Federal Contract Tower,10,24,8,0,42,0,23,31,0,54,10,47,39,0,96,24,0,24,120
02/21/2006,MSO,MT,ANM,WE,Federal Contract Tower,10,26,11,0,47,0,13,6,0,19,10,39,17,0,66,48,0,48,114
02/22/2006,MSO,MT,ANM,WE,Federal Contract Tower,10,34,16,1,61,0,17,9,3,29,10,51,25,4,90,62,0,62,152
02/23/2006,MSO,MT,ANM,WE,Federal Contract Tower,12,38,14,1,65,0,13,9,1,23,12,51,23,2,88,0,0,0,88
02/24/2006,MSO,MT,ANM,WE,Federal Contract Tower,8,31,17,0,56,0,0,16,0,16,8,31,33,0,72,6,0,6,78
02/25/2006,MSO,MT,ANM,WE,Federal Contract Tower,10,22,7,0,39,0,9,36,0,45,10,31,43,0,84,12,0,12,96
02/26/2006,MSO,MT,ANM,WE,Federal Contract Tower,12,17,8,0,37,0,16,39,0,55,12,33,47,0,92,98,0,98,190
02/27/2006,MSO,MT,ANM,WE,Federal Contract Tower,10,28,12,0,50,0,11,15,0,26,10,39,27,0,76,10,0,10,86
02/28/2006,MSO,MT,ANM,WE,Federal Contract Tower,10,39,8,0,57,0,5,7,0,12,10,44,15,0,69,26,0,26,95
03/01/2006,MSO,MT,ANM,WE,Federal Contract Tower,11,31,17,0,59,0,9,39,0,48,11,40,56,0,107,40,0,40,147
03/02/2006,MSO,MT,ANM,WE,Federal Contract Tower,12,30,5,0,47,0,8,30,0,38,12,38,35,0,85,28,0,28,113
03/03/2006,MSO,MT,ANM,WE,Federal Contract Tower,10,33,11,2,56,0,13,21,1,35,10,46,32,3,91,29,0,29,120
03/04/2006,MSO,MT,ANM,WE,Federal Contract Tower,10,21,6,0,37,0,0,0,0,0,10,21,6,0,37,0,0,0,37
03/05/2006,MSO,MT,ANM,WE,Federal Contract Tower,13,24,1,2,40,0,15,36,0,51,13,39,37,2,91,36,0,36,127
03/06/2006,MSO,MT,ANM,WE,Federal Contract Tower,10,26,7,0,43,0,10,17,3,30,10,36,24,3,73,22,0,22,95
03/07/2006,MSO,MT,ANM,WE,Federal Contract Tower,9,29,14,0,52,0,7,23,1,31,9,36,37,1,83,10,0,10,93
03/08/2006,MSO,MT,ANM,WE,Federal Contract Tower,10,30,10,0,50,0,14,21,0,35,10,44,31,0,85,82,0,82,167
03/09/2006,MSO,MT,ANM,WE,Federal Contract Tower,12,34,5,0,51,0,8,7,0,15,12,42,12,0,66,30,0,30,96
03/10/2006,MSO,MT,ANM,WE,Federal Contract Tower,10,29,13,0,52,0,11,36,2,49,10,40,49,2,101,71,0,71,172
03/11/2006,MSO,MT,ANM,WE,Federal Contract Tower,10,25,15,0,50,0,6,39,0,45,10,31,54,0,95,30,0,30,125
03/12/2006,MSO,MT,ANM,WE,Federal Contract Tower,11,20,10,0,41,0,12,59,0,71,11,32,69,0,112,70,0,70,182
03/13/2006,MSO,MT,ANM,WE,Federal Contract Tower,9,24,6,0,39,0,14,42,0,56,9,38,48,0,95,28,0,28,123
03/14/2006,MSO,MT,ANM,WE,Federal Contract Tower,11,28,12,0,51,0,21,16,0,37,11,49,28,0,88,8,0,8,96
03/15/2006,MSO,MT,ANM,WE,Federal Contract Tower,11,34,15,0,60,0,3,12,0,15,11,37,27,0,75,16,0,16,91
03/16/2006,MSO,MT,ANM,WE,Federal Contract Tower,12,35,13,0,60,0,6,30,0,36,12,41,43,0,96,34,0,34,130
03/17/2006,MSO,MT,ANM,WE,Federal Contract Tower,10,31,19,0,60,0,14,13,0,27,10,45,32,0,87,58,0,58,145
03/18/2006,MSO,MT,ANM,WE,Federal Contract Tower,11,33,1,0,45,0,3,17,0,20,11,36,18,0,65,19,0,19,84
03/19/2006,MSO,MT,ANM,WE,Federal Contract Tower,11,24,11,0,46,0,11,15,0,26,11,35,26,0,72,20,0,20,92
03/20/2006,MSO,MT,ANM,WE,Federal Contract Tower,10,29,12,0,51,0,13,35,0,48,10,42,47,0,99,38,0,38,137
03/21/2006,MSO,MT,ANM,WE,Federal Contract Tower,12,32,19,2,65,0,19,33,1,53,12,51,52,3,118,59,0,59,177
03/22/2006,MSO,MT,ANM,WE,Federal Contract Tower,10,36,9,2,57,0,13,27,0,40,10,49,36,2,97,6,0,6,103
03/23/2006,MSO,MT,ANM,WE,Federal Contract Tower,12,33,13,5,63,0,7,42,0,49,12,40,55,5,112,72,4,76,188
03/24/2006,MSO,MT,ANM,WE,Federal Contract Tower,10,35,26,0,71,0,2,40,0,42,10,37,66,0,113,16,0,16,129
03/25/2006,MSO,MT,ANM,WE,Federal Contract Tower,10,28,10,0,48,0,7,22,0,29,10,35,32,0,77,42,0,42,119
03/26/2006,MSO,MT,ANM,WE,Federal Contract Tower,11,20,14,0,45,0,13,23,0,36,11,33,37,0,81,38,0,38,119
03/27/2006,MSO,MT,ANM,WE,Federal Contract Tower,10,23,12,0,45,0,7,46,0,53,10,30,58,0,98,26,0,26,124
03/28/2006,MSO,MT,ANM,WE,Federal Contract Tower,10,28,17,0,55,0,10,48,0,58,10,38,65,0,113,76,0,76,189
03/29/2006,MSO,MT,ANM,WE,Federal Contract Tower,10,29,8,0,47,0,4,2,0,6,10,33,10,0,53,0,0,0,53
03/30/2006,MSO,MT,ANM,WE,Federal Contract Tower,10,37,8,0,55,0,8,30,0,38,10,45,38,0,93,46,0,46,139
03/31/2006,MSO,MT,ANM,WE,Federal Contract Tower,10,32,22,2,66,0,10,14,0,24,10,42,36,2,90,18,0,18,108
04/01/2006,MSO,MT,ANM,WE,Federal Contract Tower,11,24,8,0,43,0,6,14,0,20,11,30,22,0,63,42,0,42,105
04/02/2006,MSO,MT,ANM,WE,Federal Contract Tower,12,23,8,4,47,0,2,42,2,46,12,25,50,6,93,88,4,92,185
04/03/2006,MSO,MT,ANM,WE,Federal Contract Tower,10,29,10,0,49,0,7,37,0,44,10,36,47,0,93,54,0,54,147
04/04/2006,MSO,MT,ANM,WE,Federal Contract Tower,10,27,12,0,49,0,5,14,0,19,10,32,26,0,68,52,0,52,120
04/05/2006,MSO,MT,ANM,WE,Federal Contract Tower,10,36,9,0,55,0,4,3,0,7,10,40,12,0,62,46,0,46,108
04/06/2006,MSO,MT,ANM,WE,Federal Contract Tower,12,34,11,0,57,0,10,5,0,15,12,44,16,0,72,44,0,44,116
04/07/2006,MSO,MT,ANM,WE,Federal Contract Tower,10,31,11,0,52,0,12,58,0,70,10,43,69,0,122,64,0,64,186
04/08/2006,MSO,MT,ANM,WE,Federal Contract Tower,9,28,8,0,45,0,8,38,0,46,9,36,46,0,91,24,0,24,115
04/09/2006,MSO,MT,ANM,WE,Federal Contract Tower,11,25,16,0,52,0,10,28,0,38,11,35,44,0,90,47,0,47,137
04/10/2006,MSO,MT,ANM,WE,Federal Contract Tower,10,25,8,0,43,0,7,29,0,36,10,32,37,0,79,30,0,30,109
04/11/2006,MSO,MT,ANM,WE,Federal Contract Tower,10,36,20,2,68,0,7,29,0,36,10,43,49,2,104,26,20,46,150
04/12/2006,MSO,MT,ANM,WE,Federal Contract Tower,10,32,11,0,53,0,7,33,2,42,10,39,44,2,95,18,0,18,113
04/13/2006,MSO,MT,ANM,WE,Federal Contract Tower,12,32,20,0,64,0,8,10,0,18,12,40,30,0,82,68,0,68,150
04/14/2006,MSO,MT,ANM,WE,Federal Contract Tower,10,34,16,0,60,0,8,16,0,24,10,42,32,0,84,18,0,18,102
04/15/2006,MSO,MT,ANM,WE,Federal Contract Tower,9,23,4,0,36,0,4,26,0,30,9,27,30,0,66,10,0,10,76
04/16/2006,MSO,MT,ANM,WE,Federal Contract Tower,12,24,9,0,45,0,4,11,0,15,12,28,20,0,60,16,0,16,76
04/17/2006,MSO,MT,ANM,WE,Federal Contract Tower,10,29,22,0,61,0,6,11,0,17,10,35,33,0,78,7,0,7,85
04/18/2006,MSO,MT,ANM,WE,Federal Contract Tower,10,35,16,0,61,0,7,23,0,30,10,42,39,0,91,0,0,0,91
04/19/2006,MSO,MT,ANM,WE,Federal Contract Tower,10,31,7,0,48,0,10,59,0,69,10,41,66,0,117,76,0,76,193
04/20/2006,MSO,MT,ANM,WE,Federal Contract Tower,13,33,20,0,66,0,6,38,0,44,13,39,58,0,110,78,0,78,188
04/21/2006,MSO,MT,ANM,WE,Federal Contract Tower,10,31,9,0,50,0,6,54,0,60,10,37,63,0,110,34,0,34,144
04/22/2006,MSO,MT,ANM,WE,Federal Contract Tower,11,28,10,0,49,0,9,27,0,36,11,37,37,0,85,14,0,14,99
04/23/2006,MSO,MT,ANM,WE,Federal Contract Tower,12,22,7,0,41,0,6,15,0,21,12,28,22,0,62,10,6,16,78
04/24/2006,MSO,MT,ANM,WE,Federal Contract Tower,10,34,15,0,59,0,9,19,0,28,10,43,34,0,87,8,0,8,95
04/25/2006,MSO,MT,ANM,WE,Federal Contract Tower,10,34,17,0,61,0,21,37,0,58,10,55,54,0,119,44,0,44,163
04/26/2006,MSO,MT,ANM,WE,Federal Contract Tower,10,38,12,0,60,0,12,34,0,46,10,50,46,0,106,17,0,17,123
04/27/2006,MSO,MT,ANM,WE,Federal Contract Tower,12,44,18,0,74,0,7,48,0,55,12,51,66,0,129,78,0,78,207
04/28/2006,MSO,MT,ANM,WE,Federal Contract Tower,10,43,18,0,71,0,8,54,0,62,10,51,72,0,133,54,0,54,187
04/29/2006,MSO,MT,ANM,WE,Federal Contract Tower,10,30,6,0,46,0,3,78,0,81,10,33,84,0,127,112,0,112,239
04/30/2006,MSO,MT,ANM,WE,Federal Contract Tower,12,24,19,2,57,0,0,10,0,10,12,24,29,2,67,32,0,32,99
05/01/2006,MSO,MT,ANM,WE,Federal Contract Tower,9,29,10,0,48,0,7,19,0,26,9,36,29,0,74,8,0,8,82
05/02/2006,MSO,MT,ANM,WE,Federal Contract Tower,12,33,8,0,53,0,17,31,0,48,12,50,39,0,101,30,0,30,131
05/03/2006,MSO,MT,ANM,WE,Federal Contract Tower,10,38,9,0,57,0,8,24,0,32,10,46,33,0,89,30,0,30,119
05/04/2006,MSO,MT,ANM,WE,Federal Contract Tower,14,29,17,0,60,0,8,39,0,47,14,37,56,0,107,40,0,40,147
05/05/2006,MSO,MT,ANM,WE,Federal Contract Tower,12,29,12,2,55,0,11,68,0,79,12,40,80,2,134,100,0,100,234
05/06/2006,MSO,MT,ANM,WE,Federal Contract Tower,13,29,10,0,52,0,31,33,0,64,13,60,43,0,116,10,0,10,126
05/07/2006,MSO,MT,ANM,WE,Federal Contract Tower,14,22,8,2,46,0,22,24,1,47,14,44,32,3,93,16,0,16,109
05/08/2006,MSO,MT,ANM,WE,Federal Contract Tower,12,26,9,4,51,0,8,9,0,17,12,34,18,4,68,0,0,0,68
05/09/2006,MSO,MT,ANM,WE,Federal Contract Tower,12,31,15,0,58,0,19,27,0,46,12,50,42,0,104,22,0,22,126
05/10/2006,MSO,MT,ANM,WE,Federal Contract Tower,11,32,12,0,55,0,18,44,0,62,11,50,56,0,117,37,0,37,154
05/11/2006,MSO,MT,ANM,WE,Federal Contract Tower,14,35,7,0,56,0,17,59,0,76,14,52,66,0,132,76,0,76,208
05/12/2006,MSO,MT,ANM,WE,Federal Contract Tower,13,31,13,0,57,0,19,40,0,59,13,50,53,0,116,16,0,16,132
05/13/2006,MSO,MT,ANM,WE,Federal Contract Tower,12,23,5,2,42,0,8,70,0,78,12,31,75,2,120,30,12,42,162
05/14/2006,MSO,MT,ANM,WE,Federal Contract Tower,14,19,4,0,37,0,3,55,1,59,14,22,59,1,96,7,0,7,103
05/15/2006,MSO,MT,ANM,WE,Federal Contract Tower,12,28,11,0,51,0,12,53,0,65,12,40,64,0,116,50,0,50,166
05/16/2006,MSO,MT,ANM,WE,Federal Contract Tower,14,33,12,0,59,0,16,44,2,62,14,49,56,2,121,56,0,56,177
05/17/2006,MSO,MT,ANM,WE,Federal Contract Tower,12,30,8,0,50,0,23,53,0,76,12,53,61,0,126,62,0,62,188
05/18/2006,MSO,MT,ANM,WE,Federal Contract Tower,4,32,19,0,55,0,2,46,0,48,4,34,65,0,103,52,0,52,155
05/19/2006,MSO,MT,ANM,WE,Federal Contract Tower,10,30,20,0,60,0,16,42,2,60,10,46,62,2,120,48,0,48,168
05/20/2006,MSO,MT,ANM,WE,Federal Contract Tower,13,22,9,0,44,0,21,25,0,46,13,43,34,0,90,38,0,38,128
05/21/2006,MSO,MT,ANM,WE,Federal Contract Tower,14,19,3,0,36,0,12,35,0,47,14,31,38,0,83,12,0,12,95
05/22/2006,MSO,MT,ANM,WE,Federal Contract Tower,12,25,7,0,44,0,20,38,0,58,12,45,45,0,102,20,0,20,122
05/23/2006,MSO,MT,ANM,WE,Federal Contract Tower,12,34,11,0,57,0,22,54,0,76,12,56,65,0,133,52,0,52,185
05/24/2006,MSO,MT,ANM,WE,Federal Contract Tower,12,34,11,0,57,0,10,55,2,67,12,44,66,2,124,118,0,118,242
05/25/2006,MSO,MT,ANM,WE,Federal Contract Tower,14,31,15,1,61,0,10,51,1,62,14,41,66,2,123,62,2,64,187
05/26/2006,MSO,MT,ANM,WE,Federal Contract Tower,12,38,13,2,65,0,6,25,0,31,12,44,38,2,96,118,0,118,214
05/27/2006,MSO,MT,ANM,WE,Federal Contract Tower,16,23,2,0,41,0,9,2,0,11,16,32,4,0,52,33,0,33,85
05/28/2006,MSO,MT,ANM,WE,Federal Contract Tower,14,23,2,1,40,0,15,14,1,30,14,38,16,2,70,4,0,4,74
05/29/2006,MSO,MT,ANM,WE,Federal Contract Tower,12,21,8,0,41,0,16,19,4,39,12,37,27,4,80,16,0,16,96
05/30/2006,MSO,MT,ANM,WE,Federal Contract Tower,12,28,7,0,47,0,24,58,3,85,12,52,65,3,132,102,0,102,234
05/31/2006,MSO,MT,ANM,WE,Federal Contract Tower,12,36,23,0,71,0,2,102,0,104,12,38,125,0,175,100,0,100,275
06/01/2006,MSO,MT,ANM,WE,Federal Contract Tower,14,34,16,0,64,0,26,57,12,95,14,60,73,12,159,120,0,120,279
06/02/2006,MSO,MT,ANM,WE,Federal Contract Tower,12,32,24,2,70,0,14,50,2,66,12,46,74,4,136,76,0,76,212
06/03/2006,MSO,MT,ANM,WE,Federal Contract Tower,12,24,8,0,44,0,4,30,0,34,12,28,38,0,78,80,0,80,158
06/04/2006,MSO,MT,ANM,WE,Federal Contract Tower,15,20,4,2,41,0,15,38,8,61,15,35,42,10,102,46,0,46,148
06/05/2006,MSO,MT,ANM,WE,Federal Contract Tower,12,27,13,0,52,0,13,58,0,71,12,40,71,0,123,56,0,56,179
06/06/2006,MSO,MT,ANM,WE,Federal Contract Tower,14,33,15,0,62,0,9,88,0,97,14,42,103,0,159,60,0,60,219
06/07/2006,MSO,MT,ANM,WE,Federal Contract Tower,12,30,17,0,59,0,15,49,1,65,12,45,66,1,124,102,0,102,226
06/08/2006,MSO,MT,ANM,WE,Federal Contract Tower,14,43,19,0,76,0,2,18,0,20,14,45,37,0,96,11,0,11,107
06/09/2006,MSO,MT,ANM,WE,Federal Contract Tower,12,36,13,0,61,0,25,53,0,78,12,61,66,0,139,44,0,44,183
06/10/2006,MSO,MT,ANM,WE,Federal Contract Tower,10,27,7,0,44,0,14,16,0,30,10,41,23,0,74,12,0,12,86
06/11/2006,MSO,MT,ANM,WE,Federal Contract Tower,13,30,11,0,54,0,12,54,0,66,13,42,65,0,120,44,0,44,164
06/12/2006,MSO,MT,ANM,WE,Federal Contract Tower,10,32,8,0,50,0,18,58,0,76,10,50,66,0,126,72,0,72,198
06/13/2006,MSO,MT,ANM,WE,Federal Contract Tower,14,40,23,0,77,0,12,55,0,67,14,52,78,0,144,54,0,54,198
06/14/2006,MSO,MT,ANM,WE,Federal Contract Tower,11,41,17,0,69,0,11,12,0,23,11,52,29,0,92,90,0,90,182
06/15/2006,MSO,MT,ANM,WE,Federal Contract Tower,13,46,15,0,74,0,14,32,0,46,13,60,47,0,120,32,0,32,152
06/16/2006,MSO,MT,ANM,WE,Federal Contract Tower,10,39,16,0,65,0,20,36,0,56,10,59,52,0,121,56,0,56,177
06/17/2006,MSO,MT,ANM,WE,Federal Contract Tower,11,35,8,0,54,0,10,26,0,36,11,45,34,0,90,43,0,43,133
06/18/2006,MSO,MT,ANM,WE,Federal Contract Tower,13,30,7,0,50,0,24,59,2,85,13,54,66,2,135,12,6,18,153
06/19/2006,MSO,MT,ANM,WE,Federal Contract Tower,11,33,12,0,56,0,17,38,0,55,11,50,50,0,111,28,0,28,139
06/20/2006,MSO,MT,ANM,WE,Federal Contract Tower,11,39,11,0,61,0,15,53,0,68,11,54,64,0,129,38,0,38,167
06/21/2006,MSO,MT,ANM,WE,Federal Contract Tower,11,45,14,0,70,0,24,61,0,85,11,69,75,0,155,80,0,80,235
06/22/2006,MSO,MT,ANM,WE,Federal Contract Tower,13,39,9,0,61,0,10,64,0,74,13,49,73,0,135,75,0,75,210
06/23/2006,MSO,MT,ANM,WE,Federal Contract Tower,11,42,10,0,63,0,19,66,0,85,11,61,76,0,148,50,0,50,198
06/24/2006,MSO,MT,ANM,WE,Federal Contract Tower,10,40,12,0,62,0,17,45,6,68,10,57,57,6,130,50,0,50,180
06/25/2006,MSO,MT,ANM,WE,Federal Contract Tower,13,31,7,0,51,0,37,55,0,92,13,68,62,0,143,24,0,24,167
06/26/2006,MSO,MT,ANM,WE,Federal Contract Tower,12,33,16,0,61,0,30,80,0,110,12,63,96,0,171,36,0,36,207
06/27/2006,MSO,MT,ANM,WE,Federal Contract Tower,13,40,10,0,63,0,12,82,0,94,13,52,92,0,157,46,0,46,203
06/28/2006,MSO,MT,ANM,WE,Federal Contract Tower,11,37,9,0,57,0,13,55,0,68,11,50,64,0,125,18,10,28,153
06/29/2006,MSO,MT,ANM,WE,Federal Contract Tower,13,42,19,0,74,0,10,53,0,63,13,52,72,0,137,25,0,25,162
06/30/2006,MSO,MT,ANM,WE,Federal Contract Tower,11,45,19,2,77,0,5,66,4,75,11,50,85,6,152,62,2,64,216
07/01/2006,MSO,MT,ANM,WE,Federal Contract Tower,10,39,15,0,64,0,10,51,0,61,10,49,66,0,125,20,0,20,145
07/02/2006,MSO,MT,ANM,WE,Federal Contract Tower,13,32,13,0,58,0,25,73,0,98,13,57,86,0,156,66,0,66,222
07/03/2006,MSO,MT,ANM,WE,Federal Contract Tower,11,30,3,0,44,0,28,53,0,81,11,58,56,0,125,12,0,12,137
07/04/2006,MSO,MT,ANM,WE,Federal Contract Tower,12,31,2,0,45,0,17,49,0,66,12,48,51,0,111,17,0,17,128
07/05/2006,MSO,MT,ANM,WE,Federal Contract Tower,11,39,19,0,69,0,9,66,0,75,11,48,85,0,144,6,0,6,150
07/06/2006,MSO,MT,ANM,WE,Federal Contract Tower,13,45,11,0,69,0,5,59,1,65,13,50,70,1,134,13,0,13,147
07/07/2006,MSO,MT,ANM,WE,Federal Contract Tower,11,46,16,2,75,0,14,117,0,131,11,60,133,2,206,10,13,23,229
07/08/2006,MSO,MT,ANM,WE,Federal Contract Tower,10,40,8,0,58,0,15,71,0,86,10,55,79,0,144,60,0,60,204
07/09/2006,MSO,MT,ANM,WE,Federal Contract Tower,16,33,9,1,59,0,19,89,1,109,16,52,98,2,168,42,2,44,212
07/10/2006,MSO,MT,ANM,WE,Federal Contract Tower,12,32,7,0,51,0,26,77,2,105,12,58,84,2,156,40,0,40,196
07/11/2006,MSO,MT,ANM,WE,Federal Contract Tower,16,44,13,0,73,0,10,68,0,78,16,54,81,0,151,56,0,56,207
07/12/2006,MSO,MT,ANM,WE,Federal Contract Tower,12,42,21,0,75,0,2,31,0,33,12,44,52,0,108,10,0,10,118
07/13/2006,MSO,MT,ANM,WE,Federal Contract Tower,14,43,13,0,70,0,6,77,2,85,14,49,90,2,155,36,0,36,191
07/14/2006,MSO,MT,ANM,WE,Federal Contract Tower,13,41,16,0,70,0,14,83,0,97,13,55,99,0,167,46,0,46,213
07/15/2006,MSO,MT,ANM,WE,Federal Contract Tower,12,42,16,0,70,0,16,77,0,93,12,58,93,0,163,24,0,24,187
07/16/2006,MSO,MT,ANM,WE,Federal Contract Tower,14,41,12,0,67,0,29,85,0,114,14,70,97,0,181,6,0,6,187
07/17/2006,MSO,MT,ANM,WE,Federal Contract Tower,12,40,12,0,64,0,19,72,0,91,12,59,84,0,155,46,10,56,211
07/18/2006,MSO,MT,ANM,WE,Federal Contract Tower,14,44,15,0,73,0,10,73,0,83,14,54,88,0,156,28,0,28,184
07/19/2006,MSO,MT,ANM,WE,Federal Contract Tower,12,44,13,0,69,0,19,106,0,125,12,63,119,0,194,68,0,68,262
07/20/2006,MSO,MT,ANM,WE,Federal Contract Tower,12,36,10,2,60,0,24,100,0,124,12,60,110,2,184,63,10,73,257
07/21/2006,MSO,MT,ANM,WE,Federal Contract Tower,12,37,13,0,62,0,21,131,0,152,12,58,144,0,214,52,0,52,266
07/22/2006,MSO,MT,ANM,WE,Federal Contract Tower,10,36,6,0,52,0,8,85,0,93,10,44,91,0,145,26,0,26,171
07/23/2006,MSO,MT,ANM,WE,Federal Contract Tower,12,37,19,0,68,0,16,120,0,136,12,53,139,0,204,10,0,10,214
07/24/2006,MSO,MT,ANM,WE,Federal Contract Tower,11,34,6,0,51,0,36,119,0,155,11,70,125,0,206,26,0,26,232
07/25/2006,MSO,MT,ANM,WE,Federal Contract Tower,14,40,15,0,69,0,20,127,0,147,14,60,142,0,216,30,0,30,246
07/26/2006,MSO,MT,ANM,WE,Federal Contract Tower,14,56,8,0,78,0,19,96,0,115,14,75,104,0,193,22,0,22,215
07/27/2006,MSO,MT,ANM,WE,Federal Contract Tower,14,42,15,0,71,0,19,95,0,114,14,61,110,0,185,34,0,34,219
07/28/2006,MSO,MT,ANM,WE,Federal Contract Tower,12,46,10,0,68,0,12,109,0,121,12,58,119,0,189,46,0,46,235
07/29/2006,MSO,MT,ANM,WE,Federal Contract Tower,11,37,14,0,62,0,18,66,0,84,11,55,80,0,146,62,0,62,208
07/30/2006,MSO,MT,ANM,WE,Federal Contract Tower,11,43,10,0,64,0,17,55,0,72,11,60,65,0,136,14,0,14,150
07/31/2006,MSO,MT,ANM,WE,Federal Contract Tower,12,33,14,0,59,0,9,57,0,66,12,42,71,0,125,18,0,18,143
08/01/2006,MSO,MT,ANM,WE,Federal Contract Tower,14,39,11,0,64,0,25,119,0,144,14,64,130,0,208,65,0,65,273
08/02/2006,MSO,MT,ANM,WE,Federal Contract Tower,12,39,16,0,67,0,40,116,0,156,12,79,132,0,223,54,0,54,277
08/03/2006,MSO,MT,ANM,WE,Federal Contract Tower,14,41,20,0,75,0,6,105,0,111,14,47,125,0,186,34,0,34,220
08/04/2006,MSO,MT,ANM,WE,Federal Contract Tower,12,40,16,0,68,0,16,86,0,102,12,56,102,0,170,62,0,62,232
08/05/2006,MSO,MT,ANM,WE,Federal Contract Tower,11,34,7,0,52,0,20,83,0,103,11,54,90,0,155,72,0,72,227
08/06/2006,MSO,MT,ANM,WE,Federal Contract Tower,13,32,17,0,62,0,17,69,0,86,13,49,86,0,148,20,0,20,168
08/07/2006,MSO,MT,ANM,WE,Federal Contract Tower,12,42,9,0,63,0,18,79,0,97,12,60,88,0,160,22,0,22,182
08/08/2006,MSO,MT,ANM,WE,Federal Contract Tower,14,44,5,2,65,0,9,90,0,99,14,53,95,2,164,24,10,34,198
08/09/2006,MSO,MT,ANM,WE,Federal Contract Tower,12,48,17,2,79,0,0,95,0,95,12,48,112,2,174,90,2,92,266
08/10/2006,MSO,MT,ANM,WE,Federal Contract Tower,14,42,8,0,64,0,11,93,0,104,14,53,101,0,168,48,0,48,216
08/11/2006,MSO,MT,ANM,WE,Federal Contract Tower,10,44,8,0,62,0,20,97,0,117,10,64,105,0,179,42,0,42,221
08/12/2006,MSO,MT,ANM,WE,Federal Contract Tower,11,40,6,0,57,0,16,72,0,88,11,56,78,0,145,26,0,26,171
08/13/2006,MSO,MT,ANM,WE,Federal Contract Tower,14,32,19,0,65,0,31,112,0,143,14,63,131,0,208,56,0,56,264
08/14/2006,MSO,MT,ANM,WE,Federal Contract Tower,14,37,11,0,62,0,42,121,0,163,14,79,132,0,225,48,0,48,273
08/15/2006,MSO,MT,ANM,WE,Federal Contract Tower,14,44,10,0,68,0,20,89,0,109,14,64,99,0,177,28,2,30,207
08/16/2006,MSO,MT,ANM,WE,Federal Contract Tower,14,37,11,0,62,0,16,74,2,92,14,53,85,2,154,2,0,2,156
08/17/2006,MSO,MT,ANM,WE,Federal Contract Tower,16,41,13,0,70,0,10,33,0,43,16,51,46,0,113,16,0,16,129
08/18/2006,MSO,MT,ANM,WE,Federal Contract Tower,14,53,14,2,83,0,20,101,2,123,14,73,115,4,206,50,0,50,256
08/19/2006,MSO,MT,ANM,WE,Federal Contract Tower,11,36,10,0,57,0,10,95,0,105,11,46,105,0,162,32,0,32,194
08/20/2006,MSO,MT,ANM,WE,Federal Contract Tower,16,34,10,0,60,0,32,82,0,114,16,66,92,0,174,106,0,106,280
08/21/2006,MSO,MT,ANM,WE,Federal Contract Tower,12,38,14,0,64,0,15,102,0,117,12,53,116,0,181,38,0,38,219
08/22/2006,MSO,MT,ANM,WE,Federal Contract Tower,14,46,11,0,71,0,6,81,0,87,14,52,92,0,158,2,0,2,160
08/23/2006,MSO,MT,ANM,WE,Federal Contract Tower,12,46,15,0,73,0,19,74,4,97,12,65,89,4,170,6,0,6,176
08/24/2006,MSO,MT,ANM,WE,Federal Contract Tower,13,44,17,2,76,0,15,68,1,84,13,59,85,3,160,44,1,45,205
08/25/2006,MSO,MT,ANM,WE,Federal Contract Tower,12,51,26,0,89,0,15,45,1,61,12,66,71,1,150,34,0,34,184
08/26/2006,MSO,MT,ANM,WE,Federal Contract Tower,11,36,15,0,62,0,23,83,0,106,11,59,98,0,168,58,0,58,226
08/27/2006,MSO,MT,ANM,WE,Federal Contract Tower,14,37,15,0,66,0,13,77,0,90,14,50,92,0,156,36,0,36,192
08/28/2006,MSO,MT,ANM,WE,Federal Contract Tower,12,31,8,0,51,0,40,74,0,114,12,71,82,0,165,88,0,88,253
08/29/2006,MSO,MT,ANM,WE,Federal Contract Tower,12,48,18,0,78,0,7,46,0,53,12,55,64,0,131,56,0,56,187
08/30/2006,MSO,MT,ANM,WE,Federal Contract Tower,12,48,19,0,79,0,11,29,0,40,12,59,48,0,119,8,0,8,127
08/31/2006,MSO,MT,ANM,WE,Federal Contract Tower,14,45,12,0,71,0,10,74,0,84,14,55,86,0,155,28,0,28,183
09/01/2006,MSO,MT,ANM,WE,Federal Contract Tower,14,46,13,0,73,0,4,77,0,81,14,50,90,0,154,58,0,58,212
09/02/2006,MSO,MT,ANM,WE,Federal Contract Tower,13,34,4,0,51,0,23,92,2,117,13,57,96,2,168,62,0,62,230
09/03/2006,MSO,MT,ANM,WE,Federal Contract Tower,12,29,5,0,46,0,3,62,0,65,12,32,67,0,111,18,0,18,129
09/04/2006,MSO,MT,ANM,WE,Federal Contract Tower,12,34,13,0,59,0,33,67,0,100,12,67,80,0,159,44,0,44,203
09/05/2006,MSO,MT,ANM,WE,Federal Contract Tower,14,38,12,0,64,0,12,42,0,54,14,50,54,0,118,32,0,32,150
09/06/2006,MSO,MT,ANM,WE,Federal Contract Tower,12,44,11,0,67,0,28,39,0,67,12,72,50,0,134,43,0,43,177
09/07/2006,MSO,MT,ANM,WE,Federal Contract Tower,15,39,13,4,71,0,13,38,0,51,15,52,51,4,122,79,44,123,245
09/08/2006,MSO,MT,ANM,WE,Federal Contract Tower,14,39,14,0,67,0,13,79,1,93,14,52,93,1,160,24,0,24,184
09/09/2006,MSO,MT,ANM,WE,Federal Contract Tower,14,37,17,2,70,0,9,41,1,51,14,46,58,3,121,50,0,50,171
09/10/2006,MSO,MT,ANM,WE,Federal Contract Tower,12,28,8,3,51,0,13,91,1,105,12,41,99,4,156,18,2,20,176
09/11/2006,MSO,MT,ANM,WE,Federal Contract Tower,12,34,9,0,55,0,24,89,0,113,12,58,98,0,168,40,0,40,208
09/12/2006,MSO,MT,ANM,WE,Federal Contract Tower,12,41,6,0,59,0,17,67,2,86,12,58,73,2,145,48,0,48,193
09/13/2006,MSO,MT,ANM,WE,Federal Contract Tower,12,39,15,0,66,0,11,72,0,83,12,50,87,0,149,6,0,6,155
09/14/2006,MSO,MT,ANM,WE,Federal Contract Tower,15,39,18,0,72,0,6,18,0,24,15,45,36,0,96,20,0,20,116
09/15/2006,MSO,MT,ANM,WE,Federal Contract Tower,12,42,26,0,80,0,14,20,0,34,12,56,46,0,114,40,0,40,154
09/16/2006,MSO,MT,ANM,WE,Federal Contract Tower,14,33,8,0,55,0,1,9,0,10,14,34,17,0,65,2,0,2,67
09/17/2006,MSO,MT,ANM,WE,Federal Contract Tower,14,31,9,0,54,0,12,52,0,64,14,43,61,0,118,66,0,66,184
09/18/2006,MSO,MT,ANM,WE,Federal Contract Tower,11,32,12,0,55,0,19,57,0,76,11,51,69,0,131,78,0,78,209
09/19/2006,MSO,MT,ANM,WE,Federal Contract Tower,11,37,18,0,66,0,5,26,0,31,11,42,44,0,97,20,0,20,117
09/20/2006,MSO,MT,ANM,WE,Federal Contract Tower,11,34,19,0,64,0,14,27,0,41,11,48,46,0,105,34,0,34,139
09/21/2006,MSO,MT,ANM,WE,Federal Contract Tower,14,39,16,0,69,0,5,12,0,17,14,44,28,0,86,14,0,14,100
09/22/2006,MSO,MT,ANM,WE,Federal Contract Tower,13,45,19,0,77,0,4,34,0,38,13,49,53,0,115,44,0,44,159
09/23/2006,MSO,MT,ANM,WE,Federal Contract Tower,15,31,3,0,49,0,14,43,0,57,15,45,46,0,106,60,0,60,166
09/24/2006,MSO,MT,ANM,WE,Federal Contract Tower,16,27,18,4,65,0,1,52,0,53,16,28,70,4,118,29,2,31,149
09/25/2006,MSO,MT,ANM,WE,Federal Contract Tower,12,36,12,0,60,0,33,58,0,91,12,69,70,0,151,38,0,38,189
09/26/2006,MSO,MT,ANM,WE,Federal Contract Tower,12,37,14,0,63,0,6,44,0,50,12,43,58,0,113,57,0,57,170
09/27/2006,MSO,MT,ANM,WE,Federal Contract Tower,11,42,7,0,60,0,2,39,0,41,11,44,46,0,101,20,0,20,121
09/28/2006,MSO,MT,ANM,WE,Federal Contract Tower,14,43,14,0,71,0,9,57,0,66,14,52,71,0,137,69,0,69,206
09/29/2006,MSO,MT,ANM,WE,Federal Contract Tower,14,38,7,0,59,0,4,70,1,75,14,42,77,1,134,24,0,24,158
09/30/2006,MSO,MT,ANM,WE,Federal Contract Tower,14,30,11,0,55,0,7,60,0,67,14,37,71,0,122,19,0,19,141
10/01/2006,MSO,MT,ANM,WE,Federal Contract Tower,14,30,4,0,48,0,6,51,0,57,14,36,55,0,105,50,0,50,155
10/02/2006,MSO,MT,ANM,WE,Federal Contract Tower,13,32,14,2,61,0,17,55,0,72,13,49,69,2,133,20,0,20,153
10/03/2006,MSO,MT,ANM,WE,Federal Contract Tower,14,38,16,0,68,0,8,40,0,48,14,46,56,0,116,42,0,42,158
10/04/2006,MSO,MT,ANM,WE,Federal Contract Tower,11,38,30,0,79,0,8,24,0,32,11,46,54,0,111,20,0,20,131
10/05/2006,MSO,MT,ANM,WE,Federal Contract Tower,13,36,16,0,65,0,22,48,0,70,13,58,64,0,135,67,0,67,202
10/06/2006,MSO,MT,ANM,WE,Federal Contract Tower,12,42,6,0,60,0,10,34,0,44,12,52,40,0,104,30,0,30,134
10/07/2006,MSO,MT,ANM,WE,Federal Contract Tower,14,35,2,0,51,0,13,42,0,55,14,48,44,0,106,66,0,66,172
10/08/2006,MSO,MT,ANM,WE,Federal Contract Tower,14,25,5,0,44,0,8,36,0,44,14,33,41,0,88,26,0,26,114
10/09/2006,MSO,MT,ANM,WE,Federal Contract Tower,13,32,5,0,50,0,16,53,0,69,13,48,58,0,119,22,0,22,141
10/10/2006,MSO,MT,ANM,WE,Federal Contract Tower,14,40,10,0,64,0,15,52,0,67,14,55,62,0,131,29,0,29,160
10/11/2006,MSO,MT,ANM,WE,Federal Contract Tower,12,37,10,2,61,0,15,53,0,68,12,52,63,2,129,22,10,32,161
10/12/2006,MSO,MT,ANM,WE,Federal Contract Tower,12,39,10,0,61,0,11,46,0,57,12,50,56,0,118,65,0,65,183
10/13/2006,MSO,MT,ANM,WE,Federal Contract Tower,14,40,11,2,67,0,30,72,4,106,14,70,83,6,173,110,0,110,283
10/14/2006,MSO,MT,ANM,WE,Federal Contract Tower,15,36,3,0,54,0,14,53,6,73,15,50,56,6,127,54,0,54,181
10/15/2006,MSO,MT,ANM,WE,Federal Contract Tower,14,27,16,2,59,0,15,33,0,48,14,42,49,2,107,36,0,36,143
10/16/2006,MSO,MT,ANM,WE,Federal Contract Tower,10,34,7,0,51,0,10,21,0,31,10,44,28,0,82,8,0,8,90
10/17/2006,MSO,MT,ANM,WE,Federal Contract Tower,14,39,22,0,75,0,7,21,0,28,14,46,43,0,103,44,0,44,147
10/18/2006,MSO,MT,ANM,WE,Federal Contract Tower,10,40,25,0,75,0,11,16,0,27,10,51,41,0,102,14,0,14,116
10/19/2006,MSO,MT,ANM,WE,Federal Contract Tower,14,43,12,0,69,0,4,8,0,12,14,47,20,0,81,6,0,6,87
10/20/2006,MSO,MT,ANM,WE,Federal Contract Tower,13,43,7,0,63,0,15,10,0,25,13,58,17,0,88,30,0,30,118
10/21/2006,MSO,MT,ANM,WE,Federal Contract Tower,15,35,6,0,56,0,10,18,0,28,15,45,24,0,84,24,0,24,108
10/22/2006,MSO,MT,ANM,WE,Federal Contract Tower,13,24,10,0,47,0,15,39,0,54,13,39,49,0,101,18,0,18,119
10/23/2006,MSO,MT,ANM,WE,Federal Contract Tower,12,39,11,0,62,0,20,46,0,66,12,59,57,0,128,70,0,70,198
10/24/2006,MSO,MT,ANM,WE,Federal Contract Tower,14,42,17,0,73,0,10,40,0,50,14,52,57,0,123,33,0,33,156
10/25/2006,MSO,MT,ANM,WE,Federal Contract Tower,11,39,15,0,65,0,15,47,0,62,11,54,62,0,127,42,0,42,169
10/26/2006,MSO,MT,ANM,WE,Federal Contract Tower,12,30,5,0,47,0,0,29,0,29,12,30,34,0,76,53,0,53,129
10/27/2006,MSO,MT,ANM,WE,Federal Contract Tower,12,44,15,0,71,0,10,38,0,48,12,54,53,0,119,76,0,76,195
10/28/2006,MSO,MT,ANM,WE,Federal Contract Tower,14,32,10,0,56,0,19,50,0,69,14,51,60,0,125,30,0,30,155
10/29/2006,MSO,MT,ANM,WE,Federal Contract Tower,12,30,16,1,59,0,9,29,1,39,12,39,45,2,98,48,12,60,158
10/30/2006,MSO,MT,ANM,WE,Federal Contract Tower,10,38,6,0,54,0,27,19,0,46,10,65,25,0,100,6,0,6,106
10/31/2006,MSO,MT,ANM,WE,Federal Contract Tower,12,33,3,0,48,0,15,46,0,61,12,48,49,0,109,22,1,23,132
11/01/2006,MSO,MT,ANM,WE,Federal Contract Tower,9,41,8,0,58,0,7,48,0,55,9,48,56,0,113,16,0,16,129
11/02/2006,MSO,MT,ANM,WE,Federal Contract Tower,12,39,15,5,71,0,10,13,0,23,12,49,28,5,94,32,9,41,135
11/03/2006,MSO,MT,ANM,WE,Federal Contract Tower,11,44,6,3,64,0,12,8,0,20,11,56,14,3,84,56,6,62,146
11/04/2006,MSO,MT,ANM,WE,Federal Contract Tower,13,34,4,0,51,0,4,20,0,24,13,38,24,0,75,76,0,76,151
11/05/2006,MSO,MT,ANM,WE,Federal Contract Tower,11,31,12,0,54,0,9,24,0,33,11,40,36,0,87,18,0,18,105
11/06/2006,MSO,MT,ANM,WE,Federal Contract Tower,10,34,9,0,53,0,10,14,0,24,10,44,23,0,77,24,0,24,101
11/07/2006,MSO,MT,ANM,WE,Federal Contract Tower,12,37,10,0,59,0,5,4,0,9,12,42,14,0,68,34,0,34,102
11/08/2006,MSO,MT,ANM,WE,Federal Contract Tower,9,44,15,0,68,0,0,22,0,22,9,44,37,0,90,25,0,25,115
11/09/2006,MSO,MT,ANM,WE,Federal Contract Tower,12,41,15,0,68,0,7,6,0,13,12,48,21,0,81,43,0,43,124
11/10/2006,MSO,MT,ANM,WE,Federal Contract Tower,12,29,17,0,58,0,10,33,0,43,12,39,50,0,101,72,0,72,173
11/11/2006,MSO,MT,ANM,WE,Federal Contract Tower,14,27,3,0,44,0,1,2,0,3,14,28,5,0,47,72,0,72,119
11/12/2006,MSO,MT,ANM,WE,Federal Contract Tower,11,27,13,0,51,0,16,26,0,42,11,43,39,0,93,80,0,80,173
11/13/2006,MSO,MT,ANM,WE,Federal Contract Tower,13,38,10,0,61,0,15,11,0,26,13,53,21,0,87,0,0,0,87
11/14/2006,MSO,MT,ANM,WE,Federal Contract Tower,12,39,16,0,67,0,10,32,0,42,12,49,48,0,109,47,0,47,156
11/15/2006,MSO,MT,ANM,WE,Federal Contract Tower,9,32,16,0,57,0,19,23,0,42,9,51,39,0,99,42,0,42,141
11/16/2006,MSO,MT,ANM,WE,Federal Contract Tower,12,35,10,0,57,0,8,22,0,30,12,43,32,0,87,79,0,79,166
11/17/2006,MSO,MT,ANM,WE,Federal Contract Tower,8,35,31,0,74,0,3,25,0,28,8,38,56,0,102,38,0,38,140
11/18/2006,MSO,MT,ANM,WE,Federal Contract Tower,12,33,6,0,51,0,7,53,3,63,12,40,59,3,114,45,0,45,159
11/19/2006,MSO,MT,ANM,WE,Federal Contract Tower,8,28,8,0,44,0,11,31,0,42,8,39,39,0,86,62,0,62,148
11/20/2006,MSO,MT,ANM,WE,Federal Contract Tower,11,20,14,0,45,0,27,18,0,45,11,47,32,0,90,40,0,40,130
11/21/2006,MSO,MT,ANM,WE,Federal Contract Tower,9,40,7,0,56,0,3,14,0,17,9,43,21,0,73,14,0,14,87
11/22/2006,MSO,MT,ANM,WE,Federal Contract Tower,10,39,16,0,65,0,12,12,0,24,10,51,28,0,89,0,0,0,89
11/23/2006,MSO,MT,ANM,WE,Federal Contract Tower,8,19,0,0,27,0,5,10,0,15,8,24,10,0,42,18,0,18,60
11/24/2006,MSO,MT,ANM,WE,Federal Contract Tower,9,30,5,0,44,0,2,0,0,2,9,32,5,0,46,0,0,0,46
11/25/2006,MSO,MT,ANM,WE,Federal Contract Tower,13,32,13,0,58,0,4,2,0,6,13,36,15,0,64,0,0,0,64
11/26/2006,MSO,MT,ANM,WE,Federal Contract Tower,12,34,21,0,67,0,18,16,0,34,12,52,37,0,101,18,0,18,119
11/27/2006,MSO,MT,ANM,WE,Federal Contract Tower,10,35,6,0,51,0,23,22,0,45,10,58,28,0,96,0,0,0,96
11/28/2006,MSO,MT,ANM,WE,Federal Contract Tower,12,37,8,0,57,0,31,9,0,40,12,68,17,0,97,0,0,0,97
11/29/2006,MSO,MT,ANM,WE,Federal Contract Tower,9,35,14,0,58,0,9,26,0,35,9,44,40,0,93,0,0,0,93
11/30/2006,MSO,MT,ANM,WE,Federal Contract Tower,12,37,12,0,61,0,0,0,0,0,12,37,12,0,61,17,0,17,78
12/01/2006,MSO,MT,ANM,WE,Federal Contract Tower,10,39,13,0,62,0,8,12,0,20,10,47,25,0,82,34,0,34,116
12/02/2006,MSO,MT,ANM,WE,Federal Contract Tower,13,31,18,0,62,0,9,27,0,36,13,40,45,0,98,42,0,42,140
12/03/2006,MSO,MT,ANM,WE,Federal Contract Tower,10,26,12,0,48,0,18,22,0,40,10,44,34,0,88,24,0,24,112
12/04/2006,MSO,MT,ANM,WE,Federal Contract Tower,9,30,9,0,48,0,14,17,0,31,9,44,26,0,79,14,0,14,93
12/05/2006,MSO,MT,ANM,WE,Federal Contract Tower,9,37,13,2,61,0,7,24,0,31,9,44,37,2,92,30,8,38,130
12/06/2006,MSO,MT,ANM,WE,Federal Contract Tower,9,37,14,0,60,0,13,26,0,39,9,50,40,0,99,30,0,30,129
12/07/2006,MSO,MT,ANM,WE,Federal Contract Tower,10,35,9,2,56,0,2,5,0,7,10,37,14,2,63,30,22,52,115
12/08/2006,MSO,MT,ANM,WE,Federal Contract Tower,9,33,12,2,56,0,3,2,0,5,9,36,14,2,61,0,0,0,61
12/09/2006,MSO,MT,ANM,WE,Federal Contract Tower,10,28,5,0,43,0,1,20,0,21,10,29,25,0,64,42,0,42,106
12/10/2006,MSO,MT,ANM,WE,Federal Contract Tower,8,23,3,2,36,0,12,15,0,27,8,35,18,2,63,38,0,38,101
12/11/2006,MSO,MT,ANM,WE,Federal Contract Tower,12,32,20,0,64,0,9,19,0,28,12,41,39,0,92,52,0,52,144
12/12/2006,MSO,MT,ANM,WE,Federal Contract Tower,11,41,8,0,60,0,8,20,0,28,11,49,28,0,88,28,0,28,116
12/13/2006,MSO,MT,ANM,WE,Federal Contract Tower,7,39,17,0,63,0,6,1,0,7,7,45,18,0,70,18,0,18,88
12/14/2006,MSO,MT,ANM,WE,Federal Contract Tower,15,35,14,0,64,0,0,2,0,2,15,35,16,0,66,9,0,9,75
12/15/2006,MSO,MT,ANM,WE,Federal Contract Tower,10,32,8,0,50,0,7,2,0,9,10,39,10,0,59,2,0,2,61
12/16/2006,MSO,MT,ANM,WE,Federal Contract Tower,11,28,6,0,45,0,4,25,0,29,11,32,31,0,74,20,0,20,94
12/17/2006,MSO,MT,ANM,WE,Federal Contract Tower,13,23,12,0,48,0,16,40,0,56,13,39,52,0,104,0,0,0,104
12/18/2006,MSO,MT,ANM,WE,Federal Contract Tower,11,30,7,0,48,0,15,55,0,70,11,45,62,0,118,32,0,32,150
12/19/2006,MSO,MT,ANM,WE,Federal Contract Tower,14,32,16,0,62,0,15,53,0,68,14,47,69,0,130,105,0,105,235
12/20/2006,MSO,MT,ANM,WE,Federal Contract Tower,10,36,13,0,59,0,2,27,2,31,10,38,40,2,90,84,0,84,174
12/21/2006,MSO,MT,ANM,WE,Federal Contract Tower,9,33,16,0,58,0,5,8,0,13,9,38,24,0,71,36,0,36,107
12/22/2006,MSO,MT,ANM,WE,Federal Contract Tower,9,36,13,0,58,0,7,21,0,28,9,43,34,0,86,30,0,30,116
12/23/2006,MSO,MT,ANM,WE,Federal Contract Tower,14,35,10,0,59,0,15,4,0,19,14,50,14,0,78,20,0,20,98
12/24/2006,MSO,MT,ANM,WE,Federal Contract Tower,14,17,4,0,35,0,9,32,0,41,14,26,36,0,76,26,0,26,102
12/25/2006,MSO,MT,ANM,WE,Federal Contract Tower,7,21,0,0,28,0,6,0,0,6,7,27,0,0,34,0,0,0,34
12/26/2006,MSO,MT,ANM,WE,Federal Contract Tower,14,35,10,0,59,0,3,9,0,12,14,38,19,0,71,0,0,0,71
12/27/2006,MSO,MT,ANM,WE,Federal Contract Tower,12,38,14,0,64,0,7,3,0,10,12,45,17,0,74,11,0,11,85
12/28/2006,MSO,MT,ANM,WE,Federal Contract Tower,13,36,9,0,58,0,6,3,0,9,13,42,12,0,67,11,0,11,78
12/29/2006,MSO,MT,ANM,WE,Federal Contract Tower,10,32,14,0,56,0,3,19,0,22,10,35,33,0,78,44,0,44,122
12/30/2006,MSO,MT,ANM,WE,Federal Contract Tower,14,31,19,0,64,0,9,23,0,32,14,40,42,0,96,60,0,60,156
12/31/2006,MSO,MT,ANM,WE,Federal Contract Tower,14,24,8,0,46,0,10,43,0,53,14,34,51,0,99,18,0,18,117
01/01/2007,MSO,MT,ANM,WE,Federal Contract Tower,12,29,6,0,47,0,14,23,0,37,12,43,29,0,84,2,0,2,86
01/02/2007,MSO,MT,ANM,WE,Federal Contract Tower,13,35,17,0,65,0,21,34,0,55,13,56,51,0,120,20,0,20,140
01/03/2007,MSO,MT,ANM,WE,Federal Contract Tower,10,39,5,0,54,0,5,7,0,12,10,44,12,0,66,20,0,20,86
01/04/2007,MSO,MT,ANM,WE,Federal Contract Tower,12,34,4,3,53,0,2,24,2,28,12,36,28,5,81,40,12,52,133
01/05/2007,MSO,MT,ANM,WE,Federal Contract Tower,10,32,10,0,52,0,5,18,0,23,10,37,28,0,75,6,0,6,81
01/06/2007,MSO,MT,ANM,WE,Federal Contract Tower,10,23,5,2,40,0,7,0,0,7,10,30,5,2,47,0,0,0,47
01/07/2007,MSO,MT,ANM,WE,Federal Contract Tower,12,24,4,2,42,0,15,0,0,15,12,39,4,2,57,0,0,0,57
01/08/2007,MSO,MT,ANM,WE,Federal Contract Tower,14,30,10,0,54,0,14,25,0,39,14,44,35,0,93,32,0,32,125
01/09/2007,MSO,MT,ANM,WE,Federal Contract Tower,12,25,8,0,45,0,9,35,0,44,12,34,43,0,89,50,0,50,139
01/10/2007,MSO,MT,ANM,WE,Federal Contract Tower,10,29,14,0,53,0,4,19,0,23,10,33,33,0,76,12,6,18,94
01/11/2007,MSO,MT,ANM,WE,Federal Contract Tower,11,28,11,2,52,0,10,22,10,42,11,38,33,12,94,14,0,14,108
01/12/2007,MSO,MT,ANM,WE,Federal Contract Tower,10,31,4,0,45,0,4,23,0,27,10,35,27,0,72,60,0,60,132
01/13/2007,MSO,MT,ANM,WE,Federal Contract Tower,8,27,0,0,35,0,17,24,0,41,8,44,24,0,76,56,0,56,132
01/14/2007,MSO,MT,ANM,WE,Federal Contract Tower,12,25,0,0,37,0,7,12,0,19,12,32,12,0,56,14,0,14,70
01/15/2007,MSO,MT,ANM,WE,Federal Contract Tower,10,23,11,0,44,0,12,26,0,38,10,35,37,0,82,48,0,48,130
01/16/2007,MSO,MT,ANM,WE,Federal Contract Tower,12,25,9,4,50,0,1,21,4,26,12,26,30,8,76,40,34,74,150
01/17/2007,MSO,MT,ANM,WE,Federal Contract Tower,10,29,9,0,48,0,0,15,0,15,10,29,24,0,63,24,0,24,87
01/18/2007,MSO,MT,ANM,WE,Federal Contract Tower,12,30,6,0,48,0,6,35,0,41,12,36,41,0,89,24,1,25,114
01/19/2007,MSO,MT,ANM,WE,Federal Contract Tower,8,22,10,0,40,0,2,21,0,23,8,24,31,0,63,12,0,12,75
01/20/2007,MSO,MT,ANM,WE,Federal Contract Tower,8,25,13,0,46,0,13,21,0,34,8,38,34,0,80,10,0,10,90
01/21/2007,MSO,MT,ANM,WE,Federal Contract Tower,12,20,10,0,42,0,7,34,0,41,12,27,44,0,83,46,0,46,129
01/22/2007,MSO,MT,ANM,WE,Federal Contract Tower,10,35,10,2,57,0,3,12,0,15,10,38,22,2,72,24,0,24,96
01/23/2007,MSO,MT,ANM,WE,Federal Contract Tower,12,28,17,2,59,0,8,5,4,17,12,36,22,6,76,6,0,6,82
01/24/2007,MSO,MT,ANM,WE,Federal Contract Tower,10,30,10,0,50,0,8,26,0,34,10,38,36,0,84,18,0,18,102
01/25/2007,MSO,MT,ANM,WE,Federal Contract Tower,12,37,5,0,54,0,8,12,0,20,12,45,17,0,74,30,0,30,104
01/26/2007,MSO,MT,ANM,WE,Federal Contract Tower,10,24,10,0,44,0,3,24,0,27,10,27,34,0,71,68,0,68,139
01/27/2007,MSO,MT,ANM,WE,Federal Contract Tower,7,26,2,0,35,0,13,41,0,54,7,39,43,0,89,60,0,60,149
01/28/2007,MSO,MT,ANM,WE,Federal Contract Tower,12,19,9,0,40,0,16,64,0,80,12,35,73,0,120,38,0,38,158
01/29/2007,MSO,MT,ANM,WE,Federal Contract Tower,8,24,8,0,40,0,10,20,0,30,8,34,28,0,70,12,0,12,82
01/30/2007,MSO,MT,ANM,WE,Federal Contract Tower,12,27,10,0,49,0,6,0,1,7,12,33,10,1,56,40,0,40,96
01/31/2007,MSO,MT,ANM,WE,Federal Contract Tower,9,30,24,0,63,0,4,25,0,29,9,34,49,0,92,32,0,32,124
02/01/2007,MSO,MT,ANM,WE,Federal Contract Tower,12,31,11,0,54,0,7,3,0,10,12,38,14,0,64,0,0,0,64
02/02/2007,MSO,MT,ANM,WE,Federal Contract Tower,10,24,7,0,41,0,6,12,0,18,10,30,19,0,59,16,0,16,75
02/03/2007,MSO,MT,ANM,WE,Federal Contract Tower,8,28,8,0,44,0,10,17,0,27,8,38,25,0,71,28,0,28,99
02/04/2007,MSO,MT,ANM,WE,Federal Contract Tower,12,20,7,0,39,0,15,12,0,27,12,35,19,0,66,38,0,38,104
02/05/2007,MSO,MT,ANM,WE,Federal Contract Tower,6,22,6,0,34,0,6,21,0,27,6,28,27,0,61,10,0,10,71
02/06/2007,MSO,MT,ANM,WE,Federal Contract Tower,13,34,13,0,60,0,7,31,0,38,13,41,44,0,98,68,0,68,166
02/07/2007,MSO,MT,ANM,WE,Federal Contract Tower,5,17,12,2,36,0,10,12,2,24,5,27,24,4,60,28,0,28,88
02/08/2007,MSO,MT,ANM,WE,Federal Contract Tower,12,31,4,0,47,0,0,0,0,0,12,31,4,0,47,0,0,0,47
02/09/2007,MSO,MT,ANM,WE,Federal Contract Tower,10,23,9,2,44,0,1,0,0,1,10,24,9,2,45,6,0,6,51
02/10/2007,MSO,MT,ANM,WE,Federal Contract Tower,10,26,8,0,44,0,2,1,0,3,10,28,9,0,47,38,0,38,85
02/11/2007,MSO,MT,ANM,WE,Federal Contract Tower,12,23,4,2,41,0,7,4,0,11,12,30,8,2,52,0,0,0,52
02/12/2007,MSO,MT,ANM,WE,Federal Contract Tower,9,26,4,0,39,0,10,5,0,15,9,36,9,0,54,0,0,0,54
02/13/2007,MSO,MT,ANM,WE,Federal Contract Tower,12,35,18,0,65,0,4,8,0,12,12,39,26,0,77,52,0,52,129
02/14/2007,MSO,MT,ANM,WE,Federal Contract Tower,7,35,14,0,56,0,8,10,0,18,7,43,24,0,74,38,0,38,112
02/15/2007,MSO,MT,ANM,WE,Federal Contract Tower,11,39,10,0,60,0,8,3,0,11,11,47,13,0,71,0,0,0,71
02/16/2007,MSO,MT,ANM,WE,Federal Contract Tower,9,28,14,0,51,0,17,21,0,38,9,45,35,0,89,8,0,8,97
02/17/2007,MSO,MT,ANM,WE,Federal Contract Tower,11,26,5,0,42,0,16,35,0,51,11,42,40,0,93,18,0,18,111
02/18/2007,MSO,MT,ANM,WE,Federal Contract Tower,11,24,2,0,37,0,14,29,0,43,11,38,31,0,80,78,0,78,158
02/19/2007,MSO,MT,ANM,WE,Federal Contract Tower,9,31,13,0,53,0,9,26,0,35,9,40,39,0,88,30,0,30,118
02/20/2007,MSO,MT,ANM,WE,Federal Contract Tower,11,31,17,0,59,0,10,16,0,26,11,41,33,0,85,6,0,6,91
02/21/2007,MSO,MT,ANM,WE,Federal Contract Tower,11,37,12,0,60,0,8,34,4,46,11,45,46,4,106,36,0,36,142
02/22/2007,MSO,MT,ANM,WE,Federal Contract Tower,13,32,6,0,51,0,12,18,0,30,13,44,24,0,81,30,0,30,111
02/23/2007,MSO,MT,ANM,WE,Federal Contract Tower,10,29,9,0,48,0,3,2,0,5,10,32,11,0,53,0,0,0,53
02/24/2007,MSO,MT,ANM,WE,Federal Contract Tower,11,28,10,0,49,0,5,33,0,38,11,33,43,0,87,22,0,22,109
02/25/2007,MSO,MT,ANM,WE,Federal Contract Tower,10,27,8,0,45,0,9,29,0,38,10,36,37,0,83,24,0,24,107
02/26/2007,MSO,MT,ANM,WE,Federal Contract Tower,8,34,15,0,57,0,13,13,0,26,8,47,28,0,83,36,0,36,119
02/27/2007,MSO,MT,ANM,WE,Federal Contract Tower,11,35,24,0,70,0,1,42,0,43,11,36,66,0,113,58,0,58,171
02/28/2007,MSO,MT,ANM,WE,Federal Contract Tower,9,31,13,0,53,0,11,22,0,33,9,42,35,0,86,30,0,30,116
03/01/2007,MSO,MT,ANM,WE,Federal Contract Tower,10,38,15,0,63,0,1,5,0,6,10,39,20,0,69,0,0,0,69
03/02/2007,MSO,MT,ANM,WE,Federal Contract Tower,8,28,14,2,52,0,18,92,0,110,8,46,106,2,162,38,0,38,200
03/03/2007,MSO,MT,ANM,WE,Federal Contract Tower,11,29,13,0,53,0,9,50,0,59,11,38,63,0,112,156,0,156,268
03/04/2007,MSO,MT,ANM,WE,Federal Contract Tower,11,31,19,2,63,0,8,60,2,70,11,39,79,4,133,88,0,88,221
03/05/2007,MSO,MT,ANM,WE,Federal Contract Tower,9,38,17,0,64,0,12,53,0,65,9,50,70,0,129,112,0,112,241
03/06/2007,MSO,MT,ANM,WE,Federal Contract Tower,11,24,18,0,53,0,11,60,0,71,11,35,78,0,124,62,0,62,186
03/07/2007,MSO,MT,ANM,WE,Federal Contract Tower,10,30,14,0,54,0,10,39,0,49,10,40,53,0,103,82,0,82,185
03/08/2007,MSO,MT,ANM,WE,Federal Contract Tower,11,32,13,0,56,0,6,31,2,39,11,38,44,2,95,67,0,67,162
03/09/2007,MSO,MT,ANM,WE,Federal Contract Tower,9,30,14,0,53,0,8,36,0,44,9,38,50,0,97,63,0,63,160
03/10/2007,MSO,MT,ANM,WE,Federal Contract Tower,11,26,13,0,50,0,8,36,2,46,11,34,49,2,96,28,0,28,124
03/11/2007,MSO,MT,ANM,WE,Federal Contract Tower,11,25,5,0,41,0,15,9,0,24,11,40,14,0,65,28,0,28,93
03/12/2007,MSO,MT,ANM,WE,Federal Contract Tower,9,32,15,0,56,0,9,11,0,20,9,41,26,0,76,28,0,28,104
03/13/2007,MSO,MT,ANM,WE,Federal Contract Tower,13,32,8,1,54,0,12,24,3,39,13,44,32,4,93,42,1,43,136
03/14/2007,MSO,MT,ANM,WE,Federal Contract Tower,9,33,9,0,51,0,11,17,0,28,9,44,26,0,79,34,0,34,113
03/15/2007,MSO,MT,ANM,WE,Federal Contract Tower,11,33,19,0,63,0,10,38,0,48,11,43,57,0,111,50,0,50,161
03/16/2007,MSO,MT,ANM,WE,Federal Contract Tower,9,35,13,0,57,0,10,29,0,39,9,45,42,0,96,8,0,8,104
03/17/2007,MSO,MT,ANM,WE,Federal Contract Tower,11,31,16,0,58,0,19,30,0,49,11,50,46,0,107,14,0,14,121
03/18/2007,MSO,MT,ANM,WE,Federal Contract Tower,11,23,8,0,42,0,7,33,0,40,11,30,41,0,82,38,0,38,120
03/19/2007,MSO,MT,ANM,WE,Federal Contract Tower,9,28,12,0,49,0,12,51,0,63,9,40,63,0,112,30,0,30,142
03/20/2007,MSO,MT,ANM,WE,Federal Contract Tower,11,32,13,0,56,0,3,15,0,18,11,35,28,0,74,18,0,18,92
03/21/2007,MSO,MT,ANM,WE,Federal Contract Tower,9,28,18,0,55,0,6,35,0,41,9,34,53,0,96,62,0,62,158
03/22/2007,MSO,MT,ANM,WE,Federal Contract Tower,11,34,15,0,60,0,10,37,0,47,11,44,52,0,107,21,0,21,128
03/23/2007,MSO,MT,ANM,WE,Federal Contract Tower,9,31,12,0,52,0,5,36,0,41,9,36,48,0,93,74,0,74,167
03/24/2007,MSO,MT,ANM,WE,Federal Contract Tower,11,25,16,0,52,0,8,52,0,60,11,33,68,0,112,95,0,95,207
03/25/2007,MSO,MT,ANM,WE,Federal Contract Tower,9,27,14,0,50,0,12,23,0,35,9,39,37,0,85,20,0,20,105
03/26/2007,MSO,MT,ANM,WE,Federal Contract Tower,9,28,8,0,45,0,19,70,0,89,9,47,78,0,134,72,0,72,206
03/27/2007,MSO,MT,ANM,WE,Federal Contract Tower,11,31,5,0,47,0,5,10,0,15,11,36,15,0,62,4,0,4,66
03/28/2007,MSO,MT,ANM,WE,Federal Contract Tower,9,35,7,0,51,0,7,27,0,34,9,42,34,0,85,115,0,115,200
03/29/2007,MSO,MT,ANM,WE,Federal Contract Tower,11,33,7,0,51,0,14,61,0,75,11,47,68,0,126,79,0,79,205
03/30/2007,MSO,MT,ANM,WE,Federal Contract Tower,9,32,8,0,49,0,34,51,0,85,9,66,59,0,134,29,0,29,163
03/31/2007,MSO,MT,ANM,WE,Federal Contract Tower,11,30,11,0,52,0,8,25,0,33,11,38,36,0,85,75,0,75,160
04/01/2007,MSO,MT,ANM,WE,Federal Contract Tower,11,25,8,0,44,0,12,20,0,32,11,37,28,0,76,36,0,36,112
04/02/2007,MSO,MT,ANM,WE,Federal Contract Tower,9,29,7,0,45,0,15,33,0,48,9,44,40,0,93,80,0,80,173
04/03/2007,MSO,MT,ANM,WE,Federal Contract Tower,11,30,7,1,49,0,30,51,0,81,11,60,58,1,130,126,20,146,276
04/04/2007,MSO,MT,ANM,WE,Federal Contract Tower,9,31,23,0,63,0,9,15,0,24,9,40,38,0,87,56,0,56,143
04/05/2007,MSO,MT,ANM,WE,Federal Contract Tower,11,33,18,0,62,0,7,10,0,17,11,40,28,0,79,36,0,36,115
04/06/2007,MSO,MT,ANM,WE,Federal Contract Tower,9,37,10,0,56,0,7,48,0,55,9,44,58,0,111,90,0,90,201
04/07/2007,MSO,MT,ANM,WE,Federal Contract Tower,11,26,7,0,44,0,5,47,0,52,11,31,54,0,96,48,0,48,144
04/08/2007,MSO,MT,ANM,WE,Federal Contract Tower,11,24,10,0,45,0,13,46,0,59,11,37,56,0,104,34,0,34,138
04/09/2007,MSO,MT,ANM,WE,Federal Contract Tower,9,33,11,0,53,0,9,12,0,21,9,42,23,0,74,0,0,0,74
04/10/2007,MSO,MT,ANM,WE,Federal Contract Tower,11,31,18,0,60,0,18,15,0,33,11,49,33,0,93,50,0,50,143
04/11/2007,MSO,MT,ANM,WE,Federal Contract Tower,9,26,18,0,53,0,14,74,0,88,9,40,92,0,141,184,1,185,326
04/12/2007,MSO,MT,ANM,WE,Federal Contract Tower,11,30,11,0,52,0,4,46,0,50,11,34,57,0,102,82,0,82,184
04/13/2007,MSO,MT,ANM,WE,Federal Contract Tower,9,34,12,2,57,0,11,60,0,71,9,45,72,2,128,114,0,114,242
04/14/2007,MSO,MT,ANM,WE,Federal Contract Tower,11,26,8,0,45,0,6,44,0,50,11,32,52,0,95,42,0,42,137
04/15/2007,MSO,MT,ANM,WE,Federal Contract Tower,11,24,16,2,53,0,18,24,0,42,11,42,40,2,95,52,0,52,147
04/16/2007,MSO,MT,ANM,WE,Federal Contract Tower,9,23,13,0,45,0,8,71,0,79,9,31,84,0,124,86,0,86,210
04/17/2007,MSO,MT,ANM,WE,Federal Contract Tower,10,36,17,0,63,0,3,16,0,19,10,39,33,0,82,21,0,21,103
04/18/2007,MSO,MT,ANM,WE,Federal Contract Tower,8,33,3,0,44,0,2,1,0,3,8,35,4,0,47,0,0,0,47
04/19/2007,MSO,MT,ANM,WE,Federal Contract Tower,12,29,27,0,68,0,3,4,0,7,12,32,31,0,75,41,0,41,116
04/20/2007,MSO,MT,ANM,WE,Federal Contract Tower,9,29,23,0,61,0,7,48,0,55,9,36,71,0,116,45,0,45,161
04/21/2007,MSO,MT,ANM,WE,Federal Contract Tower,11,22,10,0,43,0,9,53,0,62,11,31,63,0,105,112,0,112,217
04/22/2007,MSO,MT,ANM,WE,Federal Contract Tower,11,28,6,0,45,0,9,48,0,57,11,37,54,0,102,44,0,44,146
04/23/2007,MSO,MT,ANM,WE,Federal Contract Tower,9,28,13,2,52,0,12,37,0,49,9,40,50,2,101,70,12,82,183
04/24/2007,MSO,MT,ANM,WE,Federal Contract Tower,12,38,17,0,67,0,24,67,0,91,12,62,84,0,158,90,0,90,248
04/25/2007,MSO,MT,ANM,WE,Federal Contract Tower,9,28,13,0,50,0,1,31,0,32,9,29,44,0,82,86,0,86,168
04/26/2007,MSO,MT,ANM,WE,Federal Contract Tower,11,32,14,0,57,0,4,33,0,37,11,36,47,0,94,95,0,95,189
04/27/2007,MSO,MT,ANM,WE,Federal Contract Tower,9,31,10,0,50,0,12,51,0,63,9,43,61,0,113,44,0,44,157
04/28/2007,MSO,MT,ANM,WE,Federal Contract Tower,11,27,9,0,47,0,27,49,0,76,11,54,58,0,123,26,0,26,149
04/29/2007,MSO,MT,ANM,WE,Federal Contract Tower,11,26,12,0,49,0,13,36,0,49,11,39,48,0,98,38,0,38,136
04/30/2007,MSO,MT,ANM,WE,Federal Contract Tower,9,31,5,0,45,0,10,53,0,63,9,41,58,0,108,56,0,56,164
05/01/2007,MSO,MT,ANM,WE,Federal Contract Tower,12,28,8,0,48,0,14,56,0,70,12,42,64,0,118,64,0,64,182
05/02/2007,MSO,MT,ANM,WE,Federal Contract Tower,9,36,16,0,61,0,8,30,0,38,9,44,46,0,99,14,1,15,114
05/03/2007,MSO,MT,ANM,WE,Federal Contract Tower,11,33,10,0,54,0,3,3,0,6,11,36,13,0,60,6,0,6,66
05/04/2007,MSO,MT,ANM,WE,Federal Contract Tower,9,40,8,4,61,0,2,20,1,23,9,42,28,5,84,28,1,29,113
05/05/2007,MSO,MT,ANM,WE,Federal Contract Tower,11,29,9,0,49,0,10,40,4,54,11,39,49,4,103,51,0,51,154
05/06/2007,MSO,MT,ANM,WE,Federal Contract Tower,11,31,11,1,54,0,19,40,1,60,11,50,51,2,114,48,0,48,162
05/07/2007,MSO,MT,ANM,WE,Federal Contract Tower,9,24,9,1,43,0,9,41,0,50,9,33,50,1,93,48,0,48,141
05/08/2007,MSO,MT,ANM,WE,Federal Contract Tower,11,29,12,0,52,0,9,59,0,68,11,38,71,0,120,91,0,91,211
05/09/2007,MSO,MT,ANM,WE,Federal Contract Tower,8,32,12,0,52,0,8,68,0,76,8,40,80,0,128,28,0,28,156
05/10/2007,MSO,MT,ANM,WE,Federal Contract Tower,11,35,20,0,66,0,10,33,0,43,11,45,53,0,109,10,0,10,119
05/11/2007,MSO,MT,ANM,WE,Federal Contract Tower,9,30,14,0,53,0,14,49,0,63,9,44,63,0,116,30,0,30,146
05/12/2007,MSO,MT,ANM,WE,Federal Contract Tower,11,29,11,0,51,0,9,54,0,63,11,38,65,0,114,19,0,19,133
05/13/2007,MSO,MT,ANM,WE,Federal Contract Tower,11,31,15,0,57,0,13,34,0,47,11,44,49,0,104,18,0,18,122
05/14/2007,MSO,MT,ANM,WE,Federal Contract Tower,9,34,6,0,49,0,23,42,0,65,9,57,48,0,114,0,0,0,114
05/15/2007,MSO,MT,ANM,WE,Federal Contract Tower,11,25,14,0,50,0,5,40,0,45,11,30,54,0,95,10,0,10,105
05/16/2007,MSO,MT,ANM,WE,Federal Contract Tower,9,28,14,0,51,0,19,45,0,64,9,47,59,0,115,56,0,56,171
05/17/2007,MSO,MT,ANM,WE,Federal Contract Tower,13,29,18,0,60,0,14,51,0,65,13,43,69,0,125,42,0,42,167
05/18/2007,MSO,MT,ANM,WE,Federal Contract Tower,9,34,7,0,50,0,12,42,0,54,9,46,49,0,104,112,0,112,216
05/19/2007,MSO,MT,ANM,WE,Federal Contract Tower,11,28,6,0,45,0,8,37,0,45,11,36,43,0,90,33,4,37,127
05/20/2007,MSO,MT,ANM,WE,Federal Contract Tower,10,29,12,0,51,0,13,42,0,55,10,42,54,0,106,20,0,20,126
05/21/2007,MSO,MT,ANM,WE,Federal Contract Tower,10,32,11,0,53,0,8,20,0,28,10,40,31,0,81,0,0,0,81
05/22/2007,MSO,MT,ANM,WE,Federal Contract Tower,11,35,11,0,57,0,5,21,0,26,11,40,32,0,83,92,0,92,175
05/23/2007,MSO,MT,ANM,WE,Federal Contract Tower,9,30,13,0,52,0,6,64,0,70,9,36,77,0,122,66,0,66,188
05/24/2007,MSO,MT,ANM,WE,Federal Contract Tower,11,32,12,0,55,0,5,19,2,26,11,37,31,2,81,64,0,64,145
05/25/2007,MSO,MT,ANM,WE,Federal Contract Tower,9,34,19,0,62,0,6,62,0,68,9,40,81,0,130,82,0,82,212
05/26/2007,MSO,MT,ANM,WE,Federal Contract Tower,12,27,12,0,51,0,18,53,0,71,12,45,65,0,122,62,0,62,184
05/27/2007,MSO,MT,ANM,WE,Federal Contract Tower,11,23,0,0,34,0,4,17,0,21,11,27,17,0,55,36,0,36,91
05/28/2007,MSO,MT,ANM,WE,Federal Contract Tower,9,28,11,0,48,0,21,28,0,49,9,49,39,0,97,18,0,18,115
05/29/2007,MSO,MT,ANM,WE,Federal Contract Tower,11,35,16,0,62,0,3,56,0,59,11,38,72,0,121,30,0,30,151
05/30/2007,MSO,MT,ANM,WE,Federal Contract Tower,9,35,14,0,58,0,15,50,0,65,9,50,64,0,123,54,0,54,177
05/31/2007,MSO,MT,ANM,WE,Federal Contract Tower,11,34,19,0,64,0,5,51,2,58,11,39,70,2,122,80,0,80,202
06/01/2007,MSO,MT,ANM,WE,Federal Contract Tower,9,34,11,2,56,0,15,63,2,80,9,49,74,4,136,66,0,66,202
06/02/2007,MSO,MT,ANM,WE,Federal Contract Tower,11,30,0,0,41,0,10,53,0,63,11,40,53,0,104,31,0,31,135
06/03/2007,MSO,MT,ANM,WE,Federal Contract Tower,11,30,21,0,62,0,23,37,2,62,11,53,58,2,124,20,0,20,144
06/04/2007,MSO,MT,ANM,WE,Federal Contract Tower,9,38,17,0,64,0,11,42,0,53,9,49,59,0,117,62,0,62,179
06/05/2007,MSO,MT,ANM,WE,Federal Contract Tower,10,32,12,0,54,0,7,28,1,36,10,39,40,1,90,82,0,82,172
06/06/2007,MSO,MT,ANM,WE,Federal Contract Tower,9,32,20,0,61,0,7,1,0,8,9,39,21,0,69,0,0,0,69
06/07/2007,MSO,MT,ANM,WE,Federal Contract Tower,15,35,12,0,62,0,4,18,0,22,15,39,30,0,84,66,0,66,150
06/08/2007,MSO,MT,ANM,WE,Federal Contract Tower,15,36,19,0,70,0,3,46,0,49,15,39,65,0,119,34,0,34,153
06/09/2007,MSO,MT,ANM,WE,Federal Contract Tower,20,33,9,0,62,0,1,37,0,38,20,34,46,0,100,54,0,54,154
06/10/2007,MSO,MT,ANM,WE,Federal Contract Tower,16,36,8,0,60,0,17,16,0,33,16,53,24,0,93,28,0,28,121
06/11/2007,MSO,MT,ANM,WE,Federal Contract Tower,17,31,14,0,62,0,16,53,0,69,17,47,67,0,131,56,0,56,187
06/12/2007,MSO,MT,ANM,WE,Federal Contract Tower,18,30,18,0,66,0,9,61,0,70,18,39,79,0,136,52,0,52,188
06/13/2007,MSO,MT,ANM,WE,Federal Contract Tower,16,32,22,0,70,0,24,35,0,59,16,56,57,0,129,35,0,35,164
06/14/2007,MSO,MT,ANM,WE,Federal Contract Tower,17,30,20,0,67,0,6,37,0,43,17,36,57,0,110,33,0,33,143
06/15/2007,MSO,MT,ANM,WE,Federal Contract Tower,15,31,15,0,61,0,4,51,0,55,15,35,66,0,116,29,0,29,145
06/16/2007,MSO,MT,ANM,WE,Federal Contract Tower,18,31,5,0,54,0,19,35,4,58,18,50,40,4,112,40,0,40,152
06/17/2007,MSO,MT,ANM,WE,Federal Contract Tower,17,32,12,0,61,0,12,20,0,32,17,44,32,0,93,30,0,30,123
06/18/2007,MSO,MT,ANM,WE,Federal Contract Tower,17,27,25,0,69,0,17,52,0,69,17,44,77,0,138,44,0,44,182
06/19/2007,MSO,MT,ANM,WE,Federal Contract Tower,18,29,13,0,60,0,17,52,1,70,18,46,65,1,130,44,0,44,174
06/20/2007,MSO,MT,ANM,WE,Federal Contract Tower,13,37,17,0,67,0,15,94,2,111,13,52,111,2,178,86,0,86,264
06/21/2007,MSO,MT,ANM,WE,Federal Contract Tower,16,33,10,0,59,0,10,77,9,96,16,43,87,9,155,88,0,88,243
06/22/2007,MSO,MT,ANM,WE,Federal Contract Tower,15,36,16,0,67,0,21,66,0,87,15,57,82,0,154,78,15,93,247
06/23/2007,MSO,MT,ANM,WE,Federal Contract Tower,18,30,17,0,65,0,16,54,0,70,18,46,71,0,135,20,0,20,155
06/24/2007,MSO,MT,ANM,WE,Federal Contract Tower,16,32,14,0,62,0,17,63,0,80,16,49,77,0,142,34,0,34,176
06/25/2007,MSO,MT,ANM,WE,Federal Contract Tower,15,33,10,3,61,0,20,40,1,61,15,53,50,4,122,56,6,62,184
06/26/2007,MSO,MT,ANM,WE,Federal Contract Tower,17,27,14,0,58,0,15,92,0,107,17,42,106,0,165,72,0,72,237
06/27/2007,MSO,MT,ANM,WE,Federal Contract Tower,13,38,12,0,63,0,32,104,0,136,13,70,116,0,199,40,0,40,239
06/28/2007,MSO,MT,ANM,WE,Federal Contract Tower,17,34,13,0,64,0,10,72,0,82,17,44,85,0,146,66,0,66,212
06/29/2007,MSO,MT,ANM,WE,Federal Contract Tower,13,34,6,0,53,0,16,77,0,93,13,50,83,0,146,47,0,47,193
06/30/2007,MSO,MT,ANM,WE,Federal Contract Tower,20,34,14,0,68,0,22,59,0,81,20,56,73,0,149,60,0,60,209
07/01/2007,MSO,MT,ANM,WE,Federal Contract Tower,16,34,9,0,59,0,15,60,0,75,16,49,69,0,134,18,0,18,152
07/02/2007,MSO,MT,ANM,WE,Federal Contract Tower,16,30,9,0,55,0,25,101,0,126,16,55,110,0,181,100,0,100,281
07/03/2007,MSO,MT,ANM,WE,Federal Contract Tower,19,30,12,0,61,0,22,110,0,132,19,52,122,0,193,40,0,40,233
07/04/2007,MSO,MT,ANM,WE,Federal Contract Tower,17,20,13,0,50,0,7,45,0,52,17,27,58,0,102,40,0,40,142
07/05/2007,MSO,MT,ANM,WE,Federal Contract Tower,18,29,14,0,61,0,10,57,0,67,18,39,71,0,128,58,0,58,186
07/06/2007,MSO,MT,ANM,WE,Federal Contract Tower,19,41,18,0,78,0,20,61,2,83,19,61,79,2,161,83,0,83,244
07/07/2007,MSO,MT,ANM,WE,Federal Contract Tower,21,33,15,2,71,0,18,62,0,80,21,51,77,2,151,43,0,43,194
07/08/2007,MSO,MT,ANM,WE,Federal Contract Tower,18,41,30,2,91,0,19,77,0,96,18,60,107,2,187,24,0,24,211
07/09/2007,MSO,MT,ANM,WE,Federal Contract Tower,17,39,17,2,75,0,14,70,0,84,17,53,87,2,159,22,0,22,181
07/10/2007,MSO,MT,ANM,WE,Federal Contract Tower,19,30,11,0,60,0,21,81,0,102,19,51,92,0,162,54,0,54,216
07/11/2007,MSO,MT,ANM,WE,Federal Contract Tower,15,37,16,0,68,0,10,94,0,104,15,47,110,0,172,37,0,37,209
07/12/2007,MSO,MT,ANM,WE,Federal Contract Tower,18,34,18,0,70,0,7,94,2,103,18,41,112,2,173,22,8,30,203
07/13/2007,MSO,MT,ANM,WE,Federal Contract Tower,12,33,14,0,59,0,19,86,0,105,12,52,100,0,164,32,0,32,196
07/14/2007,MSO,MT,ANM,WE,Federal Contract Tower,21,29,11,0,61,0,36,90,0,126,21,65,101,0,187,37,0,37,224
07/15/2007,MSO,MT,ANM,WE,Federal Contract Tower,19,36,18,1,74,0,13,128,0,141,19,49,146,1,215,14,2,16,231
07/16/2007,MSO,MT,ANM,WE,Federal Contract Tower,18,32,7,0,57,0,18,97,1,116,18,50,104,1,173,10,0,10,183
07/17/2007,MSO,MT,ANM,WE,Federal Contract Tower,16,39,16,0,71,0,19,125,0,144,16,58,141,0,215,14,0,14,229
07/18/2007,MSO,MT,ANM,WE,Federal Contract Tower,16,35,17,0,68,0,33,91,0,124,16,68,108,0,192,84,0,84,276
07/19/2007,MSO,MT,ANM,WE,Federal Contract Tower,19,37,18,0,74,0,9,75,0,84,19,46,93,0,158,26,0,26,184
07/20/2007,MSO,MT,ANM,WE,Federal Contract Tower,18,30,18,1,67,0,14,131,10,155,18,44,149,11,222,43,2,45,267
07/21/2007,MSO,MT,ANM,WE,Federal Contract Tower,19,29,18,0,66,0,18,112,0,130,19,47,130,0,196,38,0,38,234
07/22/2007,MSO,MT,ANM,WE,Federal Contract Tower,17,32,13,0,62,0,14,92,0,106,17,46,105,0,168,20,0,20,188
07/23/2007,MSO,MT,ANM,WE,Federal Contract Tower,14,27,18,0,59,0,22,81,0,103,14,49,99,0,162,32,0,32,194
07/24/2007,MSO,MT,ANM,WE,Federal Contract Tower,23,28,15,0,66,0,8,154,0,162,23,36,169,0,228,30,0,30,258
07/25/2007,MSO,MT,ANM,WE,Federal Contract Tower,19,32,13,0,64,0,47,107,0,154,19,79,120,0,218,58,0,58,276
07/26/2007,MSO,MT,ANM,WE,Federal Contract Tower,18,33,11,0,62,0,9,77,2,88,18,42,88,2,150,48,0,48,198
07/27/2007,MSO,MT,ANM,WE,Federal Contract Tower,17,36,6,2,61,0,10,114,0,124,17,46,120,2,185,16,0,16,201
07/28/2007,MSO,MT,ANM,WE,Federal Contract Tower,22,28,0,0,50,0,10,117,2,129,22,38,117,2,179,11,0,11,190
07/29/2007,MSO,MT,ANM,WE,Federal Contract Tower,17,31,12,0,60,0,18,199,2,219,17,49,211,2,279,12,0,12,291
07/30/2007,MSO,MT,ANM,WE,Federal Contract Tower,16,38,15,0,69,0,23,124,1,148,16,61,139,1,217,4,0,4,221
07/31/2007,MSO,MT,ANM,WE,Federal Contract Tower,19,28,22,0,69,0,25,193,4,222,19,53,215,4,291,24,0,24,315
08/01/2007,MSO,MT,ANM,WE,Federal Contract Tower,18,35,17,0,70,0,29,109,0,138,18,64,126,0,208,10,0,10,218
08/02/2007,MSO,MT,ANM,WE,Federal Contract Tower,18,37,23,0,78,0,12,75,0,87,18,49,98,0,165,6,0,6,171
08/03/2007,MSO,MT,ANM,WE,Federal Contract Tower,16,37,19,2,74,0,11,92,0,103,16,48,111,2,177,39,8,47,224
08/04/2007,MSO,MT,ANM,WE,Federal Contract Tower,21,32,9,0,62,0,12,164,0,176,21,44,173,0,238,0,0,0,238
08/05/2007,MSO,MT,ANM,WE,Federal Contract Tower,17,32,22,2,73,2,10,53,0,65,19,42,75,2,138,14,0,14,152
08/06/2007,MSO,MT,ANM,WE,Federal Contract Tower,16,31,33,0,80,0,39,110,2,151,16,70,143,2,231,40,0,40,271
08/07/2007,MSO,MT,ANM,WE,Federal Contract Tower,22,43,26,0,91,0,42,132,2,176,22,85,158,2,267,20,0,20,287
08/08/2007,MSO,MT,ANM,WE,Federal Contract Tower,17,39,21,0,77,0,65,113,4,182,17,104,134,4,259,56,1,57,316
08/09/2007,MSO,MT,ANM,WE,Federal Contract Tower,18,42,23,0,83,0,11,124,0,135,18,53,147,0,218,17,0,17,235
08/10/2007,MSO,MT,ANM,WE,Federal Contract Tower,18,34,7,0,59,0,30,110,4,144,18,64,117,4,203,10,0,10,213
08/11/2007,MSO,MT,ANM,WE,Federal Contract Tower,21,33,13,0,67,0,24,99,0,123,21,57,112,0,190,36,0,36,226
08/12/2007,MSO,MT,ANM,WE,Federal Contract Tower,19,34,16,0,69,0,16,84,5,105,19,50,100,5,174,6,2,8,182
08/13/2007,MSO,MT,ANM,WE,Federal Contract Tower,16,28,16,0,60,0,24,107,0,131,16,52,123,0,191,24,0,24,215
08/14/2007,MSO,MT,ANM,WE,Federal Contract Tower,22,34,26,0,82,0,22,99,1,122,22,56,125,1,204,0,0,0,204
08/15/2007,MSO,MT,ANM,WE,Federal Contract Tower,14,33,16,0,63,0,10,150,2,162,14,43,166,2,225,4,0,4,229
08/16/2007,MSO,MT,ANM,WE,Federal Contract Tower,18,31,38,2,89,0,11,16,0,27,18,42,54,2,116,0,0,0,116
08/17/2007,MSO,MT,ANM,WE,Federal Contract Tower,18,35,53,1,107,0,9,41,0,50,18,44,94,1,157,0,0,0,157
08/18/2007,MSO,MT,ANM,WE,Federal Contract Tower,21,32,12,0,65,0,11,73,1,85,21,43,85,1,150,24,0,24,174
08/19/2007,MSO,MT,ANM,WE,Federal Contract Tower,17,33,28,0,78,0,9,32,0,41,17,42,60,0,119,18,2,20,139
08/20/2007,MSO,MT,ANM,WE,Federal Contract Tower,17,27,20,0,64,0,4,82,0,86,17,31,102,0,150,32,0,32,182
08/21/2007,MSO,MT,ANM,WE,Federal Contract Tower,17,33,28,0,78,0,7,69,0,76,17,40,97,0,154,0,0,0,154
08/22/2007,MSO,MT,ANM,WE,Federal Contract Tower,17,34,25,0,76,0,15,119,0,134,17,49,144,0,210,46,0,46,256
08/23/2007,MSO,MT,ANM,WE,Federal Contract Tower,18,31,21,0,70,0,6,82,0,88,18,37,103,0,158,10,0,10,168
08/24/2007,MSO,MT,ANM,WE,Federal Contract Tower,16,32,15,0,63,0,10,113,0,123,16,42,128,0,186,9,0,9,195
08/25/2007,MSO,MT,ANM,WE,Federal Contract Tower,20,24,14,0,58,0,16,96,7,119,20,40,110,7,177,19,0,19,196
08/26/2007,MSO,MT,ANM,WE,Federal Contract Tower,17,31,20,0,68,0,20,117,3,140,17,51,137,3,208,14,0,14,222
08/27/2007,MSO,MT,ANM,WE,Federal Contract Tower,16,27,16,0,59,0,12,74,0,86,16,39,90,0,145,88,0,88,233
08/28/2007,MSO,MT,ANM,WE,Federal Contract Tower,0,22,22,0,44,0,11,84,2,97,0,33,106,2,141,10,0,10,151
08/29/2007,MSO,MT,ANM,WE,Federal Contract Tower,0,17,16,0,33,0,14,106,0,120,0,31,122,0,153,14,0,14,167
08/30/2007,MSO,MT,ANM,WE,Federal Contract Tower,0,19,23,0,42,0,11,37,0,48,0,30,60,0,90,10,0,10,100
08/31/2007,MSO,MT,ANM,WE,Federal Contract Tower,18,34,19,0,71,0,12,59,0,71,18,46,78,0,142,45,0,45,187
09/01/2007,MSO,MT,ANM,WE,Federal Contract Tower,20,34,12,0,66,0,6,55,0,61,20,40,67,0,127,0,0,0,127
09/02/2007,MSO,MT,ANM,WE,Federal Contract Tower,16,25,10,0,51,0,7,98,0,105,16,32,108,0,156,0,0,0,156
09/03/2007,MSO,MT,ANM,WE,Federal Contract Tower,15,25,22,0,62,0,11,92,0,103,15,36,114,0,165,36,0,36,201
09/04/2007,MSO,MT,ANM,WE,Federal Contract Tower,14,28,21,0,63,0,8,96,0,104,14,36,117,0,167,8,0,8,175
09/05/2007,MSO,MT,ANM,WE,Federal Contract Tower,0,0,0,0,0,0,7,30,0,37,0,7,30,0,37,0,0,0,37
09/06/2007,MSO,MT,ANM,WE,Federal Contract Tower,0,0,0,0,0,0,4,21,0,25,0,4,21,0,25,0,0,0,25
09/07/2007,MSO,MT,ANM,WE,Federal Contract Tower,10,31,16,0,57,0,5,79,0,84,10,36,95,0,141,24,0,24,165
09/08/2007,MSO,MT,ANM,WE,Federal Contract Tower,15,26,11,0,52,0,8,64,0,72,15,34,75,0,124,28,0,28,152
09/09/2007,MSO,MT,ANM,WE,Federal Contract Tower,9,25,6,0,40,0,26,65,0,91,9,51,71,0,131,6,0,6,137
09/10/2007,MSO,MT,ANM,WE,Federal Contract Tower,11,27,8,0,46,0,13,83,0,96,11,40,91,0,142,58,0,58,200
09/11/2007,MSO,MT,ANM,WE,Federal Contract Tower,0,16,11,0,27,0,5,76,0,81,0,21,87,0,108,90,0,90,198
09/12/2007,MSO,MT,ANM,WE,Federal Contract Tower,0,12,13,0,25,0,16,75,0,91,0,28,88,0,116,46,0,46,162
09/13/2007,MSO,MT,ANM,WE,Federal Contract Tower,0,18,11,0,29,0,7,66,0,73,0,25,77,0,102,25,0,25,127
09/14/2007,MSO,MT,ANM,WE,Federal Contract Tower,8,33,21,2,64,0,3,114,0,117,8,36,135,2,181,42,7,49,230
09/15/2007,MSO,MT,ANM,WE,Federal Contract Tower,16,21,14,0,51,0,29,59,0,88,16,50,73,0,139,40,0,40,179
09/16/2007,MSO,MT,ANM,WE,Federal Contract Tower,11,25,14,2,52,0,4,48,2,54,11,29,62,4,106,24,0,24,130
09/17/2007,MSO,MT,ANM,WE,Federal Contract Tower,10,30,10,0,50,0,11,43,0,54,10,41,53,0,104,0,0,0,104
09/18/2007,MSO,MT,ANM,WE,Federal Contract Tower,12,33,16,0,61,0,5,40,0,45,12,38,56,0,106,6,0,6,112
09/19/2007,MSO,MT,ANM,WE,Federal Contract Tower,11,33,13,0,57,0,13,10,0,23,11,46,23,0,80,39,0,39,119
09/20/2007,MSO,MT,ANM,WE,Federal Contract Tower,13,39,17,0,69,0,4,32,3,39,13,43,49,3,108,14,0,14,122
09/21/2007,MSO,MT,ANM,WE,Federal Contract Tower,13,38,22,0,73,1,12,64,2,79,14,50,86,2,152,14,0,14,166
09/22/2007,MSO,MT,ANM,WE,Federal Contract Tower,16,25,14,0,55,0,8,30,0,38,16,33,44,0,93,22,0,22,115
09/23/2007,MSO,MT,ANM,WE,Federal Contract Tower,11,30,12,0,53,0,4,1,0,5,11,34,13,0,58,0,0,0,58
09/24/2007,MSO,MT,ANM,WE,Federal Contract Tower,11,28,26,0,65,0,11,43,0,54,11,39,69,0,119,8,0,8,127
09/25/2007,MSO,MT,ANM,WE,Federal Contract Tower,15,31,12,0,58,1,2,52,0,55,16,33,64,0,113,14,0,14,127
09/26/2007,MSO,MT,ANM,WE,Federal Contract Tower,10,27,15,0,52,0,10,52,0,62,10,37,67,0,114,46,2,48,162
09/27/2007,MSO,MT,ANM,WE,Federal Contract Tower,12,29,15,2,58,0,1,63,0,64,12,30,78,2,122,41,0,41,163
09/28/2007,MSO,MT,ANM,WE,Federal Contract Tower,11,26,15,0,52,0,0,43,0,43,11,26,58,0,95,24,0,24,119
09/29/2007,MSO,MT,ANM,WE,Federal Contract Tower,15,27,12,0,54,0,10,31,0,41,15,37,43,0,95,10,0,10,105
09/30/2007,MSO,MT,ANM,WE,Federal Contract Tower,9,27,13,0,49,0,0,53,0,53,9,27,66,0,102,18,0,18,120
10/01/2007,MSO,MT,ANM,WE,Federal Contract Tower,13,27,10,0,50,0,13,16,0,29,13,40,26,0,79,12,0,12,91
10/02/2007,MSO,MT,ANM,WE,Federal Contract Tower,13,26,10,0,49,0,4,16,0,20,13,30,26,0,69,24,0,24,93
10/03/2007,MSO,MT,ANM,WE,Federal Contract Tower,11,35,13,0,59,0,15,9,0,24,11,50,22,0,83,12,0,12,95
10/04/2007,MSO,MT,ANM,WE,Federal Contract Tower,13,29,13,0,55,0,0,29,0,29,13,29,42,0,84,8,0,8,92
10/05/2007,MSO,MT,ANM,WE,Federal Contract Tower,7,28,12,0,47,0,3,4,0,7,7,31,16,0,54,0,0,0,54
10/06/2007,MSO,MT,ANM,WE,Federal Contract Tower,13,27,21,0,61,0,2,10,0,12,13,29,31,0,73,20,0,20,93
10/07/2007,MSO,MT,ANM,WE,Federal Contract Tower,13,26,14,0,53,0,1,8,1,10,13,27,22,1,63,31,0,31,94
10/08/2007,MSO,MT,ANM,WE,Federal Contract Tower,11,25,8,0,44,0,13,28,0,41,11,38,36,0,85,40,0,40,125
10/09/2007,MSO,MT,ANM,WE,Federal Contract Tower,12,21,14,0,47,0,5,51,2,58,12,26,65,2,105,30,0,30,135
10/10/2007,MSO,MT,ANM,WE,Federal Contract Tower,10,29,7,0,46,0,7,40,0,47,10,36,47,0,93,44,0,44,137
10/11/2007,MSO,MT,ANM,WE,Federal Contract Tower,13,25,20,0,58,0,5,38,0,43,13,30,58,0,101,22,0,22,123
10/12/2007,MSO,MT,ANM,WE,Federal Contract Tower,13,29,12,0,54,0,9,45,0,54,13,38,57,0,108,4,0,4,112
10/13/2007,MSO,MT,ANM,WE,Federal Contract Tower,13,25,5,0,43,0,2,50,0,52,13,27,55,0,95,2,0,2,97
10/14/2007,MSO,MT,ANM,WE,Federal Contract Tower,13,21,6,0,40,0,6,63,0,69,13,27,69,0,109,18,0,18,127
10/15/2007,MSO,MT,ANM,WE,Federal Contract Tower,11,24,4,0,39,0,16,50,0,66,11,40,54,0,105,20,0,20,125
10/16/2007,MSO,MT,ANM,WE,Federal Contract Tower,13,29,15,0,57,0,2,35,0,37,13,31,50,0,94,52,0,52,146
10/17/2007,MSO,MT,ANM,WE,Federal Contract Tower,11,25,15,0,51,0,2,24,0,26,11,27,39,0,77,4,0,4,81
10/18/2007,MSO,MT,ANM,WE,Federal Contract Tower,13,28,25,0,66,0,19,15,0,34,13,47,40,0,100,4,0,4,104
10/19/2007,MSO,MT,ANM,WE,Federal Contract Tower,13,38,8,0,59,0,5,7,0,12,13,43,15,0,71,0,0,0,71
10/20/2007,MSO,MT,ANM,WE,Federal Contract Tower,15,30,8,0,53,0,8,11,0,19,15,38,19,0,72,0,0,0,72
10/21/2007,MSO,MT,ANM,WE,Federal Contract Tower,13,25,8,0,46,0,24,25,0,49,13,49,33,0,95,10,0,10,105
10/22/2007,MSO,MT,ANM,WE,Federal Contract Tower,11,30,16,0,57,0,11,20,0,31,11,41,36,0,88,24,0,24,112
10/23/2007,MSO,MT,ANM,WE,Federal Contract Tower,16,27,19,0,62,0,15,55,0,70,16,42,74,0,132,10,0,10,142
10/24/2007,MSO,MT,ANM,WE,Federal Contract Tower,11,30,16,0,57,0,6,58,0,64,11,36,74,0,121,18,0,18,139
10/25/2007,MSO,MT,ANM,WE,Federal Contract Tower,13,33,15,0,61,0,12,5,0,17,13,45,20,0,78,8,0,8,86
10/26/2007,MSO,MT,ANM,WE,Federal Contract Tower,15,29,14,3,61,0,7,35,1,43,15,36,49,4,104,58,5,63,167
10/27/2007,MSO,MT,ANM,WE,Federal Contract Tower,13,21,3,0,37,0,3,37,0,40,13,24,40,0,77,17,0,17,94
10/28/2007,MSO,MT,ANM,WE,Federal Contract Tower,13,22,13,2,50,0,12,48,0,60,13,34,61,2,110,30,0,30,140
10/29/2007,MSO,MT,ANM,WE,Federal Contract Tower,10,33,10,0,53,0,16,31,0,47,10,49,41,0,100,10,0,10,110
10/30/2007,MSO,MT,ANM,WE,Federal Contract Tower,10,25,7,0,42,0,6,36,0,42,10,31,43,0,84,34,0,34,118
10/31/2007,MSO,MT,ANM,WE,Federal Contract Tower,7,28,10,0,45,0,13,42,0,55,7,41,52,0,100,14,0,14,114
11/01/2007,MSO,MT,ANM,WE,Federal Contract Tower,10,32,5,0,47,0,9,22,0,31,10,41,27,0,78,8,0,8,86
11/02/2007,MSO,MT,ANM,WE,Federal Contract Tower,12,32,11,0,55,0,12,50,0,62,12,44,61,0,117,19,0,19,136
11/03/2007,MSO,MT,ANM,WE,Federal Contract Tower,12,30,11,0,53,0,3,34,0,37,12,33,45,0,90,45,0,45,135
11/04/2007,MSO,MT,ANM,WE,Federal Contract Tower,13,25,9,0,47,0,0,15,0,15,13,25,24,0,62,20,0,20,82
11/05/2007,MSO,MT,ANM,WE,Federal Contract Tower,10,28,10,0,48,0,10,54,0,64,10,38,64,0,112,46,0,46,158
11/06/2007,MSO,MT,ANM,WE,Federal Contract Tower,10,28,20,0,58,0,10,34,0,44,10,38,54,0,102,20,0,20,122
11/07/2007,MSO,MT,ANM,WE,Federal Contract Tower,8,31,22,0,61,0,19,37,1,57,8,50,59,1,118,52,0,52,170
11/08/2007,MSO,MT,ANM,WE,Federal Contract Tower,10,31,4,0,45,0,9,16,0,25,10,40,20,0,70,4,0,4,74
11/09/2007,MSO,MT,ANM,WE,Federal Contract Tower,10,30,21,0,61,0,14,22,0,36,10,44,43,0,97,9,0,9,106
11/10/2007,MSO,MT,ANM,WE,Federal Contract Tower,10,30,4,0,44,0,8,15,0,23,10,38,19,0,67,36,0,36,103
11/11/2007,MSO,MT,ANM,WE,Federal Contract Tower,13,25,18,0,56,0,5,8,0,13,13,30,26,0,69,0,0,0,69
11/12/2007,MSO,MT,ANM,WE,Federal Contract Tower,9,29,7,0,45,0,10,9,0,19,9,39,16,0,64,28,0,28,92
11/13/2007,MSO,MT,ANM,WE,Federal Contract Tower,10,29,18,0,57,0,2,4,3,9,10,31,22,3,66,14,0,14,80
11/14/2007,MSO,MT,ANM,WE,Federal Contract Tower,8,28,14,0,50,0,6,54,0,60,8,34,68,0,110,40,0,40,150
11/15/2007,MSO,MT,ANM,WE,Federal Contract Tower,10,35,15,0,60,0,16,17,0,33,10,51,32,0,93,32,0,32,125
11/16/2007,MSO,MT,ANM,WE,Federal Contract Tower,9,37,10,2,58,1,4,13,0,18,10,41,23,2,76,28,0,28,104
11/17/2007,MSO,MT,ANM,WE,Federal Contract Tower,10,32,3,0,45,0,3,2,0,5,10,35,5,0,50,6,0,6,56
11/18/2007,MSO,MT,ANM,WE,Federal Contract Tower,14,19,6,2,41,0,13,11,0,24,14,32,17,2,65,0,0,0,65
11/19/2007,MSO,MT,ANM,WE,Federal Contract Tower,9,24,13,0,46,0,0,1,0,1,9,24,14,0,47,0,0,0,47
11/20/2007,MSO,MT,ANM,WE,Federal Contract Tower,9,34,14,0,57,0,8,7,0,15,9,42,21,0,72,2,0,2,74
11/21/2007,MSO,MT,ANM,WE,Federal Contract Tower,9,39,26,0,74,0,1,5,0,6,9,40,31,0,80,8,0,8,88
11/22/2007,MSO,MT,ANM,WE,Federal Contract Tower,10,23,8,0,41,0,0,8,0,8,10,23,16,0,49,4,0,4,53
11/23/2007,MSO,MT,ANM,WE,Federal Contract Tower,10,26,3,0,39,0,1,9,0,10,10,27,12,0,49,19,0,19,68
11/24/2007,MSO,MT,ANM,WE,Federal Contract Tower,14,33,8,0,55,0,2,17,0,19,14,35,25,0,74,13,0,13,87
11/25/2007,MSO,MT,ANM,WE,Federal Contract Tower,10,24,16,0,50,0,9,21,0,30,10,33,37,0,80,27,0,27,107
11/26/2007,MSO,MT,ANM,WE,Federal Contract Tower,10,35,14,0,59,0,3,3,0,6,10,38,17,0,65,0,0,0,65
11/27/2007,MSO,MT,ANM,WE,Federal Contract Tower,9,31,8,0,48,0,3,2,0,5,9,34,10,0,53,0,0,0,53
11/28/2007,MSO,MT,ANM,WE,Federal Contract Tower,8,37,5,0,50,0,4,6,0,10,8,41,11,0,60,18,0,18,78
11/29/2007,MSO,MT,ANM,WE,Federal Contract Tower,10,32,13,0,55,0,2,5,0,7,10,34,18,0,62,0,0,0,62
11/30/2007,MSO,MT,ANM,WE,Federal Contract Tower,10,32,11,0,53,0,4,28,2,34,10,36,39,2,87,70,0,70,157
12/01/2007,MSO,MT,ANM,WE,Federal Contract Tower,7,29,4,0,40,0,2,1,0,3,7,31,5,0,43,0,0,0,43
12/02/2007,MSO,MT,ANM,WE,Federal Contract Tower,11,24,5,0,40,0,4,0,0,4,11,28,5,0,44,0,0,0,44
12/03/2007,MSO,MT,ANM,WE,Federal Contract Tower,9,33,6,0,48,0,0,0,0,0,9,33,6,0,48,0,0,0,48
12/04/2007,MSO,MT,ANM,WE,Federal Contract Tower,11,31,15,2,59,0,0,0,0,0,11,31,15,2,59,0,0,0,59
12/05/2007,MSO,MT,ANM,WE,Federal Contract Tower,8,29,17,0,54,0,5,7,0,12,8,34,24,0,66,42,0,42,108
12/06/2007,MSO,MT,ANM,WE,Federal Contract Tower,8,28,12,0,48,0,7,16,2,25,8,35,28,2,73,46,0,46,119
12/07/2007,MSO,MT,ANM,WE,Federal Contract Tower,10,35,8,2,55,0,7,22,0,29,10,42,30,2,84,44,0,44,128
12/08/2007,MSO,MT,ANM,WE,Federal Contract Tower,9,23,6,0,38,0,9,28,0,37,9,32,34,0,75,1,0,1,76
12/09/2007,MSO,MT,ANM,WE,Federal Contract Tower,13,24,11,0,48,0,0,8,0,8,13,24,19,0,56,2,0,2,58
12/10/2007,MSO,MT,ANM,WE,Federal Contract Tower,9,26,12,0,47,0,3,1,0,4,9,29,13,0,51,14,0,14,65
12/11/2007,MSO,MT,ANM,WE,Federal Contract Tower,11,28,20,0,59,0,4,30,0,34,11,32,50,0,93,26,0,26,119
12/12/2007,MSO,MT,ANM,WE,Federal Contract Tower,8,35,13,0,56,0,0,0,0,0,8,35,13,0,56,10,0,10,66
12/13/2007,MSO,MT,ANM,WE,Federal Contract Tower,10,33,10,0,53,0,0,5,0,5,10,33,15,0,58,85,0,85,143
12/14/2007,MSO,MT,ANM,WE,Federal Contract Tower,11,36,14,0,61,0,3,5,0,8,11,39,19,0,69,0,0,0,69
12/15/2007,MSO,MT,ANM,WE,Federal Contract Tower,11,38,2,0,51,0,6,8,0,14,11,44,10,0,65,0,0,0,65
12/16/2007,MSO,MT,ANM,WE,Federal Contract Tower,13,28,10,0,51,0,7,23,0,30,13,35,33,0,81,12,0,12,93
12/17/2007,MSO,MT,ANM,WE,Federal Contract Tower,10,31,5,0,46,0,10,4,0,14,10,41,9,0,60,0,0,0,60
12/18/2007,MSO,MT,ANM,WE,Federal Contract Tower,10,33,13,0,56,0,2,24,0,26,10,35,37,0,82,22,0,22,104
12/19/2007,MSO,MT,ANM,WE,Federal Contract Tower,11,35,0,0,46,0,7,2,0,9,11,42,2,0,55,0,0,0,55
12/20/2007,MSO,MT,ANM,WE,Federal Contract Tower,12,32,11,0,55,0,10,2,0,12,12,42,13,0,67,0,0,0,67
12/21/2007,MSO,MT,ANM,WE,Federal Contract Tower,14,34,10,0,58,0,2,26,0,28,14,36,36,0,86,31,0,31,117
12/22/2007,MSO,MT,ANM,WE,Federal Contract Tower,12,30,10,0,52,0,8,36,0,44,12,38,46,0,96,24,0,24,120
12/23/2007,MSO,MT,ANM,WE,Federal Contract Tower,13,23,7,0,43,0,3,5,0,8,13,26,12,0,51,14,0,14,65
12/24/2007,MSO,MT,ANM,WE,Federal Contract Tower,11,35,3,0,49,0,2,2,0,4,11,37,5,0,53,0,0,0,53
12/25/2007,MSO,MT,ANM,WE,Federal Contract Tower,10,27,0,0,37,0,0,5,0,5,10,27,5,0,42,4,0,4,46
12/26/2007,MSO,MT,ANM,WE,Federal Contract Tower,11,35,16,2,64,0,1,0,0,1,11,36,16,2,65,12,0,12,77
12/27/2007,MSO,MT,ANM,WE,Federal Contract Tower,13,27,13,0,53,0,2,8,0,10,13,29,21,0,63,21,0,21,84
12/28/2007,MSO,MT,ANM,WE,Federal Contract Tower,14,36,1,2,53,0,9,5,0,14,14,45,6,2,67,14,0,14,81
12/29/2007,MSO,MT,ANM,WE,Federal Contract Tower,10,29,5,0,44,0,5,3,0,8,10,34,8,0,52,4,0,4,56
12/30/2007,MSO,MT,ANM,WE,Federal Contract Tower,13,22,2,0,37,2,2,0,0,4,15,24,2,0,41,0,0,0,41
12/31/2007,MSO,MT,ANM,WE,Federal Contract Tower,9,32,8,0,49,0,2,2,0,4,9,34,10,0,53,10,0,10,63
01/01/2008,MSO,MT,ANM,WE,Federal Contract Tower,10,27,9,0,46,0,8,22,0,30,10,35,31,0,76,30,0,30,106
01/02/2008,MSO,MT,ANM,WE,Federal Contract Tower,9,39,14,0,62,0,7,14,0,21,9,46,28,0,83,30,0,30,113
01/03/2008,MSO,MT,ANM,WE,Federal Contract Tower,12,37,8,0,57,0,4,18,0,22,12,41,26,0,79,22,0,22,101
01/04/2008,MSO,MT,ANM,WE,Federal Contract Tower,14,27,5,0,46,0,4,18,0,22,14,31,23,0,68,6,0,6,74
01/05/2008,MSO,MT,ANM,WE,Federal Contract Tower,12,27,5,0,44,0,2,2,0,4,12,29,7,0,48,1,0,1,49
01/06/2008,MSO,MT,ANM,WE,Federal Contract Tower,14,26,14,0,54,0,3,8,0,11,14,29,22,0,65,20,0,20,85
01/07/2008,MSO,MT,ANM,WE,Federal Contract Tower,9,27,11,0,47,0,0,9,0,9,9,27,20,0,56,0,0,0,56
01/08/2008,MSO,MT,ANM,WE,Federal Contract Tower,8,26,6,0,40,0,13,22,0,35,8,39,28,0,75,12,0,12,87
01/09/2008,MSO,MT,ANM,WE,Federal Contract Tower,7,33,11,0,51,0,4,7,0,11,7,37,18,0,62,6,0,6,68
01/10/2008,MSO,MT,ANM,WE,Federal Contract Tower,9,26,8,0,43,0,10,0,0,10,9,36,8,0,53,0,0,0,53
01/11/2008,MSO,MT,ANM,WE,Federal Contract Tower,9,28,5,2,44,0,0,1,0,1,9,28,6,2,45,12,0,12,57
01/12/2008,MSO,MT,ANM,WE,Federal Contract Tower,6,26,3,0,35,0,6,6,0,12,6,32,9,0,47,6,0,6,53
01/13/2008,MSO,MT,ANM,WE,Federal Contract Tower,9,22,6,2,39,0,2,18,0,20,9,24,24,2,59,0,0,0,59
01/14/2008,MSO,MT,ANM,WE,Federal Contract Tower,9,25,8,0,42,0,1,18,0,19,9,26,26,0,61,16,0,16,77
01/15/2008,MSO,MT,ANM,WE,Federal Contract Tower,15,34,16,0,65,0,0,0,0,0,15,34,16,0,65,2,0,2,67
01/16/2008,MSO,MT,ANM,WE,Federal Contract Tower,7,21,9,0,37,0,0,36,0,36,7,21,45,0,73,40,0,40,113
01/17/2008,MSO,MT,ANM,WE,Federal Contract Tower,9,28,11,0,48,0,4,2,0,6,9,32,13,0,54,0,0,0,54
01/18/2008,MSO,MT,ANM,WE,Federal Contract Tower,8,21,10,0,39,0,5,5,0,10,8,26,15,0,49,10,0,10,59
01/19/2008,MSO,MT,ANM,WE,Federal Contract Tower,7,19,7,0,33,0,0,0,0,0,7,19,7,0,33,0,0,0,33
01/20/2008,MSO,MT,ANM,WE,Federal Contract Tower,9,15,3,0,27,0,0,0,0,0,9,15,3,0,27,0,0,0,27
01/21/2008,MSO,MT,ANM,WE,Federal Contract Tower,9,21,8,0,38,0,18,18,0,36,9,39,26,0,74,14,0,14,88
01/22/2008,MSO,MT,ANM,WE,Federal Contract Tower,9,24,14,2,49,0,3,18,0,21,9,27,32,2,70,20,6,26,96
01/23/2008,MSO,MT,ANM,WE,Federal Contract Tower,6,25,7,0,38,0,20,40,0,60,6,45,47,0,98,42,0,42,140
01/24/2008,MSO,MT,ANM,WE,Federal Contract Tower,9,27,12,0,48,0,3,28,0,31,9,30,40,0,79,12,0,12,91
01/25/2008,MSO,MT,ANM,WE,Federal Contract Tower,7,25,11,0,43,0,2,11,0,13,7,27,22,0,56,16,0,16,72
01/26/2008,MSO,MT,ANM,WE,Federal Contract Tower,7,18,4,0,29,0,0,5,0,5,7,18,9,0,34,4,0,4,38
01/27/2008,MSO,MT,ANM,WE,Federal Contract Tower,9,17,3,0,29,0,7,4,0,11,9,24,7,0,40,6,0,6,46
01/28/2008,MSO,MT,ANM,WE,Federal Contract Tower,9,23,9,0,41,0,5,8,0,13,9,28,17,0,54,0,0,0,54
01/29/2008,MSO,MT,ANM,WE,Federal Contract Tower,9,24,7,0,40,0,2,1,0,3,9,26,8,0,43,2,0,2,45
01/30/2008,MSO,MT,ANM,WE,Federal Contract Tower,7,28,9,0,44,0,12,9,0,21,7,40,18,0,65,2,0,2,67
01/31/2008,MSO,MT,ANM,WE,Federal Contract Tower,9,23,5,0,37,0,0,0,0,0,9,23,5,0,37,0,0,0,37
02/01/2008,MSO,MT,ANM,WE,Federal Contract Tower,10,25,3,0,38,0,5,1,0,6,10,30,4,0,44,2,0,2,46
02/02/2008,MSO,MT,ANM,WE,Federal Contract Tower,9,24,3,0,36,0,0,14,0,14,9,24,17,0,50,2,0,2,52
02/03/2008,MSO,MT,ANM,WE,Federal Contract Tower,9,23,2,0,34,0,4,7,0,11,9,27,9,0,45,0,0,0,45
02/04/2008,MSO,MT,ANM,WE,Federal Contract Tower,9,22,6,0,37,0,9,0,0,9,9,31,6,0,46,42,0,42,88
02/05/2008,MSO,MT,ANM,WE,Federal Contract Tower,9,20,8,0,37,0,6,11,0,17,9,26,19,0,54,22,0,22,76
02/06/2008,MSO,MT,ANM,WE,Federal Contract Tower,7,25,12,0,44,0,8,0,0,8,7,33,12,0,52,10,0,10,62
02/07/2008,MSO,MT,ANM,WE,Federal Contract Tower,9,23,10,0,42,0,7,0,0,7,9,30,10,0,49,0,0,0,49
02/08/2008,MSO,MT,ANM,WE,Federal Contract Tower,11,25,3,0,39,0,2,2,0,4,11,27,5,0,43,0,0,0,43
02/09/2008,MSO,MT,ANM,WE,Federal Contract Tower,9,19,3,0,31,0,0,5,0,5,9,19,8,0,36,6,0,6,42
02/10/2008,MSO,MT,ANM,WE,Federal Contract Tower,9,18,7,0,34,0,0,8,0,8,9,18,15,0,42,50,0,50,92
02/11/2008,MSO,MT,ANM,WE,Federal Contract Tower,9,21,10,0,40,0,5,9,0,14,9,26,19,0,54,16,0,16,70
02/12/2008,MSO,MT,ANM,WE,Federal Contract Tower,9,21,8,0,38,0,5,16,0,21,9,26,24,0,59,4,0,4,63
02/13/2008,MSO,MT,ANM,WE,Federal Contract Tower,9,23,12,0,44,0,2,0,0,2,9,25,12,0,46,2,0,2,48
02/14/2008,MSO,MT,ANM,WE,Federal Contract Tower,11,25,8,0,44,0,2,20,0,22,11,27,28,0,66,40,0,40,106
02/15/2008,MSO,MT,ANM,WE,Federal Contract Tower,11,21,7,0,39,0,4,24,0,28,11,25,31,0,67,55,0,55,122
02/16/2008,MSO,MT,ANM,WE,Federal Contract Tower,11,16,3,0,30,0,6,16,0,22,11,22,19,0,52,20,0,20,72
02/17/2008,MSO,MT,ANM,WE,Federal Contract Tower,10,21,8,0,39,0,16,68,0,84,10,37,76,0,123,48,0,48,171
02/18/2008,MSO,MT,ANM,WE,Federal Contract Tower,12,16,6,0,34,0,12,46,0,58,12,28,52,0,92,34,0,34,126
02/19/2008,MSO,MT,ANM,WE,Federal Contract Tower,10,19,10,0,39,0,4,32,0,36,10,23,42,0,75,40,0,40,115
02/20/2008,MSO,MT,ANM,WE,Federal Contract Tower,8,21,14,0,43,0,20,49,0,69,8,41,63,0,112,50,0,50,162
02/21/2008,MSO,MT,ANM,WE,Federal Contract Tower,11,19,15,0,45,0,4,45,0,49,11,23,60,0,94,91,0,91,185
02/22/2008,MSO,MT,ANM,WE,Federal Contract Tower,12,21,9,1,43,0,7,25,2,34,12,28,34,3,77,33,0,33,110
02/23/2008,MSO,MT,ANM,WE,Federal Contract Tower,12,18,11,0,41,0,6,13,0,19,12,24,24,0,60,49,0,49,109
02/24/2008,MSO,MT,ANM,WE,Federal Contract Tower,11,17,8,2,38,0,2,3,0,5,11,19,11,2,43,0,0,0,43
02/25/2008,MSO,MT,ANM,WE,Federal Contract Tower,12,17,5,0,34,0,0,2,0,2,12,17,7,0,36,0,0,0,36
02/26/2008,MSO,MT,ANM,WE,Federal Contract Tower,11,20,18,0,49,0,4,5,0,9,11,24,23,0,58,42,0,42,100
02/27/2008,MSO,MT,ANM,WE,Federal Contract Tower,9,22,11,0,42,0,7,14,0,21,9,29,25,0,63,42,0,42,105
02/28/2008,MSO,MT,ANM,WE,Federal Contract Tower,12,20,7,0,39,0,11,17,0,28,12,31,24,0,67,38,0,38,105
02/29/2008,MSO,MT,ANM,WE,Federal Contract Tower,11,20,16,0,47,0,7,46,0,53,11,27,62,0,100,101,0,101,201
03/01/2008,MSO,MT,ANM,WE,Federal Contract Tower,11,13,4,0,28,0,7,5,0,12,11,20,9,0,40,4,0,4,44
03/02/2008,MSO,MT,ANM,WE,Federal Contract Tower,10,14,18,0,42,0,6,38,0,44,10,20,56,0,86,68,0,68,154
03/03/2008,MSO,MT,ANM,WE,Federal Contract Tower,10,23,10,0,43,0,6,22,0,28,10,29,32,0,71,32,0,32,103
03/04/2008,MSO,MT,ANM,WE,Federal Contract Tower,9,19,4,0,32,0,2,0,0,2,9,21,4,0,34,0,0,0,34
03/05/2008,MSO,MT,ANM,WE,Federal Contract Tower,11,26,18,0,55,0,14,19,0,33,11,40,37,0,88,31,0,31,119
03/06/2008,MSO,MT,ANM,WE,Federal Contract Tower,10,23,41,0,74,0,9,37,0,46,10,32,78,0,120,44,0,44,164
03/07/2008,MSO,MT,ANM,WE,Federal Contract Tower,11,19,12,0,42,0,9,30,0,39,11,28,42,0,81,64,0,64,145
03/08/2008,MSO,MT,ANM,WE,Federal Contract Tower,10,16,7,0,33,0,0,14,0,14,10,16,21,0,47,18,0,18,65
03/09/2008,MSO,MT,ANM,WE,Federal Contract Tower,10,18,7,0,35,0,9,56,0,65,10,27,63,0,100,22,0,22,122
03/10/2008,MSO,MT,ANM,WE,Federal Contract Tower,10,17,23,0,50,0,20,42,0,62,10,37,65,0,112,60,0,60,172
03/11/2008,MSO,MT,ANM,WE,Federal Contract Tower,10,20,16,0,46,0,3,8,0,11,10,23,24,0,57,26,0,26,83
03/12/2008,MSO,MT,ANM,WE,Federal Contract Tower,12,19,18,0,49,0,13,44,2,59,12,32,62,2,108,70,0,70,178
03/13/2008,MSO,MT,ANM,WE,Federal Contract Tower,10,23,20,0,53,0,1,22,0,23,10,24,42,0,76,48,0,48,124
03/14/2008,MSO,MT,ANM,WE,Federal Contract Tower,12,20,5,0,37,0,6,13,0,19,12,26,18,0,56,38,0,38,94
03/15/2008,MSO,MT,ANM,WE,Federal Contract Tower,10,18,6,0,34,0,0,15,0,15,10,18,21,0,49,10,0,10,59
03/16/2008,MSO,MT,ANM,WE,Federal Contract Tower,10,17,12,2,41,0,2,8,2,12,10,19,20,4,53,2,12,14,67
03/17/2008,MSO,MT,ANM,WE,Federal Contract Tower,9,18,14,0,41,0,17,10,0,27,9,35,24,0,68,50,0,50,118
03/18/2008,MSO,MT,ANM,WE,Federal Contract Tower,10,20,18,0,48,0,0,7,0,7,10,20,25,0,55,14,0,14,69
03/19/2008,MSO,MT,ANM,WE,Federal Contract Tower,12,23,14,0,49,0,8,45,0,53,12,31,59,0,102,64,0,64,166
03/20/2008,MSO,MT,ANM,WE,Federal Contract Tower,11,22,14,0,47,0,11,14,0,25,11,33,28,0,72,16,0,16,88
03/21/2008,MSO,MT,ANM,WE,Federal Contract Tower,12,26,15,0,53,0,3,5,0,8,12,29,20,0,61,14,0,14,75
03/22/2008,MSO,MT,ANM,WE,Federal Contract Tower,10,14,9,0,33,0,16,61,0,77,10,30,70,0,110,144,0,144,254
03/23/2008,MSO,MT,ANM,WE,Federal Contract Tower,12,12,4,0,28,0,11,16,0,27,12,23,20,0,55,12,0,12,67
03/24/2008,MSO,MT,ANM,WE,Federal Contract Tower,10,21,8,0,39,0,3,12,0,15,10,24,20,0,54,18,0,18,72
03/25/2008,MSO,MT,ANM,WE,Federal Contract Tower,10,24,5,0,39,0,10,23,0,33,10,34,28,0,72,46,0,46,118
03/26/2008,MSO,MT,ANM,WE,Federal Contract Tower,10,20,7,0,37,0,0,26,0,26,10,20,33,0,63,12,0,12,75
03/27/2008,MSO,MT,ANM,WE,Federal Contract Tower,10,24,12,0,46,0,2,11,0,13,10,26,23,0,59,22,0,22,81
03/28/2008,MSO,MT,ANM,WE,Federal Contract Tower,11,20,12,0,43,0,9,33,0,42,11,29,45,0,85,28,0,28,113
03/29/2008,MSO,MT,ANM,WE,Federal Contract Tower,10,16,7,0,33,0,8,13,0,21,10,24,20,0,54,8,0,8,62
03/30/2008,MSO,MT,ANM,WE,Federal Contract Tower,10,12,12,0,34,0,12,16,0,28,10,24,28,0,62,76,0,76,138
03/31/2008,MSO,MT,ANM,WE,Federal Contract Tower,8,18,15,0,41,0,0,0,0,0,8,18,15,0,41,0,0,0,41
04/01/2008,MSO,MT,ANM,WE,Federal Contract Tower,10,23,12,0,45,0,4,38,0,42,10,27,50,0,87,96,0,96,183
04/02/2008,MSO,MT,ANM,WE,Federal Contract Tower,8,20,8,0,36,0,13,35,0,48,8,33,43,0,84,110,0,110,194
04/03/2008,MSO,MT,ANM,WE,Federal Contract Tower,10,20,6,0,36,0,6,58,0,64,10,26,64,0,100,66,0,66,166
04/04/2008,MSO,MT,ANM,WE,Federal Contract Tower,11,19,10,2,42,0,1,30,4,35,11,20,40,6,77,46,0,46,123
04/05/2008,MSO,MT,ANM,WE,Federal Contract Tower,13,18,4,0,35,0,2,8,0,10,13,20,12,0,45,20,0,20,65
04/06/2008,MSO,MT,ANM,WE,Federal Contract Tower,12,13,5,2,32,0,5,13,0,18,12,18,18,2,50,22,0,22,72
04/07/2008,MSO,MT,ANM,WE,Federal Contract Tower,14,19,4,0,37,0,3,14,2,19,14,22,18,2,56,2,0,2,58
04/08/2008,MSO,MT,ANM,WE,Federal Contract Tower,14,15,5,0,34,0,6,39,0,45,14,21,44,0,79,90,0,90,169
04/09/2008,MSO,MT,ANM,WE,Federal Contract Tower,12,12,18,0,42,2,7,20,0,29,14,19,38,0,71,16,0,16,87
04/10/2008,MSO,MT,ANM,WE,Federal Contract Tower,17,14,14,0,45,0,0,10,0,10,17,14,24,0,55,63,0,63,118
04/11/2008,MSO,MT,ANM,WE,Federal Contract Tower,15,14,18,1,48,0,5,48,0,53,15,19,66,1,101,49,6,55,156
04/12/2008,MSO,MT,ANM,WE,Federal Contract Tower,12,13,8,1,34,0,0,60,0,60,12,13,68,1,94,48,0,48,142
04/13/2008,MSO,MT,ANM,WE,Federal Contract Tower,14,12,12,0,38,0,5,55,0,60,14,17,67,0,98,44,0,44,142
04/14/2008,MSO,MT,ANM,WE,Federal Contract Tower,15,11,8,0,34,0,9,36,0,45,15,20,44,0,79,30,0,30,109
04/15/2008,MSO,MT,ANM,WE,Federal Contract Tower,12,16,9,0,37,0,9,15,0,24,12,25,24,0,61,48,0,48,109
04/16/2008,MSO,MT,ANM,WE,Federal Contract Tower,13,15,12,0,40,0,7,25,0,32,13,22,37,0,72,96,0,96,168
04/17/2008,MSO,MT,ANM,WE,Federal Contract Tower,15,13,9,0,37,0,14,52,4,70,15,27,61,4,107,97,4,101,208
04/18/2008,MSO,MT,ANM,WE,Federal Contract Tower,15,15,15,0,45,0,7,20,0,27,15,22,35,0,72,42,0,42,114
04/19/2008,MSO,MT,ANM,WE,Federal Contract Tower,12,8,7,0,27,0,0,10,0,10,12,8,17,0,37,0,0,0,37
04/20/2008,MSO,MT,ANM,WE,Federal Contract Tower,14,12,7,0,33,0,4,2,0,6,14,16,9,0,39,18,0,18,57
04/21/2008,MSO,MT,ANM,WE,Federal Contract Tower,12,13,11,0,36,0,5,6,0,11,12,18,17,0,47,48,0,48,95
04/22/2008,MSO,MT,ANM,WE,Federal Contract Tower,14,14,9,0,37,0,4,32,0,36,14,18,41,0,73,76,0,76,149
04/23/2008,MSO,MT,ANM,WE,Federal Contract Tower,13,14,17,0,44,0,7,14,0,21,13,21,31,0,65,29,0,29,94
04/24/2008,MSO,MT,ANM,WE,Federal Contract Tower,15,16,11,0,42,0,1,19,0,20,15,17,30,0,62,18,0,18,80
04/25/2008,MSO,MT,ANM,WE,Federal Contract Tower,15,13,19,0,47,0,4,6,2,12,15,17,25,2,59,0,0,0,59
04/26/2008,MSO,MT,ANM,WE,Federal Contract Tower,12,9,9,0,30,0,10,87,0,97,12,19,96,0,127,91,0,91,218
04/27/2008,MSO,MT,ANM,WE,Federal Contract Tower,14,9,6,0,29,0,10,88,0,98,14,19,94,0,127,112,0,112,239
04/28/2008,MSO,MT,ANM,WE,Federal Contract Tower,15,11,28,0,54,0,13,73,0,86,15,24,101,0,140,40,0,40,180
04/29/2008,MSO,MT,ANM,WE,Federal Contract Tower,15,20,11,0,46,0,1,26,0,27,15,21,37,0,73,24,0,24,97
04/30/2008,MSO,MT,ANM,WE,Federal Contract Tower,13,15,16,0,44,0,9,30,1,40,13,24,46,1,84,12,0,12,96
05/01/2008,MSO,MT,ANM,WE,Federal Contract Tower,15,13,15,0,43,0,9,50,1,60,15,22,65,1,103,45,0,45,148
05/02/2008,MSO,MT,ANM,WE,Federal Contract Tower,15,15,14,2,46,0,9,69,0,78,15,24,83,2,124,62,0,62,186
05/03/2008,MSO,MT,ANM,WE,Federal Contract Tower,12,11,12,0,35,0,1,41,0,42,12,12,53,0,77,30,0,30,107
05/04/2008,MSO,MT,ANM,WE,Federal Contract Tower,16,14,15,2,47,0,8,46,0,54,16,22,61,2,101,39,0,39,140
05/05/2008,MSO,MT,ANM,WE,Federal Contract Tower,15,12,11,0,38,0,8,45,0,53,15,20,56,0,91,18,0,18,109
05/06/2008,MSO,MT,ANM,WE,Federal Contract Tower,14,19,5,0,38,0,5,47,0,52,14,24,52,0,90,88,0,88,178
05/07/2008,MSO,MT,ANM,WE,Federal Contract Tower,15,12,14,0,41,0,10,34,0,44,15,22,48,0,85,50,0,50,135
05/08/2008,MSO,MT,ANM,WE,Federal Contract Tower,15,13,9,0,37,0,2,24,0,26,15,15,33,0,63,20,0,20,83
05/09/2008,MSO,MT,ANM,WE,Federal Contract Tower,15,19,17,0,51,0,5,25,0,30,15,24,42,0,81,60,0,60,141
05/10/2008,MSO,MT,ANM,WE,Federal Contract Tower,12,17,5,0,34,0,11,45,0,56,12,28,50,0,90,27,0,27,117
05/11/2008,MSO,MT,ANM,WE,Federal Contract Tower,14,14,7,0,35,0,5,20,0,25,14,19,27,0,60,68,0,68,128
05/12/2008,MSO,MT,ANM,WE,Federal Contract Tower,15,15,12,0,42,0,9,16,0,25,15,24,28,0,67,78,0,78,145
05/13/2008,MSO,MT,ANM,WE,Federal Contract Tower,15,14,11,0,40,0,10,39,0,49,15,24,50,0,89,48,0,48,137
05/14/2008,MSO,MT,ANM,WE,Federal Contract Tower,13,15,24,0,52,0,9,15,8,32,13,24,39,8,84,59,0,59,143
05/15/2008,MSO,MT,ANM,WE,Federal Contract Tower,15,11,6,0,32,0,7,64,0,71,15,18,70,0,103,82,0,82,185
05/16/2008,MSO,MT,ANM,WE,Federal Contract Tower,17,15,8,0,40,0,8,71,0,79,17,23,79,0,119,63,0,63,182
05/17/2008,MSO,MT,ANM,WE,Federal Contract Tower,12,9,6,0,27,0,6,44,4,54,12,15,50,4,81,50,0,50,131
05/18/2008,MSO,MT,ANM,WE,Federal Contract Tower,14,14,7,0,35,0,8,41,0,49,14,22,48,0,84,20,0,20,104
05/19/2008,MSO,MT,ANM,WE,Federal Contract Tower,15,16,5,0,36,0,9,36,2,47,15,25,41,2,83,56,0,56,139
05/20/2008,MSO,MT,ANM,WE,Federal Contract Tower,15,19,6,0,40,0,5,38,0,43,15,24,44,0,83,112,0,112,195
05/21/2008,MSO,MT,ANM,WE,Federal Contract Tower,14,16,10,0,40,0,11,6,0,17,14,27,16,0,57,68,0,68,125
05/22/2008,MSO,MT,ANM,WE,Federal Contract Tower,15,25,13,0,53,0,1,3,0,4,15,26,16,0,57,0,0,0,57
05/23/2008,MSO,MT,ANM,WE,Federal Contract Tower,17,25,22,0,64,0,2,15,0,17,17,27,37,0,81,20,0,20,101
05/24/2008,MSO,MT,ANM,WE,Federal Contract Tower,12,14,8,0,34,0,10,16,0,26,12,24,24,0,60,8,0,8,68
05/25/2008,MSO,MT,ANM,WE,Federal Contract Tower,13,15,5,0,33,0,2,13,8,23,13,17,18,8,56,10,0,10,66
05/26/2008,MSO,MT,ANM,WE,Federal Contract Tower,12,14,12,0,38,0,6,18,0,24,12,20,30,0,62,0,0,0,62
05/27/2008,MSO,MT,ANM,WE,Federal Contract Tower,18,14,9,0,41,0,3,22,0,25,18,17,31,0,66,36,0,36,102
05/28/2008,MSO,MT,ANM,WE,Federal Contract Tower,14,27,8,0,49,0,9,59,0,68,14,36,67,0,117,60,0,60,177
05/29/2008,MSO,MT,ANM,WE,Federal Contract Tower,15,14,13,0,42,0,3,44,0,47,15,17,57,0,89,99,0,99,188
05/30/2008,MSO,MT,ANM,WE,Federal Contract Tower,16,20,13,0,49,0,6,38,0,44,16,26,51,0,93,72,0,72,165
05/31/2008,MSO,MT,ANM,WE,Federal Contract Tower,14,13,11,0,38,0,4,54,4,62,14,17,65,4,100,48,0,48,148
06/01/2008,MSO,MT,ANM,WE,Federal Contract Tower,14,19,10,0,43,0,2,40,0,42,14,21,50,0,85,12,0,12,97
06/02/2008,MSO,MT,ANM,WE,Federal Contract Tower,15,14,9,0,38,0,0,21,0,21,15,14,30,0,59,28,0,28,87
06/03/2008,MSO,MT,ANM,WE,Federal Contract Tower,15,14,10,0,39,0,2,39,4,45,15,16,49,4,84,76,0,76,160
06/04/2008,MSO,MT,ANM,WE,Federal Contract Tower,14,13,12,0,39,2,6,6,0,14,16,19,18,0,53,30,0,30,83
06/05/2008,MSO,MT,ANM,WE,Federal Contract Tower,16,20,12,2,50,0,5,43,0,48,16,25,55,2,98,71,0,71,169
06/06/2008,MSO,MT,ANM,WE,Federal Contract Tower,17,24,13,0,54,0,4,24,0,28,17,28,37,0,82,36,0,36,118
06/07/2008,MSO,MT,ANM,WE,Federal Contract Tower,12,19,4,0,35,0,7,19,0,26,12,26,23,0,61,18,0,18,79
06/08/2008,MSO,MT,ANM,WE,Federal Contract Tower,15,17,4,2,38,0,3,27,0,30,15,20,31,2,68,34,0,34,102
06/09/2008,MSO,MT,ANM,WE,Federal Contract Tower,15,18,2,0,35,0,4,27,0,31,15,22,29,0,66,55,0,55,121
06/10/2008,MSO,MT,ANM,WE,Federal Contract Tower,15,17,5,0,37,0,2,8,0,10,15,19,13,0,47,2,0,2,49
06/11/2008,MSO,MT,ANM,WE,Federal Contract Tower,13,21,14,0,48,0,0,1,0,1,13,21,15,0,49,10,0,10,59
06/12/2008,MSO,MT,ANM,WE,Federal Contract Tower,14,30,13,4,61,0,4,34,1,39,14,34,47,5,100,61,0,61,161
06/13/2008,MSO,MT,ANM,WE,Federal Contract Tower,17,23,17,0,57,0,2,59,0,61,17,25,76,0,118,85,0,85,203
06/14/2008,MSO,MT,ANM,WE,Federal Contract Tower,14,17,14,0,45,0,8,70,0,78,14,25,84,0,123,23,0,23,146
06/15/2008,MSO,MT,ANM,WE,Federal Contract Tower,16,20,5,0,41,0,10,48,2,60,16,30,53,2,101,14,0,14,115
06/16/2008,MSO,MT,ANM,WE,Federal Contract Tower,15,23,13,0,51,1,16,57,0,74,16,39,70,0,125,34,0,34,159
06/17/2008,MSO,MT,ANM,WE,Federal Contract Tower,15,26,6,0,47,0,6,64,0,70,15,32,70,0,117,86,0,86,203
06/18/2008,MSO,MT,ANM,WE,Federal Contract Tower,13,20,8,0,41,0,11,59,0,70,13,31,67,0,111,92,0,92,203
06/19/2008,MSO,MT,ANM,WE,Federal Contract Tower,17,19,9,0,45,0,6,75,0,81,17,25,84,0,126,23,0,23,149
06/20/2008,MSO,MT,ANM,WE,Federal Contract Tower,18,19,11,0,48,0,11,59,0,70,18,30,70,0,118,32,0,32,150
06/21/2008,MSO,MT,ANM,WE,Federal Contract Tower,14,16,5,0,35,0,6,45,0,51,14,22,50,0,86,6,0,6,92
06/22/2008,MSO,MT,ANM,WE,Federal Contract Tower,18,17,7,0,42,0,6,45,0,51,18,23,52,0,93,28,0,28,121
06/23/2008,MSO,MT,ANM,WE,Federal Contract Tower,15,22,13,0,50,0,10,38,0,48,15,32,51,0,98,50,0,50,148
06/24/2008,MSO,MT,ANM,WE,Federal Contract Tower,15,17,23,0,55,0,9,70,0,79,15,26,93,0,134,38,0,38,172
06/25/2008,MSO,MT,ANM,WE,Federal Contract Tower,13,26,11,1,51,2,19,92,1,114,15,45,103,2,165,66,0,66,231
06/26/2008,MSO,MT,ANM,WE,Federal Contract Tower,15,24,9,3,51,0,6,65,0,71,15,30,74,3,122,46,4,50,172
06/27/2008,MSO,MT,ANM,WE,Federal Contract Tower,17,19,10,0,46,0,4,73,0,77,17,23,83,0,123,74,0,74,197
06/28/2008,MSO,MT,ANM,WE,Federal Contract Tower,14,20,9,0,43,0,14,56,0,70,14,34,65,0,113,20,0,20,133
06/29/2008,MSO,MT,ANM,WE,Federal Contract Tower,18,25,15,0,58,0,22,68,0,90,18,47,83,0,148,40,0,40,188
06/30/2008,MSO,MT,ANM,WE,Federal Contract Tower,16,22,14,0,52,0,13,57,0,70,16,35,71,0,122,38,0,38,160
07/01/2008,MSO,MT,ANM,WE,Federal Contract Tower,17,17,8,0,42,0,13,54,0,67,17,30,62,0,109,59,0,59,168
07/02/2008,MSO,MT,ANM,WE,Federal Contract Tower,15,23,12,0,50,0,9,49,0,58,15,32,61,0,108,52,0,52,160
07/03/2008,MSO,MT,ANM,WE,Federal Contract Tower,17,25,12,0,54,0,19,61,0,80,17,44,73,0,134,60,0,60,194
07/04/2008,MSO,MT,ANM,WE,Federal Contract Tower,14,14,3,0,31,0,9,28,0,37,14,23,31,0,68,0,0,0,68
07/05/2008,MSO,MT,ANM,WE,Federal Contract Tower,17,26,3,0,46,0,12,29,0,41,17,38,32,0,87,0,0,0,87
07/06/2008,MSO,MT,ANM,WE,Federal Contract Tower,18,32,8,0,58,0,2,60,0,62,18,34,68,0,120,40,0,40,160
07/07/2008,MSO,MT,ANM,WE,Federal Contract Tower,19,16,16,1,52,0,13,73,0,86,19,29,89,1,138,34,0,34,172
07/08/2008,MSO,MT,ANM,WE,Federal Contract Tower,17,16,15,0,48,0,13,82,0,95,17,29,97,0,143,50,0,50,193
07/09/2008,MSO,MT,ANM,WE,Federal Contract Tower,16,20,9,0,45,0,20,71,0,91,16,40,80,0,136,34,0,34,170
07/10/2008,MSO,MT,ANM,WE,Federal Contract Tower,17,21,8,0,46,0,15,51,0,66,17,36,59,0,112,18,0,18,130
07/11/2008,MSO,MT,ANM,WE,Federal Contract Tower,17,18,13,0,48,0,12,84,0,96,17,30,97,0,144,34,5,39,183
07/12/2008,MSO,MT,ANM,WE,Federal Contract Tower,19,17,12,0,48,0,14,42,0,56,19,31,54,0,104,0,0,0,104
07/13/2008,MSO,MT,ANM,WE,Federal Contract Tower,18,19,5,1,43,0,10,53,1,64,18,29,58,2,107,30,4,34,141
07/14/2008,MSO,MT,ANM,WE,Federal Contract Tower,17,21,10,0,48,0,18,53,0,71,17,39,63,0,119,16,0,16,135
07/15/2008,MSO,MT,ANM,WE,Federal Contract Tower,17,20,9,0,46,0,9,40,0,49,17,29,49,0,95,46,0,46,141
07/16/2008,MSO,MT,ANM,WE,Federal Contract Tower,15,27,12,0,54,0,20,33,0,53,15,47,45,0,107,20,0,20,127
07/17/2008,MSO,MT,ANM,WE,Federal Contract Tower,16,22,10,0,48,0,8,53,0,61,16,30,63,0,109,42,0,42,151
07/18/2008,MSO,MT,ANM,WE,Federal Contract Tower,19,19,16,0,54,0,2,62,0,64,19,21,78,0,118,37,0,37,155
07/19/2008,MSO,MT,ANM,WE,Federal Contract Tower,13,20,11,0,44,0,9,59,0,68,13,29,70,0,112,50,0,50,162
07/20/2008,MSO,MT,ANM,WE,Federal Contract Tower,20,24,12,0,56,0,5,50,0,55,20,29,62,0,111,8,0,8,119
07/21/2008,MSO,MT,ANM,WE,Federal Contract Tower,15,22,13,0,50,0,3,75,3,81,15,25,88,3,131,60,0,60,191
07/22/2008,MSO,MT,ANM,WE,Federal Contract Tower,17,22,20,0,59,0,5,31,0,36,17,27,51,0,95,20,0,20,115
07/23/2008,MSO,MT,ANM,WE,Federal Contract Tower,14,26,22,0,62,0,9,56,0,65,14,35,78,0,127,26,0,26,153
07/24/2008,MSO,MT,ANM,WE,Federal Contract Tower,20,24,9,0,53,0,3,78,0,81,20,27,87,0,134,23,0,23,157
07/25/2008,MSO,MT,ANM,WE,Federal Contract Tower,19,22,15,2,58,0,17,65,0,82,19,39,80,2,140,34,0,34,174
07/26/2008,MSO,MT,ANM,WE,Federal Contract Tower,16,18,9,0,43,0,9,80,0,89,16,27,89,0,132,64,0,64,196
07/27/2008,MSO,MT,ANM,WE,Federal Contract Tower,21,28,14,2,65,0,3,45,4,52,21,31,59,6,117,28,0,28,145
07/28/2008,MSO,MT,ANM,WE,Federal Contract Tower,16,16,11,0,43,0,13,46,2,61,16,29,57,2,104,64,6,70,174
07/29/2008,MSO,MT,ANM,WE,Federal Contract Tower,16,32,10,0,58,0,11,63,0,74,16,43,73,0,132,60,0,60,192
07/30/2008,MSO,MT,ANM,WE,Federal Contract Tower,16,25,10,0,51,0,13,52,0,65,16,38,62,0,116,26,0,26,142
07/31/2008,MSO,MT,ANM,WE,Federal Contract Tower,19,19,19,0,57,0,9,69,0,78,19,28,88,0,135,79,0,79,214
08/01/2008,MSO,MT,ANM,WE,Federal Contract Tower,19,20,15,0,54,0,17,65,0,82,19,37,80,0,136,36,0,36,172
08/02/2008,MSO,MT,ANM,WE,Federal Contract Tower,15,23,14,0,52,0,14,57,0,71,15,37,71,0,123,46,0,46,169
08/03/2008,MSO,MT,ANM,WE,Federal Contract Tower,20,26,15,0,61,0,6,48,0,54,20,32,63,0,115,14,0,14,129
08/04/2008,MSO,MT,ANM,WE,Federal Contract Tower,19,18,12,0,49,0,17,75,0,92,19,35,87,0,141,80,0,80,221
08/05/2008,MSO,MT,ANM,WE,Federal Contract Tower,17,22,14,0,53,0,2,68,0,70,17,24,82,0,123,66,0,66,189
08/06/2008,MSO,MT,ANM,WE,Federal Contract Tower,14,20,11,0,45,0,16,45,0,61,14,36,56,0,106,90,0,90,196
08/07/2008,MSO,MT,ANM,WE,Federal Contract Tower,16,21,8,0,45,0,5,62,0,67,16,26,70,0,112,67,0,67,179
08/08/2008,MSO,MT,ANM,WE,Federal Contract Tower,18,29,10,0,57,0,9,55,1,65,18,38,65,1,122,54,0,54,176
08/09/2008,MSO,MT,ANM,WE,Federal Contract Tower,16,17,8,0,41,0,6,77,0,83,16,23,85,0,124,14,0,14,138
08/10/2008,MSO,MT,ANM,WE,Federal Contract Tower,16,18,22,0,56,0,1,106,0,107,16,19,128,0,163,6,0,6,169
08/11/2008,MSO,MT,ANM,WE,Federal Contract Tower,19,16,8,0,43,0,27,51,0,78,19,43,59,0,121,0,0,0,121
08/12/2008,MSO,MT,ANM,WE,Federal Contract Tower,18,20,14,0,52,0,0,103,0,103,18,20,117,0,155,22,0,22,177
08/13/2008,MSO,MT,ANM,WE,Federal Contract Tower,16,19,6,0,41,0,15,66,0,81,16,34,72,0,122,62,0,62,184
08/14/2008,MSO,MT,ANM,WE,Federal Contract Tower,17,26,9,0,52,0,8,71,0,79,17,34,80,0,131,40,0,40,171
08/15/2008,MSO,MT,ANM,WE,Federal Contract Tower,19,24,16,0,59,0,6,81,0,87,19,30,97,0,146,66,0,66,212
08/16/2008,MSO,MT,ANM,WE,Federal Contract Tower,16,15,9,0,40,0,4,52,0,56,16,19,61,0,96,16,0,16,112
08/17/2008,MSO,MT,ANM,WE,Federal Contract Tower,21,21,12,0,54,0,5,72,0,77,21,26,84,0,131,46,0,46,177
08/18/2008,MSO,MT,ANM,WE,Federal Contract Tower,19,20,14,0,53,0,19,69,2,90,19,39,83,2,143,24,0,24,167
08/19/2008,MSO,MT,ANM,WE,Federal Contract Tower,17,20,12,0,49,0,9,41,1,51,17,29,53,1,100,44,0,44,144
08/20/2008,MSO,MT,ANM,WE,Federal Contract Tower,14,24,17,0,55,0,6,47,0,53,14,30,64,0,108,42,0,42,150
08/21/2008,MSO,MT,ANM,WE,Federal Contract Tower,17,24,10,0,51,0,3,8,0,11,17,27,18,0,62,22,0,22,84
08/22/2008,MSO,MT,ANM,WE,Federal Contract Tower,19,15,24,0,58,0,5,69,0,74,19,20,93,0,132,39,0,39,171
08/23/2008,MSO,MT,ANM,WE,Federal Contract Tower,16,23,14,0,53,0,2,42,0,44,16,25,56,0,97,10,0,10,107
08/24/2008,MSO,MT,ANM,WE,Federal Contract Tower,20,18,13,0,51,0,7,70,0,77,20,25,83,0,128,37,0,37,165
08/25/2008,MSO,MT,ANM,WE,Federal Contract Tower,15,21,8,0,44,0,9,38,0,47,15,30,46,0,91,36,0,36,127
08/26/2008,MSO,MT,ANM,WE,Federal Contract Tower,15,19,11,0,45,0,10,33,0,43,15,29,44,0,88,4,0,4,92
08/27/2008,MSO,MT,ANM,WE,Federal Contract Tower,15,21,8,0,44,0,15,20,0,35,15,36,28,0,79,24,0,24,103
08/28/2008,MSO,MT,ANM,WE,Federal Contract Tower,15,21,13,0,49,0,7,41,0,48,15,28,54,0,97,27,0,27,124
08/29/2008,MSO,MT,ANM,WE,Federal Contract Tower,17,25,15,0,57,0,8,62,0,70,17,33,77,0,127,82,0,82,209
08/30/2008,MSO,MT,ANM,WE,Federal Contract Tower,13,13,9,0,35,0,4,40,0,44,13,17,49,0,79,14,0,14,93
08/31/2008,MSO,MT,ANM,WE,Federal Contract Tower,14,16,8,0,38,0,0,14,0,14,14,16,22,0,52,0,0,0,52
09/01/2008,MSO,MT,ANM,WE,Federal Contract Tower,14,21,9,0,44,0,0,9,0,9,14,21,18,0,53,26,0,26,79
09/02/2008,MSO,MT,ANM,WE,Federal Contract Tower,14,16,8,0,38,0,3,32,0,35,14,19,40,0,73,118,0,118,191
09/03/2008,MSO,MT,ANM,WE,Federal Contract Tower,11,21,12,0,44,0,6,65,0,71,11,27,77,0,115,54,0,54,169
09/04/2008,MSO,MT,ANM,WE,Federal Contract Tower,11,23,12,0,46,0,5,34,0,39,11,28,46,0,85,80,0,80,165
09/05/2008,MSO,MT,ANM,WE,Federal Contract Tower,15,25,13,0,53,0,0,53,2,55,15,25,66,2,108,22,0,22,130
09/06/2008,MSO,MT,ANM,WE,Federal Contract Tower,11,15,6,2,34,0,7,44,0,51,11,22,50,2,85,64,0,64,149
09/07/2008,MSO,MT,ANM,WE,Federal Contract Tower,13,19,6,2,40,0,6,25,0,31,13,25,31,2,71,42,0,42,113
09/08/2008,MSO,MT,ANM,WE,Federal Contract Tower,13,20,9,0,42,0,13,61,0,74,13,33,70,0,116,40,0,40,156
09/09/2008,MSO,MT,ANM,WE,Federal Contract Tower,13,21,13,0,47,0,2,68,1,71,13,23,81,1,118,32,0,32,150
09/10/2008,MSO,MT,ANM,WE,Federal Contract Tower,10,19,15,0,44,0,6,15,1,22,10,25,30,1,66,40,0,40,106
09/11/2008,MSO,MT,ANM,WE,Federal Contract Tower,13,20,5,5,43,0,9,25,4,38,13,29,30,9,81,76,0,76,157
09/12/2008,MSO,MT,ANM,WE,Federal Contract Tower,14,20,13,0,47,0,5,57,0,62,14,25,70,0,109,54,0,54,163
09/13/2008,MSO,MT,ANM,WE,Federal Contract Tower,12,17,16,0,45,0,3,36,0,39,12,20,52,0,84,62,0,62,146
09/14/2008,MSO,MT,ANM,WE,Federal Contract Tower,13,17,11,0,41,0,10,59,0,69,13,27,70,0,110,30,0,30,140
09/15/2008,MSO,MT,ANM,WE,Federal Contract Tower,15,16,9,0,40,0,2,54,0,56,15,18,63,0,96,22,0,22,118
09/16/2008,MSO,MT,ANM,WE,Federal Contract Tower,12,22,9,0,43,0,9,48,0,57,12,31,57,0,100,64,0,64,164
09/17/2008,MSO,MT,ANM,WE,Federal Contract Tower,11,19,10,0,40,0,13,50,0,63,11,32,60,0,103,60,0,60,163
09/18/2008,MSO,MT,ANM,WE,Federal Contract Tower,13,23,6,0,42,0,2,65,0,67,13,25,71,0,109,56,0,56,165
09/19/2008,MSO,MT,ANM,WE,Federal Contract Tower,14,20,6,0,40,0,5,53,3,61,14,25,59,3,101,50,0,50,151
09/20/2008,MSO,MT,ANM,WE,Federal Contract Tower,11,17,11,0,39,0,8,57,0,65,11,25,68,0,104,22,0,22,126
09/21/2008,MSO,MT,ANM,WE,Federal Contract Tower,11,22,9,0,42,0,4,13,0,17,11,26,22,0,59,28,0,28,87
09/22/2008,MSO,MT,ANM,WE,Federal Contract Tower,13,18,16,0,47,0,0,20,0,20,13,18,36,0,67,16,0,16,83
09/23/2008,MSO,MT,ANM,WE,Federal Contract Tower,13,15,16,0,44,0,0,45,0,45,13,15,61,0,89,80,0,80,169
09/24/2008,MSO,MT,ANM,WE,Federal Contract Tower,11,18,5,0,34,0,11,49,0,60,11,29,54,0,94,96,0,96,190
09/25/2008,MSO,MT,ANM,WE,Federal Contract Tower,13,18,14,0,45,0,2,42,0,44,13,20,56,0,89,19,0,19,108
09/26/2008,MSO,MT,ANM,WE,Federal Contract Tower,11,20,6,0,37,0,6,49,0,55,11,26,55,0,92,16,0,16,108
09/27/2008,MSO,MT,ANM,WE,Federal Contract Tower,10,16,5,0,31,0,7,53,0,60,10,23,58,0,91,28,0,28,119
09/28/2008,MSO,MT,ANM,WE,Federal Contract Tower,11,20,7,0,38,0,15,55,0,70,11,35,62,0,108,54,0,54,162
09/29/2008,MSO,MT,ANM,WE,Federal Contract Tower,13,16,8,0,37,0,7,52,0,59,13,23,60,0,96,24,0,24,120
09/30/2008,MSO,MT,ANM,WE,Federal Contract Tower,11,18,4,0,33,0,4,45,0,49,11,22,49,0,82,24,0,24,106
10/01/2008,MSO,MT,ANM,WE,Federal Contract Tower,12,19,9,0,40,0,8,57,0,65,12,27,66,0,105,42,0,42,147
10/02/2008,MSO,MT,ANM,WE,Federal Contract Tower,15,15,10,0,40,0,2,42,0,44,15,17,52,0,84,102,0,102,186
10/03/2008,MSO,MT,ANM,WE,Federal Contract Tower,13,21,26,2,62,0,6,42,4,52,13,27,68,6,114,0,0,0,114
10/04/2008,MSO,MT,ANM,WE,Federal Contract Tower,9,17,5,0,31,0,1,13,0,14,9,18,18,0,45,32,0,32,77
10/05/2008,MSO,MT,ANM,WE,Federal Contract Tower,11,17,7,2,37,0,2,15,0,17,11,19,22,2,54,0,0,0,54
10/06/2008,MSO,MT,ANM,WE,Federal Contract Tower,15,18,8,0,41,0,12,25,0,37,15,30,33,0,78,28,0,28,106
10/07/2008,MSO,MT,ANM,WE,Federal Contract Tower,13,20,17,0,50,0,2,6,0,8,13,22,23,0,58,0,0,0,58
10/08/2008,MSO,MT,ANM,WE,Federal Contract Tower,13,18,10,0,41,0,12,10,0,22,13,30,20,0,63,53,0,53,116
10/09/2008,MSO,MT,ANM,WE,Federal Contract Tower,15,19,24,0,58,0,9,27,0,36,15,28,51,0,94,24,0,24,118
10/10/2008,MSO,MT,ANM,WE,Federal Contract Tower,15,20,10,0,45,0,2,18,0,20,15,22,28,0,65,4,0,4,69
10/11/2008,MSO,MT,ANM,WE,Federal Contract Tower,9,19,3,0,31,0,3,13,0,16,9,22,16,0,47,90,0,90,137
10/12/2008,MSO,MT,ANM,WE,Federal Contract Tower,13,22,18,0,53,0,3,10,0,13,13,25,28,0,66,6,0,6,72
10/13/2008,MSO,MT,ANM,WE,Federal Contract Tower,15,16,10,0,41,0,7,31,0,38,15,23,41,0,79,5,0,5,84
10/14/2008,MSO,MT,ANM,WE,Federal Contract Tower,15,20,6,0,41,0,5,10,0,15,15,25,16,0,56,35,0,35,91
10/15/2008,MSO,MT,ANM,WE,Federal Contract Tower,13,18,10,0,41,0,8,41,0,49,13,26,51,0,90,95,0,95,185
10/16/2008,MSO,MT,ANM,WE,Federal Contract Tower,16,20,10,0,46,0,5,30,0,35,16,25,40,0,81,76,0,76,157
10/17/2008,MSO,MT,ANM,WE,Federal Contract Tower,16,19,5,0,40,0,7,49,0,56,16,26,54,0,96,68,0,68,164
10/18/2008,MSO,MT,ANM,WE,Federal Contract Tower,10,14,10,0,34,0,3,21,0,24,10,17,31,0,58,24,6,30,88
10/19/2008,MSO,MT,ANM,WE,Federal Contract Tower,13,15,9,0,37,0,1,18,0,19,13,16,27,0,56,33,0,33,89
10/20/2008,MSO,MT,ANM,WE,Federal Contract Tower,15,14,5,0,34,0,12,11,0,23,15,26,16,0,57,0,0,0,57
10/21/2008,MSO,MT,ANM,WE,Federal Contract Tower,15,17,8,0,40,0,3,11,0,14,15,20,19,0,54,8,0,8,62
10/22/2008,MSO,MT,ANM,WE,Federal Contract Tower,13,21,2,0,36,0,0,48,0,48,13,21,50,0,84,28,0,28,112
10/23/2008,MSO,MT,ANM,WE,Federal Contract Tower,15,16,16,0,47,0,3,26,2,31,15,19,42,2,78,48,0,48,126
10/24/2008,MSO,MT,ANM,WE,Federal Contract Tower,15,19,18,0,52,0,10,46,0,56,15,29,64,0,108,56,0,56,164
10/25/2008,MSO,MT,ANM,WE,Federal Contract Tower,11,17,5,0,33,0,4,15,0,19,11,21,20,0,52,4,0,4,56
10/26/2008,MSO,MT,ANM,WE,Federal Contract Tower,13,16,3,0,32,0,7,48,0,55,13,23,51,0,87,11,0,11,98
10/27/2008,MSO,MT,ANM,WE,Federal Contract Tower,13,16,3,0,32,0,3,28,2,33,13,19,31,2,65,10,0,10,75
10/28/2008,MSO,MT,ANM,WE,Federal Contract Tower,11,19,4,0,34,0,19,27,0,46,11,38,31,0,80,10,0,10,90
10/29/2008,MSO,MT,ANM,WE,Federal Contract Tower,10,24,4,0,38,0,8,53,0,61,10,32,57,0,99,20,0,20,119
10/30/2008,MSO,MT,ANM,WE,Federal Contract Tower,12,21,10,0,43,0,5,32,0,37,12,26,42,0,80,68,0,68,148
10/31/2008,MSO,MT,ANM,WE,Federal Contract Tower,12,25,4,0,41,0,2,22,0,24,12,27,26,0,65,53,0,53,118
11/01/2008,MSO,MT,ANM,WE,Federal Contract Tower,9,20,6,0,35,0,4,41,0,45,9,24,47,0,80,30,0,30,110
11/02/2008,MSO,MT,ANM,WE,Federal Contract Tower,10,15,5,0,30,0,2,0,0,2,10,17,5,0,32,0,0,0,32
11/03/2008,MSO,MT,ANM,WE,Federal Contract Tower,10,22,12,1,45,0,5,20,0,25,10,27,32,1,70,49,0,49,119
11/04/2008,MSO,MT,ANM,WE,Federal Contract Tower,10,23,7,0,40,0,4,5,0,9,10,27,12,0,49,4,0,4,53
11/05/2008,MSO,MT,ANM,WE,Federal Contract Tower,11,22,13,0,46,0,20,27,0,47,11,42,40,0,93,52,0,52,145
11/06/2008,MSO,MT,ANM,WE,Federal Contract Tower,10,18,3,0,31,0,0,17,0,17,10,18,20,0,48,10,0,10,58
11/07/2008,MSO,MT,ANM,WE,Federal Contract Tower,12,18,8,0,38,0,0,0,0,0,12,18,8,0,38,0,0,0,38
11/08/2008,MSO,MT,ANM,WE,Federal Contract Tower,10,14,1,0,25,0,0,1,0,1,10,14,2,0,26,4,0,4,30
11/09/2008,MSO,MT,ANM,WE,Federal Contract Tower,9,16,3,0,28,0,0,0,0,0,9,16,3,0,28,0,0,0,28
11/10/2008,MSO,MT,ANM,WE,Federal Contract Tower,10,21,9,0,40,0,0,14,0,14,10,21,23,0,54,0,0,0,54
11/11/2008,MSO,MT,ANM,WE,Federal Contract Tower,8,19,8,0,35,0,1,8,0,9,8,20,16,0,44,12,0,12,56
11/12/2008,MSO,MT,ANM,WE,Federal Contract Tower,8,25,17,0,50,0,4,2,0,6,8,29,19,0,56,0,0,0,56
11/13/2008,MSO,MT,ANM,WE,Federal Contract Tower,10,28,8,0,46,0,3,18,1,22,10,31,26,1,68,0,0,0,68
11/14/2008,MSO,MT,ANM,WE,Federal Contract Tower,11,21,22,0,54,0,6,53,0,59,11,27,75,0,113,22,0,22,135
11/15/2008,MSO,MT,ANM,WE,Federal Contract Tower,7,17,7,0,31,0,3,45,0,48,7,20,52,0,79,10,0,10,89
11/16/2008,MSO,MT,ANM,WE,Federal Contract Tower,10,17,9,0,36,0,8,29,0,37,10,25,38,0,73,30,0,30,103
11/17/2008,MSO,MT,ANM,WE,Federal Contract Tower,10,18,13,0,41,0,6,32,0,38,10,24,45,0,79,53,0,53,132
11/18/2008,MSO,MT,ANM,WE,Federal Contract Tower,8,21,8,0,37,0,2,33,0,35,8,23,41,0,72,13,0,13,85
11/19/2008,MSO,MT,ANM,WE,Federal Contract Tower,10,22,16,0,48,0,7,8,0,15,10,29,24,0,63,37,0,37,100
11/20/2008,MSO,MT,ANM,WE,Federal Contract Tower,10,19,10,0,39,0,8,5,0,13,10,27,15,0,52,12,0,12,64
11/21/2008,MSO,MT,ANM,WE,Federal Contract Tower,10,19,10,2,41,0,5,26,1,32,10,24,36,3,73,16,8,24,97
11/22/2008,MSO,MT,ANM,WE,Federal Contract Tower,9,16,8,0,33,0,4,20,8,32,9,20,28,8,65,50,2,52,117
11/23/2008,MSO,MT,ANM,WE,Federal Contract Tower,10,15,23,0,48,0,5,37,0,42,10,20,60,0,90,32,0,32,122
11/24/2008,MSO,MT,ANM,WE,Federal Contract Tower,10,21,10,0,41,0,8,20,0,28,10,29,30,0,69,2,0,2,71
11/25/2008,MSO,MT,ANM,WE,Federal Contract Tower,10,19,12,0,41,0,4,17,0,21,10,23,29,0,62,69,0,69,131
11/26/2008,MSO,MT,ANM,WE,Federal Contract Tower,11,21,17,0,49,0,11,13,0,24,11,32,30,0,73,30,0,30,103
11/27/2008,MSO,MT,ANM,WE,Federal Contract Tower,8,14,2,0,24,0,3,20,0,23,8,17,22,0,47,12,0,12,59
11/28/2008,MSO,MT,ANM,WE,Federal Contract Tower,10,19,3,0,32,0,3,15,0,18,10,22,18,0,50,32,0,32,82
11/29/2008,MSO,MT,ANM,WE,Federal Contract Tower,12,20,8,0,40,0,0,5,0,5,12,20,13,0,45,0,0,0,45
11/30/2008,MSO,MT,ANM,WE,Federal Contract Tower,10,22,14,0,46,0,2,7,0,9,10,24,21,0,55,0,0,0,55
12/01/2008,MSO,MT,ANM,WE,Federal Contract Tower,6,12,5,0,23,0,0,0,0,0,6,12,5,0,23,0,0,0,23
12/02/2008,MSO,MT,ANM,WE,Federal Contract Tower,10,22,8,0,40,0,0,0,0,0,10,22,8,0,40,0,0,0,40
12/03/2008,MSO,MT,ANM,WE,Federal Contract Tower,8,22,11,0,41,0,9,9,0,18,8,31,20,0,59,39,0,39,98
12/04/2008,MSO,MT,ANM,WE,Federal Contract Tower,10,24,7,0,41,0,5,16,0,21,10,29,23,0,62,22,0,22,84
12/05/2008,MSO,MT,ANM,WE,Federal Contract Tower,14,20,7,0,41,0,0,20,0,20,14,20,27,0,61,8,0,8,69
12/06/2008,MSO,MT,ANM,WE,Federal Contract Tower,10,17,6,0,33,0,6,15,2,23,10,23,21,2,56,10,0,10,66
12/07/2008,MSO,MT,ANM,WE,Federal Contract Tower,10,16,2,1,29,0,2,0,0,2,10,18,2,1,31,0,0,0,31
12/08/2008,MSO,MT,ANM,WE,Federal Contract Tower,11,19,8,1,39,0,0,7,0,7,11,19,15,1,46,19,0,19,65
12/09/2008,MSO,MT,ANM,WE,Federal Contract Tower,10,21,9,0,40,0,12,7,0,19,10,33,16,0,59,55,0,55,114
12/10/2008,MSO,MT,ANM,WE,Federal Contract Tower,7,29,9,0,45,0,3,14,0,17,7,32,23,0,62,40,0,40,102
12/11/2008,MSO,MT,ANM,WE,Federal Contract Tower,12,20,15,0,47,0,4,26,0,30,12,24,41,0,77,18,0,18,95
12/12/2008,MSO,MT,ANM,WE,Federal Contract Tower,11,22,13,0,46,0,1,1,0,2,11,23,14,0,48,18,0,18,66
12/13/2008,MSO,MT,ANM,WE,Federal Contract Tower,10,16,4,0,30,0,1,0,0,1,10,17,4,0,31,0,0,0,31
12/14/2008,MSO,MT,ANM,WE,Federal Contract Tower,10,19,8,0,37,0,0,0,0,0,10,19,8,0,37,0,0,0,37
12/15/2008,MSO,MT,ANM,WE,Federal Contract Tower,10,21,7,0,38,0,10,7,0,17,10,31,14,0,55,4,0,4,59
12/16/2008,MSO,MT,ANM,WE,Federal Contract Tower,11,22,8,0,41,0,0,15,0,15,11,22,23,0,56,12,0,12,68
12/17/2008,MSO,MT,ANM,WE,Federal Contract Tower,13,20,13,0,46,0,10,0,0,10,13,30,13,0,56,0,0,0,56
12/18/2008,MSO,MT,ANM,WE,Federal Contract Tower,16,25,9,0,50,0,2,3,0,5,16,27,12,0,55,0,0,0,55
12/19/2008,MSO,MT,ANM,WE,Federal Contract Tower,13,23,4,0,40,0,3,2,0,5,13,26,6,0,45,0,0,0,45
12/20/2008,MSO,MT,ANM,WE,Federal Contract Tower,13,28,12,0,53,0,8,3,0,11,13,36,15,0,64,0,0,0,64
12/21/2008,MSO,MT,ANM,WE,Federal Contract Tower,10,20,5,0,35,0,3,0,0,3,10,23,5,0,38,14,0,14,52
12/22/2008,MSO,MT,ANM,WE,Federal Contract Tower,4,21,5,0,30,0,0,2,0,2,4,21,7,0,32,6,0,6,38
12/23/2008,MSO,MT,ANM,WE,Federal Contract Tower,12,27,7,0,46,0,0,7,0,7,12,27,14,0,53,0,0,0,53
12/24/2008,MSO,MT,ANM,WE,Federal Contract Tower,13,24,2,0,39,0,4,5,0,9,13,28,7,0,48,0,0,0,48
12/25/2008,MSO,MT,ANM,WE,Federal Contract Tower,8,18,0,0,26,0,0,0,0,0,8,18,0,0,26,0,0,0,26
12/26/2008,MSO,MT,ANM,WE,Federal Contract Tower,15,24,2,0,41,0,6,6,0,12,15,30,8,0,53,14,0,14,67
12/27/2008,MSO,MT,ANM,WE,Federal Contract Tower,14,21,6,0,41,0,2,8,0,10,14,23,14,0,51,0,0,0,51
12/28/2008,MSO,MT,ANM,WE,Federal Contract Tower,11,18,3,0,32,0,3,1,0,4,11,21,4,0,36,0,0,0,36
12/29/2008,MSO,MT,ANM,WE,Federal Contract Tower,10,19,1,0,30,0,0,0,0,0,10,19,1,0,30,0,0,0,30
12/30/2008,MSO,MT,ANM,WE,Federal Contract Tower,11,30,2,0,43,0,2,8,0,10,11,32,10,0,53,21,0,21,74
12/31/2008,MSO,MT,ANM,WE,Federal Contract Tower,14,19,4,0,37,0,0,0,0,0,14,19,4,0,37,0,0,0,37
01/01/2009,MSO,MT,ANM,WE,Federal Contract Tower,7,16,0,0,23,0,0,0,0,0,7,16,0,0,23,0,0,0,23
01/02/2009,MSO,MT,ANM,WE,Federal Contract Tower,14,33,4,0,51,0,2,2,0,4,14,35,6,0,55,0,0,0,55
01/03/2009,MSO,MT,ANM,WE,Federal Contract Tower,12,20,9,0,41,0,4,30,0,34,12,24,39,0,75,76,0,76,151
01/04/2009,MSO,MT,ANM,WE,Federal Contract Tower,11,16,3,0,30,0,6,36,0,42,11,22,39,0,72,10,0,10,82
01/05/2009,MSO,MT,ANM,WE,Federal Contract Tower,8,21,3,0,32,0,0,0,0,0,8,21,3,0,32,0,0,0,32
01/06/2009,MSO,MT,ANM,WE,Federal Contract Tower,6,18,9,0,33,0,1,5,0,6,6,19,14,0,39,2,0,2,41
01/07/2009,MSO,MT,ANM,WE,Federal Contract Tower,7,18,8,0,33,0,9,1,0,10,7,27,9,0,43,6,0,6,49
01/08/2009,MSO,MT,ANM,WE,Federal Contract Tower,8,29,9,0,46,0,5,2,0,7,8,34,11,0,53,0,0,0,53
01/09/2009,MSO,MT,ANM,WE,Federal Contract Tower,8,20,14,2,44,0,1,13,0,14,8,21,27,2,58,0,0,0,58
01/10/2009,MSO,MT,ANM,WE,Federal Contract Tower,5,13,9,2,29,0,2,11,0,13,5,15,20,2,42,2,0,2,44
01/11/2009,MSO,MT,ANM,WE,Federal Contract Tower,6,12,0,2,20,0,2,6,0,8,6,14,6,2,28,8,0,8,36
01/12/2009,MSO,MT,ANM,WE,Federal Contract Tower,7,17,6,0,30,0,2,7,0,9,7,19,13,0,39,45,0,45,84
01/13/2009,MSO,MT,ANM,WE,Federal Contract Tower,6,19,7,0,32,0,2,16,0,18,6,21,23,0,50,34,0,34,84
01/14/2009,MSO,MT,ANM,WE,Federal Contract Tower,6,16,8,0,30,0,4,27,0,31,6,20,35,0,61,32,0,32,93
01/15/2009,MSO,MT,ANM,WE,Federal Contract Tower,8,20,12,2,42,0,2,37,0,39,8,22,49,2,81,20,0,20,101
01/16/2009,MSO,MT,ANM,WE,Federal Contract Tower,6,17,2,0,25,0,0,0,0,0,6,17,2,0,25,0,0,0,25
01/17/2009,MSO,MT,ANM,WE,Federal Contract Tower,7,12,2,0,21,0,0,1,0,1,7,12,3,0,22,5,0,5,27
01/18/2009,MSO,MT,ANM,WE,Federal Contract Tower,8,13,9,0,30,0,0,0,0,0,8,13,9,0,30,0,0,0,30
01/19/2009,MSO,MT,ANM,WE,Federal Contract Tower,8,18,7,0,33,0,0,0,0,0,8,18,7,0,33,0,0,0,33
01/20/2009,MSO,MT,ANM,WE,Federal Contract Tower,8,18,9,2,37,0,0,4,0,4,8,18,13,2,41,0,0,0,41
01/21/2009,MSO,MT,ANM,WE,Federal Contract Tower,6,19,2,0,27,0,0,0,0,0,6,19,2,0,27,0,0,0,27
01/22/2009,MSO,MT,ANM,WE,Federal Contract Tower,8,23,1,0,32,0,4,16,0,20,8,27,17,0,52,18,0,18,70
01/23/2009,MSO,MT,ANM,WE,Federal Contract Tower,8,21,7,0,36,0,0,2,0,2,8,21,9,0,38,13,0,13,51
01/24/2009,MSO,MT,ANM,WE,Federal Contract Tower,4,13,2,0,19,0,4,3,0,7,4,17,5,0,26,0,0,0,26
01/25/2009,MSO,MT,ANM,WE,Federal Contract Tower,29,12,5,0,46,0,8,3,0,11,29,20,8,0,57,21,0,21,78
01/26/2009,MSO,MT,ANM,WE,Federal Contract Tower,8,18,4,0,30,0,4,19,0,23,8,22,23,0,53,11,0,11,64
01/27/2009,MSO,MT,ANM,WE,Federal Contract Tower,8,22,11,0,41,0,0,13,0,13,8,22,24,0,54,2,0,2,56
01/28/2009,MSO,MT,ANM,WE,Federal Contract Tower,6,22,4,0,32,0,1,10,0,11,6,23,14,0,43,2,0,2,45
01/29/2009,MSO,MT,ANM,WE,Federal Contract Tower,8,18,8,0,34,0,3,20,0,23,8,21,28,0,57,10,0,10,67
01/30/2009,MSO,MT,ANM,WE,Federal Contract Tower,8,18,7,0,33,0,6,51,0,57,8,24,58,0,90,48,0,48,138
01/31/2009,MSO,MT,ANM,WE,Federal Contract Tower,5,14,0,0,19,0,4,3,0,7,5,18,3,0,26,0,0,0,26
02/01/2009,MSO,MT,ANM,WE,Federal Contract Tower,8,11,3,0,22,0,5,21,0,26,8,16,24,0,48,4,0,4,52
02/02/2009,MSO,MT,ANM,WE,Federal Contract Tower,8,19,5,3,35,0,6,1,0,7,8,25,6,3,42,2,24,26,68
02/03/2009,MSO,MT,ANM,WE,Federal Contract Tower,8,18,9,1,36,0,4,38,2,44,8,22,47,3,80,66,0,66,146
02/04/2009,MSO,MT,ANM,WE,Federal Contract Tower,6,18,2,3,29,0,0,19,0,19,6,18,21,3,48,20,0,20,68
02/05/2009,MSO,MT,ANM,WE,Federal Contract Tower,8,20,2,0,30,0,7,12,6,25,8,27,14,6,55,2,0,2,57
02/06/2009,MSO,MT,ANM,WE,Federal Contract Tower,8,21,7,6,42,0,4,7,0,11,8,25,14,6,53,14,0,14,67
02/07/2009,MSO,MT,ANM,WE,Federal Contract Tower,5,18,3,1,27,0,2,4,0,6,5,20,7,1,33,6,0,6,39
02/08/2009,MSO,MT,ANM,WE,Federal Contract Tower,8,13,12,3,36,0,0,16,0,16,8,13,28,3,52,26,0,26,78
02/09/2009,MSO,MT,ANM,WE,Federal Contract Tower,8,18,13,1,40,0,0,4,1,5,8,18,17,2,45,0,0,0,45
02/10/2009,MSO,MT,ANM,WE,Federal Contract Tower,7,18,12,0,37,0,0,12,0,12,7,18,24,0,49,26,0,26,75
02/11/2009,MSO,MT,ANM,WE,Federal Contract Tower,11,19,10,0,40,0,0,8,0,8,11,19,18,0,48,34,0,34,82
02/12/2009,MSO,MT,ANM,WE,Federal Contract Tower,10,24,11,0,45,0,7,8,0,15,10,31,19,0,60,0,0,0,60
02/13/2009,MSO,MT,ANM,WE,Federal Contract Tower,8,20,12,0,40,0,6,20,0,26,8,26,32,0,66,4,0,4,70
02/14/2009,MSO,MT,ANM,WE,Federal Contract Tower,9,19,8,2,38,0,4,7,0,11,9,23,15,2,49,22,0,22,71
02/15/2009,MSO,MT,ANM,WE,Federal Contract Tower,10,16,2,0,28,0,4,21,0,25,10,20,23,0,53,33,0,33,86
02/16/2009,MSO,MT,ANM,WE,Federal Contract Tower,10,18,5,0,33,0,5,21,0,26,10,23,26,0,59,6,0,6,65
02/17/2009,MSO,MT,ANM,WE,Federal Contract Tower,10,19,19,0,48,0,0,4,0,4,10,19,23,0,52,20,0,20,72
02/18/2009,MSO,MT,ANM,WE,Federal Contract Tower,10,18,9,0,37,0,6,6,0,12,10,24,15,0,49,14,0,14,63
02/19/2009,MSO,MT,ANM,WE,Federal Contract Tower,10,18,17,0,45,0,3,21,0,24,10,21,38,0,69,20,0,20,89
02/20/2009,MSO,MT,ANM,WE,Federal Contract Tower,10,20,8,2,40,0,2,35,0,37,10,22,43,2,77,58,0,58,135
02/21/2009,MSO,MT,ANM,WE,Federal Contract Tower,9,15,17,0,41,0,3,54,0,57,9,18,71,0,98,56,0,56,154
02/22/2009,MSO,MT,ANM,WE,Federal Contract Tower,9,13,3,2,27,0,6,35,4,45,9,19,38,6,72,53,0,53,125
02/23/2009,MSO,MT,ANM,WE,Federal Contract Tower,9,15,7,0,31,0,10,12,0,22,9,25,19,0,53,10,0,10,63
02/24/2009,MSO,MT,ANM,WE,Federal Contract Tower,10,20,4,0,34,0,2,5,0,7,10,22,9,0,41,0,0,0,41
02/25/2009,MSO,MT,ANM,WE,Federal Contract Tower,10,18,8,0,36,0,5,18,0,23,10,23,26,0,59,6,0,6,65
02/26/2009,MSO,MT,ANM,WE,Federal Contract Tower,12,21,7,0,40,0,0,0,0,0,12,21,7,0,40,0,0,0,40
02/27/2009,MSO,MT,ANM,WE,Federal Contract Tower,9,20,4,0,33,0,2,22,0,24,9,22,26,0,57,20,0,20,77
02/28/2009,MSO,MT,ANM,WE,Federal Contract Tower,9,14,4,2,29,0,2,66,0,68,9,16,70,2,97,46,0,46,143
03/01/2009,MSO,MT,ANM,WE,Federal Contract Tower,10,16,4,0,30,0,0,17,0,17,10,16,21,0,47,20,0,20,67
03/02/2009,MSO,MT,ANM,WE,Federal Contract Tower,9,14,2,0,25,0,12,32,0,44,9,26,34,0,69,0,0,0,69
03/03/2009,MSO,MT,ANM,WE,Federal Contract Tower,10,18,4,0,32,0,2,14,0,16,10,20,18,0,48,46,0,46,94
03/04/2009,MSO,MT,ANM,WE,Federal Contract Tower,9,20,7,2,38,0,7,26,1,34,9,27,33,3,72,48,8,56,128
03/05/2009,MSO,MT,ANM,WE,Federal Contract Tower,10,23,16,0,49,0,2,11,3,16,10,25,27,3,65,42,0,42,107
03/06/2009,MSO,MT,ANM,WE,Federal Contract Tower,10,24,2,0,36,0,9,26,0,35,10,33,28,0,71,24,0,24,95
03/07/2009,MSO,MT,ANM,WE,Federal Contract Tower,10,16,11,0,37,0,0,15,0,15,10,16,26,0,52,25,0,25,77
03/08/2009,MSO,MT,ANM,WE,Federal Contract Tower,11,17,2,0,30,0,0,2,0,2,11,17,4,0,32,2,0,2,34
03/09/2009,MSO,MT,ANM,WE,Federal Contract Tower,10,17,12,0,39,0,4,10,0,14,10,21,22,0,53,0,0,0,53
03/10/2009,MSO,MT,ANM,WE,Federal Contract Tower,10,25,7,0,42,0,0,1,0,1,10,25,8,0,43,0,0,0,43
03/11/2009,MSO,MT,ANM,WE,Federal Contract Tower,10,19,13,0,42,0,5,38,0,43,10,24,51,0,85,36,0,36,121
03/12/2009,MSO,MT,ANM,WE,Federal Contract Tower,9,22,21,0,52,0,5,57,0,62,9,27,78,0,114,66,10,76,190
03/13/2009,MSO,MT,ANM,WE,Federal Contract Tower,10,20,10,0,40,0,2,37,0,39,10,22,47,0,79,67,0,67,146
03/14/2009,MSO,MT,ANM,WE,Federal Contract Tower,9,14,4,0,27,0,4,30,0,34,9,18,34,0,61,25,0,25,86
03/15/2009,MSO,MT,ANM,WE,Federal Contract Tower,10,19,6,4,39,0,4,2,0,6,10,23,8,4,45,17,0,17,62
03/16/2009,MSO,MT,ANM,WE,Federal Contract Tower,10,18,14,0,42,0,2,1,0,3,10,20,15,0,45,2,0,2,47
03/17/2009,MSO,MT,ANM,WE,Federal Contract Tower,10,18,9,0,37,0,0,6,0,6,10,18,15,0,43,28,0,28,71
03/18/2009,MSO,MT,ANM,WE,Federal Contract Tower,11,18,16,0,45,0,15,15,2,32,11,33,31,2,77,8,0,8,85
03/19/2009,MSO,MT,ANM,WE,Federal Contract Tower,11,23,10,0,44,0,10,27,0,37,11,33,37,0,81,42,0,42,123
03/20/2009,MSO,MT,ANM,WE,Federal Contract Tower,10,21,16,0,47,0,6,40,0,46,10,27,56,0,93,2,0,2,95
03/21/2009,MSO,MT,ANM,WE,Federal Contract Tower,9,15,3,0,27,0,3,17,0,20,9,18,20,0,47,73,0,73,120
03/22/2009,MSO,MT,ANM,WE,Federal Contract Tower,11,14,4,0,29,0,0,2,0,2,11,14,6,0,31,22,0,22,53
03/23/2009,MSO,MT,ANM,WE,Federal Contract Tower,13,18,7,0,38,0,8,2,0,10,13,26,9,0,48,24,0,24,72
03/24/2009,MSO,MT,ANM,WE,Federal Contract Tower,10,19,9,0,38,0,0,5,0,5,10,19,14,0,43,12,0,12,55
03/25/2009,MSO,MT,ANM,WE,Federal Contract Tower,10,20,6,0,36,0,0,4,0,4,10,20,10,0,40,0,0,0,40
03/26/2009,MSO,MT,ANM,WE,Federal Contract Tower,12,20,15,0,47,0,14,32,0,46,12,34,47,0,93,66,0,66,159
03/27/2009,MSO,MT,ANM,WE,Federal Contract Tower,11,18,16,0,45,0,0,29,0,29,11,18,45,0,74,61,0,61,135
03/28/2009,MSO,MT,ANM,WE,Federal Contract Tower,9,16,3,0,28,0,0,4,1,5,9,16,7,1,33,18,0,18,51
03/29/2009,MSO,MT,ANM,WE,Federal Contract Tower,12,10,6,0,28,0,0,0,0,0,12,10,6,0,28,0,0,0,28
03/30/2009,MSO,MT,ANM,WE,Federal Contract Tower,15,19,10,0,44,0,2,6,1,9,15,21,16,1,53,2,0,2,55
03/31/2009,MSO,MT,ANM,WE,Federal Contract Tower,8,19,2,0,29,0,0,5,0,5,8,19,7,0,34,6,0,6,40
04/01/2009,MSO,MT,ANM,WE,Federal Contract Tower,10,22,9,0,41,0,3,11,0,14,10,25,20,0,55,20,0,20,75
04/02/2009,MSO,MT,ANM,WE,Federal Contract Tower,10,22,8,0,40,0,2,4,0,6,10,24,12,0,46,0,0,0,46
04/03/2009,MSO,MT,ANM,WE,Federal Contract Tower,12,23,13,4,52,0,0,4,0,4,12,23,17,4,56,74,0,74,130
04/04/2009,MSO,MT,ANM,WE,Federal Contract Tower,9,18,4,1,32,0,8,10,1,19,9,26,14,2,51,38,8,46,97
04/05/2009,MSO,MT,ANM,WE,Federal Contract Tower,16,11,10,2,39,0,8,61,0,69,16,19,71,2,108,43,0,43,151
04/06/2009,MSO,MT,ANM,WE,Federal Contract Tower,10,20,7,0,37,0,13,39,0,52,10,33,46,0,89,34,0,34,123
04/07/2009,MSO,MT,ANM,WE,Federal Contract Tower,10,19,14,0,43,0,4,59,0,63,10,23,73,0,106,54,2,56,162
04/08/2009,MSO,MT,ANM,WE,Federal Contract Tower,10,20,13,0,43,0,11,30,0,41,10,31,43,0,84,18,0,18,102
04/09/2009,MSO,MT,ANM,WE,Federal Contract Tower,10,22,11,0,43,0,7,48,0,55,10,29,59,0,98,6,0,6,104
04/10/2009,MSO,MT,ANM,WE,Federal Contract Tower,10,24,20,0,54,0,5,24,0,29,10,29,44,0,83,22,0,22,105
04/11/2009,MSO,MT,ANM,WE,Federal Contract Tower,6,16,4,0,26,0,2,22,0,24,6,18,26,0,50,30,0,30,80
04/12/2009,MSO,MT,ANM,WE,Federal Contract Tower,14,13,9,0,36,0,0,18,0,18,14,13,27,0,54,20,0,20,74
04/13/2009,MSO,MT,ANM,WE,Federal Contract Tower,9,20,7,0,36,0,5,9,0,14,9,25,16,0,50,0,0,0,50
04/14/2009,MSO,MT,ANM,WE,Federal Contract Tower,10,21,14,0,45,0,1,32,0,33,10,22,46,0,78,32,0,32,110
04/15/2009,MSO,MT,ANM,WE,Federal Contract Tower,10,19,6,0,35,0,1,19,0,20,10,20,25,0,55,34,0,34,89
04/16/2009,MSO,MT,ANM,WE,Federal Contract Tower,11,23,14,0,48,0,8,48,0,56,11,31,62,0,104,44,0,44,148
04/17/2009,MSO,MT,ANM,WE,Federal Contract Tower,10,21,11,2,44,0,6,68,1,75,10,27,79,3,119,52,0,52,171
04/18/2009,MSO,MT,ANM,WE,Federal Contract Tower,8,13,8,0,29,0,13,60,0,73,8,26,68,0,102,79,0,79,181
04/19/2009,MSO,MT,ANM,WE,Federal Contract Tower,12,12,10,0,34,0,6,35,0,41,12,18,45,0,75,2,0,2,77
04/20/2009,MSO,MT,ANM,WE,Federal Contract Tower,10,19,3,2,34,0,15,41,0,56,10,34,44,2,90,33,16,49,139
04/21/2009,MSO,MT,ANM,WE,Federal Contract Tower,11,20,9,0,40,0,3,39,0,42,11,23,48,0,82,33,0,33,115
04/22/2009,MSO,MT,ANM,WE,Federal Contract Tower,10,22,12,0,44,0,16,47,0,63,10,38,59,0,107,32,0,32,139
04/23/2009,MSO,MT,ANM,WE,Federal Contract Tower,10,21,6,0,37,0,0,8,0,8,10,21,14,0,45,16,0,16,61
04/24/2009,MSO,MT,ANM,WE,Federal Contract Tower,10,21,5,0,36,0,4,23,0,27,10,25,28,0,63,48,0,48,111
04/25/2009,MSO,MT,ANM,WE,Federal Contract Tower,8,16,3,0,27,0,13,22,0,35,8,29,25,0,62,30,0,30,92
04/26/2009,MSO,MT,ANM,WE,Federal Contract Tower,13,15,8,0,36,0,4,7,0,11,13,19,15,0,47,22,0,22,69
04/27/2009,MSO,MT,ANM,WE,Federal Contract Tower,11,23,8,0,42,0,2,16,0,18,11,25,24,0,60,26,0,26,86
04/28/2009,MSO,MT,ANM,WE,Federal Contract Tower,10,19,5,0,34,0,2,0,0,2,10,21,5,0,36,0,0,0,36
04/29/2009,MSO,MT,ANM,WE,Federal Contract Tower,10,20,9,0,39,0,0,3,0,3,10,20,12,0,42,34,0,34,76
04/30/2009,MSO,MT,ANM,WE,Federal Contract Tower,10,26,15,2,53,0,9,32,1,42,10,35,47,3,95,80,0,80,175
05/01/2009,MSO,MT,ANM,WE,Federal Contract Tower,10,25,8,4,47,0,10,51,0,61,10,35,59,4,108,100,30,130,238
05/02/2009,MSO,MT,ANM,WE,Federal Contract Tower,11,15,5,0,31,0,9,38,0,47,11,24,43,0,78,18,0,18,96
05/03/2009,MSO,MT,ANM,WE,Federal Contract Tower,14,11,8,2,35,0,4,17,0,21,14,15,25,2,56,22,0,22,78
05/04/2009,MSO,MT,ANM,WE,Federal Contract Tower,11,19,9,4,43,0,5,26,0,31,11,24,35,4,74,8,2,10,84
05/05/2009,MSO,MT,ANM,WE,Federal Contract Tower,10,21,17,0,48,0,2,6,0,8,10,23,23,0,56,14,0,14,70
05/06/2009,MSO,MT,ANM,WE,Federal Contract Tower,12,21,12,0,45,0,8,28,0,36,12,29,40,0,81,46,0,46,127
05/07/2009,MSO,MT,ANM,WE,Federal Contract Tower,10,26,19,0,55,0,0,25,0,25,10,26,44,0,80,44,0,44,124
05/08/2009,MSO,MT,ANM,WE,Federal Contract Tower,10,24,20,0,54,0,2,28,0,30,10,26,48,0,84,19,0,19,103
05/09/2009,MSO,MT,ANM,WE,Federal Contract Tower,11,15,13,0,39,0,6,69,0,75,11,21,82,0,114,95,0,95,209
05/10/2009,MSO,MT,ANM,WE,Federal Contract Tower,13,13,5,0,31,0,5,43,0,48,13,18,48,0,79,35,0,35,114
05/11/2009,MSO,MT,ANM,WE,Federal Contract Tower,10,21,5,0,36,0,9,44,0,53,10,30,49,0,89,22,0,22,111
05/12/2009,MSO,MT,ANM,WE,Federal Contract Tower,10,19,9,0,38,0,7,19,0,26,10,26,28,0,64,26,0,26,90
05/13/2009,MSO,MT,ANM,WE,Federal Contract Tower,12,23,9,0,44,0,2,32,2,36,12,25,41,2,80,24,0,24,104
05/14/2009,MSO,MT,ANM,WE,Federal Contract Tower,10,20,15,0,45,0,0,9,0,9,10,20,24,0,54,18,0,18,72
05/15/2009,MSO,MT,ANM,WE,Federal Contract Tower,10,24,20,0,54,0,8,63,0,71,10,32,83,0,125,54,0,54,179
05/16/2009,MSO,MT,ANM,WE,Federal Contract Tower,9,15,12,0,36,0,7,66,0,73,9,22,78,0,109,26,0,26,135
05/17/2009,MSO,MT,ANM,WE,Federal Contract Tower,10,15,6,0,31,0,3,46,0,49,10,18,52,0,80,8,0,8,88
05/18/2009,MSO,MT,ANM,WE,Federal Contract Tower,10,19,6,0,35,0,8,31,0,39,10,27,37,0,74,41,0,41,115
05/19/2009,MSO,MT,ANM,WE,Federal Contract Tower,10,20,8,0,38,0,8,27,0,35,10,28,35,0,73,20,0,20,93
05/20/2009,MSO,MT,ANM,WE,Federal Contract Tower,12,20,9,0,41,0,17,26,0,43,12,37,35,0,84,20,0,20,104
05/21/2009,MSO,MT,ANM,WE,Federal Contract Tower,10,19,11,0,40,0,19,48,0,67,10,38,59,0,107,38,0,38,145
05/22/2009,MSO,MT,ANM,WE,Federal Contract Tower,10,24,10,0,44,0,7,58,0,65,10,31,68,0,109,34,0,34,143
05/23/2009,MSO,MT,ANM,WE,Federal Contract Tower,11,12,5,0,28,0,6,40,1,47,11,18,45,1,75,45,0,45,120
05/24/2009,MSO,MT,ANM,WE,Federal Contract Tower,13,12,7,0,32,0,2,12,0,14,13,14,19,0,46,6,0,6,52
05/25/2009,MSO,MT,ANM,WE,Federal Contract Tower,12,16,20,2,50,0,21,32,0,53,12,37,52,2,103,25,0,25,128
05/26/2009,MSO,MT,ANM,WE,Federal Contract Tower,9,19,6,0,34,0,16,51,0,67,9,35,57,0,101,34,0,34,135
05/27/2009,MSO,MT,ANM,WE,Federal Contract Tower,12,23,25,0,60,0,9,28,0,37,12,32,53,0,97,24,0,24,121
05/28/2009,MSO,MT,ANM,WE,Federal Contract Tower,10,21,7,0,38,0,10,61,0,71,10,31,68,0,109,64,0,64,173
05/29/2009,MSO,MT,ANM,WE,Federal Contract Tower,10,20,15,2,47,0,6,69,2,77,10,26,84,4,124,32,0,32,156
05/30/2009,MSO,MT,ANM,WE,Federal Contract Tower,11,18,10,0,39,0,6,57,0,63,11,24,67,0,102,44,0,44,146
05/31/2009,MSO,MT,ANM,WE,Federal Contract Tower,13,13,13,0,39,0,7,31,0,38,13,20,44,0,77,13,0,13,90
06/01/2009,MSO,MT,ANM,WE,Federal Contract Tower,10,24,17,2,53,0,3,19,0,22,10,27,36,2,75,0,0,0,75
06/02/2009,MSO,MT,ANM,WE,Federal Contract Tower,10,25,14,0,49,0,0,22,0,22,10,25,36,0,71,12,0,12,83
06/03/2009,MSO,MT,ANM,WE,Federal Contract Tower,12,23,15,0,50,0,10,68,0,78,12,33,83,0,128,70,0,70,198
06/04/2009,MSO,MT,ANM,WE,Federal Contract Tower,15,26,8,0,49,0,5,50,0,55,15,31,58,0,104,52,0,52,156
06/05/2009,MSO,MT,ANM,WE,Federal Contract Tower,13,25,5,2,45,0,21,28,0,49,13,46,33,2,94,26,2,28,122
06/06/2009,MSO,MT,ANM,WE,Federal Contract Tower,12,21,4,0,37,0,5,5,0,10,12,26,9,0,47,0,0,0,47
06/07/2009,MSO,MT,ANM,WE,Federal Contract Tower,18,19,10,3,50,0,13,23,1,37,18,32,33,4,87,24,0,24,111
06/08/2009,MSO,MT,ANM,WE,Federal Contract Tower,14,26,17,2,59,0,2,13,0,15,14,28,30,2,74,20,0,20,94
06/09/2009,MSO,MT,ANM,WE,Federal Contract Tower,15,20,14,0,49,0,4,19,3,26,15,24,33,3,75,46,0,46,121
06/10/2009,MSO,MT,ANM,WE,Federal Contract Tower,17,21,7,0,45,0,19,47,0,66,17,40,54,0,111,18,0,18,129
06/11/2009,MSO,MT,ANM,WE,Federal Contract Tower,15,23,11,0,49,0,9,41,0,50,15,32,52,0,99,14,0,14,113
06/12/2009,MSO,MT,ANM,WE,Federal Contract Tower,17,26,16,0,59,0,10,54,0,64,17,36,70,0,123,22,0,22,145
06/13/2009,MSO,MT,ANM,WE,Federal Contract Tower,11,36,12,4,63,0,5,39,0,44,11,41,51,4,107,44,10,54,161
06/14/2009,MSO,MT,ANM,WE,Federal Contract Tower,19,16,6,2,43,0,2,22,0,24,19,18,28,2,67,6,4,10,77
06/15/2009,MSO,MT,ANM,WE,Federal Contract Tower,16,23,9,0,48,0,2,11,0,13,16,25,20,0,61,14,0,14,75
06/16/2009,MSO,MT,ANM,WE,Federal Contract Tower,15,22,14,0,51,0,3,37,2,42,15,25,51,2,93,20,0,20,113
06/17/2009,MSO,MT,ANM,WE,Federal Contract Tower,17,24,11,0,52,0,25,24,1,50,17,49,35,1,102,26,0,26,128
06/18/2009,MSO,MT,ANM,WE,Federal Contract Tower,15,23,11,0,49,0,4,47,1,52,15,27,58,1,101,24,0,24,125
06/19/2009,MSO,MT,ANM,WE,Federal Contract Tower,17,24,8,0,49,0,4,27,0,31,17,28,35,0,80,6,0,6,86
06/20/2009,MSO,MT,ANM,WE,Federal Contract Tower,14,17,6,2,39,0,2,42,0,44,14,19,48,2,83,38,0,38,121
06/21/2009,MSO,MT,ANM,WE,Federal Contract Tower,21,14,16,0,51,0,0,13,0,13,21,14,29,0,64,13,0,13,77
06/22/2009,MSO,MT,ANM,WE,Federal Contract Tower,19,19,15,0,53,0,15,12,0,27,19,34,27,0,80,18,0,18,98
06/23/2009,MSO,MT,ANM,WE,Federal Contract Tower,15,20,13,0,48,0,16,42,0,58,15,36,55,0,106,33,0,33,139
06/24/2009,MSO,MT,ANM,WE,Federal Contract Tower,20,19,19,0,58,0,12,64,0,76,20,31,83,0,134,37,0,37,171
06/25/2009,MSO,MT,ANM,WE,Federal Contract Tower,17,22,13,1,53,0,7,51,2,60,17,29,64,3,113,32,10,42,155
06/26/2009,MSO,MT,ANM,WE,Federal Contract Tower,19,23,10,0,52,0,4,52,0,56,19,27,62,0,108,44,0,44,152
06/27/2009,MSO,MT,ANM,WE,Federal Contract Tower,16,18,7,0,41,0,8,60,0,68,16,26,67,0,109,58,0,58,167
06/28/2009,MSO,MT,ANM,WE,Federal Contract Tower,18,16,6,0,40,0,7,50,0,57,18,23,56,0,97,48,0,48,145
06/29/2009,MSO,MT,ANM,WE,Federal Contract Tower,19,17,11,0,47,0,20,59,0,79,19,37,70,0,126,21,0,21,147
06/30/2009,MSO,MT,ANM,WE,Federal Contract Tower,17,23,10,0,50,0,14,70,0,84,17,37,80,0,134,40,0,40,174
07/01/2009,MSO,MT,ANM,WE,Federal Contract Tower,17,21,9,0,47,0,5,56,0,61,17,26,65,0,108,32,0,32,140
07/02/2009,MSO,MT,ANM,WE,Federal Contract Tower,18,25,12,0,55,0,13,82,0,95,18,38,94,0,150,44,0,44,194
07/03/2009,MSO,MT,ANM,WE,Federal Contract Tower,20,19,7,0,46,0,5,46,0,51,20,24,53,0,97,40,0,40,137
07/04/2009,MSO,MT,ANM,WE,Federal Contract Tower,18,11,3,0,32,0,15,35,0,50,18,26,38,0,82,22,0,22,104
07/05/2009,MSO,MT,ANM,WE,Federal Contract Tower,21,20,8,0,49,0,8,26,0,34,21,28,34,0,83,6,0,6,89
07/06/2009,MSO,MT,ANM,WE,Federal Contract Tower,19,26,9,0,54,0,6,63,0,69,19,32,72,0,123,20,0,20,143
07/07/2009,MSO,MT,ANM,WE,Federal Contract Tower,20,23,16,0,59,0,9,61,0,70,20,32,77,0,129,61,0,61,190
07/08/2009,MSO,MT,ANM,WE,Federal Contract Tower,23,24,15,0,62,0,9,31,0,40,23,33,46,0,102,64,0,64,166
07/09/2009,MSO,MT,ANM,WE,Federal Contract Tower,21,22,15,0,58,0,23,37,0,60,21,45,52,0,118,22,0,22,140
07/10/2009,MSO,MT,ANM,WE,Federal Contract Tower,20,23,10,4,57,0,8,57,0,65,20,31,67,4,122,34,0,34,156
07/11/2009,MSO,MT,ANM,WE,Federal Contract Tower,19,16,5,1,41,0,19,55,2,76,19,35,60,3,117,32,14,46,163
07/12/2009,MSO,MT,ANM,WE,Federal Contract Tower,22,13,16,1,52,0,6,31,1,38,22,19,47,2,90,20,0,20,110
07/13/2009,MSO,MT,ANM,WE,Federal Contract Tower,20,19,16,0,55,0,0,14,0,14,20,19,30,0,69,19,0,19,88
07/14/2009,MSO,MT,ANM,WE,Federal Contract Tower,20,18,3,0,41,0,4,35,0,39,20,22,38,0,80,47,0,47,127
07/15/2009,MSO,MT,ANM,WE,Federal Contract Tower,21,17,10,0,48,0,2,82,0,84,21,19,92,0,132,55,0,55,187
07/16/2009,MSO,MT,ANM,WE,Federal Contract Tower,20,21,9,0,50,0,7,68,0,75,20,28,77,0,125,72,0,72,197
07/17/2009,MSO,MT,ANM,WE,Federal Contract Tower,20,20,11,0,51,0,14,94,0,108,20,34,105,0,159,71,0,71,230
07/18/2009,MSO,MT,ANM,WE,Federal Contract Tower,18,19,4,0,41,0,6,48,1,55,18,25,52,1,96,14,0,14,110
07/19/2009,MSO,MT,ANM,WE,Federal Contract Tower,24,15,8,0,47,0,4,93,0,97,24,19,101,0,144,18,0,18,162
07/20/2009,MSO,MT,ANM,WE,Federal Contract Tower,20,16,6,2,44,0,6,62,0,68,20,22,68,2,112,40,8,48,160
07/21/2009,MSO,MT,ANM,WE,Federal Contract Tower,21,22,3,0,46,0,8,32,0,40,21,30,35,0,86,69,0,69,155
07/22/2009,MSO,MT,ANM,WE,Federal Contract Tower,23,21,12,0,56,0,6,45,0,51,23,27,57,0,107,0,0,0,107
07/23/2009,MSO,MT,ANM,WE,Federal Contract Tower,20,22,7,0,49,0,15,81,4,100,20,37,88,4,149,14,0,14,163
07/24/2009,MSO,MT,ANM,WE,Federal Contract Tower,20,23,15,0,58,0,19,90,0,109,20,42,105,0,167,10,0,10,177
07/25/2009,MSO,MT,ANM,WE,Federal Contract Tower,19,16,8,0,43,0,9,114,0,123,19,25,122,0,166,52,0,52,218
07/26/2009,MSO,MT,ANM,WE,Federal Contract Tower,22,18,7,0,47,0,2,67,0,69,22,20,74,0,116,48,0,48,164
07/27/2009,MSO,MT,ANM,WE,Federal Contract Tower,19,19,14,2,54,0,13,40,0,53,19,32,54,2,107,14,16,30,137
07/28/2009,MSO,MT,ANM,WE,Federal Contract Tower,17,21,10,4,52,0,9,43,0,52,17,30,53,4,104,10,4,14,118
07/29/2009,MSO,MT,ANM,WE,Federal Contract Tower,20,22,9,0,51,0,11,31,0,42,20,33,40,0,93,16,0,16,109
07/30/2009,MSO,MT,ANM,WE,Federal Contract Tower,20,18,17,2,57,0,12,65,0,77,20,30,82,2,134,40,28,68,202
07/31/2009,MSO,MT,ANM,WE,Federal Contract Tower,20,18,9,3,50,0,7,45,3,55,20,25,54,6,105,60,4,64,169
08/01/2009,MSO,MT,ANM,WE,Federal Contract Tower,21,18,12,1,52,0,6,59,0,65,21,24,71,1,117,24,0,24,141
08/02/2009,MSO,MT,ANM,WE,Federal Contract Tower,21,22,9,0,52,0,12,32,0,44,21,34,41,0,96,34,0,34,130
08/03/2009,MSO,MT,ANM,WE,Federal Contract Tower,15,15,18,1,49,0,13,59,1,73,15,28,77,2,122,32,0,32,154
08/04/2009,MSO,MT,ANM,WE,Federal Contract Tower,20,24,10,0,54,0,3,53,0,56,20,27,63,0,110,29,0,29,139
08/05/2009,MSO,MT,ANM,WE,Federal Contract Tower,24,32,20,2,78,0,10,72,0,82,24,42,92,2,160,27,0,27,187
08/06/2009,MSO,MT,ANM,WE,Federal Contract Tower,20,24,19,0,63,0,2,55,0,57,20,26,74,0,120,12,0,12,132
08/07/2009,MSO,MT,ANM,WE,Federal Contract Tower,20,25,12,2,59,0,0,12,0,12,20,25,24,2,71,4,0,4,75
08/08/2009,MSO,MT,ANM,WE,Federal Contract Tower,22,20,7,0,49,0,8,39,0,47,22,28,46,0,96,13,0,13,109
08/09/2009,MSO,MT,ANM,WE,Federal Contract Tower,20,20,25,1,66,0,6,40,2,48,20,26,65,3,114,6,12,18,132
08/10/2009,MSO,MT,ANM,WE,Federal Contract Tower,19,18,31,0,68,0,8,52,0,60,19,26,83,0,128,44,0,44,172
08/11/2009,MSO,MT,ANM,WE,Federal Contract Tower,21,26,21,0,68,0,6,53,0,59,21,32,74,0,127,0,0,0,127
08/12/2009,MSO,MT,ANM,WE,Federal Contract Tower,22,29,24,0,75,0,8,90,0,98,22,37,114,0,173,43,0,43,216
08/13/2009,MSO,MT,ANM,WE,Federal Contract Tower,20,32,15,0,67,0,5,6,0,11,20,37,21,0,78,4,0,4,82
08/14/2009,MSO,MT,ANM,WE,Federal Contract Tower,20,24,12,0,56,0,4,25,0,29,20,28,37,0,85,38,0,38,123
08/15/2009,MSO,MT,ANM,WE,Federal Contract Tower,20,18,6,0,44,0,5,13,0,18,20,23,19,0,62,26,0,26,88
08/16/2009,MSO,MT,ANM,WE,Federal Contract Tower,23,17,5,0,45,0,3,26,0,29,23,20,31,0,74,26,0,26,100
08/17/2009,MSO,MT,ANM,WE,Federal Contract Tower,19,19,11,0,49,0,14,30,2,46,19,33,41,2,95,69,0,69,164
08/18/2009,MSO,MT,ANM,WE,Federal Contract Tower,20,29,19,6,74,0,22,46,0,68,20,51,65,6,142,53,8,61,203
08/19/2009,MSO,MT,ANM,WE,Federal Contract Tower,20,30,20,0,70,0,18,68,0,86,20,48,88,0,156,72,0,72,228
08/20/2009,MSO,MT,ANM,WE,Federal Contract Tower,20,32,16,0,68,0,10,47,0,57,20,42,63,0,125,82,0,82,207
08/21/2009,MSO,MT,ANM,WE,Federal Contract Tower,19,22,12,0,53,0,11,70,0,81,19,33,82,0,134,60,0,60,194
08/22/2009,MSO,MT,ANM,WE,Federal Contract Tower,17,14,10,0,41,0,14,58,0,72,17,28,68,0,113,80,0,80,193
08/23/2009,MSO,MT,ANM,WE,Federal Contract Tower,20,17,16,0,53,0,9,52,0,61,20,26,68,0,114,87,0,87,201
08/24/2009,MSO,MT,ANM,WE,Federal Contract Tower,17,18,6,0,41,0,7,45,0,52,17,25,51,0,93,53,0,53,146
08/25/2009,MSO,MT,ANM,WE,Federal Contract Tower,16,24,16,0,56,0,6,62,0,68,16,30,78,0,124,162,0,162,286
08/26/2009,MSO,MT,ANM,WE,Federal Contract Tower,17,32,8,3,60,0,8,81,4,93,17,40,89,7,153,20,0,20,173
08/27/2009,MSO,MT,ANM,WE,Federal Contract Tower,20,28,15,0,63,0,12,49,0,61,20,40,64,0,124,54,0,54,178
08/28/2009,MSO,MT,ANM,WE,Federal Contract Tower,17,22,8,0,47,0,8,65,1,74,17,30,73,1,121,50,0,50,171
08/29/2009,MSO,MT,ANM,WE,Federal Contract Tower,18,12,6,0,36,0,6,56,0,62,18,18,62,0,98,18,0,18,116
08/30/2009,MSO,MT,ANM,WE,Federal Contract Tower,19,15,11,0,45,0,5,42,0,47,19,20,53,0,92,36,0,36,128
08/31/2009,MSO,MT,ANM,WE,Federal Contract Tower,20,30,6,0,56,0,7,24,0,31,20,37,30,0,87,14,0,14,101
09/01/2009,MSO,MT,ANM,WE,Federal Contract Tower,12,21,8,0,41,0,10,33,0,43,12,31,41,0,84,24,0,24,108
09/02/2009,MSO,MT,ANM,WE,Federal Contract Tower,12,24,21,0,57,0,9,40,0,49,12,33,61,0,106,55,0,55,161
09/03/2009,MSO,MT,ANM,WE,Federal Contract Tower,12,21,16,0,49,0,9,47,2,58,12,30,63,2,107,50,2,52,159
09/04/2009,MSO,MT,ANM,WE,Federal Contract Tower,12,25,10,0,47,0,9,55,0,64,12,34,65,0,111,34,0,34,145
09/05/2009,MSO,MT,ANM,WE,Federal Contract Tower,10,16,5,0,31,0,11,66,0,77,10,27,71,0,108,28,0,28,136
09/06/2009,MSO,MT,ANM,WE,Federal Contract Tower,14,13,6,0,33,0,4,25,0,29,14,17,31,0,62,34,0,34,96
09/07/2009,MSO,MT,ANM,WE,Federal Contract Tower,15,21,14,0,50,0,5,28,0,33,15,26,42,0,83,33,0,33,116
09/08/2009,MSO,MT,ANM,WE,Federal Contract Tower,9,19,20,0,48,0,12,34,0,46,9,31,54,0,94,96,0,96,190
09/09/2009,MSO,MT,ANM,WE,Federal Contract Tower,12,25,22,2,61,0,10,42,0,52,12,35,64,2,113,25,2,27,140
09/10/2009,MSO,MT,ANM,WE,Federal Contract Tower,12,24,16,0,52,0,12,43,0,55,12,36,59,0,107,66,0,66,173
09/11/2009,MSO,MT,ANM,WE,Federal Contract Tower,15,21,7,2,45,0,4,42,0,46,15,25,49,2,91,44,0,44,135
09/12/2009,MSO,MT,ANM,WE,Federal Contract Tower,12,13,7,1,33,0,11,58,0,69,12,24,65,1,102,46,0,46,148
09/13/2009,MSO,MT,ANM,WE,Federal Contract Tower,12,22,13,2,49,0,6,55,0,61,12,28,68,2,110,2,0,2,112
09/14/2009,MSO,MT,ANM,WE,Federal Contract Tower,12,25,9,0,46,0,6,37,0,43,12,31,46,0,89,58,0,58,147
09/15/2009,MSO,MT,ANM,WE,Federal Contract Tower,8,23,16,0,47,0,9,39,0,48,8,32,55,0,95,47,0,47,142
09/16/2009,MSO,MT,ANM,WE,Federal Contract Tower,11,28,12,0,51,0,18,51,0,69,11,46,63,0,120,11,0,11,131
09/17/2009,MSO,MT,ANM,WE,Federal Contract Tower,12,21,8,0,41,0,5,31,0,36,12,26,39,0,77,14,0,14,91
09/18/2009,MSO,MT,ANM,WE,Federal Contract Tower,13,26,8,0,47,0,4,51,0,55,13,30,59,0,102,4,0,4,106
09/19/2009,MSO,MT,ANM,WE,Federal Contract Tower,14,14,6,1,35,0,15,55,2,72,14,29,61,3,107,22,4,26,133
09/20/2009,MSO,MT,ANM,WE,Federal Contract Tower,12,20,9,2,43,0,3,15,0,18,12,23,24,2,61,6,4,10,71
09/21/2009,MSO,MT,ANM,WE,Federal Contract Tower,12,21,9,0,42,0,13,40,0,53,12,34,49,0,95,62,0,62,157
09/22/2009,MSO,MT,ANM,WE,Federal Contract Tower,8,18,11,4,41,0,1,47,0,48,8,19,58,4,89,53,22,75,164
09/23/2009,MSO,MT,ANM,WE,Federal Contract Tower,13,20,13,0,46,0,11,92,0,103,13,31,105,0,149,125,0,125,274
09/24/2009,MSO,MT,ANM,WE,Federal Contract Tower,12,23,20,0,55,0,19,95,0,114,12,42,115,0,169,64,0,64,233
09/25/2009,MSO,MT,ANM,WE,Federal Contract Tower,14,24,18,1,57,0,9,128,2,139,14,33,146,3,196,72,0,72,268
09/26/2009,MSO,MT,ANM,WE,Federal Contract Tower,12,16,11,0,39,0,8,85,0,93,12,24,96,0,132,48,0,48,180
09/27/2009,MSO,MT,ANM,WE,Federal Contract Tower,12,17,10,0,39,0,12,130,0,142,12,29,140,0,181,124,0,124,305
09/28/2009,MSO,MT,ANM,WE,Federal Contract Tower,12,21,20,3,56,0,17,43,0,60,12,38,63,3,116,74,0,74,190
09/29/2009,MSO,MT,ANM,WE,Federal Contract Tower,10,23,13,3,49,0,3,46,0,49,10,26,59,3,98,37,0,37,135
09/30/2009,MSO,MT,ANM,WE,Federal Contract Tower,12,26,17,0,55,0,2,12,0,14,12,28,29,0,69,10,0,10,79
10/01/2009,MSO,MT,ANM,WE,Federal Contract Tower,15,20,16,1,52,0,6,21,0,27,15,26,37,1,79,4,0,4,83
10/02/2009,MSO,MT,ANM,WE,Federal Contract Tower,19,24,21,0,64,0,10,33,0,43,19,34,54,0,107,6,0,6,113
10/03/2009,MSO,MT,ANM,WE,Federal Contract Tower,10,18,5,0,33,0,2,17,0,19,10,20,22,0,52,8,0,8,60
10/04/2009,MSO,MT,ANM,WE,Federal Contract Tower,14,16,8,2,40,0,3,8,0,11,14,19,16,2,51,20,0,20,71
10/05/2009,MSO,MT,ANM,WE,Federal Contract Tower,12,26,4,0,42,0,14,17,0,31,12,40,21,0,73,65,0,65,138
10/06/2009,MSO,MT,ANM,WE,Federal Contract Tower,7,22,8,1,38,0,3,31,0,34,7,25,39,1,72,72,2,74,146
10/07/2009,MSO,MT,ANM,WE,Federal Contract Tower,9,19,7,0,35,0,2,4,0,6,9,21,11,0,41,12,0,12,53
10/08/2009,MSO,MT,ANM,WE,Federal Contract Tower,12,19,16,3,50,0,0,38,0,38,12,19,54,3,88,74,4,78,166
10/09/2009,MSO,MT,ANM,WE,Federal Contract Tower,14,22,16,1,53,0,5,1,0,6,14,27,17,1,59,4,0,4,63
10/10/2009,MSO,MT,ANM,WE,Federal Contract Tower,7,17,4,0,28,0,11,11,6,28,7,28,15,6,56,34,0,34,90
10/11/2009,MSO,MT,ANM,WE,Federal Contract Tower,13,14,10,2,39,0,3,12,0,15,13,17,22,2,54,10,0,10,64
10/12/2009,MSO,MT,ANM,WE,Federal Contract Tower,12,16,7,0,35,0,4,22,0,26,12,20,29,0,61,18,0,18,79
10/13/2009,MSO,MT,ANM,WE,Federal Contract Tower,7,15,10,0,32,0,3,17,0,20,7,18,27,0,52,56,0,56,108
10/14/2009,MSO,MT,ANM,WE,Federal Contract Tower,12,24,21,1,58,0,0,2,0,2,12,24,23,1,60,8,0,8,68
10/15/2009,MSO,MT,ANM,WE,Federal Contract Tower,11,17,9,0,37,0,0,8,0,8,11,17,17,0,45,6,0,6,51
10/16/2009,MSO,MT,ANM,WE,Federal Contract Tower,14,23,11,0,48,0,5,37,0,42,14,28,48,0,90,46,0,46,136
10/17/2009,MSO,MT,ANM,WE,Federal Contract Tower,9,14,9,2,34,0,0,36,0,36,9,14,45,2,70,46,0,46,116
10/18/2009,MSO,MT,ANM,WE,Federal Contract Tower,13,15,9,0,37,0,11,28,0,39,13,26,37,0,76,30,0,30,106
10/19/2009,MSO,MT,ANM,WE,Federal Contract Tower,14,20,23,0,57,0,4,11,0,15,14,24,34,0,72,76,0,76,148
10/20/2009,MSO,MT,ANM,WE,Federal Contract Tower,8,19,7,0,34,0,2,16,2,20,8,21,23,2,54,57,0,57,111
10/21/2009,MSO,MT,ANM,WE,Federal Contract Tower,11,22,18,0,51,0,5,26,0,31,11,27,44,0,82,78,0,78,160
10/22/2009,MSO,MT,ANM,WE,Federal Contract Tower,12,22,14,0,48,0,0,16,0,16,12,22,30,0,64,54,0,54,118
10/23/2009,MSO,MT,ANM,WE,Federal Contract Tower,14,19,9,0,42,0,3,19,0,22,14,22,28,0,64,38,0,38,102
10/24/2009,MSO,MT,ANM,WE,Federal Contract Tower,10,14,5,2,31,0,0,2,0,2,10,14,7,2,33,0,0,0,33
10/25/2009,MSO,MT,ANM,WE,Federal Contract Tower,14,12,13,2,41,0,2,37,0,39,14,14,50,2,80,42,0,42,122
10/26/2009,MSO,MT,ANM,WE,Federal Contract Tower,11,19,3,0,33,0,7,16,0,23,11,26,19,0,56,15,0,15,71
10/27/2009,MSO,MT,ANM,WE,Federal Contract Tower,7,22,7,0,36,0,0,6,0,6,7,22,13,0,42,22,0,22,64
10/28/2009,MSO,MT,ANM,WE,Federal Contract Tower,9,21,6,0,36,0,6,16,0,22,9,27,22,0,58,36,0,36,94
10/29/2009,MSO,MT,ANM,WE,Federal Contract Tower,11,17,8,0,36,0,2,20,0,22,11,19,28,0,58,14,0,14,72
10/30/2009,MSO,MT,ANM,WE,Federal Contract Tower,13,19,13,0,45,0,2,25,0,27,13,21,38,0,72,74,0,74,146
10/31/2009,MSO,MT,ANM,WE,Federal Contract Tower,9,13,4,0,26,0,5,9,2,16,9,18,13,2,42,18,0,18,60
11/01/2009,MSO,MT,ANM,WE,Federal Contract Tower,12,9,4,0,25,0,5,22,0,27,12,14,26,0,52,26,0,26,78
11/02/2009,MSO,MT,ANM,WE,Federal Contract Tower,11,14,7,4,36,0,5,23,0,28,11,19,30,4,64,38,18,56,120
11/03/2009,MSO,MT,ANM,WE,Federal Contract Tower,7,20,3,0,30,0,2,32,0,34,7,22,35,0,64,40,0,40,104
11/04/2009,MSO,MT,ANM,WE,Federal Contract Tower,11,19,10,1,41,0,5,45,0,50,11,24,55,1,91,70,0,70,161
11/05/2009,MSO,MT,ANM,WE,Federal Contract Tower,10,16,7,0,33,0,4,58,0,62,10,20,65,0,95,58,0,58,153
11/06/2009,MSO,MT,ANM,WE,Federal Contract Tower,12,20,8,0,40,0,2,1,0,3,12,22,9,0,43,12,0,12,55
11/07/2009,MSO,MT,ANM,WE,Federal Contract Tower,9,14,0,0,23,0,9,8,0,17,9,23,8,0,40,2,0,2,42
11/08/2009,MSO,MT,ANM,WE,Federal Contract Tower,12,13,7,2,34,0,2,6,0,8,12,15,13,2,42,68,0,68,110
11/09/2009,MSO,MT,ANM,WE,Federal Contract Tower,11,15,10,0,36,0,4,24,0,28,11,19,34,0,64,62,0,62,126
11/10/2009,MSO,MT,ANM,WE,Federal Contract Tower,7,15,11,0,33,0,2,14,0,16,7,17,25,0,49,15,0,15,64
11/11/2009,MSO,MT,ANM,WE,Federal Contract Tower,8,20,12,0,40,0,0,5,0,5,8,20,17,0,45,2,0,2,47
11/12/2009,MSO,MT,ANM,WE,Federal Contract Tower,11,24,12,0,47,0,3,17,0,20,11,27,29,0,67,54,0,54,121
11/13/2009,MSO,MT,ANM,WE,Federal Contract Tower,13,22,13,0,48,0,9,23,0,32,13,31,36,0,80,38,0,38,118
11/14/2009,MSO,MT,ANM,WE,Federal Contract Tower,11,12,9,0,32,0,0,9,0,9,11,12,18,0,41,6,0,6,47
11/15/2009,MSO,MT,ANM,WE,Federal Contract Tower,12,13,19,0,44,0,6,26,0,32,12,19,45,0,76,21,0,21,97
11/16/2009,MSO,MT,ANM,WE,Federal Contract Tower,11,15,10,0,36,0,12,18,0,30,11,27,28,0,66,67,0,67,133
11/17/2009,MSO,MT,ANM,WE,Federal Contract Tower,8,17,20,8,53,0,6,27,0,33,8,23,47,8,86,53,0,53,139
11/18/2009,MSO,MT,ANM,WE,Federal Contract Tower,10,21,26,2,59,0,1,22,0,23,10,22,48,2,82,34,16,50,132
11/19/2009,MSO,MT,ANM,WE,Federal Contract Tower,11,21,7,0,39,0,6,57,0,63,11,27,64,0,102,66,0,66,168
11/20/2009,MSO,MT,ANM,WE,Federal Contract Tower,11,24,7,0,42,0,9,16,0,25,11,33,23,0,67,34,0,34,101
11/21/2009,MSO,MT,ANM,WE,Federal Contract Tower,11,16,2,0,29,0,6,1,0,7,11,22,3,0,36,26,0,26,62
11/22/2009,MSO,MT,ANM,WE,Federal Contract Tower,12,12,11,0,35,0,2,0,0,2,12,14,11,0,37,0,0,0,37
11/23/2009,MSO,MT,ANM,WE,Federal Contract Tower,9,18,13,0,40,0,3,8,0,11,9,21,21,0,51,14,0,14,65
11/24/2009,MSO,MT,ANM,WE,Federal Contract Tower,9,23,10,0,42,0,6,2,2,10,9,29,12,2,52,24,0,24,76
11/25/2009,MSO,MT,ANM,WE,Federal Contract Tower,15,26,8,0,49,0,0,36,0,36,15,26,44,0,85,34,0,34,119
11/26/2009,MSO,MT,ANM,WE,Federal Contract Tower,8,15,3,0,26,0,0,4,0,4,8,15,7,0,30,4,0,4,34
11/27/2009,MSO,MT,ANM,WE,Federal Contract Tower,8,15,6,0,29,0,2,5,0,7,8,17,11,0,36,0,0,0,36
11/28/2009,MSO,MT,ANM,WE,Federal Contract Tower,16,15,10,0,41,0,3,36,0,39,16,18,46,0,80,28,0,28,108
11/29/2009,MSO,MT,ANM,WE,Federal Contract Tower,11,15,10,0,36,0,8,13,0,21,11,23,23,0,57,62,0,62,119
11/30/2009,MSO,MT,ANM,WE,Federal Contract Tower,9,20,14,0,43,0,0,29,0,29,9,20,43,0,72,62,0,62,134
12/01/2009,MSO,MT,ANM,WE,Federal Contract Tower,9,20,21,2,52,0,5,17,0,22,9,25,38,2,74,44,0,44,118
12/02/2009,MSO,MT,ANM,WE,Federal Contract Tower,10,23,26,0,59,0,4,29,0,33,10,27,55,0,92,64,0,64,156
12/03/2009,MSO,MT,ANM,WE,Federal Contract Tower,12,16,20,0,48,0,6,11,0,17,12,22,31,0,65,18,0,18,83
12/04/2009,MSO,MT,ANM,WE,Federal Contract Tower,9,18,11,2,40,0,0,23,0,23,9,18,34,2,63,32,2,34,97
12/05/2009,MSO,MT,ANM,WE,Federal Contract Tower,10,14,9,0,33,0,2,10,0,12,10,16,19,0,45,16,0,16,61
12/06/2009,MSO,MT,ANM,WE,Federal Contract Tower,12,11,4,2,29,0,6,1,0,7,12,17,5,2,36,4,0,4,40
12/07/2009,MSO,MT,ANM,WE,Federal Contract Tower,11,15,9,0,35,0,8,0,0,8,11,23,9,0,43,4,0,4,47
12/08/2009,MSO,MT,ANM,WE,Federal Contract Tower,9,12,7,0,28,0,16,14,0,30,9,28,21,0,58,30,0,30,88
12/09/2009,MSO,MT,ANM,WE,Federal Contract Tower,11,20,9,4,44,0,3,7,0,10,11,23,16,4,54,2,0,2,56
12/10/2009,MSO,MT,ANM,WE,Federal Contract Tower,11,24,7,0,42,0,2,10,0,12,11,26,17,0,54,0,0,0,54
12/11/2009,MSO,MT,ANM,WE,Federal Contract Tower,12,22,11,0,45,0,13,18,0,31,12,35,29,0,76,8,0,8,84
12/12/2009,MSO,MT,ANM,WE,Federal Contract Tower,12,18,6,2,38,0,2,1,0,3,12,20,7,2,41,16,14,30,71
12/13/2009,MSO,MT,ANM,WE,Federal Contract Tower,12,12,5,0,29,0,2,1,0,3,12,14,6,0,32,0,0,0,32
12/14/2009,MSO,MT,ANM,WE,Federal Contract Tower,11,15,9,0,35,0,0,3,0,3,11,15,12,0,38,4,0,4,42
12/15/2009,MSO,MT,ANM,WE,Federal Contract Tower,8,19,10,0,37,0,0,7,0,7,8,19,17,0,44,0,0,0,44
12/16/2009,MSO,MT,ANM,WE,Federal Contract Tower,13,22,8,0,43,0,0,2,0,2,13,22,10,0,45,0,0,0,45
12/17/2009,MSO,MT,ANM,WE,Federal Contract Tower,8,20,6,0,34,0,0,0,0,0,8,20,6,0,34,0,0,0,34
12/18/2009,MSO,MT,ANM,WE,Federal Contract Tower,13,22,6,0,41,0,0,4,0,4,13,22,10,0,45,0,0,0,45
12/19/2009,MSO,MT,ANM,WE,Federal Contract Tower,17,24,6,0,47,0,0,0,0,0,17,24,6,0,47,0,0,0,47
12/20/2009,MSO,MT,ANM,WE,Federal Contract Tower,12,17,5,0,34,0,0,0,0,0,12,17,5,0,34,0,0,0,34
12/21/2009,MSO,MT,ANM,WE,Federal Contract Tower,11,25,0,0,36,0,0,0,0,0,11,25,0,0,36,0,0,0,36
12/22/2009,MSO,MT,ANM,WE,Federal Contract Tower,12,30,2,0,44,0,3,5,0,8,12,33,7,0,52,0,0,0,52
12/23/2009,MSO,MT,ANM,WE,Federal Contract Tower,13,27,12,0,52,0,3,9,0,12,13,30,21,0,64,6,0,6,70
12/24/2009,MSO,MT,ANM,WE,Federal Contract Tower,10,21,6,0,37,0,5,14,0,19,10,26,20,0,56,12,0,12,68
12/25/2009,MSO,MT,ANM,WE,Federal Contract Tower,10,17,1,0,28,0,0,1,0,1,10,17,2,0,29,8,0,8,37
12/26/2009,MSO,MT,ANM,WE,Federal Contract Tower,19,17,9,0,45,0,1,7,0,8,19,18,16,0,53,26,0,26,79
12/27/2009,MSO,MT,ANM,WE,Federal Contract Tower,12,27,5,0,44,0,2,9,0,11,12,29,14,0,55,30,0,30,85
12/28/2009,MSO,MT,ANM,WE,Federal Contract Tower,9,27,9,0,45,0,0,7,0,7,9,27,16,0,52,8,0,8,60
12/29/2009,MSO,MT,ANM,WE,Federal Contract Tower,13,25,4,0,42,0,4,5,0,9,13,29,9,0,51,46,0,46,97
12/30/2009,MSO,MT,ANM,WE,Federal Contract Tower,13,27,8,0,48,0,2,2,0,4,13,29,10,0,52,0,0,0,52
12/31/2009,MSO,MT,ANM,WE,Federal Contract Tower,10,25,7,0,42,0,0,3,0,3,10,25,10,0,45,2,0,2,47
01/01/2010,MSO,MT,ANM,WE,Federal Contract Tower,11,21,3,0,35,0,0,4,0,4,11,21,7,0,39,10,0,10,49
01/02/2010,MSO,MT,ANM,WE,Federal Contract Tower,17,27,10,0,54,0,2,1,0,3,17,29,11,0,57,4,0,4,61
01/03/2010,MSO,MT,ANM,WE,Federal Contract Tower,16,17,5,0,38,0,2,11,0,13,16,19,16,0,51,22,0,22,73
01/04/2010,MSO,MT,ANM,WE,Federal Contract Tower,9,21,3,0,33,0,0,3,0,3,9,21,6,0,36,4,0,4,40
01/05/2010,MSO,MT,ANM,WE,Federal Contract Tower,7,19,0,0,26,0,0,0,0,0,7,19,0,0,26,0,0,0,26
01/06/2010,MSO,MT,ANM,WE,Federal Contract Tower,9,20,2,4,35,0,11,14,0,25,9,31,16,4,60,32,10,42,102
01/07/2010,MSO,MT,ANM,WE,Federal Contract Tower,9,20,2,2,33,0,10,20,0,30,9,30,22,2,63,6,20,26,89
01/08/2010,MSO,MT,ANM,WE,Federal Contract Tower,9,20,6,6,41,0,9,18,0,27,9,29,24,6,68,18,0,18,86
01/09/2010,MSO,MT,ANM,WE,Federal Contract Tower,9,14,4,0,27,0,2,4,0,6,9,16,8,0,33,6,0,6,39
01/10/2010,MSO,MT,ANM,WE,Federal Contract Tower,10,11,20,1,42,0,6,26,2,34,10,17,46,3,76,30,0,30,106
01/11/2010,MSO,MT,ANM,WE,Federal Contract Tower,9,16,15,0,40,0,2,12,0,14,9,18,27,0,54,34,0,34,88
01/12/2010,MSO,MT,ANM,WE,Federal Contract Tower,7,20,5,0,32,0,0,11,0,11,7,20,16,0,43,24,0,24,67
01/13/2010,MSO,MT,ANM,WE,Federal Contract Tower,11,13,3,0,27,0,0,0,0,0,11,13,3,0,27,0,0,0,27
01/14/2010,MSO,MT,ANM,WE,Federal Contract Tower,9,17,5,0,31,0,0,11,0,11,9,17,16,0,42,34,0,34,76
01/15/2010,MSO,MT,ANM,WE,Federal Contract Tower,9,22,11,0,42,0,4,19,0,23,9,26,30,0,65,30,0,30,95
01/16/2010,MSO,MT,ANM,WE,Federal Contract Tower,9,14,4,2,29,0,10,7,0,17,9,24,11,2,46,16,0,16,62
01/17/2010,MSO,MT,ANM,WE,Federal Contract Tower,10,12,4,2,28,0,0,0,0,0,10,12,4,2,28,0,0,0,28
01/18/2010,MSO,MT,ANM,WE,Federal Contract Tower,9,17,7,0,33,0,0,20,0,20,9,17,27,0,53,28,0,28,81
01/19/2010,MSO,MT,ANM,WE,Federal Contract Tower,7,27,9,4,47,0,0,10,0,10,7,27,19,4,57,0,0,0,57
01/20/2010,MSO,MT,ANM,WE,Federal Contract Tower,8,17,8,0,33,0,2,9,0,11,8,19,17,0,44,0,0,0,44
01/21/2010,MSO,MT,ANM,WE,Federal Contract Tower,9,19,10,0,38,0,4,27,0,31,9,23,37,0,69,10,0,10,79
01/22/2010,MSO,MT,ANM,WE,Federal Contract Tower,9,21,7,0,37,0,2,13,0,15,9,23,20,0,52,2,0,2,54
01/23/2010,MSO,MT,ANM,WE,Federal Contract Tower,10,11,7,0,28,0,2,0,0,2,10,13,7,0,30,0,0,0,30
01/24/2010,MSO,MT,ANM,WE,Federal Contract Tower,10,15,18,0,43,0,2,3,0,5,10,17,21,0,48,0,0,0,48
01/25/2010,MSO,MT,ANM,WE,Federal Contract Tower,8,20,7,0,35,0,0,7,0,7,8,20,14,0,42,6,0,6,48
01/26/2010,MSO,MT,ANM,WE,Federal Contract Tower,7,20,3,0,30,0,0,2,0,2,7,20,5,0,32,0,0,0,32
01/27/2010,MSO,MT,ANM,WE,Federal Contract Tower,9,18,16,0,43,0,2,15,0,17,9,20,31,0,60,12,0,12,72
01/28/2010,MSO,MT,ANM,WE,Federal Contract Tower,8,18,7,0,33,0,1,27,0,28,8,19,34,0,61,60,0,60,121
01/29/2010,MSO,MT,ANM,WE,Federal Contract Tower,9,19,6,0,34,0,4,37,0,41,9,23,43,0,75,52,0,52,127
01/30/2010,MSO,MT,ANM,WE,Federal Contract Tower,9,10,2,0,21,0,2,15,0,17,9,12,17,0,38,20,0,20,58
01/31/2010,MSO,MT,ANM,WE,Federal Contract Tower,10,12,2,0,24,0,0,0,0,0,10,12,2,0,24,0,0,0,24
02/01/2010,MSO,MT,ANM,WE,Federal Contract Tower,7,15,12,0,34,0,4,3,0,7,7,19,15,0,41,26,0,26,67
02/02/2010,MSO,MT,ANM,WE,Federal Contract Tower,8,20,5,0,33,0,0,0,0,0,8,20,5,0,33,0,0,0,33
02/03/2010,MSO,MT,ANM,WE,Federal Contract Tower,9,25,9,0,43,0,1,10,0,11,9,26,19,0,54,38,0,38,92
02/04/2010,MSO,MT,ANM,WE,Federal Contract Tower,9,20,8,0,37,0,4,9,0,13,9,24,17,0,50,26,0,26,76
02/05/2010,MSO,MT,ANM,WE,Federal Contract Tower,9,24,18,0,51,0,2,0,0,2,9,26,18,0,53,2,0,2,55
02/06/2010,MSO,MT,ANM,WE,Federal Contract Tower,10,15,7,0,32,0,0,2,0,2,10,15,9,0,34,30,0,30,64
02/07/2010,MSO,MT,ANM,WE,Federal Contract Tower,12,12,3,0,27,0,2,4,0,6,12,14,7,0,33,22,0,22,55
02/08/2010,MSO,MT,ANM,WE,Federal Contract Tower,9,15,9,2,35,0,3,10,0,13,9,18,19,2,48,50,14,64,112
02/09/2010,MSO,MT,ANM,WE,Federal Contract Tower,6,16,1,0,23,0,0,17,0,17,6,16,18,0,40,50,0,50,90
02/10/2010,MSO,MT,ANM,WE,Federal Contract Tower,8,28,7,0,43,0,0,11,0,11,8,28,18,0,54,32,0,32,86
02/11/2010,MSO,MT,ANM,WE,Federal Contract Tower,11,20,9,0,40,0,2,12,0,14,11,22,21,0,54,18,0,18,72
02/12/2010,MSO,MT,ANM,WE,Federal Contract Tower,12,21,24,0,57,0,6,10,0,16,12,27,34,0,73,42,0,42,115
02/13/2010,MSO,MT,ANM,WE,Federal Contract Tower,10,21,3,0,34,0,0,8,0,8,10,21,11,0,42,8,0,8,50
02/14/2010,MSO,MT,ANM,WE,Federal Contract Tower,14,15,2,0,31,0,6,37,1,44,14,21,39,1,75,96,0,96,171
02/15/2010,MSO,MT,ANM,WE,Federal Contract Tower,9,17,9,0,35,0,6,4,0,10,9,23,13,0,45,18,0,18,63
02/16/2010,MSO,MT,ANM,WE,Federal Contract Tower,10,16,11,0,37,0,0,7,0,7,10,16,18,0,44,14,0,14,58
02/17/2010,MSO,MT,ANM,WE,Federal Contract Tower,15,16,9,0,40,0,2,7,0,9,15,18,16,0,49,32,0,32,81
02/18/2010,MSO,MT,ANM,WE,Federal Contract Tower,11,22,5,0,38,0,2,30,0,32,11,24,35,0,70,76,0,76,146
02/19/2010,MSO,MT,ANM,WE,Federal Contract Tower,11,20,18,0,49,0,0,26,0,26,11,20,44,0,75,74,0,74,149
02/20/2010,MSO,MT,ANM,WE,Federal Contract Tower,13,18,12,0,43,0,3,26,0,29,13,21,38,0,72,52,0,52,124
02/21/2010,MSO,MT,ANM,WE,Federal Contract Tower,15,12,8,0,35,0,2,34,0,36,15,14,42,0,71,64,0,64,135
02/22/2010,MSO,MT,ANM,WE,Federal Contract Tower,9,15,3,0,27,0,0,39,0,39,9,15,42,0,66,58,0,58,124
02/23/2010,MSO,MT,ANM,WE,Federal Contract Tower,11,18,17,0,46,0,5,33,0,38,11,23,50,0,84,48,0,48,132
02/24/2010,MSO,MT,ANM,WE,Federal Contract Tower,13,20,21,0,54,0,3,26,0,29,13,23,47,0,83,26,0,26,109
02/25/2010,MSO,MT,ANM,WE,Federal Contract Tower,10,18,10,0,38,0,4,15,0,19,10,22,25,0,57,58,0,58,115
02/26/2010,MSO,MT,ANM,WE,Federal Contract Tower,11,18,20,0,49,0,2,18,0,20,11,20,38,0,69,42,0,42,111
02/27/2010,MSO,MT,ANM,WE,Federal Contract Tower,12,16,14,0,42,0,4,11,0,15,12,20,25,0,57,20,0,20,77
02/28/2010,MSO,MT,ANM,WE,Federal Contract Tower,14,13,12,0,39,0,2,35,0,37,14,15,47,0,76,68,0,68,144
03/01/2010,MSO,MT,ANM,WE,Federal Contract Tower,10,15,10,0,35,0,15,30,0,45,10,30,40,0,80,94,0,94,174
03/02/2010,MSO,MT,ANM,WE,Federal Contract Tower,11,20,15,0,46,0,4,37,0,41,11,24,52,0,87,72,0,72,159
03/03/2010,MSO,MT,ANM,WE,Federal Contract Tower,10,21,13,0,44,0,10,24,0,34,10,31,37,0,78,76,0,76,154
03/04/2010,MSO,MT,ANM,WE,Federal Contract Tower,8,20,12,0,40,0,3,12,0,15,8,23,24,0,55,72,0,72,127
03/05/2010,MSO,MT,ANM,WE,Federal Contract Tower,8,28,14,0,50,0,4,44,0,48,8,32,58,0,98,150,0,150,248
03/06/2010,MSO,MT,ANM,WE,Federal Contract Tower,10,17,5,0,32,0,3,103,0,106,10,20,108,0,138,56,0,56,194
03/07/2010,MSO,MT,ANM,WE,Federal Contract Tower,14,12,5,0,31,0,3,62,0,65,14,15,67,0,96,46,0,46,142
03/08/2010,MSO,MT,ANM,WE,Federal Contract Tower,6,19,7,0,32,0,3,16,0,19,6,22,23,0,51,30,0,30,81
03/09/2010,MSO,MT,ANM,WE,Federal Contract Tower,6,19,7,3,35,0,0,2,0,2,6,19,9,3,37,16,0,16,53
03/10/2010,MSO,MT,ANM,WE,Federal Contract Tower,13,17,16,0,46,0,8,13,0,21,13,25,29,0,67,54,0,54,121
03/11/2010,MSO,MT,ANM,WE,Federal Contract Tower,9,19,20,0,48,0,8,29,0,37,9,27,49,0,85,40,0,40,125
03/12/2010,MSO,MT,ANM,WE,Federal Contract Tower,8,19,7,0,34,0,6,26,0,32,8,25,33,0,66,46,0,46,112
03/13/2010,MSO,MT,ANM,WE,Federal Contract Tower,12,17,10,0,39,0,5,2,0,7,12,22,12,0,46,22,0,22,68
03/14/2010,MSO,MT,ANM,WE,Federal Contract Tower,14,14,2,0,30,0,3,36,0,39,14,17,38,0,69,20,0,20,89
03/15/2010,MSO,MT,ANM,WE,Federal Contract Tower,7,15,6,0,28,0,4,42,0,46,7,19,48,0,74,68,0,68,142
03/16/2010,MSO,MT,ANM,WE,Federal Contract Tower,9,21,9,0,39,0,1,43,0,44,9,22,52,0,83,50,0,50,133
03/17/2010,MSO,MT,ANM,WE,Federal Contract Tower,11,20,11,2,44,0,0,15,2,17,11,20,26,4,61,62,14,76,137
03/18/2010,MSO,MT,ANM,WE,Federal Contract Tower,9,22,4,0,35,0,4,15,2,21,9,26,19,2,56,54,0,54,110
03/19/2010,MSO,MT,ANM,WE,Federal Contract Tower,13,26,10,0,49,0,0,34,0,34,13,26,44,0,83,42,0,42,125
03/20/2010,MSO,MT,ANM,WE,Federal Contract Tower,12,14,2,1,29,0,8,47,1,56,12,22,49,2,85,34,0,34,119
03/21/2010,MSO,MT,ANM,WE,Federal Contract Tower,14,12,10,0,36,0,6,24,0,30,14,18,34,0,66,74,0,74,140
03/22/2010,MSO,MT,ANM,WE,Federal Contract Tower,6,20,12,0,38,0,10,24,0,34,6,30,36,0,72,66,0,66,138
03/23/2010,MSO,MT,ANM,WE,Federal Contract Tower,9,21,19,0,49,0,3,37,0,40,9,24,56,0,89,88,0,88,177
03/24/2010,MSO,MT,ANM,WE,Federal Contract Tower,10,17,12,0,39,0,23,37,0,60,10,40,49,0,99,40,0,40,139
03/25/2010,MSO,MT,ANM,WE,Federal Contract Tower,11,23,13,4,51,0,6,33,0,39,11,29,46,4,90,26,0,26,116
03/26/2010,MSO,MT,ANM,WE,Federal Contract Tower,10,23,9,0,42,0,2,28,0,30,10,25,37,0,72,32,0,32,104
03/27/2010,MSO,MT,ANM,WE,Federal Contract Tower,11,18,3,0,32,0,7,35,0,42,11,25,38,0,74,50,0,50,124
03/28/2010,MSO,MT,ANM,WE,Federal Contract Tower,14,14,5,0,33,0,5,27,0,32,14,19,32,0,65,22,0,22,87
03/29/2010,MSO,MT,ANM,WE,Federal Contract Tower,9,18,10,0,37,0,2,1,0,3,9,20,11,0,40,0,0,0,40
03/30/2010,MSO,MT,ANM,WE,Federal Contract Tower,10,24,7,0,41,0,0,12,0,12,10,24,19,0,53,38,0,38,91
03/31/2010,MSO,MT,ANM,WE,Federal Contract Tower,11,21,12,0,44,0,0,21,0,21,11,21,33,0,65,74,0,74,139
04/01/2010,MSO,MT,ANM,WE,Federal Contract Tower,12,16,4,0,32,0,2,37,2,41,12,18,41,2,73,56,0,56,129
04/02/2010,MSO,MT,ANM,WE,Federal Contract Tower,10,22,11,2,45,0,4,26,0,30,10,26,37,2,75,60,2,62,137
04/03/2010,MSO,MT,ANM,WE,Federal Contract Tower,12,16,3,0,31,0,1,8,0,9,12,17,11,0,40,46,0,46,86
04/04/2010,MSO,MT,ANM,WE,Federal Contract Tower,14,16,9,0,39,0,10,21,0,31,14,26,30,0,70,32,0,32,102
04/05/2010,MSO,MT,ANM,WE,Federal Contract Tower,9,20,10,0,39,0,7,24,0,31,9,27,34,0,70,26,0,26,96
04/06/2010,MSO,MT,ANM,WE,Federal Contract Tower,11,21,8,0,40,0,4,19,0,23,11,25,27,0,63,28,0,28,91
04/07/2010,MSO,MT,ANM,WE,Federal Contract Tower,13,20,12,0,45,0,9,40,0,49,13,29,52,0,94,40,0,40,134
04/08/2010,MSO,MT,ANM,WE,Federal Contract Tower,10,19,8,2,39,0,3,13,0,16,10,22,21,2,55,34,10,44,99
04/09/2010,MSO,MT,ANM,WE,Federal Contract Tower,10,20,7,0,37,0,2,32,0,34,10,22,39,0,71,14,0,14,85
04/10/2010,MSO,MT,ANM,WE,Federal Contract Tower,12,14,6,0,32,0,7,48,0,55,12,21,54,0,87,50,0,50,137
04/11/2010,MSO,MT,ANM,WE,Federal Contract Tower,14,15,3,0,32,0,0,2,0,2,14,15,5,0,34,0,0,0,34
04/12/2010,MSO,MT,ANM,WE,Federal Contract Tower,10,21,12,0,43,0,4,13,0,17,10,25,25,0,60,18,0,18,78
04/13/2010,MSO,MT,ANM,WE,Federal Contract Tower,7,20,7,0,34,0,0,0,0,0,7,20,7,0,34,0,0,0,34
04/14/2010,MSO,MT,ANM,WE,Federal Contract Tower,14,30,8,0,52,0,4,46,0,50,14,34,54,0,102,40,0,40,142
04/15/2010,MSO,MT,ANM,WE,Federal Contract Tower,11,18,12,2,43,0,6,39,2,47,11,24,51,4,90,48,0,48,138
04/16/2010,MSO,MT,ANM,WE,Federal Contract Tower,11,16,16,0,43,0,4,61,0,65,11,20,77,0,108,22,2,24,132
04/17/2010,MSO,MT,ANM,WE,Federal Contract Tower,14,13,6,0,33,0,6,44,0,50,14,19,50,0,83,110,0,110,193
04/18/2010,MSO,MT,ANM,WE,Federal Contract Tower,16,13,10,0,39,0,4,51,0,55,16,17,61,0,94,84,0,84,178
04/19/2010,MSO,MT,ANM,WE,Federal Contract Tower,9,16,4,0,29,0,9,53,0,62,9,25,57,0,91,95,0,95,186
04/20/2010,MSO,MT,ANM,WE,Federal Contract Tower,7,20,13,0,40,0,2,43,0,45,7,22,56,0,85,88,0,88,173
04/21/2010,MSO,MT,ANM,WE,Federal Contract Tower,9,23,12,0,44,0,5,39,0,44,9,28,51,0,88,68,0,68,156
04/22/2010,MSO,MT,ANM,WE,Federal Contract Tower,10,22,8,1,41,0,0,30,0,30,10,22,38,1,71,72,0,72,143
04/23/2010,MSO,MT,ANM,WE,Federal Contract Tower,12,23,14,1,50,0,6,44,0,50,12,29,58,1,100,66,0,66,166
04/24/2010,MSO,MT,ANM,WE,Federal Contract Tower,11,13,6,0,30,0,1,19,0,20,11,14,25,0,50,60,0,60,110
04/25/2010,MSO,MT,ANM,WE,Federal Contract Tower,12,12,8,0,32,0,0,33,0,33,12,12,41,0,65,62,0,62,127
04/26/2010,MSO,MT,ANM,WE,Federal Contract Tower,12,14,4,0,30,0,9,63,0,72,12,23,67,0,102,102,0,102,204
04/27/2010,MSO,MT,ANM,WE,Federal Contract Tower,8,23,21,2,54,0,2,13,0,15,8,25,34,2,69,72,22,94,163
04/28/2010,MSO,MT,ANM,WE,Federal Contract Tower,9,20,11,0,40,0,0,3,0,3,9,20,14,0,43,8,0,8,51
04/29/2010,MSO,MT,ANM,WE,Federal Contract Tower,10,18,6,0,34,0,2,10,0,12,10,20,16,0,46,0,0,0,46
04/30/2010,MSO,MT,ANM,WE,Federal Contract Tower,13,21,10,0,44,0,2,11,0,13,13,23,21,0,57,18,0,18,75
05/01/2010,MSO,MT,ANM,WE,Federal Contract Tower,11,13,2,0,26,0,2,8,0,10,11,15,10,0,36,50,0,50,86
05/02/2010,MSO,MT,ANM,WE,Federal Contract Tower,12,14,6,0,32,0,0,7,0,7,12,14,13,0,39,10,0,10,49
05/03/2010,MSO,MT,ANM,WE,Federal Contract Tower,11,23,9,0,43,0,6,10,0,16,11,29,19,0,59,62,0,62,121
05/04/2010,MSO,MT,ANM,WE,Federal Contract Tower,11,22,5,0,38,0,9,5,0,14,11,31,10,0,52,2,0,2,54
05/05/2010,MSO,MT,ANM,WE,Federal Contract Tower,12,23,5,0,40,0,8,36,0,44,12,31,41,0,84,54,0,54,138
05/06/2010,MSO,MT,ANM,WE,Federal Contract Tower,9,26,11,0,46,0,6,43,0,49,9,32,54,0,95,52,0,52,147
05/07/2010,MSO,MT,ANM,WE,Federal Contract Tower,9,20,16,0,45,0,0,44,0,44,9,20,60,0,89,56,0,56,145
05/08/2010,MSO,MT,ANM,WE,Federal Contract Tower,12,14,6,0,32,0,7,25,0,32,12,21,31,0,64,28,0,28,92
05/09/2010,MSO,MT,ANM,WE,Federal Contract Tower,12,14,20,0,46,0,3,21,0,24,12,17,41,0,70,6,0,6,76
05/10/2010,MSO,MT,ANM,WE,Federal Contract Tower,13,17,18,0,48,0,4,29,0,33,13,21,47,0,81,40,0,40,121
05/11/2010,MSO,MT,ANM,WE,Federal Contract Tower,10,22,13,0,45,0,2,29,0,31,10,24,42,0,76,75,0,75,151
05/12/2010,MSO,MT,ANM,WE,Federal Contract Tower,11,16,14,0,41,0,4,57,0,61,11,20,71,0,102,98,0,98,200
05/13/2010,MSO,MT,ANM,WE,Federal Contract Tower,13,17,14,0,44,0,4,58,2,64,13,21,72,2,108,42,0,42,150
05/14/2010,MSO,MT,ANM,WE,Federal Contract Tower,12,17,30,0,59,0,4,86,0,90,12,21,116,0,149,86,0,86,235
05/15/2010,MSO,MT,ANM,WE,Federal Contract Tower,13,12,12,8,45,0,7,68,0,75,13,19,80,8,120,46,0,46,166
05/16/2010,MSO,MT,ANM,WE,Federal Contract Tower,13,14,4,2,33,0,10,57,0,67,13,24,61,2,100,28,0,28,128
05/17/2010,MSO,MT,ANM,WE,Federal Contract Tower,11,16,12,0,39,0,1,33,1,35,11,17,45,1,74,74,0,74,148
05/18/2010,MSO,MT,ANM,WE,Federal Contract Tower,7,22,7,0,36,0,0,24,0,24,7,22,31,0,60,106,0,106,166
05/19/2010,MSO,MT,ANM,WE,Federal Contract Tower,9,24,4,0,37,0,6,56,0,62,9,30,60,0,99,58,0,58,157
05/20/2010,MSO,MT,ANM,WE,Federal Contract Tower,10,25,13,0,48,0,4,37,0,41,10,29,50,0,89,26,0,26,115
05/21/2010,MSO,MT,ANM,WE,Federal Contract Tower,10,20,11,0,41,0,8,45,0,53,10,28,56,0,94,46,0,46,140
05/22/2010,MSO,MT,ANM,WE,Federal Contract Tower,11,16,1,2,30,0,4,34,2,40,11,20,35,4,70,56,0,56,126
05/23/2010,MSO,MT,ANM,WE,Federal Contract Tower,14,17,4,0,35,0,0,16,0,16,14,17,20,0,51,50,0,50,101
05/24/2010,MSO,MT,ANM,WE,Federal Contract Tower,10,18,4,0,32,0,0,13,0,13,10,18,17,0,45,4,0,4,49
05/25/2010,MSO,MT,ANM,WE,Federal Contract Tower,7,23,12,0,42,0,5,50,0,55,7,28,62,0,97,72,1,73,170
05/26/2010,MSO,MT,ANM,WE,Federal Contract Tower,13,26,13,0,52,0,20,44,0,64,13,46,57,0,116,22,0,22,138
05/27/2010,MSO,MT,ANM,WE,Federal Contract Tower,10,35,17,0,62,0,4,15,0,19,10,39,32,0,81,54,0,54,135
05/28/2010,MSO,MT,ANM,WE,Federal Contract Tower,10,30,14,0,54,0,0,15,0,15,10,30,29,0,69,28,0,28,97
05/29/2010,MSO,MT,ANM,WE,Federal Contract Tower,9,21,4,0,34,0,2,14,0,16,9,23,18,0,50,32,0,32,82
05/30/2010,MSO,MT,ANM,WE,Federal Contract Tower,11,21,5,0,37,0,6,35,0,41,11,27,40,0,78,20,0,20,98
05/31/2010,MSO,MT,ANM,WE,Federal Contract Tower,8,26,12,0,46,0,24,29,0,53,8,50,41,0,99,14,0,14,113
06/01/2010,MSO,MT,ANM,WE,Federal Contract Tower,7,23,16,0,46,0,17,25,4,46,7,40,41,4,92,6,0,6,98
06/02/2010,MSO,MT,ANM,WE,Federal Contract Tower,11,23,9,0,43,0,12,20,0,32,11,35,29,0,75,46,0,46,121
06/03/2010,MSO,MT,ANM,WE,Federal Contract Tower,12,27,14,0,53,0,2,27,2,31,12,29,41,2,84,16,0,16,100
06/04/2010,MSO,MT,ANM,WE,Federal Contract Tower,10,25,15,0,50,0,2,10,0,12,10,27,25,0,62,22,0,22,84
06/05/2010,MSO,MT,ANM,WE,Federal Contract Tower,11,17,11,0,39,0,7,51,0,58,11,24,62,0,97,32,0,32,129
06/06/2010,MSO,MT,ANM,WE,Federal Contract Tower,11,21,8,0,40,0,2,22,0,24,11,23,30,0,64,10,0,10,74
06/07/2010,MSO,MT,ANM,WE,Federal Contract Tower,10,19,6,0,35,0,0,19,0,19,10,19,25,0,54,52,0,52,106
06/08/2010,MSO,MT,ANM,WE,Federal Contract Tower,5,23,9,0,37,0,2,57,0,59,5,25,66,0,96,78,0,78,174
06/09/2010,MSO,MT,ANM,WE,Federal Contract Tower,12,23,12,0,47,0,1,20,0,21,12,24,32,0,68,24,0,24,92
06/10/2010,MSO,MT,ANM,WE,Federal Contract Tower,12,27,10,0,49,0,5,16,0,21,12,32,26,0,70,0,0,0,70
06/11/2010,MSO,MT,ANM,WE,Federal Contract Tower,13,30,13,2,58,0,0,20,0,20,13,30,33,2,78,38,0,38,116
06/12/2010,MSO,MT,ANM,WE,Federal Contract Tower,14,23,8,0,45,4,8,52,0,64,18,31,60,0,109,72,0,72,181
06/13/2010,MSO,MT,ANM,WE,Federal Contract Tower,21,15,9,2,47,0,7,56,0,63,21,22,65,2,110,42,0,42,152
06/14/2010,MSO,MT,ANM,WE,Federal Contract Tower,18,25,16,0,59,0,19,44,0,63,18,44,60,0,122,40,0,40,162
06/15/2010,MSO,MT,ANM,WE,Federal Contract Tower,9,29,12,0,50,0,0,28,0,28,9,29,40,0,78,50,0,50,128
06/16/2010,MSO,MT,ANM,WE,Federal Contract Tower,13,36,9,0,58,0,3,13,1,17,13,39,22,1,75,34,0,34,109
06/17/2010,MSO,MT,ANM,WE,Federal Contract Tower,12,39,12,0,63,0,2,12,4,18,12,41,24,4,81,42,0,42,123
06/18/2010,MSO,MT,ANM,WE,Federal Contract Tower,16,32,20,1,69,0,8,72,7,87,16,40,92,8,156,74,0,74,230
06/19/2010,MSO,MT,ANM,WE,Federal Contract Tower,17,20,7,0,44,0,4,50,0,54,17,24,57,0,98,42,0,42,140
06/20/2010,MSO,MT,ANM,WE,Federal Contract Tower,23,23,18,0,64,0,5,32,0,37,23,28,50,0,101,24,0,24,125
06/21/2010,MSO,MT,ANM,WE,Federal Contract Tower,15,27,7,3,52,0,6,10,1,17,15,33,17,4,69,0,0,0,69
06/22/2010,MSO,MT,ANM,WE,Federal Contract Tower,10,29,21,0,60,0,8,44,0,52,10,37,65,0,112,60,0,60,172
06/23/2010,MSO,MT,ANM,WE,Federal Contract Tower,13,29,13,0,55,0,1,82,0,83,13,30,95,0,138,74,0,74,212
06/24/2010,MSO,MT,ANM,WE,Federal Contract Tower,14,32,7,0,53,0,4,39,0,43,14,36,46,0,96,20,0,20,116
06/25/2010,MSO,MT,ANM,WE,Federal Contract Tower,13,31,13,0,57,0,2,53,0,55,13,33,66,0,112,38,0,38,150
06/26/2010,MSO,MT,ANM,WE,Federal Contract Tower,16,24,12,0,52,0,16,49,0,65,16,40,61,0,117,34,0,34,151
06/27/2010,MSO,MT,ANM,WE,Federal Contract Tower,25,20,14,0,59,0,17,63,0,80,25,37,77,0,139,18,0,18,157
06/28/2010,MSO,MT,ANM,WE,Federal Contract Tower,17,31,14,0,62,0,8,52,0,60,17,39,66,0,122,50,0,50,172
06/29/2010,MSO,MT,ANM,WE,Federal Contract Tower,10,25,12,0,47,0,6,35,0,41,10,31,47,0,88,100,0,100,188
06/30/2010,MSO,MT,ANM,WE,Federal Contract Tower,11,29,18,0,58,0,9,90,0,99,11,38,108,0,157,80,2,82,239
07/01/2010,MSO,MT,ANM,WE,Federal Contract Tower,13,31,10,0,54,0,3,69,0,72,13,34,79,0,126,22,0,22,148
07/02/2010,MSO,MT,ANM,WE,Federal Contract Tower,18,28,13,0,59,0,7,24,1,32,18,35,37,1,91,18,0,18,109
07/03/2010,MSO,MT,ANM,WE,Federal Contract Tower,16,26,18,0,60,0,0,23,0,23,16,26,41,0,83,24,0,24,107
07/04/2010,MSO,MT,ANM,WE,Federal Contract Tower,17,17,13,0,47,0,9,26,0,35,17,26,39,0,82,4,0,4,86
07/05/2010,MSO,MT,ANM,WE,Federal Contract Tower,18,26,14,0,58,0,5,41,0,46,18,31,55,0,104,10,0,10,114
07/06/2010,MSO,MT,ANM,WE,Federal Contract Tower,13,27,3,0,43,0,13,50,0,63,13,40,53,0,106,32,0,32,138
07/07/2010,MSO,MT,ANM,WE,Federal Contract Tower,16,27,11,0,54,0,7,53,0,60,16,34,64,0,114,66,0,66,180
07/08/2010,MSO,MT,ANM,WE,Federal Contract Tower,16,29,8,0,53,0,3,49,0,52,16,32,57,0,105,76,0,76,181
07/09/2010,MSO,MT,ANM,WE,Federal Contract Tower,15,30,11,0,56,0,10,59,0,69,15,40,70,0,125,18,0,18,143
07/10/2010,MSO,MT,ANM,WE,Federal Contract Tower,16,28,9,0,53,0,22,60,0,82,16,50,69,0,135,14,0,14,149
07/11/2010,MSO,MT,ANM,WE,Federal Contract Tower,20,20,16,2,58,0,10,54,2,66,20,30,70,4,124,34,26,60,184
07/12/2010,MSO,MT,ANM,WE,Federal Contract Tower,19,23,6,1,49,0,13,38,0,51,19,36,44,1,100,18,0,18,118
07/13/2010,MSO,MT,ANM,WE,Federal Contract Tower,12,31,6,0,49,0,15,31,0,46,12,46,37,0,95,18,0,18,113
07/14/2010,MSO,MT,ANM,WE,Federal Contract Tower,17,25,22,0,64,0,12,79,0,91,17,37,101,0,155,100,0,100,255
07/15/2010,MSO,MT,ANM,WE,Federal Contract Tower,17,24,12,0,53,0,15,60,0,75,17,39,72,0,128,36,0,36,164
07/16/2010,MSO,MT,ANM,WE,Federal Contract Tower,17,27,6,2,52,0,10,59,0,69,17,37,65,2,121,52,2,54,175
07/17/2010,MSO,MT,ANM,WE,Federal Contract Tower,18,21,8,0,47,0,17,46,0,63,18,38,54,0,110,12,0,12,122
07/18/2010,MSO,MT,ANM,WE,Federal Contract Tower,21,17,12,0,50,0,8,50,0,58,21,25,62,0,108,36,0,36,144
07/19/2010,MSO,MT,ANM,WE,Federal Contract Tower,19,24,10,2,55,0,8,45,0,53,19,32,55,2,108,36,0,36,144
07/20/2010,MSO,MT,ANM,WE,Federal Contract Tower,18,24,14,0,56,0,4,56,1,61,18,28,70,1,117,60,0,60,177
07/21/2010,MSO,MT,ANM,WE,Federal Contract Tower,18,24,17,0,59,0,4,59,0,63,18,28,76,0,122,60,0,60,182
07/22/2010,MSO,MT,ANM,WE,Federal Contract Tower,16,24,9,0,49,0,6,68,0,74,16,30,77,0,123,40,0,40,163
07/23/2010,MSO,MT,ANM,WE,Federal Contract Tower,18,23,14,0,55,0,10,74,0,84,18,33,88,0,139,96,0,96,235
07/24/2010,MSO,MT,ANM,WE,Federal Contract Tower,18,22,16,0,56,0,17,71,0,88,18,39,87,0,144,66,0,66,210
07/25/2010,MSO,MT,ANM,WE,Federal Contract Tower,22,19,11,0,52,0,42,97,0,139,22,61,108,0,191,14,0,14,205
07/26/2010,MSO,MT,ANM,WE,Federal Contract Tower,19,24,17,0,60,0,26,85,0,111,19,50,102,0,171,20,0,20,191
07/27/2010,MSO,MT,ANM,WE,Federal Contract Tower,13,26,5,0,44,0,14,38,0,52,13,40,43,0,96,63,0,63,159
07/28/2010,MSO,MT,ANM,WE,Federal Contract Tower,17,26,12,0,55,0,2,59,0,61,17,28,71,0,116,30,0,30,146
07/29/2010,MSO,MT,ANM,WE,Federal Contract Tower,16,24,8,0,48,0,12,50,0,62,16,36,58,0,110,62,0,62,172
07/30/2010,MSO,MT,ANM,WE,Federal Contract Tower,14,33,11,0,58,0,17,65,0,82,14,50,76,0,140,42,0,42,182
07/31/2010,MSO,MT,ANM,WE,Federal Contract Tower,14,29,3,0,46,0,9,34,0,43,14,38,37,0,89,22,0,22,111
08/01/2010,MSO,MT,ANM,WE,Federal Contract Tower,19,24,10,0,53,0,20,44,0,64,19,44,54,0,117,14,0,14,131
08/02/2010,MSO,MT,ANM,WE,Federal Contract Tower,19,25,10,0,54,0,16,73,0,89,19,41,83,0,143,40,0,40,183
08/03/2010,MSO,MT,ANM,WE,Federal Contract Tower,13,24,9,0,46,0,21,64,0,85,13,45,73,0,131,54,0,54,185
08/04/2010,MSO,MT,ANM,WE,Federal Contract Tower,16,39,12,0,67,0,9,31,0,40,16,48,43,0,107,14,0,14,121
08/05/2010,MSO,MT,ANM,WE,Federal Contract Tower,16,28,14,0,58,0,23,40,0,63,16,51,54,0,121,32,0,32,153
08/06/2010,MSO,MT,ANM,WE,Federal Contract Tower,16,32,9,0,57,0,9,45,0,54,16,41,54,0,111,28,0,28,139
08/07/2010,MSO,MT,ANM,WE,Federal Contract Tower,18,22,8,0,48,0,18,52,0,70,18,40,60,0,118,66,0,66,184
08/08/2010,MSO,MT,ANM,WE,Federal Contract Tower,20,33,16,0,69,0,5,43,0,48,20,38,59,0,117,32,0,32,149
08/09/2010,MSO,MT,ANM,WE,Federal Contract Tower,17,22,11,0,50,0,3,38,0,41,17,25,49,0,91,56,0,56,147
08/10/2010,MSO,MT,ANM,WE,Federal Contract Tower,13,29,14,0,56,0,16,24,0,40,13,45,38,0,96,20,0,20,116
08/11/2010,MSO,MT,ANM,WE,Federal Contract Tower,16,26,14,0,56,0,4,40,0,44,16,30,54,0,100,36,0,36,136
08/12/2010,MSO,MT,ANM,WE,Federal Contract Tower,16,28,11,0,55,0,9,51,0,60,16,37,62,0,115,64,0,64,179
08/13/2010,MSO,MT,ANM,WE,Federal Contract Tower,14,27,11,0,52,0,2,18,0,20,14,29,29,0,72,16,0,16,88
08/14/2010,MSO,MT,ANM,WE,Federal Contract Tower,16,27,4,0,47,0,13,42,0,55,16,40,46,0,102,32,0,32,134
08/15/2010,MSO,MT,ANM,WE,Federal Contract Tower,19,27,10,3,59,0,3,59,1,63,19,30,69,4,122,14,20,34,156
08/16/2010,MSO,MT,ANM,WE,Federal Contract Tower,14,29,21,0,64,0,18,43,0,61,14,47,64,0,125,38,0,38,163
08/17/2010,MSO,MT,ANM,WE,Federal Contract Tower,13,24,10,0,47,0,5,57,1,63,13,29,67,1,110,62,1,63,173
08/18/2010,MSO,MT,ANM,WE,Federal Contract Tower,18,26,23,0,67,0,6,34,0,40,18,32,57,0,107,40,0,40,147
08/19/2010,MSO,MT,ANM,WE,Federal Contract Tower,17,26,24,0,67,0,7,49,0,56,17,33,73,0,123,40,0,40,163
08/20/2010,MSO,MT,ANM,WE,Federal Contract Tower,16,29,10,0,55,0,7,74,0,81,16,36,84,0,136,60,0,60,196
08/21/2010,MSO,MT,ANM,WE,Federal Contract Tower,14,23,9,0,46,0,5,41,0,46,14,28,50,0,92,18,0,18,110
08/22/2010,MSO,MT,ANM,WE,Federal Contract Tower,21,20,12,0,53,0,21,38,4,63,21,41,50,4,116,48,0,48,164
08/23/2010,MSO,MT,ANM,WE,Federal Contract Tower,14,23,18,0,55,0,12,58,0,70,14,35,76,0,125,128,0,128,253
08/24/2010,MSO,MT,ANM,WE,Federal Contract Tower,12,26,10,0,48,0,7,74,0,81,12,33,84,0,129,30,0,30,159
08/25/2010,MSO,MT,ANM,WE,Federal Contract Tower,17,25,6,0,48,0,20,65,0,85,17,45,71,0,133,96,0,96,229
08/26/2010,MSO,MT,ANM,WE,Federal Contract Tower,14,26,19,0,59,0,17,69,2,88,14,43,88,2,147,24,0,24,171
08/27/2010,MSO,MT,ANM,WE,Federal Contract Tower,15,28,8,0,51,0,2,94,0,96,15,30,102,0,147,42,0,42,189
08/28/2010,MSO,MT,ANM,WE,Federal Contract Tower,12,20,3,0,35,0,6,40,0,46,12,26,43,0,81,70,0,70,151
08/29/2010,MSO,MT,ANM,WE,Federal Contract Tower,14,23,10,0,47,0,3,6,0,9,14,26,16,0,56,4,0,4,60
08/30/2010,MSO,MT,ANM,WE,Federal Contract Tower,14,32,15,2,63,0,8,30,13,51,14,40,45,15,114,18,6,24,138
08/31/2010,MSO,MT,ANM,WE,Federal Contract Tower,12,26,14,0,52,0,11,36,2,49,12,37,50,2,101,92,0,92,193
09/01/2010,MSO,MT,ANM,WE,Federal Contract Tower,14,26,10,0,50,0,7,13,1,21,14,33,23,1,71,56,0,56,127
09/02/2010,MSO,MT,ANM,WE,Federal Contract Tower,13,28,13,0,54,0,12,51,0,63,13,40,64,0,117,68,0,68,185
09/03/2010,MSO,MT,ANM,WE,Federal Contract Tower,13,25,18,0,56,0,11,54,0,65,13,36,72,0,121,60,0,60,181
09/04/2010,MSO,MT,ANM,WE,Federal Contract Tower,17,15,7,0,39,0,8,38,0,46,17,23,45,0,85,0,0,0,85
09/05/2010,MSO,MT,ANM,WE,Federal Contract Tower,16,13,5,0,34,0,13,21,0,34,16,26,26,0,68,42,0,42,110
09/06/2010,MSO,MT,ANM,WE,Federal Contract Tower,12,19,16,0,47,0,17,42,0,59,12,36,58,0,106,58,0,58,164
09/07/2010,MSO,MT,ANM,WE,Federal Contract Tower,11,21,21,0,53,0,6,42,0,48,11,27,63,0,101,98,0,98,199
09/08/2010,MSO,MT,ANM,WE,Federal Contract Tower,14,27,2,0,43,0,5,48,0,53,14,32,50,0,96,40,0,40,136
09/09/2010,MSO,MT,ANM,WE,Federal Contract Tower,13,29,15,0,57,0,5,5,0,10,13,34,20,0,67,10,0,10,77
09/10/2010,MSO,MT,ANM,WE,Federal Contract Tower,14,35,13,0,62,0,3,29,0,32,14,38,42,0,94,94,0,94,188
09/11/2010,MSO,MT,ANM,WE,Federal Contract Tower,12,22,9,0,43,0,4,54,0,58,12,26,63,0,101,28,0,28,129
09/12/2010,MSO,MT,ANM,WE,Federal Contract Tower,18,21,12,2,53,0,0,44,0,44,18,21,56,2,97,32,0,32,129
09/13/2010,MSO,MT,ANM,WE,Federal Contract Tower,12,22,21,0,55,0,2,41,0,43,12,24,62,0,98,64,0,64,162
09/14/2010,MSO,MT,ANM,WE,Federal Contract Tower,11,26,19,0,56,0,10,47,0,57,11,36,66,0,113,28,0,28,141
09/15/2010,MSO,MT,ANM,WE,Federal Contract Tower,13,25,25,1,64,0,10,65,0,75,13,35,90,1,139,102,0,102,241
09/16/2010,MSO,MT,ANM,WE,Federal Contract Tower,13,25,17,1,56,0,10,17,0,27,13,35,34,1,83,38,0,38,121
09/17/2010,MSO,MT,ANM,WE,Federal Contract Tower,11,33,17,0,61,0,13,10,0,23,11,46,27,0,84,6,0,6,90
09/18/2010,MSO,MT,ANM,WE,Federal Contract Tower,11,22,6,1,40,0,12,37,0,49,11,34,43,1,89,66,0,66,155
09/19/2010,MSO,MT,ANM,WE,Federal Contract Tower,18,18,15,0,51,0,13,29,0,42,18,31,44,0,93,28,0,28,121
09/20/2010,MSO,MT,ANM,WE,Federal Contract Tower,12,23,15,0,50,0,2,17,0,19,12,25,32,0,69,6,0,6,75
09/21/2010,MSO,MT,ANM,WE,Federal Contract Tower,11,29,32,0,72,0,8,20,0,28,11,37,52,0,100,34,0,34,134
09/22/2010,MSO,MT,ANM,WE,Federal Contract Tower,12,25,32,0,69,0,5,46,0,51,12,30,78,0,120,24,0,24,144
09/23/2010,MSO,MT,ANM,WE,Federal Contract Tower,13,32,20,0,65,0,6,59,0,65,13,38,79,0,130,8,0,8,138
09/24/2010,MSO,MT,ANM,WE,Federal Contract Tower,13,24,34,0,71,0,5,46,0,51,13,29,80,0,122,60,0,60,182
09/25/2010,MSO,MT,ANM,WE,Federal Contract Tower,14,20,8,0,42,0,22,66,0,88,14,42,74,0,130,16,0,16,146
09/26/2010,MSO,MT,ANM,WE,Federal Contract Tower,16,20,10,0,46,0,8,64,0,72,16,28,74,0,118,52,0,52,170
09/27/2010,MSO,MT,ANM,WE,Federal Contract Tower,13,22,4,0,39,0,8,50,3,61,13,30,54,3,100,40,0,40,140
09/28/2010,MSO,MT,ANM,WE,Federal Contract Tower,10,22,10,0,42,0,5,47,0,52,10,27,57,0,94,22,0,22,116
09/29/2010,MSO,MT,ANM,WE,Federal Contract Tower,13,24,11,0,48,0,6,51,0,57,13,30,62,0,105,32,0,32,137
09/30/2010,MSO,MT,ANM,WE,Federal Contract Tower,13,25,6,0,44,0,2,42,3,47,13,27,48,3,91,32,0,32,123
10/01/2010,MSO,MT,ANM,WE,Federal Contract Tower,8,32,7,0,47,0,7,44,2,53,8,39,51,2,100,42,0,42,142
10/02/2010,MSO,MT,ANM,WE,Federal Contract Tower,13,17,4,4,38,0,9,56,0,65,13,26,60,4,103,22,28,50,153
10/03/2010,MSO,MT,ANM,WE,Federal Contract Tower,16,26,11,0,53,0,1,45,0,46,16,27,56,0,99,48,0,48,147
10/04/2010,MSO,MT,ANM,WE,Federal Contract Tower,10,27,8,0,45,0,9,12,0,21,10,36,20,0,66,2,0,2,68
10/05/2010,MSO,MT,ANM,WE,Federal Contract Tower,10,24,17,0,51,0,5,29,0,34,10,29,46,0,85,38,0,38,123
10/06/2010,MSO,MT,ANM,WE,Federal Contract Tower,14,24,20,0,58,0,8,25,0,33,14,32,45,0,91,50,0,50,141
10/07/2010,MSO,MT,ANM,WE,Federal Contract Tower,15,25,12,0,52,0,16,18,0,34,15,41,30,0,86,26,0,26,112
10/08/2010,MSO,MT,ANM,WE,Federal Contract Tower,10,25,16,0,51,0,0,7,0,7,10,25,23,0,58,6,0,6,64
10/09/2010,MSO,MT,ANM,WE,Federal Contract Tower,12,17,8,0,37,0,5,26,0,31,12,22,34,0,68,0,0,0,68
10/10/2010,MSO,MT,ANM,WE,Federal Contract Tower,18,20,12,0,50,0,4,8,0,12,18,24,20,0,62,10,0,10,72
10/11/2010,MSO,MT,ANM,WE,Federal Contract Tower,10,23,4,0,37,0,5,13,0,18,10,28,17,0,55,14,0,14,69
10/12/2010,MSO,MT,ANM,WE,Federal Contract Tower,10,26,19,0,55,0,14,34,0,48,10,40,53,0,103,0,0,0,103
10/13/2010,MSO,MT,ANM,WE,Federal Contract Tower,13,26,11,0,50,0,5,15,0,20,13,31,26,0,70,14,0,14,84
10/14/2010,MSO,MT,ANM,WE,Federal Contract Tower,15,23,10,0,48,0,0,30,0,30,15,23,40,0,78,22,0,22,100
10/15/2010,MSO,MT,ANM,WE,Federal Contract Tower,12,28,9,0,49,0,14,35,2,51,12,42,44,2,100,10,0,10,110
10/16/2010,MSO,MT,ANM,WE,Federal Contract Tower,11,18,1,0,30,0,6,38,3,47,11,24,39,3,77,46,0,46,123
10/17/2010,MSO,MT,ANM,WE,Federal Contract Tower,18,20,8,2,48,0,0,42,0,42,18,20,50,2,90,12,0,12,102
10/18/2010,MSO,MT,ANM,WE,Federal Contract Tower,11,21,4,0,36,0,15,20,0,35,11,36,24,0,71,12,0,12,83
10/19/2010,MSO,MT,ANM,WE,Federal Contract Tower,10,21,16,0,47,0,11,24,6,41,10,32,40,6,88,64,0,64,152
10/20/2010,MSO,MT,ANM,WE,Federal Contract Tower,15,23,11,0,49,0,2,39,5,46,15,25,50,5,95,40,0,40,135
10/21/2010,MSO,MT,ANM,WE,Federal Contract Tower,14,21,12,0,47,0,4,45,5,54,14,25,57,5,101,12,0,12,113
10/22/2010,MSO,MT,ANM,WE,Federal Contract Tower,13,28,11,0,52,0,1,61,0,62,13,29,72,0,114,14,0,14,128
10/23/2010,MSO,MT,ANM,WE,Federal Contract Tower,13,19,3,0,35,0,3,22,0,25,13,22,25,0,60,32,0,32,92
10/24/2010,MSO,MT,ANM,WE,Federal Contract Tower,16,19,12,0,47,0,1,9,0,10,16,20,21,0,57,20,0,20,77
10/25/2010,MSO,MT,ANM,WE,Federal Contract Tower,13,20,14,0,47,0,2,2,0,4,13,22,16,0,51,20,0,20,71
10/26/2010,MSO,MT,ANM,WE,Federal Contract Tower,11,24,9,0,44,0,0,3,0,3,11,24,12,0,47,30,0,30,77
10/27/2010,MSO,MT,ANM,WE,Federal Contract Tower,13,25,7,0,45,0,3,15,0,18,13,28,22,0,63,58,0,58,121
10/28/2010,MSO,MT,ANM,WE,Federal Contract Tower,15,23,19,0,57,0,0,22,0,22,15,23,41,0,79,56,0,56,135
10/29/2010,MSO,MT,ANM,WE,Federal Contract Tower,13,28,12,0,53,0,5,7,0,12,13,33,19,0,65,0,0,0,65
10/30/2010,MSO,MT,ANM,WE,Federal Contract Tower,11,23,7,0,41,0,0,15,0,15,11,23,22,0,56,12,0,12,68
10/31/2010,MSO,MT,ANM,WE,Federal Contract Tower,18,17,7,0,42,0,0,10,0,10,18,17,17,0,52,0,0,0,52
11/01/2010,MSO,MT,ANM,WE,Federal Contract Tower,10,29,14,0,53,0,8,7,0,15,10,37,21,0,68,10,0,10,78
11/02/2010,MSO,MT,ANM,WE,Federal Contract Tower,8,27,2,0,37,0,9,12,0,21,8,36,14,0,58,32,0,32,90
11/03/2010,MSO,MT,ANM,WE,Federal Contract Tower,12,28,8,0,48,0,3,35,0,38,12,31,43,0,86,6,0,6,92
11/04/2010,MSO,MT,ANM,WE,Federal Contract Tower,14,19,7,0,40,0,5,44,0,49,14,24,51,0,89,42,0,42,131
11/05/2010,MSO,MT,ANM,WE,Federal Contract Tower,8,24,7,0,39,0,8,33,0,41,8,32,40,0,80,34,2,36,116
11/06/2010,MSO,MT,ANM,WE,Federal Contract Tower,9,17,3,2,31,0,15,17,0,32,9,32,20,2,63,18,0,18,81
11/07/2010,MSO,MT,ANM,WE,Federal Contract Tower,12,17,10,4,43,0,0,3,0,3,12,17,13,4,46,14,14,28,74
11/08/2010,MSO,MT,ANM,WE,Federal Contract Tower,11,21,6,0,38,0,3,2,0,5,11,24,8,0,43,12,0,12,55
11/09/2010,MSO,MT,ANM,WE,Federal Contract Tower,8,22,10,0,40,0,0,18,0,18,8,22,28,0,58,33,0,33,91
11/10/2010,MSO,MT,ANM,WE,Federal Contract Tower,12,21,20,0,53,0,2,10,0,12,12,23,30,0,65,72,0,72,137
11/11/2010,MSO,MT,ANM,WE,Federal Contract Tower,13,26,16,0,55,0,8,24,0,32,13,34,40,0,87,34,0,34,121
11/12/2010,MSO,MT,ANM,WE,Federal Contract Tower,10,26,14,0,50,0,5,21,0,26,10,31,35,0,76,26,0,26,102
11/13/2010,MSO,MT,ANM,WE,Federal Contract Tower,10,17,6,0,33,0,11,23,0,34,10,28,29,0,67,12,0,12,79
11/14/2010,MSO,MT,ANM,WE,Federal Contract Tower,13,16,12,0,41,0,0,0,0,0,13,16,12,0,41,0,0,0,41
11/15/2010,MSO,MT,ANM,WE,Federal Contract Tower,9,23,11,6,49,0,4,9,3,16,9,27,20,9,65,12,0,12,77
11/16/2010,MSO,MT,ANM,WE,Federal Contract Tower,7,23,3,0,33,0,0,0,0,0,7,23,3,0,33,0,0,0,33
11/17/2010,MSO,MT,ANM,WE,Federal Contract Tower,11,23,12,0,46,0,1,13,0,14,11,24,25,0,60,18,0,18,78
11/18/2010,MSO,MT,ANM,WE,Federal Contract Tower,13,21,13,0,47,0,0,2,0,2,13,21,15,0,49,22,0,22,71
11/19/2010,MSO,MT,ANM,WE,Federal Contract Tower,9,24,17,0,50,0,11,11,0,22,9,35,28,0,72,4,0,4,76
11/20/2010,MSO,MT,ANM,WE,Federal Contract Tower,10,21,9,0,40,0,2,0,0,2,10,23,9,0,42,0,0,0,42
11/21/2010,MSO,MT,ANM,WE,Federal Contract Tower,13,19,5,0,37,0,4,5,0,9,13,23,10,0,46,0,0,0,46
11/22/2010,MSO,MT,ANM,WE,Federal Contract Tower,7,19,5,0,31,0,1,0,0,1,7,20,5,0,32,0,0,0,32
11/23/2010,MSO,MT,ANM,WE,Federal Contract Tower,13,18,7,0,38,0,0,0,0,0,13,18,7,0,38,0,0,0,38
11/24/2010,MSO,MT,ANM,WE,Federal Contract Tower,13,32,13,0,58,0,9,2,0,11,13,41,15,0,69,0,0,0,69
11/25/2010,MSO,MT,ANM,WE,Federal Contract Tower,8,13,2,0,23,0,1,0,0,1,8,14,2,0,24,0,0,0,24
11/26/2010,MSO,MT,ANM,WE,Federal Contract Tower,6,20,1,0,27,0,6,10,0,16,6,26,11,0,43,16,0,16,59
11/27/2010,MSO,MT,ANM,WE,Federal Contract Tower,13,21,2,0,36,0,0,3,0,3,13,21,5,0,39,0,0,0,39
11/28/2010,MSO,MT,ANM,WE,Federal Contract Tower,13,19,5,0,37,0,0,0,0,0,13,19,5,0,37,0,0,0,37
11/29/2010,MSO,MT,ANM,WE,Federal Contract Tower,10,24,15,0,49,0,9,2,0,11,10,33,17,0,60,0,0,0,60
11/30/2010,MSO,MT,ANM,WE,Federal Contract Tower,12,26,6,2,46,0,21,4,0,25,12,47,10,2,71,0,0,0,71
12/01/2010,MSO,MT,ANM,WE,Federal Contract Tower,11,24,12,0,47,0,0,1,0,1,11,24,13,0,48,26,0,26,74
12/02/2010,MSO,MT,ANM,WE,Federal Contract Tower,13,32,15,0,60,0,0,0,0,0,13,32,15,0,60,0,0,0,60
12/03/2010,MSO,MT,ANM,WE,Federal Contract Tower,11,20,7,2,40,0,3,15,0,18,11,23,22,2,58,18,0,18,76
12/04/2010,MSO,MT,ANM,WE,Federal Contract Tower,10,15,3,0,28,0,3,27,0,30,10,18,30,0,58,24,0,24,82
12/05/2010,MSO,MT,ANM,WE,Federal Contract Tower,15,13,8,2,38,0,1,11,0,12,15,14,19,2,50,14,0,14,64
12/06/2010,MSO,MT,ANM,WE,Federal Contract Tower,11,15,6,0,32,0,0,6,0,6,11,15,12,0,38,24,0,24,62
12/07/2010,MSO,MT,ANM,WE,Federal Contract Tower,9,20,13,0,42,0,1,19,0,20,9,21,32,0,62,40,0,40,102
12/08/2010,MSO,MT,ANM,WE,Federal Contract Tower,11,23,12,0,46,0,3,0,0,3,11,26,12,0,49,0,0,0,49
12/09/2010,MSO,MT,ANM,WE,Federal Contract Tower,12,20,10,2,44,0,2,0,0,2,12,22,10,2,46,0,6,6,52
12/10/2010,MSO,MT,ANM,WE,Federal Contract Tower,9,25,3,0,37,0,0,0,0,0,9,25,3,0,37,10,0,10,47
12/11/2010,MSO,MT,ANM,WE,Federal Contract Tower,10,16,4,2,32,0,1,9,0,10,10,17,13,2,42,4,30,34,76
12/12/2010,MSO,MT,ANM,WE,Federal Contract Tower,13,15,7,0,35,0,0,0,0,0,13,15,7,0,35,0,0,0,35
12/13/2010,MSO,MT,ANM,WE,Federal Contract Tower,9,12,5,0,26,0,0,0,0,0,9,12,5,0,26,0,0,0,26
12/14/2010,MSO,MT,ANM,WE,Federal Contract Tower,9,26,16,0,51,0,0,0,0,0,9,26,16,0,51,0,0,0,51
12/15/2010,MSO,MT,ANM,WE,Federal Contract Tower,11,29,11,0,51,0,4,13,0,17,11,33,24,0,68,0,0,0,68
12/16/2010,MSO,MT,ANM,WE,Federal Contract Tower,13,33,7,0,53,0,0,12,0,12,13,33,19,0,65,22,0,22,87
12/17/2010,MSO,MT,ANM,WE,Federal Contract Tower,9,26,8,0,43,0,7,22,0,29,9,33,30,0,72,34,0,34,106
12/18/2010,MSO,MT,ANM,WE,Federal Contract Tower,11,23,11,0,45,0,0,3,0,3,11,23,14,0,48,0,0,0,48
12/19/2010,MSO,MT,ANM,WE,Federal Contract Tower,12,21,9,0,42,0,11,1,0,12,12,32,10,0,54,20,0,20,74
12/20/2010,MSO,MT,ANM,WE,Federal Contract Tower,8,22,8,0,38,0,2,21,0,23,8,24,29,0,61,20,0,20,81
12/21/2010,MSO,MT,ANM,WE,Federal Contract Tower,15,27,1,0,43,1,11,0,0,12,16,38,1,0,55,6,0,6,61
12/22/2010,MSO,MT,ANM,WE,Federal Contract Tower,10,36,4,0,50,0,8,5,0,13,10,44,9,0,63,0,0,0,63
12/23/2010,MSO,MT,ANM,WE,Federal Contract Tower,12,28,11,0,51,0,2,14,0,16,12,30,25,0,67,24,0,24,91
12/24/2010,MSO,MT,ANM,WE,Federal Contract Tower,9,17,0,0,26,0,1,5,0,6,9,18,5,0,32,16,0,16,48
12/25/2010,MSO,MT,ANM,WE,Federal Contract Tower,12,13,1,0,26,0,5,7,0,12,12,18,8,0,38,6,0,6,44
12/26/2010,MSO,MT,ANM,WE,Federal Contract Tower,17,14,14,0,45,0,0,8,0,8,17,14,22,0,53,4,0,4,57
12/27/2010,MSO,MT,ANM,WE,Federal Contract Tower,8,27,9,0,44,0,4,1,0,5,8,31,10,0,49,16,0,16,65
12/28/2010,MSO,MT,ANM,WE,Federal Contract Tower,12,29,6,4,51,0,0,1,0,1,12,29,7,4,52,14,0,14,66
12/29/2010,MSO,MT,ANM,WE,Federal Contract Tower,13,24,4,0,41,0,0,0,0,0,13,24,4,0,41,0,0,0,41
12/30/2010,MSO,MT,ANM,WE,Federal Contract Tower,12,25,5,0,42,0,2,7,0,9,12,27,12,0,51,38,0,38,89
12/31/2010,MSO,MT,ANM,WE,Federal Contract Tower,9,22,13,0,44,0,1,26,0,27,9,23,39,0,71,62,0,62,133
01/01/2011,MSO,MT,ANM,WE,Federal Contract Tower,10,16,3,0,29,0,5,19,0,24,10,21,22,0,53,36,0,36,89
01/02/2011,MSO,MT,ANM,WE,Federal Contract Tower,12,23,10,0,45,0,2,0,0,2,12,25,10,0,47,4,0,4,51
01/03/2011,MSO,MT,ANM,WE,Federal Contract Tower,8,21,9,0,38,0,0,15,0,15,8,21,24,0,53,24,0,24,77
01/04/2011,MSO,MT,ANM,WE,Federal Contract Tower,10,18,9,0,37,0,0,6,0,6,10,18,15,0,43,0,0,0,43
01/05/2011,MSO,MT,ANM,WE,Federal Contract Tower,9,21,11,0,41,0,1,6,0,7,9,22,17,0,48,0,0,0,48
01/06/2011,MSO,MT,ANM,WE,Federal Contract Tower,11,21,8,0,40,0,2,4,0,6,11,23,12,0,46,4,0,4,50
01/07/2011,MSO,MT,ANM,WE,Federal Contract Tower,7,17,10,2,36,0,0,0,0,0,7,17,10,2,36,0,0,0,36
01/08/2011,MSO,MT,ANM,WE,Federal Contract Tower,8,16,6,0,30,0,0,4,0,4,8,16,10,0,34,0,0,0,34
01/09/2011,MSO,MT,ANM,WE,Federal Contract Tower,11,12,3,0,26,0,0,1,0,1,11,12,4,0,27,0,0,0,27
01/10/2011,MSO,MT,ANM,WE,Federal Contract Tower,7,13,16,0,36,0,6,12,0,18,7,19,28,0,54,12,0,12,66
01/11/2011,MSO,MT,ANM,WE,Federal Contract Tower,7,21,12,0,40,0,5,28,0,33,7,26,40,0,73,22,0,22,95
01/12/2011,MSO,MT,ANM,WE,Federal Contract Tower,9,18,3,0,30,0,0,0,0,0,9,18,3,0,30,0,0,0,30
01/13/2011,MSO,MT,ANM,WE,Federal Contract Tower,10,20,11,0,41,0,0,1,0,1,10,20,12,0,42,24,0,24,66
01/14/2011,MSO,MT,ANM,WE,Federal Contract Tower,7,20,10,0,37,0,3,10,0,13,7,23,20,0,50,28,0,28,78
01/15/2011,MSO,MT,ANM,WE,Federal Contract Tower,8,17,3,0,28,0,1,1,0,2,8,18,4,0,30,6,0,6,36
01/16/2011,MSO,MT,ANM,WE,Federal Contract Tower,11,16,2,0,29,0,0,0,0,0,11,16,2,0,29,0,0,0,29
01/17/2011,MSO,MT,ANM,WE,Federal Contract Tower,9,17,4,0,30,0,4,11,0,15,9,21,15,0,45,0,0,0,45
01/18/2011,MSO,MT,ANM,WE,Federal Contract Tower,9,20,5,0,34,0,3,5,0,8,9,23,10,0,42,22,0,22,64
01/19/2011,MSO,MT,ANM,WE,Federal Contract Tower,9,19,6,0,34,0,3,25,0,28,9,22,31,0,62,14,0,14,76
01/20/2011,MSO,MT,ANM,WE,Federal Contract Tower,11,22,11,0,44,0,0,11,0,11,11,22,22,0,55,0,0,0,55
01/21/2011,MSO,MT,ANM,WE,Federal Contract Tower,7,21,3,0,31,0,0,18,2,20,7,21,21,2,51,6,0,6,57
01/22/2011,MSO,MT,ANM,WE,Federal Contract Tower,9,14,4,0,27,0,1,10,0,11,9,15,14,0,38,26,0,26,64
01/23/2011,MSO,MT,ANM,WE,Federal Contract Tower,11,14,4,0,29,0,0,7,0,7,11,14,11,0,36,48,0,48,84
01/24/2011,MSO,MT,ANM,WE,Federal Contract Tower,7,16,5,0,28,0,2,13,0,15,7,18,18,0,43,0,0,0,43
01/25/2011,MSO,MT,ANM,WE,Federal Contract Tower,7,23,7,0,37,0,0,10,0,10,7,23,17,0,47,20,0,20,67
01/26/2011,MSO,MT,ANM,WE,Federal Contract Tower,11,13,5,0,29,0,4,20,0,24,11,17,25,0,53,10,0,10,63
01/27/2011,MSO,MT,ANM,WE,Federal Contract Tower,9,18,6,0,33,0,4,15,0,19,9,22,21,0,52,28,0,28,80
01/28/2011,MSO,MT,ANM,WE,Federal Contract Tower,5,21,13,0,39,0,5,30,0,35,5,26,43,0,74,64,0,64,138
01/29/2011,MSO,MT,ANM,WE,Federal Contract Tower,10,16,4,0,30,0,0,5,0,5,10,16,9,0,35,8,0,8,43
01/30/2011,MSO,MT,ANM,WE,Federal Contract Tower,9,16,2,0,27,0,0,0,0,0,9,16,2,0,27,0,0,0,27
01/31/2011,MSO,MT,ANM,WE,Federal Contract Tower,6,16,9,0,31,0,0,7,0,7,6,16,16,0,38,30,0,30,68
02/01/2011,MSO,MT,ANM,WE,Federal Contract Tower,8,19,8,0,35,0,0,30,0,30,8,19,38,0,65,20,0,20,85
02/02/2011,MSO,MT,ANM,WE,Federal Contract Tower,14,13,9,0,36,0,4,32,0,36,14,17,41,0,72,52,0,52,124
02/03/2011,MSO,MT,ANM,WE,Federal Contract Tower,10,22,8,0,40,0,6,17,0,23,10,28,25,0,63,12,0,12,75
02/04/2011,MSO,MT,ANM,WE,Federal Contract Tower,9,19,13,0,41,0,0,5,0,5,9,19,18,0,46,10,0,10,56
02/05/2011,MSO,MT,ANM,WE,Federal Contract Tower,10,14,7,0,31,0,12,9,0,21,10,26,16,0,52,8,0,8,60
02/06/2011,MSO,MT,ANM,WE,Federal Contract Tower,9,16,2,0,27,0,0,0,0,0,9,16,2,0,27,10,0,10,37
02/07/2011,MSO,MT,ANM,WE,Federal Contract Tower,11,13,5,0,29,0,0,0,0,0,11,13,5,0,29,0,0,0,29
02/08/2011,MSO,MT,ANM,WE,Federal Contract Tower,9,18,6,0,33,0,4,3,0,7,9,22,9,0,40,0,0,0,40
02/09/2011,MSO,MT,ANM,WE,Federal Contract Tower,13,20,13,1,47,0,0,10,0,10,13,20,23,1,57,22,6,28,85
02/10/2011,MSO,MT,ANM,WE,Federal Contract Tower,9,20,8,2,39,0,4,14,0,18,9,24,22,2,57,20,0,20,77
02/11/2011,MSO,MT,ANM,WE,Federal Contract Tower,11,14,12,0,37,0,0,28,0,28,11,14,40,0,65,28,0,28,93
02/12/2011,MSO,MT,ANM,WE,Federal Contract Tower,11,15,2,0,28,0,10,30,0,40,11,25,32,0,68,84,0,84,152
02/13/2011,MSO,MT,ANM,WE,Federal Contract Tower,9,11,5,0,25,0,11,21,0,32,9,22,26,0,57,18,0,18,75
02/14/2011,MSO,MT,ANM,WE,Federal Contract Tower,11,14,3,0,28,0,12,28,0,40,11,26,31,0,68,32,0,32,100
02/15/2011,MSO,MT,ANM,WE,Federal Contract Tower,9,20,13,0,42,0,2,4,0,6,9,22,17,0,48,0,0,0,48
02/16/2011,MSO,MT,ANM,WE,Federal Contract Tower,12,17,9,0,38,0,0,0,0,0,12,17,9,0,38,0,0,0,38
02/17/2011,MSO,MT,ANM,WE,Federal Contract Tower,9,20,11,0,40,0,0,13,0,13,9,20,24,0,53,0,0,0,53
02/18/2011,MSO,MT,ANM,WE,Federal Contract Tower,11,19,5,2,37,0,0,5,0,5,11,19,10,2,42,12,0,12,54
02/19/2011,MSO,MT,ANM,WE,Federal Contract Tower,9,19,9,0,37,0,4,5,0,9,9,23,14,0,46,0,0,0,46
02/20/2011,MSO,MT,ANM,WE,Federal Contract Tower,7,19,8,0,34,0,2,0,0,2,7,21,8,0,36,0,0,0,36
02/21/2011,MSO,MT,ANM,WE,Federal Contract Tower,10,17,5,0,32,0,2,23,1,26,10,19,28,1,58,124,0,124,182
02/22/2011,MSO,MT,ANM,WE,Federal Contract Tower,9,21,10,0,40,0,0,0,0,0,9,21,10,0,40,2,0,2,42
02/23/2011,MSO,MT,ANM,WE,Federal Contract Tower,13,21,7,0,41,0,0,4,0,4,13,21,11,0,45,32,0,32,77
02/24/2011,MSO,MT,ANM,WE,Federal Contract Tower,7,17,6,0,30,0,0,0,0,0,7,17,6,0,30,0,0,0,30
02/25/2011,MSO,MT,ANM,WE,Federal Contract Tower,11,20,4,0,35,0,0,11,0,11,11,20,15,0,46,6,0,6,52
02/26/2011,MSO,MT,ANM,WE,Federal Contract Tower,9,13,5,0,27,0,3,7,0,10,9,16,12,0,37,14,0,14,51
02/27/2011,MSO,MT,ANM,WE,Federal Contract Tower,8,14,5,0,27,0,28,12,0,40,8,42,17,0,67,20,0,20,87
02/28/2011,MSO,MT,ANM,WE,Federal Contract Tower,11,17,14,0,42,0,4,0,0,4,11,21,14,0,46,0,0,0,46
03/01/2011,MSO,MT,ANM,WE,Federal Contract Tower,9,19,11,0,39,0,0,4,0,4,9,19,15,0,43,14,0,14,57
03/02/2011,MSO,MT,ANM,WE,Federal Contract Tower,13,17,14,0,44,0,0,6,0,6,13,17,20,0,50,0,0,0,50
03/03/2011,MSO,MT,ANM,WE,Federal Contract Tower,9,15,12,0,36,0,2,7,0,9,9,17,19,0,45,20,0,20,65
03/04/2011,MSO,MT,ANM,WE,Federal Contract Tower,11,24,12,0,47,0,1,5,4,10,11,25,17,4,57,0,0,0,57
03/05/2011,MSO,MT,ANM,WE,Federal Contract Tower,10,23,5,0,38,0,3,1,0,4,10,26,6,0,42,4,0,4,46
03/06/2011,MSO,MT,ANM,WE,Federal Contract Tower,7,17,4,0,28,0,4,14,0,18,7,21,18,0,46,34,0,34,80
03/07/2011,MSO,MT,ANM,WE,Federal Contract Tower,12,16,12,2,42,0,3,14,0,17,12,19,26,2,59,20,0,20,79
03/08/2011,MSO,MT,ANM,WE,Federal Contract Tower,9,21,10,0,40,0,12,12,0,24,9,33,22,0,64,2,0,2,66
03/09/2011,MSO,MT,ANM,WE,Federal Contract Tower,12,14,8,0,34,0,4,4,0,8,12,18,12,0,42,0,0,0,42
03/10/2011,MSO,MT,ANM,WE,Federal Contract Tower,10,16,8,0,34,0,3,4,4,11,10,19,12,4,45,11,0,11,56
03/11/2011,MSO,MT,ANM,WE,Federal Contract Tower,12,19,14,2,47,0,7,21,0,28,12,26,35,2,75,40,4,44,119
03/12/2011,MSO,MT,ANM,WE,Federal Contract Tower,13,16,7,0,36,0,10,53,1,64,13,26,60,1,100,86,0,86,186
03/13/2011,MSO,MT,ANM,WE,Federal Contract Tower,7,13,17,2,39,0,9,37,5,51,7,22,54,7,90,70,20,90,180
03/14/2011,MSO,MT,ANM,WE,Federal Contract Tower,12,14,12,0,38,0,10,7,0,17,12,24,19,0,55,18,0,18,73
03/15/2011,MSO,MT,ANM,WE,Federal Contract Tower,8,18,14,1,41,0,2,17,0,19,8,20,31,1,60,12,0,12,72
03/16/2011,MSO,MT,ANM,WE,Federal Contract Tower,14,15,7,0,36,0,2,16,0,18,14,17,23,0,54,42,0,42,96
03/17/2011,MSO,MT,ANM,WE,Federal Contract Tower,14,20,15,0,49,0,2,4,0,6,14,22,19,0,55,24,0,24,79
03/18/2011,MSO,MT,ANM,WE,Federal Contract Tower,8,15,12,0,35,0,4,30,0,34,8,19,42,0,69,66,0,66,135
03/19/2011,MSO,MT,ANM,WE,Federal Contract Tower,15,13,3,2,33,0,0,6,0,6,15,13,9,2,39,36,0,36,75
03/20/2011,MSO,MT,ANM,WE,Federal Contract Tower,11,17,14,0,42,0,8,5,0,13,11,25,19,0,55,34,0,34,89
03/21/2011,MSO,MT,ANM,WE,Federal Contract Tower,10,18,21,0,49,0,2,9,0,11,10,20,30,0,60,40,0,40,100
03/22/2011,MSO,MT,ANM,WE,Federal Contract Tower,14,17,12,3,46,0,2,3,0,5,14,19,15,3,51,14,8,22,73
03/23/2011,MSO,MT,ANM,WE,Federal Contract Tower,16,20,16,0,52,0,7,38,0,45,16,27,54,0,97,30,0,30,127
03/24/2011,MSO,MT,ANM,WE,Federal Contract Tower,13,16,15,0,44,0,8,18,0,26,13,24,33,0,70,10,0,10,80
03/25/2011,MSO,MT,ANM,WE,Federal Contract Tower,9,21,11,0,41,0,5,5,0,10,9,26,16,0,51,10,0,10,61
03/26/2011,MSO,MT,ANM,WE,Federal Contract Tower,13,15,7,0,35,0,1,52,0,53,13,16,59,0,88,82,0,82,170
03/27/2011,MSO,MT,ANM,WE,Federal Contract Tower,9,17,5,0,31,0,4,4,0,8,9,21,9,0,39,14,0,14,53
03/28/2011,MSO,MT,ANM,WE,Federal Contract Tower,10,14,15,0,39,0,3,8,0,11,10,17,23,0,50,14,0,14,64
03/29/2011,MSO,MT,ANM,WE,Federal Contract Tower,15,21,13,0,49,0,2,10,0,12,15,23,23,0,61,56,0,56,117
03/30/2011,MSO,MT,ANM,WE,Federal Contract Tower,15,20,8,0,43,0,0,11,0,11,15,20,19,0,54,22,0,22,76
03/31/2011,MSO,MT,ANM,WE,Federal Contract Tower,12,22,21,0,55,0,6,8,0,14,12,28,29,0,69,0,0,0,69
04/01/2011,MSO,MT,ANM,WE,Federal Contract Tower,12,18,9,0,39,0,2,19,1,22,12,20,28,1,61,48,0,48,109
04/02/2011,MSO,MT,ANM,WE,Federal Contract Tower,16,7,7,0,30,0,0,5,0,5,16,7,12,0,35,0,0,0,35
04/03/2011,MSO,MT,ANM,WE,Federal Contract Tower,11,14,6,0,31,0,0,3,0,3,11,14,9,0,34,0,0,0,34
04/04/2011,MSO,MT,ANM,WE,Federal Contract Tower,12,13,9,0,34,0,4,11,0,15,12,17,20,0,49,20,0,20,69
04/05/2011,MSO,MT,ANM,WE,Federal Contract Tower,16,22,8,0,46,0,4,4,0,8,16,26,12,0,54,0,0,0,54
04/06/2011,MSO,MT,ANM,WE,Federal Contract Tower,14,13,13,0,40,0,4,21,0,25,14,17,34,0,65,50,0,50,115
04/07/2011,MSO,MT,ANM,WE,Federal Contract Tower,12,16,14,0,42,0,4,34,0,38,12,20,48,0,80,8,0,8,88
04/08/2011,MSO,MT,ANM,WE,Federal Contract Tower,14,21,13,0,48,0,0,19,0,19,14,21,32,0,67,44,0,44,111
04/09/2011,MSO,MT,ANM,WE,Federal Contract Tower,14,12,8,0,34,0,4,49,0,53,14,16,57,0,87,60,0,60,147
04/10/2011,MSO,MT,ANM,WE,Federal Contract Tower,9,13,7,0,29,0,8,19,0,27,9,21,26,0,56,52,0,52,108
04/11/2011,MSO,MT,ANM,WE,Federal Contract Tower,14,13,9,0,36,0,5,14,0,19,14,18,23,0,55,28,0,28,83
04/12/2011,MSO,MT,ANM,WE,Federal Contract Tower,10,20,9,6,45,0,3,49,2,54,10,23,58,8,99,30,0,30,129
04/13/2011,MSO,MT,ANM,WE,Federal Contract Tower,14,15,20,0,49,0,4,33,0,37,14,19,53,0,86,18,0,18,104
04/14/2011,MSO,MT,ANM,WE,Federal Contract Tower,10,21,8,0,39,0,1,8,0,9,10,22,16,0,48,10,0,10,58
04/15/2011,MSO,MT,ANM,WE,Federal Contract Tower,10,19,8,2,39,0,2,15,0,17,10,21,23,2,56,34,26,60,116
04/16/2011,MSO,MT,ANM,WE,Federal Contract Tower,12,12,3,0,27,0,4,10,0,14,12,16,13,0,41,4,0,4,45
04/17/2011,MSO,MT,ANM,WE,Federal Contract Tower,8,13,10,0,31,0,4,8,0,12,8,17,18,0,43,0,0,0,43
04/18/2011,MSO,MT,ANM,WE,Federal Contract Tower,12,11,18,0,41,0,6,39,0,45,12,17,57,0,86,18,0,18,104
04/19/2011,MSO,MT,ANM,WE,Federal Contract Tower,10,19,16,0,45,0,0,10,0,10,10,19,26,0,55,16,0,16,71
04/20/2011,MSO,MT,ANM,WE,Federal Contract Tower,13,18,23,0,54,0,10,65,0,75,13,28,88,0,129,48,0,48,177
04/21/2011,MSO,MT,ANM,WE,Federal Contract Tower,10,18,7,0,35,0,0,4,0,4,10,18,11,0,39,0,0,0,39
04/22/2011,MSO,MT,ANM,WE,Federal Contract Tower,12,18,10,0,40,0,1,13,2,16,12,19,23,2,56,8,0,8,64
04/23/2011,MSO,MT,ANM,WE,Federal Contract Tower,14,16,11,0,41,0,2,78,0,80,14,18,89,0,121,71,0,71,192
04/24/2011,MSO,MT,ANM,WE,Federal Contract Tower,8,16,7,0,31,0,1,43,0,44,8,17,50,0,75,70,0,70,145
04/25/2011,MSO,MT,ANM,WE,Federal Contract Tower,9,22,11,0,42,0,7,29,0,36,9,29,40,0,78,0,0,0,78
04/26/2011,MSO,MT,ANM,WE,Federal Contract Tower,12,21,7,0,40,0,2,17,0,19,12,23,24,0,59,14,0,14,73
04/27/2011,MSO,MT,ANM,WE,Federal Contract Tower,14,23,19,0,56,0,8,46,0,54,14,31,65,0,110,16,0,16,126
04/28/2011,MSO,MT,ANM,WE,Federal Contract Tower,10,19,11,1,41,0,4,22,0,26,10,23,33,1,67,16,0,16,83
04/29/2011,MSO,MT,ANM,WE,Federal Contract Tower,11,21,5,0,37,0,5,8,0,13,11,26,13,0,50,14,0,14,64
04/30/2011,MSO,MT,ANM,WE,Federal Contract Tower,14,9,14,0,37,0,6,16,0,22,14,15,30,0,59,30,0,30,89
05/01/2011,MSO,MT,ANM,WE,Federal Contract Tower,7,18,5,2,32,0,8,32,0,40,7,26,37,2,72,70,0,70,142
05/02/2011,MSO,MT,ANM,WE,Federal Contract Tower,11,16,1,0,28,0,9,46,0,55,11,25,47,0,83,36,0,36,119
05/03/2011,MSO,MT,ANM,WE,Federal Contract Tower,9,22,8,0,39,0,3,8,0,11,9,25,16,0,50,30,0,30,80
05/04/2011,MSO,MT,ANM,WE,Federal Contract Tower,13,15,8,0,36,0,8,52,0,60,13,23,60,0,96,46,0,46,142
05/05/2011,MSO,MT,ANM,WE,Federal Contract Tower,9,23,19,0,51,0,8,45,0,53,9,31,64,0,104,10,0,10,114
05/06/2011,MSO,MT,ANM,WE,Federal Contract Tower,13,16,11,0,40,0,2,44,3,49,13,18,55,3,89,26,0,26,115
05/07/2011,MSO,MT,ANM,WE,Federal Contract Tower,12,14,9,0,35,0,2,14,0,16,12,16,23,0,51,28,0,28,79
05/08/2011,MSO,MT,ANM,WE,Federal Contract Tower,7,18,9,0,34,0,4,17,0,21,7,22,26,0,55,46,0,46,101
05/09/2011,MSO,MT,ANM,WE,Federal Contract Tower,11,15,17,0,43,0,0,6,0,6,11,15,23,0,49,0,0,0,49
05/10/2011,MSO,MT,ANM,WE,Federal Contract Tower,11,20,23,4,58,0,6,36,0,42,11,26,59,4,100,0,2,2,102
05/11/2011,MSO,MT,ANM,WE,Federal Contract Tower,13,19,18,0,50,0,15,68,0,83,13,34,86,0,133,62,0,62,195
05/12/2011,MSO,MT,ANM,WE,Federal Contract Tower,8,15,14,0,37,0,15,28,2,45,8,30,42,2,82,50,0,50,132
05/13/2011,MSO,MT,ANM,WE,Federal Contract Tower,11,18,9,4,42,0,14,50,2,66,11,32,59,6,108,20,4,24,132
05/14/2011,MSO,MT,ANM,WE,Federal Contract Tower,13,17,13,1,44,0,4,26,0,30,13,21,39,1,74,0,0,0,74
05/15/2011,MSO,MT,ANM,WE,Federal Contract Tower,7,17,11,3,38,0,2,10,0,12,7,19,21,3,50,0,0,0,50
05/16/2011,MSO,MT,ANM,WE,Federal Contract Tower,11,16,6,2,35,0,6,9,0,15,11,22,15,2,50,0,18,18,68
05/17/2011,MSO,MT,ANM,WE,Federal Contract Tower,8,16,12,0,36,0,11,25,0,36,8,27,37,0,72,56,0,56,128
05/18/2011,MSO,MT,ANM,WE,Federal Contract Tower,11,18,23,0,52,0,9,22,0,31,11,27,45,0,83,32,0,32,115
05/19/2011,MSO,MT,ANM,WE,Federal Contract Tower,9,24,14,1,48,0,25,34,0,59,9,49,48,1,107,32,0,32,139
05/20/2011,MSO,MT,ANM,WE,Federal Contract Tower,13,18,8,0,39,0,5,34,0,39,13,23,42,0,78,34,0,34,112
05/21/2011,MSO,MT,ANM,WE,Federal Contract Tower,10,13,5,0,28,0,10,38,0,48,10,23,43,0,76,108,0,108,184
05/22/2011,MSO,MT,ANM,WE,Federal Contract Tower,7,16,7,0,30,0,2,25,0,27,7,18,32,0,57,30,0,30,87
05/23/2011,MSO,MT,ANM,WE,Federal Contract Tower,13,14,10,0,37,0,4,21,0,25,13,18,31,0,62,60,0,60,122
05/24/2011,MSO,MT,ANM,WE,Federal Contract Tower,9,19,7,0,35,0,0,1,0,1,9,19,8,0,36,44,0,44,80
05/25/2011,MSO,MT,ANM,WE,Federal Contract Tower,9,22,11,0,42,0,9,29,2,40,9,31,40,2,82,30,0,30,112
05/26/2011,MSO,MT,ANM,WE,Federal Contract Tower,9,21,8,0,38,0,2,1,0,3,9,23,9,0,41,0,0,0,41
05/27/2011,MSO,MT,ANM,WE,Federal Contract Tower,12,18,10,0,40,0,4,19,0,23,12,22,29,0,63,18,0,18,81
05/28/2011,MSO,MT,ANM,WE,Federal Contract Tower,13,14,12,0,39,0,7,40,1,48,13,21,52,1,87,46,0,46,133
05/29/2011,MSO,MT,ANM,WE,Federal Contract Tower,8,18,4,0,30,0,4,11,0,15,8,22,15,0,45,20,0,20,65
05/30/2011,MSO,MT,ANM,WE,Federal Contract Tower,14,12,5,0,31,0,23,10,0,33,14,35,15,0,64,20,0,20,84
05/31/2011,MSO,MT,ANM,WE,Federal Contract Tower,9,16,14,0,39,0,9,55,5,69,9,25,69,5,108,6,0,6,114
06/01/2011,MSO,MT,ANM,WE,Federal Contract Tower,11,18,9,0,38,0,5,15,0,20,11,23,24,0,58,38,0,38,96
06/02/2011,MSO,MT,ANM,WE,Federal Contract Tower,9,16,16,0,41,0,0,1,0,1,9,16,17,0,42,18,0,18,60
06/03/2011,MSO,MT,ANM,WE,Federal Contract Tower,13,23,14,0,50,0,5,23,1,29,13,28,37,1,79,18,0,18,97
06/04/2011,MSO,MT,ANM,WE,Federal Contract Tower,12,14,11,0,37,0,9,82,4,95,12,23,93,4,132,40,0,40,172
06/05/2011,MSO,MT,ANM,WE,Federal Contract Tower,9,17,10,0,36,0,8,63,6,77,9,25,73,6,113,46,0,46,159
06/06/2011,MSO,MT,ANM,WE,Federal Contract Tower,16,14,7,0,37,0,1,20,0,21,16,15,27,0,58,8,0,8,66
06/07/2011,MSO,MT,ANM,WE,Federal Contract Tower,12,18,22,2,54,0,1,3,0,4,12,19,25,2,58,26,0,26,84
06/08/2011,MSO,MT,ANM,WE,Federal Contract Tower,15,22,10,0,47,0,0,5,0,5,15,22,15,0,52,0,0,0,52
06/09/2011,MSO,MT,ANM,WE,Federal Contract Tower,13,28,11,2,54,0,2,9,0,11,13,30,20,2,65,6,20,26,91
06/10/2011,MSO,MT,ANM,WE,Federal Contract Tower,18,29,11,0,58,0,5,62,0,67,18,34,73,0,125,22,0,22,147
06/11/2011,MSO,MT,ANM,WE,Federal Contract Tower,14,23,11,2,50,0,7,19,1,27,14,30,30,3,77,10,20,30,107
06/12/2011,MSO,MT,ANM,WE,Federal Contract Tower,12,31,7,0,50,0,7,32,0,39,12,38,39,0,89,12,0,12,101
06/13/2011,MSO,MT,ANM,WE,Federal Contract Tower,20,24,4,0,48,0,8,12,6,26,20,32,16,6,74,8,0,8,82
06/14/2011,MSO,MT,ANM,WE,Federal Contract Tower,11,29,14,8,62,0,7,39,2,48,11,36,53,10,110,10,0,10,120
06/15/2011,MSO,MT,ANM,WE,Federal Contract Tower,20,26,12,0,58,0,4,24,0,28,20,30,36,0,86,0,0,0,86
06/16/2011,MSO,MT,ANM,WE,Federal Contract Tower,13,26,15,0,54,0,3,14,0,17,13,29,29,0,71,2,0,2,73
06/17/2011,MSO,MT,ANM,WE,Federal Contract Tower,16,28,9,0,53,0,4,22,0,26,16,32,31,0,79,34,0,34,113
06/18/2011,MSO,MT,ANM,WE,Federal Contract Tower,15,24,8,0,47,0,1,35,0,36,15,25,43,0,83,20,0,20,103
06/19/2011,MSO,MT,ANM,WE,Federal Contract Tower,13,29,8,0,50,0,2,13,0,15,13,31,21,0,65,38,0,38,103
06/20/2011,MSO,MT,ANM,WE,Federal Contract Tower,18,29,23,0,70,0,11,37,0,48,18,40,60,0,118,20,0,20,138
06/21/2011,MSO,MT,ANM,WE,Federal Contract Tower,13,26,15,0,54,0,13,57,0,70,13,39,72,0,124,28,0,28,152
06/22/2011,MSO,MT,ANM,WE,Federal Contract Tower,14,27,17,0,58,0,12,64,1,77,14,39,81,1,135,38,0,38,173
06/23/2011,MSO,MT,ANM,WE,Federal Contract Tower,12,35,30,0,77,0,12,48,3,63,12,47,78,3,140,12,20,32,172
06/24/2011,MSO,MT,ANM,WE,Federal Contract Tower,16,26,13,0,55,0,16,52,4,72,16,42,65,4,127,30,2,32,159
06/25/2011,MSO,MT,ANM,WE,Federal Contract Tower,15,24,11,0,50,0,9,60,0,69,15,33,71,0,119,32,0,32,151
06/26/2011,MSO,MT,ANM,WE,Federal Contract Tower,13,31,7,0,51,0,5,55,1,61,13,36,62,1,112,10,10,20,132
06/27/2011,MSO,MT,ANM,WE,Federal Contract Tower,18,20,12,0,50,0,7,28,0,35,18,27,40,0,85,14,0,14,99
06/28/2011,MSO,MT,ANM,WE,Federal Contract Tower,12,30,12,0,54,0,5,37,0,42,12,35,49,0,96,8,0,8,104
06/29/2011,MSO,MT,ANM,WE,Federal Contract Tower,17,33,13,0,63,0,1,30,0,31,17,34,43,0,94,24,0,24,118
06/30/2011,MSO,MT,ANM,WE,Federal Contract Tower,11,29,17,8,65,0,5,33,0,38,11,34,50,8,103,86,6,92,195
07/01/2011,MSO,MT,ANM,WE,Federal Contract Tower,16,31,18,0,65,0,9,73,0,82,16,40,91,0,147,24,0,24,171
07/02/2011,MSO,MT,ANM,WE,Federal Contract Tower,19,23,18,0,60,0,10,49,0,59,19,33,67,0,119,8,0,8,127
07/03/2011,MSO,MT,ANM,WE,Federal Contract Tower,16,15,11,0,42,0,2,30,0,32,16,17,41,0,74,20,0,20,94
07/04/2011,MSO,MT,ANM,WE,Federal Contract Tower,16,19,14,0,49,0,14,52,0,66,16,33,66,0,115,32,0,32,147
07/05/2011,MSO,MT,ANM,WE,Federal Contract Tower,14,26,28,1,69,0,13,48,0,61,14,39,76,1,130,0,0,0,130
07/06/2011,MSO,MT,ANM,WE,Federal Contract Tower,17,25,15,0,57,0,11,48,0,59,17,36,63,0,116,20,0,20,136
07/07/2011,MSO,MT,ANM,WE,Federal Contract Tower,12,29,25,0,66,0,4,43,2,49,12,33,68,2,115,14,0,14,129
07/08/2011,MSO,MT,ANM,WE,Federal Contract Tower,18,30,8,2,58,0,9,65,2,76,18,39,73,4,134,28,0,28,162
07/09/2011,MSO,MT,ANM,WE,Federal Contract Tower,16,26,10,1,53,0,5,79,1,85,16,31,89,2,138,24,0,24,162
07/10/2011,MSO,MT,ANM,WE,Federal Contract Tower,13,27,11,2,53,0,7,54,0,61,13,34,65,2,114,32,0,32,146
07/11/2011,MSO,MT,ANM,WE,Federal Contract Tower,18,27,21,0,66,0,4,50,0,54,18,31,71,0,120,54,0,54,174
07/12/2011,MSO,MT,ANM,WE,Federal Contract Tower,12,27,19,0,58,0,9,31,0,40,12,36,50,0,98,28,0,28,126
07/13/2011,MSO,MT,ANM,WE,Federal Contract Tower,18,29,10,0,57,0,22,16,0,38,18,51,26,0,95,32,0,32,127
07/14/2011,MSO,MT,ANM,WE,Federal Contract Tower,12,30,17,0,59,0,19,24,2,45,12,49,41,2,104,38,0,38,142
07/15/2011,MSO,MT,ANM,WE,Federal Contract Tower,17,25,10,2,54,0,2,73,0,75,17,27,83,2,129,62,16,78,207
07/16/2011,MSO,MT,ANM,WE,Federal Contract Tower,19,22,15,4,60,0,8,42,3,53,19,30,57,7,113,38,24,62,175
07/17/2011,MSO,MT,ANM,WE,Federal Contract Tower,13,31,17,2,63,0,12,60,2,74,13,43,77,4,137,28,10,38,175
07/18/2011,MSO,MT,ANM,WE,Federal Contract Tower,18,23,13,2,56,0,9,38,0,47,18,32,51,2,103,30,0,30,133
07/19/2011,MSO,MT,ANM,WE,Federal Contract Tower,14,23,17,0,54,0,0,37,0,37,14,23,54,0,91,30,0,30,121
07/20/2011,MSO,MT,ANM,WE,Federal Contract Tower,18,29,22,0,69,0,2,50,0,52,18,31,72,0,121,16,2,18,139
07/21/2011,MSO,MT,ANM,WE,Federal Contract Tower,12,27,17,0,56,0,4,36,0,40,12,31,53,0,96,38,0,38,134
07/22/2011,MSO,MT,ANM,WE,Federal Contract Tower,18,28,24,0,70,0,4,54,0,58,18,32,78,0,128,30,0,30,158
07/23/2011,MSO,MT,ANM,WE,Federal Contract Tower,16,30,6,1,53,0,1,76,0,77,16,31,82,1,130,36,0,36,166
07/24/2011,MSO,MT,ANM,WE,Federal Contract Tower,13,31,13,0,57,0,11,76,0,87,13,42,89,0,144,22,0,22,166
07/25/2011,MSO,MT,ANM,WE,Federal Contract Tower,18,23,20,0,61,0,5,41,0,46,18,28,61,0,107,44,0,44,151
07/26/2011,MSO,MT,ANM,WE,Federal Contract Tower,12,39,14,0,65,0,8,37,0,45,12,47,51,0,110,14,0,14,124
07/27/2011,MSO,MT,ANM,WE,Federal Contract Tower,18,30,16,0,64,0,12,50,0,62,18,42,66,0,126,98,0,98,224
07/28/2011,MSO,MT,ANM,WE,Federal Contract Tower,12,30,5,0,47,0,33,49,0,82,12,63,54,0,129,90,0,90,219
07/29/2011,MSO,MT,ANM,WE,Federal Contract Tower,18,26,15,1,60,0,3,70,2,75,18,29,85,3,135,32,0,32,167
07/30/2011,MSO,MT,ANM,WE,Federal Contract Tower,16,29,15,0,60,0,4,52,2,58,16,33,67,2,118,50,0,50,168
07/31/2011,MSO,MT,ANM,WE,Federal Contract Tower,13,27,16,0,56,0,0,55,0,55,13,27,71,0,111,18,0,18,129
08/01/2011,MSO,MT,ANM,WE,Federal Contract Tower,19,29,11,2,61,0,18,50,0,68,19,47,61,2,129,12,20,32,161
08/02/2011,MSO,MT,ANM,WE,Federal Contract Tower,12,27,19,0,58,0,9,49,0,58,12,36,68,0,116,10,0,10,126
08/03/2011,MSO,MT,ANM,WE,Federal Contract Tower,14,31,12,0,57,0,6,49,0,55,14,37,61,0,112,74,0,74,186
08/04/2011,MSO,MT,ANM,WE,Federal Contract Tower,12,28,25,0,65,0,8,44,0,52,12,36,69,0,117,60,0,60,177
08/05/2011,MSO,MT,ANM,WE,Federal Contract Tower,17,28,22,0,67,0,2,79,0,81,17,30,101,0,148,46,0,46,194
08/06/2011,MSO,MT,ANM,WE,Federal Contract Tower,15,32,14,0,61,0,9,63,1,73,15,41,77,1,134,32,0,32,166
08/07/2011,MSO,MT,ANM,WE,Federal Contract Tower,14,24,23,0,61,0,13,64,1,78,14,37,87,1,139,36,0,36,175
08/08/2011,MSO,MT,ANM,WE,Federal Contract Tower,18,30,11,0,59,0,5,79,0,84,18,35,90,0,143,60,0,60,203
08/09/2011,MSO,MT,ANM,WE,Federal Contract Tower,12,28,14,0,54,0,10,58,0,68,12,38,72,0,122,18,0,18,140
08/10/2011,MSO,MT,ANM,WE,Federal Contract Tower,16,27,21,0,64,0,3,78,0,81,16,30,99,0,145,42,0,42,187
08/11/2011,MSO,MT,ANM,WE,Federal Contract Tower,12,27,13,0,52,0,18,44,1,63,12,45,57,1,115,12,0,12,127
08/12/2011,MSO,MT,ANM,WE,Federal Contract Tower,16,31,12,4,63,0,1,67,0,68,16,32,79,4,131,42,28,70,201
08/13/2011,MSO,MT,ANM,WE,Federal Contract Tower,16,31,9,1,57,0,13,47,0,60,16,44,56,1,117,0,0,0,117
08/14/2011,MSO,MT,ANM,WE,Federal Contract Tower,13,26,21,2,62,0,13,56,0,69,13,39,77,2,131,10,4,14,145
08/15/2011,MSO,MT,ANM,WE,Federal Contract Tower,18,31,25,0,74,0,16,45,0,61,18,47,70,0,135,20,0,20,155
08/16/2011,MSO,MT,ANM,WE,Federal Contract Tower,12,25,12,2,51,0,9,54,0,63,12,34,66,2,114,88,4,92,206
08/17/2011,MSO,MT,ANM,WE,Federal Contract Tower,13,27,16,0,56,0,13,50,1,64,13,40,66,1,120,12,0,12,132
08/18/2011,MSO,MT,ANM,WE,Federal Contract Tower,14,27,13,0,54,0,13,49,7,69,14,40,62,7,123,24,0,24,147
08/19/2011,MSO,MT,ANM,WE,Federal Contract Tower,12,29,8,0,49,0,12,64,0,76,12,41,72,0,125,46,0,46,171
08/20/2011,MSO,MT,ANM,WE,Federal Contract Tower,18,30,16,0,64,0,5,54,0,59,18,35,70,0,123,60,0,60,183
08/21/2011,MSO,MT,ANM,WE,Federal Contract Tower,15,30,15,1,61,0,13,49,0,62,15,43,64,1,123,26,0,26,149
08/22/2011,MSO,MT,ANM,WE,Federal Contract Tower,18,28,16,0,62,0,16,49,0,65,18,44,65,0,127,8,0,8,135
08/23/2011,MSO,MT,ANM,WE,Federal Contract Tower,15,28,15,0,58,0,73,58,0,131,15,101,73,0,189,8,0,8,197
08/24/2011,MSO,MT,ANM,WE,Federal Contract Tower,14,22,15,0,51,0,22,47,0,69,14,44,62,0,120,36,0,36,156
08/25/2011,MSO,MT,ANM,WE,Federal Contract Tower,14,39,17,0,70,0,18,57,0,75,14,57,74,0,145,14,0,14,159
08/26/2011,MSO,MT,ANM,WE,Federal Contract Tower,16,26,17,1,60,0,26,89,0,115,16,52,106,1,175,64,0,64,239
08/27/2011,MSO,MT,ANM,WE,Federal Contract Tower,17,23,10,2,52,0,30,78,3,111,17,53,88,5,163,4,0,4,167
08/28/2011,MSO,MT,ANM,WE,Federal Contract Tower,13,19,12,1,45,0,59,56,1,116,13,78,68,2,161,14,0,14,175
08/29/2011,MSO,MT,ANM,WE,Federal Contract Tower,12,28,11,0,51,0,51,38,0,89,12,79,49,0,140,8,0,8,148
08/30/2011,MSO,MT,ANM,WE,Federal Contract Tower,9,25,12,0,46,0,29,85,0,114,9,54,97,0,160,40,0,40,200
08/31/2011,MSO,MT,ANM,WE,Federal Contract Tower,12,26,10,0,48,0,21,18,0,39,12,47,28,0,87,2,0,2,89
09/01/2011,MSO,MT,ANM,WE,Federal Contract Tower,8,27,18,0,53,0,4,33,0,37,8,31,51,0,90,26,0,26,116
09/02/2011,MSO,MT,ANM,WE,Federal Contract Tower,14,29,6,0,49,0,8,48,0,56,14,37,54,0,105,2,0,2,107
09/03/2011,MSO,MT,ANM,WE,Federal Contract Tower,10,19,3,0,32,0,9,42,0,51,10,28,45,0,83,24,0,24,107
09/04/2011,MSO,MT,ANM,WE,Federal Contract Tower,8,14,3,0,25,0,10,73,0,83,8,24,76,0,108,32,0,32,140
09/05/2011,MSO,MT,ANM,WE,Federal Contract Tower,14,18,16,0,48,0,30,75,0,105,14,48,91,0,153,42,0,42,195
09/06/2011,MSO,MT,ANM,WE,Federal Contract Tower,8,24,8,0,40,0,16,54,0,70,8,40,62,0,110,42,0,42,152
09/07/2011,MSO,MT,ANM,WE,Federal Contract Tower,10,25,12,0,47,0,20,50,0,70,10,45,62,0,117,32,0,32,149
09/08/2011,MSO,MT,ANM,WE,Federal Contract Tower,8,20,19,1,48,0,20,41,1,62,8,40,60,2,110,52,6,58,168
09/09/2011,MSO,MT,ANM,WE,Federal Contract Tower,16,25,9,2,52,0,9,73,0,82,16,34,82,2,134,34,20,54,188
09/10/2011,MSO,MT,ANM,WE,Federal Contract Tower,9,16,11,0,36,0,10,60,0,70,9,26,71,0,106,6,0,6,112
09/11/2011,MSO,MT,ANM,WE,Federal Contract Tower,12,10,20,0,42,0,31,56,0,87,12,41,76,0,129,10,0,10,139
09/12/2011,MSO,MT,ANM,WE,Federal Contract Tower,16,16,18,0,50,0,26,56,0,82,16,42,74,0,132,0,0,0,132
09/13/2011,MSO,MT,ANM,WE,Federal Contract Tower,4,3,3,0,10,0,18,12,0,30,4,21,15,0,40,20,0,20,60
09/14/2011,MSO,MT,ANM,WE,Federal Contract Tower,0,2,1,0,3,0,7,1,0,8,0,9,2,0,11,0,0,0,11
09/15/2011,MSO,MT,ANM,WE,Federal Contract Tower,10,22,15,2,49,0,4,53,3,60,10,26,68,5,109,26,12,38,147
09/16/2011,MSO,MT,ANM,WE,Federal Contract Tower,11,29,11,2,53,0,4,52,1,57,11,33,63,3,110,70,0,70,180
09/17/2011,MSO,MT,ANM,WE,Federal Contract Tower,6,16,19,0,41,0,8,27,0,35,6,24,46,0,76,16,0,16,92
09/18/2011,MSO,MT,ANM,WE,Federal Contract Tower,9,19,15,2,45,0,10,12,0,22,9,29,27,2,67,14,16,30,97
09/19/2011,MSO,MT,ANM,WE,Federal Contract Tower,13,20,12,0,45,0,0,9,2,11,13,20,21,2,56,38,0,38,94
09/20/2011,MSO,MT,ANM,WE,Federal Contract Tower,9,21,15,0,45,0,10,338,0,348,9,31,353,0,393,0,0,0,393
09/21/2011,MSO,MT,ANM,WE,Federal Contract Tower,8,24,18,0,50,0,14,33,0,47,8,38,51,0,97,44,0,44,141
09/22/2011,MSO,MT,ANM,WE,Federal Contract Tower,11,25,9,0,45,0,4,39,0,43,11,29,48,0,88,36,2,38,126
09/23/2011,MSO,MT,ANM,WE,Federal Contract Tower,14,22,19,1,56,0,7,55,2,64,14,29,74,3,120,54,0,54,174
09/24/2011,MSO,MT,ANM,WE,Federal Contract Tower,6,15,9,0,30,0,7,59,1,67,6,22,68,1,97,28,0,28,125
09/25/2011,MSO,MT,ANM,WE,Federal Contract Tower,9,19,12,0,40,0,15,29,0,44,9,34,41,0,84,24,0,24,108
09/26/2011,MSO,MT,ANM,WE,Federal Contract Tower,12,22,5,0,39,0,18,21,0,39,12,40,26,0,78,26,0,26,104
09/27/2011,MSO,MT,ANM,WE,Federal Contract Tower,8,25,21,0,54,0,8,26,0,34,8,33,47,0,88,24,0,24,112
09/28/2011,MSO,MT,ANM,WE,Federal Contract Tower,10,25,15,0,50,0,24,48,0,72,10,49,63,0,122,20,0,20,142
09/29/2011,MSO,MT,ANM,WE,Federal Contract Tower,9,20,17,0,46,0,6,44,0,50,9,26,61,0,96,44,0,44,140
09/30/2011,MSO,MT,ANM,WE,Federal Contract Tower,15,21,15,0,51,0,8,40,0,48,15,29,55,0,99,28,0,28,127
10/01/2011,MSO,MT,ANM,WE,Federal Contract Tower,9,17,9,2,37,0,6,31,1,38,9,23,40,3,75,28,14,42,117
10/02/2011,MSO,MT,ANM,WE,Federal Contract Tower,8,19,21,1,49,0,7,27,0,34,8,26,48,1,83,28,0,28,111
10/03/2011,MSO,MT,ANM,WE,Federal Contract Tower,11,17,5,0,33,0,11,27,0,38,11,28,32,0,71,28,0,28,99
10/04/2011,MSO,MT,ANM,WE,Federal Contract Tower,7,21,15,0,43,0,5,2,0,7,7,26,17,0,50,46,0,46,96
10/05/2011,MSO,MT,ANM,WE,Federal Contract Tower,10,28,12,2,52,0,3,7,0,10,10,31,19,2,62,0,0,0,62
10/06/2011,MSO,MT,ANM,WE,Federal Contract Tower,7,26,11,0,44,0,2,0,0,2,7,28,11,0,46,0,0,0,46
10/07/2011,MSO,MT,ANM,WE,Federal Contract Tower,11,20,12,0,43,0,12,0,0,12,11,32,12,0,55,32,0,32,87
10/08/2011,MSO,MT,ANM,WE,Federal Contract Tower,7,16,10,0,33,0,4,35,0,39,7,20,45,0,72,20,0,20,92
10/09/2011,MSO,MT,ANM,WE,Federal Contract Tower,9,18,9,0,36,0,12,39,0,51,9,30,48,0,87,20,0,20,107
10/10/2011,MSO,MT,ANM,WE,Federal Contract Tower,11,21,10,0,42,0,5,11,0,16,11,26,21,0,58,18,0,18,76
10/11/2011,MSO,MT,ANM,WE,Federal Contract Tower,7,16,16,0,39,0,1,6,0,7,7,17,22,0,46,0,0,0,46
10/12/2011,MSO,MT,ANM,WE,Federal Contract Tower,9,22,13,0,44,0,5,15,0,20,9,27,28,0,64,30,0,30,94
10/13/2011,MSO,MT,ANM,WE,Federal Contract Tower,7,19,12,0,38,0,2,43,0,45,7,21,55,0,83,36,0,36,119
10/14/2011,MSO,MT,ANM,WE,Federal Contract Tower,12,20,8,0,40,0,0,7,2,9,12,20,15,2,49,0,0,0,49
10/15/2011,MSO,MT,ANM,WE,Federal Contract Tower,9,19,4,0,32,0,0,4,0,4,9,19,8,0,36,24,0,24,60
10/16/2011,MSO,MT,ANM,WE,Federal Contract Tower,8,16,6,0,30,0,1,1,0,2,8,17,7,0,32,14,0,14,46
10/17/2011,MSO,MT,ANM,WE,Federal Contract Tower,11,20,13,0,44,0,3,12,0,15,11,23,25,0,59,30,0,30,89
10/18/2011,MSO,MT,ANM,WE,Federal Contract Tower,7,22,14,0,43,0,2,21,0,23,7,24,35,0,66,10,0,10,76
10/19/2011,MSO,MT,ANM,WE,Federal Contract Tower,10,22,9,0,41,0,3,21,2,26,10,25,30,2,67,20,0,20,87
10/20/2011,MSO,MT,ANM,WE,Federal Contract Tower,7,26,22,0,55,0,2,23,0,25,7,28,45,0,80,28,0,28,108
10/21/2011,MSO,MT,ANM,WE,Federal Contract Tower,13,24,17,4,58,0,0,9,0,9,13,24,26,4,67,18,2,20,87
10/22/2011,MSO,MT,ANM,WE,Federal Contract Tower,8,14,8,0,30,0,6,2,0,8,8,20,10,0,38,2,0,2,40
10/23/2011,MSO,MT,ANM,WE,Federal Contract Tower,8,16,9,0,33,0,8,9,0,17,8,24,18,0,50,24,0,24,74
10/24/2011,MSO,MT,ANM,WE,Federal Contract Tower,11,21,19,0,51,0,4,6,0,10,11,25,25,0,61,10,0,10,71
10/25/2011,MSO,MT,ANM,WE,Federal Contract Tower,7,19,3,0,29,0,4,8,0,12,7,23,11,0,41,32,0,32,73
10/26/2011,MSO,MT,ANM,WE,Federal Contract Tower,9,15,10,0,34,0,4,23,0,27,9,19,33,0,61,48,0,48,109
10/27/2011,MSO,MT,ANM,WE,Federal Contract Tower,7,20,9,0,36,0,1,22,4,27,7,21,31,4,63,18,0,18,81
10/28/2011,MSO,MT,ANM,WE,Federal Contract Tower,12,25,8,0,45,0,2,23,0,25,12,27,31,0,70,46,0,46,116
10/29/2011,MSO,MT,ANM,WE,Federal Contract Tower,7,20,7,0,34,0,10,8,0,18,7,30,15,0,52,0,0,0,52
10/30/2011,MSO,MT,ANM,WE,Federal Contract Tower,7,18,4,0,29,0,22,37,0,59,7,40,41,0,88,50,0,50,138
10/31/2011,MSO,MT,ANM,WE,Federal Contract Tower,11,16,4,0,31,0,5,3,0,8,11,21,7,0,39,2,0,2,41
11/01/2011,MSO,MT,ANM,WE,Federal Contract Tower,7,18,7,0,32,0,2,19,4,25,7,20,26,4,57,18,0,18,75
11/02/2011,MSO,MT,ANM,WE,Federal Contract Tower,9,19,9,0,37,0,5,29,0,34,9,24,38,0,71,48,0,48,119
11/03/2011,MSO,MT,ANM,WE,Federal Contract Tower,8,19,14,0,41,0,4,22,0,26,8,23,36,0,67,32,0,32,99
11/04/2011,MSO,MT,ANM,WE,Federal Contract Tower,10,22,10,0,42,0,0,1,0,1,10,22,11,0,43,4,0,4,47
11/05/2011,MSO,MT,ANM,WE,Federal Contract Tower,8,14,4,1,27,0,0,8,1,9,8,14,12,2,36,16,0,16,52
11/06/2011,MSO,MT,ANM,WE,Federal Contract Tower,10,13,4,1,28,0,0,16,0,16,10,13,20,1,44,4,2,6,50
11/07/2011,MSO,MT,ANM,WE,Federal Contract Tower,11,23,15,0,49,0,4,5,0,9,11,27,20,0,58,2,0,2,60
11/08/2011,MSO,MT,ANM,WE,Federal Contract Tower,8,19,5,0,32,0,3,1,0,4,8,22,6,0,36,0,0,0,36
11/09/2011,MSO,MT,ANM,WE,Federal Contract Tower,12,20,14,0,46,0,9,26,0,35,12,29,40,0,81,40,0,40,121
11/10/2011,MSO,MT,ANM,WE,Federal Contract Tower,10,17,2,0,29,0,26,1,0,27,10,43,3,0,56,48,0,48,104
11/11/2011,MSO,MT,ANM,WE,Federal Contract Tower,9,19,8,0,36,0,5,15,0,20,9,24,23,0,56,38,0,38,94
11/12/2011,MSO,MT,ANM,WE,Federal Contract Tower,10,15,6,0,31,0,3,7,0,10,10,18,13,0,41,10,0,10,51
11/13/2011,MSO,MT,ANM,WE,Federal Contract Tower,10,13,7,0,30,0,1,0,0,1,10,14,7,0,31,0,0,0,31
11/14/2011,MSO,MT,ANM,WE,Federal Contract Tower,11,17,9,0,37,0,0,1,0,1,11,17,10,0,38,0,0,0,38
11/15/2011,MSO,MT,ANM,WE,Federal Contract Tower,10,17,16,0,43,0,1,2,0,3,10,18,18,0,46,0,0,0,46
11/16/2011,MSO,MT,ANM,WE,Federal Contract Tower,10,17,11,2,40,0,10,15,0,25,10,27,26,2,65,20,32,52,117
11/17/2011,MSO,MT,ANM,WE,Federal Contract Tower,12,20,12,0,44,0,2,0,0,2,12,22,12,0,46,0,0,0,46
11/18/2011,MSO,MT,ANM,WE,Federal Contract Tower,12,19,11,0,42,0,0,4,0,4,12,19,15,0,46,12,0,12,58
11/19/2011,MSO,MT,ANM,WE,Federal Contract Tower,7,15,1,0,23,0,2,1,0,3,7,17,2,0,26,8,0,8,34
11/20/2011,MSO,MT,ANM,WE,Federal Contract Tower,13,15,6,2,36,0,1,5,4,10,13,16,11,6,46,32,0,32,78
11/21/2011,MSO,MT,ANM,WE,Federal Contract Tower,12,11,7,0,30,0,5,12,0,17,12,16,19,0,47,16,0,16,63
11/22/2011,MSO,MT,ANM,WE,Federal Contract Tower,10,20,19,0,49,0,2,0,0,2,10,22,19,0,51,0,0,0,51
11/23/2011,MSO,MT,ANM,WE,Federal Contract Tower,11,23,14,0,48,0,5,8,0,13,11,28,22,0,61,6,0,6,67
11/24/2011,MSO,MT,ANM,WE,Federal Contract Tower,8,8,0,0,16,0,2,0,0,2,8,10,0,0,18,0,0,0,18
11/25/2011,MSO,MT,ANM,WE,Federal Contract Tower,6,15,3,0,24,0,0,2,0,2,6,15,5,0,26,4,0,4,30
11/26/2011,MSO,MT,ANM,WE,Federal Contract Tower,12,18,1,0,31,0,2,19,0,21,12,20,20,0,52,28,0,28,80
11/27/2011,MSO,MT,ANM,WE,Federal Contract Tower,10,17,18,0,45,0,7,20,0,27,10,24,38,0,72,12,0,12,84
11/28/2011,MSO,MT,ANM,WE,Federal Contract Tower,10,17,13,0,40,0,0,8,2,10,10,17,21,2,50,28,0,28,78
11/29/2011,MSO,MT,ANM,WE,Federal Contract Tower,10,20,17,0,47,0,9,12,0,21,10,29,29,0,68,16,0,16,84
11/30/2011,MSO,MT,ANM,WE,Federal Contract Tower,8,22,8,0,38,0,0,3,0,3,8,22,11,0,41,10,0,10,51
12/01/2011,MSO,MT,ANM,WE,Federal Contract Tower,14,14,19,0,47,0,11,27,0,38,14,25,46,0,85,108,0,108,193
12/02/2011,MSO,MT,ANM,WE,Federal Contract Tower,13,23,19,1,56,0,0,14,0,14,13,23,33,1,70,16,0,16,86
12/03/2011,MSO,MT,ANM,WE,Federal Contract Tower,8,10,6,0,24,0,5,32,0,37,8,15,38,0,61,22,0,22,83
12/04/2011,MSO,MT,ANM,WE,Federal Contract Tower,14,12,5,0,31,0,0,6,0,6,14,12,11,0,37,2,0,2,39
12/05/2011,MSO,MT,ANM,WE,Federal Contract Tower,12,19,4,2,37,0,7,28,0,35,12,26,32,2,72,2,2,4,76
12/06/2011,MSO,MT,ANM,WE,Federal Contract Tower,8,18,9,0,35,0,4,26,0,30,8,22,35,0,65,22,0,22,87
12/07/2011,MSO,MT,ANM,WE,Federal Contract Tower,8,19,6,0,33,0,5,14,0,19,8,24,20,0,52,16,0,16,68
12/08/2011,MSO,MT,ANM,WE,Federal Contract Tower,12,17,15,0,44,0,10,30,0,40,12,27,45,0,84,18,0,18,102
12/09/2011,MSO,MT,ANM,WE,Federal Contract Tower,10,20,9,0,39,0,2,42,0,44,10,22,51,0,83,18,0,18,101
12/10/2011,MSO,MT,ANM,WE,Federal Contract Tower,6,12,2,1,21,0,0,37,0,37,6,12,39,1,58,28,8,36,94
12/11/2011,MSO,MT,ANM,WE,Federal Contract Tower,12,13,11,0,36,0,13,19,0,32,12,26,30,0,68,46,0,46,114
12/12/2011,MSO,MT,ANM,WE,Federal Contract Tower,10,18,6,2,36,0,2,23,0,25,10,20,29,2,61,38,12,50,111
12/13/2011,MSO,MT,ANM,WE,Federal Contract Tower,8,22,7,0,37,0,0,9,0,9,8,22,16,0,46,16,0,16,62
12/14/2011,MSO,MT,ANM,WE,Federal Contract Tower,10,20,4,0,34,0,2,13,0,15,10,22,17,0,49,46,0,46,95
12/15/2011,MSO,MT,ANM,WE,Federal Contract Tower,13,24,11,2,50,0,2,4,0,6,13,26,15,2,56,8,0,8,64
12/16/2011,MSO,MT,ANM,WE,Federal Contract Tower,10,28,9,0,47,0,4,10,0,14,10,32,19,0,61,46,0,46,107
12/17/2011,MSO,MT,ANM,WE,Federal Contract Tower,8,19,6,0,33,0,4,34,0,38,8,23,40,0,71,56,0,56,127
12/18/2011,MSO,MT,ANM,WE,Federal Contract Tower,13,21,2,0,36,0,9,7,0,16,13,30,9,0,52,14,0,14,66
12/19/2011,MSO,MT,ANM,WE,Federal Contract Tower,10,23,9,3,45,0,4,20,0,24,10,27,29,3,69,44,4,48,117
12/20/2011,MSO,MT,ANM,WE,Federal Contract Tower,8,24,9,0,41,0,4,26,0,30,8,28,35,0,71,48,0,48,119
12/21/2011,MSO,MT,ANM,WE,Federal Contract Tower,10,26,8,0,44,0,0,3,0,3,10,26,11,0,47,10,0,10,57
12/22/2011,MSO,MT,ANM,WE,Federal Contract Tower,12,27,9,0,48,0,5,14,0,19,12,32,23,0,67,22,0,22,89
12/23/2011,MSO,MT,ANM,WE,Federal Contract Tower,10,27,9,0,46,0,3,15,0,18,10,30,24,0,64,14,0,14,78
12/24/2011,MSO,MT,ANM,WE,Federal Contract Tower,13,14,3,0,30,0,2,0,0,2,13,16,3,0,32,6,0,6,38
12/25/2011,MSO,MT,ANM,WE,Federal Contract Tower,9,13,3,0,25,0,0,0,0,0,9,13,3,0,25,0,0,0,25
12/26/2011,MSO,MT,ANM,WE,Federal Contract Tower,10,19,17,0,46,0,5,5,0,10,10,24,22,0,56,30,0,30,86
12/27/2011,MSO,MT,ANM,WE,Federal Contract Tower,13,20,15,0,48,0,2,5,0,7,13,22,20,0,55,34,0,34,89
12/28/2011,MSO,MT,ANM,WE,Federal Contract Tower,9,31,9,0,49,0,0,0,0,0,9,31,9,0,49,0,0,0,49
12/29/2011,MSO,MT,ANM,WE,Federal Contract Tower,11,24,3,0,38,0,0,0,0,0,11,24,3,0,38,0,0,0,38
12/30/2011,MSO,MT,ANM,WE,Federal Contract Tower,9,27,10,0,46,0,0,2,0,2,9,27,12,0,48,0,0,0,48
12/31/2011,MSO,MT,ANM,WE,Federal Contract Tower,11,19,1,0,31,0,4,4,0,8,11,23,5,0,39,16,0,16,55
01/01/2012,MSO,MT,ANM,WE,Federal Contract Tower,8,23,7,0,38,0,6,7,0,13,8,29,14,0,51,8,0,8,59
01/02/2012,MSO,MT,ANM,WE,Federal Contract Tower,10,22,18,0,50,0,4,23,0,27,10,26,41,0,77,26,0,26,103
01/03/2012,MSO,MT,ANM,WE,Federal Contract Tower,9,21,7,0,37,0,9,23,0,32,9,30,30,0,69,44,0,44,113
01/04/2012,MSO,MT,ANM,WE,Federal Contract Tower,7,19,4,0,30,0,9,20,0,29,7,28,24,0,59,30,0,30,89
01/05/2012,MSO,MT,ANM,WE,Federal Contract Tower,11,20,9,2,42,0,2,9,0,11,11,22,18,2,53,14,4,18,71
01/06/2012,MSO,MT,ANM,WE,Federal Contract Tower,9,18,8,1,36,0,6,37,1,44,9,24,45,2,80,60,6,66,146
01/07/2012,MSO,MT,ANM,WE,Federal Contract Tower,6,12,1,1,20,0,2,11,0,13,6,14,12,1,33,24,30,54,87
01/08/2012,MSO,MT,ANM,WE,Federal Contract Tower,11,14,6,0,31,0,11,13,0,24,11,25,19,0,55,22,0,22,77
01/09/2012,MSO,MT,ANM,WE,Federal Contract Tower,9,18,9,0,36,0,0,0,0,0,9,18,9,0,36,0,0,0,36
01/10/2012,MSO,MT,ANM,WE,Federal Contract Tower,6,18,9,0,33,0,0,3,0,3,6,18,12,0,36,0,0,0,36
01/11/2012,MSO,MT,ANM,WE,Federal Contract Tower,7,16,7,0,30,0,11,14,2,27,7,27,21,2,57,54,0,54,111
01/12/2012,MSO,MT,ANM,WE,Federal Contract Tower,11,21,10,0,42,0,10,24,0,34,11,31,34,0,76,18,0,18,94
01/13/2012,MSO,MT,ANM,WE,Federal Contract Tower,9,17,10,0,36,0,2,37,0,39,9,19,47,0,75,52,0,52,127
01/14/2012,MSO,MT,ANM,WE,Federal Contract Tower,6,16,4,0,26,0,0,14,0,14,6,16,18,0,40,18,0,18,58
01/15/2012,MSO,MT,ANM,WE,Federal Contract Tower,11,16,4,0,31,0,0,5,0,5,11,16,9,0,36,0,0,0,36
01/16/2012,MSO,MT,ANM,WE,Federal Contract Tower,9,20,7,0,36,0,5,3,0,8,9,25,10,0,44,12,0,12,56
01/17/2012,MSO,MT,ANM,WE,Federal Contract Tower,7,19,9,0,35,0,0,5,0,5,7,19,14,0,40,0,0,0,40
01/18/2012,MSO,MT,ANM,WE,Federal Contract Tower,4,13,2,0,19,0,0,0,0,0,4,13,2,0,19,0,0,0,19
01/19/2012,MSO,MT,ANM,WE,Federal Contract Tower,8,18,11,0,37,0,0,0,0,0,8,18,11,0,37,0,0,0,37
01/20/2012,MSO,MT,ANM,WE,Federal Contract Tower,7,21,5,9,42,0,3,3,1,7,7,24,8,10,49,4,10,14,63
01/21/2012,MSO,MT,ANM,WE,Federal Contract Tower,6,13,3,2,24,0,4,2,0,6,6,17,5,2,30,0,0,0,30
01/22/2012,MSO,MT,ANM,WE,Federal Contract Tower,11,14,6,4,35,0,8,6,0,14,11,22,12,4,49,10,4,14,63
01/23/2012,MSO,MT,ANM,WE,Federal Contract Tower,9,20,9,0,38,0,14,2,0,16,9,34,11,0,54,16,0,16,70
01/24/2012,MSO,MT,ANM,WE,Federal Contract Tower,6,18,12,0,36,0,1,8,0,9,6,19,20,0,45,38,0,38,83
01/25/2012,MSO,MT,ANM,WE,Federal Contract Tower,8,18,8,0,34,0,1,1,0,2,8,19,9,0,36,0,0,0,36
01/26/2012,MSO,MT,ANM,WE,Federal Contract Tower,11,24,5,4,44,0,0,3,0,3,11,24,8,4,47,0,6,6,53
01/27/2012,MSO,MT,ANM,WE,Federal Contract Tower,9,15,9,0,33,0,2,13,0,15,9,17,22,0,48,4,0,4,52
01/28/2012,MSO,MT,ANM,WE,Federal Contract Tower,6,17,5,0,28,0,4,18,0,22,6,21,23,0,50,24,0,24,74
01/29/2012,MSO,MT,ANM,WE,Federal Contract Tower,11,20,2,0,33,0,8,0,0,8,11,28,2,0,41,0,0,0,41
01/30/2012,MSO,MT,ANM,WE,Federal Contract Tower,9,15,3,0,27,0,0,2,0,2,9,15,5,0,29,10,0,10,39
01/31/2012,MSO,MT,ANM,WE,Federal Contract Tower,7,15,9,10,41,0,3,9,0,12,7,18,18,10,53,14,0,14,67
02/01/2012,MSO,MT,ANM,WE,Federal Contract Tower,7,22,10,0,39,0,1,10,0,11,7,23,20,0,50,2,0,2,52
02/02/2012,MSO,MT,ANM,WE,Federal Contract Tower,11,19,9,4,43,0,4,19,0,23,11,23,28,4,66,12,0,12,78
02/03/2012,MSO,MT,ANM,WE,Federal Contract Tower,11,16,5,0,32,0,3,39,0,42,11,19,44,0,74,56,0,56,130
02/04/2012,MSO,MT,ANM,WE,Federal Contract Tower,6,12,4,0,22,0,7,60,0,67,6,19,64,0,89,44,0,44,133
02/05/2012,MSO,MT,ANM,WE,Federal Contract Tower,11,13,8,0,32,0,4,13,0,17,11,17,21,0,49,4,0,4,53
02/06/2012,MSO,MT,ANM,WE,Federal Contract Tower,11,16,16,0,43,0,4,18,0,22,11,20,34,0,65,8,0,8,73
02/07/2012,MSO,MT,ANM,WE,Federal Contract Tower,7,17,5,0,29,0,8,16,0,24,7,25,21,0,53,24,0,24,77
02/08/2012,MSO,MT,ANM,WE,Federal Contract Tower,7,16,5,0,28,0,2,23,0,25,7,18,28,0,53,82,0,82,135
02/09/2012,MSO,MT,ANM,WE,Federal Contract Tower,11,19,12,0,42,0,3,26,0,29,11,22,38,0,71,50,0,50,121
02/10/2012,MSO,MT,ANM,WE,Federal Contract Tower,9,22,7,0,38,0,0,0,0,0,9,22,7,0,38,0,0,0,38
02/11/2012,MSO,MT,ANM,WE,Federal Contract Tower,6,12,7,0,25,0,4,5,0,9,6,16,12,0,34,30,0,30,64
02/12/2012,MSO,MT,ANM,WE,Federal Contract Tower,11,17,3,0,31,0,2,1,0,3,11,19,4,0,34,16,0,16,50
02/13/2012,MSO,MT,ANM,WE,Federal Contract Tower,9,17,5,0,31,0,2,8,0,10,9,19,13,0,41,36,0,36,77
02/14/2012,MSO,MT,ANM,WE,Federal Contract Tower,7,20,15,0,42,0,11,5,0,16,7,31,20,0,58,4,0,4,62
02/15/2012,MSO,MT,ANM,WE,Federal Contract Tower,6,24,11,0,41,0,4,6,0,10,6,28,17,0,51,24,0,24,75
02/16/2012,MSO,MT,ANM,WE,Federal Contract Tower,11,20,19,0,50,0,10,23,0,33,11,30,42,0,83,46,0,46,129
02/17/2012,MSO,MT,ANM,WE,Federal Contract Tower,9,20,7,0,36,0,0,45,0,45,9,20,52,0,81,82,0,82,163
02/18/2012,MSO,MT,ANM,WE,Federal Contract Tower,6,16,3,0,25,0,0,7,0,7,6,16,10,0,32,28,0,28,60
02/19/2012,MSO,MT,ANM,WE,Federal Contract Tower,9,17,8,0,34,0,4,3,0,7,9,21,11,0,41,4,0,4,45
02/20/2012,MSO,MT,ANM,WE,Federal Contract Tower,11,12,4,0,27,0,12,7,0,19,11,24,11,0,46,30,0,30,76
02/21/2012,MSO,MT,ANM,WE,Federal Contract Tower,9,22,7,0,38,0,3,5,0,8,9,25,12,0,46,6,0,6,52
02/22/2012,MSO,MT,ANM,WE,Federal Contract Tower,7,17,2,0,26,0,2,0,0,2,7,19,2,0,28,0,0,0,28
02/23/2012,MSO,MT,ANM,WE,Federal Contract Tower,13,21,13,0,47,0,2,4,0,6,13,23,17,0,53,0,0,0,53
02/24/2012,MSO,MT,ANM,WE,Federal Contract Tower,7,19,10,0,36,0,5,29,0,34,7,24,39,0,70,58,0,58,128
02/25/2012,MSO,MT,ANM,WE,Federal Contract Tower,8,15,2,0,25,0,0,0,0,0,8,15,2,0,25,0,0,0,25
02/26/2012,MSO,MT,ANM,WE,Federal Contract Tower,9,16,4,0,29,0,3,5,0,8,9,19,9,0,37,58,0,58,95
02/27/2012,MSO,MT,ANM,WE,Federal Contract Tower,9,14,15,0,38,0,7,21,0,28,9,21,36,0,66,42,0,42,108
02/28/2012,MSO,MT,ANM,WE,Federal Contract Tower,7,16,11,0,34,0,2,46,2,50,7,18,57,2,84,38,0,38,122
02/29/2012,MSO,MT,ANM,WE,Federal Contract Tower,7,17,8,0,32,0,2,8,0,10,7,19,16,0,42,16,0,16,58
03/01/2012,MSO,MT,ANM,WE,Federal Contract Tower,9,19,9,0,37,0,0,3,0,3,9,19,12,0,40,0,0,0,40
03/02/2012,MSO,MT,ANM,WE,Federal Contract Tower,9,21,12,0,42,0,2,14,0,16,9,23,26,0,58,8,0,8,66
03/03/2012,MSO,MT,ANM,WE,Federal Contract Tower,6,14,3,0,23,0,2,1,0,3,6,16,4,0,26,0,0,0,26
03/04/2012,MSO,MT,ANM,WE,Federal Contract Tower,11,14,4,0,29,0,5,22,0,27,11,19,26,0,56,14,0,14,70
03/05/2012,MSO,MT,ANM,WE,Federal Contract Tower,9,19,13,0,41,0,10,14,0,24,9,29,27,0,65,10,0,10,75
03/06/2012,MSO,MT,ANM,WE,Federal Contract Tower,7,16,13,0,36,0,0,11,0,11,7,16,24,0,47,34,0,34,81
03/07/2012,MSO,MT,ANM,WE,Federal Contract Tower,7,24,15,0,46,0,8,22,0,30,7,32,37,0,76,22,0,22,98
03/08/2012,MSO,MT,ANM,WE,Federal Contract Tower,11,26,17,0,54,0,9,32,0,41,11,35,49,0,95,36,0,36,131
03/09/2012,MSO,MT,ANM,WE,Federal Contract Tower,10,17,18,0,45,0,2,40,0,42,10,19,58,0,87,38,0,38,125
03/10/2012,MSO,MT,ANM,WE,Federal Contract Tower,6,17,12,0,35,0,6,43,0,49,6,23,55,0,84,56,0,56,140
03/11/2012,MSO,MT,ANM,WE,Federal Contract Tower,10,16,13,0,39,0,4,18,0,22,10,20,31,0,61,14,0,14,75
03/12/2012,MSO,MT,ANM,WE,Federal Contract Tower,8,16,4,0,28,0,9,9,0,18,8,25,13,0,46,4,0,4,50
03/13/2012,MSO,MT,ANM,WE,Federal Contract Tower,9,16,9,0,34,0,0,0,0,0,9,16,9,0,34,0,0,0,34
03/14/2012,MSO,MT,ANM,WE,Federal Contract Tower,7,15,1,0,23,0,0,0,0,0,7,15,1,0,23,20,0,20,43
03/15/2012,MSO,MT,ANM,WE,Federal Contract Tower,11,19,13,2,45,0,5,10,0,15,11,24,23,2,60,16,12,28,88
03/16/2012,MSO,MT,ANM,WE,Federal Contract Tower,9,21,14,0,44,0,4,4,2,10,9,25,18,2,54,14,0,14,68
03/17/2012,MSO,MT,ANM,WE,Federal Contract Tower,6,16,4,0,26,0,1,1,0,2,6,17,5,0,28,10,0,10,38
03/18/2012,MSO,MT,ANM,WE,Federal Contract Tower,11,16,5,0,32,0,2,0,0,2,11,18,5,0,34,0,0,0,34
03/19/2012,MSO,MT,ANM,WE,Federal Contract Tower,9,18,6,0,33,0,10,6,0,16,9,28,12,0,49,20,0,20,69
03/20/2012,MSO,MT,ANM,WE,Federal Contract Tower,7,18,6,0,31,0,3,2,0,5,7,21,8,0,36,6,0,6,42
03/21/2012,MSO,MT,ANM,WE,Federal Contract Tower,7,20,8,0,35,0,6,0,0,6,7,26,8,0,41,6,0,6,47
03/22/2012,MSO,MT,ANM,WE,Federal Contract Tower,9,23,15,0,47,0,1,13,0,14,9,24,28,0,61,30,0,30,91
03/23/2012,MSO,MT,ANM,WE,Federal Contract Tower,8,22,6,0,36,0,2,25,0,27,8,24,31,0,63,54,0,54,117
03/24/2012,MSO,MT,ANM,WE,Federal Contract Tower,6,20,2,0,28,0,8,27,0,35,6,28,29,0,63,30,0,30,93
03/25/2012,MSO,MT,ANM,WE,Federal Contract Tower,11,14,18,0,43,0,2,60,0,62,11,16,78,0,105,30,0,30,135
03/26/2012,MSO,MT,ANM,WE,Federal Contract Tower,11,17,5,0,33,0,4,6,0,10,11,21,11,0,43,2,0,2,45
03/27/2012,MSO,MT,ANM,WE,Federal Contract Tower,9,17,7,0,33,0,14,57,0,71,9,31,64,0,104,56,0,56,160
03/28/2012,MSO,MT,ANM,WE,Federal Contract Tower,10,12,3,0,25,0,3,3,0,6,10,15,6,0,31,24,0,24,55
03/29/2012,MSO,MT,ANM,WE,Federal Contract Tower,13,17,6,2,38,0,2,17,0,19,13,19,23,2,57,52,6,58,115
03/30/2012,MSO,MT,ANM,WE,Federal Contract Tower,8,21,8,2,39,0,0,2,0,2,8,21,10,2,41,0,0,0,41
03/31/2012,MSO,MT,ANM,WE,Federal Contract Tower,9,18,6,0,33,0,4,21,0,25,9,22,27,0,58,30,0,30,88
04/01/2012,MSO,MT,ANM,WE,Federal Contract Tower,12,13,4,1,30,0,0,6,0,6,12,13,10,1,36,18,0,18,54
04/02/2012,MSO,MT,ANM,WE,Federal Contract Tower,9,14,19,0,42,0,0,38,0,38,9,14,57,0,80,52,0,52,132
04/03/2012,MSO,MT,ANM,WE,Federal Contract Tower,9,19,4,2,34,0,12,44,6,62,9,31,48,8,96,48,0,48,144
04/04/2012,MSO,MT,ANM,WE,Federal Contract Tower,10,16,3,0,29,0,4,10,0,14,10,20,13,0,43,0,0,0,43
04/05/2012,MSO,MT,ANM,WE,Federal Contract Tower,11,23,9,0,43,0,8,20,0,28,11,31,29,0,71,38,0,38,109
04/06/2012,MSO,MT,ANM,WE,Federal Contract Tower,9,18,4,0,31,0,0,0,0,0,9,18,4,0,31,0,0,0,31
04/07/2012,MSO,MT,ANM,WE,Federal Contract Tower,10,17,5,0,32,0,9,26,0,35,10,26,31,0,67,38,0,38,105
04/08/2012,MSO,MT,ANM,WE,Federal Contract Tower,11,12,8,0,31,0,10,26,0,36,11,22,34,0,67,18,0,18,85
04/09/2012,MSO,MT,ANM,WE,Federal Contract Tower,9,15,3,0,27,0,7,23,6,36,9,22,26,6,63,10,0,10,73
04/10/2012,MSO,MT,ANM,WE,Federal Contract Tower,8,17,8,2,35,0,21,55,0,76,8,38,63,2,111,50,0,50,161
04/11/2012,MSO,MT,ANM,WE,Federal Contract Tower,7,17,11,0,35,0,23,34,0,57,7,40,45,0,92,12,0,12,104
04/12/2012,MSO,MT,ANM,WE,Federal Contract Tower,11,29,14,0,54,0,10,19,0,29,11,39,33,0,83,48,0,48,131
04/13/2012,MSO,MT,ANM,WE,Federal Contract Tower,9,17,8,0,34,0,3,22,4,29,9,20,30,4,63,18,0,18,81
04/14/2012,MSO,MT,ANM,WE,Federal Contract Tower,6,13,8,2,29,0,3,56,0,59,6,16,64,2,88,56,12,68,156
04/15/2012,MSO,MT,ANM,WE,Federal Contract Tower,11,16,5,0,32,0,1,2,0,3,11,17,7,0,35,0,0,0,35
04/16/2012,MSO,MT,ANM,WE,Federal Contract Tower,9,16,11,0,36,0,10,26,0,36,9,26,37,0,72,18,0,18,90
04/17/2012,MSO,MT,ANM,WE,Federal Contract Tower,7,15,8,0,30,0,10,13,0,23,7,25,21,0,53,16,0,16,69
04/18/2012,MSO,MT,ANM,WE,Federal Contract Tower,7,17,7,2,33,0,12,6,0,18,7,29,13,2,51,4,8,12,63
04/19/2012,MSO,MT,ANM,WE,Federal Contract Tower,12,16,6,2,36,0,9,29,0,38,12,25,35,2,74,20,22,42,116
04/20/2012,MSO,MT,ANM,WE,Federal Contract Tower,9,19,7,0,35,0,2,10,0,12,9,21,17,0,47,0,0,0,47
04/21/2012,MSO,MT,ANM,WE,Federal Contract Tower,6,12,1,0,19,0,5,29,0,34,6,17,30,0,53,30,0,30,83
04/22/2012,MSO,MT,ANM,WE,Federal Contract Tower,11,13,5,1,30,0,7,53,3,63,11,20,58,4,93,44,0,44,137
04/23/2012,MSO,MT,ANM,WE,Federal Contract Tower,9,14,11,0,34,0,10,27,5,42,9,24,38,5,76,4,0,4,80
04/24/2012,MSO,MT,ANM,WE,Federal Contract Tower,6,21,7,0,34,0,11,25,0,36,6,32,32,0,70,36,0,36,106
04/25/2012,MSO,MT,ANM,WE,Federal Contract Tower,7,19,6,0,32,0,8,21,0,29,7,27,27,0,61,74,0,74,135
04/26/2012,MSO,MT,ANM,WE,Federal Contract Tower,11,17,21,0,49,0,2,6,0,8,11,19,27,0,57,2,0,2,59
04/27/2012,MSO,MT,ANM,WE,Federal Contract Tower,11,18,8,0,37,0,5,13,0,18,11,23,21,0,55,18,0,18,73
04/28/2012,MSO,MT,ANM,WE,Federal Contract Tower,5,14,2,0,21,0,4,22,0,26,5,18,24,0,47,26,0,26,73
04/29/2012,MSO,MT,ANM,WE,Federal Contract Tower,11,17,4,0,32,0,6,27,0,33,11,23,31,0,65,10,0,10,75
04/30/2012,MSO,MT,ANM,WE,Federal Contract Tower,11,20,8,0,39,0,2,10,0,12,11,22,18,0,51,0,0,0,51
05/01/2012,MSO,MT,ANM,WE,Federal Contract Tower,7,20,4,0,31,0,9,9,0,18,7,29,13,0,49,0,0,0,49
05/02/2012,MSO,MT,ANM,WE,Federal Contract Tower,7,18,17,2,44,0,8,13,0,21,7,26,30,2,65,24,4,28,93
05/03/2012,MSO,MT,ANM,WE,Federal Contract Tower,12,20,12,0,44,0,12,13,0,25,12,32,25,0,69,6,0,6,75
05/04/2012,MSO,MT,ANM,WE,Federal Contract Tower,10,26,3,1,40,0,5,13,1,19,10,31,16,2,59,8,0,8,67
05/05/2012,MSO,MT,ANM,WE,Federal Contract Tower,6,17,3,0,26,0,7,9,0,16,6,24,12,0,42,22,0,22,64
05/06/2012,MSO,MT,ANM,WE,Federal Contract Tower,11,18,11,0,40,0,2,27,0,29,11,20,38,0,69,30,0,30,99
05/07/2012,MSO,MT,ANM,WE,Federal Contract Tower,12,17,9,0,38,0,6,53,1,60,12,23,62,1,98,16,0,16,114
05/08/2012,MSO,MT,ANM,WE,Federal Contract Tower,8,22,2,0,32,0,7,80,0,87,8,29,82,0,119,58,0,58,177
05/09/2012,MSO,MT,ANM,WE,Federal Contract Tower,7,22,9,0,38,0,13,22,0,35,7,35,31,0,73,24,0,24,97
05/10/2012,MSO,MT,ANM,WE,Federal Contract Tower,10,19,1,0,30,0,5,14,0,19,10,24,15,0,49,2,0,2,51
05/11/2012,MSO,MT,ANM,WE,Federal Contract Tower,11,24,12,0,47,0,12,54,0,66,11,36,66,0,113,24,0,24,137
05/12/2012,MSO,MT,ANM,WE,Federal Contract Tower,6,16,13,0,35,0,4,47,0,51,6,20,60,0,86,38,0,38,124
05/13/2012,MSO,MT,ANM,WE,Federal Contract Tower,11,16,8,0,35,0,2,47,0,49,11,18,55,0,84,20,0,20,104
05/14/2012,MSO,MT,ANM,WE,Federal Contract Tower,11,18,13,0,42,0,11,34,0,45,11,29,47,0,87,20,0,20,107
05/15/2012,MSO,MT,ANM,WE,Federal Contract Tower,7,18,8,0,33,0,5,44,0,49,7,23,52,0,82,44,0,44,126
05/16/2012,MSO,MT,ANM,WE,Federal Contract Tower,7,16,11,0,34,0,14,38,0,52,7,30,49,0,86,36,0,36,122
05/17/2012,MSO,MT,ANM,WE,Federal Contract Tower,9,16,12,0,37,0,11,38,2,51,9,27,50,2,88,32,0,32,120
05/18/2012,MSO,MT,ANM,WE,Federal Contract Tower,15,20,2,0,37,0,4,52,0,56,15,24,54,0,93,52,0,52,145
05/19/2012,MSO,MT,ANM,WE,Federal Contract Tower,6,16,6,0,28,0,4,43,0,47,6,20,49,0,75,28,0,28,103
05/20/2012,MSO,MT,ANM,WE,Federal Contract Tower,7,13,8,0,28,0,4,30,0,34,7,17,38,0,62,2,0,2,64
05/21/2012,MSO,MT,ANM,WE,Federal Contract Tower,17,19,8,0,44,0,8,13,0,21,17,27,21,0,65,12,0,12,77
05/22/2012,MSO,MT,ANM,WE,Federal Contract Tower,8,23,8,0,39,0,8,7,0,15,8,31,15,0,54,6,0,6,60
05/23/2012,MSO,MT,ANM,WE,Federal Contract Tower,7,16,15,0,38,0,22,23,0,45,7,38,38,0,83,50,0,50,133
05/24/2012,MSO,MT,ANM,WE,Federal Contract Tower,9,17,7,0,33,0,3,20,0,23,9,20,27,0,56,24,0,24,80
05/25/2012,MSO,MT,ANM,WE,Federal Contract Tower,15,27,18,0,60,0,14,19,0,33,15,41,37,0,93,32,0,32,125
05/26/2012,MSO,MT,ANM,WE,Federal Contract Tower,5,17,10,0,32,0,6,9,0,15,5,23,19,0,47,12,0,12,59
05/27/2012,MSO,MT,ANM,WE,Federal Contract Tower,7,9,3,0,19,0,0,0,0,0,7,9,3,0,19,0,0,0,19
05/28/2012,MSO,MT,ANM,WE,Federal Contract Tower,15,14,13,0,42,0,4,19,0,23,15,18,32,0,65,4,0,4,69
05/29/2012,MSO,MT,ANM,WE,Federal Contract Tower,8,23,3,0,34,0,0,27,0,27,8,23,30,0,61,80,0,80,141
05/30/2012,MSO,MT,ANM,WE,Federal Contract Tower,7,22,10,0,39,0,0,37,0,37,7,22,47,0,76,50,0,50,126
05/31/2012,MSO,MT,ANM,WE,Federal Contract Tower,7,26,20,0,53,0,14,48,0,62,7,40,68,0,115,34,0,34,149
06/01/2012,MSO,MT,ANM,WE,Federal Contract Tower,15,21,13,0,49,0,3,20,0,23,15,24,33,0,72,36,0,36,108
06/02/2012,MSO,MT,ANM,WE,Federal Contract Tower,6,18,3,0,27,0,0,13,0,13,6,18,16,0,40,10,0,10,50
06/03/2012,MSO,MT,ANM,WE,Federal Contract Tower,9,14,7,0,30,0,9,32,0,41,9,23,39,0,71,24,0,24,95
06/04/2012,MSO,MT,ANM,WE,Federal Contract Tower,17,16,9,0,42,0,8,16,0,24,17,24,25,0,66,22,0,22,88
06/05/2012,MSO,MT,ANM,WE,Federal Contract Tower,9,23,9,0,41,0,4,6,0,10,9,27,15,0,51,8,0,8,59
06/06/2012,MSO,MT,ANM,WE,Federal Contract Tower,11,20,11,0,42,0,11,15,0,26,11,31,26,0,68,22,0,22,90
06/07/2012,MSO,MT,ANM,WE,Federal Contract Tower,11,23,6,0,40,0,9,46,0,55,11,32,52,0,95,58,0,58,153
06/08/2012,MSO,MT,ANM,WE,Federal Contract Tower,21,29,15,3,68,0,14,17,0,31,21,43,32,3,99,54,4,58,157
06/09/2012,MSO,MT,ANM,WE,Federal Contract Tower,12,28,10,0,50,0,3,11,0,14,12,31,21,0,64,20,0,20,84
06/10/2012,MSO,MT,ANM,WE,Federal Contract Tower,15,22,9,2,48,0,0,3,0,3,15,22,12,2,51,0,0,0,51
06/11/2012,MSO,MT,ANM,WE,Federal Contract Tower,20,20,11,0,51,0,8,41,0,49,20,28,52,0,100,50,0,50,150
06/12/2012,MSO,MT,ANM,WE,Federal Contract Tower,12,21,19,0,52,0,0,31,0,31,12,21,50,0,83,6,0,6,89
06/13/2012,MSO,MT,ANM,WE,Federal Contract Tower,12,25,20,0,57,0,0,14,0,14,12,25,34,0,71,6,0,6,77
06/14/2012,MSO,MT,ANM,WE,Federal Contract Tower,9,26,12,0,47,0,10,57,0,67,9,36,69,0,114,10,0,10,124
06/15/2012,MSO,MT,ANM,WE,Federal Contract Tower,19,25,5,1,50,0,4,57,0,61,19,29,62,1,111,54,0,54,165
06/16/2012,MSO,MT,ANM,WE,Federal Contract Tower,13,24,11,1,49,0,6,40,0,46,13,30,51,1,95,40,0,40,135
06/17/2012,MSO,MT,ANM,WE,Federal Contract Tower,14,21,9,0,44,0,4,11,0,15,14,25,20,0,59,0,0,0,59
06/18/2012,MSO,MT,ANM,WE,Federal Contract Tower,20,27,8,0,55,0,0,17,0,17,20,27,25,0,72,46,0,46,118
06/19/2012,MSO,MT,ANM,WE,Federal Contract Tower,13,29,8,0,50,0,14,11,0,25,13,43,19,0,75,46,0,46,121
06/20/2012,MSO,MT,ANM,WE,Federal Contract Tower,15,34,16,0,65,0,14,72,0,86,15,48,88,0,151,42,0,42,193
06/21/2012,MSO,MT,ANM,WE,Federal Contract Tower,14,25,4,1,44,0,11,66,0,77,14,36,70,1,121,50,0,50,171
06/22/2012,MSO,MT,ANM,WE,Federal Contract Tower,21,28,8,0,57,0,7,29,0,36,21,35,37,0,93,8,0,8,101
06/23/2012,MSO,MT,ANM,WE,Federal Contract Tower,13,23,4,0,40,0,7,32,0,39,13,30,36,0,79,42,0,42,121
06/24/2012,MSO,MT,ANM,WE,Federal Contract Tower,15,21,13,1,50,0,4,29,0,33,15,25,42,1,83,42,4,46,129
06/25/2012,MSO,MT,ANM,WE,Federal Contract Tower,21,22,6,0,49,0,7,41,0,48,21,29,47,0,97,24,0,24,121
06/26/2012,MSO,MT,ANM,WE,Federal Contract Tower,12,27,7,0,46,0,3,21,0,24,12,30,28,0,70,0,0,0,70
06/27/2012,MSO,MT,ANM,WE,Federal Contract Tower,16,26,16,0,58,0,4,58,0,62,16,30,74,0,120,30,0,30,150
06/28/2012,MSO,MT,ANM,WE,Federal Contract Tower,12,27,7,2,48,0,3,81,0,84,12,30,88,2,132,40,0,40,172
06/29/2012,MSO,MT,ANM,WE,Federal Contract Tower,20,26,6,0,52,0,13,36,0,49,20,39,42,0,101,24,0,24,125
06/30/2012,MSO,MT,ANM,WE,Federal Contract Tower,14,21,19,0,54,0,6,64,2,72,14,27,83,2,126,36,0,36,162
07/01/2012,MSO,MT,ANM,WE,Federal Contract Tower,12,27,16,0,55,0,0,19,0,19,12,27,35,0,74,0,0,0,74
07/02/2012,MSO,MT,ANM,WE,Federal Contract Tower,20,24,10,0,54,0,4,44,1,49,20,28,54,1,103,64,0,64,167
07/03/2012,MSO,MT,ANM,WE,Federal Contract Tower,14,24,6,0,44,0,11,13,0,24,14,35,19,0,68,0,0,0,68
07/04/2012,MSO,MT,ANM,WE,Federal Contract Tower,19,18,6,0,43,0,5,38,0,43,19,23,44,0,86,10,0,10,96
07/05/2012,MSO,MT,ANM,WE,Federal Contract Tower,14,27,13,0,54,0,13,32,0,45,14,40,45,0,99,0,0,0,99
07/06/2012,MSO,MT,ANM,WE,Federal Contract Tower,19,35,10,0,64,0,14,61,0,75,19,49,71,0,139,72,0,72,211
07/07/2012,MSO,MT,ANM,WE,Federal Contract Tower,19,30,8,0,57,0,4,41,0,45,19,34,49,0,102,16,0,16,118
07/08/2012,MSO,MT,ANM,WE,Federal Contract Tower,14,29,12,0,55,0,6,46,4,56,14,35,58,4,111,36,0,36,147
07/09/2012,MSO,MT,ANM,WE,Federal Contract Tower,19,27,12,1,59,0,8,29,0,37,19,35,41,1,96,8,0,8,104
07/10/2012,MSO,MT,ANM,WE,Federal Contract Tower,13,28,8,1,50,0,13,48,0,61,13,41,56,1,111,4,0,4,115
07/11/2012,MSO,MT,ANM,WE,Federal Contract Tower,17,29,10,0,56,0,5,61,0,66,17,34,71,0,122,36,0,36,158
07/12/2012,MSO,MT,ANM,WE,Federal Contract Tower,12,28,12,0,52,0,9,73,0,82,12,37,85,0,134,18,0,18,152
07/13/2012,MSO,MT,ANM,WE,Federal Contract Tower,20,34,12,0,66,0,25,38,0,63,20,59,50,0,129,6,0,6,135
07/14/2012,MSO,MT,ANM,WE,Federal Contract Tower,22,26,14,0,62,0,4,26,0,30,22,30,40,0,92,46,0,46,138
07/15/2012,MSO,MT,ANM,WE,Federal Contract Tower,14,21,13,1,49,0,0,39,0,39,14,21,52,1,88,8,0,8,96
07/16/2012,MSO,MT,ANM,WE,Federal Contract Tower,21,29,5,1,56,0,10,35,0,45,21,39,40,1,101,16,0,16,117
07/17/2012,MSO,MT,ANM,WE,Federal Contract Tower,13,25,19,1,58,0,17,40,1,58,13,42,59,2,116,18,0,18,134
07/18/2012,MSO,MT,ANM,WE,Federal Contract Tower,16,23,17,0,56,0,23,60,0,83,16,46,77,0,139,16,0,16,155
07/19/2012,MSO,MT,ANM,WE,Federal Contract Tower,13,29,7,0,49,0,6,70,0,76,13,35,77,0,125,36,0,36,161
07/20/2012,MSO,MT,ANM,WE,Federal Contract Tower,20,31,8,0,59,0,21,47,1,69,20,52,55,1,128,6,0,6,134
07/21/2012,MSO,MT,ANM,WE,Federal Contract Tower,19,27,19,0,65,0,6,54,0,60,19,33,73,0,125,42,0,42,167
07/22/2012,MSO,MT,ANM,WE,Federal Contract Tower,13,28,31,0,72,0,29,69,0,98,13,57,100,0,170,24,0,24,194
07/23/2012,MSO,MT,ANM,WE,Federal Contract Tower,21,26,16,3,66,0,23,57,0,80,21,49,73,3,146,16,0,16,162
07/24/2012,MSO,MT,ANM,WE,Federal Contract Tower,13,28,18,0,59,0,18,64,0,82,13,46,82,0,141,68,0,68,209
07/25/2012,MSO,MT,ANM,WE,Federal Contract Tower,17,29,30,0,76,0,17,67,0,84,17,46,97,0,160,26,0,26,186
07/26/2012,MSO,MT,ANM,WE,Federal Contract Tower,13,34,28,0,75,0,19,68,0,87,13,53,96,0,162,60,0,60,222
07/27/2012,MSO,MT,ANM,WE,Federal Contract Tower,21,34,28,2,85,0,11,58,0,69,21,45,86,2,154,18,0,18,172
07/28/2012,MSO,MT,ANM,WE,Federal Contract Tower,20,22,19,0,61,0,11,71,0,82,20,33,90,0,143,20,0,20,163
07/29/2012,MSO,MT,ANM,WE,Federal Contract Tower,13,27,20,0,60,0,31,71,0,102,13,58,91,0,162,14,0,14,176
07/30/2012,MSO,MT,ANM,WE,Federal Contract Tower,22,22,7,0,51,0,52,68,0,120,22,74,75,0,171,6,0,6,177
07/31/2012,MSO,MT,ANM,WE,Federal Contract Tower,13,29,13,0,55,0,83,90,0,173,13,112,103,0,228,12,0,12,240
08/01/2012,MSO,MT,ANM,WE,Federal Contract Tower,17,27,7,0,51,0,47,84,1,132,17,74,91,1,183,32,0,32,215
08/02/2012,MSO,MT,ANM,WE,Federal Contract Tower,13,28,9,0,50,0,15,60,0,75,13,43,69,0,125,44,0,44,169
08/03/2012,MSO,MT,ANM,WE,Federal Contract Tower,22,35,8,0,65,0,8,49,0,57,22,43,57,0,122,8,0,8,130
08/04/2012,MSO,MT,ANM,WE,Federal Contract Tower,19,22,10,0,51,0,18,75,0,93,19,40,85,0,144,40,0,40,184
08/05/2012,MSO,MT,ANM,WE,Federal Contract Tower,14,30,15,0,59,0,12,71,0,83,14,42,86,0,142,20,0,20,162
08/06/2012,MSO,MT,ANM,WE,Federal Contract Tower,20,26,17,0,63,0,22,40,0,62,20,48,57,0,125,10,0,10,135
08/07/2012,MSO,MT,ANM,WE,Federal Contract Tower,12,28,19,1,60,1,16,44,1,62,13,44,63,2,122,26,0,26,148
08/08/2012,MSO,MT,ANM,WE,Federal Contract Tower,17,30,8,0,55,0,24,30,0,54,17,54,38,0,109,18,0,18,127
08/09/2012,MSO,MT,ANM,WE,Federal Contract Tower,15,28,13,0,56,0,13,65,0,78,15,41,78,0,134,16,0,16,150
08/10/2012,MSO,MT,ANM,WE,Federal Contract Tower,20,32,15,0,67,0,35,73,0,108,20,67,88,0,175,14,0,14,189
08/11/2012,MSO,MT,ANM,WE,Federal Contract Tower,18,25,11,0,54,0,5,73,0,78,18,30,84,0,132,4,0,4,136
08/12/2012,MSO,MT,ANM,WE,Federal Contract Tower,14,27,19,2,62,0,16,54,0,70,14,43,73,2,132,20,6,26,158
08/13/2012,MSO,MT,ANM,WE,Federal Contract Tower,21,31,18,0,70,0,32,49,0,81,21,63,67,0,151,38,2,40,191
08/14/2012,MSO,MT,ANM,WE,Federal Contract Tower,13,35,12,0,60,0,73,56,0,129,13,108,68,0,189,14,0,14,203
08/15/2012,MSO,MT,ANM,WE,Federal Contract Tower,13,24,14,0,51,0,57,36,0,93,13,81,50,0,144,36,0,36,180
08/16/2012,MSO,MT,ANM,WE,Federal Contract Tower,14,28,17,0,59,0,41,77,0,118,14,69,94,0,177,36,0,36,213
08/17/2012,MSO,MT,ANM,WE,Federal Contract Tower,21,25,17,0,63,0,16,68,0,84,21,41,85,0,147,12,0,12,159
08/18/2012,MSO,MT,ANM,WE,Federal Contract Tower,12,26,15,0,53,0,28,42,0,70,12,54,57,0,123,54,0,54,177
08/19/2012,MSO,MT,ANM,WE,Federal Contract Tower,13,19,16,0,48,0,51,68,0,119,13,70,84,0,167,60,0,60,227
08/20/2012,MSO,MT,ANM,WE,Federal Contract Tower,21,25,14,0,60,0,19,53,1,73,21,44,67,1,133,32,0,32,165
08/21/2012,MSO,MT,ANM,WE,Federal Contract Tower,13,29,11,0,53,0,20,42,0,62,13,49,53,0,115,60,0,60,175
08/22/2012,MSO,MT,ANM,WE,Federal Contract Tower,14,27,31,0,72,0,67,70,0,137,14,94,101,0,209,18,0,18,227
08/23/2012,MSO,MT,ANM,WE,Federal Contract Tower,13,26,17,1,57,61,75,3,0,139,74,101,20,1,196,38,4,42,238
08/24/2012,MSO,MT,ANM,WE,Federal Contract Tower,23,26,9,0,58,0,35,66,2,103,23,61,75,2,161,10,0,10,171
08/25/2012,MSO,MT,ANM,WE,Federal Contract Tower,11,19,6,0,36,0,44,80,1,125,11,63,86,1,161,46,0,46,207
08/26/2012,MSO,MT,ANM,WE,Federal Contract Tower,12,18,17,0,47,0,8,64,1,73,12,26,81,1,120,10,0,10,130
08/27/2012,MSO,MT,ANM,WE,Federal Contract Tower,20,27,8,1,56,0,26,69,0,95,20,53,77,1,151,38,0,38,189
08/28/2012,MSO,MT,ANM,WE,Federal Contract Tower,9,29,14,0,52,0,21,55,0,76,9,50,69,0,128,42,0,42,170
08/29/2012,MSO,MT,ANM,WE,Federal Contract Tower,10,32,8,0,50,0,16,54,2,72,10,48,62,2,122,30,0,30,152
08/30/2012,MSO,MT,ANM,WE,Federal Contract Tower,10,34,12,0,56,0,15,62,0,77,10,49,74,0,133,34,0,34,167
08/31/2012,MSO,MT,ANM,WE,Federal Contract Tower,20,31,9,0,60,0,16,44,0,60,20,47,53,0,120,14,0,14,134
09/01/2012,MSO,MT,ANM,WE,Federal Contract Tower,10,8,5,0,23,0,8,36,0,44,10,16,41,0,67,4,0,4,71
09/02/2012,MSO,MT,ANM,WE,Federal Contract Tower,11,18,4,0,33,0,36,50,0,86,11,54,54,0,119,22,0,22,141
09/03/2012,MSO,MT,ANM,WE,Federal Contract Tower,19,19,5,0,43,0,24,60,0,84,19,43,65,0,127,16,0,16,143
09/04/2012,MSO,MT,ANM,WE,Federal Contract Tower,10,23,22,0,55,0,16,56,0,72,10,39,78,0,127,14,0,14,141
09/05/2012,MSO,MT,ANM,WE,Federal Contract Tower,11,25,8,0,44,0,15,56,0,71,11,40,64,0,115,10,0,10,125
09/06/2012,MSO,MT,ANM,WE,Federal Contract Tower,9,22,11,0,42,0,16,32,0,48,9,38,43,0,90,0,0,0,90
09/07/2012,MSO,MT,ANM,WE,Federal Contract Tower,21,23,13,2,59,0,6,66,0,72,21,29,79,2,131,44,6,50,181
09/08/2012,MSO,MT,ANM,WE,Federal Contract Tower,7,20,11,1,39,0,6,57,1,64,7,26,68,2,103,36,2,38,141
09/09/2012,MSO,MT,ANM,WE,Federal Contract Tower,10,19,14,1,44,0,19,27,0,46,10,38,41,1,90,0,18,18,108
09/10/2012,MSO,MT,ANM,WE,Federal Contract Tower,18,21,12,0,51,0,18,25,0,43,18,39,37,0,94,22,0,22,116
09/11/2012,MSO,MT,ANM,WE,Federal Contract Tower,7,25,17,2,51,0,12,41,0,53,7,37,58,2,104,42,0,42,146
09/12/2012,MSO,MT,ANM,WE,Federal Contract Tower,9,21,13,0,43,0,7,27,2,36,9,28,40,2,79,36,22,58,137
09/13/2012,MSO,MT,ANM,WE,Federal Contract Tower,12,22,12,0,46,0,9,44,4,57,12,31,56,4,103,12,2,14,117
09/14/2012,MSO,MT,ANM,WE,Federal Contract Tower,18,25,29,0,72,0,4,16,0,20,18,29,45,0,92,14,0,14,106
09/15/2012,MSO,MT,ANM,WE,Federal Contract Tower,8,23,16,0,47,0,0,3,0,3,8,23,19,0,50,4,0,4,54
09/16/2012,MSO,MT,ANM,WE,Federal Contract Tower,10,21,14,0,45,0,7,27,0,34,10,28,41,0,79,28,0,28,107
09/17/2012,MSO,MT,ANM,WE,Federal Contract Tower,18,20,16,0,54,0,5,26,0,31,18,25,42,0,85,64,0,64,149
09/18/2012,MSO,MT,ANM,WE,Federal Contract Tower,7,27,10,2,46,0,3,21,0,24,7,30,31,2,70,58,0,58,128
09/19/2012,MSO,MT,ANM,WE,Federal Contract Tower,8,29,11,0,48,0,6,23,0,29,8,35,34,0,77,20,0,20,97
09/20/2012,MSO,MT,ANM,WE,Federal Contract Tower,9,24,27,0,60,0,2,7,0,9,9,26,34,0,69,2,0,2,71
09/21/2012,MSO,MT,ANM,WE,Federal Contract Tower,16,26,13,0,55,0,4,27,0,31,16,30,40,0,86,0,0,0,86
09/22/2012,MSO,MT,ANM,WE,Federal Contract Tower,9,21,9,0,39,0,9,24,0,33,9,30,33,0,72,14,0,14,86
09/23/2012,MSO,MT,ANM,WE,Federal Contract Tower,10,20,15,0,45,0,4,15,0,19,10,24,30,0,64,6,0,6,70
09/24/2012,MSO,MT,ANM,WE,Federal Contract Tower,20,20,24,0,64,0,4,13,0,17,20,24,37,0,81,4,0,4,85
09/25/2012,MSO,MT,ANM,WE,Federal Contract Tower,8,21,13,0,42,0,3,8,0,11,8,24,21,0,53,0,0,0,53
09/26/2012,MSO,MT,ANM,WE,Federal Contract Tower,10,23,11,0,44,0,9,18,2,29,10,32,29,2,73,20,0,20,93
09/27/2012,MSO,MT,ANM,WE,Federal Contract Tower,10,21,11,0,42,0,3,34,0,37,10,24,45,0,79,6,0,6,85
09/28/2012,MSO,MT,ANM,WE,Federal Contract Tower,17,25,7,0,49,0,9,26,0,35,17,34,33,0,84,44,0,44,128
09/29/2012,MSO,MT,ANM,WE,Federal Contract Tower,7,17,9,0,33,0,2,33,0,35,7,19,42,0,68,62,0,62,130
09/30/2012,MSO,MT,ANM,WE,Federal Contract Tower,10,20,10,0,40,0,10,31,2,43,10,30,41,2,83,50,0,50,133
10/01/2012,MSO,MT,ANM,WE,Federal Contract Tower,15,24,13,0,52,0,13,30,2,45,15,37,43,2,97,20,0,20,117
10/02/2012,MSO,MT,ANM,WE,Federal Contract Tower,10,24,8,0,42,0,6,18,0,24,10,30,26,0,66,0,0,0,66
10/03/2012,MSO,MT,ANM,WE,Federal Contract Tower,11,21,16,0,48,0,1,7,0,8,11,22,23,0,56,24,0,24,80
10/04/2012,MSO,MT,ANM,WE,Federal Contract Tower,9,24,4,0,37,0,0,29,0,29,9,24,33,0,66,22,0,22,88
10/05/2012,MSO,MT,ANM,WE,Federal Contract Tower,19,24,6,0,49,0,12,38,0,50,19,36,44,0,99,54,0,54,153
10/06/2012,MSO,MT,ANM,WE,Federal Contract Tower,12,19,17,0,48,0,8,41,0,49,12,27,58,0,97,72,0,72,169
10/07/2012,MSO,MT,ANM,WE,Federal Contract Tower,9,14,9,0,32,0,10,43,0,53,9,24,52,0,85,30,0,30,115
10/08/2012,MSO,MT,ANM,WE,Federal Contract Tower,15,17,6,0,38,0,0,20,0,20,15,17,26,0,58,52,0,52,110
10/09/2012,MSO,MT,ANM,WE,Federal Contract Tower,9,20,14,4,47,0,8,30,0,38,9,28,44,4,85,4,0,4,89
10/10/2012,MSO,MT,ANM,WE,Federal Contract Tower,9,21,11,0,41,0,7,37,0,44,9,28,48,0,85,16,0,16,101
10/11/2012,MSO,MT,ANM,WE,Federal Contract Tower,8,24,10,0,42,0,2,26,0,28,8,26,36,0,70,36,0,36,106
10/12/2012,MSO,MT,ANM,WE,Federal Contract Tower,17,17,19,0,53,0,13,26,0,39,17,30,45,0,92,24,0,24,116
10/13/2012,MSO,MT,ANM,WE,Federal Contract Tower,6,15,3,0,24,0,1,8,0,9,6,16,11,0,33,14,0,14,47
10/14/2012,MSO,MT,ANM,WE,Federal Contract Tower,8,14,5,0,27,0,6,20,0,26,8,20,25,0,53,4,0,4,57
10/15/2012,MSO,MT,ANM,WE,Federal Contract Tower,17,16,3,0,36,0,3,10,0,13,17,19,13,0,49,28,0,28,77
10/16/2012,MSO,MT,ANM,WE,Federal Contract Tower,9,21,9,0,39,0,0,3,0,3,9,21,12,0,42,0,0,0,42
10/17/2012,MSO,MT,ANM,WE,Federal Contract Tower,9,18,8,0,35,0,2,19,2,23,9,20,27,2,58,20,0,20,78
10/18/2012,MSO,MT,ANM,WE,Federal Contract Tower,10,17,7,0,34,0,2,47,0,49,10,19,54,0,83,80,0,80,163
10/19/2012,MSO,MT,ANM,WE,Federal Contract Tower,18,21,8,0,47,0,10,26,2,38,18,31,34,2,85,22,0,22,107
10/20/2012,MSO,MT,ANM,WE,Federal Contract Tower,8,18,0,0,26,0,2,3,0,5,8,20,3,0,31,6,0,6,37
10/21/2012,MSO,MT,ANM,WE,Federal Contract Tower,9,15,10,0,34,0,2,18,0,20,9,17,28,0,54,22,0,22,76
10/22/2012,MSO,MT,ANM,WE,Federal Contract Tower,17,16,4,0,37,0,2,13,0,15,17,18,17,0,52,18,0,18,70
10/23/2012,MSO,MT,ANM,WE,Federal Contract Tower,8,22,8,0,38,0,0,0,0,0,8,22,8,0,38,0,0,0,38
10/24/2012,MSO,MT,ANM,WE,Federal Contract Tower,9,19,16,0,44,0,2,13,0,15,9,21,29,0,59,34,0,34,93
10/25/2012,MSO,MT,ANM,WE,Federal Contract Tower,9,21,8,1,39,0,0,4,0,4,9,21,12,1,43,0,0,0,43
10/26/2012,MSO,MT,ANM,WE,Federal Contract Tower,17,24,3,0,44,0,2,13,0,15,17,26,16,0,59,42,0,42,101
10/27/2012,MSO,MT,ANM,WE,Federal Contract Tower,7,15,9,0,31,0,4,8,0,12,7,19,17,0,43,6,0,6,49
10/28/2012,MSO,MT,ANM,WE,Federal Contract Tower,8,16,8,4,36,0,0,0,0,0,8,16,8,4,36,12,0,12,48
10/29/2012,MSO,MT,ANM,WE,Federal Contract Tower,17,14,5,0,36,0,2,3,0,5,17,16,8,0,41,0,0,0,41
10/30/2012,MSO,MT,ANM,WE,Federal Contract Tower,9,18,4,2,33,0,0,27,1,28,9,18,31,3,61,40,0,40,101
10/31/2012,MSO,MT,ANM,WE,Federal Contract Tower,10,22,16,2,50,0,3,34,1,38,10,25,50,3,88,42,0,42,130
11/01/2012,MSO,MT,ANM,WE,Federal Contract Tower,9,19,16,0,44,0,2,9,0,11,9,21,25,0,55,0,0,0,55
11/02/2012,MSO,MT,ANM,WE,Federal Contract Tower,20,17,12,0,49,0,0,14,0,14,20,17,26,0,63,42,0,42,105
11/03/2012,MSO,MT,ANM,WE,Federal Contract Tower,7,13,3,0,23,0,1,12,0,13,7,14,15,0,36,16,0,16,52
11/04/2012,MSO,MT,ANM,WE,Federal Contract Tower,14,9,7,4,34,0,3,17,0,20,14,12,24,4,54,72,8,80,134
11/05/2012,MSO,MT,ANM,WE,Federal Contract Tower,16,17,4,0,37,0,7,10,0,17,16,24,14,0,54,16,0,16,70
11/06/2012,MSO,MT,ANM,WE,Federal Contract Tower,9,14,15,0,38,0,3,38,0,41,9,17,53,0,79,90,0,90,169
11/07/2012,MSO,MT,ANM,WE,Federal Contract Tower,9,19,10,0,38,0,2,9,0,11,9,21,19,0,49,32,0,32,81
11/08/2012,MSO,MT,ANM,WE,Federal Contract Tower,9,27,3,0,39,0,1,0,0,1,9,28,3,0,40,0,0,0,40
11/09/2012,MSO,MT,ANM,WE,Federal Contract Tower,18,15,5,0,38,0,1,0,0,1,18,16,5,0,39,0,0,0,39
11/10/2012,MSO,MT,ANM,WE,Federal Contract Tower,10,14,4,0,28,0,0,7,0,7,10,14,11,0,35,0,0,0,35
11/11/2012,MSO,MT,ANM,WE,Federal Contract Tower,14,6,6,0,26,0,7,9,0,16,14,13,15,0,42,20,0,20,62
11/12/2012,MSO,MT,ANM,WE,Federal Contract Tower,17,15,4,0,36,0,2,4,0,6,17,17,8,0,42,0,0,0,42
11/13/2012,MSO,MT,ANM,WE,Federal Contract Tower,10,14,13,0,37,0,0,11,0,11,10,14,24,0,48,0,0,0,48
11/14/2012,MSO,MT,ANM,WE,Federal Contract Tower,12,15,6,0,33,0,2,0,0,2,12,17,6,0,35,12,0,12,47
11/15/2012,MSO,MT,ANM,WE,Federal Contract Tower,11,17,7,0,35,0,15,33,0,48,11,32,40,0,83,36,0,36,119
11/16/2012,MSO,MT,ANM,WE,Federal Contract Tower,13,23,7,0,43,0,8,18,0,26,13,31,25,0,69,34,0,34,103
11/17/2012,MSO,MT,ANM,WE,Federal Contract Tower,12,18,6,0,36,0,8,29,0,37,12,26,35,0,73,72,0,72,145
11/18/2012,MSO,MT,ANM,WE,Federal Contract Tower,16,9,2,0,27,0,2,12,0,14,16,11,14,0,41,38,0,38,79
11/19/2012,MSO,MT,ANM,WE,Federal Contract Tower,19,13,9,0,41,0,4,12,0,16,19,17,21,0,57,0,2,2,59
11/20/2012,MSO,MT,ANM,WE,Federal Contract Tower,15,18,10,0,43,0,2,11,0,13,15,20,21,0,56,16,0,16,72
11/21/2012,MSO,MT,ANM,WE,Federal Contract Tower,13,19,15,0,47,0,2,2,0,4,13,21,17,0,51,0,0,0,51
11/22/2012,MSO,MT,ANM,WE,Federal Contract Tower,7,10,1,0,18,0,5,8,0,13,7,15,9,0,31,0,0,0,31
11/23/2012,MSO,MT,ANM,WE,Federal Contract Tower,11,11,3,0,25,0,2,28,0,30,11,13,31,0,55,22,0,22,77
11/24/2012,MSO,MT,ANM,WE,Federal Contract Tower,10,18,3,0,31,0,2,1,0,3,10,20,4,0,34,8,0,8,42
11/25/2012,MSO,MT,ANM,WE,Federal Contract Tower,14,9,9,0,32,0,2,0,0,2,14,11,9,0,34,0,0,0,34
11/26/2012,MSO,MT,ANM,WE,Federal Contract Tower,13,11,9,0,33,0,3,29,2,34,13,14,38,2,67,22,0,22,89
11/27/2012,MSO,MT,ANM,WE,Federal Contract Tower,13,11,7,12,43,0,9,32,0,41,13,20,39,12,84,44,16,60,144
11/28/2012,MSO,MT,ANM,WE,Federal Contract Tower,11,14,28,0,53,0,4,32,0,36,11,18,60,0,89,50,0,50,139
11/29/2012,MSO,MT,ANM,WE,Federal Contract Tower,12,21,18,0,51,0,6,22,0,28,12,27,40,0,79,30,0,30,109
11/30/2012,MSO,MT,ANM,WE,Federal Contract Tower,12,18,3,0,33,0,0,0,0,0,12,18,3,0,33,0,0,0,33
12/01/2012,MSO,MT,ANM,WE,Federal Contract Tower,9,10,6,0,25,0,2,9,0,11,9,12,15,0,36,4,0,4,40
12/02/2012,MSO,MT,ANM,WE,Federal Contract Tower,12,10,6,0,28,0,0,8,0,8,12,10,14,0,36,6,0,6,42
12/03/2012,MSO,MT,ANM,WE,Federal Contract Tower,12,18,4,0,34,0,10,4,0,14,12,28,8,0,48,20,0,20,68
12/04/2012,MSO,MT,ANM,WE,Federal Contract Tower,12,18,12,0,42,0,2,6,0,8,12,20,18,0,50,30,0,30,80
12/05/2012,MSO,MT,ANM,WE,Federal Contract Tower,10,15,12,0,37,0,4,8,0,12,10,19,20,0,49,48,0,48,97
12/06/2012,MSO,MT,ANM,WE,Federal Contract Tower,26,16,10,0,52,0,7,9,0,16,26,23,19,0,68,28,0,28,96
12/07/2012,MSO,MT,ANM,WE,Federal Contract Tower,37,14,13,0,64,0,5,2,0,7,37,19,15,0,71,0,0,0,71
12/08/2012,MSO,MT,ANM,WE,Federal Contract Tower,23,9,18,0,50,1,11,1,0,13,24,20,19,0,63,2,0,2,65
12/09/2012,MSO,MT,ANM,WE,Federal Contract Tower,15,7,4,0,26,0,1,4,0,5,15,8,8,0,31,44,0,44,75
12/10/2012,MSO,MT,ANM,WE,Federal Contract Tower,15,17,10,0,42,0,0,2,0,2,15,17,12,0,44,18,0,18,62
12/11/2012,MSO,MT,ANM,WE,Federal Contract Tower,12,18,23,0,53,0,2,9,0,11,12,20,32,0,64,18,0,18,82
12/12/2012,MSO,MT,ANM,WE,Federal Contract Tower,11,14,21,0,46,0,0,0,0,0,11,14,21,0,46,4,0,4,50
12/13/2012,MSO,MT,ANM,WE,Federal Contract Tower,13,21,15,0,49,0,2,41,0,43,13,23,56,0,92,42,0,42,134
12/14/2012,MSO,MT,ANM,WE,Federal Contract Tower,18,14,9,0,41,0,1,15,0,16,18,15,24,0,57,18,0,18,75
12/15/2012,MSO,MT,ANM,WE,Federal Contract Tower,14,15,10,0,39,0,0,7,0,7,14,15,17,0,46,12,0,12,58
12/16/2012,MSO,MT,ANM,WE,Federal Contract Tower,16,10,5,0,31,0,2,1,0,3,16,12,6,0,34,10,0,10,44
12/17/2012,MSO,MT,ANM,WE,Federal Contract Tower,13,18,6,0,37,0,0,0,0,0,13,18,6,0,37,0,0,0,37
12/18/2012,MSO,MT,ANM,WE,Federal Contract Tower,11,16,11,0,38,0,1,15,0,16,11,17,26,0,54,8,0,8,62
12/19/2012,MSO,MT,ANM,WE,Federal Contract Tower,15,19,21,4,59,0,3,23,0,26,15,22,44,4,85,6,0,6,91
12/20/2012,MSO,MT,ANM,WE,Federal Contract Tower,11,23,14,0,48,0,6,9,0,15,11,29,23,0,63,42,0,42,105
12/21/2012,MSO,MT,ANM,WE,Federal Contract Tower,12,22,9,0,43,0,0,15,0,15,12,22,24,0,58,8,0,8,66
12/22/2012,MSO,MT,ANM,WE,Federal Contract Tower,13,23,13,0,49,0,4,5,0,9,13,27,18,0,58,10,0,10,68
12/23/2012,MSO,MT,ANM,WE,Federal Contract Tower,18,13,5,0,36,0,3,4,0,7,18,16,9,0,43,0,0,0,43
12/24/2012,MSO,MT,ANM,WE,Federal Contract Tower,14,16,5,0,35,0,0,2,0,2,14,16,7,0,37,0,0,0,37
12/25/2012,MSO,MT,ANM,WE,Federal Contract Tower,9,12,5,0,26,0,2,3,0,5,9,14,8,0,31,4,0,4,35
12/26/2012,MSO,MT,ANM,WE,Federal Contract Tower,12,26,11,0,49,0,3,4,0,7,12,29,15,0,56,0,0,0,56
12/27/2012,MSO,MT,ANM,WE,Federal Contract Tower,11,23,14,0,48,0,0,0,0,0,11,23,14,0,48,0,0,0,48
12/28/2012,MSO,MT,ANM,WE,Federal Contract Tower,13,26,19,0,58,0,0,7,0,7,13,26,26,0,65,0,0,0,65
12/29/2012,MSO,MT,ANM,WE,Federal Contract Tower,11,18,4,0,33,0,7,13,0,20,11,25,17,0,53,14,0,14,67
12/30/2012,MSO,MT,ANM,WE,Federal Contract Tower,16,15,4,0,35,0,0,1,0,1,16,15,5,0,36,0,0,0,36
12/31/2012,MSO,MT,ANM,WE,Federal Contract Tower,16,20,2,0,38,0,2,13,0,15,16,22,15,0,53,10,0,10,63
01/01/2013,MSO,MT,ANM,WE,Federal Contract Tower,13,10,3,0,26,0,2,6,0,8,13,12,9,0,34,0,0,0,34
01/02/2013,MSO,MT,ANM,WE,Federal Contract Tower,9,24,10,0,43,0,4,18,0,22,9,28,28,0,65,56,0,56,121
01/03/2013,MSO,MT,ANM,WE,Federal Contract Tower,8,18,15,0,41,0,6,22,0,28,8,24,37,0,69,46,0,46,115
01/04/2013,MSO,MT,ANM,WE,Federal Contract Tower,9,23,10,0,42,0,8,13,2,23,9,31,23,2,65,12,0,12,77
01/05/2013,MSO,MT,ANM,WE,Federal Contract Tower,6,10,4,0,20,0,0,3,0,3,6,10,7,0,23,0,0,0,23
01/06/2013,MSO,MT,ANM,WE,Federal Contract Tower,10,14,7,2,33,0,0,3,0,3,10,14,10,2,36,6,10,16,52
01/07/2013,MSO,MT,ANM,WE,Federal Contract Tower,9,21,10,0,40,0,0,5,0,5,9,21,15,0,45,12,0,12,57
01/08/2013,MSO,MT,ANM,WE,Federal Contract Tower,7,16,9,0,32,0,2,12,0,14,7,18,21,0,46,12,0,12,58
01/09/2013,MSO,MT,ANM,WE,Federal Contract Tower,6,15,3,2,26,0,0,0,0,0,6,15,3,2,26,0,8,8,34
01/10/2013,MSO,MT,ANM,WE,Federal Contract Tower,8,17,6,0,31,0,0,0,0,0,8,17,6,0,31,0,0,0,31
01/11/2013,MSO,MT,ANM,WE,Federal Contract Tower,10,22,18,0,50,0,5,2,0,7,10,27,20,0,57,4,0,4,61
01/12/2013,MSO,MT,ANM,WE,Federal Contract Tower,5,14,6,0,25,0,0,0,0,0,5,14,6,0,25,6,0,6,31
01/13/2013,MSO,MT,ANM,WE,Federal Contract Tower,9,12,3,0,24,0,0,10,0,10,9,12,13,0,34,8,0,8,42
01/14/2013,MSO,MT,ANM,WE,Federal Contract Tower,10,17,5,0,32,0,0,0,0,0,10,17,5,0,32,0,0,0,32
01/15/2013,MSO,MT,ANM,WE,Federal Contract Tower,7,23,3,0,33,0,4,7,0,11,7,27,10,0,44,4,0,4,48
01/16/2013,MSO,MT,ANM,WE,Federal Contract Tower,8,13,11,0,32,0,2,11,0,13,8,15,22,0,45,2,0,2,47
01/17/2013,MSO,MT,ANM,WE,Federal Contract Tower,6,16,3,0,25,0,3,9,0,12,6,19,12,0,37,36,0,36,73
01/18/2013,MSO,MT,ANM,WE,Federal Contract Tower,11,24,2,0,37,0,9,7,0,16,11,33,9,0,53,12,0,12,65
01/19/2013,MSO,MT,ANM,WE,Federal Contract Tower,7,12,3,0,22,0,0,31,0,31,7,12,34,0,53,28,0,28,81
01/20/2013,MSO,MT,ANM,WE,Federal Contract Tower,6,15,8,0,29,0,1,14,0,15,6,16,22,0,44,38,0,38,82
01/21/2013,MSO,MT,ANM,WE,Federal Contract Tower,10,16,5,0,31,0,4,23,0,27,10,20,28,0,58,44,0,44,102
01/22/2013,MSO,MT,ANM,WE,Federal Contract Tower,6,16,14,0,36,0,1,17,0,18,6,17,31,0,54,28,0,28,82
01/23/2013,MSO,MT,ANM,WE,Federal Contract Tower,8,17,5,0,30,0,8,16,0,24,8,25,21,0,54,32,0,32,86
01/24/2013,MSO,MT,ANM,WE,Federal Contract Tower,6,14,7,0,27,0,2,11,0,13,6,16,18,0,40,22,0,22,62
01/25/2013,MSO,MT,ANM,WE,Federal Contract Tower,9,22,9,0,40,0,7,16,0,23,9,29,25,0,63,14,0,14,77
01/26/2013,MSO,MT,ANM,WE,Federal Contract Tower,8,11,1,0,20,0,0,3,0,3,8,11,4,0,23,6,0,6,29
01/27/2013,MSO,MT,ANM,WE,Federal Contract Tower,6,14,3,0,23,0,2,5,0,7,6,16,8,0,30,58,0,58,88
01/28/2013,MSO,MT,ANM,WE,Federal Contract Tower,10,17,3,0,30,0,5,14,0,19,10,22,17,0,49,8,0,8,57
01/29/2013,MSO,MT,ANM,WE,Federal Contract Tower,7,16,3,0,26,0,0,1,0,1,7,16,4,0,27,14,0,14,41
01/30/2013,MSO,MT,ANM,WE,Federal Contract Tower,8,17,5,0,30,0,0,3,0,3,8,17,8,0,33,26,0,26,59
01/31/2013,MSO,MT,ANM,WE,Federal Contract Tower,5,20,9,5,39,0,0,17,1,18,5,20,26,6,57,10,0,10,67
02/01/2013,MSO,MT,ANM,WE,Federal Contract Tower,9,24,15,0,48,0,4,23,0,27,9,28,38,0,75,26,0,26,101
02/02/2013,MSO,MT,ANM,WE,Federal Contract Tower,7,11,4,0,22,0,4,25,0,29,7,15,29,0,51,38,0,38,89
02/03/2013,MSO,MT,ANM,WE,Federal Contract Tower,6,12,13,0,31,0,3,15,0,18,6,15,28,0,49,26,0,26,75
02/04/2013,MSO,MT,ANM,WE,Federal Contract Tower,9,15,6,0,30,0,3,9,0,12,9,18,15,0,42,28,0,28,70
02/05/2013,MSO,MT,ANM,WE,Federal Contract Tower,6,17,5,0,28,0,2,15,0,17,6,19,20,0,45,10,0,10,55
02/06/2013,MSO,MT,ANM,WE,Federal Contract Tower,9,14,9,0,32,0,1,8,0,9,9,15,17,0,41,10,0,10,51
02/07/2013,MSO,MT,ANM,WE,Federal Contract Tower,5,22,6,0,33,0,2,13,0,15,5,24,19,0,48,30,0,30,78
02/08/2013,MSO,MT,ANM,WE,Federal Contract Tower,9,19,8,0,36,0,1,15,0,16,9,20,23,0,52,38,0,38,90
02/09/2013,MSO,MT,ANM,WE,Federal Contract Tower,6,16,2,0,24,0,2,9,0,11,6,18,11,0,35,18,0,18,53
02/10/2013,MSO,MT,ANM,WE,Federal Contract Tower,7,12,6,0,25,0,3,15,0,18,7,15,21,0,43,18,0,18,61
02/11/2013,MSO,MT,ANM,WE,Federal Contract Tower,9,22,9,0,40,0,3,18,0,21,9,25,27,0,61,12,0,12,73
02/12/2013,MSO,MT,ANM,WE,Federal Contract Tower,5,15,5,0,25,0,5,4,0,9,5,20,9,0,34,0,0,0,34
02/13/2013,MSO,MT,ANM,WE,Federal Contract Tower,6,18,12,0,36,0,0,10,0,10,6,18,22,0,46,38,0,38,84
02/14/2013,MSO,MT,ANM,WE,Federal Contract Tower,5,21,4,0,30,0,2,12,0,14,5,23,16,0,44,4,0,4,48
02/15/2013,MSO,MT,ANM,WE,Federal Contract Tower,11,22,11,0,44,0,4,22,0,26,11,26,33,0,70,16,0,16,86
02/16/2013,MSO,MT,ANM,WE,Federal Contract Tower,6,17,3,0,26,0,2,27,0,29,6,19,30,0,55,38,0,38,93
02/17/2013,MSO,MT,ANM,WE,Federal Contract Tower,5,14,2,0,21,0,0,0,0,0,5,14,2,0,21,0,0,0,21
02/18/2013,MSO,MT,ANM,WE,Federal Contract Tower,10,16,10,0,36,0,4,24,0,28,10,20,34,0,64,36,0,36,100
02/19/2013,MSO,MT,ANM,WE,Federal Contract Tower,7,18,9,0,34,0,4,14,0,18,7,22,23,0,52,18,0,18,70
02/20/2013,MSO,MT,ANM,WE,Federal Contract Tower,6,21,14,0,41,0,0,12,0,12,6,21,26,0,53,24,0,24,77
02/21/2013,MSO,MT,ANM,WE,Federal Contract Tower,5,18,6,2,31,0,0,15,0,15,5,18,21,2,46,42,16,58,104
02/22/2013,MSO,MT,ANM,WE,Federal Contract Tower,9,19,2,0,30,0,1,7,0,8,9,20,9,0,38,4,0,4,42
02/23/2013,MSO,MT,ANM,WE,Federal Contract Tower,5,15,8,0,28,0,3,1,0,4,5,18,9,0,32,0,0,0,32
02/24/2013,MSO,MT,ANM,WE,Federal Contract Tower,5,15,10,0,30,0,2,9,0,11,5,17,19,0,41,16,0,16,57
02/25/2013,MSO,MT,ANM,WE,Federal Contract Tower,9,17,4,0,30,0,7,1,0,8,9,24,5,0,38,6,0,6,44
02/26/2013,MSO,MT,ANM,WE,Federal Contract Tower,5,18,15,0,38,0,0,13,0,13,5,18,28,0,51,52,0,52,103
02/27/2013,MSO,MT,ANM,WE,Federal Contract Tower,5,18,6,0,29,0,2,16,0,18,5,20,22,0,47,50,0,50,97
02/28/2013,MSO,MT,ANM,WE,Federal Contract Tower,5,21,4,0,30,0,3,1,0,4,5,24,5,0,34,12,0,12,46
03/01/2013,MSO,MT,ANM,WE,Federal Contract Tower,10,17,10,0,37,0,0,19,0,19,10,17,29,0,56,26,0,26,82
03/02/2013,MSO,MT,ANM,WE,Federal Contract Tower,5,16,3,0,24,0,4,31,0,35,5,20,34,0,59,48,0,48,107
03/03/2013,MSO,MT,ANM,WE,Federal Contract Tower,7,12,4,0,23,0,0,1,0,1,7,12,5,0,24,0,0,0,24
03/04/2013,MSO,MT,ANM,WE,Federal Contract Tower,11,16,5,0,32,2,11,0,0,13,13,27,5,0,45,46,0,46,91
03/05/2013,MSO,MT,ANM,WE,Federal Contract Tower,6,19,2,0,27,0,0,21,0,21,6,19,23,0,48,34,0,34,82
03/06/2013,MSO,MT,ANM,WE,Federal Contract Tower,6,17,2,0,25,0,1,9,0,10,6,18,11,0,35,28,0,28,63
03/07/2013,MSO,MT,ANM,WE,Federal Contract Tower,10,16,5,0,31,0,5,30,0,35,10,21,35,0,66,26,0,26,92
03/08/2013,MSO,MT,ANM,WE,Federal Contract Tower,10,20,4,0,34,0,10,34,0,44,10,30,38,0,78,18,0,18,96
03/09/2013,MSO,MT,ANM,WE,Federal Contract Tower,8,9,7,0,24,0,2,47,0,49,8,11,54,0,73,32,0,32,105
03/10/2013,MSO,MT,ANM,WE,Federal Contract Tower,7,12,4,0,23,0,3,17,0,20,7,15,21,0,43,12,0,12,55
03/11/2013,MSO,MT,ANM,WE,Federal Contract Tower,11,13,3,0,27,0,0,8,0,8,11,13,11,0,35,22,0,22,57
03/12/2013,MSO,MT,ANM,WE,Federal Contract Tower,7,19,1,0,27,0,1,9,0,10,7,20,10,0,37,62,0,62,99
03/13/2013,MSO,MT,ANM,WE,Federal Contract Tower,7,17,15,3,42,0,5,31,3,39,7,22,46,6,81,28,0,28,109
03/14/2013,MSO,MT,ANM,WE,Federal Contract Tower,7,16,14,0,37,0,6,36,0,42,7,22,50,0,79,74,0,74,153
03/15/2013,MSO,MT,ANM,WE,Federal Contract Tower,10,18,4,0,32,0,7,15,0,22,10,25,19,0,54,14,0,14,68
03/16/2013,MSO,MT,ANM,WE,Federal Contract Tower,5,12,1,0,18,0,2,17,0,19,5,14,18,0,37,10,0,10,47
03/17/2013,MSO,MT,ANM,WE,Federal Contract Tower,7,17,3,0,27,0,0,0,0,0,7,17,3,0,27,30,0,30,57
03/18/2013,MSO,MT,ANM,WE,Federal Contract Tower,10,14,3,1,28,0,0,9,0,9,10,14,12,1,37,41,14,55,92
03/19/2013,MSO,MT,ANM,WE,Federal Contract Tower,9,19,16,0,44,0,6,33,0,39,9,25,49,0,83,124,0,124,207
03/20/2013,MSO,MT,ANM,WE,Federal Contract Tower,7,18,6,0,31,0,0,25,3,28,7,18,31,3,59,36,0,36,95
03/21/2013,MSO,MT,ANM,WE,Federal Contract Tower,6,22,20,0,48,0,0,19,0,19,6,22,39,0,67,72,0,72,139
03/22/2013,MSO,MT,ANM,WE,Federal Contract Tower,12,20,5,0,37,0,0,7,0,7,12,20,12,0,44,28,0,28,72
03/23/2013,MSO,MT,ANM,WE,Federal Contract Tower,8,12,2,0,22,0,2,12,3,17,8,14,14,3,39,42,0,42,81
03/24/2013,MSO,MT,ANM,WE,Federal Contract Tower,7,12,5,0,24,0,3,19,0,22,7,15,24,0,46,48,0,48,94
03/25/2013,MSO,MT,ANM,WE,Federal Contract Tower,10,15,5,0,30,0,3,49,0,52,10,18,54,0,82,104,0,104,186
03/26/2013,MSO,MT,ANM,WE,Federal Contract Tower,6,17,7,0,30,0,1,44,0,45,6,18,51,0,75,64,0,64,139
03/27/2013,MSO,MT,ANM,WE,Federal Contract Tower,8,23,4,0,35,0,1,37,0,38,8,24,41,0,73,70,0,70,143
03/28/2013,MSO,MT,ANM,WE,Federal Contract Tower,9,15,12,0,36,0,5,26,0,31,9,20,38,0,67,34,2,36,103
03/29/2013,MSO,MT,ANM,WE,Federal Contract Tower,9,19,8,0,36,0,0,26,0,26,9,19,34,0,62,18,0,18,80
03/30/2013,MSO,MT,ANM,WE,Federal Contract Tower,6,13,8,1,28,0,5,60,1,66,6,18,68,2,94,42,0,42,136
03/31/2013,MSO,MT,ANM,WE,Federal Contract Tower,7,12,1,0,20,0,2,22,0,24,7,14,23,0,44,4,0,4,48
04/01/2013,MSO,MT,ANM,WE,Federal Contract Tower,12,14,8,0,34,0,2,39,0,41,12,16,47,0,75,30,0,30,105
04/02/2013,MSO,MT,ANM,WE,Federal Contract Tower,7,16,13,0,36,0,6,38,0,44,7,22,51,0,80,42,0,42,122
04/03/2013,MSO,MT,ANM,WE,Federal Contract Tower,8,18,9,0,35,0,25,41,0,66,8,43,50,0,101,16,0,16,117
04/04/2013,MSO,MT,ANM,WE,Federal Contract Tower,6,17,11,0,34,0,6,30,2,38,6,23,41,2,72,62,0,62,134
04/05/2013,MSO,MT,ANM,WE,Federal Contract Tower,10,16,5,0,31,0,18,8,0,26,10,34,13,0,57,44,0,44,101
04/06/2013,MSO,MT,ANM,WE,Federal Contract Tower,7,15,0,0,22,0,0,9,0,9,7,15,9,0,31,56,0,56,87
04/07/2013,MSO,MT,ANM,WE,Federal Contract Tower,7,12,7,0,26,0,2,4,0,6,7,14,11,0,32,42,0,42,74
04/08/2013,MSO,MT,ANM,WE,Federal Contract Tower,10,13,5,0,28,0,0,6,0,6,10,13,11,0,34,32,0,32,66
04/09/2013,MSO,MT,ANM,WE,Federal Contract Tower,8,17,19,0,44,0,8,55,0,63,8,25,74,0,107,66,0,66,173
04/10/2013,MSO,MT,ANM,WE,Federal Contract Tower,8,21,8,0,37,0,20,37,0,57,8,41,45,0,94,56,0,56,150
04/11/2013,MSO,MT,ANM,WE,Federal Contract Tower,11,17,6,0,34,0,8,23,0,31,11,25,29,0,65,4,0,4,69
04/12/2013,MSO,MT,ANM,WE,Federal Contract Tower,13,18,6,0,37,0,25,33,0,58,13,43,39,0,95,46,0,46,141
04/13/2013,MSO,MT,ANM,WE,Federal Contract Tower,7,12,4,0,23,0,2,0,0,2,7,14,4,0,25,0,0,0,25
04/14/2013,MSO,MT,ANM,WE,Federal Contract Tower,9,11,0,0,20,0,3,5,0,8,9,14,5,0,28,16,0,16,44
04/15/2013,MSO,MT,ANM,WE,Federal Contract Tower,14,18,8,0,40,0,8,11,0,19,14,26,19,0,59,22,0,22,81
04/16/2013,MSO,MT,ANM,WE,Federal Contract Tower,9,20,15,0,44,0,3,22,0,25,9,23,37,0,69,28,0,28,97
04/17/2013,MSO,MT,ANM,WE,Federal Contract Tower,8,14,11,5,38,0,1,37,1,39,8,15,48,6,77,10,0,10,87
04/18/2013,MSO,MT,ANM,WE,Federal Contract Tower,12,17,8,2,39,0,4,21,0,25,12,21,29,2,64,6,0,6,70
04/19/2013,MSO,MT,ANM,WE,Federal Contract Tower,12,19,6,0,37,0,7,6,0,13,12,26,12,0,50,12,0,12,62
04/20/2013,MSO,MT,ANM,WE,Federal Contract Tower,7,13,3,0,23,0,0,7,0,7,7,13,10,0,30,4,0,4,34
04/21/2013,MSO,MT,ANM,WE,Federal Contract Tower,7,16,0,0,23,0,0,3,0,3,7,16,3,0,26,16,0,16,42
04/22/2013,MSO,MT,ANM,WE,Federal Contract Tower,12,13,8,0,33,0,2,20,0,22,12,15,28,0,55,20,0,20,75
04/23/2013,MSO,MT,ANM,WE,Federal Contract Tower,10,15,23,0,48,0,6,44,0,50,10,21,67,0,98,80,0,80,178
04/24/2013,MSO,MT,ANM,WE,Federal Contract Tower,10,20,13,2,45,0,7,50,0,57,10,27,63,2,102,62,0,62,164
04/25/2013,MSO,MT,ANM,WE,Federal Contract Tower,10,17,14,0,41,0,11,56,0,67,10,28,70,0,108,44,0,44,152
04/26/2013,MSO,MT,ANM,WE,Federal Contract Tower,14,14,9,0,37,0,29,53,2,84,14,43,62,2,121,48,0,48,169
04/27/2013,MSO,MT,ANM,WE,Federal Contract Tower,7,13,1,0,21,0,4,15,0,19,7,17,16,0,40,56,0,56,96
04/28/2013,MSO,MT,ANM,WE,Federal Contract Tower,8,13,10,0,31,0,3,8,0,11,8,16,18,0,42,36,0,36,78
04/29/2013,MSO,MT,ANM,WE,Federal Contract Tower,14,12,7,0,33,0,1,2,0,3,14,13,9,0,36,4,0,4,40
04/30/2013,MSO,MT,ANM,WE,Federal Contract Tower,9,16,8,0,33,0,0,17,0,17,9,16,25,0,50,22,0,22,72
05/01/2013,MSO,MT,ANM,WE,Federal Contract Tower,7,20,7,0,34,0,7,42,0,49,7,27,49,0,83,38,0,38,121
05/02/2013,MSO,MT,ANM,WE,Federal Contract Tower,7,24,11,0,42,8,16,60,0,84,15,40,71,0,126,52,0,52,178
05/03/2013,MSO,MT,ANM,WE,Federal Contract Tower,13,20,22,0,55,18,5,20,0,43,31,25,42,0,98,16,0,16,114
05/04/2013,MSO,MT,ANM,WE,Federal Contract Tower,9,14,1,1,25,0,2,36,1,39,9,16,37,2,64,62,0,62,126
05/05/2013,MSO,MT,ANM,WE,Federal Contract Tower,7,14,10,0,31,0,1,29,0,30,7,15,39,0,61,36,0,36,97
05/06/2013,MSO,MT,ANM,WE,Federal Contract Tower,9,18,10,0,37,0,7,47,0,54,9,25,57,0,91,10,0,10,101
05/07/2013,MSO,MT,ANM,WE,Federal Contract Tower,6,22,15,0,43,0,10,49,4,63,6,32,64,4,106,14,0,14,120
05/08/2013,MSO,MT,ANM,WE,Federal Contract Tower,6,22,10,0,38,0,9,26,0,35,6,31,36,0,73,40,0,40,113
05/09/2013,MSO,MT,ANM,WE,Federal Contract Tower,7,28,6,0,41,0,9,36,0,45,7,37,42,0,86,10,0,10,96
05/10/2013,MSO,MT,ANM,WE,Federal Contract Tower,16,27,3,0,46,5,17,37,0,59,21,44,40,0,105,58,0,58,163
05/11/2013,MSO,MT,ANM,WE,Federal Contract Tower,10,18,1,0,29,0,1,36,0,37,10,19,37,0,66,66,0,66,132
05/12/2013,MSO,MT,ANM,WE,Federal Contract Tower,10,11,7,1,29,0,8,23,0,31,10,19,30,1,60,40,6,46,106
05/13/2013,MSO,MT,ANM,WE,Federal Contract Tower,10,20,8,0,38,0,8,18,0,26,10,28,26,0,64,4,0,4,68
05/14/2013,MSO,MT,ANM,WE,Federal Contract Tower,5,23,8,0,36,0,11,33,0,44,5,34,41,0,80,40,0,40,120
05/15/2013,MSO,MT,ANM,WE,Federal Contract Tower,7,18,7,1,33,0,18,32,0,50,7,36,39,1,83,22,0,22,105
05/16/2013,MSO,MT,ANM,WE,Federal Contract Tower,6,31,8,0,45,0,12,25,0,37,6,43,33,0,82,0,0,0,82
05/17/2013,MSO,MT,ANM,WE,Federal Contract Tower,10,28,7,0,45,0,5,19,0,24,10,33,26,0,69,14,0,14,83
05/18/2013,MSO,MT,ANM,WE,Federal Contract Tower,8,16,4,0,28,0,0,6,0,6,8,16,10,0,34,0,0,0,34
05/19/2013,MSO,MT,ANM,WE,Federal Contract Tower,7,18,9,0,34,0,0,16,0,16,7,18,25,0,50,0,0,0,50
05/20/2013,MSO,MT,ANM,WE,Federal Contract Tower,11,22,10,3,46,0,8,31,0,39,11,30,41,3,85,24,14,38,123
05/21/2013,MSO,MT,ANM,WE,Federal Contract Tower,7,20,8,7,42,0,7,31,0,38,7,27,39,7,80,10,0,10,90
05/22/2013,MSO,MT,ANM,WE,Federal Contract Tower,7,22,10,0,39,0,3,10,0,13,7,25,20,0,52,2,0,2,54
05/23/2013,MSO,MT,ANM,WE,Federal Contract Tower,8,24,15,2,49,0,25,23,0,48,8,49,38,2,97,0,4,4,101
05/24/2013,MSO,MT,ANM,WE,Federal Contract Tower,11,29,19,0,59,0,15,7,0,22,11,44,26,0,81,0,0,0,81
05/25/2013,MSO,MT,ANM,WE,Federal Contract Tower,6,15,7,0,28,0,8,29,0,37,6,23,36,0,65,10,0,10,75
05/26/2013,MSO,MT,ANM,WE,Federal Contract Tower,9,8,1,0,18,0,2,21,0,23,9,10,22,0,41,10,0,10,51
05/27/2013,MSO,MT,ANM,WE,Federal Contract Tower,14,12,9,0,35,0,5,14,0,19,14,17,23,0,54,8,0,8,62
05/28/2013,MSO,MT,ANM,WE,Federal Contract Tower,7,26,10,0,43,0,0,9,0,9,7,26,19,0,52,0,0,0,52
05/29/2013,MSO,MT,ANM,WE,Federal Contract Tower,8,26,9,0,43,0,7,27,0,34,8,33,36,0,77,30,0,30,107
05/30/2013,MSO,MT,ANM,WE,Federal Contract Tower,7,18,9,0,34,0,2,7,0,9,7,20,16,0,43,12,0,12,55
05/31/2013,MSO,MT,ANM,WE,Federal Contract Tower,11,20,9,0,40,0,14,18,0,32,11,34,27,0,72,10,0,10,82
06/01/2013,MSO,MT,ANM,WE,Federal Contract Tower,6,13,3,0,22,0,7,59,0,66,6,20,62,0,88,26,0,26,114
06/02/2013,MSO,MT,ANM,WE,Federal Contract Tower,7,17,12,0,36,0,2,8,0,10,7,19,20,0,46,0,0,0,46
06/03/2013,MSO,MT,ANM,WE,Federal Contract Tower,13,19,10,0,42,0,0,6,0,6,13,19,16,0,48,4,0,4,52
06/04/2013,MSO,MT,ANM,WE,Federal Contract Tower,6,20,11,0,37,0,6,26,0,32,6,26,37,0,69,6,0,6,75
06/05/2013,MSO,MT,ANM,WE,Federal Contract Tower,6,22,10,0,38,0,4,53,0,57,6,26,63,0,95,30,0,30,125
06/06/2013,MSO,MT,ANM,WE,Federal Contract Tower,13,24,23,4,64,0,21,40,0,61,13,45,63,4,125,30,10,40,165
06/07/2013,MSO,MT,ANM,WE,Federal Contract Tower,13,19,9,1,42,0,16,23,0,39,13,35,32,1,81,8,0,8,89
06/08/2013,MSO,MT,ANM,WE,Federal Contract Tower,8,17,5,0,30,0,5,28,0,33,8,22,33,0,63,0,0,0,63
06/09/2013,MSO,MT,ANM,WE,Federal Contract Tower,17,13,4,1,35,0,11,36,0,47,17,24,40,1,82,30,0,30,112
06/10/2013,MSO,MT,ANM,WE,Federal Contract Tower,15,17,14,0,46,0,13,30,0,43,15,30,44,0,89,10,0,10,99
06/11/2013,MSO,MT,ANM,WE,Federal Contract Tower,11,27,10,0,48,0,19,21,1,41,11,46,31,1,89,36,12,48,137
06/12/2013,MSO,MT,ANM,WE,Federal Contract Tower,12,17,14,3,46,0,14,20,1,35,12,31,34,4,81,22,0,22,103
06/13/2013,MSO,MT,ANM,WE,Federal Contract Tower,16,26,15,0,57,0,10,16,0,26,16,36,31,0,83,24,0,24,107
06/14/2013,MSO,MT,ANM,WE,Federal Contract Tower,18,25,10,0,53,0,9,20,0,29,18,34,30,0,82,0,0,0,82
06/15/2013,MSO,MT,ANM,WE,Federal Contract Tower,10,22,2,0,34,0,4,64,0,68,10,26,66,0,102,24,0,24,126
06/16/2013,MSO,MT,ANM,WE,Federal Contract Tower,19,17,16,0,52,0,3,36,0,39,19,20,52,0,91,30,0,30,121
06/17/2013,MSO,MT,ANM,WE,Federal Contract Tower,20,20,15,2,57,0,9,37,0,46,20,29,52,2,103,6,6,12,115
06/18/2013,MSO,MT,ANM,WE,Federal Contract Tower,14,32,10,0,56,0,13,23,0,36,14,45,33,0,92,6,0,6,98
06/19/2013,MSO,MT,ANM,WE,Federal Contract Tower,11,19,19,4,53,0,0,15,0,15,11,19,34,4,68,0,0,0,68
06/20/2013,MSO,MT,ANM,WE,Federal Contract Tower,17,24,11,0,52,0,9,28,0,37,17,33,39,0,89,40,0,40,129
06/21/2013,MSO,MT,ANM,WE,Federal Contract Tower,18,30,12,0,60,0,14,35,0,49,18,44,47,0,109,28,0,28,137
06/22/2013,MSO,MT,ANM,WE,Federal Contract Tower,14,25,9,0,48,0,0,23,0,23,14,25,32,0,71,10,0,10,81
06/23/2013,MSO,MT,ANM,WE,Federal Contract Tower,19,13,5,0,37,0,4,22,0,26,19,17,27,0,63,12,0,12,75
06/24/2013,MSO,MT,ANM,WE,Federal Contract Tower,19,20,13,0,52,0,0,9,0,9,19,20,22,0,61,16,0,16,77
06/25/2013,MSO,MT,ANM,WE,Federal Contract Tower,14,28,10,2,54,0,10,14,0,24,14,38,24,2,78,16,0,16,94
06/26/2013,MSO,MT,ANM,WE,Federal Contract Tower,15,17,14,5,51,0,0,19,0,19,15,17,33,5,70,8,0,8,78
06/27/2013,MSO,MT,ANM,WE,Federal Contract Tower,19,17,25,0,61,0,5,51,0,56,19,22,76,0,117,6,0,6,123
06/28/2013,MSO,MT,ANM,WE,Federal Contract Tower,18,32,9,0,59,0,14,42,0,56,18,46,51,0,115,14,0,14,129
06/29/2013,MSO,MT,ANM,WE,Federal Contract Tower,16,24,2,0,42,0,2,24,0,26,16,26,26,0,68,34,0,34,102
06/30/2013,MSO,MT,ANM,WE,Federal Contract Tower,20,22,13,0,55,0,7,40,0,47,20,29,53,0,102,8,0,8,110
07/01/2013,MSO,MT,ANM,WE,Federal Contract Tower,19,22,18,0,59,0,10,56,0,66,19,32,74,0,125,12,0,12,137
07/02/2013,MSO,MT,ANM,WE,Federal Contract Tower,15,20,8,0,43,0,23,39,0,62,15,43,47,0,105,14,0,14,119
07/03/2013,MSO,MT,ANM,WE,Federal Contract Tower,15,36,15,3,69,0,7,44,0,51,15,43,59,3,120,8,28,36,156
07/04/2013,MSO,MT,ANM,WE,Federal Contract Tower,17,13,4,0,34,0,9,23,0,32,17,22,27,0,66,8,0,8,74
07/05/2013,MSO,MT,ANM,WE,Federal Contract Tower,19,24,6,0,49,0,17,29,0,46,19,41,35,0,95,0,0,0,95
07/06/2013,MSO,MT,ANM,WE,Federal Contract Tower,13,24,18,0,55,0,7,53,0,60,13,31,71,0,115,0,0,0,115
07/07/2013,MSO,MT,ANM,WE,Federal Contract Tower,16,23,9,0,48,0,7,56,0,63,16,30,65,0,111,36,0,36,147
07/08/2013,MSO,MT,ANM,WE,Federal Contract Tower,16,26,12,0,54,0,32,40,0,72,16,58,52,0,126,2,0,2,128
07/09/2013,MSO,MT,ANM,WE,Federal Contract Tower,12,29,13,2,56,0,2,60,0,62,12,31,73,2,118,8,16,24,142
07/10/2013,MSO,MT,ANM,WE,Federal Contract Tower,14,24,13,0,51,0,6,65,0,71,14,30,78,0,122,10,0,10,132
07/11/2013,MSO,MT,ANM,WE,Federal Contract Tower,16,31,10,0,57,0,14,34,0,48,16,45,44,0,105,16,0,16,121
07/12/2013,MSO,MT,ANM,WE,Federal Contract Tower,17,28,16,0,61,0,9,56,19,84,17,37,72,19,145,20,0,20,165
07/13/2013,MSO,MT,ANM,WE,Federal Contract Tower,16,26,17,0,59,0,10,74,1,85,16,36,91,1,144,22,0,22,166
07/14/2013,MSO,MT,ANM,WE,Federal Contract Tower,16,21,18,0,55,0,8,49,2,59,16,29,67,2,114,0,0,0,114
07/15/2013,MSO,MT,ANM,WE,Federal Contract Tower,16,27,16,0,59,0,34,54,2,90,16,61,70,2,149,8,0,8,157
07/16/2013,MSO,MT,ANM,WE,Federal Contract Tower,12,28,28,0,68,0,62,74,0,136,12,90,102,0,204,35,0,35,239
07/17/2013,MSO,MT,ANM,WE,Federal Contract Tower,14,31,16,0,61,0,71,43,1,115,14,102,59,1,176,22,0,22,198
07/18/2013,MSO,MT,ANM,WE,Federal Contract Tower,16,28,18,2,64,15,54,65,1,135,31,82,83,3,199,32,0,32,231
07/19/2013,MSO,MT,ANM,WE,Federal Contract Tower,16,27,16,0,59,3,16,90,2,111,19,43,106,2,170,8,0,8,178
07/20/2013,MSO,MT,ANM,WE,Federal Contract Tower,17,26,15,0,58,10,8,48,0,66,27,34,63,0,124,24,0,24,148
07/21/2013,MSO,MT,ANM,WE,Federal Contract Tower,16,25,9,0,50,0,16,54,0,70,16,41,63,0,120,20,0,20,140
07/22/2013,MSO,MT,ANM,WE,Federal Contract Tower,16,25,16,0,57,8,24,51,0,83,24,49,67,0,140,10,0,10,150
07/23/2013,MSO,MT,ANM,WE,Federal Contract Tower,12,32,26,0,70,0,10,39,0,49,12,42,65,0,119,8,0,8,127
07/24/2013,MSO,MT,ANM,WE,Federal Contract Tower,14,33,23,0,70,0,5,49,0,54,14,38,72,0,124,24,0,24,148
07/25/2013,MSO,MT,ANM,WE,Federal Contract Tower,16,26,26,0,68,4,119,81,0,204,20,145,107,0,272,26,0,26,298
07/26/2013,MSO,MT,ANM,WE,Federal Contract Tower,16,32,14,0,62,18,29,82,1,130,34,61,96,1,192,32,0,32,224
07/27/2013,MSO,MT,ANM,WE,Federal Contract Tower,19,25,12,0,56,27,12,61,0,100,46,37,73,0,156,8,0,8,164
07/28/2013,MSO,MT,ANM,WE,Federal Contract Tower,16,26,26,0,68,9,29,63,0,101,25,55,89,0,169,44,0,44,213
07/29/2013,MSO,MT,ANM,WE,Federal Contract Tower,16,26,7,0,49,6,79,31,0,116,22,105,38,0,165,12,0,12,177
07/30/2013,MSO,MT,ANM,WE,Federal Contract Tower,13,31,10,0,54,9,53,62,4,128,22,84,72,4,182,14,0,14,196
07/31/2013,MSO,MT,ANM,WE,Federal Contract Tower,16,27,12,4,59,0,20,66,4,90,16,47,78,8,149,54,10,64,213
08/01/2013,MSO,MT,ANM,WE,Federal Contract Tower,17,31,15,0,63,8,14,29,0,51,25,45,44,0,114,0,0,0,114
08/02/2013,MSO,MT,ANM,WE,Federal Contract Tower,16,37,14,0,67,4,26,39,0,69,20,63,53,0,136,10,0,10,146
08/03/2013,MSO,MT,ANM,WE,Federal Contract Tower,16,25,17,0,58,0,3,41,0,44,16,28,58,0,102,22,0,22,124
08/04/2013,MSO,MT,ANM,WE,Federal Contract Tower,16,24,15,0,55,0,11,64,0,75,16,35,79,0,130,18,0,18,148
08/05/2013,MSO,MT,ANM,WE,Federal Contract Tower,18,23,11,0,52,0,28,40,0,68,18,51,51,0,120,0,0,0,120
08/06/2013,MSO,MT,ANM,WE,Federal Contract Tower,12,28,18,0,58,0,16,63,0,79,12,44,81,0,137,10,0,10,147
08/07/2013,MSO,MT,ANM,WE,Federal Contract Tower,16,29,13,0,58,0,25,48,0,73,16,54,61,0,131,0,0,0,131
08/08/2013,MSO,MT,ANM,WE,Federal Contract Tower,15,30,21,0,66,0,9,31,0,40,15,39,52,0,106,16,0,16,122
08/09/2013,MSO,MT,ANM,WE,Federal Contract Tower,18,27,10,0,55,0,11,30,0,41,18,38,40,0,96,10,0,10,106
08/10/2013,MSO,MT,ANM,WE,Federal Contract Tower,16,37,19,0,72,0,13,41,0,54,16,50,60,0,126,0,0,0,126
08/11/2013,MSO,MT,ANM,WE,Federal Contract Tower,16,26,13,0,55,0,8,30,0,38,16,34,43,0,93,36,0,36,129
08/12/2013,MSO,MT,ANM,WE,Federal Contract Tower,16,26,13,0,55,0,9,41,0,50,16,35,54,0,105,12,0,12,117
08/13/2013,MSO,MT,ANM,WE,Federal Contract Tower,14,22,11,0,47,0,28,37,0,65,14,50,48,0,112,26,0,26,138
08/14/2013,MSO,MT,ANM,WE,Federal Contract Tower,12,27,17,0,56,0,11,44,2,57,12,38,61,2,113,10,0,10,123
08/15/2013,MSO,MT,ANM,WE,Federal Contract Tower,14,34,14,0,62,0,72,35,0,107,14,106,49,0,169,32,0,32,201
08/16/2013,MSO,MT,ANM,WE,Federal Contract Tower,14,37,10,1,62,0,49,50,0,99,14,86,60,1,161,36,6,42,203
08/17/2013,MSO,MT,ANM,WE,Federal Contract Tower,15,30,18,0,63,0,11,74,0,85,15,41,92,0,148,24,0,24,172
08/18/2013,MSO,MT,ANM,WE,Federal Contract Tower,17,26,18,0,61,0,42,87,0,129,17,68,105,0,190,32,0,32,222
08/19/2013,MSO,MT,ANM,WE,Federal Contract Tower,16,26,17,0,59,2,32,147,0,181,18,58,164,0,240,4,0,4,244
08/20/2013,MSO,MT,ANM,WE,Federal Contract Tower,15,23,12,0,50,0,93,111,0,204,15,116,123,0,254,28,0,28,282
08/21/2013,MSO,MT,ANM,WE,Federal Contract Tower,16,24,18,2,60,21,73,72,0,166,37,97,90,2,226,24,0,24,250
08/22/2013,MSO,MT,ANM,WE,Federal Contract Tower,21,27,20,4,72,3,28,52,0,83,24,55,72,4,155,14,18,32,187
08/23/2013,MSO,MT,ANM,WE,Federal Contract Tower,15,34,16,0,65,0,58,56,1,115,15,92,72,1,180,20,0,20,200
08/24/2013,MSO,MT,ANM,WE,Federal Contract Tower,14,35,13,0,62,0,11,75,0,86,14,46,88,0,148,36,0,36,184
08/25/2013,MSO,MT,ANM,WE,Federal Contract Tower,17,23,14,0,54,0,9,63,0,72,17,32,77,0,126,20,0,20,146
08/26/2013,MSO,MT,ANM,WE,Federal Contract Tower,15,23,17,2,57,3,22,54,0,79,18,45,71,2,136,10,0,10,146
08/27/2013,MSO,MT,ANM,WE,Federal Contract Tower,9,26,22,2,59,0,18,36,1,55,9,44,58,3,114,16,0,16,130
08/28/2013,MSO,MT,ANM,WE,Federal Contract Tower,8,25,14,0,47,0,8,46,0,54,8,33,60,0,101,0,0,0,101
08/29/2013,MSO,MT,ANM,WE,Federal Contract Tower,13,24,23,0,60,0,8,59,0,67,13,32,82,0,127,14,0,14,141
08/30/2013,MSO,MT,ANM,WE,Federal Contract Tower,11,30,13,0,54,0,34,60,0,94,11,64,73,0,148,6,0,6,154
08/31/2013,MSO,MT,ANM,WE,Federal Contract Tower,9,22,15,0,46,0,2,112,0,114,9,24,127,0,160,28,0,28,188
09/01/2013,MSO,MT,ANM,WE,Federal Contract Tower,11,15,9,0,35,0,12,32,0,44,11,27,41,0,79,6,0,6,85
09/02/2013,MSO,MT,ANM,WE,Federal Contract Tower,14,24,6,0,44,0,6,53,0,59,14,30,59,0,103,34,0,34,137
09/03/2013,MSO,MT,ANM,WE,Federal Contract Tower,10,22,12,0,44,0,8,41,0,49,10,30,53,0,93,8,0,8,101
09/04/2013,MSO,MT,ANM,WE,Federal Contract Tower,8,29,10,0,47,0,16,46,0,62,8,45,56,0,109,22,0,22,131
09/05/2013,MSO,MT,ANM,WE,Federal Contract Tower,12,24,10,0,46,0,7,48,0,55,12,31,58,0,101,8,0,8,109
09/06/2013,MSO,MT,ANM,WE,Federal Contract Tower,13,26,20,0,59,0,24,39,0,63,13,50,59,0,122,6,0,6,128
09/07/2013,MSO,MT,ANM,WE,Federal Contract Tower,11,16,10,0,37,0,0,51,0,51,11,16,61,0,88,44,8,52,140
09/08/2013,MSO,MT,ANM,WE,Federal Contract Tower,11,23,14,0,48,0,5,31,0,36,11,28,45,0,84,18,0,18,102
09/09/2013,MSO,MT,ANM,WE,Federal Contract Tower,12,23,2,0,37,0,4,31,0,35,12,27,33,0,72,14,0,14,86
09/10/2013,MSO,MT,ANM,WE,Federal Contract Tower,6,23,16,0,45,0,9,62,0,71,6,32,78,0,116,28,0,28,144
09/11/2013,MSO,MT,ANM,WE,Federal Contract Tower,7,21,13,0,41,0,4,50,0,54,7,25,63,0,95,44,0,44,139
09/12/2013,MSO,MT,ANM,WE,Federal Contract Tower,13,30,9,0,52,0,5,58,0,63,13,35,67,0,115,32,0,32,147
09/13/2013,MSO,MT,ANM,WE,Federal Contract Tower,15,29,14,0,58,0,10,32,0,42,15,39,46,0,100,16,0,16,116
09/14/2013,MSO,MT,ANM,WE,Federal Contract Tower,11,19,8,0,38,0,0,34,0,34,11,19,42,0,72,10,0,10,82
09/15/2013,MSO,MT,ANM,WE,Federal Contract Tower,12,23,13,0,48,0,13,33,0,46,12,36,46,0,94,8,0,8,102
09/16/2013,MSO,MT,ANM,WE,Federal Contract Tower,11,23,16,0,50,0,0,33,0,33,11,23,49,0,83,0,0,0,83
09/17/2013,MSO,MT,ANM,WE,Federal Contract Tower,7,20,12,0,39,0,4,43,0,47,7,24,55,0,86,40,0,40,126
09/18/2013,MSO,MT,ANM,WE,Federal Contract Tower,8,24,15,0,47,0,3,9,0,12,8,27,24,0,59,18,0,18,77
09/19/2013,MSO,MT,ANM,WE,Federal Contract Tower,12,27,13,0,52,0,7,50,0,57,12,34,63,0,109,96,0,96,205
09/20/2013,MSO,MT,ANM,WE,Federal Contract Tower,10,30,12,0,52,0,11,57,0,68,10,41,69,0,120,18,0,18,138
09/21/2013,MSO,MT,ANM,WE,Federal Contract Tower,11,18,4,0,33,0,5,44,0,49,11,23,48,0,82,22,0,22,104
09/22/2013,MSO,MT,ANM,WE,Federal Contract Tower,11,24,8,0,43,0,5,21,0,26,11,29,29,0,69,0,0,0,69
09/23/2013,MSO,MT,ANM,WE,Federal Contract Tower,12,24,9,0,45,0,0,17,0,17,12,24,26,0,62,24,0,24,86
09/24/2013,MSO,MT,ANM,WE,Federal Contract Tower,8,20,11,0,39,0,0,5,0,5,8,20,16,0,44,0,0,0,44
09/25/2013,MSO,MT,ANM,WE,Federal Contract Tower,7,19,12,0,38,0,0,6,0,6,7,19,18,0,44,8,0,8,52
09/26/2013,MSO,MT,ANM,WE,Federal Contract Tower,12,26,16,0,54,0,0,20,0,20,12,26,36,0,74,40,0,40,114
09/27/2013,MSO,MT,ANM,WE,Federal Contract Tower,14,22,8,0,44,0,7,25,0,32,14,29,33,0,76,20,0,20,96
09/28/2013,MSO,MT,ANM,WE,Federal Contract Tower,9,14,5,0,28,0,1,13,0,14,9,15,18,0,42,0,0,0,42
09/29/2013,MSO,MT,ANM,WE,Federal Contract Tower,12,20,9,0,41,0,0,5,0,5,12,20,14,0,46,22,0,22,68
09/30/2013,MSO,MT,ANM,WE,Federal Contract Tower,10,24,9,0,43,0,4,8,0,12,10,28,17,0,55,0,0,0,55
10/01/2013,MSO,MT,ANM,WE,Federal Contract Tower,7,22,8,0,37,0,2,24,0,26,7,24,32,0,63,22,0,22,85
10/02/2013,MSO,MT,ANM,WE,Federal Contract Tower,7,17,14,0,38,0,0,34,0,34,7,17,48,0,72,20,0,20,92
10/03/2013,MSO,MT,ANM,WE,Federal Contract Tower,6,15,8,0,29,0,0,9,0,9,6,15,17,0,38,52,0,52,90
10/04/2013,MSO,MT,ANM,WE,Federal Contract Tower,13,18,6,0,37,0,16,36,0,52,13,34,42,0,89,32,0,32,121
10/05/2013,MSO,MT,ANM,WE,Federal Contract Tower,8,13,10,0,31,0,0,36,0,36,8,13,46,0,67,14,0,14,81
10/06/2013,MSO,MT,ANM,WE,Federal Contract Tower,10,10,8,0,28,0,2,36,0,38,10,12,44,0,66,36,0,36,102
10/07/2013,MSO,MT,ANM,WE,Federal Contract Tower,12,17,5,0,34,0,3,25,0,28,12,20,30,0,62,8,0,8,70
10/08/2013,MSO,MT,ANM,WE,Federal Contract Tower,7,16,11,0,34,0,7,9,0,16,7,23,20,0,50,20,0,20,70
10/09/2013,MSO,MT,ANM,WE,Federal Contract Tower,7,16,14,0,37,0,8,30,0,38,7,24,44,0,75,26,0,26,101
10/10/2013,MSO,MT,ANM,WE,Federal Contract Tower,8,19,2,0,29,0,9,28,0,37,8,28,30,0,66,22,0,22,88
10/11/2013,MSO,MT,ANM,WE,Federal Contract Tower,14,23,14,0,51,0,8,17,0,25,14,31,31,0,76,4,0,4,80
10/12/2013,MSO,MT,ANM,WE,Federal Contract Tower,6,15,8,0,29,0,2,23,0,25,6,17,31,0,54,30,0,30,84
10/13/2013,MSO,MT,ANM,WE,Federal Contract Tower,8,18,4,0,30,0,2,30,0,32,8,20,34,0,62,18,0,18,80
10/14/2013,MSO,MT,ANM,WE,Federal Contract Tower,11,18,6,0,35,0,1,11,0,12,11,19,17,0,47,28,0,28,75
10/15/2013,MSO,MT,ANM,WE,Federal Contract Tower,8,18,14,0,40,0,5,47,0,52,8,23,61,0,92,24,0,24,116
10/16/2013,MSO,MT,ANM,WE,Federal Contract Tower,8,22,14,2,46,4,4,12,0,20,12,26,26,2,66,14,6,20,86
10/17/2013,MSO,MT,ANM,WE,Federal Contract Tower,8,23,9,2,42,0,3,36,0,39,8,26,45,2,81,70,4,74,155
10/18/2013,MSO,MT,ANM,WE,Federal Contract Tower,13,20,6,0,39,0,10,15,0,25,13,30,21,0,64,28,0,28,92
10/19/2013,MSO,MT,ANM,WE,Federal Contract Tower,6,12,3,0,21,0,0,26,0,26,6,12,29,0,47,8,0,8,55
10/20/2013,MSO,MT,ANM,WE,Federal Contract Tower,7,12,13,0,32,0,4,28,0,32,7,16,41,0,64,2,0,2,66
10/21/2013,MSO,MT,ANM,WE,Federal Contract Tower,11,16,8,0,35,0,5,27,0,32,11,21,35,0,67,16,0,16,83
10/22/2013,MSO,MT,ANM,WE,Federal Contract Tower,8,17,11,0,36,2,37,0,0,39,10,54,11,0,75,12,0,12,87
10/23/2013,MSO,MT,ANM,WE,Federal Contract Tower,8,16,5,0,29,0,2,44,0,46,8,18,49,0,75,38,0,38,113
10/24/2013,MSO,MT,ANM,WE,Federal Contract Tower,8,20,7,0,35,0,0,42,0,42,8,20,49,0,77,20,0,20,97
10/25/2013,MSO,MT,ANM,WE,Federal Contract Tower,16,21,4,0,41,0,3,27,0,30,16,24,31,0,71,28,0,28,99
10/26/2013,MSO,MT,ANM,WE,Federal Contract Tower,5,18,6,0,29,0,2,29,0,31,5,20,35,0,60,14,0,14,74
10/27/2013,MSO,MT,ANM,WE,Federal Contract Tower,8,16,9,0,33,0,0,4,0,4,8,16,13,0,37,4,0,4,41
10/28/2013,MSO,MT,ANM,WE,Federal Contract Tower,11,18,9,0,38,0,0,2,0,2,11,18,11,0,40,0,0,0,40
10/29/2013,MSO,MT,ANM,WE,Federal Contract Tower,7,16,19,0,42,0,7,17,0,24,7,23,36,0,66,2,0,2,68
10/30/2013,MSO,MT,ANM,WE,Federal Contract Tower,8,18,16,0,42,0,0,22,0,22,8,18,38,0,64,12,0,12,76
10/31/2013,MSO,MT,ANM,WE,Federal Contract Tower,7,15,21,0,43,0,1,6,0,7,7,16,27,0,50,0,0,0,50
11/01/2013,MSO,MT,ANM,WE,Federal Contract Tower,15,21,4,0,40,0,0,7,0,7,15,21,11,0,47,28,0,28,75
11/02/2013,MSO,MT,ANM,WE,Federal Contract Tower,6,13,3,0,22,0,0,14,0,14,6,13,17,0,36,34,0,34,70
11/03/2013,MSO,MT,ANM,WE,Federal Contract Tower,7,12,5,0,24,0,0,1,0,1,7,12,6,0,25,10,0,10,35
11/04/2013,MSO,MT,ANM,WE,Federal Contract Tower,12,16,7,0,35,0,0,4,0,4,12,16,11,0,39,0,0,0,39
11/05/2013,MSO,MT,ANM,WE,Federal Contract Tower,7,16,5,0,28,0,0,3,0,3,7,16,8,0,31,0,0,0,31
11/06/2013,MSO,MT,ANM,WE,Federal Contract Tower,8,17,8,0,33,0,0,5,0,5,8,17,13,0,38,0,0,0,38
11/07/2013,MSO,MT,ANM,WE,Federal Contract Tower,10,14,12,0,36,0,0,8,0,8,10,14,20,0,44,0,0,0,44
11/08/2013,MSO,MT,ANM,WE,Federal Contract Tower,13,21,9,1,44,0,5,0,1,6,13,26,9,2,50,6,2,8,58
11/09/2013,MSO,MT,ANM,WE,Federal Contract Tower,8,16,4,0,28,0,4,15,0,19,8,20,19,0,47,17,0,17,64
11/10/2013,MSO,MT,ANM,WE,Federal Contract Tower,7,18,9,0,34,0,0,10,0,10,7,18,19,0,44,12,0,12,56
11/11/2013,MSO,MT,ANM,WE,Federal Contract Tower,11,17,10,1,39,0,0,10,0,10,11,17,20,1,49,12,0,12,61
11/12/2013,MSO,MT,ANM,WE,Federal Contract Tower,7,14,8,0,29,0,0,10,0,10,7,14,18,0,39,10,0,10,49
11/13/2013,MSO,MT,ANM,WE,Federal Contract Tower,7,14,25,0,46,0,4,9,0,13,7,18,34,0,59,6,0,6,65
11/14/2013,MSO,MT,ANM,WE,Federal Contract Tower,8,16,7,0,31,0,4,21,0,25,8,20,28,0,56,8,0,8,64
11/15/2013,MSO,MT,ANM,WE,Federal Contract Tower,11,25,13,0,49,0,6,8,0,14,11,31,21,0,63,6,0,6,69
11/16/2013,MSO,MT,ANM,WE,Federal Contract Tower,6,19,4,0,29,0,2,5,0,7,6,21,9,0,36,0,0,0,36
11/17/2013,MSO,MT,ANM,WE,Federal Contract Tower,8,16,2,0,26,0,4,0,0,4,8,20,2,0,30,0,0,0,30
11/18/2013,MSO,MT,ANM,WE,Federal Contract Tower,12,15,6,0,33,0,6,8,1,15,12,21,14,1,48,26,12,38,86
11/19/2013,MSO,MT,ANM,WE,Federal Contract Tower,7,13,16,2,38,0,0,6,1,7,7,13,22,3,45,5,20,25,70
11/20/2013,MSO,MT,ANM,WE,Federal Contract Tower,7,19,11,0,37,0,4,8,0,12,7,23,19,0,49,2,0,2,51
11/21/2013,MSO,MT,ANM,WE,Federal Contract Tower,9,18,18,0,45,0,8,35,0,43,9,26,53,0,88,88,0,88,176
11/22/2013,MSO,MT,ANM,WE,Federal Contract Tower,12,20,11,0,43,0,3,36,0,39,12,23,47,0,82,30,0,30,112
11/23/2013,MSO,MT,ANM,WE,Federal Contract Tower,7,18,6,0,31,0,2,28,0,30,7,20,34,0,61,40,0,40,101
11/24/2013,MSO,MT,ANM,WE,Federal Contract Tower,8,9,5,0,22,0,5,26,0,31,8,14,31,0,53,18,0,18,71
11/25/2013,MSO,MT,ANM,WE,Federal Contract Tower,12,17,12,0,41,0,2,19,0,21,12,19,31,0,62,19,0,19,81
11/26/2013,MSO,MT,ANM,WE,Federal Contract Tower,8,30,13,2,53,0,1,25,0,26,8,31,38,2,79,56,0,56,135
11/27/2013,MSO,MT,ANM,WE,Federal Contract Tower,7,22,8,0,37,0,2,17,0,19,7,24,25,0,56,32,0,32,88
11/28/2013,MSO,MT,ANM,WE,Federal Contract Tower,8,11,0,0,19,0,0,6,0,6,8,11,6,0,25,6,0,6,31
11/29/2013,MSO,MT,ANM,WE,Federal Contract Tower,9,14,4,0,27,0,0,13,0,13,9,14,17,0,40,8,0,8,48
11/30/2013,MSO,MT,ANM,WE,Federal Contract Tower,8,17,12,0,37,0,2,4,0,6,8,19,16,0,43,10,0,10,53
12/01/2013,MSO,MT,ANM,WE,Federal Contract Tower,11,16,13,0,40,0,0,6,0,6,11,16,19,0,46,0,0,0,46
12/02/2013,MSO,MT,ANM,WE,Federal Contract Tower,13,21,8,6,48,0,0,2,0,2,13,21,10,6,50,0,12,12,62
12/03/2013,MSO,MT,ANM,WE,Federal Contract Tower,7,20,12,4,43,0,2,4,0,6,7,22,16,4,49,34,0,34,83
12/04/2013,MSO,MT,ANM,WE,Federal Contract Tower,6,23,2,0,31,0,4,14,0,18,6,27,16,0,49,40,0,40,89
12/05/2013,MSO,MT,ANM,WE,Federal Contract Tower,13,15,13,0,41,0,2,15,0,17,13,17,28,0,58,38,0,38,96
12/06/2013,MSO,MT,ANM,WE,Federal Contract Tower,12,17,13,4,46,0,4,4,0,8,12,21,17,4,54,12,0,12,66
12/07/2013,MSO,MT,ANM,WE,Federal Contract Tower,9,16,5,0,30,0,1,3,2,6,9,17,8,2,36,2,0,2,38
12/08/2013,MSO,MT,ANM,WE,Federal Contract Tower,12,10,6,0,28,0,0,0,0,0,12,10,6,0,28,0,0,0,28
12/09/2013,MSO,MT,ANM,WE,Federal Contract Tower,13,12,12,0,37,0,0,0,0,0,13,12,12,0,37,0,0,0,37
12/10/2013,MSO,MT,ANM,WE,Federal Contract Tower,6,23,10,0,39,0,0,0,0,0,6,23,10,0,39,0,0,0,39
12/11/2013,MSO,MT,ANM,WE,Federal Contract Tower,6,19,11,7,43,0,0,5,0,5,6,19,16,7,48,0,8,8,56
12/12/2013,MSO,MT,ANM,WE,Federal Contract Tower,11,17,12,4,44,0,8,16,0,24,11,25,28,4,68,62,0,62,130
12/13/2013,MSO,MT,ANM,WE,Federal Contract Tower,14,22,7,0,43,0,0,7,0,7,14,22,14,0,50,22,0,22,72
12/14/2013,MSO,MT,ANM,WE,Federal Contract Tower,5,15,8,0,28,0,0,6,0,6,5,15,14,0,34,12,0,12,46
12/15/2013,MSO,MT,ANM,WE,Federal Contract Tower,11,15,11,0,37,0,0,6,4,10,11,15,17,4,47,6,0,6,53
12/16/2013,MSO,MT,ANM,WE,Federal Contract Tower,11,15,8,0,34,0,6,16,0,22,11,21,24,0,56,20,0,20,76
12/17/2013,MSO,MT,ANM,WE,Federal Contract Tower,7,27,15,0,49,0,9,57,0,66,7,36,72,0,115,28,0,28,143
12/18/2013,MSO,MT,ANM,WE,Federal Contract Tower,5,25,10,0,40,0,0,13,0,13,5,25,23,0,53,18,0,18,71
12/19/2013,MSO,MT,ANM,WE,Federal Contract Tower,11,22,11,3,47,0,0,29,0,29,11,22,40,3,76,28,8,36,112
12/20/2013,MSO,MT,ANM,WE,Federal Contract Tower,11,26,7,0,44,0,1,8,0,9,11,27,15,0,53,2,0,2,55
12/21/2013,MSO,MT,ANM,WE,Federal Contract Tower,10,25,3,0,38,0,2,3,0,5,10,27,6,0,43,6,0,6,49
12/22/2013,MSO,MT,ANM,WE,Federal Contract Tower,17,15,3,0,35,0,0,5,0,5,17,15,8,0,40,20,0,20,60
12/23/2013,MSO,MT,ANM,WE,Federal Contract Tower,15,24,8,0,47,0,0,0,0,0,15,24,8,0,47,0,0,0,47
12/24/2013,MSO,MT,ANM,WE,Federal Contract Tower,11,23,2,0,36,0,0,10,0,10,11,23,12,0,46,0,0,0,46
12/25/2013,MSO,MT,ANM,WE,Federal Contract Tower,11,14,1,0,26,0,3,13,0,16,11,17,14,0,42,0,0,0,42
12/26/2013,MSO,MT,ANM,WE,Federal Contract Tower,13,25,3,0,41,0,2,13,0,15,13,27,16,0,56,2,0,2,58
12/27/2013,MSO,MT,ANM,WE,Federal Contract Tower,11,35,7,0,53,0,4,15,0,19,11,39,22,0,72,16,0,16,88
12/28/2013,MSO,MT,ANM,WE,Federal Contract Tower,9,22,3,0,34,0,4,16,0,20,9,26,19,0,54,12,0,12,66
12/29/2013,MSO,MT,ANM,WE,Federal Contract Tower,15,16,7,0,38,0,2,13,0,15,15,18,20,0,53,2,0,2,55
12/30/2013,MSO,MT,ANM,WE,Federal Contract Tower,15,25,4,0,44,0,2,13,2,17,15,27,17,2,61,20,0,20,81
12/31/2013,MSO,MT,ANM,WE,Federal Contract Tower,13,20,0,0,33,0,2,2,0,4,13,22,2,0,37,10,0,10,47
01/01/2014,MSO,MT,ANM,WE,Federal Contract Tower,13,13,0,0,26,0,0,21,0,21,13,13,21,0,47,24,0,24,71
01/02/2014,MSO,MT,ANM,WE,Federal Contract Tower,10,27,3,0,40,0,0,19,0,19,10,27,22,0,59,6,0,6,65
01/03/2014,MSO,MT,ANM,WE,Federal Contract Tower,14,39,7,0,60,0,0,0,0,0,14,39,7,0,60,0,0,0,60
01/04/2014,MSO,MT,ANM,WE,Federal Contract Tower,10,20,7,0,37,0,1,3,0,4,10,21,10,0,41,0,0,0,41
01/05/2014,MSO,MT,ANM,WE,Federal Contract Tower,15,19,4,0,38,0,2,7,0,9,15,21,11,0,47,0,0,0,47
01/06/2014,MSO,MT,ANM,WE,Federal Contract Tower,9,20,10,0,39,0,2,20,0,22,9,22,30,0,61,16,0,16,77
01/07/2014,MSO,MT,ANM,WE,Federal Contract Tower,6,21,9,15,51,0,0,8,0,8,6,21,17,15,59,0,20,20,79
01/08/2014,MSO,MT,ANM,WE,Federal Contract Tower,8,18,5,0,31,0,4,1,0,5,8,22,6,0,36,26,0,26,62
01/09/2014,MSO,MT,ANM,WE,Federal Contract Tower,6,18,8,0,32,0,0,0,0,0,6,18,8,0,32,0,0,0,32
01/10/2014,MSO,MT,ANM,WE,Federal Contract Tower,9,24,12,0,45,0,0,3,0,3,9,24,15,0,48,18,0,18,66
01/11/2014,MSO,MT,ANM,WE,Federal Contract Tower,7,15,7,0,29,0,0,0,0,0,7,15,7,0,29,0,0,0,29
01/12/2014,MSO,MT,ANM,WE,Federal Contract Tower,6,18,11,0,35,0,0,0,0,0,6,18,11,0,35,0,0,0,35
01/13/2014,MSO,MT,ANM,WE,Federal Contract Tower,10,20,6,0,36,0,0,0,0,0,10,20,6,0,36,0,0,0,36
01/14/2014,MSO,MT,ANM,WE,Federal Contract Tower,6,16,3,0,25,0,4,5,0,9,6,20,8,0,34,8,0,8,42
01/15/2014,MSO,MT,ANM,WE,Federal Contract Tower,5,19,8,0,32,0,0,18,0,18,5,19,26,0,50,14,0,14,64
01/16/2014,MSO,MT,ANM,WE,Federal Contract Tower,6,17,15,0,38,0,5,30,0,35,6,22,45,0,73,30,0,30,103
01/17/2014,MSO,MT,ANM,WE,Federal Contract Tower,10,23,14,0,47,0,16,15,0,31,10,39,29,0,78,26,0,26,104
01/18/2014,MSO,MT,ANM,WE,Federal Contract Tower,7,12,9,0,28,0,4,35,0,39,7,16,44,0,67,32,0,32,99
01/19/2014,MSO,MT,ANM,WE,Federal Contract Tower,6,14,8,0,28,0,1,15,0,16,6,15,23,0,44,0,0,0,44
01/20/2014,MSO,MT,ANM,WE,Federal Contract Tower,10,18,4,0,32,0,0,25,0,25,10,18,29,0,57,16,0,16,73
01/21/2014,MSO,MT,ANM,WE,Federal Contract Tower,5,17,12,0,34,0,6,22,0,28,5,23,34,0,62,30,0,30,92
01/22/2014,MSO,MT,ANM,WE,Federal Contract Tower,7,18,4,0,29,0,0,10,0,10,7,18,14,0,39,14,0,14,53
01/23/2014,MSO,MT,ANM,WE,Federal Contract Tower,6,19,9,0,34,0,4,16,0,20,6,23,25,0,54,26,0,26,80
01/24/2014,MSO,MT,ANM,WE,Federal Contract Tower,9,24,6,4,43,0,3,19,4,26,9,27,25,8,69,30,0,30,99
01/25/2014,MSO,MT,ANM,WE,Federal Contract Tower,7,11,5,0,23,0,1,0,0,1,7,12,5,0,24,0,0,0,24
01/26/2014,MSO,MT,ANM,WE,Federal Contract Tower,6,16,5,0,27,0,4,7,0,11,6,20,12,0,38,16,0,16,54
01/27/2014,MSO,MT,ANM,WE,Federal Contract Tower,10,16,5,2,33,0,8,5,0,13,10,24,10,2,46,6,0,6,52
01/28/2014,MSO,MT,ANM,WE,Federal Contract Tower,6,17,7,0,30,0,0,29,0,29,6,17,36,0,59,46,0,46,105
01/29/2014,MSO,MT,ANM,WE,Federal Contract Tower,6,20,2,0,28,0,0,0,0,0,6,20,2,0,28,0,0,0,28
01/30/2014,MSO,MT,ANM,WE,Federal Contract Tower,6,21,6,0,33,0,0,0,0,0,6,21,6,0,33,0,0,0,33
01/31/2014,MSO,MT,ANM,WE,Federal Contract Tower,11,30,9,0,50,0,6,4,0,10,11,36,13,0,60,10,0,10,70
02/01/2014,MSO,MT,ANM,WE,Federal Contract Tower,7,10,4,0,21,0,2,8,0,10,7,12,12,0,31,42,0,42,73
02/02/2014,MSO,MT,ANM,WE,Federal Contract Tower,7,13,4,0,24,0,0,5,0,5,7,13,9,0,29,34,0,34,63
02/03/2014,MSO,MT,ANM,WE,Federal Contract Tower,10,23,12,0,45,0,0,7,0,7,10,23,19,0,52,0,0,0,52
02/04/2014,MSO,MT,ANM,WE,Federal Contract Tower,6,18,4,0,28,0,9,7,0,16,6,27,11,0,44,6,0,6,50
02/05/2014,MSO,MT,ANM,WE,Federal Contract Tower,6,20,14,0,40,0,4,15,0,19,6,24,29,0,59,26,0,26,85
02/06/2014,MSO,MT,ANM,WE,Federal Contract Tower,6,18,3,6,33,0,0,11,0,11,6,18,14,6,44,10,0,10,54
02/07/2014,MSO,MT,ANM,WE,Federal Contract Tower,11,25,21,0,57,0,3,8,0,11,11,28,29,0,68,0,0,0,68
02/08/2014,MSO,MT,ANM,WE,Federal Contract Tower,5,13,3,0,21,0,0,4,0,4,5,13,7,0,25,0,0,0,25
02/09/2014,MSO,MT,ANM,WE,Federal Contract Tower,7,12,1,0,20,0,0,0,0,0,7,12,1,0,20,0,0,0,20
02/10/2014,MSO,MT,ANM,WE,Federal Contract Tower,10,17,14,0,41,0,6,3,0,9,10,23,17,0,50,0,0,0,50
02/11/2014,MSO,MT,ANM,WE,Federal Contract Tower,8,21,7,0,36,0,4,1,0,5,8,25,8,0,41,18,0,18,59
02/12/2014,MSO,MT,ANM,WE,Federal Contract Tower,6,20,6,0,32,0,2,9,0,11,6,22,15,0,43,0,0,0,43
02/13/2014,MSO,MT,ANM,WE,Federal Contract Tower,6,24,10,0,40,0,0,2,0,2,6,24,12,0,42,6,0,6,48
02/14/2014,MSO,MT,ANM,WE,Federal Contract Tower,11,25,5,0,41,0,0,1,0,1,11,25,6,0,42,0,0,0,42
02/15/2014,MSO,MT,ANM,WE,Federal Contract Tower,8,13,4,0,25,0,0,15,0,15,8,13,19,0,40,38,0,38,78
02/16/2014,MSO,MT,ANM,WE,Federal Contract Tower,8,12,3,0,23,0,0,0,0,0,8,12,3,0,23,0,0,0,23
02/17/2014,MSO,MT,ANM,WE,Federal Contract Tower,10,16,2,0,28,0,0,1,0,1,10,16,3,0,29,26,0,26,55
02/18/2014,MSO,MT,ANM,WE,Federal Contract Tower,6,26,10,0,42,0,1,11,0,12,6,27,21,0,54,14,0,14,68
02/19/2014,MSO,MT,ANM,WE,Federal Contract Tower,6,21,4,3,34,0,0,5,8,13,6,21,9,11,47,10,0,10,57
02/20/2014,MSO,MT,ANM,WE,Federal Contract Tower,5,25,17,0,47,0,0,2,0,2,5,25,19,0,49,0,0,0,49
02/21/2014,MSO,MT,ANM,WE,Federal Contract Tower,10,21,3,6,40,0,0,0,0,0,10,21,3,6,40,0,0,0,40
02/22/2014,MSO,MT,ANM,WE,Federal Contract Tower,6,15,9,0,30,0,2,2,0,4,6,17,11,0,34,4,0,4,38
02/23/2014,MSO,MT,ANM,WE,Federal Contract Tower,6,12,2,0,20,0,0,0,0,0,6,12,2,0,20,0,0,0,20
02/24/2014,MSO,MT,ANM,WE,Federal Contract Tower,11,17,11,0,39,0,0,1,0,1,11,17,12,0,40,0,0,0,40
02/25/2014,MSO,MT,ANM,WE,Federal Contract Tower,8,20,5,0,33,0,6,22,0,28,8,26,27,0,61,10,0,10,71
02/26/2014,MSO,MT,ANM,WE,Federal Contract Tower,6,18,10,0,34,0,1,26,0,27,6,19,36,0,61,2,0,2,63
02/27/2014,MSO,MT,ANM,WE,Federal Contract Tower,7,22,11,0,40,0,0,7,0,7,7,22,18,0,47,0,0,0,47
02/28/2014,MSO,MT,ANM,WE,Federal Contract Tower,11,22,3,0,36,0,0,0,0,0,11,22,3,0,36,0,0,0,36
03/01/2014,MSO,MT,ANM,WE,Federal Contract Tower,8,13,2,0,23,0,0,0,0,0,8,13,2,0,23,0,0,0,23
03/02/2014,MSO,MT,ANM,WE,Federal Contract Tower,7,18,4,0,29,0,0,0,0,0,7,18,4,0,29,0,0,0,29
03/03/2014,MSO,MT,ANM,WE,Federal Contract Tower,10,20,8,0,38,0,0,2,0,2,10,20,10,0,40,0,0,0,40
03/04/2014,MSO,MT,ANM,WE,Federal Contract Tower,7,27,5,0,39,0,1,11,0,12,7,28,16,0,51,12,0,12,63
03/05/2014,MSO,MT,ANM,WE,Federal Contract Tower,7,28,11,0,46,0,3,7,0,10,7,31,18,0,56,68,0,68,124
03/06/2014,MSO,MT,ANM,WE,Federal Contract Tower,7,22,7,0,36,0,6,2,0,8,7,28,9,0,44,16,0,16,60
03/07/2014,MSO,MT,ANM,WE,Federal Contract Tower,11,23,11,0,45,0,5,10,0,15,11,28,21,0,60,36,0,36,96
03/08/2014,MSO,MT,ANM,WE,Federal Contract Tower,7,15,7,0,29,0,0,44,0,44,7,15,51,0,73,87,0,87,160
03/09/2014,MSO,MT,ANM,WE,Federal Contract Tower,7,16,11,2,36,0,2,4,0,6,7,18,15,2,42,6,16,22,64
03/10/2014,MSO,MT,ANM,WE,Federal Contract Tower,11,16,3,2,32,0,2,0,0,2,11,18,3,2,34,14,14,28,62
03/11/2014,MSO,MT,ANM,WE,Federal Contract Tower,7,24,11,7,49,0,2,9,0,11,7,26,20,7,60,16,0,16,76
03/12/2014,MSO,MT,ANM,WE,Federal Contract Tower,7,30,6,2,45,0,9,32,5,46,7,39,38,7,91,86,0,86,177
03/13/2014,MSO,MT,ANM,WE,Federal Contract Tower,7,20,7,2,36,0,9,24,1,34,7,29,31,3,70,28,8,36,106
03/14/2014,MSO,MT,ANM,WE,Federal Contract Tower,10,25,14,0,49,0,0,8,0,8,10,25,22,0,57,16,0,16,73
03/15/2014,MSO,MT,ANM,WE,Federal Contract Tower,6,15,5,0,26,0,2,21,0,23,6,17,26,0,49,44,0,44,93
03/16/2014,MSO,MT,ANM,WE,Federal Contract Tower,7,16,5,0,28,0,3,16,0,19,7,19,21,0,47,42,0,42,89
03/17/2014,MSO,MT,ANM,WE,Federal Contract Tower,11,20,5,0,36,0,0,2,0,2,11,20,7,0,38,0,0,0,38
03/18/2014,MSO,MT,ANM,WE,Federal Contract Tower,6,29,14,3,52,0,10,17,2,29,6,39,31,5,81,26,0,26,107
03/19/2014,MSO,MT,ANM,WE,Federal Contract Tower,7,22,8,0,37,0,15,26,0,41,7,37,34,0,78,60,0,60,138
03/20/2014,MSO,MT,ANM,WE,Federal Contract Tower,7,24,16,0,47,0,8,12,0,20,7,32,28,0,67,32,0,32,99
03/21/2014,MSO,MT,ANM,WE,Federal Contract Tower,10,24,11,2,47,0,2,10,0,12,10,26,21,2,59,54,0,54,113
03/22/2014,MSO,MT,ANM,WE,Federal Contract Tower,5,15,0,0,20,0,0,22,0,22,5,15,22,0,42,58,0,58,100
03/23/2014,MSO,MT,ANM,WE,Federal Contract Tower,7,15,4,0,26,0,0,3,0,3,7,15,7,0,29,10,0,10,39
03/24/2014,MSO,MT,ANM,WE,Federal Contract Tower,11,18,9,0,38,0,5,32,0,37,11,23,41,0,75,76,0,76,151
03/25/2014,MSO,MT,ANM,WE,Federal Contract Tower,6,26,11,0,43,0,14,27,0,41,6,40,38,0,84,48,0,48,132
03/26/2014,MSO,MT,ANM,WE,Federal Contract Tower,9,21,8,0,38,0,2,13,0,15,9,23,21,0,53,22,0,22,75
03/27/2014,MSO,MT,ANM,WE,Federal Contract Tower,10,18,9,0,37,0,0,1,0,1,10,18,10,0,38,0,0,0,38
03/28/2014,MSO,MT,ANM,WE,Federal Contract Tower,11,24,11,0,46,0,10,14,0,24,11,34,25,0,70,22,0,22,92
03/29/2014,MSO,MT,ANM,WE,Federal Contract Tower,9,15,11,0,35,0,0,9,0,9,9,15,20,0,44,52,0,52,96
03/30/2014,MSO,MT,ANM,WE,Federal Contract Tower,8,18,7,0,33,0,0,20,0,20,8,18,27,0,53,28,0,28,81
03/31/2014,MSO,MT,ANM,WE,Federal Contract Tower,11,21,6,0,38,0,0,18,0,18,11,21,24,0,56,38,0,38,94
04/01/2014,MSO,MT,ANM,WE,Federal Contract Tower,8,17,9,0,34,0,5,26,0,31,8,22,35,0,65,36,0,36,101
04/02/2014,MSO,MT,ANM,WE,Federal Contract Tower,9,23,13,2,47,0,19,33,0,52,9,42,46,2,99,16,0,16,115
04/03/2014,MSO,MT,ANM,WE,Federal Contract Tower,7,20,3,0,30,0,22,54,0,76,7,42,57,0,106,26,0,26,132
04/04/2014,MSO,MT,ANM,WE,Federal Contract Tower,11,18,7,0,36,0,12,13,0,25,11,30,20,0,61,40,0,40,101
04/05/2014,MSO,MT,ANM,WE,Federal Contract Tower,7,15,1,0,23,0,0,7,2,9,7,15,8,2,32,48,0,48,80
04/06/2014,MSO,MT,ANM,WE,Federal Contract Tower,7,18,13,0,38,0,0,12,0,12,7,18,25,0,50,6,0,6,56
04/07/2014,MSO,MT,ANM,WE,Federal Contract Tower,11,15,11,0,37,0,0,35,0,35,11,15,46,0,72,40,0,40,112
04/08/2014,MSO,MT,ANM,WE,Federal Contract Tower,7,17,9,1,34,0,12,55,0,67,7,29,64,1,101,24,10,34,135
04/09/2014,MSO,MT,ANM,WE,Federal Contract Tower,7,20,4,0,31,0,5,14,0,19,7,25,18,0,50,0,0,0,50
04/10/2014,MSO,MT,ANM,WE,Federal Contract Tower,8,15,9,0,32,0,18,48,0,66,8,33,57,0,98,9,0,9,107
04/11/2014,MSO,MT,ANM,WE,Federal Contract Tower,12,21,8,0,41,0,10,21,0,31,12,31,29,0,72,10,0,10,82
04/12/2014,MSO,MT,ANM,WE,Federal Contract Tower,5,13,6,0,24,0,10,12,0,22,5,23,18,0,46,10,0,10,56
04/13/2014,MSO,MT,ANM,WE,Federal Contract Tower,7,14,7,0,28,0,7,27,0,34,7,21,34,0,62,14,0,14,76
04/14/2014,MSO,MT,ANM,WE,Federal Contract Tower,11,14,7,0,32,0,5,30,0,35,11,19,37,0,67,20,0,20,87
04/15/2014,MSO,MT,ANM,WE,Federal Contract Tower,5,20,13,0,38,0,5,12,0,17,5,25,25,0,55,22,0,22,77
04/16/2014,MSO,MT,ANM,WE,Federal Contract Tower,7,18,13,3,41,0,2,15,0,17,7,20,28,3,58,11,0,11,69
04/17/2014,MSO,MT,ANM,WE,Federal Contract Tower,7,22,8,0,37,0,1,22,2,25,7,23,30,2,62,29,0,29,91
04/18/2014,MSO,MT,ANM,WE,Federal Contract Tower,11,21,8,0,40,0,2,6,0,8,11,23,14,0,48,16,0,16,64
04/19/2014,MSO,MT,ANM,WE,Federal Contract Tower,5,11,6,0,22,0,6,48,0,54,5,17,54,0,76,50,0,50,126
04/20/2014,MSO,MT,ANM,WE,Federal Contract Tower,7,12,1,0,20,0,1,18,0,19,7,13,19,0,39,4,0,4,43
04/21/2014,MSO,MT,ANM,WE,Federal Contract Tower,11,14,13,0,38,0,11,35,0,46,11,25,48,0,84,20,0,20,104
04/22/2014,MSO,MT,ANM,WE,Federal Contract Tower,9,18,3,2,32,0,4,17,0,21,9,22,20,2,53,16,0,16,69
04/23/2014,MSO,MT,ANM,WE,Federal Contract Tower,7,17,9,0,33,0,0,13,0,13,7,17,22,0,46,0,0,0,46
04/24/2014,MSO,MT,ANM,WE,Federal Contract Tower,7,16,11,0,34,0,0,28,0,28,7,16,39,0,62,26,0,26,88
04/25/2014,MSO,MT,ANM,WE,Federal Contract Tower,11,21,8,0,40,0,1,44,9,54,11,22,52,9,94,66,0,66,160
04/26/2014,MSO,MT,ANM,WE,Federal Contract Tower,5,13,2,0,20,0,2,3,0,5,5,15,5,0,25,66,0,66,91
04/27/2014,MSO,MT,ANM,WE,Federal Contract Tower,7,15,7,0,29,0,0,25,0,25,7,15,32,0,54,18,0,18,72
04/28/2014,MSO,MT,ANM,WE,Federal Contract Tower,11,17,10,0,38,0,0,19,0,19,11,17,29,0,57,27,0,27,84
04/29/2014,MSO,MT,ANM,WE,Federal Contract Tower,7,19,15,0,41,0,9,37,2,48,7,28,52,2,89,54,0,54,143
04/30/2014,MSO,MT,ANM,WE,Federal Contract Tower,6,21,15,0,42,0,2,41,0,43,6,23,56,0,85,37,0,37,122
05/01/2014,MSO,MT,ANM,WE,Federal Contract Tower,9,22,10,0,41,0,4,53,0,57,9,26,63,0,98,10,0,10,108
05/02/2014,MSO,MT,ANM,WE,Federal Contract Tower,12,17,13,0,42,0,3,36,0,39,12,20,49,0,81,33,0,33,114
05/03/2014,MSO,MT,ANM,WE,Federal Contract Tower,5,12,9,0,26,0,0,12,0,12,5,12,21,0,38,46,0,46,84
05/04/2014,MSO,MT,ANM,WE,Federal Contract Tower,6,17,5,0,28,0,2,8,0,10,6,19,13,0,38,30,0,30,68
05/05/2014,MSO,MT,ANM,WE,Federal Contract Tower,9,15,11,0,35,0,0,16,2,18,9,15,27,2,53,12,0,12,65
05/06/2014,MSO,MT,ANM,WE,Federal Contract Tower,7,22,9,0,38,0,3,17,0,20,7,25,26,0,58,12,0,12,70
05/07/2014,MSO,MT,ANM,WE,Federal Contract Tower,6,25,10,3,44,0,10,27,1,38,6,35,37,4,82,43,0,43,125
05/08/2014,MSO,MT,ANM,WE,Federal Contract Tower,8,22,14,2,46,2,5,44,0,51,10,27,58,2,97,14,10,24,121
05/09/2014,MSO,MT,ANM,WE,Federal Contract Tower,10,24,13,0,47,0,10,7,0,17,10,34,20,0,64,0,0,0,64
05/10/2014,MSO,MT,ANM,WE,Federal Contract Tower,5,18,12,0,35,0,8,2,0,10,5,26,14,0,45,6,0,6,51
05/11/2014,MSO,MT,ANM,WE,Federal Contract Tower,8,16,4,0,28,0,2,3,0,5,8,18,7,0,33,4,0,4,37
05/12/2014,MSO,MT,ANM,WE,Federal Contract Tower,12,18,9,0,39,0,5,27,0,32,12,23,36,0,71,22,0,22,93
05/13/2014,MSO,MT,ANM,WE,Federal Contract Tower,9,25,10,0,44,0,6,34,0,40,9,31,44,0,84,20,0,20,104
05/14/2014,MSO,MT,ANM,WE,Federal Contract Tower,8,22,13,0,43,0,3,53,0,56,8,25,66,0,99,56,0,56,155
05/15/2014,MSO,MT,ANM,WE,Federal Contract Tower,11,21,22,2,56,0,3,45,0,48,11,24,67,2,104,28,0,28,132
05/16/2014,MSO,MT,ANM,WE,Federal Contract Tower,13,22,21,5,61,0,0,33,3,36,13,22,54,8,97,0,6,6,103
05/17/2014,MSO,MT,ANM,WE,Federal Contract Tower,6,19,11,4,40,0,6,42,0,48,6,25,53,4,88,12,0,12,100
05/18/2014,MSO,MT,ANM,WE,Federal Contract Tower,10,20,9,0,39,0,4,8,0,12,10,24,17,0,51,6,0,6,57
05/19/2014,MSO,MT,ANM,WE,Federal Contract Tower,15,22,6,0,43,0,2,24,0,26,15,24,30,0,69,18,0,18,87
05/20/2014,MSO,MT,ANM,WE,Federal Contract Tower,10,22,11,0,43,0,5,30,0,35,10,27,41,0,78,26,0,26,104
05/21/2014,MSO,MT,ANM,WE,Federal Contract Tower,11,28,14,0,53,0,1,49,0,50,11,29,63,0,103,21,0,21,124
05/22/2014,MSO,MT,ANM,WE,Federal Contract Tower,11,21,7,0,39,0,3,46,2,51,11,24,53,2,90,16,0,16,106
05/23/2014,MSO,MT,ANM,WE,Federal Contract Tower,14,26,5,1,46,0,10,44,2,56,14,36,49,3,102,20,2,22,124
05/24/2014,MSO,MT,ANM,WE,Federal Contract Tower,7,9,10,0,26,0,3,21,0,24,7,12,31,0,50,22,0,22,72
05/25/2014,MSO,MT,ANM,WE,Federal Contract Tower,9,11,1,0,21,0,3,22,2,27,9,14,23,2,48,6,0,6,54
05/26/2014,MSO,MT,ANM,WE,Federal Contract Tower,13,20,10,0,43,0,16,24,0,40,13,36,34,0,83,9,0,9,92
05/27/2014,MSO,MT,ANM,WE,Federal Contract Tower,10,24,11,0,45,0,5,34,0,39,10,29,45,0,84,0,0,0,84
05/28/2014,MSO,MT,ANM,WE,Federal Contract Tower,10,25,8,0,43,0,1,32,0,33,10,26,40,0,76,47,0,47,123
05/29/2014,MSO,MT,ANM,WE,Federal Contract Tower,10,24,15,2,51,0,0,52,0,52,10,24,67,2,103,42,8,50,153
05/30/2014,MSO,MT,ANM,WE,Federal Contract Tower,14,22,15,0,51,0,5,63,0,68,14,27,78,0,119,40,0,40,159
05/31/2014,MSO,MT,ANM,WE,Federal Contract Tower,8,18,8,0,34,0,0,33,0,33,8,18,41,0,67,33,0,33,100
06/01/2014,MSO,MT,ANM,WE,Federal Contract Tower,10,17,10,0,37,0,11,23,2,36,10,28,33,2,73,54,0,54,127
06/02/2014,MSO,MT,ANM,WE,Federal Contract Tower,14,20,15,1,50,0,7,32,2,41,14,27,47,3,91,30,0,30,121
06/03/2014,MSO,MT,ANM,WE,Federal Contract Tower,10,22,9,2,43,0,2,20,2,24,10,24,29,4,67,14,0,14,81
06/04/2014,MSO,MT,ANM,WE,Federal Contract Tower,12,22,13,1,48,0,4,38,15,57,12,26,51,16,105,16,0,16,121
06/05/2014,MSO,MT,ANM,WE,Federal Contract Tower,18,24,8,0,50,0,9,33,0,42,18,33,41,0,92,8,0,8,100
06/06/2014,MSO,MT,ANM,WE,Federal Contract Tower,13,25,16,4,58,0,3,41,2,46,13,28,57,6,104,18,0,18,122
06/07/2014,MSO,MT,ANM,WE,Federal Contract Tower,13,20,6,1,40,0,5,33,0,38,13,25,39,1,78,30,2,32,110
06/08/2014,MSO,MT,ANM,WE,Federal Contract Tower,16,19,10,0,45,0,6,35,0,41,16,25,45,0,86,12,0,12,98
06/09/2014,MSO,MT,ANM,WE,Federal Contract Tower,17,17,1,0,35,0,4,12,0,16,17,21,13,0,51,34,0,34,85
06/10/2014,MSO,MT,ANM,WE,Federal Contract Tower,15,17,13,0,45,0,3,25,0,28,15,20,38,0,73,2,0,2,75
06/11/2014,MSO,MT,ANM,WE,Federal Contract Tower,12,22,10,0,44,0,10,31,0,41,12,32,41,0,85,16,0,16,101
06/12/2014,MSO,MT,ANM,WE,Federal Contract Tower,16,22,15,0,53,0,2,26,0,28,16,24,41,0,81,30,0,30,111
06/13/2014,MSO,MT,ANM,WE,Federal Contract Tower,15,23,6,0,44,0,4,11,0,15,15,27,17,0,59,4,0,4,63
06/14/2014,MSO,MT,ANM,WE,Federal Contract Tower,13,21,0,0,34,0,6,3,1,10,13,27,3,1,44,10,0,10,54
06/15/2014,MSO,MT,ANM,WE,Federal Contract Tower,17,17,7,0,41,0,4,36,0,40,17,21,43,0,81,0,0,0,81
06/16/2014,MSO,MT,ANM,WE,Federal Contract Tower,16,22,14,0,52,0,0,11,0,11,16,22,25,0,63,4,0,4,67
06/17/2014,MSO,MT,ANM,WE,Federal Contract Tower,17,26,11,0,54,0,2,5,0,7,17,28,16,0,61,0,0,0,61
06/18/2014,MSO,MT,ANM,WE,Federal Contract Tower,10,25,13,0,48,0,2,9,0,11,10,27,22,0,59,0,0,0,59
06/19/2014,MSO,MT,ANM,WE,Federal Contract Tower,17,26,12,0,55,0,6,37,0,43,17,32,49,0,98,20,0,20,118
06/20/2014,MSO,MT,ANM,WE,Federal Contract Tower,15,27,10,0,52,0,8,34,0,42,15,35,44,0,94,34,0,34,128
06/21/2014,MSO,MT,ANM,WE,Federal Contract Tower,17,21,8,0,46,0,14,44,0,58,17,35,52,0,104,24,0,24,128
06/22/2014,MSO,MT,ANM,WE,Federal Contract Tower,19,23,5,0,47,0,4,31,0,35,19,27,36,0,82,12,0,12,94
06/23/2014,MSO,MT,ANM,WE,Federal Contract Tower,14,19,12,0,45,0,2,52,0,54,14,21,64,0,99,56,2,58,157
06/24/2014,MSO,MT,ANM,WE,Federal Contract Tower,17,17,17,0,51,0,7,56,2,65,17,24,73,2,116,74,0,74,190
06/25/2014,MSO,MT,ANM,WE,Federal Contract Tower,15,30,5,0,50,0,9,45,0,54,15,39,50,0,104,32,0,32,136
06/26/2014,MSO,MT,ANM,WE,Federal Contract Tower,14,24,11,0,49,0,0,6,0,6,14,24,17,0,55,0,0,0,55
06/27/2014,MSO,MT,ANM,WE,Federal Contract Tower,17,27,18,0,62,0,2,16,0,18,17,29,34,0,80,4,0,4,84
06/28/2014,MSO,MT,ANM,WE,Federal Contract Tower,23,21,5,0,49,0,7,22,0,29,23,28,27,0,78,0,0,0,78
06/29/2014,MSO,MT,ANM,WE,Federal Contract Tower,19,19,9,0,47,0,7,21,0,28,19,26,30,0,75,0,0,0,75
06/30/2014,MSO,MT,ANM,WE,Federal Contract Tower,16,16,17,0,49,0,4,61,0,65,16,20,78,0,114,24,0,24,138
07/01/2014,MSO,MT,ANM,WE,Federal Contract Tower,14,21,13,1,49,0,3,53,2,58,14,24,66,3,107,25,0,25,132
07/02/2014,MSO,MT,ANM,WE,Federal Contract Tower,14,40,10,0,64,0,1,38,0,39,14,41,48,0,103,52,0,52,155
07/03/2014,MSO,MT,ANM,WE,Federal Contract Tower,14,37,12,0,63,0,5,41,0,46,14,42,53,0,109,56,0,56,165
07/04/2014,MSO,MT,ANM,WE,Federal Contract Tower,21,16,9,0,46,0,4,26,0,30,21,20,35,0,76,24,0,24,100
07/05/2014,MSO,MT,ANM,WE,Federal Contract Tower,21,20,6,0,47,0,3,22,0,25,21,23,28,0,72,12,0,12,84
07/06/2014,MSO,MT,ANM,WE,Federal Contract Tower,23,27,9,0,59,0,11,49,0,60,23,38,58,0,119,40,0,40,159
07/07/2014,MSO,MT,ANM,WE,Federal Contract Tower,20,37,7,0,64,0,4,55,0,59,20,41,62,0,123,16,0,16,139
07/08/2014,MSO,MT,ANM,WE,Federal Contract Tower,18,42,16,3,79,0,4,45,1,50,18,46,61,4,129,38,0,38,167
07/09/2014,MSO,MT,ANM,WE,Federal Contract Tower,16,28,9,0,53,0,2,27,0,29,16,30,36,0,82,10,0,10,92
07/10/2014,MSO,MT,ANM,WE,Federal Contract Tower,20,31,4,0,55,0,4,55,0,59,20,35,59,0,114,12,0,12,126
07/11/2014,MSO,MT,ANM,WE,Federal Contract Tower,18,27,12,0,57,0,0,62,0,62,18,27,74,0,119,2,0,2,121
07/12/2014,MSO,MT,ANM,WE,Federal Contract Tower,28,18,1,0,47,0,8,36,0,44,28,26,37,0,91,18,0,18,109
07/13/2014,MSO,MT,ANM,WE,Federal Contract Tower,25,30,8,0,63,0,4,43,0,47,25,34,51,0,110,10,0,10,120
07/14/2014,MSO,MT,ANM,WE,Federal Contract Tower,19,28,15,0,62,0,6,31,0,37,19,34,46,0,99,14,0,14,113
07/15/2014,MSO,MT,ANM,WE,Federal Contract Tower,17,31,8,0,56,0,4,33,0,37,17,35,41,0,93,14,0,14,107
07/16/2014,MSO,MT,ANM,WE,Federal Contract Tower,15,29,12,0,56,0,0,60,2,62,15,29,72,2,118,2,0,2,120
07/17/2014,MSO,MT,ANM,WE,Federal Contract Tower,19,25,22,1,67,0,7,81,0,88,19,32,103,1,155,24,0,24,179
07/18/2014,MSO,MT,ANM,WE,Federal Contract Tower,18,28,32,2,80,0,0,23,0,23,18,28,55,2,103,0,0,0,103
07/19/2014,MSO,MT,ANM,WE,Federal Contract Tower,29,25,24,0,78,0,2,0,0,2,29,27,24,0,80,12,0,12,92
07/20/2014,MSO,MT,ANM,WE,Federal Contract Tower,22,28,17,0,67,0,2,37,0,39,22,30,54,0,106,32,0,32,138
07/21/2014,MSO,MT,ANM,WE,Federal Contract Tower,18,24,22,1,65,0,0,46,0,46,18,24,68,1,111,32,0,32,143
07/22/2014,MSO,MT,ANM,WE,Federal Contract Tower,17,26,10,0,53,0,2,49,2,53,17,28,59,2,106,14,0,14,120
07/23/2014,MSO,MT,ANM,WE,Federal Contract Tower,16,25,10,2,53,0,2,57,2,61,16,27,67,4,114,44,0,44,158
07/24/2014,MSO,MT,ANM,WE,Federal Contract Tower,19,24,19,0,62,0,2,33,0,35,19,26,52,0,97,2,0,2,99
07/25/2014,MSO,MT,ANM,WE,Federal Contract Tower,18,23,12,0,53,0,9,57,0,66,18,32,69,0,119,12,0,12,131
07/26/2014,MSO,MT,ANM,WE,Federal Contract Tower,27,26,5,0,58,0,1,85,2,88,27,27,90,2,146,10,0,10,156
07/27/2014,MSO,MT,ANM,WE,Federal Contract Tower,21,25,19,0,65,0,3,44,0,47,21,28,63,0,112,28,0,28,140
07/28/2014,MSO,MT,ANM,WE,Federal Contract Tower,16,24,8,0,48,0,4,43,0,47,16,28,51,0,95,30,0,30,125
07/29/2014,MSO,MT,ANM,WE,Federal Contract Tower,17,26,17,0,60,0,4,58,0,62,17,30,75,0,122,4,0,4,126
07/30/2014,MSO,MT,ANM,WE,Federal Contract Tower,16,26,13,0,55,0,4,52,0,56,16,30,65,0,111,4,0,4,115
07/31/2014,MSO,MT,ANM,WE,Federal Contract Tower,18,27,22,1,68,0,1,60,0,61,18,28,82,1,129,24,0,24,153
08/01/2014,MSO,MT,ANM,WE,Federal Contract Tower,19,30,15,3,67,0,2,94,0,96,19,32,109,3,163,0,0,0,163
08/02/2014,MSO,MT,ANM,WE,Federal Contract Tower,30,21,16,0,67,0,0,85,0,85,30,21,101,0,152,14,0,14,166
08/03/2014,MSO,MT,ANM,WE,Federal Contract Tower,26,30,14,0,70,0,1,80,0,81,26,31,94,0,151,6,0,6,157
08/04/2014,MSO,MT,ANM,WE,Federal Contract Tower,20,28,8,0,56,0,3,110,0,113,20,31,118,0,169,26,0,26,195
08/05/2014,MSO,MT,ANM,WE,Federal Contract Tower,19,29,35,0,83,0,4,93,0,97,19,33,128,0,180,20,0,20,200
08/06/2014,MSO,MT,ANM,WE,Federal Contract Tower,18,26,23,1,68,0,4,98,4,106,18,30,121,5,174,16,14,30,204
08/07/2014,MSO,MT,ANM,WE,Federal Contract Tower,19,28,16,1,64,0,4,103,0,107,19,32,119,1,171,36,6,42,213
08/08/2014,MSO,MT,ANM,WE,Federal Contract Tower,22,26,17,0,65,0,0,58,0,58,22,26,75,0,123,16,0,16,139
08/09/2014,MSO,MT,ANM,WE,Federal Contract Tower,27,22,7,0,56,0,8,73,0,81,27,30,80,0,137,30,0,30,167
08/10/2014,MSO,MT,ANM,WE,Federal Contract Tower,20,26,13,0,59,0,8,99,0,107,20,34,112,0,166,22,0,22,188
08/11/2014,MSO,MT,ANM,WE,Federal Contract Tower,20,29,7,0,56,0,4,67,0,71,20,33,74,0,127,22,0,22,149
08/12/2014,MSO,MT,ANM,WE,Federal Contract Tower,20,24,11,0,55,0,5,55,0,60,20,29,66,0,115,4,0,4,119
08/13/2014,MSO,MT,ANM,WE,Federal Contract Tower,16,28,16,4,64,0,3,51,0,54,16,31,67,4,118,0,0,0,118
08/14/2014,MSO,MT,ANM,WE,Federal Contract Tower,25,35,25,0,85,0,7,50,0,57,25,42,75,0,142,14,0,14,156
08/15/2014,MSO,MT,ANM,WE,Federal Contract Tower,18,24,13,0,55,0,3,37,0,40,18,27,50,0,95,0,0,0,95
08/16/2014,MSO,MT,ANM,WE,Federal Contract Tower,29,19,11,0,59,0,7,54,0,61,29,26,65,0,120,12,0,12,132
08/17/2014,MSO,MT,ANM,WE,Federal Contract Tower,26,30,15,0,71,0,2,51,0,53,26,32,66,0,124,56,0,56,180
08/18/2014,MSO,MT,ANM,WE,Federal Contract Tower,20,24,13,2,59,0,8,70,8,86,20,32,83,10,145,34,8,42,187
08/19/2014,MSO,MT,ANM,WE,Federal Contract Tower,18,23,8,0,49,0,1,47,0,48,18,24,55,0,97,30,0,30,127
08/20/2014,MSO,MT,ANM,WE,Federal Contract Tower,17,25,23,3,68,0,5,51,0,56,17,30,74,3,124,6,0,6,130
08/21/2014,MSO,MT,ANM,WE,Federal Contract Tower,24,30,9,2,65,0,1,40,2,43,24,31,49,4,108,26,26,52,160
08/22/2014,MSO,MT,ANM,WE,Federal Contract Tower,19,32,18,2,71,0,3,16,1,20,19,35,34,3,91,2,0,2,93
08/23/2014,MSO,MT,ANM,WE,Federal Contract Tower,28,18,9,6,61,0,2,7,0,9,28,20,16,6,70,10,0,10,80
08/24/2014,MSO,MT,ANM,WE,Federal Contract Tower,26,22,8,0,56,0,0,29,0,29,26,22,37,0,85,4,0,4,89
08/25/2014,MSO,MT,ANM,WE,Federal Contract Tower,20,22,13,1,56,0,0,36,1,37,20,22,49,2,93,54,0,54,147
08/26/2014,MSO,MT,ANM,WE,Federal Contract Tower,19,27,10,0,56,0,2,59,0,61,19,29,69,0,117,60,0,60,177
08/27/2014,MSO,MT,ANM,WE,Federal Contract Tower,19,27,12,0,58,0,5,64,0,69,19,32,76,0,127,48,0,48,175
08/28/2014,MSO,MT,ANM,WE,Federal Contract Tower,30,22,11,0,63,0,2,67,0,69,30,24,78,0,132,10,0,10,142
08/29/2014,MSO,MT,ANM,WE,Federal Contract Tower,22,36,8,0,66,0,9,75,0,84,22,45,83,0,150,30,0,30,180
08/30/2014,MSO,MT,ANM,WE,Federal Contract Tower,29,16,8,0,53,0,4,22,0,26,29,20,30,0,79,8,0,8,87
08/31/2014,MSO,MT,ANM,WE,Federal Contract Tower,21,22,6,0,49,0,4,10,0,14,21,26,16,0,63,24,0,24,87
09/01/2014,MSO,MT,ANM,WE,Federal Contract Tower,16,22,15,0,53,0,0,42,0,42,16,22,57,0,95,42,0,42,137
09/02/2014,MSO,MT,ANM,WE,Federal Contract Tower,16,23,9,0,48,0,11,47,0,58,16,34,56,0,106,16,0,16,122
09/03/2014,MSO,MT,ANM,WE,Federal Contract Tower,16,29,12,0,57,0,1,25,0,26,16,30,37,0,83,18,0,18,101
09/04/2014,MSO,MT,ANM,WE,Federal Contract Tower,24,22,10,0,56,0,1,75,2,78,24,23,85,2,134,48,0,48,182
09/05/2014,MSO,MT,ANM,WE,Federal Contract Tower,19,25,14,0,58,0,2,46,0,48,19,27,60,0,106,4,0,4,110
09/06/2014,MSO,MT,ANM,WE,Federal Contract Tower,22,19,6,0,47,0,5,76,0,81,22,24,82,0,128,14,0,14,142
09/07/2014,MSO,MT,ANM,WE,Federal Contract Tower,26,21,13,0,60,0,5,53,0,58,26,26,66,0,118,30,0,30,148
09/08/2014,MSO,MT,ANM,WE,Federal Contract Tower,16,23,11,0,50,0,5,35,0,40,16,28,46,0,90,16,0,16,106
09/09/2014,MSO,MT,ANM,WE,Federal Contract Tower,16,28,10,4,58,0,1,36,0,37,16,29,46,4,95,26,14,40,135
09/10/2014,MSO,MT,ANM,WE,Federal Contract Tower,14,20,14,0,48,0,1,12,0,13,14,21,26,0,61,58,0,58,119
09/11/2014,MSO,MT,ANM,WE,Federal Contract Tower,17,26,12,5,60,0,4,39,0,43,17,30,51,5,103,52,22,74,177
09/12/2014,MSO,MT,ANM,WE,Federal Contract Tower,18,27,10,0,55,0,6,43,0,49,18,33,53,0,104,46,0,46,150
09/13/2014,MSO,MT,ANM,WE,Federal Contract Tower,23,18,2,0,43,0,6,46,0,52,23,24,48,0,95,26,0,26,121
09/14/2014,MSO,MT,ANM,WE,Federal Contract Tower,18,21,12,0,51,0,11,40,0,51,18,32,52,0,102,2,0,2,104
09/15/2014,MSO,MT,ANM,WE,Federal Contract Tower,19,24,9,1,53,0,1,36,0,37,19,25,45,1,90,44,2,46,136
09/16/2014,MSO,MT,ANM,WE,Federal Contract Tower,19,24,17,2,62,0,4,46,0,50,19,28,63,2,112,82,11,93,205
09/17/2014,MSO,MT,ANM,WE,Federal Contract Tower,19,31,16,3,69,0,3,48,0,51,19,34,64,3,120,18,10,28,148
09/18/2014,MSO,MT,ANM,WE,Federal Contract Tower,20,33,19,2,74,0,3,25,0,28,20,36,44,2,102,32,14,46,148
09/19/2014,MSO,MT,ANM,WE,Federal Contract Tower,22,36,6,0,64,0,12,22,0,34,22,48,28,0,98,6,0,6,104
09/20/2014,MSO,MT,ANM,WE,Federal Contract Tower,17,15,10,0,42,0,7,84,0,91,17,22,94,0,133,6,0,6,139
09/21/2014,MSO,MT,ANM,WE,Federal Contract Tower,21,16,12,0,49,0,4,80,0,84,21,20,92,0,133,32,0,32,165
09/22/2014,MSO,MT,ANM,WE,Federal Contract Tower,17,16,10,0,43,0,1,40,0,41,17,17,50,0,84,16,0,16,100
09/23/2014,MSO,MT,ANM,WE,Federal Contract Tower,17,18,9,0,44,0,7,59,0,66,17,25,68,0,110,42,0,42,152
09/24/2014,MSO,MT,ANM,WE,Federal Contract Tower,15,18,14,2,49,0,1,43,0,44,15,19,57,2,93,32,6,38,131
09/25/2014,MSO,MT,ANM,WE,Federal Contract Tower,17,18,10,0,45,0,1,27,0,28,17,19,37,0,73,52,0,52,125
09/26/2014,MSO,MT,ANM,WE,Federal Contract Tower,20,18,11,0,49,0,1,28,1,30,20,19,39,1,79,12,0,12,91
09/27/2014,MSO,MT,ANM,WE,Federal Contract Tower,18,18,5,0,41,0,6,18,0,24,18,24,23,0,65,6,0,6,71
09/28/2014,MSO,MT,ANM,WE,Federal Contract Tower,16,13,12,0,41,0,1,20,0,21,16,14,32,0,62,44,0,44,106
09/29/2014,MSO,MT,ANM,WE,Federal Contract Tower,15,14,14,1,44,0,0,16,0,16,15,14,30,1,60,30,0,30,90
09/30/2014,MSO,MT,ANM,WE,Federal Contract Tower,16,15,17,0,48,0,0,2,0,2,16,15,19,0,50,0,0,0,50
10/01/2014,MSO,MT,ANM,WE,Federal Contract Tower,14,15,14,0,43,0,2,24,0,26,14,17,38,0,69,20,0,20,89
10/02/2014,MSO,MT,ANM,WE,Federal Contract Tower,19,17,22,0,58,0,9,27,2,38,19,26,49,2,96,12,2,14,110
10/03/2014,MSO,MT,ANM,WE,Federal Contract Tower,17,16,9,0,42,0,4,41,0,45,17,20,50,0,87,28,0,28,115
10/04/2014,MSO,MT,ANM,WE,Federal Contract Tower,16,14,2,0,32,0,4,51,0,55,16,18,53,0,87,34,0,34,121
10/05/2014,MSO,MT,ANM,WE,Federal Contract Tower,16,15,7,0,38,0,11,30,0,41,16,26,37,0,79,2,0,2,81
10/06/2014,MSO,MT,ANM,WE,Federal Contract Tower,15,13,16,0,44,0,1,37,0,38,15,14,53,0,82,10,0,10,92
10/07/2014,MSO,MT,ANM,WE,Federal Contract Tower,19,10,13,0,42,0,0,51,0,51,19,10,64,0,93,30,0,30,123
10/08/2014,MSO,MT,ANM,WE,Federal Contract Tower,15,18,14,0,47,0,11,59,2,72,15,29,73,2,119,48,0,48,167
10/09/2014,MSO,MT,ANM,WE,Federal Contract Tower,17,19,12,2,50,0,6,45,0,51,17,25,57,2,101,20,0,20,121
10/10/2014,MSO,MT,ANM,WE,Federal Contract Tower,15,17,12,0,44,0,2,34,1,37,15,19,46,1,81,2,0,2,83
10/11/2014,MSO,MT,ANM,WE,Federal Contract Tower,15,9,2,0,26,0,0,11,0,11,15,9,13,0,37,22,0,22,59
10/12/2014,MSO,MT,ANM,WE,Federal Contract Tower,13,13,6,0,32,0,2,7,0,9,13,15,13,0,41,4,0,4,45
10/13/2014,MSO,MT,ANM,WE,Federal Contract Tower,18,12,14,0,44,0,3,13,0,16,18,15,27,0,60,20,0,20,80
10/14/2014,MSO,MT,ANM,WE,Federal Contract Tower,20,14,14,0,48,0,4,16,0,20,20,18,30,0,68,10,0,10,78
10/15/2014,MSO,MT,ANM,WE,Federal Contract Tower,17,17,14,4,52,0,2,10,0,12,17,19,24,4,64,18,0,18,82
10/16/2014,MSO,MT,ANM,WE,Federal Contract Tower,17,20,20,1,58,0,0,49,1,50,17,20,69,2,108,18,18,36,144
10/17/2014,MSO,MT,ANM,WE,Federal Contract Tower,18,16,19,0,53,0,0,37,0,37,18,16,56,0,90,44,0,44,134
10/18/2014,MSO,MT,ANM,WE,Federal Contract Tower,15,16,6,6,43,0,2,42,0,44,15,18,48,6,87,10,0,10,97
10/19/2014,MSO,MT,ANM,WE,Federal Contract Tower,15,18,17,0,50,0,3,70,0,73,15,21,87,0,123,36,0,36,159
10/20/2014,MSO,MT,ANM,WE,Federal Contract Tower,16,19,10,13,58,0,1,35,0,36,16,20,45,13,94,30,16,46,140
10/21/2014,MSO,MT,ANM,WE,Federal Contract Tower,16,18,11,0,45,0,2,9,0,11,16,20,20,0,56,12,0,12,68
10/22/2014,MSO,MT,ANM,WE,Federal Contract Tower,14,16,13,0,43,0,0,46,0,46,14,16,59,0,89,20,0,20,109
10/23/2014,MSO,MT,ANM,WE,Federal Contract Tower,17,16,12,0,45,0,0,17,0,17,17,16,29,0,62,16,0,16,78
10/24/2014,MSO,MT,ANM,WE,Federal Contract Tower,18,13,9,4,44,0,2,12,0,14,18,15,21,4,58,8,0,8,66
10/25/2014,MSO,MT,ANM,WE,Federal Contract Tower,11,13,3,0,27,0,2,21,0,23,11,15,24,0,50,36,0,36,86
10/26/2014,MSO,MT,ANM,WE,Federal Contract Tower,17,14,12,0,43,0,0,5,0,5,17,14,17,0,48,18,0,18,66
10/27/2014,MSO,MT,ANM,WE,Federal Contract Tower,16,9,12,2,39,0,4,11,0,15,16,13,23,2,54,16,38,54,108
10/28/2014,MSO,MT,ANM,WE,Federal Contract Tower,16,12,10,0,38,0,0,42,0,42,16,12,52,0,80,74,0,74,154
10/29/2014,MSO,MT,ANM,WE,Federal Contract Tower,13,16,8,0,37,0,0,16,0,16,13,16,24,0,53,30,0,30,83
10/30/2014,MSO,MT,ANM,WE,Federal Contract Tower,17,14,11,0,42,0,2,35,0,37,17,16,46,0,79,60,0,60,139
10/31/2014,MSO,MT,ANM,WE,Federal Contract Tower,21,18,11,6,56,0,5,31,0,36,21,23,42,6,92,24,0,24,116
11/01/2014,MSO,MT,ANM,WE,Federal Contract Tower,16,13,4,0,33,0,2,6,0,8,16,15,10,0,41,2,2,4,45
11/02/2014,MSO,MT,ANM,WE,Federal Contract Tower,16,9,15,0,40,0,0,1,0,1,16,9,16,0,41,14,0,14,55
11/03/2014,MSO,MT,ANM,WE,Federal Contract Tower,17,15,12,0,44,0,0,6,0,6,17,15,18,0,50,16,0,16,66
11/04/2014,MSO,MT,ANM,WE,Federal Contract Tower,13,9,8,0,30,0,0,6,0,6,13,9,14,0,36,10,0,10,46
11/05/2014,MSO,MT,ANM,WE,Federal Contract Tower,12,13,6,0,31,0,0,20,0,20,12,13,26,0,51,26,0,26,77
11/06/2014,MSO,MT,ANM,WE,Federal Contract Tower,18,11,7,2,38,0,3,14,0,17,18,14,21,2,55,42,22,64,119
11/07/2014,MSO,MT,ANM,WE,Federal Contract Tower,16,12,19,0,47,0,2,17,0,19,16,14,36,0,66,52,0,52,118
11/08/2014,MSO,MT,ANM,WE,Federal Contract Tower,13,12,5,0,30,0,4,26,0,30,13,16,31,0,60,10,0,10,70
11/09/2014,MSO,MT,ANM,WE,Federal Contract Tower,17,7,7,0,31,0,1,2,0,3,17,8,9,0,34,12,0,12,46
11/10/2014,MSO,MT,ANM,WE,Federal Contract Tower,15,9,5,0,29,0,0,1,0,1,15,9,6,0,30,0,0,0,30
11/11/2014,MSO,MT,ANM,WE,Federal Contract Tower,13,13,13,0,39,0,2,13,0,15,13,15,26,0,54,4,0,4,58
11/12/2014,MSO,MT,ANM,WE,Federal Contract Tower,14,14,17,0,45,0,5,15,0,20,14,19,32,0,65,22,0,22,87
11/13/2014,MSO,MT,ANM,WE,Federal Contract Tower,18,14,22,0,54,0,1,21,2,24,18,15,43,2,78,28,0,28,106
11/14/2014,MSO,MT,ANM,WE,Federal Contract Tower,18,13,13,6,50,0,0,0,0,0,18,13,13,6,50,0,8,8,58
11/15/2014,MSO,MT,ANM,WE,Federal Contract Tower,14,10,4,0,28,0,3,32,0,35,14,13,36,0,63,38,0,38,101
11/16/2014,MSO,MT,ANM,WE,Federal Contract Tower,17,6,6,1,30,0,0,16,0,16,17,6,22,1,46,0,0,0,46
11/17/2014,MSO,MT,ANM,WE,Federal Contract Tower,17,13,13,0,43,0,2,16,0,18,17,15,29,0,61,6,0,6,67
11/18/2014,MSO,MT,ANM,WE,Federal Contract Tower,14,13,11,0,38,0,0,26,0,26,14,13,37,0,64,30,0,30,94
11/19/2014,MSO,MT,ANM,WE,Federal Contract Tower,14,13,14,0,41,0,4,13,0,17,14,17,27,0,58,0,0,0,58
11/20/2014,MSO,MT,ANM,WE,Federal Contract Tower,16,13,10,0,39,0,1,13,0,14,16,14,23,0,53,36,0,36,89
11/21/2014,MSO,MT,ANM,WE,Federal Contract Tower,18,15,12,1,46,0,4,17,2,23,18,19,29,3,69,50,0,50,119
11/22/2014,MSO,MT,ANM,WE,Federal Contract Tower,13,10,3,0,26,0,0,8,0,8,13,10,11,0,34,0,0,0,34
11/23/2014,MSO,MT,ANM,WE,Federal Contract Tower,16,13,5,0,34,0,0,9,0,9,16,13,14,0,43,4,0,4,47
11/24/2014,MSO,MT,ANM,WE,Federal Contract Tower,20,7,7,0,34,0,0,15,0,15,20,7,22,0,49,20,0,20,69
11/25/2014,MSO,MT,ANM,WE,Federal Contract Tower,16,14,8,0,38,0,0,0,0,0,16,14,8,0,38,0,0,0,38
11/26/2014,MSO,MT,ANM,WE,Federal Contract Tower,18,11,8,0,37,0,0,2,0,2,18,11,10,0,39,0,0,0,39
11/27/2014,MSO,MT,ANM,WE,Federal Contract Tower,15,8,4,0,27,0,0,3,0,3,15,8,7,0,30,0,0,0,30
11/28/2014,MSO,MT,ANM,WE,Federal Contract Tower,16,7,3,0,26,0,0,3,0,3,16,7,6,0,29,30,0,30,59
11/29/2014,MSO,MT,ANM,WE,Federal Contract Tower,16,7,0,0,23,0,2,0,0,2,16,9,0,0,25,0,0,0,25
11/30/2014,MSO,MT,ANM,WE,Federal Contract Tower,18,11,9,0,38,0,6,19,0,25,18,17,28,0,63,34,0,34,97
12/01/2014,MSO,MT,ANM,WE,Federal Contract Tower,19,13,4,0,36,0,1,6,0,7,19,14,10,0,43,8,0,8,51
12/02/2014,MSO,MT,ANM,WE,Federal Contract Tower,15,10,2,2,29,0,8,18,1,27,15,18,20,3,56,28,12,40,96
12/03/2014,MSO,MT,ANM,WE,Federal Contract Tower,20,13,8,2,43,0,5,21,0,26,20,18,29,2,69,18,0,18,87
12/04/2014,MSO,MT,ANM,WE,Federal Contract Tower,21,12,12,0,45,0,0,0,0,0,21,12,12,0,45,14,0,14,59
12/05/2014,MSO,MT,ANM,WE,Federal Contract Tower,24,13,4,0,41,0,0,5,0,5,24,13,9,0,46,30,0,30,76
12/06/2014,MSO,MT,ANM,WE,Federal Contract Tower,15,5,2,0,22,0,0,2,0,2,15,5,4,0,24,0,0,0,24
12/07/2014,MSO,MT,ANM,WE,Federal Contract Tower,5,0,0,0,5,0,0,0,0,0,5,0,0,0,5,0,0,0,5
12/08/2014,MSO,MT,ANM,WE,Federal Contract Tower,22,7,12,0,41,0,0,0,0,0,22,7,12,0,41,0,0,0,41
12/09/2014,MSO,MT,ANM,WE,Federal Contract Tower,18,12,12,2,44,0,0,1,0,1,18,12,13,2,45,6,0,6,51
12/10/2014,MSO,MT,ANM,WE,Federal Contract Tower,18,13,9,0,40,0,0,3,0,3,18,13,12,0,43,4,0,4,47
12/11/2014,MSO,MT,ANM,WE,Federal Contract Tower,23,13,12,4,52,0,5,12,0,17,23,18,24,4,69,34,30,64,133
12/12/2014,MSO,MT,ANM,WE,Federal Contract Tower,21,15,15,0,51,0,4,33,0,37,21,19,48,0,88,6,0,6,94
12/13/2014,MSO,MT,ANM,WE,Federal Contract Tower,15,5,4,0,24,0,0,14,0,14,15,5,18,0,38,60,0,60,98
12/14/2014,MSO,MT,ANM,WE,Federal Contract Tower,22,12,3,0,37,0,1,9,0,10,22,13,12,0,47,26,0,26,73
12/15/2014,MSO,MT,ANM,WE,Federal Contract Tower,19,13,12,2,46,0,0,24,0,24,19,13,36,2,70,14,0,14,84
12/16/2014,MSO,MT,ANM,WE,Federal Contract Tower,18,12,18,0,48,0,0,27,0,27,18,12,45,0,75,34,0,34,109
12/17/2014,MSO,MT,ANM,WE,Federal Contract Tower,19,10,14,0,43,0,2,27,0,29,19,12,41,0,72,25,0,25,97
12/18/2014,MSO,MT,ANM,WE,Federal Contract Tower,21,17,12,0,50,0,1,13,0,14,21,18,25,0,64,6,0,6,70
12/19/2014,MSO,MT,ANM,WE,Federal Contract Tower,17,19,7,0,43,0,0,13,0,13,17,19,20,0,56,12,0,12,68
12/20/2014,MSO,MT,ANM,WE,Federal Contract Tower,24,8,8,0,40,0,5,6,0,11,24,13,14,0,51,42,0,42,93
12/21/2014,MSO,MT,ANM,WE,Federal Contract Tower,25,11,5,0,41,0,0,0,0,0,25,11,5,0,41,26,0,26,67
12/22/2014,MSO,MT,ANM,WE,Federal Contract Tower,17,14,7,0,38,0,0,5,0,5,17,14,12,0,43,30,0,30,73
12/23/2014,MSO,MT,ANM,WE,Federal Contract Tower,18,22,6,0,46,0,10,15,0,25,18,32,21,0,71,14,0,14,85
12/24/2014,MSO,MT,ANM,WE,Federal Contract Tower,19,20,2,0,41,0,4,0,0,4,19,24,2,0,45,0,0,0,45
12/25/2014,MSO,MT,ANM,WE,Federal Contract Tower,16,6,1,0,23,0,1,0,0,1,16,7,1,0,24,0,0,0,24
12/26/2014,MSO,MT,ANM,WE,Federal Contract Tower,20,18,8,0,46,0,0,6,0,6,20,18,14,0,52,8,0,8,60
12/27/2014,MSO,MT,ANM,WE,Federal Contract Tower,26,9,6,0,41,0,0,1,0,1,26,9,7,0,42,14,0,14,56
12/28/2014,MSO,MT,ANM,WE,Federal Contract Tower,21,13,5,0,39,0,0,0,0,0,21,13,5,0,39,0,0,0,39
12/29/2014,MSO,MT,ANM,WE,Federal Contract Tower,21,13,12,0,46,0,6,5,0,11,21,19,17,0,57,0,0,0,57
12/30/2014,MSO,MT,ANM,WE,Federal Contract Tower,20,15,6,3,44,0,6,10,14,30,20,21,16,17,74,0,0,0,74
12/31/2014,MSO,MT,ANM,WE,Federal Contract Tower,20,11,6,0,37,0,0,17,0,17,20,11,23,0,54,14,0,14,68
01/01/2015,MSO,MT,ANM,WE,Federal Contract Tower,16,10,1,0,27,1,4,12,0,17,17,14,13,0,44,25,0,25,69
01/02/2015,MSO,MT,ANM,WE,Federal Contract Tower,22,21,7,0,50,0,0,12,0,12,22,21,19,0,62,0,0,0,62
01/03/2015,MSO,MT,ANM,WE,Federal Contract Tower,23,16,9,0,48,0,1,10,0,11,23,17,19,0,59,12,0,12,71
01/04/2015,MSO,MT,ANM,WE,Federal Contract Tower,24,9,2,0,35,0,0,0,0,0,24,9,2,0,35,0,0,0,35
01/05/2015,MSO,MT,ANM,WE,Federal Contract Tower,17,9,2,4,32,0,0,0,0,0,17,9,2,4,32,0,0,0,32
01/06/2015,MSO,MT,ANM,WE,Federal Contract Tower,16,11,6,4,37,0,4,4,0,8,16,15,10,4,45,0,0,0,45
01/07/2015,MSO,MT,ANM,WE,Federal Contract Tower,15,14,5,0,34,0,4,24,0,28,15,18,29,0,62,24,0,24,86
01/08/2015,MSO,MT,ANM,WE,Federal Contract Tower,20,21,8,0,49,0,0,1,0,1,20,21,9,0,50,12,0,12,62
01/09/2015,MSO,MT,ANM,WE,Federal Contract Tower,16,12,7,0,35,0,5,13,0,18,16,17,20,0,53,0,0,0,53
01/10/2015,MSO,MT,ANM,WE,Federal Contract Tower,15,4,2,0,21,0,0,14,0,14,15,4,16,0,35,0,0,0,35
01/11/2015,MSO,MT,ANM,WE,Federal Contract Tower,20,5,3,0,28,0,0,10,0,10,20,5,13,0,38,24,0,24,62
01/12/2015,MSO,MT,ANM,WE,Federal Contract Tower,19,11,5,0,35,0,0,5,0,5,19,11,10,0,40,4,0,4,44
01/13/2015,MSO,MT,ANM,WE,Federal Contract Tower,17,11,8,3,39,0,0,12,0,12,17,11,20,3,51,38,2,40,91
01/14/2015,MSO,MT,ANM,WE,Federal Contract Tower,17,12,8,0,37,0,3,11,0,14,17,15,19,0,51,40,0,40,91
01/15/2015,MSO,MT,ANM,WE,Federal Contract Tower,19,12,15,0,46,0,5,15,0,20,19,17,30,0,66,14,0,14,80
01/16/2015,MSO,MT,ANM,WE,Federal Contract Tower,19,12,8,2,41,0,0,4,0,4,19,12,12,2,45,0,0,0,45
01/17/2015,MSO,MT,ANM,WE,Federal Contract Tower,14,5,5,0,24,0,2,25,0,27,14,7,30,0,51,12,0,12,63
01/18/2015,MSO,MT,ANM,WE,Federal Contract Tower,18,7,7,0,32,0,0,1,0,1,18,7,8,0,33,0,0,0,33
01/19/2015,MSO,MT,ANM,WE,Federal Contract Tower,17,7,6,0,30,0,0,2,0,2,17,7,8,0,32,16,0,16,48
01/20/2015,MSO,MT,ANM,WE,Federal Contract Tower,12,12,10,0,34,0,3,18,0,21,12,15,28,0,55,14,0,14,69
01/21/2015,MSO,MT,ANM,WE,Federal Contract Tower,14,8,13,0,35,0,4,34,0,38,14,12,47,0,73,10,0,10,83
01/22/2015,MSO,MT,ANM,WE,Federal Contract Tower,17,9,9,0,35,0,3,13,0,16,17,12,22,0,51,8,0,8,59
01/23/2015,MSO,MT,ANM,WE,Federal Contract Tower,18,12,4,0,34,0,1,18,0,19,18,13,22,0,53,28,0,28,81
01/24/2015,MSO,MT,ANM,WE,Federal Contract Tower,15,9,8,0,32,0,0,2,0,2,15,9,10,0,34,18,0,18,52
01/25/2015,MSO,MT,ANM,WE,Federal Contract Tower,21,4,8,0,33,0,4,18,0,22,21,8,26,0,55,20,0,20,75
01/26/2015,MSO,MT,ANM,WE,Federal Contract Tower,17,5,6,0,28,0,5,44,2,51,17,10,50,2,79,96,0,96,175
01/27/2015,MSO,MT,ANM,WE,Federal Contract Tower,14,8,3,0,25,0,0,31,3,34,14,8,34,3,59,16,0,16,75
01/28/2015,MSO,MT,ANM,WE,Federal Contract Tower,13,9,6,0,28,0,1,51,0,52,13,10,57,0,80,30,0,30,110
01/29/2015,MSO,MT,ANM,WE,Federal Contract Tower,18,9,9,0,36,0,1,12,0,13,18,10,21,0,49,28,0,28,77
01/30/2015,MSO,MT,ANM,WE,Federal Contract Tower,18,9,8,0,35,0,3,47,1,51,18,12,55,1,86,16,0,16,102
01/31/2015,MSO,MT,ANM,WE,Federal Contract Tower,14,13,6,0,33,0,4,31,1,36,14,17,37,1,69,38,0,38,107
02/01/2015,MSO,MT,ANM,WE,Federal Contract Tower,17,5,1,0,23,0,0,1,0,1,17,5,2,0,24,0,0,0,24
02/02/2015,MSO,MT,ANM,WE,Federal Contract Tower,16,12,2,0,30,0,0,9,0,9,16,12,11,0,39,50,0,50,89
02/03/2015,MSO,MT,ANM,WE,Federal Contract Tower,12,8,11,2,33,0,0,5,0,5,12,8,16,2,38,94,0,94,132
02/04/2015,MSO,MT,ANM,WE,Federal Contract Tower,13,13,14,2,42,0,0,4,0,4,13,13,18,2,46,18,0,18,64
02/05/2015,MSO,MT,ANM,WE,Federal Contract Tower,17,8,10,0,35,0,0,5,0,5,17,8,15,0,40,18,0,18,58
02/06/2015,MSO,MT,ANM,WE,Federal Contract Tower,16,8,8,0,32,0,2,17,0,19,16,10,25,0,51,70,0,70,121
02/07/2015,MSO,MT,ANM,WE,Federal Contract Tower,19,5,5,0,29,0,0,1,0,1,19,5,6,0,30,44,0,44,74
02/08/2015,MSO,MT,ANM,WE,Federal Contract Tower,17,2,3,0,22,0,0,17,0,17,17,2,20,0,39,32,0,32,71
02/09/2015,MSO,MT,ANM,WE,Federal Contract Tower,16,6,14,0,36,0,0,1,0,1,16,6,15,0,37,36,0,36,73
02/10/2015,MSO,MT,ANM,WE,Federal Contract Tower,15,13,8,0,36,0,2,8,0,10,15,15,16,0,46,56,0,56,102
02/11/2015,MSO,MT,ANM,WE,Federal Contract Tower,13,13,11,0,37,0,4,16,0,20,13,17,27,0,57,87,0,87,144
02/12/2015,MSO,MT,ANM,WE,Federal Contract Tower,18,12,12,0,42,0,6,23,0,29,18,18,35,0,71,16,0,16,87
02/13/2015,MSO,MT,ANM,WE,Federal Contract Tower,16,13,6,0,35,0,6,42,0,48,16,19,48,0,83,54,0,54,137
02/14/2015,MSO,MT,ANM,WE,Federal Contract Tower,8,9,10,0,27,0,0,32,0,32,8,9,42,0,59,70,0,70,129
02/15/2015,MSO,MT,ANM,WE,Federal Contract Tower,15,4,6,0,25,0,2,33,0,35,15,6,39,0,60,46,0,46,106
02/16/2015,MSO,MT,ANM,WE,Federal Contract Tower,16,7,8,0,31,0,0,24,0,24,16,7,32,0,55,16,0,16,71
02/17/2015,MSO,MT,ANM,WE,Federal Contract Tower,12,16,11,0,39,0,0,23,0,23,12,16,34,0,62,82,0,82,144
02/18/2015,MSO,MT,ANM,WE,Federal Contract Tower,13,11,6,0,30,0,2,30,0,32,13,13,36,0,62,74,0,74,136
02/19/2015,MSO,MT,ANM,WE,Federal Contract Tower,15,13,9,0,37,0,2,19,0,21,15,15,28,0,58,6,0,6,64
02/20/2015,MSO,MT,ANM,WE,Federal Contract Tower,16,12,8,0,36,0,0,10,0,10,16,12,18,0,46,74,0,74,120
02/21/2015,MSO,MT,ANM,WE,Federal Contract Tower,7,7,2,0,16,0,0,0,0,0,7,7,2,0,16,18,0,18,34
02/22/2015,MSO,MT,ANM,WE,Federal Contract Tower,14,12,5,0,31,0,2,22,0,24,14,14,27,0,55,62,0,62,117
02/23/2015,MSO,MT,ANM,WE,Federal Contract Tower,16,7,8,0,31,0,6,13,0,19,16,13,21,0,50,10,0,10,60
02/24/2015,MSO,MT,ANM,WE,Federal Contract Tower,14,10,16,2,42,0,2,26,0,28,14,12,42,2,70,52,18,70,140
02/25/2015,MSO,MT,ANM,WE,Federal Contract Tower,11,12,6,0,29,0,0,12,0,12,11,12,18,0,41,52,0,52,93
02/26/2015,MSO,MT,ANM,WE,Federal Contract Tower,15,12,11,0,38,0,5,15,0,20,15,17,26,0,58,20,0,20,78
02/27/2015,MSO,MT,ANM,WE,Federal Contract Tower,15,12,14,0,41,0,2,19,0,21,15,14,33,0,62,40,0,40,102
02/28/2015,MSO,MT,ANM,WE,Federal Contract Tower,9,5,6,0,20,0,5,28,0,33,9,10,34,0,53,50,0,50,103
03/01/2015,MSO,MT,ANM,WE,Federal Contract Tower,15,6,7,0,28,0,0,30,0,30,15,6,37,0,58,18,0,18,76
03/02/2015,MSO,MT,ANM,WE,Federal Contract Tower,16,7,16,0,39,0,0,5,2,7,16,7,21,2,46,8,0,8,54
03/03/2015,MSO,MT,ANM,WE,Federal Contract Tower,14,11,8,6,39,0,0,13,0,13,14,11,21,6,52,8,0,8,60
03/04/2015,MSO,MT,ANM,WE,Federal Contract Tower,14,10,12,0,36,0,4,39,0,43,14,14,51,0,79,26,0,26,105
03/05/2015,MSO,MT,ANM,WE,Federal Contract Tower,13,13,17,0,43,0,0,15,2,17,13,13,32,2,60,64,0,64,124
03/06/2015,MSO,MT,ANM,WE,Federal Contract Tower,13,14,14,0,41,0,2,25,0,27,13,16,39,0,68,66,0,66,134
03/07/2015,MSO,MT,ANM,WE,Federal Contract Tower,12,10,5,0,27,0,2,42,0,44,12,12,47,0,71,36,0,36,107
03/08/2015,MSO,MT,ANM,WE,Federal Contract Tower,14,8,10,0,32,0,0,33,0,33,14,8,43,0,65,22,0,22,87
03/09/2015,MSO,MT,ANM,WE,Federal Contract Tower,13,9,15,4,41,0,1,31,0,32,13,10,46,4,73,70,0,70,143
03/10/2015,MSO,MT,ANM,WE,Federal Contract Tower,10,16,17,0,43,0,10,33,0,43,10,26,50,0,86,76,0,76,162
03/11/2015,MSO,MT,ANM,WE,Federal Contract Tower,12,12,19,2,45,0,3,18,0,21,12,15,37,2,66,32,28,60,126
03/12/2015,MSO,MT,ANM,WE,Federal Contract Tower,11,17,14,0,42,0,4,13,0,17,11,21,27,0,59,34,0,34,93
03/13/2015,MSO,MT,ANM,WE,Federal Contract Tower,14,13,18,0,45,0,3,44,0,47,14,16,62,0,92,70,0,70,162
03/14/2015,MSO,MT,ANM,WE,Federal Contract Tower,10,11,6,0,27,0,3,6,0,9,10,14,12,0,36,22,0,22,58
03/15/2015,MSO,MT,ANM,WE,Federal Contract Tower,12,8,6,0,26,0,2,7,0,9,12,10,13,0,35,0,0,0,35
03/16/2015,MSO,MT,ANM,WE,Federal Contract Tower,13,11,11,0,35,0,8,27,0,35,13,19,38,0,70,28,0,28,98
03/17/2015,MSO,MT,ANM,WE,Federal Contract Tower,10,11,17,0,38,0,0,9,0,9,10,11,26,0,47,0,0,0,47
03/18/2015,MSO,MT,ANM,WE,Federal Contract Tower,13,11,12,0,36,0,0,14,0,14,13,11,26,0,50,64,0,64,114
03/19/2015,MSO,MT,ANM,WE,Federal Contract Tower,13,16,10,2,41,0,3,54,0,57,13,19,64,2,98,24,0,24,122
03/20/2015,MSO,MT,ANM,WE,Federal Contract Tower,14,12,7,0,33,0,2,53,0,55,14,14,60,0,88,26,0,26,114
03/21/2015,MSO,MT,ANM,WE,Federal Contract Tower,11,11,8,0,30,0,2,26,0,28,11,13,34,0,58,24,0,24,82
03/22/2015,MSO,MT,ANM,WE,Federal Contract Tower,14,8,14,0,36,0,2,44,0,46,14,10,58,0,82,30,0,30,112
03/23/2015,MSO,MT,ANM,WE,Federal Contract Tower,14,12,10,0,36,0,0,12,0,12,14,12,22,0,48,38,0,38,86
03/24/2015,MSO,MT,ANM,WE,Federal Contract Tower,9,14,14,6,43,0,2,4,0,6,9,16,18,6,49,0,0,0,49
03/25/2015,MSO,MT,ANM,WE,Federal Contract Tower,11,13,16,0,40,0,1,24,0,25,11,14,40,0,65,14,0,14,79
03/26/2015,MSO,MT,ANM,WE,Federal Contract Tower,13,13,9,0,35,0,2,39,0,41,13,15,48,0,76,44,0,44,120
03/27/2015,MSO,MT,ANM,WE,Federal Contract Tower,13,12,13,0,38,0,1,40,0,41,13,13,53,0,79,14,0,14,93
03/28/2015,MSO,MT,ANM,WE,Federal Contract Tower,12,8,4,0,24,0,0,2,0,2,12,8,6,0,26,0,0,0,26
03/29/2015,MSO,MT,ANM,WE,Federal Contract Tower,14,7,9,0,30,0,2,27,0,29,14,9,36,0,59,10,0,10,69
03/30/2015,MSO,MT,ANM,WE,Federal Contract Tower,14,12,6,0,32,0,12,50,0,62,14,24,56,0,94,24,0,24,118
03/31/2015,MSO,MT,ANM,WE,Federal Contract Tower,12,14,11,0,37,0,0,17,0,17,12,14,28,0,54,34,0,34,88
04/01/2015,MSO,MT,ANM,WE,Federal Contract Tower,12,9,6,0,27,0,0,22,0,22,12,9,28,0,49,0,0,0,49
04/02/2015,MSO,MT,ANM,WE,Federal Contract Tower,17,12,11,0,40,0,0,19,0,19,17,12,30,0,59,10,0,10,69
04/03/2015,MSO,MT,ANM,WE,Federal Contract Tower,16,17,12,0,45,0,2,44,1,47,16,19,56,1,92,30,0,30,122
04/04/2015,MSO,MT,ANM,WE,Federal Contract Tower,17,8,4,0,29,0,0,12,0,12,17,8,16,0,41,24,0,24,65
04/05/2015,MSO,MT,ANM,WE,Federal Contract Tower,15,10,14,0,39,0,0,9,0,9,15,10,23,0,48,0,0,0,48
04/06/2015,MSO,MT,ANM,WE,Federal Contract Tower,13,11,9,0,33,0,0,1,0,1,13,11,10,0,34,2,0,2,36
04/07/2015,MSO,MT,ANM,WE,Federal Contract Tower,13,10,11,0,34,0,2,44,0,46,13,12,55,0,80,36,0,36,116
04/08/2015,MSO,MT,ANM,WE,Federal Contract Tower,12,14,5,0,31,0,2,37,0,39,12,16,42,0,70,22,0,22,92
04/09/2015,MSO,MT,ANM,WE,Federal Contract Tower,12,13,9,0,34,0,1,38,0,39,12,14,47,0,73,30,0,30,103
04/10/2015,MSO,MT,ANM,WE,Federal Contract Tower,13,12,9,0,34,0,0,54,2,56,13,12,63,2,90,46,0,46,136
04/11/2015,MSO,MT,ANM,WE,Federal Contract Tower,10,8,6,0,24,0,12,1,0,13,10,20,7,0,37,16,0,16,53
04/12/2015,MSO,MT,ANM,WE,Federal Contract Tower,16,7,4,0,27,0,5,4,0,9,16,12,8,0,36,28,0,28,64
04/13/2015,MSO,MT,ANM,WE,Federal Contract Tower,16,8,13,0,37,0,2,36,0,38,16,10,49,0,75,58,0,58,133
04/14/2015,MSO,MT,ANM,WE,Federal Contract Tower,9,8,2,0,19,0,0,9,0,9,9,8,11,0,28,6,0,6,34
04/15/2015,MSO,MT,ANM,WE,Federal Contract Tower,13,13,11,2,39,0,1,30,0,31,13,14,41,2,70,16,12,28,98
04/16/2015,MSO,MT,ANM,WE,Federal Contract Tower,16,11,13,1,41,0,4,55,1,60,16,15,68,2,101,38,16,54,155
04/17/2015,MSO,MT,ANM,WE,Federal Contract Tower,11,16,14,4,45,0,5,64,0,69,11,21,78,4,114,14,8,22,136
04/18/2015,MSO,MT,ANM,WE,Federal Contract Tower,10,9,3,0,22,0,4,31,0,35,10,13,34,0,57,38,0,38,95
04/19/2015,MSO,MT,ANM,WE,Federal Contract Tower,14,8,6,0,28,0,8,37,0,45,14,16,43,0,73,22,0,22,95
04/20/2015,MSO,MT,ANM,WE,Federal Contract Tower,12,13,9,0,34,0,3,35,4,42,12,16,44,4,76,38,0,38,114
04/21/2015,MSO,MT,ANM,WE,Federal Contract Tower,9,16,9,0,34,0,1,52,0,53,9,17,61,0,87,12,0,12,99
04/22/2015,MSO,MT,ANM,WE,Federal Contract Tower,12,20,6,0,38,0,9,12,0,21,12,29,18,0,59,0,0,0,59
04/23/2015,MSO,MT,ANM,WE,Federal Contract Tower,13,11,9,2,35,0,2,32,0,34,13,13,41,2,69,30,22,52,121
04/24/2015,MSO,MT,ANM,WE,Federal Contract Tower,13,16,12,0,41,0,5,9,0,14,13,21,21,0,55,46,0,46,101
04/25/2015,MSO,MT,ANM,WE,Federal Contract Tower,9,13,4,0,26,0,4,27,0,31,9,17,31,0,57,6,0,6,63
04/26/2015,MSO,MT,ANM,WE,Federal Contract Tower,15,13,12,0,40,0,0,2,0,2,15,13,14,0,42,2,0,2,44
04/27/2015,MSO,MT,ANM,WE,Federal Contract Tower,14,10,7,0,31,0,5,48,0,53,14,15,55,0,84,24,0,24,108
04/28/2015,MSO,MT,ANM,WE,Federal Contract Tower,10,16,10,0,36,0,2,66,0,68,10,18,76,0,104,26,0,26,130
04/29/2015,MSO,MT,ANM,WE,Federal Contract Tower,11,14,12,0,37,0,4,28,0,32,11,18,40,0,69,16,0,16,85
04/30/2015,MSO,MT,ANM,WE,Federal Contract Tower,13,16,8,0,37,0,6,54,2,62,13,22,62,2,99,16,0,16,115
05/01/2015,MSO,MT,ANM,WE,Federal Contract Tower,17,9,11,2,39,0,3,50,2,55,17,12,61,4,94,24,26,50,144
05/02/2015,MSO,MT,ANM,WE,Federal Contract Tower,11,8,5,0,24,0,1,39,0,40,11,9,44,0,64,42,0,42,106
05/03/2015,MSO,MT,ANM,WE,Federal Contract Tower,17,7,7,0,31,0,3,36,0,39,17,10,43,0,70,0,0,0,70
05/04/2015,MSO,MT,ANM,WE,Federal Contract Tower,17,10,6,0,33,0,4,44,0,48,17,14,50,0,81,34,0,34,115
05/05/2015,MSO,MT,ANM,WE,Federal Contract Tower,9,17,15,3,44,0,0,29,0,29,9,17,44,3,73,14,4,18,91
05/06/2015,MSO,MT,ANM,WE,Federal Contract Tower,13,21,26,6,66,0,1,50,0,51,13,22,76,6,117,48,16,64,181
05/07/2015,MSO,MT,ANM,WE,Federal Contract Tower,14,20,22,0,56,0,2,44,0,46,14,22,66,0,102,30,0,30,132
05/08/2015,MSO,MT,ANM,WE,Federal Contract Tower,18,19,16,1,54,0,3,52,0,55,18,22,68,1,109,38,0,38,147
05/09/2015,MSO,MT,ANM,WE,Federal Contract Tower,16,8,13,0,37,0,8,31,0,39,16,16,44,0,76,14,0,14,90
05/10/2015,MSO,MT,ANM,WE,Federal Contract Tower,17,9,4,1,31,0,4,34,0,38,17,13,38,1,69,2,0,2,71
05/11/2015,MSO,MT,ANM,WE,Federal Contract Tower,19,12,20,15,66,0,0,27,0,27,19,12,47,15,93,22,24,46,139
05/12/2015,MSO,MT,ANM,WE,Federal Contract Tower,11,18,11,4,44,0,0,32,0,32,11,18,43,4,76,38,26,64,140
05/13/2015,MSO,MT,ANM,WE,Federal Contract Tower,15,18,13,1,47,0,6,31,0,37,15,24,44,1,84,26,0,26,110
05/14/2015,MSO,MT,ANM,WE,Federal Contract Tower,20,14,15,0,49,0,0,39,0,39,20,14,54,0,88,32,0,32,120
05/15/2015,MSO,MT,ANM,WE,Federal Contract Tower,19,19,14,0,52,0,4,27,0,31,19,23,41,0,83,20,0,20,103
05/16/2015,MSO,MT,ANM,WE,Federal Contract Tower,12,9,4,0,25,0,0,11,0,11,12,9,15,0,36,10,0,10,46
05/17/2015,MSO,MT,ANM,WE,Federal Contract Tower,21,9,10,0,40,0,1,24,0,25,21,10,34,0,65,4,0,4,69
05/18/2015,MSO,MT,ANM,WE,Federal Contract Tower,21,14,13,2,50,0,7,34,0,41,21,21,47,2,91,4,0,4,95
05/19/2015,MSO,MT,ANM,WE,Federal Contract Tower,13,28,13,2,56,0,4,23,0,27,13,32,36,2,83,0,24,24,107
05/20/2015,MSO,MT,ANM,WE,Federal Contract Tower,15,17,11,0,43,0,13,51,0,64,15,30,62,0,107,10,0,10,117
05/21/2015,MSO,MT,ANM,WE,Federal Contract Tower,19,16,16,0,51,0,4,58,0,62,19,20,74,0,113,12,0,12,125
05/22/2015,MSO,MT,ANM,WE,Federal Contract Tower,17,19,22,0,58,0,7,51,2,60,17,26,73,2,118,2,0,2,120
05/23/2015,MSO,MT,ANM,WE,Federal Contract Tower,13,8,11,0,32,0,8,31,0,39,13,16,42,0,71,0,0,0,71
05/24/2015,MSO,MT,ANM,WE,Federal Contract Tower,20,5,8,0,33,0,7,24,3,34,20,12,32,3,67,6,0,6,73
05/25/2015,MSO,MT,ANM,WE,Federal Contract Tower,19,15,3,0,37,0,7,33,1,41,19,22,36,1,78,30,0,30,108
05/26/2015,MSO,MT,ANM,WE,Federal Contract Tower,10,13,9,0,32,0,5,31,2,38,10,18,40,2,70,14,0,14,84
05/27/2015,MSO,MT,ANM,WE,Federal Contract Tower,15,17,7,3,42,0,9,26,0,35,15,26,33,3,77,26,2,28,105
05/28/2015,MSO,MT,ANM,WE,Federal Contract Tower,19,16,18,2,55,0,0,38,0,38,19,16,56,2,93,34,0,34,127
05/29/2015,MSO,MT,ANM,WE,Federal Contract Tower,16,14,7,2,39,0,0,34,0,34,16,14,41,2,73,22,0,22,95
05/30/2015,MSO,MT,ANM,WE,Federal Contract Tower,15,5,7,0,27,0,3,20,0,23,15,8,27,0,50,56,0,56,106
05/31/2015,MSO,MT,ANM,WE,Federal Contract Tower,17,11,9,0,37,0,1,28,0,29,17,12,37,0,66,14,0,14,80
06/01/2015,MSO,MT,ANM,WE,Federal Contract Tower,17,15,11,0,43,0,2,22,0,24,17,17,33,0,67,6,0,6,73
06/02/2015,MSO,MT,ANM,WE,Federal Contract Tower,13,17,6,0,36,0,3,19,0,22,13,20,25,0,58,10,0,10,68
06/03/2015,MSO,MT,ANM,WE,Federal Contract Tower,16,19,9,3,47,0,1,21,2,24,16,20,30,5,71,12,0,12,83
06/04/2015,MSO,MT,ANM,WE,Federal Contract Tower,21,20,11,0,52,0,7,47,2,56,21,27,58,2,108,6,0,6,114
06/05/2015,MSO,MT,ANM,WE,Federal Contract Tower,15,21,13,0,49,0,8,33,0,41,15,29,46,0,90,16,0,16,106
06/06/2015,MSO,MT,ANM,WE,Federal Contract Tower,17,11,4,0,32,0,2,40,0,42,17,13,44,0,74,16,0,16,90
06/07/2015,MSO,MT,ANM,WE,Federal Contract Tower,24,14,7,0,45,0,6,27,0,33,24,20,34,0,78,14,0,14,92
06/08/2015,MSO,MT,ANM,WE,Federal Contract Tower,18,9,6,0,33,0,0,34,0,34,18,9,40,0,67,14,0,14,81
06/09/2015,MSO,MT,ANM,WE,Federal Contract Tower,15,20,5,0,40,0,3,41,0,44,15,23,46,0,84,20,0,20,104
06/10/2015,MSO,MT,ANM,WE,Federal Contract Tower,16,23,11,0,50,0,5,37,0,42,16,28,48,0,92,12,0,12,104
06/11/2015,MSO,MT,ANM,WE,Federal Contract Tower,22,18,15,0,55,0,0,55,0,55,22,18,70,0,110,16,0,16,126
06/12/2015,MSO,MT,ANM,WE,Federal Contract Tower,18,14,11,0,43,0,2,34,0,36,18,16,45,0,79,6,0,6,85
06/13/2015,MSO,MT,ANM,WE,Federal Contract Tower,24,12,4,0,40,0,3,33,0,36,24,15,37,0,76,4,0,4,80
06/14/2015,MSO,MT,ANM,WE,Federal Contract Tower,23,18,13,0,54,0,2,41,0,43,23,20,54,0,97,8,0,8,105
06/15/2015,MSO,MT,ANM,WE,Federal Contract Tower,20,8,6,0,34,0,0,25,0,25,20,8,31,0,59,38,0,38,97
06/16/2015,MSO,MT,ANM,WE,Federal Contract Tower,16,20,9,2,47,0,3,41,0,44,16,23,50,2,91,16,12,28,119
06/17/2015,MSO,MT,ANM,WE,Federal Contract Tower,15,21,15,0,51,0,2,32,0,34,15,23,47,0,85,12,0,12,97
06/18/2015,MSO,MT,ANM,WE,Federal Contract Tower,29,14,15,0,58,0,7,44,0,51,29,21,59,0,109,58,0,58,167
06/19/2015,MSO,MT,ANM,WE,Federal Contract Tower,20,21,9,0,50,0,5,32,0,37,20,26,41,0,87,20,0,20,107
06/20/2015,MSO,MT,ANM,WE,Federal Contract Tower,23,7,5,0,35,0,8,37,0,45,23,15,42,0,80,62,0,62,142
06/21/2015,MSO,MT,ANM,WE,Federal Contract Tower,24,9,14,0,47,0,2,38,0,40,24,11,52,0,87,0,0,0,87
06/22/2015,MSO,MT,ANM,WE,Federal Contract Tower,19,7,11,0,37,0,8,42,0,50,19,15,53,0,87,22,0,22,109
06/23/2015,MSO,MT,ANM,WE,Federal Contract Tower,17,20,9,0,46,0,4,55,0,59,17,24,64,0,105,38,2,40,145
06/24/2015,MSO,MT,ANM,WE,Federal Contract Tower,13,19,22,0,54,0,11,25,0,36,13,30,47,0,90,10,0,10,100
06/25/2015,MSO,MT,ANM,WE,Federal Contract Tower,20,17,12,0,49,0,6,58,0,64,20,23,70,0,113,22,0,22,135
06/26/2015,MSO,MT,ANM,WE,Federal Contract Tower,20,19,6,0,45,0,3,49,0,52,20,22,55,0,97,30,0,30,127
06/27/2015,MSO,MT,ANM,WE,Federal Contract Tower,17,16,18,0,51,0,6,33,0,39,17,22,51,0,90,20,0,20,110
06/28/2015,MSO,MT,ANM,WE,Federal Contract Tower,22,15,9,0,46,0,10,42,0,52,22,25,51,0,98,12,0,12,110
06/29/2015,MSO,MT,ANM,WE,Federal Contract Tower,25,8,12,0,45,0,2,39,1,42,25,10,51,1,87,10,0,10,97
06/30/2015,MSO,MT,ANM,WE,Federal Contract Tower,18,18,9,0,45,0,5,29,2,36,18,23,38,2,81,34,0,34,115
07/01/2015,MSO,MT,ANM,WE,Federal Contract Tower,14,25,21,0,60,0,5,52,0,57,14,30,73,0,117,46,0,46,163
07/02/2015,MSO,MT,ANM,WE,Federal Contract Tower,23,22,16,0,61,0,7,54,0,61,23,29,70,0,122,0,0,0,122
07/03/2015,MSO,MT,ANM,WE,Federal Contract Tower,22,17,6,0,45,0,1,57,0,58,22,18,63,0,103,30,0,30,133
07/04/2015,MSO,MT,ANM,WE,Federal Contract Tower,23,10,3,0,36,0,11,22,0,33,23,21,25,0,69,32,0,32,101
07/05/2015,MSO,MT,ANM,WE,Federal Contract Tower,23,14,11,0,48,0,4,22,0,26,23,18,33,0,74,10,0,10,84
07/06/2015,MSO,MT,ANM,WE,Federal Contract Tower,21,18,10,0,49,0,0,44,0,44,21,18,54,0,93,30,0,30,123
07/07/2015,MSO,MT,ANM,WE,Federal Contract Tower,20,21,13,0,54,0,7,35,0,42,20,28,48,0,96,22,0,22,118
07/08/2015,MSO,MT,ANM,WE,Federal Contract Tower,17,26,15,0,58,0,13,56,0,69,17,39,71,0,127,8,0,8,135
07/09/2015,MSO,MT,ANM,WE,Federal Contract Tower,24,21,22,2,69,0,7,94,0,101,24,28,116,2,170,64,0,64,234
07/10/2015,MSO,MT,ANM,WE,Federal Contract Tower,17,28,12,0,57,0,2,51,0,53,17,30,63,0,110,66,0,66,176
07/11/2015,MSO,MT,ANM,WE,Federal Contract Tower,27,16,12,0,55,0,1,8,0,9,27,17,20,0,64,0,0,0,64
07/12/2015,MSO,MT,ANM,WE,Federal Contract Tower,26,22,14,0,62,0,6,33,0,39,26,28,47,0,101,28,0,28,129
07/13/2015,MSO,MT,ANM,WE,Federal Contract Tower,17,23,8,0,48,0,1,30,0,31,17,24,38,0,79,30,0,30,109
07/14/2015,MSO,MT,ANM,WE,Federal Contract Tower,22,22,19,0,63,0,2,37,0,39,22,24,56,0,102,34,0,34,136
07/15/2015,MSO,MT,ANM,WE,Federal Contract Tower,17,25,8,0,50,0,3,24,0,27,17,28,32,0,77,30,0,30,107
07/16/2015,MSO,MT,ANM,WE,Federal Contract Tower,24,21,16,0,61,0,2,64,0,66,24,23,80,0,127,28,0,28,155
07/17/2015,MSO,MT,ANM,WE,Federal Contract Tower,20,23,22,0,65,0,11,53,2,66,20,34,75,2,131,6,0,6,137
07/18/2015,MSO,MT,ANM,WE,Federal Contract Tower,23,17,11,0,51,0,7,60,0,67,23,24,71,0,118,14,0,14,132
07/19/2015,MSO,MT,ANM,WE,Federal Contract Tower,25,13,15,0,53,0,5,56,0,61,25,18,71,0,114,4,0,4,118
07/20/2015,MSO,MT,ANM,WE,Federal Contract Tower,18,17,11,0,46,0,5,46,0,51,18,22,57,0,97,18,0,18,115
07/21/2015,MSO,MT,ANM,WE,Federal Contract Tower,21,27,12,1,61,0,4,65,0,69,21,31,77,1,130,0,0,0,130
07/22/2015,MSO,MT,ANM,WE,Federal Contract Tower,19,27,14,2,62,0,0,42,0,42,19,27,56,2,104,0,8,8,112
07/23/2015,MSO,MT,ANM,WE,Federal Contract Tower,23,18,23,0,64,0,4,61,0,65,23,22,84,0,129,18,0,18,147
07/24/2015,MSO,MT,ANM,WE,Federal Contract Tower,17,23,20,0,60,0,1,80,0,81,17,24,100,0,141,28,0,28,169
07/25/2015,MSO,MT,ANM,WE,Federal Contract Tower,24,18,12,0,54,0,6,56,0,62,24,24,68,0,116,0,0,0,116
07/26/2015,MSO,MT,ANM,WE,Federal Contract Tower,25,16,12,3,56,0,4,38,1,43,25,20,50,4,99,6,0,6,105
07/27/2015,MSO,MT,ANM,WE,Federal Contract Tower,17,20,16,2,55,0,0,25,0,25,17,20,41,2,80,98,12,110,190
07/28/2015,MSO,MT,ANM,WE,Federal Contract Tower,21,18,23,2,64,0,3,58,0,61,21,21,81,2,125,24,0,24,149
07/29/2015,MSO,MT,ANM,WE,Federal Contract Tower,19,28,6,0,53,0,2,59,0,61,19,30,65,0,114,18,0,18,132
07/30/2015,MSO,MT,ANM,WE,Federal Contract Tower,25,25,17,2,69,0,4,68,2,74,25,29,85,4,143,26,10,36,179
07/31/2015,MSO,MT,ANM,WE,Federal Contract Tower,17,24,18,0,59,0,12,75,0,87,17,36,93,0,146,22,0,22,168
08/01/2015,MSO,MT,ANM,WE,Federal Contract Tower,22,19,8,0,49,0,0,40,0,40,22,19,48,0,89,38,0,38,127
08/02/2015,MSO,MT,ANM,WE,Federal Contract Tower,19,14,10,0,43,0,2,31,0,33,19,16,41,0,76,0,0,0,76
08/03/2015,MSO,MT,ANM,WE,Federal Contract Tower,18,25,15,2,60,0,5,46,0,51,18,30,61,2,111,16,20,36,147
08/04/2015,MSO,MT,ANM,WE,Federal Contract Tower,21,22,14,0,57,0,0,34,0,34,21,22,48,0,91,34,0,34,125
08/05/2015,MSO,MT,ANM,WE,Federal Contract Tower,19,18,20,0,57,0,1,29,0,30,19,19,49,0,87,52,0,52,139
08/06/2015,MSO,MT,ANM,WE,Federal Contract Tower,23,26,21,2,72,0,5,54,0,59,23,31,75,2,131,4,4,8,139
08/07/2015,MSO,MT,ANM,WE,Federal Contract Tower,16,27,19,0,62,0,3,62,4,69,16,30,81,4,131,26,0,26,157
08/08/2015,MSO,MT,ANM,WE,Federal Contract Tower,24,18,13,0,55,0,2,54,0,56,24,20,67,0,111,14,0,14,125
08/09/2015,MSO,MT,ANM,WE,Federal Contract Tower,21,30,11,0,62,0,3,52,0,55,21,33,63,0,117,6,0,6,123
08/10/2015,MSO,MT,ANM,WE,Federal Contract Tower,15,17,14,0,46,0,2,45,0,47,15,19,59,0,93,18,0,18,111
08/11/2015,MSO,MT,ANM,WE,Federal Contract Tower,21,20,19,0,60,0,6,102,2,110,21,26,121,2,170,54,0,54,224
08/12/2015,MSO,MT,ANM,WE,Federal Contract Tower,18,19,20,0,57,0,1,75,2,78,18,20,95,2,135,14,0,14,149
08/13/2015,MSO,MT,ANM,WE,Federal Contract Tower,21,24,16,0,61,0,1,77,0,78,21,25,93,0,139,24,0,24,163
08/14/2015,MSO,MT,ANM,WE,Federal Contract Tower,22,23,16,0,61,0,1,101,0,102,22,24,117,0,163,12,0,12,175
08/15/2015,MSO,MT,ANM,WE,Federal Contract Tower,24,24,15,1,64,0,4,55,0,59,24,28,70,1,123,16,0,16,139
08/16/2015,MSO,MT,ANM,WE,Federal Contract Tower,21,24,22,2,69,0,8,100,0,108,21,32,122,2,177,24,0,24,201
08/17/2015,MSO,MT,ANM,WE,Federal Contract Tower,17,19,18,1,55,0,2,61,0,63,17,21,79,1,118,10,0,10,128
08/18/2015,MSO,MT,ANM,WE,Federal Contract Tower,13,15,24,0,52,0,6,66,1,73,13,21,90,1,125,46,0,46,171
08/19/2015,MSO,MT,ANM,WE,Federal Contract Tower,12,20,23,0,55,0,1,78,0,79,12,21,101,0,134,70,0,70,204
08/20/2015,MSO,MT,ANM,WE,Federal Contract Tower,16,27,27,0,70,0,4,25,0,29,16,31,52,0,99,30,0,30,129
08/21/2015,MSO,MT,ANM,WE,Federal Contract Tower,20,24,29,0,73,0,3,22,0,25,20,27,51,0,98,58,0,58,156
08/22/2015,MSO,MT,ANM,WE,Federal Contract Tower,14,14,12,3,43,0,5,29,4,38,14,19,41,7,81,12,0,12,93
08/23/2015,MSO,MT,ANM,WE,Federal Contract Tower,19,18,11,0,48,0,6,29,0,35,19,24,40,0,83,24,0,24,107
08/24/2015,MSO,MT,ANM,WE,Federal Contract Tower,24,23,14,0,61,0,0,19,0,19,24,23,33,0,80,96,0,96,176
08/25/2015,MSO,MT,ANM,WE,Federal Contract Tower,18,21,25,4,68,0,0,12,0,12,18,21,37,4,80,24,0,24,104
08/26/2015,MSO,MT,ANM,WE,Federal Contract Tower,15,20,16,4,55,0,0,20,0,20,15,20,36,4,75,20,0,20,95
08/27/2015,MSO,MT,ANM,WE,Federal Contract Tower,19,17,34,0,70,0,0,10,1,11,19,17,44,1,81,6,0,6,87
08/28/2015,MSO,MT,ANM,WE,Federal Contract Tower,23,20,51,0,94,0,0,0,0,0,23,20,51,0,94,0,0,0,94
08/29/2015,MSO,MT,ANM,WE,Federal Contract Tower,23,19,33,1,76,0,0,0,0,0,23,19,33,1,76,0,0,0,76
08/30/2015,MSO,MT,ANM,WE,Federal Contract Tower,27,20,27,1,75,0,0,24,1,25,27,20,51,2,100,4,0,4,104
08/31/2015,MSO,MT,ANM,WE,Federal Contract Tower,19,12,13,0,44,0,2,55,0,57,19,14,68,0,101,40,0,40,141
09/01/2015,MSO,MT,ANM,WE,Federal Contract Tower,18,14,21,0,53,0,0,102,3,105,18,14,123,3,158,18,0,18,176
09/02/2015,MSO,MT,ANM,WE,Federal Contract Tower,18,14,10,0,42,0,1,29,1,31,18,15,39,1,73,4,0,4,77
09/03/2015,MSO,MT,ANM,WE,Federal Contract Tower,22,18,18,0,58,0,0,22,0,22,22,18,40,0,80,22,0,22,102
09/04/2015,MSO,MT,ANM,WE,Federal Contract Tower,21,19,18,0,58,0,6,24,6,36,21,25,42,6,94,58,0,58,152
09/05/2015,MSO,MT,ANM,WE,Federal Contract Tower,17,6,12,0,35,0,0,11,0,11,17,6,23,0,46,2,0,2,48
09/06/2015,MSO,MT,ANM,WE,Federal Contract Tower,18,10,8,0,36,0,5,30,0,35,18,15,38,0,71,6,0,6,77
09/07/2015,MSO,MT,ANM,WE,Federal Contract Tower,18,7,13,0,38,0,7,20,0,27,18,14,33,0,65,16,0,16,81
09/08/2015,MSO,MT,ANM,WE,Federal Contract Tower,19,16,21,0,56,0,8,32,0,40,19,24,53,0,96,10,0,10,106
09/09/2015,MSO,MT,ANM,WE,Federal Contract Tower,11,25,16,0,52,0,5,42,0,47,11,30,58,0,99,20,0,20,119
09/10/2015,MSO,MT,ANM,WE,Federal Contract Tower,20,18,22,0,60,0,3,44,0,47,20,21,66,0,107,42,0,42,149
09/11/2015,MSO,MT,ANM,WE,Federal Contract Tower,20,13,8,0,41,0,0,40,0,40,20,13,48,0,81,12,0,12,93
09/12/2015,MSO,MT,ANM,WE,Federal Contract Tower,16,8,16,0,40,0,4,77,0,81,16,12,93,0,121,11,0,11,132
09/13/2015,MSO,MT,ANM,WE,Federal Contract Tower,20,14,16,0,50,0,5,64,0,69,20,19,80,0,119,10,0,10,129
09/14/2015,MSO,MT,ANM,WE,Federal Contract Tower,18,10,11,0,39,0,12,67,0,79,18,22,78,0,118,12,0,12,130
09/15/2015,MSO,MT,ANM,WE,Federal Contract Tower,21,20,17,2,60,0,2,30,0,32,21,22,47,2,92,12,8,20,112
09/16/2015,MSO,MT,ANM,WE,Federal Contract Tower,14,18,15,0,47,0,1,15,0,16,14,19,30,0,63,6,0,6,69
09/17/2015,MSO,MT,ANM,WE,Federal Contract Tower,20,14,24,0,58,0,0,12,0,12,20,14,36,0,70,28,0,28,98
09/18/2015,MSO,MT,ANM,WE,Federal Contract Tower,24,16,27,0,67,0,9,49,0,58,24,25,76,0,125,25,0,25,150
09/19/2015,MSO,MT,ANM,WE,Federal Contract Tower,19,7,11,0,37,0,2,41,0,43,19,9,52,0,80,26,0,26,106
09/20/2015,MSO,MT,ANM,WE,Federal Contract Tower,18,11,24,0,53,0,4,26,4,34,18,15,50,4,87,8,0,8,95
09/21/2015,MSO,MT,ANM,WE,Federal Contract Tower,18,15,14,0,47,0,2,30,3,35,18,17,44,3,82,18,0,18,100
09/22/2015,MSO,MT,ANM,WE,Federal Contract Tower,19,17,10,0,46,0,6,42,1,49,19,23,52,1,95,40,0,40,135
09/23/2015,MSO,MT,ANM,WE,Federal Contract Tower,12,18,16,1,47,0,3,42,2,47,12,21,58,3,94,24,0,24,118
09/24/2015,MSO,MT,ANM,WE,Federal Contract Tower,18,23,13,0,54,0,2,40,0,42,18,25,53,0,96,64,0,64,160
09/25/2015,MSO,MT,ANM,WE,Federal Contract Tower,23,13,22,0,58,0,6,44,0,50,23,19,66,0,108,58,0,58,166
09/26/2015,MSO,MT,ANM,WE,Federal Contract Tower,20,10,3,0,33,0,0,39,1,40,20,10,42,1,73,12,0,12,85
09/27/2015,MSO,MT,ANM,WE,Federal Contract Tower,21,19,6,0,46,0,9,45,0,54,21,28,51,0,100,6,0,6,106
09/28/2015,MSO,MT,ANM,WE,Federal Contract Tower,20,10,9,2,41,0,8,37,2,47,20,18,46,4,88,57,0,57,145
09/29/2015,MSO,MT,ANM,WE,Federal Contract Tower,18,13,13,0,44,0,6,34,0,40,18,19,47,0,84,8,0,8,92
09/30/2015,MSO,MT,ANM,WE,Federal Contract Tower,19,12,10,2,43,0,2,41,0,43,19,14,51,2,86,34,0,34,120
10/01/2015,MSO,MT,ANM,WE,Federal Contract Tower,19,16,14,0,49,0,1,25,0,26,19,17,39,0,75,40,0,40,115
10/02/2015,MSO,MT,ANM,WE,Federal Contract Tower,23,16,15,0,54,0,7,27,0,34,23,23,42,0,88,24,0,24,112
10/03/2015,MSO,MT,ANM,WE,Federal Contract Tower,16,10,6,2,34,0,1,12,2,15,16,11,18,4,49,26,0,26,75
10/04/2015,MSO,MT,ANM,WE,Federal Contract Tower,24,5,8,0,37,0,9,28,0,37,24,14,36,0,74,14,0,14,88
10/05/2015,MSO,MT,ANM,WE,Federal Contract Tower,21,7,9,0,37,0,2,37,0,39,21,9,46,0,76,51,0,51,127
10/06/2015,MSO,MT,ANM,WE,Federal Contract Tower,17,11,13,0,41,0,5,41,0,46,17,16,54,0,87,45,0,45,132
10/07/2015,MSO,MT,ANM,WE,Federal Contract Tower,15,15,13,0,43,0,0,26,0,26,15,15,39,0,69,64,0,64,133
10/08/2015,MSO,MT,ANM,WE,Federal Contract Tower,20,15,20,0,55,0,1,28,0,29,20,16,48,0,84,44,0,44,128
10/09/2015,MSO,MT,ANM,WE,Federal Contract Tower,20,19,7,0,46,0,5,30,0,35,20,24,37,0,81,55,0,55,136
10/10/2015,MSO,MT,ANM,WE,Federal Contract Tower,16,15,7,0,38,0,3,34,0,37,16,18,41,0,75,18,0,18,93
10/11/2015,MSO,MT,ANM,WE,Federal Contract Tower,20,8,5,0,33,0,2,6,0,8,20,10,11,0,41,0,0,0,41
10/12/2015,MSO,MT,ANM,WE,Federal Contract Tower,20,7,9,0,36,0,1,43,0,44,20,8,52,0,80,32,0,32,112
10/13/2015,MSO,MT,ANM,WE,Federal Contract Tower,17,15,6,0,38,0,1,40,0,41,17,16,46,0,79,60,0,60,139
10/14/2015,MSO,MT,ANM,WE,Federal Contract Tower,16,11,12,0,39,0,1,47,2,50,16,12,59,2,89,66,0,66,155
10/15/2015,MSO,MT,ANM,WE,Federal Contract Tower,16,16,20,0,52,0,2,27,0,29,16,18,47,0,81,22,0,22,103
10/16/2015,MSO,MT,ANM,WE,Federal Contract Tower,19,15,13,0,47,0,5,50,2,57,19,20,63,2,104,12,0,12,116
10/17/2015,MSO,MT,ANM,WE,Federal Contract Tower,13,7,6,0,26,0,15,45,0,60,13,22,51,0,86,20,0,20,106
10/18/2015,MSO,MT,ANM,WE,Federal Contract Tower,21,7,10,0,38,0,0,15,0,15,21,7,25,0,53,0,0,0,53
10/19/2015,MSO,MT,ANM,WE,Federal Contract Tower,20,7,8,0,35,0,0,3,0,3,20,7,11,0,38,64,0,64,102
10/20/2015,MSO,MT,ANM,WE,Federal Contract Tower,19,15,9,0,43,0,4,31,0,35,19,19,40,0,78,24,0,24,102
10/21/2015,MSO,MT,ANM,WE,Federal Contract Tower,17,17,13,0,47,0,2,24,0,26,17,19,37,0,73,38,0,38,111
10/22/2015,MSO,MT,ANM,WE,Federal Contract Tower,20,21,20,0,61,0,3,22,0,25,20,24,42,0,86,26,0,26,112
10/23/2015,MSO,MT,ANM,WE,Federal Contract Tower,24,9,26,0,59,0,1,36,0,37,24,10,62,0,96,27,0,27,123
10/24/2015,MSO,MT,ANM,WE,Federal Contract Tower,18,11,15,0,44,0,5,25,0,30,18,16,40,0,74,2,0,2,76
10/25/2015,MSO,MT,ANM,WE,Federal Contract Tower,22,5,7,2,36,0,3,21,0,24,22,8,28,2,60,20,0,20,80
10/26/2015,MSO,MT,ANM,WE,Federal Contract Tower,18,10,26,0,54,0,3,7,0,10,18,13,33,0,64,22,0,22,86
10/27/2015,MSO,MT,ANM,WE,Federal Contract Tower,16,13,7,0,36,0,1,13,0,14,16,14,20,0,50,32,0,32,82
10/28/2015,MSO,MT,ANM,WE,Federal Contract Tower,19,12,10,0,41,0,1,31,1,33,19,13,41,1,74,18,0,18,92
10/29/2015,MSO,MT,ANM,WE,Federal Contract Tower,19,13,7,0,39,0,1,7,0,8,19,14,14,0,47,56,0,56,103
10/30/2015,MSO,MT,ANM,WE,Federal Contract Tower,23,15,3,0,41,0,1,9,0,10,23,16,12,0,51,42,0,42,93
10/31/2015,MSO,MT,ANM,WE,Federal Contract Tower,15,9,1,0,25,0,0,8,0,8,15,9,9,0,33,0,0,0,33
11/01/2015,MSO,MT,ANM,WE,Federal Contract Tower,22,6,8,0,36,0,0,10,0,10,22,6,18,0,46,0,0,0,46
11/02/2015,MSO,MT,ANM,WE,Federal Contract Tower,19,11,14,0,44,0,6,29,0,35,19,17,43,0,79,56,0,56,135
11/03/2015,MSO,MT,ANM,WE,Federal Contract Tower,14,14,6,0,34,0,0,2,0,2,14,14,8,0,36,50,0,50,86
11/04/2015,MSO,MT,ANM,WE,Federal Contract Tower,14,18,9,0,41,0,0,17,0,17,14,18,26,0,58,32,0,32,90
11/05/2015,MSO,MT,ANM,WE,Federal Contract Tower,20,11,6,0,37,0,0,8,0,8,20,11,14,0,45,60,0,60,105
11/06/2015,MSO,MT,ANM,WE,Federal Contract Tower,22,14,17,0,53,0,3,14,0,17,22,17,31,0,70,62,0,62,132
11/07/2015,MSO,MT,ANM,WE,Federal Contract Tower,12,6,8,0,26,0,4,20,0,24,12,10,28,0,50,22,0,22,72
11/08/2015,MSO,MT,ANM,WE,Federal Contract Tower,22,7,13,0,42,0,10,14,0,24,22,17,27,0,66,44,0,44,110
11/09/2015,MSO,MT,ANM,WE,Federal Contract Tower,20,9,11,2,42,0,0,7,0,7,20,9,18,2,49,30,2,32,81
11/10/2015,MSO,MT,ANM,WE,Federal Contract Tower,14,16,19,0,49,0,0,6,0,6,14,16,25,0,55,8,0,8,63
11/11/2015,MSO,MT,ANM,WE,Federal Contract Tower,18,16,8,0,42,0,0,8,0,8,18,16,16,0,50,14,0,14,64
11/12/2015,MSO,MT,ANM,WE,Federal Contract Tower,20,10,15,0,45,0,2,30,0,32,20,12,45,0,77,6,0,6,83
11/13/2015,MSO,MT,ANM,WE,Federal Contract Tower,17,15,7,0,39,0,4,10,0,14,17,19,17,0,53,6,0,6,59
11/14/2015,MSO,MT,ANM,WE,Federal Contract Tower,12,9,3,1,25,0,0,3,0,3,12,9,6,1,28,8,0,8,36
11/15/2015,MSO,MT,ANM,WE,Federal Contract Tower,19,6,3,0,28,0,1,20,0,21,19,7,23,0,49,16,0,16,65
11/16/2015,MSO,MT,ANM,WE,Federal Contract Tower,18,11,15,13,57,0,6,19,0,25,18,17,34,13,82,60,0,60,142
11/17/2015,MSO,MT,ANM,WE,Federal Contract Tower,14,13,6,0,33,0,3,3,0,6,14,16,9,0,39,2,0,2,41
11/18/2015,MSO,MT,ANM,WE,Federal Contract Tower,16,15,6,0,37,0,9,11,0,20,16,24,17,0,57,0,1,1,58
11/19/2015,MSO,MT,ANM,WE,Federal Contract Tower,18,18,17,0,53,0,3,13,0,16,18,21,30,0,69,56,0,56,125
11/20/2015,MSO,MT,ANM,WE,Federal Contract Tower,21,9,12,0,42,0,40,21,0,61,21,49,33,0,103,44,0,44,147
11/21/2015,MSO,MT,ANM,WE,Federal Contract Tower,12,5,3,2,22,0,4,24,0,28,12,9,27,2,50,16,0,16,66
11/22/2015,MSO,MT,ANM,WE,Federal Contract Tower,20,3,4,0,27,0,0,23,0,23,20,3,27,0,50,0,0,0,50
11/23/2015,MSO,MT,ANM,WE,Federal Contract Tower,19,9,7,0,35,0,3,28,0,31,19,12,35,0,66,34,0,34,100
11/24/2015,MSO,MT,ANM,WE,Federal Contract Tower,21,10,12,0,43,0,0,6,0,6,21,10,18,0,49,36,0,36,85
11/25/2015,MSO,MT,ANM,WE,Federal Contract Tower,17,12,23,0,52,0,2,5,0,7,17,14,28,0,59,8,0,8,67
11/26/2015,MSO,MT,ANM,WE,Federal Contract Tower,14,8,5,0,27,0,3,12,0,15,14,11,17,0,42,0,0,0,42
11/27/2015,MSO,MT,ANM,WE,Federal Contract Tower,18,10,5,0,33,0,4,20,0,24,18,14,25,0,57,0,0,0,57
11/28/2015,MSO,MT,ANM,WE,Federal Contract Tower,22,7,11,0,40,0,2,11,0,13,22,9,22,0,53,8,0,8,61
11/29/2015,MSO,MT,ANM,WE,Federal Contract Tower,22,7,13,0,42,0,0,10,0,10,22,7,23,0,52,0,0,0,52
11/30/2015,MSO,MT,ANM,WE,Federal Contract Tower,17,15,14,0,46,0,4,9,0,13,17,19,23,0,59,55,0,55,114
12/01/2015,MSO,MT,ANM,WE,Federal Contract Tower,13,16,17,8,54,0,2,7,0,9,13,18,24,8,63,32,0,32,95
12/02/2015,MSO,MT,ANM,WE,Federal Contract Tower,12,10,14,0,36,0,0,4,0,4,12,10,18,0,40,40,0,40,80
12/03/2015,MSO,MT,ANM,WE,Federal Contract Tower,21,14,12,0,47,0,8,12,0,20,21,22,24,0,67,38,0,38,105
12/04/2015,MSO,MT,ANM,WE,Federal Contract Tower,21,13,10,0,44,0,2,9,0,11,21,15,19,0,55,18,0,18,73
12/05/2015,MSO,MT,ANM,WE,Federal Contract Tower,13,5,4,0,22,0,2,32,0,34,13,7,36,0,56,30,0,30,86
12/06/2015,MSO,MT,ANM,WE,Federal Contract Tower,19,4,9,0,32,0,0,4,0,4,19,4,13,0,36,0,0,0,36
12/07/2015,MSO,MT,ANM,WE,Federal Contract Tower,19,8,7,0,34,0,0,7,2,9,19,8,14,2,43,47,0,47,90
12/08/2015,MSO,MT,ANM,WE,Federal Contract Tower,16,12,6,0,34,0,1,13,0,14,16,13,19,0,48,6,0,6,54
12/09/2015,MSO,MT,ANM,WE,Federal Contract Tower,13,13,3,0,29,0,0,3,0,3,13,13,6,0,32,2,0,2,34
12/10/2015,MSO,MT,ANM,WE,Federal Contract Tower,21,13,10,0,44,0,0,1,0,1,21,13,11,0,45,40,0,40,85
12/11/2015,MSO,MT,ANM,WE,Federal Contract Tower,17,14,5,0,36,0,0,3,0,3,17,14,8,0,39,18,0,18,57
12/12/2015,MSO,MT,ANM,WE,Federal Contract Tower,15,6,7,0,28,0,4,7,0,11,15,10,14,0,39,34,0,34,73
12/13/2015,MSO,MT,ANM,WE,Federal Contract Tower,17,7,0,0,24,0,0,0,0,0,17,7,0,0,24,0,0,0,24
12/14/2015,MSO,MT,ANM,WE,Federal Contract Tower,21,22,11,0,54,0,0,0,0,0,21,22,11,0,54,0,0,0,54
12/15/2015,MSO,MT,ANM,WE,Federal Contract Tower,10,14,8,0,32,0,6,15,0,21,10,20,23,0,53,24,0,24,77
12/16/2015,MSO,MT,ANM,WE,Federal Contract Tower,13,13,5,0,31,0,0,0,0,0,13,13,5,0,31,0,0,0,31
12/17/2015,MSO,MT,ANM,WE,Federal Contract Tower,19,18,10,0,47,0,7,25,0,32,19,25,35,0,79,18,0,18,97
12/18/2015,MSO,MT,ANM,WE,Federal Contract Tower,24,15,7,0,46,0,2,3,0,5,24,17,10,0,51,6,0,6,57
12/19/2015,MSO,MT,ANM,WE,Federal Contract Tower,24,6,11,0,41,0,0,0,0,0,24,6,11,0,41,0,0,0,41
12/20/2015,MSO,MT,ANM,WE,Federal Contract Tower,28,6,6,0,40,0,3,14,0,17,28,9,20,0,57,0,0,0,57
12/21/2015,MSO,MT,ANM,WE,Federal Contract Tower,24,11,0,2,37,0,0,0,0,0,24,11,0,2,37,10,8,18,55
12/22/2015,MSO,MT,ANM,WE,Federal Contract Tower,25,23,12,0,60,0,0,0,0,0,25,23,12,0,60,0,0,0,60
12/23/2015,MSO,MT,ANM,WE,Federal Contract Tower,21,15,1,0,37,0,0,5,0,5,21,15,6,0,42,30,0,30,72
12/24/2015,MSO,MT,ANM,WE,Federal Contract Tower,22,15,3,0,40,0,0,11,0,11,22,15,14,0,51,0,0,0,51
12/25/2015,MSO,MT,ANM,WE,Federal Contract Tower,19,3,0,0,22,0,0,0,0,0,19,3,0,0,22,0,0,0,22
12/26/2015,MSO,MT,ANM,WE,Federal Contract Tower,24,13,4,0,41,0,2,7,0,9,24,15,11,0,50,6,0,6,56
12/27/2015,MSO,MT,ANM,WE,Federal Contract Tower,24,8,6,0,38,0,0,4,0,4,24,8,10,0,42,0,0,0,42
12/28/2015,MSO,MT,ANM,WE,Federal Contract Tower,23,15,7,2,47,0,0,18,0,18,23,15,25,2,65,28,4,32,97
12/29/2015,MSO,MT,ANM,WE,Federal Contract Tower,22,18,10,1,51,0,0,0,0,0,22,18,10,1,51,0,0,0,51
12/30/2015,MSO,MT,ANM,WE,Federal Contract Tower,24,17,9,1,51,0,3,0,0,3,24,20,9,1,54,0,0,0,54
12/31/2015,MSO,MT,ANM,WE,Federal Contract Tower,24,9,0,0,33,0,1,9,0,10,24,10,9,0,43,42,0,42,85
01/01/2016,MSO,MT,ANM,WE,Federal Contract Tower,14,9,1,0,24,0,0,1,0,1,14,9,2,0,25,32,0,32,57
01/02/2016,MSO,MT,ANM,WE,Federal Contract Tower,20,10,8,0,38,0,3,1,0,4,20,13,9,0,42,42,0,42,84
01/03/2016,MSO,MT,ANM,WE,Federal Contract Tower,26,10,9,0,45,0,0,6,0,6,26,10,15,0,51,8,0,8,59
01/04/2016,MSO,MT,ANM,WE,Federal Contract Tower,25,7,11,0,43,0,11,10,0,21,25,18,21,0,64,35,0,35,99
01/05/2016,MSO,MT,ANM,WE,Federal Contract Tower,13,14,8,4,39,0,8,26,0,34,13,22,34,4,73,18,0,18,91
01/06/2016,MSO,MT,ANM,WE,Federal Contract Tower,13,17,15,0,45,0,3,7,0,10,13,20,22,0,55,10,0,10,65
01/07/2016,MSO,MT,ANM,WE,Federal Contract Tower,20,19,6,0,45,0,0,4,0,4,20,19,10,0,49,26,0,26,75
01/08/2016,MSO,MT,ANM,WE,Federal Contract Tower,17,12,7,0,36,0,0,6,0,6,17,12,13,0,42,74,0,74,116
01/09/2016,MSO,MT,ANM,WE,Federal Contract Tower,14,8,8,0,30,0,4,7,0,11,14,12,15,0,41,10,0,10,51
01/10/2016,MSO,MT,ANM,WE,Federal Contract Tower,18,4,3,0,25,0,3,9,0,12,18,7,12,0,37,24,0,24,61
01/11/2016,MSO,MT,ANM,WE,Federal Contract Tower,18,11,8,0,37,0,0,0,0,0,18,11,8,0,37,0,0,0,37
01/12/2016,MSO,MT,ANM,WE,Federal Contract Tower,11,14,10,0,35,0,1,20,0,21,11,15,30,0,56,34,0,34,90
01/13/2016,MSO,MT,ANM,WE,Federal Contract Tower,13,16,7,0,36,0,0,6,0,6,13,16,13,0,42,22,0,22,64
01/14/2016,MSO,MT,ANM,WE,Federal Contract Tower,15,14,17,0,46,0,0,9,0,9,15,14,26,0,55,0,0,0,55
01/15/2016,MSO,MT,ANM,WE,Federal Contract Tower,21,16,9,0,46,0,3,12,0,15,21,19,21,0,61,16,0,16,77
01/16/2016,MSO,MT,ANM,WE,Federal Contract Tower,15,7,4,0,26,0,0,0,0,0,15,7,4,0,26,14,0,14,40
01/17/2016,MSO,MT,ANM,WE,Federal Contract Tower,21,2,4,0,27,0,0,3,0,3,21,2,7,0,30,0,0,0,30
01/18/2016,MSO,MT,ANM,WE,Federal Contract Tower,17,6,8,0,31,0,0,6,0,6,17,6,14,0,37,28,0,28,65
01/19/2016,MSO,MT,ANM,WE,Federal Contract Tower,12,16,6,1,35,0,5,17,0,22,12,21,23,1,57,60,0,60,117
01/20/2016,MSO,MT,ANM,WE,Federal Contract Tower,15,12,6,4,37,0,4,12,0,16,15,16,18,4,53,46,0,46,99
01/21/2016,MSO,MT,ANM,WE,Federal Contract Tower,15,19,12,0,46,0,2,10,0,12,15,21,22,0,58,16,0,16,74
01/22/2016,MSO,MT,ANM,WE,Federal Contract Tower,20,10,11,0,41,0,1,23,0,24,20,11,34,0,65,48,0,48,113
01/23/2016,MSO,MT,ANM,WE,Federal Contract Tower,14,6,4,0,24,0,0,1,0,1,14,6,5,0,25,0,0,0,25
01/24/2016,MSO,MT,ANM,WE,Federal Contract Tower,20,11,1,0,32,0,0,1,0,1,20,11,2,0,33,10,0,10,43
01/25/2016,MSO,MT,ANM,WE,Federal Contract Tower,17,8,10,0,35,0,4,20,0,24,17,12,30,0,59,42,0,42,101
01/26/2016,MSO,MT,ANM,WE,Federal Contract Tower,12,11,11,1,35,0,6,22,1,29,12,17,33,2,64,74,0,74,138
01/27/2016,MSO,MT,ANM,WE,Federal Contract Tower,16,14,5,0,35,0,0,13,0,13,16,14,18,0,48,28,0,28,76
01/28/2016,MSO,MT,ANM,WE,Federal Contract Tower,18,11,8,0,37,0,0,4,0,4,18,11,12,0,41,42,0,42,83
01/29/2016,MSO,MT,ANM,WE,Federal Contract Tower,20,10,5,0,35,0,0,15,0,15,20,10,20,0,50,44,0,44,94
01/30/2016,MSO,MT,ANM,WE,Federal Contract Tower,13,6,2,0,21,0,0,0,0,0,13,6,2,0,21,0,0,0,21
01/31/2016,MSO,MT,ANM,WE,Federal Contract Tower,17,7,0,0,24,0,0,4,0,4,17,7,4,0,28,0,0,0,28
02/01/2016,MSO,MT,ANM,WE,Federal Contract Tower,18,8,7,0,33,0,0,2,0,2,18,8,9,0,35,14,0,14,49
02/02/2016,MSO,MT,ANM,WE,Federal Contract Tower,11,15,10,2,38,0,4,2,0,6,11,19,12,2,44,12,0,12,56
02/03/2016,MSO,MT,ANM,WE,Federal Contract Tower,15,19,12,0,46,0,0,6,0,6,15,19,18,0,52,46,0,46,98
02/04/2016,MSO,MT,ANM,WE,Federal Contract Tower,17,10,19,0,46,0,2,11,0,13,17,12,30,0,59,3,0,3,62
02/05/2016,MSO,MT,ANM,WE,Federal Contract Tower,20,11,12,0,43,0,3,34,0,37,20,14,46,0,80,72,0,72,152
02/06/2016,MSO,MT,ANM,WE,Federal Contract Tower,16,5,5,0,26,0,0,4,0,4,16,5,9,0,30,20,0,20,50
02/07/2016,MSO,MT,ANM,WE,Federal Contract Tower,18,5,2,0,25,0,6,23,0,29,18,11,25,0,54,38,0,38,92
02/08/2016,MSO,MT,ANM,WE,Federal Contract Tower,17,6,13,1,37,0,5,41,0,46,17,11,54,1,83,44,0,44,127
02/09/2016,MSO,MT,ANM,WE,Federal Contract Tower,11,10,16,0,37,0,2,28,0,30,11,12,44,0,67,34,0,34,101
02/10/2016,MSO,MT,ANM,WE,Federal Contract Tower,15,16,5,0,36,0,1,23,0,24,15,17,28,0,60,32,0,32,92
02/11/2016,MSO,MT,ANM,WE,Federal Contract Tower,16,10,13,9,48,0,0,19,2,21,16,10,32,11,69,44,4,48,117
02/12/2016,MSO,MT,ANM,WE,Federal Contract Tower,19,12,10,0,41,0,4,12,0,16,19,16,22,0,57,12,0,12,69
02/13/2016,MSO,MT,ANM,WE,Federal Contract Tower,16,6,10,0,32,0,1,5,0,6,16,7,15,0,38,18,0,18,56
02/14/2016,MSO,MT,ANM,WE,Federal Contract Tower,17,6,4,0,27,0,2,2,0,4,17,8,6,0,31,6,0,6,37
02/15/2016,MSO,MT,ANM,WE,Federal Contract Tower,15,15,16,0,46,0,3,6,0,9,15,18,22,0,55,38,0,38,93
02/16/2016,MSO,MT,ANM,WE,Federal Contract Tower,11,18,16,0,45,0,2,11,0,13,11,20,27,0,58,22,0,22,80
02/17/2016,MSO,MT,ANM,WE,Federal Contract Tower,13,13,23,0,49,0,2,13,0,15,13,15,36,0,64,20,0,20,84
02/18/2016,MSO,MT,ANM,WE,Federal Contract Tower,15,16,13,0,44,0,0,3,0,3,15,16,16,0,47,36,0,36,83
02/19/2016,MSO,MT,ANM,WE,Federal Contract Tower,18,10,11,0,39,0,8,0,15,23,18,18,11,15,62,28,0,28,90
02/20/2016,MSO,MT,ANM,WE,Federal Contract Tower,15,7,4,0,26,0,1,9,0,10,15,8,13,0,36,4,0,4,40
02/21/2016,MSO,MT,ANM,WE,Federal Contract Tower,21,1,6,0,28,0,3,52,0,55,21,4,58,0,83,34,0,34,117
02/22/2016,MSO,MT,ANM,WE,Federal Contract Tower,15,22,7,6,50,0,1,21,0,22,15,23,28,6,72,0,0,0,72
02/23/2016,MSO,MT,ANM,WE,Federal Contract Tower,11,12,9,0,32,0,1,38,0,39,11,13,47,0,71,40,0,40,111
02/24/2016,MSO,MT,ANM,WE,Federal Contract Tower,14,9,13,0,36,0,0,44,0,44,14,9,57,0,80,44,0,44,124
02/25/2016,MSO,MT,ANM,WE,Federal Contract Tower,15,13,12,0,40,0,0,35,0,35,15,13,47,0,75,30,0,30,105
02/26/2016,MSO,MT,ANM,WE,Federal Contract Tower,17,9,13,0,39,0,1,61,0,62,17,10,74,0,101,28,0,28,129
02/27/2016,MSO,MT,ANM,WE,Federal Contract Tower,14,4,6,0,24,0,0,3,0,3,14,4,9,0,27,8,0,8,35
02/28/2016,MSO,MT,ANM,WE,Federal Contract Tower,21,1,8,0,30,0,5,12,0,17,21,6,20,0,47,0,0,0,47
02/29/2016,MSO,MT,ANM,WE,Federal Contract Tower,16,9,3,0,28,0,0,9,0,9,16,9,12,0,37,12,0,12,49
03/01/2016,MSO,MT,ANM,WE,Federal Contract Tower,12,16,14,0,42,0,5,25,0,30,12,21,39,0,72,46,0,46,118
03/02/2016,MSO,MT,ANM,WE,Federal Contract Tower,12,12,10,0,34,0,3,17,0,20,12,15,27,0,54,24,0,24,78
03/03/2016,MSO,MT,ANM,WE,Federal Contract Tower,12,13,10,0,35,0,0,9,0,9,12,13,19,0,44,6,0,6,50
03/04/2016,MSO,MT,ANM,WE,Federal Contract Tower,15,12,9,0,36,0,8,40,0,48,15,20,49,0,84,28,0,28,112
03/05/2016,MSO,MT,ANM,WE,Federal Contract Tower,11,8,4,0,23,0,0,16,0,16,11,8,20,0,39,8,0,8,47
03/06/2016,MSO,MT,ANM,WE,Federal Contract Tower,18,5,7,0,30,0,0,4,0,4,18,5,11,0,34,0,0,0,34
03/07/2016,MSO,MT,ANM,WE,Federal Contract Tower,13,11,14,0,38,0,4,35,0,39,13,15,49,0,77,62,0,62,139
03/08/2016,MSO,MT,ANM,WE,Federal Contract Tower,9,18,21,0,48,0,0,23,0,23,9,18,44,0,71,14,0,14,85
03/09/2016,MSO,MT,ANM,WE,Federal Contract Tower,9,19,11,0,39,0,3,30,0,33,9,22,41,0,72,60,0,60,132
03/10/2016,MSO,MT,ANM,WE,Federal Contract Tower,11,17,18,0,46,0,3,13,0,16,11,20,31,0,62,20,0,20,82
03/11/2016,MSO,MT,ANM,WE,Federal Contract Tower,15,16,13,0,44,0,0,17,0,17,15,16,30,0,61,4,0,4,65
03/12/2016,MSO,MT,ANM,WE,Federal Contract Tower,9,11,6,0,26,0,0,15,0,15,9,11,21,0,41,0,0,0,41
03/13/2016,MSO,MT,ANM,WE,Federal Contract Tower,16,6,6,0,28,0,2,10,0,12,16,8,16,0,40,4,0,4,44
03/14/2016,MSO,MT,ANM,WE,Federal Contract Tower,10,15,9,0,34,0,0,2,0,2,10,15,11,0,36,10,0,10,46
03/15/2016,MSO,MT,ANM,WE,Federal Contract Tower,9,18,13,0,40,0,0,6,0,6,9,18,19,0,46,0,0,0,46
03/16/2016,MSO,MT,ANM,WE,Federal Contract Tower,12,13,10,0,35,0,0,5,0,5,12,13,15,0,40,0,0,0,40
03/17/2016,MSO,MT,ANM,WE,Federal Contract Tower,11,15,12,0,38,0,0,1,0,1,11,15,13,0,39,0,0,0,39
03/18/2016,MSO,MT,ANM,WE,Federal Contract Tower,14,11,16,0,41,0,6,59,0,65,14,17,75,0,106,46,0,46,152
03/19/2016,MSO,MT,ANM,WE,Federal Contract Tower,11,12,7,0,30,0,1,53,0,54,11,13,60,0,84,78,0,78,162
03/20/2016,MSO,MT,ANM,WE,Federal Contract Tower,16,6,7,0,29,0,3,46,0,49,16,9,53,0,78,22,0,22,100
03/21/2016,MSO,MT,ANM,WE,Federal Contract Tower,12,14,15,0,41,0,1,21,0,22,12,15,36,0,63,38,0,38,101
03/22/2016,MSO,MT,ANM,WE,Federal Contract Tower,12,15,6,0,33,0,3,8,0,11,12,18,14,0,44,0,0,0,44
03/23/2016,MSO,MT,ANM,WE,Federal Contract Tower,9,15,14,0,38,0,3,19,0,22,9,18,33,0,60,16,0,16,76
03/24/2016,MSO,MT,ANM,WE,Federal Contract Tower,11,14,15,0,40,0,3,10,0,13,11,17,25,0,53,50,0,50,103
03/25/2016,MSO,MT,ANM,WE,Federal Contract Tower,13,15,13,0,41,0,7,33,0,40,13,22,46,0,81,38,0,38,119
03/26/2016,MSO,MT,ANM,WE,Federal Contract Tower,13,12,5,1,31,0,2,44,1,47,13,14,49,2,78,56,6,62,140
03/27/2016,MSO,MT,ANM,WE,Federal Contract Tower,18,7,1,0,26,0,0,14,0,14,18,7,15,0,40,16,0,16,56
03/28/2016,MSO,MT,ANM,WE,Federal Contract Tower,12,14,17,0,43,0,9,32,0,41,12,23,49,0,84,24,0,24,108
03/29/2016,MSO,MT,ANM,WE,Federal Contract Tower,17,8,10,0,35,0,2,27,0,29,17,10,37,0,64,10,0,10,74
03/30/2016,MSO,MT,ANM,WE,Federal Contract Tower,12,12,5,0,29,0,5,63,0,68,12,17,68,0,97,16,0,16,113
03/31/2016,MSO,MT,ANM,WE,Federal Contract Tower,11,19,30,0,60,0,0,38,0,38,11,19,68,0,98,16,0,16,114
04/01/2016,MSO,MT,ANM,WE,Federal Contract Tower,15,12,10,0,37,0,3,57,0,60,15,15,67,0,97,32,0,32,129
04/02/2016,MSO,MT,ANM,WE,Federal Contract Tower,15,5,4,0,24,0,4,37,0,41,15,9,41,0,65,4,0,4,69
04/03/2016,MSO,MT,ANM,WE,Federal Contract Tower,17,3,4,0,24,0,11,32,0,43,17,14,36,0,67,8,0,8,75
04/04/2016,MSO,MT,ANM,WE,Federal Contract Tower,13,10,6,0,29,0,0,14,0,14,13,10,20,0,43,56,0,56,99
04/05/2016,MSO,MT,ANM,WE,Federal Contract Tower,14,17,9,2,42,0,9,7,1,17,14,26,16,3,59,4,8,12,71
04/06/2016,MSO,MT,ANM,WE,Federal Contract Tower,12,15,6,0,33,0,4,41,0,45,12,19,47,0,78,38,0,38,116
04/07/2016,MSO,MT,ANM,WE,Federal Contract Tower,13,10,13,0,36,0,8,54,0,62,13,18,67,0,98,38,0,38,136
04/08/2016,MSO,MT,ANM,WE,Federal Contract Tower,16,10,6,0,32,0,9,74,0,83,16,19,80,0,115,62,0,62,177
04/09/2016,MSO,MT,ANM,WE,Federal Contract Tower,12,8,4,1,25,0,3,36,0,39,12,11,40,1,64,8,2,10,74
04/10/2016,MSO,MT,ANM,WE,Federal Contract Tower,18,7,9,0,34,0,6,28,0,34,18,13,37,0,68,2,0,2,70
04/11/2016,MSO,MT,ANM,WE,Federal Contract Tower,14,7,10,0,31,0,2,35,0,37,14,9,45,0,68,30,0,30,98
04/12/2016,MSO,MT,ANM,WE,Federal Contract Tower,14,15,6,4,39,0,1,17,0,18,14,16,23,4,57,42,0,42,99
04/13/2016,MSO,MT,ANM,WE,Federal Contract Tower,14,14,6,9,43,0,3,20,0,23,14,17,26,9,66,46,30,76,142
04/14/2016,MSO,MT,ANM,WE,Federal Contract Tower,14,12,10,0,36,0,0,14,0,14,14,12,24,0,50,12,0,12,62
04/15/2016,MSO,MT,ANM,WE,Federal Contract Tower,15,11,14,0,40,0,2,5,0,7,15,13,19,0,47,0,0,0,47
04/16/2016,MSO,MT,ANM,WE,Federal Contract Tower,8,8,3,0,19,0,16,42,0,58,8,24,45,0,77,30,0,30,107
04/17/2016,MSO,MT,ANM,WE,Federal Contract Tower,19,4,3,0,26,0,4,40,0,44,19,8,43,0,70,26,0,26,96
04/18/2016,MSO,MT,ANM,WE,Federal Contract Tower,13,13,6,2,34,0,3,34,2,39,13,16,40,4,73,58,16,74,147
04/19/2016,MSO,MT,ANM,WE,Federal Contract Tower,15,12,14,0,41,0,4,35,2,41,15,16,49,2,82,30,0,30,112
04/20/2016,MSO,MT,ANM,WE,Federal Contract Tower,14,12,14,2,42,0,57,2,0,59,14,69,16,2,101,36,0,36,137
04/21/2016,MSO,MT,ANM,WE,Federal Contract Tower,14,14,7,1,36,0,2,48,1,51,14,16,55,2,87,34,0,34,121
04/22/2016,MSO,MT,ANM,WE,Federal Contract Tower,16,16,19,2,53,0,3,36,2,41,16,19,55,4,94,38,2,40,134
04/23/2016,MSO,MT,ANM,WE,Federal Contract Tower,13,5,5,0,23,0,1,1,0,2,13,6,6,0,25,22,0,22,47
04/24/2016,MSO,MT,ANM,WE,Federal Contract Tower,16,11,18,0,45,0,2,4,0,6,16,13,22,0,51,6,0,6,57
04/25/2016,MSO,MT,ANM,WE,Federal Contract Tower,15,15,10,2,42,0,1,27,0,28,15,16,37,2,70,34,0,34,104
04/26/2016,MSO,MT,ANM,WE,Federal Contract Tower,14,18,26,0,58,0,12,25,1,38,14,30,51,1,96,9,2,11,107
04/27/2016,MSO,MT,ANM,WE,Federal Contract Tower,13,16,12,1,42,0,0,28,0,28,13,16,40,1,70,16,2,18,88
04/28/2016,MSO,MT,ANM,WE,Federal Contract Tower,14,15,16,2,47,0,5,14,1,20,14,20,30,3,67,0,8,8,75
04/29/2016,MSO,MT,ANM,WE,Federal Contract Tower,14,12,14,0,40,0,7,19,0,26,14,19,33,0,66,10,0,10,76
04/30/2016,MSO,MT,ANM,WE,Federal Contract Tower,14,6,9,0,29,0,5,8,1,14,14,11,17,1,43,28,0,28,71
05/01/2016,MSO,MT,ANM,WE,Federal Contract Tower,17,3,16,0,36,0,0,24,0,24,17,3,40,0,60,8,0,8,68
05/02/2016,MSO,MT,ANM,WE,Federal Contract Tower,16,9,5,0,30,0,11,24,0,35,16,20,29,0,65,63,0,63,128
05/03/2016,MSO,MT,ANM,WE,Federal Contract Tower,16,14,14,0,44,0,9,48,0,57,16,23,62,0,101,18,0,18,119
05/04/2016,MSO,MT,ANM,WE,Federal Contract Tower,14,14,15,4,47,0,2,32,0,34,14,16,47,4,81,24,22,46,127
05/05/2016,MSO,MT,ANM,WE,Federal Contract Tower,14,16,17,0,47,0,7,43,0,50,14,23,60,0,97,2,0,2,99
05/06/2016,MSO,MT,ANM,WE,Federal Contract Tower,21,17,21,0,59,0,2,23,1,26,21,19,44,1,85,8,0,8,93
05/07/2016,MSO,MT,ANM,WE,Federal Contract Tower,16,8,7,0,31,0,0,45,0,45,16,8,52,0,76,30,0,30,106
05/08/2016,MSO,MT,ANM,WE,Federal Contract Tower,18,6,11,0,35,0,3,19,0,22,18,9,30,0,57,20,0,20,77
05/09/2016,MSO,MT,ANM,WE,Federal Contract Tower,18,10,10,0,38,0,5,1,0,6,18,15,11,0,44,14,0,14,58
05/10/2016,MSO,MT,ANM,WE,Federal Contract Tower,16,17,13,0,46,0,4,25,0,29,16,21,38,0,75,18,0,18,93
05/11/2016,MSO,MT,ANM,WE,Federal Contract Tower,16,15,9,4,44,0,1,46,0,47,16,16,55,4,91,42,0,42,133
05/12/2016,MSO,MT,ANM,WE,Federal Contract Tower,18,18,19,0,55,0,1,45,0,46,18,19,64,0,101,62,0,62,163
05/13/2016,MSO,MT,ANM,WE,Federal Contract Tower,23,11,22,0,56,0,1,21,7,29,23,12,43,7,85,28,6,34,119
05/14/2016,MSO,MT,ANM,WE,Federal Contract Tower,16,11,13,0,40,0,8,12,0,20,16,19,25,0,60,0,0,0,60
05/15/2016,MSO,MT,ANM,WE,Federal Contract Tower,22,8,9,0,39,0,0,14,0,14,22,8,23,0,53,10,0,10,63
05/16/2016,MSO,MT,ANM,WE,Federal Contract Tower,19,14,17,0,50,0,12,33,8,53,19,26,50,8,103,34,0,34,137
05/17/2016,MSO,MT,ANM,WE,Federal Contract Tower,15,13,9,0,37,0,4,43,1,48,15,17,52,1,85,24,2,26,111
05/18/2016,MSO,MT,ANM,WE,Federal Contract Tower,18,16,20,1,55,0,9,34,1,44,18,25,54,2,99,34,22,56,155
05/19/2016,MSO,MT,ANM,WE,Federal Contract Tower,18,16,16,0,50,0,0,8,0,8,18,16,24,0,58,24,0,24,82
05/20/2016,MSO,MT,ANM,WE,Federal Contract Tower,22,14,21,0,57,0,2,24,0,26,22,16,45,0,83,8,0,8,91
05/21/2016,MSO,MT,ANM,WE,Federal Contract Tower,16,8,8,0,32,0,0,20,0,20,16,8,28,0,52,30,0,30,82
05/22/2016,MSO,MT,ANM,WE,Federal Contract Tower,19,6,14,0,39,0,11,3,2,16,19,17,17,2,55,28,0,28,83
05/23/2016,MSO,MT,ANM,WE,Federal Contract Tower,20,11,18,0,49,0,0,13,0,13,20,11,31,0,62,48,0,48,110
05/24/2016,MSO,MT,ANM,WE,Federal Contract Tower,16,14,28,0,58,0,0,20,0,20,16,14,48,0,78,0,0,0,78
05/25/2016,MSO,MT,ANM,WE,Federal Contract Tower,19,19,21,2,61,0,5,47,0,52,19,24,68,2,113,34,0,34,147
05/26/2016,MSO,MT,ANM,WE,Federal Contract Tower,16,11,26,2,55,0,6,45,0,51,16,17,71,2,106,50,22,72,178
05/27/2016,MSO,MT,ANM,WE,Federal Contract Tower,20,18,11,0,49,0,9,39,0,48,20,27,50,0,97,60,0,60,157
05/28/2016,MSO,MT,ANM,WE,Federal Contract Tower,15,6,2,0,23,0,8,32,0,40,15,14,34,0,63,24,0,24,87
05/29/2016,MSO,MT,ANM,WE,Federal Contract Tower,19,5,4,0,28,0,0,8,0,8,19,5,12,0,36,0,0,0,36
05/30/2016,MSO,MT,ANM,WE,Federal Contract Tower,19,15,9,0,43,0,10,26,0,36,19,25,35,0,79,0,0,0,79
05/31/2016,MSO,MT,ANM,WE,Federal Contract Tower,16,14,15,0,45,0,6,49,0,55,16,20,64,0,100,56,0,56,156
06/01/2016,MSO,MT,ANM,WE,Federal Contract Tower,16,14,13,2,45,0,2,35,0,37,16,16,48,2,82,50,8,58,140
06/02/2016,MSO,MT,ANM,WE,Federal Contract Tower,18,16,18,6,58,0,3,25,0,28,18,19,43,6,86,26,0,26,112
06/03/2016,MSO,MT,ANM,WE,Federal Contract Tower,21,13,13,0,47,0,6,58,0,64,21,19,71,0,111,10,0,10,121
06/04/2016,MSO,MT,ANM,WE,Federal Contract Tower,14,13,5,0,32,0,12,25,0,37,14,25,30,0,69,18,0,18,87
06/05/2016,MSO,MT,ANM,WE,Federal Contract Tower,23,9,8,2,42,0,9,25,0,34,23,18,33,2,76,34,0,34,110
06/06/2016,MSO,MT,ANM,WE,Federal Contract Tower,20,12,11,2,45,0,3,33,0,36,20,15,44,2,81,32,0,32,113
06/07/2016,MSO,MT,ANM,WE,Federal Contract Tower,16,14,15,0,45,0,4,26,0,30,16,18,41,0,75,10,0,10,85
06/08/2016,MSO,MT,ANM,WE,Federal Contract Tower,17,14,12,0,43,0,1,24,0,25,17,15,36,0,68,12,0,12,80
06/09/2016,MSO,MT,ANM,WE,Federal Contract Tower,22,14,25,0,61,0,1,36,0,37,22,15,61,0,98,14,0,14,112
06/10/2016,MSO,MT,ANM,WE,Federal Contract Tower,23,14,14,0,51,0,2,27,0,29,23,16,41,0,80,14,0,14,94
06/11/2016,MSO,MT,ANM,WE,Federal Contract Tower,25,10,8,1,44,0,2,23,0,25,25,12,31,1,69,22,5,27,96
06/12/2016,MSO,MT,ANM,WE,Federal Contract Tower,25,8,10,0,43,0,4,47,0,51,25,12,57,0,94,8,0,8,102
06/13/2016,MSO,MT,ANM,WE,Federal Contract Tower,25,10,9,4,48,0,15,27,0,42,25,25,36,4,90,36,4,40,130
06/14/2016,MSO,MT,ANM,WE,Federal Contract Tower,19,15,13,4,51,0,0,5,0,5,19,15,18,4,56,0,0,0,56
06/15/2016,MSO,MT,ANM,WE,Federal Contract Tower,18,15,10,0,43,0,2,34,0,36,18,17,44,0,79,16,0,16,95
06/16/2016,MSO,MT,ANM,WE,Federal Contract Tower,23,16,25,0,64,0,11,29,0,40,23,27,54,0,104,32,0,32,136
06/17/2016,MSO,MT,ANM,WE,Federal Contract Tower,22,13,21,0,56,0,4,44,0,48,22,17,65,0,104,38,0,38,142
06/18/2016,MSO,MT,ANM,WE,Federal Contract Tower,25,10,4,0,39,0,6,15,0,21,25,16,19,0,60,2,0,2,62
06/19/2016,MSO,MT,ANM,WE,Federal Contract Tower,26,10,10,1,47,0,10,41,0,51,26,20,51,1,98,0,0,0,98
06/20/2016,MSO,MT,ANM,WE,Federal Contract Tower,22,12,27,0,61,0,5,40,0,45,22,17,67,0,106,30,0,30,136
06/21/2016,MSO,MT,ANM,WE,Federal Contract Tower,18,15,20,1,54,0,2,38,0,40,18,17,58,1,94,32,30,62,156
06/22/2016,MSO,MT,ANM,WE,Federal Contract Tower,17,19,12,0,48,0,0,33,0,33,17,19,45,0,81,26,0,26,107
06/23/2016,MSO,MT,ANM,WE,Federal Contract Tower,22,18,17,0,57,0,3,47,0,50,22,21,64,0,107,12,0,12,119
06/24/2016,MSO,MT,ANM,WE,Federal Contract Tower,22,17,24,0,63,0,1,14,0,15,22,18,38,0,78,28,0,28,106
06/25/2016,MSO,MT,ANM,WE,Federal Contract Tower,27,15,14,0,56,0,4,33,0,37,27,19,47,0,93,20,0,20,113
06/26/2016,MSO,MT,ANM,WE,Federal Contract Tower,25,11,20,0,56,0,8,36,1,45,25,19,56,1,101,10,0,10,111
06/27/2016,MSO,MT,ANM,WE,Federal Contract Tower,23,13,21,0,57,0,2,36,2,40,23,15,57,2,97,52,2,54,151
06/28/2016,MSO,MT,ANM,WE,Federal Contract Tower,21,12,18,2,53,0,6,69,3,78,21,18,87,5,131,24,8,32,163
06/29/2016,MSO,MT,ANM,WE,Federal Contract Tower,18,20,8,2,48,0,3,81,1,85,18,23,89,3,133,48,0,48,181
06/30/2016,MSO,MT,ANM,WE,Federal Contract Tower,23,11,21,1,56,0,12,59,0,71,23,23,80,1,127,32,6,38,165
07/01/2016,MSO,MT,ANM,WE,Federal Contract Tower,30,10,10,0,50,0,1,94,0,95,30,11,104,0,145,34,0,34,179
07/02/2016,MSO,MT,ANM,WE,Federal Contract Tower,38,11,10,0,59,0,6,56,0,62,38,17,66,0,121,0,0,0,121
07/03/2016,MSO,MT,ANM,WE,Federal Contract Tower,33,4,4,0,41,0,9,21,0,30,33,13,25,0,71,2,0,2,73
07/04/2016,MSO,MT,ANM,WE,Federal Contract Tower,25,5,3,0,33,0,5,31,0,36,25,10,34,0,69,8,0,8,77
07/05/2016,MSO,MT,ANM,WE,Federal Contract Tower,28,10,16,0,54,0,1,55,0,56,28,11,71,0,110,10,0,10,120
07/06/2016,MSO,MT,ANM,WE,Federal Contract Tower,27,18,10,0,55,0,2,33,0,35,27,20,43,0,90,24,0,24,114
07/07/2016,MSO,MT,ANM,WE,Federal Contract Tower,30,14,12,0,56,0,5,42,0,47,30,19,54,0,103,16,0,16,119
07/08/2016,MSO,MT,ANM,WE,Federal Contract Tower,31,16,17,0,64,0,22,51,0,73,31,38,68,0,137,26,0,26,163
07/09/2016,MSO,MT,ANM,WE,Federal Contract Tower,35,14,17,0,66,0,6,28,0,34,35,20,45,0,100,8,0,8,108
07/10/2016,MSO,MT,ANM,WE,Federal Contract Tower,26,4,9,1,40,0,0,16,2,18,26,4,25,3,58,2,0,2,60
07/11/2016,MSO,MT,ANM,WE,Federal Contract Tower,31,9,11,0,51,0,11,29,0,40,31,20,40,0,91,22,0,22,113
07/12/2016,MSO,MT,ANM,WE,Federal Contract Tower,27,16,24,0,67,0,7,31,0,38,27,23,55,0,105,23,0,23,128
07/13/2016,MSO,MT,ANM,WE,Federal Contract Tower,33,18,22,0,73,0,3,42,0,45,33,21,64,0,118,50,0,50,168
07/14/2016,MSO,MT,ANM,WE,Federal Contract Tower,33,14,12,0,59,0,5,49,0,54,33,19,61,0,113,30,0,30,143
07/15/2016,MSO,MT,ANM,WE,Federal Contract Tower,32,10,22,2,66,0,11,55,1,67,32,21,77,3,133,34,2,36,169
07/16/2016,MSO,MT,ANM,WE,Federal Contract Tower,37,10,12,0,59,0,6,40,0,46,37,16,52,0,105,24,0,24,129
07/17/2016,MSO,MT,ANM,WE,Federal Contract Tower,31,11,13,0,55,0,1,38,0,39,31,12,51,0,94,26,0,26,120
07/18/2016,MSO,MT,ANM,WE,Federal Contract Tower,34,8,19,0,61,0,5,47,0,52,34,13,66,0,113,18,0,18,131
07/19/2016,MSO,MT,ANM,WE,Federal Contract Tower,28,14,15,3,60,0,4,59,7,70,28,18,74,10,130,24,44,68,198
07/20/2016,MSO,MT,ANM,WE,Federal Contract Tower,33,19,15,0,67,0,2,44,0,46,33,21,59,0,113,24,0,24,137
07/21/2016,MSO,MT,ANM,WE,Federal Contract Tower,30,17,23,0,70,0,5,37,0,42,30,22,60,0,112,26,0,26,138
07/22/2016,MSO,MT,ANM,WE,Federal Contract Tower,38,10,20,0,68,0,4,53,0,57,38,14,73,0,125,12,0,12,137
07/23/2016,MSO,MT,ANM,WE,Federal Contract Tower,36,9,18,0,63,0,1,35,0,36,36,10,53,0,99,16,0,16,115
07/24/2016,MSO,MT,ANM,WE,Federal Contract Tower,34,13,24,0,71,0,12,65,0,77,34,25,89,0,148,28,0,28,176
07/25/2016,MSO,MT,ANM,WE,Federal Contract Tower,31,16,9,2,58,0,1,38,0,39,31,17,47,2,97,22,12,34,131
07/26/2016,MSO,MT,ANM,WE,Federal Contract Tower,26,16,17,1,60,0,0,55,0,55,26,16,72,1,115,22,0,22,137
07/27/2016,MSO,MT,ANM,WE,Federal Contract Tower,29,18,30,0,77,0,7,48,0,55,29,25,78,0,132,14,0,14,146
07/28/2016,MSO,MT,ANM,WE,Federal Contract Tower,27,13,24,0,64,0,5,47,0,52,27,18,71,0,116,22,0,22,138
07/29/2016,MSO,MT,ANM,WE,Federal Contract Tower,29,8,19,0,56,0,7,48,0,55,29,15,67,0,111,26,0,26,137
07/30/2016,MSO,MT,ANM,WE,Federal Contract Tower,35,6,14,0,55,0,8,72,0,80,35,14,86,0,135,23,0,23,158
07/31/2016,MSO,MT,ANM,WE,Federal Contract Tower,31,12,17,0,60,0,3,50,0,53,31,15,67,0,113,2,0,2,115
08/01/2016,MSO,MT,ANM,WE,Federal Contract Tower,30,10,29,0,69,0,0,0,0,0,30,10,29,0,69,92,0,92,161
08/02/2016,MSO,MT,ANM,WE,Federal Contract Tower,30,17,14,0,61,0,11,57,0,68,30,28,71,0,129,28,0,28,157
08/03/2016,MSO,MT,ANM,WE,Federal Contract Tower,27,17,20,0,64,0,2,58,0,60,27,19,78,0,124,2,0,2,126
08/04/2016,MSO,MT,ANM,WE,Federal Contract Tower,35,19,31,0,85,0,2,68,2,72,35,21,99,2,157,44,0,44,201
08/05/2016,MSO,MT,ANM,WE,Federal Contract Tower,35,11,25,0,71,0,12,72,0,84,35,23,97,0,155,32,0,32,187
08/06/2016,MSO,MT,ANM,WE,Federal Contract Tower,38,12,14,0,64,0,13,56,0,69,38,25,70,0,133,16,0,16,149
08/07/2016,MSO,MT,ANM,WE,Federal Contract Tower,34,14,18,0,66,0,15,53,0,68,34,29,71,0,134,6,0,6,140
08/08/2016,MSO,MT,ANM,WE,Federal Contract Tower,31,21,23,0,75,0,3,44,0,47,31,24,67,0,122,47,0,47,169
08/09/2016,MSO,MT,ANM,WE,Federal Contract Tower,30,13,18,0,61,0,3,19,0,22,30,16,37,0,83,4,0,4,87
08/10/2016,MSO,MT,ANM,WE,Federal Contract Tower,27,20,14,0,61,0,8,28,0,36,27,28,42,0,97,18,0,18,115
08/11/2016,MSO,MT,ANM,WE,Federal Contract Tower,36,8,22,0,66,0,1,46,0,47,36,9,68,0,113,18,0,18,131
08/12/2016,MSO,MT,ANM,WE,Federal Contract Tower,35,12,21,0,68,0,2,50,1,53,35,14,71,1,121,36,2,38,159
08/13/2016,MSO,MT,ANM,WE,Federal Contract Tower,38,13,11,0,62,0,6,56,0,62,38,19,67,0,124,29,0,29,153
08/14/2016,MSO,MT,ANM,WE,Federal Contract Tower,40,8,10,0,58,0,5,54,0,59,40,13,64,0,117,16,0,16,133
08/15/2016,MSO,MT,ANM,WE,Federal Contract Tower,32,11,12,0,55,0,6,36,0,42,32,17,48,0,97,8,0,8,105
08/16/2016,MSO,MT,ANM,WE,Federal Contract Tower,23,15,16,1,55,0,9,37,0,46,23,24,53,1,101,6,0,6,107
08/17/2016,MSO,MT,ANM,WE,Federal Contract Tower,23,16,18,4,61,0,8,68,0,76,23,24,86,4,137,40,4,44,181
08/18/2016,MSO,MT,ANM,WE,Federal Contract Tower,22,19,17,0,58,0,0,35,0,35,22,19,52,0,93,18,0,18,111
08/19/2016,MSO,MT,ANM,WE,Federal Contract Tower,29,17,20,0,66,0,2,53,0,55,29,19,73,0,121,4,0,4,125
08/20/2016,MSO,MT,ANM,WE,Federal Contract Tower,31,11,14,0,56,0,16,66,0,82,31,27,80,0,138,22,0,22,160
08/21/2016,MSO,MT,ANM,WE,Federal Contract Tower,29,7,12,0,48,0,26,47,0,73,29,33,59,0,121,38,0,38,159
08/22/2016,MSO,MT,ANM,WE,Federal Contract Tower,28,14,8,0,50,0,22,84,0,106,28,36,92,0,156,54,0,54,210
08/23/2016,MSO,MT,ANM,WE,Federal Contract Tower,22,15,17,2,56,0,8,53,0,61,22,23,70,2,117,28,0,28,145
08/24/2016,MSO,MT,ANM,WE,Federal Contract Tower,22,18,15,0,55,0,6,56,0,62,22,24,71,0,117,58,0,58,175
08/25/2016,MSO,MT,ANM,WE,Federal Contract Tower,22,21,13,0,56,0,3,57,0,60,22,24,70,0,116,40,0,40,156
08/26/2016,MSO,MT,ANM,WE,Federal Contract Tower,31,16,7,0,54,0,10,61,0,71,31,26,68,0,125,16,0,16,141
08/27/2016,MSO,MT,ANM,WE,Federal Contract Tower,26,12,8,0,46,0,12,48,0,60,26,24,56,0,106,0,0,0,106
08/28/2016,MSO,MT,ANM,WE,Federal Contract Tower,27,11,8,0,46,0,16,49,0,65,27,27,57,0,111,0,0,0,111
08/29/2016,MSO,MT,ANM,WE,Federal Contract Tower,31,18,13,0,62,0,9,55,0,64,31,27,68,0,126,26,0,26,152
08/30/2016,MSO,MT,ANM,WE,Federal Contract Tower,22,17,15,0,54,0,2,93,0,95,22,19,108,0,149,8,0,8,157
08/31/2016,MSO,MT,ANM,WE,Federal Contract Tower,18,23,14,0,55,0,2,62,0,64,18,25,76,0,119,66,0,66,185
09/01/2016,MSO,MT,ANM,WE,Federal Contract Tower,22,22,18,0,62,0,1,55,0,56,22,23,73,0,118,24,0,24,142
09/02/2016,MSO,MT,ANM,WE,Federal Contract Tower,32,19,24,0,75,0,0,40,0,40,32,19,64,0,115,18,0,18,133
09/03/2016,MSO,MT,ANM,WE,Federal Contract Tower,25,6,9,0,40,0,4,46,0,50,25,10,55,0,90,22,0,22,112
09/04/2016,MSO,MT,ANM,WE,Federal Contract Tower,27,9,10,0,46,0,0,16,0,16,27,9,26,0,62,10,0,10,72
09/05/2016,MSO,MT,ANM,WE,Federal Contract Tower,26,19,13,0,58,0,0,10,0,10,26,19,23,0,68,54,0,54,122
09/06/2016,MSO,MT,ANM,WE,Federal Contract Tower,21,13,11,0,45,0,3,18,0,21,21,16,29,0,66,44,0,44,110
09/07/2016,MSO,MT,ANM,WE,Federal Contract Tower,21,20,19,0,60,0,0,24,0,24,21,20,43,0,84,36,0,36,120
09/08/2016,MSO,MT,ANM,WE,Federal Contract Tower,19,17,6,0,42,0,1,31,0,32,19,18,37,0,74,16,0,16,90
09/09/2016,MSO,MT,ANM,WE,Federal Contract Tower,31,11,15,0,57,0,8,37,0,45,31,19,52,0,102,40,0,40,142
09/10/2016,MSO,MT,ANM,WE,Federal Contract Tower,20,8,4,0,32,0,9,49,0,58,20,17,53,0,90,26,0,26,116
09/11/2016,MSO,MT,ANM,WE,Federal Contract Tower,24,13,9,0,46,0,10,10,0,20,24,23,19,0,66,12,0,12,78
09/12/2016,MSO,MT,ANM,WE,Federal Contract Tower,25,14,21,0,60,0,3,20,0,23,25,17,41,0,83,16,0,16,99
09/13/2016,MSO,MT,ANM,WE,Federal Contract Tower,21,15,18,0,54,0,10,38,2,50,21,25,56,2,104,22,0,22,126
09/14/2016,MSO,MT,ANM,WE,Federal Contract Tower,20,20,16,1,57,0,3,39,0,42,20,23,55,1,99,12,0,12,111
09/15/2016,MSO,MT,ANM,WE,Federal Contract Tower,21,19,22,0,62,0,2,43,0,45,21,21,65,0,107,56,0,56,163
09/16/2016,MSO,MT,ANM,WE,Federal Contract Tower,30,9,21,1,61,0,11,44,0,55,30,20,65,1,116,54,0,54,170
09/17/2016,MSO,MT,ANM,WE,Federal Contract Tower,22,10,9,0,41,0,11,21,0,32,22,21,30,0,73,46,0,46,119
09/18/2016,MSO,MT,ANM,WE,Federal Contract Tower,23,9,16,1,49,0,6,12,0,18,23,15,28,1,67,20,0,20,87
09/19/2016,MSO,MT,ANM,WE,Federal Contract Tower,27,18,9,0,54,0,1,30,0,31,27,19,39,0,85,34,0,34,119
09/20/2016,MSO,MT,ANM,WE,Federal Contract Tower,26,18,29,0,73,0,6,32,0,38,26,24,61,0,111,66,0,66,177
09/21/2016,MSO,MT,ANM,WE,Federal Contract Tower,19,23,13,0,55,0,0,7,0,7,19,23,20,0,62,4,0,4,66
09/22/2016,MSO,MT,ANM,WE,Federal Contract Tower,22,22,15,0,59,0,0,8,0,8,22,22,23,0,67,6,0,6,73
09/23/2016,MSO,MT,ANM,WE,Federal Contract Tower,33,12,19,0,64,0,5,28,0,33,33,17,47,0,97,16,0,16,113
09/24/2016,MSO,MT,ANM,WE,Federal Contract Tower,26,6,6,0,38,0,15,23,0,38,26,21,29,0,76,32,0,32,108
09/25/2016,MSO,MT,ANM,WE,Federal Contract Tower,48,9,14,0,71,0,0,35,0,35,48,9,49,0,106,32,0,32,138
09/26/2016,MSO,MT,ANM,WE,Federal Contract Tower,28,14,11,0,53,0,2,36,1,39,28,16,47,1,92,16,0,16,108
09/27/2016,MSO,MT,ANM,WE,Federal Contract Tower,21,16,11,0,48,0,5,50,0,55,21,21,61,0,103,48,0,48,151
09/28/2016,MSO,MT,ANM,WE,Federal Contract Tower,19,20,31,1,71,0,3,50,2,55,19,23,81,3,126,22,22,44,170
09/29/2016,MSO,MT,ANM,WE,Federal Contract Tower,22,23,12,0,57,0,2,40,0,42,22,25,52,0,99,28,0,28,127
09/30/2016,MSO,MT,ANM,WE,Federal Contract Tower,29,13,18,0,60,0,3,37,0,40,29,16,55,0,100,40,2,42,142
10/01/2016,MSO,MT,ANM,WE,Federal Contract Tower,23,6,14,0,43,0,8,25,0,33,23,14,39,0,76,4,0,4,80
10/02/2016,MSO,MT,ANM,WE,Federal Contract Tower,24,9,11,0,44,0,1,39,0,40,24,10,50,0,84,4,0,4,88
10/03/2016,MSO,MT,ANM,WE,Federal Contract Tower,28,12,8,0,48,0,4,13,0,17,28,16,21,0,65,18,0,18,83
10/04/2016,MSO,MT,ANM,WE,Federal Contract Tower,19,25,24,0,68,0,0,4,0,4,19,25,28,0,72,26,0,26,98
10/05/2016,MSO,MT,ANM,WE,Federal Contract Tower,20,16,16,0,52,0,0,6,0,6,20,16,22,0,58,18,0,18,76
10/06/2016,MSO,MT,ANM,WE,Federal Contract Tower,18,17,9,0,44,0,11,12,2,25,18,28,21,2,69,12,0,12,81
10/07/2016,MSO,MT,ANM,WE,Federal Contract Tower,24,15,14,0,53,0,11,16,0,27,24,26,30,0,80,48,0,48,128
10/08/2016,MSO,MT,ANM,WE,Federal Contract Tower,19,9,10,0,38,0,9,11,0,20,19,18,21,0,58,36,0,36,94
10/09/2016,MSO,MT,ANM,WE,Federal Contract Tower,19,9,10,0,38,0,3,6,0,9,19,12,16,0,47,8,0,8,55
10/10/2016,MSO,MT,ANM,WE,Federal Contract Tower,25,16,6,0,47,0,3,7,0,10,25,19,13,0,57,34,0,34,91
10/11/2016,MSO,MT,ANM,WE,Federal Contract Tower,18,18,8,6,50,0,3,26,0,29,18,21,34,6,79,62,4,66,145
10/12/2016,MSO,MT,ANM,WE,Federal Contract Tower,19,14,11,2,46,0,5,46,4,55,19,19,57,6,101,70,0,70,171
10/13/2016,MSO,MT,ANM,WE,Federal Contract Tower,16,16,12,0,44,0,7,39,0,46,16,23,51,0,90,48,0,48,138
10/14/2016,MSO,MT,ANM,WE,Federal Contract Tower,27,15,22,0,64,0,0,22,0,22,27,15,44,0,86,18,0,18,104
10/15/2016,MSO,MT,ANM,WE,Federal Contract Tower,17,11,4,1,33,0,2,27,1,30,17,13,31,2,63,60,0,60,123
10/16/2016,MSO,MT,ANM,WE,Federal Contract Tower,22,8,10,0,40,0,4,9,0,13,22,12,19,0,53,0,0,0,53
10/17/2016,MSO,MT,ANM,WE,Federal Contract Tower,24,10,10,0,44,0,6,12,0,18,24,16,22,0,62,20,0,20,82
10/18/2016,MSO,MT,ANM,WE,Federal Contract Tower,18,16,16,0,50,0,3,16,0,19,18,19,32,0,69,40,0,40,109
10/19/2016,MSO,MT,ANM,WE,Federal Contract Tower,19,14,11,0,44,0,0,24,0,24,19,14,35,0,68,60,0,60,128
10/20/2016,MSO,MT,ANM,WE,Federal Contract Tower,19,12,15,0,46,0,2,19,1,22,19,14,34,1,68,56,2,58,126
10/21/2016,MSO,MT,ANM,WE,Federal Contract Tower,23,15,14,0,52,0,3,19,0,22,23,18,33,0,74,10,0,10,84
10/22/2016,MSO,MT,ANM,WE,Federal Contract Tower,15,10,3,0,28,0,1,30,0,31,15,11,33,0,59,72,0,72,131
10/23/2016,MSO,MT,ANM,WE,Federal Contract Tower,20,8,14,0,42,0,5,45,0,50,20,13,59,0,92,50,0,50,142
10/24/2016,MSO,MT,ANM,WE,Federal Contract Tower,24,12,9,0,45,0,4,19,0,23,24,16,28,0,68,38,0,38,106
10/25/2016,MSO,MT,ANM,WE,Federal Contract Tower,18,13,8,0,39,0,0,11,0,11,18,13,19,0,50,24,0,24,74
10/26/2016,MSO,MT,ANM,WE,Federal Contract Tower,16,17,8,0,41,0,2,20,0,22,16,19,28,0,63,50,0,50,113
10/27/2016,MSO,MT,ANM,WE,Federal Contract Tower,17,20,25,0,62,0,0,8,0,8,17,20,33,0,70,50,0,50,120
10/28/2016,MSO,MT,ANM,WE,Federal Contract Tower,24,11,17,0,52,0,4,38,2,44,24,15,55,2,96,60,0,60,156
10/29/2016,MSO,MT,ANM,WE,Federal Contract Tower,14,5,2,0,21,0,2,23,0,25,14,7,25,0,46,42,0,42,88
10/30/2016,MSO,MT,ANM,WE,Federal Contract Tower,19,7,3,0,29,0,0,19,0,19,19,7,22,0,48,32,0,32,80
10/31/2016,MSO,MT,ANM,WE,Federal Contract Tower,24,8,6,0,38,0,4,11,0,15,24,12,17,0,53,30,0,30,83
11/01/2016,MSO,MT,ANM,WE,Federal Contract Tower,18,18,13,0,49,0,2,20,0,22,18,20,33,0,71,84,0,84,155
11/02/2016,MSO,MT,ANM,WE,Federal Contract Tower,18,13,19,0,50,0,2,52,0,54,18,15,71,0,104,38,0,38,142
11/03/2016,MSO,MT,ANM,WE,Federal Contract Tower,22,16,20,0,58,0,0,44,0,44,22,16,64,0,102,60,0,60,162
11/04/2016,MSO,MT,ANM,WE,Federal Contract Tower,25,12,11,0,48,0,2,39,0,41,25,14,50,0,89,24,0,24,113
11/05/2016,MSO,MT,ANM,WE,Federal Contract Tower,16,7,3,0,26,0,5,29,0,34,16,12,32,0,60,12,0,12,72
11/06/2016,MSO,MT,ANM,WE,Federal Contract Tower,23,6,3,0,32,0,4,21,0,25,23,10,24,0,57,8,0,8,65
11/07/2016,MSO,MT,ANM,WE,Federal Contract Tower,24,11,17,6,58,0,1,27,0,28,24,12,44,6,86,26,0,26,112
11/08/2016,MSO,MT,ANM,WE,Federal Contract Tower,25,15,10,0,50,0,3,30,0,33,25,18,40,0,83,14,0,14,97
11/09/2016,MSO,MT,ANM,WE,Federal Contract Tower,20,18,6,0,44,0,0,24,0,24,20,18,30,0,68,17,0,17,85
11/10/2016,MSO,MT,ANM,WE,Federal Contract Tower,19,14,12,0,45,0,1,30,0,31,19,15,42,0,76,46,0,46,122
11/11/2016,MSO,MT,ANM,WE,Federal Contract Tower,29,10,10,0,49,0,11,28,0,39,29,21,38,0,88,32,0,32,120
11/12/2016,MSO,MT,ANM,WE,Federal Contract Tower,19,6,6,0,31,0,1,18,0,19,19,7,24,0,50,28,0,28,78
11/13/2016,MSO,MT,ANM,WE,Federal Contract Tower,21,5,6,0,32,0,1,18,0,19,21,6,24,0,51,16,0,16,67
11/14/2016,MSO,MT,ANM,WE,Federal Contract Tower,20,11,11,0,42,0,1,9,0,10,20,12,20,0,52,18,0,18,70
11/15/2016,MSO,MT,ANM,WE,Federal Contract Tower,19,10,13,0,42,0,0,5,0,5,19,10,18,0,47,17,0,17,64
11/16/2016,MSO,MT,ANM,WE,Federal Contract Tower,18,15,26,0,59,0,4,16,0,20,18,19,42,0,79,36,0,36,115
11/17/2016,MSO,MT,ANM,WE,Federal Contract Tower,18,14,13,0,45,0,1,19,0,20,18,15,32,0,65,30,0,30,95
11/18/2016,MSO,MT,ANM,WE,Federal Contract Tower,24,17,11,0,52,0,0,39,2,41,24,17,50,2,93,4,0,4,97
11/19/2016,MSO,MT,ANM,WE,Federal Contract Tower,15,10,10,0,35,0,4,24,2,30,15,14,34,2,65,10,0,10,75
11/20/2016,MSO,MT,ANM,WE,Federal Contract Tower,23,5,5,0,33,0,0,23,0,23,23,5,28,0,56,8,0,8,64
11/21/2016,MSO,MT,ANM,WE,Federal Contract Tower,23,8,18,2,51,0,4,19,1,24,23,12,37,3,75,38,18,56,131
11/22/2016,MSO,MT,ANM,WE,Federal Contract Tower,19,10,20,0,49,0,1,34,0,35,19,11,54,0,84,24,0,24,108
11/23/2016,MSO,MT,ANM,WE,Federal Contract Tower,22,12,16,0,50,0,3,6,0,9,22,15,22,0,59,44,0,44,103
11/24/2016,MSO,MT,ANM,WE,Federal Contract Tower,14,6,2,0,22,0,0,10,0,10,14,6,12,0,32,14,0,14,46
11/25/2016,MSO,MT,ANM,WE,Federal Contract Tower,18,11,9,0,38,0,0,17,0,17,18,11,26,0,55,40,0,40,95
11/26/2016,MSO,MT,ANM,WE,Federal Contract Tower,22,8,15,0,45,0,5,16,0,21,22,13,31,0,66,6,0,6,72
11/27/2016,MSO,MT,ANM,WE,Federal Contract Tower,22,11,9,0,42,0,0,18,0,18,22,11,27,0,60,2,0,2,62
11/28/2016,MSO,MT,ANM,WE,Federal Contract Tower,24,19,10,0,53,0,0,0,0,0,24,19,10,0,53,0,0,0,53
11/29/2016,MSO,MT,ANM,WE,Federal Contract Tower,15,17,17,0,49,0,4,17,0,21,15,21,34,0,70,54,0,54,124
11/30/2016,MSO,MT,ANM,WE,Federal Contract Tower,14,19,12,0,45,0,1,4,0,5,14,20,16,0,50,28,0,28,78
12/01/2016,MSO,MT,ANM,WE,Federal Contract Tower,18,13,12,0,43,0,2,0,0,2,18,15,12,0,45,0,0,0,45
12/02/2016,MSO,MT,ANM,WE,Federal Contract Tower,24,13,15,0,52,0,0,21,0,21,24,13,36,0,73,18,0,18,91
12/03/2016,MSO,MT,ANM,WE,Federal Contract Tower,17,9,9,0,35,0,4,4,0,8,17,13,13,0,43,0,0,0,43
12/04/2016,MSO,MT,ANM,WE,Federal Contract Tower,17,7,6,0,30,0,0,0,0,0,17,7,6,0,30,0,0,0,30
12/05/2016,MSO,MT,ANM,WE,Federal Contract Tower,15,8,16,0,39,0,3,24,0,27,15,11,40,0,66,40,0,40,106
12/06/2016,MSO,MT,ANM,WE,Federal Contract Tower,14,18,11,0,43,0,3,10,0,13,14,21,21,0,56,34,0,34,90
12/07/2016,MSO,MT,ANM,WE,Federal Contract Tower,15,16,18,0,49,0,7,5,0,12,15,23,23,0,61,46,0,46,107
12/08/2016,MSO,MT,ANM,WE,Federal Contract Tower,16,13,14,0,43,0,2,13,0,15,16,15,27,0,58,0,0,0,58
12/09/2016,MSO,MT,ANM,WE,Federal Contract Tower,25,18,4,0,47,0,0,8,0,8,25,18,12,0,55,12,0,12,67
12/10/2016,MSO,MT,ANM,WE,Federal Contract Tower,17,4,5,0,26,0,0,0,0,0,17,4,5,0,26,0,0,0,26
12/11/2016,MSO,MT,ANM,WE,Federal Contract Tower,15,5,7,0,27,0,2,0,0,2,15,7,7,0,29,0,0,0,29
12/12/2016,MSO,MT,ANM,WE,Federal Contract Tower,18,9,11,0,38,0,9,0,0,9,18,18,11,0,47,26,0,26,73
12/13/2016,MSO,MT,ANM,WE,Federal Contract Tower,13,13,12,0,38,0,1,2,1,4,13,14,14,1,42,26,6,32,74
12/14/2016,MSO,MT,ANM,WE,Federal Contract Tower,13,17,17,0,47,0,3,15,0,18,13,20,32,0,65,40,0,40,105
12/15/2016,MSO,MT,ANM,WE,Federal Contract Tower,15,20,12,0,47,0,0,0,0,0,15,20,12,0,47,0,0,0,47
12/16/2016,MSO,MT,ANM,WE,Federal Contract Tower,26,12,12,7,57,0,0,0,0,0,26,12,12,7,57,0,20,20,77
12/17/2016,MSO,MT,ANM,WE,Federal Contract Tower,14,9,1,0,24,0,0,12,0,12,14,9,13,0,36,0,0,0,36
12/18/2016,MSO,MT,ANM,WE,Federal Contract Tower,21,6,7,0,34,0,0,1,0,1,21,6,8,0,35,0,0,0,35
12/19/2016,MSO,MT,ANM,WE,Federal Contract Tower,23,7,11,0,41,0,0,1,0,1,23,7,12,0,42,4,0,4,46
12/20/2016,MSO,MT,ANM,WE,Federal Contract Tower,17,26,8,0,51,0,0,3,0,3,17,26,11,0,54,0,0,0,54
12/21/2016,MSO,MT,ANM,WE,Federal Contract Tower,19,24,10,0,53,0,0,32,0,32,19,24,42,0,85,35,0,35,120
12/22/2016,MSO,MT,ANM,WE,Federal Contract Tower,20,17,16,3,56,0,1,12,3,16,20,18,28,6,72,6,0,6,78
12/23/2016,MSO,MT,ANM,WE,Federal Contract Tower,27,14,7,0,48,0,0,10,0,10,27,14,17,0,58,8,0,8,66
12/24/2016,MSO,MT,ANM,WE,Federal Contract Tower,20,5,1,0,26,0,0,0,0,0,20,5,1,0,26,0,0,0,26
12/25/2016,MSO,MT,ANM,WE,Federal Contract Tower,20,5,4,0,29,0,0,0,0,0,20,5,4,0,29,0,0,0,29
12/26/2016,MSO,MT,ANM,WE,Federal Contract Tower,26,9,4,0,39,0,3,21,0,24,26,12,25,0,63,42,0,42,105
12/27/2016,MSO,MT,ANM,WE,Federal Contract Tower,22,15,11,0,48,0,0,0,0,0,22,15,11,0,48,0,0,0,48
12/28/2016,MSO,MT,ANM,WE,Federal Contract Tower,21,13,6,0,40,0,5,11,0,16,21,18,17,0,56,20,0,20,76
12/29/2016,MSO,MT,ANM,WE,Federal Contract Tower,19,15,11,0,45,0,1,26,0,27,19,16,37,0,72,30,0,30,102
12/30/2016,MSO,MT,ANM,WE,Federal Contract Tower,26,9,7,0,42,0,0,6,0,6,26,9,13,0,48,10,0,10,58
12/31/2016,MSO,MT,ANM,WE,Federal Contract Tower,21,9,5,0,35,0,3,20,0,23,21,12,25,0,58,28,0,28,86
01/01/2017,MSO,MT,ANM,WE,Federal Contract Tower,19,7,5,0,31,0,0,0,0,0,19,7,5,0,31,0,0,0,31
01/02/2017,MSO,MT,ANM,WE,Federal Contract Tower,22,11,7,0,40,0,1,2,0,3,22,12,9,0,43,34,0,34,77
01/03/2017,MSO,MT,ANM,WE,Federal Contract Tower,22,14,12,0,48,0,0,6,0,6,22,14,18,0,54,22,0,22,76
01/04/2017,MSO,MT,ANM,WE,Federal Contract Tower,14,10,4,0,28,0,0,9,0,9,14,10,13,0,37,34,0,34,71
01/05/2017,MSO,MT,ANM,WE,Federal Contract Tower,15,10,20,0,45,0,3,6,0,9,15,13,26,0,54,10,0,10,64
01/06/2017,MSO,MT,ANM,WE,Federal Contract Tower,21,10,7,0,38,0,1,18,0,19,21,11,25,0,57,34,0,34,91
01/07/2017,MSO,MT,ANM,WE,Federal Contract Tower,11,6,5,0,22,0,4,11,0,15,11,10,16,0,37,28,0,28,65
01/08/2017,MSO,MT,ANM,WE,Federal Contract Tower,16,4,7,0,27,0,0,1,0,1,16,4,8,0,28,6,0,6,34
01/09/2017,MSO,MT,ANM,WE,Federal Contract Tower,10,5,2,0,17,0,0,0,0,0,10,5,2,0,17,0,0,0,17
01/10/2017,MSO,MT,ANM,WE,Federal Contract Tower,18,12,4,0,34,0,0,3,0,3,18,12,7,0,37,4,0,4,41
01/11/2017,MSO,MT,ANM,WE,Federal Contract Tower,13,12,5,0,30,0,4,6,0,10,13,16,11,0,40,10,0,10,50
01/12/2017,MSO,MT,ANM,WE,Federal Contract Tower,14,11,17,0,42,0,0,3,0,3,14,11,20,0,45,0,0,0,45
01/13/2017,MSO,MT,ANM,WE,Federal Contract Tower,19,8,15,0,42,0,3,22,0,25,19,11,37,0,67,46,0,46,113
01/14/2017,MSO,MT,ANM,WE,Federal Contract Tower,13,11,2,0,26,0,0,13,0,13,13,11,15,0,39,20,0,20,59
01/15/2017,MSO,MT,ANM,WE,Federal Contract Tower,13,4,20,0,37,0,0,13,0,13,13,4,33,0,50,22,0,22,72
01/16/2017,MSO,MT,ANM,WE,Federal Contract Tower,16,9,20,0,45,0,5,25,0,30,16,14,45,0,75,26,0,26,101
01/17/2017,MSO,MT,ANM,WE,Federal Contract Tower,12,9,14,0,35,0,4,7,0,11,12,13,21,0,46,2,0,2,48
01/18/2017,MSO,MT,ANM,WE,Federal Contract Tower,13,11,9,0,33,0,0,3,0,3,13,11,12,0,36,0,0,0,36
01/19/2017,MSO,MT,ANM,WE,Federal Contract Tower,12,16,9,2,39,0,0,1,0,1,12,16,10,2,40,2,0,2,42
01/20/2017,MSO,MT,ANM,WE,Federal Contract Tower,16,11,6,0,33,0,3,10,0,13,16,14,16,0,46,22,0,22,68
01/21/2017,MSO,MT,ANM,WE,Federal Contract Tower,18,5,2,0,25,0,1,1,0,2,18,6,3,0,27,0,0,0,27
01/22/2017,MSO,MT,ANM,WE,Federal Contract Tower,14,5,9,0,28,0,3,4,0,7,14,8,13,0,35,10,0,10,45
01/23/2017,MSO,MT,ANM,WE,Federal Contract Tower,19,7,3,0,29,0,0,1,0,1,19,7,4,0,30,6,0,6,36
01/24/2017,MSO,MT,ANM,WE,Federal Contract Tower,14,11,9,1,35,0,4,10,0,14,14,15,19,1,49,10,0,10,59
01/25/2017,MSO,MT,ANM,WE,Federal Contract Tower,15,12,16,0,43,0,2,8,0,10,15,14,24,0,53,6,0,6,59
01/26/2017,MSO,MT,ANM,WE,Federal Contract Tower,16,10,15,0,41,0,2,19,0,21,16,12,34,0,62,8,0,8,70
01/27/2017,MSO,MT,ANM,WE,Federal Contract Tower,17,11,13,10,51,0,4,31,0,35,17,15,44,10,86,16,0,16,102
01/28/2017,MSO,MT,ANM,WE,Federal Contract Tower,13,5,5,0,23,0,3,20,0,23,13,8,25,0,46,30,0,30,76
01/29/2017,MSO,MT,ANM,WE,Federal Contract Tower,18,3,3,0,24,0,2,20,0,22,18,5,23,0,46,31,0,31,77
01/30/2017,MSO,MT,ANM,WE,Federal Contract Tower,16,11,11,0,38,0,0,19,1,20,16,11,30,1,58,20,0,20,78
01/31/2017,MSO,MT,ANM,WE,Federal Contract Tower,16,8,7,0,31,0,0,0,0,0,16,8,7,0,31,0,0,0,31
02/01/2017,MSO,MT,ANM,WE,Federal Contract Tower,12,7,13,0,32,0,4,16,0,20,12,11,29,0,52,32,0,32,84
02/02/2017,MSO,MT,ANM,WE,Federal Contract Tower,14,10,13,0,37,0,3,23,0,26,14,13,36,0,63,18,0,18,81
02/03/2017,MSO,MT,ANM,WE,Federal Contract Tower,16,9,6,0,31,0,0,1,0,1,16,9,7,0,32,4,0,4,36
02/04/2017,MSO,MT,ANM,WE,Federal Contract Tower,12,6,6,0,24,0,0,0,0,0,12,6,6,0,24,0,0,0,24
02/05/2017,MSO,MT,ANM,WE,Federal Contract Tower,14,5,8,0,27,0,0,0,0,0,14,5,8,0,27,0,0,0,27
02/06/2017,MSO,MT,ANM,WE,Federal Contract Tower,11,11,11,0,33,0,0,2,0,2,11,11,13,0,35,12,0,12,47
02/07/2017,MSO,MT,ANM,WE,Federal Contract Tower,12,10,9,0,31,0,1,14,2,17,12,11,23,2,48,24,0,24,72
02/08/2017,MSO,MT,ANM,WE,Federal Contract Tower,12,11,10,0,33,0,0,0,0,0,12,11,10,0,33,0,0,0,33
02/09/2017,MSO,MT,ANM,WE,Federal Contract Tower,16,14,10,0,40,0,0,0,0,0,16,14,10,0,40,0,0,0,40
02/10/2017,MSO,MT,ANM,WE,Federal Contract Tower,19,13,13,0,45,0,0,14,0,14,19,13,27,0,59,42,0,42,101
02/11/2017,MSO,MT,ANM,WE,Federal Contract Tower,15,4,6,0,25,0,1,10,0,11,15,5,16,0,36,10,0,10,46
02/12/2017,MSO,MT,ANM,WE,Federal Contract Tower,17,5,2,0,24,0,0,27,0,27,17,5,29,0,51,26,0,26,77
02/13/2017,MSO,MT,ANM,WE,Federal Contract Tower,17,10,1,0,28,0,3,22,0,25,17,13,23,0,53,34,0,34,87
02/14/2017,MSO,MT,ANM,WE,Federal Contract Tower,16,11,10,0,37,0,3,26,0,29,16,14,36,0,66,20,0,20,86
02/15/2017,MSO,MT,ANM,WE,Federal Contract Tower,16,11,15,0,42,0,3,33,0,36,16,14,48,0,78,40,0,40,118
02/16/2017,MSO,MT,ANM,WE,Federal Contract Tower,16,13,7,0,36,0,0,15,0,15,16,13,22,0,51,52,0,52,103
02/17/2017,MSO,MT,ANM,WE,Federal Contract Tower,24,5,11,0,40,0,0,25,0,25,24,5,36,0,65,30,0,30,95
02/18/2017,MSO,MT,ANM,WE,Federal Contract Tower,14,3,5,0,22,0,0,13,1,14,14,3,18,1,36,72,0,72,108
02/19/2017,MSO,MT,ANM,WE,Federal Contract Tower,21,3,5,0,29,0,1,5,0,6,21,4,10,0,35,8,0,8,43
02/20/2017,MSO,MT,ANM,WE,Federal Contract Tower,21,15,8,0,44,0,0,2,0,2,21,15,10,0,46,10,0,10,56
02/21/2017,MSO,MT,ANM,WE,Federal Contract Tower,17,13,14,0,44,0,0,0,0,0,17,13,14,0,44,0,0,0,44
02/22/2017,MSO,MT,ANM,WE,Federal Contract Tower,18,14,11,0,43,0,2,7,0,9,18,16,18,0,52,52,0,52,104
02/23/2017,MSO,MT,ANM,WE,Federal Contract Tower,18,10,13,0,41,0,1,13,0,14,18,11,26,0,55,10,0,10,65
02/24/2017,MSO,MT,ANM,WE,Federal Contract Tower,25,6,15,0,46,0,2,22,0,24,25,8,37,0,70,24,0,24,94
02/25/2017,MSO,MT,ANM,WE,Federal Contract Tower,14,7,6,0,27,0,0,14,0,14,14,7,20,0,41,58,0,58,99
02/26/2017,MSO,MT,ANM,WE,Federal Contract Tower,21,9,15,0,45,0,0,0,0,0,21,9,15,0,45,0,0,0,45
02/27/2017,MSO,MT,ANM,WE,Federal Contract Tower,23,10,15,0,48,0,6,3,0,9,23,16,18,0,57,24,0,24,81
02/28/2017,MSO,MT,ANM,WE,Federal Contract Tower,16,14,10,0,40,0,0,12,0,12,16,14,22,0,52,32,0,32,84
03/01/2017,MSO,MT,ANM,WE,Federal Contract Tower,16,8,8,0,32,0,0,3,0,3,16,8,11,0,35,34,0,34,69
03/02/2017,MSO,MT,ANM,WE,Federal Contract Tower,17,14,24,0,55,0,2,14,0,16,17,16,38,0,71,30,0,30,101
03/03/2017,MSO,MT,ANM,WE,Federal Contract Tower,24,8,7,10,49,0,5,33,0,38,24,13,40,10,87,22,40,62,149
03/04/2017,MSO,MT,ANM,WE,Federal Contract Tower,13,6,5,0,24,0,0,2,0,2,13,6,7,0,26,0,0,0,26
03/05/2017,MSO,MT,ANM,WE,Federal Contract Tower,21,7,2,0,30,0,0,0,0,0,21,7,2,0,30,0,0,0,30
03/06/2017,MSO,MT,ANM,WE,Federal Contract Tower,18,7,7,0,32,0,0,9,0,9,18,7,16,0,41,22,0,22,63
03/07/2017,MSO,MT,ANM,WE,Federal Contract Tower,18,13,10,0,41,0,0,5,0,5,18,13,15,0,46,12,0,12,58
03/08/2017,MSO,MT,ANM,WE,Federal Contract Tower,16,10,8,3,37,0,0,2,0,2,16,10,10,3,39,12,0,12,51
03/09/2017,MSO,MT,ANM,WE,Federal Contract Tower,17,14,17,0,48,0,0,0,0,0,17,14,17,0,48,0,0,0,48
03/10/2017,MSO,MT,ANM,WE,Federal Contract Tower,22,10,23,0,55,0,0,11,0,11,22,10,34,0,66,122,0,122,188
03/11/2017,MSO,MT,ANM,WE,Federal Contract Tower,17,4,4,0,25,0,0,35,0,35,17,4,39,0,60,78,0,78,138
03/12/2017,MSO,MT,ANM,WE,Federal Contract Tower,14,11,8,0,33,0,3,5,0,8,14,14,13,0,41,0,0,0,41
03/13/2017,MSO,MT,ANM,WE,Federal Contract Tower,17,12,6,0,35,0,1,9,0,10,17,13,15,0,45,20,0,20,65
03/14/2017,MSO,MT,ANM,WE,Federal Contract Tower,14,9,14,0,37,0,2,7,0,9,14,11,21,0,46,20,0,20,66
03/15/2017,MSO,MT,ANM,WE,Federal Contract Tower,10,17,17,0,44,0,0,14,0,14,10,17,31,0,58,56,0,56,114
03/16/2017,MSO,MT,ANM,WE,Federal Contract Tower,11,15,15,0,41,0,2,13,0,15,11,17,28,0,56,112,0,112,168
03/17/2017,MSO,MT,ANM,WE,Federal Contract Tower,23,11,6,0,40,0,0,49,0,49,23,11,55,0,89,138,0,138,227
03/18/2017,MSO,MT,ANM,WE,Federal Contract Tower,16,5,2,0,23,0,0,23,0,23,16,5,25,0,46,82,0,82,128
03/19/2017,MSO,MT,ANM,WE,Federal Contract Tower,16,14,10,0,40,0,8,41,0,49,16,22,51,0,89,16,0,16,105
03/20/2017,MSO,MT,ANM,WE,Federal Contract Tower,17,7,9,0,33,0,0,20,0,20,17,7,29,0,53,36,0,36,89
03/21/2017,MSO,MT,ANM,WE,Federal Contract Tower,10,20,6,0,36,0,4,11,2,17,10,24,17,2,53,10,0,10,63
03/22/2017,MSO,MT,ANM,WE,Federal Contract Tower,11,14,11,0,36,0,2,23,2,27,11,16,34,2,63,24,0,24,87
03/23/2017,MSO,MT,ANM,WE,Federal Contract Tower,10,13,15,1,39,0,0,51,1,52,10,13,66,2,91,46,0,46,137
03/24/2017,MSO,MT,ANM,WE,Federal Contract Tower,20,9,21,0,50,0,3,48,0,51,20,12,69,0,101,56,0,56,157
03/25/2017,MSO,MT,ANM,WE,Federal Contract Tower,17,8,1,0,26,0,3,14,0,17,17,11,15,0,43,0,0,0,43
03/26/2017,MSO,MT,ANM,WE,Federal Contract Tower,13,11,10,0,34,0,4,25,0,29,13,15,35,0,63,40,0,40,103
03/27/2017,MSO,MT,ANM,WE,Federal Contract Tower,14,19,10,0,43,0,0,4,0,4,14,19,14,0,47,0,0,0,47
03/28/2017,MSO,MT,ANM,WE,Federal Contract Tower,13,14,9,5,41,0,1,33,1,35,13,15,42,6,76,36,0,36,112
03/29/2017,MSO,MT,ANM,WE,Federal Contract Tower,9,15,2,0,26,0,3,14,0,17,9,18,16,0,43,32,0,32,75
03/30/2017,MSO,MT,ANM,WE,Federal Contract Tower,12,15,19,0,46,0,0,12,0,12,12,15,31,0,58,38,0,38,96
03/31/2017,MSO,MT,ANM,WE,Federal Contract Tower,19,15,11,0,45,0,5,36,0,41,19,20,47,0,86,60,0,60,146
04/01/2017,MSO,MT,ANM,WE,Federal Contract Tower,19,5,10,0,34,0,0,37,0,37,19,5,47,0,71,14,0,14,85
04/02/2017,MSO,MT,ANM,WE,Federal Contract Tower,15,9,5,0,29,0,0,18,0,18,15,9,23,0,47,0,0,0,47
04/03/2017,MSO,MT,ANM,WE,Federal Contract Tower,16,13,6,0,35,0,3,5,0,8,16,16,11,0,43,12,2,14,57
04/04/2017,MSO,MT,ANM,WE,Federal Contract Tower,15,15,17,0,47,0,0,52,2,54,15,15,69,2,101,38,0,38,139
04/05/2017,MSO,MT,ANM,WE,Federal Contract Tower,14,17,13,3,47,0,5,35,0,40,14,22,48,3,87,44,4,48,135
04/06/2017,MSO,MT,ANM,WE,Federal Contract Tower,16,18,21,0,55,0,3,33,0,36,16,21,54,0,91,36,0,36,127
04/07/2017,MSO,MT,ANM,WE,Federal Contract Tower,21,11,9,0,41,0,0,19,0,19,21,11,28,0,60,30,0,30,90
04/08/2017,MSO,MT,ANM,WE,Federal Contract Tower,14,14,14,0,42,0,0,10,0,10,14,14,24,0,52,0,0,0,52
04/09/2017,MSO,MT,ANM,WE,Federal Contract Tower,20,6,13,0,39,0,0,19,0,19,20,6,32,0,58,20,0,20,78
04/10/2017,MSO,MT,ANM,WE,Federal Contract Tower,19,8,15,0,42,0,4,22,0,26,19,12,37,0,68,26,0,26,94
04/11/2017,MSO,MT,ANM,WE,Federal Contract Tower,17,11,8,0,36,0,2,62,0,64,17,13,70,0,100,42,0,42,142
04/12/2017,MSO,MT,ANM,WE,Federal Contract Tower,15,15,7,0,37,0,0,22,0,22,15,15,29,0,59,22,0,22,81
04/13/2017,MSO,MT,ANM,WE,Federal Contract Tower,17,12,19,0,48,0,0,14,0,14,17,12,33,0,62,18,0,18,80
04/14/2017,MSO,MT,ANM,WE,Federal Contract Tower,22,13,21,0,56,0,0,20,0,20,22,13,41,0,76,52,0,52,128
04/15/2017,MSO,MT,ANM,WE,Federal Contract Tower,14,4,1,0,19,0,9,4,0,13,14,13,5,0,32,16,0,16,48
04/16/2017,MSO,MT,ANM,WE,Federal Contract Tower,21,3,5,0,29,0,4,32,0,36,21,7,37,0,65,28,0,28,93
04/17/2017,MSO,MT,ANM,WE,Federal Contract Tower,19,7,12,0,38,0,0,9,0,9,19,7,21,0,47,12,0,12,59
04/18/2017,MSO,MT,ANM,WE,Federal Contract Tower,19,12,10,0,41,0,3,32,0,35,19,15,42,0,76,46,0,46,122
04/19/2017,MSO,MT,ANM,WE,Federal Contract Tower,16,11,20,1,48,0,4,52,1,57,16,15,72,2,105,32,0,32,137
04/20/2017,MSO,MT,ANM,WE,Federal Contract Tower,18,9,16,0,43,0,0,13,0,13,18,9,29,0,56,22,0,22,78
04/21/2017,MSO,MT,ANM,WE,Federal Contract Tower,23,8,11,0,42,0,2,21,2,25,23,10,32,2,67,12,0,12,79
04/22/2017,MSO,MT,ANM,WE,Federal Contract Tower,17,5,7,0,29,0,1,43,0,44,17,6,50,0,73,14,0,14,87
04/23/2017,MSO,MT,ANM,WE,Federal Contract Tower,18,2,8,0,28,0,0,2,0,2,18,2,10,0,30,20,0,20,50
04/24/2017,MSO,MT,ANM,WE,Federal Contract Tower,19,10,12,8,49,0,0,8,0,8,19,10,20,8,57,40,0,40,97
04/25/2017,MSO,MT,ANM,WE,Federal Contract Tower,17,13,7,0,37,0,2,22,0,24,17,15,29,0,61,34,0,34,95
04/26/2017,MSO,MT,ANM,WE,Federal Contract Tower,18,11,13,0,42,0,0,13,0,13,18,11,26,0,55,22,0,22,77
04/27/2017,MSO,MT,ANM,WE,Federal Contract Tower,21,10,19,0,50,0,4,20,0,24,21,14,39,0,74,44,0,44,118
04/28/2017,MSO,MT,ANM,WE,Federal Contract Tower,23,13,13,3,52,0,4,22,1,27,23,17,35,4,79,52,2,54,133
04/29/2017,MSO,MT,ANM,WE,Federal Contract Tower,18,9,10,2,39,0,12,33,5,50,18,21,43,7,89,12,0,12,101
04/30/2017,MSO,MT,ANM,WE,Federal Contract Tower,18,9,10,2,39,0,2,7,0,9,18,11,17,2,48,12,0,12,60
05/01/2017,MSO,MT,ANM,WE,Federal Contract Tower,17,13,9,3,42,0,6,26,0,32,17,19,35,3,74,54,0,54,128
05/02/2017,MSO,MT,ANM,WE,Federal Contract Tower,16,15,13,0,44,0,0,24,0,24,16,15,37,0,68,36,0,36,104
05/03/2017,MSO,MT,ANM,WE,Federal Contract Tower,16,16,8,0,40,0,2,66,0,68,16,18,74,0,108,16,0,16,124
05/04/2017,MSO,MT,ANM,WE,Federal Contract Tower,17,16,12,0,45,0,3,58,0,61,17,19,70,0,106,38,0,38,144
05/05/2017,MSO,MT,ANM,WE,Federal Contract Tower,24,11,12,0,47,0,6,29,0,35,24,17,41,0,82,26,0,26,108
05/06/2017,MSO,MT,ANM,WE,Federal Contract Tower,17,8,12,0,37,0,15,19,0,34,17,23,31,0,71,14,0,14,85
05/07/2017,MSO,MT,ANM,WE,Federal Contract Tower,16,19,7,0,42,0,0,5,2,7,16,19,12,2,49,12,0,12,61
05/08/2017,MSO,MT,ANM,WE,Federal Contract Tower,23,10,9,2,44,0,0,55,0,55,23,10,64,2,99,14,0,14,113
05/09/2017,MSO,MT,ANM,WE,Federal Contract Tower,16,12,11,0,39,0,1,51,0,52,16,13,62,0,91,26,0,26,117
05/10/2017,MSO,MT,ANM,WE,Federal Contract Tower,15,14,15,2,46,0,5,54,4,63,15,19,69,6,109,44,0,44,153
05/11/2017,MSO,MT,ANM,WE,Federal Contract Tower,18,17,11,0,46,0,4,52,2,58,18,21,63,2,104,69,0,69,173
05/12/2017,MSO,MT,ANM,WE,Federal Contract Tower,25,13,13,0,51,0,0,17,0,17,25,13,30,0,68,0,0,0,68
05/13/2017,MSO,MT,ANM,WE,Federal Contract Tower,16,8,7,0,31,0,0,20,0,20,16,8,27,0,51,2,0,2,53
05/14/2017,MSO,MT,ANM,WE,Federal Contract Tower,21,9,10,0,40,0,2,13,0,15,21,11,23,0,55,6,0,6,61
05/15/2017,MSO,MT,ANM,WE,Federal Contract Tower,26,6,7,0,39,0,2,41,2,45,26,8,48,2,84,2,0,2,86
05/16/2017,MSO,MT,ANM,WE,Federal Contract Tower,20,16,27,0,63,0,0,15,0,15,20,16,42,0,78,26,0,26,104
05/17/2017,MSO,MT,ANM,WE,Federal Contract Tower,23,17,19,1,60,0,0,0,0,0,23,17,19,1,60,0,0,0,60
05/18/2017,MSO,MT,ANM,WE,Federal Contract Tower,22,11,27,15,75,0,7,31,0,38,22,18,58,15,113,38,10,48,161
05/19/2017,MSO,MT,ANM,WE,Federal Contract Tower,28,12,15,1,56,0,1,59,4,64,28,13,74,5,120,30,0,30,150
05/20/2017,MSO,MT,ANM,WE,Federal Contract Tower,17,8,9,1,35,0,0,23,0,23,17,8,32,1,58,6,0,6,64
05/21/2017,MSO,MT,ANM,WE,Federal Contract Tower,23,6,8,0,37,0,0,40,0,40,23,6,48,0,77,8,0,8,85
05/22/2017,MSO,MT,ANM,WE,Federal Contract Tower,27,7,6,12,52,0,6,43,0,49,27,13,49,12,101,4,0,4,105
05/23/2017,MSO,MT,ANM,WE,Federal Contract Tower,22,10,14,0,46,0,13,60,0,73,22,23,74,0,119,18,0,18,137
05/24/2017,MSO,MT,ANM,WE,Federal Contract Tower,18,20,10,0,48,0,8,7,0,15,18,28,17,0,63,4,0,4,67
05/25/2017,MSO,MT,ANM,WE,Federal Contract Tower,20,20,19,1,60,0,3,31,5,39,20,23,50,6,99,10,12,22,121
05/26/2017,MSO,MT,ANM,WE,Federal Contract Tower,29,15,14,0,58,0,8,55,0,63,29,23,69,0,121,0,0,0,121
05/27/2017,MSO,MT,ANM,WE,Federal Contract Tower,17,4,5,0,26,0,3,31,0,34,17,7,36,0,60,8,0,8,68
05/28/2017,MSO,MT,ANM,WE,Federal Contract Tower,20,5,5,0,30,0,12,26,0,38,20,17,31,0,68,0,0,0,68
05/29/2017,MSO,MT,ANM,WE,Federal Contract Tower,25,4,10,0,39,0,4,32,0,36,25,8,42,0,75,20,0,20,95
05/30/2017,MSO,MT,ANM,WE,Federal Contract Tower,19,14,8,1,42,0,6,36,1,43,19,20,44,2,85,14,0,14,99
05/31/2017,MSO,MT,ANM,WE,Federal Contract Tower,22,13,11,0,46,0,0,44,0,44,22,13,55,0,90,2,0,2,92
06/01/2017,MSO,MT,ANM,WE,Federal Contract Tower,23,14,29,0,66,0,0,23,0,23,23,14,52,0,89,2,0,2,91
06/02/2017,MSO,MT,ANM,WE,Federal Contract Tower,24,10,11,1,46,0,4,29,5,38,24,14,40,6,84,26,6,32,116
06/03/2017,MSO,MT,ANM,WE,Federal Contract Tower,16,5,6,0,27,0,3,34,0,37,16,8,40,0,64,30,0,30,94
06/04/2017,MSO,MT,ANM,WE,Federal Contract Tower,24,12,10,0,46,0,2,17,0,19,24,14,27,0,65,0,0,0,65
06/05/2017,MSO,MT,ANM,WE,Federal Contract Tower,27,6,11,0,44,0,3,19,0,22,27,9,30,0,66,0,0,0,66
06/06/2017,MSO,MT,ANM,WE,Federal Contract Tower,20,12,9,0,41,0,1,39,0,40,20,13,48,0,81,4,0,4,85
06/07/2017,MSO,MT,ANM,WE,Federal Contract Tower,19,11,16,2,48,0,8,47,2,57,19,19,63,4,105,0,0,0,105
06/08/2017,MSO,MT,ANM,WE,Federal Contract Tower,24,15,13,1,53,0,8,27,1,36,24,23,40,2,89,12,6,18,107
06/09/2017,MSO,MT,ANM,WE,Federal Contract Tower,31,13,10,0,54,0,11,30,0,41,31,24,40,0,95,8,0,8,103
06/10/2017,MSO,MT,ANM,WE,Federal Contract Tower,29,10,20,0,59,0,3,24,0,27,29,13,44,0,86,22,0,22,108
06/11/2017,MSO,MT,ANM,WE,Federal Contract Tower,24,16,9,0,49,0,6,32,1,39,24,22,41,1,88,0,0,0,88
06/12/2017,MSO,MT,ANM,WE,Federal Contract Tower,26,12,8,0,46,0,0,18,0,18,26,12,26,0,64,6,0,6,70
06/13/2017,MSO,MT,ANM,WE,Federal Contract Tower,25,15,7,0,47,0,2,3,1,6,25,17,10,1,53,12,0,12,65
06/14/2017,MSO,MT,ANM,WE,Federal Contract Tower,20,19,7,4,50,0,2,25,0,27,20,21,32,4,77,24,0,24,101
06/15/2017,MSO,MT,ANM,WE,Federal Contract Tower,28,11,16,0,55,0,5,30,0,35,28,16,46,0,90,20,0,20,110
06/16/2017,MSO,MT,ANM,WE,Federal Contract Tower,27,18,6,2,53,0,3,15,0,18,27,21,21,2,71,22,4,26,97
06/17/2017,MSO,MT,ANM,WE,Federal Contract Tower,25,20,12,0,57,0,11,50,0,61,25,31,62,0,118,10,0,10,128
06/18/2017,MSO,MT,ANM,WE,Federal Contract Tower,24,10,10,0,44,0,4,15,0,19,24,14,25,0,63,22,0,22,85
06/19/2017,MSO,MT,ANM,WE,Federal Contract Tower,23,13,4,0,40,0,1,49,0,50,23,14,53,0,90,14,0,14,104
06/20/2017,MSO,MT,ANM,WE,Federal Contract Tower,20,20,10,0,50,0,0,45,0,45,20,20,55,0,95,32,0,32,127
06/21/2017,MSO,MT,ANM,WE,Federal Contract Tower,18,20,16,0,54,0,2,43,2,47,18,22,59,2,101,36,0,36,137
06/22/2017,MSO,MT,ANM,WE,Federal Contract Tower,19,28,18,0,65,0,2,35,0,37,19,30,53,0,102,30,0,30,132
06/23/2017,MSO,MT,ANM,WE,Federal Contract Tower,30,16,15,2,63,0,10,40,0,50,30,26,55,2,113,46,4,50,163
06/24/2017,MSO,MT,ANM,WE,Federal Contract Tower,23,16,9,0,48,0,9,48,0,57,23,25,57,0,105,2,0,2,107
06/25/2017,MSO,MT,ANM,WE,Federal Contract Tower,24,15,13,0,52,0,21,32,0,53,24,36,45,0,105,14,0,14,119
06/26/2017,MSO,MT,ANM,WE,Federal Contract Tower,26,24,14,0,64,0,4,47,0,51,26,28,61,0,115,20,0,20,135
06/27/2017,MSO,MT,ANM,WE,Federal Contract Tower,25,27,15,8,75,0,14,24,4,42,25,41,39,12,117,20,16,36,153
06/28/2017,MSO,MT,ANM,WE,Federal Contract Tower,21,17,13,0,51,0,4,51,1,56,21,21,64,1,107,50,0,50,157
06/29/2017,MSO,MT,ANM,WE,Federal Contract Tower,20,21,9,0,50,0,8,33,0,41,20,29,42,0,91,40,3,43,134
06/30/2017,MSO,MT,ANM,WE,Federal Contract Tower,32,29,16,0,77,0,3,68,0,71,32,32,84,0,148,56,0,56,204
07/01/2017,MSO,MT,ANM,WE,Federal Contract Tower,34,13,10,0,57,0,10,37,0,47,34,23,47,0,104,12,0,12,116
07/02/2017,MSO,MT,ANM,WE,Federal Contract Tower,31,10,14,0,55,0,11,24,0,35,31,21,38,0,90,0,0,0,90
07/03/2017,MSO,MT,ANM,WE,Federal Contract Tower,30,8,11,0,49,0,5,35,0,40,30,13,46,0,89,58,0,58,147
07/04/2017,MSO,MT,ANM,WE,Federal Contract Tower,25,9,7,0,41,0,5,51,0,56,25,14,58,0,97,28,0,28,125
07/05/2017,MSO,MT,ANM,WE,Federal Contract Tower,27,17,12,0,56,0,2,42,0,44,27,19,54,0,100,42,0,42,142
07/06/2017,MSO,MT,ANM,WE,Federal Contract Tower,29,17,20,0,66,0,5,78,0,83,29,22,98,0,149,30,0,30,179
07/07/2017,MSO,MT,ANM,WE,Federal Contract Tower,36,12,15,0,63,0,11,57,0,68,36,23,72,0,131,16,0,16,147
07/08/2017,MSO,MT,ANM,WE,Federal Contract Tower,31,6,14,0,51,0,11,41,0,52,31,17,55,0,103,0,0,0,103
07/09/2017,MSO,MT,ANM,WE,Federal Contract Tower,33,6,15,0,54,0,15,34,0,49,33,21,49,0,103,2,0,2,105
07/10/2017,MSO,MT,ANM,WE,Federal Contract Tower,28,15,24,0,67,0,3,54,0,57,28,18,78,0,124,82,0,82,206
07/11/2017,MSO,MT,ANM,WE,Federal Contract Tower,30,14,18,0,62,0,20,57,0,77,30,34,75,0,139,42,0,42,181
07/12/2017,MSO,MT,ANM,WE,Federal Contract Tower,27,23,24,0,74,0,11,38,0,49,27,34,62,0,123,42,0,42,165
07/13/2017,MSO,MT,ANM,WE,Federal Contract Tower,31,13,23,0,67,0,6,79,1,86,31,19,102,1,153,48,4,52,205
07/14/2017,MSO,MT,ANM,WE,Federal Contract Tower,37,13,14,2,66,0,1,131,0,132,37,14,145,2,198,66,4,70,268
07/15/2017,MSO,MT,ANM,WE,Federal Contract Tower,35,10,16,0,61,0,7,109,0,116,35,17,125,0,177,4,0,4,181
07/16/2017,MSO,MT,ANM,WE,Federal Contract Tower,32,7,26,5,70,0,5,104,1,110,32,12,130,6,180,0,6,6,186
07/17/2017,MSO,MT,ANM,WE,Federal Contract Tower,34,16,3,4,57,0,9,95,0,104,34,25,98,4,161,18,0,18,179
07/18/2017,MSO,MT,ANM,WE,Federal Contract Tower,25,19,12,0,56,0,9,71,0,80,25,28,83,0,136,46,0,46,182
07/19/2017,MSO,MT,ANM,WE,Federal Contract Tower,27,16,18,0,61,0,4,129,0,133,27,20,147,0,194,2,0,2,196
07/20/2017,MSO,MT,ANM,WE,Federal Contract Tower,28,14,24,0,66,0,2,66,0,68,28,16,90,0,134,18,0,18,152
07/21/2017,MSO,MT,ANM,WE,Federal Contract Tower,30,15,19,0,64,0,7,70,1,78,30,22,89,1,142,28,0,28,170
07/22/2017,MSO,MT,ANM,WE,Federal Contract Tower,31,8,13,0,52,0,9,84,0,93,31,17,97,0,145,6,0,6,151
07/23/2017,MSO,MT,ANM,WE,Federal Contract Tower,29,14,21,0,64,0,9,98,0,107,29,23,119,0,171,10,0,10,181
07/24/2017,MSO,MT,ANM,WE,Federal Contract Tower,32,12,11,0,55,0,15,133,0,148,32,27,144,0,203,2,0,2,205
07/25/2017,MSO,MT,ANM,WE,Federal Contract Tower,27,13,18,0,58,0,5,104,0,109,27,18,122,0,167,0,0,0,167
07/26/2017,MSO,MT,ANM,WE,Federal Contract Tower,29,17,9,0,55,0,2,99,0,101,29,19,108,0,156,18,0,18,174
07/27/2017,MSO,MT,ANM,WE,Federal Contract Tower,29,17,18,0,64,0,12,141,1,154,29,29,159,1,218,0,2,2,220
07/28/2017,MSO,MT,ANM,WE,Federal Contract Tower,31,14,9,0,54,0,4,130,0,134,31,18,139,0,188,0,0,0,188
07/29/2017,MSO,MT,ANM,WE,Federal Contract Tower,36,5,16,0,57,0,6,92,0,98,36,11,108,0,155,6,0,6,161
07/30/2017,MSO,MT,ANM,WE,Federal Contract Tower,31,6,10,0,47,0,9,77,0,86,31,15,87,0,133,2,0,2,135
07/31/2017,MSO,MT,ANM,WE,Federal Contract Tower,28,13,25,0,66,0,8,91,0,99,28,21,116,0,165,14,0,14,179
08/01/2017,MSO,MT,ANM,WE,Federal Contract Tower,31,15,18,0,64,0,8,122,0,130,31,23,140,0,194,14,0,14,208
08/02/2017,MSO,MT,ANM,WE,Federal Contract Tower,30,16,23,0,69,0,2,125,0,127,30,18,148,0,196,18,0,18,214
08/03/2017,MSO,MT,ANM,WE,Federal Contract Tower,30,17,28,0,75,0,8,64,0,72,30,25,92,0,147,6,0,6,153
08/04/2017,MSO,MT,ANM,WE,Federal Contract Tower,34,14,24,0,72,0,9,85,0,94,34,23,109,0,166,18,0,18,184
08/05/2017,MSO,MT,ANM,WE,Federal Contract Tower,34,9,16,0,59,0,3,52,0,55,34,12,68,0,114,2,0,2,116
08/06/2017,MSO,MT,ANM,WE,Federal Contract Tower,29,11,14,0,54,0,8,57,0,65,29,19,71,0,119,6,0,6,125
08/07/2017,MSO,MT,ANM,WE,Federal Contract Tower,33,9,11,0,53,0,13,70,0,83,33,22,81,0,136,24,0,24,160
08/08/2017,MSO,MT,ANM,WE,Federal Contract Tower,24,21,20,0,65,0,11,82,1,94,24,32,102,1,159,14,0,14,173
08/10/2017,MSO,MT,ANM,WE,Federal Contract Tower,23,19,17,0,59,0,0,43,0,43,23,19,60,0,102,42,0,42,144
08/11/2017,MSO,MT,ANM,WE,Federal Contract Tower,34,16,28,0,78,0,2,27,0,29,34,18,55,0,107,14,0,14,121
08/12/2017,MSO,MT,ANM,WE,Federal Contract Tower,28,17,14,0,59,0,3,39,0,42,28,20,53,0,101,0,0,0,101
08/13/2017,MSO,MT,ANM,WE,Federal Contract Tower,32,11,14,0,57,0,10,34,0,44,32,21,48,0,101,14,0,14,115
08/14/2017,MSO,MT,ANM,WE,Federal Contract Tower,31,10,17,0,58,0,1,76,0,77,31,11,93,0,135,0,0,0,135
08/15/2017,MSO,MT,ANM,WE,Federal Contract Tower,22,18,18,0,58,0,6,60,0,66,22,24,78,0,124,38,0,38,162
08/16/2017,MSO,MT,ANM,WE,Federal Contract Tower,25,19,12,0,56,0,0,70,0,70,25,19,82,0,126,8,0,8,134
08/17/2017,MSO,MT,ANM,WE,Federal Contract Tower,23,21,26,0,70,0,8,116,0,124,23,29,142,0,194,9,0,9,203
08/18/2017,MSO,MT,ANM,WE,Federal Contract Tower,29,16,27,0,72,0,12,95,0,107,29,28,122,0,179,0,0,0,179
08/19/2017,MSO,MT,ANM,WE,Federal Contract Tower,31,12,7,0,50,0,7,116,0,123,31,19,123,0,173,4,0,4,177
08/20/2017,MSO,MT,ANM,WE,Federal Contract Tower,30,11,20,0,61,0,4,56,0,60,30,15,76,0,121,0,0,0,121
08/21/2017,MSO,MT,ANM,WE,Federal Contract Tower,27,15,13,0,55,0,1,55,2,58,27,16,68,2,113,4,0,4,117
08/22/2017,MSO,MT,ANM,WE,Federal Contract Tower,19,21,24,0,64,0,5,44,0,49,19,26,68,0,113,0,0,0,113
08/23/2017,MSO,MT,ANM,WE,Federal Contract Tower,24,21,33,0,78,0,0,48,0,48,24,21,81,0,126,0,0,0,126
08/24/2017,MSO,MT,ANM,WE,Federal Contract Tower,25,23,24,2,74,0,3,50,0,53,25,26,74,2,127,4,0,4,131
08/25/2017,MSO,MT,ANM,WE,Federal Contract Tower,29,19,11,4,63,0,5,70,1,76,29,24,81,5,139,12,2,14,153
08/26/2017,MSO,MT,ANM,WE,Federal Contract Tower,29,11,13,1,54,0,5,98,0,103,29,16,111,1,157,18,0,18,175
08/27/2017,MSO,MT,ANM,WE,Federal Contract Tower,27,13,25,3,68,0,5,78,0,83,27,18,103,3,151,0,0,0,151
08/28/2017,MSO,MT,ANM,WE,Federal Contract Tower,32,15,17,0,64,0,13,77,0,90,32,28,94,0,154,12,0,12,166
08/29/2017,MSO,MT,ANM,WE,Federal Contract Tower,18,18,23,1,60,0,5,33,0,38,18,23,56,1,98,0,0,0,98
08/30/2017,MSO,MT,ANM,WE,Federal Contract Tower,23,17,19,0,59,0,5,53,0,58,23,22,72,0,117,0,0,0,117
08/31/2017,MSO,MT,ANM,WE,Federal Contract Tower,21,17,26,0,64,0,2,85,0,87,21,19,111,0,151,14,0,14,165
09/01/2017,MSO,MT,ANM,WE,Federal Contract Tower,26,15,17,0,58,0,1,86,0,87,26,16,103,0,145,26,0,26,171
09/02/2017,MSO,MT,ANM,WE,Federal Contract Tower,25,12,9,0,46,0,2,109,0,111,25,14,118,0,157,0,0,0,157
09/03/2017,MSO,MT,ANM,WE,Federal Contract Tower,27,9,17,0,53,0,2,33,0,35,27,11,50,0,88,0,0,0,88
09/04/2017,MSO,MT,ANM,WE,Federal Contract Tower,30,10,29,0,69,0,0,0,0,0,30,10,29,0,69,0,0,0,69
09/05/2017,MSO,MT,ANM,WE,Federal Contract Tower,25,15,28,0,68,0,0,23,0,23,25,15,51,0,91,4,0,4,95
09/06/2017,MSO,MT,ANM,WE,Federal Contract Tower,21,17,27,0,65,0,0,1,0,1,21,17,28,0,66,0,0,0,66
09/07/2017,MSO,MT,ANM,WE,Federal Contract Tower,20,20,14,0,54,0,0,0,0,0,20,20,14,0,54,0,0,0,54
09/08/2017,MSO,MT,ANM,WE,Federal Contract Tower,24,23,22,0,69,0,0,0,0,0,24,23,22,0,69,0,0,0,69
09/09/2017,MSO,MT,ANM,WE,Federal Contract Tower,20,11,20,0,51,0,6,7,0,13,20,17,27,0,64,10,0,10,74
09/10/2017,MSO,MT,ANM,WE,Federal Contract Tower,22,10,10,0,42,0,2,64,0,66,22,12,74,0,108,28,0,28,136
09/11/2017,MSO,MT,ANM,WE,Federal Contract Tower,26,6,14,0,46,0,5,57,0,62,26,11,71,0,108,22,0,22,130
09/12/2017,MSO,MT,ANM,WE,Federal Contract Tower,19,15,32,0,66,0,11,93,0,104,19,26,125,0,170,46,0,46,216
09/13/2017,MSO,MT,ANM,WE,Federal Contract Tower,19,19,21,0,59,0,3,56,0,59,19,22,77,0,118,48,0,48,166
09/14/2017,MSO,MT,ANM,WE,Federal Contract Tower,19,28,24,0,71,0,3,13,0,16,19,31,37,0,87,22,0,22,109
09/15/2017,MSO,MT,ANM,WE,Federal Contract Tower,26,17,23,0,66,0,0,7,0,7,26,17,30,0,73,22,0,22,95
09/16/2017,MSO,MT,ANM,WE,Federal Contract Tower,25,7,15,0,47,0,12,34,0,46,25,19,49,0,93,16,0,16,109
09/17/2017,MSO,MT,ANM,WE,Federal Contract Tower,20,9,11,0,40,0,4,39,0,43,20,13,50,0,83,8,0,8,91
09/18/2017,MSO,MT,ANM,WE,Federal Contract Tower,24,11,12,0,47,0,5,10,0,15,24,16,22,0,62,8,0,8,70
09/19/2017,MSO,MT,ANM,WE,Federal Contract Tower,18,23,25,0,66,0,0,18,0,18,18,23,43,0,84,32,0,32,116
09/20/2017,MSO,MT,ANM,WE,Federal Contract Tower,18,14,12,0,44,0,0,12,0,12,18,14,24,0,56,16,0,16,72
09/21/2017,MSO,MT,ANM,WE,Federal Contract Tower,21,18,25,0,64,0,4,40,0,44,21,22,65,0,108,0,0,0,108
09/22/2017,MSO,MT,ANM,WE,Federal Contract Tower,27,11,21,2,61,0,2,14,0,16,27,13,35,2,77,0,0,0,77
09/23/2017,MSO,MT,ANM,WE,Federal Contract Tower,24,8,14,1,47,0,11,24,0,35,24,19,38,1,82,52,0,52,134
09/24/2017,MSO,MT,ANM,WE,Federal Contract Tower,21,8,5,3,37,0,1,42,0,43,21,9,47,3,80,32,6,38,118
09/25/2017,MSO,MT,ANM,WE,Federal Contract Tower,25,9,12,0,46,0,1,22,0,23,25,10,34,0,69,24,0,24,93
09/26/2017,MSO,MT,ANM,WE,Federal Contract Tower,19,12,14,0,45,0,3,24,0,27,19,15,38,0,72,28,0,28,100
09/27/2017,MSO,MT,ANM,WE,Federal Contract Tower,17,16,14,0,47,0,0,32,0,32,17,16,46,0,79,8,0,8,87
09/28/2017,MSO,MT,ANM,WE,Federal Contract Tower,18,22,9,3,52,0,2,41,1,44,18,24,50,4,96,78,0,78,174
09/29/2017,MSO,MT,ANM,WE,Federal Contract Tower,27,18,12,0,57,0,4,62,0,66,27,22,74,0,123,50,0,50,173
09/30/2017,MSO,MT,ANM,WE,Federal Contract Tower,23,4,7,0,34,0,4,25,0,29,23,8,32,0,63,58,0,58,121
10/01/2017,MSO,MT,ANM,WE,Federal Contract Tower,24,12,12,0,48,0,4,12,0,16,24,16,24,0,64,36,0,36,100
10/02/2017,MSO,MT,ANM,WE,Federal Contract Tower,22,17,17,0,56,0,2,2,0,4,22,19,19,0,60,22,0,22,82
10/03/2017,MSO,MT,ANM,WE,Federal Contract Tower,18,21,16,0,55,0,9,29,0,38,18,30,45,0,93,4,0,4,97
10/04/2017,MSO,MT,ANM,WE,Federal Contract Tower,19,16,17,0,52,0,3,28,0,31,19,19,45,0,83,12,0,12,95
10/05/2017,MSO,MT,ANM,WE,Federal Contract Tower,20,22,25,0,67,0,5,24,0,29,20,27,49,0,96,8,0,8,104
10/06/2017,MSO,MT,ANM,WE,Federal Contract Tower,21,10,15,0,46,0,1,20,0,21,21,11,35,0,67,32,0,32,99
10/07/2017,MSO,MT,ANM,WE,Federal Contract Tower,16,7,4,0,27,0,0,5,0,5,16,7,9,0,32,0,0,0,32
10/08/2017,MSO,MT,ANM,WE,Federal Contract Tower,21,16,10,0,47,0,6,7,0,13,21,22,17,0,60,2,0,2,62
10/09/2017,MSO,MT,ANM,WE,Federal Contract Tower,19,21,55,0,95,0,5,31,0,36,19,26,86,0,131,20,0,20,151
10/10/2017,MSO,MT,ANM,WE,Federal Contract Tower,18,16,15,0,49,0,1,39,2,42,18,17,54,2,91,34,0,34,125
10/11/2017,MSO,MT,ANM,WE,Federal Contract Tower,15,19,19,12,65,0,0,13,0,13,15,19,32,12,78,12,0,12,90
10/12/2017,MSO,MT,ANM,WE,Federal Contract Tower,21,16,26,0,63,0,2,13,0,15,21,18,39,0,78,18,0,18,96
10/13/2017,MSO,MT,ANM,WE,Federal Contract Tower,25,13,14,0,52,0,4,31,2,37,25,17,45,2,89,34,0,34,123
10/14/2017,MSO,MT,ANM,WE,Federal Contract Tower,13,13,12,0,38,0,0,6,1,7,13,13,18,1,45,12,0,12,57
10/15/2017,MSO,MT,ANM,WE,Federal Contract Tower,19,7,14,0,40,0,14,46,0,60,19,21,60,0,100,4,0,4,104
10/16/2017,MSO,MT,ANM,WE,Federal Contract Tower,17,13,27,0,57,0,8,45,0,53,17,21,72,0,110,32,0,32,142
10/17/2017,MSO,MT,ANM,WE,Federal Contract Tower,19,10,8,0,37,0,0,18,0,18,19,10,26,0,55,26,0,26,81
10/18/2017,MSO,MT,ANM,WE,Federal Contract Tower,14,17,7,0,38,0,7,14,0,21,14,24,21,0,59,2,0,2,61
10/19/2017,MSO,MT,ANM,WE,Federal Contract Tower,16,17,18,0,51,0,5,35,0,40,16,22,53,0,91,44,0,44,135
10/20/2017,MSO,MT,ANM,WE,Federal Contract Tower,27,11,14,0,52,0,0,1,0,1,27,11,15,0,53,12,0,12,65
10/21/2017,MSO,MT,ANM,WE,Federal Contract Tower,15,8,3,2,28,0,1,6,0,7,15,9,9,2,35,0,0,0,35
10/22/2017,MSO,MT,ANM,WE,Federal Contract Tower,17,10,14,0,41,0,0,0,0,0,17,10,14,0,41,0,0,0,41
10/23/2017,MSO,MT,ANM,WE,Federal Contract Tower,22,10,7,0,39,0,10,30,0,40,22,20,37,0,79,6,0,6,85
10/24/2017,MSO,MT,ANM,WE,Federal Contract Tower,22,11,13,0,46,0,6,30,0,36,22,17,43,0,82,14,0,14,96
10/25/2017,MSO,MT,ANM,WE,Federal Contract Tower,16,16,14,0,46,0,0,6,0,6,16,16,20,0,52,16,0,16,68
10/26/2017,MSO,MT,ANM,WE,Federal Contract Tower,18,23,10,0,51,0,0,28,0,28,18,23,38,0,79,16,0,16,95
10/27/2017,MSO,MT,ANM,WE,Federal Contract Tower,26,10,18,4,58,0,4,48,2,54,26,14,66,6,112,8,0,8,120
10/28/2017,MSO,MT,ANM,WE,Federal Contract Tower,18,7,15,0,40,0,0,51,0,51,18,7,66,0,91,30,0,30,121
10/29/2017,MSO,MT,ANM,WE,Federal Contract Tower,20,10,7,6,43,0,3,11,0,14,20,13,18,6,57,26,2,28,85
10/30/2017,MSO,MT,ANM,WE,Federal Contract Tower,24,3,9,0,36,0,5,20,0,25,24,8,29,0,61,2,0,2,63
10/31/2017,MSO,MT,ANM,WE,Federal Contract Tower,18,10,14,0,42,0,3,17,0,20,18,13,31,0,62,24,0,24,86
11/01/2017,MSO,MT,ANM,WE,Federal Contract Tower,18,17,9,0,44,0,0,0,0,0,18,17,9,0,44,0,0,0,44
11/02/2017,MSO,MT,ANM,WE,Federal Contract Tower,20,19,17,0,56,0,0,4,0,4,20,19,21,0,60,4,0,4,64
11/03/2017,MSO,MT,ANM,WE,Federal Contract Tower,22,15,8,0,45,0,0,0,0,0,22,15,8,0,45,6,0,6,51
11/04/2017,MSO,MT,ANM,WE,Federal Contract Tower,14,8,5,2,29,0,4,5,1,10,14,12,10,3,39,0,0,0,39
11/05/2017,MSO,MT,ANM,WE,Federal Contract Tower,23,8,12,0,43,0,0,0,0,0,23,8,12,0,43,0,0,0,43
11/06/2017,MSO,MT,ANM,WE,Federal Contract Tower,23,13,10,0,46,0,0,4,0,4,23,13,14,0,50,4,0,4,54
11/07/2017,MSO,MT,ANM,WE,Federal Contract Tower,18,12,9,0,39,0,2,19,0,21,18,14,28,0,60,0,0,0,60
11/08/2017,MSO,MT,ANM,WE,Federal Contract Tower,17,16,6,0,39,0,0,4,0,4,17,16,10,0,43,2,0,2,45
11/09/2017,MSO,MT,ANM,WE,Federal Contract Tower,18,14,10,0,42,0,0,0,0,0,18,14,10,0,42,0,0,0,42
11/10/2017,MSO,MT,ANM,WE,Federal Contract Tower,23,12,15,0,50,0,0,4,0,4,23,12,19,0,54,0,0,0,54
11/11/2017,MSO,MT,ANM,WE,Federal Contract Tower,17,4,3,0,24,0,0,1,0,1,17,4,4,0,25,0,0,0,25
11/12/2017,MSO,MT,ANM,WE,Federal Contract Tower,23,18,5,0,46,0,1,12,0,13,23,19,17,0,59,2,0,2,61
11/13/2017,MSO,MT,ANM,WE,Federal Contract Tower,18,12,8,0,38,0,0,3,0,3,18,12,11,0,41,16,0,16,57
11/14/2017,MSO,MT,ANM,WE,Federal Contract Tower,20,15,12,6,53,0,2,7,0,9,20,17,19,6,62,0,0,0,62
11/15/2017,MSO,MT,ANM,WE,Federal Contract Tower,15,14,12,0,41,0,1,13,0,14,15,15,25,0,55,12,0,12,67
11/16/2017,MSO,MT,ANM,WE,Federal Contract Tower,20,14,6,0,40,0,3,7,0,10,20,17,13,0,50,10,0,10,60
11/17/2017,MSO,MT,ANM,WE,Federal Contract Tower,29,12,8,0,49,0,6,11,0,17,29,18,19,0,66,6,0,6,72
11/18/2017,MSO,MT,ANM,WE,Federal Contract Tower,15,8,5,0,28,0,9,15,0,24,15,17,20,0,52,6,0,6,58
11/19/2017,MSO,MT,ANM,WE,Federal Contract Tower,22,6,10,0,38,0,1,37,0,38,22,7,47,0,76,32,0,32,108
11/20/2017,MSO,MT,ANM,WE,Federal Contract Tower,18,7,9,0,34,0,0,0,0,0,18,7,9,0,34,0,0,0,34
11/21/2017,MSO,MT,ANM,WE,Federal Contract Tower,23,19,12,0,54,0,0,0,0,0,23,19,12,0,54,0,0,0,54
11/22/2017,MSO,MT,ANM,WE,Federal Contract Tower,17,21,11,0,49,0,4,3,0,7,17,25,14,0,56,32,0,32,88
11/23/2017,MSO,MT,ANM,WE,Federal Contract Tower,15,4,2,0,21,0,0,1,0,1,15,4,3,0,22,0,0,0,22
11/24/2017,MSO,MT,ANM,WE,Federal Contract Tower,16,9,5,0,30,0,2,15,0,17,16,11,20,0,47,30,0,30,77
11/25/2017,MSO,MT,ANM,WE,Federal Contract Tower,22,8,6,0,36,0,2,27,0,29,22,10,33,0,65,14,0,14,79
11/26/2017,MSO,MT,ANM,WE,Federal Contract Tower,21,10,15,0,46,0,4,4,0,8,21,14,19,0,54,0,0,0,54
11/27/2017,MSO,MT,ANM,WE,Federal Contract Tower,20,7,8,2,37,0,4,7,0,11,20,11,15,2,48,19,0,19,67
11/28/2017,MSO,MT,ANM,WE,Federal Contract Tower,15,15,20,0,50,0,13,26,0,39,15,28,46,0,89,10,0,10,99
11/29/2017,MSO,MT,ANM,WE,Federal Contract Tower,11,13,7,0,31,0,0,14,0,14,11,13,21,0,45,0,0,0,45
11/30/2017,MSO,MT,ANM,WE,Federal Contract Tower,14,16,8,5,43,0,3,10,0,13,14,19,18,5,56,4,0,4,60
12/01/2017,MSO,MT,ANM,WE,Federal Contract Tower,18,13,11,1,43,0,0,12,0,12,18,13,23,1,55,42,0,42,97
12/02/2017,MSO,MT,ANM,WE,Federal Contract Tower,14,7,10,0,31,0,3,16,0,19,14,10,26,0,50,8,0,8,58
12/03/2017,MSO,MT,ANM,WE,Federal Contract Tower,17,5,3,0,25,0,0,0,0,0,17,5,3,0,25,0,0,0,25
12/04/2017,MSO,MT,ANM,WE,Federal Contract Tower,14,18,13,0,45,0,8,5,0,13,14,26,18,0,58,0,0,0,58
12/05/2017,MSO,MT,ANM,WE,Federal Contract Tower,12,15,19,0,46,0,4,12,0,16,12,19,31,0,62,16,0,16,78
12/06/2017,MSO,MT,ANM,WE,Federal Contract Tower,10,14,8,0,32,0,0,35,0,35,10,14,43,0,67,46,10,56,123
12/07/2017,MSO,MT,ANM,WE,Federal Contract Tower,15,12,16,0,43,0,4,17,0,21,15,16,33,0,64,6,0,6,70
12/08/2017,MSO,MT,ANM,WE,Federal Contract Tower,19,12,23,0,54,0,0,0,0,0,19,12,23,0,54,0,0,0,54
12/09/2017,MSO,MT,ANM,WE,Federal Contract Tower,13,4,10,0,27,0,0,0,0,0,13,4,10,0,27,0,0,0,27
12/10/2017,MSO,MT,ANM,WE,Federal Contract Tower,20,8,12,6,46,0,0,0,0,0,20,8,12,6,46,0,0,0,46
12/11/2017,MSO,MT,ANM,WE,Federal Contract Tower,13,10,10,0,33,0,0,1,0,1,13,10,11,0,34,0,0,0,34
12/12/2017,MSO,MT,ANM,WE,Federal Contract Tower,13,21,18,6,58,0,0,0,0,0,13,21,18,6,58,0,0,0,58
12/13/2017,MSO,MT,ANM,WE,Federal Contract Tower,11,18,13,4,46,0,0,1,0,1,11,18,14,4,47,6,0,6,53
12/14/2017,MSO,MT,ANM,WE,Federal Contract Tower,17,15,19,1,52,0,0,22,5,27,17,15,41,6,79,2,2,4,83
12/15/2017,MSO,MT,ANM,WE,Federal Contract Tower,17,19,11,0,47,0,0,0,0,0,17,19,11,0,47,0,0,0,47
12/16/2017,MSO,MT,ANM,WE,Federal Contract Tower,13,10,14,0,37,0,0,0,0,0,13,10,14,0,37,0,0,0,37
12/17/2017,MSO,MT,ANM,WE,Federal Contract Tower,26,3,1,0,30,0,0,6,0,6,26,3,7,0,36,2,0,2,38
12/18/2017,MSO,MT,ANM,WE,Federal Contract Tower,20,9,8,0,37,0,0,4,0,4,20,9,12,0,41,23,0,23,64
12/19/2017,MSO,MT,ANM,WE,Federal Contract Tower,13,23,15,0,51,0,0,0,0,0,13,23,15,0,51,0,0,0,51
12/20/2017,MSO,MT,ANM,WE,Federal Contract Tower,19,22,6,2,49,0,1,0,0,1,19,23,6,2,50,6,0,6,56
12/21/2017,MSO,MT,ANM,WE,Federal Contract Tower,21,21,13,0,55,0,0,6,0,6,21,21,19,0,61,28,0,28,89
12/22/2017,MSO,MT,ANM,WE,Federal Contract Tower,24,20,12,0,56,0,0,0,0,0,24,20,12,0,56,0,0,0,56
12/23/2017,MSO,MT,ANM,WE,Federal Contract Tower,20,13,8,0,41,0,2,10,0,12,20,15,18,0,53,22,0,22,75
12/24/2017,MSO,MT,ANM,WE,Federal Contract Tower,22,4,5,0,31,0,5,8,0,13,22,9,13,0,44,0,0,0,44
12/25/2017,MSO,MT,ANM,WE,Federal Contract Tower,25,5,3,0,33,0,0,0,0,0,25,5,3,0,33,0,0,0,33
12/26/2017,MSO,MT,ANM,WE,Federal Contract Tower,24,16,5,0,45,0,1,7,0,8,24,17,12,0,53,12,0,12,65
12/27/2017,MSO,MT,ANM,WE,Federal Contract Tower,19,20,6,0,45,0,0,0,0,0,19,20,6,0,45,0,0,0,45
12/28/2017,MSO,MT,ANM,WE,Federal Contract Tower,20,23,14,0,57,0,0,0,0,0,20,23,14,0,57,0,0,0,57
12/29/2017,MSO,MT,ANM,WE,Federal Contract Tower,18,14,2,0,34,0,0,0,0,0,18,14,2,0,34,0,0,0,34
12/30/2017,MSO,MT,ANM,WE,Federal Contract Tower,23,13,9,0,45,0,0,1,0,1,23,13,10,0,46,0,0,0,46
12/31/2017,MSO,MT,ANM,WE,Federal Contract Tower,24,4,5,0,33,0,0,15,0,15,24,4,20,0,48,20,0,20,68
01/01/2018,MSO,MT,ANM,WE,Federal Contract Tower,20,8,8,0,36,0,0,4,0,4,20,8,12,0,40,8,0,8,48
01/02/2018,MSO,MT,ANM,WE,Federal Contract Tower,25,17,9,0,51,0,6,5,0,11,25,23,14,0,62,0,0,0,62
01/03/2018,MSO,MT,ANM,WE,Federal Contract Tower,15,20,13,0,48,0,2,2,0,4,15,22,15,0,52,6,0,6,58
01/04/2018,MSO,MT,ANM,WE,Federal Contract Tower,17,20,14,0,51,0,0,3,0,3,17,20,17,0,54,0,0,0,54
01/05/2018,MSO,MT,ANM,WE,Federal Contract Tower,20,12,13,0,45,0,2,10,0,12,20,14,23,0,57,0,0,0,57
01/06/2018,MSO,MT,ANM,WE,Federal Contract Tower,16,8,10,0,34,0,12,2,0,14,16,20,12,0,48,20,0,20,68
01/07/2018,MSO,MT,ANM,WE,Federal Contract Tower,24,4,4,0,32,0,3,4,0,7,24,7,8,0,39,0,0,0,39
01/08/2018,MSO,MT,ANM,WE,Federal Contract Tower,18,13,5,0,36,0,3,42,0,45,18,16,47,0,81,30,0,30,111
01/09/2018,MSO,MT,ANM,WE,Federal Contract Tower,13,12,7,0,32,0,0,10,0,10,13,12,17,0,42,8,0,8,50
01/10/2018,MSO,MT,ANM,WE,Federal Contract Tower,16,11,2,0,29,0,5,6,0,11,16,16,8,0,40,16,0,16,56
01/11/2018,MSO,MT,ANM,WE,Federal Contract Tower,16,19,8,0,43,0,0,0,0,0,16,19,8,0,43,0,0,0,43
01/12/2018,MSO,MT,ANM,WE,Federal Contract Tower,19,12,4,0,35,0,0,6,0,6,19,12,10,0,41,24,0,24,65
01/13/2018,MSO,MT,ANM,WE,Federal Contract Tower,13,10,1,0,24,0,2,5,0,7,13,12,6,0,31,12,0,12,43
01/14/2018,MSO,MT,ANM,WE,Federal Contract Tower,16,11,4,0,31,0,2,13,0,15,16,13,17,0,46,28,0,28,74
01/15/2018,MSO,MT,ANM,WE,Federal Contract Tower,22,9,4,0,35,0,3,12,0,15,22,12,16,0,50,14,0,14,64
01/16/2018,MSO,MT,ANM,WE,Federal Contract Tower,17,10,5,2,34,0,0,28,0,28,17,10,33,2,62,5,44,49,111
01/17/2018,MSO,MT,ANM,WE,Federal Contract Tower,11,16,13,0,40,0,0,11,0,11,11,16,24,0,51,14,0,14,65
01/18/2018,MSO,MT,ANM,WE,Federal Contract Tower,15,18,13,0,46,0,0,6,0,6,15,18,19,0,52,6,0,6,58
01/19/2018,MSO,MT,ANM,WE,Federal Contract Tower,19,13,8,0,40,0,3,7,0,10,19,16,15,0,50,14,0,14,64
01/20/2018,MSO,MT,ANM,WE,Federal Contract Tower,12,8,6,0,26,0,4,10,0,14,12,12,16,0,40,28,0,28,68
01/21/2018,MSO,MT,ANM,WE,Federal Contract Tower,14,8,8,0,30,0,8,31,0,39,14,16,39,0,69,14,0,14,83
01/22/2018,MSO,MT,ANM,WE,Federal Contract Tower,18,8,3,6,35,0,0,2,0,2,18,8,5,6,37,2,0,2,39
01/23/2018,MSO,MT,ANM,WE,Federal Contract Tower,18,8,9,0,35,0,1,20,0,21,18,9,29,0,56,18,0,18,74
01/24/2018,MSO,MT,ANM,WE,Federal Contract Tower,11,15,5,0,31,0,1,10,0,11,11,16,15,0,42,74,2,76,118
01/25/2018,MSO,MT,ANM,WE,Federal Contract Tower,14,15,7,0,36,0,0,7,0,7,14,15,14,0,43,14,0,14,57
01/26/2018,MSO,MT,ANM,WE,Federal Contract Tower,19,10,10,0,39,0,0,3,0,3,19,10,13,0,42,0,0,0,42
01/27/2018,MSO,MT,ANM,WE,Federal Contract Tower,13,8,6,0,27,0,4,3,0,7,13,12,9,0,34,0,0,0,34
01/28/2018,MSO,MT,ANM,WE,Federal Contract Tower,14,17,4,0,35,0,0,2,0,2,14,17,6,0,37,0,0,0,37
01/29/2018,MSO,MT,ANM,WE,Federal Contract Tower,14,15,2,0,31,0,0,8,0,8,14,15,10,0,39,12,0,12,51
01/30/2018,MSO,MT,ANM,WE,Federal Contract Tower,16,11,12,0,39,0,0,4,0,4,16,11,16,0,43,0,0,0,43
01/31/2018,MSO,MT,ANM,WE,Federal Contract Tower,11,20,24,2,57,0,3,6,0,9,11,23,30,2,66,54,0,54,120
02/01/2018,MSO,MT,ANM,WE,Federal Contract Tower,12,21,13,0,46,0,5,12,0,17,12,26,25,0,63,36,0,36,99
02/02/2018,MSO,MT,ANM,WE,Federal Contract Tower,19,14,11,0,44,0,0,5,0,5,19,14,16,0,49,12,0,12,61
02/03/2018,MSO,MT,ANM,WE,Federal Contract Tower,12,7,3,0,22,0,2,8,2,12,12,9,11,2,34,8,0,8,42
02/04/2018,MSO,MT,ANM,WE,Federal Contract Tower,18,4,2,0,24,0,0,0,0,0,18,4,2,0,24,0,0,0,24
02/05/2018,MSO,MT,ANM,WE,Federal Contract Tower,14,12,13,0,39,0,0,2,0,2,14,12,15,0,41,0,0,0,41
02/06/2018,MSO,MT,ANM,WE,Federal Contract Tower,16,11,8,0,35,0,1,4,0,5,16,12,12,0,40,6,0,6,46
02/07/2018,MSO,MT,ANM,WE,Federal Contract Tower,10,16,10,8,44,0,4,14,0,18,10,20,24,8,62,66,0,66,128
02/08/2018,MSO,MT,ANM,WE,Federal Contract Tower,15,16,18,0,49,0,2,5,0,7,15,18,23,0,56,18,0,18,74
02/09/2018,MSO,MT,ANM,WE,Federal Contract Tower,21,8,11,0,40,0,0,2,0,2,21,8,13,0,42,0,0,0,42
02/10/2018,MSO,MT,ANM,WE,Federal Contract Tower,13,5,4,0,22,0,0,29,0,29,13,5,33,0,51,58,0,58,109
02/11/2018,MSO,MT,ANM,WE,Federal Contract Tower,9,5,6,0,20,0,7,3,0,10,9,12,9,0,30,12,0,12,42
02/12/2018,MSO,MT,ANM,WE,Federal Contract Tower,15,14,13,0,42,0,0,18,0,18,15,14,31,0,60,18,0,18,78
02/13/2018,MSO,MT,ANM,WE,Federal Contract Tower,14,19,13,0,46,0,3,34,1,38,14,22,47,1,84,34,6,40,124
02/14/2018,MSO,MT,ANM,WE,Federal Contract Tower,11,18,8,0,37,0,0,0,0,0,11,18,8,0,37,0,0,0,37
02/15/2018,MSO,MT,ANM,WE,Federal Contract Tower,14,16,14,0,44,0,0,11,0,11,14,16,25,0,55,48,0,48,103
02/16/2018,MSO,MT,ANM,WE,Federal Contract Tower,20,9,11,4,44,0,2,3,0,5,20,11,14,4,49,0,0,0,49
02/17/2018,MSO,MT,ANM,WE,Federal Contract Tower,16,6,0,0,22,0,0,1,0,1,16,6,1,0,23,0,0,0,23
02/18/2018,MSO,MT,ANM,WE,Federal Contract Tower,16,8,4,0,28,0,0,0,0,0,16,8,4,0,28,0,0,0,28
02/19/2018,MSO,MT,ANM,WE,Federal Contract Tower,13,14,14,0,41,0,7,7,1,15,13,21,21,1,56,0,0,0,56
02/20/2018,MSO,MT,ANM,WE,Federal Contract Tower,15,13,17,0,45,0,5,25,0,30,15,18,42,0,75,46,0,46,121
02/21/2018,MSO,MT,ANM,WE,Federal Contract Tower,14,20,20,0,54,0,2,19,0,21,14,22,39,0,75,6,0,6,81
02/22/2018,MSO,MT,ANM,WE,Federal Contract Tower,14,19,13,0,46,0,2,14,0,16,14,21,27,0,62,34,0,34,96
02/23/2018,MSO,MT,ANM,WE,Federal Contract Tower,19,12,13,0,44,0,2,19,0,21,19,14,32,0,65,14,0,14,79
02/24/2018,MSO,MT,ANM,WE,Federal Contract Tower,15,12,7,2,36,0,3,2,0,5,15,15,9,2,41,2,0,2,43
02/25/2018,MSO,MT,ANM,WE,Federal Contract Tower,17,9,13,0,39,0,0,2,0,2,17,9,15,0,41,2,0,2,43
02/26/2018,MSO,MT,ANM,WE,Federal Contract Tower,16,11,7,4,38,0,0,3,0,3,16,11,10,4,41,0,0,0,41
02/27/2018,MSO,MT,ANM,WE,Federal Contract Tower,13,12,5,0,30,0,3,36,0,39,13,15,41,0,69,28,0,28,97
02/28/2018,MSO,MT,ANM,WE,Federal Contract Tower,13,15,12,0,40,0,1,21,0,22,13,16,33,0,62,52,0,52,114
03/01/2018,MSO,MT,ANM,WE,Federal Contract Tower,15,15,15,0,45,0,4,32,0,36,15,19,47,0,81,14,0,14,95
03/02/2018,MSO,MT,ANM,WE,Federal Contract Tower,17,12,11,0,40,0,3,6,0,9,17,15,17,0,49,6,0,6,55
03/03/2018,MSO,MT,ANM,WE,Federal Contract Tower,13,8,8,0,29,0,6,50,0,56,13,14,58,0,85,44,0,44,129
03/04/2018,MSO,MT,ANM,WE,Federal Contract Tower,15,11,11,0,37,0,2,4,0,6,15,13,15,0,43,8,0,8,51
03/05/2018,MSO,MT,ANM,WE,Federal Contract Tower,14,10,5,0,29,0,3,12,0,15,14,13,17,0,44,4,0,4,48
03/06/2018,MSO,MT,ANM,WE,Federal Contract Tower,19,9,14,4,46,0,3,20,0,23,19,12,34,4,69,12,0,12,81
03/07/2018,MSO,MT,ANM,WE,Federal Contract Tower,12,16,8,0,36,0,4,46,0,50,12,20,54,0,86,18,0,18,104
03/08/2018,MSO,MT,ANM,WE,Federal Contract Tower,15,16,6,0,37,0,4,14,0,18,15,20,20,0,55,14,0,14,69
03/09/2018,MSO,MT,ANM,WE,Federal Contract Tower,19,14,5,0,38,0,0,2,0,2,19,14,7,0,40,0,0,0,40
03/10/2018,MSO,MT,ANM,WE,Federal Contract Tower,14,14,3,0,31,0,0,34,0,34,14,14,37,0,65,26,0,26,91
03/11/2018,MSO,MT,ANM,WE,Federal Contract Tower,16,7,5,0,28,0,4,15,0,19,16,11,20,0,47,14,0,14,61
03/12/2018,MSO,MT,ANM,WE,Federal Contract Tower,13,15,14,0,42,0,0,24,0,24,13,15,38,0,66,32,0,32,98
03/13/2018,MSO,MT,ANM,WE,Federal Contract Tower,17,13,14,0,44,0,4,49,0,53,17,17,63,0,97,30,0,30,127
03/14/2018,MSO,MT,ANM,WE,Federal Contract Tower,10,15,15,0,40,0,0,8,0,8,10,15,23,0,48,44,0,44,92
03/15/2018,MSO,MT,ANM,WE,Federal Contract Tower,11,24,17,2,54,0,0,5,0,5,11,24,22,2,59,2,6,8,67
03/16/2018,MSO,MT,ANM,WE,Federal Contract Tower,21,13,16,0,50,0,4,27,0,31,21,17,43,0,81,18,0,18,99
03/17/2018,MSO,MT,ANM,WE,Federal Contract Tower,16,6,5,0,27,0,0,11,0,11,16,6,16,0,38,22,0,22,60
03/18/2018,MSO,MT,ANM,WE,Federal Contract Tower,17,9,5,0,31,0,0,0,0,0,17,9,5,0,31,0,0,0,31
03/19/2018,MSO,MT,ANM,WE,Federal Contract Tower,12,14,24,0,50,0,3,35,0,38,12,17,59,0,88,16,0,16,104
03/20/2018,MSO,MT,ANM,WE,Federal Contract Tower,14,21,24,0,59,0,8,35,2,45,14,29,59,2,104,18,0,18,122
03/21/2018,MSO,MT,ANM,WE,Federal Contract Tower,9,18,12,2,41,0,5,34,2,41,9,23,46,4,82,70,0,70,152
03/22/2018,MSO,MT,ANM,WE,Federal Contract Tower,14,18,12,0,44,0,2,20,0,22,14,20,32,0,66,0,0,0,66
03/23/2018,MSO,MT,ANM,WE,Federal Contract Tower,23,11,17,0,51,0,0,19,3,22,23,11,36,3,73,10,0,10,83
03/24/2018,MSO,MT,ANM,WE,Federal Contract Tower,17,4,3,0,24,0,4,8,0,12,17,8,11,0,36,0,0,0,36
03/25/2018,MSO,MT,ANM,WE,Federal Contract Tower,16,5,16,0,37,0,3,35,0,38,16,8,51,0,75,22,0,22,97
03/26/2018,MSO,MT,ANM,WE,Federal Contract Tower,14,17,13,0,44,0,3,23,0,26,14,20,36,0,70,14,0,14,84
03/27/2018,MSO,MT,ANM,WE,Federal Contract Tower,16,17,13,0,46,0,2,20,0,22,16,19,33,0,68,12,0,12,80
03/28/2018,MSO,MT,ANM,WE,Federal Contract Tower,10,19,10,0,39,0,2,15,0,17,10,21,25,0,56,8,0,8,64
03/29/2018,MSO,MT,ANM,WE,Federal Contract Tower,13,16,8,0,37,0,4,18,0,22,13,20,26,0,59,28,0,28,87
03/30/2018,MSO,MT,ANM,WE,Federal Contract Tower,16,15,9,0,40,0,0,6,0,6,16,15,15,0,46,0,0,0,46
03/31/2018,MSO,MT,ANM,WE,Federal Contract Tower,7,14,12,0,33,0,2,8,0,10,7,16,20,0,43,20,0,20,63
04/01/2018,MSO,MT,ANM,WE,Federal Contract Tower,10,17,1,0,28,0,6,5,0,11,10,23,6,0,39,36,0,36,75
04/02/2018,MSO,MT,ANM,WE,Federal Contract Tower,14,17,12,0,43,0,0,0,0,0,14,17,12,0,43,0,0,0,43
04/03/2018,MSO,MT,ANM,WE,Federal Contract Tower,10,19,17,0,46,0,2,27,0,29,10,21,44,0,75,72,0,72,147
04/04/2018,MSO,MT,ANM,WE,Federal Contract Tower,10,27,15,0,52,0,1,10,0,11,10,28,25,0,63,16,0,16,79
04/05/2018,MSO,MT,ANM,WE,Federal Contract Tower,11,20,8,0,39,0,0,3,0,3,11,20,11,0,42,16,0,16,58
04/06/2018,MSO,MT,ANM,WE,Federal Contract Tower,18,15,15,0,48,0,0,7,0,7,18,15,22,0,55,0,0,0,55
04/07/2018,MSO,MT,ANM,WE,Federal Contract Tower,16,10,2,0,28,0,4,12,0,16,16,14,14,0,44,22,0,22,66
04/08/2018,MSO,MT,ANM,WE,Federal Contract Tower,16,10,12,0,38,0,3,5,0,8,16,13,17,0,46,8,0,8,54
04/09/2018,MSO,MT,ANM,WE,Federal Contract Tower,15,14,23,0,52,0,1,44,0,45,15,15,67,0,97,58,0,58,155
04/10/2018,MSO,MT,ANM,WE,Federal Contract Tower,13,19,18,0,50,0,2,52,0,54,13,21,70,0,104,74,0,74,178
04/11/2018,MSO,MT,ANM,WE,Federal Contract Tower,13,16,15,0,44,0,0,20,0,20,13,16,35,0,64,62,0,62,126
04/12/2018,MSO,MT,ANM,WE,Federal Contract Tower,12,20,5,0,37,0,0,2,0,2,12,20,7,0,39,0,0,0,39
04/13/2018,MSO,MT,ANM,WE,Federal Contract Tower,19,9,27,10,65,0,5,55,12,72,19,14,82,22,137,38,18,56,193
04/14/2018,MSO,MT,ANM,WE,Federal Contract Tower,16,7,9,0,32,0,10,19,0,29,16,17,28,0,61,56,0,56,117
04/15/2018,MSO,MT,ANM,WE,Federal Contract Tower,17,7,11,0,35,0,8,13,0,21,17,15,24,0,56,82,0,82,138
04/16/2018,MSO,MT,ANM,WE,Federal Contract Tower,15,12,11,0,38,0,0,1,0,1,15,12,12,0,39,0,0,0,39
04/17/2018,MSO,MT,ANM,WE,Federal Contract Tower,14,14,15,0,43,0,0,20,0,20,14,14,35,0,63,46,0,46,109
04/18/2018,MSO,MT,ANM,WE,Federal Contract Tower,13,15,16,0,44,0,4,56,0,60,13,19,72,0,104,56,0,56,160
04/19/2018,MSO,MT,ANM,WE,Federal Contract Tower,14,16,19,3,52,0,3,69,0,72,14,19,88,3,124,36,0,36,160
04/20/2018,MSO,MT,ANM,WE,Federal Contract Tower,21,10,15,0,46,0,9,58,0,67,21,19,73,0,113,90,0,90,203
04/21/2018,MSO,MT,ANM,WE,Federal Contract Tower,14,6,7,0,27,0,10,7,0,17,14,16,14,0,44,14,0,14,58
04/23/2018,MSO,MT,ANM,WE,Federal Contract Tower,15,13,13,0,41,0,0,18,0,18,15,13,31,0,59,14,0,14,73
04/24/2018,MSO,MT,ANM,WE,Federal Contract Tower,11,12,6,0,29,0,6,36,0,42,11,18,42,0,71,77,0,77,148
04/25/2018,MSO,MT,ANM,WE,Federal Contract Tower,10,9,6,0,25,0,5,40,0,45,10,14,46,0,70,6,0,6,76
04/26/2018,MSO,MT,ANM,WE,Federal Contract Tower,12,6,6,0,24,0,6,28,0,34,12,12,34,0,58,18,0,18,76
04/27/2018,MSO,MT,ANM,WE,Federal Contract Tower,12,10,7,0,29,0,8,42,0,50,12,18,49,0,79,48,0,48,127
04/28/2018,MSO,MT,ANM,WE,Federal Contract Tower,12,6,5,0,23,0,5,18,0,23,12,11,23,0,46,44,0,44,90
04/29/2018,MSO,MT,ANM,WE,Federal Contract Tower,14,3,4,0,21,0,3,7,0,10,14,6,11,0,31,22,0,22,53
04/30/2018,MSO,MT,ANM,WE,Federal Contract Tower,14,1,10,0,25,0,0,4,0,4,14,1,14,0,29,10,0,10,39
05/01/2018,MSO,MT,ANM,WE,Federal Contract Tower,12,8,14,0,34,0,10,10,0,20,12,18,24,0,54,22,0,22,76
05/02/2018,MSO,MT,ANM,WE,Federal Contract Tower,14,18,16,0,48,0,3,59,0,62,14,21,75,0,110,34,0,34,144
05/03/2018,MSO,MT,ANM,WE,Federal Contract Tower,18,18,19,0,55,0,5,59,0,64,18,23,78,0,119,22,0,22,141
05/04/2018,MSO,MT,ANM,WE,Federal Contract Tower,16,17,8,0,41,0,6,45,0,51,16,23,53,0,92,26,0,26,118
05/05/2018,MSO,MT,ANM,WE,Federal Contract Tower,17,13,6,0,36,0,10,55,0,65,17,23,61,0,101,38,0,38,139
05/06/2018,MSO,MT,ANM,WE,Federal Contract Tower,18,5,7,0,30,0,0,27,0,27,18,5,34,0,57,42,0,42,99
05/07/2018,MSO,MT,ANM,WE,Federal Contract Tower,19,14,19,6,58,0,3,10,0,13,19,17,29,6,71,0,0,0,71
05/08/2018,MSO,MT,ANM,WE,Federal Contract Tower,15,16,17,12,60,0,11,62,0,73,15,27,79,12,133,48,0,48,181
05/09/2018,MSO,MT,ANM,WE,Federal Contract Tower,15,19,19,0,53,0,2,47,0,49,15,21,66,0,102,34,0,34,136
05/10/2018,MSO,MT,ANM,WE,Federal Contract Tower,15,27,14,0,56,0,3,26,0,29,15,30,40,0,85,48,0,48,133
05/11/2018,MSO,MT,ANM,WE,Federal Contract Tower,25,13,14,0,52,0,9,8,0,17,25,22,22,0,69,0,0,0,69
05/12/2018,MSO,MT,ANM,WE,Federal Contract Tower,19,7,5,0,31,0,11,30,0,41,19,18,35,0,72,6,0,6,78
05/13/2018,MSO,MT,ANM,WE,Federal Contract Tower,20,8,7,0,35,0,5,18,0,23,20,13,25,0,58,12,0,12,70
05/14/2018,MSO,MT,ANM,WE,Federal Contract Tower,18,16,12,0,46,0,1,35,0,36,18,17,47,0,82,36,0,36,118
05/15/2018,MSO,MT,ANM,WE,Federal Contract Tower,14,19,16,0,49,0,3,68,0,71,14,22,84,0,120,45,0,45,165
05/16/2018,MSO,MT,ANM,WE,Federal Contract Tower,16,19,11,0,46,0,3,20,0,23,16,22,31,0,69,7,0,7,76
05/17/2018,MSO,MT,ANM,WE,Federal Contract Tower,19,18,9,0,46,0,0,5,0,5,19,18,14,0,51,12,0,12,63
05/18/2018,MSO,MT,ANM,WE,Federal Contract Tower,24,11,18,0,53,0,9,11,0,20,24,20,29,0,73,10,0,10,83
05/19/2018,MSO,MT,ANM,WE,Federal Contract Tower,21,4,13,0,38,0,4,21,0,25,21,8,34,0,63,34,0,34,97
05/20/2018,MSO,MT,ANM,WE,Federal Contract Tower,20,8,14,0,42,0,1,43,0,44,20,9,57,0,86,14,0,14,100
05/21/2018,MSO,MT,ANM,WE,Federal Contract Tower,20,11,14,0,45,0,6,30,0,36,20,17,44,0,81,16,0,16,97
05/22/2018,MSO,MT,ANM,WE,Federal Contract Tower,15,20,11,0,46,0,5,47,0,52,15,25,58,0,98,12,0,12,110
05/23/2018,MSO,MT,ANM,WE,Federal Contract Tower,15,17,8,0,40,0,0,42,0,42,15,17,50,0,82,22,0,22,104
05/24/2018,MSO,MT,ANM,WE,Federal Contract Tower,17,21,18,0,56,0,7,42,0,49,17,28,60,0,105,10,0,10,115
05/25/2018,MSO,MT,ANM,WE,Federal Contract Tower,28,11,19,2,60,0,0,57,0,57,28,11,76,2,117,46,8,54,171
05/26/2018,MSO,MT,ANM,WE,Federal Contract Tower,14,6,10,1,31,0,9,15,1,25,14,15,25,2,56,24,0,24,80
05/27/2018,MSO,MT,ANM,WE,Federal Contract Tower,23,4,9,0,36,0,8,29,0,37,23,12,38,0,73,32,0,32,105
05/28/2018,MSO,MT,ANM,WE,Federal Contract Tower,21,9,10,0,40,0,6,21,0,27,21,15,31,0,67,24,0,24,91
05/29/2018,MSO,MT,ANM,WE,Federal Contract Tower,13,18,13,6,50,0,3,44,0,47,13,21,57,6,97,66,0,66,163
05/30/2018,MSO,MT,ANM,WE,Federal Contract Tower,18,16,6,0,40,0,4,42,0,46,18,20,48,0,86,22,0,22,108
05/31/2018,MSO,MT,ANM,WE,Federal Contract Tower,17,25,17,0,59,0,9,8,0,17,17,34,25,0,76,14,0,14,90
06/01/2018,MSO,MT,ANM,WE,Federal Contract Tower,26,9,13,0,48,0,10,11,0,21,26,19,24,0,69,8,0,8,77
06/02/2018,MSO,MT,ANM,WE,Federal Contract Tower,18,12,7,0,37,0,1,36,0,37,18,13,43,0,74,6,0,6,80
06/03/2018,MSO,MT,ANM,WE,Federal Contract Tower,20,12,11,0,43,0,1,52,0,53,20,13,63,0,96,10,0,10,106
06/04/2018,MSO,MT,ANM,WE,Federal Contract Tower,23,15,8,0,46,0,8,19,0,27,23,23,27,0,73,0,0,0,73
06/05/2018,MSO,MT,ANM,WE,Federal Contract Tower,14,15,6,0,35,0,0,37,0,37,14,15,43,0,72,20,0,20,92
06/06/2018,MSO,MT,ANM,WE,Federal Contract Tower,16,22,16,0,54,0,4,51,0,55,16,26,67,0,109,28,0,28,137
06/07/2018,MSO,MT,ANM,WE,Federal Contract Tower,24,25,5,0,54,0,3,27,6,36,24,28,32,6,90,8,12,20,110
06/08/2018,MSO,MT,ANM,WE,Federal Contract Tower,34,16,24,6,80,0,11,52,2,65,34,27,76,8,145,38,0,38,183
06/09/2018,MSO,MT,ANM,WE,Federal Contract Tower,35,14,20,0,69,0,0,20,0,20,35,14,40,0,89,6,0,6,95
06/10/2018,MSO,MT,ANM,WE,Federal Contract Tower,39,13,7,0,59,0,7,3,0,10,39,20,10,0,69,0,0,0,69
06/11/2018,MSO,MT,ANM,WE,Federal Contract Tower,36,17,14,0,67,0,0,7,0,7,36,17,21,0,74,6,0,6,80
06/12/2018,MSO,MT,ANM,WE,Federal Contract Tower,27,22,14,0,63,0,0,56,0,56,27,22,70,0,119,40,0,40,159
06/13/2018,MSO,MT,ANM,WE,Federal Contract Tower,29,25,16,0,70,1,5,65,0,71,30,30,81,0,141,28,0,28,169
06/14/2018,MSO,MT,ANM,WE,Federal Contract Tower,33,18,37,2,90,0,1,170,0,171,33,19,207,2,261,0,0,0,261
06/15/2018,MSO,MT,ANM,WE,Federal Contract Tower,32,20,50,0,102,0,3,220,0,223,32,23,270,0,325,0,0,0,325
06/16/2018,MSO,MT,ANM,WE,Federal Contract Tower,34,18,30,0,82,0,0,22,0,22,34,18,52,0,104,0,0,0,104
06/17/2018,MSO,MT,ANM,WE,Federal Contract Tower,41,9,31,0,81,0,2,165,0,167,41,11,196,0,248,0,0,0,248
06/18/2018,MSO,MT,ANM,WE,Federal Contract Tower,37,12,25,0,74,0,2,0,0,2,37,14,25,0,76,18,0,18,94
06/19/2018,MSO,MT,ANM,WE,Federal Contract Tower,30,24,13,0,67,0,2,23,0,25,30,26,36,0,92,40,0,40,132
06/20/2018,MSO,MT,ANM,WE,Federal Contract Tower,36,19,16,0,71,0,1,90,3,94,36,20,106,3,165,40,0,40,205
06/21/2018,MSO,MT,ANM,WE,Federal Contract Tower,30,23,12,0,65,0,6,20,0,26,30,29,32,0,91,24,0,24,115
06/22/2018,MSO,MT,ANM,WE,Federal Contract Tower,34,22,12,0,68,0,0,37,1,38,34,22,49,1,106,18,0,18,124
06/23/2018,MSO,MT,ANM,WE,Federal Contract Tower,39,9,7,0,55,0,6,2,0,8,39,15,9,0,63,0,0,0,63
06/24/2018,MSO,MT,ANM,WE,Federal Contract Tower,36,19,14,0,69,0,15,62,0,77,36,34,76,0,146,50,0,50,196
06/25/2018,MSO,MT,ANM,WE,Federal Contract Tower,39,10,21,0,70,0,4,43,1,48,39,14,64,1,118,48,0,48,166
06/26/2018,MSO,MT,ANM,WE,Federal Contract Tower,32,16,26,0,74,0,11,38,0,49,32,27,64,0,123,0,0,0,123
06/27/2018,MSO,MT,ANM,WE,Federal Contract Tower,35,15,11,0,61,0,5,32,1,38,35,20,43,1,99,21,0,21,120
06/28/2018,MSO,MT,ANM,WE,Federal Contract Tower,33,20,6,0,59,0,6,34,4,44,33,26,40,4,103,16,0,16,119
06/29/2018,MSO,MT,ANM,WE,Federal Contract Tower,40,28,14,0,82,0,5,37,0,42,40,33,51,0,124,12,0,12,136
06/30/2018,MSO,MT,ANM,WE,Federal Contract Tower,33,19,11,0,63,0,2,38,0,40,33,21,49,0,103,6,0,6,109
07/01/2018,MSO,MT,ANM,WE,Federal Contract Tower,35,19,14,0,68,0,10,22,0,32,35,29,36,0,100,6,0,6,106
07/02/2018,MSO,MT,ANM,WE,Federal Contract Tower,38,12,22,0,72,0,5,20,0,25,38,17,42,0,97,18,0,18,115
07/03/2018,MSO,MT,ANM,WE,Federal Contract Tower,33,15,16,0,64,0,11,28,0,39,33,26,44,0,103,24,0,24,127
07/04/2018,MSO,MT,ANM,WE,Federal Contract Tower,29,5,2,0,36,0,6,37,0,43,29,11,39,0,79,2,0,2,81
07/05/2018,MSO,MT,ANM,WE,Federal Contract Tower,29,17,13,0,59,0,6,29,0,35,29,23,42,0,94,20,0,20,114
07/06/2018,MSO,MT,ANM,WE,Federal Contract Tower,40,12,18,0,70,0,8,32,0,40,40,20,50,0,110,0,0,0,110
07/07/2018,MSO,MT,ANM,WE,Federal Contract Tower,41,8,8,0,57,0,2,48,0,50,41,10,56,0,107,12,0,12,119
07/08/2018,MSO,MT,ANM,WE,Federal Contract Tower,36,12,14,1,63,0,3,44,0,47,36,15,58,1,110,8,0,8,118
07/09/2018,MSO,MT,ANM,WE,Federal Contract Tower,35,11,22,0,68,0,1,43,0,44,35,12,65,0,112,8,0,8,120
07/10/2018,MSO,MT,ANM,WE,Federal Contract Tower,31,20,18,0,69,0,1,29,0,30,31,21,47,0,99,4,0,4,103
07/11/2018,MSO,MT,ANM,WE,Federal Contract Tower,33,26,21,0,80,0,3,31,0,34,33,29,52,0,114,4,0,4,118
07/12/2018,MSO,MT,ANM,WE,Federal Contract Tower,30,19,15,0,64,0,4,48,1,53,30,23,63,1,117,16,0,16,133
07/13/2018,MSO,MT,ANM,WE,Federal Contract Tower,35,18,21,0,74,0,11,45,2,58,35,29,66,2,132,12,0,12,144
07/14/2018,MSO,MT,ANM,WE,Federal Contract Tower,36,12,14,0,62,0,6,43,3,52,36,18,57,3,114,0,0,0,114
07/15/2018,MSO,MT,ANM,WE,Federal Contract Tower,35,15,6,0,56,0,4,40,4,48,35,19,46,4,104,12,0,12,116
07/16/2018,MSO,MT,ANM,WE,Federal Contract Tower,35,16,18,0,69,0,2,36,0,38,35,18,54,0,107,18,0,18,125
07/17/2018,MSO,MT,ANM,WE,Federal Contract Tower,32,23,26,0,81,0,3,31,1,35,32,26,57,1,116,18,0,18,134
07/18/2018,MSO,MT,ANM,WE,Federal Contract Tower,31,22,15,1,69,0,4,70,0,74,31,26,85,1,143,14,0,14,157
07/19/2018,MSO,MT,ANM,WE,Federal Contract Tower,31,20,18,0,69,0,11,80,0,91,31,31,98,0,160,48,0,48,208
07/20/2018,MSO,MT,ANM,WE,Federal Contract Tower,29,24,17,0,70,0,1,58,0,59,29,25,75,0,129,28,0,28,157
07/21/2018,MSO,MT,ANM,WE,Federal Contract Tower,33,23,14,4,74,0,7,43,2,52,33,30,57,6,126,26,2,28,154
07/22/2018,MSO,MT,ANM,WE,Federal Contract Tower,33,24,18,2,77,0,0,35,0,35,33,24,53,2,112,13,0,13,125
07/23/2018,MSO,MT,ANM,WE,Federal Contract Tower,34,17,12,0,63,0,2,29,0,31,34,19,41,0,94,10,0,10,104
07/24/2018,MSO,MT,ANM,WE,Federal Contract Tower,29,24,12,0,65,0,4,31,0,35,29,28,43,0,100,0,0,0,100
07/25/2018,MSO,MT,ANM,WE,Federal Contract Tower,31,21,9,0,61,0,1,41,2,44,31,22,50,2,105,22,0,22,127
07/26/2018,MSO,MT,ANM,WE,Federal Contract Tower,33,27,25,3,88,0,7,50,4,61,33,34,75,7,149,10,0,10,159
07/27/2018,MSO,MT,ANM,WE,Federal Contract Tower,39,21,13,1,74,0,14,54,2,70,39,35,67,3,144,42,0,42,186
07/28/2018,MSO,MT,ANM,WE,Federal Contract Tower,39,10,20,0,69,0,10,52,0,62,39,20,72,0,131,6,0,6,137
07/29/2018,MSO,MT,ANM,WE,Federal Contract Tower,34,18,12,0,64,0,5,44,4,53,34,23,56,4,117,12,0,12,129
07/30/2018,MSO,MT,ANM,WE,Federal Contract Tower,35,24,13,0,72,0,10,72,0,82,35,34,85,0,154,12,0,12,166
07/31/2018,MSO,MT,ANM,WE,Federal Contract Tower,29,17,13,0,59,0,4,40,0,44,29,21,53,0,103,28,0,28,131
08/01/2018,MSO,MT,ANM,WE,Federal Contract Tower,29,26,16,0,71,0,1,61,0,62,29,27,77,0,133,16,0,16,149
08/02/2018,MSO,MT,ANM,WE,Federal Contract Tower,30,22,20,0,72,0,2,59,0,61,30,24,79,0,133,26,0,26,159
08/03/2018,MSO,MT,ANM,WE,Federal Contract Tower,38,16,17,1,72,0,9,92,0,101,38,25,109,1,173,22,6,28,201
08/04/2018,MSO,MT,ANM,WE,Federal Contract Tower,40,11,10,2,63,0,1,78,0,79,40,12,88,2,142,58,0,58,200
08/05/2018,MSO,MT,ANM,WE,Federal Contract Tower,39,15,10,0,64,0,5,43,0,48,39,20,53,0,112,8,0,8,120
08/06/2018,MSO,MT,ANM,WE,Federal Contract Tower,32,17,12,1,62,0,4,56,0,60,32,21,68,1,122,20,0,20,142
08/07/2018,MSO,MT,ANM,WE,Federal Contract Tower,29,16,12,0,57,0,7,66,0,73,29,23,78,0,130,60,0,60,190
08/08/2018,MSO,MT,ANM,WE,Federal Contract Tower,38,13,20,0,71,0,10,41,0,51,38,23,61,0,122,46,0,46,168
08/09/2018,MSO,MT,ANM,WE,Federal Contract Tower,31,21,19,3,74,0,1,60,3,64,31,22,79,6,138,48,30,78,216
08/10/2018,MSO,MT,ANM,WE,Federal Contract Tower,37,15,16,0,68,0,15,58,2,75,37,30,74,2,143,8,0,8,151
08/11/2018,MSO,MT,ANM,WE,Federal Contract Tower,34,19,21,0,74,0,12,42,0,54,34,31,63,0,128,20,0,20,148
08/12/2018,MSO,MT,ANM,WE,Federal Contract Tower,39,15,15,0,69,0,10,58,0,68,39,25,73,0,137,8,0,8,145
08/13/2018,MSO,MT,ANM,WE,Federal Contract Tower,39,16,23,0,78,0,6,69,0,75,39,22,92,0,153,8,0,8,161
08/14/2018,MSO,MT,ANM,WE,Federal Contract Tower,30,18,24,0,72,0,7,63,0,70,30,25,87,0,142,42,0,42,184
08/15/2018,MSO,MT,ANM,WE,Federal Contract Tower,30,17,15,0,62,0,2,48,0,50,30,19,63,0,112,84,0,84,196
08/16/2018,MSO,MT,ANM,WE,Federal Contract Tower,32,23,38,0,93,0,4,28,0,32,32,27,66,0,125,14,0,14,139
08/17/2018,MSO,MT,ANM,WE,Federal Contract Tower,38,15,17,0,70,0,0,15,2,17,38,15,32,2,87,0,0,0,87
08/18/2018,MSO,MT,ANM,WE,Federal Contract Tower,40,8,4,0,52,0,7,52,2,61,40,15,56,2,113,46,0,46,159
08/19/2018,MSO,MT,ANM,WE,Federal Contract Tower,32,15,22,0,69,0,2,20,0,22,32,17,42,0,91,8,0,8,99
08/20/2018,MSO,MT,ANM,WE,Federal Contract Tower,37,12,29,0,78,0,0,12,0,12,37,12,41,0,90,0,0,0,90
08/21/2018,MSO,MT,ANM,WE,Federal Contract Tower,23,25,22,0,70,0,6,27,0,33,23,31,49,0,103,2,0,2,105
08/22/2018,MSO,MT,ANM,WE,Federal Contract Tower,24,20,19,0,63,0,10,33,0,43,24,30,52,0,106,14,0,14,120
08/23/2018,MSO,MT,ANM,WE,Federal Contract Tower,28,20,25,1,74,0,0,25,1,26,28,20,50,2,100,14,0,14,114
08/24/2018,MSO,MT,ANM,WE,Federal Contract Tower,35,12,13,1,61,0,10,23,0,33,35,22,36,1,94,42,0,42,136
08/25/2018,MSO,MT,ANM,WE,Federal Contract Tower,28,13,5,0,46,0,3,40,0,43,28,16,45,0,89,46,0,46,135
08/26/2018,MSO,MT,ANM,WE,Federal Contract Tower,31,11,19,0,61,0,0,17,0,17,31,11,36,0,78,22,0,22,100
08/27/2018,MSO,MT,ANM,WE,Federal Contract Tower,31,16,18,2,67,0,0,8,0,8,31,16,26,2,75,12,0,12,87
08/28/2018,MSO,MT,ANM,WE,Federal Contract Tower,27,11,15,0,53,0,10,26,0,36,27,21,41,0,89,18,0,18,107
08/29/2018,MSO,MT,ANM,WE,Federal Contract Tower,25,17,8,4,54,0,0,42,0,42,25,17,50,4,96,36,0,36,132
08/30/2018,MSO,MT,ANM,WE,Federal Contract Tower,25,25,18,0,68,0,5,44,0,49,25,30,62,0,117,26,0,26,143
08/31/2018,MSO,MT,ANM,WE,Federal Contract Tower,36,15,17,0,68,0,0,46,0,46,36,15,63,0,114,28,0,28,142
09/01/2018,MSO,MT,ANM,WE,Federal Contract Tower,29,9,5,0,43,0,3,50,0,53,29,12,55,0,96,44,0,44,140
09/02/2018,MSO,MT,ANM,WE,Federal Contract Tower,28,5,8,0,41,0,6,29,0,35,28,11,37,0,76,0,0,0,76
09/03/2018,MSO,MT,ANM,WE,Federal Contract Tower,29,14,14,0,57,0,7,40,0,47,29,21,54,0,104,38,0,38,142
09/04/2018,MSO,MT,ANM,WE,Federal Contract Tower,25,18,18,2,63,0,5,27,0,32,25,23,45,2,95,46,0,46,141
09/05/2018,MSO,MT,ANM,WE,Federal Contract Tower,23,18,9,0,50,0,3,42,0,45,23,21,51,0,95,34,0,34,129
09/06/2018,MSO,MT,ANM,WE,Federal Contract Tower,24,13,5,0,42,0,2,38,1,41,24,15,43,1,83,16,0,16,99
09/07/2018,MSO,MT,ANM,WE,Federal Contract Tower,29,13,11,0,53,0,7,42,1,50,29,20,53,1,103,12,0,12,115
09/08/2018,MSO,MT,ANM,WE,Federal Contract Tower,23,11,9,0,43,0,6,41,0,47,23,17,50,0,90,4,0,4,94
09/09/2018,MSO,MT,ANM,WE,Federal Contract Tower,26,3,13,0,42,0,2,41,0,43,26,5,54,0,85,2,0,2,87
09/10/2018,MSO,MT,ANM,WE,Federal Contract Tower,25,12,10,0,47,0,10,25,0,35,25,22,35,0,82,6,0,6,88
09/11/2018,MSO,MT,ANM,WE,Federal Contract Tower,20,15,14,0,49,0,3,30,0,33,20,18,44,0,82,26,0,26,108
09/12/2018,MSO,MT,ANM,WE,Federal Contract Tower,26,19,12,4,61,0,0,33,0,33,26,19,45,4,94,34,0,34,128
09/13/2018,MSO,MT,ANM,WE,Federal Contract Tower,22,16,9,0,47,0,4,22,0,26,22,20,31,0,73,4,0,4,77
09/14/2018,MSO,MT,ANM,WE,Federal Contract Tower,28,13,11,0,52,0,5,49,0,54,28,18,60,0,106,54,0,54,160
09/15/2018,MSO,MT,ANM,WE,Federal Contract Tower,23,12,9,0,44,0,2,35,0,37,23,14,44,0,81,4,0,4,85
09/16/2018,MSO,MT,ANM,WE,Federal Contract Tower,24,11,16,0,51,0,5,29,0,34,24,16,45,0,85,19,0,19,104
09/17/2018,MSO,MT,ANM,WE,Federal Contract Tower,26,9,12,2,49,0,3,39,0,42,26,12,51,2,91,8,0,8,99
09/18/2018,MSO,MT,ANM,WE,Federal Contract Tower,22,15,15,2,54,0,9,26,1,36,22,24,41,3,90,25,0,25,115
09/19/2018,MSO,MT,ANM,WE,Federal Contract Tower,22,17,15,8,62,0,0,32,1,33,22,17,47,9,95,12,18,30,125
09/20/2018,MSO,MT,ANM,WE,Federal Contract Tower,21,13,22,0,56,0,0,17,0,17,21,13,39,0,73,26,0,26,99
09/21/2018,MSO,MT,ANM,WE,Federal Contract Tower,30,11,17,2,60,0,10,45,0,55,30,21,62,2,115,62,12,74,189
09/22/2018,MSO,MT,ANM,WE,Federal Contract Tower,23,10,7,0,40,0,0,23,0,23,23,10,30,0,63,52,0,52,115
09/23/2018,MSO,MT,ANM,WE,Federal Contract Tower,27,8,7,0,42,0,4,6,0,10,27,12,13,0,52,22,0,22,74
09/24/2018,MSO,MT,ANM,WE,Federal Contract Tower,26,9,18,0,53,0,2,18,0,20,26,11,36,0,73,20,0,20,93
09/25/2018,MSO,MT,ANM,WE,Federal Contract Tower,22,11,20,0,53,0,8,61,0,69,22,19,81,0,122,28,0,28,150
09/26/2018,MSO,MT,ANM,WE,Federal Contract Tower,19,15,9,0,43,0,4,42,0,46,19,19,51,0,89,26,0,26,115
09/27/2018,MSO,MT,ANM,WE,Federal Contract Tower,22,17,26,0,65,0,5,35,0,40,22,22,61,0,105,42,0,42,147
09/28/2018,MSO,MT,ANM,WE,Federal Contract Tower,32,12,15,1,60,0,2,38,0,40,32,14,53,1,100,40,0,40,140
09/29/2018,MSO,MT,ANM,WE,Federal Contract Tower,22,9,11,0,42,0,7,38,0,45,22,16,49,0,87,28,0,28,115
09/30/2018,MSO,MT,ANM,WE,Federal Contract Tower,27,12,12,1,52,0,1,7,0,8,27,13,19,1,60,16,0,16,76
10/01/2018,MSO,MT,ANM,WE,Federal Contract Tower,27,13,14,0,54,0,1,31,0,32,27,14,45,0,86,24,0,24,110
10/02/2018,MSO,MT,ANM,WE,Federal Contract Tower,21,20,14,0,55,0,4,13,0,17,21,24,27,0,72,26,0,26,98
10/03/2018,MSO,MT,ANM,WE,Federal Contract Tower,23,14,13,0,50,0,2,37,0,39,23,16,50,0,89,38,0,38,127
10/04/2018,MSO,MT,ANM,WE,Federal Contract Tower,23,18,14,0,55,0,0,6,0,6,23,18,20,0,61,56,0,56,117
10/05/2018,MSO,MT,ANM,WE,Federal Contract Tower,26,14,24,0,64,0,5,36,0,41,26,19,60,0,105,56,0,56,161
10/06/2018,MSO,MT,ANM,WE,Federal Contract Tower,21,8,15,0,44,0,2,21,0,23,21,10,36,0,67,6,0,6,73
10/07/2018,MSO,MT,ANM,WE,Federal Contract Tower,25,6,14,0,45,0,3,17,0,20,25,9,31,0,65,14,0,14,79
10/08/2018,MSO,MT,ANM,WE,Federal Contract Tower,27,12,17,0,56,0,1,17,0,18,27,13,34,0,74,22,0,22,96
10/09/2018,MSO,MT,ANM,WE,Federal Contract Tower,23,16,7,8,54,0,0,2,0,2,23,16,9,8,56,4,0,4,60
10/10/2018,MSO,MT,ANM,WE,Federal Contract Tower,24,11,1,0,36,0,3,14,0,17,24,14,15,0,53,60,0,60,113
10/11/2018,MSO,MT,ANM,WE,Federal Contract Tower,24,14,15,0,53,0,4,28,1,33,24,18,43,1,86,28,0,28,114
10/12/2018,MSO,MT,ANM,WE,Federal Contract Tower,29,12,19,0,60,0,0,33,0,33,29,12,52,0,93,16,0,16,109
10/13/2018,MSO,MT,ANM,WE,Federal Contract Tower,21,9,6,0,36,0,4,5,0,9,21,13,11,0,45,30,0,30,75
10/14/2018,MSO,MT,ANM,WE,Federal Contract Tower,23,10,14,0,47,0,8,15,0,23,23,18,29,0,70,0,0,0,70
10/15/2018,MSO,MT,ANM,WE,Federal Contract Tower,24,7,10,1,42,0,11,31,6,48,24,18,41,7,90,48,0,48,138
10/16/2018,MSO,MT,ANM,WE,Federal Contract Tower,22,19,10,8,59,0,8,36,2,46,22,27,46,10,105,34,10,44,149
10/17/2018,MSO,MT,ANM,WE,Federal Contract Tower,25,11,15,1,52,0,5,39,0,44,25,16,54,1,96,10,0,10,106
10/18/2018,MSO,MT,ANM,WE,Federal Contract Tower,25,19,19,2,65,0,8,15,0,23,25,27,34,2,88,0,0,0,88
10/19/2018,MSO,MT,ANM,WE,Federal Contract Tower,29,11,13,2,55,0,12,50,0,62,29,23,63,2,117,22,0,22,139
10/20/2018,MSO,MT,ANM,WE,Federal Contract Tower,22,6,1,0,29,0,2,41,0,43,22,8,42,0,72,20,0,20,92
10/21/2018,MSO,MT,ANM,WE,Federal Contract Tower,25,7,12,0,44,0,2,30,3,35,25,9,42,3,79,10,0,10,89
10/23/2018,MSO,MT,ANM,WE,Federal Contract Tower,28,11,13,0,52,0,5,40,0,45,28,16,53,0,97,30,0,30,127
10/24/2018,MSO,MT,ANM,WE,Federal Contract Tower,22,14,7,0,43,0,12,29,0,41,22,26,36,0,84,12,0,12,96
10/25/2018,MSO,MT,ANM,WE,Federal Contract Tower,24,12,11,0,47,0,2,33,0,35,24,14,44,0,82,22,0,22,104
10/26/2018,MSO,MT,ANM,WE,Federal Contract Tower,29,9,15,0,53,0,0,3,0,3,29,9,18,0,56,6,0,6,62
10/27/2018,MSO,MT,ANM,WE,Federal Contract Tower,19,10,6,4,39,0,4,21,3,28,19,14,27,7,67,40,0,40,107
10/28/2018,MSO,MT,ANM,WE,Federal Contract Tower,26,2,10,2,40,0,3,7,0,10,26,5,17,2,50,14,0,14,64
10/29/2018,MSO,MT,ANM,WE,Federal Contract Tower,27,5,11,1,44,0,0,2,0,2,27,5,13,1,46,0,0,0,46
10/30/2018,MSO,MT,ANM,WE,Federal Contract Tower,20,9,7,1,37,0,2,8,0,10,20,11,15,1,47,2,0,2,49
10/31/2018,MSO,MT,ANM,WE,Federal Contract Tower,20,10,11,0,41,0,0,4,1,5,20,10,15,1,46,6,2,8,54
11/01/2018,MSO,MT,ANM,WE,Federal Contract Tower,22,11,16,0,49,0,1,1,0,2,22,12,17,0,51,34,0,34,85
11/02/2018,MSO,MT,ANM,WE,Federal Contract Tower,31,9,14,4,58,0,0,7,0,7,31,9,21,4,65,22,0,22,87
11/03/2018,MSO,MT,ANM,WE,Federal Contract Tower,26,2,3,0,31,0,0,21,0,21,26,2,24,0,52,60,0,60,112
11/04/2018,MSO,MT,ANM,WE,Federal Contract Tower,25,4,7,0,36,0,3,0,0,3,25,7,7,0,39,4,0,4,43
11/05/2018,MSO,MT,ANM,WE,Federal Contract Tower,23,8,15,0,46,0,9,5,0,14,23,17,20,0,60,42,0,42,102
11/06/2018,MSO,MT,ANM,WE,Federal Contract Tower,23,14,3,0,40,0,0,2,0,2,23,14,5,0,42,0,0,0,42
11/07/2018,MSO,MT,ANM,WE,Federal Contract Tower,24,17,9,0,50,0,0,1,0,1,24,17,10,0,51,2,0,2,53
11/08/2018,MSO,MT,ANM,WE,Federal Contract Tower,23,18,12,0,53,0,3,10,0,13,23,21,22,0,66,32,0,32,98
11/09/2018,MSO,MT,ANM,WE,Federal Contract Tower,28,9,8,0,45,0,1,11,3,15,28,10,19,3,60,52,2,54,114
11/10/2018,MSO,MT,ANM,WE,Federal Contract Tower,24,7,6,0,37,0,4,3,0,7,24,11,9,0,44,0,0,0,44
11/11/2018,MSO,MT,ANM,WE,Federal Contract Tower,23,6,7,0,36,0,0,1,0,1,23,6,8,0,37,0,0,0,37
11/12/2018,MSO,MT,ANM,WE,Federal Contract Tower,25,7,11,0,43,0,0,30,0,30,25,7,41,0,73,42,0,42,115
11/13/2018,MSO,MT,ANM,WE,Federal Contract Tower,22,12,24,0,58,0,7,24,0,31,22,19,48,0,89,8,0,8,97
11/14/2018,MSO,MT,ANM,WE,Federal Contract Tower,22,14,15,0,51,0,4,22,0,26,22,18,37,0,77,54,0,54,131
11/15/2018,MSO,MT,ANM,WE,Federal Contract Tower,22,12,18,0,52,0,2,19,0,21,22,14,37,0,73,78,0,78,151
11/16/2018,MSO,MT,ANM,WE,Federal Contract Tower,30,15,21,6,72,0,0,2,0,2,30,15,23,6,74,36,0,36,110
11/17/2018,MSO,MT,ANM,WE,Federal Contract Tower,21,7,8,0,36,0,0,36,4,40,21,7,44,4,76,46,0,46,122
11/18/2018,MSO,MT,ANM,WE,Federal Contract Tower,25,7,15,0,47,0,6,31,3,40,25,13,46,3,87,32,0,32,119
11/19/2018,MSO,MT,ANM,WE,Federal Contract Tower,24,8,6,0,38,0,8,26,2,36,24,16,32,2,74,40,0,40,114
11/20/2018,MSO,MT,ANM,WE,Federal Contract Tower,23,17,12,0,52,0,18,16,0,34,23,35,28,0,86,20,0,20,106
11/21/2018,MSO,MT,ANM,WE,Federal Contract Tower,24,16,15,0,55,0,0,16,0,16,24,16,31,0,71,20,0,20,91
11/22/2018,MSO,MT,ANM,WE,Federal Contract Tower,17,6,1,0,24,0,2,5,0,7,17,8,6,0,31,16,0,16,47
11/23/2018,MSO,MT,ANM,WE,Federal Contract Tower,18,9,8,0,35,0,2,7,0,9,18,11,15,0,44,10,0,10,54
11/24/2018,MSO,MT,ANM,WE,Federal Contract Tower,27,10,7,0,44,0,0,2,0,2,27,10,9,0,46,10,0,10,56
11/25/2018,MSO,MT,ANM,WE,Federal Contract Tower,31,7,13,0,51,0,4,17,0,21,31,11,30,0,72,12,0,12,84
11/26/2018,MSO,MT,ANM,WE,Federal Contract Tower,24,15,16,0,55,0,0,3,0,3,24,15,19,0,58,28,0,28,86
11/27/2018,MSO,MT,ANM,WE,Federal Contract Tower,16,14,11,0,41,0,0,4,0,4,16,14,15,0,45,0,0,0,45
11/28/2018,MSO,MT,ANM,WE,Federal Contract Tower,11,20,9,0,40,0,0,0,0,0,11,20,9,0,40,0,0,0,40
11/29/2018,MSO,MT,ANM,WE,Federal Contract Tower,20,13,11,1,45,0,4,13,0,17,20,17,24,1,62,18,0,18,80
11/30/2018,MSO,MT,ANM,WE,Federal Contract Tower,26,11,12,0,49,0,0,1,0,1,26,11,13,0,50,8,0,8,58
12/01/2018,MSO,MT,ANM,WE,Federal Contract Tower,19,8,3,0,30,0,2,1,0,3,19,10,4,0,33,0,0,0,33
12/02/2018,MSO,MT,ANM,WE,Federal Contract Tower,21,14,15,0,50,0,0,6,0,6,21,14,21,0,56,41,0,41,97
12/03/2018,MSO,MT,ANM,WE,Federal Contract Tower,18,9,21,0,48,0,0,2,0,2,18,9,23,0,50,8,0,8,58
12/04/2018,MSO,MT,ANM,WE,Federal Contract Tower,16,12,10,0,38,0,2,17,0,19,16,14,27,0,57,0,0,0,57
12/05/2018,MSO,MT,ANM,WE,Federal Contract Tower,18,14,11,0,43,0,0,29,0,29,18,14,40,0,72,12,0,12,84
12/06/2018,MSO,MT,ANM,WE,Federal Contract Tower,20,18,7,2,47,0,0,35,0,35,20,18,42,2,82,24,0,24,106
12/07/2018,MSO,MT,ANM,WE,Federal Contract Tower,23,9,16,0,48,0,4,27,0,31,23,13,43,0,79,42,0,42,121
12/08/2018,MSO,MT,ANM,WE,Federal Contract Tower,17,3,7,0,27,0,10,19,0,29,17,13,26,0,56,46,0,46,102
12/09/2018,MSO,MT,ANM,WE,Federal Contract Tower,24,6,11,0,41,0,5,10,0,15,24,11,21,0,56,72,0,72,128
12/10/2018,MSO,MT,ANM,WE,Federal Contract Tower,20,10,13,0,43,0,14,6,0,20,20,24,19,0,63,58,0,58,121
12/11/2018,MSO,MT,ANM,WE,Federal Contract Tower,17,15,15,0,47,0,7,17,0,24,17,22,32,0,71,40,0,40,111
12/12/2018,MSO,MT,ANM,WE,Federal Contract Tower,19,21,12,0,52,0,0,2,0,2,19,21,14,0,54,0,0,0,54
12/13/2018,MSO,MT,ANM,WE,Federal Contract Tower,20,16,11,0,47,0,1,18,0,19,20,17,29,0,66,18,0,18,84
12/14/2018,MSO,MT,ANM,WE,Federal Contract Tower,25,8,8,0,41,0,0,20,0,20,25,8,28,0,61,20,0,20,81
12/15/2018,MSO,MT,ANM,WE,Federal Contract Tower,21,3,6,0,30,0,4,15,0,19,21,7,21,0,49,18,0,18,67
12/16/2018,MSO,MT,ANM,WE,Federal Contract Tower,25,7,5,0,37,0,0,20,0,20,25,7,25,0,57,50,0,50,107
12/17/2018,MSO,MT,ANM,WE,Federal Contract Tower,21,9,3,0,33,0,3,2,0,5,21,12,5,0,38,54,0,54,92
12/18/2018,MSO,MT,ANM,WE,Federal Contract Tower,21,18,15,0,54,0,2,2,0,4,21,20,17,0,58,26,0,26,84
12/19/2018,MSO,MT,ANM,WE,Federal Contract Tower,23,18,8,0,49,0,1,14,4,19,23,19,22,4,68,6,20,26,94
12/20/2018,MSO,MT,ANM,WE,Federal Contract Tower,21,23,13,2,59,0,0,18,0,18,21,23,31,2,77,8,4,12,89
12/21/2018,MSO,MT,ANM,WE,Federal Contract Tower,25,22,15,0,62,0,2,11,0,13,25,24,26,0,75,38,0,38,113
12/22/2018,MSO,MT,ANM,WE,Federal Contract Tower,27,12,8,0,47,0,0,15,0,15,27,12,23,0,62,16,0,16,78
12/23/2018,MSO,MT,ANM,WE,Federal Contract Tower,29,9,8,0,46,0,4,7,0,11,29,13,15,0,57,58,0,58,115
12/24/2018,MSO,MT,ANM,WE,Federal Contract Tower,29,2,0,0,31,0,0,0,0,0,29,2,0,0,31,0,0,0,31
12/25/2018,MSO,MT,ANM,WE,Federal Contract Tower,26,2,1,0,29,0,0,0,0,0,26,2,1,0,29,0,0,0,29
12/26/2018,MSO,MT,ANM,WE,Federal Contract Tower,27,18,12,0,57,0,2,7,0,9,27,20,19,0,66,8,0,8,74
12/27/2018,MSO,MT,ANM,WE,Federal Contract Tower,29,11,10,0,50,0,2,0,0,2,29,13,10,0,52,0,0,0,52
12/28/2018,MSO,MT,ANM,WE,Federal Contract Tower,30,14,14,0,58,0,0,7,0,7,30,14,21,0,65,10,0,10,75
12/29/2018,MSO,MT,ANM,WE,Federal Contract Tower,31,5,4,0,40,0,0,2,0,2,31,5,6,0,42,24,0,24,66
12/30/2018,MSO,MT,ANM,WE,Federal Contract Tower,33,11,8,0,52,0,0,0,0,0,33,11,8,0,52,0,0,0,52
12/31/2018,MSO,MT,ANM,WE,Federal Contract Tower,31,7,12,0,50,0,2,22,0,24,31,9,34,0,74,12,0,12,86
01/01/2019,MSO,MT,ANM,WE,Federal Contract Tower,25,7,5,0,37,0,0,0,0,0,25,7,5,0,37,0,0,0,37
01/02/2019,MSO,MT,ANM,WE,Federal Contract Tower,30,12,10,3,55,0,1,10,1,12,30,13,20,4,67,28,0,28,95
01/03/2019,MSO,MT,ANM,WE,Federal Contract Tower,24,19,12,10,65,0,0,13,4,17,24,19,25,14,82,18,2,20,102
01/04/2019,MSO,MT,ANM,WE,Federal Contract Tower,27,11,7,0,45,0,10,18,0,28,27,21,25,0,73,6,0,6,79
01/05/2019,MSO,MT,ANM,WE,Federal Contract Tower,23,5,7,0,35,0,0,29,0,29,23,5,36,0,64,34,0,34,98
01/06/2019,MSO,MT,ANM,WE,Federal Contract Tower,26,5,8,0,39,0,0,1,0,1,26,5,9,0,40,6,0,6,46
01/07/2019,MSO,MT,ANM,WE,Federal Contract Tower,21,6,4,0,31,0,3,4,0,7,21,9,8,0,38,0,0,0,38
01/08/2019,MSO,MT,ANM,WE,Federal Contract Tower,22,10,8,2,42,0,4,16,0,20,22,14,24,2,62,2,0,2,64
01/09/2019,MSO,MT,ANM,WE,Federal Contract Tower,20,6,4,2,32,0,1,11,0,12,20,7,15,2,44,44,30,74,118
01/10/2019,MSO,MT,ANM,WE,Federal Contract Tower,24,8,10,0,42,0,0,8,0,8,24,8,18,0,50,68,0,68,118
01/11/2019,MSO,MT,ANM,WE,Federal Contract Tower,25,8,5,0,38,0,3,9,0,12,25,11,14,0,50,34,0,34,84
01/12/2019,MSO,MT,ANM,WE,Federal Contract Tower,18,5,1,0,24,0,0,0,0,0,18,5,1,0,24,0,0,0,24
01/13/2019,MSO,MT,ANM,WE,Federal Contract Tower,23,8,13,0,44,0,0,0,0,0,23,8,13,0,44,0,0,0,44
01/14/2019,MSO,MT,ANM,WE,Federal Contract Tower,23,7,4,0,34,0,0,0,0,0,23,7,4,0,34,0,0,0,34
01/15/2019,MSO,MT,ANM,WE,Federal Contract Tower,20,11,9,0,40,0,0,5,0,5,20,11,14,0,45,36,0,36,81
01/16/2019,MSO,MT,ANM,WE,Federal Contract Tower,23,8,13,0,44,0,1,5,0,6,23,9,18,0,50,0,0,0,50
01/17/2019,MSO,MT,ANM,WE,Federal Contract Tower,22,11,11,1,45,0,0,0,0,0,22,11,11,1,45,0,0,0,45
01/18/2019,MSO,MT,ANM,WE,Federal Contract Tower,24,11,11,4,50,0,0,20,0,20,24,11,31,4,70,26,0,26,96
01/19/2019,MSO,MT,ANM,WE,Federal Contract Tower,18,2,6,0,26,0,1,1,0,2,18,3,7,0,28,16,0,16,44
01/20/2019,MSO,MT,ANM,WE,Federal Contract Tower,21,3,5,0,29,0,0,0,0,0,21,3,5,0,29,0,0,0,29
01/21/2019,MSO,MT,ANM,WE,Federal Contract Tower,24,10,11,0,45,0,0,4,0,4,24,10,15,0,49,0,0,0,49
01/22/2019,MSO,MT,ANM,WE,Federal Contract Tower,23,13,9,0,45,0,10,10,0,20,23,23,19,0,65,22,0,22,87
01/23/2019,MSO,MT,ANM,WE,Federal Contract Tower,24,16,1,0,41,0,0,0,0,0,24,16,1,0,41,0,0,0,41
01/24/2019,MSO,MT,ANM,WE,Federal Contract Tower,22,9,16,0,47,0,4,10,0,14,22,13,26,0,61,48,0,48,109
01/25/2019,MSO,MT,ANM,WE,Federal Contract Tower,25,6,4,0,35,0,0,3,0,3,25,6,7,0,38,46,0,46,84
01/26/2019,MSO,MT,ANM,WE,Federal Contract Tower,18,7,8,0,33,0,0,36,0,36,18,7,44,0,69,34,0,34,103
01/27/2019,MSO,MT,ANM,WE,Federal Contract Tower,24,2,2,0,28,0,10,6,0,16,24,12,8,0,44,38,0,38,82
01/28/2019,MSO,MT,ANM,WE,Federal Contract Tower,21,9,18,0,48,0,12,37,0,49,21,21,55,0,97,40,0,40,137
01/29/2019,MSO,MT,ANM,WE,Federal Contract Tower,20,19,15,8,62,0,1,39,0,40,20,20,54,8,102,10,0,10,112
01/30/2019,MSO,MT,ANM,WE,Federal Contract Tower,24,6,9,0,39,0,2,15,0,17,24,8,24,0,56,14,0,14,70
01/31/2019,MSO,MT,ANM,WE,Federal Contract Tower,24,6,6,0,36,0,1,20,15,36,24,7,26,15,72,48,0,48,120
02/01/2019,MSO,MT,ANM,WE,Federal Contract Tower,24,7,10,0,41,0,0,20,0,20,24,7,30,0,61,48,0,48,109
02/02/2019,MSO,MT,ANM,WE,Federal Contract Tower,16,3,4,0,23,0,0,0,0,0,16,3,4,0,23,76,0,76,99
02/03/2019,MSO,MT,ANM,WE,Federal Contract Tower,22,4,1,0,27,0,0,0,0,0,22,4,1,0,27,0,0,0,27
02/04/2019,MSO,MT,ANM,WE,Federal Contract Tower,23,6,12,0,41,0,0,6,0,6,23,6,18,0,47,18,0,18,65
02/05/2019,MSO,MT,ANM,WE,Federal Contract Tower,21,9,16,0,46,0,0,16,0,16,21,9,32,0,62,42,0,42,104
02/06/2019,MSO,MT,ANM,WE,Federal Contract Tower,24,6,3,0,33,0,0,21,0,21,24,6,24,0,54,0,0,0,54
02/07/2019,MSO,MT,ANM,WE,Federal Contract Tower,24,5,12,0,41,0,5,43,0,48,24,10,55,0,89,70,0,70,159
02/08/2019,MSO,MT,ANM,WE,Federal Contract Tower,24,6,3,0,33,0,0,10,0,10,24,6,13,0,43,64,0,64,107
02/09/2019,MSO,MT,ANM,WE,Federal Contract Tower,17,4,6,0,27,0,4,2,0,6,17,8,8,0,33,6,0,6,39
02/10/2019,MSO,MT,ANM,WE,Federal Contract Tower,25,5,5,0,35,0,0,3,0,3,25,5,8,0,38,18,0,18,56
02/11/2019,MSO,MT,ANM,WE,Federal Contract Tower,20,9,12,0,41,0,0,2,0,2,20,9,14,0,43,4,0,4,47
02/12/2019,MSO,MT,ANM,WE,Federal Contract Tower,21,13,7,0,41,0,1,12,0,13,21,14,19,0,54,36,0,36,90
02/13/2019,MSO,MT,ANM,WE,Federal Contract Tower,26,6,3,0,35,0,0,0,0,0,26,6,3,0,35,0,0,0,35
02/14/2019,MSO,MT,ANM,WE,Federal Contract Tower,20,12,13,0,45,0,1,7,0,8,20,13,20,0,53,10,0,10,63
02/15/2019,MSO,MT,ANM,WE,Federal Contract Tower,25,10,17,0,52,0,2,0,0,2,25,12,17,0,54,6,0,6,60
02/16/2019,MSO,MT,ANM,WE,Federal Contract Tower,19,5,4,0,28,0,9,12,0,21,19,14,16,0,49,18,0,18,67
02/17/2019,MSO,MT,ANM,WE,Federal Contract Tower,25,1,11,0,37,0,1,0,0,1,25,2,11,0,38,0,0,0,38
02/18/2019,MSO,MT,ANM,WE,Federal Contract Tower,24,10,10,0,44,0,3,10,0,13,24,13,20,0,57,20,0,20,77
02/19/2019,MSO,MT,ANM,WE,Federal Contract Tower,22,9,12,0,43,0,5,7,0,12,22,14,19,0,55,18,0,18,73
02/20/2019,MSO,MT,ANM,WE,Federal Contract Tower,19,14,13,0,46,0,0,18,0,18,19,14,31,0,64,26,0,26,90
02/21/2019,MSO,MT,ANM,WE,Federal Contract Tower,24,9,18,0,51,0,0,24,0,24,24,9,42,0,75,48,0,48,123
02/22/2019,MSO,MT,ANM,WE,Federal Contract Tower,24,8,15,0,47,0,3,23,0,26,24,11,38,0,73,50,0,50,123
02/23/2019,MSO,MT,ANM,WE,Federal Contract Tower,21,4,6,0,31,0,0,4,0,4,21,4,10,0,35,6,0,6,41
02/24/2019,MSO,MT,ANM,WE,Federal Contract Tower,23,3,12,0,38,0,0,0,0,0,23,3,12,0,38,0,0,0,38
02/25/2019,MSO,MT,ANM,WE,Federal Contract Tower,19,5,6,0,30,0,0,0,0,0,19,5,6,0,30,0,0,0,30
02/26/2019,MSO,MT,ANM,WE,Federal Contract Tower,26,8,11,0,45,0,0,11,0,11,26,8,22,0,56,16,0,16,72
02/27/2019,MSO,MT,ANM,WE,Federal Contract Tower,23,7,8,0,38,0,0,0,0,0,23,7,8,0,38,0,0,0,38
02/28/2019,MSO,MT,ANM,WE,Federal Contract Tower,25,7,22,0,54,0,0,10,0,10,25,7,32,0,64,58,0,58,122
03/01/2019,MSO,MT,ANM,WE,Federal Contract Tower,24,8,11,0,43,0,3,1,0,4,24,11,12,0,47,0,0,0,47
03/02/2019,MSO,MT,ANM,WE,Federal Contract Tower,17,5,4,0,26,0,4,4,0,8,17,9,8,0,34,36,0,36,70
03/03/2019,MSO,MT,ANM,WE,Federal Contract Tower,20,4,4,0,28,0,4,6,0,10,20,8,10,0,38,8,0,8,46
03/04/2019,MSO,MT,ANM,WE,Federal Contract Tower,20,10,9,0,39,0,2,18,0,20,20,12,27,0,59,4,0,4,63
03/05/2019,MSO,MT,ANM,WE,Federal Contract Tower,20,14,16,0,50,0,2,30,2,34,20,16,46,2,84,18,0,18,102
03/06/2019,MSO,MT,ANM,WE,Federal Contract Tower,20,11,17,0,48,0,7,12,0,19,20,18,29,0,67,24,0,24,91
03/07/2019,MSO,MT,ANM,WE,Federal Contract Tower,23,17,15,0,55,0,5,7,0,12,23,22,22,0,67,60,0,60,127
03/08/2019,MSO,MT,ANM,WE,Federal Contract Tower,23,14,12,0,49,0,2,16,0,18,23,16,28,0,67,92,0,92,159
03/09/2019,MSO,MT,ANM,WE,Federal Contract Tower,20,12,8,0,40,0,9,24,0,33,20,21,32,0,73,44,0,44,117
03/10/2019,MSO,MT,ANM,WE,Federal Contract Tower,22,6,4,0,32,0,9,30,0,39,22,15,34,0,71,14,0,14,85
03/11/2019,MSO,MT,ANM,WE,Federal Contract Tower,21,11,11,0,43,0,0,38,0,38,21,11,49,0,81,66,0,66,147
03/12/2019,MSO,MT,ANM,WE,Federal Contract Tower,19,12,13,0,44,0,12,25,0,37,19,24,38,0,81,26,0,26,107
03/13/2019,MSO,MT,ANM,WE,Federal Contract Tower,17,6,17,0,40,0,1,3,0,4,17,7,20,0,44,20,0,20,64
03/14/2019,MSO,MT,ANM,WE,Federal Contract Tower,18,14,17,0,49,0,6,44,0,50,18,20,61,0,99,58,0,58,157
03/15/2019,MSO,MT,ANM,WE,Federal Contract Tower,21,9,13,0,43,0,3,42,2,47,21,12,55,2,90,32,0,32,122
03/16/2019,MSO,MT,ANM,WE,Federal Contract Tower,19,9,7,0,35,0,4,25,0,29,19,13,32,0,64,62,0,62,126
03/17/2019,MSO,MT,ANM,WE,Federal Contract Tower,22,7,8,0,37,0,0,20,0,20,22,7,28,0,57,56,0,56,113
03/18/2019,MSO,MT,ANM,WE,Federal Contract Tower,21,8,12,2,43,0,5,43,0,48,21,13,55,2,91,30,0,30,121
03/19/2019,MSO,MT,ANM,WE,Federal Contract Tower,23,9,16,0,48,0,8,41,0,49,23,17,57,0,97,42,0,42,139
03/20/2019,MSO,MT,ANM,WE,Federal Contract Tower,15,12,9,0,36,0,0,45,0,45,15,12,54,0,81,36,0,36,117
03/21/2019,MSO,MT,ANM,WE,Federal Contract Tower,20,12,13,0,45,0,0,50,0,50,20,12,63,0,95,88,0,88,183
03/22/2019,MSO,MT,ANM,WE,Federal Contract Tower,23,12,15,0,50,0,13,45,0,58,23,25,60,0,108,60,0,60,168
03/23/2019,MSO,MT,ANM,WE,Federal Contract Tower,18,11,2,0,31,0,4,27,0,31,18,15,29,0,62,22,0,22,84
03/24/2019,MSO,MT,ANM,WE,Federal Contract Tower,17,10,6,0,33,0,7,9,0,16,17,17,15,0,49,10,0,10,59
03/25/2019,MSO,MT,ANM,WE,Federal Contract Tower,23,7,13,0,43,0,0,19,0,19,23,7,32,0,62,28,0,28,90
03/26/2019,MSO,MT,ANM,WE,Federal Contract Tower,19,15,21,0,55,0,4,24,10,38,19,19,45,10,93,34,0,34,127
03/27/2019,MSO,MT,ANM,WE,Federal Contract Tower,21,13,23,2,59,0,3,25,0,28,21,16,48,2,87,42,0,42,129
03/28/2019,MSO,MT,ANM,WE,Federal Contract Tower,20,13,24,0,57,0,2,9,0,11,20,15,33,0,68,30,0,30,98
03/29/2019,MSO,MT,ANM,WE,Federal Contract Tower,23,16,21,0,60,0,1,23,0,24,23,17,44,0,84,32,0,32,116
03/30/2019,MSO,MT,ANM,WE,Federal Contract Tower,17,10,8,0,35,0,6,48,0,54,17,16,56,0,89,30,0,30,119
03/31/2019,MSO,MT,ANM,WE,Federal Contract Tower,24,6,11,0,41,0,4,26,0,30,24,10,37,0,71,44,0,44,115
04/01/2019,MSO,MT,ANM,WE,Federal Contract Tower,23,8,10,0,41,0,13,24,0,37,23,21,34,0,78,80,0,80,158
04/02/2019,MSO,MT,ANM,WE,Federal Contract Tower,19,14,8,0,41,0,20,27,0,47,19,34,35,0,88,22,0,22,110
04/03/2019,MSO,MT,ANM,WE,Federal Contract Tower,24,8,14,0,46,0,5,17,3,25,24,13,31,3,71,10,0,10,81
04/04/2019,MSO,MT,ANM,WE,Federal Contract Tower,21,10,16,1,48,0,0,33,0,33,21,10,49,1,81,26,2,28,109
04/05/2019,MSO,MT,ANM,WE,Federal Contract Tower,24,8,17,0,49,0,0,24,0,24,24,8,41,0,73,58,0,58,131
04/06/2019,MSO,MT,ANM,WE,Federal Contract Tower,21,8,6,2,37,0,0,26,2,28,21,8,32,4,65,36,0,36,101
04/07/2019,MSO,MT,ANM,WE,Federal Contract Tower,25,4,7,0,36,0,0,6,0,6,25,4,13,0,42,6,0,6,48
04/08/2019,MSO,MT,ANM,WE,Federal Contract Tower,24,7,4,0,35,0,0,1,0,1,24,7,5,0,36,12,0,12,48
04/09/2019,MSO,MT,ANM,WE,Federal Contract Tower,21,7,16,0,44,0,0,0,0,0,21,7,16,0,44,0,0,0,44
04/10/2019,MSO,MT,ANM,WE,Federal Contract Tower,27,12,18,0,57,0,0,4,0,4,27,12,22,0,61,68,0,68,129
04/11/2019,MSO,MT,ANM,WE,Federal Contract Tower,23,7,11,0,41,0,2,5,0,7,23,9,16,0,48,22,0,22,70
04/12/2019,MSO,MT,ANM,WE,Federal Contract Tower,26,9,9,0,44,0,3,44,1,48,26,12,53,1,92,60,0,60,152
04/13/2019,MSO,MT,ANM,WE,Federal Contract Tower,22,6,6,0,34,0,1,29,0,30,22,7,35,0,64,90,0,90,154
04/14/2019,MSO,MT,ANM,WE,Federal Contract Tower,22,2,3,0,27,0,0,3,0,3,22,2,6,0,30,0,0,0,30
04/15/2019,MSO,MT,ANM,WE,Federal Contract Tower,23,11,12,0,46,0,7,28,0,35,23,18,40,0,81,14,0,14,95
04/16/2019,MSO,MT,ANM,WE,Federal Contract Tower,22,14,4,0,40,0,0,28,0,28,22,14,32,0,68,106,0,106,174
04/17/2019,MSO,MT,ANM,WE,Federal Contract Tower,20,15,11,0,46,0,3,16,0,19,20,18,27,0,65,36,0,36,101
04/18/2019,MSO,MT,ANM,WE,Federal Contract Tower,22,13,13,0,48,0,7,43,0,50,22,20,56,0,98,92,0,92,190
04/19/2019,MSO,MT,ANM,WE,Federal Contract Tower,23,12,12,0,47,0,6,39,0,45,23,18,51,0,92,34,0,34,126
04/20/2019,MSO,MT,ANM,WE,Federal Contract Tower,21,3,2,0,26,0,0,0,0,0,21,3,2,0,26,8,0,8,34
04/21/2019,MSO,MT,ANM,WE,Federal Contract Tower,24,1,3,0,28,0,0,41,0,41,24,1,44,0,69,10,0,10,79
04/22/2019,MSO,MT,ANM,WE,Federal Contract Tower,23,8,11,0,42,0,0,52,1,53,23,8,63,1,95,58,0,58,153
04/23/2019,MSO,MT,ANM,WE,Federal Contract Tower,20,13,12,0,45,0,4,14,0,18,20,17,26,0,63,28,0,28,91
04/24/2019,MSO,MT,ANM,WE,Federal Contract Tower,22,8,30,1,61,0,1,64,0,65,22,9,94,1,126,14,8,22,148
04/25/2019,MSO,MT,ANM,WE,Federal Contract Tower,23,10,12,0,45,0,3,44,0,47,23,13,56,0,92,38,0,38,130
04/26/2019,MSO,MT,ANM,WE,Federal Contract Tower,25,9,22,0,56,0,2,38,0,40,25,11,60,0,96,52,0,52,148
04/27/2019,MSO,MT,ANM,WE,Federal Contract Tower,22,6,11,0,39,0,0,31,0,31,22,6,42,0,70,0,0,0,70
04/28/2019,MSO,MT,ANM,WE,Federal Contract Tower,24,6,14,0,44,0,0,9,0,9,24,6,23,0,53,0,0,0,53
04/29/2019,MSO,MT,ANM,WE,Federal Contract Tower,23,7,8,0,38,0,3,35,0,38,23,10,43,0,76,20,0,20,96
04/30/2019,MSO,MT,ANM,WE,Federal Contract Tower,20,11,18,0,49,0,4,28,0,32,20,15,46,0,81,60,0,60,141
05/01/2019,MSO,MT,ANM,WE,Federal Contract Tower,23,11,9,0,43,0,2,25,0,27,23,13,34,0,70,26,0,26,96
05/02/2019,MSO,MT,ANM,WE,Federal Contract Tower,23,11,12,0,46,0,1,28,0,29,23,12,40,0,75,66,0,66,141
05/03/2019,MSO,MT,ANM,WE,Federal Contract Tower,27,9,23,0,59,0,6,76,3,85,27,15,99,3,144,60,0,60,204
05/04/2019,MSO,MT,ANM,WE,Federal Contract Tower,20,7,7,0,34,0,3,67,2,72,20,10,74,2,106,66,0,66,172
05/05/2019,MSO,MT,ANM,WE,Federal Contract Tower,26,7,9,0,42,0,3,21,1,25,26,10,30,1,67,10,12,22,89
05/06/2019,MSO,MT,ANM,WE,Federal Contract Tower,26,5,10,0,41,0,6,54,0,60,26,11,64,0,101,44,0,44,145
05/07/2019,MSO,MT,ANM,WE,Federal Contract Tower,17,10,16,0,43,0,5,49,0,54,17,15,65,0,97,10,0,10,107
05/08/2019,MSO,MT,ANM,WE,Federal Contract Tower,21,14,10,0,45,0,1,45,0,46,21,15,55,0,91,20,0,20,111
05/09/2019,MSO,MT,ANM,WE,Federal Contract Tower,23,11,6,5,45,0,3,42,1,46,23,14,48,6,91,72,8,80,171
05/10/2019,MSO,MT,ANM,WE,Federal Contract Tower,27,8,10,0,45,0,4,51,0,55,27,12,61,0,100,48,0,48,148
05/11/2019,MSO,MT,ANM,WE,Federal Contract Tower,19,7,9,0,35,0,2,63,0,65,19,9,72,0,100,46,0,46,146
05/12/2019,MSO,MT,ANM,WE,Federal Contract Tower,25,5,4,0,34,0,8,30,0,38,25,13,34,0,72,40,0,40,112
05/13/2019,MSO,MT,ANM,WE,Federal Contract Tower,26,9,11,0,46,0,0,33,0,33,26,9,44,0,79,30,0,30,109
05/14/2019,MSO,MT,ANM,WE,Federal Contract Tower,21,9,14,0,44,0,4,55,0,59,21,13,69,0,103,12,0,12,115
05/15/2019,MSO,MT,ANM,WE,Federal Contract Tower,24,12,17,0,53,0,0,33,0,33,24,12,50,0,86,46,0,46,132
05/16/2019,MSO,MT,ANM,WE,Federal Contract Tower,28,17,17,0,62,0,0,23,0,23,28,17,40,0,85,0,0,0,85
05/17/2019,MSO,MT,ANM,WE,Federal Contract Tower,28,11,11,0,50,0,2,0,0,2,28,13,11,0,52,88,0,88,140
05/18/2019,MSO,MT,ANM,WE,Federal Contract Tower,23,5,8,0,36,0,7,6,0,13,23,12,14,0,49,48,0,48,97
05/19/2019,MSO,MT,ANM,WE,Federal Contract Tower,30,4,16,0,50,0,6,11,0,17,30,10,27,0,67,26,0,26,93
05/20/2019,MSO,MT,ANM,WE,Federal Contract Tower,27,9,14,0,50,0,7,18,2,27,27,16,32,2,77,0,0,0,77
05/21/2019,MSO,MT,ANM,WE,Federal Contract Tower,22,13,18,0,53,0,6,21,0,27,22,19,39,0,80,42,0,42,122
05/22/2019,MSO,MT,ANM,WE,Federal Contract Tower,27,7,15,2,51,0,0,20,0,20,27,7,35,2,71,0,8,8,79
05/23/2019,MSO,MT,ANM,WE,Federal Contract Tower,30,7,15,0,52,0,7,35,0,42,30,14,50,0,94,39,0,39,133
05/24/2019,MSO,MT,ANM,WE,Federal Contract Tower,31,14,8,0,53,0,8,15,0,23,31,22,23,0,76,12,0,12,88
05/25/2019,MSO,MT,ANM,WE,Federal Contract Tower,21,7,3,0,31,0,17,8,0,25,21,24,11,0,56,18,0,18,74
05/26/2019,MSO,MT,ANM,WE,Federal Contract Tower,27,2,1,0,30,0,0,5,0,5,27,2,6,0,35,0,0,0,35
05/27/2019,MSO,MT,ANM,WE,Federal Contract Tower,25,10,16,0,51,0,7,24,0,31,25,17,40,0,82,22,0,22,104
05/28/2019,MSO,MT,ANM,WE,Federal Contract Tower,22,10,15,7,54,0,6,30,1,37,22,16,45,8,91,34,2,36,127
05/29/2019,MSO,MT,ANM,WE,Federal Contract Tower,24,16,15,0,55,0,3,39,0,42,24,19,54,0,97,36,0,36,133
05/30/2019,MSO,MT,ANM,WE,Federal Contract Tower,28,8,14,0,50,0,4,28,0,32,28,12,42,0,82,56,0,56,138
05/31/2019,MSO,MT,ANM,WE,Federal Contract Tower,31,6,5,0,42,0,10,28,0,38,31,16,33,0,80,10,0,10,90
06/01/2019,MSO,MT,ANM,WE,Federal Contract Tower,26,4,7,4,41,0,7,51,0,58,26,11,58,4,99,48,0,48,147
06/02/2019,MSO,MT,ANM,WE,Federal Contract Tower,29,9,12,0,50,0,2,33,2,37,29,11,45,2,87,18,0,18,105
06/03/2019,MSO,MT,ANM,WE,Federal Contract Tower,26,6,5,4,41,0,3,38,0,41,26,9,43,4,82,30,2,32,114
06/04/2019,MSO,MT,ANM,WE,Federal Contract Tower,19,13,14,0,46,0,2,29,0,31,19,15,43,0,77,24,0,24,101
06/05/2019,MSO,MT,ANM,WE,Federal Contract Tower,21,11,14,0,46,0,2,34,0,36,21,13,48,0,82,54,0,54,136
06/06/2019,MSO,MT,ANM,WE,Federal Contract Tower,32,20,17,0,69,0,1,16,0,17,32,21,33,0,86,8,0,8,94
06/07/2019,MSO,MT,ANM,WE,Federal Contract Tower,37,17,19,0,73,0,3,27,0,30,37,20,46,0,103,6,0,6,109
06/08/2019,MSO,MT,ANM,WE,Federal Contract Tower,40,8,9,0,57,0,2,6,0,8,40,10,15,0,65,28,0,28,93
06/09/2019,MSO,MT,ANM,WE,Federal Contract Tower,37,5,10,0,52,0,2,36,0,38,37,7,46,0,90,38,0,38,128
06/10/2019,MSO,MT,ANM,WE,Federal Contract Tower,34,12,12,0,58,0,0,37,0,37,34,12,49,0,95,26,0,26,121
06/11/2019,MSO,MT,ANM,WE,Federal Contract Tower,26,15,14,0,55,0,2,36,0,38,26,17,50,0,93,8,0,8,101
06/12/2019,MSO,MT,ANM,WE,Federal Contract Tower,26,19,11,2,58,0,2,49,0,51,26,21,60,2,109,10,8,18,127
06/13/2019,MSO,MT,ANM,WE,Federal Contract Tower,28,24,14,0,66,0,6,41,0,47,28,30,55,0,113,26,0,26,139
06/14/2019,MSO,MT,ANM,WE,Federal Contract Tower,33,15,12,1,61,0,3,33,0,36,33,18,45,1,97,30,0,30,127
06/15/2019,MSO,MT,ANM,WE,Federal Contract Tower,37,13,2,1,53,0,7,45,1,53,37,20,47,2,106,0,0,0,106
06/16/2019,MSO,MT,ANM,WE,Federal Contract Tower,35,16,23,0,74,0,10,28,0,38,35,26,51,0,112,18,0,18,130
06/17/2019,MSO,MT,ANM,WE,Federal Contract Tower,35,18,14,0,67,0,1,21,0,22,35,19,35,0,89,52,0,52,141
06/18/2019,MSO,MT,ANM,WE,Federal Contract Tower,26,17,12,0,55,0,8,45,0,53,26,25,57,0,108,32,0,32,140
06/19/2019,MSO,MT,ANM,WE,Federal Contract Tower,29,22,24,0,75,0,1,18,0,19,29,23,42,0,94,0,0,0,94
06/20/2019,MSO,MT,ANM,WE,Federal Contract Tower,32,23,18,0,73,0,2,12,0,14,32,25,30,0,87,42,0,42,129
06/21/2019,MSO,MT,ANM,WE,Federal Contract Tower,39,14,16,0,69,0,11,25,0,36,39,25,41,0,105,30,0,30,135
06/22/2019,MSO,MT,ANM,WE,Federal Contract Tower,37,16,12,0,65,0,9,15,0,24,37,25,27,0,89,6,0,6,95
06/23/2019,MSO,MT,ANM,WE,Federal Contract Tower,37,20,19,0,76,0,5,26,0,31,37,25,45,0,107,8,0,8,115
06/24/2019,MSO,MT,ANM,WE,Federal Contract Tower,35,23,16,0,74,0,7,44,0,51,35,30,60,0,125,38,0,38,163
06/25/2019,MSO,MT,ANM,WE,Federal Contract Tower,26,20,14,0,60,0,1,32,1,34,26,21,46,1,94,6,0,6,100
06/26/2019,MSO,MT,ANM,WE,Federal Contract Tower,26,22,11,1,60,0,1,41,0,42,26,23,52,1,102,38,0,38,140
06/27/2019,MSO,MT,ANM,WE,Federal Contract Tower,34,17,17,0,68,0,0,16,8,24,34,17,33,8,92,28,0,28,120
06/28/2019,MSO,MT,ANM,WE,Federal Contract Tower,36,18,14,0,68,0,2,51,0,53,36,20,65,0,121,24,0,24,145
06/29/2019,MSO,MT,ANM,WE,Federal Contract Tower,39,14,14,0,67,0,6,44,2,52,39,20,58,2,119,30,0,30,149
06/30/2019,MSO,MT,ANM,WE,Federal Contract Tower,36,15,14,0,65,0,12,43,0,55,36,27,57,0,120,0,0,0,120
07/01/2019,MSO,MT,ANM,WE,Federal Contract Tower,32,28,9,0,69,0,10,42,0,52,32,38,51,0,121,6,0,6,127
07/02/2019,MSO,MT,ANM,WE,Federal Contract Tower,30,15,23,0,68,0,2,25,2,29,30,17,48,2,97,26,0,26,123
07/03/2019,MSO,MT,ANM,WE,Federal Contract Tower,33,18,17,0,68,0,2,11,0,13,33,20,28,0,81,14,0,14,95
07/04/2019,MSO,MT,ANM,WE,Federal Contract Tower,26,11,2,0,39,0,8,31,2,41,26,19,33,2,80,14,0,14,94
07/05/2019,MSO,MT,ANM,WE,Federal Contract Tower,32,18,12,0,62,0,4,31,0,35,32,22,43,0,97,56,0,56,153
07/06/2019,MSO,MT,ANM,WE,Federal Contract Tower,37,13,7,0,57,0,3,51,0,54,37,16,58,0,111,4,0,4,115
07/08/2019,MSO,MT,ANM,WE,Federal Contract Tower,33,18,12,0,63,0,5,40,0,45,33,23,52,0,108,6,0,6,114
07/09/2019,MSO,MT,ANM,WE,Federal Contract Tower,29,18,17,2,66,0,5,38,0,43,29,23,55,2,109,26,0,26,135
07/11/2019,MSO,MT,ANM,WE,Federal Contract Tower,33,16,18,0,67,0,11,57,1,69,33,27,75,1,136,38,0,38,174
07/12/2019,MSO,MT,ANM,WE,Federal Contract Tower,37,17,16,0,70,0,4,66,0,70,37,21,82,0,140,10,0,10,150
07/13/2019,MSO,MT,ANM,WE,Federal Contract Tower,41,13,12,0,66,0,6,61,6,73,41,19,73,6,139,20,0,20,159
07/14/2019,MSO,MT,ANM,WE,Federal Contract Tower,36,19,7,0,62,0,6,50,0,56,36,25,57,0,118,8,0,8,126
07/15/2019,MSO,MT,ANM,WE,Federal Contract Tower,33,14,11,0,58,0,4,79,0,83,33,18,90,0,141,46,0,46,187
07/17/2019,MSO,MT,ANM,WE,Federal Contract Tower,28,23,14,0,65,0,5,39,0,44,28,28,53,0,109,58,0,58,167
07/18/2019,MSO,MT,ANM,WE,Federal Contract Tower,25,20,16,0,61,0,0,35,0,35,25,20,51,0,96,0,0,0,96
07/19/2019,MSO,MT,ANM,WE,Federal Contract Tower,33,29,9,1,72,0,0,63,0,63,33,29,72,1,135,16,0,16,151
07/20/2019,MSO,MT,ANM,WE,Federal Contract Tower,29,19,10,0,58,0,2,56,0,58,29,21,66,0,116,20,0,20,136
07/21/2019,MSO,MT,ANM,WE,Federal Contract Tower,31,16,13,3,63,0,4,48,0,52,31,20,61,3,115,14,0,14,129
07/22/2019,MSO,MT,ANM,WE,Federal Contract Tower,29,16,19,0,64,0,4,34,0,38,29,20,53,0,102,12,0,12,114
07/24/2019,MSO,MT,ANM,WE,Federal Contract Tower,26,26,12,0,64,0,6,74,0,80,26,32,86,0,144,4,0,4,148
07/25/2019,MSO,MT,ANM,WE,Federal Contract Tower,34,24,10,0,68,0,3,88,0,91,34,27,98,0,159,18,0,18,177
07/26/2019,MSO,MT,ANM,WE,Federal Contract Tower,38,26,15,0,79,0,1,124,0,125,38,27,139,0,204,52,0,52,256
07/27/2019,MSO,MT,ANM,WE,Federal Contract Tower,37,21,12,0,70,0,0,101,0,101,37,21,113,0,171,0,0,0,171
07/28/2019,MSO,MT,ANM,WE,Federal Contract Tower,36,17,11,0,64,0,0,53,0,53,36,17,64,0,117,0,0,0,117
07/29/2019,MSO,MT,ANM,WE,Federal Contract Tower,32,14,8,8,62,0,17,72,0,89,32,31,80,8,151,14,0,14,165
07/31/2019,MSO,MT,ANM,WE,Federal Contract Tower,25,21,19,0,65,0,2,73,0,75,25,23,92,0,140,16,0,16,156
08/01/2019,MSO,MT,ANM,WE,Federal Contract Tower,33,18,29,0,80,0,4,61,1,66,33,22,90,1,146,8,0,8,154
08/02/2019,MSO,MT,ANM,WE,Federal Contract Tower,34,17,11,0,62,0,5,55,0,60,34,22,66,0,122,2,0,2,124
08/03/2019,MSO,MT,ANM,WE,Federal Contract Tower,34,17,13,0,64,0,16,92,0,108,34,33,105,0,172,18,0,18,190
08/04/2019,MSO,MT,ANM,WE,Federal Contract Tower,38,16,18,0,72,0,3,53,0,56,38,19,71,0,128,0,0,0,128
08/05/2019,MSO,MT,ANM,WE,Federal Contract Tower,29,17,16,8,70,0,14,109,0,123,29,31,125,8,193,14,8,22,215
08/07/2019,MSO,MT,ANM,WE,Federal Contract Tower,28,22,12,0,62,0,15,64,1,80,28,37,76,1,142,0,0,0,142
08/08/2019,MSO,MT,ANM,WE,Federal Contract Tower,32,24,23,2,81,0,1,98,0,99,32,25,121,2,180,58,0,58,238
08/09/2019,MSO,MT,ANM,WE,Federal Contract Tower,34,21,21,0,76,0,12,28,0,40,34,33,49,0,116,50,0,50,166
08/10/2019,MSO,MT,ANM,WE,Federal Contract Tower,39,20,10,1,70,0,0,30,0,30,39,20,40,1,100,28,0,28,128
08/11/2019,MSO,MT,ANM,WE,Federal Contract Tower,32,17,16,1,66,0,6,24,0,30,32,23,40,1,96,30,0,30,126
08/12/2019,MSO,MT,ANM,WE,Federal Contract Tower,32,15,12,0,59,0,6,27,0,33,32,21,39,0,92,24,0,24,116
08/13/2019,MSO,MT,ANM,WE,Federal Contract Tower,28,19,10,0,57,0,9,61,5,75,28,28,71,5,132,48,0,48,180
08/14/2019,MSO,MT,ANM,WE,Federal Contract Tower,23,26,13,3,65,0,5,58,3,66,23,31,71,6,131,4,12,16,147
08/15/2019,MSO,MT,ANM,WE,Federal Contract Tower,30,21,12,0,63,0,2,60,0,62,30,23,72,0,125,20,0,20,145
08/16/2019,MSO,MT,ANM,WE,Federal Contract Tower,34,19,22,0,75,0,1,53,0,54,34,20,75,0,129,56,0,56,185
08/17/2019,MSO,MT,ANM,WE,Federal Contract Tower,35,21,9,0,65,0,3,44,0,47,35,24,53,0,112,4,0,4,116
08/18/2019,MSO,MT,ANM,WE,Federal Contract Tower,31,16,24,0,71,0,7,61,0,68,31,23,85,0,139,2,0,2,141
08/19/2019,MSO,MT,ANM,WE,Federal Contract Tower,32,16,5,0,53,0,21,53,0,74,32,37,58,0,127,18,0,18,145
08/21/2019,MSO,MT,ANM,WE,Federal Contract Tower,26,17,13,0,56,0,5,74,2,81,26,22,87,2,137,40,0,40,177
08/22/2019,MSO,MT,ANM,WE,Federal Contract Tower,29,18,19,0,66,0,0,42,0,42,29,18,61,0,108,42,0,42,150
08/23/2019,MSO,MT,ANM,WE,Federal Contract Tower,32,18,10,1,61,0,5,51,0,56,32,23,61,1,117,40,0,40,157
08/24/2019,MSO,MT,ANM,WE,Federal Contract Tower,37,10,5,8,60,0,4,41,0,45,37,14,46,8,105,16,0,16,121
08/25/2019,MSO,MT,ANM,WE,Federal Contract Tower,34,9,13,1,57,0,9,43,0,52,34,18,56,1,109,16,0,16,125
08/28/2019,MSO,MT,ANM,WE,Federal Contract Tower,25,20,6,8,59,0,5,62,0,67,25,25,68,8,126,22,18,40,166
08/29/2019,MSO,MT,ANM,WE,Federal Contract Tower,32,22,22,0,76,0,1,55,0,56,32,23,77,0,132,42,0,42,174
08/30/2019,MSO,MT,ANM,WE,Federal Contract Tower,33,18,12,0,63,0,12,54,0,66,33,30,66,0,129,30,0,30,159
08/31/2019,MSO,MT,ANM,WE,Federal Contract Tower,27,10,10,0,47,0,5,67,0,72,27,15,77,0,119,62,0,62,181
09/01/2019,MSO,MT,ANM,WE,Federal Contract Tower,29,5,14,1,49,0,15,40,1,56,29,20,54,2,105,28,0,28,133
09/02/2019,MSO,MT,ANM,WE,Federal Contract Tower,32,14,13,0,59,0,2,79,0,81,32,16,92,0,140,22,0,22,162
09/05/2019,MSO,MT,ANM,WE,Federal Contract Tower,28,15,18,0,61,0,3,60,12,75,28,18,78,12,136,14,0,14,150
09/06/2019,MSO,MT,ANM,WE,Federal Contract Tower,32,17,21,0,70,0,3,24,0,27,32,20,45,0,97,18,0,18,115
09/07/2019,MSO,MT,ANM,WE,Federal Contract Tower,28,7,10,0,45,0,4,57,0,61,28,11,67,0,106,68,0,68,174
09/08/2019,MSO,MT,ANM,WE,Federal Contract Tower,26,12,10,0,48,0,6,20,0,26,26,18,30,0,74,68,0,68,142
09/09/2019,MSO,MT,ANM,WE,Federal Contract Tower,32,15,21,0,68,0,11,19,0,30,32,26,40,0,98,58,0,58,156
09/11/2019,MSO,MT,ANM,WE,Federal Contract Tower,24,20,22,2,68,0,2,44,2,48,24,22,66,4,116,18,0,18,134
09/12/2019,MSO,MT,ANM,WE,Federal Contract Tower,28,10,15,6,59,0,7,61,0,68,28,17,76,6,127,84,4,88,215
09/13/2019,MSO,MT,ANM,WE,Federal Contract Tower,33,13,26,0,72,0,6,48,0,54,33,19,74,0,126,64,0,64,190
09/14/2019,MSO,MT,ANM,WE,Federal Contract Tower,29,10,10,0,49,0,6,80,0,86,29,16,90,0,135,90,0,90,225
09/15/2019,MSO,MT,ANM,WE,Federal Contract Tower,32,4,23,0,59,0,6,46,0,52,32,10,69,0,111,22,0,22,133
09/16/2019,MSO,MT,ANM,WE,Federal Contract Tower,30,5,10,1,46,0,8,29,0,37,30,13,39,1,83,14,0,14,97
09/17/2019,MSO,MT,ANM,WE,Federal Contract Tower,29,15,14,0,58,0,5,22,0,27,29,20,36,0,85,14,0,14,99
09/18/2019,MSO,MT,ANM,WE,Federal Contract Tower,31,12,26,0,69,0,5,21,0,26,31,17,47,0,95,12,0,12,107
09/19/2019,MSO,MT,ANM,WE,Federal Contract Tower,29,14,30,0,73,0,1,19,0,20,29,15,49,0,93,34,0,34,127
09/20/2019,MSO,MT,ANM,WE,Federal Contract Tower,29,10,24,0,63,0,4,48,0,52,29,14,72,0,115,12,0,12,127
09/21/2019,MSO,MT,ANM,WE,Federal Contract Tower,31,6,15,0,52,0,4,33,0,37,31,10,48,0,89,12,0,12,101
09/22/2019,MSO,MT,ANM,WE,Federal Contract Tower,27,5,21,0,53,0,11,59,0,70,27,16,80,0,123,62,0,62,185
09/23/2019,MSO,MT,ANM,WE,Federal Contract Tower,28,9,8,0,45,0,0,24,0,24,28,9,32,0,69,70,0,70,139
09/24/2019,MSO,MT,ANM,WE,Federal Contract Tower,23,9,21,0,53,0,13,22,0,35,23,22,43,0,88,8,0,8,96
09/25/2019,MSO,MT,ANM,WE,Federal Contract Tower,28,9,12,4,53,0,2,56,2,60,28,11,68,6,113,50,10,60,173
09/26/2019,MSO,MT,ANM,WE,Federal Contract Tower,25,8,12,0,45,0,2,6,0,8,25,10,18,0,53,22,0,22,75
09/27/2019,MSO,MT,ANM,WE,Federal Contract Tower,30,11,8,0,49,0,9,24,0,33,30,20,32,0,82,4,0,4,86
09/28/2019,MSO,MT,ANM,WE,Federal Contract Tower,28,8,2,0,38,0,0,0,0,0,28,8,2,0,38,0,0,0,38
09/29/2019,MSO,MT,ANM,WE,Federal Contract Tower,27,3,6,0,36,0,0,0,0,0,27,3,6,0,36,0,0,0,36
09/30/2019,MSO,MT,ANM,WE,Federal Contract Tower,30,9,14,0,53,0,4,13,0,17,30,13,27,0,70,6,0,6,76
10/01/2019,MSO,MT,ANM,WE,Federal Contract Tower,23,11,17,0,51,0,6,29,0,35,23,17,46,0,86,14,0,14,100
10/02/2019,MSO,MT,ANM,WE,Federal Contract Tower,27,14,8,0,49,0,1,40,0,41,27,15,48,0,90,12,0,12,102
10/03/2019,MSO,MT,ANM,WE,Federal Contract Tower,27,14,15,0,56,0,5,53,0,58,27,19,68,0,114,32,0,32,146
10/04/2019,MSO,MT,ANM,WE,Federal Contract Tower,28,13,8,0,49,0,3,25,0,28,28,16,33,0,77,12,0,12,89
10/05/2019,MSO,MT,ANM,WE,Federal Contract Tower,23,6,4,0,33,0,3,32,0,35,23,9,36,0,68,8,0,8,76
10/06/2019,MSO,MT,ANM,WE,Federal Contract Tower,24,9,7,0,40,0,6,49,1,56,24,15,56,1,96,38,0,38,134
10/07/2019,MSO,MT,ANM,WE,Federal Contract Tower,23,9,19,0,51,0,1,28,1,30,23,10,47,1,81,8,0,8,89
10/08/2019,MSO,MT,ANM,WE,Federal Contract Tower,24,10,11,0,45,0,6,4,0,10,24,16,15,0,55,20,0,20,75
10/09/2019,MSO,MT,ANM,WE,Federal Contract Tower,24,12,14,0,50,0,2,11,0,13,24,14,25,0,63,32,0,32,95
10/10/2019,MSO,MT,ANM,WE,Federal Contract Tower,22,11,20,0,53,0,3,52,0,55,22,14,72,0,108,46,0,46,154
10/11/2019,MSO,MT,ANM,WE,Federal Contract Tower,30,14,21,0,65,0,6,54,0,60,30,20,75,0,125,18,0,18,143
10/12/2019,MSO,MT,ANM,WE,Federal Contract Tower,23,5,9,0,37,0,6,39,0,45,23,11,48,0,82,6,0,6,88
10/13/2019,MSO,MT,ANM,WE,Federal Contract Tower,24,7,3,0,34,0,12,31,0,43,24,19,34,0,77,26,0,26,103
10/14/2019,MSO,MT,ANM,WE,Federal Contract Tower,29,9,13,0,51,0,9,23,0,32,29,18,36,0,83,10,0,10,93
10/15/2019,MSO,MT,ANM,WE,Federal Contract Tower,25,11,131,0,167,0,3,41,0,44,25,14,172,0,211,70,0,70,281
10/16/2019,MSO,MT,ANM,WE,Federal Contract Tower,24,12,17,0,53,0,8,52,0,60,24,20,69,0,113,40,0,40,153
10/17/2019,MSO,MT,ANM,WE,Federal Contract Tower,25,10,15,0,50,0,3,25,0,28,25,13,40,0,78,74,0,74,152
10/18/2019,MSO,MT,ANM,WE,Federal Contract Tower,30,15,9,0,54,0,3,12,0,15,30,18,21,0,69,0,0,0,69
10/19/2019,MSO,MT,ANM,WE,Federal Contract Tower,22,7,7,0,36,0,0,13,0,13,22,7,20,0,49,24,0,24,73
10/20/2019,MSO,MT,ANM,WE,Federal Contract Tower,21,7,10,0,38,0,8,2,0,10,21,15,12,0,48,48,0,48,96
10/21/2019,MSO,MT,ANM,WE,Federal Contract Tower,27,4,7,0,38,0,0,1,0,1,27,4,8,0,39,12,0,12,51
10/22/2019,MSO,MT,ANM,WE,Federal Contract Tower,23,9,9,0,41,0,7,3,0,10,23,16,12,0,51,0,0,0,51
10/23/2019,MSO,MT,ANM,WE,Federal Contract Tower,24,12,12,0,48,0,2,26,0,28,24,14,38,0,76,50,0,50,126
10/24/2019,MSO,MT,ANM,WE,Federal Contract Tower,26,13,20,0,59,0,2,26,0,28,26,15,46,0,87,14,0,14,101
10/25/2019,MSO,MT,ANM,WE,Federal Contract Tower,26,9,10,0,45,0,3,40,0,43,26,12,50,0,88,48,0,48,136
10/26/2019,MSO,MT,ANM,WE,Federal Contract Tower,22,9,4,0,35,0,2,0,0,2,22,11,4,0,37,0,0,0,37
10/27/2019,MSO,MT,ANM,WE,Federal Contract Tower,27,6,10,0,43,0,8,28,0,36,27,14,38,0,79,4,0,4,83
10/28/2019,MSO,MT,ANM,WE,Federal Contract Tower,24,3,3,0,30,0,0,0,0,0,24,3,3,0,30,0,0,0,30
10/29/2019,MSO,MT,ANM,WE,Federal Contract Tower,18,16,11,0,45,0,8,34,0,42,18,24,45,0,87,24,0,24,111
10/30/2019,MSO,MT,ANM,WE,Federal Contract Tower,20,13,8,0,41,0,8,25,0,33,20,21,33,0,74,26,0,26,100
10/31/2019,MSO,MT,ANM,WE,Federal Contract Tower,20,8,10,0,38,0,2,24,0,26,20,10,34,0,64,30,0,30,94
11/01/2019,MSO,MT,ANM,WE,Federal Contract Tower,28,10,7,0,45,0,4,22,0,26,28,14,29,0,71,18,0,18,89
11/02/2019,MSO,MT,ANM,WE,Federal Contract Tower,21,5,10,0,36,0,4,28,0,32,21,9,38,0,68,30,0,30,98
11/03/2019,MSO,MT,ANM,WE,Federal Contract Tower,24,6,9,0,39,0,9,18,0,27,24,15,27,0,66,60,8,68,134
11/04/2019,MSO,MT,ANM,WE,Federal Contract Tower,27,10,10,0,47,0,3,20,0,23,27,13,30,0,70,18,0,18,88
11/05/2019,MSO,MT,ANM,WE,Federal Contract Tower,22,12,21,0,55,0,0,48,0,48,22,12,69,0,103,26,0,26,129
11/06/2019,MSO,MT,ANM,WE,Federal Contract Tower,20,10,10,0,40,0,0,12,0,12,20,10,22,0,52,36,0,36,88
11/07/2019,MSO,MT,ANM,WE,Federal Contract Tower,25,11,18,1,55,0,0,38,0,38,25,11,56,1,93,34,0,34,127
11/08/2019,MSO,MT,ANM,WE,Federal Contract Tower,29,15,13,2,59,0,0,58,4,62,29,15,71,6,121,60,0,60,181
11/09/2019,MSO,MT,ANM,WE,Federal Contract Tower,20,4,7,0,31,0,2,29,3,34,20,6,36,3,65,32,0,32,97
11/10/2019,MSO,MT,ANM,WE,Federal Contract Tower,25,5,8,0,38,0,0,4,0,4,25,5,12,0,42,0,0,0,42
11/11/2019,MSO,MT,ANM,WE,Federal Contract Tower,27,4,8,0,39,0,6,20,0,26,27,10,28,0,65,6,0,6,71
11/12/2019,MSO,MT,ANM,WE,Federal Contract Tower,20,14,14,0,48,0,0,7,11,18,20,14,21,11,66,12,0,12,78
11/13/2019,MSO,MT,ANM,WE,Federal Contract Tower,21,11,20,1,53,0,1,15,1,17,21,12,35,2,70,20,0,20,90
11/14/2019,MSO,MT,ANM,WE,Federal Contract Tower,24,7,18,8,57,0,2,24,1,27,24,9,42,9,84,16,0,16,100
11/15/2019,MSO,MT,ANM,WE,Federal Contract Tower,25,11,20,0,56,0,2,2,0,4,25,13,22,0,60,4,0,4,64
11/16/2019,MSO,MT,ANM,WE,Federal Contract Tower,17,3,7,0,27,0,0,25,0,25,17,3,32,0,52,38,0,38,90
11/17/2019,MSO,MT,ANM,WE,Federal Contract Tower,25,5,8,0,38,0,0,1,1,2,25,5,9,1,40,8,0,8,48
11/18/2019,MSO,MT,ANM,WE,Federal Contract Tower,25,12,6,0,43,0,5,21,0,26,25,17,27,0,69,6,0,6,75
11/19/2019,MSO,MT,ANM,WE,Federal Contract Tower,25,10,20,4,59,0,2,11,0,13,25,12,31,4,72,24,0,24,96
11/20/2019,MSO,MT,ANM,WE,Federal Contract Tower,19,10,11,0,40,0,5,7,0,12,19,15,18,0,52,6,0,6,58
11/21/2019,MSO,MT,ANM,WE,Federal Contract Tower,24,10,19,0,53,0,0,53,0,53,24,10,72,0,106,40,0,40,146
11/22/2019,MSO,MT,ANM,WE,Federal Contract Tower,26,16,16,0,58,0,2,46,0,48,26,18,62,0,106,44,0,44,150
11/23/2019,MSO,MT,ANM,WE,Federal Contract Tower,21,4,10,0,35,0,3,26,0,29,21,7,36,0,64,38,0,38,102
11/24/2019,MSO,MT,ANM,WE,Federal Contract Tower,29,4,10,0,43,0,2,4,0,6,29,6,14,0,49,4,0,4,53
11/25/2019,MSO,MT,ANM,WE,Federal Contract Tower,25,6,14,0,45,0,0,3,0,3,25,6,17,0,48,0,0,0,48
11/26/2019,MSO,MT,ANM,WE,Federal Contract Tower,27,17,9,0,53,0,4,11,0,15,27,21,20,0,68,0,0,0,68
11/27/2019,MSO,MT,ANM,WE,Federal Contract Tower,28,18,16,0,62,0,1,0,0,1,28,19,16,0,63,0,0,0,63
11/28/2019,MSO,MT,ANM,WE,Federal Contract Tower,17,3,8,0,28,0,4,10,0,14,17,7,18,0,42,14,0,14,56
11/29/2019,MSO,MT,ANM,WE,Federal Contract Tower,17,9,8,0,34,0,0,4,0,4,17,9,12,0,38,4,0,4,42
11/30/2019,MSO,MT,ANM,WE,Federal Contract Tower,27,8,6,0,41,0,12,20,0,32,27,20,26,0,73,10,0,10,83
12/01/2019,MSO,MT,ANM,WE,Federal Contract Tower,30,13,26,0,69,0,2,3,0,5,30,15,29,0,74,8,0,8,82
12/02/2019,MSO,MT,ANM,WE,Federal Contract Tower,24,4,7,0,35,0,4,5,0,9,24,8,12,0,44,4,0,4,48
12/03/2019,MSO,MT,ANM,WE,Federal Contract Tower,23,15,9,18,65,0,6,19,11,36,23,21,28,29,101,19,0,19,120
12/04/2019,MSO,MT,ANM,WE,Federal Contract Tower,20,14,11,20,65,0,1,12,5,18,20,15,23,25,83,18,36,54,137
12/05/2019,MSO,MT,ANM,WE,Federal Contract Tower,21,16,20,5,62,0,5,23,0,28,21,21,43,5,90,6,0,6,96
12/06/2019,MSO,MT,ANM,WE,Federal Contract Tower,24,15,15,6,60,0,0,27,3,30,24,15,42,9,90,16,4,20,110
12/07/2019,MSO,MT,ANM,WE,Federal Contract Tower,18,5,13,0,36,0,0,9,0,9,18,5,22,0,45,8,0,8,53
12/08/2019,MSO,MT,ANM,WE,Federal Contract Tower,22,6,8,0,36,0,8,6,0,14,22,14,14,0,50,16,0,16,66
12/09/2019,MSO,MT,ANM,WE,Federal Contract Tower,21,7,10,7,45,0,8,11,2,21,21,15,21,9,66,0,16,16,82
12/10/2019,MSO,MT,ANM,WE,Federal Contract Tower,22,13,6,27,68,0,2,24,4,30,22,15,30,31,98,8,12,20,118
12/11/2019,MSO,MT,ANM,WE,Federal Contract Tower,20,16,6,0,42,0,2,11,0,13,20,18,17,0,55,8,0,8,63
12/12/2019,MSO,MT,ANM,WE,Federal Contract Tower,25,14,15,0,54,0,1,10,0,11,25,15,25,0,65,10,0,10,75
12/13/2019,MSO,MT,ANM,WE,Federal Contract Tower,22,14,21,0,57,0,5,6,0,11,22,19,27,0,68,14,0,14,82
12/14/2019,MSO,MT,ANM,WE,Federal Contract Tower,15,4,6,0,25,0,0,0,0,0,15,4,6,0,25,0,0,0,25
12/15/2019,MSO,MT,ANM,WE,Federal Contract Tower,22,3,7,0,32,0,0,2,0,2,22,3,9,0,34,16,0,16,50
12/16/2019,MSO,MT,ANM,WE,Federal Contract Tower,26,3,11,8,48,0,0,25,3,28,26,3,36,11,76,26,0,26,102
12/18/2019,MSO,MT,ANM,WE,Federal Contract Tower,20,18,8,10,56,0,0,12,4,16,20,18,20,14,72,18,0,18,90
12/19/2019,MSO,MT,ANM,WE,Federal Contract Tower,28,12,17,0,57,0,2,26,0,28,28,14,43,0,85,46,0,46,131
12/20/2019,MSO,MT,ANM,WE,Federal Contract Tower,21,18,10,0,49,0,3,18,0,21,21,21,28,0,70,38,0,38,108
12/21/2019,MSO,MT,ANM,WE,Federal Contract Tower,29,4,11,0,44,0,2,13,0,15,29,6,24,0,59,30,0,30,89
12/22/2019,MSO,MT,ANM,WE,Federal Contract Tower,34,0,10,0,44,0,7,48,0,55,34,7,58,0,99,28,0,28,127
12/23/2019,MSO,MT,ANM,WE,Federal Contract Tower,31,7,6,7,51,0,1,18,3,22,31,8,24,10,73,40,4,44,117
12/24/2019,MSO,MT,ANM,WE,Federal Contract Tower,28,10,7,0,45,0,0,0,0,0,28,10,7,0,45,0,0,0,45
12/25/2019,MSO,MT,ANM,WE,Federal Contract Tower,26,2,8,0,36,0,6,10,0,16,26,8,18,0,52,0,0,0,52
12/26/2019,MSO,MT,ANM,WE,Federal Contract Tower,30,15,13,0,58,0,7,30,0,37,30,22,43,0,95,44,0,44,139
12/27/2019,MSO,MT,ANM,WE,Federal Contract Tower,24,19,9,0,52,0,3,16,0,19,24,22,25,0,71,58,0,58,129
12/28/2019,MSO,MT,ANM,WE,Federal Contract Tower,29,10,12,0,51,0,6,16,0,22,29,16,28,0,73,36,0,36,109
12/29/2019,MSO,MT,ANM,WE,Federal Contract Tower,30,6,1,0,37,0,0,0,0,0,30,6,1,0,37,0,0,0,37
12/30/2019,MSO,MT,ANM,WE,Federal Contract Tower,28,8,11,12,59,0,2,12,2,16,28,10,23,14,75,24,36,60,135
12/31/2019,MSO,MT,ANM,WE,Federal Contract Tower,23,13,8,0,44,0,0,2,0,2,23,13,10,0,46,16,0,16,62
01/01/2020,MSO,MT,ANM,WE,Federal Contract Tower,23,6,8,0,37,1,5,3,0,9,24,11,11,0,46,12,0,12,58
01/02/2020,MSO,MT,ANM,WE,Federal Contract Tower,22,20,15,0,57,0,2,2,0,4,22,22,17,0,61,18,0,18,79
01/03/2020,MSO,MT,ANM,WE,Federal Contract Tower,22,14,9,0,45,0,5,11,0,16,22,19,20,0,61,26,0,26,87
01/04/2020,MSO,MT,ANM,WE,Federal Contract Tower,26,4,7,0,37,0,0,0,0,0,26,4,7,0,37,20,0,20,57
01/05/2020,MSO,MT,ANM,WE,Federal Contract Tower,27,4,12,0,43,0,3,20,0,23,27,7,32,0,66,18,0,18,84
01/06/2020,MSO,MT,ANM,WE,Federal Contract Tower,20,14,2,0,36,0,0,4,0,4,20,14,6,0,40,0,0,0,40
01/07/2020,MSO,MT,ANM,WE,Federal Contract Tower,27,15,5,0,47,0,0,0,0,0,27,15,5,0,47,8,0,8,55
01/08/2020,MSO,MT,ANM,WE,Federal Contract Tower,16,16,9,0,41,0,0,8,0,8,16,16,17,0,49,8,0,8,57
01/09/2020,MSO,MT,ANM,WE,Federal Contract Tower,18,16,10,0,44,0,1,11,0,12,18,17,21,0,56,16,0,16,72
01/10/2020,MSO,MT,ANM,WE,Federal Contract Tower,19,12,16,0,47,0,3,26,0,29,19,15,42,0,76,44,0,44,120
01/11/2020,MSO,MT,ANM,WE,Federal Contract Tower,16,6,1,0,23,0,1,2,0,3,16,7,3,0,26,18,0,18,44
01/12/2020,MSO,MT,ANM,WE,Federal Contract Tower,17,10,8,0,35,0,4,8,0,12,17,14,16,0,47,34,0,34,81
01/13/2020,MSO,MT,ANM,WE,Federal Contract Tower,17,10,13,0,40,0,26,16,0,42,17,36,29,0,82,24,0,24,106
01/14/2020,MSO,MT,ANM,WE,Federal Contract Tower,14,13,8,0,35,0,11,5,0,16,14,24,13,0,51,14,0,14,65
01/15/2020,MSO,MT,ANM,WE,Federal Contract Tower,14,19,5,0,38,0,6,35,0,41,14,25,40,0,79,70,0,70,149
01/16/2020,MSO,MT,ANM,WE,Federal Contract Tower,18,14,8,4,44,0,1,24,0,25,18,15,32,4,69,42,0,42,111
01/17/2020,MSO,MT,ANM,WE,Federal Contract Tower,16,11,11,0,38,0,0,17,0,17,16,11,28,0,55,22,0,22,77
01/18/2020,MSO,MT,ANM,WE,Federal Contract Tower,13,16,2,0,31,0,4,11,0,15,13,20,13,0,46,36,0,36,82
01/19/2020,MSO,MT,ANM,WE,Federal Contract Tower,17,7,14,0,38,0,3,44,0,47,17,10,58,0,85,8,0,8,93
01/20/2020,MSO,MT,ANM,WE,Federal Contract Tower,17,14,12,0,43,0,4,27,0,31,17,18,39,0,74,46,0,46,120
01/21/2020,MSO,MT,ANM,WE,Federal Contract Tower,15,19,8,0,42,0,9,18,0,27,15,28,26,0,69,36,0,36,105
01/22/2020,MSO,MT,ANM,WE,Federal Contract Tower,15,17,13,0,45,0,0,29,0,29,15,17,42,0,74,86,0,86,160
01/23/2020,MSO,MT,ANM,WE,Federal Contract Tower,18,14,9,0,41,0,2,12,0,14,18,16,21,0,55,16,0,16,71
01/24/2020,MSO,MT,ANM,WE,Federal Contract Tower,18,16,6,0,40,0,0,4,0,4,18,16,10,0,44,6,0,6,50
01/25/2020,MSO,MT,ANM,WE,Federal Contract Tower,12,9,1,0,22,0,0,1,0,1,12,9,2,0,23,10,0,10,33
01/27/2020,MSO,MT,ANM,WE,Federal Contract Tower,18,9,3,0,30,0,1,11,0,12,18,10,14,0,42,26,0,26,68
01/28/2020,MSO,MT,ANM,WE,Federal Contract Tower,13,18,2,0,33,0,3,7,0,10,13,21,9,0,43,24,0,24,67
01/29/2020,MSO,MT,ANM,WE,Federal Contract Tower,16,17,7,0,40,0,0,19,0,19,16,17,26,0,59,4,0,4,63
01/30/2020,MSO,MT,ANM,WE,Federal Contract Tower,16,17,5,0,38,0,12,41,0,53,16,29,46,0,91,36,0,36,127
01/31/2020,MSO,MT,ANM,WE,Federal Contract Tower,18,16,12,0,46,0,1,15,0,16,18,17,27,0,62,32,0,32,94
02/01/2020,MSO,MT,ANM,WE,Federal Contract Tower,14,8,5,0,27,0,0,3,0,3,14,8,8,0,30,0,0,0,30
02/02/2020,MSO,MT,ANM,WE,Federal Contract Tower,16,8,1,0,25,0,1,29,0,30,16,9,30,0,55,32,0,32,87
02/03/2020,MSO,MT,ANM,WE,Federal Contract Tower,16,10,10,9,45,0,1,57,2,60,16,11,67,11,105,16,8,24,129
02/04/2020,MSO,MT,ANM,WE,Federal Contract Tower,14,17,19,0,50,0,0,26,0,26,14,17,45,0,76,16,0,16,92
02/05/2020,MSO,MT,ANM,WE,Federal Contract Tower,14,17,16,0,47,0,0,0,0,0,14,17,16,0,47,0,0,0,47
02/06/2020,MSO,MT,ANM,WE,Federal Contract Tower,19,16,13,0,48,0,0,3,0,3,19,16,16,0,51,0,0,0,51
02/07/2020,MSO,MT,ANM,WE,Federal Contract Tower,14,8,12,2,36,0,0,0,0,0,14,8,12,2,36,0,0,0,36
02/08/2020,MSO,MT,ANM,WE,Federal Contract Tower,15,13,13,0,41,0,0,5,0,5,15,13,18,0,46,6,0,6,52
02/09/2020,MSO,MT,ANM,WE,Federal Contract Tower,17,7,11,0,35,0,0,38,0,38,17,7,49,0,73,100,0,100,173
02/10/2020,MSO,MT,ANM,WE,Federal Contract Tower,19,13,16,0,48,0,5,20,0,25,19,18,36,0,73,16,0,16,89
02/11/2020,MSO,MT,ANM,WE,Federal Contract Tower,18,23,6,0,47,0,3,4,0,7,18,26,10,0,54,0,0,0,54
02/12/2020,MSO,MT,ANM,WE,Federal Contract Tower,13,20,11,0,44,0,3,4,0,7,13,23,15,0,51,20,0,20,71
02/13/2020,MSO,MT,ANM,WE,Federal Contract Tower,16,17,13,5,51,0,0,48,1,49,16,17,61,6,100,66,0,66,166
02/14/2020,MSO,MT,ANM,WE,Federal Contract Tower,17,15,5,0,37,0,0,5,0,5,17,15,10,0,42,18,0,18,60
02/15/2020,MSO,MT,ANM,WE,Federal Contract Tower,18,7,9,0,34,0,11,17,0,28,18,18,26,0,62,56,0,56,118
02/16/2020,MSO,MT,ANM,WE,Federal Contract Tower,16,6,3,0,25,0,0,2,0,2,16,6,5,0,27,0,0,0,27
02/17/2020,MSO,MT,ANM,WE,Federal Contract Tower,19,10,8,0,37,0,2,8,1,11,19,12,16,1,48,10,0,10,58
02/18/2020,MSO,MT,ANM,WE,Federal Contract Tower,17,15,6,0,38,0,3,19,0,22,17,18,25,0,60,28,0,28,88
02/19/2020,MSO,MT,ANM,WE,Federal Contract Tower,12,13,11,0,36,0,0,30,0,30,12,13,41,0,66,44,0,44,110
02/20/2020,MSO,MT,ANM,WE,Federal Contract Tower,20,13,25,12,70,0,5,55,0,60,20,18,80,12,130,54,0,54,184
02/21/2020,MSO,MT,ANM,WE,Federal Contract Tower,18,14,15,0,47,0,6,56,0,62,18,20,71,0,109,68,0,68,177
02/22/2020,MSO,MT,ANM,WE,Federal Contract Tower,17,8,5,0,30,0,9,30,0,39,17,17,35,0,69,54,0,54,123
02/23/2020,MSO,MT,ANM,WE,Federal Contract Tower,18,9,9,0,36,0,3,5,0,8,18,12,14,0,44,10,0,10,54
02/24/2020,MSO,MT,ANM,WE,Federal Contract Tower,19,3,12,0,34,0,2,14,0,16,19,5,26,0,50,52,0,52,102
02/25/2020,MSO,MT,ANM,WE,Federal Contract Tower,17,16,19,0,52,0,0,20,2,22,17,16,39,2,74,22,0,22,96
02/26/2020,MSO,MT,ANM,WE,Federal Contract Tower,17,13,28,0,58,0,2,13,0,15,17,15,41,0,73,48,0,48,121
02/27/2020,MSO,MT,ANM,WE,Federal Contract Tower,25,18,13,0,56,0,2,31,0,33,25,20,44,0,89,26,0,26,115
02/28/2020,MSO,MT,ANM,WE,Federal Contract Tower,19,13,11,0,43,0,3,46,0,49,19,16,57,0,92,38,0,38,130
02/29/2020,MSO,MT,ANM,WE,Federal Contract Tower,14,6,7,0,27,0,2,13,0,15,14,8,20,0,42,6,0,6,48
03/01/2020,MSO,MT,ANM,WE,Federal Contract Tower,18,11,9,0,38,0,7,22,0,29,18,18,31,0,67,28,0,28,95
03/02/2020,MSO,MT,ANM,WE,Federal Contract Tower,20,8,10,6,44,0,10,12,3,25,20,18,22,9,69,26,18,44,113
03/03/2020,MSO,MT,ANM,WE,Federal Contract Tower,13,13,21,0,47,0,0,26,0,26,13,13,47,0,73,20,0,20,93
03/04/2020,MSO,MT,ANM,WE,Federal Contract Tower,14,18,3,4,39,0,2,7,0,9,14,20,10,4,48,4,0,4,52
03/05/2020,MSO,MT,ANM,WE,Federal Contract Tower,19,18,22,5,64,0,2,60,0,62,19,20,82,5,126,76,0,76,202
03/06/2020,MSO,MT,ANM,WE,Federal Contract Tower,19,14,10,2,45,0,0,69,0,69,19,14,79,2,114,74,0,74,188
03/07/2020,MSO,MT,ANM,WE,Federal Contract Tower,16,8,5,0,29,0,2,16,0,18,16,10,21,0,47,30,0,30,77
03/08/2020,MSO,MT,ANM,WE,Federal Contract Tower,19,7,10,0,36,0,10,32,0,42,19,17,42,0,78,22,0,22,100
03/09/2020,MSO,MT,ANM,WE,Federal Contract Tower,18,8,12,0,38,0,11,39,0,50,18,19,51,0,88,20,0,20,108
03/10/2020,MSO,MT,ANM,WE,Federal Contract Tower,18,16,10,0,44,0,1,37,0,38,18,17,47,0,82,14,0,14,96
03/11/2020,MSO,MT,ANM,WE,Federal Contract Tower,16,13,14,0,43,0,0,8,0,8,16,13,22,0,51,30,0,30,81
03/12/2020,MSO,MT,ANM,WE,Federal Contract Tower,19,9,13,1,42,0,2,47,0,49,19,11,60,1,91,50,0,50,141
03/13/2020,MSO,MT,ANM,WE,Federal Contract Tower,17,19,22,0,58,0,0,11,0,11,17,19,33,0,69,16,0,16,85
03/14/2020,MSO,MT,ANM,WE,Federal Contract Tower,15,12,5,0,32,0,0,0,0,0,15,12,5,0,32,0,0,0,32
03/15/2020,MSO,MT,ANM,WE,Federal Contract Tower,22,3,12,0,37,0,2,9,0,11,22,5,21,0,48,0,0,0,48
03/17/2020,MSO,MT,ANM,WE,Federal Contract Tower,20,24,13,0,57,0,7,20,0,27,20,31,33,0,84,32,0,32,116
03/18/2020,MSO,MT,ANM,WE,Federal Contract Tower,16,11,4,0,31,0,2,8,0,10,16,13,12,0,41,28,0,28,69
03/19/2020,MSO,MT,ANM,WE,Federal Contract Tower,20,11,8,1,40,0,7,10,0,17,20,18,18,1,57,26,12,38,95
03/20/2020,MSO,MT,ANM,WE,Federal Contract Tower,23,18,8,0,49,0,7,30,0,37,23,25,38,0,86,20,0,20,106
03/21/2020,MSO,MT,ANM,WE,Federal Contract Tower,14,9,3,0,26,0,0,51,0,51,14,9,54,0,77,20,0,20,97
03/22/2020,MSO,MT,ANM,WE,Federal Contract Tower,15,3,10,0,28,0,8,47,0,55,15,11,57,0,83,56,0,56,139
03/23/2020,MSO,MT,ANM,WE,Federal Contract Tower,19,2,13,0,34,0,2,7,0,9,19,4,20,0,43,0,0,0,43
03/24/2020,MSO,MT,ANM,WE,Federal Contract Tower,16,11,2,0,29,0,2,0,0,2,16,13,2,0,31,0,0,0,31
03/25/2020,MSO,MT,ANM,WE,Federal Contract Tower,16,10,4,0,30,0,1,6,0,7,16,11,10,0,37,14,0,14,51
03/26/2020,MSO,MT,ANM,WE,Federal Contract Tower,13,12,11,0,36,0,2,16,0,18,13,14,27,0,54,44,0,44,98
03/27/2020,MSO,MT,ANM,WE,Federal Contract Tower,14,12,3,0,29,0,6,28,0,34,14,18,31,0,63,40,0,40,103
03/28/2020,MSO,MT,ANM,WE,Federal Contract Tower,12,5,3,0,20,0,0,16,0,16,12,5,19,0,36,24,0,24,60
03/29/2020,MSO,MT,ANM,WE,Federal Contract Tower,11,2,4,0,17,0,0,10,0,10,11,2,14,0,27,4,0,4,31
03/30/2020,MSO,MT,ANM,WE,Federal Contract Tower,8,2,12,0,22,0,0,0,0,0,8,2,12,0,22,22,0,22,44
03/31/2020,MSO,MT,ANM,WE,Federal Contract Tower,10,14,10,0,34,0,0,4,0,4,10,14,14,0,38,0,0,0,38
04/01/2020,MSO,MT,ANM,WE,Federal Contract Tower,13,10,4,0,27,0,0,6,0,6,13,10,10,0,33,2,0,2,35
04/02/2020,MSO,MT,ANM,WE,Federal Contract Tower,10,19,4,0,33,0,2,3,2,7,10,21,7,2,40,0,0,0,40
04/03/2020,MSO,MT,ANM,WE,Federal Contract Tower,12,11,2,0,25,0,0,10,0,10,12,11,12,0,35,2,0,2,37
04/04/2020,MSO,MT,ANM,WE,Federal Contract Tower,10,2,1,0,13,0,1,20,0,21,10,3,21,0,34,14,0,14,48
04/05/2020,MSO,MT,ANM,WE,Federal Contract Tower,12,2,2,0,16,0,7,3,0,10,12,9,5,0,26,0,0,0,26
04/06/2020,MSO,MT,ANM,WE,Federal Contract Tower,9,2,8,0,19,0,2,3,0,5,9,4,11,0,24,0,0,0,24
04/07/2020,MSO,MT,ANM,WE,Federal Contract Tower,10,10,2,1,23,0,0,2,2,4,10,10,4,3,27,2,10,12,39
04/08/2020,MSO,MT,ANM,WE,Federal Contract Tower,11,9,2,0,22,0,4,34,0,38,11,13,36,0,60,18,0,18,78
04/09/2020,MSO,MT,ANM,WE,Federal Contract Tower,12,8,6,0,26,0,0,44,0,44,12,8,50,0,70,32,0,32,102
04/10/2020,MSO,MT,ANM,WE,Federal Contract Tower,9,9,6,0,24,0,4,22,0,26,9,13,28,0,50,0,0,0,50
04/11/2020,MSO,MT,ANM,WE,Federal Contract Tower,10,2,0,0,12,0,0,0,0,0,10,2,0,0,12,0,0,0,12
04/12/2020,MSO,MT,ANM,WE,Federal Contract Tower,8,0,7,0,15,0,0,18,0,18,8,0,25,0,33,20,0,20,53
04/13/2020,MSO,MT,ANM,WE,Federal Contract Tower,8,2,0,0,10,0,8,33,0,41,8,10,33,0,51,16,0,16,67
04/14/2020,MSO,MT,ANM,WE,Federal Contract Tower,9,12,12,0,33,0,13,0,0,13,9,25,12,0,46,0,0,0,46
04/15/2020,MSO,MT,ANM,WE,Federal Contract Tower,8,6,5,0,19,0,0,1,0,1,8,6,6,0,20,2,0,2,22
04/16/2020,MSO,MT,ANM,WE,Federal Contract Tower,9,7,3,0,19,0,2,45,0,47,9,9,48,0,66,26,0,26,92
04/17/2020,MSO,MT,ANM,WE,Federal Contract Tower,10,7,4,0,21,0,0,32,0,32,10,7,36,0,53,0,0,0,53
04/18/2020,MSO,MT,ANM,WE,Federal Contract Tower,10,7,3,0,20,0,4,19,0,23,10,11,22,0,43,18,0,18,61
04/19/2020,MSO,MT,ANM,WE,Federal Contract Tower,8,1,11,0,20,0,4,12,0,16,8,5,23,0,36,10,0,10,46
04/20/2020,MSO,MT,ANM,WE,Federal Contract Tower,9,4,3,10,26,0,0,20,3,23,9,4,23,13,49,16,30,46,95
04/21/2020,MSO,MT,ANM,WE,Federal Contract Tower,4,9,6,0,19,0,0,20,0,20,4,9,26,0,39,6,0,6,45
04/22/2020,MSO,MT,ANM,WE,Federal Contract Tower,8,6,5,0,19,0,3,32,0,35,8,9,37,0,54,4,0,4,58
04/23/2020,MSO,MT,ANM,WE,Federal Contract Tower,8,9,16,0,33,0,0,20,0,20,8,9,36,0,53,0,0,0,53
04/24/2020,MSO,MT,ANM,WE,Federal Contract Tower,7,6,5,0,18,0,6,40,0,46,7,12,45,0,64,8,0,8,72
04/25/2020,MSO,MT,ANM,WE,Federal Contract Tower,5,4,2,0,11,0,0,24,0,24,5,4,26,0,35,4,0,4,39
04/26/2020,MSO,MT,ANM,WE,Federal Contract Tower,6,6,6,0,18,0,5,36,0,41,6,11,42,0,59,12,0,12,71
04/27/2020,MSO,MT,ANM,WE,Federal Contract Tower,7,4,10,0,21,0,3,11,0,14,7,7,21,0,35,10,0,10,45
04/28/2020,MSO,MT,ANM,WE,Federal Contract Tower,9,7,11,0,27,0,1,72,0,73,9,8,83,0,100,54,0,54,154
04/29/2020,MSO,MT,ANM,WE,Federal Contract Tower,8,5,6,0,19,0,3,33,2,38,8,8,39,2,57,20,6,26,83
04/30/2020,MSO,MT,ANM,WE,Federal Contract Tower,12,8,11,0,31,0,5,5,0,10,12,13,16,0,41,0,0,0,41
05/01/2020,MSO,MT,ANM,WE,Federal Contract Tower,10,6,15,0,31,0,5,56,0,61,10,11,71,0,92,26,0,26,118
05/02/2020,MSO,MT,ANM,WE,Federal Contract Tower,10,2,5,0,17,0,4,27,0,31,10,6,32,0,48,30,0,30,78
05/03/2020,MSO,MT,ANM,WE,Federal Contract Tower,8,2,8,0,18,0,0,16,0,16,8,2,24,0,34,12,0,12,46
05/04/2020,MSO,MT,ANM,WE,Federal Contract Tower,8,2,0,0,10,0,11,21,0,32,8,13,21,0,42,6,0,6,48
05/05/2020,MSO,MT,ANM,WE,Federal Contract Tower,11,11,8,4,34,0,8,57,0,65,11,19,65,4,99,44,0,44,143
05/06/2020,MSO,MT,ANM,WE,Federal Contract Tower,10,8,11,0,29,0,2,24,0,26,10,10,35,0,55,24,2,26,81
05/07/2020,MSO,MT,ANM,WE,Federal Contract Tower,12,13,16,6,47,0,0,27,2,29,12,13,43,8,76,26,14,40,116
05/08/2020,MSO,MT,ANM,WE,Federal Contract Tower,9,11,5,0,25,0,2,42,0,44,9,13,47,0,69,68,0,68,137
05/09/2020,MSO,MT,ANM,WE,Federal Contract Tower,7,4,2,0,13,0,1,33,0,34,7,5,35,0,47,14,0,14,61
05/10/2020,MSO,MT,ANM,WE,Federal Contract Tower,13,3,3,0,19,0,1,7,0,8,13,4,10,0,27,0,0,0,27
05/11/2020,MSO,MT,ANM,WE,Federal Contract Tower,9,6,9,0,24,0,6,14,0,20,9,12,23,0,44,8,0,8,52
05/12/2020,MSO,MT,ANM,WE,Federal Contract Tower,10,15,6,0,31,0,4,7,0,11,10,19,13,0,42,0,0,0,42
05/13/2020,MSO,MT,ANM,WE,Federal Contract Tower,10,10,8,0,28,0,5,29,0,34,10,15,37,0,62,58,0,58,120
05/14/2020,MSO,MT,ANM,WE,Federal Contract Tower,12,9,9,2,32,0,5,43,0,48,12,14,52,2,80,98,4,102,182
05/15/2020,MSO,MT,ANM,WE,Federal Contract Tower,9,12,15,0,36,0,0,7,0,7,9,12,22,0,43,0,0,0,43
05/16/2020,MSO,MT,ANM,WE,Federal Contract Tower,10,6,9,0,25,0,9,46,0,55,10,15,55,0,80,32,0,32,112
05/17/2020,MSO,MT,ANM,WE,Federal Contract Tower,11,4,16,0,31,0,7,26,0,33,11,11,42,0,64,12,0,12,76
05/18/2020,MSO,MT,ANM,WE,Federal Contract Tower,11,2,4,14,31,0,0,11,0,11,11,2,15,14,42,40,0,40,82
05/19/2020,MSO,MT,ANM,WE,Federal Contract Tower,10,13,10,0,33,0,0,14,0,14,10,13,24,0,47,8,0,8,55
05/20/2020,MSO,MT,ANM,WE,Federal Contract Tower,11,8,10,0,29,0,0,24,0,24,11,8,34,0,53,24,0,24,77
05/21/2020,MSO,MT,ANM,WE,Federal Contract Tower,14,3,13,0,30,0,7,24,0,31,14,10,37,0,61,48,0,48,109
05/22/2020,MSO,MT,ANM,WE,Federal Contract Tower,12,10,11,2,35,0,0,16,0,16,12,10,27,2,51,22,26,48,99
05/23/2020,MSO,MT,ANM,WE,Federal Contract Tower,11,5,9,0,25,0,7,23,0,30,11,12,32,0,55,8,0,8,63
05/24/2020,MSO,MT,ANM,WE,Federal Contract Tower,13,8,7,2,30,0,0,22,0,22,13,8,29,2,52,46,0,46,98
05/25/2020,MSO,MT,ANM,WE,Federal Contract Tower,12,7,3,0,22,0,2,26,0,28,12,9,29,0,50,0,0,0,50
05/26/2020,MSO,MT,ANM,WE,Federal Contract Tower,10,5,4,0,19,0,3,28,0,31,10,8,32,0,50,22,0,22,72
05/27/2020,MSO,MT,ANM,WE,Federal Contract Tower,11,14,20,0,45,0,8,51,0,59,11,22,71,0,104,24,0,24,128
05/28/2020,MSO,MT,ANM,WE,Federal Contract Tower,13,10,6,0,29,0,6,49,0,55,13,16,55,0,84,24,0,24,108
05/29/2020,MSO,MT,ANM,WE,Federal Contract Tower,12,12,10,2,36,0,7,50,0,57,12,19,60,2,93,58,0,58,151
05/30/2020,MSO,MT,ANM,WE,Federal Contract Tower,10,5,4,0,19,0,3,31,0,34,10,8,35,0,53,16,0,16,69
05/31/2020,MSO,MT,ANM,WE,Federal Contract Tower,12,11,9,0,32,0,2,11,0,13,12,13,20,0,45,4,0,4,49
06/01/2020,MSO,MT,ANM,WE,Federal Contract Tower,13,9,18,0,40,0,7,39,0,46,13,16,57,0,86,10,0,10,96
06/02/2020,MSO,MT,ANM,WE,Federal Contract Tower,12,11,11,0,34,0,11,65,0,76,12,22,76,0,110,114,0,114,224
06/03/2020,MSO,MT,ANM,WE,Federal Contract Tower,11,20,12,0,43,0,4,65,0,69,11,24,77,0,112,32,0,32,144
06/04/2020,MSO,MT,ANM,WE,Federal Contract Tower,14,15,18,4,51,0,1,41,0,42,14,16,59,4,93,30,0,30,123
06/05/2020,MSO,MT,ANM,WE,Federal Contract Tower,14,19,12,0,45,0,5,70,0,75,14,24,82,0,120,68,0,68,188
06/06/2020,MSO,MT,ANM,WE,Federal Contract Tower,11,9,19,0,39,0,4,4,0,8,11,13,23,0,47,24,0,24,71
06/07/2020,MSO,MT,ANM,WE,Federal Contract Tower,14,12,14,0,40,0,2,7,0,9,14,14,21,0,49,0,0,0,49
06/08/2020,MSO,MT,ANM,WE,Federal Contract Tower,20,18,9,0,47,0,0,7,0,7,20,18,16,0,54,4,0,4,58
06/09/2020,MSO,MT,ANM,WE,Federal Contract Tower,11,21,20,0,52,0,5,28,0,33,11,26,48,0,85,34,0,34,119
06/10/2020,MSO,MT,ANM,WE,Federal Contract Tower,12,20,16,0,48,0,1,44,0,45,12,21,60,0,93,64,0,64,157
06/11/2020,MSO,MT,ANM,WE,Federal Contract Tower,14,19,13,0,46,0,3,68,0,71,14,22,81,0,117,76,0,76,193
06/12/2020,MSO,MT,ANM,WE,Federal Contract Tower,12,23,19,0,54,0,7,64,0,71,12,30,83,0,125,50,0,50,175
06/13/2020,MSO,MT,ANM,WE,Federal Contract Tower,10,20,19,0,49,0,9,22,0,31,10,29,41,0,80,20,0,20,100
06/14/2020,MSO,MT,ANM,WE,Federal Contract Tower,15,7,17,0,39,0,0,6,0,6,15,7,23,0,45,4,0,4,49
06/15/2020,MSO,MT,ANM,WE,Federal Contract Tower,17,13,14,2,46,3,6,18,0,27,20,19,32,2,73,58,0,58,131
06/16/2020,MSO,MT,ANM,WE,Federal Contract Tower,9,17,13,0,39,0,0,14,0,14,9,17,27,0,53,26,0,26,79
06/17/2020,MSO,MT,ANM,WE,Federal Contract Tower,11,21,27,6,65,0,1,20,1,22,11,22,47,7,87,6,24,30,117
06/18/2020,MSO,MT,ANM,WE,Federal Contract Tower,14,14,25,0,53,0,5,33,0,38,14,19,58,0,91,118,0,118,209
06/20/2020,MSO,MT,ANM,WE,Federal Contract Tower,10,11,17,0,38,0,7,41,0,48,10,18,58,0,86,58,0,58,144
06/21/2020,MSO,MT,ANM,WE,Federal Contract Tower,15,17,20,0,52,0,2,24,0,26,15,19,44,0,78,8,0,8,86
06/22/2020,MSO,MT,ANM,WE,Federal Contract Tower,18,10,7,5,40,0,5,45,1,51,18,15,52,6,91,28,12,40,131
06/23/2020,MSO,MT,ANM,WE,Federal Contract Tower,12,18,15,4,49,0,9,59,0,68,12,27,74,4,117,60,0,60,177
06/24/2020,MSO,MT,ANM,WE,Federal Contract Tower,15,22,12,0,49,0,6,36,0,42,15,28,48,0,91,86,0,86,177
06/25/2020,MSO,MT,ANM,WE,Federal Contract Tower,14,31,21,0,66,0,0,49,0,49,14,31,70,0,115,44,0,44,159
06/26/2020,MSO,MT,ANM,WE,Federal Contract Tower,19,21,19,0,59,0,10,71,2,83,19,31,90,2,142,38,0,38,180
06/27/2020,MSO,MT,ANM,WE,Federal Contract Tower,16,17,19,0,52,0,7,19,0,26,16,24,38,0,78,20,0,20,98
06/28/2020,MSO,MT,ANM,WE,Federal Contract Tower,18,16,16,0,50,0,7,16,0,23,18,23,32,0,73,0,0,0,73
06/29/2020,MSO,MT,ANM,WE,Federal Contract Tower,20,14,13,0,47,0,0,0,0,0,20,14,13,0,47,0,0,0,47
06/30/2020,MSO,MT,ANM,WE,Federal Contract Tower,13,22,15,0,50,0,0,2,0,2,13,22,17,0,52,0,0,0,52
07/01/2020,MSO,MT,ANM,WE,Federal Contract Tower,16,30,26,0,72,0,1,44,0,45,16,31,70,0,117,80,0,80,197
07/02/2020,MSO,MT,ANM,WE,Federal Contract Tower,27,22,24,1,74,0,3,46,1,50,27,25,70,2,124,80,12,92,216
07/03/2020,MSO,MT,ANM,WE,Federal Contract Tower,25,20,16,0,61,0,9,77,6,92,25,29,93,6,153,46,0,46,199
07/04/2020,MSO,MT,ANM,WE,Federal Contract Tower,24,3,13,0,40,0,12,28,0,40,24,15,41,0,80,44,0,44,124
07/05/2020,MSO,MT,ANM,WE,Federal Contract Tower,24,12,15,0,51,0,6,71,0,77,24,18,86,0,128,14,0,14,142
07/06/2020,MSO,MT,ANM,WE,Federal Contract Tower,30,16,19,2,67,0,16,39,0,55,30,32,58,2,122,52,0,52,174
07/07/2020,MSO,MT,ANM,WE,Federal Contract Tower,25,17,12,8,62,0,2,22,0,24,25,19,34,8,86,100,0,100,186
07/08/2020,MSO,MT,ANM,WE,Federal Contract Tower,23,16,14,1,54,0,5,48,4,57,23,21,62,5,111,38,30,68,179
07/09/2020,MSO,MT,ANM,WE,Federal Contract Tower,30,25,20,0,75,0,8,64,3,75,30,33,84,3,150,100,0,100,250
07/10/2020,MSO,MT,ANM,WE,Federal Contract Tower,29,14,22,0,65,0,6,59,0,65,29,20,81,0,130,6,0,6,136
07/11/2020,MSO,MT,ANM,WE,Federal Contract Tower,27,12,13,0,52,0,3,84,0,87,27,15,97,0,139,104,0,104,243
07/12/2020,MSO,MT,ANM,WE,Federal Contract Tower,28,16,21,0,65,0,4,25,0,29,28,20,46,0,94,44,0,44,138
07/13/2020,MSO,MT,ANM,WE,Federal Contract Tower,31,17,9,2,59,0,10,31,0,41,31,27,40,2,100,62,0,62,162
07/14/2020,MSO,MT,ANM,WE,Federal Contract Tower,25,14,18,0,57,0,5,26,0,31,25,19,44,0,88,54,0,54,142
07/15/2020,MSO,MT,ANM,WE,Federal Contract Tower,25,22,21,3,71,0,13,50,0,63,25,35,71,3,134,46,8,54,188
07/16/2020,MSO,MT,ANM,WE,Federal Contract Tower,27,15,14,0,56,0,8,39,0,47,27,23,53,0,103,58,0,58,161
07/17/2020,MSO,MT,ANM,WE,Federal Contract Tower,29,19,11,1,60,0,8,53,1,62,29,27,64,2,122,66,6,72,194
07/18/2020,MSO,MT,ANM,WE,Federal Contract Tower,24,14,15,0,53,0,6,39,0,45,24,20,54,0,98,80,0,80,178
07/19/2020,MSO,MT,ANM,WE,Federal Contract Tower,31,24,18,0,73,0,7,50,0,57,31,31,68,0,130,32,0,32,162
07/20/2020,MSO,MT,ANM,WE,Federal Contract Tower,34,8,11,0,53,0,1,25,0,26,34,9,36,0,79,32,0,32,111
07/21/2020,MSO,MT,ANM,WE,Federal Contract Tower,25,16,14,0,55,0,9,53,0,62,25,25,67,0,117,38,0,38,155
07/22/2020,MSO,MT,ANM,WE,Federal Contract Tower,23,15,21,4,63,0,3,44,0,47,23,18,65,4,110,58,0,58,168
07/23/2020,MSO,MT,ANM,WE,Federal Contract Tower,27,17,16,0,60,0,9,43,2,54,27,26,59,2,114,74,0,74,188
07/24/2020,MSO,MT,ANM,WE,Federal Contract Tower,31,17,15,0,63,0,9,81,0,90,31,26,96,0,153,68,0,68,221
07/25/2020,MSO,MT,ANM,WE,Federal Contract Tower,27,17,23,0,67,0,5,87,0,92,27,22,110,0,159,62,0,62,221
07/26/2020,MSO,MT,ANM,WE,Federal Contract Tower,31,9,16,0,56,0,7,69,0,76,31,16,85,0,132,30,0,30,162
07/27/2020,MSO,MT,ANM,WE,Federal Contract Tower,30,11,17,0,58,0,4,51,0,55,30,15,68,0,113,16,0,16,129
07/28/2020,MSO,MT,ANM,WE,Federal Contract Tower,26,19,18,0,63,0,4,83,1,88,26,23,101,1,151,22,28,50,201
07/29/2020,MSO,MT,ANM,WE,Federal Contract Tower,23,20,20,0,63,0,4,57,0,61,23,24,77,0,124,40,0,40,164
07/30/2020,MSO,MT,ANM,WE,Federal Contract Tower,30,21,18,0,69,0,7,59,0,66,30,28,77,0,135,86,0,86,221
07/31/2020,MSO,MT,ANM,WE,Federal Contract Tower,33,26,15,0,74,0,7,53,0,60,33,33,68,0,134,74,0,74,208
08/01/2020,MSO,MT,ANM,WE,Federal Contract Tower,32,8,17,0,57,0,0,84,0,84,32,8,101,0,141,88,0,88,229
08/02/2020,MSO,MT,ANM,WE,Federal Contract Tower,32,12,28,0,72,0,0,59,0,59,32,12,87,0,131,66,0,66,197
08/03/2020,MSO,MT,ANM,WE,Federal Contract Tower,36,13,9,0,58,0,9,36,0,45,36,22,45,0,103,38,0,38,141
08/04/2020,MSO,MT,ANM,WE,Federal Contract Tower,32,21,13,0,66,0,3,44,0,47,32,24,57,0,113,70,0,70,183
08/05/2020,MSO,MT,ANM,WE,Federal Contract Tower,31,28,21,0,80,0,7,50,0,57,31,35,71,0,137,84,0,84,221
08/06/2020,MSO,MT,ANM,WE,Federal Contract Tower,32,17,13,1,63,0,1,50,0,51,32,18,63,1,114,36,0,36,150
08/07/2020,MSO,MT,ANM,WE,Federal Contract Tower,37,9,15,0,61,0,5,56,0,61,37,14,71,0,122,30,0,30,152
08/08/2020,MSO,MT,ANM,WE,Federal Contract Tower,31,15,7,0,53,0,7,60,0,67,31,22,67,0,120,16,0,16,136
08/09/2020,MSO,MT,ANM,WE,Federal Contract Tower,35,25,19,0,79,0,4,55,0,59,35,29,74,0,138,30,0,30,168
08/10/2020,MSO,MT,ANM,WE,Federal Contract Tower,39,23,14,0,76,0,2,51,0,53,39,25,65,0,129,36,0,36,165
08/11/2020,MSO,MT,ANM,WE,Federal Contract Tower,28,20,8,4,60,0,1,60,2,63,28,21,68,6,123,28,8,36,159
08/12/2020,MSO,MT,ANM,WE,Federal Contract Tower,29,27,19,1,76,0,1,43,3,47,29,28,62,4,123,24,28,52,175
08/13/2020,MSO,MT,ANM,WE,Federal Contract Tower,34,29,17,0,80,0,2,52,0,54,34,31,69,0,134,76,0,76,210
08/14/2020,MSO,MT,ANM,WE,Federal Contract Tower,33,17,11,2,63,0,5,79,0,84,33,22,90,2,147,66,14,80,227
08/15/2020,MSO,MT,ANM,WE,Federal Contract Tower,40,19,16,0,75,0,8,71,0,79,40,27,87,0,154,38,0,38,192
08/16/2020,MSO,MT,ANM,WE,Federal Contract Tower,34,15,13,0,62,0,3,34,0,37,34,18,47,0,99,44,0,44,143
08/17/2020,MSO,MT,ANM,WE,Federal Contract Tower,37,13,8,0,58,0,13,40,0,53,37,26,48,0,111,26,0,26,137
08/18/2020,MSO,MT,ANM,WE,Federal Contract Tower,24,31,15,0,70,0,5,55,0,60,24,36,70,0,130,76,0,76,206
08/19/2020,MSO,MT,ANM,WE,Federal Contract Tower,25,25,10,0,60,0,6,79,0,85,25,31,89,0,145,36,0,36,181
08/20/2020,MSO,MT,ANM,WE,Federal Contract Tower,33,15,15,0,63,0,7,56,0,63,33,22,71,0,126,54,0,54,180
08/21/2020,MSO,MT,ANM,WE,Federal Contract Tower,39,16,5,0,60,0,9,70,0,79,39,25,75,0,139,68,0,68,207
08/22/2020,MSO,MT,ANM,WE,Federal Contract Tower,33,15,24,0,72,0,15,71,2,88,33,30,95,2,160,52,0,52,212
08/23/2020,MSO,MT,ANM,WE,Federal Contract Tower,32,17,15,2,66,0,10,69,2,81,32,27,84,4,147,74,0,74,221
08/24/2020,MSO,MT,ANM,WE,Federal Contract Tower,33,22,16,0,71,0,5,22,0,27,33,27,38,0,98,14,0,14,112
08/25/2020,MSO,MT,ANM,WE,Federal Contract Tower,24,20,11,0,55,0,10,31,0,41,24,30,42,0,96,80,0,80,176
08/26/2020,MSO,MT,ANM,WE,Federal Contract Tower,26,22,18,0,66,0,5,55,1,61,26,27,73,1,127,58,10,68,195
08/27/2020,MSO,MT,ANM,WE,Federal Contract Tower,31,28,22,0,81,0,4,94,0,98,31,32,116,0,179,56,0,56,235
08/28/2020,MSO,MT,ANM,WE,Federal Contract Tower,34,20,19,2,75,0,18,95,0,113,34,38,114,2,188,62,0,62,250
08/29/2020,MSO,MT,ANM,WE,Federal Contract Tower,31,11,9,0,51,0,37,79,0,116,31,48,88,0,167,62,0,62,229
08/30/2020,MSO,MT,ANM,WE,Federal Contract Tower,32,14,15,2,63,0,4,53,0,57,32,18,68,2,120,80,0,80,200
08/31/2020,MSO,MT,ANM,WE,Federal Contract Tower,35,20,20,0,75,0,1,28,1,30,35,21,48,1,105,62,0,62,167
09/01/2020,MSO,MT,ANM,WE,Federal Contract Tower,25,16,6,0,47,0,7,46,4,57,25,23,52,4,104,28,8,36,140
09/02/2020,MSO,MT,ANM,WE,Federal Contract Tower,29,19,22,4,74,0,0,35,0,35,29,19,57,4,109,0,0,0,109
09/03/2020,MSO,MT,ANM,WE,Federal Contract Tower,32,19,24,0,75,0,5,84,0,89,32,24,108,0,164,92,0,92,256
09/04/2020,MSO,MT,ANM,WE,Federal Contract Tower,35,22,28,0,85,0,7,90,0,97,35,29,118,0,182,50,0,50,232
09/05/2020,MSO,MT,ANM,WE,Federal Contract Tower,32,9,7,0,48,0,23,64,0,87,32,32,71,0,135,58,0,58,193
09/06/2020,MSO,MT,ANM,WE,Federal Contract Tower,26,6,13,0,45,0,17,64,0,81,26,23,77,0,126,94,0,94,220
09/07/2020,MSO,MT,ANM,WE,Federal Contract Tower,34,12,17,0,63,0,0,3,0,3,34,12,20,0,66,0,0,0,66
09/08/2020,MSO,MT,ANM,WE,Federal Contract Tower,20,17,10,0,47,0,9,67,2,78,20,26,77,2,125,60,0,60,185
09/09/2020,MSO,MT,ANM,WE,Federal Contract Tower,23,18,14,0,55,0,9,48,0,57,23,27,62,0,112,72,0,72,184
09/10/2020,MSO,MT,ANM,WE,Federal Contract Tower,26,21,8,5,60,0,6,44,1,51,26,27,52,6,111,22,6,28,139
09/11/2020,MSO,MT,ANM,WE,Federal Contract Tower,28,20,16,1,65,0,7,62,2,71,28,27,78,3,136,58,0,58,194
09/12/2020,MSO,MT,ANM,WE,Federal Contract Tower,27,8,15,2,52,0,9,75,0,84,27,17,90,2,136,48,0,48,184
09/13/2020,MSO,MT,ANM,WE,Federal Contract Tower,26,16,21,2,65,0,6,13,0,19,26,22,34,2,84,16,0,16,100
09/14/2020,MSO,MT,ANM,WE,Federal Contract Tower,28,13,14,1,56,0,0,0,0,0,28,13,14,1,56,0,0,0,56
09/15/2020,MSO,MT,ANM,WE,Federal Contract Tower,20,11,24,0,55,0,0,2,0,2,20,11,26,0,57,0,0,0,57
09/16/2020,MSO,MT,ANM,WE,Federal Contract Tower,23,23,21,0,67,0,0,0,0,0,23,23,21,0,67,0,0,0,67
09/17/2020,MSO,MT,ANM,WE,Federal Contract Tower,26,18,28,0,72,0,0,2,0,2,26,18,30,0,74,0,0,0,74
09/18/2020,MSO,MT,ANM,WE,Federal Contract Tower,27,17,16,0,60,0,4,3,0,7,27,21,19,0,67,0,0,0,67
09/19/2020,MSO,MT,ANM,WE,Federal Contract Tower,29,9,14,0,52,0,5,2,0,7,29,14,16,0,59,0,0,0,59
09/20/2020,MSO,MT,ANM,WE,Federal Contract Tower,28,13,22,2,65,0,1,29,0,30,28,14,51,2,95,36,0,36,131
09/21/2020,MSO,MT,ANM,WE,Federal Contract Tower,26,12,9,0,47,0,0,36,0,36,26,12,45,0,83,42,0,42,125
09/22/2020,MSO,MT,ANM,WE,Federal Contract Tower,22,15,24,2,63,0,4,0,0,4,22,19,24,2,67,38,0,38,105
09/23/2020,MSO,MT,ANM,WE,Federal Contract Tower,20,13,14,0,47,0,11,62,0,73,20,24,76,0,120,44,0,44,164
09/24/2020,MSO,MT,ANM,WE,Federal Contract Tower,26,12,15,0,53,0,3,10,0,13,26,15,25,0,66,22,0,22,88
09/25/2020,MSO,MT,ANM,WE,Federal Contract Tower,27,17,17,0,61,0,0,29,0,29,27,17,46,0,90,36,0,36,126
09/26/2020,MSO,MT,ANM,WE,Federal Contract Tower,27,8,8,0,43,0,3,18,0,21,27,11,26,0,64,36,0,36,100
09/27/2020,MSO,MT,ANM,WE,Federal Contract Tower,25,12,10,0,47,0,5,37,0,42,25,17,47,0,89,36,0,36,125
09/28/2020,MSO,MT,ANM,WE,Federal Contract Tower,28,4,10,0,42,0,5,46,0,51,28,9,56,0,93,14,0,14,107
09/29/2020,MSO,MT,ANM,WE,Federal Contract Tower,19,15,15,0,49,0,3,40,0,43,19,18,55,0,92,38,0,38,130
09/30/2020,MSO,MT,ANM,WE,Federal Contract Tower,23,12,2,0,37,0,9,52,0,61,23,21,54,0,98,38,0,38,136
10/01/2020,MSO,MT,ANM,WE,Federal Contract Tower,25,20,19,0,64,0,5,36,0,41,25,25,55,0,105,14,0,14,119
10/02/2020,MSO,MT,ANM,WE,Federal Contract Tower,28,17,13,16,74,0,10,41,0,51,28,27,54,16,125,74,14,88,213
10/03/2020,MSO,MT,ANM,WE,Federal Contract Tower,24,3,11,0,38,0,7,71,0,78,24,10,82,0,116,34,0,34,150
10/04/2020,MSO,MT,ANM,WE,Federal Contract Tower,25,10,10,0,45,0,3,22,0,25,25,13,32,0,70,58,0,58,128
10/05/2020,MSO,MT,ANM,WE,Federal Contract Tower,27,12,8,0,47,0,9,22,2,33,27,21,30,2,80,32,0,32,112
10/06/2020,MSO,MT,ANM,WE,Federal Contract Tower,20,16,10,0,46,0,9,34,0,43,20,25,44,0,89,28,0,28,117
10/07/2020,MSO,MT,ANM,WE,Federal Contract Tower,21,16,22,12,71,0,3,43,0,46,21,19,65,12,117,38,0,38,155
10/08/2020,MSO,MT,ANM,WE,Federal Contract Tower,27,11,15,2,55,0,6,55,0,61,27,17,70,2,116,68,14,82,198
10/09/2020,MSO,MT,ANM,WE,Federal Contract Tower,28,21,13,0,62,0,2,36,0,38,28,23,49,0,100,28,0,28,128
10/10/2020,MSO,MT,ANM,WE,Federal Contract Tower,25,10,9,0,44,0,5,13,0,18,25,15,22,0,62,0,0,0,62
10/11/2020,MSO,MT,ANM,WE,Federal Contract Tower,25,1,9,0,35,0,15,4,0,19,25,16,13,0,54,10,0,10,64
10/12/2020,MSO,MT,ANM,WE,Federal Contract Tower,27,12,8,0,47,0,4,7,0,11,27,16,15,0,58,0,0,0,58
10/13/2020,MSO,MT,ANM,WE,Federal Contract Tower,20,15,19,0,54,0,2,5,0,7,20,17,24,0,61,14,0,14,75
10/14/2020,MSO,MT,ANM,WE,Federal Contract Tower,19,24,13,0,56,0,2,3,0,5,19,26,16,0,61,8,0,8,69
10/15/2020,MSO,MT,ANM,WE,Federal Contract Tower,25,20,18,0,63,0,1,45,0,46,25,21,63,0,109,22,0,22,131
10/16/2020,MSO,MT,ANM,WE,Federal Contract Tower,28,15,13,0,56,0,2,22,0,24,28,17,35,0,80,58,0,58,138
10/18/2020,MSO,MT,ANM,WE,Federal Contract Tower,26,10,22,0,58,0,0,0,0,0,26,10,22,0,58,0,0,0,58
10/19/2020,MSO,MT,ANM,WE,Federal Contract Tower,26,9,11,0,46,0,1,5,0,6,26,10,16,0,52,0,0,0,52
10/20/2020,MSO,MT,ANM,WE,Federal Contract Tower,20,18,28,0,66,0,2,32,0,34,20,20,60,0,100,68,0,68,168
10/21/2020,MSO,MT,ANM,WE,Federal Contract Tower,20,17,14,4,55,0,0,7,0,7,20,17,21,4,62,0,0,0,62
10/22/2020,MSO,MT,ANM,WE,Federal Contract Tower,26,13,10,2,51,0,0,21,0,21,26,13,31,2,72,0,0,0,72
10/23/2020,MSO,MT,ANM,WE,Federal Contract Tower,23,15,4,5,47,0,2,5,0,7,23,17,9,5,54,12,0,12,66
10/24/2020,MSO,MT,ANM,WE,Federal Contract Tower,29,10,6,0,45,0,0,1,0,1,29,10,7,0,46,0,0,0,46
10/25/2020,MSO,MT,ANM,WE,Federal Contract Tower,24,8,10,0,42,0,4,33,0,37,24,12,43,0,79,12,0,12,91
10/26/2020,MSO,MT,ANM,WE,Federal Contract Tower,26,5,10,0,41,0,6,12,0,18,26,11,22,0,59,22,0,22,81
10/27/2020,MSO,MT,ANM,WE,Federal Contract Tower,20,16,3,5,44,0,5,19,0,24,20,21,22,5,68,16,34,50,118
10/28/2020,MSO,MT,ANM,WE,Federal Contract Tower,22,14,10,0,46,0,4,5,0,9,22,18,15,0,55,6,0,6,61
10/29/2020,MSO,MT,ANM,WE,Federal Contract Tower,25,17,8,0,50,0,0,17,0,17,25,17,25,0,67,14,0,14,81
10/30/2020,MSO,MT,ANM,WE,Federal Contract Tower,31,11,8,0,50,0,0,16,0,16,31,11,24,0,66,10,0,10,76
10/31/2020,MSO,MT,ANM,WE,Federal Contract Tower,19,5,3,0,27,0,9,56,0,65,19,14,59,0,92,22,0,22,114
11/01/2020,MSO,MT,ANM,WE,Federal Contract Tower,25,8,3,0,36,0,2,31,0,33,25,10,34,0,69,56,0,56,125
11/02/2020,MSO,MT,ANM,WE,Federal Contract Tower,29,9,5,0,43,0,1,47,0,48,29,10,52,0,91,18,0,18,109
11/04/2020,MSO,MT,ANM,WE,Federal Contract Tower,24,10,6,0,40,0,9,28,0,37,24,19,34,0,77,10,0,10,87
11/05/2020,MSO,MT,ANM,WE,Federal Contract Tower,28,15,7,0,50,0,1,10,0,11,28,16,17,0,61,10,0,10,71
11/06/2020,MSO,MT,ANM,WE,Federal Contract Tower,27,15,11,0,53,0,10,21,0,31,27,25,32,0,84,20,0,20,104
11/07/2020,MSO,MT,ANM,WE,Federal Contract Tower,27,3,12,0,42,0,0,5,0,5,27,3,17,0,47,6,0,6,53
11/08/2020,MSO,MT,ANM,WE,Federal Contract Tower,29,3,1,0,33,0,0,0,0,0,29,3,1,0,33,0,0,0,33
11/09/2020,MSO,MT,ANM,WE,Federal Contract Tower,27,7,9,0,43,0,2,37,0,39,27,9,46,0,82,56,0,56,138
11/11/2020,MSO,MT,ANM,WE,Federal Contract Tower,26,17,7,0,50,0,0,1,0,1,26,17,8,0,51,22,0,22,73
11/12/2020,MSO,MT,ANM,WE,Federal Contract Tower,29,15,13,0,57,0,11,44,0,55,29,26,57,0,112,42,0,42,154
11/13/2020,MSO,MT,ANM,WE,Federal Contract Tower,24,11,10,0,45,0,0,3,0,3,24,11,13,0,48,2,0,2,50
11/14/2020,MSO,MT,ANM,WE,Federal Contract Tower,26,5,9,0,40,0,5,0,0,5,26,10,9,0,45,18,0,18,63
11/15/2020,MSO,MT,ANM,WE,Federal Contract Tower,28,1,10,0,39,0,2,3,0,5,28,3,13,0,44,6,0,6,50
11/16/2020,MSO,MT,ANM,WE,Federal Contract Tower,25,2,1,0,28,0,0,0,0,0,25,2,1,0,28,20,0,20,48
11/18/2020,MSO,MT,ANM,WE,Federal Contract Tower,26,10,10,0,46,0,0,2,0,2,26,10,12,0,48,18,0,18,66
11/19/2020,MSO,MT,ANM,WE,Federal Contract Tower,25,8,9,0,42,0,3,7,0,10,25,11,16,0,52,30,0,30,82
11/20/2020,MSO,MT,ANM,WE,Federal Contract Tower,34,12,20,0,66,0,12,53,0,65,34,24,73,0,131,60,0,60,191
11/21/2020,MSO,MT,ANM,WE,Federal Contract Tower,31,9,2,1,43,0,17,57,0,74,31,26,59,1,117,34,0,34,151
11/22/2020,MSO,MT,ANM,WE,Federal Contract Tower,31,6,3,1,41,0,6,38,0,44,31,12,41,1,85,20,0,20,105
11/23/2020,MSO,MT,ANM,WE,Federal Contract Tower,28,5,7,0,40,0,3,12,0,15,28,8,19,0,55,26,0,26,81
11/24/2020,MSO,MT,ANM,WE,Federal Contract Tower,27,16,10,0,53,0,0,19,0,19,27,16,29,0,72,0,0,0,72
11/25/2020,MSO,MT,ANM,WE,Federal Contract Tower,31,14,9,0,54,0,1,8,0,9,31,15,17,0,63,30,0,30,93
11/27/2020,MSO,MT,ANM,WE,Federal Contract Tower,22,11,2,0,35,0,14,22,0,36,22,25,24,0,71,26,0,26,97
11/28/2020,MSO,MT,ANM,WE,Federal Contract Tower,27,4,9,0,40,0,5,18,0,23,27,9,27,0,63,40,0,40,103
11/29/2020,MSO,MT,ANM,WE,Federal Contract Tower,33,11,17,0,61,0,6,38,0,44,33,17,55,0,105,12,0,12,117
11/30/2020,MSO,MT,ANM,WE,Federal Contract Tower,36,3,4,0,43,0,7,7,0,14,36,10,11,0,57,26,0,26,83
12/01/2020,MSO,MT,ANM,WE,Federal Contract Tower,21,16,11,0,48,0,2,17,0,19,21,18,28,0,67,18,0,18,85
12/02/2020,MSO,MT,ANM,WE,Federal Contract Tower,20,18,11,5,54,0,2,24,0,26,20,20,35,5,80,16,12,28,108
12/03/2020,MSO,MT,ANM,WE,Federal Contract Tower,23,14,17,0,54,0,8,42,0,50,23,22,59,0,104,12,0,12,116
12/04/2020,MSO,MT,ANM,WE,Federal Contract Tower,23,14,7,0,44,0,4,42,0,46,23,18,49,0,90,92,0,92,182
12/05/2020,MSO,MT,ANM,WE,Federal Contract Tower,20,7,5,0,32,0,5,32,0,37,20,12,37,0,69,54,0,54,123
12/06/2020,MSO,MT,ANM,WE,Federal Contract Tower,26,2,10,0,38,0,0,29,0,29,26,2,39,0,67,52,0,52,119
12/07/2020,MSO,MT,ANM,WE,Federal Contract Tower,21,5,8,0,34,0,4,19,0,23,21,9,27,0,57,78,0,78,135
12/08/2020,MSO,MT,ANM,WE,Federal Contract Tower,19,16,8,0,43,0,5,43,0,48,19,21,51,0,91,52,0,52,143
12/09/2020,MSO,MT,ANM,WE,Federal Contract Tower,20,17,12,0,49,0,4,52,0,56,20,21,64,0,105,88,0,88,193
12/10/2020,MSO,MT,ANM,WE,Federal Contract Tower,22,15,7,0,44,0,6,43,0,49,22,21,50,0,93,60,0,60,153
12/11/2020,MSO,MT,ANM,WE,Federal Contract Tower,23,9,8,0,40,0,0,10,0,10,23,9,18,0,50,44,0,44,94
12/12/2020,MSO,MT,ANM,WE,Federal Contract Tower,22,7,9,0,38,0,0,4,0,4,22,7,13,0,42,18,0,18,60
12/13/2020,MSO,MT,ANM,WE,Federal Contract Tower,22,6,4,0,32,0,0,5,0,5,22,6,9,0,37,18,0,18,55
12/14/2020,MSO,MT,ANM,WE,Federal Contract Tower,21,3,14,0,38,0,8,4,0,12,21,11,18,0,50,28,0,28,78
12/15/2020,MSO,MT,ANM,WE,Federal Contract Tower,18,11,23,0,52,0,2,10,0,12,18,13,33,0,64,30,0,30,94
12/16/2020,MSO,MT,ANM,WE,Federal Contract Tower,19,11,19,2,51,0,4,39,0,43,19,15,58,2,94,56,26,82,176
12/17/2020,MSO,MT,ANM,WE,Federal Contract Tower,28,16,10,0,54,0,7,6,0,13,28,23,16,0,67,28,0,28,95
12/18/2020,MSO,MT,ANM,WE,Federal Contract Tower,29,18,14,0,61,0,2,36,0,38,29,20,50,0,99,62,0,62,161
12/19/2020,MSO,MT,ANM,WE,Federal Contract Tower,26,8,4,0,38,0,0,19,0,19,26,8,23,0,57,46,0,46,103
12/20/2020,MSO,MT,ANM,WE,Federal Contract Tower,27,8,3,0,38,0,2,1,0,3,27,10,4,0,41,22,0,22,63
12/21/2020,MSO,MT,ANM,WE,Federal Contract Tower,24,7,5,0,36,0,0,3,0,3,24,7,8,0,39,8,0,8,47
12/22/2020,MSO,MT,ANM,WE,Federal Contract Tower,24,15,8,0,47,0,0,0,0,0,24,15,8,0,47,0,0,0,47
12/23/2020,MSO,MT,ANM,WE,Federal Contract Tower,25,23,10,3,61,0,2,57,0,59,25,25,67,3,120,34,22,56,176
12/24/2020,MSO,MT,ANM,WE,Federal Contract Tower,21,15,5,0,41,0,6,32,0,38,21,21,37,0,79,10,0,10,89
12/25/2020,MSO,MT,ANM,WE,Federal Contract Tower,19,4,2,0,25,0,0,13,0,13,19,4,15,0,38,0,0,0,38
12/26/2020,MSO,MT,ANM,WE,Federal Contract Tower,28,7,11,0,46,0,1,0,0,1,28,8,11,0,47,0,0,0,47
12/27/2020,MSO,MT,ANM,WE,Federal Contract Tower,27,12,12,0,51,0,2,10,0,12,27,14,22,0,63,36,0,36,99
12/28/2020,MSO,MT,ANM,WE,Federal Contract Tower,26,12,9,0,47,0,2,8,0,10,26,14,17,0,57,8,0,8,65
12/29/2020,MSO,MT,ANM,WE,Federal Contract Tower,26,18,9,0,53,0,4,29,0,33,26,22,38,0,86,50,0,50,136
12/30/2020,MSO,MT,ANM,WE,Federal Contract Tower,26,11,9,0,46,0,4,10,0,14,26,15,19,0,60,20,0,20,80
12/31/2020,MSO,MT,ANM,WE,Federal Contract Tower,20,17,9,0,46,0,6,6,0,12,20,23,15,0,58,38,0,38,96
01/01/2021,MSO,MT,ANM,WE,Federal Contract Tower,25,8,4,0,37,0,1,14,0,15,25,9,18,0,52,64,0,64,116
01/02/2021,MSO,MT,ANM,WE,Federal Contract Tower,29,8,14,0,51,0,13,9,0,22,29,21,23,0,73,46,0,46,119
01/03/2021,MSO,MT,ANM,WE,Federal Contract Tower,28,7,11,0,46,0,3,0,0,3,28,10,11,0,49,0,0,0,49
01/04/2021,MSO,MT,ANM,WE,Federal Contract Tower,25,6,7,0,38,0,0,12,0,12,25,6,19,0,50,14,0,14,64
01/05/2021,MSO,MT,ANM,WE,Federal Contract Tower,19,7,6,0,32,0,9,19,0,28,19,16,25,0,60,24,0,24,84
01/06/2021,MSO,MT,ANM,WE,Federal Contract Tower,19,18,8,4,49,0,1,21,1,23,19,19,29,5,72,88,0,88,160
01/08/2021,MSO,MT,ANM,WE,Federal Contract Tower,17,11,10,0,38,0,2,33,0,35,17,13,43,0,73,68,0,68,141
01/09/2021,MSO,MT,ANM,WE,Federal Contract Tower,14,5,7,0,26,0,6,28,0,34,14,11,35,0,60,40,0,40,100
01/10/2021,MSO,MT,ANM,WE,Federal Contract Tower,17,1,6,0,24,0,0,16,0,16,17,1,22,0,40,36,0,36,76
01/11/2021,MSO,MT,ANM,WE,Federal Contract Tower,17,9,7,0,33,0,5,12,0,17,17,14,19,0,50,32,0,32,82
01/12/2021,MSO,MT,ANM,WE,Federal Contract Tower,16,10,5,9,40,0,2,2,2,6,16,12,7,11,46,0,20,20,66
01/13/2021,MSO,MT,ANM,WE,Federal Contract Tower,14,9,2,0,25,0,0,1,2,3,14,9,3,2,28,0,0,0,28
01/14/2021,MSO,MT,ANM,WE,Federal Contract Tower,18,12,9,0,39,0,11,55,0,66,18,23,64,0,105,74,0,74,179
01/15/2021,MSO,MT,ANM,WE,Federal Contract Tower,17,11,8,0,36,0,0,12,0,12,17,11,20,0,48,24,0,24,72
01/16/2021,MSO,MT,ANM,WE,Federal Contract Tower,15,4,6,0,25,0,3,6,0,9,15,7,12,0,34,2,0,2,36
01/17/2021,MSO,MT,ANM,WE,Federal Contract Tower,15,6,9,0,30,0,4,0,0,4,15,10,9,0,34,0,0,0,34
01/18/2021,MSO,MT,ANM,WE,Federal Contract Tower,17,4,11,0,32,0,3,15,0,18,17,7,26,0,50,26,0,26,76
01/19/2021,MSO,MT,ANM,WE,Federal Contract Tower,16,10,10,0,36,0,0,27,0,27,16,10,37,0,63,12,0,12,75
01/20/2021,MSO,MT,ANM,WE,Federal Contract Tower,16,8,9,0,33,0,10,45,0,55,16,18,54,0,88,48,0,48,136
01/21/2021,MSO,MT,ANM,WE,Federal Contract Tower,16,8,13,0,37,0,4,2,0,6,16,12,15,0,43,12,0,12,55
01/22/2021,MSO,MT,ANM,WE,Federal Contract Tower,17,12,12,2,43,0,5,20,2,27,17,17,32,4,70,32,4,36,106
01/23/2021,MSO,MT,ANM,WE,Federal Contract Tower,15,2,7,0,24,0,13,40,0,53,15,15,47,0,77,48,0,48,125
01/24/2021,MSO,MT,ANM,WE,Federal Contract Tower,15,5,6,0,26,0,2,35,0,37,15,7,41,0,63,12,0,12,75
01/25/2021,MSO,MT,ANM,WE,Federal Contract Tower,18,6,8,7,39,0,7,42,0,49,18,13,50,7,88,18,30,48,136
01/26/2021,MSO,MT,ANM,WE,Federal Contract Tower,16,10,5,0,31,0,4,58,0,62,16,14,63,0,93,36,0,36,129
01/27/2021,MSO,MT,ANM,WE,Federal Contract Tower,17,10,8,0,35,0,9,29,0,38,17,19,37,0,73,24,0,24,97
01/28/2021,MSO,MT,ANM,WE,Federal Contract Tower,17,14,20,0,51,0,1,28,0,29,17,15,48,0,80,42,0,42,122
01/29/2021,MSO,MT,ANM,WE,Federal Contract Tower,16,8,5,0,29,0,2,6,0,8,16,10,11,0,37,8,0,8,45
01/30/2021,MSO,MT,ANM,WE,Federal Contract Tower,14,9,5,0,28,0,2,38,0,40,14,11,43,0,68,32,0,32,100
01/31/2021,MSO,MT,ANM,WE,Federal Contract Tower,18,5,4,1,28,0,8,48,0,56,18,13,52,1,84,68,0,68,152
02/01/2021,MSO,MT,ANM,WE,Federal Contract Tower,20,2,5,0,27,0,14,20,0,34,20,16,25,0,61,54,0,54,115
02/02/2021,MSO,MT,ANM,WE,Federal Contract Tower,18,18,3,0,39,0,2,1,0,3,18,20,4,0,42,6,0,6,48
02/03/2021,MSO,MT,ANM,WE,Federal Contract Tower,17,16,8,0,41,0,0,10,0,10,17,16,18,0,51,12,2,14,65
02/04/2021,MSO,MT,ANM,WE,Federal Contract Tower,19,18,21,0,58,0,0,5,0,5,19,18,26,0,63,20,0,20,83
02/05/2021,MSO,MT,ANM,WE,Federal Contract Tower,19,12,6,0,37,0,8,30,0,38,19,20,36,0,75,34,0,34,109
02/06/2021,MSO,MT,ANM,WE,Federal Contract Tower,15,6,5,0,26,0,0,0,0,0,15,6,5,0,26,0,0,0,26
02/07/2021,MSO,MT,ANM,WE,Federal Contract Tower,20,1,8,0,29,0,0,1,0,1,20,1,9,0,30,0,0,0,30
02/08/2021,MSO,MT,ANM,WE,Federal Contract Tower,18,11,5,0,34,0,0,0,0,0,18,11,5,0,34,0,0,0,34
02/09/2021,MSO,MT,ANM,WE,Federal Contract Tower,15,19,19,0,53,0,0,5,0,5,15,19,24,0,58,8,0,8,66
02/10/2021,MSO,MT,ANM,WE,Federal Contract Tower,18,12,12,0,42,0,1,11,0,12,18,13,23,0,54,28,0,28,82
02/11/2021,MSO,MT,ANM,WE,Federal Contract Tower,20,13,12,0,45,0,1,7,0,8,20,14,19,0,53,0,0,0,53
02/12/2021,MSO,MT,ANM,WE,Federal Contract Tower,19,7,9,1,36,0,2,41,0,43,19,9,50,1,79,98,0,98,177
02/13/2021,MSO,MT,ANM,WE,Federal Contract Tower,10,6,1,0,17,0,1,7,0,8,10,7,8,0,25,20,0,20,45
02/14/2021,MSO,MT,ANM,WE,Federal Contract Tower,15,9,7,0,31,0,0,2,0,2,15,9,9,0,33,0,0,0,33
02/15/2021,MSO,MT,ANM,WE,Federal Contract Tower,19,7,17,0,43,0,0,0,0,0,19,7,17,0,43,0,0,0,43
02/16/2021,MSO,MT,ANM,WE,Federal Contract Tower,20,9,24,0,53,0,0,8,0,8,20,9,32,0,61,2,0,2,63
02/18/2021,MSO,MT,ANM,WE,Federal Contract Tower,25,11,22,0,58,0,1,69,0,70,25,12,91,0,128,74,0,74,202
02/19/2021,MSO,MT,ANM,WE,Federal Contract Tower,23,8,9,0,40,0,1,0,2,3,23,9,9,2,43,0,0,0,43
02/20/2021,MSO,MT,ANM,WE,Federal Contract Tower,19,5,8,0,32,0,8,14,0,22,19,13,22,0,54,26,0,26,80
02/21/2021,MSO,MT,ANM,WE,Federal Contract Tower,25,7,9,0,41,0,5,8,0,13,25,12,17,0,54,52,0,52,106
02/22/2021,MSO,MT,ANM,WE,Federal Contract Tower,20,21,4,0,45,0,3,2,0,5,20,24,6,0,50,10,0,10,60
02/23/2021,MSO,MT,ANM,WE,Federal Contract Tower,21,13,19,0,53,0,1,5,0,6,21,14,24,0,59,8,0,8,67
02/24/2021,MSO,MT,ANM,WE,Federal Contract Tower,22,12,11,1,46,0,4,72,3,79,22,16,83,4,125,54,10,64,189
02/25/2021,MSO,MT,ANM,WE,Federal Contract Tower,23,18,19,0,60,0,0,22,0,22,23,18,41,0,82,46,0,46,128
02/26/2021,MSO,MT,ANM,WE,Federal Contract Tower,23,11,29,0,63,0,2,6,0,8,23,13,35,0,71,16,0,16,87
02/27/2021,MSO,MT,ANM,WE,Federal Contract Tower,18,4,8,1,31,0,1,7,0,8,18,5,15,1,39,6,0,6,45
02/28/2021,MSO,MT,ANM,WE,Federal Contract Tower,24,6,13,2,45,0,4,9,0,13,24,10,22,2,58,60,14,74,132
03/01/2021,MSO,MT,ANM,WE,Federal Contract Tower,23,3,8,17,51,0,31,46,4,81,23,34,54,21,132,56,14,70,202
03/02/2021,MSO,MT,ANM,WE,Federal Contract Tower,20,15,21,5,61,0,7,19,0,26,20,22,40,5,87,20,0,20,107
03/03/2021,MSO,MT,ANM,WE,Federal Contract Tower,21,10,12,8,51,0,0,43,0,43,21,10,55,8,94,36,20,56,150
03/04/2021,MSO,MT,ANM,WE,Federal Contract Tower,27,10,20,4,61,0,3,62,0,65,27,13,82,4,126,50,0,50,176
03/05/2021,MSO,MT,ANM,WE,Federal Contract Tower,27,11,14,2,54,0,17,51,2,70,27,28,65,4,124,78,24,102,226
03/06/2021,MSO,MT,ANM,WE,Federal Contract Tower,23,6,0,0,29,0,3,28,0,31,23,9,28,0,60,24,0,24,84
03/07/2021,MSO,MT,ANM,WE,Federal Contract Tower,28,2,4,0,34,0,3,19,0,22,28,5,23,0,56,30,0,30,86
03/08/2021,MSO,MT,ANM,WE,Federal Contract Tower,25,5,10,0,40,0,1,5,0,6,25,6,15,0,46,4,0,4,50
03/09/2021,MSO,MT,ANM,WE,Federal Contract Tower,26,15,10,0,51,0,4,26,0,30,26,19,36,0,81,34,0,34,115
03/10/2021,MSO,MT,ANM,WE,Federal Contract Tower,24,8,17,2,51,0,5,60,0,65,24,13,77,2,116,56,0,56,172
03/11/2021,MSO,MT,ANM,WE,Federal Contract Tower,27,10,13,0,50,0,5,40,0,45,27,15,53,0,95,60,0,60,155
03/12/2021,MSO,MT,ANM,WE,Federal Contract Tower,25,15,14,9,63,0,6,61,0,67,25,21,75,9,130,22,6,28,158
03/13/2021,MSO,MT,ANM,WE,Federal Contract Tower,21,5,8,0,34,0,6,64,1,71,21,11,72,1,105,44,0,44,149
03/14/2021,MSO,MT,ANM,WE,Federal Contract Tower,24,3,12,0,39,0,3,43,1,47,24,6,55,1,86,16,0,16,102
03/15/2021,MSO,MT,ANM,WE,Federal Contract Tower,21,8,19,0,48,0,8,19,0,27,21,16,38,0,75,0,0,0,75
03/16/2021,MSO,MT,ANM,WE,Federal Contract Tower,26,10,7,0,43,0,4,19,0,23,26,14,26,0,66,26,0,26,92
03/17/2021,MSO,MT,ANM,WE,Federal Contract Tower,24,11,12,0,47,0,8,65,2,75,24,19,77,2,122,36,0,36,158
03/18/2021,MSO,MT,ANM,WE,Federal Contract Tower,32,10,12,0,54,0,21,70,0,91,32,31,82,0,145,46,0,46,191
03/19/2021,MSO,MT,ANM,WE,Federal Contract Tower,30,17,12,0,59,0,0,7,0,7,30,17,19,0,66,26,0,26,92
03/20/2021,MSO,MT,ANM,WE,Federal Contract Tower,26,8,2,0,36,0,1,12,0,13,26,9,14,0,49,22,0,22,71
03/21/2021,MSO,MT,ANM,WE,Federal Contract Tower,32,2,10,0,44,0,1,13,0,14,32,3,23,0,58,8,0,8,66
03/22/2021,MSO,MT,ANM,WE,Federal Contract Tower,28,6,7,2,43,0,0,11,0,11,28,6,18,2,54,12,4,16,70
03/23/2021,MSO,MT,ANM,WE,Federal Contract Tower,26,11,17,6,60,0,5,23,2,30,26,16,40,8,90,10,10,20,110
03/24/2021,MSO,MT,ANM,WE,Federal Contract Tower,24,16,17,0,57,0,5,16,0,21,24,21,33,0,78,12,0,12,90
03/25/2021,MSO,MT,ANM,WE,Federal Contract Tower,33,12,9,0,54,0,0,4,0,4,33,12,13,0,58,12,0,12,70
03/26/2021,MSO,MT,ANM,WE,Federal Contract Tower,29,8,18,0,55,0,2,24,0,26,29,10,42,0,81,14,0,14,95
03/27/2021,MSO,MT,ANM,WE,Federal Contract Tower,27,6,5,0,38,0,6,47,0,53,27,12,52,0,91,30,0,30,121
03/28/2021,MSO,MT,ANM,WE,Federal Contract Tower,30,4,7,0,41,0,2,18,0,20,30,6,25,0,61,24,0,24,85
03/29/2021,MSO,MT,ANM,WE,Federal Contract Tower,33,4,7,0,44,0,0,4,0,4,33,4,11,0,48,0,0,0,48
03/30/2021,MSO,MT,ANM,WE,Federal Contract Tower,24,9,7,2,42,0,15,12,0,27,24,24,19,2,69,22,0,22,91
03/31/2021,MSO,MT,ANM,WE,Federal Contract Tower,22,10,7,4,43,0,5,74,2,81,22,15,81,6,124,46,8,54,178
04/01/2021,MSO,MT,ANM,WE,Federal Contract Tower,33,15,20,2,70,0,5,67,0,72,33,20,87,2,142,36,0,36,178
04/02/2021,MSO,MT,ANM,WE,Federal Contract Tower,32,9,20,0,61,0,3,70,0,73,32,12,90,0,134,34,0,34,168
04/03/2021,MSO,MT,ANM,WE,Federal Contract Tower,26,6,10,0,42,0,12,54,0,66,26,18,64,0,108,36,0,36,144
04/04/2021,MSO,MT,ANM,WE,Federal Contract Tower,29,3,5,0,37,0,7,31,0,38,29,10,36,0,75,58,0,58,133
04/05/2021,MSO,MT,ANM,WE,Federal Contract Tower,30,8,20,0,58,0,0,1,0,1,30,8,21,0,59,20,0,20,79
04/06/2021,MSO,MT,ANM,WE,Federal Contract Tower,28,11,16,0,55,0,6,72,0,78,28,17,88,0,133,18,0,18,151
04/07/2021,MSO,MT,ANM,WE,Federal Contract Tower,28,10,8,0,46,0,0,54,1,55,28,10,62,1,101,16,6,22,123
04/08/2021,MSO,MT,ANM,WE,Federal Contract Tower,30,13,15,0,58,0,1,17,0,18,30,14,32,0,76,12,0,12,88
04/09/2021,MSO,MT,ANM,WE,Federal Contract Tower,31,11,18,0,60,0,4,54,0,58,31,15,72,0,118,52,0,52,170
04/10/2021,MSO,MT,ANM,WE,Federal Contract Tower,26,9,6,0,41,0,10,3,0,13,26,19,9,0,54,0,0,0,54
04/11/2021,MSO,MT,ANM,WE,Federal Contract Tower,33,5,18,0,56,0,0,39,0,39,33,5,57,0,95,50,0,50,145
04/12/2021,MSO,MT,ANM,WE,Federal Contract Tower,30,12,27,6,75,0,7,38,0,45,30,19,65,6,120,20,0,20,140
04/13/2021,MSO,MT,ANM,WE,Federal Contract Tower,28,12,12,5,57,0,3,34,7,44,28,15,46,12,101,6,16,22,123
04/14/2021,MSO,MT,ANM,WE,Federal Contract Tower,31,13,17,0,61,0,7,26,0,33,31,20,43,0,94,18,0,18,112
04/15/2021,MSO,MT,ANM,WE,Federal Contract Tower,30,15,22,6,73,0,7,63,0,70,30,22,85,6,143,28,0,28,171
04/16/2021,MSO,MT,ANM,WE,Federal Contract Tower,31,14,17,0,62,0,7,52,0,59,31,21,69,0,121,38,0,38,159
04/17/2021,MSO,MT,ANM,WE,Federal Contract Tower,29,5,13,0,47,0,2,87,0,89,29,7,100,0,136,20,0,20,156
04/18/2021,MSO,MT,ANM,WE,Federal Contract Tower,32,0,16,0,48,0,4,28,0,32,32,4,44,0,80,30,0,30,110
04/19/2021,MSO,MT,ANM,WE,Federal Contract Tower,28,4,19,0,51,0,3,32,3,38,28,7,51,3,89,30,0,30,119
04/20/2021,MSO,MT,ANM,WE,Federal Contract Tower,25,13,6,1,45,0,7,51,0,58,25,20,57,1,103,14,8,22,125
04/21/2021,MSO,MT,ANM,WE,Federal Contract Tower,28,8,12,3,51,0,0,52,0,52,28,8,64,3,103,40,0,40,143
04/22/2021,MSO,MT,ANM,WE,Federal Contract Tower,33,11,12,0,56,0,2,9,0,11,33,13,21,0,67,0,0,0,67
04/23/2021,MSO,MT,ANM,WE,Federal Contract Tower,30,8,14,0,52,0,4,23,0,27,30,12,37,0,79,20,0,20,99
04/24/2021,MSO,MT,ANM,WE,Federal Contract Tower,26,3,3,0,32,0,0,19,0,19,26,3,22,0,51,36,0,36,87
04/25/2021,MSO,MT,ANM,WE,Federal Contract Tower,33,1,9,0,43,0,0,2,0,2,33,1,11,0,45,20,0,20,65
04/26/2021,MSO,MT,ANM,WE,Federal Contract Tower,30,5,10,0,45,0,9,19,0,28,30,14,29,0,73,30,0,30,103
04/27/2021,MSO,MT,ANM,WE,Federal Contract Tower,27,11,13,0,51,0,6,62,0,68,27,17,75,0,119,12,0,12,131
04/28/2021,MSO,MT,ANM,WE,Federal Contract Tower,29,9,9,1,48,0,2,39,0,41,29,11,48,1,89,34,2,36,125
04/29/2021,MSO,MT,ANM,WE,Federal Contract Tower,32,12,7,1,52,0,10,52,2,64,32,22,59,3,116,26,8,34,150
04/30/2021,MSO,MT,ANM,WE,Federal Contract Tower,28,8,14,0,50,0,6,38,0,44,28,14,52,0,94,22,0,22,116
05/01/2021,MSO,MT,ANM,WE,Federal Contract Tower,29,7,11,0,47,0,5,23,0,28,29,12,34,0,75,38,0,38,113
05/02/2021,MSO,MT,ANM,WE,Federal Contract Tower,33,3,7,0,43,0,8,18,0,26,33,11,25,0,69,10,0,10,79
05/03/2021,MSO,MT,ANM,WE,Federal Contract Tower,29,13,13,0,55,0,15,19,0,34,29,28,32,0,89,30,0,30,119
05/04/2021,MSO,MT,ANM,WE,Federal Contract Tower,27,16,8,0,51,0,16,40,0,56,27,32,48,0,107,82,0,82,189
05/05/2021,MSO,MT,ANM,WE,Federal Contract Tower,31,12,11,0,54,0,6,58,0,64,31,18,69,0,118,54,0,54,172
05/06/2021,MSO,MT,ANM,WE,Federal Contract Tower,33,14,13,0,60,0,7,47,0,54,33,21,60,0,114,32,0,32,146
05/07/2021,MSO,MT,ANM,WE,Federal Contract Tower,32,12,20,1,65,0,5,12,0,17,32,17,32,1,82,8,0,8,90
05/08/2021,MSO,MT,ANM,WE,Federal Contract Tower,33,5,19,0,57,0,3,16,0,19,33,8,35,0,76,14,0,14,90
05/09/2021,MSO,MT,ANM,WE,Federal Contract Tower,36,4,13,1,54,0,3,20,0,23,36,7,33,1,77,46,0,46,123
05/10/2021,MSO,MT,ANM,WE,Federal Contract Tower,32,4,14,0,50,0,7,22,0,29,32,11,36,0,79,64,0,64,143
05/11/2021,MSO,MT,ANM,WE,Federal Contract Tower,27,10,14,0,51,0,10,56,3,69,27,20,70,3,120,46,2,48,168
05/12/2021,MSO,MT,ANM,WE,Federal Contract Tower,25,14,19,0,58,0,1,60,0,61,25,15,79,0,119,26,0,26,145
05/13/2021,MSO,MT,ANM,WE,Federal Contract Tower,37,16,27,2,82,0,8,53,0,61,37,24,80,2,143,36,0,36,179
05/14/2021,MSO,MT,ANM,WE,Federal Contract Tower,35,10,24,0,69,0,5,59,0,64,35,15,83,0,133,40,0,40,173
05/15/2021,MSO,MT,ANM,WE,Federal Contract Tower,29,8,13,0,50,0,2,69,0,71,29,10,82,0,121,26,0,26,147
05/16/2021,MSO,MT,ANM,WE,Federal Contract Tower,38,9,21,0,68,0,1,49,0,50,38,10,70,0,118,26,0,26,144
05/17/2021,MSO,MT,ANM,WE,Federal Contract Tower,32,9,10,1,52,0,3,44,5,52,32,12,54,6,104,32,2,34,138
05/18/2021,MSO,MT,ANM,WE,Federal Contract Tower,31,16,16,1,64,0,6,35,0,41,31,22,51,1,105,64,0,64,169
05/19/2021,MSO,MT,ANM,WE,Federal Contract Tower,29,15,12,0,56,0,3,17,0,20,29,18,29,0,76,56,0,56,132
05/20/2021,MSO,MT,ANM,WE,Federal Contract Tower,35,18,24,0,77,0,0,4,0,4,35,18,28,0,81,0,0,0,81
05/21/2021,MSO,MT,ANM,WE,Federal Contract Tower,33,16,20,0,69,0,4,24,0,28,33,20,44,0,97,26,0,26,123
05/22/2021,MSO,MT,ANM,WE,Federal Contract Tower,36,10,11,0,57,0,1,46,2,49,36,11,57,2,106,46,0,46,152
05/23/2021,MSO,MT,ANM,WE,Federal Contract Tower,41,8,15,0,64,0,0,0,0,0,41,8,15,0,64,0,0,0,64
05/24/2021,MSO,MT,ANM,WE,Federal Contract Tower,34,9,17,0,60,0,3,10,2,15,34,12,27,2,75,0,0,0,75
05/25/2021,MSO,MT,ANM,WE,Federal Contract Tower,30,17,14,3,64,0,2,27,0,29,30,19,41,3,93,20,14,34,127
05/26/2021,MSO,MT,ANM,WE,Federal Contract Tower,32,28,14,0,74,0,2,16,0,18,32,30,30,0,92,10,0,10,102
05/27/2021,MSO,MT,ANM,WE,Federal Contract Tower,41,13,23,0,77,0,6,90,0,96,41,19,113,0,173,38,0,38,211
05/28/2021,MSO,MT,ANM,WE,Federal Contract Tower,37,15,21,0,73,0,10,30,0,40,37,25,51,0,113,34,0,34,147
05/29/2021,MSO,MT,ANM,WE,Federal Contract Tower,43,7,12,0,62,0,17,67,0,84,43,24,79,0,146,52,0,52,198
05/30/2021,MSO,MT,ANM,WE,Federal Contract Tower,43,4,8,0,55,0,7,40,0,47,43,11,48,0,102,30,0,30,132
05/31/2021,MSO,MT,ANM,WE,Federal Contract Tower,34,17,20,0,71,0,5,45,0,50,34,22,65,0,121,40,0,40,161
06/01/2021,MSO,MT,ANM,WE,Federal Contract Tower,31,14,17,0,62,0,7,46,0,53,31,21,63,0,115,24,0,24,139
06/02/2021,MSO,MT,ANM,WE,Federal Contract Tower,32,20,15,7,74,0,14,73,3,90,32,34,88,10,164,56,14,70,234
06/03/2021,MSO,MT,ANM,WE,Federal Contract Tower,44,16,23,0,83,0,5,50,0,55,44,21,73,0,138,74,0,74,212
06/04/2021,MSO,MT,ANM,WE,Federal Contract Tower,47,13,23,0,83,0,24,76,0,100,47,37,99,0,183,36,0,36,219
06/05/2021,MSO,MT,ANM,WE,Federal Contract Tower,49,9,20,0,78,0,2,35,0,37,49,11,55,0,115,44,0,44,159
06/06/2021,MSO,MT,ANM,WE,Federal Contract Tower,43,14,20,2,79,0,7,35,0,42,43,21,55,2,121,56,0,56,177
06/07/2021,MSO,MT,ANM,WE,Federal Contract Tower,37,24,22,0,83,0,4,57,0,61,37,28,79,0,144,6,0,6,150
06/08/2021,MSO,MT,ANM,WE,Federal Contract Tower,35,23,8,4,70,0,9,31,0,40,35,32,39,4,110,28,0,28,138
06/09/2021,MSO,MT,ANM,WE,Federal Contract Tower,41,18,10,0,69,0,6,21,0,27,41,24,31,0,96,26,0,26,122
06/10/2021,MSO,MT,ANM,WE,Federal Contract Tower,48,27,18,0,93,0,0,7,0,7,48,27,25,0,100,4,0,4,104
06/11/2021,MSO,MT,ANM,WE,Federal Contract Tower,43,15,31,0,89,0,16,66,5,87,43,31,97,5,176,42,0,42,218
06/12/2021,MSO,MT,ANM,WE,Federal Contract Tower,48,24,18,0,90,0,18,59,0,77,48,42,77,0,167,68,0,68,235
06/13/2021,MSO,MT,ANM,WE,Federal Contract Tower,39,21,15,0,75,0,10,46,0,56,39,31,61,0,131,36,0,36,167
06/14/2021,MSO,MT,ANM,WE,Federal Contract Tower,41,32,12,5,90,0,8,27,3,38,41,40,39,8,128,14,18,32,160
06/15/2021,MSO,MT,ANM,WE,Federal Contract Tower,38,23,18,0,79,0,7,28,0,35,38,30,46,0,114,24,0,24,138
06/16/2021,MSO,MT,ANM,WE,Federal Contract Tower,37,18,21,2,78,0,4,43,0,47,37,22,64,2,125,20,0,20,145
06/17/2021,MSO,MT,ANM,WE,Federal Contract Tower,43,22,30,0,95,0,13,60,0,73,43,35,90,0,168,26,0,26,194
06/18/2021,MSO,MT,ANM,WE,Federal Contract Tower,45,24,30,0,99,0,9,92,0,101,45,33,122,0,200,10,0,10,210
06/19/2021,MSO,MT,ANM,WE,Federal Contract Tower,47,27,11,0,85,0,0,31,0,31,47,27,42,0,116,0,0,0,116
06/20/2021,MSO,MT,ANM,WE,Federal Contract Tower,52,22,25,0,99,0,4,14,0,18,52,26,39,0,117,6,0,6,123
06/21/2021,MSO,MT,ANM,WE,Federal Contract Tower,40,18,34,0,92,0,3,43,0,46,40,21,77,0,138,4,0,4,142
06/22/2021,MSO,MT,ANM,WE,Federal Contract Tower,34,29,26,1,90,0,4,32,1,37,34,33,58,2,127,6,0,6,133
06/23/2021,MSO,MT,ANM,WE,Federal Contract Tower,43,16,35,2,96,0,3,57,0,60,43,19,92,2,156,12,10,22,178
06/24/2021,MSO,MT,ANM,WE,Federal Contract Tower,45,22,26,0,93,0,3,55,0,58,45,25,81,0,151,24,0,24,175
06/25/2021,MSO,MT,ANM,WE,Federal Contract Tower,41,17,19,0,77,0,8,71,0,79,41,25,90,0,156,74,0,74,230
06/26/2021,MSO,MT,ANM,WE,Federal Contract Tower,45,15,21,0,81,0,3,49,0,52,45,18,70,0,133,12,0,12,145
06/27/2021,MSO,MT,ANM,WE,Federal Contract Tower,41,21,27,1,90,0,6,61,1,68,41,27,88,2,158,36,0,36,194
06/28/2021,MSO,MT,ANM,WE,Federal Contract Tower,37,18,18,0,73,0,2,55,0,57,37,20,73,0,130,4,0,4,134
06/29/2021,MSO,MT,ANM,WE,Federal Contract Tower,35,23,17,3,78,0,4,31,2,37,35,27,48,5,115,10,12,22,137
06/30/2021,MSO,MT,ANM,WE,Federal Contract Tower,40,16,26,0,82,0,3,45,0,48,40,19,71,0,130,18,0,18,148
07/01/2021,MSO,MT,ANM,WE,Federal Contract Tower,42,28,22,0,92,0,6,45,0,51,42,34,67,0,143,28,0,28,171
07/02/2021,MSO,MT,ANM,WE,Federal Contract Tower,36,26,30,0,92,0,7,82,0,89,36,33,112,0,181,4,0,4,185
07/03/2021,MSO,MT,ANM,WE,Federal Contract Tower,45,11,11,2,69,0,12,58,0,70,45,23,69,2,139,24,0,24,163
07/04/2021,MSO,MT,ANM,WE,Federal Contract Tower,45,10,4,0,59,0,6,36,0,42,45,16,40,0,101,6,0,6,107
07/05/2021,MSO,MT,ANM,WE,Federal Contract Tower,36,14,26,0,76,0,4,70,3,77,36,18,96,3,153,0,0,0,153
07/06/2021,MSO,MT,ANM,WE,Federal Contract Tower,42,22,19,0,83,0,0,75,0,75,42,22,94,0,158,20,0,20,178
07/07/2021,MSO,MT,ANM,WE,Federal Contract Tower,41,21,17,3,82,0,8,84,0,92,41,29,101,3,174,2,6,8,182
07/08/2021,MSO,MT,ANM,WE,Federal Contract Tower,44,31,20,2,97,0,3,133,0,136,44,34,153,2,233,32,0,32,265
07/09/2021,MSO,MT,ANM,WE,Federal Contract Tower,43,21,17,0,81,0,8,89,2,99,43,29,106,2,180,28,0,28,208
07/10/2021,MSO,MT,ANM,WE,Federal Contract Tower,44,18,14,0,76,0,1,117,0,118,44,19,131,0,194,6,0,6,200
07/11/2021,MSO,MT,ANM,WE,Federal Contract Tower,47,23,15,0,85,0,9,93,0,102,47,32,108,0,187,20,0,20,207
07/12/2021,MSO,MT,ANM,WE,Federal Contract Tower,41,26,23,0,90,0,6,55,0,61,41,32,78,0,151,26,0,26,177
07/14/2021,MSO,MT,ANM,WE,Federal Contract Tower,34,23,22,0,79,0,6,104,0,110,34,29,126,0,189,20,0,20,209
07/15/2021,MSO,MT,ANM,WE,Federal Contract Tower,44,18,23,0,85,0,9,123,0,132,44,27,146,0,217,24,0,24,241
07/16/2021,MSO,MT,ANM,WE,Federal Contract Tower,43,23,20,0,86,0,2,109,0,111,43,25,129,0,197,22,0,22,219
07/17/2021,MSO,MT,ANM,WE,Federal Contract Tower,43,24,28,0,95,0,4,79,0,83,43,28,107,0,178,36,0,36,214
07/18/2021,MSO,MT,ANM,WE,Federal Contract Tower,42,23,20,0,85,0,13,98,0,111,42,36,118,0,196,26,0,26,222
07/19/2021,MSO,MT,ANM,WE,Federal Contract Tower,41,13,22,0,76,0,2,24,0,26,41,15,46,0,102,6,0,6,108
07/20/2021,MSO,MT,ANM,WE,Federal Contract Tower,40,22,23,0,85,0,30,33,0,63,40,52,56,0,148,40,0,40,188
07/21/2021,MSO,MT,ANM,WE,Federal Contract Tower,40,19,18,0,77,0,9,70,0,79,40,28,88,0,156,26,0,26,182
07/22/2021,MSO,MT,ANM,WE,Federal Contract Tower,40,21,25,0,86,0,8,75,0,83,40,29,100,0,169,42,0,42,211
07/23/2021,MSO,MT,ANM,WE,Federal Contract Tower,40,20,19,0,79,0,11,73,0,84,40,31,92,0,163,14,0,14,177
07/24/2021,MSO,MT,ANM,WE,Federal Contract Tower,46,23,19,0,88,0,5,73,0,78,46,28,92,0,166,54,0,54,220
07/25/2021,MSO,MT,ANM,WE,Federal Contract Tower,42,15,17,0,74,0,5,77,0,82,42,20,94,0,156,56,0,56,212
07/26/2021,MSO,MT,ANM,WE,Federal Contract Tower,39,16,20,0,75,0,13,28,0,41,39,29,48,0,116,34,0,34,150
07/27/2021,MSO,MT,ANM,WE,Federal Contract Tower,37,21,16,0,74,0,6,44,0,50,37,27,60,0,124,52,0,52,176
07/28/2021,MSO,MT,ANM,WE,Federal Contract Tower,40,18,17,0,75,0,1,74,0,75,40,19,91,0,150,38,0,38,188
07/29/2021,MSO,MT,ANM,WE,Federal Contract Tower,43,21,15,0,79,0,6,70,0,76,43,27,85,0,155,102,0,102,257
07/30/2021,MSO,MT,ANM,WE,Federal Contract Tower,42,20,23,0,85,0,1,74,0,75,42,21,97,0,160,36,0,36,196
07/31/2021,MSO,MT,ANM,WE,Federal Contract Tower,46,15,15,0,76,0,11,68,2,81,46,26,83,2,157,30,0,30,187
08/01/2021,MSO,MT,ANM,WE,Federal Contract Tower,40,15,21,0,76,0,3,77,8,88,40,18,98,8,164,6,0,6,170
08/02/2021,MSO,MT,ANM,WE,Federal Contract Tower,40,12,18,1,71,0,2,13,0,15,40,14,31,1,86,6,0,6,92
08/03/2021,MSO,MT,ANM,WE,Federal Contract Tower,39,19,22,0,80,0,0,17,0,17,39,19,39,0,97,52,0,52,149
08/04/2021,MSO,MT,ANM,WE,Federal Contract Tower,38,19,18,1,76,0,4,71,0,75,38,23,89,1,151,44,0,44,195
08/05/2021,MSO,MT,ANM,WE,Federal Contract Tower,42,17,16,0,75,0,9,49,0,58,42,26,65,0,133,20,0,20,153
08/07/2021,MSO,MT,ANM,WE,Federal Contract Tower,48,14,17,0,79,0,4,85,0,89,48,18,102,0,168,56,0,56,224
08/08/2021,MSO,MT,ANM,WE,Federal Contract Tower,41,29,34,3,107,0,0,0,0,0,41,29,34,3,107,0,0,0,107
08/09/2021,MSO,MT,ANM,WE,Federal Contract Tower,38,18,13,1,70,0,6,23,0,29,38,24,36,1,99,16,0,16,115
08/10/2021,MSO,MT,ANM,WE,Federal Contract Tower,37,25,16,0,78,0,12,48,0,60,37,37,64,0,138,58,0,58,196
08/11/2021,MSO,MT,ANM,WE,Federal Contract Tower,38,22,19,0,79,0,8,71,0,79,38,30,90,0,158,80,0,80,238
08/12/2021,MSO,MT,ANM,WE,Federal Contract Tower,46,17,17,2,82,0,7,90,0,97,46,24,107,2,179,46,0,46,225
08/13/2021,MSO,MT,ANM,WE,Federal Contract Tower,41,14,34,0,89,0,7,39,0,46,41,21,73,0,135,32,0,32,167
08/14/2021,MSO,MT,ANM,WE,Federal Contract Tower,40,25,18,0,83,0,0,46,0,46,40,25,64,0,129,0,0,0,129
08/15/2021,MSO,MT,ANM,WE,Federal Contract Tower,40,16,39,0,95,0,1,14,0,15,40,17,53,0,110,0,0,0,110
08/16/2021,MSO,MT,ANM,WE,Federal Contract Tower,41,21,21,0,83,0,5,32,0,37,41,26,53,0,120,28,0,28,148
08/17/2021,MSO,MT,ANM,WE,Federal Contract Tower,32,18,29,0,79,0,3,39,0,42,32,21,68,0,121,22,0,22,143
08/18/2021,MSO,MT,ANM,WE,Federal Contract Tower,40,17,19,0,76,0,4,21,0,25,40,21,40,0,101,86,0,86,187
08/19/2021,MSO,MT,ANM,WE,Federal Contract Tower,39,17,24,0,80,0,7,50,1,58,39,24,74,1,138,20,1,21,159
08/20/2021,MSO,MT,ANM,WE,Federal Contract Tower,40,18,19,0,77,0,8,55,8,71,40,26,74,8,148,50,0,50,198
08/21/2021,MSO,MT,ANM,WE,Federal Contract Tower,50,17,13,0,80,0,8,12,0,20,50,25,25,0,100,34,0,34,134
08/22/2021,MSO,MT,ANM,WE,Federal Contract Tower,39,8,18,0,65,1,4,36,0,41,40,12,54,0,106,28,0,28,134
08/23/2021,MSO,MT,ANM,WE,Federal Contract Tower,34,26,12,0,72,0,0,37,1,38,34,26,49,1,110,46,2,48,158
08/24/2021,MSO,MT,ANM,WE,Federal Contract Tower,34,22,12,0,68,0,0,60,2,62,34,22,72,2,130,42,0,42,172
08/25/2021,MSO,MT,ANM,WE,Federal Contract Tower,34,17,24,3,78,0,0,49,5,54,34,17,73,8,132,12,18,30,162
08/26/2021,MSO,MT,ANM,WE,Federal Contract Tower,38,18,17,0,73,0,2,44,0,46,38,20,61,0,119,46,0,46,165
08/27/2021,MSO,MT,ANM,WE,Federal Contract Tower,39,14,25,0,78,0,5,19,0,24,39,19,44,0,102,76,0,76,178
08/28/2021,MSO,MT,ANM,WE,Federal Contract Tower,47,17,20,0,84,0,12,47,0,59,47,29,67,0,143,26,0,26,169
08/29/2021,MSO,MT,ANM,WE,Federal Contract Tower,38,16,20,0,74,0,11,64,0,75,38,27,84,0,149,36,0,36,185
08/30/2021,MSO,MT,ANM,WE,Federal Contract Tower,36,18,29,9,92,0,1,40,4,45,36,19,69,13,137,46,22,68,205
08/31/2021,MSO,MT,ANM,WE,Federal Contract Tower,37,27,12,0,76,0,4,48,0,52,37,31,60,0,128,32,0,32,160
09/01/2021,MSO,MT,ANM,WE,Federal Contract Tower,36,20,22,0,78,0,1,75,0,76,36,21,97,0,154,72,0,72,226
09/02/2021,MSO,MT,ANM,WE,Federal Contract Tower,45,18,18,0,81,0,11,37,0,48,45,29,55,0,129,30,0,30,159
09/03/2021,MSO,MT,ANM,WE,Federal Contract Tower,38,17,29,0,84,0,2,83,0,85,38,19,112,0,169,12,0,12,181
09/04/2021,MSO,MT,ANM,WE,Federal Contract Tower,44,10,24,0,78,0,0,83,2,85,44,10,107,2,163,0,0,0,163
09/05/2021,MSO,MT,ANM,WE,Federal Contract Tower,41,13,12,0,66,0,10,54,0,64,41,23,66,0,130,24,0,24,154
09/06/2021,MSO,MT,ANM,WE,Federal Contract Tower,34,16,25,0,75,0,0,70,0,70,34,16,95,0,145,0,0,0,145
09/07/2021,MSO,MT,ANM,WE,Federal Contract Tower,35,20,23,0,78,0,11,71,2,84,35,31,94,2,162,0,0,0,162
09/08/2021,MSO,MT,ANM,WE,Federal Contract Tower,31,18,26,2,77,0,5,66,2,73,31,23,92,4,150,32,6,38,188
09/09/2021,MSO,MT,ANM,WE,Federal Contract Tower,36,17,22,0,75,0,0,21,0,21,36,17,43,0,96,22,0,22,118
09/10/2021,MSO,MT,ANM,WE,Federal Contract Tower,31,33,25,0,89,0,2,17,0,19,31,35,42,0,108,0,0,0,108
09/11/2021,MSO,MT,ANM,WE,Federal Contract Tower,30,19,20,0,69,0,3,38,0,41,30,22,58,0,110,22,0,22,132
09/12/2021,MSO,MT,ANM,WE,Federal Contract Tower,33,19,25,0,77,0,6,28,6,40,33,25,53,6,117,12,0,12,129
09/13/2021,MSO,MT,ANM,WE,Federal Contract Tower,30,18,22,9,79,0,7,20,3,30,30,25,42,12,109,0,16,16,125
09/14/2021,MSO,MT,ANM,WE,Federal Contract Tower,28,14,19,2,63,0,8,69,1,78,28,22,88,3,141,36,22,58,199
09/15/2021,MSO,MT,ANM,WE,Federal Contract Tower,31,12,17,4,64,0,10,34,0,44,31,22,51,4,108,6,2,8,116
09/16/2021,MSO,MT,ANM,WE,Federal Contract Tower,35,17,37,6,95,0,3,59,0,62,35,20,96,6,157,43,0,43,200
09/17/2021,MSO,MT,ANM,WE,Federal Contract Tower,34,18,24,0,76,0,7,68,1,76,34,25,92,1,152,34,0,34,186
09/18/2021,MSO,MT,ANM,WE,Federal Contract Tower,31,13,13,1,58,0,3,39,0,42,31,16,52,1,100,10,8,18,118
09/19/2021,MSO,MT,ANM,WE,Federal Contract Tower,33,15,20,0,68,0,7,26,0,33,33,22,46,0,101,16,0,16,117
09/20/2021,MSO,MT,ANM,WE,Federal Contract Tower,28,10,21,0,59,0,1,8,0,9,28,11,29,0,68,0,0,0,68
09/21/2021,MSO,MT,ANM,WE,Federal Contract Tower,25,22,17,2,66,0,0,32,0,32,25,22,49,2,98,20,2,22,120
09/22/2021,MSO,MT,ANM,WE,Federal Contract Tower,30,15,21,4,70,0,7,54,0,61,30,22,75,4,131,76,0,76,207
09/23/2021,MSO,MT,ANM,WE,Federal Contract Tower,37,13,18,2,70,0,6,31,2,39,37,19,49,4,109,16,4,20,129
09/24/2021,MSO,MT,ANM,WE,Federal Contract Tower,35,12,24,3,74,0,8,76,1,85,35,20,100,4,159,16,2,18,177
09/25/2021,MSO,MT,ANM,WE,Federal Contract Tower,23,9,13,0,45,0,6,87,0,93,23,15,100,0,138,40,0,40,178
09/26/2021,MSO,MT,ANM,WE,Federal Contract Tower,31,19,21,0,71,0,4,64,0,68,31,23,85,0,139,48,0,48,187
09/27/2021,MSO,MT,ANM,WE,Federal Contract Tower,26,17,20,0,63,0,7,43,0,50,26,24,63,0,113,16,2,18,131
09/29/2021,MSO,MT,ANM,WE,Federal Contract Tower,32,13,13,5,63,0,4,72,0,76,32,17,85,5,139,46,0,46,185
09/30/2021,MSO,MT,ANM,WE,Federal Contract Tower,35,23,36,0,94,0,8,100,0,108,35,31,136,0,202,54,0,54,256
10/01/2021,MSO,MT,ANM,WE,Federal Contract Tower,32,17,13,0,62,0,0,56,2,58,32,17,69,2,120,38,0,38,158
10/02/2021,MSO,MT,ANM,WE,Federal Contract Tower,33,8,14,0,55,0,2,74,0,76,33,10,88,0,131,6,0,6,137
10/03/2021,MSO,MT,ANM,WE,Federal Contract Tower,28,12,20,0,60,0,5,39,0,44,28,17,59,0,104,24,0,24,128
10/04/2021,MSO,MT,ANM,WE,Federal Contract Tower,31,9,12,0,52,0,3,41,0,44,31,12,53,0,96,30,0,30,126
10/05/2021,MSO,MT,ANM,WE,Federal Contract Tower,24,16,3,1,44,0,3,45,3,51,24,19,48,4,95,68,0,68,163
10/06/2021,MSO,MT,ANM,WE,Federal Contract Tower,25,11,16,0,52,0,0,42,0,42,25,11,58,0,94,6,0,6,100
10/07/2021,MSO,MT,ANM,WE,Federal Contract Tower,23,10,16,0,49,0,9,22,0,31,23,19,38,0,80,36,0,36,116
10/08/2021,MSO,MT,ANM,WE,Federal Contract Tower,25,13,20,0,58,0,7,63,1,71,25,20,83,1,129,64,0,64,193
10/09/2021,MSO,MT,ANM,WE,Federal Contract Tower,22,5,17,0,44,0,1,50,0,51,22,6,67,0,95,82,0,82,177
10/10/2021,MSO,MT,ANM,WE,Federal Contract Tower,22,14,23,0,59,0,2,19,0,21,22,16,42,0,80,82,0,82,162
10/11/2021,MSO,MT,ANM,WE,Federal Contract Tower,21,11,30,0,62,0,5,11,0,16,21,16,41,0,78,14,0,14,92
10/12/2021,MSO,MT,ANM,WE,Federal Contract Tower,19,17,19,4,59,0,5,34,0,39,19,22,53,4,98,8,8,16,114
10/13/2021,MSO,MT,ANM,WE,Federal Contract Tower,19,7,34,0,60,0,7,38,0,45,19,14,72,0,105,38,0,38,143
10/14/2021,MSO,MT,ANM,WE,Federal Contract Tower,21,15,28,0,64,0,9,14,0,23,21,24,42,0,87,18,0,18,105
10/15/2021,MSO,MT,ANM,WE,Federal Contract Tower,20,16,11,0,47,0,14,49,0,63,20,30,60,0,110,70,0,70,180
10/16/2021,MSO,MT,ANM,WE,Federal Contract Tower,20,10,25,0,55,0,6,52,0,58,20,16,77,0,113,18,0,18,131
10/17/2021,MSO,MT,ANM,WE,Federal Contract Tower,19,5,21,0,45,0,3,84,0,87,19,8,105,0,132,54,0,54,186
10/18/2021,MSO,MT,ANM,WE,Federal Contract Tower,21,5,17,0,43,0,10,27,0,37,21,15,44,0,80,20,0,20,100
10/19/2021,MSO,MT,ANM,WE,Federal Contract Tower,19,11,23,0,53,0,2,43,0,45,19,13,66,0,98,8,0,8,106
10/20/2021,MSO,MT,ANM,WE,Federal Contract Tower,18,17,16,2,53,0,6,37,0,43,18,23,53,2,96,38,0,38,134
10/21/2021,MSO,MT,ANM,WE,Federal Contract Tower,20,14,22,0,56,0,8,35,0,43,20,22,57,0,99,16,0,16,115
10/23/2021,MSO,MT,ANM,WE,Federal Contract Tower,17,4,7,0,28,0,4,24,0,28,17,8,31,0,56,4,0,4,60
10/24/2021,MSO,MT,ANM,WE,Federal Contract Tower,22,8,14,2,46,0,4,24,0,28,22,12,38,2,74,42,0,42,116
10/25/2021,MSO,MT,ANM,WE,Federal Contract Tower,19,12,12,0,43,0,0,0,0,0,19,12,12,0,43,0,0,0,43
10/26/2021,MSO,MT,ANM,WE,Federal Contract Tower,19,23,21,0,63,0,1,14,0,15,19,24,35,0,78,6,0,6,84
10/27/2021,MSO,MT,ANM,WE,Federal Contract Tower,18,16,13,4,51,0,3,8,0,11,18,19,21,4,62,20,0,20,82
10/28/2021,MSO,MT,ANM,WE,Federal Contract Tower,23,13,16,0,52,0,3,20,0,23,23,16,36,0,75,60,0,60,135
10/29/2021,MSO,MT,ANM,WE,Federal Contract Tower,22,11,13,0,46,0,2,5,0,7,22,13,18,0,53,16,0,16,69
10/30/2021,MSO,MT,ANM,WE,Federal Contract Tower,21,6,13,0,40,0,0,56,2,58,21,6,69,2,98,30,0,30,128
10/31/2021,MSO,MT,ANM,WE,Federal Contract Tower,21,2,10,0,33,0,4,28,0,32,21,6,38,0,65,22,0,22,87
11/01/2021,MSO,MT,ANM,WE,Federal Contract Tower,21,14,12,4,51,0,5,16,0,21,21,19,28,4,72,18,0,18,90
11/02/2021,MSO,MT,ANM,WE,Federal Contract Tower,19,13,7,0,39,0,2,20,2,24,19,15,27,2,63,20,0,20,83
11/03/2021,MSO,MT,ANM,WE,Federal Contract Tower,19,12,2,0,33,0,5,40,0,45,19,17,42,0,78,38,0,38,116
11/04/2021,MSO,MT,ANM,WE,Federal Contract Tower,21,20,13,14,68,0,3,13,0,16,21,23,26,14,84,14,12,26,110
11/06/2021,MSO,MT,ANM,WE,Federal Contract Tower,21,6,10,0,37,0,5,16,0,21,21,11,26,0,58,10,0,10,68
11/07/2021,MSO,MT,ANM,WE,Federal Contract Tower,22,5,11,2,40,0,4,26,0,30,22,9,37,2,70,54,0,54,124
11/08/2021,MSO,MT,ANM,WE,Federal Contract Tower,22,4,20,0,46,0,4,22,0,26,22,8,42,0,72,6,0,6,78
11/10/2021,MSO,MT,ANM,WE,Federal Contract Tower,18,6,8,0,32,0,7,15,0,22,18,13,23,0,54,22,0,22,76
11/11/2021,MSO,MT,ANM,WE,Federal Contract Tower,23,11,22,0,56,0,0,1,0,1,23,11,23,0,57,0,0,0,57
11/12/2021,MSO,MT,ANM,WE,Federal Contract Tower,18,11,9,0,38,0,0,3,0,3,18,11,12,0,41,14,0,14,55
11/13/2021,MSO,MT,ANM,WE,Federal Contract Tower,20,5,13,0,38,0,5,36,0,41,20,10,49,0,79,102,0,102,181
11/14/2021,MSO,MT,ANM,WE,Federal Contract Tower,21,7,5,0,33,0,4,9,0,13,21,11,14,0,46,20,0,20,66
11/15/2021,MSO,MT,ANM,WE,Federal Contract Tower,19,8,18,6,51,0,8,16,1,25,19,16,34,7,76,30,2,32,108
11/16/2021,MSO,MT,ANM,WE,Federal Contract Tower,21,13,16,0,50,0,2,0,0,2,21,15,16,0,52,6,0,6,58
11/17/2021,MSO,MT,ANM,WE,Federal Contract Tower,19,11,14,0,44,0,5,45,0,50,19,16,59,0,94,16,0,16,110
11/18/2021,MSO,MT,ANM,WE,Federal Contract Tower,24,10,15,2,51,0,4,28,0,32,24,14,43,2,83,28,0,28,111
11/19/2021,MSO,MT,ANM,WE,Federal Contract Tower,25,13,18,4,60,0,0,0,0,0,25,13,18,4,60,0,0,0,60
11/20/2021,MSO,MT,ANM,WE,Federal Contract Tower,21,8,26,0,55,0,7,30,2,39,21,15,56,2,94,68,0,68,162
11/21/2021,MSO,MT,ANM,WE,Federal Contract Tower,24,3,14,0,41,0,2,25,0,27,24,5,39,0,68,38,0,38,106
11/22/2021,MSO,MT,ANM,WE,Federal Contract Tower,23,6,13,2,44,0,6,47,0,53,23,12,60,2,97,38,0,38,135
11/23/2021,MSO,MT,ANM,WE,Federal Contract Tower,26,15,10,6,57,0,0,4,0,4,26,15,14,6,61,6,0,6,67
11/24/2021,MSO,MT,ANM,WE,Federal Contract Tower,21,17,14,0,52,0,8,21,0,29,21,25,35,0,81,14,0,14,95
11/25/2021,MSO,MT,ANM,WE,Federal Contract Tower,12,2,1,0,15,0,4,5,0,9,12,6,6,0,24,6,0,6,30
11/26/2021,MSO,MT,ANM,WE,Federal Contract Tower,21,13,7,0,41,0,0,4,0,4,21,13,11,0,45,0,0,0,45
11/27/2021,MSO,MT,ANM,WE,Federal Contract Tower,23,13,9,0,45,0,2,36,0,38,23,15,45,0,83,57,0,57,140
11/28/2021,MSO,MT,ANM,WE,Federal Contract Tower,25,17,19,0,61,0,0,14,0,14,25,17,33,0,75,50,0,50,125
11/29/2021,MSO,MT,ANM,WE,Federal Contract Tower,25,13,14,0,52,0,4,2,0,6,25,17,16,0,58,16,0,16,74
11/30/2021,MSO,MT,ANM,WE,Federal Contract Tower,21,13,13,0,47,0,6,7,0,13,21,19,20,0,60,0,0,0,60
12/01/2021,MSO,MT,ANM,WE,Federal Contract Tower,18,17,9,0,44,0,3,10,0,13,18,20,19,0,57,10,2,12,69
12/02/2021,MSO,MT,ANM,WE,Federal Contract Tower,21,12,16,0,49,0,0,0,0,0,21,12,16,0,49,0,0,0,49
12/03/2021,MSO,MT,ANM,WE,Federal Contract Tower,21,14,8,0,43,0,5,37,0,42,21,19,45,0,85,40,0,40,125
12/04/2021,MSO,MT,ANM,WE,Federal Contract Tower,16,9,4,0,29,0,0,9,0,9,16,9,13,0,38,22,0,22,60
12/05/2021,MSO,MT,ANM,WE,Federal Contract Tower,22,7,2,0,31,0,4,20,0,24,22,11,22,0,55,36,0,36,91
12/06/2021,MSO,MT,ANM,WE,Federal Contract Tower,18,8,14,0,40,0,3,0,0,3,18,11,14,0,43,0,0,0,43
12/07/2021,MSO,MT,ANM,WE,Federal Contract Tower,19,11,16,1,47,0,1,10,0,11,19,12,26,1,58,36,20,56,114
12/08/2021,MSO,MT,ANM,WE,Federal Contract Tower,16,11,11,0,38,0,0,6,0,6,16,11,17,0,44,4,0,4,48
12/09/2021,MSO,MT,ANM,WE,Federal Contract Tower,26,10,8,0,44,0,3,10,0,13,26,13,18,0,57,16,0,16,73
12/10/2021,MSO,MT,ANM,WE,Federal Contract Tower,20,18,11,0,49,0,0,14,0,14,20,18,25,0,63,46,0,46,109
12/11/2021,MSO,MT,ANM,WE,Federal Contract Tower,17,6,1,0,24,0,0,0,0,0,17,6,1,0,24,0,0,0,24
12/12/2021,MSO,MT,ANM,WE,Federal Contract Tower,23,7,4,0,34,0,0,0,0,0,23,7,4,0,34,0,0,0,34
12/13/2021,MSO,MT,ANM,WE,Federal Contract Tower,21,6,9,0,36,0,0,3,0,3,21,6,12,0,39,0,0,0,39
12/14/2021,MSO,MT,ANM,WE,Federal Contract Tower,19,16,6,0,41,0,2,0,0,2,19,18,6,0,43,0,0,0,43
12/15/2021,MSO,MT,ANM,WE,Federal Contract Tower,19,12,7,6,44,0,4,33,0,37,19,16,40,6,81,38,14,52,133
12/16/2021,MSO,MT,ANM,WE,Federal Contract Tower,24,14,18,0,56,0,0,6,0,6,24,14,24,0,62,30,0,30,92
12/17/2021,MSO,MT,ANM,WE,Federal Contract Tower,23,15,20,0,58,0,9,66,0,75,23,24,86,0,133,40,0,40,173
12/18/2021,MSO,MT,ANM,WE,Federal Contract Tower,22,6,8,0,36,0,3,26,0,29,22,9,34,0,65,94,0,94,159
12/19/2021,MSO,MT,ANM,WE,Federal Contract Tower,25,8,12,0,45,0,0,0,0,0,25,8,12,0,45,0,0,0,45
12/20/2021,MSO,MT,ANM,WE,Federal Contract Tower,21,8,10,0,39,0,0,0,0,0,21,8,10,0,39,0,0,0,39
12/21/2021,MSO,MT,ANM,WE,Federal Contract Tower,23,13,27,0,63,0,0,28,6,34,23,13,55,6,97,8,0,8,105
12/22/2021,MSO,MT,ANM,WE,Federal Contract Tower,22,17,16,1,56,0,7,29,0,36,22,24,45,1,92,48,0,48,140
12/23/2021,MSO,MT,ANM,WE,Federal Contract Tower,25,21,7,0,53,0,0,0,0,0,25,21,7,0,53,0,0,0,53
12/24/2021,MSO,MT,ANM,WE,Federal Contract Tower,16,12,13,0,41,0,12,24,0,36,16,24,37,0,77,12,0,12,89
12/25/2021,MSO,MT,ANM,WE,Federal Contract Tower,17,8,4,0,29,0,9,2,0,11,17,17,6,0,40,0,0,0,40
12/26/2021,MSO,MT,ANM,WE,Federal Contract Tower,11,6,2,0,19,0,1,0,0,1,11,7,2,0,20,0,0,0,20
12/27/2021,MSO,MT,ANM,WE,Federal Contract Tower,19,16,15,0,50,0,1,5,0,6,19,17,20,0,56,14,0,14,70
12/28/2021,MSO,MT,ANM,WE,Federal Contract Tower,19,17,10,0,46,0,0,1,0,1,19,17,11,0,47,0,0,0,47
12/29/2021,MSO,MT,ANM,WE,Federal Contract Tower,25,14,19,0,58,0,0,3,0,3,25,14,22,0,61,6,0,6,67
12/30/2021,MSO,MT,ANM,WE,Federal Contract Tower,24,20,6,0,50,0,0,5,0,5,24,20,11,0,55,20,0,20,75
12/31/2021,MSO,MT,ANM,WE,Federal Contract Tower,18,19,11,0,48,0,5,4,0,9,18,24,15,0,57,8,0,8,65
01/01/2022,MSO,MT,ANM,WE,Federal Contract Tower,16,5,2,0,23,0,4,25,0,29,16,9,27,0,52,48,0,48,100
01/02/2022,MSO,MT,ANM,WE,Federal Contract Tower,27,13,14,0,54,0,8,33,0,41,27,21,47,0,95,34,0,34,129
01/03/2022,MSO,MT,ANM,WE,Federal Contract Tower,22,6,15,0,43,0,2,10,0,12,22,8,25,0,55,18,0,18,73
01/04/2022,MSO,MT,ANM,WE,Federal Contract Tower,19,13,16,0,48,0,0,5,0,5,19,13,21,0,53,70,0,70,123
01/05/2022,MSO,MT,ANM,WE,Federal Contract Tower,12,12,7,3,34,0,0,0,0,0,12,12,7,3,34,0,0,0,34
01/06/2022,MSO,MT,ANM,WE,Federal Contract Tower,12,13,8,0,33,0,0,0,0,0,12,13,8,0,33,0,0,0,33
01/07/2022,MSO,MT,ANM,WE,Federal Contract Tower,16,13,9,0,38,0,2,1,0,3,16,15,10,0,41,0,0,0,41
01/08/2022,MSO,MT,ANM,WE,Federal Contract Tower,15,6,7,0,28,0,1,21,0,22,15,7,28,0,50,46,0,46,96
01/09/2022,MSO,MT,ANM,WE,Federal Contract Tower,22,2,9,0,33,0,6,41,0,47,22,8,50,0,80,130,0,130,210
01/10/2022,MSO,MT,ANM,WE,Federal Contract Tower,20,8,9,0,37,0,2,7,0,9,20,10,16,0,46,16,0,16,62
01/11/2022,MSO,MT,ANM,WE,Federal Contract Tower,18,11,8,0,37,0,4,22,0,26,18,15,30,0,63,85,0,85,148
01/12/2022,MSO,MT,ANM,WE,Federal Contract Tower,16,7,14,0,37,0,0,12,0,12,16,7,26,0,49,80,0,80,129
01/13/2022,MSO,MT,ANM,WE,Federal Contract Tower,8,8,6,0,22,0,0,1,0,1,8,8,7,0,23,0,0,0,23
01/14/2022,MSO,MT,ANM,WE,Federal Contract Tower,21,14,14,0,49,0,1,41,0,42,21,15,55,0,91,44,0,44,135
01/15/2022,MSO,MT,ANM,WE,Federal Contract Tower,14,4,4,0,22,0,0,0,0,0,14,4,4,0,22,0,0,0,22
01/16/2022,MSO,MT,ANM,WE,Federal Contract Tower,18,4,11,0,33,0,6,30,0,36,18,10,41,0,69,48,0,48,117
01/17/2022,MSO,MT,ANM,WE,Federal Contract Tower,20,8,5,0,33,0,2,19,0,21,20,10,24,0,54,58,0,58,112
01/18/2022,MSO,MT,ANM,WE,Federal Contract Tower,18,14,9,0,41,0,4,23,0,27,18,18,32,0,68,8,0,8,76
01/19/2022,MSO,MT,ANM,WE,Federal Contract Tower,17,9,11,8,45,0,5,10,0,15,17,14,21,8,60,10,0,10,70
01/20/2022,MSO,MT,ANM,WE,Federal Contract Tower,21,6,7,0,34,0,0,1,0,1,21,6,8,0,35,0,0,0,35
01/21/2022,MSO,MT,ANM,WE,Federal Contract Tower,18,13,11,0,42,0,7,28,2,37,18,20,39,2,79,42,0,42,121
01/22/2022,MSO,MT,ANM,WE,Federal Contract Tower,16,10,10,0,36,0,4,44,0,48,16,14,54,0,84,60,0,60,144
01/23/2022,MSO,MT,ANM,WE,Federal Contract Tower,18,5,8,0,31,0,0,2,0,2,18,5,10,0,33,24,0,24,57
01/24/2022,MSO,MT,ANM,WE,Federal Contract Tower,20,5,11,0,36,0,2,1,0,3,20,7,12,0,39,8,0,8,47
01/25/2022,MSO,MT,ANM,WE,Federal Contract Tower,18,11,15,0,44,0,2,18,0,20,18,13,33,0,64,34,0,34,98
01/26/2022,MSO,MT,ANM,WE,Federal Contract Tower,22,8,14,0,44,0,0,5,0,5,22,8,19,0,49,8,0,8,57
01/27/2022,MSO,MT,ANM,WE,Federal Contract Tower,23,9,7,6,45,0,1,43,0,44,23,10,50,6,89,24,12,36,125
01/28/2022,MSO,MT,ANM,WE,Federal Contract Tower,20,11,5,0,36,0,1,28,0,29,20,12,33,0,65,8,0,8,73
01/29/2022,MSO,MT,ANM,WE,Federal Contract Tower,15,2,4,0,21,0,0,47,0,47,15,2,51,0,68,88,0,88,156
01/30/2022,MSO,MT,ANM,WE,Federal Contract Tower,22,2,4,0,28,0,0,28,0,28,22,2,32,0,56,64,0,64,120
01/31/2022,MSO,MT,ANM,WE,Federal Contract Tower,18,4,3,0,25,0,0,4,0,4,18,4,7,0,29,0,0,0,29
02/01/2022,MSO,MT,ANM,WE,Federal Contract Tower,17,11,11,0,39,0,2,0,0,2,17,13,11,0,41,0,0,0,41
02/02/2022,MSO,MT,ANM,WE,Federal Contract Tower,23,9,21,0,53,0,1,49,0,50,23,10,70,0,103,58,0,58,161
02/03/2022,MSO,MT,ANM,WE,Federal Contract Tower,20,9,12,0,41,0,3,12,0,15,20,12,24,0,56,20,0,20,76
02/04/2022,MSO,MT,ANM,WE,Federal Contract Tower,20,8,6,0,34,0,9,21,0,30,20,17,27,0,64,42,0,42,106
02/05/2022,MSO,MT,ANM,WE,Federal Contract Tower,16,3,5,0,24,0,4,6,0,10,16,7,11,0,34,4,0,4,38
02/06/2022,MSO,MT,ANM,WE,Federal Contract Tower,22,2,4,0,28,0,0,28,0,28,22,2,32,0,56,44,0,44,100
02/07/2022,MSO,MT,ANM,WE,Federal Contract Tower,19,6,4,0,29,0,8,22,0,30,19,14,26,0,59,22,0,22,81
02/08/2022,MSO,MT,ANM,WE,Federal Contract Tower,18,10,15,0,43,0,11,24,1,36,18,21,39,1,79,36,0,36,115
02/09/2022,MSO,MT,ANM,WE,Federal Contract Tower,18,10,11,0,39,0,5,21,0,26,18,15,32,0,65,20,0,20,85
02/10/2022,MSO,MT,ANM,WE,Federal Contract Tower,23,10,9,0,42,0,11,20,0,31,23,21,29,0,73,58,0,58,131
02/11/2022,MSO,MT,ANM,WE,Federal Contract Tower,19,16,15,0,50,0,5,44,0,49,19,21,59,0,99,32,0,32,131
02/12/2022,MSO,MT,ANM,WE,Federal Contract Tower,16,4,7,0,27,0,9,46,0,55,16,13,53,0,82,58,0,58,140
02/13/2022,MSO,MT,ANM,WE,Federal Contract Tower,23,4,8,0,35,0,4,72,0,76,23,8,80,0,111,48,0,48,159
02/14/2022,MSO,MT,ANM,WE,Federal Contract Tower,20,2,10,2,34,0,2,31,2,35,20,4,41,4,69,30,4,34,103
02/15/2022,MSO,MT,ANM,WE,Federal Contract Tower,18,12,12,0,42,0,2,30,0,32,18,14,42,0,74,30,0,30,104
02/16/2022,MSO,MT,ANM,WE,Federal Contract Tower,18,16,11,0,45,0,2,31,0,33,18,18,42,0,78,40,0,40,118
02/17/2022,MSO,MT,ANM,WE,Federal Contract Tower,21,10,15,0,46,0,2,52,0,54,21,12,67,0,100,12,0,12,112
02/18/2022,MSO,MT,ANM,WE,Federal Contract Tower,19,13,14,0,46,0,13,85,0,98,19,26,99,0,144,24,0,24,168
02/19/2022,MSO,MT,ANM,WE,Federal Contract Tower,17,3,8,0,28,0,4,27,0,31,17,7,35,0,59,50,0,50,109
02/20/2022,MSO,MT,ANM,WE,Federal Contract Tower,18,5,5,0,28,0,0,3,0,3,18,5,8,0,31,10,0,10,41
02/21/2022,MSO,MT,ANM,WE,Federal Contract Tower,20,15,9,0,44,0,0,0,0,0,20,15,9,0,44,0,0,0,44
02/22/2022,MSO,MT,ANM,WE,Federal Contract Tower,18,15,15,1,49,0,5,7,0,12,18,20,22,1,61,4,0,4,65
02/23/2022,MSO,MT,ANM,WE,Federal Contract Tower,15,9,5,2,31,0,13,22,2,37,15,22,27,4,68,8,4,12,80
02/24/2022,MSO,MT,ANM,WE,Federal Contract Tower,20,11,11,0,42,0,3,15,0,18,20,14,26,0,60,6,0,6,66
02/25/2022,MSO,MT,ANM,WE,Federal Contract Tower,20,14,10,0,44,0,15,68,0,83,20,29,78,0,127,22,0,22,149
02/26/2022,MSO,MT,ANM,WE,Federal Contract Tower,16,5,11,0,32,0,9,55,0,64,16,14,66,0,96,84,0,84,180
02/27/2022,MSO,MT,ANM,WE,Federal Contract Tower,23,5,10,1,39,0,1,22,1,24,23,6,32,2,63,20,2,22,85
02/28/2022,MSO,MT,ANM,WE,Federal Contract Tower,19,8,13,0,40,0,0,7,0,7,19,8,20,0,47,10,0,10,57
03/01/2022,MSO,MT,ANM,WE,Federal Contract Tower,19,11,21,0,51,0,0,7,0,7,19,11,28,0,58,26,0,26,84
03/02/2022,MSO,MT,ANM,WE,Federal Contract Tower,14,12,9,0,35,0,14,0,0,14,14,26,9,0,49,0,0,0,49
03/03/2022,MSO,MT,ANM,WE,Federal Contract Tower,0,0,0,0,0,0,0,0,0,0,0,0,0,0,0,0,0,0,0
03/04/2022,MSO,MT,ANM,WE,Federal Contract Tower,19,8,24,1,52,0,12,29,3,44,19,20,53,4,96,46,0,46,142
03/05/2022,MSO,MT,ANM,WE,Federal Contract Tower,12,7,10,0,29,0,0,46,0,46,12,7,56,0,75,60,0,60,135
03/06/2022,MSO,MT,ANM,WE,Federal Contract Tower,20,4,9,0,33,0,3,11,0,14,20,7,20,0,47,0,0,0,47
03/07/2022,MSO,MT,ANM,WE,Federal Contract Tower,16,13,11,0,40,0,3,22,0,25,16,16,33,0,65,18,0,18,83
03/08/2022,MSO,MT,ANM,WE,Federal Contract Tower,14,12,7,0,33,0,0,18,0,18,14,12,25,0,51,0,0,0,51
03/09/2022,MSO,MT,ANM,WE,Federal Contract Tower,15,12,8,1,36,0,3,44,0,47,15,15,52,1,83,42,0,42,125
03/10/2022,MSO,MT,ANM,WE,Federal Contract Tower,19,13,7,0,39,0,3,56,0,59,19,16,63,0,98,46,0,46,144
03/11/2022,MSO,MT,ANM,WE,Federal Contract Tower,15,9,13,2,39,0,0,33,2,35,15,9,46,4,74,70,0,70,144
03/12/2022,MSO,MT,ANM,WE,Federal Contract Tower,16,7,6,0,29,0,4,32,0,36,16,11,38,0,65,56,0,56,121
03/13/2022,MSO,MT,ANM,WE,Federal Contract Tower,15,5,6,0,26,0,2,1,0,3,15,7,7,0,29,44,0,44,73
03/14/2022,MSO,MT,ANM,WE,Federal Contract Tower,16,7,11,0,34,0,3,12,0,15,16,10,23,0,49,76,0,76,125
03/15/2022,MSO,MT,ANM,WE,Federal Contract Tower,13,17,12,0,42,0,0,8,0,8,13,17,20,0,50,22,0,22,72
03/16/2022,MSO,MT,ANM,WE,Federal Contract Tower,15,8,20,0,43,0,4,14,0,18,15,12,34,0,61,10,0,10,71
03/17/2022,MSO,MT,ANM,WE,Federal Contract Tower,20,14,10,0,44,0,11,50,0,61,20,25,60,0,105,104,0,104,209
03/18/2022,MSO,MT,ANM,WE,Federal Contract Tower,18,13,8,5,44,0,0,28,0,28,18,13,36,5,72,74,0,74,146
03/19/2022,MSO,MT,ANM,WE,Federal Contract Tower,12,4,10,0,26,0,6,31,0,37,12,10,41,0,63,50,0,50,113
03/20/2022,MSO,MT,ANM,WE,Federal Contract Tower,19,9,5,0,33,0,0,6,0,6,19,9,11,0,39,14,0,14,53
03/21/2022,MSO,MT,ANM,WE,Federal Contract Tower,19,5,9,0,33,0,0,20,0,20,19,5,29,0,53,24,0,24,77
03/22/2022,MSO,MT,ANM,WE,Federal Contract Tower,16,11,6,5,38,0,0,32,1,33,16,11,38,6,71,42,16,58,129
03/23/2022,MSO,MT,ANM,WE,Federal Contract Tower,16,14,12,20,62,0,0,45,0,45,16,14,57,20,107,56,24,80,187
03/24/2022,MSO,MT,ANM,WE,Federal Contract Tower,20,16,12,2,50,0,14,32,0,46,20,30,44,2,96,6,0,6,102
03/25/2022,MSO,MT,ANM,WE,Federal Contract Tower,19,7,9,2,37,0,0,59,0,59,19,7,68,2,96,32,0,32,128
03/26/2022,MSO,MT,ANM,WE,Federal Contract Tower,16,5,15,2,38,0,1,66,0,67,16,6,81,2,105,20,0,20,125
03/27/2022,MSO,MT,ANM,WE,Federal Contract Tower,21,5,3,0,29,0,11,37,0,48,21,16,40,0,77,118,0,118,195
03/28/2022,MSO,MT,ANM,WE,Federal Contract Tower,19,5,10,0,34,0,8,19,0,27,19,13,29,0,61,10,0,10,71
03/29/2022,MSO,MT,ANM,WE,Federal Contract Tower,17,12,15,12,56,0,11,29,0,40,17,23,44,12,96,2,32,34,130
03/30/2022,MSO,MT,ANM,WE,Federal Contract Tower,16,8,7,0,31,0,11,34,0,45,16,19,41,0,76,38,0,38,114
03/31/2022,MSO,MT,ANM,WE,Federal Contract Tower,21,12,8,0,41,0,8,22,0,30,21,20,30,0,71,34,0,34,105
04/01/2022,MSO,MT,ANM,WE,Federal Contract Tower,18,17,12,0,47,0,5,77,0,82,18,22,89,0,129,96,0,96,225
04/02/2022,MSO,MT,ANM,WE,Federal Contract Tower,14,4,4,0,22,0,0,8,0,8,14,4,12,0,30,24,0,24,54
04/03/2022,MSO,MT,ANM,WE,Federal Contract Tower,18,5,8,0,31,0,0,18,0,18,18,5,26,0,49,2,0,2,51
04/04/2022,MSO,MT,ANM,WE,Federal Contract Tower,15,6,10,0,31,0,0,9,0,9,15,6,19,0,40,28,0,28,68
04/05/2022,MSO,MT,ANM,WE,Federal Contract Tower,17,15,11,0,43,0,3,16,0,19,17,18,27,0,62,36,0,36,98
04/06/2022,MSO,MT,ANM,WE,Federal Contract Tower,14,16,23,0,53,0,11,40,0,51,14,27,63,0,104,142,0,142,246
04/07/2022,MSO,MT,ANM,WE,Federal Contract Tower,17,10,17,0,44,0,47,56,0,103,17,57,73,0,147,170,0,170,317
04/08/2022,MSO,MT,ANM,WE,Federal Contract Tower,16,13,9,0,38,0,4,28,0,32,16,17,37,0,70,24,0,24,94
04/09/2022,MSO,MT,ANM,WE,Federal Contract Tower,14,4,1,0,19,0,4,6,0,10,14,8,7,0,29,8,0,8,37
04/10/2022,MSO,MT,ANM,WE,Federal Contract Tower,18,3,4,0,25,0,0,16,0,16,18,3,20,0,41,76,0,76,117
04/11/2022,MSO,MT,ANM,WE,Federal Contract Tower,15,6,9,0,30,0,2,8,2,12,15,8,17,2,42,14,0,14,56
04/12/2022,MSO,MT,ANM,WE,Federal Contract Tower,15,10,15,2,42,0,0,9,0,9,15,10,24,2,51,6,34,40,91
04/13/2022,MSO,MT,ANM,WE,Federal Contract Tower,15,11,10,0,36,0,0,39,0,39,15,11,49,0,75,50,0,50,125
04/14/2022,MSO,MT,ANM,WE,Federal Contract Tower,17,12,16,2,47,0,0,19,0,19,17,12,35,2,66,0,0,0,66
04/15/2022,MSO,MT,ANM,WE,Federal Contract Tower,16,9,16,0,41,0,8,46,0,54,16,17,62,0,95,40,0,40,135
04/16/2022,MSO,MT,ANM,WE,Federal Contract Tower,13,6,3,0,22,0,7,16,0,23,13,13,19,0,45,12,0,12,57
04/17/2022,MSO,MT,ANM,WE,Federal Contract Tower,18,3,6,0,27,0,7,13,0,20,18,10,19,0,47,18,0,18,65
04/18/2022,MSO,MT,ANM,WE,Federal Contract Tower,16,4,10,0,30,0,5,43,0,48,16,9,53,0,78,30,0,30,108
04/19/2022,MSO,MT,ANM,WE,Federal Contract Tower,14,27,15,0,56,0,0,10,0,10,14,27,25,0,66,0,0,0,66
04/20/2022,MSO,MT,ANM,WE,Federal Contract Tower,14,8,15,0,37,0,11,39,0,50,14,19,54,0,87,46,0,46,133
04/21/2022,MSO,MT,ANM,WE,Federal Contract Tower,17,16,13,0,46,0,11,12,0,23,17,27,25,0,69,52,0,52,121
04/22/2022,MSO,MT,ANM,WE,Federal Contract Tower,17,12,10,0,39,0,5,79,0,84,17,17,89,0,123,74,0,74,197
04/23/2022,MSO,MT,ANM,WE,Federal Contract Tower,12,8,9,0,29,0,2,36,0,38,12,10,45,0,67,42,0,42,109
04/24/2022,MSO,MT,ANM,WE,Federal Contract Tower,16,3,10,0,29,0,3,37,0,40,16,6,47,0,69,62,0,62,131
04/25/2022,MSO,MT,ANM,WE,Federal Contract Tower,16,11,18,4,49,0,10,65,0,75,16,21,83,4,124,58,0,58,182
04/26/2022,MSO,MT,ANM,WE,Federal Contract Tower,17,12,7,0,36,0,0,34,0,34,17,12,41,0,70,97,0,97,167
04/27/2022,MSO,MT,ANM,WE,Federal Contract Tower,15,12,12,0,39,0,4,70,0,74,15,16,82,0,113,26,0,26,139
04/28/2022,MSO,MT,ANM,WE,Federal Contract Tower,17,13,19,0,49,0,7,53,0,60,17,20,72,0,109,44,0,44,153
04/29/2022,MSO,MT,ANM,WE,Federal Contract Tower,16,11,19,0,46,0,2,34,0,36,16,13,53,0,82,38,0,38,120
04/30/2022,MSO,MT,ANM,WE,Federal Contract Tower,11,6,8,0,25,0,3,51,0,54,11,9,59,0,79,118,0,118,197
05/01/2022,MSO,MT,ANM,WE,Federal Contract Tower,18,2,21,0,41,0,9,16,0,25,18,11,37,0,66,56,0,56,122
05/02/2022,MSO,MT,ANM,WE,Federal Contract Tower,19,8,12,0,39,0,8,31,0,39,19,16,43,0,78,50,0,50,128
05/03/2022,MSO,MT,ANM,WE,Federal Contract Tower,18,13,19,0,50,0,8,27,0,35,18,21,46,0,85,8,0,8,93
05/04/2022,MSO,MT,ANM,WE,Federal Contract Tower,15,13,20,1,49,0,1,50,0,51,15,14,70,1,100,44,0,44,144
05/05/2022,MSO,MT,ANM,WE,Federal Contract Tower,19,19,9,1,48,0,0,15,4,19,19,19,24,5,67,12,0,12,79
05/06/2022,MSO,MT,ANM,WE,Federal Contract Tower,17,13,7,0,37,0,3,19,0,22,17,16,26,0,59,18,0,18,77
05/07/2022,MSO,MT,ANM,WE,Federal Contract Tower,15,7,13,0,35,0,6,4,0,10,15,13,17,0,45,0,0,0,45
05/08/2022,MSO,MT,ANM,WE,Federal Contract Tower,22,0,9,0,31,0,0,12,0,12,22,0,21,0,43,32,0,32,75
05/09/2022,MSO,MT,ANM,WE,Federal Contract Tower,18,6,5,1,30,0,2,28,0,30,18,8,33,1,60,76,0,76,136
05/10/2022,MSO,MT,ANM,WE,Federal Contract Tower,18,15,5,2,40,0,1,37,0,38,18,16,42,2,78,36,0,36,114
05/11/2022,MSO,MT,ANM,WE,Federal Contract Tower,17,10,14,0,41,0,9,71,0,80,17,19,85,0,121,132,0,132,253
05/12/2022,MSO,MT,ANM,WE,Federal Contract Tower,21,12,12,1,46,0,13,59,0,72,21,25,71,1,118,80,2,82,200
05/13/2022,MSO,MT,ANM,WE,Federal Contract Tower,18,10,17,1,46,0,7,3,0,10,18,17,20,1,56,0,0,0,56
05/14/2022,MSO,MT,ANM,WE,Federal Contract Tower,14,7,5,0,26,0,3,26,0,29,14,10,31,0,55,59,0,59,114
05/15/2022,MSO,MT,ANM,WE,Federal Contract Tower,20,7,8,0,35,0,0,48,0,48,20,7,56,0,83,62,0,62,145
05/16/2022,MSO,MT,ANM,WE,Federal Contract Tower,19,10,14,0,43,0,0,8,0,8,19,10,22,0,51,18,0,18,69
05/17/2022,MSO,MT,ANM,WE,Federal Contract Tower,17,22,12,1,52,0,3,41,0,44,17,25,53,1,96,22,8,30,126
05/18/2022,MSO,MT,ANM,WE,Federal Contract Tower,18,11,12,0,41,0,3,17,0,20,18,14,29,0,61,16,0,16,77
05/19/2022,MSO,MT,ANM,WE,Federal Contract Tower,17,14,11,0,42,0,4,7,0,11,17,18,18,0,53,6,0,6,59
05/20/2022,MSO,MT,ANM,WE,Federal Contract Tower,18,14,15,0,47,0,9,24,0,33,18,23,39,0,80,0,0,0,80
05/21/2022,MSO,MT,ANM,WE,Federal Contract Tower,14,5,7,0,26,0,6,58,5,69,14,11,65,5,95,22,0,22,117
05/22/2022,MSO,MT,ANM,WE,Federal Contract Tower,23,6,16,0,45,0,16,50,0,66,23,22,66,0,111,40,0,40,151
05/23/2022,MSO,MT,ANM,WE,Federal Contract Tower,19,16,19,2,56,0,4,37,0,41,19,20,56,2,97,20,0,20,117
05/24/2022,MSO,MT,ANM,WE,Federal Contract Tower,18,13,10,2,43,0,5,39,0,44,18,18,49,2,87,86,0,86,173
05/25/2022,MSO,MT,ANM,WE,Federal Contract Tower,17,12,22,0,51,0,4,48,0,52,17,16,70,0,103,50,0,50,153
05/26/2022,MSO,MT,ANM,WE,Federal Contract Tower,18,21,18,0,57,0,6,73,0,79,18,27,91,0,136,58,0,58,194
05/27/2022,MSO,MT,ANM,WE,Federal Contract Tower,20,12,11,0,43,0,4,29,0,33,20,16,40,0,76,26,0,26,102
05/28/2022,MSO,MT,ANM,WE,Federal Contract Tower,16,8,6,0,30,0,7,24,0,31,16,15,30,0,61,8,0,8,69
05/29/2022,MSO,MT,ANM,WE,Federal Contract Tower,17,13,5,0,35,0,2,22,0,24,17,15,27,0,59,42,0,42,101
05/30/2022,MSO,MT,ANM,WE,Federal Contract Tower,20,10,15,0,45,0,4,34,0,38,20,14,49,0,83,10,0,10,93
05/31/2022,MSO,MT,ANM,WE,Federal Contract Tower,20,13,14,1,48,0,5,52,5,62,20,18,66,6,110,22,10,32,142
06/01/2022,MSO,MT,ANM,WE,Federal Contract Tower,17,13,27,0,57,0,10,65,0,75,17,23,92,0,132,58,0,58,190
06/02/2022,MSO,MT,ANM,WE,Federal Contract Tower,20,13,10,0,43,0,5,33,0,38,20,18,43,0,81,24,0,24,105
06/03/2022,MSO,MT,ANM,WE,Federal Contract Tower,28,13,14,0,55,0,16,45,0,61,28,29,59,0,116,56,0,56,172
06/04/2022,MSO,MT,ANM,WE,Federal Contract Tower,21,15,6,1,43,0,2,9,0,11,21,17,15,1,54,0,0,0,54
06/05/2022,MSO,MT,ANM,WE,Federal Contract Tower,28,10,16,0,54,0,8,23,1,32,28,18,39,1,86,4,0,4,90
06/06/2022,MSO,MT,ANM,WE,Federal Contract Tower,27,20,18,0,65,0,0,18,0,18,27,20,36,0,83,12,0,12,95
06/07/2022,MSO,MT,ANM,WE,Federal Contract Tower,21,19,17,0,57,0,11,59,0,70,21,30,76,0,127,38,0,38,165
06/08/2022,MSO,MT,ANM,WE,Federal Contract Tower,23,14,11,0,48,0,1,44,0,45,23,15,55,0,93,86,0,86,179
06/09/2022,MSO,MT,ANM,WE,Federal Contract Tower,28,17,13,0,58,0,5,39,0,44,28,22,52,0,102,62,0,62,164
06/10/2022,MSO,MT,ANM,WE,Federal Contract Tower,31,14,24,0,69,0,8,9,0,17,31,22,33,0,86,16,0,16,102
06/11/2022,MSO,MT,ANM,WE,Federal Contract Tower,23,6,18,0,47,0,8,8,2,18,23,14,26,2,65,2,0,2,67
06/12/2022,MSO,MT,ANM,WE,Federal Contract Tower,28,19,16,0,63,0,6,44,2,52,28,25,60,2,115,64,0,64,179
06/13/2022,MSO,MT,ANM,WE,Federal Contract Tower,27,7,18,1,53,0,3,24,4,31,27,10,42,5,84,16,0,16,100
06/14/2022,MSO,MT,ANM,WE,Federal Contract Tower,23,25,8,0,56,0,7,12,3,22,23,32,20,3,78,0,0,0,78
06/15/2022,MSO,MT,ANM,WE,Federal Contract Tower,24,13,27,1,65,0,7,57,1,65,24,20,84,2,130,70,18,88,218
06/16/2022,MSO,MT,ANM,WE,Federal Contract Tower,30,17,18,1,66,0,3,69,0,72,30,20,87,1,138,36,0,36,174
06/17/2022,MSO,MT,ANM,WE,Federal Contract Tower,31,21,19,1,72,0,5,70,0,75,31,26,89,1,147,22,0,22,169
06/18/2022,MSO,MT,ANM,WE,Federal Contract Tower,31,17,13,0,61,0,2,39,0,41,31,19,52,0,102,32,0,32,134
06/19/2022,MSO,MT,ANM,WE,Federal Contract Tower,34,13,16,0,63,0,8,7,2,17,34,21,23,2,80,26,0,26,106
06/20/2022,MSO,MT,ANM,WE,Federal Contract Tower,30,19,12,0,61,0,1,10,0,11,30,20,22,0,72,48,0,48,120
06/21/2022,MSO,MT,ANM,WE,Federal Contract Tower,27,22,16,2,67,0,0,7,51,58,27,22,23,53,125,90,0,90,215
06/22/2022,MSO,MT,ANM,WE,Federal Contract Tower,29,16,24,0,69,0,5,69,0,74,29,21,93,0,143,66,0,66,209
06/23/2022,MSO,MT,ANM,WE,Federal Contract Tower,32,24,11,0,67,0,12,55,0,67,32,36,66,0,134,26,0,26,160
06/24/2022,MSO,MT,ANM,WE,Federal Contract Tower,32,24,17,0,73,0,5,55,0,60,32,29,72,0,133,30,0,30,163
06/25/2022,MSO,MT,ANM,WE,Federal Contract Tower,37,19,15,0,71,0,7,56,0,63,37,26,71,0,134,24,0,24,158
06/26/2022,MSO,MT,ANM,WE,Federal Contract Tower,35,14,19,3,71,0,9,59,0,68,35,23,78,3,139,68,0,68,207
06/27/2022,MSO,MT,ANM,WE,Federal Contract Tower,31,16,21,0,68,0,4,40,0,44,31,20,61,0,112,6,0,6,118
06/28/2022,MSO,MT,ANM,WE,Federal Contract Tower,27,18,15,0,60,0,15,32,0,47,27,33,47,0,107,44,0,44,151
06/29/2022,MSO,MT,ANM,WE,Federal Contract Tower,30,18,25,0,73,0,9,50,0,59,30,27,75,0,132,26,0,26,158
06/30/2022,MSO,MT,ANM,WE,Federal Contract Tower,35,17,22,0,74,0,7,57,0,64,35,24,79,0,138,38,0,38,176
07/01/2022,MSO,MT,ANM,WE,Federal Contract Tower,31,17,24,0,72,0,8,90,0,98,31,25,114,0,170,34,0,34,204
07/02/2022,MSO,MT,ANM,WE,Federal Contract Tower,32,5,4,0,41,0,4,46,0,50,32,9,50,0,91,6,0,6,97
07/03/2022,MSO,MT,ANM,WE,Federal Contract Tower,31,3,3,0,37,0,4,17,0,21,31,7,20,0,58,16,0,16,74
07/04/2022,MSO,MT,ANM,WE,Federal Contract Tower,28,6,6,0,40,0,3,17,0,20,28,9,23,0,60,14,0,14,74
07/05/2022,MSO,MT,ANM,WE,Federal Contract Tower,26,15,20,1,62,0,9,46,2,57,26,24,66,3,119,50,0,50,169
07/06/2022,MSO,MT,ANM,WE,Federal Contract Tower,24,18,14,0,56,0,4,36,0,40,24,22,50,0,96,42,0,42,138
07/07/2022,MSO,MT,ANM,WE,Federal Contract Tower,31,16,11,0,58,0,5,36,0,41,31,21,47,0,99,2,0,2,101
07/08/2022,MSO,MT,ANM,WE,Federal Contract Tower,33,23,24,0,80,0,2,78,0,80,33,25,102,0,160,6,0,6,166
07/09/2022,MSO,MT,ANM,WE,Federal Contract Tower,33,9,14,1,57,0,1,52,0,53,33,10,66,1,110,56,0,56,166
07/10/2022,MSO,MT,ANM,WE,Federal Contract Tower,31,12,9,0,52,0,12,46,1,59,31,24,55,1,111,56,0,56,167
07/11/2022,MSO,MT,ANM,WE,Federal Contract Tower,32,11,7,0,50,0,3,65,0,68,32,14,72,0,118,18,0,18,136
07/12/2022,MSO,MT,ANM,WE,Federal Contract Tower,26,14,20,0,60,0,12,70,1,83,26,26,90,1,143,34,0,34,177
07/13/2022,MSO,MT,ANM,WE,Federal Contract Tower,28,17,12,0,57,0,9,46,0,55,28,26,58,0,112,44,0,44,156
07/14/2022,MSO,MT,ANM,WE,Federal Contract Tower,35,13,13,3,64,0,15,82,1,98,35,28,95,4,162,78,14,92,254
07/15/2022,MSO,MT,ANM,WE,Federal Contract Tower,32,17,13,0,62,0,5,60,0,65,32,22,73,0,127,30,0,30,157
07/16/2022,MSO,MT,ANM,WE,Federal Contract Tower,38,14,20,0,72,0,10,75,0,85,38,24,95,0,157,26,0,26,183
07/17/2022,MSO,MT,ANM,WE,Federal Contract Tower,30,16,7,0,53,0,1,87,2,90,30,17,94,2,143,6,0,6,149
07/18/2022,MSO,MT,ANM,WE,Federal Contract Tower,32,9,20,0,61,0,4,19,0,23,32,13,39,0,84,0,0,0,84
07/19/2022,MSO,MT,ANM,WE,Federal Contract Tower,29,19,18,0,66,0,10,40,1,51,29,29,58,1,117,32,0,32,149
07/20/2022,MSO,MT,ANM,WE,Federal Contract Tower,29,15,19,0,63,0,1,104,2,107,29,16,123,2,170,68,12,80,250
07/21/2022,MSO,MT,ANM,WE,Federal Contract Tower,34,18,27,0,79,0,9,103,5,117,34,27,130,5,196,36,0,36,232
07/22/2022,MSO,MT,ANM,WE,Federal Contract Tower,32,21,19,0,72,0,11,86,0,97,32,32,105,0,169,38,0,38,207
07/23/2022,MSO,MT,ANM,WE,Federal Contract Tower,35,13,7,0,55,0,8,97,0,105,35,21,104,0,160,90,0,90,250
07/24/2022,MSO,MT,ANM,WE,Federal Contract Tower,35,15,14,0,64,0,2,34,0,36,35,17,48,0,100,0,0,0,100
07/25/2022,MSO,MT,ANM,WE,Federal Contract Tower,29,15,24,0,68,0,5,39,0,44,29,20,63,0,112,18,0,18,130
07/26/2022,MSO,MT,ANM,WE,Federal Contract Tower,23,19,22,11,75,0,2,40,1,43,23,21,62,12,118,45,1,46,164
07/27/2022,MSO,MT,ANM,WE,Federal Contract Tower,30,18,20,0,68,0,3,44,0,47,30,21,64,0,115,48,0,48,163
07/28/2022,MSO,MT,ANM,WE,Federal Contract Tower,35,8,19,1,63,0,7,52,0,59,35,15,71,1,122,110,0,110,232
07/29/2022,MSO,MT,ANM,WE,Federal Contract Tower,30,14,23,1,68,0,6,85,0,91,30,20,108,1,159,10,0,10,169
07/30/2022,MSO,MT,ANM,WE,Federal Contract Tower,35,10,25,0,70,0,5,125,0,130,35,15,150,0,200,10,0,10,210
07/31/2022,MSO,MT,ANM,WE,Federal Contract Tower,30,12,15,2,59,0,3,74,0,77,30,15,89,2,136,16,0,16,152
08/01/2022,MSO,MT,ANM,WE,Federal Contract Tower,29,11,19,3,62,0,11,76,5,92,29,22,95,8,154,0,62,62,216
08/02/2022,MSO,MT,ANM,WE,Federal Contract Tower,25,20,21,3,69,0,22,60,3,85,25,42,81,6,154,0,10,10,164
08/03/2022,MSO,MT,ANM,WE,Federal Contract Tower,27,17,18,1,63,0,5,70,0,75,27,22,88,1,138,16,0,16,154
08/04/2022,MSO,MT,ANM,WE,Federal Contract Tower,33,11,15,0,59,0,16,38,0,54,33,27,53,0,113,22,0,22,135
08/05/2022,MSO,MT,ANM,WE,Federal Contract Tower,31,13,19,0,63,0,0,86,0,86,31,13,105,0,149,26,0,26,175
08/06/2022,MSO,MT,ANM,WE,Federal Contract Tower,34,17,13,0,64,0,7,66,2,75,34,24,79,2,139,18,0,18,157
08/07/2022,MSO,MT,ANM,WE,Federal Contract Tower,32,13,16,0,61,0,4,75,0,79,32,17,91,0,140,6,0,6,146
08/08/2022,MSO,MT,ANM,WE,Federal Contract Tower,28,17,16,0,61,0,11,49,0,60,28,28,65,0,121,4,0,4,125
08/09/2022,MSO,MT,ANM,WE,Federal Contract Tower,27,19,14,0,60,0,1,45,0,46,27,20,59,0,106,16,0,16,122
08/10/2022,MSO,MT,ANM,WE,Federal Contract Tower,26,19,24,0,69,0,14,34,0,48,26,33,58,0,117,20,0,20,137
08/12/2022,MSO,MT,ANM,WE,Federal Contract Tower,34,23,27,2,86,0,3,89,0,92,34,26,116,2,178,6,0,6,184
08/13/2022,MSO,MT,ANM,WE,Federal Contract Tower,30,11,21,0,62,0,13,75,0,88,30,24,96,0,150,0,0,0,150
08/14/2022,MSO,MT,ANM,WE,Federal Contract Tower,38,11,18,0,67,0,10,52,0,62,38,21,70,0,129,16,0,16,145
08/15/2022,MSO,MT,ANM,WE,Federal Contract Tower,33,15,16,1,65,0,8,92,0,100,33,23,108,1,165,56,0,56,221
08/16/2022,MSO,MT,ANM,WE,Federal Contract Tower,29,16,19,0,64,0,38,67,0,105,29,54,86,0,169,6,0,6,175
08/17/2022,MSO,MT,ANM,WE,Federal Contract Tower,24,14,15,1,54,0,31,52,0,83,24,45,67,1,137,48,0,48,185
08/18/2022,MSO,MT,ANM,WE,Federal Contract Tower,33,24,31,0,88,0,13,78,0,91,33,37,109,0,179,50,0,50,229
08/19/2022,MSO,MT,ANM,WE,Federal Contract Tower,34,16,13,0,63,0,13,59,0,72,34,29,72,0,135,46,0,46,181
08/20/2022,MSO,MT,ANM,WE,Federal Contract Tower,37,20,14,0,71,0,7,60,0,67,37,27,74,0,138,98,0,98,236
08/21/2022,MSO,MT,ANM,WE,Federal Contract Tower,30,13,8,3,54,0,7,87,8,102,30,20,95,11,156,44,1,45,201
08/22/2022,MSO,MT,ANM,WE,Federal Contract Tower,32,9,18,1,60,0,8,80,0,88,32,17,98,1,148,20,0,20,168
08/23/2022,MSO,MT,ANM,WE,Federal Contract Tower,29,23,16,0,68,0,0,0,92,92,29,23,16,92,160,32,0,32,192
08/24/2022,MSO,MT,ANM,WE,Federal Contract Tower,28,17,24,0,69,0,1,45,0,46,28,18,69,0,115,12,0,12,127
08/25/2022,MSO,MT,ANM,WE,Federal Contract Tower,30,15,14,0,59,0,4,58,0,62,30,19,72,0,121,32,0,32,153
08/26/2022,MSO,MT,ANM,WE,Federal Contract Tower,35,15,13,0,63,0,4,53,0,57,35,19,66,0,120,38,0,38,158
08/27/2022,MSO,MT,ANM,WE,Federal Contract Tower,37,14,16,0,67,0,8,36,0,44,37,22,52,0,111,0,0,0,111
08/28/2022,MSO,MT,ANM,WE,Federal Contract Tower,34,7,14,0,55,0,12,68,0,80,34,19,82,0,135,42,0,42,177
08/29/2022,MSO,MT,ANM,WE,Federal Contract Tower,32,7,19,0,58,0,7,49,0,56,32,14,68,0,114,42,0,42,156
08/30/2022,MSO,MT,ANM,WE,Federal Contract Tower,26,22,12,0,60,0,1,101,3,105,26,23,113,3,165,82,0,82,247
08/31/2022,MSO,MT,ANM,WE,Federal Contract Tower,28,18,13,0,59,0,9,77,0,86,28,27,90,0,145,6,0,6,151
09/02/2022,MSO,MT,ANM,WE,Federal Contract Tower,30,15,24,1,70,0,5,79,0,84,30,20,103,1,154,20,0,20,174
09/03/2022,MSO,MT,ANM,WE,Federal Contract Tower,36,9,10,0,55,0,9,71,0,80,36,18,81,0,135,46,0,46,181
09/04/2022,MSO,MT,ANM,WE,Federal Contract Tower,31,13,6,1,51,0,14,54,0,68,31,27,60,1,119,30,0,30,149
09/05/2022,MSO,MT,ANM,WE,Federal Contract Tower,28,11,13,0,52,0,2,89,0,91,28,13,102,0,143,2,0,2,145
09/06/2022,MSO,MT,ANM,WE,Federal Contract Tower,252,18,16,6,292,0,7,67,1,75,252,25,83,7,367,0,0,0,367
09/07/2022,MSO,MT,ANM,WE,Federal Contract Tower,26,15,16,0,57,0,6,59,0,65,26,21,75,0,122,12,0,12,134
09/08/2022,MSO,MT,ANM,WE,Federal Contract Tower,33,13,13,4,63,0,2,88,0,90,33,15,101,4,153,30,14,44,197
09/09/2022,MSO,MT,ANM,WE,Federal Contract Tower,32,19,16,0,67,0,7,98,0,105,32,26,114,0,172,24,0,24,196
09/10/2022,MSO,MT,ANM,WE,Federal Contract Tower,36,12,14,0,62,0,0,68,0,68,36,12,82,0,130,34,0,34,164
09/11/2022,MSO,MT,ANM,WE,Federal Contract Tower,37,5,17,0,59,0,0,36,0,36,37,5,53,0,95,10,0,10,105
09/12/2022,MSO,MT,ANM,WE,Federal Contract Tower,29,25,58,0,112,0,0,2,0,2,29,25,60,0,114,0,0,0,114
09/13/2022,MSO,MT,ANM,WE,Federal Contract Tower,28,21,25,0,74,0,0,0,0,0,28,21,25,0,74,0,0,0,74
09/15/2022,MSO,MT,ANM,WE,Federal Contract Tower,34,25,40,0,99,0,0,8,0,8,34,25,48,0,107,0,0,0,107
09/16/2022,MSO,MT,ANM,WE,Federal Contract Tower,35,9,15,0,59,0,4,51,0,55,35,13,66,0,114,36,0,36,150
09/17/2022,MSO,MT,ANM,WE,Federal Contract Tower,35,9,14,0,58,0,5,47,0,52,35,14,61,0,110,28,0,28,138
09/18/2022,MSO,MT,ANM,WE,Federal Contract Tower,36,7,10,0,53,0,5,27,0,32,36,12,37,0,85,24,0,24,109
09/19/2022,MSO,MT,ANM,WE,Federal Contract Tower,33,19,18,0,70,0,3,21,1,25,33,22,39,1,95,8,0,8,103
09/20/2022,MSO,MT,ANM,WE,Federal Contract Tower,27,13,20,0,60,0,5,31,0,36,27,18,51,0,96,0,0,0,96
09/21/2022,MSO,MT,ANM,WE,Federal Contract Tower,30,14,13,7,64,0,9,35,2,46,30,23,48,9,110,14,8,22,132
09/22/2022,MSO,MT,ANM,WE,Federal Contract Tower,37,19,28,0,84,0,0,0,0,0,37,19,28,0,84,0,0,0,84
09/23/2022,MSO,MT,ANM,WE,Federal Contract Tower,34,18,17,0,69,0,4,34,1,39,34,22,51,1,108,42,0,42,150
09/24/2022,MSO,MT,ANM,WE,Federal Contract Tower,33,10,12,0,55,0,6,57,0,63,33,16,69,0,118,20,0,20,138
09/25/2022,MSO,MT,ANM,WE,Federal Contract Tower,39,13,22,0,74,0,2,61,0,63,39,15,83,0,137,12,0,12,149
09/26/2022,MSO,MT,ANM,WE,Federal Contract Tower,32,5,15,0,52,0,1,49,0,50,32,6,64,0,102,12,0,12,114
09/27/2022,MSO,MT,ANM,WE,Federal Contract Tower,30,18,19,0,67,0,3,56,0,59,30,21,75,0,126,32,0,32,158
09/28/2022,MSO,MT,ANM,WE,Federal Contract Tower,30,16,25,0,71,0,5,52,0,57,30,21,77,0,128,26,0,26,154
09/29/2022,MSO,MT,ANM,WE,Federal Contract Tower,35,19,20,0,74,0,1,9,0,10,35,20,29,0,84,12,0,12,96
09/30/2022,MSO,MT,ANM,WE,Federal Contract Tower,32,19,7,0,58,0,0,49,0,49,32,19,56,0,107,46,0,46,153
10/01/2022,MSO,MT,ANM,WE,Federal Contract Tower,26,17,7,1,51,0,6,27,0,33,26,23,34,1,84,20,0,20,104
10/02/2022,MSO,MT,ANM,WE,Federal Contract Tower,33,4,6,1,44,0,2,23,0,25,33,6,29,1,69,32,0,32,101
10/03/2022,MSO,MT,ANM,WE,Federal Contract Tower,30,7,10,0,47,0,0,36,0,36,30,7,46,0,83,54,0,54,137
10/04/2022,MSO,MT,ANM,WE,Federal Contract Tower,30,13,20,1,64,0,0,43,0,43,30,13,63,1,107,58,0,58,165
10/05/2022,MSO,MT,ANM,WE,Federal Contract Tower,29,12,19,0,60,0,5,46,0,51,29,17,65,0,111,20,0,20,131
10/06/2022,MSO,MT,ANM,WE,Federal Contract Tower,25,10,19,0,54,0,4,54,0,58,25,14,73,0,112,62,0,62,174
10/07/2022,MSO,MT,ANM,WE,Federal Contract Tower,23,11,8,0,42,0,1,40,1,42,23,12,48,1,84,80,0,80,164
10/08/2022,MSO,MT,ANM,WE,Federal Contract Tower,20,11,11,0,42,0,5,43,0,48,20,16,54,0,90,38,0,38,128
10/09/2022,MSO,MT,ANM,WE,Federal Contract Tower,28,4,10,1,43,0,2,39,1,42,28,6,49,2,85,48,6,54,139
10/10/2022,MSO,MT,ANM,WE,Federal Contract Tower,22,7,14,0,43,0,1,27,0,28,22,8,41,0,71,18,0,18,89
10/11/2022,MSO,MT,ANM,WE,Federal Contract Tower,21,15,9,1,46,0,14,24,0,38,21,29,33,1,84,10,0,10,94
10/12/2022,MSO,MT,ANM,WE,Federal Contract Tower,20,12,18,0,50,0,0,36,0,36,20,12,54,0,86,28,0,28,114
10/13/2022,MSO,MT,ANM,WE,Federal Contract Tower,26,13,14,1,54,0,1,59,0,60,26,14,73,1,114,36,0,36,150
10/14/2022,MSO,MT,ANM,WE,Federal Contract Tower,23,9,14,2,48,0,5,65,1,71,23,14,79,3,119,32,24,56,175
10/15/2022,MSO,MT,ANM,WE,Federal Contract Tower,20,8,10,0,38,0,5,53,0,58,20,13,63,0,96,40,0,40,136
10/16/2022,MSO,MT,ANM,WE,Federal Contract Tower,25,13,11,0,49,0,8,42,0,50,25,21,53,0,99,14,0,14,113
10/17/2022,MSO,MT,ANM,WE,Federal Contract Tower,24,11,15,2,52,0,11,22,0,33,24,22,37,2,85,8,0,8,93
10/18/2022,MSO,MT,ANM,WE,Federal Contract Tower,20,14,13,2,49,0,3,55,0,58,20,17,68,2,107,100,8,108,215
10/19/2022,MSO,MT,ANM,WE,Federal Contract Tower,19,13,7,0,39,0,11,60,0,71,19,24,67,0,110,52,0,52,162
10/20/2022,MSO,MT,ANM,WE,Federal Contract Tower,26,15,15,0,56,0,13,40,0,53,26,28,55,0,109,30,0,30,139
10/21/2022,MSO,MT,ANM,WE,Federal Contract Tower,26,10,12,0,48,0,0,11,0,11,26,10,23,0,59,0,0,0,59
10/22/2022,MSO,MT,ANM,WE,Federal Contract Tower,18,5,5,0,28,0,0,0,0,0,18,5,5,0,28,0,0,0,28
10/23/2022,MSO,MT,ANM,WE,Federal Contract Tower,25,13,13,0,51,0,0,2,0,2,25,13,15,0,53,0,0,0,53
10/24/2022,MSO,MT,ANM,WE,Federal Contract Tower,22,18,10,0,50,0,1,13,0,14,22,19,23,0,64,22,0,22,86
10/25/2022,MSO,MT,ANM,WE,Federal Contract Tower,22,11,11,2,46,0,2,4,0,6,22,13,15,2,52,16,4,20,72
10/26/2022,MSO,MT,ANM,WE,Federal Contract Tower,19,11,10,0,40,0,2,9,0,11,19,13,19,0,51,32,0,32,83
10/27/2022,MSO,MT,ANM,WE,Federal Contract Tower,23,22,16,7,68,0,4,21,1,26,23,26,37,8,94,4,18,22,116
10/28/2022,MSO,MT,ANM,WE,Federal Contract Tower,24,20,8,0,52,0,6,31,0,37,24,26,39,0,89,62,0,62,151
10/29/2022,MSO,MT,ANM,WE,Federal Contract Tower,20,6,2,0,28,0,7,36,0,43,20,13,38,0,71,20,0,20,91
10/30/2022,MSO,MT,ANM,WE,Federal Contract Tower,22,4,9,0,35,0,1,17,0,18,22,5,26,0,53,24,0,24,77
10/31/2022,MSO,MT,ANM,WE,Federal Contract Tower,22,6,11,0,39,0,3,14,0,17,22,9,25,0,56,14,0,14,70
11/01/2022,MSO,MT,ANM,WE,Federal Contract Tower,19,12,17,0,48,0,0,39,0,39,19,12,56,0,87,46,0,46,133
11/02/2022,MSO,MT,ANM,WE,Federal Contract Tower,19,16,25,0,60,0,0,11,0,11,19,16,36,0,71,24,0,24,95
11/03/2022,MSO,MT,ANM,WE,Federal Contract Tower,24,18,23,0,65,0,3,41,0,44,24,21,64,0,109,102,0,102,211
11/04/2022,MSO,MT,ANM,WE,Federal Contract Tower,20,12,10,0,42,0,4,2,0,6,20,16,12,0,48,0,0,0,48
11/05/2022,MSO,MT,ANM,WE,Federal Contract Tower,16,8,0,1,25,0,5,1,0,6,16,13,1,1,31,0,0,0,31
11/06/2022,MSO,MT,ANM,WE,Federal Contract Tower,19,5,6,0,30,0,8,23,0,31,19,13,29,0,61,10,0,10,71
11/07/2022,MSO,MT,ANM,WE,Federal Contract Tower,20,4,4,0,28,0,0,2,0,2,20,4,6,0,30,0,0,0,30
11/08/2022,MSO,MT,ANM,WE,Federal Contract Tower,16,16,10,0,42,0,2,20,0,22,16,18,30,0,64,44,0,44,108
11/09/2022,MSO,MT,ANM,WE,Federal Contract Tower,16,9,5,0,30,0,0,0,0,0,16,9,5,0,30,0,0,0,30
11/11/2022,MSO,MT,ANM,WE,Federal Contract Tower,24,17,20,0,61,0,0,18,0,18,24,17,38,0,79,0,0,0,79
11/12/2022,MSO,MT,ANM,WE,Federal Contract Tower,15,8,11,0,34,0,3,23,0,26,15,11,34,0,60,42,0,42,102
11/13/2022,MSO,MT,ANM,WE,Federal Contract Tower,22,6,12,0,40,0,2,27,0,29,22,8,39,0,69,32,0,32,101
11/14/2022,MSO,MT,ANM,WE,Federal Contract Tower,22,5,7,0,34,0,10,11,0,21,22,15,18,0,55,28,0,28,83
11/15/2022,MSO,MT,ANM,WE,Federal Contract Tower,18,12,6,0,36,0,11,10,0,21,18,23,16,0,57,74,0,74,131
11/16/2022,MSO,MT,ANM,WE,Federal Contract Tower,17,12,7,19,55,0,0,10,2,12,17,12,17,21,67,26,24,50,117
11/17/2022,MSO,MT,ANM,WE,Federal Contract Tower,23,13,12,0,48,0,8,19,0,27,23,21,31,0,75,20,0,20,95
11/18/2022,MSO,MT,ANM,WE,Federal Contract Tower,21,18,9,0,48,0,9,63,0,72,21,27,72,0,120,52,0,52,172
11/19/2022,MSO,MT,ANM,WE,Federal Contract Tower,17,7,9,0,33,0,1,22,0,23,17,8,31,0,56,38,0,38,94
11/20/2022,MSO,MT,ANM,WE,Federal Contract Tower,22,5,5,0,32,0,3,11,0,14,22,8,16,0,46,16,0,16,62
11/21/2022,MSO,MT,ANM,WE,Federal Contract Tower,20,7,4,0,31,0,1,3,0,4,20,8,7,0,35,28,0,28,63
11/22/2022,MSO,MT,ANM,WE,Federal Contract Tower,24,18,10,5,57,0,2,12,0,14,24,20,22,5,71,0,10,10,81
11/23/2022,MSO,MT,ANM,WE,Federal Contract Tower,21,16,16,0,53,0,9,10,0,19,21,25,26,0,72,16,0,16,88
11/24/2022,MSO,MT,ANM,WE,Federal Contract Tower,9,7,4,0,20,0,1,7,0,8,9,8,11,0,28,0,0,0,28
11/25/2022,MSO,MT,ANM,WE,Federal Contract Tower,21,61,9,0,91,0,7,33,0,40,21,68,42,0,131,56,0,56,187
11/26/2022,MSO,MT,ANM,WE,Federal Contract Tower,24,9,4,0,37,0,4,13,0,17,24,13,17,0,54,0,0,0,54
11/27/2022,MSO,MT,ANM,WE,Federal Contract Tower,22,11,9,0,42,0,1,1,0,2,22,12,10,0,44,0,0,0,44
11/28/2022,MSO,MT,ANM,WE,Federal Contract Tower,21,13,12,0,46,0,0,17,0,17,21,13,29,0,63,10,0,10,73
11/29/2022,MSO,MT,ANM,WE,Federal Contract Tower,18,17,4,0,39,0,1,5,0,6,18,18,9,0,45,0,0,0,45
11/30/2022,MSO,MT,ANM,WE,Federal Contract Tower,16,13,6,0,35,0,0,0,0,0,16,13,6,0,35,0,0,0,35
12/01/2022,MSO,MT,ANM,WE,Federal Contract Tower,22,12,14,0,48,0,2,0,0,2,22,14,14,0,50,0,0,0,50
12/02/2022,MSO,MT,ANM,WE,Federal Contract Tower,19,12,17,0,48,0,4,12,0,16,19,16,29,0,64,54,0,54,118
12/03/2022,MSO,MT,ANM,WE,Federal Contract Tower,16,3,2,2,23,0,8,15,0,23,16,11,17,2,46,6,0,6,52
12/04/2022,MSO,MT,ANM,WE,Federal Contract Tower,22,1,12,0,35,0,2,1,0,3,22,3,13,0,38,14,0,14,52
12/05/2022,MSO,MT,ANM,WE,Federal Contract Tower,20,11,7,0,38,0,0,4,0,4,20,11,11,0,42,20,0,20,62
12/06/2022,MSO,MT,ANM,WE,Federal Contract Tower,16,21,7,2,46,0,4,8,0,12,16,25,15,2,58,20,0,20,78
12/07/2022,MSO,MT,ANM,WE,Federal Contract Tower,18,18,20,0,56,0,0,0,0,0,18,18,20,0,56,20,0,20,76
12/08/2022,MSO,MT,ANM,WE,Federal Contract Tower,16,9,9,0,34,0,8,41,0,49,16,17,50,0,83,66,0,66,149
12/09/2022,MSO,MT,ANM,WE,Federal Contract Tower,19,18,13,0,50,0,1,19,0,20,19,19,32,0,70,28,0,28,98
12/10/2022,MSO,MT,ANM,WE,Federal Contract Tower,14,2,6,0,22,0,2,13,0,15,14,4,19,0,37,24,0,24,61
12/11/2022,MSO,MT,ANM,WE,Federal Contract Tower,21,5,5,0,31,0,4,2,0,6,21,9,7,0,37,6,0,6,43
12/12/2022,MSO,MT,ANM,WE,Federal Contract Tower,20,4,12,0,36,0,0,5,0,5,20,4,17,0,41,20,0,20,61
12/13/2022,MSO,MT,ANM,WE,Federal Contract Tower,16,13,19,0,48,0,0,11,0,11,16,13,30,0,59,28,0,28,87
12/14/2022,MSO,MT,ANM,WE,Federal Contract Tower,16,15,5,0,36,0,0,0,0,0,16,15,5,0,36,0,0,0,36
12/15/2022,MSO,MT,ANM,WE,Federal Contract Tower,18,14,16,4,52,0,3,6,0,9,18,17,22,4,61,30,0,30,91
12/16/2022,MSO,MT,ANM,WE,Federal Contract Tower,22,15,10,0,47,0,0,9,0,9,22,15,19,0,56,0,0,0,56
12/17/2022,MSO,MT,ANM,WE,Federal Contract Tower,17,13,6,0,36,0,0,0,0,0,17,13,6,0,36,0,0,0,36
12/18/2022,MSO,MT,ANM,WE,Federal Contract Tower,19,4,6,0,29,0,3,13,0,16,19,7,19,0,45,18,0,18,63
12/19/2022,MSO,MT,ANM,WE,Federal Contract Tower,19,12,13,0,44,0,0,11,0,11,19,12,24,0,55,2,0,2,57
12/20/2022,MSO,MT,ANM,WE,Federal Contract Tower,16,20,10,0,46,0,1,0,0,1,16,21,10,0,47,0,0,0,47
12/21/2022,MSO,MT,ANM,WE,Federal Contract Tower,20,21,15,0,56,0,1,0,0,1,20,22,15,0,57,0,0,0,57
12/22/2022,MSO,MT,ANM,WE,Federal Contract Tower,22,23,9,0,54,0,2,8,0,10,22,25,17,0,64,0,0,0,64
12/23/2022,MSO,MT,ANM,WE,Federal Contract Tower,11,16,4,0,31,0,0,0,0,0,11,16,4,0,31,0,0,0,31
12/24/2022,MSO,MT,ANM,WE,Federal Contract Tower,13,5,4,0,22,0,0,0,0,0,13,5,4,0,22,0,0,0,22
12/25/2022,MSO,MT,ANM,WE,Federal Contract Tower,9,1,1,0,11,0,0,0,0,0,9,1,1,0,11,0,0,0,11
12/26/2022,MSO,MT,ANM,WE,Federal Contract Tower,19,14,4,0,37,0,0,3,0,3,19,14,7,0,40,0,0,0,40
12/28/2022,MSO,MT,ANM,WE,Federal Contract Tower,21,19,10,0,50,0,2,10,2,14,21,21,20,2,64,28,0,28,92
12/29/2022,MSO,MT,ANM,WE,Federal Contract Tower,24,14,12,0,50,0,7,38,0,45,24,21,50,0,95,38,0,38,133
12/30/2022,MSO,MT,ANM,WE,Federal Contract Tower,20,22,3,0,45,0,2,0,0,2,20,24,3,0,47,0,0,0,47
12/31/2022,MSO,MT,ANM,WE,Federal Contract Tower,19,7,5,0,31,0,0,2,0,2,19,7,7,0,33,16,0,16,49
01/01/2023,MSO,MT,ANM,WE,Federal Contract Tower,15,6,4,0,25,0,6,8,0,14,15,12,12,0,39,12,0,12,51
01/02/2023,MSO,MT,ANM,WE,Federal Contract Tower,19,6,15,0,40,0,10,27,0,37,19,16,42,0,77,12,0,12,89
01/03/2023,MSO,MT,ANM,WE,Federal Contract Tower,18,15,22,1,56,0,0,30,0,30,18,15,52,1,86,36,2,38,124
01/06/2023,MSO,MT,ANM,WE,Federal Contract Tower,26,15,14,0,55,0,0,33,0,33,26,15,47,0,88,30,0,30,118
01/07/2023,MSO,MT,ANM,WE,Federal Contract Tower,15,9,5,0,29,0,0,0,0,0,15,9,5,0,29,0,0,0,29
01/08/2023,MSO,MT,ANM,WE,Federal Contract Tower,25,0,4,0,29,0,1,14,1,16,25,1,18,1,45,10,0,10,55
01/09/2023,MSO,MT,ANM,WE,Federal Contract Tower,22,8,10,0,40,0,0,0,0,0,22,8,10,0,40,0,0,0,40
01/10/2023,MSO,MT,ANM,WE,Federal Contract Tower,16,19,6,4,45,0,0,0,0,0,16,19,6,4,45,0,0,0,45
01/11/2023,MSO,MT,ANM,WE,Federal Contract Tower,16,13,19,0,48,0,0,4,0,4,16,13,23,0,52,24,0,24,76
01/12/2023,MSO,MT,ANM,WE,Federal Contract Tower,19,8,13,0,40,0,11,29,0,40,19,19,42,0,80,106,0,106,186
01/13/2023,MSO,MT,ANM,WE,Federal Contract Tower,23,11,9,0,43,0,3,24,0,27,23,14,33,0,70,10,0,10,80
01/14/2023,MSO,MT,ANM,WE,Federal Contract Tower,9,3,3,0,15,0,0,7,0,7,9,3,10,0,22,0,0,0,22
01/15/2023,MSO,MT,ANM,WE,Federal Contract Tower,18,4,4,0,26,0,0,5,0,5,18,4,9,0,31,14,0,14,45
01/16/2023,MSO,MT,ANM,WE,Federal Contract Tower,21,1,7,0,29,0,0,9,0,9,21,1,16,0,38,14,0,14,52
01/17/2023,MSO,MT,ANM,WE,Federal Contract Tower,15,4,10,0,29,0,0,6,0,6,15,4,16,0,35,28,0,28,63
01/18/2023,MSO,MT,ANM,WE,Federal Contract Tower,15,17,13,11,56,0,3,36,0,39,15,20,49,11,95,44,12,56,151
01/21/2023,MSO,MT,ANM,WE,Federal Contract Tower,11,7,1,0,19,0,7,51,1,59,11,14,52,1,78,56,2,58,136
01/22/2023,MSO,MT,ANM,WE,Federal Contract Tower,18,2,10,0,30,0,1,12,0,13,18,3,22,0,43,40,0,40,83
01/23/2023,MSO,MT,ANM,WE,Federal Contract Tower,23,11,7,0,41,0,3,20,0,23,23,14,27,0,64,6,0,6,70
01/24/2023,MSO,MT,ANM,WE,Federal Contract Tower,16,15,20,3,54,0,0,13,0,13,16,15,33,3,67,40,0,40,107
01/25/2023,MSO,MT,ANM,WE,Federal Contract Tower,16,18,13,0,47,0,1,18,0,19,16,19,31,0,66,32,0,32,98
01/26/2023,MSO,MT,ANM,WE,Federal Contract Tower,20,9,5,0,34,0,5,12,0,17,20,14,17,0,51,18,0,18,69
01/27/2023,MSO,MT,ANM,WE,Federal Contract Tower,23,7,10,0,40,0,0,0,0,0,23,7,10,0,40,0,0,0,40
01/28/2023,MSO,MT,ANM,WE,Federal Contract Tower,12,7,5,0,24,0,8,10,1,19,12,15,15,1,43,8,0,8,51
01/29/2023,MSO,MT,ANM,WE,Federal Contract Tower,20,0,5,0,25,0,0,9,0,9,20,0,14,0,34,22,0,22,56
01/30/2023,MSO,MT,ANM,WE,Federal Contract Tower,21,6,9,0,36,0,4,17,0,21,21,10,26,0,57,32,0,32,89
01/31/2023,MSO,MT,ANM,WE,Federal Contract Tower,16,8,5,0,29,0,0,1,0,1,16,8,6,0,30,0,0,0,30
02/02/2023,MSO,MT,ANM,WE,Federal Contract Tower,21,9,10,0,40,0,4,32,1,37,21,13,42,1,77,38,4,42,119
02/03/2023,MSO,MT,ANM,WE,Federal Contract Tower,20,11,4,0,35,0,16,17,3,36,20,27,21,3,71,22,0,22,93
02/04/2023,MSO,MT,ANM,WE,Federal Contract Tower,15,5,7,0,27,0,4,18,0,22,15,9,25,0,49,60,0,60,109
02/05/2023,MSO,MT,ANM,WE,Federal Contract Tower,20,2,7,0,29,0,0,11,0,11,20,2,18,0,40,38,0,38,78
02/06/2023,MSO,MT,ANM,WE,Federal Contract Tower,25,6,4,2,37,0,0,6,1,7,25,6,10,3,44,14,14,28,72
02/07/2023,MSO,MT,ANM,WE,Federal Contract Tower,16,15,12,6,49,0,8,19,1,28,16,23,31,7,77,34,20,54,131
02/08/2023,MSO,MT,ANM,WE,Federal Contract Tower,14,13,4,0,31,0,2,1,0,3,14,15,5,0,34,0,0,0,34
02/09/2023,MSO,MT,ANM,WE,Federal Contract Tower,20,12,13,2,47,0,4,35,2,41,20,16,48,4,88,72,4,76,164
02/10/2023,MSO,MT,ANM,WE,Federal Contract Tower,23,16,11,0,50,0,4,33,0,37,23,20,44,0,87,42,0,42,129
02/11/2023,MSO,MT,ANM,WE,Federal Contract Tower,16,6,6,0,28,0,6,33,0,39,16,12,39,0,67,24,0,24,91
02/12/2023,MSO,MT,ANM,WE,Federal Contract Tower,21,2,9,0,32,0,2,21,0,23,21,4,30,0,55,38,0,38,93
02/13/2023,MSO,MT,ANM,WE,Federal Contract Tower,20,8,3,0,31,0,3,4,0,7,20,11,7,0,38,12,0,12,50
02/14/2023,MSO,MT,ANM,WE,Federal Contract Tower,16,10,5,0,31,0,0,1,0,1,16,10,6,0,32,4,0,4,36
02/15/2023,MSO,MT,ANM,WE,Federal Contract Tower,17,11,11,0,39,0,0,10,0,10,17,11,21,0,49,65,0,65,114
02/16/2023,MSO,MT,ANM,WE,Federal Contract Tower,21,12,14,0,47,0,0,43,0,43,21,12,57,0,90,58,0,58,148
02/17/2023,MSO,MT,ANM,WE,Federal Contract Tower,21,11,12,3,47,0,9,33,2,44,21,20,45,5,91,28,26,54,145
02/18/2023,MSO,MT,ANM,WE,Federal Contract Tower,20,10,2,0,32,0,0,1,0,1,20,10,3,0,33,14,0,14,47
02/19/2023,MSO,MT,ANM,WE,Federal Contract Tower,19,3,8,0,30,0,2,2,0,4,19,5,10,0,34,0,0,0,34
02/20/2023,MSO,MT,ANM,WE,Federal Contract Tower,21,13,17,0,51,0,0,1,0,1,21,13,18,0,52,12,0,12,64
02/21/2023,MSO,MT,ANM,WE,Federal Contract Tower,17,15,10,0,42,0,12,2,0,14,17,27,12,0,56,16,0,16,72
02/22/2023,MSO,MT,ANM,WE,Federal Contract Tower,17,14,10,0,41,0,1,4,0,5,17,15,14,0,46,22,0,22,68
02/23/2023,MSO,MT,ANM,WE,Federal Contract Tower,21,10,12,0,43,0,3,5,0,8,21,13,17,0,51,52,0,52,103
02/24/2023,MSO,MT,ANM,WE,Federal Contract Tower,19,10,3,0,32,0,5,17,0,22,19,15,20,0,54,28,0,28,82
02/25/2023,MSO,MT,ANM,WE,Federal Contract Tower,18,7,3,0,28,0,3,71,1,75,18,10,74,1,103,56,0,56,159
02/26/2023,MSO,MT,ANM,WE,Federal Contract Tower,20,8,10,1,39,0,3,16,0,19,20,11,26,1,58,5,10,15,73
02/28/2023,MSO,MT,ANM,WE,Federal Contract Tower,23,6,8,6,43,0,6,26,0,32,23,12,34,6,75,30,12,42,117
03/01/2023,MSO,MT,ANM,WE,Federal Contract Tower,19,13,16,2,50,0,0,35,1,36,19,13,51,3,86,28,1,29,115
03/02/2023,MSO,MT,ANM,WE,Federal Contract Tower,15,9,6,2,32,0,0,19,0,19,15,9,25,2,51,6,2,8,59
03/03/2023,MSO,MT,ANM,WE,Federal Contract Tower,22,12,19,0,53,0,3,4,0,7,22,15,23,0,60,10,0,10,70
03/04/2023,MSO,MT,ANM,WE,Federal Contract Tower,18,5,3,0,26,0,6,30,0,36,18,11,33,0,62,16,0,16,78
03/05/2023,MSO,MT,ANM,WE,Federal Contract Tower,20,3,13,0,36,0,4,0,0,4,20,7,13,0,40,0,0,0,40
03/06/2023,MSO,MT,ANM,WE,Federal Contract Tower,20,10,7,3,40,0,4,7,2,13,20,14,14,5,53,8,10,18,71
03/07/2023,MSO,MT,ANM,WE,Federal Contract Tower,19,12,10,0,41,0,2,35,0,37,19,14,45,0,78,124,0,124,202
03/08/2023,MSO,MT,ANM,WE,Federal Contract Tower,22,12,14,2,50,0,0,28,0,28,22,12,42,2,78,8,0,8,86
03/09/2023,MSO,MT,ANM,WE,Federal Contract Tower,23,9,3,21,56,0,7,22,1,30,23,16,25,22,86,66,8,74,160
03/10/2023,MSO,MT,ANM,WE,Federal Contract Tower,19,12,8,0,39,0,0,0,0,0,19,12,8,0,39,0,0,0,39
03/11/2023,MSO,MT,ANM,WE,Federal Contract Tower,20,4,7,0,31,0,5,16,0,21,20,9,23,0,52,48,0,48,100
03/12/2023,MSO,MT,ANM,WE,Federal Contract Tower,20,4,4,0,28,0,8,28,0,36,20,12,32,0,64,0,0,0,64
03/13/2023,MSO,MT,ANM,WE,Federal Contract Tower,20,7,12,0,39,0,3,20,0,23,20,10,32,0,62,10,0,10,72
03/15/2023,MSO,MT,ANM,WE,Federal Contract Tower,23,9,8,0,40,0,1,14,0,15,23,10,22,0,55,98,0,98,153
03/16/2023,MSO,MT,ANM,WE,Federal Contract Tower,22,16,10,0,48,0,7,40,0,47,22,23,50,0,95,54,0,54,149
03/18/2023,MSO,MT,ANM,WE,Federal Contract Tower,19,9,4,0,32,0,20,39,0,59,19,29,43,0,91,24,0,24,115
03/19/2023,MSO,MT,ANM,WE,Federal Contract Tower,19,1,10,0,30,0,3,49,0,52,19,4,59,0,82,14,0,14,96
03/20/2023,MSO,MT,ANM,WE,Federal Contract Tower,21,3,15,0,39,0,3,11,0,14,21,6,26,0,53,28,0,28,81
03/21/2023,MSO,MT,ANM,WE,Federal Contract Tower,18,10,16,7,51,0,0,26,0,26,18,10,42,7,77,48,12,60,137
03/22/2023,MSO,MT,ANM,WE,Federal Contract Tower,18,8,11,0,37,0,5,47,0,52,18,13,58,0,89,8,0,8,97
03/23/2023,MSO,MT,ANM,WE,Federal Contract Tower,21,15,14,1,51,0,0,42,1,43,21,15,56,2,94,18,16,34,128
03/24/2023,MSO,MT,ANM,WE,Federal Contract Tower,20,17,17,0,54,0,0,2,0,2,20,17,19,0,56,38,0,38,94
03/25/2023,MSO,MT,ANM,WE,Federal Contract Tower,16,10,6,0,32,0,0,8,0,8,16,10,14,0,40,40,0,40,80
03/26/2023,MSO,MT,ANM,WE,Federal Contract Tower,20,3,6,0,29,0,0,0,0,0,20,3,6,0,29,0,0,0,29
03/27/2023,MSO,MT,ANM,WE,Federal Contract Tower,21,10,10,2,43,0,9,28,0,37,21,19,38,2,80,74,0,74,154
03/29/2023,MSO,MT,ANM,WE,Federal Contract Tower,19,10,9,0,38,0,2,29,0,31,19,12,38,0,69,70,0,70,139
03/30/2023,MSO,MT,ANM,WE,Federal Contract Tower,20,6,6,2,34,0,0,0,0,0,20,6,6,2,34,0,0,0,34
03/31/2023,MSO,MT,ANM,WE,Federal Contract Tower,22,10,15,0,47,0,0,12,0,12,22,10,27,0,59,54,0,54,113
04/01/2023,MSO,MT,ANM,WE,Federal Contract Tower,19,10,5,0,34,0,0,3,0,3,19,10,8,0,37,30,0,30,67
04/02/2023,MSO,MT,ANM,WE,Federal Contract Tower,18,5,4,0,27,0,5,6,0,11,18,10,10,0,38,8,0,8,46
04/03/2023,MSO,MT,ANM,WE,Federal Contract Tower,19,9,14,0,42,0,0,0,0,0,19,9,14,0,42,0,0,0,42
04/04/2023,MSO,MT,ANM,WE,Federal Contract Tower,19,11,9,0,39,0,0,36,0,36,19,11,45,0,75,68,0,68,143
04/05/2023,MSO,MT,ANM,WE,Federal Contract Tower,18,14,13,0,45,0,2,38,0,40,18,16,51,0,85,18,0,18,103
04/06/2023,MSO,MT,ANM,WE,Federal Contract Tower,20,12,20,0,52,0,7,64,0,71,20,19,84,0,123,50,0,50,173
04/07/2023,MSO,MT,ANM,WE,Federal Contract Tower,22,8,13,0,43,0,4,42,0,46,22,12,55,0,89,10,0,10,99
04/08/2023,MSO,MT,ANM,WE,Federal Contract Tower,19,5,0,0,24,0,10,32,0,42,19,15,32,0,66,36,0,36,102
04/09/2023,MSO,MT,ANM,WE,Federal Contract Tower,18,2,10,0,30,0,7,29,0,36,18,9,39,0,66,10,0,10,76
04/10/2023,MSO,MT,ANM,WE,Federal Contract Tower,20,11,14,0,45,0,6,23,0,29,20,17,37,0,74,24,0,24,98
04/11/2023,MSO,MT,ANM,WE,Federal Contract Tower,16,11,13,0,40,0,0,2,0,2,16,11,15,0,42,0,0,0,42
04/12/2023,MSO,MT,ANM,WE,Federal Contract Tower,19,11,17,1,48,0,0,28,3,31,19,11,45,4,79,22,6,28,107
04/13/2023,MSO,MT,ANM,WE,Federal Contract Tower,24,14,16,0,54,0,0,15,0,15,24,14,31,0,69,0,0,0,69
04/14/2023,MSO,MT,ANM,WE,Federal Contract Tower,18,9,10,1,38,0,1,30,0,31,18,10,40,1,69,12,0,12,81
04/15/2023,MSO,MT,ANM,WE,Federal Contract Tower,17,3,15,0,35,0,2,93,0,95,17,5,108,0,130,42,0,42,172
04/16/2023,MSO,MT,ANM,WE,Federal Contract Tower,17,3,12,0,32,0,5,47,0,52,17,8,59,0,84,16,0,16,100
04/17/2023,MSO,MT,ANM,WE,Federal Contract Tower,18,12,12,0,42,0,0,1,0,1,18,12,13,0,43,16,0,16,59
04/18/2023,MSO,MT,ANM,WE,Federal Contract Tower,18,16,11,0,45,0,0,0,0,0,18,16,11,0,45,10,0,10,55
04/19/2023,MSO,MT,ANM,WE,Federal Contract Tower,16,11,17,0,44,0,5,16,0,21,16,16,33,0,65,14,0,14,79
04/20/2023,MSO,MT,ANM,WE,Federal Contract Tower,21,12,13,0,46,0,2,19,0,21,21,14,32,0,67,24,0,24,91
04/21/2023,MSO,MT,ANM,WE,Federal Contract Tower,20,16,9,0,45,0,0,0,0,0,20,16,9,0,45,0,0,0,45
04/22/2023,MSO,MT,ANM,WE,Federal Contract Tower,15,5,11,0,31,0,7,33,0,40,15,12,44,0,71,98,0,98,169
04/23/2023,MSO,MT,ANM,WE,Federal Contract Tower,20,7,11,0,38,0,6,47,1,54,20,13,58,1,92,40,0,40,132
04/24/2023,MSO,MT,ANM,WE,Federal Contract Tower,17,7,9,0,33,0,0,0,0,0,17,7,9,0,33,0,0,0,33
04/25/2023,MSO,MT,ANM,WE,Federal Contract Tower,17,16,11,0,44,0,2,37,0,39,17,18,48,0,83,16,0,16,99
04/26/2023,MSO,MT,ANM,WE,Federal Contract Tower,18,7,11,0,36,0,5,72,4,81,18,12,83,4,117,68,0,68,185
04/27/2023,MSO,MT,ANM,WE,Federal Contract Tower,23,8,20,0,51,0,2,27,0,29,23,10,47,0,80,14,0,14,94
04/28/2023,MSO,MT,ANM,WE,Federal Contract Tower,21,7,11,3,42,0,10,54,2,66,21,17,65,5,108,64,8,72,180
04/29/2023,MSO,MT,ANM,WE,Federal Contract Tower,16,5,8,0,29,0,3,56,0,59,16,8,64,0,88,24,0,24,112
04/30/2023,MSO,MT,ANM,WE,Federal Contract Tower,22,6,6,0,34,0,3,55,0,58,22,9,61,0,92,28,0,28,120
05/01/2023,MSO,MT,ANM,WE,Federal Contract Tower,18,5,11,0,34,0,8,28,2,38,18,13,39,2,72,34,0,34,106
05/02/2023,MSO,MT,ANM,WE,Federal Contract Tower,15,12,13,0,40,0,6,20,0,26,15,18,33,0,66,26,0,26,92
05/03/2023,MSO,MT,ANM,WE,Federal Contract Tower,19,11,16,2,48,0,5,62,1,68,19,16,78,3,116,28,20,48,164
05/04/2023,MSO,MT,ANM,WE,Federal Contract Tower,20,7,14,0,41,0,8,57,0,65,20,15,71,0,106,14,0,14,120
05/05/2023,MSO,MT,ANM,WE,Federal Contract Tower,21,5,19,0,45,0,10,14,0,24,21,15,33,0,69,70,0,70,139
05/06/2023,MSO,MT,ANM,WE,Federal Contract Tower,20,2,9,0,31,0,4,8,0,12,20,6,17,0,43,68,0,68,111
05/07/2023,MSO,MT,ANM,WE,Federal Contract Tower,25,2,16,0,43,0,6,17,0,23,25,8,33,0,66,66,0,66,132
05/08/2023,MSO,MT,ANM,WE,Federal Contract Tower,21,12,16,4,53,0,4,31,0,35,21,16,47,4,88,56,8,64,152
05/09/2023,MSO,MT,ANM,WE,Federal Contract Tower,17,12,7,2,38,0,0,12,0,12,17,12,19,2,50,6,2,8,58
05/10/2023,MSO,MT,ANM,WE,Federal Contract Tower,21,19,17,0,57,0,8,32,0,40,21,27,49,0,97,94,0,94,191
05/11/2023,MSO,MT,ANM,WE,Federal Contract Tower,20,13,10,0,43,0,3,69,0,72,20,16,79,0,115,12,0,12,127
05/12/2023,MSO,MT,ANM,WE,Federal Contract Tower,21,13,21,2,57,0,4,98,0,102,21,17,119,2,159,171,0,171,330
05/13/2023,MSO,MT,ANM,WE,Federal Contract Tower,21,5,4,0,30,0,1,44,0,45,21,6,48,0,75,46,0,46,121
05/14/2023,MSO,MT,ANM,WE,Federal Contract Tower,24,2,16,0,42,0,3,32,0,35,24,5,48,0,77,0,0,0,77
05/15/2023,MSO,MT,ANM,WE,Federal Contract Tower,23,7,18,0,48,0,7,40,0,47,23,14,58,0,95,26,0,26,121
05/16/2023,MSO,MT,ANM,WE,Federal Contract Tower,18,20,12,1,51,0,9,62,0,71,18,29,74,1,122,26,0,26,148
05/17/2023,MSO,MT,ANM,WE,Federal Contract Tower,21,11,19,2,53,0,4,36,0,40,21,15,55,2,93,32,0,32,125
05/18/2023,MSO,MT,ANM,WE,Federal Contract Tower,23,6,22,0,51,0,5,38,0,43,23,11,60,0,94,8,2,10,104
05/19/2023,MSO,MT,ANM,WE,Federal Contract Tower,25,11,24,0,60,0,10,53,0,63,25,21,77,0,123,46,0,46,169
05/20/2023,MSO,MT,ANM,WE,Federal Contract Tower,20,3,9,0,32,0,2,46,0,48,20,5,55,0,80,8,0,8,88
05/21/2023,MSO,MT,ANM,WE,Federal Contract Tower,23,4,14,0,41,0,1,34,2,37,23,5,48,2,78,6,0,6,84
05/22/2023,MSO,MT,ANM,WE,Federal Contract Tower,23,8,15,1,47,0,9,13,0,22,23,17,28,1,69,6,0,6,75
05/24/2023,MSO,MT,ANM,WE,Federal Contract Tower,21,17,19,0,57,0,5,49,0,54,21,22,68,0,111,6,0,6,117
05/25/2023,MSO,MT,ANM,WE,Federal Contract Tower,24,14,26,0,64,0,6,12,0,18,24,20,38,0,82,18,0,18,100
05/26/2023,MSO,MT,ANM,WE,Federal Contract Tower,28,10,18,0,56,0,2,16,4,22,28,12,34,4,78,38,0,38,116
05/27/2023,MSO,MT,ANM,WE,Federal Contract Tower,18,7,8,0,33,0,6,21,0,27,18,13,29,0,60,36,0,36,96
05/28/2023,MSO,MT,ANM,WE,Federal Contract Tower,23,3,7,0,33,0,3,21,0,24,23,6,28,0,57,20,0,20,77
05/29/2023,MSO,MT,ANM,WE,Federal Contract Tower,29,5,27,0,61,0,4,64,0,68,29,9,91,0,129,52,0,52,181
05/30/2023,MSO,MT,ANM,WE,Federal Contract Tower,23,11,7,0,41,0,15,67,0,82,23,26,74,0,123,14,0,14,137
05/31/2023,MSO,MT,ANM,WE,Federal Contract Tower,18,10,13,0,41,0,6,33,0,39,18,16,46,0,80,32,0,32,112
06/01/2023,MSO,MT,ANM,WE,Federal Contract Tower,32,8,20,0,60,0,4,40,0,44,32,12,60,0,104,10,0,10,114
06/02/2023,MSO,MT,ANM,WE,Federal Contract Tower,36,9,19,0,64,0,4,48,0,52,36,13,67,0,116,10,0,10,126
06/03/2023,MSO,MT,ANM,WE,Federal Contract Tower,26,5,12,0,43,0,5,26,0,31,26,10,38,0,74,32,0,32,106
06/04/2023,MSO,MT,ANM,WE,Federal Contract Tower,29,3,7,0,39,0,7,50,0,57,29,10,57,0,96,32,0,32,128
06/05/2023,MSO,MT,ANM,WE,Federal Contract Tower,34,13,14,0,61,0,10,48,0,58,34,23,62,0,119,14,0,14,133
06/06/2023,MSO,MT,ANM,WE,Federal Contract Tower,27,17,9,0,53,0,7,77,0,84,27,24,86,0,137,14,0,14,151
06/07/2023,MSO,MT,ANM,WE,Federal Contract Tower,27,15,14,0,56,0,5,44,0,49,27,20,58,0,105,4,0,4,109
06/08/2023,MSO,MT,ANM,WE,Federal Contract Tower,28,15,15,0,58,0,0,33,0,33,28,15,48,0,91,0,0,0,91
06/09/2023,MSO,MT,ANM,WE,Federal Contract Tower,34,11,25,1,71,0,0,27,2,29,34,11,52,3,100,48,0,48,148
06/10/2023,MSO,MT,ANM,WE,Federal Contract Tower,26,13,10,0,49,0,2,23,0,25,26,15,33,0,74,38,0,38,112
06/11/2023,MSO,MT,ANM,WE,Federal Contract Tower,27,12,19,0,58,0,2,25,0,27,27,14,44,0,85,0,0,0,85
06/13/2023,MSO,MT,ANM,WE,Federal Contract Tower,22,22,18,1,63,0,9,45,1,55,22,31,63,2,118,0,18,18,136
06/14/2023,MSO,MT,ANM,WE,Federal Contract Tower,29,8,21,0,58,0,14,19,0,33,29,22,40,0,91,20,0,20,111
06/15/2023,MSO,MT,ANM,WE,Federal Contract Tower,29,15,21,0,65,0,1,33,0,34,29,16,54,0,99,18,0,18,117
06/16/2023,MSO,MT,ANM,WE,Federal Contract Tower,30,11,21,2,64,0,7,74,0,81,30,18,95,2,145,16,0,16,161
06/17/2023,MSO,MT,ANM,WE,Federal Contract Tower,35,6,12,0,53,0,12,12,0,24,35,18,24,0,77,14,0,14,91
06/18/2023,MSO,MT,ANM,WE,Federal Contract Tower,27,5,11,0,43,0,4,6,0,10,27,9,17,0,53,0,0,0,53
06/19/2023,MSO,MT,ANM,WE,Federal Contract Tower,31,18,13,0,62,0,1,19,0,20,31,19,32,0,82,14,0,14,96
06/20/2023,MSO,MT,ANM,WE,Federal Contract Tower,28,17,14,0,59,0,5,41,0,46,28,22,55,0,105,4,0,4,109
06/21/2023,MSO,MT,ANM,WE,Federal Contract Tower,28,7,20,0,55,0,6,57,0,63,28,13,77,0,118,76,0,76,194
06/22/2023,MSO,MT,ANM,WE,Federal Contract Tower,31,19,17,0,67,0,12,40,0,52,31,31,57,0,119,14,0,14,133
06/23/2023,MSO,MT,ANM,WE,Federal Contract Tower,35,13,25,0,73,0,8,45,0,53,35,21,70,0,126,34,0,34,160
06/24/2023,MSO,MT,ANM,WE,Federal Contract Tower,35,13,12,0,60,0,3,36,4,43,35,16,48,4,103,36,0,36,139
06/25/2023,MSO,MT,ANM,WE,Federal Contract Tower,30,10,20,0,60,0,2,39,2,43,30,12,59,2,103,0,0,0,103
06/26/2023,MSO,MT,ANM,WE,Federal Contract Tower,35,16,7,0,58,0,13,36,0,49,35,29,43,0,107,8,0,8,115
06/28/2023,MSO,MT,ANM,WE,Federal Contract Tower,30,11,21,3,65,0,3,22,0,25,30,14,43,3,90,20,0,20,110
06/29/2023,MSO,MT,ANM,WE,Federal Contract Tower,31,16,17,0,64,0,2,78,0,80,31,18,95,0,144,36,0,36,180
06/30/2023,MSO,MT,ANM,WE,Federal Contract Tower,34,22,17,2,75,0,5,101,3,109,34,27,118,5,184,28,26,54,238
07/01/2023,MSO,MT,ANM,WE,Federal Contract Tower,33,13,21,0,67,0,15,77,0,92,33,28,98,0,159,2,0,2,161
07/02/2023,MSO,MT,ANM,WE,Federal Contract Tower,27,7,9,0,43,0,6,48,0,54,27,13,57,0,97,18,0,18,115
07/03/2023,MSO,MT,ANM,WE,Federal Contract Tower,35,5,13,0,53,0,0,43,0,43,35,5,56,0,96,34,0,34,130
07/04/2023,MSO,MT,ANM,WE,Federal Contract Tower,26,3,1,0,30,0,12,28,0,40,26,15,29,0,70,4,0,4,74
07/05/2023,MSO,MT,ANM,WE,Federal Contract Tower,31,19,8,0,58,0,8,59,0,67,31,27,67,0,125,2,0,2,127
07/06/2023,MSO,MT,ANM,WE,Federal Contract Tower,33,19,15,2,69,0,10,44,0,54,33,29,59,2,123,44,0,44,167
07/07/2023,MSO,MT,ANM,WE,Federal Contract Tower,38,14,13,0,65,0,4,69,0,73,38,18,82,0,138,56,0,56,194
07/08/2023,MSO,MT,ANM,WE,Federal Contract Tower,36,8,21,0,65,0,7,55,0,62,36,15,76,0,127,6,0,6,133
07/09/2023,MSO,MT,ANM,WE,Federal Contract Tower,36,10,13,3,62,0,5,45,0,50,36,15,58,3,112,10,0,10,122
07/10/2023,MSO,MT,ANM,WE,Federal Contract Tower,41,16,22,0,79,0,2,39,2,43,41,18,61,2,122,42,0,42,164
07/12/2023,MSO,MT,ANM,WE,Federal Contract Tower,33,16,14,2,65,0,6,74,7,87,33,22,88,9,152,38,0,38,190
07/13/2023,MSO,MT,ANM,WE,Federal Contract Tower,36,17,13,1,67,0,7,97,3,107,36,24,110,4,174,38,8,46,220
07/14/2023,MSO,MT,ANM,WE,Federal Contract Tower,40,21,10,0,71,0,22,89,7,118,40,43,99,7,189,44,0,44,233
07/15/2023,MSO,MT,ANM,WE,Federal Contract Tower,36,18,11,0,65,0,11,46,0,57,36,29,57,0,122,6,0,6,128
07/16/2023,MSO,MT,ANM,WE,Federal Contract Tower,36,13,13,1,63,0,9,52,6,67,36,22,65,7,130,4,0,4,134
07/17/2023,MSO,MT,ANM,WE,Federal Contract Tower,41,14,16,0,71,0,8,22,3,33,41,22,38,3,104,18,0,18,122
07/18/2023,MSO,MT,ANM,WE,Federal Contract Tower,32,15,23,0,70,0,7,80,7,94,32,22,103,7,164,46,0,46,210
07/19/2023,MSO,MT,ANM,WE,Federal Contract Tower,33,17,14,0,64,0,4,84,5,93,33,21,98,5,157,54,0,54,211
07/20/2023,MSO,MT,ANM,WE,Federal Contract Tower,36,20,21,0,77,0,26,73,2,101,36,46,94,2,178,50,0,50,228
07/21/2023,MSO,MT,ANM,WE,Federal Contract Tower,38,18,17,11,84,0,5,141,3,149,38,23,158,14,233,32,12,44,277
07/22/2023,MSO,MT,ANM,WE,Federal Contract Tower,40,9,11,1,61,0,0,59,0,59,40,9,70,1,120,38,0,38,158
07/23/2023,MSO,MT,ANM,WE,Federal Contract Tower,35,6,21,0,62,0,6,71,0,77,35,12,92,0,139,18,0,18,157
07/24/2023,MSO,MT,ANM,WE,Federal Contract Tower,41,13,15,0,69,0,9,81,3,93,41,22,96,3,162,2,0,2,164
07/25/2023,MSO,MT,ANM,WE,Federal Contract Tower,34,14,24,0,72,0,4,72,0,76,34,18,96,0,148,52,0,52,200
07/27/2023,MSO,MT,ANM,WE,Federal Contract Tower,34,6,22,0,62,0,8,83,0,91,34,14,105,0,153,16,0,16,169
07/28/2023,MSO,MT,ANM,WE,Federal Contract Tower,41,11,23,0,75,0,0,102,0,102,41,11,125,0,177,46,0,46,223
07/29/2023,MSO,MT,ANM,WE,Federal Contract Tower,36,12,19,0,67,0,6,99,0,105,36,18,118,0,172,36,0,36,208
07/30/2023,MSO,MT,ANM,WE,Federal Contract Tower,36,12,18,0,66,0,45,135,0,180,36,57,153,0,246,4,0,4,250
07/31/2023,MSO,MT,ANM,WE,Federal Contract Tower,39,15,18,0,72,0,51,86,0,137,39,66,104,0,209,0,0,0,209
08/01/2023,MSO,MT,ANM,WE,Federal Contract Tower,35,21,14,0,70,0,39,105,0,144,35,60,119,0,214,8,0,8,222
08/02/2023,MSO,MT,ANM,WE,Federal Contract Tower,34,9,21,7,71,0,29,82,1,112,34,38,103,8,183,26,12,38,221
08/03/2023,MSO,MT,ANM,WE,Federal Contract Tower,35,15,13,0,63,0,21,96,0,117,35,36,109,0,180,42,0,42,222
08/04/2023,MSO,MT,ANM,WE,Federal Contract Tower,38,13,25,0,76,1,11,130,2,144,39,24,155,2,220,20,0,20,240
08/06/2023,MSO,MT,ANM,WE,Federal Contract Tower,35,10,19,0,64,0,2,18,0,20,35,12,37,0,84,0,0,0,84
08/07/2023,MSO,MT,ANM,WE,Federal Contract Tower,39,15,22,0,76,0,13,30,0,43,39,28,52,0,119,28,0,28,147
08/08/2023,MSO,MT,ANM,WE,Federal Contract Tower,33,9,27,0,69,0,16,41,0,57,33,25,68,0,126,0,0,0,126
08/09/2023,MSO,MT,ANM,WE,Federal Contract Tower,33,15,16,0,64,0,8,48,0,56,33,23,64,0,120,0,0,0,120
08/10/2023,MSO,MT,ANM,WE,Federal Contract Tower,34,16,11,0,61,0,6,40,0,46,34,22,51,0,107,4,0,4,111
08/11/2023,MSO,MT,ANM,WE,Federal Contract Tower,41,9,13,0,63,0,4,99,0,103,41,13,112,0,166,12,0,12,178
08/12/2023,MSO,MT,ANM,WE,Federal Contract Tower,40,5,11,0,56,0,7,69,0,76,40,12,80,0,132,22,0,22,154
08/13/2023,MSO,MT,ANM,WE,Federal Contract Tower,36,5,13,0,54,0,8,66,0,74,36,13,79,0,128,10,0,10,138
08/14/2023,MSO,MT,ANM,WE,Federal Contract Tower,42,5,15,0,62,0,33,68,0,101,42,38,83,0,163,2,0,2,165
08/15/2023,MSO,MT,ANM,WE,Federal Contract Tower,32,17,12,2,63,0,8,67,3,78,32,25,79,5,141,8,24,32,173
08/16/2023,MSO,MT,ANM,WE,Federal Contract Tower,33,24,19,1,77,0,9,77,0,86,33,33,96,1,163,4,0,4,167
08/17/2023,MSO,MT,ANM,WE,Federal Contract Tower,36,6,20,0,62,0,5,50,0,55,36,11,70,0,117,24,0,24,141
08/18/2023,MSO,MT,ANM,WE,Federal Contract Tower,36,9,21,4,70,0,16,66,0,82,36,25,87,4,152,16,10,26,178
08/19/2023,MSO,MT,ANM,WE,Federal Contract Tower,34,9,19,0,62,0,9,89,0,98,34,18,108,0,160,54,0,54,214
08/20/2023,MSO,MT,ANM,WE,Federal Contract Tower,34,7,17,0,58,0,4,32,0,36,34,11,49,0,94,0,0,0,94
08/21/2023,MSO,MT,ANM,WE,Federal Contract Tower,33,18,25,0,76,0,1,7,0,8,33,19,32,0,84,4,0,4,88
08/22/2023,MSO,MT,ANM,WE,Federal Contract Tower,22,15,8,0,45,0,8,23,1,32,22,23,31,1,77,32,0,32,109
08/23/2023,MSO,MT,ANM,WE,Federal Contract Tower,32,19,20,0,71,0,6,49,0,55,32,25,69,0,126,36,0,36,162
08/24/2023,MSO,MT,ANM,WE,Federal Contract Tower,33,7,18,0,58,0,4,91,2,97,33,11,109,2,155,62,0,62,217
08/25/2023,MSO,MT,ANM,WE,Federal Contract Tower,34,8,13,8,63,0,9,39,8,56,34,17,52,16,119,12,8,20,139
08/26/2023,MSO,MT,ANM,WE,Federal Contract Tower,35,8,12,0,55,0,2,58,1,61,35,10,70,1,116,40,0,40,156
08/27/2023,MSO,MT,ANM,WE,Federal Contract Tower,35,7,12,1,55,0,6,59,2,67,35,13,71,3,122,26,0,26,148
08/28/2023,MSO,MT,ANM,WE,Federal Contract Tower,33,6,13,1,53,0,7,50,1,58,33,13,63,2,111,12,0,12,123
08/29/2023,MSO,MT,ANM,WE,Federal Contract Tower,31,15,12,0,58,0,0,0,0,0,31,15,12,0,58,6,0,6,64
08/30/2023,MSO,MT,ANM,WE,Federal Contract Tower,31,16,17,0,64,0,3,18,0,21,31,19,35,0,85,46,0,46,131
08/31/2023,MSO,MT,ANM,WE,Federal Contract Tower,33,7,21,2,63,0,0,51,1,52,33,7,72,3,115,54,10,64,179
