01/01/2000,MSP,MN,AGL,CE,Combined TRACON& Tower with Radar,430,197,175,0,802,52,24,0,0,76,482,221,175,0,878,0,0,0,878
01/02/2000,MSP,MN,AGL,CE,Combined TRACON& Tower with Radar,578,266,237,0,1081,58,5,0,0,63,636,271,237,0,1144,0,0,0,1144
01/03/2000,MSP,MN,AGL,CE,Combined TRACON& Tower with Radar,702,322,280,2,1306,13,1,0,0,14,715,323,280,2,1320,0,0,0,1320
01/04/2000,MSP,MN,AGL,CE,Combined TRACON& Tower with Radar,751,356,361,8,1476,0,5,28,10,43,751,361,389,18,1519,0,0,0,1519
01/05/2000,MSP,MN,AGL,CE,Combined TRACON& Tower with Radar,666,294,309,7,1276,18,0,10,3,31,684,294,319,10,1307,0,0,0,1307
01/06/2000,MSP,MN,AGL,CE,Combined TRACON& Tower with Radar,759,367,372,8,1506,0,5,67,14,86,759,372,439,22,1592,0,0,0,1592
01/07/2000,MSP,MN,AGL,CE,Combined TRACON& Tower with Radar,767,354,359,6,1486,0,4,30,0,34,767,358,389,6,1520,0,0,0,1520
01/08/2000,MSP,MN,AGL,CE,Combined TRACON& Tower with Radar,610,280,250,0,1140,44,8,0,0,52,654,288,250,0,1192,0,0,0,1192
01/09/2000,MSP,MN,AGL,CE,Combined TRACON& Tower with Radar,574,208,247,6,1035,73,0,0,1,74,647,208,247,7,1109,0,0,0,1109
01/10/2000,MSP,MN,AGL,CE,Combined TRACON& Tower with Radar,711,324,337,8,1380,0,0,28,1,29,711,324,365,9,1409,0,0,0,1409
01/11/2000,MSP,MN,AGL,CE,Combined TRACON& Tower with Radar,730,354,360,8,1452,0,0,92,5,97,730,354,452,13,1549,0,0,0,1549
01/12/2000,MSP,MN,AGL,CE,Combined TRACON& Tower with Radar,579,206,272,5,1062,0,0,71,0,71,579,206,343,5,1133,0,0,0,1133
01/13/2000,MSP,MN,AGL,CE,Combined TRACON& Tower with Radar,740,356,380,8,1484,0,0,95,11,106,740,356,475,19,1590,0,0,0,1590
01/14/2000,MSP,MN,AGL,CE,Combined TRACON& Tower with Radar,682,317,303,4,1306,0,16,0,0,16,682,333,303,4,1322,0,0,0,1322
01/15/2000,MSP,MN,AGL,CE,Combined TRACON& Tower with Radar,599,275,212,2,1088,63,19,0,0,82,662,294,212,2,1170,0,0,0,1170
01/16/2000,MSP,MN,AGL,CE,Combined TRACON& Tower with Radar,604,277,239,1,1121,51,8,0,0,59,655,285,239,1,1180,16,0,16,1196
01/17/2000,MSP,MN,AGL,CE,Combined TRACON& Tower with Radar,682,311,304,4,1301,5,20,0,0,25,687,331,304,4,1326,7,0,7,1333
01/18/2000,MSP,MN,AGL,CE,Combined TRACON& Tower with Radar,747,365,372,7,1491,0,3,53,4,60,747,368,425,11,1551,0,0,0,1551
01/19/2000,MSP,MN,AGL,CE,Combined TRACON& Tower with Radar,520,199,245,1,965,0,0,62,0,62,520,199,307,1,1027,0,0,0,1027
01/20/2000,MSP,MN,AGL,CE,Combined TRACON& Tower with Radar,695,348,355,7,1405,0,0,73,9,82,695,348,428,16,1487,0,0,0,1487
01/21/2000,MSP,MN,AGL,CE,Combined TRACON& Tower with Radar,739,343,362,0,1444,0,0,65,0,65,739,343,427,0,1509,0,0,0,1509
01/22/2000,MSP,MN,AGL,CE,Combined TRACON& Tower with Radar,562,257,262,2,1083,41,57,119,0,217,603,314,381,2,1300,0,0,0,1300
01/23/2000,MSP,MN,AGL,CE,Combined TRACON& Tower with Radar,611,279,245,2,1137,48,13,0,0,61,659,292,245,2,1198,0,0,0,1198
01/24/2000,MSP,MN,AGL,CE,Combined TRACON& Tower with Radar,712,335,341,7,1395,0,5,2,1,8,712,340,343,8,1403,0,0,0,1403
01/25/2000,MSP,MN,AGL,CE,Combined TRACON& Tower with Radar,681,343,350,7,1381,0,8,49,1,58,681,351,399,8,1439,0,0,0,1439
01/26/2000,MSP,MN,AGL,CE,Combined TRACON& Tower with Radar,710,334,340,6,1390,0,22,57,0,79,710,356,397,6,1469,0,0,0,1469
01/27/2000,MSP,MN,AGL,CE,Combined TRACON& Tower with Radar,728,342,352,7,1429,0,0,0,11,11,728,342,352,18,1440,3,0,3,1443
01/28/2000,MSP,MN,AGL,CE,Combined TRACON& Tower with Radar,761,351,357,1,1470,0,1,15,0,16,761,352,372,1,1486,0,0,0,1486
01/29/2000,MSP,MN,AGL,CE,Combined TRACON& Tower with Radar,639,291,246,2,1178,52,12,0,0,64,691,303,246,2,1242,0,0,0,1242
01/30/2000,MSP,MN,AGL,CE,Combined TRACON& Tower with Radar,605,276,254,3,1138,47,1,0,0,48,652,277,254,3,1186,12,0,12,1198
01/31/2000,MSP,MN,AGL,CE,Combined TRACON& Tower with Radar,689,318,322,6,1335,0,0,32,2,34,689,318,354,8,1369,0,0,0,1369
02/01/2000,MSP,MN,AGL,CE,Combined TRACON& Tower with Radar,759,348,370,8,1485,0,1,68,0,69,759,349,438,8,1554,0,0,0,1554
02/02/2000,MSP,MN,AGL,CE,Combined TRACON& Tower with Radar,744,328,348,8,1428,0,12,0,10,22,744,340,348,18,1450,5,0,5,1455
02/03/2000,MSP,MN,AGL,CE,Combined TRACON& Tower with Radar,716,312,351,8,1387,0,0,87,7,94,716,312,438,15,1481,0,0,0,1481
02/04/2000,MSP,MN,AGL,CE,Combined TRACON& Tower with Radar,724,311,330,7,1372,16,10,11,0,37,740,321,341,7,1409,0,0,0,1409
02/05/2000,MSP,MN,AGL,CE,Combined TRACON& Tower with Radar,653,281,274,5,1213,30,19,0,0,49,683,300,274,5,1262,0,0,0,1262
02/06/2000,MSP,MN,AGL,CE,Combined TRACON& Tower with Radar,644,276,252,7,1179,42,23,0,1,66,686,299,252,8,1245,0,0,0,1245
02/07/2000,MSP,MN,AGL,CE,Combined TRACON& Tower with Radar,739,326,347,6,1418,0,8,47,0,55,739,334,394,6,1473,0,0,0,1473
02/08/2000,MSP,MN,AGL,CE,Combined TRACON& Tower with Radar,763,348,369,9,1489,0,2,8,1,11,763,350,377,10,1500,0,0,0,1500
02/09/2000,MSP,MN,AGL,CE,Combined TRACON& Tower with Radar,758,339,374,9,1480,0,0,91,4,95,758,339,465,13,1575,0,0,0,1575
02/10/2000,MSP,MN,AGL,CE,Combined TRACON& Tower with Radar,775,338,366,9,1488,0,0,61,1,62,775,338,427,10,1550,0,0,0,1550
02/11/2000,MSP,MN,AGL,CE,Combined TRACON& Tower with Radar,766,336,359,6,1467,0,21,27,0,48,766,357,386,6,1515,0,0,0,1515
02/12/2000,MSP,MN,AGL,CE,Combined TRACON& Tower with Radar,661,284,282,1,1228,30,19,0,0,49,691,303,282,1,1277,0,0,0,1277
02/13/2000,MSP,MN,AGL,CE,Combined TRACON& Tower with Radar,637,273,247,3,1160,46,25,0,0,71,683,298,247,3,1231,0,0,0,1231
02/14/2000,MSP,MN,AGL,CE,Combined TRACON& Tower with Radar,744,319,340,8,1411,2,32,7,1,42,746,351,347,9,1453,0,0,0,1453
02/15/2000,MSP,MN,AGL,CE,Combined TRACON& Tower with Radar,767,286,351,8,1412,7,0,47,1,55,774,286,398,9,1467,0,0,0,1467
02/16/2000,MSP,MN,AGL,CE,Combined TRACON& Tower with Radar,769,359,383,8,1519,0,12,98,7,117,769,371,481,15,1636,0,0,0,1636
02/17/2000,MSP,MN,AGL,CE,Combined TRACON& Tower with Radar,753,323,356,8,1440,0,0,24,1,25,753,323,380,9,1465,0,0,0,1465
02/18/2000,MSP,MN,AGL,CE,Combined TRACON& Tower with Radar,769,327,364,6,1466,0,0,54,0,54,769,327,418,6,1520,0,0,0,1520
02/19/2000,MSP,MN,AGL,CE,Combined TRACON& Tower with Radar,631,269,269,5,1174,13,30,0,0,43,644,299,269,5,1217,0,0,0,1217
02/20/2000,MSP,MN,AGL,CE,Combined TRACON& Tower with Radar,636,272,243,2,1153,36,27,0,0,63,672,299,243,2,1216,0,0,0,1216
02/21/2000,MSP,MN,AGL,CE,Combined TRACON& Tower with Radar,745,319,306,0,1370,17,24,0,0,41,762,343,306,0,1411,0,0,0,1411
02/22/2000,MSP,MN,AGL,CE,Combined TRACON& Tower with Radar,768,329,352,7,1456,0,0,14,7,21,768,329,366,14,1477,0,0,0,1477
02/23/2000,MSP,MN,AGL,CE,Combined TRACON& Tower with Radar,701,302,326,7,1336,0,0,23,0,23,701,302,349,7,1359,0,0,0,1359
02/24/2000,MSP,MN,AGL,CE,Combined TRACON& Tower with Radar,645,174,268,4,1091,80,0,0,0,80,725,174,268,4,1171,0,0,0,1171
02/25/2000,MSP,MN,AGL,CE,Combined TRACON& Tower with Radar,670,238,302,5,1215,41,0,0,0,41,711,238,302,5,1256,0,0,0,1256
02/26/2000,MSP,MN,AGL,CE,Combined TRACON& Tower with Radar,653,280,264,2,1199,60,6,0,0,66,713,286,264,2,1265,0,0,0,1265
02/27/2000,MSP,MN,AGL,CE,Combined TRACON& Tower with Radar,653,281,298,2,1234,38,20,100,0,158,691,301,398,2,1392,0,0,0,1392
02/28/2000,MSP,MN,AGL,CE,Combined TRACON& Tower with Radar,696,299,317,6,1318,16,29,32,4,81,712,328,349,10,1399,0,0,0,1399
02/29/2000,MSP,MN,AGL,CE,Combined TRACON& Tower with Radar,773,347,371,8,1499,0,0,82,5,87,773,347,453,13,1586,0,0,0,1586
03/01/2000,MSP,MN,AGL,CE,Combined TRACON& Tower with Radar,781,360,358,12,1511,0,9,65,3,77,781,369,423,15,1588,0,0,0,1588
03/02/2000,MSP,MN,AGL,CE,Combined TRACON& Tower with Radar,778,348,350,12,1488,0,0,32,6,38,778,348,382,18,1526,0,0,0,1526
03/03/2000,MSP,MN,AGL,CE,Combined TRACON& Tower with Radar,813,350,356,6,1525,3,0,21,0,24,816,350,377,6,1549,0,0,0,1549
03/04/2000,MSP,MN,AGL,CE,Combined TRACON& Tower with Radar,626,275,254,4,1159,13,13,0,0,26,639,288,254,4,1185,0,0,0,1185
03/05/2000,MSP,MN,AGL,CE,Combined TRACON& Tower with Radar,656,288,255,7,1206,41,6,0,0,47,697,294,255,7,1253,0,0,0,1253
03/06/2000,MSP,MN,AGL,CE,Combined TRACON& Tower with Radar,754,334,334,5,1427,0,13,3,0,16,754,347,337,5,1443,0,0,0,1443
03/07/2000,MSP,MN,AGL,CE,Combined TRACON& Tower with Radar,759,333,333,11,1436,19,27,4,4,54,778,360,337,15,1490,0,0,0,1490
03/08/2000,MSP,MN,AGL,CE,Combined TRACON& Tower with Radar,737,305,326,10,1378,0,0,42,0,42,737,305,368,10,1420,0,0,0,1420
03/09/2000,MSP,MN,AGL,CE,Combined TRACON& Tower with Radar,786,354,361,12,1513,0,0,72,5,77,786,354,433,17,1590,0,0,0,1590
03/10/2000,MSP,MN,AGL,CE,Combined TRACON& Tower with Radar,810,349,357,11,1527,0,0,74,0,74,810,349,431,11,1601,0,0,0,1601
03/11/2000,MSP,MN,AGL,CE,Combined TRACON& Tower with Radar,637,280,264,5,1186,46,17,0,0,63,683,297,264,5,1249,0,0,0,1249
03/12/2000,MSP,MN,AGL,CE,Combined TRACON& Tower with Radar,660,289,244,3,1196,55,10,0,0,65,715,299,244,3,1261,0,0,0,1261
03/13/2000,MSP,MN,AGL,CE,Combined TRACON& Tower with Radar,773,342,345,9,1469,0,0,50,0,50,773,342,395,9,1519,0,0,0,1519
03/14/2000,MSP,MN,AGL,CE,Combined TRACON& Tower with Radar,751,338,341,11,1441,0,0,42,6,48,751,338,383,17,1489,0,0,0,1489
03/15/2000,MSP,MN,AGL,CE,Combined TRACON& Tower with Radar,705,323,326,11,1365,0,0,53,10,63,705,323,379,21,1428,0,0,0,1428
03/16/2000,MSP,MN,AGL,CE,Combined TRACON& Tower with Radar,760,344,356,12,1472,0,0,82,0,82,760,344,438,12,1554,0,0,0,1554
03/17/2000,MSP,MN,AGL,CE,Combined TRACON& Tower with Radar,729,316,319,8,1372,2,0,10,0,12,731,316,329,8,1384,0,0,0,1384
03/18/2000,MSP,MN,AGL,CE,Combined TRACON& Tower with Radar,656,287,240,3,1186,36,6,0,0,42,692,293,240,3,1228,0,0,0,1228
03/19/2000,MSP,MN,AGL,CE,Combined TRACON& Tower with Radar,641,280,40,3,964,51,13,0,0,64,692,293,40,3,1028,0,0,0,1028
03/20/2000,MSP,MN,AGL,CE,Combined TRACON& Tower with Radar,755,332,333,10,1430,0,8,8,4,20,755,340,341,14,1450,0,0,0,1450
03/21/2000,MSP,MN,AGL,CE,Combined TRACON& Tower with Radar,708,327,328,10,1373,0,10,51,8,69,708,337,379,18,1442,0,0,0,1442
03/22/2000,MSP,MN,AGL,CE,Combined TRACON& Tower with Radar,731,323,325,10,1389,0,0,21,8,29,731,323,346,18,1418,0,0,0,1418
03/23/2000,MSP,MN,AGL,CE,Combined TRACON& Tower with Radar,727,325,327,10,1389,0,0,10,12,22,727,325,337,22,1411,0,0,0,1411
03/24/2000,MSP,MN,AGL,CE,Combined TRACON& Tower with Radar,792,339,324,8,1463,24,0,0,0,24,816,339,324,8,1487,0,0,0,1487
03/25/2000,MSP,MN,AGL,CE,Combined TRACON& Tower with Radar,675,295,266,2,1238,29,9,0,0,38,704,304,266,2,1276,0,0,0,1276
03/26/2000,MSP,MN,AGL,CE,Combined TRACON& Tower with Radar,663,289,266,2,1220,41,15,0,0,56,704,304,266,2,1276,23,0,23,1299
03/27/2000,MSP,MN,AGL,CE,Combined TRACON& Tower with Radar,768,336,337,8,1449,10,9,33,0,52,778,345,370,8,1501,0,0,0,1501
03/28/2000,MSP,MN,AGL,CE,Combined TRACON& Tower with Radar,727,323,324,10,1384,0,7,37,3,47,727,330,361,13,1431,0,0,0,1431
03/29/2000,MSP,MN,AGL,CE,Combined TRACON& Tower with Radar,757,338,342,10,1447,0,0,71,4,75,757,338,413,14,1522,0,0,0,1522
03/30/2000,MSP,MN,AGL,CE,Combined TRACON& Tower with Radar,754,331,330,10,1425,0,5,21,1,27,754,336,351,11,1452,0,0,0,1452
03/31/2000,MSP,MN,AGL,CE,Combined TRACON& Tower with Radar,747,337,336,10,1430,0,0,55,4,59,747,337,391,14,1489,0,0,0,1489
04/01/2000,MSP,MN,AGL,CE,Combined TRACON& Tower with Radar,617,279,256,3,1155,41,13,0,0,54,658,292,256,3,1209,0,0,0,1209
04/02/2000,MSP,MN,AGL,CE,Combined TRACON& Tower with Radar,647,292,278,10,1227,26,5,0,0,31,673,297,278,10,1258,0,0,0,1258
04/03/2000,MSP,MN,AGL,CE,Combined TRACON& Tower with Radar,751,331,330,6,1418,3,0,35,0,38,754,331,365,6,1456,0,0,0,1456
04/04/2000,MSP,MN,AGL,CE,Combined TRACON& Tower with Radar,788,361,361,12,1522,0,0,84,8,92,788,361,445,20,1614,0,0,0,1614
04/05/2000,MSP,MN,AGL,CE,Combined TRACON& Tower with Radar,727,326,324,10,1387,0,0,32,2,34,727,326,356,12,1421,0,0,0,1421
04/06/2000,MSP,MN,AGL,CE,Combined TRACON& Tower with Radar,731,330,340,11,1412,0,0,89,1,90,731,330,429,12,1502,0,0,0,1502
04/07/2000,MSP,MN,AGL,CE,Combined TRACON& Tower with Radar,727,312,320,7,1366,8,0,38,0,46,735,312,358,7,1412,0,0,0,1412
04/08/2000,MSP,MN,AGL,CE,Combined TRACON& Tower with Radar,655,296,281,3,1235,46,6,0,0,52,701,302,281,3,1287,0,0,0,1287
04/09/2000,MSP,MN,AGL,CE,Combined TRACON& Tower with Radar,660,298,289,5,1252,34,6,0,0,40,694,304,289,5,1292,0,0,0,1292
04/10/2000,MSP,MN,AGL,CE,Combined TRACON& Tower with Radar,754,346,337,8,1445,0,8,53,0,61,754,354,390,8,1506,0,0,0,1506
04/11/2000,MSP,MN,AGL,CE,Combined TRACON& Tower with Radar,719,339,339,11,1408,0,0,49,4,53,719,339,388,15,1461,0,0,0,1461
04/12/2000,MSP,MN,AGL,CE,Combined TRACON& Tower with Radar,719,330,339,11,1399,0,0,62,3,65,719,330,401,14,1464,0,0,0,1464
04/13/2000,MSP,MN,AGL,CE,Combined TRACON& Tower with Radar,792,355,354,11,1512,0,0,20,2,22,792,355,374,13,1534,0,0,0,1534
04/14/2000,MSP,MN,AGL,CE,Combined TRACON& Tower with Radar,745,323,334,5,1407,0,0,39,0,39,745,323,373,5,1446,0,0,0,1446
04/15/2000,MSP,MN,AGL,CE,Combined TRACON& Tower with Radar,639,287,257,9,1192,40,19,0,1,60,679,306,257,10,1252,0,0,0,1252
04/16/2000,MSP,MN,AGL,CE,Combined TRACON& Tower with Radar,624,281,246,8,1159,45,7,0,1,53,669,288,246,9,1212,0,0,0,1212
04/17/2000,MSP,MN,AGL,CE,Combined TRACON& Tower with Radar,747,352,346,10,1455,0,10,17,4,31,747,362,363,14,1486,0,0,0,1486
04/18/2000,MSP,MN,AGL,CE,Combined TRACON& Tower with Radar,763,353,353,10,1479,0,0,43,7,50,763,353,396,17,1529,0,0,0,1529
04/19/2000,MSP,MN,AGL,CE,Combined TRACON& Tower with Radar,733,317,329,10,1389,0,0,26,11,37,733,317,355,21,1426,0,0,0,1426
04/20/2000,MSP,MN,AGL,CE,Combined TRACON& Tower with Radar,681,275,304,9,1269,0,0,94,8,102,681,275,398,17,1371,0,0,0,1371
04/21/2000,MSP,MN,AGL,CE,Combined TRACON& Tower with Radar,766,344,338,10,1458,4,15,28,2,49,770,359,366,12,1507,0,0,0,1507
04/22/2000,MSP,MN,AGL,CE,Combined TRACON& Tower with Radar,631,284,245,2,1162,46,28,0,0,74,677,312,245,2,1236,0,0,0,1236
04/23/2000,MSP,MN,AGL,CE,Combined TRACON& Tower with Radar,649,292,254,0,1195,42,19,0,0,61,691,311,254,0,1256,0,0,0,1256
04/24/2000,MSP,MN,AGL,CE,Combined TRACON& Tower with Radar,735,334,323,9,1401,0,25,0,4,29,735,359,323,13,1430,0,0,0,1430
04/25/2000,MSP,MN,AGL,CE,Combined TRACON& Tower with Radar,780,355,348,10,1493,0,8,7,7,22,780,363,355,17,1515,0,0,0,1515
04/26/2000,MSP,MN,AGL,CE,Combined TRACON& Tower with Radar,784,353,346,10,1493,0,0,15,8,23,784,353,361,18,1516,0,0,0,1516
04/27/2000,MSP,MN,AGL,CE,Combined TRACON& Tower with Radar,792,364,357,10,1523,0,4,43,5,52,792,368,400,15,1575,0,0,0,1575
04/28/2000,MSP,MN,AGL,CE,Combined TRACON& Tower with Radar,768,361,354,6,1489,0,2,59,0,61,768,363,413,6,1550,0,0,0,1550
04/29/2000,MSP,MN,AGL,CE,Combined TRACON& Tower with Radar,634,285,260,1,1180,30,22,0,0,52,664,307,260,1,1232,0,0,0,1232
04/30/2000,MSP,MN,AGL,CE,Combined TRACON& Tower with Radar,661,298,278,7,1244,3,19,0,0,22,664,317,278,7,1266,0,0,0,1266
05/01/2000,MSP,MN,AGL,CE,Combined TRACON& Tower with Radar,727,346,341,9,1423,0,0,80,0,80,727,346,421,9,1503,0,0,0,1503
05/02/2000,MSP,MN,AGL,CE,Combined TRACON& Tower with Radar,762,345,338,11,1456,7,0,13,9,29,769,345,351,20,1485,0,0,0,1485
05/03/2000,MSP,MN,AGL,CE,Combined TRACON& Tower with Radar,713,333,317,11,1374,3,0,24,5,32,716,333,341,16,1406,0,0,0,1406
05/04/2000,MSP,MN,AGL,CE,Combined TRACON& Tower with Radar,764,363,345,11,1483,0,0,19,7,26,764,363,364,18,1509,0,0,0,1509
05/05/2000,MSP,MN,AGL,CE,Combined TRACON& Tower with Radar,752,341,333,7,1433,16,0,28,0,44,768,341,361,7,1477,0,0,0,1477
05/06/2000,MSP,MN,AGL,CE,Combined TRACON& Tower with Radar,644,305,248,10,1207,37,10,0,4,51,681,315,248,14,1258,0,0,0,1258
05/07/2000,MSP,MN,AGL,CE,Combined TRACON& Tower with Radar,646,305,258,10,1219,31,3,0,4,38,677,308,258,14,1257,0,0,0,1257
05/08/2000,MSP,MN,AGL,CE,Combined TRACON& Tower with Radar,708,347,327,2,1384,0,0,64,0,64,708,347,391,2,1448,0,0,0,1448
05/09/2000,MSP,MN,AGL,CE,Combined TRACON& Tower with Radar,737,355,347,11,1450,0,0,84,3,87,737,355,431,14,1537,0,0,0,1537
05/10/2000,MSP,MN,AGL,CE,Combined TRACON& Tower with Radar,733,343,336,11,1423,0,0,44,6,50,733,343,380,17,1473,0,0,0,1473
05/11/2000,MSP,MN,AGL,CE,Combined TRACON& Tower with Radar,755,364,350,12,1481,0,0,12,6,18,755,364,362,18,1499,0,0,0,1499
05/12/2000,MSP,MN,AGL,CE,Combined TRACON& Tower with Radar,715,349,329,10,1403,0,1,58,0,59,715,350,387,10,1462,0,0,0,1462
05/13/2000,MSP,MN,AGL,CE,Combined TRACON& Tower with Radar,645,305,267,6,1223,35,25,0,0,60,680,330,267,6,1283,0,0,0,1283
05/14/2000,MSP,MN,AGL,CE,Combined TRACON& Tower with Radar,638,302,251,5,1196,33,18,0,0,51,671,320,251,5,1247,0,0,0,1247
05/15/2000,MSP,MN,AGL,CE,Combined TRACON& Tower with Radar,736,356,335,11,1438,0,22,27,2,51,736,378,362,13,1489,0,0,0,1489
05/16/2000,MSP,MN,AGL,CE,Combined TRACON& Tower with Radar,761,375,354,12,1502,0,0,33,4,37,761,375,387,16,1539,0,0,0,1539
05/17/2000,MSP,MN,AGL,CE,Combined TRACON& Tower with Radar,684,303,304,9,1300,6,0,37,4,47,690,303,341,13,1347,0,0,0,1347
05/18/2000,MSP,MN,AGL,CE,Combined TRACON& Tower with Radar,704,299,320,10,1333,0,0,65,7,72,704,299,385,17,1405,0,0,0,1405
05/19/2000,MSP,MN,AGL,CE,Combined TRACON& Tower with Radar,785,368,349,7,1509,4,0,34,0,38,789,368,383,7,1547,0,0,0,1547
05/20/2000,MSP,MN,AGL,CE,Combined TRACON& Tower with Radar,644,303,254,2,1203,32,32,0,0,64,676,335,254,2,1267,0,0,0,1267
05/21/2000,MSP,MN,AGL,CE,Combined TRACON& Tower with Radar,662,312,282,1,1257,14,7,0,0,21,676,319,282,1,1278,0,0,0,1278
05/22/2000,MSP,MN,AGL,CE,Combined TRACON& Tower with Radar,750,356,339,8,1453,0,0,62,0,62,750,356,401,8,1515,0,0,0,1515
05/23/2000,MSP,MN,AGL,CE,Combined TRACON& Tower with Radar,754,367,347,9,1477,0,14,74,0,88,754,381,421,9,1565,0,0,0,1565
05/24/2000,MSP,MN,AGL,CE,Combined TRACON& Tower with Radar,719,348,328,10,1405,0,0,54,4,58,719,348,382,14,1463,0,0,0,1463
05/25/2000,MSP,MN,AGL,CE,Combined TRACON& Tower with Radar,778,370,350,11,1509,0,0,71,9,80,778,370,421,20,1589,0,0,0,1589
05/26/2000,MSP,MN,AGL,CE,Combined TRACON& Tower with Radar,762,359,329,3,1453,33,4,0,0,37,795,363,329,3,1490,0,0,0,1490
05/27/2000,MSP,MN,AGL,CE,Combined TRACON& Tower with Radar,616,290,226,0,1132,41,36,0,0,77,657,326,226,0,1209,0,0,0,1209
05/28/2000,MSP,MN,AGL,CE,Combined TRACON& Tower with Radar,551,259,191,0,1001,62,9,0,0,71,613,268,191,0,1072,0,0,0,1072
05/29/2000,MSP,MN,AGL,CE,Combined TRACON& Tower with Radar,633,298,225,1,1157,34,32,0,0,66,667,330,225,1,1223,0,0,0,1223
05/30/2000,MSP,MN,AGL,CE,Combined TRACON& Tower with Radar,755,361,341,10,1467,0,9,14,10,33,755,370,355,20,1500,0,0,0,1500
05/31/2000,MSP,MN,AGL,CE,Combined TRACON& Tower with Radar,753,367,347,10,1477,0,0,34,14,48,753,367,381,24,1525,0,0,0,1525
06/01/2000,MSP,MN,AGL,CE,Combined TRACON& Tower with Radar,769,335,388,10,1502,0,0,16,7,23,769,335,404,17,1525,0,0,0,1525
06/02/2000,MSP,MN,AGL,CE,Combined TRACON& Tower with Radar,755,347,352,9,1463,0,8,120,0,128,755,355,472,9,1591,0,0,0,1591
06/03/2000,MSP,MN,AGL,CE,Combined TRACON& Tower with Radar,658,300,273,8,1239,54,3,0,1,58,712,303,273,9,1297,0,0,0,1297
06/04/2000,MSP,MN,AGL,CE,Combined TRACON& Tower with Radar,663,302,256,7,1228,54,7,0,0,61,717,309,256,7,1289,0,0,0,1289
06/05/2000,MSP,MN,AGL,CE,Combined TRACON& Tower with Radar,761,360,366,9,1496,0,21,51,0,72,761,381,417,9,1568,0,0,0,1568
06/06/2000,MSP,MN,AGL,CE,Combined TRACON& Tower with Radar,767,357,363,10,1497,0,16,21,8,45,767,373,384,18,1542,0,0,0,1542
06/07/2000,MSP,MN,AGL,CE,Combined TRACON& Tower with Radar,771,356,361,10,1498,0,33,9,5,47,771,389,370,15,1545,0,0,0,1545
06/08/2000,MSP,MN,AGL,CE,Combined TRACON& Tower with Radar,776,362,367,9,1514,0,25,12,0,37,776,387,379,9,1551,0,0,0,1551
06/09/2000,MSP,MN,AGL,CE,Combined TRACON& Tower with Radar,791,366,373,2,1532,0,22,7,0,29,791,388,380,2,1561,0,0,0,1561
06/10/2000,MSP,MN,AGL,CE,Combined TRACON& Tower with Radar,652,296,255,4,1207,73,0,0,0,73,725,296,255,4,1280,0,0,0,1280
06/11/2000,MSP,MN,AGL,CE,Combined TRACON& Tower with Radar,677,301,287,3,1268,29,0,0,0,29,706,301,287,3,1297,0,0,0,1297
06/12/2000,MSP,MN,AGL,CE,Combined TRACON& Tower with Radar,761,359,366,9,1495,0,19,14,0,33,761,378,380,9,1528,0,0,0,1528
06/13/2000,MSP,MN,AGL,CE,Combined TRACON& Tower with Radar,731,342,348,9,1430,0,0,32,7,39,731,342,380,16,1469,0,0,0,1469
06/14/2000,MSP,MN,AGL,CE,Combined TRACON& Tower with Radar,679,323,330,9,1341,0,2,35,0,37,679,325,365,9,1378,0,0,0,1378
06/15/2000,MSP,MN,AGL,CE,Combined TRACON& Tower with Radar,799,366,373,8,1546,0,5,39,0,44,799,371,412,8,1590,0,0,0,1590
06/16/2000,MSP,MN,AGL,CE,Combined TRACON& Tower with Radar,781,356,373,9,1519,0,0,99,0,99,781,356,472,9,1618,0,0,0,1618
06/17/2000,MSP,MN,AGL,CE,Combined TRACON& Tower with Radar,706,320,326,6,1358,42,1,14,0,57,748,321,340,6,1415,0,0,0,1415
06/18/2000,MSP,MN,AGL,CE,Combined TRACON& Tower with Radar,672,302,267,5,1246,77,0,0,0,77,749,302,267,5,1323,0,0,0,1323
06/19/2000,MSP,MN,AGL,CE,Combined TRACON& Tower with Radar,763,340,348,6,1457,30,0,0,0,30,793,340,348,6,1487,0,0,0,1487
06/20/2000,MSP,MN,AGL,CE,Combined TRACON& Tower with Radar,790,365,378,9,1542,0,0,46,7,53,790,365,424,16,1595,0,0,0,1595
06/21/2000,MSP,MN,AGL,CE,Combined TRACON& Tower with Radar,815,383,391,9,1598,0,0,73,8,81,815,383,464,17,1679,0,0,0,1679
06/22/2000,MSP,MN,AGL,CE,Combined TRACON& Tower with Radar,755,361,372,9,1497,0,0,96,6,102,755,361,468,15,1599,0,0,0,1599
06/23/2000,MSP,MN,AGL,CE,Combined TRACON& Tower with Radar,798,346,368,6,1518,36,0,8,0,44,834,346,376,6,1562,0,0,0,1562
06/24/2000,MSP,MN,AGL,CE,Combined TRACON& Tower with Radar,693,308,311,7,1319,52,0,0,0,52,745,308,311,7,1371,0,0,0,1371
06/25/2000,MSP,MN,AGL,CE,Combined TRACON& Tower with Radar,655,280,260,6,1201,72,0,0,0,72,727,280,260,6,1273,0,0,0,1273
06/26/2000,MSP,MN,AGL,CE,Combined TRACON& Tower with Radar,783,356,361,3,1503,0,18,21,0,39,783,374,382,3,1542,0,0,0,1542
06/27/2000,MSP,MN,AGL,CE,Combined TRACON& Tower with Radar,810,387,392,8,1597,0,3,85,0,88,810,390,477,8,1685,0,0,0,1685
06/28/2000,MSP,MN,AGL,CE,Combined TRACON& Tower with Radar,837,395,401,10,1643,0,5,82,9,96,837,400,483,19,1739,0,0,0,1739
06/29/2000,MSP,MN,AGL,CE,Combined TRACON& Tower with Radar,832,385,417,10,1644,0,0,153,12,165,832,385,570,22,1809,0,0,0,1809
06/30/2000,MSP,MN,AGL,CE,Combined TRACON& Tower with Radar,834,379,385,9,1607,3,6,21,1,31,837,385,406,10,1638,0,0,0,1638
07/01/2000,MSP,MN,AGL,CE,Combined TRACON& Tower with Radar,707,312,276,0,1295,52,11,0,0,63,759,323,276,0,1358,0,0,0,1358
07/02/2000,MSP,MN,AGL,CE,Combined TRACON& Tower with Radar,654,289,247,5,1195,47,6,0,0,53,701,295,247,5,1248,0,0,0,1248
07/03/2000,MSP,MN,AGL,CE,Combined TRACON& Tower with Radar,724,320,257,4,1305,33,32,0,0,65,757,352,257,4,1370,0,0,0,1370
07/04/2000,MSP,MN,AGL,CE,Combined TRACON& Tower with Radar,677,300,237,0,1214,46,28,0,0,74,723,328,237,0,1288,0,0,0,1288
07/05/2000,MSP,MN,AGL,CE,Combined TRACON& Tower with Radar,792,334,335,9,1470,1,0,6,12,19,793,334,341,21,1489,0,0,0,1489
07/06/2000,MSP,MN,AGL,CE,Combined TRACON& Tower with Radar,848,382,370,10,1610,0,0,17,7,24,848,382,387,17,1634,0,0,0,1634
07/07/2000,MSP,MN,AGL,CE,Combined TRACON& Tower with Radar,763,338,311,6,1418,4,12,0,0,16,767,350,311,6,1434,0,0,0,1434
07/08/2000,MSP,MN,AGL,CE,Combined TRACON& Tower with Radar,701,311,252,6,1270,60,6,0,0,66,761,317,252,6,1336,0,0,0,1336
07/09/2000,MSP,MN,AGL,CE,Combined TRACON& Tower with Radar,717,304,266,8,1295,36,0,0,0,36,753,304,266,8,1331,0,0,0,1331
07/10/2000,MSP,MN,AGL,CE,Combined TRACON& Tower with Radar,787,363,347,8,1505,0,6,44,0,50,787,369,391,8,1555,0,0,0,1555
07/11/2000,MSP,MN,AGL,CE,Combined TRACON& Tower with Radar,849,379,362,10,1600,0,1,22,5,28,849,380,384,15,1628,0,0,0,1628
07/12/2000,MSP,MN,AGL,CE,Combined TRACON& Tower with Radar,844,381,365,10,1600,0,0,51,11,62,844,381,416,21,1662,0,0,0,1662
07/13/2000,MSP,MN,AGL,CE,Combined TRACON& Tower with Radar,777,347,331,4,1459,0,7,38,0,45,777,354,369,4,1504,0,0,0,1504
07/14/2000,MSP,MN,AGL,CE,Combined TRACON& Tower with Radar,783,364,347,4,1498,0,13,51,0,64,783,377,398,4,1562,0,0,0,1562
07/15/2000,MSP,MN,AGL,CE,Combined TRACON& Tower with Radar,734,325,308,7,1374,48,1,0,0,49,782,326,308,7,1423,0,0,0,1423
07/16/2000,MSP,MN,AGL,CE,Combined TRACON& Tower with Radar,707,313,274,3,1297,32,0,0,0,32,739,313,274,3,1329,0,0,0,1329
07/17/2000,MSP,MN,AGL,CE,Combined TRACON& Tower with Radar,795,367,350,9,1521,0,7,52,3,62,795,374,402,12,1583,0,0,0,1583
07/18/2000,MSP,MN,AGL,CE,Combined TRACON& Tower with Radar,829,359,365,10,1563,0,0,45,7,52,829,359,410,17,1615,0,0,0,1615
07/19/2000,MSP,MN,AGL,CE,Combined TRACON& Tower with Radar,832,373,384,9,1598,0,0,102,5,107,832,373,486,14,1705,0,0,0,1705
07/20/2000,MSP,MN,AGL,CE,Combined TRACON& Tower with Radar,856,388,380,10,1634,0,0,92,9,101,856,388,472,19,1735,0,0,0,1735
07/21/2000,MSP,MN,AGL,CE,Combined TRACON& Tower with Radar,831,374,369,7,1581,0,0,63,0,63,831,374,432,7,1644,0,0,0,1644
07/22/2000,MSP,MN,AGL,CE,Combined TRACON& Tower with Radar,720,317,276,5,1318,63,12,0,0,75,783,329,276,5,1393,0,0,0,1393
07/23/2000,MSP,MN,AGL,CE,Combined TRACON& Tower with Radar,734,324,273,4,1335,26,1,0,0,27,760,325,273,4,1362,0,0,0,1362
07/24/2000,MSP,MN,AGL,CE,Combined TRACON& Tower with Radar,815,361,347,5,1528,0,11,31,0,42,815,372,378,5,1570,0,0,0,1570
07/25/2000,MSP,MN,AGL,CE,Combined TRACON& Tower with Radar,794,344,336,0,1474,17,0,23,0,40,811,344,359,0,1514,0,0,0,1514
07/26/2000,MSP,MN,AGL,CE,Combined TRACON& Tower with Radar,853,385,390,10,1638,0,0,87,8,95,853,385,477,18,1733,0,0,0,1733
07/27/2000,MSP,MN,AGL,CE,Combined TRACON& Tower with Radar,842,380,368,9,1599,0,0,77,8,85,842,380,445,17,1684,0,0,0,1684
07/28/2000,MSP,MN,AGL,CE,Combined TRACON& Tower with Radar,770,362,348,8,1488,0,12,79,0,91,770,374,427,8,1579,0,0,0,1579
07/29/2000,MSP,MN,AGL,CE,Combined TRACON& Tower with Radar,734,310,310,6,1360,57,0,2,0,59,791,310,312,6,1419,0,0,0,1419
07/30/2000,MSP,MN,AGL,CE,Combined TRACON& Tower with Radar,708,312,294,5,1319,33,7,0,0,40,741,319,294,5,1359,0,0,0,1359
07/31/2000,MSP,MN,AGL,CE,Combined TRACON& Tower with Radar,773,364,349,9,1495,0,17,38,4,59,773,381,387,13,1554,0,0,0,1554
08/01/2000,MSP,MN,AGL,CE,Combined TRACON& Tower with Radar,801,354,356,8,1519,0,0,62,2,64,801,354,418,10,1583,0,0,0,1583
08/02/2000,MSP,MN,AGL,CE,Combined TRACON& Tower with Radar,819,375,372,9,1575,0,0,99,5,104,819,375,471,14,1679,0,0,0,1679
08/03/2000,MSP,MN,AGL,CE,Combined TRACON& Tower with Radar,793,364,360,9,1526,0,22,56,2,80,793,386,416,11,1606,0,0,0,1606
08/04/2000,MSP,MN,AGL,CE,Combined TRACON& Tower with Radar,812,351,349,7,1519,34,8,4,0,46,846,359,353,7,1565,0,0,0,1565
08/05/2000,MSP,MN,AGL,CE,Combined TRACON& Tower with Radar,695,301,261,4,1261,67,6,0,0,73,762,307,261,4,1334,0,0,0,1334
08/06/2000,MSP,MN,AGL,CE,Combined TRACON& Tower with Radar,694,301,298,4,1297,42,9,8,0,59,736,310,306,4,1356,0,0,0,1356
08/07/2000,MSP,MN,AGL,CE,Combined TRACON& Tower with Radar,806,355,352,8,1521,0,7,50,2,59,806,362,402,10,1580,0,0,0,1580
08/08/2000,MSP,MN,AGL,CE,Combined TRACON& Tower with Radar,838,362,365,3,1568,0,0,31,0,31,838,362,396,3,1599,0,0,0,1599
08/09/2000,MSP,MN,AGL,CE,Combined TRACON& Tower with Radar,842,365,378,10,1595,0,0,114,2,116,842,365,492,12,1711,0,0,0,1711
08/10/2000,MSP,MN,AGL,CE,Combined TRACON& Tower with Radar,852,385,385,5,1627,0,0,84,0,84,852,385,469,5,1711,0,0,0,1711
08/11/2000,MSP,MN,AGL,CE,Combined TRACON& Tower with Radar,776,339,335,6,1456,0,8,5,0,13,776,347,340,6,1469,0,0,0,1469
08/12/2000,MSP,MN,AGL,CE,Combined TRACON& Tower with Radar,784,309,288,0,1381,3,1,0,0,4,787,310,288,0,1385,0,0,0,1385
08/13/2000,MSP,MN,AGL,CE,Combined TRACON& Tower with Radar,710,292,276,2,1280,61,0,0,0,61,771,292,276,2,1341,0,0,0,1341
08/14/2000,MSP,MN,AGL,CE,Combined TRACON& Tower with Radar,795,345,340,1,1481,9,4,6,0,19,804,349,346,1,1500,0,0,0,1500
08/15/2000,MSP,MN,AGL,CE,Combined TRACON& Tower with Radar,830,377,375,10,1592,0,0,66,6,72,830,377,441,16,1664,0,0,0,1664
08/16/2000,MSP,MN,AGL,CE,Combined TRACON& Tower with Radar,799,330,342,9,1480,13,0,39,14,66,812,330,381,23,1546,0,0,0,1546
08/17/2000,MSP,MN,AGL,CE,Combined TRACON& Tower with Radar,841,376,371,10,1598,0,6,39,4,49,841,382,410,14,1647,0,0,0,1647
08/18/2000,MSP,MN,AGL,CE,Combined TRACON& Tower with Radar,775,351,346,8,1480,0,22,40,0,62,775,373,386,8,1542,0,0,0,1542
08/19/2000,MSP,MN,AGL,CE,Combined TRACON& Tower with Radar,721,313,282,5,1321,55,1,0,0,56,776,314,282,5,1377,0,0,0,1377
08/20/2000,MSP,MN,AGL,CE,Combined TRACON& Tower with Radar,736,314,260,1,1311,26,0,0,0,26,762,314,260,1,1337,0,0,0,1337
08/21/2000,MSP,MN,AGL,CE,Combined TRACON& Tower with Radar,811,352,322,9,1494,0,16,0,0,16,811,368,322,9,1510,0,0,0,1510
08/22/2000,MSP,MN,AGL,CE,Combined TRACON& Tower with Radar,845,354,361,10,1570,0,0,20,10,30,845,354,381,20,1600,0,0,0,1600
08/23/2000,MSP,MN,AGL,CE,Combined TRACON& Tower with Radar,850,360,363,10,1583,4,0,7,6,17,854,360,370,16,1600,0,0,0,1600
08/24/2000,MSP,MN,AGL,CE,Combined TRACON& Tower with Radar,852,369,368,10,1599,0,0,27,7,34,852,369,395,17,1633,0,0,0,1633
08/25/2000,MSP,MN,AGL,CE,Combined TRACON& Tower with Radar,837,363,357,5,1562,17,4,1,0,22,854,367,358,5,1584,0,0,0,1584
08/26/2000,MSP,MN,AGL,CE,Combined TRACON& Tower with Radar,709,308,271,4,1292,62,3,0,0,65,771,311,271,4,1357,0,0,0,1357
08/27/2000,MSP,MN,AGL,CE,Combined TRACON& Tower with Radar,679,295,253,7,1234,29,10,0,0,39,708,305,253,7,1273,0,0,0,1273
08/28/2000,MSP,MN,AGL,CE,Combined TRACON& Tower with Radar,808,350,330,0,1488,9,5,0,0,14,817,355,330,0,1502,0,0,0,1502
08/29/2000,MSP,MN,AGL,CE,Combined TRACON& Tower with Radar,818,362,357,9,1546,0,6,31,9,46,818,368,388,18,1592,0,0,0,1592
08/30/2000,MSP,MN,AGL,CE,Combined TRACON& Tower with Radar,816,360,355,9,1540,0,7,29,8,44,816,367,384,17,1584,0,0,0,1584
08/31/2000,MSP,MN,AGL,CE,Combined TRACON& Tower with Radar,821,362,357,8,1548,0,5,33,8,46,821,367,390,16,1594,0,0,0,1594
09/01/2000,MSP,MN,AGL,CE,Combined TRACON& Tower with Radar,808,351,333,2,1494,7,0,0,0,7,815,351,333,2,1501,0,0,0,1501
09/02/2000,MSP,MN,AGL,CE,Combined TRACON& Tower with Radar,633,278,227,0,1138,43,3,0,0,46,676,281,227,0,1184,0,0,0,1184
09/03/2000,MSP,MN,AGL,CE,Combined TRACON& Tower with Radar,598,263,213,0,1074,42,2,0,0,44,640,265,213,0,1118,0,0,0,1118
09/04/2000,MSP,MN,AGL,CE,Combined TRACON& Tower with Radar,662,291,208,0,1161,56,39,0,0,95,718,330,208,0,1256,0,0,0,1256
09/05/2000,MSP,MN,AGL,CE,Combined TRACON& Tower with Radar,752,330,303,9,1394,9,20,0,13,42,761,350,303,22,1436,0,0,0,1436
09/06/2000,MSP,MN,AGL,CE,Combined TRACON& Tower with Radar,792,348,332,9,1481,15,15,9,6,45,807,363,341,15,1526,0,0,0,1526
09/07/2000,MSP,MN,AGL,CE,Combined TRACON& Tower with Radar,751,348,336,10,1445,0,0,72,4,76,751,348,408,14,1521,0,0,0,1521
09/08/2000,MSP,MN,AGL,CE,Combined TRACON& Tower with Radar,815,358,343,7,1523,0,6,15,0,21,815,364,358,7,1544,0,0,0,1544
09/09/2000,MSP,MN,AGL,CE,Combined TRACON& Tower with Radar,639,281,240,7,1167,39,17,0,3,59,678,298,240,10,1226,0,0,0,1226
09/10/2000,MSP,MN,AGL,CE,Combined TRACON& Tower with Radar,670,293,281,4,1248,11,0,14,0,25,681,293,295,4,1273,0,0,0,1273
09/11/2000,MSP,MN,AGL,CE,Combined TRACON& Tower with Radar,687,321,308,7,1323,0,17,51,0,68,687,338,359,7,1391,0,0,0,1391
09/12/2000,MSP,MN,AGL,CE,Combined TRACON& Tower with Radar,767,355,341,9,1472,0,9,82,7,98,767,364,423,16,1570,0,0,0,1570
09/13/2000,MSP,MN,AGL,CE,Combined TRACON& Tower with Radar,804,365,352,10,1531,0,0,59,7,66,804,365,411,17,1597,0,0,0,1597
09/14/2000,MSP,MN,AGL,CE,Combined TRACON& Tower with Radar,797,360,347,3,1507,0,0,71,0,71,797,360,418,3,1578,0,0,0,1578
09/15/2000,MSP,MN,AGL,CE,Combined TRACON& Tower with Radar,815,361,319,7,1502,0,3,0,0,3,815,364,319,7,1505,0,0,0,1505
09/16/2000,MSP,MN,AGL,CE,Combined TRACON& Tower with Radar,653,287,252,7,1199,48,4,0,3,55,701,291,252,10,1254,0,0,0,1254
09/17/2000,MSP,MN,AGL,CE,Combined TRACON& Tower with Radar,695,284,295,2,1276,0,0,16,0,16,695,284,311,2,1292,0,0,0,1292
09/18/2000,MSP,MN,AGL,CE,Combined TRACON& Tower with Radar,774,350,337,2,1463,0,2,54,0,56,774,352,391,2,1519,0,0,0,1519
09/19/2000,MSP,MN,AGL,CE,Combined TRACON& Tower with Radar,788,359,349,9,1505,0,0,60,12,72,788,359,409,21,1577,0,0,0,1577
09/20/2000,MSP,MN,AGL,CE,Combined TRACON& Tower with Radar,792,359,350,9,1510,0,0,86,5,91,792,359,436,14,1601,0,0,0,1601
09/21/2000,MSP,MN,AGL,CE,Combined TRACON& Tower with Radar,818,365,350,9,1542,0,0,31,12,43,818,365,381,21,1585,0,0,0,1585
09/22/2000,MSP,MN,AGL,CE,Combined TRACON& Tower with Radar,789,340,336,7,1472,0,0,19,0,19,789,340,355,7,1491,0,0,0,1491
09/23/2000,MSP,MN,AGL,CE,Combined TRACON& Tower with Radar,673,294,283,4,1254,19,3,0,0,22,692,297,283,4,1276,0,0,0,1276
09/24/2000,MSP,MN,AGL,CE,Combined TRACON& Tower with Radar,665,289,277,3,1234,48,0,0,0,48,713,289,277,3,1282,0,0,0,1282
09/25/2000,MSP,MN,AGL,CE,Combined TRACON& Tower with Radar,770,346,332,5,1453,0,12,25,0,37,770,358,357,5,1490,0,0,0,1490
09/26/2000,MSP,MN,AGL,CE,Combined TRACON& Tower with Radar,754,336,322,8,1420,0,9,46,4,59,754,345,368,12,1479,0,0,0,1479
09/27/2000,MSP,MN,AGL,CE,Combined TRACON& Tower with Radar,802,363,352,9,1526,0,0,74,9,83,802,363,426,18,1609,0,0,0,1609
09/28/2000,MSP,MN,AGL,CE,Combined TRACON& Tower with Radar,815,356,342,8,1521,2,3,45,2,52,817,359,387,10,1573,0,0,0,1573
09/29/2000,MSP,MN,AGL,CE,Combined TRACON& Tower with Radar,762,324,320,1,1407,25,0,24,0,49,787,324,344,1,1456,0,0,0,1456
09/30/2000,MSP,MN,AGL,CE,Combined TRACON& Tower with Radar,606,265,254,1,1126,72,25,28,0,125,678,290,282,1,1251,0,0,0,1251
10/01/2000,MSP,MN,AGL,CE,Combined TRACON& Tower with Radar,610,270,242,1,1123,65,9,0,0,74,675,279,242,1,1197,0,0,0,1197
10/02/2000,MSP,MN,AGL,CE,Combined TRACON& Tower with Radar,757,349,337,10,1453,0,6,54,1,61,757,355,391,11,1514,0,0,0,1514
10/03/2000,MSP,MN,AGL,CE,Combined TRACON& Tower with Radar,789,365,359,11,1524,0,0,58,2,60,789,365,417,13,1584,0,0,0,1584
10/04/2000,MSP,MN,AGL,CE,Combined TRACON& Tower with Radar,797,365,350,9,1521,0,11,52,0,63,797,376,402,9,1584,0,0,0,1584
10/05/2000,MSP,MN,AGL,CE,Combined TRACON& Tower with Radar,796,360,346,10,1512,0,2,45,4,51,796,362,391,14,1563,0,0,0,1563
10/06/2000,MSP,MN,AGL,CE,Combined TRACON& Tower with Radar,765,357,343,9,1474,0,7,80,0,87,765,364,423,9,1561,0,0,0,1561
10/07/2000,MSP,MN,AGL,CE,Combined TRACON& Tower with Radar,640,285,270,1,1196,36,3,0,0,39,676,288,270,1,1235,0,0,0,1235
10/08/2000,MSP,MN,AGL,CE,Combined TRACON& Tower with Radar,651,289,278,0,1218,28,3,21,0,52,679,292,299,0,1270,0,0,0,1270
10/09/2000,MSP,MN,AGL,CE,Combined TRACON& Tower with Radar,752,340,327,0,1419,0,18,48,0,66,752,358,375,0,1485,0,0,0,1485
10/10/2000,MSP,MN,AGL,CE,Combined TRACON& Tower with Radar,785,357,342,10,1494,0,19,40,4,63,785,376,382,14,1557,0,0,0,1557
10/11/2000,MSP,MN,AGL,CE,Combined TRACON& Tower with Radar,817,357,351,11,1536,0,0,33,2,35,817,357,384,13,1571,0,0,0,1571
10/12/2000,MSP,MN,AGL,CE,Combined TRACON& Tower with Radar,806,358,344,4,1512,4,6,12,0,22,810,364,356,4,1534,0,0,0,1534
10/13/2000,MSP,MN,AGL,CE,Combined TRACON& Tower with Radar,791,343,337,7,1478,24,0,3,0,27,815,343,340,7,1505,0,0,0,1505
10/14/2000,MSP,MN,AGL,CE,Combined TRACON& Tower with Radar,617,275,240,8,1140,30,0,0,6,36,647,275,240,14,1176,0,0,0,1176
10/15/2000,MSP,MN,AGL,CE,Combined TRACON& Tower with Radar,672,292,286,9,1259,28,0,5,0,33,700,292,291,9,1292,0,0,0,1292
10/16/2000,MSP,MN,AGL,CE,Combined TRACON& Tower with Radar,784,349,335,10,1478,4,13,6,5,28,788,362,341,15,1506,0,0,0,1506
10/17/2000,MSP,MN,AGL,CE,Combined TRACON& Tower with Radar,774,354,343,10,1481,0,0,37,13,50,774,354,380,23,1531,0,0,0,1531
10/18/2000,MSP,MN,AGL,CE,Combined TRACON& Tower with Radar,803,363,349,10,1525,0,3,62,0,65,803,366,411,10,1590,0,0,0,1590
10/19/2000,MSP,MN,AGL,CE,Combined TRACON& Tower with Radar,807,359,348,9,1523,0,0,35,0,35,807,359,383,9,1558,0,0,0,1558
10/20/2000,MSP,MN,AGL,CE,Combined TRACON& Tower with Radar,797,358,346,5,1506,0,2,47,0,49,797,360,393,5,1555,0,0,0,1555
10/21/2000,MSP,MN,AGL,CE,Combined TRACON& Tower with Radar,634,280,242,7,1163,56,13,0,0,69,690,293,242,7,1232,0,0,0,1232
10/22/2000,MSP,MN,AGL,CE,Combined TRACON& Tower with Radar,662,291,274,8,1235,33,0,0,3,36,695,291,274,11,1271,0,0,0,1271
10/23/2000,MSP,MN,AGL,CE,Combined TRACON& Tower with Radar,773,351,339,9,1472,0,5,7,11,23,773,356,346,20,1495,0,0,0,1495
10/24/2000,MSP,MN,AGL,CE,Combined TRACON& Tower with Radar,808,320,353,10,1491,0,0,4,5,9,808,320,357,15,1500,0,0,0,1500
10/25/2000,MSP,MN,AGL,CE,Combined TRACON& Tower with Radar,797,351,348,9,1505,0,0,34,6,40,797,351,382,15,1545,0,0,0,1545
10/26/2000,MSP,MN,AGL,CE,Combined TRACON& Tower with Radar,797,347,342,9,1495,0,0,8,7,15,797,347,350,16,1510,0,0,0,1510
10/27/2000,MSP,MN,AGL,CE,Combined TRACON& Tower with Radar,748,343,331,3,1425,0,15,51,0,66,748,358,382,3,1491,0,0,0,1491
10/28/2000,MSP,MN,AGL,CE,Combined TRACON& Tower with Radar,643,284,255,1,1183,42,3,0,0,45,685,287,255,1,1228,0,0,0,1228
10/29/2000,MSP,MN,AGL,CE,Combined TRACON& Tower with Radar,650,283,233,0,1166,60,0,0,0,60,710,283,233,0,1226,0,0,0,1226
10/30/2000,MSP,MN,AGL,CE,Combined TRACON& Tower with Radar,773,342,331,9,1455,0,7,2,5,14,773,349,333,14,1469,0,0,0,1469
10/31/2000,MSP,MN,AGL,CE,Combined TRACON& Tower with Radar,758,336,324,9,1427,6,18,8,1,33,764,354,332,10,1460,0,0,0,1460
11/01/2000,MSP,MN,AGL,CE,Combined TRACON& Tower with Radar,786,352,348,7,1493,0,0,16,0,16,786,352,364,7,1509,0,0,0,1509
11/02/2000,MSP,MN,AGL,CE,Combined TRACON& Tower with Radar,764,337,331,5,1437,0,0,34,0,34,764,337,365,5,1471,0,0,0,1471
11/03/2000,MSP,MN,AGL,CE,Combined TRACON& Tower with Radar,821,361,356,8,1546,0,0,33,4,37,821,361,389,12,1583,0,0,0,1583
11/04/2000,MSP,MN,AGL,CE,Combined TRACON& Tower with Radar,617,273,263,6,1159,23,0,0,2,25,640,273,263,8,1184,0,0,0,1184
11/05/2000,MSP,MN,AGL,CE,Combined TRACON& Tower with Radar,652,280,243,6,1181,51,0,0,6,57,703,280,243,12,1238,0,0,0,1238
11/06/2000,MSP,MN,AGL,CE,Combined TRACON& Tower with Radar,734,325,313,2,1374,0,10,0,0,10,734,335,313,2,1384,0,0,0,1384
11/07/2000,MSP,MN,AGL,CE,Combined TRACON& Tower with Radar,735,304,317,7,1363,18,0,5,5,28,753,304,322,12,1391,0,0,0,1391
11/08/2000,MSP,MN,AGL,CE,Combined TRACON& Tower with Radar,787,363,353,8,1511,0,5,51,7,63,787,368,404,15,1574,0,0,0,1574
11/09/2000,MSP,MN,AGL,CE,Combined TRACON& Tower with Radar,764,344,345,9,1462,0,0,79,0,79,764,344,424,9,1541,0,0,0,1541
11/10/2000,MSP,MN,AGL,CE,Combined TRACON& Tower with Radar,791,354,344,3,1492,0,4,23,0,27,791,358,367,3,1519,0,0,0,1519
11/11/2000,MSP,MN,AGL,CE,Combined TRACON& Tower with Radar,619,273,218,0,1110,53,16,0,0,69,672,289,218,0,1179,0,0,0,1179
11/12/2000,MSP,MN,AGL,CE,Combined TRACON& Tower with Radar,598,264,208,1,1071,62,0,0,0,62,660,264,208,1,1133,0,0,0,1133
11/13/2000,MSP,MN,AGL,CE,Combined TRACON& Tower with Radar,715,316,296,0,1327,5,11,0,0,16,720,327,296,0,1343,0,0,0,1343
11/14/2000,MSP,MN,AGL,CE,Combined TRACON& Tower with Radar,765,360,350,9,1484,0,7,52,8,67,765,367,402,17,1551,0,0,0,1551
11/15/2000,MSP,MN,AGL,CE,Combined TRACON& Tower with Radar,772,342,332,9,1455,0,15,7,7,29,772,357,339,16,1484,0,0,0,1484
11/16/2000,MSP,MN,AGL,CE,Combined TRACON& Tower with Radar,794,367,356,9,1526,0,2,68,1,71,794,369,424,10,1597,0,0,0,1597
11/17/2000,MSP,MN,AGL,CE,Combined TRACON& Tower with Radar,765,347,336,4,1452,0,17,33,0,50,765,364,369,4,1502,0,0,0,1502
11/18/2000,MSP,MN,AGL,CE,Combined TRACON& Tower with Radar,701,288,231,10,1230,2,1,0,0,3,703,289,231,10,1233,0,0,0,1233
11/19/2000,MSP,MN,AGL,CE,Combined TRACON& Tower with Radar,593,262,213,3,1071,51,5,0,0,56,644,267,213,3,1127,0,0,0,1127
11/20/2000,MSP,MN,AGL,CE,Combined TRACON& Tower with Radar,748,338,327,8,1421,0,15,23,1,39,748,353,350,9,1460,0,0,0,1460
11/21/2000,MSP,MN,AGL,CE,Combined TRACON& Tower with Radar,786,364,363,8,1521,0,0,77,7,84,786,364,440,15,1605,0,0,0,1605
11/22/2000,MSP,MN,AGL,CE,Combined TRACON& Tower with Radar,780,347,335,7,1469,0,11,20,0,31,780,358,355,7,1500,0,0,0,1500
11/23/2000,MSP,MN,AGL,CE,Combined TRACON& Tower with Radar,584,259,208,0,1051,62,6,0,0,68,646,265,208,0,1119,0,0,0,1119
11/24/2000,MSP,MN,AGL,CE,Combined TRACON& Tower with Radar,577,256,243,0,1076,24,2,0,0,26,601,258,243,0,1102,0,0,0,1102
11/25/2000,MSP,MN,AGL,CE,Combined TRACON& Tower with Radar,601,267,219,2,1089,52,10,0,0,62,653,277,219,2,1151,0,0,0,1151
11/26/2000,MSP,MN,AGL,CE,Combined TRACON& Tower with Radar,641,272,240,0,1153,57,0,0,0,57,698,272,240,0,1210,0,0,0,1210
11/27/2000,MSP,MN,AGL,CE,Combined TRACON& Tower with Radar,760,340,333,2,1435,0,0,29,0,29,760,340,362,2,1464,0,0,0,1464
11/28/2000,MSP,MN,AGL,CE,Combined TRACON& Tower with Radar,777,351,340,8,1476,0,0,11,15,26,777,351,351,23,1502,0,0,0,1502
11/29/2000,MSP,MN,AGL,CE,Combined TRACON& Tower with Radar,781,362,354,8,1505,0,0,47,8,55,781,362,401,16,1560,0,0,0,1560
11/30/2000,MSP,MN,AGL,CE,Combined TRACON& Tower with Radar,781,356,358,8,1503,0,0,66,7,73,781,356,424,15,1576,0,0,0,1576
12/01/2000,MSP,MN,AGL,CE,Combined TRACON& Tower with Radar,764,333,334,6,1437,0,23,61,0,84,764,356,395,6,1521,0,0,0,1521
12/02/2000,MSP,MN,AGL,CE,Combined TRACON& Tower with Radar,659,266,266,5,1196,35,2,0,0,37,694,268,266,5,1233,0,0,0,1233
12/03/2000,MSP,MN,AGL,CE,Combined TRACON& Tower with Radar,652,263,216,4,1135,34,17,0,0,51,686,280,216,4,1186,0,0,0,1186
12/04/2000,MSP,MN,AGL,CE,Combined TRACON& Tower with Radar,737,310,310,1,1358,0,34,31,0,65,737,344,341,1,1423,0,0,0,1423
12/05/2000,MSP,MN,AGL,CE,Combined TRACON& Tower with Radar,755,338,339,7,1439,0,4,81,12,97,755,342,420,19,1536,0,0,0,1536
12/06/2000,MSP,MN,AGL,CE,Combined TRACON& Tower with Radar,750,328,331,7,1416,0,0,79,7,86,750,328,410,14,1502,0,0,0,1502
12/07/2000,MSP,MN,AGL,CE,Combined TRACON& Tower with Radar,755,322,322,7,1406,0,6,33,7,46,755,328,355,14,1452,0,0,0,1452
12/08/2000,MSP,MN,AGL,CE,Combined TRACON& Tower with Radar,766,335,335,2,1438,0,8,99,0,107,766,343,434,2,1545,0,0,0,1545
12/09/2000,MSP,MN,AGL,CE,Combined TRACON& Tower with Radar,656,265,243,2,1166,25,8,0,0,33,681,273,243,2,1199,0,0,0,1199
12/10/2000,MSP,MN,AGL,CE,Combined TRACON& Tower with Radar,642,257,235,2,1136,43,0,0,0,43,685,257,235,2,1179,0,0,0,1179
12/11/2000,MSP,MN,AGL,CE,Combined TRACON& Tower with Radar,656,280,281,6,1223,0,0,36,11,47,656,280,317,17,1270,0,0,0,1270
12/12/2000,MSP,MN,AGL,CE,Combined TRACON& Tower with Radar,722,309,316,7,1354,0,0,52,15,67,722,309,368,22,1421,0,0,0,1421
12/13/2000,MSP,MN,AGL,CE,Combined TRACON& Tower with Radar,668,284,286,4,1242,0,24,19,0,43,668,308,305,4,1285,0,0,0,1285
12/14/2000,MSP,MN,AGL,CE,Combined TRACON& Tower with Radar,775,332,333,2,1442,0,15,57,0,72,775,347,390,2,1514,0,0,0,1514
12/15/2000,MSP,MN,AGL,CE,Combined TRACON& Tower with Radar,758,313,315,5,1391,0,18,29,0,47,758,331,344,5,1438,0,0,0,1438
12/16/2000,MSP,MN,AGL,CE,Combined TRACON& Tower with Radar,591,229,222,3,1045,42,0,0,0,42,633,229,222,3,1087,0,0,0,1087
12/17/2000,MSP,MN,AGL,CE,Combined TRACON& Tower with Radar,649,258,263,3,1173,5,0,9,0,14,654,258,272,3,1187,0,0,0,1187
12/18/2000,MSP,MN,AGL,CE,Combined TRACON& Tower with Radar,590,203,239,4,1036,32,0,60,0,92,622,203,299,4,1128,0,0,0,1128
12/19/2000,MSP,MN,AGL,CE,Combined TRACON& Tower with Radar,812,330,345,6,1493,0,0,51,7,58,812,330,396,13,1551,0,0,0,1551
12/20/2000,MSP,MN,AGL,CE,Combined TRACON& Tower with Radar,812,329,339,6,1486,0,0,41,12,53,812,329,380,18,1539,0,0,0,1539
12/21/2000,MSP,MN,AGL,CE,Combined TRACON& Tower with Radar,718,218,292,5,1233,0,0,94,4,98,718,218,386,9,1331,0,0,0,1331
12/22/2000,MSP,MN,AGL,CE,Combined TRACON& Tower with Radar,817,315,331,2,1465,6,0,40,0,46,823,315,371,2,1511,0,0,0,1511
12/23/2000,MSP,MN,AGL,CE,Combined TRACON& Tower with Radar,699,280,251,0,1230,36,11,0,0,47,735,291,251,0,1277,0,0,0,1277
12/24/2000,MSP,MN,AGL,CE,Combined TRACON& Tower with Radar,539,216,166,0,921,75,2,0,0,77,614,218,166,0,998,0,0,0,998
12/25/2000,MSP,MN,AGL,CE,Combined TRACON& Tower with Radar,595,239,166,0,1000,61,39,0,0,100,656,278,166,0,1100,0,0,0,1100
12/26/2000,MSP,MN,AGL,CE,Combined TRACON& Tower with Radar,742,298,272,0,1312,14,27,0,0,41,756,325,272,0,1353,0,0,0,1353
12/27/2000,MSP,MN,AGL,CE,Combined TRACON& Tower with Radar,749,300,293,6,1348,52,28,0,5,85,801,328,293,11,1433,0,0,0,1433
12/28/2000,MSP,MN,AGL,CE,Combined TRACON& Tower with Radar,583,167,235,4,989,71,0,10,0,81,654,167,245,4,1070,0,0,0,1070
12/29/2000,MSP,MN,AGL,CE,Combined TRACON& Tower with Radar,831,335,328,2,1496,22,10,0,0,32,853,345,328,2,1528,0,0,0,1528
12/30/2000,MSP,MN,AGL,CE,Combined TRACON& Tower with Radar,653,263,230,0,1146,45,7,0,0,52,698,270,230,0,1198,0,0,0,1198
12/31/2000,MSP,MN,AGL,CE,Combined TRACON& Tower with Radar,614,246,194,2,1056,75,0,0,0,75,689,246,194,2,1131,0,0,0,1131
01/01/2001,MSP,MN,AGL,CE,Combined TRACON& Tower with Radar,649,295,202,0,1146,89,2,0,0,91,738,297,202,0,1237,0,0,0,1237
01/02/2001,MSP,MN,AGL,CE,Combined TRACON& Tower with Radar,710,322,274,9,1315,38,5,0,3,46,748,327,274,12,1361,0,0,0,1361
01/03/2001,MSP,MN,AGL,CE,Combined TRACON& Tower with Radar,798,320,326,10,1454,17,0,38,4,59,815,320,364,14,1513,0,0,0,1513
01/04/2001,MSP,MN,AGL,CE,Combined TRACON& Tower with Radar,768,343,314,10,1435,13,0,7,1,21,781,343,321,11,1456,0,0,0,1456
01/05/2001,MSP,MN,AGL,CE,Combined TRACON& Tower with Radar,728,368,360,8,1464,0,0,21,0,21,728,368,381,8,1485,0,0,0,1485
01/06/2001,MSP,MN,AGL,CE,Combined TRACON& Tower with Radar,654,296,267,4,1221,31,1,5,0,37,685,297,272,4,1258,0,0,0,1258
01/07/2001,MSP,MN,AGL,CE,Combined TRACON& Tower with Radar,635,283,245,8,1171,31,0,0,2,33,666,283,245,10,1204,0,0,0,1204
01/08/2001,MSP,MN,AGL,CE,Combined TRACON& Tower with Radar,728,344,310,9,1391,0,9,41,0,50,728,353,351,9,1441,0,0,0,1441
01/09/2001,MSP,MN,AGL,CE,Combined TRACON& Tower with Radar,716,335,308,9,1368,0,0,40,7,47,716,335,348,16,1415,0,0,0,1415
01/10/2001,MSP,MN,AGL,CE,Combined TRACON& Tower with Radar,733,332,299,10,1374,25,18,15,7,65,758,350,314,17,1439,0,0,0,1439
01/11/2001,MSP,MN,AGL,CE,Combined TRACON& Tower with Radar,751,339,303,9,1402,3,0,0,4,7,754,339,303,13,1409,0,0,0,1409
01/12/2001,MSP,MN,AGL,CE,Combined TRACON& Tower with Radar,731,320,288,6,1345,31,0,0,0,31,762,320,288,6,1376,0,0,0,1376
01/13/2001,MSP,MN,AGL,CE,Combined TRACON& Tower with Radar,627,271,224,1,1123,61,0,0,0,61,688,271,224,1,1184,0,0,0,1184
01/14/2001,MSP,MN,AGL,CE,Combined TRACON& Tower with Radar,603,252,205,3,1063,78,0,0,0,78,681,252,205,3,1141,0,0,0,1141
01/15/2001,MSP,MN,AGL,CE,Combined TRACON& Tower with Radar,723,336,304,0,1363,0,1,23,0,24,723,337,327,0,1387,0,0,0,1387
01/16/2001,MSP,MN,AGL,CE,Combined TRACON& Tower with Radar,744,352,319,9,1424,0,7,52,5,64,744,359,371,14,1488,0,0,0,1488
01/17/2001,MSP,MN,AGL,CE,Combined TRACON& Tower with Radar,781,355,333,9,1478,0,0,53,10,63,781,355,386,19,1541,0,0,0,1541
01/18/2001,MSP,MN,AGL,CE,Combined TRACON& Tower with Radar,755,354,325,9,1443,0,0,41,4,45,755,354,366,13,1488,0,0,0,1488
01/19/2001,MSP,MN,AGL,CE,Combined TRACON& Tower with Radar,753,356,322,9,1440,0,0,68,2,70,753,356,390,11,1510,0,0,0,1510
01/20/2001,MSP,MN,AGL,CE,Combined TRACON& Tower with Radar,646,289,265,0,1200,36,0,5,0,41,682,289,270,0,1241,0,0,0,1241
01/21/2001,MSP,MN,AGL,CE,Combined TRACON& Tower with Radar,637,287,258,5,1187,26,2,0,0,28,663,289,258,5,1215,0,0,0,1215
01/22/2001,MSP,MN,AGL,CE,Combined TRACON& Tower with Radar,735,339,307,4,1385,0,11,34,0,45,735,350,341,4,1430,0,0,0,1430
01/23/2001,MSP,MN,AGL,CE,Combined TRACON& Tower with Radar,761,365,331,9,1466,0,5,67,8,80,761,370,398,17,1546,0,0,0,1546
01/24/2001,MSP,MN,AGL,CE,Combined TRACON& Tower with Radar,707,345,316,9,1377,0,0,60,7,67,707,345,376,16,1444,0,0,0,1444
01/25/2001,MSP,MN,AGL,CE,Combined TRACON& Tower with Radar,728,346,314,9,1397,0,14,23,6,43,728,360,337,15,1440,0,0,0,1440
01/26/2001,MSP,MN,AGL,CE,Combined TRACON& Tower with Radar,711,322,292,8,1333,0,7,6,1,14,711,329,298,9,1347,0,0,0,1347
01/27/2001,MSP,MN,AGL,CE,Combined TRACON& Tower with Radar,600,271,223,2,1096,40,5,0,0,45,640,276,223,2,1141,0,0,0,1141
01/28/2001,MSP,MN,AGL,CE,Combined TRACON& Tower with Radar,629,266,233,3,1131,51,0,0,0,51,680,266,233,3,1182,0,0,0,1182
01/29/2001,MSP,MN,AGL,CE,Combined TRACON& Tower with Radar,517,188,212,0,917,39,0,20,0,59,556,188,232,0,976,0,0,0,976
01/30/2001,MSP,MN,AGL,CE,Combined TRACON& Tower with Radar,712,316,297,8,1333,0,0,48,4,52,712,316,345,12,1385,0,0,0,1385
01/31/2001,MSP,MN,AGL,CE,Combined TRACON& Tower with Radar,796,364,343,9,1512,0,0,76,6,82,796,364,419,15,1594,0,0,0,1594
02/01/2001,MSP,MN,AGL,CE,Combined TRACON& Tower with Radar,785,353,344,10,1492,0,2,44,6,52,785,355,388,16,1544,0,0,0,1544
02/02/2001,MSP,MN,AGL,CE,Combined TRACON& Tower with Radar,733,318,309,6,1366,0,10,12,0,22,733,328,321,6,1388,0,0,0,1388
02/03/2001,MSP,MN,AGL,CE,Combined TRACON& Tower with Radar,595,258,208,0,1061,46,18,0,0,64,641,276,208,0,1125,0,0,0,1125
02/04/2001,MSP,MN,AGL,CE,Combined TRACON& Tower with Radar,646,280,212,4,1142,66,6,0,0,72,712,286,212,4,1214,0,0,0,1214
02/05/2001,MSP,MN,AGL,CE,Combined TRACON& Tower with Radar,744,326,311,7,1388,0,23,0,0,23,744,349,311,7,1411,0,0,0,1411
02/06/2001,MSP,MN,AGL,CE,Combined TRACON& Tower with Radar,765,344,334,9,1452,0,10,23,7,40,765,354,357,16,1492,0,0,0,1492
02/07/2001,MSP,MN,AGL,CE,Combined TRACON& Tower with Radar,523,164,220,3,910,5,0,66,0,71,528,164,286,3,981,0,0,0,981
02/08/2001,MSP,MN,AGL,CE,Combined TRACON& Tower with Radar,688,232,288,5,1213,40,0,39,0,79,728,232,327,5,1292,0,0,0,1292
02/09/2001,MSP,MN,AGL,CE,Combined TRACON& Tower with Radar,759,316,331,7,1413,0,0,76,0,76,759,316,407,7,1489,0,0,0,1489
02/10/2001,MSP,MN,AGL,CE,Combined TRACON& Tower with Radar,658,285,258,2,1203,34,11,0,0,45,692,296,258,2,1248,0,0,0,1248
02/11/2001,MSP,MN,AGL,CE,Combined TRACON& Tower with Radar,647,280,215,2,1144,52,17,0,0,69,699,297,215,2,1213,0,0,0,1213
02/12/2001,MSP,MN,AGL,CE,Combined TRACON& Tower with Radar,749,337,328,10,1424,0,21,17,2,40,749,358,345,12,1464,0,0,0,1464
02/13/2001,MSP,MN,AGL,CE,Combined TRACON& Tower with Radar,765,332,330,8,1435,0,0,26,4,30,765,332,356,12,1465,0,0,0,1465
02/14/2001,MSP,MN,AGL,CE,Combined TRACON& Tower with Radar,766,354,345,9,1474,0,0,53,17,70,766,354,398,26,1544,0,0,0,1544
02/15/2001,MSP,MN,AGL,CE,Combined TRACON& Tower with Radar,785,346,337,8,1476,0,8,19,0,27,785,354,356,8,1503,0,0,0,1503
02/16/2001,MSP,MN,AGL,CE,Combined TRACON& Tower with Radar,793,351,343,3,1490,0,5,27,0,32,793,356,370,3,1522,0,0,0,1522
02/17/2001,MSP,MN,AGL,CE,Combined TRACON& Tower with Radar,612,264,233,6,1115,24,16,0,2,42,636,280,233,8,1157,0,0,0,1157
02/18/2001,MSP,MN,AGL,CE,Combined TRACON& Tower with Radar,635,274,224,1,1134,31,17,0,0,48,666,291,224,1,1182,0,0,0,1182
02/19/2001,MSP,MN,AGL,CE,Combined TRACON& Tower with Radar,702,304,295,1,1302,0,31,0,0,31,702,335,295,1,1333,0,0,0,1333
02/20/2001,MSP,MN,AGL,CE,Combined TRACON& Tower with Radar,716,328,320,8,1372,0,17,24,14,55,716,345,344,22,1427,0,0,0,1427
02/21/2001,MSP,MN,AGL,CE,Combined TRACON& Tower with Radar,729,329,321,9,1388,0,5,63,3,71,729,334,384,12,1459,0,0,0,1459
02/22/2001,MSP,MN,AGL,CE,Combined TRACON& Tower with Radar,747,337,329,9,1422,0,18,21,9,48,747,355,350,18,1470,0,0,0,1470
02/23/2001,MSP,MN,AGL,CE,Combined TRACON& Tower with Radar,767,337,329,5,1438,0,5,22,0,27,767,342,351,5,1465,0,0,0,1465
02/24/2001,MSP,MN,AGL,CE,Combined TRACON& Tower with Radar,562,163,215,2,942,116,0,0,0,116,678,163,215,2,1058,0,0,0,1058
02/25/2001,MSP,MN,AGL,CE,Combined TRACON& Tower with Radar,613,264,213,1,1091,44,12,0,0,56,657,276,213,1,1147,0,0,0,1147
02/26/2001,MSP,MN,AGL,CE,Combined TRACON& Tower with Radar,755,332,324,4,1415,0,10,24,0,34,755,342,348,4,1449,0,0,0,1449
02/27/2001,MSP,MN,AGL,CE,Combined TRACON& Tower with Radar,706,321,313,8,1348,0,13,46,5,64,706,334,359,13,1412,0,0,0,1412
02/28/2001,MSP,MN,AGL,CE,Combined TRACON& Tower with Radar,783,348,339,8,1478,0,5,28,8,41,783,353,367,16,1519,0,0,0,1519
03/01/2001,MSP,MN,AGL,CE,Combined TRACON& Tower with Radar,790,346,312,6,1454,16,11,0,0,27,806,357,312,6,1481,0,0,0,1481
03/02/2001,MSP,MN,AGL,CE,Combined TRACON& Tower with Radar,785,355,336,7,1483,0,2,46,0,48,785,357,382,7,1531,0,0,0,1531
03/03/2001,MSP,MN,AGL,CE,Combined TRACON& Tower with Radar,676,284,257,8,1225,20,0,0,0,20,696,284,257,8,1245,0,0,0,1245
03/04/2001,MSP,MN,AGL,CE,Combined TRACON& Tower with Radar,630,277,204,9,1120,52,15,0,3,70,682,292,204,12,1190,0,0,0,1190
03/05/2001,MSP,MN,AGL,CE,Combined TRACON& Tower with Radar,739,343,323,7,1412,0,5,32,0,37,739,348,355,7,1449,0,0,0,1449
03/06/2001,MSP,MN,AGL,CE,Combined TRACON& Tower with Radar,747,352,331,11,1441,0,6,67,9,82,747,358,398,20,1523,0,0,0,1523
03/07/2001,MSP,MN,AGL,CE,Combined TRACON& Tower with Radar,777,352,339,11,1479,0,0,52,6,58,777,352,391,17,1537,0,0,0,1537
03/08/2001,MSP,MN,AGL,CE,Combined TRACON& Tower with Radar,783,363,342,11,1499,0,1,73,1,75,783,364,415,12,1574,0,0,0,1574
03/09/2001,MSP,MN,AGL,CE,Combined TRACON& Tower with Radar,796,360,339,10,1505,0,3,56,0,59,796,363,395,10,1564,0,0,0,1564
03/10/2001,MSP,MN,AGL,CE,Combined TRACON& Tower with Radar,648,285,233,0,1166,70,5,0,0,75,718,290,233,0,1241,0,0,0,1241
03/11/2001,MSP,MN,AGL,CE,Combined TRACON& Tower with Radar,662,291,254,7,1214,47,2,0,0,49,709,293,254,7,1263,0,0,0,1263
03/12/2001,MSP,MN,AGL,CE,Combined TRACON& Tower with Radar,664,266,275,0,1205,32,0,13,0,45,696,266,288,0,1250,0,0,0,1250
03/13/2001,MSP,MN,AGL,CE,Combined TRACON& Tower with Radar,790,354,338,11,1493,0,0,35,9,44,790,354,373,20,1537,0,0,0,1537
03/14/2001,MSP,MN,AGL,CE,Combined TRACON& Tower with Radar,806,363,342,11,1522,0,2,11,6,19,806,365,353,17,1541,0,0,0,1541
03/15/2001,MSP,MN,AGL,CE,Combined TRACON& Tower with Radar,772,352,333,10,1467,0,12,40,0,52,772,364,373,10,1519,0,0,0,1519
03/16/2001,MSP,MN,AGL,CE,Combined TRACON& Tower with Radar,790,335,337,6,1468,0,0,71,0,71,790,335,408,6,1539,0,0,0,1539
03/17/2001,MSP,MN,AGL,CE,Combined TRACON& Tower with Radar,678,277,270,8,1233,7,0,0,2,9,685,277,270,10,1242,0,0,0,1242
03/18/2001,MSP,MN,AGL,CE,Combined TRACON& Tower with Radar,630,276,217,3,1126,42,14,0,0,56,672,290,217,3,1182,0,0,0,1182
03/19/2001,MSP,MN,AGL,CE,Combined TRACON& Tower with Radar,702,307,291,9,1309,13,16,12,8,49,715,323,303,17,1358,0,0,0,1358
03/20/2001,MSP,MN,AGL,CE,Combined TRACON& Tower with Radar,707,316,298,9,1330,0,24,0,5,29,707,340,298,14,1359,0,0,0,1359
03/21/2001,MSP,MN,AGL,CE,Combined TRACON& Tower with Radar,754,339,322,10,1425,0,2,22,7,31,754,341,344,17,1456,0,0,0,1456
03/22/2001,MSP,MN,AGL,CE,Combined TRACON& Tower with Radar,740,331,316,6,1393,0,0,32,0,32,740,331,348,6,1425,0,0,0,1425
03/23/2001,MSP,MN,AGL,CE,Combined TRACON& Tower with Radar,740,333,316,7,1396,0,6,44,0,50,740,339,360,7,1446,0,0,0,1446
03/24/2001,MSP,MN,AGL,CE,Combined TRACON& Tower with Radar,666,291,255,2,1214,58,2,0,0,60,724,293,255,2,1274,0,0,0,1274
03/25/2001,MSP,MN,AGL,CE,Combined TRACON& Tower with Radar,671,289,252,2,1214,45,0,0,0,45,716,289,252,2,1259,0,0,0,1259
03/26/2001,MSP,MN,AGL,CE,Combined TRACON& Tower with Radar,712,321,309,9,1351,0,0,52,0,52,712,321,361,9,1403,0,0,0,1403
03/27/2001,MSP,MN,AGL,CE,Combined TRACON& Tower with Radar,785,344,326,10,1465,0,2,27,9,38,785,346,353,19,1503,0,0,0,1503
03/28/2001,MSP,MN,AGL,CE,Combined TRACON& Tower with Radar,797,347,332,10,1486,0,0,9,8,17,797,347,341,18,1503,0,0,0,1503
03/29/2001,MSP,MN,AGL,CE,Combined TRACON& Tower with Radar,807,319,311,10,1447,69,0,0,7,76,876,319,311,17,1523,0,0,0,1523
03/30/2001,MSP,MN,AGL,CE,Combined TRACON& Tower with Radar,827,377,349,3,1556,0,69,0,0,69,827,446,349,3,1625,0,0,0,1625
03/31/2001,MSP,MN,AGL,CE,Combined TRACON& Tower with Radar,666,281,276,1,1224,10,0,23,0,33,676,281,299,1,1257,0,0,0,1257
04/01/2001,MSP,MN,AGL,CE,Combined TRACON& Tower with Radar,734,313,310,1,1358,7,0,43,0,50,741,313,353,1,1408,0,0,0,1408
04/02/2001,MSP,MN,AGL,CE,Combined TRACON& Tower with Radar,732,332,315,2,1381,0,6,30,0,36,732,338,345,2,1417,0,0,0,1417
04/03/2001,MSP,MN,AGL,CE,Combined TRACON& Tower with Radar,808,360,369,12,1549,0,0,96,3,99,808,360,465,15,1648,0,0,0,1648
04/04/2001,MSP,MN,AGL,CE,Combined TRACON& Tower with Radar,787,341,332,12,1472,1,0,13,6,20,788,341,345,18,1492,0,0,0,1492
04/05/2001,MSP,MN,AGL,CE,Combined TRACON& Tower with Radar,773,339,334,12,1458,0,0,32,9,41,773,339,366,21,1499,0,0,0,1499
04/06/2001,MSP,MN,AGL,CE,Combined TRACON& Tower with Radar,768,366,348,11,1493,0,19,39,0,58,768,385,387,11,1551,0,0,0,1551
04/07/2001,MSP,MN,AGL,CE,Combined TRACON& Tower with Radar,573,172,223,3,971,123,0,0,0,123,696,172,223,3,1094,0,0,0,1094
04/08/2001,MSP,MN,AGL,CE,Combined TRACON& Tower with Radar,679,291,254,10,1234,36,0,0,8,44,715,291,254,18,1278,0,0,0,1278
04/09/2001,MSP,MN,AGL,CE,Combined TRACON& Tower with Radar,754,344,327,6,1431,0,2,29,0,31,754,346,356,6,1462,0,0,0,1462
04/10/2001,MSP,MN,AGL,CE,Combined TRACON& Tower with Radar,764,360,343,11,1478,0,12,45,6,63,764,372,388,17,1541,0,0,0,1541
04/11/2001,MSP,MN,AGL,CE,Combined TRACON& Tower with Radar,744,330,318,10,1402,0,0,20,0,20,744,330,338,10,1422,0,0,0,1422
04/12/2001,MSP,MN,AGL,CE,Combined TRACON& Tower with Radar,774,361,343,10,1488,0,12,36,7,55,774,373,379,17,1543,0,0,0,1543
04/13/2001,MSP,MN,AGL,CE,Combined TRACON& Tower with Radar,782,347,326,8,1463,15,17,0,0,32,797,364,326,8,1495,0,0,0,1495
04/14/2001,MSP,MN,AGL,CE,Combined TRACON& Tower with Radar,646,285,251,7,1189,48,2,0,0,50,694,287,251,7,1239,0,0,0,1239
04/15/2001,MSP,MN,AGL,CE,Combined TRACON& Tower with Radar,631,279,218,8,1136,67,8,0,7,82,698,287,218,15,1218,0,0,0,1218
04/16/2001,MSP,MN,AGL,CE,Combined TRACON& Tower with Radar,771,345,330,10,1456,0,2,16,1,19,771,347,346,11,1475,0,0,0,1475
04/17/2001,MSP,MN,AGL,CE,Combined TRACON& Tower with Radar,791,358,343,10,1502,0,15,34,10,59,791,373,377,20,1561,0,0,0,1561
04/18/2001,MSP,MN,AGL,CE,Combined TRACON& Tower with Radar,772,366,351,11,1500,0,9,64,11,84,772,375,415,22,1584,0,0,0,1584
04/19/2001,MSP,MN,AGL,CE,Combined TRACON& Tower with Radar,788,363,347,10,1508,0,6,77,12,95,788,369,424,22,1603,0,0,0,1603
04/20/2001,MSP,MN,AGL,CE,Combined TRACON& Tower with Radar,787,363,347,10,1507,0,10,32,0,42,787,373,379,10,1549,0,0,0,1549
04/21/2001,MSP,MN,AGL,CE,Combined TRACON& Tower with Radar,628,277,220,8,1133,49,11,0,2,62,677,288,220,10,1195,0,0,0,1195
04/22/2001,MSP,MN,AGL,CE,Combined TRACON& Tower with Radar,557,236,202,5,1000,53,0,0,0,53,610,236,202,5,1053,0,0,0,1053
04/23/2001,MSP,MN,AGL,CE,Combined TRACON& Tower with Radar,772,351,336,8,1467,0,3,35,0,38,772,354,371,8,1505,0,0,0,1505
04/24/2001,MSP,MN,AGL,CE,Combined TRACON& Tower with Radar,792,350,335,10,1487,0,25,31,11,67,792,375,366,21,1554,0,0,0,1554
04/25/2001,MSP,MN,AGL,CE,Combined TRACON& Tower with Radar,735,339,325,10,1409,0,11,54,14,79,735,350,379,24,1488,0,0,0,1488
04/26/2001,MSP,MN,AGL,CE,Combined TRACON& Tower with Radar,773,353,338,10,1474,0,12,6,11,29,773,365,344,21,1503,0,0,0,1503
04/27/2001,MSP,MN,AGL,CE,Combined TRACON& Tower with Radar,780,346,331,10,1467,0,20,14,6,40,780,366,345,16,1507,0,0,0,1507
04/28/2001,MSP,MN,AGL,CE,Combined TRACON& Tower with Radar,635,280,246,3,1164,41,14,0,0,55,676,294,246,3,1219,0,0,0,1219
04/29/2001,MSP,MN,AGL,CE,Combined TRACON& Tower with Radar,587,245,215,5,1052,71,0,0,0,71,658,245,215,5,1123,0,0,0,1123
04/30/2001,MSP,MN,AGL,CE,Combined TRACON& Tower with Radar,784,349,331,10,1474,0,47,0,2,49,784,396,331,12,1523,0,0,0,1523
05/01/2001,MSP,MN,AGL,CE,Combined TRACON& Tower with Radar,746,320,332,10,1408,0,0,46,7,53,746,320,378,17,1461,0,0,0,1461
05/02/2001,MSP,MN,AGL,CE,Combined TRACON& Tower with Radar,724,343,330,10,1407,0,8,17,6,31,724,351,347,16,1438,0,0,0,1438
05/03/2001,MSP,MN,AGL,CE,Combined TRACON& Tower with Radar,776,372,355,11,1514,0,4,60,4,68,776,376,415,15,1582,0,0,0,1582
05/04/2001,MSP,MN,AGL,CE,Combined TRACON& Tower with Radar,788,363,348,10,1509,0,10,31,4,45,788,373,379,14,1554,0,0,0,1554
05/05/2001,MSP,MN,AGL,CE,Combined TRACON& Tower with Radar,650,297,258,9,1214,37,11,0,1,49,687,308,258,10,1263,0,0,0,1263
05/06/2001,MSP,MN,AGL,CE,Combined TRACON& Tower with Radar,614,248,242,4,1108,65,0,0,0,65,679,248,242,4,1173,0,0,0,1173
05/07/2001,MSP,MN,AGL,CE,Combined TRACON& Tower with Radar,757,352,336,10,1455,0,2,18,2,22,757,354,354,12,1477,0,0,0,1477
05/08/2001,MSP,MN,AGL,CE,Combined TRACON& Tower with Radar,789,379,363,11,1542,0,7,58,18,83,789,386,421,29,1625,0,0,0,1625
05/09/2001,MSP,MN,AGL,CE,Combined TRACON& Tower with Radar,736,351,337,10,1434,0,0,54,9,63,736,351,391,19,1497,0,0,0,1497
05/10/2001,MSP,MN,AGL,CE,Combined TRACON& Tower with Radar,819,383,367,11,1580,0,1,40,10,51,819,384,407,21,1631,0,0,0,1631
05/11/2001,MSP,MN,AGL,CE,Combined TRACON& Tower with Radar,785,366,351,10,1512,0,8,43,0,51,785,374,394,10,1563,0,0,0,1563
05/12/2001,MSP,MN,AGL,CE,Combined TRACON& Tower with Radar,652,298,270,2,1222,35,8,0,0,43,687,306,270,2,1265,0,0,0,1265
05/13/2001,MSP,MN,AGL,CE,Combined TRACON& Tower with Radar,639,292,224,1,1156,55,1,0,0,56,694,293,224,1,1212,0,0,0,1212
05/14/2001,MSP,MN,AGL,CE,Combined TRACON& Tower with Radar,748,351,337,9,1445,0,3,33,17,53,748,354,370,26,1498,0,0,0,1498
05/15/2001,MSP,MN,AGL,CE,Combined TRACON& Tower with Radar,771,376,360,10,1517,0,7,44,18,69,771,383,404,28,1586,0,0,0,1586
05/16/2001,MSP,MN,AGL,CE,Combined TRACON& Tower with Radar,797,376,361,10,1544,0,1,55,20,76,797,377,416,30,1620,0,0,0,1620
05/17/2001,MSP,MN,AGL,CE,Combined TRACON& Tower with Radar,805,368,354,9,1536,0,6,42,13,61,805,374,396,22,1597,0,0,0,1597
05/18/2001,MSP,MN,AGL,CE,Combined TRACON& Tower with Radar,791,364,350,5,1510,0,12,29,0,41,791,376,379,5,1551,0,0,0,1551
05/19/2001,MSP,MN,AGL,CE,Combined TRACON& Tower with Radar,659,300,288,8,1255,22,6,3,4,35,681,306,291,12,1290,0,0,0,1290
05/20/2001,MSP,MN,AGL,CE,Combined TRACON& Tower with Radar,656,283,262,8,1209,35,0,0,2,37,691,283,262,10,1246,0,0,0,1246
05/21/2001,MSP,MN,AGL,CE,Combined TRACON& Tower with Radar,750,341,328,9,1428,1,9,13,1,24,751,350,341,10,1452,0,0,0,1452
05/22/2001,MSP,MN,AGL,CE,Combined TRACON& Tower with Radar,799,372,358,10,1539,0,17,8,9,34,799,389,366,19,1573,0,0,0,1573
05/23/2001,MSP,MN,AGL,CE,Combined TRACON& Tower with Radar,807,371,360,10,1548,0,0,28,17,45,807,371,388,27,1593,0,0,0,1593
05/24/2001,MSP,MN,AGL,CE,Combined TRACON& Tower with Radar,815,372,364,10,1561,0,0,16,71,87,815,372,380,81,1648,0,0,0,1648
05/25/2001,MSP,MN,AGL,CE,Combined TRACON& Tower with Radar,619,282,261,5,1167,9,3,0,0,12,628,285,261,5,1179,0,0,0,1179
05/26/2001,MSP,MN,AGL,CE,Combined TRACON& Tower with Radar,642,292,235,0,1169,58,14,0,0,72,700,306,235,0,1241,0,0,0,1241
05/27/2001,MSP,MN,AGL,CE,Combined TRACON& Tower with Radar,585,247,218,2,1052,48,0,0,0,48,633,247,218,2,1100,0,0,0,1100
05/28/2001,MSP,MN,AGL,CE,Combined TRACON& Tower with Radar,750,341,328,9,1428,1,9,13,1,24,751,350,341,10,1452,0,0,0,1452
05/29/2001,MSP,MN,AGL,CE,Combined TRACON& Tower with Radar,774,356,343,9,1482,0,4,32,10,46,774,360,375,19,1528,0,0,0,1528
05/30/2001,MSP,MN,AGL,CE,Combined TRACON& Tower with Radar,800,369,355,9,1533,0,3,37,3,43,800,372,392,12,1576,0,0,0,1576
05/31/2001,MSP,MN,AGL,CE,Combined TRACON& Tower with Radar,802,370,356,10,1538,0,5,11,14,30,802,375,367,24,1568,0,0,0,1568
06/01/2001,MSP,MN,AGL,CE,Combined TRACON& Tower with Radar,798,358,333,10,1499,0,20,12,0,32,798,378,345,10,1531,0,0,0,1531
06/02/2001,MSP,MN,AGL,CE,Combined TRACON& Tower with Radar,697,309,261,9,1276,44,0,0,7,51,741,309,261,16,1327,0,0,0,1327
06/03/2001,MSP,MN,AGL,CE,Combined TRACON& Tower with Radar,727,319,301,10,1357,0,0,0,2,2,727,319,301,12,1359,0,0,0,1359
06/04/2001,MSP,MN,AGL,CE,Combined TRACON& Tower with Radar,784,353,330,9,1476,0,0,45,0,45,784,353,375,9,1521,0,0,0,1521
06/05/2001,MSP,MN,AGL,CE,Combined TRACON& Tower with Radar,793,370,344,11,1518,0,0,45,6,51,793,370,389,17,1569,0,0,0,1569
06/06/2001,MSP,MN,AGL,CE,Combined TRACON& Tower with Radar,797,370,344,11,1522,0,6,41,8,55,797,376,385,19,1577,0,0,0,1577
06/07/2001,MSP,MN,AGL,CE,Combined TRACON& Tower with Radar,817,373,348,11,1549,0,5,35,9,49,817,378,383,20,1598,0,0,0,1598
06/08/2001,MSP,MN,AGL,CE,Combined TRACON& Tower with Radar,821,373,348,11,1553,0,0,37,9,46,821,373,385,20,1599,0,0,0,1599
06/09/2001,MSP,MN,AGL,CE,Combined TRACON& Tower with Radar,665,295,239,5,1204,50,0,0,0,50,715,295,239,5,1254,0,0,0,1254
06/10/2001,MSP,MN,AGL,CE,Combined TRACON& Tower with Radar,753,310,282,7,1352,0,0,0,0,0,753,310,282,7,1352,0,0,0,1352
06/11/2001,MSP,MN,AGL,CE,Combined TRACON& Tower with Radar,652,303,283,7,1245,0,1,59,0,60,652,304,342,7,1305,0,0,0,1305
06/12/2001,MSP,MN,AGL,CE,Combined TRACON& Tower with Radar,820,386,360,11,1577,0,12,69,1,82,820,398,429,12,1659,0,0,0,1659
06/13/2001,MSP,MN,AGL,CE,Combined TRACON& Tower with Radar,486,332,317,6,1141,0,0,295,0,295,486,332,612,6,1436,0,0,0,1436
06/14/2001,MSP,MN,AGL,CE,Combined TRACON& Tower with Radar,463,330,308,10,1111,0,12,393,2,407,463,342,701,12,1518,0,0,0,1518
06/15/2001,MSP,MN,AGL,CE,Combined TRACON& Tower with Radar,417,330,312,5,1064,0,0,296,0,296,417,330,608,5,1360,0,0,0,1360
06/16/2001,MSP,MN,AGL,CE,Combined TRACON& Tower with Radar,711,294,295,3,1303,45,0,35,0,80,756,294,330,3,1383,0,0,0,1383
06/17/2001,MSP,MN,AGL,CE,Combined TRACON& Tower with Radar,711,303,262,7,1283,42,0,0,0,42,753,303,262,7,1325,0,0,0,1325
06/18/2001,MSP,MN,AGL,CE,Combined TRACON& Tower with Radar,790,350,323,5,1468,21,1,0,0,22,811,351,323,5,1490,0,0,0,1490
06/19/2001,MSP,MN,AGL,CE,Combined TRACON& Tower with Radar,822,376,351,10,1559,0,9,45,3,57,822,385,396,13,1616,0,0,0,1616
06/20/2001,MSP,MN,AGL,CE,Combined TRACON& Tower with Radar,788,368,345,10,1511,0,16,63,4,83,788,384,408,14,1594,0,0,0,1594
06/21/2001,MSP,MN,AGL,CE,Combined TRACON& Tower with Radar,814,376,351,10,1551,0,5,58,9,72,814,381,409,19,1623,0,0,0,1623
06/22/2001,MSP,MN,AGL,CE,Combined TRACON& Tower with Radar,817,367,343,10,1537,0,11,22,2,35,817,378,365,12,1572,0,0,0,1572
06/23/2001,MSP,MN,AGL,CE,Combined TRACON& Tower with Radar,693,302,250,8,1253,67,0,0,0,67,760,302,250,8,1320,0,0,0,1320
06/24/2001,MSP,MN,AGL,CE,Combined TRACON& Tower with Radar,699,308,258,2,1267,67,0,0,0,67,766,308,258,2,1334,0,0,0,1334
06/25/2001,MSP,MN,AGL,CE,Combined TRACON& Tower with Radar,802,355,333,9,1499,0,0,42,2,44,802,355,375,11,1543,0,0,0,1543
06/26/2001,MSP,MN,AGL,CE,Combined TRACON& Tower with Radar,835,372,358,10,1575,0,0,69,0,69,835,372,427,10,1644,0,0,0,1644
06/27/2001,MSP,MN,AGL,CE,Combined TRACON& Tower with Radar,820,366,356,10,1552,0,0,73,11,84,820,366,429,21,1636,0,0,0,1636
06/28/2001,MSP,MN,AGL,CE,Combined TRACON& Tower with Radar,833,375,355,10,1573,0,0,54,5,59,833,375,409,15,1632,0,0,0,1632
06/29/2001,MSP,MN,AGL,CE,Combined TRACON& Tower with Radar,768,341,296,9,1414,10,6,0,1,17,778,347,296,10,1431,0,0,0,1431
06/30/2001,MSP,MN,AGL,CE,Combined TRACON& Tower with Radar,712,306,265,6,1289,66,0,0,0,66,778,306,265,6,1355,0,0,0,1355
07/01/2001,MSP,MN,AGL,CE,Combined TRACON& Tower with Radar,696,278,260,5,1239,19,28,0,0,47,715,306,260,5,1286,0,0,0,1286
07/02/2001,MSP,MN,AGL,CE,Combined TRACON& Tower with Radar,815,326,297,1,1439,13,19,0,0,32,828,345,297,1,1471,0,0,0,1471
07/03/2001,MSP,MN,AGL,CE,Combined TRACON& Tower with Radar,827,335,328,2,1492,0,29,39,0,68,827,364,367,2,1560,0,0,0,1560
07/04/2001,MSP,MN,AGL,CE,Combined TRACON& Tower with Radar,685,274,239,0,1198,46,26,0,0,72,731,300,239,0,1270,0,0,0,1270
07/05/2001,MSP,MN,AGL,CE,Combined TRACON& Tower with Radar,754,316,308,4,1382,0,24,61,0,85,754,340,369,4,1467,0,0,0,1467
07/06/2001,MSP,MN,AGL,CE,Combined TRACON& Tower with Radar,841,337,301,2,1481,10,15,0,0,25,851,352,301,2,1506,0,0,0,1506
07/07/2001,MSP,MN,AGL,CE,Combined TRACON& Tower with Radar,733,294,263,3,1293,68,9,0,0,77,801,303,263,3,1370,0,0,0,1370
07/08/2001,MSP,MN,AGL,CE,Combined TRACON& Tower with Radar,744,298,268,1,1311,24,9,0,0,33,768,307,268,1,1344,0,0,0,1344
07/09/2001,MSP,MN,AGL,CE,Combined TRACON& Tower with Radar,832,339,332,7,1510,0,0,41,0,41,832,339,373,7,1551,0,0,0,1551
07/10/2001,MSP,MN,AGL,CE,Combined TRACON& Tower with Radar,783,322,316,10,1431,0,0,60,5,65,783,322,376,15,1496,0,0,0,1496
07/11/2001,MSP,MN,AGL,CE,Combined TRACON& Tower with Radar,854,344,348,11,1557,0,0,68,1,69,854,344,416,12,1626,0,0,0,1626
07/12/2001,MSP,MN,AGL,CE,Combined TRACON& Tower with Radar,856,342,352,11,1561,0,0,85,8,93,856,342,437,19,1654,0,0,0,1654
07/13/2001,MSP,MN,AGL,CE,Combined TRACON& Tower with Radar,860,339,337,10,1546,3,0,42,4,49,863,339,379,14,1595,0,0,0,1595
07/14/2001,MSP,MN,AGL,CE,Combined TRACON& Tower with Radar,737,290,272,7,1306,68,0,0,0,68,805,290,272,7,1374,0,0,0,1374
07/15/2001,MSP,MN,AGL,CE,Combined TRACON& Tower with Radar,740,297,289,9,1335,44,7,7,7,65,784,304,296,16,1400,0,0,0,1400
07/16/2001,MSP,MN,AGL,CE,Combined TRACON& Tower with Radar,828,334,326,10,1498,0,3,30,4,37,828,337,356,14,1535,0,0,0,1535
07/17/2001,MSP,MN,AGL,CE,Combined TRACON& Tower with Radar,840,340,337,10,1527,0,0,40,4,44,840,340,377,14,1571,0,0,0,1571
07/18/2001,MSP,MN,AGL,CE,Combined TRACON& Tower with Radar,854,327,342,10,1533,0,0,44,7,51,854,327,386,17,1584,0,0,0,1584
07/19/2001,MSP,MN,AGL,CE,Combined TRACON& Tower with Radar,854,346,347,7,1554,0,0,68,0,68,854,346,415,7,1622,0,0,0,1622
07/20/2001,MSP,MN,AGL,CE,Combined TRACON& Tower with Radar,793,325,318,9,1445,0,0,42,1,43,793,325,360,10,1488,0,0,0,1488
07/21/2001,MSP,MN,AGL,CE,Combined TRACON& Tower with Radar,738,294,272,7,1311,63,0,0,0,63,801,294,272,7,1374,0,0,0,1374
07/22/2001,MSP,MN,AGL,CE,Combined TRACON& Tower with Radar,732,292,256,8,1288,25,6,0,0,31,757,298,256,8,1319,0,0,0,1319
07/23/2001,MSP,MN,AGL,CE,Combined TRACON& Tower with Radar,820,334,327,7,1488,0,4,37,0,41,820,338,364,7,1529,0,0,0,1529
07/24/2001,MSP,MN,AGL,CE,Combined TRACON& Tower with Radar,857,343,351,10,1561,0,0,85,10,95,857,343,436,20,1656,0,0,0,1656
07/25/2001,MSP,MN,AGL,CE,Combined TRACON& Tower with Radar,845,340,342,10,1537,0,0,42,3,45,845,340,384,13,1582,0,0,0,1582
07/26/2001,MSP,MN,AGL,CE,Combined TRACON& Tower with Radar,801,325,334,9,1469,0,0,59,14,73,801,325,393,23,1542,0,0,0,1542
07/27/2001,MSP,MN,AGL,CE,Combined TRACON& Tower with Radar,839,341,334,9,1523,0,6,30,3,39,839,347,364,12,1562,0,0,0,1562
07/28/2001,MSP,MN,AGL,CE,Combined TRACON& Tower with Radar,763,292,297,8,1360,43,0,0,2,45,806,292,297,10,1405,0,0,0,1405
07/29/2001,MSP,MN,AGL,CE,Combined TRACON& Tower with Radar,759,305,258,9,1331,0,0,0,0,0,759,305,258,9,1331,0,0,0,1331
07/30/2001,MSP,MN,AGL,CE,Combined TRACON& Tower with Radar,838,333,328,9,1508,10,0,20,3,33,848,333,348,12,1541,0,0,0,1541
07/31/2001,MSP,MN,AGL,CE,Combined TRACON& Tower with Radar,857,340,340,10,1547,0,0,28,4,32,857,340,368,14,1579,0,0,0,1579
08/01/2001,MSP,MN,AGL,CE,Combined TRACON& Tower with Radar,857,346,356,12,1571,0,0,24,9,33,857,346,380,21,1604,0,0,0,1604
08/02/2001,MSP,MN,AGL,CE,Combined TRACON& Tower with Radar,832,344,358,12,1546,0,0,67,0,67,832,344,425,12,1613,0,0,0,1613
08/03/2001,MSP,MN,AGL,CE,Combined TRACON& Tower with Radar,870,348,358,12,1588,4,0,15,0,19,874,348,373,12,1607,0,0,0,1607
08/04/2001,MSP,MN,AGL,CE,Combined TRACON& Tower with Radar,703,280,241,10,1234,68,0,0,2,70,771,280,241,12,1304,0,0,0,1304
08/05/2001,MSP,MN,AGL,CE,Combined TRACON& Tower with Radar,759,304,306,6,1375,41,2,0,0,43,800,306,306,6,1418,0,0,0,1418
08/06/2001,MSP,MN,AGL,CE,Combined TRACON& Tower with Radar,828,336,344,5,1513,0,17,39,0,56,828,353,383,5,1569,0,0,0,1569
08/07/2001,MSP,MN,AGL,CE,Combined TRACON& Tower with Radar,845,351,359,12,1567,0,0,43,9,52,845,351,402,21,1619,0,0,0,1619
08/08/2001,MSP,MN,AGL,CE,Combined TRACON& Tower with Radar,858,349,358,12,1577,0,0,35,9,44,858,349,393,21,1621,0,0,0,1621
08/09/2001,MSP,MN,AGL,CE,Combined TRACON& Tower with Radar,822,340,354,12,1528,0,0,73,4,77,822,340,427,16,1605,0,0,0,1605
08/10/2001,MSP,MN,AGL,CE,Combined TRACON& Tower with Radar,809,335,343,8,1495,0,3,77,0,80,809,338,420,8,1575,0,0,0,1575
08/11/2001,MSP,MN,AGL,CE,Combined TRACON& Tower with Radar,733,295,253,0,1281,66,1,0,0,67,799,296,253,0,1348,0,0,0,1348
08/12/2001,MSP,MN,AGL,CE,Combined TRACON& Tower with Radar,752,303,306,2,1363,17,0,0,0,17,769,303,306,2,1380,0,0,0,1380
08/13/2001,MSP,MN,AGL,CE,Combined TRACON& Tower with Radar,829,342,351,9,1531,0,0,49,0,49,829,342,400,9,1580,0,0,0,1580
08/14/2001,MSP,MN,AGL,CE,Combined TRACON& Tower with Radar,858,345,354,11,1568,0,0,31,4,35,858,345,385,15,1603,0,0,0,1603
08/15/2001,MSP,MN,AGL,CE,Combined TRACON& Tower with Radar,857,330,353,9,1549,0,0,23,0,23,857,330,376,9,1572,0,0,0,1572
08/16/2001,MSP,MN,AGL,CE,Combined TRACON& Tower with Radar,850,341,350,11,1552,11,4,32,5,52,861,345,382,16,1604,0,0,0,1604
08/17/2001,MSP,MN,AGL,CE,Combined TRACON& Tower with Radar,846,344,353,11,1554,0,7,49,6,62,846,351,402,17,1616,0,0,0,1616
08/18/2001,MSP,MN,AGL,CE,Combined TRACON& Tower with Radar,756,295,312,9,1372,40,0,0,4,44,796,295,312,13,1416,0,0,0,1416
08/19/2001,MSP,MN,AGL,CE,Combined TRACON& Tower with Radar,758,303,277,9,1347,32,2,0,0,34,790,305,277,9,1381,0,0,0,1381
08/20/2001,MSP,MN,AGL,CE,Combined TRACON& Tower with Radar,836,335,344,11,1526,3,3,21,3,30,839,338,365,14,1556,0,0,0,1556
08/21/2001,MSP,MN,AGL,CE,Combined TRACON& Tower with Radar,845,339,348,5,1537,4,16,23,0,43,849,355,371,5,1580,0,0,0,1580
08/22/2001,MSP,MN,AGL,CE,Combined TRACON& Tower with Radar,811,340,349,11,1511,0,7,54,6,67,811,347,403,17,1578,0,0,0,1578
08/23/2001,MSP,MN,AGL,CE,Combined TRACON& Tower with Radar,813,333,346,11,1503,0,0,50,12,62,813,333,396,23,1565,0,0,0,1565
08/24/2001,MSP,MN,AGL,CE,Combined TRACON& Tower with Radar,802,327,340,8,1477,0,0,38,0,38,802,327,378,8,1515,0,0,0,1515
08/25/2001,MSP,MN,AGL,CE,Combined TRACON& Tower with Radar,690,276,284,4,1254,31,11,2,0,44,721,287,286,4,1298,0,0,0,1298
08/26/2001,MSP,MN,AGL,CE,Combined TRACON& Tower with Radar,741,298,277,2,1318,31,6,0,0,37,772,304,277,2,1355,0,0,0,1355
08/27/2001,MSP,MN,AGL,CE,Combined TRACON& Tower with Radar,825,332,340,10,1507,0,10,27,0,37,825,342,367,10,1544,0,0,0,1544
08/28/2001,MSP,MN,AGL,CE,Combined TRACON& Tower with Radar,830,347,354,11,1542,0,2,40,9,51,830,349,394,20,1593,0,0,0,1593
08/29/2001,MSP,MN,AGL,CE,Combined TRACON& Tower with Radar,833,335,342,10,1520,0,1,2,12,15,833,336,344,22,1535,0,0,0,1535
08/30/2001,MSP,MN,AGL,CE,Combined TRACON& Tower with Radar,851,346,355,11,1563,0,0,29,2,31,851,346,384,13,1594,0,0,0,1594
08/31/2001,MSP,MN,AGL,CE,Combined TRACON& Tower with Radar,818,340,348,1,1507,0,0,27,0,27,818,340,375,1,1534,0,0,0,1534
09/01/2001,MSP,MN,AGL,CE,Combined TRACON& Tower with Radar,640,262,220,0,1122,30,33,0,0,63,670,295,220,0,1185,0,0,0,1185
09/02/2001,MSP,MN,AGL,CE,Combined TRACON& Tower with Radar,564,232,208,1,1005,64,11,0,0,75,628,243,208,1,1080,0,0,0,1080
09/03/2001,MSP,MN,AGL,CE,Combined TRACON& Tower with Radar,668,274,263,0,1205,44,31,0,0,75,712,305,263,0,1280,0,0,0,1280
09/04/2001,MSP,MN,AGL,CE,Combined TRACON& Tower with Radar,762,313,307,12,1394,21,13,0,2,36,783,326,307,14,1430,0,0,0,1430
09/05/2001,MSP,MN,AGL,CE,Combined TRACON& Tower with Radar,773,317,325,12,1427,28,13,0,6,47,801,330,325,18,1474,0,0,0,1474
09/06/2001,MSP,MN,AGL,CE,Combined TRACON& Tower with Radar,506,326,341,13,1186,0,6,305,6,317,506,332,646,19,1503,0,0,0,1503
09/07/2001,MSP,MN,AGL,CE,Combined TRACON& Tower with Radar,459,302,316,7,1084,0,7,297,0,304,459,309,613,7,1388,0,0,0,1388
09/08/2001,MSP,MN,AGL,CE,Combined TRACON& Tower with Radar,434,278,293,9,1014,0,0,286,0,286,434,278,579,9,1300,0,0,0,1300
09/09/2001,MSP,MN,AGL,CE,Combined TRACON& Tower with Radar,414,279,291,1,985,0,9,308,0,317,414,288,599,1,1302,0,0,0,1302
09/10/2001,MSP,MN,AGL,CE,Combined TRACON& Tower with Radar,454,332,347,11,1144,0,14,370,0,384,454,346,717,11,1528,0,0,0,1528
09/11/2001,MSP,MN,AGL,CE,Combined TRACON& Tower with Radar,84,48,58,0,190,0,0,60,0,60,84,48,118,0,250,0,0,0,250
09/12/2001,MSP,MN,AGL,CE,Combined TRACON& Tower with Radar,0,0,1,0,1,0,0,13,0,13,0,0,14,0,14,0,0,0,14
09/13/2001,MSP,MN,AGL,CE,Combined TRACON& Tower with Radar,43,16,42,2,103,0,0,70,12,82,43,16,112,14,185,0,0,0,185
09/14/2001,MSP,MN,AGL,CE,Combined TRACON& Tower with Radar,270,206,215,8,699,0,25,207,2,234,270,231,422,10,933,0,0,0,933
09/15/2001,MSP,MN,AGL,CE,Combined TRACON& Tower with Radar,328,227,237,9,801,0,37,186,9,232,328,264,423,18,1033,0,0,0,1033
09/16/2001,MSP,MN,AGL,CE,Combined TRACON& Tower with Radar,341,236,248,2,827,0,46,224,0,270,341,282,472,2,1097,0,0,0,1097
09/17/2001,MSP,MN,AGL,CE,Combined TRACON& Tower with Radar,409,291,304,10,1014,0,34,218,2,254,409,325,522,12,1268,0,0,0,1268
09/18/2001,MSP,MN,AGL,CE,Combined TRACON& Tower with Radar,393,300,314,11,1018,0,27,214,13,254,393,327,528,24,1272,0,0,0,1272
09/19/2001,MSP,MN,AGL,CE,Combined TRACON& Tower with Radar,429,283,309,11,1032,0,0,291,6,297,429,283,600,17,1329,0,0,0,1329
09/20/2001,MSP,MN,AGL,CE,Combined TRACON& Tower with Radar,411,234,279,10,934,0,0,263,10,273,411,234,542,20,1207,0,0,0,1207
09/21/2001,MSP,MN,AGL,CE,Combined TRACON& Tower with Radar,451,290,323,11,1075,0,0,271,0,271,451,290,594,11,1346,0,0,0,1346
09/22/2001,MSP,MN,AGL,CE,Combined TRACON& Tower with Radar,383,235,247,8,873,0,7,221,8,236,383,242,468,16,1109,0,0,0,1109
09/23/2001,MSP,MN,AGL,CE,Combined TRACON& Tower with Radar,383,242,254,9,888,0,0,206,7,213,383,242,460,16,1101,0,0,0,1101
09/24/2001,MSP,MN,AGL,CE,Combined TRACON& Tower with Radar,409,279,300,10,998,0,0,306,3,309,409,279,606,13,1307,0,0,0,1307
09/25/2001,MSP,MN,AGL,CE,Combined TRACON& Tower with Radar,407,268,282,10,967,0,20,368,7,395,407,288,650,17,1362,0,0,0,1362
09/26/2001,MSP,MN,AGL,CE,Combined TRACON& Tower with Radar,415,281,305,9,1010,0,0,324,0,324,415,281,629,9,1334,0,0,0,1334
09/27/2001,MSP,MN,AGL,CE,Combined TRACON& Tower with Radar,419,283,302,10,1014,0,0,298,5,303,419,283,600,15,1317,0,0,0,1317
09/28/2001,MSP,MN,AGL,CE,Combined TRACON& Tower with Radar,428,278,294,8,1008,0,0,278,0,278,428,278,572,8,1286,0,0,0,1286
09/29/2001,MSP,MN,AGL,CE,Combined TRACON& Tower with Radar,621,253,124,4,1002,19,77,0,0,96,640,330,124,4,1098,0,0,0,1098
09/30/2001,MSP,MN,AGL,CE,Combined TRACON& Tower with Radar,414,259,273,1,947,0,29,326,0,355,414,288,599,1,1302,0,0,0,1302
10/01/2001,MSP,MN,AGL,CE,Combined TRACON& Tower with Radar,945,150,76,11,1182,93,0,0,0,93,1038,150,76,11,1275,0,0,0,1275
10/02/2001,MSP,MN,AGL,CE,Combined TRACON& Tower with Radar,848,198,227,11,1284,0,42,0,7,49,848,240,227,18,1333,0,0,0,1333
10/03/2001,MSP,MN,AGL,CE,Combined TRACON& Tower with Radar,861,199,225,11,1296,0,60,0,5,65,861,259,225,16,1361,0,0,0,1361
10/04/2001,MSP,MN,AGL,CE,Combined TRACON& Tower with Radar,881,201,235,11,1328,0,39,4,5,48,881,240,239,16,1376,0,0,0,1376
10/05/2001,MSP,MN,AGL,CE,Combined TRACON& Tower with Radar,898,203,238,7,1346,0,35,0,0,35,898,238,238,7,1381,0,0,0,1381
10/06/2001,MSP,MN,AGL,CE,Combined TRACON& Tower with Radar,722,163,187,1,1073,87,42,0,0,129,809,205,187,1,1202,0,0,0,1202
10/07/2001,MSP,MN,AGL,CE,Combined TRACON& Tower with Radar,771,174,195,0,1140,14,9,0,0,23,785,183,195,0,1163,0,0,0,1163
10/08/2001,MSP,MN,AGL,CE,Combined TRACON& Tower with Radar,836,191,223,0,1250,0,17,3,0,20,836,208,226,0,1270,0,0,0,1270
10/09/2001,MSP,MN,AGL,CE,Combined TRACON& Tower with Radar,881,202,237,12,1332,0,28,2,5,35,881,230,239,17,1367,0,0,0,1367
10/10/2001,MSP,MN,AGL,CE,Combined TRACON& Tower with Radar,909,210,220,12,1351,0,30,0,35,65,909,240,220,47,1416,0,0,0,1416
10/11/2001,MSP,MN,AGL,CE,Combined TRACON& Tower with Radar,848,206,241,12,1307,0,51,22,4,77,848,257,263,16,1384,0,0,0,1384
10/12/2001,MSP,MN,AGL,CE,Combined TRACON& Tower with Radar,890,204,225,7,1326,0,51,0,0,51,890,255,225,7,1377,0,0,0,1377
10/13/2001,MSP,MN,AGL,CE,Combined TRACON& Tower with Radar,716,162,160,3,1041,54,6,0,0,60,770,168,160,3,1101,0,0,0,1101
10/14/2001,MSP,MN,AGL,CE,Combined TRACON& Tower with Radar,769,173,169,10,1121,45,3,0,1,49,814,176,169,11,1170,0,0,0,1170
10/15/2001,MSP,MN,AGL,CE,Combined TRACON& Tower with Radar,867,194,179,11,1251,0,58,0,5,63,867,252,179,16,1314,0,0,0,1314
10/16/2001,MSP,MN,AGL,CE,Combined TRACON& Tower with Radar,871,202,236,11,1320,0,45,0,5,50,871,247,236,16,1370,0,0,0,1370
10/17/2001,MSP,MN,AGL,CE,Combined TRACON& Tower with Radar,874,202,234,11,1321,0,50,0,6,56,874,252,234,17,1377,0,0,0,1377
10/18/2001,MSP,MN,AGL,CE,Combined TRACON& Tower with Radar,897,207,228,9,1341,0,50,0,0,50,897,257,228,9,1391,0,0,0,1391
10/19/2001,MSP,MN,AGL,CE,Combined TRACON& Tower with Radar,875,199,234,3,1311,0,45,0,0,45,875,244,234,3,1356,0,0,0,1356
10/20/2001,MSP,MN,AGL,CE,Combined TRACON& Tower with Radar,709,159,162,8,1038,61,11,0,1,73,770,170,162,9,1111,0,0,0,1111
10/21/2001,MSP,MN,AGL,CE,Combined TRACON& Tower with Radar,760,169,164,0,1093,57,6,0,0,63,817,175,164,0,1156,0,0,0,1156
10/22/2001,MSP,MN,AGL,CE,Combined TRACON& Tower with Radar,849,190,184,10,1233,8,20,0,3,31,857,210,184,13,1264,0,0,0,1264
10/23/2001,MSP,MN,AGL,CE,Combined TRACON& Tower with Radar,880,202,239,10,1331,0,38,10,14,62,880,240,249,24,1393,0,0,0,1393
10/24/2001,MSP,MN,AGL,CE,Combined TRACON& Tower with Radar,867,196,210,10,1283,0,49,0,12,61,867,245,210,22,1344,0,0,0,1344
10/25/2001,MSP,MN,AGL,CE,Combined TRACON& Tower with Radar,892,200,194,3,1289,4,52,0,0,56,896,252,194,3,1345,0,0,0,1345
10/26/2001,MSP,MN,AGL,CE,Combined TRACON& Tower with Radar,861,193,213,7,1274,10,53,0,0,63,871,246,213,7,1337,0,0,0,1337
10/27/2001,MSP,MN,AGL,CE,Combined TRACON& Tower with Radar,747,167,198,8,1120,12,6,51,0,69,759,173,249,8,1189,0,0,0,1189
10/28/2001,MSP,MN,AGL,CE,Combined TRACON& Tower with Radar,726,162,166,0,1054,62,3,0,0,65,788,165,166,0,1119,0,0,0,1119
10/29/2001,MSP,MN,AGL,CE,Combined TRACON& Tower with Radar,861,193,228,10,1292,30,32,11,0,73,891,225,239,10,1365,0,0,0,1365
10/30/2001,MSP,MN,AGL,CE,Combined TRACON& Tower with Radar,872,202,236,10,1320,0,37,3,4,44,872,239,239,14,1364,0,0,0,1364
10/31/2001,MSP,MN,AGL,CE,Combined TRACON& Tower with Radar,855,200,235,10,1300,0,55,23,6,84,855,255,258,16,1384,0,0,0,1384
11/01/2001,MSP,MN,AGL,CE,Combined TRACON& Tower with Radar,879,217,179,11,1286,0,22,47,6,75,879,239,226,17,1361,0,0,0,1361
11/02/2001,MSP,MN,AGL,CE,Combined TRACON& Tower with Radar,899,217,176,7,1299,0,9,63,0,72,899,226,239,7,1371,0,0,0,1371
11/03/2001,MSP,MN,AGL,CE,Combined TRACON& Tower with Radar,730,166,130,6,1032,73,0,0,0,73,803,166,130,6,1105,0,0,0,1105
11/04/2001,MSP,MN,AGL,CE,Combined TRACON& Tower with Radar,773,163,148,7,1091,34,0,48,0,82,807,163,196,7,1173,0,0,0,1173
11/05/2001,MSP,MN,AGL,CE,Combined TRACON& Tower with Radar,858,208,170,7,1243,0,21,30,0,51,858,229,200,7,1294,0,0,0,1294
11/06/2001,MSP,MN,AGL,CE,Combined TRACON& Tower with Radar,903,231,188,11,1333,0,34,103,1,138,903,265,291,12,1471,0,0,0,1471
11/07/2001,MSP,MN,AGL,CE,Combined TRACON& Tower with Radar,939,222,181,11,1353,4,6,80,8,98,943,228,261,19,1451,0,0,0,1451
11/08/2001,MSP,MN,AGL,CE,Combined TRACON& Tower with Radar,914,219,179,11,1323,0,16,47,4,67,914,235,226,15,1390,0,0,0,1390
11/09/2001,MSP,MN,AGL,CE,Combined TRACON& Tower with Radar,895,215,176,7,1293,0,6,51,0,57,895,221,227,7,1350,0,0,0,1350
11/10/2001,MSP,MN,AGL,CE,Combined TRACON& Tower with Radar,746,159,138,4,1047,58,0,0,0,58,804,159,138,4,1105,0,0,0,1105
11/11/2001,MSP,MN,AGL,CE,Combined TRACON& Tower with Radar,747,151,135,0,1033,55,0,0,0,55,802,151,135,0,1088,0,0,0,1088
11/12/2001,MSP,MN,AGL,CE,Combined TRACON& Tower with Radar,866,209,171,4,1250,0,1,68,0,69,866,210,239,4,1319,0,0,0,1319
11/13/2001,MSP,MN,AGL,CE,Combined TRACON& Tower with Radar,894,218,179,11,1302,0,7,36,9,52,894,225,215,20,1354,0,0,0,1354
11/14/2001,MSP,MN,AGL,CE,Combined TRACON& Tower with Radar,879,218,179,10,1286,0,38,10,13,61,879,256,189,23,1347,0,0,0,1347
11/15/2001,MSP,MN,AGL,CE,Combined TRACON& Tower with Radar,889,229,188,8,1314,0,39,40,0,79,889,268,228,8,1393,0,0,0,1393
11/16/2001,MSP,MN,AGL,CE,Combined TRACON& Tower with Radar,884,218,179,10,1291,0,0,95,0,95,884,218,274,10,1386,0,0,0,1386
11/17/2001,MSP,MN,AGL,CE,Combined TRACON& Tower with Radar,770,161,136,8,1075,44,0,0,3,47,814,161,136,11,1122,0,0,0,1122
11/18/2001,MSP,MN,AGL,CE,Combined TRACON& Tower with Radar,723,160,121,8,1012,47,0,0,7,54,770,160,121,15,1066,0,0,0,1066
11/19/2001,MSP,MN,AGL,CE,Combined TRACON& Tower with Radar,867,206,170,9,1252,0,2,21,12,35,867,208,191,21,1287,0,0,0,1287
11/20/2001,MSP,MN,AGL,CE,Combined TRACON& Tower with Radar,909,229,188,10,1336,0,13,55,4,72,909,242,243,14,1408,0,0,0,1408
11/21/2001,MSP,MN,AGL,CE,Combined TRACON& Tower with Radar,895,211,175,10,1291,0,0,42,0,42,895,211,217,10,1333,0,0,0,1333
11/22/2001,MSP,MN,AGL,CE,Combined TRACON& Tower with Radar,705,144,99,0,948,84,0,0,0,84,789,144,99,0,1032,0,0,0,1032
11/23/2001,MSP,MN,AGL,CE,Combined TRACON& Tower with Radar,718,153,126,6,1003,21,0,0,0,21,739,153,126,6,1024,0,0,0,1024
11/24/2001,MSP,MN,AGL,CE,Combined TRACON& Tower with Radar,708,140,82,2,932,94,0,0,0,94,802,140,82,2,1026,0,0,0,1026
11/25/2001,MSP,MN,AGL,CE,Combined TRACON& Tower with Radar,775,156,150,1,1082,35,0,5,0,40,810,156,155,1,1122,0,0,0,1122
11/26/2001,MSP,MN,AGL,CE,Combined TRACON& Tower with Radar,727,131,136,3,997,61,0,0,0,61,788,131,136,3,1058,0,0,0,1058
11/27/2001,MSP,MN,AGL,CE,Combined TRACON& Tower with Radar,858,206,170,7,1241,0,18,25,0,43,858,224,195,7,1284,0,0,0,1284
11/28/2001,MSP,MN,AGL,CE,Combined TRACON& Tower with Radar,899,217,179,10,1305,0,45,5,0,50,899,262,184,10,1355,0,0,0,1355
11/29/2001,MSP,MN,AGL,CE,Combined TRACON& Tower with Radar,885,215,176,10,1286,0,10,13,8,31,885,225,189,18,1317,0,0,0,1317
11/30/2001,MSP,MN,AGL,CE,Combined TRACON& Tower with Radar,880,211,170,9,1270,0,21,0,9,30,880,232,170,18,1300,0,0,0,1300
12/01/2001,MSP,MN,AGL,CE,Combined TRACON& Tower with Radar,740,161,96,2,999,41,0,0,0,41,781,161,96,2,1040,0,0,0,1040
12/02/2001,MSP,MN,AGL,CE,Combined TRACON& Tower with Radar,775,146,128,7,1056,18,0,23,4,45,793,146,151,11,1101,0,0,0,1101
12/03/2001,MSP,MN,AGL,CE,Combined TRACON& Tower with Radar,840,190,146,8,1184,0,0,77,4,81,840,190,223,12,1265,0,0,0,1265
12/04/2001,MSP,MN,AGL,CE,Combined TRACON& Tower with Radar,862,207,155,8,1232,0,19,47,13,79,862,226,202,21,1311,0,0,0,1311
12/05/2001,MSP,MN,AGL,CE,Combined TRACON& Tower with Radar,918,207,153,8,1286,0,12,15,11,38,918,219,168,19,1324,0,0,0,1324
12/06/2001,MSP,MN,AGL,CE,Combined TRACON& Tower with Radar,913,212,156,9,1290,0,17,75,9,101,913,229,231,18,1391,0,0,0,1391
12/07/2001,MSP,MN,AGL,CE,Combined TRACON& Tower with Radar,899,201,148,5,1253,0,4,57,0,61,899,205,205,5,1314,0,0,0,1314
12/08/2001,MSP,MN,AGL,CE,Combined TRACON& Tower with Radar,774,156,120,7,1057,30,0,0,3,33,804,156,120,10,1090,0,0,0,1090
12/09/2001,MSP,MN,AGL,CE,Combined TRACON& Tower with Radar,809,162,134,3,1108,0,0,37,0,37,809,162,171,3,1145,0,0,0,1145
12/10/2001,MSP,MN,AGL,CE,Combined TRACON& Tower with Radar,860,197,145,8,1210,0,3,55,11,69,860,200,200,19,1279,0,0,0,1279
12/11/2001,MSP,MN,AGL,CE,Combined TRACON& Tower with Radar,859,206,153,8,1226,0,32,104,3,139,859,238,257,11,1365,0,0,0,1365
12/12/2001,MSP,MN,AGL,CE,Combined TRACON& Tower with Radar,882,206,152,8,1248,0,25,58,7,90,882,231,210,15,1338,0,0,0,1338
12/13/2001,MSP,MN,AGL,CE,Combined TRACON& Tower with Radar,882,201,150,8,1241,0,7,59,1,67,882,208,209,9,1308,0,0,0,1308
12/14/2001,MSP,MN,AGL,CE,Combined TRACON& Tower with Radar,878,201,149,8,1236,0,13,19,0,32,878,214,168,8,1268,0,0,0,1268
12/15/2001,MSP,MN,AGL,CE,Combined TRACON& Tower with Radar,752,160,108,2,1022,42,0,0,0,42,794,160,108,2,1064,0,0,0,1064
12/16/2001,MSP,MN,AGL,CE,Combined TRACON& Tower with Radar,785,158,130,2,1075,23,0,13,0,36,808,158,143,2,1111,0,0,0,1111
12/17/2001,MSP,MN,AGL,CE,Combined TRACON& Tower with Radar,916,210,157,9,1292,0,6,46,0,52,916,216,203,9,1344,0,0,0,1344
12/18/2001,MSP,MN,AGL,CE,Combined TRACON& Tower with Radar,905,209,156,7,1277,0,7,74,1,82,905,216,230,8,1359,0,0,0,1359
12/19/2001,MSP,MN,AGL,CE,Combined TRACON& Tower with Radar,974,221,165,8,1368,0,7,68,3,78,974,228,233,11,1446,0,0,0,1446
12/20/2001,MSP,MN,AGL,CE,Combined TRACON& Tower with Radar,992,229,171,8,1400,0,12,31,10,53,992,241,202,18,1453,0,0,0,1453
12/21/2001,MSP,MN,AGL,CE,Combined TRACON& Tower with Radar,992,223,168,8,1391,0,0,17,4,21,992,223,185,12,1412,0,0,0,1412
12/22/2001,MSP,MN,AGL,CE,Combined TRACON& Tower with Radar,820,165,116,0,1101,55,0,0,0,55,875,165,116,0,1156,0,0,0,1156
12/23/2001,MSP,MN,AGL,CE,Combined TRACON& Tower with Radar,828,167,108,0,1103,68,0,0,0,68,896,167,108,0,1171,0,0,0,1171
12/24/2001,MSP,MN,AGL,CE,Combined TRACON& Tower with Radar,873,192,134,0,1199,32,7,0,0,39,905,199,134,0,1238,0,0,0,1238
12/25/2001,MSP,MN,AGL,CE,Combined TRACON& Tower with Radar,806,171,133,0,1110,49,0,16,0,65,855,171,149,0,1175,0,0,0,1175
12/26/2001,MSP,MN,AGL,CE,Combined TRACON& Tower with Radar,918,203,152,1,1274,2,22,15,0,39,920,225,167,1,1313,0,0,0,1313
12/27/2001,MSP,MN,AGL,CE,Combined TRACON& Tower with Radar,972,214,161,5,1352,9,11,1,0,21,981,225,162,5,1373,0,0,0,1373
12/28/2001,MSP,MN,AGL,CE,Combined TRACON& Tower with Radar,966,213,136,6,1321,38,1,0,0,39,1004,214,136,6,1360,0,0,0,1360
12/29/2001,MSP,MN,AGL,CE,Combined TRACON& Tower with Radar,812,170,127,1,1110,41,0,0,0,41,853,170,127,1,1151,0,0,0,1151
12/30/2001,MSP,MN,AGL,CE,Combined TRACON& Tower with Radar,819,159,114,1,1093,65,0,0,0,65,884,159,114,1,1158,0,0,0,1158
12/31/2001,MSP,MN,AGL,CE,Combined TRACON& Tower with Radar,678,144,112,2,936,36,0,21,0,57,714,144,133,2,993,0,0,0,993
01/01/2002,MSP,MN,AGL,CE,Combined TRACON& Tower with Radar,874,176,128,2,1180,51,0,30,0,81,925,176,158,2,1261,0,0,0,1261
01/02/2002,MSP,MN,AGL,CE,Combined TRACON& Tower with Radar,884,201,130,10,1225,0,0,37,9,46,884,201,167,19,1271,0,0,0,1271
01/03/2002,MSP,MN,AGL,CE,Combined TRACON& Tower with Radar,952,216,140,11,1319,5,0,27,1,33,957,216,167,12,1352,0,0,0,1352
01/04/2002,MSP,MN,AGL,CE,Combined TRACON& Tower with Radar,915,211,134,10,1270,14,0,23,0,37,929,211,157,10,1307,0,0,0,1307
01/05/2002,MSP,MN,AGL,CE,Combined TRACON& Tower with Radar,780,151,100,4,1035,66,0,0,0,66,846,151,100,4,1101,0,0,0,1101
01/06/2002,MSP,MN,AGL,CE,Combined TRACON& Tower with Radar,807,172,107,6,1092,44,0,0,0,44,851,172,107,6,1136,0,0,0,1136
01/07/2002,MSP,MN,AGL,CE,Combined TRACON& Tower with Radar,897,207,132,10,1246,0,5,45,1,51,897,212,177,11,1297,0,0,0,1297
01/08/2002,MSP,MN,AGL,CE,Combined TRACON& Tower with Radar,938,219,140,11,1308,0,7,35,2,44,938,226,175,13,1352,0,0,0,1352
01/09/2002,MSP,MN,AGL,CE,Combined TRACON& Tower with Radar,927,218,139,11,1295,0,8,5,11,24,927,226,144,22,1319,0,0,0,1319
01/10/2002,MSP,MN,AGL,CE,Combined TRACON& Tower with Radar,937,219,139,11,1306,0,0,15,3,18,937,219,154,14,1324,0,0,0,1324
01/11/2002,MSP,MN,AGL,CE,Combined TRACON& Tower with Radar,934,217,138,8,1297,0,7,29,0,36,934,224,167,8,1333,0,0,0,1333
01/12/2002,MSP,MN,AGL,CE,Combined TRACON& Tower with Radar,783,170,115,3,1071,33,0,25,0,58,816,170,140,3,1129,0,0,0,1129
01/13/2002,MSP,MN,AGL,CE,Combined TRACON& Tower with Radar,758,158,105,3,1024,36,0,0,0,36,794,158,105,3,1060,0,0,0,1060
01/14/2002,MSP,MN,AGL,CE,Combined TRACON& Tower with Radar,920,209,136,10,1275,6,0,31,0,37,926,209,167,10,1312,0,0,0,1312
01/15/2002,MSP,MN,AGL,CE,Combined TRACON& Tower with Radar,931,222,142,11,1306,0,16,65,3,84,931,238,207,14,1390,0,0,0,1390
01/16/2002,MSP,MN,AGL,CE,Combined TRACON& Tower with Radar,919,220,141,11,1291,0,23,49,1,73,919,243,190,12,1364,0,0,0,1364
01/17/2002,MSP,MN,AGL,CE,Combined TRACON& Tower with Radar,942,223,143,11,1319,0,8,28,1,37,942,231,171,12,1356,0,0,0,1356
01/18/2002,MSP,MN,AGL,CE,Combined TRACON& Tower with Radar,916,217,140,10,1283,0,13,17,0,30,916,230,157,10,1313,0,0,0,1313
01/19/2002,MSP,MN,AGL,CE,Combined TRACON& Tower with Radar,779,169,101,2,1051,45,0,0,0,45,824,169,101,2,1096,0,0,0,1096
01/20/2002,MSP,MN,AGL,CE,Combined TRACON& Tower with Radar,808,173,104,5,1090,43,0,0,0,43,851,173,104,5,1133,0,0,0,1133
01/21/2002,MSP,MN,AGL,CE,Combined TRACON& Tower with Radar,903,211,136,4,1254,0,7,47,0,54,903,218,183,4,1308,0,0,0,1308
01/22/2002,MSP,MN,AGL,CE,Combined TRACON& Tower with Radar,940,223,144,10,1317,0,11,50,2,63,940,234,194,12,1380,0,0,0,1380
01/23/2002,MSP,MN,AGL,CE,Combined TRACON& Tower with Radar,934,222,143,10,1309,0,15,63,10,88,934,237,206,20,1397,0,0,0,1397
01/24/2002,MSP,MN,AGL,CE,Combined TRACON& Tower with Radar,937,227,146,11,1321,0,24,62,0,86,937,251,208,11,1407,0,0,0,1407
01/25/2002,MSP,MN,AGL,CE,Combined TRACON& Tower with Radar,950,224,144,10,1328,0,7,21,4,32,950,231,165,14,1360,0,0,0,1360
01/26/2002,MSP,MN,AGL,CE,Combined TRACON& Tower with Radar,768,170,81,0,1019,54,0,0,0,54,822,170,81,0,1073,0,0,0,1073
01/27/2002,MSP,MN,AGL,CE,Combined TRACON& Tower with Radar,803,168,105,4,1080,46,0,0,0,46,849,168,105,4,1126,0,0,0,1126
01/28/2002,MSP,MN,AGL,CE,Combined TRACON& Tower with Radar,882,200,130,9,1221,13,0,3,2,18,895,200,133,11,1239,0,0,0,1239
01/29/2002,MSP,MN,AGL,CE,Combined TRACON& Tower with Radar,946,223,144,10,1323,0,12,13,11,36,946,235,157,21,1359,0,0,0,1359
01/30/2002,MSP,MN,AGL,CE,Combined TRACON& Tower with Radar,903,217,140,10,1270,0,20,39,18,77,903,237,179,28,1347,0,0,0,1347
01/31/2002,MSP,MN,AGL,CE,Combined TRACON& Tower with Radar,868,203,131,9,1211,0,19,20,2,41,868,222,151,11,1252,0,0,0,1252
02/01/2002,MSP,MN,AGL,CE,Combined TRACON& Tower with Radar,982,233,146,9,1370,5,0,14,3,22,987,233,160,12,1392,0,0,0,1392
02/02/2002,MSP,MN,AGL,CE,Combined TRACON& Tower with Radar,796,171,98,4,1069,60,0,0,0,60,856,171,98,4,1129,0,0,0,1129
02/03/2002,MSP,MN,AGL,CE,Combined TRACON& Tower with Radar,809,161,121,4,1095,58,0,4,0,62,867,161,125,4,1157,0,0,0,1157
02/04/2002,MSP,MN,AGL,CE,Combined TRACON& Tower with Radar,905,213,136,9,1263,0,0,25,2,27,905,213,161,11,1290,0,0,0,1290
02/05/2002,MSP,MN,AGL,CE,Combined TRACON& Tower with Radar,934,231,142,9,1316,0,13,29,1,43,934,244,171,10,1359,0,0,0,1359
02/06/2002,MSP,MN,AGL,CE,Combined TRACON& Tower with Radar,912,225,139,9,1285,0,21,60,9,90,912,246,199,18,1375,0,0,0,1375
02/07/2002,MSP,MN,AGL,CE,Combined TRACON& Tower with Radar,942,239,146,10,1337,0,11,28,3,42,942,250,174,13,1379,0,0,0,1379
02/08/2002,MSP,MN,AGL,CE,Combined TRACON& Tower with Radar,943,235,145,9,1332,0,21,24,1,46,943,256,169,10,1378,0,0,0,1378
02/09/2002,MSP,MN,AGL,CE,Combined TRACON& Tower with Radar,782,178,85,2,1047,54,0,0,0,54,836,178,85,2,1101,0,0,0,1101
02/10/2002,MSP,MN,AGL,CE,Combined TRACON& Tower with Radar,795,174,112,8,1089,49,0,0,5,54,844,174,112,13,1143,0,0,0,1143
02/11/2002,MSP,MN,AGL,CE,Combined TRACON& Tower with Radar,915,224,139,9,1287,0,10,30,2,42,915,234,169,11,1329,0,0,0,1329
02/12/2002,MSP,MN,AGL,CE,Combined TRACON& Tower with Radar,906,223,139,9,1277,0,24,18,2,44,906,247,157,11,1321,0,0,0,1321
02/13/2002,MSP,MN,AGL,CE,Combined TRACON& Tower with Radar,946,226,142,9,1323,0,0,51,4,55,946,226,193,13,1378,0,0,0,1378
02/14/2002,MSP,MN,AGL,CE,Combined TRACON& Tower with Radar,991,239,149,8,1387,0,0,41,0,41,991,239,190,8,1428,0,0,0,1428
02/15/2002,MSP,MN,AGL,CE,Combined TRACON& Tower with Radar,929,226,141,9,1305,0,0,80,4,84,929,226,221,13,1389,0,0,0,1389
02/16/2002,MSP,MN,AGL,CE,Combined TRACON& Tower with Radar,829,188,111,7,1135,35,0,0,4,39,864,188,111,11,1174,0,0,0,1174
02/17/2002,MSP,MN,AGL,CE,Combined TRACON& Tower with Radar,842,175,125,6,1148,62,0,1,0,63,904,175,126,6,1211,0,0,0,1211
02/18/2002,MSP,MN,AGL,CE,Combined TRACON& Tower with Radar,979,234,146,2,1361,0,6,11,0,17,979,240,157,2,1378,0,0,0,1378
02/19/2002,MSP,MN,AGL,CE,Combined TRACON& Tower with Radar,951,235,147,8,1341,0,23,2,2,27,951,258,149,10,1368,0,0,0,1368
02/20/2002,MSP,MN,AGL,CE,Combined TRACON& Tower with Radar,989,248,155,9,1401,0,51,10,2,63,989,299,165,11,1464,0,0,0,1464
02/21/2002,MSP,MN,AGL,CE,Combined TRACON& Tower with Radar,977,242,150,9,1378,0,7,76,3,86,977,249,226,12,1464,0,0,0,1464
02/22/2002,MSP,MN,AGL,CE,Combined TRACON& Tower with Radar,953,227,142,8,1330,7,0,29,1,37,960,227,171,9,1367,0,0,0,1367
02/23/2002,MSP,MN,AGL,CE,Combined TRACON& Tower with Radar,833,193,100,1,1127,35,0,0,0,35,868,193,100,1,1162,0,0,0,1162
02/24/2002,MSP,MN,AGL,CE,Combined TRACON& Tower with Radar,832,178,113,5,1128,48,0,0,0,48,880,178,113,5,1176,0,0,0,1176
02/25/2002,MSP,MN,AGL,CE,Combined TRACON& Tower with Radar,944,219,140,6,1309,16,0,4,0,20,960,219,144,6,1329,0,0,0,1329
02/26/2002,MSP,MN,AGL,CE,Combined TRACON& Tower with Radar,978,240,148,9,1375,0,6,25,10,41,978,246,173,19,1416,0,0,0,1416
02/27/2002,MSP,MN,AGL,CE,Combined TRACON& Tower with Radar,986,240,148,9,1383,0,4,33,9,46,986,244,181,18,1429,0,0,0,1429
02/28/2002,MSP,MN,AGL,CE,Combined TRACON& Tower with Radar,975,234,146,8,1363,0,0,58,3,61,975,234,204,11,1424,0,0,0,1424
03/01/2002,MSP,MN,AGL,CE,Combined TRACON& Tower with Radar,993,224,138,7,1362,0,16,5,1,22,993,240,143,8,1384,0,0,0,1384
03/02/2002,MSP,MN,AGL,CE,Combined TRACON& Tower with Radar,803,181,88,3,1075,34,1,0,0,35,837,182,88,3,1110,0,0,0,1110
03/03/2002,MSP,MN,AGL,CE,Combined TRACON& Tower with Radar,864,182,111,3,1160,37,0,0,0,37,901,182,111,3,1197,0,0,0,1197
03/04/2002,MSP,MN,AGL,CE,Combined TRACON& Tower with Radar,961,213,133,7,1314,13,0,3,8,24,974,213,136,15,1338,0,0,0,1338
03/05/2002,MSP,MN,AGL,CE,Combined TRACON& Tower with Radar,964,210,134,7,1315,2,0,11,6,19,966,210,145,13,1334,0,0,0,1334
03/06/2002,MSP,MN,AGL,CE,Combined TRACON& Tower with Radar,1023,238,147,7,1415,0,22,30,1,53,1023,260,177,8,1468,0,0,0,1468
03/07/2002,MSP,MN,AGL,CE,Combined TRACON& Tower with Radar,968,221,136,6,1331,0,9,6,0,15,968,230,142,6,1346,0,0,0,1346
03/08/2002,MSP,MN,AGL,CE,Combined TRACON& Tower with Radar,966,222,136,7,1331,0,16,15,4,35,966,238,151,11,1366,0,0,0,1366
03/09/2002,MSP,MN,AGL,CE,Combined TRACON& Tower with Radar,751,145,80,5,981,60,0,0,3,63,811,145,80,8,1044,0,0,0,1044
03/10/2002,MSP,MN,AGL,CE,Combined TRACON& Tower with Radar,921,195,128,1,1245,21,0,34,0,55,942,195,162,1,1300,0,0,0,1300
03/11/2002,MSP,MN,AGL,CE,Combined TRACON& Tower with Radar,1011,229,142,7,1389,0,0,22,1,23,1011,229,164,8,1412,0,0,0,1412
03/12/2002,MSP,MN,AGL,CE,Combined TRACON& Tower with Radar,949,225,138,7,1319,0,14,26,4,44,949,239,164,11,1363,0,0,0,1363
03/13/2002,MSP,MN,AGL,CE,Combined TRACON& Tower with Radar,1013,234,146,7,1400,0,0,63,4,67,1013,234,209,11,1467,0,0,0,1467
03/14/2002,MSP,MN,AGL,CE,Combined TRACON& Tower with Radar,649,134,90,2,875,28,0,11,0,39,677,134,101,2,914,0,0,0,914
03/15/2002,MSP,MN,AGL,CE,Combined TRACON& Tower with Radar,1050,237,147,2,1436,0,18,12,0,30,1050,255,159,2,1466,0,0,0,1466
03/16/2002,MSP,MN,AGL,CE,Combined TRACON& Tower with Radar,870,184,107,6,1167,47,0,0,3,50,917,184,107,9,1217,0,0,0,1217
03/17/2002,MSP,MN,AGL,CE,Combined TRACON& Tower with Radar,884,185,114,5,1188,28,0,0,8,36,912,185,114,13,1224,0,0,0,1224
03/18/2002,MSP,MN,AGL,CE,Combined TRACON& Tower with Radar,985,231,144,6,1366,0,0,53,2,55,985,231,197,8,1421,0,0,0,1421
03/19/2002,MSP,MN,AGL,CE,Combined TRACON& Tower with Radar,999,236,147,6,1388,0,17,31,6,54,999,253,178,12,1442,0,0,0,1442
03/20/2002,MSP,MN,AGL,CE,Combined TRACON& Tower with Radar,1003,236,147,6,1392,0,9,41,4,54,1003,245,188,10,1446,0,0,0,1446
03/21/2002,MSP,MN,AGL,CE,Combined TRACON& Tower with Radar,1020,234,146,6,1406,0,11,14,0,25,1020,245,160,6,1431,0,0,0,1431
03/22/2002,MSP,MN,AGL,CE,Combined TRACON& Tower with Radar,1030,231,144,4,1409,0,4,21,0,25,1030,235,165,4,1434,0,0,0,1434
03/23/2002,MSP,MN,AGL,CE,Combined TRACON& Tower with Radar,866,194,107,4,1171,16,11,0,0,27,882,205,107,4,1198,0,0,0,1198
03/24/2002,MSP,MN,AGL,CE,Combined TRACON& Tower with Radar,867,182,113,1,1163,46,0,0,0,46,913,182,113,1,1209,0,0,0,1209
03/25/2002,MSP,MN,AGL,CE,Combined TRACON& Tower with Radar,983,214,138,6,1341,0,0,26,1,27,983,214,164,7,1368,0,0,0,1368
03/26/2002,MSP,MN,AGL,CE,Combined TRACON& Tower with Radar,981,223,139,6,1349,0,10,7,1,18,981,233,146,7,1367,0,0,0,1367
03/27/2002,MSP,MN,AGL,CE,Combined TRACON& Tower with Radar,1004,234,146,6,1390,0,12,50,2,64,1004,246,196,8,1454,0,0,0,1454
03/28/2002,MSP,MN,AGL,CE,Combined TRACON& Tower with Radar,1011,228,142,6,1387,0,1,5,0,6,1011,229,147,6,1393,0,0,0,1393
03/29/2002,MSP,MN,AGL,CE,Combined TRACON& Tower with Radar,1023,229,143,4,1399,9,8,41,0,58,1032,237,184,4,1457,0,0,0,1457
03/30/2002,MSP,MN,AGL,CE,Combined TRACON& Tower with Radar,830,186,103,4,1123,31,0,0,0,31,861,186,103,4,1154,0,0,0,1154
03/31/2002,MSP,MN,AGL,CE,Combined TRACON& Tower with Radar,863,189,109,0,1161,43,0,0,0,43,906,189,109,0,1204,0,0,0,1204
04/01/2002,MSP,MN,AGL,CE,Combined TRACON& Tower with Radar,802,144,107,0,1053,82,0,0,0,82,884,144,107,0,1135,0,0,0,1135
04/02/2002,MSP,MN,AGL,CE,Combined TRACON& Tower with Radar,936,214,115,5,1270,60,0,0,0,60,996,214,115,5,1330,0,0,0,1330
04/03/2002,MSP,MN,AGL,CE,Combined TRACON& Tower with Radar,1023,251,158,8,1440,12,0,51,0,63,1035,251,209,8,1503,0,0,0,1503
04/04/2002,MSP,MN,AGL,CE,Combined TRACON& Tower with Radar,999,246,155,5,1405,17,1,33,0,51,1016,247,188,5,1456,0,0,0,1456
04/05/2002,MSP,MN,AGL,CE,Combined TRACON& Tower with Radar,986,234,153,7,1380,19,0,21,0,40,1005,234,174,7,1420,0,0,0,1420
04/06/2002,MSP,MN,AGL,CE,Combined TRACON& Tower with Radar,823,180,119,6,1128,54,0,0,0,54,877,180,119,6,1182,0,0,0,1182
04/07/2002,MSP,MN,AGL,CE,Combined TRACON& Tower with Radar,860,205,120,4,1189,51,0,0,0,51,911,205,120,4,1240,0,0,0,1240
04/08/2002,MSP,MN,AGL,CE,Combined TRACON& Tower with Radar,955,237,150,6,1348,0,3,14,0,17,955,240,164,6,1365,0,0,0,1365
04/09/2002,MSP,MN,AGL,CE,Combined TRACON& Tower with Radar,969,243,154,7,1373,0,12,26,0,38,969,255,180,7,1411,0,0,0,1411
04/10/2002,MSP,MN,AGL,CE,Combined TRACON& Tower with Radar,966,247,157,14,1384,0,11,38,3,52,966,258,195,17,1436,0,0,0,1436
04/11/2002,MSP,MN,AGL,CE,Combined TRACON& Tower with Radar,988,253,161,11,1413,0,17,25,0,42,988,270,186,11,1455,0,0,0,1455
04/12/2002,MSP,MN,AGL,CE,Combined TRACON& Tower with Radar,983,248,165,5,1401,0,0,33,0,33,983,248,198,5,1434,0,0,0,1434
04/13/2002,MSP,MN,AGL,CE,Combined TRACON& Tower with Radar,786,192,123,1,1102,24,8,1,0,33,810,200,124,1,1135,0,0,0,1135
04/14/2002,MSP,MN,AGL,CE,Combined TRACON& Tower with Radar,843,189,132,1,1165,30,0,16,0,46,873,189,148,1,1211,0,0,0,1211
04/15/2002,MSP,MN,AGL,CE,Combined TRACON& Tower with Radar,952,236,150,11,1349,0,3,42,0,45,952,239,192,11,1394,0,0,0,1394
04/16/2002,MSP,MN,AGL,CE,Combined TRACON& Tower with Radar,930,240,153,13,1336,0,16,54,2,72,930,256,207,15,1408,0,0,0,1408
04/17/2002,MSP,MN,AGL,CE,Combined TRACON& Tower with Radar,969,243,155,12,1379,0,2,91,0,93,969,245,246,12,1472,0,0,0,1472
04/18/2002,MSP,MN,AGL,CE,Combined TRACON& Tower with Radar,947,238,151,10,1346,0,5,66,0,71,947,243,217,10,1417,0,0,0,1417
04/19/2002,MSP,MN,AGL,CE,Combined TRACON& Tower with Radar,992,235,155,8,1390,0,0,29,0,29,992,235,184,8,1419,0,0,0,1419
04/20/2002,MSP,MN,AGL,CE,Combined TRACON& Tower with Radar,783,191,115,7,1096,50,0,0,0,50,833,191,115,7,1146,0,0,0,1146
04/21/2002,MSP,MN,AGL,CE,Combined TRACON& Tower with Radar,804,176,122,5,1107,43,0,0,0,43,847,176,122,5,1150,0,0,0,1150
04/22/2002,MSP,MN,AGL,CE,Combined TRACON& Tower with Radar,959,240,153,5,1357,0,1,56,0,57,959,241,209,5,1414,0,0,0,1414
04/23/2002,MSP,MN,AGL,CE,Combined TRACON& Tower with Radar,958,243,154,12,1367,0,14,44,0,58,958,257,198,12,1425,0,0,0,1425
04/24/2002,MSP,MN,AGL,CE,Combined TRACON& Tower with Radar,960,239,152,12,1363,0,15,22,0,37,960,254,174,12,1400,0,0,0,1400
04/25/2002,MSP,MN,AGL,CE,Combined TRACON& Tower with Radar,956,244,155,13,1368,0,0,50,3,53,956,244,205,16,1421,0,0,0,1421
04/26/2002,MSP,MN,AGL,CE,Combined TRACON& Tower with Radar,963,244,154,10,1371,0,4,60,0,64,963,248,214,10,1435,0,0,0,1435
04/27/2002,MSP,MN,AGL,CE,Combined TRACON& Tower with Radar,777,191,103,1,1072,14,23,0,0,37,791,214,103,1,1109,0,0,0,1109
04/28/2002,MSP,MN,AGL,CE,Combined TRACON& Tower with Radar,815,196,126,2,1139,17,0,19,0,36,832,196,145,2,1175,0,0,0,1175
04/29/2002,MSP,MN,AGL,CE,Combined TRACON& Tower with Radar,940,233,146,10,1329,0,11,63,0,74,940,244,209,10,1403,0,0,0,1403
04/30/2002,MSP,MN,AGL,CE,Combined TRACON& Tower with Radar,930,234,148,8,1320,0,10,90,0,100,930,244,238,8,1420,0,0,0,1420
05/01/2002,MSP,MN,AGL,CE,Combined TRACON& Tower with Radar,1010,255,170,8,1443,0,1,81,4,86,1010,256,251,12,1529,0,0,0,1529
05/02/2002,MSP,MN,AGL,CE,Combined TRACON& Tower with Radar,966,247,164,7,1384,0,11,101,0,112,966,258,265,7,1496,0,0,0,1496
05/03/2002,MSP,MN,AGL,CE,Combined TRACON& Tower with Radar,977,248,165,7,1397,0,11,40,0,51,977,259,205,7,1448,0,0,0,1448
05/04/2002,MSP,MN,AGL,CE,Combined TRACON& Tower with Radar,819,199,113,8,1139,44,0,0,5,49,863,199,113,13,1188,0,0,0,1188
05/05/2002,MSP,MN,AGL,CE,Combined TRACON& Tower with Radar,785,178,123,0,1086,10,0,0,0,10,795,178,123,0,1096,0,0,0,1096
05/06/2002,MSP,MN,AGL,CE,Combined TRACON& Tower with Radar,988,247,164,8,1407,20,0,6,3,29,1008,247,170,11,1436,0,0,0,1436
05/07/2002,MSP,MN,AGL,CE,Combined TRACON& Tower with Radar,947,244,162,3,1356,0,7,37,0,44,947,251,199,3,1400,0,0,0,1400
05/08/2002,MSP,MN,AGL,CE,Combined TRACON& Tower with Radar,740,196,130,5,1071,0,6,48,1,55,740,202,178,6,1126,0,0,0,1126
05/09/2002,MSP,MN,AGL,CE,Combined TRACON& Tower with Radar,1062,261,177,8,1508,0,0,24,1,25,1062,261,201,9,1533,0,0,0,1533
05/10/2002,MSP,MN,AGL,CE,Combined TRACON& Tower with Radar,971,247,164,0,1382,0,14,49,0,63,971,261,213,0,1445,0,0,0,1445
05/11/2002,MSP,MN,AGL,CE,Combined TRACON& Tower with Radar,819,196,107,3,1125,11,0,0,0,11,830,196,107,3,1136,0,0,0,1136
05/12/2002,MSP,MN,AGL,CE,Combined TRACON& Tower with Radar,824,186,137,0,1147,39,0,2,0,41,863,186,139,0,1188,0,0,0,1188
05/13/2002,MSP,MN,AGL,CE,Combined TRACON& Tower with Radar,942,230,157,6,1335,9,0,14,2,25,951,230,171,8,1360,0,0,0,1360
05/14/2002,MSP,MN,AGL,CE,Combined TRACON& Tower with Radar,957,241,162,7,1367,0,0,37,1,38,957,241,199,8,1405,0,0,0,1405
05/15/2002,MSP,MN,AGL,CE,Combined TRACON& Tower with Radar,977,250,168,7,1402,0,32,49,5,86,977,282,217,12,1488,0,0,0,1488
05/16/2002,MSP,MN,AGL,CE,Combined TRACON& Tower with Radar,993,248,166,4,1411,1,12,65,0,78,994,260,231,4,1489,0,0,0,1489
05/17/2002,MSP,MN,AGL,CE,Combined TRACON& Tower with Radar,976,247,166,7,1396,0,13,31,0,44,976,260,197,7,1440,0,0,0,1440
05/18/2002,MSP,MN,AGL,CE,Combined TRACON& Tower with Radar,816,194,137,6,1153,54,0,100,1,155,870,194,237,7,1308,0,0,0,1308
05/19/2002,MSP,MN,AGL,CE,Combined TRACON& Tower with Radar,843,198,141,6,1188,19,0,24,0,43,862,198,165,6,1231,0,0,0,1231
05/20/2002,MSP,MN,AGL,CE,Combined TRACON& Tower with Radar,953,229,161,5,1348,0,0,52,0,52,953,229,213,5,1400,0,0,0,1400
05/21/2002,MSP,MN,AGL,CE,Combined TRACON& Tower with Radar,958,247,166,6,1377,0,16,55,0,71,958,263,221,6,1448,0,0,0,1448
05/22/2002,MSP,MN,AGL,CE,Combined TRACON& Tower with Radar,993,248,167,7,1415,0,0,67,6,73,993,248,234,13,1488,0,0,0,1488
05/23/2002,MSP,MN,AGL,CE,Combined TRACON& Tower with Radar,990,253,170,7,1420,0,5,32,4,41,990,258,202,11,1461,0,0,0,1461
05/24/2002,MSP,MN,AGL,CE,Combined TRACON& Tower with Radar,980,246,165,6,1397,0,14,25,0,39,980,260,190,6,1436,0,0,0,1436
05/25/2002,MSP,MN,AGL,CE,Combined TRACON& Tower with Radar,814,189,136,0,1139,54,0,27,0,81,868,189,163,0,1220,0,0,0,1220
05/26/2002,MSP,MN,AGL,CE,Combined TRACON& Tower with Radar,713,157,106,2,978,50,0,0,0,50,763,157,106,2,1028,0,0,0,1028
05/27/2002,MSP,MN,AGL,CE,Combined TRACON& Tower with Radar,836,208,111,2,1157,42,9,0,0,51,878,217,111,2,1208,0,0,0,1208
05/28/2002,MSP,MN,AGL,CE,Combined TRACON& Tower with Radar,938,237,159,7,1341,0,13,15,2,30,938,250,174,9,1371,0,0,0,1371
05/29/2002,MSP,MN,AGL,CE,Combined TRACON& Tower with Radar,976,247,166,6,1395,0,15,96,0,111,976,262,262,6,1506,0,0,0,1506
05/30/2002,MSP,MN,AGL,CE,Combined TRACON& Tower with Radar,990,255,171,8,1424,0,17,94,6,117,990,272,265,14,1541,0,0,0,1541
05/31/2002,MSP,MN,AGL,CE,Combined TRACON& Tower with Radar,893,194,123,7,1217,0,0,0,6,6,893,194,123,13,1223,0,0,0,1223
06/01/2002,MSP,MN,AGL,CE,Combined TRACON& Tower with Radar,842,194,123,7,1166,51,0,0,6,57,893,194,123,13,1223,0,0,0,1223
06/02/2002,MSP,MN,AGL,CE,Combined TRACON& Tower with Radar,832,180,145,7,1164,57,0,39,3,99,889,180,184,10,1263,0,0,0,1263
06/03/2002,MSP,MN,AGL,CE,Combined TRACON& Tower with Radar,923,222,162,7,1314,9,0,59,9,77,932,222,221,16,1391,0,0,0,1391
06/04/2002,MSP,MN,AGL,CE,Combined TRACON& Tower with Radar,999,253,177,8,1437,0,5,39,5,49,999,258,216,13,1486,0,0,0,1486
06/05/2002,MSP,MN,AGL,CE,Combined TRACON& Tower with Radar,961,249,174,8,1392,0,11,47,1,59,961,260,221,9,1451,0,0,0,1451
06/06/2002,MSP,MN,AGL,CE,Combined TRACON& Tower with Radar,984,254,177,8,1423,0,4,84,3,91,984,258,261,11,1514,0,0,0,1514
06/07/2002,MSP,MN,AGL,CE,Combined TRACON& Tower with Radar,1037,237,181,7,1462,14,0,54,0,68,1051,237,235,7,1530,0,0,0,1530
06/08/2002,MSP,MN,AGL,CE,Combined TRACON& Tower with Radar,916,212,138,2,1268,70,0,0,0,70,986,212,138,2,1338,0,0,0,1338
06/09/2002,MSP,MN,AGL,CE,Combined TRACON& Tower with Radar,934,214,163,3,1314,38,0,4,0,42,972,214,167,3,1356,0,0,0,1356
06/10/2002,MSP,MN,AGL,CE,Combined TRACON& Tower with Radar,1023,257,182,7,1469,0,0,36,0,36,1023,257,218,7,1505,0,0,0,1505
06/11/2002,MSP,MN,AGL,CE,Combined TRACON& Tower with Radar,1029,264,186,8,1487,0,19,37,4,60,1029,283,223,12,1547,0,0,0,1547
06/12/2002,MSP,MN,AGL,CE,Combined TRACON& Tower with Radar,1061,266,187,8,1522,2,2,21,0,25,1063,268,208,8,1547,0,0,0,1547
06/13/2002,MSP,MN,AGL,CE,Combined TRACON& Tower with Radar,1054,263,185,7,1509,3,7,17,0,27,1057,270,202,7,1536,0,0,0,1536
06/14/2002,MSP,MN,AGL,CE,Combined TRACON& Tower with Radar,1051,268,188,8,1515,0,14,12,1,27,1051,282,200,9,1542,0,0,0,1542
06/15/2002,MSP,MN,AGL,CE,Combined TRACON& Tower with Radar,918,228,162,4,1312,47,0,0,0,47,965,228,162,4,1359,0,0,0,1359
06/16/2002,MSP,MN,AGL,CE,Combined TRACON& Tower with Radar,915,214,161,2,1292,43,0,12,0,55,958,214,173,2,1347,0,0,0,1347
06/17/2002,MSP,MN,AGL,CE,Combined TRACON& Tower with Radar,1023,255,182,5,1465,0,0,22,0,22,1023,255,204,5,1487,0,0,0,1487
06/18/2002,MSP,MN,AGL,CE,Combined TRACON& Tower with Radar,1054,270,191,8,1523,0,13,32,6,51,1054,283,223,14,1574,0,0,0,1574
06/19/2002,MSP,MN,AGL,CE,Combined TRACON& Tower with Radar,1045,266,188,1,1500,0,12,4,0,16,1045,278,192,1,1516,0,0,0,1516
06/20/2002,MSP,MN,AGL,CE,Combined TRACON& Tower with Radar,1055,269,190,3,1517,0,15,25,0,40,1055,284,215,3,1557,0,0,0,1557
06/21/2002,MSP,MN,AGL,CE,Combined TRACON& Tower with Radar,776,192,133,4,1105,30,0,0,0,30,806,192,133,4,1135,0,0,0,1135
06/22/2002,MSP,MN,AGL,CE,Combined TRACON& Tower with Radar,933,228,117,5,1283,63,0,0,0,63,996,228,117,5,1346,0,0,0,1346
06/23/2002,MSP,MN,AGL,CE,Combined TRACON& Tower with Radar,952,237,161,3,1353,30,0,0,0,30,982,237,161,3,1383,0,0,0,1383
06/24/2002,MSP,MN,AGL,CE,Combined TRACON& Tower with Radar,961,239,169,7,1376,4,3,0,2,9,965,242,169,9,1385,0,0,0,1385
06/25/2002,MSP,MN,AGL,CE,Combined TRACON& Tower with Radar,1068,283,200,8,1559,0,30,47,5,82,1068,313,247,13,1641,0,0,0,1641
06/26/2002,MSP,MN,AGL,CE,Combined TRACON& Tower with Radar,1027,265,187,7,1486,0,24,32,8,64,1027,289,219,15,1550,0,0,0,1550
06/27/2002,MSP,MN,AGL,CE,Combined TRACON& Tower with Radar,988,271,191,7,1457,0,39,78,5,122,988,310,269,12,1579,0,0,0,1579
06/28/2002,MSP,MN,AGL,CE,Combined TRACON& Tower with Radar,1061,282,199,8,1550,0,9,81,0,90,1061,291,280,8,1640,0,0,0,1640
06/29/2002,MSP,MN,AGL,CE,Combined TRACON& Tower with Radar,959,239,169,2,1369,3,5,10,0,18,962,244,179,2,1387,0,0,0,1387
06/30/2002,MSP,MN,AGL,CE,Combined TRACON& Tower with Radar,953,226,168,3,1350,36,0,19,0,55,989,226,187,3,1405,0,0,0,1405
07/01/2002,MSP,MN,AGL,CE,Combined TRACON& Tower with Radar,1039,261,194,7,1501,8,9,2,0,19,1047,270,196,7,1520,0,0,0,1520
07/02/2002,MSP,MN,AGL,CE,Combined TRACON& Tower with Radar,1039,263,194,7,1503,0,17,13,1,31,1039,280,207,8,1534,0,0,0,1534
07/03/2002,MSP,MN,AGL,CE,Combined TRACON& Tower with Radar,1046,263,195,1,1505,12,20,68,0,100,1058,283,263,1,1605,0,0,0,1605
07/04/2002,MSP,MN,AGL,CE,Combined TRACON& Tower with Radar,883,222,165,0,1270,46,7,57,0,110,929,229,222,0,1380,0,0,0,1380
07/05/2002,MSP,MN,AGL,CE,Combined TRACON& Tower with Radar,908,229,143,0,1280,46,25,0,0,71,954,254,143,0,1351,0,0,0,1351
07/06/2002,MSP,MN,AGL,CE,Combined TRACON& Tower with Radar,895,225,134,0,1254,52,5,0,0,57,947,230,134,0,1311,0,0,0,1311
07/07/2002,MSP,MN,AGL,CE,Combined TRACON& Tower with Radar,940,233,175,3,1351,32,0,1,0,33,972,233,176,3,1384,0,0,0,1384
07/08/2002,MSP,MN,AGL,CE,Combined TRACON& Tower with Radar,1049,255,196,7,1507,11,0,17,4,32,1060,255,213,11,1539,0,0,0,1539
07/09/2002,MSP,MN,AGL,CE,Combined TRACON& Tower with Radar,1055,273,203,8,1539,0,16,34,10,60,1055,289,237,18,1599,0,0,0,1599
07/10/2002,MSP,MN,AGL,CE,Combined TRACON& Tower with Radar,846,212,159,6,1223,201,0,53,6,260,1047,212,212,12,1483,0,0,0,1483
07/11/2002,MSP,MN,AGL,CE,Combined TRACON& Tower with Radar,1110,287,214,3,1614,0,11,102,0,113,1110,298,316,3,1727,0,0,0,1727
07/12/2002,MSP,MN,AGL,CE,Combined TRACON& Tower with Radar,1061,281,209,8,1559,0,16,68,1,85,1061,297,277,9,1644,0,0,0,1644
07/13/2002,MSP,MN,AGL,CE,Combined TRACON& Tower with Radar,942,237,172,2,1353,43,2,0,0,45,985,239,172,2,1398,0,0,0,1398
07/14/2002,MSP,MN,AGL,CE,Combined TRACON& Tower with Radar,938,232,176,5,1351,12,0,36,0,48,950,232,212,5,1399,0,0,0,1399
07/15/2002,MSP,MN,AGL,CE,Combined TRACON& Tower with Radar,1016,264,196,6,1482,0,14,49,0,63,1016,278,245,6,1545,0,0,0,1545
07/16/2002,MSP,MN,AGL,CE,Combined TRACON& Tower with Radar,1056,274,203,8,1541,0,9,61,7,77,1056,283,264,15,1618,0,0,0,1618
07/17/2002,MSP,MN,AGL,CE,Combined TRACON& Tower with Radar,1063,275,204,7,1549,0,25,93,5,123,1063,300,297,12,1672,0,0,0,1672
07/18/2002,MSP,MN,AGL,CE,Combined TRACON& Tower with Radar,1076,289,216,7,1588,0,10,120,4,134,1076,299,336,11,1722,0,0,0,1722
07/19/2002,MSP,MN,AGL,CE,Combined TRACON& Tower with Radar,1086,294,220,2,1602,0,0,167,0,167,1086,294,387,2,1769,0,0,0,1769
07/20/2002,MSP,MN,AGL,CE,Combined TRACON& Tower with Radar,929,223,170,4,1326,56,0,0,0,56,985,223,170,4,1382,0,0,0,1382
07/21/2002,MSP,MN,AGL,CE,Combined TRACON& Tower with Radar,891,207,167,3,1268,28,0,4,0,32,919,207,171,3,1300,0,0,0,1300
07/22/2002,MSP,MN,AGL,CE,Combined TRACON& Tower with Radar,1047,260,196,6,1509,14,0,20,2,36,1061,260,216,8,1545,0,0,0,1545
07/23/2002,MSP,MN,AGL,CE,Combined TRACON& Tower with Radar,1015,271,201,7,1494,0,38,66,6,110,1015,309,267,13,1604,0,0,0,1604
07/24/2002,MSP,MN,AGL,CE,Combined TRACON& Tower with Radar,1043,280,209,7,1539,0,19,60,6,85,1043,299,269,13,1624,0,0,0,1624
07/25/2002,MSP,MN,AGL,CE,Combined TRACON& Tower with Radar,1077,274,204,7,1562,0,8,77,5,90,1077,282,281,12,1652,0,0,0,1652
07/26/2002,MSP,MN,AGL,CE,Combined TRACON& Tower with Radar,1039,261,195,6,1501,0,22,22,0,44,1039,283,217,6,1545,0,0,0,1545
07/27/2002,MSP,MN,AGL,CE,Combined TRACON& Tower with Radar,928,232,167,1,1328,43,6,0,0,49,971,238,167,1,1377,0,0,0,1377
07/28/2002,MSP,MN,AGL,CE,Combined TRACON& Tower with Radar,863,196,162,0,1221,39,0,23,0,62,902,196,185,0,1283,0,0,0,1283
07/29/2002,MSP,MN,AGL,CE,Combined TRACON& Tower with Radar,1055,270,203,7,1535,0,0,48,6,54,1055,270,251,13,1589,0,0,0,1589
07/30/2002,MSP,MN,AGL,CE,Combined TRACON& Tower with Radar,1037,272,202,6,1517,0,24,69,0,93,1037,296,271,6,1610,0,0,0,1610
07/31/2002,MSP,MN,AGL,CE,Combined TRACON& Tower with Radar,1069,269,201,7,1546,0,9,1,7,17,1069,278,202,14,1563,0,0,0,1563
08/01/2002,MSP,MN,AGL,CE,Combined TRACON& Tower with Radar,1071,264,199,6,1540,0,29,18,0,47,1071,293,217,6,1587,0,0,0,1587
08/02/2002,MSP,MN,AGL,CE,Combined TRACON& Tower with Radar,1074,263,199,8,1544,0,16,52,2,70,1074,279,251,10,1614,0,0,0,1614
08/03/2002,MSP,MN,AGL,CE,Combined TRACON& Tower with Radar,811,191,148,1,1151,54,0,13,0,67,865,191,161,1,1218,0,0,0,1218
08/04/2002,MSP,MN,AGL,CE,Combined TRACON& Tower with Radar,1059,242,194,0,1495,22,0,22,0,44,1081,242,216,0,1539,0,0,0,1539
08/05/2002,MSP,MN,AGL,CE,Combined TRACON& Tower with Radar,1040,257,194,8,1499,0,17,18,1,36,1040,274,212,9,1535,0,0,0,1535
08/06/2002,MSP,MN,AGL,CE,Combined TRACON& Tower with Radar,1013,260,197,8,1478,0,12,71,0,83,1013,272,268,8,1561,0,0,0,1561
08/07/2002,MSP,MN,AGL,CE,Combined TRACON& Tower with Radar,1073,264,200,8,1545,0,9,115,8,132,1073,273,315,16,1677,0,0,0,1677
08/08/2002,MSP,MN,AGL,CE,Combined TRACON& Tower with Radar,1085,258,200,8,1551,4,0,71,5,80,1089,258,271,13,1631,0,0,0,1631
08/09/2002,MSP,MN,AGL,CE,Combined TRACON& Tower with Radar,1087,261,200,8,1556,13,0,9,1,23,1100,261,209,9,1579,0,0,0,1579
08/10/2002,MSP,MN,AGL,CE,Combined TRACON& Tower with Radar,922,206,150,4,1282,76,0,0,0,76,998,206,150,4,1358,0,0,0,1358
08/11/2002,MSP,MN,AGL,CE,Combined TRACON& Tower with Radar,970,220,178,2,1370,19,0,17,0,36,989,220,195,2,1406,0,0,0,1406
08/12/2002,MSP,MN,AGL,CE,Combined TRACON& Tower with Radar,1061,257,195,8,1521,0,4,4,8,16,1061,261,199,16,1537,0,0,0,1537
08/13/2002,MSP,MN,AGL,CE,Combined TRACON& Tower with Radar,1058,263,200,7,1528,0,7,46,0,53,1058,270,246,7,1581,0,0,0,1581
08/14/2002,MSP,MN,AGL,CE,Combined TRACON& Tower with Radar,1069,271,207,7,1554,0,20,67,0,87,1069,291,274,7,1641,0,0,0,1641
08/15/2002,MSP,MN,AGL,CE,Combined TRACON& Tower with Radar,1073,267,203,6,1549,0,5,91,0,96,1073,272,294,6,1645,0,0,0,1645
08/16/2002,MSP,MN,AGL,CE,Combined TRACON& Tower with Radar,1018,250,190,8,1466,0,7,45,2,54,1018,257,235,10,1520,0,0,0,1520
08/17/2002,MSP,MN,AGL,CE,Combined TRACON& Tower with Radar,958,211,149,7,1325,63,0,0,0,63,1021,211,149,7,1388,0,0,0,1388
08/18/2002,MSP,MN,AGL,CE,Combined TRACON& Tower with Radar,969,233,178,1,1381,6,10,64,0,80,975,243,242,1,1461,0,0,0,1461
08/19/2002,MSP,MN,AGL,CE,Combined TRACON& Tower with Radar,1042,256,196,4,1498,0,8,36,0,44,1042,264,232,4,1542,0,0,0,1542
08/20/2002,MSP,MN,AGL,CE,Combined TRACON& Tower with Radar,1045,260,198,7,1510,0,23,48,5,76,1045,283,246,12,1586,0,0,0,1586
08/21/2002,MSP,MN,AGL,CE,Combined TRACON& Tower with Radar,1088,266,203,8,1565,0,8,18,7,33,1088,274,221,15,1598,0,0,0,1598
08/22/2002,MSP,MN,AGL,CE,Combined TRACON& Tower with Radar,1099,280,213,8,1600,0,7,113,1,121,1099,287,326,9,1721,0,0,0,1721
08/23/2002,MSP,MN,AGL,CE,Combined TRACON& Tower with Radar,1075,260,198,7,1540,0,0,77,3,80,1075,260,275,10,1620,0,0,0,1620
08/24/2002,MSP,MN,AGL,CE,Combined TRACON& Tower with Radar,951,216,167,3,1337,76,0,0,0,76,1027,216,167,3,1413,0,0,0,1413
08/25/2002,MSP,MN,AGL,CE,Combined TRACON& Tower with Radar,911,194,144,1,1250,91,0,0,0,91,1002,194,144,1,1341,0,0,0,1341
08/26/2002,MSP,MN,AGL,CE,Combined TRACON& Tower with Radar,1066,261,183,7,1517,0,9,0,2,11,1066,270,183,9,1528,0,0,0,1528
08/27/2002,MSP,MN,AGL,CE,Combined TRACON& Tower with Radar,1049,261,197,7,1514,0,5,74,3,82,1049,266,271,10,1596,0,0,0,1596
08/28/2002,MSP,MN,AGL,CE,Combined TRACON& Tower with Radar,1083,274,207,8,1572,0,16,94,11,121,1083,290,301,19,1693,0,0,0,1693
08/29/2002,MSP,MN,AGL,CE,Combined TRACON& Tower with Radar,1094,273,207,7,1581,0,4,63,0,67,1094,277,270,7,1648,0,0,0,1648
08/30/2002,MSP,MN,AGL,CE,Combined TRACON& Tower with Radar,1051,254,192,5,1502,42,9,29,0,80,1093,263,221,5,1582,0,0,0,1582
08/31/2002,MSP,MN,AGL,CE,Combined TRACON& Tower with Radar,897,214,149,1,1261,65,0,0,0,65,962,214,149,1,1326,0,0,0,1326
09/01/2002,MSP,MN,AGL,CE,Combined TRACON& Tower with Radar,809,177,115,1,1102,64,0,0,0,64,873,177,115,1,1166,0,0,0,1166
09/02/2002,MSP,MN,AGL,CE,Combined TRACON& Tower with Radar,935,209,151,0,1295,25,19,0,0,44,960,228,151,0,1339,0,0,0,1339
09/03/2002,MSP,MN,AGL,CE,Combined TRACON& Tower with Radar,1008,226,179,8,1421,15,35,33,0,83,1023,261,212,8,1504,0,0,0,1504
09/04/2002,MSP,MN,AGL,CE,Combined TRACON& Tower with Radar,1071,240,190,10,1511,12,8,59,3,82,1083,248,249,13,1593,0,0,0,1593
09/05/2002,MSP,MN,AGL,CE,Combined TRACON& Tower with Radar,993,216,176,7,1392,32,0,58,0,90,1025,216,234,7,1482,0,0,0,1482
09/06/2002,MSP,MN,AGL,CE,Combined TRACON& Tower with Radar,1095,245,174,8,1522,9,25,0,0,34,1104,270,174,8,1556,0,0,0,1556
09/07/2002,MSP,MN,AGL,CE,Combined TRACON& Tower with Radar,876,196,148,8,1228,42,0,0,0,42,918,196,148,8,1270,0,0,0,1270
09/08/2002,MSP,MN,AGL,CE,Combined TRACON& Tower with Radar,890,187,32,8,1117,54,0,0,1,55,944,187,32,9,1172,0,0,0,1172
09/09/2002,MSP,MN,AGL,CE,Combined TRACON& Tower with Radar,1009,231,181,9,1430,0,13,10,4,27,1009,244,191,13,1457,0,0,0,1457
09/10/2002,MSP,MN,AGL,CE,Combined TRACON& Tower with Radar,890,136,157,8,1191,29,0,58,15,102,919,136,215,23,1293,0,0,0,1293
09/11/2002,MSP,MN,AGL,CE,Combined TRACON& Tower with Radar,892,125,157,8,1182,57,0,58,13,128,949,125,215,21,1310,0,0,0,1310
09/12/2002,MSP,MN,AGL,CE,Combined TRACON& Tower with Radar,1019,233,183,9,1444,0,10,30,1,41,1019,243,213,10,1485,0,0,0,1485
09/13/2002,MSP,MN,AGL,CE,Combined TRACON& Tower with Radar,1047,237,186,4,1474,0,4,43,0,47,1047,241,229,4,1521,0,0,0,1521
09/14/2002,MSP,MN,AGL,CE,Combined TRACON& Tower with Radar,951,214,167,3,1335,11,8,13,0,32,962,222,180,3,1367,0,0,0,1367
09/15/2002,MSP,MN,AGL,CE,Combined TRACON& Tower with Radar,906,190,159,4,1259,22,0,2,0,24,928,190,161,4,1283,0,0,0,1283
09/16/2002,MSP,MN,AGL,CE,Combined TRACON& Tower with Radar,1020,232,182,8,1442,0,5,48,3,56,1020,237,230,11,1498,0,0,0,1498
09/17/2002,MSP,MN,AGL,CE,Combined TRACON& Tower with Radar,1035,237,185,9,1466,0,13,0,7,20,1035,250,185,16,1486,0,0,0,1486
09/18/2002,MSP,MN,AGL,CE,Combined TRACON& Tower with Radar,1058,251,198,9,1516,0,9,60,8,77,1058,260,258,17,1593,0,0,0,1593
09/19/2002,MSP,MN,AGL,CE,Combined TRACON& Tower with Radar,1043,250,197,9,1499,0,9,85,0,94,1043,259,282,9,1593,0,0,0,1593
09/20/2002,MSP,MN,AGL,CE,Combined TRACON& Tower with Radar,1044,241,190,2,1477,0,11,37,0,48,1044,252,227,2,1525,0,0,0,1525
09/21/2002,MSP,MN,AGL,CE,Combined TRACON& Tower with Radar,874,178,155,7,1214,30,0,6,3,39,904,178,161,10,1253,0,0,0,1253
09/22/2002,MSP,MN,AGL,CE,Combined TRACON& Tower with Radar,909,200,161,0,1270,30,0,5,0,35,939,200,166,0,1305,0,0,0,1305
09/23/2002,MSP,MN,AGL,CE,Combined TRACON& Tower with Radar,1028,230,183,8,1449,1,0,11,9,21,1029,230,194,17,1470,0,0,0,1470
09/24/2002,MSP,MN,AGL,CE,Combined TRACON& Tower with Radar,1030,239,190,9,1468,0,11,29,6,46,1030,250,219,15,1514,0,0,0,1514
09/25/2002,MSP,MN,AGL,CE,Combined TRACON& Tower with Radar,1059,246,195,9,1509,0,18,29,6,53,1059,264,224,15,1562,0,0,0,1562
09/26/2002,MSP,MN,AGL,CE,Combined TRACON& Tower with Radar,1040,249,198,4,1491,0,39,93,0,132,1040,288,291,4,1623,0,0,0,1623
09/27/2002,MSP,MN,AGL,CE,Combined TRACON& Tower with Radar,1072,246,195,5,1518,0,6,36,0,42,1072,252,231,5,1560,0,0,0,1560
09/28/2002,MSP,MN,AGL,CE,Combined TRACON& Tower with Radar,893,199,158,3,1253,13,0,5,0,18,906,199,163,3,1271,0,0,0,1271
09/29/2002,MSP,MN,AGL,CE,Combined TRACON& Tower with Radar,960,200,172,0,1332,0,0,51,0,51,960,200,223,0,1383,0,0,0,1383
09/30/2002,MSP,MN,AGL,CE,Combined TRACON& Tower with Radar,1028,230,182,5,1445,18,21,2,0,41,1046,251,184,5,1486,0,0,0,1486
10/01/2002,MSP,MN,AGL,CE,Combined TRACON& Tower with Radar,1023,231,164,12,1430,0,12,40,23,75,1023,243,204,35,1505,0,0,0,1505
10/02/2002,MSP,MN,AGL,CE,Combined TRACON& Tower with Radar,1042,233,165,10,1450,0,11,47,0,58,1042,244,212,10,1508,0,0,0,1508
10/03/2002,MSP,MN,AGL,CE,Combined TRACON& Tower with Radar,1063,245,174,13,1495,0,10,125,8,143,1063,255,299,21,1638,0,0,0,1638
10/04/2002,MSP,MN,AGL,CE,Combined TRACON& Tower with Radar,1053,224,162,2,1441,0,0,57,0,57,1053,224,219,2,1498,0,0,0,1498
10/05/2002,MSP,MN,AGL,CE,Combined TRACON& Tower with Radar,856,158,128,4,1146,31,0,8,0,39,887,158,136,4,1185,0,0,0,1185
10/06/2002,MSP,MN,AGL,CE,Combined TRACON& Tower with Radar,912,175,136,1,1224,35,0,6,0,41,947,175,142,1,1265,0,0,0,1265
10/07/2002,MSP,MN,AGL,CE,Combined TRACON& Tower with Radar,995,216,153,10,1374,0,1,32,0,33,995,217,185,10,1407,0,0,0,1407
10/08/2002,MSP,MN,AGL,CE,Combined TRACON& Tower with Radar,1031,219,157,11,1418,0,0,29,2,31,1031,219,186,13,1449,0,0,0,1449
10/09/2002,MSP,MN,AGL,CE,Combined TRACON& Tower with Radar,1039,216,160,11,1426,0,0,147,2,149,1039,216,307,13,1575,0,0,0,1575
10/10/2002,MSP,MN,AGL,CE,Combined TRACON& Tower with Radar,1044,230,164,12,1450,0,3,89,4,96,1044,233,253,16,1546,0,0,0,1546
10/11/2002,MSP,MN,AGL,CE,Combined TRACON& Tower with Radar,1049,232,166,12,1459,0,0,48,12,60,1049,232,214,24,1519,0,0,0,1519
10/12/2002,MSP,MN,AGL,CE,Combined TRACON& Tower with Radar,828,156,107,0,1091,67,0,0,0,67,895,156,107,0,1158,0,0,0,1158
10/13/2002,MSP,MN,AGL,CE,Combined TRACON& Tower with Radar,888,173,114,2,1177,45,0,0,0,45,933,173,114,2,1222,0,0,0,1222
10/14/2002,MSP,MN,AGL,CE,Combined TRACON& Tower with Radar,993,184,149,1,1327,53,0,6,0,59,1046,184,155,1,1386,0,0,0,1386
10/15/2002,MSP,MN,AGL,CE,Combined TRACON& Tower with Radar,1008,228,163,11,1410,0,24,75,7,106,1008,252,238,18,1516,0,0,0,1516
10/16/2002,MSP,MN,AGL,CE,Combined TRACON& Tower with Radar,1050,228,163,11,1452,0,13,53,8,74,1050,241,216,19,1526,0,0,0,1526
10/17/2002,MSP,MN,AGL,CE,Combined TRACON& Tower with Radar,1044,226,162,9,1441,0,19,40,0,59,1044,245,202,9,1500,0,0,0,1500
10/18/2002,MSP,MN,AGL,CE,Combined TRACON& Tower with Radar,1045,224,161,10,1440,0,15,4,2,21,1045,239,165,12,1461,0,0,0,1461
10/19/2002,MSP,MN,AGL,CE,Combined TRACON& Tower with Radar,830,156,111,7,1104,46,0,0,0,46,876,156,111,7,1150,0,0,0,1150
10/20/2002,MSP,MN,AGL,CE,Combined TRACON& Tower with Radar,898,172,129,4,1203,43,0,0,0,43,941,172,129,4,1246,0,0,0,1246
10/21/2002,MSP,MN,AGL,CE,Combined TRACON& Tower with Radar,1021,216,154,10,1401,0,4,18,4,26,1021,220,172,14,1427,0,0,0,1427
10/22/2002,MSP,MN,AGL,CE,Combined TRACON& Tower with Radar,1028,226,162,10,1426,0,15,27,6,48,1028,241,189,16,1474,0,0,0,1474
10/23/2002,MSP,MN,AGL,CE,Combined TRACON& Tower with Radar,1033,227,163,11,1434,0,21,54,2,77,1033,248,217,13,1511,0,0,0,1511
10/24/2002,MSP,MN,AGL,CE,Combined TRACON& Tower with Radar,1056,226,162,10,1454,0,18,75,0,93,1056,244,237,10,1547,0,0,0,1547
10/25/2002,MSP,MN,AGL,CE,Combined TRACON& Tower with Radar,1052,221,73,9,1355,71,11,0,0,82,1123,232,73,9,1437,0,0,0,1437
10/26/2002,MSP,MN,AGL,CE,Combined TRACON& Tower with Radar,816,153,29,6,1004,129,0,0,0,129,945,153,29,6,1133,0,0,0,1133
10/27/2002,MSP,MN,AGL,CE,Combined TRACON& Tower with Radar,898,181,104,5,1188,50,0,0,0,50,948,181,104,5,1238,0,0,0,1238
10/28/2002,MSP,MN,AGL,CE,Combined TRACON& Tower with Radar,1022,215,78,6,1321,95,4,0,0,99,1117,219,78,6,1420,0,0,0,1420
10/29/2002,MSP,MN,AGL,CE,Combined TRACON& Tower with Radar,1054,222,103,10,1389,68,12,0,0,80,1122,234,103,10,1469,0,0,0,1469
10/30/2002,MSP,MN,AGL,CE,Combined TRACON& Tower with Radar,1133,241,173,11,1558,0,11,7,2,20,1133,252,180,13,1578,0,0,0,1578
10/31/2002,MSP,MN,AGL,CE,Combined TRACON& Tower with Radar,1139,242,174,11,1566,0,24,24,1,49,1139,266,198,12,1615,0,0,0,1615
11/01/2002,MSP,MN,AGL,CE,Combined TRACON& Tower with Radar,1134,215,71,10,1430,0,5,37,5,47,1134,220,108,15,1477,0,0,0,1477
11/02/2002,MSP,MN,AGL,CE,Combined TRACON& Tower with Radar,914,155,56,3,1128,43,0,1,0,44,957,155,57,3,1172,0,0,0,1172
11/03/2002,MSP,MN,AGL,CE,Combined TRACON& Tower with Radar,968,152,58,3,1181,47,0,17,0,64,1015,152,75,3,1245,0,0,0,1245
11/04/2002,MSP,MN,AGL,CE,Combined TRACON& Tower with Radar,1087,210,68,10,1375,0,9,20,5,34,1087,219,88,15,1409,0,0,0,1409
11/05/2002,MSP,MN,AGL,CE,Combined TRACON& Tower with Radar,1139,223,72,10,1444,0,31,30,8,69,1139,254,102,18,1513,0,0,0,1513
11/06/2002,MSP,MN,AGL,CE,Combined TRACON& Tower with Radar,1140,228,74,10,1452,0,36,28,9,73,1140,264,102,19,1525,0,0,0,1525
11/07/2002,MSP,MN,AGL,CE,Combined TRACON& Tower with Radar,1139,223,72,10,1444,0,5,86,9,100,1139,228,158,19,1544,0,0,0,1544
11/08/2002,MSP,MN,AGL,CE,Combined TRACON& Tower with Radar,1148,217,70,5,1440,0,5,26,0,31,1148,222,96,5,1471,0,0,0,1471
11/09/2002,MSP,MN,AGL,CE,Combined TRACON& Tower with Radar,916,157,55,3,1131,52,0,26,0,78,968,157,81,3,1209,0,0,0,1209
11/10/2002,MSP,MN,AGL,CE,Combined TRACON& Tower with Radar,943,169,39,0,1151,48,0,0,0,48,991,169,39,0,1199,0,0,0,1199
11/11/2002,MSP,MN,AGL,CE,Combined TRACON& Tower with Radar,1092,204,65,3,1364,13,0,0,0,13,1105,204,65,3,1377,0,0,0,1377
11/12/2002,MSP,MN,AGL,CE,Combined TRACON& Tower with Radar,1093,211,68,10,1382,0,8,28,9,45,1093,219,96,19,1427,0,0,0,1427
11/13/2002,MSP,MN,AGL,CE,Combined TRACON& Tower with Radar,1160,226,73,10,1469,0,5,75,6,86,1160,231,148,16,1555,0,0,0,1555
11/14/2002,MSP,MN,AGL,CE,Combined TRACON& Tower with Radar,1134,219,72,5,1430,0,12,63,0,75,1134,231,135,5,1505,0,0,0,1505
11/15/2002,MSP,MN,AGL,CE,Combined TRACON& Tower with Radar,1138,216,71,8,1433,0,10,11,0,21,1138,226,82,8,1454,0,0,0,1454
11/16/2002,MSP,MN,AGL,CE,Combined TRACON& Tower with Radar,913,152,47,7,1119,44,0,0,2,46,957,152,47,9,1165,0,0,0,1165
11/17/2002,MSP,MN,AGL,CE,Combined TRACON& Tower with Radar,970,169,60,1,1200,33,0,0,0,33,1003,169,60,1,1233,0,0,0,1233
11/18/2002,MSP,MN,AGL,CE,Combined TRACON& Tower with Radar,1094,204,67,7,1372,4,0,23,0,27,1098,204,90,7,1399,0,0,0,1399
11/19/2002,MSP,MN,AGL,CE,Combined TRACON& Tower with Radar,1115,216,71,9,1411,0,7,27,9,43,1115,223,98,18,1454,0,0,0,1454
11/20/2002,MSP,MN,AGL,CE,Combined TRACON& Tower with Radar,1124,220,73,9,1426,0,6,65,15,86,1124,226,138,24,1512,0,0,0,1512
11/21/2002,MSP,MN,AGL,CE,Combined TRACON& Tower with Radar,1130,215,71,9,1425,0,0,17,8,25,1130,215,88,17,1450,0,0,0,1450
11/22/2002,MSP,MN,AGL,CE,Combined TRACON& Tower with Radar,1121,210,68,2,1401,0,2,36,0,38,1121,212,104,2,1439,0,0,0,1439
11/23/2002,MSP,MN,AGL,CE,Combined TRACON& Tower with Radar,916,151,23,1,1091,59,0,0,0,59,975,151,23,1,1150,0,0,0,1150
11/24/2002,MSP,MN,AGL,CE,Combined TRACON& Tower with Radar,938,157,28,2,1125,65,0,0,0,65,1003,157,28,2,1190,0,0,0,1190
11/25/2002,MSP,MN,AGL,CE,Combined TRACON& Tower with Radar,1086,191,67,8,1352,3,0,3,1,7,1089,191,70,9,1359,0,0,0,1359
11/26/2002,MSP,MN,AGL,CE,Combined TRACON& Tower with Radar,1105,210,69,9,1393,0,6,11,2,19,1105,216,80,11,1412,0,0,0,1412
11/27/2002,MSP,MN,AGL,CE,Combined TRACON& Tower with Radar,1121,209,69,8,1407,17,9,5,1,32,1138,218,74,9,1439,0,0,0,1439
11/28/2002,MSP,MN,AGL,CE,Combined TRACON& Tower with Radar,861,160,24,0,1045,49,8,0,0,57,910,168,24,0,1102,0,0,0,1102
11/29/2002,MSP,MN,AGL,CE,Combined TRACON& Tower with Radar,829,154,26,1,1010,8,30,0,0,38,837,184,26,1,1048,0,0,0,1048
11/30/2002,MSP,MN,AGL,CE,Combined TRACON& Tower with Radar,875,143,39,0,1057,60,0,0,0,60,935,143,39,0,1117,0,0,0,1117
12/01/2002,MSP,MN,AGL,CE,Combined TRACON& Tower with Radar,1005,173,49,3,1230,0,0,3,0,3,1005,173,52,3,1233,0,0,0,1233
12/02/2002,MSP,MN,AGL,CE,Combined TRACON& Tower with Radar,1037,187,51,6,1281,0,20,50,0,70,1037,207,101,6,1351,0,0,0,1351
12/03/2002,MSP,MN,AGL,CE,Combined TRACON& Tower with Radar,1101,198,55,8,1362,0,24,27,4,55,1101,222,82,12,1417,0,0,0,1417
12/04/2002,MSP,MN,AGL,CE,Combined TRACON& Tower with Radar,1069,194,54,8,1325,0,37,40,5,82,1069,231,94,13,1407,0,0,0,1407
12/05/2002,MSP,MN,AGL,CE,Combined TRACON& Tower with Radar,1029,190,53,8,1280,0,35,60,7,102,1029,225,113,15,1382,0,0,0,1382
12/06/2002,MSP,MN,AGL,CE,Combined TRACON& Tower with Radar,1085,198,53,8,1344,0,18,31,3,52,1085,216,84,11,1396,0,0,0,1396
12/07/2002,MSP,MN,AGL,CE,Combined TRACON& Tower with Radar,931,159,43,5,1138,13,0,19,0,32,944,159,62,5,1170,0,0,0,1170
12/08/2002,MSP,MN,AGL,CE,Combined TRACON& Tower with Radar,976,163,45,6,1190,17,0,0,0,17,993,163,45,6,1207,0,0,0,1207
12/09/2002,MSP,MN,AGL,CE,Combined TRACON& Tower with Radar,943,164,44,7,1158,119,37,32,6,194,1062,201,76,13,1352,0,0,0,1352
12/10/2002,MSP,MN,AGL,CE,Combined TRACON& Tower with Radar,1086,208,56,9,1359,0,26,80,11,117,1086,234,136,20,1476,0,0,0,1476
12/11/2002,MSP,MN,AGL,CE,Combined TRACON& Tower with Radar,1123,202,55,8,1388,0,14,53,6,73,1123,216,108,14,1461,0,0,0,1461
12/12/2002,MSP,MN,AGL,CE,Combined TRACON& Tower with Radar,1119,204,55,9,1387,0,11,45,0,56,1119,215,100,9,1443,0,0,0,1443
12/13/2002,MSP,MN,AGL,CE,Combined TRACON& Tower with Radar,1094,197,52,7,1350,0,13,28,0,41,1094,210,80,7,1391,0,0,0,1391
12/14/2002,MSP,MN,AGL,CE,Combined TRACON& Tower with Radar,918,150,43,4,1115,33,0,77,0,110,951,150,120,4,1225,0,0,0,1225
12/15/2002,MSP,MN,AGL,CE,Combined TRACON& Tower with Radar,966,168,45,3,1182,14,2,6,0,22,980,170,51,3,1204,0,0,0,1204
12/16/2002,MSP,MN,AGL,CE,Combined TRACON& Tower with Radar,1057,192,52,7,1308,0,10,7,0,17,1057,202,59,7,1325,0,0,0,1325
12/17/2002,MSP,MN,AGL,CE,Combined TRACON& Tower with Radar,1081,195,53,8,1337,0,8,34,7,49,1081,203,87,15,1386,0,0,0,1386
12/18/2002,MSP,MN,AGL,CE,Combined TRACON& Tower with Radar,1152,203,56,8,1419,0,3,21,5,29,1152,206,77,13,1448,0,0,0,1448
12/19/2002,MSP,MN,AGL,CE,Combined TRACON& Tower with Radar,1169,211,57,9,1446,0,7,39,7,53,1169,218,96,16,1499,0,0,0,1499
12/20/2002,MSP,MN,AGL,CE,Combined TRACON& Tower with Radar,1189,207,57,4,1457,1,10,6,0,17,1190,217,63,4,1474,0,0,0,1474
12/21/2002,MSP,MN,AGL,CE,Combined TRACON& Tower with Radar,1003,162,48,3,1216,43,0,78,0,121,1046,162,126,3,1337,0,0,0,1337
12/22/2002,MSP,MN,AGL,CE,Combined TRACON& Tower with Radar,993,161,23,2,1179,54,0,0,0,54,1047,161,23,2,1233,0,0,0,1233
12/23/2002,MSP,MN,AGL,CE,Combined TRACON& Tower with Radar,1112,193,53,6,1364,0,20,0,0,20,1112,213,53,6,1384,0,0,0,1384
12/24/2002,MSP,MN,AGL,CE,Combined TRACON& Tower with Radar,982,170,17,0,1169,93,27,0,0,120,1075,197,17,0,1289,0,0,0,1289
12/25/2002,MSP,MN,AGL,CE,Combined TRACON& Tower with Radar,871,151,38,0,1060,32,25,0,0,57,903,176,38,0,1117,0,0,0,1117
12/26/2002,MSP,MN,AGL,CE,Combined TRACON& Tower with Radar,1144,198,47,0,1389,0,23,0,0,23,1144,221,47,0,1412,0,0,0,1412
12/27/2002,MSP,MN,AGL,CE,Combined TRACON& Tower with Radar,1169,202,52,7,1430,0,13,0,2,15,1169,215,52,9,1445,0,0,0,1445
12/28/2002,MSP,MN,AGL,CE,Combined TRACON& Tower with Radar,974,155,25,6,1160,57,0,0,2,59,1031,155,25,8,1219,0,0,0,1219
12/29/2002,MSP,MN,AGL,CE,Combined TRACON& Tower with Radar,999,163,10,1,1173,37,0,0,0,37,1036,163,10,1,1210,0,0,0,1210
12/30/2002,MSP,MN,AGL,CE,Combined TRACON& Tower with Radar,1121,195,34,5,1355,0,0,0,0,0,1121,195,34,5,1355,0,0,0,1355
12/31/2002,MSP,MN,AGL,CE,Combined TRACON& Tower with Radar,1070,185,37,7,1299,37,7,0,0,44,1107,192,37,7,1343,0,0,0,1343
01/01/2003,MSP,MN,AGL,CE,Combined TRACON& Tower with Radar,971,168,10,1,1150,61,4,0,0,65,1032,172,10,1,1215,0,0,0,1215
01/02/2003,MSP,MN,AGL,CE,Combined TRACON& Tower with Radar,1103,192,59,0,1354,21,27,0,0,48,1124,219,59,0,1402,0,0,0,1402
01/03/2003,MSP,MN,AGL,CE,Combined TRACON& Tower with Radar,1152,200,62,8,1422,12,6,12,0,30,1164,206,74,8,1452,0,0,0,1452
01/04/2003,MSP,MN,AGL,CE,Combined TRACON& Tower with Radar,983,161,24,2,1170,56,0,0,0,56,1039,161,24,2,1226,0,0,0,1226
01/05/2003,MSP,MN,AGL,CE,Combined TRACON& Tower with Radar,957,152,30,6,1145,58,0,0,0,58,1015,152,30,6,1203,0,0,0,1203
01/06/2003,MSP,MN,AGL,CE,Combined TRACON& Tower with Radar,1101,182,59,10,1352,19,0,0,5,24,1120,182,59,15,1376,0,0,0,1376
01/07/2003,MSP,MN,AGL,CE,Combined TRACON& Tower with Radar,1088,193,60,8,1349,0,16,13,0,29,1088,209,73,8,1378,0,0,0,1378
01/08/2003,MSP,MN,AGL,CE,Combined TRACON& Tower with Radar,1098,195,61,10,1364,0,0,65,1,66,1098,195,126,11,1430,0,0,0,1430
01/09/2003,MSP,MN,AGL,CE,Combined TRACON& Tower with Radar,1096,196,61,8,1361,0,3,22,0,25,1096,199,83,8,1386,0,0,0,1386
01/10/2003,MSP,MN,AGL,CE,Combined TRACON& Tower with Radar,1112,197,60,6,1375,0,5,16,0,21,1112,202,76,6,1396,0,0,0,1396
01/11/2003,MSP,MN,AGL,CE,Combined TRACON& Tower with Radar,922,139,32,0,1093,62,0,0,0,62,984,139,32,0,1155,0,0,0,1155
01/12/2003,MSP,MN,AGL,CE,Combined TRACON& Tower with Radar,957,153,39,8,1157,0,0,0,2,2,957,153,39,10,1159,0,0,0,1159
01/13/2003,MSP,MN,AGL,CE,Combined TRACON& Tower with Radar,1067,178,57,4,1306,1,0,27,0,28,1068,178,84,4,1334,0,0,0,1334
01/14/2003,MSP,MN,AGL,CE,Combined TRACON& Tower with Radar,1090,197,62,9,1358,0,11,17,9,37,1090,208,79,18,1395,0,0,0,1395
01/15/2003,MSP,MN,AGL,CE,Combined TRACON& Tower with Radar,1106,199,62,9,1376,0,5,68,12,85,1106,204,130,21,1461,0,0,0,1461
01/16/2003,MSP,MN,AGL,CE,Combined TRACON& Tower with Radar,1096,199,63,9,1367,0,12,55,10,77,1096,211,118,19,1444,0,0,0,1444
01/17/2003,MSP,MN,AGL,CE,Combined TRACON& Tower with Radar,1126,199,63,9,1397,0,12,68,1,81,1126,211,131,10,1478,0,0,0,1478
01/18/2003,MSP,MN,AGL,CE,Combined TRACON& Tower with Radar,0,0,49,0,49,0,0,7,0,7,0,0,56,0,56,0,0,0,56
01/19/2003,MSP,MN,AGL,CE,Combined TRACON& Tower with Radar,916,154,33,5,1108,49,0,0,0,49,965,154,33,5,1157,0,0,0,1157
01/20/2003,MSP,MN,AGL,CE,Combined TRACON& Tower with Radar,1075,187,60,2,1324,0,0,28,0,28,1075,187,88,2,1352,0,0,0,1352
01/21/2003,MSP,MN,AGL,CE,Combined TRACON& Tower with Radar,1080,192,61,8,1341,0,9,24,8,41,1080,201,85,16,1382,0,0,0,1382
01/22/2003,MSP,MN,AGL,CE,Combined TRACON& Tower with Radar,1083,194,61,9,1347,0,14,61,11,86,1083,208,122,20,1433,0,0,0,1433
01/23/2003,MSP,MN,AGL,CE,Combined TRACON& Tower with Radar,1098,200,63,9,1370,0,13,53,5,71,1098,213,116,14,1441,0,0,0,1441
01/24/2003,MSP,MN,AGL,CE,Combined TRACON& Tower with Radar,1121,197,62,5,1385,0,2,27,0,29,1121,199,89,5,1414,0,0,0,1414
01/25/2003,MSP,MN,AGL,CE,Combined TRACON& Tower with Radar,925,138,27,3,1093,60,0,0,0,60,985,138,27,3,1153,0,0,0,1153
01/26/2003,MSP,MN,AGL,CE,Combined TRACON& Tower with Radar,941,151,30,1,1123,51,0,0,0,51,992,151,30,1,1174,0,0,0,1174
01/27/2003,MSP,MN,AGL,CE,Combined TRACON& Tower with Radar,1090,189,60,4,1343,0,6,16,0,22,1090,195,76,4,1365,0,0,0,1365
01/28/2003,MSP,MN,AGL,CE,Combined TRACON& Tower with Radar,1088,194,60,9,1351,0,11,38,0,49,1088,205,98,9,1400,0,0,0,1400
01/29/2003,MSP,MN,AGL,CE,Combined TRACON& Tower with Radar,1110,197,62,9,1378,0,17,35,16,68,1110,214,97,25,1446,0,0,0,1446
01/30/2003,MSP,MN,AGL,CE,Combined TRACON& Tower with Radar,1129,195,62,9,1395,1,8,7,0,16,1130,203,69,9,1411,0,0,0,1411
01/31/2003,MSP,MN,AGL,CE,Combined TRACON& Tower with Radar,1124,195,55,9,1383,0,7,0,0,7,1124,202,55,9,1390,0,0,0,1390
02/01/2003,MSP,MN,AGL,CE,Combined TRACON& Tower with Radar,915,139,22,3,1079,68,0,0,0,68,983,139,22,3,1147,0,0,0,1147
02/02/2003,MSP,MN,AGL,CE,Combined TRACON& Tower with Radar,834,116,30,2,982,53,0,0,0,53,887,116,30,2,1035,0,0,0,1035
02/03/2003,MSP,MN,AGL,CE,Combined TRACON& Tower with Radar,1077,181,60,5,1323,13,0,4,0,17,1090,181,64,5,1340,0,0,0,1340
02/04/2003,MSP,MN,AGL,CE,Combined TRACON& Tower with Radar,1095,196,64,7,1362,0,5,49,4,58,1095,201,113,11,1420,0,0,0,1420
02/05/2003,MSP,MN,AGL,CE,Combined TRACON& Tower with Radar,1134,182,64,7,1387,20,0,16,3,39,1154,182,80,10,1426,0,0,0,1426
02/06/2003,MSP,MN,AGL,CE,Combined TRACON& Tower with Radar,1149,204,67,7,1427,0,19,9,5,33,1149,223,76,12,1460,0,0,0,1460
02/07/2003,MSP,MN,AGL,CE,Combined TRACON& Tower with Radar,1104,196,65,6,1371,0,29,11,0,40,1104,225,76,6,1411,0,0,0,1411
02/08/2003,MSP,MN,AGL,CE,Combined TRACON& Tower with Radar,934,137,32,2,1105,54,0,0,0,54,988,137,32,2,1159,0,0,0,1159
02/09/2003,MSP,MN,AGL,CE,Combined TRACON& Tower with Radar,927,146,35,5,1113,50,0,0,0,50,977,146,35,5,1163,0,0,0,1163
02/10/2003,MSP,MN,AGL,CE,Combined TRACON& Tower with Radar,1100,191,64,1,1356,0,12,14,0,26,1100,203,78,1,1382,0,0,0,1382
02/11/2003,MSP,MN,AGL,CE,Combined TRACON& Tower with Radar,1115,192,64,7,1378,0,0,16,3,19,1115,192,80,10,1397,0,0,0,1397
02/12/2003,MSP,MN,AGL,CE,Combined TRACON& Tower with Radar,1066,190,63,7,1326,0,21,44,8,73,1066,211,107,15,1399,0,0,0,1399
02/13/2003,MSP,MN,AGL,CE,Combined TRACON& Tower with Radar,1180,208,70,7,1465,0,26,33,4,63,1180,234,103,11,1528,0,0,0,1528
02/14/2003,MSP,MN,AGL,CE,Combined TRACON& Tower with Radar,1196,201,69,2,1468,17,0,7,0,24,1213,201,76,2,1492,0,0,0,1492
02/15/2003,MSP,MN,AGL,CE,Combined TRACON& Tower with Radar,1034,141,36,6,1217,0,0,0,4,4,1034,141,36,10,1221,0,0,0,1221
02/16/2003,MSP,MN,AGL,CE,Combined TRACON& Tower with Radar,962,158,42,2,1164,37,0,0,0,37,999,158,42,2,1201,0,0,0,1201
02/17/2003,MSP,MN,AGL,CE,Combined TRACON& Tower with Radar,1039,181,60,0,1280,0,14,10,0,24,1039,195,70,0,1304,0,0,0,1304
02/18/2003,MSP,MN,AGL,CE,Combined TRACON& Tower with Radar,1132,195,66,6,1399,0,10,7,0,17,1132,205,73,6,1416,0,0,0,1416
02/19/2003,MSP,MN,AGL,CE,Combined TRACON& Tower with Radar,1175,208,70,7,1460,0,18,24,11,53,1175,226,94,18,1513,0,0,0,1513
02/20/2003,MSP,MN,AGL,CE,Combined TRACON& Tower with Radar,1214,212,71,7,1504,0,25,43,11,79,1214,237,114,18,1583,0,0,0,1583
02/21/2003,MSP,MN,AGL,CE,Combined TRACON& Tower with Radar,1203,207,70,5,1485,0,11,2,0,13,1203,218,72,5,1498,0,0,0,1498
02/22/2003,MSP,MN,AGL,CE,Combined TRACON& Tower with Radar,991,161,32,0,1184,45,0,0,0,45,1036,161,32,0,1229,0,0,0,1229
02/23/2003,MSP,MN,AGL,CE,Combined TRACON& Tower with Radar,1003,159,54,1,1217,27,0,0,0,27,1030,159,54,1,1244,0,0,0,1244
02/24/2003,MSP,MN,AGL,CE,Combined TRACON& Tower with Radar,1148,194,66,1,1409,10,0,7,0,17,1158,194,73,1,1426,0,0,0,1426
02/25/2003,MSP,MN,AGL,CE,Combined TRACON& Tower with Radar,1159,205,69,6,1439,0,20,25,5,50,1159,225,94,11,1489,0,0,0,1489
02/26/2003,MSP,MN,AGL,CE,Combined TRACON& Tower with Radar,1176,206,69,6,1457,0,5,53,3,61,1176,211,122,9,1518,0,0,0,1518
02/27/2003,MSP,MN,AGL,CE,Combined TRACON& Tower with Radar,1191,211,69,4,1475,0,1,58,0,59,1191,212,127,4,1534,0,0,0,1534
02/28/2003,MSP,MN,AGL,CE,Combined TRACON& Tower with Radar,1206,213,70,6,1495,0,8,12,0,20,1206,221,82,6,1515,0,0,0,1515
03/01/2003,MSP,MN,AGL,CE,Combined TRACON& Tower with Radar,982,148,21,1,1152,61,0,0,0,61,1043,148,21,1,1213,0,0,0,1213
03/02/2003,MSP,MN,AGL,CE,Combined TRACON& Tower with Radar,1037,157,45,1,1240,40,0,0,0,40,1077,157,45,1,1280,0,0,0,1280
03/03/2003,MSP,MN,AGL,CE,Combined TRACON& Tower with Radar,1157,192,60,3,1412,13,0,7,0,20,1170,192,67,3,1432,0,0,0,1432
03/04/2003,MSP,MN,AGL,CE,Combined TRACON& Tower with Radar,1170,199,61,6,1436,0,9,27,1,37,1170,208,88,7,1473,0,0,0,1473
03/05/2003,MSP,MN,AGL,CE,Combined TRACON& Tower with Radar,1192,207,64,5,1468,0,12,34,0,46,1192,219,98,5,1514,5,0,5,1519
03/06/2003,MSP,MN,AGL,CE,Combined TRACON& Tower with Radar,1161,200,62,5,1428,0,15,43,1,59,1161,215,105,6,1487,0,0,0,1487
03/07/2003,MSP,MN,AGL,CE,Combined TRACON& Tower with Radar,1243,210,65,5,1523,0,8,6,0,14,1243,218,71,5,1537,0,0,0,1537
03/08/2003,MSP,MN,AGL,CE,Combined TRACON& Tower with Radar,934,129,43,3,1109,57,0,0,0,57,991,129,43,3,1166,0,0,0,1166
03/09/2003,MSP,MN,AGL,CE,Combined TRACON& Tower with Radar,1055,168,50,1,1274,30,0,0,0,30,1085,168,50,1,1304,0,0,0,1304
03/10/2003,MSP,MN,AGL,CE,Combined TRACON& Tower with Radar,1170,192,61,2,1425,7,0,16,0,23,1177,192,77,2,1448,0,0,0,1448
03/11/2003,MSP,MN,AGL,CE,Combined TRACON& Tower with Radar,1144,196,61,5,1406,0,11,18,4,33,1144,207,79,9,1439,0,0,0,1439
03/12/2003,MSP,MN,AGL,CE,Combined TRACON& Tower with Radar,1210,209,65,5,1489,0,22,42,1,65,1210,231,107,6,1554,0,0,0,1554
03/13/2003,MSP,MN,AGL,CE,Combined TRACON& Tower with Radar,1210,208,65,6,1489,0,8,39,0,47,1210,216,104,6,1536,0,0,0,1536
03/14/2003,MSP,MN,AGL,CE,Combined TRACON& Tower with Radar,1215,209,66,4,1494,0,11,10,0,21,1215,220,76,4,1515,0,0,0,1515
03/15/2003,MSP,MN,AGL,CE,Combined TRACON& Tower with Radar,1023,158,27,5,1213,44,0,0,1,45,1067,158,27,6,1258,0,0,0,1258
03/16/2003,MSP,MN,AGL,CE,Combined TRACON& Tower with Radar,1039,170,40,2,1251,47,0,0,0,47,1086,170,40,2,1298,0,0,0,1298
03/17/2003,MSP,MN,AGL,CE,Combined TRACON& Tower with Radar,1018,144,51,4,1217,34,0,0,0,34,1052,144,51,4,1251,0,0,0,1251
03/18/2003,MSP,MN,AGL,CE,Combined TRACON& Tower with Radar,1147,197,62,4,1410,0,6,25,1,32,1147,203,87,5,1442,0,0,0,1442
03/19/2003,MSP,MN,AGL,CE,Combined TRACON& Tower with Radar,1161,197,62,4,1424,0,11,51,3,65,1161,208,113,7,1489,0,0,0,1489
03/20/2003,MSP,MN,AGL,CE,Combined TRACON& Tower with Radar,1171,201,63,3,1438,0,20,19,0,39,1171,221,82,3,1477,0,0,0,1477
03/21/2003,MSP,MN,AGL,CE,Combined TRACON& Tower with Radar,1209,202,64,4,1479,13,11,2,0,26,1222,213,66,4,1505,0,0,0,1505
03/22/2003,MSP,MN,AGL,CE,Combined TRACON& Tower with Radar,1023,159,30,4,1216,49,0,0,2,51,1072,159,30,6,1267,0,0,0,1267
03/23/2003,MSP,MN,AGL,CE,Combined TRACON& Tower with Radar,1045,165,42,4,1256,33,0,0,4,37,1078,165,42,8,1293,0,0,0,1293
03/24/2003,MSP,MN,AGL,CE,Combined TRACON& Tower with Radar,1175,193,64,4,1436,0,0,13,5,18,1175,193,77,9,1454,0,0,0,1454
03/25/2003,MSP,MN,AGL,CE,Combined TRACON& Tower with Radar,1182,199,63,4,1448,0,7,5,4,16,1182,206,68,8,1464,0,0,0,1464
03/26/2003,MSP,MN,AGL,CE,Combined TRACON& Tower with Radar,1180,203,64,4,1451,0,11,53,6,70,1180,214,117,10,1521,0,0,0,1521
03/27/2003,MSP,MN,AGL,CE,Combined TRACON& Tower with Radar,1194,203,64,3,1464,0,12,30,0,42,1194,215,94,3,1506,0,0,0,1506
03/28/2003,MSP,MN,AGL,CE,Combined TRACON& Tower with Radar,1231,207,65,1,1504,0,17,8,0,25,1231,224,73,1,1529,0,0,0,1529
03/29/2003,MSP,MN,AGL,CE,Combined TRACON& Tower with Radar,1037,162,42,2,1243,32,0,0,0,32,1069,162,42,2,1275,0,0,0,1275
03/30/2003,MSP,MN,AGL,CE,Combined TRACON& Tower with Radar,1063,165,54,2,1284,31,0,1,0,32,1094,165,55,2,1316,0,0,0,1316
03/31/2003,MSP,MN,AGL,CE,Combined TRACON& Tower with Radar,1177,199,61,4,1441,0,4,12,2,18,1177,203,73,6,1459,0,0,0,1459
04/01/2003,MSP,MN,AGL,CE,Combined TRACON& Tower with Radar,1130,211,66,6,1413,52,0,24,0,76,1182,211,90,6,1489,0,0,0,1489
04/02/2003,MSP,MN,AGL,CE,Combined TRACON& Tower with Radar,1139,221,67,7,1434,25,0,50,7,82,1164,221,117,14,1516,0,0,0,1516
04/03/2003,MSP,MN,AGL,CE,Combined TRACON& Tower with Radar,1036,197,55,3,1291,88,0,0,0,88,1124,197,55,3,1379,0,0,0,1379
04/04/2003,MSP,MN,AGL,CE,Combined TRACON& Tower with Radar,1049,202,62,3,1316,62,0,6,0,68,1111,202,68,3,1384,0,0,0,1384
04/05/2003,MSP,MN,AGL,CE,Combined TRACON& Tower with Radar,950,159,43,6,1158,79,0,0,3,82,1029,159,43,9,1240,0,0,0,1240
04/06/2003,MSP,MN,AGL,CE,Combined TRACON& Tower with Radar,943,162,29,4,1138,101,0,0,0,101,1044,162,29,4,1239,0,0,0,1239
04/07/2003,MSP,MN,AGL,CE,Combined TRACON& Tower with Radar,1000,191,57,6,1254,54,0,10,0,64,1054,191,67,6,1318,0,0,0,1318
04/08/2003,MSP,MN,AGL,CE,Combined TRACON& Tower with Radar,1068,200,62,7,1337,21,0,101,7,129,1089,200,163,14,1466,0,0,0,1466
04/09/2003,MSP,MN,AGL,CE,Combined TRACON& Tower with Radar,1067,200,62,7,1336,39,0,66,3,108,1106,200,128,10,1444,0,0,0,1444
04/10/2003,MSP,MN,AGL,CE,Combined TRACON& Tower with Radar,1102,202,64,7,1375,18,0,64,4,86,1120,202,128,11,1461,0,0,0,1461
04/11/2003,MSP,MN,AGL,CE,Combined TRACON& Tower with Radar,1096,208,63,4,1371,23,0,34,0,57,1119,208,97,4,1428,0,0,0,1428
04/12/2003,MSP,MN,AGL,CE,Combined TRACON& Tower with Radar,850,142,16,2,1010,102,0,0,0,102,952,142,16,2,1112,0,0,0,1112
04/13/2003,MSP,MN,AGL,CE,Combined TRACON& Tower with Radar,899,155,49,4,1107,82,0,0,0,82,981,155,49,4,1189,0,0,0,1189
04/14/2003,MSP,MN,AGL,CE,Combined TRACON& Tower with Radar,1061,197,61,6,1325,16,0,31,1,48,1077,197,92,7,1373,0,0,0,1373
04/15/2003,MSP,MN,AGL,CE,Combined TRACON& Tower with Radar,1016,181,58,6,1261,10,0,31,4,45,1026,181,89,10,1306,0,0,0,1306
04/16/2003,MSP,MN,AGL,CE,Combined TRACON& Tower with Radar,1081,191,64,5,1341,69,0,16,0,85,1150,191,80,5,1426,0,0,0,1426
04/17/2003,MSP,MN,AGL,CE,Combined TRACON& Tower with Radar,1074,212,63,6,1355,47,0,1,3,51,1121,212,64,9,1406,0,0,0,1406
04/18/2003,MSP,MN,AGL,CE,Combined TRACON& Tower with Radar,1027,185,60,2,1274,82,0,0,0,82,1109,185,60,2,1356,0,0,0,1356
04/19/2003,MSP,MN,AGL,CE,Combined TRACON& Tower with Radar,842,142,15,1,1000,131,0,0,0,131,973,142,15,1,1131,0,0,0,1131
04/20/2003,MSP,MN,AGL,CE,Combined TRACON& Tower with Radar,951,146,22,0,1119,35,0,0,0,35,986,146,22,0,1154,0,0,0,1154
04/21/2003,MSP,MN,AGL,CE,Combined TRACON& Tower with Radar,1043,185,61,6,1295,40,0,21,4,65,1083,185,82,10,1360,0,0,0,1360
04/22/2003,MSP,MN,AGL,CE,Combined TRACON& Tower with Radar,1075,212,63,5,1355,21,0,15,0,36,1096,212,78,5,1391,0,0,0,1391
04/23/2003,MSP,MN,AGL,CE,Combined TRACON& Tower with Radar,1094,212,64,5,1375,2,0,15,0,17,1096,212,79,5,1392,4,0,4,1396
04/24/2003,MSP,MN,AGL,CE,Combined TRACON& Tower with Radar,1089,212,63,6,1370,27,0,36,0,63,1116,212,99,6,1433,0,0,0,1433
04/25/2003,MSP,MN,AGL,CE,Combined TRACON& Tower with Radar,1069,210,63,4,1346,39,0,13,0,52,1108,210,76,4,1398,0,0,0,1398
04/26/2003,MSP,MN,AGL,CE,Combined TRACON& Tower with Radar,872,156,41,3,1072,54,0,0,0,54,926,156,41,3,1126,0,0,0,1126
04/27/2003,MSP,MN,AGL,CE,Combined TRACON& Tower with Radar,883,167,44,5,1099,74,0,0,1,75,957,167,44,6,1174,0,0,0,1174
04/28/2003,MSP,MN,AGL,CE,Combined TRACON& Tower with Radar,1019,183,60,6,1268,56,0,27,2,85,1075,183,87,8,1353,0,0,0,1353
04/29/2003,MSP,MN,AGL,CE,Combined TRACON& Tower with Radar,1058,216,62,4,1340,0,0,25,0,25,1058,216,87,4,1365,0,0,0,1365
04/30/2003,MSP,MN,AGL,CE,Combined TRACON& Tower with Radar,1062,203,62,5,1332,32,0,25,0,57,1094,203,87,5,1389,0,0,0,1389
05/01/2003,MSP,MN,AGL,CE,Combined TRACON& Tower with Radar,977,342,59,5,1383,0,8,33,4,45,977,350,92,9,1428,0,0,0,1428
05/02/2003,MSP,MN,AGL,CE,Combined TRACON& Tower with Radar,998,352,60,6,1416,0,26,32,2,60,998,378,92,8,1476,0,0,0,1476
05/03/2003,MSP,MN,AGL,CE,Combined TRACON& Tower with Radar,801,262,46,4,1113,24,0,3,0,27,825,262,49,4,1140,0,0,0,1140
05/04/2003,MSP,MN,AGL,CE,Combined TRACON& Tower with Radar,836,274,36,2,1148,25,0,0,0,25,861,274,36,2,1173,0,0,0,1173
05/05/2003,MSP,MN,AGL,CE,Combined TRACON& Tower with Radar,952,334,58,5,1349,0,9,29,3,41,952,343,87,8,1390,0,0,0,1390
05/06/2003,MSP,MN,AGL,CE,Combined TRACON& Tower with Radar,966,342,59,1,1368,0,18,45,0,63,966,360,104,1,1431,0,0,0,1431
05/07/2003,MSP,MN,AGL,CE,Combined TRACON& Tower with Radar,981,344,59,2,1386,0,8,144,0,152,981,352,203,2,1538,0,0,0,1538
05/08/2003,MSP,MN,AGL,CE,Combined TRACON& Tower with Radar,969,333,57,2,1361,0,10,61,0,71,969,343,118,2,1432,0,0,0,1432
05/09/2003,MSP,MN,AGL,CE,Combined TRACON& Tower with Radar,945,297,56,2,1300,11,0,5,0,16,956,297,61,2,1316,0,0,0,1316
05/10/2003,MSP,MN,AGL,CE,Combined TRACON& Tower with Radar,803,270,28,0,1101,32,0,0,0,32,835,270,28,0,1133,0,0,0,1133
05/11/2003,MSP,MN,AGL,CE,Combined TRACON& Tower with Radar,734,189,19,0,942,93,0,0,0,93,827,189,19,0,1035,0,0,0,1035
05/12/2003,MSP,MN,AGL,CE,Combined TRACON& Tower with Radar,949,326,57,3,1335,0,12,17,0,29,949,338,74,3,1364,0,0,0,1364
05/13/2003,MSP,MN,AGL,CE,Combined TRACON& Tower with Radar,983,344,60,5,1392,0,1,33,0,34,983,345,93,5,1426,0,0,0,1426
05/14/2003,MSP,MN,AGL,CE,Combined TRACON& Tower with Radar,974,341,60,3,1378,0,3,47,0,50,974,344,107,3,1428,0,0,0,1428
05/15/2003,MSP,MN,AGL,CE,Combined TRACON& Tower with Radar,988,339,59,4,1390,0,22,205,0,227,988,361,264,4,1617,0,0,0,1617
05/16/2003,MSP,MN,AGL,CE,Combined TRACON& Tower with Radar,986,333,58,5,1382,0,15,184,1,200,986,348,242,6,1582,0,0,0,1582
05/17/2003,MSP,MN,AGL,CE,Combined TRACON& Tower with Radar,797,268,22,4,1091,51,10,0,1,62,848,278,22,5,1153,0,0,0,1153
05/18/2003,MSP,MN,AGL,CE,Combined TRACON& Tower with Radar,851,279,49,2,1181,34,0,0,0,34,885,279,49,2,1215,0,0,0,1215
05/19/2003,MSP,MN,AGL,CE,Combined TRACON& Tower with Radar,835,215,37,1,1088,88,0,0,0,88,923,215,37,1,1176,0,0,0,1176
05/20/2003,MSP,MN,AGL,CE,Combined TRACON& Tower with Radar,1037,358,63,5,1463,0,18,17,1,36,1037,376,80,6,1499,0,0,0,1499
05/21/2003,MSP,MN,AGL,CE,Combined TRACON& Tower with Radar,995,339,60,4,1398,0,15,198,3,216,995,354,258,7,1614,0,0,0,1614
05/22/2003,MSP,MN,AGL,CE,Combined TRACON& Tower with Radar,995,334,59,4,1392,0,8,4,2,14,995,342,63,6,1406,0,0,0,1406
05/23/2003,MSP,MN,AGL,CE,Combined TRACON& Tower with Radar,977,331,58,4,1370,0,9,7,4,20,977,340,65,8,1390,0,0,0,1390
05/24/2003,MSP,MN,AGL,CE,Combined TRACON& Tower with Radar,793,266,32,1,1092,37,1,0,0,38,830,267,32,1,1130,0,0,0,1130
05/25/2003,MSP,MN,AGL,CE,Combined TRACON& Tower with Radar,754,253,24,0,1031,37,4,0,0,41,791,257,24,0,1072,0,0,0,1072
05/26/2003,MSP,MN,AGL,CE,Combined TRACON& Tower with Radar,841,282,34,0,1157,34,0,0,0,34,875,282,34,0,1191,0,0,0,1191
05/27/2003,MSP,MN,AGL,CE,Combined TRACON& Tower with Radar,938,320,56,4,1318,0,2,28,8,38,938,322,84,12,1356,0,0,0,1356
05/28/2003,MSP,MN,AGL,CE,Combined TRACON& Tower with Radar,973,341,60,4,1378,0,6,78,2,86,973,347,138,6,1464,0,0,0,1464
05/29/2003,MSP,MN,AGL,CE,Combined TRACON& Tower with Radar,999,348,61,4,1412,0,8,26,7,41,999,356,87,11,1453,0,0,0,1453
05/30/2003,MSP,MN,AGL,CE,Combined TRACON& Tower with Radar,905,295,46,2,1248,27,0,0,0,27,932,295,46,2,1275,0,0,0,1275
05/31/2003,MSP,MN,AGL,CE,Combined TRACON& Tower with Radar,867,288,38,4,1197,38,0,0,0,38,905,288,38,4,1235,0,0,0,1235
06/01/2003,MSP,MN,AGL,CE,Combined TRACON& Tower with Radar,810,278,35,4,1127,63,0,0,0,63,873,278,35,4,1190,0,0,0,1190
06/02/2003,MSP,MN,AGL,CE,Combined TRACON& Tower with Radar,933,320,64,3,1320,11,0,28,0,39,944,320,92,3,1359,0,0,0,1359
06/03/2003,MSP,MN,AGL,CE,Combined TRACON& Tower with Radar,977,335,68,4,1384,0,0,52,0,52,977,335,120,4,1436,0,0,0,1436
06/04/2003,MSP,MN,AGL,CE,Combined TRACON& Tower with Radar,976,349,68,6,1399,9,0,21,0,30,985,349,89,6,1429,0,0,0,1429
06/05/2003,MSP,MN,AGL,CE,Combined TRACON& Tower with Radar,995,368,70,7,1440,0,14,30,12,56,995,382,100,19,1496,0,0,0,1496
06/06/2003,MSP,MN,AGL,CE,Combined TRACON& Tower with Radar,1018,372,71,3,1464,0,8,11,0,19,1018,380,82,3,1483,0,0,0,1483
06/07/2003,MSP,MN,AGL,CE,Combined TRACON& Tower with Radar,890,324,23,6,1243,48,3,0,3,54,938,327,23,9,1297,0,0,0,1297
06/08/2003,MSP,MN,AGL,CE,Combined TRACON& Tower with Radar,356,302,39,6,703,0,0,0,2,2,356,302,39,8,705,0,0,0,705
06/09/2003,MSP,MN,AGL,CE,Combined TRACON& Tower with Radar,996,361,70,7,1434,0,0,33,0,33,996,361,103,7,1467,0,0,0,1467
06/10/2003,MSP,MN,AGL,CE,Combined TRACON& Tower with Radar,1015,348,71,5,1439,0,0,15,0,15,1015,348,86,5,1454,0,0,0,1454
06/11/2003,MSP,MN,AGL,CE,Combined TRACON& Tower with Radar,1016,377,72,3,1468,0,0,33,0,33,1016,377,105,3,1501,0,0,0,1501
06/12/2003,MSP,MN,AGL,CE,Combined TRACON& Tower with Radar,1047,388,74,7,1516,0,14,24,0,38,1047,402,98,7,1554,0,0,0,1554
06/13/2003,MSP,MN,AGL,CE,Combined TRACON& Tower with Radar,1027,384,74,7,1492,0,12,33,0,45,1027,396,107,7,1537,0,0,0,1537
06/14/2003,MSP,MN,AGL,CE,Combined TRACON& Tower with Radar,912,332,39,1,1284,43,7,0,0,50,955,339,39,1,1334,0,0,0,1334
06/15/2003,MSP,MN,AGL,CE,Combined TRACON& Tower with Radar,920,325,55,1,1301,70,0,0,0,70,990,325,55,1,1371,0,0,0,1371
06/16/2003,MSP,MN,AGL,CE,Combined TRACON& Tower with Radar,995,365,72,7,1439,0,0,43,1,44,995,365,115,8,1483,0,0,0,1483
06/17/2003,MSP,MN,AGL,CE,Combined TRACON& Tower with Radar,1047,384,75,7,1513,0,0,27,1,28,1047,384,102,8,1541,0,0,0,1541
06/18/2003,MSP,MN,AGL,CE,Combined TRACON& Tower with Radar,1023,381,74,7,1485,0,22,96,3,121,1023,403,170,10,1606,0,0,0,1606
06/19/2003,MSP,MN,AGL,CE,Combined TRACON& Tower with Radar,1056,374,74,6,1510,5,0,98,1,104,1061,374,172,7,1614,0,0,0,1614
06/20/2003,MSP,MN,AGL,CE,Combined TRACON& Tower with Radar,1030,382,74,6,1492,0,19,52,2,73,1030,401,126,8,1565,0,0,0,1565
06/21/2003,MSP,MN,AGL,CE,Combined TRACON& Tower with Radar,907,328,39,2,1276,56,0,0,0,56,963,328,39,2,1332,0,0,0,1332
06/22/2003,MSP,MN,AGL,CE,Combined TRACON& Tower with Radar,930,330,56,4,1320,38,0,0,0,38,968,330,56,4,1358,0,0,0,1358
06/23/2003,MSP,MN,AGL,CE,Combined TRACON& Tower with Radar,1010,373,72,6,1461,0,0,21,2,23,1010,373,93,8,1484,0,0,0,1484
06/24/2003,MSP,MN,AGL,CE,Combined TRACON& Tower with Radar,1012,363,71,6,1452,0,0,7,1,8,1012,363,78,7,1460,0,0,0,1460
06/25/2003,MSP,MN,AGL,CE,Combined TRACON& Tower with Radar,970,360,69,6,1405,0,10,75,2,87,970,370,144,8,1492,0,0,0,1492
06/26/2003,MSP,MN,AGL,CE,Combined TRACON& Tower with Radar,1061,374,77,6,1518,0,0,95,1,96,1061,374,172,7,1614,0,0,0,1614
06/27/2003,MSP,MN,AGL,CE,Combined TRACON& Tower with Radar,1023,384,74,7,1488,0,18,22,3,43,1023,402,96,10,1531,0,0,0,1531
06/28/2003,MSP,MN,AGL,CE,Combined TRACON& Tower with Radar,911,322,29,4,1266,52,0,0,0,52,963,322,29,4,1318,0,0,0,1318
06/29/2003,MSP,MN,AGL,CE,Combined TRACON& Tower with Radar,915,330,44,2,1291,51,0,0,0,51,966,330,44,2,1342,0,0,0,1342
06/30/2003,MSP,MN,AGL,CE,Combined TRACON& Tower with Radar,996,368,71,6,1441,0,4,19,3,26,996,372,90,9,1467,0,0,0,1467
07/01/2003,MSP,MN,AGL,CE,Combined TRACON& Tower with Radar,1029,388,68,6,1491,0,0,20,2,22,1029,388,88,8,1513,0,0,0,1513
07/02/2003,MSP,MN,AGL,CE,Combined TRACON& Tower with Radar,1023,386,67,3,1479,1,0,97,0,98,1024,386,164,3,1577,0,0,0,1577
07/03/2003,MSP,MN,AGL,CE,Combined TRACON& Tower with Radar,1038,392,69,4,1503,12,9,58,0,79,1050,401,127,4,1582,0,0,0,1582
07/04/2003,MSP,MN,AGL,CE,Combined TRACON& Tower with Radar,813,307,27,1,1148,45,6,0,0,51,858,313,27,1,1199,0,0,0,1199
07/05/2003,MSP,MN,AGL,CE,Combined TRACON& Tower with Radar,843,319,36,1,1199,43,2,0,0,45,886,321,36,1,1244,0,0,0,1244
07/06/2003,MSP,MN,AGL,CE,Combined TRACON& Tower with Radar,915,335,49,4,1303,41,0,0,0,41,956,335,49,4,1344,0,0,0,1344
07/07/2003,MSP,MN,AGL,CE,Combined TRACON& Tower with Radar,1001,383,68,6,1458,0,4,15,6,25,1001,387,83,12,1483,0,0,0,1483
07/08/2003,MSP,MN,AGL,CE,Combined TRACON& Tower with Radar,1013,393,70,6,1482,0,1,22,6,29,1013,394,92,12,1511,0,0,0,1511
07/09/2003,MSP,MN,AGL,CE,Combined TRACON& Tower with Radar,1015,392,69,6,1482,0,14,11,3,28,1015,406,80,9,1510,0,0,0,1510
07/10/2003,MSP,MN,AGL,CE,Combined TRACON& Tower with Radar,1017,384,68,5,1474,7,16,14,0,37,1024,400,82,5,1511,0,0,0,1511
07/11/2003,MSP,MN,AGL,CE,Combined TRACON& Tower with Radar,1032,390,69,6,1497,0,7,11,6,24,1032,397,80,12,1521,0,0,0,1521
07/12/2003,MSP,MN,AGL,CE,Combined TRACON& Tower with Radar,929,342,50,4,1325,50,0,0,0,50,979,342,50,4,1375,0,0,0,1375
07/13/2003,MSP,MN,AGL,CE,Combined TRACON& Tower with Radar,916,343,35,1,1295,52,0,0,0,52,968,343,35,1,1347,0,0,0,1347
07/14/2003,MSP,MN,AGL,CE,Combined TRACON& Tower with Radar,924,310,62,4,1300,29,0,3,2,34,953,310,65,6,1334,0,0,0,1334
07/15/2003,MSP,MN,AGL,CE,Combined TRACON& Tower with Radar,1071,418,74,5,1568,0,4,42,11,57,1071,422,116,16,1625,0,0,0,1625
07/16/2003,MSP,MN,AGL,CE,Combined TRACON& Tower with Radar,1036,394,69,5,1504,0,8,27,3,38,1036,402,96,8,1542,0,0,0,1542
07/17/2003,MSP,MN,AGL,CE,Combined TRACON& Tower with Radar,1029,401,70,5,1505,0,8,46,2,56,1029,409,116,7,1561,0,0,0,1561
07/18/2003,MSP,MN,AGL,CE,Combined TRACON& Tower with Radar,1035,401,71,5,1512,0,4,48,9,61,1035,405,119,14,1573,0,0,0,1573
07/19/2003,MSP,MN,AGL,CE,Combined TRACON& Tower with Radar,929,329,56,3,1317,60,0,0,0,60,989,329,56,3,1377,0,0,0,1377
07/20/2003,MSP,MN,AGL,CE,Combined TRACON& Tower with Radar,927,322,59,1,1309,43,0,0,0,43,970,322,59,1,1352,0,0,0,1352
07/21/2003,MSP,MN,AGL,CE,Combined TRACON& Tower with Radar,990,385,68,1,1444,0,16,23,0,39,990,401,91,1,1483,0,0,0,1483
07/22/2003,MSP,MN,AGL,CE,Combined TRACON& Tower with Radar,1005,398,70,5,1478,0,20,46,0,66,1005,418,116,5,1544,0,0,0,1544
07/23/2003,MSP,MN,AGL,CE,Combined TRACON& Tower with Radar,1049,400,72,1,1522,0,0,117,0,117,1049,400,189,1,1639,0,0,0,1639
07/24/2003,MSP,MN,AGL,CE,Combined TRACON& Tower with Radar,1035,407,72,5,1519,0,16,51,1,68,1035,423,123,6,1587,0,0,0,1587
07/25/2003,MSP,MN,AGL,CE,Combined TRACON& Tower with Radar,1041,398,70,1,1510,0,23,13,0,36,1041,421,83,1,1546,0,0,0,1546
07/26/2003,MSP,MN,AGL,CE,Combined TRACON& Tower with Radar,919,339,46,2,1306,46,0,0,0,46,965,339,46,2,1352,0,0,0,1352
07/27/2003,MSP,MN,AGL,CE,Combined TRACON& Tower with Radar,921,330,62,3,1316,35,0,25,0,60,956,330,87,3,1376,0,0,0,1376
07/28/2003,MSP,MN,AGL,CE,Combined TRACON& Tower with Radar,997,385,68,0,1450,0,9,33,0,42,997,394,101,0,1492,0,0,0,1492
07/29/2003,MSP,MN,AGL,CE,Combined TRACON& Tower with Radar,1027,395,68,0,1490,0,21,5,0,26,1027,416,73,0,1516,0,0,0,1516
07/30/2003,MSP,MN,AGL,CE,Combined TRACON& Tower with Radar,1019,395,68,0,1482,0,4,34,0,38,1019,399,102,0,1520,0,0,0,1520
07/31/2003,MSP,MN,AGL,CE,Combined TRACON& Tower with Radar,1040,404,70,4,1518,0,9,38,0,47,1040,413,108,4,1565,0,0,0,1565
08/01/2003,MSP,MN,AGL,CE,Combined TRACON& Tower with Radar,1019,390,69,3,1481,0,21,5,0,26,1019,411,74,3,1507,0,0,0,1507
08/02/2003,MSP,MN,AGL,CE,Combined TRACON& Tower with Radar,902,335,47,3,1287,59,0,0,0,59,961,335,47,3,1346,0,0,0,1346
08/03/2003,MSP,MN,AGL,CE,Combined TRACON& Tower with Radar,911,324,50,2,1287,37,0,0,0,37,948,324,50,2,1324,0,0,0,1324
08/04/2003,MSP,MN,AGL,CE,Combined TRACON& Tower with Radar,1000,379,65,6,1450,2,3,18,0,23,1002,382,83,6,1473,0,0,0,1473
08/05/2003,MSP,MN,AGL,CE,Combined TRACON& Tower with Radar,1048,405,71,8,1532,0,7,20,7,34,1048,412,91,15,1566,0,0,0,1566
08/06/2003,MSP,MN,AGL,CE,Combined TRACON& Tower with Radar,1026,403,70,8,1507,0,17,29,4,50,1026,420,99,12,1557,0,0,0,1557
08/07/2003,MSP,MN,AGL,CE,Combined TRACON& Tower with Radar,1061,410,72,8,1551,0,10,75,4,89,1061,420,147,12,1640,0,0,0,1640
08/08/2003,MSP,MN,AGL,CE,Combined TRACON& Tower with Radar,1042,395,69,8,1514,0,21,10,0,31,1042,416,79,8,1545,0,0,0,1545
08/09/2003,MSP,MN,AGL,CE,Combined TRACON& Tower with Radar,912,339,48,3,1302,56,0,0,0,56,968,339,48,3,1358,0,0,0,1358
08/10/2003,MSP,MN,AGL,CE,Combined TRACON& Tower with Radar,929,334,61,0,1324,52,0,5,0,57,981,334,66,0,1381,0,0,0,1381
08/11/2003,MSP,MN,AGL,CE,Combined TRACON& Tower with Radar,990,381,67,8,1446,0,7,27,4,38,990,388,94,12,1484,0,0,0,1484
08/12/2003,MSP,MN,AGL,CE,Combined TRACON& Tower with Radar,1036,406,71,8,1521,0,1,31,2,34,1036,407,102,10,1555,0,0,0,1555
08/13/2003,MSP,MN,AGL,CE,Combined TRACON& Tower with Radar,1024,408,71,9,1512,0,12,110,8,130,1024,420,181,17,1642,0,0,0,1642
08/14/2003,MSP,MN,AGL,CE,Combined TRACON& Tower with Radar,1024,400,70,8,1502,0,3,36,2,41,1024,403,106,10,1543,0,0,0,1543
08/15/2003,MSP,MN,AGL,CE,Combined TRACON& Tower with Radar,1020,399,70,8,1497,0,18,53,5,76,1020,417,123,13,1573,0,0,0,1573
08/16/2003,MSP,MN,AGL,CE,Combined TRACON& Tower with Radar,923,342,54,5,1324,49,0,0,0,49,972,342,54,5,1373,0,0,0,1373
08/17/2003,MSP,MN,AGL,CE,Combined TRACON& Tower with Radar,939,336,59,4,1338,28,0,0,0,28,967,336,59,4,1366,0,0,0,1366
08/18/2003,MSP,MN,AGL,CE,Combined TRACON& Tower with Radar,1000,387,69,5,1461,0,12,19,0,31,1000,399,88,5,1492,0,0,0,1492
08/19/2003,MSP,MN,AGL,CE,Combined TRACON& Tower with Radar,1052,407,72,8,1539,0,8,15,4,27,1052,415,87,12,1566,0,0,0,1566
08/20/2003,MSP,MN,AGL,CE,Combined TRACON& Tower with Radar,1039,400,71,7,1517,0,16,7,2,25,1039,416,78,9,1542,0,0,0,1542
08/21/2003,MSP,MN,AGL,CE,Combined TRACON& Tower with Radar,1053,406,72,7,1538,0,3,30,1,34,1053,409,102,8,1572,0,0,0,1572
08/22/2003,MSP,MN,AGL,CE,Combined TRACON& Tower with Radar,1032,399,71,7,1509,0,6,24,4,34,1032,405,95,11,1543,0,0,0,1543
08/23/2003,MSP,MN,AGL,CE,Combined TRACON& Tower with Radar,911,335,52,4,1302,47,0,0,0,47,958,335,52,4,1349,0,0,0,1349
08/24/2003,MSP,MN,AGL,CE,Combined TRACON& Tower with Radar,930,336,62,2,1330,36,0,3,0,39,966,336,65,2,1369,0,0,0,1369
08/25/2003,MSP,MN,AGL,CE,Combined TRACON& Tower with Radar,1024,387,69,5,1485,0,3,22,0,25,1024,390,91,5,1510,0,0,0,1510
08/26/2003,MSP,MN,AGL,CE,Combined TRACON& Tower with Radar,1011,395,70,6,1482,0,9,32,0,41,1011,404,102,6,1523,0,0,0,1523
08/27/2003,MSP,MN,AGL,CE,Combined TRACON& Tower with Radar,1021,398,71,7,1497,0,7,105,4,116,1021,405,176,11,1613,0,0,0,1613
08/28/2003,MSP,MN,AGL,CE,Combined TRACON& Tower with Radar,1037,400,71,7,1515,0,0,58,10,68,1037,400,129,17,1583,0,0,0,1583
08/29/2003,MSP,MN,AGL,CE,Combined TRACON& Tower with Radar,1024,392,69,7,1492,0,10,31,1,42,1024,402,100,8,1534,0,0,0,1534
08/30/2003,MSP,MN,AGL,CE,Combined TRACON& Tower with Radar,868,319,53,3,1243,50,0,0,0,50,918,319,53,3,1293,0,0,0,1293
08/31/2003,MSP,MN,AGL,CE,Combined TRACON& Tower with Radar,782,290,38,5,1115,48,0,0,0,48,830,290,38,5,1163,0,0,0,1163
09/01/2003,MSP,MN,AGL,CE,Combined TRACON& Tower with Radar,874,329,37,0,1240,56,0,0,0,56,930,329,37,0,1296,0,0,0,1296
09/02/2003,MSP,MN,AGL,CE,Combined TRACON& Tower with Radar,946,370,72,6,1394,0,10,0,1,11,946,380,72,7,1405,0,0,0,1405
09/03/2003,MSP,MN,AGL,CE,Combined TRACON& Tower with Radar,972,386,75,6,1439,0,0,64,5,69,972,386,139,11,1508,0,0,0,1508
09/04/2003,MSP,MN,AGL,CE,Combined TRACON& Tower with Radar,973,386,75,6,1440,0,9,15,2,26,973,395,90,8,1466,0,0,0,1466
09/05/2003,MSP,MN,AGL,CE,Combined TRACON& Tower with Radar,963,385,75,6,1429,0,0,34,9,43,963,385,109,15,1472,0,0,0,1472
09/06/2003,MSP,MN,AGL,CE,Combined TRACON& Tower with Radar,815,303,60,3,1181,60,0,4,0,64,875,303,64,3,1245,0,0,0,1245
09/07/2003,MSP,MN,AGL,CE,Combined TRACON& Tower with Radar,855,306,57,5,1223,32,0,0,3,35,887,306,57,8,1258,0,0,0,1258
09/08/2003,MSP,MN,AGL,CE,Combined TRACON& Tower with Radar,938,368,71,2,1379,6,9,24,0,39,944,377,95,2,1418,0,0,0,1418
09/09/2003,MSP,MN,AGL,CE,Combined TRACON& Tower with Radar,959,388,74,6,1427,0,2,28,4,34,959,390,102,10,1461,0,0,0,1461
09/10/2003,MSP,MN,AGL,CE,Combined TRACON& Tower with Radar,957,378,72,6,1413,0,2,52,2,56,957,380,124,8,1469,0,0,0,1469
09/11/2003,MSP,MN,AGL,CE,Combined TRACON& Tower with Radar,908,375,71,6,1360,0,36,50,4,90,908,411,121,10,1450,0,0,0,1450
09/12/2003,MSP,MN,AGL,CE,Combined TRACON& Tower with Radar,984,386,74,1,1445,17,3,0,0,20,1001,389,74,1,1465,0,0,0,1465
09/13/2003,MSP,MN,AGL,CE,Combined TRACON& Tower with Radar,817,313,34,4,1168,47,0,0,0,47,864,313,34,4,1215,0,0,0,1215
09/14/2003,MSP,MN,AGL,CE,Combined TRACON& Tower with Radar,837,327,63,2,1229,23,0,0,0,23,860,327,63,2,1252,0,0,0,1252
09/15/2003,MSP,MN,AGL,CE,Combined TRACON& Tower with Radar,937,377,74,5,1393,0,0,13,2,15,937,377,87,7,1408,0,0,0,1408
09/16/2003,MSP,MN,AGL,CE,Combined TRACON& Tower with Radar,946,382,74,5,1407,0,15,43,2,60,946,397,117,7,1467,0,0,0,1467
09/17/2003,MSP,MN,AGL,CE,Combined TRACON& Tower with Radar,960,391,76,5,1432,0,11,30,2,43,960,402,106,7,1475,0,0,0,1475
09/18/2003,MSP,MN,AGL,CE,Combined TRACON& Tower with Radar,940,387,75,1,1403,0,14,44,0,58,940,401,119,1,1461,0,0,0,1461
09/19/2003,MSP,MN,AGL,CE,Combined TRACON& Tower with Radar,979,382,76,3,1440,0,0,43,0,43,979,382,119,3,1483,0,0,0,1483
09/20/2003,MSP,MN,AGL,CE,Combined TRACON& Tower with Radar,821,310,61,4,1196,49,0,0,1,50,870,310,61,5,1246,0,0,0,1246
09/21/2003,MSP,MN,AGL,CE,Combined TRACON& Tower with Radar,790,275,60,2,1127,37,0,2,0,39,827,275,62,2,1166,0,0,0,1166
09/22/2003,MSP,MN,AGL,CE,Combined TRACON& Tower with Radar,974,386,75,5,1440,0,17,11,2,30,974,403,86,7,1470,0,0,0,1470
09/23/2003,MSP,MN,AGL,CE,Combined TRACON& Tower with Radar,952,381,74,5,1412,0,16,21,3,40,952,397,95,8,1452,0,0,0,1452
09/24/2003,MSP,MN,AGL,CE,Combined TRACON& Tower with Radar,930,372,72,5,1379,0,30,44,2,76,930,402,116,7,1455,0,0,0,1455
09/25/2003,MSP,MN,AGL,CE,Combined TRACON& Tower with Radar,1013,401,78,5,1497,0,2,20,0,22,1013,403,98,5,1519,0,0,0,1519
09/26/2003,MSP,MN,AGL,CE,Combined TRACON& Tower with Radar,959,375,72,0,1406,0,0,25,0,25,959,375,97,0,1431,0,0,0,1431
09/27/2003,MSP,MN,AGL,CE,Combined TRACON& Tower with Radar,814,308,43,0,1165,51,0,0,0,51,865,308,43,0,1216,0,0,0,1216
09/28/2003,MSP,MN,AGL,CE,Combined TRACON& Tower with Radar,840,319,64,1,1224,28,0,17,0,45,868,319,81,1,1269,0,0,0,1269
09/29/2003,MSP,MN,AGL,CE,Combined TRACON& Tower with Radar,937,375,73,4,1389,0,13,23,0,36,937,388,96,4,1425,0,0,0,1425
09/30/2003,MSP,MN,AGL,CE,Combined TRACON& Tower with Radar,960,381,74,5,1420,0,4,42,1,47,960,385,116,6,1467,0,0,0,1467
10/01/2003,MSP,MN,AGL,CE,Combined TRACON& Tower with Radar,967,385,73,5,1430,0,14,87,8,109,967,399,160,13,1539,0,0,0,1539
10/02/2003,MSP,MN,AGL,CE,Combined TRACON& Tower with Radar,984,384,74,5,1447,0,25,93,5,123,984,409,167,10,1570,0,0,0,1570
10/03/2003,MSP,MN,AGL,CE,Combined TRACON& Tower with Radar,983,379,72,0,1434,0,0,12,0,12,983,379,84,0,1446,0,0,0,1446
10/04/2003,MSP,MN,AGL,CE,Combined TRACON& Tower with Radar,829,315,61,2,1207,50,0,4,0,54,879,315,65,2,1261,0,0,0,1261
10/05/2003,MSP,MN,AGL,CE,Combined TRACON& Tower with Radar,849,307,61,3,1220,36,0,124,0,160,885,307,185,3,1380,0,0,0,1380
10/06/2003,MSP,MN,AGL,CE,Combined TRACON& Tower with Radar,945,367,70,1,1383,0,0,21,0,21,945,367,91,1,1404,0,0,0,1404
10/07/2003,MSP,MN,AGL,CE,Combined TRACON& Tower with Radar,985,387,72,5,1449,0,5,52,2,59,985,392,124,7,1508,0,0,0,1508
10/08/2003,MSP,MN,AGL,CE,Combined TRACON& Tower with Radar,968,383,72,5,1428,0,8,23,3,34,968,391,95,8,1462,0,0,0,1462
10/09/2003,MSP,MN,AGL,CE,Combined TRACON& Tower with Radar,997,391,75,5,1468,0,0,47,4,51,997,391,122,9,1519,0,0,0,1519
10/10/2003,MSP,MN,AGL,CE,Combined TRACON& Tower with Radar,995,387,74,2,1458,0,0,35,0,35,995,387,109,2,1493,0,0,0,1493
10/11/2003,MSP,MN,AGL,CE,Combined TRACON& Tower with Radar,813,307,40,0,1160,85,0,0,0,85,898,307,40,0,1245,0,0,0,1245
10/12/2003,MSP,MN,AGL,CE,Combined TRACON& Tower with Radar,843,318,45,2,1208,36,0,0,0,36,879,318,45,2,1244,0,0,0,1244
10/13/2003,MSP,MN,AGL,CE,Combined TRACON& Tower with Radar,942,367,70,0,1379,0,0,18,0,18,942,367,88,0,1397,0,0,0,1397
10/14/2003,MSP,MN,AGL,CE,Combined TRACON& Tower with Radar,968,380,74,5,1427,0,0,58,5,63,968,380,132,10,1490,0,0,0,1490
10/15/2003,MSP,MN,AGL,CE,Combined TRACON& Tower with Radar,977,385,74,5,1441,0,13,36,3,52,977,398,110,8,1493,0,0,0,1493
10/16/2003,MSP,MN,AGL,CE,Combined TRACON& Tower with Radar,1000,395,76,5,1476,0,9,12,4,25,1000,404,88,9,1501,0,0,0,1501
10/17/2003,MSP,MN,AGL,CE,Combined TRACON& Tower with Radar,1016,387,76,1,1480,0,0,38,0,38,1016,387,114,1,1518,0,0,0,1518
10/18/2003,MSP,MN,AGL,CE,Combined TRACON& Tower with Radar,819,318,61,0,1198,66,3,14,0,83,885,321,75,0,1281,0,0,0,1281
10/19/2003,MSP,MN,AGL,CE,Combined TRACON& Tower with Radar,886,329,66,1,1282,12,0,0,0,12,898,329,66,1,1294,0,0,0,1294
10/20/2003,MSP,MN,AGL,CE,Combined TRACON& Tower with Radar,961,370,72,5,1408,0,0,25,0,25,961,370,97,5,1433,0,0,0,1433
10/21/2003,MSP,MN,AGL,CE,Combined TRACON& Tower with Radar,966,386,73,5,1430,0,3,37,1,41,966,389,110,6,1471,0,0,0,1471
10/22/2003,MSP,MN,AGL,CE,Combined TRACON& Tower with Radar,970,391,75,4,1440,0,23,32,7,62,970,414,107,11,1502,0,0,0,1502
10/23/2003,MSP,MN,AGL,CE,Combined TRACON& Tower with Radar,983,389,74,4,1450,0,11,23,2,36,983,400,97,6,1486,0,0,0,1486
10/24/2003,MSP,MN,AGL,CE,Combined TRACON& Tower with Radar,970,376,64,2,1412,25,10,0,0,35,995,386,64,2,1447,0,0,0,1447
10/25/2003,MSP,MN,AGL,CE,Combined TRACON& Tower with Radar,804,311,33,2,1150,64,2,0,0,66,868,313,33,2,1216,0,0,0,1216
10/26/2003,MSP,MN,AGL,CE,Combined TRACON& Tower with Radar,846,318,61,1,1226,20,0,0,0,20,866,318,61,1,1246,0,0,0,1246
10/27/2003,MSP,MN,AGL,CE,Combined TRACON& Tower with Radar,937,364,70,4,1375,0,12,3,1,16,937,376,73,5,1391,0,0,0,1391
10/28/2003,MSP,MN,AGL,CE,Combined TRACON& Tower with Radar,987,382,73,4,1446,2,10,0,2,14,989,392,73,6,1460,0,0,0,1460
10/29/2003,MSP,MN,AGL,CE,Combined TRACON& Tower with Radar,957,385,73,4,1419,0,23,28,4,55,957,408,101,8,1474,0,0,0,1474
10/30/2003,MSP,MN,AGL,CE,Combined TRACON& Tower with Radar,1007,399,77,4,1487,0,5,19,6,30,1007,404,96,10,1517,0,0,0,1517
10/31/2003,MSP,MN,AGL,CE,Combined TRACON& Tower with Radar,973,377,72,0,1422,0,14,0,0,14,973,391,72,0,1436,0,0,0,1436
11/01/2003,MSP,MN,AGL,CE,Combined TRACON& Tower with Radar,763,301,37,5,1106,30,0,0,0,30,793,301,37,5,1136,5,0,5,1141
11/02/2003,MSP,MN,AGL,CE,Combined TRACON& Tower with Radar,821,314,59,3,1197,43,0,0,0,43,864,314,59,3,1240,0,0,0,1240
11/03/2003,MSP,MN,AGL,CE,Combined TRACON& Tower with Radar,899,363,73,0,1335,0,5,29,0,34,899,368,102,0,1369,0,0,0,1369
11/04/2003,MSP,MN,AGL,CE,Combined TRACON& Tower with Radar,973,397,80,9,1459,0,1,21,0,22,973,398,101,9,1481,0,0,0,1481
11/05/2003,MSP,MN,AGL,CE,Combined TRACON& Tower with Radar,955,391,78,9,1433,0,10,27,3,40,955,401,105,12,1473,0,0,0,1473
11/06/2003,MSP,MN,AGL,CE,Combined TRACON& Tower with Radar,980,394,80,8,1462,0,0,23,6,29,980,394,103,14,1491,0,0,0,1491
11/07/2003,MSP,MN,AGL,CE,Combined TRACON& Tower with Radar,963,389,79,6,1437,0,5,32,0,37,963,394,111,6,1474,0,0,0,1474
11/08/2003,MSP,MN,AGL,CE,Combined TRACON& Tower with Radar,814,317,60,2,1193,32,0,0,0,32,846,317,60,2,1225,0,0,0,1225
11/09/2003,MSP,MN,AGL,CE,Combined TRACON& Tower with Radar,838,319,51,1,1209,38,0,0,0,38,876,319,51,1,1247,0,0,0,1247
11/10/2003,MSP,MN,AGL,CE,Combined TRACON& Tower with Radar,929,368,75,8,1380,0,1,3,3,7,929,369,78,11,1387,0,0,0,1387
11/11/2003,MSP,MN,AGL,CE,Combined TRACON& Tower with Radar,963,391,79,1,1434,0,21,33,0,54,963,412,112,1,1488,0,0,0,1488
11/12/2003,MSP,MN,AGL,CE,Combined TRACON& Tower with Radar,932,390,79,7,1408,0,17,26,9,52,932,407,105,16,1460,0,0,0,1460
11/13/2003,MSP,MN,AGL,CE,Combined TRACON& Tower with Radar,987,397,81,4,1469,0,0,46,0,46,987,397,127,4,1515,0,0,0,1515
11/14/2003,MSP,MN,AGL,CE,Combined TRACON& Tower with Radar,971,395,81,8,1455,0,0,18,11,29,971,395,99,19,1484,0,0,0,1484
11/15/2003,MSP,MN,AGL,CE,Combined TRACON& Tower with Radar,808,303,38,1,1150,49,0,0,0,49,857,303,38,1,1199,0,0,0,1199
11/16/2003,MSP,MN,AGL,CE,Combined TRACON& Tower with Radar,828,310,47,3,1188,43,0,0,0,43,871,310,47,3,1231,0,0,0,1231
11/17/2003,MSP,MN,AGL,CE,Combined TRACON& Tower with Radar,924,369,74,7,1374,0,2,13,3,18,924,371,87,10,1392,0,0,0,1392
11/18/2003,MSP,MN,AGL,CE,Combined TRACON& Tower with Radar,952,394,80,7,1433,0,13,20,16,49,952,407,100,23,1482,0,0,0,1482
11/19/2003,MSP,MN,AGL,CE,Combined TRACON& Tower with Radar,955,397,80,8,1440,0,9,29,15,53,955,406,109,23,1493,0,0,0,1493
11/20/2003,MSP,MN,AGL,CE,Combined TRACON& Tower with Radar,981,404,81,8,1474,0,9,44,11,64,981,413,125,19,1538,0,0,0,1538
11/21/2003,MSP,MN,AGL,CE,Combined TRACON& Tower with Radar,977,394,80,5,1456,0,61,12,0,73,977,455,92,5,1529,0,0,0,1529
11/22/2003,MSP,MN,AGL,CE,Combined TRACON& Tower with Radar,815,316,52,0,1183,36,0,0,0,36,851,316,52,0,1219,0,0,0,1219
11/23/2003,MSP,MN,AGL,CE,Combined TRACON& Tower with Radar,685,213,45,0,943,88,0,0,0,88,773,213,45,0,1031,0,0,0,1031
11/24/2003,MSP,MN,AGL,CE,Combined TRACON& Tower with Radar,962,393,80,7,1442,0,21,26,9,56,962,414,106,16,1498,0,0,0,1498
11/25/2003,MSP,MN,AGL,CE,Combined TRACON& Tower with Radar,970,398,81,8,1457,0,13,58,13,84,970,411,139,21,1541,0,0,0,1541
11/26/2003,MSP,MN,AGL,CE,Combined TRACON& Tower with Radar,956,380,77,0,1413,0,18,1,0,19,956,398,78,0,1432,0,0,0,1432
11/27/2003,MSP,MN,AGL,CE,Combined TRACON& Tower with Radar,736,290,23,0,1049,46,8,0,0,54,782,298,23,0,1103,0,0,0,1103
11/28/2003,MSP,MN,AGL,CE,Combined TRACON& Tower with Radar,714,283,30,0,1027,25,25,0,0,50,739,308,30,0,1077,0,0,0,1077
11/29/2003,MSP,MN,AGL,CE,Combined TRACON& Tower with Radar,811,321,41,0,1173,34,12,0,0,46,845,333,41,0,1219,0,0,0,1219
11/30/2003,MSP,MN,AGL,CE,Combined TRACON& Tower with Radar,884,347,55,2,1288,29,0,0,0,29,913,347,55,2,1317,0,0,0,1317
12/01/2003,MSP,MN,AGL,CE,Combined TRACON& Tower with Radar,933,380,63,7,1383,0,10,26,0,36,933,390,89,7,1419,0,0,0,1419
12/02/2003,MSP,MN,AGL,CE,Combined TRACON& Tower with Radar,948,389,65,7,1409,0,27,2,5,34,948,416,67,12,1443,0,0,0,1443
12/03/2003,MSP,MN,AGL,CE,Combined TRACON& Tower with Radar,937,385,64,8,1394,0,25,24,4,53,937,410,88,12,1447,0,0,0,1447
12/04/2003,MSP,MN,AGL,CE,Combined TRACON& Tower with Radar,949,387,65,7,1408,0,11,23,6,40,949,398,88,13,1448,0,0,0,1448
12/05/2003,MSP,MN,AGL,CE,Combined TRACON& Tower with Radar,928,379,63,5,1375,0,17,20,0,37,928,396,83,5,1412,0,0,0,1412
12/06/2003,MSP,MN,AGL,CE,Combined TRACON& Tower with Radar,761,300,31,4,1096,13,11,0,0,24,774,311,31,4,1120,0,0,0,1120
12/07/2003,MSP,MN,AGL,CE,Combined TRACON& Tower with Radar,819,310,54,2,1185,21,0,4,0,25,840,310,58,2,1210,0,0,0,1210
12/08/2003,MSP,MN,AGL,CE,Combined TRACON& Tower with Radar,905,373,62,7,1347,0,16,19,6,41,905,389,81,13,1388,0,0,0,1388
12/09/2003,MSP,MN,AGL,CE,Combined TRACON& Tower with Radar,848,285,56,3,1192,33,0,21,0,54,881,285,77,3,1246,0,0,0,1246
12/10/2003,MSP,MN,AGL,CE,Combined TRACON& Tower with Radar,945,390,65,7,1407,0,16,27,3,46,945,406,92,10,1453,0,0,0,1453
12/11/2003,MSP,MN,AGL,CE,Combined TRACON& Tower with Radar,949,395,66,3,1413,0,10,50,0,60,949,405,116,3,1473,0,0,0,1473
12/12/2003,MSP,MN,AGL,CE,Combined TRACON& Tower with Radar,958,399,68,7,1432,0,10,25,12,47,958,409,93,19,1479,0,0,0,1479
12/13/2003,MSP,MN,AGL,CE,Combined TRACON& Tower with Radar,803,315,44,1,1163,17,0,0,0,17,820,315,44,1,1180,0,0,0,1180
12/14/2003,MSP,MN,AGL,CE,Combined TRACON& Tower with Radar,807,297,46,3,1153,39,0,0,0,39,846,297,46,3,1192,0,0,0,1192
12/15/2003,MSP,MN,AGL,CE,Combined TRACON& Tower with Radar,837,346,59,3,1245,0,17,34,0,51,837,363,93,3,1296,0,0,0,1296
12/16/2003,MSP,MN,AGL,CE,Combined TRACON& Tower with Radar,955,386,66,6,1413,0,7,13,5,25,955,393,79,11,1438,0,0,0,1438
12/17/2003,MSP,MN,AGL,CE,Combined TRACON& Tower with Radar,985,405,69,7,1466,0,3,35,11,49,985,408,104,18,1515,0,0,0,1515
12/18/2003,MSP,MN,AGL,CE,Combined TRACON& Tower with Radar,1022,399,69,7,1497,0,0,33,7,40,1022,399,102,14,1537,0,0,0,1537
12/19/2003,MSP,MN,AGL,CE,Combined TRACON& Tower with Radar,1038,412,69,6,1525,0,2,31,0,33,1038,414,100,6,1558,0,0,0,1558
12/20/2003,MSP,MN,AGL,CE,Combined TRACON& Tower with Radar,934,330,60,0,1324,31,0,0,0,31,965,330,60,0,1355,0,0,0,1355
12/21/2003,MSP,MN,AGL,CE,Combined TRACON& Tower with Radar,878,334,48,0,1260,42,0,0,0,42,920,334,48,0,1302,0,0,0,1302
12/22/2003,MSP,MN,AGL,CE,Combined TRACON& Tower with Radar,976,384,65,7,1432,0,2,13,5,20,976,386,78,12,1452,0,0,0,1452
12/23/2003,MSP,MN,AGL,CE,Combined TRACON& Tower with Radar,1028,404,65,7,1504,2,5,0,5,12,1030,409,65,12,1516,0,0,0,1516
12/24/2003,MSP,MN,AGL,CE,Combined TRACON& Tower with Radar,922,362,34,0,1318,35,12,0,0,47,957,374,34,0,1365,0,0,0,1365
12/25/2003,MSP,MN,AGL,CE,Combined TRACON& Tower with Radar,777,303,34,0,1114,58,0,0,0,58,835,303,34,0,1172,0,0,0,1172
12/26/2003,MSP,MN,AGL,CE,Combined TRACON& Tower with Radar,966,380,65,0,1411,3,6,4,0,13,969,386,69,0,1424,0,0,0,1424
12/27/2003,MSP,MN,AGL,CE,Combined TRACON& Tower with Radar,884,330,28,0,1242,57,0,0,0,57,941,330,28,0,1299,0,0,0,1299
12/28/2003,MSP,MN,AGL,CE,Combined TRACON& Tower with Radar,870,323,37,1,1231,57,0,0,0,57,927,323,37,1,1288,0,0,0,1288
12/29/2003,MSP,MN,AGL,CE,Combined TRACON& Tower with Radar,950,365,49,6,1370,29,0,0,4,33,979,365,49,10,1403,0,0,0,1403
12/30/2003,MSP,MN,AGL,CE,Combined TRACON& Tower with Radar,1013,398,40,6,1457,19,3,0,1,23,1032,401,40,7,1480,0,0,0,1480
12/31/2003,MSP,MN,AGL,CE,Combined TRACON& Tower with Radar,942,371,35,0,1348,41,6,0,0,47,983,377,35,0,1395,0,0,0,1395
01/01/2004,MSP,MN,AGL,CE,Combined TRACON& Tower with Radar,861,334,22,0,1217,45,15,0,0,60,906,349,22,0,1277,0,0,0,1277
01/02/2004,MSP,MN,AGL,CE,Combined TRACON& Tower with Radar,947,368,36,1,1352,38,12,0,0,50,985,380,36,1,1402,0,0,0,1402
01/03/2004,MSP,MN,AGL,CE,Combined TRACON& Tower with Radar,891,326,53,0,1270,46,0,0,0,46,937,326,53,0,1316,0,0,0,1316
01/04/2004,MSP,MN,AGL,CE,Combined TRACON& Tower with Radar,839,325,48,1,1213,38,9,0,0,47,877,334,48,1,1260,0,0,0,1260
01/05/2004,MSP,MN,AGL,CE,Combined TRACON& Tower with Radar,952,374,69,7,1402,0,13,11,1,25,952,387,80,8,1427,0,0,0,1427
01/06/2004,MSP,MN,AGL,CE,Combined TRACON& Tower with Radar,979,376,71,7,1433,0,0,8,5,13,979,376,79,12,1446,0,0,0,1446
01/07/2004,MSP,MN,AGL,CE,Combined TRACON& Tower with Radar,959,390,72,7,1428,0,17,32,15,64,959,407,104,22,1492,0,0,0,1492
01/08/2004,MSP,MN,AGL,CE,Combined TRACON& Tower with Radar,990,395,74,7,1466,0,10,15,10,35,990,405,89,17,1501,0,0,0,1501
01/09/2004,MSP,MN,AGL,CE,Combined TRACON& Tower with Radar,995,387,74,8,1464,0,0,39,1,40,995,387,113,9,1504,0,0,0,1504
01/10/2004,MSP,MN,AGL,CE,Combined TRACON& Tower with Radar,703,179,47,0,929,113,0,0,0,113,816,179,47,0,1042,0,0,0,1042
01/11/2004,MSP,MN,AGL,CE,Combined TRACON& Tower with Radar,831,297,58,4,1190,38,0,0,0,38,869,297,58,4,1228,0,0,0,1228
01/12/2004,MSP,MN,AGL,CE,Combined TRACON& Tower with Radar,950,373,69,7,1399,0,6,8,7,21,950,379,77,14,1420,0,0,0,1420
01/13/2004,MSP,MN,AGL,CE,Combined TRACON& Tower with Radar,964,384,72,7,1427,0,17,10,6,33,964,401,82,13,1460,0,0,0,1460
01/14/2004,MSP,MN,AGL,CE,Combined TRACON& Tower with Radar,987,386,73,7,1453,0,0,10,7,17,987,386,83,14,1470,0,0,0,1470
01/15/2004,MSP,MN,AGL,CE,Combined TRACON& Tower with Radar,985,395,74,7,1461,0,11,25,3,39,985,406,99,10,1500,0,0,0,1500
01/16/2004,MSP,MN,AGL,CE,Combined TRACON& Tower with Radar,997,397,75,4,1473,0,5,24,0,29,997,402,99,4,1502,0,0,0,1502
01/17/2004,MSP,MN,AGL,CE,Combined TRACON& Tower with Radar,834,322,38,1,1195,31,1,0,0,32,865,323,38,1,1227,0,0,0,1227
01/18/2004,MSP,MN,AGL,CE,Combined TRACON& Tower with Radar,834,312,51,3,1200,40,0,0,0,40,874,312,51,3,1240,0,0,0,1240
01/19/2004,MSP,MN,AGL,CE,Combined TRACON& Tower with Radar,958,370,68,2,1398,2,10,0,0,12,960,380,68,2,1410,0,0,0,1410
01/20/2004,MSP,MN,AGL,CE,Combined TRACON& Tower with Radar,981,394,75,7,1457,0,2,33,6,41,981,396,108,13,1498,0,0,0,1498
01/21/2004,MSP,MN,AGL,CE,Combined TRACON& Tower with Radar,956,385,73,6,1420,0,19,23,1,43,956,404,96,7,1463,0,0,0,1463
01/22/2004,MSP,MN,AGL,CE,Combined TRACON& Tower with Radar,979,385,73,2,1439,0,14,18,0,32,979,399,91,2,1471,0,0,0,1471
01/23/2004,MSP,MN,AGL,CE,Combined TRACON& Tower with Radar,950,371,70,0,1391,0,16,7,0,23,950,387,77,0,1414,0,0,0,1414
01/24/2004,MSP,MN,AGL,CE,Combined TRACON& Tower with Radar,847,327,48,1,1223,38,3,0,0,41,885,330,48,1,1264,0,0,0,1264
01/25/2004,MSP,MN,AGL,CE,Combined TRACON& Tower with Radar,807,309,50,2,1168,31,0,0,0,31,838,309,50,2,1199,0,0,0,1199
01/26/2004,MSP,MN,AGL,CE,Combined TRACON& Tower with Radar,864,334,63,0,1261,2,14,7,0,23,866,348,70,0,1284,0,0,0,1284
01/27/2004,MSP,MN,AGL,CE,Combined TRACON& Tower with Radar,981,380,74,6,1441,0,0,24,2,26,981,380,98,8,1467,0,0,0,1467
01/28/2004,MSP,MN,AGL,CE,Combined TRACON& Tower with Radar,939,381,72,6,1398,0,34,24,3,61,939,415,96,9,1459,0,0,0,1459
01/29/2004,MSP,MN,AGL,CE,Combined TRACON& Tower with Radar,941,394,75,6,1416,0,21,23,4,48,941,415,98,10,1464,0,0,0,1464
01/30/2004,MSP,MN,AGL,CE,Combined TRACON& Tower with Radar,1000,390,74,6,1470,0,0,19,3,22,1000,390,93,9,1492,0,0,0,1492
01/31/2004,MSP,MN,AGL,CE,Combined TRACON& Tower with Radar,835,313,44,5,1197,41,0,0,1,42,876,313,44,6,1239,0,0,0,1239
02/01/2004,MSP,MN,AGL,CE,Combined TRACON& Tower with Radar,786,274,31,2,1093,66,0,0,0,66,852,274,31,2,1159,0,0,0,1159
02/02/2004,MSP,MN,AGL,CE,Combined TRACON& Tower with Radar,800,291,60,0,1151,29,0,2,0,31,829,291,62,0,1182,0,0,0,1182
02/03/2004,MSP,MN,AGL,CE,Combined TRACON& Tower with Radar,984,394,77,7,1462,0,24,27,7,58,984,418,104,14,1520,0,0,0,1520
02/04/2004,MSP,MN,AGL,CE,Combined TRACON& Tower with Radar,964,381,74,7,1426,0,29,15,1,45,964,410,89,8,1471,0,0,0,1471
02/05/2004,MSP,MN,AGL,CE,Combined TRACON& Tower with Radar,957,381,74,4,1416,0,29,19,0,48,957,410,93,4,1464,0,0,0,1464
02/06/2004,MSP,MN,AGL,CE,Combined TRACON& Tower with Radar,971,389,76,7,1443,0,26,12,1,39,971,415,88,8,1482,0,0,0,1482
02/07/2004,MSP,MN,AGL,CE,Combined TRACON& Tower with Radar,870,324,61,1,1256,32,0,0,0,32,902,324,61,1,1288,0,0,0,1288
02/08/2004,MSP,MN,AGL,CE,Combined TRACON& Tower with Radar,871,322,65,6,1264,13,0,5,2,20,884,322,70,8,1284,0,0,0,1284
02/09/2004,MSP,MN,AGL,CE,Combined TRACON& Tower with Radar,976,385,75,7,1443,0,29,12,6,47,976,414,87,13,1490,0,0,0,1490
02/10/2004,MSP,MN,AGL,CE,Combined TRACON& Tower with Radar,953,379,74,6,1412,0,36,4,9,49,953,415,78,15,1461,0,0,0,1461
02/11/2004,MSP,MN,AGL,CE,Combined TRACON& Tower with Radar,1003,397,79,4,1483,0,16,21,0,37,1003,413,100,4,1520,0,0,0,1520
02/12/2004,MSP,MN,AGL,CE,Combined TRACON& Tower with Radar,1035,409,81,6,1531,0,25,24,4,53,1035,434,105,10,1584,0,0,0,1584
02/13/2004,MSP,MN,AGL,CE,Combined TRACON& Tower with Radar,1052,406,80,1,1539,0,3,30,0,33,1052,409,110,1,1572,0,0,0,1572
02/14/2004,MSP,MN,AGL,CE,Combined TRACON& Tower with Radar,898,333,47,1,1279,49,0,0,0,49,947,333,47,1,1328,0,0,0,1328
02/15/2004,MSP,MN,AGL,CE,Combined TRACON& Tower with Radar,669,254,50,3,976,261,81,7,0,349,930,335,57,3,1325,0,0,0,1325
02/16/2004,MSP,MN,AGL,CE,Combined TRACON& Tower with Radar,1008,386,77,6,1477,0,15,19,2,36,1008,401,96,8,1513,0,0,0,1513
02/17/2004,MSP,MN,AGL,CE,Combined TRACON& Tower with Radar,1030,406,81,6,1523,0,16,21,7,44,1030,422,102,13,1567,0,0,0,1567
02/18/2004,MSP,MN,AGL,CE,Combined TRACON& Tower with Radar,1039,404,80,6,1529,0,15,16,8,39,1039,419,96,14,1568,0,0,0,1568
02/19/2004,MSP,MN,AGL,CE,Combined TRACON& Tower with Radar,1038,400,70,6,1514,0,27,0,7,34,1038,427,70,13,1548,0,0,0,1548
02/20/2004,MSP,MN,AGL,CE,Combined TRACON& Tower with Radar,1037,398,79,5,1519,0,5,15,0,20,1037,403,94,5,1539,0,0,0,1539
02/21/2004,MSP,MN,AGL,CE,Combined TRACON& Tower with Radar,918,330,41,2,1291,61,0,0,0,61,979,330,41,2,1352,0,0,0,1352
02/22/2004,MSP,MN,AGL,CE,Combined TRACON& Tower with Radar,903,334,65,2,1304,33,0,0,0,33,936,334,65,2,1337,0,0,0,1337
02/23/2004,MSP,MN,AGL,CE,Combined TRACON& Tower with Radar,1015,389,77,6,1487,0,0,34,4,38,1015,389,111,10,1525,0,0,0,1525
02/24/2004,MSP,MN,AGL,CE,Combined TRACON& Tower with Radar,1026,405,80,6,1517,0,17,34,1,52,1026,422,114,7,1569,0,0,0,1569
02/25/2004,MSP,MN,AGL,CE,Combined TRACON& Tower with Radar,1024,409,81,6,1520,0,5,51,4,60,1024,414,132,10,1580,0,0,0,1580
02/26/2004,MSP,MN,AGL,CE,Combined TRACON& Tower with Radar,1035,406,81,6,1528,0,21,18,1,40,1035,427,99,7,1568,0,0,0,1568
02/27/2004,MSP,MN,AGL,CE,Combined TRACON& Tower with Radar,1062,418,82,3,1565,0,10,23,0,33,1062,428,105,3,1598,0,0,0,1598
02/28/2004,MSP,MN,AGL,CE,Combined TRACON& Tower with Radar,899,336,46,2,1283,58,0,0,0,58,957,336,46,2,1341,0,0,0,1341
02/29/2004,MSP,MN,AGL,CE,Combined TRACON& Tower with Radar,902,336,42,1,1281,40,0,0,0,40,942,336,42,1,1321,0,0,0,1321
03/01/2004,MSP,MN,AGL,CE,Combined TRACON& Tower with Radar,999,379,74,5,1457,7,0,9,0,16,1006,379,83,5,1473,0,0,0,1473
03/02/2004,MSP,MN,AGL,CE,Combined TRACON& Tower with Radar,1033,406,78,6,1523,0,20,13,2,35,1033,426,91,8,1558,0,0,0,1558
03/03/2004,MSP,MN,AGL,CE,Combined TRACON& Tower with Radar,1041,411,79,6,1537,0,9,17,0,26,1041,420,96,6,1563,0,0,0,1563
03/04/2004,MSP,MN,AGL,CE,Combined TRACON& Tower with Radar,1016,408,77,4,1505,0,20,17,0,37,1016,428,94,4,1542,0,0,0,1542
03/05/2004,MSP,MN,AGL,CE,Combined TRACON& Tower with Radar,884,295,60,3,1242,50,0,0,0,50,934,295,60,3,1292,0,0,0,1292
03/06/2004,MSP,MN,AGL,CE,Combined TRACON& Tower with Radar,928,340,50,2,1320,50,0,0,0,50,978,340,50,2,1370,0,0,0,1370
03/07/2004,MSP,MN,AGL,CE,Combined TRACON& Tower with Radar,907,341,53,4,1305,24,0,0,0,24,931,341,53,4,1329,0,0,0,1329
03/08/2004,MSP,MN,AGL,CE,Combined TRACON& Tower with Radar,1037,394,78,1,1510,0,0,15,0,15,1037,394,93,1,1525,0,0,0,1525
03/09/2004,MSP,MN,AGL,CE,Combined TRACON& Tower with Radar,1020,409,78,6,1513,0,14,33,5,52,1020,423,111,11,1565,0,0,0,1565
03/10/2004,MSP,MN,AGL,CE,Combined TRACON& Tower with Radar,1039,408,78,5,1530,0,19,20,1,40,1039,427,98,6,1570,0,0,0,1570
03/11/2004,MSP,MN,AGL,CE,Combined TRACON& Tower with Radar,1045,412,78,5,1540,0,18,22,1,41,1045,430,100,6,1581,0,0,0,1581
03/12/2004,MSP,MN,AGL,CE,Combined TRACON& Tower with Radar,761,307,79,1,1148,0,0,16,0,16,761,307,95,1,1164,0,0,0,1164
03/13/2004,MSP,MN,AGL,CE,Combined TRACON& Tower with Radar,895,338,38,2,1273,56,0,0,0,56,951,338,38,2,1329,0,0,0,1329
03/14/2004,MSP,MN,AGL,CE,Combined TRACON& Tower with Radar,911,340,56,0,1307,37,0,0,0,37,948,340,56,0,1344,0,0,0,1344
03/15/2004,MSP,MN,AGL,CE,Combined TRACON& Tower with Radar,1014,397,76,0,1487,0,8,22,0,30,1014,405,98,0,1517,0,0,0,1517
03/16/2004,MSP,MN,AGL,CE,Combined TRACON& Tower with Radar,984,397,76,5,1462,0,17,26,4,47,984,414,102,9,1509,0,0,0,1509
03/17/2004,MSP,MN,AGL,CE,Combined TRACON& Tower with Radar,1039,410,78,5,1532,0,0,32,8,40,1039,410,110,13,1572,0,0,0,1572
03/18/2004,MSP,MN,AGL,CE,Combined TRACON& Tower with Radar,1039,412,79,5,1535,0,14,19,2,35,1039,426,98,7,1570,0,0,0,1570
03/19/2004,MSP,MN,AGL,CE,Combined TRACON& Tower with Radar,1066,412,78,2,1558,0,1,10,0,11,1066,413,88,2,1569,0,0,0,1569
03/20/2004,MSP,MN,AGL,CE,Combined TRACON& Tower with Radar,911,346,46,4,1307,35,0,0,1,36,946,346,46,5,1343,0,0,0,1343
03/21/2004,MSP,MN,AGL,CE,Combined TRACON& Tower with Radar,920,340,63,3,1326,38,0,0,0,38,958,340,63,3,1364,0,0,0,1364
03/22/2004,MSP,MN,AGL,CE,Combined TRACON& Tower with Radar,1021,399,76,1,1497,0,4,29,0,33,1021,403,105,1,1530,0,0,0,1530
03/23/2004,MSP,MN,AGL,CE,Combined TRACON& Tower with Radar,1036,400,75,5,1516,0,13,0,3,16,1036,413,75,8,1532,0,0,0,1532
03/24/2004,MSP,MN,AGL,CE,Combined TRACON& Tower with Radar,1038,414,80,5,1537,0,10,37,10,57,1038,424,117,15,1594,0,0,0,1594
03/25/2004,MSP,MN,AGL,CE,Combined TRACON& Tower with Radar,1027,393,74,5,1499,6,0,0,5,11,1033,393,74,10,1510,0,0,0,1510
03/26/2004,MSP,MN,AGL,CE,Combined TRACON& Tower with Radar,1075,409,79,2,1565,8,0,7,0,15,1083,409,86,2,1580,0,0,0,1580
03/27/2004,MSP,MN,AGL,CE,Combined TRACON& Tower with Radar,905,333,35,2,1275,62,0,0,0,62,967,333,35,2,1337,0,0,0,1337
03/28/2004,MSP,MN,AGL,CE,Combined TRACON& Tower with Radar,900,337,57,0,1294,44,0,0,0,44,944,337,57,0,1338,0,0,0,1338
03/29/2004,MSP,MN,AGL,CE,Combined TRACON& Tower with Radar,1019,394,75,0,1488,0,16,1,0,17,1019,410,76,0,1505,0,0,0,1505
03/30/2004,MSP,MN,AGL,CE,Combined TRACON& Tower with Radar,1034,407,78,5,1524,0,21,19,6,46,1034,428,97,11,1570,0,0,0,1570
03/31/2004,MSP,MN,AGL,CE,Combined TRACON& Tower with Radar,1043,417,80,5,1545,0,13,32,5,50,1043,430,112,10,1595,0,0,0,1595
04/01/2004,MSP,MN,AGL,CE,Combined TRACON& Tower with Radar,1053,419,89,6,1567,0,0,15,0,15,1053,419,104,6,1582,0,0,0,1582
04/02/2004,MSP,MN,AGL,CE,Combined TRACON& Tower with Radar,1038,411,87,2,1538,10,0,15,0,25,1048,411,102,2,1563,0,0,0,1563
04/03/2004,MSP,MN,AGL,CE,Combined TRACON& Tower with Radar,900,358,52,1,1311,38,0,0,0,38,938,358,52,1,1349,0,0,0,1349
04/04/2004,MSP,MN,AGL,CE,Combined TRACON& Tower with Radar,910,351,74,4,1339,42,0,0,0,42,952,351,74,4,1381,0,0,0,1381
04/05/2004,MSP,MN,AGL,CE,Combined TRACON& Tower with Radar,991,397,83,1,1472,4,0,32,0,36,995,397,115,1,1508,0,0,0,1508
04/06/2004,MSP,MN,AGL,CE,Combined TRACON& Tower with Radar,1013,417,88,6,1524,0,0,30,7,37,1013,417,118,13,1561,0,0,0,1561
04/07/2004,MSP,MN,AGL,CE,Combined TRACON& Tower with Radar,1013,423,90,6,1532,0,14,21,7,42,1013,437,111,13,1574,0,0,0,1574
04/08/2004,MSP,MN,AGL,CE,Combined TRACON& Tower with Radar,1014,422,89,6,1531,0,5,32,4,41,1014,427,121,10,1572,0,0,0,1572
04/09/2004,MSP,MN,AGL,CE,Combined TRACON& Tower with Radar,993,400,85,2,1480,6,10,12,0,28,999,410,97,2,1508,0,0,0,1508
04/10/2004,MSP,MN,AGL,CE,Combined TRACON& Tower with Radar,823,329,42,1,1195,55,0,0,0,55,878,329,42,1,1250,0,0,0,1250
04/11/2004,MSP,MN,AGL,CE,Combined TRACON& Tower with Radar,854,330,51,0,1235,58,0,0,0,58,912,330,51,0,1293,0,0,0,1293
04/12/2004,MSP,MN,AGL,CE,Combined TRACON& Tower with Radar,987,396,84,5,1472,0,0,18,8,26,987,396,102,13,1498,0,0,0,1498
04/13/2004,MSP,MN,AGL,CE,Combined TRACON& Tower with Radar,1010,407,87,5,1509,0,0,23,2,25,1010,407,110,7,1534,0,0,0,1534
04/14/2004,MSP,MN,AGL,CE,Combined TRACON& Tower with Radar,1014,413,88,3,1518,0,0,58,0,58,1014,413,146,3,1576,0,0,0,1576
04/15/2004,MSP,MN,AGL,CE,Combined TRACON& Tower with Radar,1004,411,87,4,1506,0,12,27,0,39,1004,423,114,4,1545,0,0,0,1545
04/16/2004,MSP,MN,AGL,CE,Combined TRACON& Tower with Radar,1001,404,85,1,1491,0,5,21,0,26,1001,409,106,1,1517,0,0,0,1517
04/17/2004,MSP,MN,AGL,CE,Combined TRACON& Tower with Radar,842,338,69,4,1253,28,1,0,3,32,870,339,69,7,1285,0,0,0,1285
04/18/2004,MSP,MN,AGL,CE,Combined TRACON& Tower with Radar,633,196,54,2,885,105,0,0,0,105,738,196,54,2,990,0,0,0,990
04/19/2004,MSP,MN,AGL,CE,Combined TRACON& Tower with Radar,1054,412,90,2,1558,10,0,16,0,26,1064,412,106,2,1584,0,0,0,1584
04/20/2004,MSP,MN,AGL,CE,Combined TRACON& Tower with Radar,978,404,85,4,1471,0,16,10,0,26,978,420,95,4,1497,0,0,0,1497
04/21/2004,MSP,MN,AGL,CE,Combined TRACON& Tower with Radar,992,411,87,5,1495,0,0,31,5,36,992,411,118,10,1531,0,0,0,1531
04/22/2004,MSP,MN,AGL,CE,Combined TRACON& Tower with Radar,1004,413,88,5,1510,0,7,17,4,28,1004,420,105,9,1538,0,0,0,1538
04/23/2004,MSP,MN,AGL,CE,Combined TRACON& Tower with Radar,986,407,85,5,1483,0,8,39,0,47,986,415,124,5,1530,0,0,0,1530
04/24/2004,MSP,MN,AGL,CE,Combined TRACON& Tower with Radar,835,335,60,2,1232,17,1,0,0,18,852,336,60,2,1250,0,0,0,1250
04/25/2004,MSP,MN,AGL,CE,Combined TRACON& Tower with Radar,861,334,72,1,1268,24,0,0,0,24,885,334,72,1,1292,0,0,0,1292
04/26/2004,MSP,MN,AGL,CE,Combined TRACON& Tower with Radar,932,375,78,3,1388,13,31,40,0,84,945,406,118,3,1472,0,0,0,1472
04/27/2004,MSP,MN,AGL,CE,Combined TRACON& Tower with Radar,987,414,87,4,1492,0,20,20,0,40,987,434,107,4,1532,0,0,0,1532
04/28/2004,MSP,MN,AGL,CE,Combined TRACON& Tower with Radar,983,408,85,5,1481,0,16,25,3,44,983,424,110,8,1525,0,0,0,1525
04/29/2004,MSP,MN,AGL,CE,Combined TRACON& Tower with Radar,972,399,83,5,1459,0,16,15,9,40,972,415,98,14,1499,0,0,0,1499
04/30/2004,MSP,MN,AGL,CE,Combined TRACON& Tower with Radar,975,406,84,5,1470,0,12,27,0,39,975,418,111,5,1509,0,0,0,1509
05/01/2004,MSP,MN,AGL,CE,Combined TRACON& Tower with Radar,845,336,67,2,1250,48,0,0,0,48,893,336,67,2,1298,0,0,0,1298
05/02/2004,MSP,MN,AGL,CE,Combined TRACON& Tower with Radar,863,345,73,5,1286,25,0,7,1,33,888,345,80,6,1319,0,0,0,1319
05/03/2004,MSP,MN,AGL,CE,Combined TRACON& Tower with Radar,979,411,83,5,1478,0,8,11,0,19,979,419,94,5,1497,0,0,0,1497
05/04/2004,MSP,MN,AGL,CE,Combined TRACON& Tower with Radar,973,418,85,4,1480,0,0,37,0,37,973,418,122,4,1517,0,0,0,1517
05/05/2004,MSP,MN,AGL,CE,Combined TRACON& Tower with Radar,994,426,86,4,1510,0,5,44,0,49,994,431,130,4,1559,0,0,0,1559
05/06/2004,MSP,MN,AGL,CE,Combined TRACON& Tower with Radar,995,421,86,5,1507,0,2,10,5,17,995,423,96,10,1524,0,0,0,1524
05/07/2004,MSP,MN,AGL,CE,Combined TRACON& Tower with Radar,976,414,84,5,1479,0,14,21,0,35,976,428,105,5,1514,0,0,0,1514
05/08/2004,MSP,MN,AGL,CE,Combined TRACON& Tower with Radar,829,337,42,1,1209,44,0,0,0,44,873,337,42,1,1253,0,0,0,1253
05/09/2004,MSP,MN,AGL,CE,Combined TRACON& Tower with Radar,749,296,51,2,1098,90,0,0,0,90,839,296,51,2,1188,0,0,0,1188
05/10/2004,MSP,MN,AGL,CE,Combined TRACON& Tower with Radar,997,414,84,2,1497,0,1,18,0,19,997,415,102,2,1516,0,0,0,1516
05/11/2004,MSP,MN,AGL,CE,Combined TRACON& Tower with Radar,976,416,84,5,1481,0,20,41,8,69,976,436,125,13,1550,0,0,0,1550
05/12/2004,MSP,MN,AGL,CE,Combined TRACON& Tower with Radar,970,403,82,3,1458,11,7,6,0,24,981,410,88,3,1482,0,0,0,1482
05/13/2004,MSP,MN,AGL,CE,Combined TRACON& Tower with Radar,979,419,85,2,1485,0,21,32,0,53,979,440,117,2,1538,0,0,0,1538
05/14/2004,MSP,MN,AGL,CE,Combined TRACON& Tower with Radar,980,408,83,5,1476,0,15,4,1,20,980,423,87,6,1496,0,0,0,1496
05/15/2004,MSP,MN,AGL,CE,Combined TRACON& Tower with Radar,853,340,61,4,1258,37,0,0,2,39,890,340,61,6,1297,0,0,0,1297
05/16/2004,MSP,MN,AGL,CE,Combined TRACON& Tower with Radar,858,331,66,4,1259,49,0,0,1,50,907,331,66,5,1309,0,0,0,1309
05/17/2004,MSP,MN,AGL,CE,Combined TRACON& Tower with Radar,935,398,82,2,1417,0,17,20,0,37,935,415,102,2,1454,0,0,0,1454
05/18/2004,MSP,MN,AGL,CE,Combined TRACON& Tower with Radar,984,412,85,4,1485,0,36,37,2,75,984,448,122,6,1560,0,0,0,1560
05/19/2004,MSP,MN,AGL,CE,Combined TRACON& Tower with Radar,982,426,88,5,1501,0,3,43,2,48,982,429,131,7,1549,0,0,0,1549
05/20/2004,MSP,MN,AGL,CE,Combined TRACON& Tower with Radar,1018,442,91,5,1556,0,4,38,7,49,1018,446,129,12,1605,0,0,0,1605
05/21/2004,MSP,MN,AGL,CE,Combined TRACON& Tower with Radar,944,406,84,1,1435,0,14,36,0,50,944,420,120,1,1485,0,0,0,1485
05/22/2004,MSP,MN,AGL,CE,Combined TRACON& Tower with Radar,862,326,51,2,1241,67,0,0,0,67,929,326,51,2,1308,0,0,0,1308
05/23/2004,MSP,MN,AGL,CE,Combined TRACON& Tower with Radar,840,327,67,1,1235,40,0,0,0,40,880,327,67,1,1275,0,0,0,1275
05/24/2004,MSP,MN,AGL,CE,Combined TRACON& Tower with Radar,990,418,86,0,1494,0,6,22,0,28,990,424,108,0,1522,0,0,0,1522
05/25/2004,MSP,MN,AGL,CE,Combined TRACON& Tower with Radar,985,424,87,5,1501,0,20,10,3,33,985,444,97,8,1534,0,0,0,1534
05/26/2004,MSP,MN,AGL,CE,Combined TRACON& Tower with Radar,983,424,86,4,1497,0,27,28,7,62,983,451,114,11,1559,0,0,0,1559
05/27/2004,MSP,MN,AGL,CE,Combined TRACON& Tower with Radar,993,424,87,5,1509,0,26,18,7,51,993,450,105,12,1560,0,0,0,1560
05/28/2004,MSP,MN,AGL,CE,Combined TRACON& Tower with Radar,1004,418,86,4,1512,0,4,13,1,18,1004,422,99,5,1530,0,0,0,1530
05/29/2004,MSP,MN,AGL,CE,Combined TRACON& Tower with Radar,829,342,47,2,1220,40,0,0,0,40,869,342,47,2,1260,0,0,0,1260
05/30/2004,MSP,MN,AGL,CE,Combined TRACON& Tower with Radar,764,310,39,1,1114,51,0,0,0,51,815,310,39,1,1165,0,0,0,1165
05/31/2004,MSP,MN,AGL,CE,Combined TRACON& Tower with Radar,884,366,51,0,1301,21,3,0,0,24,905,369,51,0,1325,0,0,0,1325
06/01/2004,MSP,MN,AGL,CE,Combined TRACON& Tower with Radar,952,416,83,7,1458,0,7,11,4,22,952,423,94,11,1480,0,0,0,1480
06/02/2004,MSP,MN,AGL,CE,Combined TRACON& Tower with Radar,1002,428,85,7,1522,0,6,1,2,9,1002,434,86,9,1531,0,0,0,1531
06/03/2004,MSP,MN,AGL,CE,Combined TRACON& Tower with Radar,998,426,85,7,1516,21,25,12,4,62,1019,451,97,11,1578,0,0,0,1578
06/04/2004,MSP,MN,AGL,CE,Combined TRACON& Tower with Radar,991,425,84,6,1506,0,6,6,0,12,991,431,90,6,1518,0,0,0,1518
06/05/2004,MSP,MN,AGL,CE,Combined TRACON& Tower with Radar,810,324,39,2,1175,94,0,0,0,94,904,324,39,2,1269,0,0,0,1269
06/06/2004,MSP,MN,AGL,CE,Combined TRACON& Tower with Radar,872,337,74,4,1287,36,0,1,0,37,908,337,75,4,1324,0,0,0,1324
06/07/2004,MSP,MN,AGL,CE,Combined TRACON& Tower with Radar,924,373,78,5,1380,6,0,30,0,36,930,373,108,5,1416,0,0,0,1416
06/08/2004,MSP,MN,AGL,CE,Combined TRACON& Tower with Radar,988,417,84,7,1496,11,0,18,6,35,999,417,102,13,1531,0,0,0,1531
06/09/2004,MSP,MN,AGL,CE,Combined TRACON& Tower with Radar,966,428,85,7,1486,0,13,26,0,39,966,441,111,7,1525,0,0,0,1525
06/10/2004,MSP,MN,AGL,CE,Combined TRACON& Tower with Radar,1013,455,90,8,1566,0,27,22,7,56,1013,482,112,15,1622,0,0,0,1622
06/11/2004,MSP,MN,AGL,CE,Combined TRACON& Tower with Radar,985,396,85,7,1473,0,0,4,1,5,985,396,89,8,1478,0,0,0,1478
06/12/2004,MSP,MN,AGL,CE,Combined TRACON& Tower with Radar,913,390,77,3,1383,118,1,4,0,123,1031,391,81,3,1506,0,0,0,1506
06/13/2004,MSP,MN,AGL,CE,Combined TRACON& Tower with Radar,940,385,74,6,1405,30,0,0,1,31,970,385,74,7,1436,0,0,0,1436
06/14/2004,MSP,MN,AGL,CE,Combined TRACON& Tower with Radar,999,442,88,4,1533,0,19,40,0,59,999,461,128,4,1592,0,0,0,1592
06/15/2004,MSP,MN,AGL,CE,Combined TRACON& Tower with Radar,1033,460,92,7,1592,0,1,41,4,46,1033,461,133,11,1638,0,0,0,1638
06/16/2004,MSP,MN,AGL,CE,Combined TRACON& Tower with Radar,1054,449,90,5,1598,8,8,26,0,42,1062,457,116,5,1640,0,0,0,1640
06/17/2004,MSP,MN,AGL,CE,Combined TRACON& Tower with Radar,1034,448,90,6,1578,0,13,12,0,25,1034,461,102,6,1603,0,0,0,1603
06/18/2004,MSP,MN,AGL,CE,Combined TRACON& Tower with Radar,1055,457,92,7,1611,0,13,26,4,43,1055,470,118,11,1654,0,0,0,1654
06/19/2004,MSP,MN,AGL,CE,Combined TRACON& Tower with Radar,876,373,64,5,1318,87,13,0,3,103,963,386,64,8,1421,0,0,0,1421
06/20/2004,MSP,MN,AGL,CE,Combined TRACON& Tower with Radar,938,386,65,0,1389,8,0,0,0,8,946,386,65,0,1397,0,0,0,1397
06/21/2004,MSP,MN,AGL,CE,Combined TRACON& Tower with Radar,1002,441,89,6,1538,0,23,9,1,33,1002,464,98,7,1571,0,0,0,1571
06/22/2004,MSP,MN,AGL,CE,Combined TRACON& Tower with Radar,1059,458,92,7,1616,0,7,40,3,50,1059,465,132,10,1666,0,0,0,1666
06/23/2004,MSP,MN,AGL,CE,Combined TRACON& Tower with Radar,1054,480,104,3,1641,0,0,9,0,9,1054,480,113,3,1650,0,0,0,1650
06/24/2004,MSP,MN,AGL,CE,Combined TRACON& Tower with Radar,1048,453,91,7,1599,0,17,21,7,45,1048,470,112,14,1644,0,0,0,1644
06/25/2004,MSP,MN,AGL,CE,Combined TRACON& Tower with Radar,1033,447,90,1,1571,0,22,41,0,63,1033,469,131,1,1634,0,0,0,1634
06/26/2004,MSP,MN,AGL,CE,Combined TRACON& Tower with Radar,951,390,79,4,1424,35,0,0,0,35,986,390,79,4,1459,0,0,0,1459
06/27/2004,MSP,MN,AGL,CE,Combined TRACON& Tower with Radar,938,382,67,6,1393,34,0,0,0,34,972,382,67,6,1427,0,0,0,1427
06/28/2004,MSP,MN,AGL,CE,Combined TRACON& Tower with Radar,1024,446,90,2,1562,0,2,26,0,28,1024,448,116,2,1590,0,0,0,1590
06/29/2004,MSP,MN,AGL,CE,Combined TRACON& Tower with Radar,1054,459,92,3,1608,0,11,24,0,35,1054,470,116,3,1643,0,0,0,1643
06/30/2004,MSP,MN,AGL,CE,Combined TRACON& Tower with Radar,1046,447,89,2,1584,5,20,0,0,25,1051,467,89,2,1609,0,0,0,1609
07/01/2004,MSP,MN,AGL,CE,Combined TRACON& Tower with Radar,1064,468,94,2,1628,0,11,33,0,44,1064,479,127,2,1672,0,0,0,1672
07/02/2004,MSP,MN,AGL,CE,Combined TRACON& Tower with Radar,1036,457,90,1,1584,19,12,7,0,38,1055,469,97,1,1622,0,0,0,1622
07/03/2004,MSP,MN,AGL,CE,Combined TRACON& Tower with Radar,879,386,65,1,1331,49,0,0,0,49,928,386,65,1,1380,0,0,0,1380
07/04/2004,MSP,MN,AGL,CE,Combined TRACON& Tower with Radar,779,340,55,4,1178,11,0,0,1,12,790,340,55,5,1190,0,0,0,1190
07/05/2004,MSP,MN,AGL,CE,Combined TRACON& Tower with Radar,923,399,60,0,1382,27,0,0,0,27,950,399,60,0,1409,0,0,0,1409
07/06/2004,MSP,MN,AGL,CE,Combined TRACON& Tower with Radar,1012,446,89,5,1552,5,8,6,4,23,1017,454,95,9,1575,0,0,0,1575
07/07/2004,MSP,MN,AGL,CE,Combined TRACON& Tower with Radar,1032,456,90,6,1584,0,6,23,5,34,1032,462,113,11,1618,0,0,0,1618
07/08/2004,MSP,MN,AGL,CE,Combined TRACON& Tower with Radar,1067,471,94,4,1636,0,0,33,0,33,1067,471,127,4,1669,0,0,0,1669
07/09/2004,MSP,MN,AGL,CE,Combined TRACON& Tower with Radar,1032,461,92,4,1589,0,11,20,0,31,1032,472,112,4,1620,0,0,0,1620
07/10/2004,MSP,MN,AGL,CE,Combined TRACON& Tower with Radar,911,389,75,0,1375,58,0,0,0,58,969,389,75,0,1433,0,0,0,1433
07/11/2004,MSP,MN,AGL,CE,Combined TRACON& Tower with Radar,914,381,72,2,1369,47,0,0,0,47,961,381,72,2,1416,0,0,0,1416
07/12/2004,MSP,MN,AGL,CE,Combined TRACON& Tower with Radar,1007,445,90,2,1544,0,7,17,0,24,1007,452,107,2,1568,0,0,0,1568
07/13/2004,MSP,MN,AGL,CE,Combined TRACON& Tower with Radar,1045,466,93,5,1609,0,1,34,0,35,1045,467,127,5,1644,0,0,0,1644
07/14/2004,MSP,MN,AGL,CE,Combined TRACON& Tower with Radar,950,376,85,4,1415,18,0,76,4,98,968,376,161,8,1513,0,0,0,1513
07/15/2004,MSP,MN,AGL,CE,Combined TRACON& Tower with Radar,1071,469,96,5,1641,0,0,31,3,34,1071,469,127,8,1675,0,0,0,1675
07/16/2004,MSP,MN,AGL,CE,Combined TRACON& Tower with Radar,1022,451,91,2,1566,0,17,4,0,21,1022,468,95,2,1587,0,0,0,1587
07/17/2004,MSP,MN,AGL,CE,Combined TRACON& Tower with Radar,928,396,83,0,1407,55,0,3,0,58,983,396,86,0,1465,0,0,0,1465
07/18/2004,MSP,MN,AGL,CE,Combined TRACON& Tower with Radar,930,382,83,4,1399,5,0,9,1,15,935,382,92,5,1414,0,0,0,1414
07/19/2004,MSP,MN,AGL,CE,Combined TRACON& Tower with Radar,1023,452,93,3,1571,0,0,16,0,16,1023,452,109,3,1587,0,0,0,1587
07/20/2004,MSP,MN,AGL,CE,Combined TRACON& Tower with Radar,1034,462,93,5,1594,0,17,23,3,43,1034,479,116,8,1637,0,0,0,1637
07/21/2004,MSP,MN,AGL,CE,Combined TRACON& Tower with Radar,1034,462,93,5,1594,0,24,15,7,46,1034,486,108,12,1640,0,0,0,1640
07/22/2004,MSP,MN,AGL,CE,Combined TRACON& Tower with Radar,1019,465,93,5,1582,0,24,39,8,71,1019,489,132,13,1653,0,0,0,1653
07/23/2004,MSP,MN,AGL,CE,Combined TRACON& Tower with Radar,1032,454,92,4,1582,0,20,23,0,43,1032,474,115,4,1625,0,0,0,1625
07/24/2004,MSP,MN,AGL,CE,Combined TRACON& Tower with Radar,908,399,81,1,1389,40,1,0,0,41,948,400,81,1,1430,0,0,0,1430
07/25/2004,MSP,MN,AGL,CE,Combined TRACON& Tower with Radar,973,401,85,2,1461,0,0,0,0,0,973,401,85,2,1461,0,0,0,1461
07/26/2004,MSP,MN,AGL,CE,Combined TRACON& Tower with Radar,1002,484,98,0,1584,0,0,22,0,22,1002,484,120,0,1606,0,0,0,1606
07/27/2004,MSP,MN,AGL,CE,Combined TRACON& Tower with Radar,1021,464,93,5,1583,0,29,40,4,73,1021,493,133,9,1656,0,0,0,1656
07/28/2004,MSP,MN,AGL,CE,Combined TRACON& Tower with Radar,1040,469,94,5,1608,0,12,29,8,49,1040,481,123,13,1657,0,0,0,1657
07/29/2004,MSP,MN,AGL,CE,Combined TRACON& Tower with Radar,1049,479,97,5,1630,0,19,30,4,53,1049,498,127,9,1683,0,0,0,1683
07/30/2004,MSP,MN,AGL,CE,Combined TRACON& Tower with Radar,1017,451,91,4,1563,0,16,4,2,22,1017,467,95,6,1585,0,0,0,1585
07/31/2004,MSP,MN,AGL,CE,Combined TRACON& Tower with Radar,916,403,69,2,1390,39,4,0,0,43,955,407,69,2,1433,0,0,0,1433
08/01/2004,MSP,MN,AGL,CE,Combined TRACON& Tower with Radar,912,403,67,3,1385,49,0,0,0,49,961,403,67,3,1434,0,0,0,1434
08/02/2004,MSP,MN,AGL,CE,Combined TRACON& Tower with Radar,1014,457,96,1,1568,4,18,4,0,26,1018,475,100,1,1594,0,0,0,1594
08/03/2004,MSP,MN,AGL,CE,Combined TRACON& Tower with Radar,1008,466,97,7,1578,0,8,34,4,46,1008,474,131,11,1624,0,0,0,1624
08/04/2004,MSP,MN,AGL,CE,Combined TRACON& Tower with Radar,1056,489,101,8,1654,0,7,30,8,45,1056,496,131,16,1699,0,0,0,1699
08/05/2004,MSP,MN,AGL,CE,Combined TRACON& Tower with Radar,1052,481,102,7,1642,0,0,59,0,59,1052,481,161,7,1701,0,0,0,1701
08/06/2004,MSP,MN,AGL,CE,Combined TRACON& Tower with Radar,1040,474,99,4,1617,0,5,32,0,37,1040,479,131,4,1654,0,0,0,1654
08/07/2004,MSP,MN,AGL,CE,Combined TRACON& Tower with Radar,903,392,64,5,1364,53,0,0,0,53,956,392,64,5,1417,0,0,0,1417
08/08/2004,MSP,MN,AGL,CE,Combined TRACON& Tower with Radar,920,391,75,2,1388,24,0,0,0,24,944,391,75,2,1412,0,0,0,1412
08/09/2004,MSP,MN,AGL,CE,Combined TRACON& Tower with Radar,1001,460,96,2,1559,0,14,10,0,24,1001,474,106,2,1583,0,0,0,1583
08/10/2004,MSP,MN,AGL,CE,Combined TRACON& Tower with Radar,1041,462,98,7,1608,1,0,10,1,12,1042,462,108,8,1620,0,0,0,1620
08/11/2004,MSP,MN,AGL,CE,Combined TRACON& Tower with Radar,1044,471,98,7,1620,7,29,18,6,60,1051,500,116,13,1680,0,0,0,1680
08/12/2004,MSP,MN,AGL,CE,Combined TRACON& Tower with Radar,1032,477,99,7,1615,0,0,29,2,31,1032,477,128,9,1646,0,0,0,1646
08/13/2004,MSP,MN,AGL,CE,Combined TRACON& Tower with Radar,1037,471,97,6,1611,0,8,24,0,32,1037,479,121,6,1643,0,0,0,1643
08/14/2004,MSP,MN,AGL,CE,Combined TRACON& Tower with Radar,887,400,64,3,1354,49,0,0,0,49,936,400,64,3,1403,0,0,0,1403
08/15/2004,MSP,MN,AGL,CE,Combined TRACON& Tower with Radar,956,409,91,6,1462,0,0,7,0,7,956,409,98,6,1469,0,0,0,1469
08/16/2004,MSP,MN,AGL,CE,Combined TRACON& Tower with Radar,1012,457,96,3,1568,1,9,8,0,18,1013,466,104,3,1586,0,0,0,1586
08/17/2004,MSP,MN,AGL,CE,Combined TRACON& Tower with Radar,1033,470,98,7,1608,0,9,10,0,19,1033,479,108,7,1627,0,0,0,1627
08/18/2004,MSP,MN,AGL,CE,Combined TRACON& Tower with Radar,1004,463,97,7,1571,0,14,28,3,45,1004,477,125,10,1616,0,0,0,1616
08/19/2004,MSP,MN,AGL,CE,Combined TRACON& Tower with Radar,1064,487,103,8,1662,0,5,46,3,54,1064,492,149,11,1716,0,0,0,1716
08/20/2004,MSP,MN,AGL,CE,Combined TRACON& Tower with Radar,1015,461,97,6,1579,0,24,26,0,50,1015,485,123,6,1629,0,0,0,1629
08/21/2004,MSP,MN,AGL,CE,Combined TRACON& Tower with Radar,906,396,84,5,1391,42,0,0,0,42,948,396,84,5,1433,0,0,0,1433
08/22/2004,MSP,MN,AGL,CE,Combined TRACON& Tower with Radar,968,402,83,4,1457,4,0,0,0,4,972,402,83,4,1461,0,0,0,1461
08/23/2004,MSP,MN,AGL,CE,Combined TRACON& Tower with Radar,1001,458,96,3,1558,0,2,13,0,15,1001,460,109,3,1573,0,0,0,1573
08/24/2004,MSP,MN,AGL,CE,Combined TRACON& Tower with Radar,1025,472,99,6,1602,0,8,19,8,35,1025,480,118,14,1637,0,0,0,1637
08/25/2004,MSP,MN,AGL,CE,Combined TRACON& Tower with Radar,1023,467,98,6,1594,0,12,9,6,27,1023,479,107,12,1621,0,0,0,1621
08/26/2004,MSP,MN,AGL,CE,Combined TRACON& Tower with Radar,1064,485,102,6,1657,0,5,10,6,21,1064,490,112,12,1678,0,0,0,1678
08/27/2004,MSP,MN,AGL,CE,Combined TRACON& Tower with Radar,1020,469,98,6,1593,0,22,6,1,29,1020,491,104,7,1622,0,0,0,1622
08/28/2004,MSP,MN,AGL,CE,Combined TRACON& Tower with Radar,893,392,79,0,1364,53,0,0,0,53,946,392,79,0,1417,0,0,0,1417
08/29/2004,MSP,MN,AGL,CE,Combined TRACON& Tower with Radar,907,400,81,2,1390,48,0,0,0,48,955,400,81,2,1438,0,0,0,1438
08/30/2004,MSP,MN,AGL,CE,Combined TRACON& Tower with Radar,1013,456,96,1,1566,5,8,15,0,28,1018,464,111,1,1594,0,0,0,1594
08/31/2004,MSP,MN,AGL,CE,Combined TRACON& Tower with Radar,1022,466,98,6,1592,0,12,19,3,34,1022,478,117,9,1626,0,0,0,1626
09/01/2004,MSP,MN,AGL,CE,Combined TRACON& Tower with Radar,983,455,93,8,1539,0,13,13,4,30,983,468,106,12,1569,0,0,0,1569
09/02/2004,MSP,MN,AGL,CE,Combined TRACON& Tower with Radar,943,460,94,8,1505,0,3,19,7,29,943,463,113,15,1534,0,0,0,1534
09/03/2004,MSP,MN,AGL,CE,Combined TRACON& Tower with Radar,964,443,89,3,1499,2,0,28,0,30,966,443,117,3,1529,0,0,0,1529
09/04/2004,MSP,MN,AGL,CE,Combined TRACON& Tower with Radar,786,361,60,2,1209,26,17,0,0,43,812,378,60,2,1252,0,0,0,1252
09/05/2004,MSP,MN,AGL,CE,Combined TRACON& Tower with Radar,698,321,46,0,1065,31,17,0,0,48,729,338,46,0,1113,0,0,0,1113
09/06/2004,MSP,MN,AGL,CE,Combined TRACON& Tower with Radar,838,373,62,7,1280,0,0,0,5,5,838,373,62,12,1285,0,0,0,1285
09/07/2004,MSP,MN,AGL,CE,Combined TRACON& Tower with Radar,956,392,88,8,1444,37,0,14,5,56,993,392,102,13,1500,0,0,0,1500
09/08/2004,MSP,MN,AGL,CE,Combined TRACON& Tower with Radar,977,453,92,8,1530,0,0,17,4,21,977,453,109,12,1551,0,0,0,1551
09/09/2004,MSP,MN,AGL,CE,Combined TRACON& Tower with Radar,978,450,91,8,1527,0,4,7,4,15,978,454,98,12,1542,0,0,0,1542
09/10/2004,MSP,MN,AGL,CE,Combined TRACON& Tower with Radar,976,453,91,3,1523,0,17,24,0,41,976,470,115,3,1564,0,0,0,1564
09/11/2004,MSP,MN,AGL,CE,Combined TRACON& Tower with Radar,822,378,62,4,1266,38,10,0,0,48,860,388,62,4,1314,0,0,0,1314
09/12/2004,MSP,MN,AGL,CE,Combined TRACON& Tower with Radar,844,369,78,6,1297,28,0,8,0,36,872,369,86,6,1333,0,0,0,1333
09/13/2004,MSP,MN,AGL,CE,Combined TRACON& Tower with Radar,951,439,89,6,1485,0,1,29,0,30,951,440,118,6,1515,0,0,0,1515
09/14/2004,MSP,MN,AGL,CE,Combined TRACON& Tower with Radar,952,452,92,7,1503,0,6,29,5,40,952,458,121,12,1543,0,0,0,1543
09/15/2004,MSP,MN,AGL,CE,Combined TRACON& Tower with Radar,946,429,89,7,1471,1,0,11,5,17,947,429,100,12,1488,0,0,0,1488
09/16/2004,MSP,MN,AGL,CE,Combined TRACON& Tower with Radar,989,461,95,7,1552,0,0,29,2,31,989,461,124,9,1583,0,0,0,1583
09/17/2004,MSP,MN,AGL,CE,Combined TRACON& Tower with Radar,978,441,92,7,1518,0,0,38,1,39,978,441,130,8,1557,0,0,0,1557
09/18/2004,MSP,MN,AGL,CE,Combined TRACON& Tower with Radar,835,382,78,6,1301,9,3,6,3,21,844,385,84,9,1322,0,0,0,1322
09/19/2004,MSP,MN,AGL,CE,Combined TRACON& Tower with Radar,860,383,81,1,1325,17,0,5,0,22,877,383,86,1,1347,0,0,0,1347
09/20/2004,MSP,MN,AGL,CE,Combined TRACON& Tower with Radar,931,426,79,3,1439,3,14,0,0,17,934,440,79,3,1456,0,0,0,1456
09/21/2004,MSP,MN,AGL,CE,Combined TRACON& Tower with Radar,962,450,92,7,1511,0,12,9,6,27,962,462,101,13,1538,0,0,0,1538
09/22/2004,MSP,MN,AGL,CE,Combined TRACON& Tower with Radar,980,460,94,7,1541,0,11,15,2,28,980,471,109,9,1569,0,0,0,1569
09/23/2004,MSP,MN,AGL,CE,Combined TRACON& Tower with Radar,978,475,99,7,1559,0,0,27,7,34,978,475,126,14,1593,0,0,0,1593
09/24/2004,MSP,MN,AGL,CE,Combined TRACON& Tower with Radar,986,453,93,2,1534,0,4,16,0,20,986,457,109,2,1554,0,0,0,1554
09/25/2004,MSP,MN,AGL,CE,Combined TRACON& Tower with Radar,816,373,72,3,1264,26,4,0,0,30,842,377,72,3,1294,0,0,0,1294
09/26/2004,MSP,MN,AGL,CE,Combined TRACON& Tower with Radar,845,377,79,2,1303,18,0,28,0,46,863,377,107,2,1349,0,0,0,1349
09/27/2004,MSP,MN,AGL,CE,Combined TRACON& Tower with Radar,936,435,88,0,1459,0,12,28,0,40,936,447,116,0,1499,0,0,0,1499
09/28/2004,MSP,MN,AGL,CE,Combined TRACON& Tower with Radar,957,448,92,7,1504,0,13,33,3,49,957,461,125,10,1553,0,0,0,1553
09/29/2004,MSP,MN,AGL,CE,Combined TRACON& Tower with Radar,986,460,94,7,1547,0,15,32,7,54,986,475,126,14,1601,0,0,0,1601
09/30/2004,MSP,MN,AGL,CE,Combined TRACON& Tower with Radar,971,457,93,7,1528,0,1,17,1,19,971,458,110,8,1547,0,0,0,1547
10/01/2004,MSP,MN,AGL,CE,Towers with Radar,986,449,117,8,1560,0,0,0,0,0,986,449,117,8,1560,0,0,0,1560
10/02/2004,MSP,MN,AGL,CE,Towers with Radar,851,395,69,8,1323,0,0,0,0,0,851,395,69,8,1323,0,0,0,1323
10/03/2004,MSP,MN,AGL,CE,Towers with Radar,884,374,80,7,1345,0,0,53,0,53,884,374,133,7,1398,0,0,0,1398
10/04/2004,MSP,MN,AGL,CE,Towers with Radar,980,468,86,8,1542,0,0,0,0,0,980,468,86,8,1542,0,0,0,1542
10/05/2004,MSP,MN,AGL,CE,Towers with Radar,1008,488,117,11,1624,0,0,0,0,0,1008,488,117,11,1624,0,0,0,1624
10/06/2004,MSP,MN,AGL,CE,Towers with Radar,981,492,115,15,1603,0,0,0,0,0,981,492,115,15,1603,0,0,0,1603
10/07/2004,MSP,MN,AGL,CE,Towers with Radar,981,482,99,11,1573,0,0,0,0,0,981,482,99,11,1573,0,0,0,1573
10/08/2004,MSP,MN,AGL,CE,Towers with Radar,994,456,120,2,1572,0,0,0,0,0,994,456,120,2,1572,0,0,0,1572
10/09/2004,MSP,MN,AGL,CE,Towers with Radar,874,394,74,1,1343,0,0,0,0,0,874,394,74,1,1343,0,0,0,1343
10/10/2004,MSP,MN,AGL,CE,Towers with Radar,885,388,83,1,1357,0,0,0,0,0,885,388,83,1,1357,0,0,0,1357
10/11/2004,MSP,MN,AGL,CE,Towers with Radar,963,462,95,5,1525,0,0,0,0,0,963,462,95,5,1525,0,0,0,1525
10/12/2004,MSP,MN,AGL,CE,Towers with Radar,983,464,106,15,1568,0,0,0,0,0,983,464,106,15,1568,0,0,0,1568
10/13/2004,MSP,MN,AGL,CE,Towers with Radar,980,477,91,22,1570,0,0,0,0,0,980,477,91,22,1570,0,0,0,1570
10/14/2004,MSP,MN,AGL,CE,Towers with Radar,1001,503,94,20,1618,0,0,0,0,0,1001,503,94,20,1618,0,0,0,1618
10/15/2004,MSP,MN,AGL,CE,Towers with Radar,979,484,93,1,1557,0,0,0,0,0,979,484,93,1,1557,0,0,0,1557
10/16/2004,MSP,MN,AGL,CE,Towers with Radar,862,405,72,4,1343,0,0,0,0,0,862,405,72,4,1343,4,0,4,1347
10/17/2004,MSP,MN,AGL,CE,Towers with Radar,891,380,77,3,1351,0,0,0,0,0,891,380,77,3,1351,0,0,0,1351
10/18/2004,MSP,MN,AGL,CE,Towers with Radar,985,479,111,13,1588,0,0,0,0,0,985,479,111,13,1588,0,0,0,1588
10/19/2004,MSP,MN,AGL,CE,Towers with Radar,960,483,81,10,1534,0,0,0,0,0,960,483,81,10,1534,0,0,0,1534
10/20/2004,MSP,MN,AGL,CE,Towers with Radar,986,506,102,13,1607,0,0,0,0,0,986,506,102,13,1607,0,0,0,1607
10/21/2004,MSP,MN,AGL,CE,Towers with Radar,973,459,80,6,1518,0,0,0,0,0,973,459,80,6,1518,0,0,0,1518
10/22/2004,MSP,MN,AGL,CE,Towers with Radar,1011,481,61,5,1558,0,0,0,0,0,1011,481,61,5,1558,0,0,0,1558
10/23/2004,MSP,MN,AGL,CE,Towers with Radar,891,406,48,4,1349,0,0,0,0,0,891,406,48,4,1349,0,0,0,1349
10/24/2004,MSP,MN,AGL,CE,Towers with Radar,900,402,98,2,1402,0,0,0,0,0,900,402,98,2,1402,0,0,0,1402
10/25/2004,MSP,MN,AGL,CE,Towers with Radar,956,445,89,9,1499,0,0,0,0,0,956,445,89,9,1499,0,0,0,1499
10/26/2004,MSP,MN,AGL,CE,Towers with Radar,978,468,98,11,1555,0,0,0,0,0,978,468,98,11,1555,0,0,0,1555
10/27/2004,MSP,MN,AGL,CE,Towers with Radar,986,473,109,15,1583,0,0,0,0,0,986,473,109,15,1583,0,0,0,1583
10/28/2004,MSP,MN,AGL,CE,Towers with Radar,988,457,98,2,1545,0,0,0,0,0,988,457,98,2,1545,0,0,0,1545
10/29/2004,MSP,MN,AGL,CE,Towers with Radar,966,438,96,3,1503,0,0,0,0,0,966,438,96,3,1503,0,0,0,1503
10/30/2004,MSP,MN,AGL,CE,Towers with Radar,876,403,55,5,1339,0,0,0,0,0,876,403,55,5,1339,0,0,0,1339
10/31/2004,MSP,MN,AGL,CE,Towers with Radar,870,363,48,2,1283,0,0,0,0,0,870,363,48,2,1283,0,0,0,1283
11/01/2004,MSP,MN,AGL,CE,Towers with Radar,943,425,85,10,1463,0,0,0,0,0,943,425,85,10,1463,0,0,0,1463
11/02/2004,MSP,MN,AGL,CE,Towers with Radar,971,438,87,11,1507,0,0,0,0,0,971,438,87,11,1507,0,0,0,1507
11/03/2004,MSP,MN,AGL,CE,Towers with Radar,983,456,100,9,1548,0,0,0,0,0,983,456,100,9,1548,0,0,0,1548
11/04/2004,MSP,MN,AGL,CE,Towers with Radar,988,469,99,14,1570,0,0,0,0,0,988,469,99,14,1570,0,0,0,1570
11/05/2004,MSP,MN,AGL,CE,Towers with Radar,996,435,97,5,1533,0,0,0,0,0,996,435,97,5,1533,0,0,0,1533
11/06/2004,MSP,MN,AGL,CE,Towers with Radar,876,371,54,0,1301,0,0,0,0,0,876,371,54,0,1301,0,0,0,1301
11/07/2004,MSP,MN,AGL,CE,Towers with Radar,887,365,79,4,1335,0,0,0,0,0,887,365,79,4,1335,0,0,0,1335
11/08/2004,MSP,MN,AGL,CE,Towers with Radar,953,429,92,9,1483,0,0,0,0,0,953,429,92,9,1483,0,0,0,1483
11/09/2004,MSP,MN,AGL,CE,Towers with Radar,990,449,121,14,1574,0,0,0,0,0,990,449,121,14,1574,0,0,0,1574
11/10/2004,MSP,MN,AGL,CE,Towers with Radar,993,449,101,17,1560,0,0,0,0,0,993,449,101,17,1560,0,0,0,1560
11/11/2004,MSP,MN,AGL,CE,Towers with Radar,993,442,95,0,1530,0,0,0,0,0,993,442,95,0,1530,0,0,0,1530
11/12/2004,MSP,MN,AGL,CE,Towers with Radar,983,443,107,2,1535,0,0,0,0,0,983,443,107,2,1535,0,0,0,1535
11/13/2004,MSP,MN,AGL,CE,Towers with Radar,874,368,54,8,1304,0,0,0,0,0,874,368,54,8,1304,0,0,0,1304
11/14/2004,MSP,MN,AGL,CE,Towers with Radar,901,361,59,4,1325,0,0,0,0,0,901,361,59,4,1325,0,0,0,1325
11/15/2004,MSP,MN,AGL,CE,Towers with Radar,952,440,101,10,1503,0,0,0,0,0,952,440,101,10,1503,0,0,0,1503
11/16/2004,MSP,MN,AGL,CE,Towers with Radar,980,453,105,17,1555,0,0,0,0,0,980,453,105,17,1555,0,0,0,1555
11/17/2004,MSP,MN,AGL,CE,Towers with Radar,1000,373,98,10,1481,0,0,0,0,0,1000,373,98,10,1481,0,0,0,1481
11/18/2004,MSP,MN,AGL,CE,Towers with Radar,1012,463,114,12,1601,0,0,0,0,0,1012,463,114,12,1601,22,0,22,1623
11/19/2004,MSP,MN,AGL,CE,Towers with Radar,993,451,92,7,1543,0,0,0,0,0,993,451,92,7,1543,0,0,0,1543
11/20/2004,MSP,MN,AGL,CE,Towers with Radar,874,377,56,1,1308,0,0,0,0,0,874,377,56,1,1308,0,0,0,1308
11/21/2004,MSP,MN,AGL,CE,Towers with Radar,882,366,82,2,1332,0,0,0,0,0,882,366,82,2,1332,0,0,0,1332
11/22/2004,MSP,MN,AGL,CE,Towers with Radar,953,440,116,18,1527,0,0,0,0,0,953,440,116,18,1527,0,0,0,1527
11/23/2004,MSP,MN,AGL,CE,Towers with Radar,978,421,96,18,1513,0,30,0,0,30,978,451,96,18,1543,0,0,0,1543
11/24/2004,MSP,MN,AGL,CE,Towers with Radar,964,452,85,7,1508,0,0,0,0,0,964,452,85,7,1508,0,0,0,1508
11/25/2004,MSP,MN,AGL,CE,Towers with Radar,775,346,29,0,1150,0,0,0,0,0,775,346,29,0,1150,0,0,0,1150
11/26/2004,MSP,MN,AGL,CE,Towers with Radar,774,369,36,0,1179,0,0,0,0,0,774,369,36,0,1179,0,0,0,1179
11/27/2004,MSP,MN,AGL,CE,Towers with Radar,864,362,32,2,1260,0,0,0,0,0,864,362,32,2,1260,0,0,0,1260
11/28/2004,MSP,MN,AGL,CE,Towers with Radar,378,85,0,0,463,532,293,85,0,910,910,378,85,0,1373,0,0,0,1373
11/29/2004,MSP,MN,AGL,CE,Towers with Radar,949,419,86,0,1454,0,0,0,3,3,949,419,86,3,1457,0,0,0,1457
11/30/2004,MSP,MN,AGL,CE,Towers with Radar,979,446,85,19,1529,0,0,0,0,0,979,446,85,19,1529,0,0,0,1529
12/01/2004,MSP,MN,AGL,CE,Towers with Radar,947,442,81,12,1482,0,0,0,0,0,947,442,81,12,1482,0,0,0,1482
12/02/2004,MSP,MN,AGL,CE,Towers with Radar,945,445,101,13,1504,0,0,0,0,0,945,445,101,13,1504,0,0,0,1504
12/03/2004,MSP,MN,AGL,CE,Towers with Radar,862,444,104,5,1415,100,0,0,0,100,962,444,104,5,1515,0,0,0,1515
12/04/2004,MSP,MN,AGL,CE,Towers with Radar,832,384,41,6,1263,0,0,0,0,0,832,384,41,6,1263,0,0,0,1263
12/05/2004,MSP,MN,AGL,CE,Towers with Radar,866,365,36,4,1271,0,0,0,0,0,866,365,36,4,1271,0,0,0,1271
12/06/2004,MSP,MN,AGL,CE,Towers with Radar,883,431,71,1,1386,0,0,0,0,0,883,431,71,1,1386,0,0,0,1386
12/07/2004,MSP,MN,AGL,CE,Towers with Radar,924,443,92,5,1464,0,0,0,0,0,924,443,92,5,1464,0,0,0,1464
12/08/2004,MSP,MN,AGL,CE,Towers with Radar,959,457,85,10,1511,0,0,0,0,0,959,457,85,10,1511,0,0,0,1511
12/09/2004,MSP,MN,AGL,CE,Towers with Radar,959,473,104,7,1543,0,0,0,0,0,959,473,104,7,1543,0,0,0,1543
12/10/2004,MSP,MN,AGL,CE,Towers with Radar,946,452,94,6,1498,0,0,0,0,0,946,452,94,6,1498,0,0,0,1498
12/11/2004,MSP,MN,AGL,CE,Towers with Radar,843,379,31,4,1257,0,0,0,0,0,843,379,31,4,1257,0,0,0,1257
12/12/2004,MSP,MN,AGL,CE,Towers with Radar,884,358,53,2,1297,0,0,0,0,0,884,358,53,2,1297,0,0,0,1297
12/13/2004,MSP,MN,AGL,CE,Towers with Radar,900,423,101,1,1425,0,0,0,0,0,900,423,101,1,1425,0,0,0,1425
12/14/2004,MSP,MN,AGL,CE,Towers with Radar,940,445,94,12,1491,0,0,0,0,0,940,445,94,12,1491,0,0,0,1491
12/15/2004,MSP,MN,AGL,CE,Towers with Radar,971,461,86,13,1531,0,0,0,0,0,971,461,86,13,1531,0,0,0,1531
12/16/2004,MSP,MN,AGL,CE,Towers with Radar,997,492,129,7,1625,0,0,0,0,0,997,492,129,7,1625,0,0,0,1625
12/17/2004,MSP,MN,AGL,CE,Towers with Radar,1029,485,94,2,1610,0,0,0,0,0,1029,485,94,2,1610,0,0,0,1610
12/18/2004,MSP,MN,AGL,CE,Towers with Radar,929,408,50,3,1390,0,0,0,0,0,929,408,50,3,1390,0,0,0,1390
12/19/2004,MSP,MN,AGL,CE,Towers with Radar,897,370,61,3,1331,0,0,0,0,0,897,370,61,3,1331,0,0,0,1331
12/20/2004,MSP,MN,AGL,CE,Towers with Radar,962,397,56,1,1416,0,0,0,0,0,962,397,56,1,1416,0,0,0,1416
12/21/2004,MSP,MN,AGL,CE,Towers with Radar,1020,455,81,3,1559,0,0,0,0,0,1020,455,81,3,1559,0,0,0,1559
12/22/2004,MSP,MN,AGL,CE,Towers with Radar,1002,427,97,13,1539,0,0,0,0,0,1002,427,97,13,1539,0,0,0,1539
12/23/2004,MSP,MN,AGL,CE,Towers with Radar,969,412,65,0,1446,0,0,0,0,0,969,412,65,0,1446,0,0,0,1446
12/24/2004,MSP,MN,AGL,CE,Towers with Radar,0,0,0,0,0,942,381,50,0,1373,942,381,50,0,1373,0,0,0,1373
12/25/2004,MSP,MN,AGL,CE,Towers with Radar,861,332,21,0,1214,0,0,0,0,0,861,332,21,0,1214,0,0,0,1214
12/26/2004,MSP,MN,AGL,CE,Towers with Radar,937,355,48,2,1342,0,0,0,0,0,937,355,48,2,1342,0,0,0,1342
12/27/2004,MSP,MN,AGL,CE,Towers with Radar,990,429,63,0,1482,0,0,0,0,0,990,429,63,0,1482,0,0,0,1482
12/28/2004,MSP,MN,AGL,CE,Towers with Radar,1005,464,65,3,1537,0,0,0,0,0,1005,464,65,3,1537,0,0,0,1537
12/29/2004,MSP,MN,AGL,CE,Towers with Radar,1023,461,47,4,1535,0,0,0,0,0,1023,461,47,4,1535,0,0,0,1535
12/30/2004,MSP,MN,AGL,CE,Towers with Radar,967,377,47,0,1391,0,0,0,0,0,967,377,47,0,1391,0,0,0,1391
12/31/2004,MSP,MN,AGL,CE,Towers with Radar,1169,507,40,1,1717,0,0,0,0,0,1169,507,40,1,1717,0,0,0,1717
01/01/2005,MSP,MN,AGL,CE,Towers with Radar,789,265,22,1,1077,0,0,0,0,0,789,265,22,1,1077,0,0,0,1077
01/02/2005,MSP,MN,AGL,CE,Towers with Radar,952,377,62,1,1392,0,0,0,0,0,952,377,62,1,1392,0,0,0,1392
01/03/2005,MSP,MN,AGL,CE,Towers with Radar,951,448,69,1,1469,0,0,0,0,0,951,448,69,1,1469,0,0,0,1469
01/04/2005,MSP,MN,AGL,CE,Towers with Radar,958,436,76,10,1480,0,0,0,0,0,958,436,76,10,1480,0,0,0,1480
01/05/2005,MSP,MN,AGL,CE,Towers with Radar,920,412,81,11,1424,0,0,0,0,0,920,412,81,11,1424,0,0,0,1424
01/06/2005,MSP,MN,AGL,CE,Towers with Radar,955,427,73,7,1462,0,0,0,0,0,955,427,73,7,1462,0,0,0,1462
01/07/2005,MSP,MN,AGL,CE,Towers with Radar,958,445,60,4,1467,0,0,0,0,0,958,445,60,4,1467,0,0,0,1467
01/08/2005,MSP,MN,AGL,CE,Towers with Radar,858,377,36,2,1273,0,0,0,0,0,858,377,36,2,1273,0,0,0,1273
01/09/2005,MSP,MN,AGL,CE,Towers with Radar,854,336,58,2,1250,0,0,0,0,0,854,336,58,2,1250,0,0,0,1250
01/10/2005,MSP,MN,AGL,CE,Towers with Radar,942,423,87,1,1453,0,0,0,0,0,942,423,87,1,1453,0,0,0,1453
01/11/2005,MSP,MN,AGL,CE,Towers with Radar,937,450,80,13,1480,0,0,0,0,0,937,450,80,13,1480,0,0,0,1480
01/12/2005,MSP,MN,AGL,CE,Towers with Radar,912,425,73,7,1417,0,0,0,0,0,912,425,73,7,1417,0,0,0,1417
01/13/2005,MSP,MN,AGL,CE,Towers with Radar,935,446,99,8,1488,0,0,0,0,0,935,446,99,8,1488,0,0,0,1488
01/14/2005,MSP,MN,AGL,CE,Towers with Radar,964,414,112,3,1493,4,0,5,0,9,968,414,117,3,1502,0,0,0,1502
01/15/2005,MSP,MN,AGL,CE,Towers with Radar,861,370,35,0,1266,0,0,0,0,0,861,370,35,0,1266,0,0,0,1266
01/16/2005,MSP,MN,AGL,CE,Towers with Radar,863,351,55,1,1270,0,0,0,0,0,863,351,55,1,1270,0,0,0,1270
01/17/2005,MSP,MN,AGL,CE,Towers with Radar,931,440,82,4,1457,0,0,0,0,0,931,440,82,4,1457,0,0,0,1457
01/18/2005,MSP,MN,AGL,CE,Towers with Radar,938,429,96,4,1467,0,0,0,0,0,938,429,96,4,1467,0,0,0,1467
01/19/2005,MSP,MN,AGL,CE,Towers with Radar,939,452,92,14,1497,0,0,0,0,0,939,452,92,14,1497,0,0,0,1497
01/20/2005,MSP,MN,AGL,CE,Towers with Radar,965,457,73,5,1500,0,0,0,0,0,965,457,73,5,1500,0,0,0,1500
01/21/2005,MSP,MN,AGL,CE,Towers with Radar,845,271,66,0,1182,0,0,0,0,0,845,271,66,0,1182,0,0,0,1182
01/22/2005,MSP,MN,AGL,CE,Towers with Radar,819,317,45,0,1181,0,0,0,0,0,819,317,45,0,1181,0,0,0,1181
01/23/2005,MSP,MN,AGL,CE,Towers with Radar,839,304,54,1,1198,0,0,0,0,0,839,304,54,1,1198,0,0,0,1198
01/24/2005,MSP,MN,AGL,CE,Towers with Radar,925,429,110,7,1471,0,0,0,0,0,925,429,110,7,1471,0,0,0,1471
01/25/2005,MSP,MN,AGL,CE,Towers with Radar,971,454,130,14,1569,0,0,0,0,0,971,454,130,14,1569,0,0,0,1569
01/26/2005,MSP,MN,AGL,CE,Towers with Radar,946,458,96,13,1513,0,0,0,0,0,946,458,96,13,1513,0,0,0,1513
01/27/2005,MSP,MN,AGL,CE,Towers with Radar,957,455,88,12,1512,0,0,0,0,0,957,455,88,12,1512,0,0,0,1512
01/28/2005,MSP,MN,AGL,CE,Towers with Radar,968,454,63,5,1490,0,0,0,0,0,968,454,63,5,1490,0,0,0,1490
01/29/2005,MSP,MN,AGL,CE,Towers with Radar,831,380,30,1,1242,0,0,0,0,0,831,380,30,1,1242,0,0,0,1242
01/30/2005,MSP,MN,AGL,CE,Towers with Radar,901,351,54,0,1306,0,0,0,0,0,901,351,54,0,1306,0,0,0,1306
01/31/2005,MSP,MN,AGL,CE,Towers with Radar,942,440,78,4,1464,0,2,0,0,2,942,442,78,4,1466,0,0,0,1466
02/01/2005,MSP,MN,AGL,CE,Towers with Radar,930,439,73,12,1454,0,0,0,0,0,930,439,73,12,1454,0,0,0,1454
02/02/2005,MSP,MN,AGL,CE,Towers with Radar,959,457,104,12,1532,0,0,0,0,0,959,457,104,12,1532,0,0,0,1532
02/03/2005,MSP,MN,AGL,CE,Towers with Radar,966,450,140,10,1566,0,0,0,0,0,966,450,140,10,1566,0,0,0,1566
02/04/2005,MSP,MN,AGL,CE,Towers with Radar,981,448,105,4,1538,0,0,0,0,0,981,448,105,4,1538,0,0,0,1538
02/05/2005,MSP,MN,AGL,CE,Towers with Radar,870,382,43,5,1300,0,0,0,0,0,870,382,43,5,1300,0,0,0,1300
02/06/2005,MSP,MN,AGL,CE,Towers with Radar,868,359,50,2,1279,0,0,0,0,0,868,359,50,2,1279,0,0,0,1279
02/07/2005,MSP,MN,AGL,CE,Towers with Radar,930,440,87,2,1459,0,0,0,0,0,930,440,87,2,1459,0,0,0,1459
02/08/2005,MSP,MN,AGL,CE,Towers with Radar,955,446,96,11,1508,0,0,0,0,0,955,446,96,11,1508,0,0,0,1508
02/09/2005,MSP,MN,AGL,CE,Towers with Radar,969,469,93,12,1543,0,0,0,0,0,969,469,93,12,1543,0,0,0,1543
02/10/2005,MSP,MN,AGL,CE,Towers with Radar,981,475,89,11,1556,0,0,0,0,0,981,475,89,11,1556,0,0,0,1556
02/11/2005,MSP,MN,AGL,CE,Towers with Radar,977,447,91,6,1521,0,0,0,0,0,977,447,91,6,1521,0,0,0,1521
02/12/2005,MSP,MN,AGL,CE,Towers with Radar,870,393,53,6,1322,0,0,0,0,0,870,393,53,6,1322,0,0,0,1322
02/13/2005,MSP,MN,AGL,CE,Towers with Radar,843,334,55,1,1233,0,0,0,0,0,843,334,55,1,1233,0,0,0,1233
02/14/2005,MSP,MN,AGL,CE,Towers with Radar,961,454,100,3,1518,0,0,0,0,0,961,454,100,3,1518,0,0,0,1518
02/15/2005,MSP,MN,AGL,CE,Towers with Radar,972,454,90,8,1524,0,0,0,0,0,972,454,90,8,1524,0,0,0,1524
02/16/2005,MSP,MN,AGL,CE,Towers with Radar,993,474,112,9,1588,0,0,0,0,0,993,474,112,9,1588,0,0,0,1588
02/17/2005,MSP,MN,AGL,CE,Towers with Radar,1032,496,131,15,1674,0,0,0,0,0,1032,496,131,15,1674,0,0,0,1674
02/18/2005,MSP,MN,AGL,CE,Towers with Radar,1034,458,103,6,1601,0,0,0,0,0,1034,458,103,6,1601,0,0,0,1601
02/19/2005,MSP,MN,AGL,CE,Towers with Radar,895,401,64,2,1362,0,0,0,0,0,895,401,64,2,1362,0,0,0,1362
02/20/2005,MSP,MN,AGL,CE,Towers with Radar,912,357,55,1,1325,0,0,0,0,0,912,357,55,1,1325,0,0,0,1325
02/21/2005,MSP,MN,AGL,CE,Towers with Radar,978,460,79,0,1517,0,0,0,0,0,978,460,79,0,1517,0,0,0,1517
02/22/2005,MSP,MN,AGL,CE,Towers with Radar,1032,458,95,12,1597,0,0,0,0,0,1032,458,95,12,1597,0,0,0,1597
02/23/2005,MSP,MN,AGL,CE,Towers with Radar,1038,466,126,10,1640,0,0,0,0,0,1038,466,126,10,1640,0,0,0,1640
02/24/2005,MSP,MN,AGL,CE,Towers with Radar,1011,461,83,14,1569,100,0,0,0,100,1111,461,83,14,1669,0,0,0,1669
02/25/2005,MSP,MN,AGL,CE,Towers with Radar,1039,472,81,3,1595,0,0,0,0,0,1039,472,81,3,1595,0,0,0,1595
02/26/2005,MSP,MN,AGL,CE,Towers with Radar,924,410,48,0,1382,0,0,0,0,0,924,410,48,0,1382,0,0,0,1382
02/27/2005,MSP,MN,AGL,CE,Towers with Radar,917,356,68,1,1342,0,0,0,0,0,917,356,68,1,1342,0,0,0,1342
02/28/2005,MSP,MN,AGL,CE,Towers with Radar,1028,474,100,4,1606,0,0,1,0,1,1028,474,101,4,1607,0,0,0,1607
03/01/2005,MSP,MN,AGL,CE,Towers with Radar,995,452,101,13,1561,0,0,0,0,0,995,452,101,13,1561,0,0,0,1561
03/02/2005,MSP,MN,AGL,CE,Towers with Radar,1027,474,110,16,1627,0,0,0,0,0,1027,474,110,16,1627,0,0,0,1627
03/03/2005,MSP,MN,AGL,CE,Towers with Radar,1049,480,105,12,1646,0,0,0,0,0,1049,480,105,12,1646,0,0,0,1646
03/04/2005,MSP,MN,AGL,CE,Towers with Radar,1034,461,79,9,1583,0,0,0,0,0,1034,461,79,9,1583,0,0,0,1583
03/05/2005,MSP,MN,AGL,CE,Towers with Radar,927,408,48,3,1386,0,0,0,0,0,927,408,48,3,1386,0,0,0,1386
03/06/2005,MSP,MN,AGL,CE,Towers with Radar,939,389,66,5,1399,0,0,0,0,0,939,389,66,5,1399,0,0,0,1399
03/07/2005,MSP,MN,AGL,CE,Towers with Radar,1029,475,105,8,1617,0,0,0,0,0,1029,475,105,8,1617,0,0,0,1617
03/08/2005,MSP,MN,AGL,CE,Towers with Radar,976,465,101,13,1555,0,0,0,0,0,976,465,101,13,1555,0,0,0,1555
03/09/2005,MSP,MN,AGL,CE,Towers with Radar,1030,468,112,111,1721,0,0,0,0,0,1030,468,112,111,1721,0,0,0,1721
03/10/2005,MSP,MN,AGL,CE,Towers with Radar,1026,468,97,13,1604,0,0,0,0,0,1026,468,97,13,1604,0,0,0,1604
03/11/2005,MSP,MN,AGL,CE,Towers with Radar,1022,440,93,1,1556,0,0,0,0,0,1022,440,93,1,1556,0,0,0,1556
03/12/2005,MSP,MN,AGL,CE,Towers with Radar,969,430,50,4,1453,0,0,0,0,0,969,430,50,4,1453,0,0,0,1453
03/13/2005,MSP,MN,AGL,CE,Towers with Radar,933,368,73,2,1376,0,0,0,0,0,933,368,73,2,1376,0,0,0,1376
03/14/2005,MSP,MN,AGL,CE,Towers with Radar,994,449,85,1,1529,0,0,0,0,0,994,449,85,1,1529,0,0,0,1529
03/15/2005,MSP,MN,AGL,CE,Towers with Radar,1016,470,95,4,1585,0,0,0,0,0,1016,470,95,4,1585,0,0,0,1585
03/16/2005,MSP,MN,AGL,CE,Towers with Radar,1027,475,112,7,1621,0,0,0,0,0,1027,475,112,7,1621,0,0,0,1621
03/17/2005,MSP,MN,AGL,CE,Towers with Radar,1043,480,139,5,1667,0,0,0,0,0,1043,480,139,5,1667,0,0,0,1667
03/18/2005,MSP,MN,AGL,CE,Towers with Radar,799,210,60,1,1070,0,0,0,0,0,799,210,60,1,1070,0,0,0,1070
03/19/2005,MSP,MN,AGL,CE,Towers with Radar,1042,423,57,2,1524,0,0,0,0,0,1042,423,57,2,1524,0,0,0,1524
03/20/2005,MSP,MN,AGL,CE,Towers with Radar,944,369,65,0,1378,0,0,0,0,0,944,369,65,0,1378,0,0,0,1378
03/21/2005,MSP,MN,AGL,CE,Towers with Radar,1000,444,93,5,1542,0,0,0,0,0,1000,444,93,5,1542,0,0,0,1542
03/22/2005,MSP,MN,AGL,CE,Towers with Radar,1031,460,94,9,1594,0,0,0,0,0,1031,460,94,9,1594,0,0,0,1594
03/23/2005,MSP,MN,AGL,CE,Towers with Radar,1024,467,112,14,1617,0,0,0,0,0,1024,467,112,14,1617,0,0,0,1617
03/24/2005,MSP,MN,AGL,CE,Towers with Radar,1065,468,82,15,1630,0,0,0,0,0,1065,468,82,15,1630,0,0,0,1630
03/25/2005,MSP,MN,AGL,CE,Towers with Radar,1029,454,62,1,1546,0,0,0,0,0,1029,454,62,1,1546,0,0,0,1546
03/26/2005,MSP,MN,AGL,CE,Towers with Radar,931,399,60,0,1390,0,0,0,0,0,931,399,60,0,1390,0,0,0,1390
03/27/2005,MSP,MN,AGL,CE,Towers with Radar,920,370,47,3,1340,0,1,49,0,50,920,371,96,3,1390,0,0,0,1390
03/28/2005,MSP,MN,AGL,CE,Towers with Radar,1023,451,85,8,1567,0,0,0,0,0,1023,451,85,8,1567,0,0,0,1567
03/29/2005,MSP,MN,AGL,CE,Towers with Radar,1045,470,91,4,1610,0,0,0,0,0,1045,470,91,4,1610,0,0,0,1610
03/30/2005,MSP,MN,AGL,CE,Towers with Radar,975,440,77,8,1500,0,0,0,0,0,975,440,77,8,1500,0,0,0,1500
03/31/2005,MSP,MN,AGL,CE,Towers with Radar,1056,465,66,11,1598,0,0,0,0,0,1056,465,66,11,1598,0,0,0,1598
04/01/2005,MSP,MN,AGL,CE,Towers with Radar,1037,451,78,7,1573,0,0,10,0,10,1037,451,88,7,1583,0,0,0,1583
04/02/2005,MSP,MN,AGL,CE,Towers with Radar,915,402,64,4,1385,0,0,0,0,0,915,402,64,4,1385,0,0,0,1385
04/03/2005,MSP,MN,AGL,CE,Towers with Radar,963,389,77,6,1435,0,0,0,0,0,963,389,77,6,1435,0,0,0,1435
04/04/2005,MSP,MN,AGL,CE,Towers with Radar,980,470,94,5,1549,0,0,0,0,0,980,470,94,5,1549,0,0,0,1549
04/05/2005,MSP,MN,AGL,CE,Towers with Radar,988,481,103,12,1584,0,0,0,0,0,988,481,103,12,1584,0,0,0,1584
04/06/2005,MSP,MN,AGL,CE,Towers with Radar,1019,466,110,9,1604,0,0,0,0,0,1019,466,110,9,1604,0,0,0,1604
04/07/2005,MSP,MN,AGL,CE,Towers with Radar,1013,480,122,10,1625,0,0,0,0,0,1013,480,122,10,1625,0,0,0,1625
04/08/2005,MSP,MN,AGL,CE,Towers with Radar,1015,452,93,10,1570,0,0,0,0,0,1015,452,93,10,1570,0,0,0,1570
04/09/2005,MSP,MN,AGL,CE,Towers with Radar,915,407,53,4,1379,0,0,0,0,0,915,407,53,4,1379,0,0,0,1379
04/10/2005,MSP,MN,AGL,CE,Towers with Radar,898,372,64,2,1336,0,0,0,0,0,898,372,64,2,1336,0,0,0,1336
04/11/2005,MSP,MN,AGL,CE,Towers with Radar,974,443,74,7,1498,0,0,0,0,0,974,443,74,7,1498,0,0,0,1498
04/12/2005,MSP,MN,AGL,CE,Towers with Radar,985,470,95,8,1558,0,0,0,0,0,985,470,95,8,1558,0,0,0,1558
04/13/2005,MSP,MN,AGL,CE,Towers with Radar,998,477,114,11,1600,0,0,0,0,0,998,477,114,11,1600,0,0,0,1600
04/14/2005,MSP,MN,AGL,CE,Towers with Radar,987,472,126,10,1595,0,0,0,0,0,987,472,126,10,1595,0,0,0,1595
04/15/2005,MSP,MN,AGL,CE,Towers with Radar,994,474,84,5,1557,0,0,0,0,0,994,474,84,5,1557,0,0,0,1557
04/16/2005,MSP,MN,AGL,CE,Towers with Radar,872,401,49,3,1325,0,0,0,0,0,872,401,49,3,1325,0,0,0,1325
04/17/2005,MSP,MN,AGL,CE,Towers with Radar,872,383,76,2,1333,0,0,0,0,0,872,383,76,2,1333,0,0,0,1333
04/18/2005,MSP,MN,AGL,CE,Towers with Radar,949,456,131,7,1543,0,0,0,0,0,949,456,131,7,1543,0,0,0,1543
04/19/2005,MSP,MN,AGL,CE,Towers with Radar,978,466,110,10,1564,0,0,0,0,0,978,466,110,10,1564,0,0,0,1564
04/20/2005,MSP,MN,AGL,CE,Towers with Radar,980,472,100,19,1571,0,0,0,0,0,980,472,100,19,1571,0,0,0,1571
04/21/2005,MSP,MN,AGL,CE,Towers with Radar,1008,476,109,11,1604,0,0,0,0,0,1008,476,109,11,1604,0,0,0,1604
04/22/2005,MSP,MN,AGL,CE,Towers with Radar,979,478,86,7,1550,0,0,0,0,0,979,478,86,7,1550,0,0,0,1550
04/23/2005,MSP,MN,AGL,CE,Towers with Radar,867,406,29,4,1306,2,0,3,0,5,869,406,32,4,1311,0,0,0,1311
04/24/2005,MSP,MN,AGL,CE,Towers with Radar,861,385,75,18,1339,0,0,0,0,0,861,385,75,18,1339,0,0,0,1339
04/25/2005,MSP,MN,AGL,CE,Towers with Radar,961,471,99,4,1535,0,0,0,0,0,961,471,99,4,1535,0,0,0,1535
04/26/2005,MSP,MN,AGL,CE,Towers with Radar,969,471,96,6,1542,0,0,0,0,0,969,471,96,6,1542,0,0,0,1542
04/27/2005,MSP,MN,AGL,CE,Towers with Radar,977,490,99,3,1569,0,0,0,0,0,977,490,99,3,1569,0,0,0,1569
04/28/2005,MSP,MN,AGL,CE,Towers with Radar,977,482,116,14,1589,0,0,0,0,0,977,482,116,14,1589,0,0,0,1589
04/29/2005,MSP,MN,AGL,CE,Towers with Radar,978,461,106,19,1564,0,0,0,0,0,978,461,106,19,1564,0,0,0,1564
04/30/2005,MSP,MN,AGL,CE,Towers with Radar,857,406,51,8,1322,0,0,0,0,0,857,406,51,8,1322,0,0,0,1322
05/01/2005,MSP,MN,AGL,CE,Towers with Radar,851,375,67,4,1297,0,0,0,0,0,851,375,67,4,1297,0,0,0,1297
05/02/2005,MSP,MN,AGL,CE,Towers with Radar,945,459,86,1,1491,0,0,0,0,0,945,459,86,1,1491,0,0,0,1491
05/03/2005,MSP,MN,AGL,CE,Towers with Radar,963,467,136,11,1577,0,0,0,0,0,963,467,136,11,1577,0,0,0,1577
05/04/2005,MSP,MN,AGL,CE,Towers with Radar,988,488,150,14,1640,0,0,0,0,0,988,488,150,14,1640,0,0,0,1640
05/05/2005,MSP,MN,AGL,CE,Towers with Radar,989,481,107,10,1587,0,0,0,0,0,989,481,107,10,1587,0,0,0,1587
05/06/2005,MSP,MN,AGL,CE,Towers with Radar,973,458,111,9,1551,0,0,0,0,0,973,458,111,9,1551,0,0,0,1551
05/07/2005,MSP,MN,AGL,CE,Towers with Radar,847,400,31,4,1282,0,0,0,0,0,847,400,31,4,1282,0,0,0,1282
05/08/2005,MSP,MN,AGL,CE,Towers with Radar,858,371,64,3,1296,0,0,0,0,0,858,371,64,3,1296,0,0,0,1296
05/09/2005,MSP,MN,AGL,CE,Towers with Radar,980,470,95,10,1555,0,0,0,0,0,980,470,95,10,1555,0,0,0,1555
05/10/2005,MSP,MN,AGL,CE,Towers with Radar,959,474,111,15,1559,0,0,0,0,0,959,474,111,15,1559,0,0,0,1559
05/11/2005,MSP,MN,AGL,CE,Towers with Radar,959,489,105,8,1561,0,0,0,0,0,959,489,105,8,1561,0,0,0,1561
05/12/2005,MSP,MN,AGL,CE,Towers with Radar,959,449,103,16,1527,0,0,0,0,0,959,449,103,16,1527,0,0,0,1527
05/13/2005,MSP,MN,AGL,CE,Towers with Radar,987,469,88,7,1551,0,0,0,0,0,987,469,88,7,1551,0,0,0,1551
05/14/2005,MSP,MN,AGL,CE,Towers with Radar,865,386,39,4,1294,0,0,0,0,0,865,386,39,4,1294,0,0,0,1294
05/15/2005,MSP,MN,AGL,CE,Towers with Radar,868,380,72,1,1321,0,0,0,0,0,868,380,72,1,1321,0,0,0,1321
05/16/2005,MSP,MN,AGL,CE,Towers with Radar,932,452,90,10,1484,0,0,0,0,0,932,452,90,10,1484,0,0,0,1484
05/17/2005,MSP,MN,AGL,CE,Towers with Radar,963,475,119,20,1577,0,0,0,0,0,963,475,119,20,1577,0,0,0,1577
05/18/2005,MSP,MN,AGL,CE,Towers with Radar,978,485,111,12,1586,0,0,0,0,0,978,485,111,12,1586,0,0,0,1586
05/19/2005,MSP,MN,AGL,CE,Towers with Radar,980,478,107,9,1574,0,0,0,0,0,980,478,107,9,1574,0,0,0,1574
05/20/2005,MSP,MN,AGL,CE,Towers with Radar,983,479,110,7,1579,0,0,0,0,0,983,479,110,7,1579,0,0,0,1579
05/21/2005,MSP,MN,AGL,CE,Towers with Radar,867,401,46,8,1322,0,0,0,0,0,867,401,46,8,1322,0,0,0,1322
05/22/2005,MSP,MN,AGL,CE,Towers with Radar,867,384,61,0,1312,0,0,0,0,0,867,384,61,0,1312,0,0,0,1312
05/23/2005,MSP,MN,AGL,CE,Towers with Radar,949,478,110,7,1544,0,0,0,0,0,949,478,110,7,1544,0,0,0,1544
05/24/2005,MSP,MN,AGL,CE,Towers with Radar,971,495,127,13,1606,0,0,0,0,0,971,495,127,13,1606,0,0,0,1606
05/25/2005,MSP,MN,AGL,CE,Towers with Radar,975,471,91,9,1546,0,0,0,0,0,975,471,91,9,1546,0,0,0,1546
05/26/2005,MSP,MN,AGL,CE,Towers with Radar,991,483,124,15,1613,0,0,0,0,0,991,483,124,15,1613,0,0,0,1613
05/27/2005,MSP,MN,AGL,CE,Towers with Radar,981,466,93,6,1546,0,0,0,0,0,981,466,93,6,1546,0,0,0,1546
05/28/2005,MSP,MN,AGL,CE,Towers with Radar,853,387,58,2,1300,0,0,0,0,0,853,387,58,2,1300,0,0,0,1300
05/29/2005,MSP,MN,AGL,CE,Towers with Radar,755,317,44,0,1116,0,0,39,0,39,755,317,83,0,1155,0,0,0,1155
05/30/2005,MSP,MN,AGL,CE,Towers with Radar,878,406,65,3,1352,0,0,0,0,0,878,406,65,3,1352,0,0,0,1352
05/31/2005,MSP,MN,AGL,CE,Towers with Radar,930,470,87,7,1494,0,0,0,0,0,930,470,87,7,1494,0,0,0,1494
06/01/2005,MSP,MN,AGL,CE,Towers with Radar,983,468,99,13,1563,0,0,0,0,0,983,468,99,13,1563,0,0,0,1563
06/02/2005,MSP,MN,AGL,CE,Towers with Radar,991,476,123,14,1604,0,0,0,0,0,991,476,123,14,1604,0,0,0,1604
06/03/2005,MSP,MN,AGL,CE,Towers with Radar,988,456,101,10,1555,0,0,0,0,0,988,456,101,10,1555,0,0,0,1555
06/04/2005,MSP,MN,AGL,CE,Towers with Radar,871,401,60,5,1337,0,0,0,0,0,871,401,60,5,1337,0,0,0,1337
06/05/2005,MSP,MN,AGL,CE,Towers with Radar,875,371,81,7,1334,0,0,0,0,0,875,371,81,7,1334,0,0,0,1334
06/06/2005,MSP,MN,AGL,CE,Towers with Radar,925,441,118,4,1488,0,0,0,0,0,925,441,118,4,1488,0,0,0,1488
06/07/2005,MSP,MN,AGL,CE,Towers with Radar,968,449,94,15,1526,0,0,0,0,0,968,449,94,15,1526,0,0,0,1526
06/08/2005,MSP,MN,AGL,CE,Towers with Radar,978,468,111,11,1568,0,0,0,0,0,978,468,111,11,1568,0,0,0,1568
06/09/2005,MSP,MN,AGL,CE,Towers with Radar,1010,468,114,16,1608,0,0,0,0,0,1010,468,114,16,1608,0,0,0,1608
06/10/2005,MSP,MN,AGL,CE,Towers with Radar,1019,458,106,7,1590,0,0,0,0,0,1019,458,106,7,1590,0,0,0,1590
06/11/2005,MSP,MN,AGL,CE,Towers with Radar,973,425,53,2,1453,0,0,0,0,0,973,425,53,2,1453,0,0,0,1453
06/12/2005,MSP,MN,AGL,CE,Towers with Radar,961,401,74,4,1440,0,0,0,0,0,961,401,74,4,1440,0,0,0,1440
06/13/2005,MSP,MN,AGL,CE,Towers with Radar,956,410,104,3,1473,0,0,0,0,0,956,410,104,3,1473,0,0,0,1473
06/14/2005,MSP,MN,AGL,CE,Towers with Radar,1095,514,124,8,1741,0,0,0,0,0,1095,514,124,8,1741,0,0,0,1741
06/15/2005,MSP,MN,AGL,CE,Towers with Radar,1040,475,117,16,1648,0,0,0,0,0,1040,475,117,16,1648,0,0,0,1648
06/16/2005,MSP,MN,AGL,CE,Towers with Radar,1040,495,122,7,1664,0,0,0,0,0,1040,495,122,7,1664,0,0,0,1664
06/17/2005,MSP,MN,AGL,CE,Towers with Radar,1069,465,108,14,1656,0,0,0,0,0,1069,465,108,14,1656,0,0,0,1656
06/18/2005,MSP,MN,AGL,CE,Towers with Radar,969,424,68,8,1469,0,0,0,0,0,969,424,68,8,1469,0,0,0,1469
06/19/2005,MSP,MN,AGL,CE,Towers with Radar,956,393,77,2,1428,0,0,0,0,0,956,393,77,2,1428,0,0,0,1428
06/20/2005,MSP,MN,AGL,CE,Towers with Radar,954,423,95,3,1475,0,0,0,0,0,954,423,95,3,1475,0,0,0,1475
06/21/2005,MSP,MN,AGL,CE,Towers with Radar,1088,485,121,16,1710,0,0,0,0,0,1088,485,121,16,1710,0,0,0,1710
06/22/2005,MSP,MN,AGL,CE,Towers with Radar,1044,482,117,11,1654,0,0,0,0,0,1044,482,117,11,1654,0,0,0,1654
06/23/2005,MSP,MN,AGL,CE,Towers with Radar,1096,490,125,19,1730,0,0,0,0,0,1096,490,125,19,1730,0,0,0,1730
06/24/2005,MSP,MN,AGL,CE,Towers with Radar,1056,469,105,2,1632,0,0,10,0,10,1056,469,115,2,1642,0,0,0,1642
06/25/2005,MSP,MN,AGL,CE,Towers with Radar,970,427,70,3,1470,0,0,0,0,0,970,427,70,3,1470,0,0,0,1470
06/26/2005,MSP,MN,AGL,CE,Towers with Radar,952,405,112,5,1474,0,0,0,0,0,952,405,112,5,1474,0,0,0,1474
06/27/2005,MSP,MN,AGL,CE,Towers with Radar,918,392,96,6,1412,0,0,0,0,0,918,392,96,6,1412,0,0,0,1412
06/28/2005,MSP,MN,AGL,CE,Towers with Radar,1121,481,132,12,1746,0,0,0,0,0,1121,481,132,12,1746,0,0,0,1746
06/29/2005,MSP,MN,AGL,CE,Towers with Radar,1019,466,97,4,1586,0,0,0,0,0,1019,466,97,4,1586,0,0,0,1586
06/30/2005,MSP,MN,AGL,CE,Towers with Radar,1048,488,104,5,1645,0,0,0,0,0,1048,488,104,5,1645,0,0,0,1645
07/01/2005,MSP,MN,AGL,CE,Towers with Radar,1063,458,103,5,1629,0,1,25,0,26,1063,459,128,5,1655,0,0,0,1655
07/02/2005,MSP,MN,AGL,CE,Towers with Radar,963,419,61,0,1443,0,0,0,0,0,963,419,61,0,1443,0,0,0,1443
07/03/2005,MSP,MN,AGL,CE,Towers with Radar,852,337,49,1,1239,0,0,5,0,5,852,337,54,1,1244,0,0,0,1244
07/04/2005,MSP,MN,AGL,CE,Towers with Radar,1001,382,35,0,1418,0,0,8,0,8,1001,382,43,0,1426,0,0,0,1426
07/05/2005,MSP,MN,AGL,CE,Towers with Radar,983,471,78,5,1537,1,0,14,0,15,984,471,92,5,1552,0,0,0,1552
07/06/2005,MSP,MN,AGL,CE,Towers with Radar,1051,473,93,2,1619,0,0,19,2,21,1051,473,112,4,1640,0,0,0,1640
07/07/2005,MSP,MN,AGL,CE,Towers with Radar,1053,473,94,7,1627,0,2,12,0,14,1053,475,106,7,1641,0,0,0,1641
07/08/2005,MSP,MN,AGL,CE,Towers with Radar,1048,473,75,6,1602,1,2,11,0,14,1049,475,86,6,1616,0,0,0,1616
07/09/2005,MSP,MN,AGL,CE,Towers with Radar,966,426,46,3,1441,0,3,32,2,37,966,429,78,5,1478,0,0,0,1478
07/10/2005,MSP,MN,AGL,CE,Towers with Radar,945,414,65,3,1427,0,2,30,0,32,945,416,95,3,1459,0,0,0,1459
07/11/2005,MSP,MN,AGL,CE,Towers with Radar,1009,478,93,5,1585,0,0,12,1,13,1009,478,105,6,1598,0,0,0,1598
07/12/2005,MSP,MN,AGL,CE,Towers with Radar,1040,490,101,19,1650,0,9,11,1,21,1040,499,112,20,1671,0,0,0,1671
07/13/2005,MSP,MN,AGL,CE,Towers with Radar,1054,495,108,15,1672,0,4,10,1,15,1054,499,118,16,1687,0,0,0,1687
07/14/2005,MSP,MN,AGL,CE,Towers with Radar,1035,485,117,17,1654,0,1,18,0,19,1035,486,135,17,1673,0,0,0,1673
07/15/2005,MSP,MN,AGL,CE,Towers with Radar,1049,487,80,5,1621,0,0,0,0,0,1049,487,80,5,1621,0,0,0,1621
07/16/2005,MSP,MN,AGL,CE,Towers with Radar,995,441,56,3,1495,0,5,25,0,30,995,446,81,3,1525,0,0,0,1525
07/17/2005,MSP,MN,AGL,CE,Towers with Radar,933,401,74,4,1412,0,0,10,0,10,933,401,84,4,1422,0,0,0,1422
07/18/2005,MSP,MN,AGL,CE,Towers with Radar,1007,460,101,9,1577,0,0,11,0,11,1007,460,112,9,1588,0,0,0,1588
07/19/2005,MSP,MN,AGL,CE,Towers with Radar,1050,487,109,9,1655,0,0,18,0,18,1050,487,127,9,1673,0,0,0,1673
07/20/2005,MSP,MN,AGL,CE,Towers with Radar,1057,477,94,10,1638,0,6,21,0,27,1057,483,115,10,1665,0,0,0,1665
07/21/2005,MSP,MN,AGL,CE,Towers with Radar,1069,491,99,8,1667,0,1,19,1,21,1069,492,118,9,1688,0,0,0,1688
07/22/2005,MSP,MN,AGL,CE,Towers with Radar,1056,475,103,7,1641,0,1,13,1,15,1056,476,116,8,1656,0,0,0,1656
07/23/2005,MSP,MN,AGL,CE,Towers with Radar,971,422,43,6,1442,0,0,4,0,4,971,422,47,6,1446,0,0,0,1446
07/24/2005,MSP,MN,AGL,CE,Towers with Radar,961,410,56,6,1433,0,0,18,0,18,961,410,74,6,1451,0,0,0,1451
07/25/2005,MSP,MN,AGL,CE,Towers with Radar,936,409,77,6,1428,0,0,0,0,0,936,409,77,6,1428,0,0,0,1428
07/26/2005,MSP,MN,AGL,CE,Towers with Radar,1069,513,112,7,1701,0,0,12,0,12,1069,513,124,7,1713,0,0,0,1713
07/27/2005,MSP,MN,AGL,CE,Towers with Radar,1021,493,130,12,1656,0,1,20,0,21,1021,494,150,12,1677,0,0,0,1677
07/28/2005,MSP,MN,AGL,CE,Towers with Radar,1045,487,124,16,1672,0,0,16,0,16,1045,487,140,16,1688,0,0,0,1688
07/29/2005,MSP,MN,AGL,CE,Towers with Radar,1032,482,98,6,1618,0,4,26,0,30,1032,486,124,6,1648,0,0,0,1648
07/30/2005,MSP,MN,AGL,CE,Towers with Radar,967,438,30,0,1435,0,1,17,0,18,967,439,47,0,1453,0,0,0,1453
07/31/2005,MSP,MN,AGL,CE,Towers with Radar,931,410,63,0,1404,1,3,19,0,23,932,413,82,0,1427,0,0,0,1427
08/01/2005,MSP,MN,AGL,CE,Towers with Radar,1014,471,83,4,1572,0,1,23,1,25,1014,472,106,5,1597,0,0,0,1597
08/02/2005,MSP,MN,AGL,CE,Towers with Radar,1041,479,122,14,1656,0,9,8,2,19,1041,488,130,16,1675,0,0,0,1675
08/03/2005,MSP,MN,AGL,CE,Towers with Radar,1014,479,118,15,1626,0,1,10,1,12,1014,480,128,16,1638,0,0,0,1638
08/04/2005,MSP,MN,AGL,CE,Towers with Radar,1029,484,111,12,1636,0,8,22,1,31,1029,492,133,13,1667,0,0,0,1667
08/05/2005,MSP,MN,AGL,CE,Towers with Radar,1039,465,98,7,1609,0,0,24,0,24,1039,465,122,7,1633,0,0,0,1633
08/06/2005,MSP,MN,AGL,CE,Towers with Radar,958,425,37,1,1421,0,1,25,0,26,958,426,62,1,1447,0,0,0,1447
08/07/2005,MSP,MN,AGL,CE,Towers with Radar,950,412,69,2,1433,0,2,17,0,19,950,414,86,2,1452,0,0,0,1452
08/08/2005,MSP,MN,AGL,CE,Towers with Radar,947,456,99,6,1508,0,0,0,0,0,947,456,99,6,1508,0,0,0,1508
08/09/2005,MSP,MN,AGL,CE,Towers with Radar,1008,445,95,14,1562,0,1,10,0,11,1008,446,105,14,1573,0,0,0,1573
08/10/2005,MSP,MN,AGL,CE,Towers with Radar,1069,511,115,10,1705,0,1,8,1,10,1069,512,123,11,1715,0,0,0,1715
08/11/2005,MSP,MN,AGL,CE,Towers with Radar,1025,485,86,12,1608,0,0,4,0,4,1025,485,90,12,1612,0,0,0,1612
08/12/2005,MSP,MN,AGL,CE,Towers with Radar,1034,477,83,12,1606,0,0,17,1,18,1034,477,100,13,1624,0,0,0,1624
08/13/2005,MSP,MN,AGL,CE,Towers with Radar,956,418,44,6,1424,0,0,11,0,11,956,418,55,6,1435,0,0,0,1435
08/14/2005,MSP,MN,AGL,CE,Towers with Radar,928,401,66,8,1403,0,0,13,0,13,928,401,79,8,1416,0,0,0,1416
08/15/2005,MSP,MN,AGL,CE,Towers with Radar,1002,464,95,6,1567,0,0,0,0,0,1002,464,95,6,1567,0,0,0,1567
08/16/2005,MSP,MN,AGL,CE,Towers with Radar,1020,502,135,13,1670,0,0,0,0,0,1020,502,135,13,1670,0,0,0,1670
08/17/2005,MSP,MN,AGL,CE,Towers with Radar,1012,490,122,12,1636,0,2,4,0,6,1012,492,126,12,1642,0,0,0,1642
08/18/2005,MSP,MN,AGL,CE,Towers with Radar,990,505,111,15,1621,0,0,2,0,2,990,505,113,15,1623,0,0,0,1623
08/19/2005,MSP,MN,AGL,CE,Towers with Radar,984,493,123,6,1606,0,1,0,0,1,984,494,123,6,1607,0,0,0,1607
08/20/2005,MSP,MN,AGL,CE,Towers with Radar,823,374,43,5,1245,0,0,18,1,19,823,374,61,6,1264,0,0,0,1264
08/21/2005,MSP,MN,AGL,CE,Towers with Radar,826,375,87,7,1295,0,0,0,0,0,826,375,87,7,1295,0,0,0,1295
08/22/2005,MSP,MN,AGL,CE,Towers with Radar,921,448,105,3,1477,0,0,0,0,0,921,448,105,3,1477,0,0,0,1477
08/23/2005,MSP,MN,AGL,CE,Towers with Radar,957,469,102,7,1535,0,4,22,1,27,957,473,124,8,1562,0,0,0,1562
08/24/2005,MSP,MN,AGL,CE,Towers with Radar,967,469,99,14,1549,0,7,9,0,16,967,476,108,14,1565,0,0,0,1565
08/25/2005,MSP,MN,AGL,CE,Towers with Radar,956,495,108,12,1571,0,7,27,1,35,956,502,135,13,1606,0,0,0,1606
08/26/2005,MSP,MN,AGL,CE,Towers with Radar,949,457,84,9,1499,0,0,8,0,8,949,457,92,9,1507,0,0,0,1507
08/27/2005,MSP,MN,AGL,CE,Towers with Radar,811,363,56,0,1230,0,0,11,0,11,811,363,67,0,1241,0,0,0,1241
08/28/2005,MSP,MN,AGL,CE,Towers with Radar,818,374,64,7,1263,0,4,18,0,22,818,378,82,7,1285,0,0,0,1285
08/29/2005,MSP,MN,AGL,CE,Towers with Radar,900,462,105,1,1468,0,0,0,0,0,900,462,105,1,1468,0,0,0,1468
08/30/2005,MSP,MN,AGL,CE,Towers with Radar,952,461,120,11,1544,0,0,18,1,19,952,461,138,12,1563,0,0,0,1563
08/31/2005,MSP,MN,AGL,CE,Towers with Radar,950,470,95,15,1530,0,4,11,0,15,950,474,106,15,1545,0,0,0,1545
09/01/2005,MSP,MN,AGL,CE,Towers with Radar,961,485,82,13,1541,0,2,8,1,11,961,487,90,14,1552,0,0,0,1552
09/02/2005,MSP,MN,AGL,CE,Towers with Radar,943,471,53,6,1473,31,14,20,0,65,974,485,73,6,1538,0,0,0,1538
09/03/2005,MSP,MN,AGL,CE,Towers with Radar,756,346,32,3,1137,0,0,7,0,7,756,346,39,3,1144,0,0,0,1144
09/04/2005,MSP,MN,AGL,CE,Towers with Radar,716,321,40,4,1081,0,1,7,0,8,716,322,47,4,1089,0,0,0,1089
09/05/2005,MSP,MN,AGL,CE,Towers with Radar,852,400,70,9,1331,0,0,0,0,0,852,400,70,9,1331,0,0,0,1331
09/06/2005,MSP,MN,AGL,CE,Towers with Radar,920,468,91,10,1489,0,1,4,1,6,920,469,95,11,1495,0,0,0,1495
09/07/2005,MSP,MN,AGL,CE,Towers with Radar,966,470,81,12,1529,0,3,4,0,7,966,473,85,12,1536,0,0,0,1536
09/08/2005,MSP,MN,AGL,CE,Towers with Radar,950,490,77,14,1531,0,0,11,1,12,950,490,88,15,1543,0,0,0,1543
09/09/2005,MSP,MN,AGL,CE,Towers with Radar,953,473,64,10,1500,0,2,10,1,13,953,475,74,11,1513,0,0,0,1513
09/10/2005,MSP,MN,AGL,CE,Towers with Radar,806,364,44,6,1220,0,0,5,0,5,806,364,49,6,1225,0,0,0,1225
09/11/2005,MSP,MN,AGL,CE,Towers with Radar,848,374,51,4,1277,0,0,16,0,16,848,374,67,4,1293,0,0,0,1293
09/12/2005,MSP,MN,AGL,CE,Towers with Radar,931,441,91,3,1466,0,0,5,0,5,931,441,96,3,1471,0,0,0,1471
09/13/2005,MSP,MN,AGL,CE,Towers with Radar,930,476,90,16,1512,0,0,0,0,0,930,476,90,16,1512,0,0,0,1512
09/14/2005,MSP,MN,AGL,CE,Towers with Radar,960,472,108,14,1554,0,6,19,1,26,960,478,127,15,1580,0,0,0,1580
09/15/2005,MSP,MN,AGL,CE,Towers with Radar,961,468,104,15,1548,0,2,17,2,21,961,470,121,17,1569,0,0,0,1569
09/16/2005,MSP,MN,AGL,CE,Towers with Radar,971,467,93,3,1534,0,1,22,0,23,971,468,115,3,1557,0,0,0,1557
09/17/2005,MSP,MN,AGL,CE,Towers with Radar,804,348,42,4,1198,1,1,8,0,10,805,349,50,4,1208,0,0,0,1208
09/18/2005,MSP,MN,AGL,CE,Towers with Radar,846,363,66,0,1275,0,0,14,0,14,846,363,80,0,1289,0,0,0,1289
09/19/2005,MSP,MN,AGL,CE,Towers with Radar,911,454,95,2,1462,0,0,0,0,0,911,454,95,2,1462,0,0,0,1462
09/20/2005,MSP,MN,AGL,CE,Towers with Radar,940,473,98,8,1519,1,0,18,0,19,941,473,116,8,1538,0,0,0,1538
09/21/2005,MSP,MN,AGL,CE,Towers with Radar,882,436,92,15,1425,0,0,4,0,4,882,436,96,15,1429,0,0,0,1429
09/22/2005,MSP,MN,AGL,CE,Towers with Radar,984,506,121,12,1623,0,5,5,0,10,984,511,126,12,1633,0,0,0,1633
09/23/2005,MSP,MN,AGL,CE,Towers with Radar,941,455,99,8,1503,0,1,10,0,11,941,456,109,8,1514,0,0,0,1514
09/24/2005,MSP,MN,AGL,CE,Towers with Radar,813,348,41,22,1224,0,2,15,0,17,813,350,56,22,1241,0,0,0,1241
09/25/2005,MSP,MN,AGL,CE,Towers with Radar,850,347,52,0,1249,2,0,5,0,7,852,347,57,0,1256,0,0,0,1256
09/26/2005,MSP,MN,AGL,CE,Towers with Radar,932,456,105,5,1498,2,0,2,0,4,934,456,107,5,1502,0,0,0,1502
09/27/2005,MSP,MN,AGL,CE,Towers with Radar,970,468,91,10,1539,0,3,14,0,17,970,471,105,10,1556,0,0,0,1556
09/28/2005,MSP,MN,AGL,CE,Towers with Radar,946,472,89,5,1512,0,2,5,0,7,946,474,94,5,1519,0,0,0,1519
09/29/2005,MSP,MN,AGL,CE,Towers with Radar,963,477,106,11,1557,0,7,14,2,23,963,484,120,13,1580,0,0,0,1580
09/30/2005,MSP,MN,AGL,CE,Towers with Radar,948,452,86,12,1498,0,0,0,0,0,948,452,86,12,1498,0,0,0,1498
10/01/2005,MSP,MN,AGL,CE,Towers with Radar,770,353,44,0,1167,0,1,17,0,18,770,354,61,0,1185,0,0,0,1185
10/02/2005,MSP,MN,AGL,CE,Towers with Radar,805,362,66,4,1237,0,0,6,0,6,805,362,72,4,1243,0,0,0,1243
10/03/2005,MSP,MN,AGL,CE,Towers with Radar,869,437,94,7,1407,4,4,10,0,18,873,441,104,7,1425,0,0,0,1425
10/04/2005,MSP,MN,AGL,CE,Towers with Radar,771,384,68,8,1231,0,0,0,0,0,771,384,68,8,1231,0,0,0,1231
10/05/2005,MSP,MN,AGL,CE,Towers with Radar,961,484,89,5,1539,0,0,5,0,5,961,484,94,5,1544,0,0,0,1544
10/06/2005,MSP,MN,AGL,CE,Towers with Radar,891,472,101,12,1476,0,0,9,0,9,891,472,110,12,1485,0,0,0,1485
10/07/2005,MSP,MN,AGL,CE,Towers with Radar,907,461,86,7,1461,0,1,13,0,14,907,462,99,7,1475,0,0,0,1475
10/08/2005,MSP,MN,AGL,CE,Towers with Radar,772,365,37,2,1176,1,7,15,1,24,773,372,52,3,1200,0,0,0,1200
10/09/2005,MSP,MN,AGL,CE,Towers with Radar,796,361,55,3,1215,0,0,18,0,18,796,361,73,3,1233,0,0,0,1233
10/10/2005,MSP,MN,AGL,CE,Towers with Radar,843,453,92,2,1390,0,0,12,0,12,843,453,104,2,1402,0,0,0,1402
10/11/2005,MSP,MN,AGL,CE,Towers with Radar,909,451,87,15,1462,0,0,11,2,13,909,451,98,17,1475,0,0,0,1475
10/12/2005,MSP,MN,AGL,CE,Towers with Radar,876,470,119,17,1482,0,0,7,0,7,876,470,126,17,1489,0,0,0,1489
10/13/2005,MSP,MN,AGL,CE,Towers with Radar,916,463,92,6,1477,0,0,3,1,4,916,463,95,7,1481,0,0,0,1481
10/14/2005,MSP,MN,AGL,CE,Towers with Radar,886,459,98,9,1452,0,0,13,0,13,886,459,111,9,1465,0,0,0,1465
10/15/2005,MSP,MN,AGL,CE,Towers with Radar,777,347,40,7,1171,0,1,13,0,14,777,348,53,7,1185,0,0,0,1185
10/16/2005,MSP,MN,AGL,CE,Towers with Radar,804,373,59,2,1238,0,0,12,0,12,804,373,71,2,1250,0,0,0,1250
10/17/2005,MSP,MN,AGL,CE,Towers with Radar,864,449,83,8,1404,0,1,5,0,6,864,450,88,8,1410,0,0,0,1410
10/18/2005,MSP,MN,AGL,CE,Towers with Radar,908,465,102,16,1491,0,1,8,0,9,908,466,110,16,1500,0,0,0,1500
10/19/2005,MSP,MN,AGL,CE,Towers with Radar,903,451,99,16,1469,0,0,14,0,14,903,451,113,16,1483,0,0,0,1483
10/20/2005,MSP,MN,AGL,CE,Towers with Radar,899,465,111,9,1484,0,8,25,1,34,899,473,136,10,1518,0,0,0,1518
10/21/2005,MSP,MN,AGL,CE,Towers with Radar,894,459,87,4,1444,0,3,7,0,10,894,462,94,4,1454,0,0,0,1454
10/22/2005,MSP,MN,AGL,CE,Towers with Radar,779,360,49,6,1194,0,0,3,0,3,779,360,52,6,1197,0,0,0,1197
10/23/2005,MSP,MN,AGL,CE,Towers with Radar,794,377,58,2,1231,0,0,0,0,0,794,377,58,2,1231,0,0,0,1231
10/24/2005,MSP,MN,AGL,CE,Towers with Radar,849,447,71,6,1373,0,0,11,0,11,849,447,82,6,1384,0,0,0,1384
10/25/2005,MSP,MN,AGL,CE,Towers with Radar,874,461,100,13,1448,0,0,3,0,3,874,461,103,13,1451,0,0,0,1451
10/26/2005,MSP,MN,AGL,CE,Towers with Radar,889,461,102,12,1464,1,3,9,2,15,890,464,111,14,1479,0,0,0,1479
10/27/2005,MSP,MN,AGL,CE,Towers with Radar,891,460,109,14,1474,0,1,6,0,7,891,461,115,14,1481,0,0,0,1481
10/28/2005,MSP,MN,AGL,CE,Towers with Radar,886,460,99,10,1455,0,0,20,0,20,886,460,119,10,1475,0,0,0,1475
10/29/2005,MSP,MN,AGL,CE,Towers with Radar,754,354,60,2,1170,0,0,7,0,7,754,354,67,2,1177,0,0,0,1177
10/30/2005,MSP,MN,AGL,CE,Towers with Radar,732,342,59,0,1133,0,0,0,0,0,732,342,59,0,1133,0,0,0,1133
10/31/2005,MSP,MN,AGL,CE,Towers with Radar,790,415,80,2,1287,0,0,3,0,3,790,415,83,2,1290,0,0,0,1290
11/01/2005,MSP,MN,AGL,CE,Towers with Radar,837,438,99,13,1387,0,0,6,3,9,837,438,105,16,1396,0,0,0,1396
11/02/2005,MSP,MN,AGL,CE,Towers with Radar,842,431,101,12,1386,0,0,8,3,11,842,431,109,15,1397,0,0,0,1397
11/03/2005,MSP,MN,AGL,CE,Towers with Radar,862,432,111,9,1414,0,0,8,2,10,862,432,119,11,1424,0,0,0,1424
11/04/2005,MSP,MN,AGL,CE,Towers with Radar,860,426,88,5,1379,0,0,0,0,0,860,426,88,5,1379,0,0,0,1379
11/05/2005,MSP,MN,AGL,CE,Towers with Radar,747,325,36,3,1111,0,1,6,0,7,747,326,42,3,1118,0,0,0,1118
11/06/2005,MSP,MN,AGL,CE,Towers with Radar,745,343,68,8,1164,0,0,0,0,0,745,343,68,8,1164,0,0,0,1164
11/07/2005,MSP,MN,AGL,CE,Towers with Radar,848,413,99,13,1373,0,7,6,0,13,848,420,105,13,1386,0,0,0,1386
11/08/2005,MSP,MN,AGL,CE,Towers with Radar,830,432,91,14,1367,0,26,8,2,36,830,458,99,16,1403,0,0,0,1403
11/09/2005,MSP,MN,AGL,CE,Towers with Radar,848,450,88,17,1403,0,0,9,0,9,848,450,97,17,1412,0,0,0,1412
11/10/2005,MSP,MN,AGL,CE,Towers with Radar,863,440,125,9,1437,0,4,0,1,5,863,444,125,10,1442,0,0,0,1442
11/11/2005,MSP,MN,AGL,CE,Towers with Radar,849,426,100,2,1377,0,5,3,0,8,849,431,103,2,1385,0,0,0,1385
11/12/2005,MSP,MN,AGL,CE,Towers with Radar,739,329,44,3,1115,0,0,1,0,1,739,329,45,3,1116,0,0,0,1116
11/13/2005,MSP,MN,AGL,CE,Towers with Radar,740,362,53,3,1158,0,0,0,0,0,740,362,53,3,1158,0,0,0,1158
11/14/2005,MSP,MN,AGL,CE,Towers with Radar,818,430,90,5,1343,0,4,3,0,7,818,434,93,5,1350,0,0,0,1350
11/15/2005,MSP,MN,AGL,CE,Towers with Radar,827,432,96,5,1360,0,0,0,0,0,827,432,96,5,1360,0,0,0,1360
11/16/2005,MSP,MN,AGL,CE,Towers with Radar,854,440,124,12,1430,0,0,2,0,2,854,440,126,12,1432,0,0,0,1432
11/17/2005,MSP,MN,AGL,CE,Towers with Radar,867,445,107,15,1434,0,6,3,1,10,867,451,110,16,1444,0,0,0,1444
11/18/2005,MSP,MN,AGL,CE,Towers with Radar,875,466,115,16,1472,0,2,16,0,18,875,468,131,16,1490,0,0,0,1490
11/19/2005,MSP,MN,AGL,CE,Towers with Radar,750,363,44,7,1164,0,0,3,0,3,750,363,47,7,1167,0,0,0,1167
11/20/2005,MSP,MN,AGL,CE,Towers with Radar,754,355,50,1,1160,0,5,1,0,6,754,360,51,1,1166,0,0,0,1166
11/21/2005,MSP,MN,AGL,CE,Towers with Radar,828,425,83,8,1344,0,0,0,0,0,828,425,83,8,1344,0,0,0,1344
11/22/2005,MSP,MN,AGL,CE,Towers with Radar,864,445,98,14,1421,0,1,5,0,6,864,446,103,14,1427,0,0,0,1427
11/23/2005,MSP,MN,AGL,CE,Towers with Radar,861,440,83,11,1395,0,0,3,0,3,861,440,86,11,1398,0,0,0,1398
11/24/2005,MSP,MN,AGL,CE,Towers with Radar,718,319,31,2,1070,0,6,6,0,12,718,325,37,2,1082,0,0,0,1082
11/25/2005,MSP,MN,AGL,CE,Towers with Radar,702,322,42,0,1066,0,0,1,0,1,702,322,43,0,1067,0,0,0,1067
11/26/2005,MSP,MN,AGL,CE,Towers with Radar,752,332,40,4,1128,0,2,6,0,8,752,334,46,4,1136,0,0,0,1136
11/27/2005,MSP,MN,AGL,CE,Towers with Radar,780,349,58,0,1187,0,0,0,0,0,780,349,58,0,1187,0,0,0,1187
11/28/2005,MSP,MN,AGL,CE,Towers with Radar,805,367,77,2,1251,0,0,0,0,0,805,367,77,2,1251,0,0,0,1251
11/29/2005,MSP,MN,AGL,CE,Towers with Radar,868,413,104,2,1387,0,1,0,0,1,868,414,104,2,1388,0,0,0,1388
11/30/2005,MSP,MN,AGL,CE,Towers with Radar,863,411,96,5,1375,0,1,1,0,2,863,412,97,5,1377,0,0,0,1377
12/01/2005,MSP,MN,AGL,CE,Towers with Radar,864,446,129,5,1444,0,0,2,0,2,864,446,131,5,1446,0,0,0,1446
12/02/2005,MSP,MN,AGL,CE,Towers with Radar,839,398,88,10,1335,0,0,7,0,7,839,398,95,10,1342,0,0,0,1342
12/03/2005,MSP,MN,AGL,CE,Towers with Radar,722,331,34,5,1092,0,2,5,0,7,722,333,39,5,1099,0,0,0,1099
12/04/2005,MSP,MN,AGL,CE,Towers with Radar,740,342,42,5,1129,0,1,1,0,2,740,343,43,5,1131,0,0,0,1131
12/05/2005,MSP,MN,AGL,CE,Towers with Radar,798,403,81,11,1293,0,0,8,0,8,798,403,89,11,1301,0,0,0,1301
12/06/2005,MSP,MN,AGL,CE,Towers with Radar,833,432,95,17,1377,0,4,5,0,9,833,436,100,17,1386,0,0,0,1386
12/07/2005,MSP,MN,AGL,CE,Towers with Radar,844,450,101,11,1406,0,0,11,0,11,844,450,112,11,1417,0,0,0,1417
12/08/2005,MSP,MN,AGL,CE,Towers with Radar,810,443,110,10,1373,0,2,5,0,7,810,445,115,10,1380,0,0,0,1380
12/09/2005,MSP,MN,AGL,CE,Towers with Radar,815,425,96,5,1341,0,0,3,0,3,815,425,99,5,1344,0,0,0,1344
12/10/2005,MSP,MN,AGL,CE,Towers with Radar,739,336,55,10,1140,0,4,0,0,4,739,340,55,10,1144,0,0,0,1144
12/11/2005,MSP,MN,AGL,CE,Towers with Radar,739,337,55,17,1148,0,0,6,0,6,739,337,61,17,1154,0,0,0,1154
12/12/2005,MSP,MN,AGL,CE,Towers with Radar,800,430,100,9,1339,0,0,0,0,0,800,430,100,9,1339,0,0,0,1339
12/13/2005,MSP,MN,AGL,CE,Towers with Radar,824,441,123,11,1399,0,0,2,0,2,824,441,125,11,1401,0,0,0,1401
12/14/2005,MSP,MN,AGL,CE,Towers with Radar,793,386,100,0,1279,0,0,0,0,0,793,386,100,0,1279,0,0,0,1279
12/15/2005,MSP,MN,AGL,CE,Towers with Radar,843,423,87,10,1363,0,0,1,0,1,843,423,88,10,1364,0,0,0,1364
12/16/2005,MSP,MN,AGL,CE,Towers with Radar,911,462,106,12,1491,0,0,6,0,6,911,462,112,12,1497,0,0,0,1497
12/17/2005,MSP,MN,AGL,CE,Towers with Radar,818,373,46,0,1237,0,1,0,0,1,818,374,46,0,1238,0,0,0,1238
12/18/2005,MSP,MN,AGL,CE,Towers with Radar,790,383,61,1,1235,0,0,7,0,7,790,383,68,1,1242,0,0,0,1242
12/19/2005,MSP,MN,AGL,CE,Towers with Radar,843,435,76,10,1364,0,0,6,2,8,843,435,82,12,1372,0,0,0,1372
12/20/2005,MSP,MN,AGL,CE,Towers with Radar,890,469,109,20,1488,0,0,3,0,3,890,469,112,20,1491,0,0,0,1491
12/21/2005,MSP,MN,AGL,CE,Towers with Radar,909,476,97,17,1499,0,0,4,0,4,909,476,101,17,1503,0,0,0,1503
12/22/2005,MSP,MN,AGL,CE,Towers with Radar,934,455,95,13,1497,0,0,0,0,0,934,455,95,13,1497,0,0,0,1497
12/23/2005,MSP,MN,AGL,CE,Towers with Radar,919,444,69,0,1432,0,2,1,0,3,919,446,70,0,1435,0,0,0,1435
12/24/2005,MSP,MN,AGL,CE,Towers with Radar,864,364,28,0,1256,0,0,0,0,0,864,364,28,0,1256,0,0,0,1256
12/25/2005,MSP,MN,AGL,CE,Towers with Radar,736,337,39,2,1114,0,0,0,0,0,736,337,39,2,1114,0,0,0,1114
12/26/2005,MSP,MN,AGL,CE,Towers with Radar,857,391,58,0,1306,0,0,0,0,0,857,391,58,0,1306,0,0,0,1306
12/27/2005,MSP,MN,AGL,CE,Towers with Radar,859,430,54,4,1347,0,0,0,0,0,859,430,54,4,1347,0,0,0,1347
12/28/2005,MSP,MN,AGL,CE,Towers with Radar,881,438,43,7,1369,0,1,1,0,2,881,439,44,7,1371,0,0,0,1371
12/29/2005,MSP,MN,AGL,CE,Towers with Radar,895,431,55,6,1387,0,0,3,0,3,895,431,58,6,1390,0,0,0,1390
12/30/2005,MSP,MN,AGL,CE,Towers with Radar,887,410,50,1,1348,0,0,0,0,0,887,410,50,1,1348,0,0,0,1348
12/31/2005,MSP,MN,AGL,CE,Towers with Radar,823,376,31,0,1230,0,0,0,0,0,823,376,31,0,1230,0,0,0,1230
01/01/2006,MSP,MN,AGL,CE,Towers with Radar,788,360,37,0,1185,0,3,0,0,3,788,363,37,0,1188,0,0,0,1188
01/02/2006,MSP,MN,AGL,CE,Towers with Radar,841,400,61,2,1304,0,3,0,0,3,841,403,61,2,1307,0,0,0,1307
01/03/2006,MSP,MN,AGL,CE,Towers with Radar,848,406,87,5,1346,0,0,0,0,0,848,406,87,5,1346,0,0,0,1346
01/04/2006,MSP,MN,AGL,CE,Towers with Radar,822,396,94,12,1324,0,0,1,0,1,822,396,95,12,1325,0,0,0,1325
01/05/2006,MSP,MN,AGL,CE,Towers with Radar,818,394,81,19,1312,0,0,8,0,8,818,394,89,19,1320,0,0,0,1320
01/06/2006,MSP,MN,AGL,CE,Towers with Radar,831,388,69,8,1296,0,0,1,0,1,831,388,70,8,1297,0,0,0,1297
01/07/2006,MSP,MN,AGL,CE,Towers with Radar,706,333,44,3,1086,0,0,4,0,4,706,333,48,3,1090,0,0,0,1090
01/08/2006,MSP,MN,AGL,CE,Towers with Radar,733,315,54,3,1105,0,1,2,0,3,733,316,56,3,1108,0,0,0,1108
01/09/2006,MSP,MN,AGL,CE,Towers with Radar,803,382,101,6,1292,0,1,5,0,6,803,383,106,6,1298,0,0,0,1298
01/10/2006,MSP,MN,AGL,CE,Towers with Radar,893,406,123,12,1434,0,0,11,0,11,893,406,134,12,1445,0,0,0,1445
01/11/2006,MSP,MN,AGL,CE,Towers with Radar,812,408,103,9,1332,0,0,3,1,4,812,408,106,10,1336,0,0,0,1336
01/12/2006,MSP,MN,AGL,CE,Towers with Radar,822,393,103,15,1333,0,0,5,0,5,822,393,108,15,1338,0,0,0,1338
01/13/2006,MSP,MN,AGL,CE,Towers with Radar,797,398,100,4,1299,0,0,0,0,0,797,398,100,4,1299,0,0,0,1299
01/14/2006,MSP,MN,AGL,CE,Towers with Radar,724,336,64,4,1128,0,0,11,0,11,724,336,75,4,1139,0,0,0,1139
01/15/2006,MSP,MN,AGL,CE,Towers with Radar,729,317,49,2,1097,0,2,7,0,9,729,319,56,2,1106,0,0,0,1106
01/16/2006,MSP,MN,AGL,CE,Towers with Radar,772,378,84,1,1235,0,0,5,0,5,772,378,89,1,1240,0,0,0,1240
01/17/2006,MSP,MN,AGL,CE,Towers with Radar,817,410,92,4,1323,0,0,2,0,2,817,410,94,4,1325,0,0,0,1325
01/18/2006,MSP,MN,AGL,CE,Towers with Radar,782,406,93,15,1296,2,0,19,0,21,784,406,112,15,1317,0,0,0,1317
01/19/2006,MSP,MN,AGL,CE,Towers with Radar,812,404,106,7,1329,0,5,7,0,12,812,409,113,7,1341,0,0,0,1341
01/20/2006,MSP,MN,AGL,CE,Towers with Radar,815,407,93,9,1324,0,0,8,0,8,815,407,101,9,1332,0,0,0,1332
01/21/2006,MSP,MN,AGL,CE,Towers with Radar,718,323,53,2,1096,0,0,7,0,7,718,323,60,2,1103,0,0,0,1103
01/22/2006,MSP,MN,AGL,CE,Towers with Radar,722,320,75,2,1119,0,0,4,0,4,722,320,79,2,1123,0,0,0,1123
01/23/2006,MSP,MN,AGL,CE,Towers with Radar,784,373,111,4,1272,0,0,4,0,4,784,373,115,4,1276,0,0,0,1276
01/24/2006,MSP,MN,AGL,CE,Towers with Radar,799,397,96,5,1297,0,0,8,2,10,799,397,104,7,1307,0,0,0,1307
01/25/2006,MSP,MN,AGL,CE,Towers with Radar,813,409,112,11,1345,0,2,6,1,9,813,411,118,12,1354,0,0,0,1354
01/26/2006,MSP,MN,AGL,CE,Towers with Radar,818,422,91,14,1345,0,0,3,2,5,818,422,94,16,1350,0,0,0,1350
01/27/2006,MSP,MN,AGL,CE,Towers with Radar,820,395,87,3,1305,0,1,14,0,15,820,396,101,3,1320,0,0,0,1320
01/28/2006,MSP,MN,AGL,CE,Towers with Radar,716,333,52,3,1104,0,0,8,0,8,716,333,60,3,1112,0,0,0,1112
01/29/2006,MSP,MN,AGL,CE,Towers with Radar,732,329,62,1,1124,0,0,0,0,0,732,329,62,1,1124,0,0,0,1124
01/30/2006,MSP,MN,AGL,CE,Towers with Radar,786,391,97,5,1279,0,0,9,0,9,786,391,106,5,1288,0,0,0,1288
01/31/2006,MSP,MN,AGL,CE,Towers with Radar,797,383,109,13,1302,0,1,4,1,6,797,384,113,14,1308,0,0,0,1308
02/01/2006,MSP,MN,AGL,CE,Towers with Radar,820,407,126,14,1367,0,0,4,0,4,820,407,130,14,1371,0,0,0,1371
02/02/2006,MSP,MN,AGL,CE,Towers with Radar,825,410,116,5,1356,0,2,3,2,7,825,412,119,7,1363,0,0,0,1363
02/03/2006,MSP,MN,AGL,CE,Towers with Radar,820,399,118,5,1342,0,0,3,1,4,820,399,121,6,1346,0,0,0,1346
02/04/2006,MSP,MN,AGL,CE,Towers with Radar,706,320,56,5,1087,0,0,7,0,7,706,320,63,5,1094,0,0,0,1094
02/05/2006,MSP,MN,AGL,CE,Towers with Radar,743,320,58,8,1129,0,2,8,0,10,743,322,66,8,1139,0,0,0,1139
02/06/2006,MSP,MN,AGL,CE,Towers with Radar,796,385,101,9,1291,0,1,14,0,15,796,386,115,9,1306,0,0,0,1306
02/07/2006,MSP,MN,AGL,CE,Towers with Radar,805,410,113,17,1345,0,3,12,0,15,805,413,125,17,1360,0,0,0,1360
02/08/2006,MSP,MN,AGL,CE,Towers with Radar,793,395,113,13,1314,0,0,8,0,8,793,395,121,13,1322,0,0,0,1322
02/09/2006,MSP,MN,AGL,CE,Towers with Radar,796,391,99,9,1295,0,2,1,0,3,796,393,100,9,1298,0,0,0,1298
02/10/2006,MSP,MN,AGL,CE,Towers with Radar,837,399,100,12,1348,0,0,3,0,3,837,399,103,12,1351,0,0,0,1351
02/11/2006,MSP,MN,AGL,CE,Towers with Radar,718,332,50,5,1105,0,5,2,0,7,718,337,52,5,1112,0,0,0,1112
02/12/2006,MSP,MN,AGL,CE,Towers with Radar,706,309,58,3,1076,0,3,7,0,10,706,312,65,3,1086,0,0,0,1086
02/13/2006,MSP,MN,AGL,CE,Towers with Radar,744,388,95,7,1234,30,1,0,0,31,774,389,95,7,1265,0,0,0,1265
02/14/2006,MSP,MN,AGL,CE,Towers with Radar,799,400,98,7,1304,0,3,2,0,5,799,403,100,7,1309,0,0,0,1309
02/15/2006,MSP,MN,AGL,CE,Towers with Radar,840,420,101,5,1366,0,1,6,0,7,840,421,107,5,1373,0,0,0,1373
02/16/2006,MSP,MN,AGL,CE,Towers with Radar,832,373,95,8,1308,0,0,4,0,4,832,373,99,8,1312,0,0,0,1312
02/17/2006,MSP,MN,AGL,CE,Towers with Radar,884,393,90,5,1372,0,0,0,0,0,884,393,90,5,1372,0,0,0,1372
02/18/2006,MSP,MN,AGL,CE,Towers with Radar,800,330,58,5,1193,0,1,6,0,7,800,331,64,5,1200,0,0,0,1200
02/19/2006,MSP,MN,AGL,CE,Towers with Radar,792,320,58,3,1173,0,0,2,0,2,792,320,60,3,1175,0,0,0,1175
02/20/2006,MSP,MN,AGL,CE,Towers with Radar,873,405,91,1,1370,0,0,3,0,3,873,405,94,1,1373,0,0,0,1373
02/21/2006,MSP,MN,AGL,CE,Towers with Radar,876,416,103,12,1407,0,0,8,0,8,876,416,111,12,1415,0,0,0,1415
02/22/2006,MSP,MN,AGL,CE,Towers with Radar,878,420,109,10,1417,0,0,1,0,1,878,420,110,10,1418,0,0,0,1418
02/23/2006,MSP,MN,AGL,CE,Towers with Radar,872,410,98,18,1398,0,0,8,0,8,872,410,106,18,1406,0,0,0,1406
02/24/2006,MSP,MN,AGL,CE,Towers with Radar,879,405,108,3,1395,0,0,3,0,3,879,405,111,3,1398,0,0,0,1398
02/25/2006,MSP,MN,AGL,CE,Towers with Radar,804,339,40,1,1184,0,0,11,0,11,804,339,51,1,1195,0,0,0,1195
02/26/2006,MSP,MN,AGL,CE,Towers with Radar,805,334,80,2,1221,0,0,10,0,10,805,334,90,2,1231,0,0,0,1231
02/27/2006,MSP,MN,AGL,CE,Towers with Radar,845,399,94,4,1342,0,1,1,0,2,845,400,95,4,1344,0,0,0,1344
02/28/2006,MSP,MN,AGL,CE,Towers with Radar,862,409,86,6,1363,0,0,8,0,8,862,409,94,6,1371,0,0,0,1371
03/01/2006,MSP,MN,AGL,CE,Towers with Radar,875,425,111,4,1415,0,0,4,0,4,875,425,115,4,1419,0,0,0,1419
03/02/2006,MSP,MN,AGL,CE,Towers with Radar,864,408,112,7,1391,0,0,1,0,1,864,408,113,7,1392,0,0,0,1392
03/03/2006,MSP,MN,AGL,CE,Towers with Radar,895,409,124,8,1436,0,0,8,0,8,895,409,132,8,1444,0,0,0,1444
03/04/2006,MSP,MN,AGL,CE,Towers with Radar,813,331,49,6,1199,0,0,12,0,12,813,331,61,6,1211,0,0,0,1211
03/05/2006,MSP,MN,AGL,CE,Towers with Radar,801,323,76,6,1206,0,0,0,0,0,801,323,76,6,1206,0,0,0,1206
03/06/2006,MSP,MN,AGL,CE,Towers with Radar,878,401,112,5,1396,0,3,6,0,9,878,404,118,5,1405,0,0,0,1405
03/07/2006,MSP,MN,AGL,CE,Towers with Radar,862,417,96,12,1387,0,1,3,0,4,862,418,99,12,1391,0,0,0,1391
03/08/2006,MSP,MN,AGL,CE,Towers with Radar,897,415,125,17,1454,0,0,1,0,1,897,415,126,17,1455,0,0,0,1455
03/09/2006,MSP,MN,AGL,CE,Towers with Radar,904,411,93,11,1419,0,1,6,1,8,904,412,99,12,1427,0,0,0,1427
03/10/2006,MSP,MN,AGL,CE,Towers with Radar,889,408,96,2,1395,0,0,5,0,5,889,408,101,2,1400,0,0,0,1400
03/11/2006,MSP,MN,AGL,CE,Towers with Radar,820,342,52,5,1219,0,0,4,0,4,820,342,56,5,1223,0,0,0,1223
03/12/2006,MSP,MN,AGL,CE,Towers with Radar,790,309,70,0,1169,0,0,5,0,5,790,309,75,0,1174,0,0,0,1174
03/13/2006,MSP,MN,AGL,CE,Towers with Radar,680,251,82,0,1013,0,0,2,0,2,680,251,84,0,1015,0,0,0,1015
03/14/2006,MSP,MN,AGL,CE,Towers with Radar,933,424,126,6,1489,0,1,8,0,9,933,425,134,6,1498,0,0,0,1498
03/15/2006,MSP,MN,AGL,CE,Towers with Radar,874,398,112,14,1398,0,2,12,0,14,874,400,124,14,1412,0,0,0,1412
03/16/2006,MSP,MN,AGL,CE,Towers with Radar,853,364,94,10,1321,0,4,3,0,7,853,368,97,10,1328,0,0,0,1328
03/17/2006,MSP,MN,AGL,CE,Towers with Radar,917,406,98,3,1424,0,0,7,0,7,917,406,105,3,1431,0,0,0,1431
03/18/2006,MSP,MN,AGL,CE,Towers with Radar,511,328,53,11,903,298,0,10,0,308,809,328,63,11,1211,0,0,0,1211
03/19/2006,MSP,MN,AGL,CE,Towers with Radar,811,339,60,3,1213,0,3,6,0,9,811,342,66,3,1222,0,0,0,1222
03/20/2006,MSP,MN,AGL,CE,Towers with Radar,862,398,118,4,1382,0,0,2,0,2,862,398,120,4,1384,0,0,0,1384
03/21/2006,MSP,MN,AGL,CE,Towers with Radar,882,402,94,9,1387,0,4,8,0,12,882,406,102,9,1399,0,0,0,1399
03/22/2006,MSP,MN,AGL,CE,Towers with Radar,884,413,116,13,1426,0,2,4,0,6,884,415,120,13,1432,0,0,0,1432
03/23/2006,MSP,MN,AGL,CE,Towers with Radar,887,406,93,18,1404,0,0,6,0,6,887,406,99,18,1410,0,0,0,1410
03/24/2006,MSP,MN,AGL,CE,Towers with Radar,900,410,101,0,1411,0,2,11,0,13,900,412,112,0,1424,0,0,0,1424
03/25/2006,MSP,MN,AGL,CE,Towers with Radar,827,345,54,2,1228,0,1,7,0,8,827,346,61,2,1236,0,0,0,1236
03/26/2006,MSP,MN,AGL,CE,Towers with Radar,831,347,71,1,1250,0,1,3,0,4,831,348,74,1,1254,0,0,0,1254
03/27/2006,MSP,MN,AGL,CE,Towers with Radar,874,403,96,4,1377,0,1,8,0,9,874,404,104,4,1386,0,0,0,1386
03/28/2006,MSP,MN,AGL,CE,Towers with Radar,869,393,113,10,1385,0,1,9,0,10,869,394,122,10,1395,0,0,0,1395
03/29/2006,MSP,MN,AGL,CE,Towers with Radar,890,410,100,12,1412,0,18,10,0,28,890,428,110,12,1440,0,0,0,1440
03/30/2006,MSP,MN,AGL,CE,Towers with Radar,894,408,88,9,1399,0,0,6,0,6,894,408,94,9,1405,0,0,0,1405
03/31/2006,MSP,MN,AGL,CE,Towers with Radar,893,409,86,6,1394,0,0,3,0,3,893,409,89,6,1397,0,0,0,1397
04/01/2006,MSP,MN,AGL,CE,Towers with Radar,837,334,52,2,1225,0,1,6,0,7,837,335,58,2,1232,0,0,0,1232
04/02/2006,MSP,MN,AGL,CE,Towers with Radar,873,344,58,4,1279,0,0,1,0,1,873,344,59,4,1280,0,0,0,1280
04/03/2006,MSP,MN,AGL,CE,Towers with Radar,849,396,100,8,1353,0,0,3,0,3,849,396,103,8,1356,0,0,0,1356
04/04/2006,MSP,MN,AGL,CE,Towers with Radar,851,404,117,17,1389,0,0,11,0,11,851,404,128,17,1400,0,0,0,1400
04/05/2006,MSP,MN,AGL,CE,Towers with Radar,861,401,141,15,1418,0,4,8,0,12,861,405,149,15,1430,0,0,0,1430
04/06/2006,MSP,MN,AGL,CE,Towers with Radar,770,357,95,8,1230,0,1,7,0,8,770,358,102,8,1238,0,0,0,1238
04/07/2006,MSP,MN,AGL,CE,Towers with Radar,941,428,110,5,1484,0,0,7,0,7,941,428,117,5,1491,0,0,0,1491
04/08/2006,MSP,MN,AGL,CE,Towers with Radar,808,324,61,2,1195,0,0,15,0,15,808,324,76,2,1210,0,0,0,1210
04/09/2006,MSP,MN,AGL,CE,Towers with Radar,802,338,68,2,1210,0,0,0,0,0,802,338,68,2,1210,0,0,0,1210
04/10/2006,MSP,MN,AGL,CE,Towers with Radar,837,390,114,4,1345,0,2,22,0,24,837,392,136,4,1369,0,0,0,1369
04/11/2006,MSP,MN,AGL,CE,Towers with Radar,834,404,110,15,1363,0,2,16,0,18,834,406,126,15,1381,0,0,0,1381
04/12/2006,MSP,MN,AGL,CE,Towers with Radar,844,409,126,12,1391,0,4,19,3,26,844,413,145,15,1417,0,0,0,1417
04/13/2006,MSP,MN,AGL,CE,Towers with Radar,864,411,100,6,1381,0,0,6,2,8,864,411,106,8,1389,0,0,0,1389
04/14/2006,MSP,MN,AGL,CE,Towers with Radar,861,396,89,3,1349,0,1,15,2,18,861,397,104,5,1367,0,0,0,1367
04/15/2006,MSP,MN,AGL,CE,Towers with Radar,780,323,53,3,1159,0,0,11,0,11,780,323,64,3,1170,0,0,0,1170
04/16/2006,MSP,MN,AGL,CE,Towers with Radar,794,337,54,0,1185,0,0,0,0,0,794,337,54,0,1185,0,0,0,1185
04/17/2006,MSP,MN,AGL,CE,Towers with Radar,833,393,129,4,1359,0,1,22,0,23,833,394,151,4,1382,0,0,0,1382
04/18/2006,MSP,MN,AGL,CE,Towers with Radar,834,401,116,9,1360,0,0,16,0,16,834,401,132,9,1376,0,0,0,1376
04/19/2006,MSP,MN,AGL,CE,Towers with Radar,859,447,119,3,1428,0,1,6,0,7,859,448,125,3,1435,0,0,0,1435
04/20/2006,MSP,MN,AGL,CE,Towers with Radar,844,422,124,7,1397,0,0,0,0,0,844,422,124,7,1397,0,0,0,1397
04/21/2006,MSP,MN,AGL,CE,Towers with Radar,859,401,98,5,1363,0,0,5,0,5,859,401,103,5,1368,0,0,0,1368
04/22/2006,MSP,MN,AGL,CE,Towers with Radar,752,341,65,3,1161,0,0,21,0,21,752,341,86,3,1182,0,0,0,1182
04/23/2006,MSP,MN,AGL,CE,Towers with Radar,758,326,78,2,1164,0,0,12,0,12,758,326,90,2,1176,0,0,0,1176
04/24/2006,MSP,MN,AGL,CE,Towers with Radar,795,378,109,3,1285,0,0,7,0,7,795,378,116,3,1292,0,0,0,1292
04/25/2006,MSP,MN,AGL,CE,Towers with Radar,827,394,125,41,1387,0,3,15,0,18,827,397,140,41,1405,0,0,0,1405
04/26/2006,MSP,MN,AGL,CE,Towers with Radar,828,420,129,3,1380,0,8,9,2,19,828,428,138,5,1399,0,0,0,1399
04/27/2006,MSP,MN,AGL,CE,Towers with Radar,837,413,140,11,1401,0,7,14,0,21,837,420,154,11,1422,0,0,0,1422
04/28/2006,MSP,MN,AGL,CE,Towers with Radar,820,409,113,1,1343,0,4,10,0,14,820,413,123,1,1357,0,0,0,1357
04/29/2006,MSP,MN,AGL,CE,Towers with Radar,770,329,73,7,1179,0,0,3,0,3,770,329,76,7,1182,0,0,0,1182
04/30/2006,MSP,MN,AGL,CE,Towers with Radar,747,347,80,4,1178,0,0,1,0,1,747,347,81,4,1179,0,0,0,1179
05/01/2006,MSP,MN,AGL,CE,Towers with Radar,804,391,95,1,1291,0,0,1,0,1,804,391,96,1,1292,0,0,0,1292
05/02/2006,MSP,MN,AGL,CE,Towers with Radar,834,409,106,3,1352,0,6,6,0,12,834,415,112,3,1364,0,0,0,1364
05/03/2006,MSP,MN,AGL,CE,Towers with Radar,840,415,110,12,1377,0,0,9,0,9,840,415,119,12,1386,0,0,0,1386
05/04/2006,MSP,MN,AGL,CE,Towers with Radar,814,403,105,6,1328,0,3,10,0,13,814,406,115,6,1341,0,0,0,1341
05/05/2006,MSP,MN,AGL,CE,Towers with Radar,828,418,108,5,1359,0,0,10,0,10,828,418,118,5,1369,0,0,0,1369
05/06/2006,MSP,MN,AGL,CE,Towers with Radar,744,339,53,1,1137,0,1,14,0,15,744,340,67,1,1152,0,0,0,1152
05/07/2006,MSP,MN,AGL,CE,Towers with Radar,736,341,73,7,1157,0,0,30,0,30,736,341,103,7,1187,0,0,0,1187
05/08/2006,MSP,MN,AGL,CE,Towers with Radar,737,370,111,3,1221,0,1,8,0,9,737,371,119,3,1230,0,0,0,1230
05/09/2006,MSP,MN,AGL,CE,Towers with Radar,847,412,93,8,1360,0,2,5,0,7,847,414,98,8,1367,0,0,0,1367
05/10/2006,MSP,MN,AGL,CE,Towers with Radar,835,409,106,7,1357,0,0,8,4,12,835,409,114,11,1369,0,0,0,1369
05/11/2006,MSP,MN,AGL,CE,Towers with Radar,822,411,98,8,1339,0,0,2,2,4,822,411,100,10,1343,0,0,0,1343
05/12/2006,MSP,MN,AGL,CE,Towers with Radar,831,407,99,3,1340,0,0,5,0,5,831,407,104,3,1345,0,0,0,1345
05/13/2006,MSP,MN,AGL,CE,Towers with Radar,764,332,52,2,1150,0,1,3,4,8,764,333,55,6,1158,0,0,0,1158
05/14/2006,MSP,MN,AGL,CE,Towers with Radar,747,334,58,1,1140,0,0,4,0,4,747,334,62,1,1144,0,0,0,1144
05/15/2006,MSP,MN,AGL,CE,Towers with Radar,808,401,113,9,1331,0,0,0,0,0,808,401,113,9,1331,0,0,0,1331
05/16/2006,MSP,MN,AGL,CE,Towers with Radar,823,423,108,10,1364,0,1,10,0,11,823,424,118,10,1375,0,0,0,1375
05/17/2006,MSP,MN,AGL,CE,Towers with Radar,833,417,130,14,1394,0,2,5,1,8,833,419,135,15,1402,0,0,0,1402
05/18/2006,MSP,MN,AGL,CE,Towers with Radar,826,431,123,7,1387,0,4,7,1,12,826,435,130,8,1399,0,0,0,1399
05/19/2006,MSP,MN,AGL,CE,Towers with Radar,845,421,133,7,1406,0,0,7,0,7,845,421,140,7,1413,0,0,0,1413
05/20/2006,MSP,MN,AGL,CE,Towers with Radar,775,342,50,8,1175,0,0,8,0,8,775,342,58,8,1183,0,0,0,1183
05/21/2006,MSP,MN,AGL,CE,Towers with Radar,748,344,83,2,1177,0,0,7,0,7,748,344,90,2,1184,0,0,0,1184
05/22/2006,MSP,MN,AGL,CE,Towers with Radar,802,387,88,7,1284,0,5,14,0,19,802,392,102,7,1303,0,0,0,1303
05/23/2006,MSP,MN,AGL,CE,Towers with Radar,825,408,124,10,1367,0,0,9,1,10,825,408,133,11,1377,0,0,0,1377
05/24/2006,MSP,MN,AGL,CE,Towers with Radar,834,442,131,14,1421,0,1,4,0,5,834,443,135,14,1426,0,0,0,1426
05/25/2006,MSP,MN,AGL,CE,Towers with Radar,818,411,131,12,1372,0,3,5,0,8,818,414,136,12,1380,0,0,0,1380
05/26/2006,MSP,MN,AGL,CE,Towers with Radar,874,427,99,2,1402,0,1,16,0,17,874,428,115,2,1419,0,0,0,1419
05/27/2006,MSP,MN,AGL,CE,Towers with Radar,747,328,45,3,1123,0,0,9,0,9,747,328,54,3,1132,0,0,0,1132
05/28/2006,MSP,MN,AGL,CE,Towers with Radar,709,286,41,1,1037,0,1,5,0,6,709,287,46,1,1043,0,0,0,1043
05/29/2006,MSP,MN,AGL,CE,Towers with Radar,773,354,60,0,1187,0,1,5,0,6,773,355,65,0,1193,0,0,0,1193
05/30/2006,MSP,MN,AGL,CE,Towers with Radar,800,391,97,0,1288,0,0,13,0,13,800,391,110,0,1301,0,0,0,1301
05/31/2006,MSP,MN,AGL,CE,Towers with Radar,844,392,106,9,1351,0,6,10,1,17,844,398,116,10,1368,0,0,0,1368
06/01/2006,MSP,MN,AGL,CE,Towers with Radar,841,398,88,18,1345,0,6,15,0,21,841,404,103,18,1366,0,0,0,1366
06/02/2006,MSP,MN,AGL,CE,Towers with Radar,822,397,99,6,1324,0,4,15,0,19,822,401,114,6,1343,0,0,0,1343
06/03/2006,MSP,MN,AGL,CE,Towers with Radar,743,329,62,4,1138,0,0,18,0,18,743,329,80,4,1156,0,0,0,1156
06/04/2006,MSP,MN,AGL,CE,Towers with Radar,754,338,60,4,1156,0,0,8,0,8,754,338,68,4,1164,0,0,0,1164
06/05/2006,MSP,MN,AGL,CE,Towers with Radar,738,382,90,1,1211,0,0,3,0,3,738,382,93,1,1214,0,0,0,1214
06/06/2006,MSP,MN,AGL,CE,Towers with Radar,846,413,115,7,1381,0,3,6,5,14,846,416,121,12,1395,0,0,0,1395
06/07/2006,MSP,MN,AGL,CE,Towers with Radar,829,419,122,16,1386,0,2,17,1,20,829,421,139,17,1406,0,0,0,1406
06/08/2006,MSP,MN,AGL,CE,Towers with Radar,869,419,105,7,1400,0,7,7,4,18,869,426,112,11,1418,0,0,0,1418
06/09/2006,MSP,MN,AGL,CE,Towers with Radar,876,402,96,3,1377,0,3,12,0,15,876,405,108,3,1392,0,0,0,1392
06/10/2006,MSP,MN,AGL,CE,Towers with Radar,826,360,75,2,1263,0,1,3,0,4,826,361,78,2,1267,0,0,0,1267
06/11/2006,MSP,MN,AGL,CE,Towers with Radar,780,347,66,2,1195,0,2,10,0,12,780,349,76,2,1207,0,0,0,1207
06/12/2006,MSP,MN,AGL,CE,Towers with Radar,848,397,99,5,1349,0,0,11,0,11,848,397,110,5,1360,0,0,0,1360
06/13/2006,MSP,MN,AGL,CE,Towers with Radar,888,416,98,10,1412,0,1,10,1,12,888,417,108,11,1424,0,0,0,1424
06/14/2006,MSP,MN,AGL,CE,Towers with Radar,881,407,93,12,1393,0,1,10,0,11,881,408,103,12,1404,0,0,0,1404
06/15/2006,MSP,MN,AGL,CE,Towers with Radar,882,411,113,5,1411,0,2,6,0,8,882,413,119,5,1419,0,0,0,1419
06/16/2006,MSP,MN,AGL,CE,Towers with Radar,827,353,105,5,1290,5,1,18,0,24,832,354,123,5,1314,0,0,0,1314
06/17/2006,MSP,MN,AGL,CE,Towers with Radar,871,367,57,7,1302,0,0,5,0,5,871,367,62,7,1307,0,0,0,1307
06/18/2006,MSP,MN,AGL,CE,Towers with Radar,813,363,61,4,1241,0,1,9,0,10,813,364,70,4,1251,0,0,0,1251
06/19/2006,MSP,MN,AGL,CE,Towers with Radar,823,393,92,8,1316,0,0,8,0,8,823,393,100,8,1324,0,0,0,1324
06/20/2006,MSP,MN,AGL,CE,Towers with Radar,906,429,103,11,1449,0,0,8,0,8,906,429,111,11,1457,0,0,0,1457
06/21/2006,MSP,MN,AGL,CE,Towers with Radar,881,405,115,9,1410,0,4,1,4,9,881,409,116,13,1419,0,0,0,1419
06/22/2006,MSP,MN,AGL,CE,Towers with Radar,893,418,101,10,1422,0,1,16,3,20,893,419,117,13,1442,0,0,0,1442
06/23/2006,MSP,MN,AGL,CE,Towers with Radar,894,408,103,5,1410,0,0,0,0,0,894,408,103,5,1410,0,0,0,1410
06/24/2006,MSP,MN,AGL,CE,Towers with Radar,808,340,47,1,1196,0,0,9,0,9,808,340,56,1,1205,0,0,0,1205
06/25/2006,MSP,MN,AGL,CE,Towers with Radar,814,343,65,1,1223,0,3,8,0,11,814,346,73,1,1234,0,0,0,1234
06/26/2006,MSP,MN,AGL,CE,Towers with Radar,845,396,97,10,1348,0,0,8,0,8,845,396,105,10,1356,0,0,0,1356
06/27/2006,MSP,MN,AGL,CE,Towers with Radar,877,404,111,14,1406,0,0,9,0,9,877,404,120,14,1415,0,0,0,1415
06/28/2006,MSP,MN,AGL,CE,Towers with Radar,897,415,97,13,1422,0,3,10,2,15,897,418,107,15,1437,0,0,0,1437
06/29/2006,MSP,MN,AGL,CE,Towers with Radar,903,420,97,15,1435,0,0,18,0,18,903,420,115,15,1453,0,0,0,1453
06/30/2006,MSP,MN,AGL,CE,Towers with Radar,877,396,123,2,1398,0,2,24,0,26,877,398,147,2,1424,0,0,0,1424
07/01/2006,MSP,MN,AGL,CE,Towers with Radar,826,371,69,0,1266,0,0,12,0,12,826,371,81,0,1278,0,0,0,1278
07/02/2006,MSP,MN,AGL,CE,Towers with Radar,768,338,45,1,1152,0,0,18,0,18,768,338,63,1,1170,0,0,0,1170
07/03/2006,MSP,MN,AGL,CE,Towers with Radar,772,350,48,0,1170,0,2,6,0,8,772,352,54,0,1178,0,0,0,1178
07/04/2006,MSP,MN,AGL,CE,Towers with Radar,792,364,51,0,1207,0,3,7,0,10,792,367,58,0,1217,0,0,0,1217
07/05/2006,MSP,MN,AGL,CE,Towers with Radar,840,393,91,0,1324,1,2,17,0,20,841,395,108,0,1344,0,0,0,1344
07/06/2006,MSP,MN,AGL,CE,Towers with Radar,874,410,113,5,1402,0,1,0,0,1,874,411,113,5,1403,0,0,0,1403
07/07/2006,MSP,MN,AGL,CE,Towers with Radar,872,413,87,1,1373,0,1,12,0,13,872,414,99,1,1386,0,0,0,1386
07/08/2006,MSP,MN,AGL,CE,Towers with Radar,801,350,56,4,1211,1,3,18,0,22,802,353,74,4,1233,0,0,0,1233
07/09/2006,MSP,MN,AGL,CE,Towers with Radar,795,354,56,2,1207,0,0,13,0,13,795,354,69,2,1220,0,0,0,1220
07/10/2006,MSP,MN,AGL,CE,Towers with Radar,841,400,105,8,1354,0,4,7,0,11,841,404,112,8,1365,0,0,0,1365
07/11/2006,MSP,MN,AGL,CE,Towers with Radar,867,425,117,15,1424,0,0,1,1,2,867,425,118,16,1426,0,0,0,1426
07/12/2006,MSP,MN,AGL,CE,Towers with Radar,882,438,107,7,1434,0,0,4,1,5,882,438,111,8,1439,0,0,0,1439
07/13/2006,MSP,MN,AGL,CE,Towers with Radar,857,452,104,11,1424,0,0,4,0,4,857,452,108,11,1428,0,0,0,1428
07/14/2006,MSP,MN,AGL,CE,Towers with Radar,888,445,111,6,1450,0,0,17,0,17,888,445,128,6,1467,0,0,0,1467
07/15/2006,MSP,MN,AGL,CE,Towers with Radar,803,354,63,4,1224,0,0,15,0,15,803,354,78,4,1239,0,0,0,1239
07/16/2006,MSP,MN,AGL,CE,Towers with Radar,805,352,51,6,1214,0,0,8,0,8,805,352,59,6,1222,0,0,0,1222
07/17/2006,MSP,MN,AGL,CE,Towers with Radar,840,396,115,2,1353,0,0,18,0,18,840,396,133,2,1371,0,0,0,1371
07/18/2006,MSP,MN,AGL,CE,Towers with Radar,892,412,129,11,1444,0,4,13,0,17,892,416,142,11,1461,0,0,0,1461
07/19/2006,MSP,MN,AGL,CE,Towers with Radar,877,399,95,14,1385,0,4,2,0,6,877,403,97,14,1391,0,0,0,1391
07/20/2006,MSP,MN,AGL,CE,Towers with Radar,882,431,98,10,1421,0,6,16,2,24,882,437,114,12,1445,0,0,0,1445
07/21/2006,MSP,MN,AGL,CE,Towers with Radar,847,417,99,5,1368,0,2,20,0,22,847,419,119,5,1390,0,0,0,1390
07/22/2006,MSP,MN,AGL,CE,Towers with Radar,803,366,72,9,1250,0,0,13,0,13,803,366,85,9,1263,0,0,0,1263
07/23/2006,MSP,MN,AGL,CE,Towers with Radar,819,349,69,4,1241,0,2,24,0,26,819,351,93,4,1267,0,0,0,1267
07/24/2006,MSP,MN,AGL,CE,Towers with Radar,844,406,110,4,1364,0,1,16,0,17,844,407,126,4,1381,0,0,0,1381
07/25/2006,MSP,MN,AGL,CE,Towers with Radar,870,408,133,11,1422,0,2,7,2,11,870,410,140,13,1433,0,0,0,1433
07/26/2006,MSP,MN,AGL,CE,Towers with Radar,897,445,125,8,1475,0,1,10,0,11,897,446,135,8,1486,0,0,0,1486
07/27/2006,MSP,MN,AGL,CE,Towers with Radar,852,430,111,8,1401,2,3,24,1,30,854,433,135,9,1431,0,0,0,1431
07/28/2006,MSP,MN,AGL,CE,Towers with Radar,886,416,111,7,1420,0,0,9,0,9,886,416,120,7,1429,0,0,0,1429
07/29/2006,MSP,MN,AGL,CE,Towers with Radar,812,358,60,3,1233,0,0,9,0,9,812,358,69,3,1242,0,0,0,1242
07/30/2006,MSP,MN,AGL,CE,Towers with Radar,806,352,63,1,1222,0,0,16,0,16,806,352,79,1,1238,0,0,0,1238
07/31/2006,MSP,MN,AGL,CE,Towers with Radar,841,399,101,3,1344,0,1,10,0,11,841,400,111,3,1355,0,0,0,1355
08/01/2006,MSP,MN,AGL,CE,Towers with Radar,890,417,97,9,1413,0,0,1,0,1,890,417,98,9,1414,0,0,0,1414
08/02/2006,MSP,MN,AGL,CE,Towers with Radar,880,418,78,2,1378,0,0,12,0,12,880,418,90,2,1390,0,0,0,1390
08/03/2006,MSP,MN,AGL,CE,Towers with Radar,861,415,115,13,1404,0,1,11,0,12,861,416,126,13,1416,0,0,0,1416
08/04/2006,MSP,MN,AGL,CE,Towers with Radar,901,409,94,9,1413,0,4,17,0,21,901,413,111,9,1434,0,0,0,1434
08/05/2006,MSP,MN,AGL,CE,Towers with Radar,797,370,64,4,1235,0,1,12,0,13,797,371,76,4,1248,0,0,0,1248
08/06/2006,MSP,MN,AGL,CE,Towers with Radar,793,357,69,6,1225,1,1,11,0,13,794,358,80,6,1238,0,0,0,1238
08/07/2006,MSP,MN,AGL,CE,Towers with Radar,851,405,92,1,1349,0,10,1,0,11,851,415,93,1,1360,0,0,0,1360
08/08/2006,MSP,MN,AGL,CE,Towers with Radar,877,423,116,12,1428,0,2,8,0,10,877,425,124,12,1438,0,0,0,1438
08/09/2006,MSP,MN,AGL,CE,Towers with Radar,870,440,99,13,1422,0,1,4,0,5,870,441,103,13,1427,0,0,0,1427
08/10/2006,MSP,MN,AGL,CE,Towers with Radar,842,418,112,15,1387,0,0,1,0,1,842,418,113,15,1388,0,0,0,1388
08/11/2006,MSP,MN,AGL,CE,Towers with Radar,883,417,92,8,1400,0,0,10,0,10,883,417,102,8,1410,0,0,0,1410
08/12/2006,MSP,MN,AGL,CE,Towers with Radar,796,369,60,1,1226,0,0,8,0,8,796,369,68,1,1234,0,0,0,1234
08/13/2006,MSP,MN,AGL,CE,Towers with Radar,822,345,81,2,1250,0,0,5,0,5,822,345,86,2,1255,0,0,0,1255
08/14/2006,MSP,MN,AGL,CE,Towers with Radar,845,406,101,5,1357,0,0,0,0,0,845,406,101,5,1357,0,0,0,1357
08/15/2006,MSP,MN,AGL,CE,Towers with Radar,877,429,112,12,1430,0,2,9,0,11,877,431,121,12,1441,0,0,0,1441
08/16/2006,MSP,MN,AGL,CE,Towers with Radar,884,417,104,14,1419,0,0,16,0,16,884,417,120,14,1435,0,0,0,1435
08/17/2006,MSP,MN,AGL,CE,Towers with Radar,878,425,97,4,1404,0,0,0,0,0,878,425,97,4,1404,0,0,0,1404
08/18/2006,MSP,MN,AGL,CE,Towers with Radar,872,413,84,2,1371,0,0,6,0,6,872,413,90,2,1377,0,0,0,1377
08/19/2006,MSP,MN,AGL,CE,Towers with Radar,795,365,56,6,1222,0,0,10,1,11,795,365,66,7,1233,0,0,0,1233
08/20/2006,MSP,MN,AGL,CE,Towers with Radar,804,360,62,1,1227,0,1,13,0,14,804,361,75,1,1241,0,0,0,1241
08/21/2006,MSP,MN,AGL,CE,Towers with Radar,825,410,95,2,1332,0,0,9,0,9,825,410,104,2,1341,0,0,0,1341
08/22/2006,MSP,MN,AGL,CE,Towers with Radar,841,408,104,4,1357,1,1,8,0,10,842,409,112,4,1367,0,0,0,1367
08/23/2006,MSP,MN,AGL,CE,Towers with Radar,850,407,110,7,1374,0,0,6,0,6,850,407,116,7,1380,0,0,0,1380
08/24/2006,MSP,MN,AGL,CE,Towers with Radar,791,369,94,0,1254,0,0,0,0,0,791,369,94,0,1254,0,0,0,1254
08/25/2006,MSP,MN,AGL,CE,Towers with Radar,900,435,109,3,1447,0,0,2,0,2,900,435,111,3,1449,0,0,0,1449
08/26/2006,MSP,MN,AGL,CE,Towers with Radar,751,341,63,0,1155,0,0,9,0,9,751,341,72,0,1164,0,0,0,1164
08/27/2006,MSP,MN,AGL,CE,Towers with Radar,736,340,71,2,1149,0,4,14,0,18,736,344,85,2,1167,0,0,0,1167
08/28/2006,MSP,MN,AGL,CE,Towers with Radar,800,386,107,0,1293,0,4,12,0,16,800,390,119,0,1309,0,0,0,1309
08/29/2006,MSP,MN,AGL,CE,Towers with Radar,853,397,116,6,1372,0,2,9,0,11,853,399,125,6,1383,0,0,0,1383
08/30/2006,MSP,MN,AGL,CE,Towers with Radar,846,411,120,3,1380,0,0,4,0,4,846,411,124,3,1384,0,0,0,1384
08/31/2006,MSP,MN,AGL,CE,Towers with Radar,848,393,106,6,1353,0,0,11,0,11,848,393,117,6,1364,0,0,0,1364
09/01/2006,MSP,MN,AGL,CE,Towers with Radar,861,405,88,2,1356,0,0,10,0,10,861,405,98,2,1366,0,0,0,1366
09/02/2006,MSP,MN,AGL,CE,Towers with Radar,715,330,46,0,1091,0,0,6,0,6,715,330,52,0,1097,0,0,0,1097
09/03/2006,MSP,MN,AGL,CE,Towers with Radar,671,292,41,0,1004,0,0,0,0,0,671,292,41,0,1004,0,0,0,1004
09/04/2006,MSP,MN,AGL,CE,Towers with Radar,761,339,72,0,1172,0,0,5,0,5,761,339,77,0,1177,0,0,0,1177
09/05/2006,MSP,MN,AGL,CE,Towers with Radar,802,391,81,1,1275,0,1,12,0,13,802,392,93,1,1288,0,0,0,1288
09/06/2006,MSP,MN,AGL,CE,Towers with Radar,842,396,94,13,1345,0,0,6,0,6,842,396,100,13,1351,0,0,0,1351
09/07/2006,MSP,MN,AGL,CE,Towers with Radar,846,393,105,13,1357,0,0,9,1,10,846,393,114,14,1367,0,0,0,1367
09/08/2006,MSP,MN,AGL,CE,Towers with Radar,845,389,101,9,1344,0,0,6,0,6,845,389,107,9,1350,0,0,0,1350
09/09/2006,MSP,MN,AGL,CE,Towers with Radar,721,331,59,3,1114,0,0,5,0,5,721,331,64,3,1119,0,0,0,1119
09/10/2006,MSP,MN,AGL,CE,Towers with Radar,725,331,74,5,1135,0,2,1,0,3,725,333,75,5,1138,0,0,0,1138
09/11/2006,MSP,MN,AGL,CE,Towers with Radar,806,390,95,6,1297,0,2,2,0,4,806,392,97,6,1301,0,0,0,1301
09/12/2006,MSP,MN,AGL,CE,Towers with Radar,840,386,106,11,1343,0,0,3,0,3,840,386,109,11,1346,0,0,0,1346
09/13/2006,MSP,MN,AGL,CE,Towers with Radar,829,407,124,15,1375,0,0,9,0,9,829,407,133,15,1384,0,0,0,1384
09/14/2006,MSP,MN,AGL,CE,Towers with Radar,854,402,113,10,1379,0,0,12,1,13,854,402,125,11,1392,0,0,0,1392
09/15/2006,MSP,MN,AGL,CE,Towers with Radar,837,383,105,9,1334,0,0,9,0,9,837,383,114,9,1343,0,0,0,1343
09/16/2006,MSP,MN,AGL,CE,Towers with Radar,722,324,56,9,1111,0,0,5,0,5,722,324,61,9,1116,0,0,0,1116
09/17/2006,MSP,MN,AGL,CE,Towers with Radar,741,323,88,0,1152,0,0,0,0,0,741,323,88,0,1152,0,0,0,1152
09/18/2006,MSP,MN,AGL,CE,Towers with Radar,811,381,98,8,1298,0,0,0,0,0,811,381,98,8,1298,0,0,0,1298
09/19/2006,MSP,MN,AGL,CE,Towers with Radar,835,403,156,8,1402,0,0,5,0,5,835,403,161,8,1407,0,0,0,1407
09/20/2006,MSP,MN,AGL,CE,Towers with Radar,836,391,129,13,1369,1,3,21,0,25,837,394,150,13,1394,0,0,0,1394
09/21/2006,MSP,MN,AGL,CE,Towers with Radar,838,411,117,11,1377,0,2,6,1,9,838,413,123,12,1386,0,0,0,1386
09/22/2006,MSP,MN,AGL,CE,Towers with Radar,817,381,104,4,1306,0,0,0,0,0,817,381,104,4,1306,0,0,0,1306
09/23/2006,MSP,MN,AGL,CE,Towers with Radar,704,328,57,4,1093,0,0,0,0,0,704,328,57,4,1093,0,0,0,1093
09/24/2006,MSP,MN,AGL,CE,Towers with Radar,720,331,98,4,1153,0,1,3,0,4,720,332,101,4,1157,0,0,0,1157
09/25/2006,MSP,MN,AGL,CE,Towers with Radar,810,379,98,3,1290,0,0,19,0,19,810,379,117,3,1309,0,0,0,1309
09/26/2006,MSP,MN,AGL,CE,Towers with Radar,824,391,107,5,1327,0,0,7,0,7,824,391,114,5,1334,0,0,0,1334
09/27/2006,MSP,MN,AGL,CE,Towers with Radar,833,390,109,6,1338,0,0,5,0,5,833,390,114,6,1343,0,0,0,1343
09/28/2006,MSP,MN,AGL,CE,Towers with Radar,811,399,110,11,1331,0,0,5,0,5,811,399,115,11,1336,0,0,0,1336
09/29/2006,MSP,MN,AGL,CE,Towers with Radar,815,394,100,2,1311,0,1,5,0,6,815,395,105,2,1317,0,0,0,1317
09/30/2006,MSP,MN,AGL,CE,Towers with Radar,689,312,62,0,1063,0,0,13,0,13,689,312,75,0,1076,0,0,0,1076
10/01/2006,MSP,MN,AGL,CE,Towers with Radar,716,329,76,1,1122,0,0,18,0,18,716,329,94,1,1140,0,0,0,1140
10/02/2006,MSP,MN,AGL,CE,Towers with Radar,785,385,89,6,1265,0,0,0,0,0,785,385,89,6,1265,0,0,0,1265
10/03/2006,MSP,MN,AGL,CE,Towers with Radar,831,424,108,10,1373,0,1,8,0,9,831,425,116,10,1382,0,0,0,1382
10/04/2006,MSP,MN,AGL,CE,Towers with Radar,833,424,120,17,1394,0,0,12,0,12,833,424,132,17,1406,0,0,0,1406
10/05/2006,MSP,MN,AGL,CE,Towers with Radar,833,424,120,17,1394,0,0,12,0,12,833,424,132,17,1406,0,0,0,1406
10/06/2006,MSP,MN,AGL,CE,Towers with Radar,835,412,125,6,1378,0,0,19,0,19,835,412,144,6,1397,0,0,0,1397
10/07/2006,MSP,MN,AGL,CE,Towers with Radar,704,340,52,3,1099,0,1,7,0,8,704,341,59,3,1107,0,0,0,1107
10/08/2006,MSP,MN,AGL,CE,Towers with Radar,717,355,68,3,1143,0,0,12,0,12,717,355,80,3,1155,0,0,0,1155
10/09/2006,MSP,MN,AGL,CE,Towers with Radar,818,394,96,2,1310,0,0,11,0,11,818,394,107,2,1321,0,0,0,1321
10/10/2006,MSP,MN,AGL,CE,Towers with Radar,823,396,101,18,1338,0,1,13,0,14,823,397,114,18,1352,0,0,0,1352
10/11/2006,MSP,MN,AGL,CE,Towers with Radar,825,405,117,8,1355,0,0,6,0,6,825,405,123,8,1361,0,0,0,1361
10/12/2006,MSP,MN,AGL,CE,Towers with Radar,814,398,112,7,1331,0,0,3,0,3,814,398,115,7,1334,0,0,0,1334
10/13/2006,MSP,MN,AGL,CE,Towers with Radar,825,396,91,10,1322,0,0,3,0,3,825,396,94,10,1325,0,0,0,1325
10/14/2006,MSP,MN,AGL,CE,Towers with Radar,711,323,52,12,1098,0,0,6,2,8,711,323,58,14,1106,0,0,0,1106
10/15/2006,MSP,MN,AGL,CE,Towers with Radar,727,329,76,10,1142,0,2,27,0,29,727,331,103,10,1171,0,0,0,1171
10/16/2006,MSP,MN,AGL,CE,Towers with Radar,809,366,108,8,1291,0,0,1,0,1,809,366,109,8,1292,0,0,0,1292
10/17/2006,MSP,MN,AGL,CE,Towers with Radar,829,407,130,19,1385,0,0,0,0,0,829,407,130,19,1385,0,0,0,1385
10/18/2006,MSP,MN,AGL,CE,Towers with Radar,829,407,130,19,1385,0,0,0,0,0,829,407,130,19,1385,0,0,0,1385
10/19/2006,MSP,MN,AGL,CE,Towers with Radar,833,419,104,15,1371,0,1,7,0,8,833,420,111,15,1379,0,0,0,1379
10/20/2006,MSP,MN,AGL,CE,Towers with Radar,805,409,97,7,1318,0,2,5,0,7,805,411,102,7,1325,0,0,0,1325
10/21/2006,MSP,MN,AGL,CE,Towers with Radar,702,323,46,0,1071,6,0,9,0,15,708,323,55,0,1086,0,0,0,1086
10/22/2006,MSP,MN,AGL,CE,Towers with Radar,717,348,80,3,1148,0,0,11,0,11,717,348,91,3,1159,0,0,0,1159
10/23/2006,MSP,MN,AGL,CE,Towers with Radar,806,402,130,4,1342,0,2,3,0,5,806,404,133,4,1347,0,0,0,1347
10/24/2006,MSP,MN,AGL,CE,Towers with Radar,829,418,120,10,1377,0,1,19,0,20,829,419,139,10,1397,0,0,0,1397
10/25/2006,MSP,MN,AGL,CE,Towers with Radar,835,424,128,16,1403,0,0,6,0,6,835,424,134,16,1409,0,0,0,1409
10/26/2006,MSP,MN,AGL,CE,Towers with Radar,836,415,129,16,1396,0,0,0,0,0,836,415,129,16,1396,0,0,0,1396
10/27/2006,MSP,MN,AGL,CE,Towers with Radar,827,395,123,5,1350,0,7,11,0,18,827,402,134,5,1368,0,0,0,1368
10/28/2006,MSP,MN,AGL,CE,Towers with Radar,704,328,47,1,1080,0,0,6,0,6,704,328,53,1,1086,0,0,0,1086
10/29/2006,MSP,MN,AGL,CE,Towers with Radar,694,328,72,4,1098,0,0,12,0,12,694,328,84,4,1110,0,0,0,1110
10/30/2006,MSP,MN,AGL,CE,Towers with Radar,800,392,84,8,1284,0,0,6,0,6,800,392,90,8,1290,0,0,0,1290
10/31/2006,MSP,MN,AGL,CE,Towers with Radar,818,383,87,14,1302,0,0,2,0,2,818,383,89,14,1304,0,0,0,1304
11/01/2006,MSP,MN,AGL,CE,Towers with Radar,822,394,128,13,1357,0,0,7,0,7,822,394,135,13,1364,0,0,0,1364
11/02/2006,MSP,MN,AGL,CE,Towers with Radar,829,400,102,13,1344,0,0,5,1,6,829,400,107,14,1350,0,0,0,1350
11/03/2006,MSP,MN,AGL,CE,Towers with Radar,833,403,87,6,1329,0,2,7,0,9,833,405,94,6,1338,0,0,0,1338
11/04/2006,MSP,MN,AGL,CE,Towers with Radar,714,342,56,2,1114,0,5,9,0,14,714,347,65,2,1128,0,0,0,1128
11/05/2006,MSP,MN,AGL,CE,Towers with Radar,721,344,69,8,1142,0,0,6,0,6,721,344,75,8,1148,0,0,0,1148
11/06/2006,MSP,MN,AGL,CE,Towers with Radar,799,388,106,3,1296,0,0,2,0,2,799,388,108,3,1298,0,0,0,1298
11/07/2006,MSP,MN,AGL,CE,Towers with Radar,812,405,118,14,1349,0,0,4,1,5,812,405,122,15,1354,0,0,0,1354
11/08/2006,MSP,MN,AGL,CE,Towers with Radar,821,402,101,13,1337,0,0,9,1,10,821,402,110,14,1347,0,0,0,1347
11/09/2006,MSP,MN,AGL,CE,Towers with Radar,832,404,111,14,1361,0,3,13,1,17,832,407,124,15,1378,0,0,0,1378
11/10/2006,MSP,MN,AGL,CE,Towers with Radar,810,385,92,0,1287,0,1,1,0,2,810,386,93,0,1289,0,0,0,1289
11/11/2006,MSP,MN,AGL,CE,Towers with Radar,730,341,49,0,1120,0,2,10,0,12,730,343,59,0,1132,0,0,0,1132
11/12/2006,MSP,MN,AGL,CE,Towers with Radar,717,343,70,2,1132,0,0,7,0,7,717,343,77,2,1139,0,0,0,1139
11/13/2006,MSP,MN,AGL,CE,Towers with Radar,807,404,95,12,1318,0,0,1,0,1,807,404,96,12,1319,0,0,0,1319
11/14/2006,MSP,MN,AGL,CE,Towers with Radar,832,411,112,17,1372,0,0,2,0,2,832,411,114,17,1374,0,0,0,1374
11/15/2006,MSP,MN,AGL,CE,Towers with Radar,826,399,111,15,1351,0,0,5,0,5,826,399,116,15,1356,0,0,0,1356
11/16/2006,MSP,MN,AGL,CE,Towers with Radar,829,392,110,11,1342,0,2,6,0,8,829,394,116,11,1350,0,0,0,1350
11/17/2006,MSP,MN,AGL,CE,Towers with Radar,860,406,117,4,1387,0,0,0,0,0,860,406,117,4,1387,0,0,0,1387
11/18/2006,MSP,MN,AGL,CE,Towers with Radar,734,330,46,6,1116,0,0,8,0,8,734,330,54,6,1124,0,0,0,1124
11/19/2006,MSP,MN,AGL,CE,Towers with Radar,730,337,64,2,1133,0,0,9,0,9,730,337,73,2,1142,0,0,0,1142
11/20/2006,MSP,MN,AGL,CE,Towers with Radar,800,378,84,10,1272,0,1,11,0,12,800,379,95,10,1284,0,0,0,1284
11/21/2006,MSP,MN,AGL,CE,Towers with Radar,847,393,105,4,1349,0,0,8,1,9,847,393,113,5,1358,0,0,0,1358
11/22/2006,MSP,MN,AGL,CE,Towers with Radar,846,405,87,5,1343,0,0,11,0,11,846,405,98,5,1354,0,0,0,1354
11/23/2006,MSP,MN,AGL,CE,Towers with Radar,657,303,47,0,1007,0,0,0,0,0,657,303,47,0,1007,0,0,0,1007
11/24/2006,MSP,MN,AGL,CE,Towers with Radar,674,316,39,1,1030,0,0,7,0,7,674,316,46,1,1037,0,0,0,1037
11/25/2006,MSP,MN,AGL,CE,Towers with Radar,722,322,47,0,1091,0,0,14,0,14,722,322,61,0,1105,0,0,0,1105
11/26/2006,MSP,MN,AGL,CE,Towers with Radar,765,360,75,2,1202,0,0,3,0,3,765,360,78,2,1205,0,0,0,1205
11/27/2006,MSP,MN,AGL,CE,Towers with Radar,805,386,85,5,1281,0,0,0,0,0,805,386,85,5,1281,0,0,0,1281
11/28/2006,MSP,MN,AGL,CE,Towers with Radar,840,405,102,11,1358,0,0,2,0,2,840,405,104,11,1360,0,0,0,1360
11/29/2006,MSP,MN,AGL,CE,Towers with Radar,812,400,99,13,1324,0,0,4,0,4,812,400,103,13,1328,0,0,0,1328
11/30/2006,MSP,MN,AGL,CE,Towers with Radar,837,386,105,14,1342,0,0,0,0,0,837,386,105,14,1342,0,0,0,1342
12/01/2006,MSP,MN,AGL,CE,Towers with Radar,748,371,92,8,1219,0,0,19,0,19,748,371,111,8,1238,0,0,0,1238
12/02/2006,MSP,MN,AGL,CE,Towers with Radar,707,334,16,4,1061,0,0,6,0,6,707,334,22,4,1067,0,0,0,1067
12/03/2006,MSP,MN,AGL,CE,Towers with Radar,713,350,57,7,1127,0,0,0,0,0,713,350,57,7,1127,0,0,0,1127
12/04/2006,MSP,MN,AGL,CE,Towers with Radar,772,400,87,13,1272,0,4,2,1,7,772,404,89,14,1279,0,0,0,1279
12/05/2006,MSP,MN,AGL,CE,Towers with Radar,812,409,106,15,1342,0,0,6,1,7,812,409,112,16,1349,0,0,0,1349
12/06/2006,MSP,MN,AGL,CE,Towers with Radar,795,398,117,6,1316,0,2,5,0,7,795,400,122,6,1323,0,0,0,1323
12/07/2006,MSP,MN,AGL,CE,Towers with Radar,818,394,130,8,1350,0,0,0,0,0,818,394,130,8,1350,0,0,0,1350
12/08/2006,MSP,MN,AGL,CE,Towers with Radar,819,397,98,7,1321,0,0,9,0,9,819,397,107,7,1330,0,0,0,1330
12/09/2006,MSP,MN,AGL,CE,Towers with Radar,708,344,49,3,1104,0,1,7,0,8,708,345,56,3,1112,0,0,0,1112
12/10/2006,MSP,MN,AGL,CE,Towers with Radar,706,350,77,0,1133,0,0,0,1,1,706,350,77,1,1134,0,0,0,1134
12/11/2006,MSP,MN,AGL,CE,Towers with Radar,762,396,98,4,1260,0,0,3,0,3,762,396,101,4,1263,0,0,0,1263
12/12/2006,MSP,MN,AGL,CE,Towers with Radar,791,376,135,15,1317,0,0,0,0,0,791,376,135,15,1317,0,0,0,1317
12/13/2006,MSP,MN,AGL,CE,Towers with Radar,820,395,114,14,1343,0,1,3,0,4,820,396,117,14,1347,0,0,0,1347
12/14/2006,MSP,MN,AGL,CE,Towers with Radar,808,403,103,14,1328,0,6,4,0,10,808,409,107,14,1338,0,0,0,1338
12/15/2006,MSP,MN,AGL,CE,Towers with Radar,814,404,70,4,1292,0,0,9,0,9,814,404,79,4,1301,0,0,0,1301
12/16/2006,MSP,MN,AGL,CE,Towers with Radar,707,351,50,1,1109,0,0,6,0,6,707,351,56,1,1115,0,0,0,1115
12/17/2006,MSP,MN,AGL,CE,Towers with Radar,715,341,63,1,1120,0,0,0,0,0,715,341,63,1,1120,0,0,0,1120
12/18/2006,MSP,MN,AGL,CE,Towers with Radar,774,414,45,10,1243,0,1,4,0,5,774,415,49,10,1248,0,0,0,1248
12/19/2006,MSP,MN,AGL,CE,Towers with Radar,857,422,59,13,1351,0,0,4,0,4,857,422,63,13,1355,0,0,0,1355
12/20/2006,MSP,MN,AGL,CE,Towers with Radar,868,440,67,9,1384,0,0,1,2,3,868,440,68,11,1387,0,0,0,1387
12/21/2006,MSP,MN,AGL,CE,Towers with Radar,824,424,55,0,1303,0,0,0,0,0,824,424,55,0,1303,0,0,0,1303
12/22/2006,MSP,MN,AGL,CE,Towers with Radar,868,435,68,2,1373,0,0,0,0,0,868,435,68,2,1373,0,0,0,1373
12/23/2006,MSP,MN,AGL,CE,Towers with Radar,833,378,22,2,1235,0,0,2,0,2,833,378,24,2,1237,0,0,0,1237
12/24/2006,MSP,MN,AGL,CE,Towers with Radar,778,341,16,0,1135,0,0,3,0,3,778,341,19,0,1138,0,0,0,1138
12/25/2006,MSP,MN,AGL,CE,Towers with Radar,677,368,8,0,1053,0,2,2,0,4,677,370,10,0,1057,0,0,0,1057
12/26/2006,MSP,MN,AGL,CE,Towers with Radar,817,396,64,0,1277,0,6,4,0,10,817,402,68,0,1287,0,0,0,1287
12/27/2006,MSP,MN,AGL,CE,Towers with Radar,873,433,15,4,1325,0,0,0,0,0,873,433,15,4,1325,0,0,0,1325
12/28/2006,MSP,MN,AGL,CE,Towers with Radar,879,434,28,4,1345,0,0,0,0,0,879,434,28,4,1345,0,0,0,1345
12/29/2006,MSP,MN,AGL,CE,Towers with Radar,853,431,20,4,1308,0,0,0,0,0,853,431,20,4,1308,0,0,0,1308
12/30/2006,MSP,MN,AGL,CE,Towers with Radar,821,337,15,2,1175,0,0,0,0,0,821,337,15,2,1175,0,0,0,1175
12/31/2006,MSP,MN,AGL,CE,Towers with Radar,767,314,4,0,1085,0,0,0,0,0,767,314,4,0,1085,0,0,0,1085
01/01/2007,MSP,MN,AGL,CE,Towers with Radar,821,346,54,0,1221,0,0,7,0,7,821,346,61,0,1228,0,0,0,1228
01/02/2007,MSP,MN,AGL,CE,Towers with Radar,823,404,87,2,1316,0,0,13,0,13,823,404,100,2,1329,0,0,0,1329
01/03/2007,MSP,MN,AGL,CE,Towers with Radar,846,424,39,12,1321,0,0,3,2,5,846,424,42,14,1326,0,0,0,1326
01/04/2007,MSP,MN,AGL,CE,Towers with Radar,819,413,42,22,1296,0,0,0,0,0,819,413,42,22,1296,0,0,0,1296
01/05/2007,MSP,MN,AGL,CE,Towers with Radar,839,412,52,12,1315,0,0,0,0,0,839,412,52,12,1315,0,0,0,1315
01/06/2007,MSP,MN,AGL,CE,Towers with Radar,705,346,21,2,1074,0,0,1,1,2,705,346,22,3,1076,0,0,0,1076
01/07/2007,MSP,MN,AGL,CE,Towers with Radar,720,341,10,7,1078,0,1,3,0,4,720,342,13,7,1082,0,0,0,1082
01/08/2007,MSP,MN,AGL,CE,Towers with Radar,786,403,48,6,1243,0,0,0,0,0,786,403,48,6,1243,0,0,0,1243
01/09/2007,MSP,MN,AGL,CE,Towers with Radar,803,421,43,15,1282,0,0,2,0,2,803,421,45,15,1284,0,0,0,1284
01/10/2007,MSP,MN,AGL,CE,Towers with Radar,817,421,78,14,1330,0,0,3,0,3,817,421,81,14,1333,0,0,0,1333
01/11/2007,MSP,MN,AGL,CE,Towers with Radar,814,407,46,14,1281,0,0,1,0,1,814,407,47,14,1282,0,0,0,1282
01/12/2007,MSP,MN,AGL,CE,Towers with Radar,824,384,55,10,1273,0,0,0,0,0,824,384,55,10,1273,0,0,0,1273
01/13/2007,MSP,MN,AGL,CE,Towers with Radar,694,308,22,6,1030,0,0,0,0,0,694,308,22,6,1030,0,0,0,1030
01/14/2007,MSP,MN,AGL,CE,Towers with Radar,690,322,13,3,1028,0,0,1,0,1,690,322,14,3,1029,0,0,0,1029
01/15/2007,MSP,MN,AGL,CE,Towers with Radar,793,404,35,1,1233,0,0,6,0,6,793,404,41,1,1239,0,0,0,1239
01/16/2007,MSP,MN,AGL,CE,Towers with Radar,806,416,77,8,1307,0,0,2,0,2,806,416,79,8,1309,0,0,0,1309
01/17/2007,MSP,MN,AGL,CE,Towers with Radar,809,433,69,11,1322,0,0,1,1,2,809,433,70,12,1324,0,0,0,1324
01/18/2007,MSP,MN,AGL,CE,Towers with Radar,803,410,79,7,1299,0,0,0,0,0,803,410,79,7,1299,0,0,0,1299
01/19/2007,MSP,MN,AGL,CE,Towers with Radar,838,424,71,5,1338,0,0,6,0,6,838,424,77,5,1344,0,0,0,1344
01/20/2007,MSP,MN,AGL,CE,Towers with Radar,727,341,17,5,1090,0,0,6,1,7,727,341,23,6,1097,0,0,0,1097
01/21/2007,MSP,MN,AGL,CE,Towers with Radar,692,342,20,5,1059,0,0,1,0,1,692,342,21,5,1060,0,0,0,1060
01/22/2007,MSP,MN,AGL,CE,Towers with Radar,804,400,69,10,1283,0,0,1,0,1,804,400,70,10,1284,0,0,0,1284
01/23/2007,MSP,MN,AGL,CE,Towers with Radar,805,413,53,20,1291,0,0,9,0,9,805,413,62,20,1300,0,0,0,1300
01/24/2007,MSP,MN,AGL,CE,Towers with Radar,805,404,64,11,1284,0,0,4,1,5,805,404,68,12,1289,0,0,0,1289
01/25/2007,MSP,MN,AGL,CE,Towers with Radar,784,398,57,14,1253,0,0,1,0,1,784,398,58,14,1254,0,0,0,1254
01/26/2007,MSP,MN,AGL,CE,Towers with Radar,832,414,40,6,1292,0,0,2,0,2,832,414,42,6,1294,0,0,0,1294
01/27/2007,MSP,MN,AGL,CE,Towers with Radar,718,349,9,1,1077,0,0,0,0,0,718,349,9,1,1077,0,0,0,1077
01/28/2007,MSP,MN,AGL,CE,Towers with Radar,730,353,20,3,1106,0,0,1,0,1,730,353,21,3,1107,0,0,0,1107
01/29/2007,MSP,MN,AGL,CE,Towers with Radar,790,403,48,5,1246,0,0,4,0,4,790,403,52,5,1250,0,0,0,1250
01/30/2007,MSP,MN,AGL,CE,Towers with Radar,807,418,63,11,1299,0,0,8,0,8,807,418,71,11,1307,0,0,0,1307
01/31/2007,MSP,MN,AGL,CE,Towers with Radar,803,390,62,13,1268,0,0,5,0,5,803,390,67,13,1273,0,0,0,1273
02/01/2007,MSP,MN,AGL,CE,Towers with Radar,817,413,65,12,1307,0,0,2,0,2,817,413,67,12,1309,0,0,0,1309
02/02/2007,MSP,MN,AGL,CE,Towers with Radar,825,399,48,7,1279,0,1,1,0,2,825,400,49,7,1281,0,0,0,1281
02/03/2007,MSP,MN,AGL,CE,Towers with Radar,699,315,17,1,1032,0,0,0,0,0,699,315,17,1,1032,0,0,0,1032
02/04/2007,MSP,MN,AGL,CE,Towers with Radar,720,313,5,5,1043,0,0,0,0,0,720,313,5,5,1043,0,0,0,1043
02/05/2007,MSP,MN,AGL,CE,Towers with Radar,779,380,44,6,1209,0,2,4,0,6,779,382,48,6,1215,0,0,0,1215
02/06/2007,MSP,MN,AGL,CE,Towers with Radar,770,407,60,8,1245,0,0,1,0,1,770,407,61,8,1246,0,0,0,1246
02/07/2007,MSP,MN,AGL,CE,Towers with Radar,826,412,66,9,1313,0,0,4,0,4,826,412,70,9,1317,0,0,0,1317
02/08/2007,MSP,MN,AGL,CE,Towers with Radar,828,445,52,9,1334,0,0,3,0,3,828,445,55,9,1337,0,0,0,1337
02/09/2007,MSP,MN,AGL,CE,Towers with Radar,821,412,52,3,1288,0,0,0,0,0,821,412,52,3,1288,0,0,0,1288
02/10/2007,MSP,MN,AGL,CE,Towers with Radar,715,345,21,1,1082,0,3,0,0,3,715,348,21,1,1085,0,0,0,1085
02/11/2007,MSP,MN,AGL,CE,Towers with Radar,723,358,19,5,1105,0,0,1,0,1,723,358,20,5,1106,0,0,0,1106
02/12/2007,MSP,MN,AGL,CE,Towers with Radar,788,402,48,11,1249,0,0,1,0,1,788,402,49,11,1250,0,0,0,1250
02/13/2007,MSP,MN,AGL,CE,Towers with Radar,737,387,59,7,1190,0,1,1,1,3,737,388,60,8,1193,0,0,0,1193
02/14/2007,MSP,MN,AGL,CE,Towers with Radar,732,390,35,14,1171,0,1,3,0,4,732,391,38,14,1175,0,0,0,1175
02/15/2007,MSP,MN,AGL,CE,Towers with Radar,852,418,71,14,1355,1,0,0,0,1,853,418,71,14,1356,0,0,0,1356
02/16/2007,MSP,MN,AGL,CE,Towers with Radar,861,424,68,6,1359,0,0,2,0,2,861,424,70,6,1361,0,0,0,1361
02/17/2007,MSP,MN,AGL,CE,Towers with Radar,787,351,15,8,1161,0,0,1,1,2,787,351,16,9,1163,0,0,0,1163
02/18/2007,MSP,MN,AGL,CE,Towers with Radar,793,343,16,2,1154,0,0,3,0,3,793,343,19,2,1157,0,0,0,1157
02/19/2007,MSP,MN,AGL,CE,Towers with Radar,862,418,59,0,1339,0,0,3,0,3,862,418,62,0,1342,0,0,0,1342
02/20/2007,MSP,MN,AGL,CE,Towers with Radar,872,421,46,10,1349,0,0,4,1,5,872,421,50,11,1354,0,0,0,1354
02/21/2007,MSP,MN,AGL,CE,Towers with Radar,850,412,69,5,1336,0,0,8,0,8,850,412,77,5,1344,0,0,0,1344
02/22/2007,MSP,MN,AGL,CE,Towers with Radar,872,427,66,5,1370,0,3,3,0,6,872,430,69,5,1376,0,0,0,1376
02/23/2007,MSP,MN,AGL,CE,Towers with Radar,861,386,53,9,1309,0,0,0,0,0,861,386,53,9,1309,0,0,0,1309
02/24/2007,MSP,MN,AGL,CE,Towers with Radar,616,140,7,1,764,0,0,0,0,0,616,140,7,1,764,0,0,0,764
02/25/2007,MSP,MN,AGL,CE,Towers with Radar,677,304,27,3,1011,0,0,2,0,2,677,304,29,3,1013,0,0,0,1013
02/26/2007,MSP,MN,AGL,CE,Towers with Radar,846,397,74,6,1323,0,0,4,0,4,846,397,78,6,1327,0,0,0,1327
02/27/2007,MSP,MN,AGL,CE,Towers with Radar,898,433,67,9,1407,0,0,9,0,9,898,433,76,9,1416,0,0,0,1416
02/28/2007,MSP,MN,AGL,CE,Towers with Radar,836,420,61,9,1326,0,0,0,0,0,836,420,61,9,1326,0,0,0,1326
03/01/2007,MSP,MN,AGL,CE,Towers with Radar,626,133,38,1,798,0,0,0,0,0,626,133,38,1,798,0,0,0,798
03/02/2007,MSP,MN,AGL,CE,Towers with Radar,770,350,46,6,1172,0,0,0,0,0,770,350,46,6,1172,0,0,0,1172
03/03/2007,MSP,MN,AGL,CE,Towers with Radar,785,356,21,5,1167,0,0,3,0,3,785,356,24,5,1170,0,0,0,1170
03/04/2007,MSP,MN,AGL,CE,Towers with Radar,794,323,29,10,1156,0,0,2,1,3,794,323,31,11,1159,0,0,0,1159
03/05/2007,MSP,MN,AGL,CE,Towers with Radar,836,386,43,11,1276,0,0,1,0,1,836,386,44,11,1277,0,0,0,1277
03/06/2007,MSP,MN,AGL,CE,Towers with Radar,866,418,48,15,1347,0,0,1,0,1,866,418,49,15,1348,0,0,0,1348
03/07/2007,MSP,MN,AGL,CE,Towers with Radar,870,434,63,12,1379,0,0,2,0,2,870,434,65,12,1381,0,0,0,1381
03/08/2007,MSP,MN,AGL,CE,Towers with Radar,866,440,57,8,1371,0,0,2,0,2,866,440,59,8,1373,0,0,0,1373
03/09/2007,MSP,MN,AGL,CE,Towers with Radar,874,409,45,9,1337,0,0,1,0,1,874,409,46,9,1338,0,0,0,1338
03/10/2007,MSP,MN,AGL,CE,Towers with Radar,778,365,16,8,1167,0,2,4,0,6,778,367,20,8,1173,0,0,0,1173
03/11/2007,MSP,MN,AGL,CE,Towers with Radar,793,358,46,0,1197,0,0,4,0,4,793,358,50,0,1201,0,0,0,1201
03/12/2007,MSP,MN,AGL,CE,Towers with Radar,848,400,55,9,1312,0,0,6,0,6,848,400,61,9,1318,0,0,0,1318
03/13/2007,MSP,MN,AGL,CE,Towers with Radar,863,429,74,12,1378,0,0,3,0,3,863,429,77,12,1381,0,0,0,1381
03/14/2007,MSP,MN,AGL,CE,Towers with Radar,876,430,71,17,1394,0,0,4,1,5,876,430,75,18,1399,0,0,0,1399
03/15/2007,MSP,MN,AGL,CE,Towers with Radar,884,429,66,8,1387,0,0,2,2,4,884,429,68,10,1391,0,0,0,1391
03/16/2007,MSP,MN,AGL,CE,Towers with Radar,813,408,59,5,1285,0,0,0,0,0,813,408,59,5,1285,0,0,0,1285
03/17/2007,MSP,MN,AGL,CE,Towers with Radar,772,343,21,0,1136,0,0,1,0,1,772,343,22,0,1137,0,0,0,1137
03/18/2007,MSP,MN,AGL,CE,Towers with Radar,797,341,25,1,1164,0,0,1,0,1,797,341,26,1,1165,0,0,0,1165
03/19/2007,MSP,MN,AGL,CE,Towers with Radar,862,395,70,5,1332,0,1,1,0,2,862,396,71,5,1334,0,0,0,1334
03/20/2007,MSP,MN,AGL,CE,Towers with Radar,871,422,75,13,1381,0,0,3,0,3,871,422,78,13,1384,0,0,0,1384
03/21/2007,MSP,MN,AGL,CE,Towers with Radar,868,415,61,13,1357,0,0,0,0,0,868,415,61,13,1357,0,0,0,1357
03/22/2007,MSP,MN,AGL,CE,Towers with Radar,871,426,51,12,1360,0,0,4,0,4,871,426,55,12,1364,0,0,0,1364
03/23/2007,MSP,MN,AGL,CE,Towers with Radar,873,416,45,3,1337,0,0,2,0,2,873,416,47,3,1339,0,0,0,1339
03/24/2007,MSP,MN,AGL,CE,Towers with Radar,782,297,22,8,1109,0,0,2,0,2,782,297,24,8,1111,0,0,0,1111
03/25/2007,MSP,MN,AGL,CE,Towers with Radar,785,332,25,1,1143,0,0,1,0,1,785,332,26,1,1144,0,0,0,1144
03/26/2007,MSP,MN,AGL,CE,Towers with Radar,847,412,56,6,1321,0,0,1,0,1,847,412,57,6,1322,0,0,0,1322
03/27/2007,MSP,MN,AGL,CE,Towers with Radar,856,411,44,9,1320,0,0,2,0,2,856,411,46,9,1322,0,0,0,1322
03/28/2007,MSP,MN,AGL,CE,Towers with Radar,857,423,65,10,1355,0,0,0,0,0,857,423,65,10,1355,0,0,0,1355
03/29/2007,MSP,MN,AGL,CE,Towers with Radar,880,414,42,18,1354,0,0,4,0,4,880,414,46,18,1358,0,0,0,1358
03/30/2007,MSP,MN,AGL,CE,Towers with Radar,871,413,46,3,1333,0,0,0,0,0,871,413,46,3,1333,0,0,0,1333
03/31/2007,MSP,MN,AGL,CE,Towers with Radar,771,358,21,2,1152,0,0,0,0,0,771,358,21,2,1152,0,0,0,1152
04/01/2007,MSP,MN,AGL,CE,Towers with Radar,776,384,18,5,1183,0,0,1,0,1,776,384,19,5,1184,0,0,0,1184
04/02/2007,MSP,MN,AGL,CE,Towers with Radar,862,425,39,10,1336,0,0,1,0,1,862,425,40,10,1337,0,0,0,1337
04/03/2007,MSP,MN,AGL,CE,Towers with Radar,836,400,55,7,1298,0,1,2,0,3,836,401,57,7,1301,0,0,0,1301
04/04/2007,MSP,MN,AGL,CE,Towers with Radar,885,441,58,16,1400,0,0,1,0,1,885,441,59,16,1401,0,0,0,1401
04/05/2007,MSP,MN,AGL,CE,Towers with Radar,878,440,52,9,1379,1,0,2,0,3,879,440,54,9,1382,0,0,0,1382
04/06/2007,MSP,MN,AGL,CE,Towers with Radar,874,423,38,4,1339,0,0,2,0,2,874,423,40,4,1341,0,0,0,1341
04/07/2007,MSP,MN,AGL,CE,Towers with Radar,762,368,11,1,1142,0,0,5,0,5,762,368,16,1,1147,0,0,0,1147
04/08/2007,MSP,MN,AGL,CE,Towers with Radar,777,375,29,1,1182,0,0,0,0,0,777,375,29,1,1182,0,0,0,1182
04/09/2007,MSP,MN,AGL,CE,Towers with Radar,816,416,59,9,1300,0,2,3,0,5,816,418,62,9,1305,0,0,0,1305
04/10/2007,MSP,MN,AGL,CE,Towers with Radar,832,426,62,9,1329,0,1,1,0,2,832,427,63,9,1331,0,0,0,1331
04/11/2007,MSP,MN,AGL,CE,Towers with Radar,812,426,68,11,1317,0,0,0,0,0,812,426,68,11,1317,0,0,0,1317
04/12/2007,MSP,MN,AGL,CE,Towers with Radar,862,438,68,7,1375,0,0,3,1,4,862,438,71,8,1379,0,0,0,1379
04/13/2007,MSP,MN,AGL,CE,Towers with Radar,822,434,55,12,1323,0,0,3,0,3,822,434,58,12,1326,0,0,0,1326
04/14/2007,MSP,MN,AGL,CE,Towers with Radar,738,347,13,3,1101,0,1,3,0,4,738,348,16,3,1105,0,0,0,1105
04/15/2007,MSP,MN,AGL,CE,Towers with Radar,723,354,27,6,1110,0,0,3,0,3,723,354,30,6,1113,0,0,0,1113
04/16/2007,MSP,MN,AGL,CE,Towers with Radar,782,411,58,4,1255,0,0,2,0,2,782,411,60,4,1257,0,0,0,1257
04/17/2007,MSP,MN,AGL,CE,Towers with Radar,827,439,73,9,1348,0,0,4,0,4,827,439,77,9,1352,0,0,0,1352
04/18/2007,MSP,MN,AGL,CE,Towers with Radar,826,435,75,10,1346,0,0,3,0,3,826,435,78,10,1349,0,0,0,1349
04/19/2007,MSP,MN,AGL,CE,Towers with Radar,824,431,81,16,1352,0,0,3,0,3,824,431,84,16,1355,0,0,0,1355
04/20/2007,MSP,MN,AGL,CE,Towers with Radar,818,440,71,2,1331,0,0,3,0,3,818,440,74,2,1334,0,0,0,1334
04/21/2007,MSP,MN,AGL,CE,Towers with Radar,703,346,23,4,1076,0,0,4,0,4,703,346,27,4,1080,0,0,0,1080
04/22/2007,MSP,MN,AGL,CE,Towers with Radar,736,363,32,1,1132,0,0,3,0,3,736,363,35,1,1135,0,0,0,1135
04/23/2007,MSP,MN,AGL,CE,Towers with Radar,775,407,62,12,1256,0,0,0,0,0,775,407,62,12,1256,0,0,0,1256
04/24/2007,MSP,MN,AGL,CE,Towers with Radar,811,430,70,11,1322,0,0,8,0,8,811,430,78,11,1330,0,0,0,1330
04/25/2007,MSP,MN,AGL,CE,Towers with Radar,802,425,90,10,1327,0,0,1,0,1,802,425,91,10,1328,0,0,0,1328
04/26/2007,MSP,MN,AGL,CE,Towers with Radar,810,432,58,10,1310,0,0,5,0,5,810,432,63,10,1315,0,0,0,1315
04/27/2007,MSP,MN,AGL,CE,Towers with Radar,813,425,55,8,1301,0,0,7,0,7,813,425,62,8,1308,0,0,0,1308
04/28/2007,MSP,MN,AGL,CE,Towers with Radar,720,355,21,5,1101,0,0,7,0,7,720,355,28,5,1108,0,0,0,1108
04/29/2007,MSP,MN,AGL,CE,Towers with Radar,714,355,34,4,1107,0,0,5,0,5,714,355,39,4,1112,0,0,0,1112
04/30/2007,MSP,MN,AGL,CE,Towers with Radar,763,387,62,7,1219,0,0,3,0,3,763,387,65,7,1222,0,0,0,1222
05/01/2007,MSP,MN,AGL,CE,Towers with Radar,818,459,83,16,1376,0,0,0,1,1,818,459,83,17,1377,0,0,0,1377
05/02/2007,MSP,MN,AGL,CE,Towers with Radar,802,434,84,12,1332,0,0,2,0,2,802,434,86,12,1334,0,0,0,1334
05/03/2007,MSP,MN,AGL,CE,Towers with Radar,803,442,80,14,1339,0,0,0,0,0,803,442,80,14,1339,0,0,0,1339
05/04/2007,MSP,MN,AGL,CE,Towers with Radar,798,420,61,8,1287,0,0,1,0,1,798,420,62,8,1288,0,0,0,1288
05/05/2007,MSP,MN,AGL,CE,Towers with Radar,737,350,13,3,1103,0,0,0,0,0,737,350,13,3,1103,0,0,0,1103
05/06/2007,MSP,MN,AGL,CE,Towers with Radar,708,375,34,4,1121,0,0,0,0,0,708,375,34,4,1121,0,0,0,1121
05/07/2007,MSP,MN,AGL,CE,Towers with Radar,782,426,51,9,1268,0,0,1,0,1,782,426,52,9,1269,0,0,0,1269
05/08/2007,MSP,MN,AGL,CE,Towers with Radar,785,431,78,16,1310,0,0,1,0,1,785,431,79,16,1311,0,0,0,1311
05/09/2007,MSP,MN,AGL,CE,Towers with Radar,822,448,76,8,1354,0,0,6,2,8,822,448,82,10,1362,0,0,0,1362
05/10/2007,MSP,MN,AGL,CE,Towers with Radar,802,434,80,9,1325,0,0,2,1,3,802,434,82,10,1328,0,0,0,1328
05/11/2007,MSP,MN,AGL,CE,Towers with Radar,820,439,58,2,1319,0,0,5,0,5,820,439,63,2,1324,0,0,0,1324
05/12/2007,MSP,MN,AGL,CE,Towers with Radar,730,366,18,4,1118,0,1,0,0,1,730,367,18,4,1119,0,0,0,1119
05/13/2007,MSP,MN,AGL,CE,Towers with Radar,715,367,22,5,1109,0,0,4,0,4,715,367,26,5,1113,0,0,0,1113
05/14/2007,MSP,MN,AGL,CE,Towers with Radar,774,426,68,6,1274,0,0,2,0,2,774,426,70,6,1276,0,0,0,1276
05/15/2007,MSP,MN,AGL,CE,Towers with Radar,783,432,68,14,1297,0,2,4,1,7,783,434,72,15,1304,0,0,0,1304
05/16/2007,MSP,MN,AGL,CE,Towers with Radar,802,438,69,7,1316,0,0,5,1,6,802,438,74,8,1322,0,0,0,1322
05/17/2007,MSP,MN,AGL,CE,Towers with Radar,829,457,84,6,1376,0,0,16,0,16,829,457,100,6,1392,0,0,0,1392
05/18/2007,MSP,MN,AGL,CE,Towers with Radar,811,442,67,4,1324,0,0,2,1,3,811,442,69,5,1327,0,0,0,1327
05/19/2007,MSP,MN,AGL,CE,Towers with Radar,733,367,43,8,1151,0,0,0,0,0,733,367,43,8,1151,0,0,0,1151
05/20/2007,MSP,MN,AGL,CE,Towers with Radar,719,372,33,22,1146,0,0,2,0,2,719,372,35,22,1148,0,0,0,1148
05/21/2007,MSP,MN,AGL,CE,Towers with Radar,767,421,74,4,1266,0,0,5,0,5,767,421,79,4,1271,0,0,0,1271
05/22/2007,MSP,MN,AGL,CE,Towers with Radar,806,436,91,9,1342,0,0,7,0,7,806,436,98,9,1349,0,0,0,1349
05/23/2007,MSP,MN,AGL,CE,Towers with Radar,768,393,78,11,1250,0,0,0,0,0,768,393,78,11,1250,0,0,0,1250
05/24/2007,MSP,MN,AGL,CE,Towers with Radar,829,463,79,12,1383,0,0,0,0,0,829,463,79,12,1383,0,0,0,1383
05/25/2007,MSP,MN,AGL,CE,Towers with Radar,813,420,53,2,1288,0,0,3,0,3,813,420,56,2,1291,0,0,0,1291
05/26/2007,MSP,MN,AGL,CE,Towers with Radar,712,358,13,0,1083,0,0,0,0,0,712,358,13,0,1083,0,0,0,1083
05/27/2007,MSP,MN,AGL,CE,Towers with Radar,656,320,9,0,985,0,0,0,0,0,656,320,9,0,985,0,0,0,985
05/28/2007,MSP,MN,AGL,CE,Towers with Radar,726,370,17,0,1113,0,0,2,1,3,726,370,19,1,1116,0,0,0,1116
05/29/2007,MSP,MN,AGL,CE,Towers with Radar,753,432,42,5,1232,0,0,7,0,7,753,432,49,5,1239,0,0,0,1239
05/30/2007,MSP,MN,AGL,CE,Towers with Radar,804,433,52,13,1302,0,0,1,0,1,804,433,53,13,1303,0,0,0,1303
05/31/2007,MSP,MN,AGL,CE,Towers with Radar,826,452,48,12,1338,0,0,6,1,7,826,452,54,13,1345,0,0,0,1345
06/01/2007,MSP,MN,AGL,CE,Towers with Radar,802,425,49,6,1282,0,0,1,0,1,802,425,50,6,1283,0,0,0,1283
06/02/2007,MSP,MN,AGL,CE,Towers with Radar,739,360,9,5,1113,0,0,1,0,1,739,360,10,5,1114,0,0,0,1114
06/03/2007,MSP,MN,AGL,CE,Towers with Radar,722,367,35,2,1126,0,0,0,0,0,722,367,35,2,1126,0,0,0,1126
06/04/2007,MSP,MN,AGL,CE,Towers with Radar,769,424,58,6,1257,0,0,6,0,6,769,424,64,6,1263,0,0,0,1263
06/05/2007,MSP,MN,AGL,CE,Towers with Radar,813,439,63,4,1319,0,0,3,2,5,813,439,66,6,1324,0,0,0,1324
06/06/2007,MSP,MN,AGL,CE,Towers with Radar,796,448,54,16,1314,0,0,0,0,0,796,448,54,16,1314,0,0,0,1314
06/07/2007,MSP,MN,AGL,CE,Towers with Radar,788,402,51,5,1246,0,0,3,0,3,788,402,54,5,1249,0,0,0,1249
06/08/2007,MSP,MN,AGL,CE,Towers with Radar,831,473,69,6,1379,0,0,4,0,4,831,473,73,6,1383,0,0,0,1383
06/09/2007,MSP,MN,AGL,CE,Towers with Radar,782,400,14,5,1201,0,0,2,0,2,782,400,16,5,1203,0,0,0,1203
06/10/2007,MSP,MN,AGL,CE,Towers with Radar,733,387,41,3,1164,0,0,4,0,4,733,387,45,3,1168,0,0,0,1168
06/11/2007,MSP,MN,AGL,CE,Towers with Radar,802,436,72,2,1312,0,0,0,0,0,802,436,72,2,1312,0,0,0,1312
06/12/2007,MSP,MN,AGL,CE,Towers with Radar,814,455,51,27,1347,0,0,6,0,6,814,455,57,27,1353,0,0,0,1353
06/13/2007,MSP,MN,AGL,CE,Towers with Radar,817,454,52,12,1335,0,0,6,2,8,817,454,58,14,1343,0,0,0,1343
06/14/2007,MSP,MN,AGL,CE,Towers with Radar,830,457,41,9,1337,0,0,0,0,0,830,457,41,9,1337,0,0,0,1337
06/15/2007,MSP,MN,AGL,CE,Towers with Radar,826,462,45,6,1339,0,0,3,0,3,826,462,48,6,1342,0,0,0,1342
06/16/2007,MSP,MN,AGL,CE,Towers with Radar,747,413,17,8,1185,0,0,1,0,1,747,413,18,8,1186,0,0,0,1186
06/17/2007,MSP,MN,AGL,CE,Towers with Radar,748,393,31,3,1175,0,0,1,1,2,748,393,32,4,1177,0,0,0,1177
06/18/2007,MSP,MN,AGL,CE,Towers with Radar,773,428,70,9,1280,0,0,4,1,5,773,428,74,10,1285,0,0,0,1285
06/19/2007,MSP,MN,AGL,CE,Towers with Radar,840,464,62,21,1387,0,0,0,0,0,840,464,62,21,1387,0,0,0,1387
06/20/2007,MSP,MN,AGL,CE,Towers with Radar,833,468,79,11,1391,0,0,7,1,8,833,468,86,12,1399,0,0,0,1399
06/21/2007,MSP,MN,AGL,CE,Towers with Radar,816,464,77,14,1371,0,0,1,0,1,816,464,78,14,1372,0,0,0,1372
06/22/2007,MSP,MN,AGL,CE,Towers with Radar,819,457,61,10,1347,0,0,1,0,1,819,457,62,10,1348,0,0,0,1348
06/23/2007,MSP,MN,AGL,CE,Towers with Radar,721,413,15,1,1150,0,3,4,0,7,721,416,19,1,1157,0,0,0,1157
06/24/2007,MSP,MN,AGL,CE,Towers with Radar,690,397,47,4,1138,0,0,3,2,5,690,397,50,6,1143,0,0,0,1143
06/25/2007,MSP,MN,AGL,CE,Towers with Radar,763,450,74,13,1300,0,0,4,0,4,763,450,78,13,1304,0,0,0,1304
06/26/2007,MSP,MN,AGL,CE,Towers with Radar,786,464,61,16,1327,0,0,1,2,3,786,464,62,18,1330,0,0,0,1330
06/27/2007,MSP,MN,AGL,CE,Towers with Radar,739,449,69,8,1265,0,0,5,1,6,739,449,74,9,1271,0,0,0,1271
06/28/2007,MSP,MN,AGL,CE,Towers with Radar,805,463,71,15,1354,0,0,4,0,4,805,463,75,15,1358,0,0,0,1358
06/29/2007,MSP,MN,AGL,CE,Towers with Radar,843,452,54,5,1354,0,0,3,1,4,843,452,57,6,1358,0,0,0,1358
06/30/2007,MSP,MN,AGL,CE,Towers with Radar,761,415,16,4,1196,0,0,3,0,3,761,415,19,4,1199,0,0,0,1199
07/01/2007,MSP,MN,AGL,CE,Towers with Radar,738,369,20,4,1131,0,0,0,0,0,738,369,20,4,1131,0,0,0,1131
07/02/2007,MSP,MN,AGL,CE,Towers with Radar,763,393,36,2,1194,0,0,0,0,0,763,393,36,2,1194,0,0,0,1194
07/03/2007,MSP,MN,AGL,CE,Towers with Radar,775,396,24,2,1197,0,0,2,0,2,775,396,26,2,1199,0,0,0,1199
07/04/2007,MSP,MN,AGL,CE,Towers with Radar,700,345,15,0,1060,0,0,0,0,0,700,345,15,0,1060,0,0,0,1060
07/05/2007,MSP,MN,AGL,CE,Towers with Radar,719,356,30,3,1108,0,0,6,0,6,719,356,36,3,1114,0,0,0,1114
07/06/2007,MSP,MN,AGL,CE,Towers with Radar,760,373,19,5,1157,0,0,2,0,2,760,373,21,5,1159,0,0,0,1159
07/07/2007,MSP,MN,AGL,CE,Towers with Radar,756,395,9,2,1162,0,0,1,0,1,756,395,10,2,1163,0,0,0,1163
07/08/2007,MSP,MN,AGL,CE,Towers with Radar,686,336,24,0,1046,0,0,0,0,0,686,336,24,0,1046,0,0,0,1046
07/09/2007,MSP,MN,AGL,CE,Towers with Radar,868,467,87,11,1433,0,0,3,0,3,868,467,90,11,1436,0,0,0,1436
07/10/2007,MSP,MN,AGL,CE,Towers with Radar,834,453,75,12,1374,0,0,4,1,5,834,453,79,13,1379,0,0,0,1379
07/11/2007,MSP,MN,AGL,CE,Towers with Radar,871,471,72,8,1422,0,0,5,0,5,871,471,77,8,1427,0,0,0,1427
07/12/2007,MSP,MN,AGL,CE,Towers with Radar,854,447,61,7,1369,0,0,3,1,4,854,447,64,8,1373,0,0,0,1373
07/13/2007,MSP,MN,AGL,CE,Towers with Radar,846,438,43,4,1331,0,0,9,0,9,846,438,52,4,1340,0,0,0,1340
07/14/2007,MSP,MN,AGL,CE,Towers with Radar,753,409,26,7,1195,0,0,6,0,6,753,409,32,7,1201,0,0,0,1201
07/15/2007,MSP,MN,AGL,CE,Towers with Radar,771,373,25,9,1178,0,0,5,0,5,771,373,30,9,1183,0,0,0,1183
07/16/2007,MSP,MN,AGL,CE,Towers with Radar,824,422,50,8,1304,0,0,4,0,4,824,422,54,8,1308,0,0,0,1308
07/17/2007,MSP,MN,AGL,CE,Towers with Radar,846,440,65,19,1370,0,0,1,0,1,846,440,66,19,1371,0,0,0,1371
07/18/2007,MSP,MN,AGL,CE,Towers with Radar,818,433,64,13,1328,0,0,3,0,3,818,433,67,13,1331,0,0,0,1331
07/19/2007,MSP,MN,AGL,CE,Towers with Radar,855,445,62,13,1375,0,0,8,0,8,855,445,70,13,1383,0,0,0,1383
07/20/2007,MSP,MN,AGL,CE,Towers with Radar,857,434,67,6,1364,0,0,7,0,7,857,434,74,6,1371,0,0,0,1371
07/21/2007,MSP,MN,AGL,CE,Towers with Radar,742,395,23,3,1163,0,0,4,0,4,742,395,27,3,1167,0,0,0,1167
07/22/2007,MSP,MN,AGL,CE,Towers with Radar,752,384,27,3,1166,0,0,5,0,5,752,384,32,3,1171,0,0,0,1171
07/23/2007,MSP,MN,AGL,CE,Towers with Radar,825,429,92,10,1356,0,0,2,0,2,825,429,94,10,1358,0,0,0,1358
07/24/2007,MSP,MN,AGL,CE,Towers with Radar,875,439,66,11,1391,1,0,4,0,5,876,439,70,11,1396,0,0,0,1396
07/25/2007,MSP,MN,AGL,CE,Towers with Radar,854,435,79,9,1377,0,1,5,0,6,854,436,84,9,1383,0,0,0,1383
07/26/2007,MSP,MN,AGL,CE,Towers with Radar,802,411,87,9,1309,0,0,6,0,6,802,411,93,9,1315,0,0,0,1315
07/27/2007,MSP,MN,AGL,CE,Towers with Radar,837,446,53,5,1341,0,0,4,1,5,837,446,57,6,1346,0,0,0,1346
07/28/2007,MSP,MN,AGL,CE,Towers with Radar,718,402,24,8,1152,0,0,7,0,7,718,402,31,8,1159,0,0,0,1159
07/29/2007,MSP,MN,AGL,CE,Towers with Radar,681,389,30,5,1105,0,0,4,0,4,681,389,34,5,1109,0,0,0,1109
07/30/2007,MSP,MN,AGL,CE,Towers with Radar,799,418,55,7,1279,0,0,11,0,11,799,418,66,7,1290,0,0,0,1290
07/31/2007,MSP,MN,AGL,CE,Towers with Radar,862,469,59,12,1402,0,0,13,1,14,862,469,72,13,1416,0,0,0,1416
08/01/2007,MSP,MN,AGL,CE,Towers with Radar,822,447,59,15,1343,0,0,5,2,7,822,447,64,17,1350,0,0,0,1350
08/02/2007,MSP,MN,AGL,CE,Towers with Radar,844,461,71,16,1392,0,0,6,1,7,844,461,77,17,1399,0,0,0,1399
08/03/2007,MSP,MN,AGL,CE,Towers with Radar,817,438,56,17,1328,0,0,8,3,11,817,438,64,20,1339,0,0,0,1339
08/04/2007,MSP,MN,AGL,CE,Towers with Radar,724,386,16,2,1128,0,4,2,0,6,724,390,18,2,1134,0,0,0,1134
08/05/2007,MSP,MN,AGL,CE,Towers with Radar,734,378,35,16,1163,0,0,2,0,2,734,378,37,16,1165,0,0,0,1165
08/06/2007,MSP,MN,AGL,CE,Towers with Radar,779,443,52,4,1278,0,0,2,0,2,779,443,54,4,1280,0,0,0,1280
08/07/2007,MSP,MN,AGL,CE,Towers with Radar,845,444,57,13,1359,0,0,2,1,3,845,444,59,14,1362,0,0,0,1362
08/08/2007,MSP,MN,AGL,CE,Towers with Radar,830,450,66,14,1360,0,0,2,0,2,830,450,68,14,1362,0,0,0,1362
08/09/2007,MSP,MN,AGL,CE,Towers with Radar,840,455,73,13,1381,0,0,2,0,2,840,455,75,13,1383,0,0,0,1383
08/10/2007,MSP,MN,AGL,CE,Towers with Radar,836,449,42,4,1331,0,1,4,0,5,836,450,46,4,1336,0,0,0,1336
08/11/2007,MSP,MN,AGL,CE,Towers with Radar,728,383,22,5,1138,0,0,5,0,5,728,383,27,5,1143,0,0,0,1143
08/12/2007,MSP,MN,AGL,CE,Towers with Radar,783,381,41,5,1210,0,0,7,0,7,783,381,48,5,1217,0,0,0,1217
08/13/2007,MSP,MN,AGL,CE,Towers with Radar,776,417,32,4,1229,0,0,8,0,8,776,417,40,4,1237,0,0,0,1237
08/14/2007,MSP,MN,AGL,CE,Towers with Radar,854,465,55,13,1387,0,2,5,0,7,854,467,60,13,1394,0,0,0,1394
08/15/2007,MSP,MN,AGL,CE,Towers with Radar,836,467,86,16,1405,0,0,5,0,5,836,467,91,16,1410,0,0,0,1410
08/16/2007,MSP,MN,AGL,CE,Towers with Radar,845,442,54,5,1346,0,0,6,0,6,845,442,60,5,1352,0,0,0,1352
08/17/2007,MSP,MN,AGL,CE,Towers with Radar,822,442,50,8,1322,0,0,9,0,9,822,442,59,8,1331,0,0,0,1331
08/18/2007,MSP,MN,AGL,CE,Towers with Radar,725,267,13,13,1018,0,0,1,1,2,725,267,14,14,1020,0,0,0,1020
08/19/2007,MSP,MN,AGL,CE,Towers with Radar,704,231,18,5,958,0,0,0,0,0,704,231,18,5,958,0,0,0,958
08/20/2007,MSP,MN,AGL,CE,Towers with Radar,774,259,45,6,1084,0,0,0,0,0,774,259,45,6,1084,0,0,0,1084
08/21/2007,MSP,MN,AGL,CE,Towers with Radar,786,238,56,5,1085,0,0,1,2,3,786,238,57,7,1088,0,0,0,1088
08/22/2007,MSP,MN,AGL,CE,Towers with Radar,850,447,45,13,1355,0,0,3,0,3,850,447,48,13,1358,0,0,0,1358
08/23/2007,MSP,MN,AGL,CE,Towers with Radar,785,277,52,14,1128,0,0,0,0,0,785,277,52,14,1128,0,0,0,1128
08/24/2007,MSP,MN,AGL,CE,Towers with Radar,810,438,47,10,1305,0,0,4,1,5,810,438,51,11,1310,0,0,0,1310
08/25/2007,MSP,MN,AGL,CE,Towers with Radar,612,349,15,3,979,0,1,4,0,5,612,350,19,3,984,0,0,0,984
08/26/2007,MSP,MN,AGL,CE,Towers with Radar,701,380,41,6,1128,0,0,4,0,4,701,380,45,6,1132,0,0,0,1132
08/27/2007,MSP,MN,AGL,CE,Towers with Radar,763,404,42,0,1209,0,0,2,0,2,763,404,44,0,1211,0,0,0,1211
08/28/2007,MSP,MN,AGL,CE,Towers with Radar,799,413,58,14,1284,0,0,2,0,2,799,413,60,14,1286,0,0,0,1286
08/29/2007,MSP,MN,AGL,CE,Towers with Radar,846,466,42,18,1372,0,0,8,0,8,846,466,50,18,1380,0,0,0,1380
08/30/2007,MSP,MN,AGL,CE,Towers with Radar,802,450,61,11,1324,0,0,8,0,8,802,450,69,11,1332,0,0,0,1332
08/31/2007,MSP,MN,AGL,CE,Towers with Radar,828,449,49,9,1335,0,0,5,1,6,828,449,54,10,1341,0,0,0,1341
09/01/2007,MSP,MN,AGL,CE,Towers with Radar,657,359,13,2,1031,0,0,1,1,2,657,359,14,3,1033,0,0,0,1033
09/02/2007,MSP,MN,AGL,CE,Towers with Radar,636,349,14,2,1001,0,0,0,3,3,636,349,14,5,1004,0,0,0,1004
09/03/2007,MSP,MN,AGL,CE,Towers with Radar,768,400,16,2,1186,0,0,2,1,3,768,400,18,3,1189,0,0,0,1189
09/04/2007,MSP,MN,AGL,CE,Towers with Radar,775,435,42,4,1256,0,0,4,0,4,775,435,46,4,1260,0,0,0,1260
09/05/2007,MSP,MN,AGL,CE,Towers with Radar,802,430,38,12,1282,0,0,3,0,3,802,430,41,12,1285,0,0,0,1285
09/06/2007,MSP,MN,AGL,CE,Towers with Radar,768,420,57,21,1266,0,0,2,0,2,768,420,59,21,1268,0,0,0,1268
09/07/2007,MSP,MN,AGL,CE,Towers with Radar,836,472,57,12,1377,0,2,4,0,6,836,474,61,12,1383,0,0,0,1383
09/08/2007,MSP,MN,AGL,CE,Towers with Radar,678,352,14,8,1052,0,0,6,1,7,678,352,20,9,1059,0,0,0,1059
09/09/2007,MSP,MN,AGL,CE,Towers with Radar,686,385,41,7,1119,0,1,0,0,1,686,386,41,7,1120,0,0,0,1120
09/10/2007,MSP,MN,AGL,CE,Towers with Radar,770,432,50,6,1258,0,0,7,0,7,770,432,57,6,1265,0,0,0,1265
09/11/2007,MSP,MN,AGL,CE,Towers with Radar,784,447,73,9,1313,0,0,1,0,1,784,447,74,9,1314,0,0,0,1314
09/12/2007,MSP,MN,AGL,CE,Towers with Radar,791,478,65,12,1346,0,0,1,0,1,791,478,66,12,1347,0,0,0,1347
09/13/2007,MSP,MN,AGL,CE,Towers with Radar,798,459,65,8,1330,0,0,0,0,0,798,459,65,8,1330,0,0,0,1330
09/14/2007,MSP,MN,AGL,CE,Towers with Radar,805,446,52,3,1306,0,0,3,0,3,805,446,55,3,1309,0,0,0,1309
09/15/2007,MSP,MN,AGL,CE,Towers with Radar,673,360,15,2,1050,0,0,1,0,1,673,360,16,2,1051,0,0,0,1051
09/16/2007,MSP,MN,AGL,CE,Towers with Radar,685,376,24,5,1090,0,0,0,0,0,685,376,24,5,1090,0,0,0,1090
09/17/2007,MSP,MN,AGL,CE,Towers with Radar,769,426,50,10,1255,0,0,0,0,0,769,426,50,10,1255,0,0,0,1255
09/18/2007,MSP,MN,AGL,CE,Towers with Radar,732,315,31,16,1094,0,0,0,0,0,732,315,31,16,1094,0,0,0,1094
09/19/2007,MSP,MN,AGL,CE,Towers with Radar,817,471,48,16,1352,0,1,3,2,6,817,472,51,18,1358,0,0,0,1358
09/20/2007,MSP,MN,AGL,CE,Towers with Radar,723,316,43,16,1098,0,0,1,0,1,723,316,44,16,1099,0,0,0,1099
09/21/2007,MSP,MN,AGL,CE,Towers with Radar,824,383,46,8,1261,0,0,1,0,1,824,383,47,8,1262,0,0,0,1262
09/22/2007,MSP,MN,AGL,CE,Towers with Radar,690,363,19,4,1076,0,0,7,0,7,690,363,26,4,1083,0,0,0,1083
09/23/2007,MSP,MN,AGL,CE,Towers with Radar,699,370,33,3,1105,0,0,2,0,2,699,370,35,3,1107,0,0,0,1107
09/24/2007,MSP,MN,AGL,CE,Towers with Radar,741,361,42,4,1148,0,0,7,0,7,741,361,49,4,1155,0,0,0,1155
09/25/2007,MSP,MN,AGL,CE,Towers with Radar,789,456,53,18,1316,0,0,3,1,4,789,456,56,19,1320,0,0,0,1320
09/26/2007,MSP,MN,AGL,CE,Towers with Radar,767,415,51,12,1245,0,1,2,0,3,767,416,53,12,1248,0,0,0,1248
09/27/2007,MSP,MN,AGL,CE,Towers with Radar,811,471,66,12,1360,0,0,2,0,2,811,471,68,12,1362,0,0,0,1362
09/28/2007,MSP,MN,AGL,CE,Towers with Radar,796,429,38,8,1271,0,0,0,0,0,796,429,38,8,1271,0,0,0,1271
09/29/2007,MSP,MN,AGL,CE,Towers with Radar,679,337,12,1,1029,0,0,0,0,0,679,337,12,1,1029,0,0,0,1029
09/30/2007,MSP,MN,AGL,CE,Towers with Radar,631,222,17,3,873,0,0,2,0,2,631,222,19,3,875,0,0,0,875
10/01/2007,MSP,MN,AGL,CE,Towers with Radar,818,468,43,7,1336,0,0,2,0,2,820,471,45,7,1343,0,0,0,1348
10/02/2007,MSP,MN,AGL,CE,Towers with Radar,745,333,56,16,1150,0,1,0,0,1,748,343,56,16,1163,0,0,0,1169
10/03/2007,MSP,MN,AGL,CE,Towers with Radar,815,467,45,10,1337,0,0,5,0,5,815,478,50,10,1353,0,0,0,1364
10/04/2007,MSP,MN,AGL,CE,Towers with Radar,793,457,46,21,1317,0,0,1,0,1,793,462,47,21,1323,0,0,0,1330
10/05/2007,MSP,MN,AGL,CE,Towers with Radar,784,369,34,5,1192,0,0,1,0,1,785,370,35,5,1195,0,0,0,1201
10/06/2007,MSP,MN,AGL,CE,Towers with Radar,679,332,11,2,1024,0,0,0,0,0,680,346,11,2,1039,0,0,0,1044
10/07/2007,MSP,MN,AGL,CE,Towers with Radar,696,310,41,4,1051,0,0,6,0,6,697,311,47,4,1059,0,0,0,1067
10/08/2007,MSP,MN,AGL,CE,Towers with Radar,766,391,55,1,1213,0,0,0,0,0,767,397,55,1,1220,0,0,0,1222
10/09/2007,MSP,MN,AGL,CE,Towers with Radar,799,467,63,4,1333,0,0,0,0,0,799,472,63,4,1338,0,0,0,1351
10/10/2007,MSP,MN,AGL,CE,Towers with Radar,810,467,72,1,1350,0,0,1,1,2,810,476,73,2,1361,0,0,0,1374
10/11/2007,MSP,MN,AGL,CE,Towers with Radar,815,450,63,10,1338,0,0,2,0,2,815,450,65,10,1340,0,0,0,1356
10/12/2007,MSP,MN,AGL,CE,Towers with Radar,811,456,59,8,1334,0,1,7,0,8,812,476,66,8,1362,0,0,0,1372
10/13/2007,MSP,MN,AGL,CE,Towers with Radar,675,346,16,1,1038,0,0,0,2,2,675,355,16,3,1049,0,0,0,1058
10/14/2007,MSP,MN,AGL,CE,Towers with Radar,688,353,38,8,1087,0,0,1,0,1,690,358,39,8,1095,0,0,0,1103
10/15/2007,MSP,MN,AGL,CE,Towers with Radar,756,313,48,8,1125,0,0,1,0,1,761,315,49,8,1133,0,0,0,1134
10/16/2007,MSP,MN,AGL,CE,Towers with Radar,774,360,51,4,1189,0,0,1,0,1,775,360,52,4,1191,0,0,0,1194
10/17/2007,MSP,MN,AGL,CE,Towers with Radar,777,318,47,4,1146,0,0,2,2,4,778,332,49,6,1165,0,0,0,1181
10/18/2007,MSP,MN,AGL,CE,Towers with Radar,824,437,61,2,1324,0,0,2,0,2,825,448,63,2,1338,0,0,0,1348
10/19/2007,MSP,MN,AGL,CE,Towers with Radar,812,460,49,5,1326,0,0,6,0,6,812,467,55,5,1339,0,0,0,1354
10/20/2007,MSP,MN,AGL,CE,Towers with Radar,681,341,27,4,1053,0,0,0,0,0,682,351,27,4,1064,0,0,0,1092
10/21/2007,MSP,MN,AGL,CE,Towers with Radar,703,390,32,8,1133,0,0,2,0,2,703,391,34,8,1136,0,0,0,1143
10/22/2007,MSP,MN,AGL,CE,Towers with Radar,774,442,59,9,1284,0,0,2,2,4,774,453,61,11,1299,0,0,0,1314
10/23/2007,MSP,MN,AGL,CE,Towers with Radar,794,467,68,13,1342,0,0,3,0,3,796,471,71,13,1351,0,0,0,1365
10/24/2007,MSP,MN,AGL,CE,Towers with Radar,802,457,73,14,1346,0,2,1,0,3,802,466,74,14,1356,0,0,0,1365
10/25/2007,MSP,MN,AGL,CE,Towers with Radar,808,452,55,13,1328,0,1,3,0,4,808,462,58,13,1341,0,0,0,1358
10/26/2007,MSP,MN,AGL,CE,Towers with Radar,804,446,42,11,1303,0,0,2,0,2,804,451,44,11,1310,0,0,0,1328
10/27/2007,MSP,MN,AGL,CE,Towers with Radar,674,346,18,8,1046,0,0,6,0,6,674,357,24,8,1063,0,0,0,1076
10/28/2007,MSP,MN,AGL,CE,Towers with Radar,703,383,22,3,1111,0,0,3,0,3,703,396,25,3,1127,0,0,0,1155
10/29/2007,MSP,MN,AGL,CE,Towers with Radar,790,434,54,12,1290,0,0,11,0,11,790,439,65,12,1306,0,0,0,1321
10/30/2007,MSP,MN,AGL,CE,Towers with Radar,799,439,73,10,1321,0,0,6,1,7,799,452,79,11,1341,0,0,0,1375
10/31/2007,MSP,MN,AGL,CE,Towers with Radar,788,444,43,8,1283,0,0,8,0,8,788,454,51,8,1301,0,0,0,1315
11/01/2007,MSP,MN,AGL,CE,Towers with Radar,804,450,70,11,1335,0,0,7,0,7,804,460,77,11,1352,0,0,0,1375
11/02/2007,MSP,MN,AGL,CE,Towers with Radar,809,453,59,9,1330,0,0,4,3,7,809,458,63,12,1342,0,0,0,1354
11/03/2007,MSP,MN,AGL,CE,Towers with Radar,667,350,3,6,1026,0,0,3,1,4,667,351,6,7,1031,0,0,0,1037
11/04/2007,MSP,MN,AGL,CE,Towers with Radar,719,376,27,8,1130,0,0,5,0,5,721,385,32,8,1146,0,0,0,1156
11/05/2007,MSP,MN,AGL,CE,Towers with Radar,794,423,59,13,1289,0,0,8,2,10,795,434,67,15,1311,0,0,0,1319
11/06/2007,MSP,MN,AGL,CE,Towers with Radar,801,439,53,18,1311,0,0,1,0,1,801,445,54,18,1318,0,0,0,1338
11/07/2007,MSP,MN,AGL,CE,Towers with Radar,824,450,70,18,1362,0,0,6,0,6,825,458,76,18,1377,0,0,0,1394
11/08/2007,MSP,MN,AGL,CE,Towers with Radar,811,450,62,8,1331,0,0,3,2,5,811,460,65,10,1346,0,0,0,1366
11/09/2007,MSP,MN,AGL,CE,Towers with Radar,817,435,35,1,1288,0,0,5,0,5,817,450,40,1,1308,0,0,0,1313
11/10/2007,MSP,MN,AGL,CE,Towers with Radar,712,362,10,1,1085,0,0,1,0,1,712,371,11,1,1095,0,0,0,1103
11/11/2007,MSP,MN,AGL,CE,Towers with Radar,713,368,35,1,1117,0,0,0,0,0,713,377,35,1,1126,0,0,0,1131
11/12/2007,MSP,MN,AGL,CE,Towers with Radar,787,428,63,0,1278,0,0,4,0,4,787,434,67,0,1288,0,0,0,1300
11/13/2007,MSP,MN,AGL,CE,Towers with Radar,812,429,56,18,1315,0,0,2,0,2,813,443,58,18,1332,0,0,0,1345
11/14/2007,MSP,MN,AGL,CE,Towers with Radar,809,451,76,12,1348,0,0,2,0,2,810,463,78,12,1363,0,0,0,1380
11/15/2007,MSP,MN,AGL,CE,Towers with Radar,821,439,70,6,1336,0,0,9,0,9,821,452,79,6,1358,0,0,0,1371
11/16/2007,MSP,MN,AGL,CE,Towers with Radar,833,419,61,4,1317,0,0,4,0,4,833,427,65,4,1329,0,0,0,1348
11/17/2007,MSP,MN,AGL,CE,Towers with Radar,729,360,17,9,1115,0,0,1,0,1,729,370,18,9,1126,0,0,0,1135
11/18/2007,MSP,MN,AGL,CE,Towers with Radar,736,376,17,23,1152,0,0,0,0,0,738,376,17,23,1154,0,0,0,1166
11/19/2007,MSP,MN,AGL,CE,Towers with Radar,785,411,58,9,1263,0,0,0,0,0,788,411,58,9,1266,0,0,0,1266
11/20/2007,MSP,MN,AGL,CE,Towers with Radar,824,448,49,20,1341,0,0,2,0,2,827,453,51,20,1351,0,0,0,1364
11/21/2007,MSP,MN,AGL,CE,Towers with Radar,828,427,24,8,1287,0,0,2,0,2,828,439,26,8,1301,0,0,0,1313
11/22/2007,MSP,MN,AGL,CE,Towers with Radar,589,274,6,1,870,0,0,0,0,0,589,279,6,1,875,0,0,0,878
11/23/2007,MSP,MN,AGL,CE,Towers with Radar,623,312,11,4,950,0,0,0,0,0,623,339,11,4,977,0,0,0,985
11/24/2007,MSP,MN,AGL,CE,Towers with Radar,710,348,7,2,1067,0,0,0,0,0,710,351,7,2,1070,0,0,0,1074
11/25/2007,MSP,MN,AGL,CE,Towers with Radar,759,389,27,3,1178,0,0,0,0,0,759,398,27,3,1187,0,0,0,1200
11/26/2007,MSP,MN,AGL,CE,Towers with Radar,805,410,49,3,1267,0,0,1,0,1,805,423,50,3,1281,0,0,0,1295
11/27/2007,MSP,MN,AGL,CE,Towers with Radar,823,432,43,17,1315,0,0,2,2,4,823,436,45,19,1323,0,0,0,1338
11/28/2007,MSP,MN,AGL,CE,Towers with Radar,819,440,77,13,1349,0,0,5,0,5,819,450,82,13,1364,0,0,0,1371
11/29/2007,MSP,MN,AGL,CE,Towers with Radar,843,436,67,14,1360,0,0,1,0,1,843,443,68,14,1368,0,0,0,1377
11/30/2007,MSP,MN,AGL,CE,Towers with Radar,818,428,48,12,1306,0,0,0,0,0,818,432,48,12,1310,0,0,0,1321
12/01/2007,MSP,MN,AGL,CE,Towers with Radar,542,196,10,3,751,0,0,2,0,2,544,197,12,3,756,0,0,0,760
12/02/2007,MSP,MN,AGL,CE,Towers with Radar,665,310,31,6,1012,0,0,1,0,1,669,310,32,6,1017,0,0,0,1024
12/03/2007,MSP,MN,AGL,CE,Towers with Radar,792,416,70,7,1285,0,1,1,1,3,792,424,71,8,1295,0,0,0,1314
12/04/2007,MSP,MN,AGL,CE,Towers with Radar,767,381,58,7,1213,0,0,0,1,1,769,386,58,8,1221,0,0,0,1225
12/05/2007,MSP,MN,AGL,CE,Towers with Radar,833,451,74,15,1373,0,0,2,1,3,833,462,76,16,1387,0,0,0,1396
12/06/2007,MSP,MN,AGL,CE,Towers with Radar,800,408,55,16,1279,0,0,9,0,9,800,419,64,16,1299,0,0,0,1311
12/07/2007,MSP,MN,AGL,CE,Towers with Radar,834,451,56,12,1353,0,0,15,0,15,834,463,71,12,1380,0,0,0,1395
12/08/2007,MSP,MN,AGL,CE,Towers with Radar,593,286,13,1,893,0,0,1,0,1,593,295,14,1,903,0,0,0,914
12/09/2007,MSP,MN,AGL,CE,Towers with Radar,647,328,23,1,999,0,0,0,0,0,647,334,23,1,1005,0,0,0,1024
12/10/2007,MSP,MN,AGL,CE,Towers with Radar,783,399,55,6,1243,0,0,1,1,2,783,410,56,7,1256,0,0,0,1271
12/11/2007,MSP,MN,AGL,CE,Towers with Radar,777,399,58,13,1247,0,1,4,2,7,777,404,62,15,1258,0,0,0,1272
12/12/2007,MSP,MN,AGL,CE,Towers with Radar,819,436,75,10,1340,0,0,5,0,5,820,444,80,10,1354,0,0,0,1374
12/13/2007,MSP,MN,AGL,CE,Towers with Radar,789,433,54,17,1293,0,0,3,0,3,789,438,57,17,1301,0,0,0,1311
12/14/2007,MSP,MN,AGL,CE,Towers with Radar,815,431,40,10,1296,0,0,4,1,5,815,440,44,11,1310,0,0,0,1333
12/15/2007,MSP,MN,AGL,CE,Towers with Radar,602,284,17,5,908,0,0,0,3,3,602,293,17,8,920,0,0,0,931
12/16/2007,MSP,MN,AGL,CE,Towers with Radar,666,314,18,4,1002,0,0,0,0,0,667,322,18,4,1011,0,0,0,1022
12/17/2007,MSP,MN,AGL,CE,Towers with Radar,795,423,55,14,1287,0,0,2,0,2,795,436,57,14,1302,0,0,0,1320
12/18/2007,MSP,MN,AGL,CE,Towers with Radar,833,425,61,10,1329,0,1,0,0,1,833,431,61,10,1335,0,0,0,1338
12/19/2007,MSP,MN,AGL,CE,Towers with Radar,832,448,74,15,1369,0,0,0,0,0,836,448,74,15,1373,0,0,0,1373
12/20/2007,MSP,MN,AGL,CE,Towers with Radar,878,432,55,14,1379,0,0,0,0,0,885,442,55,14,1396,0,0,0,1401
12/21/2007,MSP,MN,AGL,CE,Towers with Radar,873,392,26,3,1294,0,0,0,0,0,876,395,26,3,1300,0,0,0,1300
12/22/2007,MSP,MN,AGL,CE,Towers with Radar,808,341,19,0,1168,1,0,0,0,1,810,345,19,0,1174,0,0,0,1183
12/23/2007,MSP,MN,AGL,CE,Towers with Radar,674,199,15,0,888,0,0,0,0,0,676,202,15,0,893,0,0,0,895
12/24/2007,MSP,MN,AGL,CE,Towers with Radar,849,380,12,0,1241,0,0,2,0,2,849,386,14,0,1249,0,0,0,1258
12/25/2007,MSP,MN,AGL,CE,Towers with Radar,705,340,4,0,1049,0,0,0,0,0,706,341,4,0,1051,0,0,0,1053
12/26/2007,MSP,MN,AGL,CE,Towers with Radar,858,419,27,0,1304,0,0,0,0,0,859,423,27,0,1309,0,0,0,1315
12/27/2007,MSP,MN,AGL,CE,Towers with Radar,868,442,40,4,1354,0,0,0,0,0,868,447,40,4,1359,0,0,0,1366
12/28/2007,MSP,MN,AGL,CE,Towers with Radar,838,407,14,1,1260,0,0,0,0,0,840,408,14,1,1263,0,0,0,1266
12/29/2007,MSP,MN,AGL,CE,Towers with Radar,805,384,8,1,1198,0,0,0,0,0,807,384,8,1,1200,0,0,0,1204
12/30/2007,MSP,MN,AGL,CE,Towers with Radar,793,381,16,0,1190,0,0,0,0,0,795,386,16,0,1197,0,0,0,1199
12/31/2007,MSP,MN,AGL,CE,Towers with Radar,796,376,4,1,1177,0,0,0,0,0,799,382,4,1,1186,0,0,0,1189
01/01/2008,MSP,MN,AGL,CE,Towers with Radar,813,371,9,0,1193,0,0,1,0,1,813,384,10,0,1207,0,0,0,1212
01/02/2008,MSP,MN,AGL,CE,Towers with Radar,843,415,23,8,1289,0,0,2,0,2,843,419,25,8,1295,0,0,0,1317
01/03/2008,MSP,MN,AGL,CE,Towers with Radar,872,401,25,20,1318,0,1,2,0,3,872,411,27,20,1330,0,0,0,1344
01/04/2008,MSP,MN,AGL,CE,Towers with Radar,859,430,53,6,1348,0,0,1,0,1,859,441,54,6,1360,0,0,0,1383
01/05/2008,MSP,MN,AGL,CE,Towers with Radar,784,382,15,11,1192,0,0,0,0,0,788,383,15,11,1197,0,0,0,1201
01/06/2008,MSP,MN,AGL,CE,Towers with Radar,767,324,21,14,1126,0,0,0,0,0,768,328,21,14,1131,0,0,0,1134
01/07/2008,MSP,MN,AGL,CE,Towers with Radar,769,399,40,0,1208,0,0,0,0,0,769,402,40,0,1211,0,0,0,1226
01/08/2008,MSP,MN,AGL,CE,Towers with Radar,785,420,54,12,1271,0,0,1,1,2,786,422,55,13,1276,0,0,0,1282
01/09/2008,MSP,MN,AGL,CE,Towers with Radar,801,434,79,12,1326,0,0,1,0,1,801,440,80,12,1333,0,0,0,1347
01/10/2008,MSP,MN,AGL,CE,Towers with Radar,789,431,80,16,1316,0,1,1,0,2,789,438,81,16,1324,0,0,0,1327
01/11/2008,MSP,MN,AGL,CE,Towers with Radar,781,425,45,5,1256,0,0,0,0,0,787,427,45,5,1264,0,0,0,1272
01/12/2008,MSP,MN,AGL,CE,Towers with Radar,696,374,23,10,1103,0,0,0,0,0,696,379,23,10,1108,0,0,0,1113
01/13/2008,MSP,MN,AGL,CE,Towers with Radar,702,369,25,0,1096,0,0,0,0,0,702,370,25,0,1097,0,0,0,1109
01/14/2008,MSP,MN,AGL,CE,Towers with Radar,748,406,38,8,1200,0,0,1,0,1,750,416,39,8,1213,0,0,0,1223
01/15/2008,MSP,MN,AGL,CE,Towers with Radar,784,435,43,20,1282,0,0,8,1,9,784,442,51,21,1298,0,0,0,1307
01/16/2008,MSP,MN,AGL,CE,Towers with Radar,780,420,55,15,1270,0,0,3,0,3,780,423,58,15,1276,0,0,0,1283
01/17/2008,MSP,MN,AGL,CE,Towers with Radar,764,419,63,22,1268,0,1,2,0,3,764,438,65,22,1289,0,0,0,1306
01/18/2008,MSP,MN,AGL,CE,Towers with Radar,793,433,68,4,1298,0,0,2,0,2,793,455,70,4,1322,0,0,0,1335
01/19/2008,MSP,MN,AGL,CE,Towers with Radar,669,342,19,2,1032,0,0,0,3,3,669,353,19,5,1046,0,0,0,1048
01/20/2008,MSP,MN,AGL,CE,Towers with Radar,699,348,10,3,1060,0,0,2,0,2,700,352,12,3,1067,0,0,0,1087
01/21/2008,MSP,MN,AGL,CE,Towers with Radar,722,379,39,0,1140,0,1,0,0,1,725,382,39,0,1146,0,0,0,1148
01/22/2008,MSP,MN,AGL,CE,Towers with Radar,779,395,61,5,1240,0,0,2,0,2,783,400,63,5,1251,0,0,0,1261
01/23/2008,MSP,MN,AGL,CE,Towers with Radar,781,423,59,10,1273,0,1,6,1,8,781,427,65,11,1284,0,0,0,1295
01/24/2008,MSP,MN,AGL,CE,Towers with Radar,800,430,51,14,1295,0,0,2,0,2,800,436,53,14,1303,0,0,0,1316
01/25/2008,MSP,MN,AGL,CE,Towers with Radar,769,425,45,3,1242,0,0,3,4,7,770,436,48,7,1261,0,0,0,1265
01/26/2008,MSP,MN,AGL,CE,Towers with Radar,683,359,16,4,1062,0,0,0,0,0,685,359,16,4,1064,0,0,0,1071
01/27/2008,MSP,MN,AGL,CE,Towers with Radar,696,358,24,4,1082,0,0,1,0,1,696,364,25,4,1089,0,0,0,1103
01/28/2008,MSP,MN,AGL,CE,Towers with Radar,773,418,47,4,1242,0,0,0,2,2,773,425,47,6,1251,0,0,0,1262
01/29/2008,MSP,MN,AGL,CE,Towers with Radar,757,401,43,12,1213,0,0,0,0,0,757,404,43,12,1216,0,0,0,1225
01/30/2008,MSP,MN,AGL,CE,Towers with Radar,809,406,71,3,1289,0,0,1,0,1,809,411,72,3,1295,0,0,0,1310
01/31/2008,MSP,MN,AGL,CE,Towers with Radar,762,425,63,15,1265,0,0,4,1,5,762,428,67,16,1273,0,0,0,1293
02/01/2008,MSP,MN,AGL,CE,Towers with Radar,774,416,56,10,1256,0,0,2,0,2,774,429,58,10,1271,0,0,0,1287
02/02/2008,MSP,MN,AGL,CE,Towers with Radar,680,362,7,3,1052,0,0,0,0,0,680,366,7,3,1056,0,0,0,1067
02/03/2008,MSP,MN,AGL,CE,Towers with Radar,682,348,18,7,1055,0,0,0,0,0,682,357,18,7,1064,0,0,0,1069
02/04/2008,MSP,MN,AGL,CE,Towers with Radar,713,360,56,0,1129,0,0,0,0,0,715,360,56,0,1131,0,0,0,1133
02/05/2008,MSP,MN,AGL,CE,Towers with Radar,773,442,47,11,1273,0,0,0,0,0,774,449,47,11,1281,0,0,0,1306
02/06/2008,MSP,MN,AGL,CE,Towers with Radar,740,411,59,10,1220,0,1,4,0,5,740,420,63,10,1233,0,0,0,1244
02/07/2008,MSP,MN,AGL,CE,Towers with Radar,781,442,73,11,1307,0,0,0,0,0,781,444,73,11,1309,0,0,0,1312
02/08/2008,MSP,MN,AGL,CE,Towers with Radar,776,419,50,10,1255,0,0,0,0,0,782,425,50,10,1267,0,0,0,1269
02/09/2008,MSP,MN,AGL,CE,Towers with Radar,674,356,13,5,1048,0,0,0,0,0,675,361,13,5,1054,0,0,0,1058
02/10/2008,MSP,MN,AGL,CE,Towers with Radar,700,327,18,2,1047,0,0,4,0,4,700,331,22,2,1055,0,0,0,1067
02/11/2008,MSP,MN,AGL,CE,Towers with Radar,763,394,47,9,1213,0,0,1,0,1,764,409,48,9,1230,0,0,0,1244
02/12/2008,MSP,MN,AGL,CE,Towers with Radar,760,432,42,14,1248,0,0,7,0,7,761,433,49,14,1257,0,0,0,1263
02/13/2008,MSP,MN,AGL,CE,Towers with Radar,762,420,64,14,1260,0,1,2,0,3,762,429,66,14,1271,0,0,0,1283
02/14/2008,MSP,MN,AGL,CE,Towers with Radar,853,424,63,11,1351,0,0,0,0,0,855,426,63,11,1355,0,0,0,1367
02/15/2008,MSP,MN,AGL,CE,Towers with Radar,855,389,42,3,1289,0,1,1,0,2,855,397,43,3,1298,0,0,0,1320
02/16/2008,MSP,MN,AGL,CE,Towers with Radar,753,357,13,4,1127,0,0,1,0,1,753,364,14,4,1135,0,0,0,1153
02/17/2008,MSP,MN,AGL,CE,Towers with Radar,749,285,17,2,1053,0,0,0,0,0,751,292,17,2,1062,0,0,0,1070
02/18/2008,MSP,MN,AGL,CE,Towers with Radar,822,403,47,3,1275,0,0,3,0,3,823,407,50,3,1283,0,0,0,1289
02/19/2008,MSP,MN,AGL,CE,Towers with Radar,841,395,38,9,1283,0,0,0,1,1,841,401,38,10,1290,0,0,0,1300
02/20/2008,MSP,MN,AGL,CE,Towers with Radar,871,428,62,15,1376,0,1,3,0,4,871,437,65,15,1388,0,0,0,1400
02/21/2008,MSP,MN,AGL,CE,Towers with Radar,844,401,47,17,1309,0,0,3,0,3,844,407,50,17,1318,0,0,0,1346
02/22/2008,MSP,MN,AGL,CE,Towers with Radar,830,394,55,5,1284,0,2,3,0,5,830,417,58,5,1310,0,0,0,1333
02/23/2008,MSP,MN,AGL,CE,Towers with Radar,750,359,29,2,1140,0,0,1,0,1,751,359,30,2,1142,0,0,0,1152
02/24/2008,MSP,MN,AGL,CE,Towers with Radar,789,358,39,4,1190,0,1,2,0,3,789,360,41,4,1194,0,0,0,1197
02/25/2008,MSP,MN,AGL,CE,Towers with Radar,808,366,42,5,1221,0,0,0,0,0,809,369,42,5,1225,0,0,0,1231
02/26/2008,MSP,MN,AGL,CE,Towers with Radar,836,424,56,13,1329,0,0,3,0,3,836,429,59,13,1337,0,0,0,1343
02/27/2008,MSP,MN,AGL,CE,Towers with Radar,865,432,54,6,1357,0,0,1,0,1,865,447,55,6,1373,0,0,0,1382
02/28/2008,MSP,MN,AGL,CE,Towers with Radar,784,353,55,11,1203,0,1,0,0,1,787,358,55,11,1211,0,0,0,1218
02/29/2008,MSP,MN,AGL,CE,Towers with Radar,904,423,45,6,1378,0,0,4,0,4,904,424,49,6,1383,0,0,0,1397
03/01/2008,MSP,MN,AGL,CE,Towers with Radar,756,355,24,6,1141,0,0,2,0,2,757,361,26,6,1150,0,0,0,1166
03/02/2008,MSP,MN,AGL,CE,Towers with Radar,770,323,32,6,1131,0,0,0,0,0,783,330,32,6,1151,0,0,0,1153
03/03/2008,MSP,MN,AGL,CE,Towers with Radar,848,408,44,0,1300,0,0,0,0,0,848,420,44,0,1312,0,0,0,1323
03/04/2008,MSP,MN,AGL,CE,Towers with Radar,831,403,51,14,1299,0,1,2,0,3,831,414,53,14,1312,0,0,0,1334
03/05/2008,MSP,MN,AGL,CE,Towers with Radar,869,422,56,13,1360,0,0,1,0,1,871,428,57,13,1369,0,0,0,1371
03/06/2008,MSP,MN,AGL,CE,Towers with Radar,853,422,45,17,1337,0,0,0,0,0,854,428,45,17,1344,0,0,0,1358
03/07/2008,MSP,MN,AGL,CE,Towers with Radar,854,398,51,6,1309,0,0,3,0,3,855,402,54,6,1317,0,0,0,1327
03/08/2008,MSP,MN,AGL,CE,Towers with Radar,727,299,15,0,1041,0,0,0,0,0,727,305,15,0,1047,0,0,0,1063
03/09/2008,MSP,MN,AGL,CE,Towers with Radar,803,352,24,3,1182,0,0,1,0,1,804,355,25,3,1187,0,0,0,1195
03/10/2008,MSP,MN,AGL,CE,Towers with Radar,843,409,66,9,1327,0,0,3,0,3,843,418,69,9,1339,0,0,0,1354
03/11/2008,MSP,MN,AGL,CE,Towers with Radar,836,428,59,16,1339,0,0,3,0,3,836,430,62,16,1344,0,0,0,1352
03/12/2008,MSP,MN,AGL,CE,Towers with Radar,857,428,56,16,1357,0,0,4,0,4,857,438,60,16,1371,0,0,0,1391
03/13/2008,MSP,MN,AGL,CE,Towers with Radar,878,426,52,16,1372,0,0,5,0,5,878,436,57,16,1387,0,0,0,1391
03/14/2008,MSP,MN,AGL,CE,Towers with Radar,875,434,45,6,1360,0,0,1,0,1,876,436,46,6,1364,0,0,0,1371
03/15/2008,MSP,MN,AGL,CE,Towers with Radar,770,351,14,8,1143,0,0,4,0,4,770,360,18,8,1156,0,0,0,1167
03/16/2008,MSP,MN,AGL,CE,Towers with Radar,786,353,26,5,1170,0,0,5,0,5,792,369,31,5,1197,0,0,0,1216
03/17/2008,MSP,MN,AGL,CE,Towers with Radar,823,407,38,7,1275,0,0,0,2,2,825,411,38,9,1283,0,0,0,1286
03/18/2008,MSP,MN,AGL,CE,Towers with Radar,861,408,34,15,1318,0,0,1,0,1,863,408,35,15,1321,0,0,0,1325
03/19/2008,MSP,MN,AGL,CE,Towers with Radar,865,424,48,14,1351,0,1,1,1,3,865,431,49,15,1360,0,0,0,1374
03/20/2008,MSP,MN,AGL,CE,Towers with Radar,876,430,45,14,1365,0,0,1,0,1,876,439,46,14,1375,0,0,0,1394
03/21/2008,MSP,MN,AGL,CE,Towers with Radar,804,353,21,1,1179,0,0,0,0,0,807,358,21,1,1187,0,0,0,1192
03/22/2008,MSP,MN,AGL,CE,Towers with Radar,779,345,24,1,1149,0,0,0,0,0,781,346,24,1,1152,0,0,0,1153
03/23/2008,MSP,MN,AGL,CE,Towers with Radar,801,362,12,0,1175,0,0,0,0,0,802,362,12,0,1176,0,0,0,1180
03/24/2008,MSP,MN,AGL,CE,Towers with Radar,840,405,43,8,1296,0,0,2,1,3,840,410,45,9,1304,0,0,0,1321
03/25/2008,MSP,MN,AGL,CE,Towers with Radar,848,423,57,20,1348,0,0,1,0,1,848,435,58,20,1361,0,0,0,1373
03/26/2008,MSP,MN,AGL,CE,Towers with Radar,845,424,45,8,1322,0,0,3,0,3,847,434,48,8,1337,0,0,0,1355
03/27/2008,MSP,MN,AGL,CE,Towers with Radar,849,435,49,17,1350,0,0,9,0,9,849,440,58,17,1364,0,0,0,1382
03/28/2008,MSP,MN,AGL,CE,Towers with Radar,860,416,35,5,1316,0,0,1,1,2,860,422,36,6,1324,0,0,0,1344
03/29/2008,MSP,MN,AGL,CE,Towers with Radar,772,360,19,5,1156,0,0,0,0,0,772,368,19,5,1164,0,0,0,1177
03/30/2008,MSP,MN,AGL,CE,Towers with Radar,807,353,20,4,1184,0,0,1,0,1,807,358,21,4,1190,0,0,0,1204
03/31/2008,MSP,MN,AGL,CE,Towers with Radar,713,266,32,10,1021,0,1,0,0,1,715,273,32,10,1030,0,0,0,1033
04/01/2008,MSP,MN,AGL,CE,Towers with Radar,918,447,39,11,1415,0,0,3,0,3,918,453,42,11,1424,0,0,0,1433
04/02/2008,MSP,MN,AGL,CE,Towers with Radar,866,418,42,7,1333,0,0,0,0,0,866,421,42,7,1336,0,0,0,1359
04/03/2008,MSP,MN,AGL,CE,Towers with Radar,872,418,46,11,1347,0,0,1,0,1,872,434,47,11,1364,0,0,0,1395
04/04/2008,MSP,MN,AGL,CE,Towers with Radar,858,420,42,11,1331,0,0,1,1,2,859,433,43,12,1347,0,0,0,1363
04/05/2008,MSP,MN,AGL,CE,Towers with Radar,756,348,17,9,1130,0,0,0,0,0,756,354,17,9,1136,0,0,0,1149
04/06/2008,MSP,MN,AGL,CE,Towers with Radar,779,365,10,7,1161,0,1,0,2,3,789,368,10,9,1176,0,0,0,1181
04/07/2008,MSP,MN,AGL,CE,Towers with Radar,841,414,45,2,1302,0,0,0,0,0,843,418,45,2,1308,0,0,0,1318
04/08/2008,MSP,MN,AGL,CE,Towers with Radar,814,421,59,14,1308,0,0,1,0,1,815,424,60,14,1313,0,0,0,1320
04/09/2008,MSP,MN,AGL,CE,Towers with Radar,813,423,68,16,1320,0,0,1,0,1,815,434,69,16,1334,0,0,0,1342
04/10/2008,MSP,MN,AGL,CE,Towers with Radar,697,339,53,8,1097,0,0,1,0,1,701,342,54,8,1105,0,0,0,1117
04/11/2008,MSP,MN,AGL,CE,Towers with Radar,871,376,39,3,1289,0,0,0,0,0,875,376,39,3,1293,0,0,0,1297
04/12/2008,MSP,MN,AGL,CE,Towers with Radar,761,347,5,5,1118,0,0,0,0,0,762,350,5,5,1122,0,0,0,1124
04/13/2008,MSP,MN,AGL,CE,Towers with Radar,757,359,33,7,1156,0,1,0,0,1,757,369,33,7,1166,0,0,0,1178
04/14/2008,MSP,MN,AGL,CE,Towers with Radar,800,415,45,11,1271,1,0,1,0,2,801,421,46,11,1279,0,0,0,1314
04/15/2008,MSP,MN,AGL,CE,Towers with Radar,828,430,69,11,1338,0,0,1,0,1,829,439,70,11,1349,0,0,0,1359
04/16/2008,MSP,MN,AGL,CE,Towers with Radar,846,415,62,21,1344,0,0,4,0,4,846,419,66,21,1352,0,0,0,1365
04/17/2008,MSP,MN,AGL,CE,Towers with Radar,833,419,44,10,1306,0,0,0,0,0,834,429,44,10,1317,0,0,0,1338
04/18/2008,MSP,MN,AGL,CE,Towers with Radar,845,429,52,7,1333,0,0,3,0,3,845,436,55,7,1343,0,0,0,1365
04/19/2008,MSP,MN,AGL,CE,Towers with Radar,718,354,9,9,1090,0,0,1,0,1,719,363,10,9,1101,0,0,0,1103
04/20/2008,MSP,MN,AGL,CE,Towers with Radar,739,359,15,0,1113,0,0,2,0,2,739,365,17,0,1121,0,0,0,1139
04/21/2008,MSP,MN,AGL,CE,Towers with Radar,795,417,44,14,1270,0,0,1,0,1,795,425,45,14,1279,0,0,0,1298
04/22/2008,MSP,MN,AGL,CE,Towers with Radar,825,447,51,14,1337,0,0,5,0,5,825,452,56,14,1347,0,0,0,1358
04/23/2008,MSP,MN,AGL,CE,Towers with Radar,810,427,40,13,1290,0,0,6,0,6,810,434,46,13,1303,0,0,0,1322
04/24/2008,MSP,MN,AGL,CE,Towers with Radar,823,419,55,15,1312,0,0,0,0,0,823,423,55,15,1316,0,0,0,1322
04/25/2008,MSP,MN,AGL,CE,Towers with Radar,813,403,44,7,1267,0,0,0,0,0,819,405,44,7,1275,0,0,0,1279
04/26/2008,MSP,MN,AGL,CE,Towers with Radar,726,356,8,1,1091,0,0,0,0,0,727,358,8,1,1094,0,0,0,1099
04/27/2008,MSP,MN,AGL,CE,Towers with Radar,755,361,30,0,1146,0,0,3,0,3,755,372,33,0,1160,0,0,0,1164
04/28/2008,MSP,MN,AGL,CE,Towers with Radar,792,400,50,16,1258,0,0,2,0,2,792,411,52,16,1271,0,0,0,1290
04/29/2008,MSP,MN,AGL,CE,Towers with Radar,825,440,58,13,1336,0,0,5,0,5,825,449,63,13,1350,0,0,0,1377
04/30/2008,MSP,MN,AGL,CE,Towers with Radar,816,425,53,15,1309,0,0,7,0,7,816,435,60,15,1326,0,0,0,1359
05/01/2008,MSP,MN,AGL,CE,Towers with Radar,814,439,46,17,1316,0,0,2,0,2,815,451,48,17,1331,0,0,0,1353
05/02/2008,MSP,MN,AGL,CE,Towers with Radar,781,375,55,11,1222,0,0,0,0,0,787,376,55,11,1229,0,0,0,1229
05/03/2008,MSP,MN,AGL,CE,Towers with Radar,734,376,9,4,1123,0,0,0,0,0,736,381,9,4,1130,0,0,0,1138
05/04/2008,MSP,MN,AGL,CE,Towers with Radar,733,353,42,5,1133,0,0,0,0,0,733,366,42,5,1146,0,0,0,1157
05/05/2008,MSP,MN,AGL,CE,Towers with Radar,787,402,37,10,1236,0,0,5,0,5,789,419,42,10,1260,0,0,0,1286
05/06/2008,MSP,MN,AGL,CE,Towers with Radar,796,412,41,10,1259,0,0,2,0,2,796,420,43,10,1269,0,0,0,1290
05/07/2008,MSP,MN,AGL,CE,Towers with Radar,805,433,54,15,1307,0,0,4,0,4,805,439,58,15,1317,0,0,0,1334
05/08/2008,MSP,MN,AGL,CE,Towers with Radar,811,422,58,18,1309,0,0,4,0,4,811,431,62,18,1322,0,0,0,1346
05/09/2008,MSP,MN,AGL,CE,Towers with Radar,812,420,47,4,1283,0,0,4,0,4,812,429,51,4,1296,0,0,0,1312
05/10/2008,MSP,MN,AGL,CE,Towers with Radar,708,349,6,4,1067,0,0,0,0,0,709,355,6,4,1074,0,0,0,1084
05/11/2008,MSP,MN,AGL,CE,Towers with Radar,730,360,13,1,1104,0,0,2,0,2,730,367,15,1,1113,0,0,0,1123
05/12/2008,MSP,MN,AGL,CE,Towers with Radar,768,410,58,10,1246,0,0,5,0,5,772,422,63,10,1267,0,0,0,1290
05/13/2008,MSP,MN,AGL,CE,Towers with Radar,795,420,59,18,1292,0,0,0,0,0,796,422,59,18,1295,0,0,0,1308
05/14/2008,MSP,MN,AGL,CE,Towers with Radar,817,426,82,4,1329,0,0,7,0,7,818,426,89,4,1337,0,0,0,1366
05/15/2008,MSP,MN,AGL,CE,Towers with Radar,807,427,59,19,1312,0,0,4,0,4,807,433,63,19,1322,0,0,0,1342
05/16/2008,MSP,MN,AGL,CE,Towers with Radar,812,401,34,21,1268,0,1,4,3,8,812,408,38,24,1282,0,0,0,1298
05/17/2008,MSP,MN,AGL,CE,Towers with Radar,719,364,8,5,1096,0,0,1,2,3,721,373,9,7,1110,0,0,0,1129
05/18/2008,MSP,MN,AGL,CE,Towers with Radar,735,363,27,4,1129,0,0,0,2,2,735,367,27,6,1135,0,0,0,1152
05/19/2008,MSP,MN,AGL,CE,Towers with Radar,787,407,54,5,1253,0,0,3,0,3,787,413,57,5,1262,0,0,0,1277
05/20/2008,MSP,MN,AGL,CE,Towers with Radar,802,432,48,14,1296,0,0,2,0,2,802,438,50,14,1304,0,0,0,1309
05/21/2008,MSP,MN,AGL,CE,Towers with Radar,814,423,54,16,1307,0,0,3,0,3,814,433,57,16,1320,0,0,0,1337
05/22/2008,MSP,MN,AGL,CE,Towers with Radar,806,434,59,18,1317,0,1,1,0,2,806,448,60,18,1332,0,0,0,1374
05/23/2008,MSP,MN,AGL,CE,Towers with Radar,810,408,39,9,1266,0,0,2,0,2,810,411,41,9,1271,0,0,0,1293
05/24/2008,MSP,MN,AGL,CE,Towers with Radar,718,338,14,0,1070,0,0,1,0,1,718,347,15,0,1080,0,0,0,1103
05/25/2008,MSP,MN,AGL,CE,Towers with Radar,676,294,5,2,977,0,0,1,0,1,678,310,6,2,996,0,0,0,1004
05/26/2008,MSP,MN,AGL,CE,Towers with Radar,733,366,18,0,1117,0,0,3,0,3,733,372,21,0,1126,0,0,0,1138
05/27/2008,MSP,MN,AGL,CE,Towers with Radar,771,419,46,1,1237,0,0,1,0,1,771,434,47,1,1253,0,0,0,1269
05/28/2008,MSP,MN,AGL,CE,Towers with Radar,833,442,57,16,1348,0,0,2,0,2,834,453,59,16,1362,0,0,0,1379
05/29/2008,MSP,MN,AGL,CE,Towers with Radar,794,426,44,8,1272,0,0,1,0,1,795,437,45,8,1285,0,0,0,1295
05/30/2008,MSP,MN,AGL,CE,Towers with Radar,823,428,40,9,1300,0,0,1,0,1,823,431,41,9,1304,0,0,0,1308
05/31/2008,MSP,MN,AGL,CE,Towers with Radar,706,346,9,3,1064,0,0,1,0,1,706,351,10,3,1070,0,0,0,1080
06/01/2008,MSP,MN,AGL,CE,Towers with Radar,746,374,21,1,1142,0,0,2,0,2,747,378,23,1,1149,0,0,0,1163
06/02/2008,MSP,MN,AGL,CE,Towers with Radar,789,414,42,2,1247,0,0,2,1,3,789,422,44,3,1258,0,0,0,1275
06/03/2008,MSP,MN,AGL,CE,Towers with Radar,808,444,87,10,1349,0,0,0,0,0,808,456,87,10,1361,0,0,0,1376
06/04/2008,MSP,MN,AGL,CE,Towers with Radar,816,446,62,18,1342,0,0,1,1,2,816,446,63,19,1344,0,0,0,1354
06/05/2008,MSP,MN,AGL,CE,Towers with Radar,774,351,51,5,1181,0,0,0,0,0,775,361,51,5,1192,0,0,0,1201
06/06/2008,MSP,MN,AGL,CE,Towers with Radar,896,406,37,14,1353,0,1,0,0,1,899,413,37,14,1363,0,0,0,1369
06/07/2008,MSP,MN,AGL,CE,Towers with Radar,831,346,12,7,1196,0,0,2,0,2,831,350,14,7,1202,0,0,0,1227
06/08/2008,MSP,MN,AGL,CE,Towers with Radar,760,330,16,9,1115,0,0,1,0,1,760,337,17,9,1123,0,0,0,1132
06/09/2008,MSP,MN,AGL,CE,Towers with Radar,880,392,76,9,1357,0,0,8,0,8,881,395,84,9,1369,0,0,0,1387
06/10/2008,MSP,MN,AGL,CE,Towers with Radar,852,417,53,8,1330,0,1,4,0,5,852,432,57,8,1349,0,0,0,1369
06/11/2008,MSP,MN,AGL,CE,Towers with Radar,841,407,63,2,1313,0,0,0,0,0,842,410,63,2,1317,0,0,0,1326
06/12/2008,MSP,MN,AGL,CE,Towers with Radar,897,442,60,5,1404,0,0,5,0,5,900,452,65,5,1422,0,0,0,1438
06/13/2008,MSP,MN,AGL,CE,Towers with Radar,848,431,45,6,1330,0,0,3,0,3,848,437,48,6,1339,0,0,0,1364
06/14/2008,MSP,MN,AGL,CE,Towers with Radar,788,348,15,6,1157,0,0,0,0,0,789,353,15,6,1163,0,0,0,1177
06/15/2008,MSP,MN,AGL,CE,Towers with Radar,821,349,33,5,1208,0,0,4,0,4,822,357,37,5,1221,0,0,0,1231
06/16/2008,MSP,MN,AGL,CE,Towers with Radar,835,404,56,6,1301,0,0,1,0,1,836,407,57,6,1306,0,0,0,1321
06/17/2008,MSP,MN,AGL,CE,Towers with Radar,887,420,64,12,1383,0,1,0,0,1,887,428,64,12,1391,0,0,0,1408
06/18/2008,MSP,MN,AGL,CE,Towers with Radar,875,432,46,22,1375,0,1,3,2,6,875,443,49,24,1391,0,0,0,1422
06/19/2008,MSP,MN,AGL,CE,Towers with Radar,880,416,73,16,1385,0,0,3,0,3,880,425,76,16,1397,0,0,0,1421
06/20/2008,MSP,MN,AGL,CE,Towers with Radar,880,418,38,14,1350,0,0,2,0,2,880,423,40,14,1357,0,0,0,1382
06/21/2008,MSP,MN,AGL,CE,Towers with Radar,799,350,5,11,1165,0,0,0,0,0,799,353,5,11,1168,0,0,0,1173
06/22/2008,MSP,MN,AGL,CE,Towers with Radar,807,346,43,6,1202,0,0,1,0,1,807,357,44,6,1214,0,0,0,1222
06/23/2008,MSP,MN,AGL,CE,Towers with Radar,861,392,47,10,1310,0,0,0,0,0,862,396,47,10,1315,0,0,0,1330
06/24/2008,MSP,MN,AGL,CE,Towers with Radar,889,426,86,9,1410,0,1,3,0,4,889,429,89,9,1416,0,0,0,1435
06/25/2008,MSP,MN,AGL,CE,Towers with Radar,894,424,62,10,1390,0,2,0,1,3,894,436,62,11,1403,0,0,0,1422
06/26/2008,MSP,MN,AGL,CE,Towers with Radar,875,426,61,9,1371,0,3,0,2,5,875,436,61,11,1383,0,0,0,1409
06/27/2008,MSP,MN,AGL,CE,Towers with Radar,879,406,45,10,1340,0,1,0,0,1,879,417,45,10,1351,0,0,0,1360
06/28/2008,MSP,MN,AGL,CE,Towers with Radar,794,355,15,1,1165,0,0,1,0,1,794,364,16,1,1175,0,0,0,1185
06/29/2008,MSP,MN,AGL,CE,Towers with Radar,790,344,22,3,1159,0,0,1,0,1,790,351,23,3,1167,0,0,0,1174
06/30/2008,MSP,MN,AGL,CE,Towers with Radar,856,382,34,8,1280,0,0,2,0,2,856,394,36,8,1294,0,0,0,1312
07/01/2008,MSP,MN,AGL,CE,Towers with Radar,885,406,52,8,1351,0,0,3,0,3,885,406,55,8,1354,0,0,0,1354
07/02/2008,MSP,MN,AGL,CE,Towers with Radar,854,419,45,11,1329,0,1,4,0,5,854,420,49,11,1334,0,0,0,1334
07/03/2008,MSP,MN,AGL,CE,Towers with Radar,865,406,30,0,1301,0,1,7,1,9,865,407,37,1,1310,0,0,0,1310
07/04/2008,MSP,MN,AGL,CE,Towers with Radar,690,278,8,1,977,0,0,2,0,2,690,278,10,1,979,0,0,0,979
07/05/2008,MSP,MN,AGL,CE,Towers with Radar,749,310,12,3,1074,0,0,0,0,0,749,310,12,3,1074,0,0,0,1074
07/06/2008,MSP,MN,AGL,CE,Towers with Radar,813,349,28,1,1191,0,0,3,0,3,813,349,31,1,1194,0,0,0,1194
07/07/2008,MSP,MN,AGL,CE,Towers with Radar,825,397,47,0,1269,1,0,5,0,6,826,397,52,0,1275,0,0,0,1275
07/08/2008,MSP,MN,AGL,CE,Towers with Radar,904,444,56,12,1416,0,0,3,1,4,904,444,59,13,1420,0,0,0,1420
07/09/2008,MSP,MN,AGL,CE,Towers with Radar,880,432,42,15,1369,0,1,6,0,7,880,433,48,15,1376,0,0,0,1376
07/10/2008,MSP,MN,AGL,CE,Towers with Radar,854,399,58,10,1321,0,0,0,0,0,854,399,58,10,1321,0,0,0,1321
07/11/2008,MSP,MN,AGL,CE,Towers with Radar,846,380,64,7,1297,0,1,5,0,6,846,381,69,7,1303,0,0,0,1303
07/12/2008,MSP,MN,AGL,CE,Towers with Radar,843,394,24,2,1263,0,0,1,0,1,843,394,25,2,1264,0,0,0,1264
07/13/2008,MSP,MN,AGL,CE,Towers with Radar,802,359,44,4,1209,1,0,7,0,8,803,359,51,4,1217,0,0,0,1217
07/14/2008,MSP,MN,AGL,CE,Towers with Radar,874,397,68,9,1348,0,1,12,0,13,874,398,80,9,1361,0,0,0,1361
07/15/2008,MSP,MN,AGL,CE,Towers with Radar,885,437,56,17,1395,0,2,4,0,6,885,439,60,17,1401,0,0,0,1401
07/16/2008,MSP,MN,AGL,CE,Towers with Radar,888,440,69,9,1406,0,1,0,0,1,888,441,69,9,1407,0,0,0,1407
07/17/2008,MSP,MN,AGL,CE,Towers with Radar,877,416,64,15,1372,0,0,2,0,2,877,416,66,15,1374,0,0,0,1374
07/18/2008,MSP,MN,AGL,CE,Towers with Radar,877,444,57,6,1384,0,0,0,0,0,877,444,57,6,1384,0,0,0,1384
07/19/2008,MSP,MN,AGL,CE,Towers with Radar,793,348,9,8,1158,1,0,2,1,4,794,348,11,9,1162,0,0,0,1162
07/20/2008,MSP,MN,AGL,CE,Towers with Radar,827,367,17,10,1221,0,0,1,0,1,827,367,18,10,1222,0,0,0,1222
07/21/2008,MSP,MN,AGL,CE,Towers with Radar,841,405,57,9,1312,0,0,12,0,12,841,405,69,9,1324,0,0,0,1324
07/22/2008,MSP,MN,AGL,CE,Towers with Radar,870,424,67,20,1381,0,1,6,2,9,870,425,73,22,1390,0,0,0,1390
07/23/2008,MSP,MN,AGL,CE,Towers with Radar,842,421,51,18,1332,0,0,2,0,2,842,421,53,18,1334,0,0,0,1334
07/24/2008,MSP,MN,AGL,CE,Towers with Radar,872,435,67,14,1388,0,0,3,0,3,872,435,70,14,1391,0,0,0,1391
07/25/2008,MSP,MN,AGL,CE,Towers with Radar,879,410,51,7,1347,0,2,3,0,5,879,412,54,7,1352,0,0,0,1352
07/26/2008,MSP,MN,AGL,CE,Towers with Radar,809,359,10,0,1178,0,0,1,0,1,809,359,11,0,1179,0,0,0,1179
07/27/2008,MSP,MN,AGL,CE,Towers with Radar,813,349,23,4,1189,0,0,0,0,0,813,349,23,4,1189,0,0,0,1189
07/28/2008,MSP,MN,AGL,CE,Towers with Radar,858,397,45,6,1306,0,0,1,0,1,858,397,46,6,1307,0,0,0,1307
07/29/2008,MSP,MN,AGL,CE,Towers with Radar,881,431,35,15,1362,0,0,1,0,1,881,431,36,15,1363,0,0,0,1363
07/30/2008,MSP,MN,AGL,CE,Towers with Radar,886,426,48,20,1380,0,0,1,1,2,886,426,49,21,1382,0,0,0,1382
07/31/2008,MSP,MN,AGL,CE,Towers with Radar,869,425,71,18,1383,0,0,0,0,0,869,425,71,18,1383,0,0,0,1383
08/01/2008,MSP,MN,AGL,CE,Towers with Radar,876,426,28,21,1351,0,0,2,0,2,876,426,30,21,1353,0,0,0,1353
08/02/2008,MSP,MN,AGL,CE,Towers with Radar,788,345,5,7,1145,0,0,2,0,2,788,345,7,7,1147,0,0,0,1147
08/03/2008,MSP,MN,AGL,CE,Towers with Radar,819,370,16,15,1220,0,0,2,0,2,819,370,18,15,1222,0,0,0,1222
08/04/2008,MSP,MN,AGL,CE,Towers with Radar,846,404,45,6,1301,0,0,1,0,1,846,404,46,6,1302,0,0,0,1302
08/05/2008,MSP,MN,AGL,CE,Towers with Radar,879,428,54,15,1376,0,0,3,0,3,879,428,57,15,1379,0,0,0,1379
08/06/2008,MSP,MN,AGL,CE,Towers with Radar,874,420,69,18,1381,0,0,3,1,4,874,420,72,19,1385,0,0,0,1385
08/07/2008,MSP,MN,AGL,CE,Towers with Radar,872,433,76,20,1401,0,4,3,0,7,872,437,79,20,1408,0,0,0,1408
08/08/2008,MSP,MN,AGL,CE,Towers with Radar,866,418,41,4,1329,0,0,2,0,2,866,418,43,4,1331,0,0,0,1331
08/09/2008,MSP,MN,AGL,CE,Towers with Radar,790,359,18,4,1171,0,1,3,0,4,790,360,21,4,1175,0,0,0,1175
08/10/2008,MSP,MN,AGL,CE,Towers with Radar,809,354,24,2,1189,0,0,0,0,0,809,354,24,2,1189,0,0,0,1189
08/11/2008,MSP,MN,AGL,CE,Towers with Radar,848,407,43,4,1302,0,0,0,2,2,848,407,43,6,1304,0,0,0,1304
08/12/2008,MSP,MN,AGL,CE,Towers with Radar,860,423,45,7,1335,0,2,0,0,2,860,425,45,7,1337,0,0,0,1337
08/13/2008,MSP,MN,AGL,CE,Towers with Radar,893,428,68,2,1391,0,0,7,0,7,893,428,75,2,1398,0,0,0,1398
08/14/2008,MSP,MN,AGL,CE,Towers with Radar,877,423,55,9,1364,0,0,3,0,3,877,423,58,9,1367,0,0,0,1367
08/15/2008,MSP,MN,AGL,CE,Towers with Radar,862,422,28,11,1323,0,0,1,0,1,862,422,29,11,1324,0,0,0,1324
08/16/2008,MSP,MN,AGL,CE,Towers with Radar,804,364,18,0,1186,0,0,0,0,0,804,364,18,0,1186,0,0,0,1186
08/17/2008,MSP,MN,AGL,CE,Towers with Radar,827,369,9,3,1208,0,1,2,0,3,827,370,11,3,1211,0,0,0,1211
08/18/2008,MSP,MN,AGL,CE,Towers with Radar,835,400,36,5,1276,0,0,6,0,6,835,400,42,5,1282,0,0,0,1282
08/19/2008,MSP,MN,AGL,CE,Towers with Radar,784,444,55,13,1296,0,0,1,0,1,784,444,56,13,1297,0,0,0,1297
08/20/2008,MSP,MN,AGL,CE,Towers with Radar,786,438,55,17,1296,0,0,5,0,5,786,438,60,17,1301,0,0,0,1301
08/21/2008,MSP,MN,AGL,CE,Towers with Radar,789,452,54,20,1315,0,0,2,0,2,789,452,56,20,1317,0,0,0,1317
08/22/2008,MSP,MN,AGL,CE,Towers with Radar,774,443,29,7,1253,0,0,0,0,0,774,443,29,7,1253,0,0,0,1253
08/23/2008,MSP,MN,AGL,CE,Towers with Radar,657,355,20,3,1035,0,0,0,0,0,657,355,20,3,1035,0,0,0,1035
08/24/2008,MSP,MN,AGL,CE,Towers with Radar,688,374,26,3,1091,0,0,2,0,2,688,374,28,3,1093,0,0,0,1093
08/25/2008,MSP,MN,AGL,CE,Towers with Radar,760,432,49,4,1245,0,0,15,0,15,760,432,64,4,1260,0,0,0,1260
08/26/2008,MSP,MN,AGL,CE,Towers with Radar,773,448,52,17,1290,0,0,14,0,14,773,448,66,17,1304,0,0,0,1304
08/27/2008,MSP,MN,AGL,CE,Towers with Radar,760,445,58,15,1278,0,0,12,0,12,760,445,70,15,1290,0,0,0,1290
08/28/2008,MSP,MN,AGL,CE,Towers with Radar,793,446,50,10,1299,0,0,1,1,2,793,446,51,11,1301,0,0,0,1301
08/29/2008,MSP,MN,AGL,CE,Towers with Radar,782,452,29,13,1276,0,0,8,1,9,782,452,37,14,1285,0,0,0,1285
08/30/2008,MSP,MN,AGL,CE,Towers with Radar,629,315,17,1,962,0,0,7,4,11,629,315,24,5,973,0,0,0,973
08/31/2008,MSP,MN,AGL,CE,Towers with Radar,616,312,44,5,977,0,1,0,2,3,616,313,44,7,980,0,0,0,980
09/01/2008,MSP,MN,AGL,CE,Towers with Radar,724,377,19,4,1124,0,0,0,0,0,724,377,19,4,1124,0,0,0,1124
09/02/2008,MSP,MN,AGL,CE,Towers with Radar,751,430,53,6,1240,0,0,2,8,10,751,430,55,14,1250,0,0,0,1250
09/03/2008,MSP,MN,AGL,CE,Towers with Radar,764,456,50,7,1277,0,0,3,2,5,764,456,53,9,1282,0,0,0,1282
09/04/2008,MSP,MN,AGL,CE,Towers with Radar,767,463,46,4,1280,0,0,3,0,3,767,463,49,4,1283,0,0,0,1283
09/05/2008,MSP,MN,AGL,CE,Towers with Radar,780,473,77,7,1337,0,0,3,0,3,780,473,80,7,1340,0,0,0,1340
09/06/2008,MSP,MN,AGL,CE,Towers with Radar,641,343,9,0,993,0,0,1,0,1,641,343,10,0,994,0,0,0,994
09/07/2008,MSP,MN,AGL,CE,Towers with Radar,696,368,23,8,1095,0,0,0,0,0,696,368,23,8,1095,0,0,0,1095
09/08/2008,MSP,MN,AGL,CE,Towers with Radar,727,443,59,5,1234,0,0,2,0,2,727,443,61,5,1236,0,0,0,1236
09/09/2008,MSP,MN,AGL,CE,Towers with Radar,744,452,65,13,1274,0,0,3,0,3,744,452,68,13,1277,0,0,0,1277
09/10/2008,MSP,MN,AGL,CE,Towers with Radar,751,461,67,9,1288,0,0,2,0,2,751,461,69,9,1290,0,0,0,1290
09/11/2008,MSP,MN,AGL,CE,Towers with Radar,762,452,54,15,1283,0,0,0,2,2,762,452,54,17,1285,0,0,0,1285
09/12/2008,MSP,MN,AGL,CE,Towers with Radar,748,439,39,4,1230,0,1,0,0,1,748,440,39,4,1231,0,0,0,1231
09/13/2008,MSP,MN,AGL,CE,Towers with Radar,635,353,13,1,1002,0,0,0,0,0,635,353,13,1,1002,0,0,0,1002
09/14/2008,MSP,MN,AGL,CE,Towers with Radar,655,358,33,5,1051,0,0,0,0,0,655,358,33,5,1051,0,0,0,1051
09/15/2008,MSP,MN,AGL,CE,Towers with Radar,745,434,55,11,1245,0,0,4,0,4,745,434,59,11,1249,0,0,0,1249
09/16/2008,MSP,MN,AGL,CE,Towers with Radar,754,437,48,7,1246,0,0,1,2,3,754,437,49,9,1249,0,0,0,1249
09/17/2008,MSP,MN,AGL,CE,Towers with Radar,752,449,68,13,1282,0,0,2,0,2,752,449,70,13,1284,0,0,0,1284
09/18/2008,MSP,MN,AGL,CE,Towers with Radar,752,470,46,11,1279,0,0,4,0,4,752,470,50,11,1283,0,0,0,1283
09/19/2008,MSP,MN,AGL,CE,Towers with Radar,758,452,58,7,1275,0,0,0,0,0,758,452,58,7,1275,0,0,0,1275
09/20/2008,MSP,MN,AGL,CE,Towers with Radar,641,351,17,6,1015,0,0,0,0,0,641,351,17,6,1015,0,0,0,1015
09/21/2008,MSP,MN,AGL,CE,Towers with Radar,668,382,38,4,1092,0,0,0,0,0,668,382,38,4,1092,0,0,0,1092
09/22/2008,MSP,MN,AGL,CE,Towers with Radar,737,439,45,4,1225,0,0,0,0,0,737,439,45,4,1225,0,0,0,1225
09/23/2008,MSP,MN,AGL,CE,Towers with Radar,731,414,58,7,1210,0,0,0,0,0,731,414,58,7,1210,0,0,0,1210
09/24/2008,MSP,MN,AGL,CE,Towers with Radar,768,469,57,11,1305,0,0,9,0,9,768,469,66,11,1314,0,0,0,1314
09/25/2008,MSP,MN,AGL,CE,Towers with Radar,758,461,52,15,1286,0,0,4,0,4,758,461,56,15,1290,0,0,0,1290
09/26/2008,MSP,MN,AGL,CE,Towers with Radar,749,459,54,5,1267,0,0,5,0,5,749,459,59,5,1272,0,0,0,1272
09/27/2008,MSP,MN,AGL,CE,Towers with Radar,642,349,10,3,1004,0,0,0,1,1,642,349,10,4,1005,0,0,0,1005
09/28/2008,MSP,MN,AGL,CE,Towers with Radar,672,358,21,2,1053,0,0,0,0,0,672,358,21,2,1053,0,0,0,1053
09/29/2008,MSP,MN,AGL,CE,Towers with Radar,733,434,31,3,1201,0,0,0,0,0,733,434,31,3,1201,0,0,0,1201
09/30/2008,MSP,MN,AGL,CE,Towers with Radar,745,441,45,9,1240,0,0,3,0,3,745,441,48,9,1243,0,0,0,1243
10/01/2008,MSP,MN,AGL,CE,Towers with Radar,760,444,40,13,1257,0,1,6,0,7,760,445,46,13,1264,0,0,0,1264
10/02/2008,MSP,MN,AGL,CE,Towers with Radar,762,437,50,15,1264,0,0,3,0,3,762,437,53,15,1267,0,0,0,1267
10/03/2008,MSP,MN,AGL,CE,Towers with Radar,768,441,38,9,1256,0,0,7,1,8,768,441,45,10,1264,0,0,0,1264
10/04/2008,MSP,MN,AGL,CE,Towers with Radar,642,334,11,1,988,0,0,4,0,4,642,334,15,1,992,0,0,0,992
10/05/2008,MSP,MN,AGL,CE,Towers with Radar,674,346,15,5,1040,0,0,0,0,0,674,346,15,5,1040,0,0,0,1040
10/06/2008,MSP,MN,AGL,CE,Towers with Radar,745,418,41,3,1207,0,0,12,1,13,745,418,53,4,1220,0,0,0,1220
10/07/2008,MSP,MN,AGL,CE,Towers with Radar,768,436,43,13,1260,0,1,1,0,2,768,437,44,13,1262,0,0,0,1262
10/08/2008,MSP,MN,AGL,CE,Towers with Radar,758,435,52,11,1256,0,0,2,0,2,758,435,54,11,1258,0,0,0,1258
10/09/2008,MSP,MN,AGL,CE,Towers with Radar,762,434,38,12,1246,0,1,1,0,2,762,435,39,12,1248,0,0,0,1248
10/10/2008,MSP,MN,AGL,CE,Towers with Radar,764,439,37,3,1243,0,0,8,0,8,764,439,45,3,1251,0,0,0,1251
10/11/2008,MSP,MN,AGL,CE,Towers with Radar,644,341,8,1,994,0,0,1,0,1,644,341,9,1,995,0,0,0,995
10/12/2008,MSP,MN,AGL,CE,Towers with Radar,675,346,21,0,1042,0,0,0,0,0,675,346,21,0,1042,0,0,0,1042
10/13/2008,MSP,MN,AGL,CE,Towers with Radar,742,407,42,3,1194,0,1,2,0,3,742,408,44,3,1197,0,0,0,1197
10/14/2008,MSP,MN,AGL,CE,Towers with Radar,760,448,55,12,1275,0,0,8,0,8,760,448,63,12,1283,0,0,0,1283
10/15/2008,MSP,MN,AGL,CE,Towers with Radar,753,436,58,8,1255,0,0,5,0,5,753,436,63,8,1260,0,0,0,1260
10/16/2008,MSP,MN,AGL,CE,Towers with Radar,775,438,47,5,1265,0,1,4,0,5,775,439,51,5,1270,0,0,0,1270
10/17/2008,MSP,MN,AGL,CE,Towers with Radar,778,431,48,9,1266,0,0,1,0,1,778,431,49,9,1267,0,0,0,1267
10/18/2008,MSP,MN,AGL,CE,Towers with Radar,656,333,12,7,1008,0,0,3,0,3,656,333,15,7,1011,0,0,0,1011
10/19/2008,MSP,MN,AGL,CE,Towers with Radar,688,363,32,4,1087,0,0,2,0,2,688,363,34,4,1089,0,0,0,1089
10/20/2008,MSP,MN,AGL,CE,Towers with Radar,749,430,38,5,1222,0,0,2,0,2,749,430,40,5,1224,0,0,0,1224
10/21/2008,MSP,MN,AGL,CE,Towers with Radar,759,438,56,13,1266,0,0,8,2,10,759,438,64,15,1276,0,0,0,1276
10/22/2008,MSP,MN,AGL,CE,Towers with Radar,767,446,63,6,1282,0,1,3,0,4,767,447,66,6,1286,0,0,0,1286
10/23/2008,MSP,MN,AGL,CE,Towers with Radar,765,454,77,8,1304,0,2,5,0,7,765,456,82,8,1311,0,0,0,1311
10/24/2008,MSP,MN,AGL,CE,Towers with Radar,754,438,42,5,1239,0,1,1,2,4,754,439,43,7,1243,0,0,0,1243
10/25/2008,MSP,MN,AGL,CE,Towers with Radar,640,341,22,2,1005,0,0,0,0,0,640,341,22,2,1005,0,0,0,1005
10/26/2008,MSP,MN,AGL,CE,Towers with Radar,686,356,10,1,1053,0,0,0,0,0,686,356,10,1,1053,0,0,0,1053
10/27/2008,MSP,MN,AGL,CE,Towers with Radar,746,440,45,11,1242,0,0,3,0,3,746,440,48,11,1245,0,0,0,1245
10/28/2008,MSP,MN,AGL,CE,Towers with Radar,761,440,41,12,1254,0,4,0,0,4,761,444,41,12,1258,0,0,0,1258
10/29/2008,MSP,MN,AGL,CE,Towers with Radar,778,452,38,2,1270,0,1,4,1,6,778,453,42,3,1276,0,0,0,1276
10/30/2008,MSP,MN,AGL,CE,Towers with Radar,773,449,64,11,1297,0,4,7,0,11,773,453,71,11,1308,0,0,0,1308
10/31/2008,MSP,MN,AGL,CE,Towers with Radar,769,429,33,11,1242,0,0,1,0,1,769,429,34,11,1243,0,0,0,1243
11/01/2008,MSP,MN,AGL,CE,Towers with Radar,636,334,18,0,988,0,0,0,0,0,636,334,18,0,988,0,0,0,988
11/02/2008,MSP,MN,AGL,CE,Towers with Radar,721,344,28,8,1101,0,0,0,1,1,721,344,28,9,1102,0,0,0,1102
11/03/2008,MSP,MN,AGL,CE,Towers with Radar,752,402,46,6,1206,0,1,0,1,2,752,403,46,7,1208,0,0,0,1208
11/04/2008,MSP,MN,AGL,CE,Towers with Radar,774,429,33,15,1251,0,0,2,0,2,774,429,35,15,1253,0,0,0,1253
11/05/2008,MSP,MN,AGL,CE,Towers with Radar,767,424,46,14,1251,0,2,0,0,2,767,426,46,14,1253,0,0,0,1253
11/06/2008,MSP,MN,AGL,CE,Towers with Radar,765,415,46,19,1245,0,2,0,0,2,765,417,46,19,1247,0,0,0,1247
11/07/2008,MSP,MN,AGL,CE,Towers with Radar,759,415,25,2,1201,0,0,0,0,0,759,415,25,2,1201,0,0,0,1201
11/08/2008,MSP,MN,AGL,CE,Towers with Radar,690,326,26,1,1043,0,0,0,0,0,690,326,26,1,1043,0,0,0,1043
11/09/2008,MSP,MN,AGL,CE,Towers with Radar,722,360,28,1,1111,0,1,0,0,1,722,361,28,1,1112,0,0,0,1112
11/10/2008,MSP,MN,AGL,CE,Towers with Radar,760,404,29,0,1193,0,0,1,0,1,760,404,30,0,1194,0,0,0,1194
11/11/2008,MSP,MN,AGL,CE,Towers with Radar,747,430,39,2,1218,0,0,0,0,0,747,430,39,2,1218,0,0,0,1218
11/12/2008,MSP,MN,AGL,CE,Towers with Radar,777,447,45,12,1281,0,0,0,0,0,777,447,45,12,1281,0,0,0,1281
11/13/2008,MSP,MN,AGL,CE,Towers with Radar,791,428,38,12,1269,0,0,0,0,0,791,428,38,12,1269,0,0,0,1269
11/14/2008,MSP,MN,AGL,CE,Towers with Radar,779,428,35,10,1252,0,0,0,0,0,779,428,35,10,1252,0,0,0,1252
11/15/2008,MSP,MN,AGL,CE,Towers with Radar,687,339,12,13,1051,0,0,0,0,0,687,339,12,13,1051,0,0,0,1051
11/16/2008,MSP,MN,AGL,CE,Towers with Radar,712,356,18,3,1089,0,0,4,0,4,712,356,22,3,1093,0,0,0,1093
11/17/2008,MSP,MN,AGL,CE,Towers with Radar,754,418,43,3,1218,0,1,1,0,2,754,419,44,3,1220,0,0,0,1220
11/18/2008,MSP,MN,AGL,CE,Towers with Radar,765,431,47,10,1253,0,0,1,0,1,765,431,48,10,1254,0,0,0,1254
11/19/2008,MSP,MN,AGL,CE,Towers with Radar,778,420,39,10,1247,0,1,2,0,3,778,421,41,10,1250,0,0,0,1250
11/20/2008,MSP,MN,AGL,CE,Towers with Radar,772,441,51,6,1270,0,0,0,1,1,772,441,51,7,1271,0,0,0,1271
11/21/2008,MSP,MN,AGL,CE,Towers with Radar,785,424,38,5,1252,0,0,2,0,2,785,424,40,5,1254,0,0,0,1254
11/22/2008,MSP,MN,AGL,CE,Towers with Radar,702,341,18,2,1063,0,0,0,0,0,702,341,18,2,1063,0,0,0,1063
11/23/2008,MSP,MN,AGL,CE,Towers with Radar,723,350,9,3,1085,0,0,0,0,0,723,350,9,3,1085,0,0,0,1085
11/24/2008,MSP,MN,AGL,CE,Towers with Radar,754,405,37,7,1203,0,0,0,0,0,754,405,37,7,1203,0,0,0,1203
11/25/2008,MSP,MN,AGL,CE,Towers with Radar,788,431,32,6,1257,0,0,0,0,0,788,431,32,6,1257,0,0,0,1257
11/26/2008,MSP,MN,AGL,CE,Towers with Radar,803,441,26,7,1277,0,0,3,0,3,803,441,29,7,1280,0,0,0,1280
11/27/2008,MSP,MN,AGL,CE,Towers with Radar,527,266,10,3,806,0,0,1,0,1,527,266,11,3,807,0,0,0,807
11/28/2008,MSP,MN,AGL,CE,Towers with Radar,569,303,12,2,886,0,0,4,0,4,569,303,16,2,890,0,0,0,890
11/29/2008,MSP,MN,AGL,CE,Towers with Radar,691,347,17,2,1057,0,0,1,0,1,691,347,18,2,1058,0,0,0,1058
11/30/2008,MSP,MN,AGL,CE,Towers with Radar,722,369,25,0,1116,0,0,0,0,0,722,369,25,0,1116,0,0,0,1116
12/01/2008,MSP,MN,AGL,CE,Towers with Radar,784,438,44,3,1269,0,0,0,0,0,784,438,44,3,1269,0,0,0,1269
12/02/2008,MSP,MN,AGL,CE,Towers with Radar,781,426,39,7,1253,0,0,0,0,0,781,426,39,7,1253,0,0,0,1253
12/03/2008,MSP,MN,AGL,CE,Towers with Radar,748,440,41,9,1238,0,0,5,0,5,748,440,46,9,1243,0,0,0,1243
12/04/2008,MSP,MN,AGL,CE,Towers with Radar,744,428,42,19,1233,0,0,0,0,0,744,428,42,19,1233,0,0,0,1233
12/05/2008,MSP,MN,AGL,CE,Towers with Radar,721,415,32,11,1179,0,0,0,0,0,721,415,32,11,1179,0,0,0,1179
12/06/2008,MSP,MN,AGL,CE,Towers with Radar,625,307,8,4,944,0,0,0,0,0,625,307,8,4,944,0,0,0,944
12/07/2008,MSP,MN,AGL,CE,Towers with Radar,649,299,23,7,978,0,0,0,0,0,649,299,23,7,978,0,0,0,978
12/08/2008,MSP,MN,AGL,CE,Towers with Radar,688,342,34,1,1065,0,0,0,1,1,688,342,34,2,1066,0,0,0,1066
12/09/2008,MSP,MN,AGL,CE,Towers with Radar,775,450,52,9,1286,0,0,5,0,5,775,450,57,9,1291,0,0,0,1291
12/10/2008,MSP,MN,AGL,CE,Towers with Radar,751,422,57,15,1245,0,0,1,0,1,751,422,58,15,1246,0,0,0,1246
12/11/2008,MSP,MN,AGL,CE,Towers with Radar,744,403,46,14,1207,0,0,4,0,4,744,403,50,14,1211,0,0,0,1211
12/12/2008,MSP,MN,AGL,CE,Towers with Radar,771,431,38,7,1247,0,0,3,1,4,771,431,41,8,1251,0,0,0,1251
12/13/2008,MSP,MN,AGL,CE,Towers with Radar,611,287,18,1,917,0,0,1,0,1,611,287,19,1,918,0,0,0,918
12/14/2008,MSP,MN,AGL,CE,Towers with Radar,618,271,14,3,906,0,0,0,0,0,618,271,14,3,906,0,0,0,906
12/15/2008,MSP,MN,AGL,CE,Towers with Radar,742,348,63,12,1165,0,1,0,0,1,742,349,63,12,1166,0,0,0,1166
12/16/2008,MSP,MN,AGL,CE,Towers with Radar,708,350,47,2,1107,0,0,0,0,0,708,350,47,2,1107,0,0,0,1107
12/17/2008,MSP,MN,AGL,CE,Towers with Radar,827,427,40,7,1301,0,0,3,10,13,827,427,43,17,1314,0,0,0,1314
12/18/2008,MSP,MN,AGL,CE,Towers with Radar,826,402,51,13,1292,0,0,2,2,4,826,402,53,15,1296,0,0,0,1296
12/19/2008,MSP,MN,AGL,CE,Towers with Radar,801,379,36,10,1226,0,0,0,0,0,801,379,36,10,1226,0,0,0,1226
12/20/2008,MSP,MN,AGL,CE,Towers with Radar,646,238,21,1,906,0,0,0,0,0,646,238,21,1,906,0,0,0,906
12/21/2008,MSP,MN,AGL,CE,Towers with Radar,767,318,21,1,1107,0,0,0,0,0,767,318,21,1,1107,0,0,0,1107
12/22/2008,MSP,MN,AGL,CE,Towers with Radar,801,380,26,7,1214,0,0,1,0,1,801,380,27,7,1215,0,0,0,1215
12/23/2008,MSP,MN,AGL,CE,Towers with Radar,816,404,21,5,1246,0,0,1,0,1,816,404,22,5,1247,0,0,0,1247
12/24/2008,MSP,MN,AGL,CE,Towers with Radar,761,378,5,0,1144,0,0,0,0,0,761,378,5,0,1144,0,0,0,1144
12/25/2008,MSP,MN,AGL,CE,Towers with Radar,724,340,5,0,1069,0,0,1,0,1,724,340,6,0,1070,0,0,0,1070
12/26/2008,MSP,MN,AGL,CE,Towers with Radar,763,371,18,1,1153,0,0,0,0,0,763,371,18,1,1153,0,0,0,1153
12/27/2008,MSP,MN,AGL,CE,Towers with Radar,755,331,20,0,1106,0,0,1,0,1,755,331,21,0,1107,0,0,0,1107
12/28/2008,MSP,MN,AGL,CE,Towers with Radar,783,363,9,0,1155,0,0,0,0,0,783,363,9,0,1155,0,0,0,1155
12/29/2008,MSP,MN,AGL,CE,Towers with Radar,808,411,15,11,1245,0,0,1,0,1,808,411,16,11,1246,0,0,0,1246
12/30/2008,MSP,MN,AGL,CE,Towers with Radar,765,341,11,0,1117,0,0,0,0,0,765,341,11,0,1117,0,0,0,1117
12/31/2008,MSP,MN,AGL,CE,Towers with Radar,838,404,12,0,1254,0,0,2,0,2,838,404,14,0,1256,0,0,0,1256
01/01/2009,MSP,MN,AGL,CE,Towers with Radar,775,364,2,0,1141,0,0,0,0,0,775,364,2,0,1141,0,0,0,1141
01/02/2009,MSP,MN,AGL,CE,Towers with Radar,814,427,9,0,1250,0,0,0,0,0,814,427,9,0,1250,0,0,0,1250
01/03/2009,MSP,MN,AGL,CE,Towers with Radar,726,308,20,0,1054,0,0,0,0,0,726,308,20,0,1054,0,0,0,1054
01/04/2009,MSP,MN,AGL,CE,Towers with Radar,781,360,19,0,1160,0,0,0,0,0,781,360,19,0,1160,0,0,0,1160
01/05/2009,MSP,MN,AGL,CE,Towers with Radar,764,385,28,11,1188,0,0,0,1,1,764,385,28,12,1189,0,0,0,1189
01/06/2009,MSP,MN,AGL,CE,Towers with Radar,748,395,32,13,1188,0,0,2,0,2,748,395,34,13,1190,0,0,0,1190
01/07/2009,MSP,MN,AGL,CE,Towers with Radar,757,407,31,12,1207,0,0,0,0,0,757,407,31,12,1207,0,0,0,1207
01/08/2009,MSP,MN,AGL,CE,Towers with Radar,773,412,39,12,1236,0,0,7,2,9,773,412,46,14,1245,0,0,0,1245
01/09/2009,MSP,MN,AGL,CE,Towers with Radar,749,415,20,9,1193,0,2,0,0,2,749,417,20,9,1195,0,0,0,1195
01/10/2009,MSP,MN,AGL,CE,Towers with Radar,644,309,16,10,979,0,0,5,0,5,644,309,21,10,984,0,0,0,984
01/11/2009,MSP,MN,AGL,CE,Towers with Radar,685,321,14,9,1029,0,0,0,0,0,685,321,14,9,1029,0,0,0,1029
01/12/2009,MSP,MN,AGL,CE,Towers with Radar,728,347,36,3,1114,0,0,0,0,0,728,347,36,3,1114,0,0,0,1114
01/13/2009,MSP,MN,AGL,CE,Towers with Radar,753,393,29,13,1188,0,0,0,0,0,753,393,29,13,1188,0,0,0,1188
01/14/2009,MSP,MN,AGL,CE,Towers with Radar,747,409,34,16,1206,0,0,0,0,0,747,409,34,16,1206,0,0,0,1206
01/15/2009,MSP,MN,AGL,CE,Towers with Radar,759,390,41,3,1193,0,0,0,0,0,759,390,41,3,1193,0,0,0,1193
01/16/2009,MSP,MN,AGL,CE,Towers with Radar,761,387,31,5,1184,0,0,0,0,0,761,387,31,5,1184,0,0,0,1184
01/17/2009,MSP,MN,AGL,CE,Towers with Radar,674,319,13,12,1018,0,0,0,0,0,674,319,13,12,1018,0,0,0,1018
01/18/2009,MSP,MN,AGL,CE,Towers with Radar,685,324,22,4,1035,0,0,0,2,2,685,324,22,6,1037,0,0,0,1037
01/19/2009,MSP,MN,AGL,CE,Towers with Radar,747,389,25,4,1165,0,0,2,0,2,747,389,27,4,1167,0,0,0,1167
01/20/2009,MSP,MN,AGL,CE,Towers with Radar,760,396,37,3,1196,0,0,2,0,2,760,396,39,3,1198,0,0,0,1198
01/21/2009,MSP,MN,AGL,CE,Towers with Radar,770,404,46,15,1235,0,0,1,0,1,770,404,47,15,1236,0,0,0,1236
01/22/2009,MSP,MN,AGL,CE,Towers with Radar,767,410,31,19,1227,0,0,4,0,4,767,410,35,19,1231,0,0,0,1231
01/23/2009,MSP,MN,AGL,CE,Towers with Radar,763,421,26,9,1219,1,0,2,0,3,764,421,28,9,1222,0,0,0,1222
01/24/2009,MSP,MN,AGL,CE,Towers with Radar,663,310,7,1,981,0,0,2,0,2,663,310,9,1,983,0,0,0,983
01/25/2009,MSP,MN,AGL,CE,Towers with Radar,677,349,13,1,1040,0,0,0,0,0,677,349,13,1,1040,0,0,0,1040
01/26/2009,MSP,MN,AGL,CE,Towers with Radar,756,392,39,10,1197,0,0,0,0,0,756,392,39,10,1197,0,0,0,1197
01/27/2009,MSP,MN,AGL,CE,Towers with Radar,719,376,27,11,1133,0,0,0,0,0,719,376,27,11,1133,0,0,0,1133
01/28/2009,MSP,MN,AGL,CE,Towers with Radar,717,377,48,10,1152,0,0,3,0,3,717,377,51,10,1155,0,0,0,1155
01/29/2009,MSP,MN,AGL,CE,Towers with Radar,790,413,38,7,1248,0,0,0,0,0,790,413,38,7,1248,0,0,0,1248
01/30/2009,MSP,MN,AGL,CE,Towers with Radar,758,400,28,5,1191,0,0,0,0,0,758,400,28,5,1191,0,0,0,1191
01/31/2009,MSP,MN,AGL,CE,Towers with Radar,678,316,9,2,1005,0,0,0,0,0,678,316,9,2,1005,0,0,0,1005
02/01/2009,MSP,MN,AGL,CE,Towers with Radar,684,327,5,1,1017,0,0,0,0,0,684,327,5,1,1017,0,0,0,1017
02/02/2009,MSP,MN,AGL,CE,Towers with Radar,747,392,36,8,1183,0,0,0,0,0,747,392,36,8,1183,0,0,0,1183
02/03/2009,MSP,MN,AGL,CE,Towers with Radar,731,397,45,12,1185,0,0,0,0,0,731,397,45,12,1185,0,0,0,1185
02/04/2009,MSP,MN,AGL,CE,Towers with Radar,754,403,51,7,1215,0,0,1,1,2,754,403,52,8,1217,0,0,0,1217
02/05/2009,MSP,MN,AGL,CE,Towers with Radar,765,403,46,14,1228,0,0,1,0,1,765,403,47,14,1229,0,0,0,1229
02/06/2009,MSP,MN,AGL,CE,Towers with Radar,766,400,41,15,1222,0,0,1,1,2,766,400,42,16,1224,0,0,0,1224
02/07/2009,MSP,MN,AGL,CE,Towers with Radar,669,317,7,7,1000,0,0,0,0,0,669,317,7,7,1000,0,0,0,1000
02/08/2009,MSP,MN,AGL,CE,Towers with Radar,687,333,13,9,1042,0,0,1,0,1,687,333,14,9,1043,0,0,0,1043
02/09/2009,MSP,MN,AGL,CE,Towers with Radar,749,391,51,3,1194,0,1,0,0,1,749,392,51,3,1195,0,0,0,1195
02/10/2009,MSP,MN,AGL,CE,Towers with Radar,732,405,34,18,1189,0,0,0,0,0,732,405,34,18,1189,0,0,0,1189
02/11/2009,MSP,MN,AGL,CE,Towers with Radar,815,405,54,12,1286,0,0,1,0,1,815,405,55,12,1287,0,0,0,1287
02/12/2009,MSP,MN,AGL,CE,Towers with Radar,843,411,46,15,1315,0,0,0,0,0,843,411,46,15,1315,0,0,0,1315
02/13/2009,MSP,MN,AGL,CE,Towers with Radar,834,412,29,4,1279,0,0,0,1,1,834,412,29,5,1280,0,0,0,1280
02/14/2009,MSP,MN,AGL,CE,Towers with Radar,709,331,6,3,1049,0,0,0,0,0,709,331,6,3,1049,0,0,0,1049
02/15/2009,MSP,MN,AGL,CE,Towers with Radar,763,340,12,2,1117,0,0,0,0,0,763,340,12,2,1117,0,0,0,1117
02/16/2009,MSP,MN,AGL,CE,Towers with Radar,809,400,20,1,1230,0,0,2,1,3,809,400,22,2,1233,0,0,0,1233
02/17/2009,MSP,MN,AGL,CE,Towers with Radar,796,416,29,3,1244,0,0,1,0,1,796,416,30,3,1245,0,0,0,1245
02/18/2009,MSP,MN,AGL,CE,Towers with Radar,844,436,35,10,1325,0,0,0,0,0,844,436,35,10,1325,0,0,0,1325
02/19/2009,MSP,MN,AGL,CE,Towers with Radar,838,424,37,14,1313,0,0,3,1,4,838,424,40,15,1317,0,0,0,1317
02/20/2009,MSP,MN,AGL,CE,Towers with Radar,775,362,30,2,1169,0,0,2,0,2,775,362,32,2,1171,0,0,0,1171
02/21/2009,MSP,MN,AGL,CE,Towers with Radar,762,384,8,7,1161,0,0,0,0,0,762,384,8,7,1161,0,0,0,1161
02/22/2009,MSP,MN,AGL,CE,Towers with Radar,752,355,28,2,1137,0,0,0,0,0,752,355,28,2,1137,0,0,0,1137
02/23/2009,MSP,MN,AGL,CE,Towers with Radar,804,398,36,5,1243,0,0,3,0,3,804,398,39,5,1246,0,0,0,1246
02/24/2009,MSP,MN,AGL,CE,Towers with Radar,833,425,39,12,1309,0,0,0,0,0,833,425,39,12,1309,0,0,0,1309
02/25/2009,MSP,MN,AGL,CE,Towers with Radar,838,424,34,12,1308,0,0,0,0,0,838,424,34,12,1308,0,0,0,1308
02/26/2009,MSP,MN,AGL,CE,Towers with Radar,678,230,19,1,928,0,0,0,0,0,678,230,19,1,928,0,0,0,928
02/27/2009,MSP,MN,AGL,CE,Towers with Radar,871,471,34,4,1380,0,0,0,0,0,871,471,34,4,1380,0,0,0,1380
02/28/2009,MSP,MN,AGL,CE,Towers with Radar,725,337,10,4,1076,0,0,1,0,1,725,337,11,4,1077,0,0,0,1077
03/01/2009,MSP,MN,AGL,CE,Towers with Radar,712,348,15,6,1081,0,0,1,0,1,712,348,16,6,1082,0,0,0,1082
03/02/2009,MSP,MN,AGL,CE,Towers with Radar,794,379,32,11,1216,0,0,2,0,2,794,379,34,11,1218,0,0,0,1218
03/03/2009,MSP,MN,AGL,CE,Towers with Radar,831,414,29,17,1291,0,0,0,0,0,831,414,29,17,1291,0,0,0,1291
03/04/2009,MSP,MN,AGL,CE,Towers with Radar,833,429,46,11,1319,0,0,1,0,1,833,429,47,11,1320,0,0,0,1320
03/05/2009,MSP,MN,AGL,CE,Towers with Radar,822,410,47,3,1282,0,0,0,0,0,822,410,47,3,1282,0,0,0,1282
03/06/2009,MSP,MN,AGL,CE,Towers with Radar,855,414,44,9,1322,0,0,0,0,0,855,414,44,9,1322,0,0,0,1322
03/07/2009,MSP,MN,AGL,CE,Towers with Radar,722,345,3,4,1074,0,0,1,0,1,722,345,4,4,1075,0,0,0,1075
03/08/2009,MSP,MN,AGL,CE,Towers with Radar,765,334,26,4,1129,0,0,2,0,2,765,334,28,4,1131,0,0,0,1131
03/09/2009,MSP,MN,AGL,CE,Towers with Radar,832,377,28,6,1243,0,0,0,0,0,832,377,28,6,1243,0,0,0,1243
03/10/2009,MSP,MN,AGL,CE,Towers with Radar,807,363,15,0,1185,0,0,0,0,0,807,363,15,0,1185,0,0,0,1185
03/11/2009,MSP,MN,AGL,CE,Towers with Radar,864,444,41,11,1360,0,0,1,0,1,864,444,42,11,1361,0,0,0,1361
03/12/2009,MSP,MN,AGL,CE,Towers with Radar,849,423,43,9,1324,0,0,2,0,2,849,423,45,9,1326,0,0,0,1326
03/13/2009,MSP,MN,AGL,CE,Towers with Radar,850,415,34,11,1310,0,0,0,0,0,850,415,34,11,1310,0,0,0,1310
03/14/2009,MSP,MN,AGL,CE,Towers with Radar,735,355,10,3,1103,0,0,0,1,1,735,355,10,4,1104,0,0,0,1104
03/15/2009,MSP,MN,AGL,CE,Towers with Radar,778,353,11,4,1146,0,0,2,0,2,778,353,13,4,1148,0,0,0,1148
03/16/2009,MSP,MN,AGL,CE,Towers with Radar,836,396,28,2,1262,0,0,5,0,5,836,396,33,2,1267,0,0,0,1267
03/17/2009,MSP,MN,AGL,CE,Towers with Radar,847,411,38,11,1307,0,0,1,0,1,847,411,39,11,1308,0,0,0,1308
03/18/2009,MSP,MN,AGL,CE,Towers with Radar,867,411,43,15,1336,0,0,3,0,3,867,411,46,15,1339,0,0,0,1339
03/19/2009,MSP,MN,AGL,CE,Towers with Radar,854,413,42,13,1322,0,0,0,0,0,854,413,42,13,1322,0,0,0,1322
03/20/2009,MSP,MN,AGL,CE,Towers with Radar,862,413,24,4,1303,0,0,1,0,1,862,413,25,4,1304,0,0,0,1304
03/21/2009,MSP,MN,AGL,CE,Towers with Radar,747,328,12,7,1094,0,0,0,0,0,747,328,12,7,1094,0,0,0,1094
03/22/2009,MSP,MN,AGL,CE,Towers with Radar,789,347,28,5,1169,0,0,0,0,0,789,347,28,5,1169,0,0,0,1169
03/23/2009,MSP,MN,AGL,CE,Towers with Radar,827,372,46,9,1254,0,0,0,0,0,827,372,46,9,1254,0,0,0,1254
03/24/2009,MSP,MN,AGL,CE,Towers with Radar,858,420,32,11,1321,0,0,0,0,0,858,420,32,11,1321,0,0,0,1321
03/25/2009,MSP,MN,AGL,CE,Towers with Radar,864,391,27,10,1292,0,0,0,0,0,864,391,27,10,1292,0,0,0,1292
03/26/2009,MSP,MN,AGL,CE,Towers with Radar,835,416,52,8,1311,0,0,4,0,4,835,416,56,8,1315,0,0,0,1315
03/27/2009,MSP,MN,AGL,CE,Towers with Radar,860,424,31,2,1317,0,1,2,0,3,860,425,33,2,1320,0,0,0,1320
03/28/2009,MSP,MN,AGL,CE,Towers with Radar,742,333,14,6,1095,0,0,0,0,0,742,333,14,6,1095,0,0,0,1095
03/29/2009,MSP,MN,AGL,CE,Towers with Radar,761,350,21,6,1138,0,0,0,0,0,761,350,21,6,1138,0,0,0,1138
03/30/2009,MSP,MN,AGL,CE,Towers with Radar,837,387,38,4,1266,0,0,5,0,5,837,387,43,4,1271,0,0,0,1271
03/31/2009,MSP,MN,AGL,CE,Towers with Radar,829,392,24,11,1256,0,0,0,0,0,829,392,24,11,1256,0,0,0,1256
04/01/2009,MSP,MN,AGL,CE,Towers with Radar,863,416,45,13,1337,0,2,0,0,2,863,418,45,13,1339,0,0,0,1339
04/02/2009,MSP,MN,AGL,CE,Towers with Radar,850,420,38,13,1321,1,0,1,0,2,851,420,39,13,1323,0,0,0,1323
04/03/2009,MSP,MN,AGL,CE,Towers with Radar,851,398,27,12,1288,0,0,0,0,0,851,398,27,12,1288,0,0,0,1288
04/04/2009,MSP,MN,AGL,CE,Towers with Radar,744,333,7,7,1091,0,0,0,0,0,744,333,7,7,1091,0,0,0,1091
04/05/2009,MSP,MN,AGL,CE,Towers with Radar,774,348,14,7,1143,0,1,7,0,8,774,349,21,7,1151,0,0,0,1151
04/06/2009,MSP,MN,AGL,CE,Towers with Radar,816,400,31,3,1250,0,0,3,0,3,816,400,34,3,1253,0,0,0,1253
04/07/2009,MSP,MN,AGL,CE,Towers with Radar,808,410,34,9,1261,0,0,0,0,0,808,410,34,9,1261,0,0,0,1261
04/08/2009,MSP,MN,AGL,CE,Towers with Radar,821,416,46,13,1296,0,0,6,0,6,821,416,52,13,1302,0,0,0,1302
04/09/2009,MSP,MN,AGL,CE,Towers with Radar,814,408,51,16,1289,0,0,5,0,5,814,408,56,16,1294,0,0,0,1294
04/10/2009,MSP,MN,AGL,CE,Towers with Radar,826,399,20,6,1251,0,0,4,0,4,826,399,24,6,1255,0,0,0,1255
04/11/2009,MSP,MN,AGL,CE,Towers with Radar,706,310,3,3,1022,0,0,2,0,2,706,310,5,3,1024,0,0,0,1024
04/12/2009,MSP,MN,AGL,CE,Towers with Radar,747,347,8,0,1102,0,0,0,0,0,747,347,8,0,1102,0,0,0,1102
04/13/2009,MSP,MN,AGL,CE,Towers with Radar,793,401,37,9,1240,0,1,0,0,1,793,402,37,9,1241,0,0,0,1241
04/14/2009,MSP,MN,AGL,CE,Towers with Radar,816,408,39,11,1274,0,0,2,0,2,816,408,41,11,1276,0,0,0,1276
04/15/2009,MSP,MN,AGL,CE,Towers with Radar,802,406,47,14,1269,0,0,1,0,1,802,406,48,14,1270,0,0,0,1270
04/16/2009,MSP,MN,AGL,CE,Towers with Radar,801,410,41,7,1259,0,0,2,1,3,801,410,43,8,1262,0,0,0,1262
04/17/2009,MSP,MN,AGL,CE,Towers with Radar,790,400,26,4,1220,0,0,0,0,0,790,400,26,4,1220,0,0,0,1220
04/18/2009,MSP,MN,AGL,CE,Towers with Radar,683,316,8,5,1012,0,0,1,2,3,683,316,9,7,1015,0,0,0,1015
04/19/2009,MSP,MN,AGL,CE,Towers with Radar,727,342,22,0,1091,0,0,1,0,1,727,342,23,0,1092,0,0,0,1092
04/20/2009,MSP,MN,AGL,CE,Towers with Radar,778,383,37,15,1213,0,0,0,0,0,778,383,37,15,1213,0,0,0,1213
04/21/2009,MSP,MN,AGL,CE,Towers with Radar,791,415,41,11,1258,0,0,3,0,3,791,415,44,11,1261,0,0,0,1261
04/22/2009,MSP,MN,AGL,CE,Towers with Radar,797,410,36,20,1263,0,0,8,0,8,797,410,44,20,1271,0,0,0,1271
04/23/2009,MSP,MN,AGL,CE,Towers with Radar,808,417,46,4,1275,0,0,4,0,4,808,417,50,4,1279,0,0,0,1279
04/24/2009,MSP,MN,AGL,CE,Towers with Radar,786,402,19,0,1207,0,0,2,0,2,786,402,21,0,1209,0,0,0,1209
04/25/2009,MSP,MN,AGL,CE,Towers with Radar,690,316,10,0,1016,0,0,1,0,1,690,316,11,0,1017,0,0,0,1017
04/26/2009,MSP,MN,AGL,CE,Towers with Radar,695,350,25,2,1072,0,0,0,0,0,695,350,25,2,1072,0,0,0,1072
04/27/2009,MSP,MN,AGL,CE,Towers with Radar,805,394,43,6,1248,0,0,0,0,0,805,394,43,6,1248,0,0,0,1248
04/28/2009,MSP,MN,AGL,CE,Towers with Radar,791,427,44,17,1279,0,0,2,0,2,791,427,46,17,1281,0,0,0,1281
04/29/2009,MSP,MN,AGL,CE,Towers with Radar,781,419,36,6,1242,0,0,4,0,4,781,419,40,6,1246,0,0,0,1246
04/30/2009,MSP,MN,AGL,CE,Towers with Radar,821,423,39,10,1293,0,0,1,0,1,821,423,40,10,1294,0,0,0,1294
05/01/2009,MSP,MN,AGL,CE,Towers with Radar,792,399,32,9,1232,0,0,13,0,13,792,399,45,9,1245,0,0,0,1245
05/02/2009,MSP,MN,AGL,CE,Towers with Radar,670,322,9,1,1002,0,0,2,0,2,670,322,11,1,1004,0,0,0,1004
05/03/2009,MSP,MN,AGL,CE,Towers with Radar,749,340,20,9,1118,0,0,1,0,1,749,340,21,9,1119,0,0,0,1119
05/04/2009,MSP,MN,AGL,CE,Towers with Radar,782,391,41,7,1221,0,1,0,0,1,782,392,41,7,1222,0,0,0,1222
05/05/2009,MSP,MN,AGL,CE,Towers with Radar,801,391,45,12,1249,0,0,2,0,2,801,391,47,12,1251,0,0,0,1251
05/06/2009,MSP,MN,AGL,CE,Towers with Radar,795,392,54,3,1244,0,0,4,0,4,795,392,58,3,1248,0,0,0,1248
05/07/2009,MSP,MN,AGL,CE,Towers with Radar,802,414,40,10,1266,0,1,0,0,1,802,415,40,10,1267,0,0,0,1267
05/08/2009,MSP,MN,AGL,CE,Towers with Radar,815,419,43,6,1283,0,1,4,0,5,815,420,47,6,1288,0,0,0,1288
05/09/2009,MSP,MN,AGL,CE,Towers with Radar,681,306,11,3,1001,0,1,1,0,2,681,307,12,3,1003,0,0,0,1003
05/10/2009,MSP,MN,AGL,CE,Towers with Radar,748,338,12,3,1101,0,0,2,0,2,748,338,14,3,1103,0,0,0,1103
05/11/2009,MSP,MN,AGL,CE,Towers with Radar,795,386,37,3,1221,0,0,1,0,1,795,386,38,3,1222,0,0,0,1222
05/12/2009,MSP,MN,AGL,CE,Towers with Radar,788,401,50,14,1253,0,0,0,0,0,788,401,50,14,1253,0,0,0,1253
05/13/2009,MSP,MN,AGL,CE,Towers with Radar,791,400,41,15,1247,0,0,1,0,1,791,400,42,15,1248,0,0,0,1248
05/14/2009,MSP,MN,AGL,CE,Towers with Radar,827,414,41,10,1292,0,0,5,0,5,827,414,46,10,1297,0,0,0,1297
05/15/2009,MSP,MN,AGL,CE,Towers with Radar,796,389,28,1,1214,0,0,4,0,4,796,389,32,1,1218,0,0,0,1218
05/16/2009,MSP,MN,AGL,CE,Towers with Radar,693,312,6,0,1011,0,1,1,0,2,693,313,7,0,1013,0,0,0,1013
05/17/2009,MSP,MN,AGL,CE,Towers with Radar,752,340,15,5,1112,0,0,0,0,0,752,340,15,5,1112,0,0,0,1112
05/18/2009,MSP,MN,AGL,CE,Towers with Radar,794,384,60,15,1253,0,0,0,0,0,794,384,60,15,1253,0,0,0,1253
05/19/2009,MSP,MN,AGL,CE,Towers with Radar,808,402,50,4,1264,0,0,6,0,6,808,402,56,4,1270,0,0,0,1270
05/20/2009,MSP,MN,AGL,CE,Towers with Radar,820,397,72,1,1290,0,1,2,1,4,820,398,74,2,1294,0,0,0,1294
05/21/2009,MSP,MN,AGL,CE,Towers with Radar,828,427,39,16,1310,0,0,4,0,4,828,427,43,16,1314,0,0,0,1314
05/22/2009,MSP,MN,AGL,CE,Towers with Radar,814,411,24,5,1254,0,0,9,0,9,814,411,33,5,1263,0,0,0,1263
05/23/2009,MSP,MN,AGL,CE,Towers with Radar,684,311,11,1,1007,0,0,2,0,2,684,311,13,1,1009,0,0,0,1009
05/24/2009,MSP,MN,AGL,CE,Towers with Radar,635,299,4,1,939,0,0,0,0,0,635,299,4,1,939,0,0,0,939
05/25/2009,MSP,MN,AGL,CE,Towers with Radar,776,337,14,0,1127,0,0,2,2,4,776,337,16,2,1131,0,0,0,1131
05/26/2009,MSP,MN,AGL,CE,Towers with Radar,801,399,47,0,1247,0,0,2,0,2,801,399,49,0,1249,0,0,0,1249
05/27/2009,MSP,MN,AGL,CE,Towers with Radar,822,412,31,14,1279,0,0,0,0,0,822,412,31,14,1279,0,0,0,1279
05/28/2009,MSP,MN,AGL,CE,Towers with Radar,826,411,36,14,1287,0,0,2,0,2,826,411,38,14,1289,0,0,0,1289
05/29/2009,MSP,MN,AGL,CE,Towers with Radar,834,393,25,3,1255,0,0,0,0,0,834,393,25,3,1255,0,0,0,1255
05/30/2009,MSP,MN,AGL,CE,Towers with Radar,696,313,15,2,1026,0,0,1,2,3,696,313,16,4,1029,0,0,0,1029
05/31/2009,MSP,MN,AGL,CE,Towers with Radar,767,337,16,1,1121,0,0,0,0,0,767,337,16,1,1121,0,0,0,1121
06/01/2009,MSP,MN,AGL,CE,Towers with Radar,798,394,45,4,1241,0,0,2,0,2,798,394,47,4,1243,0,0,0,1243
06/02/2009,MSP,MN,AGL,CE,Towers with Radar,833,397,41,14,1285,0,0,4,0,4,833,397,45,14,1289,0,0,0,1289
06/03/2009,MSP,MN,AGL,CE,Towers with Radar,815,403,41,9,1268,0,0,6,0,6,815,403,47,9,1274,0,0,0,1274
06/04/2009,MSP,MN,AGL,CE,Towers with Radar,893,418,29,9,1349,0,0,2,0,2,893,418,31,9,1351,0,0,0,1351
06/05/2009,MSP,MN,AGL,CE,Towers with Radar,897,400,24,11,1332,0,0,3,0,3,897,400,27,11,1335,0,0,0,1335
06/06/2009,MSP,MN,AGL,CE,Towers with Radar,811,342,12,7,1172,0,0,1,0,1,811,342,13,7,1173,0,0,0,1173
06/07/2009,MSP,MN,AGL,CE,Towers with Radar,826,357,18,12,1213,0,0,0,0,0,826,357,18,12,1213,0,0,0,1213
06/08/2009,MSP,MN,AGL,CE,Towers with Radar,889,388,43,7,1327,0,0,0,0,0,889,388,43,7,1327,0,0,0,1327
06/09/2009,MSP,MN,AGL,CE,Towers with Radar,891,407,53,14,1365,0,0,0,0,0,891,407,53,14,1365,0,0,0,1365
06/10/2009,MSP,MN,AGL,CE,Towers with Radar,889,413,49,7,1358,0,0,0,0,0,889,413,49,7,1358,0,0,0,1358
06/11/2009,MSP,MN,AGL,CE,Towers with Radar,884,418,35,7,1344,0,0,9,0,9,884,418,44,7,1353,0,0,0,1353
06/12/2009,MSP,MN,AGL,CE,Towers with Radar,919,416,29,3,1367,0,0,3,0,3,919,416,32,3,1370,0,0,0,1370
06/13/2009,MSP,MN,AGL,CE,Towers with Radar,799,343,10,4,1156,0,0,1,1,2,799,343,11,5,1158,0,0,0,1158
06/14/2009,MSP,MN,AGL,CE,Towers with Radar,844,347,12,2,1205,0,0,0,0,0,844,347,12,2,1205,0,0,0,1205
06/15/2009,MSP,MN,AGL,CE,Towers with Radar,881,396,26,5,1308,0,0,11,0,11,881,396,37,5,1319,0,0,0,1319
06/16/2009,MSP,MN,AGL,CE,Towers with Radar,890,407,47,10,1354,0,0,13,0,13,890,407,60,10,1367,0,0,0,1367
06/17/2009,MSP,MN,AGL,CE,Towers with Radar,955,462,44,16,1477,0,0,0,0,0,955,462,44,16,1477,0,0,0,1477
06/18/2009,MSP,MN,AGL,CE,Towers with Radar,901,419,41,2,1363,0,0,1,0,1,901,419,42,2,1364,0,0,0,1364
06/19/2009,MSP,MN,AGL,CE,Towers with Radar,898,389,27,7,1321,0,0,1,0,1,898,389,28,7,1322,0,0,0,1322
06/20/2009,MSP,MN,AGL,CE,Towers with Radar,814,352,4,3,1173,0,0,0,0,0,814,352,4,3,1173,0,0,0,1173
06/21/2009,MSP,MN,AGL,CE,Towers with Radar,834,335,17,0,1186,0,0,0,0,0,834,335,17,0,1186,0,0,0,1186
06/22/2009,MSP,MN,AGL,CE,Towers with Radar,894,404,55,11,1364,0,0,0,0,0,894,404,55,11,1364,0,0,0,1364
06/23/2009,MSP,MN,AGL,CE,Towers with Radar,900,402,41,5,1348,0,2,12,0,14,900,404,53,5,1362,0,0,0,1362
06/24/2009,MSP,MN,AGL,CE,Towers with Radar,906,399,48,10,1363,0,0,3,0,3,906,399,51,10,1366,0,0,0,1366
06/25/2009,MSP,MN,AGL,CE,Towers with Radar,882,409,39,12,1342,0,0,4,0,4,882,409,43,12,1346,0,0,0,1346
06/26/2009,MSP,MN,AGL,CE,Towers with Radar,893,403,31,3,1330,0,0,0,0,0,893,403,31,3,1330,0,0,0,1330
06/27/2009,MSP,MN,AGL,CE,Towers with Radar,827,341,13,2,1183,0,1,1,1,3,827,342,14,3,1186,0,0,0,1186
06/28/2009,MSP,MN,AGL,CE,Towers with Radar,834,364,14,4,1216,0,0,3,0,3,834,364,17,4,1219,0,0,0,1219
06/29/2009,MSP,MN,AGL,CE,Towers with Radar,885,381,47,8,1321,0,0,0,0,0,885,381,47,8,1321,0,0,0,1321
06/30/2009,MSP,MN,AGL,CE,Towers with Radar,886,404,35,12,1337,0,0,1,0,1,886,404,36,12,1338,0,0,0,1338
07/01/2009,MSP,MN,AGL,CE,Towers with Radar,911,404,38,5,1358,0,0,0,0,0,911,404,38,5,1358,0,0,0,1358
07/02/2009,MSP,MN,AGL,CE,Towers with Radar,901,403,27,1,1332,0,0,0,0,0,901,403,27,1,1332,0,0,0,1332
07/03/2009,MSP,MN,AGL,CE,Towers with Radar,897,380,9,0,1286,0,0,2,0,2,897,380,11,0,1288,0,0,0,1288
07/04/2009,MSP,MN,AGL,CE,Towers with Radar,694,277,3,0,974,0,0,0,0,0,694,277,3,0,974,0,0,0,974
07/05/2009,MSP,MN,AGL,CE,Towers with Radar,822,350,15,0,1187,0,0,1,0,1,822,350,16,0,1188,0,0,0,1188
07/06/2009,MSP,MN,AGL,CE,Towers with Radar,890,388,36,3,1317,0,0,1,1,2,890,388,37,4,1319,0,0,0,1319
07/07/2009,MSP,MN,AGL,CE,Towers with Radar,895,402,47,13,1357,0,0,0,0,0,895,402,47,13,1357,0,0,0,1357
07/08/2009,MSP,MN,AGL,CE,Towers with Radar,894,422,50,16,1382,0,0,11,0,11,894,422,61,16,1393,0,0,0,1393
07/09/2009,MSP,MN,AGL,CE,Towers with Radar,913,412,42,10,1377,0,0,5,0,5,913,412,47,10,1382,0,0,0,1382
07/10/2009,MSP,MN,AGL,CE,Towers with Radar,907,402,29,12,1350,0,0,3,0,3,907,402,32,12,1353,0,0,0,1353
07/11/2009,MSP,MN,AGL,CE,Towers with Radar,810,352,12,10,1184,0,0,0,2,2,810,352,12,12,1186,0,0,0,1186
07/12/2009,MSP,MN,AGL,CE,Towers with Radar,840,348,19,9,1216,0,0,1,0,1,840,348,20,9,1217,0,0,0,1217
07/13/2009,MSP,MN,AGL,CE,Towers with Radar,896,391,44,7,1338,0,0,1,0,1,896,391,45,7,1339,0,0,0,1339
07/14/2009,MSP,MN,AGL,CE,Towers with Radar,896,396,49,7,1348,0,0,2,2,4,896,396,51,9,1352,0,0,0,1352
07/15/2009,MSP,MN,AGL,CE,Towers with Radar,931,412,56,9,1408,0,0,4,0,4,931,412,60,9,1412,0,0,0,1412
07/16/2009,MSP,MN,AGL,CE,Towers with Radar,898,402,39,9,1348,0,0,1,0,1,898,402,40,9,1349,0,0,0,1349
07/17/2009,MSP,MN,AGL,CE,Towers with Radar,912,409,28,3,1352,0,0,0,0,0,912,409,28,3,1352,0,0,0,1352
07/18/2009,MSP,MN,AGL,CE,Towers with Radar,805,332,20,5,1162,0,0,2,2,4,805,332,22,7,1166,0,0,0,1166
07/19/2009,MSP,MN,AGL,CE,Towers with Radar,840,341,23,4,1208,1,0,3,1,5,841,341,26,5,1213,0,0,0,1213
07/20/2009,MSP,MN,AGL,CE,Towers with Radar,897,393,37,6,1333,0,0,1,0,1,897,393,38,6,1334,0,0,0,1334
07/21/2009,MSP,MN,AGL,CE,Towers with Radar,906,396,33,6,1341,0,0,0,0,0,906,396,33,6,1341,0,0,0,1341
07/22/2009,MSP,MN,AGL,CE,Towers with Radar,897,408,67,11,1383,0,0,15,2,17,897,408,82,13,1400,0,0,0,1400
07/23/2009,MSP,MN,AGL,CE,Towers with Radar,894,408,50,9,1361,0,0,4,1,5,894,408,54,10,1366,0,0,0,1366
07/24/2009,MSP,MN,AGL,CE,Towers with Radar,899,399,41,10,1349,0,0,1,0,1,899,399,42,10,1350,0,0,0,1350
07/25/2009,MSP,MN,AGL,CE,Towers with Radar,794,338,11,2,1145,0,1,1,2,4,794,339,12,4,1149,0,0,0,1149
07/26/2009,MSP,MN,AGL,CE,Towers with Radar,829,342,25,3,1199,0,1,1,0,2,829,343,26,3,1201,0,0,0,1201
07/27/2009,MSP,MN,AGL,CE,Towers with Radar,864,388,51,6,1309,0,1,0,0,1,864,389,51,6,1310,0,0,0,1310
07/28/2009,MSP,MN,AGL,CE,Towers with Radar,895,408,45,16,1364,0,0,1,0,1,895,408,46,16,1365,0,0,0,1365
07/29/2009,MSP,MN,AGL,CE,Towers with Radar,891,406,47,11,1355,0,0,0,0,0,891,406,47,11,1355,0,0,0,1355
07/30/2009,MSP,MN,AGL,CE,Towers with Radar,897,406,37,4,1344,0,0,1,0,1,897,406,38,4,1345,0,0,0,1345
07/31/2009,MSP,MN,AGL,CE,Towers with Radar,871,396,31,9,1307,0,0,4,1,5,871,396,35,10,1312,0,0,0,1312
08/01/2009,MSP,MN,AGL,CE,Towers with Radar,825,356,15,8,1204,0,1,1,0,2,825,357,16,8,1206,0,0,0,1206
08/02/2009,MSP,MN,AGL,CE,Towers with Radar,826,337,18,9,1190,0,0,2,0,2,826,337,20,9,1192,0,0,0,1192
08/03/2009,MSP,MN,AGL,CE,Towers with Radar,902,383,48,9,1342,0,0,0,0,0,902,383,48,9,1342,0,0,0,1342
08/04/2009,MSP,MN,AGL,CE,Towers with Radar,896,399,44,4,1343,0,0,0,0,0,896,399,44,4,1343,0,0,0,1343
08/05/2009,MSP,MN,AGL,CE,Towers with Radar,901,406,37,2,1346,0,0,2,0,2,901,406,39,2,1348,0,0,0,1348
08/06/2009,MSP,MN,AGL,CE,Towers with Radar,898,411,61,1,1371,0,0,1,0,1,898,411,62,1,1372,0,0,0,1372
08/07/2009,MSP,MN,AGL,CE,Towers with Radar,896,396,26,7,1325,0,0,0,0,0,896,396,26,7,1325,0,0,0,1325
08/08/2009,MSP,MN,AGL,CE,Towers with Radar,803,352,7,16,1178,0,0,0,0,0,803,352,7,16,1178,0,0,0,1178
08/09/2009,MSP,MN,AGL,CE,Towers with Radar,843,360,23,13,1239,0,0,0,0,0,843,360,23,13,1239,0,0,0,1239
08/10/2009,MSP,MN,AGL,CE,Towers with Radar,882,400,48,5,1335,0,0,1,1,2,882,400,49,6,1337,0,0,0,1337
08/11/2009,MSP,MN,AGL,CE,Towers with Radar,915,413,41,12,1381,0,0,4,0,4,915,413,45,12,1385,0,0,0,1385
08/12/2009,MSP,MN,AGL,CE,Towers with Radar,888,410,44,4,1346,0,0,14,0,14,888,410,58,4,1360,0,0,0,1360
08/13/2009,MSP,MN,AGL,CE,Towers with Radar,890,413,51,8,1362,0,0,3,0,3,890,413,54,8,1365,0,0,0,1365
08/14/2009,MSP,MN,AGL,CE,Towers with Radar,894,407,39,3,1343,0,0,5,0,5,894,407,44,3,1348,0,0,0,1348
08/15/2009,MSP,MN,AGL,CE,Towers with Radar,798,356,27,3,1184,0,0,1,0,1,798,356,28,3,1185,0,0,0,1185
08/16/2009,MSP,MN,AGL,CE,Towers with Radar,859,389,53,5,1306,0,1,0,0,1,859,390,53,5,1307,0,0,0,1307
08/17/2009,MSP,MN,AGL,CE,Towers with Radar,879,385,50,13,1327,0,0,0,2,2,879,385,50,15,1329,0,0,0,1329
08/18/2009,MSP,MN,AGL,CE,Towers with Radar,823,361,35,12,1231,0,0,2,0,2,823,361,37,12,1233,0,0,0,1233
08/19/2009,MSP,MN,AGL,CE,Towers with Radar,737,304,51,1,1093,0,0,4,0,4,737,304,55,1,1097,0,0,0,1097
08/20/2009,MSP,MN,AGL,CE,Towers with Radar,819,315,31,12,1177,0,0,4,0,4,819,315,35,12,1181,0,0,0,1181
08/21/2009,MSP,MN,AGL,CE,Towers with Radar,815,364,44,7,1230,0,0,3,0,3,815,364,47,7,1233,0,0,0,1233
08/22/2009,MSP,MN,AGL,CE,Towers with Radar,716,287,21,8,1032,0,0,7,0,7,716,287,28,8,1039,0,0,0,1039
08/23/2009,MSP,MN,AGL,CE,Towers with Radar,777,304,25,9,1115,0,0,3,1,4,777,304,28,10,1119,0,0,0,1119
08/24/2009,MSP,MN,AGL,CE,Towers with Radar,813,354,39,3,1209,0,0,0,1,1,813,354,39,4,1210,0,0,0,1210
08/25/2009,MSP,MN,AGL,CE,Towers with Radar,823,356,45,7,1231,0,0,2,0,2,823,356,47,7,1233,0,0,0,1233
08/26/2009,MSP,MN,AGL,CE,Towers with Radar,816,383,36,11,1246,0,0,0,1,1,816,383,36,12,1247,0,0,0,1247
08/27/2009,MSP,MN,AGL,CE,Towers with Radar,830,365,41,11,1247,0,0,1,1,2,830,365,42,12,1249,0,0,0,1249
08/28/2009,MSP,MN,AGL,CE,Towers with Radar,830,362,28,1,1221,0,0,0,0,0,830,362,28,1,1221,0,0,0,1221
08/29/2009,MSP,MN,AGL,CE,Towers with Radar,693,299,5,1,998,0,0,3,0,3,693,299,8,1,1001,0,0,0,1001
08/30/2009,MSP,MN,AGL,CE,Towers with Radar,768,309,16,2,1095,0,0,1,0,1,768,309,17,2,1096,0,0,0,1096
08/31/2009,MSP,MN,AGL,CE,Towers with Radar,795,349,39,7,1190,0,1,4,1,6,795,350,43,8,1196,0,0,0,1196
09/01/2009,MSP,MN,AGL,CE,Towers with Radar,756,376,30,6,1168,0,0,1,1,2,756,376,31,7,1170,0,0,0,1170
09/02/2009,MSP,MN,AGL,CE,Towers with Radar,766,380,51,5,1202,0,0,5,2,7,766,380,56,7,1209,0,0,0,1209
09/03/2009,MSP,MN,AGL,CE,Towers with Radar,781,379,44,9,1213,0,0,0,1,1,781,379,44,10,1214,0,0,0,1214
09/04/2009,MSP,MN,AGL,CE,Towers with Radar,779,380,30,2,1191,0,0,0,4,4,779,380,30,6,1195,0,0,0,1195
09/05/2009,MSP,MN,AGL,CE,Towers with Radar,633,264,6,0,903,0,0,0,0,0,633,264,6,0,903,0,0,0,903
09/06/2009,MSP,MN,AGL,CE,Towers with Radar,605,250,7,0,862,0,1,1,0,2,605,251,8,0,864,0,0,0,864
09/07/2009,MSP,MN,AGL,CE,Towers with Radar,707,319,19,0,1045,0,0,1,0,1,707,319,20,0,1046,0,0,0,1046
09/08/2009,MSP,MN,AGL,CE,Towers with Radar,748,396,40,11,1195,0,0,1,0,1,748,396,41,11,1196,0,0,0,1196
09/09/2009,MSP,MN,AGL,CE,Towers with Radar,772,399,39,14,1224,0,2,1,0,3,772,401,40,14,1227,0,0,0,1227
09/10/2009,MSP,MN,AGL,CE,Towers with Radar,762,382,32,13,1189,0,0,7,3,10,762,382,39,16,1199,0,0,0,1199
09/11/2009,MSP,MN,AGL,CE,Towers with Radar,760,387,32,10,1189,0,2,1,1,4,760,389,33,11,1193,0,0,0,1193
09/12/2009,MSP,MN,AGL,CE,Towers with Radar,648,288,17,13,966,0,0,8,2,10,648,288,25,15,976,0,0,0,976
09/13/2009,MSP,MN,AGL,CE,Towers with Radar,718,305,27,18,1068,0,0,4,1,5,718,305,31,19,1073,0,0,0,1073
09/14/2009,MSP,MN,AGL,CE,Towers with Radar,758,377,48,6,1189,0,2,3,1,6,758,379,51,7,1195,0,0,0,1195
09/15/2009,MSP,MN,AGL,CE,Towers with Radar,743,393,46,5,1187,0,0,2,0,2,743,393,48,5,1189,0,0,0,1189
09/16/2009,MSP,MN,AGL,CE,Towers with Radar,750,385,52,8,1195,0,0,1,0,1,750,385,53,8,1196,0,0,0,1196
09/17/2009,MSP,MN,AGL,CE,Towers with Radar,767,390,55,3,1215,0,0,2,0,2,767,390,57,3,1217,0,0,0,1217
09/18/2009,MSP,MN,AGL,CE,Towers with Radar,769,394,26,1,1190,0,0,0,1,1,769,394,26,2,1191,0,0,0,1191
09/19/2009,MSP,MN,AGL,CE,Towers with Radar,635,289,9,2,935,0,0,0,2,2,635,289,9,4,937,0,0,0,937
09/20/2009,MSP,MN,AGL,CE,Towers with Radar,714,307,27,3,1051,0,0,2,1,3,714,307,29,4,1054,0,0,0,1054
09/21/2009,MSP,MN,AGL,CE,Towers with Radar,756,360,43,8,1167,0,0,4,3,7,756,360,47,11,1174,0,0,0,1174
09/22/2009,MSP,MN,AGL,CE,Towers with Radar,747,369,47,9,1172,0,0,1,2,3,747,369,48,11,1175,0,0,0,1175
09/23/2009,MSP,MN,AGL,CE,Towers with Radar,755,386,57,11,1209,0,0,2,0,2,755,386,59,11,1211,0,0,0,1211
09/24/2009,MSP,MN,AGL,CE,Towers with Radar,769,377,54,12,1212,0,1,1,1,3,769,378,55,13,1215,0,0,0,1215
09/25/2009,MSP,MN,AGL,CE,Towers with Radar,751,327,31,3,1112,0,0,0,0,0,751,327,31,3,1112,0,0,0,1112
09/26/2009,MSP,MN,AGL,CE,Towers with Radar,648,285,14,2,949,0,0,0,0,0,648,285,14,2,949,0,0,0,949
09/27/2009,MSP,MN,AGL,CE,Towers with Radar,692,305,35,3,1035,0,0,1,0,1,692,305,36,3,1036,0,0,0,1036
09/28/2009,MSP,MN,AGL,CE,Towers with Radar,785,382,44,3,1214,0,1,0,0,1,785,383,44,3,1215,0,0,0,1215
09/29/2009,MSP,MN,AGL,CE,Towers with Radar,743,398,60,10,1211,0,0,5,0,5,743,398,65,10,1216,0,0,0,1216
09/30/2009,MSP,MN,AGL,CE,Towers with Radar,765,395,51,9,1220,0,0,2,0,2,765,395,53,9,1222,0,0,0,1222
10/01/2009,MSP,MN,AGL,CE,Towers with Radar,637,247,36,8,928,0,0,0,1,1,637,247,36,9,929,0,0,0,929
10/02/2009,MSP,MN,AGL,CE,Towers with Radar,730,269,28,8,1035,0,0,0,0,0,730,269,28,8,1035,0,0,0,1035
10/03/2009,MSP,MN,AGL,CE,Towers with Radar,690,299,7,2,998,0,0,0,0,0,690,299,7,2,998,0,0,0,998
10/04/2009,MSP,MN,AGL,CE,Towers with Radar,701,314,17,3,1035,0,0,0,0,0,701,314,17,3,1035,0,0,0,1035
10/05/2009,MSP,MN,AGL,CE,Towers with Radar,746,377,59,8,1190,0,0,2,0,2,746,377,61,8,1192,0,0,0,1192
10/06/2009,MSP,MN,AGL,CE,Towers with Radar,697,330,56,4,1087,0,0,0,0,0,697,330,56,4,1087,0,0,0,1087
10/07/2009,MSP,MN,AGL,CE,Towers with Radar,747,389,68,8,1212,0,0,1,0,1,747,389,69,8,1213,0,0,0,1213
10/08/2009,MSP,MN,AGL,CE,Towers with Radar,764,380,44,10,1198,0,0,0,0,0,764,380,44,10,1198,0,0,0,1198
10/09/2009,MSP,MN,AGL,CE,Towers with Radar,748,386,39,12,1185,0,2,3,0,5,748,388,42,12,1190,0,0,0,1190
10/10/2009,MSP,MN,AGL,CE,Towers with Radar,633,286,25,8,952,0,0,5,0,5,633,286,30,8,957,0,0,0,957
10/11/2009,MSP,MN,AGL,CE,Towers with Radar,703,311,27,3,1044,0,0,5,2,7,703,311,32,5,1051,0,0,0,1051
10/12/2009,MSP,MN,AGL,CE,Towers with Radar,668,318,47,0,1033,0,0,0,0,0,668,318,47,0,1033,0,0,0,1033
10/13/2009,MSP,MN,AGL,CE,Towers with Radar,734,377,40,13,1164,0,0,2,1,3,734,377,42,14,1167,0,0,0,1167
10/14/2009,MSP,MN,AGL,CE,Towers with Radar,752,401,48,9,1210,0,0,2,1,3,752,401,50,10,1213,0,0,0,1213
10/15/2009,MSP,MN,AGL,CE,Towers with Radar,662,251,33,9,955,0,0,0,0,0,662,251,33,9,955,0,0,0,955
10/16/2009,MSP,MN,AGL,CE,Towers with Radar,819,430,42,3,1294,0,0,0,0,0,819,430,42,3,1294,0,0,0,1294
10/17/2009,MSP,MN,AGL,CE,Towers with Radar,639,279,9,1,928,0,0,3,0,3,639,279,12,1,931,0,0,0,931
10/18/2009,MSP,MN,AGL,CE,Towers with Radar,710,305,27,1,1043,0,0,0,0,0,710,305,27,1,1043,0,0,0,1043
10/19/2009,MSP,MN,AGL,CE,Towers with Radar,746,363,38,7,1154,0,0,0,0,0,746,363,38,7,1154,0,0,0,1154
10/20/2009,MSP,MN,AGL,CE,Towers with Radar,693,335,52,8,1088,0,0,0,0,0,693,335,52,8,1088,0,0,0,1088
10/21/2009,MSP,MN,AGL,CE,Towers with Radar,687,317,31,6,1041,0,0,0,0,0,687,317,31,6,1041,0,0,0,1041
10/22/2009,MSP,MN,AGL,CE,Towers with Radar,782,402,35,8,1227,0,0,2,0,2,782,402,37,8,1229,0,0,0,1229
10/23/2009,MSP,MN,AGL,CE,Towers with Radar,704,344,36,3,1087,0,0,0,0,0,704,344,36,3,1087,0,0,0,1087
10/24/2009,MSP,MN,AGL,CE,Towers with Radar,652,286,21,0,959,0,0,5,3,8,652,286,26,3,967,0,0,0,967
10/25/2009,MSP,MN,AGL,CE,Towers with Radar,664,256,18,1,939,0,0,0,0,0,664,256,18,1,939,0,0,0,939
10/26/2009,MSP,MN,AGL,CE,Towers with Radar,756,381,34,11,1182,0,0,1,0,1,756,381,35,11,1183,0,0,0,1183
10/27/2009,MSP,MN,AGL,CE,Towers with Radar,727,381,46,19,1173,0,0,0,0,0,727,381,46,19,1173,0,0,0,1173
10/28/2009,MSP,MN,AGL,CE,Towers with Radar,661,305,29,2,997,0,0,12,0,12,661,305,41,2,1009,0,0,0,1009
10/29/2009,MSP,MN,AGL,CE,Towers with Radar,676,297,40,3,1016,0,0,4,0,4,676,297,44,3,1020,0,0,0,1020
10/30/2009,MSP,MN,AGL,CE,Towers with Radar,755,325,33,10,1123,0,0,0,0,0,755,325,33,10,1123,0,0,0,1123
10/31/2009,MSP,MN,AGL,CE,Towers with Radar,665,289,10,0,964,0,0,0,0,0,665,289,10,0,964,0,0,0,964
11/01/2009,MSP,MN,AGL,CE,Towers with Radar,704,294,21,4,1023,0,0,0,0,0,704,294,21,4,1023,0,0,0,1023
11/02/2009,MSP,MN,AGL,CE,Towers with Radar,743,354,50,9,1156,0,0,12,0,12,743,354,62,9,1168,0,0,0,1168
11/03/2009,MSP,MN,AGL,CE,Towers with Radar,725,355,53,9,1142,0,0,21,2,23,725,355,74,11,1165,0,0,0,1165
11/04/2009,MSP,MN,AGL,CE,Towers with Radar,741,369,49,10,1169,0,0,1,0,1,741,369,50,10,1170,0,0,0,1170
11/05/2009,MSP,MN,AGL,CE,Towers with Radar,772,363,51,18,1204,0,0,2,0,2,772,363,53,18,1206,0,0,0,1206
11/06/2009,MSP,MN,AGL,CE,Towers with Radar,764,378,33,14,1189,0,0,5,1,6,764,378,38,15,1195,0,0,0,1195
11/07/2009,MSP,MN,AGL,CE,Towers with Radar,633,255,11,5,904,0,0,0,3,3,633,255,11,8,907,0,0,0,907
11/08/2009,MSP,MN,AGL,CE,Towers with Radar,698,303,22,4,1027,0,0,1,0,1,698,303,23,4,1028,0,0,0,1028
11/09/2009,MSP,MN,AGL,CE,Towers with Radar,742,360,46,0,1148,0,1,0,0,1,742,361,46,0,1149,0,0,0,1149
11/10/2009,MSP,MN,AGL,CE,Towers with Radar,731,357,62,17,1167,0,0,0,2,2,731,357,62,19,1169,0,0,0,1169
11/11/2009,MSP,MN,AGL,CE,Towers with Radar,745,384,31,1,1161,0,0,0,0,0,745,384,31,1,1161,0,0,0,1161
11/12/2009,MSP,MN,AGL,CE,Towers with Radar,752,362,54,20,1188,0,0,7,4,11,752,362,61,24,1199,0,0,0,1199
11/13/2009,MSP,MN,AGL,CE,Towers with Radar,758,368,42,4,1172,0,0,0,0,0,758,368,42,4,1172,0,0,0,1172
11/14/2009,MSP,MN,AGL,CE,Towers with Radar,629,267,14,0,910,0,0,1,1,2,629,267,15,1,912,0,0,0,912
11/15/2009,MSP,MN,AGL,CE,Towers with Radar,701,303,24,1,1029,0,0,1,0,1,701,303,25,1,1030,0,0,0,1030
11/16/2009,MSP,MN,AGL,CE,Towers with Radar,753,349,49,15,1166,0,2,4,0,6,753,351,53,15,1172,0,0,0,1172
11/17/2009,MSP,MN,AGL,CE,Towers with Radar,731,362,55,13,1161,0,3,4,0,7,731,365,59,13,1168,0,0,0,1168
11/18/2009,MSP,MN,AGL,CE,Towers with Radar,747,371,56,10,1184,0,0,1,0,1,747,371,57,10,1185,0,0,0,1185
11/19/2009,MSP,MN,AGL,CE,Towers with Radar,769,372,63,9,1213,0,0,0,1,1,769,372,63,10,1214,0,0,0,1214
11/20/2009,MSP,MN,AGL,CE,Towers with Radar,771,373,39,4,1187,0,1,2,0,3,771,374,41,4,1190,0,0,0,1190
11/21/2009,MSP,MN,AGL,CE,Towers with Radar,629,261,18,5,913,0,0,0,0,0,629,261,18,5,913,0,0,0,913
11/22/2009,MSP,MN,AGL,CE,Towers with Radar,697,292,19,18,1026,0,0,0,0,0,697,292,19,18,1026,0,0,0,1026
11/23/2009,MSP,MN,AGL,CE,Towers with Radar,731,342,42,11,1126,0,0,0,1,1,731,342,42,12,1127,0,0,0,1127
11/24/2009,MSP,MN,AGL,CE,Towers with Radar,774,368,39,16,1197,0,0,0,0,0,774,368,39,16,1197,0,0,0,1197
11/25/2009,MSP,MN,AGL,CE,Towers with Radar,788,362,16,4,1170,0,0,1,1,2,788,362,17,5,1172,0,0,0,1172
11/26/2009,MSP,MN,AGL,CE,Towers with Radar,516,230,3,0,749,0,0,0,0,0,516,230,3,0,749,0,0,0,749
11/27/2009,MSP,MN,AGL,CE,Towers with Radar,566,234,10,3,813,0,0,0,0,0,566,234,10,3,813,0,0,0,813
11/28/2009,MSP,MN,AGL,CE,Towers with Radar,696,302,15,1,1014,0,0,1,0,1,696,302,16,1,1015,0,0,0,1015
11/29/2009,MSP,MN,AGL,CE,Towers with Radar,783,354,37,0,1174,0,0,0,0,0,783,354,37,0,1174,0,0,0,1174
11/30/2009,MSP,MN,AGL,CE,Towers with Radar,778,362,48,6,1194,0,0,2,2,4,778,362,50,8,1198,0,0,0,1198
12/01/2009,MSP,MN,AGL,CE,Towers with Radar,751,362,45,11,1169,0,0,1,0,1,751,362,46,11,1170,0,0,0,1170
12/02/2009,MSP,MN,AGL,CE,Towers with Radar,735,354,35,6,1130,0,1,1,0,2,735,355,36,6,1132,0,0,0,1132
12/03/2009,MSP,MN,AGL,CE,Towers with Radar,751,355,55,12,1173,0,1,1,0,2,751,356,56,12,1175,0,0,0,1175
12/04/2009,MSP,MN,AGL,CE,Towers with Radar,757,358,32,7,1154,0,0,0,1,1,757,358,32,8,1155,0,0,0,1155
12/05/2009,MSP,MN,AGL,CE,Towers with Radar,599,258,11,2,870,0,0,0,0,0,599,258,11,2,870,0,0,0,870
12/06/2009,MSP,MN,AGL,CE,Towers with Radar,671,288,14,6,979,0,0,3,0,3,671,288,17,6,982,0,0,0,982
12/07/2009,MSP,MN,AGL,CE,Towers with Radar,733,347,40,6,1126,0,0,1,2,3,733,347,41,8,1129,0,0,0,1129
12/08/2009,MSP,MN,AGL,CE,Towers with Radar,633,284,37,2,956,0,0,0,0,0,633,284,37,2,956,0,0,0,956
12/09/2009,MSP,MN,AGL,CE,Towers with Radar,669,276,36,6,987,0,0,0,0,0,669,276,36,6,987,0,0,0,987
12/10/2009,MSP,MN,AGL,CE,Towers with Radar,753,349,46,10,1158,0,1,2,0,3,753,350,48,10,1161,0,0,0,1161
12/11/2009,MSP,MN,AGL,CE,Towers with Radar,743,354,47,5,1149,0,0,1,2,3,743,354,48,7,1152,0,0,0,1152
12/12/2009,MSP,MN,AGL,CE,Towers with Radar,616,262,10,1,889,0,0,1,3,4,616,262,11,4,893,0,0,0,893
12/13/2009,MSP,MN,AGL,CE,Towers with Radar,661,284,33,3,981,0,0,1,0,1,661,284,34,3,982,0,0,0,982
12/14/2009,MSP,MN,AGL,CE,Towers with Radar,719,344,51,8,1122,0,0,0,2,2,719,344,51,10,1124,0,0,0,1124
12/15/2009,MSP,MN,AGL,CE,Towers with Radar,738,365,54,11,1168,0,0,0,0,0,738,365,54,11,1168,0,0,0,1168
12/16/2009,MSP,MN,AGL,CE,Towers with Radar,749,364,50,15,1178,0,0,2,0,2,749,364,52,15,1180,0,0,0,1180
12/17/2009,MSP,MN,AGL,CE,Towers with Radar,750,358,56,14,1178,0,0,2,0,2,750,358,58,14,1180,0,0,0,1180
12/18/2009,MSP,MN,AGL,CE,Towers with Radar,741,391,52,6,1190,0,0,3,0,3,741,391,55,6,1193,0,0,0,1193
12/19/2009,MSP,MN,AGL,CE,Towers with Radar,699,337,16,0,1052,0,0,0,0,0,699,337,16,0,1052,0,0,0,1052
12/20/2009,MSP,MN,AGL,CE,Towers with Radar,682,344,9,0,1035,0,0,0,0,0,682,344,9,0,1035,0,0,0,1035
12/21/2009,MSP,MN,AGL,CE,Towers with Radar,767,358,19,10,1154,0,0,0,0,0,767,358,19,10,1154,0,0,0,1154
12/22/2009,MSP,MN,AGL,CE,Towers with Radar,778,362,28,12,1180,0,0,1,0,1,778,362,29,12,1181,0,0,0,1181
12/23/2009,MSP,MN,AGL,CE,Towers with Radar,749,361,12,7,1129,0,0,1,0,1,749,361,13,7,1130,0,0,0,1130
12/24/2009,MSP,MN,AGL,CE,Towers with Radar,684,210,9,0,903,0,0,0,0,0,684,210,9,0,903,0,0,0,903
12/25/2009,MSP,MN,AGL,CE,Towers with Radar,592,209,6,0,807,0,0,0,0,0,592,209,6,0,807,0,0,0,807
12/26/2009,MSP,MN,AGL,CE,Towers with Radar,680,320,13,0,1013,0,0,0,0,0,680,320,13,0,1013,0,0,0,1013
12/27/2009,MSP,MN,AGL,CE,Towers with Radar,761,334,23,0,1118,0,0,1,0,1,761,334,24,0,1119,0,0,0,1119
12/28/2009,MSP,MN,AGL,CE,Towers with Radar,768,358,17,4,1147,0,0,1,1,2,768,358,18,5,1149,0,0,0,1149
12/29/2009,MSP,MN,AGL,CE,Towers with Radar,779,395,14,13,1201,0,0,2,0,2,779,395,16,13,1203,0,0,0,1203
12/30/2009,MSP,MN,AGL,CE,Towers with Radar,776,393,13,7,1189,0,0,0,0,0,776,393,13,7,1189,0,0,0,1189
12/31/2009,MSP,MN,AGL,CE,Towers with Radar,704,322,13,0,1039,0,0,1,0,1,704,322,14,0,1040,0,0,0,1040
01/01/2010,MSP,MN,AGL,CE,Towers with Radar,651,263,9,0,923,0,2,0,0,2,651,265,9,0,925,0,0,0,925
01/02/2010,MSP,MN,AGL,CE,Towers with Radar,721,335,10,0,1066,0,0,1,0,1,721,335,11,0,1067,0,0,0,1067
01/03/2010,MSP,MN,AGL,CE,Towers with Radar,747,343,30,0,1120,0,0,0,0,0,747,343,30,0,1120,0,0,0,1120
01/04/2010,MSP,MN,AGL,CE,Towers with Radar,755,348,35,7,1145,0,0,0,0,0,755,348,35,7,1145,0,0,0,1145
01/05/2010,MSP,MN,AGL,CE,Towers with Radar,737,348,28,13,1126,0,0,7,0,7,737,348,35,13,1133,0,0,0,1133
01/06/2010,MSP,MN,AGL,CE,Towers with Radar,745,349,44,6,1144,0,0,2,0,2,745,349,46,6,1146,0,0,0,1146
01/07/2010,MSP,MN,AGL,CE,Towers with Radar,703,363,41,4,1111,0,0,0,0,0,703,363,41,4,1111,0,0,0,1111
01/08/2010,MSP,MN,AGL,CE,Towers with Radar,771,356,36,10,1173,0,1,3,0,4,771,357,39,10,1177,0,0,0,1177
01/09/2010,MSP,MN,AGL,CE,Towers with Radar,634,259,7,4,904,0,0,0,0,0,634,259,7,4,904,0,0,0,904
01/10/2010,MSP,MN,AGL,CE,Towers with Radar,710,291,18,5,1024,0,0,0,0,0,710,291,18,5,1024,0,0,0,1024
01/11/2010,MSP,MN,AGL,CE,Towers with Radar,748,344,45,14,1151,0,0,0,0,0,748,344,45,14,1151,0,0,0,1151
01/12/2010,MSP,MN,AGL,CE,Towers with Radar,731,359,30,18,1138,0,0,0,0,0,731,359,30,18,1138,0,0,0,1138
01/13/2010,MSP,MN,AGL,CE,Towers with Radar,743,364,34,10,1151,0,0,0,0,0,743,364,34,10,1151,0,0,0,1151
01/14/2010,MSP,MN,AGL,CE,Towers with Radar,759,388,36,25,1208,0,0,0,0,0,759,388,36,25,1208,0,0,0,1208
01/15/2010,MSP,MN,AGL,CE,Towers with Radar,758,350,33,6,1147,0,0,0,1,1,758,350,33,7,1148,0,0,0,1148
01/16/2010,MSP,MN,AGL,CE,Towers with Radar,628,256,12,4,900,0,1,2,0,3,628,257,14,4,903,0,0,0,903
01/17/2010,MSP,MN,AGL,CE,Towers with Radar,656,271,36,1,964,0,1,1,0,2,656,272,37,1,966,0,0,0,966
01/18/2010,MSP,MN,AGL,CE,Towers with Radar,757,350,44,2,1153,0,0,0,0,0,757,350,44,2,1153,0,0,0,1153
01/19/2010,MSP,MN,AGL,CE,Towers with Radar,725,352,36,5,1118,0,0,0,0,0,725,352,36,5,1118,0,0,0,1118
01/20/2010,MSP,MN,AGL,CE,Towers with Radar,733,362,42,0,1137,0,0,2,0,2,733,362,44,0,1139,0,0,0,1139
01/21/2010,MSP,MN,AGL,CE,Towers with Radar,753,355,39,0,1147,0,0,0,0,0,753,355,39,0,1147,0,0,0,1147
01/22/2010,MSP,MN,AGL,CE,Towers with Radar,747,350,35,13,1145,0,0,0,0,0,747,350,35,13,1145,0,0,0,1145
01/23/2010,MSP,MN,AGL,CE,Towers with Radar,637,252,8,6,903,0,0,0,0,0,637,252,8,6,903,0,0,0,903
01/24/2010,MSP,MN,AGL,CE,Towers with Radar,689,283,22,5,999,0,0,0,0,0,689,283,22,5,999,0,0,0,999
01/25/2010,MSP,MN,AGL,CE,Towers with Radar,729,318,48,3,1098,0,0,0,0,0,729,318,48,3,1098,0,0,0,1098
01/26/2010,MSP,MN,AGL,CE,Towers with Radar,720,359,51,7,1137,0,0,1,0,1,720,359,52,7,1138,0,0,0,1138
01/27/2010,MSP,MN,AGL,CE,Towers with Radar,752,366,50,16,1184,0,0,1,0,1,752,366,51,16,1185,0,0,0,1185
01/28/2010,MSP,MN,AGL,CE,Towers with Radar,761,359,49,19,1188,0,0,0,0,0,761,359,49,19,1188,0,0,0,1188
01/29/2010,MSP,MN,AGL,CE,Towers with Radar,751,349,28,8,1136,0,0,2,0,2,751,349,30,8,1138,0,0,0,1138
01/30/2010,MSP,MN,AGL,CE,Towers with Radar,623,259,6,3,891,0,1,0,0,1,623,260,6,3,892,0,0,0,892
01/31/2010,MSP,MN,AGL,CE,Towers with Radar,710,288,20,5,1023,0,0,1,0,1,710,288,21,5,1024,0,0,0,1024
02/01/2010,MSP,MN,AGL,CE,Towers with Radar,733,328,39,1,1101,0,0,16,0,16,733,328,55,1,1117,0,0,0,1117
02/02/2010,MSP,MN,AGL,CE,Towers with Radar,736,370,45,9,1160,0,0,1,0,1,736,370,46,9,1161,0,0,0,1161
02/03/2010,MSP,MN,AGL,CE,Towers with Radar,756,359,50,11,1176,0,2,24,0,26,756,361,74,11,1202,0,0,0,1202
02/04/2010,MSP,MN,AGL,CE,Towers with Radar,746,351,45,1,1143,0,1,6,0,7,746,352,51,1,1150,0,0,0,1150
02/05/2010,MSP,MN,AGL,CE,Towers with Radar,767,364,29,4,1164,0,0,0,0,0,767,364,29,4,1164,0,0,0,1164
02/06/2010,MSP,MN,AGL,CE,Towers with Radar,611,262,9,5,887,0,0,0,0,0,611,262,9,5,887,0,0,0,887
02/07/2010,MSP,MN,AGL,CE,Towers with Radar,667,287,12,4,970,0,0,0,0,0,667,287,12,4,970,0,0,0,970
02/08/2010,MSP,MN,AGL,CE,Towers with Radar,666,313,44,2,1025,0,0,0,0,0,666,313,44,2,1025,0,0,0,1025
02/09/2010,MSP,MN,AGL,CE,Towers with Radar,709,398,46,15,1168,0,0,1,0,1,709,398,47,15,1169,0,0,0,1169
02/10/2010,MSP,MN,AGL,CE,Towers with Radar,681,352,47,12,1092,0,0,3,0,3,681,352,50,12,1095,0,0,0,1095
02/11/2010,MSP,MN,AGL,CE,Towers with Radar,744,371,51,12,1178,0,0,4,1,5,744,371,55,13,1183,0,0,0,1183
02/12/2010,MSP,MN,AGL,CE,Towers with Radar,755,390,37,1,1183,0,0,2,0,2,755,390,39,1,1185,0,0,0,1185
02/13/2010,MSP,MN,AGL,CE,Towers with Radar,689,304,10,2,1005,0,0,0,0,0,689,304,10,2,1005,0,0,0,1005
02/14/2010,MSP,MN,AGL,CE,Towers with Radar,717,289,13,5,1024,0,0,0,0,0,717,289,13,5,1024,0,0,0,1024
02/15/2010,MSP,MN,AGL,CE,Towers with Radar,784,374,36,0,1194,0,3,0,0,3,784,377,36,0,1197,0,0,0,1197
02/16/2010,MSP,MN,AGL,CE,Towers with Radar,776,379,41,5,1201,0,2,4,0,6,776,381,45,5,1207,0,0,0,1207
02/17/2010,MSP,MN,AGL,CE,Towers with Radar,799,396,45,14,1254,0,0,7,0,7,799,396,52,14,1261,0,0,0,1261
02/18/2010,MSP,MN,AGL,CE,Towers with Radar,804,389,54,14,1261,0,0,3,0,3,804,389,57,14,1264,0,0,0,1264
02/19/2010,MSP,MN,AGL,CE,Towers with Radar,776,396,38,10,1220,0,0,2,0,2,776,396,40,10,1222,0,0,0,1222
02/20/2010,MSP,MN,AGL,CE,Towers with Radar,716,321,9,7,1053,0,0,0,0,0,716,321,9,7,1053,0,0,0,1053
02/21/2010,MSP,MN,AGL,CE,Towers with Radar,749,342,12,2,1105,0,0,0,0,0,749,342,12,2,1105,0,0,0,1105
02/22/2010,MSP,MN,AGL,CE,Towers with Radar,768,371,45,8,1192,0,0,0,0,0,768,371,45,8,1192,0,0,0,1192
02/23/2010,MSP,MN,AGL,CE,Towers with Radar,755,394,39,13,1201,0,0,0,0,0,755,394,39,13,1201,0,0,0,1201
02/24/2010,MSP,MN,AGL,CE,Towers with Radar,771,387,45,9,1212,0,0,2,1,3,771,387,47,10,1215,0,0,0,1215
02/25/2010,MSP,MN,AGL,CE,Towers with Radar,779,386,43,17,1225,0,1,0,3,4,779,387,43,20,1229,0,0,0,1229
02/26/2010,MSP,MN,AGL,CE,Towers with Radar,759,376,35,7,1177,0,0,0,0,0,759,376,35,7,1177,0,0,0,1177
02/27/2010,MSP,MN,AGL,CE,Towers with Radar,724,322,11,2,1059,0,0,1,0,1,724,322,12,2,1060,0,0,0,1060
02/28/2010,MSP,MN,AGL,CE,Towers with Radar,754,336,18,4,1112,0,0,1,0,1,754,336,19,4,1113,0,0,0,1113
03/01/2010,MSP,MN,AGL,CE,Towers with Radar,770,368,45,11,1194,0,0,0,0,0,770,368,45,11,1194,0,0,0,1194
03/02/2010,MSP,MN,AGL,CE,Towers with Radar,778,387,40,13,1218,0,0,1,0,1,778,387,41,13,1219,0,0,0,1219
03/03/2010,MSP,MN,AGL,CE,Towers with Radar,798,378,51,6,1233,0,0,1,0,1,798,378,52,6,1234,0,0,0,1234
03/04/2010,MSP,MN,AGL,CE,Towers with Radar,793,364,30,14,1201,0,1,2,1,4,793,365,32,15,1205,0,0,0,1205
03/05/2010,MSP,MN,AGL,CE,Towers with Radar,799,372,36,10,1217,0,0,2,0,2,799,372,38,10,1219,0,0,0,1219
03/06/2010,MSP,MN,AGL,CE,Towers with Radar,729,319,7,0,1055,0,0,0,0,0,729,319,7,0,1055,0,0,0,1055
03/07/2010,MSP,MN,AGL,CE,Towers with Radar,767,334,20,5,1126,0,0,2,0,2,767,334,22,5,1128,0,0,0,1128
03/08/2010,MSP,MN,AGL,CE,Towers with Radar,787,356,35,6,1184,0,0,0,0,0,787,356,35,6,1184,0,0,0,1184
03/09/2010,MSP,MN,AGL,CE,Towers with Radar,775,357,41,8,1181,0,0,0,0,0,775,357,41,8,1181,0,0,0,1181
03/10/2010,MSP,MN,AGL,CE,Towers with Radar,805,377,50,8,1240,0,0,0,0,0,805,377,50,8,1240,0,0,0,1240
03/11/2010,MSP,MN,AGL,CE,Towers with Radar,790,339,53,9,1191,0,0,0,0,0,790,339,53,9,1191,0,0,0,1191
03/12/2010,MSP,MN,AGL,CE,Towers with Radar,807,371,37,15,1230,0,0,0,0,0,807,371,37,15,1230,0,0,0,1230
03/13/2010,MSP,MN,AGL,CE,Towers with Radar,735,313,10,2,1060,0,0,0,0,0,735,313,10,2,1060,0,0,0,1060
03/14/2010,MSP,MN,AGL,CE,Towers with Radar,785,309,24,2,1120,0,0,0,0,0,785,309,24,2,1120,0,0,0,1120
03/15/2010,MSP,MN,AGL,CE,Towers with Radar,783,371,40,7,1201,0,0,0,0,0,783,371,40,7,1201,0,0,0,1201
03/16/2010,MSP,MN,AGL,CE,Towers with Radar,806,380,32,13,1231,0,0,0,0,0,806,380,32,13,1231,0,0,0,1231
03/17/2010,MSP,MN,AGL,CE,Towers with Radar,822,370,37,10,1239,0,0,1,0,1,822,370,38,10,1240,0,0,0,1240
03/18/2010,MSP,MN,AGL,CE,Towers with Radar,799,381,40,1,1221,0,0,3,1,4,799,381,43,2,1225,0,0,0,1225
03/19/2010,MSP,MN,AGL,CE,Towers with Radar,818,372,34,2,1226,0,1,2,0,3,818,373,36,2,1229,0,0,0,1229
03/20/2010,MSP,MN,AGL,CE,Towers with Radar,723,312,18,2,1055,0,0,0,0,0,723,312,18,2,1055,0,0,0,1055
03/21/2010,MSP,MN,AGL,CE,Towers with Radar,776,328,30,4,1138,0,0,1,0,1,776,328,31,4,1139,0,0,0,1139
03/22/2010,MSP,MN,AGL,CE,Towers with Radar,804,356,57,9,1226,0,0,2,0,2,804,356,59,9,1228,0,0,0,1228
03/23/2010,MSP,MN,AGL,CE,Towers with Radar,795,369,41,17,1222,0,0,0,0,0,795,369,41,17,1222,0,0,0,1222
03/24/2010,MSP,MN,AGL,CE,Towers with Radar,796,380,46,7,1229,0,1,1,0,2,796,381,47,7,1231,0,0,0,1231
03/25/2010,MSP,MN,AGL,CE,Towers with Radar,802,389,50,1,1242,0,0,0,0,0,802,389,50,1,1242,0,0,0,1242
03/26/2010,MSP,MN,AGL,CE,Towers with Radar,817,370,47,2,1236,0,0,1,1,2,817,370,48,3,1238,0,0,0,1238
03/27/2010,MSP,MN,AGL,CE,Towers with Radar,735,310,21,12,1078,0,0,0,0,0,735,310,21,12,1078,0,0,0,1078
03/28/2010,MSP,MN,AGL,CE,Towers with Radar,771,319,20,13,1123,0,0,0,4,4,771,319,20,17,1127,0,0,0,1127
03/29/2010,MSP,MN,AGL,CE,Towers with Radar,794,354,35,0,1183,0,0,0,0,0,794,354,35,0,1183,0,0,0,1183
03/30/2010,MSP,MN,AGL,CE,Towers with Radar,787,366,43,13,1209,0,0,2,0,2,787,366,45,13,1211,0,0,0,1211
03/31/2010,MSP,MN,AGL,CE,Towers with Radar,813,369,45,9,1236,0,2,0,0,2,813,371,45,9,1238,0,0,0,1238
04/01/2010,MSP,MN,AGL,CE,Towers with Radar,818,374,40,6,1238,0,0,2,1,3,818,374,42,7,1241,0,0,0,1241
04/02/2010,MSP,MN,AGL,CE,Towers with Radar,806,355,24,1,1186,0,0,0,0,0,806,355,24,1,1186,0,0,0,1186
04/03/2010,MSP,MN,AGL,CE,Towers with Radar,728,302,5,3,1038,0,0,0,0,0,728,302,5,3,1038,0,0,0,1038
04/04/2010,MSP,MN,AGL,CE,Towers with Radar,776,318,9,0,1103,0,1,2,0,3,776,319,11,0,1106,0,0,0,1106
04/05/2010,MSP,MN,AGL,CE,Towers with Radar,789,353,38,5,1185,0,0,2,2,4,789,353,40,7,1189,0,0,0,1189
04/06/2010,MSP,MN,AGL,CE,Towers with Radar,776,404,52,11,1243,0,0,1,0,1,776,404,53,11,1244,0,0,0,1244
04/07/2010,MSP,MN,AGL,CE,Towers with Radar,766,399,40,22,1227,0,0,5,1,6,766,399,45,23,1233,0,0,0,1233
04/08/2010,MSP,MN,AGL,CE,Towers with Radar,785,400,61,20,1266,0,0,1,0,1,785,400,62,20,1267,0,0,0,1267
04/09/2010,MSP,MN,AGL,CE,Towers with Radar,790,380,44,15,1229,0,0,2,1,3,790,380,46,16,1232,0,0,0,1232
04/10/2010,MSP,MN,AGL,CE,Towers with Radar,659,273,20,3,955,0,0,5,1,6,659,273,25,4,961,0,0,0,961
04/11/2010,MSP,MN,AGL,CE,Towers with Radar,719,342,22,3,1086,0,0,2,1,3,719,342,24,4,1089,0,0,0,1089
04/12/2010,MSP,MN,AGL,CE,Towers with Radar,759,375,45,3,1182,0,0,9,1,10,759,375,54,4,1192,0,0,0,1192
04/13/2010,MSP,MN,AGL,CE,Towers with Radar,771,384,47,6,1208,0,0,1,6,7,771,384,48,12,1215,0,0,0,1215
04/14/2010,MSP,MN,AGL,CE,Towers with Radar,781,395,42,8,1226,0,0,1,1,2,781,395,43,9,1228,0,0,0,1228
04/15/2010,MSP,MN,AGL,CE,Towers with Radar,766,391,65,13,1235,0,0,3,0,3,766,391,68,13,1238,0,0,0,1238
04/16/2010,MSP,MN,AGL,CE,Towers with Radar,765,386,30,11,1192,0,0,0,2,2,765,386,30,13,1194,0,0,0,1194
04/17/2010,MSP,MN,AGL,CE,Towers with Radar,610,262,6,6,884,0,0,13,0,13,610,262,19,6,897,0,0,0,897
04/18/2010,MSP,MN,AGL,CE,Towers with Radar,733,332,28,4,1097,0,0,10,0,10,733,332,38,4,1107,0,0,0,1107
04/19/2010,MSP,MN,AGL,CE,Towers with Radar,745,376,49,13,1183,0,0,0,1,1,745,376,49,14,1184,0,0,0,1184
04/20/2010,MSP,MN,AGL,CE,Towers with Radar,755,390,52,9,1206,0,0,1,0,1,755,390,53,9,1207,0,0,0,1207
04/21/2010,MSP,MN,AGL,CE,Towers with Radar,768,391,54,16,1229,0,0,2,0,2,768,391,56,16,1231,0,0,0,1231
04/22/2010,MSP,MN,AGL,CE,Towers with Radar,766,401,51,19,1237,0,4,5,0,9,766,405,56,19,1246,0,0,0,1246
04/23/2010,MSP,MN,AGL,CE,Towers with Radar,779,389,46,12,1226,0,0,2,0,2,779,389,48,12,1228,0,0,0,1228
04/24/2010,MSP,MN,AGL,CE,Towers with Radar,626,277,8,2,913,0,0,0,0,0,626,277,8,2,913,0,0,0,913
04/25/2010,MSP,MN,AGL,CE,Towers with Radar,721,332,22,1,1076,0,0,1,0,1,721,332,23,1,1077,0,0,0,1077
04/26/2010,MSP,MN,AGL,CE,Towers with Radar,768,375,46,9,1198,0,0,1,0,1,768,375,47,9,1199,0,0,0,1199
04/27/2010,MSP,MN,AGL,CE,Towers with Radar,766,384,43,14,1207,0,0,0,0,0,766,384,43,14,1207,0,0,0,1207
04/28/2010,MSP,MN,AGL,CE,Towers with Radar,771,398,47,15,1231,0,0,2,1,3,771,398,49,16,1234,0,0,0,1234
04/29/2010,MSP,MN,AGL,CE,Towers with Radar,760,386,71,10,1227,0,0,1,0,1,760,386,72,10,1228,0,0,0,1228
04/30/2010,MSP,MN,AGL,CE,Towers with Radar,770,381,41,9,1201,0,0,0,2,2,770,381,41,11,1203,0,0,0,1203
05/01/2010,MSP,MN,AGL,CE,Towers with Radar,625,294,9,9,937,0,0,3,0,3,625,294,12,9,940,0,0,0,940
05/02/2010,MSP,MN,AGL,CE,Towers with Radar,720,350,26,8,1104,0,0,1,0,1,720,350,27,8,1105,0,0,0,1105
05/03/2010,MSP,MN,AGL,CE,Towers with Radar,745,401,48,9,1203,0,0,0,0,0,745,401,48,9,1203,0,0,0,1203
05/04/2010,MSP,MN,AGL,CE,Towers with Radar,768,405,37,13,1223,0,0,0,0,0,768,405,37,13,1223,0,0,0,1223
05/05/2010,MSP,MN,AGL,CE,Towers with Radar,785,418,59,12,1274,0,0,0,1,1,785,418,59,13,1275,0,0,0,1275
05/06/2010,MSP,MN,AGL,CE,Towers with Radar,764,414,44,16,1238,0,0,1,0,1,764,414,45,16,1239,0,0,0,1239
05/07/2010,MSP,MN,AGL,CE,Towers with Radar,765,407,36,2,1210,0,0,0,1,1,765,407,36,3,1211,0,0,0,1211
05/08/2010,MSP,MN,AGL,CE,Towers with Radar,641,302,8,0,951,0,0,0,2,2,641,302,8,2,953,0,0,0,953
05/09/2010,MSP,MN,AGL,CE,Towers with Radar,717,353,17,0,1087,0,0,0,0,0,717,353,17,0,1087,0,0,0,1087
05/10/2010,MSP,MN,AGL,CE,Towers with Radar,742,400,44,8,1194,0,0,0,0,0,742,400,44,8,1194,0,0,0,1194
05/11/2010,MSP,MN,AGL,CE,Towers with Radar,761,413,54,8,1236,0,0,0,2,2,761,413,54,10,1238,0,0,0,1238
05/12/2010,MSP,MN,AGL,CE,Towers with Radar,737,402,51,7,1197,0,0,0,0,0,737,402,51,7,1197,0,0,0,1197
05/13/2010,MSP,MN,AGL,CE,Towers with Radar,769,415,50,11,1245,0,0,0,0,0,769,415,50,11,1245,0,0,0,1245
05/14/2010,MSP,MN,AGL,CE,Towers with Radar,762,413,31,13,1219,0,0,1,0,1,762,413,32,13,1220,0,0,0,1220
05/15/2010,MSP,MN,AGL,CE,Towers with Radar,646,285,8,0,939,0,0,7,0,7,646,285,15,0,946,0,0,0,946
05/16/2010,MSP,MN,AGL,CE,Towers with Radar,709,341,8,1,1059,0,1,3,0,4,709,342,11,1,1063,0,0,0,1063
05/17/2010,MSP,MN,AGL,CE,Towers with Radar,746,390,40,6,1182,0,0,9,0,9,746,390,49,6,1191,0,0,0,1191
05/18/2010,MSP,MN,AGL,CE,Towers with Radar,781,405,49,13,1248,0,0,7,0,7,781,405,56,13,1255,0,0,0,1255
05/19/2010,MSP,MN,AGL,CE,Towers with Radar,770,395,42,7,1214,0,0,8,1,9,770,395,50,8,1223,0,0,0,1223
05/20/2010,MSP,MN,AGL,CE,Towers with Radar,783,411,49,14,1257,0,0,9,0,9,783,411,58,14,1266,0,0,0,1266
05/21/2010,MSP,MN,AGL,CE,Towers with Radar,749,398,53,9,1209,0,0,2,1,3,749,398,55,10,1212,0,0,0,1212
05/22/2010,MSP,MN,AGL,CE,Towers with Radar,647,294,8,7,956,0,0,2,1,3,647,294,10,8,959,0,0,0,959
05/23/2010,MSP,MN,AGL,CE,Towers with Radar,714,342,19,2,1077,0,0,0,4,4,714,342,19,6,1081,0,0,0,1081
05/24/2010,MSP,MN,AGL,CE,Towers with Radar,758,390,50,8,1206,0,0,2,3,5,758,390,52,11,1211,0,0,0,1211
05/25/2010,MSP,MN,AGL,CE,Towers with Radar,750,408,45,14,1217,0,0,2,0,2,750,408,47,14,1219,0,0,0,1219
05/26/2010,MSP,MN,AGL,CE,Towers with Radar,787,415,35,7,1244,0,0,2,0,2,787,415,37,7,1246,0,0,0,1246
05/27/2010,MSP,MN,AGL,CE,Towers with Radar,766,405,39,5,1215,0,1,0,0,1,766,406,39,5,1216,0,0,0,1216
05/28/2010,MSP,MN,AGL,CE,Towers with Radar,779,403,29,2,1213,0,0,2,0,2,779,403,31,2,1215,0,0,0,1215
05/29/2010,MSP,MN,AGL,CE,Towers with Radar,640,281,15,0,936,0,0,1,0,1,640,281,16,0,937,0,0,0,937
05/30/2010,MSP,MN,AGL,CE,Towers with Radar,599,269,11,0,879,0,0,3,0,3,599,269,14,0,882,0,0,0,882
05/31/2010,MSP,MN,AGL,CE,Towers with Radar,718,343,11,0,1072,0,0,3,0,3,718,343,14,0,1075,0,0,0,1075
06/01/2010,MSP,MN,AGL,CE,Towers with Radar,739,391,44,5,1179,0,0,1,0,1,739,391,45,5,1180,0,0,0,1180
06/02/2010,MSP,MN,AGL,CE,Towers with Radar,771,396,55,10,1232,0,0,1,0,1,771,396,56,10,1233,0,0,0,1233
06/03/2010,MSP,MN,AGL,CE,Towers with Radar,789,417,53,10,1269,0,0,4,3,7,789,417,57,13,1276,0,0,0,1276
06/04/2010,MSP,MN,AGL,CE,Towers with Radar,787,400,28,16,1231,0,0,0,0,0,787,400,28,16,1231,0,0,0,1231
06/05/2010,MSP,MN,AGL,CE,Towers with Radar,652,293,23,2,970,0,0,0,0,0,652,293,23,2,970,0,0,0,970
06/06/2010,MSP,MN,AGL,CE,Towers with Radar,715,351,29,5,1100,0,0,0,0,0,715,351,29,5,1100,0,0,0,1100
06/07/2010,MSP,MN,AGL,CE,Towers with Radar,791,395,34,8,1228,0,0,2,0,2,791,395,36,8,1230,0,0,0,1230
06/08/2010,MSP,MN,AGL,CE,Towers with Radar,775,405,48,6,1234,0,0,0,0,0,775,405,48,6,1234,0,0,0,1234
06/09/2010,MSP,MN,AGL,CE,Towers with Radar,781,411,47,13,1252,0,0,4,0,4,781,411,51,13,1256,0,0,0,1256
06/10/2010,MSP,MN,AGL,CE,Towers with Radar,811,443,35,14,1303,0,2,1,3,6,811,445,36,17,1309,0,0,0,1309
06/11/2010,MSP,MN,AGL,CE,Towers with Radar,843,445,26,13,1327,0,0,0,0,0,843,445,26,13,1327,0,0,0,1327
06/12/2010,MSP,MN,AGL,CE,Towers with Radar,746,364,6,5,1121,0,0,0,0,0,746,364,6,5,1121,0,0,0,1121
06/13/2010,MSP,MN,AGL,CE,Towers with Radar,807,398,24,6,1235,0,0,0,0,0,807,398,24,6,1235,0,0,0,1235
06/14/2010,MSP,MN,AGL,CE,Towers with Radar,838,431,54,5,1328,0,0,6,0,6,838,431,60,5,1334,0,0,0,1334
06/15/2010,MSP,MN,AGL,CE,Towers with Radar,835,457,56,7,1355,0,0,5,0,5,835,457,61,7,1360,0,0,0,1360
06/16/2010,MSP,MN,AGL,CE,Towers with Radar,849,446,49,5,1349,0,0,3,0,3,849,446,52,5,1352,0,0,0,1352
06/17/2010,MSP,MN,AGL,CE,Towers with Radar,840,425,48,6,1319,0,0,5,0,5,840,425,53,6,1324,0,0,0,1324
06/18/2010,MSP,MN,AGL,CE,Towers with Radar,843,457,32,7,1339,0,0,1,0,1,843,457,33,7,1340,0,0,0,1340
06/19/2010,MSP,MN,AGL,CE,Towers with Radar,758,357,15,3,1133,0,0,4,0,4,758,357,19,3,1137,0,0,0,1137
06/20/2010,MSP,MN,AGL,CE,Towers with Radar,807,396,9,3,1215,0,0,2,1,3,807,396,11,4,1218,0,0,0,1218
06/21/2010,MSP,MN,AGL,CE,Towers with Radar,834,426,59,6,1325,0,0,0,0,0,834,426,59,6,1325,0,0,0,1325
06/22/2010,MSP,MN,AGL,CE,Towers with Radar,849,458,44,15,1366,0,0,3,1,4,849,458,47,16,1370,0,0,0,1370
06/23/2010,MSP,MN,AGL,CE,Towers with Radar,833,462,41,17,1353,0,0,3,0,3,833,462,44,17,1356,0,0,0,1356
06/24/2010,MSP,MN,AGL,CE,Towers with Radar,855,449,67,15,1386,0,0,10,1,11,855,449,77,16,1397,0,0,0,1397
06/25/2010,MSP,MN,AGL,CE,Towers with Radar,835,424,29,6,1294,0,0,2,0,2,835,424,31,6,1296,0,0,0,1296
06/26/2010,MSP,MN,AGL,CE,Towers with Radar,747,355,8,2,1112,0,0,0,0,0,747,355,8,2,1112,0,0,0,1112
06/27/2010,MSP,MN,AGL,CE,Towers with Radar,806,390,21,8,1225,0,0,0,1,1,806,390,21,9,1226,0,0,0,1226
06/28/2010,MSP,MN,AGL,CE,Towers with Radar,844,432,46,19,1341,0,0,0,0,0,844,432,46,19,1341,0,0,0,1341
06/29/2010,MSP,MN,AGL,CE,Towers with Radar,858,451,62,14,1385,0,1,5,0,6,858,452,67,14,1391,0,0,0,1391
06/30/2010,MSP,MN,AGL,CE,Towers with Radar,853,438,43,8,1342,0,0,5,0,5,853,438,48,8,1347,0,0,0,1347
07/01/2010,MSP,MN,AGL,CE,Towers with Radar,871,452,43,13,1379,0,0,3,1,4,871,452,46,14,1383,0,0,0,1383
07/02/2010,MSP,MN,AGL,CE,Towers with Radar,848,458,19,3,1328,0,0,0,2,2,848,458,19,5,1330,0,0,0,1330
07/03/2010,MSP,MN,AGL,CE,Towers with Radar,761,368,11,2,1142,0,0,2,2,4,761,368,13,4,1146,0,0,0,1146
07/04/2010,MSP,MN,AGL,CE,Towers with Radar,660,279,5,2,946,0,0,2,1,3,660,279,7,3,949,0,0,0,949
07/05/2010,MSP,MN,AGL,CE,Towers with Radar,809,395,9,2,1215,0,0,0,0,0,809,395,9,2,1215,0,0,0,1215
07/06/2010,MSP,MN,AGL,CE,Towers with Radar,833,460,36,2,1331,0,0,0,0,0,833,460,36,2,1331,0,0,0,1331
07/07/2010,MSP,MN,AGL,CE,Towers with Radar,851,453,30,12,1346,0,0,2,0,2,851,453,32,12,1348,0,0,0,1348
07/08/2010,MSP,MN,AGL,CE,Towers with Radar,858,455,34,11,1358,0,0,5,0,5,858,455,39,11,1363,0,0,0,1363
07/09/2010,MSP,MN,AGL,CE,Towers with Radar,844,453,37,16,1350,0,0,2,0,2,844,453,39,16,1352,0,0,0,1352
07/10/2010,MSP,MN,AGL,CE,Towers with Radar,770,359,10,10,1149,0,3,6,0,9,770,362,16,10,1158,0,0,0,1158
07/11/2010,MSP,MN,AGL,CE,Towers with Radar,812,398,16,10,1236,0,0,1,0,1,812,398,17,10,1237,0,0,0,1237
07/12/2010,MSP,MN,AGL,CE,Towers with Radar,839,432,54,5,1330,0,0,2,0,2,839,432,56,5,1332,0,0,0,1332
07/13/2010,MSP,MN,AGL,CE,Towers with Radar,840,451,51,8,1350,0,0,7,0,7,840,451,58,8,1357,0,0,0,1357
07/14/2010,MSP,MN,AGL,CE,Towers with Radar,859,451,60,7,1377,0,0,0,0,0,859,451,60,7,1377,0,0,0,1377
07/15/2010,MSP,MN,AGL,CE,Towers with Radar,860,462,50,10,1382,0,0,3,0,3,860,462,53,10,1385,0,0,0,1385
07/16/2010,MSP,MN,AGL,CE,Towers with Radar,836,457,38,7,1338,1,0,1,0,2,837,457,39,7,1340,0,0,0,1340
07/17/2010,MSP,MN,AGL,CE,Towers with Radar,751,363,23,33,1170,0,0,7,0,7,751,363,30,33,1177,0,0,0,1177
07/18/2010,MSP,MN,AGL,CE,Towers with Radar,798,413,16,5,1232,0,0,3,0,3,798,413,19,5,1235,0,0,0,1235
07/19/2010,MSP,MN,AGL,CE,Towers with Radar,829,438,55,13,1335,0,0,2,0,2,829,438,57,13,1337,0,0,0,1337
07/20/2010,MSP,MN,AGL,CE,Towers with Radar,843,476,41,8,1368,0,0,5,1,6,843,476,46,9,1374,0,0,0,1374
07/21/2010,MSP,MN,AGL,CE,Towers with Radar,834,469,47,10,1360,0,0,3,2,5,834,469,50,12,1365,0,0,0,1365
07/22/2010,MSP,MN,AGL,CE,Towers with Radar,851,463,54,4,1372,0,1,0,0,1,851,464,54,4,1373,0,0,0,1373
07/23/2010,MSP,MN,AGL,CE,Towers with Radar,828,458,27,10,1323,0,0,4,0,4,828,458,31,10,1327,0,0,0,1327
07/24/2010,MSP,MN,AGL,CE,Towers with Radar,762,380,40,26,1208,0,1,4,3,8,762,381,44,29,1216,0,0,0,1216
07/25/2010,MSP,MN,AGL,CE,Towers with Radar,781,409,25,4,1219,0,0,0,0,0,781,409,25,4,1219,0,0,0,1219
07/26/2010,MSP,MN,AGL,CE,Towers with Radar,829,430,59,21,1339,0,0,5,2,7,829,430,64,23,1346,0,0,0,1346
07/27/2010,MSP,MN,AGL,CE,Towers with Radar,841,462,57,4,1364,0,0,1,0,1,841,462,58,4,1365,0,0,0,1365
07/28/2010,MSP,MN,AGL,CE,Towers with Radar,846,463,46,5,1360,0,0,14,0,14,846,463,60,5,1374,0,0,0,1374
07/29/2010,MSP,MN,AGL,CE,Towers with Radar,854,461,52,7,1374,0,0,9,0,9,854,461,61,7,1383,0,0,0,1383
07/30/2010,MSP,MN,AGL,CE,Towers with Radar,846,454,29,8,1337,0,0,1,1,2,846,454,30,9,1339,0,0,0,1339
07/31/2010,MSP,MN,AGL,CE,Towers with Radar,768,370,19,3,1160,0,0,0,1,1,768,370,19,4,1161,0,0,0,1161
08/01/2010,MSP,MN,AGL,CE,Towers with Radar,801,414,15,8,1238,0,0,0,3,3,801,414,15,11,1241,0,0,0,1241
08/02/2010,MSP,MN,AGL,CE,Towers with Radar,842,437,42,5,1326,0,0,1,0,1,842,437,43,5,1327,0,0,0,1327
08/03/2010,MSP,MN,AGL,CE,Towers with Radar,855,452,53,4,1364,0,0,0,0,0,855,452,53,4,1364,0,0,0,1364
08/04/2010,MSP,MN,AGL,CE,Towers with Radar,833,463,65,7,1368,0,0,1,0,1,833,463,66,7,1369,0,0,0,1369
08/05/2010,MSP,MN,AGL,CE,Towers with Radar,858,461,59,7,1385,0,0,1,0,1,858,461,60,7,1386,0,0,0,1386
08/06/2010,MSP,MN,AGL,CE,Towers with Radar,859,462,43,16,1380,0,0,2,0,2,859,462,45,16,1382,0,0,0,1382
08/07/2010,MSP,MN,AGL,CE,Towers with Radar,753,374,18,13,1158,0,0,4,0,4,753,374,22,13,1162,0,0,0,1162
08/08/2010,MSP,MN,AGL,CE,Towers with Radar,811,389,21,8,1229,0,0,1,0,1,811,389,22,8,1230,0,0,0,1230
08/09/2010,MSP,MN,AGL,CE,Towers with Radar,852,432,34,7,1325,0,0,0,0,0,852,432,34,7,1325,0,0,0,1325
08/10/2010,MSP,MN,AGL,CE,Towers with Radar,783,449,53,8,1293,0,0,6,0,6,783,449,59,8,1299,0,0,0,1299
08/11/2010,MSP,MN,AGL,CE,Towers with Radar,900,483,54,4,1441,0,0,5,0,5,900,483,59,4,1446,0,0,0,1446
08/12/2010,MSP,MN,AGL,CE,Towers with Radar,843,462,49,12,1366,0,0,4,3,7,843,462,53,15,1373,0,0,0,1373
08/13/2010,MSP,MN,AGL,CE,Towers with Radar,853,449,27,2,1331,0,0,0,0,0,853,449,27,2,1331,0,0,0,1331
08/14/2010,MSP,MN,AGL,CE,Towers with Radar,762,370,16,7,1155,0,0,2,0,2,762,370,18,7,1157,0,0,0,1157
08/15/2010,MSP,MN,AGL,CE,Towers with Radar,819,400,20,0,1239,0,0,0,0,0,819,400,20,0,1239,0,0,0,1239
08/16/2010,MSP,MN,AGL,CE,Towers with Radar,824,441,43,9,1317,0,0,5,0,5,824,441,48,9,1322,0,0,0,1322
08/17/2010,MSP,MN,AGL,CE,Towers with Radar,834,443,40,9,1326,0,0,3,1,4,834,443,43,10,1330,0,0,0,1330
08/18/2010,MSP,MN,AGL,CE,Towers with Radar,838,454,49,10,1351,0,0,0,0,0,838,454,49,10,1351,0,0,0,1351
08/19/2010,MSP,MN,AGL,CE,Towers with Radar,843,452,48,15,1358,0,0,3,0,3,843,452,51,15,1361,0,0,0,1361
08/20/2010,MSP,MN,AGL,CE,Towers with Radar,825,444,39,5,1313,0,0,0,2,2,825,444,39,7,1315,0,0,0,1315
08/21/2010,MSP,MN,AGL,CE,Towers with Radar,733,312,12,3,1060,0,0,1,0,1,733,312,13,3,1061,0,0,0,1061
08/22/2010,MSP,MN,AGL,CE,Towers with Radar,782,381,23,3,1189,0,0,0,0,0,782,381,23,3,1189,0,0,0,1189
08/23/2010,MSP,MN,AGL,CE,Towers with Radar,828,431,49,9,1317,0,1,1,0,2,828,432,50,9,1319,0,0,0,1319
08/24/2010,MSP,MN,AGL,CE,Towers with Radar,830,450,25,11,1316,0,0,3,0,3,830,450,28,11,1319,0,0,0,1319
08/25/2010,MSP,MN,AGL,CE,Towers with Radar,836,446,48,13,1343,0,0,1,0,1,836,446,49,13,1344,0,0,0,1344
08/26/2010,MSP,MN,AGL,CE,Towers with Radar,839,440,40,12,1331,0,0,4,1,5,839,440,44,13,1336,0,0,0,1336
08/27/2010,MSP,MN,AGL,CE,Towers with Radar,841,435,31,9,1316,0,1,1,0,2,841,436,32,9,1318,0,0,0,1318
08/28/2010,MSP,MN,AGL,CE,Towers with Radar,710,319,12,4,1045,0,0,3,3,6,710,319,15,7,1051,0,0,0,1051
08/29/2010,MSP,MN,AGL,CE,Towers with Radar,795,380,10,2,1187,0,0,0,0,0,795,380,10,2,1187,0,0,0,1187
08/30/2010,MSP,MN,AGL,CE,Towers with Radar,832,413,42,9,1296,0,0,3,2,5,832,413,45,11,1301,0,0,0,1301
08/31/2010,MSP,MN,AGL,CE,Towers with Radar,825,437,36,8,1306,0,0,4,0,4,825,437,40,8,1310,0,0,0,1310
09/01/2010,MSP,MN,AGL,CE,Towers with Radar,845,432,36,11,1324,0,0,4,3,7,845,432,40,14,1331,0,0,0,1331
09/02/2010,MSP,MN,AGL,CE,Towers with Radar,844,441,44,12,1341,0,0,2,1,3,844,441,46,13,1344,0,0,0,1344
09/03/2010,MSP,MN,AGL,CE,Towers with Radar,832,436,25,1,1294,0,0,6,0,6,832,436,31,1,1300,0,0,0,1300
09/04/2010,MSP,MN,AGL,CE,Towers with Radar,671,295,6,0,972,0,0,3,1,4,671,295,9,1,976,0,0,0,976
09/05/2010,MSP,MN,AGL,CE,Towers with Radar,659,288,12,2,961,0,2,3,1,6,659,290,15,3,967,0,0,0,967
09/06/2010,MSP,MN,AGL,CE,Towers with Radar,778,391,20,1,1190,0,0,3,1,4,778,391,23,2,1194,0,0,0,1194
09/07/2010,MSP,MN,AGL,CE,Towers with Radar,775,456,43,8,1282,0,0,5,0,5,775,456,48,8,1287,0,0,0,1287
09/08/2010,MSP,MN,AGL,CE,Towers with Radar,773,468,40,6,1287,0,1,11,0,12,773,469,51,6,1299,0,0,0,1299
09/09/2010,MSP,MN,AGL,CE,Towers with Radar,779,467,43,8,1297,0,0,11,1,12,779,467,54,9,1309,0,0,0,1309
09/10/2010,MSP,MN,AGL,CE,Towers with Radar,766,440,41,16,1263,0,0,1,5,6,766,440,42,21,1269,0,0,0,1269
09/11/2010,MSP,MN,AGL,CE,Towers with Radar,611,309,26,7,953,0,0,1,2,3,611,309,27,9,956,0,0,0,956
09/12/2010,MSP,MN,AGL,CE,Towers with Radar,724,404,16,2,1146,0,0,2,0,2,724,404,18,2,1148,0,0,0,1148
09/13/2010,MSP,MN,AGL,CE,Towers with Radar,775,436,41,2,1254,0,0,0,0,0,775,436,41,2,1254,0,0,0,1254
09/14/2010,MSP,MN,AGL,CE,Towers with Radar,773,460,37,6,1276,0,0,0,0,0,773,460,37,6,1276,0,0,0,1276
09/15/2010,MSP,MN,AGL,CE,Towers with Radar,773,449,46,5,1273,0,0,0,0,0,773,449,46,5,1273,0,0,0,1273
09/16/2010,MSP,MN,AGL,CE,Towers with Radar,779,445,61,7,1292,0,0,2,1,3,779,445,63,8,1295,0,0,0,1295
09/17/2010,MSP,MN,AGL,CE,Towers with Radar,786,451,44,11,1292,0,2,2,0,4,786,453,46,11,1296,0,0,0,1296
09/18/2010,MSP,MN,AGL,CE,Towers with Radar,612,308,17,1,938,0,0,2,0,2,612,308,19,1,940,0,0,0,940
09/19/2010,MSP,MN,AGL,CE,Towers with Radar,725,391,28,9,1153,0,0,1,0,1,725,391,29,9,1154,0,0,0,1154
09/20/2010,MSP,MN,AGL,CE,Towers with Radar,766,431,52,2,1251,0,0,1,1,2,766,431,53,3,1253,0,0,0,1253
09/21/2010,MSP,MN,AGL,CE,Towers with Radar,759,449,54,11,1273,0,0,3,0,3,759,449,57,11,1276,0,0,0,1276
09/22/2010,MSP,MN,AGL,CE,Towers with Radar,776,454,39,10,1279,0,0,2,0,2,776,454,41,10,1281,0,0,0,1281
09/23/2010,MSP,MN,AGL,CE,Towers with Radar,779,461,52,8,1300,0,0,0,0,0,779,461,52,8,1300,0,0,0,1300
09/24/2010,MSP,MN,AGL,CE,Towers with Radar,778,452,45,14,1289,0,0,0,1,1,778,452,45,15,1290,0,0,0,1290
09/25/2010,MSP,MN,AGL,CE,Towers with Radar,606,310,17,5,938,0,0,1,0,1,606,310,18,5,939,0,0,0,939
09/26/2010,MSP,MN,AGL,CE,Towers with Radar,735,383,34,10,1162,0,0,4,0,4,735,383,38,10,1166,0,0,0,1166
09/27/2010,MSP,MN,AGL,CE,Towers with Radar,766,429,58,3,1256,0,0,1,3,4,766,429,59,6,1260,0,0,0,1260
09/28/2010,MSP,MN,AGL,CE,Towers with Radar,756,446,44,5,1251,0,0,0,4,4,756,446,44,9,1255,0,0,0,1255
09/29/2010,MSP,MN,AGL,CE,Towers with Radar,777,462,51,8,1298,0,0,1,0,1,777,462,52,8,1299,0,0,0,1299
09/30/2010,MSP,MN,AGL,CE,Towers with Radar,779,454,89,9,1331,0,0,8,0,8,779,454,97,9,1339,0,0,0,1339
10/01/2010,MSP,MN,AGL,CE,Towers with Radar,786,463,71,9,1329,0,0,2,2,4,786,463,73,11,1333,0,0,0,1333
10/02/2010,MSP,MN,AGL,CE,Towers with Radar,620,317,24,2,963,0,1,1,0,2,620,318,25,2,965,0,0,0,965
10/03/2010,MSP,MN,AGL,CE,Towers with Radar,750,398,49,13,1210,0,0,2,0,2,750,398,51,13,1212,0,0,0,1212
10/04/2010,MSP,MN,AGL,CE,Towers with Radar,776,426,68,7,1277,0,0,3,1,4,776,426,71,8,1281,0,0,0,1281
10/05/2010,MSP,MN,AGL,CE,Towers with Radar,782,459,62,11,1314,0,0,10,2,12,782,459,72,13,1326,0,0,0,1326
10/06/2010,MSP,MN,AGL,CE,Towers with Radar,798,440,39,12,1289,0,0,10,1,11,798,440,49,13,1300,0,0,0,1300
10/07/2010,MSP,MN,AGL,CE,Towers with Radar,803,462,60,15,1340,0,0,12,2,14,803,462,72,17,1354,0,0,0,1354
10/08/2010,MSP,MN,AGL,CE,Towers with Radar,790,445,38,3,1276,0,0,6,0,6,790,445,44,3,1282,0,0,0,1282
10/09/2010,MSP,MN,AGL,CE,Towers with Radar,630,308,10,1,949,0,0,0,0,0,630,308,10,1,949,0,0,0,949
10/10/2010,MSP,MN,AGL,CE,Towers with Radar,746,382,17,3,1148,0,0,1,0,1,746,382,18,3,1149,0,0,0,1149
10/11/2010,MSP,MN,AGL,CE,Towers with Radar,774,422,32,1,1229,0,0,1,0,1,774,422,33,1,1230,0,0,0,1230
10/12/2010,MSP,MN,AGL,CE,Towers with Radar,782,449,32,4,1267,0,0,0,0,0,782,449,32,4,1267,0,0,0,1267
10/13/2010,MSP,MN,AGL,CE,Towers with Radar,784,464,47,12,1307,0,0,0,0,0,784,464,47,12,1307,0,0,0,1307
10/14/2010,MSP,MN,AGL,CE,Towers with Radar,800,446,57,8,1311,0,0,1,1,2,800,446,58,9,1313,0,0,0,1313
10/15/2010,MSP,MN,AGL,CE,Towers with Radar,791,451,44,12,1298,0,0,0,3,3,791,451,44,15,1301,0,0,0,1301
10/16/2010,MSP,MN,AGL,CE,Towers with Radar,625,306,29,6,966,0,0,2,0,2,625,306,31,6,968,0,0,0,968
10/17/2010,MSP,MN,AGL,CE,Towers with Radar,741,399,31,3,1174,0,0,1,4,5,741,399,32,7,1179,0,0,0,1179
10/18/2010,MSP,MN,AGL,CE,Towers with Radar,783,441,51,6,1281,0,0,0,0,0,783,441,51,6,1281,0,0,0,1281
10/19/2010,MSP,MN,AGL,CE,Towers with Radar,789,439,41,19,1288,0,0,0,0,0,789,439,41,19,1288,0,0,0,1288
10/20/2010,MSP,MN,AGL,CE,Towers with Radar,795,457,37,12,1301,0,0,11,1,12,795,457,48,13,1313,0,0,0,1313
10/21/2010,MSP,MN,AGL,CE,Towers with Radar,797,458,48,8,1311,0,0,3,0,3,797,458,51,8,1314,0,0,0,1314
10/22/2010,MSP,MN,AGL,CE,Towers with Radar,792,443,24,7,1266,0,0,1,3,4,792,443,25,10,1270,0,0,0,1270
10/23/2010,MSP,MN,AGL,CE,Towers with Radar,635,304,14,6,959,0,0,2,1,3,635,304,16,7,962,0,0,0,962
10/24/2010,MSP,MN,AGL,CE,Towers with Radar,742,393,32,5,1172,0,0,1,0,1,742,393,33,5,1173,0,0,0,1173
10/25/2010,MSP,MN,AGL,CE,Towers with Radar,781,435,47,7,1270,0,0,3,1,4,781,435,50,8,1274,0,0,0,1274
10/26/2010,MSP,MN,AGL,CE,Towers with Radar,678,281,39,0,998,0,0,1,0,1,678,281,40,0,999,0,0,0,999
10/27/2010,MSP,MN,AGL,CE,Towers with Radar,767,372,38,5,1182,0,0,0,1,1,767,372,38,6,1183,0,0,0,1183
10/28/2010,MSP,MN,AGL,CE,Towers with Radar,811,454,56,12,1333,0,0,0,0,0,811,454,56,12,1333,0,0,0,1333
10/29/2010,MSP,MN,AGL,CE,Towers with Radar,781,454,51,1,1287,0,0,6,3,9,781,454,57,4,1296,0,0,0,1296
10/30/2010,MSP,MN,AGL,CE,Towers with Radar,625,309,23,2,959,0,2,1,2,5,625,311,24,4,964,0,0,0,964
10/31/2010,MSP,MN,AGL,CE,Towers with Radar,734,400,15,0,1149,0,0,2,2,4,734,400,17,2,1153,0,0,0,1153
11/01/2010,MSP,MN,AGL,CE,Towers with Radar,779,403,66,10,1258,0,0,2,0,2,779,403,68,10,1260,0,0,0,1260
11/02/2010,MSP,MN,AGL,CE,Towers with Radar,777,425,35,8,1245,0,0,2,0,2,777,425,37,8,1247,0,0,0,1247
11/03/2010,MSP,MN,AGL,CE,Towers with Radar,785,424,44,10,1263,0,0,7,0,7,785,424,51,10,1270,0,0,0,1270
11/04/2010,MSP,MN,AGL,CE,Towers with Radar,806,437,65,4,1312,0,0,8,0,8,806,437,73,4,1320,0,0,0,1320
11/05/2010,MSP,MN,AGL,CE,Towers with Radar,806,433,31,10,1280,0,0,1,0,1,806,433,32,10,1281,0,0,0,1281
11/06/2010,MSP,MN,AGL,CE,Towers with Radar,623,298,19,7,947,0,0,0,2,2,623,298,19,9,949,0,0,0,949
11/07/2010,MSP,MN,AGL,CE,Towers with Radar,740,378,20,13,1151,0,0,0,3,3,740,378,20,16,1154,0,0,0,1154
11/08/2010,MSP,MN,AGL,CE,Towers with Radar,794,402,38,6,1240,0,0,4,0,4,794,402,42,6,1244,0,0,0,1244
11/09/2010,MSP,MN,AGL,CE,Towers with Radar,763,427,49,12,1251,0,0,1,1,2,763,427,50,13,1253,0,0,0,1253
11/10/2010,MSP,MN,AGL,CE,Towers with Radar,797,427,42,8,1274,1,0,1,1,3,798,427,43,9,1277,0,0,0,1277
11/11/2010,MSP,MN,AGL,CE,Towers with Radar,811,425,53,2,1291,0,1,0,1,2,811,426,53,3,1293,0,0,0,1293
11/12/2010,MSP,MN,AGL,CE,Towers with Radar,791,436,39,1,1267,0,0,0,0,0,791,436,39,1,1267,0,0,0,1267
11/13/2010,MSP,MN,AGL,CE,Towers with Radar,527,215,16,1,759,0,0,0,0,0,527,215,16,1,759,0,0,0,759
11/14/2010,MSP,MN,AGL,CE,Towers with Radar,741,373,14,3,1131,0,1,1,0,2,741,374,15,3,1133,0,0,0,1133
11/15/2010,MSP,MN,AGL,CE,Towers with Radar,794,421,47,0,1262,0,0,2,0,2,794,421,49,0,1264,0,0,0,1264
11/16/2010,MSP,MN,AGL,CE,Towers with Radar,769,421,50,12,1252,0,0,0,1,1,769,421,50,13,1253,0,0,0,1253
11/17/2010,MSP,MN,AGL,CE,Towers with Radar,787,432,59,10,1288,0,0,5,8,13,787,432,64,18,1301,0,0,0,1301
11/18/2010,MSP,MN,AGL,CE,Towers with Radar,813,433,53,10,1309,0,0,0,0,0,813,433,53,10,1309,0,0,0,1309
11/19/2010,MSP,MN,AGL,CE,Towers with Radar,795,422,40,9,1266,0,0,0,0,0,795,422,40,9,1266,0,0,0,1266
11/20/2010,MSP,MN,AGL,CE,Towers with Radar,630,282,15,4,931,0,0,0,0,0,630,282,15,4,931,0,0,0,931
11/21/2010,MSP,MN,AGL,CE,Towers with Radar,729,353,27,4,1113,0,0,0,0,0,729,353,27,4,1113,0,0,0,1113
11/22/2010,MSP,MN,AGL,CE,Towers with Radar,772,402,41,7,1222,0,0,1,0,1,772,402,42,7,1223,0,0,0,1223
11/23/2010,MSP,MN,AGL,CE,Towers with Radar,819,427,37,13,1296,0,0,0,0,0,819,427,37,13,1296,0,0,0,1296
11/24/2010,MSP,MN,AGL,CE,Towers with Radar,820,425,27,4,1276,0,0,1,0,1,820,425,28,4,1277,0,0,0,1277
11/25/2010,MSP,MN,AGL,CE,Towers with Radar,504,236,2,0,742,0,0,1,0,1,504,236,3,0,743,0,0,0,743
11/26/2010,MSP,MN,AGL,CE,Towers with Radar,569,275,11,0,855,0,1,1,0,2,569,276,12,0,857,0,0,0,857
11/27/2010,MSP,MN,AGL,CE,Towers with Radar,729,380,5,0,1114,0,0,0,0,0,729,380,5,0,1114,0,0,0,1114
11/28/2010,MSP,MN,AGL,CE,Towers with Radar,796,405,30,0,1231,0,0,0,0,0,796,405,30,0,1231,0,0,0,1231
11/29/2010,MSP,MN,AGL,CE,Towers with Radar,791,423,36,1,1251,0,0,0,0,0,791,423,36,1,1251,0,0,0,1251
11/30/2010,MSP,MN,AGL,CE,Towers with Radar,760,441,46,9,1256,0,0,0,0,0,760,441,46,9,1256,0,0,0,1256
12/01/2010,MSP,MN,AGL,CE,Towers with Radar,769,418,62,11,1260,0,0,18,0,18,769,418,80,11,1278,0,0,0,1278
12/02/2010,MSP,MN,AGL,CE,Towers with Radar,792,420,61,7,1280,0,0,31,0,31,792,420,92,7,1311,0,0,0,1311
12/03/2010,MSP,MN,AGL,CE,Towers with Radar,740,364,26,5,1135,0,1,0,0,1,740,365,26,5,1136,0,0,0,1136
12/04/2010,MSP,MN,AGL,CE,Towers with Radar,625,296,12,10,943,0,0,0,0,0,625,296,12,10,943,0,0,0,943
12/05/2010,MSP,MN,AGL,CE,Towers with Radar,730,364,27,9,1130,0,0,0,0,0,730,364,27,9,1130,0,0,0,1130
12/06/2010,MSP,MN,AGL,CE,Towers with Radar,760,405,60,6,1231,0,0,2,1,3,760,405,62,7,1234,0,0,0,1234
12/07/2010,MSP,MN,AGL,CE,Towers with Radar,725,433,53,6,1217,0,0,17,0,17,725,433,70,6,1234,0,0,0,1234
12/08/2010,MSP,MN,AGL,CE,Towers with Radar,774,425,38,8,1245,0,0,1,0,1,774,425,39,8,1246,0,0,0,1246
12/09/2010,MSP,MN,AGL,CE,Towers with Radar,770,423,57,14,1264,0,0,3,0,3,770,423,60,14,1267,0,0,0,1267
12/10/2010,MSP,MN,AGL,CE,Towers with Radar,772,402,54,3,1231,0,0,1,0,1,772,402,55,3,1232,0,0,0,1232
12/11/2010,MSP,MN,AGL,CE,Towers with Radar,89,17,4,0,110,0,0,0,0,0,89,17,4,0,110,0,0,0,110
12/12/2010,MSP,MN,AGL,CE,Towers with Radar,562,294,25,5,886,0,0,0,0,0,562,294,25,5,886,0,0,0,886
12/13/2010,MSP,MN,AGL,CE,Towers with Radar,767,392,66,5,1230,0,1,2,0,3,767,393,68,5,1233,0,0,0,1233
12/14/2010,MSP,MN,AGL,CE,Towers with Radar,735,424,51,11,1221,0,0,0,0,0,735,424,51,11,1221,0,0,0,1221
12/15/2010,MSP,MN,AGL,CE,Towers with Radar,767,428,56,9,1260,0,0,0,0,0,767,428,56,9,1260,0,0,0,1260
12/16/2010,MSP,MN,AGL,CE,Towers with Radar,791,418,58,9,1276,0,0,0,0,0,791,418,58,9,1276,0,0,0,1276
12/17/2010,MSP,MN,AGL,CE,Towers with Radar,800,425,47,3,1275,0,0,2,0,2,800,425,49,3,1277,0,0,0,1277
12/18/2010,MSP,MN,AGL,CE,Towers with Radar,712,341,14,1,1068,0,0,0,0,0,712,341,14,1,1068,0,0,0,1068
12/19/2010,MSP,MN,AGL,CE,Towers with Radar,752,357,13,1,1123,0,0,0,1,1,752,357,13,2,1124,0,0,0,1124
12/20/2010,MSP,MN,AGL,CE,Towers with Radar,699,305,33,0,1037,0,0,0,0,0,699,305,33,0,1037,0,0,0,1037
12/21/2010,MSP,MN,AGL,CE,Towers with Radar,808,424,42,9,1283,0,0,0,0,0,808,424,42,9,1283,0,0,0,1283
12/22/2010,MSP,MN,AGL,CE,Towers with Radar,814,426,36,14,1290,0,0,0,0,0,814,426,36,14,1290,0,0,0,1290
12/23/2010,MSP,MN,AGL,CE,Towers with Radar,810,417,16,0,1243,0,0,0,0,0,810,417,16,0,1243,0,0,0,1243
12/24/2010,MSP,MN,AGL,CE,Towers with Radar,665,354,12,0,1031,0,0,0,0,0,665,354,12,0,1031,0,0,0,1031
12/25/2010,MSP,MN,AGL,CE,Towers with Radar,620,299,3,0,922,0,0,1,0,1,620,299,4,0,923,0,0,0,923
12/26/2010,MSP,MN,AGL,CE,Towers with Radar,709,375,25,0,1109,0,0,1,0,1,709,375,26,0,1110,0,0,0,1110
12/27/2010,MSP,MN,AGL,CE,Towers with Radar,729,395,20,8,1152,0,0,1,0,1,729,395,21,8,1153,0,0,0,1153
12/28/2010,MSP,MN,AGL,CE,Towers with Radar,787,417,20,12,1236,0,0,3,1,4,787,417,23,13,1240,0,0,0,1240
12/29/2010,MSP,MN,AGL,CE,Towers with Radar,789,406,16,6,1217,0,0,2,0,2,789,406,18,6,1219,0,0,0,1219
12/30/2010,MSP,MN,AGL,CE,Towers with Radar,782,364,10,3,1159,0,0,0,0,0,782,364,10,3,1159,0,0,0,1159
12/31/2010,MSP,MN,AGL,CE,Towers with Radar,683,291,12,3,989,0,0,0,0,0,683,291,12,3,989,0,0,0,989
01/01/2011,MSP,MN,AGL,CE,Towers with Radar,657,315,18,0,990,0,0,2,0,2,657,315,20,0,992,0,0,0,992
01/02/2011,MSP,MN,AGL,CE,Towers with Radar,767,383,23,0,1173,0,0,1,0,1,767,383,24,0,1174,0,0,0,1174
01/03/2011,MSP,MN,AGL,CE,Towers with Radar,781,408,24,2,1215,0,0,0,0,0,781,408,24,2,1215,0,0,0,1215
01/04/2011,MSP,MN,AGL,CE,Towers with Radar,760,421,26,1,1208,0,1,0,0,1,760,422,26,1,1209,0,0,0,1209
01/05/2011,MSP,MN,AGL,CE,Towers with Radar,753,416,26,3,1198,1,0,1,2,4,754,416,27,5,1202,0,0,0,1202
01/06/2011,MSP,MN,AGL,CE,Towers with Radar,749,418,36,7,1210,0,0,1,0,1,749,418,37,7,1211,0,0,0,1211
01/07/2011,MSP,MN,AGL,CE,Towers with Radar,756,401,29,9,1195,0,0,0,0,0,756,401,29,9,1195,0,0,0,1195
01/08/2011,MSP,MN,AGL,CE,Towers with Radar,627,283,13,6,929,0,0,0,0,0,627,283,13,6,929,0,0,0,929
01/09/2011,MSP,MN,AGL,CE,Towers with Radar,708,353,9,6,1076,0,0,0,0,0,708,353,9,6,1076,0,0,0,1076
01/10/2011,MSP,MN,AGL,CE,Towers with Radar,717,386,35,0,1138,0,0,0,0,0,717,386,35,0,1138,0,0,0,1138
01/11/2011,MSP,MN,AGL,CE,Towers with Radar,696,418,38,8,1160,0,0,0,0,0,696,418,38,8,1160,0,0,0,1160
01/12/2011,MSP,MN,AGL,CE,Towers with Radar,714,430,42,15,1201,0,0,0,0,0,714,430,42,15,1201,0,0,0,1201
01/13/2011,MSP,MN,AGL,CE,Towers with Radar,752,429,44,9,1234,0,0,1,0,1,752,429,45,9,1235,0,0,0,1235
01/14/2011,MSP,MN,AGL,CE,Towers with Radar,759,412,27,5,1203,0,0,0,1,1,759,412,27,6,1204,0,0,0,1204
01/15/2011,MSP,MN,AGL,CE,Towers with Radar,617,281,5,3,906,0,0,0,2,2,617,281,5,5,908,0,0,0,908
01/16/2011,MSP,MN,AGL,CE,Towers with Radar,651,289,15,1,956,0,0,1,0,1,651,289,16,1,957,0,0,0,957
01/17/2011,MSP,MN,AGL,CE,Towers with Radar,719,377,31,0,1127,0,0,0,0,0,719,377,31,0,1127,0,0,0,1127
01/18/2011,MSP,MN,AGL,CE,Towers with Radar,715,414,50,12,1191,0,0,0,0,0,715,414,50,12,1191,0,0,0,1191
01/19/2011,MSP,MN,AGL,CE,Towers with Radar,737,425,42,15,1219,0,0,1,0,1,737,425,43,15,1220,0,0,0,1220
01/20/2011,MSP,MN,AGL,CE,Towers with Radar,750,422,56,9,1237,0,1,2,0,3,750,423,58,9,1240,0,0,0,1240
01/21/2011,MSP,MN,AGL,CE,Towers with Radar,750,405,26,2,1183,0,0,3,0,3,750,405,29,2,1186,0,0,0,1186
01/22/2011,MSP,MN,AGL,CE,Towers with Radar,628,289,15,6,938,0,0,0,0,0,628,289,15,6,938,0,0,0,938
01/23/2011,MSP,MN,AGL,CE,Towers with Radar,703,359,27,4,1093,0,0,0,0,0,703,359,27,4,1093,0,0,0,1093
01/24/2011,MSP,MN,AGL,CE,Towers with Radar,734,398,42,9,1183,0,0,0,0,0,734,398,42,9,1183,0,0,0,1183
01/25/2011,MSP,MN,AGL,CE,Towers with Radar,732,411,45,9,1197,0,0,0,0,0,732,411,45,9,1197,0,0,0,1197
01/26/2011,MSP,MN,AGL,CE,Towers with Radar,718,417,37,6,1178,0,0,2,0,2,718,417,39,6,1180,0,0,0,1180
01/27/2011,MSP,MN,AGL,CE,Towers with Radar,722,414,48,6,1190,0,0,0,0,0,722,414,48,6,1190,0,0,0,1190
01/28/2011,MSP,MN,AGL,CE,Towers with Radar,765,409,30,1,1205,0,0,0,0,0,765,409,30,1,1205,0,0,0,1205
01/29/2011,MSP,MN,AGL,CE,Towers with Radar,636,292,13,0,941,0,0,0,0,0,636,292,13,0,941,0,0,0,941
01/30/2011,MSP,MN,AGL,CE,Towers with Radar,720,351,24,1,1096,0,0,2,0,2,720,351,26,1,1098,0,0,0,1098
01/31/2011,MSP,MN,AGL,CE,Towers with Radar,724,371,31,2,1128,1,0,0,0,1,725,371,31,2,1129,0,0,0,1129
02/01/2011,MSP,MN,AGL,CE,Towers with Radar,611,360,35,8,1014,0,0,1,0,1,611,360,36,8,1015,0,0,0,1015
02/02/2011,MSP,MN,AGL,CE,Towers with Radar,591,351,45,6,993,0,0,3,0,3,591,351,48,6,996,0,0,0,996
02/03/2011,MSP,MN,AGL,CE,Towers with Radar,746,402,42,3,1193,0,0,1,0,1,746,402,43,3,1194,0,0,0,1194
02/04/2011,MSP,MN,AGL,CE,Towers with Radar,762,398,59,7,1226,0,0,0,0,0,762,398,59,7,1226,0,0,0,1226
02/05/2011,MSP,MN,AGL,CE,Towers with Radar,637,278,11,9,935,0,0,0,0,0,637,278,11,9,935,0,0,0,935
02/06/2011,MSP,MN,AGL,CE,Towers with Radar,717,354,11,6,1088,0,1,0,1,2,717,355,11,7,1090,0,0,0,1090
02/07/2011,MSP,MN,AGL,CE,Towers with Radar,754,398,43,2,1197,0,0,1,0,1,754,398,44,2,1198,0,0,0,1198
02/08/2011,MSP,MN,AGL,CE,Towers with Radar,721,425,48,13,1207,0,0,3,1,4,721,425,51,14,1211,0,0,0,1211
02/09/2011,MSP,MN,AGL,CE,Towers with Radar,749,405,46,11,1211,1,0,2,0,3,750,405,48,11,1214,0,0,0,1214
02/10/2011,MSP,MN,AGL,CE,Towers with Radar,772,419,53,8,1252,0,0,0,0,0,772,419,53,8,1252,0,0,0,1252
02/11/2011,MSP,MN,AGL,CE,Towers with Radar,765,408,33,6,1212,0,0,1,0,1,765,408,34,6,1213,0,0,0,1213
02/12/2011,MSP,MN,AGL,CE,Towers with Radar,637,294,7,2,940,0,0,3,0,3,637,294,10,2,943,0,0,0,943
02/13/2011,MSP,MN,AGL,CE,Towers with Radar,722,349,15,4,1090,0,0,0,0,0,722,349,15,4,1090,0,0,0,1090
02/14/2011,MSP,MN,AGL,CE,Towers with Radar,743,379,40,5,1167,0,0,0,0,0,743,379,40,5,1167,0,0,0,1167
02/15/2011,MSP,MN,AGL,CE,Towers with Radar,739,403,50,13,1205,0,0,7,0,7,739,403,57,13,1212,0,0,0,1212
02/16/2011,MSP,MN,AGL,CE,Towers with Radar,759,415,42,11,1227,0,0,48,3,51,759,415,90,14,1278,0,0,0,1278
02/17/2011,MSP,MN,AGL,CE,Towers with Radar,807,397,60,8,1272,0,0,1,0,1,807,397,61,8,1273,0,0,0,1273
02/18/2011,MSP,MN,AGL,CE,Towers with Radar,801,409,56,8,1274,1,0,12,0,13,802,409,68,8,1287,0,0,0,1287
02/19/2011,MSP,MN,AGL,CE,Towers with Radar,672,288,9,3,972,0,0,0,0,0,672,288,9,3,972,0,0,0,972
02/20/2011,MSP,MN,AGL,CE,Towers with Radar,227,43,24,0,294,0,0,1,0,1,227,43,25,0,295,0,0,0,295
02/21/2011,MSP,MN,AGL,CE,Towers with Radar,652,290,50,0,992,0,0,0,1,1,652,290,50,1,993,0,0,0,993
02/22/2011,MSP,MN,AGL,CE,Towers with Radar,778,411,65,4,1258,0,0,0,5,5,778,411,65,9,1263,0,0,0,1263
02/23/2011,MSP,MN,AGL,CE,Towers with Radar,796,419,53,7,1275,1,0,0,0,1,797,419,53,7,1276,0,0,0,1276
02/24/2011,MSP,MN,AGL,CE,Towers with Radar,793,416,47,13,1269,0,0,0,0,0,793,416,47,13,1269,0,0,0,1269
02/25/2011,MSP,MN,AGL,CE,Towers with Radar,782,385,44,11,1222,0,0,0,0,0,782,385,44,11,1222,0,0,0,1222
02/26/2011,MSP,MN,AGL,CE,Towers with Radar,676,298,3,2,979,0,0,0,0,0,676,298,3,2,979,0,0,0,979
02/27/2011,MSP,MN,AGL,CE,Towers with Radar,759,343,25,6,1133,0,2,1,0,3,759,345,26,6,1136,0,0,0,1136
02/28/2011,MSP,MN,AGL,CE,Towers with Radar,776,383,41,9,1209,0,0,2,2,4,776,383,43,11,1213,0,0,0,1213
03/01/2011,MSP,MN,AGL,CE,Towers with Radar,776,420,48,11,1255,0,0,0,0,0,776,420,48,11,1255,0,0,0,1255
03/02/2011,MSP,MN,AGL,CE,Towers with Radar,811,414,59,10,1294,0,0,1,0,1,811,414,60,10,1295,0,0,0,1295
03/03/2011,MSP,MN,AGL,CE,Towers with Radar,817,416,47,0,1280,0,0,0,0,0,817,416,47,0,1280,0,0,0,1280
03/04/2011,MSP,MN,AGL,CE,Towers with Radar,812,397,26,12,1247,0,0,0,0,0,812,397,26,12,1247,0,0,0,1247
03/05/2011,MSP,MN,AGL,CE,Towers with Radar,707,293,12,6,1018,0,0,0,0,0,707,293,12,6,1018,0,0,0,1018
03/06/2011,MSP,MN,AGL,CE,Towers with Radar,772,350,11,7,1140,0,0,0,0,0,772,350,11,7,1140,0,0,0,1140
03/07/2011,MSP,MN,AGL,CE,Towers with Radar,808,385,50,1,1244,0,0,1,0,1,808,385,51,1,1245,0,0,0,1245
03/08/2011,MSP,MN,AGL,CE,Towers with Radar,804,414,37,13,1268,0,0,0,1,1,804,414,37,14,1269,0,0,0,1269
03/09/2011,MSP,MN,AGL,CE,Towers with Radar,817,407,35,10,1269,0,0,1,2,3,817,407,36,12,1272,0,0,0,1272
03/10/2011,MSP,MN,AGL,CE,Towers with Radar,833,386,37,11,1267,0,0,1,0,1,833,386,38,11,1268,0,0,0,1268
03/11/2011,MSP,MN,AGL,CE,Towers with Radar,817,388,31,3,1239,0,0,0,0,0,817,388,31,3,1239,0,0,0,1239
03/12/2011,MSP,MN,AGL,CE,Towers with Radar,718,281,12,3,1014,0,0,5,0,5,718,281,17,3,1019,0,0,0,1019
03/13/2011,MSP,MN,AGL,CE,Towers with Radar,781,350,18,1,1150,0,0,1,2,3,781,350,19,3,1153,0,0,0,1153
03/14/2011,MSP,MN,AGL,CE,Towers with Radar,795,379,40,4,1218,0,0,0,0,0,795,379,40,4,1218,0,0,0,1218
03/15/2011,MSP,MN,AGL,CE,Towers with Radar,816,401,52,13,1282,0,0,0,0,0,816,401,52,13,1282,0,0,0,1282
03/16/2011,MSP,MN,AGL,CE,Towers with Radar,821,401,48,7,1277,0,0,0,0,0,821,401,48,7,1277,0,0,0,1277
03/17/2011,MSP,MN,AGL,CE,Towers with Radar,836,406,40,11,1293,0,0,24,0,24,836,406,64,11,1317,0,0,0,1317
03/18/2011,MSP,MN,AGL,CE,Towers with Radar,824,412,36,7,1279,0,1,8,0,9,824,413,44,7,1288,0,0,0,1288
03/19/2011,MSP,MN,AGL,CE,Towers with Radar,726,294,8,6,1034,0,0,11,0,11,726,294,19,6,1045,0,0,0,1045
03/20/2011,MSP,MN,AGL,CE,Towers with Radar,777,347,13,4,1141,0,0,0,0,0,777,347,13,4,1141,0,0,0,1141
03/21/2011,MSP,MN,AGL,CE,Towers with Radar,833,380,45,7,1265,0,0,0,0,0,833,380,45,7,1265,0,0,0,1265
03/22/2011,MSP,MN,AGL,CE,Towers with Radar,769,377,43,8,1197,0,0,0,0,0,769,377,43,8,1197,0,0,0,1197
03/23/2011,MSP,MN,AGL,CE,Towers with Radar,771,358,36,1,1166,0,0,0,0,0,771,358,36,1,1166,0,0,0,1166
03/24/2011,MSP,MN,AGL,CE,Towers with Radar,834,396,75,15,1320,0,0,5,0,5,834,396,80,15,1325,0,0,0,1325
03/25/2011,MSP,MN,AGL,CE,Towers with Radar,829,392,27,12,1260,0,0,3,1,4,829,392,30,13,1264,0,0,0,1264
03/26/2011,MSP,MN,AGL,CE,Towers with Radar,706,293,11,3,1013,0,0,0,0,0,706,293,11,3,1013,0,0,0,1013
03/27/2011,MSP,MN,AGL,CE,Towers with Radar,783,346,27,1,1157,0,0,0,0,0,783,346,27,1,1157,0,0,0,1157
03/28/2011,MSP,MN,AGL,CE,Towers with Radar,814,381,48,5,1248,0,0,2,1,3,814,381,50,6,1251,0,0,0,1251
03/29/2011,MSP,MN,AGL,CE,Towers with Radar,816,400,43,15,1274,0,0,3,1,4,816,400,46,16,1278,0,0,0,1278
03/30/2011,MSP,MN,AGL,CE,Towers with Radar,822,395,55,21,1293,0,0,5,3,8,822,395,60,24,1301,0,0,0,1301
03/31/2011,MSP,MN,AGL,CE,Towers with Radar,818,403,45,13,1279,0,0,1,5,6,818,403,46,18,1285,0,0,0,1285
04/01/2011,MSP,MN,AGL,CE,Towers with Radar,822,406,32,10,1270,0,0,2,0,2,822,406,34,10,1272,0,0,0,1272
04/02/2011,MSP,MN,AGL,CE,Towers with Radar,673,307,15,11,1006,0,0,1,0,1,673,307,16,11,1007,0,0,0,1007
04/03/2011,MSP,MN,AGL,CE,Towers with Radar,757,347,16,6,1126,0,0,1,1,2,757,347,17,7,1128,0,0,0,1128
04/04/2011,MSP,MN,AGL,CE,Towers with Radar,796,385,49,7,1237,0,2,0,0,2,796,387,49,7,1239,0,0,0,1239
04/05/2011,MSP,MN,AGL,CE,Towers with Radar,777,416,44,17,1254,0,0,1,4,5,777,416,45,21,1259,0,0,0,1259
04/06/2011,MSP,MN,AGL,CE,Towers with Radar,801,415,57,18,1291,0,0,7,6,13,801,415,64,24,1304,0,0,0,1304
04/07/2011,MSP,MN,AGL,CE,Towers with Radar,801,422,51,10,1284,0,2,4,4,10,801,424,55,14,1294,0,0,0,1294
04/08/2011,MSP,MN,AGL,CE,Towers with Radar,781,409,42,7,1239,0,0,0,0,0,781,409,42,7,1239,0,0,0,1239
04/09/2011,MSP,MN,AGL,CE,Towers with Radar,651,306,15,1,973,0,0,2,2,4,651,306,17,3,977,0,0,0,977
04/10/2011,MSP,MN,AGL,CE,Towers with Radar,754,356,28,2,1140,0,0,0,0,0,754,356,28,2,1140,0,0,0,1140
04/11/2011,MSP,MN,AGL,CE,Towers with Radar,776,404,59,4,1243,0,0,2,2,4,776,404,61,6,1247,0,0,0,1247
04/12/2011,MSP,MN,AGL,CE,Towers with Radar,781,414,55,16,1266,0,0,3,5,8,781,414,58,21,1274,0,0,0,1274
04/13/2011,MSP,MN,AGL,CE,Towers with Radar,787,415,43,18,1263,0,0,0,3,3,787,415,43,21,1266,0,0,0,1266
04/14/2011,MSP,MN,AGL,CE,Towers with Radar,799,424,65,5,1293,0,0,0,3,3,799,424,65,8,1296,0,0,0,1296
04/15/2011,MSP,MN,AGL,CE,Towers with Radar,779,407,39,0,1225,0,0,1,0,1,779,407,40,0,1226,0,0,0,1226
04/16/2011,MSP,MN,AGL,CE,Towers with Radar,640,303,5,3,951,0,0,0,1,1,640,303,5,4,952,0,0,0,952
04/17/2011,MSP,MN,AGL,CE,Towers with Radar,738,355,23,5,1121,0,0,0,0,0,738,355,23,5,1121,0,0,0,1121
04/18/2011,MSP,MN,AGL,CE,Towers with Radar,782,403,38,11,1234,0,0,0,0,0,782,403,38,11,1234,0,0,0,1234
04/19/2011,MSP,MN,AGL,CE,Towers with Radar,778,407,36,14,1235,0,0,0,2,2,778,407,36,16,1237,0,0,0,1237
04/20/2011,MSP,MN,AGL,CE,Towers with Radar,786,436,43,5,1270,0,0,1,4,5,786,436,44,9,1275,0,0,0,1275
04/21/2011,MSP,MN,AGL,CE,Towers with Radar,808,421,42,18,1289,0,0,1,6,7,808,421,43,24,1296,0,0,0,1296
04/22/2011,MSP,MN,AGL,CE,Towers with Radar,781,402,20,2,1205,0,0,0,0,0,781,402,20,2,1205,0,0,0,1205
04/23/2011,MSP,MN,AGL,CE,Towers with Radar,618,286,8,2,914,0,0,2,0,2,618,286,10,2,916,0,0,0,916
04/24/2011,MSP,MN,AGL,CE,Towers with Radar,729,331,5,1,1066,0,0,1,0,1,729,331,6,1,1067,0,0,0,1067
04/25/2011,MSP,MN,AGL,CE,Towers with Radar,769,396,58,4,1227,0,0,5,0,5,769,396,63,4,1232,0,0,0,1232
04/26/2011,MSP,MN,AGL,CE,Towers with Radar,738,365,45,5,1153,0,0,0,0,0,738,365,45,5,1153,0,0,0,1153
04/27/2011,MSP,MN,AGL,CE,Towers with Radar,783,436,54,11,1284,0,0,2,4,6,783,436,56,15,1290,0,0,0,1290
04/28/2011,MSP,MN,AGL,CE,Towers with Radar,777,412,54,11,1254,0,0,5,3,8,777,412,59,14,1262,0,0,0,1262
04/29/2011,MSP,MN,AGL,CE,Towers with Radar,788,423,39,4,1254,0,0,9,2,11,788,423,48,6,1265,0,0,0,1265
04/30/2011,MSP,MN,AGL,CE,Towers with Radar,641,293,14,4,952,0,2,1,0,3,641,295,15,4,955,0,0,0,955
05/01/2011,MSP,MN,AGL,CE,Towers with Radar,732,353,13,3,1101,0,0,2,0,2,732,353,15,3,1103,0,0,0,1103
05/02/2011,MSP,MN,AGL,CE,Towers with Radar,771,406,40,7,1224,0,0,3,0,3,771,406,43,7,1227,0,0,0,1227
05/03/2011,MSP,MN,AGL,CE,Towers with Radar,763,408,45,7,1223,0,0,2,0,2,763,408,47,7,1225,0,0,0,1225
05/04/2011,MSP,MN,AGL,CE,Towers with Radar,780,425,43,11,1259,0,0,3,1,4,780,425,46,12,1263,0,0,0,1263
05/05/2011,MSP,MN,AGL,CE,Towers with Radar,798,428,48,11,1285,0,0,6,0,6,798,428,54,11,1291,0,0,0,1291
05/06/2011,MSP,MN,AGL,CE,Towers with Radar,796,428,38,4,1266,0,0,0,1,1,796,428,38,5,1267,0,0,0,1267
05/07/2011,MSP,MN,AGL,CE,Towers with Radar,631,295,5,1,932,0,0,0,0,0,631,295,5,1,932,0,0,0,932
05/08/2011,MSP,MN,AGL,CE,Towers with Radar,736,374,17,2,1129,0,0,2,0,2,736,374,19,2,1131,0,0,0,1131
05/09/2011,MSP,MN,AGL,CE,Towers with Radar,773,407,47,8,1235,0,0,0,0,0,773,407,47,8,1235,0,0,0,1235
05/10/2011,MSP,MN,AGL,CE,Towers with Radar,782,428,66,11,1287,0,0,0,0,0,782,428,66,11,1287,0,0,0,1287
05/11/2011,MSP,MN,AGL,CE,Towers with Radar,775,428,60,10,1273,0,0,8,0,8,775,428,68,10,1281,0,0,0,1281
05/12/2011,MSP,MN,AGL,CE,Towers with Radar,795,429,56,1,1281,0,0,0,0,0,795,429,56,1,1281,0,0,0,1281
05/13/2011,MSP,MN,AGL,CE,Towers with Radar,790,427,43,5,1265,0,1,0,0,1,790,428,43,5,1266,0,0,0,1266
05/14/2011,MSP,MN,AGL,CE,Towers with Radar,629,295,13,5,942,0,1,1,0,2,629,296,14,5,944,0,0,0,944
05/15/2011,MSP,MN,AGL,CE,Towers with Radar,748,353,18,8,1127,0,0,1,0,1,748,353,19,8,1128,0,0,0,1128
05/16/2011,MSP,MN,AGL,CE,Towers with Radar,793,399,49,0,1241,0,0,2,0,2,793,399,51,0,1243,0,0,0,1243
05/17/2011,MSP,MN,AGL,CE,Towers with Radar,792,418,48,7,1265,0,0,15,0,15,792,418,63,7,1280,0,0,0,1280
05/18/2011,MSP,MN,AGL,CE,Towers with Radar,783,425,41,5,1254,0,0,2,0,2,783,425,43,5,1256,0,0,0,1256
05/19/2011,MSP,MN,AGL,CE,Towers with Radar,809,437,66,8,1320,0,0,0,0,0,809,437,66,8,1320,0,0,0,1320
05/20/2011,MSP,MN,AGL,CE,Towers with Radar,787,420,44,3,1254,0,2,0,0,2,787,422,44,3,1256,0,0,0,1256
05/21/2011,MSP,MN,AGL,CE,Towers with Radar,562,123,16,5,706,0,0,1,0,1,562,123,17,5,707,0,0,0,707
05/22/2011,MSP,MN,AGL,CE,Towers with Radar,742,328,18,6,1094,0,0,4,0,4,742,328,22,6,1098,0,0,0,1098
05/23/2011,MSP,MN,AGL,CE,Towers with Radar,782,398,62,12,1254,0,0,1,0,1,782,398,63,12,1255,0,0,0,1255
05/24/2011,MSP,MN,AGL,CE,Towers with Radar,792,412,55,12,1271,0,0,4,0,4,792,412,59,12,1275,0,0,0,1275
05/25/2011,MSP,MN,AGL,CE,Towers with Radar,773,401,44,12,1230,0,0,3,0,3,773,401,47,12,1233,0,0,0,1233
05/26/2011,MSP,MN,AGL,CE,Towers with Radar,812,433,56,18,1319,0,0,4,0,4,812,433,60,18,1323,0,0,0,1323
05/27/2011,MSP,MN,AGL,CE,Towers with Radar,814,410,28,4,1256,0,0,1,0,1,814,410,29,4,1257,0,0,0,1257
05/28/2011,MSP,MN,AGL,CE,Towers with Radar,635,290,7,2,934,0,0,0,0,0,635,290,7,2,934,0,0,0,934
05/29/2011,MSP,MN,AGL,CE,Towers with Radar,655,272,13,0,940,0,0,2,0,2,655,272,15,0,942,0,0,0,942
05/30/2011,MSP,MN,AGL,CE,Towers with Radar,761,363,10,2,1136,0,0,1,2,3,761,363,11,4,1139,0,0,0,1139
05/31/2011,MSP,MN,AGL,CE,Towers with Radar,799,418,50,0,1267,0,0,0,0,0,799,418,50,0,1267,0,0,0,1267
06/01/2011,MSP,MN,AGL,CE,Towers with Radar,803,424,44,11,1282,0,0,0,0,0,803,424,44,11,1282,0,0,0,1282
06/02/2011,MSP,MN,AGL,CE,Towers with Radar,816,419,33,4,1272,0,0,0,1,1,816,419,33,5,1273,0,0,0,1273
06/03/2011,MSP,MN,AGL,CE,Towers with Radar,806,426,39,18,1289,0,0,1,1,2,806,426,40,19,1291,0,0,0,1291
06/04/2011,MSP,MN,AGL,CE,Towers with Radar,644,293,4,6,947,0,0,4,1,5,644,293,8,7,952,0,0,0,952
06/05/2011,MSP,MN,AGL,CE,Towers with Radar,763,375,25,15,1178,0,0,1,2,3,763,375,26,17,1181,0,0,0,1181
06/06/2011,MSP,MN,AGL,CE,Towers with Radar,813,408,28,5,1254,0,3,1,0,4,813,411,29,5,1258,0,0,0,1258
06/07/2011,MSP,MN,AGL,CE,Towers with Radar,803,421,51,14,1289,0,0,1,1,2,803,421,52,15,1291,0,0,0,1291
06/08/2011,MSP,MN,AGL,CE,Towers with Radar,818,423,40,16,1297,0,0,2,0,2,818,423,42,16,1299,0,0,0,1299
06/09/2011,MSP,MN,AGL,CE,Towers with Radar,849,441,40,14,1344,0,0,0,0,0,849,441,40,14,1344,0,0,0,1344
06/10/2011,MSP,MN,AGL,CE,Towers with Radar,880,447,32,10,1369,0,0,0,0,0,880,447,32,10,1369,0,0,0,1369
06/11/2011,MSP,MN,AGL,CE,Towers with Radar,760,357,12,3,1132,0,0,2,0,2,760,357,14,3,1134,0,0,0,1134
06/12/2011,MSP,MN,AGL,CE,Towers with Radar,824,385,23,5,1237,0,0,0,0,0,824,385,23,5,1237,0,0,0,1237
06/13/2011,MSP,MN,AGL,CE,Towers with Radar,865,429,34,7,1335,0,0,1,0,1,865,429,35,7,1336,0,0,0,1336
06/14/2011,MSP,MN,AGL,CE,Towers with Radar,858,454,33,9,1354,0,1,1,0,2,858,455,34,9,1356,0,0,0,1356
06/15/2011,MSP,MN,AGL,CE,Towers with Radar,862,447,56,8,1373,0,0,1,0,1,862,447,57,8,1374,0,0,0,1374
06/16/2011,MSP,MN,AGL,CE,Towers with Radar,881,470,65,17,1433,0,0,16,0,16,881,470,81,17,1449,0,0,0,1449
06/17/2011,MSP,MN,AGL,CE,Towers with Radar,856,442,28,4,1330,0,0,3,0,3,856,442,31,4,1333,0,0,0,1333
06/18/2011,MSP,MN,AGL,CE,Towers with Radar,752,363,22,4,1141,0,0,0,0,0,752,363,22,4,1141,0,0,0,1141
06/19/2011,MSP,MN,AGL,CE,Towers with Radar,831,388,14,5,1238,0,0,0,0,0,831,388,14,5,1238,0,0,0,1238
06/20/2011,MSP,MN,AGL,CE,Towers with Radar,862,426,56,2,1346,0,0,2,0,2,862,426,58,2,1348,0,0,0,1348
06/21/2011,MSP,MN,AGL,CE,Towers with Radar,841,443,47,7,1338,0,0,0,0,0,841,443,47,7,1338,0,0,0,1338
06/22/2011,MSP,MN,AGL,CE,Towers with Radar,872,459,51,18,1400,0,0,1,0,1,872,459,52,18,1401,0,0,0,1401
06/23/2011,MSP,MN,AGL,CE,Towers with Radar,855,456,59,14,1384,0,0,2,0,2,855,456,61,14,1386,0,0,0,1386
06/24/2011,MSP,MN,AGL,CE,Towers with Radar,853,444,42,6,1345,0,0,10,0,10,853,444,52,6,1355,0,0,0,1355
06/25/2011,MSP,MN,AGL,CE,Towers with Radar,761,363,16,2,1142,0,0,0,0,0,761,363,16,2,1142,0,0,0,1142
06/26/2011,MSP,MN,AGL,CE,Towers with Radar,816,411,22,1,1250,0,0,2,0,2,816,411,24,1,1252,0,0,0,1252
06/27/2011,MSP,MN,AGL,CE,Towers with Radar,863,441,47,7,1358,0,0,0,0,0,863,441,47,7,1358,0,0,0,1358
06/28/2011,MSP,MN,AGL,CE,Towers with Radar,851,448,71,14,1384,0,0,3,0,3,851,448,74,14,1387,0,0,0,1387
06/29/2011,MSP,MN,AGL,CE,Towers with Radar,868,453,61,10,1392,0,0,4,0,4,868,453,65,10,1396,0,0,0,1396
06/30/2011,MSP,MN,AGL,CE,Towers with Radar,870,456,45,11,1382,0,0,2,9,11,870,456,47,20,1393,0,0,0,1393
07/01/2011,MSP,MN,AGL,CE,Towers with Radar,882,443,28,2,1355,0,1,2,0,3,882,444,30,2,1358,0,0,0,1358
07/02/2011,MSP,MN,AGL,CE,Towers with Radar,751,330,5,0,1086,0,1,1,0,2,751,331,6,0,1088,0,0,0,1088
07/03/2011,MSP,MN,AGL,CE,Towers with Radar,717,294,6,0,1017,0,2,1,0,3,717,296,7,0,1020,0,0,0,1020
07/04/2011,MSP,MN,AGL,CE,Towers with Radar,802,400,5,0,1207,0,0,0,0,0,802,400,5,0,1207,0,0,0,1207
07/05/2011,MSP,MN,AGL,CE,Towers with Radar,857,453,32,5,1347,0,0,2,0,2,857,453,34,5,1349,0,0,0,1349
07/06/2011,MSP,MN,AGL,CE,Towers with Radar,887,463,26,16,1392,0,0,3,1,4,887,463,29,17,1396,0,0,0,1396
07/07/2011,MSP,MN,AGL,CE,Towers with Radar,881,457,25,5,1368,0,0,3,0,3,881,457,28,5,1371,0,0,0,1371
07/08/2011,MSP,MN,AGL,CE,Towers with Radar,864,449,22,8,1343,0,0,1,0,1,864,449,23,8,1344,0,0,0,1344
07/09/2011,MSP,MN,AGL,CE,Towers with Radar,768,355,12,8,1143,0,0,3,0,3,768,355,15,8,1146,0,0,0,1146
07/10/2011,MSP,MN,AGL,CE,Towers with Radar,835,373,20,10,1238,0,0,2,0,2,835,373,22,10,1240,0,0,0,1240
07/11/2011,MSP,MN,AGL,CE,Towers with Radar,878,423,51,12,1364,0,0,0,0,0,878,423,51,12,1364,0,0,0,1364
07/12/2011,MSP,MN,AGL,CE,Towers with Radar,886,455,51,18,1410,0,0,2,0,2,886,455,53,18,1412,0,0,0,1412
07/13/2011,MSP,MN,AGL,CE,Towers with Radar,881,456,60,7,1404,0,1,2,0,3,881,457,62,7,1407,0,0,0,1407
07/14/2011,MSP,MN,AGL,CE,Towers with Radar,892,457,49,8,1406,0,0,1,0,1,892,457,50,8,1407,0,0,0,1407
07/15/2011,MSP,MN,AGL,CE,Towers with Radar,847,378,25,14,1264,0,1,2,2,5,847,379,27,16,1269,0,0,0,1269
07/16/2011,MSP,MN,AGL,CE,Towers with Radar,768,347,6,4,1125,0,0,5,6,11,768,347,11,10,1136,0,0,0,1136
07/17/2011,MSP,MN,AGL,CE,Towers with Radar,849,399,30,11,1289,0,3,3,0,6,849,402,33,11,1295,0,0,0,1295
07/18/2011,MSP,MN,AGL,CE,Towers with Radar,862,434,49,9,1354,0,0,11,0,11,862,434,60,9,1365,0,0,0,1365
07/19/2011,MSP,MN,AGL,CE,Towers with Radar,869,458,62,14,1403,0,0,7,1,8,869,458,69,15,1411,0,0,0,1411
07/20/2011,MSP,MN,AGL,CE,Towers with Radar,886,458,59,14,1417,0,0,13,1,14,886,458,72,15,1431,0,0,0,1431
07/21/2011,MSP,MN,AGL,CE,Towers with Radar,880,458,67,15,1420,0,0,3,0,3,880,458,70,15,1423,0,0,0,1423
07/22/2011,MSP,MN,AGL,CE,Towers with Radar,875,446,37,7,1365,0,0,19,0,19,875,446,56,7,1384,0,0,0,1384
07/23/2011,MSP,MN,AGL,CE,Towers with Radar,764,350,24,6,1144,0,0,0,0,0,764,350,24,6,1144,0,0,0,1144
07/24/2011,MSP,MN,AGL,CE,Towers with Radar,833,402,26,7,1268,0,0,2,1,3,833,402,28,8,1271,0,0,0,1271
07/25/2011,MSP,MN,AGL,CE,Towers with Radar,866,445,59,7,1377,0,0,3,0,3,866,445,62,7,1380,0,0,0,1380
07/26/2011,MSP,MN,AGL,CE,Towers with Radar,869,452,48,14,1383,0,0,1,1,2,869,452,49,15,1385,0,0,0,1385
07/27/2011,MSP,MN,AGL,CE,Towers with Radar,861,460,52,9,1382,0,0,0,0,0,861,460,52,9,1382,0,0,0,1382
07/28/2011,MSP,MN,AGL,CE,Towers with Radar,879,450,60,9,1398,0,0,4,0,4,879,450,64,9,1402,0,0,0,1402
07/29/2011,MSP,MN,AGL,CE,Towers with Radar,872,439,28,6,1345,0,0,3,0,3,872,439,31,6,1348,0,0,0,1348
07/30/2011,MSP,MN,AGL,CE,Towers with Radar,773,354,11,3,1141,0,1,1,0,2,773,355,12,3,1143,0,0,0,1143
07/31/2011,MSP,MN,AGL,CE,Towers with Radar,824,410,19,4,1257,0,0,0,0,0,824,410,19,4,1257,0,0,0,1257
08/01/2011,MSP,MN,AGL,CE,Towers with Radar,836,435,41,12,1324,0,0,3,0,3,836,435,44,12,1327,0,0,0,1327
08/02/2011,MSP,MN,AGL,CE,Towers with Radar,883,465,35,7,1390,0,0,4,0,4,883,465,39,7,1394,0,0,0,1394
08/03/2011,MSP,MN,AGL,CE,Towers with Radar,881,471,49,11,1412,0,0,7,0,7,881,471,56,11,1419,0,0,0,1419
08/04/2011,MSP,MN,AGL,CE,Towers with Radar,872,454,42,4,1372,0,0,0,0,0,872,454,42,4,1372,0,0,0,1372
08/05/2011,MSP,MN,AGL,CE,Towers with Radar,867,455,26,15,1363,0,0,0,1,1,867,455,26,16,1364,0,0,0,1364
08/06/2011,MSP,MN,AGL,CE,Towers with Radar,773,338,20,9,1140,0,0,2,0,2,773,338,22,9,1142,0,0,0,1142
08/07/2011,MSP,MN,AGL,CE,Towers with Radar,821,416,19,8,1264,0,0,0,0,0,821,416,19,8,1264,0,0,0,1264
08/08/2011,MSP,MN,AGL,CE,Towers with Radar,861,441,67,10,1379,0,1,2,0,3,861,442,69,10,1382,0,0,0,1382
08/09/2011,MSP,MN,AGL,CE,Towers with Radar,861,456,34,12,1363,0,0,1,0,1,861,456,35,12,1364,0,0,0,1364
08/10/2011,MSP,MN,AGL,CE,Towers with Radar,871,481,61,13,1426,0,0,1,1,2,871,481,62,14,1428,0,0,0,1428
08/11/2011,MSP,MN,AGL,CE,Towers with Radar,882,476,58,12,1428,0,0,1,0,1,882,476,59,12,1429,0,0,0,1429
08/12/2011,MSP,MN,AGL,CE,Towers with Radar,880,451,23,11,1365,0,0,1,0,1,880,451,24,11,1366,0,0,0,1366
08/13/2011,MSP,MN,AGL,CE,Towers with Radar,756,354,13,1,1124,0,0,0,0,0,756,354,13,1,1124,0,0,0,1124
08/14/2011,MSP,MN,AGL,CE,Towers with Radar,824,407,16,5,1252,0,0,0,1,1,824,407,16,6,1253,0,0,0,1253
08/15/2011,MSP,MN,AGL,CE,Towers with Radar,864,442,39,4,1349,0,0,4,0,4,864,442,43,4,1353,0,0,0,1353
08/16/2011,MSP,MN,AGL,CE,Towers with Radar,846,448,53,7,1354,0,0,2,0,2,846,448,55,7,1356,0,0,0,1356
08/17/2011,MSP,MN,AGL,CE,Towers with Radar,845,455,52,12,1364,0,0,3,1,4,845,455,55,13,1368,0,0,0,1368
08/18/2011,MSP,MN,AGL,CE,Towers with Radar,846,449,50,11,1356,0,0,4,0,4,846,449,54,11,1360,0,0,0,1360
08/19/2011,MSP,MN,AGL,CE,Towers with Radar,824,441,32,11,1308,0,0,0,0,0,824,441,32,11,1308,0,0,0,1308
08/20/2011,MSP,MN,AGL,CE,Towers with Radar,681,315,14,7,1017,0,0,3,0,3,681,315,17,7,1020,0,0,0,1020
08/21/2011,MSP,MN,AGL,CE,Towers with Radar,760,374,24,22,1180,0,0,2,1,3,760,374,26,23,1183,0,0,0,1183
08/22/2011,MSP,MN,AGL,CE,Towers with Radar,837,434,48,10,1329,0,2,2,0,4,837,436,50,10,1333,0,0,0,1333
08/23/2011,MSP,MN,AGL,CE,Towers with Radar,835,443,51,13,1342,0,0,5,0,5,835,443,56,13,1347,0,0,0,1347
08/24/2011,MSP,MN,AGL,CE,Towers with Radar,838,450,36,14,1338,0,0,0,0,0,838,450,36,14,1338,0,0,0,1338
08/25/2011,MSP,MN,AGL,CE,Towers with Radar,845,447,58,13,1363,0,0,6,0,6,845,447,64,13,1369,0,0,0,1369
08/26/2011,MSP,MN,AGL,CE,Towers with Radar,835,439,39,11,1324,0,2,2,0,4,835,441,41,11,1328,0,0,0,1328
08/27/2011,MSP,MN,AGL,CE,Towers with Radar,641,307,10,3,961,0,0,0,0,0,641,307,10,3,961,0,0,0,961
08/28/2011,MSP,MN,AGL,CE,Towers with Radar,690,361,16,6,1073,0,0,0,0,0,690,361,16,6,1073,0,0,0,1073
08/29/2011,MSP,MN,AGL,CE,Towers with Radar,806,442,39,13,1300,0,0,1,0,1,806,442,40,13,1301,0,0,0,1301
08/30/2011,MSP,MN,AGL,CE,Towers with Radar,835,462,43,15,1355,0,0,4,0,4,835,462,47,15,1359,0,0,0,1359
08/31/2011,MSP,MN,AGL,CE,Towers with Radar,833,466,38,8,1345,0,0,0,0,0,833,466,38,8,1345,0,0,0,1345
09/01/2011,MSP,MN,AGL,CE,Towers with Radar,839,472,41,9,1361,0,3,1,0,4,839,475,42,9,1365,0,0,0,1365
09/02/2011,MSP,MN,AGL,CE,Towers with Radar,838,443,25,3,1309,0,0,1,0,1,838,443,26,3,1310,0,0,0,1310
09/03/2011,MSP,MN,AGL,CE,Towers with Radar,627,294,4,2,927,0,0,0,0,0,627,294,4,2,927,0,0,0,927
09/04/2011,MSP,MN,AGL,CE,Towers with Radar,636,262,2,0,900,0,1,1,0,2,636,263,3,0,902,0,0,0,902
09/05/2011,MSP,MN,AGL,CE,Towers with Radar,788,390,17,0,1195,0,0,1,0,1,788,390,18,0,1196,0,0,0,1196
09/06/2011,MSP,MN,AGL,CE,Towers with Radar,805,453,38,18,1314,0,0,1,0,1,805,453,39,18,1315,0,0,0,1315
09/07/2011,MSP,MN,AGL,CE,Towers with Radar,783,403,29,16,1231,0,0,1,0,1,783,403,30,16,1232,0,0,0,1232
09/08/2011,MSP,MN,AGL,CE,Towers with Radar,796,401,36,6,1239,0,0,3,1,4,796,401,39,7,1243,0,0,0,1243
09/09/2011,MSP,MN,AGL,CE,Towers with Radar,801,399,24,18,1242,0,0,4,0,4,801,399,28,18,1246,0,0,0,1246
09/10/2011,MSP,MN,AGL,CE,Towers with Radar,608,258,8,3,877,0,0,0,0,0,608,258,8,3,877,0,0,0,877
09/11/2011,MSP,MN,AGL,CE,Towers with Radar,728,331,17,11,1087,0,0,4,1,5,728,331,21,12,1092,0,0,0,1092
09/12/2011,MSP,MN,AGL,CE,Towers with Radar,797,383,57,12,1249,0,0,6,0,6,797,383,63,12,1255,0,0,0,1255
09/13/2011,MSP,MN,AGL,CE,Towers with Radar,767,405,65,16,1253,0,0,3,0,3,767,405,68,16,1256,0,0,0,1256
09/14/2011,MSP,MN,AGL,CE,Towers with Radar,781,400,54,19,1254,0,2,0,0,2,781,402,54,19,1256,0,0,0,1256
09/15/2011,MSP,MN,AGL,CE,Towers with Radar,802,401,46,5,1254,0,0,1,0,1,802,401,47,5,1255,0,0,0,1255
09/16/2011,MSP,MN,AGL,CE,Towers with Radar,799,400,42,12,1253,0,0,3,0,3,799,400,45,12,1256,0,0,0,1256
09/17/2011,MSP,MN,AGL,CE,Towers with Radar,609,268,18,11,906,0,0,0,0,0,609,268,18,11,906,0,0,0,906
09/18/2011,MSP,MN,AGL,CE,Towers with Radar,738,337,37,18,1130,0,0,0,0,0,738,337,37,18,1130,0,0,0,1130
09/19/2011,MSP,MN,AGL,CE,Towers with Radar,787,389,48,20,1244,0,0,0,0,0,787,389,48,20,1244,0,0,0,1244
09/20/2011,MSP,MN,AGL,CE,Towers with Radar,760,399,43,10,1212,0,0,0,0,0,760,399,43,10,1212,0,0,0,1212
09/21/2011,MSP,MN,AGL,CE,Towers with Radar,776,404,41,14,1235,0,0,0,0,0,776,404,41,14,1235,0,0,0,1235
09/22/2011,MSP,MN,AGL,CE,Towers with Radar,803,403,51,15,1272,0,0,2,0,2,803,403,53,15,1274,0,0,0,1274
09/23/2011,MSP,MN,AGL,CE,Towers with Radar,785,391,24,8,1208,0,0,2,0,2,785,391,26,8,1210,0,0,0,1210
09/24/2011,MSP,MN,AGL,CE,Towers with Radar,611,271,9,3,894,0,0,0,1,1,611,271,9,4,895,0,0,0,895
09/25/2011,MSP,MN,AGL,CE,Towers with Radar,736,339,30,1,1106,0,0,2,0,2,736,339,32,1,1108,0,0,0,1108
09/26/2011,MSP,MN,AGL,CE,Towers with Radar,789,377,45,5,1216,0,0,1,0,1,789,377,46,5,1217,0,0,0,1217
09/27/2011,MSP,MN,AGL,CE,Towers with Radar,758,392,34,9,1193,0,0,5,0,5,758,392,39,9,1198,0,0,0,1198
09/28/2011,MSP,MN,AGL,CE,Towers with Radar,772,396,48,6,1222,0,2,4,0,6,772,398,52,6,1228,0,0,0,1228
09/29/2011,MSP,MN,AGL,CE,Towers with Radar,803,406,54,7,1270,0,0,1,0,1,803,406,55,7,1271,0,0,0,1271
09/30/2011,MSP,MN,AGL,CE,Towers with Radar,790,415,40,9,1254,0,0,2,0,2,790,415,42,9,1256,0,0,0,1256
10/01/2011,MSP,MN,AGL,CE,Towers with Radar,628,257,17,1,903,0,0,2,0,2,628,257,19,1,905,0,0,0,905
10/02/2011,MSP,MN,AGL,CE,Towers with Radar,747,341,21,6,1115,0,0,4,0,4,747,341,25,6,1119,0,0,0,1119
10/03/2011,MSP,MN,AGL,CE,Towers with Radar,802,381,60,18,1261,0,4,0,0,4,802,385,60,18,1265,0,0,0,1265
10/04/2011,MSP,MN,AGL,CE,Towers with Radar,768,370,50,17,1205,0,0,3,0,3,768,370,53,17,1208,0,0,0,1208
10/05/2011,MSP,MN,AGL,CE,Towers with Radar,801,387,50,20,1258,0,0,3,0,3,801,387,53,20,1261,0,0,0,1261
10/06/2011,MSP,MN,AGL,CE,Towers with Radar,814,401,52,9,1276,0,0,1,2,3,814,401,53,11,1279,0,0,0,1279
10/07/2011,MSP,MN,AGL,CE,Towers with Radar,807,394,61,4,1266,0,0,0,0,0,807,394,61,4,1266,0,0,0,1266
10/08/2011,MSP,MN,AGL,CE,Towers with Radar,631,252,13,0,896,0,2,0,0,2,631,254,13,0,898,0,0,0,898
10/09/2011,MSP,MN,AGL,CE,Towers with Radar,745,315,18,1,1079,0,0,0,0,0,745,315,18,1,1079,0,0,0,1079
10/10/2011,MSP,MN,AGL,CE,Towers with Radar,811,360,36,2,1209,0,0,0,0,0,811,360,36,2,1209,0,0,0,1209
10/11/2011,MSP,MN,AGL,CE,Towers with Radar,792,378,37,13,1220,0,0,0,1,1,792,378,37,14,1221,0,0,0,1221
10/12/2011,MSP,MN,AGL,CE,Towers with Radar,806,393,58,11,1268,0,0,3,0,3,806,393,61,11,1271,0,0,0,1271
10/13/2011,MSP,MN,AGL,CE,Towers with Radar,813,392,47,3,1255,0,0,0,0,0,813,392,47,3,1255,0,0,0,1255
10/14/2011,MSP,MN,AGL,CE,Towers with Radar,802,393,33,13,1241,0,0,9,0,9,802,393,42,13,1250,0,0,0,1250
10/15/2011,MSP,MN,AGL,CE,Towers with Radar,639,253,16,5,913,0,0,1,2,3,639,253,17,7,916,0,0,0,916
10/16/2011,MSP,MN,AGL,CE,Towers with Radar,717,327,23,2,1069,0,0,2,0,2,717,327,25,2,1071,0,0,0,1071
10/17/2011,MSP,MN,AGL,CE,Towers with Radar,806,369,49,14,1238,0,0,1,0,1,806,369,50,14,1239,0,0,0,1239
10/18/2011,MSP,MN,AGL,CE,Towers with Radar,800,387,51,14,1252,0,0,1,0,1,800,387,52,14,1253,0,0,0,1253
10/19/2011,MSP,MN,AGL,CE,Towers with Radar,800,394,49,14,1257,0,0,0,0,0,800,394,49,14,1257,0,0,0,1257
10/20/2011,MSP,MN,AGL,CE,Towers with Radar,820,403,46,11,1280,0,0,2,0,2,820,403,48,11,1282,0,0,0,1282
10/21/2011,MSP,MN,AGL,CE,Towers with Radar,803,397,41,4,1245,0,0,0,0,0,803,397,41,4,1245,0,0,0,1245
10/22/2011,MSP,MN,AGL,CE,Towers with Radar,637,263,24,1,925,0,0,1,0,1,637,263,25,1,926,0,0,0,926
10/23/2011,MSP,MN,AGL,CE,Towers with Radar,753,363,29,4,1149,0,2,0,0,2,753,365,29,4,1151,0,0,0,1151
10/24/2011,MSP,MN,AGL,CE,Towers with Radar,810,381,41,3,1235,0,0,4,0,4,810,381,45,3,1239,0,0,0,1239
10/25/2011,MSP,MN,AGL,CE,Towers with Radar,774,393,51,15,1233,0,0,0,0,0,774,393,51,15,1233,0,0,0,1233
10/26/2011,MSP,MN,AGL,CE,Towers with Radar,787,392,40,14,1233,0,0,2,0,2,787,392,42,14,1235,0,0,0,1235
10/27/2011,MSP,MN,AGL,CE,Towers with Radar,818,381,60,18,1277,0,0,2,0,2,818,381,62,18,1279,0,0,0,1279
10/28/2011,MSP,MN,AGL,CE,Towers with Radar,810,390,37,5,1242,0,0,3,0,3,810,390,40,5,1245,0,0,0,1245
10/29/2011,MSP,MN,AGL,CE,Towers with Radar,616,248,13,2,879,0,0,0,0,0,616,248,13,2,879,0,0,0,879
10/30/2011,MSP,MN,AGL,CE,Towers with Radar,748,322,8,0,1078,0,0,0,0,0,748,322,8,0,1078,0,0,0,1078
10/31/2011,MSP,MN,AGL,CE,Towers with Radar,783,356,26,1,1166,0,0,0,0,0,783,356,26,1,1166,0,0,0,1166
11/01/2011,MSP,MN,AGL,CE,Towers with Radar,767,385,36,16,1204,0,0,0,0,0,767,385,36,16,1204,0,0,0,1204
11/02/2011,MSP,MN,AGL,CE,Towers with Radar,768,377,37,15,1197,0,0,5,1,6,768,377,42,16,1203,0,0,0,1203
11/03/2011,MSP,MN,AGL,CE,Towers with Radar,792,399,59,5,1255,0,0,2,0,2,792,399,61,5,1257,0,0,0,1257
11/04/2011,MSP,MN,AGL,CE,Towers with Radar,787,382,26,9,1204,0,0,0,0,0,787,382,26,9,1204,0,0,0,1204
11/05/2011,MSP,MN,AGL,CE,Towers with Radar,619,254,6,6,885,0,1,0,0,1,619,255,6,6,886,0,0,0,886
11/06/2011,MSP,MN,AGL,CE,Towers with Radar,720,349,11,8,1088,0,0,2,0,2,720,349,13,8,1090,0,0,0,1090
11/07/2011,MSP,MN,AGL,CE,Towers with Radar,774,374,55,4,1207,0,0,1,0,1,774,374,56,4,1208,0,0,0,1208
11/08/2011,MSP,MN,AGL,CE,Towers with Radar,732,375,57,15,1179,0,0,1,0,1,732,375,58,15,1180,0,0,0,1180
11/09/2011,MSP,MN,AGL,CE,Towers with Radar,762,393,31,12,1198,0,0,1,0,1,762,393,32,12,1199,0,0,0,1199
11/10/2011,MSP,MN,AGL,CE,Towers with Radar,782,386,50,9,1227,0,0,0,0,0,782,386,50,9,1227,0,0,0,1227
11/11/2011,MSP,MN,AGL,CE,Towers with Radar,774,402,27,0,1203,0,4,0,0,4,774,406,27,0,1207,0,0,0,1207
11/12/2011,MSP,MN,AGL,CE,Towers with Radar,586,249,14,0,849,0,0,0,0,0,586,249,14,0,849,0,0,0,849
11/13/2011,MSP,MN,AGL,CE,Towers with Radar,717,333,30,1,1081,0,0,1,0,1,717,333,31,1,1082,0,0,0,1082
11/14/2011,MSP,MN,AGL,CE,Towers with Radar,784,360,52,0,1196,0,0,4,0,4,784,360,56,0,1200,0,0,0,1200
11/15/2011,MSP,MN,AGL,CE,Towers with Radar,750,370,64,12,1196,0,0,4,0,4,750,370,68,12,1200,0,0,0,1200
11/16/2011,MSP,MN,AGL,CE,Towers with Radar,770,375,57,13,1215,0,0,2,0,2,770,375,59,13,1217,0,0,0,1217
11/17/2011,MSP,MN,AGL,CE,Towers with Radar,788,387,36,15,1226,0,0,8,0,8,788,387,44,15,1234,0,0,0,1234
11/18/2011,MSP,MN,AGL,CE,Towers with Radar,787,398,28,6,1219,0,2,1,0,3,787,400,29,6,1222,0,0,0,1222
11/19/2011,MSP,MN,AGL,CE,Towers with Radar,619,246,10,4,879,0,0,0,0,0,619,246,10,4,879,0,0,0,879
11/20/2011,MSP,MN,AGL,CE,Towers with Radar,675,279,14,1,969,0,2,0,0,2,675,281,14,1,971,0,0,0,971
11/21/2011,MSP,MN,AGL,CE,Towers with Radar,691,301,47,12,1051,0,0,0,0,0,691,301,47,12,1051,0,0,0,1051
11/22/2011,MSP,MN,AGL,CE,Towers with Radar,758,352,38,15,1163,0,0,0,0,0,758,352,38,15,1163,0,0,0,1163
11/23/2011,MSP,MN,AGL,CE,Towers with Radar,811,395,25,6,1237,0,0,0,0,0,811,395,25,6,1237,0,0,0,1237
11/24/2011,MSP,MN,AGL,CE,Towers with Radar,427,176,3,0,606,0,0,1,0,1,427,176,4,0,607,0,0,0,607
11/25/2011,MSP,MN,AGL,CE,Towers with Radar,494,222,4,0,720,0,0,5,0,5,494,222,9,0,725,0,0,0,725
11/26/2011,MSP,MN,AGL,CE,Towers with Radar,701,307,3,0,1011,0,0,0,0,0,701,307,3,0,1011,0,0,0,1011
11/27/2011,MSP,MN,AGL,CE,Towers with Radar,786,358,26,0,1170,0,0,1,0,1,786,358,27,0,1171,0,0,0,1171
11/28/2011,MSP,MN,AGL,CE,Towers with Radar,809,374,41,7,1231,0,0,1,0,1,809,374,42,7,1232,0,0,0,1232
11/29/2011,MSP,MN,AGL,CE,Towers with Radar,727,386,47,16,1176,0,0,3,1,4,727,386,50,17,1180,0,0,0,1180
11/30/2011,MSP,MN,AGL,CE,Towers with Radar,752,383,37,9,1181,0,0,1,1,2,752,383,38,10,1183,0,0,0,1183
12/01/2011,MSP,MN,AGL,CE,Towers with Radar,757,392,39,5,1193,0,0,2,0,2,757,392,41,5,1195,0,0,0,1195
12/02/2011,MSP,MN,AGL,CE,Towers with Radar,750,379,30,16,1175,0,0,1,0,1,750,379,31,16,1176,0,0,0,1176
12/03/2011,MSP,MN,AGL,CE,Towers with Radar,534,251,8,2,795,0,0,0,0,0,534,251,8,2,795,0,0,0,795
12/04/2011,MSP,MN,AGL,CE,Towers with Radar,665,307,13,5,990,0,0,0,0,0,665,307,13,5,990,0,0,0,990
12/05/2011,MSP,MN,AGL,CE,Towers with Radar,731,363,43,5,1142,0,0,0,0,0,731,363,43,5,1142,0,0,0,1142
12/06/2011,MSP,MN,AGL,CE,Towers with Radar,690,366,55,15,1126,0,0,0,0,0,690,366,55,15,1126,0,0,0,1126
12/07/2011,MSP,MN,AGL,CE,Towers with Radar,708,361,47,12,1128,0,0,2,0,2,708,361,49,12,1130,0,0,0,1130
12/08/2011,MSP,MN,AGL,CE,Towers with Radar,750,393,54,9,1206,0,0,4,0,4,750,393,58,9,1210,0,0,0,1210
12/09/2011,MSP,MN,AGL,CE,Towers with Radar,735,389,41,7,1172,0,0,0,0,0,735,389,41,7,1172,0,0,0,1172
12/10/2011,MSP,MN,AGL,CE,Towers with Radar,531,240,12,2,785,0,0,0,0,0,531,240,12,2,785,0,0,0,785
12/11/2011,MSP,MN,AGL,CE,Towers with Radar,661,311,19,2,993,0,0,0,0,0,661,311,19,2,993,0,0,0,993
12/12/2011,MSP,MN,AGL,CE,Towers with Radar,735,366,64,13,1178,0,0,0,0,0,735,366,64,13,1178,0,0,0,1178
12/13/2011,MSP,MN,AGL,CE,Towers with Radar,699,362,55,10,1126,0,0,0,0,0,699,362,55,10,1126,0,0,0,1126
12/14/2011,MSP,MN,AGL,CE,Towers with Radar,714,361,50,1,1126,0,0,0,0,0,714,361,50,1,1126,0,0,0,1126
12/15/2011,MSP,MN,AGL,CE,Towers with Radar,743,391,54,11,1199,0,0,0,0,0,743,391,54,11,1199,0,0,0,1199
12/16/2011,MSP,MN,AGL,CE,Towers with Radar,743,384,35,5,1167,0,0,0,0,0,743,384,35,5,1167,0,0,0,1167
12/17/2011,MSP,MN,AGL,CE,Towers with Radar,679,292,17,0,988,0,0,0,0,0,679,292,17,0,988,0,0,0,988
12/18/2011,MSP,MN,AGL,CE,Towers with Radar,714,306,21,2,1043,0,0,0,0,0,714,306,21,2,1043,0,0,0,1043
12/19/2011,MSP,MN,AGL,CE,Towers with Radar,757,370,34,9,1170,0,0,0,2,2,757,370,34,11,1172,0,0,0,1172
12/20/2011,MSP,MN,AGL,CE,Towers with Radar,787,375,36,13,1211,0,0,0,1,1,787,375,36,14,1212,0,0,0,1212
12/21/2011,MSP,MN,AGL,CE,Towers with Radar,789,379,37,19,1224,0,0,0,0,0,789,379,37,19,1224,0,0,0,1224
12/22/2011,MSP,MN,AGL,CE,Towers with Radar,795,387,22,10,1214,0,0,0,0,0,795,387,22,10,1214,0,0,0,1214
12/23/2011,MSP,MN,AGL,CE,Towers with Radar,800,392,21,0,1213,0,0,0,0,0,800,392,21,0,1213,0,0,0,1213
12/24/2011,MSP,MN,AGL,CE,Towers with Radar,581,248,6,0,835,0,0,2,0,2,581,248,8,0,837,0,0,0,837
12/25/2011,MSP,MN,AGL,CE,Towers with Radar,585,251,2,0,838,0,0,1,0,1,585,251,3,0,839,0,0,0,839
12/26/2011,MSP,MN,AGL,CE,Towers with Radar,739,355,21,0,1115,0,0,1,0,1,739,355,22,0,1116,0,0,0,1116
12/27/2011,MSP,MN,AGL,CE,Towers with Radar,765,385,19,7,1176,0,0,0,0,0,765,385,19,7,1176,0,0,0,1176
12/28/2011,MSP,MN,AGL,CE,Towers with Radar,785,387,16,14,1202,0,0,2,1,3,785,387,18,15,1205,0,0,0,1205
12/29/2011,MSP,MN,AGL,CE,Towers with Radar,792,381,12,11,1196,0,0,1,0,1,792,381,13,11,1197,0,0,0,1197
12/30/2011,MSP,MN,AGL,CE,Towers with Radar,770,364,9,0,1143,0,0,0,0,0,770,364,9,0,1143,0,0,0,1143
12/31/2011,MSP,MN,AGL,CE,Towers with Radar,581,235,6,0,822,0,0,0,0,0,581,235,6,0,822,0,0,0,822
01/01/2012,MSP,MN,AGL,CE,Towers with Radar,613,257,12,1,883,0,0,0,0,0,613,257,12,1,883,0,0,0,883
01/02/2012,MSP,MN,AGL,CE,Towers with Radar,750,356,17,0,1123,0,0,3,0,3,750,356,20,0,1126,0,0,0,1126
01/03/2012,MSP,MN,AGL,CE,Towers with Radar,758,367,29,3,1157,0,0,0,0,0,758,367,29,3,1157,0,0,0,1157
01/04/2012,MSP,MN,AGL,CE,Towers with Radar,734,393,32,7,1166,0,1,2,0,3,734,394,34,7,1169,0,0,0,1169
01/05/2012,MSP,MN,AGL,CE,Towers with Radar,751,368,41,13,1173,0,0,0,0,0,751,368,41,13,1173,0,0,0,1173
01/06/2012,MSP,MN,AGL,CE,Towers with Radar,741,364,28,14,1147,0,1,3,0,4,741,365,31,14,1151,0,0,0,1151
01/07/2012,MSP,MN,AGL,CE,Towers with Radar,595,244,9,3,851,0,0,0,0,0,595,244,9,3,851,0,0,0,851
01/08/2012,MSP,MN,AGL,CE,Towers with Radar,675,276,19,7,977,0,0,0,0,0,675,276,19,7,977,0,0,0,977
01/09/2012,MSP,MN,AGL,CE,Towers with Radar,737,361,24,6,1128,0,0,0,0,0,737,361,24,6,1128,0,0,0,1128
01/10/2012,MSP,MN,AGL,CE,Towers with Radar,698,361,42,7,1108,0,1,6,0,7,698,362,48,7,1115,0,0,0,1115
01/11/2012,MSP,MN,AGL,CE,Towers with Radar,703,369,27,10,1109,0,2,0,0,2,703,371,27,10,1111,0,0,0,1111
01/12/2012,MSP,MN,AGL,CE,Towers with Radar,722,367,44,4,1137,0,0,0,0,0,722,367,44,4,1137,0,0,0,1137
01/13/2012,MSP,MN,AGL,CE,Towers with Radar,736,376,18,1,1131,0,0,0,0,0,736,376,18,1,1131,0,0,0,1131
01/14/2012,MSP,MN,AGL,CE,Towers with Radar,589,247,8,2,846,0,1,0,0,1,589,248,8,2,847,0,0,0,847
01/15/2012,MSP,MN,AGL,CE,Towers with Radar,646,246,9,1,902,0,0,0,0,0,646,246,9,1,902,0,0,0,902
01/16/2012,MSP,MN,AGL,CE,Towers with Radar,734,341,33,1,1109,0,0,0,0,0,734,341,33,1,1109,0,0,0,1109
01/17/2012,MSP,MN,AGL,CE,Towers with Radar,684,361,30,0,1075,0,0,0,0,0,684,361,30,0,1075,0,0,0,1075
01/18/2012,MSP,MN,AGL,CE,Towers with Radar,708,370,40,2,1120,0,0,0,0,0,708,370,40,2,1120,0,0,0,1120
01/19/2012,MSP,MN,AGL,CE,Towers with Radar,748,375,52,3,1178,0,0,1,0,1,748,375,53,3,1179,0,0,0,1179
01/20/2012,MSP,MN,AGL,CE,Towers with Radar,696,379,26,2,1103,0,0,1,0,1,696,379,27,2,1104,0,0,0,1104
01/21/2012,MSP,MN,AGL,CE,Towers with Radar,604,234,10,0,848,0,0,1,0,1,604,234,11,0,849,0,0,0,849
01/22/2012,MSP,MN,AGL,CE,Towers with Radar,663,269,15,2,949,0,0,0,0,0,663,269,15,2,949,0,0,0,949
01/23/2012,MSP,MN,AGL,CE,Towers with Radar,722,354,45,6,1127,0,0,0,0,0,722,354,45,6,1127,0,0,0,1127
01/24/2012,MSP,MN,AGL,CE,Towers with Radar,689,365,39,9,1102,0,0,0,0,0,689,365,39,9,1102,0,0,0,1102
01/25/2012,MSP,MN,AGL,CE,Towers with Radar,712,363,34,11,1120,0,0,0,0,0,712,363,34,11,1120,0,0,0,1120
01/26/2012,MSP,MN,AGL,CE,Towers with Radar,762,373,52,9,1196,0,0,2,0,2,762,373,54,9,1198,0,0,0,1198
01/27/2012,MSP,MN,AGL,CE,Towers with Radar,736,371,26,4,1137,0,0,0,0,0,736,371,26,4,1137,0,0,0,1137
01/28/2012,MSP,MN,AGL,CE,Towers with Radar,597,245,8,6,856,0,0,0,0,0,597,245,8,6,856,0,0,0,856
01/29/2012,MSP,MN,AGL,CE,Towers with Radar,678,276,25,1,980,0,0,2,0,2,678,276,27,1,982,0,0,0,982
01/30/2012,MSP,MN,AGL,CE,Towers with Radar,741,359,39,6,1145,0,1,0,0,1,741,360,39,6,1146,0,0,0,1146
01/31/2012,MSP,MN,AGL,CE,Towers with Radar,692,353,48,8,1101,0,0,3,0,3,692,353,51,8,1104,0,0,0,1104
02/01/2012,MSP,MN,AGL,CE,Towers with Radar,723,358,49,8,1138,0,0,0,0,0,723,358,49,8,1138,0,0,0,1138
02/02/2012,MSP,MN,AGL,CE,Towers with Radar,767,356,34,4,1161,0,0,0,0,0,767,356,34,4,1161,0,0,0,1161
02/03/2012,MSP,MN,AGL,CE,Towers with Radar,730,347,34,7,1118,0,0,0,0,0,730,347,34,7,1118,0,0,0,1118
02/04/2012,MSP,MN,AGL,CE,Towers with Radar,615,244,13,2,874,0,0,0,0,0,615,244,13,2,874,0,0,0,874
02/05/2012,MSP,MN,AGL,CE,Towers with Radar,687,296,18,7,1008,0,0,0,0,0,687,296,18,7,1008,0,0,0,1008
02/06/2012,MSP,MN,AGL,CE,Towers with Radar,732,368,36,0,1136,0,0,1,0,1,732,368,37,0,1137,0,0,0,1137
02/07/2012,MSP,MN,AGL,CE,Towers with Radar,704,356,38,9,1107,0,0,0,0,0,704,356,38,9,1107,0,0,0,1107
02/08/2012,MSP,MN,AGL,CE,Towers with Radar,717,368,47,8,1140,0,0,1,0,1,717,368,48,8,1141,0,0,0,1141
02/09/2012,MSP,MN,AGL,CE,Towers with Radar,760,381,43,10,1194,0,0,2,0,2,760,381,45,10,1196,0,0,0,1196
02/10/2012,MSP,MN,AGL,CE,Towers with Radar,749,368,51,8,1176,0,0,0,0,0,749,368,51,8,1176,0,0,0,1176
02/11/2012,MSP,MN,AGL,CE,Towers with Radar,600,240,12,1,853,0,0,0,0,0,600,240,12,1,853,0,0,0,853
02/12/2012,MSP,MN,AGL,CE,Towers with Radar,684,271,12,5,972,0,2,0,0,2,684,273,12,5,974,0,0,0,974
02/13/2012,MSP,MN,AGL,CE,Towers with Radar,750,358,34,5,1147,0,0,0,0,0,750,358,34,5,1147,0,0,0,1147
02/14/2012,MSP,MN,AGL,CE,Towers with Radar,716,357,38,4,1115,0,0,0,0,0,716,357,38,4,1115,0,0,0,1115
02/15/2012,MSP,MN,AGL,CE,Towers with Radar,732,378,42,8,1160,0,0,0,0,0,732,378,42,8,1160,0,0,0,1160
02/16/2012,MSP,MN,AGL,CE,Towers with Radar,800,392,56,7,1255,0,0,1,0,1,800,392,57,7,1256,0,0,0,1256
02/17/2012,MSP,MN,AGL,CE,Towers with Radar,784,381,24,4,1193,0,0,0,1,1,784,381,24,5,1194,0,0,0,1194
02/18/2012,MSP,MN,AGL,CE,Towers with Radar,635,258,8,2,903,0,0,2,0,2,635,258,10,2,905,0,0,0,905
02/19/2012,MSP,MN,AGL,CE,Towers with Radar,692,261,11,1,965,0,0,0,0,0,692,261,11,1,965,0,0,0,965
02/20/2012,MSP,MN,AGL,CE,Towers with Radar,785,359,50,0,1194,0,0,2,0,2,785,359,52,0,1196,0,0,0,1196
02/21/2012,MSP,MN,AGL,CE,Towers with Radar,764,372,32,0,1168,0,0,1,0,1,764,372,33,0,1169,0,0,0,1169
02/22/2012,MSP,MN,AGL,CE,Towers with Radar,767,365,32,9,1173,0,0,0,0,0,767,365,32,9,1173,0,0,0,1173
02/23/2012,MSP,MN,AGL,CE,Towers with Radar,788,379,57,11,1235,0,0,1,0,1,788,379,58,11,1236,0,0,0,1236
02/24/2012,MSP,MN,AGL,CE,Towers with Radar,770,380,27,11,1188,0,0,0,0,0,770,380,27,11,1188,0,0,0,1188
02/25/2012,MSP,MN,AGL,CE,Towers with Radar,639,261,5,1,906,0,0,2,0,2,639,261,7,1,908,0,0,0,908
02/26/2012,MSP,MN,AGL,CE,Towers with Radar,723,287,25,3,1038,0,0,0,0,0,723,287,25,3,1038,0,0,0,1038
02/27/2012,MSP,MN,AGL,CE,Towers with Radar,785,365,40,7,1197,0,0,0,0,0,785,365,40,7,1197,0,0,0,1197
02/28/2012,MSP,MN,AGL,CE,Towers with Radar,738,370,39,2,1149,0,0,0,0,0,738,370,39,2,1149,0,0,0,1149
02/29/2012,MSP,MN,AGL,CE,Towers with Radar,752,348,27,0,1127,0,0,0,0,0,752,348,27,0,1127,0,0,0,1127
03/01/2012,MSP,MN,AGL,CE,Towers with Radar,801,391,45,4,1241,0,0,0,0,0,801,391,45,4,1241,0,0,0,1241
03/02/2012,MSP,MN,AGL,CE,Towers with Radar,777,422,31,6,1236,0,0,22,0,22,777,422,53,6,1258,0,0,0,1258
03/03/2012,MSP,MN,AGL,CE,Towers with Radar,684,283,8,0,975,0,1,0,0,1,684,284,8,0,976,0,0,0,976
03/04/2012,MSP,MN,AGL,CE,Towers with Radar,779,311,18,2,1110,0,0,3,0,3,779,311,21,2,1113,0,0,0,1113
03/05/2012,MSP,MN,AGL,CE,Towers with Radar,812,378,37,7,1234,0,0,2,0,2,812,378,39,7,1236,0,0,0,1236
03/06/2012,MSP,MN,AGL,CE,Towers with Radar,775,381,36,9,1201,0,0,2,0,2,775,381,38,9,1203,0,0,0,1203
03/07/2012,MSP,MN,AGL,CE,Towers with Radar,787,399,37,3,1226,0,0,1,0,1,787,399,38,3,1227,0,0,0,1227
03/08/2012,MSP,MN,AGL,CE,Towers with Radar,827,392,33,6,1258,0,0,0,0,0,827,392,33,6,1258,0,0,0,1258
03/09/2012,MSP,MN,AGL,CE,Towers with Radar,814,390,27,4,1235,0,0,3,0,3,814,390,30,4,1238,0,0,0,1238
03/10/2012,MSP,MN,AGL,CE,Towers with Radar,703,294,19,4,1020,0,0,1,0,1,703,294,20,4,1021,0,0,0,1021
03/11/2012,MSP,MN,AGL,CE,Towers with Radar,783,314,20,3,1120,0,0,0,0,0,783,314,20,3,1120,0,0,0,1120
03/12/2012,MSP,MN,AGL,CE,Towers with Radar,821,365,36,2,1224,0,0,0,0,0,821,365,36,2,1224,0,0,0,1224
03/13/2012,MSP,MN,AGL,CE,Towers with Radar,786,377,42,4,1209,0,0,0,0,0,786,377,42,4,1209,0,0,0,1209
03/14/2012,MSP,MN,AGL,CE,Towers with Radar,806,412,36,7,1261,0,0,1,0,1,806,412,37,7,1262,0,0,0,1262
03/15/2012,MSP,MN,AGL,CE,Towers with Radar,826,391,48,4,1269,0,0,0,0,0,826,391,48,4,1269,0,0,0,1269
03/16/2012,MSP,MN,AGL,CE,Towers with Radar,819,394,29,11,1253,0,0,0,0,0,819,394,29,11,1253,0,0,0,1253
03/17/2012,MSP,MN,AGL,CE,Towers with Radar,697,291,13,4,1005,0,0,0,0,0,697,291,13,4,1005,0,0,0,1005
03/18/2012,MSP,MN,AGL,CE,Towers with Radar,774,331,20,1,1126,0,0,0,0,0,774,331,20,1,1126,0,0,0,1126
03/19/2012,MSP,MN,AGL,CE,Towers with Radar,664,305,40,3,1012,0,0,0,0,0,664,305,40,3,1012,0,0,0,1012
03/20/2012,MSP,MN,AGL,CE,Towers with Radar,766,375,27,8,1176,0,0,0,0,0,766,375,27,8,1176,0,0,0,1176
03/21/2012,MSP,MN,AGL,CE,Towers with Radar,796,400,44,8,1248,0,0,0,0,0,796,400,44,8,1248,0,0,0,1248
03/22/2012,MSP,MN,AGL,CE,Towers with Radar,827,401,41,5,1274,0,0,0,0,0,827,401,41,5,1274,0,0,0,1274
03/23/2012,MSP,MN,AGL,CE,Towers with Radar,824,411,28,5,1268,0,0,0,0,0,824,411,28,5,1268,0,0,0,1268
03/24/2012,MSP,MN,AGL,CE,Towers with Radar,704,289,14,4,1011,0,0,0,0,0,704,289,14,4,1011,0,0,0,1011
03/25/2012,MSP,MN,AGL,CE,Towers with Radar,778,326,17,1,1122,0,0,2,0,2,778,326,19,1,1124,0,0,0,1124
03/26/2012,MSP,MN,AGL,CE,Towers with Radar,813,376,41,1,1231,0,0,0,0,0,813,376,41,1,1231,0,0,0,1231
03/27/2012,MSP,MN,AGL,CE,Towers with Radar,799,389,53,10,1251,0,0,1,0,1,799,389,54,10,1252,0,0,0,1252
03/28/2012,MSP,MN,AGL,CE,Towers with Radar,788,402,24,9,1223,0,0,2,1,3,788,402,26,10,1226,0,0,0,1226
03/29/2012,MSP,MN,AGL,CE,Towers with Radar,828,403,24,9,1264,0,0,0,0,0,828,403,24,9,1264,0,0,0,1264
03/30/2012,MSP,MN,AGL,CE,Towers with Radar,801,416,35,11,1263,0,0,0,0,0,801,416,35,11,1263,0,0,0,1263
03/31/2012,MSP,MN,AGL,CE,Towers with Radar,697,301,18,3,1019,0,0,0,0,0,697,301,18,3,1019,0,0,0,1019
04/01/2012,MSP,MN,AGL,CE,Towers with Radar,761,341,17,6,1125,0,0,0,0,0,761,341,17,6,1125,0,0,0,1125
04/02/2012,MSP,MN,AGL,CE,Towers with Radar,794,379,43,2,1218,0,0,0,0,0,794,379,43,2,1218,0,0,0,1218
04/03/2012,MSP,MN,AGL,CE,Towers with Radar,764,383,39,7,1193,0,0,0,0,0,764,383,39,7,1193,0,0,0,1193
04/04/2012,MSP,MN,AGL,CE,Towers with Radar,777,409,50,9,1245,0,0,6,0,6,777,409,56,9,1251,0,0,0,1251
04/05/2012,MSP,MN,AGL,CE,Towers with Radar,812,405,34,6,1257,0,0,7,0,7,812,405,41,6,1264,0,0,0,1264
04/06/2012,MSP,MN,AGL,CE,Towers with Radar,798,396,22,1,1217,0,0,1,0,1,798,396,23,1,1218,0,0,0,1218
04/07/2012,MSP,MN,AGL,CE,Towers with Radar,626,254,1,2,883,0,0,0,0,0,626,254,1,2,883,0,0,0,883
04/08/2012,MSP,MN,AGL,CE,Towers with Radar,699,288,7,1,995,0,0,1,0,1,699,288,8,1,996,0,0,0,996
04/09/2012,MSP,MN,AGL,CE,Towers with Radar,780,382,40,6,1208,0,0,2,0,2,780,382,42,6,1210,0,0,0,1210
04/10/2012,MSP,MN,AGL,CE,Towers with Radar,750,381,40,9,1180,0,0,7,0,7,750,381,47,9,1187,0,0,0,1187
04/11/2012,MSP,MN,AGL,CE,Towers with Radar,765,389,48,8,1210,0,0,5,0,5,765,389,53,8,1215,0,0,0,1215
04/12/2012,MSP,MN,AGL,CE,Towers with Radar,793,407,70,4,1274,0,0,0,0,0,793,407,70,4,1274,0,0,0,1274
04/13/2012,MSP,MN,AGL,CE,Towers with Radar,774,395,35,4,1208,0,0,0,0,0,774,395,35,4,1208,0,0,0,1208
04/14/2012,MSP,MN,AGL,CE,Towers with Radar,624,254,9,3,890,0,0,0,0,0,624,254,9,3,890,0,0,0,890
04/15/2012,MSP,MN,AGL,CE,Towers with Radar,735,315,15,0,1065,0,0,0,0,0,735,315,15,0,1065,0,0,0,1065
04/16/2012,MSP,MN,AGL,CE,Towers with Radar,780,379,42,7,1208,0,0,0,0,0,780,379,42,7,1208,0,0,0,1208
04/17/2012,MSP,MN,AGL,CE,Towers with Radar,762,389,52,12,1215,0,0,2,0,2,762,389,54,12,1217,0,0,0,1217
04/18/2012,MSP,MN,AGL,CE,Towers with Radar,780,395,34,6,1215,0,0,5,0,5,780,395,39,6,1220,0,0,0,1220
04/19/2012,MSP,MN,AGL,CE,Towers with Radar,784,405,41,6,1236,0,0,10,0,10,784,405,51,6,1246,0,0,0,1246
04/20/2012,MSP,MN,AGL,CE,Towers with Radar,766,401,41,2,1210,0,0,47,0,47,766,401,88,2,1257,0,0,0,1257
04/21/2012,MSP,MN,AGL,CE,Towers with Radar,620,261,14,10,905,0,1,0,0,1,620,262,14,10,906,0,0,0,906
04/22/2012,MSP,MN,AGL,CE,Towers with Radar,737,326,20,3,1086,0,0,1,0,1,737,326,21,3,1087,0,0,0,1087
04/23/2012,MSP,MN,AGL,CE,Towers with Radar,773,386,51,7,1217,0,0,2,0,2,773,386,53,7,1219,0,0,0,1219
04/24/2012,MSP,MN,AGL,CE,Towers with Radar,745,389,48,11,1193,0,1,1,0,2,745,390,49,11,1195,0,0,0,1195
04/25/2012,MSP,MN,AGL,CE,Towers with Radar,766,392,56,10,1224,0,0,13,0,13,766,392,69,10,1237,0,0,0,1237
04/26/2012,MSP,MN,AGL,CE,Towers with Radar,801,402,52,8,1263,0,0,3,0,3,801,402,55,8,1266,0,0,0,1266
04/27/2012,MSP,MN,AGL,CE,Towers with Radar,783,392,27,1,1203,0,1,3,0,4,783,393,30,1,1207,0,0,0,1207
04/28/2012,MSP,MN,AGL,CE,Towers with Radar,633,265,9,9,916,0,1,0,0,1,633,266,9,9,917,0,0,0,917
04/29/2012,MSP,MN,AGL,CE,Towers with Radar,744,330,20,8,1102,0,0,0,0,0,744,330,20,8,1102,0,0,0,1102
04/30/2012,MSP,MN,AGL,CE,Towers with Radar,777,389,53,3,1222,0,0,0,0,0,777,389,53,3,1222,0,0,0,1222
05/01/2012,MSP,MN,AGL,CE,Towers with Radar,749,374,50,9,1182,0,0,1,0,1,749,374,51,9,1183,0,0,0,1183
05/02/2012,MSP,MN,AGL,CE,Towers with Radar,778,405,48,3,1234,0,0,2,0,2,778,405,50,3,1236,0,0,0,1236
05/03/2012,MSP,MN,AGL,CE,Towers with Radar,800,395,45,0,1240,0,0,6,0,6,800,395,51,0,1246,0,0,0,1246
05/04/2012,MSP,MN,AGL,CE,Towers with Radar,789,402,46,7,1244,0,0,12,0,12,789,402,58,7,1256,0,0,0,1256
05/05/2012,MSP,MN,AGL,CE,Towers with Radar,613,273,16,2,904,0,0,2,1,3,613,273,18,3,907,0,0,0,907
05/06/2012,MSP,MN,AGL,CE,Towers with Radar,730,325,18,8,1081,0,0,1,0,1,730,325,19,8,1082,0,0,0,1082
05/07/2012,MSP,MN,AGL,CE,Towers with Radar,782,391,35,8,1216,0,0,1,0,1,782,391,36,8,1217,0,0,0,1217
05/08/2012,MSP,MN,AGL,CE,Towers with Radar,763,371,47,4,1185,0,0,0,0,0,763,371,47,4,1185,0,0,0,1185
05/09/2012,MSP,MN,AGL,CE,Towers with Radar,760,392,38,4,1194,0,0,10,0,10,760,392,48,4,1204,0,0,0,1204
05/10/2012,MSP,MN,AGL,CE,Towers with Radar,811,401,34,5,1251,0,0,2,0,2,811,401,36,5,1253,0,0,0,1253
05/11/2012,MSP,MN,AGL,CE,Towers with Radar,794,399,38,1,1232,0,0,0,0,0,794,399,38,1,1232,0,0,0,1232
05/12/2012,MSP,MN,AGL,CE,Towers with Radar,588,257,7,2,854,0,0,7,0,7,588,257,14,2,861,0,0,0,861
05/13/2012,MSP,MN,AGL,CE,Towers with Radar,713,310,15,1,1039,0,0,4,0,4,713,310,19,1,1043,0,0,0,1043
05/14/2012,MSP,MN,AGL,CE,Towers with Radar,788,384,33,0,1205,0,0,0,2,2,788,384,33,2,1207,0,0,0,1207
05/15/2012,MSP,MN,AGL,CE,Towers with Radar,770,389,34,4,1197,0,0,13,0,13,770,389,47,4,1210,0,0,0,1210
05/16/2012,MSP,MN,AGL,CE,Towers with Radar,772,409,28,6,1215,0,0,2,0,2,772,409,30,6,1217,0,0,0,1217
05/17/2012,MSP,MN,AGL,CE,Towers with Radar,812,403,48,1,1264,0,0,1,0,1,812,403,49,1,1265,0,0,0,1265
05/18/2012,MSP,MN,AGL,CE,Towers with Radar,790,397,33,2,1222,0,0,2,0,2,790,397,35,2,1224,0,0,0,1224
05/19/2012,MSP,MN,AGL,CE,Towers with Radar,633,268,8,5,914,0,0,2,0,2,633,268,10,5,916,0,0,0,916
05/20/2012,MSP,MN,AGL,CE,Towers with Radar,743,326,8,4,1081,0,0,0,0,0,743,326,8,4,1081,0,0,0,1081
05/21/2012,MSP,MN,AGL,CE,Towers with Radar,786,379,59,6,1230,0,0,1,0,1,786,379,60,6,1231,0,0,0,1231
05/22/2012,MSP,MN,AGL,CE,Towers with Radar,775,378,40,0,1193,0,0,3,0,3,775,378,43,0,1196,0,0,0,1196
05/23/2012,MSP,MN,AGL,CE,Towers with Radar,763,394,49,0,1206,0,0,0,0,0,763,394,49,0,1206,0,0,0,1206
05/24/2012,MSP,MN,AGL,CE,Towers with Radar,830,378,59,13,1280,0,1,0,0,1,830,379,59,13,1281,0,0,0,1281
05/25/2012,MSP,MN,AGL,CE,Towers with Radar,812,398,24,2,1236,0,1,5,0,6,812,399,29,2,1242,0,0,0,1242
05/26/2012,MSP,MN,AGL,CE,Towers with Radar,575,246,5,0,826,0,0,0,0,0,575,246,5,0,826,0,0,0,826
05/27/2012,MSP,MN,AGL,CE,Towers with Radar,558,221,13,1,793,0,0,4,0,4,558,221,17,1,797,0,0,0,797
05/28/2012,MSP,MN,AGL,CE,Towers with Radar,736,330,17,1,1084,0,0,6,1,7,736,330,23,2,1091,0,0,0,1091
05/29/2012,MSP,MN,AGL,CE,Towers with Radar,755,385,37,12,1189,0,0,5,0,5,755,385,42,12,1194,0,0,0,1194
05/30/2012,MSP,MN,AGL,CE,Towers with Radar,774,415,28,5,1222,0,0,16,0,16,774,415,44,5,1238,0,0,0,1238
05/31/2012,MSP,MN,AGL,CE,Towers with Radar,799,406,41,7,1253,0,1,7,0,8,799,407,48,7,1261,0,0,0,1261
06/01/2012,MSP,MN,AGL,CE,Towers with Radar,797,398,21,5,1221,0,0,6,0,6,797,398,27,5,1227,0,0,0,1227
06/02/2012,MSP,MN,AGL,CE,Towers with Radar,648,266,19,2,935,0,0,4,0,4,648,266,23,2,939,0,0,0,939
06/03/2012,MSP,MN,AGL,CE,Towers with Radar,746,346,14,3,1109,0,0,2,0,2,746,346,16,3,1111,0,0,0,1111
06/04/2012,MSP,MN,AGL,CE,Towers with Radar,806,395,32,4,1237,0,0,3,0,3,806,395,35,4,1240,0,0,0,1240
06/05/2012,MSP,MN,AGL,CE,Towers with Radar,778,391,34,7,1210,0,0,2,0,2,778,391,36,7,1212,0,0,0,1212
06/06/2012,MSP,MN,AGL,CE,Towers with Radar,780,409,28,4,1221,0,0,0,0,0,780,409,28,4,1221,0,0,0,1221
06/07/2012,MSP,MN,AGL,CE,Towers with Radar,862,434,35,10,1341,0,0,2,0,2,862,434,37,10,1343,0,0,0,1343
06/08/2012,MSP,MN,AGL,CE,Towers with Radar,861,426,49,2,1338,0,0,1,0,1,861,426,50,2,1339,0,0,0,1339
06/09/2012,MSP,MN,AGL,CE,Towers with Radar,752,322,6,0,1080,0,0,3,0,3,752,322,9,0,1083,0,0,0,1083
06/10/2012,MSP,MN,AGL,CE,Towers with Radar,775,370,16,5,1166,0,0,4,0,4,775,370,20,5,1170,0,0,0,1170
06/11/2012,MSP,MN,AGL,CE,Towers with Radar,883,413,44,4,1344,0,1,3,0,4,883,414,47,4,1348,0,0,0,1348
06/12/2012,MSP,MN,AGL,CE,Towers with Radar,829,421,60,8,1318,0,4,3,0,7,829,425,63,8,1325,0,0,0,1325
06/13/2012,MSP,MN,AGL,CE,Towers with Radar,852,425,48,6,1331,0,2,1,0,3,852,427,49,6,1334,0,0,0,1334
06/14/2012,MSP,MN,AGL,CE,Towers with Radar,863,400,40,0,1303,0,0,1,0,1,863,400,41,0,1304,0,0,0,1304
06/15/2012,MSP,MN,AGL,CE,Towers with Radar,881,432,41,6,1360,0,0,16,0,16,881,432,57,6,1376,0,0,0,1376
06/16/2012,MSP,MN,AGL,CE,Towers with Radar,737,330,14,4,1085,0,0,3,0,3,737,330,17,4,1088,0,0,0,1088
06/17/2012,MSP,MN,AGL,CE,Towers with Radar,809,372,25,2,1208,0,0,0,0,0,809,372,25,2,1208,0,0,0,1208
06/18/2012,MSP,MN,AGL,CE,Towers with Radar,869,408,32,9,1318,0,0,0,0,0,869,408,32,9,1318,0,0,0,1318
06/19/2012,MSP,MN,AGL,CE,Towers with Radar,853,408,62,11,1334,0,0,7,0,7,853,408,69,11,1341,0,0,0,1341
06/20/2012,MSP,MN,AGL,CE,Towers with Radar,846,410,45,7,1308,0,0,0,0,0,846,410,45,7,1308,0,0,0,1308
06/21/2012,MSP,MN,AGL,CE,Towers with Radar,889,429,62,7,1387,0,0,4,0,4,889,429,66,7,1391,0,0,0,1391
06/22/2012,MSP,MN,AGL,CE,Towers with Radar,851,421,34,7,1313,0,0,3,1,4,851,421,37,8,1317,0,0,0,1317
06/23/2012,MSP,MN,AGL,CE,Towers with Radar,755,329,7,4,1095,0,0,0,0,0,755,329,7,4,1095,0,0,0,1095
06/24/2012,MSP,MN,AGL,CE,Towers with Radar,822,382,25,1,1230,0,0,2,0,2,822,382,27,1,1232,0,0,0,1232
06/25/2012,MSP,MN,AGL,CE,Towers with Radar,850,413,44,7,1314,0,0,2,0,2,850,413,46,7,1316,0,0,0,1316
06/26/2012,MSP,MN,AGL,CE,Towers with Radar,846,424,69,15,1354,0,0,2,0,2,846,424,71,15,1356,0,0,0,1356
06/27/2012,MSP,MN,AGL,CE,Towers with Radar,868,433,34,12,1347,0,0,3,0,3,868,433,37,12,1350,0,0,0,1350
06/28/2012,MSP,MN,AGL,CE,Towers with Radar,869,428,40,8,1345,0,0,1,0,1,869,428,41,8,1346,0,0,0,1346
06/29/2012,MSP,MN,AGL,CE,Towers with Radar,872,426,38,12,1348,0,0,0,0,0,872,426,38,12,1348,0,0,0,1348
06/30/2012,MSP,MN,AGL,CE,Towers with Radar,757,340,13,9,1119,0,0,0,0,0,757,340,13,9,1119,0,0,0,1119
07/01/2012,MSP,MN,AGL,CE,Towers with Radar,833,367,16,2,1218,0,0,1,0,1,833,367,17,2,1219,0,0,0,1219
07/02/2012,MSP,MN,AGL,CE,Towers with Radar,849,387,13,2,1251,0,0,0,0,0,849,387,13,2,1251,0,0,0,1251
07/03/2012,MSP,MN,AGL,CE,Towers with Radar,772,345,24,0,1141,0,0,1,0,1,772,345,25,0,1142,0,0,0,1142
07/04/2012,MSP,MN,AGL,CE,Towers with Radar,611,238,7,2,858,0,0,1,0,1,611,238,8,2,859,0,0,0,859
07/05/2012,MSP,MN,AGL,CE,Towers with Radar,817,364,13,6,1200,0,0,3,0,3,817,364,16,6,1203,0,0,0,1203
07/06/2012,MSP,MN,AGL,CE,Towers with Radar,847,410,18,7,1282,0,0,2,0,2,847,410,20,7,1284,0,0,0,1284
07/07/2012,MSP,MN,AGL,CE,Towers with Radar,749,334,5,5,1093,0,0,2,0,2,749,334,7,5,1095,0,0,0,1095
07/08/2012,MSP,MN,AGL,CE,Towers with Radar,852,373,18,6,1249,0,1,2,0,3,852,374,20,6,1252,0,0,0,1252
07/09/2012,MSP,MN,AGL,CE,Towers with Radar,865,402,51,14,1332,0,0,1,0,1,865,402,52,14,1333,0,0,0,1333
07/10/2012,MSP,MN,AGL,CE,Towers with Radar,865,410,53,17,1345,0,2,9,0,11,865,412,62,17,1356,0,0,0,1356
07/11/2012,MSP,MN,AGL,CE,Towers with Radar,893,422,42,8,1365,0,0,1,0,1,893,422,43,8,1366,0,0,0,1366
07/12/2012,MSP,MN,AGL,CE,Towers with Radar,901,412,53,4,1370,0,0,1,0,1,901,412,54,4,1371,0,0,0,1371
07/13/2012,MSP,MN,AGL,CE,Towers with Radar,874,405,39,7,1325,0,0,0,0,0,874,405,39,7,1325,0,0,0,1325
07/14/2012,MSP,MN,AGL,CE,Towers with Radar,785,319,21,3,1128,0,1,0,0,1,785,320,21,3,1129,0,0,0,1129
07/15/2012,MSP,MN,AGL,CE,Towers with Radar,836,364,20,7,1227,0,1,0,0,1,836,365,20,7,1228,0,0,0,1228
07/16/2012,MSP,MN,AGL,CE,Towers with Radar,878,410,33,3,1324,0,0,5,0,5,878,410,38,3,1329,0,0,0,1329
07/17/2012,MSP,MN,AGL,CE,Towers with Radar,883,409,44,12,1348,0,0,4,0,4,883,409,48,12,1352,0,0,0,1352
07/18/2012,MSP,MN,AGL,CE,Towers with Radar,843,419,33,7,1302,0,0,0,0,0,843,419,33,7,1302,0,0,0,1302
07/19/2012,MSP,MN,AGL,CE,Towers with Radar,900,424,44,10,1378,0,0,1,0,1,900,424,45,10,1379,0,0,0,1379
07/20/2012,MSP,MN,AGL,CE,Towers with Radar,895,418,39,10,1362,0,0,3,0,3,895,418,42,10,1365,0,0,0,1365
07/21/2012,MSP,MN,AGL,CE,Towers with Radar,773,313,24,3,1113,0,0,1,0,1,773,313,25,3,1114,0,0,0,1114
07/22/2012,MSP,MN,AGL,CE,Towers with Radar,862,371,17,7,1257,0,0,0,0,0,862,371,17,7,1257,0,0,0,1257
07/23/2012,MSP,MN,AGL,CE,Towers with Radar,879,414,37,9,1339,0,0,5,0,5,879,414,42,9,1344,0,0,0,1344
07/24/2012,MSP,MN,AGL,CE,Towers with Radar,860,410,43,12,1325,0,0,0,0,0,860,410,43,12,1325,0,0,0,1325
07/25/2012,MSP,MN,AGL,CE,Towers with Radar,890,429,38,13,1370,0,1,2,0,3,890,430,40,13,1373,0,0,0,1373
07/26/2012,MSP,MN,AGL,CE,Towers with Radar,879,418,37,16,1350,0,0,14,0,14,879,418,51,16,1364,0,0,0,1364
07/27/2012,MSP,MN,AGL,CE,Towers with Radar,883,421,28,5,1337,0,1,1,0,2,883,422,29,5,1339,0,0,0,1339
07/28/2012,MSP,MN,AGL,CE,Towers with Radar,778,320,11,1,1110,0,0,0,0,0,778,320,11,1,1110,0,0,0,1110
07/29/2012,MSP,MN,AGL,CE,Towers with Radar,871,370,18,1,1260,0,0,1,0,1,871,370,19,1,1261,0,0,0,1261
07/30/2012,MSP,MN,AGL,CE,Towers with Radar,890,406,32,4,1332,0,1,2,0,3,890,407,34,4,1335,0,0,0,1335
07/31/2012,MSP,MN,AGL,CE,Towers with Radar,864,418,37,17,1336,0,0,2,0,2,864,418,39,17,1338,0,0,0,1338
08/01/2012,MSP,MN,AGL,CE,Towers with Radar,876,427,31,12,1346,1,0,0,0,1,877,427,31,12,1347,0,0,0,1347
08/02/2012,MSP,MN,AGL,CE,Towers with Radar,898,421,35,11,1365,1,0,1,0,2,899,421,36,11,1367,0,0,0,1367
08/03/2012,MSP,MN,AGL,CE,Towers with Radar,869,421,31,12,1333,1,0,1,0,2,870,421,32,12,1335,0,0,0,1335
08/04/2012,MSP,MN,AGL,CE,Towers with Radar,785,330,19,4,1138,0,0,0,0,0,785,330,19,4,1138,0,0,0,1138
08/05/2012,MSP,MN,AGL,CE,Towers with Radar,834,355,18,5,1212,0,0,0,0,0,834,355,18,5,1212,0,0,0,1212
08/06/2012,MSP,MN,AGL,CE,Towers with Radar,876,397,32,7,1312,0,0,0,0,0,876,397,32,7,1312,0,0,0,1312
08/07/2012,MSP,MN,AGL,CE,Towers with Radar,873,411,38,12,1334,0,0,2,0,2,873,411,40,12,1336,0,0,0,1336
08/08/2012,MSP,MN,AGL,CE,Towers with Radar,891,424,48,13,1376,0,0,1,0,1,891,424,49,13,1377,0,0,0,1377
08/09/2012,MSP,MN,AGL,CE,Towers with Radar,865,440,47,7,1359,0,0,3,0,3,865,440,50,7,1362,0,0,0,1362
08/10/2012,MSP,MN,AGL,CE,Towers with Radar,887,423,29,10,1349,0,0,0,0,0,887,423,29,10,1349,0,0,0,1349
08/11/2012,MSP,MN,AGL,CE,Towers with Radar,780,326,15,4,1125,0,0,0,0,0,780,326,15,4,1125,0,0,0,1125
08/12/2012,MSP,MN,AGL,CE,Towers with Radar,866,369,13,9,1257,0,0,0,0,0,866,369,13,9,1257,0,0,0,1257
08/13/2012,MSP,MN,AGL,CE,Towers with Radar,883,407,29,15,1334,0,0,1,1,2,883,407,30,16,1336,0,0,0,1336
08/14/2012,MSP,MN,AGL,CE,Towers with Radar,835,361,43,17,1256,0,0,0,0,0,835,361,43,17,1256,0,0,0,1256
08/15/2012,MSP,MN,AGL,CE,Towers with Radar,845,364,40,12,1261,0,2,4,0,6,845,366,44,12,1267,0,0,0,1267
08/16/2012,MSP,MN,AGL,CE,Towers with Radar,874,385,33,8,1300,0,0,4,1,5,874,385,37,9,1305,0,0,0,1305
08/17/2012,MSP,MN,AGL,CE,Towers with Radar,871,376,36,20,1303,0,0,4,0,4,871,376,40,20,1307,0,0,0,1307
08/18/2012,MSP,MN,AGL,CE,Towers with Radar,688,259,14,3,964,0,0,1,0,1,688,259,15,3,965,0,0,0,965
08/19/2012,MSP,MN,AGL,CE,Towers with Radar,809,323,13,11,1156,0,0,2,0,2,809,323,15,11,1158,0,0,0,1158
08/20/2012,MSP,MN,AGL,CE,Towers with Radar,855,366,41,14,1276,0,0,5,0,5,855,366,46,14,1281,0,0,0,1281
08/21/2012,MSP,MN,AGL,CE,Towers with Radar,833,365,41,16,1255,0,4,3,0,7,833,369,44,16,1262,0,0,0,1262
08/22/2012,MSP,MN,AGL,CE,Towers with Radar,859,373,35,9,1276,0,0,2,0,2,859,373,37,9,1278,0,0,0,1278
08/23/2012,MSP,MN,AGL,CE,Towers with Radar,892,380,48,17,1337,0,0,2,1,3,892,380,50,18,1340,0,0,0,1340
08/24/2012,MSP,MN,AGL,CE,Towers with Radar,892,372,41,11,1316,0,0,3,0,3,892,372,44,11,1319,0,0,0,1319
08/25/2012,MSP,MN,AGL,CE,Towers with Radar,691,269,11,10,981,0,0,1,0,1,691,269,12,10,982,0,0,0,982
08/26/2012,MSP,MN,AGL,CE,Towers with Radar,814,315,21,11,1161,0,0,1,1,2,814,315,22,12,1163,0,0,0,1163
08/27/2012,MSP,MN,AGL,CE,Towers with Radar,868,351,46,8,1273,0,0,4,10,14,868,351,50,18,1287,0,0,0,1287
08/28/2012,MSP,MN,AGL,CE,Towers with Radar,840,368,35,18,1261,0,1,4,17,22,840,369,39,35,1283,0,0,0,1283
08/29/2012,MSP,MN,AGL,CE,Towers with Radar,844,382,43,7,1276,0,0,4,14,18,844,382,47,21,1294,0,0,0,1294
08/30/2012,MSP,MN,AGL,CE,Towers with Radar,879,406,48,13,1346,0,1,1,0,2,879,407,49,13,1348,0,0,0,1348
08/31/2012,MSP,MN,AGL,CE,Towers with Radar,880,359,17,10,1266,0,0,0,0,0,880,359,17,10,1266,0,0,0,1266
09/01/2012,MSP,MN,AGL,CE,Towers with Radar,647,258,5,0,910,0,0,0,0,0,647,258,5,0,910,0,0,0,910
09/02/2012,MSP,MN,AGL,CE,Towers with Radar,619,210,8,1,838,0,0,0,0,0,619,210,8,1,838,0,0,0,838
09/03/2012,MSP,MN,AGL,CE,Towers with Radar,799,309,8,5,1121,0,0,0,0,0,799,309,8,5,1121,0,0,0,1121
09/04/2012,MSP,MN,AGL,CE,Towers with Radar,819,352,32,13,1216,0,0,0,0,0,819,352,32,13,1216,0,0,0,1216
09/05/2012,MSP,MN,AGL,CE,Towers with Radar,823,365,27,17,1232,0,0,0,0,0,823,365,27,17,1232,0,0,0,1232
09/06/2012,MSP,MN,AGL,CE,Towers with Radar,832,367,40,11,1250,0,0,4,0,4,832,367,44,11,1254,0,0,0,1254
09/07/2012,MSP,MN,AGL,CE,Towers with Radar,817,377,41,18,1253,0,0,1,1,2,817,377,42,19,1255,0,0,0,1255
09/08/2012,MSP,MN,AGL,CE,Towers with Radar,622,229,18,12,881,0,0,0,0,0,622,229,18,12,881,0,0,0,881
09/09/2012,MSP,MN,AGL,CE,Towers with Radar,753,309,16,11,1089,0,0,0,0,0,753,309,16,11,1089,0,0,0,1089
09/10/2012,MSP,MN,AGL,CE,Towers with Radar,821,345,43,10,1219,0,0,3,0,3,821,345,46,10,1222,0,0,0,1222
09/11/2012,MSP,MN,AGL,CE,Towers with Radar,786,350,52,15,1203,0,0,2,0,2,786,350,54,15,1205,0,0,0,1205
09/12/2012,MSP,MN,AGL,CE,Towers with Radar,794,369,38,14,1215,0,0,3,0,3,794,369,41,14,1218,0,0,0,1218
09/13/2012,MSP,MN,AGL,CE,Towers with Radar,831,370,42,10,1253,0,0,2,1,3,831,370,44,11,1256,0,0,0,1256
09/14/2012,MSP,MN,AGL,CE,Towers with Radar,829,356,42,15,1242,0,0,0,0,0,829,356,42,15,1242,0,0,0,1242
09/15/2012,MSP,MN,AGL,CE,Towers with Radar,617,225,18,16,876,0,0,0,2,2,617,225,18,18,878,0,0,0,878
09/16/2012,MSP,MN,AGL,CE,Towers with Radar,759,313,18,9,1099,0,0,0,0,0,759,313,18,9,1099,0,0,0,1099
09/17/2012,MSP,MN,AGL,CE,Towers with Radar,814,346,36,12,1208,0,0,1,1,2,814,346,37,13,1210,0,0,0,1210
09/18/2012,MSP,MN,AGL,CE,Towers with Radar,777,346,48,11,1182,0,0,2,0,2,777,346,50,11,1184,0,0,0,1184
09/19/2012,MSP,MN,AGL,CE,Towers with Radar,794,357,37,7,1195,0,0,0,0,0,794,357,37,7,1195,0,0,0,1195
09/20/2012,MSP,MN,AGL,CE,Towers with Radar,838,365,48,8,1259,0,0,4,0,4,838,365,52,8,1263,0,0,0,1263
09/21/2012,MSP,MN,AGL,CE,Towers with Radar,819,364,42,9,1234,0,0,0,0,0,819,364,42,9,1234,0,0,0,1234
09/22/2012,MSP,MN,AGL,CE,Towers with Radar,618,221,19,3,861,0,0,3,0,3,618,221,22,3,864,0,0,0,864
09/23/2012,MSP,MN,AGL,CE,Towers with Radar,756,311,27,5,1099,0,0,3,0,3,756,311,30,5,1102,0,0,0,1102
09/24/2012,MSP,MN,AGL,CE,Towers with Radar,820,347,48,2,1217,0,0,4,0,4,820,347,52,2,1221,0,0,0,1221
09/25/2012,MSP,MN,AGL,CE,Towers with Radar,791,346,42,2,1181,0,0,1,0,1,791,346,43,2,1182,0,0,0,1182
09/26/2012,MSP,MN,AGL,CE,Towers with Radar,795,370,50,0,1215,0,2,1,0,3,795,372,51,0,1218,0,0,0,1218
09/27/2012,MSP,MN,AGL,CE,Towers with Radar,842,381,33,5,1261,0,0,1,0,1,842,381,34,5,1262,0,0,0,1262
09/28/2012,MSP,MN,AGL,CE,Towers with Radar,824,366,36,4,1230,0,0,2,0,2,824,366,38,4,1232,0,0,0,1232
09/29/2012,MSP,MN,AGL,CE,Towers with Radar,624,233,14,2,873,0,0,0,0,0,624,233,14,2,873,0,0,0,873
09/30/2012,MSP,MN,AGL,CE,Towers with Radar,748,320,23,1,1092,0,0,0,0,0,748,320,23,1,1092,0,0,0,1092
10/01/2012,MSP,MN,AGL,CE,Towers with Radar,840,348,41,1,1230,0,0,2,0,2,840,348,43,1,1232,0,0,0,1232
10/02/2012,MSP,MN,AGL,CE,Towers with Radar,816,349,23,14,1202,0,0,1,1,2,816,349,24,15,1204,0,0,0,1204
10/03/2012,MSP,MN,AGL,CE,Towers with Radar,820,360,50,11,1241,0,0,0,0,0,820,360,50,11,1241,0,0,0,1241
10/04/2012,MSP,MN,AGL,CE,Towers with Radar,847,374,39,12,1272,0,0,3,0,3,847,374,42,12,1275,0,0,0,1275
10/05/2012,MSP,MN,AGL,CE,Towers with Radar,844,362,27,8,1241,0,0,4,0,4,844,362,31,8,1245,0,0,0,1245
10/06/2012,MSP,MN,AGL,CE,Towers with Radar,619,234,9,2,864,0,0,0,0,0,619,234,9,2,864,0,0,0,864
10/07/2012,MSP,MN,AGL,CE,Towers with Radar,770,306,22,0,1098,0,0,6,0,6,770,306,28,0,1104,0,0,0,1104
10/08/2012,MSP,MN,AGL,CE,Towers with Radar,832,342,27,1,1202,0,2,2,0,4,832,344,29,1,1206,0,0,0,1206
10/09/2012,MSP,MN,AGL,CE,Towers with Radar,799,356,36,12,1203,0,0,0,0,0,799,356,36,12,1203,0,0,0,1203
10/10/2012,MSP,MN,AGL,CE,Towers with Radar,827,356,41,10,1234,0,0,3,0,3,827,356,44,10,1237,0,0,0,1237
10/11/2012,MSP,MN,AGL,CE,Towers with Radar,854,360,37,7,1258,0,0,1,0,1,854,360,38,7,1259,0,0,0,1259
10/12/2012,MSP,MN,AGL,CE,Towers with Radar,841,368,46,19,1274,0,3,9,0,12,841,371,55,19,1286,0,0,0,1286
10/13/2012,MSP,MN,AGL,CE,Towers with Radar,628,251,23,15,917,0,0,0,0,0,628,251,23,15,917,0,0,0,917
10/14/2012,MSP,MN,AGL,CE,Towers with Radar,776,302,11,9,1098,0,0,1,0,1,776,302,12,9,1099,0,0,0,1099
10/15/2012,MSP,MN,AGL,CE,Towers with Radar,837,355,42,14,1248,0,0,5,0,5,837,355,47,14,1253,0,0,0,1253
10/16/2012,MSP,MN,AGL,CE,Towers with Radar,806,364,44,13,1227,0,0,4,1,5,806,364,48,14,1232,0,0,0,1232
10/17/2012,MSP,MN,AGL,CE,Towers with Radar,829,359,34,17,1239,0,0,0,0,0,829,359,34,17,1239,0,0,0,1239
10/18/2012,MSP,MN,AGL,CE,Towers with Radar,864,367,36,8,1275,0,0,0,0,0,864,367,36,8,1275,0,0,0,1275
10/19/2012,MSP,MN,AGL,CE,Towers with Radar,825,373,34,7,1239,0,0,0,0,0,825,373,34,7,1239,0,0,0,1239
10/20/2012,MSP,MN,AGL,CE,Towers with Radar,641,240,10,1,892,0,0,0,0,0,641,240,10,1,892,0,0,0,892
10/21/2012,MSP,MN,AGL,CE,Towers with Radar,777,309,26,2,1114,0,0,1,0,1,777,309,27,2,1115,0,0,0,1115
10/22/2012,MSP,MN,AGL,CE,Towers with Radar,840,352,37,1,1230,0,2,6,0,8,840,354,43,1,1238,0,0,0,1238
10/23/2012,MSP,MN,AGL,CE,Towers with Radar,796,366,48,15,1225,0,0,0,0,0,796,366,48,15,1225,0,0,0,1225
10/24/2012,MSP,MN,AGL,CE,Towers with Radar,823,367,47,13,1250,0,0,0,0,0,823,367,47,13,1250,0,0,0,1250
10/25/2012,MSP,MN,AGL,CE,Towers with Radar,844,385,34,13,1276,0,0,4,0,4,844,385,38,13,1280,0,0,0,1280
10/26/2012,MSP,MN,AGL,CE,Towers with Radar,832,366,35,8,1241,0,0,3,0,3,832,366,38,8,1244,0,0,0,1244
10/27/2012,MSP,MN,AGL,CE,Towers with Radar,642,242,8,5,897,0,0,1,0,1,642,242,9,5,898,0,0,0,898
10/28/2012,MSP,MN,AGL,CE,Towers with Radar,760,307,16,6,1089,0,0,0,0,0,760,307,16,6,1089,0,0,0,1089
10/29/2012,MSP,MN,AGL,CE,Towers with Radar,703,340,37,6,1086,0,0,2,0,2,703,340,39,6,1088,0,0,0,1088
10/30/2012,MSP,MN,AGL,CE,Towers with Radar,715,335,44,20,1114,0,0,6,0,6,715,335,50,20,1120,0,0,0,1120
10/31/2012,MSP,MN,AGL,CE,Towers with Radar,665,281,26,4,976,0,0,0,0,0,665,281,26,4,976,0,0,0,976
11/01/2012,MSP,MN,AGL,CE,Towers with Radar,822,364,35,5,1226,0,0,2,0,2,822,364,37,5,1228,0,0,0,1228
11/02/2012,MSP,MN,AGL,CE,Towers with Radar,826,365,29,11,1231,0,1,2,1,4,826,366,31,12,1235,0,0,0,1235
11/03/2012,MSP,MN,AGL,CE,Towers with Radar,637,247,17,4,905,0,0,0,0,0,637,247,17,4,905,0,0,0,905
11/04/2012,MSP,MN,AGL,CE,Towers with Radar,759,290,18,7,1074,0,0,0,0,0,759,290,18,7,1074,0,0,0,1074
11/05/2012,MSP,MN,AGL,CE,Towers with Radar,799,347,31,4,1181,0,0,0,0,0,799,347,31,4,1181,0,0,0,1181
11/06/2012,MSP,MN,AGL,CE,Towers with Radar,764,319,44,14,1141,0,0,2,0,2,764,319,46,14,1143,0,0,0,1143
11/07/2012,MSP,MN,AGL,CE,Towers with Radar,791,364,43,13,1211,0,0,0,0,0,791,364,43,13,1211,0,0,0,1211
11/08/2012,MSP,MN,AGL,CE,Towers with Radar,822,369,36,14,1241,0,0,4,0,4,822,369,40,14,1245,0,0,0,1245
11/09/2012,MSP,MN,AGL,CE,Towers with Radar,803,356,29,4,1192,0,0,1,0,1,803,356,30,4,1193,0,0,0,1193
11/10/2012,MSP,MN,AGL,CE,Towers with Radar,617,208,13,1,839,0,2,0,0,2,617,210,13,1,841,0,0,0,841
11/11/2012,MSP,MN,AGL,CE,Towers with Radar,768,268,21,0,1057,0,0,1,0,1,768,268,22,0,1058,0,0,0,1058
11/12/2012,MSP,MN,AGL,CE,Towers with Radar,816,326,29,1,1172,0,0,0,0,0,816,326,29,1,1172,0,0,0,1172
11/13/2012,MSP,MN,AGL,CE,Towers with Radar,785,348,48,15,1196,0,2,6,0,8,785,350,54,15,1204,0,0,0,1204
11/14/2012,MSP,MN,AGL,CE,Towers with Radar,824,354,57,17,1252,0,2,0,0,2,824,356,57,17,1254,0,0,0,1254
11/15/2012,MSP,MN,AGL,CE,Towers with Radar,831,383,64,3,1281,0,0,2,0,2,831,383,66,3,1283,0,0,0,1283
11/16/2012,MSP,MN,AGL,CE,Towers with Radar,810,377,54,8,1249,0,0,10,0,10,810,377,64,8,1259,0,0,0,1259
11/17/2012,MSP,MN,AGL,CE,Towers with Radar,643,235,10,7,895,0,1,2,0,3,643,236,12,7,898,0,0,0,898
11/18/2012,MSP,MN,AGL,CE,Towers with Radar,706,269,12,2,989,0,0,2,0,2,706,269,14,2,991,0,0,0,991
11/19/2012,MSP,MN,AGL,CE,Towers with Radar,695,282,45,9,1031,0,2,0,0,2,695,284,45,9,1033,0,0,0,1033
11/20/2012,MSP,MN,AGL,CE,Towers with Radar,817,325,45,16,1203,0,0,0,1,1,817,325,45,17,1204,0,0,0,1204
11/21/2012,MSP,MN,AGL,CE,Towers with Radar,858,376,19,5,1258,0,0,2,0,2,858,376,21,5,1260,0,0,0,1260
11/22/2012,MSP,MN,AGL,CE,Towers with Radar,460,178,2,0,640,0,0,0,0,0,460,178,2,0,640,0,0,0,640
11/23/2012,MSP,MN,AGL,CE,Towers with Radar,500,218,5,0,723,0,0,0,0,0,500,218,5,0,723,0,0,0,723
11/24/2012,MSP,MN,AGL,CE,Towers with Radar,728,271,3,2,1004,0,0,0,0,0,728,271,3,2,1004,0,0,0,1004
11/25/2012,MSP,MN,AGL,CE,Towers with Radar,866,323,23,0,1212,0,0,3,0,3,866,323,26,0,1215,0,0,0,1215
11/26/2012,MSP,MN,AGL,CE,Towers with Radar,883,351,40,3,1277,0,0,2,0,2,883,351,42,3,1279,0,0,0,1279
11/27/2012,MSP,MN,AGL,CE,Towers with Radar,788,365,33,13,1199,0,2,1,0,3,788,367,34,13,1202,0,0,0,1202
11/28/2012,MSP,MN,AGL,CE,Towers with Radar,792,349,34,14,1189,0,0,4,0,4,792,349,38,14,1193,0,0,0,1193
11/29/2012,MSP,MN,AGL,CE,Towers with Radar,811,364,26,12,1213,0,0,0,0,0,811,364,26,12,1213,0,0,0,1213
11/30/2012,MSP,MN,AGL,CE,Towers with Radar,807,352,33,9,1201,0,0,0,0,0,807,352,33,9,1201,0,0,0,1201
12/01/2012,MSP,MN,AGL,CE,Towers with Radar,602,231,14,1,848,0,2,1,0,3,602,233,15,1,851,0,0,0,851
12/02/2012,MSP,MN,AGL,CE,Towers with Radar,717,294,25,10,1046,0,0,0,0,0,717,294,25,10,1046,0,0,0,1046
12/03/2012,MSP,MN,AGL,CE,Towers with Radar,786,335,29,1,1151,0,0,1,0,1,786,335,30,1,1152,0,0,0,1152
12/04/2012,MSP,MN,AGL,CE,Towers with Radar,753,329,38,3,1123,0,0,0,0,0,753,329,38,3,1123,0,0,0,1123
12/05/2012,MSP,MN,AGL,CE,Towers with Radar,771,358,53,14,1196,0,0,1,2,3,771,358,54,16,1199,0,0,0,1199
12/06/2012,MSP,MN,AGL,CE,Towers with Radar,810,362,52,12,1236,0,0,0,0,0,810,362,52,12,1236,0,0,0,1236
12/07/2012,MSP,MN,AGL,CE,Towers with Radar,796,348,28,3,1175,0,0,0,0,0,796,348,28,3,1175,0,0,0,1175
12/08/2012,MSP,MN,AGL,CE,Towers with Radar,592,232,14,4,842,0,0,0,0,0,592,232,14,4,842,0,0,0,842
12/09/2012,MSP,MN,AGL,CE,Towers with Radar,569,145,23,2,739,0,0,0,0,0,569,145,23,2,739,0,0,0,739
12/10/2012,MSP,MN,AGL,CE,Towers with Radar,781,350,53,2,1186,0,1,0,0,1,781,351,53,2,1187,0,0,0,1187
12/11/2012,MSP,MN,AGL,CE,Towers with Radar,756,343,46,12,1157,0,0,1,0,1,756,343,47,12,1158,0,0,0,1158
12/12/2012,MSP,MN,AGL,CE,Towers with Radar,782,347,52,20,1201,0,0,0,0,0,782,347,52,20,1201,0,0,0,1201
12/13/2012,MSP,MN,AGL,CE,Towers with Radar,812,369,42,12,1235,0,0,1,0,1,812,369,43,12,1236,0,0,0,1236
12/14/2012,MSP,MN,AGL,CE,Towers with Radar,810,350,26,8,1194,0,0,0,0,0,810,350,26,8,1194,0,0,0,1194
12/15/2012,MSP,MN,AGL,CE,Towers with Radar,659,250,9,1,919,0,0,0,0,0,659,250,9,1,919,0,0,0,919
12/16/2012,MSP,MN,AGL,CE,Towers with Radar,728,297,11,2,1038,0,0,0,0,0,728,297,11,2,1038,0,0,0,1038
12/17/2012,MSP,MN,AGL,CE,Towers with Radar,780,338,35,4,1157,0,0,0,0,0,780,338,35,4,1157,0,0,0,1157
12/18/2012,MSP,MN,AGL,CE,Towers with Radar,763,350,41,17,1171,0,0,0,0,0,763,350,41,17,1171,0,0,0,1171
12/19/2012,MSP,MN,AGL,CE,Towers with Radar,791,373,33,20,1217,0,0,0,0,0,791,373,33,20,1217,0,0,0,1217
12/20/2012,MSP,MN,AGL,CE,Towers with Radar,774,317,42,15,1148,0,1,0,0,1,774,318,42,15,1149,0,0,0,1149
12/21/2012,MSP,MN,AGL,CE,Towers with Radar,805,382,34,1,1222,0,0,0,0,0,805,382,34,1,1222,0,0,0,1222
12/22/2012,MSP,MN,AGL,CE,Towers with Radar,668,274,15,0,957,0,0,1,0,1,668,274,16,0,958,0,0,0,958
12/23/2012,MSP,MN,AGL,CE,Towers with Radar,684,274,8,0,966,0,0,1,0,1,684,274,9,0,967,0,0,0,967
12/24/2012,MSP,MN,AGL,CE,Towers with Radar,604,279,2,0,885,0,0,0,0,0,604,279,2,0,885,0,0,0,885
12/25/2012,MSP,MN,AGL,CE,Towers with Radar,587,253,4,0,844,0,0,0,0,0,587,253,4,0,844,0,0,0,844
12/26/2012,MSP,MN,AGL,CE,Towers with Radar,785,363,19,0,1167,0,0,4,0,4,785,363,23,0,1171,0,0,0,1171
12/27/2012,MSP,MN,AGL,CE,Towers with Radar,810,383,18,0,1211,0,0,2,0,2,810,383,20,0,1213,0,0,0,1213
12/28/2012,MSP,MN,AGL,CE,Towers with Radar,792,376,15,1,1184,0,0,0,0,0,792,376,15,1,1184,0,0,0,1184
12/29/2012,MSP,MN,AGL,CE,Towers with Radar,644,262,11,0,917,0,4,0,0,4,644,266,11,0,921,0,0,0,921
12/30/2012,MSP,MN,AGL,CE,Towers with Radar,668,259,15,0,942,0,0,0,0,0,668,259,15,0,942,0,0,0,942
12/31/2012,MSP,MN,AGL,CE,Towers with Radar,599,277,1,0,877,0,0,1,0,1,599,277,2,0,878,0,0,0,878
01/01/2013,MSP,MN,AGL,CE,Towers with Radar,618,256,6,0,880,0,1,0,0,1,618,257,6,0,881,0,0,0,881
01/02/2013,MSP,MN,AGL,CE,Towers with Radar,800,358,21,8,1187,0,0,0,0,0,800,358,21,8,1187,0,0,0,1187
01/03/2013,MSP,MN,AGL,CE,Towers with Radar,790,363,14,8,1175,0,0,9,0,9,790,363,23,8,1184,0,0,0,1184
01/04/2013,MSP,MN,AGL,CE,Towers with Radar,791,367,15,18,1191,0,0,0,0,0,791,367,15,18,1191,0,0,0,1191
01/05/2013,MSP,MN,AGL,CE,Towers with Radar,570,259,17,0,846,0,0,0,0,0,570,259,17,0,846,0,0,0,846
01/06/2013,MSP,MN,AGL,CE,Towers with Radar,710,305,8,4,1027,0,0,1,0,1,710,305,9,4,1028,0,0,0,1028
01/07/2013,MSP,MN,AGL,CE,Towers with Radar,766,343,27,4,1140,0,0,0,0,0,766,343,27,4,1140,0,0,0,1140
01/08/2013,MSP,MN,AGL,CE,Towers with Radar,717,342,39,13,1111,0,0,0,0,0,717,342,39,13,1111,0,0,0,1111
01/09/2013,MSP,MN,AGL,CE,Towers with Radar,746,362,38,16,1162,0,0,2,0,2,746,362,40,16,1164,0,0,0,1164
01/10/2013,MSP,MN,AGL,CE,Towers with Radar,770,364,47,5,1186,0,0,2,0,2,770,364,49,5,1188,0,0,0,1188
01/11/2013,MSP,MN,AGL,CE,Towers with Radar,763,317,23,4,1107,0,0,0,0,0,763,317,23,4,1107,0,0,0,1107
01/12/2013,MSP,MN,AGL,CE,Towers with Radar,578,232,5,3,818,0,0,0,0,0,578,232,5,3,818,0,0,0,818
01/13/2013,MSP,MN,AGL,CE,Towers with Radar,699,294,7,2,1002,0,0,1,0,1,699,294,8,2,1003,0,0,0,1003
01/14/2013,MSP,MN,AGL,CE,Towers with Radar,738,335,20,10,1103,0,0,0,0,0,738,335,20,10,1103,0,0,0,1103
01/15/2013,MSP,MN,AGL,CE,Towers with Radar,663,327,23,20,1033,0,0,6,0,6,663,327,29,20,1039,0,0,0,1039
01/16/2013,MSP,MN,AGL,CE,Towers with Radar,744,340,34,11,1129,0,0,12,0,12,744,340,46,11,1141,0,0,0,1141
01/17/2013,MSP,MN,AGL,CE,Towers with Radar,773,374,43,6,1196,0,2,7,0,9,773,376,50,6,1205,0,0,0,1205
01/18/2013,MSP,MN,AGL,CE,Towers with Radar,775,375,33,4,1187,0,2,2,0,4,775,377,35,4,1191,0,0,0,1191
01/19/2013,MSP,MN,AGL,CE,Towers with Radar,569,234,7,1,811,0,0,0,0,0,569,234,7,1,811,0,0,0,811
01/20/2013,MSP,MN,AGL,CE,Towers with Radar,650,252,12,0,914,0,0,0,0,0,650,252,12,0,914,0,0,0,914
01/21/2013,MSP,MN,AGL,CE,Towers with Radar,744,328,26,4,1102,0,0,0,0,0,744,328,26,4,1102,0,0,0,1102
01/22/2013,MSP,MN,AGL,CE,Towers with Radar,707,336,27,6,1076,0,0,0,0,0,707,336,27,6,1076,0,0,0,1076
01/23/2013,MSP,MN,AGL,CE,Towers with Radar,752,355,45,7,1159,0,0,0,0,0,752,355,45,7,1159,0,0,0,1159
01/24/2013,MSP,MN,AGL,CE,Towers with Radar,776,372,43,5,1196,0,0,6,0,6,776,372,49,5,1202,0,0,0,1202
01/25/2013,MSP,MN,AGL,CE,Towers with Radar,765,353,28,8,1154,0,0,0,0,0,765,353,28,8,1154,0,0,0,1154
01/26/2013,MSP,MN,AGL,CE,Towers with Radar,581,239,9,1,830,0,0,1,0,1,581,239,10,1,831,0,0,0,831
01/27/2013,MSP,MN,AGL,CE,Towers with Radar,652,216,14,0,882,0,0,0,0,0,652,216,14,0,882,0,0,0,882
01/28/2013,MSP,MN,AGL,CE,Towers with Radar,675,276,38,4,993,0,0,0,0,0,675,276,38,4,993,0,0,0,993
01/29/2013,MSP,MN,AGL,CE,Towers with Radar,652,303,44,10,1009,0,0,0,0,0,652,303,44,10,1009,0,0,0,1009
01/30/2013,MSP,MN,AGL,CE,Towers with Radar,709,329,39,13,1090,0,0,0,0,0,709,329,39,13,1090,0,0,0,1090
01/31/2013,MSP,MN,AGL,CE,Towers with Radar,784,354,47,11,1196,0,0,0,0,0,784,354,47,11,1196,0,0,0,1196
02/01/2013,MSP,MN,AGL,CE,Towers with Radar,772,366,38,7,1183,0,0,1,2,3,772,366,39,9,1186,0,0,0,1186
02/02/2013,MSP,MN,AGL,CE,Towers with Radar,587,236,13,5,841,0,0,0,0,0,587,236,13,5,841,0,0,0,841
02/03/2013,MSP,MN,AGL,CE,Towers with Radar,633,250,10,3,896,0,0,0,0,0,633,250,10,3,896,0,0,0,896
02/04/2013,MSP,MN,AGL,CE,Towers with Radar,780,343,41,7,1171,0,2,2,0,4,780,345,43,7,1175,0,0,0,1175
02/05/2013,MSP,MN,AGL,CE,Towers with Radar,718,353,42,11,1124,0,0,0,0,0,718,353,42,11,1124,0,0,0,1124
02/06/2013,MSP,MN,AGL,CE,Towers with Radar,766,365,50,5,1186,0,0,0,0,0,766,365,50,5,1186,0,0,0,1186
02/07/2013,MSP,MN,AGL,CE,Towers with Radar,774,358,41,8,1181,0,0,0,0,0,774,358,41,8,1181,0,0,0,1181
02/08/2013,MSP,MN,AGL,CE,Towers with Radar,757,347,49,6,1159,0,0,0,0,0,757,347,49,6,1159,0,0,0,1159
02/09/2013,MSP,MN,AGL,CE,Towers with Radar,580,237,12,0,829,0,0,0,0,0,580,237,12,0,829,0,0,0,829
02/10/2013,MSP,MN,AGL,CE,Towers with Radar,668,237,10,6,921,0,0,1,0,1,668,237,11,6,922,0,0,0,922
02/11/2013,MSP,MN,AGL,CE,Towers with Radar,773,333,42,6,1154,0,0,0,0,0,773,333,42,6,1154,0,0,0,1154
02/12/2013,MSP,MN,AGL,CE,Towers with Radar,737,350,48,21,1156,0,0,3,0,3,737,350,51,21,1159,0,0,0,1159
02/13/2013,MSP,MN,AGL,CE,Towers with Radar,769,349,47,16,1181,0,0,0,1,1,769,349,47,17,1182,0,0,0,1182
02/14/2013,MSP,MN,AGL,CE,Towers with Radar,803,379,55,5,1242,0,0,0,0,0,803,379,55,5,1242,0,0,0,1242
02/15/2013,MSP,MN,AGL,CE,Towers with Radar,801,389,41,9,1240,0,0,0,0,0,801,389,41,9,1240,0,0,0,1240
02/16/2013,MSP,MN,AGL,CE,Towers with Radar,632,270,5,5,912,0,0,0,0,0,632,270,5,5,912,0,0,0,912
02/17/2013,MSP,MN,AGL,CE,Towers with Radar,663,270,12,1,946,0,0,0,0,0,663,270,12,1,946,0,0,0,946
02/18/2013,MSP,MN,AGL,CE,Towers with Radar,791,361,30,0,1182,0,0,2,0,2,791,361,32,0,1184,0,0,0,1184
02/19/2013,MSP,MN,AGL,CE,Towers with Radar,764,341,29,6,1140,0,0,2,0,2,764,341,31,6,1142,0,0,0,1142
02/20/2013,MSP,MN,AGL,CE,Towers with Radar,795,372,38,12,1217,0,2,1,1,4,795,374,39,13,1221,0,0,0,1221
02/21/2013,MSP,MN,AGL,CE,Towers with Radar,794,380,35,10,1219,0,0,0,0,0,794,380,35,10,1219,0,0,0,1219
02/22/2013,MSP,MN,AGL,CE,Towers with Radar,768,377,28,5,1178,0,0,0,0,0,768,377,28,5,1178,0,0,0,1178
02/23/2013,MSP,MN,AGL,CE,Towers with Radar,610,265,12,0,887,0,0,0,0,0,610,265,12,0,887,0,0,0,887
02/24/2013,MSP,MN,AGL,CE,Towers with Radar,737,311,21,4,1073,0,2,0,0,2,737,313,21,4,1075,0,0,0,1075
02/25/2013,MSP,MN,AGL,CE,Towers with Radar,807,362,42,6,1217,0,0,0,0,0,807,362,42,6,1217,0,0,0,1217
02/26/2013,MSP,MN,AGL,CE,Towers with Radar,740,351,44,12,1147,0,0,0,0,0,740,351,44,12,1147,0,0,0,1147
02/27/2013,MSP,MN,AGL,CE,Towers with Radar,793,370,51,5,1219,0,0,3,0,3,793,370,54,5,1222,0,0,0,1222
02/28/2013,MSP,MN,AGL,CE,Towers with Radar,815,387,45,4,1251,0,0,0,0,0,815,387,45,4,1251,0,0,0,1251
03/01/2013,MSP,MN,AGL,CE,Towers with Radar,812,395,22,10,1239,0,0,0,0,0,812,395,22,10,1239,0,0,0,1239
03/02/2013,MSP,MN,AGL,CE,Towers with Radar,723,305,7,2,1037,0,0,4,0,4,723,305,11,2,1041,0,0,0,1041
03/03/2013,MSP,MN,AGL,CE,Towers with Radar,787,356,19,7,1169,0,0,0,0,0,787,356,19,7,1169,0,0,0,1169
03/04/2013,MSP,MN,AGL,CE,Towers with Radar,800,312,45,1,1158,0,0,0,0,0,800,312,45,1,1158,0,0,0,1158
03/05/2013,MSP,MN,AGL,CE,Towers with Radar,735,344,37,0,1116,0,0,0,0,0,735,344,37,0,1116,0,0,0,1116
03/06/2013,MSP,MN,AGL,CE,Towers with Radar,788,403,42,6,1239,0,0,4,0,4,788,403,46,6,1243,0,0,0,1243
03/07/2013,MSP,MN,AGL,CE,Towers with Radar,836,408,36,5,1285,0,0,1,1,2,836,408,37,6,1287,0,0,0,1287
03/08/2013,MSP,MN,AGL,CE,Towers with Radar,829,400,40,5,1274,0,0,0,0,0,829,400,40,5,1274,0,0,0,1274
03/09/2013,MSP,MN,AGL,CE,Towers with Radar,711,287,25,0,1023,0,0,0,0,0,711,287,25,0,1023,0,0,0,1023
03/10/2013,MSP,MN,AGL,CE,Towers with Radar,777,345,16,1,1139,0,0,0,0,0,777,345,16,1,1139,0,0,0,1139
03/11/2013,MSP,MN,AGL,CE,Towers with Radar,840,377,39,1,1257,0,0,0,0,0,840,377,39,1,1257,0,0,0,1257
03/12/2013,MSP,MN,AGL,CE,Towers with Radar,819,403,39,8,1269,0,0,0,0,0,819,403,39,8,1269,0,0,0,1269
03/13/2013,MSP,MN,AGL,CE,Towers with Radar,823,409,47,9,1288,0,0,6,0,6,823,409,53,9,1294,0,0,0,1294
03/14/2013,MSP,MN,AGL,CE,Towers with Radar,846,407,48,6,1307,0,0,0,0,0,846,407,48,6,1307,0,0,0,1307
03/15/2013,MSP,MN,AGL,CE,Towers with Radar,844,390,38,6,1278,0,0,0,0,0,844,390,38,6,1278,0,0,0,1278
03/16/2013,MSP,MN,AGL,CE,Towers with Radar,734,302,15,3,1054,0,0,0,0,0,734,302,15,3,1054,0,0,0,1054
03/17/2013,MSP,MN,AGL,CE,Towers with Radar,800,350,16,1,1167,0,0,2,0,2,800,350,18,1,1169,0,0,0,1169
03/18/2013,MSP,MN,AGL,CE,Towers with Radar,816,351,26,5,1198,0,0,0,0,0,816,351,26,5,1198,0,0,0,1198
03/19/2013,MSP,MN,AGL,CE,Towers with Radar,829,412,39,14,1294,0,0,1,1,2,829,412,40,15,1296,0,0,0,1296
03/20/2013,MSP,MN,AGL,CE,Towers with Radar,831,403,25,5,1264,0,0,7,0,7,831,403,32,5,1271,0,0,0,1271
03/21/2013,MSP,MN,AGL,CE,Towers with Radar,845,412,35,4,1296,0,0,0,0,0,845,412,35,4,1296,0,0,0,1296
03/22/2013,MSP,MN,AGL,CE,Towers with Radar,838,409,24,3,1274,0,0,1,0,1,838,409,25,3,1275,0,0,0,1275
03/23/2013,MSP,MN,AGL,CE,Towers with Radar,719,303,9,0,1031,0,0,1,0,1,719,303,10,0,1032,0,0,0,1032
03/24/2013,MSP,MN,AGL,CE,Towers with Radar,801,345,13,1,1160,0,0,0,0,0,801,345,13,1,1160,0,0,0,1160
03/25/2013,MSP,MN,AGL,CE,Towers with Radar,841,389,35,0,1265,0,0,0,0,0,841,389,35,0,1265,0,0,0,1265
03/26/2013,MSP,MN,AGL,CE,Towers with Radar,835,389,35,8,1267,0,0,0,0,0,835,389,35,8,1267,0,0,0,1267
03/27/2013,MSP,MN,AGL,CE,Towers with Radar,840,406,37,4,1287,0,0,3,0,3,840,406,40,4,1290,0,0,0,1290
03/28/2013,MSP,MN,AGL,CE,Towers with Radar,844,403,34,6,1287,0,0,5,0,5,844,403,39,6,1292,0,0,0,1292
03/29/2013,MSP,MN,AGL,CE,Towers with Radar,837,403,16,4,1260,0,2,2,0,4,837,405,18,4,1264,0,0,0,1264
03/30/2013,MSP,MN,AGL,CE,Towers with Radar,741,300,10,5,1056,0,0,0,0,0,741,300,10,5,1056,0,0,0,1056
03/31/2013,MSP,MN,AGL,CE,Towers with Radar,775,319,6,0,1100,0,0,1,0,1,775,319,7,0,1101,0,0,0,1101
04/01/2013,MSP,MN,AGL,CE,Towers with Radar,814,387,33,2,1236,0,0,1,0,1,814,387,34,2,1237,0,0,0,1237
04/02/2013,MSP,MN,AGL,CE,Towers with Radar,810,410,34,13,1267,0,0,0,0,0,810,410,34,13,1267,0,0,0,1267
04/03/2013,MSP,MN,AGL,CE,Towers with Radar,812,408,42,12,1274,0,0,2,1,3,812,408,44,13,1277,0,0,0,1277
04/04/2013,MSP,MN,AGL,CE,Towers with Radar,828,403,42,17,1290,0,0,4,1,5,828,403,46,18,1295,0,0,0,1295
04/05/2013,MSP,MN,AGL,CE,Towers with Radar,815,404,28,7,1254,0,0,0,0,0,815,404,28,7,1254,0,0,0,1254
04/06/2013,MSP,MN,AGL,CE,Towers with Radar,678,313,10,1,1002,0,0,0,0,0,678,313,10,1,1002,0,0,0,1002
04/07/2013,MSP,MN,AGL,CE,Towers with Radar,780,353,18,7,1158,0,0,0,0,0,780,353,18,7,1158,0,0,0,1158
04/08/2013,MSP,MN,AGL,CE,Towers with Radar,742,361,51,2,1156,0,0,0,0,0,742,361,51,2,1156,0,0,0,1156
04/09/2013,MSP,MN,AGL,CE,Towers with Radar,733,370,48,12,1163,0,0,1,0,1,733,370,49,12,1164,0,0,0,1164
04/10/2013,MSP,MN,AGL,CE,Towers with Radar,767,365,35,9,1176,0,2,0,0,2,767,367,35,9,1178,0,0,0,1178
04/11/2013,MSP,MN,AGL,CE,Towers with Radar,740,308,40,1,1089,0,0,0,0,0,740,308,40,1,1089,0,0,0,1089
04/12/2013,MSP,MN,AGL,CE,Towers with Radar,805,397,33,2,1237,0,0,0,0,0,805,397,33,2,1237,0,0,0,1237
04/13/2013,MSP,MN,AGL,CE,Towers with Radar,618,267,6,3,894,0,0,0,0,0,618,267,6,3,894,0,0,0,894
04/14/2013,MSP,MN,AGL,CE,Towers with Radar,747,324,13,2,1086,0,0,0,0,0,747,324,13,2,1086,0,0,0,1086
04/15/2013,MSP,MN,AGL,CE,Towers with Radar,802,373,34,4,1213,0,1,0,0,1,802,374,34,4,1214,0,0,0,1214
04/16/2013,MSP,MN,AGL,CE,Towers with Radar,782,386,34,17,1219,0,0,1,0,1,782,386,35,17,1220,0,0,0,1220
04/17/2013,MSP,MN,AGL,CE,Towers with Radar,752,394,28,14,1188,0,0,0,0,0,752,394,28,14,1188,0,0,0,1188
04/18/2013,MSP,MN,AGL,CE,Towers with Radar,715,319,33,0,1067,0,0,0,0,0,715,319,33,0,1067,0,0,0,1067
04/19/2013,MSP,MN,AGL,CE,Towers with Radar,835,395,43,3,1276,0,0,0,0,0,835,395,43,3,1276,0,0,0,1276
04/20/2013,MSP,MN,AGL,CE,Towers with Radar,607,260,11,4,882,0,1,3,0,4,607,261,14,4,886,0,0,0,886
04/21/2013,MSP,MN,AGL,CE,Towers with Radar,752,351,15,0,1118,0,0,0,0,0,752,351,15,0,1118,0,0,0,1118
04/22/2013,MSP,MN,AGL,CE,Towers with Radar,791,376,43,6,1216,0,0,0,0,0,791,376,43,6,1216,0,0,0,1216
04/23/2013,MSP,MN,AGL,CE,Towers with Radar,791,400,47,14,1252,0,0,1,0,1,791,400,48,14,1253,0,0,0,1253
04/24/2013,MSP,MN,AGL,CE,Towers with Radar,794,397,45,11,1247,0,0,0,0,0,794,397,45,11,1247,0,0,0,1247
04/25/2013,MSP,MN,AGL,CE,Towers with Radar,823,401,44,11,1279,0,0,4,0,4,823,401,48,11,1283,0,0,0,1283
04/26/2013,MSP,MN,AGL,CE,Towers with Radar,812,401,33,3,1249,0,0,3,0,3,812,401,36,3,1252,0,0,0,1252
04/27/2013,MSP,MN,AGL,CE,Towers with Radar,611,258,11,0,880,0,0,0,0,0,611,258,11,0,880,0,0,0,880
04/28/2013,MSP,MN,AGL,CE,Towers with Radar,753,351,18,0,1122,0,0,1,0,1,753,351,19,0,1123,0,0,0,1123
04/29/2013,MSP,MN,AGL,CE,Towers with Radar,806,382,51,9,1248,0,0,0,3,3,806,382,51,12,1251,0,0,0,1251
04/30/2013,MSP,MN,AGL,CE,Towers with Radar,789,403,31,10,1233,0,0,1,0,1,789,403,32,10,1234,0,0,0,1234
05/01/2013,MSP,MN,AGL,CE,Towers with Radar,806,404,28,9,1247,0,3,1,0,4,806,407,29,9,1251,0,0,0,1251
05/02/2013,MSP,MN,AGL,CE,Towers with Radar,814,400,45,13,1272,0,0,0,0,0,814,400,45,13,1272,0,0,0,1272
05/03/2013,MSP,MN,AGL,CE,Towers with Radar,800,385,29,8,1222,0,0,0,0,0,800,385,29,8,1222,0,0,0,1222
05/04/2013,MSP,MN,AGL,CE,Towers with Radar,617,262,8,7,894,0,0,0,0,0,617,262,8,7,894,0,0,0,894
05/05/2013,MSP,MN,AGL,CE,Towers with Radar,774,343,22,9,1148,0,0,0,0,0,774,343,22,9,1148,0,0,0,1148
05/06/2013,MSP,MN,AGL,CE,Towers with Radar,812,394,31,6,1243,0,0,2,0,2,812,394,33,6,1245,0,0,0,1245
05/07/2013,MSP,MN,AGL,CE,Towers with Radar,795,401,47,12,1255,0,0,0,0,0,795,401,47,12,1255,0,0,0,1255
05/08/2013,MSP,MN,AGL,CE,Towers with Radar,798,411,43,9,1261,0,0,0,0,0,798,411,43,9,1261,0,0,0,1261
05/09/2013,MSP,MN,AGL,CE,Towers with Radar,806,402,68,7,1283,0,0,2,1,3,806,402,70,8,1286,0,0,0,1286
05/10/2013,MSP,MN,AGL,CE,Towers with Radar,817,390,34,7,1248,0,0,10,0,10,817,390,44,7,1258,0,0,0,1258
05/11/2013,MSP,MN,AGL,CE,Towers with Radar,581,238,6,1,826,0,6,2,0,8,581,244,8,1,834,0,0,0,834
05/12/2013,MSP,MN,AGL,CE,Towers with Radar,726,310,10,6,1052,0,0,0,0,0,726,310,10,6,1052,0,0,0,1052
05/13/2013,MSP,MN,AGL,CE,Towers with Radar,812,372,45,8,1237,0,0,2,0,2,812,372,47,8,1239,0,0,0,1239
05/14/2013,MSP,MN,AGL,CE,Towers with Radar,797,396,45,16,1254,0,0,3,0,3,797,396,48,16,1257,0,0,0,1257
05/15/2013,MSP,MN,AGL,CE,Towers with Radar,803,391,36,14,1244,0,0,3,0,3,803,391,39,14,1247,0,0,0,1247
05/16/2013,MSP,MN,AGL,CE,Towers with Radar,817,412,47,6,1282,0,0,0,0,0,817,412,47,6,1282,0,0,0,1282
05/17/2013,MSP,MN,AGL,CE,Towers with Radar,830,394,21,9,1254,0,0,0,0,0,830,394,21,9,1254,0,0,0,1254
05/18/2013,MSP,MN,AGL,CE,Towers with Radar,613,263,10,10,896,0,0,2,0,2,613,263,12,10,898,0,0,0,898
05/19/2013,MSP,MN,AGL,CE,Towers with Radar,763,342,28,2,1135,0,0,1,0,1,763,342,29,2,1136,0,0,0,1136
05/20/2013,MSP,MN,AGL,CE,Towers with Radar,820,381,36,7,1244,0,0,0,0,0,820,381,36,7,1244,0,0,0,1244
05/21/2013,MSP,MN,AGL,CE,Towers with Radar,801,394,50,14,1259,0,1,29,0,30,801,395,79,14,1289,0,0,0,1289
05/22/2013,MSP,MN,AGL,CE,Towers with Radar,813,392,32,14,1251,0,0,3,0,3,813,392,35,14,1254,0,0,0,1254
05/23/2013,MSP,MN,AGL,CE,Towers with Radar,812,407,44,16,1279,0,0,7,0,7,812,407,51,16,1286,0,0,0,1286
05/24/2013,MSP,MN,AGL,CE,Towers with Radar,827,396,26,2,1251,0,0,6,0,6,827,396,32,2,1257,0,0,0,1257
05/25/2013,MSP,MN,AGL,CE,Towers with Radar,598,251,10,0,859,0,0,0,0,0,598,251,10,0,859,0,0,0,859
05/26/2013,MSP,MN,AGL,CE,Towers with Radar,589,253,7,3,852,0,0,0,0,0,589,253,7,3,852,0,0,0,852
05/27/2013,MSP,MN,AGL,CE,Towers with Radar,736,343,9,0,1088,0,0,0,0,0,736,343,9,0,1088,0,0,0,1088
05/28/2013,MSP,MN,AGL,CE,Towers with Radar,809,395,37,5,1246,0,0,0,0,0,809,395,37,5,1246,0,0,0,1246
05/29/2013,MSP,MN,AGL,CE,Towers with Radar,820,403,50,8,1281,0,0,6,0,6,820,403,56,8,1287,0,0,0,1287
05/30/2013,MSP,MN,AGL,CE,Towers with Radar,826,408,52,12,1298,0,0,1,0,1,826,408,53,12,1299,0,0,0,1299
05/31/2013,MSP,MN,AGL,CE,Towers with Radar,849,404,30,10,1293,0,0,5,0,5,849,404,35,10,1298,0,0,0,1298
06/01/2013,MSP,MN,AGL,CE,Towers with Radar,624,266,10,4,904,0,0,4,1,5,624,266,14,5,909,0,0,0,909
06/02/2013,MSP,MN,AGL,CE,Towers with Radar,766,343,24,9,1142,0,0,0,0,0,766,343,24,9,1142,0,0,0,1142
06/03/2013,MSP,MN,AGL,CE,Towers with Radar,820,397,35,3,1255,0,0,3,0,3,820,397,38,3,1258,0,0,0,1258
06/04/2013,MSP,MN,AGL,CE,Towers with Radar,812,396,36,18,1262,0,0,3,0,3,812,396,39,18,1265,0,0,0,1265
06/05/2013,MSP,MN,AGL,CE,Towers with Radar,808,429,49,16,1302,0,0,0,0,0,808,429,49,16,1302,0,0,0,1302
06/06/2013,MSP,MN,AGL,CE,Towers with Radar,831,415,43,18,1307,0,2,0,0,2,831,417,43,18,1309,0,0,0,1309
06/07/2013,MSP,MN,AGL,CE,Towers with Radar,823,404,33,9,1269,0,0,2,0,2,823,404,35,9,1271,0,0,0,1271
06/08/2013,MSP,MN,AGL,CE,Towers with Radar,640,274,10,4,928,0,2,0,0,2,640,276,10,4,930,0,0,0,930
06/09/2013,MSP,MN,AGL,CE,Towers with Radar,777,352,13,8,1150,0,0,0,0,0,777,352,13,8,1150,0,0,0,1150
06/10/2013,MSP,MN,AGL,CE,Towers with Radar,870,406,43,10,1329,0,0,2,0,2,870,406,45,10,1331,0,0,0,1331
06/11/2013,MSP,MN,AGL,CE,Towers with Radar,886,429,52,15,1382,0,2,3,0,5,886,431,55,15,1387,0,0,0,1387
06/12/2013,MSP,MN,AGL,CE,Towers with Radar,866,434,41,8,1349,0,0,0,0,0,866,434,41,8,1349,0,0,0,1349
06/13/2013,MSP,MN,AGL,CE,Towers with Radar,889,436,53,10,1388,0,0,6,0,6,889,436,59,10,1394,0,0,0,1394
06/14/2013,MSP,MN,AGL,CE,Towers with Radar,898,427,28,4,1357,0,1,4,0,5,898,428,32,4,1362,0,0,0,1362
06/15/2013,MSP,MN,AGL,CE,Towers with Radar,761,334,11,4,1110,0,0,4,0,4,761,334,15,4,1114,0,0,0,1114
06/16/2013,MSP,MN,AGL,CE,Towers with Radar,824,371,12,3,1210,0,1,2,0,3,824,372,14,3,1213,0,0,0,1213
06/17/2013,MSP,MN,AGL,CE,Towers with Radar,878,414,30,1,1323,0,0,0,0,0,878,414,30,1,1323,0,0,0,1323
06/18/2013,MSP,MN,AGL,CE,Towers with Radar,881,424,43,8,1356,0,0,1,1,2,881,424,44,9,1358,0,0,0,1358
06/19/2013,MSP,MN,AGL,CE,Towers with Radar,894,433,38,10,1375,0,0,2,1,3,894,433,40,11,1378,0,0,0,1378
06/20/2013,MSP,MN,AGL,CE,Towers with Radar,904,438,52,10,1404,0,0,0,0,0,904,438,52,10,1404,0,0,0,1404
06/21/2013,MSP,MN,AGL,CE,Towers with Radar,901,434,28,10,1373,0,0,4,0,4,901,434,32,10,1377,0,0,0,1377
06/22/2013,MSP,MN,AGL,CE,Towers with Radar,774,338,10,1,1123,0,0,0,0,0,774,338,10,1,1123,0,0,0,1123
06/23/2013,MSP,MN,AGL,CE,Towers with Radar,851,383,15,0,1249,0,0,1,0,1,851,383,16,0,1250,0,0,0,1250
06/24/2013,MSP,MN,AGL,CE,Towers with Radar,871,414,46,12,1343,0,0,5,0,5,871,414,51,12,1348,0,0,0,1348
06/25/2013,MSP,MN,AGL,CE,Towers with Radar,881,420,61,18,1380,0,0,12,1,13,881,420,73,19,1393,0,0,0,1393
06/26/2013,MSP,MN,AGL,CE,Towers with Radar,870,424,41,15,1350,0,0,1,0,1,870,424,42,15,1351,0,0,0,1351
06/27/2013,MSP,MN,AGL,CE,Towers with Radar,891,432,37,11,1371,0,0,7,0,7,891,432,44,11,1378,0,0,0,1378
06/28/2013,MSP,MN,AGL,CE,Towers with Radar,895,420,19,4,1338,0,0,0,0,0,895,420,19,4,1338,0,0,0,1338
06/29/2013,MSP,MN,AGL,CE,Towers with Radar,785,347,15,2,1149,0,0,0,0,0,785,347,15,2,1149,0,0,0,1149
06/30/2013,MSP,MN,AGL,CE,Towers with Radar,746,343,12,1,1102,0,0,0,0,0,746,343,12,1,1102,0,0,0,1102
07/01/2013,MSP,MN,AGL,CE,Towers with Radar,783,327,25,0,1135,0,0,0,0,0,783,327,25,0,1135,0,0,0,1135
07/02/2013,MSP,MN,AGL,CE,Towers with Radar,778,349,34,4,1165,0,0,12,0,12,778,349,46,4,1177,0,0,0,1177
07/03/2013,MSP,MN,AGL,CE,Towers with Radar,891,437,27,0,1355,0,0,7,0,7,891,437,34,0,1362,0,0,0,1362
07/04/2013,MSP,MN,AGL,CE,Towers with Radar,571,246,5,1,823,0,0,0,0,0,571,246,5,1,823,0,0,0,823
07/05/2013,MSP,MN,AGL,CE,Towers with Radar,680,326,1,2,1009,0,0,0,0,0,680,326,1,2,1009,0,0,0,1009
07/06/2013,MSP,MN,AGL,CE,Towers with Radar,767,355,5,2,1129,0,0,0,0,0,767,355,5,2,1129,0,0,0,1129
07/07/2013,MSP,MN,AGL,CE,Towers with Radar,840,389,13,7,1249,0,0,1,0,1,840,389,14,7,1250,0,0,0,1250
07/08/2013,MSP,MN,AGL,CE,Towers with Radar,885,404,34,3,1326,0,0,0,0,0,885,404,34,3,1326,0,0,0,1326
07/09/2013,MSP,MN,AGL,CE,Towers with Radar,878,411,34,15,1338,0,0,0,0,0,878,411,34,15,1338,0,0,0,1338
07/10/2013,MSP,MN,AGL,CE,Towers with Radar,874,420,34,19,1347,0,0,2,0,2,874,420,36,19,1349,0,0,0,1349
07/11/2013,MSP,MN,AGL,CE,Towers with Radar,902,442,45,13,1402,0,1,0,0,1,902,443,45,13,1403,0,0,0,1403
07/12/2013,MSP,MN,AGL,CE,Towers with Radar,900,427,33,16,1376,0,0,0,0,0,900,427,33,16,1376,0,0,0,1376
07/13/2013,MSP,MN,AGL,CE,Towers with Radar,784,349,4,3,1140,0,0,0,0,0,784,349,4,3,1140,0,0,0,1140
07/14/2013,MSP,MN,AGL,CE,Towers with Radar,866,394,27,8,1295,0,0,0,0,0,866,394,27,8,1295,0,0,0,1295
07/15/2013,MSP,MN,AGL,CE,Towers with Radar,902,421,34,10,1367,0,0,0,0,0,902,421,34,10,1367,0,0,0,1367
07/16/2013,MSP,MN,AGL,CE,Towers with Radar,893,433,50,13,1389,0,0,4,0,4,893,433,54,13,1393,0,0,0,1393
07/17/2013,MSP,MN,AGL,CE,Towers with Radar,897,433,43,17,1390,0,0,2,1,3,897,433,45,18,1393,0,0,0,1393
07/18/2013,MSP,MN,AGL,CE,Towers with Radar,914,448,59,20,1441,0,0,1,0,1,914,448,60,20,1442,0,0,0,1442
07/19/2013,MSP,MN,AGL,CE,Towers with Radar,890,446,35,17,1388,0,0,0,0,0,890,446,35,17,1388,0,0,0,1388
07/20/2013,MSP,MN,AGL,CE,Towers with Radar,778,345,15,8,1146,0,0,1,1,2,778,345,16,9,1148,0,0,0,1148
07/21/2013,MSP,MN,AGL,CE,Towers with Radar,868,389,28,6,1291,0,0,0,0,0,868,389,28,6,1291,0,0,0,1291
07/22/2013,MSP,MN,AGL,CE,Towers with Radar,889,420,48,10,1367,0,0,2,1,3,889,420,50,11,1370,0,0,0,1370
07/23/2013,MSP,MN,AGL,CE,Towers with Radar,889,436,38,10,1373,0,0,0,1,1,889,436,38,11,1374,0,0,0,1374
07/24/2013,MSP,MN,AGL,CE,Towers with Radar,900,430,47,14,1391,0,0,2,1,3,900,430,49,15,1394,0,0,0,1394
07/25/2013,MSP,MN,AGL,CE,Towers with Radar,901,431,43,9,1384,0,0,18,0,18,901,431,61,9,1402,0,0,0,1402
07/26/2013,MSP,MN,AGL,CE,Towers with Radar,905,446,28,8,1387,0,0,3,0,3,905,446,31,8,1390,0,0,0,1390
07/27/2013,MSP,MN,AGL,CE,Towers with Radar,777,344,13,0,1134,0,0,2,0,2,777,344,15,0,1136,0,0,0,1136
07/28/2013,MSP,MN,AGL,CE,Towers with Radar,852,393,14,5,1264,0,0,4,0,4,852,393,18,5,1268,0,0,0,1268
07/29/2013,MSP,MN,AGL,CE,Towers with Radar,909,424,36,0,1369,0,0,0,0,0,909,424,36,0,1369,0,0,0,1369
07/30/2013,MSP,MN,AGL,CE,Towers with Radar,896,440,26,10,1372,0,0,1,0,1,896,440,27,10,1373,0,0,0,1373
07/31/2013,MSP,MN,AGL,CE,Towers with Radar,905,438,43,15,1401,0,1,0,1,2,905,439,43,16,1403,0,0,0,1403
08/01/2013,MSP,MN,AGL,CE,Towers with Radar,904,427,64,8,1403,0,0,0,2,2,904,427,64,10,1405,0,0,0,1405
08/02/2013,MSP,MN,AGL,CE,Towers with Radar,905,438,22,17,1382,0,1,4,0,5,905,439,26,17,1387,0,0,0,1387
08/03/2013,MSP,MN,AGL,CE,Towers with Radar,778,344,15,4,1141,0,0,0,0,0,778,344,15,4,1141,0,0,0,1141
08/04/2013,MSP,MN,AGL,CE,Towers with Radar,852,390,15,7,1264,0,0,2,0,2,852,390,17,7,1266,0,0,0,1266
08/05/2013,MSP,MN,AGL,CE,Towers with Radar,900,415,40,14,1369,0,0,1,0,1,900,415,41,14,1370,0,0,0,1370
08/06/2013,MSP,MN,AGL,CE,Towers with Radar,865,429,40,10,1344,0,0,1,2,3,865,429,41,12,1347,0,0,0,1347
08/07/2013,MSP,MN,AGL,CE,Towers with Radar,917,444,51,13,1425,0,0,2,3,5,917,444,53,16,1430,0,0,0,1430
08/08/2013,MSP,MN,AGL,CE,Towers with Radar,903,440,42,8,1393,0,0,3,0,3,903,440,45,8,1396,0,0,0,1396
08/09/2013,MSP,MN,AGL,CE,Towers with Radar,909,420,32,3,1364,0,0,4,0,4,909,420,36,3,1368,0,0,0,1368
08/10/2013,MSP,MN,AGL,CE,Towers with Radar,782,349,13,1,1145,0,0,0,0,0,782,349,13,1,1145,0,0,0,1145
08/11/2013,MSP,MN,AGL,CE,Towers with Radar,864,388,11,3,1266,0,0,1,0,1,864,388,12,3,1267,0,0,0,1267
08/12/2013,MSP,MN,AGL,CE,Towers with Radar,890,400,27,1,1318,0,0,0,0,0,890,400,27,1,1318,0,0,0,1318
08/13/2013,MSP,MN,AGL,CE,Towers with Radar,874,405,30,10,1319,0,0,4,0,4,874,405,34,10,1323,0,0,0,1323
08/14/2013,MSP,MN,AGL,CE,Towers with Radar,891,416,46,11,1364,0,0,0,0,0,891,416,46,11,1364,0,0,0,1364
08/15/2013,MSP,MN,AGL,CE,Towers with Radar,900,431,38,11,1380,0,0,1,0,1,900,431,39,11,1381,0,0,0,1381
08/16/2013,MSP,MN,AGL,CE,Towers with Radar,896,430,23,17,1366,0,0,2,0,2,896,430,25,17,1368,0,0,0,1368
08/17/2013,MSP,MN,AGL,CE,Towers with Radar,772,323,15,5,1115,0,0,5,0,5,772,323,20,5,1120,0,0,0,1120
08/18/2013,MSP,MN,AGL,CE,Towers with Radar,852,390,24,7,1273,0,0,2,1,3,852,390,26,8,1276,0,0,0,1276
08/19/2013,MSP,MN,AGL,CE,Towers with Radar,887,411,34,11,1343,0,0,1,0,1,887,411,35,11,1344,0,0,0,1344
08/20/2013,MSP,MN,AGL,CE,Towers with Radar,865,404,34,14,1317,0,0,2,0,2,865,404,36,14,1319,0,0,0,1319
08/21/2013,MSP,MN,AGL,CE,Towers with Radar,863,404,33,19,1319,0,0,2,0,2,863,404,35,19,1321,0,0,0,1321
08/22/2013,MSP,MN,AGL,CE,Towers with Radar,873,426,36,11,1346,0,0,2,0,2,873,426,38,11,1348,0,0,0,1348
08/23/2013,MSP,MN,AGL,CE,Towers with Radar,897,413,34,5,1349,0,0,6,0,6,897,413,40,5,1355,0,0,0,1355
08/24/2013,MSP,MN,AGL,CE,Towers with Radar,696,282,9,1,988,0,0,0,0,0,696,282,9,1,988,0,0,0,988
08/25/2013,MSP,MN,AGL,CE,Towers with Radar,811,365,14,4,1194,0,0,0,0,0,811,365,14,4,1194,0,0,0,1194
08/26/2013,MSP,MN,AGL,CE,Towers with Radar,873,393,27,3,1296,0,3,1,0,4,873,396,28,3,1300,0,0,0,1300
08/27/2013,MSP,MN,AGL,CE,Towers with Radar,852,409,46,15,1322,0,0,0,0,0,852,409,46,15,1322,0,0,0,1322
08/28/2013,MSP,MN,AGL,CE,Towers with Radar,852,425,46,11,1334,0,0,3,0,3,852,425,49,11,1337,0,0,0,1337
08/29/2013,MSP,MN,AGL,CE,Towers with Radar,898,424,49,6,1377,0,0,2,0,2,898,424,51,6,1379,0,0,0,1379
08/30/2013,MSP,MN,AGL,CE,Towers with Radar,875,409,29,1,1314,0,0,1,0,1,875,409,30,1,1315,0,0,0,1315
08/31/2013,MSP,MN,AGL,CE,Towers with Radar,613,250,2,3,868,0,0,2,0,2,613,250,4,3,870,0,0,0,870
09/01/2013,MSP,MN,AGL,CE,Towers with Radar,580,213,2,1,796,0,0,0,0,0,580,213,2,1,796,0,0,0,796
09/02/2013,MSP,MN,AGL,CE,Towers with Radar,759,334,9,1,1103,0,0,2,0,2,759,334,11,1,1105,0,0,0,1105
09/03/2013,MSP,MN,AGL,CE,Towers with Radar,779,389,30,8,1206,0,0,0,1,1,779,389,30,9,1207,0,0,0,1207
09/04/2013,MSP,MN,AGL,CE,Towers with Radar,811,403,60,17,1291,0,0,1,1,2,811,403,61,18,1293,0,0,0,1293
09/05/2013,MSP,MN,AGL,CE,Towers with Radar,837,405,56,13,1311,0,0,4,1,5,837,405,60,14,1316,0,0,0,1316
09/06/2013,MSP,MN,AGL,CE,Towers with Radar,824,411,28,17,1280,0,0,0,0,0,824,411,28,17,1280,0,0,0,1280
09/07/2013,MSP,MN,AGL,CE,Towers with Radar,602,267,6,4,879,0,0,2,0,2,602,267,8,4,881,0,0,0,881
09/08/2013,MSP,MN,AGL,CE,Towers with Radar,762,353,22,13,1150,0,0,0,0,0,762,353,22,13,1150,0,0,0,1150
09/09/2013,MSP,MN,AGL,CE,Towers with Radar,831,392,46,2,1271,0,0,0,0,0,831,392,46,2,1271,0,0,0,1271
09/10/2013,MSP,MN,AGL,CE,Towers with Radar,770,387,50,18,1225,0,0,0,0,0,770,387,50,18,1225,0,0,0,1225
09/11/2013,MSP,MN,AGL,CE,Towers with Radar,792,408,62,12,1274,0,0,0,0,0,792,408,62,12,1274,0,0,0,1274
09/12/2013,MSP,MN,AGL,CE,Towers with Radar,813,414,47,7,1281,0,1,2,0,3,813,415,49,7,1284,0,0,0,1284
09/13/2013,MSP,MN,AGL,CE,Towers with Radar,825,413,22,12,1272,0,0,2,0,2,825,413,24,12,1274,0,0,0,1274
09/14/2013,MSP,MN,AGL,CE,Towers with Radar,590,266,4,5,865,0,0,0,0,0,590,266,4,5,865,0,0,0,865
09/15/2013,MSP,MN,AGL,CE,Towers with Radar,758,353,7,8,1126,0,0,0,0,0,758,353,7,8,1126,0,0,0,1126
09/16/2013,MSP,MN,AGL,CE,Towers with Radar,820,386,33,13,1252,0,0,1,0,1,820,386,34,13,1253,0,0,0,1253
09/17/2013,MSP,MN,AGL,CE,Towers with Radar,764,396,46,13,1219,0,0,2,0,2,764,396,48,13,1221,0,0,0,1221
09/18/2013,MSP,MN,AGL,CE,Towers with Radar,800,404,40,7,1251,0,0,0,0,0,800,404,40,7,1251,0,0,0,1251
09/19/2013,MSP,MN,AGL,CE,Towers with Radar,830,411,48,8,1297,0,0,3,0,3,830,411,51,8,1300,0,0,0,1300
09/20/2013,MSP,MN,AGL,CE,Towers with Radar,825,405,39,19,1288,0,2,0,0,2,825,407,39,19,1290,0,0,0,1290
09/21/2013,MSP,MN,AGL,CE,Towers with Radar,603,263,15,18,899,0,0,4,0,4,603,263,19,18,903,0,0,0,903
09/22/2013,MSP,MN,AGL,CE,Towers with Radar,760,345,17,9,1131,0,0,1,0,1,760,345,18,9,1132,0,0,0,1132
09/23/2013,MSP,MN,AGL,CE,Towers with Radar,824,386,45,2,1257,0,0,0,0,0,824,386,45,2,1257,0,0,0,1257
09/24/2013,MSP,MN,AGL,CE,Towers with Radar,762,373,57,14,1206,0,0,5,0,5,762,373,62,14,1211,0,0,0,1211
09/25/2013,MSP,MN,AGL,CE,Towers with Radar,806,398,45,9,1258,0,0,1,0,1,806,398,46,9,1259,0,0,0,1259
09/26/2013,MSP,MN,AGL,CE,Towers with Radar,835,407,46,2,1290,0,0,1,0,1,835,407,47,2,1291,0,0,0,1291
09/27/2013,MSP,MN,AGL,CE,Towers with Radar,825,406,27,9,1267,0,0,0,0,0,825,406,27,9,1267,0,0,0,1267
09/28/2013,MSP,MN,AGL,CE,Towers with Radar,600,266,13,2,881,0,0,0,0,0,600,266,13,2,881,0,0,0,881
09/29/2013,MSP,MN,AGL,CE,Towers with Radar,769,352,20,4,1145,0,0,2,0,2,769,352,22,4,1147,0,0,0,1147
09/30/2013,MSP,MN,AGL,CE,Towers with Radar,825,384,44,0,1253,0,0,2,0,2,825,384,46,0,1255,0,0,0,1255
10/01/2013,MSP,MN,AGL,CE,Towers with Radar,793,391,37,2,1223,0,0,0,0,0,793,391,37,2,1223,0,0,0,1223
10/02/2013,MSP,MN,AGL,CE,Towers with Radar,827,401,36,1,1265,0,0,1,0,1,827,401,37,1,1266,0,0,0,1266
10/03/2013,MSP,MN,AGL,CE,Towers with Radar,834,413,36,3,1286,0,0,0,0,0,834,413,36,3,1286,0,0,0,1286
10/04/2013,MSP,MN,AGL,CE,Towers with Radar,811,411,16,1,1239,0,0,0,0,0,811,411,16,1,1239,0,0,0,1239
10/05/2013,MSP,MN,AGL,CE,Towers with Radar,603,250,9,1,863,0,0,0,0,0,603,250,9,1,863,0,0,0,863
10/06/2013,MSP,MN,AGL,CE,Towers with Radar,761,351,16,0,1128,0,0,2,0,2,761,351,18,0,1130,0,0,0,1130
10/07/2013,MSP,MN,AGL,CE,Towers with Radar,821,380,38,0,1239,0,0,0,0,0,821,380,38,0,1239,0,0,0,1239
10/08/2013,MSP,MN,AGL,CE,Towers with Radar,803,399,40,0,1242,0,0,0,0,0,803,399,40,0,1242,0,0,0,1242
10/09/2013,MSP,MN,AGL,CE,Towers with Radar,820,405,47,0,1272,0,1,4,0,5,820,406,51,0,1277,0,0,0,1277
10/10/2013,MSP,MN,AGL,CE,Towers with Radar,840,401,30,1,1272,0,0,0,0,0,840,401,30,1,1272,0,0,0,1272
10/11/2013,MSP,MN,AGL,CE,Towers with Radar,824,397,35,0,1256,0,0,0,0,0,824,397,35,0,1256,0,0,0,1256
10/12/2013,MSP,MN,AGL,CE,Towers with Radar,598,234,16,0,848,0,0,3,0,3,598,234,19,0,851,0,0,0,851
10/13/2013,MSP,MN,AGL,CE,Towers with Radar,739,336,14,1,1090,0,0,4,0,4,739,336,18,1,1094,0,0,0,1094
10/14/2013,MSP,MN,AGL,CE,Towers with Radar,832,390,43,1,1266,0,0,0,0,0,832,390,43,1,1266,0,0,0,1266
10/15/2013,MSP,MN,AGL,CE,Towers with Radar,797,401,44,0,1242,0,0,0,0,0,797,401,44,0,1242,0,0,0,1242
10/16/2013,MSP,MN,AGL,CE,Towers with Radar,831,410,41,7,1289,0,0,2,0,2,831,410,43,7,1291,0,0,0,1291
10/17/2013,MSP,MN,AGL,CE,Towers with Radar,830,428,47,6,1311,0,0,5,0,5,830,428,52,6,1316,0,0,0,1316
10/18/2013,MSP,MN,AGL,CE,Towers with Radar,821,415,43,3,1282,0,0,1,0,1,821,415,44,3,1283,0,0,0,1283
10/19/2013,MSP,MN,AGL,CE,Towers with Radar,614,248,12,1,875,0,1,2,0,3,614,249,14,1,878,0,0,0,878
10/20/2013,MSP,MN,AGL,CE,Towers with Radar,773,361,14,2,1150,0,0,1,0,1,773,361,15,2,1151,0,0,0,1151
10/21/2013,MSP,MN,AGL,CE,Towers with Radar,839,392,27,5,1263,0,0,2,0,2,839,392,29,5,1265,0,0,0,1265
10/22/2013,MSP,MN,AGL,CE,Towers with Radar,793,396,46,12,1247,0,0,0,0,0,793,396,46,12,1247,0,0,0,1247
10/23/2013,MSP,MN,AGL,CE,Towers with Radar,807,392,42,16,1257,0,0,2,0,2,807,392,44,16,1259,0,0,0,1259
10/24/2013,MSP,MN,AGL,CE,Towers with Radar,836,414,37,15,1302,0,0,0,0,0,836,414,37,15,1302,0,0,0,1302
10/25/2013,MSP,MN,AGL,CE,Towers with Radar,818,409,30,8,1265,0,0,0,0,0,818,409,30,8,1265,0,0,0,1265
10/26/2013,MSP,MN,AGL,CE,Towers with Radar,611,255,14,9,889,0,0,3,0,3,611,255,17,9,892,0,0,0,892
10/27/2013,MSP,MN,AGL,CE,Towers with Radar,755,352,27,1,1135,0,0,0,0,0,755,352,27,1,1135,0,0,0,1135
10/28/2013,MSP,MN,AGL,CE,Towers with Radar,826,391,36,14,1267,0,0,1,1,2,826,391,37,15,1269,0,0,0,1269
10/29/2013,MSP,MN,AGL,CE,Towers with Radar,786,406,54,12,1258,0,0,1,0,1,786,406,55,12,1259,0,0,0,1259
10/30/2013,MSP,MN,AGL,CE,Towers with Radar,803,387,40,11,1241,0,0,0,0,0,803,387,40,11,1241,0,0,0,1241
10/31/2013,MSP,MN,AGL,CE,Towers with Radar,708,308,52,7,1075,0,0,0,0,0,708,308,52,7,1075,0,0,0,1075
11/01/2013,MSP,MN,AGL,CE,Towers with Radar,805,409,22,8,1244,0,1,0,1,2,805,410,22,9,1246,0,0,0,1246
11/02/2013,MSP,MN,AGL,CE,Towers with Radar,604,245,10,3,862,0,0,0,0,0,604,245,10,3,862,0,0,0,862
11/03/2013,MSP,MN,AGL,CE,Towers with Radar,752,335,17,5,1109,0,0,1,1,2,752,335,18,6,1111,0,0,0,1111
11/04/2013,MSP,MN,AGL,CE,Towers with Radar,811,379,33,12,1235,0,0,5,4,9,811,379,38,16,1244,0,0,0,1244
11/05/2013,MSP,MN,AGL,CE,Towers with Radar,789,398,37,10,1234,0,0,0,10,10,789,398,37,20,1244,0,0,0,1244
11/06/2013,MSP,MN,AGL,CE,Towers with Radar,812,405,32,13,1262,0,0,0,0,0,812,405,32,13,1262,0,0,0,1262
11/07/2013,MSP,MN,AGL,CE,Towers with Radar,839,411,55,8,1313,0,0,0,0,0,839,411,55,8,1313,0,0,0,1313
11/08/2013,MSP,MN,AGL,CE,Towers with Radar,819,413,37,4,1273,0,0,2,0,2,819,413,39,4,1275,0,0,0,1275
11/09/2013,MSP,MN,AGL,CE,Towers with Radar,599,244,11,2,856,0,0,0,0,0,599,244,11,2,856,0,0,0,856
11/10/2013,MSP,MN,AGL,CE,Towers with Radar,753,323,16,4,1096,0,0,2,0,2,753,323,18,4,1098,0,0,0,1098
11/11/2013,MSP,MN,AGL,CE,Towers with Radar,816,363,50,0,1229,0,0,4,0,4,816,363,54,0,1233,0,0,0,1233
11/12/2013,MSP,MN,AGL,CE,Towers with Radar,783,389,39,10,1221,0,0,0,1,1,783,389,39,11,1222,0,0,0,1222
11/13/2013,MSP,MN,AGL,CE,Towers with Radar,809,406,43,16,1274,0,0,3,0,3,809,406,46,16,1277,0,0,0,1277
11/14/2013,MSP,MN,AGL,CE,Towers with Radar,835,402,36,13,1286,0,0,0,1,1,835,402,36,14,1287,0,0,0,1287
11/15/2013,MSP,MN,AGL,CE,Towers with Radar,828,392,32,6,1258,0,0,0,1,1,828,392,32,7,1259,0,0,0,1259
11/16/2013,MSP,MN,AGL,CE,Towers with Radar,593,250,7,14,864,0,0,0,0,0,593,250,7,14,864,0,0,0,864
11/17/2013,MSP,MN,AGL,CE,Towers with Radar,747,326,13,3,1089,0,0,0,0,0,747,326,13,3,1089,0,0,0,1089
11/18/2013,MSP,MN,AGL,CE,Towers with Radar,830,365,35,11,1241,0,0,3,0,3,830,365,38,11,1244,0,0,0,1244
11/19/2013,MSP,MN,AGL,CE,Towers with Radar,798,398,41,12,1249,0,0,0,1,1,798,398,41,13,1250,0,0,0,1250
11/20/2013,MSP,MN,AGL,CE,Towers with Radar,807,413,57,7,1284,0,0,8,2,10,807,413,65,9,1294,0,0,0,1294
11/21/2013,MSP,MN,AGL,CE,Towers with Radar,830,396,51,7,1284,0,0,0,0,0,830,396,51,7,1284,0,0,0,1284
11/22/2013,MSP,MN,AGL,CE,Towers with Radar,823,400,27,4,1254,0,0,1,0,1,823,400,28,4,1255,0,0,0,1255
11/23/2013,MSP,MN,AGL,CE,Towers with Radar,614,258,11,2,885,0,0,0,0,0,614,258,11,2,885,0,0,0,885
11/24/2013,MSP,MN,AGL,CE,Towers with Radar,727,285,15,0,1027,0,0,2,0,2,727,285,17,0,1029,0,0,0,1029
11/25/2013,MSP,MN,AGL,CE,Towers with Radar,744,295,40,13,1092,0,0,3,0,3,744,295,43,13,1095,0,0,0,1095
11/26/2013,MSP,MN,AGL,CE,Towers with Radar,818,385,25,13,1241,0,0,0,1,1,818,385,25,14,1242,0,0,0,1242
11/27/2013,MSP,MN,AGL,CE,Towers with Radar,853,404,20,4,1281,0,0,0,0,0,853,404,20,4,1281,0,0,0,1281
11/28/2013,MSP,MN,AGL,CE,Towers with Radar,446,166,3,0,615,0,0,0,0,0,446,166,3,0,615,0,0,0,615
11/29/2013,MSP,MN,AGL,CE,Towers with Radar,512,198,9,0,719,0,0,0,0,0,512,198,9,0,719,0,0,0,719
11/30/2013,MSP,MN,AGL,CE,Towers with Radar,724,300,10,0,1034,0,0,0,0,0,724,300,10,0,1034,0,0,0,1034
12/01/2013,MSP,MN,AGL,CE,Towers with Radar,836,374,22,1,1233,0,0,0,0,0,836,374,22,1,1233,0,0,0,1233
12/02/2013,MSP,MN,AGL,CE,Towers with Radar,841,366,47,5,1259,0,0,0,0,0,841,366,47,5,1259,0,0,0,1259
12/03/2013,MSP,MN,AGL,CE,Towers with Radar,785,343,46,5,1179,0,0,0,0,0,785,343,46,5,1179,0,0,0,1179
12/04/2013,MSP,MN,AGL,CE,Towers with Radar,768,306,48,2,1124,0,0,0,0,0,768,306,48,2,1124,0,0,0,1124
12/05/2013,MSP,MN,AGL,CE,Towers with Radar,803,366,53,9,1231,0,0,0,2,2,803,366,53,11,1233,0,0,0,1233
12/06/2013,MSP,MN,AGL,CE,Towers with Radar,789,359,31,12,1191,0,0,1,0,1,789,359,32,12,1192,0,0,0,1192
12/07/2013,MSP,MN,AGL,CE,Towers with Radar,568,215,10,3,796,0,0,0,0,0,568,215,10,3,796,0,0,0,796
12/08/2013,MSP,MN,AGL,CE,Towers with Radar,661,269,27,7,964,0,0,0,0,0,661,269,27,7,964,0,0,0,964
12/09/2013,MSP,MN,AGL,CE,Towers with Radar,784,334,34,6,1158,0,0,1,0,1,784,334,35,6,1159,0,0,0,1159
12/10/2013,MSP,MN,AGL,CE,Towers with Radar,763,355,57,9,1184,0,0,1,0,1,763,355,58,9,1185,0,0,0,1185
12/11/2013,MSP,MN,AGL,CE,Towers with Radar,788,359,33,14,1194,0,0,0,0,0,788,359,33,14,1194,0,0,0,1194
12/12/2013,MSP,MN,AGL,CE,Towers with Radar,806,362,31,7,1206,0,0,0,0,0,806,362,31,7,1206,0,0,0,1206
12/13/2013,MSP,MN,AGL,CE,Towers with Radar,804,354,34,8,1200,0,0,0,0,0,804,354,34,8,1200,0,0,0,1200
12/14/2013,MSP,MN,AGL,CE,Towers with Radar,561,225,5,0,791,0,0,0,0,0,561,225,5,0,791,0,0,0,791
12/15/2013,MSP,MN,AGL,CE,Towers with Radar,733,294,13,5,1045,0,0,0,0,0,733,294,13,5,1045,0,0,0,1045
12/16/2013,MSP,MN,AGL,CE,Towers with Radar,795,331,55,5,1186,0,0,0,0,0,795,331,55,5,1186,0,0,0,1186
12/17/2013,MSP,MN,AGL,CE,Towers with Radar,786,339,50,12,1187,0,1,4,0,5,786,340,54,12,1192,0,0,0,1192
12/18/2013,MSP,MN,AGL,CE,Towers with Radar,814,354,47,12,1227,0,0,0,0,0,814,354,47,12,1227,0,0,0,1227
12/19/2013,MSP,MN,AGL,CE,Towers with Radar,858,365,48,10,1281,0,0,1,0,1,858,365,49,10,1282,0,0,0,1282
12/20/2013,MSP,MN,AGL,CE,Towers with Radar,869,372,23,0,1264,0,0,0,0,0,869,372,23,0,1264,0,0,0,1264
12/21/2013,MSP,MN,AGL,CE,Towers with Radar,800,352,14,0,1166,0,0,1,0,1,800,352,15,0,1167,0,0,0,1167
12/22/2013,MSP,MN,AGL,CE,Towers with Radar,750,265,9,0,1024,0,0,0,0,0,750,265,9,0,1024,0,0,0,1024
12/23/2013,MSP,MN,AGL,CE,Towers with Radar,731,283,13,0,1027,0,0,0,0,0,731,283,13,0,1027,0,0,0,1027
12/24/2013,MSP,MN,AGL,CE,Towers with Radar,636,303,4,0,943,0,0,0,0,0,636,303,4,0,943,0,0,0,943
12/25/2013,MSP,MN,AGL,CE,Towers with Radar,596,220,4,0,820,0,2,0,0,2,596,222,4,0,822,0,0,0,822
12/26/2013,MSP,MN,AGL,CE,Towers with Radar,839,398,16,0,1253,0,0,0,0,0,839,398,16,0,1253,0,0,0,1253
12/27/2013,MSP,MN,AGL,CE,Towers with Radar,849,368,7,0,1224,0,0,0,0,0,849,368,7,0,1224,0,0,0,1224
12/28/2013,MSP,MN,AGL,CE,Towers with Radar,784,348,8,0,1140,0,0,0,0,0,784,348,8,0,1140,0,0,0,1140
12/29/2013,MSP,MN,AGL,CE,Towers with Radar,727,269,7,0,1003,0,0,0,0,0,727,269,7,0,1003,0,0,0,1003
12/30/2013,MSP,MN,AGL,CE,Towers with Radar,738,279,16,8,1041,0,0,0,0,0,738,279,16,8,1041,0,0,0,1041
12/31/2013,MSP,MN,AGL,CE,Towers with Radar,636,273,7,2,918,0,0,2,0,2,636,273,9,2,920,0,0,0,920
01/01/2014,MSP,MN,AGL,CE,Towers with Radar,608,220,12,0,840,0,0,3,0,3,608,220,15,0,843,0,0,0,843
01/02/2014,MSP,MN,AGL,CE,Towers with Radar,799,343,13,0,1155,0,0,1,0,1,799,343,14,0,1156,0,0,0,1156
01/03/2014,MSP,MN,AGL,CE,Towers with Radar,808,327,12,0,1147,0,0,0,0,0,808,327,12,0,1147,0,0,0,1147
01/04/2014,MSP,MN,AGL,CE,Towers with Radar,752,329,13,2,1096,0,0,0,0,0,752,329,13,2,1096,0,0,0,1096
01/05/2014,MSP,MN,AGL,CE,Towers with Radar,735,254,15,0,1004,0,0,0,0,0,735,254,15,0,1004,0,0,0,1004
01/06/2014,MSP,MN,AGL,CE,Towers with Radar,694,263,32,0,989,0,0,0,0,0,694,263,32,0,989,0,0,0,989
01/07/2014,MSP,MN,AGL,CE,Towers with Radar,685,309,50,15,1059,0,0,1,0,1,685,309,51,15,1060,0,0,0,1060
01/08/2014,MSP,MN,AGL,CE,Towers with Radar,751,336,35,16,1138,0,0,1,0,1,751,336,36,16,1139,0,0,0,1139
01/09/2014,MSP,MN,AGL,CE,Towers with Radar,771,366,33,5,1175,0,0,0,0,0,771,366,33,5,1175,0,0,0,1175
01/10/2014,MSP,MN,AGL,CE,Towers with Radar,776,364,19,13,1172,0,0,0,0,0,776,364,19,13,1172,0,0,0,1172
01/11/2014,MSP,MN,AGL,CE,Towers with Radar,569,230,9,0,808,0,0,0,0,0,569,230,9,0,808,0,0,0,808
01/12/2014,MSP,MN,AGL,CE,Towers with Radar,693,301,4,4,1002,0,0,0,0,0,693,301,4,4,1002,0,0,0,1002
01/13/2014,MSP,MN,AGL,CE,Towers with Radar,770,355,25,11,1161,0,0,2,0,2,770,355,27,11,1163,0,0,0,1163
01/14/2014,MSP,MN,AGL,CE,Towers with Radar,739,334,49,11,1133,0,0,0,0,0,739,334,49,11,1133,0,0,0,1133
01/15/2014,MSP,MN,AGL,CE,Towers with Radar,773,354,34,10,1171,0,0,0,0,0,773,354,34,10,1171,0,0,0,1171
01/16/2014,MSP,MN,AGL,CE,Towers with Radar,773,346,25,14,1158,0,0,0,0,0,773,346,25,14,1158,0,0,0,1158
01/17/2014,MSP,MN,AGL,CE,Towers with Radar,791,359,22,3,1175,0,0,0,0,0,791,359,22,3,1175,0,0,0,1175
01/18/2014,MSP,MN,AGL,CE,Towers with Radar,557,207,3,1,768,0,0,2,0,2,557,207,5,1,770,0,0,0,770
01/19/2014,MSP,MN,AGL,CE,Towers with Radar,621,242,9,0,872,0,0,0,0,0,621,242,9,0,872,0,0,0,872
01/20/2014,MSP,MN,AGL,CE,Towers with Radar,761,338,35,1,1135,0,0,0,0,0,761,338,35,1,1135,0,0,0,1135
01/21/2014,MSP,MN,AGL,CE,Towers with Radar,696,342,29,1,1068,0,0,0,0,0,696,342,29,1,1068,0,0,0,1068
01/22/2014,MSP,MN,AGL,CE,Towers with Radar,748,354,36,8,1146,0,0,0,1,1,748,354,36,9,1147,0,0,0,1147
01/23/2014,MSP,MN,AGL,CE,Towers with Radar,795,360,34,7,1196,0,0,1,0,1,795,360,35,7,1197,0,0,0,1197
01/24/2014,MSP,MN,AGL,CE,Towers with Radar,768,344,30,1,1143,0,0,0,0,0,768,344,30,1,1143,0,0,0,1143
01/25/2014,MSP,MN,AGL,CE,Towers with Radar,568,219,6,1,794,0,0,2,0,2,568,219,8,1,796,0,0,0,796
01/26/2014,MSP,MN,AGL,CE,Towers with Radar,671,270,17,1,959,0,0,0,0,0,671,270,17,1,959,0,0,0,959
01/27/2014,MSP,MN,AGL,CE,Towers with Radar,765,343,36,0,1144,0,0,0,0,0,765,343,36,0,1144,0,0,0,1144
01/28/2014,MSP,MN,AGL,CE,Towers with Radar,711,332,48,12,1103,0,0,2,1,3,711,332,50,13,1106,0,0,0,1106
01/29/2014,MSP,MN,AGL,CE,Towers with Radar,744,355,33,10,1142,0,0,2,3,5,744,355,35,13,1147,0,0,0,1147
01/30/2014,MSP,MN,AGL,CE,Towers with Radar,742,340,38,3,1123,0,0,1,0,1,742,340,39,3,1124,0,0,0,1124
01/31/2014,MSP,MN,AGL,CE,Towers with Radar,779,366,31,2,1178,0,0,2,0,2,779,366,33,2,1180,0,0,0,1180
02/01/2014,MSP,MN,AGL,CE,Towers with Radar,548,208,11,0,767,0,0,0,0,0,548,208,11,0,767,0,0,0,767
02/02/2014,MSP,MN,AGL,CE,Towers with Radar,560,233,8,2,803,0,0,0,0,0,560,233,8,2,803,0,0,0,803
02/03/2014,MSP,MN,AGL,CE,Towers with Radar,762,316,45,0,1123,0,0,2,0,2,762,316,47,0,1125,0,0,0,1125
02/04/2014,MSP,MN,AGL,CE,Towers with Radar,740,292,43,15,1090,0,0,1,0,1,740,292,44,15,1091,0,0,0,1091
02/05/2014,MSP,MN,AGL,CE,Towers with Radar,737,315,35,12,1099,0,0,0,2,2,737,315,35,14,1101,0,0,0,1101
02/06/2014,MSP,MN,AGL,CE,Towers with Radar,802,336,41,9,1188,0,0,3,0,3,802,336,44,9,1191,0,0,0,1191
02/07/2014,MSP,MN,AGL,CE,Towers with Radar,797,352,19,14,1182,0,2,2,2,6,797,354,21,16,1188,0,0,0,1188
02/08/2014,MSP,MN,AGL,CE,Towers with Radar,569,205,16,2,792,0,0,0,0,0,569,205,16,2,792,0,0,0,792
02/09/2014,MSP,MN,AGL,CE,Towers with Radar,704,276,11,5,996,0,0,0,0,0,704,276,11,5,996,0,0,0,996
02/10/2014,MSP,MN,AGL,CE,Towers with Radar,783,330,46,8,1167,0,0,0,0,0,783,330,46,8,1167,0,0,0,1167
02/11/2014,MSP,MN,AGL,CE,Towers with Radar,735,332,49,11,1127,0,0,1,1,2,735,332,50,12,1129,0,0,0,1129
02/12/2014,MSP,MN,AGL,CE,Towers with Radar,724,342,32,17,1115,0,0,0,0,0,724,342,32,17,1115,0,0,0,1115
02/13/2014,MSP,MN,AGL,CE,Towers with Radar,720,348,41,10,1119,0,0,0,0,0,720,348,41,10,1119,0,0,0,1119
02/14/2014,MSP,MN,AGL,CE,Towers with Radar,807,349,41,5,1202,0,0,0,0,0,807,349,41,5,1202,0,0,0,1202
02/15/2014,MSP,MN,AGL,CE,Towers with Radar,587,218,6,1,812,0,0,0,0,0,587,218,6,1,812,0,0,0,812
02/16/2014,MSP,MN,AGL,CE,Towers with Radar,666,254,8,0,928,0,0,0,0,0,666,254,8,0,928,0,0,0,928
02/17/2014,MSP,MN,AGL,CE,Towers with Radar,750,318,44,0,1112,0,0,0,0,0,750,318,44,0,1112,0,0,0,1112
02/18/2014,MSP,MN,AGL,CE,Towers with Radar,801,331,37,10,1179,0,0,0,0,0,801,331,37,10,1179,0,0,0,1179
02/19/2014,MSP,MN,AGL,CE,Towers with Radar,804,347,39,18,1208,0,0,4,0,4,804,347,43,18,1212,0,0,0,1212
02/20/2014,MSP,MN,AGL,CE,Towers with Radar,631,185,28,0,844,0,0,0,0,0,631,185,28,0,844,0,0,0,844
02/21/2014,MSP,MN,AGL,CE,Towers with Radar,821,312,50,0,1183,0,0,0,0,0,821,312,50,0,1183,0,0,0,1183
02/22/2014,MSP,MN,AGL,CE,Towers with Radar,598,237,8,2,845,0,0,0,0,0,598,237,8,2,845,0,0,0,845
02/23/2014,MSP,MN,AGL,CE,Towers with Radar,715,299,17,8,1039,0,0,1,1,2,715,299,18,9,1041,0,0,0,1041
02/24/2014,MSP,MN,AGL,CE,Towers with Radar,816,335,41,7,1199,0,0,0,0,0,816,335,41,7,1199,0,0,0,1199
02/25/2014,MSP,MN,AGL,CE,Towers with Radar,785,328,36,14,1163,0,0,1,0,1,785,328,37,14,1164,0,0,0,1164
02/26/2014,MSP,MN,AGL,CE,Towers with Radar,806,350,39,12,1207,0,0,8,0,8,806,350,47,12,1215,0,0,0,1215
02/27/2014,MSP,MN,AGL,CE,Towers with Radar,832,352,47,3,1234,0,0,0,0,0,832,352,47,3,1234,0,0,0,1234
02/28/2014,MSP,MN,AGL,CE,Towers with Radar,814,350,24,6,1194,0,0,0,0,0,814,350,24,6,1194,0,0,0,1194
03/01/2014,MSP,MN,AGL,CE,Towers with Radar,614,236,14,4,868,0,0,0,1,1,614,236,14,5,869,0,0,0,869
03/02/2014,MSP,MN,AGL,CE,Towers with Radar,771,305,16,8,1100,0,0,0,0,0,771,305,16,8,1100,0,0,0,1100
03/03/2014,MSP,MN,AGL,CE,Towers with Radar,811,336,34,4,1185,0,0,0,0,0,811,336,34,4,1185,0,0,0,1185
03/04/2014,MSP,MN,AGL,CE,Towers with Radar,813,355,47,11,1226,0,0,0,0,0,813,355,47,11,1226,0,0,0,1226
03/05/2014,MSP,MN,AGL,CE,Towers with Radar,823,373,44,12,1252,0,0,0,0,0,823,373,44,12,1252,0,0,0,1252
03/06/2014,MSP,MN,AGL,CE,Towers with Radar,859,362,41,12,1274,0,0,0,0,0,859,362,41,12,1274,0,0,0,1274
03/07/2014,MSP,MN,AGL,CE,Towers with Radar,854,361,35,9,1259,0,0,0,0,0,854,361,35,9,1259,0,0,0,1259
03/08/2014,MSP,MN,AGL,CE,Towers with Radar,735,268,6,4,1013,0,0,0,0,0,735,268,6,4,1013,0,0,0,1013
03/09/2014,MSP,MN,AGL,CE,Towers with Radar,794,319,19,4,1136,0,0,0,0,0,794,319,19,4,1136,0,0,0,1136
03/10/2014,MSP,MN,AGL,CE,Towers with Radar,851,347,40,5,1243,0,0,2,0,2,851,347,42,5,1245,0,0,0,1245
03/11/2014,MSP,MN,AGL,CE,Towers with Radar,827,353,46,14,1240,0,0,0,0,0,827,353,46,14,1240,0,0,0,1240
03/12/2014,MSP,MN,AGL,CE,Towers with Radar,820,352,37,11,1220,0,0,1,0,1,820,352,38,11,1221,0,0,0,1221
03/13/2014,MSP,MN,AGL,CE,Towers with Radar,853,363,27,10,1253,0,0,2,0,2,853,363,29,10,1255,0,0,0,1255
03/14/2014,MSP,MN,AGL,CE,Towers with Radar,861,365,31,5,1262,0,0,0,0,0,861,365,31,5,1262,0,0,0,1262
03/15/2014,MSP,MN,AGL,CE,Towers with Radar,735,261,14,12,1022,0,0,1,0,1,735,261,15,12,1023,0,0,0,1023
03/16/2014,MSP,MN,AGL,CE,Towers with Radar,782,316,16,1,1115,0,0,0,0,0,782,316,16,1,1115,0,0,0,1115
03/17/2014,MSP,MN,AGL,CE,Towers with Radar,860,338,26,10,1234,0,0,0,1,1,860,338,26,11,1235,0,0,0,1235
03/18/2014,MSP,MN,AGL,CE,Towers with Radar,841,342,37,9,1229,0,0,0,0,0,841,342,37,9,1229,0,0,0,1229
03/19/2014,MSP,MN,AGL,CE,Towers with Radar,856,351,34,10,1251,0,0,0,1,1,856,351,34,11,1252,0,0,0,1252
03/20/2014,MSP,MN,AGL,CE,Towers with Radar,869,354,37,5,1265,0,0,0,1,1,869,354,37,6,1266,0,0,0,1266
03/21/2014,MSP,MN,AGL,CE,Towers with Radar,870,351,35,1,1257,0,0,0,0,0,870,351,35,1,1257,0,0,0,1257
03/22/2014,MSP,MN,AGL,CE,Towers with Radar,737,270,8,3,1018,0,0,0,0,0,737,270,8,3,1018,0,0,0,1018
03/23/2014,MSP,MN,AGL,CE,Towers with Radar,799,323,13,2,1137,0,0,0,0,0,799,323,13,2,1137,0,0,0,1137
03/24/2014,MSP,MN,AGL,CE,Towers with Radar,857,344,32,11,1244,0,0,0,0,0,857,344,32,11,1244,0,0,0,1244
03/25/2014,MSP,MN,AGL,CE,Towers with Radar,842,340,29,14,1225,0,0,0,0,0,842,340,29,14,1225,0,0,0,1225
03/26/2014,MSP,MN,AGL,CE,Towers with Radar,861,353,50,9,1273,0,0,2,1,3,861,353,52,10,1276,0,0,0,1276
03/27/2014,MSP,MN,AGL,CE,Towers with Radar,866,356,37,10,1269,0,0,0,0,0,866,356,37,10,1269,0,0,0,1269
03/28/2014,MSP,MN,AGL,CE,Towers with Radar,860,356,23,1,1240,0,0,0,0,0,860,356,23,1,1240,0,0,0,1240
03/29/2014,MSP,MN,AGL,CE,Towers with Radar,726,266,10,0,1002,0,0,0,0,0,726,266,10,0,1002,0,0,0,1002
03/30/2014,MSP,MN,AGL,CE,Towers with Radar,794,319,13,0,1126,0,0,0,0,0,794,319,13,0,1126,0,0,0,1126
03/31/2014,MSP,MN,AGL,CE,Towers with Radar,848,309,23,6,1186,0,0,0,0,0,848,309,23,6,1186,0,0,0,1186
04/01/2014,MSP,MN,AGL,CE,Towers with Radar,822,317,42,16,1197,0,0,0,0,0,822,317,42,16,1197,0,0,0,1197
04/02/2014,MSP,MN,AGL,CE,Towers with Radar,830,328,39,12,1209,0,0,2,0,2,830,328,41,12,1211,0,0,0,1211
04/03/2014,MSP,MN,AGL,CE,Towers with Radar,788,334,43,4,1169,0,0,0,0,0,788,334,43,4,1169,0,0,0,1169
04/04/2014,MSP,MN,AGL,CE,Towers with Radar,853,299,25,6,1183,0,0,0,0,0,853,299,25,6,1183,0,0,0,1183
04/05/2014,MSP,MN,AGL,CE,Towers with Radar,680,242,14,4,940,0,0,0,1,1,680,242,14,5,941,0,0,0,941
04/06/2014,MSP,MN,AGL,CE,Towers with Radar,770,299,11,4,1084,0,0,0,0,0,770,299,11,4,1084,0,0,0,1084
04/07/2014,MSP,MN,AGL,CE,Towers with Radar,828,311,25,6,1170,0,0,5,0,5,828,311,30,6,1175,0,0,0,1175
04/08/2014,MSP,MN,AGL,CE,Towers with Radar,835,329,41,17,1222,0,0,8,0,8,835,329,49,17,1230,0,0,0,1230
04/09/2014,MSP,MN,AGL,CE,Towers with Radar,829,335,29,7,1200,0,0,0,0,0,829,335,29,7,1200,0,0,0,1200
04/10/2014,MSP,MN,AGL,CE,Towers with Radar,845,327,53,10,1235,0,0,1,0,1,845,327,54,10,1236,0,0,0,1236
04/11/2014,MSP,MN,AGL,CE,Towers with Radar,840,345,28,15,1228,0,0,1,0,1,840,345,29,15,1229,0,0,0,1229
04/12/2014,MSP,MN,AGL,CE,Towers with Radar,650,232,6,15,903,0,0,0,1,1,650,232,6,16,904,0,0,0,904
04/13/2014,MSP,MN,AGL,CE,Towers with Radar,773,290,13,0,1076,0,0,1,0,1,773,290,14,0,1077,0,0,0,1077
04/14/2014,MSP,MN,AGL,CE,Towers with Radar,825,309,33,11,1178,0,0,1,0,1,825,309,34,11,1179,0,0,0,1179
04/15/2014,MSP,MN,AGL,CE,Towers with Radar,805,316,50,11,1182,0,0,4,0,4,805,316,54,11,1186,0,0,0,1186
04/16/2014,MSP,MN,AGL,CE,Towers with Radar,823,333,58,10,1224,0,0,0,0,0,823,333,58,10,1224,0,0,0,1224
04/17/2014,MSP,MN,AGL,CE,Towers with Radar,844,343,45,7,1239,0,0,1,0,1,844,343,46,7,1240,0,0,0,1240
04/18/2014,MSP,MN,AGL,CE,Towers with Radar,777,296,19,3,1095,0,0,1,0,1,777,296,20,3,1096,0,0,0,1096
04/19/2014,MSP,MN,AGL,CE,Towers with Radar,560,206,0,0,766,0,0,0,0,0,560,206,0,0,766,0,0,0,766
04/20/2014,MSP,MN,AGL,CE,Towers with Radar,671,246,10,0,927,0,0,0,0,0,671,246,10,0,927,0,0,0,927
04/21/2014,MSP,MN,AGL,CE,Towers with Radar,830,327,43,6,1206,0,0,2,1,3,830,327,45,7,1209,0,0,0,1209
04/22/2014,MSP,MN,AGL,CE,Towers with Radar,803,336,39,12,1190,0,0,16,0,16,803,336,55,12,1206,0,0,0,1206
04/23/2014,MSP,MN,AGL,CE,Towers with Radar,810,333,41,12,1196,0,0,1,0,1,810,333,42,12,1197,0,0,0,1197
04/24/2014,MSP,MN,AGL,CE,Towers with Radar,845,340,32,8,1225,0,0,0,0,0,845,340,32,8,1225,0,0,0,1225
04/25/2014,MSP,MN,AGL,CE,Towers with Radar,837,343,35,5,1220,0,2,0,0,2,837,345,35,5,1222,0,0,0,1222
04/26/2014,MSP,MN,AGL,CE,Towers with Radar,635,227,8,3,873,0,0,0,0,0,635,227,8,3,873,0,0,0,873
04/27/2014,MSP,MN,AGL,CE,Towers with Radar,769,296,18,2,1085,0,0,0,0,0,769,296,18,2,1085,0,0,0,1085
04/28/2014,MSP,MN,AGL,CE,Towers with Radar,831,305,50,8,1194,0,0,0,0,0,831,305,50,8,1194,0,0,0,1194
04/29/2014,MSP,MN,AGL,CE,Towers with Radar,816,322,37,10,1185,0,0,0,0,0,816,322,37,10,1185,0,0,0,1185
04/30/2014,MSP,MN,AGL,CE,Towers with Radar,816,343,43,10,1212,0,0,0,0,0,816,343,43,10,1212,0,0,0,1212
05/01/2014,MSP,MN,AGL,CE,Towers with Radar,838,352,43,8,1241,0,0,0,0,0,838,352,43,8,1241,0,0,0,1241
05/02/2014,MSP,MN,AGL,CE,Towers with Radar,842,339,29,9,1219,0,0,0,0,0,842,339,29,9,1219,0,0,0,1219
05/03/2014,MSP,MN,AGL,CE,Towers with Radar,601,228,5,5,839,0,0,0,0,0,601,228,5,5,839,0,0,0,839
05/04/2014,MSP,MN,AGL,CE,Towers with Radar,784,309,11,9,1113,0,0,1,0,1,784,309,12,9,1114,0,0,0,1114
05/05/2014,MSP,MN,AGL,CE,Towers with Radar,825,311,35,9,1180,0,2,16,0,18,825,313,51,9,1198,0,0,0,1198
05/06/2014,MSP,MN,AGL,CE,Towers with Radar,814,333,37,14,1198,0,2,0,0,2,814,335,37,14,1200,0,0,0,1200
05/07/2014,MSP,MN,AGL,CE,Towers with Radar,832,339,52,13,1236,0,0,0,0,0,832,339,52,13,1236,0,0,0,1236
05/08/2014,MSP,MN,AGL,CE,Towers with Radar,833,330,47,10,1220,0,0,0,0,0,833,330,47,10,1220,0,0,0,1220
05/09/2014,MSP,MN,AGL,CE,Towers with Radar,855,330,17,7,1209,0,0,0,0,0,855,330,17,7,1209,0,0,0,1209
05/10/2014,MSP,MN,AGL,CE,Towers with Radar,554,206,3,2,765,0,0,6,0,6,554,206,9,2,771,0,0,0,771
05/11/2014,MSP,MN,AGL,CE,Towers with Radar,701,242,10,0,953,0,0,15,0,15,701,242,25,0,968,0,0,0,968
05/12/2014,MSP,MN,AGL,CE,Towers with Radar,827,308,48,8,1191,0,0,0,0,0,827,308,48,8,1191,0,0,0,1191
05/13/2014,MSP,MN,AGL,CE,Towers with Radar,827,316,42,10,1195,0,0,2,0,2,827,316,44,10,1197,0,0,0,1197
05/14/2014,MSP,MN,AGL,CE,Towers with Radar,822,345,54,12,1233,0,0,5,0,5,822,345,59,12,1238,0,0,0,1238
05/15/2014,MSP,MN,AGL,CE,Towers with Radar,848,335,45,8,1236,0,0,0,0,0,848,335,45,8,1236,0,0,0,1236
05/16/2014,MSP,MN,AGL,CE,Towers with Radar,858,317,35,10,1220,0,0,5,1,6,858,317,40,11,1226,0,0,0,1226
05/17/2014,MSP,MN,AGL,CE,Towers with Radar,625,216,12,6,859,0,0,1,0,1,625,216,13,6,860,0,0,0,860
05/18/2014,MSP,MN,AGL,CE,Towers with Radar,776,284,16,2,1078,0,0,0,0,0,776,284,16,2,1078,0,0,0,1078
05/19/2014,MSP,MN,AGL,CE,Towers with Radar,834,304,40,11,1189,0,0,0,0,0,834,304,40,11,1189,0,0,0,1189
05/20/2014,MSP,MN,AGL,CE,Towers with Radar,827,313,47,13,1200,0,0,4,0,4,827,313,51,13,1204,0,0,0,1204
05/21/2014,MSP,MN,AGL,CE,Towers with Radar,834,338,33,13,1218,0,0,3,1,4,834,338,36,14,1222,0,0,0,1222
05/22/2014,MSP,MN,AGL,CE,Towers with Radar,861,326,28,5,1220,0,0,17,0,17,861,326,45,5,1237,0,0,0,1237
05/23/2014,MSP,MN,AGL,CE,Towers with Radar,858,321,21,0,1200,0,0,21,0,21,858,321,42,0,1221,0,0,0,1221
05/24/2014,MSP,MN,AGL,CE,Towers with Radar,585,203,7,2,797,0,0,2,0,2,585,203,9,2,799,0,0,0,799
05/25/2014,MSP,MN,AGL,CE,Towers with Radar,578,204,7,1,790,0,0,2,0,2,578,204,9,1,792,0,0,0,792
05/26/2014,MSP,MN,AGL,CE,Towers with Radar,738,255,4,1,998,0,0,2,0,2,738,255,6,1,1000,0,0,0,1000
05/27/2014,MSP,MN,AGL,CE,Towers with Radar,815,306,30,11,1162,0,0,3,0,3,815,306,33,11,1165,0,0,0,1165
05/28/2014,MSP,MN,AGL,CE,Towers with Radar,842,328,52,11,1233,0,0,7,1,8,842,328,59,12,1241,0,0,0,1241
05/29/2014,MSP,MN,AGL,CE,Towers with Radar,861,332,29,15,1237,0,0,2,0,2,861,332,31,15,1239,0,0,0,1239
05/30/2014,MSP,MN,AGL,CE,Towers with Radar,849,324,25,10,1208,0,0,0,1,1,849,324,25,11,1209,0,0,0,1209
05/31/2014,MSP,MN,AGL,CE,Towers with Radar,626,217,6,3,852,0,0,0,0,0,626,217,6,3,852,0,0,0,852
06/01/2014,MSP,MN,AGL,CE,Towers with Radar,778,269,15,2,1064,0,0,1,0,1,778,269,16,2,1065,0,0,0,1065
06/02/2014,MSP,MN,AGL,CE,Towers with Radar,854,308,31,6,1199,0,0,0,0,0,854,308,31,6,1199,0,0,0,1199
06/03/2014,MSP,MN,AGL,CE,Towers with Radar,840,316,32,9,1197,0,0,19,0,19,840,316,51,9,1216,0,0,0,1216
06/04/2014,MSP,MN,AGL,CE,Towers with Radar,857,321,37,12,1227,0,2,9,0,11,857,323,46,12,1238,0,0,0,1238
06/05/2014,MSP,MN,AGL,CE,Towers with Radar,886,343,35,10,1274,0,0,1,0,1,886,343,36,10,1275,0,0,0,1275
06/06/2014,MSP,MN,AGL,CE,Towers with Radar,879,342,33,9,1263,0,0,6,0,6,879,342,39,9,1269,0,0,0,1269
06/07/2014,MSP,MN,AGL,CE,Towers with Radar,748,249,12,2,1011,0,0,1,0,1,748,249,13,2,1012,0,0,0,1012
06/08/2014,MSP,MN,AGL,CE,Towers with Radar,831,311,15,9,1166,0,0,1,0,1,831,311,16,9,1167,0,0,0,1167
06/09/2014,MSP,MN,AGL,CE,Towers with Radar,859,332,47,9,1247,0,0,2,0,2,859,332,49,9,1249,0,0,0,1249
06/10/2014,MSP,MN,AGL,CE,Towers with Radar,876,311,43,19,1249,0,2,8,1,11,876,313,51,20,1260,0,0,0,1260
06/11/2014,MSP,MN,AGL,CE,Towers with Radar,871,335,42,13,1261,0,0,1,0,1,871,335,43,13,1262,0,0,0,1262
06/12/2014,MSP,MN,AGL,CE,Towers with Radar,875,337,38,15,1265,0,0,1,1,2,875,337,39,16,1267,0,0,0,1267
06/13/2014,MSP,MN,AGL,CE,Towers with Radar,867,341,33,9,1250,0,0,2,0,2,867,341,35,9,1252,0,0,0,1252
06/14/2014,MSP,MN,AGL,CE,Towers with Radar,710,233,9,14,966,0,0,0,0,0,710,233,9,14,966,0,0,0,966
06/15/2014,MSP,MN,AGL,CE,Towers with Radar,841,310,14,6,1171,0,0,0,0,0,841,310,14,6,1171,0,0,0,1171
06/16/2014,MSP,MN,AGL,CE,Towers with Radar,879,318,45,3,1245,0,1,1,0,2,879,319,46,3,1247,0,0,0,1247
06/17/2014,MSP,MN,AGL,CE,Towers with Radar,900,311,52,15,1278,0,0,8,0,8,900,311,60,15,1286,0,0,0,1286
06/18/2014,MSP,MN,AGL,CE,Towers with Radar,866,331,58,13,1268,0,0,1,0,1,866,331,59,13,1269,0,0,0,1269
06/19/2014,MSP,MN,AGL,CE,Towers with Radar,851,289,37,0,1177,0,0,0,0,0,851,289,37,0,1177,0,0,0,1177
06/20/2014,MSP,MN,AGL,CE,Towers with Radar,908,323,22,4,1257,0,0,16,0,16,908,323,38,4,1273,0,0,0,1273
06/21/2014,MSP,MN,AGL,CE,Towers with Radar,744,243,6,11,1004,0,0,4,0,4,744,243,10,11,1008,0,0,0,1008
06/22/2014,MSP,MN,AGL,CE,Towers with Radar,836,322,19,0,1177,0,2,0,0,2,836,324,19,0,1179,0,0,0,1179
06/23/2014,MSP,MN,AGL,CE,Towers with Radar,900,324,53,12,1289,0,0,4,0,4,900,324,57,12,1293,0,0,0,1293
06/24/2014,MSP,MN,AGL,CE,Towers with Radar,894,322,57,16,1289,0,1,4,0,5,894,323,61,16,1294,0,0,0,1294
06/25/2014,MSP,MN,AGL,CE,Towers with Radar,884,337,67,12,1300,0,0,0,0,0,884,337,67,12,1300,0,0,0,1300
06/26/2014,MSP,MN,AGL,CE,Towers with Radar,924,343,29,1,1297,0,3,5,0,8,924,346,34,1,1305,0,0,0,1305
06/27/2014,MSP,MN,AGL,CE,Towers with Radar,903,335,22,7,1267,0,0,0,0,0,903,335,22,7,1267,0,0,0,1267
06/28/2014,MSP,MN,AGL,CE,Towers with Radar,731,257,12,3,1003,0,0,0,0,0,731,257,12,3,1003,0,0,0,1003
06/29/2014,MSP,MN,AGL,CE,Towers with Radar,789,257,23,0,1069,0,0,1,1,2,789,257,24,1,1071,0,0,0,1071
06/30/2014,MSP,MN,AGL,CE,Towers with Radar,829,272,39,2,1142,0,0,2,0,2,829,272,41,2,1144,0,0,0,1144
07/01/2014,MSP,MN,AGL,CE,Towers with Radar,758,249,34,10,1051,0,0,1,0,1,758,249,35,10,1052,0,0,0,1052
07/02/2014,MSP,MN,AGL,CE,Towers with Radar,876,350,36,9,1271,0,0,8,0,8,876,350,44,9,1279,0,0,0,1279
07/03/2014,MSP,MN,AGL,CE,Towers with Radar,893,353,13,2,1261,0,0,7,0,7,893,353,20,2,1268,0,0,0,1268
07/04/2014,MSP,MN,AGL,CE,Towers with Radar,571,160,7,0,738,0,0,2,0,2,571,160,9,0,740,0,0,0,740
07/05/2014,MSP,MN,AGL,CE,Towers with Radar,653,227,12,0,892,0,0,4,0,4,653,227,16,0,896,0,0,0,896
07/06/2014,MSP,MN,AGL,CE,Towers with Radar,854,327,16,2,1199,0,0,2,0,2,854,327,18,2,1201,0,0,0,1201
07/07/2014,MSP,MN,AGL,CE,Towers with Radar,902,317,37,3,1259,0,0,1,0,1,902,317,38,3,1260,0,0,0,1260
07/08/2014,MSP,MN,AGL,CE,Towers with Radar,881,288,35,12,1216,0,0,1,1,2,881,288,36,13,1218,0,0,0,1218
07/09/2014,MSP,MN,AGL,CE,Towers with Radar,902,334,44,14,1294,0,0,1,2,3,902,334,45,16,1297,0,0,0,1297
07/10/2014,MSP,MN,AGL,CE,Towers with Radar,913,347,45,3,1308,0,1,3,1,5,913,348,48,4,1313,0,0,0,1313
07/11/2014,MSP,MN,AGL,CE,Towers with Radar,906,353,29,12,1300,0,0,3,0,3,906,353,32,12,1303,0,0,0,1303
07/12/2014,MSP,MN,AGL,CE,Towers with Radar,760,247,6,5,1018,0,0,0,0,0,760,247,6,5,1018,0,0,0,1018
07/13/2014,MSP,MN,AGL,CE,Towers with Radar,860,328,50,8,1246,0,0,1,0,1,860,328,51,8,1247,0,0,0,1247
07/14/2014,MSP,MN,AGL,CE,Towers with Radar,891,339,38,10,1278,0,0,4,0,4,891,339,42,10,1282,0,0,0,1282
07/15/2014,MSP,MN,AGL,CE,Towers with Radar,881,324,53,14,1272,0,0,9,0,9,881,324,62,14,1281,0,0,0,1281
07/16/2014,MSP,MN,AGL,CE,Towers with Radar,909,333,53,16,1311,0,0,4,0,4,909,333,57,16,1315,0,0,0,1315
07/17/2014,MSP,MN,AGL,CE,Towers with Radar,918,347,36,14,1315,0,0,2,0,2,918,347,38,14,1317,0,0,0,1317
07/18/2014,MSP,MN,AGL,CE,Towers with Radar,912,336,31,9,1288,0,1,1,0,2,912,337,32,9,1290,0,0,0,1290
07/19/2014,MSP,MN,AGL,CE,Towers with Radar,762,248,13,14,1037,0,0,0,0,0,762,248,13,14,1037,0,0,0,1037
07/20/2014,MSP,MN,AGL,CE,Towers with Radar,860,305,19,3,1187,0,0,2,0,2,860,305,21,3,1189,0,0,0,1189
07/21/2014,MSP,MN,AGL,CE,Towers with Radar,906,336,41,4,1287,0,0,0,0,0,906,336,41,4,1287,0,0,0,1287
07/22/2014,MSP,MN,AGL,CE,Towers with Radar,890,315,49,12,1266,0,0,0,0,0,890,315,49,12,1266,0,0,0,1266
07/23/2014,MSP,MN,AGL,CE,Towers with Radar,881,338,48,16,1283,0,0,17,0,17,881,338,65,16,1300,0,0,0,1300
07/24/2014,MSP,MN,AGL,CE,Towers with Radar,919,363,42,14,1338,0,0,3,0,3,919,363,45,14,1341,0,0,0,1341
07/25/2014,MSP,MN,AGL,CE,Towers with Radar,918,345,27,10,1300,0,0,0,0,0,918,345,27,10,1300,0,0,0,1300
07/26/2014,MSP,MN,AGL,CE,Towers with Radar,761,237,6,3,1007,0,0,1,0,1,761,237,7,3,1008,0,0,0,1008
07/27/2014,MSP,MN,AGL,CE,Towers with Radar,863,287,15,4,1169,0,0,1,0,1,863,287,16,4,1170,0,0,0,1170
07/28/2014,MSP,MN,AGL,CE,Towers with Radar,905,327,53,10,1295,0,0,4,0,4,905,327,57,10,1299,0,0,0,1299
07/29/2014,MSP,MN,AGL,CE,Towers with Radar,892,297,53,15,1257,0,0,1,0,1,892,297,54,15,1258,0,0,0,1258
07/30/2014,MSP,MN,AGL,CE,Towers with Radar,899,340,43,11,1293,0,0,11,0,11,899,340,54,11,1304,0,0,0,1304
07/31/2014,MSP,MN,AGL,CE,Towers with Radar,922,352,39,9,1322,0,1,13,0,14,922,353,52,9,1336,0,0,0,1336
08/01/2014,MSP,MN,AGL,CE,Towers with Radar,918,330,28,10,1286,0,0,1,0,1,918,330,29,10,1287,0,0,0,1287
08/02/2014,MSP,MN,AGL,CE,Towers with Radar,760,242,19,6,1027,0,0,19,0,19,760,242,38,6,1046,0,0,0,1046
08/03/2014,MSP,MN,AGL,CE,Towers with Radar,871,275,12,8,1166,0,0,0,0,0,871,275,12,8,1166,0,0,0,1166
08/04/2014,MSP,MN,AGL,CE,Towers with Radar,920,313,35,6,1274,0,0,2,0,2,920,313,37,6,1276,0,0,0,1276
08/05/2014,MSP,MN,AGL,CE,Towers with Radar,907,298,51,19,1275,0,2,3,0,5,907,300,54,19,1280,0,0,0,1280
08/06/2014,MSP,MN,AGL,CE,Towers with Radar,919,315,51,14,1299,0,0,2,0,2,919,315,53,14,1301,0,0,0,1301
08/07/2014,MSP,MN,AGL,CE,Towers with Radar,934,340,46,18,1338,0,0,0,0,0,934,340,46,18,1338,0,0,0,1338
08/08/2014,MSP,MN,AGL,CE,Towers with Radar,910,325,22,17,1274,0,0,0,1,1,910,325,22,18,1275,0,0,0,1275
08/09/2014,MSP,MN,AGL,CE,Towers with Radar,764,234,9,9,1016,0,0,0,0,0,764,234,9,9,1016,0,0,0,1016
08/10/2014,MSP,MN,AGL,CE,Towers with Radar,881,287,18,5,1191,0,0,1,0,1,881,287,19,5,1192,0,0,0,1192
08/11/2014,MSP,MN,AGL,CE,Towers with Radar,913,301,41,5,1260,0,0,0,0,0,913,301,41,5,1260,0,0,0,1260
08/12/2014,MSP,MN,AGL,CE,Towers with Radar,899,291,49,6,1245,0,0,0,0,0,899,291,49,6,1245,0,0,0,1245
08/13/2014,MSP,MN,AGL,CE,Towers with Radar,915,327,60,14,1316,0,0,1,0,1,915,327,61,14,1317,0,0,0,1317
08/14/2014,MSP,MN,AGL,CE,Towers with Radar,934,331,44,14,1323,0,0,2,0,2,934,331,46,14,1325,0,0,0,1325
08/15/2014,MSP,MN,AGL,CE,Towers with Radar,929,315,22,8,1274,0,0,0,0,0,929,315,22,8,1274,0,0,0,1274
08/16/2014,MSP,MN,AGL,CE,Towers with Radar,764,250,12,6,1032,0,0,1,0,1,764,250,13,6,1033,0,0,0,1033
08/17/2014,MSP,MN,AGL,CE,Towers with Radar,850,289,13,3,1155,0,0,0,1,1,850,289,13,4,1156,0,0,0,1156
08/18/2014,MSP,MN,AGL,CE,Towers with Radar,911,319,37,11,1278,0,0,0,0,0,911,319,37,11,1278,0,0,0,1278
08/19/2014,MSP,MN,AGL,CE,Towers with Radar,885,294,39,12,1230,0,0,2,1,3,885,294,41,13,1233,0,0,0,1233
08/20/2014,MSP,MN,AGL,CE,Towers with Radar,886,315,30,13,1244,0,0,3,1,4,886,315,33,14,1248,0,0,0,1248
08/21/2014,MSP,MN,AGL,CE,Towers with Radar,915,334,39,8,1296,0,0,1,1,2,915,334,40,9,1298,0,0,0,1298
08/22/2014,MSP,MN,AGL,CE,Towers with Radar,909,329,29,11,1278,0,0,1,0,1,909,329,30,11,1279,0,0,0,1279
08/23/2014,MSP,MN,AGL,CE,Towers with Radar,731,207,10,3,951,0,0,0,0,0,731,207,10,3,951,0,0,0,951
08/24/2014,MSP,MN,AGL,CE,Towers with Radar,865,272,24,3,1164,0,0,1,0,1,865,272,25,3,1165,0,0,0,1165
08/25/2014,MSP,MN,AGL,CE,Towers with Radar,884,306,33,12,1235,0,0,1,0,1,884,306,34,12,1236,0,0,0,1236
08/26/2014,MSP,MN,AGL,CE,Towers with Radar,885,291,49,12,1237,0,0,13,0,13,885,291,62,12,1250,0,0,0,1250
08/27/2014,MSP,MN,AGL,CE,Towers with Radar,880,320,50,7,1257,0,0,8,0,8,880,320,58,7,1265,0,0,0,1265
08/28/2014,MSP,MN,AGL,CE,Towers with Radar,908,335,44,6,1293,0,0,6,0,6,908,335,50,6,1299,0,0,0,1299
08/29/2014,MSP,MN,AGL,CE,Towers with Radar,888,334,22,4,1248,0,0,0,0,0,888,334,22,4,1248,0,0,0,1248
08/30/2014,MSP,MN,AGL,CE,Towers with Radar,603,179,5,0,787,0,0,0,0,0,603,179,5,0,787,0,0,0,787
08/31/2014,MSP,MN,AGL,CE,Towers with Radar,598,185,4,1,788,0,1,0,0,1,598,186,4,1,789,0,0,0,789
09/01/2014,MSP,MN,AGL,CE,Towers with Radar,795,249,7,0,1051,0,0,2,0,2,795,249,9,0,1053,0,0,0,1053
09/02/2014,MSP,MN,AGL,CE,Towers with Radar,843,272,27,3,1145,0,0,1,0,1,843,272,28,3,1146,0,0,0,1146
09/03/2014,MSP,MN,AGL,CE,Towers with Radar,721,252,52,0,1025,0,0,0,0,0,721,252,52,0,1025,0,0,0,1025
09/04/2014,MSP,MN,AGL,CE,Towers with Radar,753,249,46,2,1050,0,0,12,0,12,753,249,58,2,1062,0,0,0,1062
09/05/2014,MSP,MN,AGL,CE,Towers with Radar,716,253,21,5,995,0,0,6,0,6,716,253,27,5,1001,0,0,0,1001
09/06/2014,MSP,MN,AGL,CE,Towers with Radar,596,149,11,9,765,0,0,2,0,2,596,149,13,9,767,0,0,0,767
09/07/2014,MSP,MN,AGL,CE,Towers with Radar,831,245,13,2,1091,0,0,1,0,1,831,245,14,2,1092,0,0,0,1092
09/08/2014,MSP,MN,AGL,CE,Towers with Radar,890,278,26,1,1195,0,0,1,0,1,890,278,27,1,1196,0,0,0,1196
09/09/2014,MSP,MN,AGL,CE,Towers with Radar,846,282,29,9,1166,0,0,1,0,1,846,282,30,9,1167,0,0,0,1167
09/10/2014,MSP,MN,AGL,CE,Towers with Radar,862,284,40,7,1193,0,0,1,0,1,862,284,41,7,1194,0,0,0,1194
09/11/2014,MSP,MN,AGL,CE,Towers with Radar,895,297,32,2,1226,0,0,3,0,3,895,297,35,2,1229,0,0,0,1229
09/12/2014,MSP,MN,AGL,CE,Towers with Radar,886,297,30,5,1218,0,0,0,0,0,886,297,30,5,1218,0,0,0,1218
09/13/2014,MSP,MN,AGL,CE,Towers with Radar,649,165,14,4,832,0,0,0,0,0,649,165,14,4,832,0,0,0,832
09/14/2014,MSP,MN,AGL,CE,Towers with Radar,833,259,19,9,1120,0,0,3,0,3,833,259,22,9,1123,0,0,0,1123
09/15/2014,MSP,MN,AGL,CE,Towers with Radar,873,271,37,2,1183,0,1,16,0,17,873,272,53,2,1200,0,0,0,1200
09/16/2014,MSP,MN,AGL,CE,Towers with Radar,842,280,32,8,1162,0,0,10,0,10,842,280,42,8,1172,0,0,0,1172
09/17/2014,MSP,MN,AGL,CE,Towers with Radar,854,312,39,7,1212,0,0,2,0,2,854,312,41,7,1214,0,0,0,1214
09/18/2014,MSP,MN,AGL,CE,Towers with Radar,882,315,52,8,1257,0,0,1,0,1,882,315,53,8,1258,0,0,0,1258
09/19/2014,MSP,MN,AGL,CE,Towers with Radar,872,300,23,10,1205,0,0,1,0,1,872,300,24,10,1206,0,0,0,1206
09/20/2014,MSP,MN,AGL,CE,Towers with Radar,641,177,15,9,842,0,0,0,0,0,641,177,15,9,842,0,0,0,842
09/21/2014,MSP,MN,AGL,CE,Towers with Radar,849,262,18,3,1132,0,0,0,0,0,849,262,18,3,1132,0,0,0,1132
09/22/2014,MSP,MN,AGL,CE,Towers with Radar,882,275,31,11,1199,0,0,0,1,1,882,275,31,12,1200,0,0,0,1200
09/23/2014,MSP,MN,AGL,CE,Towers with Radar,836,278,53,14,1181,0,0,0,0,0,836,278,53,14,1181,0,0,0,1181
09/24/2014,MSP,MN,AGL,CE,Towers with Radar,861,314,40,8,1223,0,1,1,0,2,861,315,41,8,1225,0,0,0,1225
09/25/2014,MSP,MN,AGL,CE,Towers with Radar,866,310,42,1,1219,0,1,0,0,1,866,311,42,1,1220,0,0,0,1220
09/26/2014,MSP,MN,AGL,CE,Towers with Radar,778,282,25,2,1087,0,2,2,0,4,778,284,27,2,1091,0,0,0,1091
09/27/2014,MSP,MN,AGL,CE,Towers with Radar,628,179,7,1,815,0,1,1,0,2,628,180,8,1,817,0,0,0,817
09/28/2014,MSP,MN,AGL,CE,Towers with Radar,819,255,21,1,1096,0,3,3,0,6,819,258,24,1,1102,0,0,0,1102
09/29/2014,MSP,MN,AGL,CE,Towers with Radar,879,271,43,0,1193,0,6,0,0,6,879,277,43,0,1199,0,0,0,1199
09/30/2014,MSP,MN,AGL,CE,Towers with Radar,840,280,68,9,1197,0,6,1,0,7,840,286,69,9,1204,0,0,0,1204
10/01/2014,MSP,MN,AGL,CE,Towers with Radar,848,285,49,11,1193,0,4,1,0,5,848,289,50,11,1198,0,0,0,1198
10/02/2014,MSP,MN,AGL,CE,Towers with Radar,859,296,37,7,1199,2,3,1,0,6,861,299,38,7,1205,0,0,0,1205
10/03/2014,MSP,MN,AGL,CE,Towers with Radar,875,280,28,8,1191,1,5,0,0,6,876,285,28,8,1197,0,0,0,1197
10/04/2014,MSP,MN,AGL,CE,Towers with Radar,654,149,9,2,814,0,2,1,0,3,654,151,10,2,817,0,0,0,817
10/05/2014,MSP,MN,AGL,CE,Towers with Radar,826,230,18,5,1079,0,2,2,0,4,826,232,20,5,1083,0,0,0,1083
10/06/2014,MSP,MN,AGL,CE,Towers with Radar,871,253,30,5,1159,1,4,1,0,6,872,257,31,5,1165,0,0,0,1165
10/07/2014,MSP,MN,AGL,CE,Towers with Radar,855,279,27,7,1168,0,2,4,1,7,855,281,31,8,1175,0,0,0,1175
10/08/2014,MSP,MN,AGL,CE,Towers with Radar,866,278,36,9,1189,0,2,2,0,4,866,280,38,9,1193,0,0,0,1193
10/09/2014,MSP,MN,AGL,CE,Towers with Radar,884,298,40,6,1228,0,2,3,0,5,884,300,43,6,1233,0,0,0,1233
10/10/2014,MSP,MN,AGL,CE,Towers with Radar,875,290,21,0,1186,0,3,1,0,4,875,293,22,0,1190,0,0,0,1190
10/11/2014,MSP,MN,AGL,CE,Towers with Radar,653,153,10,3,819,0,0,0,0,0,653,153,10,3,819,0,0,0,819
10/12/2014,MSP,MN,AGL,CE,Towers with Radar,827,229,15,0,1071,0,2,1,0,3,827,231,16,0,1074,0,0,0,1074
10/13/2014,MSP,MN,AGL,CE,Towers with Radar,873,265,29,1,1168,0,0,1,0,1,873,265,30,1,1169,0,0,0,1169
10/14/2014,MSP,MN,AGL,CE,Towers with Radar,846,289,46,1,1182,0,2,1,0,3,846,291,47,1,1185,0,0,0,1185
10/15/2014,MSP,MN,AGL,CE,Towers with Radar,876,315,58,11,1260,0,0,1,0,1,876,315,59,11,1261,0,0,0,1261
10/16/2014,MSP,MN,AGL,CE,Towers with Radar,895,291,34,5,1225,0,0,4,0,4,895,291,38,5,1229,0,0,0,1229
10/17/2014,MSP,MN,AGL,CE,Towers with Radar,876,283,26,5,1190,0,0,1,0,1,876,283,27,5,1191,0,0,0,1191
10/18/2014,MSP,MN,AGL,CE,Towers with Radar,648,156,17,2,823,0,0,4,1,5,648,156,21,3,828,0,0,0,828
10/19/2014,MSP,MN,AGL,CE,Towers with Radar,835,245,34,2,1116,0,0,2,0,2,835,245,36,2,1118,0,0,0,1118
10/20/2014,MSP,MN,AGL,CE,Towers with Radar,882,265,32,2,1181,0,0,2,0,2,882,265,34,2,1183,0,0,0,1183
10/21/2014,MSP,MN,AGL,CE,Towers with Radar,856,281,32,6,1175,0,2,0,0,2,856,283,32,6,1177,0,0,0,1177
10/22/2014,MSP,MN,AGL,CE,Towers with Radar,870,278,41,9,1198,0,0,0,0,0,870,278,41,9,1198,0,0,0,1198
10/23/2014,MSP,MN,AGL,CE,Towers with Radar,891,299,35,13,1238,0,0,2,0,2,891,299,37,13,1240,0,0,0,1240
10/24/2014,MSP,MN,AGL,CE,Towers with Radar,879,288,27,4,1198,0,0,3,0,3,879,288,30,4,1201,0,0,0,1201
10/25/2014,MSP,MN,AGL,CE,Towers with Radar,638,158,15,3,814,1,2,0,0,3,639,160,15,3,817,0,0,0,817
10/26/2014,MSP,MN,AGL,CE,Towers with Radar,821,234,30,2,1087,0,0,0,0,0,821,234,30,2,1087,0,0,0,1087
10/27/2014,MSP,MN,AGL,CE,Towers with Radar,873,264,42,8,1187,0,0,3,0,3,873,264,45,8,1190,0,0,0,1190
10/28/2014,MSP,MN,AGL,CE,Towers with Radar,782,276,37,8,1103,0,0,7,0,7,782,276,44,8,1110,0,0,0,1110
10/29/2014,MSP,MN,AGL,CE,Towers with Radar,797,275,46,10,1128,0,0,11,0,11,797,275,57,10,1139,0,0,0,1139
10/30/2014,MSP,MN,AGL,CE,Towers with Radar,809,266,45,4,1124,0,0,8,0,8,809,266,53,4,1132,0,0,0,1132
10/31/2014,MSP,MN,AGL,CE,Towers with Radar,752,267,23,4,1046,0,0,1,0,1,752,267,24,4,1047,0,0,0,1047
11/01/2014,MSP,MN,AGL,CE,Towers with Radar,597,163,16,7,783,0,0,0,0,0,597,163,16,7,783,0,0,0,783
11/02/2014,MSP,MN,AGL,CE,Towers with Radar,793,241,18,13,1065,0,0,4,0,4,793,241,22,13,1069,0,0,0,1069
11/03/2014,MSP,MN,AGL,CE,Towers with Radar,852,276,41,8,1177,0,0,1,0,1,852,276,42,8,1178,0,0,0,1178
11/04/2014,MSP,MN,AGL,CE,Towers with Radar,776,251,35,9,1071,0,0,1,0,1,776,251,36,9,1072,0,0,0,1072
11/05/2014,MSP,MN,AGL,CE,Towers with Radar,842,316,33,4,1195,0,0,0,0,0,842,316,33,4,1195,0,0,0,1195
11/06/2014,MSP,MN,AGL,CE,Towers with Radar,864,302,26,9,1201,0,0,3,0,3,864,302,29,9,1204,0,0,0,1204
11/07/2014,MSP,MN,AGL,CE,Towers with Radar,861,290,20,5,1176,0,0,0,0,0,861,290,20,5,1176,0,0,0,1176
11/08/2014,MSP,MN,AGL,CE,Towers with Radar,635,156,8,1,800,0,0,0,0,0,635,156,8,1,800,0,0,0,800
11/09/2014,MSP,MN,AGL,CE,Towers with Radar,800,230,17,1,1048,0,0,2,0,2,800,230,19,1,1050,0,0,0,1050
11/10/2014,MSP,MN,AGL,CE,Towers with Radar,602,146,13,0,761,0,0,0,0,0,602,146,13,0,761,0,0,0,761
11/11/2014,MSP,MN,AGL,CE,Towers with Radar,855,282,45,0,1182,0,0,0,0,0,855,282,45,0,1182,0,0,0,1182
11/12/2014,MSP,MN,AGL,CE,Towers with Radar,851,298,33,4,1186,0,0,0,0,0,851,298,33,4,1186,0,0,0,1186
11/13/2014,MSP,MN,AGL,CE,Towers with Radar,878,292,39,11,1220,0,0,0,0,0,878,292,39,11,1220,0,0,0,1220
11/14/2014,MSP,MN,AGL,CE,Towers with Radar,859,279,35,5,1178,0,0,1,0,1,859,279,36,5,1179,0,0,0,1179
11/15/2014,MSP,MN,AGL,CE,Towers with Radar,635,169,2,4,810,0,0,0,0,0,635,169,2,4,810,0,0,0,810
11/16/2014,MSP,MN,AGL,CE,Towers with Radar,812,233,18,0,1063,0,0,0,0,0,812,233,18,0,1063,0,0,0,1063
11/17/2014,MSP,MN,AGL,CE,Towers with Radar,850,268,39,4,1161,0,0,1,0,1,850,268,40,4,1162,0,0,0,1162
11/18/2014,MSP,MN,AGL,CE,Towers with Radar,839,282,48,7,1176,0,0,0,0,0,839,282,48,7,1176,0,0,0,1176
11/19/2014,MSP,MN,AGL,CE,Towers with Radar,854,292,31,11,1188,0,1,0,0,1,854,293,31,11,1189,0,0,0,1189
11/20/2014,MSP,MN,AGL,CE,Towers with Radar,870,289,35,3,1197,0,0,2,1,3,870,289,37,4,1200,0,0,0,1200
11/21/2014,MSP,MN,AGL,CE,Towers with Radar,876,295,20,0,1191,0,0,2,0,2,876,295,22,0,1193,0,0,0,1193
11/22/2014,MSP,MN,AGL,CE,Towers with Radar,651,170,8,1,830,0,0,0,0,0,651,170,8,1,830,0,0,0,830
11/23/2014,MSP,MN,AGL,CE,Towers with Radar,722,187,13,0,922,0,0,0,0,0,722,187,13,0,922,0,0,0,922
11/24/2014,MSP,MN,AGL,CE,Towers with Radar,697,187,25,2,911,0,0,0,0,0,697,187,25,2,911,0,0,0,911
11/25/2014,MSP,MN,AGL,CE,Towers with Radar,879,294,28,11,1212,0,0,8,0,8,879,294,36,11,1220,0,0,0,1220
11/26/2014,MSP,MN,AGL,CE,Towers with Radar,891,291,18,0,1200,0,0,0,0,0,891,291,18,0,1200,0,0,0,1200
11/27/2014,MSP,MN,AGL,CE,Towers with Radar,480,133,3,0,616,0,0,0,0,0,480,133,3,0,616,0,0,0,616
11/28/2014,MSP,MN,AGL,CE,Towers with Radar,542,160,7,0,709,0,1,0,0,1,542,161,7,0,710,0,0,0,710
11/29/2014,MSP,MN,AGL,CE,Towers with Radar,811,258,9,0,1078,0,0,0,0,0,811,258,9,0,1078,0,0,0,1078
11/30/2014,MSP,MN,AGL,CE,Towers with Radar,875,272,24,0,1171,0,0,0,0,0,875,272,24,0,1171,0,0,0,1171
12/01/2014,MSP,MN,AGL,CE,Towers with Radar,881,272,37,4,1194,0,0,1,0,1,881,272,38,4,1195,0,0,0,1195
12/02/2014,MSP,MN,AGL,CE,Towers with Radar,837,247,44,8,1136,0,0,0,0,0,837,247,44,8,1136,0,0,0,1136
12/03/2014,MSP,MN,AGL,CE,Towers with Radar,819,271,34,9,1133,0,0,4,0,4,819,271,38,9,1137,0,0,0,1137
12/04/2014,MSP,MN,AGL,CE,Towers with Radar,853,280,37,8,1178,0,0,3,0,3,853,280,40,8,1181,0,0,0,1181
12/05/2014,MSP,MN,AGL,CE,Towers with Radar,830,266,27,2,1125,0,0,0,0,0,830,266,27,2,1125,0,0,0,1125
12/06/2014,MSP,MN,AGL,CE,Towers with Radar,566,154,10,1,731,0,0,0,0,0,566,154,10,1,731,0,0,0,731
12/07/2014,MSP,MN,AGL,CE,Towers with Radar,737,217,19,3,976,0,0,0,0,0,737,217,19,3,976,0,0,0,976
12/08/2014,MSP,MN,AGL,CE,Towers with Radar,819,243,25,8,1095,0,0,0,0,0,819,243,25,8,1095,0,0,0,1095
12/09/2014,MSP,MN,AGL,CE,Towers with Radar,805,256,40,10,1111,0,0,0,0,0,805,256,40,10,1111,0,0,0,1111
12/10/2014,MSP,MN,AGL,CE,Towers with Radar,819,263,33,8,1123,0,0,0,0,0,819,263,33,8,1123,0,0,0,1123
12/11/2014,MSP,MN,AGL,CE,Towers with Radar,838,258,39,6,1141,0,0,0,0,0,838,258,39,6,1141,0,0,0,1141
12/12/2014,MSP,MN,AGL,CE,Towers with Radar,858,261,34,11,1164,0,0,0,0,0,858,261,34,11,1164,0,0,0,1164
12/13/2014,MSP,MN,AGL,CE,Towers with Radar,571,133,6,2,712,0,0,0,0,0,571,133,6,2,712,0,0,0,712
12/14/2014,MSP,MN,AGL,CE,Towers with Radar,744,164,28,2,938,0,0,0,0,0,744,164,28,2,938,0,0,0,938
12/15/2014,MSP,MN,AGL,CE,Towers with Radar,834,238,33,10,1115,0,0,0,0,0,834,238,33,10,1115,0,0,0,1115
12/16/2014,MSP,MN,AGL,CE,Towers with Radar,828,249,49,8,1134,0,0,0,0,0,828,249,49,8,1134,0,0,0,1134
12/17/2014,MSP,MN,AGL,CE,Towers with Radar,847,280,59,5,1191,0,0,1,1,2,847,280,60,6,1193,0,0,0,1193
12/18/2014,MSP,MN,AGL,CE,Towers with Radar,855,254,39,12,1160,0,0,0,1,1,855,254,39,13,1161,0,0,0,1161
12/19/2014,MSP,MN,AGL,CE,Towers with Radar,855,268,44,2,1169,0,0,0,0,0,855,268,44,2,1169,0,0,0,1169
12/20/2014,MSP,MN,AGL,CE,Towers with Radar,783,277,9,0,1069,0,0,7,0,7,783,277,16,0,1076,0,0,0,1076
12/21/2014,MSP,MN,AGL,CE,Towers with Radar,849,259,4,0,1112,0,0,0,0,0,849,259,4,0,1112,0,0,0,1112
12/22/2014,MSP,MN,AGL,CE,Towers with Radar,817,250,15,9,1091,0,0,0,0,0,817,250,15,9,1091,0,0,0,1091
12/23/2014,MSP,MN,AGL,CE,Towers with Radar,835,267,9,6,1117,0,0,0,0,0,835,267,9,6,1117,0,0,0,1117
12/24/2014,MSP,MN,AGL,CE,Towers with Radar,645,216,4,0,865,0,0,0,0,0,645,216,4,0,865,0,0,0,865
12/25/2014,MSP,MN,AGL,CE,Towers with Radar,586,140,3,0,729,0,0,0,0,0,586,140,3,0,729,0,0,0,729
12/26/2014,MSP,MN,AGL,CE,Towers with Radar,853,279,15,0,1147,0,0,0,0,0,853,279,15,0,1147,0,0,0,1147
12/27/2014,MSP,MN,AGL,CE,Towers with Radar,797,247,18,0,1062,0,0,0,0,0,797,247,18,0,1062,0,0,0,1062
12/28/2014,MSP,MN,AGL,CE,Towers with Radar,851,239,8,0,1098,0,0,0,0,0,851,239,8,0,1098,0,0,0,1098
12/29/2014,MSP,MN,AGL,CE,Towers with Radar,796,217,14,3,1030,0,0,0,1,1,796,217,14,4,1031,0,0,0,1031
12/30/2014,MSP,MN,AGL,CE,Towers with Radar,814,252,12,9,1087,0,0,0,0,0,814,252,12,9,1087,0,0,0,1087
12/31/2014,MSP,MN,AGL,CE,Towers with Radar,669,205,3,0,877,0,0,0,0,0,669,205,3,0,877,0,0,0,877
01/01/2015,MSP,MN,AGL,CE,Towers with Radar,609,144,4,0,757,0,0,0,0,0,609,144,4,0,757,0,0,0,757
01/02/2015,MSP,MN,AGL,CE,Towers with Radar,856,276,9,0,1141,0,0,0,0,0,856,276,9,0,1141,0,0,0,1141
01/03/2015,MSP,MN,AGL,CE,Towers with Radar,797,269,17,3,1086,0,0,2,0,2,797,269,19,3,1088,0,0,0,1088
01/04/2015,MSP,MN,AGL,CE,Towers with Radar,833,244,17,0,1094,0,0,0,0,0,833,244,17,0,1094,0,0,0,1094
01/05/2015,MSP,MN,AGL,CE,Towers with Radar,795,242,35,1,1073,0,0,1,0,1,795,242,36,1,1074,0,0,0,1074
01/06/2015,MSP,MN,AGL,CE,Towers with Radar,765,254,28,12,1059,0,0,0,0,0,765,254,28,12,1059,0,0,0,1059
01/07/2015,MSP,MN,AGL,CE,Towers with Radar,781,258,34,9,1082,0,0,0,0,0,781,258,34,9,1082,0,0,0,1082
01/08/2015,MSP,MN,AGL,CE,Towers with Radar,779,260,36,1,1076,0,0,0,0,0,779,260,36,1,1076,0,0,0,1076
01/09/2015,MSP,MN,AGL,CE,Towers with Radar,786,269,34,5,1094,0,2,0,0,2,786,271,34,5,1096,0,0,0,1096
01/10/2015,MSP,MN,AGL,CE,Towers with Radar,591,148,19,1,759,0,0,0,0,0,591,148,19,1,759,0,0,0,759
01/11/2015,MSP,MN,AGL,CE,Towers with Radar,726,214,14,7,961,0,0,1,0,1,726,214,15,7,962,0,0,0,962
01/12/2015,MSP,MN,AGL,CE,Towers with Radar,790,262,12,11,1075,0,0,1,0,1,790,262,13,11,1076,0,0,0,1076
01/13/2015,MSP,MN,AGL,CE,Towers with Radar,752,260,55,14,1081,0,0,4,0,4,752,260,59,14,1085,0,0,0,1085
01/14/2015,MSP,MN,AGL,CE,Towers with Radar,773,274,37,13,1097,0,0,5,0,5,773,274,42,13,1102,0,0,0,1102
01/15/2015,MSP,MN,AGL,CE,Towers with Radar,810,291,46,9,1156,0,0,10,0,10,810,291,56,9,1166,0,0,0,1166
01/16/2015,MSP,MN,AGL,CE,Towers with Radar,826,283,24,2,1135,0,0,0,0,0,826,283,24,2,1135,0,0,0,1135
01/17/2015,MSP,MN,AGL,CE,Towers with Radar,564,136,12,0,712,0,0,1,0,1,564,136,13,0,713,0,0,0,713
01/18/2015,MSP,MN,AGL,CE,Towers with Radar,639,172,15,1,827,0,0,0,0,0,639,172,15,1,827,0,0,0,827
01/19/2015,MSP,MN,AGL,CE,Towers with Radar,783,248,34,3,1068,0,0,4,0,4,783,248,38,3,1072,0,0,0,1072
01/20/2015,MSP,MN,AGL,CE,Towers with Radar,761,230,38,4,1033,0,0,0,0,0,761,230,38,4,1033,0,0,0,1033
01/21/2015,MSP,MN,AGL,CE,Towers with Radar,789,252,26,4,1071,0,0,0,0,0,789,252,26,4,1071,0,0,0,1071
01/22/2015,MSP,MN,AGL,CE,Towers with Radar,822,270,36,5,1133,0,0,1,0,1,822,270,37,5,1134,0,0,0,1134
01/23/2015,MSP,MN,AGL,CE,Towers with Radar,824,277,37,1,1139,0,0,1,0,1,824,277,38,1,1140,0,0,0,1140
01/24/2015,MSP,MN,AGL,CE,Towers with Radar,583,147,12,0,742,0,0,0,0,0,583,147,12,0,742,0,0,0,742
01/25/2015,MSP,MN,AGL,CE,Towers with Radar,746,218,13,0,977,0,0,1,0,1,746,218,14,0,978,0,0,0,978
01/26/2015,MSP,MN,AGL,CE,Towers with Radar,779,244,40,9,1072,0,4,0,0,4,779,248,40,9,1076,0,0,0,1076
01/27/2015,MSP,MN,AGL,CE,Towers with Radar,714,240,38,18,1010,0,0,1,0,1,714,240,39,18,1011,0,0,0,1011
01/28/2015,MSP,MN,AGL,CE,Towers with Radar,786,258,41,9,1094,0,0,0,0,0,786,258,41,9,1094,0,0,0,1094
01/29/2015,MSP,MN,AGL,CE,Towers with Radar,820,279,36,7,1142,0,0,2,0,2,820,279,38,7,1144,0,0,0,1144
01/30/2015,MSP,MN,AGL,CE,Towers with Radar,816,279,41,4,1140,0,0,0,0,0,816,279,41,4,1140,0,0,0,1140
01/31/2015,MSP,MN,AGL,CE,Towers with Radar,590,131,14,1,736,0,0,0,0,0,590,131,14,1,736,0,0,0,736
02/01/2015,MSP,MN,AGL,CE,Towers with Radar,620,150,13,1,784,0,0,1,0,1,620,150,14,1,785,0,0,0,785
02/02/2015,MSP,MN,AGL,CE,Towers with Radar,721,257,34,1,1013,0,1,1,0,2,721,258,35,1,1015,0,0,0,1015
02/03/2015,MSP,MN,AGL,CE,Towers with Radar,782,234,33,10,1059,0,0,1,0,1,782,234,34,10,1060,0,0,0,1060
02/04/2015,MSP,MN,AGL,CE,Towers with Radar,788,270,46,13,1117,0,0,1,0,1,788,270,47,13,1118,0,0,0,1118
02/05/2015,MSP,MN,AGL,CE,Towers with Radar,830,265,36,11,1142,0,0,14,0,14,830,265,50,11,1156,0,0,0,1156
02/06/2015,MSP,MN,AGL,CE,Towers with Radar,826,275,34,8,1143,0,0,0,0,0,826,275,34,8,1143,0,0,0,1143
02/07/2015,MSP,MN,AGL,CE,Towers with Radar,603,133,4,2,742,0,0,0,0,0,603,133,4,2,742,0,0,0,742
02/08/2015,MSP,MN,AGL,CE,Towers with Radar,749,206,16,3,974,0,0,0,0,0,749,206,16,3,974,0,0,0,974
02/09/2015,MSP,MN,AGL,CE,Towers with Radar,814,222,31,4,1071,0,1,0,0,1,814,223,31,4,1072,0,0,0,1072
02/10/2015,MSP,MN,AGL,CE,Towers with Radar,787,242,43,0,1072,0,0,0,0,0,787,242,43,0,1072,0,0,0,1072
02/11/2015,MSP,MN,AGL,CE,Towers with Radar,829,260,52,15,1156,0,0,1,0,1,829,260,53,15,1157,0,0,0,1157
02/12/2015,MSP,MN,AGL,CE,Towers with Radar,859,263,33,14,1169,0,0,0,0,0,859,263,33,14,1169,0,0,0,1169
02/13/2015,MSP,MN,AGL,CE,Towers with Radar,841,284,27,7,1159,0,0,1,0,1,841,284,28,7,1160,0,0,0,1160
02/14/2015,MSP,MN,AGL,CE,Towers with Radar,591,157,3,1,752,0,0,0,0,0,591,157,3,1,752,0,0,0,752
02/15/2015,MSP,MN,AGL,CE,Towers with Radar,690,166,14,3,873,0,0,0,0,0,690,166,14,3,873,0,0,0,873
02/16/2015,MSP,MN,AGL,CE,Towers with Radar,808,258,39,5,1110,0,0,0,0,0,808,258,39,5,1110,0,0,0,1110
02/17/2015,MSP,MN,AGL,CE,Towers with Radar,818,256,43,10,1127,0,0,1,0,1,818,256,44,10,1128,0,0,0,1128
02/18/2015,MSP,MN,AGL,CE,Towers with Radar,834,276,48,16,1174,0,0,0,2,2,834,276,48,18,1176,0,0,0,1176
02/19/2015,MSP,MN,AGL,CE,Towers with Radar,851,283,37,11,1182,0,0,0,1,1,851,283,37,12,1183,0,0,0,1183
02/20/2015,MSP,MN,AGL,CE,Towers with Radar,850,275,33,4,1162,0,0,0,0,0,850,275,33,4,1162,0,0,0,1162
02/21/2015,MSP,MN,AGL,CE,Towers with Radar,583,154,5,1,743,0,0,0,0,0,583,154,5,1,743,0,0,0,743
02/22/2015,MSP,MN,AGL,CE,Towers with Radar,766,220,13,4,1003,0,0,1,0,1,766,220,14,4,1004,0,0,0,1004
02/23/2015,MSP,MN,AGL,CE,Towers with Radar,826,254,32,5,1117,0,0,0,0,0,826,254,32,5,1117,0,0,0,1117
02/24/2015,MSP,MN,AGL,CE,Towers with Radar,821,281,44,10,1156,0,0,1,0,1,821,281,45,10,1157,0,0,0,1157
02/25/2015,MSP,MN,AGL,CE,Towers with Radar,835,272,30,13,1150,0,0,0,0,0,835,272,30,13,1150,0,0,0,1150
02/26/2015,MSP,MN,AGL,CE,Towers with Radar,832,288,39,12,1171,0,0,1,1,2,832,288,40,13,1173,0,0,0,1173
02/27/2015,MSP,MN,AGL,CE,Towers with Radar,857,284,37,12,1190,0,0,1,0,1,857,284,38,12,1191,0,0,0,1191
02/28/2015,MSP,MN,AGL,CE,Towers with Radar,586,171,5,5,767,0,0,2,0,2,586,171,7,5,769,0,0,0,769
03/01/2015,MSP,MN,AGL,CE,Towers with Radar,757,223,15,0,995,0,0,0,0,0,757,223,15,0,995,0,0,0,995
03/02/2015,MSP,MN,AGL,CE,Towers with Radar,865,274,38,0,1177,0,0,1,0,1,865,274,39,0,1178,0,0,0,1178
03/03/2015,MSP,MN,AGL,CE,Towers with Radar,827,278,45,11,1161,0,0,2,0,2,827,278,47,11,1163,0,0,0,1163
03/04/2015,MSP,MN,AGL,CE,Towers with Radar,859,280,47,12,1198,0,0,0,0,0,859,280,47,12,1198,0,0,0,1198
03/05/2015,MSP,MN,AGL,CE,Towers with Radar,804,282,35,14,1135,0,0,1,0,1,804,282,36,14,1136,0,0,0,1136
03/06/2015,MSP,MN,AGL,CE,Towers with Radar,866,275,30,8,1179,0,0,3,0,3,866,275,33,8,1182,0,0,0,1182
03/07/2015,MSP,MN,AGL,CE,Towers with Radar,734,191,8,5,938,0,0,1,0,1,734,191,9,5,939,0,0,0,939
03/08/2015,MSP,MN,AGL,CE,Towers with Radar,825,226,11,8,1070,0,0,0,0,0,825,226,11,8,1070,0,0,0,1070
03/09/2015,MSP,MN,AGL,CE,Towers with Radar,892,255,36,9,1192,0,0,3,0,3,892,255,39,9,1195,0,0,0,1195
03/10/2015,MSP,MN,AGL,CE,Towers with Radar,873,269,39,19,1200,0,0,3,0,3,873,269,42,19,1203,0,0,0,1203
03/11/2015,MSP,MN,AGL,CE,Towers with Radar,864,284,38,11,1197,0,0,0,0,0,864,284,38,11,1197,0,0,0,1197
03/12/2015,MSP,MN,AGL,CE,Towers with Radar,890,275,47,11,1223,0,0,0,0,0,890,275,47,11,1223,0,0,0,1223
03/13/2015,MSP,MN,AGL,CE,Towers with Radar,882,272,27,6,1187,0,0,0,0,0,882,272,27,6,1187,0,0,0,1187
03/14/2015,MSP,MN,AGL,CE,Towers with Radar,750,191,0,6,947,0,1,3,0,4,750,192,3,6,951,0,0,0,951
03/15/2015,MSP,MN,AGL,CE,Towers with Radar,829,235,13,5,1082,0,0,1,0,1,829,235,14,5,1083,0,0,0,1083
03/16/2015,MSP,MN,AGL,CE,Towers with Radar,876,246,34,10,1166,0,0,0,0,0,876,246,34,10,1166,0,0,0,1166
03/17/2015,MSP,MN,AGL,CE,Towers with Radar,876,263,32,17,1188,0,1,0,0,1,876,264,32,17,1189,0,0,0,1189
03/18/2015,MSP,MN,AGL,CE,Towers with Radar,883,274,42,17,1216,0,0,5,0,5,883,274,47,17,1221,0,0,0,1221
03/19/2015,MSP,MN,AGL,CE,Towers with Radar,895,274,32,6,1207,0,0,0,0,0,895,274,32,6,1207,0,0,0,1207
03/20/2015,MSP,MN,AGL,CE,Towers with Radar,883,269,16,2,1170,0,0,3,0,3,883,269,19,2,1173,0,0,0,1173
03/21/2015,MSP,MN,AGL,CE,Towers with Radar,750,184,7,10,951,0,0,0,0,0,750,184,7,10,951,0,0,0,951
03/22/2015,MSP,MN,AGL,CE,Towers with Radar,849,236,15,2,1102,0,0,0,0,0,849,236,15,2,1102,0,0,0,1102
03/23/2015,MSP,MN,AGL,CE,Towers with Radar,862,247,36,5,1150,0,0,0,0,0,862,247,36,5,1150,0,0,0,1150
03/24/2015,MSP,MN,AGL,CE,Towers with Radar,871,256,27,16,1170,0,0,0,0,0,871,256,27,16,1170,0,0,0,1170
03/25/2015,MSP,MN,AGL,CE,Towers with Radar,880,278,36,8,1202,0,0,2,0,2,880,278,38,8,1204,0,0,0,1204
03/26/2015,MSP,MN,AGL,CE,Towers with Radar,892,270,38,11,1211,0,0,1,0,1,892,270,39,11,1212,0,0,0,1212
03/27/2015,MSP,MN,AGL,CE,Towers with Radar,900,279,24,8,1211,0,0,0,0,0,900,279,24,8,1211,0,0,0,1211
03/28/2015,MSP,MN,AGL,CE,Towers with Radar,748,184,10,3,945,0,0,2,0,2,748,184,12,3,947,0,0,0,947
03/29/2015,MSP,MN,AGL,CE,Towers with Radar,833,223,11,6,1073,0,0,0,0,0,833,223,11,6,1073,0,0,0,1073
03/30/2015,MSP,MN,AGL,CE,Towers with Radar,875,252,29,9,1165,0,0,2,0,2,875,252,31,9,1167,0,0,0,1167
03/31/2015,MSP,MN,AGL,CE,Towers with Radar,846,258,35,11,1150,0,0,0,0,0,846,258,35,11,1150,0,0,0,1150
04/01/2015,MSP,MN,AGL,CE,Towers with Radar,831,283,30,9,1153,0,0,1,0,1,831,283,31,9,1154,0,0,0,1154
04/02/2015,MSP,MN,AGL,CE,Towers with Radar,915,270,36,8,1229,0,0,4,0,4,915,270,40,8,1233,0,0,0,1233
04/03/2015,MSP,MN,AGL,CE,Towers with Radar,809,251,9,3,1072,0,1,0,1,2,809,252,9,4,1074,0,0,0,1074
04/04/2015,MSP,MN,AGL,CE,Towers with Radar,644,155,6,4,809,0,0,1,0,1,644,155,7,4,810,0,0,0,810
04/05/2015,MSP,MN,AGL,CE,Towers with Radar,719,175,7,2,903,0,0,0,0,0,719,175,7,2,903,0,0,0,903
04/06/2015,MSP,MN,AGL,CE,Towers with Radar,857,275,29,10,1171,0,0,0,0,0,857,275,29,10,1171,0,0,0,1171
04/07/2015,MSP,MN,AGL,CE,Towers with Radar,870,242,41,14,1167,0,0,0,0,0,870,242,41,14,1167,0,0,0,1167
04/08/2015,MSP,MN,AGL,CE,Towers with Radar,856,241,37,14,1148,0,0,0,0,0,856,241,37,14,1148,0,0,0,1148
04/09/2015,MSP,MN,AGL,CE,Towers with Radar,865,280,42,14,1201,0,0,0,0,0,865,280,42,14,1201,0,0,0,1201
04/10/2015,MSP,MN,AGL,CE,Towers with Radar,879,264,33,5,1181,0,0,1,0,1,879,264,34,5,1182,0,0,0,1182
04/11/2015,MSP,MN,AGL,CE,Towers with Radar,680,153,7,4,844,0,2,1,0,3,680,155,8,4,847,0,0,0,847
04/12/2015,MSP,MN,AGL,CE,Towers with Radar,827,198,16,10,1051,0,0,0,0,0,827,198,16,10,1051,0,0,0,1051
04/13/2015,MSP,MN,AGL,CE,Towers with Radar,850,240,22,9,1121,0,0,0,0,0,850,240,22,9,1121,0,0,0,1121
04/14/2015,MSP,MN,AGL,CE,Towers with Radar,849,234,34,13,1130,0,0,0,0,0,849,234,34,13,1130,0,0,0,1130
04/15/2015,MSP,MN,AGL,CE,Towers with Radar,854,251,45,13,1163,0,0,1,0,1,854,251,46,13,1164,0,0,0,1164
04/16/2015,MSP,MN,AGL,CE,Towers with Radar,868,264,52,3,1187,0,0,2,2,4,868,264,54,5,1191,0,0,0,1191
04/17/2015,MSP,MN,AGL,CE,Towers with Radar,867,254,36,6,1163,0,0,1,1,2,867,254,37,7,1165,0,0,0,1165
04/18/2015,MSP,MN,AGL,CE,Towers with Radar,655,158,6,8,827,0,0,0,0,0,655,158,6,8,827,0,0,0,827
04/19/2015,MSP,MN,AGL,CE,Towers with Radar,822,203,11,9,1045,0,0,0,0,0,822,203,11,9,1045,0,0,0,1045
04/20/2015,MSP,MN,AGL,CE,Towers with Radar,853,235,31,9,1128,0,0,7,0,7,853,235,38,9,1135,0,0,0,1135
04/21/2015,MSP,MN,AGL,CE,Towers with Radar,849,232,34,11,1126,0,0,0,0,0,849,232,34,11,1126,0,0,0,1126
04/22/2015,MSP,MN,AGL,CE,Towers with Radar,851,244,45,11,1151,0,0,1,1,2,851,244,46,12,1153,0,0,0,1153
04/23/2015,MSP,MN,AGL,CE,Towers with Radar,874,263,43,2,1182,0,0,0,0,0,874,263,43,2,1182,0,0,0,1182
04/24/2015,MSP,MN,AGL,CE,Towers with Radar,867,264,28,2,1161,0,0,0,0,0,867,264,28,2,1161,0,0,0,1161
04/25/2015,MSP,MN,AGL,CE,Towers with Radar,658,160,8,1,827,0,0,0,0,0,658,160,8,1,827,0,0,0,827
04/26/2015,MSP,MN,AGL,CE,Towers with Radar,807,211,18,4,1040,0,0,0,0,0,807,211,18,4,1040,0,0,0,1040
04/27/2015,MSP,MN,AGL,CE,Towers with Radar,853,245,41,5,1144,0,0,0,0,0,853,245,41,5,1144,0,0,0,1144
04/28/2015,MSP,MN,AGL,CE,Towers with Radar,835,231,61,12,1139,0,0,5,0,5,835,231,66,12,1144,0,0,0,1144
04/29/2015,MSP,MN,AGL,CE,Towers with Radar,858,251,43,11,1163,0,0,1,0,1,858,251,44,11,1164,0,0,0,1164
04/30/2015,MSP,MN,AGL,CE,Towers with Radar,866,267,37,11,1181,0,1,1,0,2,866,268,38,11,1183,0,0,0,1183
05/01/2015,MSP,MN,AGL,CE,Towers with Radar,860,271,31,10,1172,0,0,3,0,3,860,271,34,10,1175,0,0,0,1175
05/02/2015,MSP,MN,AGL,CE,Towers with Radar,643,141,3,4,791,0,1,0,0,1,643,142,3,4,792,0,0,0,792
05/03/2015,MSP,MN,AGL,CE,Towers with Radar,799,213,17,8,1037,0,0,0,0,0,799,213,17,8,1037,0,0,0,1037
05/04/2015,MSP,MN,AGL,CE,Towers with Radar,859,234,39,11,1143,0,0,2,0,2,859,234,41,11,1145,0,0,0,1145
05/05/2015,MSP,MN,AGL,CE,Towers with Radar,857,255,42,16,1170,0,0,0,0,0,857,255,42,16,1170,0,0,0,1170
05/06/2015,MSP,MN,AGL,CE,Towers with Radar,854,250,43,13,1160,0,0,0,0,0,854,250,43,13,1160,0,0,0,1160
05/07/2015,MSP,MN,AGL,CE,Towers with Radar,876,280,37,6,1199,0,0,0,0,0,876,280,37,6,1199,0,0,0,1199
05/08/2015,MSP,MN,AGL,CE,Towers with Radar,869,280,23,1,1173,0,0,0,0,0,869,280,23,1,1173,0,0,0,1173
05/09/2015,MSP,MN,AGL,CE,Towers with Radar,613,162,8,4,787,0,0,1,0,1,613,162,9,4,788,0,0,0,788
05/10/2015,MSP,MN,AGL,CE,Towers with Radar,788,182,10,1,981,0,0,0,0,0,788,182,10,1,981,0,0,0,981
05/11/2015,MSP,MN,AGL,CE,Towers with Radar,859,237,49,4,1149,0,0,0,0,0,859,237,49,4,1149,0,0,0,1149
05/12/2015,MSP,MN,AGL,CE,Towers with Radar,864,247,49,15,1175,0,1,0,0,1,864,248,49,15,1176,0,0,0,1176
05/13/2015,MSP,MN,AGL,CE,Towers with Radar,851,251,49,16,1167,0,0,0,1,1,851,251,49,17,1168,0,0,0,1168
05/14/2015,MSP,MN,AGL,CE,Towers with Radar,882,267,45,8,1202,0,0,0,0,0,882,267,45,8,1202,0,0,0,1202
05/15/2015,MSP,MN,AGL,CE,Towers with Radar,870,270,41,8,1189,0,0,26,0,26,870,270,67,8,1215,0,0,0,1215
05/16/2015,MSP,MN,AGL,CE,Towers with Radar,643,157,12,9,821,0,0,4,0,4,643,157,16,9,825,0,0,0,825
05/17/2015,MSP,MN,AGL,CE,Towers with Radar,817,205,16,4,1042,0,0,0,0,0,817,205,16,4,1042,0,0,0,1042
05/18/2015,MSP,MN,AGL,CE,Towers with Radar,869,240,58,11,1178,0,0,1,0,1,869,240,59,11,1179,0,0,0,1179
05/19/2015,MSP,MN,AGL,CE,Towers with Radar,881,250,46,16,1193,0,0,0,0,0,881,250,46,16,1193,0,0,0,1193
05/20/2015,MSP,MN,AGL,CE,Towers with Radar,878,251,58,17,1204,0,1,2,0,3,878,252,60,17,1207,0,0,0,1207
05/21/2015,MSP,MN,AGL,CE,Towers with Radar,891,267,52,11,1221,0,2,1,0,3,891,269,53,11,1224,0,0,0,1224
05/22/2015,MSP,MN,AGL,CE,Towers with Radar,888,268,40,1,1197,0,0,0,0,0,888,268,40,1,1197,0,0,0,1197
05/23/2015,MSP,MN,AGL,CE,Towers with Radar,612,137,0,2,751,0,0,0,0,0,612,137,0,2,751,0,0,0,751
05/24/2015,MSP,MN,AGL,CE,Towers with Radar,659,136,5,0,800,0,0,0,0,0,659,136,5,0,800,0,0,0,800
05/25/2015,MSP,MN,AGL,CE,Towers with Radar,809,198,5,0,1012,0,0,1,0,1,809,198,6,0,1013,0,0,0,1013
05/26/2015,MSP,MN,AGL,CE,Towers with Radar,837,234,40,7,1118,0,0,0,0,0,837,234,40,7,1118,0,0,0,1118
05/27/2015,MSP,MN,AGL,CE,Towers with Radar,871,253,37,15,1176,0,0,2,1,3,871,253,39,16,1179,0,0,0,1179
05/28/2015,MSP,MN,AGL,CE,Towers with Radar,898,255,45,17,1215,0,0,4,0,4,898,255,49,17,1219,0,0,0,1219
05/29/2015,MSP,MN,AGL,CE,Towers with Radar,893,255,31,20,1199,0,0,0,0,0,893,255,31,20,1199,0,0,0,1199
05/30/2015,MSP,MN,AGL,CE,Towers with Radar,639,142,9,9,799,0,0,0,1,1,639,142,9,10,800,0,0,0,800
05/31/2015,MSP,MN,AGL,CE,Towers with Radar,808,208,20,5,1041,0,0,5,0,5,808,208,25,5,1046,0,0,0,1046
06/01/2015,MSP,MN,AGL,CE,Towers with Radar,874,237,45,7,1163,0,0,1,6,7,874,237,46,13,1170,0,0,0,1170
06/02/2015,MSP,MN,AGL,CE,Towers with Radar,878,238,64,7,1187,0,2,2,0,4,878,240,66,7,1191,0,0,0,1191
06/03/2015,MSP,MN,AGL,CE,Towers with Radar,894,247,57,5,1203,0,0,4,0,4,894,247,61,5,1207,0,0,0,1207
06/04/2015,MSP,MN,AGL,CE,Towers with Radar,936,262,58,13,1269,0,0,0,0,0,936,262,58,13,1269,0,0,0,1269
06/05/2015,MSP,MN,AGL,CE,Towers with Radar,923,283,24,15,1245,0,0,1,0,1,923,283,25,15,1246,0,0,0,1246
06/06/2015,MSP,MN,AGL,CE,Towers with Radar,744,185,16,4,949,0,0,2,6,8,744,185,18,10,957,0,0,0,957
06/07/2015,MSP,MN,AGL,CE,Towers with Radar,879,230,14,5,1128,0,0,2,0,2,879,230,16,5,1130,0,0,0,1130
06/08/2015,MSP,MN,AGL,CE,Towers with Radar,907,259,47,8,1221,0,1,4,0,5,907,260,51,8,1226,0,0,0,1226
06/09/2015,MSP,MN,AGL,CE,Towers with Radar,912,282,52,16,1262,0,2,4,0,6,912,284,56,16,1268,0,0,0,1268
06/10/2015,MSP,MN,AGL,CE,Towers with Radar,927,266,38,14,1245,0,0,3,0,3,927,266,41,14,1248,0,0,0,1248
06/11/2015,MSP,MN,AGL,CE,Towers with Radar,932,292,38,9,1271,0,0,0,1,1,932,292,38,10,1272,0,0,0,1272
06/12/2015,MSP,MN,AGL,CE,Towers with Radar,933,270,29,17,1249,0,0,16,0,16,933,270,45,17,1265,0,0,0,1265
06/13/2015,MSP,MN,AGL,CE,Towers with Radar,751,196,12,20,979,0,0,0,0,0,751,196,12,20,979,0,0,0,979
06/14/2015,MSP,MN,AGL,CE,Towers with Radar,881,250,19,9,1159,0,0,0,0,0,881,250,19,9,1159,0,0,0,1159
06/15/2015,MSP,MN,AGL,CE,Towers with Radar,889,275,35,14,1213,0,0,0,0,0,889,275,35,14,1213,0,0,0,1213
06/16/2015,MSP,MN,AGL,CE,Towers with Radar,923,282,43,19,1267,0,0,0,0,0,923,282,43,19,1267,0,0,0,1267
06/17/2015,MSP,MN,AGL,CE,Towers with Radar,915,266,32,14,1227,0,0,1,0,1,915,266,33,14,1228,0,0,0,1228
06/18/2015,MSP,MN,AGL,CE,Towers with Radar,927,280,39,6,1252,0,0,3,0,3,927,280,42,6,1255,0,0,0,1255
06/19/2015,MSP,MN,AGL,CE,Towers with Radar,945,277,26,10,1258,0,0,8,0,8,945,277,34,10,1266,0,0,0,1266
06/20/2015,MSP,MN,AGL,CE,Towers with Radar,749,193,6,9,957,0,0,0,0,0,749,193,6,9,957,0,0,0,957
06/21/2015,MSP,MN,AGL,CE,Towers with Radar,891,247,14,5,1157,0,0,0,1,1,891,247,14,6,1158,0,0,0,1158
06/22/2015,MSP,MN,AGL,CE,Towers with Radar,909,253,55,6,1223,0,0,0,1,1,909,253,55,7,1224,0,0,0,1224
06/23/2015,MSP,MN,AGL,CE,Towers with Radar,919,285,57,16,1277,0,0,1,0,1,919,285,58,16,1278,0,0,0,1278
06/24/2015,MSP,MN,AGL,CE,Towers with Radar,930,291,59,11,1291,0,0,2,1,3,930,291,61,12,1294,0,0,0,1294
06/25/2015,MSP,MN,AGL,CE,Towers with Radar,951,300,37,16,1304,0,0,2,0,2,951,300,39,16,1306,0,0,0,1306
06/26/2015,MSP,MN,AGL,CE,Towers with Radar,950,277,44,9,1280,0,0,0,1,1,950,277,44,10,1281,0,0,0,1281
06/27/2015,MSP,MN,AGL,CE,Towers with Radar,760,195,9,6,970,0,0,7,4,11,760,195,16,10,981,0,0,0,981
06/28/2015,MSP,MN,AGL,CE,Towers with Radar,847,234,18,4,1103,0,0,1,0,1,847,234,19,4,1104,0,0,0,1104
06/29/2015,MSP,MN,AGL,CE,Towers with Radar,899,246,47,4,1196,0,0,0,0,0,899,246,47,4,1196,0,0,0,1196
06/30/2015,MSP,MN,AGL,CE,Towers with Radar,824,224,62,14,1124,0,0,3,0,3,824,224,65,14,1127,0,0,0,1127
07/01/2015,MSP,MN,AGL,CE,Towers with Radar,936,277,40,10,1263,0,0,3,1,4,936,277,43,11,1267,0,0,0,1267
07/02/2015,MSP,MN,AGL,CE,Towers with Radar,968,277,24,1,1270,0,0,0,2,2,968,277,24,3,1272,0,0,0,1272
07/03/2015,MSP,MN,AGL,CE,Towers with Radar,728,153,6,3,890,0,0,2,0,2,728,153,8,3,892,0,0,0,892
07/04/2015,MSP,MN,AGL,CE,Towers with Radar,661,133,2,0,796,0,0,0,0,0,661,133,2,0,796,0,0,0,796
07/05/2015,MSP,MN,AGL,CE,Towers with Radar,912,228,19,4,1163,0,0,1,0,1,912,228,20,4,1164,0,0,0,1164
07/06/2015,MSP,MN,AGL,CE,Towers with Radar,942,255,31,4,1232,0,0,0,0,0,942,255,31,4,1232,0,0,0,1232
07/07/2015,MSP,MN,AGL,CE,Towers with Radar,952,243,29,17,1241,0,0,0,0,0,952,243,29,17,1241,0,0,0,1241
07/08/2015,MSP,MN,AGL,CE,Towers with Radar,941,264,43,15,1263,0,0,4,1,5,941,264,47,16,1268,0,0,0,1268
07/09/2015,MSP,MN,AGL,CE,Towers with Radar,966,274,42,21,1303,0,0,1,0,1,966,274,43,21,1304,0,0,0,1304
07/10/2015,MSP,MN,AGL,CE,Towers with Radar,965,258,29,14,1266,0,0,3,0,3,965,258,32,14,1269,0,0,0,1269
07/11/2015,MSP,MN,AGL,CE,Towers with Radar,753,203,5,8,969,0,0,7,0,7,753,203,12,8,976,0,0,0,976
07/12/2015,MSP,MN,AGL,CE,Towers with Radar,894,238,30,10,1172,0,0,3,0,3,894,238,33,10,1175,0,0,0,1175
07/13/2015,MSP,MN,AGL,CE,Towers with Radar,943,255,36,12,1246,0,0,1,0,1,943,255,37,12,1247,0,0,0,1247
07/14/2015,MSP,MN,AGL,CE,Towers with Radar,942,264,39,15,1260,0,0,38,0,38,942,264,77,15,1298,0,0,0,1298
07/15/2015,MSP,MN,AGL,CE,Towers with Radar,960,238,63,12,1273,0,0,2,1,3,960,238,65,13,1276,0,0,0,1276
07/16/2015,MSP,MN,AGL,CE,Towers with Radar,972,262,58,8,1300,0,0,0,0,0,972,262,58,8,1300,0,0,0,1300
07/17/2015,MSP,MN,AGL,CE,Towers with Radar,969,266,27,7,1269,0,0,0,0,0,969,266,27,7,1269,0,0,0,1269
07/18/2015,MSP,MN,AGL,CE,Towers with Radar,761,203,11,4,979,0,0,2,0,2,761,203,13,4,981,0,0,0,981
07/19/2015,MSP,MN,AGL,CE,Towers with Radar,933,235,12,0,1180,0,0,3,0,3,933,235,15,0,1183,0,0,0,1183
07/20/2015,MSP,MN,AGL,CE,Towers with Radar,950,253,44,5,1252,0,1,0,0,1,950,254,44,5,1253,0,0,0,1253
07/21/2015,MSP,MN,AGL,CE,Towers with Radar,955,263,49,24,1291,0,0,3,1,4,955,263,52,25,1295,0,0,0,1295
07/22/2015,MSP,MN,AGL,CE,Towers with Radar,944,277,38,16,1275,0,0,2,0,2,944,277,40,16,1277,0,0,0,1277
07/23/2015,MSP,MN,AGL,CE,Towers with Radar,973,287,61,15,1336,0,0,3,1,4,973,287,64,16,1340,0,0,0,1340
07/24/2015,MSP,MN,AGL,CE,Towers with Radar,969,275,37,12,1293,0,0,5,0,5,969,275,42,12,1298,0,0,0,1298
07/25/2015,MSP,MN,AGL,CE,Towers with Radar,769,208,11,9,997,0,0,1,0,1,769,208,12,9,998,0,0,0,998
07/26/2015,MSP,MN,AGL,CE,Towers with Radar,929,228,22,2,1181,0,0,4,1,5,929,228,26,3,1186,0,0,0,1186
07/27/2015,MSP,MN,AGL,CE,Towers with Radar,952,246,52,13,1263,0,0,1,0,1,952,246,53,13,1264,0,0,0,1264
07/28/2015,MSP,MN,AGL,CE,Towers with Radar,960,250,42,12,1264,0,0,2,0,2,960,250,44,12,1266,0,0,0,1266
07/29/2015,MSP,MN,AGL,CE,Towers with Radar,959,269,42,17,1287,0,0,1,0,1,959,269,43,17,1288,0,0,0,1288
07/30/2015,MSP,MN,AGL,CE,Towers with Radar,964,281,45,10,1300,0,0,4,0,4,964,281,49,10,1304,0,0,0,1304
07/31/2015,MSP,MN,AGL,CE,Towers with Radar,967,269,32,8,1276,0,0,3,1,4,967,269,35,9,1280,0,0,0,1280
08/01/2015,MSP,MN,AGL,CE,Towers with Radar,767,194,15,4,980,0,0,1,0,1,767,194,16,4,981,0,0,0,981
08/02/2015,MSP,MN,AGL,CE,Towers with Radar,910,234,20,2,1166,0,0,1,0,1,910,234,21,2,1167,0,0,0,1167
08/03/2015,MSP,MN,AGL,CE,Towers with Radar,956,260,39,11,1266,0,0,8,0,8,956,260,47,11,1274,0,0,0,1274
08/04/2015,MSP,MN,AGL,CE,Towers with Radar,974,254,59,12,1299,0,0,2,2,4,974,254,61,14,1303,0,0,0,1303
08/05/2015,MSP,MN,AGL,CE,Towers with Radar,955,259,46,15,1275,0,2,0,0,2,955,261,46,15,1277,0,0,0,1277
08/06/2015,MSP,MN,AGL,CE,Towers with Radar,971,276,45,4,1296,0,0,2,0,2,971,276,47,4,1298,0,0,0,1298
08/07/2015,MSP,MN,AGL,CE,Towers with Radar,968,284,26,5,1283,0,0,1,0,1,968,284,27,5,1284,0,0,0,1284
08/08/2015,MSP,MN,AGL,CE,Towers with Radar,778,210,16,0,1004,0,0,0,0,0,778,210,16,0,1004,0,0,0,1004
08/09/2015,MSP,MN,AGL,CE,Towers with Radar,916,232,16,4,1168,0,0,0,0,0,916,232,16,4,1168,0,0,0,1168
08/10/2015,MSP,MN,AGL,CE,Towers with Radar,941,257,35,4,1237,0,0,0,2,2,941,257,35,6,1239,0,0,0,1239
08/11/2015,MSP,MN,AGL,CE,Towers with Radar,957,262,44,13,1276,0,0,1,0,1,957,262,45,13,1277,0,0,0,1277
08/12/2015,MSP,MN,AGL,CE,Towers with Radar,958,267,47,13,1285,0,0,0,1,1,958,267,47,14,1286,0,0,0,1286
08/13/2015,MSP,MN,AGL,CE,Towers with Radar,973,312,51,18,1354,0,0,0,0,0,973,312,51,18,1354,0,0,0,1354
08/14/2015,MSP,MN,AGL,CE,Towers with Radar,966,287,28,5,1286,0,0,0,1,1,966,287,28,6,1287,0,0,0,1287
08/15/2015,MSP,MN,AGL,CE,Towers with Radar,768,214,8,5,995,0,0,0,0,0,768,214,8,5,995,0,0,0,995
08/16/2015,MSP,MN,AGL,CE,Towers with Radar,938,234,13,4,1189,0,0,0,2,2,938,234,13,6,1191,0,0,0,1191
08/17/2015,MSP,MN,AGL,CE,Towers with Radar,954,254,43,12,1263,0,0,2,0,2,954,254,45,12,1265,0,0,0,1265
08/18/2015,MSP,MN,AGL,CE,Towers with Radar,924,256,33,8,1221,0,0,0,0,0,924,256,33,8,1221,0,0,0,1221
08/19/2015,MSP,MN,AGL,CE,Towers with Radar,937,272,49,11,1269,0,0,1,0,1,937,272,50,11,1270,0,0,0,1270
08/20/2015,MSP,MN,AGL,CE,Towers with Radar,937,260,37,13,1247,0,0,16,0,16,937,260,53,13,1263,0,0,0,1263
08/21/2015,MSP,MN,AGL,CE,Towers with Radar,940,270,25,3,1238,0,0,6,0,6,940,270,31,3,1244,0,0,0,1244
08/22/2015,MSP,MN,AGL,CE,Towers with Radar,708,171,10,3,892,0,0,1,1,2,708,171,11,4,894,0,0,0,894
08/23/2015,MSP,MN,AGL,CE,Towers with Radar,889,215,13,10,1127,0,0,0,0,0,889,215,13,10,1127,0,0,0,1127
08/24/2015,MSP,MN,AGL,CE,Towers with Radar,935,242,32,8,1217,0,0,2,0,2,935,242,34,8,1219,0,0,0,1219
08/25/2015,MSP,MN,AGL,CE,Towers with Radar,924,251,42,14,1231,0,0,6,1,7,924,251,48,15,1238,0,0,0,1238
08/26/2015,MSP,MN,AGL,CE,Towers with Radar,929,256,52,7,1244,0,0,9,2,11,929,256,61,9,1255,0,0,0,1255
08/27/2015,MSP,MN,AGL,CE,Towers with Radar,953,292,48,8,1301,0,0,0,0,0,953,292,48,8,1301,0,0,0,1301
08/28/2015,MSP,MN,AGL,CE,Towers with Radar,940,267,20,16,1243,0,0,2,0,2,940,267,22,16,1245,0,0,0,1245
08/29/2015,MSP,MN,AGL,CE,Towers with Radar,662,158,8,2,830,0,0,0,0,0,662,158,8,2,830,0,0,0,830
08/30/2015,MSP,MN,AGL,CE,Towers with Radar,821,204,15,2,1042,0,0,0,0,0,821,204,15,2,1042,0,0,0,1042
08/31/2015,MSP,MN,AGL,CE,Towers with Radar,931,241,37,3,1212,0,0,1,0,1,931,241,38,3,1213,0,0,0,1213
09/01/2015,MSP,MN,AGL,CE,Towers with Radar,882,249,58,8,1197,0,0,2,0,2,882,249,60,8,1199,0,0,0,1199
09/02/2015,MSP,MN,AGL,CE,Towers with Radar,897,274,46,9,1226,0,0,0,0,0,897,274,46,9,1226,0,0,0,1226
09/03/2015,MSP,MN,AGL,CE,Towers with Radar,908,284,49,7,1248,0,0,1,0,1,908,284,50,7,1249,0,0,0,1249
09/04/2015,MSP,MN,AGL,CE,Towers with Radar,900,262,18,5,1185,0,0,3,0,3,900,262,21,5,1188,0,0,0,1188
09/05/2015,MSP,MN,AGL,CE,Towers with Radar,569,133,7,2,711,0,0,1,1,2,569,133,8,3,713,0,0,0,713
09/06/2015,MSP,MN,AGL,CE,Towers with Radar,654,162,8,2,826,0,0,0,0,0,654,162,8,2,826,0,0,0,826
09/07/2015,MSP,MN,AGL,CE,Towers with Radar,773,193,11,1,978,0,0,1,0,1,773,193,12,1,979,0,0,0,979
09/08/2015,MSP,MN,AGL,CE,Towers with Radar,785,214,42,13,1054,0,0,1,0,1,785,214,43,13,1055,0,0,0,1055
09/09/2015,MSP,MN,AGL,CE,Towers with Radar,825,233,31,14,1103,0,0,2,0,2,825,233,33,14,1105,0,0,0,1105
09/10/2015,MSP,MN,AGL,CE,Towers with Radar,837,243,49,11,1140,0,0,0,1,1,837,243,49,12,1141,0,0,0,1141
09/11/2015,MSP,MN,AGL,CE,Towers with Radar,843,249,29,6,1127,0,0,2,0,2,843,249,31,6,1129,0,0,0,1129
09/12/2015,MSP,MN,AGL,CE,Towers with Radar,614,140,11,0,765,0,0,0,0,0,614,140,11,0,765,0,0,0,765
09/13/2015,MSP,MN,AGL,CE,Towers with Radar,847,225,24,3,1099,0,0,5,1,6,847,225,29,4,1105,0,0,0,1105
09/14/2015,MSP,MN,AGL,CE,Towers with Radar,890,245,38,1,1174,0,0,1,0,1,890,245,39,1,1175,0,0,0,1175
09/15/2015,MSP,MN,AGL,CE,Towers with Radar,880,268,38,8,1194,0,0,2,1,3,880,268,40,9,1197,0,0,0,1197
09/16/2015,MSP,MN,AGL,CE,Towers with Radar,889,262,47,14,1212,0,0,0,0,0,889,262,47,14,1212,0,0,0,1212
09/17/2015,MSP,MN,AGL,CE,Towers with Radar,905,268,53,12,1238,0,0,0,0,0,905,268,53,12,1238,0,0,0,1238
09/18/2015,MSP,MN,AGL,CE,Towers with Radar,893,266,53,14,1226,0,0,0,0,0,893,266,53,14,1226,0,0,0,1226
09/19/2015,MSP,MN,AGL,CE,Towers with Radar,646,162,15,3,826,0,0,14,0,14,646,162,29,3,840,0,0,0,840
09/20/2015,MSP,MN,AGL,CE,Towers with Radar,847,217,17,5,1086,0,0,0,0,0,847,217,17,5,1086,0,0,0,1086
09/21/2015,MSP,MN,AGL,CE,Towers with Radar,907,230,47,8,1192,0,0,4,0,4,907,230,51,8,1196,0,0,0,1196
09/22/2015,MSP,MN,AGL,CE,Towers with Radar,868,266,55,13,1202,0,0,6,2,8,868,266,61,15,1210,0,0,0,1210
09/23/2015,MSP,MN,AGL,CE,Towers with Radar,880,254,47,12,1193,0,0,1,0,1,880,254,48,12,1194,0,0,0,1194
09/24/2015,MSP,MN,AGL,CE,Towers with Radar,906,261,40,4,1211,0,0,0,0,0,906,261,40,4,1211,0,0,0,1211
09/25/2015,MSP,MN,AGL,CE,Towers with Radar,906,269,28,4,1207,0,0,0,0,0,906,269,28,4,1207,0,0,0,1207
09/26/2015,MSP,MN,AGL,CE,Towers with Radar,672,153,8,2,835,0,0,2,0,2,672,153,10,2,837,0,0,0,837
09/27/2015,MSP,MN,AGL,CE,Towers with Radar,836,233,13,4,1086,0,0,1,1,2,836,233,14,5,1088,0,0,0,1088
09/28/2015,MSP,MN,AGL,CE,Towers with Radar,909,245,33,1,1188,0,0,1,0,1,909,245,34,1,1189,0,0,0,1189
09/29/2015,MSP,MN,AGL,CE,Towers with Radar,887,257,34,7,1185,0,0,1,1,2,887,257,35,8,1187,0,0,0,1187
09/30/2015,MSP,MN,AGL,CE,Towers with Radar,892,265,51,9,1217,0,0,1,0,1,892,265,52,9,1218,0,0,0,1218
10/01/2015,MSP,MN,AGL,CE,Towers with Radar,912,252,35,8,1207,0,0,0,0,0,912,252,35,8,1207,0,0,0,1207
10/02/2015,MSP,MN,AGL,CE,Towers with Radar,889,240,20,5,1154,0,0,2,0,2,889,240,22,5,1156,0,0,0,1156
10/03/2015,MSP,MN,AGL,CE,Towers with Radar,625,145,9,0,779,1,0,0,0,1,626,145,9,0,780,0,0,0,780
10/04/2015,MSP,MN,AGL,CE,Towers with Radar,848,199,15,6,1068,0,0,3,0,3,848,199,18,6,1071,0,0,0,1071
10/05/2015,MSP,MN,AGL,CE,Towers with Radar,901,221,35,6,1163,0,0,0,0,0,901,221,35,6,1163,0,0,0,1163
10/06/2015,MSP,MN,AGL,CE,Towers with Radar,880,237,54,13,1184,0,0,0,0,0,880,237,54,13,1184,0,0,0,1184
10/07/2015,MSP,MN,AGL,CE,Towers with Radar,892,247,38,14,1191,0,0,1,0,1,892,247,39,14,1192,0,0,0,1192
10/08/2015,MSP,MN,AGL,CE,Towers with Radar,909,246,56,14,1225,0,0,0,0,0,909,246,56,14,1225,0,0,0,1225
10/09/2015,MSP,MN,AGL,CE,Towers with Radar,893,250,32,3,1178,0,0,0,0,0,893,250,32,3,1178,0,0,0,1178
10/10/2015,MSP,MN,AGL,CE,Towers with Radar,647,152,3,0,802,0,0,0,0,0,647,152,3,0,802,0,0,0,802
10/11/2015,MSP,MN,AGL,CE,Towers with Radar,842,203,18,1,1064,0,1,0,0,1,842,204,18,1,1065,0,0,0,1065
10/12/2015,MSP,MN,AGL,CE,Towers with Radar,909,246,29,3,1187,0,0,0,0,0,909,246,29,3,1187,0,0,0,1187
10/13/2015,MSP,MN,AGL,CE,Towers with Radar,888,239,36,10,1173,0,0,0,1,1,888,239,36,11,1174,0,0,0,1174
10/14/2015,MSP,MN,AGL,CE,Towers with Radar,900,260,43,12,1215,0,1,3,1,5,900,261,46,13,1220,0,0,0,1220
10/15/2015,MSP,MN,AGL,CE,Towers with Radar,914,260,49,11,1234,0,0,0,0,0,914,260,49,11,1234,0,0,0,1234
10/16/2015,MSP,MN,AGL,CE,Towers with Radar,901,247,37,8,1193,0,0,1,1,2,901,247,38,9,1195,0,0,0,1195
10/17/2015,MSP,MN,AGL,CE,Towers with Radar,636,141,10,0,787,0,0,4,0,4,636,141,14,0,791,0,0,0,791
10/18/2015,MSP,MN,AGL,CE,Towers with Radar,852,209,21,1,1083,0,0,0,2,2,852,209,21,3,1085,0,0,0,1085
10/19/2015,MSP,MN,AGL,CE,Towers with Radar,907,220,38,3,1168,0,0,0,0,0,907,220,38,3,1168,0,0,0,1168
10/20/2015,MSP,MN,AGL,CE,Towers with Radar,893,241,51,12,1197,0,0,7,0,7,893,241,58,12,1204,0,0,0,1204
10/21/2015,MSP,MN,AGL,CE,Towers with Radar,907,243,58,12,1220,0,1,5,2,8,907,244,63,14,1228,0,0,0,1228
10/22/2015,MSP,MN,AGL,CE,Towers with Radar,916,262,44,10,1232,0,0,0,0,0,916,262,44,10,1232,0,0,0,1232
10/23/2015,MSP,MN,AGL,CE,Towers with Radar,887,251,33,7,1178,0,0,0,0,0,887,251,33,7,1178,0,0,0,1178
10/24/2015,MSP,MN,AGL,CE,Towers with Radar,648,152,12,4,816,0,0,0,0,0,648,152,12,4,816,0,0,0,816
10/25/2015,MSP,MN,AGL,CE,Towers with Radar,846,205,11,2,1064,0,0,1,0,1,846,205,12,2,1065,0,0,0,1065
10/26/2015,MSP,MN,AGL,CE,Towers with Radar,896,233,47,4,1180,0,0,1,0,1,896,233,48,4,1181,0,0,0,1181
10/27/2015,MSP,MN,AGL,CE,Towers with Radar,806,216,36,16,1074,0,0,0,0,0,806,216,36,16,1074,0,0,0,1074
10/28/2015,MSP,MN,AGL,CE,Towers with Radar,809,223,33,10,1075,0,0,0,0,0,809,223,33,10,1075,0,0,0,1075
10/29/2015,MSP,MN,AGL,CE,Towers with Radar,835,238,48,3,1124,0,0,1,0,1,835,238,49,3,1125,0,0,0,1125
10/30/2015,MSP,MN,AGL,CE,Towers with Radar,816,230,34,1,1081,0,0,2,0,2,816,230,36,1,1083,0,0,0,1083
10/31/2015,MSP,MN,AGL,CE,Towers with Radar,576,135,25,2,738,0,0,0,0,0,576,135,25,2,738,0,0,0,738
11/01/2015,MSP,MN,AGL,CE,Towers with Radar,804,226,16,2,1048,0,0,1,0,1,804,226,17,2,1049,0,0,0,1049
11/02/2015,MSP,MN,AGL,CE,Towers with Radar,862,242,47,3,1154,0,0,1,0,1,862,242,48,3,1155,0,0,0,1155
11/03/2015,MSP,MN,AGL,CE,Towers with Radar,827,264,39,9,1139,0,1,1,0,2,827,265,40,9,1141,0,0,0,1141
11/04/2015,MSP,MN,AGL,CE,Towers with Radar,860,265,56,13,1194,0,0,0,0,0,860,265,56,13,1194,0,0,0,1194
11/05/2015,MSP,MN,AGL,CE,Towers with Radar,865,289,41,12,1207,0,0,0,0,0,865,289,41,12,1207,0,0,0,1207
11/06/2015,MSP,MN,AGL,CE,Towers with Radar,865,274,25,9,1173,0,0,0,0,0,865,274,25,9,1173,0,0,0,1173
11/07/2015,MSP,MN,AGL,CE,Towers with Radar,606,160,4,3,773,0,0,0,2,2,606,160,4,5,775,0,0,0,775
11/08/2015,MSP,MN,AGL,CE,Towers with Radar,809,222,26,7,1064,0,1,1,0,2,809,223,27,7,1066,0,0,0,1066
11/09/2015,MSP,MN,AGL,CE,Towers with Radar,855,248,49,10,1162,0,0,0,0,0,855,248,49,10,1162,0,0,0,1162
11/10/2015,MSP,MN,AGL,CE,Towers with Radar,840,269,56,15,1180,0,0,0,0,0,840,269,56,15,1180,0,0,0,1180
11/11/2015,MSP,MN,AGL,CE,Towers with Radar,857,259,51,0,1167,0,0,0,0,0,857,259,51,0,1167,0,0,0,1167
11/12/2015,MSP,MN,AGL,CE,Towers with Radar,869,270,48,15,1202,0,0,0,0,0,869,270,48,15,1202,0,0,0,1202
11/13/2015,MSP,MN,AGL,CE,Towers with Radar,850,270,30,8,1158,0,0,0,0,0,850,270,30,8,1158,0,0,0,1158
11/14/2015,MSP,MN,AGL,CE,Towers with Radar,616,155,7,1,779,0,0,0,0,0,616,155,7,1,779,0,0,0,779
11/15/2015,MSP,MN,AGL,CE,Towers with Radar,808,209,13,0,1030,0,0,2,0,2,808,209,15,0,1032,0,0,0,1032
11/16/2015,MSP,MN,AGL,CE,Towers with Radar,857,255,42,0,1154,0,0,0,0,0,857,255,42,0,1154,0,0,0,1154
11/17/2015,MSP,MN,AGL,CE,Towers with Radar,843,280,52,5,1180,0,0,1,0,1,843,280,53,5,1181,0,0,0,1181
11/18/2015,MSP,MN,AGL,CE,Towers with Radar,850,272,48,9,1179,0,0,1,0,1,850,272,49,9,1180,0,0,0,1180
11/19/2015,MSP,MN,AGL,CE,Towers with Radar,882,268,50,4,1204,0,0,2,0,2,882,268,52,4,1206,0,0,0,1206
11/20/2015,MSP,MN,AGL,CE,Towers with Radar,858,276,35,13,1182,0,1,2,0,3,858,277,37,13,1185,0,0,0,1185
11/21/2015,MSP,MN,AGL,CE,Towers with Radar,642,165,14,6,827,0,0,0,1,1,642,165,14,7,828,0,0,0,828
11/22/2015,MSP,MN,AGL,CE,Towers with Radar,702,178,16,3,899,0,0,0,2,2,702,178,16,5,901,0,0,0,901
11/23/2015,MSP,MN,AGL,CE,Towers with Radar,693,189,42,14,938,0,0,1,0,1,693,189,43,14,939,0,0,0,939
11/24/2015,MSP,MN,AGL,CE,Towers with Radar,807,255,24,19,1105,0,0,0,0,0,807,255,24,19,1105,0,0,0,1105
11/25/2015,MSP,MN,AGL,CE,Towers with Radar,874,277,15,4,1170,0,0,0,0,0,874,277,15,4,1170,0,0,0,1170
11/26/2015,MSP,MN,AGL,CE,Towers with Radar,446,125,4,0,575,0,0,0,0,0,446,125,4,0,575,0,0,0,575
11/27/2015,MSP,MN,AGL,CE,Towers with Radar,517,166,3,0,686,0,0,0,0,0,517,166,3,0,686,0,0,0,686
11/28/2015,MSP,MN,AGL,CE,Towers with Radar,805,274,16,0,1095,0,0,1,0,1,805,274,17,0,1096,0,0,0,1096
11/29/2015,MSP,MN,AGL,CE,Towers with Radar,867,274,23,0,1164,0,0,1,0,1,867,274,24,0,1165,0,0,0,1165
11/30/2015,MSP,MN,AGL,CE,Towers with Radar,871,250,33,4,1158,0,0,0,0,0,871,250,33,4,1158,0,0,0,1158
12/01/2015,MSP,MN,AGL,CE,Towers with Radar,838,245,57,10,1150,0,0,0,0,0,838,245,57,10,1150,0,0,0,1150
12/02/2015,MSP,MN,AGL,CE,Towers with Radar,837,247,57,12,1153,0,0,0,0,0,837,247,57,12,1153,0,0,0,1153
12/03/2015,MSP,MN,AGL,CE,Towers with Radar,843,254,39,5,1141,0,0,1,0,1,843,254,40,5,1142,0,0,0,1142
12/04/2015,MSP,MN,AGL,CE,Towers with Radar,842,248,34,4,1128,0,0,2,0,2,842,248,36,4,1130,0,0,0,1130
12/05/2015,MSP,MN,AGL,CE,Towers with Radar,571,130,10,1,712,0,0,0,0,0,571,130,10,1,712,0,0,0,712
12/06/2015,MSP,MN,AGL,CE,Towers with Radar,750,190,25,8,973,0,0,1,0,1,750,190,26,8,974,0,0,0,974
12/07/2015,MSP,MN,AGL,CE,Towers with Radar,813,207,40,4,1064,0,0,1,0,1,813,207,41,4,1065,0,0,0,1065
12/08/2015,MSP,MN,AGL,CE,Towers with Radar,834,243,43,12,1132,0,0,2,1,3,834,243,45,13,1135,0,0,0,1135
12/09/2015,MSP,MN,AGL,CE,Towers with Radar,828,234,46,14,1122,0,0,0,0,0,828,234,46,14,1122,0,0,0,1122
12/10/2015,MSP,MN,AGL,CE,Towers with Radar,855,256,33,11,1155,0,0,0,0,0,855,256,33,11,1155,0,0,0,1155
12/11/2015,MSP,MN,AGL,CE,Towers with Radar,835,240,28,7,1110,0,0,0,0,0,835,240,28,7,1110,0,0,0,1110
12/12/2015,MSP,MN,AGL,CE,Towers with Radar,566,130,12,1,709,0,0,0,0,0,566,130,12,1,709,0,0,0,709
12/13/2015,MSP,MN,AGL,CE,Towers with Radar,751,185,14,1,951,0,0,0,0,0,751,185,14,1,951,0,0,0,951
12/14/2015,MSP,MN,AGL,CE,Towers with Radar,809,220,37,10,1076,0,0,0,0,0,809,220,37,10,1076,0,0,0,1076
12/15/2015,MSP,MN,AGL,CE,Towers with Radar,824,239,32,8,1103,0,0,0,0,0,824,239,32,8,1103,0,0,0,1103
12/16/2015,MSP,MN,AGL,CE,Towers with Radar,850,255,53,13,1171,0,0,0,0,0,850,255,53,13,1171,0,0,0,1171
12/17/2015,MSP,MN,AGL,CE,Towers with Radar,867,255,37,7,1166,0,0,0,0,0,867,255,37,7,1166,0,0,0,1166
12/18/2015,MSP,MN,AGL,CE,Towers with Radar,857,263,33,0,1153,0,0,0,0,0,857,263,33,0,1153,0,0,0,1153
12/19/2015,MSP,MN,AGL,CE,Towers with Radar,814,241,12,1,1068,0,0,0,0,0,814,241,12,1,1068,0,0,0,1068
12/20/2015,MSP,MN,AGL,CE,Towers with Radar,852,215,9,1,1077,0,0,0,0,0,852,215,9,1,1077,0,0,0,1077
12/21/2015,MSP,MN,AGL,CE,Towers with Radar,836,203,23,16,1078,0,0,0,0,0,836,203,23,16,1078,0,0,0,1078
12/22/2015,MSP,MN,AGL,CE,Towers with Radar,864,235,23,13,1135,0,0,0,0,0,864,235,23,13,1135,0,0,0,1135
12/23/2015,MSP,MN,AGL,CE,Towers with Radar,874,241,9,7,1131,0,0,0,0,0,874,241,9,7,1131,0,0,0,1131
12/24/2015,MSP,MN,AGL,CE,Towers with Radar,664,194,3,0,861,0,0,0,0,0,664,194,3,0,861,0,0,0,861
12/25/2015,MSP,MN,AGL,CE,Towers with Radar,544,132,5,0,681,0,0,0,0,0,544,132,5,0,681,0,0,0,681
12/26/2015,MSP,MN,AGL,CE,Towers with Radar,796,250,19,0,1065,0,0,0,0,0,796,250,19,0,1065,0,0,0,1065
12/27/2015,MSP,MN,AGL,CE,Towers with Radar,844,233,11,0,1088,0,0,2,0,2,844,233,13,0,1090,0,0,0,1090
12/28/2015,MSP,MN,AGL,CE,Towers with Radar,801,199,12,5,1017,0,0,0,0,0,801,199,12,5,1017,0,0,0,1017
12/29/2015,MSP,MN,AGL,CE,Towers with Radar,842,225,11,2,1080,0,0,0,0,0,842,225,11,2,1080,0,0,0,1080
12/30/2015,MSP,MN,AGL,CE,Towers with Radar,861,241,7,2,1111,0,0,1,0,1,861,241,8,2,1112,0,0,0,1112
12/31/2015,MSP,MN,AGL,CE,Towers with Radar,649,186,3,2,840,0,0,1,0,1,649,186,4,2,841,0,0,0,841
01/01/2016,MSP,MN,AGL,CE,Towers with Radar,620,134,5,0,759,0,0,0,0,0,620,134,5,0,759,0,0,0,759
01/02/2016,MSP,MN,AGL,CE,Towers with Radar,835,223,21,1,1080,0,0,0,0,0,835,223,21,1,1080,0,0,0,1080
01/03/2016,MSP,MN,AGL,CE,Towers with Radar,847,215,23,2,1087,0,0,0,0,0,847,215,23,2,1087,0,0,0,1087
01/04/2016,MSP,MN,AGL,CE,Towers with Radar,840,208,26,6,1080,0,0,0,0,0,840,208,26,6,1080,0,0,0,1080
01/05/2016,MSP,MN,AGL,CE,Towers with Radar,773,258,27,6,1064,0,0,0,0,0,773,258,27,6,1064,0,0,0,1064
01/06/2016,MSP,MN,AGL,CE,Towers with Radar,794,263,33,7,1097,0,0,0,0,0,794,263,33,7,1097,0,0,0,1097
01/07/2016,MSP,MN,AGL,CE,Towers with Radar,819,259,35,6,1119,0,0,0,0,0,819,259,35,6,1119,0,0,0,1119
01/08/2016,MSP,MN,AGL,CE,Towers with Radar,825,255,19,1,1100,0,0,0,0,0,825,255,19,1,1100,0,0,0,1100
01/09/2016,MSP,MN,AGL,CE,Towers with Radar,602,151,16,2,771,0,0,0,0,0,602,151,16,2,771,0,0,0,771
01/10/2016,MSP,MN,AGL,CE,Towers with Radar,755,203,19,2,979,0,1,2,0,3,755,204,21,2,982,0,0,0,982
01/11/2016,MSP,MN,AGL,CE,Towers with Radar,831,233,31,7,1102,0,0,0,0,0,831,233,31,7,1102,0,0,0,1102
01/12/2016,MSP,MN,AGL,CE,Towers with Radar,794,253,47,15,1109,0,0,3,1,4,794,253,50,16,1113,0,0,0,1113
01/13/2016,MSP,MN,AGL,CE,Towers with Radar,807,261,36,16,1120,0,0,3,0,3,807,261,39,16,1123,0,0,0,1123
01/14/2016,MSP,MN,AGL,CE,Towers with Radar,837,259,31,13,1140,0,0,4,0,4,837,259,35,13,1144,0,0,0,1144
01/15/2016,MSP,MN,AGL,CE,Towers with Radar,842,269,32,2,1145,0,0,0,0,0,842,269,32,2,1145,0,0,0,1145
01/16/2016,MSP,MN,AGL,CE,Towers with Radar,576,135,5,1,717,0,0,1,0,1,576,135,6,1,718,0,0,0,718
01/17/2016,MSP,MN,AGL,CE,Towers with Radar,652,143,14,1,810,0,0,0,0,0,652,143,14,1,810,0,0,0,810
01/18/2016,MSP,MN,AGL,CE,Towers with Radar,821,238,25,0,1084,0,0,0,0,0,821,238,25,0,1084,0,0,0,1084
01/19/2016,MSP,MN,AGL,CE,Towers with Radar,787,266,35,5,1093,0,0,0,0,0,787,266,35,5,1093,0,0,0,1093
01/20/2016,MSP,MN,AGL,CE,Towers with Radar,804,262,31,7,1104,0,1,0,0,1,804,263,31,7,1105,0,0,0,1105
01/21/2016,MSP,MN,AGL,CE,Towers with Radar,845,254,32,8,1139,0,0,0,0,0,845,254,32,8,1139,0,0,0,1139
01/22/2016,MSP,MN,AGL,CE,Towers with Radar,784,242,31,2,1059,0,0,2,0,2,784,242,33,2,1061,0,0,0,1061
01/23/2016,MSP,MN,AGL,CE,Towers with Radar,536,140,10,1,687,0,0,0,0,0,536,140,10,1,687,0,0,0,687
01/24/2016,MSP,MN,AGL,CE,Towers with Radar,705,195,13,0,913,1,0,0,0,1,706,195,13,0,914,0,0,0,914
01/25/2016,MSP,MN,AGL,CE,Towers with Radar,787,244,33,4,1068,0,0,0,0,0,787,244,33,4,1068,0,0,0,1068
01/26/2016,MSP,MN,AGL,CE,Towers with Radar,782,259,54,15,1110,0,0,0,0,0,782,259,54,15,1110,0,0,0,1110
01/27/2016,MSP,MN,AGL,CE,Towers with Radar,806,257,39,14,1116,0,0,0,0,0,806,257,39,14,1116,0,0,0,1116
01/28/2016,MSP,MN,AGL,CE,Towers with Radar,839,267,51,9,1166,0,0,0,0,0,839,267,51,9,1166,0,0,0,1166
01/29/2016,MSP,MN,AGL,CE,Towers with Radar,849,262,26,6,1143,0,0,2,0,2,849,262,28,6,1145,0,0,0,1145
01/30/2016,MSP,MN,AGL,CE,Towers with Radar,586,149,12,2,749,0,0,0,0,0,586,149,12,2,749,0,0,0,749
01/31/2016,MSP,MN,AGL,CE,Towers with Radar,737,201,12,4,954,0,0,0,0,0,737,201,12,4,954,0,0,0,954
02/01/2016,MSP,MN,AGL,CE,Towers with Radar,820,221,39,4,1084,0,0,3,0,3,820,221,42,4,1087,0,0,0,1087
02/02/2016,MSP,MN,AGL,CE,Towers with Radar,550,115,19,5,689,0,0,0,0,0,550,115,19,5,689,0,0,0,689
02/03/2016,MSP,MN,AGL,CE,Towers with Radar,838,233,48,8,1127,0,0,3,0,3,838,233,51,8,1130,0,0,0,1130
02/04/2016,MSP,MN,AGL,CE,Towers with Radar,838,252,39,9,1138,0,0,0,0,0,838,252,39,9,1138,0,0,0,1138
02/05/2016,MSP,MN,AGL,CE,Towers with Radar,827,243,28,2,1100,0,1,2,0,3,827,244,30,2,1103,0,0,0,1103
02/06/2016,MSP,MN,AGL,CE,Towers with Radar,595,141,8,1,745,0,0,1,0,1,595,141,9,1,746,0,0,0,746
02/07/2016,MSP,MN,AGL,CE,Towers with Radar,640,146,15,0,801,0,0,0,0,0,640,146,15,0,801,0,0,0,801
02/08/2016,MSP,MN,AGL,CE,Towers with Radar,832,218,27,7,1084,0,0,0,1,1,832,218,27,8,1085,0,0,0,1085
02/09/2016,MSP,MN,AGL,CE,Towers with Radar,790,246,26,14,1076,0,1,0,0,1,790,247,26,14,1077,0,0,0,1077
02/10/2016,MSP,MN,AGL,CE,Towers with Radar,816,251,39,12,1118,0,0,0,1,1,816,251,39,13,1119,0,0,0,1119
02/11/2016,MSP,MN,AGL,CE,Towers with Radar,848,254,41,9,1152,0,0,2,0,2,848,254,43,9,1154,0,0,0,1154
02/12/2016,MSP,MN,AGL,CE,Towers with Radar,859,269,22,5,1155,0,1,1,0,2,859,270,23,5,1157,0,0,0,1157
02/13/2016,MSP,MN,AGL,CE,Towers with Radar,606,144,7,1,758,0,0,0,0,0,606,144,7,1,758,0,0,0,758
02/14/2016,MSP,MN,AGL,CE,Towers with Radar,708,175,9,1,893,0,0,0,0,0,708,175,9,1,893,0,0,0,893
02/15/2016,MSP,MN,AGL,CE,Towers with Radar,837,241,37,0,1115,0,0,0,0,0,837,241,37,0,1115,0,0,0,1115
02/16/2016,MSP,MN,AGL,CE,Towers with Radar,832,242,43,16,1133,0,0,0,0,0,832,242,43,16,1133,0,0,0,1133
02/17/2016,MSP,MN,AGL,CE,Towers with Radar,846,255,46,15,1162,0,2,1,0,3,846,257,47,15,1165,0,0,0,1165
02/18/2016,MSP,MN,AGL,CE,Towers with Radar,871,248,49,11,1179,0,0,5,0,5,871,248,54,11,1184,0,0,0,1184
02/19/2016,MSP,MN,AGL,CE,Towers with Radar,873,255,31,3,1162,0,0,0,0,0,873,255,31,3,1162,0,0,0,1162
02/20/2016,MSP,MN,AGL,CE,Towers with Radar,623,162,6,1,792,0,0,3,0,3,623,162,9,1,795,0,0,0,795
02/21/2016,MSP,MN,AGL,CE,Towers with Radar,785,206,10,6,1007,0,0,4,0,4,785,206,14,6,1011,0,0,0,1011
02/22/2016,MSP,MN,AGL,CE,Towers with Radar,869,232,20,10,1131,0,0,4,0,4,869,232,24,10,1135,0,0,0,1135
02/23/2016,MSP,MN,AGL,CE,Towers with Radar,840,254,28,10,1132,0,0,6,0,6,840,254,34,10,1138,0,0,0,1138
02/24/2016,MSP,MN,AGL,CE,Towers with Radar,812,242,40,14,1108,0,1,1,0,2,812,243,41,14,1110,0,0,0,1110
02/25/2016,MSP,MN,AGL,CE,Towers with Radar,861,246,37,0,1144,0,0,0,0,0,861,246,37,0,1144,0,0,0,1144
02/26/2016,MSP,MN,AGL,CE,Towers with Radar,869,259,23,6,1157,0,0,3,0,3,869,259,26,6,1160,0,0,0,1160
02/27/2016,MSP,MN,AGL,CE,Towers with Radar,620,154,4,7,785,0,0,0,0,0,620,154,4,7,785,0,0,0,785
02/28/2016,MSP,MN,AGL,CE,Towers with Radar,784,198,12,0,994,0,0,0,0,0,784,198,12,0,994,0,0,0,994
02/29/2016,MSP,MN,AGL,CE,Towers with Radar,868,217,36,2,1123,0,0,0,0,0,868,217,36,2,1123,0,0,0,1123
03/01/2016,MSP,MN,AGL,CE,Towers with Radar,845,242,40,13,1140,0,0,1,0,1,845,242,41,13,1141,0,0,0,1141
03/02/2016,MSP,MN,AGL,CE,Towers with Radar,889,246,39,9,1183,0,0,0,0,0,889,246,39,9,1183,0,0,0,1183
03/03/2016,MSP,MN,AGL,CE,Towers with Radar,903,252,36,9,1200,0,0,0,0,0,903,252,36,9,1200,0,0,0,1200
03/04/2016,MSP,MN,AGL,CE,Towers with Radar,904,250,19,6,1179,0,0,0,0,0,904,250,19,6,1179,0,0,0,1179
03/05/2016,MSP,MN,AGL,CE,Towers with Radar,748,177,11,3,939,0,0,0,0,0,748,177,11,3,939,0,0,0,939
03/06/2016,MSP,MN,AGL,CE,Towers with Radar,856,211,11,7,1085,0,0,1,0,1,856,211,12,7,1086,0,0,0,1086
03/07/2016,MSP,MN,AGL,CE,Towers with Radar,911,223,36,2,1172,0,0,0,0,0,911,223,36,2,1172,0,0,0,1172
03/08/2016,MSP,MN,AGL,CE,Towers with Radar,888,241,46,12,1187,0,0,0,0,0,888,241,46,12,1187,0,0,0,1187
03/09/2016,MSP,MN,AGL,CE,Towers with Radar,887,249,52,9,1197,0,0,0,0,0,887,249,52,9,1197,0,0,0,1197
03/10/2016,MSP,MN,AGL,CE,Towers with Radar,915,242,31,12,1200,0,0,0,0,0,915,242,31,12,1200,0,0,0,1200
03/11/2016,MSP,MN,AGL,CE,Towers with Radar,910,239,16,5,1170,0,0,0,0,0,910,239,16,5,1170,0,0,0,1170
03/12/2016,MSP,MN,AGL,CE,Towers with Radar,753,174,9,3,939,0,0,1,6,7,753,174,10,9,946,0,0,0,946
03/13/2016,MSP,MN,AGL,CE,Towers with Radar,852,199,4,9,1064,0,0,0,0,0,852,199,4,9,1064,0,0,0,1064
03/14/2016,MSP,MN,AGL,CE,Towers with Radar,905,220,29,0,1154,0,0,0,0,0,905,220,29,0,1154,0,0,0,1154
03/15/2016,MSP,MN,AGL,CE,Towers with Radar,872,240,38,10,1160,0,0,0,0,0,872,240,38,10,1160,0,0,0,1160
03/16/2016,MSP,MN,AGL,CE,Towers with Radar,892,253,39,8,1192,0,0,2,0,2,892,253,41,8,1194,0,0,0,1194
03/17/2016,MSP,MN,AGL,CE,Towers with Radar,903,242,33,7,1185,0,0,0,0,0,903,242,33,7,1185,0,0,0,1185
03/18/2016,MSP,MN,AGL,CE,Towers with Radar,918,243,17,7,1185,0,0,0,0,0,918,243,17,7,1185,0,0,0,1185
03/19/2016,MSP,MN,AGL,CE,Towers with Radar,755,180,14,8,957,0,0,1,0,1,755,180,15,8,958,0,0,0,958
03/20/2016,MSP,MN,AGL,CE,Towers with Radar,868,210,10,2,1090,0,0,1,0,1,868,210,11,2,1091,0,0,0,1091
03/21/2016,MSP,MN,AGL,CE,Towers with Radar,912,220,33,11,1176,0,0,0,0,0,912,220,33,11,1176,0,0,0,1176
03/22/2016,MSP,MN,AGL,CE,Towers with Radar,878,250,44,12,1184,0,0,0,0,0,878,250,44,12,1184,0,0,0,1184
03/23/2016,MSP,MN,AGL,CE,Towers with Radar,838,208,29,3,1078,0,0,0,0,0,838,208,29,3,1078,0,0,0,1078
03/24/2016,MSP,MN,AGL,CE,Towers with Radar,909,248,35,5,1197,0,0,1,0,1,909,248,36,5,1198,0,0,0,1198
03/25/2016,MSP,MN,AGL,CE,Towers with Radar,919,235,20,1,1175,0,0,1,0,1,919,235,21,1,1176,0,0,0,1176
03/26/2016,MSP,MN,AGL,CE,Towers with Radar,751,175,10,3,939,0,0,1,0,1,751,175,11,3,940,0,0,0,940
03/27/2016,MSP,MN,AGL,CE,Towers with Radar,869,199,1,2,1071,0,0,0,0,0,869,199,1,2,1071,0,0,0,1071
03/28/2016,MSP,MN,AGL,CE,Towers with Radar,904,223,47,4,1178,0,0,0,1,1,904,223,47,5,1179,0,0,0,1179
03/29/2016,MSP,MN,AGL,CE,Towers with Radar,874,237,53,12,1176,0,0,3,1,4,874,237,56,13,1180,0,0,0,1180
03/30/2016,MSP,MN,AGL,CE,Towers with Radar,889,230,45,14,1178,0,0,1,0,1,889,230,46,14,1179,0,0,0,1179
03/31/2016,MSP,MN,AGL,CE,Towers with Radar,909,247,34,8,1198,0,0,0,0,0,909,247,34,8,1198,0,0,0,1198
04/01/2016,MSP,MN,AGL,CE,Towers with Radar,896,241,20,9,1166,0,1,1,1,3,896,242,21,10,1169,0,0,0,1169
04/02/2016,MSP,MN,AGL,CE,Towers with Radar,739,182,12,1,934,0,0,1,0,1,739,182,13,1,935,0,0,0,935
04/03/2016,MSP,MN,AGL,CE,Towers with Radar,855,205,18,3,1081,0,0,0,0,0,855,205,18,3,1081,0,0,0,1081
04/04/2016,MSP,MN,AGL,CE,Towers with Radar,885,206,26,6,1123,0,0,0,0,0,885,206,26,6,1123,0,0,0,1123
04/05/2016,MSP,MN,AGL,CE,Towers with Radar,902,216,47,13,1178,0,0,0,0,0,902,216,47,13,1178,0,0,0,1178
04/06/2016,MSP,MN,AGL,CE,Towers with Radar,899,231,47,14,1191,0,0,1,0,1,899,231,48,14,1192,0,0,0,1192
04/07/2016,MSP,MN,AGL,CE,Towers with Radar,912,231,53,13,1209,0,0,0,0,0,912,231,53,13,1209,0,0,0,1209
04/08/2016,MSP,MN,AGL,CE,Towers with Radar,916,230,28,0,1174,0,0,0,0,0,916,230,28,0,1174,0,0,0,1174
04/09/2016,MSP,MN,AGL,CE,Towers with Radar,708,140,10,1,859,0,0,1,0,1,708,140,11,1,860,0,0,0,860
04/10/2016,MSP,MN,AGL,CE,Towers with Radar,847,178,17,2,1044,0,0,0,0,0,847,178,17,2,1044,0,0,0,1044
04/11/2016,MSP,MN,AGL,CE,Towers with Radar,906,195,51,12,1164,0,0,0,2,2,906,195,51,14,1166,0,0,0,1166
04/12/2016,MSP,MN,AGL,CE,Towers with Radar,912,214,34,10,1170,0,0,2,1,3,912,214,36,11,1173,0,0,0,1173
04/13/2016,MSP,MN,AGL,CE,Towers with Radar,917,222,34,11,1184,0,0,5,1,6,917,222,39,12,1190,0,0,0,1190
04/14/2016,MSP,MN,AGL,CE,Towers with Radar,938,225,37,2,1202,0,0,0,0,0,938,225,37,2,1202,0,0,0,1202
04/15/2016,MSP,MN,AGL,CE,Towers with Radar,939,238,20,5,1202,0,0,5,0,5,939,238,25,5,1207,0,0,0,1207
04/16/2016,MSP,MN,AGL,CE,Towers with Radar,694,131,12,3,840,0,0,3,0,3,694,131,15,3,843,0,0,0,843
04/17/2016,MSP,MN,AGL,CE,Towers with Radar,850,175,23,2,1050,0,0,1,0,1,850,175,24,2,1051,0,0,0,1051
04/18/2016,MSP,MN,AGL,CE,Towers with Radar,915,198,36,10,1159,0,1,0,0,1,915,199,36,10,1160,0,0,0,1160
04/19/2016,MSP,MN,AGL,CE,Towers with Radar,914,229,47,18,1208,0,0,0,0,0,914,229,47,18,1208,0,0,0,1208
04/20/2016,MSP,MN,AGL,CE,Towers with Radar,908,223,35,16,1182,0,0,1,0,1,908,223,36,16,1183,0,0,0,1183
04/21/2016,MSP,MN,AGL,CE,Towers with Radar,942,221,37,11,1211,0,0,0,0,0,942,221,37,11,1211,0,0,0,1211
04/22/2016,MSP,MN,AGL,CE,Towers with Radar,930,227,30,6,1193,0,0,4,0,4,930,227,34,6,1197,0,0,0,1197
04/23/2016,MSP,MN,AGL,CE,Towers with Radar,694,133,8,3,838,0,0,0,0,0,694,133,8,3,838,0,0,0,838
04/24/2016,MSP,MN,AGL,CE,Towers with Radar,845,189,12,1,1047,0,0,0,0,0,845,189,12,1,1047,0,0,0,1047
04/25/2016,MSP,MN,AGL,CE,Towers with Radar,916,205,33,4,1158,0,0,1,0,1,916,205,34,4,1159,0,0,0,1159
04/26/2016,MSP,MN,AGL,CE,Towers with Radar,908,222,50,16,1196,0,0,2,0,2,908,222,52,16,1198,0,0,0,1198
04/27/2016,MSP,MN,AGL,CE,Towers with Radar,911,232,41,14,1198,0,0,0,1,1,911,232,41,15,1199,0,0,0,1199
04/28/2016,MSP,MN,AGL,CE,Towers with Radar,932,224,39,12,1207,0,0,0,0,0,932,224,39,12,1207,0,0,0,1207
04/29/2016,MSP,MN,AGL,CE,Towers with Radar,919,230,33,3,1185,0,0,8,1,9,919,230,41,4,1194,0,0,0,1194
04/30/2016,MSP,MN,AGL,CE,Towers with Radar,697,135,7,2,841,0,0,0,0,0,697,135,7,2,841,0,0,0,841
05/01/2016,MSP,MN,AGL,CE,Towers with Radar,842,199,25,2,1068,0,0,0,0,0,842,199,25,2,1068,0,0,0,1068
05/02/2016,MSP,MN,AGL,CE,Towers with Radar,894,248,39,5,1186,0,0,19,0,19,894,248,58,5,1205,0,0,0,1205
05/03/2016,MSP,MN,AGL,CE,Towers with Radar,876,264,40,11,1191,0,0,3,2,5,876,264,43,13,1196,0,0,0,1196
05/04/2016,MSP,MN,AGL,CE,Towers with Radar,875,260,34,9,1178,0,0,0,2,2,875,260,34,11,1180,0,0,0,1180
05/05/2016,MSP,MN,AGL,CE,Towers with Radar,902,260,31,11,1204,0,2,2,1,5,902,262,33,12,1209,0,0,0,1209
05/06/2016,MSP,MN,AGL,CE,Towers with Radar,889,260,17,11,1177,0,1,0,0,1,889,261,17,11,1178,0,0,0,1178
05/07/2016,MSP,MN,AGL,CE,Towers with Radar,628,132,6,8,774,0,0,1,3,4,628,132,7,11,778,0,0,0,778
05/08/2016,MSP,MN,AGL,CE,Towers with Radar,798,186,7,8,999,0,0,1,0,1,798,186,8,8,1000,0,0,0,1000
05/09/2016,MSP,MN,AGL,CE,Towers with Radar,886,230,33,4,1153,0,0,1,0,1,886,230,34,4,1154,0,0,0,1154
05/10/2016,MSP,MN,AGL,CE,Towers with Radar,881,256,40,17,1194,0,0,0,0,0,881,256,40,17,1194,0,0,0,1194
05/11/2016,MSP,MN,AGL,CE,Towers with Radar,889,258,36,12,1195,0,0,0,0,0,889,258,36,12,1195,0,0,0,1195
05/12/2016,MSP,MN,AGL,CE,Towers with Radar,908,266,49,14,1237,0,0,0,0,0,908,266,49,14,1237,0,0,0,1237
05/13/2016,MSP,MN,AGL,CE,Towers with Radar,904,257,30,6,1197,0,0,0,0,0,904,257,30,6,1197,0,0,0,1197
05/14/2016,MSP,MN,AGL,CE,Towers with Radar,653,138,10,2,803,0,0,0,0,0,653,138,10,2,803,0,0,0,803
05/15/2016,MSP,MN,AGL,CE,Towers with Radar,825,213,11,3,1052,0,0,1,0,1,825,213,12,3,1053,0,0,0,1053
05/16/2016,MSP,MN,AGL,CE,Towers with Radar,908,241,33,1,1183,0,0,8,0,8,908,241,41,1,1191,0,0,0,1191
05/17/2016,MSP,MN,AGL,CE,Towers with Radar,884,262,45,10,1201,0,0,2,3,5,884,262,47,13,1206,0,0,0,1206
05/18/2016,MSP,MN,AGL,CE,Towers with Radar,899,265,52,18,1234,0,0,3,1,4,899,265,55,19,1238,0,0,0,1238
05/19/2016,MSP,MN,AGL,CE,Towers with Radar,911,267,58,6,1242,0,0,3,1,4,911,267,61,7,1246,0,0,0,1246
05/20/2016,MSP,MN,AGL,CE,Towers with Radar,910,270,26,16,1222,0,0,1,3,4,910,270,27,19,1226,0,0,0,1226
05/21/2016,MSP,MN,AGL,CE,Towers with Radar,652,141,4,13,810,0,3,2,4,9,652,144,6,17,819,0,0,0,819
05/22/2016,MSP,MN,AGL,CE,Towers with Radar,850,204,10,5,1069,0,0,1,0,1,850,204,11,5,1070,0,0,0,1070
05/23/2016,MSP,MN,AGL,CE,Towers with Radar,902,243,35,12,1192,0,0,0,0,0,902,243,35,12,1192,0,0,0,1192
05/24/2016,MSP,MN,AGL,CE,Towers with Radar,880,259,48,13,1200,0,0,7,0,7,880,259,55,13,1207,0,0,0,1207
05/25/2016,MSP,MN,AGL,CE,Towers with Radar,891,258,46,15,1210,0,0,1,0,1,891,258,47,15,1211,0,0,0,1211
05/26/2016,MSP,MN,AGL,CE,Towers with Radar,916,275,42,7,1240,0,0,0,0,0,916,275,42,7,1240,0,0,0,1240
05/27/2016,MSP,MN,AGL,CE,Towers with Radar,900,270,10,2,1182,0,0,0,0,0,900,270,10,2,1182,0,0,0,1182
05/28/2016,MSP,MN,AGL,CE,Towers with Radar,639,117,9,3,768,0,0,0,0,0,639,117,9,3,768,0,0,0,768
05/29/2016,MSP,MN,AGL,CE,Towers with Radar,653,146,11,0,810,0,0,6,0,6,653,146,17,0,816,0,0,0,816
05/30/2016,MSP,MN,AGL,CE,Towers with Radar,818,208,9,0,1035,0,0,3,0,3,818,208,12,0,1038,0,0,0,1038
05/31/2016,MSP,MN,AGL,CE,Towers with Radar,880,256,38,15,1189,0,0,0,0,0,880,256,38,15,1189,0,0,0,1189
06/01/2016,MSP,MN,AGL,CE,Towers with Radar,896,291,36,22,1245,0,0,0,0,0,896,291,36,22,1245,0,0,0,1245
06/02/2016,MSP,MN,AGL,CE,Towers with Radar,921,256,42,16,1235,0,0,1,4,5,921,256,43,20,1240,0,0,0,1240
06/03/2016,MSP,MN,AGL,CE,Towers with Radar,929,258,31,9,1227,0,0,0,0,0,929,258,31,9,1227,0,0,0,1227
06/04/2016,MSP,MN,AGL,CE,Towers with Radar,672,143,5,10,830,0,0,0,1,1,672,143,5,11,831,0,0,0,831
06/05/2016,MSP,MN,AGL,CE,Towers with Radar,858,208,22,7,1095,0,1,2,2,5,858,209,24,9,1100,0,0,0,1100
06/06/2016,MSP,MN,AGL,CE,Towers with Radar,914,236,59,7,1216,0,0,0,1,1,914,236,59,8,1217,0,0,0,1217
06/07/2016,MSP,MN,AGL,CE,Towers with Radar,891,272,52,10,1225,0,3,3,1,7,891,275,55,11,1232,0,0,0,1232
06/08/2016,MSP,MN,AGL,CE,Towers with Radar,911,280,34,14,1239,0,0,4,0,4,911,280,38,14,1243,0,0,0,1243
06/09/2016,MSP,MN,AGL,CE,Towers with Radar,977,276,47,6,1306,0,0,1,0,1,977,276,48,6,1307,0,0,0,1307
06/10/2016,MSP,MN,AGL,CE,Towers with Radar,972,276,36,9,1293,0,0,0,0,0,972,276,36,9,1293,0,0,0,1293
06/11/2016,MSP,MN,AGL,CE,Towers with Radar,783,196,13,10,1002,0,0,0,0,0,783,196,13,10,1002,0,0,0,1002
06/12/2016,MSP,MN,AGL,CE,Towers with Radar,908,241,19,3,1171,0,0,1,0,1,908,241,20,3,1172,0,0,0,1172
06/13/2016,MSP,MN,AGL,CE,Towers with Radar,975,257,49,23,1304,0,0,0,0,0,975,257,49,23,1304,0,0,0,1304
06/14/2016,MSP,MN,AGL,CE,Towers with Radar,945,258,57,6,1266,0,0,8,0,8,945,258,65,6,1274,0,0,0,1274
06/15/2016,MSP,MN,AGL,CE,Towers with Radar,996,286,57,18,1357,0,0,0,0,0,996,286,57,18,1357,0,0,0,1357
06/16/2016,MSP,MN,AGL,CE,Towers with Radar,992,264,47,3,1306,0,0,1,2,3,992,264,48,5,1309,0,0,0,1309
06/17/2016,MSP,MN,AGL,CE,Towers with Radar,989,292,39,2,1322,0,0,17,0,17,989,292,56,2,1339,0,0,0,1339
06/18/2016,MSP,MN,AGL,CE,Towers with Radar,763,186,20,4,973,0,0,5,1,6,763,186,25,5,979,0,0,0,979
06/19/2016,MSP,MN,AGL,CE,Towers with Radar,920,226,25,1,1172,0,0,1,0,1,920,226,26,1,1173,0,0,0,1173
06/20/2016,MSP,MN,AGL,CE,Towers with Radar,989,253,50,6,1298,0,0,2,0,2,989,253,52,6,1300,0,0,0,1300
06/21/2016,MSP,MN,AGL,CE,Towers with Radar,978,279,55,11,1323,0,0,1,0,1,978,279,56,11,1324,0,0,0,1324
06/22/2016,MSP,MN,AGL,CE,Towers with Radar,977,277,57,17,1328,0,0,2,0,2,977,277,59,17,1330,0,0,0,1330
06/23/2016,MSP,MN,AGL,CE,Towers with Radar,989,278,59,16,1342,0,0,1,0,1,989,278,60,16,1343,0,0,0,1343
06/24/2016,MSP,MN,AGL,CE,Towers with Radar,996,285,33,12,1326,0,0,5,0,5,996,285,38,12,1331,0,0,0,1331
06/25/2016,MSP,MN,AGL,CE,Towers with Radar,777,188,17,6,988,0,0,3,1,4,777,188,20,7,992,0,0,0,992
06/26/2016,MSP,MN,AGL,CE,Towers with Radar,925,226,23,13,1187,0,1,3,0,4,925,227,26,13,1191,0,0,0,1191
06/27/2016,MSP,MN,AGL,CE,Towers with Radar,985,249,61,18,1313,0,0,0,0,0,985,249,61,18,1313,0,0,0,1313
06/28/2016,MSP,MN,AGL,CE,Towers with Radar,968,279,51,17,1315,0,0,4,0,4,968,279,55,17,1319,0,0,0,1319
06/29/2016,MSP,MN,AGL,CE,Towers with Radar,1001,286,55,11,1353,0,0,3,0,3,1001,286,58,11,1356,0,0,0,1356
06/30/2016,MSP,MN,AGL,CE,Towers with Radar,999,280,56,11,1346,0,2,3,0,5,999,282,59,11,1351,0,0,0,1351
07/01/2016,MSP,MN,AGL,CE,Towers with Radar,984,292,35,2,1313,0,0,1,0,1,984,292,36,2,1314,0,0,0,1314
07/02/2016,MSP,MN,AGL,CE,Towers with Radar,799,196,7,1,1003,0,0,4,0,4,799,196,11,1,1007,0,0,0,1007
07/03/2016,MSP,MN,AGL,CE,Towers with Radar,729,156,4,0,889,0,0,0,0,0,729,156,4,0,889,0,0,0,889
07/04/2016,MSP,MN,AGL,CE,Towers with Radar,725,159,4,1,889,0,0,0,0,0,725,159,4,1,889,0,0,0,889
07/05/2016,MSP,MN,AGL,CE,Towers with Radar,853,277,23,2,1155,0,0,2,0,2,853,277,25,2,1157,0,0,0,1157
07/06/2016,MSP,MN,AGL,CE,Towers with Radar,1063,299,23,4,1389,0,0,0,0,0,1063,299,23,4,1389,0,0,0,1389
07/07/2016,MSP,MN,AGL,CE,Towers with Radar,1001,277,24,4,1306,0,0,5,0,5,1001,277,29,4,1311,0,0,0,1311
07/08/2016,MSP,MN,AGL,CE,Towers with Radar,981,270,18,14,1283,0,0,0,0,0,981,270,18,14,1283,0,0,0,1283
07/09/2016,MSP,MN,AGL,CE,Towers with Radar,829,179,6,11,1025,0,0,4,0,4,829,179,10,11,1029,0,0,0,1029
07/10/2016,MSP,MN,AGL,CE,Towers with Radar,945,236,15,6,1202,0,0,0,0,0,945,236,15,6,1202,0,0,0,1202
07/11/2016,MSP,MN,AGL,CE,Towers with Radar,989,250,36,4,1279,0,0,0,0,0,989,250,36,4,1279,0,0,0,1279
07/12/2016,MSP,MN,AGL,CE,Towers with Radar,1007,306,35,16,1364,0,0,2,0,2,1007,306,37,16,1366,0,0,0,1366
07/13/2016,MSP,MN,AGL,CE,Towers with Radar,979,291,56,9,1335,0,0,1,1,2,979,291,57,10,1337,0,0,0,1337
07/14/2016,MSP,MN,AGL,CE,Towers with Radar,1007,305,42,20,1374,0,0,3,0,3,1007,305,45,20,1377,0,0,0,1377
07/15/2016,MSP,MN,AGL,CE,Towers with Radar,983,298,27,3,1311,0,0,3,0,3,983,298,30,3,1314,0,0,0,1314
07/16/2016,MSP,MN,AGL,CE,Towers with Radar,801,180,15,4,1000,0,0,0,0,0,801,180,15,4,1000,0,0,0,1000
07/17/2016,MSP,MN,AGL,CE,Towers with Radar,938,236,22,6,1202,0,0,1,0,1,938,236,23,6,1203,0,0,0,1203
07/18/2016,MSP,MN,AGL,CE,Towers with Radar,973,267,32,15,1287,0,0,11,1,12,973,267,43,16,1299,0,0,0,1299
07/19/2016,MSP,MN,AGL,CE,Towers with Radar,997,291,45,16,1349,0,0,4,1,5,997,291,49,17,1354,0,0,0,1354
07/20/2016,MSP,MN,AGL,CE,Towers with Radar,983,290,42,15,1330,0,0,2,1,3,983,290,44,16,1333,0,0,0,1333
07/21/2016,MSP,MN,AGL,CE,Towers with Radar,925,335,43,8,1311,0,0,8,0,8,925,335,51,8,1319,0,0,0,1319
07/22/2016,MSP,MN,AGL,CE,Towers with Radar,993,325,28,8,1354,0,1,0,0,1,993,326,28,8,1355,0,0,0,1355
07/23/2016,MSP,MN,AGL,CE,Towers with Radar,781,196,7,5,989,0,0,0,0,0,781,196,7,5,989,0,0,0,989
07/24/2016,MSP,MN,AGL,CE,Towers with Radar,913,279,13,2,1207,0,0,4,1,5,913,279,17,3,1212,0,0,0,1212
07/25/2016,MSP,MN,AGL,CE,Towers with Radar,940,307,41,12,1300,0,0,2,0,2,940,307,43,12,1302,0,0,0,1302
07/26/2016,MSP,MN,AGL,CE,Towers with Radar,956,313,53,20,1342,0,0,21,1,22,956,313,74,21,1364,0,0,0,1364
07/27/2016,MSP,MN,AGL,CE,Towers with Radar,939,347,53,12,1351,0,0,2,0,2,939,347,55,12,1353,0,0,0,1353
07/28/2016,MSP,MN,AGL,CE,Towers with Radar,913,354,50,12,1329,0,0,0,0,0,913,354,50,12,1329,0,0,0,1329
07/29/2016,MSP,MN,AGL,CE,Towers with Radar,950,339,20,4,1313,0,0,0,0,0,950,339,20,4,1313,0,0,0,1313
07/30/2016,MSP,MN,AGL,CE,Towers with Radar,749,224,16,2,991,0,2,4,0,6,749,226,20,2,997,0,0,0,997
07/31/2016,MSP,MN,AGL,CE,Towers with Radar,869,308,19,3,1199,0,1,0,0,1,869,309,19,3,1200,0,0,0,1200
08/01/2016,MSP,MN,AGL,CE,Towers with Radar,920,339,37,5,1301,0,0,2,1,3,920,339,39,6,1304,0,0,0,1304
08/02/2016,MSP,MN,AGL,CE,Towers with Radar,918,339,52,17,1326,0,0,1,0,1,918,339,53,17,1327,0,0,0,1327
08/03/2016,MSP,MN,AGL,CE,Towers with Radar,924,343,42,15,1324,0,0,4,1,5,924,343,46,16,1329,0,0,0,1329
08/04/2016,MSP,MN,AGL,CE,Towers with Radar,921,342,38,14,1315,0,0,0,2,2,921,342,38,16,1317,0,0,0,1317
08/05/2016,MSP,MN,AGL,CE,Towers with Radar,939,364,30,11,1344,0,0,2,0,2,939,364,32,11,1346,0,0,0,1346
08/06/2016,MSP,MN,AGL,CE,Towers with Radar,748,224,10,6,988,0,0,0,0,0,748,224,10,6,988,0,0,0,988
08/07/2016,MSP,MN,AGL,CE,Towers with Radar,865,303,16,9,1193,0,0,0,0,0,865,303,16,9,1193,0,0,0,1193
08/08/2016,MSP,MN,AGL,CE,Towers with Radar,781,343,35,19,1178,0,0,3,0,3,781,343,38,19,1181,0,0,0,1181
08/09/2016,MSP,MN,AGL,CE,Towers with Radar,879,338,48,24,1289,0,0,1,0,1,879,338,49,24,1290,0,0,0,1290
08/10/2016,MSP,MN,AGL,CE,Towers with Radar,829,336,37,17,1219,0,0,0,0,0,829,336,37,17,1219,0,0,0,1219
08/11/2016,MSP,MN,AGL,CE,Towers with Radar,971,363,28,11,1373,0,2,0,0,2,971,365,28,11,1375,0,0,0,1375
08/12/2016,MSP,MN,AGL,CE,Towers with Radar,904,362,29,15,1310,0,0,14,0,14,904,362,43,15,1324,0,0,0,1324
08/13/2016,MSP,MN,AGL,CE,Towers with Radar,758,226,12,12,1008,0,0,1,6,7,758,226,13,18,1015,0,0,0,1015
08/14/2016,MSP,MN,AGL,CE,Towers with Radar,857,314,15,10,1196,0,0,2,0,2,857,314,17,10,1198,0,0,0,1198
08/15/2016,MSP,MN,AGL,CE,Towers with Radar,908,330,33,15,1286,0,0,0,0,0,908,330,33,15,1286,0,0,0,1286
08/16/2016,MSP,MN,AGL,CE,Towers with Radar,883,344,43,14,1284,0,1,3,0,4,883,345,46,14,1288,0,0,0,1288
08/17/2016,MSP,MN,AGL,CE,Towers with Radar,910,338,35,12,1295,0,0,4,0,4,910,338,39,12,1299,0,0,0,1299
08/18/2016,MSP,MN,AGL,CE,Towers with Radar,893,368,33,5,1299,0,0,11,0,11,893,368,44,5,1310,0,0,0,1310
08/19/2016,MSP,MN,AGL,CE,Towers with Radar,878,367,21,5,1271,0,0,1,0,1,878,367,22,5,1272,0,0,0,1272
08/20/2016,MSP,MN,AGL,CE,Towers with Radar,698,233,8,3,942,0,0,7,0,7,698,233,15,3,949,0,0,0,949
08/21/2016,MSP,MN,AGL,CE,Towers with Radar,830,308,12,3,1153,0,0,5,0,5,830,308,17,3,1158,0,0,0,1158
08/22/2016,MSP,MN,AGL,CE,Towers with Radar,876,361,40,14,1291,0,0,2,1,3,876,361,42,15,1294,0,0,0,1294
08/23/2016,MSP,MN,AGL,CE,Towers with Radar,861,350,56,15,1282,1,0,3,0,4,862,350,59,15,1286,0,0,0,1286
08/24/2016,MSP,MN,AGL,CE,Towers with Radar,858,370,45,15,1288,0,0,12,0,12,858,370,57,15,1300,0,0,0,1300
08/25/2016,MSP,MN,AGL,CE,Towers with Radar,872,386,52,5,1315,0,0,6,1,7,872,386,58,6,1322,0,0,0,1322
08/26/2016,MSP,MN,AGL,CE,Towers with Radar,866,384,36,15,1301,0,0,1,0,1,866,384,37,15,1302,0,0,0,1302
08/27/2016,MSP,MN,AGL,CE,Towers with Radar,605,211,7,7,830,0,0,0,0,0,605,211,7,7,830,0,0,0,830
08/28/2016,MSP,MN,AGL,CE,Towers with Radar,779,262,9,6,1056,0,0,4,0,4,779,262,13,6,1060,0,0,0,1060
08/29/2016,MSP,MN,AGL,CE,Towers with Radar,851,318,45,5,1219,0,0,4,0,4,851,318,49,5,1223,0,0,0,1223
08/30/2016,MSP,MN,AGL,CE,Towers with Radar,842,334,44,12,1232,0,0,2,0,2,842,334,46,12,1234,0,0,0,1234
08/31/2016,MSP,MN,AGL,CE,Towers with Radar,900,277,37,16,1230,0,0,0,2,2,900,277,37,18,1232,0,0,0,1232
09/01/2016,MSP,MN,AGL,CE,Towers with Radar,932,264,40,11,1247,0,0,6,0,6,932,264,46,11,1253,0,0,0,1253
09/02/2016,MSP,MN,AGL,CE,Towers with Radar,926,270,26,2,1224,0,0,0,0,0,926,270,26,2,1224,0,0,0,1224
09/03/2016,MSP,MN,AGL,CE,Towers with Radar,569,131,1,0,701,0,0,4,0,4,569,131,5,0,705,0,0,0,705
09/04/2016,MSP,MN,AGL,CE,Towers with Radar,641,123,5,1,770,0,0,0,0,0,641,123,5,1,770,0,0,0,770
09/05/2016,MSP,MN,AGL,CE,Towers with Radar,786,210,10,0,1006,0,0,0,0,0,786,210,10,0,1006,0,0,0,1006
09/06/2016,MSP,MN,AGL,CE,Towers with Radar,901,259,28,13,1201,0,0,0,0,0,901,259,28,13,1201,0,0,0,1201
09/07/2016,MSP,MN,AGL,CE,Towers with Radar,888,260,34,12,1194,0,0,0,0,0,888,260,34,12,1194,0,0,0,1194
09/08/2016,MSP,MN,AGL,CE,Towers with Radar,907,263,35,18,1223,0,0,6,0,6,907,263,41,18,1229,0,0,0,1229
09/09/2016,MSP,MN,AGL,CE,Towers with Radar,897,242,23,10,1172,0,0,8,0,8,897,242,31,10,1180,0,0,0,1180
09/10/2016,MSP,MN,AGL,CE,Towers with Radar,581,142,14,4,741,0,1,3,4,8,581,143,17,8,749,0,0,0,749
09/11/2016,MSP,MN,AGL,CE,Towers with Radar,860,205,20,5,1090,0,0,1,1,2,860,205,21,6,1092,0,0,0,1092
09/12/2016,MSP,MN,AGL,CE,Towers with Radar,928,229,53,7,1217,0,0,0,0,0,928,229,53,7,1217,0,0,0,1217
09/13/2016,MSP,MN,AGL,CE,Towers with Radar,918,255,59,11,1243,0,0,4,1,5,918,255,63,12,1248,0,0,0,1248
09/14/2016,MSP,MN,AGL,CE,Towers with Radar,924,260,42,15,1241,0,0,1,0,1,924,260,43,15,1242,0,0,0,1242
09/15/2016,MSP,MN,AGL,CE,Towers with Radar,935,262,42,9,1248,0,0,0,1,1,935,262,42,10,1249,0,0,0,1249
09/16/2016,MSP,MN,AGL,CE,Towers with Radar,929,259,26,7,1221,0,0,0,0,0,929,259,26,7,1221,0,0,0,1221
09/17/2016,MSP,MN,AGL,CE,Towers with Radar,631,158,12,4,805,0,0,1,0,1,631,158,13,4,806,0,0,0,806
09/18/2016,MSP,MN,AGL,CE,Towers with Radar,863,219,43,2,1127,0,0,2,1,3,863,219,45,3,1130,0,0,0,1130
09/19/2016,MSP,MN,AGL,CE,Towers with Radar,926,272,35,19,1252,0,0,0,1,1,926,272,35,20,1253,0,0,0,1253
09/20/2016,MSP,MN,AGL,CE,Towers with Radar,925,261,47,19,1252,0,0,4,4,8,925,261,51,23,1260,0,0,0,1260
09/21/2016,MSP,MN,AGL,CE,Towers with Radar,833,247,44,8,1132,0,0,0,0,0,833,247,44,8,1132,0,0,0,1132
09/22/2016,MSP,MN,AGL,CE,Towers with Radar,1000,282,56,6,1344,0,0,0,0,0,1000,282,56,6,1344,0,0,0,1344
09/23/2016,MSP,MN,AGL,CE,Towers with Radar,921,255,43,8,1227,0,0,0,0,0,921,255,43,8,1227,0,0,0,1227
09/24/2016,MSP,MN,AGL,CE,Towers with Radar,631,143,13,6,793,0,0,0,0,0,631,143,13,6,793,0,0,0,793
09/25/2016,MSP,MN,AGL,CE,Towers with Radar,870,202,21,8,1101,0,0,1,0,1,870,202,22,8,1102,0,0,0,1102
09/26/2016,MSP,MN,AGL,CE,Towers with Radar,934,260,39,7,1240,0,0,0,0,0,934,260,39,7,1240,0,0,0,1240
09/27/2016,MSP,MN,AGL,CE,Towers with Radar,921,278,56,15,1270,0,0,3,0,3,921,278,59,15,1273,0,0,0,1273
09/28/2016,MSP,MN,AGL,CE,Towers with Radar,923,278,48,15,1264,0,0,0,0,0,923,278,48,15,1264,0,0,0,1264
09/29/2016,MSP,MN,AGL,CE,Towers with Radar,937,310,47,9,1303,0,0,0,2,2,937,310,47,11,1305,0,0,0,1305
09/30/2016,MSP,MN,AGL,CE,Towers with Radar,922,287,54,1,1264,0,0,1,0,1,922,287,55,1,1265,0,0,0,1265
10/01/2016,MSP,MN,AGL,CE,Towers with Radar,641,148,26,0,815,0,0,0,0,0,641,148,26,0,815,0,0,0,815
10/02/2016,MSP,MN,AGL,CE,Towers with Radar,850,220,40,1,1111,0,0,0,0,0,850,220,40,1,1111,0,0,0,1111
10/03/2016,MSP,MN,AGL,CE,Towers with Radar,928,248,44,7,1227,0,1,3,1,5,928,249,47,8,1232,0,0,0,1232
10/04/2016,MSP,MN,AGL,CE,Towers with Radar,923,258,62,16,1259,0,0,0,0,0,923,258,62,16,1259,0,0,0,1259
10/05/2016,MSP,MN,AGL,CE,Towers with Radar,935,256,49,13,1253,0,0,1,1,2,935,256,50,14,1255,0,0,0,1255
10/06/2016,MSP,MN,AGL,CE,Towers with Radar,923,253,29,11,1216,0,0,1,0,1,923,253,30,11,1217,0,0,0,1217
10/07/2016,MSP,MN,AGL,CE,Towers with Radar,916,248,23,0,1187,0,1,0,0,1,916,249,23,0,1188,0,0,0,1188
10/08/2016,MSP,MN,AGL,CE,Towers with Radar,634,135,12,2,783,0,0,3,0,3,634,135,15,2,786,0,0,0,786
10/09/2016,MSP,MN,AGL,CE,Towers with Radar,845,194,26,0,1065,0,0,0,0,0,845,194,26,0,1065,0,0,0,1065
10/10/2016,MSP,MN,AGL,CE,Towers with Radar,925,228,40,0,1193,0,0,0,0,0,925,228,40,0,1193,0,0,0,1193
10/11/2016,MSP,MN,AGL,CE,Towers with Radar,919,251,37,13,1220,0,0,0,0,0,919,251,37,13,1220,0,0,0,1220
10/12/2016,MSP,MN,AGL,CE,Towers with Radar,926,261,41,13,1241,0,0,1,1,2,926,261,42,14,1243,0,0,0,1243
10/13/2016,MSP,MN,AGL,CE,Towers with Radar,935,260,34,14,1243,0,0,7,0,7,935,260,41,14,1250,0,0,0,1250
10/14/2016,MSP,MN,AGL,CE,Towers with Radar,929,263,35,20,1247,0,1,1,0,2,929,264,36,20,1249,0,0,0,1249
10/15/2016,MSP,MN,AGL,CE,Towers with Radar,642,138,11,11,802,0,0,0,0,0,642,138,11,11,802,0,0,0,802
10/16/2016,MSP,MN,AGL,CE,Towers with Radar,847,200,21,5,1073,0,0,0,0,0,847,200,21,5,1073,0,0,0,1073
10/17/2016,MSP,MN,AGL,CE,Towers with Radar,950,222,48,21,1241,0,0,1,0,1,950,222,49,21,1242,0,0,0,1242
10/18/2016,MSP,MN,AGL,CE,Towers with Radar,929,253,43,11,1236,0,0,0,1,1,929,253,43,12,1237,0,0,0,1237
10/19/2016,MSP,MN,AGL,CE,Towers with Radar,931,276,50,14,1271,0,0,0,1,1,931,276,50,15,1272,0,0,0,1272
10/20/2016,MSP,MN,AGL,CE,Towers with Radar,944,257,43,8,1252,0,1,0,0,1,944,258,43,8,1253,0,0,0,1253
10/21/2016,MSP,MN,AGL,CE,Towers with Radar,917,256,30,3,1206,0,1,0,0,1,917,257,30,3,1207,0,0,0,1207
10/22/2016,MSP,MN,AGL,CE,Towers with Radar,653,138,11,4,806,0,0,5,0,5,653,138,16,4,811,0,0,0,811
10/23/2016,MSP,MN,AGL,CE,Towers with Radar,856,191,20,1,1068,0,0,0,0,0,856,191,20,1,1068,0,0,0,1068
10/24/2016,MSP,MN,AGL,CE,Towers with Radar,915,228,46,4,1193,0,0,1,0,1,915,228,47,4,1194,0,0,0,1194
10/25/2016,MSP,MN,AGL,CE,Towers with Radar,897,242,39,17,1195,0,0,0,0,0,897,242,39,17,1195,0,0,0,1195
10/26/2016,MSP,MN,AGL,CE,Towers with Radar,898,251,37,10,1196,0,0,0,0,0,898,251,37,10,1196,0,0,0,1196
10/27/2016,MSP,MN,AGL,CE,Towers with Radar,937,263,53,10,1263,0,0,0,0,0,937,263,53,10,1263,0,0,0,1263
10/28/2016,MSP,MN,AGL,CE,Towers with Radar,915,257,38,2,1212,0,1,0,0,1,915,258,38,2,1213,0,0,0,1213
10/29/2016,MSP,MN,AGL,CE,Towers with Radar,643,140,5,0,788,0,0,0,0,0,643,140,5,0,788,0,0,0,788
10/30/2016,MSP,MN,AGL,CE,Towers with Radar,781,187,14,3,985,0,0,0,0,0,781,187,14,3,985,0,0,0,985
10/31/2016,MSP,MN,AGL,CE,Towers with Radar,840,209,34,3,1086,0,0,0,0,0,840,209,34,3,1086,0,0,0,1086
11/01/2016,MSP,MN,AGL,CE,Towers with Radar,889,250,51,7,1197,0,0,0,0,0,889,250,51,7,1197,0,0,0,1197
11/02/2016,MSP,MN,AGL,CE,Towers with Radar,886,256,32,13,1187,0,0,0,0,0,886,256,32,13,1187,0,0,0,1187
11/03/2016,MSP,MN,AGL,CE,Towers with Radar,903,229,32,15,1179,0,0,0,0,0,903,229,32,15,1179,0,0,0,1179
11/04/2016,MSP,MN,AGL,CE,Towers with Radar,921,257,17,9,1204,0,1,0,1,2,921,258,17,10,1206,0,0,0,1206
11/05/2016,MSP,MN,AGL,CE,Towers with Radar,635,144,9,7,795,0,0,4,1,5,635,144,13,8,800,0,0,0,800
11/06/2016,MSP,MN,AGL,CE,Towers with Radar,814,195,24,5,1038,0,0,0,0,0,814,195,24,5,1038,0,0,0,1038
11/07/2016,MSP,MN,AGL,CE,Towers with Radar,795,210,42,4,1051,0,0,0,0,0,795,210,42,4,1051,0,0,0,1051
11/08/2016,MSP,MN,AGL,CE,Towers with Radar,785,231,47,15,1078,0,1,0,0,1,785,232,47,15,1079,0,0,0,1079
11/09/2016,MSP,MN,AGL,CE,Towers with Radar,914,283,46,14,1257,0,1,0,0,1,914,284,46,14,1258,0,0,0,1258
11/10/2016,MSP,MN,AGL,CE,Towers with Radar,912,257,32,14,1215,0,0,3,0,3,912,257,35,14,1218,0,0,0,1218
11/11/2016,MSP,MN,AGL,CE,Towers with Radar,894,267,18,2,1181,0,0,0,0,0,894,267,18,2,1181,0,0,0,1181
11/12/2016,MSP,MN,AGL,CE,Towers with Radar,623,143,12,3,781,0,0,2,0,2,623,143,14,3,783,0,0,0,783
11/13/2016,MSP,MN,AGL,CE,Towers with Radar,840,200,5,0,1045,0,0,3,0,3,840,200,8,0,1048,0,0,0,1048
11/14/2016,MSP,MN,AGL,CE,Towers with Radar,898,239,26,6,1169,0,0,0,0,0,898,239,26,6,1169,0,0,0,1169
11/15/2016,MSP,MN,AGL,CE,Towers with Radar,913,271,55,11,1250,0,0,2,1,3,913,271,57,12,1253,0,0,0,1253
11/16/2016,MSP,MN,AGL,CE,Towers with Radar,907,261,36,6,1210,0,0,0,0,0,907,261,36,6,1210,0,0,0,1210
11/17/2016,MSP,MN,AGL,CE,Towers with Radar,917,267,40,7,1231,0,0,0,0,0,917,267,40,7,1231,0,0,0,1231
11/18/2016,MSP,MN,AGL,CE,Towers with Radar,916,246,25,5,1192,0,0,1,0,1,916,246,26,5,1193,0,0,0,1193
11/19/2016,MSP,MN,AGL,CE,Towers with Radar,645,165,15,4,829,0,0,0,0,0,645,165,15,4,829,0,0,0,829
11/20/2016,MSP,MN,AGL,CE,Towers with Radar,748,175,17,2,942,0,0,0,0,0,748,175,17,2,942,0,0,0,942
11/21/2016,MSP,MN,AGL,CE,Towers with Radar,752,194,34,19,999,0,0,1,0,1,752,194,35,19,1000,0,0,0,1000
11/22/2016,MSP,MN,AGL,CE,Towers with Radar,833,252,35,1,1121,0,0,0,0,0,833,252,35,1,1121,0,0,0,1121
11/23/2016,MSP,MN,AGL,CE,Towers with Radar,934,289,16,7,1246,0,0,0,0,0,934,289,16,7,1246,0,0,0,1246
11/24/2016,MSP,MN,AGL,CE,Towers with Radar,479,125,5,0,609,0,0,0,0,0,479,125,5,0,609,0,0,0,609
11/25/2016,MSP,MN,AGL,CE,Towers with Radar,568,162,1,0,731,0,0,0,0,0,568,162,1,0,731,0,0,0,731
11/26/2016,MSP,MN,AGL,CE,Towers with Radar,842,231,10,1,1084,0,0,0,0,0,842,231,10,1,1084,0,0,0,1084
11/27/2016,MSP,MN,AGL,CE,Towers with Radar,919,202,16,0,1137,0,0,0,0,0,919,202,16,0,1137,0,0,0,1137
11/28/2016,MSP,MN,AGL,CE,Towers with Radar,943,237,37,4,1221,0,0,1,0,1,943,237,38,4,1222,0,0,0,1222
11/29/2016,MSP,MN,AGL,CE,Towers with Radar,892,247,46,15,1200,0,0,0,0,0,892,247,46,15,1200,0,0,0,1200
11/30/2016,MSP,MN,AGL,CE,Towers with Radar,865,256,41,14,1176,0,0,0,0,0,865,256,41,14,1176,0,0,0,1176
12/01/2016,MSP,MN,AGL,CE,Towers with Radar,883,259,46,12,1200,0,0,0,0,0,883,259,46,12,1200,0,0,0,1200
12/02/2016,MSP,MN,AGL,CE,Towers with Radar,855,252,46,13,1166,0,0,0,0,0,855,252,46,13,1166,0,0,0,1166
12/03/2016,MSP,MN,AGL,CE,Towers with Radar,578,124,6,2,710,0,0,0,0,0,578,124,6,2,710,0,0,0,710
12/04/2016,MSP,MN,AGL,CE,Towers with Radar,770,169,15,7,961,0,0,0,0,0,770,169,15,7,961,0,0,0,961
12/05/2016,MSP,MN,AGL,CE,Towers with Radar,856,212,48,9,1125,0,0,0,0,0,856,212,48,9,1125,0,0,0,1125
12/06/2016,MSP,MN,AGL,CE,Towers with Radar,836,233,42,15,1126,0,0,4,0,4,836,233,46,15,1130,0,0,0,1130
12/07/2016,MSP,MN,AGL,CE,Towers with Radar,863,258,59,14,1194,0,0,1,0,1,863,258,60,14,1195,0,0,0,1195
12/08/2016,MSP,MN,AGL,CE,Towers with Radar,890,244,43,8,1185,0,0,0,0,0,890,244,43,8,1185,0,0,0,1185
12/09/2016,MSP,MN,AGL,CE,Towers with Radar,869,239,17,0,1125,0,0,0,0,0,869,239,17,0,1125,0,0,0,1125
12/10/2016,MSP,MN,AGL,CE,Towers with Radar,581,121,10,0,712,0,0,0,0,0,581,121,10,0,712,0,0,0,712
12/11/2016,MSP,MN,AGL,CE,Towers with Radar,746,172,18,0,936,0,0,0,0,0,746,172,18,0,936,0,0,0,936
12/12/2016,MSP,MN,AGL,CE,Towers with Radar,865,222,50,16,1153,0,0,1,0,1,865,222,51,16,1154,0,0,0,1154
12/13/2016,MSP,MN,AGL,CE,Towers with Radar,873,254,50,16,1193,0,0,0,2,2,873,254,50,18,1195,0,0,0,1195
12/14/2016,MSP,MN,AGL,CE,Towers with Radar,860,256,34,8,1158,0,0,0,1,1,860,256,34,9,1159,0,0,0,1159
12/15/2016,MSP,MN,AGL,CE,Towers with Radar,882,241,40,4,1167,0,0,0,0,0,882,241,40,4,1167,0,0,0,1167
12/16/2016,MSP,MN,AGL,CE,Towers with Radar,804,207,24,2,1037,0,0,0,0,0,804,207,24,2,1037,0,0,0,1037
12/17/2016,MSP,MN,AGL,CE,Towers with Radar,783,211,18,1,1013,0,0,0,0,0,783,211,18,1,1013,0,0,0,1013
12/18/2016,MSP,MN,AGL,CE,Towers with Radar,795,194,15,0,1004,0,0,0,0,0,795,194,15,0,1004,0,0,0,1004
12/19/2016,MSP,MN,AGL,CE,Towers with Radar,836,247,32,11,1126,0,0,0,1,1,836,247,32,12,1127,0,0,0,1127
12/20/2016,MSP,MN,AGL,CE,Towers with Radar,866,266,28,11,1171,0,0,0,1,1,866,266,28,12,1172,0,0,0,1172
12/21/2016,MSP,MN,AGL,CE,Towers with Radar,897,267,26,8,1198,0,0,0,0,0,897,267,26,8,1198,0,0,0,1198
12/22/2016,MSP,MN,AGL,CE,Towers with Radar,910,276,20,3,1209,0,0,0,0,0,910,276,20,3,1209,0,0,0,1209
12/23/2016,MSP,MN,AGL,CE,Towers with Radar,905,252,14,0,1171,0,0,0,0,0,905,252,14,0,1171,0,0,0,1171
12/24/2016,MSP,MN,AGL,CE,Towers with Radar,694,186,4,0,884,0,0,0,0,0,694,186,4,0,884,0,0,0,884
12/25/2016,MSP,MN,AGL,CE,Towers with Radar,612,98,2,0,712,0,0,0,0,0,612,98,2,0,712,0,0,0,712
12/26/2016,MSP,MN,AGL,CE,Towers with Radar,839,177,14,0,1030,0,0,0,0,0,839,177,14,0,1030,0,0,0,1030
12/27/2016,MSP,MN,AGL,CE,Towers with Radar,909,260,28,7,1204,0,0,0,0,0,909,260,28,7,1204,0,0,0,1204
12/28/2016,MSP,MN,AGL,CE,Towers with Radar,903,258,7,14,1182,0,0,0,0,0,903,258,7,14,1182,0,0,0,1182
12/29/2016,MSP,MN,AGL,CE,Towers with Radar,864,263,9,8,1144,0,0,1,0,1,864,263,10,8,1145,0,0,0,1145
12/30/2016,MSP,MN,AGL,CE,Towers with Radar,866,251,4,0,1121,0,0,0,0,0,866,251,4,0,1121,0,0,0,1121
12/31/2016,MSP,MN,AGL,CE,Towers with Radar,711,171,5,0,887,0,0,1,0,1,711,171,6,0,888,0,0,0,888
01/01/2017,MSP,MN,AGL,CE,Towers with Radar,680,128,8,0,816,0,0,0,0,0,680,128,8,0,816,0,0,0,816
01/02/2017,MSP,MN,AGL,CE,Towers with Radar,829,203,18,0,1050,0,0,0,0,0,829,203,18,0,1050,0,0,0,1050
01/03/2017,MSP,MN,AGL,CE,Towers with Radar,811,239,18,6,1074,0,0,0,0,0,811,239,18,6,1074,0,0,0,1074
01/04/2017,MSP,MN,AGL,CE,Towers with Radar,803,245,27,9,1084,0,0,0,0,0,803,245,27,9,1084,0,0,0,1084
01/05/2017,MSP,MN,AGL,CE,Towers with Radar,823,232,31,5,1091,0,0,0,0,0,823,232,31,5,1091,0,0,0,1091
01/06/2017,MSP,MN,AGL,CE,Towers with Radar,824,251,30,13,1118,0,0,0,0,0,824,251,30,13,1118,0,0,0,1118
01/07/2017,MSP,MN,AGL,CE,Towers with Radar,586,137,13,2,738,0,0,0,0,0,586,137,13,2,738,0,0,0,738
01/08/2017,MSP,MN,AGL,CE,Towers with Radar,789,177,13,7,986,0,0,0,0,0,789,177,13,7,986,0,0,0,986
01/09/2017,MSP,MN,AGL,CE,Towers with Radar,859,217,30,4,1110,0,0,0,0,0,859,217,30,4,1110,0,0,0,1110
01/10/2017,MSP,MN,AGL,CE,Towers with Radar,792,224,30,2,1048,0,0,9,0,9,792,224,39,2,1057,0,0,0,1057
01/11/2017,MSP,MN,AGL,CE,Towers with Radar,827,246,39,9,1121,0,1,0,0,1,827,247,39,9,1122,0,0,0,1122
01/12/2017,MSP,MN,AGL,CE,Towers with Radar,876,259,50,9,1194,0,0,0,0,0,876,259,50,9,1194,0,0,0,1194
01/13/2017,MSP,MN,AGL,CE,Towers with Radar,869,240,18,5,1132,0,0,0,0,0,869,240,18,5,1132,0,0,0,1132
01/14/2017,MSP,MN,AGL,CE,Towers with Radar,579,123,5,0,707,0,0,0,0,0,579,123,5,0,707,0,0,0,707
01/15/2017,MSP,MN,AGL,CE,Towers with Radar,673,144,9,0,826,0,0,0,0,0,673,144,9,0,826,0,0,0,826
01/16/2017,MSP,MN,AGL,CE,Towers with Radar,854,210,31,1,1096,0,0,0,0,0,854,210,31,1,1096,0,0,0,1096
01/17/2017,MSP,MN,AGL,CE,Towers with Radar,831,250,32,4,1117,0,0,0,0,0,831,250,32,4,1117,0,0,0,1117
01/18/2017,MSP,MN,AGL,CE,Towers with Radar,816,242,37,5,1100,0,0,3,0,3,816,242,40,5,1103,0,0,0,1103
01/19/2017,MSP,MN,AGL,CE,Towers with Radar,860,257,40,5,1162,0,0,0,0,0,860,257,40,5,1162,0,0,0,1162
01/20/2017,MSP,MN,AGL,CE,Towers with Radar,867,242,29,1,1139,0,0,0,0,0,867,242,29,1,1139,0,0,0,1139
01/21/2017,MSP,MN,AGL,CE,Towers with Radar,620,117,5,1,743,0,0,0,0,0,620,117,5,1,743,0,0,0,743
01/22/2017,MSP,MN,AGL,CE,Towers with Radar,778,165,14,3,960,0,0,0,0,0,778,165,14,3,960,0,0,0,960
01/23/2017,MSP,MN,AGL,CE,Towers with Radar,853,214,43,6,1116,0,0,1,0,1,853,214,44,6,1117,0,0,0,1117
01/24/2017,MSP,MN,AGL,CE,Towers with Radar,822,242,38,8,1110,0,2,0,0,2,822,244,38,8,1112,0,0,0,1112
01/25/2017,MSP,MN,AGL,CE,Towers with Radar,828,253,42,10,1133,1,0,0,0,1,829,253,42,10,1134,0,0,0,1134
01/26/2017,MSP,MN,AGL,CE,Towers with Radar,860,247,52,0,1159,0,0,0,0,0,860,247,52,0,1159,0,0,0,1159
01/27/2017,MSP,MN,AGL,CE,Towers with Radar,871,239,34,3,1147,0,2,1,0,3,871,241,35,3,1150,0,0,0,1150
01/28/2017,MSP,MN,AGL,CE,Towers with Radar,607,135,3,2,747,0,0,0,0,0,607,135,3,2,747,0,0,0,747
01/29/2017,MSP,MN,AGL,CE,Towers with Radar,727,175,13,2,917,0,1,0,0,1,727,176,13,2,918,0,0,0,918
01/30/2017,MSP,MN,AGL,CE,Towers with Radar,891,212,30,0,1133,0,0,0,0,0,891,212,30,0,1133,0,0,0,1133
01/31/2017,MSP,MN,AGL,CE,Towers with Radar,813,258,54,14,1139,0,0,0,0,0,813,258,54,14,1139,0,0,0,1139
02/01/2017,MSP,MN,AGL,CE,Towers with Radar,821,237,50,4,1112,0,0,0,1,1,821,237,50,5,1113,0,0,0,1113
02/02/2017,MSP,MN,AGL,CE,Towers with Radar,859,249,49,7,1164,0,0,2,1,3,859,249,51,8,1167,0,0,0,1167
02/03/2017,MSP,MN,AGL,CE,Towers with Radar,878,246,24,3,1151,0,0,0,0,0,878,246,24,3,1151,0,0,0,1151
02/04/2017,MSP,MN,AGL,CE,Towers with Radar,588,120,7,1,716,0,0,0,0,0,588,120,7,1,716,0,0,0,716
02/05/2017,MSP,MN,AGL,CE,Towers with Radar,667,136,10,2,815,0,0,0,0,0,667,136,10,2,815,0,0,0,815
02/06/2017,MSP,MN,AGL,CE,Towers with Radar,867,219,46,5,1137,0,0,0,0,0,867,219,46,5,1137,0,0,0,1137
02/07/2017,MSP,MN,AGL,CE,Towers with Radar,817,252,53,10,1132,0,0,0,0,0,817,252,53,10,1132,0,0,0,1132
02/08/2017,MSP,MN,AGL,CE,Towers with Radar,832,250,49,8,1139,0,3,0,0,3,832,253,49,8,1142,0,0,0,1142
02/09/2017,MSP,MN,AGL,CE,Towers with Radar,856,246,43,8,1153,0,0,6,0,6,856,246,49,8,1159,0,0,0,1159
02/10/2017,MSP,MN,AGL,CE,Towers with Radar,884,247,29,8,1168,0,0,0,0,0,884,247,29,8,1168,0,0,0,1168
02/11/2017,MSP,MN,AGL,CE,Towers with Radar,626,134,10,1,771,0,0,0,0,0,626,134,10,1,771,0,0,0,771
02/12/2017,MSP,MN,AGL,CE,Towers with Radar,788,185,9,5,987,0,0,0,0,0,788,185,9,5,987,0,0,0,987
02/13/2017,MSP,MN,AGL,CE,Towers with Radar,866,218,33,1,1118,0,0,0,0,0,866,218,33,1,1118,0,0,0,1118
02/14/2017,MSP,MN,AGL,CE,Towers with Radar,866,263,30,14,1173,0,0,5,0,5,866,263,35,14,1178,0,0,0,1178
02/15/2017,MSP,MN,AGL,CE,Towers with Radar,833,264,37,12,1146,0,0,8,0,8,833,264,45,12,1154,0,0,0,1154
02/16/2017,MSP,MN,AGL,CE,Towers with Radar,887,257,45,10,1199,0,0,1,0,1,887,257,46,10,1200,0,0,0,1200
02/17/2017,MSP,MN,AGL,CE,Towers with Radar,888,273,37,2,1200,0,0,3,0,3,888,273,40,2,1203,0,0,0,1203
02/18/2017,MSP,MN,AGL,CE,Towers with Radar,609,139,2,1,751,0,0,0,0,0,609,139,2,1,751,0,0,0,751
02/19/2017,MSP,MN,AGL,CE,Towers with Radar,695,158,6,1,860,0,0,0,0,0,695,158,6,1,860,0,0,0,860
02/20/2017,MSP,MN,AGL,CE,Towers with Radar,875,237,27,0,1139,0,0,0,0,0,875,237,27,0,1139,0,0,0,1139
02/21/2017,MSP,MN,AGL,CE,Towers with Radar,902,255,53,2,1212,0,0,4,0,4,902,255,57,2,1216,0,0,0,1216
02/22/2017,MSP,MN,AGL,CE,Towers with Radar,872,262,33,8,1175,0,0,5,0,5,872,262,38,8,1180,0,0,0,1180
02/23/2017,MSP,MN,AGL,CE,Towers with Radar,916,271,58,8,1253,0,0,0,0,0,916,271,58,8,1253,0,0,0,1253
02/24/2017,MSP,MN,AGL,CE,Towers with Radar,903,228,17,0,1148,0,0,0,0,0,903,228,17,0,1148,0,0,0,1148
02/25/2017,MSP,MN,AGL,CE,Towers with Radar,651,153,4,1,809,0,0,0,0,0,651,153,4,1,809,0,0,0,809
02/26/2017,MSP,MN,AGL,CE,Towers with Radar,831,193,15,4,1043,0,0,0,0,0,831,193,15,4,1043,0,0,0,1043
02/27/2017,MSP,MN,AGL,CE,Towers with Radar,893,229,33,1,1156,0,0,2,0,2,893,229,35,1,1158,0,0,0,1158
02/28/2017,MSP,MN,AGL,CE,Towers with Radar,878,254,45,0,1177,0,0,0,0,0,878,254,45,0,1177,0,0,0,1177
03/01/2017,MSP,MN,AGL,CE,Towers with Radar,866,262,44,0,1172,0,0,0,0,0,866,262,44,0,1172,0,0,0,1172
03/02/2017,MSP,MN,AGL,CE,Towers with Radar,905,261,44,2,1212,0,0,1,0,1,905,261,45,2,1213,0,0,0,1213
03/03/2017,MSP,MN,AGL,CE,Towers with Radar,915,251,29,4,1199,0,0,0,0,0,915,251,29,4,1199,0,0,0,1199
03/04/2017,MSP,MN,AGL,CE,Towers with Radar,663,163,9,9,844,0,0,1,0,1,663,163,10,9,845,0,0,0,845
03/05/2017,MSP,MN,AGL,CE,Towers with Radar,834,196,17,8,1055,0,0,0,0,0,834,196,17,8,1055,0,0,0,1055
03/06/2017,MSP,MN,AGL,CE,Towers with Radar,871,221,40,2,1134,0,0,0,0,0,871,221,40,2,1134,0,0,0,1134
03/07/2017,MSP,MN,AGL,CE,Towers with Radar,937,256,37,7,1237,0,0,0,0,0,937,256,37,7,1237,0,0,0,1237
03/08/2017,MSP,MN,AGL,CE,Towers with Radar,889,263,39,8,1199,0,0,2,0,2,889,263,41,8,1201,0,0,0,1201
03/09/2017,MSP,MN,AGL,CE,Towers with Radar,955,255,59,11,1280,0,0,1,0,1,955,255,60,11,1281,0,0,0,1281
03/10/2017,MSP,MN,AGL,CE,Towers with Radar,959,259,33,0,1251,0,0,0,0,0,959,259,33,0,1251,0,0,0,1251
03/11/2017,MSP,MN,AGL,CE,Towers with Radar,798,170,8,1,977,0,1,2,0,3,798,171,10,1,980,0,0,0,980
03/12/2017,MSP,MN,AGL,CE,Towers with Radar,871,178,12,1,1062,0,0,0,0,0,871,178,12,1,1062,0,0,0,1062
03/13/2017,MSP,MN,AGL,CE,Towers with Radar,952,257,52,2,1263,0,0,1,0,1,952,257,53,2,1264,0,0,0,1264
03/14/2017,MSP,MN,AGL,CE,Towers with Radar,850,250,43,9,1152,0,0,0,2,2,850,250,43,11,1154,0,0,0,1154
03/15/2017,MSP,MN,AGL,CE,Towers with Radar,919,257,44,6,1226,0,0,4,1,5,919,257,48,7,1231,0,0,0,1231
03/16/2017,MSP,MN,AGL,CE,Towers with Radar,958,258,38,10,1264,0,0,0,2,2,958,258,38,12,1266,0,0,0,1266
03/17/2017,MSP,MN,AGL,CE,Towers with Radar,956,255,26,6,1243,0,0,0,0,0,956,255,26,6,1243,0,0,0,1243
03/18/2017,MSP,MN,AGL,CE,Towers with Radar,794,174,11,4,983,0,0,4,1,5,794,174,15,5,988,0,0,0,988
03/19/2017,MSP,MN,AGL,CE,Towers with Radar,904,200,14,5,1123,0,0,0,0,0,904,200,14,5,1123,0,0,0,1123
03/20/2017,MSP,MN,AGL,CE,Towers with Radar,953,226,36,8,1223,0,0,0,0,0,953,226,36,8,1223,0,0,0,1223
03/21/2017,MSP,MN,AGL,CE,Towers with Radar,932,254,40,8,1234,0,1,1,0,2,932,255,41,8,1236,0,0,0,1236
03/22/2017,MSP,MN,AGL,CE,Towers with Radar,930,261,48,8,1247,0,0,1,0,1,930,261,49,8,1248,0,0,0,1248
03/23/2017,MSP,MN,AGL,CE,Towers with Radar,961,260,35,3,1259,0,0,0,0,0,961,260,35,3,1259,0,0,0,1259
03/24/2017,MSP,MN,AGL,CE,Towers with Radar,962,256,16,1,1235,0,0,0,0,0,962,256,16,1,1235,0,0,0,1235
03/25/2017,MSP,MN,AGL,CE,Towers with Radar,793,165,16,0,974,0,0,0,0,0,793,165,16,0,974,0,0,0,974
03/26/2017,MSP,MN,AGL,CE,Towers with Radar,895,199,14,0,1108,0,0,0,0,0,895,199,14,0,1108,0,0,0,1108
03/27/2017,MSP,MN,AGL,CE,Towers with Radar,948,240,51,2,1241,0,0,0,0,0,948,240,51,2,1241,0,0,0,1241
03/28/2017,MSP,MN,AGL,CE,Towers with Radar,933,261,45,8,1247,0,0,2,1,3,933,261,47,9,1250,0,0,0,1250
03/29/2017,MSP,MN,AGL,CE,Towers with Radar,929,251,35,9,1224,0,0,0,0,0,929,251,35,9,1224,0,0,0,1224
03/30/2017,MSP,MN,AGL,CE,Towers with Radar,948,262,37,11,1258,0,0,2,0,2,948,262,39,11,1260,0,0,0,1260
03/31/2017,MSP,MN,AGL,CE,Towers with Radar,968,255,22,2,1247,0,0,1,1,2,968,255,23,3,1249,0,0,0,1249
04/01/2017,MSP,MN,AGL,CE,Towers with Radar,765,147,15,0,927,0,0,0,0,0,765,147,15,0,927,0,0,0,927
04/02/2017,MSP,MN,AGL,CE,Towers with Radar,886,187,17,6,1096,0,0,2,0,2,886,187,19,6,1098,0,0,0,1098
04/03/2017,MSP,MN,AGL,CE,Towers with Radar,944,224,28,2,1198,0,0,0,0,0,944,224,28,2,1198,0,0,0,1198
04/04/2017,MSP,MN,AGL,CE,Towers with Radar,948,240,52,8,1248,0,0,1,1,2,948,240,53,9,1250,0,0,0,1250
04/05/2017,MSP,MN,AGL,CE,Towers with Radar,899,255,34,7,1195,0,0,3,2,5,899,255,37,9,1200,0,0,0,1200
04/06/2017,MSP,MN,AGL,CE,Towers with Radar,861,259,48,8,1176,0,0,1,3,4,861,259,49,11,1180,0,0,0,1180
04/07/2017,MSP,MN,AGL,CE,Towers with Radar,861,245,38,5,1149,0,1,3,0,4,861,246,41,5,1153,0,0,0,1153
04/08/2017,MSP,MN,AGL,CE,Towers with Radar,721,135,15,5,876,0,0,2,2,4,721,135,17,7,880,0,0,0,880
04/09/2017,MSP,MN,AGL,CE,Towers with Radar,894,187,19,5,1105,0,0,1,0,1,894,187,20,5,1106,0,0,0,1106
04/10/2017,MSP,MN,AGL,CE,Towers with Radar,954,224,38,2,1218,0,0,0,0,0,954,224,38,2,1218,0,0,0,1218
04/11/2017,MSP,MN,AGL,CE,Towers with Radar,934,249,43,12,1238,0,0,3,0,3,934,249,46,12,1241,0,0,0,1241
04/12/2017,MSP,MN,AGL,CE,Towers with Radar,932,243,54,7,1236,0,0,0,0,0,932,243,54,7,1236,0,0,0,1236
04/13/2017,MSP,MN,AGL,CE,Towers with Radar,956,250,42,9,1257,0,0,0,0,0,956,250,42,9,1257,0,0,0,1257
04/14/2017,MSP,MN,AGL,CE,Towers with Radar,963,246,23,4,1236,0,0,4,0,4,963,246,27,4,1240,0,0,0,1240
04/15/2017,MSP,MN,AGL,CE,Towers with Radar,689,115,1,0,805,0,0,0,0,0,689,115,1,0,805,0,0,0,805
04/16/2017,MSP,MN,AGL,CE,Towers with Radar,827,162,6,1,996,0,0,5,0,5,827,162,11,1,1001,0,0,0,1001
04/17/2017,MSP,MN,AGL,CE,Towers with Radar,936,232,45,2,1215,0,0,8,0,8,936,232,53,2,1223,0,0,0,1223
04/18/2017,MSP,MN,AGL,CE,Towers with Radar,938,243,30,7,1218,0,2,0,0,2,938,245,30,7,1220,0,0,0,1220
04/19/2017,MSP,MN,AGL,CE,Towers with Radar,928,242,34,6,1210,0,0,0,0,0,928,242,34,6,1210,0,0,0,1210
04/20/2017,MSP,MN,AGL,CE,Towers with Radar,958,249,41,11,1259,0,0,2,0,2,958,249,43,11,1261,0,0,0,1261
04/21/2017,MSP,MN,AGL,CE,Towers with Radar,950,244,19,7,1220,0,0,8,0,8,950,244,27,7,1228,0,0,0,1228
04/22/2017,MSP,MN,AGL,CE,Towers with Radar,724,142,8,4,878,0,0,7,1,8,724,142,15,5,886,0,0,0,886
04/23/2017,MSP,MN,AGL,CE,Towers with Radar,860,187,18,3,1068,0,0,11,0,11,860,187,29,3,1079,0,0,0,1079
04/24/2017,MSP,MN,AGL,CE,Towers with Radar,931,229,44,12,1216,0,0,10,0,10,931,229,54,12,1226,0,0,0,1226
04/25/2017,MSP,MN,AGL,CE,Towers with Radar,902,240,47,6,1195,0,0,1,0,1,902,240,48,6,1196,0,0,0,1196
04/26/2017,MSP,MN,AGL,CE,Towers with Radar,918,256,45,8,1227,0,0,0,0,0,918,256,45,8,1227,0,0,0,1227
04/27/2017,MSP,MN,AGL,CE,Towers with Radar,928,257,43,5,1233,0,0,0,0,0,928,257,43,5,1233,0,0,0,1233
04/28/2017,MSP,MN,AGL,CE,Towers with Radar,933,251,31,7,1222,0,0,2,0,2,933,251,33,7,1224,0,0,0,1224
04/29/2017,MSP,MN,AGL,CE,Towers with Radar,683,140,9,6,838,0,0,2,0,2,683,140,11,6,840,0,0,0,840
04/30/2017,MSP,MN,AGL,CE,Towers with Radar,858,194,12,1,1065,0,0,0,0,0,858,194,12,1,1065,0,0,0,1065
05/01/2017,MSP,MN,AGL,CE,Towers with Radar,922,247,47,4,1220,0,0,0,0,0,922,247,47,4,1220,0,0,0,1220
05/02/2017,MSP,MN,AGL,CE,Towers with Radar,887,280,47,10,1224,0,1,2,1,4,887,281,49,11,1228,0,0,0,1228
05/03/2017,MSP,MN,AGL,CE,Towers with Radar,874,282,40,8,1204,0,0,7,0,7,874,282,47,8,1211,0,0,0,1211
05/04/2017,MSP,MN,AGL,CE,Towers with Radar,907,276,34,6,1223,0,0,8,0,8,907,276,42,6,1231,0,0,0,1231
05/05/2017,MSP,MN,AGL,CE,Towers with Radar,907,265,25,6,1203,0,0,21,0,21,907,265,46,6,1224,0,0,0,1224
05/06/2017,MSP,MN,AGL,CE,Towers with Radar,674,155,9,3,841,0,0,4,1,5,674,155,13,4,846,0,0,0,846
05/07/2017,MSP,MN,AGL,CE,Towers with Radar,833,205,20,5,1063,0,0,0,1,1,833,205,20,6,1064,0,0,0,1064
05/08/2017,MSP,MN,AGL,CE,Towers with Radar,910,253,29,17,1209,0,0,2,0,2,910,253,31,17,1211,0,0,0,1211
05/09/2017,MSP,MN,AGL,CE,Towers with Radar,897,278,45,18,1238,0,0,0,0,0,897,278,45,18,1238,0,0,0,1238
05/10/2017,MSP,MN,AGL,CE,Towers with Radar,898,287,49,14,1248,0,0,0,0,0,898,287,49,14,1248,0,0,0,1248
05/11/2017,MSP,MN,AGL,CE,Towers with Radar,919,300,51,3,1273,0,0,26,0,26,919,300,77,3,1299,0,0,0,1299
05/12/2017,MSP,MN,AGL,CE,Towers with Radar,925,278,22,4,1229,0,0,8,0,8,925,278,30,4,1237,0,0,0,1237
05/13/2017,MSP,MN,AGL,CE,Towers with Radar,646,147,14,4,811,0,1,4,0,5,646,148,18,4,816,0,0,0,816
05/14/2017,MSP,MN,AGL,CE,Towers with Radar,815,188,17,0,1020,0,0,1,0,1,815,188,18,0,1021,0,0,0,1021
05/15/2017,MSP,MN,AGL,CE,Towers with Radar,914,262,39,6,1221,0,1,0,0,1,914,263,39,6,1222,0,0,0,1222
05/16/2017,MSP,MN,AGL,CE,Towers with Radar,904,285,37,10,1236,0,0,0,0,0,904,285,37,10,1236,0,0,0,1236
05/17/2017,MSP,MN,AGL,CE,Towers with Radar,897,281,43,6,1227,0,0,0,0,0,897,281,43,6,1227,0,0,0,1227
05/18/2017,MSP,MN,AGL,CE,Towers with Radar,932,295,41,8,1276,0,0,1,0,1,932,295,42,8,1277,0,0,0,1277
05/19/2017,MSP,MN,AGL,CE,Towers with Radar,924,277,38,1,1240,0,0,0,0,0,924,277,38,1,1240,0,0,0,1240
05/20/2017,MSP,MN,AGL,CE,Towers with Radar,670,152,14,0,836,0,0,0,0,0,670,152,14,0,836,0,0,0,836
05/21/2017,MSP,MN,AGL,CE,Towers with Radar,858,207,25,6,1096,0,0,0,0,0,858,207,25,6,1096,0,0,0,1096
05/22/2017,MSP,MN,AGL,CE,Towers with Radar,932,262,35,11,1240,0,0,14,0,14,932,262,49,11,1254,0,0,0,1254
05/23/2017,MSP,MN,AGL,CE,Towers with Radar,900,290,35,9,1234,0,0,11,0,11,900,290,46,9,1245,0,0,0,1245
05/24/2017,MSP,MN,AGL,CE,Towers with Radar,910,277,48,11,1246,0,0,7,0,7,910,277,55,11,1253,0,0,0,1253
05/25/2017,MSP,MN,AGL,CE,Towers with Radar,930,279,46,5,1260,0,1,13,1,15,930,280,59,6,1275,0,0,0,1275
05/26/2017,MSP,MN,AGL,CE,Towers with Radar,940,278,12,1,1231,0,2,8,0,10,940,280,20,1,1241,0,0,0,1241
05/27/2017,MSP,MN,AGL,CE,Towers with Radar,621,130,4,0,755,0,0,2,0,2,621,130,6,0,757,0,0,0,757
05/28/2017,MSP,MN,AGL,CE,Towers with Radar,664,132,12,0,808,0,0,2,0,2,664,132,14,0,810,0,0,0,810
05/29/2017,MSP,MN,AGL,CE,Towers with Radar,852,210,12,0,1074,0,0,1,0,1,852,210,13,0,1075,0,0,0,1075
05/30/2017,MSP,MN,AGL,CE,Towers with Radar,896,276,33,10,1215,0,0,1,0,1,896,276,34,10,1216,0,0,0,1216
05/31/2017,MSP,MN,AGL,CE,Towers with Radar,913,278,38,8,1237,0,0,18,2,20,913,278,56,10,1257,0,0,0,1257
06/01/2017,MSP,MN,AGL,CE,Towers with Radar,941,288,28,8,1265,0,0,3,0,3,941,288,31,8,1268,0,0,0,1268
06/02/2017,MSP,MN,AGL,CE,Towers with Radar,923,283,27,6,1239,0,1,4,1,6,923,284,31,7,1245,0,0,0,1245
06/03/2017,MSP,MN,AGL,CE,Towers with Radar,681,157,9,2,849,0,0,1,0,1,681,157,10,2,850,0,0,0,850
06/04/2017,MSP,MN,AGL,CE,Towers with Radar,868,198,15,7,1088,0,0,0,0,0,868,198,15,7,1088,0,0,0,1088
06/05/2017,MSP,MN,AGL,CE,Towers with Radar,937,246,40,1,1224,0,0,4,0,4,937,246,44,1,1228,0,0,0,1228
06/06/2017,MSP,MN,AGL,CE,Towers with Radar,922,271,34,8,1235,0,0,4,1,5,922,271,38,9,1240,0,0,0,1240
06/07/2017,MSP,MN,AGL,CE,Towers with Radar,919,283,43,1,1246,0,1,3,0,4,919,284,46,1,1250,0,0,0,1250
06/08/2017,MSP,MN,AGL,CE,Towers with Radar,936,284,38,9,1267,0,3,4,0,7,936,287,42,9,1274,0,0,0,1274
06/09/2017,MSP,MN,AGL,CE,Towers with Radar,934,270,24,12,1240,0,1,4,1,6,934,271,28,13,1246,0,0,0,1246
06/10/2017,MSP,MN,AGL,CE,Towers with Radar,703,148,10,7,868,0,1,0,0,1,703,149,10,7,869,0,0,0,869
06/11/2017,MSP,MN,AGL,CE,Towers with Radar,858,211,20,5,1094,0,0,0,0,0,858,211,20,5,1094,0,0,0,1094
06/12/2017,MSP,MN,AGL,CE,Towers with Radar,988,245,36,4,1273,0,1,13,0,14,988,246,49,4,1287,0,0,0,1287
06/13/2017,MSP,MN,AGL,CE,Towers with Radar,961,257,31,8,1257,0,0,0,0,0,961,257,31,8,1257,0,0,0,1257
06/14/2017,MSP,MN,AGL,CE,Towers with Radar,1009,266,48,9,1332,0,0,0,0,0,1009,266,48,9,1332,0,0,0,1332
06/15/2017,MSP,MN,AGL,CE,Towers with Radar,992,278,44,6,1320,0,0,0,0,0,992,278,44,6,1320,0,0,0,1320
06/16/2017,MSP,MN,AGL,CE,Towers with Radar,994,268,28,7,1297,0,0,4,0,4,994,268,32,7,1301,0,0,0,1301
06/17/2017,MSP,MN,AGL,CE,Towers with Radar,805,164,14,0,983,0,0,0,0,0,805,164,14,0,983,0,0,0,983
06/18/2017,MSP,MN,AGL,CE,Towers with Radar,918,199,9,6,1132,0,0,0,0,0,918,199,9,6,1132,0,0,0,1132
06/19/2017,MSP,MN,AGL,CE,Towers with Radar,960,249,29,3,1241,0,0,0,0,0,960,249,29,3,1241,0,0,0,1241
06/20/2017,MSP,MN,AGL,CE,Towers with Radar,992,260,53,6,1311,0,0,0,1,1,992,260,53,7,1312,0,0,0,1312
06/21/2017,MSP,MN,AGL,CE,Towers with Radar,982,265,35,9,1291,0,0,1,1,2,982,265,36,10,1293,0,0,0,1293
06/22/2017,MSP,MN,AGL,CE,Towers with Radar,1003,268,49,4,1324,0,0,1,0,1,1003,268,50,4,1325,0,0,0,1325
06/23/2017,MSP,MN,AGL,CE,Towers with Radar,993,265,24,14,1296,0,4,1,0,5,993,269,25,14,1301,0,0,0,1301
06/24/2017,MSP,MN,AGL,CE,Towers with Radar,810,172,8,9,999,0,0,2,9,11,810,172,10,18,1010,0,0,0,1010
06/25/2017,MSP,MN,AGL,CE,Towers with Radar,919,204,19,3,1145,0,0,1,0,1,919,204,20,3,1146,0,0,0,1146
06/26/2017,MSP,MN,AGL,CE,Towers with Radar,998,245,50,4,1297,0,0,0,0,0,998,245,50,4,1297,0,0,0,1297
06/27/2017,MSP,MN,AGL,CE,Towers with Radar,985,273,48,18,1324,0,0,1,0,1,985,273,49,18,1325,0,0,0,1325
06/28/2017,MSP,MN,AGL,CE,Towers with Radar,983,280,50,10,1323,0,0,0,0,0,983,280,50,10,1323,0,0,0,1323
06/29/2017,MSP,MN,AGL,CE,Towers with Radar,1017,257,47,7,1328,0,0,2,0,2,1017,257,49,7,1330,0,0,0,1330
06/30/2017,MSP,MN,AGL,CE,Towers with Radar,992,265,23,0,1280,0,0,5,0,5,992,265,28,0,1285,0,0,0,1285
07/01/2017,MSP,MN,AGL,CE,Towers with Radar,812,187,15,2,1016,0,0,0,0,0,812,187,15,2,1016,0,0,0,1016
07/02/2017,MSP,MN,AGL,CE,Towers with Radar,780,153,9,0,942,0,0,0,0,0,780,153,9,0,942,0,0,0,942
07/03/2017,MSP,MN,AGL,CE,Towers with Radar,787,179,6,0,972,0,0,0,0,0,787,179,6,0,972,0,0,0,972
07/04/2017,MSP,MN,AGL,CE,Towers with Radar,785,155,1,0,941,0,0,0,0,0,785,155,1,0,941,0,0,0,941
07/05/2017,MSP,MN,AGL,CE,Towers with Radar,945,249,19,4,1217,0,0,1,0,1,945,249,20,4,1218,0,0,0,1218
07/06/2017,MSP,MN,AGL,CE,Towers with Radar,956,260,16,10,1242,0,1,3,0,4,956,261,19,10,1246,0,0,0,1246
07/07/2017,MSP,MN,AGL,CE,Towers with Radar,933,253,28,8,1222,0,0,0,0,0,933,253,28,8,1222,0,0,0,1222
07/08/2017,MSP,MN,AGL,CE,Towers with Radar,804,177,10,2,993,0,1,2,0,3,804,178,12,2,996,0,0,0,996
07/09/2017,MSP,MN,AGL,CE,Towers with Radar,932,219,18,3,1172,0,0,0,0,0,932,219,18,3,1172,0,0,0,1172
07/10/2017,MSP,MN,AGL,CE,Towers with Radar,1016,253,29,7,1305,0,0,0,0,0,1016,253,29,7,1305,0,0,0,1305
07/11/2017,MSP,MN,AGL,CE,Towers with Radar,1026,273,30,13,1342,0,1,0,0,1,1026,274,30,13,1343,0,0,0,1343
07/12/2017,MSP,MN,AGL,CE,Towers with Radar,999,285,52,22,1358,0,0,13,0,13,999,285,65,22,1371,0,0,0,1371
07/13/2017,MSP,MN,AGL,CE,Towers with Radar,1034,284,60,10,1388,0,0,1,4,5,1034,284,61,14,1393,0,0,0,1393
07/14/2017,MSP,MN,AGL,CE,Towers with Radar,1012,275,17,19,1323,0,0,3,4,7,1012,275,20,23,1330,0,0,0,1330
07/15/2017,MSP,MN,AGL,CE,Towers with Radar,820,189,8,8,1025,0,0,8,2,10,820,189,16,10,1035,0,0,0,1035
07/16/2017,MSP,MN,AGL,CE,Towers with Radar,938,235,18,8,1199,0,0,0,0,0,938,235,18,8,1199,0,0,0,1199
07/17/2017,MSP,MN,AGL,CE,Towers with Radar,979,252,42,17,1290,0,0,0,0,0,979,252,42,17,1290,0,0,0,1290
07/18/2017,MSP,MN,AGL,CE,Towers with Radar,1054,278,51,11,1394,0,0,2,1,3,1054,278,53,12,1397,0,0,0,1397
07/19/2017,MSP,MN,AGL,CE,Towers with Radar,1001,285,46,12,1344,0,1,0,2,3,1001,286,46,14,1347,0,0,0,1347
07/20/2017,MSP,MN,AGL,CE,Towers with Radar,1036,275,34,4,1349,0,1,2,0,3,1036,276,36,4,1352,0,0,0,1352
07/21/2017,MSP,MN,AGL,CE,Towers with Radar,1000,273,22,8,1303,0,1,4,0,5,1000,274,26,8,1308,0,0,0,1308
07/22/2017,MSP,MN,AGL,CE,Towers with Radar,818,183,16,3,1020,0,0,1,0,1,818,183,17,3,1021,0,0,0,1021
07/23/2017,MSP,MN,AGL,CE,Towers with Radar,934,222,30,3,1189,0,0,0,0,0,934,222,30,3,1189,0,0,0,1189
07/24/2017,MSP,MN,AGL,CE,Towers with Radar,1006,254,53,6,1319,0,1,3,0,4,1006,255,56,6,1323,0,0,0,1323
07/25/2017,MSP,MN,AGL,CE,Towers with Radar,1028,265,53,4,1350,0,0,0,0,0,1028,265,53,4,1350,0,0,0,1350
07/26/2017,MSP,MN,AGL,CE,Towers with Radar,1014,290,42,8,1354,0,0,1,0,1,1014,290,43,8,1355,0,0,0,1355
07/27/2017,MSP,MN,AGL,CE,Towers with Radar,1033,283,38,11,1365,0,1,7,1,9,1033,284,45,12,1374,0,0,0,1374
07/28/2017,MSP,MN,AGL,CE,Towers with Radar,1012,269,27,8,1316,0,2,4,0,6,1012,271,31,8,1322,0,0,0,1322
07/29/2017,MSP,MN,AGL,CE,Towers with Radar,830,184,8,0,1022,0,1,2,0,3,830,185,10,0,1025,0,0,0,1025
07/30/2017,MSP,MN,AGL,CE,Towers with Radar,948,221,9,5,1183,0,0,1,0,1,948,221,10,5,1184,0,0,0,1184
07/31/2017,MSP,MN,AGL,CE,Towers with Radar,1022,255,44,2,1323,0,0,0,2,2,1022,255,44,4,1325,0,0,0,1325
08/01/2017,MSP,MN,AGL,CE,Towers with Radar,1027,284,44,12,1367,0,1,0,0,1,1027,285,44,12,1368,0,0,0,1368
08/02/2017,MSP,MN,AGL,CE,Towers with Radar,987,281,50,7,1325,0,0,3,2,5,987,281,53,9,1330,0,0,0,1330
08/03/2017,MSP,MN,AGL,CE,Towers with Radar,1028,290,37,10,1365,0,0,0,0,0,1028,290,37,10,1365,0,0,0,1365
08/04/2017,MSP,MN,AGL,CE,Towers with Radar,1002,269,16,11,1298,0,0,0,5,5,1002,269,16,16,1303,0,0,0,1303
08/05/2017,MSP,MN,AGL,CE,Towers with Radar,829,178,16,9,1032,0,3,2,0,5,829,181,18,9,1037,0,0,0,1037
08/06/2017,MSP,MN,AGL,CE,Towers with Radar,943,234,16,10,1203,0,0,0,0,0,943,234,16,10,1203,0,0,0,1203
08/07/2017,MSP,MN,AGL,CE,Towers with Radar,1008,257,31,5,1301,0,2,0,0,2,1008,259,31,5,1303,0,0,0,1303
08/08/2017,MSP,MN,AGL,CE,Towers with Radar,1024,281,35,11,1351,0,0,0,3,3,1024,281,35,14,1354,0,0,0,1354
08/09/2017,MSP,MN,AGL,CE,Towers with Radar,1003,281,27,10,1321,0,1,1,0,2,1003,282,28,10,1323,0,0,0,1323
08/10/2017,MSP,MN,AGL,CE,Towers with Radar,1035,276,51,5,1367,0,1,1,0,2,1035,277,52,5,1369,0,0,0,1369
08/11/2017,MSP,MN,AGL,CE,Towers with Radar,1011,267,27,5,1310,0,0,0,0,0,1011,267,27,5,1310,0,0,0,1310
08/12/2017,MSP,MN,AGL,CE,Towers with Radar,825,189,7,4,1025,0,0,0,0,0,825,189,7,4,1025,0,0,0,1025
08/13/2017,MSP,MN,AGL,CE,Towers with Radar,946,223,22,6,1197,0,1,0,0,1,946,224,22,6,1198,0,0,0,1198
08/14/2017,MSP,MN,AGL,CE,Towers with Radar,1010,254,40,5,1309,0,0,2,0,2,1010,254,42,5,1311,0,0,0,1311
08/15/2017,MSP,MN,AGL,CE,Towers with Radar,1005,252,37,1,1295,0,0,4,0,4,1005,252,41,1,1299,0,0,0,1299
08/16/2017,MSP,MN,AGL,CE,Towers with Radar,995,259,38,2,1294,0,2,0,0,2,995,261,38,2,1296,0,0,0,1296
08/17/2017,MSP,MN,AGL,CE,Towers with Radar,1021,269,48,5,1343,0,0,4,0,4,1021,269,52,5,1347,0,0,0,1347
08/18/2017,MSP,MN,AGL,CE,Towers with Radar,992,263,37,3,1295,0,0,12,0,12,992,263,49,3,1307,0,0,0,1307
08/19/2017,MSP,MN,AGL,CE,Towers with Radar,795,161,13,4,973,0,0,12,0,12,795,161,25,4,985,0,0,0,985
08/20/2017,MSP,MN,AGL,CE,Towers with Radar,939,218,12,2,1171,0,1,1,0,2,939,219,13,2,1173,0,0,0,1173
08/21/2017,MSP,MN,AGL,CE,Towers with Radar,989,239,35,2,1265,0,1,1,0,2,989,240,36,2,1267,0,0,0,1267
08/22/2017,MSP,MN,AGL,CE,Towers with Radar,988,274,46,5,1313,0,0,1,1,2,988,274,47,6,1315,0,0,0,1315
08/23/2017,MSP,MN,AGL,CE,Towers with Radar,982,288,62,2,1334,0,0,2,0,2,982,288,64,2,1336,0,0,0,1336
08/24/2017,MSP,MN,AGL,CE,Towers with Radar,1004,275,59,2,1340,0,0,1,0,1,1004,275,60,2,1341,0,0,0,1341
08/25/2017,MSP,MN,AGL,CE,Towers with Radar,987,279,30,3,1299,0,0,1,0,1,987,279,31,3,1300,0,0,0,1300
08/26/2017,MSP,MN,AGL,CE,Towers with Radar,681,148,11,3,843,0,0,0,0,0,681,148,11,3,843,0,0,0,843
08/27/2017,MSP,MN,AGL,CE,Towers with Radar,870,206,19,27,1122,0,1,0,0,1,870,207,19,27,1123,0,0,0,1123
08/28/2017,MSP,MN,AGL,CE,Towers with Radar,947,243,44,0,1234,0,0,0,0,0,947,243,44,0,1234,0,0,0,1234
08/29/2017,MSP,MN,AGL,CE,Towers with Radar,934,266,49,7,1256,0,0,6,0,6,934,266,55,7,1262,0,0,0,1262
08/30/2017,MSP,MN,AGL,CE,Towers with Radar,933,246,30,8,1217,0,1,4,0,5,933,247,34,8,1222,0,0,0,1222
08/31/2017,MSP,MN,AGL,CE,Towers with Radar,937,261,36,8,1242,0,0,1,0,1,937,261,37,8,1243,0,0,0,1243
09/01/2017,MSP,MN,AGL,CE,Towers with Radar,917,252,28,1,1198,0,0,1,0,1,917,252,29,1,1199,0,0,0,1199
09/02/2017,MSP,MN,AGL,CE,Towers with Radar,621,117,8,0,746,0,0,1,0,1,621,117,9,0,747,0,0,0,747
09/03/2017,MSP,MN,AGL,CE,Towers with Radar,670,107,13,0,790,0,0,0,0,0,670,107,13,0,790,0,0,0,790
09/04/2017,MSP,MN,AGL,CE,Towers with Radar,853,178,18,1,1050,0,0,0,0,0,853,178,18,1,1050,0,0,0,1050
09/05/2017,MSP,MN,AGL,CE,Towers with Radar,893,232,31,0,1156,0,0,1,0,1,893,232,32,0,1157,0,0,0,1157
09/06/2017,MSP,MN,AGL,CE,Towers with Radar,860,238,38,6,1142,0,1,0,0,1,860,239,38,6,1143,0,0,0,1143
09/07/2017,MSP,MN,AGL,CE,Towers with Radar,864,244,62,1,1171,0,2,2,0,4,864,246,64,1,1175,0,0,0,1175
09/08/2017,MSP,MN,AGL,CE,Towers with Radar,849,232,42,12,1135,0,0,0,2,2,849,232,42,14,1137,0,0,0,1137
09/09/2017,MSP,MN,AGL,CE,Towers with Radar,599,115,10,12,736,0,0,1,0,1,599,115,11,12,737,0,0,0,737
09/10/2017,MSP,MN,AGL,CE,Towers with Radar,861,201,15,16,1093,0,1,0,0,1,861,202,15,16,1094,0,0,0,1094
09/11/2017,MSP,MN,AGL,CE,Towers with Radar,920,244,39,0,1203,0,0,2,0,2,920,244,41,0,1205,0,0,0,1205
09/12/2017,MSP,MN,AGL,CE,Towers with Radar,907,258,41,6,1212,0,0,0,0,0,907,258,41,6,1212,0,0,0,1212
09/13/2017,MSP,MN,AGL,CE,Towers with Radar,900,255,41,5,1201,0,5,5,0,10,900,260,46,5,1211,0,0,0,1211
09/14/2017,MSP,MN,AGL,CE,Towers with Radar,961,258,41,8,1268,0,2,1,0,3,961,260,42,8,1271,0,0,0,1271
09/15/2017,MSP,MN,AGL,CE,Towers with Radar,942,243,31,1,1217,0,0,1,0,1,942,243,32,1,1218,0,0,0,1218
09/16/2017,MSP,MN,AGL,CE,Towers with Radar,652,141,20,0,813,0,0,0,0,0,652,141,20,0,813,0,0,0,813
09/17/2017,MSP,MN,AGL,CE,Towers with Radar,877,189,19,1,1086,0,0,0,0,0,877,189,19,1,1086,0,0,0,1086
09/18/2017,MSP,MN,AGL,CE,Towers with Radar,964,235,45,2,1246,0,0,0,0,0,964,235,45,2,1246,0,0,0,1246
09/19/2017,MSP,MN,AGL,CE,Towers with Radar,918,261,49,6,1234,0,0,0,0,0,918,261,49,6,1234,0,0,0,1234
09/20/2017,MSP,MN,AGL,CE,Towers with Radar,939,258,40,13,1250,0,0,2,0,2,939,258,42,13,1252,0,0,0,1252
09/21/2017,MSP,MN,AGL,CE,Towers with Radar,949,252,39,7,1247,0,1,0,1,2,949,253,39,8,1249,0,0,0,1249
09/22/2017,MSP,MN,AGL,CE,Towers with Radar,939,254,45,1,1239,0,0,0,0,0,939,254,45,1,1239,0,0,0,1239
09/23/2017,MSP,MN,AGL,CE,Towers with Radar,658,134,13,0,805,0,0,0,0,0,658,134,13,0,805,0,0,0,805
09/24/2017,MSP,MN,AGL,CE,Towers with Radar,892,209,26,5,1132,0,0,0,0,0,892,209,26,5,1132,0,0,0,1132
09/25/2017,MSP,MN,AGL,CE,Towers with Radar,955,233,47,6,1241,0,0,0,0,0,955,233,47,6,1241,0,0,0,1241
09/26/2017,MSP,MN,AGL,CE,Towers with Radar,917,255,56,11,1239,0,0,0,0,0,917,255,56,11,1239,0,0,0,1239
09/27/2017,MSP,MN,AGL,CE,Towers with Radar,921,249,52,17,1239,0,1,2,0,3,921,250,54,17,1242,0,0,0,1242
09/28/2017,MSP,MN,AGL,CE,Towers with Radar,956,257,38,10,1261,1,0,2,0,3,957,257,40,10,1264,0,0,0,1264
09/29/2017,MSP,MN,AGL,CE,Towers with Radar,943,241,24,3,1211,0,0,3,0,3,943,241,27,3,1214,0,0,0,1214
09/30/2017,MSP,MN,AGL,CE,Towers with Radar,673,133,21,3,830,0,0,0,0,0,673,133,21,3,830,0,0,0,830
10/01/2017,MSP,MN,AGL,CE,Towers with Radar,872,199,21,2,1094,0,0,0,0,0,872,199,21,2,1094,0,0,0,1094
10/02/2017,MSP,MN,AGL,CE,Towers with Radar,940,215,41,0,1196,0,0,0,0,0,940,215,41,0,1196,0,0,0,1196
10/03/2017,MSP,MN,AGL,CE,Towers with Radar,915,259,57,6,1237,0,0,0,1,1,915,259,57,7,1238,0,0,0,1238
10/04/2017,MSP,MN,AGL,CE,Towers with Radar,917,241,40,5,1203,0,0,3,0,3,917,241,43,5,1206,0,0,0,1206
10/05/2017,MSP,MN,AGL,CE,Towers with Radar,942,247,37,4,1230,0,0,1,0,1,942,247,38,4,1231,0,0,0,1231
10/06/2017,MSP,MN,AGL,CE,Towers with Radar,923,245,38,5,1211,0,0,0,0,0,923,245,38,5,1211,0,0,0,1211
10/07/2017,MSP,MN,AGL,CE,Towers with Radar,638,136,8,0,782,0,0,0,0,0,638,136,8,0,782,0,0,0,782
10/08/2017,MSP,MN,AGL,CE,Towers with Radar,841,194,15,8,1058,0,0,0,0,0,841,194,15,8,1058,0,0,0,1058
10/09/2017,MSP,MN,AGL,CE,Towers with Radar,938,238,23,0,1199,0,0,0,0,0,938,238,23,0,1199,0,0,0,1199
10/10/2017,MSP,MN,AGL,CE,Towers with Radar,922,248,29,13,1212,0,0,0,0,0,922,248,29,13,1212,0,0,0,1212
10/11/2017,MSP,MN,AGL,CE,Towers with Radar,921,249,39,10,1219,0,0,3,0,3,921,249,42,10,1222,0,0,0,1222
10/12/2017,MSP,MN,AGL,CE,Towers with Radar,950,259,45,4,1258,0,0,0,0,0,950,259,45,4,1258,0,0,0,1258
10/13/2017,MSP,MN,AGL,CE,Towers with Radar,937,251,43,11,1242,0,0,0,0,0,937,251,43,11,1242,0,0,0,1242
10/14/2017,MSP,MN,AGL,CE,Towers with Radar,649,139,11,4,803,0,0,0,0,0,649,139,11,4,803,0,0,0,803
10/15/2017,MSP,MN,AGL,CE,Towers with Radar,887,216,19,8,1130,0,1,0,0,1,887,217,19,8,1131,0,0,0,1131
10/16/2017,MSP,MN,AGL,CE,Towers with Radar,958,228,48,5,1239,0,1,0,0,1,958,229,48,5,1240,0,0,0,1240
10/17/2017,MSP,MN,AGL,CE,Towers with Radar,924,247,44,8,1223,0,0,2,0,2,924,247,46,8,1225,0,0,0,1225
10/18/2017,MSP,MN,AGL,CE,Towers with Radar,922,244,28,7,1201,0,1,0,0,1,922,245,28,7,1202,0,0,0,1202
10/19/2017,MSP,MN,AGL,CE,Towers with Radar,954,250,51,6,1261,0,0,0,0,0,954,250,51,6,1261,0,0,0,1261
10/20/2017,MSP,MN,AGL,CE,Towers with Radar,921,249,35,2,1207,0,0,0,0,0,921,249,35,2,1207,0,0,0,1207
10/21/2017,MSP,MN,AGL,CE,Towers with Radar,648,140,11,2,801,0,1,0,0,1,648,141,11,2,802,0,0,0,802
10/22/2017,MSP,MN,AGL,CE,Towers with Radar,878,207,33,1,1119,0,0,0,0,0,878,207,33,1,1119,0,0,0,1119
10/23/2017,MSP,MN,AGL,CE,Towers with Radar,943,221,34,1,1199,0,0,0,0,0,943,221,34,1,1199,0,0,0,1199
10/24/2017,MSP,MN,AGL,CE,Towers with Radar,871,224,56,1,1152,0,0,0,0,0,871,224,56,1,1152,0,0,0,1152
10/25/2017,MSP,MN,AGL,CE,Towers with Radar,897,233,47,6,1183,0,0,1,0,1,897,233,48,6,1184,0,0,0,1184
10/26/2017,MSP,MN,AGL,CE,Towers with Radar,950,251,44,10,1255,0,1,0,0,1,950,252,44,10,1256,0,0,0,1256
10/27/2017,MSP,MN,AGL,CE,Towers with Radar,922,258,28,6,1214,0,0,0,0,0,922,258,28,6,1214,0,0,0,1214
10/28/2017,MSP,MN,AGL,CE,Towers with Radar,643,142,6,1,792,0,0,0,0,0,643,142,6,1,792,0,0,0,792
10/29/2017,MSP,MN,AGL,CE,Towers with Radar,824,178,18,2,1022,0,0,0,0,0,824,178,18,2,1022,0,0,0,1022
10/30/2017,MSP,MN,AGL,CE,Towers with Radar,861,200,36,2,1099,0,0,0,0,0,861,200,36,2,1099,0,0,0,1099
10/31/2017,MSP,MN,AGL,CE,Towers with Radar,831,232,36,6,1105,0,0,0,0,0,831,232,36,6,1105,0,0,0,1105
11/01/2017,MSP,MN,AGL,CE,Towers with Radar,864,225,32,9,1130,0,0,0,0,0,864,225,32,9,1130,0,0,0,1130
11/02/2017,MSP,MN,AGL,CE,Towers with Radar,914,238,29,4,1185,0,0,0,0,0,914,238,29,4,1185,0,0,0,1185
11/03/2017,MSP,MN,AGL,CE,Towers with Radar,875,242,22,6,1145,0,0,0,0,0,875,242,22,6,1145,0,0,0,1145
11/04/2017,MSP,MN,AGL,CE,Towers with Radar,669,121,12,2,804,0,0,0,0,0,669,121,12,2,804,0,0,0,804
11/05/2017,MSP,MN,AGL,CE,Towers with Radar,809,177,22,7,1015,0,0,0,0,0,809,177,22,7,1015,0,0,0,1015
11/06/2017,MSP,MN,AGL,CE,Towers with Radar,880,217,30,5,1132,0,0,0,0,0,880,217,30,5,1132,0,0,0,1132
11/07/2017,MSP,MN,AGL,CE,Towers with Radar,848,236,40,5,1129,0,0,2,1,3,848,236,42,6,1132,0,0,0,1132
11/08/2017,MSP,MN,AGL,CE,Towers with Radar,893,242,47,4,1186,0,0,0,0,0,893,242,47,4,1186,0,0,0,1186
11/09/2017,MSP,MN,AGL,CE,Towers with Radar,926,271,42,3,1242,0,0,0,0,0,926,271,42,3,1242,0,0,0,1242
11/10/2017,MSP,MN,AGL,CE,Towers with Radar,919,242,25,2,1188,0,1,0,0,1,919,243,25,2,1189,0,0,0,1189
11/11/2017,MSP,MN,AGL,CE,Towers with Radar,666,125,12,0,803,0,0,1,0,1,666,125,13,0,804,0,0,0,804
11/12/2017,MSP,MN,AGL,CE,Towers with Radar,860,186,18,6,1070,0,0,2,0,2,860,186,20,6,1072,0,0,0,1072
11/13/2017,MSP,MN,AGL,CE,Towers with Radar,926,232,31,2,1191,0,0,0,0,0,926,232,31,2,1191,0,0,0,1191
11/14/2017,MSP,MN,AGL,CE,Towers with Radar,909,223,43,4,1179,0,0,0,0,0,909,223,43,4,1179,0,0,0,1179
11/15/2017,MSP,MN,AGL,CE,Towers with Radar,910,250,45,8,1213,0,2,0,0,2,910,252,45,8,1215,0,0,0,1215
11/16/2017,MSP,MN,AGL,CE,Towers with Radar,931,251,39,2,1223,0,0,0,0,0,931,251,39,2,1223,0,0,0,1223
11/17/2017,MSP,MN,AGL,CE,Towers with Radar,909,254,41,0,1204,0,0,0,0,0,909,254,41,0,1204,0,0,0,1204
11/18/2017,MSP,MN,AGL,CE,Towers with Radar,678,137,17,2,834,0,0,0,0,0,678,137,17,2,834,0,0,0,834
11/19/2017,MSP,MN,AGL,CE,Towers with Radar,787,167,22,5,981,0,2,0,1,3,787,169,22,6,984,0,0,0,984
11/20/2017,MSP,MN,AGL,CE,Towers with Radar,827,193,31,9,1060,0,0,1,0,1,827,193,32,9,1061,0,0,0,1061
11/21/2017,MSP,MN,AGL,CE,Towers with Radar,871,229,35,6,1141,0,0,1,0,1,871,229,36,6,1142,0,0,0,1142
11/22/2017,MSP,MN,AGL,CE,Towers with Radar,955,256,11,3,1225,0,1,2,0,3,955,257,13,3,1228,0,0,0,1228
11/23/2017,MSP,MN,AGL,CE,Towers with Radar,506,102,1,0,609,0,0,0,0,0,506,102,1,0,609,0,0,0,609
11/24/2017,MSP,MN,AGL,CE,Towers with Radar,564,158,9,0,731,0,0,0,0,0,564,158,9,0,731,0,0,0,731
11/25/2017,MSP,MN,AGL,CE,Towers with Radar,871,209,8,0,1088,0,0,0,0,0,871,209,8,0,1088,0,0,0,1088
11/26/2017,MSP,MN,AGL,CE,Towers with Radar,939,211,12,0,1162,0,0,0,0,0,939,211,12,0,1162,0,0,0,1162
11/27/2017,MSP,MN,AGL,CE,Towers with Radar,950,236,34,1,1221,0,0,0,0,0,950,236,34,1,1221,0,0,0,1221
11/28/2017,MSP,MN,AGL,CE,Towers with Radar,876,252,38,8,1174,0,1,4,0,5,876,253,42,8,1179,0,0,0,1179
11/29/2017,MSP,MN,AGL,CE,Towers with Radar,859,244,39,7,1149,0,0,0,0,0,859,244,39,7,1149,0,0,0,1149
11/30/2017,MSP,MN,AGL,CE,Towers with Radar,905,238,42,10,1195,0,1,1,0,2,905,239,43,10,1197,0,0,0,1197
12/01/2017,MSP,MN,AGL,CE,Towers with Radar,875,245,40,8,1168,0,0,0,1,1,875,245,40,9,1169,0,0,0,1169
12/02/2017,MSP,MN,AGL,CE,Towers with Radar,598,120,13,3,734,0,1,1,0,2,598,121,14,3,736,0,0,0,736
12/03/2017,MSP,MN,AGL,CE,Towers with Radar,803,177,17,8,1005,0,0,0,0,0,803,177,17,8,1005,0,0,0,1005
12/04/2017,MSP,MN,AGL,CE,Towers with Radar,875,203,42,5,1125,0,0,0,0,0,875,203,42,5,1125,0,0,0,1125
12/05/2017,MSP,MN,AGL,CE,Towers with Radar,859,232,44,5,1140,0,0,1,0,1,859,232,45,5,1141,0,0,0,1141
12/06/2017,MSP,MN,AGL,CE,Towers with Radar,869,242,43,10,1164,0,0,0,0,0,869,242,43,10,1164,0,0,0,1164
12/07/2017,MSP,MN,AGL,CE,Towers with Radar,888,246,44,7,1185,0,0,3,0,3,888,246,47,7,1188,0,0,0,1188
12/08/2017,MSP,MN,AGL,CE,Towers with Radar,854,245,28,9,1136,0,0,0,0,0,854,245,28,9,1136,0,0,0,1136
12/09/2017,MSP,MN,AGL,CE,Towers with Radar,586,118,13,0,717,0,0,0,0,0,586,118,13,0,717,0,0,0,717
12/10/2017,MSP,MN,AGL,CE,Towers with Radar,796,167,28,1,992,0,0,0,0,0,796,167,28,1,992,0,0,0,992
12/11/2017,MSP,MN,AGL,CE,Towers with Radar,873,216,40,1,1130,0,0,0,0,0,873,216,40,1,1130,0,0,0,1130
12/12/2017,MSP,MN,AGL,CE,Towers with Radar,856,230,44,11,1141,1,0,0,0,1,857,230,44,11,1142,0,0,0,1142
12/13/2017,MSP,MN,AGL,CE,Towers with Radar,857,271,57,11,1196,0,0,0,0,0,857,271,57,11,1196,0,0,0,1196
12/14/2017,MSP,MN,AGL,CE,Towers with Radar,885,253,44,13,1195,0,0,1,0,1,885,253,45,13,1196,0,0,0,1196
12/15/2017,MSP,MN,AGL,CE,Towers with Radar,896,240,39,2,1177,0,0,0,0,0,896,240,39,2,1177,0,0,0,1177
12/16/2017,MSP,MN,AGL,CE,Towers with Radar,637,115,6,0,758,0,0,0,0,0,637,115,6,0,758,0,0,0,758
12/17/2017,MSP,MN,AGL,CE,Towers with Radar,789,165,21,1,976,0,0,1,0,1,789,165,22,1,977,0,0,0,977
12/18/2017,MSP,MN,AGL,CE,Towers with Radar,897,217,28,8,1150,0,1,1,0,2,897,218,29,8,1152,0,0,0,1152
12/19/2017,MSP,MN,AGL,CE,Towers with Radar,890,232,35,16,1173,0,0,0,4,4,890,232,35,20,1177,0,0,0,1177
12/20/2017,MSP,MN,AGL,CE,Towers with Radar,892,242,29,15,1178,0,2,3,0,5,892,244,32,15,1183,0,0,0,1183
12/21/2017,MSP,MN,AGL,CE,Towers with Radar,920,267,27,4,1218,0,0,0,0,0,920,267,27,4,1218,0,0,0,1218
12/22/2017,MSP,MN,AGL,CE,Towers with Radar,933,274,17,0,1224,0,1,0,0,1,933,275,17,0,1225,0,0,0,1225
12/23/2017,MSP,MN,AGL,CE,Towers with Radar,871,233,11,0,1115,0,0,1,0,1,871,233,12,0,1116,0,0,0,1116
12/24/2017,MSP,MN,AGL,CE,Towers with Radar,715,135,4,1,855,0,0,0,0,0,715,135,4,1,855,0,0,0,855
12/25/2017,MSP,MN,AGL,CE,Towers with Radar,623,117,3,0,743,0,0,0,0,0,623,117,3,0,743,0,0,0,743
12/26/2017,MSP,MN,AGL,CE,Towers with Radar,876,265,18,4,1163,0,0,0,0,0,876,265,18,4,1163,0,0,0,1163
12/27/2017,MSP,MN,AGL,CE,Towers with Radar,926,262,16,9,1213,0,1,0,2,3,926,263,16,11,1216,0,0,0,1216
12/28/2017,MSP,MN,AGL,CE,Towers with Radar,897,238,14,7,1156,0,0,0,0,0,897,238,14,7,1156,0,0,0,1156
12/29/2017,MSP,MN,AGL,CE,Towers with Radar,891,253,5,2,1151,0,0,0,0,0,891,253,5,2,1151,0,0,0,1151
12/30/2017,MSP,MN,AGL,CE,Towers with Radar,876,214,8,0,1098,0,0,0,0,0,876,214,8,0,1098,0,0,0,1098
12/31/2017,MSP,MN,AGL,CE,Towers with Radar,707,153,3,0,863,0,0,0,0,0,707,153,3,0,863,0,0,0,863
01/01/2018,MSP,MN,AGL,CE,Towers with Radar,706,142,8,0,856,0,0,0,0,0,706,142,8,0,856,0,0,0,856
01/02/2018,MSP,MN,AGL,CE,Towers with Radar,863,241,26,0,1130,0,0,0,0,0,863,241,26,0,1130,0,0,0,1130
01/03/2018,MSP,MN,AGL,CE,Towers with Radar,863,205,26,5,1099,0,1,0,0,1,863,206,26,5,1100,0,0,0,1100
01/04/2018,MSP,MN,AGL,CE,Towers with Radar,780,223,25,3,1031,0,1,0,0,1,780,224,25,3,1032,0,0,0,1032
01/05/2018,MSP,MN,AGL,CE,Towers with Radar,838,208,14,8,1068,0,0,1,0,1,838,208,15,8,1069,0,0,0,1069
01/06/2018,MSP,MN,AGL,CE,Towers with Radar,655,120,13,0,788,0,0,0,0,0,655,120,13,0,788,0,0,0,788
01/07/2018,MSP,MN,AGL,CE,Towers with Radar,794,157,10,2,963,0,0,0,0,0,794,157,10,2,963,0,0,0,963
01/08/2018,MSP,MN,AGL,CE,Towers with Radar,852,197,29,5,1083,0,0,0,0,0,852,197,29,5,1083,0,0,0,1083
01/09/2018,MSP,MN,AGL,CE,Towers with Radar,823,209,25,10,1067,0,0,0,0,0,823,209,25,10,1067,0,0,0,1067
01/10/2018,MSP,MN,AGL,CE,Towers with Radar,804,217,24,4,1049,0,0,0,0,0,804,217,24,4,1049,0,0,0,1049
01/11/2018,MSP,MN,AGL,CE,Towers with Radar,844,210,28,3,1085,0,0,0,0,0,844,210,28,3,1085,0,0,0,1085
01/12/2018,MSP,MN,AGL,CE,Towers with Radar,838,215,18,2,1073,0,0,0,1,1,838,215,18,3,1074,0,0,0,1074
01/13/2018,MSP,MN,AGL,CE,Towers with Radar,598,115,12,4,729,0,0,1,0,1,598,115,13,4,730,0,0,0,730
01/14/2018,MSP,MN,AGL,CE,Towers with Radar,644,125,14,1,784,0,0,0,0,0,644,125,14,1,784,0,0,0,784
01/15/2018,MSP,MN,AGL,CE,Towers with Radar,851,208,40,4,1103,0,0,0,0,0,851,208,40,4,1103,0,0,0,1103
01/16/2018,MSP,MN,AGL,CE,Towers with Radar,802,205,54,4,1065,0,0,1,0,1,802,205,55,4,1066,0,0,0,1066
01/17/2018,MSP,MN,AGL,CE,Towers with Radar,812,217,28,8,1065,0,1,3,1,5,812,218,31,9,1070,0,0,0,1070
01/18/2018,MSP,MN,AGL,CE,Towers with Radar,867,215,35,8,1125,0,1,1,1,3,867,216,36,9,1128,0,0,0,1128
01/19/2018,MSP,MN,AGL,CE,Towers with Radar,896,217,24,2,1139,0,0,0,0,0,896,217,24,2,1139,0,0,0,1139
01/20/2018,MSP,MN,AGL,CE,Towers with Radar,620,127,10,0,757,0,0,0,0,0,620,127,10,0,757,0,0,0,757
01/21/2018,MSP,MN,AGL,CE,Towers with Radar,787,148,10,0,945,0,0,0,0,0,787,148,10,0,945,0,0,0,945
01/22/2018,MSP,MN,AGL,CE,Towers with Radar,307,36,16,0,359,0,0,0,0,0,307,36,16,0,359,0,0,0,359
01/23/2018,MSP,MN,AGL,CE,Towers with Radar,779,200,52,3,1034,0,0,0,0,0,779,200,52,3,1034,0,0,0,1034
01/24/2018,MSP,MN,AGL,CE,Towers with Radar,829,218,37,11,1095,0,0,0,0,0,829,218,37,11,1095,0,0,0,1095
01/25/2018,MSP,MN,AGL,CE,Towers with Radar,868,201,38,5,1112,0,0,0,0,0,868,201,38,5,1112,0,0,0,1112
01/26/2018,MSP,MN,AGL,CE,Towers with Radar,901,204,35,5,1145,0,2,3,0,5,901,206,38,5,1150,0,0,0,1150
01/27/2018,MSP,MN,AGL,CE,Towers with Radar,602,117,7,0,726,0,2,0,0,2,602,119,7,0,728,0,0,0,728
01/28/2018,MSP,MN,AGL,CE,Towers with Radar,797,154,8,0,959,0,0,0,0,0,797,154,8,0,959,0,0,0,959
01/29/2018,MSP,MN,AGL,CE,Towers with Radar,868,214,42,11,1135,0,0,2,1,3,868,214,44,12,1138,0,0,0,1138
01/30/2018,MSP,MN,AGL,CE,Towers with Radar,824,213,48,10,1095,0,0,0,2,2,824,213,48,12,1097,0,0,0,1097
01/31/2018,MSP,MN,AGL,CE,Towers with Radar,840,209,26,12,1087,0,2,0,3,5,840,211,26,15,1092,0,0,0,1092
02/01/2018,MSP,MN,AGL,CE,Towers with Radar,886,221,42,4,1153,0,0,4,2,6,886,221,46,6,1159,0,0,0,1159
02/02/2018,MSP,MN,AGL,CE,Towers with Radar,959,234,47,7,1247,0,0,3,7,10,959,234,50,14,1257,0,0,0,1257
02/03/2018,MSP,MN,AGL,CE,Towers with Radar,651,146,41,2,840,0,0,0,0,0,651,146,41,2,840,0,0,0,840
02/04/2018,MSP,MN,AGL,CE,Towers with Radar,650,127,92,1,870,0,0,0,4,4,650,127,92,5,874,0,0,0,874
02/05/2018,MSP,MN,AGL,CE,Towers with Radar,1000,272,105,9,1386,0,0,5,1,6,1000,272,110,10,1392,0,0,0,1392
02/06/2018,MSP,MN,AGL,CE,Towers with Radar,838,208,36,13,1095,0,0,0,0,0,838,208,36,13,1095,0,0,0,1095
02/07/2018,MSP,MN,AGL,CE,Towers with Radar,833,215,34,16,1098,0,0,1,0,1,833,215,35,16,1099,0,0,0,1099
02/08/2018,MSP,MN,AGL,CE,Towers with Radar,886,223,41,12,1162,0,0,0,0,0,886,223,41,12,1162,0,0,0,1162
02/09/2018,MSP,MN,AGL,CE,Towers with Radar,880,219,23,8,1130,0,0,0,0,0,880,219,23,8,1130,0,0,0,1130
02/10/2018,MSP,MN,AGL,CE,Towers with Radar,651,120,8,5,784,0,0,1,0,1,651,120,9,5,785,0,0,0,785
02/11/2018,MSP,MN,AGL,CE,Towers with Radar,772,157,19,6,954,0,0,0,0,0,772,157,19,6,954,0,0,0,954
02/12/2018,MSP,MN,AGL,CE,Towers with Radar,889,199,29,2,1119,0,1,1,0,2,889,200,30,2,1121,0,0,0,1121
02/13/2018,MSP,MN,AGL,CE,Towers with Radar,832,217,39,9,1097,0,0,0,0,0,832,217,39,9,1097,0,0,0,1097
02/14/2018,MSP,MN,AGL,CE,Towers with Radar,803,229,29,8,1069,0,3,1,1,5,803,232,30,9,1074,0,0,0,1074
02/15/2018,MSP,MN,AGL,CE,Towers with Radar,895,227,34,11,1167,0,1,1,1,3,895,228,35,12,1170,0,0,0,1170
02/16/2018,MSP,MN,AGL,CE,Towers with Radar,937,221,17,1,1176,0,0,0,0,0,937,221,17,1,1176,0,0,0,1176
02/17/2018,MSP,MN,AGL,CE,Towers with Radar,655,106,12,0,773,0,0,0,0,0,655,106,12,0,773,0,0,0,773
02/18/2018,MSP,MN,AGL,CE,Towers with Radar,695,113,11,0,819,0,0,0,0,0,695,113,11,0,819,0,0,0,819
02/19/2018,MSP,MN,AGL,CE,Towers with Radar,856,164,40,1,1061,0,0,0,0,0,856,164,40,1,1061,0,0,0,1061
02/20/2018,MSP,MN,AGL,CE,Towers with Radar,881,218,34,5,1138,0,0,0,0,0,881,218,34,5,1138,0,0,0,1138
02/21/2018,MSP,MN,AGL,CE,Towers with Radar,903,230,37,13,1183,0,0,0,0,0,903,230,37,13,1183,0,0,0,1183
02/22/2018,MSP,MN,AGL,CE,Towers with Radar,910,220,42,8,1180,0,0,0,0,0,910,220,42,8,1180,0,0,0,1180
02/23/2018,MSP,MN,AGL,CE,Towers with Radar,942,228,34,0,1204,0,0,0,0,0,942,228,34,0,1204,0,0,0,1204
02/24/2018,MSP,MN,AGL,CE,Towers with Radar,663,103,8,0,774,0,0,0,0,0,663,103,8,0,774,0,0,0,774
02/25/2018,MSP,MN,AGL,CE,Towers with Radar,874,168,14,4,1060,0,0,0,0,0,874,168,14,4,1060,0,0,0,1060
02/26/2018,MSP,MN,AGL,CE,Towers with Radar,935,203,29,2,1169,0,0,0,1,1,935,203,29,3,1170,0,0,0,1170
02/27/2018,MSP,MN,AGL,CE,Towers with Radar,898,229,32,4,1163,0,0,2,0,2,898,229,34,4,1165,0,0,0,1165
02/28/2018,MSP,MN,AGL,CE,Towers with Radar,910,218,38,4,1170,0,0,1,1,2,910,218,39,5,1172,0,0,0,1172
03/01/2018,MSP,MN,AGL,CE,Towers with Radar,912,209,36,4,1161,0,0,0,1,1,912,209,36,5,1162,0,0,0,1162
03/02/2018,MSP,MN,AGL,CE,Towers with Radar,919,223,24,2,1168,0,0,0,0,0,919,223,24,2,1168,0,0,0,1168
03/03/2018,MSP,MN,AGL,CE,Towers with Radar,721,134,6,11,872,0,0,0,1,1,721,134,6,12,873,0,0,0,873
03/04/2018,MSP,MN,AGL,CE,Towers with Radar,861,161,24,2,1048,0,0,0,0,0,861,161,24,2,1048,0,0,0,1048
03/05/2018,MSP,MN,AGL,CE,Towers with Radar,867,101,30,2,1000,0,0,0,0,0,867,101,30,2,1000,0,0,0,1000
03/06/2018,MSP,MN,AGL,CE,Towers with Radar,956,214,26,11,1207,0,0,0,0,0,956,214,26,11,1207,0,0,0,1207
03/07/2018,MSP,MN,AGL,CE,Towers with Radar,925,223,28,19,1195,0,0,0,0,0,925,223,28,19,1195,0,0,0,1195
03/08/2018,MSP,MN,AGL,CE,Towers with Radar,960,225,26,9,1220,0,0,0,0,0,960,225,26,9,1220,0,0,0,1220
03/09/2018,MSP,MN,AGL,CE,Towers with Radar,977,226,30,5,1238,0,0,0,1,1,977,226,30,6,1239,0,0,0,1239
03/10/2018,MSP,MN,AGL,CE,Towers with Radar,797,137,7,2,943,0,1,0,0,1,797,138,7,2,944,0,0,0,944
03/11/2018,MSP,MN,AGL,CE,Towers with Radar,923,172,9,0,1104,0,0,0,0,0,923,172,9,0,1104,0,0,0,1104
03/12/2018,MSP,MN,AGL,CE,Towers with Radar,963,203,33,2,1201,0,0,0,0,0,963,203,33,2,1201,0,0,0,1201
03/13/2018,MSP,MN,AGL,CE,Towers with Radar,941,229,26,13,1209,0,0,2,1,3,941,229,28,14,1212,0,0,0,1212
03/14/2018,MSP,MN,AGL,CE,Towers with Radar,945,231,24,14,1214,0,1,1,1,3,945,232,25,15,1217,0,0,0,1217
03/15/2018,MSP,MN,AGL,CE,Towers with Radar,967,224,38,10,1239,0,0,0,2,2,967,224,38,12,1241,0,0,0,1241
03/16/2018,MSP,MN,AGL,CE,Towers with Radar,976,217,23,2,1218,0,2,1,0,3,976,219,24,2,1221,0,0,0,1221
03/17/2018,MSP,MN,AGL,CE,Towers with Radar,803,131,6,2,942,0,0,0,0,0,803,131,6,2,942,0,0,0,942
03/18/2018,MSP,MN,AGL,CE,Towers with Radar,915,185,16,2,1118,0,0,0,0,0,915,185,16,2,1118,0,0,0,1118
03/19/2018,MSP,MN,AGL,CE,Towers with Radar,975,210,26,5,1216,0,0,0,0,0,975,210,26,5,1216,0,0,0,1216
03/20/2018,MSP,MN,AGL,CE,Towers with Radar,937,226,33,9,1205,0,2,0,0,2,937,228,33,9,1207,0,0,0,1207
03/21/2018,MSP,MN,AGL,CE,Towers with Radar,904,217,41,7,1169,0,0,1,0,1,904,217,42,7,1170,0,0,0,1170
03/22/2018,MSP,MN,AGL,CE,Towers with Radar,950,236,38,13,1237,0,2,0,0,2,950,238,38,13,1239,0,0,0,1239
03/23/2018,MSP,MN,AGL,CE,Towers with Radar,979,215,27,8,1229,0,0,1,1,2,979,215,28,9,1231,0,0,0,1231
03/24/2018,MSP,MN,AGL,CE,Towers with Radar,810,138,12,10,970,0,0,0,4,4,810,138,12,14,974,0,0,0,974
03/25/2018,MSP,MN,AGL,CE,Towers with Radar,914,171,13,3,1101,0,0,0,0,0,914,171,13,3,1101,0,0,0,1101
03/26/2018,MSP,MN,AGL,CE,Towers with Radar,969,199,30,3,1201,0,0,0,0,0,969,199,30,3,1201,0,0,0,1201
03/27/2018,MSP,MN,AGL,CE,Towers with Radar,949,220,26,7,1202,0,1,1,3,5,949,221,27,10,1207,0,0,0,1207
03/28/2018,MSP,MN,AGL,CE,Towers with Radar,941,220,33,10,1204,0,1,0,2,3,941,221,33,12,1207,0,0,0,1207
03/29/2018,MSP,MN,AGL,CE,Towers with Radar,976,225,27,13,1241,0,0,0,0,0,976,225,27,13,1241,0,0,0,1241
03/30/2018,MSP,MN,AGL,CE,Towers with Radar,981,213,19,2,1215,0,1,0,0,1,981,214,19,2,1216,0,0,0,1216
03/31/2018,MSP,MN,AGL,CE,Towers with Radar,805,130,7,3,945,0,0,0,0,0,805,130,7,3,945,0,0,0,945
04/01/2018,MSP,MN,AGL,CE,Towers with Radar,902,176,4,3,1085,0,0,0,0,0,902,176,4,3,1085,0,0,0,1085
04/02/2018,MSP,MN,AGL,CE,Towers with Radar,962,207,18,2,1189,0,0,0,0,0,962,207,18,2,1189,0,0,0,1189
04/03/2018,MSP,MN,AGL,CE,Towers with Radar,894,187,36,0,1117,0,0,0,0,0,894,187,36,0,1117,0,0,0,1117
04/04/2018,MSP,MN,AGL,CE,Towers with Radar,931,243,34,11,1219,0,0,0,1,1,931,243,34,12,1220,0,0,0,1220
04/05/2018,MSP,MN,AGL,CE,Towers with Radar,956,225,40,13,1234,0,0,0,2,2,956,225,40,15,1236,0,0,0,1236
04/06/2018,MSP,MN,AGL,CE,Towers with Radar,958,209,26,8,1201,0,0,0,0,0,958,209,26,8,1201,0,0,0,1201
04/07/2018,MSP,MN,AGL,CE,Towers with Radar,749,125,8,1,883,0,0,0,0,0,749,125,8,1,883,0,0,0,883
04/08/2018,MSP,MN,AGL,CE,Towers with Radar,899,150,21,4,1074,0,0,0,0,0,899,150,21,4,1074,0,0,0,1074
04/09/2018,MSP,MN,AGL,CE,Towers with Radar,948,199,44,6,1197,0,2,0,1,3,948,201,44,7,1200,0,0,0,1200
04/10/2018,MSP,MN,AGL,CE,Towers with Radar,918,227,47,13,1205,0,0,0,0,0,918,227,47,13,1205,0,0,0,1205
04/11/2018,MSP,MN,AGL,CE,Towers with Radar,918,231,35,9,1193,0,0,1,0,1,918,231,36,9,1194,0,0,0,1194
04/12/2018,MSP,MN,AGL,CE,Towers with Radar,964,222,32,8,1226,0,0,0,0,0,964,222,32,8,1226,0,0,0,1226
04/13/2018,MSP,MN,AGL,CE,Towers with Radar,905,196,20,1,1122,0,0,0,0,0,905,196,20,1,1122,0,0,0,1122
04/14/2018,MSP,MN,AGL,CE,Towers with Radar,221,20,6,0,247,0,0,0,0,0,221,20,6,0,247,0,0,0,247
04/15/2018,MSP,MN,AGL,CE,Towers with Radar,581,111,6,1,699,0,0,0,0,0,581,111,6,1,699,0,0,0,699
04/16/2018,MSP,MN,AGL,CE,Towers with Radar,993,195,39,1,1228,0,0,0,0,0,993,195,39,1,1228,0,0,0,1228
04/17/2018,MSP,MN,AGL,CE,Towers with Radar,926,224,41,9,1200,0,0,0,0,0,926,224,41,9,1200,0,0,0,1200
04/18/2018,MSP,MN,AGL,CE,Towers with Radar,910,205,30,13,1158,0,0,1,0,1,910,205,31,13,1159,0,0,0,1159
04/19/2018,MSP,MN,AGL,CE,Towers with Radar,959,213,37,18,1227,0,4,0,0,4,959,217,37,18,1231,0,0,0,1231
04/20/2018,MSP,MN,AGL,CE,Towers with Radar,946,219,31,7,1203,0,0,0,1,1,946,219,31,8,1204,0,0,0,1204
04/21/2018,MSP,MN,AGL,CE,Towers with Radar,696,120,13,3,832,0,2,0,0,2,696,122,13,3,834,0,0,0,834
04/22/2018,MSP,MN,AGL,CE,Towers with Radar,873,155,16,0,1044,0,0,0,0,0,873,155,16,0,1044,0,0,0,1044
04/23/2018,MSP,MN,AGL,CE,Towers with Radar,936,211,36,2,1185,0,0,1,2,3,936,211,37,4,1188,0,0,0,1188
04/24/2018,MSP,MN,AGL,CE,Towers with Radar,912,222,43,15,1192,0,1,0,0,1,912,223,43,15,1193,0,0,0,1193
04/25/2018,MSP,MN,AGL,CE,Towers with Radar,899,240,30,10,1179,0,1,0,2,3,899,241,30,12,1182,0,0,0,1182
04/26/2018,MSP,MN,AGL,CE,Towers with Radar,964,235,42,11,1252,0,0,0,1,1,964,235,42,12,1253,0,0,0,1253
04/27/2018,MSP,MN,AGL,CE,Towers with Radar,956,227,35,1,1219,0,0,1,2,3,956,227,36,3,1222,0,0,0,1222
04/28/2018,MSP,MN,AGL,CE,Towers with Radar,697,118,8,2,825,0,1,3,0,4,697,119,11,2,829,0,0,0,829
04/29/2018,MSP,MN,AGL,CE,Towers with Radar,885,155,16,0,1056,0,0,0,0,0,885,155,16,0,1056,0,0,0,1056
04/30/2018,MSP,MN,AGL,CE,Towers with Radar,933,206,33,2,1174,0,0,1,0,1,933,206,34,2,1175,0,0,0,1175
05/01/2018,MSP,MN,AGL,CE,Towers with Radar,911,223,44,16,1194,0,0,0,0,0,911,223,44,16,1194,0,0,0,1194
05/02/2018,MSP,MN,AGL,CE,Towers with Radar,893,225,55,14,1187,0,2,2,0,4,893,227,57,14,1191,0,0,0,1191
05/03/2018,MSP,MN,AGL,CE,Towers with Radar,946,233,34,13,1226,0,0,0,1,1,946,233,34,14,1227,0,0,0,1227
05/04/2018,MSP,MN,AGL,CE,Towers with Radar,940,220,22,9,1191,0,1,2,1,4,940,221,24,10,1195,0,0,0,1195
05/05/2018,MSP,MN,AGL,CE,Towers with Radar,701,122,4,2,829,0,1,1,0,2,701,123,5,2,831,0,0,0,831
05/06/2018,MSP,MN,AGL,CE,Towers with Radar,871,164,16,4,1055,0,1,0,0,1,871,165,16,4,1056,0,0,0,1056
05/07/2018,MSP,MN,AGL,CE,Towers with Radar,935,205,37,3,1180,0,0,0,0,0,935,205,37,3,1180,0,0,0,1180
05/08/2018,MSP,MN,AGL,CE,Towers with Radar,913,228,42,7,1190,0,0,3,0,3,913,228,45,7,1193,0,0,0,1193
05/09/2018,MSP,MN,AGL,CE,Towers with Radar,920,235,40,5,1200,0,0,0,0,0,920,235,40,5,1200,0,0,0,1200
05/10/2018,MSP,MN,AGL,CE,Towers with Radar,945,236,42,9,1232,0,0,1,0,1,945,236,43,9,1233,0,0,0,1233
05/11/2018,MSP,MN,AGL,CE,Towers with Radar,965,235,14,5,1219,0,0,0,0,0,965,235,14,5,1219,0,0,0,1219
05/12/2018,MSP,MN,AGL,CE,Towers with Radar,650,122,9,1,782,0,0,0,0,0,650,122,9,1,782,0,0,0,782
05/13/2018,MSP,MN,AGL,CE,Towers with Radar,824,153,4,1,982,0,0,2,0,2,824,153,6,1,984,0,0,0,984
05/14/2018,MSP,MN,AGL,CE,Towers with Radar,927,203,30,1,1161,0,0,0,0,0,927,203,30,1,1161,0,0,0,1161
05/15/2018,MSP,MN,AGL,CE,Towers with Radar,902,217,43,18,1180,0,0,10,0,10,902,217,53,18,1190,0,0,0,1190
05/16/2018,MSP,MN,AGL,CE,Towers with Radar,927,227,43,21,1218,0,0,0,0,0,927,227,43,21,1218,0,0,0,1218
05/17/2018,MSP,MN,AGL,CE,Towers with Radar,954,244,22,12,1232,0,0,0,0,0,954,244,22,12,1232,0,0,0,1232
05/18/2018,MSP,MN,AGL,CE,Towers with Radar,949,242,26,19,1236,0,0,0,0,0,949,242,26,19,1236,0,0,0,1236
05/19/2018,MSP,MN,AGL,CE,Towers with Radar,708,123,8,9,848,0,0,0,0,0,708,123,8,9,848,0,0,0,848
05/20/2018,MSP,MN,AGL,CE,Towers with Radar,864,172,18,8,1062,0,0,0,0,0,864,172,18,8,1062,0,0,0,1062
05/21/2018,MSP,MN,AGL,CE,Towers with Radar,951,204,36,6,1197,0,0,0,0,0,951,204,36,6,1197,0,0,0,1197
05/22/2018,MSP,MN,AGL,CE,Towers with Radar,918,225,34,12,1189,0,0,0,0,0,918,225,34,12,1189,0,0,0,1189
05/23/2018,MSP,MN,AGL,CE,Towers with Radar,954,227,38,11,1230,0,1,0,0,1,954,228,38,11,1231,0,0,0,1231
05/24/2018,MSP,MN,AGL,CE,Towers with Radar,967,220,31,14,1232,0,2,0,0,2,967,222,31,14,1234,0,0,0,1234
05/25/2018,MSP,MN,AGL,CE,Towers with Radar,981,230,20,2,1233,0,3,0,10,13,981,233,20,12,1246,0,0,0,1246
05/26/2018,MSP,MN,AGL,CE,Towers with Radar,665,127,6,2,800,0,0,0,9,9,665,127,6,11,809,0,0,0,809
05/27/2018,MSP,MN,AGL,CE,Towers with Radar,645,106,10,1,762,0,0,0,0,0,645,106,10,1,762,0,0,0,762
05/28/2018,MSP,MN,AGL,CE,Towers with Radar,891,175,7,2,1075,0,0,2,0,2,891,175,9,2,1077,0,0,0,1077
05/29/2018,MSP,MN,AGL,CE,Towers with Radar,840,187,28,2,1057,0,0,0,0,0,840,187,28,2,1057,0,0,0,1057
05/30/2018,MSP,MN,AGL,CE,Towers with Radar,1015,271,32,8,1326,0,0,0,0,0,1015,271,32,8,1326,0,0,0,1326
05/31/2018,MSP,MN,AGL,CE,Towers with Radar,972,243,40,13,1268,0,0,0,3,3,972,243,40,16,1271,0,0,0,1271
06/01/2018,MSP,MN,AGL,CE,Towers with Radar,953,234,35,17,1239,0,0,0,1,1,953,234,35,18,1240,0,0,0,1240
06/02/2018,MSP,MN,AGL,CE,Towers with Radar,722,128,4,6,860,0,0,0,0,0,722,128,4,6,860,0,0,0,860
06/03/2018,MSP,MN,AGL,CE,Towers with Radar,894,164,14,10,1082,0,1,0,1,2,894,165,14,11,1084,0,0,0,1084
06/04/2018,MSP,MN,AGL,CE,Towers with Radar,954,207,23,7,1191,0,1,2,0,3,954,208,25,7,1194,0,0,0,1194
06/05/2018,MSP,MN,AGL,CE,Towers with Radar,937,231,30,5,1203,0,0,0,2,2,937,231,30,7,1205,0,0,0,1205
06/06/2018,MSP,MN,AGL,CE,Towers with Radar,942,232,27,7,1208,0,0,1,0,1,942,232,28,7,1209,0,0,0,1209
06/07/2018,MSP,MN,AGL,CE,Towers with Radar,991,234,30,10,1265,0,0,6,0,6,991,234,36,10,1271,0,0,0,1271
06/08/2018,MSP,MN,AGL,CE,Towers with Radar,1011,212,17,14,1254,0,0,2,0,2,1011,212,19,14,1256,0,0,0,1256
06/09/2018,MSP,MN,AGL,CE,Towers with Radar,801,145,3,3,952,0,0,0,0,0,801,145,3,3,952,0,0,0,952
06/10/2018,MSP,MN,AGL,CE,Towers with Radar,942,167,21,0,1130,0,0,0,0,0,942,167,21,0,1130,0,0,0,1130
06/11/2018,MSP,MN,AGL,CE,Towers with Radar,1001,205,25,3,1234,0,0,0,0,0,1001,205,25,3,1234,0,0,0,1234
06/12/2018,MSP,MN,AGL,CE,Towers with Radar,1035,228,40,12,1315,0,0,0,0,0,1035,228,40,12,1315,0,0,0,1315
06/13/2018,MSP,MN,AGL,CE,Towers with Radar,1021,238,40,14,1313,0,0,0,1,1,1021,238,40,15,1314,0,0,0,1314
06/14/2018,MSP,MN,AGL,CE,Towers with Radar,1026,243,62,17,1348,0,0,0,0,0,1026,243,62,17,1348,0,0,0,1348
06/15/2018,MSP,MN,AGL,CE,Towers with Radar,1028,232,27,3,1290,0,0,0,1,1,1028,232,27,4,1291,0,0,0,1291
06/16/2018,MSP,MN,AGL,CE,Towers with Radar,784,143,9,6,942,0,0,0,0,0,784,143,9,6,942,0,0,0,942
06/17/2018,MSP,MN,AGL,CE,Towers with Radar,955,171,15,3,1144,0,0,0,0,0,955,171,15,3,1144,0,0,0,1144
06/18/2018,MSP,MN,AGL,CE,Towers with Radar,1025,209,28,5,1267,0,2,0,0,2,1025,211,28,5,1269,0,0,0,1269
06/19/2018,MSP,MN,AGL,CE,Towers with Radar,1015,226,31,11,1283,0,0,0,0,0,1015,226,31,11,1283,0,0,0,1283
06/20/2018,MSP,MN,AGL,CE,Towers with Radar,1029,234,39,14,1316,0,2,2,16,20,1029,236,41,30,1336,0,0,0,1336
06/21/2018,MSP,MN,AGL,CE,Towers with Radar,1034,226,32,11,1303,0,0,2,0,2,1034,226,34,11,1305,0,0,0,1305
06/22/2018,MSP,MN,AGL,CE,Towers with Radar,1015,225,27,16,1283,0,0,0,2,2,1015,225,27,18,1285,0,0,0,1285
06/23/2018,MSP,MN,AGL,CE,Towers with Radar,786,143,14,12,955,0,0,2,3,5,786,143,16,15,960,0,0,0,960
06/24/2018,MSP,MN,AGL,CE,Towers with Radar,935,177,15,5,1132,0,0,0,0,0,935,177,15,5,1132,0,0,0,1132
06/25/2018,MSP,MN,AGL,CE,Towers with Radar,1040,210,33,8,1291,0,2,0,14,16,1040,212,33,22,1307,0,0,0,1307
06/26/2018,MSP,MN,AGL,CE,Towers with Radar,1012,232,38,11,1293,0,0,0,0,0,1012,232,38,11,1293,0,0,0,1293
06/27/2018,MSP,MN,AGL,CE,Towers with Radar,1038,223,31,14,1306,0,0,5,13,18,1038,223,36,27,1324,0,0,0,1324
06/28/2018,MSP,MN,AGL,CE,Towers with Radar,1010,245,35,11,1301,0,0,8,3,11,1010,245,43,14,1312,0,0,0,1312
06/29/2018,MSP,MN,AGL,CE,Towers with Radar,1073,235,22,2,1332,0,0,0,0,0,1073,235,22,2,1332,0,0,0,1332
06/30/2018,MSP,MN,AGL,CE,Towers with Radar,839,173,8,4,1024,0,0,0,2,2,839,173,8,6,1026,0,0,0,1026
07/01/2018,MSP,MN,AGL,CE,Towers with Radar,837,141,11,1,990,0,0,0,0,0,837,141,11,1,990,0,0,0,990
07/02/2018,MSP,MN,AGL,CE,Towers with Radar,807,164,22,7,1000,0,2,1,0,3,807,166,23,7,1003,0,0,0,1003
07/03/2018,MSP,MN,AGL,CE,Towers with Radar,802,188,15,4,1009,0,0,0,18,18,802,188,15,22,1027,0,0,0,1027
07/04/2018,MSP,MN,AGL,CE,Towers with Radar,734,122,2,0,858,0,0,2,0,2,734,122,4,0,860,0,0,0,860
07/05/2018,MSP,MN,AGL,CE,Towers with Radar,841,193,20,0,1054,0,0,0,0,0,841,193,20,0,1054,0,0,0,1054
07/06/2018,MSP,MN,AGL,CE,Towers with Radar,860,182,7,3,1052,0,0,2,1,3,860,182,9,4,1055,0,0,0,1055
07/07/2018,MSP,MN,AGL,CE,Towers with Radar,820,154,8,1,983,0,0,1,0,1,820,154,9,1,984,0,0,0,984
07/08/2018,MSP,MN,AGL,CE,Towers with Radar,959,202,15,1,1177,0,0,0,1,1,959,202,15,2,1178,0,0,0,1178
07/09/2018,MSP,MN,AGL,CE,Towers with Radar,1008,233,28,5,1274,0,0,1,0,1,1008,233,29,5,1275,0,0,0,1275
07/10/2018,MSP,MN,AGL,CE,Towers with Radar,1034,260,41,15,1350,0,0,1,0,1,1034,260,42,15,1351,0,0,0,1351
07/11/2018,MSP,MN,AGL,CE,Towers with Radar,1030,252,32,13,1327,0,0,0,0,0,1030,252,32,13,1327,0,0,0,1327
07/12/2018,MSP,MN,AGL,CE,Towers with Radar,980,223,30,10,1243,0,0,0,0,0,980,223,30,10,1243,0,0,0,1243
07/13/2018,MSP,MN,AGL,CE,Towers with Radar,1089,264,19,9,1381,0,1,0,0,1,1089,265,19,9,1382,0,0,0,1382
07/14/2018,MSP,MN,AGL,CE,Towers with Radar,807,161,8,0,976,0,0,10,0,10,807,161,18,0,986,0,0,0,986
07/15/2018,MSP,MN,AGL,CE,Towers with Radar,951,195,19,6,1171,0,0,0,0,0,951,195,19,6,1171,0,0,0,1171
07/16/2018,MSP,MN,AGL,CE,Towers with Radar,1003,228,42,13,1286,0,0,2,0,2,1003,228,44,13,1288,0,0,0,1288
07/17/2018,MSP,MN,AGL,CE,Towers with Radar,1021,243,39,16,1319,0,0,1,0,1,1021,243,40,16,1320,0,0,0,1320
07/18/2018,MSP,MN,AGL,CE,Towers with Radar,1048,253,51,12,1364,0,0,2,0,2,1048,253,53,12,1366,0,0,0,1366
07/19/2018,MSP,MN,AGL,CE,Towers with Radar,1034,254,33,2,1323,0,0,2,0,2,1034,254,35,2,1325,0,0,0,1325
07/20/2018,MSP,MN,AGL,CE,Towers with Radar,1029,246,13,6,1294,0,0,1,0,1,1029,246,14,6,1295,0,0,0,1295
07/21/2018,MSP,MN,AGL,CE,Towers with Radar,808,175,17,0,1000,0,1,2,0,3,808,176,19,0,1003,0,0,0,1003
07/22/2018,MSP,MN,AGL,CE,Towers with Radar,951,200,18,1,1170,0,0,3,0,3,951,200,21,1,1173,0,0,0,1173
07/23/2018,MSP,MN,AGL,CE,Towers with Radar,1022,216,38,4,1280,0,0,0,0,0,1022,216,38,4,1280,0,0,0,1280
07/24/2018,MSP,MN,AGL,CE,Towers with Radar,1042,264,53,18,1377,0,0,2,0,2,1042,264,55,18,1379,0,0,0,1379
07/25/2018,MSP,MN,AGL,CE,Towers with Radar,1020,251,48,9,1328,0,0,0,0,0,1020,251,48,9,1328,0,0,0,1328
07/26/2018,MSP,MN,AGL,CE,Towers with Radar,1033,254,27,16,1330,0,0,1,0,1,1033,254,28,16,1331,0,0,0,1331
07/27/2018,MSP,MN,AGL,CE,Towers with Radar,1004,247,30,15,1296,0,1,3,0,4,1004,248,33,15,1300,0,0,0,1300
07/28/2018,MSP,MN,AGL,CE,Towers with Radar,825,158,16,1,1000,0,0,2,0,2,825,158,18,1,1002,0,0,0,1002
07/29/2018,MSP,MN,AGL,CE,Towers with Radar,980,191,17,11,1199,0,0,2,0,2,980,191,19,11,1201,0,0,0,1201
07/30/2018,MSP,MN,AGL,CE,Towers with Radar,1021,235,25,3,1284,0,0,4,0,4,1021,235,29,3,1288,0,0,0,1288
07/31/2018,MSP,MN,AGL,CE,Towers with Radar,1026,251,39,4,1320,0,0,4,0,4,1026,251,43,4,1324,0,0,0,1324
08/01/2018,MSP,MN,AGL,CE,Towers with Radar,1038,258,32,8,1336,0,0,0,0,0,1038,258,32,8,1336,0,0,0,1336
08/02/2018,MSP,MN,AGL,CE,Towers with Radar,1022,242,32,15,1311,0,0,6,1,7,1022,242,38,16,1318,0,0,0,1318
08/03/2018,MSP,MN,AGL,CE,Towers with Radar,979,239,36,12,1266,0,0,1,0,1,979,239,37,12,1267,0,0,0,1267
08/04/2018,MSP,MN,AGL,CE,Towers with Radar,857,161,5,6,1029,0,0,1,0,1,857,161,6,6,1030,0,0,0,1030
08/05/2018,MSP,MN,AGL,CE,Towers with Radar,964,193,18,4,1179,0,0,1,0,1,964,193,19,4,1180,0,0,0,1180
08/06/2018,MSP,MN,AGL,CE,Towers with Radar,1030,233,30,1,1294,0,0,4,0,4,1030,233,34,1,1298,0,0,0,1298
08/07/2018,MSP,MN,AGL,CE,Towers with Radar,1037,251,53,12,1353,0,0,9,0,9,1037,251,62,12,1362,0,0,0,1362
08/08/2018,MSP,MN,AGL,CE,Towers with Radar,1034,259,38,15,1346,0,0,1,0,1,1034,259,39,15,1347,0,0,0,1347
08/09/2018,MSP,MN,AGL,CE,Towers with Radar,1037,258,35,10,1340,0,0,1,3,4,1037,258,36,13,1344,0,0,0,1344
08/10/2018,MSP,MN,AGL,CE,Towers with Radar,1056,245,21,4,1326,0,0,0,0,0,1056,245,21,4,1326,0,0,0,1326
08/11/2018,MSP,MN,AGL,CE,Towers with Radar,799,164,9,3,975,0,0,0,0,0,799,164,9,3,975,0,0,0,975
08/12/2018,MSP,MN,AGL,CE,Towers with Radar,943,201,14,3,1161,0,0,0,0,0,943,201,14,3,1161,0,0,0,1161
08/13/2018,MSP,MN,AGL,CE,Towers with Radar,991,227,34,4,1256,0,0,4,0,4,991,227,38,4,1260,0,0,0,1260
08/14/2018,MSP,MN,AGL,CE,Towers with Radar,1003,245,25,16,1289,0,0,1,0,1,1003,245,26,16,1290,0,0,0,1290
08/15/2018,MSP,MN,AGL,CE,Towers with Radar,1039,244,45,19,1347,0,0,0,2,2,1039,244,45,21,1349,0,0,0,1349
08/16/2018,MSP,MN,AGL,CE,Towers with Radar,1014,254,32,14,1314,0,0,0,0,0,1014,254,32,14,1314,0,0,0,1314
08/17/2018,MSP,MN,AGL,CE,Towers with Radar,1006,259,30,18,1313,0,0,0,0,0,1006,259,30,18,1313,0,0,0,1313
08/18/2018,MSP,MN,AGL,CE,Towers with Radar,759,152,12,8,931,0,0,5,0,5,759,152,17,8,936,0,0,0,936
08/19/2018,MSP,MN,AGL,CE,Towers with Radar,922,198,23,6,1149,0,0,0,0,0,922,198,23,6,1149,0,0,0,1149
08/20/2018,MSP,MN,AGL,CE,Towers with Radar,989,238,41,10,1278,0,0,0,1,1,989,238,41,11,1279,0,0,0,1279
08/21/2018,MSP,MN,AGL,CE,Towers with Radar,978,259,40,18,1295,0,1,1,0,2,978,260,41,18,1297,0,0,0,1297
08/22/2018,MSP,MN,AGL,CE,Towers with Radar,993,249,45,15,1302,0,1,0,0,1,993,250,45,15,1303,0,0,0,1303
08/23/2018,MSP,MN,AGL,CE,Towers with Radar,1007,268,39,6,1320,0,0,1,0,1,1007,268,40,6,1321,0,0,0,1321
08/24/2018,MSP,MN,AGL,CE,Towers with Radar,1004,257,29,6,1296,0,0,0,0,0,1004,257,29,6,1296,0,0,0,1296
08/25/2018,MSP,MN,AGL,CE,Towers with Radar,716,139,13,1,869,0,0,3,0,3,716,139,16,1,872,0,0,0,872
08/26/2018,MSP,MN,AGL,CE,Towers with Radar,908,199,30,3,1140,0,0,1,0,1,908,199,31,3,1141,0,0,0,1141
08/27/2018,MSP,MN,AGL,CE,Towers with Radar,973,219,36,4,1232,0,0,0,2,2,973,219,36,6,1234,0,0,0,1234
08/28/2018,MSP,MN,AGL,CE,Towers with Radar,920,229,32,15,1196,0,0,0,3,3,920,229,32,18,1199,0,0,0,1199
08/29/2018,MSP,MN,AGL,CE,Towers with Radar,977,242,26,18,1263,0,0,4,0,4,977,242,30,18,1267,0,0,0,1267
08/30/2018,MSP,MN,AGL,CE,Towers with Radar,988,250,32,14,1284,0,0,11,0,11,988,250,43,14,1295,0,0,0,1295
08/31/2018,MSP,MN,AGL,CE,Towers with Radar,962,230,26,2,1220,0,0,0,0,0,962,230,26,2,1220,0,0,0,1220
09/01/2018,MSP,MN,AGL,CE,Towers with Radar,633,129,12,0,774,0,0,2,0,2,633,129,14,0,776,0,0,0,776
09/02/2018,MSP,MN,AGL,CE,Towers with Radar,651,128,4,1,784,0,0,0,0,0,651,128,4,1,784,0,0,0,784
09/03/2018,MSP,MN,AGL,CE,Towers with Radar,837,191,9,2,1039,0,0,4,0,4,837,191,13,2,1043,0,0,0,1043
09/04/2018,MSP,MN,AGL,CE,Towers with Radar,892,233,35,1,1161,0,0,0,0,0,892,233,35,1,1161,0,0,0,1161
09/05/2018,MSP,MN,AGL,CE,Towers with Radar,856,227,23,9,1115,1,0,0,0,1,857,227,23,9,1116,0,0,0,1116
09/06/2018,MSP,MN,AGL,CE,Towers with Radar,869,241,39,10,1159,0,0,1,0,1,869,241,40,10,1160,0,0,0,1160
09/07/2018,MSP,MN,AGL,CE,Towers with Radar,855,219,28,30,1132,0,0,8,0,8,855,219,36,30,1140,0,0,0,1140
09/08/2018,MSP,MN,AGL,CE,Towers with Radar,631,140,14,9,794,0,0,0,11,11,631,140,14,20,805,0,0,0,805
09/09/2018,MSP,MN,AGL,CE,Towers with Radar,882,192,28,7,1109,0,0,0,0,0,882,192,28,7,1109,0,0,0,1109
09/10/2018,MSP,MN,AGL,CE,Towers with Radar,951,221,35,2,1209,0,0,17,0,17,951,221,52,2,1226,0,0,0,1226
09/11/2018,MSP,MN,AGL,CE,Towers with Radar,911,241,40,14,1206,0,0,8,0,8,911,241,48,14,1214,0,0,0,1214
09/12/2018,MSP,MN,AGL,CE,Towers with Radar,934,246,55,7,1242,0,0,1,1,2,934,246,56,8,1244,0,0,0,1244
09/13/2018,MSP,MN,AGL,CE,Towers with Radar,975,245,32,15,1267,0,0,4,0,4,975,245,36,15,1271,0,0,0,1271
09/14/2018,MSP,MN,AGL,CE,Towers with Radar,947,239,19,16,1221,0,0,3,0,3,947,239,22,16,1224,0,0,0,1224
09/15/2018,MSP,MN,AGL,CE,Towers with Radar,657,132,6,10,805,0,0,0,1,1,657,132,6,11,806,0,0,0,806
09/16/2018,MSP,MN,AGL,CE,Towers with Radar,886,187,23,7,1103,0,0,1,0,1,886,187,24,7,1104,0,0,0,1104
09/17/2018,MSP,MN,AGL,CE,Towers with Radar,962,213,33,1,1209,0,0,0,0,0,962,213,33,1,1209,0,0,0,1209
09/18/2018,MSP,MN,AGL,CE,Towers with Radar,902,242,40,4,1188,0,0,0,0,0,902,242,40,4,1188,0,0,0,1188
09/19/2018,MSP,MN,AGL,CE,Towers with Radar,951,265,39,6,1261,0,0,0,0,0,951,265,39,6,1261,0,0,0,1261
09/20/2018,MSP,MN,AGL,CE,Towers with Radar,948,220,28,2,1198,0,0,0,0,0,948,220,28,2,1198,0,0,0,1198
09/21/2018,MSP,MN,AGL,CE,Towers with Radar,962,256,28,3,1249,0,0,1,0,1,962,256,29,3,1250,0,0,0,1250
09/22/2018,MSP,MN,AGL,CE,Towers with Radar,673,140,14,4,831,0,0,1,0,1,673,140,15,4,832,0,0,0,832
09/23/2018,MSP,MN,AGL,CE,Towers with Radar,888,200,29,4,1121,0,0,3,0,3,888,200,32,4,1124,0,0,0,1124
09/24/2018,MSP,MN,AGL,CE,Towers with Radar,960,230,44,2,1236,0,0,7,0,7,960,230,51,2,1243,0,0,0,1243
09/25/2018,MSP,MN,AGL,CE,Towers with Radar,921,252,40,10,1223,0,2,0,0,2,921,254,40,10,1225,0,0,0,1225
09/26/2018,MSP,MN,AGL,CE,Towers with Radar,940,258,39,12,1249,0,0,0,2,2,940,258,39,14,1251,0,0,0,1251
09/27/2018,MSP,MN,AGL,CE,Towers with Radar,995,235,27,12,1269,0,0,3,0,3,995,235,30,12,1272,0,0,0,1272
09/28/2018,MSP,MN,AGL,CE,Towers with Radar,952,230,18,2,1202,0,0,0,0,0,952,230,18,2,1202,0,0,0,1202
09/29/2018,MSP,MN,AGL,CE,Towers with Radar,658,132,12,0,802,0,0,2,0,2,658,132,14,0,804,0,0,0,804
09/30/2018,MSP,MN,AGL,CE,Towers with Radar,888,184,22,3,1097,0,0,2,0,2,888,184,24,3,1099,0,0,0,1099
10/01/2018,MSP,MN,AGL,CE,Towers with Radar,925,221,24,10,1180,0,0,0,0,0,925,221,24,10,1180,0,0,0,1180
10/02/2018,MSP,MN,AGL,CE,Towers with Radar,917,236,24,10,1187,0,0,0,0,0,917,236,24,10,1187,0,0,0,1187
10/03/2018,MSP,MN,AGL,CE,Towers with Radar,932,252,47,10,1241,0,0,0,0,0,932,252,47,10,1241,0,0,0,1241
10/04/2018,MSP,MN,AGL,CE,Towers with Radar,970,229,31,3,1233,0,0,2,0,2,970,229,33,3,1235,0,0,0,1235
10/05/2018,MSP,MN,AGL,CE,Towers with Radar,947,236,23,4,1210,0,0,0,0,0,947,236,23,4,1210,0,0,0,1210
10/06/2018,MSP,MN,AGL,CE,Towers with Radar,647,129,13,1,790,0,0,0,0,0,647,129,13,1,790,0,0,0,790
10/07/2018,MSP,MN,AGL,CE,Towers with Radar,840,184,14,1,1039,0,0,0,2,2,840,184,14,3,1041,0,0,0,1041
10/08/2018,MSP,MN,AGL,CE,Towers with Radar,933,219,27,0,1179,0,0,0,0,0,933,219,27,0,1179,0,0,0,1179
10/09/2018,MSP,MN,AGL,CE,Towers with Radar,914,228,34,11,1187,0,0,0,0,0,914,228,34,11,1187,0,0,0,1187
10/10/2018,MSP,MN,AGL,CE,Towers with Radar,927,242,45,14,1228,0,0,0,0,0,927,242,45,14,1228,0,0,0,1228
10/11/2018,MSP,MN,AGL,CE,Towers with Radar,967,226,36,12,1241,0,0,0,0,0,967,226,36,12,1241,0,0,0,1241
10/12/2018,MSP,MN,AGL,CE,Towers with Radar,944,226,32,8,1210,0,0,0,0,0,944,226,32,8,1210,0,0,0,1210
10/13/2018,MSP,MN,AGL,CE,Towers with Radar,650,138,11,5,804,0,0,4,0,4,650,138,15,5,808,0,0,0,808
10/14/2018,MSP,MN,AGL,CE,Towers with Radar,863,189,30,0,1082,0,0,0,0,0,863,189,30,0,1082,0,0,0,1082
10/15/2018,MSP,MN,AGL,CE,Towers with Radar,945,232,31,9,1217,0,0,0,0,0,945,232,31,9,1217,0,0,0,1217
10/16/2018,MSP,MN,AGL,CE,Towers with Radar,940,236,46,16,1238,0,0,10,0,10,940,236,56,16,1248,0,0,0,1248
10/17/2018,MSP,MN,AGL,CE,Towers with Radar,936,239,25,14,1214,0,0,1,0,1,936,239,26,14,1215,0,0,0,1215
10/18/2018,MSP,MN,AGL,CE,Towers with Radar,968,242,25,14,1249,0,0,0,2,2,968,242,25,16,1251,0,0,0,1251
10/19/2018,MSP,MN,AGL,CE,Towers with Radar,938,242,24,4,1208,0,0,0,0,0,938,242,24,4,1208,0,0,0,1208
10/20/2018,MSP,MN,AGL,CE,Towers with Radar,667,136,13,0,816,0,0,0,0,0,667,136,13,0,816,0,0,0,816
10/21/2018,MSP,MN,AGL,CE,Towers with Radar,871,193,32,4,1100,0,0,1,0,1,871,193,33,4,1101,0,0,0,1101
10/22/2018,MSP,MN,AGL,CE,Towers with Radar,952,216,32,1,1201,0,0,0,0,0,952,216,32,1,1201,0,0,0,1201
10/23/2018,MSP,MN,AGL,CE,Towers with Radar,927,229,47,9,1212,0,0,2,0,2,927,229,49,9,1214,0,0,0,1214
10/24/2018,MSP,MN,AGL,CE,Towers with Radar,938,238,43,11,1230,0,0,1,0,1,938,238,44,11,1231,0,0,0,1231
10/25/2018,MSP,MN,AGL,CE,Towers with Radar,965,235,32,7,1239,0,0,0,0,0,965,235,32,7,1239,0,0,0,1239
10/26/2018,MSP,MN,AGL,CE,Towers with Radar,935,230,36,4,1205,0,0,0,1,1,935,230,36,5,1206,0,0,0,1206
10/27/2018,MSP,MN,AGL,CE,Towers with Radar,619,134,12,2,767,0,0,0,0,0,619,134,12,2,767,0,0,0,767
10/28/2018,MSP,MN,AGL,CE,Towers with Radar,777,160,26,2,965,0,0,0,0,0,777,160,26,2,965,0,0,0,965
10/29/2018,MSP,MN,AGL,CE,Towers with Radar,804,202,39,7,1052,0,0,0,0,0,804,202,39,7,1052,0,0,0,1052
10/30/2018,MSP,MN,AGL,CE,Towers with Radar,752,211,33,16,1012,0,0,3,0,3,752,211,36,16,1015,0,0,0,1015
10/31/2018,MSP,MN,AGL,CE,Towers with Radar,702,204,19,8,933,0,0,8,1,9,702,204,27,9,942,0,0,0,942
11/01/2018,MSP,MN,AGL,CE,Towers with Radar,831,218,37,13,1099,0,0,1,1,2,831,218,38,14,1101,0,0,0,1101
11/02/2018,MSP,MN,AGL,CE,Towers with Radar,832,214,24,5,1075,0,0,2,0,2,832,214,26,5,1077,0,0,0,1077
11/03/2018,MSP,MN,AGL,CE,Towers with Radar,616,126,9,9,760,0,0,6,0,6,616,126,15,9,766,0,0,0,766
11/04/2018,MSP,MN,AGL,CE,Towers with Radar,834,167,22,3,1026,0,0,0,0,0,834,167,22,3,1026,0,0,0,1026
11/05/2018,MSP,MN,AGL,CE,Towers with Radar,868,184,36,1,1089,0,0,0,0,0,868,184,36,1,1089,0,0,0,1089
11/06/2018,MSP,MN,AGL,CE,Towers with Radar,820,209,36,13,1078,0,0,3,0,3,820,209,39,13,1081,0,0,0,1081
11/07/2018,MSP,MN,AGL,CE,Towers with Radar,865,206,36,10,1117,0,0,0,0,0,865,206,36,10,1117,0,0,0,1117
11/08/2018,MSP,MN,AGL,CE,Towers with Radar,922,215,29,7,1173,0,0,0,0,0,922,215,29,7,1173,0,0,0,1173
11/09/2018,MSP,MN,AGL,CE,Towers with Radar,912,215,37,0,1164,0,0,0,0,0,912,215,37,0,1164,0,0,0,1164
11/10/2018,MSP,MN,AGL,CE,Towers with Radar,641,119,3,0,763,0,0,0,0,0,641,119,3,0,763,0,0,0,763
11/11/2018,MSP,MN,AGL,CE,Towers with Radar,838,161,22,0,1021,0,0,0,2,2,838,161,22,2,1023,0,0,0,1023
11/12/2018,MSP,MN,AGL,CE,Towers with Radar,918,198,42,0,1158,0,0,0,0,0,918,198,42,0,1158,0,0,0,1158
11/13/2018,MSP,MN,AGL,CE,Towers with Radar,911,219,29,13,1172,0,0,0,0,0,911,219,29,13,1172,0,0,0,1172
11/14/2018,MSP,MN,AGL,CE,Towers with Radar,928,220,34,13,1195,0,0,0,0,0,928,220,34,13,1195,0,0,0,1195
11/15/2018,MSP,MN,AGL,CE,Towers with Radar,921,216,21,7,1165,0,0,1,0,1,921,216,22,7,1166,0,0,0,1166
11/16/2018,MSP,MN,AGL,CE,Towers with Radar,901,218,36,8,1163,0,0,0,0,0,901,218,36,8,1163,0,0,0,1163
11/17/2018,MSP,MN,AGL,CE,Towers with Radar,647,111,7,6,771,0,0,0,0,0,647,111,7,6,771,0,0,0,771
11/18/2018,MSP,MN,AGL,CE,Towers with Radar,766,149,13,2,930,0,0,0,0,0,766,149,13,2,930,0,0,0,930
11/19/2018,MSP,MN,AGL,CE,Towers with Radar,792,175,22,11,1000,0,0,2,0,2,792,175,24,11,1002,0,0,0,1002
11/20/2018,MSP,MN,AGL,CE,Towers with Radar,870,212,24,11,1117,0,0,0,0,0,870,212,24,11,1117,0,0,0,1117
11/21/2018,MSP,MN,AGL,CE,Towers with Radar,951,210,18,7,1186,0,0,1,0,1,951,210,19,7,1187,0,0,0,1187
11/22/2018,MSP,MN,AGL,CE,Towers with Radar,502,91,3,0,596,0,0,0,0,0,502,91,3,0,596,0,0,0,596
11/23/2018,MSP,MN,AGL,CE,Towers with Radar,550,133,9,0,692,0,0,0,0,0,550,133,9,0,692,0,0,0,692
11/24/2018,MSP,MN,AGL,CE,Towers with Radar,876,186,14,0,1076,0,0,0,0,0,876,186,14,0,1076,0,0,0,1076
11/25/2018,MSP,MN,AGL,CE,Towers with Radar,938,197,23,0,1158,0,0,0,0,0,938,197,23,0,1158,0,0,0,1158
11/26/2018,MSP,MN,AGL,CE,Towers with Radar,914,197,34,0,1145,0,0,0,0,0,914,197,34,0,1145,0,0,0,1145
11/27/2018,MSP,MN,AGL,CE,Towers with Radar,897,194,33,7,1131,0,0,0,1,1,897,194,33,8,1132,0,0,0,1132
11/28/2018,MSP,MN,AGL,CE,Towers with Radar,875,199,30,9,1113,0,0,0,0,0,875,199,30,9,1113,0,0,0,1113
11/29/2018,MSP,MN,AGL,CE,Towers with Radar,905,201,28,10,1144,0,0,0,0,0,905,201,28,10,1144,0,0,0,1144
11/30/2018,MSP,MN,AGL,CE,Towers with Radar,891,186,27,2,1106,0,0,0,0,0,891,186,27,2,1106,0,0,0,1106
12/01/2018,MSP,MN,AGL,CE,Towers with Radar,595,97,11,2,705,0,0,0,0,0,595,97,11,2,705,0,0,0,705
12/02/2018,MSP,MN,AGL,CE,Towers with Radar,809,145,18,1,973,0,0,0,0,0,809,145,18,1,973,0,0,0,973
12/03/2018,MSP,MN,AGL,CE,Towers with Radar,869,173,26,4,1072,0,0,0,0,0,869,173,26,4,1072,0,0,0,1072
12/04/2018,MSP,MN,AGL,CE,Towers with Radar,841,206,34,3,1084,0,0,0,0,0,841,206,34,3,1084,0,0,0,1084
12/05/2018,MSP,MN,AGL,CE,Towers with Radar,873,197,33,0,1103,0,0,1,0,1,873,197,34,0,1104,0,0,0,1104
12/06/2018,MSP,MN,AGL,CE,Towers with Radar,895,196,35,8,1134,0,0,4,1,5,895,196,39,9,1139,0,0,0,1139
12/07/2018,MSP,MN,AGL,CE,Towers with Radar,885,195,29,7,1116,0,0,1,0,1,885,195,30,7,1117,0,0,0,1117
12/08/2018,MSP,MN,AGL,CE,Towers with Radar,611,105,5,0,721,0,0,0,0,0,611,105,5,0,721,0,0,0,721
12/09/2018,MSP,MN,AGL,CE,Towers with Radar,786,136,8,1,931,0,0,0,0,0,786,136,8,1,931,0,0,0,931
12/10/2018,MSP,MN,AGL,CE,Towers with Radar,858,175,28,5,1066,0,0,0,0,0,858,175,28,5,1066,0,0,0,1066
12/11/2018,MSP,MN,AGL,CE,Towers with Radar,850,195,44,12,1101,0,0,3,0,3,850,195,47,12,1104,0,0,0,1104
12/12/2018,MSP,MN,AGL,CE,Towers with Radar,866,198,48,9,1121,0,0,0,0,0,866,198,48,9,1121,0,0,0,1121
12/13/2018,MSP,MN,AGL,CE,Towers with Radar,907,197,33,13,1150,0,0,0,0,0,907,197,33,13,1150,0,0,0,1150
12/14/2018,MSP,MN,AGL,CE,Towers with Radar,911,182,30,5,1128,0,0,0,0,0,911,182,30,5,1128,0,0,0,1128
12/15/2018,MSP,MN,AGL,CE,Towers with Radar,618,107,13,2,740,0,0,2,0,2,618,107,15,2,742,0,0,0,742
12/16/2018,MSP,MN,AGL,CE,Towers with Radar,806,139,15,3,963,0,0,1,0,1,806,139,16,3,964,0,0,0,964
12/17/2018,MSP,MN,AGL,CE,Towers with Radar,890,183,42,4,1119,0,0,1,1,2,890,183,43,5,1121,0,0,0,1121
12/18/2018,MSP,MN,AGL,CE,Towers with Radar,884,194,36,8,1122,0,0,1,0,1,884,194,37,8,1123,0,0,0,1123
12/19/2018,MSP,MN,AGL,CE,Towers with Radar,917,191,20,8,1136,0,0,0,0,0,917,191,20,8,1136,0,0,0,1136
12/20/2018,MSP,MN,AGL,CE,Towers with Radar,919,212,32,13,1176,0,0,0,0,0,919,212,32,13,1176,0,0,0,1176
12/21/2018,MSP,MN,AGL,CE,Towers with Radar,925,206,24,2,1157,0,0,0,0,0,925,206,24,2,1157,0,0,0,1157
12/22/2018,MSP,MN,AGL,CE,Towers with Radar,878,165,10,0,1053,0,0,0,0,0,878,165,10,0,1053,0,0,0,1053
12/23/2018,MSP,MN,AGL,CE,Towers with Radar,904,145,11,0,1060,0,0,0,0,0,904,145,11,0,1060,0,0,0,1060
12/24/2018,MSP,MN,AGL,CE,Towers with Radar,695,131,2,0,828,0,0,0,0,0,695,131,2,0,828,0,0,0,828
12/25/2018,MSP,MN,AGL,CE,Towers with Radar,608,111,6,0,725,0,0,1,0,1,608,111,7,0,726,0,0,0,726
12/26/2018,MSP,MN,AGL,CE,Towers with Radar,900,215,18,1,1134,0,0,1,0,1,900,215,19,1,1135,0,0,0,1135
12/27/2018,MSP,MN,AGL,CE,Towers with Radar,917,191,15,0,1123,0,0,0,0,0,917,191,15,0,1123,0,0,0,1123
12/28/2018,MSP,MN,AGL,CE,Towers with Radar,915,203,8,4,1130,0,0,0,0,0,915,203,8,4,1130,0,0,0,1130
12/29/2018,MSP,MN,AGL,CE,Towers with Radar,878,165,4,0,1047,0,0,0,0,0,878,165,4,0,1047,0,0,0,1047
12/30/2018,MSP,MN,AGL,CE,Towers with Radar,907,162,7,0,1076,0,0,4,0,4,907,162,11,0,1080,0,0,0,1080
12/31/2018,MSP,MN,AGL,CE,Towers with Radar,713,137,11,0,861,0,4,0,0,4,713,141,11,0,865,0,0,0,865
01/01/2019,MSP,MN,AGL,CE,Towers with Radar,666,120,7,0,793,0,0,0,0,0,666,120,7,0,793,0,0,0,793
01/02/2019,MSP,MN,AGL,CE,Towers with Radar,881,197,26,2,1106,0,0,0,0,0,881,197,26,2,1106,0,0,0,1106
01/03/2019,MSP,MN,AGL,CE,Towers with Radar,834,188,26,0,1048,0,0,3,0,3,834,188,29,0,1051,0,0,0,1051
01/04/2019,MSP,MN,AGL,CE,Towers with Radar,816,182,14,1,1013,0,0,0,0,0,816,182,14,1,1013,0,0,0,1013
01/05/2019,MSP,MN,AGL,CE,Towers with Radar,649,109,7,2,767,0,0,0,0,0,649,109,7,2,767,0,0,0,767
01/06/2019,MSP,MN,AGL,CE,Towers with Radar,822,125,12,4,963,0,0,0,0,0,822,125,12,4,963,0,0,0,963
01/07/2019,MSP,MN,AGL,CE,Towers with Radar,905,154,25,14,1098,0,0,0,0,0,905,154,25,14,1098,0,0,0,1098
01/08/2019,MSP,MN,AGL,CE,Towers with Radar,858,175,41,18,1092,0,0,0,0,0,858,175,41,18,1092,0,0,0,1092
01/09/2019,MSP,MN,AGL,CE,Towers with Radar,870,176,28,4,1078,0,2,0,0,2,870,178,28,4,1080,0,0,0,1080
01/10/2019,MSP,MN,AGL,CE,Towers with Radar,910,183,28,6,1127,0,0,0,0,0,910,183,28,6,1127,0,0,0,1127
01/11/2019,MSP,MN,AGL,CE,Towers with Radar,898,178,17,5,1098,0,0,9,0,9,898,178,26,5,1107,0,0,0,1107
01/12/2019,MSP,MN,AGL,CE,Towers with Radar,653,99,7,2,761,0,0,0,0,0,653,99,7,2,761,0,0,0,761
01/13/2019,MSP,MN,AGL,CE,Towers with Radar,804,129,10,1,944,0,0,22,0,22,804,129,32,1,966,0,0,0,966
01/14/2019,MSP,MN,AGL,CE,Towers with Radar,874,157,26,5,1062,0,0,0,0,0,874,157,26,5,1062,0,0,0,1062
01/15/2019,MSP,MN,AGL,CE,Towers with Radar,855,184,27,9,1075,0,0,0,0,0,855,184,27,9,1075,0,0,0,1075
01/16/2019,MSP,MN,AGL,CE,Towers with Radar,870,179,20,12,1081,0,0,0,0,0,870,179,20,12,1081,0,0,0,1081
01/17/2019,MSP,MN,AGL,CE,Towers with Radar,909,178,36,16,1139,0,0,0,0,0,909,178,36,16,1139,0,0,0,1139
01/18/2019,MSP,MN,AGL,CE,Towers with Radar,906,171,29,13,1119,0,0,0,0,0,906,171,29,13,1119,0,0,0,1119
01/19/2019,MSP,MN,AGL,CE,Towers with Radar,608,90,19,0,717,0,0,0,0,0,608,90,19,0,717,0,0,0,717
01/20/2019,MSP,MN,AGL,CE,Towers with Radar,623,86,12,1,722,0,0,0,0,0,623,86,12,1,722,0,0,0,722
01/21/2019,MSP,MN,AGL,CE,Towers with Radar,827,160,15,0,1002,0,0,0,0,0,827,160,15,0,1002,0,0,0,1002
01/22/2019,MSP,MN,AGL,CE,Towers with Radar,840,170,47,4,1061,0,0,0,0,0,840,170,47,4,1061,0,0,0,1061
01/23/2019,MSP,MN,AGL,CE,Towers with Radar,874,182,23,9,1088,0,0,0,0,0,874,182,23,9,1088,0,0,0,1088
01/24/2019,MSP,MN,AGL,CE,Towers with Radar,906,179,27,8,1120,0,0,0,0,0,906,179,27,8,1120,0,0,0,1120
01/25/2019,MSP,MN,AGL,CE,Towers with Radar,921,172,20,7,1120,0,0,0,0,0,921,172,20,7,1120,0,0,0,1120
01/26/2019,MSP,MN,AGL,CE,Towers with Radar,660,106,8,0,774,0,0,0,0,0,660,106,8,0,774,0,0,0,774
01/27/2019,MSP,MN,AGL,CE,Towers with Radar,808,125,15,0,948,0,0,1,0,1,808,125,16,0,949,0,0,0,949
01/28/2019,MSP,MN,AGL,CE,Towers with Radar,847,154,36,1,1038,0,0,0,0,0,847,154,36,1,1038,0,0,0,1038
01/29/2019,MSP,MN,AGL,CE,Towers with Radar,796,164,57,1,1018,0,0,0,0,0,796,164,57,1,1018,0,0,0,1018
01/30/2019,MSP,MN,AGL,CE,Towers with Radar,752,129,18,0,899,0,0,0,0,0,752,129,18,0,899,0,0,0,899
01/31/2019,MSP,MN,AGL,CE,Towers with Radar,835,161,28,2,1026,0,0,0,0,0,835,161,28,2,1026,0,0,0,1026
02/01/2019,MSP,MN,AGL,CE,Towers with Radar,904,170,25,3,1102,0,0,4,0,4,904,170,29,3,1106,0,0,0,1106
02/02/2019,MSP,MN,AGL,CE,Towers with Radar,623,87,6,2,718,0,0,0,0,0,623,87,6,2,718,0,0,0,718
02/03/2019,MSP,MN,AGL,CE,Towers with Radar,615,74,11,0,700,0,0,0,0,0,615,74,11,0,700,0,0,0,700
02/04/2019,MSP,MN,AGL,CE,Towers with Radar,890,151,35,0,1076,0,0,0,0,0,890,151,35,0,1076,0,0,0,1076
02/05/2019,MSP,MN,AGL,CE,Towers with Radar,838,156,45,2,1041,0,0,0,0,0,838,156,45,2,1041,0,0,0,1041
02/06/2019,MSP,MN,AGL,CE,Towers with Radar,872,170,32,2,1076,0,0,0,0,0,872,170,32,2,1076,0,0,0,1076
02/07/2019,MSP,MN,AGL,CE,Towers with Radar,718,78,26,0,822,0,0,0,0,0,718,78,26,0,822,0,0,0,822
02/08/2019,MSP,MN,AGL,CE,Towers with Radar,977,177,39,2,1195,0,0,0,0,0,977,177,39,2,1195,0,0,0,1195
02/09/2019,MSP,MN,AGL,CE,Towers with Radar,672,115,3,0,790,0,0,0,0,0,672,115,3,0,790,0,0,0,790
02/10/2019,MSP,MN,AGL,CE,Towers with Radar,807,118,15,3,943,0,0,0,0,0,807,118,15,3,943,0,0,0,943
02/11/2019,MSP,MN,AGL,CE,Towers with Radar,906,162,31,3,1102,0,0,0,0,0,906,162,31,3,1102,0,0,0,1102
02/12/2019,MSP,MN,AGL,CE,Towers with Radar,837,187,21,0,1045,0,0,0,0,0,837,187,21,0,1045,0,0,0,1045
02/13/2019,MSP,MN,AGL,CE,Towers with Radar,889,198,34,11,1132,0,0,1,0,1,889,198,35,11,1133,0,0,0,1133
02/14/2019,MSP,MN,AGL,CE,Towers with Radar,924,182,43,7,1156,0,0,0,0,0,924,182,43,7,1156,0,0,0,1156
02/15/2019,MSP,MN,AGL,CE,Towers with Radar,930,173,23,3,1129,0,0,2,0,2,930,173,25,3,1131,0,0,0,1131
02/16/2019,MSP,MN,AGL,CE,Towers with Radar,621,86,4,0,711,0,0,2,0,2,621,86,6,0,713,0,0,0,713
02/17/2019,MSP,MN,AGL,CE,Towers with Radar,637,87,12,0,736,0,0,0,0,0,637,87,12,0,736,0,0,0,736
02/18/2019,MSP,MN,AGL,CE,Towers with Radar,875,156,28,0,1059,0,0,0,0,0,875,156,28,0,1059,0,0,0,1059
02/19/2019,MSP,MN,AGL,CE,Towers with Radar,889,176,31,12,1108,0,0,4,0,4,889,176,35,12,1112,0,0,0,1112
02/20/2019,MSP,MN,AGL,CE,Towers with Radar,745,108,33,0,886,0,0,0,0,0,745,108,33,0,886,0,0,0,886
02/21/2019,MSP,MN,AGL,CE,Towers with Radar,950,174,32,5,1161,0,0,0,0,0,950,174,32,5,1161,0,0,0,1161
02/22/2019,MSP,MN,AGL,CE,Towers with Radar,919,182,24,5,1130,0,0,0,0,0,919,182,24,5,1130,0,0,0,1130
02/23/2019,MSP,MN,AGL,CE,Towers with Radar,663,100,5,2,770,0,0,0,0,0,663,100,5,2,770,0,0,0,770
02/24/2019,MSP,MN,AGL,CE,Towers with Radar,808,108,14,6,936,0,0,0,0,0,808,108,14,6,936,0,0,0,936
02/25/2019,MSP,MN,AGL,CE,Towers with Radar,892,166,48,6,1112,0,1,2,0,3,892,167,50,6,1115,0,0,0,1115
02/26/2019,MSP,MN,AGL,CE,Towers with Radar,885,188,40,5,1118,0,2,4,0,6,885,190,44,5,1124,0,0,0,1124
02/27/2019,MSP,MN,AGL,CE,Towers with Radar,915,193,33,8,1149,0,0,1,0,1,915,193,34,8,1150,0,0,0,1150
02/28/2019,MSP,MN,AGL,CE,Towers with Radar,914,181,34,12,1141,0,0,2,0,2,914,181,36,12,1143,0,0,0,1143
03/01/2019,MSP,MN,AGL,CE,Towers with Radar,883,168,24,0,1075,0,0,0,0,0,883,168,24,0,1075,0,0,0,1075
03/02/2019,MSP,MN,AGL,CE,Towers with Radar,780,131,3,6,920,0,0,1,0,1,780,131,4,6,921,0,0,0,921
03/03/2019,MSP,MN,AGL,CE,Towers with Radar,896,166,13,6,1081,0,0,0,0,0,896,166,13,6,1081,0,0,0,1081
03/04/2019,MSP,MN,AGL,CE,Towers with Radar,948,217,27,1,1193,0,0,0,0,0,948,217,27,1,1193,0,0,0,1193
03/05/2019,MSP,MN,AGL,CE,Towers with Radar,940,218,27,11,1196,0,0,0,1,1,940,218,27,12,1197,0,0,0,1197
03/06/2019,MSP,MN,AGL,CE,Towers with Radar,957,218,38,14,1227,0,0,0,1,1,957,218,38,15,1228,0,0,0,1228
03/07/2019,MSP,MN,AGL,CE,Towers with Radar,965,210,29,11,1215,0,0,5,1,6,965,210,34,12,1221,0,0,0,1221
03/08/2019,MSP,MN,AGL,CE,Towers with Radar,978,217,29,2,1226,0,0,0,0,0,978,217,29,2,1226,0,0,0,1226
03/09/2019,MSP,MN,AGL,CE,Towers with Radar,745,118,4,0,867,0,0,0,0,0,745,118,4,0,867,0,0,0,867
03/10/2019,MSP,MN,AGL,CE,Towers with Radar,897,168,20,1,1086,0,0,1,0,1,897,168,21,1,1087,0,0,0,1087
03/11/2019,MSP,MN,AGL,CE,Towers with Radar,973,203,28,12,1216,0,0,0,0,0,973,203,28,12,1216,0,0,0,1216
03/12/2019,MSP,MN,AGL,CE,Towers with Radar,950,211,33,8,1202,0,0,0,0,0,950,211,33,8,1202,0,0,0,1202
03/13/2019,MSP,MN,AGL,CE,Towers with Radar,943,188,43,11,1185,0,0,0,0,0,943,188,43,11,1185,0,0,0,1185
03/14/2019,MSP,MN,AGL,CE,Towers with Radar,963,194,27,2,1186,0,0,0,0,0,963,194,27,2,1186,0,0,0,1186
03/15/2019,MSP,MN,AGL,CE,Towers with Radar,984,219,25,1,1229,0,0,0,0,0,984,219,25,1,1229,0,0,0,1229
03/16/2019,MSP,MN,AGL,CE,Towers with Radar,805,132,14,3,954,0,0,0,0,0,805,132,14,3,954,0,0,0,954
03/17/2019,MSP,MN,AGL,CE,Towers with Radar,912,168,15,2,1097,0,0,0,0,0,912,168,15,2,1097,0,0,0,1097
03/18/2019,MSP,MN,AGL,CE,Towers with Radar,968,197,24,3,1192,0,0,1,0,1,968,197,25,3,1193,0,0,0,1193
03/19/2019,MSP,MN,AGL,CE,Towers with Radar,937,219,53,14,1223,0,0,1,0,1,937,219,54,14,1224,0,0,0,1224
03/20/2019,MSP,MN,AGL,CE,Towers with Radar,962,202,37,10,1211,0,0,0,2,2,962,202,37,12,1213,0,0,0,1213
03/21/2019,MSP,MN,AGL,CE,Towers with Radar,966,211,30,10,1217,0,1,0,0,1,966,212,30,10,1218,0,0,0,1218
03/22/2019,MSP,MN,AGL,CE,Towers with Radar,980,205,21,13,1219,0,0,6,0,6,980,205,27,13,1225,0,0,0,1225
03/23/2019,MSP,MN,AGL,CE,Towers with Radar,779,125,8,7,919,0,0,0,0,0,779,125,8,7,919,0,0,0,919
03/24/2019,MSP,MN,AGL,CE,Towers with Radar,927,167,11,1,1106,0,1,0,0,1,927,168,11,1,1107,0,0,0,1107
03/25/2019,MSP,MN,AGL,CE,Towers with Radar,968,205,23,3,1199,0,1,0,1,2,968,206,23,4,1201,0,0,0,1201
03/26/2019,MSP,MN,AGL,CE,Towers with Radar,946,219,21,16,1202,0,0,2,0,2,946,219,23,16,1204,0,0,0,1204
03/27/2019,MSP,MN,AGL,CE,Towers with Radar,972,220,29,12,1233,0,0,0,2,2,972,220,29,14,1235,0,0,0,1235
03/28/2019,MSP,MN,AGL,CE,Towers with Radar,973,219,28,15,1235,0,1,3,0,4,973,220,31,15,1239,0,0,0,1239
03/29/2019,MSP,MN,AGL,CE,Towers with Radar,976,209,26,2,1213,0,0,0,0,0,976,209,26,2,1213,0,0,0,1213
03/30/2019,MSP,MN,AGL,CE,Towers with Radar,788,133,13,0,934,0,0,0,0,0,788,133,13,0,934,0,0,0,934
03/31/2019,MSP,MN,AGL,CE,Towers with Radar,922,160,15,1,1098,0,0,2,0,2,922,160,17,1,1100,0,0,0,1100
04/01/2019,MSP,MN,AGL,CE,Towers with Radar,964,189,27,6,1186,0,0,3,0,3,964,189,30,6,1189,0,0,0,1189
04/02/2019,MSP,MN,AGL,CE,Towers with Radar,962,199,33,14,1208,0,0,3,0,3,962,199,36,14,1211,0,0,0,1211
04/03/2019,MSP,MN,AGL,CE,Towers with Radar,963,203,31,15,1212,0,0,4,0,4,963,203,35,15,1216,0,0,0,1216
04/04/2019,MSP,MN,AGL,CE,Towers with Radar,985,192,25,14,1216,0,0,2,0,2,985,192,27,14,1218,0,0,0,1218
04/05/2019,MSP,MN,AGL,CE,Towers with Radar,998,206,48,2,1254,0,0,0,0,0,998,206,48,2,1254,0,0,0,1254
04/06/2019,MSP,MN,AGL,CE,Towers with Radar,744,131,72,2,949,0,0,1,0,1,744,131,73,2,950,0,0,0,950
04/07/2019,MSP,MN,AGL,CE,Towers with Radar,888,162,29,0,1079,0,0,0,0,0,888,162,29,0,1079,0,0,0,1079
04/08/2019,MSP,MN,AGL,CE,Towers with Radar,977,203,40,5,1225,0,0,2,0,2,977,203,42,5,1227,0,0,0,1227
04/09/2019,MSP,MN,AGL,CE,Towers with Radar,948,223,69,11,1251,0,1,1,0,2,948,224,70,11,1253,0,0,0,1253
04/10/2019,MSP,MN,AGL,CE,Towers with Radar,885,170,58,5,1118,0,0,0,0,0,885,170,58,5,1118,0,0,0,1118
04/11/2019,MSP,MN,AGL,CE,Towers with Radar,537,8,15,0,560,0,0,0,0,0,537,8,15,0,560,0,0,0,560
04/12/2019,MSP,MN,AGL,CE,Towers with Radar,986,192,27,5,1210,0,0,0,0,0,986,192,27,5,1210,0,0,0,1210
04/13/2019,MSP,MN,AGL,CE,Towers with Radar,1071,178,16,16,1281,0,0,0,1,1,1071,178,16,17,1282,0,0,0,1282
04/14/2019,MSP,MN,AGL,CE,Towers with Radar,885,160,24,0,1069,0,0,0,0,0,885,160,24,0,1069,0,0,0,1069
04/15/2019,MSP,MN,AGL,CE,Towers with Radar,949,179,24,6,1158,0,0,8,1,9,949,179,32,7,1167,0,0,0,1167
04/16/2019,MSP,MN,AGL,CE,Towers with Radar,946,219,21,16,1202,0,0,2,0,2,946,219,23,16,1204,0,0,0,1204
04/17/2019,MSP,MN,AGL,CE,Towers with Radar,1114,249,37,10,1410,0,0,0,0,0,1114,249,37,10,1410,0,0,0,1410
04/18/2019,MSP,MN,AGL,CE,Towers with Radar,967,199,36,13,1215,0,0,0,2,2,967,199,36,15,1217,0,0,0,1217
04/19/2019,MSP,MN,AGL,CE,Towers with Radar,938,188,14,2,1142,0,0,3,1,4,938,188,17,3,1146,0,0,0,1146
04/20/2019,MSP,MN,AGL,CE,Towers with Radar,675,98,1,2,776,0,2,2,0,4,675,100,3,2,780,0,0,0,780
04/21/2019,MSP,MN,AGL,CE,Towers with Radar,836,134,3,1,974,0,0,0,0,0,836,134,3,1,974,0,0,0,974
04/22/2019,MSP,MN,AGL,CE,Towers with Radar,945,189,41,5,1180,0,0,0,0,0,945,189,41,5,1180,0,0,0,1180
04/23/2019,MSP,MN,AGL,CE,Towers with Radar,923,185,46,12,1166,0,0,2,1,3,923,185,48,13,1169,0,0,0,1169
04/24/2019,MSP,MN,AGL,CE,Towers with Radar,920,195,40,8,1163,0,0,1,1,2,920,195,41,9,1165,0,0,0,1165
04/25/2019,MSP,MN,AGL,CE,Towers with Radar,976,196,38,16,1226,0,0,4,1,5,976,196,42,17,1231,0,0,0,1231
04/26/2019,MSP,MN,AGL,CE,Towers with Radar,950,192,26,7,1175,0,0,0,0,0,950,192,26,7,1175,0,0,0,1175
04/27/2019,MSP,MN,AGL,CE,Towers with Radar,687,111,7,2,807,0,0,0,0,0,687,111,7,2,807,0,0,0,807
04/28/2019,MSP,MN,AGL,CE,Towers with Radar,879,145,17,2,1043,0,0,0,0,0,879,145,17,2,1043,0,0,0,1043
04/29/2019,MSP,MN,AGL,CE,Towers with Radar,947,186,43,6,1182,0,0,0,0,0,947,186,43,6,1182,0,0,0,1182
04/30/2019,MSP,MN,AGL,CE,Towers with Radar,930,205,27,10,1172,0,0,0,0,0,930,205,27,10,1172,0,0,0,1172
05/01/2019,MSP,MN,AGL,CE,Towers with Radar,942,207,38,14,1201,0,0,0,0,0,942,207,38,14,1201,0,0,0,1201
05/02/2019,MSP,MN,AGL,CE,Towers with Radar,943,199,40,12,1194,0,0,0,0,0,943,199,40,12,1194,0,0,0,1194
05/03/2019,MSP,MN,AGL,CE,Towers with Radar,936,189,31,10,1166,0,0,0,1,1,936,189,31,11,1167,0,0,0,1167
05/04/2019,MSP,MN,AGL,CE,Towers with Radar,687,111,11,7,816,0,0,4,0,4,687,111,15,7,820,0,0,0,820
05/05/2019,MSP,MN,AGL,CE,Towers with Radar,861,157,16,2,1036,0,0,2,0,2,861,157,18,2,1038,0,0,0,1038
05/06/2019,MSP,MN,AGL,CE,Towers with Radar,943,187,26,8,1164,0,0,0,0,0,943,187,26,8,1164,0,0,0,1164
05/07/2019,MSP,MN,AGL,CE,Towers with Radar,919,203,36,10,1168,0,0,0,0,0,919,203,36,10,1168,0,0,0,1168
05/08/2019,MSP,MN,AGL,CE,Towers with Radar,932,203,40,15,1190,0,0,0,0,0,932,203,40,15,1190,0,0,0,1190
05/09/2019,MSP,MN,AGL,CE,Towers with Radar,961,209,45,12,1227,0,0,1,1,2,961,209,46,13,1229,0,0,0,1229
05/10/2019,MSP,MN,AGL,CE,Towers with Radar,956,196,30,6,1188,0,4,2,2,8,956,200,32,8,1196,0,0,0,1196
05/11/2019,MSP,MN,AGL,CE,Towers with Radar,641,106,12,1,760,0,0,0,0,0,641,106,12,1,760,0,0,0,760
05/12/2019,MSP,MN,AGL,CE,Towers with Radar,820,146,16,3,985,0,0,0,0,0,820,146,16,3,985,0,0,0,985
05/13/2019,MSP,MN,AGL,CE,Towers with Radar,961,191,34,3,1189,0,0,0,0,0,961,191,34,3,1189,0,0,0,1189
05/14/2019,MSP,MN,AGL,CE,Towers with Radar,942,203,35,11,1191,0,0,0,0,0,942,203,35,11,1191,0,0,0,1191
05/15/2019,MSP,MN,AGL,CE,Towers with Radar,944,206,32,13,1195,0,0,4,1,5,944,206,36,14,1200,0,0,0,1200
05/16/2019,MSP,MN,AGL,CE,Towers with Radar,971,203,31,3,1208,0,0,2,0,2,971,203,33,3,1210,0,0,0,1210
05/17/2019,MSP,MN,AGL,CE,Towers with Radar,959,204,29,12,1204,0,0,3,0,3,959,204,32,12,1207,0,0,0,1207
05/18/2019,MSP,MN,AGL,CE,Towers with Radar,684,113,6,3,806,0,0,0,0,0,684,113,6,3,806,0,0,0,806
05/19/2019,MSP,MN,AGL,CE,Towers with Radar,869,156,17,2,1044,0,0,0,0,0,869,156,17,2,1044,0,0,0,1044
05/20/2019,MSP,MN,AGL,CE,Towers with Radar,944,196,30,4,1174,0,1,16,0,17,944,197,46,4,1191,0,0,0,1191
05/21/2019,MSP,MN,AGL,CE,Towers with Radar,935,207,30,17,1189,0,0,0,0,0,935,207,30,17,1189,0,0,0,1189
05/22/2019,MSP,MN,AGL,CE,Towers with Radar,968,203,26,10,1207,0,0,0,0,0,968,203,26,10,1207,0,0,0,1207
05/23/2019,MSP,MN,AGL,CE,Towers with Radar,969,199,33,15,1216,0,0,1,0,1,969,199,34,15,1217,0,0,0,1217
05/24/2019,MSP,MN,AGL,CE,Towers with Radar,974,207,22,1,1204,0,0,0,0,0,974,207,22,1,1204,0,0,0,1204
05/25/2019,MSP,MN,AGL,CE,Towers with Radar,649,108,7,1,765,0,0,1,0,1,649,108,8,1,766,0,0,0,766
05/26/2019,MSP,MN,AGL,CE,Towers with Radar,649,96,5,0,750,0,0,0,0,0,649,96,5,0,750,0,0,0,750
05/27/2019,MSP,MN,AGL,CE,Towers with Radar,888,151,11,0,1050,0,0,0,0,0,888,151,11,0,1050,0,0,0,1050
05/28/2019,MSP,MN,AGL,CE,Towers with Radar,939,202,27,0,1168,0,0,0,2,2,939,202,27,2,1170,0,0,0,1170
05/29/2019,MSP,MN,AGL,CE,Towers with Radar,939,209,25,8,1181,0,0,2,0,2,939,209,27,8,1183,0,0,0,1183
05/30/2019,MSP,MN,AGL,CE,Towers with Radar,967,198,25,4,1194,0,0,0,0,0,967,198,25,4,1194,0,0,0,1194
05/31/2019,MSP,MN,AGL,CE,Towers with Radar,969,201,24,4,1198,0,0,0,1,1,969,201,24,5,1199,0,0,0,1199
06/01/2019,MSP,MN,AGL,CE,Towers with Radar,691,110,12,1,814,0,0,0,1,1,691,110,12,2,815,0,0,0,815
06/02/2019,MSP,MN,AGL,CE,Towers with Radar,873,147,11,4,1035,0,0,0,0,0,873,147,11,4,1035,0,0,0,1035
06/03/2019,MSP,MN,AGL,CE,Towers with Radar,979,183,22,2,1186,0,0,0,0,0,979,183,22,2,1186,0,0,0,1186
06/04/2019,MSP,MN,AGL,CE,Towers with Radar,947,189,33,9,1178,0,0,1,0,1,947,189,34,9,1179,0,0,0,1179
06/05/2019,MSP,MN,AGL,CE,Towers with Radar,971,212,38,11,1232,0,0,0,1,1,971,212,38,12,1233,0,0,0,1233
06/06/2019,MSP,MN,AGL,CE,Towers with Radar,984,194,43,15,1236,0,0,9,1,10,984,194,52,16,1246,0,0,0,1246
06/07/2019,MSP,MN,AGL,CE,Towers with Radar,985,198,32,14,1229,0,0,3,2,5,985,198,35,16,1234,0,0,0,1234
06/08/2019,MSP,MN,AGL,CE,Towers with Radar,810,128,8,2,948,0,0,0,0,0,810,128,8,2,948,0,0,0,948
06/09/2019,MSP,MN,AGL,CE,Towers with Radar,926,173,19,7,1125,0,0,0,0,0,926,173,19,7,1125,0,0,0,1125
06/10/2019,MSP,MN,AGL,CE,Towers with Radar,1003,206,33,8,1250,0,0,2,0,2,1003,206,35,8,1252,0,0,0,1252
06/11/2019,MSP,MN,AGL,CE,Towers with Radar,1015,210,31,11,1267,0,0,3,0,3,1015,210,34,11,1270,0,0,0,1270
06/12/2019,MSP,MN,AGL,CE,Towers with Radar,1025,208,31,10,1274,0,0,1,1,2,1025,208,32,11,1276,0,0,0,1276
06/13/2019,MSP,MN,AGL,CE,Towers with Radar,1038,222,34,13,1307,0,2,0,0,2,1038,224,34,13,1309,0,0,0,1309
06/14/2019,MSP,MN,AGL,CE,Towers with Radar,1040,227,16,7,1290,0,0,1,0,1,1040,227,17,7,1291,0,0,0,1291
06/15/2019,MSP,MN,AGL,CE,Towers with Radar,820,139,5,4,968,0,0,0,0,0,820,139,5,4,968,0,0,0,968
06/16/2019,MSP,MN,AGL,CE,Towers with Radar,937,180,13,2,1132,0,0,0,0,0,937,180,13,2,1132,0,0,0,1132
06/17/2019,MSP,MN,AGL,CE,Towers with Radar,1013,222,41,5,1281,0,0,0,0,0,1013,222,41,5,1281,0,0,0,1281
06/18/2019,MSP,MN,AGL,CE,Towers with Radar,1019,238,37,12,1306,0,0,4,0,4,1019,238,41,12,1310,0,0,0,1310
06/19/2019,MSP,MN,AGL,CE,Towers with Radar,1028,247,47,14,1336,0,0,10,0,10,1028,247,57,14,1346,0,0,0,1346
06/20/2019,MSP,MN,AGL,CE,Towers with Radar,1024,228,42,10,1304,0,0,1,0,1,1024,228,43,10,1305,0,0,0,1305
06/21/2019,MSP,MN,AGL,CE,Towers with Radar,1035,223,28,5,1291,0,0,2,0,2,1035,223,30,5,1293,0,0,0,1293
06/22/2019,MSP,MN,AGL,CE,Towers with Radar,821,135,3,0,959,0,0,1,0,1,821,135,4,0,960,0,0,0,960
06/23/2019,MSP,MN,AGL,CE,Towers with Radar,954,181,11,3,1149,0,0,0,0,0,954,181,11,3,1149,0,0,0,1149
06/24/2019,MSP,MN,AGL,CE,Towers with Radar,1021,206,37,9,1273,0,0,0,0,0,1021,206,37,9,1273,0,0,0,1273
06/25/2019,MSP,MN,AGL,CE,Towers with Radar,1032,216,37,15,1300,0,2,1,1,4,1032,218,38,16,1304,0,0,0,1304
06/26/2019,MSP,MN,AGL,CE,Towers with Radar,1037,210,29,4,1280,0,0,1,3,4,1037,210,30,7,1284,0,0,0,1284
06/27/2019,MSP,MN,AGL,CE,Towers with Radar,1034,216,20,4,1274,0,0,0,0,0,1034,216,20,4,1274,0,0,0,1274
06/28/2019,MSP,MN,AGL,CE,Towers with Radar,1054,224,22,4,1304,0,0,1,0,1,1054,224,23,4,1305,0,0,0,1305
06/29/2019,MSP,MN,AGL,CE,Towers with Radar,835,140,6,2,983,0,0,0,0,0,835,140,6,2,983,0,0,0,983
06/30/2019,MSP,MN,AGL,CE,Towers with Radar,830,140,18,0,988,0,0,0,0,0,830,140,18,0,988,0,0,0,988
07/01/2019,MSP,MN,AGL,CE,Towers with Radar,870,167,22,4,1063,0,0,3,0,3,870,167,25,4,1066,0,0,0,1066
07/02/2019,MSP,MN,AGL,CE,Towers with Radar,853,175,19,6,1053,0,0,2,0,2,853,175,21,6,1055,0,0,0,1055
07/03/2019,MSP,MN,AGL,CE,Towers with Radar,903,188,16,8,1115,0,0,2,1,3,903,188,18,9,1118,0,0,0,1118
07/04/2019,MSP,MN,AGL,CE,Towers with Radar,710,121,5,0,836,0,0,0,0,0,710,121,5,0,836,0,0,0,836
07/05/2019,MSP,MN,AGL,CE,Towers with Radar,736,151,9,1,897,0,0,5,0,5,736,151,14,1,902,0,0,0,902
07/06/2019,MSP,MN,AGL,CE,Towers with Radar,830,136,14,1,981,0,0,1,0,1,830,136,15,1,982,0,0,0,982
07/07/2019,MSP,MN,AGL,CE,Towers with Radar,994,209,12,0,1215,0,0,4,1,5,994,209,16,1,1220,0,0,0,1220
07/08/2019,MSP,MN,AGL,CE,Towers with Radar,1029,218,21,5,1273,0,0,0,0,0,1029,218,21,5,1273,0,0,0,1273
07/09/2019,MSP,MN,AGL,CE,Towers with Radar,1048,240,28,12,1328,0,0,0,0,0,1048,240,28,12,1328,0,0,0,1328
07/10/2019,MSP,MN,AGL,CE,Towers with Radar,1034,224,30,15,1303,0,0,1,0,1,1034,224,31,15,1304,0,0,0,1304
07/11/2019,MSP,MN,AGL,CE,Towers with Radar,1033,242,37,8,1320,0,2,1,0,3,1033,244,38,8,1323,0,0,0,1323
07/12/2019,MSP,MN,AGL,CE,Towers with Radar,1041,222,29,4,1296,0,0,1,0,1,1041,222,30,4,1297,0,0,0,1297
07/13/2019,MSP,MN,AGL,CE,Towers with Radar,830,139,15,2,986,0,0,2,2,4,830,139,17,4,990,0,0,0,990
07/14/2019,MSP,MN,AGL,CE,Towers with Radar,989,182,20,2,1193,0,0,1,0,1,989,182,21,2,1194,0,0,0,1194
07/15/2019,MSP,MN,AGL,CE,Towers with Radar,1150,231,28,5,1414,0,0,0,0,0,1150,231,28,5,1414,0,0,0,1414
07/16/2019,MSP,MN,AGL,CE,Towers with Radar,1122,220,32,18,1392,0,0,1,0,1,1122,220,33,18,1393,0,0,0,1393
07/17/2019,MSP,MN,AGL,CE,Towers with Radar,1034,224,51,17,1326,0,0,5,0,5,1034,224,56,17,1331,0,0,0,1331
07/18/2019,MSP,MN,AGL,CE,Towers with Radar,1041,220,44,10,1315,0,0,11,0,11,1041,220,55,10,1326,0,0,0,1326
07/19/2019,MSP,MN,AGL,CE,Towers with Radar,1048,214,35,3,1300,0,0,4,0,4,1048,214,39,3,1304,0,0,0,1304
07/20/2019,MSP,MN,AGL,CE,Towers with Radar,852,151,10,2,1015,0,0,0,0,0,852,151,10,2,1015,0,0,0,1015
07/21/2019,MSP,MN,AGL,CE,Towers with Radar,988,188,14,6,1196,0,0,1,1,2,988,188,15,7,1198,0,0,0,1198
07/22/2019,MSP,MN,AGL,CE,Towers with Radar,1021,211,27,3,1262,0,0,6,0,6,1021,211,33,3,1268,0,0,0,1268
07/23/2019,MSP,MN,AGL,CE,Towers with Radar,1051,224,29,9,1313,0,0,0,0,0,1051,224,29,9,1313,0,0,0,1313
07/24/2019,MSP,MN,AGL,CE,Towers with Radar,1054,226,33,10,1323,0,1,5,0,6,1054,227,38,10,1329,0,0,0,1329
07/25/2019,MSP,MN,AGL,CE,Towers with Radar,1070,217,43,9,1339,0,0,1,0,1,1070,217,44,9,1340,0,0,0,1340
07/26/2019,MSP,MN,AGL,CE,Towers with Radar,1053,216,31,6,1306,0,0,0,0,0,1053,216,31,6,1306,0,0,0,1306
07/27/2019,MSP,MN,AGL,CE,Towers with Radar,849,144,9,5,1007,0,0,0,1,1,849,144,9,6,1008,0,0,0,1008
07/28/2019,MSP,MN,AGL,CE,Towers with Radar,980,188,23,2,1193,0,0,1,0,1,980,188,24,2,1194,0,0,0,1194
07/29/2019,MSP,MN,AGL,CE,Towers with Radar,1042,221,37,9,1309,0,0,0,2,2,1042,221,37,11,1311,0,0,0,1311
07/30/2019,MSP,MN,AGL,CE,Towers with Radar,1061,234,25,12,1332,0,0,0,5,5,1061,234,25,17,1337,0,0,0,1337
07/31/2019,MSP,MN,AGL,CE,Towers with Radar,1027,223,28,7,1285,0,0,0,5,5,1027,223,28,12,1290,0,0,0,1290
08/01/2019,MSP,MN,AGL,CE,Towers with Radar,1070,224,25,14,1333,0,1,0,1,2,1070,225,25,15,1335,0,0,0,1335
08/02/2019,MSP,MN,AGL,CE,Towers with Radar,1056,233,30,8,1327,0,0,1,0,1,1056,233,31,8,1328,0,0,0,1328
08/03/2019,MSP,MN,AGL,CE,Towers with Radar,792,139,12,2,945,0,0,0,0,0,792,139,12,2,945,0,0,0,945
08/04/2019,MSP,MN,AGL,CE,Towers with Radar,600,105,15,0,720,0,0,0,0,0,600,105,15,0,720,0,0,0,720
08/05/2019,MSP,MN,AGL,CE,Towers with Radar,1022,213,32,6,1273,0,0,1,0,1,1022,213,33,6,1274,0,0,0,1274
08/06/2019,MSP,MN,AGL,CE,Towers with Radar,1062,244,34,1,1341,0,0,3,0,3,1062,244,37,1,1344,0,0,0,1344
08/07/2019,MSP,MN,AGL,CE,Towers with Radar,1004,231,30,1,1266,0,0,1,0,1,1004,231,31,1,1267,0,0,0,1267
08/08/2019,MSP,MN,AGL,CE,Towers with Radar,1048,229,40,4,1321,0,2,0,0,2,1048,231,40,4,1323,0,0,0,1323
08/09/2019,MSP,MN,AGL,CE,Towers with Radar,1069,219,15,4,1307,0,0,3,0,3,1069,219,18,4,1310,0,0,0,1310
08/10/2019,MSP,MN,AGL,CE,Towers with Radar,867,145,4,2,1018,0,0,0,0,0,867,145,4,2,1018,0,0,0,1018
08/11/2019,MSP,MN,AGL,CE,Towers with Radar,998,200,18,1,1217,0,0,0,0,0,998,200,18,1,1217,0,0,0,1217
08/12/2019,MSP,MN,AGL,CE,Towers with Radar,1038,203,31,8,1280,0,0,1,0,1,1038,203,32,8,1281,0,0,0,1281
08/13/2019,MSP,MN,AGL,CE,Towers with Radar,1026,221,30,11,1288,0,0,0,0,0,1026,221,30,11,1288,0,0,0,1288
08/14/2019,MSP,MN,AGL,CE,Towers with Radar,1017,226,39,14,1296,0,0,2,0,2,1017,226,41,14,1298,0,0,0,1298
08/15/2019,MSP,MN,AGL,CE,Towers with Radar,1053,221,40,6,1320,0,0,1,0,1,1053,221,41,6,1321,0,0,0,1321
08/16/2019,MSP,MN,AGL,CE,Towers with Radar,1045,207,13,18,1283,0,0,0,2,2,1045,207,13,20,1285,0,0,0,1285
08/17/2019,MSP,MN,AGL,CE,Towers with Radar,819,139,6,8,972,0,0,0,0,0,819,139,6,8,972,0,0,0,972
08/18/2019,MSP,MN,AGL,CE,Towers with Radar,939,192,13,5,1149,0,0,0,0,0,939,192,13,5,1149,0,0,0,1149
08/19/2019,MSP,MN,AGL,CE,Towers with Radar,1029,214,36,7,1286,0,0,6,1,7,1029,214,42,8,1293,0,0,0,1293
08/20/2019,MSP,MN,AGL,CE,Towers with Radar,989,222,36,16,1263,0,0,2,0,2,989,222,38,16,1265,0,0,0,1265
08/21/2019,MSP,MN,AGL,CE,Towers with Radar,1026,219,42,15,1302,0,0,3,3,6,1026,219,45,18,1308,0,0,0,1308
08/22/2019,MSP,MN,AGL,CE,Towers with Radar,1036,225,25,15,1301,0,0,0,0,0,1036,225,25,15,1301,0,0,0,1301
08/23/2019,MSP,MN,AGL,CE,Towers with Radar,1043,218,29,21,1311,0,0,0,0,0,1043,218,29,21,1311,0,0,0,1311
08/24/2019,MSP,MN,AGL,CE,Towers with Radar,790,146,5,2,943,0,0,1,0,1,790,146,6,2,944,0,0,0,944
08/25/2019,MSP,MN,AGL,CE,Towers with Radar,958,190,8,17,1173,0,0,2,0,2,958,190,10,17,1175,0,0,0,1175
08/26/2019,MSP,MN,AGL,CE,Towers with Radar,1006,215,32,2,1255,0,0,3,0,3,1006,215,35,2,1258,0,0,0,1258
08/27/2019,MSP,MN,AGL,CE,Towers with Radar,998,228,34,10,1270,0,0,1,2,3,998,228,35,12,1273,0,0,0,1273
08/28/2019,MSP,MN,AGL,CE,Towers with Radar,1000,231,31,15,1277,0,0,0,0,0,1000,231,31,15,1277,0,0,0,1277
08/29/2019,MSP,MN,AGL,CE,Towers with Radar,1023,231,47,13,1314,0,1,4,0,5,1023,232,51,13,1319,0,0,0,1319
08/30/2019,MSP,MN,AGL,CE,Towers with Radar,1026,225,29,4,1284,0,0,1,0,1,1026,225,30,4,1285,0,0,0,1285
08/31/2019,MSP,MN,AGL,CE,Towers with Radar,659,120,5,1,785,0,0,1,0,1,659,120,6,1,786,0,0,0,786
09/01/2019,MSP,MN,AGL,CE,Towers with Radar,660,110,8,1,779,0,0,0,0,0,660,110,8,1,779,0,0,0,779
09/02/2019,MSP,MN,AGL,CE,Towers with Radar,852,152,12,1,1017,0,0,0,0,0,852,152,12,1,1017,0,0,0,1017
09/03/2019,MSP,MN,AGL,CE,Towers with Radar,895,175,20,0,1090,0,0,1,0,1,895,175,21,0,1091,0,0,0,1091
09/04/2019,MSP,MN,AGL,CE,Towers with Radar,878,179,32,9,1098,0,0,2,0,2,878,179,34,9,1100,0,0,0,1100
09/05/2019,MSP,MN,AGL,CE,Towers with Radar,905,180,37,6,1128,0,1,2,0,3,905,181,39,6,1131,0,0,0,1131
09/06/2019,MSP,MN,AGL,CE,Towers with Radar,902,180,23,4,1109,0,0,0,0,0,902,180,23,4,1109,0,0,0,1109
09/07/2019,MSP,MN,AGL,CE,Towers with Radar,651,110,8,2,771,0,0,0,0,0,651,110,8,2,771,0,0,0,771
09/08/2019,MSP,MN,AGL,CE,Towers with Radar,936,162,18,8,1124,0,0,2,0,2,936,162,20,8,1126,0,0,0,1126
09/09/2019,MSP,MN,AGL,CE,Towers with Radar,986,179,32,2,1199,0,0,0,0,0,986,179,32,2,1199,0,0,0,1199
09/10/2019,MSP,MN,AGL,CE,Towers with Radar,955,196,38,7,1196,0,0,0,0,0,955,196,38,7,1196,0,0,0,1196
09/11/2019,MSP,MN,AGL,CE,Towers with Radar,973,198,43,8,1222,0,0,0,0,0,973,198,43,8,1222,0,0,0,1222
09/12/2019,MSP,MN,AGL,CE,Towers with Radar,1000,187,42,4,1233,0,0,0,0,0,1000,187,42,4,1233,0,0,0,1233
09/13/2019,MSP,MN,AGL,CE,Towers with Radar,1008,194,30,14,1246,0,0,0,0,0,1008,194,30,14,1246,0,0,0,1246
09/14/2019,MSP,MN,AGL,CE,Towers with Radar,701,107,8,4,820,0,0,7,2,9,701,107,15,6,829,0,0,0,829
09/15/2019,MSP,MN,AGL,CE,Towers with Radar,939,146,21,4,1110,0,0,3,0,3,939,146,24,4,1113,0,0,0,1113
09/16/2019,MSP,MN,AGL,CE,Towers with Radar,1004,192,39,7,1242,0,0,1,0,1,1004,192,40,7,1243,0,0,0,1243
09/17/2019,MSP,MN,AGL,CE,Towers with Radar,980,199,49,9,1237,0,0,4,0,4,980,199,53,9,1241,0,0,0,1241
09/18/2019,MSP,MN,AGL,CE,Towers with Radar,973,191,32,6,1202,0,0,3,1,4,973,191,35,7,1206,0,0,0,1206
09/19/2019,MSP,MN,AGL,CE,Towers with Radar,1007,197,52,4,1260,0,0,7,1,8,1007,197,59,5,1268,0,0,0,1268
09/20/2019,MSP,MN,AGL,CE,Towers with Radar,987,184,26,3,1200,0,0,1,0,1,987,184,27,3,1201,0,0,0,1201
09/21/2019,MSP,MN,AGL,CE,Towers with Radar,706,109,12,0,827,0,0,1,0,1,706,109,13,0,828,0,0,0,828
09/22/2019,MSP,MN,AGL,CE,Towers with Radar,934,152,37,3,1126,0,0,0,0,0,934,152,37,3,1126,0,0,0,1126
09/23/2019,MSP,MN,AGL,CE,Towers with Radar,994,184,41,0,1219,0,0,4,2,6,994,184,45,2,1225,0,0,0,1225
09/24/2019,MSP,MN,AGL,CE,Towers with Radar,963,188,43,9,1203,0,0,1,0,1,963,188,44,9,1204,0,0,0,1204
09/25/2019,MSP,MN,AGL,CE,Towers with Radar,968,197,42,9,1216,0,0,0,0,0,968,197,42,9,1216,0,0,0,1216
09/26/2019,MSP,MN,AGL,CE,Towers with Radar,1007,205,43,8,1263,0,0,0,0,0,1007,205,43,8,1263,0,0,0,1263
09/27/2019,MSP,MN,AGL,CE,Towers with Radar,971,196,35,5,1207,0,0,0,2,2,971,196,35,7,1209,0,0,0,1209
09/28/2019,MSP,MN,AGL,CE,Towers with Radar,713,107,9,2,831,0,0,2,0,2,713,107,11,2,833,0,0,0,833
09/29/2019,MSP,MN,AGL,CE,Towers with Radar,936,150,8,2,1096,0,0,0,0,0,936,150,8,2,1096,0,0,0,1096
09/30/2019,MSP,MN,AGL,CE,Towers with Radar,992,186,33,1,1212,0,1,0,0,1,992,187,33,1,1213,0,0,0,1213
10/01/2019,MSP,MN,AGL,CE,Towers with Radar,937,206,30,5,1178,0,0,0,0,0,937,206,30,5,1178,0,0,0,1178
10/02/2019,MSP,MN,AGL,CE,Towers with Radar,952,205,25,10,1192,0,0,0,0,0,952,205,25,10,1192,0,0,0,1192
10/03/2019,MSP,MN,AGL,CE,Towers with Radar,985,218,40,9,1252,0,0,1,0,1,985,218,41,9,1253,0,0,0,1253
10/04/2019,MSP,MN,AGL,CE,Towers with Radar,971,197,33,10,1211,0,0,0,1,1,971,197,33,11,1212,0,0,0,1212
10/05/2019,MSP,MN,AGL,CE,Towers with Radar,686,130,12,1,829,0,0,0,0,0,686,130,12,1,829,0,0,0,829
10/06/2019,MSP,MN,AGL,CE,Towers with Radar,894,177,19,3,1093,0,0,4,0,4,894,177,23,3,1097,0,0,0,1097
10/07/2019,MSP,MN,AGL,CE,Towers with Radar,963,195,26,10,1194,0,0,8,0,8,963,195,34,10,1202,0,0,0,1202
10/08/2019,MSP,MN,AGL,CE,Towers with Radar,938,210,35,13,1196,0,0,1,0,1,938,210,36,13,1197,0,0,0,1197
10/09/2019,MSP,MN,AGL,CE,Towers with Radar,964,199,31,10,1204,0,1,0,1,2,964,200,31,11,1206,0,0,0,1206
10/10/2019,MSP,MN,AGL,CE,Towers with Radar,974,196,31,6,1207,0,0,4,0,4,974,196,35,6,1211,0,0,0,1211
10/11/2019,MSP,MN,AGL,CE,Towers with Radar,980,207,28,6,1221,0,0,0,0,0,980,207,28,6,1221,0,0,0,1221
10/12/2019,MSP,MN,AGL,CE,Towers with Radar,706,128,5,2,841,0,0,0,0,0,706,128,5,2,841,0,0,0,841
10/13/2019,MSP,MN,AGL,CE,Towers with Radar,917,183,16,3,1119,0,0,0,0,0,917,183,16,3,1119,0,0,0,1119
10/14/2019,MSP,MN,AGL,CE,Towers with Radar,973,195,28,2,1198,0,0,0,0,0,973,195,28,2,1198,0,0,0,1198
10/15/2019,MSP,MN,AGL,CE,Towers with Radar,960,232,41,5,1238,0,0,0,1,1,960,232,41,6,1239,0,0,0,1239
10/16/2019,MSP,MN,AGL,CE,Towers with Radar,969,208,43,10,1230,0,0,0,0,0,969,208,43,10,1230,0,0,0,1230
10/17/2019,MSP,MN,AGL,CE,Towers with Radar,988,208,35,9,1240,0,0,0,0,0,988,208,35,9,1240,0,0,0,1240
10/18/2019,MSP,MN,AGL,CE,Towers with Radar,981,211,17,6,1215,0,0,0,0,0,981,211,17,6,1215,0,0,0,1215
10/19/2019,MSP,MN,AGL,CE,Towers with Radar,703,140,10,1,854,0,0,0,0,0,703,140,10,1,854,0,0,0,854
10/20/2019,MSP,MN,AGL,CE,Towers with Radar,889,165,19,7,1080,0,0,0,0,0,889,165,19,7,1080,0,0,0,1080
10/21/2019,MSP,MN,AGL,CE,Towers with Radar,990,200,23,0,1213,0,0,0,0,0,990,200,23,0,1213,0,0,0,1213
10/22/2019,MSP,MN,AGL,CE,Towers with Radar,980,211,25,2,1218,0,0,0,0,0,980,211,25,2,1218,0,0,0,1218
10/23/2019,MSP,MN,AGL,CE,Towers with Radar,978,206,33,0,1217,0,0,0,0,0,978,206,33,0,1217,0,0,0,1217
10/24/2019,MSP,MN,AGL,CE,Towers with Radar,984,225,52,0,1261,0,0,0,0,0,984,225,52,0,1261,0,0,0,1261
10/25/2019,MSP,MN,AGL,CE,Towers with Radar,975,213,35,2,1225,0,0,6,0,6,975,213,41,2,1231,0,0,0,1231
10/26/2019,MSP,MN,AGL,CE,Towers with Radar,676,125,18,2,821,0,1,1,0,2,676,126,19,2,823,0,0,0,823
10/27/2019,MSP,MN,AGL,CE,Towers with Radar,825,142,25,5,997,0,0,0,0,0,825,142,25,5,997,0,0,0,997
10/28/2019,MSP,MN,AGL,CE,Towers with Radar,870,165,29,1,1065,0,0,0,0,0,870,165,29,1,1065,0,0,0,1065
10/29/2019,MSP,MN,AGL,CE,Towers with Radar,845,181,32,5,1063,0,0,4,1,5,845,181,36,6,1068,0,0,0,1068
10/30/2019,MSP,MN,AGL,CE,Towers with Radar,841,176,35,4,1056,0,0,0,0,0,841,176,35,4,1056,0,0,0,1056
10/31/2019,MSP,MN,AGL,CE,Towers with Radar,757,161,25,5,948,0,0,1,0,1,757,161,26,5,949,0,0,0,949
11/01/2019,MSP,MN,AGL,CE,Towers with Radar,803,176,21,0,1000,0,0,2,0,2,803,176,23,0,1002,0,0,0,1002
11/02/2019,MSP,MN,AGL,CE,Towers with Radar,661,120,11,3,795,0,0,0,0,0,661,120,11,3,795,0,0,0,795
11/03/2019,MSP,MN,AGL,CE,Towers with Radar,857,160,15,4,1036,0,0,2,0,2,857,160,17,4,1038,0,0,0,1038
11/04/2019,MSP,MN,AGL,CE,Towers with Radar,950,177,37,3,1167,0,0,1,0,1,950,177,38,3,1168,0,0,0,1168
11/05/2019,MSP,MN,AGL,CE,Towers with Radar,848,194,42,5,1089,0,0,0,0,0,848,194,42,5,1089,0,0,0,1089
11/06/2019,MSP,MN,AGL,CE,Towers with Radar,886,194,42,2,1124,0,0,4,0,4,886,194,46,2,1128,0,0,0,1128
11/07/2019,MSP,MN,AGL,CE,Towers with Radar,970,203,41,3,1217,0,0,1,0,1,970,203,42,3,1218,0,0,0,1218
11/08/2019,MSP,MN,AGL,CE,Towers with Radar,961,195,18,3,1177,0,0,0,0,0,961,195,18,3,1177,0,0,0,1177
11/09/2019,MSP,MN,AGL,CE,Towers with Radar,677,116,12,0,805,0,0,2,0,2,677,116,14,0,807,0,0,0,807
11/10/2019,MSP,MN,AGL,CE,Towers with Radar,880,145,17,0,1042,0,0,0,0,0,880,145,17,0,1042,0,0,0,1042
11/11/2019,MSP,MN,AGL,CE,Towers with Radar,933,176,39,0,1148,0,0,0,0,0,933,176,39,0,1148,0,0,0,1148
11/12/2019,MSP,MN,AGL,CE,Towers with Radar,954,193,46,0,1193,0,0,3,0,3,954,193,49,0,1196,0,0,0,1196
11/13/2019,MSP,MN,AGL,CE,Towers with Radar,958,200,37,3,1198,0,0,0,0,0,958,200,37,3,1198,0,0,0,1198
11/14/2019,MSP,MN,AGL,CE,Towers with Radar,963,195,47,2,1207,0,0,0,0,0,963,195,47,2,1207,0,0,0,1207
11/15/2019,MSP,MN,AGL,CE,Towers with Radar,964,193,28,5,1190,0,0,2,0,2,964,193,30,5,1192,0,0,0,1192
11/16/2019,MSP,MN,AGL,CE,Towers with Radar,681,115,7,0,803,0,0,1,0,1,681,115,8,0,804,0,0,0,804
11/17/2019,MSP,MN,AGL,CE,Towers with Radar,883,153,23,1,1060,0,0,0,0,0,883,153,23,1,1060,0,0,0,1060
11/18/2019,MSP,MN,AGL,CE,Towers with Radar,959,177,27,11,1174,0,0,0,0,0,959,177,27,11,1174,0,0,0,1174
11/19/2019,MSP,MN,AGL,CE,Towers with Radar,939,204,29,3,1175,0,0,0,0,0,939,204,29,3,1175,0,0,0,1175
11/20/2019,MSP,MN,AGL,CE,Towers with Radar,959,192,27,7,1185,0,0,1,0,1,959,192,28,7,1186,0,0,0,1186
11/21/2019,MSP,MN,AGL,CE,Towers with Radar,966,207,25,4,1202,0,0,0,0,0,966,207,25,4,1202,0,0,0,1202
11/22/2019,MSP,MN,AGL,CE,Towers with Radar,959,192,24,1,1176,0,0,0,0,0,959,192,24,1,1176,0,0,0,1176
11/23/2019,MSP,MN,AGL,CE,Towers with Radar,704,113,7,1,825,0,0,0,0,0,704,113,7,1,825,0,0,0,825
11/24/2019,MSP,MN,AGL,CE,Towers with Radar,802,125,13,1,941,0,0,0,0,0,802,125,13,1,941,0,0,0,941
11/25/2019,MSP,MN,AGL,CE,Towers with Radar,817,164,31,3,1015,0,0,0,1,1,817,164,31,4,1016,0,0,0,1016
11/26/2019,MSP,MN,AGL,CE,Towers with Radar,859,169,25,8,1061,0,0,0,0,0,859,169,25,8,1061,0,0,0,1061
11/27/2019,MSP,MN,AGL,CE,Towers with Radar,964,165,15,0,1144,0,0,0,2,2,964,165,15,2,1146,0,0,0,1146
11/28/2019,MSP,MN,AGL,CE,Towers with Radar,526,76,5,0,607,0,0,0,0,0,526,76,5,0,607,0,0,0,607
11/29/2019,MSP,MN,AGL,CE,Towers with Radar,572,117,14,0,703,0,0,0,0,0,572,117,14,0,703,0,0,0,703
11/30/2019,MSP,MN,AGL,CE,Towers with Radar,910,152,11,0,1073,0,0,0,0,0,910,152,11,0,1073,0,0,0,1073
12/01/2019,MSP,MN,AGL,CE,Towers with Radar,980,162,32,0,1174,0,0,0,0,0,980,162,32,0,1174,0,0,0,1174
12/02/2019,MSP,MN,AGL,CE,Towers with Radar,994,182,32,3,1211,0,0,0,0,0,994,182,32,3,1211,0,0,0,1211
12/03/2019,MSP,MN,AGL,CE,Towers with Radar,892,194,38,4,1128,0,0,1,0,1,892,194,39,4,1129,0,0,0,1129
12/04/2019,MSP,MN,AGL,CE,Towers with Radar,879,200,36,2,1117,0,0,0,0,0,879,200,36,2,1117,0,0,0,1117
12/05/2019,MSP,MN,AGL,CE,Towers with Radar,911,190,28,3,1132,0,0,2,0,2,911,190,30,3,1134,0,0,0,1134
12/06/2019,MSP,MN,AGL,CE,Towers with Radar,900,190,21,5,1116,0,0,1,0,1,900,190,22,5,1117,0,0,0,1117
12/07/2019,MSP,MN,AGL,CE,Towers with Radar,638,112,8,2,760,0,0,0,0,0,638,112,8,2,760,0,0,0,760
12/08/2019,MSP,MN,AGL,CE,Towers with Radar,818,126,23,2,969,0,0,1,0,1,818,126,24,2,970,0,0,0,970
12/09/2019,MSP,MN,AGL,CE,Towers with Radar,891,162,43,0,1096,0,0,0,0,0,891,162,43,0,1096,0,0,0,1096
12/10/2019,MSP,MN,AGL,CE,Towers with Radar,869,193,24,4,1090,0,0,2,0,2,869,193,26,4,1092,0,0,0,1092
12/11/2019,MSP,MN,AGL,CE,Towers with Radar,886,186,40,6,1118,0,0,3,0,3,886,186,43,6,1121,0,0,0,1121
12/12/2019,MSP,MN,AGL,CE,Towers with Radar,929,180,40,2,1151,0,0,0,0,0,929,180,40,2,1151,0,0,0,1151
12/13/2019,MSP,MN,AGL,CE,Towers with Radar,908,191,23,7,1129,0,0,0,0,0,908,191,23,7,1129,0,0,0,1129
12/14/2019,MSP,MN,AGL,CE,Towers with Radar,653,112,8,0,773,0,0,0,0,0,653,112,8,0,773,0,0,0,773
12/15/2019,MSP,MN,AGL,CE,Towers with Radar,807,139,12,1,959,0,0,0,0,0,807,139,12,1,959,0,0,0,959
12/16/2019,MSP,MN,AGL,CE,Towers with Radar,903,165,27,5,1100,0,0,0,1,1,903,165,27,6,1101,0,0,0,1101
12/17/2019,MSP,MN,AGL,CE,Towers with Radar,849,184,32,4,1069,0,0,2,0,2,849,184,34,4,1071,0,0,0,1071
12/18/2019,MSP,MN,AGL,CE,Towers with Radar,916,196,33,5,1150,0,0,0,0,0,916,196,33,5,1150,0,0,0,1150
12/19/2019,MSP,MN,AGL,CE,Towers with Radar,935,188,27,3,1153,0,0,1,0,1,935,188,28,3,1154,0,0,0,1154
12/20/2019,MSP,MN,AGL,CE,Towers with Radar,941,190,13,0,1144,0,0,1,0,1,941,190,14,0,1145,0,0,0,1145
12/21/2019,MSP,MN,AGL,CE,Towers with Radar,907,175,14,0,1096,0,0,1,0,1,907,175,15,0,1097,0,0,0,1097
12/22/2019,MSP,MN,AGL,CE,Towers with Radar,934,177,5,0,1116,0,0,0,0,0,934,177,5,0,1116,0,0,0,1116
12/23/2019,MSP,MN,AGL,CE,Towers with Radar,944,216,17,0,1177,0,0,0,0,0,944,216,17,0,1177,0,0,0,1177
12/24/2019,MSP,MN,AGL,CE,Towers with Radar,683,139,6,0,828,0,0,0,0,0,683,139,6,0,828,0,0,0,828
12/25/2019,MSP,MN,AGL,CE,Towers with Radar,632,108,5,0,745,0,0,0,0,0,632,108,5,0,745,0,0,0,745
12/26/2019,MSP,MN,AGL,CE,Towers with Radar,922,221,13,0,1156,0,0,0,0,0,922,221,13,0,1156,0,0,0,1156
12/27/2019,MSP,MN,AGL,CE,Towers with Radar,955,216,12,6,1189,0,0,0,0,0,955,216,12,6,1189,0,0,0,1189
12/28/2019,MSP,MN,AGL,CE,Towers with Radar,862,186,11,0,1059,0,0,0,0,0,862,186,11,0,1059,0,0,0,1059
12/29/2019,MSP,MN,AGL,CE,Towers with Radar,916,129,8,0,1053,0,0,0,0,0,916,129,8,0,1053,0,0,0,1053
12/30/2019,MSP,MN,AGL,CE,Towers with Radar,905,176,13,1,1095,0,0,0,0,0,905,176,13,1,1095,0,0,0,1095
12/31/2019,MSP,MN,AGL,CE,Towers with Radar,729,151,4,0,884,0,0,1,0,1,729,151,5,0,885,0,0,0,885
01/01/2020,MSP,MN,AGL,CE,Towers with Radar,666,115,8,0,789,0,0,0,0,0,666,115,8,0,789,0,0,0,789
01/02/2020,MSP,MN,AGL,CE,Towers with Radar,864,180,8,0,1052,0,0,0,0,0,864,180,8,0,1052,0,0,0,1052
01/03/2020,MSP,MN,AGL,CE,Towers with Radar,866,184,14,4,1068,0,0,0,0,0,866,184,14,4,1068,0,0,0,1068
01/04/2020,MSP,MN,AGL,CE,Towers with Radar,719,128,9,0,856,0,0,0,0,0,719,128,9,0,856,0,0,0,856
01/05/2020,MSP,MN,AGL,CE,Towers with Radar,847,164,14,0,1025,0,0,2,0,2,847,164,16,0,1027,0,0,0,1027
01/06/2020,MSP,MN,AGL,CE,Towers with Radar,916,195,23,1,1135,0,0,0,0,0,916,195,23,1,1135,0,0,0,1135
01/07/2020,MSP,MN,AGL,CE,Towers with Radar,837,205,11,5,1058,1,3,0,0,4,838,208,11,5,1062,0,0,0,1062
01/08/2020,MSP,MN,AGL,CE,Towers with Radar,873,209,21,0,1103,1,3,2,0,6,874,212,23,0,1109,0,0,0,1109
01/09/2020,MSP,MN,AGL,CE,Towers with Radar,880,212,31,4,1127,1,0,0,0,1,881,212,31,4,1128,0,0,0,1128
01/10/2020,MSP,MN,AGL,CE,Towers with Radar,882,211,11,2,1106,0,2,0,1,3,882,213,11,3,1109,0,0,0,1109
01/11/2020,MSP,MN,AGL,CE,Towers with Radar,626,146,12,3,787,0,0,1,0,1,626,146,13,3,788,0,0,0,788
01/12/2020,MSP,MN,AGL,CE,Towers with Radar,803,157,7,1,968,0,0,0,0,0,803,157,7,1,968,0,0,0,968
01/13/2020,MSP,MN,AGL,CE,Towers with Radar,878,209,20,0,1107,0,2,0,0,2,878,211,20,0,1109,0,0,0,1109
01/14/2020,MSP,MN,AGL,CE,Towers with Radar,814,226,28,2,1070,0,0,0,0,0,814,226,28,2,1070,0,0,0,1070
01/15/2020,MSP,MN,AGL,CE,Towers with Radar,865,214,28,2,1109,0,0,0,0,0,865,214,28,2,1109,0,0,0,1109
01/16/2020,MSP,MN,AGL,CE,Towers with Radar,888,222,25,1,1136,0,0,0,0,0,888,222,25,1,1136,0,0,0,1136
01/17/2020,MSP,MN,AGL,CE,Towers with Radar,740,112,25,0,877,0,0,0,0,0,740,112,25,0,877,0,0,0,877
01/18/2020,MSP,MN,AGL,CE,Towers with Radar,617,73,7,1,698,0,0,0,0,0,617,73,7,1,698,0,0,0,698
01/19/2020,MSP,MN,AGL,CE,Towers with Radar,632,103,8,3,746,0,0,0,0,0,632,103,8,3,746,0,0,0,746
01/20/2020,MSP,MN,AGL,CE,Towers with Radar,859,189,21,0,1069,0,1,0,0,1,859,190,21,0,1070,0,0,0,1070
01/21/2020,MSP,MN,AGL,CE,Towers with Radar,822,215,25,0,1062,0,0,3,0,3,822,215,28,0,1065,0,0,0,1065
01/22/2020,MSP,MN,AGL,CE,Towers with Radar,859,218,36,3,1116,0,0,0,0,0,859,218,36,3,1116,0,0,0,1116
01/23/2020,MSP,MN,AGL,CE,Towers with Radar,900,210,29,0,1139,0,0,0,0,0,900,210,29,0,1139,0,0,0,1139
01/24/2020,MSP,MN,AGL,CE,Towers with Radar,891,209,19,3,1122,0,0,0,0,0,891,209,19,3,1122,0,0,0,1122
01/25/2020,MSP,MN,AGL,CE,Towers with Radar,631,129,8,1,769,0,0,0,0,0,631,129,8,1,769,0,0,0,769
01/26/2020,MSP,MN,AGL,CE,Towers with Radar,791,157,11,0,959,0,0,0,0,0,791,157,11,0,959,0,0,0,959
01/27/2020,MSP,MN,AGL,CE,Towers with Radar,883,193,36,0,1112,0,0,0,0,0,883,193,36,0,1112,0,0,0,1112
01/28/2020,MSP,MN,AGL,CE,Towers with Radar,817,210,31,6,1064,0,0,0,0,0,817,210,31,6,1064,0,0,0,1064
01/29/2020,MSP,MN,AGL,CE,Towers with Radar,860,217,27,6,1110,0,0,0,0,0,860,217,27,6,1110,0,0,0,1110
01/30/2020,MSP,MN,AGL,CE,Towers with Radar,888,215,30,2,1135,0,0,0,0,0,888,215,30,2,1135,0,0,0,1135
01/31/2020,MSP,MN,AGL,CE,Towers with Radar,903,200,13,1,1117,0,0,0,0,0,903,200,13,1,1117,0,0,0,1117
02/01/2020,MSP,MN,AGL,CE,Towers with Radar,614,99,5,1,719,0,0,0,0,0,614,99,5,1,719,0,0,0,719
02/02/2020,MSP,MN,AGL,CE,Towers with Radar,631,110,18,1,760,0,0,0,0,0,631,110,18,1,760,0,0,0,760
02/03/2020,MSP,MN,AGL,CE,Towers with Radar,898,197,26,0,1121,0,0,0,0,0,898,197,26,0,1121,0,0,0,1121
02/04/2020,MSP,MN,AGL,CE,Towers with Radar,824,200,14,8,1046,0,0,1,0,1,824,200,15,8,1047,0,0,0,1047
02/05/2020,MSP,MN,AGL,CE,Towers with Radar,879,207,17,2,1105,0,0,0,1,1,879,207,17,3,1106,0,0,0,1106
02/06/2020,MSP,MN,AGL,CE,Towers with Radar,886,212,27,8,1133,0,0,0,0,0,886,212,27,8,1133,0,0,0,1133
02/07/2020,MSP,MN,AGL,CE,Towers with Radar,895,204,10,0,1109,0,0,0,0,0,895,204,10,0,1109,0,0,0,1109
02/08/2020,MSP,MN,AGL,CE,Towers with Radar,657,127,12,2,798,0,0,0,0,0,657,127,12,2,798,0,0,0,798
02/09/2020,MSP,MN,AGL,CE,Towers with Radar,779,170,11,0,960,0,0,0,0,0,779,170,11,0,960,0,0,0,960
02/10/2020,MSP,MN,AGL,CE,Towers with Radar,914,202,20,7,1143,0,0,0,0,0,914,202,20,7,1143,0,0,0,1143
02/11/2020,MSP,MN,AGL,CE,Towers with Radar,836,215,26,5,1082,0,0,6,0,6,836,215,32,5,1088,0,0,0,1088
02/12/2020,MSP,MN,AGL,CE,Towers with Radar,868,202,35,4,1109,0,0,4,0,4,868,202,39,4,1113,0,0,0,1113
02/13/2020,MSP,MN,AGL,CE,Towers with Radar,895,202,26,0,1123,0,0,1,0,1,895,202,27,0,1124,0,0,0,1124
02/14/2020,MSP,MN,AGL,CE,Towers with Radar,910,208,32,2,1152,0,0,0,0,0,910,208,32,2,1152,0,0,0,1152
02/15/2020,MSP,MN,AGL,CE,Towers with Radar,630,98,4,0,732,0,0,2,0,2,630,98,6,0,734,0,0,0,734
02/16/2020,MSP,MN,AGL,CE,Towers with Radar,646,110,4,0,760,0,0,0,0,0,646,110,4,0,760,0,0,0,760
02/17/2020,MSP,MN,AGL,CE,Towers with Radar,876,185,28,0,1089,0,0,0,0,0,876,185,28,0,1089,0,0,0,1089
02/18/2020,MSP,MN,AGL,CE,Towers with Radar,872,211,28,6,1117,0,0,0,2,2,872,211,28,8,1119,0,0,0,1119
02/19/2020,MSP,MN,AGL,CE,Towers with Radar,894,215,15,6,1130,0,0,0,0,0,894,215,15,6,1130,0,0,0,1130
02/20/2020,MSP,MN,AGL,CE,Towers with Radar,906,214,25,8,1153,0,0,1,1,2,906,214,26,9,1155,0,0,0,1155
02/21/2020,MSP,MN,AGL,CE,Towers with Radar,929,213,19,3,1164,0,0,0,0,0,929,213,19,3,1164,0,0,0,1164
02/22/2020,MSP,MN,AGL,CE,Towers with Radar,662,135,4,0,801,0,0,0,0,0,662,135,4,0,801,0,0,0,801
02/23/2020,MSP,MN,AGL,CE,Towers with Radar,831,157,15,2,1005,0,0,1,0,1,831,157,16,2,1006,0,0,0,1006
02/24/2020,MSP,MN,AGL,CE,Towers with Radar,903,224,28,0,1155,0,0,0,0,0,903,224,28,0,1155,0,0,0,1155
02/25/2020,MSP,MN,AGL,CE,Towers with Radar,866,215,32,11,1124,0,1,0,0,1,866,216,32,11,1125,0,0,0,1125
02/26/2020,MSP,MN,AGL,CE,Towers with Radar,896,210,34,9,1149,0,0,1,0,1,896,210,35,9,1150,0,0,0,1150
02/27/2020,MSP,MN,AGL,CE,Towers with Radar,915,204,31,8,1158,0,0,0,0,0,915,204,31,8,1158,0,0,0,1158
02/28/2020,MSP,MN,AGL,CE,Towers with Radar,932,200,35,0,1167,0,0,2,0,2,932,200,37,0,1169,0,0,0,1169
02/29/2020,MSP,MN,AGL,CE,Towers with Radar,677,133,13,3,826,0,0,0,0,0,677,133,13,3,826,0,0,0,826
03/01/2020,MSP,MN,AGL,CE,Towers with Radar,828,169,17,3,1017,0,0,2,0,2,828,169,19,3,1019,0,0,0,1019
03/02/2020,MSP,MN,AGL,CE,Towers with Radar,910,204,22,0,1136,0,0,0,0,0,910,204,22,0,1136,0,0,0,1136
03/03/2020,MSP,MN,AGL,CE,Towers with Radar,868,208,17,10,1103,0,0,0,0,0,868,208,17,10,1103,0,0,0,1103
03/04/2020,MSP,MN,AGL,CE,Towers with Radar,895,213,23,8,1139,0,0,0,1,1,895,213,23,9,1140,0,0,0,1140
03/05/2020,MSP,MN,AGL,CE,Towers with Radar,907,222,25,9,1163,0,0,2,1,3,907,222,27,10,1166,0,0,0,1166
03/06/2020,MSP,MN,AGL,CE,Towers with Radar,930,211,17,13,1171,0,0,0,0,0,930,211,17,13,1171,0,0,0,1171
03/07/2020,MSP,MN,AGL,CE,Towers with Radar,700,134,6,10,850,0,1,0,1,2,700,135,6,11,852,0,0,0,852
03/08/2020,MSP,MN,AGL,CE,Towers with Radar,844,172,14,2,1032,0,1,0,0,1,844,173,14,2,1033,0,0,0,1033
03/09/2020,MSP,MN,AGL,CE,Towers with Radar,923,210,25,2,1160,1,0,0,0,1,924,210,25,2,1161,0,0,0,1161
03/10/2020,MSP,MN,AGL,CE,Towers with Radar,878,208,31,6,1123,0,0,0,2,2,878,208,31,8,1125,0,0,0,1125
03/11/2020,MSP,MN,AGL,CE,Towers with Radar,907,217,24,9,1157,0,0,2,0,2,907,217,26,9,1159,0,0,0,1159
03/12/2020,MSP,MN,AGL,CE,Towers with Radar,965,217,20,4,1206,0,0,0,0,0,965,217,20,4,1206,0,0,0,1206
03/13/2020,MSP,MN,AGL,CE,Towers with Radar,961,217,28,2,1208,0,0,2,0,2,961,217,30,2,1210,0,0,0,1210
03/14/2020,MSP,MN,AGL,CE,Towers with Radar,788,156,7,2,953,0,0,2,0,2,788,156,9,2,955,0,0,0,955
03/15/2020,MSP,MN,AGL,CE,Towers with Radar,905,183,6,0,1094,0,0,0,0,0,905,183,6,0,1094,0,0,0,1094
03/16/2020,MSP,MN,AGL,CE,Towers with Radar,968,204,7,3,1182,0,0,0,0,0,968,204,7,3,1182,0,0,0,1182
03/17/2020,MSP,MN,AGL,CE,Towers with Radar,902,213,6,5,1126,0,0,0,0,0,902,213,6,5,1126,0,0,0,1126
03/18/2020,MSP,MN,AGL,CE,Towers with Radar,903,215,7,0,1125,0,0,0,0,0,903,215,7,0,1125,0,0,0,1125
03/19/2020,MSP,MN,AGL,CE,Towers with Radar,830,197,11,2,1040,0,0,0,0,0,830,197,11,2,1040,0,0,0,1040
03/20/2020,MSP,MN,AGL,CE,Towers with Radar,766,195,14,2,977,0,0,1,0,1,766,195,15,2,978,0,0,0,978
03/21/2020,MSP,MN,AGL,CE,Towers with Radar,618,139,7,4,768,0,0,0,0,0,618,139,7,4,768,0,0,0,768
03/22/2020,MSP,MN,AGL,CE,Towers with Radar,638,166,3,4,811,0,0,1,0,1,638,166,4,4,812,0,0,0,812
03/23/2020,MSP,MN,AGL,CE,Towers with Radar,609,186,9,0,804,0,0,1,0,1,609,186,10,0,805,0,0,0,805
03/24/2020,MSP,MN,AGL,CE,Towers with Radar,561,186,2,2,751,0,0,0,0,0,561,186,2,2,751,0,0,0,751
03/25/2020,MSP,MN,AGL,CE,Towers with Radar,516,124,1,6,647,0,0,1,0,1,516,124,2,6,648,0,0,0,648
03/26/2020,MSP,MN,AGL,CE,Towers with Radar,445,124,4,7,580,0,0,0,0,0,445,124,4,7,580,0,0,0,580
03/27/2020,MSP,MN,AGL,CE,Towers with Radar,498,133,5,1,637,0,0,1,0,1,498,133,6,1,638,0,0,0,638
03/28/2020,MSP,MN,AGL,CE,Towers with Radar,423,110,4,0,537,0,0,0,0,0,423,110,4,0,537,0,0,0,537
03/29/2020,MSP,MN,AGL,CE,Towers with Radar,406,125,0,0,531,0,0,0,0,0,406,125,0,0,531,0,0,0,531
03/30/2020,MSP,MN,AGL,CE,Towers with Radar,420,133,2,0,555,0,0,1,0,1,420,133,3,0,556,0,0,0,556
03/31/2020,MSP,MN,AGL,CE,Towers with Radar,412,139,4,8,563,0,0,1,0,1,412,139,5,8,564,0,0,0,564
04/01/2020,MSP,MN,AGL,CE,Towers with Radar,387,131,3,6,527,1,2,2,0,5,388,133,5,6,532,0,0,0,532
04/02/2020,MSP,MN,AGL,CE,Towers with Radar,304,109,7,2,422,0,0,0,2,2,304,109,7,4,424,0,0,0,424
04/03/2020,MSP,MN,AGL,CE,Towers with Radar,297,87,3,0,387,0,0,0,0,0,297,87,3,0,387,0,0,0,387
04/04/2020,MSP,MN,AGL,CE,Towers with Radar,265,59,5,0,329,0,0,5,0,5,265,59,10,0,334,0,0,0,334
04/05/2020,MSP,MN,AGL,CE,Towers with Radar,272,78,2,2,354,0,0,0,0,0,272,78,2,2,354,0,0,0,354
04/06/2020,MSP,MN,AGL,CE,Towers with Radar,283,88,2,0,373,0,0,2,0,2,283,88,4,0,375,0,0,0,375
04/07/2020,MSP,MN,AGL,CE,Towers with Radar,310,126,2,2,440,0,0,0,0,0,310,126,2,2,440,0,0,0,440
04/08/2020,MSP,MN,AGL,CE,Towers with Radar,300,139,2,2,443,0,0,0,0,0,300,139,2,2,443,0,0,0,443
04/09/2020,MSP,MN,AGL,CE,Towers with Radar,274,147,3,0,424,0,0,0,0,0,274,147,3,0,424,0,0,0,424
04/10/2020,MSP,MN,AGL,CE,Towers with Radar,271,132,7,0,410,0,0,0,0,0,271,132,7,0,410,0,0,0,410
04/11/2020,MSP,MN,AGL,CE,Towers with Radar,222,89,0,0,311,0,0,0,0,0,222,89,0,0,311,0,0,0,311
04/12/2020,MSP,MN,AGL,CE,Towers with Radar,214,48,1,0,263,0,0,0,0,0,214,48,1,0,263,0,0,0,263
04/13/2020,MSP,MN,AGL,CE,Towers with Radar,229,101,5,0,335,0,0,0,0,0,229,101,5,0,335,0,0,0,335
04/14/2020,MSP,MN,AGL,CE,Towers with Radar,260,109,33,2,404,0,0,2,0,2,260,109,35,2,406,0,0,0,406
04/15/2020,MSP,MN,AGL,CE,Towers with Radar,234,110,4,4,352,0,0,4,0,4,234,110,8,4,356,0,0,0,356
04/16/2020,MSP,MN,AGL,CE,Towers with Radar,213,105,6,0,324,0,0,7,0,7,213,105,13,0,331,0,0,0,331
04/17/2020,MSP,MN,AGL,CE,Towers with Radar,205,108,5,2,320,0,0,3,0,3,205,108,8,2,323,0,0,0,323
04/18/2020,MSP,MN,AGL,CE,Towers with Radar,161,71,2,0,234,0,0,1,0,1,161,71,3,0,235,0,0,0,235
04/19/2020,MSP,MN,AGL,CE,Towers with Radar,188,61,2,0,251,0,0,7,0,7,188,61,9,0,258,0,0,0,258
04/20/2020,MSP,MN,AGL,CE,Towers with Radar,196,91,2,0,289,0,0,0,0,0,196,91,2,0,289,0,0,0,289
04/21/2020,MSP,MN,AGL,CE,Towers with Radar,198,97,22,6,323,0,2,0,0,2,198,99,22,6,325,0,0,0,325
04/22/2020,MSP,MN,AGL,CE,Towers with Radar,219,125,4,8,356,0,0,0,0,0,219,125,4,8,356,0,0,0,356
04/23/2020,MSP,MN,AGL,CE,Towers with Radar,224,126,1,0,351,0,0,2,0,2,224,126,3,0,353,0,0,0,353
04/24/2020,MSP,MN,AGL,CE,Towers with Radar,227,108,3,0,338,0,0,3,0,3,227,108,6,0,341,0,0,0,341
04/25/2020,MSP,MN,AGL,CE,Towers with Radar,174,74,5,0,253,0,0,3,0,3,174,74,8,0,256,0,0,0,256
04/26/2020,MSP,MN,AGL,CE,Towers with Radar,190,73,5,0,268,0,0,0,0,0,190,73,5,0,268,0,0,0,268
04/27/2020,MSP,MN,AGL,CE,Towers with Radar,214,124,5,2,345,0,0,1,0,1,214,124,6,2,346,0,0,0,346
04/28/2020,MSP,MN,AGL,CE,Towers with Radar,213,117,4,6,340,0,0,0,0,0,213,117,4,6,340,0,0,0,340
04/29/2020,MSP,MN,AGL,CE,Towers with Radar,217,120,9,6,352,0,0,0,2,2,217,120,9,8,354,0,0,0,354
04/30/2020,MSP,MN,AGL,CE,Towers with Radar,229,121,5,0,355,0,0,1,0,1,229,121,6,0,356,0,0,0,356
05/01/2020,MSP,MN,AGL,CE,Towers with Radar,248,100,10,0,358,0,0,1,0,1,248,100,11,0,359,0,0,0,359
05/02/2020,MSP,MN,AGL,CE,Towers with Radar,186,46,2,0,234,0,0,0,0,0,186,46,2,0,234,0,0,0,234
05/03/2020,MSP,MN,AGL,CE,Towers with Radar,211,36,9,0,256,0,0,0,0,0,211,36,9,0,256,0,0,0,256
05/04/2020,MSP,MN,AGL,CE,Towers with Radar,200,54,10,4,268,0,0,0,0,0,200,54,10,4,268,0,0,0,268
05/05/2020,MSP,MN,AGL,CE,Towers with Radar,207,68,13,8,296,0,0,1,0,1,207,68,14,8,297,0,0,0,297
05/06/2020,MSP,MN,AGL,CE,Towers with Radar,213,70,5,6,294,0,0,5,3,8,213,70,10,9,302,0,0,0,302
05/07/2020,MSP,MN,AGL,CE,Towers with Radar,238,69,5,6,318,0,0,0,1,1,238,69,5,7,319,0,0,0,319
05/08/2020,MSP,MN,AGL,CE,Towers with Radar,228,73,8,2,311,0,0,0,2,2,228,73,8,4,313,0,0,0,313
05/09/2020,MSP,MN,AGL,CE,Towers with Radar,164,46,5,0,215,0,0,0,0,0,164,46,5,0,215,0,0,0,215
05/10/2020,MSP,MN,AGL,CE,Towers with Radar,201,27,2,1,231,0,0,0,0,0,201,27,2,1,231,0,0,0,231
05/11/2020,MSP,MN,AGL,CE,Towers with Radar,218,54,3,5,280,0,0,4,0,4,218,54,7,5,284,0,0,0,284
05/12/2020,MSP,MN,AGL,CE,Towers with Radar,202,76,5,6,289,1,0,2,2,5,203,76,7,8,294,0,0,0,294
05/13/2020,MSP,MN,AGL,CE,Towers with Radar,220,71,3,11,305,0,0,0,2,2,220,71,3,13,307,0,0,0,307
05/14/2020,MSP,MN,AGL,CE,Towers with Radar,222,72,15,4,313,0,0,0,1,1,222,72,15,5,314,0,0,0,314
05/15/2020,MSP,MN,AGL,CE,Towers with Radar,216,70,10,4,300,0,0,2,3,5,216,70,12,7,305,0,0,0,305
05/16/2020,MSP,MN,AGL,CE,Towers with Radar,178,40,7,6,231,0,0,2,0,2,178,40,9,6,233,0,0,0,233
05/17/2020,MSP,MN,AGL,CE,Towers with Radar,208,33,9,1,251,0,0,0,0,0,208,33,9,1,251,0,0,0,251
05/18/2020,MSP,MN,AGL,CE,Towers with Radar,224,56,9,4,293,0,0,3,0,3,224,56,12,4,296,0,0,0,296
05/19/2020,MSP,MN,AGL,CE,Towers with Radar,209,66,21,9,305,0,0,12,0,12,209,66,33,9,317,0,0,0,317
05/20/2020,MSP,MN,AGL,CE,Towers with Radar,233,70,9,11,323,0,0,3,0,3,233,70,12,11,326,0,0,0,326
05/21/2020,MSP,MN,AGL,CE,Towers with Radar,240,72,7,12,331,0,0,7,0,7,240,72,14,12,338,0,0,0,338
05/22/2020,MSP,MN,AGL,CE,Towers with Radar,228,72,18,1,319,0,0,1,0,1,228,72,19,1,320,0,0,0,320
05/23/2020,MSP,MN,AGL,CE,Towers with Radar,186,45,5,0,236,0,0,0,0,0,186,45,5,0,236,0,0,0,236
05/24/2020,MSP,MN,AGL,CE,Towers with Radar,212,33,2,0,247,0,0,0,0,0,212,33,2,0,247,0,0,0,247
05/25/2020,MSP,MN,AGL,CE,Towers with Radar,216,44,6,2,268,0,0,0,0,0,216,44,6,2,268,0,0,0,268
05/26/2020,MSP,MN,AGL,CE,Towers with Radar,203,70,11,4,288,0,0,8,0,8,203,70,19,4,296,0,0,0,296
05/27/2020,MSP,MN,AGL,CE,Towers with Radar,233,71,7,5,316,0,0,2,0,2,233,71,9,5,318,0,0,0,318
05/28/2020,MSP,MN,AGL,CE,Towers with Radar,241,75,13,6,335,0,0,4,1,5,241,75,17,7,340,0,0,0,340
05/29/2020,MSP,MN,AGL,CE,Towers with Radar,237,72,16,2,327,0,2,4,0,6,237,74,20,2,333,0,0,0,333
05/30/2020,MSP,MN,AGL,CE,Towers with Radar,184,36,12,0,232,0,2,2,0,4,184,38,14,0,236,0,0,0,236
05/31/2020,MSP,MN,AGL,CE,Towers with Radar,227,31,10,2,270,0,0,5,6,11,227,31,15,8,281,0,0,0,281
06/01/2020,MSP,MN,AGL,CE,Towers with Radar,223,54,6,0,283,0,0,1,6,7,223,54,7,6,290,0,0,0,290
06/02/2020,MSP,MN,AGL,CE,Towers with Radar,235,60,9,3,307,0,0,1,14,15,235,60,10,17,322,0,0,0,322
06/03/2020,MSP,MN,AGL,CE,Towers with Radar,259,79,10,3,351,0,0,4,5,9,259,79,14,8,360,0,0,0,360
06/04/2020,MSP,MN,AGL,CE,Towers with Radar,272,76,21,17,386,0,0,0,0,0,272,76,21,17,386,0,0,0,386
06/05/2020,MSP,MN,AGL,CE,Towers with Radar,268,70,12,2,352,0,0,0,0,0,268,70,12,2,352,0,0,0,352
06/06/2020,MSP,MN,AGL,CE,Towers with Radar,236,36,6,1,279,0,0,0,0,0,236,36,6,1,279,0,0,0,279
06/07/2020,MSP,MN,AGL,CE,Towers with Radar,255,35,7,1,298,0,0,0,0,0,255,35,7,1,298,0,0,0,298
06/08/2020,MSP,MN,AGL,CE,Towers with Radar,262,49,5,2,318,0,0,0,0,0,262,49,5,2,318,0,0,0,318
06/09/2020,MSP,MN,AGL,CE,Towers with Radar,264,63,3,2,332,0,0,1,0,1,264,63,4,2,333,0,0,0,333
06/10/2020,MSP,MN,AGL,CE,Towers with Radar,268,63,10,6,347,0,0,0,0,0,268,63,10,6,347,0,0,0,347
06/11/2020,MSP,MN,AGL,CE,Towers with Radar,286,75,7,6,374,0,0,2,0,2,286,75,9,6,376,0,0,0,376
06/12/2020,MSP,MN,AGL,CE,Towers with Radar,266,69,12,9,356,0,0,1,0,1,266,69,13,9,357,0,0,0,357
06/13/2020,MSP,MN,AGL,CE,Towers with Radar,240,42,4,9,295,0,0,0,0,0,240,42,4,9,295,0,0,0,295
06/14/2020,MSP,MN,AGL,CE,Towers with Radar,264,36,8,1,309,0,0,0,0,0,264,36,8,1,309,0,0,0,309
06/15/2020,MSP,MN,AGL,CE,Towers with Radar,268,54,14,5,341,0,0,1,1,2,268,54,15,6,343,0,0,0,343
06/16/2020,MSP,MN,AGL,CE,Towers with Radar,259,65,12,11,347,0,0,2,0,2,259,65,14,11,349,0,0,0,349
06/17/2020,MSP,MN,AGL,CE,Towers with Radar,265,81,12,14,372,0,0,0,0,0,265,81,12,14,372,0,0,0,372
06/18/2020,MSP,MN,AGL,CE,Towers with Radar,304,73,12,5,394,0,0,0,1,1,304,73,12,6,395,0,0,0,395
06/19/2020,MSP,MN,AGL,CE,Towers with Radar,280,77,8,1,366,0,0,6,0,6,280,77,14,1,372,0,0,0,372
06/20/2020,MSP,MN,AGL,CE,Towers with Radar,250,40,5,1,296,0,0,2,0,2,250,40,7,1,298,0,0,0,298
06/21/2020,MSP,MN,AGL,CE,Towers with Radar,290,35,10,1,336,0,1,1,0,2,290,36,11,1,338,0,0,0,338
06/22/2020,MSP,MN,AGL,CE,Towers with Radar,289,50,17,1,357,0,0,0,0,0,289,50,17,1,357,0,0,0,357
06/23/2020,MSP,MN,AGL,CE,Towers with Radar,275,64,12,9,360,0,0,7,0,7,275,64,19,9,367,0,0,0,367
06/24/2020,MSP,MN,AGL,CE,Towers with Radar,286,67,12,9,374,0,0,0,2,2,286,67,12,11,376,0,0,0,376
06/25/2020,MSP,MN,AGL,CE,Towers with Radar,324,68,7,15,414,0,0,0,0,0,324,68,7,15,414,0,0,0,414
06/26/2020,MSP,MN,AGL,CE,Towers with Radar,319,70,11,6,406,0,0,0,2,2,319,70,11,8,408,0,0,0,408
06/27/2020,MSP,MN,AGL,CE,Towers with Radar,285,48,8,0,341,0,0,1,0,1,285,48,9,0,342,0,0,0,342
06/28/2020,MSP,MN,AGL,CE,Towers with Radar,328,34,6,0,368,1,0,1,0,2,329,34,7,0,370,0,0,0,370
06/29/2020,MSP,MN,AGL,CE,Towers with Radar,317,49,16,6,388,0,0,0,0,0,317,49,16,6,388,0,0,0,388
06/30/2020,MSP,MN,AGL,CE,Towers with Radar,300,78,14,14,406,0,0,0,0,0,300,78,14,14,406,0,0,0,406
07/01/2020,MSP,MN,AGL,CE,Towers with Radar,360,79,18,10,467,0,0,7,3,10,360,79,25,13,477,0,0,0,477
07/02/2020,MSP,MN,AGL,CE,Towers with Radar,468,107,20,2,597,0,0,2,0,2,468,107,22,2,599,0,0,0,599
07/03/2020,MSP,MN,AGL,CE,Towers with Radar,451,87,9,0,547,0,0,2,0,2,451,87,11,0,549,0,0,0,549
07/04/2020,MSP,MN,AGL,CE,Towers with Radar,367,49,0,0,416,0,0,2,0,2,367,49,2,0,418,0,0,0,418
07/05/2020,MSP,MN,AGL,CE,Towers with Radar,422,72,11,0,505,0,0,0,2,2,422,72,11,2,507,0,0,0,507
07/06/2020,MSP,MN,AGL,CE,Towers with Radar,467,84,14,0,565,0,0,1,0,1,467,84,15,0,566,0,0,0,566
07/07/2020,MSP,MN,AGL,CE,Towers with Radar,431,80,10,20,541,0,0,2,1,3,431,80,12,21,544,0,0,0,544
07/08/2020,MSP,MN,AGL,CE,Towers with Radar,470,94,15,17,596,0,0,7,1,8,470,94,22,18,604,0,0,0,604
07/09/2020,MSP,MN,AGL,CE,Towers with Radar,485,94,13,17,609,0,0,1,0,1,485,94,14,17,610,0,0,0,610
07/10/2020,MSP,MN,AGL,CE,Towers with Radar,512,89,11,2,614,0,0,0,0,0,512,89,11,2,614,0,0,0,614
07/11/2020,MSP,MN,AGL,CE,Towers with Radar,456,63,4,5,528,0,0,0,0,0,456,63,4,5,528,0,0,0,528
07/12/2020,MSP,MN,AGL,CE,Towers with Radar,490,57,11,3,561,0,0,0,2,2,490,57,11,5,563,0,0,0,563
07/13/2020,MSP,MN,AGL,CE,Towers with Radar,487,77,16,17,597,0,0,5,2,7,487,77,21,19,604,0,0,0,604
07/14/2020,MSP,MN,AGL,CE,Towers with Radar,462,80,18,10,570,0,0,0,0,0,462,80,18,10,570,0,0,0,570
07/15/2020,MSP,MN,AGL,CE,Towers with Radar,479,91,23,11,604,0,0,2,1,3,479,91,25,12,607,0,0,0,607
07/16/2020,MSP,MN,AGL,CE,Towers with Radar,506,86,11,9,612,0,0,2,0,2,506,86,13,9,614,0,0,0,614
07/17/2020,MSP,MN,AGL,CE,Towers with Radar,514,86,14,9,623,0,0,1,0,1,514,86,15,9,624,0,0,0,624
07/18/2020,MSP,MN,AGL,CE,Towers with Radar,472,61,4,4,541,0,0,0,0,0,472,61,4,4,541,0,0,0,541
07/19/2020,MSP,MN,AGL,CE,Towers with Radar,499,61,9,1,570,0,0,2,0,2,499,61,11,1,572,0,0,0,572
07/20/2020,MSP,MN,AGL,CE,Towers with Radar,501,75,15,7,598,0,0,4,0,4,501,75,19,7,602,0,0,0,602
07/21/2020,MSP,MN,AGL,CE,Towers with Radar,482,89,9,20,600,0,0,2,0,2,482,89,11,20,602,0,0,0,602
07/22/2020,MSP,MN,AGL,CE,Towers with Radar,496,91,16,16,619,0,0,0,0,0,496,91,16,16,619,0,0,0,619
07/23/2020,MSP,MN,AGL,CE,Towers with Radar,518,85,23,11,637,0,0,0,1,1,518,85,23,12,638,0,0,0,638
07/24/2020,MSP,MN,AGL,CE,Towers with Radar,524,90,14,2,630,0,0,0,0,0,524,90,14,2,630,0,0,0,630
07/25/2020,MSP,MN,AGL,CE,Towers with Radar,478,71,4,0,553,0,0,0,0,0,478,71,4,0,553,0,0,0,553
07/26/2020,MSP,MN,AGL,CE,Towers with Radar,513,59,11,2,585,0,0,0,0,0,513,59,11,2,585,0,0,0,585
07/27/2020,MSP,MN,AGL,CE,Towers with Radar,520,75,12,4,611,0,0,2,0,2,520,75,14,4,613,0,0,0,613
07/28/2020,MSP,MN,AGL,CE,Towers with Radar,479,87,10,9,585,0,0,2,2,4,479,87,12,11,589,0,0,0,589
07/29/2020,MSP,MN,AGL,CE,Towers with Radar,509,90,11,5,615,0,0,3,2,5,509,90,14,7,620,0,0,0,620
07/30/2020,MSP,MN,AGL,CE,Towers with Radar,537,93,20,11,661,0,0,0,0,0,537,93,20,11,661,0,0,0,661
07/31/2020,MSP,MN,AGL,CE,Towers with Radar,542,89,17,3,651,0,0,0,1,1,542,89,17,4,652,0,0,0,652
08/01/2020,MSP,MN,AGL,CE,Towers with Radar,581,50,6,5,642,0,0,1,0,1,581,50,7,5,643,0,0,0,643
08/02/2020,MSP,MN,AGL,CE,Towers with Radar,619,60,14,2,695,0,0,1,0,1,619,60,15,2,696,0,0,0,696
08/03/2020,MSP,MN,AGL,CE,Towers with Radar,622,77,12,2,713,0,0,2,0,2,622,77,14,2,715,0,0,0,715
08/04/2020,MSP,MN,AGL,CE,Towers with Radar,587,82,10,12,691,0,0,0,1,1,587,82,10,13,692,0,0,0,692
08/05/2020,MSP,MN,AGL,CE,Towers with Radar,594,84,28,8,714,0,1,4,3,8,594,85,32,11,722,0,0,0,722
08/06/2020,MSP,MN,AGL,CE,Towers with Radar,655,86,17,6,764,0,0,1,1,2,655,86,18,7,766,0,0,0,766
08/07/2020,MSP,MN,AGL,CE,Towers with Radar,632,85,9,4,730,0,0,1,0,1,632,85,10,4,731,0,0,0,731
08/08/2020,MSP,MN,AGL,CE,Towers with Radar,606,48,6,0,660,0,0,0,0,0,606,48,6,0,660,0,0,0,660
08/09/2020,MSP,MN,AGL,CE,Towers with Radar,630,45,12,0,687,0,0,1,0,1,630,45,13,0,688,0,0,0,688
08/10/2020,MSP,MN,AGL,CE,Towers with Radar,620,82,11,5,718,0,0,0,1,1,620,82,11,6,719,0,0,0,719
08/11/2020,MSP,MN,AGL,CE,Towers with Radar,571,86,10,10,677,0,0,7,1,8,571,86,17,11,685,0,0,0,685
08/12/2020,MSP,MN,AGL,CE,Towers with Radar,601,82,10,7,700,0,0,2,0,2,601,82,12,7,702,0,0,0,702
08/13/2020,MSP,MN,AGL,CE,Towers with Radar,638,88,13,5,744,0,2,0,0,2,638,90,13,5,746,0,0,0,746
08/14/2020,MSP,MN,AGL,CE,Towers with Radar,626,77,9,4,716,0,0,0,0,0,626,77,9,4,716,0,0,0,716
08/15/2020,MSP,MN,AGL,CE,Towers with Radar,590,60,5,9,664,0,0,0,1,1,590,60,5,10,665,0,0,0,665
08/16/2020,MSP,MN,AGL,CE,Towers with Radar,625,50,13,3,691,0,0,3,0,3,625,50,16,3,694,0,0,0,694
08/17/2020,MSP,MN,AGL,CE,Towers with Radar,614,71,9,7,701,0,4,0,0,4,614,75,9,7,705,0,0,0,705
08/18/2020,MSP,MN,AGL,CE,Towers with Radar,551,79,9,13,652,0,0,0,2,2,551,79,9,15,654,0,0,0,654
08/19/2020,MSP,MN,AGL,CE,Towers with Radar,567,79,14,10,670,0,0,0,0,0,567,79,14,10,670,0,0,0,670
08/20/2020,MSP,MN,AGL,CE,Towers with Radar,631,80,18,6,735,0,0,2,0,2,631,80,20,6,737,0,0,0,737
08/21/2020,MSP,MN,AGL,CE,Towers with Radar,630,81,9,2,722,0,2,2,2,6,630,83,11,4,728,0,0,0,728
08/22/2020,MSP,MN,AGL,CE,Towers with Radar,577,52,13,2,644,0,0,1,0,1,577,52,14,2,645,0,0,0,645
08/23/2020,MSP,MN,AGL,CE,Towers with Radar,610,62,11,2,685,0,0,4,0,4,610,62,15,2,689,0,0,0,689
08/24/2020,MSP,MN,AGL,CE,Towers with Radar,615,78,9,0,702,0,0,0,0,0,615,78,9,0,702,0,0,0,702
08/25/2020,MSP,MN,AGL,CE,Towers with Radar,560,86,12,6,664,0,2,4,0,6,560,88,16,6,670,0,0,0,670
08/26/2020,MSP,MN,AGL,CE,Towers with Radar,566,99,25,7,697,0,4,13,0,17,566,103,38,7,714,0,0,0,714
08/27/2020,MSP,MN,AGL,CE,Towers with Radar,642,92,19,7,760,0,0,2,0,2,642,92,21,7,762,0,0,0,762
08/28/2020,MSP,MN,AGL,CE,Towers with Radar,616,86,15,2,719,0,0,0,0,0,616,86,15,2,719,0,0,0,719
08/29/2020,MSP,MN,AGL,CE,Towers with Radar,570,56,8,1,635,0,0,1,0,1,570,56,9,1,636,0,0,0,636
08/30/2020,MSP,MN,AGL,CE,Towers with Radar,574,56,14,0,644,0,0,3,0,3,574,56,17,0,647,0,0,0,647
08/31/2020,MSP,MN,AGL,CE,Towers with Radar,615,77,20,2,714,0,0,1,0,1,615,77,21,2,715,0,0,0,715
09/01/2020,MSP,MN,AGL,CE,Towers with Radar,539,89,21,14,663,0,0,2,1,3,539,89,23,15,666,0,0,0,666
09/02/2020,MSP,MN,AGL,CE,Towers with Radar,562,97,20,15,694,0,0,2,0,2,562,97,22,15,696,0,0,0,696
09/03/2020,MSP,MN,AGL,CE,Towers with Radar,642,98,13,6,759,0,0,0,0,0,642,98,13,6,759,0,0,0,759
09/04/2020,MSP,MN,AGL,CE,Towers with Radar,613,96,14,0,723,0,0,0,0,0,613,96,14,0,723,0,0,0,723
09/05/2020,MSP,MN,AGL,CE,Towers with Radar,546,56,6,3,611,0,1,2,0,3,546,57,8,3,614,0,0,0,614
09/06/2020,MSP,MN,AGL,CE,Towers with Radar,576,48,7,0,631,0,0,0,0,0,576,48,7,0,631,0,0,0,631
09/07/2020,MSP,MN,AGL,CE,Towers with Radar,596,77,8,0,681,0,4,0,0,4,596,81,8,0,685,0,0,0,685
09/08/2020,MSP,MN,AGL,CE,Towers with Radar,530,86,14,17,647,0,0,0,0,0,530,86,14,17,647,0,0,0,647
09/09/2020,MSP,MN,AGL,CE,Towers with Radar,542,83,12,18,655,0,1,1,1,3,542,84,13,19,658,0,0,0,658
09/10/2020,MSP,MN,AGL,CE,Towers with Radar,595,86,24,18,723,0,1,1,0,2,595,87,25,18,725,0,0,0,725
09/11/2020,MSP,MN,AGL,CE,Towers with Radar,577,85,22,4,688,0,0,1,2,3,577,85,23,6,691,0,0,0,691
09/12/2020,MSP,MN,AGL,CE,Towers with Radar,541,51,7,3,602,0,0,2,0,2,541,51,9,3,604,0,0,0,604
09/13/2020,MSP,MN,AGL,CE,Towers with Radar,577,50,21,8,656,0,0,2,0,2,577,50,23,8,658,0,0,0,658
09/14/2020,MSP,MN,AGL,CE,Towers with Radar,560,77,15,3,655,0,0,1,0,1,560,77,16,3,656,0,0,0,656
09/15/2020,MSP,MN,AGL,CE,Towers with Radar,514,81,12,16,623,0,0,0,0,0,514,81,12,16,623,0,0,0,623
09/16/2020,MSP,MN,AGL,CE,Towers with Radar,537,88,14,17,656,0,1,0,1,2,537,89,14,18,658,0,0,0,658
09/17/2020,MSP,MN,AGL,CE,Towers with Radar,597,86,13,12,708,0,0,2,0,2,597,86,15,12,710,0,0,0,710
09/18/2020,MSP,MN,AGL,CE,Towers with Radar,581,80,3,10,674,0,0,0,0,0,581,80,3,10,674,0,0,0,674
09/19/2020,MSP,MN,AGL,CE,Towers with Radar,536,64,9,1,610,0,0,0,0,0,536,64,9,1,610,0,0,0,610
09/20/2020,MSP,MN,AGL,CE,Towers with Radar,570,62,16,4,652,0,0,4,0,4,570,62,20,4,656,0,0,0,656
09/21/2020,MSP,MN,AGL,CE,Towers with Radar,555,77,19,9,660,0,0,2,1,3,555,77,21,10,663,0,0,0,663
09/22/2020,MSP,MN,AGL,CE,Towers with Radar,519,82,22,13,636,0,0,0,0,0,519,82,22,13,636,0,0,0,636
09/23/2020,MSP,MN,AGL,CE,Towers with Radar,554,85,25,11,675,0,0,4,0,4,554,85,29,11,679,0,0,0,679
09/24/2020,MSP,MN,AGL,CE,Towers with Radar,606,87,18,7,718,0,0,2,0,2,606,87,20,7,720,0,0,0,720
09/25/2020,MSP,MN,AGL,CE,Towers with Radar,577,82,21,4,684,0,4,1,0,5,577,86,22,4,689,0,0,0,689
09/26/2020,MSP,MN,AGL,CE,Towers with Radar,538,59,9,8,614,0,0,2,2,4,538,59,11,10,618,0,0,0,618
09/27/2020,MSP,MN,AGL,CE,Towers with Radar,570,50,9,9,638,0,0,0,1,1,570,50,9,10,639,0,0,0,639
09/28/2020,MSP,MN,AGL,CE,Towers with Radar,582,71,8,1,662,0,0,0,0,0,582,71,8,1,662,0,0,0,662
09/29/2020,MSP,MN,AGL,CE,Towers with Radar,527,86,20,9,642,0,0,0,0,0,527,86,20,9,642,0,0,0,642
09/30/2020,MSP,MN,AGL,CE,Towers with Radar,547,88,22,7,664,1,0,8,0,9,548,88,30,7,673,0,0,0,673
10/01/2020,MSP,MN,AGL,CE,Towers with Radar,623,99,14,17,753,0,2,0,0,2,623,101,14,17,755,0,0,0,755
10/02/2020,MSP,MN,AGL,CE,Towers with Radar,619,84,18,2,723,0,0,2,0,2,619,84,20,2,725,0,0,0,725
10/03/2020,MSP,MN,AGL,CE,Towers with Radar,578,54,10,1,643,0,0,0,0,0,578,54,10,1,643,0,0,0,643
10/04/2020,MSP,MN,AGL,CE,Towers with Radar,624,65,21,1,711,0,0,0,0,0,624,65,21,1,711,0,0,0,711
10/05/2020,MSP,MN,AGL,CE,Towers with Radar,597,87,10,0,694,0,0,0,0,0,597,87,10,0,694,0,0,0,694
10/06/2020,MSP,MN,AGL,CE,Towers with Radar,546,92,10,6,654,0,0,2,2,4,546,92,12,8,658,0,0,0,658
10/07/2020,MSP,MN,AGL,CE,Towers with Radar,560,88,15,17,680,0,0,0,3,3,560,88,15,20,683,0,0,0,683
10/08/2020,MSP,MN,AGL,CE,Towers with Radar,645,108,19,11,783,0,0,0,1,1,645,108,19,12,784,0,0,0,784
10/09/2020,MSP,MN,AGL,CE,Towers with Radar,623,96,17,7,743,0,2,2,0,4,623,98,19,7,747,0,0,0,747
10/10/2020,MSP,MN,AGL,CE,Towers with Radar,580,67,7,2,656,0,2,0,0,2,580,69,7,2,658,0,0,0,658
10/11/2020,MSP,MN,AGL,CE,Towers with Radar,607,58,14,4,683,0,0,2,0,2,607,58,16,4,685,0,0,0,685
10/12/2020,MSP,MN,AGL,CE,Towers with Radar,618,83,15,0,716,0,0,1,0,1,618,83,16,0,717,0,0,0,717
10/13/2020,MSP,MN,AGL,CE,Towers with Radar,543,92,11,11,657,0,0,2,0,2,543,92,13,11,659,0,0,0,659
10/14/2020,MSP,MN,AGL,CE,Towers with Radar,586,99,23,19,727,0,0,0,0,0,586,99,23,19,727,0,0,0,727
10/15/2020,MSP,MN,AGL,CE,Towers with Radar,649,104,19,17,789,0,0,1,0,1,649,104,20,17,790,0,0,0,790
10/16/2020,MSP,MN,AGL,CE,Towers with Radar,634,90,13,2,739,0,0,0,0,0,634,90,13,2,739,0,0,0,739
10/17/2020,MSP,MN,AGL,CE,Towers with Radar,587,63,12,0,662,0,2,20,0,22,587,65,32,0,684,0,0,0,684
10/18/2020,MSP,MN,AGL,CE,Towers with Radar,637,72,12,0,721,0,0,1,0,1,637,72,13,0,722,0,0,0,722
10/19/2020,MSP,MN,AGL,CE,Towers with Radar,616,79,17,2,714,0,0,0,0,0,616,79,17,2,714,0,0,0,714
10/20/2020,MSP,MN,AGL,CE,Towers with Radar,557,68,12,5,642,0,0,0,0,0,557,68,12,5,642,0,0,0,642
10/21/2020,MSP,MN,AGL,CE,Towers with Radar,550,113,21,10,694,0,0,0,0,0,550,113,21,10,694,0,0,0,694
10/22/2020,MSP,MN,AGL,CE,Towers with Radar,643,95,17,1,756,0,0,0,0,0,643,95,17,1,756,0,0,0,756
10/23/2020,MSP,MN,AGL,CE,Towers with Radar,635,111,17,10,773,0,0,2,0,2,635,111,19,10,775,0,0,0,775
10/24/2020,MSP,MN,AGL,CE,Towers with Radar,532,67,7,2,608,0,0,1,0,1,532,67,8,2,609,0,0,0,609
10/25/2020,MSP,MN,AGL,CE,Towers with Radar,569,59,10,0,638,0,0,0,0,0,569,59,10,0,638,0,0,0,638
10/26/2020,MSP,MN,AGL,CE,Towers with Radar,555,84,13,7,659,0,0,0,0,0,555,84,13,7,659,0,0,0,659
10/27/2020,MSP,MN,AGL,CE,Towers with Radar,519,94,14,11,638,0,0,0,1,1,519,94,14,12,639,0,0,0,639
10/28/2020,MSP,MN,AGL,CE,Towers with Radar,536,85,27,14,662,0,0,0,1,1,536,85,27,15,663,0,0,0,663
10/29/2020,MSP,MN,AGL,CE,Towers with Radar,582,86,24,12,704,0,0,0,1,1,582,86,24,13,705,0,0,0,705
10/30/2020,MSP,MN,AGL,CE,Towers with Radar,568,95,17,18,698,0,0,2,1,3,568,95,19,19,701,0,0,0,701
10/31/2020,MSP,MN,AGL,CE,Towers with Radar,484,53,2,3,542,0,0,0,1,1,484,53,2,4,543,0,0,0,543
11/01/2020,MSP,MN,AGL,CE,Towers with Radar,551,47,7,0,605,1,0,2,0,3,552,47,9,0,608,0,0,0,608
11/02/2020,MSP,MN,AGL,CE,Towers with Radar,538,76,15,0,629,0,0,2,0,2,538,76,17,0,631,0,0,0,631
11/03/2020,MSP,MN,AGL,CE,Towers with Radar,479,78,13,6,576,0,0,1,0,1,479,78,14,6,577,0,0,0,577
11/04/2020,MSP,MN,AGL,CE,Towers with Radar,505,87,7,10,609,0,1,2,0,3,505,88,9,10,612,0,0,0,612
11/05/2020,MSP,MN,AGL,CE,Towers with Radar,592,98,12,14,716,0,0,0,0,0,592,98,12,14,716,0,0,0,716
11/06/2020,MSP,MN,AGL,CE,Towers with Radar,578,95,10,4,687,0,0,0,0,0,578,95,10,4,687,0,0,0,687
11/07/2020,MSP,MN,AGL,CE,Towers with Radar,533,61,7,2,603,0,0,0,0,0,533,61,7,2,603,0,0,0,603
11/08/2020,MSP,MN,AGL,CE,Towers with Radar,644,62,8,2,716,0,1,0,0,1,644,63,8,2,717,0,0,0,717
11/09/2020,MSP,MN,AGL,CE,Towers with Radar,628,79,6,12,725,0,0,4,0,4,628,79,10,12,729,0,0,0,729
11/10/2020,MSP,MN,AGL,CE,Towers with Radar,529,78,16,0,623,0,0,0,0,0,529,78,16,0,623,0,0,0,623
11/11/2020,MSP,MN,AGL,CE,Towers with Radar,570,98,6,0,674,0,0,0,0,0,570,98,6,0,674,0,0,0,674
11/12/2020,MSP,MN,AGL,CE,Towers with Radar,656,101,15,2,774,0,0,0,0,0,656,101,15,2,774,0,0,0,774
11/13/2020,MSP,MN,AGL,CE,Towers with Radar,644,90,10,3,747,0,0,0,0,0,644,90,10,3,747,0,0,0,747
11/14/2020,MSP,MN,AGL,CE,Towers with Radar,588,50,4,0,642,0,0,0,0,0,588,50,4,0,642,0,0,0,642
11/15/2020,MSP,MN,AGL,CE,Towers with Radar,640,55,8,2,705,0,0,0,0,0,640,55,8,2,705,0,0,0,705
11/16/2020,MSP,MN,AGL,CE,Towers with Radar,625,72,9,1,707,0,4,2,0,6,625,76,11,1,713,0,0,0,713
11/17/2020,MSP,MN,AGL,CE,Towers with Radar,541,85,7,10,643,0,0,0,0,0,541,85,7,10,643,0,0,0,643
11/18/2020,MSP,MN,AGL,CE,Towers with Radar,568,94,8,10,680,0,0,0,0,0,568,94,8,10,680,0,0,0,680
11/19/2020,MSP,MN,AGL,CE,Towers with Radar,657,100,12,13,782,0,0,0,1,1,657,100,12,14,783,0,0,0,783
11/20/2020,MSP,MN,AGL,CE,Towers with Radar,695,96,6,10,807,0,0,0,0,0,695,96,6,10,807,0,0,0,807
11/21/2020,MSP,MN,AGL,CE,Towers with Radar,651,65,11,13,740,0,0,0,0,0,651,65,11,13,740,0,0,0,740
11/22/2020,MSP,MN,AGL,CE,Towers with Radar,682,64,8,2,756,0,0,0,0,0,682,64,8,2,756,0,0,0,756
11/23/2020,MSP,MN,AGL,CE,Towers with Radar,671,86,7,6,770,0,0,0,0,0,671,86,7,6,770,0,0,0,770
11/24/2020,MSP,MN,AGL,CE,Towers with Radar,698,103,9,1,811,0,0,0,0,0,698,103,9,1,811,0,0,0,811
11/25/2020,MSP,MN,AGL,CE,Towers with Radar,708,105,1,8,822,0,0,0,0,0,708,105,1,8,822,0,0,0,822
11/26/2020,MSP,MN,AGL,CE,Towers with Radar,382,42,0,0,424,0,0,0,0,0,382,42,0,0,424,0,0,0,424
11/27/2020,MSP,MN,AGL,CE,Towers with Radar,542,83,3,0,628,0,1,0,0,1,542,84,3,0,629,0,0,0,629
11/28/2020,MSP,MN,AGL,CE,Towers with Radar,676,66,2,0,744,0,0,0,0,0,676,66,2,0,744,0,0,0,744
11/29/2020,MSP,MN,AGL,CE,Towers with Radar,723,63,8,0,794,0,4,0,0,4,723,67,8,0,798,0,0,0,798
11/30/2020,MSP,MN,AGL,CE,Towers with Radar,699,86,2,4,791,0,0,5,0,5,699,86,7,4,796,0,0,0,796
12/01/2020,MSP,MN,AGL,CE,Towers with Radar,662,102,14,11,789,0,0,3,1,4,662,102,17,12,793,0,0,0,793
12/02/2020,MSP,MN,AGL,CE,Towers with Radar,572,106,13,13,704,0,0,0,0,0,572,106,13,13,704,0,0,0,704
12/03/2020,MSP,MN,AGL,CE,Towers with Radar,622,114,12,10,758,0,0,0,0,0,622,114,12,10,758,0,0,0,758
12/04/2020,MSP,MN,AGL,CE,Towers with Radar,599,110,2,4,715,0,0,4,1,5,599,110,6,5,720,0,0,0,720
12/05/2020,MSP,MN,AGL,CE,Towers with Radar,533,66,7,2,608,0,0,0,0,0,533,66,7,2,608,0,0,0,608
12/06/2020,MSP,MN,AGL,CE,Towers with Radar,606,70,0,2,678,0,0,0,0,0,606,70,0,2,678,0,0,0,678
12/07/2020,MSP,MN,AGL,CE,Towers with Radar,583,82,4,3,672,0,0,0,0,0,583,82,4,3,672,0,0,0,672
12/08/2020,MSP,MN,AGL,CE,Towers with Radar,534,98,9,9,650,0,0,1,0,1,534,98,10,9,651,0,0,0,651
12/09/2020,MSP,MN,AGL,CE,Towers with Radar,553,120,12,15,700,0,0,0,0,0,553,120,12,15,700,0,0,0,700
12/10/2020,MSP,MN,AGL,CE,Towers with Radar,619,113,19,12,763,0,0,1,0,1,619,113,20,12,764,0,0,0,764
12/11/2020,MSP,MN,AGL,CE,Towers with Radar,601,112,11,10,734,0,0,2,0,2,601,112,13,10,736,0,0,0,736
12/12/2020,MSP,MN,AGL,CE,Towers with Radar,538,69,6,2,615,0,0,0,0,0,538,69,6,2,615,0,0,0,615
12/13/2020,MSP,MN,AGL,CE,Towers with Radar,592,80,11,4,687,0,0,0,0,0,592,80,11,4,687,0,0,0,687
12/14/2020,MSP,MN,AGL,CE,Towers with Radar,585,89,22,9,705,1,0,0,1,2,586,89,22,10,707,0,0,0,707
12/15/2020,MSP,MN,AGL,CE,Towers with Radar,535,117,20,15,687,0,0,4,2,6,535,117,24,17,693,0,0,0,693
12/16/2020,MSP,MN,AGL,CE,Towers with Radar,557,110,15,11,693,0,0,1,1,2,557,110,16,12,695,0,0,0,695
12/17/2020,MSP,MN,AGL,CE,Towers with Radar,654,115,12,10,791,0,0,0,0,0,654,115,12,10,791,0,0,0,791
12/18/2020,MSP,MN,AGL,CE,Towers with Radar,666,149,9,1,825,0,0,0,0,0,666,149,9,1,825,0,0,0,825
12/19/2020,MSP,MN,AGL,CE,Towers with Radar,675,108,11,0,794,0,0,2,0,2,675,108,13,0,796,0,0,0,796
12/20/2020,MSP,MN,AGL,CE,Towers with Radar,677,104,12,0,793,0,0,0,0,0,677,104,12,0,793,0,0,0,793
12/21/2020,MSP,MN,AGL,CE,Towers with Radar,654,126,6,2,788,0,0,0,0,0,654,126,6,2,788,0,0,0,788
12/22/2020,MSP,MN,AGL,CE,Towers with Radar,664,149,17,20,850,0,0,2,0,2,664,149,19,20,852,0,0,0,852
12/23/2020,MSP,MN,AGL,CE,Towers with Radar,380,70,6,0,456,0,0,0,0,0,380,70,6,0,456,0,0,0,456
12/24/2020,MSP,MN,AGL,CE,Towers with Radar,437,114,9,0,560,0,0,0,0,0,437,114,9,0,560,0,0,0,560
12/25/2020,MSP,MN,AGL,CE,Towers with Radar,380,62,1,0,443,0,0,0,0,0,380,62,1,0,443,0,0,0,443
12/26/2020,MSP,MN,AGL,CE,Towers with Radar,634,135,20,0,789,0,0,0,0,0,634,135,20,0,789,0,0,0,789
12/27/2020,MSP,MN,AGL,CE,Towers with Radar,672,107,12,0,791,0,0,0,0,0,672,107,12,0,791,0,0,0,791
12/28/2020,MSP,MN,AGL,CE,Towers with Radar,647,129,8,0,784,0,0,2,0,2,647,129,10,0,786,0,0,0,786
12/29/2020,MSP,MN,AGL,CE,Towers with Radar,648,134,4,4,790,0,0,2,0,2,648,134,6,4,792,0,0,0,792
12/30/2020,MSP,MN,AGL,CE,Towers with Radar,678,150,13,7,848,0,0,0,4,4,678,150,13,11,852,0,0,0,852
12/31/2020,MSP,MN,AGL,CE,Towers with Radar,436,112,6,0,554,0,0,0,0,0,436,112,6,0,554,0,0,0,554
01/01/2021,MSP,MN,AGL,CE,Towers with Radar,464,63,5,0,532,0,0,0,0,0,464,63,5,0,532,0,0,0,532
01/02/2021,MSP,MN,AGL,CE,Towers with Radar,665,135,14,0,814,0,0,0,0,0,665,135,14,0,814,0,0,0,814
01/03/2021,MSP,MN,AGL,CE,Towers with Radar,673,111,7,0,791,0,0,0,0,0,673,111,7,0,791,0,0,0,791
01/04/2021,MSP,MN,AGL,CE,Towers with Radar,651,129,16,4,800,0,0,2,0,2,651,129,18,4,802,0,0,0,802
01/05/2021,MSP,MN,AGL,CE,Towers with Radar,528,120,9,15,672,0,0,3,0,3,528,120,12,15,675,0,0,0,675
01/06/2021,MSP,MN,AGL,CE,Towers with Radar,536,114,9,16,675,0,0,0,0,0,536,114,9,16,675,0,0,0,675
01/07/2021,MSP,MN,AGL,CE,Towers with Radar,596,122,8,6,732,0,0,0,0,0,596,122,8,6,732,0,0,0,732
01/08/2021,MSP,MN,AGL,CE,Towers with Radar,578,120,9,6,713,0,0,0,0,0,578,120,9,6,713,0,0,0,713
01/09/2021,MSP,MN,AGL,CE,Towers with Radar,482,79,6,0,567,0,0,0,0,0,482,79,6,0,567,0,0,0,567
01/10/2021,MSP,MN,AGL,CE,Towers with Radar,572,84,5,0,661,0,0,0,0,0,572,84,5,0,661,0,0,0,661
01/11/2021,MSP,MN,AGL,CE,Towers with Radar,553,108,14,7,682,0,0,2,0,2,553,108,16,7,684,0,0,0,684
01/12/2021,MSP,MN,AGL,CE,Towers with Radar,509,102,5,9,625,0,0,0,0,0,509,102,5,9,625,0,0,0,625
01/13/2021,MSP,MN,AGL,CE,Towers with Radar,520,113,12,13,658,0,0,0,0,0,520,113,12,13,658,0,0,0,658
01/14/2021,MSP,MN,AGL,CE,Towers with Radar,599,125,19,4,747,0,0,0,0,0,599,125,19,4,747,0,0,0,747
01/15/2021,MSP,MN,AGL,CE,Towers with Radar,598,121,10,0,729,0,0,0,0,0,598,121,10,0,729,0,0,0,729
01/16/2021,MSP,MN,AGL,CE,Towers with Radar,489,77,6,12,584,0,0,1,0,1,489,77,7,12,585,0,0,0,585
01/17/2021,MSP,MN,AGL,CE,Towers with Radar,493,74,3,21,591,0,0,1,0,1,493,74,4,21,592,0,0,0,592
01/18/2021,MSP,MN,AGL,CE,Towers with Radar,544,112,15,16,687,0,0,0,0,0,544,112,15,16,687,0,0,0,687
01/19/2021,MSP,MN,AGL,CE,Towers with Radar,512,110,17,3,642,0,0,0,0,0,512,110,17,3,642,0,0,0,642
01/20/2021,MSP,MN,AGL,CE,Towers with Radar,533,114,8,14,669,0,0,0,0,0,533,114,8,14,669,0,0,0,669
01/21/2021,MSP,MN,AGL,CE,Towers with Radar,596,115,29,6,746,0,0,1,0,1,596,115,30,6,747,0,0,0,747
01/22/2021,MSP,MN,AGL,CE,Towers with Radar,592,118,12,7,729,0,2,6,0,8,592,120,18,7,737,0,0,0,737
01/23/2021,MSP,MN,AGL,CE,Towers with Radar,477,74,3,12,566,0,0,0,0,0,477,74,3,12,566,0,0,0,566
01/24/2021,MSP,MN,AGL,CE,Towers with Radar,587,88,6,18,699,0,0,2,0,2,587,88,8,18,701,0,0,0,701
01/25/2021,MSP,MN,AGL,CE,Towers with Radar,537,118,17,3,675,0,0,0,1,1,537,118,17,4,676,0,0,0,676
01/26/2021,MSP,MN,AGL,CE,Towers with Radar,512,116,9,15,652,0,0,10,1,11,512,116,19,16,663,0,0,0,663
01/27/2021,MSP,MN,AGL,CE,Towers with Radar,523,116,8,10,657,0,0,10,0,10,523,116,18,10,667,0,0,0,667
01/28/2021,MSP,MN,AGL,CE,Towers with Radar,600,125,16,7,748,0,0,0,0,0,600,125,16,7,748,0,0,0,748
01/29/2021,MSP,MN,AGL,CE,Towers with Radar,582,122,8,2,714,0,0,0,0,0,582,122,8,2,714,0,0,0,714
01/30/2021,MSP,MN,AGL,CE,Towers with Radar,484,71,3,0,558,0,2,0,0,2,484,73,3,0,560,0,0,0,560
01/31/2021,MSP,MN,AGL,CE,Towers with Radar,577,86,5,1,669,0,0,0,0,0,577,86,5,1,669,0,0,0,669
02/01/2021,MSP,MN,AGL,CE,Towers with Radar,539,102,5,7,653,0,0,2,0,2,539,102,7,7,655,0,0,0,655
02/02/2021,MSP,MN,AGL,CE,Towers with Radar,509,109,3,12,633,0,0,0,0,0,509,109,3,12,633,0,0,0,633
02/03/2021,MSP,MN,AGL,CE,Towers with Radar,548,116,14,12,690,0,0,0,0,0,548,116,14,12,690,0,0,0,690
02/04/2021,MSP,MN,AGL,CE,Towers with Radar,610,108,12,10,740,0,0,0,0,0,610,108,12,10,740,0,0,0,740
02/05/2021,MSP,MN,AGL,CE,Towers with Radar,591,133,15,7,746,0,0,1,0,1,591,133,16,7,747,0,0,0,747
02/06/2021,MSP,MN,AGL,CE,Towers with Radar,486,75,13,2,576,0,0,0,0,0,486,75,13,2,576,0,0,0,576
02/07/2021,MSP,MN,AGL,CE,Towers with Radar,503,64,9,1,577,0,0,0,0,0,503,64,9,1,577,0,0,0,577
02/08/2021,MSP,MN,AGL,CE,Towers with Radar,562,106,13,9,690,0,1,2,0,3,562,107,15,9,693,0,0,0,693
02/09/2021,MSP,MN,AGL,CE,Towers with Radar,522,112,17,7,658,0,0,8,2,10,522,112,25,9,668,0,0,0,668
02/10/2021,MSP,MN,AGL,CE,Towers with Radar,568,106,18,9,701,0,1,2,0,3,568,107,20,9,704,0,0,0,704
02/11/2021,MSP,MN,AGL,CE,Towers with Radar,610,120,19,10,759,0,2,1,0,3,610,122,20,10,762,0,0,0,762
02/12/2021,MSP,MN,AGL,CE,Towers with Radar,600,133,17,1,751,0,0,1,0,1,600,133,18,1,752,0,0,0,752
02/13/2021,MSP,MN,AGL,CE,Towers with Radar,506,87,11,0,604,0,0,0,0,0,506,87,11,0,604,0,0,0,604
02/14/2021,MSP,MN,AGL,CE,Towers with Radar,488,71,8,1,568,0,0,0,0,0,488,71,8,1,568,0,0,0,568
02/15/2021,MSP,MN,AGL,CE,Towers with Radar,527,106,14,1,648,0,2,0,0,2,527,108,14,1,650,0,0,0,650
02/16/2021,MSP,MN,AGL,CE,Towers with Radar,487,112,14,6,619,0,2,3,0,5,487,114,17,6,624,0,0,0,624
02/17/2021,MSP,MN,AGL,CE,Towers with Radar,517,121,14,7,659,0,0,0,0,0,517,121,14,7,659,0,0,0,659
02/18/2021,MSP,MN,AGL,CE,Towers with Radar,570,122,8,16,716,0,0,0,0,0,570,122,8,16,716,0,0,0,716
02/19/2021,MSP,MN,AGL,CE,Towers with Radar,593,119,20,5,737,0,0,2,0,2,593,119,22,5,739,0,0,0,739
02/20/2021,MSP,MN,AGL,CE,Towers with Radar,516,76,4,3,599,0,2,0,0,2,516,78,4,3,601,0,0,0,601
02/21/2021,MSP,MN,AGL,CE,Towers with Radar,608,99,13,4,724,0,0,0,0,0,608,99,13,4,724,0,0,0,724
02/22/2021,MSP,MN,AGL,CE,Towers with Radar,587,111,21,4,723,0,0,1,0,1,587,111,22,4,724,0,0,0,724
02/23/2021,MSP,MN,AGL,CE,Towers with Radar,526,112,13,6,657,0,0,0,0,0,526,112,13,6,657,0,0,0,657
02/24/2021,MSP,MN,AGL,CE,Towers with Radar,558,124,18,7,707,0,0,0,0,0,558,124,18,7,707,0,0,0,707
02/25/2021,MSP,MN,AGL,CE,Towers with Radar,625,115,21,5,766,0,0,0,0,0,625,115,21,5,766,0,0,0,766
02/26/2021,MSP,MN,AGL,CE,Towers with Radar,625,132,17,0,774,0,0,0,0,0,625,132,17,0,774,0,0,0,774
02/27/2021,MSP,MN,AGL,CE,Towers with Radar,514,82,10,4,610,0,2,1,0,3,514,84,11,4,613,0,0,0,613
02/28/2021,MSP,MN,AGL,CE,Towers with Radar,612,93,11,1,717,0,0,0,0,0,612,93,11,1,717,0,0,0,717
03/01/2021,MSP,MN,AGL,CE,Towers with Radar,599,98,11,0,708,0,0,0,0,0,599,98,11,0,708,0,0,0,708
03/02/2021,MSP,MN,AGL,CE,Towers with Radar,566,118,11,15,710,0,0,1,0,1,566,118,12,15,711,0,0,0,711
03/03/2021,MSP,MN,AGL,CE,Towers with Radar,582,134,14,13,743,0,0,0,0,0,582,134,14,13,743,0,0,0,743
03/04/2021,MSP,MN,AGL,CE,Towers with Radar,650,136,24,13,823,0,0,1,0,1,650,136,25,13,824,0,0,0,824
03/05/2021,MSP,MN,AGL,CE,Towers with Radar,647,130,10,5,792,0,0,1,1,2,647,130,11,6,794,0,0,0,794
03/06/2021,MSP,MN,AGL,CE,Towers with Radar,540,91,7,2,640,0,0,0,0,0,540,91,7,2,640,0,0,0,640
03/07/2021,MSP,MN,AGL,CE,Towers with Radar,638,103,10,3,754,0,0,0,0,0,638,103,10,3,754,0,0,0,754
03/08/2021,MSP,MN,AGL,CE,Towers with Radar,632,127,8,7,774,0,0,2,0,2,632,127,10,7,776,0,0,0,776
03/09/2021,MSP,MN,AGL,CE,Towers with Radar,586,126,12,15,739,0,0,0,0,0,586,126,12,15,739,0,0,0,739
03/10/2021,MSP,MN,AGL,CE,Towers with Radar,614,126,7,6,753,0,0,0,0,0,614,126,7,6,753,0,0,0,753
03/11/2021,MSP,MN,AGL,CE,Towers with Radar,677,138,11,14,840,0,0,2,0,2,677,138,13,14,842,0,0,0,842
03/12/2021,MSP,MN,AGL,CE,Towers with Radar,677,135,22,2,836,0,0,2,0,2,677,135,24,2,838,0,0,0,838
03/13/2021,MSP,MN,AGL,CE,Towers with Radar,574,88,3,0,665,0,0,0,0,0,574,88,3,0,665,0,0,0,665
03/14/2021,MSP,MN,AGL,CE,Towers with Radar,631,96,10,1,738,0,2,0,0,2,631,98,10,1,740,0,0,0,740
03/15/2021,MSP,MN,AGL,CE,Towers with Radar,639,118,10,1,768,0,0,0,0,0,639,118,10,1,768,0,0,0,768
03/16/2021,MSP,MN,AGL,CE,Towers with Radar,599,121,14,9,743,0,0,0,0,0,599,121,14,9,743,0,0,0,743
03/17/2021,MSP,MN,AGL,CE,Towers with Radar,628,129,20,11,788,0,0,3,0,3,628,129,23,11,791,0,0,0,791
03/18/2021,MSP,MN,AGL,CE,Towers with Radar,689,133,26,12,860,0,2,2,0,4,689,135,28,12,864,0,0,0,864
03/19/2021,MSP,MN,AGL,CE,Towers with Radar,672,135,12,15,834,0,0,3,0,3,672,135,15,15,837,0,0,0,837
03/20/2021,MSP,MN,AGL,CE,Towers with Radar,583,88,7,2,680,0,0,0,0,0,583,88,7,2,680,0,0,0,680
03/21/2021,MSP,MN,AGL,CE,Towers with Radar,682,118,10,2,812,0,0,0,0,0,682,118,10,2,812,0,0,0,812
03/22/2021,MSP,MN,AGL,CE,Towers with Radar,651,120,5,2,778,0,2,1,0,3,651,122,6,2,781,0,0,0,781
03/23/2021,MSP,MN,AGL,CE,Towers with Radar,600,115,6,9,730,0,2,0,0,2,600,117,6,9,732,0,0,0,732
03/24/2021,MSP,MN,AGL,CE,Towers with Radar,623,129,12,15,779,0,0,0,0,0,623,129,12,15,779,0,0,0,779
03/25/2021,MSP,MN,AGL,CE,Towers with Radar,694,129,9,9,841,0,0,0,1,1,694,129,9,10,842,0,0,0,842
03/26/2021,MSP,MN,AGL,CE,Towers with Radar,691,126,16,6,839,0,0,2,0,2,691,126,18,6,841,0,0,0,841
03/27/2021,MSP,MN,AGL,CE,Towers with Radar,595,90,10,0,695,0,0,0,0,0,595,90,10,0,695,0,0,0,695
03/28/2021,MSP,MN,AGL,CE,Towers with Radar,684,100,2,1,787,0,0,0,0,0,684,100,2,1,787,0,0,0,787
03/29/2021,MSP,MN,AGL,CE,Towers with Radar,683,107,8,3,801,0,0,2,0,2,683,107,10,3,803,0,0,0,803
03/30/2021,MSP,MN,AGL,CE,Towers with Radar,617,129,2,15,763,0,0,0,0,0,617,129,2,15,763,0,0,0,763
03/31/2021,MSP,MN,AGL,CE,Towers with Radar,626,135,12,18,791,0,0,2,2,4,626,135,14,20,795,0,0,0,795
04/01/2021,MSP,MN,AGL,CE,Towers with Radar,696,137,10,12,855,0,0,1,0,1,696,137,11,12,856,0,0,0,856
04/02/2021,MSP,MN,AGL,CE,Towers with Radar,710,141,13,3,867,0,0,0,0,0,710,141,13,3,867,0,0,0,867
04/03/2021,MSP,MN,AGL,CE,Towers with Radar,601,96,8,1,706,0,2,1,0,3,601,98,9,1,709,0,0,0,709
04/04/2021,MSP,MN,AGL,CE,Towers with Radar,703,109,7,1,820,0,0,0,0,0,703,109,7,1,820,0,0,0,820
04/05/2021,MSP,MN,AGL,CE,Towers with Radar,678,126,22,4,830,0,0,2,0,2,678,126,24,4,832,0,0,0,832
04/06/2021,MSP,MN,AGL,CE,Towers with Radar,630,123,14,6,773,0,0,3,3,6,630,123,17,9,779,0,0,0,779
04/07/2021,MSP,MN,AGL,CE,Towers with Radar,628,144,11,9,792,0,0,0,2,2,628,144,11,11,794,0,0,0,794
04/08/2021,MSP,MN,AGL,CE,Towers with Radar,706,128,8,17,859,0,0,0,0,0,706,128,8,17,859,0,0,0,859
04/09/2021,MSP,MN,AGL,CE,Towers with Radar,695,135,16,6,852,0,0,0,0,0,695,135,16,6,852,0,0,0,852
04/10/2021,MSP,MN,AGL,CE,Towers with Radar,591,81,4,2,678,0,0,0,0,0,591,81,4,2,678,0,0,0,678
04/11/2021,MSP,MN,AGL,CE,Towers with Radar,657,108,7,2,774,0,0,0,0,0,657,108,7,2,774,0,0,0,774
04/12/2021,MSP,MN,AGL,CE,Towers with Radar,655,121,26,12,814,0,0,0,0,0,655,121,26,12,814,0,0,0,814
04/13/2021,MSP,MN,AGL,CE,Towers with Radar,577,140,12,5,734,0,0,2,0,2,577,140,14,5,736,0,0,0,736
04/14/2021,MSP,MN,AGL,CE,Towers with Radar,596,144,10,13,763,0,0,0,0,0,596,144,10,13,763,0,0,0,763
04/15/2021,MSP,MN,AGL,CE,Towers with Radar,685,130,24,16,855,0,0,4,0,4,685,130,28,16,859,0,0,0,859
04/16/2021,MSP,MN,AGL,CE,Towers with Radar,656,132,9,7,804,0,0,0,0,0,656,132,9,7,804,0,0,0,804
04/17/2021,MSP,MN,AGL,CE,Towers with Radar,565,90,7,2,664,0,2,0,0,2,565,92,7,2,666,0,0,0,666
04/18/2021,MSP,MN,AGL,CE,Towers with Radar,658,114,10,2,784,0,0,1,0,1,658,114,11,2,785,0,0,0,785
04/19/2021,MSP,MN,AGL,CE,Towers with Radar,634,114,18,20,786,0,0,0,0,0,634,114,18,20,786,0,0,0,786
04/20/2021,MSP,MN,AGL,CE,Towers with Radar,583,119,17,4,723,0,0,7,1,8,583,119,24,5,731,0,0,0,731
04/21/2021,MSP,MN,AGL,CE,Towers with Radar,601,131,13,10,755,0,2,3,0,5,601,133,16,10,760,0,0,0,760
04/22/2021,MSP,MN,AGL,CE,Towers with Radar,669,125,18,2,814,0,1,3,0,4,669,126,21,2,818,0,0,0,818
04/23/2021,MSP,MN,AGL,CE,Towers with Radar,651,139,15,18,823,0,0,25,0,25,651,139,40,18,848,0,0,0,848
04/24/2021,MSP,MN,AGL,CE,Towers with Radar,552,86,8,1,647,0,0,1,0,1,552,86,9,1,648,0,0,0,648
04/25/2021,MSP,MN,AGL,CE,Towers with Radar,660,110,8,1,779,0,0,0,0,0,660,110,8,1,779,0,0,0,779
04/26/2021,MSP,MN,AGL,CE,Towers with Radar,637,117,6,3,763,0,0,0,0,0,637,117,6,3,763,0,0,0,763
04/27/2021,MSP,MN,AGL,CE,Towers with Radar,580,134,15,8,737,0,0,0,0,0,580,134,15,8,737,0,0,0,737
04/28/2021,MSP,MN,AGL,CE,Towers with Radar,597,132,23,10,762,0,0,2,2,4,597,132,25,12,766,0,0,0,766
04/29/2021,MSP,MN,AGL,CE,Towers with Radar,663,137,27,15,842,0,1,4,2,7,663,138,31,17,849,0,0,0,849
04/30/2021,MSP,MN,AGL,CE,Towers with Radar,649,129,21,0,799,0,2,0,0,2,649,131,21,0,801,0,0,0,801
05/01/2021,MSP,MN,AGL,CE,Towers with Radar,546,82,8,3,639,0,0,3,0,3,546,82,11,3,642,0,0,0,642
05/02/2021,MSP,MN,AGL,CE,Towers with Radar,655,108,13,0,776,0,0,1,0,1,655,108,14,0,777,0,0,0,777
05/03/2021,MSP,MN,AGL,CE,Towers with Radar,616,112,9,7,744,0,1,0,0,1,616,113,9,7,745,0,0,0,745
05/04/2021,MSP,MN,AGL,CE,Towers with Radar,586,114,18,15,733,0,0,2,2,4,586,114,20,17,737,0,0,0,737
05/05/2021,MSP,MN,AGL,CE,Towers with Radar,616,134,28,11,789,0,0,0,1,1,616,134,28,12,790,0,0,0,790
05/06/2021,MSP,MN,AGL,CE,Towers with Radar,686,140,25,10,861,0,0,1,0,1,686,140,26,10,862,0,0,0,862
05/07/2021,MSP,MN,AGL,CE,Towers with Radar,663,143,14,3,823,0,4,0,0,4,663,147,14,3,827,0,0,0,827
05/08/2021,MSP,MN,AGL,CE,Towers with Radar,553,101,13,1,668,0,0,2,0,2,553,101,15,1,670,0,0,0,670
05/09/2021,MSP,MN,AGL,CE,Towers with Radar,661,110,15,0,786,0,0,0,0,0,661,110,15,0,786,0,0,0,786
05/10/2021,MSP,MN,AGL,CE,Towers with Radar,649,127,20,5,801,0,0,0,0,0,649,127,20,5,801,0,0,0,801
05/11/2021,MSP,MN,AGL,CE,Towers with Radar,616,134,19,13,782,0,2,1,1,4,616,136,20,14,786,0,0,0,786
05/12/2021,MSP,MN,AGL,CE,Towers with Radar,635,142,26,12,815,0,0,0,3,3,635,142,26,15,818,0,0,0,818
05/13/2021,MSP,MN,AGL,CE,Towers with Radar,701,140,20,10,871,0,0,1,1,2,701,140,21,11,873,0,0,0,873
05/14/2021,MSP,MN,AGL,CE,Towers with Radar,674,129,17,3,823,0,1,0,0,1,674,130,17,3,824,0,0,0,824
05/15/2021,MSP,MN,AGL,CE,Towers with Radar,576,99,7,0,682,0,0,1,0,1,576,99,8,0,683,0,0,0,683
05/16/2021,MSP,MN,AGL,CE,Towers with Radar,673,109,6,0,788,0,0,0,0,0,673,109,6,0,788,0,0,0,788
05/17/2021,MSP,MN,AGL,CE,Towers with Radar,662,120,20,9,811,0,0,19,0,19,662,120,39,9,830,0,0,0,830
05/18/2021,MSP,MN,AGL,CE,Towers with Radar,607,137,19,17,780,0,0,1,0,1,607,137,20,17,781,0,0,0,781
05/19/2021,MSP,MN,AGL,CE,Towers with Radar,639,152,20,17,828,0,0,2,0,2,639,152,22,17,830,0,0,0,830
05/20/2021,MSP,MN,AGL,CE,Towers with Radar,698,140,19,10,867,0,0,0,0,0,698,140,19,10,867,0,0,0,867
05/21/2021,MSP,MN,AGL,CE,Towers with Radar,689,139,17,9,854,0,0,0,0,0,689,139,17,9,854,0,0,0,854
05/22/2021,MSP,MN,AGL,CE,Towers with Radar,576,96,11,5,688,0,0,6,3,9,576,96,17,8,697,0,0,0,697
05/23/2021,MSP,MN,AGL,CE,Towers with Radar,678,107,9,8,802,0,0,0,0,0,678,107,9,8,802,0,0,0,802
05/24/2021,MSP,MN,AGL,CE,Towers with Radar,681,124,21,2,828,0,0,0,1,1,681,124,21,3,829,0,0,0,829
05/25/2021,MSP,MN,AGL,CE,Towers with Radar,619,132,17,12,780,0,0,2,0,2,619,132,19,12,782,0,0,0,782
05/26/2021,MSP,MN,AGL,CE,Towers with Radar,640,146,23,9,818,0,0,1,0,1,640,146,24,9,819,0,0,0,819
05/27/2021,MSP,MN,AGL,CE,Towers with Radar,693,152,15,9,869,0,0,0,0,0,693,152,15,9,869,0,0,0,869
05/28/2021,MSP,MN,AGL,CE,Towers with Radar,692,133,14,1,840,0,2,12,0,14,692,135,26,1,854,0,0,0,854
05/29/2021,MSP,MN,AGL,CE,Towers with Radar,583,96,10,4,693,0,0,0,0,0,583,96,10,4,693,0,0,0,693
05/30/2021,MSP,MN,AGL,CE,Towers with Radar,597,94,8,0,699,0,0,0,0,0,597,94,8,0,699,0,0,0,699
05/31/2021,MSP,MN,AGL,CE,Towers with Radar,670,116,10,1,797,0,0,0,0,0,670,116,10,1,797,0,0,0,797
06/01/2021,MSP,MN,AGL,CE,Towers with Radar,629,132,24,5,790,0,0,1,0,1,629,132,25,5,791,0,0,0,791
06/02/2021,MSP,MN,AGL,CE,Towers with Radar,648,146,20,12,826,0,0,7,1,8,648,146,27,13,834,0,0,0,834
06/03/2021,MSP,MN,AGL,CE,Towers with Radar,690,148,29,10,877,0,0,3,0,3,690,148,32,10,880,0,0,0,880
06/04/2021,MSP,MN,AGL,CE,Towers with Radar,698,151,26,11,886,0,0,0,1,1,698,151,26,12,887,0,0,0,887
06/05/2021,MSP,MN,AGL,CE,Towers with Radar,663,133,5,4,805,0,0,0,0,0,663,133,5,4,805,0,0,0,805
06/06/2021,MSP,MN,AGL,CE,Towers with Radar,751,134,11,4,900,0,0,2,0,2,751,134,13,4,902,0,0,0,902
06/07/2021,MSP,MN,AGL,CE,Towers with Radar,744,155,23,0,922,0,2,1,0,3,744,157,24,0,925,0,0,0,925
06/08/2021,MSP,MN,AGL,CE,Towers with Radar,695,175,23,10,903,0,2,2,0,4,695,177,25,10,907,0,0,0,907
06/09/2021,MSP,MN,AGL,CE,Towers with Radar,730,175,21,12,938,0,0,3,1,4,730,175,24,13,942,0,0,0,942
06/10/2021,MSP,MN,AGL,CE,Towers with Radar,772,170,31,10,983,0,0,1,0,1,772,170,32,10,984,0,0,0,984
06/11/2021,MSP,MN,AGL,CE,Towers with Radar,780,174,17,2,973,0,0,7,0,7,780,174,24,2,980,0,0,0,980
06/12/2021,MSP,MN,AGL,CE,Towers with Radar,682,147,7,1,837,0,1,7,0,8,682,148,14,1,845,0,0,0,845
06/13/2021,MSP,MN,AGL,CE,Towers with Radar,765,128,9,3,905,0,0,0,0,0,765,128,9,3,905,0,0,0,905
06/14/2021,MSP,MN,AGL,CE,Towers with Radar,740,149,21,8,918,0,3,0,0,3,740,152,21,8,921,0,0,0,921
06/15/2021,MSP,MN,AGL,CE,Towers with Radar,709,172,26,15,922,0,2,0,0,2,709,174,26,15,924,0,0,0,924
06/16/2021,MSP,MN,AGL,CE,Towers with Radar,738,169,23,13,943,0,0,14,1,15,738,169,37,14,958,0,0,0,958
06/17/2021,MSP,MN,AGL,CE,Towers with Radar,776,168,21,14,979,0,0,0,0,0,776,168,21,14,979,0,0,0,979
06/18/2021,MSP,MN,AGL,CE,Towers with Radar,767,176,19,1,963,0,0,1,0,1,767,176,20,1,964,0,0,0,964
06/19/2021,MSP,MN,AGL,CE,Towers with Radar,688,152,11,0,851,0,2,1,0,3,688,154,12,0,854,0,0,0,854
06/20/2021,MSP,MN,AGL,CE,Towers with Radar,761,146,8,1,916,0,0,0,0,0,761,146,8,1,916,0,0,0,916
06/21/2021,MSP,MN,AGL,CE,Towers with Radar,742,155,33,1,931,0,0,0,0,0,742,155,33,1,931,0,0,0,931
06/22/2021,MSP,MN,AGL,CE,Towers with Radar,703,173,22,7,905,0,2,0,0,2,703,175,22,7,907,0,0,0,907
06/23/2021,MSP,MN,AGL,CE,Towers with Radar,724,182,48,5,959,0,3,2,1,6,724,185,50,6,965,0,0,0,965
06/24/2021,MSP,MN,AGL,CE,Towers with Radar,778,176,28,9,991,0,0,1,3,4,778,176,29,12,995,0,0,0,995
06/25/2021,MSP,MN,AGL,CE,Towers with Radar,762,169,21,7,959,0,0,1,1,2,762,169,22,8,961,0,0,0,961
06/26/2021,MSP,MN,AGL,CE,Towers with Radar,690,146,10,5,851,0,0,0,0,0,690,146,10,5,851,0,0,0,851
06/27/2021,MSP,MN,AGL,CE,Towers with Radar,783,141,10,1,935,0,0,0,0,0,783,141,10,1,935,0,0,0,935
06/28/2021,MSP,MN,AGL,CE,Towers with Radar,754,150,23,8,935,0,0,0,0,0,754,150,23,8,935,0,0,0,935
06/29/2021,MSP,MN,AGL,CE,Towers with Radar,708,171,13,15,907,0,0,8,0,8,708,171,21,15,915,0,0,0,915
06/30/2021,MSP,MN,AGL,CE,Towers with Radar,729,181,21,16,947,0,0,4,2,6,729,181,25,18,953,0,0,0,953
07/01/2021,MSP,MN,AGL,CE,Towers with Radar,760,169,11,9,949,0,0,3,1,4,760,169,14,10,953,0,0,0,953
07/02/2021,MSP,MN,AGL,CE,Towers with Radar,780,162,16,1,959,0,0,2,0,2,780,162,18,1,961,0,0,0,961
07/03/2021,MSP,MN,AGL,CE,Towers with Radar,683,147,9,0,839,0,0,0,0,0,683,147,9,0,839,0,0,0,839
07/04/2021,MSP,MN,AGL,CE,Towers with Radar,690,130,5,0,825,0,0,0,2,2,690,130,5,2,827,0,0,0,827
07/05/2021,MSP,MN,AGL,CE,Towers with Radar,732,145,12,0,889,0,0,0,0,0,732,145,12,0,889,0,0,0,889
07/06/2021,MSP,MN,AGL,CE,Towers with Radar,718,187,18,5,928,0,0,0,0,0,718,187,18,5,928,0,0,0,928
07/07/2021,MSP,MN,AGL,CE,Towers with Radar,726,173,30,7,936,0,0,0,0,0,726,173,30,7,936,0,0,0,936
07/08/2021,MSP,MN,AGL,CE,Towers with Radar,778,171,23,7,979,0,0,1,0,1,778,171,24,7,980,0,0,0,980
07/09/2021,MSP,MN,AGL,CE,Towers with Radar,788,160,17,3,968,0,0,0,0,0,788,160,17,3,968,0,0,0,968
07/10/2021,MSP,MN,AGL,CE,Towers with Radar,727,140,17,0,884,0,0,1,0,1,727,140,18,0,885,0,0,0,885
07/11/2021,MSP,MN,AGL,CE,Towers with Radar,779,139,31,3,952,0,0,0,0,0,779,139,31,3,952,0,0,0,952
07/12/2021,MSP,MN,AGL,CE,Towers with Radar,738,163,24,10,935,0,0,0,0,0,738,163,24,10,935,0,0,0,935
07/13/2021,MSP,MN,AGL,CE,Towers with Radar,708,172,41,12,933,0,0,8,0,8,708,172,49,12,941,0,0,0,941
07/14/2021,MSP,MN,AGL,CE,Towers with Radar,729,171,37,11,948,0,0,0,0,0,729,171,37,11,948,0,0,0,948
07/15/2021,MSP,MN,AGL,CE,Towers with Radar,793,176,23,11,1003,0,2,2,0,4,793,178,25,11,1007,0,0,0,1007
07/16/2021,MSP,MN,AGL,CE,Towers with Radar,780,176,31,7,994,0,0,1,1,2,780,176,32,8,996,0,0,0,996
07/17/2021,MSP,MN,AGL,CE,Towers with Radar,704,140,10,3,857,0,2,4,1,7,704,142,14,4,864,0,0,0,864
07/18/2021,MSP,MN,AGL,CE,Towers with Radar,799,140,20,2,961,0,0,1,0,1,799,140,21,2,962,0,0,0,962
07/19/2021,MSP,MN,AGL,CE,Towers with Radar,759,153,29,10,951,0,0,1,0,1,759,153,30,10,952,0,0,0,952
07/20/2021,MSP,MN,AGL,CE,Towers with Radar,714,174,27,13,928,0,0,1,0,1,714,174,28,13,929,0,0,0,929
07/21/2021,MSP,MN,AGL,CE,Towers with Radar,737,177,29,12,955,0,1,0,0,1,737,178,29,12,956,0,0,0,956
07/22/2021,MSP,MN,AGL,CE,Towers with Radar,808,180,20,5,1013,0,0,1,0,1,808,180,21,5,1014,0,0,0,1014
07/23/2021,MSP,MN,AGL,CE,Towers with Radar,800,170,21,5,996,0,0,3,0,3,800,170,24,5,999,0,0,0,999
07/24/2021,MSP,MN,AGL,CE,Towers with Radar,725,137,13,3,878,0,2,0,3,5,725,139,13,6,883,0,0,0,883
07/25/2021,MSP,MN,AGL,CE,Towers with Radar,797,154,17,5,973,0,0,3,1,4,797,154,20,6,977,0,0,0,977
07/26/2021,MSP,MN,AGL,CE,Towers with Radar,760,173,35,3,971,0,0,1,0,1,760,173,36,3,972,0,0,0,972
07/27/2021,MSP,MN,AGL,CE,Towers with Radar,707,176,26,16,925,0,0,0,0,0,707,176,26,16,925,0,0,0,925
07/28/2021,MSP,MN,AGL,CE,Towers with Radar,755,165,23,13,956,0,1,0,0,1,755,166,23,13,957,0,0,0,957
07/29/2021,MSP,MN,AGL,CE,Towers with Radar,809,196,27,7,1039,0,0,0,0,0,809,196,27,7,1039,0,0,0,1039
07/30/2021,MSP,MN,AGL,CE,Towers with Radar,797,171,25,3,996,0,0,0,0,0,797,171,25,3,996,0,0,0,996
07/31/2021,MSP,MN,AGL,CE,Towers with Radar,724,145,8,1,878,0,0,0,0,0,724,145,8,1,878,0,0,0,878
08/01/2021,MSP,MN,AGL,CE,Towers with Radar,793,146,15,0,954,0,0,6,0,6,793,146,21,0,960,0,0,0,960
08/02/2021,MSP,MN,AGL,CE,Towers with Radar,733,159,20,0,912,0,0,1,0,1,733,159,21,0,913,0,0,0,913
08/03/2021,MSP,MN,AGL,CE,Towers with Radar,681,156,26,6,869,0,0,24,0,24,681,156,50,6,893,0,0,0,893
08/04/2021,MSP,MN,AGL,CE,Towers with Radar,714,164,28,8,914,0,2,20,0,22,714,166,48,8,936,0,0,0,936
08/05/2021,MSP,MN,AGL,CE,Towers with Radar,794,173,21,8,996,1,0,0,2,3,795,173,21,10,999,0,0,0,999
08/06/2021,MSP,MN,AGL,CE,Towers with Radar,785,160,12,12,969,0,0,0,0,0,785,160,12,12,969,0,0,0,969
08/07/2021,MSP,MN,AGL,CE,Towers with Radar,719,137,8,3,867,0,0,0,0,0,719,137,8,3,867,0,0,0,867
08/08/2021,MSP,MN,AGL,CE,Towers with Radar,793,155,12,7,967,0,0,0,0,0,793,155,12,7,967,0,0,0,967
08/09/2021,MSP,MN,AGL,CE,Towers with Radar,763,160,23,3,949,0,0,3,0,3,763,160,26,3,952,0,0,0,952
08/10/2021,MSP,MN,AGL,CE,Towers with Radar,697,153,26,15,891,0,0,0,0,0,697,153,26,15,891,0,0,0,891
08/11/2021,MSP,MN,AGL,CE,Towers with Radar,705,161,21,9,896,0,0,4,0,4,705,161,25,9,900,0,0,0,900
08/12/2021,MSP,MN,AGL,CE,Towers with Radar,797,174,23,5,999,0,0,0,0,0,797,174,23,5,999,0,0,0,999
08/13/2021,MSP,MN,AGL,CE,Towers with Radar,790,163,24,14,991,0,0,1,0,1,790,163,25,14,992,0,0,0,992
08/14/2021,MSP,MN,AGL,CE,Towers with Radar,714,132,11,4,861,0,2,1,0,3,714,134,12,4,864,0,0,0,864
08/15/2021,MSP,MN,AGL,CE,Towers with Radar,791,133,19,12,955,0,0,2,0,2,791,133,21,12,957,0,0,0,957
08/16/2021,MSP,MN,AGL,CE,Towers with Radar,758,147,21,3,929,0,2,2,0,4,758,149,23,3,933,0,0,0,933
08/17/2021,MSP,MN,AGL,CE,Towers with Radar,665,159,19,10,853,0,0,1,0,1,665,159,20,10,854,0,0,0,854
08/18/2021,MSP,MN,AGL,CE,Towers with Radar,710,166,30,11,917,0,0,1,1,2,710,166,31,12,919,0,0,0,919
08/19/2021,MSP,MN,AGL,CE,Towers with Radar,794,159,25,20,998,0,2,0,1,3,794,161,25,21,1001,0,0,0,1001
08/20/2021,MSP,MN,AGL,CE,Towers with Radar,796,167,15,16,994,0,0,0,1,1,796,167,15,17,995,0,0,0,995
08/21/2021,MSP,MN,AGL,CE,Towers with Radar,731,134,11,0,876,0,1,2,0,3,731,135,13,0,879,0,0,0,879
08/22/2021,MSP,MN,AGL,CE,Towers with Radar,785,135,11,3,934,0,0,0,0,0,785,135,11,3,934,0,0,0,934
08/23/2021,MSP,MN,AGL,CE,Towers with Radar,754,148,19,0,921,0,4,0,0,4,754,152,19,0,925,0,0,0,925
08/24/2021,MSP,MN,AGL,CE,Towers with Radar,662,156,29,8,855,0,0,0,0,0,662,156,29,8,855,0,0,0,855
08/25/2021,MSP,MN,AGL,CE,Towers with Radar,712,161,43,10,926,0,0,3,1,4,712,161,46,11,930,0,0,0,930
08/26/2021,MSP,MN,AGL,CE,Towers with Radar,803,161,25,10,999,0,0,0,1,1,803,161,25,11,1000,0,0,0,1000
08/27/2021,MSP,MN,AGL,CE,Towers with Radar,789,163,25,1,978,0,0,0,0,0,789,163,25,1,978,0,0,0,978
08/28/2021,MSP,MN,AGL,CE,Towers with Radar,707,140,13,1,861,0,0,0,0,0,707,140,13,1,861,0,0,0,861
08/29/2021,MSP,MN,AGL,CE,Towers with Radar,787,133,17,0,937,0,2,11,0,13,787,135,28,0,950,0,0,0,950
08/30/2021,MSP,MN,AGL,CE,Towers with Radar,754,152,14,0,920,0,0,2,0,2,754,152,16,0,922,0,0,0,922
08/31/2021,MSP,MN,AGL,CE,Towers with Radar,675,152,18,4,849,0,0,3,1,4,675,152,21,5,853,0,0,0,853
09/01/2021,MSP,MN,AGL,CE,Towers with Radar,710,156,23,7,896,0,2,1,0,3,710,158,24,7,899,0,0,0,899
09/02/2021,MSP,MN,AGL,CE,Towers with Radar,802,178,30,7,1017,0,0,0,2,2,802,178,30,9,1019,0,0,0,1019
09/03/2021,MSP,MN,AGL,CE,Towers with Radar,791,157,23,4,975,0,0,0,0,0,791,157,23,4,975,0,0,0,975
09/04/2021,MSP,MN,AGL,CE,Towers with Radar,677,127,4,0,808,0,0,0,0,0,677,127,4,0,808,0,0,0,808
09/05/2021,MSP,MN,AGL,CE,Towers with Radar,709,116,12,0,837,0,0,0,0,0,709,116,12,0,837,0,0,0,837
09/06/2021,MSP,MN,AGL,CE,Towers with Radar,707,140,8,0,855,0,0,0,0,0,707,140,8,0,855,0,0,0,855
09/07/2021,MSP,MN,AGL,CE,Towers with Radar,636,143,19,7,805,0,0,2,0,2,636,143,21,7,807,0,0,0,807
09/08/2021,MSP,MN,AGL,CE,Towers with Radar,640,159,21,9,829,0,0,3,1,4,640,159,24,10,833,0,0,0,833
09/09/2021,MSP,MN,AGL,CE,Towers with Radar,751,153,40,11,955,0,0,0,0,0,751,153,40,11,955,0,0,0,955
09/10/2021,MSP,MN,AGL,CE,Towers with Radar,743,158,23,7,931,0,1,0,0,1,743,159,23,7,932,0,0,0,932
09/11/2021,MSP,MN,AGL,CE,Towers with Radar,639,110,20,0,769,0,0,2,0,2,639,110,22,0,771,0,0,0,771
09/12/2021,MSP,MN,AGL,CE,Towers with Radar,768,125,14,6,913,0,0,0,0,0,768,125,14,6,913,0,0,0,913
09/13/2021,MSP,MN,AGL,CE,Towers with Radar,756,148,16,1,921,0,0,0,0,0,756,148,16,1,921,0,0,0,921
09/14/2021,MSP,MN,AGL,CE,Towers with Radar,679,142,14,3,838,0,2,0,0,2,679,144,14,3,840,0,0,0,840
09/15/2021,MSP,MN,AGL,CE,Towers with Radar,706,151,26,4,887,0,0,2,0,2,706,151,28,4,889,0,0,0,889
09/16/2021,MSP,MN,AGL,CE,Towers with Radar,807,168,17,1,993,0,0,0,0,0,807,168,17,1,993,0,0,0,993
09/17/2021,MSP,MN,AGL,CE,Towers with Radar,780,153,22,4,959,0,1,0,5,6,780,154,22,9,965,0,0,0,965
09/18/2021,MSP,MN,AGL,CE,Towers with Radar,647,106,12,6,771,0,0,0,0,0,647,106,12,6,771,0,0,0,771
09/19/2021,MSP,MN,AGL,CE,Towers with Radar,797,124,23,3,947,0,0,0,0,0,797,124,23,3,947,0,0,0,947
09/20/2021,MSP,MN,AGL,CE,Towers with Radar,758,151,18,2,929,0,0,0,0,0,758,151,18,2,929,0,0,0,929
09/21/2021,MSP,MN,AGL,CE,Towers with Radar,699,147,25,3,874,0,1,2,0,3,699,148,27,3,877,0,0,0,877
09/22/2021,MSP,MN,AGL,CE,Towers with Radar,703,154,22,0,879,0,0,1,2,3,703,154,23,2,882,0,0,0,882
09/23/2021,MSP,MN,AGL,CE,Towers with Radar,789,159,30,0,978,0,1,3,0,4,789,160,33,0,982,0,0,0,982
09/24/2021,MSP,MN,AGL,CE,Towers with Radar,778,159,28,2,967,0,0,1,0,1,778,159,29,2,968,0,0,0,968
09/25/2021,MSP,MN,AGL,CE,Towers with Radar,664,107,10,0,781,0,4,0,0,4,664,111,10,0,785,0,0,0,785
09/26/2021,MSP,MN,AGL,CE,Towers with Radar,787,130,15,2,934,0,0,0,2,2,787,130,15,4,936,0,0,0,936
09/27/2021,MSP,MN,AGL,CE,Towers with Radar,756,144,31,6,937,0,0,0,2,2,756,144,31,8,939,0,0,0,939
09/28/2021,MSP,MN,AGL,CE,Towers with Radar,698,152,33,2,885,0,0,2,0,2,698,152,35,2,887,0,0,0,887
09/29/2021,MSP,MN,AGL,CE,Towers with Radar,706,165,32,0,903,0,0,5,0,5,706,165,37,0,908,0,0,0,908
09/30/2021,MSP,MN,AGL,CE,Towers with Radar,806,168,38,11,1023,0,0,4,0,4,806,168,42,11,1027,0,0,0,1027
10/01/2021,MSP,MN,AGL,CE,Towers with Radar,792,150,28,8,978,0,0,2,0,2,792,150,30,8,980,0,0,0,980
10/02/2021,MSP,MN,AGL,CE,Towers with Radar,639,112,9,2,762,0,0,0,0,0,639,112,9,2,762,0,0,0,762
10/03/2021,MSP,MN,AGL,CE,Towers with Radar,783,113,27,2,925,0,0,1,2,3,783,113,28,4,928,0,0,0,928
10/04/2021,MSP,MN,AGL,CE,Towers with Radar,759,132,19,4,914,0,0,2,0,2,759,132,21,4,916,0,0,0,916
10/05/2021,MSP,MN,AGL,CE,Towers with Radar,673,138,24,14,849,0,1,3,0,4,673,139,27,14,853,0,0,0,853
10/06/2021,MSP,MN,AGL,CE,Towers with Radar,709,136,33,6,884,0,0,1,1,2,709,136,34,7,886,0,0,0,886
10/07/2021,MSP,MN,AGL,CE,Towers with Radar,804,142,23,11,980,0,0,1,0,1,804,142,24,11,981,0,0,0,981
10/08/2021,MSP,MN,AGL,CE,Towers with Radar,778,143,43,3,967,0,0,0,0,0,778,143,43,3,967,0,0,0,967
10/09/2021,MSP,MN,AGL,CE,Towers with Radar,641,101,13,0,755,0,0,2,0,2,641,101,15,0,757,0,0,0,757
10/10/2021,MSP,MN,AGL,CE,Towers with Radar,776,124,13,0,913,0,0,0,0,0,776,124,13,0,913,0,0,0,913
10/11/2021,MSP,MN,AGL,CE,Towers with Radar,741,144,22,1,908,0,0,2,0,2,741,144,24,1,910,0,0,0,910
10/12/2021,MSP,MN,AGL,CE,Towers with Radar,665,150,24,7,846,0,0,2,0,2,665,150,26,7,848,0,0,0,848
10/13/2021,MSP,MN,AGL,CE,Towers with Radar,678,148,26,11,863,0,0,0,0,0,678,148,26,11,863,0,0,0,863
10/14/2021,MSP,MN,AGL,CE,Towers with Radar,777,139,32,12,960,0,0,2,1,3,777,139,34,13,963,0,0,0,963
10/15/2021,MSP,MN,AGL,CE,Towers with Radar,758,165,24,8,955,0,0,0,0,0,758,165,24,8,955,0,0,0,955
10/16/2021,MSP,MN,AGL,CE,Towers with Radar,631,114,10,2,757,0,2,0,0,2,631,116,10,2,759,0,0,0,759
10/17/2021,MSP,MN,AGL,CE,Towers with Radar,761,131,17,2,911,0,0,0,0,0,761,131,17,2,911,0,0,0,911
10/18/2021,MSP,MN,AGL,CE,Towers with Radar,735,146,24,3,908,0,0,0,1,1,735,146,24,4,909,0,0,0,909
10/19/2021,MSP,MN,AGL,CE,Towers with Radar,698,136,23,11,868,0,0,2,1,3,698,136,25,12,871,0,0,0,871
10/20/2021,MSP,MN,AGL,CE,Towers with Radar,713,162,51,8,934,0,0,0,1,1,713,162,51,9,935,0,0,0,935
10/21/2021,MSP,MN,AGL,CE,Towers with Radar,728,146,29,8,911,0,0,1,1,2,728,146,30,9,913,0,0,0,913
10/22/2021,MSP,MN,AGL,CE,Towers with Radar,720,137,18,7,882,0,0,0,3,3,720,137,18,10,885,0,0,0,885
10/23/2021,MSP,MN,AGL,CE,Towers with Radar,642,109,19,2,772,0,0,0,0,0,642,109,19,2,772,0,0,0,772
10/24/2021,MSP,MN,AGL,CE,Towers with Radar,764,121,21,4,910,0,0,0,2,2,764,121,21,6,912,0,0,0,912
10/25/2021,MSP,MN,AGL,CE,Towers with Radar,740,156,21,4,921,0,0,0,1,1,740,156,21,5,922,0,0,0,922
10/26/2021,MSP,MN,AGL,CE,Towers with Radar,685,137,43,14,879,0,0,0,0,0,685,137,43,14,879,0,0,0,879
10/27/2021,MSP,MN,AGL,CE,Towers with Radar,686,151,21,18,876,0,0,0,0,0,686,151,21,18,876,0,0,0,876
10/28/2021,MSP,MN,AGL,CE,Towers with Radar,780,161,26,13,980,0,2,0,0,2,780,163,26,13,982,0,0,0,982
10/29/2021,MSP,MN,AGL,CE,Towers with Radar,747,161,24,2,934,0,1,2,0,3,747,162,26,2,937,0,0,0,937
10/30/2021,MSP,MN,AGL,CE,Towers with Radar,616,127,15,1,759,0,0,0,0,0,616,127,15,1,759,0,0,0,759
10/31/2021,MSP,MN,AGL,CE,Towers with Radar,641,110,22,0,773,0,0,0,0,0,641,110,22,0,773,0,0,0,773
11/01/2021,MSP,MN,AGL,CE,Towers with Radar,736,149,28,8,921,0,0,2,1,3,736,149,30,9,924,0,0,0,924
11/02/2021,MSP,MN,AGL,CE,Towers with Radar,670,135,33,13,851,0,0,0,0,0,670,135,33,13,851,0,0,0,851
11/03/2021,MSP,MN,AGL,CE,Towers with Radar,694,152,27,8,881,0,0,1,3,4,694,152,28,11,885,0,0,0,885
11/04/2021,MSP,MN,AGL,CE,Towers with Radar,768,156,25,6,955,0,0,0,0,0,768,156,25,6,955,0,0,0,955
11/05/2021,MSP,MN,AGL,CE,Towers with Radar,747,151,15,9,922,0,0,1,0,1,747,151,16,9,923,0,0,0,923
11/06/2021,MSP,MN,AGL,CE,Towers with Radar,637,109,8,4,758,0,1,0,0,1,637,110,8,4,759,0,0,0,759
11/07/2021,MSP,MN,AGL,CE,Towers with Radar,743,104,9,2,858,0,0,1,0,1,743,104,10,2,859,0,0,0,859
11/08/2021,MSP,MN,AGL,CE,Towers with Radar,752,119,17,10,898,0,0,0,0,0,752,119,17,10,898,0,0,0,898
11/09/2021,MSP,MN,AGL,CE,Towers with Radar,675,135,26,15,851,0,0,1,0,1,675,135,27,15,852,0,0,0,852
11/10/2021,MSP,MN,AGL,CE,Towers with Radar,692,133,22,10,857,0,0,1,0,1,692,133,23,10,858,0,0,0,858
11/11/2021,MSP,MN,AGL,CE,Towers with Radar,775,132,38,2,947,0,0,2,0,2,775,132,40,2,949,0,0,0,949
11/12/2021,MSP,MN,AGL,CE,Towers with Radar,750,127,21,1,899,0,0,0,0,0,750,127,21,1,899,0,0,0,899
11/13/2021,MSP,MN,AGL,CE,Towers with Radar,603,99,7,1,710,0,0,0,0,0,603,99,7,1,710,0,0,0,710
11/14/2021,MSP,MN,AGL,CE,Towers with Radar,756,114,22,0,892,0,0,0,0,0,756,114,22,0,892,0,0,0,892
11/15/2021,MSP,MN,AGL,CE,Towers with Radar,768,111,27,2,908,0,4,1,0,5,768,115,28,2,913,0,0,0,913
11/16/2021,MSP,MN,AGL,CE,Towers with Radar,678,132,31,10,851,0,0,0,0,0,678,132,31,10,851,0,0,0,851
11/17/2021,MSP,MN,AGL,CE,Towers with Radar,701,137,32,14,884,0,0,2,0,2,701,137,34,14,886,0,0,0,886
11/18/2021,MSP,MN,AGL,CE,Towers with Radar,793,138,35,18,984,0,0,0,0,0,793,138,35,18,984,0,0,0,984
11/19/2021,MSP,MN,AGL,CE,Towers with Radar,778,139,25,8,950,0,0,3,0,3,778,139,28,8,953,0,0,0,953
11/20/2021,MSP,MN,AGL,CE,Towers with Radar,628,96,12,1,737,0,0,2,0,2,628,96,14,1,739,0,0,0,739
11/21/2021,MSP,MN,AGL,CE,Towers with Radar,758,122,6,1,887,0,2,0,0,2,758,124,6,1,889,0,0,0,889
11/22/2021,MSP,MN,AGL,CE,Towers with Radar,727,118,12,22,879,0,0,2,0,2,727,118,14,22,881,0,0,0,881
11/23/2021,MSP,MN,AGL,CE,Towers with Radar,759,131,20,9,919,0,0,1,0,1,759,131,21,9,920,0,0,0,920
11/24/2021,MSP,MN,AGL,CE,Towers with Radar,823,133,23,4,983,0,0,1,0,1,823,133,24,4,984,0,0,0,984
11/25/2021,MSP,MN,AGL,CE,Towers with Radar,478,66,4,0,548,0,0,0,0,0,478,66,4,0,548,0,0,0,548
11/26/2021,MSP,MN,AGL,CE,Towers with Radar,548,114,4,3,669,0,0,0,0,0,548,114,4,3,669,0,0,0,669
11/27/2021,MSP,MN,AGL,CE,Towers with Radar,746,99,11,2,858,0,0,0,0,0,746,99,11,2,858,0,0,0,858
11/28/2021,MSP,MN,AGL,CE,Towers with Radar,811,111,19,0,941,0,0,2,1,3,811,111,21,1,944,0,0,0,944
11/29/2021,MSP,MN,AGL,CE,Towers with Radar,813,123,21,1,958,0,0,0,0,0,813,123,21,1,958,0,0,0,958
11/30/2021,MSP,MN,AGL,CE,Towers with Radar,722,117,16,14,869,0,0,2,0,2,722,117,18,14,871,0,0,0,871
12/01/2021,MSP,MN,AGL,CE,Towers with Radar,699,130,27,18,874,0,2,5,0,7,699,132,32,18,881,0,0,0,881
12/02/2021,MSP,MN,AGL,CE,Towers with Radar,776,132,26,11,945,0,0,3,0,3,776,132,29,11,948,0,0,0,948
12/03/2021,MSP,MN,AGL,CE,Towers with Radar,744,125,20,4,893,0,0,0,0,0,744,125,20,4,893,0,0,0,893
12/04/2021,MSP,MN,AGL,CE,Towers with Radar,570,84,3,4,661,0,0,0,0,0,570,84,3,4,661,0,0,0,661
12/05/2021,MSP,MN,AGL,CE,Towers with Radar,713,98,7,0,818,0,1,0,0,1,713,99,7,0,819,0,0,0,819
12/06/2021,MSP,MN,AGL,CE,Towers with Radar,704,128,24,10,866,0,0,0,0,0,704,128,24,10,866,0,0,0,866
12/07/2021,MSP,MN,AGL,CE,Towers with Radar,656,139,32,9,836,0,0,0,1,1,656,139,32,10,837,0,0,0,837
12/08/2021,MSP,MN,AGL,CE,Towers with Radar,663,138,30,9,840,0,0,1,0,1,663,138,31,9,841,0,0,0,841
12/09/2021,MSP,MN,AGL,CE,Towers with Radar,749,165,31,7,952,0,0,1,0,1,749,165,32,7,953,0,0,0,953
12/10/2021,MSP,MN,AGL,CE,Towers with Radar,476,95,24,1,596,0,0,0,0,0,476,95,24,1,596,0,0,0,596
12/11/2021,MSP,MN,AGL,CE,Towers with Radar,548,103,14,0,665,0,0,2,0,2,548,103,16,0,667,0,0,0,667
12/12/2021,MSP,MN,AGL,CE,Towers with Radar,723,101,20,4,848,0,0,1,1,2,723,101,21,5,850,0,0,0,850
12/13/2021,MSP,MN,AGL,CE,Towers with Radar,693,126,19,4,842,0,0,2,1,3,693,126,21,5,845,0,0,0,845
12/14/2021,MSP,MN,AGL,CE,Towers with Radar,648,133,22,11,814,0,0,0,0,0,648,133,22,11,814,0,0,0,814
12/15/2021,MSP,MN,AGL,CE,Towers with Radar,645,86,26,8,765,0,0,0,0,0,645,86,26,8,765,0,0,0,765
12/16/2021,MSP,MN,AGL,CE,Towers with Radar,764,111,31,5,911,0,2,0,1,3,764,113,31,6,914,0,0,0,914
12/17/2021,MSP,MN,AGL,CE,Towers with Radar,786,143,24,0,953,0,0,2,0,2,786,143,26,0,955,0,0,0,955
12/18/2021,MSP,MN,AGL,CE,Towers with Radar,680,115,16,2,813,0,0,1,0,1,680,115,17,2,814,0,0,0,814
12/19/2021,MSP,MN,AGL,CE,Towers with Radar,773,103,14,5,895,0,0,1,0,1,773,103,15,5,896,0,0,0,896
12/20/2021,MSP,MN,AGL,CE,Towers with Radar,742,126,14,7,889,0,0,3,0,3,742,126,17,7,892,0,0,0,892
12/21/2021,MSP,MN,AGL,CE,Towers with Radar,763,146,18,15,942,0,0,0,0,0,763,146,18,15,942,0,0,0,942
12/22/2021,MSP,MN,AGL,CE,Towers with Radar,779,156,20,12,967,0,0,0,0,0,779,156,20,12,967,0,0,0,967
12/23/2021,MSP,MN,AGL,CE,Towers with Radar,784,160,16,2,962,0,0,2,0,2,784,160,18,2,964,0,0,0,964
12/24/2021,MSP,MN,AGL,CE,Towers with Radar,563,116,8,0,687,0,0,1,0,1,563,116,9,0,688,0,0,0,688
12/25/2021,MSP,MN,AGL,CE,Towers with Radar,513,82,1,0,596,0,0,0,0,0,513,82,1,0,596,0,0,0,596
12/26/2021,MSP,MN,AGL,CE,Towers with Radar,692,115,23,0,830,0,0,0,0,0,692,115,23,0,830,0,0,0,830
12/27/2021,MSP,MN,AGL,CE,Towers with Radar,660,132,17,1,810,0,0,0,0,0,660,132,17,1,810,0,0,0,810
12/28/2021,MSP,MN,AGL,CE,Towers with Radar,691,128,10,0,829,0,0,0,0,0,691,128,10,0,829,0,0,0,829
12/29/2021,MSP,MN,AGL,CE,Towers with Radar,760,145,17,5,927,0,0,5,0,5,760,145,22,5,932,0,0,0,932
12/30/2021,MSP,MN,AGL,CE,Towers with Radar,770,148,10,1,929,0,0,0,0,0,770,148,10,1,929,0,0,0,929
12/31/2021,MSP,MN,AGL,CE,Towers with Radar,583,112,5,0,700,0,0,1,0,1,583,112,6,0,701,0,0,0,701
01/01/2022,MSP,MN,AGL,CE,Towers with Radar,513,75,12,0,600,0,0,1,0,1,513,75,13,0,601,0,0,0,601
01/02/2022,MSP,MN,AGL,CE,Towers with Radar,663,110,18,0,791,1,0,0,0,1,664,110,18,0,792,0,0,0,792
01/03/2022,MSP,MN,AGL,CE,Towers with Radar,689,111,14,9,823,0,0,0,0,0,689,111,14,9,823,0,0,0,823
01/04/2022,MSP,MN,AGL,CE,Towers with Radar,679,144,16,13,852,0,0,1,0,1,679,144,17,13,853,0,0,0,853
01/05/2022,MSP,MN,AGL,CE,Towers with Radar,633,143,8,6,790,0,0,0,0,0,633,143,8,6,790,0,0,0,790
01/06/2022,MSP,MN,AGL,CE,Towers with Radar,676,128,16,1,821,0,0,0,0,0,676,128,16,1,821,0,0,0,821
01/07/2022,MSP,MN,AGL,CE,Towers with Radar,667,124,10,1,802,0,0,0,0,0,667,124,10,1,802,0,0,0,802
01/08/2022,MSP,MN,AGL,CE,Towers with Radar,585,94,10,0,689,0,0,0,0,0,585,94,10,0,689,0,0,0,689
01/09/2022,MSP,MN,AGL,CE,Towers with Radar,658,112,15,2,787,0,0,0,0,0,658,112,15,2,787,0,0,0,787
01/10/2022,MSP,MN,AGL,CE,Towers with Radar,665,127,10,8,810,0,0,2,0,2,665,127,12,8,812,0,0,0,812
01/11/2022,MSP,MN,AGL,CE,Towers with Radar,598,131,16,10,755,0,0,4,0,4,598,131,20,10,759,0,0,0,759
01/12/2022,MSP,MN,AGL,CE,Towers with Radar,657,140,13,13,823,0,1,2,0,3,657,141,15,13,826,0,0,0,826
01/13/2022,MSP,MN,AGL,CE,Towers with Radar,707,144,16,3,870,0,0,0,0,0,707,144,16,3,870,0,0,0,870
01/14/2022,MSP,MN,AGL,CE,Towers with Radar,702,143,19,1,865,0,0,0,0,0,702,143,19,1,865,0,0,0,865
01/15/2022,MSP,MN,AGL,CE,Towers with Radar,565,91,11,0,667,0,2,1,0,3,565,93,12,0,670,0,0,0,670
01/16/2022,MSP,MN,AGL,CE,Towers with Radar,540,88,9,1,638,0,0,0,0,0,540,88,9,1,638,0,0,0,638
01/17/2022,MSP,MN,AGL,CE,Towers with Radar,673,129,7,0,809,0,0,0,0,0,673,129,7,0,809,0,0,0,809
01/18/2022,MSP,MN,AGL,CE,Towers with Radar,613,115,16,13,757,0,0,0,2,2,613,115,16,15,759,0,0,0,759
01/19/2022,MSP,MN,AGL,CE,Towers with Radar,645,126,9,15,795,0,1,0,2,3,645,127,9,17,798,0,0,0,798
01/20/2022,MSP,MN,AGL,CE,Towers with Radar,727,140,20,13,900,0,0,1,0,1,727,140,21,13,901,0,0,0,901
01/21/2022,MSP,MN,AGL,CE,Towers with Radar,717,132,14,4,867,0,0,0,0,0,717,132,14,4,867,0,0,0,867
01/22/2022,MSP,MN,AGL,CE,Towers with Radar,588,103,10,1,702,0,0,1,0,1,588,103,11,1,703,0,0,0,703
01/23/2022,MSP,MN,AGL,CE,Towers with Radar,687,105,19,1,812,0,1,1,0,2,687,106,20,1,814,0,0,0,814
01/24/2022,MSP,MN,AGL,CE,Towers with Radar,692,123,18,10,843,0,4,2,0,6,692,127,20,10,849,0,0,0,849
01/25/2022,MSP,MN,AGL,CE,Towers with Radar,624,125,23,14,786,0,0,1,0,1,624,125,24,14,787,0,0,0,787
01/26/2022,MSP,MN,AGL,CE,Towers with Radar,661,134,18,16,829,0,0,1,0,1,661,134,19,16,830,0,0,0,830
01/27/2022,MSP,MN,AGL,CE,Towers with Radar,730,131,28,5,894,0,0,4,1,5,730,131,32,6,899,0,0,0,899
01/28/2022,MSP,MN,AGL,CE,Towers with Radar,709,132,20,2,863,0,0,0,0,0,709,132,20,2,863,0,0,0,863
01/29/2022,MSP,MN,AGL,CE,Towers with Radar,567,89,7,0,663,0,0,0,0,0,567,89,7,0,663,0,0,0,663
01/30/2022,MSP,MN,AGL,CE,Towers with Radar,705,101,6,0,812,0,0,1,0,1,705,101,7,0,813,0,0,0,813
01/31/2022,MSP,MN,AGL,CE,Towers with Radar,689,115,17,3,824,0,0,4,0,4,689,115,21,3,828,0,0,0,828
02/01/2022,MSP,MN,AGL,CE,Towers with Radar,613,113,10,10,746,0,0,0,0,0,613,113,10,10,746,0,0,0,746
02/02/2022,MSP,MN,AGL,CE,Towers with Radar,650,120,17,17,804,0,4,0,0,4,650,124,17,17,808,0,0,0,808
02/03/2022,MSP,MN,AGL,CE,Towers with Radar,652,136,22,11,821,0,0,9,0,9,652,136,31,11,830,0,0,0,830
02/04/2022,MSP,MN,AGL,CE,Towers with Radar,693,131,21,5,850,0,0,0,0,0,693,131,21,5,850,0,0,0,850
02/05/2022,MSP,MN,AGL,CE,Towers with Radar,611,88,7,0,706,0,0,1,0,1,611,88,8,0,707,0,0,0,707
02/06/2022,MSP,MN,AGL,CE,Towers with Radar,689,107,13,0,809,0,0,0,0,0,689,107,13,0,809,0,0,0,809
02/07/2022,MSP,MN,AGL,CE,Towers with Radar,698,132,20,2,852,0,0,0,0,0,698,132,20,2,852,0,0,0,852
02/08/2022,MSP,MN,AGL,CE,Towers with Radar,640,122,13,0,775,0,0,2,0,2,640,122,15,0,777,0,0,0,777
02/09/2022,MSP,MN,AGL,CE,Towers with Radar,677,132,15,10,834,0,0,0,0,0,677,132,15,10,834,0,0,0,834
02/10/2022,MSP,MN,AGL,CE,Towers with Radar,749,141,18,1,909,0,0,0,0,0,749,141,18,1,909,0,0,0,909
02/11/2022,MSP,MN,AGL,CE,Towers with Radar,734,137,8,3,882,0,0,2,0,2,734,137,10,3,884,0,0,0,884
02/12/2022,MSP,MN,AGL,CE,Towers with Radar,602,78,4,0,684,0,0,1,0,1,602,78,5,0,685,0,0,0,685
02/13/2022,MSP,MN,AGL,CE,Towers with Radar,584,81,10,2,677,0,0,0,0,0,584,81,10,2,677,0,0,0,677
02/14/2022,MSP,MN,AGL,CE,Towers with Radar,718,117,12,0,847,0,0,4,0,4,718,117,16,0,851,0,0,0,851
02/15/2022,MSP,MN,AGL,CE,Towers with Radar,645,122,12,6,785,0,0,0,2,2,645,122,12,8,787,0,0,0,787
02/16/2022,MSP,MN,AGL,CE,Towers with Radar,691,140,24,14,869,0,0,0,0,0,691,140,24,14,869,0,0,0,869
02/17/2022,MSP,MN,AGL,CE,Towers with Radar,770,145,21,6,942,0,0,0,0,0,770,145,21,6,942,0,0,0,942
02/18/2022,MSP,MN,AGL,CE,Towers with Radar,747,115,27,0,889,0,0,0,0,0,747,115,27,0,889,0,0,0,889
02/19/2022,MSP,MN,AGL,CE,Towers with Radar,615,84,13,0,712,0,0,0,0,0,615,84,13,0,712,0,0,0,712
02/20/2022,MSP,MN,AGL,CE,Towers with Radar,599,81,7,0,687,0,0,0,0,0,599,81,7,0,687,0,0,0,687
02/21/2022,MSP,MN,AGL,CE,Towers with Radar,715,103,19,0,837,0,0,0,0,0,715,103,19,0,837,0,0,0,837
02/22/2022,MSP,MN,AGL,CE,Towers with Radar,608,88,22,0,718,0,0,0,0,0,608,88,22,0,718,0,0,0,718
02/23/2022,MSP,MN,AGL,CE,Towers with Radar,711,147,35,11,904,0,0,1,0,1,711,147,36,11,905,0,0,0,905
02/24/2022,MSP,MN,AGL,CE,Towers with Radar,724,140,23,7,894,0,0,1,0,1,724,140,24,7,895,0,0,0,895
02/25/2022,MSP,MN,AGL,CE,Towers with Radar,732,141,29,4,906,0,0,1,0,1,732,141,30,4,907,0,0,0,907
02/26/2022,MSP,MN,AGL,CE,Towers with Radar,628,90,16,0,734,0,0,2,0,2,628,90,18,0,736,0,0,0,736
02/27/2022,MSP,MN,AGL,CE,Towers with Radar,735,110,24,4,873,0,0,0,1,1,735,110,24,5,874,0,0,0,874
02/28/2022,MSP,MN,AGL,CE,Towers with Radar,737,121,16,7,881,0,0,1,1,2,737,121,17,8,883,0,0,0,883
03/01/2022,MSP,MN,AGL,CE,Towers with Radar,654,127,25,6,812,0,3,0,0,3,654,130,25,6,815,0,0,0,815
03/02/2022,MSP,MN,AGL,CE,Towers with Radar,698,126,27,9,860,0,0,0,2,2,698,126,27,11,862,0,0,0,862
03/03/2022,MSP,MN,AGL,CE,Towers with Radar,752,149,24,10,935,0,0,0,2,2,752,149,24,12,937,0,0,0,937
03/04/2022,MSP,MN,AGL,CE,Towers with Radar,747,141,12,4,904,0,0,0,0,0,747,141,12,4,904,0,0,0,904
03/05/2022,MSP,MN,AGL,CE,Towers with Radar,650,77,8,5,740,0,0,0,0,0,650,77,8,5,740,0,0,0,740
03/06/2022,MSP,MN,AGL,CE,Towers with Radar,725,105,10,0,840,0,0,1,0,1,725,105,11,0,841,0,0,0,841
03/07/2022,MSP,MN,AGL,CE,Towers with Radar,752,132,11,1,896,0,0,0,0,0,752,132,11,1,896,0,0,0,896
03/08/2022,MSP,MN,AGL,CE,Towers with Radar,690,136,20,12,858,0,0,2,1,3,690,136,22,13,861,0,0,0,861
03/09/2022,MSP,MN,AGL,CE,Towers with Radar,718,125,20,13,876,0,0,0,0,0,718,125,20,13,876,0,0,0,876
03/10/2022,MSP,MN,AGL,CE,Towers with Radar,764,138,35,14,951,0,0,2,0,2,764,138,37,14,953,0,0,0,953
03/11/2022,MSP,MN,AGL,CE,Towers with Radar,764,139,15,3,921,0,0,0,2,2,764,139,15,5,923,0,0,0,923
03/12/2022,MSP,MN,AGL,CE,Towers with Radar,698,94,6,0,798,0,0,0,0,0,698,94,6,0,798,0,0,0,798
03/13/2022,MSP,MN,AGL,CE,Towers with Radar,756,115,10,3,884,0,0,0,0,0,756,115,10,3,884,0,0,0,884
03/14/2022,MSP,MN,AGL,CE,Towers with Radar,761,127,11,7,906,0,0,2,0,2,761,127,13,7,908,0,0,0,908
03/15/2022,MSP,MN,AGL,CE,Towers with Radar,686,150,20,10,866,0,2,3,0,5,686,152,23,10,871,0,0,0,871
03/16/2022,MSP,MN,AGL,CE,Towers with Radar,727,127,15,10,879,0,0,0,0,0,727,127,15,10,879,0,0,0,879
03/17/2022,MSP,MN,AGL,CE,Towers with Radar,774,136,26,5,941,0,0,3,0,3,774,136,29,5,944,0,0,0,944
03/18/2022,MSP,MN,AGL,CE,Towers with Radar,765,137,20,6,928,0,0,0,0,0,765,137,20,6,928,0,0,0,928
03/19/2022,MSP,MN,AGL,CE,Towers with Radar,692,106,8,2,808,0,0,0,0,0,692,106,8,2,808,0,0,0,808
03/20/2022,MSP,MN,AGL,CE,Towers with Radar,771,108,11,3,893,0,0,2,0,2,771,108,13,3,895,0,0,0,895
03/21/2022,MSP,MN,AGL,CE,Towers with Radar,756,124,16,9,905,0,0,6,0,6,756,124,22,9,911,0,0,0,911
03/22/2022,MSP,MN,AGL,CE,Towers with Radar,690,128,15,9,842,0,0,0,0,0,690,128,15,9,842,0,0,0,842
03/23/2022,MSP,MN,AGL,CE,Towers with Radar,723,138,24,7,892,0,0,0,0,0,723,138,24,7,892,0,0,0,892
03/24/2022,MSP,MN,AGL,CE,Towers with Radar,772,137,21,7,937,0,0,1,0,1,772,137,22,7,938,0,0,0,938
03/25/2022,MSP,MN,AGL,CE,Towers with Radar,790,139,16,1,946,0,0,0,0,0,790,139,16,1,946,0,0,0,946
03/26/2022,MSP,MN,AGL,CE,Towers with Radar,712,97,8,0,817,0,0,0,0,0,712,97,8,0,817,0,0,0,817
03/27/2022,MSP,MN,AGL,CE,Towers with Radar,772,101,17,2,892,0,2,1,0,3,772,103,18,2,895,0,0,0,895
03/28/2022,MSP,MN,AGL,CE,Towers with Radar,759,126,13,0,898,0,1,3,0,4,759,127,16,0,902,0,0,0,902
03/29/2022,MSP,MN,AGL,CE,Towers with Radar,712,121,4,10,847,0,1,1,1,3,712,122,5,11,850,0,0,0,850
03/30/2022,MSP,MN,AGL,CE,Towers with Radar,718,143,24,1,886,0,0,0,0,0,718,143,24,1,886,0,0,0,886
03/31/2022,MSP,MN,AGL,CE,Towers with Radar,782,151,28,11,972,0,0,0,1,1,782,151,28,12,973,0,0,0,973
04/01/2022,MSP,MN,AGL,CE,Towers with Radar,760,147,28,2,937,0,0,0,0,0,760,147,28,2,937,0,0,0,937
04/02/2022,MSP,MN,AGL,CE,Towers with Radar,647,91,14,0,752,0,0,2,0,2,647,91,16,0,754,0,0,0,754
04/03/2022,MSP,MN,AGL,CE,Towers with Radar,725,131,18,4,878,0,0,2,0,2,725,131,20,4,880,0,0,0,880
04/04/2022,MSP,MN,AGL,CE,Towers with Radar,758,128,20,10,916,0,0,1,0,1,758,128,21,10,917,0,0,0,917
04/05/2022,MSP,MN,AGL,CE,Towers with Radar,713,136,34,0,883,0,0,17,0,17,713,136,51,0,900,0,0,0,900
04/06/2022,MSP,MN,AGL,CE,Towers with Radar,712,142,22,4,880,0,0,0,0,0,712,142,22,4,880,0,0,0,880
04/07/2022,MSP,MN,AGL,CE,Towers with Radar,745,147,32,7,931,0,0,0,0,0,745,147,32,7,931,0,0,0,931
04/08/2022,MSP,MN,AGL,CE,Towers with Radar,746,145,21,22,934,0,0,0,0,0,746,145,21,22,934,0,0,0,934
04/09/2022,MSP,MN,AGL,CE,Towers with Radar,685,98,8,3,794,0,0,1,1,2,685,98,9,4,796,0,0,0,796
04/10/2022,MSP,MN,AGL,CE,Towers with Radar,751,115,12,2,880,0,0,0,0,0,751,115,12,2,880,0,0,0,880
04/11/2022,MSP,MN,AGL,CE,Towers with Radar,747,117,27,7,898,0,0,0,0,0,747,117,27,7,898,0,0,0,898
04/12/2022,MSP,MN,AGL,CE,Towers with Radar,671,119,23,5,818,0,0,1,0,1,671,119,24,5,819,0,0,0,819
04/13/2022,MSP,MN,AGL,CE,Towers with Radar,726,128,21,10,885,0,0,2,0,2,726,128,23,10,887,0,0,0,887
04/14/2022,MSP,MN,AGL,CE,Towers with Radar,758,96,35,0,889,0,0,0,0,0,758,96,35,0,889,0,0,0,889
04/15/2022,MSP,MN,AGL,CE,Towers with Radar,756,130,12,0,898,0,0,1,0,1,756,130,13,0,899,0,0,0,899
04/16/2022,MSP,MN,AGL,CE,Towers with Radar,664,96,0,1,761,0,0,4,0,4,664,96,4,1,765,0,0,0,765
04/17/2022,MSP,MN,AGL,CE,Towers with Radar,724,98,7,2,831,0,0,0,0,0,724,98,7,2,831,0,0,0,831
04/18/2022,MSP,MN,AGL,CE,Towers with Radar,735,119,38,3,895,0,0,0,0,0,735,119,38,3,895,0,0,0,895
04/19/2022,MSP,MN,AGL,CE,Towers with Radar,689,122,16,13,840,0,0,4,2,6,689,122,20,15,846,0,0,0,846
04/20/2022,MSP,MN,AGL,CE,Towers with Radar,719,142,37,4,902,0,0,0,0,0,719,142,37,4,902,0,0,0,902
04/21/2022,MSP,MN,AGL,CE,Towers with Radar,746,134,31,7,918,0,0,0,0,0,746,134,31,7,918,0,0,0,918
04/22/2022,MSP,MN,AGL,CE,Towers with Radar,738,138,28,0,904,0,2,1,0,3,738,140,29,0,907,0,0,0,907
04/23/2022,MSP,MN,AGL,CE,Towers with Radar,643,84,14,0,741,0,0,1,0,1,643,84,15,0,742,0,0,0,742
04/24/2022,MSP,MN,AGL,CE,Towers with Radar,723,101,15,2,841,0,0,0,0,0,723,101,15,2,841,0,0,0,841
04/25/2022,MSP,MN,AGL,CE,Towers with Radar,726,121,26,6,879,0,2,0,4,6,726,123,26,10,885,0,0,0,885
04/26/2022,MSP,MN,AGL,CE,Towers with Radar,660,122,29,6,817,0,0,2,0,2,660,122,31,6,819,0,0,0,819
04/27/2022,MSP,MN,AGL,CE,Towers with Radar,695,122,38,5,860,0,0,1,2,3,695,122,39,7,863,0,0,0,863
04/28/2022,MSP,MN,AGL,CE,Towers with Radar,756,130,15,3,904,0,0,0,0,0,756,130,15,3,904,0,0,0,904
04/29/2022,MSP,MN,AGL,CE,Towers with Radar,747,138,16,1,902,0,0,0,2,2,747,138,16,3,904,0,0,0,904
04/30/2022,MSP,MN,AGL,CE,Towers with Radar,631,92,7,2,732,0,0,0,0,0,631,92,7,2,732,0,0,0,732
05/01/2022,MSP,MN,AGL,CE,Towers with Radar,716,96,9,4,825,0,0,4,0,4,716,96,13,4,829,0,0,0,829
05/02/2022,MSP,MN,AGL,CE,Towers with Radar,717,122,23,10,872,0,0,0,0,0,717,122,23,10,872,0,0,0,872
05/03/2022,MSP,MN,AGL,CE,Towers with Radar,659,131,36,11,837,0,0,2,0,2,659,131,38,11,839,0,0,0,839
05/04/2022,MSP,MN,AGL,CE,Towers with Radar,677,137,26,10,850,0,0,3,0,3,677,137,29,10,853,0,0,0,853
05/05/2022,MSP,MN,AGL,CE,Towers with Radar,737,132,31,4,904,0,1,4,0,5,737,133,35,4,909,0,0,0,909
05/06/2022,MSP,MN,AGL,CE,Towers with Radar,739,140,34,5,918,0,0,15,1,16,739,140,49,6,934,0,0,0,934
05/07/2022,MSP,MN,AGL,CE,Towers with Radar,610,97,12,2,721,0,0,0,0,0,610,97,12,2,721,0,0,0,721
05/08/2022,MSP,MN,AGL,CE,Towers with Radar,703,110,12,3,828,0,0,0,0,0,703,110,12,3,828,0,0,0,828
05/09/2022,MSP,MN,AGL,CE,Towers with Radar,739,118,33,5,895,0,0,0,0,0,739,118,33,5,895,0,0,0,895
05/10/2022,MSP,MN,AGL,CE,Towers with Radar,670,133,41,7,851,0,5,8,0,13,670,138,49,7,864,0,0,0,864
05/11/2022,MSP,MN,AGL,CE,Towers with Radar,644,133,37,4,818,0,0,2,0,2,644,133,39,4,820,0,0,0,820
05/12/2022,MSP,MN,AGL,CE,Towers with Radar,792,134,47,2,975,0,0,2,1,3,792,134,49,3,978,0,0,0,978
05/13/2022,MSP,MN,AGL,CE,Towers with Radar,752,116,25,2,895,0,0,8,0,8,752,116,33,2,903,0,0,0,903
05/14/2022,MSP,MN,AGL,CE,Towers with Radar,622,80,3,1,706,0,2,2,2,6,622,82,5,3,712,0,0,0,712
05/15/2022,MSP,MN,AGL,CE,Towers with Radar,744,90,19,1,854,0,0,0,0,0,744,90,19,1,854,0,0,0,854
05/16/2022,MSP,MN,AGL,CE,Towers with Radar,738,104,23,1,866,0,0,9,0,9,738,104,32,1,875,0,0,0,875
05/17/2022,MSP,MN,AGL,CE,Towers with Radar,669,127,32,9,837,0,1,0,0,1,669,128,32,9,838,0,0,0,838
05/18/2022,MSP,MN,AGL,CE,Towers with Radar,691,137,31,12,871,0,0,1,0,1,691,137,32,12,872,0,0,0,872
05/19/2022,MSP,MN,AGL,CE,Towers with Radar,753,140,36,14,943,0,1,4,0,5,753,141,40,14,948,0,0,0,948
05/20/2022,MSP,MN,AGL,CE,Towers with Radar,733,143,36,6,918,0,0,0,0,0,733,143,36,6,918,0,0,0,918
05/21/2022,MSP,MN,AGL,CE,Towers with Radar,589,93,16,13,711,0,0,1,0,1,589,93,17,13,712,0,0,0,712
05/22/2022,MSP,MN,AGL,CE,Towers with Radar,728,109,15,2,854,0,0,1,0,1,728,109,16,2,855,0,0,0,855
05/23/2022,MSP,MN,AGL,CE,Towers with Radar,725,118,40,8,891,0,0,0,3,3,725,118,40,11,894,0,0,0,894
05/24/2022,MSP,MN,AGL,CE,Towers with Radar,655,120,33,11,819,0,2,5,1,8,655,122,38,12,827,0,0,0,827
05/25/2022,MSP,MN,AGL,CE,Towers with Radar,686,134,21,16,857,0,0,0,0,0,686,134,21,16,857,0,0,0,857
05/26/2022,MSP,MN,AGL,CE,Towers with Radar,763,130,32,2,927,0,0,8,0,8,763,130,40,2,935,0,0,0,935
05/27/2022,MSP,MN,AGL,CE,Towers with Radar,735,139,19,0,893,0,0,1,0,1,735,139,20,0,894,0,0,0,894
05/28/2022,MSP,MN,AGL,CE,Towers with Radar,589,85,12,0,686,0,0,0,0,0,589,85,12,0,686,0,0,0,686
05/29/2022,MSP,MN,AGL,CE,Towers with Radar,644,74,4,1,723,0,2,0,0,2,644,76,4,1,725,0,0,0,725
05/30/2022,MSP,MN,AGL,CE,Towers with Radar,709,95,12,1,817,0,1,2,0,3,709,96,14,1,820,0,0,0,820
05/31/2022,MSP,MN,AGL,CE,Towers with Radar,657,135,26,12,830,0,0,3,0,3,657,135,29,12,833,0,0,0,833
06/01/2022,MSP,MN,AGL,CE,Towers with Radar,670,126,31,20,847,0,0,1,0,1,670,126,32,20,848,0,0,0,848
06/02/2022,MSP,MN,AGL,CE,Towers with Radar,741,140,24,17,922,0,0,1,0,1,741,140,25,17,923,0,0,0,923
06/03/2022,MSP,MN,AGL,CE,Towers with Radar,764,123,22,8,917,0,0,0,0,0,764,123,22,8,917,0,0,0,917
06/04/2022,MSP,MN,AGL,CE,Towers with Radar,626,95,13,1,735,0,0,0,0,0,626,95,13,1,735,0,0,0,735
06/05/2022,MSP,MN,AGL,CE,Towers with Radar,758,107,23,4,892,0,0,2,0,2,758,107,25,4,894,0,0,0,894
06/06/2022,MSP,MN,AGL,CE,Towers with Radar,773,100,20,3,896,0,0,0,0,0,773,100,20,3,896,0,0,0,896
06/07/2022,MSP,MN,AGL,CE,Towers with Radar,731,126,32,6,895,0,0,5,1,6,731,126,37,7,901,0,0,0,901
06/08/2022,MSP,MN,AGL,CE,Towers with Radar,730,123,28,6,887,0,2,5,0,7,730,125,33,6,894,0,0,0,894
06/09/2022,MSP,MN,AGL,CE,Towers with Radar,804,133,31,2,970,0,0,0,1,1,804,133,31,3,971,0,0,0,971
06/10/2022,MSP,MN,AGL,CE,Towers with Radar,791,128,25,5,949,0,0,0,0,0,791,128,25,5,949,0,0,0,949
06/11/2022,MSP,MN,AGL,CE,Towers with Radar,660,93,10,21,784,0,0,0,1,1,660,93,10,22,785,0,0,0,785
06/12/2022,MSP,MN,AGL,CE,Towers with Radar,771,99,22,11,903,0,0,2,1,3,771,99,24,12,906,0,0,0,906
06/13/2022,MSP,MN,AGL,CE,Towers with Radar,797,99,32,6,934,0,0,0,0,0,797,99,32,6,934,0,0,0,934
06/14/2022,MSP,MN,AGL,CE,Towers with Radar,737,103,23,7,870,0,2,7,0,9,737,105,30,7,879,0,0,0,879
06/15/2022,MSP,MN,AGL,CE,Towers with Radar,741,111,36,6,894,0,0,4,0,4,741,111,40,6,898,0,0,0,898
06/16/2022,MSP,MN,AGL,CE,Towers with Radar,808,120,25,13,966,0,1,4,3,8,808,121,29,16,974,0,0,0,974
06/17/2022,MSP,MN,AGL,CE,Towers with Radar,761,131,34,8,934,0,0,9,0,9,761,131,43,8,943,0,0,0,943
06/18/2022,MSP,MN,AGL,CE,Towers with Radar,647,97,14,2,760,0,2,0,0,2,647,99,14,2,762,0,0,0,762
06/19/2022,MSP,MN,AGL,CE,Towers with Radar,780,85,20,0,885,0,0,0,0,0,780,85,20,0,885,0,0,0,885
06/20/2022,MSP,MN,AGL,CE,Towers with Radar,802,110,34,0,946,0,0,2,0,2,802,110,36,0,948,0,0,0,948
06/21/2022,MSP,MN,AGL,CE,Towers with Radar,729,114,25,6,874,0,0,6,0,6,729,114,31,6,880,0,0,0,880
06/22/2022,MSP,MN,AGL,CE,Towers with Radar,730,127,31,7,895,0,0,1,0,1,730,127,32,7,896,0,0,0,896
06/23/2022,MSP,MN,AGL,CE,Towers with Radar,814,133,31,15,993,0,2,3,1,6,814,135,34,16,999,0,0,0,999
06/24/2022,MSP,MN,AGL,CE,Towers with Radar,797,126,16,3,942,0,0,0,1,1,797,126,16,4,943,0,0,0,943
06/25/2022,MSP,MN,AGL,CE,Towers with Radar,657,89,9,4,759,0,0,0,0,0,657,89,9,4,759,0,0,0,759
06/26/2022,MSP,MN,AGL,CE,Towers with Radar,778,108,14,2,902,0,0,0,0,0,778,108,14,2,902,0,0,0,902
06/27/2022,MSP,MN,AGL,CE,Towers with Radar,769,105,31,5,910,0,0,3,0,3,769,105,34,5,913,0,0,0,913
06/28/2022,MSP,MN,AGL,CE,Towers with Radar,723,112,33,9,877,0,0,3,2,5,723,112,36,11,882,0,0,0,882
06/29/2022,MSP,MN,AGL,CE,Towers with Radar,753,123,24,9,909,0,0,0,3,3,753,123,24,12,912,0,0,0,912
06/30/2022,MSP,MN,AGL,CE,Towers with Radar,836,125,28,8,997,0,1,2,0,3,836,126,30,8,1000,0,0,0,1000
07/01/2022,MSP,MN,AGL,CE,Towers with Radar,811,121,14,2,948,0,0,0,1,1,811,121,14,3,949,0,0,0,949
07/02/2022,MSP,MN,AGL,CE,Towers with Radar,681,89,6,0,776,0,0,0,3,3,681,89,6,3,779,0,0,0,779
07/03/2022,MSP,MN,AGL,CE,Towers with Radar,698,82,10,0,790,0,0,0,0,0,698,82,10,0,790,0,0,0,790
07/04/2022,MSP,MN,AGL,CE,Towers with Radar,670,84,6,0,760,0,0,0,0,0,670,84,6,0,760,0,0,0,760
07/05/2022,MSP,MN,AGL,CE,Towers with Radar,711,112,19,5,847,0,0,1,0,1,711,112,20,5,848,0,0,0,848
07/06/2022,MSP,MN,AGL,CE,Towers with Radar,709,113,21,5,848,0,2,1,0,3,709,115,22,5,851,0,0,0,851
07/07/2022,MSP,MN,AGL,CE,Towers with Radar,753,115,19,1,888,0,0,0,0,0,753,115,19,1,888,0,0,0,888
07/08/2022,MSP,MN,AGL,CE,Towers with Radar,734,110,28,1,873,0,0,2,0,2,734,110,30,1,875,0,0,0,875
07/09/2022,MSP,MN,AGL,CE,Towers with Radar,673,90,10,1,774,1,0,4,1,6,674,90,14,2,780,0,0,0,780
07/10/2022,MSP,MN,AGL,CE,Towers with Radar,798,100,19,3,920,0,0,0,0,0,798,100,19,3,920,0,0,0,920
07/11/2022,MSP,MN,AGL,CE,Towers with Radar,803,105,35,4,947,0,0,2,0,2,803,105,37,4,949,0,0,0,949
07/12/2022,MSP,MN,AGL,CE,Towers with Radar,718,129,38,16,901,0,1,1,0,2,718,130,39,16,903,0,0,0,903
07/13/2022,MSP,MN,AGL,CE,Towers with Radar,754,113,39,17,923,0,0,2,0,2,754,113,41,17,925,0,0,0,925
07/14/2022,MSP,MN,AGL,CE,Towers with Radar,811,140,27,14,992,0,0,2,1,3,811,140,29,15,995,0,0,0,995
07/15/2022,MSP,MN,AGL,CE,Towers with Radar,824,128,19,4,975,0,0,2,0,2,824,128,21,4,977,0,0,0,977
07/16/2022,MSP,MN,AGL,CE,Towers with Radar,697,87,8,1,793,0,0,0,0,0,697,87,8,1,793,0,0,0,793
07/17/2022,MSP,MN,AGL,CE,Towers with Radar,802,105,13,3,923,0,0,2,0,2,802,105,15,3,925,0,0,0,925
07/18/2022,MSP,MN,AGL,CE,Towers with Radar,791,107,26,9,933,0,0,0,0,0,791,107,26,9,933,0,0,0,933
07/19/2022,MSP,MN,AGL,CE,Towers with Radar,735,123,30,11,899,0,0,2,0,2,735,123,32,11,901,0,0,0,901
07/20/2022,MSP,MN,AGL,CE,Towers with Radar,748,125,31,7,911,0,0,0,0,0,748,125,31,7,911,0,0,0,911
07/21/2022,MSP,MN,AGL,CE,Towers with Radar,817,128,26,7,978,0,0,1,0,1,817,128,27,7,979,0,0,0,979
07/22/2022,MSP,MN,AGL,CE,Towers with Radar,813,135,30,7,985,0,0,0,1,1,813,135,30,8,986,0,0,0,986
07/23/2022,MSP,MN,AGL,CE,Towers with Radar,684,92,9,1,786,0,0,0,0,0,684,92,9,1,786,0,0,0,786
07/24/2022,MSP,MN,AGL,CE,Towers with Radar,799,100,20,2,921,0,0,0,0,0,799,100,20,2,921,0,0,0,921
07/25/2022,MSP,MN,AGL,CE,Towers with Radar,791,116,41,3,951,0,0,14,1,15,791,116,55,4,966,0,0,0,966
07/26/2022,MSP,MN,AGL,CE,Towers with Radar,724,118,32,12,886,0,0,2,1,3,724,118,34,13,889,0,0,0,889
07/27/2022,MSP,MN,AGL,CE,Towers with Radar,750,127,28,9,914,0,0,0,1,1,750,127,28,10,915,0,0,0,915
07/28/2022,MSP,MN,AGL,CE,Towers with Radar,822,135,44,8,1009,0,0,0,1,1,822,135,44,9,1010,0,0,0,1010
07/29/2022,MSP,MN,AGL,CE,Towers with Radar,819,148,27,14,1008,0,0,2,1,3,819,148,29,15,1011,0,0,0,1011
07/30/2022,MSP,MN,AGL,CE,Towers with Radar,695,104,18,1,818,0,0,2,0,2,695,104,20,1,820,0,0,0,820
07/31/2022,MSP,MN,AGL,CE,Towers with Radar,809,107,23,7,946,0,0,0,0,0,809,107,23,7,946,0,0,0,946
08/01/2022,MSP,MN,AGL,CE,Towers with Radar,814,110,36,9,969,0,0,3,1,4,814,110,39,10,973,0,0,0,973
08/02/2022,MSP,MN,AGL,CE,Towers with Radar,738,124,34,14,910,0,0,1,1,2,738,124,35,15,912,0,0,0,912
08/03/2022,MSP,MN,AGL,CE,Towers with Radar,745,109,34,10,898,0,2,2,0,4,745,111,36,10,902,0,0,0,902
08/04/2022,MSP,MN,AGL,CE,Towers with Radar,818,121,28,5,972,0,2,2,3,7,818,123,30,8,979,0,0,0,979
08/05/2022,MSP,MN,AGL,CE,Towers with Radar,802,121,27,3,953,0,1,2,1,4,802,122,29,4,957,0,0,0,957
08/06/2022,MSP,MN,AGL,CE,Towers with Radar,700,91,12,1,804,0,0,0,0,0,700,91,12,1,804,0,0,0,804
08/07/2022,MSP,MN,AGL,CE,Towers with Radar,805,100,19,7,931,0,0,3,0,3,805,100,22,7,934,0,0,0,934
08/08/2022,MSP,MN,AGL,CE,Towers with Radar,810,106,46,1,963,0,1,4,1,6,810,107,50,2,969,0,0,0,969
08/09/2022,MSP,MN,AGL,CE,Towers with Radar,738,143,52,12,945,0,0,4,1,5,738,143,56,13,950,0,0,0,950
08/10/2022,MSP,MN,AGL,CE,Towers with Radar,740,131,34,11,916,0,2,2,1,5,740,133,36,12,921,0,0,0,921
08/11/2022,MSP,MN,AGL,CE,Towers with Radar,823,128,35,8,994,0,0,2,0,2,823,128,37,8,996,0,0,0,996
08/12/2022,MSP,MN,AGL,CE,Towers with Radar,822,139,22,3,986,0,0,2,0,2,822,139,24,3,988,0,0,0,988
08/13/2022,MSP,MN,AGL,CE,Towers with Radar,699,93,7,2,801,0,0,0,0,0,699,93,7,2,801,0,0,0,801
08/14/2022,MSP,MN,AGL,CE,Towers with Radar,824,111,14,5,954,0,0,4,0,4,824,111,18,5,958,0,0,0,958
08/15/2022,MSP,MN,AGL,CE,Towers with Radar,800,105,23,0,928,0,0,6,1,7,800,105,29,1,935,0,0,0,935
08/16/2022,MSP,MN,AGL,CE,Towers with Radar,724,108,24,8,864,0,0,9,0,9,724,108,33,8,873,0,0,0,873
08/17/2022,MSP,MN,AGL,CE,Towers with Radar,752,122,29,10,913,0,2,7,1,10,752,124,36,11,923,0,0,0,923
08/18/2022,MSP,MN,AGL,CE,Towers with Radar,813,119,31,6,969,0,0,0,0,0,813,119,31,6,969,0,0,0,969
08/19/2022,MSP,MN,AGL,CE,Towers with Radar,813,122,30,2,967,0,0,2,0,2,813,122,32,2,969,0,0,0,969
08/20/2022,MSP,MN,AGL,CE,Towers with Radar,680,85,8,2,775,0,0,0,0,0,680,85,8,2,775,0,0,0,775
08/21/2022,MSP,MN,AGL,CE,Towers with Radar,787,94,18,3,902,0,2,4,0,6,787,96,22,3,908,0,0,0,908
08/22/2022,MSP,MN,AGL,CE,Towers with Radar,775,93,20,2,890,0,0,4,1,5,775,93,24,3,895,0,0,0,895
08/23/2022,MSP,MN,AGL,CE,Towers with Radar,713,110,17,10,850,0,0,2,1,3,713,110,19,11,853,0,0,0,853
08/24/2022,MSP,MN,AGL,CE,Towers with Radar,738,124,29,9,900,0,1,0,2,3,738,125,29,11,903,0,0,0,903
08/25/2022,MSP,MN,AGL,CE,Towers with Radar,808,117,22,7,954,0,0,0,1,1,808,117,22,8,955,0,0,0,955
08/26/2022,MSP,MN,AGL,CE,Towers with Radar,798,107,22,2,929,0,0,2,0,2,798,107,24,2,931,0,0,0,931
08/27/2022,MSP,MN,AGL,CE,Towers with Radar,675,79,3,3,760,0,1,0,0,1,675,80,3,3,761,0,0,0,761
08/28/2022,MSP,MN,AGL,CE,Towers with Radar,788,92,18,4,902,0,0,4,0,4,788,92,22,4,906,0,0,0,906
08/29/2022,MSP,MN,AGL,CE,Towers with Radar,792,105,24,6,927,0,0,13,0,13,792,105,37,6,940,0,0,0,940
08/30/2022,MSP,MN,AGL,CE,Towers with Radar,703,105,34,14,856,0,0,2,0,2,703,105,36,14,858,0,0,0,858
08/31/2022,MSP,MN,AGL,CE,Towers with Radar,736,113,38,12,899,0,0,8,1,9,736,113,46,13,908,0,0,0,908
09/01/2022,MSP,MN,AGL,CE,Towers with Radar,802,127,31,17,977,0,0,0,3,3,802,127,31,20,980,0,0,0,980
09/02/2022,MSP,MN,AGL,CE,Towers with Radar,811,125,11,1,948,0,0,1,0,1,811,125,12,1,949,0,0,0,949
09/03/2022,MSP,MN,AGL,CE,Towers with Radar,641,77,8,1,727,0,0,2,0,2,641,77,10,1,729,0,0,0,729
09/04/2022,MSP,MN,AGL,CE,Towers with Radar,677,88,6,0,771,0,3,2,0,5,677,91,8,0,776,0,0,0,776
09/05/2022,MSP,MN,AGL,CE,Towers with Radar,797,98,8,0,903,0,2,2,0,4,797,100,10,0,907,0,0,0,907
09/06/2022,MSP,MN,AGL,CE,Towers with Radar,664,108,24,6,802,0,2,4,0,6,664,110,28,6,808,0,0,0,808
09/07/2022,MSP,MN,AGL,CE,Towers with Radar,649,117,13,10,789,0,0,1,0,1,649,117,14,10,790,0,0,0,790
09/08/2022,MSP,MN,AGL,CE,Towers with Radar,722,125,33,8,888,0,0,0,0,0,722,125,33,8,888,0,0,0,888
09/09/2022,MSP,MN,AGL,CE,Towers with Radar,688,112,21,4,825,0,2,1,0,3,688,114,22,4,828,0,0,0,828
09/10/2022,MSP,MN,AGL,CE,Towers with Radar,613,90,19,2,724,0,0,2,2,4,613,90,21,4,728,0,0,0,728
09/11/2022,MSP,MN,AGL,CE,Towers with Radar,743,121,36,5,905,0,0,4,1,5,743,121,40,6,910,0,0,0,910
09/12/2022,MSP,MN,AGL,CE,Towers with Radar,724,117,14,3,858,0,0,0,0,0,724,117,14,3,858,0,0,0,858
09/13/2022,MSP,MN,AGL,CE,Towers with Radar,675,106,27,8,816,0,0,1,1,2,675,106,28,9,818,0,0,0,818
09/14/2022,MSP,MN,AGL,CE,Towers with Radar,680,115,27,12,834,0,0,0,2,2,680,115,27,14,836,0,0,0,836
09/15/2022,MSP,MN,AGL,CE,Towers with Radar,778,125,25,15,943,0,0,0,2,2,778,125,25,17,945,0,0,0,945
09/16/2022,MSP,MN,AGL,CE,Towers with Radar,743,127,24,2,896,0,0,0,1,1,743,127,24,3,897,0,0,0,897
09/17/2022,MSP,MN,AGL,CE,Towers with Radar,607,99,10,1,717,0,0,0,1,1,607,99,10,2,718,0,0,0,718
09/18/2022,MSP,MN,AGL,CE,Towers with Radar,747,98,18,7,870,0,0,0,0,0,747,98,18,7,870,0,0,0,870
09/19/2022,MSP,MN,AGL,CE,Towers with Radar,721,117,29,9,876,0,0,3,2,5,721,117,32,11,881,0,0,0,881
09/20/2022,MSP,MN,AGL,CE,Towers with Radar,679,113,28,12,832,0,0,1,0,1,679,113,29,12,833,0,0,0,833
09/21/2022,MSP,MN,AGL,CE,Towers with Radar,673,127,44,15,859,0,0,2,2,4,673,127,46,17,863,0,0,0,863
09/22/2022,MSP,MN,AGL,CE,Towers with Radar,765,128,56,6,955,0,2,0,1,3,765,130,56,7,958,0,0,0,958
09/23/2022,MSP,MN,AGL,CE,Towers with Radar,744,125,33,2,904,0,0,0,2,2,744,125,33,4,906,0,0,0,906
09/24/2022,MSP,MN,AGL,CE,Towers with Radar,619,83,19,3,724,0,0,0,0,0,619,83,19,3,724,0,0,0,724
09/25/2022,MSP,MN,AGL,CE,Towers with Radar,741,95,22,0,858,0,0,0,0,0,741,95,22,0,858,0,0,0,858
09/26/2022,MSP,MN,AGL,CE,Towers with Radar,734,98,29,4,865,0,2,6,0,8,734,100,35,4,873,0,0,0,873
09/27/2022,MSP,MN,AGL,CE,Towers with Radar,674,111,21,8,814,0,0,1,1,2,674,111,22,9,816,0,0,0,816
09/28/2022,MSP,MN,AGL,CE,Towers with Radar,674,116,28,2,820,0,1,0,0,1,674,117,28,2,821,0,0,0,821
09/29/2022,MSP,MN,AGL,CE,Towers with Radar,742,124,32,0,898,0,0,2,0,2,742,124,34,0,900,0,0,0,900
09/30/2022,MSP,MN,AGL,CE,Towers with Radar,721,120,23,0,864,0,0,0,0,0,721,120,23,0,864,0,0,0,864
10/01/2022,MSP,MN,AGL,CE,Towers with Radar,597,77,14,0,688,0,0,0,0,0,597,77,14,0,688,0,0,0,688
10/02/2022,MSP,MN,AGL,CE,Towers with Radar,730,77,20,0,827,0,0,0,0,0,730,77,20,0,827,0,0,0,827
10/03/2022,MSP,MN,AGL,CE,Towers with Radar,724,96,39,5,864,0,0,2,0,2,724,96,41,5,866,0,0,0,866
10/04/2022,MSP,MN,AGL,CE,Towers with Radar,660,105,36,4,805,0,0,0,0,0,660,105,36,4,805,0,0,0,805
10/05/2022,MSP,MN,AGL,CE,Towers with Radar,680,102,23,4,809,0,0,0,0,0,680,102,23,4,809,0,0,0,809
10/06/2022,MSP,MN,AGL,CE,Towers with Radar,768,111,35,1,915,0,0,2,0,2,768,111,37,1,917,0,0,0,917
10/07/2022,MSP,MN,AGL,CE,Towers with Radar,738,97,27,4,866,0,0,1,0,1,738,97,28,4,867,0,0,0,867
10/08/2022,MSP,MN,AGL,CE,Towers with Radar,625,80,8,0,713,0,0,2,0,2,625,80,10,0,715,0,0,0,715
10/09/2022,MSP,MN,AGL,CE,Towers with Radar,738,74,21,2,835,0,0,1,0,1,738,74,22,2,836,0,0,0,836
10/10/2022,MSP,MN,AGL,CE,Towers with Radar,722,86,35,0,843,0,0,3,0,3,722,86,38,0,846,0,0,0,846
10/11/2022,MSP,MN,AGL,CE,Towers with Radar,652,98,44,2,796,0,0,0,0,0,652,98,44,2,796,0,0,0,796
10/12/2022,MSP,MN,AGL,CE,Towers with Radar,671,104,31,3,809,0,0,3,0,3,671,104,34,3,812,0,0,0,812
10/13/2022,MSP,MN,AGL,CE,Towers with Radar,769,102,37,4,912,0,1,0,0,1,769,103,37,4,913,0,0,0,913
10/14/2022,MSP,MN,AGL,CE,Towers with Radar,742,114,19,2,877,0,2,1,0,3,742,116,20,2,880,0,0,0,880
10/15/2022,MSP,MN,AGL,CE,Towers with Radar,603,73,9,4,689,0,2,4,2,8,603,75,13,6,697,0,0,0,697
10/16/2022,MSP,MN,AGL,CE,Towers with Radar,749,85,15,2,851,0,0,2,0,2,749,85,17,2,853,0,0,0,853
10/17/2022,MSP,MN,AGL,CE,Towers with Radar,724,93,32,0,849,0,0,1,0,1,724,93,33,0,850,0,0,0,850
10/18/2022,MSP,MN,AGL,CE,Towers with Radar,679,95,23,1,798,0,0,1,0,1,679,95,24,1,799,0,0,0,799
10/19/2022,MSP,MN,AGL,CE,Towers with Radar,727,105,28,1,861,0,0,0,0,0,727,105,28,1,861,0,0,0,861
10/20/2022,MSP,MN,AGL,CE,Towers with Radar,777,109,21,2,909,0,2,2,0,4,777,111,23,2,913,0,0,0,913
10/21/2022,MSP,MN,AGL,CE,Towers with Radar,743,92,22,6,863,0,0,1,0,1,743,92,23,6,864,0,0,0,864
10/22/2022,MSP,MN,AGL,CE,Towers with Radar,654,85,11,4,754,0,0,6,0,6,654,85,17,4,760,0,0,0,760
10/23/2022,MSP,MN,AGL,CE,Towers with Radar,772,76,18,2,868,0,0,0,0,0,772,76,18,2,868,0,0,0,868
10/24/2022,MSP,MN,AGL,CE,Towers with Radar,752,83,34,4,873,0,0,1,0,1,752,83,35,4,874,0,0,0,874
10/25/2022,MSP,MN,AGL,CE,Towers with Radar,661,95,27,4,787,0,0,1,0,1,661,95,28,4,788,0,0,0,788
10/26/2022,MSP,MN,AGL,CE,Towers with Radar,691,99,26,4,820,0,0,0,0,0,691,99,26,4,820,0,0,0,820
10/27/2022,MSP,MN,AGL,CE,Towers with Radar,767,92,28,2,889,0,0,0,0,0,767,92,28,2,889,0,0,0,889
10/28/2022,MSP,MN,AGL,CE,Towers with Radar,744,102,30,11,887,0,0,0,3,3,744,102,30,14,890,0,0,0,890
10/29/2022,MSP,MN,AGL,CE,Towers with Radar,624,78,5,0,707,0,1,4,0,5,624,79,9,0,712,0,0,0,712
10/30/2022,MSP,MN,AGL,CE,Towers with Radar,681,77,7,1,766,0,0,5,0,5,681,77,12,1,771,0,0,0,771
10/31/2022,MSP,MN,AGL,CE,Towers with Radar,633,83,14,0,730,0,0,10,0,10,633,83,24,0,740,0,0,0,740
11/01/2022,MSP,MN,AGL,CE,Towers with Radar,662,88,23,3,776,0,0,1,1,2,662,88,24,4,778,0,0,0,778
11/02/2022,MSP,MN,AGL,CE,Towers with Radar,703,87,19,6,815,0,2,17,0,19,703,89,36,6,834,0,0,0,834
11/03/2022,MSP,MN,AGL,CE,Towers with Radar,771,97,37,5,910,0,0,21,0,21,771,97,58,5,931,0,0,0,931
11/04/2022,MSP,MN,AGL,CE,Towers with Radar,743,92,27,0,862,0,0,0,0,0,743,92,27,0,862,0,0,0,862
11/05/2022,MSP,MN,AGL,CE,Towers with Radar,619,75,11,5,710,0,0,0,0,0,619,75,11,5,710,0,0,0,710
11/06/2022,MSP,MN,AGL,CE,Towers with Radar,721,68,19,2,810,0,0,0,0,0,721,68,19,2,810,0,0,0,810
11/07/2022,MSP,MN,AGL,CE,Towers with Radar,660,91,23,8,782,0,0,0,0,0,660,91,23,8,782,0,0,0,782
11/08/2022,MSP,MN,AGL,CE,Towers with Radar,652,95,33,9,789,0,0,0,0,0,652,95,33,9,789,0,0,0,789
11/09/2022,MSP,MN,AGL,CE,Towers with Radar,713,90,24,14,841,0,0,1,0,1,713,90,25,14,842,0,0,0,842
11/10/2022,MSP,MN,AGL,CE,Towers with Radar,747,89,27,9,872,0,0,2,0,2,747,89,29,9,874,0,0,0,874
11/11/2022,MSP,MN,AGL,CE,Towers with Radar,749,79,22,0,850,0,1,0,0,1,749,80,22,0,851,0,0,0,851
11/12/2022,MSP,MN,AGL,CE,Towers with Radar,648,62,5,0,715,0,0,0,0,0,648,62,5,0,715,0,0,0,715
11/13/2022,MSP,MN,AGL,CE,Towers with Radar,774,67,15,0,856,0,0,3,0,3,774,67,18,0,859,0,0,0,859
11/14/2022,MSP,MN,AGL,CE,Towers with Radar,758,91,34,1,884,0,0,0,0,0,758,91,34,1,884,0,0,0,884
11/15/2022,MSP,MN,AGL,CE,Towers with Radar,706,89,30,1,826,0,0,0,0,0,706,89,30,1,826,0,0,0,826
11/16/2022,MSP,MN,AGL,CE,Towers with Radar,733,102,32,1,868,0,0,0,0,0,733,102,32,1,868,0,0,0,868
11/17/2022,MSP,MN,AGL,CE,Towers with Radar,771,105,29,4,909,0,0,0,0,0,771,105,29,4,909,0,0,0,909
11/18/2022,MSP,MN,AGL,CE,Towers with Radar,765,100,36,10,911,0,0,3,2,5,765,100,39,12,916,0,0,0,916
11/19/2022,MSP,MN,AGL,CE,Towers with Radar,644,67,14,1,726,0,2,0,0,2,644,69,14,1,728,0,0,0,728
11/20/2022,MSP,MN,AGL,CE,Towers with Radar,771,90,15,3,879,0,0,3,0,3,771,90,18,3,882,0,0,0,882
11/21/2022,MSP,MN,AGL,CE,Towers with Radar,734,79,18,14,845,0,0,0,0,0,734,79,18,14,845,0,0,0,845
11/22/2022,MSP,MN,AGL,CE,Towers with Radar,750,90,22,16,878,0,0,0,0,0,750,90,22,16,878,0,0,0,878
11/23/2022,MSP,MN,AGL,CE,Towers with Radar,787,97,20,10,914,0,0,0,0,0,787,97,20,10,914,0,0,0,914
11/24/2022,MSP,MN,AGL,CE,Towers with Radar,471,51,4,0,526,0,0,1,0,1,471,51,5,0,527,0,0,0,527
11/25/2022,MSP,MN,AGL,CE,Towers with Radar,613,91,11,0,715,0,0,0,0,0,613,91,11,0,715,0,0,0,715
11/26/2022,MSP,MN,AGL,CE,Towers with Radar,736,60,13,0,809,0,0,0,0,0,736,60,13,0,809,0,0,0,809
11/27/2022,MSP,MN,AGL,CE,Towers with Radar,792,75,18,0,885,0,0,1,0,1,792,75,19,0,886,0,0,0,886
11/28/2022,MSP,MN,AGL,CE,Towers with Radar,779,79,28,4,890,0,2,4,0,6,779,81,32,4,896,0,0,0,896
11/29/2022,MSP,MN,AGL,CE,Towers with Radar,513,66,19,0,598,0,2,0,0,2,513,68,19,0,600,0,0,0,600
11/30/2022,MSP,MN,AGL,CE,Towers with Radar,689,112,21,11,833,0,0,0,1,1,689,112,21,12,834,0,0,0,834
12/01/2022,MSP,MN,AGL,CE,Towers with Radar,752,94,13,9,868,0,0,1,0,1,752,94,14,9,869,0,0,0,869
12/02/2022,MSP,MN,AGL,CE,Towers with Radar,725,92,22,3,842,0,0,0,0,0,725,92,22,3,842,0,0,0,842
12/03/2022,MSP,MN,AGL,CE,Towers with Radar,633,61,18,1,713,0,0,0,1,1,633,61,18,2,714,0,0,0,714
12/04/2022,MSP,MN,AGL,CE,Towers with Radar,729,66,11,2,808,0,0,0,1,1,729,66,11,3,809,0,0,0,809
12/05/2022,MSP,MN,AGL,CE,Towers with Radar,716,84,35,5,840,0,1,4,2,7,716,85,39,7,847,0,0,0,847
12/06/2022,MSP,MN,AGL,CE,Towers with Radar,669,94,36,4,803,0,2,1,0,3,669,96,37,4,806,0,0,0,806
12/07/2022,MSP,MN,AGL,CE,Towers with Radar,705,86,30,16,837,0,1,0,1,2,705,87,30,17,839,0,0,0,839
12/08/2022,MSP,MN,AGL,CE,Towers with Radar,751,88,38,12,889,0,0,1,1,2,751,88,39,13,891,0,0,0,891
12/09/2022,MSP,MN,AGL,CE,Towers with Radar,724,87,23,8,842,0,0,1,0,1,724,87,24,8,843,0,0,0,843
12/10/2022,MSP,MN,AGL,CE,Towers with Radar,622,62,9,1,694,0,0,0,0,0,622,62,9,1,694,0,0,0,694
12/11/2022,MSP,MN,AGL,CE,Towers with Radar,736,54,15,2,807,0,1,0,0,1,736,55,15,2,808,0,0,0,808
12/12/2022,MSP,MN,AGL,CE,Towers with Radar,702,63,25,12,802,0,0,0,0,0,702,63,25,12,802,0,0,0,802
12/13/2022,MSP,MN,AGL,CE,Towers with Radar,593,80,19,3,695,0,0,0,0,0,593,80,19,3,695,0,0,0,695
12/14/2022,MSP,MN,AGL,CE,Towers with Radar,672,78,23,4,777,0,0,0,0,0,672,78,23,4,777,0,0,0,777
12/15/2022,MSP,MN,AGL,CE,Towers with Radar,715,66,28,2,811,0,0,0,0,0,715,66,28,2,811,0,0,0,811
12/16/2022,MSP,MN,AGL,CE,Towers with Radar,758,86,29,2,875,0,0,0,0,0,758,86,29,2,875,0,0,0,875
12/17/2022,MSP,MN,AGL,CE,Towers with Radar,709,73,15,0,797,0,0,0,0,0,709,73,15,0,797,0,0,0,797
12/18/2022,MSP,MN,AGL,CE,Towers with Radar,743,59,10,0,812,0,0,4,0,4,743,59,14,0,816,0,0,0,816
12/19/2022,MSP,MN,AGL,CE,Towers with Radar,750,77,32,5,864,0,0,0,0,0,750,77,32,5,864,0,0,0,864
12/20/2022,MSP,MN,AGL,CE,Towers with Radar,726,88,18,9,841,0,0,1,0,1,726,88,19,9,842,0,0,0,842
12/21/2022,MSP,MN,AGL,CE,Towers with Radar,702,77,22,0,801,0,0,0,0,0,702,77,22,0,801,0,0,0,801
12/22/2022,MSP,MN,AGL,CE,Towers with Radar,719,86,13,0,818,0,0,2,0,2,719,86,15,0,820,0,0,0,820
12/23/2022,MSP,MN,AGL,CE,Towers with Radar,585,75,7,0,667,0,0,0,0,0,585,75,7,0,667,0,0,0,667
12/24/2022,MSP,MN,AGL,CE,Towers with Radar,462,66,11,0,539,0,0,0,0,0,462,66,11,0,539,0,0,0,539
12/25/2022,MSP,MN,AGL,CE,Towers with Radar,478,42,5,0,525,0,0,0,0,0,478,42,5,0,525,0,0,0,525
12/26/2022,MSP,MN,AGL,CE,Towers with Radar,668,65,15,0,748,0,0,0,0,0,668,65,15,0,748,0,0,0,748
12/27/2022,MSP,MN,AGL,CE,Towers with Radar,740,92,9,0,841,0,0,1,0,1,740,92,10,0,842,0,0,0,842
12/28/2022,MSP,MN,AGL,CE,Towers with Radar,743,90,5,4,842,0,0,0,0,0,743,90,5,4,842,0,0,0,842
12/29/2022,MSP,MN,AGL,CE,Towers with Radar,760,95,8,4,867,0,0,0,0,0,760,95,8,4,867,0,0,0,867
12/30/2022,MSP,MN,AGL,CE,Towers with Radar,787,88,5,0,880,0,2,0,0,2,787,90,5,0,882,0,0,0,882
12/31/2022,MSP,MN,AGL,CE,Towers with Radar,611,46,6,0,663,0,0,0,0,0,611,46,6,0,663,0,0,0,663
01/01/2023,MSP,MN,AGL,CE,Towers with Radar,607,54,12,0,673,0,0,0,0,0,607,54,12,0,673,0,0,0,673
01/02/2023,MSP,MN,AGL,CE,Towers with Radar,718,63,31,0,812,0,0,0,0,0,718,63,31,0,812,0,0,0,812
01/03/2023,MSP,MN,AGL,CE,Towers with Radar,373,31,14,0,418,0,0,0,0,0,373,31,14,0,418,0,0,0,418
01/04/2023,MSP,MN,AGL,CE,Towers with Radar,598,72,21,1,692,0,0,0,0,0,598,72,21,1,692,0,0,0,692
01/05/2023,MSP,MN,AGL,CE,Towers with Radar,716,101,17,9,843,0,4,2,0,6,716,105,19,9,849,0,0,0,849
01/06/2023,MSP,MN,AGL,CE,Towers with Radar,717,76,13,4,810,0,0,1,0,1,717,76,14,4,811,0,0,0,811
01/07/2023,MSP,MN,AGL,CE,Towers with Radar,669,64,7,7,747,0,0,1,1,2,669,64,8,8,749,0,0,0,749
01/08/2023,MSP,MN,AGL,CE,Towers with Radar,720,58,12,4,794,0,0,0,0,0,720,58,12,4,794,0,0,0,794
01/09/2023,MSP,MN,AGL,CE,Towers with Radar,744,64,14,12,834,0,0,0,0,0,744,64,14,12,834,0,0,0,834
01/10/2023,MSP,MN,AGL,CE,Towers with Radar,679,68,15,0,762,0,0,0,0,0,679,68,15,0,762,0,0,0,762
01/11/2023,MSP,MN,AGL,CE,Towers with Radar,688,74,15,0,777,0,0,0,0,0,688,74,15,0,777,0,0,0,777
01/12/2023,MSP,MN,AGL,CE,Towers with Radar,746,86,28,4,864,0,0,1,0,1,746,86,29,4,865,0,0,0,865
01/13/2023,MSP,MN,AGL,CE,Towers with Radar,767,85,26,2,880,0,0,0,0,0,767,85,26,2,880,0,0,0,880
01/14/2023,MSP,MN,AGL,CE,Towers with Radar,651,62,6,0,719,0,0,0,0,0,651,62,6,0,719,0,0,0,719
01/15/2023,MSP,MN,AGL,CE,Towers with Radar,641,63,21,0,725,0,0,3,2,5,641,63,24,2,730,0,0,0,730
01/16/2023,MSP,MN,AGL,CE,Towers with Radar,735,60,22,0,817,0,0,0,0,0,735,60,22,0,817,0,0,0,817
01/17/2023,MSP,MN,AGL,CE,Towers with Radar,700,68,17,13,798,0,0,0,0,0,700,68,17,13,798,0,0,0,798
01/18/2023,MSP,MN,AGL,CE,Towers with Radar,703,83,13,17,816,0,0,1,0,1,703,83,14,17,817,0,0,0,817
01/19/2023,MSP,MN,AGL,CE,Towers with Radar,773,81,30,6,890,0,0,0,0,0,773,81,30,6,890,0,0,0,890
01/20/2023,MSP,MN,AGL,CE,Towers with Radar,761,75,17,5,858,0,0,0,0,0,761,75,17,5,858,0,0,0,858
01/21/2023,MSP,MN,AGL,CE,Towers with Radar,668,51,7,2,728,0,0,0,0,0,668,51,7,2,728,0,0,0,728
01/22/2023,MSP,MN,AGL,CE,Towers with Radar,751,49,3,0,803,0,0,0,0,0,751,49,3,0,803,0,0,0,803
01/23/2023,MSP,MN,AGL,CE,Towers with Radar,744,61,17,2,824,0,0,0,0,0,744,61,17,2,824,0,0,0,824
01/24/2023,MSP,MN,AGL,CE,Towers with Radar,692,73,20,16,801,0,0,2,0,2,692,73,22,16,803,0,0,0,803
01/25/2023,MSP,MN,AGL,CE,Towers with Radar,709,82,20,15,826,0,0,2,0,2,709,82,22,15,828,0,0,0,828
01/26/2023,MSP,MN,AGL,CE,Towers with Radar,764,84,22,8,878,0,0,2,1,3,764,84,24,9,881,0,0,0,881
01/27/2023,MSP,MN,AGL,CE,Towers with Radar,781,76,16,4,877,0,0,0,0,0,781,76,16,4,877,0,0,0,877
01/28/2023,MSP,MN,AGL,CE,Towers with Radar,661,41,7,0,709,0,0,0,0,0,661,41,7,0,709,0,0,0,709
01/29/2023,MSP,MN,AGL,CE,Towers with Radar,763,53,14,2,832,0,0,2,0,2,763,53,16,2,834,0,0,0,834
01/30/2023,MSP,MN,AGL,CE,Towers with Radar,739,55,21,0,815,0,0,1,0,1,739,55,22,0,816,0,0,0,816
01/31/2023,MSP,MN,AGL,CE,Towers with Radar,682,71,26,2,781,0,0,9,0,9,682,71,35,2,790,0,0,0,790
02/01/2023,MSP,MN,AGL,CE,Towers with Radar,708,72,17,10,807,0,0,11,0,11,708,72,28,10,818,0,0,0,818
02/02/2023,MSP,MN,AGL,CE,Towers with Radar,760,76,19,7,862,0,0,0,1,1,760,76,19,8,863,0,0,0,863
02/03/2023,MSP,MN,AGL,CE,Towers with Radar,778,75,22,6,881,0,1,1,0,2,778,76,23,6,883,0,0,0,883
02/04/2023,MSP,MN,AGL,CE,Towers with Radar,684,51,10,4,749,0,0,1,2,3,684,51,11,6,752,0,0,0,752
02/05/2023,MSP,MN,AGL,CE,Towers with Radar,745,44,9,6,804,0,0,0,0,0,745,44,9,6,804,0,0,0,804
02/06/2023,MSP,MN,AGL,CE,Towers with Radar,777,62,32,9,880,0,0,0,0,0,777,62,32,9,880,0,0,0,880
02/07/2023,MSP,MN,AGL,CE,Towers with Radar,698,74,19,14,805,0,0,2,0,2,698,74,21,14,807,0,0,0,807
02/08/2023,MSP,MN,AGL,CE,Towers with Radar,728,81,22,16,847,0,0,0,1,1,728,81,22,17,848,0,0,0,848
02/09/2023,MSP,MN,AGL,CE,Towers with Radar,782,90,25,7,904,0,0,1,0,1,782,90,26,7,905,0,0,0,905
02/10/2023,MSP,MN,AGL,CE,Towers with Radar,780,73,17,1,871,0,0,3,0,3,780,73,20,1,874,0,0,0,874
02/11/2023,MSP,MN,AGL,CE,Towers with Radar,675,50,13,0,738,0,0,0,0,0,675,50,13,0,738,0,0,0,738
02/12/2023,MSP,MN,AGL,CE,Towers with Radar,669,47,8,2,726,0,0,1,0,1,669,47,9,2,727,0,0,0,727
02/13/2023,MSP,MN,AGL,CE,Towers with Radar,712,61,14,10,797,0,0,3,0,3,712,61,17,10,800,0,0,0,800
02/14/2023,MSP,MN,AGL,CE,Towers with Radar,642,72,23,10,747,0,0,0,0,0,642,72,23,10,747,0,0,0,747
02/15/2023,MSP,MN,AGL,CE,Towers with Radar,742,70,29,15,856,0,0,0,0,0,742,70,29,15,856,0,0,0,856
02/16/2023,MSP,MN,AGL,CE,Towers with Radar,778,80,18,4,880,0,2,3,0,5,778,82,21,4,885,0,0,0,885
02/17/2023,MSP,MN,AGL,CE,Towers with Radar,817,78,31,2,928,0,0,0,0,0,817,78,31,2,928,0,0,0,928
02/18/2023,MSP,MN,AGL,CE,Towers with Radar,706,41,5,0,752,0,0,2,0,2,706,41,7,0,754,0,0,0,754
02/19/2023,MSP,MN,AGL,CE,Towers with Radar,714,45,16,0,775,0,0,0,0,0,714,45,16,0,775,0,0,0,775
02/20/2023,MSP,MN,AGL,CE,Towers with Radar,794,70,29,0,893,0,0,0,0,0,794,70,29,0,893,0,0,0,893
02/21/2023,MSP,MN,AGL,CE,Towers with Radar,617,55,24,4,700,0,0,0,0,0,617,55,24,4,700,0,0,0,700
02/22/2023,MSP,MN,AGL,CE,Towers with Radar,327,49,9,0,385,0,0,0,0,0,327,49,9,0,385,0,0,0,385
02/23/2023,MSP,MN,AGL,CE,Towers with Radar,553,58,16,0,627,0,0,0,0,0,553,58,16,0,627,0,0,0,627
02/24/2023,MSP,MN,AGL,CE,Towers with Radar,785,83,22,0,890,0,0,0,0,0,785,83,22,0,890,0,0,0,890
02/25/2023,MSP,MN,AGL,CE,Towers with Radar,729,54,11,4,798,0,0,2,1,3,729,54,13,5,801,0,0,0,801
02/26/2023,MSP,MN,AGL,CE,Towers with Radar,783,50,17,1,851,0,0,0,0,0,783,50,17,1,851,0,0,0,851
02/27/2023,MSP,MN,AGL,CE,Towers with Radar,791,67,22,3,883,0,0,0,0,0,791,67,22,3,883,0,0,0,883
02/28/2023,MSP,MN,AGL,CE,Towers with Radar,734,79,24,0,837,0,0,0,0,0,734,79,24,0,837,0,0,0,837
03/01/2023,MSP,MN,AGL,CE,Towers with Radar,758,92,32,2,884,0,0,0,0,0,758,92,32,2,884,0,0,0,884
03/02/2023,MSP,MN,AGL,CE,Towers with Radar,804,85,25,0,914,0,0,0,2,2,804,85,25,2,916,0,0,0,916
03/03/2023,MSP,MN,AGL,CE,Towers with Radar,795,79,14,3,891,0,0,3,0,3,795,79,17,3,894,0,0,0,894
03/04/2023,MSP,MN,AGL,CE,Towers with Radar,715,48,13,1,777,0,0,0,0,0,715,48,13,1,777,0,0,0,777
03/05/2023,MSP,MN,AGL,CE,Towers with Radar,788,58,15,5,866,0,0,1,0,1,788,58,16,5,867,0,0,0,867
03/06/2023,MSP,MN,AGL,CE,Towers with Radar,794,75,19,5,893,0,0,0,0,0,794,75,19,5,893,0,0,0,893
03/07/2023,MSP,MN,AGL,CE,Towers with Radar,734,71,25,10,840,0,0,1,2,3,734,71,26,12,843,0,0,0,843
03/08/2023,MSP,MN,AGL,CE,Towers with Radar,756,89,33,13,891,0,0,0,0,0,756,89,33,13,891,0,0,0,891
03/09/2023,MSP,MN,AGL,CE,Towers with Radar,832,80,32,0,944,0,0,1,0,1,832,80,33,0,945,0,0,0,945
03/10/2023,MSP,MN,AGL,CE,Towers with Radar,833,80,18,0,931,0,0,0,0,0,833,80,18,0,931,0,0,0,931
03/11/2023,MSP,MN,AGL,CE,Towers with Radar,751,45,1,0,797,0,0,0,0,0,751,45,1,0,797,0,0,0,797
03/12/2023,MSP,MN,AGL,CE,Towers with Radar,809,52,13,0,874,0,0,1,0,1,809,52,14,0,875,0,0,0,875
03/13/2023,MSP,MN,AGL,CE,Towers with Radar,828,61,25,2,916,0,0,3,0,3,828,61,28,2,919,0,0,0,919
03/14/2023,MSP,MN,AGL,CE,Towers with Radar,737,73,24,5,839,0,0,0,0,0,737,73,24,5,839,0,0,0,839
03/15/2023,MSP,MN,AGL,CE,Towers with Radar,787,89,22,6,904,0,0,1,0,1,787,89,23,6,905,0,0,0,905
03/16/2023,MSP,MN,AGL,CE,Towers with Radar,839,71,23,2,935,0,0,0,0,0,839,71,23,2,935,0,0,0,935
03/17/2023,MSP,MN,AGL,CE,Towers with Radar,830,83,11,0,924,0,0,0,0,0,830,83,11,0,924,0,0,0,924
03/18/2023,MSP,MN,AGL,CE,Towers with Radar,755,49,7,0,811,0,0,0,0,0,755,49,7,0,811,0,0,0,811
03/19/2023,MSP,MN,AGL,CE,Towers with Radar,822,50,10,2,884,0,2,1,0,3,822,52,11,2,887,0,0,0,887
03/20/2023,MSP,MN,AGL,CE,Towers with Radar,818,70,23,11,922,0,0,0,0,0,818,70,23,11,922,0,0,0,922
03/21/2023,MSP,MN,AGL,CE,Towers with Radar,765,65,28,4,862,0,2,1,0,3,765,67,29,4,865,0,0,0,865
03/22/2023,MSP,MN,AGL,CE,Towers with Radar,801,67,23,9,900,0,0,0,0,0,801,67,23,9,900,0,0,0,900
03/23/2023,MSP,MN,AGL,CE,Towers with Radar,832,86,29,3,950,0,0,1,0,1,832,86,30,3,951,0,0,0,951
03/24/2023,MSP,MN,AGL,CE,Towers with Radar,839,71,12,3,925,0,0,0,0,0,839,71,12,3,925,0,0,0,925
03/25/2023,MSP,MN,AGL,CE,Towers with Radar,757,43,1,0,801,0,0,0,0,0,757,43,1,0,801,0,0,0,801
03/26/2023,MSP,MN,AGL,CE,Towers with Radar,811,49,14,1,875,0,0,0,0,0,811,49,14,1,875,0,0,0,875
03/27/2023,MSP,MN,AGL,CE,Towers with Radar,815,56,20,6,897,0,1,0,0,1,815,57,20,6,898,0,0,0,898
03/28/2023,MSP,MN,AGL,CE,Towers with Radar,773,68,21,7,869,0,0,0,0,0,773,68,21,7,869,0,0,0,869
03/29/2023,MSP,MN,AGL,CE,Towers with Radar,796,70,21,7,894,0,0,2,0,2,796,70,23,7,896,0,0,0,896
03/30/2023,MSP,MN,AGL,CE,Towers with Radar,842,86,18,7,953,0,0,1,0,1,842,86,19,7,954,0,0,0,954
03/31/2023,MSP,MN,AGL,CE,Towers with Radar,674,70,21,3,768,0,0,0,0,0,674,70,21,3,768,0,0,0,768
04/01/2023,MSP,MN,AGL,CE,Towers with Radar,606,47,17,3,673,0,0,0,2,2,606,47,17,5,675,0,0,0,675
04/02/2023,MSP,MN,AGL,CE,Towers with Radar,800,60,17,8,885,0,0,0,1,1,800,60,17,9,886,0,0,0,886
04/03/2023,MSP,MN,AGL,CE,Towers with Radar,825,60,18,11,914,0,0,5,0,5,825,60,23,11,919,0,0,0,919
04/04/2023,MSP,MN,AGL,CE,Towers with Radar,767,52,24,6,849,0,0,2,0,2,767,52,26,6,851,0,0,0,851
04/05/2023,MSP,MN,AGL,CE,Towers with Radar,767,72,26,8,873,0,0,0,0,0,767,72,26,8,873,0,0,0,873
04/06/2023,MSP,MN,AGL,CE,Towers with Radar,843,84,20,5,952,0,2,1,0,3,843,86,21,5,955,0,0,0,955
04/07/2023,MSP,MN,AGL,CE,Towers with Radar,841,72,9,3,925,0,0,1,0,1,841,72,10,3,926,0,0,0,926
04/08/2023,MSP,MN,AGL,CE,Towers with Radar,755,42,4,0,801,0,0,1,0,1,755,42,5,0,802,0,0,0,802
04/09/2023,MSP,MN,AGL,CE,Towers with Radar,827,42,7,0,876,0,2,0,0,2,827,44,7,0,878,0,0,0,878
04/10/2023,MSP,MN,AGL,CE,Towers with Radar,804,67,23,1,895,0,2,2,1,5,804,69,25,2,900,0,0,0,900
04/11/2023,MSP,MN,AGL,CE,Towers with Radar,763,72,26,5,866,0,0,0,1,1,763,72,26,6,867,0,0,0,867
04/12/2023,MSP,MN,AGL,CE,Towers with Radar,769,77,29,4,879,0,0,0,0,0,769,77,29,4,879,0,0,0,879
04/13/2023,MSP,MN,AGL,CE,Towers with Radar,831,71,30,6,938,0,0,5,1,6,831,71,35,7,944,0,0,0,944
04/14/2023,MSP,MN,AGL,CE,Towers with Radar,818,72,28,4,922,0,0,2,0,2,818,72,30,4,924,0,0,0,924
04/15/2023,MSP,MN,AGL,CE,Towers with Radar,703,55,9,0,767,0,0,0,0,0,703,55,9,0,767,0,0,0,767
04/16/2023,MSP,MN,AGL,CE,Towers with Radar,802,42,11,0,855,0,0,0,0,0,802,42,11,0,855,0,0,0,855
04/17/2023,MSP,MN,AGL,CE,Towers with Radar,810,65,37,6,918,0,0,0,0,0,810,65,37,6,918,0,0,0,918
04/18/2023,MSP,MN,AGL,CE,Towers with Radar,734,97,37,7,875,0,0,2,0,2,734,97,39,7,877,0,0,0,877
04/19/2023,MSP,MN,AGL,CE,Towers with Radar,749,74,33,3,859,0,2,25,0,27,749,76,58,3,886,0,0,0,886
04/20/2023,MSP,MN,AGL,CE,Towers with Radar,820,69,21,0,910,0,0,0,0,0,820,69,21,0,910,0,0,0,910
04/21/2023,MSP,MN,AGL,CE,Towers with Radar,799,78,22,2,901,0,0,0,0,0,799,78,22,2,901,0,0,0,901
04/22/2023,MSP,MN,AGL,CE,Towers with Radar,683,45,5,0,733,0,0,0,0,0,683,45,5,0,733,0,0,0,733
04/23/2023,MSP,MN,AGL,CE,Towers with Radar,788,50,14,2,854,0,0,0,1,1,788,50,14,3,855,0,0,0,855
04/24/2023,MSP,MN,AGL,CE,Towers with Radar,786,64,25,8,883,0,0,2,3,5,786,64,27,11,888,0,0,0,888
04/25/2023,MSP,MN,AGL,CE,Towers with Radar,732,70,17,8,827,0,1,4,3,8,732,71,21,11,835,0,0,0,835
04/26/2023,MSP,MN,AGL,CE,Towers with Radar,765,69,26,16,876,0,0,1,0,1,765,69,27,16,877,0,0,0,877
04/27/2023,MSP,MN,AGL,CE,Towers with Radar,820,66,26,3,915,0,0,4,0,4,820,66,30,3,919,0,0,0,919
04/28/2023,MSP,MN,AGL,CE,Towers with Radar,808,70,36,4,918,0,0,0,0,0,808,70,36,4,918,0,0,0,918
04/29/2023,MSP,MN,AGL,CE,Towers with Radar,674,47,6,0,727,0,0,0,0,0,674,47,6,0,727,0,0,0,727
04/30/2023,MSP,MN,AGL,CE,Towers with Radar,789,45,6,0,840,0,0,0,0,0,789,45,6,0,840,0,0,0,840
05/01/2023,MSP,MN,AGL,CE,Towers with Radar,786,73,26,4,889,0,1,0,0,1,786,74,26,4,890,0,0,0,890
05/02/2023,MSP,MN,AGL,CE,Towers with Radar,722,73,21,12,828,0,0,0,0,0,722,73,21,12,828,0,0,0,828
05/03/2023,MSP,MN,AGL,CE,Towers with Radar,743,91,51,7,892,0,0,13,1,14,743,91,64,8,906,0,0,0,906
05/04/2023,MSP,MN,AGL,CE,Towers with Radar,795,79,36,7,917,0,0,2,1,3,795,79,38,8,920,0,0,0,920
05/05/2023,MSP,MN,AGL,CE,Towers with Radar,790,90,26,8,914,0,0,1,1,2,790,90,27,9,916,0,0,0,916
05/06/2023,MSP,MN,AGL,CE,Towers with Radar,651,48,8,6,713,0,0,0,0,0,651,48,8,6,713,0,0,0,713
05/07/2023,MSP,MN,AGL,CE,Towers with Radar,786,61,15,3,865,0,2,0,0,2,786,63,15,3,867,0,0,0,867
05/08/2023,MSP,MN,AGL,CE,Towers with Radar,797,64,25,9,895,0,0,11,0,11,797,64,36,9,906,0,0,0,906
05/09/2023,MSP,MN,AGL,CE,Towers with Radar,742,78,35,5,860,1,0,2,0,3,743,78,37,5,863,0,0,0,863
05/10/2023,MSP,MN,AGL,CE,Towers with Radar,755,84,38,4,881,0,0,3,0,3,755,84,41,4,884,0,0,0,884
05/11/2023,MSP,MN,AGL,CE,Towers with Radar,820,90,29,1,940,0,0,0,0,0,820,90,29,1,940,0,0,0,940
05/12/2023,MSP,MN,AGL,CE,Towers with Radar,809,73,30,5,917,0,0,0,0,0,809,73,30,5,917,0,0,0,917
05/13/2023,MSP,MN,AGL,CE,Towers with Radar,649,49,8,2,708,0,0,0,0,0,649,49,8,2,708,0,0,0,708
05/14/2023,MSP,MN,AGL,CE,Towers with Radar,772,51,10,1,834,0,0,1,2,3,772,51,11,3,837,0,0,0,837
05/15/2023,MSP,MN,AGL,CE,Towers with Radar,797,65,18,1,881,0,0,5,0,5,797,65,23,1,886,0,0,0,886
05/16/2023,MSP,MN,AGL,CE,Towers with Radar,742,73,38,6,859,0,1,6,0,7,742,74,44,6,866,0,0,0,866
05/17/2023,MSP,MN,AGL,CE,Towers with Radar,771,81,29,7,888,0,0,1,1,2,771,81,30,8,890,0,0,0,890
05/18/2023,MSP,MN,AGL,CE,Towers with Radar,812,87,26,7,932,0,0,0,0,0,812,87,26,7,932,0,0,0,932
05/19/2023,MSP,MN,AGL,CE,Towers with Radar,822,77,23,6,928,0,0,3,0,3,822,77,26,6,931,0,0,0,931
05/20/2023,MSP,MN,AGL,CE,Towers with Radar,650,42,5,2,699,0,0,1,1,2,650,42,6,3,701,0,0,0,701
05/21/2023,MSP,MN,AGL,CE,Towers with Radar,803,61,20,2,886,0,0,0,0,0,803,61,20,2,886,0,0,0,886
05/22/2023,MSP,MN,AGL,CE,Towers with Radar,813,77,36,4,930,0,0,2,2,4,813,77,38,6,934,0,0,0,934
05/23/2023,MSP,MN,AGL,CE,Towers with Radar,746,85,36,6,873,0,0,0,0,0,746,85,36,6,873,0,0,0,873
05/24/2023,MSP,MN,AGL,CE,Towers with Radar,760,84,18,6,868,0,0,1,0,1,760,84,19,6,869,0,0,0,869
05/25/2023,MSP,MN,AGL,CE,Towers with Radar,836,78,29,1,944,0,0,2,0,2,836,78,31,1,946,0,0,0,946
05/26/2023,MSP,MN,AGL,CE,Towers with Radar,832,78,24,2,936,0,0,3,1,4,832,78,27,3,940,0,0,0,940
05/27/2023,MSP,MN,AGL,CE,Towers with Radar,651,48,2,0,701,0,2,0,0,2,651,50,2,0,703,0,0,0,703
05/28/2023,MSP,MN,AGL,CE,Towers with Radar,677,38,7,6,728,0,0,0,0,0,677,38,7,6,728,0,0,0,728
05/29/2023,MSP,MN,AGL,CE,Towers with Radar,812,43,9,1,865,0,1,3,0,4,812,44,12,1,869,0,0,0,869
05/30/2023,MSP,MN,AGL,CE,Towers with Radar,734,72,34,1,841,0,0,0,0,0,734,72,34,1,841,0,0,0,841
05/31/2023,MSP,MN,AGL,CE,Towers with Radar,758,75,36,5,874,0,0,0,0,0,758,75,36,5,874,0,0,0,874
06/01/2023,MSP,MN,AGL,CE,Towers with Radar,820,83,24,6,933,0,0,1,1,2,820,83,25,7,935,0,0,0,935
06/02/2023,MSP,MN,AGL,CE,Towers with Radar,847,79,15,4,945,0,0,0,0,0,847,79,15,4,945,0,0,0,945
06/03/2023,MSP,MN,AGL,CE,Towers with Radar,666,49,6,3,724,0,2,0,0,2,666,51,6,3,726,0,0,0,726
06/04/2023,MSP,MN,AGL,CE,Towers with Radar,806,61,16,4,887,0,0,2,0,2,806,61,18,4,889,0,0,0,889
06/05/2023,MSP,MN,AGL,CE,Towers with Radar,867,68,28,8,971,0,0,6,0,6,867,68,34,8,977,0,0,0,977
06/06/2023,MSP,MN,AGL,CE,Towers with Radar,770,76,20,7,873,0,1,1,2,4,770,77,21,9,877,0,0,0,877
06/07/2023,MSP,MN,AGL,CE,Towers with Radar,810,92,30,8,940,0,0,5,0,5,810,92,35,8,945,0,0,0,945
06/08/2023,MSP,MN,AGL,CE,Towers with Radar,883,88,46,1,1018,0,0,1,0,1,883,88,47,1,1019,0,0,0,1019
06/09/2023,MSP,MN,AGL,CE,Towers with Radar,863,87,24,2,976,0,0,0,0,0,863,87,24,2,976,0,0,0,976
06/10/2023,MSP,MN,AGL,CE,Towers with Radar,729,53,10,9,801,0,0,0,0,0,729,53,10,9,801,0,0,0,801
06/11/2023,MSP,MN,AGL,CE,Towers with Radar,843,56,22,7,928,0,0,0,0,0,843,56,22,7,928,0,0,0,928
06/12/2023,MSP,MN,AGL,CE,Towers with Radar,879,65,23,4,971,0,0,3,1,4,879,65,26,5,975,0,0,0,975
06/13/2023,MSP,MN,AGL,CE,Towers with Radar,799,76,24,7,906,0,2,3,0,5,799,78,27,7,911,0,0,0,911
06/14/2023,MSP,MN,AGL,CE,Towers with Radar,820,87,30,7,944,0,0,6,0,6,820,87,36,7,950,0,0,0,950
06/15/2023,MSP,MN,AGL,CE,Towers with Radar,886,92,30,2,1010,0,0,2,0,2,886,92,32,2,1012,0,0,0,1012
06/16/2023,MSP,MN,AGL,CE,Towers with Radar,886,87,17,11,1001,0,2,3,0,5,886,89,20,11,1006,0,0,0,1006
06/17/2023,MSP,MN,AGL,CE,Towers with Radar,736,55,14,2,807,0,0,1,1,2,736,55,15,3,809,0,0,0,809
06/18/2023,MSP,MN,AGL,CE,Towers with Radar,845,54,8,0,907,0,0,0,0,0,845,54,8,0,907,0,0,0,907
06/19/2023,MSP,MN,AGL,CE,Towers with Radar,885,70,17,2,974,0,0,0,0,0,885,70,17,2,974,0,0,0,974
06/20/2023,MSP,MN,AGL,CE,Towers with Radar,813,78,29,14,934,0,1,0,0,1,813,79,29,14,935,0,0,0,935
06/21/2023,MSP,MN,AGL,CE,Towers with Radar,814,81,30,6,931,0,0,3,1,4,814,81,33,7,935,0,0,0,935
06/22/2023,MSP,MN,AGL,CE,Towers with Radar,891,98,27,2,1018,0,0,1,0,1,891,98,28,2,1019,0,0,0,1019
06/23/2023,MSP,MN,AGL,CE,Towers with Radar,888,97,37,5,1027,0,1,0,2,3,888,98,37,7,1030,0,0,0,1030
06/24/2023,MSP,MN,AGL,CE,Towers with Radar,758,60,19,2,839,0,0,0,0,0,758,60,19,2,839,0,0,0,839
06/25/2023,MSP,MN,AGL,CE,Towers with Radar,833,61,15,2,911,0,0,0,0,0,833,61,15,2,911,0,0,0,911
06/26/2023,MSP,MN,AGL,CE,Towers with Radar,838,80,31,10,959,0,0,1,0,1,838,80,32,10,960,0,0,0,960
06/27/2023,MSP,MN,AGL,CE,Towers with Radar,765,89,35,10,899,0,0,8,0,8,765,89,43,10,907,0,0,0,907
06/28/2023,MSP,MN,AGL,CE,Towers with Radar,807,85,34,9,935,0,0,1,0,1,807,85,35,9,936,0,0,0,936
06/29/2023,MSP,MN,AGL,CE,Towers with Radar,880,99,46,3,1028,0,0,1,1,2,880,99,47,4,1030,0,0,0,1030
06/30/2023,MSP,MN,AGL,CE,Towers with Radar,891,87,28,7,1013,0,0,4,0,4,891,87,32,7,1017,0,0,0,1017
07/01/2023,MSP,MN,AGL,CE,Towers with Radar,748,60,6,1,815,0,0,0,0,0,748,60,6,1,815,0,0,0,815
07/02/2023,MSP,MN,AGL,CE,Towers with Radar,793,64,16,0,873,0,0,1,0,1,793,64,17,0,874,0,0,0,874
07/03/2023,MSP,MN,AGL,CE,Towers with Radar,784,64,6,0,854,0,0,0,0,0,784,64,6,0,854,0,0,0,854
07/04/2023,MSP,MN,AGL,CE,Towers with Radar,677,33,4,0,714,0,0,0,0,0,677,33,4,0,714,0,0,0,714
07/05/2023,MSP,MN,AGL,CE,Towers with Radar,833,70,14,11,928,0,0,2,0,2,833,70,16,11,930,0,0,0,930
07/06/2023,MSP,MN,AGL,CE,Towers with Radar,857,83,13,7,960,0,0,0,1,1,857,83,13,8,961,0,0,0,961
07/07/2023,MSP,MN,AGL,CE,Towers with Radar,825,76,15,9,925,0,0,2,0,2,825,76,17,9,927,0,0,0,927
07/08/2023,MSP,MN,AGL,CE,Towers with Radar,771,58,16,0,845,0,0,1,0,1,771,58,17,0,846,0,0,0,846
07/09/2023,MSP,MN,AGL,CE,Towers with Radar,833,48,25,3,909,0,0,2,0,2,833,48,27,3,911,0,0,0,911
07/10/2023,MSP,MN,AGL,CE,Towers with Radar,927,72,22,0,1021,0,0,0,0,0,927,72,22,0,1021,0,0,0,1021
07/11/2023,MSP,MN,AGL,CE,Towers with Radar,864,67,33,7,971,0,0,1,0,1,864,67,34,7,972,0,0,0,972
07/12/2023,MSP,MN,AGL,CE,Towers with Radar,862,66,35,7,970,0,0,2,2,4,862,66,37,9,974,0,0,0,974
07/13/2023,MSP,MN,AGL,CE,Towers with Radar,938,78,31,13,1060,0,0,1,1,2,938,78,32,14,1062,0,0,0,1062
07/14/2023,MSP,MN,AGL,CE,Towers with Radar,890,81,16,3,990,0,0,1,0,1,890,81,17,3,991,0,0,0,991
07/15/2023,MSP,MN,AGL,CE,Towers with Radar,820,62,6,5,893,0,0,0,0,0,820,62,6,5,893,0,0,0,893
07/16/2023,MSP,MN,AGL,CE,Towers with Radar,873,68,11,3,955,0,0,2,0,2,873,68,13,3,957,0,0,0,957
07/17/2023,MSP,MN,AGL,CE,Towers with Radar,927,70,17,7,1021,0,0,34,0,34,927,70,51,7,1055,0,0,0,1055
07/18/2023,MSP,MN,AGL,CE,Towers with Radar,842,76,24,7,949,0,0,19,1,20,842,76,43,8,969,0,0,0,969
07/19/2023,MSP,MN,AGL,CE,Towers with Radar,856,81,21,8,966,0,0,2,1,3,856,81,23,9,969,0,0,0,969
07/20/2023,MSP,MN,AGL,CE,Towers with Radar,920,110,58,10,1098,0,2,2,0,4,920,112,60,10,1102,0,0,0,1102
07/21/2023,MSP,MN,AGL,CE,Towers with Radar,929,78,23,5,1035,0,0,2,1,3,929,78,25,6,1038,0,0,0,1038
07/22/2023,MSP,MN,AGL,CE,Towers with Radar,816,62,5,1,884,0,0,0,2,2,816,62,5,3,886,0,0,0,886
07/23/2023,MSP,MN,AGL,CE,Towers with Radar,884,60,16,7,967,0,0,2,1,3,884,60,18,8,970,0,0,0,970
07/24/2023,MSP,MN,AGL,CE,Towers with Radar,923,72,39,7,1041,0,0,0,1,1,923,72,39,8,1042,0,0,0,1042
07/25/2023,MSP,MN,AGL,CE,Towers with Radar,848,76,34,8,966,0,1,1,0,2,848,77,35,8,968,0,0,0,968
07/26/2023,MSP,MN,AGL,CE,Towers with Radar,852,78,20,12,962,0,0,0,0,0,852,78,20,12,962,0,0,0,962
07/27/2023,MSP,MN,AGL,CE,Towers with Radar,927,75,24,11,1037,0,0,0,1,1,927,75,24,12,1038,0,0,0,1038
07/28/2023,MSP,MN,AGL,CE,Towers with Radar,917,77,28,10,1032,0,1,2,0,3,917,78,30,10,1035,0,0,0,1035
07/29/2023,MSP,MN,AGL,CE,Towers with Radar,822,45,16,1,884,0,0,0,0,0,822,45,16,1,884,0,0,0,884
07/30/2023,MSP,MN,AGL,CE,Towers with Radar,897,61,21,5,984,0,0,2,1,3,897,61,23,6,987,0,0,0,987
07/31/2023,MSP,MN,AGL,CE,Towers with Radar,921,71,21,4,1017,0,2,2,0,4,921,73,23,4,1021,0,0,0,1021
08/01/2023,MSP,MN,AGL,CE,Towers with Radar,845,77,22,7,951,0,2,2,0,4,845,79,24,7,955,0,0,0,955
08/02/2023,MSP,MN,AGL,CE,Towers with Radar,834,72,26,4,936,0,1,2,0,3,834,73,28,4,939,0,0,0,939
08/03/2023,MSP,MN,AGL,CE,Towers with Radar,922,87,37,4,1050,0,0,1,0,1,922,87,38,4,1051,0,0,0,1051
08/04/2023,MSP,MN,AGL,CE,Towers with Radar,942,87,24,4,1057,0,0,8,0,8,942,87,32,4,1065,0,0,0,1065
08/05/2023,MSP,MN,AGL,CE,Towers with Radar,791,62,16,2,871,0,0,1,0,1,791,62,17,2,872,0,0,0,872
08/06/2023,MSP,MN,AGL,CE,Towers with Radar,873,61,15,3,952,0,0,0,0,0,873,61,15,3,952,0,0,0,952
08/07/2023,MSP,MN,AGL,CE,Towers with Radar,895,79,25,9,1008,0,0,0,0,0,895,79,25,9,1008,0,0,0,1008
08/08/2023,MSP,MN,AGL,CE,Towers with Radar,827,85,32,8,952,0,0,2,0,2,827,85,34,8,954,0,0,0,954
08/09/2023,MSP,MN,AGL,CE,Towers with Radar,828,87,23,11,949,0,0,4,1,5,828,87,27,12,954,0,0,0,954
08/10/2023,MSP,MN,AGL,CE,Towers with Radar,926,87,28,4,1045,0,0,0,0,0,926,87,28,4,1045,0,0,0,1045
08/11/2023,MSP,MN,AGL,CE,Towers with Radar,926,87,22,8,1043,0,0,2,0,2,926,87,24,8,1045,0,0,0,1045
08/12/2023,MSP,MN,AGL,CE,Towers with Radar,783,57,17,5,862,0,0,0,1,1,783,57,17,6,863,0,0,0,863
08/13/2023,MSP,MN,AGL,CE,Towers with Radar,880,60,19,5,964,0,0,0,0,0,880,60,19,5,964,0,0,0,964
08/14/2023,MSP,MN,AGL,CE,Towers with Radar,908,68,21,6,1003,0,0,0,0,0,908,68,21,6,1003,0,0,0,1003
08/15/2023,MSP,MN,AGL,CE,Towers with Radar,817,73,35,9,934,0,0,2,0,2,817,73,37,9,936,0,0,0,936
08/16/2023,MSP,MN,AGL,CE,Towers with Radar,837,78,29,1,945,0,0,1,1,2,837,78,30,2,947,0,0,0,947
08/17/2023,MSP,MN,AGL,CE,Towers with Radar,923,83,24,3,1033,0,2,0,4,6,923,85,24,7,1039,0,0,0,1039
08/18/2023,MSP,MN,AGL,CE,Towers with Radar,900,71,26,5,1002,0,0,1,0,1,900,71,27,5,1003,0,0,0,1003
08/19/2023,MSP,MN,AGL,CE,Towers with Radar,796,54,4,3,857,0,0,1,0,1,796,54,5,3,858,0,0,0,858
08/20/2023,MSP,MN,AGL,CE,Towers with Radar,894,49,14,4,961,0,0,1,0,1,894,49,15,4,962,0,0,0,962
08/21/2023,MSP,MN,AGL,CE,Towers with Radar,905,65,27,2,999,0,0,6,1,7,905,65,33,3,1006,0,0,0,1006
08/22/2023,MSP,MN,AGL,CE,Towers with Radar,827,71,34,8,940,0,0,0,0,0,827,71,34,8,940,0,0,0,940
08/23/2023,MSP,MN,AGL,CE,Towers with Radar,831,83,22,7,943,0,0,0,0,0,831,83,22,7,943,0,0,0,943
08/24/2023,MSP,MN,AGL,CE,Towers with Radar,895,77,38,2,1012,0,0,1,0,1,895,77,39,2,1013,0,0,0,1013
08/25/2023,MSP,MN,AGL,CE,Towers with Radar,898,71,31,7,1007,0,0,0,1,1,898,71,31,8,1008,0,0,0,1008
08/26/2023,MSP,MN,AGL,CE,Towers with Radar,774,58,13,1,846,0,0,0,0,0,774,58,13,1,846,0,0,0,846
08/27/2023,MSP,MN,AGL,CE,Towers with Radar,882,62,15,3,962,0,0,2,0,2,882,62,17,3,964,0,0,0,964
08/28/2023,MSP,MN,AGL,CE,Towers with Radar,885,60,22,7,974,0,0,1,0,1,885,60,23,7,975,0,0,0,975
08/29/2023,MSP,MN,AGL,CE,Towers with Radar,805,89,23,5,922,0,0,0,0,0,805,89,23,5,922,0,0,0,922
08/30/2023,MSP,MN,AGL,CE,Towers with Radar,817,86,27,8,938,0,0,6,0,6,817,86,33,8,944,0,0,0,944
08/31/2023,MSP,MN,AGL,CE,Towers with Radar,924,95,34,4,1057,0,0,0,0,0,924,95,34,4,1057,0,0,0,1057
