01/01/2000,MSY,LA,ASW,CE,Towers with Radar,187,19,20,0,226,2,2,12,0,16,189,21,32,0,242,0,0,0,242
01/02/2000,MSY,LA,ASW,CE,Towers with Radar,302,26,54,0,382,0,3,19,0,22,302,29,73,0,404,0,0,0,404
01/03/2000,MSY,LA,ASW,CE,Towers with Radar,311,50,60,0,421,0,6,6,0,12,311,56,66,0,433,0,0,0,433
01/04/2000,MSY,LA,ASW,CE,Towers with Radar,343,77,52,0,472,0,10,26,0,36,343,87,78,0,508,0,0,0,508
01/05/2000,MSY,LA,ASW,CE,Towers with Radar,391,66,65,5,527,0,14,46,1,61,391,80,111,6,588,0,0,0,588
01/06/2000,MSY,LA,ASW,CE,Towers with Radar,320,75,42,4,441,0,15,48,0,63,320,90,90,4,504,0,0,0,504
01/07/2000,MSY,LA,ASW,CE,Towers with Radar,312,62,42,4,420,0,18,55,1,74,312,80,97,5,494,0,0,0,494
01/08/2000,MSY,LA,ASW,CE,Towers with Radar,288,48,40,1,377,0,1,1,0,2,288,49,41,1,379,0,0,0,379
01/09/2000,MSY,LA,ASW,CE,Towers with Radar,276,33,31,2,342,0,6,10,0,16,276,39,41,2,358,0,0,0,358
01/10/2000,MSY,LA,ASW,CE,Towers with Radar,300,51,25,3,379,0,7,40,3,50,300,58,65,6,429,0,0,0,429
01/11/2000,MSY,LA,ASW,CE,Towers with Radar,306,57,50,2,415,0,13,35,3,51,306,70,85,5,466,0,0,0,466
01/12/2000,MSY,LA,ASW,CE,Towers with Radar,316,60,39,3,418,0,0,1,0,1,316,60,40,3,419,0,0,0,419
01/13/2000,MSY,LA,ASW,CE,Towers with Radar,315,65,72,1,453,0,6,29,2,37,315,71,101,3,490,0,0,0,490
01/14/2000,MSY,LA,ASW,CE,Towers with Radar,314,62,66,6,448,0,2,38,0,40,314,64,104,6,488,0,0,0,488
01/15/2000,MSY,LA,ASW,CE,Towers with Radar,287,46,38,0,371,0,11,48,0,59,287,57,86,0,430,0,0,0,430
01/16/2000,MSY,LA,ASW,CE,Towers with Radar,282,28,29,1,340,0,4,49,3,56,282,32,78,4,396,0,0,0,396
01/17/2000,MSY,LA,ASW,CE,Towers with Radar,289,45,22,0,356,0,5,35,2,42,289,50,57,2,398,0,0,0,398
01/18/2000,MSY,LA,ASW,CE,Towers with Radar,305,57,35,3,400,0,15,22,3,40,305,72,57,6,440,0,0,0,440
01/19/2000,MSY,LA,ASW,CE,Towers with Radar,310,76,63,1,450,0,14,27,0,41,310,90,90,1,491,0,0,0,491
01/20/2000,MSY,LA,ASW,CE,Towers with Radar,307,60,46,2,415,0,13,50,4,67,307,73,96,6,482,0,0,0,482
01/21/2000,MSY,LA,ASW,CE,Towers with Radar,306,74,54,0,434,0,13,55,3,71,306,87,109,3,505,0,0,0,505
01/22/2000,MSY,LA,ASW,CE,Towers with Radar,281,59,49,2,391,0,9,11,1,21,281,68,60,3,412,0,0,0,412
01/23/2000,MSY,LA,ASW,CE,Towers with Radar,279,34,37,0,350,0,4,10,0,14,279,38,47,0,364,0,0,0,364
01/24/2000,MSY,LA,ASW,CE,Towers with Radar,297,54,58,2,411,0,0,1,0,1,297,54,59,2,412,0,0,0,412
01/25/2000,MSY,LA,ASW,CE,Towers with Radar,297,61,46,0,404,0,21,56,6,83,297,82,102,6,487,0,0,0,487
01/26/2000,MSY,LA,ASW,CE,Towers with Radar,292,61,52,2,407,0,16,50,2,68,292,77,102,4,475,0,0,0,475
01/27/2000,MSY,LA,ASW,CE,Towers with Radar,298,44,57,1,400,1,21,28,2,52,299,65,85,3,452,0,0,0,452
01/28/2000,MSY,LA,ASW,CE,Towers with Radar,325,63,53,11,452,1,0,3,0,4,326,63,56,11,456,0,0,0,456
01/29/2000,MSY,LA,ASW,CE,Towers with Radar,268,50,36,7,361,1,0,1,0,2,269,50,37,7,363,0,0,0,363
01/30/2000,MSY,LA,ASW,CE,Towers with Radar,240,44,25,0,309,60,31,0,0,91,300,75,25,0,400,0,0,0,400
01/31/2000,MSY,LA,ASW,CE,Towers with Radar,269,49,42,2,362,28,48,33,3,112,297,97,75,5,474,0,0,0,474
02/01/2000,MSY,LA,ASW,CE,Towers with Radar,213,63,51,2,329,0,5,36,1,42,213,68,87,3,371,0,0,0,371
02/02/2000,MSY,LA,ASW,CE,Towers with Radar,276,52,42,1,371,1,13,41,1,56,277,65,83,2,427,0,0,0,427
02/03/2000,MSY,LA,ASW,CE,Towers with Radar,310,65,53,1,429,0,20,30,1,51,310,85,83,2,480,0,0,0,480
02/04/2000,MSY,LA,ASW,CE,Towers with Radar,318,71,58,3,450,0,15,66,1,82,318,86,124,4,532,0,0,0,532
02/05/2000,MSY,LA,ASW,CE,Towers with Radar,289,51,51,2,393,0,0,47,0,47,289,51,98,2,440,0,0,0,440
02/06/2000,MSY,LA,ASW,CE,Towers with Radar,264,40,41,2,347,9,0,38,1,48,273,40,79,3,395,0,0,0,395
02/07/2000,MSY,LA,ASW,CE,Towers with Radar,300,59,43,1,403,0,1,0,0,1,300,60,43,1,404,0,0,0,404
02/08/2000,MSY,LA,ASW,CE,Towers with Radar,311,59,49,2,421,0,10,1,2,13,311,69,50,4,434,0,0,0,434
02/09/2000,MSY,LA,ASW,CE,Towers with Radar,308,63,52,0,423,9,6,41,2,58,317,69,93,2,481,0,0,0,481
02/10/2000,MSY,LA,ASW,CE,Towers with Radar,319,61,50,2,432,0,25,28,1,54,319,86,78,3,486,0,0,0,486
02/11/2000,MSY,LA,ASW,CE,Towers with Radar,320,62,50,1,433,0,22,16,0,38,320,84,66,1,471,0,0,0,471
02/12/2000,MSY,LA,ASW,CE,Towers with Radar,290,37,28,0,355,9,1,26,0,36,299,38,54,0,391,0,0,0,391
02/13/2000,MSY,LA,ASW,CE,Towers with Radar,277,29,22,0,328,9,3,14,0,26,286,32,36,0,354,0,0,0,354
02/14/2000,MSY,LA,ASW,CE,Towers with Radar,292,48,30,2,372,9,0,0,0,9,301,48,30,2,381,0,0,0,381
02/15/2000,MSY,LA,ASW,CE,Towers with Radar,311,58,35,5,409,9,0,0,0,9,320,58,35,5,418,0,0,0,418
02/16/2000,MSY,LA,ASW,CE,Towers with Radar,319,68,78,1,466,9,7,27,3,46,328,75,105,4,512,0,0,0,512
02/17/2000,MSY,LA,ASW,CE,Towers with Radar,318,55,69,7,449,9,5,26,4,44,327,60,95,11,493,0,0,0,493
02/18/2000,MSY,LA,ASW,CE,Towers with Radar,309,58,43,8,418,8,7,24,1,40,317,65,67,9,458,0,0,0,458
02/19/2000,MSY,LA,ASW,CE,Towers with Radar,288,41,26,4,359,8,5,40,2,55,296,46,66,6,414,0,0,0,414
02/20/2000,MSY,LA,ASW,CE,Towers with Radar,286,34,26,2,348,8,6,56,0,70,294,40,82,2,418,0,0,0,418
02/21/2000,MSY,LA,ASW,CE,Towers with Radar,298,45,36,0,379,8,0,1,0,9,306,45,37,0,388,0,0,0,388
02/22/2000,MSY,LA,ASW,CE,Towers with Radar,310,60,51,2,423,8,14,42,3,67,318,74,93,5,490,0,0,0,490
02/23/2000,MSY,LA,ASW,CE,Towers with Radar,315,66,46,2,429,8,14,40,2,64,323,80,86,4,493,0,0,0,493
02/24/2000,MSY,LA,ASW,CE,Towers with Radar,316,58,73,1,448,8,20,28,5,61,324,78,101,6,509,0,0,0,509
02/25/2000,MSY,LA,ASW,CE,Towers with Radar,316,65,60,3,444,8,17,49,3,77,324,82,109,6,521,0,0,0,521
02/26/2000,MSY,LA,ASW,CE,Towers with Radar,309,50,13,9,381,8,14,22,0,44,317,64,35,9,425,0,0,0,425
02/27/2000,MSY,LA,ASW,CE,Towers with Radar,285,30,39,0,354,8,6,45,4,63,293,36,84,4,417,0,0,0,417
02/28/2000,MSY,LA,ASW,CE,Towers with Radar,302,54,64,1,421,8,0,0,0,8,310,54,64,1,429,0,0,0,429
02/29/2000,MSY,LA,ASW,CE,Towers with Radar,315,71,42,2,430,8,25,51,0,84,323,96,93,2,514,0,0,0,514
03/01/2000,MSY,LA,ASW,CE,Towers with Radar,325,77,69,2,473,1,17,41,0,59,326,94,110,2,532,0,0,0,532
03/02/2000,MSY,LA,ASW,CE,Towers with Radar,326,60,62,3,451,1,14,42,0,57,327,74,104,3,508,0,0,0,508
03/03/2000,MSY,LA,ASW,CE,Towers with Radar,333,68,57,6,464,1,8,27,0,36,334,76,84,6,500,0,0,0,500
03/04/2000,MSY,LA,ASW,CE,Towers with Radar,312,45,39,2,398,1,3,52,0,56,313,48,91,2,454,0,0,0,454
03/05/2000,MSY,LA,ASW,CE,Towers with Radar,294,27,44,0,365,1,7,47,1,56,295,34,91,1,421,0,0,0,421
03/06/2000,MSY,LA,ASW,CE,Towers with Radar,300,43,32,0,375,1,0,1,0,2,301,43,33,0,377,0,0,0,377
03/07/2000,MSY,LA,ASW,CE,Towers with Radar,331,61,24,4,420,1,4,46,1,52,332,65,70,5,472,0,0,0,472
03/08/2000,MSY,LA,ASW,CE,Towers with Radar,351,64,50,1,466,1,12,30,0,43,352,76,80,1,509,0,0,0,509
03/09/2000,MSY,LA,ASW,CE,Towers with Radar,331,65,45,1,442,1,22,30,1,54,332,87,75,2,496,0,0,0,496
03/10/2000,MSY,LA,ASW,CE,Towers with Radar,312,62,52,3,429,1,14,34,1,50,313,76,86,4,479,0,0,0,479
03/11/2000,MSY,LA,ASW,CE,Towers with Radar,313,42,29,0,384,1,2,18,1,22,314,44,47,1,406,0,0,0,406
03/12/2000,MSY,LA,ASW,CE,Towers with Radar,292,32,50,0,374,1,4,56,0,61,293,36,106,0,435,0,0,0,435
03/13/2000,MSY,LA,ASW,CE,Towers with Radar,309,50,28,1,388,0,0,0,0,0,309,50,28,1,388,0,0,0,388
03/14/2000,MSY,LA,ASW,CE,Towers with Radar,319,58,57,2,436,1,13,43,0,57,320,71,100,2,493,0,0,0,493
03/15/2000,MSY,LA,ASW,CE,Towers with Radar,327,56,45,1,429,1,17,15,0,33,328,73,60,1,462,0,0,0,462
03/16/2000,MSY,LA,ASW,CE,Towers with Radar,325,52,54,1,432,1,16,37,2,56,326,68,91,3,488,0,0,0,488
03/17/2000,MSY,LA,ASW,CE,Towers with Radar,324,59,47,3,433,1,18,46,1,66,325,77,93,4,499,0,0,0,499
03/18/2000,MSY,LA,ASW,CE,Towers with Radar,304,44,28,0,376,1,2,14,1,18,305,46,42,1,394,0,0,0,394
03/19/2000,MSY,LA,ASW,CE,Towers with Radar,276,27,28,0,331,1,0,0,0,1,277,27,28,0,332,0,0,0,332
03/20/2000,MSY,LA,ASW,CE,Towers with Radar,306,51,27,8,392,0,15,52,1,68,306,66,79,9,460,0,0,0,460
03/21/2000,MSY,LA,ASW,CE,Towers with Radar,320,56,57,1,434,0,13,43,2,58,320,69,100,3,492,0,0,0,492
03/22/2000,MSY,LA,ASW,CE,Towers with Radar,324,59,50,3,436,0,17,43,3,63,324,76,93,6,499,0,0,0,499
03/23/2000,MSY,LA,ASW,CE,Towers with Radar,315,56,64,4,439,0,30,41,2,73,315,86,105,6,512,0,0,0,512
03/24/2000,MSY,LA,ASW,CE,Towers with Radar,335,70,78,6,489,0,15,48,3,66,335,85,126,9,555,0,0,0,555
03/25/2000,MSY,LA,ASW,CE,Towers with Radar,297,43,31,2,373,0,4,31,2,37,297,47,62,4,410,0,0,0,410
03/26/2000,MSY,LA,ASW,CE,Towers with Radar,293,39,28,2,362,0,6,29,1,36,293,45,57,3,398,0,0,0,398
03/27/2000,MSY,LA,ASW,CE,Towers with Radar,305,47,43,0,395,0,0,1,0,1,305,47,44,0,396,0,0,0,396
03/28/2000,MSY,LA,ASW,CE,Towers with Radar,323,59,43,1,426,0,14,37,1,52,323,73,80,2,478,0,0,0,478
03/29/2000,MSY,LA,ASW,CE,Towers with Radar,322,54,45,3,424,0,28,24,2,54,322,82,69,5,478,0,0,0,478
03/30/2000,MSY,LA,ASW,CE,Towers with Radar,322,67,61,5,455,0,11,31,2,44,322,78,92,7,499,0,0,0,499
03/31/2000,MSY,LA,ASW,CE,Towers with Radar,328,63,55,1,447,0,8,73,3,84,328,71,128,4,531,0,0,0,531
04/01/2000,MSY,LA,ASW,CE,Towers with Radar,294,41,27,0,362,0,7,19,0,26,294,48,46,0,388,0,0,0,388
04/02/2000,MSY,LA,ASW,CE,Towers with Radar,299,46,39,1,385,17,8,2,2,29,316,54,41,3,414,0,0,0,414
04/03/2000,MSY,LA,ASW,CE,Towers with Radar,320,41,30,0,391,0,5,13,0,18,320,46,43,0,409,0,0,0,409
04/04/2000,MSY,LA,ASW,CE,Towers with Radar,325,56,51,0,432,0,7,42,6,55,325,63,93,6,487,0,0,0,487
04/05/2000,MSY,LA,ASW,CE,Towers with Radar,323,57,76,2,458,0,11,65,3,79,323,68,141,5,537,0,0,0,537
04/06/2000,MSY,LA,ASW,CE,Towers with Radar,321,55,53,2,431,0,16,62,0,78,321,71,115,2,509,0,0,0,509
04/07/2000,MSY,LA,ASW,CE,Towers with Radar,329,62,53,3,447,0,32,72,4,108,329,94,125,7,555,0,0,0,555
04/08/2000,MSY,LA,ASW,CE,Towers with Radar,299,37,25,6,367,0,9,35,1,45,299,46,60,7,412,0,0,0,412
04/09/2000,MSY,LA,ASW,CE,Towers with Radar,295,46,25,0,366,30,4,0,0,34,325,50,25,0,400,0,0,0,400
04/10/2000,MSY,LA,ASW,CE,Towers with Radar,310,48,32,1,391,0,1,0,0,1,310,49,32,1,392,0,0,0,392
04/11/2000,MSY,LA,ASW,CE,Towers with Radar,321,58,50,2,431,0,14,37,3,54,321,72,87,5,485,0,0,0,485
04/12/2000,MSY,LA,ASW,CE,Towers with Radar,323,55,38,1,417,0,23,31,5,59,323,78,69,6,476,0,0,0,476
04/13/2000,MSY,LA,ASW,CE,Towers with Radar,319,63,43,0,425,0,22,18,0,40,319,85,61,0,465,0,0,0,465
04/14/2000,MSY,LA,ASW,CE,Towers with Radar,327,66,46,5,444,0,4,23,3,30,327,70,69,8,474,0,0,0,474
04/15/2000,MSY,LA,ASW,CE,Towers with Radar,311,41,29,1,382,0,16,24,0,40,311,57,53,1,422,0,0,0,422
04/16/2000,MSY,LA,ASW,CE,Towers with Radar,288,32,37,1,358,0,3,41,0,44,288,35,78,1,402,0,0,0,402
04/17/2000,MSY,LA,ASW,CE,Towers with Radar,295,43,44,5,387,0,13,27,2,42,295,56,71,7,429,0,0,0,429
04/18/2000,MSY,LA,ASW,CE,Towers with Radar,335,53,42,0,430,0,23,62,2,87,335,76,104,2,517,0,0,0,517
04/19/2000,MSY,LA,ASW,CE,Towers with Radar,337,62,66,2,467,0,13,45,1,59,337,75,111,3,526,0,0,0,526
04/20/2000,MSY,LA,ASW,CE,Towers with Radar,309,52,55,3,419,0,29,42,0,71,309,81,97,3,490,0,0,0,490
04/21/2000,MSY,LA,ASW,CE,Towers with Radar,335,58,31,2,426,0,18,43,1,62,335,76,74,3,488,0,0,0,488
04/22/2000,MSY,LA,ASW,CE,Towers with Radar,292,29,23,0,344,0,13,44,2,59,292,42,67,2,403,0,0,0,403
04/23/2000,MSY,LA,ASW,CE,Towers with Radar,276,29,24,0,329,0,4,21,0,25,276,33,45,0,354,0,0,0,354
04/24/2000,MSY,LA,ASW,CE,Towers with Radar,301,43,68,2,414,0,0,1,0,1,301,43,69,2,415,0,0,0,415
04/25/2000,MSY,LA,ASW,CE,Towers with Radar,327,83,63,8,481,0,0,1,0,1,327,83,64,8,482,0,0,0,482
04/26/2000,MSY,LA,ASW,CE,Towers with Radar,322,65,47,8,442,0,21,57,3,81,322,86,104,11,523,0,0,0,523
04/27/2000,MSY,LA,ASW,CE,Towers with Radar,325,51,46,5,427,0,17,36,13,66,325,68,82,18,493,0,0,0,493
04/28/2000,MSY,LA,ASW,CE,Towers with Radar,330,54,38,2,424,0,23,41,1,65,330,77,79,3,489,0,0,0,489
04/29/2000,MSY,LA,ASW,CE,Towers with Radar,304,34,27,2,367,0,13,41,2,56,304,47,68,4,423,0,0,0,423
04/30/2000,MSY,LA,ASW,CE,Towers with Radar,291,27,26,1,345,0,5,52,0,57,291,32,78,1,402,0,0,0,402
05/01/2000,MSY,LA,ASW,CE,Towers with Radar,304,53,32,2,391,2,0,0,0,2,306,53,32,2,393,0,0,0,393
05/02/2000,MSY,LA,ASW,CE,Towers with Radar,319,59,36,1,415,2,31,30,2,65,321,90,66,3,480,0,0,0,480
05/03/2000,MSY,LA,ASW,CE,Towers with Radar,318,66,56,0,440,2,24,28,0,54,320,90,84,0,494,0,0,0,494
05/04/2000,MSY,LA,ASW,CE,Towers with Radar,316,73,54,5,448,2,7,32,0,41,318,80,86,5,489,0,0,0,489
05/05/2000,MSY,LA,ASW,CE,Towers with Radar,339,58,47,5,449,1,17,33,1,52,340,75,80,6,501,0,0,0,501
05/06/2000,MSY,LA,ASW,CE,Towers with Radar,313,49,29,1,392,1,11,29,1,42,314,60,58,2,434,0,0,0,434
05/07/2000,MSY,LA,ASW,CE,Towers with Radar,279,36,40,1,356,1,3,47,1,52,280,39,87,2,408,0,0,0,408
05/08/2000,MSY,LA,ASW,CE,Towers with Radar,311,57,55,0,423,1,0,1,0,2,312,57,56,0,425,0,0,0,425
05/09/2000,MSY,LA,ASW,CE,Towers with Radar,313,54,61,1,429,1,10,48,1,60,314,64,109,2,489,0,0,0,489
05/10/2000,MSY,LA,ASW,CE,Towers with Radar,312,67,63,2,444,1,11,37,2,51,313,78,100,4,495,0,0,0,495
05/11/2000,MSY,LA,ASW,CE,Towers with Radar,311,60,55,0,426,1,29,47,0,77,312,89,102,0,503,0,0,0,503
05/12/2000,MSY,LA,ASW,CE,Towers with Radar,322,60,47,5,434,1,0,1,0,2,323,60,48,5,436,0,0,0,436
05/13/2000,MSY,LA,ASW,CE,Towers with Radar,298,34,32,0,364,1,6,21,0,28,299,40,53,0,392,0,0,0,392
05/14/2000,MSY,LA,ASW,CE,Towers with Radar,284,34,28,4,350,1,2,23,1,27,285,36,51,5,377,0,0,0,377
05/15/2000,MSY,LA,ASW,CE,Towers with Radar,250,41,26,2,319,49,5,0,5,59,299,46,26,7,378,0,0,0,378
05/16/2000,MSY,LA,ASW,CE,Towers with Radar,319,55,49,2,425,0,21,47,0,68,319,76,96,2,493,0,0,0,493
05/17/2000,MSY,LA,ASW,CE,Towers with Radar,328,54,48,1,431,32,12,15,0,59,360,66,63,1,490,0,0,0,490
05/18/2000,MSY,LA,ASW,CE,Towers with Radar,319,57,51,2,429,0,23,53,0,76,319,80,104,2,505,0,0,0,505
05/19/2000,MSY,LA,ASW,CE,Towers with Radar,314,59,59,4,436,1,18,74,2,95,315,77,133,6,531,0,0,0,531
05/20/2000,MSY,LA,ASW,CE,Towers with Radar,335,44,28,1,408,1,15,27,2,45,336,59,55,3,453,0,0,0,453
05/21/2000,MSY,LA,ASW,CE,Towers with Radar,250,44,25,0,319,0,6,0,0,6,250,50,25,0,325,0,0,0,325
05/22/2000,MSY,LA,ASW,CE,Towers with Radar,302,41,37,2,382,1,0,0,0,1,303,41,37,2,383,0,0,0,383
05/23/2000,MSY,LA,ASW,CE,Towers with Radar,326,60,48,8,442,1,21,61,1,84,327,81,109,9,526,0,0,0,526
05/24/2000,MSY,LA,ASW,CE,Towers with Radar,322,53,56,3,434,1,21,53,2,77,323,74,109,5,511,0,0,0,511
05/25/2000,MSY,LA,ASW,CE,Towers with Radar,313,53,50,6,422,1,23,53,0,77,314,76,103,6,499,0,0,0,499
05/26/2000,MSY,LA,ASW,CE,Towers with Radar,332,50,53,7,442,1,13,34,0,48,333,63,87,7,490,0,0,0,490
05/27/2000,MSY,LA,ASW,CE,Towers with Radar,292,42,35,3,372,1,5,31,0,37,293,47,66,3,409,0,0,0,409
05/28/2000,MSY,LA,ASW,CE,Towers with Radar,271,20,20,0,311,1,10,36,1,48,272,30,56,1,359,0,0,0,359
05/29/2000,MSY,LA,ASW,CE,Towers with Radar,284,27,41,2,354,1,0,0,0,1,285,27,41,2,355,0,0,0,355
05/30/2000,MSY,LA,ASW,CE,Towers with Radar,301,47,36,1,385,1,10,38,2,51,302,57,74,3,436,0,0,0,436
05/31/2000,MSY,LA,ASW,CE,Towers with Radar,330,59,61,1,451,1,10,46,1,58,331,69,107,2,509,0,0,0,509
06/01/2000,MSY,LA,ASW,CE,Towers with Radar,313,59,31,5,408,5,11,51,3,70,318,70,82,8,478,0,0,0,478
06/02/2000,MSY,LA,ASW,CE,Towers with Radar,328,56,43,2,429,2,7,46,4,59,330,63,89,6,488,0,0,0,488
06/03/2000,MSY,LA,ASW,CE,Towers with Radar,306,35,44,0,385,2,3,36,2,43,308,38,80,2,428,0,0,0,428
06/04/2000,MSY,LA,ASW,CE,Towers with Radar,285,30,36,0,351,2,6,32,3,43,287,36,68,3,394,0,0,0,394
06/05/2000,MSY,LA,ASW,CE,Towers with Radar,311,49,35,0,395,1,14,20,1,36,312,63,55,1,431,0,0,0,431
06/06/2000,MSY,LA,ASW,CE,Towers with Radar,330,55,54,4,443,1,12,37,3,53,331,67,91,7,496,0,0,0,496
06/07/2000,MSY,LA,ASW,CE,Towers with Radar,320,57,49,1,427,1,37,37,4,79,321,94,86,5,506,0,0,0,506
06/08/2000,MSY,LA,ASW,CE,Towers with Radar,329,54,66,7,456,1,22,43,2,68,330,76,109,9,524,0,0,0,524
06/09/2000,MSY,LA,ASW,CE,Towers with Radar,334,55,41,1,431,1,6,37,0,44,335,61,78,1,475,0,0,0,475
06/10/2000,MSY,LA,ASW,CE,Towers with Radar,302,38,21,2,363,1,8,30,1,40,303,46,51,3,403,0,0,0,403
06/11/2000,MSY,LA,ASW,CE,Towers with Radar,278,29,29,1,337,1,6,32,0,39,279,35,61,1,376,0,0,0,376
06/12/2000,MSY,LA,ASW,CE,Towers with Radar,308,49,40,2,399,0,0,0,0,0,308,49,40,2,399,0,0,0,399
06/13/2000,MSY,LA,ASW,CE,Towers with Radar,324,56,37,0,417,1,14,35,0,50,325,70,72,0,467,0,0,0,467
06/14/2000,MSY,LA,ASW,CE,Towers with Radar,296,46,38,1,381,18,13,37,3,71,314,59,75,4,452,0,0,0,452
06/15/2000,MSY,LA,ASW,CE,Towers with Radar,311,52,34,2,399,1,23,37,1,62,312,75,71,3,461,0,0,0,461
06/16/2000,MSY,LA,ASW,CE,Towers with Radar,332,60,44,1,437,1,17,19,3,40,333,77,63,4,477,0,0,0,477
06/17/2000,MSY,LA,ASW,CE,Towers with Radar,243,38,31,0,312,84,11,17,0,112,327,49,48,0,424,0,0,0,424
06/18/2000,MSY,LA,ASW,CE,Towers with Radar,298,26,18,1,343,2,5,11,1,19,300,31,29,2,362,0,0,0,362
06/19/2000,MSY,LA,ASW,CE,Towers with Radar,319,40,25,1,385,2,1,1,0,4,321,41,26,1,389,0,0,0,389
06/20/2000,MSY,LA,ASW,CE,Towers with Radar,315,56,38,0,409,2,20,41,1,64,317,76,79,1,473,0,0,0,473
06/21/2000,MSY,LA,ASW,CE,Towers with Radar,319,57,36,0,412,2,24,54,0,80,321,81,90,0,492,0,0,0,492
06/22/2000,MSY,LA,ASW,CE,Towers with Radar,328,56,60,4,448,2,18,44,1,65,330,74,104,5,513,0,0,0,513
06/23/2000,MSY,LA,ASW,CE,Towers with Radar,335,56,50,2,443,2,16,48,3,69,337,72,98,5,512,0,0,0,512
06/24/2000,MSY,LA,ASW,CE,Towers with Radar,307,39,28,1,375,2,5,46,3,56,309,44,74,4,431,0,0,0,431
06/25/2000,MSY,LA,ASW,CE,Towers with Radar,277,31,33,0,341,2,2,35,0,39,279,33,68,0,380,0,0,0,380
06/26/2000,MSY,LA,ASW,CE,Towers with Radar,309,49,49,3,410,2,10,33,3,48,311,59,82,6,458,0,0,0,458
06/27/2000,MSY,LA,ASW,CE,Towers with Radar,324,54,52,2,432,2,8,27,3,40,326,62,79,5,472,0,0,0,472
06/28/2000,MSY,LA,ASW,CE,Towers with Radar,330,59,60,2,451,2,12,45,2,61,332,71,105,4,512,0,0,0,512
06/29/2000,MSY,LA,ASW,CE,Towers with Radar,320,68,50,7,445,2,16,36,2,56,322,84,86,9,501,0,0,0,501
06/30/2000,MSY,LA,ASW,CE,Towers with Radar,329,54,54,2,439,2,12,29,1,44,331,66,83,3,483,0,0,0,483
07/01/2000,MSY,LA,ASW,CE,Towers with Radar,320,46,59,0,425,0,8,23,1,32,320,54,82,1,457,0,0,0,457
07/02/2000,MSY,LA,ASW,CE,Towers with Radar,274,34,15,1,324,0,4,15,0,19,274,38,30,1,343,0,0,0,343
07/03/2000,MSY,LA,ASW,CE,Towers with Radar,270,21,24,2,317,0,7,39,1,47,270,28,63,3,364,0,0,0,364
07/04/2000,MSY,LA,ASW,CE,Towers with Radar,286,30,18,0,334,0,3,38,2,43,286,33,56,2,377,0,0,0,377
07/05/2000,MSY,LA,ASW,CE,Towers with Radar,310,46,33,4,393,0,10,33,4,47,310,56,66,8,440,0,0,0,440
07/06/2000,MSY,LA,ASW,CE,Towers with Radar,321,59,35,3,418,0,30,40,2,72,321,89,75,5,490,0,0,0,490
07/07/2000,MSY,LA,ASW,CE,Towers with Radar,343,55,53,0,451,0,14,38,3,55,343,69,91,3,506,0,0,0,506
07/08/2000,MSY,LA,ASW,CE,Towers with Radar,304,35,44,0,383,0,8,50,0,58,304,43,94,0,441,0,0,0,441
07/09/2000,MSY,LA,ASW,CE,Towers with Radar,283,31,45,2,361,0,6,24,1,31,283,37,69,3,392,0,0,0,392
07/10/2000,MSY,LA,ASW,CE,Towers with Radar,304,46,38,4,392,0,0,0,0,0,304,46,38,4,392,0,0,0,392
07/11/2000,MSY,LA,ASW,CE,Towers with Radar,327,56,51,5,439,0,24,36,1,61,327,80,87,6,500,0,0,0,500
07/12/2000,MSY,LA,ASW,CE,Towers with Radar,322,61,64,0,447,0,14,55,3,72,322,75,119,3,519,0,0,0,519
07/13/2000,MSY,LA,ASW,CE,Towers with Radar,322,59,48,0,429,0,17,46,4,67,322,76,94,4,496,0,0,0,496
07/14/2000,MSY,LA,ASW,CE,Towers with Radar,324,54,57,3,438,0,8,52,0,60,324,62,109,3,498,0,0,0,498
07/15/2000,MSY,LA,ASW,CE,Towers with Radar,313,39,25,4,381,0,8,36,3,47,313,47,61,7,428,0,0,0,428
07/16/2000,MSY,LA,ASW,CE,Towers with Radar,281,29,21,3,334,0,4,38,2,44,281,33,59,5,378,0,0,0,378
07/17/2000,MSY,LA,ASW,CE,Towers with Radar,310,44,45,0,399,0,0,0,0,0,310,44,45,0,399,0,0,0,399
07/18/2000,MSY,LA,ASW,CE,Towers with Radar,323,56,46,1,426,0,14,38,0,52,323,70,84,1,478,0,0,0,478
07/19/2000,MSY,LA,ASW,CE,Towers with Radar,316,56,43,1,416,0,25,63,1,89,316,81,106,2,505,0,0,0,505
07/20/2000,MSY,LA,ASW,CE,Towers with Radar,322,64,43,2,431,0,20,45,2,67,322,84,88,4,498,0,0,0,498
07/21/2000,MSY,LA,ASW,CE,Towers with Radar,331,61,35,4,431,0,24,40,2,66,331,85,75,6,497,0,0,0,497
07/22/2000,MSY,LA,ASW,CE,Towers with Radar,314,44,24,9,391,0,10,36,3,49,314,54,60,12,440,0,0,0,440
07/23/2000,MSY,LA,ASW,CE,Towers with Radar,280,30,22,2,334,0,3,19,3,25,280,33,41,5,359,0,0,0,359
07/24/2000,MSY,LA,ASW,CE,Towers with Radar,313,49,39,6,407,0,0,0,0,0,313,49,39,6,407,0,0,0,407
07/25/2000,MSY,LA,ASW,CE,Towers with Radar,324,57,82,1,464,0,12,52,0,64,324,69,134,1,528,0,0,0,528
07/26/2000,MSY,LA,ASW,CE,Towers with Radar,316,66,56,2,440,0,8,46,0,54,316,74,102,2,494,0,0,0,494
07/27/2000,MSY,LA,ASW,CE,Towers with Radar,324,62,58,8,452,0,22,50,4,76,324,84,108,12,528,0,0,0,528
07/28/2000,MSY,LA,ASW,CE,Towers with Radar,326,60,73,5,464,0,23,55,3,81,326,83,128,8,545,0,0,0,545
07/29/2000,MSY,LA,ASW,CE,Towers with Radar,314,40,35,2,391,0,11,47,0,58,314,51,82,2,449,0,0,0,449
07/30/2000,MSY,LA,ASW,CE,Towers with Radar,281,29,35,0,345,0,0,0,0,0,281,29,35,0,345,0,0,0,345
07/31/2000,MSY,LA,ASW,CE,Towers with Radar,308,55,45,5,413,0,13,28,0,41,308,68,73,5,454,0,0,0,454
08/01/2000,MSY,LA,ASW,CE,Towers with Radar,319,61,61,4,445,0,16,22,0,38,319,77,83,4,483,0,0,0,483
08/02/2000,MSY,LA,ASW,CE,Towers with Radar,320,73,69,3,465,0,19,42,4,65,320,92,111,7,530,0,0,0,530
08/03/2000,MSY,LA,ASW,CE,Towers with Radar,323,55,52,7,437,0,22,35,1,58,323,77,87,8,495,0,0,0,495
08/04/2000,MSY,LA,ASW,CE,Towers with Radar,328,62,71,5,466,0,18,33,2,53,328,80,104,7,519,0,0,0,519
08/05/2000,MSY,LA,ASW,CE,Towers with Radar,306,53,65,3,427,0,5,43,5,53,306,58,108,8,480,0,0,0,480
08/06/2000,MSY,LA,ASW,CE,Towers with Radar,289,37,40,2,368,0,11,46,0,57,289,48,86,2,425,0,0,0,425
08/07/2000,MSY,LA,ASW,CE,Towers with Radar,340,55,49,2,446,0,1,0,0,1,340,56,49,2,447,0,0,0,447
08/08/2000,MSY,LA,ASW,CE,Towers with Radar,330,67,63,7,467,0,1,0,0,1,330,68,63,7,468,0,0,0,468
08/09/2000,MSY,LA,ASW,CE,Towers with Radar,333,57,68,5,463,0,18,59,3,80,333,75,127,8,543,0,0,0,543
08/10/2000,MSY,LA,ASW,CE,Towers with Radar,330,59,68,2,459,0,23,51,3,77,330,82,119,5,536,0,0,0,536
08/11/2000,MSY,LA,ASW,CE,Towers with Radar,347,51,59,11,468,0,11,36,3,50,347,62,95,14,518,0,0,0,518
08/12/2000,MSY,LA,ASW,CE,Towers with Radar,327,48,37,4,416,0,13,46,5,64,327,61,83,9,480,0,0,0,480
08/13/2000,MSY,LA,ASW,CE,Towers with Radar,288,28,61,7,384,0,4,50,1,55,288,32,111,8,439,0,0,0,439
08/14/2000,MSY,LA,ASW,CE,Towers with Radar,318,45,60,1,424,0,0,0,1,1,318,45,60,2,425,0,0,0,425
08/15/2000,MSY,LA,ASW,CE,Towers with Radar,339,57,67,0,463,0,15,49,4,68,339,72,116,4,531,0,0,0,531
08/16/2000,MSY,LA,ASW,CE,Towers with Radar,328,61,59,2,450,0,20,47,0,67,328,81,106,2,517,0,0,0,517
08/17/2000,MSY,LA,ASW,CE,Towers with Radar,328,76,60,6,470,0,27,42,5,74,328,103,102,11,544,0,0,0,544
08/18/2000,MSY,LA,ASW,CE,Towers with Radar,333,62,64,4,463,0,20,59,6,85,333,82,123,10,548,0,0,0,548
08/19/2000,MSY,LA,ASW,CE,Towers with Radar,321,46,46,2,415,0,11,28,2,41,321,57,74,4,456,0,0,0,456
08/20/2000,MSY,LA,ASW,CE,Towers with Radar,282,38,34,2,356,0,9,35,0,44,282,47,69,2,400,0,0,0,400
08/21/2000,MSY,LA,ASW,CE,Towers with Radar,326,49,67,0,442,0,0,0,0,0,326,49,67,0,442,0,0,0,442
08/22/2000,MSY,LA,ASW,CE,Towers with Radar,326,61,63,2,452,0,31,32,1,64,326,92,95,3,516,0,0,0,516
08/23/2000,MSY,LA,ASW,CE,Towers with Radar,339,68,71,1,479,0,21,31,0,52,339,89,102,1,531,0,0,0,531
08/24/2000,MSY,LA,ASW,CE,Towers with Radar,324,62,62,0,448,0,9,42,6,57,324,71,104,6,505,0,0,0,505
08/25/2000,MSY,LA,ASW,CE,Towers with Radar,342,56,59,8,465,0,17,51,5,73,342,73,110,13,538,0,0,0,538
08/26/2000,MSY,LA,ASW,CE,Towers with Radar,314,46,46,0,406,0,7,49,4,60,314,53,95,4,466,0,0,0,466
08/27/2000,MSY,LA,ASW,CE,Towers with Radar,235,29,41,0,305,46,0,0,0,46,281,29,41,0,351,0,0,0,351
08/28/2000,MSY,LA,ASW,CE,Towers with Radar,321,53,47,0,421,0,0,0,0,0,321,53,47,0,421,0,0,0,421
08/29/2000,MSY,LA,ASW,CE,Towers with Radar,333,67,60,5,465,0,16,38,4,58,333,83,98,9,523,0,0,0,523
08/30/2000,MSY,LA,ASW,CE,Towers with Radar,332,63,44,4,443,0,22,58,3,83,332,85,102,7,526,0,0,0,526
08/31/2000,MSY,LA,ASW,CE,Towers with Radar,334,63,47,2,446,0,21,38,4,63,334,84,85,6,509,0,0,0,509
09/01/2000,MSY,LA,ASW,CE,Towers with Radar,346,66,68,4,484,0,15,46,1,62,346,81,114,5,546,0,0,0,546
09/02/2000,MSY,LA,ASW,CE,Towers with Radar,318,45,38,1,402,0,7,36,2,45,318,52,74,3,447,0,0,0,447
09/03/2000,MSY,LA,ASW,CE,Towers with Radar,261,22,38,1,322,0,12,33,1,46,261,34,71,2,368,0,0,0,368
09/04/2000,MSY,LA,ASW,CE,Towers with Radar,286,34,33,1,354,0,1,0,0,1,286,35,33,1,355,0,0,0,355
09/05/2000,MSY,LA,ASW,CE,Towers with Radar,322,53,46,5,426,0,16,20,0,36,322,69,66,5,462,0,0,0,462
09/06/2000,MSY,LA,ASW,CE,Towers with Radar,330,71,57,2,460,0,17,37,2,56,330,88,94,4,516,0,0,0,516
09/07/2000,MSY,LA,ASW,CE,Towers with Radar,338,68,65,9,480,0,21,44,5,70,338,89,109,14,550,0,0,0,550
09/08/2000,MSY,LA,ASW,CE,Towers with Radar,337,73,48,5,463,0,6,11,3,20,337,79,59,8,483,0,0,0,483
09/09/2000,MSY,LA,ASW,CE,Towers with Radar,324,42,26,1,393,0,6,8,0,14,324,48,34,1,407,0,0,0,407
09/10/2000,MSY,LA,ASW,CE,Towers with Radar,285,36,23,3,347,0,8,15,2,25,285,44,38,5,372,0,0,0,372
09/11/2000,MSY,LA,ASW,CE,Towers with Radar,294,51,38,2,385,26,4,9,3,42,320,55,47,5,427,0,0,0,427
09/12/2000,MSY,LA,ASW,CE,Towers with Radar,326,64,35,4,429,0,19,33,2,54,326,83,68,6,483,0,0,0,483
09/13/2000,MSY,LA,ASW,CE,Towers with Radar,338,68,46,4,456,0,28,41,0,69,338,96,87,4,525,0,0,0,525
09/14/2000,MSY,LA,ASW,CE,Towers with Radar,329,68,43,5,445,0,29,23,5,57,329,97,66,10,502,0,0,0,502
09/15/2000,MSY,LA,ASW,CE,Towers with Radar,350,70,58,2,480,0,12,48,2,62,350,82,106,4,542,0,0,0,542
09/16/2000,MSY,LA,ASW,CE,Towers with Radar,317,45,36,0,398,0,9,55,2,66,317,54,91,2,464,0,0,0,464
09/17/2000,MSY,LA,ASW,CE,Towers with Radar,305,32,36,1,374,0,7,48,0,55,305,39,84,1,429,0,0,0,429
09/18/2000,MSY,LA,ASW,CE,Towers with Radar,312,53,41,2,408,0,0,0,0,0,312,53,41,2,408,0,0,0,408
09/19/2000,MSY,LA,ASW,CE,Towers with Radar,332,58,47,4,441,0,15,28,1,44,332,73,75,5,485,0,0,0,485
09/20/2000,MSY,LA,ASW,CE,Towers with Radar,336,64,39,4,443,0,13,20,1,34,336,77,59,5,477,0,0,0,477
09/21/2000,MSY,LA,ASW,CE,Towers with Radar,347,73,46,2,468,0,13,24,1,38,347,86,70,3,506,0,0,0,506
09/22/2000,MSY,LA,ASW,CE,Towers with Radar,336,66,45,0,447,0,13,15,1,29,336,79,60,1,476,0,0,0,476
09/23/2000,MSY,LA,ASW,CE,Towers with Radar,328,42,30,1,401,0,4,38,1,43,328,46,68,2,444,0,0,0,444
09/24/2000,MSY,LA,ASW,CE,Towers with Radar,294,37,39,0,370,0,9,35,0,44,294,46,74,0,414,0,0,0,414
09/25/2000,MSY,LA,ASW,CE,Towers with Radar,316,52,30,0,398,0,0,0,0,0,316,52,30,0,398,0,0,0,398
09/26/2000,MSY,LA,ASW,CE,Towers with Radar,342,64,38,3,447,0,22,35,2,59,342,86,73,5,506,0,0,0,506
09/27/2000,MSY,LA,ASW,CE,Towers with Radar,328,69,50,2,449,0,15,52,4,71,328,84,102,6,520,0,0,0,520
09/28/2000,MSY,LA,ASW,CE,Towers with Radar,328,64,58,0,450,0,20,53,5,78,328,84,111,5,528,0,0,0,528
09/29/2000,MSY,LA,ASW,CE,Towers with Radar,338,70,33,1,442,0,10,61,2,73,338,80,94,3,515,0,0,0,515
09/30/2000,MSY,LA,ASW,CE,Towers with Radar,313,39,36,0,388,0,2,61,1,64,313,41,97,1,452,0,0,0,452
10/01/2000,MSY,LA,ASW,CE,Towers with Radar,283,34,35,1,353,7,7,54,0,68,290,41,89,1,421,0,0,0,421
10/02/2000,MSY,LA,ASW,CE,Towers with Radar,267,46,48,0,361,43,8,0,0,51,310,54,48,0,412,0,0,0,412
10/03/2000,MSY,LA,ASW,CE,Towers with Radar,335,69,46,2,452,2,18,48,2,70,337,87,94,4,522,0,0,0,522
10/04/2000,MSY,LA,ASW,CE,Towers with Radar,320,66,65,1,452,1,7,44,6,58,321,73,109,7,510,0,0,0,510
10/05/2000,MSY,LA,ASW,CE,Towers with Radar,335,65,36,1,437,2,21,39,4,66,337,86,75,5,503,0,0,0,503
10/06/2000,MSY,LA,ASW,CE,Towers with Radar,347,58,45,0,450,2,8,9,1,20,349,66,54,1,470,0,0,0,470
10/07/2000,MSY,LA,ASW,CE,Towers with Radar,323,44,39,0,406,2,5,32,3,42,325,49,71,3,448,0,0,0,448
10/08/2000,MSY,LA,ASW,CE,Towers with Radar,288,40,45,0,373,1,4,29,2,36,289,44,74,2,409,0,0,0,409
10/09/2000,MSY,LA,ASW,CE,Towers with Radar,325,59,122,7,513,2,0,2,1,5,327,59,124,8,518,0,0,0,518
10/10/2000,MSY,LA,ASW,CE,Towers with Radar,331,81,163,3,578,1,11,62,6,80,332,92,225,9,658,0,0,0,658
10/11/2000,MSY,LA,ASW,CE,Towers with Radar,334,83,92,4,513,0,0,80,1,81,334,83,172,5,594,0,0,0,594
10/12/2000,MSY,LA,ASW,CE,Towers with Radar,330,73,179,10,592,2,0,2,1,5,332,73,181,11,597,0,0,0,597
10/13/2000,MSY,LA,ASW,CE,Towers with Radar,335,73,136,10,554,2,0,2,1,5,337,73,138,11,559,0,0,0,559
10/14/2000,MSY,LA,ASW,CE,Towers with Radar,316,52,69,7,444,1,0,1,1,3,317,52,70,8,447,0,0,0,447
10/15/2000,MSY,LA,ASW,CE,Towers with Radar,292,33,63,2,390,1,14,54,5,74,293,47,117,7,464,0,0,0,464
10/16/2000,MSY,LA,ASW,CE,Towers with Radar,309,49,30,0,388,3,1,1,0,5,312,50,31,0,393,0,0,0,393
10/17/2000,MSY,LA,ASW,CE,Towers with Radar,340,56,38,0,434,2,8,38,5,53,342,64,76,5,487,0,0,0,487
10/18/2000,MSY,LA,ASW,CE,Towers with Radar,333,70,48,1,452,3,13,36,5,57,336,83,84,6,509,0,0,0,509
10/19/2000,MSY,LA,ASW,CE,Towers with Radar,326,61,50,9,446,2,20,46,4,72,328,81,96,13,518,0,0,0,518
10/20/2000,MSY,LA,ASW,CE,Towers with Radar,337,74,50,4,465,2,10,42,3,57,339,84,92,7,522,0,0,0,522
10/21/2000,MSY,LA,ASW,CE,Towers with Radar,322,39,29,6,396,2,8,23,1,34,324,47,52,7,430,0,0,0,430
10/22/2000,MSY,LA,ASW,CE,Towers with Radar,286,29,29,7,351,1,10,22,0,33,287,39,51,7,384,0,0,0,384
10/23/2000,MSY,LA,ASW,CE,Towers with Radar,274,43,42,3,362,48,0,0,0,48,322,43,42,3,410,0,0,0,410
10/24/2000,MSY,LA,ASW,CE,Towers with Radar,336,74,63,1,474,2,12,58,2,74,338,86,121,3,548,0,0,0,548
10/25/2000,MSY,LA,ASW,CE,Towers with Radar,335,66,66,3,470,2,27,52,1,82,337,93,118,4,552,0,0,0,552
10/26/2000,MSY,LA,ASW,CE,Towers with Radar,330,58,63,3,454,2,36,58,6,102,332,94,121,9,556,0,0,0,556
10/27/2000,MSY,LA,ASW,CE,Towers with Radar,333,78,42,9,462,1,8,37,5,51,334,86,79,14,513,0,0,0,513
10/28/2000,MSY,LA,ASW,CE,Towers with Radar,317,46,32,1,396,2,10,58,5,75,319,56,90,6,471,0,0,0,471
10/29/2000,MSY,LA,ASW,CE,Towers with Radar,277,25,45,4,351,2,9,47,0,58,279,34,92,4,409,0,0,0,409
10/30/2000,MSY,LA,ASW,CE,Towers with Radar,320,59,74,5,458,1,1,2,0,4,321,60,76,5,462,0,0,0,462
10/31/2000,MSY,LA,ASW,CE,Towers with Radar,333,60,41,4,438,1,15,32,0,48,334,75,73,4,486,0,0,0,486
11/01/2000,MSY,LA,ASW,CE,Towers with Radar,333,73,50,2,458,0,14,29,1,44,333,87,79,3,502,0,0,0,502
11/02/2000,MSY,LA,ASW,CE,Towers with Radar,342,66,38,6,452,0,18,29,6,53,342,84,67,12,505,0,0,0,505
11/03/2000,MSY,LA,ASW,CE,Towers with Radar,338,66,45,2,451,0,14,37,0,51,338,80,82,2,502,0,0,0,502
11/04/2000,MSY,LA,ASW,CE,Towers with Radar,324,39,34,3,400,0,4,27,1,32,324,43,61,4,432,0,0,0,432
11/05/2000,MSY,LA,ASW,CE,Towers with Radar,294,37,40,3,374,0,0,3,7,10,294,37,43,10,384,0,0,0,384
11/06/2000,MSY,LA,ASW,CE,Towers with Radar,328,41,28,2,399,0,2,0,0,2,328,43,28,2,401,0,0,0,401
11/07/2000,MSY,LA,ASW,CE,Towers with Radar,325,57,49,3,434,0,20,45,1,66,325,77,94,4,500,0,0,0,500
11/08/2000,MSY,LA,ASW,CE,Towers with Radar,320,61,33,7,421,0,8,14,0,22,320,69,47,7,443,0,0,0,443
11/09/2000,MSY,LA,ASW,CE,Towers with Radar,334,60,36,2,432,0,15,30,0,45,334,75,66,2,477,0,0,0,477
11/10/2000,MSY,LA,ASW,CE,Towers with Radar,345,64,59,6,474,0,13,40,1,54,345,77,99,7,528,0,0,0,528
11/11/2000,MSY,LA,ASW,CE,Towers with Radar,320,43,36,5,404,0,3,18,3,24,320,46,54,8,428,0,0,0,428
11/12/2000,MSY,LA,ASW,CE,Towers with Radar,303,27,35,4,369,0,12,38,3,53,303,39,73,7,422,0,0,0,422
11/13/2000,MSY,LA,ASW,CE,Towers with Radar,315,42,38,0,395,0,1,1,0,2,315,43,39,0,397,0,0,0,397
11/14/2000,MSY,LA,ASW,CE,Towers with Radar,329,65,47,4,445,0,12,38,5,55,329,77,85,9,500,0,0,0,500
11/15/2000,MSY,LA,ASW,CE,Towers with Radar,332,66,54,0,452,0,24,47,2,73,332,90,101,2,525,0,0,0,525
11/16/2000,MSY,LA,ASW,CE,Towers with Radar,337,61,45,4,447,0,11,12,1,24,337,72,57,5,471,0,0,0,471
11/17/2000,MSY,LA,ASW,CE,Towers with Radar,337,63,52,3,455,0,3,12,0,15,337,66,64,3,470,0,0,0,470
11/18/2000,MSY,LA,ASW,CE,Towers with Radar,279,45,33,0,357,39,0,0,0,39,318,45,33,0,396,0,0,0,396
11/19/2000,MSY,LA,ASW,CE,Towers with Radar,308,40,36,3,387,0,0,0,14,14,308,40,36,17,401,0,0,0,401
11/20/2000,MSY,LA,ASW,CE,Towers with Radar,314,45,37,3,399,0,1,1,0,2,314,46,38,3,401,0,0,0,401
11/21/2000,MSY,LA,ASW,CE,Towers with Radar,333,63,41,18,455,0,11,29,9,49,333,74,70,27,504,0,0,0,504
11/22/2000,MSY,LA,ASW,CE,Towers with Radar,337,61,22,4,424,0,7,46,0,53,337,68,68,4,477,0,0,0,477
11/23/2000,MSY,LA,ASW,CE,Towers with Radar,307,41,8,1,357,0,7,24,0,31,307,48,32,1,388,0,0,0,388
11/24/2000,MSY,LA,ASW,CE,Towers with Radar,245,16,12,0,273,0,1,10,0,11,245,17,22,0,284,0,0,0,284
11/25/2000,MSY,LA,ASW,CE,Towers with Radar,240,39,29,0,308,39,2,27,0,68,279,41,56,0,376,0,0,0,376
11/26/2000,MSY,LA,ASW,CE,Towers with Radar,294,27,29,4,354,0,8,33,1,42,294,35,62,5,396,0,0,0,396
11/27/2000,MSY,LA,ASW,CE,Towers with Radar,317,45,32,0,394,0,1,1,0,2,317,46,33,0,396,0,0,0,396
11/28/2000,MSY,LA,ASW,CE,Towers with Radar,334,70,60,4,468,0,1,1,0,2,334,71,61,4,470,0,0,0,470
11/29/2000,MSY,LA,ASW,CE,Towers with Radar,315,71,76,2,464,0,1,1,0,2,315,72,77,2,466,0,0,0,466
11/30/2000,MSY,LA,ASW,CE,Towers with Radar,319,69,69,0,457,0,18,41,5,64,319,87,110,5,521,0,0,0,521
12/01/2000,MSY,LA,ASW,CE,Towers with Radar,326,81,67,11,485,0,18,43,6,67,326,99,110,17,552,0,0,0,552
12/02/2000,MSY,LA,ASW,CE,Towers with Radar,308,51,57,3,419,0,3,28,2,33,308,54,85,5,452,0,0,0,452
12/03/2000,MSY,LA,ASW,CE,Towers with Radar,293,43,30,6,372,0,3,28,1,32,293,46,58,7,404,0,0,0,404
12/04/2000,MSY,LA,ASW,CE,Towers with Radar,303,64,49,1,417,0,12,36,0,48,303,76,85,1,465,0,0,0,465
12/05/2000,MSY,LA,ASW,CE,Towers with Radar,318,83,45,10,456,0,18,46,4,68,318,101,91,14,524,0,0,0,524
12/06/2000,MSY,LA,ASW,CE,Towers with Radar,316,76,49,1,442,0,20,44,1,65,316,96,93,2,507,0,0,0,507
12/07/2000,MSY,LA,ASW,CE,Towers with Radar,323,71,59,3,456,0,32,55,2,89,323,103,114,5,545,0,0,0,545
12/08/2000,MSY,LA,ASW,CE,Towers with Radar,323,79,48,7,457,0,11,41,5,57,323,90,89,12,514,0,0,0,514
12/09/2000,MSY,LA,ASW,CE,Towers with Radar,306,51,47,9,413,0,5,36,2,43,306,56,83,11,456,0,0,0,456
12/10/2000,MSY,LA,ASW,CE,Towers with Radar,288,47,29,2,366,0,7,40,1,48,288,54,69,3,414,0,0,0,414
12/11/2000,MSY,LA,ASW,CE,Towers with Radar,298,52,37,1,388,0,0,4,0,4,298,52,41,1,392,0,0,0,392
12/12/2000,MSY,LA,ASW,CE,Towers with Radar,317,76,39,6,438,0,13,32,4,49,317,89,71,10,487,0,0,0,487
12/13/2000,MSY,LA,ASW,CE,Towers with Radar,298,52,22,7,379,0,8,20,1,29,298,60,42,8,408,0,0,0,408
12/14/2000,MSY,LA,ASW,CE,Towers with Radar,325,70,55,5,455,0,16,26,1,43,325,86,81,6,498,0,0,0,498
12/15/2000,MSY,LA,ASW,CE,Towers with Radar,314,78,37,2,431,0,0,14,1,15,314,78,51,3,446,0,0,0,446
12/16/2000,MSY,LA,ASW,CE,Towers with Radar,320,53,18,4,395,0,3,19,3,25,320,56,37,7,420,0,0,0,420
12/17/2000,MSY,LA,ASW,CE,Towers with Radar,264,50,25,3,342,61,0,0,7,68,325,50,25,10,410,0,0,0,410
12/18/2000,MSY,LA,ASW,CE,Towers with Radar,298,48,27,0,373,0,0,4,0,4,298,48,31,0,377,0,0,0,377
12/19/2000,MSY,LA,ASW,CE,Towers with Radar,309,62,36,4,411,0,19,18,4,41,309,81,54,8,452,0,0,0,452
12/20/2000,MSY,LA,ASW,CE,Towers with Radar,331,62,31,7,431,0,21,39,3,63,331,83,70,10,494,0,0,0,494
12/21/2000,MSY,LA,ASW,CE,Towers with Radar,315,76,20,13,424,0,16,20,1,37,315,92,40,14,461,0,0,0,461
12/22/2000,MSY,LA,ASW,CE,Towers with Radar,328,66,38,3,435,0,20,38,1,59,328,86,76,4,494,0,0,0,494
12/23/2000,MSY,LA,ASW,CE,Towers with Radar,321,50,67,0,438,0,0,4,1,5,321,50,71,1,443,0,0,0,443
12/24/2000,MSY,LA,ASW,CE,Towers with Radar,186,26,14,0,226,84,0,0,0,84,270,26,14,0,310,0,0,0,310
12/25/2000,MSY,LA,ASW,CE,Towers with Radar,148,28,14,0,190,64,2,3,0,69,212,30,17,0,259,0,0,0,259
12/26/2000,MSY,LA,ASW,CE,Towers with Radar,250,34,26,1,311,0,2,17,1,20,250,36,43,2,331,0,0,0,331
12/27/2000,MSY,LA,ASW,CE,Towers with Radar,310,66,41,1,418,0,7,8,1,16,310,73,49,2,434,0,0,0,434
12/28/2000,MSY,LA,ASW,CE,Towers with Radar,327,72,36,0,435,0,9,20,1,30,327,81,56,1,465,0,0,0,465
12/29/2000,MSY,LA,ASW,CE,Towers with Radar,314,66,21,4,405,0,20,46,2,68,314,86,67,6,473,0,0,0,473
12/30/2000,MSY,LA,ASW,CE,Towers with Radar,281,51,22,0,354,0,7,45,1,53,281,58,67,1,407,0,0,0,407
12/31/2000,MSY,LA,ASW,CE,Towers with Radar,277,31,58,3,369,0,0,3,1,4,277,31,61,4,373,0,0,0,373
01/01/2001,MSY,LA,ASW,CE,Towers with Radar,241,29,12,1,283,9,2,19,1,31,250,31,31,2,314,0,0,0,314
01/02/2001,MSY,LA,ASW,CE,Towers with Radar,275,55,32,4,366,0,0,30,1,31,275,55,62,5,397,0,0,0,397
01/03/2001,MSY,LA,ASW,CE,Towers with Radar,322,69,40,5,436,0,19,18,1,38,322,88,58,6,474,0,0,0,474
01/04/2001,MSY,LA,ASW,CE,Towers with Radar,327,60,37,1,425,2,25,38,1,66,329,85,75,2,491,0,0,0,491
01/05/2001,MSY,LA,ASW,CE,Towers with Radar,327,69,35,2,433,1,17,39,0,57,328,86,74,2,490,0,0,0,490
01/06/2001,MSY,LA,ASW,CE,Towers with Radar,301,53,96,7,457,2,0,3,0,5,303,53,99,7,462,0,0,0,462
01/07/2001,MSY,LA,ASW,CE,Towers with Radar,291,52,23,4,370,1,10,23,0,34,292,62,46,4,404,0,0,0,404
01/08/2001,MSY,LA,ASW,CE,Towers with Radar,307,60,28,2,397,2,4,30,0,36,309,64,58,2,433,0,0,0,433
01/09/2001,MSY,LA,ASW,CE,Towers with Radar,315,63,36,5,419,17,7,8,11,43,332,70,44,16,462,0,0,0,462
01/10/2001,MSY,LA,ASW,CE,Towers with Radar,326,71,52,10,459,2,10,42,2,56,328,81,94,12,515,0,0,0,515
01/11/2001,MSY,LA,ASW,CE,Towers with Radar,330,71,42,5,448,0,11,40,9,60,330,82,82,14,508,0,0,0,508
01/12/2001,MSY,LA,ASW,CE,Towers with Radar,313,92,69,8,482,2,0,3,0,5,315,92,72,8,487,0,0,0,487
01/13/2001,MSY,LA,ASW,CE,Towers with Radar,308,55,42,6,411,1,0,3,0,4,309,55,45,6,415,0,0,0,415
01/14/2001,MSY,LA,ASW,CE,Towers with Radar,296,42,27,4,369,2,6,15,3,26,298,48,42,7,395,0,0,0,395
01/15/2001,MSY,LA,ASW,CE,Towers with Radar,305,59,39,3,406,1,1,4,0,6,306,60,43,3,412,0,0,0,412
01/16/2001,MSY,LA,ASW,CE,Towers with Radar,318,57,50,3,428,1,0,2,0,3,319,57,52,3,431,0,0,0,431
01/17/2001,MSY,LA,ASW,CE,Towers with Radar,333,80,51,5,469,1,9,5,0,15,334,89,56,5,484,0,0,0,484
01/18/2001,MSY,LA,ASW,CE,Towers with Radar,324,76,50,4,454,1,2,8,0,11,325,78,58,4,465,0,0,0,465
01/19/2001,MSY,LA,ASW,CE,Towers with Radar,321,74,44,1,440,2,1,10,1,14,323,75,54,2,454,0,0,0,454
01/20/2001,MSY,LA,ASW,CE,Towers with Radar,304,44,11,2,361,2,12,26,0,40,306,56,37,2,401,0,0,0,401
01/21/2001,MSY,LA,ASW,CE,Towers with Radar,283,43,33,2,361,2,21,45,6,74,285,64,78,8,435,0,0,0,435
01/22/2001,MSY,LA,ASW,CE,Towers with Radar,309,51,27,7,394,1,1,3,0,5,310,52,30,7,399,0,0,0,399
01/23/2001,MSY,LA,ASW,CE,Towers with Radar,327,57,26,9,419,1,16,49,1,67,328,73,75,10,486,0,0,0,486
01/24/2001,MSY,LA,ASW,CE,Towers with Radar,321,75,53,7,456,1,13,44,1,59,322,88,97,8,515,0,0,0,515
01/25/2001,MSY,LA,ASW,CE,Towers with Radar,323,66,42,4,435,1,36,50,2,89,324,102,92,6,524,0,0,0,524
01/26/2001,MSY,LA,ASW,CE,Towers with Radar,331,66,46,16,459,1,29,46,1,77,332,95,92,17,536,0,0,0,536
01/27/2001,MSY,LA,ASW,CE,Towers with Radar,308,50,27,5,390,1,7,22,3,33,309,57,49,8,423,0,0,0,423
01/28/2001,MSY,LA,ASW,CE,Towers with Radar,293,42,27,7,369,1,6,18,0,25,294,48,45,7,394,0,0,0,394
01/29/2001,MSY,LA,ASW,CE,Towers with Radar,294,56,26,3,379,2,2,3,0,7,296,58,29,3,386,0,0,0,386
01/30/2001,MSY,LA,ASW,CE,Towers with Radar,332,81,33,7,453,1,17,29,0,47,333,98,62,7,500,0,0,0,500
01/31/2001,MSY,LA,ASW,CE,Towers with Radar,325,83,46,3,457,1,41,43,6,91,326,124,89,9,548,0,0,0,548
02/01/2001,MSY,LA,ASW,CE,Towers with Radar,324,74,49,5,452,1,17,31,7,56,325,91,80,12,508,0,0,0,508
02/02/2001,MSY,LA,ASW,CE,Towers with Radar,325,71,32,10,438,1,24,29,6,60,326,95,61,16,498,0,0,0,498
02/03/2001,MSY,LA,ASW,CE,Towers with Radar,308,42,27,6,383,1,5,36,1,43,309,47,63,7,426,0,0,0,426
02/04/2001,MSY,LA,ASW,CE,Towers with Radar,285,40,28,1,354,1,6,45,1,53,286,46,73,2,407,0,0,0,407
02/05/2001,MSY,LA,ASW,CE,Towers with Radar,298,57,36,1,392,13,2,1,0,16,311,59,37,1,408,0,0,0,408
02/06/2001,MSY,LA,ASW,CE,Towers with Radar,322,66,42,3,433,0,6,0,3,9,322,72,42,6,442,0,0,0,442
02/07/2001,MSY,LA,ASW,CE,Towers with Radar,326,69,56,6,457,1,0,0,0,1,327,69,56,6,458,0,0,0,458
02/08/2001,MSY,LA,ASW,CE,Towers with Radar,328,71,50,5,454,1,27,29,3,60,329,98,79,8,514,0,0,0,514
02/09/2001,MSY,LA,ASW,CE,Towers with Radar,332,77,31,9,449,1,14,9,1,25,333,91,40,10,474,0,0,0,474
02/10/2001,MSY,LA,ASW,CE,Towers with Radar,319,49,33,3,404,0,1,24,2,27,319,50,57,5,431,0,0,0,431
02/11/2001,MSY,LA,ASW,CE,Towers with Radar,296,40,24,3,363,0,1,22,2,25,296,41,46,5,388,0,0,0,388
02/12/2001,MSY,LA,ASW,CE,Towers with Radar,307,54,30,2,393,0,0,0,0,0,307,54,30,2,393,0,0,0,393
02/13/2001,MSY,LA,ASW,CE,Towers with Radar,339,83,43,3,468,0,7,11,1,19,339,90,54,4,487,0,0,0,487
02/14/2001,MSY,LA,ASW,CE,Towers with Radar,327,55,48,4,434,0,14,10,0,24,327,69,58,4,458,0,0,0,458
02/15/2001,MSY,LA,ASW,CE,Towers with Radar,335,68,54,4,461,0,14,12,2,28,335,82,66,6,489,0,0,0,489
02/16/2001,MSY,LA,ASW,CE,Towers with Radar,340,64,32,2,438,0,15,14,1,30,340,79,46,3,468,0,0,0,468
02/17/2001,MSY,LA,ASW,CE,Towers with Radar,327,33,49,2,411,0,4,23,2,29,327,37,72,4,440,0,0,0,440
02/18/2001,MSY,LA,ASW,CE,Towers with Radar,309,33,18,1,361,0,12,45,1,58,309,45,63,2,419,0,0,0,419
02/19/2001,MSY,LA,ASW,CE,Towers with Radar,316,49,32,0,397,0,0,0,0,0,316,49,32,0,397,0,0,0,397
02/20/2001,MSY,LA,ASW,CE,Towers with Radar,326,71,38,3,438,0,27,24,4,55,326,98,62,7,493,0,0,0,493
02/21/2001,MSY,LA,ASW,CE,Towers with Radar,340,80,68,8,496,0,10,21,0,31,340,90,89,8,527,0,0,0,527
02/22/2001,MSY,LA,ASW,CE,Towers with Radar,334,75,57,3,469,0,13,26,1,40,334,88,83,4,509,0,0,0,509
02/23/2001,MSY,LA,ASW,CE,Towers with Radar,325,93,62,7,487,0,33,27,1,61,325,126,89,8,548,0,0,0,548
02/24/2001,MSY,LA,ASW,CE,Towers with Radar,320,50,29,2,401,0,3,4,0,7,320,53,33,2,408,0,0,0,408
02/25/2001,MSY,LA,ASW,CE,Towers with Radar,300,41,30,2,373,0,2,7,0,9,300,43,37,2,382,0,0,0,382
02/26/2001,MSY,LA,ASW,CE,Towers with Radar,317,52,33,2,404,0,1,4,0,5,317,53,37,2,409,0,0,0,409
02/27/2001,MSY,LA,ASW,CE,Towers with Radar,325,67,20,2,414,0,21,18,0,39,325,88,38,2,453,0,0,0,453
02/28/2001,MSY,LA,ASW,CE,Towers with Radar,335,61,36,0,432,0,9,8,0,17,335,70,44,0,449,0,0,0,449
03/01/2001,MSY,LA,ASW,CE,Towers with Radar,335,57,32,10,434,0,2,2,0,4,335,59,34,10,438,0,0,0,438
03/02/2001,MSY,LA,ASW,CE,Towers with Radar,293,63,31,3,390,38,15,0,0,53,331,78,31,3,443,0,0,0,443
03/03/2001,MSY,LA,ASW,CE,Towers with Radar,321,39,9,2,371,0,3,2,0,5,321,42,11,2,376,0,0,0,376
03/04/2001,MSY,LA,ASW,CE,Towers with Radar,288,51,27,4,370,0,10,27,4,41,288,61,54,8,411,0,0,0,411
03/05/2001,MSY,LA,ASW,CE,Towers with Radar,308,67,39,6,420,0,0,1,0,1,308,67,40,6,421,0,0,0,421
03/06/2001,MSY,LA,ASW,CE,Towers with Radar,320,85,47,7,459,0,14,45,1,60,320,99,92,8,519,0,0,0,519
03/07/2001,MSY,LA,ASW,CE,Towers with Radar,324,89,47,9,469,0,0,1,0,1,324,89,48,9,470,0,0,0,470
03/08/2001,MSY,LA,ASW,CE,Towers with Radar,326,91,55,0,472,0,0,1,0,1,326,91,56,0,473,0,0,0,473
03/09/2001,MSY,LA,ASW,CE,Towers with Radar,333,84,28,3,448,0,32,16,2,50,333,116,44,5,498,0,0,0,498
03/10/2001,MSY,LA,ASW,CE,Towers with Radar,305,61,27,1,394,0,10,46,4,60,305,71,73,5,454,0,0,0,454
03/11/2001,MSY,LA,ASW,CE,Towers with Radar,282,52,23,1,358,0,9,27,0,36,282,61,50,1,394,0,0,0,394
03/12/2001,MSY,LA,ASW,CE,Towers with Radar,322,47,16,0,385,0,4,14,1,19,322,51,30,1,404,0,0,0,404
03/13/2001,MSY,LA,ASW,CE,Towers with Radar,319,79,40,2,440,0,20,47,2,69,319,99,87,4,509,0,0,0,509
03/14/2001,MSY,LA,ASW,CE,Towers with Radar,327,75,37,11,450,0,24,22,0,46,327,99,59,11,496,0,0,0,496
03/15/2001,MSY,LA,ASW,CE,Towers with Radar,346,74,54,4,478,0,12,22,6,40,346,86,76,10,518,0,0,0,518
03/16/2001,MSY,LA,ASW,CE,Towers with Radar,330,74,29,9,442,0,16,49,4,69,330,90,78,13,511,0,0,0,511
03/17/2001,MSY,LA,ASW,CE,Towers with Radar,313,56,50,0,419,0,8,42,2,52,313,64,92,2,471,0,0,0,471
03/18/2001,MSY,LA,ASW,CE,Towers with Radar,288,40,33,3,364,0,2,28,2,32,288,42,61,5,396,0,0,0,396
03/19/2001,MSY,LA,ASW,CE,Towers with Radar,315,60,22,0,397,0,0,0,0,0,315,60,22,0,397,0,0,0,397
03/20/2001,MSY,LA,ASW,CE,Towers with Radar,326,98,37,6,467,0,16,29,1,46,326,114,66,7,513,0,0,0,513
03/21/2001,MSY,LA,ASW,CE,Towers with Radar,319,84,77,4,484,0,26,56,5,87,319,110,133,9,571,0,0,0,571
03/22/2001,MSY,LA,ASW,CE,Towers with Radar,329,71,59,2,461,0,29,47,3,79,329,100,106,5,540,0,0,0,540
03/23/2001,MSY,LA,ASW,CE,Towers with Radar,320,90,68,7,485,0,27,46,1,74,320,117,114,8,559,0,0,0,559
03/24/2001,MSY,LA,ASW,CE,Towers with Radar,312,53,29,3,397,0,10,31,2,43,312,63,60,5,440,0,0,0,440
03/25/2001,MSY,LA,ASW,CE,Towers with Radar,292,50,39,1,382,0,10,19,1,30,292,60,58,2,412,0,0,0,412
03/26/2001,MSY,LA,ASW,CE,Towers with Radar,305,52,28,1,386,0,0,0,0,0,305,52,28,1,386,0,0,0,386
03/27/2001,MSY,LA,ASW,CE,Towers with Radar,324,71,24,4,423,0,18,29,6,53,324,89,53,10,476,0,0,0,476
03/28/2001,MSY,LA,ASW,CE,Towers with Radar,289,52,28,1,370,16,0,0,0,16,305,52,28,1,386,0,0,0,386
03/29/2001,MSY,LA,ASW,CE,Towers with Radar,327,71,51,2,451,0,0,9,1,10,327,71,60,3,461,0,0,0,461
03/30/2001,MSY,LA,ASW,CE,Towers with Radar,322,76,30,3,431,0,13,16,1,30,322,89,46,4,461,0,0,0,461
03/31/2001,MSY,LA,ASW,CE,Towers with Radar,306,53,30,1,390,0,10,32,2,44,306,63,62,3,434,0,0,0,434
04/01/2001,MSY,LA,ASW,CE,Towers with Radar,317,44,40,3,404,0,4,40,0,44,317,48,80,3,448,0,0,0,448
04/02/2001,MSY,LA,ASW,CE,Towers with Radar,303,53,26,0,382,0,0,1,0,1,303,53,27,0,383,0,0,0,383
04/03/2001,MSY,LA,ASW,CE,Towers with Radar,320,76,19,4,419,1,11,30,2,44,321,87,49,6,463,0,0,0,463
04/04/2001,MSY,LA,ASW,CE,Towers with Radar,317,74,42,3,436,0,17,11,0,28,317,91,53,3,464,0,0,0,464
04/05/2001,MSY,LA,ASW,CE,Towers with Radar,330,77,45,7,459,0,15,38,0,53,330,92,83,7,512,0,0,0,512
04/06/2001,MSY,LA,ASW,CE,Towers with Radar,329,77,44,4,454,0,18,40,0,58,329,95,84,4,512,0,0,0,512
04/07/2001,MSY,LA,ASW,CE,Towers with Radar,312,53,34,1,400,0,3,30,3,36,312,56,64,4,436,0,0,0,436
04/08/2001,MSY,LA,ASW,CE,Towers with Radar,293,45,31,4,373,0,2,23,0,25,293,47,54,4,398,0,0,0,398
04/09/2001,MSY,LA,ASW,CE,Towers with Radar,304,52,31,0,387,0,0,1,0,1,304,52,32,0,388,0,0,0,388
04/10/2001,MSY,LA,ASW,CE,Towers with Radar,321,73,41,5,440,0,11,46,0,57,321,84,87,5,497,0,0,0,497
04/11/2001,MSY,LA,ASW,CE,Towers with Radar,314,71,40,3,428,0,32,34,0,66,314,103,74,3,494,0,0,0,494
04/12/2001,MSY,LA,ASW,CE,Towers with Radar,313,69,39,3,424,0,30,37,3,70,313,99,76,6,494,0,0,0,494
04/13/2001,MSY,LA,ASW,CE,Towers with Radar,332,68,38,3,441,0,9,27,4,40,332,77,65,7,481,0,0,0,481
04/14/2001,MSY,LA,ASW,CE,Towers with Radar,240,49,27,2,318,64,0,28,2,94,304,49,55,4,412,0,0,0,412
04/15/2001,MSY,LA,ASW,CE,Towers with Radar,226,36,26,2,290,57,0,22,1,80,283,36,48,3,370,0,0,0,370
04/16/2001,MSY,LA,ASW,CE,Towers with Radar,277,55,31,3,366,27,0,0,0,27,304,55,31,3,393,0,0,0,393
04/17/2001,MSY,LA,ASW,CE,Towers with Radar,320,64,28,3,415,5,10,0,0,15,325,74,28,3,430,0,0,0,430
04/18/2001,MSY,LA,ASW,CE,Towers with Radar,326,70,41,3,440,0,9,1,0,10,326,79,42,3,450,0,0,0,450
04/19/2001,MSY,LA,ASW,CE,Towers with Radar,320,72,55,4,451,0,26,47,0,73,320,98,102,4,524,0,0,0,524
04/20/2001,MSY,LA,ASW,CE,Towers with Radar,326,74,43,5,448,0,24,38,0,62,326,98,81,5,510,0,0,0,510
04/21/2001,MSY,LA,ASW,CE,Towers with Radar,288,56,34,4,382,17,0,34,0,51,305,56,68,4,433,0,0,0,433
04/22/2001,MSY,LA,ASW,CE,Towers with Radar,287,53,34,1,375,0,0,34,0,34,287,53,68,1,409,0,0,0,409
04/23/2001,MSY,LA,ASW,CE,Towers with Radar,278,55,33,1,367,33,0,1,0,34,311,55,34,1,401,0,0,0,401
04/24/2001,MSY,LA,ASW,CE,Towers with Radar,292,60,35,4,391,34,19,7,8,68,326,79,42,12,459,0,0,0,459
04/25/2001,MSY,LA,ASW,CE,Towers with Radar,331,74,43,5,453,0,23,54,15,92,331,97,97,20,545,0,0,0,545
04/26/2001,MSY,LA,ASW,CE,Towers with Radar,327,68,40,4,439,0,48,72,3,123,327,116,112,7,562,0,0,0,562
04/27/2001,MSY,LA,ASW,CE,Towers with Radar,323,72,42,5,442,0,19,50,2,71,323,91,92,7,513,0,0,0,513
04/28/2001,MSY,LA,ASW,CE,Towers with Radar,262,54,31,3,350,50,23,51,8,132,312,77,82,11,482,0,0,0,482
04/29/2001,MSY,LA,ASW,CE,Towers with Radar,270,51,32,4,357,24,0,52,2,78,294,51,84,6,435,0,0,0,435
04/30/2001,MSY,LA,ASW,CE,Towers with Radar,307,63,48,0,418,0,0,0,0,0,307,63,48,0,418,0,0,0,418
05/01/2001,MSY,LA,ASW,CE,Towers with Radar,322,79,44,0,445,0,24,49,4,77,322,103,93,4,522,0,0,0,522
05/02/2001,MSY,LA,ASW,CE,Towers with Radar,323,85,39,0,447,0,29,27,0,56,323,114,66,0,503,0,0,0,503
05/03/2001,MSY,LA,ASW,CE,Towers with Radar,324,84,62,1,471,0,27,34,4,65,324,111,96,5,536,0,0,0,536
05/04/2001,MSY,LA,ASW,CE,Towers with Radar,322,74,34,5,435,0,15,33,6,54,322,89,67,11,489,0,0,0,489
05/05/2001,MSY,LA,ASW,CE,Towers with Radar,315,51,24,0,390,0,10,20,6,36,315,61,44,6,426,0,0,0,426
05/06/2001,MSY,LA,ASW,CE,Towers with Radar,296,49,34,0,379,0,8,15,0,23,296,57,49,0,402,0,0,0,402
05/07/2001,MSY,LA,ASW,CE,Towers with Radar,303,54,36,0,393,0,0,0,0,0,303,54,36,0,393,0,0,0,393
05/08/2001,MSY,LA,ASW,CE,Towers with Radar,328,84,38,2,452,0,22,30,3,55,328,106,68,5,507,0,0,0,507
05/09/2001,MSY,LA,ASW,CE,Towers with Radar,322,72,55,3,452,0,7,38,1,46,322,79,93,4,498,0,0,0,498
05/10/2001,MSY,LA,ASW,CE,Towers with Radar,324,74,67,2,467,0,28,35,4,67,324,102,102,6,534,0,0,0,534
05/11/2001,MSY,LA,ASW,CE,Towers with Radar,323,85,34,5,447,0,35,40,1,76,323,120,74,6,523,0,0,0,523
05/12/2001,MSY,LA,ASW,CE,Towers with Radar,308,46,19,2,375,0,0,0,0,0,308,46,19,2,375,0,0,0,375
05/13/2001,MSY,LA,ASW,CE,Towers with Radar,281,44,13,1,339,0,21,35,0,56,281,65,48,1,395,0,0,0,395
05/14/2001,MSY,LA,ASW,CE,Towers with Radar,307,63,39,3,412,0,0,0,0,0,307,63,39,3,412,0,0,0,412
05/15/2001,MSY,LA,ASW,CE,Towers with Radar,315,84,44,1,444,0,41,58,5,104,315,125,102,6,548,0,0,0,548
05/16/2001,MSY,LA,ASW,CE,Towers with Radar,317,79,44,0,440,0,42,45,1,88,317,121,89,1,528,0,0,0,528
05/17/2001,MSY,LA,ASW,CE,Towers with Radar,328,77,54,4,463,0,24,53,1,78,328,101,107,5,541,0,0,0,541
05/18/2001,MSY,LA,ASW,CE,Towers with Radar,321,84,48,9,462,0,46,29,1,76,321,130,77,10,538,0,0,0,538
05/19/2001,MSY,LA,ASW,CE,Towers with Radar,302,52,29,1,384,0,21,25,1,47,302,73,54,2,431,0,0,0,431
05/20/2001,MSY,LA,ASW,CE,Towers with Radar,285,41,20,1,347,0,11,36,1,48,285,52,56,2,395,0,0,0,395
05/21/2001,MSY,LA,ASW,CE,Towers with Radar,300,50,26,2,378,0,0,0,0,0,300,50,26,2,378,0,0,0,378
05/22/2001,MSY,LA,ASW,CE,Towers with Radar,323,66,35,2,426,0,0,0,0,0,323,66,35,2,426,0,0,0,426
05/23/2001,MSY,LA,ASW,CE,Towers with Radar,327,80,53,4,464,0,31,50,0,81,327,111,103,4,545,0,0,0,545
05/24/2001,MSY,LA,ASW,CE,Towers with Radar,315,75,53,1,444,0,0,0,0,0,315,75,53,1,444,0,0,0,444
05/25/2001,MSY,LA,ASW,CE,Towers with Radar,326,71,39,1,437,0,25,43,1,69,326,96,82,2,506,0,0,0,506
05/26/2001,MSY,LA,ASW,CE,Towers with Radar,311,49,20,3,383,0,28,36,1,65,311,77,56,4,448,0,0,0,448
05/27/2001,MSY,LA,ASW,CE,Towers with Radar,276,28,32,0,336,0,7,46,3,56,276,35,78,3,392,0,0,0,392
05/28/2001,MSY,LA,ASW,CE,Towers with Radar,277,35,19,0,331,0,0,0,0,0,277,35,19,0,331,0,0,0,331
05/29/2001,MSY,LA,ASW,CE,Towers with Radar,308,52,22,1,383,0,38,34,1,73,308,90,56,2,456,0,0,0,456
05/30/2001,MSY,LA,ASW,CE,Towers with Radar,318,68,41,2,429,0,29,40,1,70,318,97,81,3,499,0,0,0,499
05/31/2001,MSY,LA,ASW,CE,Towers with Radar,321,69,31,0,421,0,30,33,5,68,321,99,64,5,489,0,0,0,489
06/01/2001,MSY,LA,ASW,CE,Towers with Radar,326,68,37,1,432,1,27,32,5,65,327,95,69,6,497,0,0,0,497
06/02/2001,MSY,LA,ASW,CE,Towers with Radar,309,57,26,2,394,0,13,40,3,56,309,70,66,5,450,0,0,0,450
06/03/2001,MSY,LA,ASW,CE,Towers with Radar,280,32,44,0,356,1,12,31,2,46,281,44,75,2,402,0,0,0,402
06/04/2001,MSY,LA,ASW,CE,Towers with Radar,314,52,37,2,405,1,29,31,0,61,315,81,68,2,466,0,0,0,466
06/05/2001,MSY,LA,ASW,CE,Towers with Radar,320,83,36,4,443,1,15,11,0,27,321,98,47,4,470,0,0,0,470
06/06/2001,MSY,LA,ASW,CE,Towers with Radar,351,72,11,0,434,1,2,3,2,8,352,74,14,2,442,0,0,0,442
06/07/2001,MSY,LA,ASW,CE,Towers with Radar,340,65,22,7,434,1,26,14,1,42,341,91,36,8,476,0,0,0,476
06/08/2001,MSY,LA,ASW,CE,Towers with Radar,323,75,29,1,428,1,22,5,0,28,324,97,34,1,456,0,0,0,456
06/09/2001,MSY,LA,ASW,CE,Towers with Radar,304,43,2,0,349,0,11,4,0,15,304,54,6,0,364,0,0,0,364
06/10/2001,MSY,LA,ASW,CE,Towers with Radar,281,41,23,2,347,0,1,5,1,7,281,42,28,3,354,0,0,0,354
06/11/2001,MSY,LA,ASW,CE,Towers with Radar,305,51,24,0,380,0,0,1,0,1,305,51,25,0,381,0,0,0,381
06/12/2001,MSY,LA,ASW,CE,Towers with Radar,314,74,52,8,448,0,21,49,1,71,314,95,101,9,519,0,0,0,519
06/13/2001,MSY,LA,ASW,CE,Towers with Radar,308,90,55,0,453,0,25,43,5,73,308,115,98,5,526,0,0,0,526
06/14/2001,MSY,LA,ASW,CE,Towers with Radar,300,88,48,1,437,0,41,51,2,94,300,129,99,3,531,0,0,0,531
06/15/2001,MSY,LA,ASW,CE,Towers with Radar,304,91,42,4,441,0,27,44,3,74,304,118,86,7,515,0,0,0,515
06/16/2001,MSY,LA,ASW,CE,Towers with Radar,297,44,15,0,356,0,11,23,0,34,297,55,38,0,390,0,0,0,390
06/17/2001,MSY,LA,ASW,CE,Towers with Radar,284,42,20,4,350,0,15,42,8,65,284,57,62,12,415,0,0,0,415
06/18/2001,MSY,LA,ASW,CE,Towers with Radar,301,48,41,4,394,0,0,0,0,0,301,48,41,4,394,0,0,0,394
06/19/2001,MSY,LA,ASW,CE,Towers with Radar,327,65,32,0,424,0,0,0,0,0,327,65,32,0,424,0,0,0,424
06/20/2001,MSY,LA,ASW,CE,Towers with Radar,316,64,37,0,417,0,20,30,5,55,316,84,67,5,472,0,0,0,472
06/21/2001,MSY,LA,ASW,CE,Towers with Radar,307,74,31,11,423,0,23,59,3,85,307,97,90,14,508,0,0,0,508
06/22/2001,MSY,LA,ASW,CE,Towers with Radar,326,72,30,12,440,0,27,28,3,58,326,99,58,15,498,0,0,0,498
06/23/2001,MSY,LA,ASW,CE,Towers with Radar,296,47,20,2,365,0,12,23,5,40,296,59,43,7,405,0,0,0,405
06/24/2001,MSY,LA,ASW,CE,Towers with Radar,294,39,19,0,352,0,9,34,3,46,294,48,53,3,398,0,0,0,398
06/25/2001,MSY,LA,ASW,CE,Towers with Radar,313,55,26,2,396,0,0,0,0,0,313,55,26,2,396,0,0,0,396
06/26/2001,MSY,LA,ASW,CE,Towers with Radar,320,70,34,4,428,0,28,27,1,56,320,98,61,5,484,0,0,0,484
06/27/2001,MSY,LA,ASW,CE,Towers with Radar,318,70,21,0,409,0,0,0,0,0,318,70,21,0,409,0,0,0,409
06/28/2001,MSY,LA,ASW,CE,Towers with Radar,326,75,43,3,447,0,26,41,5,72,326,101,84,8,519,0,0,0,519
06/29/2001,MSY,LA,ASW,CE,Towers with Radar,320,67,34,0,421,0,22,22,8,52,320,89,56,8,473,0,0,0,473
06/30/2001,MSY,LA,ASW,CE,Towers with Radar,296,47,18,1,362,0,9,22,1,32,296,56,40,2,394,0,0,0,394
07/01/2001,MSY,LA,ASW,CE,Towers with Radar,284,25,14,1,324,0,2,18,1,21,284,27,32,2,345,0,0,0,345
07/02/2001,MSY,LA,ASW,CE,Towers with Radar,312,46,12,0,370,0,10,28,1,39,312,56,40,1,409,0,0,0,409
07/03/2001,MSY,LA,ASW,CE,Towers with Radar,315,59,32,1,407,0,21,27,1,49,315,80,59,2,456,0,0,0,456
07/04/2001,MSY,LA,ASW,CE,Towers with Radar,301,35,13,0,349,0,8,36,1,45,301,43,49,1,394,0,0,0,394
07/05/2001,MSY,LA,ASW,CE,Towers with Radar,308,44,25,0,377,0,30,20,0,50,308,74,45,0,427,0,0,0,427
07/06/2001,MSY,LA,ASW,CE,Towers with Radar,319,64,28,1,412,0,19,24,1,44,319,83,52,2,456,0,0,0,456
07/07/2001,MSY,LA,ASW,CE,Towers with Radar,304,36,20,0,360,0,9,35,0,44,304,45,55,0,404,0,0,0,404
07/08/2001,MSY,LA,ASW,CE,Towers with Radar,298,29,32,3,362,0,6,30,0,36,298,35,62,3,398,0,0,0,398
07/09/2001,MSY,LA,ASW,CE,Towers with Radar,320,48,44,0,412,0,0,0,0,0,320,48,44,0,412,0,0,0,412
07/10/2001,MSY,LA,ASW,CE,Towers with Radar,321,70,33,1,425,0,25,40,2,67,321,95,73,3,492,0,0,0,492
07/11/2001,MSY,LA,ASW,CE,Towers with Radar,327,74,27,6,434,0,25,38,1,64,327,99,65,7,498,0,0,0,498
07/12/2001,MSY,LA,ASW,CE,Towers with Radar,322,67,48,3,440,0,25,25,0,50,322,92,73,3,490,0,0,0,490
07/13/2001,MSY,LA,ASW,CE,Towers with Radar,328,73,27,2,430,0,14,29,1,44,328,87,56,3,474,0,0,0,474
07/14/2001,MSY,LA,ASW,CE,Towers with Radar,304,41,26,1,372,0,10,44,2,56,304,51,70,3,428,0,0,0,428
07/15/2001,MSY,LA,ASW,CE,Towers with Radar,294,30,35,1,360,0,5,54,0,59,294,35,89,1,419,0,0,0,419
07/16/2001,MSY,LA,ASW,CE,Towers with Radar,304,53,16,0,373,0,0,0,0,0,304,53,16,0,373,0,0,0,373
07/17/2001,MSY,LA,ASW,CE,Towers with Radar,322,67,28,0,417,0,18,35,1,54,322,85,63,1,471,0,0,0,471
07/18/2001,MSY,LA,ASW,CE,Towers with Radar,316,69,43,20,448,0,30,53,0,83,316,99,96,20,531,0,0,0,531
07/19/2001,MSY,LA,ASW,CE,Towers with Radar,312,73,55,2,442,0,20,31,3,54,312,93,86,5,496,0,0,0,496
07/20/2001,MSY,LA,ASW,CE,Towers with Radar,331,75,51,4,461,0,17,37,0,54,331,92,88,4,515,0,0,0,515
07/21/2001,MSY,LA,ASW,CE,Towers with Radar,313,36,24,1,374,0,11,19,3,33,313,47,43,4,407,0,0,0,407
07/22/2001,MSY,LA,ASW,CE,Towers with Radar,294,32,15,7,348,0,13,26,5,44,294,45,41,12,392,0,0,0,392
07/23/2001,MSY,LA,ASW,CE,Towers with Radar,307,46,41,0,394,0,0,0,0,0,307,46,41,0,394,0,0,0,394
07/24/2001,MSY,LA,ASW,CE,Towers with Radar,320,70,38,8,436,0,23,35,2,60,320,93,73,10,496,0,0,0,496
07/25/2001,MSY,LA,ASW,CE,Towers with Radar,318,65,35,1,419,0,15,16,2,33,318,80,51,3,452,0,0,0,452
07/26/2001,MSY,LA,ASW,CE,Towers with Radar,336,75,47,3,461,0,20,15,2,37,336,95,62,5,498,0,0,0,498
07/27/2001,MSY,LA,ASW,CE,Towers with Radar,332,73,20,8,433,0,25,20,1,46,332,98,40,9,479,0,0,0,479
07/28/2001,MSY,LA,ASW,CE,Towers with Radar,313,45,13,7,378,0,6,14,2,22,313,51,27,9,400,0,0,0,400
07/29/2001,MSY,LA,ASW,CE,Towers with Radar,298,34,25,2,359,0,17,30,0,47,298,51,55,2,406,0,0,0,406
07/30/2001,MSY,LA,ASW,CE,Towers with Radar,321,46,9,1,377,0,0,0,0,0,321,46,9,1,377,0,0,0,377
07/31/2001,MSY,LA,ASW,CE,Towers with Radar,328,66,25,1,420,0,24,29,1,54,328,90,54,2,474,0,0,0,474
08/01/2001,MSY,LA,ASW,CE,Towers with Radar,326,67,45,4,442,0,18,31,2,51,326,85,76,6,493,0,0,0,493
08/02/2001,MSY,LA,ASW,CE,Towers with Radar,327,67,35,0,429,0,19,23,1,43,327,86,58,1,472,0,0,0,472
08/03/2001,MSY,LA,ASW,CE,Towers with Radar,333,67,20,3,423,0,17,38,2,57,333,84,58,5,480,0,0,0,480
08/04/2001,MSY,LA,ASW,CE,Towers with Radar,304,46,19,0,369,0,1,29,1,31,304,47,48,1,400,0,0,0,400
08/05/2001,MSY,LA,ASW,CE,Towers with Radar,304,25,8,0,337,0,7,16,2,25,304,32,24,2,362,0,0,0,362
08/06/2001,MSY,LA,ASW,CE,Towers with Radar,316,41,17,1,375,0,0,0,0,0,316,41,17,1,375,0,0,0,375
08/07/2001,MSY,LA,ASW,CE,Towers with Radar,352,62,27,0,441,0,19,19,1,39,352,81,46,1,480,0,0,0,480
08/08/2001,MSY,LA,ASW,CE,Towers with Radar,345,66,24,0,435,0,13,20,2,35,345,79,44,2,470,0,0,0,470
08/09/2001,MSY,LA,ASW,CE,Towers with Radar,320,67,34,0,421,0,25,19,4,48,320,92,53,4,469,0,0,0,469
08/10/2001,MSY,LA,ASW,CE,Towers with Radar,324,61,30,0,415,0,12,30,2,44,324,73,60,2,459,0,0,0,459
08/11/2001,MSY,LA,ASW,CE,Towers with Radar,302,39,29,0,370,0,12,24,1,37,302,51,53,1,407,0,0,0,407
08/12/2001,MSY,LA,ASW,CE,Towers with Radar,304,26,18,0,348,0,0,13,2,15,304,26,31,2,363,0,0,0,363
08/13/2001,MSY,LA,ASW,CE,Towers with Radar,315,56,34,4,409,0,0,0,0,0,315,56,34,4,409,0,0,0,409
08/14/2001,MSY,LA,ASW,CE,Towers with Radar,326,67,24,1,418,0,3,19,3,25,326,70,43,4,443,0,0,0,443
08/15/2001,MSY,LA,ASW,CE,Towers with Radar,324,68,42,2,436,0,16,22,0,38,324,84,64,2,474,0,0,0,474
08/16/2001,MSY,LA,ASW,CE,Towers with Radar,317,68,35,0,420,0,22,27,1,50,317,90,62,1,470,0,0,0,470
08/17/2001,MSY,LA,ASW,CE,Towers with Radar,326,67,26,5,424,0,18,40,0,58,326,85,66,5,482,0,0,0,482
08/18/2001,MSY,LA,ASW,CE,Towers with Radar,294,37,16,10,357,0,10,27,5,42,294,47,43,15,399,0,0,0,399
08/19/2001,MSY,LA,ASW,CE,Towers with Radar,300,30,20,2,352,0,8,14,4,26,300,38,34,6,378,0,0,0,378
08/20/2001,MSY,LA,ASW,CE,Towers with Radar,304,52,24,3,383,0,0,0,0,0,304,52,24,3,383,0,0,0,383
08/21/2001,MSY,LA,ASW,CE,Towers with Radar,332,76,48,1,457,0,21,50,4,75,332,97,98,5,532,0,0,0,532
08/22/2001,MSY,LA,ASW,CE,Towers with Radar,322,71,32,1,426,0,6,31,1,38,322,77,63,2,464,0,0,0,464
08/23/2001,MSY,LA,ASW,CE,Towers with Radar,324,67,37,1,429,0,23,41,0,64,324,90,78,1,493,0,0,0,493
08/24/2001,MSY,LA,ASW,CE,Towers with Radar,331,67,29,0,427,0,24,46,5,75,331,91,75,5,502,0,0,0,502
08/25/2001,MSY,LA,ASW,CE,Towers with Radar,305,37,26,0,368,0,6,41,1,48,305,43,67,1,416,0,0,0,416
08/26/2001,MSY,LA,ASW,CE,Towers with Radar,307,28,20,2,357,0,15,11,2,28,307,43,31,4,385,0,0,0,385
08/27/2001,MSY,LA,ASW,CE,Towers with Radar,297,43,32,0,372,0,0,0,0,0,297,43,32,0,372,0,0,0,372
08/28/2001,MSY,LA,ASW,CE,Towers with Radar,326,78,30,2,436,0,25,18,3,46,326,103,48,5,482,0,0,0,482
08/29/2001,MSY,LA,ASW,CE,Towers with Radar,321,70,33,4,428,0,21,35,1,57,321,91,68,5,485,0,0,0,485
08/30/2001,MSY,LA,ASW,CE,Towers with Radar,320,73,26,4,423,0,26,15,4,45,320,99,41,8,468,0,0,0,468
08/31/2001,MSY,LA,ASW,CE,Towers with Radar,318,74,26,0,418,0,23,27,1,51,318,97,53,1,469,0,0,0,469
09/01/2001,MSY,LA,ASW,CE,Towers with Radar,291,45,14,0,350,3,7,13,0,23,294,52,27,0,373,0,0,0,373
09/02/2001,MSY,LA,ASW,CE,Towers with Radar,249,17,9,0,275,2,5,8,2,17,251,22,17,2,292,0,0,0,292
09/03/2001,MSY,LA,ASW,CE,Towers with Radar,281,30,9,0,320,2,0,0,0,2,283,30,9,0,322,0,0,0,322
09/04/2001,MSY,LA,ASW,CE,Towers with Radar,328,52,16,2,398,2,11,29,3,45,330,63,45,5,443,0,0,0,443
09/05/2001,MSY,LA,ASW,CE,Towers with Radar,337,63,38,0,438,1,12,23,1,37,338,75,61,1,475,0,0,0,475
09/06/2001,MSY,LA,ASW,CE,Towers with Radar,323,74,39,1,437,1,8,25,1,35,324,82,64,2,472,0,0,0,472
09/07/2001,MSY,LA,ASW,CE,Towers with Radar,293,101,24,1,419,1,14,24,5,44,294,115,48,6,463,0,0,0,463
09/08/2001,MSY,LA,ASW,CE,Towers with Radar,280,60,11,1,352,2,5,8,3,18,282,65,19,4,370,0,0,0,370
09/09/2001,MSY,LA,ASW,CE,Towers with Radar,280,60,14,3,357,2,3,13,2,20,282,63,27,5,377,0,0,0,377
09/10/2001,MSY,LA,ASW,CE,Towers with Radar,276,85,26,2,389,1,0,1,0,2,277,85,27,2,391,0,0,0,391
09/11/2001,MSY,LA,ASW,CE,Towers with Radar,111,31,9,0,151,19,10,18,0,47,130,41,27,0,198,0,0,0,198
09/12/2001,MSY,LA,ASW,CE,Towers with Radar,0,0,0,0,0,0,0,0,0,0,0,0,0,0,0,0,0,0,0
09/13/2001,MSY,LA,ASW,CE,Towers with Radar,7,12,3,0,22,1,2,1,1,5,8,14,4,1,27,0,0,0,27
09/14/2001,MSY,LA,ASW,CE,Towers with Radar,126,72,2,0,200,1,7,1,6,15,127,79,3,6,215,0,0,0,215
09/15/2001,MSY,LA,ASW,CE,Towers with Radar,195,56,10,9,270,2,1,1,0,4,197,57,11,9,274,0,0,0,274
09/16/2001,MSY,LA,ASW,CE,Towers with Radar,206,46,13,4,269,2,4,1,0,7,208,50,14,4,276,0,0,0,276
09/17/2001,MSY,LA,ASW,CE,Towers with Radar,242,81,18,1,342,2,0,1,0,3,244,81,19,1,345,0,0,0,345
09/18/2001,MSY,LA,ASW,CE,Towers with Radar,251,105,29,0,385,2,9,2,0,13,253,114,31,0,398,0,0,0,398
09/19/2001,MSY,LA,ASW,CE,Towers with Radar,258,85,18,1,362,0,14,0,0,14,258,99,18,1,376,0,0,0,376
09/20/2001,MSY,LA,ASW,CE,Towers with Radar,259,97,33,2,391,2,12,3,0,17,261,109,36,2,408,0,0,0,408
09/21/2001,MSY,LA,ASW,CE,Towers with Radar,264,86,21,1,372,2,14,8,1,25,266,100,29,2,397,0,0,0,397
09/22/2001,MSY,LA,ASW,CE,Towers with Radar,252,63,31,3,349,2,3,4,0,9,254,66,35,3,358,0,0,0,358
09/23/2001,MSY,LA,ASW,CE,Towers with Radar,235,39,21,0,295,2,0,3,0,5,237,39,24,0,300,0,0,0,300
09/24/2001,MSY,LA,ASW,CE,Towers with Radar,260,66,11,0,337,2,0,0,0,2,262,66,11,0,339,0,0,0,339
09/25/2001,MSY,LA,ASW,CE,Towers with Radar,265,95,47,3,410,2,16,9,3,30,267,111,56,6,440,0,0,0,440
09/26/2001,MSY,LA,ASW,CE,Towers with Radar,261,80,33,3,377,2,34,19,3,58,263,114,52,6,435,0,0,0,435
09/27/2001,MSY,LA,ASW,CE,Towers with Radar,270,100,36,1,407,2,24,7,3,36,272,124,43,4,443,0,0,0,443
09/28/2001,MSY,LA,ASW,CE,Towers with Radar,260,88,37,3,388,2,22,14,2,40,262,110,51,5,428,0,0,0,428
09/29/2001,MSY,LA,ASW,CE,Towers with Radar,258,59,34,7,358,2,14,14,2,32,260,73,48,9,390,0,0,0,390
09/30/2001,MSY,LA,ASW,CE,Towers with Radar,225,65,43,0,333,2,8,13,0,23,227,73,56,0,356,0,0,0,356
10/01/2001,MSY,LA,ASW,CE,Towers with Radar,245,68,26,9,348,0,9,23,4,36,245,77,49,13,384,0,0,0,384
10/02/2001,MSY,LA,ASW,CE,Towers with Radar,259,89,39,4,391,0,22,14,4,40,259,111,53,8,431,0,0,0,431
10/03/2001,MSY,LA,ASW,CE,Towers with Radar,258,96,51,8,413,0,20,16,1,37,258,116,67,9,450,0,0,0,450
10/04/2001,MSY,LA,ASW,CE,Towers with Radar,256,98,42,4,400,0,25,18,6,49,256,123,60,10,449,0,0,0,449
10/05/2001,MSY,LA,ASW,CE,Towers with Radar,261,92,30,0,383,0,11,111,91,213,261,103,141,91,596,0,0,0,596
10/06/2001,MSY,LA,ASW,CE,Towers with Radar,255,59,18,0,332,0,4,6,1,11,255,63,24,1,343,0,0,0,343
10/07/2001,MSY,LA,ASW,CE,Towers with Radar,234,52,29,0,315,0,9,15,0,24,234,61,44,0,339,0,0,0,339
10/08/2001,MSY,LA,ASW,CE,Towers with Radar,249,71,30,0,350,0,6,16,2,24,249,77,46,2,374,0,0,0,374
10/09/2001,MSY,LA,ASW,CE,Towers with Radar,261,80,28,0,369,0,20,11,1,32,261,100,39,1,401,0,0,0,401
10/10/2001,MSY,LA,ASW,CE,Towers with Radar,258,79,32,1,370,0,29,16,0,45,258,108,48,1,415,0,0,0,415
10/11/2001,MSY,LA,ASW,CE,Towers with Radar,282,86,31,2,401,0,29,0,0,29,282,115,31,2,430,0,0,0,430
10/12/2001,MSY,LA,ASW,CE,Towers with Radar,176,53,21,1,251,96,54,18,3,171,272,107,39,4,422,0,0,0,422
10/13/2001,MSY,LA,ASW,CE,Towers with Radar,244,69,9,2,324,19,0,0,0,19,263,69,9,2,343,0,0,0,343
10/14/2001,MSY,LA,ASW,CE,Towers with Radar,240,64,33,0,337,0,0,12,0,12,240,64,45,0,349,0,0,0,349
10/15/2001,MSY,LA,ASW,CE,Towers with Radar,244,72,21,1,338,0,9,20,1,30,244,81,41,2,368,0,0,0,368
10/16/2001,MSY,LA,ASW,CE,Towers with Radar,262,88,31,0,381,0,14,34,2,50,262,102,65,2,431,0,0,0,431
10/17/2001,MSY,LA,ASW,CE,Towers with Radar,259,80,33,5,377,0,21,43,0,64,259,101,76,5,441,0,0,0,441
10/18/2001,MSY,LA,ASW,CE,Towers with Radar,263,85,28,3,379,0,22,49,4,75,263,107,77,7,454,0,0,0,454
10/19/2001,MSY,LA,ASW,CE,Towers with Radar,258,92,42,0,392,0,5,47,2,54,258,97,89,2,446,0,0,0,446
10/20/2001,MSY,LA,ASW,CE,Towers with Radar,253,59,14,0,326,0,17,28,6,51,253,76,42,6,377,0,0,0,377
10/21/2001,MSY,LA,ASW,CE,Towers with Radar,241,46,33,0,320,0,3,34,1,38,241,49,67,1,358,0,0,0,358
10/22/2001,MSY,LA,ASW,CE,Towers with Radar,250,68,27,0,345,0,3,14,1,18,250,71,41,1,363,0,0,0,363
10/23/2001,MSY,LA,ASW,CE,Towers with Radar,265,85,41,10,401,0,16,21,3,40,265,101,62,13,441,0,0,0,441
10/24/2001,MSY,LA,ASW,CE,Towers with Radar,258,96,35,0,389,0,14,23,4,41,258,110,58,4,430,0,0,0,430
10/25/2001,MSY,LA,ASW,CE,Towers with Radar,253,95,45,2,395,0,22,30,6,58,253,117,75,8,453,0,0,0,453
10/26/2001,MSY,LA,ASW,CE,Towers with Radar,256,97,54,2,409,0,10,37,2,49,256,107,91,4,458,0,0,0,458
10/27/2001,MSY,LA,ASW,CE,Towers with Radar,256,56,19,11,342,0,10,35,1,46,256,66,54,12,388,0,0,0,388
10/28/2001,MSY,LA,ASW,CE,Towers with Radar,213,48,35,1,297,0,6,41,1,48,213,54,76,2,345,0,0,0,345
10/29/2001,MSY,LA,ASW,CE,Towers with Radar,254,70,28,1,353,0,13,30,4,47,254,83,58,5,400,0,0,0,400
10/30/2001,MSY,LA,ASW,CE,Towers with Radar,274,104,29,5,412,0,20,38,1,59,274,124,67,6,471,0,0,0,471
10/31/2001,MSY,LA,ASW,CE,Towers with Radar,265,76,36,0,377,0,17,33,4,54,265,93,69,4,431,0,0,0,431
11/01/2001,MSY,LA,ASW,CE,Towers with Radar,259,82,31,3,375,0,35,37,1,73,259,117,68,4,448,0,0,0,448
11/02/2001,MSY,LA,ASW,CE,Towers with Radar,264,84,28,1,377,0,19,31,2,52,264,103,59,3,429,0,0,0,429
11/03/2001,MSY,LA,ASW,CE,Towers with Radar,251,70,32,2,355,0,0,10,0,10,251,70,42,2,365,0,0,0,365
11/04/2001,MSY,LA,ASW,CE,Towers with Radar,234,46,32,0,312,0,8,24,4,36,234,54,56,4,348,0,0,0,348
11/05/2001,MSY,LA,ASW,CE,Towers with Radar,258,58,42,4,362,0,26,24,2,52,258,84,66,6,414,0,0,0,414
11/06/2001,MSY,LA,ASW,CE,Towers with Radar,267,78,22,0,367,0,19,24,4,47,267,97,46,4,414,0,0,0,414
11/07/2001,MSY,LA,ASW,CE,Towers with Radar,259,83,46,0,388,0,20,30,1,51,259,103,76,1,439,0,0,0,439
11/08/2001,MSY,LA,ASW,CE,Towers with Radar,275,76,58,1,410,0,23,34,4,61,275,99,92,5,471,0,0,0,471
11/09/2001,MSY,LA,ASW,CE,Towers with Radar,266,82,43,5,396,0,14,51,3,68,266,96,94,8,464,0,0,0,464
11/10/2001,MSY,LA,ASW,CE,Towers with Radar,261,51,12,0,324,0,14,43,2,59,261,65,55,2,383,0,0,0,383
11/11/2001,MSY,LA,ASW,CE,Towers with Radar,225,45,27,3,300,0,6,26,3,35,225,51,53,6,335,0,0,0,335
11/12/2001,MSY,LA,ASW,CE,Towers with Radar,247,66,33,0,346,0,11,18,2,31,247,77,51,2,377,0,0,0,377
11/13/2001,MSY,LA,ASW,CE,Towers with Radar,272,69,26,1,368,0,11,24,4,39,272,80,50,5,407,0,0,0,407
11/14/2001,MSY,LA,ASW,CE,Towers with Radar,268,83,42,0,393,0,36,36,1,73,268,119,78,1,466,0,0,0,466
11/15/2001,MSY,LA,ASW,CE,Towers with Radar,269,88,44,5,406,0,27,42,5,74,269,115,86,10,480,0,0,0,480
11/16/2001,MSY,LA,ASW,CE,Towers with Radar,250,84,51,13,398,0,25,38,3,66,250,109,89,16,464,0,0,0,464
11/17/2001,MSY,LA,ASW,CE,Towers with Radar,257,48,16,2,323,0,8,59,1,68,257,56,75,3,391,0,0,0,391
11/18/2001,MSY,LA,ASW,CE,Towers with Radar,229,50,26,1,306,0,2,29,2,33,229,52,55,3,339,0,0,0,339
11/19/2001,MSY,LA,ASW,CE,Towers with Radar,253,65,35,4,357,0,9,18,1,28,253,74,53,5,385,0,0,0,385
11/20/2001,MSY,LA,ASW,CE,Towers with Radar,271,104,66,5,446,0,0,0,0,0,271,104,66,5,446,0,0,0,446
11/21/2001,MSY,LA,ASW,CE,Towers with Radar,270,92,49,1,412,0,15,55,1,71,270,107,104,2,483,0,0,0,483
11/22/2001,MSY,LA,ASW,CE,Towers with Radar,233,65,13,0,311,0,7,34,1,42,233,72,47,1,353,0,0,0,353
11/23/2001,MSY,LA,ASW,CE,Towers with Radar,199,42,13,6,260,0,11,15,0,26,199,53,28,6,286,0,0,0,286
11/24/2001,MSY,LA,ASW,CE,Towers with Radar,236,48,16,0,300,0,1,6,1,8,236,49,22,1,308,0,0,0,308
11/25/2001,MSY,LA,ASW,CE,Towers with Radar,232,54,28,0,314,0,3,28,0,31,232,57,56,0,345,0,0,0,345
11/26/2001,MSY,LA,ASW,CE,Towers with Radar,234,65,29,2,330,17,6,18,2,43,251,71,47,4,373,0,0,0,373
11/27/2001,MSY,LA,ASW,CE,Towers with Radar,268,79,22,0,369,0,9,19,1,29,268,88,41,1,398,0,0,0,398
11/28/2001,MSY,LA,ASW,CE,Towers with Radar,260,83,29,2,374,0,17,19,3,39,260,100,48,5,413,0,0,0,413
11/29/2001,MSY,LA,ASW,CE,Towers with Radar,269,86,34,1,390,0,8,9,0,17,269,94,43,1,407,0,0,0,407
11/30/2001,MSY,LA,ASW,CE,Towers with Radar,265,81,33,8,387,0,11,33,3,47,265,92,66,11,434,0,0,0,434
12/01/2001,MSY,LA,ASW,CE,Towers with Radar,252,52,23,1,328,2,8,39,1,50,254,60,62,2,378,0,0,0,378
12/02/2001,MSY,LA,ASW,CE,Towers with Radar,218,45,24,0,287,13,0,0,0,13,231,45,24,0,300,0,0,0,300
12/03/2001,MSY,LA,ASW,CE,Towers with Radar,265,67,32,0,364,2,11,12,1,26,267,78,44,1,390,0,0,0,390
12/04/2001,MSY,LA,ASW,CE,Towers with Radar,271,83,47,0,401,2,9,20,3,34,273,92,67,3,435,0,0,0,435
12/05/2001,MSY,LA,ASW,CE,Towers with Radar,275,78,45,5,403,2,26,31,4,63,277,104,76,9,466,0,0,0,466
12/06/2001,MSY,LA,ASW,CE,Towers with Radar,284,86,36,2,408,2,28,26,0,56,286,114,62,2,464,0,0,0,464
12/07/2001,MSY,LA,ASW,CE,Towers with Radar,277,85,45,0,407,2,15,14,1,32,279,100,59,1,439,0,0,0,439
12/08/2001,MSY,LA,ASW,CE,Towers with Radar,273,52,26,0,351,2,3,6,1,12,275,55,32,1,363,0,0,0,363
12/09/2001,MSY,LA,ASW,CE,Towers with Radar,228,43,32,2,305,2,8,8,0,18,230,51,40,2,323,0,0,0,323
12/10/2001,MSY,LA,ASW,CE,Towers with Radar,261,65,43,0,369,2,13,20,1,36,263,78,63,1,405,0,0,0,405
12/11/2001,MSY,LA,ASW,CE,Towers with Radar,275,77,77,2,431,2,19,21,1,43,277,96,98,3,474,0,0,0,474
12/12/2001,MSY,LA,ASW,CE,Towers with Radar,276,73,51,5,405,2,9,15,7,33,278,82,66,12,438,0,0,0,438
12/13/2001,MSY,LA,ASW,CE,Towers with Radar,274,80,45,2,401,0,0,25,2,27,274,80,70,4,428,0,0,0,428
12/14/2001,MSY,LA,ASW,CE,Towers with Radar,290,76,63,4,433,2,16,27,2,47,292,92,90,6,480,0,0,0,480
12/15/2001,MSY,LA,ASW,CE,Towers with Radar,258,46,22,6,332,2,13,27,1,43,260,59,49,7,375,0,0,0,375
12/16/2001,MSY,LA,ASW,CE,Towers with Radar,237,32,4,3,276,2,12,10,1,25,239,44,14,4,301,0,0,0,301
12/17/2001,MSY,LA,ASW,CE,Towers with Radar,287,54,31,6,378,2,0,18,2,22,289,54,49,8,400,0,0,0,400
12/18/2001,MSY,LA,ASW,CE,Towers with Radar,286,73,40,3,402,2,13,42,2,59,288,86,82,5,461,0,0,0,461
12/19/2001,MSY,LA,ASW,CE,Towers with Radar,300,72,32,2,406,2,31,50,1,84,302,103,82,3,490,0,0,0,490
12/20/2001,MSY,LA,ASW,CE,Towers with Radar,288,78,45,8,419,2,31,34,2,69,290,109,79,10,488,0,0,0,488
12/21/2001,MSY,LA,ASW,CE,Towers with Radar,290,71,38,0,399,2,10,35,1,48,292,81,73,1,447,0,0,0,447
12/22/2001,MSY,LA,ASW,CE,Towers with Radar,268,52,23,6,349,2,0,0,0,2,270,52,23,6,351,0,0,0,351
12/23/2001,MSY,LA,ASW,CE,Towers with Radar,228,35,16,0,279,2,2,10,0,14,230,37,26,0,293,0,0,0,293
12/24/2001,MSY,LA,ASW,CE,Towers with Radar,227,41,10,0,278,2,0,0,0,2,229,41,10,0,280,0,0,0,280
12/25/2001,MSY,LA,ASW,CE,Towers with Radar,174,45,8,0,227,2,1,16,0,19,176,46,24,0,246,0,0,0,246
12/26/2001,MSY,LA,ASW,CE,Towers with Radar,248,57,27,2,334,2,9,24,1,36,250,66,51,3,370,0,0,0,370
12/27/2001,MSY,LA,ASW,CE,Towers with Radar,284,71,36,2,393,2,15,40,2,59,286,86,76,4,452,0,0,0,452
12/28/2001,MSY,LA,ASW,CE,Towers with Radar,287,66,25,0,378,2,5,33,2,42,289,71,58,2,420,0,0,0,420
12/29/2001,MSY,LA,ASW,CE,Towers with Radar,269,48,21,0,338,1,1,0,0,2,270,49,21,0,340,0,0,0,340
12/30/2001,MSY,LA,ASW,CE,Towers with Radar,239,37,36,0,312,1,15,28,2,46,240,52,64,2,358,0,0,0,358
12/31/2001,MSY,LA,ASW,CE,Towers with Radar,232,47,26,0,305,1,8,16,0,25,233,55,42,0,330,0,0,0,330
01/01/2002,MSY,LA,ASW,CE,Towers with Radar,208,52,17,0,277,5,2,7,0,14,213,54,24,0,291,0,0,0,291
01/02/2002,MSY,LA,ASW,CE,Towers with Radar,274,71,32,1,378,0,10,13,0,23,274,81,45,1,401,0,0,0,401
01/03/2002,MSY,LA,ASW,CE,Towers with Radar,268,82,32,4,386,0,12,25,0,37,268,94,57,4,423,0,0,0,423
01/04/2002,MSY,LA,ASW,CE,Towers with Radar,280,75,35,5,395,0,9,32,2,43,280,84,67,7,438,0,0,0,438
01/05/2002,MSY,LA,ASW,CE,Towers with Radar,174,43,16,1,234,82,1,0,1,84,256,44,16,2,318,0,0,0,318
01/06/2002,MSY,LA,ASW,CE,Towers with Radar,243,44,29,2,318,0,0,0,0,0,243,44,29,2,318,0,0,0,318
01/07/2002,MSY,LA,ASW,CE,Towers with Radar,276,48,26,0,350,0,7,18,3,28,276,55,44,3,378,0,0,0,378
01/08/2002,MSY,LA,ASW,CE,Towers with Radar,280,77,51,0,408,1,13,42,3,59,281,90,93,3,467,0,0,0,467
01/09/2002,MSY,LA,ASW,CE,Towers with Radar,277,76,39,2,394,1,17,36,7,61,278,93,75,9,455,0,0,0,455
01/10/2002,MSY,LA,ASW,CE,Towers with Radar,285,73,43,3,404,1,8,28,3,40,286,81,71,6,444,0,0,0,444
01/11/2002,MSY,LA,ASW,CE,Towers with Radar,281,69,47,2,399,1,13,22,2,38,282,82,69,4,437,0,0,0,437
01/12/2002,MSY,LA,ASW,CE,Towers with Radar,262,51,28,1,342,1,0,0,0,1,263,51,28,1,343,0,0,0,343
01/13/2002,MSY,LA,ASW,CE,Towers with Radar,224,45,17,15,301,1,2,20,4,27,225,47,37,19,328,0,0,0,328
01/14/2002,MSY,LA,ASW,CE,Towers with Radar,272,50,37,5,364,1,0,5,3,9,273,50,42,8,373,0,0,0,373
01/15/2002,MSY,LA,ASW,CE,Towers with Radar,297,65,34,7,403,1,21,26,6,54,298,86,60,13,457,0,0,0,457
01/16/2002,MSY,LA,ASW,CE,Towers with Radar,279,69,48,3,399,1,18,47,0,66,280,87,95,3,465,0,0,0,465
01/17/2002,MSY,LA,ASW,CE,Towers with Radar,277,66,50,3,396,1,8,30,0,39,278,74,80,3,435,0,0,0,435
01/18/2002,MSY,LA,ASW,CE,Towers with Radar,284,69,47,0,400,1,8,13,1,23,285,77,60,1,423,0,0,0,423
01/19/2002,MSY,LA,ASW,CE,Towers with Radar,264,51,18,4,337,1,0,0,0,1,265,51,18,4,338,0,0,0,338
01/20/2002,MSY,LA,ASW,CE,Towers with Radar,238,42,23,0,303,1,4,1,1,7,239,46,24,1,310,0,0,0,310
01/21/2002,MSY,LA,ASW,CE,Towers with Radar,262,59,33,2,356,1,3,7,0,11,263,62,40,2,367,0,0,0,367
01/22/2002,MSY,LA,ASW,CE,Towers with Radar,283,70,46,4,403,1,4,13,1,19,284,74,59,5,422,0,0,0,422
01/23/2002,MSY,LA,ASW,CE,Towers with Radar,283,73,45,2,403,0,14,13,6,33,283,87,58,8,436,0,0,0,436
01/24/2002,MSY,LA,ASW,CE,Towers with Radar,285,79,49,2,415,0,1,32,0,33,285,80,81,2,448,0,0,0,448
01/25/2002,MSY,LA,ASW,CE,Towers with Radar,286,87,58,0,431,0,11,16,3,30,286,98,74,3,461,0,0,0,461
01/26/2002,MSY,LA,ASW,CE,Towers with Radar,269,51,31,1,352,0,0,0,0,0,269,51,31,1,352,0,0,0,352
01/27/2002,MSY,LA,ASW,CE,Towers with Radar,232,51,40,0,323,0,2,21,0,23,232,53,61,0,346,0,0,0,346
01/28/2002,MSY,LA,ASW,CE,Towers with Radar,272,71,42,3,388,0,2,19,1,22,272,73,61,4,410,0,0,0,410
01/29/2002,MSY,LA,ASW,CE,Towers with Radar,295,79,47,3,424,0,12,18,0,30,295,91,65,3,454,0,0,0,454
01/30/2002,MSY,LA,ASW,CE,Towers with Radar,271,81,39,2,393,0,7,21,1,29,271,88,60,3,422,0,0,0,422
01/31/2002,MSY,LA,ASW,CE,Towers with Radar,305,90,67,2,464,0,16,10,0,26,305,106,77,2,490,0,0,0,490
02/01/2002,MSY,LA,ASW,CE,Towers with Radar,325,110,69,2,506,0,0,5,0,5,325,110,74,2,511,0,0,0,511
02/02/2002,MSY,LA,ASW,CE,Towers with Radar,281,89,83,2,455,0,0,1,0,1,281,89,84,2,456,0,0,0,456
02/03/2002,MSY,LA,ASW,CE,Towers with Radar,241,54,52,2,349,0,0,4,0,4,241,54,56,2,353,0,0,0,353
02/04/2002,MSY,LA,ASW,CE,Towers with Radar,361,129,148,5,643,0,3,17,0,20,361,132,165,5,663,0,0,0,663
02/05/2002,MSY,LA,ASW,CE,Towers with Radar,302,84,25,5,416,0,9,11,1,21,302,93,36,6,437,0,0,0,437
02/06/2002,MSY,LA,ASW,CE,Towers with Radar,278,77,39,7,401,0,0,2,0,2,278,77,41,7,403,0,0,0,403
02/07/2002,MSY,LA,ASW,CE,Towers with Radar,293,84,38,0,415,0,10,22,1,33,293,94,60,1,448,0,0,0,448
02/08/2002,MSY,LA,ASW,CE,Towers with Radar,288,83,58,2,431,0,7,52,5,64,288,90,110,7,495,0,0,0,495
02/09/2002,MSY,LA,ASW,CE,Towers with Radar,268,57,32,0,357,0,0,0,0,0,268,57,32,0,357,0,0,0,357
02/10/2002,MSY,LA,ASW,CE,Towers with Radar,238,53,36,0,327,0,4,26,2,32,238,57,62,2,359,0,0,0,359
02/11/2002,MSY,LA,ASW,CE,Towers with Radar,279,60,34,2,375,0,8,35,3,46,279,68,69,5,421,0,0,0,421
02/12/2002,MSY,LA,ASW,CE,Towers with Radar,292,79,25,1,397,0,4,42,0,46,292,83,67,1,443,0,0,0,443
02/13/2002,MSY,LA,ASW,CE,Towers with Radar,284,79,46,3,412,0,9,27,2,38,284,88,73,5,450,0,0,0,450
02/14/2002,MSY,LA,ASW,CE,Towers with Radar,293,69,39,1,402,0,12,32,2,46,293,81,71,3,448,0,0,0,448
02/15/2002,MSY,LA,ASW,CE,Towers with Radar,287,76,25,0,388,0,7,31,7,45,287,83,56,7,433,0,0,0,433
02/16/2002,MSY,LA,ASW,CE,Towers with Radar,273,53,24,0,350,0,0,0,0,0,273,53,24,0,350,0,0,0,350
02/17/2002,MSY,LA,ASW,CE,Towers with Radar,247,41,26,0,314,0,1,35,2,38,247,42,61,2,352,0,0,0,352
02/18/2002,MSY,LA,ASW,CE,Towers with Radar,280,67,23,0,370,0,4,28,1,33,280,71,51,1,403,0,0,0,403
02/19/2002,MSY,LA,ASW,CE,Towers with Radar,286,5,25,4,320,0,4,25,3,32,286,9,50,7,352,0,0,0,352
02/20/2002,MSY,LA,ASW,CE,Towers with Radar,291,83,44,2,420,0,10,45,3,58,291,93,89,5,478,0,0,0,478
02/21/2002,MSY,LA,ASW,CE,Towers with Radar,284,76,30,4,394,0,15,45,6,66,284,91,75,10,460,0,0,0,460
02/22/2002,MSY,LA,ASW,CE,Towers with Radar,294,90,33,2,419,0,6,41,0,47,294,96,74,2,466,0,0,0,466
02/23/2002,MSY,LA,ASW,CE,Towers with Radar,274,51,26,2,353,0,0,0,0,0,274,51,26,2,353,0,0,0,353
02/24/2002,MSY,LA,ASW,CE,Towers with Radar,245,40,23,3,311,0,0,0,0,0,245,40,23,3,311,0,0,0,311
02/25/2002,MSY,LA,ASW,CE,Towers with Radar,272,66,26,2,366,0,3,0,0,3,272,69,26,2,369,0,0,0,369
02/26/2002,MSY,LA,ASW,CE,Towers with Radar,255,64,30,1,350,34,12,0,10,56,289,76,30,11,406,0,0,0,406
02/27/2002,MSY,LA,ASW,CE,Towers with Radar,276,69,30,1,376,21,5,0,3,29,297,74,30,4,405,0,0,0,405
02/28/2002,MSY,LA,ASW,CE,Towers with Radar,265,66,38,0,369,21,11,8,0,40,286,77,46,0,409,0,0,0,409
03/01/2002,MSY,LA,ASW,CE,Towers with Radar,282,70,36,5,393,4,2,14,4,24,286,72,50,9,417,0,0,0,417
03/02/2002,MSY,LA,ASW,CE,Towers with Radar,284,46,27,4,361,4,0,0,1,5,288,46,27,5,366,0,0,0,366
03/03/2002,MSY,LA,ASW,CE,Towers with Radar,240,40,29,0,309,40,0,14,0,54,280,40,43,0,363,0,0,0,363
03/04/2002,MSY,LA,ASW,CE,Towers with Radar,278,67,39,0,384,4,0,0,1,5,282,67,39,1,389,0,0,0,389
03/05/2002,MSY,LA,ASW,CE,Towers with Radar,284,72,36,2,394,0,8,6,1,15,284,80,42,3,409,0,0,0,409
03/06/2002,MSY,LA,ASW,CE,Towers with Radar,289,84,36,2,411,0,0,0,0,0,289,84,36,2,411,0,0,0,411
03/07/2002,MSY,LA,ASW,CE,Towers with Radar,294,80,41,10,425,4,9,31,3,47,298,89,72,13,472,0,0,0,472
03/08/2002,MSY,LA,ASW,CE,Towers with Radar,277,78,46,2,403,4,20,21,3,48,281,98,67,5,451,0,0,0,451
03/09/2002,MSY,LA,ASW,CE,Towers with Radar,272,52,27,1,352,4,0,0,0,4,276,52,27,1,356,0,0,0,356
03/10/2002,MSY,LA,ASW,CE,Towers with Radar,246,40,22,0,308,4,4,25,1,34,250,44,47,1,342,0,0,0,342
03/11/2002,MSY,LA,ASW,CE,Towers with Radar,275,64,33,0,372,4,5,26,2,37,279,69,59,2,409,0,0,0,409
03/12/2002,MSY,LA,ASW,CE,Towers with Radar,283,80,41,0,404,3,16,27,0,46,286,96,68,0,450,0,0,0,450
03/13/2002,MSY,LA,ASW,CE,Towers with Radar,280,85,58,5,428,3,26,17,0,46,283,111,75,5,474,0,0,0,474
03/14/2002,MSY,LA,ASW,CE,Towers with Radar,293,86,28,2,409,3,10,37,5,55,296,96,65,7,464,0,0,0,464
03/15/2002,MSY,LA,ASW,CE,Towers with Radar,290,81,31,1,403,3,7,19,0,29,293,88,50,1,432,0,0,0,432
03/16/2002,MSY,LA,ASW,CE,Towers with Radar,272,58,27,2,359,3,0,0,0,3,275,58,27,2,362,0,0,0,362
03/17/2002,MSY,LA,ASW,CE,Towers with Radar,248,36,15,7,306,3,1,12,3,19,251,37,27,10,325,0,0,0,325
03/18/2002,MSY,LA,ASW,CE,Towers with Radar,285,57,23,5,370,3,8,15,2,28,288,65,38,7,398,0,0,0,398
03/19/2002,MSY,LA,ASW,CE,Towers with Radar,289,79,26,3,397,2,10,25,2,39,291,89,51,5,436,0,0,0,436
03/20/2002,MSY,LA,ASW,CE,Towers with Radar,284,70,37,3,394,2,13,10,2,27,286,83,47,5,421,0,0,0,421
03/21/2002,MSY,LA,ASW,CE,Towers with Radar,302,77,41,0,420,2,18,17,4,41,304,95,58,4,461,0,0,0,461
03/22/2002,MSY,LA,ASW,CE,Towers with Radar,287,74,45,3,409,2,19,49,2,72,289,93,94,5,481,0,0,0,481
03/23/2002,MSY,LA,ASW,CE,Towers with Radar,277,52,29,2,360,2,9,53,0,64,279,61,82,2,424,0,0,0,424
03/24/2002,MSY,LA,ASW,CE,Towers with Radar,255,41,21,7,324,2,3,34,2,41,257,44,55,9,365,0,0,0,365
03/25/2002,MSY,LA,ASW,CE,Towers with Radar,275,59,33,8,375,2,12,19,0,33,277,71,52,8,408,0,0,0,408
03/26/2002,MSY,LA,ASW,CE,Towers with Radar,294,77,41,7,419,2,8,13,4,27,296,85,54,11,446,0,0,0,446
03/27/2002,MSY,LA,ASW,CE,Towers with Radar,284,85,41,2,412,2,37,33,1,73,286,122,74,3,485,0,0,0,485
03/28/2002,MSY,LA,ASW,CE,Towers with Radar,297,77,39,7,420,2,8,60,3,73,299,85,99,10,493,0,0,0,493
03/29/2002,MSY,LA,ASW,CE,Towers with Radar,291,79,33,1,404,2,4,29,0,35,293,83,62,1,439,0,0,0,439
03/30/2002,MSY,LA,ASW,CE,Towers with Radar,274,52,18,0,344,2,5,8,1,16,276,57,26,1,360,0,0,0,360
03/31/2002,MSY,LA,ASW,CE,Towers with Radar,250,40,23,0,313,2,3,4,0,9,252,43,27,0,322,0,0,0,322
04/01/2002,MSY,LA,ASW,CE,Towers with Radar,272,53,36,4,365,0,8,16,0,24,272,61,52,4,389,0,0,0,389
04/02/2002,MSY,LA,ASW,CE,Towers with Radar,293,70,29,2,394,0,11,31,3,45,293,81,60,5,439,0,0,0,439
04/03/2002,MSY,LA,ASW,CE,Towers with Radar,291,79,36,3,409,0,11,21,4,36,291,90,57,7,445,0,0,0,445
04/04/2002,MSY,LA,ASW,CE,Towers with Radar,292,76,32,0,400,0,15,42,2,59,292,91,74,2,459,0,0,0,459
04/05/2002,MSY,LA,ASW,CE,Towers with Radar,281,83,27,10,401,0,18,53,3,74,281,101,80,13,475,0,0,0,475
04/06/2002,MSY,LA,ASW,CE,Towers with Radar,268,59,24,2,353,0,0,0,0,0,268,59,24,2,353,0,0,0,353
04/07/2002,MSY,LA,ASW,CE,Towers with Radar,254,49,50,1,354,0,19,20,0,39,254,68,70,1,393,0,0,0,393
04/08/2002,MSY,LA,ASW,CE,Towers with Radar,273,60,23,0,356,0,0,4,0,4,273,60,27,0,360,0,0,0,360
04/09/2002,MSY,LA,ASW,CE,Towers with Radar,309,87,37,1,434,0,7,14,1,22,309,94,51,2,456,0,0,0,456
04/10/2002,MSY,LA,ASW,CE,Towers with Radar,285,95,50,1,431,0,13,35,3,51,285,108,85,4,482,0,0,0,482
04/11/2002,MSY,LA,ASW,CE,Towers with Radar,297,81,40,0,418,0,16,13,2,31,297,97,53,2,449,0,0,0,449
04/12/2002,MSY,LA,ASW,CE,Towers with Radar,283,87,43,1,414,0,12,21,2,35,283,99,64,3,449,0,0,0,449
04/13/2002,MSY,LA,ASW,CE,Towers with Radar,279,48,34,2,363,0,0,0,0,0,279,48,34,2,363,0,0,0,363
04/14/2002,MSY,LA,ASW,CE,Towers with Radar,248,50,31,0,329,0,7,26,0,33,248,57,57,0,362,0,0,0,362
04/15/2002,MSY,LA,ASW,CE,Towers with Radar,271,63,23,2,359,0,10,23,4,37,271,73,46,6,396,0,0,0,396
04/16/2002,MSY,LA,ASW,CE,Towers with Radar,283,74,41,0,398,0,9,28,2,39,283,83,69,2,437,0,0,0,437
04/17/2002,MSY,LA,ASW,CE,Towers with Radar,279,74,47,7,407,0,7,34,3,44,279,81,81,10,451,0,0,0,451
04/18/2002,MSY,LA,ASW,CE,Towers with Radar,291,76,38,6,411,0,14,33,1,48,291,90,71,7,459,0,0,0,459
04/19/2002,MSY,LA,ASW,CE,Towers with Radar,279,89,32,3,403,0,14,30,2,46,279,103,62,5,449,0,0,0,449
04/20/2002,MSY,LA,ASW,CE,Towers with Radar,282,47,29,0,358,0,0,0,0,0,282,47,29,0,358,0,0,0,358
04/21/2002,MSY,LA,ASW,CE,Towers with Radar,245,45,24,0,314,0,10,44,3,57,245,55,68,3,371,0,0,0,371
04/22/2002,MSY,LA,ASW,CE,Towers with Radar,273,65,35,3,376,0,10,33,3,46,273,75,68,6,422,0,0,0,422
04/23/2002,MSY,LA,ASW,CE,Towers with Radar,288,82,39,8,417,0,13,37,3,53,288,95,76,11,470,0,0,0,470
04/24/2002,MSY,LA,ASW,CE,Towers with Radar,287,85,40,0,412,0,10,36,2,48,287,95,76,2,460,0,0,0,460
04/25/2002,MSY,LA,ASW,CE,Towers with Radar,291,88,39,0,418,0,18,19,2,39,291,106,58,2,457,0,0,0,457
04/26/2002,MSY,LA,ASW,CE,Towers with Radar,291,86,38,0,415,0,13,33,1,47,291,99,71,1,462,0,0,0,462
04/27/2002,MSY,LA,ASW,CE,Towers with Radar,276,52,21,1,350,0,3,20,2,25,276,55,41,3,375,0,0,0,375
04/28/2002,MSY,LA,ASW,CE,Towers with Radar,253,53,26,1,333,0,4,46,0,50,253,57,72,1,383,0,0,0,383
04/29/2002,MSY,LA,ASW,CE,Towers with Radar,279,71,44,3,397,0,13,22,2,37,279,84,66,5,434,0,0,0,434
04/30/2002,MSY,LA,ASW,CE,Towers with Radar,288,81,38,5,412,0,10,37,4,51,288,91,75,9,463,0,0,0,463
05/01/2002,MSY,LA,ASW,CE,Towers with Radar,284,77,59,2,422,1,29,39,2,71,285,106,98,4,493,0,0,0,493
05/02/2002,MSY,LA,ASW,CE,Towers with Radar,306,82,63,0,451,0,14,29,3,46,306,96,92,3,497,0,0,0,497
05/03/2002,MSY,LA,ASW,CE,Towers with Radar,300,67,28,1,396,0,12,32,3,47,300,79,60,4,443,0,0,0,443
05/04/2002,MSY,LA,ASW,CE,Towers with Radar,275,53,25,0,353,0,3,23,2,28,275,56,48,2,381,0,0,0,381
05/05/2002,MSY,LA,ASW,CE,Towers with Radar,264,62,26,0,352,0,3,29,1,33,264,65,55,1,385,0,0,0,385
05/06/2002,MSY,LA,ASW,CE,Towers with Radar,277,80,31,1,389,0,8,38,3,49,277,88,69,4,438,0,0,0,438
05/07/2002,MSY,LA,ASW,CE,Towers with Radar,302,80,35,2,419,0,9,45,0,54,302,89,80,2,473,0,0,0,473
05/08/2002,MSY,LA,ASW,CE,Towers with Radar,287,70,51,5,413,0,29,30,2,61,287,99,81,7,474,0,0,0,474
05/09/2002,MSY,LA,ASW,CE,Towers with Radar,294,70,37,3,404,0,13,46,4,63,294,83,83,7,467,0,0,0,467
05/10/2002,MSY,LA,ASW,CE,Towers with Radar,295,81,50,2,428,0,16,38,0,54,295,97,88,2,482,0,0,0,482
05/11/2002,MSY,LA,ASW,CE,Towers with Radar,276,43,16,1,336,0,10,38,1,49,276,53,54,2,385,0,0,0,385
05/12/2002,MSY,LA,ASW,CE,Towers with Radar,248,43,30,0,321,0,4,27,0,31,248,47,57,0,352,0,0,0,352
05/13/2002,MSY,LA,ASW,CE,Towers with Radar,272,52,34,0,358,0,4,28,2,34,272,56,62,2,392,0,0,0,392
05/14/2002,MSY,LA,ASW,CE,Towers with Radar,301,71,41,2,415,0,7,53,1,61,301,78,94,3,476,0,0,0,476
05/15/2002,MSY,LA,ASW,CE,Towers with Radar,286,72,34,0,392,0,4,48,2,54,286,76,82,2,446,0,0,0,446
05/16/2002,MSY,LA,ASW,CE,Towers with Radar,296,70,58,1,425,0,20,35,4,59,296,90,93,5,484,0,0,0,484
05/17/2002,MSY,LA,ASW,CE,Towers with Radar,284,65,35,0,384,0,7,32,0,39,284,72,67,0,423,0,0,0,423
05/18/2002,MSY,LA,ASW,CE,Towers with Radar,286,47,23,0,356,0,0,0,0,0,286,47,23,0,356,0,0,0,356
05/19/2002,MSY,LA,ASW,CE,Towers with Radar,250,48,30,2,330,0,8,33,1,42,250,56,63,3,372,0,0,0,372
05/20/2002,MSY,LA,ASW,CE,Towers with Radar,281,66,37,1,385,0,12,40,0,52,281,78,77,1,437,0,0,0,437
05/21/2002,MSY,LA,ASW,CE,Towers with Radar,295,71,45,0,411,0,11,46,1,58,295,82,91,1,469,0,0,0,469
05/22/2002,MSY,LA,ASW,CE,Towers with Radar,290,83,51,7,431,0,16,53,3,72,290,99,104,10,503,0,0,0,503
05/23/2002,MSY,LA,ASW,CE,Towers with Radar,300,68,44,0,412,1,16,54,3,74,301,84,98,3,486,0,0,0,486
05/24/2002,MSY,LA,ASW,CE,Towers with Radar,290,72,54,1,417,1,7,43,1,52,291,79,97,2,469,0,0,0,469
05/25/2002,MSY,LA,ASW,CE,Towers with Radar,280,45,14,1,340,1,0,0,0,1,281,45,14,1,341,0,0,0,341
05/26/2002,MSY,LA,ASW,CE,Towers with Radar,240,26,15,2,283,1,3,22,1,27,241,29,37,3,310,0,0,0,310
05/27/2002,MSY,LA,ASW,CE,Towers with Radar,239,45,26,0,310,1,3,30,0,34,240,48,56,0,344,0,0,0,344
05/28/2002,MSY,LA,ASW,CE,Towers with Radar,282,62,47,0,391,1,15,29,3,48,283,77,76,3,439,0,0,0,439
05/29/2002,MSY,LA,ASW,CE,Towers with Radar,287,73,46,0,406,1,9,36,0,46,288,82,82,0,452,0,0,0,452
05/30/2002,MSY,LA,ASW,CE,Towers with Radar,300,67,41,1,409,0,24,38,2,64,300,91,79,3,473,0,0,0,473
05/31/2002,MSY,LA,ASW,CE,Towers with Radar,306,70,16,8,400,0,11,32,1,44,306,81,48,9,444,0,0,0,444
06/01/2002,MSY,LA,ASW,CE,Towers with Radar,284,49,16,0,349,1,0,0,0,1,285,49,16,0,350,0,0,0,350
06/02/2002,MSY,LA,ASW,CE,Towers with Radar,252,43,32,0,327,0,0,0,0,0,252,43,32,0,327,0,0,0,327
06/03/2002,MSY,LA,ASW,CE,Towers with Radar,280,59,32,1,372,0,8,32,0,40,280,67,64,1,412,0,0,0,412
06/04/2002,MSY,LA,ASW,CE,Towers with Radar,306,66,31,0,403,0,12,30,1,43,306,78,61,1,446,0,0,0,446
06/05/2002,MSY,LA,ASW,CE,Towers with Radar,292,70,51,0,413,0,27,42,1,70,292,97,93,1,483,0,0,0,483
06/06/2002,MSY,LA,ASW,CE,Towers with Radar,301,80,39,0,420,0,12,27,1,40,301,92,66,1,460,0,0,0,460
06/07/2002,MSY,LA,ASW,CE,Towers with Radar,284,63,37,3,387,1,11,44,2,58,285,74,81,5,445,0,0,0,445
06/08/2002,MSY,LA,ASW,CE,Towers with Radar,272,49,19,2,342,1,0,0,0,1,273,49,19,2,343,0,0,0,343
06/09/2002,MSY,LA,ASW,CE,Towers with Radar,239,37,26,0,302,1,7,25,0,33,240,44,51,0,335,0,0,0,335
06/10/2002,MSY,LA,ASW,CE,Towers with Radar,280,62,19,2,363,1,7,27,5,40,281,69,46,7,403,0,0,0,403
06/11/2002,MSY,LA,ASW,CE,Towers with Radar,291,75,35,1,402,1,21,38,4,64,292,96,73,5,466,0,0,0,466
06/12/2002,MSY,LA,ASW,CE,Towers with Radar,284,76,24,0,384,1,22,37,2,62,285,98,61,2,446,0,0,0,446
06/13/2002,MSY,LA,ASW,CE,Towers with Radar,294,72,44,2,412,1,21,42,2,66,295,93,86,4,478,0,0,0,478
06/14/2002,MSY,LA,ASW,CE,Towers with Radar,292,65,38,2,397,1,11,31,2,45,293,76,69,4,442,0,0,0,442
06/15/2002,MSY,LA,ASW,CE,Towers with Radar,277,59,21,1,358,1,9,30,2,42,278,68,51,3,400,0,0,0,400
06/16/2002,MSY,LA,ASW,CE,Towers with Radar,271,39,19,4,333,1,0,0,0,1,272,39,19,4,334,0,0,0,334
06/17/2002,MSY,LA,ASW,CE,Towers with Radar,275,53,24,4,356,1,13,26,4,44,276,66,50,8,400,0,0,0,400
06/18/2002,MSY,LA,ASW,CE,Towers with Radar,302,65,26,2,395,1,20,39,1,61,303,85,65,3,456,0,0,0,456
06/19/2002,MSY,LA,ASW,CE,Towers with Radar,286,74,25,2,387,1,14,40,0,55,287,88,65,2,442,0,0,0,442
06/20/2002,MSY,LA,ASW,CE,Towers with Radar,302,73,27,0,402,1,16,35,3,55,303,89,62,3,457,0,0,0,457
06/21/2002,MSY,LA,ASW,CE,Towers with Radar,300,60,26,3,389,1,13,39,2,55,301,73,65,5,444,0,0,0,444
06/22/2002,MSY,LA,ASW,CE,Towers with Radar,279,52,24,1,356,0,1,0,0,1,279,53,24,1,357,0,0,0,357
06/23/2002,MSY,LA,ASW,CE,Towers with Radar,252,36,24,2,314,0,4,16,0,20,252,40,40,2,334,0,0,0,334
06/24/2002,MSY,LA,ASW,CE,Towers with Radar,279,57,30,2,368,0,11,19,1,31,279,68,49,3,399,0,0,0,399
06/25/2002,MSY,LA,ASW,CE,Towers with Radar,296,70,29,1,396,0,4,31,0,35,296,74,60,1,431,0,0,0,431
06/26/2002,MSY,LA,ASW,CE,Towers with Radar,295,70,39,4,408,0,17,19,0,36,295,87,58,4,444,0,0,0,444
06/27/2002,MSY,LA,ASW,CE,Towers with Radar,301,67,31,1,400,0,28,32,0,60,301,95,63,1,460,0,0,0,460
06/28/2002,MSY,LA,ASW,CE,Towers with Radar,304,64,31,0,399,0,4,24,2,30,304,68,55,2,429,0,0,0,429
06/29/2002,MSY,LA,ASW,CE,Towers with Radar,280,54,15,1,350,0,0,0,0,0,280,54,15,1,350,0,0,0,350
06/30/2002,MSY,LA,ASW,CE,Towers with Radar,266,43,13,3,325,0,0,0,0,0,266,43,13,3,325,0,0,0,325
07/01/2002,MSY,LA,ASW,CE,Towers with Radar,278,53,23,0,354,0,15,22,0,37,278,68,45,0,391,0,0,0,391
07/02/2002,MSY,LA,ASW,CE,Towers with Radar,289,68,30,0,387,0,8,29,3,40,289,76,59,3,427,0,0,0,427
07/03/2002,MSY,LA,ASW,CE,Towers with Radar,299,66,31,0,396,0,16,32,0,48,299,82,63,0,444,0,0,0,444
07/04/2002,MSY,LA,ASW,CE,Towers with Radar,284,49,15,0,348,0,4,22,6,32,284,53,37,6,380,0,0,0,380
07/05/2002,MSY,LA,ASW,CE,Towers with Radar,235,32,6,0,273,0,2,18,4,24,235,34,24,4,297,0,0,0,297
07/06/2002,MSY,LA,ASW,CE,Towers with Radar,254,51,15,1,321,0,0,0,0,0,254,51,15,1,321,0,0,0,321
07/07/2002,MSY,LA,ASW,CE,Towers with Radar,253,45,32,0,330,0,12,34,0,46,253,57,66,0,376,0,0,0,376
07/08/2002,MSY,LA,ASW,CE,Towers with Radar,281,61,25,0,367,0,6,24,0,30,281,67,49,0,397,0,0,0,397
07/09/2002,MSY,LA,ASW,CE,Towers with Radar,308,66,18,1,393,0,16,31,1,48,308,82,49,2,441,0,0,0,441
07/10/2002,MSY,LA,ASW,CE,Towers with Radar,287,66,33,0,386,0,16,36,0,52,287,82,69,0,438,0,0,0,438
07/11/2002,MSY,LA,ASW,CE,Towers with Radar,286,74,33,1,394,0,7,42,5,54,286,81,75,6,448,0,0,0,448
07/12/2002,MSY,LA,ASW,CE,Towers with Radar,291,65,21,1,378,0,15,32,2,49,291,80,53,3,427,0,0,0,427
07/13/2002,MSY,LA,ASW,CE,Towers with Radar,273,53,24,0,350,0,0,0,0,0,273,53,24,0,350,0,0,0,350
07/14/2002,MSY,LA,ASW,CE,Towers with Radar,264,36,36,3,339,0,0,0,0,0,264,36,36,3,339,0,0,0,339
07/15/2002,MSY,LA,ASW,CE,Towers with Radar,284,54,19,2,359,0,10,24,2,36,284,64,43,4,395,0,0,0,395
07/16/2002,MSY,LA,ASW,CE,Towers with Radar,297,67,30,1,395,0,6,35,1,42,297,73,65,2,437,0,0,0,437
07/17/2002,MSY,LA,ASW,CE,Towers with Radar,286,62,43,2,393,0,17,49,1,67,286,79,92,3,460,0,0,0,460
07/18/2002,MSY,LA,ASW,CE,Towers with Radar,299,63,42,2,406,0,13,38,2,53,299,76,80,4,459,0,0,0,459
07/19/2002,MSY,LA,ASW,CE,Towers with Radar,297,65,48,3,413,0,13,42,5,60,297,78,90,8,473,0,0,0,473
07/20/2002,MSY,LA,ASW,CE,Towers with Radar,283,41,24,2,350,0,0,0,0,0,283,41,24,2,350,0,0,0,350
07/21/2002,MSY,LA,ASW,CE,Towers with Radar,246,33,17,2,298,0,3,25,1,29,246,36,42,3,327,0,0,0,327
07/22/2002,MSY,LA,ASW,CE,Towers with Radar,289,50,16,0,355,0,12,20,4,36,289,62,36,4,391,0,0,0,391
07/23/2002,MSY,LA,ASW,CE,Towers with Radar,293,69,30,2,394,0,7,32,2,41,293,76,62,4,435,0,0,0,435
07/24/2002,MSY,LA,ASW,CE,Towers with Radar,291,66,26,0,383,0,13,39,1,53,291,79,65,1,436,0,0,0,436
07/25/2002,MSY,LA,ASW,CE,Towers with Radar,301,69,35,2,407,0,13,22,2,37,301,82,57,4,444,0,0,0,444
07/26/2002,MSY,LA,ASW,CE,Towers with Radar,293,64,41,2,400,0,8,21,1,30,293,72,62,3,430,0,0,0,430
07/27/2002,MSY,LA,ASW,CE,Towers with Radar,284,47,19,1,351,0,0,0,0,0,284,47,19,1,351,0,0,0,351
07/28/2002,MSY,LA,ASW,CE,Towers with Radar,252,43,29,0,324,0,2,24,0,26,252,45,53,0,350,0,0,0,350
07/29/2002,MSY,LA,ASW,CE,Towers with Radar,291,49,20,0,360,0,8,29,1,38,291,57,49,1,398,0,0,0,398
07/30/2002,MSY,LA,ASW,CE,Towers with Radar,292,70,39,2,403,0,14,28,3,45,292,84,67,5,448,0,0,0,448
07/31/2002,MSY,LA,ASW,CE,Towers with Radar,284,62,15,0,361,0,8,26,1,35,284,70,41,1,396,0,0,0,396
08/01/2002,MSY,LA,ASW,CE,Towers with Radar,296,70,27,2,395,0,8,43,8,59,296,78,70,10,454,0,0,0,454
08/02/2002,MSY,LA,ASW,CE,Towers with Radar,295,69,31,4,399,0,8,31,2,41,295,77,62,6,440,0,0,0,440
08/03/2002,MSY,LA,ASW,CE,Towers with Radar,281,45,9,0,335,0,0,0,0,0,281,45,9,0,335,0,0,0,335
08/04/2002,MSY,LA,ASW,CE,Towers with Radar,255,39,15,1,310,0,2,17,0,19,255,41,32,1,329,0,0,0,329
08/05/2002,MSY,LA,ASW,CE,Towers with Radar,279,50,15,2,346,0,5,29,1,35,279,55,44,3,381,0,0,0,381
08/06/2002,MSY,LA,ASW,CE,Towers with Radar,293,72,22,2,389,0,6,23,1,30,293,78,45,3,419,0,0,0,419
08/07/2002,MSY,LA,ASW,CE,Towers with Radar,286,62,31,1,380,0,7,39,2,48,286,69,70,3,428,0,0,0,428
08/08/2002,MSY,LA,ASW,CE,Towers with Radar,293,62,29,5,389,0,17,25,5,47,293,79,54,10,436,0,0,0,436
08/09/2002,MSY,LA,ASW,CE,Towers with Radar,296,65,34,1,396,0,22,36,5,63,296,87,70,6,459,0,0,0,459
08/10/2002,MSY,LA,ASW,CE,Towers with Radar,275,44,17,0,336,0,2,34,1,37,275,46,51,1,373,0,0,0,373
08/11/2002,MSY,LA,ASW,CE,Towers with Radar,248,41,21,2,312,0,7,25,2,34,248,48,46,4,346,0,0,0,346
08/12/2002,MSY,LA,ASW,CE,Towers with Radar,289,51,21,2,363,0,10,26,1,37,289,61,47,3,400,0,0,0,400
08/13/2002,MSY,LA,ASW,CE,Towers with Radar,280,58,22,1,361,0,14,25,4,43,280,72,47,5,404,0,0,0,404
08/14/2002,MSY,LA,ASW,CE,Towers with Radar,286,65,23,0,374,0,11,38,2,51,286,76,61,2,425,0,0,0,425
08/15/2002,MSY,LA,ASW,CE,Towers with Radar,278,75,25,3,381,0,0,0,0,0,278,75,25,3,381,0,0,0,381
08/16/2002,MSY,LA,ASW,CE,Towers with Radar,298,75,24,6,403,0,8,37,2,47,298,83,61,8,450,0,0,0,450
08/17/2002,MSY,LA,ASW,CE,Towers with Radar,278,41,13,4,336,0,0,0,0,0,278,41,13,4,336,0,0,0,336
08/18/2002,MSY,LA,ASW,CE,Towers with Radar,243,38,21,1,303,0,3,31,5,39,243,41,52,6,342,0,0,0,342
08/19/2002,MSY,LA,ASW,CE,Towers with Radar,274,62,23,0,359,0,3,28,3,34,274,65,51,3,393,0,0,0,393
08/20/2002,MSY,LA,ASW,CE,Towers with Radar,295,65,16,1,377,0,21,45,11,77,295,86,61,12,454,0,0,0,454
08/21/2002,MSY,LA,ASW,CE,Towers with Radar,289,66,21,0,376,0,9,34,5,48,289,75,55,5,424,0,0,0,424
08/22/2002,MSY,LA,ASW,CE,Towers with Radar,286,70,26,0,382,0,11,34,4,49,286,81,60,4,431,0,0,0,431
08/23/2002,MSY,LA,ASW,CE,Towers with Radar,288,70,37,0,395,0,13,32,5,50,288,83,69,5,445,0,0,0,445
08/24/2002,MSY,LA,ASW,CE,Towers with Radar,274,42,14,0,330,0,0,0,0,0,274,42,14,0,330,0,0,0,330
08/25/2002,MSY,LA,ASW,CE,Towers with Radar,240,40,31,4,315,0,4,36,3,43,240,44,67,7,358,0,0,0,358
08/26/2002,MSY,LA,ASW,CE,Towers with Radar,277,45,32,1,355,0,9,40,2,51,277,54,72,3,406,0,0,0,406
08/27/2002,MSY,LA,ASW,CE,Towers with Radar,290,65,28,4,387,0,15,39,6,60,290,80,67,10,447,0,0,0,447
08/28/2002,MSY,LA,ASW,CE,Towers with Radar,284,63,26,2,375,0,20,43,3,66,284,83,69,5,441,0,0,0,441
08/29/2002,MSY,LA,ASW,CE,Towers with Radar,294,63,26,2,385,0,11,55,1,67,294,74,81,3,452,0,0,0,452
08/30/2002,MSY,LA,ASW,CE,Towers with Radar,288,63,28,1,380,0,12,32,1,45,288,75,60,2,425,0,0,0,425
08/31/2002,MSY,LA,ASW,CE,Towers with Radar,271,48,21,0,340,0,3,27,0,30,271,51,48,0,370,0,0,0,370
09/01/2002,MSY,LA,ASW,CE,Towers with Radar,217,26,13,0,256,0,1,17,1,19,217,27,30,1,275,0,0,0,275
09/02/2002,MSY,LA,ASW,CE,Towers with Radar,234,40,19,0,293,0,6,12,2,20,234,46,31,2,313,0,0,0,313
09/03/2002,MSY,LA,ASW,CE,Towers with Radar,281,55,23,1,360,0,6,24,3,33,281,61,47,4,393,0,0,0,393
09/04/2002,MSY,LA,ASW,CE,Towers with Radar,279,64,21,6,370,0,17,28,2,47,279,81,49,8,417,0,0,0,417
09/05/2002,MSY,LA,ASW,CE,Towers with Radar,292,66,25,6,389,0,13,30,3,46,292,79,55,9,435,0,0,0,435
09/06/2002,MSY,LA,ASW,CE,Towers with Radar,280,76,25,1,382,0,4,22,1,27,280,80,47,2,409,0,0,0,409
09/07/2002,MSY,LA,ASW,CE,Towers with Radar,269,46,12,0,327,0,0,0,0,0,269,46,12,0,327,0,0,0,327
09/08/2002,MSY,LA,ASW,CE,Towers with Radar,250,41,14,2,307,0,4,3,0,7,250,45,17,2,314,0,0,0,314
09/09/2002,MSY,LA,ASW,CE,Towers with Radar,271,55,32,0,358,0,6,23,2,31,271,61,55,2,389,0,0,0,389
09/10/2002,MSY,LA,ASW,CE,Towers with Radar,271,76,26,1,374,0,16,36,6,58,271,92,62,7,432,0,0,0,432
09/11/2002,MSY,LA,ASW,CE,Towers with Radar,237,66,26,1,330,0,17,46,3,66,237,83,72,4,396,0,0,0,396
09/12/2002,MSY,LA,ASW,CE,Towers with Radar,284,66,34,4,388,0,15,35,1,51,284,81,69,5,439,0,0,0,439
09/13/2002,MSY,LA,ASW,CE,Towers with Radar,282,74,25,0,381,0,7,25,3,35,282,81,50,3,416,0,0,0,416
09/14/2002,MSY,LA,ASW,CE,Towers with Radar,274,56,14,2,346,0,3,17,3,23,274,59,31,5,369,0,0,0,369
09/15/2002,MSY,LA,ASW,CE,Towers with Radar,254,42,32,0,328,0,0,0,0,0,254,42,32,0,328,0,0,0,328
09/16/2002,MSY,LA,ASW,CE,Towers with Radar,274,70,26,1,371,0,11,26,0,37,274,81,52,1,408,0,0,0,408
09/17/2002,MSY,LA,ASW,CE,Towers with Radar,285,85,28,2,400,0,7,29,0,36,285,92,57,2,436,0,0,0,436
09/18/2002,MSY,LA,ASW,CE,Towers with Radar,278,72,29,3,382,0,21,45,5,71,278,93,74,8,453,0,0,0,453
09/19/2002,MSY,LA,ASW,CE,Towers with Radar,280,69,27,1,377,0,14,37,2,53,280,83,64,3,430,0,0,0,430
09/20/2002,MSY,LA,ASW,CE,Towers with Radar,306,75,36,3,420,0,13,16,4,33,306,88,52,7,453,0,0,0,453
09/21/2002,MSY,LA,ASW,CE,Towers with Radar,276,48,19,1,344,0,0,0,0,0,276,48,19,1,344,0,0,0,344
09/22/2002,MSY,LA,ASW,CE,Towers with Radar,258,48,16,0,322,0,0,19,0,19,258,48,35,0,341,0,0,0,341
09/23/2002,MSY,LA,ASW,CE,Towers with Radar,270,61,34,0,365,0,6,19,1,26,270,67,53,1,391,0,0,0,391
09/24/2002,MSY,LA,ASW,CE,Towers with Radar,291,71,22,0,384,0,8,16,0,24,291,79,38,0,408,0,0,0,408
09/25/2002,MSY,LA,ASW,CE,Towers with Radar,257,44,16,1,318,0,1,2,0,3,257,45,18,1,321,0,0,0,321
09/26/2002,MSY,LA,ASW,CE,Towers with Radar,143,36,17,0,196,0,18,9,6,33,143,54,26,6,229,0,0,0,229
09/27/2002,MSY,LA,ASW,CE,Towers with Radar,291,103,75,1,470,0,18,56,13,87,291,121,131,14,557,0,0,0,557
09/28/2002,MSY,LA,ASW,CE,Towers with Radar,270,53,18,0,341,0,0,0,0,0,270,53,18,0,341,0,0,0,341
09/29/2002,MSY,LA,ASW,CE,Towers with Radar,249,54,41,1,345,0,7,53,2,62,249,61,94,3,407,0,0,0,407
09/30/2002,MSY,LA,ASW,CE,Towers with Radar,271,61,38,0,370,0,14,26,2,42,271,75,64,2,412,0,0,0,412
10/01/2002,MSY,LA,ASW,CE,Towers with Radar,286,83,44,0,413,1,9,37,3,50,287,92,81,3,463,0,0,0,463
10/02/2002,MSY,LA,ASW,CE,Towers with Radar,283,96,51,2,432,1,2,24,1,28,284,98,75,3,460,0,0,0,460
10/03/2002,MSY,LA,ASW,CE,Towers with Radar,80,31,11,0,122,1,1,8,2,12,81,32,19,2,134,0,0,0,134
10/04/2002,MSY,LA,ASW,CE,Towers with Radar,288,58,21,4,371,1,29,42,2,74,289,87,63,6,445,0,0,0,445
10/05/2002,MSY,LA,ASW,CE,Towers with Radar,273,57,28,2,360,1,0,0,0,1,274,57,28,2,361,0,0,0,361
10/06/2002,MSY,LA,ASW,CE,Towers with Radar,240,56,25,1,322,1,8,34,2,45,241,64,59,3,367,0,0,0,367
10/07/2002,MSY,LA,ASW,CE,Towers with Radar,274,68,29,1,372,1,7,26,0,34,275,75,55,1,406,0,0,0,406
10/08/2002,MSY,LA,ASW,CE,Towers with Radar,289,84,38,0,411,0,11,37,3,51,289,95,75,3,462,0,0,0,462
10/09/2002,MSY,LA,ASW,CE,Towers with Radar,280,77,40,2,399,0,8,29,2,39,280,85,69,4,438,0,0,0,438
10/10/2002,MSY,LA,ASW,CE,Towers with Radar,282,78,54,2,416,0,14,27,0,41,282,92,81,2,457,0,0,0,457
10/11/2002,MSY,LA,ASW,CE,Towers with Radar,286,76,39,1,402,0,11,27,2,40,286,87,66,3,442,0,0,0,442
10/12/2002,MSY,LA,ASW,CE,Towers with Radar,284,60,30,2,376,0,1,0,0,1,284,61,30,2,377,0,0,0,377
10/13/2002,MSY,LA,ASW,CE,Towers with Radar,239,49,22,1,311,0,6,29,0,35,239,55,51,1,346,0,0,0,346
10/14/2002,MSY,LA,ASW,CE,Towers with Radar,275,60,38,1,374,0,23,27,0,50,275,83,65,1,424,0,0,0,424
10/15/2002,MSY,LA,ASW,CE,Towers with Radar,278,68,44,1,391,0,21,43,2,66,278,89,87,3,457,0,0,0,457
10/16/2002,MSY,LA,ASW,CE,Towers with Radar,284,73,46,4,407,0,46,59,1,106,284,119,105,5,513,0,0,0,513
10/17/2002,MSY,LA,ASW,CE,Towers with Radar,283,78,54,2,417,0,22,45,1,68,283,100,99,3,485,0,0,0,485
10/18/2002,MSY,LA,ASW,CE,Towers with Radar,284,87,40,3,414,0,11,59,3,73,284,98,99,6,487,0,0,0,487
10/19/2002,MSY,LA,ASW,CE,Towers with Radar,280,53,28,0,361,0,7,50,1,58,280,60,78,1,419,0,0,0,419
10/20/2002,MSY,LA,ASW,CE,Towers with Radar,250,56,22,0,328,0,3,15,1,19,250,59,37,1,347,0,0,0,347
10/21/2002,MSY,LA,ASW,CE,Towers with Radar,276,71,57,0,404,0,12,12,0,24,276,83,69,0,428,0,0,0,428
10/22/2002,MSY,LA,ASW,CE,Towers with Radar,289,87,49,0,425,0,11,25,2,38,289,98,74,2,463,0,0,0,463
10/23/2002,MSY,LA,ASW,CE,Towers with Radar,283,87,59,1,430,0,8,22,3,33,283,95,81,4,463,0,0,0,463
10/24/2002,MSY,LA,ASW,CE,Towers with Radar,296,84,53,3,436,0,15,20,3,38,296,99,73,6,474,0,0,0,474
10/25/2002,MSY,LA,ASW,CE,Towers with Radar,285,81,41,0,407,0,8,28,2,38,285,89,69,2,445,0,0,0,445
10/26/2002,MSY,LA,ASW,CE,Towers with Radar,277,54,27,0,358,0,0,1,0,1,277,54,28,0,359,0,0,0,359
10/27/2002,MSY,LA,ASW,CE,Towers with Radar,194,44,20,0,258,30,0,0,3,33,224,44,20,3,291,0,0,0,291
10/28/2002,MSY,LA,ASW,CE,Towers with Radar,272,66,41,0,379,0,8,15,0,23,272,74,56,0,402,0,0,0,402
10/29/2002,MSY,LA,ASW,CE,Towers with Radar,311,83,40,1,435,0,5,9,2,16,311,88,49,3,451,0,0,0,451
10/30/2002,MSY,LA,ASW,CE,Towers with Radar,284,83,45,1,413,0,9,55,4,68,284,92,100,5,481,0,0,0,481
10/31/2002,MSY,LA,ASW,CE,Towers with Radar,290,65,49,2,406,0,13,49,3,65,290,78,98,5,471,0,0,0,471
11/01/2002,MSY,LA,ASW,CE,Towers with Radar,276,31,18,2,327,0,9,18,0,27,276,40,36,2,354,0,0,0,354
11/02/2002,MSY,LA,ASW,CE,Towers with Radar,291,17,15,0,323,0,0,1,0,1,291,17,16,0,324,0,0,0,324
11/03/2002,MSY,LA,ASW,CE,Towers with Radar,289,19,26,0,334,0,0,1,0,1,289,19,27,0,335,0,0,0,335
11/04/2002,MSY,LA,ASW,CE,Towers with Radar,317,45,45,0,407,0,1,7,0,8,317,46,52,0,415,0,0,0,415
11/05/2002,MSY,LA,ASW,CE,Towers with Radar,309,45,54,0,408,0,8,8,0,16,309,53,62,0,424,0,0,0,424
11/06/2002,MSY,LA,ASW,CE,Towers with Radar,298,44,25,0,367,0,14,41,0,55,298,58,66,0,422,0,0,0,422
11/07/2002,MSY,LA,ASW,CE,Towers with Radar,285,29,39,1,354,0,15,25,0,40,285,44,64,1,394,0,0,0,394
11/08/2002,MSY,LA,ASW,CE,Towers with Radar,316,39,30,5,390,0,14,18,0,32,316,53,48,5,422,0,0,0,422
11/09/2002,MSY,LA,ASW,CE,Towers with Radar,283,15,21,0,319,0,0,0,0,0,283,15,21,0,319,0,0,0,319
11/10/2002,MSY,LA,ASW,CE,Towers with Radar,286,17,32,0,335,0,0,11,0,11,286,17,43,0,346,0,0,0,346
11/11/2002,MSY,LA,ASW,CE,Towers with Radar,302,26,33,0,361,0,0,7,0,7,302,26,40,0,368,0,0,0,368
11/12/2002,MSY,LA,ASW,CE,Towers with Radar,316,34,36,0,386,0,7,38,1,46,316,41,74,1,432,0,0,0,432
11/13/2002,MSY,LA,ASW,CE,Towers with Radar,320,37,47,3,407,0,11,30,0,41,320,48,77,3,448,0,0,0,448
11/14/2002,MSY,LA,ASW,CE,Towers with Radar,319,34,35,1,389,0,24,35,6,65,319,58,70,7,454,0,0,0,454
11/15/2002,MSY,LA,ASW,CE,Towers with Radar,317,40,30,0,387,0,14,11,0,25,317,54,41,0,412,0,0,0,412
11/16/2002,MSY,LA,ASW,CE,Towers with Radar,285,14,18,2,319,0,0,0,0,0,285,14,18,2,319,0,0,0,319
11/17/2002,MSY,LA,ASW,CE,Towers with Radar,284,17,31,2,334,0,6,10,1,17,284,23,41,3,351,0,0,0,351
11/18/2002,MSY,LA,ASW,CE,Towers with Radar,299,31,34,2,366,0,7,26,0,33,299,38,60,2,399,0,0,0,399
11/19/2002,MSY,LA,ASW,CE,Towers with Radar,315,30,41,1,387,0,7,20,0,27,315,37,61,1,414,0,0,0,414
11/20/2002,MSY,LA,ASW,CE,Towers with Radar,324,35,47,5,411,0,8,18,0,26,324,43,65,5,437,0,0,0,437
11/21/2002,MSY,LA,ASW,CE,Towers with Radar,320,37,41,0,398,0,10,30,0,40,320,47,71,0,438,0,0,0,438
11/22/2002,MSY,LA,ASW,CE,Towers with Radar,318,33,35,0,386,0,18,21,0,39,318,51,56,0,425,0,0,0,425
11/23/2002,MSY,LA,ASW,CE,Towers with Radar,284,12,17,0,313,0,0,0,0,0,284,12,17,0,313,0,0,0,313
11/24/2002,MSY,LA,ASW,CE,Towers with Radar,255,9,15,0,279,0,3,12,0,15,255,12,27,0,294,0,0,0,294
11/25/2002,MSY,LA,ASW,CE,Towers with Radar,305,29,17,0,351,0,9,22,0,31,305,38,39,0,382,0,0,0,382
11/26/2002,MSY,LA,ASW,CE,Towers with Radar,318,40,24,0,382,0,8,23,0,31,318,48,47,0,413,0,0,0,413
11/27/2002,MSY,LA,ASW,CE,Towers with Radar,325,37,25,0,387,0,12,18,0,30,325,49,43,0,417,0,0,0,417
11/28/2002,MSY,LA,ASW,CE,Towers with Radar,186,17,19,0,222,66,4,0,0,70,252,21,19,0,292,0,0,0,292
11/29/2002,MSY,LA,ASW,CE,Towers with Radar,244,8,8,0,260,0,9,29,0,38,244,17,37,0,298,0,0,0,298
11/30/2002,MSY,LA,ASW,CE,Towers with Radar,263,11,18,0,292,0,0,0,0,0,263,11,18,0,292,0,0,0,292
12/01/2002,MSY,LA,ASW,CE,Towers with Radar,282,15,32,0,329,1,1,15,0,17,283,16,47,0,346,0,0,0,346
12/02/2002,MSY,LA,ASW,CE,Towers with Radar,302,40,29,1,372,0,9,18,0,27,302,49,47,1,399,0,0,0,399
12/03/2002,MSY,LA,ASW,CE,Towers with Radar,321,46,34,7,408,0,5,14,6,25,321,51,48,13,433,0,0,0,433
12/04/2002,MSY,LA,ASW,CE,Towers with Radar,313,32,42,3,390,0,11,3,0,14,313,43,45,3,404,0,0,0,404
12/05/2002,MSY,LA,ASW,CE,Towers with Radar,301,37,50,3,391,0,23,8,0,31,301,60,58,3,422,0,0,0,422
12/06/2002,MSY,LA,ASW,CE,Towers with Radar,331,33,54,1,419,0,8,22,0,30,331,41,76,1,449,0,0,0,449
12/07/2002,MSY,LA,ASW,CE,Towers with Radar,280,13,26,0,319,0,1,0,0,1,280,14,26,0,320,0,0,0,320
12/08/2002,MSY,LA,ASW,CE,Towers with Radar,279,17,13,0,309,0,1,0,0,1,279,18,13,0,310,0,0,0,310
12/09/2002,MSY,LA,ASW,CE,Towers with Radar,307,32,15,0,354,0,6,16,0,22,307,38,31,0,376,0,0,0,376
12/10/2002,MSY,LA,ASW,CE,Towers with Radar,307,44,38,0,389,0,9,8,1,18,307,53,46,1,407,0,0,0,407
12/11/2002,MSY,LA,ASW,CE,Towers with Radar,316,46,26,5,393,0,21,27,0,48,316,67,53,5,441,0,0,0,441
12/12/2002,MSY,LA,ASW,CE,Towers with Radar,326,37,33,2,398,0,10,9,0,19,326,47,42,2,417,0,0,0,417
12/13/2002,MSY,LA,ASW,CE,Towers with Radar,322,33,31,1,387,0,7,30,1,38,322,40,61,2,425,0,0,0,425
12/14/2002,MSY,LA,ASW,CE,Towers with Radar,277,16,24,0,317,0,4,17,0,21,277,20,41,0,338,0,0,0,338
12/15/2002,MSY,LA,ASW,CE,Towers with Radar,264,20,25,0,309,109,0,32,1,142,373,20,57,1,451,0,0,0,451
12/16/2002,MSY,LA,ASW,CE,Towers with Radar,298,30,23,0,351,0,8,17,4,29,298,38,40,4,380,0,0,0,380
12/17/2002,MSY,LA,ASW,CE,Towers with Radar,313,37,43,0,393,0,18,35,0,53,313,55,78,0,446,0,0,0,446
12/18/2002,MSY,LA,ASW,CE,Towers with Radar,312,36,27,0,375,0,7,23,0,30,312,43,50,0,405,0,0,0,405
12/19/2002,MSY,LA,ASW,CE,Towers with Radar,330,38,33,2,403,0,10,10,0,20,330,48,43,2,423,0,0,0,423
12/20/2002,MSY,LA,ASW,CE,Towers with Radar,317,39,20,0,376,0,10,31,0,41,317,49,51,0,417,0,0,0,417
12/21/2002,MSY,LA,ASW,CE,Towers with Radar,278,15,17,1,311,0,0,0,0,0,278,15,17,1,311,0,0,0,311
12/22/2002,MSY,LA,ASW,CE,Towers with Radar,280,13,17,0,310,0,0,0,0,0,280,13,17,0,310,0,0,0,310
12/23/2002,MSY,LA,ASW,CE,Towers with Radar,288,31,29,0,348,0,5,11,0,16,288,36,40,0,364,0,0,0,364
12/24/2002,MSY,LA,ASW,CE,Towers with Radar,266,33,21,1,321,0,2,3,0,5,266,35,24,1,326,0,0,0,326
12/25/2002,MSY,LA,ASW,CE,Towers with Radar,218,13,14,0,245,0,0,8,0,8,218,13,22,0,253,0,0,0,253
12/26/2002,MSY,LA,ASW,CE,Towers with Radar,303,23,15,0,341,0,9,17,0,26,303,32,32,0,367,0,0,0,367
12/27/2002,MSY,LA,ASW,CE,Towers with Radar,314,42,26,2,384,0,7,24,0,31,314,49,50,2,415,0,0,0,415
12/28/2002,MSY,LA,ASW,CE,Towers with Radar,266,15,16,2,299,0,0,0,0,0,266,15,16,2,299,0,0,0,299
12/29/2002,MSY,LA,ASW,CE,Towers with Radar,277,13,18,0,308,0,0,0,0,0,277,13,18,0,308,0,0,0,308
12/30/2002,MSY,LA,ASW,CE,Towers with Radar,295,35,21,0,351,0,5,15,0,20,295,40,36,0,371,0,0,0,371
12/31/2002,MSY,LA,ASW,CE,Towers with Radar,278,40,23,2,343,0,0,3,0,3,278,40,26,2,346,0,0,0,346
01/01/2003,MSY,LA,ASW,CE,Towers with Radar,242,22,29,0,293,0,3,16,0,19,242,25,45,0,312,0,0,0,312
01/02/2003,MSY,LA,ASW,CE,Towers with Radar,300,35,37,0,372,0,10,16,0,26,300,45,53,0,398,0,0,0,398
01/03/2003,MSY,LA,ASW,CE,Towers with Radar,313,34,28,0,375,0,6,10,0,16,313,40,38,0,391,0,0,0,391
01/04/2003,MSY,LA,ASW,CE,Towers with Radar,265,17,16,0,298,0,1,0,0,1,265,18,16,0,299,0,0,0,299
01/05/2003,MSY,LA,ASW,CE,Towers with Radar,275,16,26,0,317,0,1,0,0,1,275,17,26,0,318,0,0,0,318
01/06/2003,MSY,LA,ASW,CE,Towers with Radar,300,27,19,0,346,0,6,19,1,26,300,33,38,1,372,0,0,0,372
01/07/2003,MSY,LA,ASW,CE,Towers with Radar,315,43,24,0,382,0,12,23,1,36,315,55,47,1,418,0,0,0,418
01/08/2003,MSY,LA,ASW,CE,Towers with Radar,314,27,28,0,369,0,15,22,1,38,314,42,50,1,407,0,0,0,407
01/09/2003,MSY,LA,ASW,CE,Towers with Radar,314,30,29,0,373,0,16,19,0,35,314,46,48,0,408,0,0,0,408
01/10/2003,MSY,LA,ASW,CE,Towers with Radar,314,31,16,0,361,0,1,0,0,1,314,32,16,0,362,0,0,0,362
01/11/2003,MSY,LA,ASW,CE,Towers with Radar,274,22,11,1,308,0,0,0,0,0,274,22,11,1,308,0,0,0,308
01/12/2003,MSY,LA,ASW,CE,Towers with Radar,283,6,29,3,321,0,0,0,0,0,283,6,29,3,321,0,0,0,321
01/13/2003,MSY,LA,ASW,CE,Towers with Radar,305,21,27,2,355,0,4,20,0,24,305,25,47,2,379,0,0,0,379
01/14/2003,MSY,LA,ASW,CE,Towers with Radar,310,37,30,0,377,0,10,26,0,36,310,47,56,0,413,0,0,0,413
01/15/2003,MSY,LA,ASW,CE,Towers with Radar,315,44,40,0,399,0,14,19,0,33,315,58,59,0,432,0,0,0,432
01/16/2003,MSY,LA,ASW,CE,Towers with Radar,317,38,47,0,402,0,12,24,0,36,317,50,71,0,438,0,0,0,438
01/17/2003,MSY,LA,ASW,CE,Towers with Radar,312,33,47,2,394,0,0,0,0,0,312,33,47,2,394,0,0,0,394
01/18/2003,MSY,LA,ASW,CE,Towers with Radar,273,13,26,0,312,0,2,19,0,21,273,15,45,0,333,0,0,0,333
01/19/2003,MSY,LA,ASW,CE,Towers with Radar,278,16,29,3,326,0,0,0,0,0,278,16,29,3,326,0,0,0,326
01/20/2003,MSY,LA,ASW,CE,Towers with Radar,288,25,42,1,356,0,5,7,0,12,288,30,49,1,368,0,0,0,368
01/21/2003,MSY,LA,ASW,CE,Towers with Radar,315,36,23,4,378,0,9,21,0,30,315,45,44,4,408,0,0,0,408
01/22/2003,MSY,LA,ASW,CE,Towers with Radar,310,51,37,0,398,0,2,14,0,16,310,53,51,0,414,0,0,0,414
01/23/2003,MSY,LA,ASW,CE,Towers with Radar,324,38,45,1,408,0,6,29,0,35,324,44,74,1,443,0,0,0,443
01/24/2003,MSY,LA,ASW,CE,Towers with Radar,312,38,36,0,386,0,9,15,1,25,312,47,51,1,411,0,0,0,411
01/25/2003,MSY,LA,ASW,CE,Towers with Radar,271,13,13,0,297,0,0,0,0,0,271,13,13,0,297,0,0,0,297
01/26/2003,MSY,LA,ASW,CE,Towers with Radar,244,15,25,0,284,37,0,0,0,37,281,15,25,0,321,0,0,0,321
01/27/2003,MSY,LA,ASW,CE,Towers with Radar,302,37,27,0,366,0,11,20,1,32,302,48,47,1,398,0,0,0,398
01/28/2003,MSY,LA,ASW,CE,Towers with Radar,309,41,40,1,391,0,10,28,0,38,309,51,68,1,429,0,0,0,429
01/29/2003,MSY,LA,ASW,CE,Towers with Radar,313,36,31,0,380,0,16,18,0,34,313,52,49,0,414,0,0,0,414
01/30/2003,MSY,LA,ASW,CE,Towers with Radar,316,38,42,0,396,0,3,5,0,8,316,41,47,0,404,0,0,0,404
01/31/2003,MSY,LA,ASW,CE,Towers with Radar,317,44,25,0,386,0,5,7,0,12,317,49,32,0,398,0,0,0,398
02/01/2003,MSY,LA,ASW,CE,Towers with Radar,274,14,17,0,305,0,1,0,0,1,274,15,17,0,306,0,0,0,306
02/02/2003,MSY,LA,ASW,CE,Towers with Radar,275,13,30,0,318,0,1,15,0,16,275,14,45,0,334,0,0,0,334
02/03/2003,MSY,LA,ASW,CE,Towers with Radar,302,34,25,1,362,0,8,7,2,17,302,42,32,3,379,0,0,0,379
02/04/2003,MSY,LA,ASW,CE,Towers with Radar,318,41,41,0,400,0,3,17,0,20,318,44,58,0,420,0,0,0,420
02/05/2003,MSY,LA,ASW,CE,Towers with Radar,313,37,37,1,388,0,8,29,1,38,313,45,66,2,426,0,0,0,426
02/06/2003,MSY,LA,ASW,CE,Towers with Radar,316,37,54,0,407,0,8,4,0,12,316,45,58,0,419,0,0,0,419
02/07/2003,MSY,LA,ASW,CE,Towers with Radar,319,37,53,0,409,0,4,8,0,12,319,41,61,0,421,0,0,0,421
02/08/2003,MSY,LA,ASW,CE,Towers with Radar,275,14,19,4,312,0,2,12,0,14,275,16,31,4,326,0,0,0,326
02/09/2003,MSY,LA,ASW,CE,Towers with Radar,275,12,38,0,325,0,1,4,0,5,275,13,42,0,330,0,0,0,330
02/10/2003,MSY,LA,ASW,CE,Towers with Radar,308,36,27,1,372,0,10,15,0,25,308,46,42,1,397,0,0,0,397
02/11/2003,MSY,LA,ASW,CE,Towers with Radar,311,37,30,2,380,0,13,28,1,42,311,50,58,3,422,0,0,0,422
02/12/2003,MSY,LA,ASW,CE,Towers with Radar,313,40,53,0,406,0,11,16,0,27,313,51,69,0,433,0,0,0,433
02/13/2003,MSY,LA,ASW,CE,Towers with Radar,307,34,40,0,381,0,19,28,0,47,307,53,68,0,428,0,0,0,428
02/14/2003,MSY,LA,ASW,CE,Towers with Radar,237,20,37,1,295,0,0,7,1,8,237,20,44,2,303,0,0,0,303
02/15/2003,MSY,LA,ASW,CE,Towers with Radar,218,16,7,0,241,61,0,0,0,61,279,16,7,0,302,0,0,0,302
02/16/2003,MSY,LA,ASW,CE,Towers with Radar,269,10,22,2,303,0,1,5,0,6,269,11,27,2,309,0,0,0,309
02/17/2003,MSY,LA,ASW,CE,Towers with Radar,291,33,33,3,360,0,3,14,0,17,291,36,47,3,377,0,0,0,377
02/18/2003,MSY,LA,ASW,CE,Towers with Radar,297,31,36,0,364,0,8,19,0,27,297,39,55,0,391,0,0,0,391
02/19/2003,MSY,LA,ASW,CE,Towers with Radar,322,32,29,6,389,0,16,16,0,32,322,48,45,6,421,0,0,0,421
02/20/2003,MSY,LA,ASW,CE,Towers with Radar,314,32,51,0,397,0,5,12,0,17,314,37,63,0,414,0,0,0,414
02/21/2003,MSY,LA,ASW,CE,Towers with Radar,294,34,38,0,366,0,0,0,0,0,294,34,38,0,366,0,0,0,366
02/22/2003,MSY,LA,ASW,CE,Towers with Radar,277,20,33,2,332,0,0,0,0,0,277,20,33,2,332,0,0,0,332
02/23/2003,MSY,LA,ASW,CE,Towers with Radar,283,18,25,2,328,0,3,32,0,35,283,21,57,2,363,0,0,0,363
02/24/2003,MSY,LA,ASW,CE,Towers with Radar,304,31,28,3,366,0,7,21,1,29,304,38,49,4,395,0,0,0,395
02/25/2003,MSY,LA,ASW,CE,Towers with Radar,304,34,34,0,372,0,3,21,0,24,304,37,55,0,396,0,0,0,396
02/26/2003,MSY,LA,ASW,CE,Towers with Radar,279,16,17,0,312,0,0,0,0,0,279,16,17,0,312,0,0,0,312
02/27/2003,MSY,LA,ASW,CE,Towers with Radar,327,53,47,4,431,0,7,11,0,18,327,60,58,4,449,0,0,0,449
02/28/2003,MSY,LA,ASW,CE,Towers with Radar,323,45,51,4,423,0,9,11,0,20,323,54,62,4,443,0,0,0,443
03/01/2003,MSY,LA,ASW,CE,Towers with Radar,280,19,15,0,314,0,0,0,0,0,280,19,15,0,314,0,0,0,314
03/02/2003,MSY,LA,ASW,CE,Towers with Radar,286,22,37,2,347,0,5,9,0,14,286,27,46,2,361,0,0,0,361
03/03/2003,MSY,LA,ASW,CE,Towers with Radar,305,26,25,0,356,0,5,15,0,20,305,31,40,0,376,0,0,0,376
03/04/2003,MSY,LA,ASW,CE,Towers with Radar,307,31,22,0,360,0,1,1,0,2,307,32,23,0,362,0,0,0,362
03/05/2003,MSY,LA,ASW,CE,Towers with Radar,320,38,37,0,395,0,2,4,0,6,320,40,41,0,401,0,0,0,401
03/06/2003,MSY,LA,ASW,CE,Towers with Radar,326,28,39,3,396,0,2,12,0,14,326,30,51,3,410,0,0,0,410
03/07/2003,MSY,LA,ASW,CE,Towers with Radar,316,35,22,4,377,0,9,19,0,28,316,44,41,4,405,0,0,0,405
03/08/2003,MSY,LA,ASW,CE,Towers with Radar,274,13,17,1,305,0,0,0,0,0,274,13,17,1,305,0,0,0,305
03/09/2003,MSY,LA,ASW,CE,Towers with Radar,291,21,19,1,332,0,4,3,0,7,291,25,22,1,339,0,0,0,339
03/10/2003,MSY,LA,ASW,CE,Towers with Radar,311,26,32,1,370,0,6,31,0,37,311,32,63,1,407,0,0,0,407
03/11/2003,MSY,LA,ASW,CE,Towers with Radar,307,47,35,0,389,0,9,21,0,30,307,56,56,0,419,0,0,0,419
03/12/2003,MSY,LA,ASW,CE,Towers with Radar,316,48,41,2,407,0,3,11,0,14,316,51,52,2,421,0,0,0,421
03/13/2003,MSY,LA,ASW,CE,Towers with Radar,325,40,45,0,410,0,1,8,0,9,325,41,53,0,419,0,0,0,419
03/14/2003,MSY,LA,ASW,CE,Towers with Radar,319,30,35,2,386,0,7,17,0,24,319,37,52,2,410,0,0,0,410
03/15/2003,MSY,LA,ASW,CE,Towers with Radar,284,16,30,0,330,0,0,0,0,0,284,16,30,0,330,0,0,0,330
03/16/2003,MSY,LA,ASW,CE,Towers with Radar,281,16,41,0,338,0,2,4,0,6,281,18,45,0,344,0,0,0,344
03/17/2003,MSY,LA,ASW,CE,Towers with Radar,313,35,34,0,382,0,2,16,0,18,313,37,50,0,400,0,0,0,400
03/18/2003,MSY,LA,ASW,CE,Towers with Radar,315,40,37,6,398,0,1,12,0,13,315,41,49,6,411,0,0,0,411
03/19/2003,MSY,LA,ASW,CE,Towers with Radar,308,38,46,1,393,0,11,26,0,37,308,49,72,1,430,0,0,0,430
03/20/2003,MSY,LA,ASW,CE,Towers with Radar,318,47,62,1,428,0,8,23,0,31,318,55,85,1,459,0,0,0,459
03/21/2003,MSY,LA,ASW,CE,Towers with Radar,322,42,44,2,410,0,7,31,0,38,322,49,75,2,448,0,0,0,448
03/22/2003,MSY,LA,ASW,CE,Towers with Radar,282,16,29,2,329,0,0,0,0,0,282,16,29,2,329,0,0,0,329
03/23/2003,MSY,LA,ASW,CE,Towers with Radar,296,23,33,0,352,0,5,16,0,21,296,28,49,0,373,0,0,0,373
03/24/2003,MSY,LA,ASW,CE,Towers with Radar,286,26,44,4,360,0,11,22,0,33,286,37,66,4,393,0,0,0,393
03/25/2003,MSY,LA,ASW,CE,Towers with Radar,310,42,35,1,388,0,16,18,0,34,310,58,53,1,422,0,0,0,422
03/26/2003,MSY,LA,ASW,CE,Towers with Radar,312,40,38,1,391,0,11,11,1,23,312,51,49,2,414,0,0,0,414
03/27/2003,MSY,LA,ASW,CE,Towers with Radar,318,42,43,0,403,0,13,24,0,37,318,55,67,0,440,0,0,0,440
03/28/2003,MSY,LA,ASW,CE,Towers with Radar,323,41,32,3,399,0,6,16,1,23,323,47,48,4,422,0,0,0,422
03/29/2003,MSY,LA,ASW,CE,Towers with Radar,275,14,25,2,316,0,4,4,0,8,275,18,29,2,324,0,0,0,324
03/30/2003,MSY,LA,ASW,CE,Towers with Radar,288,24,32,7,351,0,12,10,0,22,288,36,42,7,373,0,0,0,373
03/31/2003,MSY,LA,ASW,CE,Towers with Radar,307,32,34,0,373,0,4,21,0,25,307,36,55,0,398,0,0,0,398
04/01/2003,MSY,LA,ASW,CE,Towers with Radar,316,38,31,0,385,0,5,25,1,31,316,43,56,1,416,0,0,0,416
04/02/2003,MSY,LA,ASW,CE,Towers with Radar,321,41,35,3,400,0,4,12,0,16,321,45,47,3,416,0,0,0,416
04/03/2003,MSY,LA,ASW,CE,Towers with Radar,321,44,51,1,417,0,11,14,1,26,321,55,65,2,443,0,0,0,443
04/04/2003,MSY,LA,ASW,CE,Towers with Radar,341,49,57,3,450,0,2,17,3,22,341,51,74,6,472,0,0,0,472
04/05/2003,MSY,LA,ASW,CE,Towers with Radar,277,39,58,1,375,0,0,0,0,0,277,39,58,1,375,0,0,0,375
04/06/2003,MSY,LA,ASW,CE,Towers with Radar,282,38,60,2,382,0,3,5,0,8,282,41,65,2,390,0,0,0,390
04/07/2003,MSY,LA,ASW,CE,Towers with Radar,291,50,53,1,395,0,5,4,0,9,291,55,57,1,404,0,0,0,404
04/08/2003,MSY,LA,ASW,CE,Towers with Radar,353,80,106,3,542,0,0,3,3,6,353,80,109,6,548,0,0,0,548
04/09/2003,MSY,LA,ASW,CE,Towers with Radar,302,61,53,4,420,0,10,16,4,30,302,71,69,8,450,0,0,0,450
04/10/2003,MSY,LA,ASW,CE,Towers with Radar,313,58,41,2,414,0,14,28,0,42,313,72,69,2,456,0,0,0,456
04/11/2003,MSY,LA,ASW,CE,Towers with Radar,309,62,45,4,420,0,0,0,0,0,309,62,45,4,420,0,0,0,420
04/12/2003,MSY,LA,ASW,CE,Towers with Radar,265,37,22,0,324,0,0,0,0,0,265,37,22,0,324,0,0,0,324
04/13/2003,MSY,LA,ASW,CE,Towers with Radar,278,39,35,0,352,0,3,12,0,15,278,42,47,0,367,0,0,0,367
04/14/2003,MSY,LA,ASW,CE,Towers with Radar,302,56,28,2,388,0,6,19,0,25,302,62,47,2,413,0,0,0,413
04/15/2003,MSY,LA,ASW,CE,Towers with Radar,301,50,42,2,395,0,11,36,0,47,301,61,78,2,442,0,0,0,442
04/16/2003,MSY,LA,ASW,CE,Towers with Radar,301,56,44,1,402,0,4,12,0,16,301,60,56,1,418,0,0,0,418
04/17/2003,MSY,LA,ASW,CE,Towers with Radar,323,52,50,1,426,0,11,18,0,29,323,63,68,1,455,0,0,0,455
04/18/2003,MSY,LA,ASW,CE,Towers with Radar,295,40,25,0,360,0,3,9,0,12,295,43,34,0,372,0,0,0,372
04/19/2003,MSY,LA,ASW,CE,Towers with Radar,263,25,20,0,308,0,0,0,0,0,263,25,20,0,308,0,0,0,308
04/20/2003,MSY,LA,ASW,CE,Towers with Radar,286,29,25,0,340,0,3,6,0,9,286,32,31,0,349,0,0,0,349
04/21/2003,MSY,LA,ASW,CE,Towers with Radar,300,44,23,6,373,0,1,8,0,9,300,45,31,6,382,0,0,0,382
04/22/2003,MSY,LA,ASW,CE,Towers with Radar,304,52,29,0,385,0,9,15,0,24,304,61,44,0,409,0,0,0,409
04/23/2003,MSY,LA,ASW,CE,Towers with Radar,300,57,26,2,385,0,4,19,0,23,300,61,45,2,408,0,0,0,408
04/24/2003,MSY,LA,ASW,CE,Towers with Radar,322,60,41,0,423,0,9,19,0,28,322,69,60,0,451,0,0,0,451
04/25/2003,MSY,LA,ASW,CE,Towers with Radar,308,58,39,4,409,0,6,11,0,17,308,64,50,4,426,0,0,0,426
04/26/2003,MSY,LA,ASW,CE,Towers with Radar,276,28,14,0,318,0,0,0,0,0,276,28,14,0,318,0,0,0,318
04/27/2003,MSY,LA,ASW,CE,Towers with Radar,280,43,24,1,348,0,2,17,0,19,280,45,41,1,367,0,0,0,367
04/28/2003,MSY,LA,ASW,CE,Towers with Radar,298,54,36,1,389,0,7,25,0,32,298,61,61,1,421,0,0,0,421
04/29/2003,MSY,LA,ASW,CE,Towers with Radar,302,66,48,2,418,0,10,19,0,29,302,76,67,2,447,0,0,0,447
04/30/2003,MSY,LA,ASW,CE,Towers with Radar,294,60,38,0,392,0,12,16,0,28,294,72,54,0,420,0,0,0,420
05/01/2003,MSY,LA,ASW,CE,Towers with Radar,319,52,42,4,417,0,13,14,0,27,319,65,56,4,444,0,0,0,444
05/02/2003,MSY,LA,ASW,CE,Towers with Radar,310,50,39,0,399,0,6,26,0,32,310,56,65,0,431,0,0,0,431
05/03/2003,MSY,LA,ASW,CE,Towers with Radar,261,31,13,1,306,0,7,14,0,21,261,38,27,1,327,0,0,0,327
05/04/2003,MSY,LA,ASW,CE,Towers with Radar,274,33,33,1,341,0,2,10,0,12,274,35,43,1,353,0,0,0,353
05/05/2003,MSY,LA,ASW,CE,Towers with Radar,295,47,47,0,389,0,5,14,0,19,295,52,61,0,408,0,0,0,408
05/06/2003,MSY,LA,ASW,CE,Towers with Radar,295,49,36,4,384,0,11,22,0,33,295,60,58,4,417,0,0,0,417
05/07/2003,MSY,LA,ASW,CE,Towers with Radar,306,48,50,4,408,0,9,16,0,25,306,57,66,4,433,0,0,0,433
05/08/2003,MSY,LA,ASW,CE,Towers with Radar,311,48,45,0,404,0,16,19,0,35,311,64,64,0,439,0,0,0,439
05/09/2003,MSY,LA,ASW,CE,Towers with Radar,304,49,41,0,394,0,8,15,0,23,304,57,56,0,417,0,0,0,417
05/10/2003,MSY,LA,ASW,CE,Towers with Radar,253,30,22,2,307,0,0,0,0,0,253,30,22,2,307,0,0,0,307
05/11/2003,MSY,LA,ASW,CE,Towers with Radar,267,27,38,0,332,0,1,11,0,12,267,28,49,0,344,0,0,0,344
05/12/2003,MSY,LA,ASW,CE,Towers with Radar,300,39,27,0,366,0,0,0,0,0,300,39,27,0,366,0,0,0,366
05/13/2003,MSY,LA,ASW,CE,Towers with Radar,301,51,31,0,383,0,6,14,0,20,301,57,45,0,403,0,0,0,403
05/14/2003,MSY,LA,ASW,CE,Towers with Radar,300,55,26,0,381,0,12,19,0,31,300,67,45,0,412,0,0,0,412
05/15/2003,MSY,LA,ASW,CE,Towers with Radar,308,52,46,1,407,0,14,18,2,34,308,66,64,3,441,0,0,0,441
05/16/2003,MSY,LA,ASW,CE,Towers with Radar,302,54,43,0,399,0,11,17,3,31,302,65,60,3,430,0,0,0,430
05/17/2003,MSY,LA,ASW,CE,Towers with Radar,262,29,19,1,311,0,0,0,0,0,262,29,19,1,311,0,0,0,311
05/18/2003,MSY,LA,ASW,CE,Towers with Radar,269,29,34,1,333,0,3,8,1,12,269,32,42,2,345,0,0,0,345
05/19/2003,MSY,LA,ASW,CE,Towers with Radar,301,46,34,0,381,0,14,18,0,32,301,60,52,0,413,0,0,0,413
05/20/2003,MSY,LA,ASW,CE,Towers with Radar,299,56,28,0,383,0,9,22,0,31,299,65,50,0,414,0,0,0,414
05/21/2003,MSY,LA,ASW,CE,Towers with Radar,300,58,33,0,391,0,12,14,0,26,300,70,47,0,417,0,0,0,417
05/22/2003,MSY,LA,ASW,CE,Towers with Radar,307,60,45,0,412,0,19,22,0,41,307,79,67,0,453,0,0,0,453
05/23/2003,MSY,LA,ASW,CE,Towers with Radar,304,53,25,0,382,0,6,16,0,22,304,59,41,0,404,0,0,0,404
05/24/2003,MSY,LA,ASW,CE,Towers with Radar,255,28,23,0,306,0,0,0,0,0,255,28,23,0,306,0,0,0,306
05/25/2003,MSY,LA,ASW,CE,Towers with Radar,253,24,15,0,292,0,1,11,0,12,253,25,26,0,304,0,0,0,304
05/26/2003,MSY,LA,ASW,CE,Towers with Radar,263,35,31,0,329,0,0,5,0,5,263,35,36,0,334,0,0,0,334
05/27/2003,MSY,LA,ASW,CE,Towers with Radar,298,49,28,7,382,0,4,12,0,16,298,53,40,7,398,0,0,0,398
05/28/2003,MSY,LA,ASW,CE,Towers with Radar,303,49,21,4,377,0,5,21,0,26,303,54,42,4,403,0,0,0,403
05/29/2003,MSY,LA,ASW,CE,Towers with Radar,316,56,40,0,412,0,12,19,0,31,316,68,59,0,443,0,0,0,443
05/30/2003,MSY,LA,ASW,CE,Towers with Radar,301,57,35,2,395,0,0,0,0,0,301,57,35,2,395,0,0,0,395
05/31/2003,MSY,LA,ASW,CE,Towers with Radar,257,30,18,1,306,0,0,0,0,0,257,30,18,1,306,0,0,0,306
06/01/2003,MSY,LA,ASW,CE,Towers with Radar,275,29,26,0,330,0,8,6,0,14,275,37,32,0,344,0,0,0,344
06/02/2003,MSY,LA,ASW,CE,Towers with Radar,282,42,24,0,348,0,4,20,0,24,282,46,44,0,372,0,0,0,372
06/03/2003,MSY,LA,ASW,CE,Towers with Radar,321,54,31,0,406,0,6,14,1,21,321,60,45,1,427,0,0,0,427
06/04/2003,MSY,LA,ASW,CE,Towers with Radar,312,59,30,0,401,0,15,19,0,34,312,74,49,0,435,0,0,0,435
06/05/2003,MSY,LA,ASW,CE,Towers with Radar,315,58,45,0,418,0,17,27,0,44,315,75,72,0,462,0,0,0,462
06/06/2003,MSY,LA,ASW,CE,Towers with Radar,305,54,25,0,384,0,5,11,0,16,305,59,36,0,400,0,0,0,400
06/07/2003,MSY,LA,ASW,CE,Towers with Radar,254,28,21,0,303,0,1,14,0,15,254,29,35,0,318,0,0,0,318
06/08/2003,MSY,LA,ASW,CE,Towers with Radar,270,30,29,0,329,0,0,0,0,0,270,30,29,0,329,0,0,0,329
06/09/2003,MSY,LA,ASW,CE,Towers with Radar,289,40,31,0,360,0,5,21,0,26,289,45,52,0,386,0,0,0,386
06/10/2003,MSY,LA,ASW,CE,Towers with Radar,300,55,31,0,386,0,11,19,0,30,300,66,50,0,416,0,0,0,416
06/11/2003,MSY,LA,ASW,CE,Towers with Radar,306,64,29,4,403,0,9,10,0,19,306,73,39,4,422,0,0,0,422
06/12/2003,MSY,LA,ASW,CE,Towers with Radar,294,61,55,0,410,0,17,22,0,39,294,78,77,0,449,0,0,0,449
06/13/2003,MSY,LA,ASW,CE,Towers with Radar,317,57,30,1,405,0,11,11,1,23,317,68,41,2,428,0,0,0,428
06/14/2003,MSY,LA,ASW,CE,Towers with Radar,277,43,26,1,347,0,0,0,0,0,277,43,26,1,347,0,0,0,347
06/15/2003,MSY,LA,ASW,CE,Towers with Radar,280,42,30,3,355,0,2,4,0,6,280,44,34,3,361,0,0,0,361
06/16/2003,MSY,LA,ASW,CE,Towers with Radar,290,54,37,1,382,0,7,6,0,13,290,61,43,1,395,0,0,0,395
06/17/2003,MSY,LA,ASW,CE,Towers with Radar,306,61,42,0,409,0,3,5,0,8,306,64,47,0,417,0,0,0,417
06/18/2003,MSY,LA,ASW,CE,Towers with Radar,304,65,37,3,409,0,14,16,0,30,304,79,53,3,439,0,0,0,439
06/19/2003,MSY,LA,ASW,CE,Towers with Radar,304,65,51,2,422,0,8,19,0,27,304,73,70,2,449,0,0,0,449
06/20/2003,MSY,LA,ASW,CE,Towers with Radar,305,63,22,0,390,0,6,18,0,24,305,69,40,0,414,0,0,0,414
06/21/2003,MSY,LA,ASW,CE,Towers with Radar,260,40,30,0,330,0,0,0,0,0,260,40,30,0,330,0,0,0,330
06/22/2003,MSY,LA,ASW,CE,Towers with Radar,274,40,23,0,337,0,7,2,0,9,274,47,25,0,346,0,0,0,346
06/23/2003,MSY,LA,ASW,CE,Towers with Radar,296,48,42,0,386,0,14,18,1,33,296,62,60,1,419,0,0,0,419
06/24/2003,MSY,LA,ASW,CE,Towers with Radar,303,53,31,0,387,0,14,14,0,28,303,67,45,0,415,0,0,0,415
06/25/2003,MSY,LA,ASW,CE,Towers with Radar,300,55,36,0,391,0,6,25,0,31,300,61,61,0,422,0,0,0,422
06/26/2003,MSY,LA,ASW,CE,Towers with Radar,317,58,48,0,423,0,21,18,0,39,317,79,66,0,462,0,0,0,462
06/27/2003,MSY,LA,ASW,CE,Towers with Radar,297,57,30,0,384,0,9,10,0,19,297,66,40,0,403,0,0,0,403
06/28/2003,MSY,LA,ASW,CE,Towers with Radar,267,44,24,3,338,0,0,0,0,0,267,44,24,3,338,0,0,0,338
06/29/2003,MSY,LA,ASW,CE,Towers with Radar,274,33,14,1,322,0,0,0,0,0,274,33,14,1,322,0,0,0,322
06/30/2003,MSY,LA,ASW,CE,Towers with Radar,272,46,6,1,325,0,0,0,0,0,272,46,6,1,325,0,0,0,325
07/01/2003,MSY,LA,ASW,CE,Towers with Radar,295,65,24,3,387,0,9,21,1,31,295,74,45,4,418,0,0,0,418
07/02/2003,MSY,LA,ASW,CE,Towers with Radar,301,65,40,0,406,0,16,19,1,36,301,81,59,1,442,0,0,0,442
07/03/2003,MSY,LA,ASW,CE,Towers with Radar,305,59,26,0,390,0,23,25,0,48,305,82,51,0,438,0,0,0,438
07/04/2003,MSY,LA,ASW,CE,Towers with Radar,140,20,9,2,171,0,0,1,0,1,140,20,10,2,172,0,0,0,172
07/05/2003,MSY,LA,ASW,CE,Towers with Radar,227,28,14,0,269,1,4,9,0,14,228,32,23,0,283,0,0,0,283
07/06/2003,MSY,LA,ASW,CE,Towers with Radar,268,41,24,0,333,0,6,8,0,14,268,47,32,0,347,0,0,0,347
07/07/2003,MSY,LA,ASW,CE,Towers with Radar,294,60,30,0,384,0,14,10,0,24,294,74,40,0,408,0,0,0,408
07/08/2003,MSY,LA,ASW,CE,Towers with Radar,297,70,29,0,396,0,9,15,0,24,297,79,44,0,420,0,0,0,420
07/09/2003,MSY,LA,ASW,CE,Towers with Radar,301,72,41,3,417,0,15,23,1,39,301,87,64,4,456,0,0,0,456
07/10/2003,MSY,LA,ASW,CE,Towers with Radar,303,68,45,3,419,0,19,13,1,33,303,87,58,4,452,0,0,0,452
07/11/2003,MSY,LA,ASW,CE,Towers with Radar,295,63,28,0,386,0,8,14,0,22,295,71,42,0,408,0,0,0,408
07/12/2003,MSY,LA,ASW,CE,Towers with Radar,269,42,18,2,331,0,0,0,0,0,269,42,18,2,331,0,0,0,331
07/13/2003,MSY,LA,ASW,CE,Towers with Radar,268,44,21,0,333,0,3,10,0,13,268,47,31,0,346,0,0,0,346
07/14/2003,MSY,LA,ASW,CE,Towers with Radar,291,59,21,0,371,0,2,17,0,19,291,61,38,0,390,0,0,0,390
07/15/2003,MSY,LA,ASW,CE,Towers with Radar,302,59,31,0,392,0,3,16,0,19,302,62,47,0,411,0,0,0,411
07/16/2003,MSY,LA,ASW,CE,Towers with Radar,306,68,31,0,405,0,8,23,0,31,306,76,54,0,436,0,0,0,436
07/17/2003,MSY,LA,ASW,CE,Towers with Radar,305,66,33,2,406,0,12,16,0,28,305,78,49,2,434,0,0,0,434
07/18/2003,MSY,LA,ASW,CE,Towers with Radar,294,65,27,0,386,0,0,0,0,0,294,65,27,0,386,0,0,0,386
07/19/2003,MSY,LA,ASW,CE,Towers with Radar,261,44,17,1,323,0,4,10,0,14,261,48,27,1,337,0,0,0,337
07/20/2003,MSY,LA,ASW,CE,Towers with Radar,270,45,15,0,330,0,6,6,0,12,270,51,21,0,342,0,0,0,342
07/21/2003,MSY,LA,ASW,CE,Towers with Radar,288,59,28,2,377,0,15,13,0,28,288,74,41,2,405,0,0,0,405
07/22/2003,MSY,LA,ASW,CE,Towers with Radar,292,77,29,1,399,0,14,19,0,33,292,91,48,1,432,0,0,0,432
07/23/2003,MSY,LA,ASW,CE,Towers with Radar,314,70,26,4,414,0,13,23,1,37,314,83,49,5,451,0,0,0,451
07/24/2003,MSY,LA,ASW,CE,Towers with Radar,304,68,26,2,400,0,10,29,0,39,304,78,55,2,439,0,0,0,439
07/25/2003,MSY,LA,ASW,CE,Towers with Radar,295,65,34,0,394,0,9,22,0,31,295,74,56,0,425,0,0,0,425
07/26/2003,MSY,LA,ASW,CE,Towers with Radar,265,41,9,0,315,0,0,11,0,11,265,41,20,0,326,0,0,0,326
07/27/2003,MSY,LA,ASW,CE,Towers with Radar,267,47,18,0,332,0,0,19,0,19,267,47,37,0,351,0,0,0,351
07/28/2003,MSY,LA,ASW,CE,Towers with Radar,291,55,24,0,370,0,6,10,0,16,291,61,34,0,386,0,0,0,386
07/29/2003,MSY,LA,ASW,CE,Towers with Radar,298,60,32,1,391,0,6,18,0,24,298,66,50,1,415,0,0,0,415
07/30/2003,MSY,LA,ASW,CE,Towers with Radar,298,64,31,0,393,0,8,19,2,29,298,72,50,2,422,0,0,0,422
07/31/2003,MSY,LA,ASW,CE,Towers with Radar,302,67,32,1,402,0,13,26,1,40,302,80,58,2,442,0,0,0,442
08/01/2003,MSY,LA,ASW,CE,Towers with Radar,299,60,30,1,390,0,5,22,0,27,299,65,52,1,417,0,0,0,417
08/02/2003,MSY,LA,ASW,CE,Towers with Radar,259,40,18,1,318,0,0,0,0,0,259,40,18,1,318,0,0,0,318
08/03/2003,MSY,LA,ASW,CE,Towers with Radar,262,39,26,0,327,0,2,18,0,20,262,41,44,0,347,0,0,0,347
08/04/2003,MSY,LA,ASW,CE,Towers with Radar,295,63,27,0,385,0,5,22,0,27,295,68,49,0,412,0,0,0,412
08/05/2003,MSY,LA,ASW,CE,Towers with Radar,303,61,24,0,388,0,7,21,0,28,303,68,45,0,416,0,0,0,416
08/06/2003,MSY,LA,ASW,CE,Towers with Radar,304,67,38,0,409,0,11,17,1,29,304,78,55,1,438,0,0,0,438
08/07/2003,MSY,LA,ASW,CE,Towers with Radar,306,64,32,0,402,0,11,19,0,30,306,75,51,0,432,0,0,0,432
08/08/2003,MSY,LA,ASW,CE,Towers with Radar,302,67,30,0,399,0,8,18,0,26,302,75,48,0,425,0,0,0,425
08/09/2003,MSY,LA,ASW,CE,Towers with Radar,270,47,25,0,342,0,0,0,0,0,270,47,25,0,342,0,0,0,342
08/10/2003,MSY,LA,ASW,CE,Towers with Radar,268,36,25,0,329,0,2,11,0,13,268,38,36,0,342,0,0,0,342
08/11/2003,MSY,LA,ASW,CE,Towers with Radar,292,59,24,0,375,0,8,10,0,18,292,67,34,0,393,0,0,0,393
08/12/2003,MSY,LA,ASW,CE,Towers with Radar,299,64,35,0,398,0,5,12,0,17,299,69,47,0,415,0,0,0,415
08/13/2003,MSY,LA,ASW,CE,Towers with Radar,299,62,24,1,386,0,10,13,1,24,299,72,37,2,410,0,0,0,410
08/14/2003,MSY,LA,ASW,CE,Towers with Radar,283,55,28,0,366,3,11,31,0,45,286,66,59,0,411,0,0,0,411
08/15/2003,MSY,LA,ASW,CE,Towers with Radar,286,50,27,0,363,17,12,19,0,48,303,62,46,0,411,0,0,0,411
08/16/2003,MSY,LA,ASW,CE,Towers with Radar,253,42,21,0,316,0,0,0,0,0,253,42,21,0,316,0,0,0,316
08/17/2003,MSY,LA,ASW,CE,Towers with Radar,271,41,28,0,340,0,1,15,0,16,271,42,43,0,356,0,0,0,356
08/18/2003,MSY,LA,ASW,CE,Towers with Radar,295,56,31,0,382,0,6,10,0,16,295,62,41,0,398,0,0,0,398
08/19/2003,MSY,LA,ASW,CE,Towers with Radar,300,70,41,0,411,0,14,19,0,33,300,84,60,0,444,0,0,0,444
08/20/2003,MSY,LA,ASW,CE,Towers with Radar,292,63,42,0,397,0,13,21,0,34,292,76,63,0,431,0,0,0,431
08/21/2003,MSY,LA,ASW,CE,Towers with Radar,296,61,41,2,400,0,14,23,2,39,296,75,64,4,439,0,0,0,439
08/22/2003,MSY,LA,ASW,CE,Towers with Radar,301,76,35,0,412,0,7,15,0,22,301,83,50,0,434,0,0,0,434
08/23/2003,MSY,LA,ASW,CE,Towers with Radar,242,36,16,0,294,0,4,5,0,9,242,40,21,0,303,0,0,0,303
08/24/2003,MSY,LA,ASW,CE,Towers with Radar,278,43,18,0,339,0,2,13,0,15,278,45,31,0,354,0,0,0,354
08/25/2003,MSY,LA,ASW,CE,Towers with Radar,284,54,27,0,365,0,10,17,0,27,284,64,44,0,392,0,0,0,392
08/26/2003,MSY,LA,ASW,CE,Towers with Radar,275,62,27,0,364,9,2,0,0,11,284,64,27,0,375,0,0,0,375
08/27/2003,MSY,LA,ASW,CE,Towers with Radar,287,67,34,1,389,0,12,18,0,30,287,79,52,1,419,0,0,0,419
08/28/2003,MSY,LA,ASW,CE,Towers with Radar,300,68,41,2,411,0,10,25,0,35,300,78,66,2,446,0,0,0,446
08/29/2003,MSY,LA,ASW,CE,Towers with Radar,298,69,31,0,398,0,8,13,0,21,298,77,44,0,419,0,0,0,419
08/30/2003,MSY,LA,ASW,CE,Towers with Radar,262,44,14,0,320,0,5,6,0,11,262,49,20,0,331,0,0,0,331
08/31/2003,MSY,LA,ASW,CE,Towers with Radar,241,35,10,0,286,0,5,5,0,10,241,40,15,0,296,0,0,0,296
09/01/2003,MSY,LA,ASW,CE,Towers with Radar,253,50,20,2,325,0,3,11,1,15,253,53,31,3,340,0,0,0,340
09/02/2003,MSY,LA,ASW,CE,Towers with Radar,290,59,37,0,386,0,9,12,0,21,290,68,49,0,407,0,0,0,407
09/03/2003,MSY,LA,ASW,CE,Towers with Radar,287,68,27,0,382,0,17,27,0,44,287,85,54,0,426,0,0,0,426
09/04/2003,MSY,LA,ASW,CE,Towers with Radar,301,69,46,0,416,0,6,25,0,31,301,75,71,0,447,0,0,0,447
09/05/2003,MSY,LA,ASW,CE,Towers with Radar,304,68,28,2,402,0,7,13,0,20,304,75,41,2,422,0,0,0,422
09/06/2003,MSY,LA,ASW,CE,Towers with Radar,246,48,20,0,314,23,0,19,2,44,269,48,39,2,358,0,0,0,358
09/07/2003,MSY,LA,ASW,CE,Towers with Radar,269,45,30,2,346,0,0,0,0,0,269,45,30,2,346,0,0,0,346
09/08/2003,MSY,LA,ASW,CE,Towers with Radar,293,62,32,4,391,0,6,9,1,16,293,68,41,5,407,0,0,0,407
09/09/2003,MSY,LA,ASW,CE,Towers with Radar,299,71,39,2,411,0,11,12,0,23,299,82,51,2,434,0,0,0,434
09/10/2003,MSY,LA,ASW,CE,Towers with Radar,295,75,33,0,403,0,12,12,0,24,295,87,45,0,427,0,0,0,427
09/11/2003,MSY,LA,ASW,CE,Towers with Radar,282,64,51,0,397,0,15,23,0,38,282,79,74,0,435,0,0,0,435
09/12/2003,MSY,LA,ASW,CE,Towers with Radar,304,65,15,3,387,0,10,13,1,24,304,75,28,4,411,0,0,0,411
09/13/2003,MSY,LA,ASW,CE,Towers with Radar,259,44,14,0,317,0,0,0,0,0,259,44,14,0,317,0,0,0,317
09/14/2003,MSY,LA,ASW,CE,Towers with Radar,272,43,28,0,343,0,5,14,0,19,272,48,42,0,362,0,0,0,362
09/15/2003,MSY,LA,ASW,CE,Towers with Radar,295,63,31,0,389,0,7,23,0,30,295,70,54,0,419,0,0,0,419
09/16/2003,MSY,LA,ASW,CE,Towers with Radar,293,76,45,2,416,0,8,16,3,27,293,84,61,5,443,0,0,0,443
09/17/2003,MSY,LA,ASW,CE,Towers with Radar,298,77,39,1,415,0,9,13,0,22,298,86,52,1,437,0,0,0,437
09/18/2003,MSY,LA,ASW,CE,Towers with Radar,215,42,49,0,306,0,0,11,0,11,215,42,60,0,317,0,0,0,317
09/19/2003,MSY,LA,ASW,CE,Towers with Radar,298,72,27,4,401,0,5,11,0,16,298,77,38,4,417,0,0,0,417
09/20/2003,MSY,LA,ASW,CE,Towers with Radar,251,45,16,0,312,0,4,12,0,16,251,49,28,0,328,0,0,0,328
09/21/2003,MSY,LA,ASW,CE,Towers with Radar,267,46,31,0,344,0,2,5,1,8,267,48,36,1,352,0,0,0,352
09/22/2003,MSY,LA,ASW,CE,Towers with Radar,297,68,33,0,398,0,7,9,0,16,297,75,42,0,414,0,0,0,414
09/23/2003,MSY,LA,ASW,CE,Towers with Radar,298,70,40,0,408,0,11,21,0,32,298,81,61,0,440,0,0,0,440
09/24/2003,MSY,LA,ASW,CE,Towers with Radar,292,74,49,1,416,0,14,24,1,39,292,88,73,2,455,0,0,0,455
09/25/2003,MSY,LA,ASW,CE,Towers with Radar,308,73,31,0,412,0,12,18,0,30,308,85,49,0,442,0,0,0,442
09/26/2003,MSY,LA,ASW,CE,Towers with Radar,301,66,48,0,415,0,11,21,0,32,301,77,69,0,447,0,0,0,447
09/27/2003,MSY,LA,ASW,CE,Towers with Radar,252,41,11,0,304,0,3,7,0,10,252,44,18,0,314,0,0,0,314
09/28/2003,MSY,LA,ASW,CE,Towers with Radar,268,46,23,0,337,0,3,16,0,19,268,49,39,0,356,0,0,0,356
09/29/2003,MSY,LA,ASW,CE,Towers with Radar,291,63,39,1,394,0,7,23,0,30,291,70,62,1,424,0,0,0,424
09/30/2003,MSY,LA,ASW,CE,Towers with Radar,294,69,34,3,400,0,11,21,0,32,294,80,55,3,432,0,0,0,432
10/01/2003,MSY,LA,ASW,CE,Towers with Radar,300,76,51,0,427,0,6,19,0,25,300,82,70,0,452,0,0,0,452
10/02/2003,MSY,LA,ASW,CE,Towers with Radar,311,72,35,0,418,0,10,22,0,32,311,82,57,0,450,0,0,0,450
10/03/2003,MSY,LA,ASW,CE,Towers with Radar,303,71,41,0,415,0,12,25,0,37,303,83,66,0,452,0,0,0,452
10/04/2003,MSY,LA,ASW,CE,Towers with Radar,266,49,26,0,341,0,3,25,0,28,266,52,51,0,369,0,0,0,369
10/05/2003,MSY,LA,ASW,CE,Towers with Radar,282,56,46,0,384,0,5,14,0,19,282,61,60,0,403,0,0,0,403
10/06/2003,MSY,LA,ASW,CE,Towers with Radar,296,74,39,2,411,0,11,21,0,32,296,85,60,2,443,0,0,0,443
10/07/2003,MSY,LA,ASW,CE,Towers with Radar,305,70,28,0,403,0,11,11,0,22,305,81,39,0,425,0,0,0,425
10/08/2003,MSY,LA,ASW,CE,Towers with Radar,301,65,50,1,417,0,11,12,0,23,301,76,62,1,440,0,0,0,440
10/09/2003,MSY,LA,ASW,CE,Towers with Radar,302,75,51,2,430,0,21,15,0,36,302,96,66,2,466,0,0,0,466
10/10/2003,MSY,LA,ASW,CE,Towers with Radar,312,88,53,2,455,0,0,2,0,2,312,88,55,2,457,0,0,0,457
10/11/2003,MSY,LA,ASW,CE,Towers with Radar,274,47,33,0,354,0,2,6,1,9,274,49,39,1,363,0,0,0,363
10/12/2003,MSY,LA,ASW,CE,Towers with Radar,256,49,34,0,339,0,4,14,0,18,256,53,48,0,357,0,0,0,357
10/13/2003,MSY,LA,ASW,CE,Towers with Radar,295,57,16,1,369,0,5,9,0,14,295,62,25,1,383,0,0,0,383
10/14/2003,MSY,LA,ASW,CE,Towers with Radar,302,72,36,0,410,0,9,14,0,23,302,81,50,0,433,0,0,0,433
10/15/2003,MSY,LA,ASW,CE,Towers with Radar,300,84,35,5,424,0,18,22,1,41,300,102,57,6,465,0,0,0,465
10/16/2003,MSY,LA,ASW,CE,Towers with Radar,308,70,37,3,418,0,12,24,0,36,308,82,61,3,454,0,0,0,454
10/17/2003,MSY,LA,ASW,CE,Towers with Radar,313,71,44,3,431,0,9,21,0,30,313,80,65,3,461,0,0,0,461
10/18/2003,MSY,LA,ASW,CE,Towers with Radar,261,49,23,2,335,0,2,0,0,2,261,51,23,2,337,0,0,0,337
10/19/2003,MSY,LA,ASW,CE,Towers with Radar,280,56,54,2,392,0,4,15,1,20,280,60,69,3,412,0,0,0,412
10/20/2003,MSY,LA,ASW,CE,Towers with Radar,299,70,47,1,417,0,10,17,0,27,299,80,64,1,444,0,0,0,444
10/21/2003,MSY,LA,ASW,CE,Towers with Radar,300,69,47,1,417,0,6,17,2,25,300,75,64,3,442,0,0,0,442
10/22/2003,MSY,LA,ASW,CE,Towers with Radar,299,72,43,0,414,0,10,18,2,30,299,82,61,2,444,0,0,0,444
10/23/2003,MSY,LA,ASW,CE,Towers with Radar,309,74,55,0,438,0,17,15,0,32,309,91,70,0,470,0,0,0,470
10/24/2003,MSY,LA,ASW,CE,Towers with Radar,311,65,46,0,422,0,7,15,0,22,311,72,61,0,444,0,0,0,444
10/25/2003,MSY,LA,ASW,CE,Towers with Radar,265,48,30,0,343,0,4,10,0,14,265,52,40,0,357,0,0,0,357
10/26/2003,MSY,LA,ASW,CE,Towers with Radar,267,49,19,0,335,0,0,0,0,0,267,49,19,0,335,0,0,0,335
10/27/2003,MSY,LA,ASW,CE,Towers with Radar,299,68,37,2,406,0,6,13,2,21,299,74,50,4,427,0,0,0,427
10/28/2003,MSY,LA,ASW,CE,Towers with Radar,304,80,45,0,429,0,6,17,0,23,304,86,62,0,452,0,0,0,452
10/29/2003,MSY,LA,ASW,CE,Towers with Radar,305,81,51,3,440,0,15,23,1,39,305,96,74,4,479,0,0,0,479
10/30/2003,MSY,LA,ASW,CE,Towers with Radar,309,78,58,3,448,0,14,24,0,38,309,92,82,3,486,0,0,0,486
10/31/2003,MSY,LA,ASW,CE,Towers with Radar,306,73,34,4,417,0,8,13,0,21,306,81,47,4,438,0,0,0,438
11/01/2003,MSY,LA,ASW,CE,Towers with Radar,266,48,12,2,328,0,6,11,0,17,266,54,23,2,345,0,0,0,345
11/02/2003,MSY,LA,ASW,CE,Towers with Radar,276,50,22,2,350,0,3,16,0,19,276,53,38,2,369,0,0,0,369
11/03/2003,MSY,LA,ASW,CE,Towers with Radar,285,70,33,1,389,0,6,20,0,26,285,76,53,1,415,0,0,0,415
11/04/2003,MSY,LA,ASW,CE,Towers with Radar,274,63,43,0,380,0,6,9,0,15,274,69,52,0,395,0,0,0,395
11/05/2003,MSY,LA,ASW,CE,Towers with Radar,295,76,57,2,430,0,15,14,0,29,295,91,71,2,459,0,0,0,459
11/06/2003,MSY,LA,ASW,CE,Towers with Radar,314,85,52,0,451,0,13,12,0,25,314,98,64,0,476,0,0,0,476
11/07/2003,MSY,LA,ASW,CE,Towers with Radar,311,81,45,1,438,0,0,6,0,6,311,81,51,1,444,0,0,0,444
11/08/2003,MSY,LA,ASW,CE,Towers with Radar,270,51,16,2,339,0,4,13,0,17,270,55,29,2,356,0,0,0,356
11/09/2003,MSY,LA,ASW,CE,Towers with Radar,290,50,28,2,370,0,5,16,0,21,290,55,44,2,391,0,0,0,391
11/10/2003,MSY,LA,ASW,CE,Towers with Radar,275,74,36,0,385,0,6,14,0,20,275,80,50,0,405,0,0,0,405
11/11/2003,MSY,LA,ASW,CE,Towers with Radar,304,80,54,2,440,0,10,15,1,26,304,90,69,3,466,0,0,0,466
11/12/2003,MSY,LA,ASW,CE,Towers with Radar,304,77,38,5,424,0,10,16,0,26,304,87,54,5,450,0,0,0,450
11/13/2003,MSY,LA,ASW,CE,Towers with Radar,311,77,51,4,443,0,9,17,0,26,311,86,68,4,469,0,0,0,469
11/14/2003,MSY,LA,ASW,CE,Towers with Radar,304,79,40,2,425,0,8,29,0,37,304,87,69,2,462,0,0,0,462
11/15/2003,MSY,LA,ASW,CE,Towers with Radar,266,50,34,0,350,0,7,12,0,19,266,57,46,0,369,0,0,0,369
11/16/2003,MSY,LA,ASW,CE,Towers with Radar,276,55,55,0,386,0,3,5,0,8,276,58,60,0,394,0,0,0,394
11/17/2003,MSY,LA,ASW,CE,Towers with Radar,323,71,51,4,449,0,5,15,0,20,323,76,66,4,469,0,0,0,469
11/18/2003,MSY,LA,ASW,CE,Towers with Radar,315,83,35,0,433,0,4,11,0,15,315,87,46,0,448,0,0,0,448
11/19/2003,MSY,LA,ASW,CE,Towers with Radar,305,86,43,6,440,0,11,21,0,32,305,97,64,6,472,0,0,0,472
11/20/2003,MSY,LA,ASW,CE,Towers with Radar,311,82,57,2,452,0,18,16,0,34,311,100,73,2,486,0,0,0,486
11/21/2003,MSY,LA,ASW,CE,Towers with Radar,305,79,53,0,437,0,20,23,0,43,305,99,76,0,480,0,0,0,480
11/22/2003,MSY,LA,ASW,CE,Towers with Radar,264,54,24,0,342,0,3,8,0,11,264,57,32,0,353,0,0,0,353
11/23/2003,MSY,LA,ASW,CE,Towers with Radar,277,50,25,0,352,0,2,7,0,9,277,52,32,0,361,0,0,0,361
11/24/2003,MSY,LA,ASW,CE,Towers with Radar,296,69,40,4,409,0,1,9,0,10,296,70,49,4,419,0,0,0,419
11/25/2003,MSY,LA,ASW,CE,Towers with Radar,275,55,41,0,371,17,23,18,1,59,292,78,59,1,430,0,0,0,430
11/26/2003,MSY,LA,ASW,CE,Towers with Radar,308,81,45,0,434,0,8,13,0,21,308,89,58,0,455,0,0,0,455
11/27/2003,MSY,LA,ASW,CE,Towers with Radar,225,47,12,0,284,0,0,2,0,2,225,47,14,0,286,0,0,0,286
11/28/2003,MSY,LA,ASW,CE,Towers with Radar,235,52,18,0,305,0,0,15,0,15,235,52,33,0,320,0,0,0,320
11/29/2003,MSY,LA,ASW,CE,Towers with Radar,257,58,22,1,338,0,1,13,0,14,257,59,35,1,352,0,0,0,352
11/30/2003,MSY,LA,ASW,CE,Towers with Radar,277,58,39,0,374,0,7,23,0,30,277,65,62,0,404,0,0,0,404
12/01/2003,MSY,LA,ASW,CE,Towers with Radar,270,69,31,0,370,0,6,11,0,17,270,75,42,0,387,0,0,0,387
12/02/2003,MSY,LA,ASW,CE,Towers with Radar,315,82,44,5,446,0,9,24,1,34,315,91,68,6,480,0,0,0,480
12/03/2003,MSY,LA,ASW,CE,Towers with Radar,314,83,64,3,464,0,17,19,1,37,314,100,83,4,501,0,0,0,501
12/04/2003,MSY,LA,ASW,CE,Towers with Radar,302,84,62,3,451,0,3,9,0,12,302,87,71,3,463,0,0,0,463
12/05/2003,MSY,LA,ASW,CE,Towers with Radar,297,73,50,2,422,0,10,24,0,34,297,83,74,2,456,0,0,0,456
12/06/2003,MSY,LA,ASW,CE,Towers with Radar,265,57,32,0,354,0,4,11,0,15,265,61,43,0,369,0,0,0,369
12/07/2003,MSY,LA,ASW,CE,Towers with Radar,285,54,43,0,382,0,4,6,0,10,285,58,49,0,392,0,0,0,392
12/08/2003,MSY,LA,ASW,CE,Towers with Radar,298,75,32,0,405,0,9,13,0,22,298,84,45,0,427,0,0,0,427
12/09/2003,MSY,LA,ASW,CE,Towers with Radar,306,74,26,0,406,0,12,5,0,17,306,86,31,0,423,0,0,0,423
12/10/2003,MSY,LA,ASW,CE,Towers with Radar,301,83,57,2,443,0,10,13,0,23,301,93,70,2,466,0,0,0,466
12/11/2003,MSY,LA,ASW,CE,Towers with Radar,313,79,58,0,450,0,13,18,0,31,313,92,76,0,481,0,0,0,481
12/12/2003,MSY,LA,ASW,CE,Towers with Radar,318,75,51,0,444,0,11,22,1,34,318,86,73,1,478,0,0,0,478
12/13/2003,MSY,LA,ASW,CE,Towers with Radar,229,55,24,2,310,0,1,1,0,2,229,56,25,2,312,0,0,0,312
12/14/2003,MSY,LA,ASW,CE,Towers with Radar,275,51,24,0,350,0,4,11,1,16,275,55,35,1,366,0,0,0,366
12/15/2003,MSY,LA,ASW,CE,Towers with Radar,295,67,42,1,405,0,13,16,1,30,295,80,58,2,435,0,0,0,435
12/16/2003,MSY,LA,ASW,CE,Towers with Radar,306,79,36,2,423,0,19,11,1,31,306,98,47,3,454,0,0,0,454
12/17/2003,MSY,LA,ASW,CE,Towers with Radar,313,86,36,0,435,0,18,19,0,37,313,104,55,0,472,0,0,0,472
12/18/2003,MSY,LA,ASW,CE,Towers with Radar,304,79,25,0,408,0,28,20,0,48,304,107,45,0,456,0,0,0,456
12/19/2003,MSY,LA,ASW,CE,Towers with Radar,303,70,36,0,409,0,13,25,0,38,303,83,61,0,447,0,0,0,447
12/20/2003,MSY,LA,ASW,CE,Towers with Radar,271,54,24,2,351,0,2,17,0,19,271,56,41,2,370,0,0,0,370
12/21/2003,MSY,LA,ASW,CE,Towers with Radar,276,48,20,0,344,0,3,14,0,17,276,51,34,0,361,0,0,0,361
12/22/2003,MSY,LA,ASW,CE,Towers with Radar,290,67,25,0,382,0,11,17,6,34,290,78,42,6,416,0,0,0,416
12/23/2003,MSY,LA,ASW,CE,Towers with Radar,306,75,31,0,412,0,14,15,1,30,306,89,46,1,442,0,0,0,442
12/24/2003,MSY,LA,ASW,CE,Towers with Radar,273,58,13,0,344,0,4,14,0,18,273,62,27,0,362,0,0,0,362
12/25/2003,MSY,LA,ASW,CE,Towers with Radar,227,49,14,0,290,0,4,5,0,9,227,53,19,0,299,0,0,0,299
12/26/2003,MSY,LA,ASW,CE,Towers with Radar,278,62,35,0,375,0,6,18,0,24,278,68,53,0,399,0,0,0,399
12/27/2003,MSY,LA,ASW,CE,Towers with Radar,254,49,23,0,326,0,8,7,0,15,254,57,30,0,341,0,0,0,341
12/28/2003,MSY,LA,ASW,CE,Towers with Radar,277,54,36,1,368,0,8,10,0,18,277,62,46,1,386,0,0,0,386
12/29/2003,MSY,LA,ASW,CE,Towers with Radar,288,64,39,5,396,0,2,10,0,12,288,66,49,5,408,0,0,0,408
12/30/2003,MSY,LA,ASW,CE,Towers with Radar,308,79,31,0,418,0,19,26,0,45,308,98,57,0,463,0,0,0,463
12/31/2003,MSY,LA,ASW,CE,Towers with Radar,276,61,22,1,360,0,6,25,0,31,276,67,47,1,391,0,0,0,391
01/01/2004,MSY,LA,ASW,CE,Towers with Radar,238,46,12,0,296,0,3,3,0,6,238,49,15,0,302,0,0,0,302
01/02/2004,MSY,LA,ASW,CE,Towers with Radar,315,73,54,1,443,0,5,9,0,14,315,78,63,1,457,0,0,0,457
01/03/2004,MSY,LA,ASW,CE,Towers with Radar,259,57,46,0,362,0,1,7,0,8,259,58,53,0,370,0,0,0,370
01/04/2004,MSY,LA,ASW,CE,Towers with Radar,265,50,71,0,386,0,4,2,0,6,265,54,73,0,392,0,0,0,392
01/05/2004,MSY,LA,ASW,CE,Towers with Radar,332,85,109,0,526,0,1,3,0,4,332,86,112,0,530,0,0,0,530
01/06/2004,MSY,LA,ASW,CE,Towers with Radar,302,78,33,0,413,0,6,18,0,24,302,84,51,0,437,0,0,0,437
01/07/2004,MSY,LA,ASW,CE,Towers with Radar,308,85,26,4,423,0,9,12,1,22,308,94,38,5,445,0,0,0,445
01/08/2004,MSY,LA,ASW,CE,Towers with Radar,303,83,55,0,441,0,13,12,0,25,303,96,67,0,466,0,0,0,466
01/09/2004,MSY,LA,ASW,CE,Towers with Radar,296,71,28,0,395,0,2,12,0,14,296,73,40,0,409,0,0,0,409
01/10/2004,MSY,LA,ASW,CE,Towers with Radar,257,52,18,0,327,0,7,12,0,19,257,59,30,0,346,0,0,0,346
01/11/2004,MSY,LA,ASW,CE,Towers with Radar,259,50,18,0,327,0,5,21,0,26,259,55,39,0,353,0,0,0,353
01/12/2004,MSY,LA,ASW,CE,Towers with Radar,292,74,36,5,407,0,11,14,1,26,292,85,50,6,433,0,0,0,433
01/13/2004,MSY,LA,ASW,CE,Towers with Radar,298,79,56,0,433,0,15,21,0,36,298,94,77,0,469,0,0,0,469
01/14/2004,MSY,LA,ASW,CE,Towers with Radar,301,72,57,3,433,0,11,21,0,32,301,83,78,3,465,0,0,0,465
01/15/2004,MSY,LA,ASW,CE,Towers with Radar,307,75,53,8,443,0,5,15,2,22,307,80,68,10,465,0,0,0,465
01/16/2004,MSY,LA,ASW,CE,Towers with Radar,299,74,39,0,412,0,16,14,0,30,299,90,53,0,442,0,0,0,442
01/17/2004,MSY,LA,ASW,CE,Towers with Radar,264,51,12,0,327,0,3,1,0,4,264,54,13,0,331,0,0,0,331
01/18/2004,MSY,LA,ASW,CE,Towers with Radar,266,45,27,0,338,0,3,9,0,12,266,48,36,0,350,0,0,0,350
01/19/2004,MSY,LA,ASW,CE,Towers with Radar,274,39,27,0,340,32,33,23,2,90,306,72,50,2,430,0,0,0,430
01/20/2004,MSY,LA,ASW,CE,Towers with Radar,296,72,39,0,407,0,15,26,0,41,296,87,65,0,448,0,0,0,448
01/21/2004,MSY,LA,ASW,CE,Towers with Radar,304,71,36,1,412,0,21,21,0,42,304,92,57,1,454,0,0,0,454
01/22/2004,MSY,LA,ASW,CE,Towers with Radar,303,79,56,4,442,0,15,20,1,36,303,94,76,5,478,0,0,0,478
01/23/2004,MSY,LA,ASW,CE,Towers with Radar,302,84,34,1,421,0,8,14,0,22,302,92,48,1,443,0,0,0,443
01/24/2004,MSY,LA,ASW,CE,Towers with Radar,258,50,18,2,328,0,4,8,0,12,258,54,26,2,340,0,0,0,340
01/25/2004,MSY,LA,ASW,CE,Towers with Radar,257,46,31,0,334,0,0,8,0,8,257,46,39,0,342,0,0,0,342
01/26/2004,MSY,LA,ASW,CE,Towers with Radar,280,61,35,0,376,0,6,10,0,16,280,67,45,0,392,0,0,0,392
01/27/2004,MSY,LA,ASW,CE,Towers with Radar,293,75,25,0,393,0,17,24,1,42,293,92,49,1,435,0,0,0,435
01/28/2004,MSY,LA,ASW,CE,Towers with Radar,297,80,35,2,414,0,17,19,1,37,297,97,54,3,451,0,0,0,451
01/29/2004,MSY,LA,ASW,CE,Towers with Radar,305,96,28,0,429,0,21,18,1,40,305,117,46,1,469,0,0,0,469
01/30/2004,MSY,LA,ASW,CE,Towers with Radar,308,79,44,2,433,0,0,6,0,6,308,79,50,2,439,0,0,0,439
01/31/2004,MSY,LA,ASW,CE,Towers with Radar,258,51,30,0,339,0,1,5,0,6,258,52,35,0,345,0,0,0,345
02/01/2004,MSY,LA,ASW,CE,Towers with Radar,258,52,30,0,340,0,0,5,0,5,258,52,35,0,345,0,0,0,345
02/02/2004,MSY,LA,ASW,CE,Towers with Radar,290,69,34,1,394,0,3,9,0,12,290,72,43,1,406,0,0,0,406
02/03/2004,MSY,LA,ASW,CE,Towers with Radar,302,84,35,2,423,0,18,17,0,35,302,102,52,2,458,0,0,0,458
02/04/2004,MSY,LA,ASW,CE,Towers with Radar,294,82,55,0,431,0,22,19,2,43,294,104,74,2,474,0,0,0,474
02/05/2004,MSY,LA,ASW,CE,Towers with Radar,305,81,31,2,419,0,8,8,0,16,305,89,39,2,435,0,0,0,435
02/06/2004,MSY,LA,ASW,CE,Towers with Radar,304,84,34,2,424,0,10,11,2,23,304,94,45,4,447,0,0,0,447
02/07/2004,MSY,LA,ASW,CE,Towers with Radar,262,67,27,0,356,0,5,11,0,16,262,72,38,0,372,0,0,0,372
02/08/2004,MSY,LA,ASW,CE,Towers with Radar,277,50,34,0,361,0,2,12,0,14,277,52,46,0,375,0,0,0,375
02/09/2004,MSY,LA,ASW,CE,Towers with Radar,271,72,34,1,378,0,19,10,2,31,271,91,44,3,409,0,0,0,409
02/10/2004,MSY,LA,ASW,CE,Towers with Radar,277,80,45,4,406,0,0,3,0,3,277,80,48,4,409,0,0,0,409
02/11/2004,MSY,LA,ASW,CE,Towers with Radar,304,95,52,6,457,0,2,1,0,3,304,97,53,6,460,0,0,0,460
02/12/2004,MSY,LA,ASW,CE,Towers with Radar,309,91,68,4,472,0,9,5,1,15,309,100,73,5,487,0,0,0,487
02/13/2004,MSY,LA,ASW,CE,Towers with Radar,312,83,59,3,457,0,2,10,0,12,312,85,69,3,469,0,0,0,469
02/14/2004,MSY,LA,ASW,CE,Towers with Radar,267,50,33,3,353,0,0,6,1,7,267,50,39,4,360,0,0,0,360
02/15/2004,MSY,LA,ASW,CE,Towers with Radar,280,58,36,3,377,0,3,16,0,19,280,61,52,3,396,0,0,0,396
02/16/2004,MSY,LA,ASW,CE,Towers with Radar,299,73,36,0,408,0,5,19,0,24,299,78,55,0,432,0,0,0,432
02/17/2004,MSY,LA,ASW,CE,Towers with Radar,313,78,49,2,442,0,11,18,0,29,313,89,67,2,471,0,0,0,471
02/18/2004,MSY,LA,ASW,CE,Towers with Radar,305,85,42,0,432,0,13,20,0,33,305,98,62,0,465,0,0,0,465
02/19/2004,MSY,LA,ASW,CE,Towers with Radar,291,71,51,2,415,0,18,11,1,30,291,89,62,3,445,0,0,0,445
02/20/2004,MSY,LA,ASW,CE,Towers with Radar,303,83,57,0,443,0,8,24,0,32,303,91,81,0,475,0,0,0,475
02/21/2004,MSY,LA,ASW,CE,Towers with Radar,281,54,27,0,362,0,14,17,0,31,281,68,44,0,393,0,0,0,393
02/22/2004,MSY,LA,ASW,CE,Towers with Radar,274,47,33,2,356,0,3,21,0,24,274,50,54,2,380,0,0,0,380
02/23/2004,MSY,LA,ASW,CE,Towers with Radar,255,59,22,0,336,0,1,1,0,2,255,60,23,0,338,0,0,0,338
02/24/2004,MSY,LA,ASW,CE,Towers with Radar,311,68,27,0,406,0,0,0,0,0,311,68,27,0,406,0,0,0,406
02/25/2004,MSY,LA,ASW,CE,Towers with Radar,314,76,49,2,441,4,1,0,0,5,318,77,49,2,446,0,0,0,446
02/26/2004,MSY,LA,ASW,CE,Towers with Radar,283,84,51,4,422,0,2,5,0,7,283,86,56,4,429,0,0,0,429
02/27/2004,MSY,LA,ASW,CE,Towers with Radar,302,75,46,2,425,0,12,21,0,33,302,87,67,2,458,0,0,0,458
02/28/2004,MSY,LA,ASW,CE,Towers with Radar,277,52,29,6,364,0,5,17,0,22,277,57,46,6,386,0,0,0,386
02/29/2004,MSY,LA,ASW,CE,Towers with Radar,281,60,52,2,395,0,4,7,0,11,281,64,59,2,406,0,0,0,406
03/01/2004,MSY,LA,ASW,CE,Towers with Radar,287,70,35,0,392,0,10,6,0,16,287,80,41,0,408,0,0,0,408
03/02/2004,MSY,LA,ASW,CE,Towers with Radar,299,81,47,2,429,0,15,11,0,26,299,96,58,2,455,0,0,0,455
03/03/2004,MSY,LA,ASW,CE,Towers with Radar,310,82,36,0,428,0,12,13,0,25,310,94,49,0,453,0,0,0,453
03/04/2004,MSY,LA,ASW,CE,Towers with Radar,311,94,29,0,434,0,8,11,0,19,311,102,40,0,453,0,0,0,453
03/05/2004,MSY,LA,ASW,CE,Towers with Radar,305,76,35,1,417,0,1,7,0,8,305,77,42,1,425,0,0,0,425
03/06/2004,MSY,LA,ASW,CE,Towers with Radar,284,58,31,1,374,0,7,16,0,23,284,65,47,1,397,0,0,0,397
03/07/2004,MSY,LA,ASW,CE,Towers with Radar,287,51,37,0,375,0,4,18,0,22,287,55,55,0,397,0,0,0,397
03/08/2004,MSY,LA,ASW,CE,Towers with Radar,298,73,34,0,405,0,10,15,0,25,298,83,49,0,430,0,0,0,430
03/09/2004,MSY,LA,ASW,CE,Towers with Radar,301,79,40,0,420,0,21,31,0,52,301,100,71,0,472,0,0,0,472
03/10/2004,MSY,LA,ASW,CE,Towers with Radar,304,78,42,0,424,0,24,15,0,39,304,102,57,0,463,0,0,0,463
03/11/2004,MSY,LA,ASW,CE,Towers with Radar,307,79,54,0,440,0,19,21,0,40,307,98,75,0,480,0,0,0,480
03/12/2004,MSY,LA,ASW,CE,Towers with Radar,311,89,35,0,435,0,8,22,0,30,311,97,57,0,465,0,0,0,465
03/13/2004,MSY,LA,ASW,CE,Towers with Radar,276,55,20,0,351,0,2,12,0,14,276,57,32,0,365,0,0,0,365
03/14/2004,MSY,LA,ASW,CE,Towers with Radar,280,53,39,2,374,0,3,5,0,8,280,56,44,2,382,0,0,0,382
03/15/2004,MSY,LA,ASW,CE,Towers with Radar,300,60,50,0,410,0,3,8,0,11,300,63,58,0,421,0,0,0,421
03/16/2004,MSY,LA,ASW,CE,Towers with Radar,304,66,37,0,407,0,22,14,0,36,304,88,51,0,443,0,0,0,443
03/17/2004,MSY,LA,ASW,CE,Towers with Radar,311,66,56,2,435,0,22,23,2,47,311,88,79,4,482,0,0,0,482
03/18/2004,MSY,LA,ASW,CE,Towers with Radar,309,70,47,0,426,0,20,25,0,45,309,90,72,0,471,0,0,0,471
03/19/2004,MSY,LA,ASW,CE,Towers with Radar,302,66,41,0,409,0,9,18,0,27,302,75,59,0,436,0,0,0,436
03/20/2004,MSY,LA,ASW,CE,Towers with Radar,274,50,26,0,350,0,5,19,0,24,274,55,45,0,374,0,0,0,374
03/21/2004,MSY,LA,ASW,CE,Towers with Radar,279,55,29,0,363,0,5,8,0,13,279,60,37,0,376,0,0,0,376
03/22/2004,MSY,LA,ASW,CE,Towers with Radar,306,56,42,0,404,0,6,16,0,22,306,62,58,0,426,0,0,0,426
03/23/2004,MSY,LA,ASW,CE,Towers with Radar,299,66,36,5,406,0,12,14,0,26,299,78,50,5,432,0,0,0,432
03/24/2004,MSY,LA,ASW,CE,Towers with Radar,305,68,55,1,429,0,18,10,0,28,305,86,65,1,457,0,0,0,457
03/25/2004,MSY,LA,ASW,CE,Towers with Radar,306,78,59,0,443,0,11,9,1,21,306,89,68,1,464,0,0,0,464
03/26/2004,MSY,LA,ASW,CE,Towers with Radar,303,71,35,4,413,0,15,15,0,30,303,86,50,4,443,0,0,0,443
03/27/2004,MSY,LA,ASW,CE,Towers with Radar,272,51,34,2,359,0,2,11,0,13,272,53,45,2,372,0,0,0,372
03/28/2004,MSY,LA,ASW,CE,Towers with Radar,279,47,41,0,367,0,9,9,0,18,279,56,50,0,385,0,0,0,385
03/29/2004,MSY,LA,ASW,CE,Towers with Radar,301,53,46,0,400,0,8,12,0,20,301,61,58,0,420,0,0,0,420
03/30/2004,MSY,LA,ASW,CE,Towers with Radar,308,71,57,1,437,0,17,31,0,48,308,88,88,1,485,0,0,0,485
03/31/2004,MSY,LA,ASW,CE,Towers with Radar,303,77,45,0,425,0,9,13,0,22,303,86,58,0,447,0,0,0,447
04/01/2004,MSY,LA,ASW,CE,Towers with Radar,312,75,43,2,432,0,12,26,2,40,312,87,69,4,472,0,0,0,472
04/02/2004,MSY,LA,ASW,CE,Towers with Radar,300,76,33,1,410,0,6,14,0,20,300,82,47,1,430,0,0,0,430
04/03/2004,MSY,LA,ASW,CE,Towers with Radar,278,49,29,1,357,0,3,16,0,19,278,52,45,1,376,0,0,0,376
04/04/2004,MSY,LA,ASW,CE,Towers with Radar,279,47,31,1,358,0,5,13,0,18,279,52,44,1,376,0,0,0,376
04/05/2004,MSY,LA,ASW,CE,Towers with Radar,293,58,31,5,387,0,5,16,4,25,293,63,47,9,412,0,0,0,412
04/06/2004,MSY,LA,ASW,CE,Towers with Radar,300,63,26,3,392,0,19,13,0,32,300,82,39,3,424,0,0,0,424
04/07/2004,MSY,LA,ASW,CE,Towers with Radar,316,66,48,0,430,0,10,12,0,22,316,76,60,0,452,0,0,0,452
04/08/2004,MSY,LA,ASW,CE,Towers with Radar,302,73,43,0,418,0,17,23,0,40,302,90,66,0,458,0,0,0,458
04/09/2004,MSY,LA,ASW,CE,Towers with Radar,305,65,18,0,388,0,12,29,0,41,305,77,47,0,429,0,0,0,429
04/10/2004,MSY,LA,ASW,CE,Towers with Radar,264,49,12,0,325,0,6,14,0,20,264,55,26,0,345,0,0,0,345
04/11/2004,MSY,LA,ASW,CE,Towers with Radar,276,39,14,0,329,0,3,0,0,3,276,42,14,0,332,0,0,0,332
04/12/2004,MSY,LA,ASW,CE,Towers with Radar,288,52,37,0,377,0,10,4,0,14,288,62,41,0,391,0,0,0,391
04/13/2004,MSY,LA,ASW,CE,Towers with Radar,302,68,32,4,406,0,13,14,0,27,302,81,46,4,433,0,0,0,433
04/14/2004,MSY,LA,ASW,CE,Towers with Radar,314,64,32,2,412,0,29,25,0,54,314,93,57,2,466,0,0,0,466
04/15/2004,MSY,LA,ASW,CE,Towers with Radar,212,51,26,3,292,96,48,35,0,179,308,99,61,3,471,0,0,0,471
04/16/2004,MSY,LA,ASW,CE,Towers with Radar,257,42,19,1,319,0,12,16,0,28,257,54,35,1,347,0,0,0,347
04/17/2004,MSY,LA,ASW,CE,Towers with Radar,263,51,28,0,342,0,5,34,0,39,263,56,62,0,381,0,0,0,381
04/18/2004,MSY,LA,ASW,CE,Towers with Radar,285,42,26,4,357,0,3,15,0,18,285,45,41,4,375,0,0,0,375
04/19/2004,MSY,LA,ASW,CE,Towers with Radar,270,51,35,1,357,0,4,17,0,21,270,55,52,1,378,0,0,0,378
04/20/2004,MSY,LA,ASW,CE,Towers with Radar,297,59,34,0,390,0,14,18,0,32,297,73,52,0,422,0,0,0,422
04/21/2004,MSY,LA,ASW,CE,Towers with Radar,305,68,43,10,426,0,10,22,0,32,305,78,65,10,458,0,0,0,458
04/22/2004,MSY,LA,ASW,CE,Towers with Radar,313,74,50,0,437,0,17,24,0,41,313,91,74,0,478,0,0,0,478
04/23/2004,MSY,LA,ASW,CE,Towers with Radar,299,63,53,0,415,0,12,16,0,28,299,75,69,0,443,0,0,0,443
04/24/2004,MSY,LA,ASW,CE,Towers with Radar,260,47,16,0,323,0,8,9,0,17,260,55,25,0,340,0,0,0,340
04/25/2004,MSY,LA,ASW,CE,Towers with Radar,276,38,19,0,333,0,1,5,0,6,276,39,24,0,339,0,0,0,339
04/26/2004,MSY,LA,ASW,CE,Towers with Radar,314,68,53,2,437,0,9,13,1,23,314,77,66,3,460,0,0,0,460
04/27/2004,MSY,LA,ASW,CE,Towers with Radar,305,59,26,0,390,0,15,21,0,36,305,74,47,0,426,0,0,0,426
04/28/2004,MSY,LA,ASW,CE,Towers with Radar,304,72,32,1,409,0,13,18,0,31,304,85,50,1,440,0,0,0,440
04/29/2004,MSY,LA,ASW,CE,Towers with Radar,311,69,60,1,441,0,16,11,0,27,311,85,71,1,468,0,0,0,468
04/30/2004,MSY,LA,ASW,CE,Towers with Radar,302,63,25,0,390,0,2,2,0,4,302,65,27,0,394,0,0,0,394
05/01/2004,MSY,LA,ASW,CE,Towers with Radar,258,49,24,0,331,44,16,3,0,63,302,65,27,0,394,0,0,0,394
05/02/2004,MSY,LA,ASW,CE,Towers with Radar,281,61,42,0,384,0,1,4,0,5,281,62,46,0,389,0,0,0,389
05/03/2004,MSY,LA,ASW,CE,Towers with Radar,295,78,39,1,413,0,9,11,0,20,295,87,50,1,433,0,0,0,433
05/04/2004,MSY,LA,ASW,CE,Towers with Radar,304,75,38,0,417,0,23,21,2,46,304,98,59,2,463,0,0,0,463
05/05/2004,MSY,LA,ASW,CE,Towers with Radar,304,67,38,0,409,0,13,23,0,36,304,80,61,0,445,0,0,0,445
05/06/2004,MSY,LA,ASW,CE,Towers with Radar,310,65,35,1,411,0,25,27,0,52,310,90,62,1,463,0,0,0,463
05/07/2004,MSY,LA,ASW,CE,Towers with Radar,300,62,35,2,399,0,11,22,0,33,300,73,57,2,432,0,0,0,432
05/08/2004,MSY,LA,ASW,CE,Towers with Radar,258,50,32,0,340,0,5,15,0,20,258,55,47,0,360,0,0,0,360
05/09/2004,MSY,LA,ASW,CE,Towers with Radar,278,45,21,0,344,0,0,7,0,7,278,45,28,0,351,0,0,0,351
05/10/2004,MSY,LA,ASW,CE,Towers with Radar,294,54,34,3,385,0,4,27,0,31,294,58,61,3,416,0,0,0,416
05/11/2004,MSY,LA,ASW,CE,Towers with Radar,313,68,26,0,407,0,18,13,0,31,313,86,39,0,438,0,0,0,438
05/12/2004,MSY,LA,ASW,CE,Towers with Radar,289,74,53,0,416,0,16,10,0,26,289,90,63,0,442,0,0,0,442
05/13/2004,MSY,LA,ASW,CE,Towers with Radar,317,78,43,0,438,0,13,11,0,24,317,91,54,0,462,0,0,0,462
05/14/2004,MSY,LA,ASW,CE,Towers with Radar,305,73,47,6,431,0,9,7,0,16,305,82,54,6,447,0,0,0,447
05/15/2004,MSY,LA,ASW,CE,Towers with Radar,263,52,13,0,328,0,3,5,0,8,263,55,18,0,336,0,0,0,336
05/16/2004,MSY,LA,ASW,CE,Towers with Radar,277,46,32,0,355,0,2,13,0,15,277,48,45,0,370,0,0,0,370
05/17/2004,MSY,LA,ASW,CE,Towers with Radar,275,51,29,2,357,0,0,14,0,14,275,51,43,2,371,0,0,0,371
05/18/2004,MSY,LA,ASW,CE,Towers with Radar,318,63,38,0,419,0,12,22,0,34,318,75,60,0,453,0,0,0,453
05/19/2004,MSY,LA,ASW,CE,Towers with Radar,302,67,50,0,419,16,8,10,0,34,318,75,60,0,453,0,0,0,453
05/20/2004,MSY,LA,ASW,CE,Towers with Radar,305,70,39,3,417,0,17,24,0,41,305,87,63,3,458,0,0,0,458
05/21/2004,MSY,LA,ASW,CE,Towers with Radar,303,61,42,3,409,2,26,21,0,49,305,87,63,3,458,0,0,0,458
05/22/2004,MSY,LA,ASW,CE,Towers with Radar,259,50,21,0,330,0,2,28,0,30,259,52,49,0,360,0,0,0,360
05/23/2004,MSY,LA,ASW,CE,Towers with Radar,282,48,22,0,352,0,4,22,0,26,282,52,44,0,378,0,0,0,378
05/24/2004,MSY,LA,ASW,CE,Towers with Radar,296,53,32,2,383,0,7,29,0,36,296,60,61,2,419,0,0,0,419
05/25/2004,MSY,LA,ASW,CE,Towers with Radar,301,58,34,2,395,0,15,16,0,31,301,73,50,2,426,0,0,0,426
05/26/2004,MSY,LA,ASW,CE,Towers with Radar,300,61,32,0,393,0,16,14,1,31,300,77,46,1,424,0,0,0,424
05/27/2004,MSY,LA,ASW,CE,Towers with Radar,307,61,28,0,396,0,15,8,0,23,307,76,36,0,419,0,0,0,419
05/28/2004,MSY,LA,ASW,CE,Towers with Radar,304,60,21,2,387,0,11,18,0,29,304,71,39,2,416,0,0,0,416
05/29/2004,MSY,LA,ASW,CE,Towers with Radar,257,48,26,0,331,0,2,22,2,26,257,50,48,2,357,0,0,0,357
05/30/2004,MSY,LA,ASW,CE,Towers with Radar,254,44,16,0,314,0,7,7,0,14,254,51,23,0,328,0,0,0,328
05/31/2004,MSY,LA,ASW,CE,Towers with Radar,260,45,17,0,322,0,2,9,0,11,260,47,26,0,333,0,0,0,333
06/01/2004,MSY,LA,ASW,CE,Towers with Radar,265,54,27,2,348,23,11,7,0,41,288,65,34,2,389,0,0,0,389
06/02/2004,MSY,LA,ASW,CE,Towers with Radar,291,59,30,0,380,8,9,22,0,39,299,68,52,0,419,0,0,0,419
06/03/2004,MSY,LA,ASW,CE,Towers with Radar,298,62,30,0,390,7,11,25,0,43,305,73,55,0,433,0,0,0,433
06/04/2004,MSY,LA,ASW,CE,Towers with Radar,264,57,28,2,351,0,9,12,2,23,264,66,40,4,374,0,0,0,374
06/05/2004,MSY,LA,ASW,CE,Towers with Radar,233,48,23,2,306,25,5,0,1,31,258,53,23,3,337,0,0,0,337
06/06/2004,MSY,LA,ASW,CE,Towers with Radar,252,52,25,0,329,10,10,3,0,23,262,62,28,0,352,0,0,0,352
06/07/2004,MSY,LA,ASW,CE,Towers with Radar,282,58,28,2,370,7,9,17,0,33,289,67,45,2,403,0,0,0,403
06/08/2004,MSY,LA,ASW,CE,Towers with Radar,308,64,31,1,404,16,26,28,0,70,324,90,59,1,474,0,0,0,474
06/09/2004,MSY,LA,ASW,CE,Towers with Radar,281,61,30,0,372,0,17,19,0,36,281,78,49,0,408,0,0,0,408
06/10/2004,MSY,LA,ASW,CE,Towers with Radar,309,70,34,1,414,0,1,40,0,41,309,71,74,1,455,0,0,0,455
06/11/2004,MSY,LA,ASW,CE,Towers with Radar,296,65,32,1,394,0,3,20,1,24,296,68,52,2,418,0,0,0,418
06/12/2004,MSY,LA,ASW,CE,Towers with Radar,240,50,24,1,315,0,9,0,0,9,240,59,24,1,324,0,0,0,324
06/13/2004,MSY,LA,ASW,CE,Towers with Radar,269,55,28,1,353,0,0,6,0,6,269,55,34,1,359,0,0,0,359
06/14/2004,MSY,LA,ASW,CE,Towers with Radar,290,56,30,1,377,0,0,4,1,5,290,56,34,2,382,0,0,0,382
06/15/2004,MSY,LA,ASW,CE,Towers with Radar,270,56,24,0,350,20,22,0,0,42,290,78,24,0,392,0,0,0,392
06/16/2004,MSY,LA,ASW,CE,Towers with Radar,282,62,31,1,376,0,3,15,3,21,282,65,46,4,397,0,0,0,397
06/17/2004,MSY,LA,ASW,CE,Towers with Radar,295,66,34,1,396,0,18,29,0,47,295,84,63,1,443,0,0,0,443
06/18/2004,MSY,LA,ASW,CE,Towers with Radar,297,62,31,1,391,0,12,17,0,29,297,74,48,1,420,0,0,0,420
06/19/2004,MSY,LA,ASW,CE,Towers with Radar,233,47,24,1,305,14,12,23,2,51,247,59,47,3,356,0,0,0,356
06/20/2004,MSY,LA,ASW,CE,Towers with Radar,255,49,26,1,331,9,0,0,1,10,264,49,26,2,341,0,0,0,341
06/21/2004,MSY,LA,ASW,CE,Towers with Radar,271,55,28,1,355,7,17,16,1,41,278,72,44,2,396,0,0,0,396
06/22/2004,MSY,LA,ASW,CE,Towers with Radar,286,58,30,1,375,9,21,9,1,40,295,79,39,2,415,0,0,0,415
06/23/2004,MSY,LA,ASW,CE,Towers with Radar,286,59,30,0,375,0,11,21,0,32,286,70,51,0,407,0,0,0,407
06/24/2004,MSY,LA,ASW,CE,Towers with Radar,303,64,33,0,400,0,17,14,0,31,303,81,47,0,431,0,0,0,431
06/25/2004,MSY,LA,ASW,CE,Towers with Radar,272,55,28,0,355,15,6,8,0,29,287,61,36,0,384,0,0,0,384
06/26/2004,MSY,LA,ASW,CE,Towers with Radar,219,44,22,0,285,35,9,0,0,44,254,53,22,0,329,0,0,0,329
06/27/2004,MSY,LA,ASW,CE,Towers with Radar,258,52,23,0,333,9,1,0,0,10,267,53,23,0,343,0,0,0,343
06/28/2004,MSY,LA,ASW,CE,Towers with Radar,280,57,29,1,367,4,7,22,3,36,284,64,51,4,403,0,0,0,403
06/29/2004,MSY,LA,ASW,CE,Towers with Radar,285,59,30,1,375,0,27,23,1,51,285,86,53,2,426,0,0,0,426
06/30/2004,MSY,LA,ASW,CE,Towers with Radar,286,64,32,1,383,0,19,13,2,34,286,83,45,3,417,0,0,0,417
07/01/2004,MSY,LA,ASW,CE,Towers with Radar,296,60,30,2,388,0,27,16,6,49,296,87,46,8,437,0,0,0,437
07/02/2004,MSY,LA,ASW,CE,Towers with Radar,291,58,30,1,380,0,12,7,0,19,291,70,37,1,399,0,0,0,399
07/03/2004,MSY,LA,ASW,CE,Towers with Radar,202,38,18,0,258,47,14,0,0,61,249,52,18,0,319,0,0,0,319
07/04/2004,MSY,LA,ASW,CE,Towers with Radar,171,33,13,0,217,61,20,0,0,81,232,53,13,0,298,0,0,0,298
07/05/2004,MSY,LA,ASW,CE,Towers with Radar,202,39,19,0,260,10,5,3,0,18,212,44,22,0,278,0,0,0,278
07/06/2004,MSY,LA,ASW,CE,Towers with Radar,285,54,27,0,366,4,9,6,0,19,289,63,33,0,385,0,0,0,385
07/07/2004,MSY,LA,ASW,CE,Towers with Radar,280,53,26,0,359,1,16,8,0,25,281,69,34,0,384,0,0,0,384
07/08/2004,MSY,LA,ASW,CE,Towers with Radar,305,60,30,1,396,0,15,28,0,43,305,75,58,1,439,0,0,0,439
07/09/2004,MSY,LA,ASW,CE,Towers with Radar,290,55,28,1,374,0,3,13,0,16,290,58,41,1,390,0,0,0,390
07/10/2004,MSY,LA,ASW,CE,Towers with Radar,234,45,22,1,302,11,7,16,2,36,245,52,38,3,338,0,0,0,338
07/11/2004,MSY,LA,ASW,CE,Towers with Radar,254,48,24,1,327,12,3,10,3,28,266,51,34,4,355,0,0,0,355
07/12/2004,MSY,LA,ASW,CE,Towers with Radar,267,51,25,1,344,7,1,15,0,23,274,52,40,1,367,0,0,0,367
07/13/2004,MSY,LA,ASW,CE,Towers with Radar,290,58,29,0,377,0,11,30,0,41,290,69,59,0,418,0,0,0,418
07/14/2004,MSY,LA,ASW,CE,Towers with Radar,279,57,28,0,364,0,12,25,0,37,279,69,53,0,401,0,0,0,401
07/15/2004,MSY,LA,ASW,CE,Towers with Radar,290,58,30,1,379,0,0,27,5,32,290,58,57,6,411,0,0,0,411
07/16/2004,MSY,LA,ASW,CE,Towers with Radar,290,60,31,1,382,0,7,20,2,29,290,67,51,3,411,0,0,0,411
07/17/2004,MSY,LA,ASW,CE,Towers with Radar,206,39,11,0,256,43,7,0,0,50,249,46,11,0,306,0,0,0,306
07/18/2004,MSY,LA,ASW,CE,Towers with Radar,254,43,25,0,322,16,0,14,0,30,270,43,39,0,352,0,0,0,352
07/19/2004,MSY,LA,ASW,CE,Towers with Radar,280,53,28,0,361,0,5,26,0,31,280,58,54,0,392,0,0,0,392
07/20/2004,MSY,LA,ASW,CE,Towers with Radar,295,56,29,0,380,0,13,16,0,29,295,69,45,0,409,0,0,0,409
07/21/2004,MSY,LA,ASW,CE,Towers with Radar,286,58,31,1,376,0,2,23,2,27,286,60,54,3,403,0,0,0,403
07/22/2004,MSY,LA,ASW,CE,Towers with Radar,295,56,30,1,382,0,11,34,0,45,295,67,64,1,427,0,0,0,427
07/23/2004,MSY,LA,ASW,CE,Towers with Radar,294,55,31,1,381,0,0,20,1,21,294,55,51,2,402,0,0,0,402
07/24/2004,MSY,LA,ASW,CE,Towers with Radar,196,36,19,0,251,59,13,16,1,89,255,49,35,1,340,0,0,0,340
07/25/2004,MSY,LA,ASW,CE,Towers with Radar,251,42,25,0,318,15,0,15,1,31,266,42,40,1,349,0,0,0,349
07/26/2004,MSY,LA,ASW,CE,Towers with Radar,276,45,27,1,349,13,0,20,0,33,289,45,47,1,382,0,0,0,382
07/27/2004,MSY,LA,ASW,CE,Towers with Radar,283,58,30,0,371,0,6,24,0,30,283,64,54,0,401,0,0,0,401
07/28/2004,MSY,LA,ASW,CE,Towers with Radar,284,60,31,1,376,0,15,16,0,31,284,75,47,1,407,0,0,0,407
07/29/2004,MSY,LA,ASW,CE,Towers with Radar,136,25,25,1,187,0,0,0,3,3,136,25,25,4,190,0,0,0,190
07/30/2004,MSY,LA,ASW,CE,Towers with Radar,297,59,31,1,388,0,7,19,0,26,297,66,50,1,414,0,0,0,414
07/31/2004,MSY,LA,ASW,CE,Towers with Radar,215,40,21,0,276,27,5,7,1,40,242,45,28,1,316,0,0,0,316
08/01/2004,MSY,LA,ASW,CE,Towers with Radar,235,44,22,1,302,18,0,17,3,38,253,44,39,4,340,0,0,0,340
08/02/2004,MSY,LA,ASW,CE,Towers with Radar,260,50,24,0,334,23,2,11,0,36,283,52,35,0,370,0,0,0,370
08/03/2004,MSY,LA,ASW,CE,Towers with Radar,287,55,27,0,369,2,16,35,0,53,289,71,62,0,422,0,0,0,422
08/04/2004,MSY,LA,ASW,CE,Towers with Radar,282,56,27,0,365,0,17,29,0,46,282,73,56,0,411,0,0,0,411
08/05/2004,MSY,LA,ASW,CE,Towers with Radar,288,56,27,0,371,0,14,18,0,32,288,70,45,0,403,0,0,0,403
08/06/2004,MSY,LA,ASW,CE,Towers with Radar,300,62,30,2,394,0,8,10,0,18,300,70,40,2,412,0,0,0,412
08/07/2004,MSY,LA,ASW,CE,Towers with Radar,252,48,24,1,325,0,0,8,0,8,252,48,32,1,333,0,0,0,333
08/08/2004,MSY,LA,ASW,CE,Towers with Radar,249,46,23,2,320,18,0,0,0,18,267,46,23,2,338,0,0,0,338
08/09/2004,MSY,LA,ASW,CE,Towers with Radar,269,51,25,0,345,12,17,22,0,51,281,68,47,0,396,0,0,0,396
08/10/2004,MSY,LA,ASW,CE,Towers with Radar,275,52,26,2,355,14,3,17,0,34,289,55,43,2,389,0,0,0,389
08/11/2004,MSY,LA,ASW,CE,Towers with Radar,281,54,27,1,363,0,1,18,1,20,281,55,45,2,383,0,0,0,383
08/12/2004,MSY,LA,ASW,CE,Towers with Radar,304,60,31,1,396,0,0,22,2,24,304,60,53,3,420,0,0,0,420
08/13/2004,MSY,LA,ASW,CE,Towers with Radar,288,59,30,1,378,0,0,15,3,18,288,59,45,4,396,0,0,0,396
08/14/2004,MSY,LA,ASW,CE,Towers with Radar,244,44,25,1,314,0,0,9,3,12,244,44,34,4,326,0,0,0,326
08/15/2004,MSY,LA,ASW,CE,Towers with Radar,247,46,24,1,318,19,8,16,1,44,266,54,40,2,362,0,0,0,362
08/16/2004,MSY,LA,ASW,CE,Towers with Radar,278,52,27,0,357,7,3,12,0,22,285,55,39,0,379,0,0,0,379
08/17/2004,MSY,LA,ASW,CE,Towers with Radar,296,55,29,0,380,4,9,18,0,31,300,64,47,0,411,0,0,0,411
08/18/2004,MSY,LA,ASW,CE,Towers with Radar,286,56,29,1,372,0,13,17,2,32,286,69,46,3,404,0,0,0,404
08/19/2004,MSY,LA,ASW,CE,Towers with Radar,296,59,31,1,387,0,21,20,0,41,296,80,51,1,428,0,0,0,428
08/20/2004,MSY,LA,ASW,CE,Towers with Radar,301,58,30,1,390,0,9,9,1,19,301,67,39,2,409,0,0,0,409
08/21/2004,MSY,LA,ASW,CE,Towers with Radar,239,44,23,0,306,17,8,5,0,30,256,52,28,0,336,0,0,0,336
08/22/2004,MSY,LA,ASW,CE,Towers with Radar,243,45,24,0,312,25,3,1,0,29,268,48,25,0,341,0,0,0,341
08/23/2004,MSY,LA,ASW,CE,Towers with Radar,279,52,26,1,358,12,1,17,2,32,291,53,43,3,390,0,0,0,390
08/24/2004,MSY,LA,ASW,CE,Towers with Radar,282,53,27,1,363,1,11,14,2,28,283,64,41,3,391,0,0,0,391
08/25/2004,MSY,LA,ASW,CE,Towers with Radar,285,57,30,1,373,0,18,38,0,56,285,75,68,1,429,0,0,0,429
08/26/2004,MSY,LA,ASW,CE,Towers with Radar,304,59,31,0,394,0,16,15,0,31,304,75,46,0,425,0,0,0,425
08/27/2004,MSY,LA,ASW,CE,Towers with Radar,292,56,29,1,378,0,6,28,1,35,292,62,57,2,413,0,0,0,413
08/28/2004,MSY,LA,ASW,CE,Towers with Radar,236,44,23,0,303,14,5,0,1,20,250,49,23,1,323,0,0,0,323
08/29/2004,MSY,LA,ASW,CE,Towers with Radar,238,40,21,0,299,25,0,0,0,25,263,40,21,0,324,0,0,0,324
08/30/2004,MSY,LA,ASW,CE,Towers with Radar,276,51,27,1,355,16,6,7,0,29,292,57,34,1,384,0,0,0,384
08/31/2004,MSY,LA,ASW,CE,Towers with Radar,277,51,27,1,356,18,18,18,0,54,295,69,45,1,410,0,0,0,410
09/01/2004,MSY,LA,ASW,CE,Towers with Radar,282,53,37,1,373,7,3,9,0,19,289,56,46,1,392,0,0,0,392
09/02/2004,MSY,LA,ASW,CE,Towers with Radar,290,56,40,0,386,0,17,39,0,56,290,73,79,0,442,0,0,0,442
09/03/2004,MSY,LA,ASW,CE,Towers with Radar,284,53,37,0,374,0,3,4,0,7,284,56,41,0,381,0,0,0,381
09/04/2004,MSY,LA,ASW,CE,Towers with Radar,190,36,25,1,252,31,1,11,0,43,221,37,36,1,295,0,0,0,295
09/05/2004,MSY,LA,ASW,CE,Towers with Radar,190,36,25,1,252,23,6,13,0,42,213,42,38,1,294,0,0,0,294
09/06/2004,MSY,LA,ASW,CE,Towers with Radar,227,42,30,0,299,7,7,11,0,25,234,49,41,0,324,0,0,0,324
09/07/2004,MSY,LA,ASW,CE,Towers with Radar,290,56,40,0,386,0,0,16,0,16,290,56,56,0,402,0,0,0,402
09/08/2004,MSY,LA,ASW,CE,Towers with Radar,296,61,43,2,402,0,10,10,2,22,296,71,53,4,424,0,0,0,424
09/09/2004,MSY,LA,ASW,CE,Towers with Radar,308,64,45,1,418,0,10,15,0,25,308,74,60,1,443,0,0,0,443
09/10/2004,MSY,LA,ASW,CE,Towers with Radar,304,58,43,1,406,0,0,9,0,9,304,58,52,1,415,0,0,0,415
09/11/2004,MSY,LA,ASW,CE,Towers with Radar,234,44,30,0,308,22,0,8,0,30,256,44,38,0,338,0,0,0,338
09/12/2004,MSY,LA,ASW,CE,Towers with Radar,265,41,35,0,341,17,0,2,0,19,282,41,37,0,360,0,0,0,360
09/13/2004,MSY,LA,ASW,CE,Towers with Radar,289,54,38,0,381,9,5,12,0,26,298,59,50,0,407,0,0,0,407
09/14/2004,MSY,LA,ASW,CE,Towers with Radar,303,74,52,1,430,0,15,72,0,87,303,89,124,1,517,0,0,0,517
09/15/2004,MSY,LA,ASW,CE,Towers with Radar,27,6,5,0,38,0,0,11,0,11,27,6,16,0,49,0,0,0,49
09/16/2004,MSY,LA,ASW,CE,Towers with Radar,84,18,14,0,116,0,6,32,1,39,84,24,46,1,155,0,0,0,155
09/17/2004,MSY,LA,ASW,CE,Towers with Radar,271,49,36,0,356,27,14,43,0,84,298,63,79,0,440,0,0,0,440
09/18/2004,MSY,LA,ASW,CE,Towers with Radar,243,44,33,0,320,11,4,17,0,32,254,48,50,0,352,0,0,0,352
09/19/2004,MSY,LA,ASW,CE,Towers with Radar,253,46,34,0,333,25,6,16,3,50,278,52,50,3,383,0,0,0,383
09/20/2004,MSY,LA,ASW,CE,Towers with Radar,257,47,34,0,338,36,11,15,0,62,293,58,49,0,400,0,0,0,400
09/21/2004,MSY,LA,ASW,CE,Towers with Radar,280,50,37,0,367,23,15,27,2,67,303,65,64,2,434,0,0,0,434
09/22/2004,MSY,LA,ASW,CE,Towers with Radar,294,55,41,1,391,0,8,36,2,46,294,63,77,3,437,0,0,0,437
09/23/2004,MSY,LA,ASW,CE,Towers with Radar,294,54,39,1,388,15,9,16,5,45,309,63,55,6,433,0,0,0,433
09/24/2004,MSY,LA,ASW,CE,Towers with Radar,299,58,42,1,400,0,9,12,5,26,299,67,54,6,426,0,0,0,426
09/25/2004,MSY,LA,ASW,CE,Towers with Radar,232,42,31,0,305,7,0,18,0,25,239,42,49,0,330,0,0,0,330
09/26/2004,MSY,LA,ASW,CE,Towers with Radar,239,43,32,0,314,26,7,0,0,33,265,50,32,0,347,0,0,0,347
09/27/2004,MSY,LA,ASW,CE,Towers with Radar,281,52,38,1,372,0,5,15,1,21,281,57,53,2,393,0,0,0,393
09/28/2004,MSY,LA,ASW,CE,Towers with Radar,295,54,39,0,388,5,7,7,0,19,300,61,46,0,407,0,0,0,407
09/29/2004,MSY,LA,ASW,CE,Towers with Radar,298,56,41,1,396,0,10,20,1,31,298,66,61,2,427,0,0,0,427
09/30/2004,MSY,LA,ASW,CE,Towers with Radar,309,58,42,1,410,0,13,9,0,22,309,71,51,1,432,0,0,0,432
10/01/2004,MSY,LA,ASW,CE,Combined TRACON& Tower with Radar,319,56,37,0,412,0,5,19,0,24,319,61,56,0,436,0,0,0,436
10/02/2004,MSY,LA,ASW,CE,Combined TRACON& Tower with Radar,267,43,23,0,333,0,3,12,0,15,267,46,35,0,348,0,0,0,348
10/03/2004,MSY,LA,ASW,CE,Combined TRACON& Tower with Radar,290,44,23,0,357,0,5,14,0,19,290,49,37,0,376,0,0,0,376
10/04/2004,MSY,LA,ASW,CE,Combined TRACON& Tower with Radar,312,47,34,2,395,0,10,12,0,22,312,57,46,2,417,0,0,0,417
10/05/2004,MSY,LA,ASW,CE,Combined TRACON& Tower with Radar,316,55,34,2,407,0,8,23,0,31,316,63,57,2,438,0,0,0,438
10/06/2004,MSY,LA,ASW,CE,Combined TRACON& Tower with Radar,307,58,39,0,404,0,7,16,9,32,307,65,55,9,436,0,0,0,436
10/07/2004,MSY,LA,ASW,CE,Combined TRACON& Tower with Radar,318,65,40,0,423,0,1,4,0,5,318,66,44,0,428,0,0,0,428
10/08/2004,MSY,LA,ASW,CE,Combined TRACON& Tower with Radar,315,66,33,0,414,0,0,0,0,0,315,66,33,0,414,0,0,0,414
10/09/2004,MSY,LA,ASW,CE,Combined TRACON& Tower with Radar,268,48,15,1,332,0,0,0,0,0,268,48,15,1,332,0,0,0,332
10/10/2004,MSY,LA,ASW,CE,Combined TRACON& Tower with Radar,294,56,24,1,375,0,2,1,0,3,294,58,25,1,378,0,0,0,378
10/11/2004,MSY,LA,ASW,CE,Combined TRACON& Tower with Radar,311,56,30,0,397,0,7,22,1,30,311,63,52,1,427,0,0,0,427
10/12/2004,MSY,LA,ASW,CE,Combined TRACON& Tower with Radar,314,52,33,0,399,0,5,18,0,23,314,57,51,0,422,0,0,0,422
10/13/2004,MSY,LA,ASW,CE,Combined TRACON& Tower with Radar,311,55,38,2,406,0,17,19,0,36,311,72,57,2,442,0,0,0,442
10/14/2004,MSY,LA,ASW,CE,Combined TRACON& Tower with Radar,319,64,41,0,424,0,5,13,1,19,319,69,54,1,443,0,0,0,443
10/15/2004,MSY,LA,ASW,CE,Combined TRACON& Tower with Radar,314,60,36,0,410,0,8,16,0,24,314,68,52,0,434,0,0,0,434
10/16/2004,MSY,LA,ASW,CE,Combined TRACON& Tower with Radar,268,45,26,0,339,0,3,8,0,11,268,48,34,0,350,0,0,0,350
10/17/2004,MSY,LA,ASW,CE,Combined TRACON& Tower with Radar,296,44,33,0,373,0,0,13,1,14,296,44,46,1,387,0,0,0,387
10/18/2004,MSY,LA,ASW,CE,Combined TRACON& Tower with Radar,310,52,33,2,397,0,6,7,0,13,310,58,40,2,410,0,0,0,410
10/19/2004,MSY,LA,ASW,CE,Combined TRACON& Tower with Radar,310,59,36,0,405,0,15,17,0,32,310,74,53,0,437,0,0,0,437
10/20/2004,MSY,LA,ASW,CE,Combined TRACON& Tower with Radar,316,55,41,4,416,0,6,21,0,27,316,61,62,4,443,0,0,0,443
10/21/2004,MSY,LA,ASW,CE,Combined TRACON& Tower with Radar,324,68,49,2,443,0,10,17,0,27,324,78,66,2,470,0,0,0,470
10/22/2004,MSY,LA,ASW,CE,Combined TRACON& Tower with Radar,328,61,36,0,425,0,8,19,0,27,328,69,55,0,452,0,0,0,452
10/23/2004,MSY,LA,ASW,CE,Combined TRACON& Tower with Radar,270,39,19,0,328,0,4,12,0,16,270,43,31,0,344,0,0,0,344
10/24/2004,MSY,LA,ASW,CE,Combined TRACON& Tower with Radar,287,50,30,4,371,0,2,9,0,11,287,52,39,4,382,0,0,0,382
10/25/2004,MSY,LA,ASW,CE,Combined TRACON& Tower with Radar,311,54,46,0,411,0,9,16,0,25,311,63,62,0,436,0,0,0,436
10/26/2004,MSY,LA,ASW,CE,Combined TRACON& Tower with Radar,322,59,37,0,418,0,8,14,0,22,322,67,51,0,440,0,0,0,440
10/27/2004,MSY,LA,ASW,CE,Combined TRACON& Tower with Radar,309,61,42,3,415,0,6,16,0,22,309,67,58,3,437,0,0,0,437
10/28/2004,MSY,LA,ASW,CE,Combined TRACON& Tower with Radar,314,57,31,4,406,0,6,17,0,23,314,63,48,4,429,0,0,0,429
10/29/2004,MSY,LA,ASW,CE,Combined TRACON& Tower with Radar,320,60,32,3,415,0,4,15,1,20,320,64,47,4,435,0,0,0,435
10/30/2004,MSY,LA,ASW,CE,Combined TRACON& Tower with Radar,260,47,28,0,335,0,2,15,0,17,260,49,43,0,352,0,0,0,352
10/31/2004,MSY,LA,ASW,CE,Combined TRACON& Tower with Radar,287,38,29,1,355,0,0,13,0,13,287,38,42,1,368,0,0,0,368
11/01/2004,MSY,LA,ASW,CE,Combined TRACON& Tower with Radar,316,50,27,7,400,0,3,13,0,16,316,53,40,7,416,0,0,0,416
11/02/2004,MSY,LA,ASW,CE,Combined TRACON& Tower with Radar,301,52,19,0,372,0,6,17,0,23,301,58,36,0,395,0,0,0,395
11/03/2004,MSY,LA,ASW,CE,Combined TRACON& Tower with Radar,311,58,30,0,399,0,10,11,0,21,311,68,41,0,420,0,0,0,420
11/04/2004,MSY,LA,ASW,CE,Combined TRACON& Tower with Radar,317,61,42,0,420,0,7,29,0,36,317,68,71,0,456,0,0,0,456
11/05/2004,MSY,LA,ASW,CE,Combined TRACON& Tower with Radar,319,59,47,3,428,0,1,16,3,20,319,60,63,6,448,0,0,0,448
11/06/2004,MSY,LA,ASW,CE,Combined TRACON& Tower with Radar,267,49,25,0,341,0,1,15,0,16,267,50,40,0,357,0,0,0,357
11/07/2004,MSY,LA,ASW,CE,Combined TRACON& Tower with Radar,276,44,32,1,353,0,0,30,1,31,276,44,62,2,384,0,0,0,384
11/08/2004,MSY,LA,ASW,CE,Combined TRACON& Tower with Radar,307,49,36,4,396,0,10,18,1,29,307,59,54,5,425,0,0,0,425
11/09/2004,MSY,LA,ASW,CE,Combined TRACON& Tower with Radar,307,54,54,2,417,0,7,21,1,29,307,61,75,3,446,0,0,0,446
11/10/2004,MSY,LA,ASW,CE,Combined TRACON& Tower with Radar,308,58,48,1,415,0,5,11,0,16,308,63,59,1,431,0,0,0,431
11/11/2004,MSY,LA,ASW,CE,Combined TRACON& Tower with Radar,314,54,47,0,415,0,10,10,0,20,314,64,57,0,435,0,0,0,435
11/12/2004,MSY,LA,ASW,CE,Combined TRACON& Tower with Radar,314,52,52,2,420,0,10,11,0,21,314,62,63,2,441,0,0,0,441
11/13/2004,MSY,LA,ASW,CE,Combined TRACON& Tower with Radar,304,49,25,3,381,0,2,2,0,4,304,51,27,3,385,0,0,0,385
11/14/2004,MSY,LA,ASW,CE,Combined TRACON& Tower with Radar,289,53,46,1,389,0,0,7,0,7,289,53,53,1,396,0,0,0,396
11/15/2004,MSY,LA,ASW,CE,Combined TRACON& Tower with Radar,307,50,45,0,402,0,11,8,0,19,307,61,53,0,421,0,0,0,421
11/16/2004,MSY,LA,ASW,CE,Combined TRACON& Tower with Radar,306,57,42,0,405,0,6,19,1,26,306,63,61,1,431,0,0,0,431
11/17/2004,MSY,LA,ASW,CE,Combined TRACON& Tower with Radar,307,55,55,2,419,0,15,13,1,29,307,70,68,3,448,0,0,0,448
11/18/2004,MSY,LA,ASW,CE,Combined TRACON& Tower with Radar,317,61,50,2,430,0,10,7,0,17,317,71,57,2,447,0,0,0,447
11/19/2004,MSY,LA,ASW,CE,Combined TRACON& Tower with Radar,311,79,54,3,447,0,5,13,0,18,311,84,67,3,465,0,0,0,465
11/20/2004,MSY,LA,ASW,CE,Combined TRACON& Tower with Radar,261,53,18,1,333,0,0,7,0,7,261,53,25,1,340,0,0,0,340
11/21/2004,MSY,LA,ASW,CE,Combined TRACON& Tower with Radar,291,46,28,2,367,0,5,8,0,13,291,51,36,2,380,0,0,0,380
11/22/2004,MSY,LA,ASW,CE,Combined TRACON& Tower with Radar,320,57,36,0,413,0,0,9,0,9,320,57,45,0,422,0,0,0,422
11/23/2004,MSY,LA,ASW,CE,Combined TRACON& Tower with Radar,306,58,38,0,402,0,4,16,0,20,306,62,54,0,422,0,0,0,422
11/24/2004,MSY,LA,ASW,CE,Combined TRACON& Tower with Radar,329,60,36,0,425,0,5,11,0,16,329,65,47,0,441,0,0,0,441
11/25/2004,MSY,LA,ASW,CE,Combined TRACON& Tower with Radar,232,43,8,0,283,0,5,5,0,10,232,48,13,0,293,0,0,0,293
11/26/2004,MSY,LA,ASW,CE,Combined TRACON& Tower with Radar,248,44,18,0,310,0,3,21,0,24,248,47,39,0,334,0,0,0,334
11/27/2004,MSY,LA,ASW,CE,Combined TRACON& Tower with Radar,258,44,9,0,311,0,1,5,0,6,258,45,14,0,317,0,0,0,317
11/28/2004,MSY,LA,ASW,CE,Combined TRACON& Tower with Radar,290,50,33,0,373,0,0,16,0,16,290,50,49,0,389,0,0,0,389
11/29/2004,MSY,LA,ASW,CE,Combined TRACON& Tower with Radar,302,48,32,3,385,0,3,11,0,14,302,51,43,3,399,0,0,0,399
11/30/2004,MSY,LA,ASW,CE,Combined TRACON& Tower with Radar,325,50,32,3,410,0,7,9,1,17,325,57,41,4,427,0,0,0,427
12/01/2004,MSY,LA,ASW,CE,Combined TRACON& Tower with Radar,310,58,50,3,421,0,11,19,0,30,310,69,69,3,451,0,0,0,451
12/02/2004,MSY,LA,ASW,CE,Combined TRACON& Tower with Radar,322,44,42,6,414,0,22,28,1,51,322,66,70,7,465,0,0,0,465
12/03/2004,MSY,LA,ASW,CE,Combined TRACON& Tower with Radar,317,44,38,6,405,0,25,33,0,58,317,69,71,6,463,0,0,0,463
12/04/2004,MSY,LA,ASW,CE,Combined TRACON& Tower with Radar,260,41,22,2,325,0,7,18,1,26,260,48,40,3,351,0,0,0,351
12/05/2004,MSY,LA,ASW,CE,Combined TRACON& Tower with Radar,286,38,32,2,358,1,0,9,0,10,287,38,41,2,368,0,0,0,368
12/06/2004,MSY,LA,ASW,CE,Combined TRACON& Tower with Radar,300,44,42,5,391,0,3,25,0,28,300,47,67,5,419,0,0,0,419
12/07/2004,MSY,LA,ASW,CE,Combined TRACON& Tower with Radar,320,50,46,1,417,0,0,19,1,20,320,50,65,2,437,0,0,0,437
12/08/2004,MSY,LA,ASW,CE,Combined TRACON& Tower with Radar,311,55,56,14,436,0,18,20,0,38,311,73,76,14,474,0,0,0,474
12/09/2004,MSY,LA,ASW,CE,Combined TRACON& Tower with Radar,321,50,48,4,423,0,9,41,4,54,321,59,89,8,477,0,0,0,477
12/10/2004,MSY,LA,ASW,CE,Combined TRACON& Tower with Radar,323,47,30,2,402,0,11,42,0,53,323,58,72,2,455,0,0,0,455
12/11/2004,MSY,LA,ASW,CE,Combined TRACON& Tower with Radar,264,36,13,2,315,0,0,17,0,17,264,36,30,2,332,0,0,0,332
12/12/2004,MSY,LA,ASW,CE,Combined TRACON& Tower with Radar,292,35,19,0,346,0,4,29,0,33,292,39,48,0,379,0,0,0,379
12/13/2004,MSY,LA,ASW,CE,Combined TRACON& Tower with Radar,305,42,32,4,383,0,11,25,1,37,305,53,57,5,420,0,0,0,420
12/14/2004,MSY,LA,ASW,CE,Combined TRACON& Tower with Radar,319,39,31,1,390,0,17,35,0,52,319,56,66,1,442,0,0,0,442
12/15/2004,MSY,LA,ASW,CE,Combined TRACON& Tower with Radar,319,39,40,3,401,0,19,38,2,59,319,58,78,5,460,0,0,0,460
12/16/2004,MSY,LA,ASW,CE,Combined TRACON& Tower with Radar,310,51,54,0,415,0,7,33,0,40,310,58,87,0,455,0,0,0,455
12/17/2004,MSY,LA,ASW,CE,Combined TRACON& Tower with Radar,310,46,33,2,391,0,6,36,0,42,310,52,69,2,433,0,0,0,433
12/18/2004,MSY,LA,ASW,CE,Combined TRACON& Tower with Radar,267,35,13,0,315,0,0,34,0,34,267,35,47,0,349,0,0,0,349
12/19/2004,MSY,LA,ASW,CE,Combined TRACON& Tower with Radar,281,30,20,0,331,0,1,15,0,16,281,31,35,0,347,0,0,0,347
12/20/2004,MSY,LA,ASW,CE,Combined TRACON& Tower with Radar,297,37,22,6,362,0,12,27,1,40,297,49,49,7,402,0,0,0,402
12/21/2004,MSY,LA,ASW,CE,Combined TRACON& Tower with Radar,318,39,23,4,384,0,5,25,1,31,318,44,48,5,415,0,0,0,415
12/22/2004,MSY,LA,ASW,CE,Combined TRACON& Tower with Radar,294,48,27,3,372,0,7,10,5,22,294,55,37,8,394,0,0,0,394
12/23/2004,MSY,LA,ASW,CE,Combined TRACON& Tower with Radar,293,45,21,2,361,0,8,19,0,27,293,53,40,2,388,0,0,0,388
12/24/2004,MSY,LA,ASW,CE,Combined TRACON& Tower with Radar,285,37,9,0,331,0,4,12,0,16,285,41,21,0,347,0,0,0,347
12/25/2004,MSY,LA,ASW,CE,Combined TRACON& Tower with Radar,102,20,5,0,127,0,0,0,0,0,102,20,5,0,127,0,0,0,127
12/26/2004,MSY,LA,ASW,CE,Combined TRACON& Tower with Radar,292,38,17,0,347,0,2,24,0,26,292,40,41,0,373,0,0,0,373
12/27/2004,MSY,LA,ASW,CE,Combined TRACON& Tower with Radar,305,43,22,0,370,0,10,22,0,32,305,53,44,0,402,0,0,0,402
12/28/2004,MSY,LA,ASW,CE,Combined TRACON& Tower with Radar,316,40,24,0,380,0,11,18,3,32,316,51,42,3,412,0,0,0,412
12/29/2004,MSY,LA,ASW,CE,Combined TRACON& Tower with Radar,311,52,28,0,391,0,20,23,0,43,311,72,51,0,434,0,0,0,434
12/30/2004,MSY,LA,ASW,CE,Combined TRACON& Tower with Radar,307,43,28,2,380,0,18,24,0,42,307,61,52,2,422,0,0,0,422
12/31/2004,MSY,LA,ASW,CE,Combined TRACON& Tower with Radar,294,45,17,1,357,0,2,23,0,25,294,47,40,1,382,0,0,0,382
01/01/2005,MSY,LA,ASW,CE,Combined TRACON& Tower with Radar,273,34,16,0,323,0,6,2,0,8,273,40,18,0,331,0,0,0,331
01/02/2005,MSY,LA,ASW,CE,Combined TRACON& Tower with Radar,301,40,48,0,389,0,3,10,0,13,301,43,58,0,402,0,0,0,402
01/03/2005,MSY,LA,ASW,CE,Combined TRACON& Tower with Radar,304,44,48,0,396,0,8,19,0,27,304,52,67,0,423,0,0,0,423
01/04/2005,MSY,LA,ASW,CE,Combined TRACON& Tower with Radar,345,50,63,3,461,0,14,16,0,30,345,64,79,3,491,0,0,0,491
01/05/2005,MSY,LA,ASW,CE,Combined TRACON& Tower with Radar,303,54,42,0,399,0,28,12,0,40,303,82,54,0,439,0,0,0,439
01/06/2005,MSY,LA,ASW,CE,Combined TRACON& Tower with Radar,315,48,40,2,405,0,11,36,0,47,315,59,76,2,452,0,0,0,452
01/07/2005,MSY,LA,ASW,CE,Combined TRACON& Tower with Radar,334,46,30,0,410,0,13,20,0,33,334,59,50,0,443,0,0,0,443
01/08/2005,MSY,LA,ASW,CE,Combined TRACON& Tower with Radar,266,32,27,3,328,0,0,14,0,14,266,32,41,3,342,0,0,0,342
01/09/2005,MSY,LA,ASW,CE,Combined TRACON& Tower with Radar,287,46,43,0,376,0,0,2,0,2,287,46,45,0,378,0,0,0,378
01/10/2005,MSY,LA,ASW,CE,Combined TRACON& Tower with Radar,304,43,42,2,391,0,11,5,0,16,304,54,47,2,407,0,0,0,407
01/11/2005,MSY,LA,ASW,CE,Combined TRACON& Tower with Radar,308,59,38,2,407,0,8,24,0,32,308,67,62,2,439,0,0,0,439
01/12/2005,MSY,LA,ASW,CE,Combined TRACON& Tower with Radar,304,47,33,2,386,0,15,24,1,40,304,62,57,3,426,0,0,0,426
01/13/2005,MSY,LA,ASW,CE,Combined TRACON& Tower with Radar,315,50,25,0,390,0,2,18,0,20,315,52,43,0,410,0,0,0,410
01/14/2005,MSY,LA,ASW,CE,Combined TRACON& Tower with Radar,325,39,26,1,391,0,14,35,0,49,325,53,61,1,440,0,0,0,440
01/15/2005,MSY,LA,ASW,CE,Combined TRACON& Tower with Radar,263,29,14,6,312,0,3,15,0,18,263,32,29,6,330,0,0,0,330
01/16/2005,MSY,LA,ASW,CE,Combined TRACON& Tower with Radar,285,35,18,3,341,0,3,20,0,23,285,38,38,3,364,0,0,0,364
01/17/2005,MSY,LA,ASW,CE,Combined TRACON& Tower with Radar,298,46,39,0,383,0,1,27,1,29,298,47,66,1,412,0,0,0,412
01/18/2005,MSY,LA,ASW,CE,Combined TRACON& Tower with Radar,307,40,24,2,373,0,22,19,1,42,307,62,43,3,415,0,0,0,415
01/19/2005,MSY,LA,ASW,CE,Combined TRACON& Tower with Radar,310,44,33,0,387,0,26,31,1,58,310,70,64,1,445,0,0,0,445
01/20/2005,MSY,LA,ASW,CE,Combined TRACON& Tower with Radar,315,46,38,2,401,0,20,30,0,50,315,66,68,2,451,0,0,0,451
01/21/2005,MSY,LA,ASW,CE,Combined TRACON& Tower with Radar,321,51,35,2,409,0,25,26,0,51,321,76,61,2,460,0,0,0,460
01/22/2005,MSY,LA,ASW,CE,Combined TRACON& Tower with Radar,242,28,9,0,279,0,4,11,0,15,242,32,20,0,294,0,0,0,294
01/23/2005,MSY,LA,ASW,CE,Combined TRACON& Tower with Radar,273,33,29,2,337,0,9,26,0,35,273,42,55,2,372,0,0,0,372
01/24/2005,MSY,LA,ASW,CE,Combined TRACON& Tower with Radar,309,35,29,0,373,0,8,20,0,28,309,43,49,0,401,0,0,0,401
01/25/2005,MSY,LA,ASW,CE,Combined TRACON& Tower with Radar,305,46,31,2,384,0,14,22,0,36,305,60,53,2,420,0,0,0,420
01/26/2005,MSY,LA,ASW,CE,Combined TRACON& Tower with Radar,305,35,44,0,384,0,16,24,1,41,305,51,68,1,425,0,0,0,425
01/27/2005,MSY,LA,ASW,CE,Combined TRACON& Tower with Radar,323,60,41,0,424,0,14,38,1,53,323,74,79,1,477,0,0,0,477
01/28/2005,MSY,LA,ASW,CE,Combined TRACON& Tower with Radar,328,60,67,2,457,1,7,13,0,21,329,67,80,2,478,0,0,0,478
01/29/2005,MSY,LA,ASW,CE,Combined TRACON& Tower with Radar,257,44,27,0,328,0,2,3,0,5,257,46,30,0,333,0,0,0,333
01/30/2005,MSY,LA,ASW,CE,Combined TRACON& Tower with Radar,279,38,35,0,352,0,3,16,0,19,279,41,51,0,371,0,0,0,371
01/31/2005,MSY,LA,ASW,CE,Combined TRACON& Tower with Radar,311,59,65,6,441,0,3,3,0,6,311,62,68,6,447,0,0,0,447
02/01/2005,MSY,LA,ASW,CE,Combined TRACON& Tower with Radar,334,51,48,0,433,0,1,0,0,1,334,52,48,0,434,0,0,0,434
02/02/2005,MSY,LA,ASW,CE,Combined TRACON& Tower with Radar,308,49,57,2,416,0,0,0,0,0,308,49,57,2,416,0,0,0,416
02/03/2005,MSY,LA,ASW,CE,Combined TRACON& Tower with Radar,336,41,43,5,425,0,26,9,0,35,336,67,52,5,460,0,0,0,460
02/04/2005,MSY,LA,ASW,CE,Combined TRACON& Tower with Radar,340,38,59,5,442,0,13,35,0,48,340,51,94,5,490,0,0,0,490
02/05/2005,MSY,LA,ASW,CE,Combined TRACON& Tower with Radar,293,29,17,2,341,0,0,26,0,26,293,29,43,2,367,0,0,0,367
02/06/2005,MSY,LA,ASW,CE,Combined TRACON& Tower with Radar,296,21,28,0,345,0,0,14,0,14,296,21,42,0,359,0,0,0,359
02/07/2005,MSY,LA,ASW,CE,Combined TRACON& Tower with Radar,316,28,30,0,374,0,8,24,0,32,316,36,54,0,406,0,0,0,406
02/08/2005,MSY,LA,ASW,CE,Combined TRACON& Tower with Radar,321,34,42,0,397,0,5,18,0,23,321,39,60,0,420,0,0,0,420
02/09/2005,MSY,LA,ASW,CE,Combined TRACON& Tower with Radar,334,40,32,1,407,0,10,16,0,26,334,50,48,1,433,0,0,0,433
02/10/2005,MSY,LA,ASW,CE,Combined TRACON& Tower with Radar,325,45,28,7,405,0,14,29,3,46,325,59,57,10,451,0,0,0,451
02/11/2005,MSY,LA,ASW,CE,Combined TRACON& Tower with Radar,334,45,32,3,414,0,16,36,0,52,334,61,68,3,466,0,0,0,466
02/12/2005,MSY,LA,ASW,CE,Combined TRACON& Tower with Radar,293,29,30,0,352,0,8,18,0,26,293,37,48,0,378,0,0,0,378
02/13/2005,MSY,LA,ASW,CE,Combined TRACON& Tower with Radar,293,29,30,0,352,0,8,18,0,26,293,37,48,0,378,0,0,0,378
02/14/2005,MSY,LA,ASW,CE,Combined TRACON& Tower with Radar,315,30,35,0,380,0,14,23,0,37,315,44,58,0,417,0,0,0,417
02/15/2005,MSY,LA,ASW,CE,Combined TRACON& Tower with Radar,323,36,24,2,385,0,11,24,0,35,323,47,48,2,420,0,0,0,420
02/16/2005,MSY,LA,ASW,CE,Combined TRACON& Tower with Radar,307,41,58,2,408,0,14,23,0,37,307,55,81,2,445,0,0,0,445
02/17/2005,MSY,LA,ASW,CE,Combined TRACON& Tower with Radar,330,43,39,0,412,1,25,18,0,44,331,68,57,0,456,0,0,0,456
02/18/2005,MSY,LA,ASW,CE,Combined TRACON& Tower with Radar,325,36,35,3,399,0,13,32,0,45,325,49,67,3,444,0,0,0,444
02/19/2005,MSY,LA,ASW,CE,Combined TRACON& Tower with Radar,280,29,18,3,330,0,5,26,0,31,280,34,44,3,361,0,0,0,361
02/20/2005,MSY,LA,ASW,CE,Combined TRACON& Tower with Radar,289,24,21,1,335,0,2,14,2,18,289,26,35,3,353,0,0,0,353
02/21/2005,MSY,LA,ASW,CE,Combined TRACON& Tower with Radar,319,35,37,0,391,0,3,10,0,13,319,38,47,0,404,0,0,0,404
02/22/2005,MSY,LA,ASW,CE,Combined TRACON& Tower with Radar,332,36,44,0,412,0,15,17,1,33,332,51,61,1,445,0,0,0,445
02/23/2005,MSY,LA,ASW,CE,Combined TRACON& Tower with Radar,342,41,31,4,418,0,5,10,0,15,342,46,41,4,433,0,0,0,433
02/24/2005,MSY,LA,ASW,CE,Combined TRACON& Tower with Radar,328,49,47,9,433,0,7,9,0,16,328,56,56,9,449,0,0,0,449
02/25/2005,MSY,LA,ASW,CE,Combined TRACON& Tower with Radar,323,39,39,2,403,0,21,21,0,42,323,60,60,2,445,0,0,0,445
02/26/2005,MSY,LA,ASW,CE,Combined TRACON& Tower with Radar,291,26,18,0,335,0,6,16,1,23,291,32,34,1,358,0,0,0,358
02/27/2005,MSY,LA,ASW,CE,Combined TRACON& Tower with Radar,297,27,40,1,365,0,3,3,0,6,297,30,43,1,371,0,0,0,371
02/28/2005,MSY,LA,ASW,CE,Combined TRACON& Tower with Radar,298,35,29,1,363,0,13,23,0,36,298,48,52,1,399,0,0,0,399
03/01/2005,MSY,LA,ASW,CE,Combined TRACON& Tower with Radar,324,41,33,5,403,0,18,32,0,50,324,59,65,5,453,0,0,0,453
03/02/2005,MSY,LA,ASW,CE,Combined TRACON& Tower with Radar,327,48,37,0,412,0,20,23,0,43,327,68,60,0,455,0,0,0,455
03/03/2005,MSY,LA,ASW,CE,Combined TRACON& Tower with Radar,340,43,44,3,430,0,11,12,0,23,340,54,56,3,453,0,0,0,453
03/04/2005,MSY,LA,ASW,CE,Combined TRACON& Tower with Radar,329,44,29,6,408,0,19,23,2,44,329,63,52,8,452,0,0,0,452
03/05/2005,MSY,LA,ASW,CE,Combined TRACON& Tower with Radar,284,30,19,2,335,0,4,20,0,24,284,34,39,2,359,0,0,0,359
03/06/2005,MSY,LA,ASW,CE,Combined TRACON& Tower with Radar,293,35,31,4,363,0,0,5,0,5,293,35,36,4,368,0,0,0,368
03/07/2005,MSY,LA,ASW,CE,Combined TRACON& Tower with Radar,309,40,27,1,377,0,6,12,0,18,309,46,39,1,395,0,0,0,395
03/08/2005,MSY,LA,ASW,CE,Combined TRACON& Tower with Radar,313,46,38,6,403,0,21,18,0,39,313,67,56,6,442,0,0,0,442
03/09/2005,MSY,LA,ASW,CE,Combined TRACON& Tower with Radar,338,50,28,6,422,0,30,25,0,55,338,80,53,6,477,0,0,0,477
03/10/2005,MSY,LA,ASW,CE,Combined TRACON& Tower with Radar,326,49,44,1,420,0,22,38,1,61,326,71,82,2,481,0,0,0,481
03/11/2005,MSY,LA,ASW,CE,Combined TRACON& Tower with Radar,299,33,23,4,359,0,13,21,0,34,299,46,44,4,393,0,0,0,393
03/12/2005,MSY,LA,ASW,CE,Combined TRACON& Tower with Radar,285,33,21,2,341,0,3,26,0,29,285,36,47,2,370,0,0,0,370
03/13/2005,MSY,LA,ASW,CE,Combined TRACON& Tower with Radar,289,29,34,1,353,0,6,20,0,26,289,35,54,1,379,0,0,0,379
03/14/2005,MSY,LA,ASW,CE,Combined TRACON& Tower with Radar,285,33,21,2,341,0,3,26,0,29,285,36,47,2,370,0,0,0,370
03/15/2005,MSY,LA,ASW,CE,Combined TRACON& Tower with Radar,331,48,38,2,419,0,14,9,1,24,331,62,47,3,443,0,0,0,443
03/16/2005,MSY,LA,ASW,CE,Combined TRACON& Tower with Radar,317,57,63,3,440,0,0,0,0,0,317,57,63,3,440,0,0,0,440
03/17/2005,MSY,LA,ASW,CE,Combined TRACON& Tower with Radar,329,39,55,9,432,0,27,32,2,61,329,66,87,11,493,0,0,0,493
03/18/2005,MSY,LA,ASW,CE,Combined TRACON& Tower with Radar,332,52,45,5,434,0,11,31,0,42,332,63,76,5,476,0,0,0,476
03/19/2005,MSY,LA,ASW,CE,Combined TRACON& Tower with Radar,282,28,25,3,338,0,7,19,0,26,282,35,44,3,364,0,0,0,364
03/20/2005,MSY,LA,ASW,CE,Combined TRACON& Tower with Radar,279,34,28,3,344,0,3,13,1,17,279,37,41,4,361,0,0,0,361
03/21/2005,MSY,LA,ASW,CE,Combined TRACON& Tower with Radar,311,43,45,0,399,0,9,21,0,30,311,52,66,0,429,0,0,0,429
03/22/2005,MSY,LA,ASW,CE,Combined TRACON& Tower with Radar,319,44,41,0,404,0,7,38,0,45,319,51,79,0,449,0,0,0,449
03/23/2005,MSY,LA,ASW,CE,Combined TRACON& Tower with Radar,324,42,55,2,423,0,28,28,0,56,324,70,83,2,479,0,0,0,479
03/24/2005,MSY,LA,ASW,CE,Combined TRACON& Tower with Radar,333,42,55,3,433,0,10,35,0,45,333,52,90,3,478,0,0,0,478
03/25/2005,MSY,LA,ASW,CE,Combined TRACON& Tower with Radar,308,42,22,6,378,0,8,21,0,29,308,50,43,6,407,0,0,0,407
03/26/2005,MSY,LA,ASW,CE,Combined TRACON& Tower with Radar,290,39,29,1,359,0,0,2,0,2,290,39,31,1,361,0,0,0,361
03/27/2005,MSY,LA,ASW,CE,Combined TRACON& Tower with Radar,292,28,20,0,340,0,1,3,0,4,292,29,23,0,344,0,0,0,344
03/28/2005,MSY,LA,ASW,CE,Combined TRACON& Tower with Radar,317,43,33,0,393,0,13,22,0,35,317,56,55,0,428,0,0,0,428
03/29/2005,MSY,LA,ASW,CE,Combined TRACON& Tower with Radar,328,39,47,1,415,0,22,27,0,49,328,61,74,1,464,0,0,0,464
03/30/2005,MSY,LA,ASW,CE,Combined TRACON& Tower with Radar,321,51,56,1,429,0,23,15,0,38,321,74,71,1,467,0,0,0,467
03/31/2005,MSY,LA,ASW,CE,Combined TRACON& Tower with Radar,320,44,44,2,410,0,9,13,0,22,320,53,57,2,432,0,0,0,432
04/01/2005,MSY,LA,ASW,CE,Combined TRACON& Tower with Radar,328,50,45,0,423,0,10,27,0,37,328,60,72,0,460,0,0,0,460
04/02/2005,MSY,LA,ASW,CE,Combined TRACON& Tower with Radar,280,36,29,0,345,0,2,22,1,25,280,38,51,1,370,0,0,0,370
04/03/2005,MSY,LA,ASW,CE,Combined TRACON& Tower with Radar,297,38,36,1,372,0,10,23,1,34,297,48,59,2,406,0,0,0,406
04/04/2005,MSY,LA,ASW,CE,Combined TRACON& Tower with Radar,321,44,40,0,405,0,8,23,0,31,321,52,63,0,436,0,0,0,436
04/05/2005,MSY,LA,ASW,CE,Combined TRACON& Tower with Radar,321,41,34,1,397,0,14,31,0,45,321,55,65,1,442,0,0,0,442
04/06/2005,MSY,LA,ASW,CE,Combined TRACON& Tower with Radar,327,41,48,0,416,0,10,16,0,26,327,51,64,0,442,0,0,0,442
04/07/2005,MSY,LA,ASW,CE,Combined TRACON& Tower with Radar,334,40,42,0,416,0,17,20,0,37,334,57,62,0,453,0,0,0,453
04/08/2005,MSY,LA,ASW,CE,Combined TRACON& Tower with Radar,329,46,42,2,419,0,18,25,2,45,329,64,67,4,464,0,0,0,464
04/09/2005,MSY,LA,ASW,CE,Combined TRACON& Tower with Radar,279,32,28,0,339,0,3,15,0,18,279,35,43,0,357,0,0,0,357
04/10/2005,MSY,LA,ASW,CE,Combined TRACON& Tower with Radar,289,31,30,5,355,0,2,12,0,14,289,33,42,5,369,0,0,0,369
04/11/2005,MSY,LA,ASW,CE,Combined TRACON& Tower with Radar,321,33,35,1,390,0,12,19,0,31,321,45,54,1,421,0,0,0,421
04/12/2005,MSY,LA,ASW,CE,Combined TRACON& Tower with Radar,326,37,52,3,418,0,20,24,0,44,326,57,76,3,462,0,0,0,462
04/13/2005,MSY,LA,ASW,CE,Combined TRACON& Tower with Radar,326,56,35,0,417,0,19,10,0,29,326,75,45,0,446,0,0,0,446
04/14/2005,MSY,LA,ASW,CE,Combined TRACON& Tower with Radar,325,40,45,1,411,0,26,35,0,61,325,66,80,1,472,0,0,0,472
04/15/2005,MSY,LA,ASW,CE,Combined TRACON& Tower with Radar,331,42,32,2,407,0,11,32,0,43,331,53,64,2,450,0,0,0,450
04/16/2005,MSY,LA,ASW,CE,Combined TRACON& Tower with Radar,279,29,18,0,326,0,19,28,0,47,279,48,46,0,373,0,0,0,373
04/17/2005,MSY,LA,ASW,CE,Combined TRACON& Tower with Radar,303,28,34,0,365,0,2,13,0,15,303,30,47,0,380,0,0,0,380
04/18/2005,MSY,LA,ASW,CE,Combined TRACON& Tower with Radar,305,32,31,0,368,0,14,25,0,39,305,46,56,0,407,0,0,0,407
04/19/2005,MSY,LA,ASW,CE,Combined TRACON& Tower with Radar,321,38,38,0,397,0,19,24,0,43,321,57,62,0,440,0,0,0,440
04/20/2005,MSY,LA,ASW,CE,Combined TRACON& Tower with Radar,321,43,38,1,403,0,12,20,0,32,321,55,58,1,435,0,0,0,435
04/21/2005,MSY,LA,ASW,CE,Combined TRACON& Tower with Radar,332,46,43,0,421,0,19,20,0,39,332,65,63,0,460,0,0,0,460
04/22/2005,MSY,LA,ASW,CE,Combined TRACON& Tower with Radar,326,37,26,3,392,0,18,26,0,44,326,55,52,3,436,0,0,0,436
04/23/2005,MSY,LA,ASW,CE,Combined TRACON& Tower with Radar,287,28,17,0,332,0,6,16,0,22,287,34,33,0,354,0,0,0,354
04/24/2005,MSY,LA,ASW,CE,Combined TRACON& Tower with Radar,300,33,26,0,359,0,2,38,0,40,300,35,64,0,399,0,0,0,399
04/25/2005,MSY,LA,ASW,CE,Combined TRACON& Tower with Radar,315,44,35,0,394,0,12,12,0,24,315,56,47,0,418,0,0,0,418
04/26/2005,MSY,LA,ASW,CE,Combined TRACON& Tower with Radar,318,50,45,4,417,0,18,12,0,30,318,68,57,4,447,0,0,0,447
04/27/2005,MSY,LA,ASW,CE,Combined TRACON& Tower with Radar,330,45,33,3,411,0,31,36,0,67,330,76,69,3,478,0,0,0,478
04/28/2005,MSY,LA,ASW,CE,Combined TRACON& Tower with Radar,328,46,40,0,414,0,21,46,0,67,328,67,86,0,481,0,0,0,481
04/29/2005,MSY,LA,ASW,CE,Combined TRACON& Tower with Radar,314,32,32,0,378,0,13,11,1,25,314,45,43,1,403,0,0,0,403
04/30/2005,MSY,LA,ASW,CE,Combined TRACON& Tower with Radar,267,26,24,0,317,0,1,2,0,3,267,27,26,0,320,0,0,0,320
05/01/2005,MSY,LA,ASW,CE,Combined TRACON& Tower with Radar,311,61,39,0,411,0,2,12,0,14,311,63,51,0,425,0,0,0,425
05/02/2005,MSY,LA,ASW,CE,Combined TRACON& Tower with Radar,319,53,40,0,412,0,11,34,0,45,319,64,74,0,457,0,0,0,457
05/03/2005,MSY,LA,ASW,CE,Combined TRACON& Tower with Radar,329,61,42,1,433,0,13,30,4,47,329,74,72,5,480,0,0,0,480
05/04/2005,MSY,LA,ASW,CE,Combined TRACON& Tower with Radar,328,49,33,2,412,0,22,29,1,52,328,71,62,3,464,0,0,0,464
05/05/2005,MSY,LA,ASW,CE,Combined TRACON& Tower with Radar,335,46,45,2,428,0,23,47,1,71,335,69,92,3,499,0,0,0,499
05/06/2005,MSY,LA,ASW,CE,Combined TRACON& Tower with Radar,331,36,33,4,404,0,16,34,0,50,331,52,67,4,454,0,0,0,454
05/07/2005,MSY,LA,ASW,CE,Combined TRACON& Tower with Radar,291,29,16,0,336,0,4,22,0,26,291,33,38,0,362,0,0,0,362
05/08/2005,MSY,LA,ASW,CE,Combined TRACON& Tower with Radar,308,36,23,3,370,0,6,21,0,27,308,42,44,3,397,0,0,0,397
05/09/2005,MSY,LA,ASW,CE,Combined TRACON& Tower with Radar,324,45,27,3,399,0,11,18,0,29,324,56,45,3,428,0,0,0,428
05/10/2005,MSY,LA,ASW,CE,Combined TRACON& Tower with Radar,326,47,41,2,416,0,16,35,0,51,326,63,76,2,467,0,0,0,467
05/11/2005,MSY,LA,ASW,CE,Combined TRACON& Tower with Radar,326,47,30,2,405,0,17,39,0,56,326,64,69,2,461,0,0,0,461
05/12/2005,MSY,LA,ASW,CE,Combined TRACON& Tower with Radar,340,47,49,7,443,0,24,25,0,49,340,71,74,7,492,0,0,0,492
05/13/2005,MSY,LA,ASW,CE,Combined TRACON& Tower with Radar,345,37,43,5,430,0,13,29,0,42,345,50,72,5,472,0,0,0,472
05/14/2005,MSY,LA,ASW,CE,Combined TRACON& Tower with Radar,283,21,13,0,317,0,1,7,0,8,283,22,20,0,325,0,5,5,330
05/15/2005,MSY,LA,ASW,CE,Combined TRACON& Tower with Radar,301,31,13,10,355,0,1,13,1,15,301,32,26,11,370,0,0,0,370
05/16/2005,MSY,LA,ASW,CE,Combined TRACON& Tower with Radar,319,35,45,0,399,0,18,24,0,42,319,53,69,0,441,0,0,0,441
05/17/2005,MSY,LA,ASW,CE,Combined TRACON& Tower with Radar,328,39,38,0,405,0,13,24,0,37,328,52,62,0,442,0,0,0,442
05/18/2005,MSY,LA,ASW,CE,Combined TRACON& Tower with Radar,322,38,45,0,405,0,24,36,2,62,322,62,81,2,467,0,0,0,467
05/19/2005,MSY,LA,ASW,CE,Combined TRACON& Tower with Radar,327,38,35,0,400,0,22,43,1,66,327,60,78,1,466,0,0,0,466
05/20/2005,MSY,LA,ASW,CE,Combined TRACON& Tower with Radar,323,38,38,2,401,0,26,27,0,53,323,64,65,2,454,0,0,0,454
05/21/2005,MSY,LA,ASW,CE,Combined TRACON& Tower with Radar,287,30,18,1,336,0,8,7,0,15,287,38,25,1,351,0,0,0,351
05/22/2005,MSY,LA,ASW,CE,Combined TRACON& Tower with Radar,287,30,18,1,336,0,8,7,0,15,287,38,25,1,351,0,0,0,351
05/23/2005,MSY,LA,ASW,CE,Combined TRACON& Tower with Radar,317,40,43,0,400,0,13,24,1,38,317,53,67,1,438,0,0,0,438
05/24/2005,MSY,LA,ASW,CE,Combined TRACON& Tower with Radar,328,38,32,0,398,0,17,19,0,36,328,55,51,0,434,0,0,0,434
05/25/2005,MSY,LA,ASW,CE,Combined TRACON& Tower with Radar,316,42,49,0,407,0,25,16,2,43,316,67,65,2,450,0,0,0,450
05/26/2005,MSY,LA,ASW,CE,Combined TRACON& Tower with Radar,330,53,41,0,424,0,29,28,0,57,330,82,69,0,481,0,0,0,481
05/27/2005,MSY,LA,ASW,CE,Combined TRACON& Tower with Radar,330,38,43,0,411,0,11,39,0,50,330,49,82,0,461,0,0,0,461
05/28/2005,MSY,LA,ASW,CE,Combined TRACON& Tower with Radar,279,19,9,0,307,0,4,18,0,22,279,23,27,0,329,0,0,0,329
05/29/2005,MSY,LA,ASW,CE,Combined TRACON& Tower with Radar,280,22,14,0,316,0,2,5,0,7,280,24,19,0,323,0,0,0,323
05/30/2005,MSY,LA,ASW,CE,Combined TRACON& Tower with Radar,289,26,16,0,331,0,2,4,0,6,289,28,20,0,337,0,0,0,337
05/31/2005,MSY,LA,ASW,CE,Combined TRACON& Tower with Radar,323,35,45,0,403,0,17,19,0,36,323,52,64,0,439,0,0,0,439
06/01/2005,MSY,LA,ASW,CE,Combined TRACON& Tower with Radar,326,53,50,0,429,0,30,34,1,65,326,83,84,1,494,0,0,0,494
06/02/2005,MSY,LA,ASW,CE,Combined TRACON& Tower with Radar,330,50,58,3,441,0,17,43,0,60,330,67,101,3,501,0,0,0,501
06/03/2005,MSY,LA,ASW,CE,Combined TRACON& Tower with Radar,325,38,28,2,393,0,7,20,0,27,325,45,48,2,420,0,0,0,420
06/04/2005,MSY,LA,ASW,CE,Combined TRACON& Tower with Radar,282,30,19,2,333,0,6,12,0,18,282,36,31,2,351,0,0,0,351
06/05/2005,MSY,LA,ASW,CE,Combined TRACON& Tower with Radar,297,28,19,0,344,0,3,6,0,9,297,31,25,0,353,0,0,0,353
06/06/2005,MSY,LA,ASW,CE,Combined TRACON& Tower with Radar,304,30,24,1,359,0,14,15,0,29,304,44,39,1,388,0,0,0,388
06/07/2005,MSY,LA,ASW,CE,Combined TRACON& Tower with Radar,331,34,40,4,409,0,23,18,0,41,331,57,58,4,450,0,0,0,450
06/08/2005,MSY,LA,ASW,CE,Combined TRACON& Tower with Radar,327,37,46,2,412,0,32,16,0,48,327,69,62,2,460,0,0,0,460
06/09/2005,MSY,LA,ASW,CE,Combined TRACON& Tower with Radar,322,38,43,0,403,1,25,19,0,45,323,63,62,0,448,0,0,0,448
06/10/2005,MSY,LA,ASW,CE,Combined TRACON& Tower with Radar,320,40,31,2,393,0,12,21,0,33,320,52,52,2,426,0,0,0,426
06/11/2005,MSY,LA,ASW,CE,Combined TRACON& Tower with Radar,271,25,10,0,306,0,1,4,1,6,271,26,14,1,312,0,0,0,312
06/12/2005,MSY,LA,ASW,CE,Combined TRACON& Tower with Radar,291,32,13,0,336,0,1,40,0,41,291,33,53,0,377,0,0,0,377
06/13/2005,MSY,LA,ASW,CE,Combined TRACON& Tower with Radar,304,41,39,2,386,0,14,22,0,36,304,55,61,2,422,0,0,0,422
06/14/2005,MSY,LA,ASW,CE,Combined TRACON& Tower with Radar,329,39,24,3,395,0,10,37,3,50,329,49,61,6,445,0,0,0,445
06/15/2005,MSY,LA,ASW,CE,Combined TRACON& Tower with Radar,324,40,37,3,404,0,22,31,1,54,324,62,68,4,458,0,0,0,458
06/16/2005,MSY,LA,ASW,CE,Combined TRACON& Tower with Radar,325,41,45,2,413,0,28,23,0,51,325,69,68,2,464,0,0,0,464
06/17/2005,MSY,LA,ASW,CE,Combined TRACON& Tower with Radar,323,39,27,6,395,0,19,22,0,41,323,58,49,6,436,0,0,0,436
06/18/2005,MSY,LA,ASW,CE,Combined TRACON& Tower with Radar,277,26,17,0,320,0,2,9,0,11,277,28,26,0,331,0,0,0,331
06/19/2005,MSY,LA,ASW,CE,Combined TRACON& Tower with Radar,296,30,21,1,348,0,2,27,0,29,296,32,48,1,377,0,0,0,377
06/20/2005,MSY,LA,ASW,CE,Combined TRACON& Tower with Radar,302,34,24,4,364,0,13,22,2,37,302,47,46,6,401,0,0,0,401
06/21/2005,MSY,LA,ASW,CE,Combined TRACON& Tower with Radar,315,37,24,1,377,0,13,29,0,42,315,50,53,1,419,0,0,0,419
06/22/2005,MSY,LA,ASW,CE,Combined TRACON& Tower with Radar,321,38,22,4,385,0,16,54,0,70,321,54,76,4,455,0,0,0,455
06/23/2005,MSY,LA,ASW,CE,Combined TRACON& Tower with Radar,328,35,26,2,391,0,19,29,0,48,328,54,55,2,439,0,0,0,439
06/24/2005,MSY,LA,ASW,CE,Combined TRACON& Tower with Radar,325,38,28,6,397,0,11,29,0,40,325,49,57,6,437,0,0,0,437
06/25/2005,MSY,LA,ASW,CE,Combined TRACON& Tower with Radar,273,24,19,0,316,0,3,12,0,15,273,27,31,0,331,0,0,0,331
06/26/2005,MSY,LA,ASW,CE,Combined TRACON& Tower with Radar,291,29,11,4,335,0,0,27,0,27,291,29,38,4,362,0,0,0,362
06/27/2005,MSY,LA,ASW,CE,Combined TRACON& Tower with Radar,307,38,22,4,371,0,20,33,0,53,307,58,55,4,424,0,0,0,424
06/28/2005,MSY,LA,ASW,CE,Combined TRACON& Tower with Radar,315,37,26,0,378,0,11,39,0,50,315,48,65,0,428,0,0,0,428
06/29/2005,MSY,LA,ASW,CE,Combined TRACON& Tower with Radar,319,40,44,4,407,0,16,26,2,44,319,56,70,6,451,0,0,0,451
06/30/2005,MSY,LA,ASW,CE,Combined TRACON& Tower with Radar,324,43,39,0,406,0,15,10,0,25,324,58,49,0,431,0,0,0,431
07/01/2005,MSY,LA,ASW,CE,Combined TRACON& Tower with Radar,327,36,27,3,393,0,10,19,1,30,327,46,46,4,423,0,0,0,423
07/02/2005,MSY,LA,ASW,CE,Combined TRACON& Tower with Radar,278,21,24,2,325,0,5,14,0,19,278,26,38,2,344,0,0,0,344
07/03/2005,MSY,LA,ASW,CE,Combined TRACON& Tower with Radar,263,24,13,0,300,0,1,6,0,7,263,25,19,0,307,0,0,0,307
07/04/2005,MSY,LA,ASW,CE,Combined TRACON& Tower with Radar,284,24,15,2,325,0,1,1,0,2,284,25,16,2,327,0,0,0,327
07/05/2005,MSY,LA,ASW,CE,Combined TRACON& Tower with Radar,300,28,14,0,342,0,3,4,0,7,300,31,18,0,349,0,0,0,349
07/06/2005,MSY,LA,ASW,CE,Combined TRACON& Tower with Radar,285,32,17,0,334,0,24,20,0,44,285,56,37,0,378,0,0,0,378
07/07/2005,MSY,LA,ASW,CE,Combined TRACON& Tower with Radar,326,46,21,2,395,0,6,16,0,22,326,52,37,2,417,0,0,0,417
07/08/2005,MSY,LA,ASW,CE,Combined TRACON& Tower with Radar,327,35,22,0,384,0,5,34,0,39,327,40,56,0,423,0,0,0,423
07/09/2005,MSY,LA,ASW,CE,Combined TRACON& Tower with Radar,282,28,12,0,322,0,5,21,0,26,282,33,33,0,348,0,0,0,348
07/10/2005,MSY,LA,ASW,CE,Combined TRACON& Tower with Radar,268,18,1,0,287,0,4,1,0,5,268,22,2,0,292,0,0,0,292
07/11/2005,MSY,LA,ASW,CE,Combined TRACON& Tower with Radar,302,28,22,1,353,0,13,24,3,40,302,41,46,4,393,0,0,0,393
07/12/2005,MSY,LA,ASW,CE,Combined TRACON& Tower with Radar,324,33,35,0,392,0,23,26,0,49,324,56,61,0,441,0,0,0,441
07/13/2005,MSY,LA,ASW,CE,Combined TRACON& Tower with Radar,317,33,36,3,389,0,24,27,0,51,317,57,63,3,440,0,0,0,440
07/14/2005,MSY,LA,ASW,CE,Combined TRACON& Tower with Radar,326,45,40,1,412,0,19,18,0,37,326,64,58,1,449,0,0,0,449
07/15/2005,MSY,LA,ASW,CE,Combined TRACON& Tower with Radar,317,43,20,0,380,0,16,13,0,29,317,59,33,0,409,0,0,0,409
07/16/2005,MSY,LA,ASW,CE,Combined TRACON& Tower with Radar,281,28,11,0,320,0,5,21,0,26,281,33,32,0,346,0,0,0,346
07/17/2005,MSY,LA,ASW,CE,Combined TRACON& Tower with Radar,263,21,11,2,297,1,2,5,0,8,264,23,16,2,305,0,0,0,305
07/18/2005,MSY,LA,ASW,CE,Combined TRACON& Tower with Radar,302,28,22,1,353,0,13,23,3,39,302,41,45,4,392,0,0,0,392
07/19/2005,MSY,LA,ASW,CE,Combined TRACON& Tower with Radar,324,32,36,0,392,0,23,30,0,53,324,55,66,0,445,0,0,0,445
07/20/2005,MSY,LA,ASW,CE,Combined TRACON& Tower with Radar,316,33,36,3,388,0,24,27,0,51,316,57,63,3,439,0,0,0,439
07/21/2005,MSY,LA,ASW,CE,Combined TRACON& Tower with Radar,324,44,39,1,408,0,19,18,0,37,324,63,57,1,445,0,0,0,445
07/22/2005,MSY,LA,ASW,CE,Combined TRACON& Tower with Radar,283,42,16,0,341,25,18,12,0,55,308,60,28,0,396,0,0,0,396
07/23/2005,MSY,LA,ASW,CE,Combined TRACON& Tower with Radar,271,34,4,0,309,0,8,24,0,32,271,42,28,0,341,0,0,0,341
07/24/2005,MSY,LA,ASW,CE,Combined TRACON& Tower with Radar,291,29,21,0,341,38,17,20,0,75,329,46,41,0,416,0,0,0,416
07/25/2005,MSY,LA,ASW,CE,Combined TRACON& Tower with Radar,299,39,14,2,354,0,8,22,0,30,299,47,36,2,384,0,0,0,384
07/26/2005,MSY,LA,ASW,CE,Combined TRACON& Tower with Radar,333,37,27,0,397,0,14,30,0,44,333,51,57,0,441,0,0,0,441
07/27/2005,MSY,LA,ASW,CE,Combined TRACON& Tower with Radar,311,40,40,0,391,1,18,18,0,37,312,58,58,0,428,0,0,0,428
07/28/2005,MSY,LA,ASW,CE,Combined TRACON& Tower with Radar,325,41,49,2,417,0,22,17,0,39,325,63,66,2,456,0,0,0,456
07/29/2005,MSY,LA,ASW,CE,Combined TRACON& Tower with Radar,320,36,49,2,407,0,23,18,0,41,320,59,67,2,448,0,0,0,448
07/30/2005,MSY,LA,ASW,CE,Combined TRACON& Tower with Radar,286,30,19,2,337,0,17,21,0,38,286,47,40,2,375,0,0,0,375
07/31/2005,MSY,LA,ASW,CE,Combined TRACON& Tower with Radar,290,31,19,0,340,0,4,19,0,23,290,35,38,0,363,0,0,0,363
08/01/2005,MSY,LA,ASW,CE,Combined TRACON& Tower with Radar,311,29,22,2,364,0,13,20,0,33,311,42,42,2,397,0,0,0,397
08/02/2005,MSY,LA,ASW,CE,Combined TRACON& Tower with Radar,326,32,26,0,384,0,18,22,0,40,326,50,48,0,424,0,0,0,424
08/03/2005,MSY,LA,ASW,CE,Combined TRACON& Tower with Radar,323,39,22,0,384,0,14,18,0,32,323,53,40,0,416,0,0,0,416
08/04/2005,MSY,LA,ASW,CE,Combined TRACON& Tower with Radar,324,44,21,2,391,0,11,32,0,43,324,55,53,2,434,0,0,0,434
08/05/2005,MSY,LA,ASW,CE,Combined TRACON& Tower with Radar,326,47,20,2,395,0,6,25,0,31,326,53,45,2,426,0,0,0,426
08/06/2005,MSY,LA,ASW,CE,Combined TRACON& Tower with Radar,272,26,19,4,321,0,8,12,1,21,272,34,31,5,342,0,0,0,342
08/07/2005,MSY,LA,ASW,CE,Combined TRACON& Tower with Radar,290,29,12,1,332,0,0,12,0,12,290,29,24,1,344,0,0,0,344
08/08/2005,MSY,LA,ASW,CE,Combined TRACON& Tower with Radar,307,32,26,2,367,0,13,17,0,30,307,45,43,2,397,0,0,0,397
08/09/2005,MSY,LA,ASW,CE,Combined TRACON& Tower with Radar,332,39,26,0,397,0,7,29,0,36,332,46,55,0,433,0,0,0,433
08/10/2005,MSY,LA,ASW,CE,Combined TRACON& Tower with Radar,327,51,33,1,412,0,22,36,2,60,327,73,69,3,472,0,0,0,472
08/11/2005,MSY,LA,ASW,CE,Combined TRACON& Tower with Radar,325,42,32,2,401,0,15,31,0,46,325,57,63,2,447,0,0,0,447
08/12/2005,MSY,LA,ASW,CE,Combined TRACON& Tower with Radar,317,35,19,4,375,0,23,19,0,42,317,58,38,4,417,0,0,0,417
08/13/2005,MSY,LA,ASW,CE,Combined TRACON& Tower with Radar,281,23,14,0,318,0,4,18,0,22,281,27,32,0,340,0,0,0,340
08/14/2005,MSY,LA,ASW,CE,Combined TRACON& Tower with Radar,289,31,19,0,339,0,4,23,0,27,289,35,42,0,366,0,0,0,366
08/15/2005,MSY,LA,ASW,CE,Combined TRACON& Tower with Radar,310,31,32,0,373,1,11,27,3,42,311,42,59,3,415,0,0,0,415
08/16/2005,MSY,LA,ASW,CE,Combined TRACON& Tower with Radar,310,39,23,0,372,0,15,23,1,39,310,54,46,1,411,0,0,0,411
08/17/2005,MSY,LA,ASW,CE,Combined TRACON& Tower with Radar,328,37,41,1,407,0,25,34,2,61,328,62,75,3,468,0,0,0,468
08/18/2005,MSY,LA,ASW,CE,Combined TRACON& Tower with Radar,321,41,26,7,395,1,22,26,0,49,322,63,52,7,444,0,0,0,444
08/19/2005,MSY,LA,ASW,CE,Combined TRACON& Tower with Radar,320,36,31,8,395,0,16,16,0,32,320,52,47,8,427,0,0,0,427
08/20/2005,MSY,LA,ASW,CE,Combined TRACON& Tower with Radar,269,26,6,0,301,0,2,9,0,11,269,28,15,0,312,0,0,0,312
08/21/2005,MSY,LA,ASW,CE,Combined TRACON& Tower with Radar,293,27,21,3,344,0,4,6,0,10,293,31,27,3,354,0,0,0,354
08/22/2005,MSY,LA,ASW,CE,Combined TRACON& Tower with Radar,312,38,40,2,392,0,11,22,0,33,312,49,62,2,425,0,0,0,425
08/23/2005,MSY,LA,ASW,CE,Combined TRACON& Tower with Radar,319,39,32,1,391,0,15,31,0,46,319,54,63,1,437,0,0,0,437
08/24/2005,MSY,LA,ASW,CE,Combined TRACON& Tower with Radar,324,44,40,0,408,0,21,18,0,39,324,65,58,0,447,0,0,0,447
08/25/2005,MSY,LA,ASW,CE,Combined TRACON& Tower with Radar,316,56,36,0,408,0,32,33,2,67,316,88,69,2,475,0,0,0,475
08/26/2005,MSY,LA,ASW,CE,Combined TRACON& Tower with Radar,318,43,30,7,398,0,20,31,0,51,318,63,61,7,449,0,0,0,449
08/27/2005,MSY,LA,ASW,CE,Combined TRACON& Tower with Radar,277,37,45,0,359,0,8,43,2,53,277,45,88,2,412,0,0,0,412
08/28/2005,MSY,LA,ASW,CE,Combined TRACON& Tower with Radar,114,44,74,2,234,0,5,23,2,30,114,49,97,4,264,0,0,0,264
08/29/2005,MSY,LA,ASW,CE,Combined TRACON& Tower with Radar,0,0,0,0,0,0,0,112,53,165,0,0,112,53,165,0,0,0,165
08/30/2005,MSY,LA,ASW,CE,Combined TRACON& Tower with Radar,0,0,0,0,0,0,0,0,0,0,0,0,0,0,0,0,0,0,0
08/31/2005,MSY,LA,ASW,CE,Combined TRACON& Tower with Radar,2,7,7,14,30,0,18,25,164,207,2,25,32,178,237,0,0,0,237
09/01/2005,MSY,LA,ASW,CE,Combined TRACON& Tower with Radar,7,20,18,39,84,0,64,80,70,214,7,84,98,109,298,0,0,0,298
09/02/2005,MSY,LA,ASW,CE,Combined TRACON& Tower with Radar,40,25,15,69,149,0,107,135,1194,1436,40,132,150,1263,1585,0,0,0,1585
09/03/2005,MSY,LA,ASW,CE,Combined TRACON& Tower with Radar,89,24,16,140,269,0,104,144,1232,1480,89,128,160,1372,1749,0,0,0,1749
09/04/2005,MSY,LA,ASW,CE,Combined TRACON& Tower with Radar,136,17,21,140,314,0,67,87,774,928,136,84,108,914,1242,0,0,0,1242
09/05/2005,MSY,LA,ASW,CE,Combined TRACON& Tower with Radar,29,22,14,69,134,0,71,100,794,965,29,93,114,863,1099,0,0,0,1099
09/06/2005,MSY,LA,ASW,CE,Combined TRACON& Tower with Radar,14,21,15,41,91,0,58,88,623,769,14,79,103,664,860,0,0,0,860
09/07/2005,MSY,LA,ASW,CE,Combined TRACON& Tower with Radar,12,7,18,22,59,0,53,96,575,724,12,60,114,597,783,0,0,0,783
09/08/2005,MSY,LA,ASW,CE,Combined TRACON& Tower with Radar,4,15,20,36,75,0,15,93,33,141,4,30,113,69,216,0,0,0,216
09/09/2005,MSY,LA,ASW,CE,Combined TRACON& Tower with Radar,14,18,28,19,79,0,31,89,44,164,14,49,117,63,243,0,0,0,243
09/10/2005,MSY,LA,ASW,CE,Combined TRACON& Tower with Radar,2,9,19,22,52,0,29,127,42,198,2,38,146,64,250,0,0,0,250
09/11/2005,MSY,LA,ASW,CE,Combined TRACON& Tower with Radar,0,7,16,10,33,0,28,98,29,155,0,35,114,39,188,0,0,0,188
09/12/2005,MSY,LA,ASW,CE,Combined TRACON& Tower with Radar,2,6,12,22,42,0,29,73,31,133,2,35,85,53,175,0,0,0,175
09/13/2005,MSY,LA,ASW,CE,Combined TRACON& Tower with Radar,6,7,39,10,62,0,39,129,42,210,6,46,168,52,272,0,0,0,272
09/14/2005,MSY,LA,ASW,CE,Combined TRACON& Tower with Radar,9,3,66,23,101,0,53,143,45,241,9,56,209,68,342,0,0,0,342
09/15/2005,MSY,LA,ASW,CE,Combined TRACON& Tower with Radar,21,11,41,11,84,0,33,121,36,190,21,44,162,47,274,0,0,0,274
09/16/2005,MSY,LA,ASW,CE,Combined TRACON& Tower with Radar,23,21,65,22,131,0,46,147,23,216,23,67,212,45,347,0,0,0,347
09/17/2005,MSY,LA,ASW,CE,Combined TRACON& Tower with Radar,25,23,37,9,94,0,36,103,17,156,25,59,140,26,250,0,0,0,250
09/18/2005,MSY,LA,ASW,CE,Combined TRACON& Tower with Radar,26,4,19,6,55,0,45,88,28,161,26,49,107,34,216,0,0,0,216
09/19/2005,MSY,LA,ASW,CE,Combined TRACON& Tower with Radar,27,20,44,11,102,0,43,116,20,179,27,63,160,31,281,0,0,0,281
09/20/2005,MSY,LA,ASW,CE,Combined TRACON& Tower with Radar,38,11,66,21,136,0,42,91,29,162,38,53,157,50,298,0,0,0,298
09/21/2005,MSY,LA,ASW,CE,Combined TRACON& Tower with Radar,39,16,40,8,103,0,48,87,24,159,39,64,127,32,262,0,0,0,262
09/22/2005,MSY,LA,ASW,CE,Combined TRACON& Tower with Radar,46,18,22,2,88,0,19,46,7,72,46,37,68,9,160,0,0,0,160
09/23/2005,MSY,LA,ASW,CE,Combined TRACON& Tower with Radar,31,1,2,0,34,0,0,0,0,0,31,1,2,0,34,0,0,0,34
09/24/2005,MSY,LA,ASW,CE,Combined TRACON& Tower with Radar,23,4,2,1,30,0,1,6,4,11,23,5,8,5,41,0,0,0,41
09/25/2005,MSY,LA,ASW,CE,Combined TRACON& Tower with Radar,34,9,21,0,64,0,12,45,18,75,34,21,66,18,139,0,0,0,139
09/26/2005,MSY,LA,ASW,CE,Combined TRACON& Tower with Radar,35,13,29,3,80,0,25,64,6,95,35,38,93,9,175,0,0,0,175
09/27/2005,MSY,LA,ASW,CE,Combined TRACON& Tower with Radar,40,27,51,2,120,0,24,46,21,91,40,51,97,23,211,0,0,0,211
09/28/2005,MSY,LA,ASW,CE,Combined TRACON& Tower with Radar,42,19,61,10,132,0,18,38,11,67,42,37,99,21,199,0,0,0,199
09/29/2005,MSY,LA,ASW,CE,Combined TRACON& Tower with Radar,55,28,101,2,186,0,22,68,11,101,55,50,169,13,287,0,0,0,287
09/30/2005,MSY,LA,ASW,CE,Combined TRACON& Tower with Radar,62,38,90,4,194,0,10,45,14,69,62,48,135,18,263,0,0,0,263
10/01/2005,MSY,LA,ASW,CE,Combined TRACON& Tower with Radar,49,8,36,6,99,0,7,22,4,33,49,15,58,10,132,0,0,0,132
10/02/2005,MSY,LA,ASW,CE,Combined TRACON& Tower with Radar,40,7,32,4,83,0,15,29,6,50,40,22,61,10,133,0,0,0,133
10/03/2005,MSY,LA,ASW,CE,Combined TRACON& Tower with Radar,47,16,48,2,113,0,13,56,10,79,47,29,104,12,192,0,0,0,192
10/04/2005,MSY,LA,ASW,CE,Combined TRACON& Tower with Radar,52,17,78,5,152,0,9,54,13,76,52,26,132,18,228,0,0,0,228
10/05/2005,MSY,LA,ASW,CE,Combined TRACON& Tower with Radar,60,23,61,7,151,0,22,72,12,106,60,45,133,19,257,0,0,0,257
10/06/2005,MSY,LA,ASW,CE,Combined TRACON& Tower with Radar,58,16,70,0,144,0,18,65,8,91,58,34,135,8,235,0,0,0,235
10/07/2005,MSY,LA,ASW,CE,Combined TRACON& Tower with Radar,58,16,79,5,158,0,15,28,3,46,58,31,107,8,204,0,0,0,204
10/08/2005,MSY,LA,ASW,CE,Combined TRACON& Tower with Radar,49,7,28,0,84,0,17,45,4,66,49,24,73,4,150,0,0,0,150
10/09/2005,MSY,LA,ASW,CE,Combined TRACON& Tower with Radar,55,8,33,0,96,0,13,48,8,69,55,21,81,8,165,0,0,0,165
10/10/2005,MSY,LA,ASW,CE,Combined TRACON& Tower with Radar,57,17,82,0,156,0,10,42,3,55,57,27,124,3,211,0,0,0,211
10/11/2005,MSY,LA,ASW,CE,Combined TRACON& Tower with Radar,63,17,71,4,155,0,24,34,2,60,63,41,105,6,215,0,0,0,215
10/12/2005,MSY,LA,ASW,CE,Combined TRACON& Tower with Radar,66,18,84,2,170,0,24,61,2,87,66,42,145,4,257,0,0,0,257
10/13/2005,MSY,LA,ASW,CE,Combined TRACON& Tower with Radar,68,35,72,6,181,0,23,40,9,72,68,58,112,15,253,0,0,0,253
10/14/2005,MSY,LA,ASW,CE,Combined TRACON& Tower with Radar,64,19,71,0,154,0,24,50,3,77,64,43,121,3,231,0,0,0,231
10/15/2005,MSY,LA,ASW,CE,Combined TRACON& Tower with Radar,55,10,30,1,96,0,16,58,4,78,55,26,88,5,174,0,0,0,174
10/16/2005,MSY,LA,ASW,CE,Combined TRACON& Tower with Radar,52,2,34,2,90,0,11,39,1,51,52,13,73,3,141,0,0,0,141
10/17/2005,MSY,LA,ASW,CE,Combined TRACON& Tower with Radar,61,28,78,3,170,0,16,54,5,75,61,44,132,8,245,0,0,0,245
10/18/2005,MSY,LA,ASW,CE,Combined TRACON& Tower with Radar,68,21,82,3,174,0,19,58,7,84,68,40,140,10,258,0,0,0,258
10/19/2005,MSY,LA,ASW,CE,Combined TRACON& Tower with Radar,65,25,77,4,171,0,22,71,6,99,65,47,148,10,270,0,0,0,270
10/20/2005,MSY,LA,ASW,CE,Combined TRACON& Tower with Radar,70,35,96,3,204,0,23,51,4,78,70,58,147,7,282,0,0,0,282
10/21/2005,MSY,LA,ASW,CE,Combined TRACON& Tower with Radar,64,33,62,0,159,0,18,39,3,60,64,51,101,3,219,0,0,0,219
10/22/2005,MSY,LA,ASW,CE,Combined TRACON& Tower with Radar,59,14,33,2,108,0,10,39,0,49,59,24,72,2,157,0,0,0,157
10/23/2005,MSY,LA,ASW,CE,Combined TRACON& Tower with Radar,56,17,33,2,108,0,6,39,3,48,56,23,72,5,156,0,0,0,156
10/24/2005,MSY,LA,ASW,CE,Combined TRACON& Tower with Radar,58,27,52,0,137,0,13,48,1,62,58,40,100,1,199,0,0,0,199
10/25/2005,MSY,LA,ASW,CE,Combined TRACON& Tower with Radar,70,39,80,0,189,0,35,55,0,90,70,74,135,0,279,0,0,0,279
10/26/2005,MSY,LA,ASW,CE,Combined TRACON& Tower with Radar,71,39,71,3,184,0,18,38,5,61,71,57,109,8,245,0,0,0,245
10/27/2005,MSY,LA,ASW,CE,Combined TRACON& Tower with Radar,69,37,68,2,176,0,19,61,5,85,69,56,129,7,261,0,0,0,261
10/28/2005,MSY,LA,ASW,CE,Combined TRACON& Tower with Radar,73,29,73,0,175,0,18,51,4,73,73,47,124,4,248,0,0,0,248
10/29/2005,MSY,LA,ASW,CE,Combined TRACON& Tower with Radar,67,17,27,0,111,0,15,46,5,66,67,32,73,5,177,0,0,0,177
10/30/2005,MSY,LA,ASW,CE,Combined TRACON& Tower with Radar,58,22,18,0,98,0,18,43,1,62,58,40,61,1,160,0,0,0,160
10/31/2005,MSY,LA,ASW,CE,Combined TRACON& Tower with Radar,72,21,49,0,142,0,30,45,1,76,72,51,94,1,218,0,0,0,218
11/01/2005,MSY,LA,ASW,CE,Combined TRACON& Tower with Radar,91,27,71,2,191,0,8,33,1,42,91,35,104,3,233,0,0,0,233
11/02/2005,MSY,LA,ASW,CE,Combined TRACON& Tower with Radar,90,30,72,0,192,0,32,45,1,78,90,62,117,1,270,0,0,0,270
11/03/2005,MSY,LA,ASW,CE,Combined TRACON& Tower with Radar,90,28,54,3,175,0,28,60,6,94,90,56,114,9,269,0,0,0,269
11/04/2005,MSY,LA,ASW,CE,Combined TRACON& Tower with Radar,94,32,64,2,192,0,15,43,6,64,94,47,107,8,256,0,0,0,256
11/05/2005,MSY,LA,ASW,CE,Combined TRACON& Tower with Radar,86,17,25,0,128,0,6,21,0,27,86,23,46,0,155,0,0,0,155
11/06/2005,MSY,LA,ASW,CE,Combined TRACON& Tower with Radar,72,16,28,0,116,0,7,22,1,30,72,23,50,1,146,0,0,0,146
11/07/2005,MSY,LA,ASW,CE,Combined TRACON& Tower with Radar,83,28,61,1,173,0,9,41,3,53,83,37,102,4,226,0,0,0,226
11/08/2005,MSY,LA,ASW,CE,Combined TRACON& Tower with Radar,83,24,69,0,176,0,5,29,1,35,83,29,98,1,211,0,0,0,211
11/09/2005,MSY,LA,ASW,CE,Combined TRACON& Tower with Radar,109,24,63,0,196,0,11,43,0,54,109,35,106,0,250,0,0,0,250
11/10/2005,MSY,LA,ASW,CE,Combined TRACON& Tower with Radar,99,43,75,2,219,0,20,44,0,64,99,63,119,2,283,0,0,0,283
11/11/2005,MSY,LA,ASW,CE,Combined TRACON& Tower with Radar,94,27,51,0,172,0,12,56,0,68,94,39,107,0,240,0,0,0,240
11/12/2005,MSY,LA,ASW,CE,Combined TRACON& Tower with Radar,98,12,26,0,136,0,10,26,2,38,98,22,52,2,174,0,0,0,174
11/13/2005,MSY,LA,ASW,CE,Combined TRACON& Tower with Radar,100,13,38,0,151,0,12,24,1,37,100,25,62,1,188,0,0,0,188
11/14/2005,MSY,LA,ASW,CE,Combined TRACON& Tower with Radar,104,32,80,2,218,0,18,26,4,48,104,50,106,6,266,0,0,0,266
11/15/2005,MSY,LA,ASW,CE,Combined TRACON& Tower with Radar,114,33,69,0,216,0,18,35,4,57,114,51,104,4,273,0,0,0,273
11/16/2005,MSY,LA,ASW,CE,Combined TRACON& Tower with Radar,116,40,62,2,220,0,11,42,0,53,116,51,104,2,273,0,0,0,273
11/17/2005,MSY,LA,ASW,CE,Combined TRACON& Tower with Radar,115,41,68,7,231,0,31,47,3,81,115,72,115,10,312,0,0,0,312
11/18/2005,MSY,LA,ASW,CE,Combined TRACON& Tower with Radar,115,39,52,7,213,0,20,44,3,67,115,59,96,10,280,0,0,0,280
11/19/2005,MSY,LA,ASW,CE,Combined TRACON& Tower with Radar,104,19,37,0,160,0,6,21,0,27,104,25,58,0,187,0,0,0,187
11/20/2005,MSY,LA,ASW,CE,Combined TRACON& Tower with Radar,97,13,40,0,150,0,11,19,0,30,97,24,59,0,180,0,0,0,180
11/21/2005,MSY,LA,ASW,CE,Combined TRACON& Tower with Radar,107,40,62,0,209,0,11,27,0,38,107,51,89,0,247,0,0,0,247
11/22/2005,MSY,LA,ASW,CE,Combined TRACON& Tower with Radar,114,39,74,2,229,0,12,27,0,39,114,51,101,2,268,0,0,0,268
11/23/2005,MSY,LA,ASW,CE,Combined TRACON& Tower with Radar,123,41,63,2,229,0,4,38,0,42,123,45,101,2,271,0,0,0,271
11/24/2005,MSY,LA,ASW,CE,Combined TRACON& Tower with Radar,86,20,16,2,124,0,4,11,3,18,86,24,27,5,142,0,0,0,142
11/25/2005,MSY,LA,ASW,CE,Combined TRACON& Tower with Radar,100,23,17,0,140,0,15,30,1,46,100,38,47,1,186,0,0,0,186
11/26/2005,MSY,LA,ASW,CE,Combined TRACON& Tower with Radar,100,19,20,0,139,0,6,14,0,20,100,25,34,0,159,0,0,0,159
11/27/2005,MSY,LA,ASW,CE,Combined TRACON& Tower with Radar,95,9,60,2,166,0,2,13,0,15,95,11,73,2,181,0,0,0,181
11/28/2005,MSY,LA,ASW,CE,Combined TRACON& Tower with Radar,106,32,52,6,196,0,19,19,0,38,106,51,71,6,234,0,0,0,234
11/29/2005,MSY,LA,ASW,CE,Combined TRACON& Tower with Radar,115,39,62,3,219,0,24,42,0,66,115,63,104,3,285,0,0,0,285
11/30/2005,MSY,LA,ASW,CE,Combined TRACON& Tower with Radar,118,33,65,2,218,0,22,54,3,79,118,55,119,5,297,0,0,0,297
12/01/2005,MSY,LA,ASW,CE,Combined TRACON& Tower with Radar,112,49,72,1,234,0,23,45,2,70,112,72,117,3,304,0,0,0,304
12/02/2005,MSY,LA,ASW,CE,Combined TRACON& Tower with Radar,112,53,55,1,221,0,22,46,0,68,112,75,101,1,289,0,0,0,289
12/03/2005,MSY,LA,ASW,CE,Combined TRACON& Tower with Radar,99,31,28,0,158,0,9,17,0,26,99,40,45,0,184,0,0,0,184
12/04/2005,MSY,LA,ASW,CE,Combined TRACON& Tower with Radar,95,35,44,0,174,0,7,22,1,30,95,42,66,1,204,0,0,0,204
12/05/2005,MSY,LA,ASW,CE,Combined TRACON& Tower with Radar,105,48,79,1,233,0,2,17,2,21,105,50,96,3,254,0,0,0,254
12/06/2005,MSY,LA,ASW,CE,Combined TRACON& Tower with Radar,109,37,59,4,209,0,16,55,4,75,109,53,114,8,284,0,0,0,284
12/07/2005,MSY,LA,ASW,CE,Combined TRACON& Tower with Radar,108,40,68,1,217,0,15,26,2,43,108,55,94,3,260,0,0,0,260
12/08/2005,MSY,LA,ASW,CE,Combined TRACON& Tower with Radar,115,51,77,6,249,0,8,8,0,16,115,59,85,6,265,0,0,0,265
12/09/2005,MSY,LA,ASW,CE,Combined TRACON& Tower with Radar,122,40,62,3,227,0,7,59,1,67,122,47,121,4,294,0,0,0,294
12/10/2005,MSY,LA,ASW,CE,Combined TRACON& Tower with Radar,101,22,27,0,150,0,14,23,0,37,101,36,50,0,187,0,0,0,187
12/11/2005,MSY,LA,ASW,CE,Combined TRACON& Tower with Radar,98,18,16,0,132,0,9,33,0,42,98,27,49,0,174,0,0,0,174
12/12/2005,MSY,LA,ASW,CE,Combined TRACON& Tower with Radar,106,32,64,5,207,0,15,45,2,62,106,47,109,7,269,0,0,0,269
12/13/2005,MSY,LA,ASW,CE,Combined TRACON& Tower with Radar,110,47,67,3,227,0,17,43,4,64,110,64,110,7,291,0,0,0,291
12/14/2005,MSY,LA,ASW,CE,Combined TRACON& Tower with Radar,112,48,45,2,207,0,27,21,0,48,112,75,66,2,255,0,0,0,255
12/15/2005,MSY,LA,ASW,CE,Combined TRACON& Tower with Radar,121,61,94,5,281,1,19,28,6,54,122,80,122,11,335,0,0,0,335
12/16/2005,MSY,LA,ASW,CE,Combined TRACON& Tower with Radar,110,58,74,1,243,0,37,44,4,85,110,95,118,5,328,0,0,0,328
12/17/2005,MSY,LA,ASW,CE,Combined TRACON& Tower with Radar,103,38,36,1,178,0,5,18,1,24,103,43,54,2,202,0,0,0,202
12/18/2005,MSY,LA,ASW,CE,Combined TRACON& Tower with Radar,95,35,43,1,174,0,6,26,0,32,95,41,69,1,206,0,0,0,206
12/19/2005,MSY,LA,ASW,CE,Combined TRACON& Tower with Radar,99,42,55,0,196,0,22,60,0,82,99,64,115,0,278,0,0,0,278
12/20/2005,MSY,LA,ASW,CE,Combined TRACON& Tower with Radar,118,46,62,3,229,0,19,32,5,56,118,65,94,8,285,0,0,0,285
12/21/2005,MSY,LA,ASW,CE,Combined TRACON& Tower with Radar,120,54,78,2,254,0,16,33,0,49,120,70,111,2,303,0,0,0,303
12/22/2005,MSY,LA,ASW,CE,Combined TRACON& Tower with Radar,117,51,57,4,229,0,12,56,3,71,117,63,113,7,300,0,0,0,300
12/23/2005,MSY,LA,ASW,CE,Combined TRACON& Tower with Radar,116,45,42,0,203,0,4,42,0,46,116,49,84,0,249,0,0,0,249
12/24/2005,MSY,LA,ASW,CE,Combined TRACON& Tower with Radar,95,26,19,0,140,0,2,5,0,7,95,28,24,0,147,0,0,0,147
12/25/2005,MSY,LA,ASW,CE,Combined TRACON& Tower with Radar,88,26,5,0,119,0,2,9,0,11,88,28,14,0,130,0,0,0,130
12/26/2005,MSY,LA,ASW,CE,Combined TRACON& Tower with Radar,97,30,33,0,160,0,4,34,0,38,97,34,67,0,198,0,0,0,198
12/27/2005,MSY,LA,ASW,CE,Combined TRACON& Tower with Radar,100,39,55,0,194,1,6,26,0,33,101,45,81,0,227,0,0,0,227
12/28/2005,MSY,LA,ASW,CE,Combined TRACON& Tower with Radar,108,43,39,0,190,0,8,32,1,41,108,51,71,1,231,0,0,0,231
12/29/2005,MSY,LA,ASW,CE,Combined TRACON& Tower with Radar,110,41,32,0,183,0,20,43,1,64,110,61,75,1,247,0,0,0,247
12/30/2005,MSY,LA,ASW,CE,Combined TRACON& Tower with Radar,108,47,57,0,212,0,13,18,5,36,108,60,75,5,248,0,0,0,248
12/31/2005,MSY,LA,ASW,CE,Combined TRACON& Tower with Radar,96,28,18,0,142,0,3,14,2,19,96,31,32,2,161,0,0,0,161
01/01/2006,MSY,LA,ASW,CE,Combined TRACON& Tower with Radar,102,35,19,0,156,0,1,8,0,9,102,36,27,0,165,0,0,0,165
01/02/2006,MSY,LA,ASW,CE,Combined TRACON& Tower with Radar,99,30,38,0,167,1,12,28,0,41,100,42,66,0,208,0,0,0,208
01/03/2006,MSY,LA,ASW,CE,Combined TRACON& Tower with Radar,106,47,50,1,204,0,12,37,0,49,106,59,87,1,253,0,0,0,253
01/04/2006,MSY,LA,ASW,CE,Combined TRACON& Tower with Radar,120,48,55,0,223,0,23,36,4,63,120,71,91,4,286,0,0,0,286
01/05/2006,MSY,LA,ASW,CE,Combined TRACON& Tower with Radar,123,51,62,3,239,0,22,31,0,53,123,73,93,3,292,0,0,0,292
01/06/2006,MSY,LA,ASW,CE,Combined TRACON& Tower with Radar,118,47,65,1,231,0,8,33,2,43,118,55,98,3,274,0,0,0,274
01/07/2006,MSY,LA,ASW,CE,Combined TRACON& Tower with Radar,109,26,35,2,172,0,16,40,1,57,109,42,75,3,229,0,0,0,229
01/08/2006,MSY,LA,ASW,CE,Combined TRACON& Tower with Radar,105,37,32,2,176,0,9,45,0,54,105,46,77,2,230,0,0,0,230
01/09/2006,MSY,LA,ASW,CE,Combined TRACON& Tower with Radar,118,41,63,4,226,0,15,48,1,64,118,56,111,5,290,0,0,0,290
01/10/2006,MSY,LA,ASW,CE,Combined TRACON& Tower with Radar,124,51,60,7,242,0,14,23,6,43,124,65,83,13,285,0,0,0,285
01/11/2006,MSY,LA,ASW,CE,Combined TRACON& Tower with Radar,131,48,70,1,250,0,27,53,1,81,131,75,123,2,331,0,0,0,331
01/12/2006,MSY,LA,ASW,CE,Combined TRACON& Tower with Radar,136,41,82,4,263,0,7,23,5,35,136,48,105,9,298,0,0,0,298
01/13/2006,MSY,LA,ASW,CE,Combined TRACON& Tower with Radar,126,50,53,0,229,0,8,40,2,50,126,58,93,2,279,0,0,0,279
01/14/2006,MSY,LA,ASW,CE,Combined TRACON& Tower with Radar,111,28,32,2,173,0,13,30,0,43,111,41,62,2,216,0,0,0,216
01/15/2006,MSY,LA,ASW,CE,Combined TRACON& Tower with Radar,116,39,31,1,187,0,5,31,0,36,116,44,62,1,223,0,0,0,223
01/16/2006,MSY,LA,ASW,CE,Combined TRACON& Tower with Radar,131,35,72,0,238,0,16,18,1,35,131,51,90,1,273,0,0,0,273
01/17/2006,MSY,LA,ASW,CE,Combined TRACON& Tower with Radar,142,53,51,2,248,0,1,17,1,19,142,54,68,3,267,0,0,0,267
01/18/2006,MSY,LA,ASW,CE,Combined TRACON& Tower with Radar,129,53,80,12,274,0,29,49,0,78,129,82,129,12,352,0,0,0,352
01/19/2006,MSY,LA,ASW,CE,Combined TRACON& Tower with Radar,131,54,96,9,290,0,27,39,0,66,131,81,135,9,356,0,0,0,356
01/20/2006,MSY,LA,ASW,CE,Combined TRACON& Tower with Radar,126,56,80,6,268,0,14,33,0,47,126,70,113,6,315,0,0,0,315
01/21/2006,MSY,LA,ASW,CE,Combined TRACON& Tower with Radar,119,33,32,2,186,0,0,2,0,2,119,33,34,2,188,0,0,0,188
01/22/2006,MSY,LA,ASW,CE,Combined TRACON& Tower with Radar,101,36,40,1,178,0,3,8,0,11,101,39,48,1,189,0,0,0,189
01/23/2006,MSY,LA,ASW,CE,Combined TRACON& Tower with Radar,128,49,59,0,236,0,3,11,0,14,128,52,70,0,250,0,0,0,250
01/24/2006,MSY,LA,ASW,CE,Combined TRACON& Tower with Radar,133,44,71,1,249,0,11,28,3,42,133,55,99,4,291,0,0,0,291
01/25/2006,MSY,LA,ASW,CE,Combined TRACON& Tower with Radar,126,53,85,3,267,0,9,52,0,61,126,62,137,3,328,0,0,0,328
01/26/2006,MSY,LA,ASW,CE,Combined TRACON& Tower with Radar,135,51,60,5,251,0,12,40,7,59,135,63,100,12,310,0,0,0,310
01/27/2006,MSY,LA,ASW,CE,Combined TRACON& Tower with Radar,129,59,81,3,272,0,16,33,3,52,129,75,114,6,324,0,0,0,324
01/28/2006,MSY,LA,ASW,CE,Combined TRACON& Tower with Radar,111,26,12,0,149,0,11,11,0,22,111,37,23,0,171,0,0,0,171
01/29/2006,MSY,LA,ASW,CE,Combined TRACON& Tower with Radar,113,41,30,5,189,0,6,22,2,30,113,47,52,7,219,0,0,0,219
01/30/2006,MSY,LA,ASW,CE,Combined TRACON& Tower with Radar,129,37,64,6,236,0,8,24,0,32,129,45,88,6,268,0,0,0,268
01/31/2006,MSY,LA,ASW,CE,Combined TRACON& Tower with Radar,134,51,67,2,254,0,10,42,1,53,134,61,109,3,307,0,0,0,307
02/01/2006,MSY,LA,ASW,CE,Combined TRACON& Tower with Radar,133,48,77,7,265,0,17,36,4,57,133,65,113,11,322,0,0,0,322
02/02/2006,MSY,LA,ASW,CE,Combined TRACON& Tower with Radar,115,42,67,5,229,0,14,24,1,39,115,56,91,6,268,0,0,0,268
02/03/2006,MSY,LA,ASW,CE,Combined TRACON& Tower with Radar,136,46,64,4,250,0,12,20,9,41,136,58,84,13,291,0,0,0,291
02/04/2006,MSY,LA,ASW,CE,Combined TRACON& Tower with Radar,118,29,35,5,187,0,9,23,2,34,118,38,58,7,221,0,0,0,221
02/05/2006,MSY,LA,ASW,CE,Combined TRACON& Tower with Radar,118,37,29,4,188,0,5,43,0,48,118,42,72,4,236,0,0,0,236
02/06/2006,MSY,LA,ASW,CE,Combined TRACON& Tower with Radar,130,44,74,3,251,0,12,25,2,39,130,56,99,5,290,0,0,0,290
02/07/2006,MSY,LA,ASW,CE,Combined TRACON& Tower with Radar,135,53,54,0,242,0,8,42,3,53,135,61,96,3,295,0,0,0,295
02/08/2006,MSY,LA,ASW,CE,Combined TRACON& Tower with Radar,136,61,63,0,260,0,19,63,0,82,136,80,126,0,342,0,0,0,342
02/09/2006,MSY,LA,ASW,CE,Combined TRACON& Tower with Radar,143,54,75,1,273,0,14,54,0,68,143,68,129,1,341,0,0,0,341
02/10/2006,MSY,LA,ASW,CE,Combined TRACON& Tower with Radar,159,58,63,0,280,0,17,21,0,38,159,75,84,0,318,0,0,0,318
02/11/2006,MSY,LA,ASW,CE,Combined TRACON& Tower with Radar,119,38,19,0,176,0,6,26,4,36,119,44,45,4,212,0,0,0,212
02/12/2006,MSY,LA,ASW,CE,Combined TRACON& Tower with Radar,117,25,52,2,196,0,7,35,1,43,117,32,87,3,239,0,0,0,239
02/13/2006,MSY,LA,ASW,CE,Combined TRACON& Tower with Radar,130,49,70,0,249,0,15,45,0,60,130,64,115,0,309,0,0,0,309
02/14/2006,MSY,LA,ASW,CE,Combined TRACON& Tower with Radar,134,56,46,2,238,0,19,33,1,53,134,75,79,3,291,0,0,0,291
02/15/2006,MSY,LA,ASW,CE,Combined TRACON& Tower with Radar,145,62,82,2,291,0,19,38,3,60,145,81,120,5,351,0,0,0,351
02/16/2006,MSY,LA,ASW,CE,Combined TRACON& Tower with Radar,147,46,67,4,264,1,30,48,0,79,148,76,115,4,343,0,0,0,343
02/17/2006,MSY,LA,ASW,CE,Combined TRACON& Tower with Radar,160,56,75,4,295,0,5,13,0,18,160,61,88,4,313,0,0,0,313
02/18/2006,MSY,LA,ASW,CE,Combined TRACON& Tower with Radar,114,35,40,2,191,0,0,4,1,5,114,35,44,3,196,0,0,0,196
02/19/2006,MSY,LA,ASW,CE,Combined TRACON& Tower with Radar,134,36,39,0,209,0,6,9,0,15,134,42,48,0,224,0,0,0,224
02/20/2006,MSY,LA,ASW,CE,Combined TRACON& Tower with Radar,138,39,69,0,246,0,0,4,0,4,138,39,73,0,250,0,0,0,250
02/21/2006,MSY,LA,ASW,CE,Combined TRACON& Tower with Radar,148,49,82,0,279,0,0,9,0,9,148,49,91,0,288,0,0,0,288
02/22/2006,MSY,LA,ASW,CE,Combined TRACON& Tower with Radar,153,45,90,2,290,0,36,32,3,71,153,81,122,5,361,0,0,0,361
02/23/2006,MSY,LA,ASW,CE,Combined TRACON& Tower with Radar,157,56,119,12,344,0,8,51,0,59,157,64,170,12,403,0,0,0,403
02/24/2006,MSY,LA,ASW,CE,Combined TRACON& Tower with Radar,163,67,100,6,336,0,16,33,2,51,163,83,133,8,387,0,0,0,387
02/25/2006,MSY,LA,ASW,CE,Combined TRACON& Tower with Radar,129,60,51,0,240,0,2,6,0,8,129,62,57,0,248,0,0,0,248
02/26/2006,MSY,LA,ASW,CE,Combined TRACON& Tower with Radar,134,50,71,0,255,0,8,30,0,38,134,58,101,0,293,0,0,0,293
02/27/2006,MSY,LA,ASW,CE,Combined TRACON& Tower with Radar,140,59,80,2,281,0,20,34,0,54,140,79,114,2,335,0,0,0,335
02/28/2006,MSY,LA,ASW,CE,Combined TRACON& Tower with Radar,146,53,33,0,232,0,8,45,1,54,146,61,78,1,286,0,0,0,286
03/01/2006,MSY,LA,ASW,CE,Combined TRACON& Tower with Radar,159,66,105,1,331,0,9,38,2,49,159,75,143,3,380,0,0,0,380
03/02/2006,MSY,LA,ASW,CE,Combined TRACON& Tower with Radar,149,63,59,0,271,0,34,35,1,70,149,97,94,1,341,0,0,0,341
03/03/2006,MSY,LA,ASW,CE,Combined TRACON& Tower with Radar,160,61,51,1,273,0,24,31,0,55,160,85,82,1,328,0,0,0,328
03/04/2006,MSY,LA,ASW,CE,Combined TRACON& Tower with Radar,132,55,39,0,226,0,25,18,6,49,132,80,57,6,275,0,0,0,275
03/05/2006,MSY,LA,ASW,CE,Combined TRACON& Tower with Radar,135,48,44,0,227,0,12,25,0,37,135,60,69,0,264,0,0,0,264
03/06/2006,MSY,LA,ASW,CE,Combined TRACON& Tower with Radar,146,62,64,0,272,0,18,23,1,42,146,80,87,1,314,0,0,0,314
03/07/2006,MSY,LA,ASW,CE,Combined TRACON& Tower with Radar,151,66,76,1,294,0,16,20,0,36,151,82,96,1,330,0,0,0,330
03/08/2006,MSY,LA,ASW,CE,Combined TRACON& Tower with Radar,155,76,66,9,306,0,10,25,5,40,155,86,91,14,346,0,0,0,346
03/09/2006,MSY,LA,ASW,CE,Combined TRACON& Tower with Radar,150,57,57,4,268,0,7,24,1,32,150,64,81,5,300,0,0,0,300
03/10/2006,MSY,LA,ASW,CE,Combined TRACON& Tower with Radar,166,64,83,11,324,1,22,23,0,46,167,86,106,11,370,0,0,0,370
03/11/2006,MSY,LA,ASW,CE,Combined TRACON& Tower with Radar,121,57,58,1,237,0,13,24,0,37,121,70,82,1,274,0,0,0,274
03/12/2006,MSY,LA,ASW,CE,Combined TRACON& Tower with Radar,137,42,42,0,221,0,10,15,0,25,137,52,57,0,246,0,0,0,246
03/13/2006,MSY,LA,ASW,CE,Combined TRACON& Tower with Radar,146,49,53,2,250,0,17,27,6,50,146,66,80,8,300,0,0,0,300
03/14/2006,MSY,LA,ASW,CE,Combined TRACON& Tower with Radar,153,64,60,4,281,0,10,28,3,41,153,74,88,7,322,0,0,0,322
03/15/2006,MSY,LA,ASW,CE,Combined TRACON& Tower with Radar,151,62,88,6,307,0,15,38,3,56,151,77,126,9,363,0,0,0,363
03/16/2006,MSY,LA,ASW,CE,Combined TRACON& Tower with Radar,158,64,80,1,303,0,19,28,0,47,158,83,108,1,350,0,0,0,350
03/17/2006,MSY,LA,ASW,CE,Combined TRACON& Tower with Radar,166,57,60,5,288,0,9,33,0,42,166,66,93,5,330,0,0,0,330
03/18/2006,MSY,LA,ASW,CE,Combined TRACON& Tower with Radar,136,54,45,1,236,0,11,17,0,28,136,65,62,1,264,0,0,0,264
03/19/2006,MSY,LA,ASW,CE,Combined TRACON& Tower with Radar,138,41,48,3,230,0,17,6,0,23,138,58,54,3,253,0,0,0,253
03/20/2006,MSY,LA,ASW,CE,Combined TRACON& Tower with Radar,165,66,66,3,300,0,14,16,0,30,165,80,82,3,330,0,0,0,330
03/21/2006,MSY,LA,ASW,CE,Combined TRACON& Tower with Radar,172,79,79,3,333,0,14,41,3,58,172,93,120,6,391,0,0,0,391
03/22/2006,MSY,LA,ASW,CE,Combined TRACON& Tower with Radar,165,58,86,6,315,0,25,38,0,63,165,83,124,6,378,0,0,0,378
03/23/2006,MSY,LA,ASW,CE,Combined TRACON& Tower with Radar,165,63,79,4,311,0,24,33,1,58,165,87,112,5,369,0,0,0,369
03/24/2006,MSY,LA,ASW,CE,Combined TRACON& Tower with Radar,169,67,78,5,319,0,16,45,1,62,169,83,123,6,381,0,0,0,381
03/25/2006,MSY,LA,ASW,CE,Combined TRACON& Tower with Radar,135,43,43,2,223,0,9,28,0,37,135,52,71,2,260,0,0,0,260
03/26/2006,MSY,LA,ASW,CE,Combined TRACON& Tower with Radar,147,48,48,0,243,0,13,41,2,56,147,61,89,2,299,0,0,0,299
03/27/2006,MSY,LA,ASW,CE,Combined TRACON& Tower with Radar,158,57,54,4,273,0,19,41,0,60,158,76,95,4,333,0,0,0,333
03/28/2006,MSY,LA,ASW,CE,Combined TRACON& Tower with Radar,162,66,70,0,298,0,35,29,2,66,162,101,99,2,364,0,0,0,364
03/29/2006,MSY,LA,ASW,CE,Combined TRACON& Tower with Radar,166,66,85,5,322,0,27,35,1,63,166,93,120,6,385,0,0,0,385
03/30/2006,MSY,LA,ASW,CE,Combined TRACON& Tower with Radar,167,59,78,4,308,0,26,33,0,59,167,85,111,4,367,0,0,0,367
03/31/2006,MSY,LA,ASW,CE,Combined TRACON& Tower with Radar,168,65,69,2,304,0,22,42,4,68,168,87,111,6,372,0,0,0,372
04/01/2006,MSY,LA,ASW,CE,Combined TRACON& Tower with Radar,134,45,44,2,225,0,10,28,1,39,134,55,72,3,264,0,0,0,264
04/02/2006,MSY,LA,ASW,CE,Combined TRACON& Tower with Radar,138,49,58,0,245,0,15,28,0,43,138,64,86,0,288,0,0,0,288
04/03/2006,MSY,LA,ASW,CE,Combined TRACON& Tower with Radar,160,56,52,2,270,0,24,36,0,60,160,80,88,2,330,0,0,0,330
04/04/2006,MSY,LA,ASW,CE,Combined TRACON& Tower with Radar,174,63,65,2,304,0,29,39,1,69,174,92,104,3,373,0,0,0,373
04/05/2006,MSY,LA,ASW,CE,Combined TRACON& Tower with Radar,177,55,59,4,295,0,22,30,4,56,177,77,89,8,351,0,0,0,351
04/06/2006,MSY,LA,ASW,CE,Combined TRACON& Tower with Radar,174,61,70,0,305,1,36,22,0,59,175,97,92,0,364,0,0,0,364
04/07/2006,MSY,LA,ASW,CE,Combined TRACON& Tower with Radar,170,54,65,2,291,0,24,14,3,41,170,78,79,5,332,0,0,0,332
04/08/2006,MSY,LA,ASW,CE,Combined TRACON& Tower with Radar,154,45,34,3,236,0,6,15,2,23,154,51,49,5,259,0,0,0,259
04/09/2006,MSY,LA,ASW,CE,Combined TRACON& Tower with Radar,155,44,46,0,245,0,9,29,1,39,155,53,75,1,284,0,0,0,284
04/10/2006,MSY,LA,ASW,CE,Combined TRACON& Tower with Radar,163,59,43,5,270,0,27,38,0,65,163,86,81,5,335,0,0,0,335
04/11/2006,MSY,LA,ASW,CE,Combined TRACON& Tower with Radar,173,52,61,2,288,0,26,24,0,50,173,78,85,2,338,0,0,0,338
04/12/2006,MSY,LA,ASW,CE,Combined TRACON& Tower with Radar,180,67,70,5,322,0,18,41,3,62,180,85,111,8,384,0,0,0,384
04/13/2006,MSY,LA,ASW,CE,Combined TRACON& Tower with Radar,181,58,73,5,317,0,14,33,1,48,181,72,106,6,365,0,0,0,365
04/14/2006,MSY,LA,ASW,CE,Combined TRACON& Tower with Radar,170,58,37,0,265,0,12,26,0,38,170,70,63,0,303,0,0,0,303
04/15/2006,MSY,LA,ASW,CE,Combined TRACON& Tower with Radar,152,43,13,0,208,0,7,33,0,40,152,50,46,0,248,0,0,0,248
04/16/2006,MSY,LA,ASW,CE,Combined TRACON& Tower with Radar,152,43,23,0,218,0,6,16,0,22,152,49,39,0,240,0,0,0,240
04/17/2006,MSY,LA,ASW,CE,Combined TRACON& Tower with Radar,167,55,59,5,286,0,23,30,2,55,167,78,89,7,341,0,0,0,341
04/18/2006,MSY,LA,ASW,CE,Combined TRACON& Tower with Radar,177,61,66,4,308,0,33,47,1,81,177,94,113,5,389,0,0,0,389
04/19/2006,MSY,LA,ASW,CE,Combined TRACON& Tower with Radar,175,61,62,5,303,0,21,31,4,56,175,82,93,9,359,0,0,0,359
04/20/2006,MSY,LA,ASW,CE,Combined TRACON& Tower with Radar,178,61,89,4,332,0,34,43,0,77,178,95,132,4,409,0,0,0,409
04/21/2006,MSY,LA,ASW,CE,Combined TRACON& Tower with Radar,173,64,51,6,294,0,22,24,0,46,173,86,75,6,340,0,0,0,340
04/22/2006,MSY,LA,ASW,CE,Combined TRACON& Tower with Radar,152,45,38,6,241,1,8,44,1,54,153,53,82,7,295,0,0,0,295
04/23/2006,MSY,LA,ASW,CE,Combined TRACON& Tower with Radar,156,55,48,4,263,0,6,26,0,32,156,61,74,4,295,0,0,0,295
04/24/2006,MSY,LA,ASW,CE,Combined TRACON& Tower with Radar,168,57,62,6,293,0,18,35,1,54,168,75,97,7,347,0,0,0,347
04/25/2006,MSY,LA,ASW,CE,Combined TRACON& Tower with Radar,168,67,99,0,334,0,20,18,4,42,168,87,117,4,376,0,0,0,376
04/26/2006,MSY,LA,ASW,CE,Combined TRACON& Tower with Radar,179,67,66,4,316,0,5,20,0,25,179,72,86,4,341,0,0,0,341
04/27/2006,MSY,LA,ASW,CE,Combined TRACON& Tower with Radar,181,60,110,8,359,0,31,42,8,81,181,91,152,16,440,0,0,0,440
04/28/2006,MSY,LA,ASW,CE,Combined TRACON& Tower with Radar,175,82,87,5,349,0,21,33,0,54,175,103,120,5,403,0,0,0,403
04/29/2006,MSY,LA,ASW,CE,Combined TRACON& Tower with Radar,158,46,22,0,226,0,9,7,0,16,158,55,29,0,242,0,0,0,242
04/30/2006,MSY,LA,ASW,CE,Combined TRACON& Tower with Radar,154,62,63,0,279,1,5,22,0,28,155,67,85,0,307,0,0,0,307
05/01/2006,MSY,LA,ASW,CE,Combined TRACON& Tower with Radar,171,64,65,0,300,0,15,53,1,69,171,79,118,1,369,0,0,0,369
05/02/2006,MSY,LA,ASW,CE,Combined TRACON& Tower with Radar,176,70,57,1,304,0,22,32,1,55,176,92,89,2,359,0,0,0,359
05/03/2006,MSY,LA,ASW,CE,Combined TRACON& Tower with Radar,174,80,78,3,335,0,30,55,2,87,174,110,133,5,422,0,0,0,422
05/04/2006,MSY,LA,ASW,CE,Combined TRACON& Tower with Radar,180,87,76,0,343,0,29,30,0,59,180,116,106,0,402,0,0,0,402
05/05/2006,MSY,LA,ASW,CE,Combined TRACON& Tower with Radar,176,69,60,10,315,0,18,24,2,44,176,87,84,12,359,0,0,0,359
05/06/2006,MSY,LA,ASW,CE,Combined TRACON& Tower with Radar,164,44,32,1,241,0,6,20,0,26,164,50,52,1,267,0,0,0,267
05/07/2006,MSY,LA,ASW,CE,Combined TRACON& Tower with Radar,159,56,63,2,280,0,11,10,0,21,159,67,73,2,301,0,0,0,301
05/08/2006,MSY,LA,ASW,CE,Combined TRACON& Tower with Radar,180,59,61,0,300,0,18,21,1,40,180,77,82,1,340,0,0,0,340
05/09/2006,MSY,LA,ASW,CE,Combined TRACON& Tower with Radar,178,58,59,0,295,0,11,22,0,33,178,69,81,0,328,0,0,0,328
05/10/2006,MSY,LA,ASW,CE,Combined TRACON& Tower with Radar,180,64,73,5,322,0,10,30,2,42,180,74,103,7,364,0,0,0,364
05/11/2006,MSY,LA,ASW,CE,Combined TRACON& Tower with Radar,178,57,93,6,334,0,26,48,0,74,178,83,141,6,408,0,0,0,408
05/12/2006,MSY,LA,ASW,CE,Combined TRACON& Tower with Radar,183,61,59,5,308,0,13,60,7,80,183,74,119,12,388,0,0,0,388
05/13/2006,MSY,LA,ASW,CE,Combined TRACON& Tower with Radar,161,54,35,1,251,0,10,52,0,62,161,64,87,1,313,0,0,0,313
05/14/2006,MSY,LA,ASW,CE,Combined TRACON& Tower with Radar,176,53,32,2,263,0,17,15,0,32,176,70,47,2,295,0,0,0,295
05/15/2006,MSY,LA,ASW,CE,Combined TRACON& Tower with Radar,172,56,58,4,290,0,13,42,8,63,172,69,100,12,353,0,0,0,353
05/16/2006,MSY,LA,ASW,CE,Combined TRACON& Tower with Radar,181,68,61,2,312,0,7,30,0,37,181,75,91,2,349,0,0,0,349
05/17/2006,MSY,LA,ASW,CE,Combined TRACON& Tower with Radar,179,55,73,5,312,0,13,41,1,55,179,68,114,6,367,0,0,0,367
05/18/2006,MSY,LA,ASW,CE,Combined TRACON& Tower with Radar,182,63,69,4,318,0,29,27,0,56,182,92,96,4,374,0,0,0,374
05/19/2006,MSY,LA,ASW,CE,Combined TRACON& Tower with Radar,176,64,56,1,297,0,18,37,0,55,176,82,93,1,352,0,0,0,352
05/20/2006,MSY,LA,ASW,CE,Combined TRACON& Tower with Radar,159,46,28,0,233,0,9,22,0,31,159,55,50,0,264,0,0,0,264
05/21/2006,MSY,LA,ASW,CE,Combined TRACON& Tower with Radar,163,45,31,0,239,0,9,35,0,44,163,54,66,0,283,0,0,0,283
05/22/2006,MSY,LA,ASW,CE,Combined TRACON& Tower with Radar,175,54,50,0,279,1,36,35,0,72,176,90,85,0,351,0,0,0,351
05/23/2006,MSY,LA,ASW,CE,Combined TRACON& Tower with Radar,179,61,80,0,320,0,18,53,0,71,179,79,133,0,391,0,0,0,391
05/24/2006,MSY,LA,ASW,CE,Combined TRACON& Tower with Radar,179,61,63,3,306,0,20,45,0,65,179,81,108,3,371,0,0,0,371
05/25/2006,MSY,LA,ASW,CE,Combined TRACON& Tower with Radar,185,54,82,1,322,1,34,38,2,75,186,88,120,3,397,0,0,0,397
05/26/2006,MSY,LA,ASW,CE,Combined TRACON& Tower with Radar,183,65,51,0,299,0,2,37,4,43,183,67,88,4,342,0,0,0,342
05/27/2006,MSY,LA,ASW,CE,Combined TRACON& Tower with Radar,154,38,17,0,209,0,7,24,0,31,154,45,41,0,240,0,0,0,240
05/28/2006,MSY,LA,ASW,CE,Combined TRACON& Tower with Radar,164,29,17,1,211,0,6,8,0,14,164,35,25,1,225,0,0,0,225
05/29/2006,MSY,LA,ASW,CE,Combined TRACON& Tower with Radar,166,54,30,1,251,0,6,34,0,40,166,60,64,1,291,0,0,0,291
05/30/2006,MSY,LA,ASW,CE,Combined TRACON& Tower with Radar,179,67,68,0,314,1,18,26,0,45,180,85,94,0,359,0,0,0,359
05/31/2006,MSY,LA,ASW,CE,Combined TRACON& Tower with Radar,187,60,47,1,295,0,18,29,4,51,187,78,76,5,346,0,0,0,346
06/01/2006,MSY,LA,ASW,CE,Combined TRACON& Tower with Radar,180,69,77,0,326,0,18,28,4,50,180,87,105,4,376,0,0,0,376
06/02/2006,MSY,LA,ASW,CE,Combined TRACON& Tower with Radar,183,66,62,0,311,0,18,27,0,45,183,84,89,0,356,0,0,0,356
06/03/2006,MSY,LA,ASW,CE,Combined TRACON& Tower with Radar,161,52,23,1,237,0,13,28,7,48,161,65,51,8,285,0,0,0,285
06/04/2006,MSY,LA,ASW,CE,Combined TRACON& Tower with Radar,165,51,46,0,262,0,13,21,2,36,165,64,67,2,298,0,0,0,298
06/05/2006,MSY,LA,ASW,CE,Combined TRACON& Tower with Radar,169,57,37,4,267,0,16,26,1,43,169,73,63,5,310,0,0,0,310
06/06/2006,MSY,LA,ASW,CE,Combined TRACON& Tower with Radar,177,54,60,4,295,0,21,55,2,78,177,75,115,6,373,0,0,0,373
06/07/2006,MSY,LA,ASW,CE,Combined TRACON& Tower with Radar,178,51,49,1,279,0,9,32,0,41,178,60,81,1,320,0,0,0,320
06/08/2006,MSY,LA,ASW,CE,Combined TRACON& Tower with Radar,170,57,64,10,301,0,30,37,0,67,170,87,101,10,368,0,0,0,368
06/09/2006,MSY,LA,ASW,CE,Combined TRACON& Tower with Radar,173,63,51,3,290,0,15,17,3,35,173,78,68,6,325,0,0,0,325
06/10/2006,MSY,LA,ASW,CE,Combined TRACON& Tower with Radar,163,65,29,1,258,0,13,28,3,44,163,78,57,4,302,0,0,0,302
06/11/2006,MSY,LA,ASW,CE,Combined TRACON& Tower with Radar,169,54,27,5,255,0,8,31,0,39,169,62,58,5,294,0,0,0,294
06/12/2006,MSY,LA,ASW,CE,Combined TRACON& Tower with Radar,182,69,52,1,304,0,11,25,4,40,182,80,77,5,344,0,0,0,344
06/13/2006,MSY,LA,ASW,CE,Combined TRACON& Tower with Radar,191,71,59,2,323,0,20,32,2,54,191,91,91,4,377,0,0,0,377
06/14/2006,MSY,LA,ASW,CE,Combined TRACON& Tower with Radar,190,68,75,1,334,0,21,27,1,49,190,89,102,2,383,0,0,0,383
06/15/2006,MSY,LA,ASW,CE,Combined TRACON& Tower with Radar,187,58,83,3,331,0,19,42,0,61,187,77,125,3,392,0,0,0,392
06/16/2006,MSY,LA,ASW,CE,Combined TRACON& Tower with Radar,184,58,50,0,292,0,17,35,1,53,184,75,85,1,345,0,0,0,345
06/17/2006,MSY,LA,ASW,CE,Combined TRACON& Tower with Radar,180,52,18,0,250,0,12,5,4,21,180,64,23,4,271,0,0,0,271
06/18/2006,MSY,LA,ASW,CE,Combined TRACON& Tower with Radar,186,53,38,0,277,0,4,12,0,16,186,57,50,0,293,0,0,0,293
06/19/2006,MSY,LA,ASW,CE,Combined TRACON& Tower with Radar,174,63,72,0,309,0,16,29,5,50,174,79,101,5,359,0,0,0,359
06/20/2006,MSY,LA,ASW,CE,Combined TRACON& Tower with Radar,187,68,59,4,318,0,20,28,3,51,187,88,87,7,369,0,0,0,369
06/21/2006,MSY,LA,ASW,CE,Combined TRACON& Tower with Radar,183,68,74,2,327,0,16,30,1,47,183,84,104,3,374,0,0,0,374
06/22/2006,MSY,LA,ASW,CE,Combined TRACON& Tower with Radar,186,55,72,4,317,0,24,45,1,70,186,79,117,5,387,0,0,0,387
06/23/2006,MSY,LA,ASW,CE,Combined TRACON& Tower with Radar,180,67,55,4,306,0,21,23,10,54,180,88,78,14,360,0,0,0,360
06/24/2006,MSY,LA,ASW,CE,Combined TRACON& Tower with Radar,160,56,24,1,241,0,6,18,4,28,160,62,42,5,269,0,0,0,269
06/25/2006,MSY,LA,ASW,CE,Combined TRACON& Tower with Radar,167,53,23,2,245,0,8,16,1,25,167,61,39,3,270,0,0,0,270
06/26/2006,MSY,LA,ASW,CE,Combined TRACON& Tower with Radar,183,60,49,1,293,0,14,25,1,40,183,74,74,2,333,0,0,0,333
06/27/2006,MSY,LA,ASW,CE,Combined TRACON& Tower with Radar,185,76,54,0,315,0,20,40,0,60,185,96,94,0,375,0,0,0,375
06/28/2006,MSY,LA,ASW,CE,Combined TRACON& Tower with Radar,183,59,54,4,300,0,11,43,11,65,183,70,97,15,365,0,0,0,365
06/29/2006,MSY,LA,ASW,CE,Combined TRACON& Tower with Radar,184,65,62,5,316,0,17,31,7,55,184,82,93,12,371,0,0,0,371
06/30/2006,MSY,LA,ASW,CE,Combined TRACON& Tower with Radar,182,59,46,0,287,0,12,29,1,42,182,71,75,1,329,0,0,0,329
07/01/2006,MSY,LA,ASW,CE,Combined TRACON& Tower with Radar,159,58,26,0,243,0,3,24,6,33,159,61,50,6,276,0,0,0,276
07/02/2006,MSY,LA,ASW,CE,Combined TRACON& Tower with Radar,167,43,11,0,221,0,6,9,4,19,167,49,20,4,240,0,0,0,240
07/03/2006,MSY,LA,ASW,CE,Combined TRACON& Tower with Radar,154,54,17,0,225,0,14,11,0,25,154,68,28,0,250,0,0,0,250
07/04/2006,MSY,LA,ASW,CE,Combined TRACON& Tower with Radar,161,45,10,0,216,0,2,12,3,17,161,47,22,3,233,0,0,0,233
07/05/2006,MSY,LA,ASW,CE,Combined TRACON& Tower with Radar,184,62,47,7,300,0,15,19,2,36,184,77,66,9,336,0,0,0,336
07/06/2006,MSY,LA,ASW,CE,Combined TRACON& Tower with Radar,187,56,59,4,306,0,21,33,3,57,187,77,92,7,363,0,0,0,363
07/07/2006,MSY,LA,ASW,CE,Combined TRACON& Tower with Radar,187,60,45,2,294,0,17,24,0,41,187,77,69,2,335,0,0,0,335
07/08/2006,MSY,LA,ASW,CE,Combined TRACON& Tower with Radar,166,49,25,3,243,0,4,17,0,21,166,53,42,3,264,0,0,0,264
07/09/2006,MSY,LA,ASW,CE,Combined TRACON& Tower with Radar,170,44,27,0,241,0,6,14,1,21,170,50,41,1,262,0,0,0,262
07/10/2006,MSY,LA,ASW,CE,Combined TRACON& Tower with Radar,180,59,46,1,286,0,5,19,4,28,180,64,65,5,314,0,0,0,314
07/11/2006,MSY,LA,ASW,CE,Combined TRACON& Tower with Radar,185,67,48,2,302,0,18,25,2,45,185,85,73,4,347,0,0,0,347
07/12/2006,MSY,LA,ASW,CE,Combined TRACON& Tower with Radar,185,70,62,2,319,0,23,44,3,70,185,93,106,5,389,0,0,0,389
07/13/2006,MSY,LA,ASW,CE,Combined TRACON& Tower with Radar,181,58,58,3,300,0,22,26,1,49,181,80,84,4,349,0,0,0,349
07/14/2006,MSY,LA,ASW,CE,Combined TRACON& Tower with Radar,183,52,56,5,296,0,9,37,0,46,183,61,93,5,342,0,0,0,342
07/15/2006,MSY,LA,ASW,CE,Combined TRACON& Tower with Radar,165,51,21,0,237,0,8,13,4,25,165,59,34,4,262,0,0,0,262
07/16/2006,MSY,LA,ASW,CE,Combined TRACON& Tower with Radar,172,57,24,1,254,0,5,16,1,22,172,62,40,2,276,0,0,0,276
07/17/2006,MSY,LA,ASW,CE,Combined TRACON& Tower with Radar,174,56,63,2,295,0,12,25,1,38,174,68,88,3,333,0,0,0,333
07/18/2006,MSY,LA,ASW,CE,Combined TRACON& Tower with Radar,185,62,57,2,306,0,21,33,5,59,185,83,90,7,365,0,0,0,365
07/19/2006,MSY,LA,ASW,CE,Combined TRACON& Tower with Radar,185,58,50,10,303,0,20,35,7,62,185,78,85,17,365,0,0,0,365
07/20/2006,MSY,LA,ASW,CE,Combined TRACON& Tower with Radar,179,59,59,12,309,0,19,32,0,51,179,78,91,12,360,0,0,0,360
07/21/2006,MSY,LA,ASW,CE,Combined TRACON& Tower with Radar,187,58,41,3,289,0,15,19,2,36,187,73,60,5,325,0,0,0,325
07/22/2006,MSY,LA,ASW,CE,Combined TRACON& Tower with Radar,166,50,21,4,241,0,8,20,1,29,166,58,41,5,270,0,0,0,270
07/23/2006,MSY,LA,ASW,CE,Combined TRACON& Tower with Radar,171,49,23,0,243,0,1,11,0,12,171,50,34,0,255,0,0,0,255
07/24/2006,MSY,LA,ASW,CE,Combined TRACON& Tower with Radar,181,50,32,0,263,1,9,17,1,28,182,59,49,1,291,0,0,0,291
07/25/2006,MSY,LA,ASW,CE,Combined TRACON& Tower with Radar,184,67,46,2,299,0,10,20,0,30,184,77,66,2,329,0,0,0,329
07/26/2006,MSY,LA,ASW,CE,Combined TRACON& Tower with Radar,190,64,39,3,296,0,7,18,0,25,190,71,57,3,321,0,0,0,321
07/27/2006,MSY,LA,ASW,CE,Combined TRACON& Tower with Radar,181,61,66,0,308,0,16,14,1,31,181,77,80,1,339,0,0,0,339
07/28/2006,MSY,LA,ASW,CE,Combined TRACON& Tower with Radar,183,63,49,0,295,0,12,20,1,33,183,75,69,1,328,0,0,0,328
07/29/2006,MSY,LA,ASW,CE,Combined TRACON& Tower with Radar,168,55,16,0,239,0,7,3,1,11,168,62,19,1,250,0,0,0,250
07/30/2006,MSY,LA,ASW,CE,Combined TRACON& Tower with Radar,173,45,23,0,241,0,9,20,1,30,173,54,43,1,271,0,0,0,271
07/31/2006,MSY,LA,ASW,CE,Combined TRACON& Tower with Radar,178,60,52,1,291,0,14,18,0,32,178,74,70,1,323,0,0,0,323
08/01/2006,MSY,LA,ASW,CE,Combined TRACON& Tower with Radar,184,62,45,6,297,0,15,25,1,41,184,77,70,7,338,0,0,0,338
08/02/2006,MSY,LA,ASW,CE,Combined TRACON& Tower with Radar,186,66,72,6,330,0,15,23,1,39,186,81,95,7,369,0,0,0,369
08/03/2006,MSY,LA,ASW,CE,Combined TRACON& Tower with Radar,186,58,60,2,306,0,22,30,3,55,186,80,90,5,361,0,0,0,361
08/04/2006,MSY,LA,ASW,CE,Combined TRACON& Tower with Radar,185,69,33,2,289,0,11,38,0,49,185,80,71,2,338,0,0,0,338
08/05/2006,MSY,LA,ASW,CE,Combined TRACON& Tower with Radar,164,57,20,2,243,0,3,13,2,18,164,60,33,4,261,0,0,0,261
08/06/2006,MSY,LA,ASW,CE,Combined TRACON& Tower with Radar,169,48,35,4,256,0,5,8,0,13,169,53,43,4,269,0,0,0,269
08/07/2006,MSY,LA,ASW,CE,Combined TRACON& Tower with Radar,185,55,32,0,272,0,11,21,3,35,185,66,53,3,307,0,0,0,307
08/08/2006,MSY,LA,ASW,CE,Combined TRACON& Tower with Radar,189,56,79,2,326,0,14,41,1,56,189,70,120,3,382,0,0,0,382
08/09/2006,MSY,LA,ASW,CE,Combined TRACON& Tower with Radar,186,64,59,4,313,0,18,19,3,40,186,82,78,7,353,0,0,0,353
08/10/2006,MSY,LA,ASW,CE,Combined TRACON& Tower with Radar,186,58,63,5,312,0,19,28,2,49,186,77,91,7,361,0,0,0,361
08/11/2006,MSY,LA,ASW,CE,Combined TRACON& Tower with Radar,185,53,45,9,292,0,16,28,0,44,185,69,73,9,336,0,0,0,336
08/12/2006,MSY,LA,ASW,CE,Combined TRACON& Tower with Radar,165,55,39,1,260,0,3,23,2,28,165,58,62,3,288,0,0,0,288
08/13/2006,MSY,LA,ASW,CE,Combined TRACON& Tower with Radar,173,40,26,2,241,0,10,15,0,25,173,50,41,2,266,0,0,0,266
08/14/2006,MSY,LA,ASW,CE,Combined TRACON& Tower with Radar,178,60,49,0,287,0,17,20,1,38,178,77,69,1,325,0,0,0,325
08/15/2006,MSY,LA,ASW,CE,Combined TRACON& Tower with Radar,178,64,58,0,300,0,30,32,1,63,178,94,90,1,363,0,0,0,363
08/16/2006,MSY,LA,ASW,CE,Combined TRACON& Tower with Radar,181,73,48,10,312,0,16,29,4,49,181,89,77,14,361,0,0,0,361
08/17/2006,MSY,LA,ASW,CE,Combined TRACON& Tower with Radar,184,65,61,6,316,0,21,54,2,77,184,86,115,8,393,0,0,0,393
08/18/2006,MSY,LA,ASW,CE,Combined TRACON& Tower with Radar,181,59,58,9,307,0,17,24,1,42,181,76,82,10,349,0,0,0,349
08/19/2006,MSY,LA,ASW,CE,Combined TRACON& Tower with Radar,160,57,15,7,239,0,4,32,0,36,160,61,47,7,275,0,0,0,275
08/20/2006,MSY,LA,ASW,CE,Combined TRACON& Tower with Radar,174,43,34,0,251,0,3,10,3,16,174,46,44,3,267,0,0,0,267
08/21/2006,MSY,LA,ASW,CE,Combined TRACON& Tower with Radar,179,63,51,1,294,0,4,28,1,33,179,67,79,2,327,0,0,0,327
08/22/2006,MSY,LA,ASW,CE,Combined TRACON& Tower with Radar,182,61,61,3,307,0,14,24,4,42,182,75,85,7,349,0,0,0,349
08/23/2006,MSY,LA,ASW,CE,Combined TRACON& Tower with Radar,180,67,64,2,313,0,21,30,2,53,180,88,94,4,366,0,0,0,366
08/24/2006,MSY,LA,ASW,CE,Combined TRACON& Tower with Radar,176,56,74,2,308,0,14,25,0,39,176,70,99,2,347,0,0,0,347
08/25/2006,MSY,LA,ASW,CE,Combined TRACON& Tower with Radar,186,60,47,9,302,2,8,24,3,37,188,68,71,12,339,0,0,0,339
08/26/2006,MSY,LA,ASW,CE,Combined TRACON& Tower with Radar,164,56,22,2,244,0,4,18,1,23,164,60,40,3,267,0,0,0,267
08/27/2006,MSY,LA,ASW,CE,Combined TRACON& Tower with Radar,163,42,27,1,233,0,9,17,1,27,163,51,44,2,260,0,0,0,260
08/28/2006,MSY,LA,ASW,CE,Combined TRACON& Tower with Radar,178,58,56,6,298,0,14,29,1,44,178,72,85,7,342,0,0,0,342
08/29/2006,MSY,LA,ASW,CE,Combined TRACON& Tower with Radar,177,61,90,3,331,0,11,14,3,28,177,72,104,6,359,0,0,0,359
08/30/2006,MSY,LA,ASW,CE,Combined TRACON& Tower with Radar,168,60,61,2,291,0,18,22,0,40,168,78,83,2,331,0,0,0,331
08/31/2006,MSY,LA,ASW,CE,Combined TRACON& Tower with Radar,181,55,57,0,293,0,27,29,2,58,181,82,86,2,351,0,0,0,351
09/01/2006,MSY,LA,ASW,CE,Combined TRACON& Tower with Radar,185,65,31,4,285,0,8,36,0,44,185,73,67,4,329,0,0,0,329
09/02/2006,MSY,LA,ASW,CE,Combined TRACON& Tower with Radar,161,56,25,0,242,0,4,19,0,23,161,60,44,0,265,0,0,0,265
09/03/2006,MSY,LA,ASW,CE,Combined TRACON& Tower with Radar,152,38,17,2,209,0,0,22,2,24,152,38,39,4,233,0,0,0,233
09/04/2006,MSY,LA,ASW,CE,Combined TRACON& Tower with Radar,160,49,28,0,237,0,10,16,3,29,160,59,44,3,266,0,0,0,266
09/05/2006,MSY,LA,ASW,CE,Combined TRACON& Tower with Radar,178,63,30,1,272,0,10,17,2,29,178,73,47,3,301,0,0,0,301
09/06/2006,MSY,LA,ASW,CE,Combined TRACON& Tower with Radar,186,62,51,2,301,0,13,39,0,52,186,75,90,2,353,0,0,0,353
09/07/2006,MSY,LA,ASW,CE,Combined TRACON& Tower with Radar,199,53,60,2,314,0,14,24,0,38,199,67,84,2,352,0,0,0,352
09/08/2006,MSY,LA,ASW,CE,Combined TRACON& Tower with Radar,191,60,45,4,300,0,14,35,1,50,191,74,80,5,350,0,0,0,350
09/09/2006,MSY,LA,ASW,CE,Combined TRACON& Tower with Radar,180,32,11,0,223,0,9,16,3,28,180,41,27,3,251,0,0,0,251
09/10/2006,MSY,LA,ASW,CE,Combined TRACON& Tower with Radar,188,39,29,2,258,0,7,9,0,16,188,46,38,2,274,0,0,0,274
09/11/2006,MSY,LA,ASW,CE,Combined TRACON& Tower with Radar,185,60,41,5,291,25,15,31,5,76,210,75,72,10,367,0,0,0,367
09/12/2006,MSY,LA,ASW,CE,Combined TRACON& Tower with Radar,187,54,54,0,295,20,24,39,3,86,207,78,93,3,381,0,0,0,381
09/13/2006,MSY,LA,ASW,CE,Combined TRACON& Tower with Radar,187,64,83,2,336,5,31,33,0,69,192,95,116,2,405,0,0,0,405
09/14/2006,MSY,LA,ASW,CE,Combined TRACON& Tower with Radar,195,54,59,5,313,1,22,34,1,58,196,76,93,6,371,0,0,0,371
09/15/2006,MSY,LA,ASW,CE,Combined TRACON& Tower with Radar,203,53,56,13,325,0,17,27,8,52,203,70,83,21,377,0,0,0,377
09/16/2006,MSY,LA,ASW,CE,Combined TRACON& Tower with Radar,169,38,40,0,247,0,7,13,0,20,169,45,53,0,267,0,0,0,267
09/17/2006,MSY,LA,ASW,CE,Combined TRACON& Tower with Radar,177,46,38,2,263,0,7,21,2,30,177,53,59,4,293,0,0,0,293
09/18/2006,MSY,LA,ASW,CE,Combined TRACON& Tower with Radar,195,59,27,0,281,1,15,21,3,40,196,74,48,3,321,0,0,0,321
09/19/2006,MSY,LA,ASW,CE,Combined TRACON& Tower with Radar,188,54,49,4,295,0,8,31,3,42,188,62,80,7,337,0,0,0,337
09/20/2006,MSY,LA,ASW,CE,Combined TRACON& Tower with Radar,189,46,59,3,297,1,23,53,5,82,190,69,112,8,379,0,0,0,379
09/21/2006,MSY,LA,ASW,CE,Combined TRACON& Tower with Radar,199,55,60,3,317,0,23,43,1,67,199,78,103,4,384,0,0,0,384
09/22/2006,MSY,LA,ASW,CE,Combined TRACON& Tower with Radar,194,61,62,2,319,0,20,19,0,39,194,81,81,2,358,0,0,0,358
09/23/2006,MSY,LA,ASW,CE,Combined TRACON& Tower with Radar,169,38,15,2,224,0,5,10,0,15,169,43,25,2,239,0,0,0,239
09/24/2006,MSY,LA,ASW,CE,Combined TRACON& Tower with Radar,181,35,47,0,263,0,6,12,1,19,181,41,59,1,282,0,0,0,282
09/25/2006,MSY,LA,ASW,CE,Combined TRACON& Tower with Radar,196,57,79,1,333,0,24,35,4,63,196,81,114,5,396,0,0,0,396
09/26/2006,MSY,LA,ASW,CE,Combined TRACON& Tower with Radar,190,51,83,4,328,0,20,37,1,58,190,71,120,5,386,0,0,0,386
09/27/2006,MSY,LA,ASW,CE,Combined TRACON& Tower with Radar,190,47,59,0,296,0,25,42,0,67,190,72,101,0,363,0,0,0,363
09/28/2006,MSY,LA,ASW,CE,Combined TRACON& Tower with Radar,195,47,62,0,304,0,19,28,2,49,195,66,90,2,353,0,0,0,353
09/29/2006,MSY,LA,ASW,CE,Combined TRACON& Tower with Radar,192,45,57,0,294,0,16,32,1,49,192,61,89,1,343,0,0,0,343
09/30/2006,MSY,LA,ASW,CE,Combined TRACON& Tower with Radar,173,35,30,0,238,0,6,16,0,22,173,41,46,0,260,0,0,0,260
10/01/2006,MSY,LA,ASW,CE,Combined TRACON& Tower with Radar,182,35,24,1,242,0,4,23,1,28,182,39,47,2,270,0,0,0,270
10/02/2006,MSY,LA,ASW,CE,Combined TRACON& Tower with Radar,194,46,35,1,276,0,16,40,2,58,194,62,75,3,334,0,0,0,334
10/03/2006,MSY,LA,ASW,CE,Combined TRACON& Tower with Radar,189,44,73,2,308,0,12,41,1,54,189,56,114,3,362,0,0,0,362
10/04/2006,MSY,LA,ASW,CE,Combined TRACON& Tower with Radar,192,45,52,2,291,2,17,26,1,46,194,62,78,3,337,0,0,0,337
10/05/2006,MSY,LA,ASW,CE,Combined TRACON& Tower with Radar,201,57,49,0,307,3,32,35,0,70,204,89,84,0,377,0,0,0,377
10/06/2006,MSY,LA,ASW,CE,Combined TRACON& Tower with Radar,195,49,58,1,303,0,15,38,5,58,195,64,96,6,361,0,0,0,361
10/07/2006,MSY,LA,ASW,CE,Combined TRACON& Tower with Radar,181,32,22,3,238,1,7,36,2,46,182,39,58,5,284,0,0,0,284
10/08/2006,MSY,LA,ASW,CE,Combined TRACON& Tower with Radar,182,32,38,0,252,1,7,32,0,40,183,39,70,0,292,0,0,0,292
10/09/2006,MSY,LA,ASW,CE,Combined TRACON& Tower with Radar,191,45,36,0,272,1,21,48,1,71,192,66,84,1,343,0,0,0,343
10/10/2006,MSY,LA,ASW,CE,Combined TRACON& Tower with Radar,211,39,74,3,327,0,12,32,0,44,211,51,106,3,371,0,0,0,371
10/11/2006,MSY,LA,ASW,CE,Combined TRACON& Tower with Radar,199,47,83,8,337,0,17,31,0,48,199,64,114,8,385,0,0,0,385
10/12/2006,MSY,LA,ASW,CE,Combined TRACON& Tower with Radar,199,51,79,9,338,0,16,16,10,42,199,67,95,19,380,0,0,0,380
10/13/2006,MSY,LA,ASW,CE,Combined TRACON& Tower with Radar,202,44,63,0,309,1,3,32,0,36,203,47,95,0,345,0,0,0,345
10/14/2006,MSY,LA,ASW,CE,Combined TRACON& Tower with Radar,180,35,27,1,243,0,2,26,0,28,180,37,53,1,271,0,0,0,271
10/15/2006,MSY,LA,ASW,CE,Combined TRACON& Tower with Radar,184,38,57,0,279,0,0,15,2,17,184,38,72,2,296,0,0,0,296
10/16/2006,MSY,LA,ASW,CE,Combined TRACON& Tower with Radar,212,52,37,1,302,0,0,5,7,12,212,52,42,8,314,0,0,0,314
10/17/2006,MSY,LA,ASW,CE,Combined TRACON& Tower with Radar,201,39,54,1,295,0,3,15,5,23,201,42,69,6,318,0,0,0,318
10/18/2006,MSY,LA,ASW,CE,Combined TRACON& Tower with Radar,194,53,72,0,319,0,3,13,0,16,194,56,85,0,335,0,0,0,335
10/19/2006,MSY,LA,ASW,CE,Combined TRACON& Tower with Radar,199,43,67,0,309,0,16,3,0,19,199,59,70,0,328,0,0,0,328
10/20/2006,MSY,LA,ASW,CE,Combined TRACON& Tower with Radar,197,48,59,3,307,0,18,27,3,48,197,66,86,6,355,0,0,0,355
10/21/2006,MSY,LA,ASW,CE,Combined TRACON& Tower with Radar,175,42,22,0,239,0,0,18,0,18,175,42,40,0,257,0,0,0,257
10/22/2006,MSY,LA,ASW,CE,Combined TRACON& Tower with Radar,180,31,42,0,253,0,10,16,0,26,180,41,58,0,279,0,0,0,279
10/23/2006,MSY,LA,ASW,CE,Combined TRACON& Tower with Radar,193,40,58,0,291,0,9,35,4,48,193,49,93,4,339,0,0,0,339
10/24/2006,MSY,LA,ASW,CE,Combined TRACON& Tower with Radar,195,41,79,2,317,0,20,34,8,62,195,61,113,10,379,0,0,0,379
10/25/2006,MSY,LA,ASW,CE,Combined TRACON& Tower with Radar,198,42,77,1,318,0,21,31,1,53,198,63,108,2,371,0,0,0,371
10/26/2006,MSY,LA,ASW,CE,Combined TRACON& Tower with Radar,190,54,49,3,296,1,20,13,2,36,191,74,62,5,332,0,0,0,332
10/27/2006,MSY,LA,ASW,CE,Combined TRACON& Tower with Radar,201,58,71,1,331,0,6,8,2,16,201,64,79,3,347,0,0,0,347
10/28/2006,MSY,LA,ASW,CE,Combined TRACON& Tower with Radar,187,37,25,0,249,0,5,26,1,32,187,42,51,1,281,0,0,0,281
10/29/2006,MSY,LA,ASW,CE,Combined TRACON& Tower with Radar,180,56,58,1,295,0,9,36,0,45,180,65,94,1,340,0,0,0,340
10/30/2006,MSY,LA,ASW,CE,Combined TRACON& Tower with Radar,195,41,58,0,294,0,13,33,2,48,195,54,91,2,342,0,0,0,342
10/31/2006,MSY,LA,ASW,CE,Combined TRACON& Tower with Radar,201,41,56,4,302,0,12,32,2,46,201,53,88,6,348,0,0,0,348
11/01/2006,MSY,LA,ASW,CE,Combined TRACON& Tower with Radar,216,37,72,1,326,0,15,18,1,34,216,52,90,2,360,0,0,0,360
11/02/2006,MSY,LA,ASW,CE,Combined TRACON& Tower with Radar,210,37,66,0,313,0,14,38,5,57,210,51,104,5,370,0,0,0,370
11/03/2006,MSY,LA,ASW,CE,Combined TRACON& Tower with Radar,208,38,61,1,308,0,6,40,1,47,208,44,101,2,355,0,0,0,355
11/04/2006,MSY,LA,ASW,CE,Combined TRACON& Tower with Radar,180,28,32,1,241,0,8,23,3,34,180,36,55,4,275,0,0,0,275
11/05/2006,MSY,LA,ASW,CE,Combined TRACON& Tower with Radar,187,36,39,1,263,39,17,29,0,85,226,53,68,1,348,0,0,0,348
11/06/2006,MSY,LA,ASW,CE,Combined TRACON& Tower with Radar,203,30,49,1,283,0,18,14,0,32,203,48,63,1,315,0,0,0,315
11/07/2006,MSY,LA,ASW,CE,Combined TRACON& Tower with Radar,203,46,72,0,321,0,7,28,0,35,203,53,100,0,356,0,0,0,356
11/08/2006,MSY,LA,ASW,CE,Combined TRACON& Tower with Radar,207,46,70,7,330,0,12,46,3,61,207,58,116,10,391,0,0,0,391
11/09/2006,MSY,LA,ASW,CE,Combined TRACON& Tower with Radar,209,49,81,2,341,0,11,27,1,39,209,60,108,3,380,0,0,0,380
11/10/2006,MSY,LA,ASW,CE,Combined TRACON& Tower with Radar,213,58,93,4,368,0,4,29,0,33,213,62,122,4,401,0,0,0,401
11/11/2006,MSY,LA,ASW,CE,Combined TRACON& Tower with Radar,182,38,22,0,242,0,8,13,0,21,182,46,35,0,263,0,0,0,263
11/12/2006,MSY,LA,ASW,CE,Combined TRACON& Tower with Radar,187,39,52,0,278,0,3,23,0,26,187,42,75,0,304,0,0,0,304
11/13/2006,MSY,LA,ASW,CE,Combined TRACON& Tower with Radar,202,44,65,1,312,0,20,33,3,56,202,64,98,4,368,0,0,0,368
11/14/2006,MSY,LA,ASW,CE,Combined TRACON& Tower with Radar,205,38,75,6,324,0,15,30,2,47,205,53,105,8,371,0,0,0,371
11/15/2006,MSY,LA,ASW,CE,Combined TRACON& Tower with Radar,204,46,40,2,292,0,2,10,0,12,204,48,50,2,304,0,0,0,304
11/16/2006,MSY,LA,ASW,CE,Combined TRACON& Tower with Radar,209,49,87,0,345,0,21,52,0,73,209,70,139,0,418,0,0,0,418
11/17/2006,MSY,LA,ASW,CE,Combined TRACON& Tower with Radar,208,49,61,2,320,0,17,39,0,56,208,66,100,2,376,0,0,0,376
11/18/2006,MSY,LA,ASW,CE,Combined TRACON& Tower with Radar,186,36,26,0,248,0,7,40,0,47,186,43,66,0,295,0,0,0,295
11/19/2006,MSY,LA,ASW,CE,Combined TRACON& Tower with Radar,186,33,41,0,260,0,1,15,1,17,186,34,56,1,277,0,0,0,277
11/20/2006,MSY,LA,ASW,CE,Combined TRACON& Tower with Radar,195,40,49,1,285,0,21,24,0,45,195,61,73,1,330,0,0,0,330
11/21/2006,MSY,LA,ASW,CE,Combined TRACON& Tower with Radar,211,40,77,1,329,0,11,50,2,63,211,51,127,3,392,0,0,0,392
11/22/2006,MSY,LA,ASW,CE,Combined TRACON& Tower with Radar,213,42,37,0,292,1,14,36,0,51,214,56,73,0,343,0,0,0,343
11/23/2006,MSY,LA,ASW,CE,Combined TRACON& Tower with Radar,173,34,13,0,220,0,11,22,0,33,173,45,35,0,253,0,0,0,253
11/24/2006,MSY,LA,ASW,CE,Combined TRACON& Tower with Radar,174,32,21,0,227,0,6,26,0,32,174,38,47,0,259,0,0,0,259
11/25/2006,MSY,LA,ASW,CE,Combined TRACON& Tower with Radar,184,34,28,0,246,1,2,14,3,20,185,36,42,3,266,0,0,0,266
11/26/2006,MSY,LA,ASW,CE,Combined TRACON& Tower with Radar,196,51,37,0,284,0,4,33,1,38,196,55,70,1,322,0,0,0,322
11/27/2006,MSY,LA,ASW,CE,Combined TRACON& Tower with Radar,206,41,46,0,293,0,20,27,0,47,206,61,73,0,340,0,0,0,340
11/28/2006,MSY,LA,ASW,CE,Combined TRACON& Tower with Radar,219,48,93,0,360,0,20,46,1,67,219,68,139,1,427,0,0,0,427
11/29/2006,MSY,LA,ASW,CE,Combined TRACON& Tower with Radar,206,44,83,0,333,0,21,36,2,59,206,65,119,2,392,0,0,0,392
11/30/2006,MSY,LA,ASW,CE,Combined TRACON& Tower with Radar,202,41,60,0,303,0,13,22,0,35,202,54,82,0,338,0,0,0,338
12/01/2006,MSY,LA,ASW,CE,Combined TRACON& Tower with Radar,213,46,65,0,324,0,14,47,0,61,213,60,112,0,385,0,0,0,385
12/02/2006,MSY,LA,ASW,CE,Combined TRACON& Tower with Radar,177,32,35,1,245,0,7,35,2,44,177,39,70,3,289,0,0,0,289
12/03/2006,MSY,LA,ASW,CE,Combined TRACON& Tower with Radar,188,26,43,2,259,0,9,29,3,41,188,35,72,5,300,0,0,0,300
12/04/2006,MSY,LA,ASW,CE,Combined TRACON& Tower with Radar,203,43,59,2,307,0,6,23,8,37,203,49,82,10,344,0,0,0,344
12/05/2006,MSY,LA,ASW,CE,Combined TRACON& Tower with Radar,206,44,78,0,328,0,26,38,1,65,206,70,116,1,393,0,0,0,393
12/06/2006,MSY,LA,ASW,CE,Combined TRACON& Tower with Radar,205,38,65,6,314,0,26,38,0,64,205,64,103,6,378,0,0,0,378
12/07/2006,MSY,LA,ASW,CE,Combined TRACON& Tower with Radar,216,53,67,4,340,0,16,46,1,63,216,69,113,5,403,0,0,0,403
12/08/2006,MSY,LA,ASW,CE,Combined TRACON& Tower with Radar,201,43,68,5,317,0,9,27,3,39,201,52,95,8,356,0,0,0,356
12/09/2006,MSY,LA,ASW,CE,Combined TRACON& Tower with Radar,146,29,29,0,204,0,8,24,0,32,146,37,53,0,236,0,0,0,236
12/10/2006,MSY,LA,ASW,CE,Combined TRACON& Tower with Radar,190,35,40,2,267,1,10,33,1,45,191,45,73,3,312,0,0,0,312
12/11/2006,MSY,LA,ASW,CE,Combined TRACON& Tower with Radar,201,42,52,3,298,0,18,5,0,23,201,60,57,3,321,0,0,0,321
12/12/2006,MSY,LA,ASW,CE,Combined TRACON& Tower with Radar,205,36,62,0,303,0,15,14,1,30,205,51,76,1,333,0,0,0,333
12/13/2006,MSY,LA,ASW,CE,Combined TRACON& Tower with Radar,208,45,78,2,333,0,3,14,0,17,208,48,92,2,350,0,0,0,350
12/14/2006,MSY,LA,ASW,CE,Combined TRACON& Tower with Radar,210,50,101,6,367,0,8,10,0,18,210,58,111,6,385,0,0,0,385
12/15/2006,MSY,LA,ASW,CE,Combined TRACON& Tower with Radar,217,39,101,0,357,0,2,29,0,31,217,41,130,0,388,0,0,0,388
12/16/2006,MSY,LA,ASW,CE,Combined TRACON& Tower with Radar,173,32,22,2,229,0,1,20,0,21,173,33,42,2,250,0,0,0,250
12/17/2006,MSY,LA,ASW,CE,Combined TRACON& Tower with Radar,185,38,62,1,286,0,3,22,1,26,185,41,84,2,312,0,0,0,312
12/18/2006,MSY,LA,ASW,CE,Combined TRACON& Tower with Radar,196,41,46,5,288,0,0,2,0,2,196,41,48,5,290,0,0,0,290
12/19/2006,MSY,LA,ASW,CE,Combined TRACON& Tower with Radar,203,41,52,3,299,0,0,18,0,18,203,41,70,3,317,0,0,0,317
12/20/2006,MSY,LA,ASW,CE,Combined TRACON& Tower with Radar,202,45,62,3,312,0,15,19,1,35,202,60,81,4,347,0,0,0,347
12/21/2006,MSY,LA,ASW,CE,Combined TRACON& Tower with Radar,202,31,60,3,296,0,1,4,0,5,202,32,64,3,301,0,0,0,301
12/22/2006,MSY,LA,ASW,CE,Combined TRACON& Tower with Radar,202,41,68,0,311,0,0,5,0,5,202,41,73,0,316,0,0,0,316
12/23/2006,MSY,LA,ASW,CE,Combined TRACON& Tower with Radar,176,31,49,0,256,0,13,26,1,40,176,44,75,1,296,0,0,0,296
12/24/2006,MSY,LA,ASW,CE,Combined TRACON& Tower with Radar,170,20,14,0,204,0,0,6,0,6,170,20,20,0,210,0,0,0,210
12/25/2006,MSY,LA,ASW,CE,Combined TRACON& Tower with Radar,166,19,2,0,187,0,0,4,1,5,166,19,6,1,192,0,0,0,192
12/26/2006,MSY,LA,ASW,CE,Combined TRACON& Tower with Radar,190,32,64,2,288,2,3,16,0,21,192,35,80,2,309,0,0,0,309
12/27/2006,MSY,LA,ASW,CE,Combined TRACON& Tower with Radar,201,34,47,0,282,0,12,35,2,49,201,46,82,2,331,0,0,0,331
12/28/2006,MSY,LA,ASW,CE,Combined TRACON& Tower with Radar,205,35,53,2,295,0,29,26,0,55,205,64,79,2,350,0,0,0,350
12/29/2006,MSY,LA,ASW,CE,Combined TRACON& Tower with Radar,190,35,62,1,288,0,15,17,0,32,190,50,79,1,320,0,0,0,320
12/30/2006,MSY,LA,ASW,CE,Combined TRACON& Tower with Radar,194,29,32,0,255,0,0,2,0,2,194,29,34,0,257,0,0,0,257
12/31/2006,MSY,LA,ASW,CE,Combined TRACON& Tower with Radar,176,22,13,0,211,0,2,7,1,10,176,24,20,1,221,0,0,0,221
01/01/2007,MSY,LA,ASW,CE,Combined TRACON& Tower with Radar,174,23,50,0,247,1,8,16,0,25,175,31,66,0,272,0,0,0,272
01/02/2007,MSY,LA,ASW,CE,Combined TRACON& Tower with Radar,195,44,88,0,327,0,9,26,0,35,195,53,114,0,362,0,0,0,362
01/03/2007,MSY,LA,ASW,CE,Combined TRACON& Tower with Radar,198,51,78,4,331,0,9,19,7,35,198,60,97,11,366,0,0,0,366
01/04/2007,MSY,LA,ASW,CE,Combined TRACON& Tower with Radar,204,48,107,0,359,0,2,5,1,8,204,50,112,1,367,0,0,0,367
01/05/2007,MSY,LA,ASW,CE,Combined TRACON& Tower with Radar,203,41,55,6,305,1,5,31,5,42,204,46,86,11,347,0,0,0,347
01/06/2007,MSY,LA,ASW,CE,Combined TRACON& Tower with Radar,173,28,23,3,227,1,0,8,5,14,174,28,31,8,241,0,0,0,241
01/07/2007,MSY,LA,ASW,CE,Combined TRACON& Tower with Radar,186,22,21,1,230,0,2,3,0,5,186,24,24,1,235,0,0,0,235
01/08/2007,MSY,LA,ASW,CE,Combined TRACON& Tower with Radar,195,28,40,3,266,0,21,36,3,60,195,49,76,6,326,0,0,0,326
01/09/2007,MSY,LA,ASW,CE,Combined TRACON& Tower with Radar,197,41,52,1,291,0,16,45,0,61,197,57,97,1,352,0,0,0,352
01/10/2007,MSY,LA,ASW,CE,Combined TRACON& Tower with Radar,199,35,48,1,283,0,17,44,2,63,199,52,92,3,346,0,0,0,346
01/11/2007,MSY,LA,ASW,CE,Combined TRACON& Tower with Radar,201,36,61,0,298,0,23,42,2,67,201,59,103,2,365,0,0,0,365
01/12/2007,MSY,LA,ASW,CE,Combined TRACON& Tower with Radar,200,46,73,3,322,0,7,24,1,32,200,53,97,4,354,0,0,0,354
01/13/2007,MSY,LA,ASW,CE,Combined TRACON& Tower with Radar,171,39,42,1,253,0,14,25,0,39,171,53,67,1,292,0,0,0,292
01/14/2007,MSY,LA,ASW,CE,Combined TRACON& Tower with Radar,177,38,50,1,266,0,5,14,0,19,177,43,64,1,285,0,0,0,285
01/15/2007,MSY,LA,ASW,CE,Combined TRACON& Tower with Radar,191,35,28,0,254,0,4,5,2,11,191,39,33,2,265,0,0,0,265
01/16/2007,MSY,LA,ASW,CE,Combined TRACON& Tower with Radar,198,27,60,1,286,0,4,7,0,11,198,31,67,1,297,0,0,0,297
01/17/2007,MSY,LA,ASW,CE,Combined TRACON& Tower with Radar,193,31,40,0,264,0,24,25,0,49,193,55,65,0,313,0,0,0,313
01/18/2007,MSY,LA,ASW,CE,Combined TRACON& Tower with Radar,195,36,77,1,309,0,26,10,0,36,195,62,87,1,345,0,0,0,345
01/19/2007,MSY,LA,ASW,CE,Combined TRACON& Tower with Radar,206,37,72,0,315,0,2,9,0,11,206,39,81,0,326,0,0,0,326
01/20/2007,MSY,LA,ASW,CE,Combined TRACON& Tower with Radar,173,49,33,0,255,0,3,17,1,21,173,52,50,1,276,0,0,0,276
01/21/2007,MSY,LA,ASW,CE,Combined TRACON& Tower with Radar,177,27,29,4,237,0,1,2,0,3,177,28,31,4,240,0,0,0,240
01/22/2007,MSY,LA,ASW,CE,Combined TRACON& Tower with Radar,200,55,61,0,316,0,5,17,0,22,200,60,78,0,338,0,0,0,338
01/23/2007,MSY,LA,ASW,CE,Combined TRACON& Tower with Radar,195,47,63,5,310,6,14,18,1,39,201,61,81,6,349,0,0,0,349
01/24/2007,MSY,LA,ASW,CE,Combined TRACON& Tower with Radar,200,38,72,2,312,1,1,27,0,29,201,39,99,2,341,0,0,0,341
01/25/2007,MSY,LA,ASW,CE,Combined TRACON& Tower with Radar,200,33,60,4,297,1,17,33,0,51,201,50,93,4,348,0,0,0,348
01/26/2007,MSY,LA,ASW,CE,Combined TRACON& Tower with Radar,201,44,52,4,301,0,11,25,2,38,201,55,77,6,339,0,0,0,339
01/27/2007,MSY,LA,ASW,CE,Combined TRACON& Tower with Radar,168,28,28,0,224,0,0,3,0,3,168,28,31,0,227,0,0,0,227
01/28/2007,MSY,LA,ASW,CE,Combined TRACON& Tower with Radar,180,37,39,3,259,0,7,16,2,25,180,44,55,5,284,0,0,0,284
01/29/2007,MSY,LA,ASW,CE,Combined TRACON& Tower with Radar,198,60,56,0,314,0,22,28,2,52,198,82,84,2,366,0,0,0,366
01/30/2007,MSY,LA,ASW,CE,Combined TRACON& Tower with Radar,200,62,77,3,342,11,12,27,8,58,211,74,104,11,400,0,0,0,400
01/31/2007,MSY,LA,ASW,CE,Combined TRACON& Tower with Radar,200,42,73,1,316,6,23,27,2,58,206,65,100,3,374,0,0,0,374
02/01/2007,MSY,LA,ASW,CE,Combined TRACON& Tower with Radar,188,46,61,0,295,0,0,2,1,3,188,46,63,1,298,0,0,0,298
02/02/2007,MSY,LA,ASW,CE,Combined TRACON& Tower with Radar,197,47,62,0,306,0,12,9,1,22,197,59,71,1,328,0,0,0,328
02/03/2007,MSY,LA,ASW,CE,Combined TRACON& Tower with Radar,166,32,31,0,229,0,7,24,4,35,166,39,55,4,264,0,0,0,264
02/04/2007,MSY,LA,ASW,CE,Combined TRACON& Tower with Radar,181,40,28,0,249,0,2,21,0,23,181,42,49,0,272,0,0,0,272
02/05/2007,MSY,LA,ASW,CE,Combined TRACON& Tower with Radar,192,44,65,1,302,0,22,29,1,52,192,66,94,2,354,0,0,0,354
02/06/2007,MSY,LA,ASW,CE,Combined TRACON& Tower with Radar,200,39,55,5,299,3,17,40,0,60,203,56,95,5,359,0,0,0,359
02/07/2007,MSY,LA,ASW,CE,Combined TRACON& Tower with Radar,202,50,69,4,325,0,15,44,8,67,202,65,113,12,392,0,0,0,392
02/08/2007,MSY,LA,ASW,CE,Combined TRACON& Tower with Radar,209,42,74,1,326,0,22,43,0,65,209,64,117,1,391,0,0,0,391
02/09/2007,MSY,LA,ASW,CE,Combined TRACON& Tower with Radar,219,47,71,2,339,0,13,24,3,40,219,60,95,5,379,0,0,0,379
02/10/2007,MSY,LA,ASW,CE,Combined TRACON& Tower with Radar,174,45,22,4,245,0,18,27,7,52,174,63,49,11,297,0,0,0,297
02/11/2007,MSY,LA,ASW,CE,Combined TRACON& Tower with Radar,188,29,40,2,259,0,17,33,3,53,188,46,73,5,312,0,0,0,312
02/12/2007,MSY,LA,ASW,CE,Combined TRACON& Tower with Radar,193,25,64,0,282,0,15,27,1,43,193,40,91,1,325,0,0,0,325
02/13/2007,MSY,LA,ASW,CE,Combined TRACON& Tower with Radar,184,31,52,0,267,0,17,18,2,37,184,48,70,2,304,0,0,0,304
02/14/2007,MSY,LA,ASW,CE,Combined TRACON& Tower with Radar,183,35,59,1,278,0,23,30,0,53,183,58,89,1,331,0,0,0,331
02/15/2007,MSY,LA,ASW,CE,Combined TRACON& Tower with Radar,207,37,78,1,323,0,12,42,0,54,207,49,120,1,377,0,0,0,377
02/16/2007,MSY,LA,ASW,CE,Combined TRACON& Tower with Radar,214,37,84,1,336,0,18,39,1,58,214,55,123,2,394,0,0,0,394
02/17/2007,MSY,LA,ASW,CE,Combined TRACON& Tower with Radar,187,49,40,6,282,0,22,41,0,63,187,71,81,6,345,0,0,0,345
02/18/2007,MSY,LA,ASW,CE,Combined TRACON& Tower with Radar,190,37,50,0,277,0,18,18,0,36,190,55,68,0,313,0,0,0,313
02/19/2007,MSY,LA,ASW,CE,Combined TRACON& Tower with Radar,206,38,42,7,293,0,11,32,1,44,206,49,74,8,337,0,0,0,337
02/20/2007,MSY,LA,ASW,CE,Combined TRACON& Tower with Radar,206,41,35,3,285,0,22,17,0,39,206,63,52,3,324,0,0,0,324
02/21/2007,MSY,LA,ASW,CE,Combined TRACON& Tower with Radar,218,41,59,0,318,0,11,34,4,49,218,52,93,4,367,0,0,0,367
02/22/2007,MSY,LA,ASW,CE,Combined TRACON& Tower with Radar,212,44,67,4,327,0,15,41,1,57,212,59,108,5,384,0,0,0,384
02/23/2007,MSY,LA,ASW,CE,Combined TRACON& Tower with Radar,217,42,53,4,316,0,17,39,2,58,217,59,92,6,374,0,0,0,374
02/24/2007,MSY,LA,ASW,CE,Combined TRACON& Tower with Radar,191,45,31,2,269,0,4,14,0,18,191,49,45,2,287,0,0,0,287
02/25/2007,MSY,LA,ASW,CE,Combined TRACON& Tower with Radar,171,47,70,2,290,0,6,27,3,36,171,53,97,5,326,0,0,0,326
02/26/2007,MSY,LA,ASW,CE,Combined TRACON& Tower with Radar,206,38,69,1,314,0,14,25,1,40,206,52,94,2,354,0,0,0,354
02/27/2007,MSY,LA,ASW,CE,Combined TRACON& Tower with Radar,211,42,56,0,309,0,9,28,2,39,211,51,84,2,348,0,0,0,348
02/28/2007,MSY,LA,ASW,CE,Combined TRACON& Tower with Radar,208,50,59,3,320,1,7,16,1,25,209,57,75,4,345,0,0,0,345
03/01/2007,MSY,LA,ASW,CE,Combined TRACON& Tower with Radar,212,33,51,1,297,0,3,12,3,18,212,36,63,4,315,0,0,0,315
03/02/2007,MSY,LA,ASW,CE,Combined TRACON& Tower with Radar,211,47,77,2,337,0,14,34,1,49,211,61,111,3,386,0,0,0,386
03/03/2007,MSY,LA,ASW,CE,Combined TRACON& Tower with Radar,176,32,36,0,244,0,3,39,0,42,176,35,75,0,286,0,0,0,286
03/04/2007,MSY,LA,ASW,CE,Combined TRACON& Tower with Radar,193,24,44,1,262,0,3,33,1,37,193,27,77,2,299,0,0,0,299
03/05/2007,MSY,LA,ASW,CE,Combined TRACON& Tower with Radar,203,23,31,1,258,0,30,31,4,65,203,53,62,5,323,0,0,0,323
03/06/2007,MSY,LA,ASW,CE,Combined TRACON& Tower with Radar,215,27,65,0,307,0,24,31,3,58,215,51,96,3,365,0,0,0,365
03/07/2007,MSY,LA,ASW,CE,Combined TRACON& Tower with Radar,209,33,70,2,314,0,15,47,0,62,209,48,117,2,376,0,0,0,376
03/08/2007,MSY,LA,ASW,CE,Combined TRACON& Tower with Radar,218,41,55,0,314,0,21,53,1,75,218,62,108,1,389,0,0,0,389
03/09/2007,MSY,LA,ASW,CE,Combined TRACON& Tower with Radar,215,33,64,0,312,0,18,27,0,45,215,51,91,0,357,0,0,0,357
03/10/2007,MSY,LA,ASW,CE,Combined TRACON& Tower with Radar,179,36,52,2,269,0,4,33,3,40,179,40,85,5,309,0,0,0,309
03/11/2007,MSY,LA,ASW,CE,Combined TRACON& Tower with Radar,196,38,70,1,305,1,5,28,2,36,197,43,98,3,341,0,0,0,341
03/12/2007,MSY,LA,ASW,CE,Combined TRACON& Tower with Radar,208,30,58,0,296,0,11,21,4,36,208,41,79,4,332,0,0,0,332
03/13/2007,MSY,LA,ASW,CE,Combined TRACON& Tower with Radar,201,32,57,0,290,0,9,23,1,33,201,41,80,1,323,0,0,0,323
03/14/2007,MSY,LA,ASW,CE,Combined TRACON& Tower with Radar,229,30,66,0,325,0,0,8,0,8,229,30,74,0,333,0,0,0,333
03/15/2007,MSY,LA,ASW,CE,Combined TRACON& Tower with Radar,216,33,69,0,318,0,11,26,0,37,216,44,95,0,355,0,0,0,355
03/16/2007,MSY,LA,ASW,CE,Combined TRACON& Tower with Radar,191,36,95,0,322,0,14,21,0,35,191,50,116,0,357,0,0,0,357
03/17/2007,MSY,LA,ASW,CE,Combined TRACON& Tower with Radar,176,45,41,0,262,0,9,34,0,43,176,54,75,0,305,0,0,0,305
03/18/2007,MSY,LA,ASW,CE,Combined TRACON& Tower with Radar,203,28,56,0,287,0,10,31,1,42,203,38,87,1,329,0,0,0,329
03/19/2007,MSY,LA,ASW,CE,Combined TRACON& Tower with Radar,209,26,55,1,291,0,21,29,0,50,209,47,84,1,341,0,0,0,341
03/20/2007,MSY,LA,ASW,CE,Combined TRACON& Tower with Radar,214,34,82,0,330,1,29,28,1,59,215,63,110,1,389,0,0,0,389
03/21/2007,MSY,LA,ASW,CE,Combined TRACON& Tower with Radar,213,35,84,0,332,1,27,27,0,55,214,62,111,0,387,0,0,0,387
03/22/2007,MSY,LA,ASW,CE,Combined TRACON& Tower with Radar,209,40,79,4,332,0,23,41,0,64,209,63,120,4,396,0,0,0,396
03/23/2007,MSY,LA,ASW,CE,Combined TRACON& Tower with Radar,224,32,72,1,329,0,19,25,0,44,224,51,97,1,373,0,0,0,373
03/24/2007,MSY,LA,ASW,CE,Combined TRACON& Tower with Radar,188,38,40,0,266,2,3,18,5,28,190,41,58,5,294,0,0,0,294
03/25/2007,MSY,LA,ASW,CE,Combined TRACON& Tower with Radar,202,31,44,2,279,0,2,17,0,19,202,33,61,2,298,0,0,0,298
03/26/2007,MSY,LA,ASW,CE,Combined TRACON& Tower with Radar,203,25,55,0,283,0,12,20,2,34,203,37,75,2,317,0,0,0,317
03/27/2007,MSY,LA,ASW,CE,Combined TRACON& Tower with Radar,225,41,66,0,332,0,16,33,7,56,225,57,99,7,388,0,0,0,388
03/28/2007,MSY,LA,ASW,CE,Combined TRACON& Tower with Radar,212,42,66,0,320,0,17,29,0,46,212,59,95,0,366,0,0,0,366
03/29/2007,MSY,LA,ASW,CE,Combined TRACON& Tower with Radar,210,40,64,3,317,0,26,55,0,81,210,66,119,3,398,0,0,0,398
03/30/2007,MSY,LA,ASW,CE,Combined TRACON& Tower with Radar,205,37,82,1,325,0,14,27,1,42,205,51,109,2,367,0,0,0,367
03/31/2007,MSY,LA,ASW,CE,Combined TRACON& Tower with Radar,178,26,46,4,254,2,1,15,1,19,180,27,61,5,273,0,0,0,273
04/01/2007,MSY,LA,ASW,CE,Combined TRACON& Tower with Radar,196,32,64,1,293,0,4,5,0,9,196,36,69,1,302,0,0,0,302
04/02/2007,MSY,LA,ASW,CE,Combined TRACON& Tower with Radar,206,35,74,0,315,0,5,16,0,21,206,40,90,0,336,0,0,0,336
04/03/2007,MSY,LA,ASW,CE,Combined TRACON& Tower with Radar,206,48,74,0,328,0,22,36,2,60,206,70,110,2,388,0,0,0,388
04/04/2007,MSY,LA,ASW,CE,Combined TRACON& Tower with Radar,212,49,60,0,321,0,13,23,0,36,212,62,83,0,357,0,0,0,357
04/05/2007,MSY,LA,ASW,CE,Combined TRACON& Tower with Radar,215,51,69,1,336,0,15,32,2,49,215,66,101,3,385,0,0,0,385
04/06/2007,MSY,LA,ASW,CE,Combined TRACON& Tower with Radar,214,37,47,0,298,2,9,26,0,37,216,46,73,0,335,0,0,0,335
04/07/2007,MSY,LA,ASW,CE,Combined TRACON& Tower with Radar,184,24,23,0,231,0,6,10,1,17,184,30,33,1,248,0,0,0,248
04/08/2007,MSY,LA,ASW,CE,Combined TRACON& Tower with Radar,194,19,22,0,235,1,2,15,0,18,195,21,37,0,253,0,0,0,253
04/09/2007,MSY,LA,ASW,CE,Combined TRACON& Tower with Radar,199,54,39,0,292,0,8,25,4,37,199,62,64,4,329,0,0,0,329
04/10/2007,MSY,LA,ASW,CE,Combined TRACON& Tower with Radar,206,47,34,0,287,0,9,7,0,16,206,56,41,0,303,0,0,0,303
04/11/2007,MSY,LA,ASW,CE,Combined TRACON& Tower with Radar,198,48,72,0,318,1,6,26,0,33,199,54,98,0,351,0,0,0,351
04/12/2007,MSY,LA,ASW,CE,Combined TRACON& Tower with Radar,204,43,62,6,315,0,22,40,0,62,204,65,102,6,377,0,0,0,377
04/13/2007,MSY,LA,ASW,CE,Combined TRACON& Tower with Radar,205,50,57,1,313,0,17,19,1,37,205,67,76,2,350,0,0,0,350
04/14/2007,MSY,LA,ASW,CE,Combined TRACON& Tower with Radar,181,35,24,0,240,0,4,13,6,23,181,39,37,6,263,0,0,0,263
04/15/2007,MSY,LA,ASW,CE,Combined TRACON& Tower with Radar,185,44,45,0,274,0,1,28,0,29,185,45,73,0,303,0,0,0,303
04/16/2007,MSY,LA,ASW,CE,Combined TRACON& Tower with Radar,197,61,51,5,314,0,17,32,0,49,197,78,83,5,363,0,0,0,363
04/17/2007,MSY,LA,ASW,CE,Combined TRACON& Tower with Radar,200,68,65,2,335,0,24,55,0,79,200,92,120,2,414,0,0,0,414
04/18/2007,MSY,LA,ASW,CE,Combined TRACON& Tower with Radar,207,61,63,2,333,0,31,45,0,76,207,92,108,2,409,0,0,0,409
04/19/2007,MSY,LA,ASW,CE,Combined TRACON& Tower with Radar,200,52,68,6,326,0,38,49,3,90,200,90,117,9,416,0,0,0,416
04/20/2007,MSY,LA,ASW,CE,Combined TRACON& Tower with Radar,201,55,59,4,319,0,13,34,6,53,201,68,93,10,372,0,0,0,372
04/21/2007,MSY,LA,ASW,CE,Combined TRACON& Tower with Radar,192,38,35,1,266,0,10,23,2,35,192,48,58,3,301,0,0,0,301
04/22/2007,MSY,LA,ASW,CE,Combined TRACON& Tower with Radar,186,44,43,1,274,0,2,14,0,16,186,46,57,1,290,0,0,0,290
04/23/2007,MSY,LA,ASW,CE,Combined TRACON& Tower with Radar,199,50,43,1,293,0,15,36,3,54,199,65,79,4,347,0,0,0,347
04/24/2007,MSY,LA,ASW,CE,Combined TRACON& Tower with Radar,193,48,69,0,310,0,18,30,0,48,193,66,99,0,358,0,0,0,358
04/25/2007,MSY,LA,ASW,CE,Combined TRACON& Tower with Radar,207,48,67,1,323,2,12,27,0,41,209,60,94,1,364,0,0,0,364
04/26/2007,MSY,LA,ASW,CE,Combined TRACON& Tower with Radar,205,55,70,2,332,0,10,33,1,44,205,65,103,3,376,0,0,0,376
04/27/2007,MSY,LA,ASW,CE,Combined TRACON& Tower with Radar,203,46,64,0,313,1,8,35,0,44,204,54,99,0,357,0,0,0,357
04/28/2007,MSY,LA,ASW,CE,Combined TRACON& Tower with Radar,186,48,40,0,274,0,5,37,1,43,186,53,77,1,317,0,0,0,317
04/29/2007,MSY,LA,ASW,CE,Combined TRACON& Tower with Radar,186,37,47,0,270,0,2,35,1,38,186,39,82,1,308,0,0,0,308
04/30/2007,MSY,LA,ASW,CE,Combined TRACON& Tower with Radar,195,62,74,1,332,0,21,36,0,57,195,83,110,1,389,0,0,0,389
05/01/2007,MSY,LA,ASW,CE,Combined TRACON& Tower with Radar,203,64,80,0,347,0,22,51,3,76,203,86,131,3,423,0,0,0,423
05/02/2007,MSY,LA,ASW,CE,Combined TRACON& Tower with Radar,202,57,71,3,333,0,12,33,1,46,202,69,104,4,379,0,0,0,379
05/03/2007,MSY,LA,ASW,CE,Combined TRACON& Tower with Radar,220,65,56,0,341,0,12,42,0,54,220,77,98,0,395,0,0,0,395
05/04/2007,MSY,LA,ASW,CE,Combined TRACON& Tower with Radar,209,51,60,0,320,0,12,21,2,35,209,63,81,2,355,0,0,0,355
05/05/2007,MSY,LA,ASW,CE,Combined TRACON& Tower with Radar,180,32,28,0,240,1,5,16,2,24,181,37,44,2,264,0,0,0,264
05/06/2007,MSY,LA,ASW,CE,Combined TRACON& Tower with Radar,193,50,46,1,290,1,2,24,10,37,194,52,70,11,327,0,0,0,327
05/07/2007,MSY,LA,ASW,CE,Combined TRACON& Tower with Radar,208,50,54,3,315,0,18,25,1,44,208,68,79,4,359,0,0,0,359
05/08/2007,MSY,LA,ASW,CE,Combined TRACON& Tower with Radar,203,55,71,0,329,0,24,28,2,54,203,79,99,2,383,0,0,0,383
05/09/2007,MSY,LA,ASW,CE,Combined TRACON& Tower with Radar,204,51,52,3,310,1,8,44,5,58,205,59,96,8,368,0,0,0,368
05/10/2007,MSY,LA,ASW,CE,Combined TRACON& Tower with Radar,216,53,60,0,329,0,19,27,9,55,216,72,87,9,384,0,0,0,384
05/11/2007,MSY,LA,ASW,CE,Combined TRACON& Tower with Radar,210,57,58,2,327,0,10,32,1,43,210,67,90,3,370,0,0,0,370
05/12/2007,MSY,LA,ASW,CE,Combined TRACON& Tower with Radar,190,32,22,0,244,0,1,21,0,22,190,33,43,0,266,0,0,0,266
05/13/2007,MSY,LA,ASW,CE,Combined TRACON& Tower with Radar,186,39,36,4,265,0,0,35,0,35,186,39,71,4,300,0,0,0,300
05/14/2007,MSY,LA,ASW,CE,Combined TRACON& Tower with Radar,198,70,45,2,315,1,19,26,4,50,199,89,71,6,365,0,0,0,365
05/15/2007,MSY,LA,ASW,CE,Combined TRACON& Tower with Radar,195,70,41,2,308,0,10,18,1,29,195,80,59,3,337,0,0,0,337
05/16/2007,MSY,LA,ASW,CE,Combined TRACON& Tower with Radar,204,72,52,9,337,0,15,26,0,41,204,87,78,9,378,0,0,0,378
05/17/2007,MSY,LA,ASW,CE,Combined TRACON& Tower with Radar,208,74,59,14,355,0,30,35,0,65,208,104,94,14,420,0,0,0,420
05/18/2007,MSY,LA,ASW,CE,Combined TRACON& Tower with Radar,202,76,53,7,338,1,6,29,0,36,203,82,82,7,374,0,0,0,374
05/19/2007,MSY,LA,ASW,CE,Combined TRACON& Tower with Radar,185,45,37,4,271,0,4,27,4,35,185,49,64,8,306,0,0,0,306
05/20/2007,MSY,LA,ASW,CE,Combined TRACON& Tower with Radar,186,60,43,0,289,0,10,31,0,41,186,70,74,0,330,0,0,0,330
05/21/2007,MSY,LA,ASW,CE,Combined TRACON& Tower with Radar,203,62,26,0,291,0,19,36,2,57,203,81,62,2,348,0,0,0,348
05/22/2007,MSY,LA,ASW,CE,Combined TRACON& Tower with Radar,192,78,38,0,308,0,21,27,4,52,192,99,65,4,360,0,0,0,360
05/23/2007,MSY,LA,ASW,CE,Combined TRACON& Tower with Radar,207,77,51,2,337,0,23,35,0,58,207,100,86,2,395,0,0,0,395
05/24/2007,MSY,LA,ASW,CE,Combined TRACON& Tower with Radar,199,64,79,2,344,1,12,35,0,48,200,76,114,2,392,0,0,0,392
05/25/2007,MSY,LA,ASW,CE,Combined TRACON& Tower with Radar,206,77,91,1,375,0,8,41,2,51,206,85,132,3,426,0,0,0,426
05/26/2007,MSY,LA,ASW,CE,Combined TRACON& Tower with Radar,184,40,28,1,253,0,1,30,2,33,184,41,58,3,286,0,0,0,286
05/27/2007,MSY,LA,ASW,CE,Combined TRACON& Tower with Radar,185,49,22,0,256,0,1,17,2,20,185,50,39,2,276,0,0,0,276
05/28/2007,MSY,LA,ASW,CE,Combined TRACON& Tower with Radar,209,56,33,0,298,0,2,13,0,15,209,58,46,0,313,0,0,0,313
05/29/2007,MSY,LA,ASW,CE,Combined TRACON& Tower with Radar,202,65,49,0,316,0,17,20,0,37,202,82,69,0,353,0,0,0,353
05/30/2007,MSY,LA,ASW,CE,Combined TRACON& Tower with Radar,200,64,58,0,322,0,18,16,0,34,200,82,74,0,356,0,0,0,356
05/31/2007,MSY,LA,ASW,CE,Combined TRACON& Tower with Radar,208,61,79,0,348,0,24,20,1,45,208,85,99,1,393,0,0,0,393
06/01/2007,MSY,LA,ASW,CE,Combined TRACON& Tower with Radar,204,61,46,8,319,0,10,27,5,42,204,71,73,13,361,0,0,0,361
06/02/2007,MSY,LA,ASW,CE,Combined TRACON& Tower with Radar,186,48,37,0,271,0,7,15,0,22,186,55,52,0,293,0,0,0,293
06/03/2007,MSY,LA,ASW,CE,Combined TRACON& Tower with Radar,186,44,38,0,268,0,1,18,2,21,186,45,56,2,289,0,0,0,289
06/04/2007,MSY,LA,ASW,CE,Combined TRACON& Tower with Radar,203,69,40,0,312,0,9,20,2,31,203,78,60,2,343,0,0,0,343
06/05/2007,MSY,LA,ASW,CE,Combined TRACON& Tower with Radar,211,84,58,2,355,0,27,21,5,53,211,111,79,7,408,0,0,0,408
06/06/2007,MSY,LA,ASW,CE,Combined TRACON& Tower with Radar,204,73,47,2,326,0,23,30,1,54,204,96,77,3,380,0,0,0,380
06/07/2007,MSY,LA,ASW,CE,Combined TRACON& Tower with Radar,214,72,51,0,337,0,29,41,1,71,214,101,92,1,408,0,0,0,408
06/08/2007,MSY,LA,ASW,CE,Combined TRACON& Tower with Radar,201,73,45,0,319,0,20,46,0,66,201,93,91,0,385,0,0,0,385
06/09/2007,MSY,LA,ASW,CE,Combined TRACON& Tower with Radar,197,55,9,0,261,0,2,16,0,18,197,57,25,0,279,0,0,0,279
06/10/2007,MSY,LA,ASW,CE,Combined TRACON& Tower with Radar,196,56,27,3,282,0,3,15,0,18,196,59,42,3,300,0,0,0,300
06/11/2007,MSY,LA,ASW,CE,Combined TRACON& Tower with Radar,195,63,32,0,290,0,8,23,2,33,195,71,55,2,323,0,0,0,323
06/12/2007,MSY,LA,ASW,CE,Combined TRACON& Tower with Radar,215,73,71,0,359,0,15,41,0,56,215,88,112,0,415,0,0,0,415
06/13/2007,MSY,LA,ASW,CE,Combined TRACON& Tower with Radar,212,78,67,1,358,0,22,29,3,54,212,100,96,4,412,0,0,0,412
06/14/2007,MSY,LA,ASW,CE,Combined TRACON& Tower with Radar,213,65,74,2,354,0,10,37,0,47,213,75,111,2,401,0,0,0,401
06/15/2007,MSY,LA,ASW,CE,Combined TRACON& Tower with Radar,211,61,55,2,329,0,15,35,0,50,211,76,90,2,379,0,0,0,379
06/16/2007,MSY,LA,ASW,CE,Combined TRACON& Tower with Radar,196,57,13,1,267,0,1,34,1,36,196,58,47,2,303,0,0,0,303
06/17/2007,MSY,LA,ASW,CE,Combined TRACON& Tower with Radar,199,52,27,0,278,0,12,11,0,23,199,64,38,0,301,0,0,0,301
06/18/2007,MSY,LA,ASW,CE,Combined TRACON& Tower with Radar,200,83,45,1,329,0,14,12,1,27,200,97,57,2,356,0,0,0,356
06/19/2007,MSY,LA,ASW,CE,Combined TRACON& Tower with Radar,213,73,41,6,333,0,13,27,0,40,213,86,68,6,373,0,0,0,373
06/20/2007,MSY,LA,ASW,CE,Combined TRACON& Tower with Radar,207,74,65,2,348,0,11,46,0,57,207,85,111,2,405,0,0,0,405
06/21/2007,MSY,LA,ASW,CE,Combined TRACON& Tower with Radar,218,67,64,3,352,0,11,37,2,50,218,78,101,5,402,0,0,0,402
06/22/2007,MSY,LA,ASW,CE,Combined TRACON& Tower with Radar,205,75,48,0,328,0,8,36,0,44,205,83,84,0,372,0,0,0,372
06/23/2007,MSY,LA,ASW,CE,Combined TRACON& Tower with Radar,191,55,27,0,273,0,9,23,1,33,191,64,50,1,306,0,0,0,306
06/24/2007,MSY,LA,ASW,CE,Combined TRACON& Tower with Radar,192,57,36,2,287,0,11,10,0,21,192,68,46,2,308,0,0,0,308
06/25/2007,MSY,LA,ASW,CE,Combined TRACON& Tower with Radar,193,64,43,0,300,0,17,18,0,35,193,81,61,0,335,0,0,0,335
06/26/2007,MSY,LA,ASW,CE,Combined TRACON& Tower with Radar,207,77,51,5,340,0,23,26,0,49,207,100,77,5,389,0,0,0,389
06/27/2007,MSY,LA,ASW,CE,Combined TRACON& Tower with Radar,200,63,48,0,311,0,16,25,0,41,200,79,73,0,352,0,0,0,352
06/28/2007,MSY,LA,ASW,CE,Combined TRACON& Tower with Radar,212,71,62,3,348,1,17,35,5,58,213,88,97,8,406,0,0,0,406
06/29/2007,MSY,LA,ASW,CE,Combined TRACON& Tower with Radar,208,65,45,2,320,0,14,33,1,48,208,79,78,3,368,0,0,0,368
06/30/2007,MSY,LA,ASW,CE,Combined TRACON& Tower with Radar,192,62,28,2,284,0,3,11,3,17,192,65,39,5,301,0,0,0,301
07/01/2007,MSY,LA,ASW,CE,Combined TRACON& Tower with Radar,188,51,26,0,265,0,2,18,1,21,188,53,44,1,286,0,0,0,286
07/02/2007,MSY,LA,ASW,CE,Combined TRACON& Tower with Radar,198,66,42,2,308,0,21,28,1,50,198,87,70,3,358,0,0,0,358
07/03/2007,MSY,LA,ASW,CE,Combined TRACON& Tower with Radar,206,63,44,0,313,1,21,11,0,33,207,84,55,0,346,0,0,0,346
07/04/2007,MSY,LA,ASW,CE,Combined TRACON& Tower with Radar,182,45,11,0,238,0,13,9,1,23,182,58,20,1,261,0,0,0,261
07/05/2007,MSY,LA,ASW,CE,Combined TRACON& Tower with Radar,198,59,56,4,317,0,13,31,2,46,198,72,87,6,363,0,0,0,363
07/06/2007,MSY,LA,ASW,CE,Combined TRACON& Tower with Radar,212,63,43,5,323,0,9,11,1,21,212,72,54,6,344,0,0,0,344
07/07/2007,MSY,LA,ASW,CE,Combined TRACON& Tower with Radar,189,57,24,0,270,0,5,23,0,28,189,62,47,0,298,0,0,0,298
07/08/2007,MSY,LA,ASW,CE,Combined TRACON& Tower with Radar,198,55,39,1,293,0,10,17,1,28,198,65,56,2,321,0,0,0,321
07/09/2007,MSY,LA,ASW,CE,Combined TRACON& Tower with Radar,202,68,51,0,321,0,12,39,1,52,202,80,90,1,373,0,0,0,373
07/10/2007,MSY,LA,ASW,CE,Combined TRACON& Tower with Radar,207,71,50,2,330,0,39,33,2,74,207,110,83,4,404,0,0,0,404
07/11/2007,MSY,LA,ASW,CE,Combined TRACON& Tower with Radar,214,75,46,2,337,0,21,25,3,49,214,96,71,5,386,0,0,0,386
07/12/2007,MSY,LA,ASW,CE,Combined TRACON& Tower with Radar,214,64,57,3,338,0,40,16,0,56,214,104,73,3,394,0,0,0,394
07/13/2007,MSY,LA,ASW,CE,Combined TRACON& Tower with Radar,214,72,56,2,344,0,13,25,0,38,214,85,81,2,382,0,0,0,382
07/14/2007,MSY,LA,ASW,CE,Combined TRACON& Tower with Radar,193,64,25,1,283,0,3,12,2,17,193,67,37,3,300,0,0,0,300
07/15/2007,MSY,LA,ASW,CE,Combined TRACON& Tower with Radar,193,57,21,2,273,0,6,19,0,25,193,63,40,2,298,0,0,0,298
07/16/2007,MSY,LA,ASW,CE,Combined TRACON& Tower with Radar,202,72,52,0,326,0,3,15,0,18,202,75,67,0,344,0,0,0,344
07/17/2007,MSY,LA,ASW,CE,Combined TRACON& Tower with Radar,211,66,64,2,343,1,5,24,0,30,212,71,88,2,373,0,0,0,373
07/18/2007,MSY,LA,ASW,CE,Combined TRACON& Tower with Radar,202,71,45,3,321,1,18,23,3,45,203,89,68,6,366,0,0,0,366
07/19/2007,MSY,LA,ASW,CE,Combined TRACON& Tower with Radar,255,85,61,1,402,1,21,13,0,35,256,106,74,1,437,0,0,0,437
07/20/2007,MSY,LA,ASW,CE,Combined TRACON& Tower with Radar,224,68,43,2,337,0,19,20,2,41,224,87,63,4,378,0,0,0,378
07/21/2007,MSY,LA,ASW,CE,Combined TRACON& Tower with Radar,190,56,17,1,264,0,2,19,1,22,190,58,36,2,286,0,0,0,286
07/22/2007,MSY,LA,ASW,CE,Combined TRACON& Tower with Radar,184,57,25,0,266,0,4,39,0,43,184,61,64,0,309,0,0,0,309
07/23/2007,MSY,LA,ASW,CE,Combined TRACON& Tower with Radar,209,72,31,0,312,1,18,34,2,55,210,90,65,2,367,0,0,0,367
07/24/2007,MSY,LA,ASW,CE,Combined TRACON& Tower with Radar,211,81,46,2,340,1,30,31,0,62,212,111,77,2,402,0,0,0,402
07/25/2007,MSY,LA,ASW,CE,Combined TRACON& Tower with Radar,209,90,36,4,339,0,12,44,0,56,209,102,80,4,395,0,0,0,395
07/26/2007,MSY,LA,ASW,CE,Combined TRACON& Tower with Radar,215,70,64,2,351,0,20,44,4,68,215,90,108,6,419,0,0,0,419
07/27/2007,MSY,LA,ASW,CE,Combined TRACON& Tower with Radar,208,69,60,2,339,1,13,23,0,37,209,82,83,2,376,0,0,0,376
07/28/2007,MSY,LA,ASW,CE,Combined TRACON& Tower with Radar,197,58,28,0,283,0,10,19,0,29,197,68,47,0,312,0,0,0,312
07/29/2007,MSY,LA,ASW,CE,Combined TRACON& Tower with Radar,181,59,39,0,279,0,5,27,0,32,181,64,66,0,311,0,0,0,311
07/30/2007,MSY,LA,ASW,CE,Combined TRACON& Tower with Radar,200,68,57,0,325,1,27,25,0,53,201,95,82,0,378,0,0,0,378
07/31/2007,MSY,LA,ASW,CE,Combined TRACON& Tower with Radar,213,72,36,1,322,0,9,29,4,42,213,81,65,5,364,0,0,0,364
08/01/2007,MSY,LA,ASW,CE,Combined TRACON& Tower with Radar,210,74,55,4,343,0,23,27,0,50,210,97,82,4,393,0,0,0,393
08/02/2007,MSY,LA,ASW,CE,Combined TRACON& Tower with Radar,222,71,58,7,358,0,21,21,3,45,222,92,79,10,403,0,0,0,403
08/03/2007,MSY,LA,ASW,CE,Combined TRACON& Tower with Radar,212,65,50,2,329,0,13,32,5,50,212,78,82,7,379,0,0,0,379
08/04/2007,MSY,LA,ASW,CE,Combined TRACON& Tower with Radar,183,56,18,2,259,2,4,35,0,41,185,60,53,2,300,0,0,0,300
08/05/2007,MSY,LA,ASW,CE,Combined TRACON& Tower with Radar,194,53,48,0,295,0,8,22,2,32,194,61,70,2,327,0,0,0,327
08/06/2007,MSY,LA,ASW,CE,Combined TRACON& Tower with Radar,208,63,31,0,302,0,9,32,0,41,208,72,63,0,343,0,0,0,343
08/07/2007,MSY,LA,ASW,CE,Combined TRACON& Tower with Radar,210,68,50,0,328,0,18,44,2,64,210,86,94,2,392,0,0,0,392
08/08/2007,MSY,LA,ASW,CE,Combined TRACON& Tower with Radar,206,69,63,2,340,0,26,35,4,65,206,95,98,6,405,0,0,0,405
08/09/2007,MSY,LA,ASW,CE,Combined TRACON& Tower with Radar,204,71,49,4,328,0,29,36,3,68,204,100,85,7,396,0,0,0,396
08/10/2007,MSY,LA,ASW,CE,Combined TRACON& Tower with Radar,210,64,41,0,315,0,9,40,1,50,210,73,81,1,365,0,0,0,365
08/11/2007,MSY,LA,ASW,CE,Combined TRACON& Tower with Radar,202,52,26,0,280,0,9,30,0,39,202,61,56,0,319,0,0,0,319
08/12/2007,MSY,LA,ASW,CE,Combined TRACON& Tower with Radar,194,49,27,8,278,0,5,18,2,25,194,54,45,10,303,0,0,0,303
08/13/2007,MSY,LA,ASW,CE,Combined TRACON& Tower with Radar,206,64,39,2,311,0,13,23,2,38,206,77,62,4,349,0,0,0,349
08/14/2007,MSY,LA,ASW,CE,Combined TRACON& Tower with Radar,211,63,36,1,311,1,19,37,0,57,212,82,73,1,368,0,0,0,368
08/15/2007,MSY,LA,ASW,CE,Combined TRACON& Tower with Radar,214,79,56,1,350,0,19,24,4,47,214,98,80,5,397,0,0,0,397
08/16/2007,MSY,LA,ASW,CE,Combined TRACON& Tower with Radar,226,69,50,0,345,0,18,26,4,48,226,87,76,4,393,0,0,0,393
08/17/2007,MSY,LA,ASW,CE,Combined TRACON& Tower with Radar,216,84,65,0,365,0,10,39,0,49,216,94,104,0,414,0,0,0,414
08/18/2007,MSY,LA,ASW,CE,Combined TRACON& Tower with Radar,196,52,18,2,268,0,4,33,0,37,196,56,51,2,305,0,0,0,305
08/19/2007,MSY,LA,ASW,CE,Combined TRACON& Tower with Radar,187,51,21,0,259,1,2,15,2,20,188,53,36,2,279,0,0,0,279
08/20/2007,MSY,LA,ASW,CE,Combined TRACON& Tower with Radar,204,73,24,0,301,0,7,18,1,26,204,80,42,1,327,0,0,0,327
08/21/2007,MSY,LA,ASW,CE,Combined TRACON& Tower with Radar,210,71,50,2,333,0,14,26,0,40,210,85,76,2,373,0,0,0,373
08/22/2007,MSY,LA,ASW,CE,Combined TRACON& Tower with Radar,204,71,49,2,326,1,16,24,4,45,205,87,73,6,371,0,0,0,371
08/23/2007,MSY,LA,ASW,CE,Combined TRACON& Tower with Radar,208,68,45,1,322,0,14,11,4,29,208,82,56,5,351,0,0,0,351
08/24/2007,MSY,LA,ASW,CE,Combined TRACON& Tower with Radar,210,69,50,1,330,0,19,25,2,46,210,88,75,3,376,0,0,0,376
08/25/2007,MSY,LA,ASW,CE,Combined TRACON& Tower with Radar,191,49,30,0,270,0,2,14,2,18,191,51,44,2,288,0,0,0,288
08/26/2007,MSY,LA,ASW,CE,Combined TRACON& Tower with Radar,186,54,36,2,278,0,1,23,1,25,186,55,59,3,303,0,0,0,303
08/27/2007,MSY,LA,ASW,CE,Combined TRACON& Tower with Radar,213,63,49,3,328,0,11,24,0,35,213,74,73,3,363,0,0,0,363
08/28/2007,MSY,LA,ASW,CE,Combined TRACON& Tower with Radar,221,72,56,6,355,0,15,18,8,41,221,87,74,14,396,0,0,0,396
08/29/2007,MSY,LA,ASW,CE,Combined TRACON& Tower with Radar,205,67,48,1,321,0,5,10,2,17,205,72,58,3,338,0,0,0,338
08/30/2007,MSY,LA,ASW,CE,Combined TRACON& Tower with Radar,219,65,48,0,332,0,11,20,0,31,219,76,68,0,363,0,0,0,363
08/31/2007,MSY,LA,ASW,CE,Combined TRACON& Tower with Radar,217,80,49,0,346,0,15,31,0,46,217,95,80,0,392,0,0,0,392
09/01/2007,MSY,LA,ASW,CE,Combined TRACON& Tower with Radar,172,43,15,0,230,0,0,12,0,12,172,43,27,0,242,0,0,0,242
09/02/2007,MSY,LA,ASW,CE,Combined TRACON& Tower with Radar,142,41,25,2,210,0,2,15,0,17,142,43,40,2,227,0,0,0,227
09/03/2007,MSY,LA,ASW,CE,Combined TRACON& Tower with Radar,184,56,12,0,252,0,6,20,0,26,184,62,32,0,278,0,0,0,278
09/04/2007,MSY,LA,ASW,CE,Combined TRACON& Tower with Radar,206,62,44,2,314,0,10,13,0,23,206,72,57,2,337,0,0,0,337
09/05/2007,MSY,LA,ASW,CE,Combined TRACON& Tower with Radar,199,74,49,1,323,0,11,27,0,38,199,85,76,1,361,0,0,0,361
09/06/2007,MSY,LA,ASW,CE,Combined TRACON& Tower with Radar,212,75,43,3,333,0,10,21,0,31,212,85,64,3,364,0,0,0,364
09/07/2007,MSY,LA,ASW,CE,Combined TRACON& Tower with Radar,215,69,56,0,340,0,2,12,3,17,215,71,68,3,357,0,0,0,357
09/08/2007,MSY,LA,ASW,CE,Combined TRACON& Tower with Radar,182,59,17,0,258,0,6,15,0,21,182,65,32,0,279,0,0,0,279
09/09/2007,MSY,LA,ASW,CE,Combined TRACON& Tower with Radar,188,57,26,2,273,0,2,27,0,29,188,59,53,2,302,0,0,0,302
09/10/2007,MSY,LA,ASW,CE,Combined TRACON& Tower with Radar,195,70,33,3,301,0,19,13,1,33,195,89,46,4,334,0,0,0,334
09/11/2007,MSY,LA,ASW,CE,Combined TRACON& Tower with Radar,203,63,48,0,314,0,27,11,0,38,203,90,59,0,352,0,0,0,352
09/12/2007,MSY,LA,ASW,CE,Combined TRACON& Tower with Radar,205,73,63,1,342,0,16,19,6,41,205,89,82,7,383,0,0,0,383
09/13/2007,MSY,LA,ASW,CE,Combined TRACON& Tower with Radar,206,65,28,0,299,0,8,13,0,21,206,73,41,0,320,0,0,0,320
09/14/2007,MSY,LA,ASW,CE,Combined TRACON& Tower with Radar,215,66,29,0,310,1,12,34,0,47,216,78,63,0,357,0,0,0,357
09/15/2007,MSY,LA,ASW,CE,Combined TRACON& Tower with Radar,187,62,19,2,270,0,2,21,0,23,187,64,40,2,293,0,0,0,293
09/16/2007,MSY,LA,ASW,CE,Combined TRACON& Tower with Radar,192,53,33,2,280,0,8,36,1,45,192,61,69,3,325,0,0,0,325
09/17/2007,MSY,LA,ASW,CE,Combined TRACON& Tower with Radar,199,74,51,0,324,0,14,37,4,55,199,88,88,4,379,0,0,0,379
09/18/2007,MSY,LA,ASW,CE,Combined TRACON& Tower with Radar,208,65,36,1,310,0,34,16,0,50,208,99,52,1,360,0,0,0,360
09/19/2007,MSY,LA,ASW,CE,Combined TRACON& Tower with Radar,204,75,63,10,352,0,35,32,0,67,204,110,95,10,419,0,0,0,419
09/20/2007,MSY,LA,ASW,CE,Combined TRACON& Tower with Radar,215,69,69,5,358,0,36,29,0,65,215,105,98,5,423,0,0,0,423
09/21/2007,MSY,LA,ASW,CE,Combined TRACON& Tower with Radar,211,66,49,4,330,0,7,26,4,37,211,73,75,8,367,0,0,0,367
09/22/2007,MSY,LA,ASW,CE,Combined TRACON& Tower with Radar,184,55,18,0,257,0,4,5,0,9,184,59,23,0,266,0,0,0,266
09/23/2007,MSY,LA,ASW,CE,Combined TRACON& Tower with Radar,192,52,29,1,274,0,0,6,0,6,192,52,35,1,280,0,0,0,280
09/24/2007,MSY,LA,ASW,CE,Combined TRACON& Tower with Radar,203,69,54,1,327,0,2,6,0,8,203,71,60,1,335,0,0,0,335
09/25/2007,MSY,LA,ASW,CE,Combined TRACON& Tower with Radar,201,78,73,0,352,0,13,10,1,24,201,91,83,1,376,0,0,0,376
09/26/2007,MSY,LA,ASW,CE,Combined TRACON& Tower with Radar,206,78,77,0,361,0,11,24,0,35,206,89,101,0,396,0,0,0,396
09/27/2007,MSY,LA,ASW,CE,Combined TRACON& Tower with Radar,214,79,62,0,355,0,19,24,0,43,214,98,86,0,398,0,0,0,398
09/28/2007,MSY,LA,ASW,CE,Combined TRACON& Tower with Radar,208,72,52,0,332,0,8,40,0,48,208,80,92,0,380,0,0,0,380
09/29/2007,MSY,LA,ASW,CE,Combined TRACON& Tower with Radar,185,55,25,0,265,0,13,24,0,37,185,68,49,0,302,0,0,0,302
09/30/2007,MSY,LA,ASW,CE,Combined TRACON& Tower with Radar,188,62,43,2,295,0,2,16,0,18,188,64,59,2,313,0,0,0,313
10/01/2007,MSY,LA,ASW,CE,Combined TRACON& Tower with Radar,202,68,34,0,304,0,12,17,0,29,202,80,51,0,333,0,0,0,333
10/02/2007,MSY,LA,ASW,CE,Combined TRACON& Tower with Radar,211,68,62,0,341,0,23,22,0,45,211,91,84,0,386,0,0,0,386
10/03/2007,MSY,LA,ASW,CE,Combined TRACON& Tower with Radar,211,75,39,3,328,1,21,22,1,45,212,96,61,4,373,0,0,0,373
10/04/2007,MSY,LA,ASW,CE,Combined TRACON& Tower with Radar,210,72,63,0,345,0,12,22,0,34,210,84,85,0,379,0,0,0,379
10/05/2007,MSY,LA,ASW,CE,Combined TRACON& Tower with Radar,215,64,74,1,354,0,18,24,0,42,215,82,98,1,396,0,0,0,396
10/06/2007,MSY,LA,ASW,CE,Combined TRACON& Tower with Radar,202,57,23,0,282,0,2,16,0,18,202,59,39,0,300,0,0,0,300
10/07/2007,MSY,LA,ASW,CE,Combined TRACON& Tower with Radar,201,65,48,1,315,1,3,9,0,13,202,68,57,1,328,0,0,0,328
10/08/2007,MSY,LA,ASW,CE,Combined TRACON& Tower with Radar,205,70,55,1,331,0,6,13,0,19,205,76,68,1,350,0,0,0,350
10/09/2007,MSY,LA,ASW,CE,Combined TRACON& Tower with Radar,209,70,59,2,340,0,24,29,4,57,209,94,88,6,397,0,0,0,397
10/10/2007,MSY,LA,ASW,CE,Combined TRACON& Tower with Radar,220,75,73,2,370,0,15,37,2,54,220,90,110,4,424,0,0,0,424
10/11/2007,MSY,LA,ASW,CE,Combined TRACON& Tower with Radar,222,60,49,0,331,0,20,28,2,50,222,80,77,2,381,0,0,0,381
10/12/2007,MSY,LA,ASW,CE,Combined TRACON& Tower with Radar,220,72,39,3,334,0,24,24,0,48,220,96,63,3,382,0,0,0,382
10/13/2007,MSY,LA,ASW,CE,Combined TRACON& Tower with Radar,204,52,30,4,290,0,8,42,0,50,204,60,72,4,340,0,0,0,340
10/14/2007,MSY,LA,ASW,CE,Combined TRACON& Tower with Radar,201,59,43,0,303,0,14,31,0,45,201,73,74,0,348,0,0,0,348
10/15/2007,MSY,LA,ASW,CE,Combined TRACON& Tower with Radar,229,60,63,1,353,0,24,20,0,44,229,84,83,1,397,0,0,0,397
10/16/2007,MSY,LA,ASW,CE,Combined TRACON& Tower with Radar,225,71,69,0,365,0,22,22,0,44,225,93,91,0,409,0,0,0,409
10/17/2007,MSY,LA,ASW,CE,Combined TRACON& Tower with Radar,214,67,49,0,330,0,20,29,0,49,214,87,78,0,379,0,0,0,379
10/18/2007,MSY,LA,ASW,CE,Combined TRACON& Tower with Radar,217,90,41,2,350,0,24,22,0,46,217,114,63,2,396,0,0,0,396
10/19/2007,MSY,LA,ASW,CE,Combined TRACON& Tower with Radar,214,70,47,3,334,0,9,31,1,41,214,79,78,4,375,0,0,0,375
10/20/2007,MSY,LA,ASW,CE,Combined TRACON& Tower with Radar,194,58,27,2,281,0,3,25,2,30,194,61,52,4,311,0,0,0,311
10/21/2007,MSY,LA,ASW,CE,Combined TRACON& Tower with Radar,193,58,40,0,291,0,4,16,0,20,193,62,56,0,311,0,0,0,311
10/22/2007,MSY,LA,ASW,CE,Combined TRACON& Tower with Radar,223,65,34,0,322,0,2,7,1,10,223,67,41,1,332,0,0,0,332
10/23/2007,MSY,LA,ASW,CE,Combined TRACON& Tower with Radar,216,65,61,0,342,0,17,13,1,31,216,82,74,1,373,0,0,0,373
10/24/2007,MSY,LA,ASW,CE,Combined TRACON& Tower with Radar,214,75,60,0,349,0,20,22,1,43,214,95,82,1,392,0,0,0,392
10/25/2007,MSY,LA,ASW,CE,Combined TRACON& Tower with Radar,216,73,58,5,352,0,43,39,2,84,216,116,97,7,436,0,0,0,436
10/26/2007,MSY,LA,ASW,CE,Combined TRACON& Tower with Radar,217,72,55,2,346,0,11,23,0,34,217,83,78,2,380,0,0,0,380
10/27/2007,MSY,LA,ASW,CE,Combined TRACON& Tower with Radar,198,53,32,1,284,0,12,46,5,63,198,65,78,6,347,0,0,0,347
10/28/2007,MSY,LA,ASW,CE,Combined TRACON& Tower with Radar,201,55,42,2,300,0,9,26,0,35,201,64,68,2,335,0,0,0,335
10/29/2007,MSY,LA,ASW,CE,Combined TRACON& Tower with Radar,210,56,29,9,304,0,18,39,0,57,210,74,68,9,361,0,0,0,361
10/30/2007,MSY,LA,ASW,CE,Combined TRACON& Tower with Radar,213,57,42,4,316,0,24,35,1,60,213,81,77,5,376,0,0,0,376
10/31/2007,MSY,LA,ASW,CE,Combined TRACON& Tower with Radar,211,58,38,2,309,0,16,49,3,68,211,74,87,5,377,0,0,0,377
11/01/2007,MSY,LA,ASW,CE,Combined TRACON& Tower with Radar,225,65,52,5,347,0,24,30,1,55,225,89,82,6,402,0,0,0,402
11/02/2007,MSY,LA,ASW,CE,Combined TRACON& Tower with Radar,229,62,55,2,348,1,15,53,1,70,230,77,108,3,418,0,0,0,418
11/03/2007,MSY,LA,ASW,CE,Combined TRACON& Tower with Radar,234,62,34,1,331,1,3,45,0,49,235,65,79,1,380,0,0,0,380
11/04/2007,MSY,LA,ASW,CE,Combined TRACON& Tower with Radar,262,85,70,0,417,0,10,47,1,58,262,95,117,1,475,0,0,0,475
11/05/2007,MSY,LA,ASW,CE,Combined TRACON& Tower with Radar,274,70,56,0,400,0,11,27,3,41,274,81,83,3,441,0,0,0,441
11/06/2007,MSY,LA,ASW,CE,Combined TRACON& Tower with Radar,232,65,68,0,365,0,18,30,4,52,232,83,98,4,417,0,0,0,417
11/07/2007,MSY,LA,ASW,CE,Combined TRACON& Tower with Radar,229,70,43,0,342,0,15,25,2,42,229,85,68,2,384,0,0,0,384
11/08/2007,MSY,LA,ASW,CE,Combined TRACON& Tower with Radar,239,73,77,0,389,0,18,40,5,63,239,91,117,5,452,0,0,0,452
11/09/2007,MSY,LA,ASW,CE,Combined TRACON& Tower with Radar,238,83,60,3,384,1,7,37,3,48,239,90,97,6,432,0,0,0,432
11/10/2007,MSY,LA,ASW,CE,Combined TRACON& Tower with Radar,209,59,32,1,301,2,5,31,1,39,211,64,63,2,340,0,0,0,340
11/11/2007,MSY,LA,ASW,CE,Combined TRACON& Tower with Radar,228,56,46,3,333,2,0,26,6,34,230,56,72,9,367,0,0,0,367
11/12/2007,MSY,LA,ASW,CE,Combined TRACON& Tower with Radar,227,58,56,0,341,0,14,26,4,44,227,72,82,4,385,0,0,0,385
11/13/2007,MSY,LA,ASW,CE,Combined TRACON& Tower with Radar,230,61,68,1,360,0,12,30,2,44,230,73,98,3,404,0,0,0,404
11/14/2007,MSY,LA,ASW,CE,Combined TRACON& Tower with Radar,236,71,63,1,371,0,18,34,0,52,236,89,97,1,423,0,0,0,423
11/15/2007,MSY,LA,ASW,CE,Combined TRACON& Tower with Radar,236,74,56,4,370,0,24,32,3,59,236,98,88,7,429,0,0,0,429
11/16/2007,MSY,LA,ASW,CE,Combined TRACON& Tower with Radar,237,57,63,8,365,0,12,29,0,41,237,69,92,8,406,0,0,0,406
11/17/2007,MSY,LA,ASW,CE,Combined TRACON& Tower with Radar,208,54,35,0,297,0,3,34,1,38,208,57,69,1,335,0,0,0,335
11/18/2007,MSY,LA,ASW,CE,Combined TRACON& Tower with Radar,217,61,29,3,310,0,4,15,0,19,217,65,44,3,329,0,0,0,329
11/19/2007,MSY,LA,ASW,CE,Combined TRACON& Tower with Radar,221,55,49,3,328,0,18,48,0,66,221,73,97,3,394,0,0,0,394
11/20/2007,MSY,LA,ASW,CE,Combined TRACON& Tower with Radar,233,78,63,4,378,0,18,32,1,51,233,96,95,5,429,0,0,0,429
11/21/2007,MSY,LA,ASW,CE,Combined TRACON& Tower with Radar,242,64,34,0,340,0,32,18,0,50,242,96,52,0,390,0,0,0,390
11/22/2007,MSY,LA,ASW,CE,Combined TRACON& Tower with Radar,176,47,10,0,233,0,6,7,0,13,176,53,17,0,246,0,0,0,246
11/23/2007,MSY,LA,ASW,CE,Combined TRACON& Tower with Radar,193,51,29,2,275,0,9,33,0,42,193,60,62,2,317,0,0,0,317
11/24/2007,MSY,LA,ASW,CE,Combined TRACON& Tower with Radar,201,53,28,0,282,0,7,26,0,33,201,60,54,0,315,0,0,0,315
11/25/2007,MSY,LA,ASW,CE,Combined TRACON& Tower with Radar,222,57,25,2,306,0,4,5,0,9,222,61,30,2,315,0,0,0,315
11/26/2007,MSY,LA,ASW,CE,Combined TRACON& Tower with Radar,254,66,35,2,357,2,12,20,0,34,256,78,55,2,391,0,0,0,391
11/27/2007,MSY,LA,ASW,CE,Combined TRACON& Tower with Radar,257,58,44,2,361,1,12,43,0,56,258,70,87,2,417,0,0,0,417
11/28/2007,MSY,LA,ASW,CE,Combined TRACON& Tower with Radar,234,57,60,3,354,0,21,41,3,65,234,78,101,6,419,0,0,0,419
11/29/2007,MSY,LA,ASW,CE,Combined TRACON& Tower with Radar,232,63,64,0,359,1,29,34,2,66,233,92,98,2,425,0,0,0,425
11/30/2007,MSY,LA,ASW,CE,Combined TRACON& Tower with Radar,252,65,53,0,370,0,19,39,3,61,252,84,92,3,431,0,0,0,431
12/01/2007,MSY,LA,ASW,CE,Combined TRACON& Tower with Radar,205,56,34,0,295,0,11,39,1,51,205,67,73,1,346,0,0,0,346
12/02/2007,MSY,LA,ASW,CE,Combined TRACON& Tower with Radar,206,63,43,0,312,1,4,11,3,19,207,67,54,3,331,0,0,0,331
12/03/2007,MSY,LA,ASW,CE,Combined TRACON& Tower with Radar,231,52,35,5,323,0,25,27,0,52,231,77,62,5,375,0,0,0,375
12/04/2007,MSY,LA,ASW,CE,Combined TRACON& Tower with Radar,221,59,50,2,332,1,24,26,2,53,222,83,76,4,385,0,0,0,385
12/05/2007,MSY,LA,ASW,CE,Combined TRACON& Tower with Radar,214,65,40,3,322,2,35,51,0,88,216,100,91,3,410,0,0,0,410
12/06/2007,MSY,LA,ASW,CE,Combined TRACON& Tower with Radar,242,71,69,2,384,0,22,34,0,56,242,93,103,2,440,0,0,0,440
12/07/2007,MSY,LA,ASW,CE,Combined TRACON& Tower with Radar,226,67,66,0,359,0,17,64,3,84,226,84,130,3,443,0,0,0,443
12/08/2007,MSY,LA,ASW,CE,Combined TRACON& Tower with Radar,204,52,40,4,300,0,8,28,2,38,204,60,68,6,338,0,0,0,338
12/09/2007,MSY,LA,ASW,CE,Combined TRACON& Tower with Radar,213,47,37,0,297,0,9,15,0,24,213,56,52,0,321,0,0,0,321
12/10/2007,MSY,LA,ASW,CE,Combined TRACON& Tower with Radar,225,66,48,2,341,1,13,30,2,46,226,79,78,4,387,0,0,0,387
12/11/2007,MSY,LA,ASW,CE,Combined TRACON& Tower with Radar,225,67,76,6,374,3,25,28,2,58,228,92,104,8,432,0,0,0,432
12/12/2007,MSY,LA,ASW,CE,Combined TRACON& Tower with Radar,229,69,81,0,379,0,15,22,5,42,229,84,103,5,421,0,0,0,421
12/13/2007,MSY,LA,ASW,CE,Combined TRACON& Tower with Radar,235,83,94,2,414,0,10,27,0,37,235,93,121,2,451,0,0,0,451
12/14/2007,MSY,LA,ASW,CE,Combined TRACON& Tower with Radar,230,67,82,0,379,1,6,13,2,22,231,73,95,2,401,0,0,0,401
12/15/2007,MSY,LA,ASW,CE,Combined TRACON& Tower with Radar,194,57,30,1,282,0,5,13,0,18,194,62,43,1,300,0,0,0,300
12/16/2007,MSY,LA,ASW,CE,Combined TRACON& Tower with Radar,214,53,31,0,298,0,2,14,0,16,214,55,45,0,314,0,0,0,314
12/17/2007,MSY,LA,ASW,CE,Combined TRACON& Tower with Radar,226,58,28,13,325,0,13,26,8,47,226,71,54,21,372,0,0,0,372
12/18/2007,MSY,LA,ASW,CE,Combined TRACON& Tower with Radar,235,67,30,1,333,2,29,37,6,74,237,96,67,7,407,0,0,0,407
12/19/2007,MSY,LA,ASW,CE,Combined TRACON& Tower with Radar,234,57,37,0,328,1,26,31,5,63,235,83,68,5,391,0,0,0,391
12/20/2007,MSY,LA,ASW,CE,Combined TRACON& Tower with Radar,246,63,42,0,351,2,18,14,0,34,248,81,56,0,385,0,0,0,385
12/21/2007,MSY,LA,ASW,CE,Combined TRACON& Tower with Radar,239,78,86,2,405,1,7,14,2,24,240,85,100,4,429,0,0,0,429
12/22/2007,MSY,LA,ASW,CE,Combined TRACON& Tower with Radar,209,63,44,1,317,0,1,18,0,19,209,64,62,1,336,0,0,0,336
12/23/2007,MSY,LA,ASW,CE,Combined TRACON& Tower with Radar,219,61,32,0,312,0,5,25,0,30,219,66,57,0,342,0,0,0,342
12/24/2007,MSY,LA,ASW,CE,Combined TRACON& Tower with Radar,189,47,8,0,244,1,0,30,0,31,190,47,38,0,275,0,0,0,275
12/25/2007,MSY,LA,ASW,CE,Combined TRACON& Tower with Radar,165,43,6,0,214,3,4,5,0,12,168,47,11,0,226,0,0,0,226
12/26/2007,MSY,LA,ASW,CE,Combined TRACON& Tower with Radar,237,72,33,0,342,3,16,12,1,32,240,88,45,1,374,0,0,0,374
12/27/2007,MSY,LA,ASW,CE,Combined TRACON& Tower with Radar,236,67,45,0,348,0,19,29,0,48,236,86,74,0,396,0,0,0,396
12/28/2007,MSY,LA,ASW,CE,Combined TRACON& Tower with Radar,236,62,28,0,326,0,11,15,5,31,236,73,43,5,357,0,0,0,357
12/29/2007,MSY,LA,ASW,CE,Combined TRACON& Tower with Radar,228,63,37,0,328,0,6,25,12,43,228,69,62,12,371,0,0,0,371
12/30/2007,MSY,LA,ASW,CE,Combined TRACON& Tower with Radar,224,62,37,0,323,1,2,18,0,21,225,64,55,0,344,0,0,0,344
12/31/2007,MSY,LA,ASW,CE,Combined TRACON& Tower with Radar,206,61,24,0,291,2,4,29,2,37,208,65,53,2,328,0,0,0,328
01/01/2008,MSY,LA,ASW,CE,Combined TRACON& Tower with Radar,203,56,26,0,285,0,7,6,2,15,203,63,32,2,300,0,0,0,300
01/02/2008,MSY,LA,ASW,CE,Combined TRACON& Tower with Radar,252,81,73,0,406,0,4,23,4,31,252,85,96,4,437,0,0,0,437
01/03/2008,MSY,LA,ASW,CE,Combined TRACON& Tower with Radar,251,63,39,2,355,0,16,22,10,48,251,79,61,12,403,0,0,0,403
01/04/2008,MSY,LA,ASW,CE,Combined TRACON& Tower with Radar,242,62,41,0,345,0,33,25,3,61,242,95,66,3,406,0,0,0,406
01/05/2008,MSY,LA,ASW,CE,Combined TRACON& Tower with Radar,243,75,48,0,366,0,18,30,0,48,243,93,78,0,414,0,0,0,414
01/06/2008,MSY,LA,ASW,CE,Combined TRACON& Tower with Radar,221,78,78,0,377,0,9,20,0,29,221,87,98,0,406,0,0,0,406
01/07/2008,MSY,LA,ASW,CE,Combined TRACON& Tower with Radar,227,82,84,2,395,1,15,21,0,37,228,97,105,2,432,0,0,0,432
01/08/2008,MSY,LA,ASW,CE,Combined TRACON& Tower with Radar,286,118,156,1,561,0,25,20,0,45,286,143,176,1,606,0,0,0,606
01/09/2008,MSY,LA,ASW,CE,Combined TRACON& Tower with Radar,219,78,65,2,364,2,9,9,1,21,221,87,74,3,385,0,0,0,385
01/10/2008,MSY,LA,ASW,CE,Combined TRACON& Tower with Radar,242,68,32,0,342,2,5,10,0,17,244,73,42,0,359,0,0,0,359
01/11/2008,MSY,LA,ASW,CE,Combined TRACON& Tower with Radar,223,62,39,0,324,0,17,37,0,54,223,79,76,0,378,0,0,0,378
01/12/2008,MSY,LA,ASW,CE,Combined TRACON& Tower with Radar,204,48,22,2,276,0,12,37,0,49,204,60,59,2,325,0,0,0,325
01/13/2008,MSY,LA,ASW,CE,Combined TRACON& Tower with Radar,197,45,31,1,274,0,0,11,0,11,197,45,42,1,285,0,0,0,285
01/14/2008,MSY,LA,ASW,CE,Combined TRACON& Tower with Radar,226,61,37,0,324,0,21,35,7,63,226,82,72,7,387,0,0,0,387
01/15/2008,MSY,LA,ASW,CE,Combined TRACON& Tower with Radar,219,63,37,1,320,0,19,39,0,58,219,82,76,1,378,0,0,0,378
01/16/2008,MSY,LA,ASW,CE,Combined TRACON& Tower with Radar,216,70,54,1,341,2,0,17,0,19,218,70,71,1,360,0,0,0,360
01/17/2008,MSY,LA,ASW,CE,Combined TRACON& Tower with Radar,219,59,84,2,364,3,10,16,1,30,222,69,100,3,394,0,0,0,394
01/18/2008,MSY,LA,ASW,CE,Combined TRACON& Tower with Radar,227,65,47,1,340,1,22,22,0,45,228,87,69,1,385,0,0,0,385
01/19/2008,MSY,LA,ASW,CE,Combined TRACON& Tower with Radar,187,47,40,1,275,0,1,2,0,3,187,48,42,1,278,0,0,0,278
01/20/2008,MSY,LA,ASW,CE,Combined TRACON& Tower with Radar,199,44,19,1,263,0,6,37,0,43,199,50,56,1,306,0,0,0,306
01/21/2008,MSY,LA,ASW,CE,Combined TRACON& Tower with Radar,223,67,44,0,334,2,4,36,3,45,225,71,80,3,379,0,0,0,379
01/22/2008,MSY,LA,ASW,CE,Combined TRACON& Tower with Radar,226,58,47,0,331,1,22,19,0,42,227,80,66,0,373,0,0,0,373
01/23/2008,MSY,LA,ASW,CE,Combined TRACON& Tower with Radar,227,70,62,0,359,2,2,19,0,23,229,72,81,0,382,0,0,0,382
01/24/2008,MSY,LA,ASW,CE,Combined TRACON& Tower with Radar,235,65,58,0,358,1,13,5,0,19,236,78,63,0,377,0,0,0,377
01/25/2008,MSY,LA,ASW,CE,Combined TRACON& Tower with Radar,243,76,54,4,377,0,26,25,2,53,243,102,79,6,430,0,0,0,430
01/26/2008,MSY,LA,ASW,CE,Combined TRACON& Tower with Radar,198,62,52,0,312,0,1,3,0,4,198,63,55,0,316,0,0,0,316
01/27/2008,MSY,LA,ASW,CE,Combined TRACON& Tower with Radar,205,67,58,0,330,0,9,37,0,46,205,76,95,0,376,0,0,0,376
01/28/2008,MSY,LA,ASW,CE,Combined TRACON& Tower with Radar,237,58,46,2,343,0,47,75,0,122,237,105,121,2,465,0,0,0,465
01/29/2008,MSY,LA,ASW,CE,Combined TRACON& Tower with Radar,226,64,55,2,347,0,18,10,1,29,226,82,65,3,376,0,0,0,376
01/30/2008,MSY,LA,ASW,CE,Combined TRACON& Tower with Radar,224,72,67,10,373,2,23,51,9,85,226,95,118,19,458,0,0,0,458
01/31/2008,MSY,LA,ASW,CE,Combined TRACON& Tower with Radar,243,84,55,0,382,4,14,11,0,29,247,98,66,0,411,0,0,0,411
02/01/2008,MSY,LA,ASW,CE,Combined TRACON& Tower with Radar,229,81,74,4,388,0,14,51,2,67,229,95,125,6,455,0,0,0,455
02/02/2008,MSY,LA,ASW,CE,Combined TRACON& Tower with Radar,232,71,37,2,342,0,7,39,0,46,232,78,76,2,388,0,0,0,388
02/03/2008,MSY,LA,ASW,CE,Combined TRACON& Tower with Radar,207,62,34,6,309,0,10,20,2,32,207,72,54,8,341,0,0,0,341
02/04/2008,MSY,LA,ASW,CE,Combined TRACON& Tower with Radar,229,65,49,5,348,2,7,32,1,42,231,72,81,6,390,0,0,0,390
02/05/2008,MSY,LA,ASW,CE,Combined TRACON& Tower with Radar,229,62,26,4,321,0,11,13,0,24,229,73,39,4,345,0,0,0,345
02/06/2008,MSY,LA,ASW,CE,Combined TRACON& Tower with Radar,250,77,39,8,374,0,4,33,0,37,250,81,72,8,411,0,0,0,411
02/07/2008,MSY,LA,ASW,CE,Combined TRACON& Tower with Radar,252,66,36,1,355,1,19,20,2,42,253,85,56,3,397,0,0,0,397
02/08/2008,MSY,LA,ASW,CE,Combined TRACON& Tower with Radar,237,70,44,3,354,0,11,43,1,55,237,81,87,4,409,0,0,0,409
02/09/2008,MSY,LA,ASW,CE,Combined TRACON& Tower with Radar,213,52,44,4,313,2,4,36,2,44,215,56,80,6,357,0,0,0,357
02/10/2008,MSY,LA,ASW,CE,Combined TRACON& Tower with Radar,211,63,46,0,320,0,1,30,0,31,211,64,76,0,351,0,0,0,351
02/11/2008,MSY,LA,ASW,CE,Combined TRACON& Tower with Radar,227,62,48,0,337,0,16,42,1,59,227,78,90,1,396,0,0,0,396
02/12/2008,MSY,LA,ASW,CE,Combined TRACON& Tower with Radar,223,62,43,0,328,0,10,11,1,22,223,72,54,1,350,0,0,0,350
02/13/2008,MSY,LA,ASW,CE,Combined TRACON& Tower with Radar,224,68,59,2,353,0,11,44,2,57,224,79,103,4,410,0,0,0,410
02/14/2008,MSY,LA,ASW,CE,Combined TRACON& Tower with Radar,248,61,67,0,376,0,18,46,2,66,248,79,113,2,442,0,0,0,442
02/15/2008,MSY,LA,ASW,CE,Combined TRACON& Tower with Radar,238,71,75,4,388,0,13,32,3,48,238,84,107,7,436,0,0,0,436
02/16/2008,MSY,LA,ASW,CE,Combined TRACON& Tower with Radar,206,63,25,11,305,2,10,18,0,30,208,73,43,11,335,0,0,0,335
02/17/2008,MSY,LA,ASW,CE,Combined TRACON& Tower with Radar,207,67,27,1,302,0,4,11,0,15,207,71,38,1,317,0,0,0,317
02/18/2008,MSY,LA,ASW,CE,Combined TRACON& Tower with Radar,241,81,65,2,389,2,5,29,0,36,243,86,94,2,425,0,0,0,425
02/19/2008,MSY,LA,ASW,CE,Combined TRACON& Tower with Radar,244,53,49,3,349,0,18,55,1,74,244,71,104,4,423,0,0,0,423
02/20/2008,MSY,LA,ASW,CE,Combined TRACON& Tower with Radar,239,69,47,0,355,1,33,27,1,62,240,102,74,1,417,0,0,0,417
02/21/2008,MSY,LA,ASW,CE,Combined TRACON& Tower with Radar,246,64,78,0,388,4,10,16,0,30,250,74,94,0,418,0,0,0,418
02/22/2008,MSY,LA,ASW,CE,Combined TRACON& Tower with Radar,229,58,45,0,332,0,10,19,0,29,229,68,64,0,361,0,0,0,361
02/23/2008,MSY,LA,ASW,CE,Combined TRACON& Tower with Radar,212,62,31,0,305,0,21,37,1,59,212,83,68,1,364,0,0,0,364
02/24/2008,MSY,LA,ASW,CE,Combined TRACON& Tower with Radar,206,77,55,1,339,0,7,37,2,46,206,84,92,3,385,0,0,0,385
02/25/2008,MSY,LA,ASW,CE,Combined TRACON& Tower with Radar,230,79,51,0,360,0,14,40,0,54,230,93,91,0,414,0,0,0,414
02/26/2008,MSY,LA,ASW,CE,Combined TRACON& Tower with Radar,235,67,36,0,338,0,10,21,0,31,235,77,57,0,369,0,0,0,369
02/27/2008,MSY,LA,ASW,CE,Combined TRACON& Tower with Radar,244,71,59,0,374,0,13,38,0,51,244,84,97,0,425,0,0,0,425
02/28/2008,MSY,LA,ASW,CE,Combined TRACON& Tower with Radar,243,74,47,0,364,1,20,30,1,52,244,94,77,1,416,0,0,0,416
02/29/2008,MSY,LA,ASW,CE,Combined TRACON& Tower with Radar,234,78,66,2,380,0,19,35,0,54,234,97,101,2,434,0,0,0,434
03/01/2008,MSY,LA,ASW,CE,Combined TRACON& Tower with Radar,206,55,25,0,286,0,8,32,1,41,206,63,57,1,327,0,0,0,327
03/02/2008,MSY,LA,ASW,CE,Combined TRACON& Tower with Radar,210,59,33,4,306,1,2,24,0,27,211,61,57,4,333,0,0,0,333
03/03/2008,MSY,LA,ASW,CE,Combined TRACON& Tower with Radar,225,57,28,0,310,0,11,7,0,18,225,68,35,0,328,0,0,0,328
03/04/2008,MSY,LA,ASW,CE,Combined TRACON& Tower with Radar,242,57,46,0,345,0,0,21,1,22,242,57,67,1,367,0,0,0,367
03/05/2008,MSY,LA,ASW,CE,Combined TRACON& Tower with Radar,247,61,54,0,362,0,25,57,20,102,247,86,111,20,464,0,0,0,464
03/06/2008,MSY,LA,ASW,CE,Combined TRACON& Tower with Radar,237,74,67,1,379,1,28,40,4,73,238,102,107,5,452,0,0,0,452
03/07/2008,MSY,LA,ASW,CE,Combined TRACON& Tower with Radar,234,63,37,2,336,0,4,17,0,21,234,67,54,2,357,0,0,0,357
03/08/2008,MSY,LA,ASW,CE,Combined TRACON& Tower with Radar,214,72,42,2,330,0,6,28,0,34,214,78,70,2,364,0,0,0,364
03/09/2008,MSY,LA,ASW,CE,Combined TRACON& Tower with Radar,218,65,39,0,322,0,3,56,0,59,218,68,95,0,381,0,0,0,381
03/10/2008,MSY,LA,ASW,CE,Combined TRACON& Tower with Radar,245,70,37,0,352,1,13,29,0,43,246,83,66,0,395,0,0,0,395
03/11/2008,MSY,LA,ASW,CE,Combined TRACON& Tower with Radar,250,55,36,4,345,2,8,17,2,29,252,63,53,6,374,0,0,0,374
03/12/2008,MSY,LA,ASW,CE,Combined TRACON& Tower with Radar,238,66,48,2,354,0,15,57,0,72,238,81,105,2,426,0,0,0,426
03/13/2008,MSY,LA,ASW,CE,Combined TRACON& Tower with Radar,251,67,47,4,369,0,13,34,1,48,251,80,81,5,417,0,0,0,417
03/14/2008,MSY,LA,ASW,CE,Combined TRACON& Tower with Radar,238,75,64,2,379,0,13,30,0,43,238,88,94,2,422,0,0,0,422
03/15/2008,MSY,LA,ASW,CE,Combined TRACON& Tower with Radar,215,79,29,2,325,2,3,7,2,14,217,82,36,4,339,0,0,0,339
03/16/2008,MSY,LA,ASW,CE,Combined TRACON& Tower with Radar,218,67,34,2,321,1,6,41,1,49,219,73,75,3,370,0,0,0,370
03/17/2008,MSY,LA,ASW,CE,Combined TRACON& Tower with Radar,241,63,60,0,364,0,5,19,1,25,241,68,79,1,389,0,0,0,389
03/18/2008,MSY,LA,ASW,CE,Combined TRACON& Tower with Radar,242,57,52,1,352,4,4,10,1,19,246,61,62,2,371,0,0,0,371
03/19/2008,MSY,LA,ASW,CE,Combined TRACON& Tower with Radar,247,70,51,2,370,1,5,30,5,41,248,75,81,7,411,0,0,0,411
03/20/2008,MSY,LA,ASW,CE,Combined TRACON& Tower with Radar,244,65,76,0,385,0,28,49,2,79,244,93,125,2,464,0,0,0,464
03/21/2008,MSY,LA,ASW,CE,Combined TRACON& Tower with Radar,233,64,34,4,335,0,13,52,0,65,233,77,86,4,400,0,0,0,400
03/22/2008,MSY,LA,ASW,CE,Combined TRACON& Tower with Radar,224,71,31,0,326,0,10,28,0,38,224,81,59,0,364,0,0,0,364
03/23/2008,MSY,LA,ASW,CE,Combined TRACON& Tower with Radar,214,61,27,5,307,0,7,18,3,28,214,68,45,8,335,0,0,0,335
03/24/2008,MSY,LA,ASW,CE,Combined TRACON& Tower with Radar,236,70,37,0,343,0,8,31,0,39,236,78,68,0,382,0,0,0,382
03/25/2008,MSY,LA,ASW,CE,Combined TRACON& Tower with Radar,244,75,53,0,372,0,13,51,5,69,244,88,104,5,441,0,0,0,441
03/26/2008,MSY,LA,ASW,CE,Combined TRACON& Tower with Radar,233,70,40,2,345,3,12,36,1,52,236,82,76,3,397,0,0,0,397
03/27/2008,MSY,LA,ASW,CE,Combined TRACON& Tower with Radar,245,61,35,0,341,1,23,34,1,59,246,84,69,1,400,0,0,0,400
03/28/2008,MSY,LA,ASW,CE,Combined TRACON& Tower with Radar,244,63,31,4,342,1,25,45,4,75,245,88,76,8,417,0,0,0,417
03/29/2008,MSY,LA,ASW,CE,Combined TRACON& Tower with Radar,218,82,22,2,324,0,2,19,0,21,218,84,41,2,345,0,0,0,345
03/30/2008,MSY,LA,ASW,CE,Combined TRACON& Tower with Radar,220,72,52,2,346,0,5,11,3,19,220,77,63,5,365,0,0,0,365
03/31/2008,MSY,LA,ASW,CE,Combined TRACON& Tower with Radar,231,72,41,0,344,0,15,36,0,51,231,87,77,0,395,0,0,0,395
04/01/2008,MSY,LA,ASW,CE,Combined TRACON& Tower with Radar,253,76,36,0,365,3,11,16,0,30,256,87,52,0,395,0,0,0,395
04/02/2008,MSY,LA,ASW,CE,Combined TRACON& Tower with Radar,246,74,41,0,361,0,13,23,1,37,246,87,64,1,398,0,0,0,398
04/03/2008,MSY,LA,ASW,CE,Combined TRACON& Tower with Radar,239,79,61,3,382,0,16,21,5,42,239,95,82,8,424,0,0,0,424
04/04/2008,MSY,LA,ASW,CE,Combined TRACON& Tower with Radar,239,68,53,0,360,0,12,31,0,43,239,80,84,0,403,0,0,0,403
04/05/2008,MSY,LA,ASW,CE,Combined TRACON& Tower with Radar,223,73,51,2,349,0,9,4,0,13,223,82,55,2,362,0,0,0,362
04/06/2008,MSY,LA,ASW,CE,Combined TRACON& Tower with Radar,219,71,50,2,342,0,10,19,0,29,219,81,69,2,371,0,0,0,371
04/07/2008,MSY,LA,ASW,CE,Combined TRACON& Tower with Radar,229,59,60,0,348,0,11,38,0,49,229,70,98,0,397,0,0,0,397
04/08/2008,MSY,LA,ASW,CE,Combined TRACON& Tower with Radar,237,68,61,2,368,4,17,25,0,46,241,85,86,2,414,0,0,0,414
04/09/2008,MSY,LA,ASW,CE,Combined TRACON& Tower with Radar,225,83,67,2,377,3,12,42,3,60,228,95,109,5,437,0,0,0,437
04/10/2008,MSY,LA,ASW,CE,Combined TRACON& Tower with Radar,223,88,53,3,367,2,22,12,1,37,225,110,65,4,404,0,0,0,404
04/11/2008,MSY,LA,ASW,CE,Combined TRACON& Tower with Radar,223,81,37,4,345,0,19,17,5,41,223,100,54,9,386,0,0,0,386
04/12/2008,MSY,LA,ASW,CE,Combined TRACON& Tower with Radar,218,51,26,2,297,0,13,33,1,47,218,64,59,3,344,0,0,0,344
04/13/2008,MSY,LA,ASW,CE,Combined TRACON& Tower with Radar,222,70,49,4,345,0,4,21,11,36,222,74,70,15,381,0,0,0,381
04/14/2008,MSY,LA,ASW,CE,Combined TRACON& Tower with Radar,234,57,27,0,318,0,19,37,2,58,234,76,64,2,376,0,0,0,376
04/15/2008,MSY,LA,ASW,CE,Combined TRACON& Tower with Radar,237,69,44,0,350,0,29,44,7,80,237,98,88,7,430,0,0,0,430
04/16/2008,MSY,LA,ASW,CE,Combined TRACON& Tower with Radar,241,65,32,2,340,2,31,53,5,91,243,96,85,7,431,0,0,0,431
04/17/2008,MSY,LA,ASW,CE,Combined TRACON& Tower with Radar,236,73,40,1,350,2,32,39,2,75,238,105,79,3,425,0,0,0,425
04/18/2008,MSY,LA,ASW,CE,Combined TRACON& Tower with Radar,232,56,36,2,326,0,13,25,3,41,232,69,61,5,367,0,0,0,367
04/19/2008,MSY,LA,ASW,CE,Combined TRACON& Tower with Radar,223,46,22,0,291,1,8,23,0,32,224,54,45,0,323,0,0,0,323
04/20/2008,MSY,LA,ASW,CE,Combined TRACON& Tower with Radar,212,71,25,3,311,2,4,30,2,38,214,75,55,5,349,0,0,0,349
04/21/2008,MSY,LA,ASW,CE,Combined TRACON& Tower with Radar,236,65,63,6,370,0,21,21,6,48,236,86,84,12,418,0,0,0,418
04/22/2008,MSY,LA,ASW,CE,Combined TRACON& Tower with Radar,239,68,72,6,385,0,20,25,7,52,239,88,97,13,437,0,0,0,437
04/23/2008,MSY,LA,ASW,CE,Combined TRACON& Tower with Radar,242,71,46,7,366,0,15,35,3,53,242,86,81,10,419,0,0,0,419
04/24/2008,MSY,LA,ASW,CE,Combined TRACON& Tower with Radar,244,60,69,1,374,0,21,27,0,48,244,81,96,1,422,0,0,0,422
04/25/2008,MSY,LA,ASW,CE,Combined TRACON& Tower with Radar,232,76,55,0,363,0,13,41,1,55,232,89,96,1,418,0,0,0,418
04/26/2008,MSY,LA,ASW,CE,Combined TRACON& Tower with Radar,226,49,18,1,294,0,3,28,2,33,226,52,46,3,327,0,0,0,327
04/27/2008,MSY,LA,ASW,CE,Combined TRACON& Tower with Radar,215,61,31,0,307,0,0,11,1,12,215,61,42,1,319,0,0,0,319
04/28/2008,MSY,LA,ASW,CE,Combined TRACON& Tower with Radar,241,70,46,2,359,1,17,37,3,58,242,87,83,5,417,0,0,0,417
04/29/2008,MSY,LA,ASW,CE,Combined TRACON& Tower with Radar,235,60,41,1,337,0,14,59,2,75,235,74,100,3,412,0,0,0,412
04/30/2008,MSY,LA,ASW,CE,Combined TRACON& Tower with Radar,238,61,34,1,334,2,17,27,2,48,240,78,61,3,382,0,0,0,382
05/01/2008,MSY,LA,ASW,CE,Combined TRACON& Tower with Radar,239,71,45,1,356,0,19,29,0,48,239,90,74,1,404,0,0,0,404
05/02/2008,MSY,LA,ASW,CE,Combined TRACON& Tower with Radar,260,64,44,5,373,1,14,20,0,35,261,78,64,5,408,0,0,0,408
05/03/2008,MSY,LA,ASW,CE,Combined TRACON& Tower with Radar,228,50,29,0,307,0,7,14,0,21,228,57,43,0,328,0,0,0,328
05/04/2008,MSY,LA,ASW,CE,Combined TRACON& Tower with Radar,216,64,53,2,335,0,8,28,4,40,216,72,81,6,375,0,0,0,375
05/05/2008,MSY,LA,ASW,CE,Combined TRACON& Tower with Radar,238,63,45,0,346,0,25,35,1,61,238,88,80,1,407,0,0,0,407
05/06/2008,MSY,LA,ASW,CE,Combined TRACON& Tower with Radar,239,60,64,1,364,0,20,32,2,54,239,80,96,3,418,0,0,0,418
05/07/2008,MSY,LA,ASW,CE,Combined TRACON& Tower with Radar,237,62,48,2,349,0,19,31,1,51,237,81,79,3,400,0,0,0,400
05/08/2008,MSY,LA,ASW,CE,Combined TRACON& Tower with Radar,242,66,53,2,363,0,14,20,0,34,242,80,73,2,397,0,0,0,397
05/09/2008,MSY,LA,ASW,CE,Combined TRACON& Tower with Radar,237,65,43,2,347,1,13,21,3,38,238,78,64,5,385,0,0,0,385
05/10/2008,MSY,LA,ASW,CE,Combined TRACON& Tower with Radar,218,50,20,0,288,0,4,18,1,23,218,54,38,1,311,0,0,0,311
05/11/2008,MSY,LA,ASW,CE,Combined TRACON& Tower with Radar,211,55,22,0,288,0,5,8,1,14,211,60,30,1,302,0,0,0,302
05/12/2008,MSY,LA,ASW,CE,Combined TRACON& Tower with Radar,237,60,43,2,342,0,16,31,1,48,237,76,74,3,390,0,0,0,390
05/13/2008,MSY,LA,ASW,CE,Combined TRACON& Tower with Radar,237,71,62,0,370,0,6,35,1,42,237,77,97,1,412,0,0,0,412
05/14/2008,MSY,LA,ASW,CE,Combined TRACON& Tower with Radar,243,70,57,2,372,1,10,20,0,31,244,80,77,2,403,0,0,0,403
05/15/2008,MSY,LA,ASW,CE,Combined TRACON& Tower with Radar,241,57,34,7,339,0,2,12,2,16,241,59,46,9,355,0,0,0,355
05/16/2008,MSY,LA,ASW,CE,Combined TRACON& Tower with Radar,239,60,39,0,338,0,0,6,0,6,239,60,45,0,344,0,0,0,344
05/17/2008,MSY,LA,ASW,CE,Combined TRACON& Tower with Radar,223,40,26,4,293,0,5,37,2,44,223,45,63,6,337,0,0,0,337
05/18/2008,MSY,LA,ASW,CE,Combined TRACON& Tower with Radar,207,68,39,0,314,0,9,21,2,32,207,77,60,2,346,0,0,0,346
05/19/2008,MSY,LA,ASW,CE,Combined TRACON& Tower with Radar,236,73,56,0,365,0,17,44,1,62,236,90,100,1,427,0,0,0,427
05/20/2008,MSY,LA,ASW,CE,Combined TRACON& Tower with Radar,233,72,65,0,370,3,20,35,2,60,236,92,100,2,430,0,0,0,430
05/21/2008,MSY,LA,ASW,CE,Combined TRACON& Tower with Radar,242,80,56,0,378,0,21,30,0,51,242,101,86,0,429,0,0,0,429
05/22/2008,MSY,LA,ASW,CE,Combined TRACON& Tower with Radar,234,69,35,2,340,6,23,13,1,43,240,92,48,3,383,0,0,0,383
05/23/2008,MSY,LA,ASW,CE,Combined TRACON& Tower with Radar,248,67,42,0,357,2,20,23,1,46,250,87,65,1,403,0,0,0,403
05/24/2008,MSY,LA,ASW,CE,Combined TRACON& Tower with Radar,219,46,13,0,278,0,5,20,0,25,219,51,33,0,303,0,0,0,303
05/25/2008,MSY,LA,ASW,CE,Combined TRACON& Tower with Radar,190,40,13,4,247,0,2,22,2,26,190,42,35,6,273,0,0,0,273
05/26/2008,MSY,LA,ASW,CE,Combined TRACON& Tower with Radar,209,49,16,1,275,0,4,26,0,30,209,53,42,1,305,0,0,0,305
05/27/2008,MSY,LA,ASW,CE,Combined TRACON& Tower with Radar,233,55,31,3,322,0,9,34,0,43,233,64,65,3,365,0,0,0,365
05/28/2008,MSY,LA,ASW,CE,Combined TRACON& Tower with Radar,243,60,41,2,346,2,13,28,0,43,245,73,69,2,389,0,0,0,389
05/29/2008,MSY,LA,ASW,CE,Combined TRACON& Tower with Radar,245,64,50,2,361,0,12,30,0,42,245,76,80,2,403,0,0,0,403
05/30/2008,MSY,LA,ASW,CE,Combined TRACON& Tower with Radar,236,67,42,2,347,0,19,30,4,53,236,86,72,6,400,0,0,0,400
05/31/2008,MSY,LA,ASW,CE,Combined TRACON& Tower with Radar,216,47,16,0,279,0,5,20,0,25,216,52,36,0,304,0,0,0,304
06/01/2008,MSY,LA,ASW,CE,Combined TRACON& Tower with Radar,210,46,41,2,299,1,2,29,0,32,211,48,70,2,331,0,0,0,331
06/02/2008,MSY,LA,ASW,CE,Combined TRACON& Tower with Radar,238,63,49,0,350,0,14,25,3,42,238,77,74,3,392,0,0,0,392
06/03/2008,MSY,LA,ASW,CE,Combined TRACON& Tower with Radar,237,61,34,0,332,0,32,17,2,51,237,93,51,2,383,0,0,0,383
06/04/2008,MSY,LA,ASW,CE,Combined TRACON& Tower with Radar,232,68,27,1,328,1,25,31,0,57,233,93,58,1,385,0,0,0,385
06/05/2008,MSY,LA,ASW,CE,Combined TRACON& Tower with Radar,234,53,43,1,331,2,21,18,0,41,236,74,61,1,372,0,0,0,372
06/06/2008,MSY,LA,ASW,CE,Combined TRACON& Tower with Radar,240,63,35,0,338,1,12,31,0,44,241,75,66,0,382,0,0,0,382
06/07/2008,MSY,LA,ASW,CE,Combined TRACON& Tower with Radar,218,40,27,5,290,0,2,45,3,50,218,42,72,8,340,0,0,0,340
06/08/2008,MSY,LA,ASW,CE,Combined TRACON& Tower with Radar,206,51,27,1,285,0,5,19,2,26,206,56,46,3,311,0,0,0,311
06/09/2008,MSY,LA,ASW,CE,Combined TRACON& Tower with Radar,230,62,23,0,315,2,19,23,0,44,232,81,46,0,359,0,0,0,359
06/10/2008,MSY,LA,ASW,CE,Combined TRACON& Tower with Radar,237,53,36,2,328,3,14,20,0,37,240,67,56,2,365,0,0,0,365
06/11/2008,MSY,LA,ASW,CE,Combined TRACON& Tower with Radar,244,51,41,1,337,0,15,33,2,50,244,66,74,3,387,0,0,0,387
06/12/2008,MSY,LA,ASW,CE,Combined TRACON& Tower with Radar,237,68,45,2,352,0,26,39,0,65,237,94,84,2,417,0,0,0,417
06/13/2008,MSY,LA,ASW,CE,Combined TRACON& Tower with Radar,230,66,31,1,328,0,20,31,0,51,230,86,62,1,379,0,0,0,379
06/14/2008,MSY,LA,ASW,CE,Combined TRACON& Tower with Radar,219,49,27,0,295,1,6,24,1,32,220,55,51,1,327,0,0,0,327
06/15/2008,MSY,LA,ASW,CE,Combined TRACON& Tower with Radar,209,49,33,0,291,2,0,21,0,23,211,49,54,0,314,0,0,0,314
06/16/2008,MSY,LA,ASW,CE,Combined TRACON& Tower with Radar,219,59,47,4,329,1,16,29,5,51,220,75,76,9,380,0,0,0,380
06/17/2008,MSY,LA,ASW,CE,Combined TRACON& Tower with Radar,235,59,33,0,327,0,19,39,0,58,235,78,72,0,385,0,0,0,385
06/18/2008,MSY,LA,ASW,CE,Combined TRACON& Tower with Radar,231,58,63,0,352,0,8,51,0,59,231,66,114,0,411,0,0,0,411
06/19/2008,MSY,LA,ASW,CE,Combined TRACON& Tower with Radar,234,57,53,4,348,2,13,29,0,44,236,70,82,4,392,0,0,0,392
06/20/2008,MSY,LA,ASW,CE,Combined TRACON& Tower with Radar,233,56,46,0,335,0,14,26,0,40,233,70,72,0,375,0,0,0,375
06/21/2008,MSY,LA,ASW,CE,Combined TRACON& Tower with Radar,217,44,29,0,290,0,2,13,0,15,217,46,42,0,305,0,0,0,305
06/22/2008,MSY,LA,ASW,CE,Combined TRACON& Tower with Radar,204,48,32,0,284,0,9,26,2,37,204,57,58,2,321,0,0,0,321
06/23/2008,MSY,LA,ASW,CE,Combined TRACON& Tower with Radar,229,55,31,0,315,0,8,33,4,45,229,63,64,4,360,0,0,0,360
06/24/2008,MSY,LA,ASW,CE,Combined TRACON& Tower with Radar,233,51,35,0,319,0,13,43,4,60,233,64,78,4,379,0,0,0,379
06/25/2008,MSY,LA,ASW,CE,Combined TRACON& Tower with Radar,233,65,40,0,338,0,26,19,2,47,233,91,59,2,385,0,0,0,385
06/26/2008,MSY,LA,ASW,CE,Combined TRACON& Tower with Radar,234,64,51,0,349,1,18,41,2,62,235,82,92,2,411,0,0,0,411
06/27/2008,MSY,LA,ASW,CE,Combined TRACON& Tower with Radar,230,68,34,4,336,0,15,37,2,54,230,83,71,6,390,0,0,0,390
06/28/2008,MSY,LA,ASW,CE,Combined TRACON& Tower with Radar,225,43,21,2,291,0,6,15,0,21,225,49,36,2,312,0,0,0,312
06/29/2008,MSY,LA,ASW,CE,Combined TRACON& Tower with Radar,203,53,11,0,267,0,6,16,1,23,203,59,27,1,290,0,0,0,290
06/30/2008,MSY,LA,ASW,CE,Combined TRACON& Tower with Radar,230,69,41,0,340,0,5,21,6,32,230,74,62,6,372,0,0,0,372
07/01/2008,MSY,LA,ASW,CE,Combined TRACON& Tower with Radar,232,57,34,0,323,0,12,33,9,54,232,69,67,9,377,0,0,0,377
07/02/2008,MSY,LA,ASW,CE,Combined TRACON& Tower with Radar,236,70,40,0,346,0,4,37,0,41,236,74,77,0,387,0,0,0,387
07/03/2008,MSY,LA,ASW,CE,Combined TRACON& Tower with Radar,238,66,56,4,364,0,13,32,2,47,238,79,88,6,411,0,0,0,411
07/04/2008,MSY,LA,ASW,CE,Combined TRACON& Tower with Radar,201,39,14,0,254,0,1,25,0,26,201,40,39,0,280,0,0,0,280
07/05/2008,MSY,LA,ASW,CE,Combined TRACON& Tower with Radar,195,41,8,0,244,0,0,18,0,18,195,41,26,0,262,0,0,0,262
07/06/2008,MSY,LA,ASW,CE,Combined TRACON& Tower with Radar,206,45,21,1,273,0,3,22,2,27,206,48,43,3,300,0,0,0,300
07/07/2008,MSY,LA,ASW,CE,Combined TRACON& Tower with Radar,241,55,47,2,345,0,15,32,2,49,241,70,79,4,394,0,0,0,394
07/08/2008,MSY,LA,ASW,CE,Combined TRACON& Tower with Radar,231,68,43,0,342,0,27,43,2,72,231,95,86,2,414,0,0,0,414
07/09/2008,MSY,LA,ASW,CE,Combined TRACON& Tower with Radar,234,63,50,2,349,0,18,32,0,50,234,81,82,2,399,0,0,0,399
07/10/2008,MSY,LA,ASW,CE,Combined TRACON& Tower with Radar,230,61,29,4,324,0,44,18,8,70,230,105,47,12,394,0,0,0,394
07/11/2008,MSY,LA,ASW,CE,Combined TRACON& Tower with Radar,236,60,24,2,322,0,18,27,2,47,236,78,51,4,369,0,0,0,369
07/12/2008,MSY,LA,ASW,CE,Combined TRACON& Tower with Radar,220,43,26,0,289,0,19,26,4,49,220,62,52,4,338,0,0,0,338
07/13/2008,MSY,LA,ASW,CE,Combined TRACON& Tower with Radar,190,45,26,2,263,0,3,22,1,26,190,48,48,3,289,0,0,0,289
07/14/2008,MSY,LA,ASW,CE,Combined TRACON& Tower with Radar,236,67,41,0,344,0,15,13,0,28,236,82,54,0,372,0,0,0,372
07/15/2008,MSY,LA,ASW,CE,Combined TRACON& Tower with Radar,229,60,40,0,329,0,19,33,2,54,229,79,73,2,383,0,0,0,383
07/16/2008,MSY,LA,ASW,CE,Combined TRACON& Tower with Radar,236,65,38,2,341,0,29,37,1,67,236,94,75,3,408,0,0,0,408
07/17/2008,MSY,LA,ASW,CE,Combined TRACON& Tower with Radar,235,61,39,2,337,0,16,26,4,46,235,77,65,6,383,0,0,0,383
07/18/2008,MSY,LA,ASW,CE,Combined TRACON& Tower with Radar,237,72,31,2,342,0,25,38,6,69,237,97,69,8,411,0,0,0,411
07/19/2008,MSY,LA,ASW,CE,Combined TRACON& Tower with Radar,227,40,11,2,280,0,10,9,1,20,227,50,20,3,300,0,0,0,300
07/20/2008,MSY,LA,ASW,CE,Combined TRACON& Tower with Radar,200,53,21,0,274,0,16,9,0,25,200,69,30,0,299,0,0,0,299
07/21/2008,MSY,LA,ASW,CE,Combined TRACON& Tower with Radar,229,58,24,0,311,0,23,21,2,46,229,81,45,2,357,0,0,0,357
07/22/2008,MSY,LA,ASW,CE,Combined TRACON& Tower with Radar,228,66,45,2,341,0,13,25,1,39,228,79,70,3,380,0,0,0,380
07/23/2008,MSY,LA,ASW,CE,Combined TRACON& Tower with Radar,223,59,36,0,318,0,19,27,0,46,223,78,63,0,364,0,0,0,364
07/24/2008,MSY,LA,ASW,CE,Combined TRACON& Tower with Radar,239,68,50,0,357,0,18,35,2,55,239,86,85,2,412,0,0,0,412
07/25/2008,MSY,LA,ASW,CE,Combined TRACON& Tower with Radar,237,62,48,1,348,0,23,31,1,55,237,85,79,2,403,0,0,0,403
07/26/2008,MSY,LA,ASW,CE,Combined TRACON& Tower with Radar,220,43,18,0,281,0,7,34,0,41,220,50,52,0,322,0,0,0,322
07/27/2008,MSY,LA,ASW,CE,Combined TRACON& Tower with Radar,200,47,30,0,277,0,1,21,0,22,200,48,51,0,299,0,0,0,299
07/28/2008,MSY,LA,ASW,CE,Combined TRACON& Tower with Radar,228,52,27,0,307,0,16,37,0,53,228,68,64,0,360,0,0,0,360
07/29/2008,MSY,LA,ASW,CE,Combined TRACON& Tower with Radar,225,47,35,0,307,0,5,26,2,33,225,52,61,2,340,0,0,0,340
07/30/2008,MSY,LA,ASW,CE,Combined TRACON& Tower with Radar,232,61,29,0,322,0,22,27,1,50,232,83,56,1,372,0,0,0,372
07/31/2008,MSY,LA,ASW,CE,Combined TRACON& Tower with Radar,223,60,50,0,333,0,26,11,0,37,223,86,61,0,370,0,0,0,370
08/01/2008,MSY,LA,ASW,CE,Combined TRACON& Tower with Radar,232,61,32,0,325,0,12,20,0,32,232,73,52,0,357,0,0,0,357
08/02/2008,MSY,LA,ASW,CE,Combined TRACON& Tower with Radar,212,40,17,0,269,0,0,21,0,21,212,40,38,0,290,0,0,0,290
08/03/2008,MSY,LA,ASW,CE,Combined TRACON& Tower with Radar,205,44,30,0,279,0,2,24,4,30,205,46,54,4,309,0,0,0,309
08/04/2008,MSY,LA,ASW,CE,Combined TRACON& Tower with Radar,238,55,44,0,337,0,2,13,0,15,238,57,57,0,352,0,0,0,352
08/05/2008,MSY,LA,ASW,CE,Combined TRACON& Tower with Radar,224,59,26,0,309,0,10,20,0,30,224,69,46,0,339,0,0,0,339
08/06/2008,MSY,LA,ASW,CE,Combined TRACON& Tower with Radar,234,55,34,0,323,0,14,25,4,43,234,69,59,4,366,0,0,0,366
08/07/2008,MSY,LA,ASW,CE,Combined TRACON& Tower with Radar,237,53,44,8,342,0,15,38,3,56,237,68,82,11,398,0,0,0,398
08/08/2008,MSY,LA,ASW,CE,Combined TRACON& Tower with Radar,238,52,37,3,330,0,8,23,0,31,238,60,60,3,361,0,0,0,361
08/09/2008,MSY,LA,ASW,CE,Combined TRACON& Tower with Radar,221,47,20,1,289,0,8,21,0,29,221,55,41,1,318,0,0,0,318
08/10/2008,MSY,LA,ASW,CE,Combined TRACON& Tower with Radar,200,41,19,1,261,0,2,33,0,35,200,43,52,1,296,0,0,0,296
08/11/2008,MSY,LA,ASW,CE,Combined TRACON& Tower with Radar,234,53,23,0,310,0,24,14,0,38,234,77,37,0,348,0,0,0,348
08/12/2008,MSY,LA,ASW,CE,Combined TRACON& Tower with Radar,227,58,35,2,322,0,23,19,0,42,227,81,54,2,364,0,0,0,364
08/13/2008,MSY,LA,ASW,CE,Combined TRACON& Tower with Radar,242,56,36,3,337,0,5,18,8,31,242,61,54,11,368,0,0,0,368
08/14/2008,MSY,LA,ASW,CE,Combined TRACON& Tower with Radar,231,65,50,0,346,0,27,39,5,71,231,92,89,5,417,0,0,0,417
08/15/2008,MSY,LA,ASW,CE,Combined TRACON& Tower with Radar,249,59,35,2,345,0,8,22,2,32,249,67,57,4,377,0,0,0,377
08/16/2008,MSY,LA,ASW,CE,Combined TRACON& Tower with Radar,219,42,15,0,276,0,5,14,2,21,219,47,29,2,297,0,0,0,297
08/17/2008,MSY,LA,ASW,CE,Combined TRACON& Tower with Radar,205,57,27,0,289,0,7,3,4,14,205,64,30,4,303,0,0,0,303
08/18/2008,MSY,LA,ASW,CE,Combined TRACON& Tower with Radar,228,52,30,2,312,0,18,20,0,38,228,70,50,2,350,0,0,0,350
08/19/2008,MSY,LA,ASW,CE,Combined TRACON& Tower with Radar,229,59,23,4,315,0,22,24,3,49,229,81,47,7,364,0,0,0,364
08/20/2008,MSY,LA,ASW,CE,Combined TRACON& Tower with Radar,225,59,37,4,325,0,14,20,18,52,225,73,57,22,377,0,0,0,377
08/21/2008,MSY,LA,ASW,CE,Combined TRACON& Tower with Radar,238,60,35,3,336,0,20,31,2,53,238,80,66,5,389,0,0,0,389
08/22/2008,MSY,LA,ASW,CE,Combined TRACON& Tower with Radar,241,56,27,0,324,0,8,22,2,32,241,64,49,2,356,0,0,0,356
08/23/2008,MSY,LA,ASW,CE,Combined TRACON& Tower with Radar,196,43,9,0,248,0,2,14,2,18,196,45,23,2,266,0,0,0,266
08/24/2008,MSY,LA,ASW,CE,Combined TRACON& Tower with Radar,203,37,18,0,258,0,2,5,0,7,203,39,23,0,265,0,0,0,265
08/25/2008,MSY,LA,ASW,CE,Combined TRACON& Tower with Radar,225,49,14,4,292,0,5,18,7,30,225,54,32,11,322,0,0,0,322
08/26/2008,MSY,LA,ASW,CE,Combined TRACON& Tower with Radar,233,53,39,5,330,0,16,25,1,42,233,69,64,6,372,0,0,0,372
08/27/2008,MSY,LA,ASW,CE,Combined TRACON& Tower with Radar,230,62,40,1,333,0,16,32,0,48,230,78,72,1,381,0,0,0,381
08/28/2008,MSY,LA,ASW,CE,Combined TRACON& Tower with Radar,234,74,40,1,349,1,19,24,3,47,235,93,64,4,396,0,0,0,396
08/29/2008,MSY,LA,ASW,CE,Combined TRACON& Tower with Radar,236,85,44,4,369,0,18,29,3,50,236,103,73,7,419,0,0,0,419
08/30/2008,MSY,LA,ASW,CE,Combined TRACON& Tower with Radar,222,71,39,20,352,0,26,43,13,82,222,97,82,33,434,0,0,0,434
08/31/2008,MSY,LA,ASW,CE,Combined TRACON& Tower with Radar,185,61,11,56,313,0,14,58,19,91,185,75,69,75,404,0,0,0,404
09/01/2008,MSY,LA,ASW,CE,Combined TRACON& Tower with Radar,0,0,0,0,0,0,0,0,0,0,0,0,0,0,0,0,0,0,0
09/02/2008,MSY,LA,ASW,CE,Combined TRACON& Tower with Radar,0,0,5,2,7,0,7,9,27,43,0,7,14,29,50,0,0,0,50
09/03/2008,MSY,LA,ASW,CE,Combined TRACON& Tower with Radar,9,24,18,2,53,0,54,39,26,119,9,78,57,28,172,0,0,0,172
09/04/2008,MSY,LA,ASW,CE,Combined TRACON& Tower with Radar,160,21,39,2,222,0,39,30,14,83,160,60,69,16,305,0,0,0,305
09/05/2008,MSY,LA,ASW,CE,Combined TRACON& Tower with Radar,204,62,35,7,308,0,29,21,14,64,204,91,56,21,372,0,0,0,372
09/06/2008,MSY,LA,ASW,CE,Combined TRACON& Tower with Radar,201,35,30,2,268,0,20,15,11,46,201,55,45,13,314,0,0,0,314
09/07/2008,MSY,LA,ASW,CE,Combined TRACON& Tower with Radar,206,26,26,0,258,1,9,19,8,37,207,35,45,8,295,0,0,0,295
09/08/2008,MSY,LA,ASW,CE,Combined TRACON& Tower with Radar,214,24,19,0,257,0,13,19,10,42,214,37,38,10,299,0,0,0,299
09/09/2008,MSY,LA,ASW,CE,Combined TRACON& Tower with Radar,217,31,19,0,267,0,14,28,7,49,217,45,47,7,316,0,0,0,316
09/10/2008,MSY,LA,ASW,CE,Combined TRACON& Tower with Radar,224,34,34,1,293,0,11,36,8,55,224,45,70,9,348,0,0,0,348
09/11/2008,MSY,LA,ASW,CE,Combined TRACON& Tower with Radar,242,55,48,6,351,0,8,13,4,25,242,63,61,10,376,0,0,0,376
09/12/2008,MSY,LA,ASW,CE,Combined TRACON& Tower with Radar,213,34,14,2,263,0,0,0,0,0,213,34,14,2,263,0,0,0,263
09/13/2008,MSY,LA,ASW,CE,Combined TRACON& Tower with Radar,156,23,16,1,196,0,4,11,5,20,156,27,27,6,216,0,0,0,216
09/14/2008,MSY,LA,ASW,CE,Combined TRACON& Tower with Radar,166,21,22,2,211,0,33,39,13,85,166,54,61,15,296,0,0,0,296
09/15/2008,MSY,LA,ASW,CE,Combined TRACON& Tower with Radar,196,33,38,0,267,0,9,17,8,34,196,42,55,8,301,0,0,0,301
09/16/2008,MSY,LA,ASW,CE,Combined TRACON& Tower with Radar,206,50,32,10,298,0,29,51,5,85,206,79,83,15,383,0,0,0,383
09/17/2008,MSY,LA,ASW,CE,Combined TRACON& Tower with Radar,205,48,43,2,298,0,18,38,4,60,205,66,81,6,358,0,0,0,358
09/18/2008,MSY,LA,ASW,CE,Combined TRACON& Tower with Radar,216,60,50,1,327,0,14,48,2,64,216,74,98,3,391,0,0,0,391
09/19/2008,MSY,LA,ASW,CE,Combined TRACON& Tower with Radar,224,42,30,1,297,0,15,19,3,37,224,57,49,4,334,0,0,0,334
09/20/2008,MSY,LA,ASW,CE,Combined TRACON& Tower with Radar,185,22,15,0,222,0,5,13,0,18,185,27,28,0,240,0,0,0,240
09/21/2008,MSY,LA,ASW,CE,Combined TRACON& Tower with Radar,206,30,31,0,267,0,0,32,1,33,206,30,63,1,300,0,0,0,300
09/22/2008,MSY,LA,ASW,CE,Combined TRACON& Tower with Radar,230,30,30,0,290,0,18,31,0,49,230,48,61,0,339,0,0,0,339
09/23/2008,MSY,LA,ASW,CE,Combined TRACON& Tower with Radar,216,33,30,0,279,0,35,31,0,66,216,68,61,0,345,0,0,0,345
09/24/2008,MSY,LA,ASW,CE,Combined TRACON& Tower with Radar,223,34,39,0,296,0,29,68,0,97,223,63,107,0,393,0,0,0,393
09/25/2008,MSY,LA,ASW,CE,Combined TRACON& Tower with Radar,225,31,26,1,283,0,27,30,1,58,225,58,56,2,341,0,0,0,341
09/26/2008,MSY,LA,ASW,CE,Combined TRACON& Tower with Radar,229,29,26,2,286,0,13,44,2,59,229,42,70,4,345,0,0,0,345
09/27/2008,MSY,LA,ASW,CE,Combined TRACON& Tower with Radar,182,22,21,1,226,0,8,30,0,38,182,30,51,1,264,0,0,0,264
09/28/2008,MSY,LA,ASW,CE,Combined TRACON& Tower with Radar,210,23,33,0,266,0,6,43,0,49,210,29,76,0,315,0,0,0,315
09/29/2008,MSY,LA,ASW,CE,Combined TRACON& Tower with Radar,219,34,34,4,291,0,14,33,4,51,219,48,67,8,342,0,0,0,342
09/30/2008,MSY,LA,ASW,CE,Combined TRACON& Tower with Radar,224,34,42,1,301,0,8,39,0,47,224,42,81,1,348,0,0,0,348
10/01/2008,MSY,LA,ASW,CE,Combined TRACON& Tower with Radar,230,33,33,0,296,0,27,48,4,79,230,60,81,4,375,0,0,0,375
10/02/2008,MSY,LA,ASW,CE,Combined TRACON& Tower with Radar,245,28,38,0,311,0,15,29,0,44,245,43,67,0,355,0,0,0,355
10/03/2008,MSY,LA,ASW,CE,Combined TRACON& Tower with Radar,234,37,34,2,307,0,10,43,10,63,234,47,77,12,370,0,0,0,370
10/04/2008,MSY,LA,ASW,CE,Combined TRACON& Tower with Radar,198,18,18,0,234,0,2,17,0,19,198,20,35,0,253,0,0,0,253
10/05/2008,MSY,LA,ASW,CE,Combined TRACON& Tower with Radar,221,32,28,3,284,0,9,20,2,31,221,41,48,5,315,0,0,0,315
10/06/2008,MSY,LA,ASW,CE,Combined TRACON& Tower with Radar,236,30,45,3,314,0,14,20,12,46,236,44,65,15,360,0,0,0,360
10/07/2008,MSY,LA,ASW,CE,Combined TRACON& Tower with Radar,242,44,57,0,343,0,10,22,0,32,242,54,79,0,375,0,0,0,375
10/08/2008,MSY,LA,ASW,CE,Combined TRACON& Tower with Radar,231,31,32,1,295,0,18,28,15,61,231,49,60,16,356,0,0,0,356
10/09/2008,MSY,LA,ASW,CE,Combined TRACON& Tower with Radar,244,42,61,2,349,0,34,29,1,64,244,76,90,3,413,0,0,0,413
10/10/2008,MSY,LA,ASW,CE,Combined TRACON& Tower with Radar,244,35,37,0,316,0,19,28,0,47,244,54,65,0,363,0,0,0,363
10/11/2008,MSY,LA,ASW,CE,Combined TRACON& Tower with Radar,199,19,22,0,240,0,2,19,1,22,199,21,41,1,262,0,0,0,262
10/12/2008,MSY,LA,ASW,CE,Combined TRACON& Tower with Radar,224,25,36,0,285,0,4,13,0,17,224,29,49,0,302,0,0,0,302
10/13/2008,MSY,LA,ASW,CE,Combined TRACON& Tower with Radar,240,34,26,0,300,0,6,13,2,21,240,40,39,2,321,0,0,0,321
10/14/2008,MSY,LA,ASW,CE,Combined TRACON& Tower with Radar,244,35,30,0,309,0,13,23,6,42,244,48,53,6,351,0,0,0,351
10/15/2008,MSY,LA,ASW,CE,Combined TRACON& Tower with Radar,251,37,33,0,321,0,16,33,0,49,251,53,66,0,370,0,0,0,370
10/16/2008,MSY,LA,ASW,CE,Combined TRACON& Tower with Radar,247,37,47,0,331,0,22,37,0,59,247,59,84,0,390,0,0,0,390
10/17/2008,MSY,LA,ASW,CE,Combined TRACON& Tower with Radar,246,29,40,0,315,0,7,32,2,41,246,36,72,2,356,0,0,0,356
10/18/2008,MSY,LA,ASW,CE,Combined TRACON& Tower with Radar,205,23,21,0,249,0,10,34,2,46,205,33,55,2,295,0,0,0,295
10/19/2008,MSY,LA,ASW,CE,Combined TRACON& Tower with Radar,217,22,21,0,260,0,16,22,3,41,217,38,43,3,301,0,0,0,301
10/20/2008,MSY,LA,ASW,CE,Combined TRACON& Tower with Radar,239,30,33,7,309,0,11,37,3,51,239,41,70,10,360,0,0,0,360
10/21/2008,MSY,LA,ASW,CE,Combined TRACON& Tower with Radar,245,30,45,5,325,0,28,38,0,66,245,58,83,5,391,0,0,0,391
10/22/2008,MSY,LA,ASW,CE,Combined TRACON& Tower with Radar,235,35,33,0,303,0,17,12,0,29,235,52,45,0,332,0,0,0,332
10/23/2008,MSY,LA,ASW,CE,Combined TRACON& Tower with Radar,251,43,46,1,341,0,14,3,2,19,251,57,49,3,360,0,0,0,360
10/24/2008,MSY,LA,ASW,CE,Combined TRACON& Tower with Radar,244,36,42,6,328,0,7,18,0,25,244,43,60,6,353,0,0,0,353
10/25/2008,MSY,LA,ASW,CE,Combined TRACON& Tower with Radar,199,25,27,1,252,0,11,38,0,49,199,36,65,1,301,0,0,0,301
10/26/2008,MSY,LA,ASW,CE,Combined TRACON& Tower with Radar,232,30,29,2,293,0,1,46,0,47,232,31,75,2,340,0,0,0,340
10/27/2008,MSY,LA,ASW,CE,Combined TRACON& Tower with Radar,238,32,38,1,309,0,6,22,0,28,238,38,60,1,337,0,0,0,337
10/28/2008,MSY,LA,ASW,CE,Combined TRACON& Tower with Radar,238,34,40,0,312,0,23,29,0,52,238,57,69,0,364,0,0,0,364
10/29/2008,MSY,LA,ASW,CE,Combined TRACON& Tower with Radar,233,31,51,2,317,0,6,17,0,23,233,37,68,2,340,0,0,0,340
10/30/2008,MSY,LA,ASW,CE,Combined TRACON& Tower with Radar,250,38,54,0,342,0,19,27,3,49,250,57,81,3,391,0,0,0,391
10/31/2008,MSY,LA,ASW,CE,Combined TRACON& Tower with Radar,252,31,34,4,321,0,13,13,1,27,252,44,47,5,348,0,0,0,348
11/01/2008,MSY,LA,ASW,CE,Combined TRACON& Tower with Radar,196,25,11,1,233,0,5,28,2,35,196,30,39,3,268,0,0,0,268
11/02/2008,MSY,LA,ASW,CE,Combined TRACON& Tower with Radar,224,33,17,0,274,0,2,19,2,23,224,35,36,2,297,0,0,0,297
11/03/2008,MSY,LA,ASW,CE,Combined TRACON& Tower with Radar,238,25,26,0,289,0,16,18,0,34,238,41,44,0,323,0,0,0,323
11/04/2008,MSY,LA,ASW,CE,Combined TRACON& Tower with Radar,237,26,23,2,288,0,16,29,0,45,237,42,52,2,333,0,0,0,333
11/05/2008,MSY,LA,ASW,CE,Combined TRACON& Tower with Radar,252,35,57,6,350,0,10,20,0,30,252,45,77,6,380,0,0,0,380
11/06/2008,MSY,LA,ASW,CE,Combined TRACON& Tower with Radar,249,28,58,2,337,0,13,32,0,45,249,41,90,2,382,0,0,0,382
11/07/2008,MSY,LA,ASW,CE,Combined TRACON& Tower with Radar,248,24,28,2,302,0,12,21,3,36,248,36,49,5,338,0,0,0,338
11/08/2008,MSY,LA,ASW,CE,Combined TRACON& Tower with Radar,220,27,16,2,265,0,4,28,2,34,220,31,44,4,299,0,0,0,299
11/09/2008,MSY,LA,ASW,CE,Combined TRACON& Tower with Radar,230,22,30,2,284,0,3,30,2,35,230,25,60,4,319,0,0,0,319
11/10/2008,MSY,LA,ASW,CE,Combined TRACON& Tower with Radar,243,27,37,0,307,0,10,24,0,34,243,37,61,0,341,0,0,0,341
11/11/2008,MSY,LA,ASW,CE,Combined TRACON& Tower with Radar,241,30,31,3,305,0,12,56,0,68,241,42,87,3,373,0,0,0,373
11/12/2008,MSY,LA,ASW,CE,Combined TRACON& Tower with Radar,248,44,26,0,318,0,8,12,1,21,248,52,38,1,339,0,0,0,339
11/13/2008,MSY,LA,ASW,CE,Combined TRACON& Tower with Radar,256,35,56,3,350,0,10,32,0,42,256,45,88,3,392,0,0,0,392
11/14/2008,MSY,LA,ASW,CE,Combined TRACON& Tower with Radar,249,41,52,4,346,0,5,20,0,25,249,46,72,4,371,0,0,0,371
11/15/2008,MSY,LA,ASW,CE,Combined TRACON& Tower with Radar,216,20,35,1,272,0,14,16,3,33,216,34,51,4,305,0,0,0,305
11/16/2008,MSY,LA,ASW,CE,Combined TRACON& Tower with Radar,227,29,53,6,315,0,4,27,2,33,227,33,80,8,348,0,0,0,348
11/17/2008,MSY,LA,ASW,CE,Combined TRACON& Tower with Radar,244,29,28,1,302,0,18,23,1,42,244,47,51,2,344,0,0,0,344
11/18/2008,MSY,LA,ASW,CE,Combined TRACON& Tower with Radar,241,22,38,0,301,0,23,38,2,63,241,45,76,2,364,0,0,0,364
11/19/2008,MSY,LA,ASW,CE,Combined TRACON& Tower with Radar,247,25,40,5,317,0,21,48,3,72,247,46,88,8,389,0,0,0,389
11/20/2008,MSY,LA,ASW,CE,Combined TRACON& Tower with Radar,248,35,49,0,332,0,34,20,4,58,248,69,69,4,390,0,0,0,390
11/21/2008,MSY,LA,ASW,CE,Combined TRACON& Tower with Radar,248,31,35,2,316,0,10,23,1,34,248,41,58,3,350,0,0,0,350
11/22/2008,MSY,LA,ASW,CE,Combined TRACON& Tower with Radar,222,24,28,0,274,0,8,25,1,34,222,32,53,1,308,0,0,0,308
11/23/2008,MSY,LA,ASW,CE,Combined TRACON& Tower with Radar,225,22,18,0,265,0,8,30,0,38,225,30,48,0,303,0,0,0,303
11/24/2008,MSY,LA,ASW,CE,Combined TRACON& Tower with Radar,234,30,38,0,302,0,11,22,0,33,234,41,60,0,335,0,0,0,335
11/25/2008,MSY,LA,ASW,CE,Combined TRACON& Tower with Radar,244,39,47,2,332,0,12,21,5,38,244,51,68,7,370,0,0,0,370
11/26/2008,MSY,LA,ASW,CE,Combined TRACON& Tower with Radar,246,34,34,3,317,0,15,27,0,42,246,49,61,3,359,0,0,0,359
11/27/2008,MSY,LA,ASW,CE,Combined TRACON& Tower with Radar,161,21,8,0,190,0,5,12,0,17,161,26,20,0,207,0,0,0,207
11/28/2008,MSY,LA,ASW,CE,Combined TRACON& Tower with Radar,186,23,22,0,231,0,2,16,0,18,186,25,38,0,249,0,0,0,249
11/29/2008,MSY,LA,ASW,CE,Combined TRACON& Tower with Radar,217,27,15,2,261,0,3,1,0,4,217,30,16,2,265,0,0,0,265
11/30/2008,MSY,LA,ASW,CE,Combined TRACON& Tower with Radar,228,29,33,0,290,0,3,16,0,19,228,32,49,0,309,0,0,0,309
12/01/2008,MSY,LA,ASW,CE,Combined TRACON& Tower with Radar,245,26,37,2,310,0,6,19,1,26,245,32,56,3,336,0,0,0,336
12/02/2008,MSY,LA,ASW,CE,Combined TRACON& Tower with Radar,239,34,35,2,310,0,14,24,1,39,239,48,59,3,349,0,0,0,349
12/03/2008,MSY,LA,ASW,CE,Combined TRACON& Tower with Radar,236,32,40,0,308,0,12,40,2,54,236,44,80,2,362,0,0,0,362
12/04/2008,MSY,LA,ASW,CE,Combined TRACON& Tower with Radar,246,34,61,2,343,0,11,9,0,20,246,45,70,2,363,0,0,0,363
12/05/2008,MSY,LA,ASW,CE,Combined TRACON& Tower with Radar,244,39,43,2,328,0,23,30,0,53,244,62,73,2,381,0,0,0,381
12/06/2008,MSY,LA,ASW,CE,Combined TRACON& Tower with Radar,214,23,20,0,257,0,5,29,1,35,214,28,49,1,292,0,0,0,292
12/07/2008,MSY,LA,ASW,CE,Combined TRACON& Tower with Radar,222,29,27,0,278,0,4,23,0,27,222,33,50,0,305,0,0,0,305
12/08/2008,MSY,LA,ASW,CE,Combined TRACON& Tower with Radar,238,27,27,1,293,0,15,12,3,30,238,42,39,4,323,0,0,0,323
12/09/2008,MSY,LA,ASW,CE,Combined TRACON& Tower with Radar,231,42,33,0,306,0,7,13,1,21,231,49,46,1,327,0,0,0,327
12/10/2008,MSY,LA,ASW,CE,Combined TRACON& Tower with Radar,234,43,29,1,307,0,3,7,0,10,234,46,36,1,317,0,0,0,317
12/11/2008,MSY,LA,ASW,CE,Combined TRACON& Tower with Radar,211,33,44,4,292,0,0,3,0,3,211,33,47,4,295,0,0,0,295
12/12/2008,MSY,LA,ASW,CE,Combined TRACON& Tower with Radar,241,37,40,3,321,0,18,35,2,55,241,55,75,5,376,0,0,0,376
12/13/2008,MSY,LA,ASW,CE,Combined TRACON& Tower with Radar,206,19,16,1,242,0,6,28,0,34,206,25,44,1,276,0,0,0,276
12/14/2008,MSY,LA,ASW,CE,Combined TRACON& Tower with Radar,217,25,21,0,263,0,9,13,0,22,217,34,34,0,285,0,0,0,285
12/15/2008,MSY,LA,ASW,CE,Combined TRACON& Tower with Radar,223,27,30,6,286,0,19,13,0,32,223,46,43,6,318,0,0,0,318
12/16/2008,MSY,LA,ASW,CE,Combined TRACON& Tower with Radar,232,32,54,2,320,0,0,3,0,3,232,32,57,2,323,0,0,0,323
12/17/2008,MSY,LA,ASW,CE,Combined TRACON& Tower with Radar,229,29,56,0,314,0,3,18,2,23,229,32,74,2,337,0,0,0,337
12/18/2008,MSY,LA,ASW,CE,Combined TRACON& Tower with Radar,252,38,57,4,351,1,14,13,0,28,253,52,70,4,379,0,0,0,379
12/19/2008,MSY,LA,ASW,CE,Combined TRACON& Tower with Radar,236,34,41,3,314,0,7,14,1,22,236,41,55,4,336,0,0,0,336
12/20/2008,MSY,LA,ASW,CE,Combined TRACON& Tower with Radar,210,36,34,2,282,0,2,20,0,22,210,38,54,2,304,0,0,0,304
12/21/2008,MSY,LA,ASW,CE,Combined TRACON& Tower with Radar,210,22,17,1,250,0,3,9,2,14,210,25,26,3,264,0,0,0,264
12/22/2008,MSY,LA,ASW,CE,Combined TRACON& Tower with Radar,232,24,22,0,278,0,16,21,0,37,232,40,43,0,315,0,0,0,315
12/23/2008,MSY,LA,ASW,CE,Combined TRACON& Tower with Radar,243,30,36,1,310,0,16,24,0,40,243,46,60,1,350,0,0,0,350
12/24/2008,MSY,LA,ASW,CE,Combined TRACON& Tower with Radar,204,29,15,0,248,0,4,8,0,12,204,33,23,0,260,0,0,0,260
12/25/2008,MSY,LA,ASW,CE,Combined TRACON& Tower with Radar,183,16,7,0,206,0,0,20,2,22,183,16,27,2,228,0,0,0,228
12/26/2008,MSY,LA,ASW,CE,Combined TRACON& Tower with Radar,238,27,34,0,299,0,0,16,0,16,238,27,50,0,315,0,0,0,315
12/27/2008,MSY,LA,ASW,CE,Combined TRACON& Tower with Radar,221,35,25,0,281,0,0,14,0,14,221,35,39,0,295,0,0,0,295
12/28/2008,MSY,LA,ASW,CE,Combined TRACON& Tower with Radar,233,33,16,0,282,0,1,9,0,10,233,34,25,0,292,0,0,0,292
12/29/2008,MSY,LA,ASW,CE,Combined TRACON& Tower with Radar,245,26,29,2,302,0,5,33,8,46,245,31,62,10,348,0,0,0,348
12/30/2008,MSY,LA,ASW,CE,Combined TRACON& Tower with Radar,243,29,25,4,301,0,9,21,1,31,243,38,46,5,332,0,0,0,332
12/31/2008,MSY,LA,ASW,CE,Combined TRACON& Tower with Radar,217,32,24,0,273,0,7,40,3,50,217,39,64,3,323,0,0,0,323
01/01/2009,MSY,LA,ASW,CE,Combined TRACON& Tower with Radar,198,31,31,0,260,0,12,20,0,32,198,43,51,0,292,0,0,0,292
01/02/2009,MSY,LA,ASW,CE,Combined TRACON& Tower with Radar,247,41,31,2,321,0,7,37,0,44,247,48,68,2,365,0,0,0,365
01/03/2009,MSY,LA,ASW,CE,Combined TRACON& Tower with Radar,232,38,50,0,320,0,0,10,2,12,232,38,60,2,332,0,0,0,332
01/04/2009,MSY,LA,ASW,CE,Combined TRACON& Tower with Radar,237,42,39,0,318,0,2,8,2,12,237,44,47,2,330,0,0,0,330
01/05/2009,MSY,LA,ASW,CE,Combined TRACON& Tower with Radar,235,30,20,0,285,0,2,6,0,8,235,32,26,0,293,0,0,0,293
01/06/2009,MSY,LA,ASW,CE,Combined TRACON& Tower with Radar,234,27,30,0,291,0,6,10,3,19,234,33,40,3,310,0,0,0,310
01/07/2009,MSY,LA,ASW,CE,Combined TRACON& Tower with Radar,232,30,26,0,288,0,29,22,0,51,232,59,48,0,339,0,0,0,339
01/08/2009,MSY,LA,ASW,CE,Combined TRACON& Tower with Radar,237,25,45,0,307,0,20,25,0,45,237,45,70,0,352,0,0,0,352
01/09/2009,MSY,LA,ASW,CE,Combined TRACON& Tower with Radar,243,29,36,1,309,0,11,23,1,35,243,40,59,2,344,0,0,0,344
01/10/2009,MSY,LA,ASW,CE,Combined TRACON& Tower with Radar,190,25,34,4,253,0,0,9,0,9,190,25,43,4,262,0,0,0,262
01/11/2009,MSY,LA,ASW,CE,Combined TRACON& Tower with Radar,214,26,18,2,260,0,8,28,5,41,214,34,46,7,301,0,0,0,301
01/12/2009,MSY,LA,ASW,CE,Combined TRACON& Tower with Radar,223,20,27,0,270,0,25,24,0,49,223,45,51,0,319,0,0,0,319
01/13/2009,MSY,LA,ASW,CE,Combined TRACON& Tower with Radar,225,30,31,0,286,0,15,24,1,40,225,45,55,1,326,0,0,0,326
01/14/2009,MSY,LA,ASW,CE,Combined TRACON& Tower with Radar,223,40,33,2,298,0,16,26,0,42,223,56,59,2,340,0,0,0,340
01/15/2009,MSY,LA,ASW,CE,Combined TRACON& Tower with Radar,230,34,43,2,309,0,29,14,6,49,230,63,57,8,358,0,0,0,358
01/16/2009,MSY,LA,ASW,CE,Combined TRACON& Tower with Radar,231,24,37,2,294,0,11,33,0,44,231,35,70,2,338,0,0,0,338
01/17/2009,MSY,LA,ASW,CE,Combined TRACON& Tower with Radar,192,25,22,0,239,0,4,24,4,32,192,29,46,4,271,0,0,0,271
01/18/2009,MSY,LA,ASW,CE,Combined TRACON& Tower with Radar,219,20,27,2,268,0,0,13,0,13,219,20,40,2,281,0,0,0,281
01/19/2009,MSY,LA,ASW,CE,Combined TRACON& Tower with Radar,230,33,32,2,297,0,9,10,2,21,230,42,42,4,318,0,0,0,318
01/20/2009,MSY,LA,ASW,CE,Combined TRACON& Tower with Radar,222,25,32,0,279,0,14,16,0,30,222,39,48,0,309,0,0,0,309
01/21/2009,MSY,LA,ASW,CE,Combined TRACON& Tower with Radar,229,31,49,0,309,0,18,32,0,50,229,49,81,0,359,0,0,0,359
01/22/2009,MSY,LA,ASW,CE,Combined TRACON& Tower with Radar,240,35,45,2,322,0,21,36,2,59,240,56,81,4,381,0,0,0,381
01/23/2009,MSY,LA,ASW,CE,Combined TRACON& Tower with Radar,234,30,39,0,303,0,8,26,0,34,234,38,65,0,337,0,0,0,337
01/24/2009,MSY,LA,ASW,CE,Combined TRACON& Tower with Radar,188,30,39,0,257,0,0,16,0,16,188,30,55,0,273,0,0,0,273
01/25/2009,MSY,LA,ASW,CE,Combined TRACON& Tower with Radar,219,29,58,0,306,0,0,0,0,0,219,29,58,0,306,0,0,0,306
01/26/2009,MSY,LA,ASW,CE,Combined TRACON& Tower with Radar,226,39,60,1,326,0,3,4,0,7,226,42,64,1,333,0,0,0,333
01/27/2009,MSY,LA,ASW,CE,Combined TRACON& Tower with Radar,225,30,27,2,284,0,14,15,0,29,225,44,42,2,313,0,0,0,313
01/28/2009,MSY,LA,ASW,CE,Combined TRACON& Tower with Radar,208,38,48,0,294,0,6,12,1,19,208,44,60,1,313,0,0,0,313
01/29/2009,MSY,LA,ASW,CE,Combined TRACON& Tower with Radar,235,40,40,0,315,0,13,38,0,51,235,53,78,0,366,0,0,0,366
01/30/2009,MSY,LA,ASW,CE,Combined TRACON& Tower with Radar,236,42,29,0,307,0,15,20,0,35,236,57,49,0,342,0,0,0,342
01/31/2009,MSY,LA,ASW,CE,Combined TRACON& Tower with Radar,194,24,19,0,237,0,3,32,0,35,194,27,51,0,272,0,0,0,272
02/01/2009,MSY,LA,ASW,CE,Combined TRACON& Tower with Radar,216,25,25,1,267,0,2,9,8,19,216,27,34,9,286,0,0,0,286
02/02/2009,MSY,LA,ASW,CE,Combined TRACON& Tower with Radar,226,37,19,3,285,0,10,11,0,21,226,47,30,3,306,0,0,0,306
02/03/2009,MSY,LA,ASW,CE,Combined TRACON& Tower with Radar,219,39,57,0,315,0,15,45,4,64,219,54,102,4,379,0,0,0,379
02/04/2009,MSY,LA,ASW,CE,Combined TRACON& Tower with Radar,229,41,40,0,310,0,22,37,4,63,229,63,77,4,373,0,0,0,373
02/05/2009,MSY,LA,ASW,CE,Combined TRACON& Tower with Radar,234,42,44,0,320,0,33,13,0,46,234,75,57,0,366,0,0,0,366
02/06/2009,MSY,LA,ASW,CE,Combined TRACON& Tower with Radar,230,39,35,0,304,0,13,23,1,37,230,52,58,1,341,0,0,0,341
02/07/2009,MSY,LA,ASW,CE,Combined TRACON& Tower with Radar,196,25,27,0,248,0,4,16,0,20,196,29,43,0,268,0,0,0,268
02/08/2009,MSY,LA,ASW,CE,Combined TRACON& Tower with Radar,217,26,29,2,274,0,3,22,4,29,217,29,51,6,303,0,0,0,303
02/09/2009,MSY,LA,ASW,CE,Combined TRACON& Tower with Radar,227,31,38,1,297,0,20,12,2,34,227,51,50,3,331,0,0,0,331
02/10/2009,MSY,LA,ASW,CE,Combined TRACON& Tower with Radar,217,32,40,0,289,0,14,6,2,22,217,46,46,2,311,0,0,0,311
02/11/2009,MSY,LA,ASW,CE,Combined TRACON& Tower with Radar,218,37,35,0,290,0,11,19,2,32,218,48,54,2,322,0,0,0,322
02/12/2009,MSY,LA,ASW,CE,Combined TRACON& Tower with Radar,235,35,47,0,317,0,40,43,0,83,235,75,90,0,400,0,0,0,400
02/13/2009,MSY,LA,ASW,CE,Combined TRACON& Tower with Radar,243,34,27,6,310,0,17,22,0,39,243,51,49,6,349,0,0,0,349
02/14/2009,MSY,LA,ASW,CE,Combined TRACON& Tower with Radar,201,25,18,2,246,0,9,9,0,18,201,34,27,2,264,0,0,0,264
02/15/2009,MSY,LA,ASW,CE,Combined TRACON& Tower with Radar,216,33,35,2,286,0,10,9,3,22,216,43,44,5,308,0,0,0,308
02/16/2009,MSY,LA,ASW,CE,Combined TRACON& Tower with Radar,237,27,37,0,301,0,18,23,2,43,237,45,60,2,344,0,0,0,344
02/17/2009,MSY,LA,ASW,CE,Combined TRACON& Tower with Radar,241,29,37,3,310,0,15,25,0,40,241,44,62,3,350,0,0,0,350
02/18/2009,MSY,LA,ASW,CE,Combined TRACON& Tower with Radar,246,35,37,2,320,0,38,10,0,48,246,73,47,2,368,0,0,0,368
02/19/2009,MSY,LA,ASW,CE,Combined TRACON& Tower with Radar,252,29,53,0,334,0,35,28,2,65,252,64,81,2,399,0,0,0,399
02/20/2009,MSY,LA,ASW,CE,Combined TRACON& Tower with Radar,240,33,44,0,317,0,25,30,1,56,240,58,74,1,373,0,0,0,373
02/21/2009,MSY,LA,ASW,CE,Combined TRACON& Tower with Radar,202,30,34,0,266,0,8,23,0,31,202,38,57,0,297,0,0,0,297
02/22/2009,MSY,LA,ASW,CE,Combined TRACON& Tower with Radar,225,21,29,2,277,0,8,22,0,30,225,29,51,2,307,0,0,0,307
02/23/2009,MSY,LA,ASW,CE,Combined TRACON& Tower with Radar,235,25,15,0,275,1,15,18,0,34,236,40,33,0,309,0,0,0,309
02/24/2009,MSY,LA,ASW,CE,Combined TRACON& Tower with Radar,244,21,16,0,281,0,25,19,0,44,244,46,35,0,325,0,0,0,325
02/25/2009,MSY,LA,ASW,CE,Combined TRACON& Tower with Radar,229,32,38,6,305,0,21,24,2,47,229,53,62,8,352,0,0,0,352
02/26/2009,MSY,LA,ASW,CE,Combined TRACON& Tower with Radar,241,41,33,3,318,0,27,17,1,45,241,68,50,4,363,0,0,0,363
02/27/2009,MSY,LA,ASW,CE,Combined TRACON& Tower with Radar,241,29,33,2,305,0,12,26,0,38,241,41,59,2,343,0,0,0,343
02/28/2009,MSY,LA,ASW,CE,Combined TRACON& Tower with Radar,209,28,20,0,257,0,0,3,0,3,209,28,23,0,260,0,0,0,260
03/01/2009,MSY,LA,ASW,CE,Combined TRACON& Tower with Radar,204,28,30,0,262,0,2,12,0,14,204,30,42,0,276,0,0,0,276
03/02/2009,MSY,LA,ASW,CE,Combined TRACON& Tower with Radar,218,27,30,1,276,0,13,23,1,37,218,40,53,2,313,0,0,0,313
03/03/2009,MSY,LA,ASW,CE,Combined TRACON& Tower with Radar,245,28,47,0,320,0,23,29,0,52,245,51,76,0,372,0,0,0,372
03/04/2009,MSY,LA,ASW,CE,Combined TRACON& Tower with Radar,236,26,31,0,293,0,26,25,0,51,236,52,56,0,344,0,0,0,344
03/05/2009,MSY,LA,ASW,CE,Combined TRACON& Tower with Radar,248,31,44,2,325,0,22,24,4,50,248,53,68,6,375,0,0,0,375
03/06/2009,MSY,LA,ASW,CE,Combined TRACON& Tower with Radar,245,32,56,6,339,0,15,21,0,36,245,47,77,6,375,0,0,0,375
03/07/2009,MSY,LA,ASW,CE,Combined TRACON& Tower with Radar,222,26,28,0,276,0,8,15,2,25,222,34,43,2,301,0,0,0,301
03/08/2009,MSY,LA,ASW,CE,Combined TRACON& Tower with Radar,222,27,26,3,278,0,1,8,2,11,222,28,34,5,289,0,0,0,289
03/09/2009,MSY,LA,ASW,CE,Combined TRACON& Tower with Radar,233,28,34,3,298,0,6,20,0,26,233,34,54,3,324,0,0,0,324
03/10/2009,MSY,LA,ASW,CE,Combined TRACON& Tower with Radar,234,28,56,0,318,0,18,20,21,59,234,46,76,21,377,0,0,0,377
03/11/2009,MSY,LA,ASW,CE,Combined TRACON& Tower with Radar,241,30,59,1,331,0,18,26,8,52,241,48,85,9,383,0,0,0,383
03/12/2009,MSY,LA,ASW,CE,Combined TRACON& Tower with Radar,237,31,42,0,310,0,15,7,2,24,237,46,49,2,334,0,0,0,334
03/13/2009,MSY,LA,ASW,CE,Combined TRACON& Tower with Radar,241,33,25,0,299,0,12,17,0,29,241,45,42,0,328,0,0,0,328
03/14/2009,MSY,LA,ASW,CE,Combined TRACON& Tower with Radar,219,46,22,2,289,0,0,9,0,9,219,46,31,2,298,0,0,0,298
03/15/2009,MSY,LA,ASW,CE,Combined TRACON& Tower with Radar,226,29,27,4,286,0,8,20,0,28,226,37,47,4,314,0,0,0,314
03/16/2009,MSY,LA,ASW,CE,Combined TRACON& Tower with Radar,233,33,27,5,298,0,10,14,0,24,233,43,41,5,322,0,0,0,322
03/17/2009,MSY,LA,ASW,CE,Combined TRACON& Tower with Radar,243,34,42,0,319,0,31,20,0,51,243,65,62,0,370,0,0,0,370
03/18/2009,MSY,LA,ASW,CE,Combined TRACON& Tower with Radar,244,26,54,0,324,0,26,22,2,50,244,52,76,2,374,0,0,0,374
03/19/2009,MSY,LA,ASW,CE,Combined TRACON& Tower with Radar,245,28,43,0,316,0,29,37,7,73,245,57,80,7,389,0,0,0,389
03/20/2009,MSY,LA,ASW,CE,Combined TRACON& Tower with Radar,245,32,54,3,334,0,35,27,1,63,245,67,81,4,397,0,0,0,397
03/21/2009,MSY,LA,ASW,CE,Combined TRACON& Tower with Radar,218,41,31,3,293,0,10,24,1,35,218,51,55,4,328,0,0,0,328
03/22/2009,MSY,LA,ASW,CE,Combined TRACON& Tower with Radar,227,32,57,1,317,1,10,21,0,32,228,42,78,1,349,0,0,0,349
03/23/2009,MSY,LA,ASW,CE,Combined TRACON& Tower with Radar,232,42,49,1,324,0,26,20,0,46,232,68,69,1,370,0,0,0,370
03/24/2009,MSY,LA,ASW,CE,Combined TRACON& Tower with Radar,246,36,55,0,337,0,23,16,2,41,246,59,71,2,378,0,0,0,378
03/25/2009,MSY,LA,ASW,CE,Combined TRACON& Tower with Radar,236,48,60,4,348,0,24,17,0,41,236,72,77,4,389,0,0,0,389
03/26/2009,MSY,LA,ASW,CE,Combined TRACON& Tower with Radar,251,31,36,0,318,0,9,8,0,17,251,40,44,0,335,0,0,0,335
03/27/2009,MSY,LA,ASW,CE,Combined TRACON& Tower with Radar,243,38,27,2,310,0,4,6,0,10,243,42,33,2,320,0,0,0,320
03/28/2009,MSY,LA,ASW,CE,Combined TRACON& Tower with Radar,221,37,19,0,277,0,1,15,0,16,221,38,34,0,293,0,0,0,293
03/29/2009,MSY,LA,ASW,CE,Combined TRACON& Tower with Radar,218,29,31,0,278,0,2,17,4,23,218,31,48,4,301,0,0,0,301
03/30/2009,MSY,LA,ASW,CE,Combined TRACON& Tower with Radar,234,23,31,0,288,0,22,17,0,39,234,45,48,0,327,0,0,0,327
03/31/2009,MSY,LA,ASW,CE,Combined TRACON& Tower with Radar,235,42,38,0,315,0,8,7,0,15,235,50,45,0,330,0,0,0,330
04/01/2009,MSY,LA,ASW,CE,Combined TRACON& Tower with Radar,240,35,34,2,311,0,16,23,3,42,240,51,57,5,353,0,0,0,353
04/02/2009,MSY,LA,ASW,CE,Combined TRACON& Tower with Radar,238,32,40,6,316,0,8,16,0,24,238,40,56,6,340,0,0,0,340
04/03/2009,MSY,LA,ASW,CE,Combined TRACON& Tower with Radar,239,27,39,5,310,0,14,45,6,65,239,41,84,11,375,0,0,0,375
04/04/2009,MSY,LA,ASW,CE,Combined TRACON& Tower with Radar,223,27,25,2,277,0,6,19,0,25,223,33,44,2,302,0,0,0,302
04/05/2009,MSY,LA,ASW,CE,Combined TRACON& Tower with Radar,229,27,22,0,278,0,5,15,2,22,229,32,37,2,300,0,0,0,300
04/06/2009,MSY,LA,ASW,CE,Combined TRACON& Tower with Radar,231,28,24,0,283,0,5,24,0,29,231,33,48,0,312,0,0,0,312
04/07/2009,MSY,LA,ASW,CE,Combined TRACON& Tower with Radar,233,34,30,4,301,0,36,31,0,67,233,70,61,4,368,0,0,0,368
04/08/2009,MSY,LA,ASW,CE,Combined TRACON& Tower with Radar,238,35,38,0,311,0,19,35,0,54,238,54,73,0,365,0,0,0,365
04/09/2009,MSY,LA,ASW,CE,Combined TRACON& Tower with Radar,237,29,42,0,308,0,20,19,5,44,237,49,61,5,352,0,0,0,352
04/10/2009,MSY,LA,ASW,CE,Combined TRACON& Tower with Radar,234,33,18,4,289,0,8,20,0,28,234,41,38,4,317,0,0,0,317
04/11/2009,MSY,LA,ASW,CE,Combined TRACON& Tower with Radar,221,24,9,0,254,0,2,20,4,26,221,26,29,4,280,0,0,0,280
04/12/2009,MSY,LA,ASW,CE,Combined TRACON& Tower with Radar,233,28,17,0,278,0,0,4,0,4,233,28,21,0,282,0,0,0,282
04/13/2009,MSY,LA,ASW,CE,Combined TRACON& Tower with Radar,225,26,34,4,289,0,11,14,0,25,225,37,48,4,314,0,0,0,314
04/14/2009,MSY,LA,ASW,CE,Combined TRACON& Tower with Radar,239,30,28,0,297,0,29,18,0,47,239,59,46,0,344,0,0,0,344
04/15/2009,MSY,LA,ASW,CE,Combined TRACON& Tower with Radar,240,30,38,0,308,0,18,34,5,57,240,48,72,5,365,0,0,0,365
04/16/2009,MSY,LA,ASW,CE,Combined TRACON& Tower with Radar,241,37,33,6,317,0,21,32,6,59,241,58,65,12,376,0,0,0,376
04/17/2009,MSY,LA,ASW,CE,Combined TRACON& Tower with Radar,299,30,39,7,375,0,18,26,0,44,299,48,65,7,419,0,0,0,419
04/18/2009,MSY,LA,ASW,CE,Combined TRACON& Tower with Radar,223,21,21,7,272,0,6,19,1,26,223,27,40,8,298,0,0,0,298
04/19/2009,MSY,LA,ASW,CE,Combined TRACON& Tower with Radar,225,26,23,5,279,0,2,6,3,11,225,28,29,8,290,0,0,0,290
04/20/2009,MSY,LA,ASW,CE,Combined TRACON& Tower with Radar,231,34,23,1,289,0,15,28,2,45,231,49,51,3,334,0,0,0,334
04/21/2009,MSY,LA,ASW,CE,Combined TRACON& Tower with Radar,233,33,30,1,297,0,24,20,0,44,233,57,50,1,341,0,0,0,341
04/22/2009,MSY,LA,ASW,CE,Combined TRACON& Tower with Radar,241,37,30,2,310,0,25,27,2,54,241,62,57,4,364,0,0,0,364
04/23/2009,MSY,LA,ASW,CE,Combined TRACON& Tower with Radar,246,41,40,0,327,0,22,16,0,38,246,63,56,0,365,0,0,0,365
04/24/2009,MSY,LA,ASW,CE,Combined TRACON& Tower with Radar,250,45,53,1,349,0,15,17,0,32,250,60,70,1,381,0,0,0,381
04/25/2009,MSY,LA,ASW,CE,Combined TRACON& Tower with Radar,223,27,27,1,278,0,2,28,0,30,223,29,55,1,308,0,0,0,308
04/26/2009,MSY,LA,ASW,CE,Combined TRACON& Tower with Radar,225,34,38,2,299,0,8,20,0,28,225,42,58,2,327,0,0,0,327
04/27/2009,MSY,LA,ASW,CE,Combined TRACON& Tower with Radar,257,33,51,5,346,0,20,20,0,40,257,53,71,5,386,0,0,0,386
04/28/2009,MSY,LA,ASW,CE,Combined TRACON& Tower with Radar,241,33,35,4,313,0,13,28,2,43,241,46,63,6,356,0,0,0,356
04/29/2009,MSY,LA,ASW,CE,Combined TRACON& Tower with Radar,235,33,44,4,316,0,14,23,2,39,235,47,67,6,355,0,0,0,355
04/30/2009,MSY,LA,ASW,CE,Combined TRACON& Tower with Radar,241,44,58,1,344,0,26,27,3,56,241,70,85,4,400,0,0,0,400
05/01/2009,MSY,LA,ASW,CE,Combined TRACON& Tower with Radar,239,41,37,0,317,0,15,21,1,37,239,56,58,1,354,0,0,0,354
05/02/2009,MSY,LA,ASW,CE,Combined TRACON& Tower with Radar,216,29,19,0,264,0,15,15,0,30,216,44,34,0,294,0,0,0,294
05/03/2009,MSY,LA,ASW,CE,Combined TRACON& Tower with Radar,229,24,45,0,298,0,14,13,0,27,229,38,58,0,325,0,0,0,325
05/04/2009,MSY,LA,ASW,CE,Combined TRACON& Tower with Radar,236,26,35,2,299,0,6,17,0,23,236,32,52,2,322,0,0,0,322
05/05/2009,MSY,LA,ASW,CE,Combined TRACON& Tower with Radar,238,32,37,2,309,0,16,28,0,44,238,48,65,2,353,0,0,0,353
05/06/2009,MSY,LA,ASW,CE,Combined TRACON& Tower with Radar,233,32,41,0,306,0,22,31,0,53,233,54,72,0,359,0,0,0,359
05/07/2009,MSY,LA,ASW,CE,Combined TRACON& Tower with Radar,239,32,54,3,328,0,16,19,0,35,239,48,73,3,363,0,0,0,363
05/08/2009,MSY,LA,ASW,CE,Combined TRACON& Tower with Radar,240,33,36,0,309,0,16,14,3,33,240,49,50,3,342,0,0,0,342
05/09/2009,MSY,LA,ASW,CE,Combined TRACON& Tower with Radar,216,30,24,1,271,0,8,22,0,30,216,38,46,1,301,0,0,0,301
05/10/2009,MSY,LA,ASW,CE,Combined TRACON& Tower with Radar,211,32,16,4,263,0,2,8,0,10,211,34,24,4,273,0,0,0,273
05/11/2009,MSY,LA,ASW,CE,Combined TRACON& Tower with Radar,231,31,23,12,297,0,15,31,0,46,231,46,54,12,343,0,0,0,343
05/12/2009,MSY,LA,ASW,CE,Combined TRACON& Tower with Radar,231,31,43,0,305,0,14,26,0,40,231,45,69,0,345,0,0,0,345
05/13/2009,MSY,LA,ASW,CE,Combined TRACON& Tower with Radar,231,35,42,0,308,0,13,36,1,50,231,48,78,1,358,0,0,0,358
05/14/2009,MSY,LA,ASW,CE,Combined TRACON& Tower with Radar,231,32,35,2,300,0,16,19,0,35,231,48,54,2,335,0,0,0,335
05/15/2009,MSY,LA,ASW,CE,Combined TRACON& Tower with Radar,240,34,33,1,308,0,13,41,2,56,240,47,74,3,364,0,0,0,364
05/16/2009,MSY,LA,ASW,CE,Combined TRACON& Tower with Radar,215,23,12,1,251,0,6,23,0,29,215,29,35,1,280,0,0,0,280
05/17/2009,MSY,LA,ASW,CE,Combined TRACON& Tower with Radar,217,20,25,0,262,0,0,14,0,14,217,20,39,0,276,0,0,0,276
05/18/2009,MSY,LA,ASW,CE,Combined TRACON& Tower with Radar,236,37,38,3,314,0,17,17,2,36,236,54,55,5,350,0,0,0,350
05/19/2009,MSY,LA,ASW,CE,Combined TRACON& Tower with Radar,240,29,48,1,318,0,15,37,0,52,240,44,85,1,370,0,0,0,370
05/20/2009,MSY,LA,ASW,CE,Combined TRACON& Tower with Radar,230,30,34,2,296,0,17,38,0,55,230,47,72,2,351,0,0,0,351
05/21/2009,MSY,LA,ASW,CE,Combined TRACON& Tower with Radar,231,32,40,2,305,0,9,14,2,25,231,41,54,4,330,0,0,0,330
05/22/2009,MSY,LA,ASW,CE,Combined TRACON& Tower with Radar,242,36,33,3,314,0,3,12,0,15,242,39,45,3,329,0,0,0,329
05/23/2009,MSY,LA,ASW,CE,Combined TRACON& Tower with Radar,208,35,13,0,256,0,0,11,0,11,208,35,24,0,267,0,0,0,267
05/24/2009,MSY,LA,ASW,CE,Combined TRACON& Tower with Radar,197,20,5,0,222,0,2,9,3,14,197,22,14,3,236,0,0,0,236
05/25/2009,MSY,LA,ASW,CE,Combined TRACON& Tower with Radar,211,27,11,2,251,0,5,8,0,13,211,32,19,2,264,0,0,0,264
05/26/2009,MSY,LA,ASW,CE,Combined TRACON& Tower with Radar,227,24,33,3,287,0,21,12,2,35,227,45,45,5,322,0,0,0,322
05/27/2009,MSY,LA,ASW,CE,Combined TRACON& Tower with Radar,233,30,38,1,302,0,25,13,2,40,233,55,51,3,342,0,0,0,342
05/28/2009,MSY,LA,ASW,CE,Combined TRACON& Tower with Radar,234,29,49,3,315,0,18,30,1,49,234,47,79,4,364,0,0,0,364
05/29/2009,MSY,LA,ASW,CE,Combined TRACON& Tower with Radar,236,25,29,0,290,0,21,24,0,45,236,46,53,0,335,0,0,0,335
05/30/2009,MSY,LA,ASW,CE,Combined TRACON& Tower with Radar,211,18,23,0,252,0,4,15,2,21,211,22,38,2,273,0,0,0,273
05/31/2009,MSY,LA,ASW,CE,Combined TRACON& Tower with Radar,212,17,26,0,255,0,0,23,0,23,212,17,49,0,278,0,0,0,278
06/01/2009,MSY,LA,ASW,CE,Combined TRACON& Tower with Radar,232,26,17,0,275,0,16,30,0,46,232,42,47,0,321,0,0,0,321
06/02/2009,MSY,LA,ASW,CE,Combined TRACON& Tower with Radar,227,31,33,0,291,0,18,25,0,43,227,49,58,0,334,0,0,0,334
06/03/2009,MSY,LA,ASW,CE,Combined TRACON& Tower with Radar,224,33,33,6,296,0,22,23,0,45,224,55,56,6,341,0,0,0,341
06/04/2009,MSY,LA,ASW,CE,Combined TRACON& Tower with Radar,244,36,42,6,328,0,19,18,2,39,244,55,60,8,367,0,0,0,367
06/05/2009,MSY,LA,ASW,CE,Combined TRACON& Tower with Radar,230,34,35,7,306,0,24,21,5,50,230,58,56,12,356,0,0,0,356
06/06/2009,MSY,LA,ASW,CE,Combined TRACON& Tower with Radar,211,24,13,1,249,0,8,25,1,34,211,32,38,2,283,0,0,0,283
06/07/2009,MSY,LA,ASW,CE,Combined TRACON& Tower with Radar,208,21,30,1,260,0,18,17,2,37,208,39,47,3,297,0,0,0,297
06/08/2009,MSY,LA,ASW,CE,Combined TRACON& Tower with Radar,230,26,37,3,296,0,8,14,0,22,230,34,51,3,318,0,0,0,318
06/09/2009,MSY,LA,ASW,CE,Combined TRACON& Tower with Radar,226,33,36,4,299,0,12,18,2,32,226,45,54,6,331,0,0,0,331
06/10/2009,MSY,LA,ASW,CE,Combined TRACON& Tower with Radar,230,25,38,2,295,0,18,20,4,42,230,43,58,6,337,0,0,0,337
06/11/2009,MSY,LA,ASW,CE,Combined TRACON& Tower with Radar,232,35,41,1,309,0,30,15,2,47,232,65,56,3,356,0,0,0,356
06/12/2009,MSY,LA,ASW,CE,Combined TRACON& Tower with Radar,232,28,35,3,298,0,12,32,4,48,232,40,67,7,346,0,0,0,346
06/13/2009,MSY,LA,ASW,CE,Combined TRACON& Tower with Radar,205,27,18,2,252,0,2,21,3,26,205,29,39,5,278,0,0,0,278
06/14/2009,MSY,LA,ASW,CE,Combined TRACON& Tower with Radar,205,20,28,2,255,0,4,19,0,23,205,24,47,2,278,0,0,0,278
06/15/2009,MSY,LA,ASW,CE,Combined TRACON& Tower with Radar,231,27,23,1,282,0,11,22,0,33,231,38,45,1,315,0,0,0,315
06/16/2009,MSY,LA,ASW,CE,Combined TRACON& Tower with Radar,236,22,33,3,294,0,23,41,6,70,236,45,74,9,364,0,0,0,364
06/17/2009,MSY,LA,ASW,CE,Combined TRACON& Tower with Radar,233,25,48,2,308,0,27,35,2,64,233,52,83,4,372,0,0,0,372
06/18/2009,MSY,LA,ASW,CE,Combined TRACON& Tower with Radar,228,38,29,0,295,0,16,22,1,39,228,54,51,1,334,0,0,0,334
06/19/2009,MSY,LA,ASW,CE,Combined TRACON& Tower with Radar,232,32,35,4,303,0,11,15,6,32,232,43,50,10,335,0,0,0,335
06/20/2009,MSY,LA,ASW,CE,Combined TRACON& Tower with Radar,207,29,18,0,254,0,4,16,1,21,207,33,34,1,275,0,0,0,275
06/21/2009,MSY,LA,ASW,CE,Combined TRACON& Tower with Radar,206,37,18,0,261,0,4,22,0,26,206,41,40,0,287,0,0,0,287
06/22/2009,MSY,LA,ASW,CE,Combined TRACON& Tower with Radar,222,26,34,0,282,0,15,14,2,31,222,41,48,2,313,0,0,0,313
06/23/2009,MSY,LA,ASW,CE,Combined TRACON& Tower with Radar,236,34,41,1,312,0,13,32,0,45,236,47,73,1,357,0,0,0,357
06/24/2009,MSY,LA,ASW,CE,Combined TRACON& Tower with Radar,229,26,37,1,293,0,21,30,0,51,229,47,67,1,344,0,0,0,344
06/25/2009,MSY,LA,ASW,CE,Combined TRACON& Tower with Radar,234,32,37,4,307,0,10,13,0,23,234,42,50,4,330,0,0,0,330
06/26/2009,MSY,LA,ASW,CE,Combined TRACON& Tower with Radar,230,28,34,0,292,0,6,10,2,18,230,34,44,2,310,0,0,0,310
06/27/2009,MSY,LA,ASW,CE,Combined TRACON& Tower with Radar,207,29,17,0,253,0,1,17,12,30,207,30,34,12,283,0,0,0,283
06/28/2009,MSY,LA,ASW,CE,Combined TRACON& Tower with Radar,203,28,13,0,244,0,2,17,4,23,203,30,30,4,267,0,0,0,267
06/29/2009,MSY,LA,ASW,CE,Combined TRACON& Tower with Radar,226,31,19,0,276,0,11,9,3,23,226,42,28,3,299,0,0,0,299
06/30/2009,MSY,LA,ASW,CE,Combined TRACON& Tower with Radar,235,28,34,0,297,0,22,19,1,42,235,50,53,1,339,0,0,0,339
07/01/2009,MSY,LA,ASW,CE,Combined TRACON& Tower with Radar,237,29,34,4,304,0,24,29,2,55,237,53,63,6,359,0,0,0,359
07/02/2009,MSY,LA,ASW,CE,Combined TRACON& Tower with Radar,234,29,29,1,293,0,14,21,6,41,234,43,50,7,334,0,0,0,334
07/03/2009,MSY,LA,ASW,CE,Combined TRACON& Tower with Radar,228,33,18,1,280,0,0,27,0,27,228,33,45,1,307,0,0,0,307
07/04/2009,MSY,LA,ASW,CE,Combined TRACON& Tower with Radar,180,17,6,1,204,0,2,4,2,8,180,19,10,3,212,0,0,0,212
07/05/2009,MSY,LA,ASW,CE,Combined TRACON& Tower with Radar,211,28,19,0,258,0,6,21,0,27,211,34,40,0,285,0,0,0,285
07/06/2009,MSY,LA,ASW,CE,Combined TRACON& Tower with Radar,231,28,18,1,278,0,14,25,1,40,231,42,43,2,318,0,0,0,318
07/07/2009,MSY,LA,ASW,CE,Combined TRACON& Tower with Radar,231,31,31,0,293,0,11,13,1,25,231,42,44,1,318,0,0,0,318
07/08/2009,MSY,LA,ASW,CE,Combined TRACON& Tower with Radar,240,27,21,2,290,0,13,22,0,35,240,40,43,2,325,0,0,0,325
07/09/2009,MSY,LA,ASW,CE,Combined TRACON& Tower with Radar,202,24,23,0,249,0,21,23,2,46,202,45,46,2,295,0,0,0,295
07/10/2009,MSY,LA,ASW,CE,Combined TRACON& Tower with Radar,238,31,28,0,297,0,6,19,0,25,238,37,47,0,322,0,0,0,322
07/11/2009,MSY,LA,ASW,CE,Combined TRACON& Tower with Radar,210,34,25,0,269,0,6,25,1,32,210,40,50,1,301,0,0,0,301
07/12/2009,MSY,LA,ASW,CE,Combined TRACON& Tower with Radar,208,25,20,5,258,0,2,18,1,21,208,27,38,6,279,0,0,0,279
07/13/2009,MSY,LA,ASW,CE,Combined TRACON& Tower with Radar,231,24,39,7,301,0,8,10,2,20,231,32,49,9,321,0,0,0,321
07/14/2009,MSY,LA,ASW,CE,Combined TRACON& Tower with Radar,241,27,38,8,314,0,20,10,0,30,241,47,48,8,344,0,0,0,344
07/15/2009,MSY,LA,ASW,CE,Combined TRACON& Tower with Radar,238,30,43,3,314,0,28,21,0,49,238,58,64,3,363,0,0,0,363
07/16/2009,MSY,LA,ASW,CE,Combined TRACON& Tower with Radar,235,29,24,2,290,0,16,13,3,32,235,45,37,5,322,0,0,0,322
07/17/2009,MSY,LA,ASW,CE,Combined TRACON& Tower with Radar,238,27,30,0,295,0,1,13,3,17,238,28,43,3,312,0,0,0,312
07/18/2009,MSY,LA,ASW,CE,Combined TRACON& Tower with Radar,209,34,19,1,263,0,2,16,3,21,209,36,35,4,284,0,0,0,284
07/19/2009,MSY,LA,ASW,CE,Combined TRACON& Tower with Radar,212,21,20,0,253,0,4,22,0,26,212,25,42,0,279,0,0,0,279
07/20/2009,MSY,LA,ASW,CE,Combined TRACON& Tower with Radar,235,24,30,0,289,0,22,22,2,46,235,46,52,2,335,0,0,0,335
07/21/2009,MSY,LA,ASW,CE,Combined TRACON& Tower with Radar,248,31,35,2,316,0,12,30,3,45,248,43,65,5,361,0,0,0,361
07/22/2009,MSY,LA,ASW,CE,Combined TRACON& Tower with Radar,234,26,21,0,281,0,20,19,3,42,234,46,40,3,323,0,0,0,323
07/23/2009,MSY,LA,ASW,CE,Combined TRACON& Tower with Radar,239,25,39,0,303,0,18,20,8,46,239,43,59,8,349,0,0,0,349
07/24/2009,MSY,LA,ASW,CE,Combined TRACON& Tower with Radar,246,30,18,2,296,0,14,24,4,42,246,44,42,6,338,0,0,0,338
07/25/2009,MSY,LA,ASW,CE,Combined TRACON& Tower with Radar,204,28,16,2,250,0,6,16,0,22,204,34,32,2,272,0,0,0,272
07/26/2009,MSY,LA,ASW,CE,Combined TRACON& Tower with Radar,210,20,18,3,251,0,2,5,0,7,210,22,23,3,258,0,0,0,258
07/27/2009,MSY,LA,ASW,CE,Combined TRACON& Tower with Radar,232,24,18,0,274,0,17,12,0,29,232,41,30,0,303,0,0,0,303
07/28/2009,MSY,LA,ASW,CE,Combined TRACON& Tower with Radar,240,27,19,1,287,0,13,15,0,28,240,40,34,1,315,0,0,0,315
07/29/2009,MSY,LA,ASW,CE,Combined TRACON& Tower with Radar,237,28,28,4,297,0,19,24,7,50,237,47,52,11,347,0,0,0,347
07/30/2009,MSY,LA,ASW,CE,Combined TRACON& Tower with Radar,236,33,27,4,300,0,20,13,2,35,236,53,40,6,335,0,0,0,335
07/31/2009,MSY,LA,ASW,CE,Combined TRACON& Tower with Radar,237,30,28,2,297,0,13,17,2,32,237,43,45,4,329,0,0,0,329
08/01/2009,MSY,LA,ASW,CE,Combined TRACON& Tower with Radar,214,33,12,1,260,0,1,15,7,23,214,34,27,8,283,0,0,0,283
08/02/2009,MSY,LA,ASW,CE,Combined TRACON& Tower with Radar,207,15,14,0,236,0,8,2,0,10,207,23,16,0,246,0,0,0,246
08/03/2009,MSY,LA,ASW,CE,Combined TRACON& Tower with Radar,232,25,21,2,280,0,13,29,0,42,232,38,50,2,322,0,0,0,322
08/04/2009,MSY,LA,ASW,CE,Combined TRACON& Tower with Radar,237,27,29,2,295,0,16,24,2,42,237,43,53,4,337,0,0,0,337
08/05/2009,MSY,LA,ASW,CE,Combined TRACON& Tower with Radar,231,34,35,0,300,0,42,20,1,63,231,76,55,1,363,0,0,0,363
08/06/2009,MSY,LA,ASW,CE,Combined TRACON& Tower with Radar,239,28,35,0,302,0,21,14,2,37,239,49,49,2,339,0,0,0,339
08/07/2009,MSY,LA,ASW,CE,Combined TRACON& Tower with Radar,238,32,33,2,305,0,15,25,4,44,238,47,58,6,349,0,0,0,349
08/08/2009,MSY,LA,ASW,CE,Combined TRACON& Tower with Radar,210,26,8,0,244,0,3,14,0,17,210,29,22,0,261,0,0,0,261
08/09/2009,MSY,LA,ASW,CE,Combined TRACON& Tower with Radar,201,17,16,2,236,0,2,15,2,19,201,19,31,4,255,0,0,0,255
08/10/2009,MSY,LA,ASW,CE,Combined TRACON& Tower with Radar,228,26,12,0,266,0,16,14,2,32,228,42,26,2,298,0,0,0,298
08/11/2009,MSY,LA,ASW,CE,Combined TRACON& Tower with Radar,238,31,28,0,297,0,19,9,0,28,238,50,37,0,325,0,0,0,325
08/12/2009,MSY,LA,ASW,CE,Combined TRACON& Tower with Radar,232,30,36,4,302,0,28,16,5,49,232,58,52,9,351,0,0,0,351
08/13/2009,MSY,LA,ASW,CE,Combined TRACON& Tower with Radar,234,29,32,0,295,0,19,20,0,39,234,48,52,0,334,0,0,0,334
08/14/2009,MSY,LA,ASW,CE,Combined TRACON& Tower with Radar,238,22,33,1,294,0,15,19,4,38,238,37,52,5,332,0,0,0,332
08/15/2009,MSY,LA,ASW,CE,Combined TRACON& Tower with Radar,203,33,11,6,253,0,2,2,0,4,203,35,13,6,257,0,0,0,257
08/16/2009,MSY,LA,ASW,CE,Combined TRACON& Tower with Radar,197,17,24,0,238,0,4,7,2,13,197,21,31,2,251,0,0,0,251
08/17/2009,MSY,LA,ASW,CE,Combined TRACON& Tower with Radar,223,28,28,0,279,0,13,15,0,28,223,41,43,0,307,0,0,0,307
08/18/2009,MSY,LA,ASW,CE,Combined TRACON& Tower with Radar,230,32,28,0,290,0,15,14,0,29,230,47,42,0,319,0,0,0,319
08/19/2009,MSY,LA,ASW,CE,Combined TRACON& Tower with Radar,226,28,34,2,290,0,18,13,0,31,226,46,47,2,321,0,0,0,321
08/20/2009,MSY,LA,ASW,CE,Combined TRACON& Tower with Radar,230,31,16,6,283,0,17,27,1,45,230,48,43,7,328,0,0,0,328
08/21/2009,MSY,LA,ASW,CE,Combined TRACON& Tower with Radar,229,25,24,0,278,0,8,16,0,24,229,33,40,0,302,0,0,0,302
08/22/2009,MSY,LA,ASW,CE,Combined TRACON& Tower with Radar,193,32,21,1,247,0,3,11,2,16,193,35,32,3,263,0,0,0,263
08/23/2009,MSY,LA,ASW,CE,Combined TRACON& Tower with Radar,203,22,14,1,240,0,4,48,0,52,203,26,62,1,292,0,0,0,292
08/24/2009,MSY,LA,ASW,CE,Combined TRACON& Tower with Radar,221,29,25,3,278,0,8,24,0,32,221,37,49,3,310,0,0,0,310
08/25/2009,MSY,LA,ASW,CE,Combined TRACON& Tower with Radar,229,24,30,3,286,0,10,29,4,43,229,34,59,7,329,0,0,0,329
08/26/2009,MSY,LA,ASW,CE,Combined TRACON& Tower with Radar,225,35,30,4,294,0,20,30,10,60,225,55,60,14,354,0,0,0,354
08/27/2009,MSY,LA,ASW,CE,Combined TRACON& Tower with Radar,232,24,50,7,313,0,24,35,7,66,232,48,85,14,379,0,0,0,379
08/28/2009,MSY,LA,ASW,CE,Combined TRACON& Tower with Radar,236,23,44,0,303,0,10,15,4,29,236,33,59,4,332,0,0,0,332
08/29/2009,MSY,LA,ASW,CE,Combined TRACON& Tower with Radar,189,28,8,0,225,0,2,10,4,16,189,30,18,4,241,0,0,0,241
08/30/2009,MSY,LA,ASW,CE,Combined TRACON& Tower with Radar,197,18,12,3,230,0,2,19,3,24,197,20,31,6,254,0,0,0,254
08/31/2009,MSY,LA,ASW,CE,Combined TRACON& Tower with Radar,225,22,22,4,273,0,6,13,0,19,225,28,35,4,292,0,0,0,292
09/01/2009,MSY,LA,ASW,CE,Combined TRACON& Tower with Radar,222,21,28,0,271,0,10,31,4,45,222,31,59,4,316,0,0,0,316
09/02/2009,MSY,LA,ASW,CE,Combined TRACON& Tower with Radar,220,26,34,5,285,0,16,25,3,44,220,42,59,8,329,0,0,0,329
09/03/2009,MSY,LA,ASW,CE,Combined TRACON& Tower with Radar,227,27,24,8,286,0,12,30,3,45,227,39,54,11,331,0,0,0,331
09/04/2009,MSY,LA,ASW,CE,Combined TRACON& Tower with Radar,230,30,23,2,285,0,16,19,8,43,230,46,42,10,328,0,0,0,328
09/05/2009,MSY,LA,ASW,CE,Combined TRACON& Tower with Radar,186,20,7,0,213,0,2,12,0,14,186,22,19,0,227,0,0,0,227
09/06/2009,MSY,LA,ASW,CE,Combined TRACON& Tower with Radar,161,20,9,0,190,0,2,10,0,12,161,22,19,0,202,0,0,0,202
09/07/2009,MSY,LA,ASW,CE,Combined TRACON& Tower with Radar,204,19,13,0,236,0,10,16,6,32,204,29,29,6,268,0,0,0,268
09/08/2009,MSY,LA,ASW,CE,Combined TRACON& Tower with Radar,216,28,28,0,272,0,28,27,0,55,216,56,55,0,327,0,0,0,327
09/09/2009,MSY,LA,ASW,CE,Combined TRACON& Tower with Radar,218,33,47,2,300,0,18,14,0,32,218,51,61,2,332,0,0,0,332
09/10/2009,MSY,LA,ASW,CE,Combined TRACON& Tower with Radar,218,25,27,2,272,0,21,25,0,46,218,46,52,2,318,0,0,0,318
09/11/2009,MSY,LA,ASW,CE,Combined TRACON& Tower with Radar,232,37,35,0,304,0,10,8,0,18,232,47,43,0,322,0,0,0,322
09/12/2009,MSY,LA,ASW,CE,Combined TRACON& Tower with Radar,184,18,14,0,216,0,2,14,0,16,184,20,28,0,232,0,0,0,232
09/13/2009,MSY,LA,ASW,CE,Combined TRACON& Tower with Radar,199,13,23,2,237,0,2,2,0,4,199,15,25,2,241,0,0,0,241
09/14/2009,MSY,LA,ASW,CE,Combined TRACON& Tower with Radar,218,27,22,3,270,0,20,13,0,33,218,47,35,3,303,0,0,0,303
09/15/2009,MSY,LA,ASW,CE,Combined TRACON& Tower with Radar,215,25,34,2,276,0,25,22,0,47,215,50,56,2,323,0,0,0,323
09/16/2009,MSY,LA,ASW,CE,Combined TRACON& Tower with Radar,209,33,37,1,280,0,14,34,0,48,209,47,71,1,328,0,0,0,328
09/17/2009,MSY,LA,ASW,CE,Combined TRACON& Tower with Radar,224,29,38,6,297,0,20,16,8,44,224,49,54,14,341,0,0,0,341
09/18/2009,MSY,LA,ASW,CE,Combined TRACON& Tower with Radar,231,28,31,0,290,0,19,28,0,47,231,47,59,0,337,0,0,0,337
09/19/2009,MSY,LA,ASW,CE,Combined TRACON& Tower with Radar,181,27,9,0,217,0,6,14,4,24,181,33,23,4,241,0,0,0,241
09/20/2009,MSY,LA,ASW,CE,Combined TRACON& Tower with Radar,193,26,22,0,241,0,7,18,0,25,193,33,40,0,266,0,0,0,266
09/21/2009,MSY,LA,ASW,CE,Combined TRACON& Tower with Radar,211,30,31,0,272,0,20,26,0,46,211,50,57,0,318,0,0,0,318
09/22/2009,MSY,LA,ASW,CE,Combined TRACON& Tower with Radar,217,27,26,0,270,0,23,6,0,29,217,50,32,0,299,0,0,0,299
09/23/2009,MSY,LA,ASW,CE,Combined TRACON& Tower with Radar,213,35,48,0,296,0,11,15,0,26,213,46,63,0,322,0,0,0,322
09/24/2009,MSY,LA,ASW,CE,Combined TRACON& Tower with Radar,227,36,45,1,309,0,21,29,0,50,227,57,74,1,359,0,0,0,359
09/25/2009,MSY,LA,ASW,CE,Combined TRACON& Tower with Radar,223,37,36,1,297,0,19,13,5,37,223,56,49,6,334,0,0,0,334
09/26/2009,MSY,LA,ASW,CE,Combined TRACON& Tower with Radar,189,17,9,0,215,0,2,4,0,6,189,19,13,0,221,0,0,0,221
09/27/2009,MSY,LA,ASW,CE,Combined TRACON& Tower with Radar,203,16,25,0,244,0,2,11,2,15,203,18,36,2,259,0,0,0,259
09/28/2009,MSY,LA,ASW,CE,Combined TRACON& Tower with Radar,214,28,37,0,279,0,15,17,4,36,214,43,54,4,315,0,0,0,315
09/29/2009,MSY,LA,ASW,CE,Combined TRACON& Tower with Radar,220,30,31,2,283,0,18,31,2,51,220,48,62,4,334,0,0,0,334
09/30/2009,MSY,LA,ASW,CE,Combined TRACON& Tower with Radar,218,18,37,0,273,0,15,39,1,55,218,33,76,1,328,0,0,0,328
10/01/2009,MSY,LA,ASW,CE,Combined TRACON& Tower with Radar,222,31,34,0,287,0,14,23,2,39,222,45,57,2,326,0,0,0,326
10/02/2009,MSY,LA,ASW,CE,Combined TRACON& Tower with Radar,236,39,28,0,303,0,2,11,0,13,236,41,39,0,316,0,0,0,316
10/03/2009,MSY,LA,ASW,CE,Combined TRACON& Tower with Radar,186,23,18,0,227,0,6,12,2,20,186,29,30,2,247,0,0,0,247
10/04/2009,MSY,LA,ASW,CE,Combined TRACON& Tower with Radar,202,25,29,0,256,0,4,8,0,12,202,29,37,0,268,0,0,0,268
10/05/2009,MSY,LA,ASW,CE,Combined TRACON& Tower with Radar,221,21,36,0,278,0,10,21,1,32,221,31,57,1,310,0,0,0,310
10/06/2009,MSY,LA,ASW,CE,Combined TRACON& Tower with Radar,227,39,41,0,307,0,17,10,0,27,227,56,51,0,334,0,0,0,334
10/07/2009,MSY,LA,ASW,CE,Combined TRACON& Tower with Radar,224,30,55,2,311,0,18,7,4,29,224,48,62,6,340,0,0,0,340
10/08/2009,MSY,LA,ASW,CE,Combined TRACON& Tower with Radar,231,29,45,5,310,0,28,13,2,43,231,57,58,7,353,0,0,0,353
10/09/2009,MSY,LA,ASW,CE,Combined TRACON& Tower with Radar,258,33,24,0,315,0,12,19,8,39,258,45,43,8,354,0,0,0,354
10/10/2009,MSY,LA,ASW,CE,Combined TRACON& Tower with Radar,196,18,10,2,226,0,0,9,6,15,196,18,19,8,241,0,0,0,241
10/11/2009,MSY,LA,ASW,CE,Combined TRACON& Tower with Radar,207,33,27,0,267,0,0,10,4,14,207,33,37,4,281,0,0,0,281
10/12/2009,MSY,LA,ASW,CE,Combined TRACON& Tower with Radar,229,29,28,5,291,0,3,13,4,20,229,32,41,9,311,0,0,0,311
10/13/2009,MSY,LA,ASW,CE,Combined TRACON& Tower with Radar,226,35,37,6,304,0,20,15,2,37,226,55,52,8,341,0,0,0,341
10/14/2009,MSY,LA,ASW,CE,Combined TRACON& Tower with Radar,220,26,38,5,289,0,20,12,5,37,220,46,50,10,326,0,0,0,326
10/15/2009,MSY,LA,ASW,CE,Combined TRACON& Tower with Radar,237,31,39,1,308,0,9,12,12,33,237,40,51,13,341,0,0,0,341
10/16/2009,MSY,LA,ASW,CE,Combined TRACON& Tower with Radar,236,28,37,2,303,0,7,23,0,30,236,35,60,2,333,0,0,0,333
10/17/2009,MSY,LA,ASW,CE,Combined TRACON& Tower with Radar,198,19,23,0,240,0,15,14,5,34,198,34,37,5,274,0,0,0,274
10/18/2009,MSY,LA,ASW,CE,Combined TRACON& Tower with Radar,206,35,36,4,281,0,6,13,2,21,206,41,49,6,302,0,0,0,302
10/19/2009,MSY,LA,ASW,CE,Combined TRACON& Tower with Radar,225,32,31,0,288,0,15,34,0,49,225,47,65,0,337,0,0,0,337
10/20/2009,MSY,LA,ASW,CE,Combined TRACON& Tower with Radar,222,30,31,2,285,0,17,16,0,33,222,47,47,2,318,0,0,0,318
10/21/2009,MSY,LA,ASW,CE,Combined TRACON& Tower with Radar,231,28,35,5,299,0,36,21,2,59,231,64,56,7,358,0,0,0,358
10/22/2009,MSY,LA,ASW,CE,Combined TRACON& Tower with Radar,234,29,33,1,297,0,6,8,4,18,234,35,41,5,315,0,0,0,315
10/23/2009,MSY,LA,ASW,CE,Combined TRACON& Tower with Radar,237,36,30,3,306,0,10,22,4,36,237,46,52,7,342,0,0,0,342
10/24/2009,MSY,LA,ASW,CE,Combined TRACON& Tower with Radar,193,23,26,1,243,0,11,32,0,43,193,34,58,1,286,0,0,0,286
10/25/2009,MSY,LA,ASW,CE,Combined TRACON& Tower with Radar,205,30,32,7,274,0,5,28,0,33,205,35,60,7,307,0,0,0,307
10/26/2009,MSY,LA,ASW,CE,Combined TRACON& Tower with Radar,233,32,32,1,298,0,12,17,4,33,233,44,49,5,331,0,0,0,331
10/27/2009,MSY,LA,ASW,CE,Combined TRACON& Tower with Radar,224,25,45,3,297,0,16,22,1,39,224,41,67,4,336,0,0,0,336
10/28/2009,MSY,LA,ASW,CE,Combined TRACON& Tower with Radar,226,36,51,2,315,0,14,33,4,51,226,50,84,6,366,0,0,0,366
10/29/2009,MSY,LA,ASW,CE,Combined TRACON& Tower with Radar,241,29,39,4,313,0,5,20,2,27,241,34,59,6,340,0,0,0,340
10/30/2009,MSY,LA,ASW,CE,Combined TRACON& Tower with Radar,249,28,20,0,297,0,6,9,0,15,249,34,29,0,312,0,0,0,312
10/31/2009,MSY,LA,ASW,CE,Combined TRACON& Tower with Radar,193,22,19,0,234,0,4,15,1,20,193,26,34,1,254,0,0,0,254
11/01/2009,MSY,LA,ASW,CE,Combined TRACON& Tower with Radar,219,20,24,0,263,0,2,24,1,27,219,22,48,1,290,0,0,0,290
11/02/2009,MSY,LA,ASW,CE,Combined TRACON& Tower with Radar,233,28,42,0,303,0,7,30,0,37,233,35,72,0,340,0,0,0,340
11/03/2009,MSY,LA,ASW,CE,Combined TRACON& Tower with Radar,231,30,61,3,325,0,29,21,0,50,231,59,82,3,375,0,0,0,375
11/04/2009,MSY,LA,ASW,CE,Combined TRACON& Tower with Radar,235,29,53,1,318,0,24,22,1,47,235,53,75,2,365,0,0,0,365
11/05/2009,MSY,LA,ASW,CE,Combined TRACON& Tower with Radar,241,28,40,4,313,0,31,36,2,69,241,59,76,6,382,0,0,0,382
11/06/2009,MSY,LA,ASW,CE,Combined TRACON& Tower with Radar,242,34,38,0,314,0,21,22,4,47,242,55,60,4,361,0,0,0,361
11/07/2009,MSY,LA,ASW,CE,Combined TRACON& Tower with Radar,213,33,41,0,287,0,9,20,0,29,213,42,61,0,316,0,0,0,316
11/08/2009,MSY,LA,ASW,CE,Combined TRACON& Tower with Radar,226,27,38,1,292,0,16,11,0,27,226,43,49,1,319,0,0,0,319
11/09/2009,MSY,LA,ASW,CE,Combined TRACON& Tower with Radar,233,24,25,0,282,0,2,3,0,5,233,26,28,0,287,0,0,0,287
11/10/2009,MSY,LA,ASW,CE,Combined TRACON& Tower with Radar,220,28,8,0,256,0,10,14,4,28,220,38,22,4,284,0,0,0,284
11/11/2009,MSY,LA,ASW,CE,Combined TRACON& Tower with Radar,234,30,31,0,295,0,6,14,0,20,234,36,45,0,315,0,0,0,315
11/12/2009,MSY,LA,ASW,CE,Combined TRACON& Tower with Radar,248,31,38,0,317,0,25,27,0,52,248,56,65,0,369,0,0,0,369
11/13/2009,MSY,LA,ASW,CE,Combined TRACON& Tower with Radar,240,32,31,4,307,0,14,30,0,44,240,46,61,4,351,0,0,0,351
11/14/2009,MSY,LA,ASW,CE,Combined TRACON& Tower with Radar,207,29,17,1,254,0,7,21,3,31,207,36,38,4,285,0,0,0,285
11/15/2009,MSY,LA,ASW,CE,Combined TRACON& Tower with Radar,224,24,26,0,274,0,2,9,6,17,224,26,35,6,291,0,0,0,291
11/16/2009,MSY,LA,ASW,CE,Combined TRACON& Tower with Radar,236,30,23,1,290,0,12,12,6,30,236,42,35,7,320,0,0,0,320
11/17/2009,MSY,LA,ASW,CE,Combined TRACON& Tower with Radar,226,21,57,0,304,0,22,34,2,58,226,43,91,2,362,0,0,0,362
11/18/2009,MSY,LA,ASW,CE,Combined TRACON& Tower with Radar,234,35,48,0,317,0,18,38,0,56,234,53,86,0,373,0,0,0,373
11/19/2009,MSY,LA,ASW,CE,Combined TRACON& Tower with Radar,244,29,57,1,331,0,17,30,0,47,244,46,87,1,378,0,0,0,378
11/20/2009,MSY,LA,ASW,CE,Combined TRACON& Tower with Radar,248,44,49,4,345,0,13,26,2,41,248,57,75,6,386,0,0,0,386
11/21/2009,MSY,LA,ASW,CE,Combined TRACON& Tower with Radar,214,28,24,0,266,0,0,7,0,7,214,28,31,0,273,0,0,0,273
11/22/2009,MSY,LA,ASW,CE,Combined TRACON& Tower with Radar,229,21,14,1,265,0,0,4,0,4,229,21,18,1,269,0,0,0,269
11/23/2009,MSY,LA,ASW,CE,Combined TRACON& Tower with Radar,227,28,35,1,291,0,10,24,2,36,227,38,59,3,327,0,0,0,327
11/24/2009,MSY,LA,ASW,CE,Combined TRACON& Tower with Radar,243,38,25,0,306,0,24,18,3,45,243,62,43,3,351,0,0,0,351
11/25/2009,MSY,LA,ASW,CE,Combined TRACON& Tower with Radar,244,33,20,0,297,0,14,26,0,40,244,47,46,0,337,0,0,0,337
11/26/2009,MSY,LA,ASW,CE,Combined TRACON& Tower with Radar,164,20,7,0,191,0,6,14,2,22,164,26,21,2,213,0,0,0,213
11/27/2009,MSY,LA,ASW,CE,Combined TRACON& Tower with Radar,179,20,12,0,211,0,11,18,2,31,179,31,30,2,242,0,0,0,242
11/28/2009,MSY,LA,ASW,CE,Combined TRACON& Tower with Radar,220,21,21,0,262,0,2,22,1,25,220,23,43,1,287,0,0,0,287
11/29/2009,MSY,LA,ASW,CE,Combined TRACON& Tower with Radar,242,34,25,1,302,0,2,16,4,22,242,36,41,5,324,0,0,0,324
11/30/2009,MSY,LA,ASW,CE,Combined TRACON& Tower with Radar,243,31,43,0,317,0,12,5,1,18,243,43,48,1,335,0,0,0,335
12/01/2009,MSY,LA,ASW,CE,Combined TRACON& Tower with Radar,234,33,68,0,335,0,5,3,0,8,234,38,71,0,343,0,0,0,343
12/02/2009,MSY,LA,ASW,CE,Combined TRACON& Tower with Radar,235,28,24,1,288,0,16,15,5,36,235,44,39,6,324,0,0,0,324
12/03/2009,MSY,LA,ASW,CE,Combined TRACON& Tower with Radar,242,29,44,2,317,0,15,28,9,52,242,44,72,11,369,0,0,0,369
12/04/2009,MSY,LA,ASW,CE,Combined TRACON& Tower with Radar,241,35,26,0,302,0,9,19,0,28,241,44,45,0,330,0,0,0,330
12/05/2009,MSY,LA,ASW,CE,Combined TRACON& Tower with Radar,203,21,11,0,235,0,3,12,2,17,203,24,23,2,252,0,0,0,252
12/06/2009,MSY,LA,ASW,CE,Combined TRACON& Tower with Radar,219,21,31,0,271,0,2,6,0,8,219,23,37,0,279,0,0,0,279
12/07/2009,MSY,LA,ASW,CE,Combined TRACON& Tower with Radar,233,36,31,0,300,0,6,10,2,18,233,42,41,2,318,0,0,0,318
12/08/2009,MSY,LA,ASW,CE,Combined TRACON& Tower with Radar,236,36,31,1,304,0,11,0,0,11,236,47,31,1,315,0,0,0,315
12/09/2009,MSY,LA,ASW,CE,Combined TRACON& Tower with Radar,237,29,31,3,300,0,12,21,0,33,237,41,52,3,333,0,0,0,333
12/10/2009,MSY,LA,ASW,CE,Combined TRACON& Tower with Radar,238,40,37,0,315,0,19,26,0,45,238,59,63,0,360,0,0,0,360
12/11/2009,MSY,LA,ASW,CE,Combined TRACON& Tower with Radar,243,34,34,0,311,0,6,18,0,24,243,40,52,0,335,0,0,0,335
12/12/2009,MSY,LA,ASW,CE,Combined TRACON& Tower with Radar,208,22,15,0,245,0,0,0,0,0,208,22,15,0,245,0,0,0,245
12/13/2009,MSY,LA,ASW,CE,Combined TRACON& Tower with Radar,231,25,23,0,279,0,0,1,0,1,231,25,24,0,280,0,0,0,280
12/14/2009,MSY,LA,ASW,CE,Combined TRACON& Tower with Radar,233,28,20,0,281,0,0,3,0,3,233,28,23,0,284,0,0,0,284
12/15/2009,MSY,LA,ASW,CE,Combined TRACON& Tower with Radar,227,27,18,0,272,1,0,0,0,1,228,27,18,0,273,0,0,0,273
12/16/2009,MSY,LA,ASW,CE,Combined TRACON& Tower with Radar,229,28,44,0,301,0,33,26,11,70,229,61,70,11,371,0,0,0,371
12/17/2009,MSY,LA,ASW,CE,Combined TRACON& Tower with Radar,225,41,46,2,314,0,2,6,0,8,225,43,52,2,322,0,0,0,322
12/18/2009,MSY,LA,ASW,CE,Combined TRACON& Tower with Radar,236,38,43,0,317,0,0,16,0,16,236,38,59,0,333,0,0,0,333
12/19/2009,MSY,LA,ASW,CE,Combined TRACON& Tower with Radar,185,28,48,0,261,0,10,20,0,30,185,38,68,0,291,0,0,0,291
12/20/2009,MSY,LA,ASW,CE,Combined TRACON& Tower with Radar,193,28,48,0,269,0,3,28,2,33,193,31,76,2,302,0,0,0,302
12/21/2009,MSY,LA,ASW,CE,Combined TRACON& Tower with Radar,231,24,39,0,294,0,13,26,2,41,231,37,65,2,335,0,0,0,335
12/22/2009,MSY,LA,ASW,CE,Combined TRACON& Tower with Radar,235,33,27,2,297,0,12,20,0,32,235,45,47,2,329,0,0,0,329
12/23/2009,MSY,LA,ASW,CE,Combined TRACON& Tower with Radar,238,29,26,1,294,0,19,16,0,35,238,48,42,1,329,0,0,0,329
12/24/2009,MSY,LA,ASW,CE,Combined TRACON& Tower with Radar,209,29,5,0,243,0,3,5,0,8,209,32,10,0,251,0,0,0,251
12/25/2009,MSY,LA,ASW,CE,Combined TRACON& Tower with Radar,170,16,5,1,192,0,0,1,0,1,170,16,6,1,193,0,0,0,193
12/26/2009,MSY,LA,ASW,CE,Combined TRACON& Tower with Radar,201,34,22,0,257,0,4,13,0,17,201,38,35,0,274,0,0,0,274
12/27/2009,MSY,LA,ASW,CE,Combined TRACON& Tower with Radar,219,24,26,0,269,0,4,15,0,19,219,28,41,0,288,0,0,0,288
12/28/2009,MSY,LA,ASW,CE,Combined TRACON& Tower with Radar,221,33,23,0,277,0,16,15,4,35,221,49,38,4,312,0,0,0,312
12/29/2009,MSY,LA,ASW,CE,Combined TRACON& Tower with Radar,232,35,17,3,287,0,10,18,0,28,232,45,35,3,315,0,0,0,315
12/30/2009,MSY,LA,ASW,CE,Combined TRACON& Tower with Radar,245,34,36,4,319,0,17,11,2,30,245,51,47,6,349,0,0,0,349
12/31/2009,MSY,LA,ASW,CE,Combined TRACON& Tower with Radar,189,38,26,1,254,0,7,19,1,27,189,45,45,2,281,0,0,0,281
01/01/2010,MSY,LA,ASW,CE,Combined TRACON& Tower with Radar,183,19,22,0,224,0,0,19,0,19,183,19,41,0,243,0,0,0,243
01/02/2010,MSY,LA,ASW,CE,Combined TRACON& Tower with Radar,225,49,45,0,319,0,13,15,0,28,225,62,60,0,347,0,0,0,347
01/03/2010,MSY,LA,ASW,CE,Combined TRACON& Tower with Radar,228,27,37,1,293,0,2,25,8,35,228,29,62,9,328,0,0,0,328
01/04/2010,MSY,LA,ASW,CE,Combined TRACON& Tower with Radar,226,32,33,0,291,0,11,22,0,33,226,43,55,0,324,0,0,0,324
01/05/2010,MSY,LA,ASW,CE,Combined TRACON& Tower with Radar,211,22,24,0,257,0,30,17,2,49,211,52,41,2,306,0,0,0,306
01/06/2010,MSY,LA,ASW,CE,Combined TRACON& Tower with Radar,212,27,35,0,274,0,34,15,4,53,212,61,50,4,327,0,0,0,327
01/07/2010,MSY,LA,ASW,CE,Combined TRACON& Tower with Radar,228,24,34,4,290,0,11,5,0,16,228,35,39,4,306,0,0,0,306
01/08/2010,MSY,LA,ASW,CE,Combined TRACON& Tower with Radar,222,26,21,0,269,0,15,16,0,31,222,41,37,0,300,0,0,0,300
01/09/2010,MSY,LA,ASW,CE,Combined TRACON& Tower with Radar,202,19,16,2,239,0,12,14,1,27,202,31,30,3,266,0,0,0,266
01/10/2010,MSY,LA,ASW,CE,Combined TRACON& Tower with Radar,208,13,24,3,248,0,2,17,6,25,208,15,41,9,273,0,0,0,273
01/11/2010,MSY,LA,ASW,CE,Combined TRACON& Tower with Radar,225,19,25,3,272,0,13,20,0,33,225,32,45,3,305,0,0,0,305
01/12/2010,MSY,LA,ASW,CE,Combined TRACON& Tower with Radar,213,17,37,0,267,0,18,25,6,49,213,35,62,6,316,0,0,0,316
01/13/2010,MSY,LA,ASW,CE,Combined TRACON& Tower with Radar,221,36,48,3,308,0,35,18,2,55,221,71,66,5,363,0,0,0,363
01/14/2010,MSY,LA,ASW,CE,Combined TRACON& Tower with Radar,226,35,50,0,311,0,39,19,4,62,226,74,69,4,373,0,0,0,373
01/15/2010,MSY,LA,ASW,CE,Combined TRACON& Tower with Radar,229,19,37,10,295,0,20,10,3,33,229,39,47,13,328,0,0,0,328
01/16/2010,MSY,LA,ASW,CE,Combined TRACON& Tower with Radar,197,24,35,2,258,0,0,1,0,1,197,24,36,2,259,0,0,0,259
01/17/2010,MSY,LA,ASW,CE,Combined TRACON& Tower with Radar,202,21,30,6,259,0,10,12,1,23,202,31,42,7,282,0,0,0,282
01/18/2010,MSY,LA,ASW,CE,Combined TRACON& Tower with Radar,220,31,33,1,285,0,6,22,0,28,220,37,55,1,313,0,0,0,313
01/19/2010,MSY,LA,ASW,CE,Combined TRACON& Tower with Radar,214,21,39,0,274,0,16,28,0,44,214,37,67,0,318,0,0,0,318
01/20/2010,MSY,LA,ASW,CE,Combined TRACON& Tower with Radar,213,39,49,0,301,0,2,7,0,9,213,41,56,0,310,0,0,0,310
01/21/2010,MSY,LA,ASW,CE,Combined TRACON& Tower with Radar,227,25,50,1,303,0,3,13,7,23,227,28,63,8,326,0,0,0,326
01/22/2010,MSY,LA,ASW,CE,Combined TRACON& Tower with Radar,231,26,33,1,291,0,17,25,0,42,231,43,58,1,333,0,0,0,333
01/23/2010,MSY,LA,ASW,CE,Combined TRACON& Tower with Radar,195,29,48,0,272,0,4,11,0,15,195,33,59,0,287,0,0,0,287
01/24/2010,MSY,LA,ASW,CE,Combined TRACON& Tower with Radar,199,29,46,2,276,0,8,13,1,22,199,37,59,3,298,0,0,0,298
01/25/2010,MSY,LA,ASW,CE,Combined TRACON& Tower with Radar,231,35,54,1,321,0,17,29,3,49,231,52,83,4,370,0,0,0,370
01/26/2010,MSY,LA,ASW,CE,Combined TRACON& Tower with Radar,215,22,40,0,277,0,17,24,0,41,215,39,64,0,318,0,0,0,318
01/27/2010,MSY,LA,ASW,CE,Combined TRACON& Tower with Radar,216,30,43,1,290,0,21,30,0,51,216,51,73,1,341,0,0,0,341
01/28/2010,MSY,LA,ASW,CE,Combined TRACON& Tower with Radar,232,26,31,1,290,0,19,17,2,38,232,45,48,3,328,0,0,0,328
01/29/2010,MSY,LA,ASW,CE,Combined TRACON& Tower with Radar,225,27,28,0,280,0,14,1,0,15,225,41,29,0,295,0,0,0,295
01/30/2010,MSY,LA,ASW,CE,Combined TRACON& Tower with Radar,192,20,20,0,232,0,6,3,1,10,192,26,23,1,242,0,0,0,242
01/31/2010,MSY,LA,ASW,CE,Combined TRACON& Tower with Radar,213,24,25,0,262,0,7,23,2,32,213,31,48,2,294,0,0,0,294
02/01/2010,MSY,LA,ASW,CE,Combined TRACON& Tower with Radar,230,29,30,4,293,0,19,15,0,34,230,48,45,4,327,0,0,0,327
02/02/2010,MSY,LA,ASW,CE,Combined TRACON& Tower with Radar,214,25,31,2,272,0,18,21,4,43,214,43,52,6,315,0,0,0,315
02/03/2010,MSY,LA,ASW,CE,Combined TRACON& Tower with Radar,219,31,34,1,285,0,21,29,1,51,219,52,63,2,336,0,0,0,336
02/04/2010,MSY,LA,ASW,CE,Combined TRACON& Tower with Radar,236,43,54,1,334,0,11,1,0,12,236,54,55,1,346,0,0,0,346
02/05/2010,MSY,LA,ASW,CE,Combined TRACON& Tower with Radar,250,33,44,5,332,0,8,11,3,22,250,41,55,8,354,0,0,0,354
02/06/2010,MSY,LA,ASW,CE,Combined TRACON& Tower with Radar,176,24,25,0,225,0,10,9,5,24,176,34,34,5,249,0,0,0,249
02/07/2010,MSY,LA,ASW,CE,Combined TRACON& Tower with Radar,194,34,22,3,253,0,9,8,0,17,194,43,30,3,270,0,0,0,270
02/08/2010,MSY,LA,ASW,CE,Combined TRACON& Tower with Radar,253,62,81,4,400,0,13,16,2,31,253,75,97,6,431,0,0,0,431
02/09/2010,MSY,LA,ASW,CE,Combined TRACON& Tower with Radar,210,33,26,3,272,0,11,22,3,36,210,44,48,6,308,0,0,0,308
02/10/2010,MSY,LA,ASW,CE,Combined TRACON& Tower with Radar,198,27,40,1,266,0,13,17,0,30,198,40,57,1,296,0,0,0,296
02/11/2010,MSY,LA,ASW,CE,Combined TRACON& Tower with Radar,211,34,39,6,290,0,14,17,0,31,211,48,56,6,321,0,0,0,321
02/12/2010,MSY,LA,ASW,CE,Combined TRACON& Tower with Radar,237,49,35,4,325,0,0,6,0,6,237,49,41,4,331,0,0,0,331
02/13/2010,MSY,LA,ASW,CE,Combined TRACON& Tower with Radar,210,45,33,5,293,0,7,4,2,13,210,52,37,7,306,0,0,0,306
02/14/2010,MSY,LA,ASW,CE,Combined TRACON& Tower with Radar,233,27,26,1,287,0,5,21,2,28,233,32,47,3,315,0,0,0,315
02/15/2010,MSY,LA,ASW,CE,Combined TRACON& Tower with Radar,222,34,42,9,307,0,2,20,0,22,222,36,62,9,329,0,0,0,329
02/16/2010,MSY,LA,ASW,CE,Combined TRACON& Tower with Radar,241,17,25,1,284,0,35,12,4,51,241,52,37,5,335,0,0,0,335
02/17/2010,MSY,LA,ASW,CE,Combined TRACON& Tower with Radar,254,29,32,2,317,0,28,23,1,52,254,57,55,3,369,0,0,0,369
02/18/2010,MSY,LA,ASW,CE,Combined TRACON& Tower with Radar,247,26,32,3,308,0,27,23,0,50,247,53,55,3,358,0,0,0,358
02/19/2010,MSY,LA,ASW,CE,Combined TRACON& Tower with Radar,237,31,21,4,293,0,21,18,1,40,237,52,39,5,333,0,0,0,333
02/20/2010,MSY,LA,ASW,CE,Combined TRACON& Tower with Radar,202,27,12,0,241,0,5,14,1,20,202,32,26,1,261,0,0,0,261
02/21/2010,MSY,LA,ASW,CE,Combined TRACON& Tower with Radar,215,36,46,0,297,0,0,0,0,0,215,36,46,0,297,0,0,0,297
02/22/2010,MSY,LA,ASW,CE,Combined TRACON& Tower with Radar,237,30,73,9,349,0,1,19,0,20,237,31,92,9,369,0,0,0,369
02/23/2010,MSY,LA,ASW,CE,Combined TRACON& Tower with Radar,230,32,52,2,316,0,28,8,1,37,230,60,60,3,353,0,0,0,353
02/24/2010,MSY,LA,ASW,CE,Combined TRACON& Tower with Radar,242,25,41,0,308,0,14,14,0,28,242,39,55,0,336,0,0,0,336
02/25/2010,MSY,LA,ASW,CE,Combined TRACON& Tower with Radar,242,25,32,4,303,1,34,28,4,67,243,59,60,8,370,0,0,0,370
02/26/2010,MSY,LA,ASW,CE,Combined TRACON& Tower with Radar,230,32,37,1,300,0,19,16,2,37,230,51,53,3,337,0,0,0,337
02/27/2010,MSY,LA,ASW,CE,Combined TRACON& Tower with Radar,196,29,26,1,252,0,4,7,6,17,196,33,33,7,269,0,0,0,269
02/28/2010,MSY,LA,ASW,CE,Combined TRACON& Tower with Radar,220,27,26,1,274,0,8,29,0,37,220,35,55,1,311,0,0,0,311
03/01/2010,MSY,LA,ASW,CE,Combined TRACON& Tower with Radar,239,39,34,0,312,0,14,9,0,23,239,53,43,0,335,0,0,0,335
03/02/2010,MSY,LA,ASW,CE,Combined TRACON& Tower with Radar,226,19,41,0,286,0,9,15,0,24,226,28,56,0,310,0,0,0,310
03/03/2010,MSY,LA,ASW,CE,Combined TRACON& Tower with Radar,231,28,38,6,303,0,26,18,2,46,231,54,56,8,349,0,0,0,349
03/04/2010,MSY,LA,ASW,CE,Combined TRACON& Tower with Radar,240,38,29,2,309,0,24,28,3,55,240,62,57,5,364,0,0,0,364
03/05/2010,MSY,LA,ASW,CE,Combined TRACON& Tower with Radar,249,30,44,2,325,0,8,38,4,50,249,38,82,6,375,0,0,0,375
03/06/2010,MSY,LA,ASW,CE,Combined TRACON& Tower with Radar,199,27,26,0,252,0,13,34,0,47,199,40,60,0,299,0,0,0,299
03/07/2010,MSY,LA,ASW,CE,Combined TRACON& Tower with Radar,219,31,20,2,272,0,3,32,11,46,219,34,52,13,318,0,0,0,318
03/08/2010,MSY,LA,ASW,CE,Combined TRACON& Tower with Radar,231,34,35,0,300,0,15,26,0,41,231,49,61,0,341,0,0,0,341
03/09/2010,MSY,LA,ASW,CE,Combined TRACON& Tower with Radar,233,37,46,0,316,0,11,14,0,25,233,48,60,0,341,0,0,0,341
03/10/2010,MSY,LA,ASW,CE,Combined TRACON& Tower with Radar,230,46,23,0,299,0,13,17,1,31,230,59,40,1,330,0,0,0,330
03/11/2010,MSY,LA,ASW,CE,Combined TRACON& Tower with Radar,240,33,26,1,300,0,6,18,0,24,240,39,44,1,324,0,0,0,324
03/12/2010,MSY,LA,ASW,CE,Combined TRACON& Tower with Radar,243,33,34,2,312,0,21,28,0,49,243,54,62,2,361,0,0,0,361
03/13/2010,MSY,LA,ASW,CE,Combined TRACON& Tower with Radar,206,44,14,1,265,0,7,16,0,23,206,51,30,1,288,0,0,0,288
03/14/2010,MSY,LA,ASW,CE,Combined TRACON& Tower with Radar,219,28,26,2,275,0,6,10,3,19,219,34,36,5,294,0,0,0,294
03/15/2010,MSY,LA,ASW,CE,Combined TRACON& Tower with Radar,227,33,43,3,306,0,22,22,0,44,227,55,65,3,350,0,0,0,350
03/16/2010,MSY,LA,ASW,CE,Combined TRACON& Tower with Radar,251,23,29,3,306,0,28,18,0,46,251,51,47,3,352,0,0,0,352
03/17/2010,MSY,LA,ASW,CE,Combined TRACON& Tower with Radar,234,35,24,2,295,0,24,17,6,47,234,59,41,8,342,0,0,0,342
03/18/2010,MSY,LA,ASW,CE,Combined TRACON& Tower with Radar,243,36,33,1,313,0,24,41,1,66,243,60,74,2,379,0,0,0,379
03/19/2010,MSY,LA,ASW,CE,Combined TRACON& Tower with Radar,245,34,28,1,308,0,10,23,4,37,245,44,51,5,345,0,0,0,345
03/20/2010,MSY,LA,ASW,CE,Combined TRACON& Tower with Radar,208,28,38,3,277,0,2,16,5,23,208,30,54,8,300,0,0,0,300
03/21/2010,MSY,LA,ASW,CE,Combined TRACON& Tower with Radar,240,34,61,3,338,0,7,9,1,17,240,41,70,4,355,0,0,0,355
03/22/2010,MSY,LA,ASW,CE,Combined TRACON& Tower with Radar,230,31,42,0,303,0,17,8,0,25,230,48,50,0,328,0,0,0,328
03/23/2010,MSY,LA,ASW,CE,Combined TRACON& Tower with Radar,237,47,58,2,344,0,34,18,0,52,237,81,76,2,396,0,0,0,396
03/24/2010,MSY,LA,ASW,CE,Combined TRACON& Tower with Radar,233,31,58,4,326,0,29,35,0,64,233,60,93,4,390,0,0,0,390
03/25/2010,MSY,LA,ASW,CE,Combined TRACON& Tower with Radar,242,36,31,2,311,0,15,20,0,35,242,51,51,2,346,0,0,0,346
03/26/2010,MSY,LA,ASW,CE,Combined TRACON& Tower with Radar,242,34,46,9,331,0,20,30,0,50,242,54,76,9,381,0,0,0,381
03/27/2010,MSY,LA,ASW,CE,Combined TRACON& Tower with Radar,207,36,21,0,264,0,2,15,2,19,207,38,36,2,283,0,0,0,283
03/28/2010,MSY,LA,ASW,CE,Combined TRACON& Tower with Radar,223,30,23,1,277,0,16,19,4,39,223,46,42,5,316,0,0,0,316
03/29/2010,MSY,LA,ASW,CE,Combined TRACON& Tower with Radar,232,28,25,2,287,0,24,16,2,42,232,52,41,4,329,0,0,0,329
03/30/2010,MSY,LA,ASW,CE,Combined TRACON& Tower with Radar,236,34,32,4,306,0,33,21,3,57,236,67,53,7,363,0,0,0,363
03/31/2010,MSY,LA,ASW,CE,Combined TRACON& Tower with Radar,230,35,58,9,332,0,40,39,2,81,230,75,97,11,413,0,0,0,413
04/01/2010,MSY,LA,ASW,CE,Combined TRACON& Tower with Radar,244,32,34,2,312,0,33,28,8,69,244,65,62,10,381,0,0,0,381
04/02/2010,MSY,LA,ASW,CE,Combined TRACON& Tower with Radar,251,34,26,1,312,0,13,18,0,31,251,47,44,1,343,0,0,0,343
04/03/2010,MSY,LA,ASW,CE,Combined TRACON& Tower with Radar,212,35,14,1,262,0,10,5,2,17,212,45,19,3,279,0,0,0,279
04/04/2010,MSY,LA,ASW,CE,Combined TRACON& Tower with Radar,228,21,16,0,265,0,0,17,0,17,228,21,33,0,282,0,0,0,282
04/05/2010,MSY,LA,ASW,CE,Combined TRACON& Tower with Radar,229,35,47,2,313,0,14,16,4,34,229,49,63,6,347,0,0,0,347
04/06/2010,MSY,LA,ASW,CE,Combined TRACON& Tower with Radar,232,27,20,0,279,0,13,30,2,45,232,40,50,2,324,0,0,0,324
04/07/2010,MSY,LA,ASW,CE,Combined TRACON& Tower with Radar,242,21,24,0,287,0,7,18,0,25,242,28,42,0,312,0,0,0,312
04/08/2010,MSY,LA,ASW,CE,Combined TRACON& Tower with Radar,244,22,39,2,307,0,10,22,0,32,244,32,61,2,339,0,0,0,339
04/09/2010,MSY,LA,ASW,CE,Combined TRACON& Tower with Radar,251,19,41,2,313,0,8,27,2,37,251,27,68,4,350,0,0,0,350
04/10/2010,MSY,LA,ASW,CE,Combined TRACON& Tower with Radar,222,31,32,0,285,0,4,15,0,19,222,35,47,0,304,0,0,0,304
04/11/2010,MSY,LA,ASW,CE,Combined TRACON& Tower with Radar,224,18,31,2,275,0,2,22,10,34,224,20,53,12,309,0,0,0,309
04/12/2010,MSY,LA,ASW,CE,Combined TRACON& Tower with Radar,236,26,37,1,300,0,18,17,0,35,236,44,54,1,335,0,0,0,335
04/13/2010,MSY,LA,ASW,CE,Combined TRACON& Tower with Radar,241,12,43,0,296,0,4,20,0,24,241,16,63,0,320,0,0,0,320
04/14/2010,MSY,LA,ASW,CE,Combined TRACON& Tower with Radar,242,33,40,2,317,0,14,17,2,33,242,47,57,4,350,0,0,0,350
04/15/2010,MSY,LA,ASW,CE,Combined TRACON& Tower with Radar,261,32,51,3,347,0,17,19,0,36,261,49,70,3,383,0,0,0,383
04/16/2010,MSY,LA,ASW,CE,Combined TRACON& Tower with Radar,246,23,46,1,316,0,8,40,0,48,246,31,86,1,364,0,0,0,364
04/17/2010,MSY,LA,ASW,CE,Combined TRACON& Tower with Radar,225,18,17,0,260,0,0,15,0,15,225,18,32,0,275,0,0,0,275
04/18/2010,MSY,LA,ASW,CE,Combined TRACON& Tower with Radar,226,17,26,2,271,0,1,12,0,13,226,18,38,2,284,0,0,0,284
04/19/2010,MSY,LA,ASW,CE,Combined TRACON& Tower with Radar,235,24,38,0,297,0,15,18,0,33,235,39,56,0,330,0,0,0,330
04/20/2010,MSY,LA,ASW,CE,Combined TRACON& Tower with Radar,238,31,41,2,312,0,7,24,6,37,238,38,65,8,349,0,0,0,349
04/21/2010,MSY,LA,ASW,CE,Combined TRACON& Tower with Radar,244,35,61,2,342,0,14,30,2,46,244,49,91,4,388,0,0,0,388
04/22/2010,MSY,LA,ASW,CE,Combined TRACON& Tower with Radar,250,32,73,1,356,0,22,29,0,51,250,54,102,1,407,0,0,0,407
04/23/2010,MSY,LA,ASW,CE,Combined TRACON& Tower with Radar,254,42,38,6,340,0,13,9,0,22,254,55,47,6,362,0,0,0,362
04/24/2010,MSY,LA,ASW,CE,Combined TRACON& Tower with Radar,224,15,10,4,253,0,4,6,0,10,224,19,16,4,263,0,0,0,263
04/25/2010,MSY,LA,ASW,CE,Combined TRACON& Tower with Radar,230,41,31,0,302,0,6,14,0,20,230,47,45,0,322,0,0,0,322
04/26/2010,MSY,LA,ASW,CE,Combined TRACON& Tower with Radar,252,33,26,2,313,0,11,16,1,28,252,44,42,3,341,0,0,0,341
04/27/2010,MSY,LA,ASW,CE,Combined TRACON& Tower with Radar,236,15,24,6,281,0,14,14,0,28,236,29,38,6,309,0,0,0,309
04/28/2010,MSY,LA,ASW,CE,Combined TRACON& Tower with Radar,243,28,14,4,289,0,22,31,6,59,243,50,45,10,348,0,0,0,348
04/29/2010,MSY,LA,ASW,CE,Combined TRACON& Tower with Radar,250,34,47,5,336,0,21,15,0,36,250,55,62,5,372,0,0,0,372
04/30/2010,MSY,LA,ASW,CE,Combined TRACON& Tower with Radar,254,22,41,1,318,0,12,8,0,20,254,34,49,1,338,0,0,0,338
05/01/2010,MSY,LA,ASW,CE,Combined TRACON& Tower with Radar,227,14,20,2,263,0,0,24,0,24,227,14,44,2,287,0,0,0,287
05/02/2010,MSY,LA,ASW,CE,Combined TRACON& Tower with Radar,234,31,33,9,307,0,4,4,16,24,234,35,37,25,331,0,0,0,331
05/03/2010,MSY,LA,ASW,CE,Combined TRACON& Tower with Radar,245,45,32,2,324,0,4,41,0,45,245,49,73,2,369,0,0,0,369
05/04/2010,MSY,LA,ASW,CE,Combined TRACON& Tower with Radar,242,35,65,7,349,0,47,22,2,71,242,82,87,9,420,0,0,0,420
05/05/2010,MSY,LA,ASW,CE,Combined TRACON& Tower with Radar,238,26,45,8,317,0,46,38,2,86,238,72,83,10,403,0,0,0,403
05/06/2010,MSY,LA,ASW,CE,Combined TRACON& Tower with Radar,249,37,54,10,350,0,20,12,4,36,249,57,66,14,386,0,0,0,386
05/07/2010,MSY,LA,ASW,CE,Combined TRACON& Tower with Radar,240,21,38,8,307,0,12,21,11,44,240,33,59,19,351,0,0,0,351
05/08/2010,MSY,LA,ASW,CE,Combined TRACON& Tower with Radar,217,14,24,2,257,0,11,21,3,35,217,25,45,5,292,0,0,0,292
05/09/2010,MSY,LA,ASW,CE,Combined TRACON& Tower with Radar,229,17,26,2,274,0,10,19,4,33,229,27,45,6,307,0,0,0,307
05/10/2010,MSY,LA,ASW,CE,Combined TRACON& Tower with Radar,239,22,31,4,296,0,20,21,9,50,239,42,52,13,346,0,0,0,346
05/11/2010,MSY,LA,ASW,CE,Combined TRACON& Tower with Radar,247,25,38,8,318,0,10,34,0,44,247,35,72,8,362,0,0,0,362
05/12/2010,MSY,LA,ASW,CE,Combined TRACON& Tower with Radar,241,22,46,2,311,0,28,20,0,48,241,50,66,2,359,0,0,0,359
05/13/2010,MSY,LA,ASW,CE,Combined TRACON& Tower with Radar,255,24,41,1,321,0,26,16,3,45,255,50,57,4,366,0,0,0,366
05/14/2010,MSY,LA,ASW,CE,Combined TRACON& Tower with Radar,254,23,32,1,310,0,16,20,8,44,254,39,52,9,354,0,0,0,354
05/15/2010,MSY,LA,ASW,CE,Combined TRACON& Tower with Radar,246,11,20,0,277,0,8,13,0,21,246,19,33,0,298,0,0,0,298
05/16/2010,MSY,LA,ASW,CE,Combined TRACON& Tower with Radar,229,21,27,0,277,0,5,10,0,15,229,26,37,0,292,0,0,0,292
05/17/2010,MSY,LA,ASW,CE,Combined TRACON& Tower with Radar,237,27,16,0,280,0,13,28,3,44,237,40,44,3,324,0,0,0,324
05/18/2010,MSY,LA,ASW,CE,Combined TRACON& Tower with Radar,249,21,24,1,295,0,12,33,1,46,249,33,57,2,341,0,0,0,341
05/19/2010,MSY,LA,ASW,CE,Combined TRACON& Tower with Radar,250,25,42,2,319,0,14,12,2,28,250,39,54,4,347,0,0,0,347
05/20/2010,MSY,LA,ASW,CE,Combined TRACON& Tower with Radar,249,25,45,1,320,0,25,25,1,51,249,50,70,2,371,0,0,0,371
05/21/2010,MSY,LA,ASW,CE,Combined TRACON& Tower with Radar,242,36,30,6,314,0,17,18,2,37,242,53,48,8,351,0,0,0,351
05/22/2010,MSY,LA,ASW,CE,Combined TRACON& Tower with Radar,231,12,14,5,262,0,4,14,0,18,231,16,28,5,280,0,0,0,280
05/23/2010,MSY,LA,ASW,CE,Combined TRACON& Tower with Radar,228,18,16,2,264,0,10,14,6,30,228,28,30,8,294,0,0,0,294
05/24/2010,MSY,LA,ASW,CE,Combined TRACON& Tower with Radar,240,17,34,5,296,0,29,11,3,43,240,46,45,8,339,0,0,0,339
05/25/2010,MSY,LA,ASW,CE,Combined TRACON& Tower with Radar,247,16,35,2,300,0,17,15,2,34,247,33,50,4,334,0,0,0,334
05/26/2010,MSY,LA,ASW,CE,Combined TRACON& Tower with Radar,242,14,36,0,292,0,14,17,3,34,242,28,53,3,326,0,0,0,326
05/27/2010,MSY,LA,ASW,CE,Combined TRACON& Tower with Radar,254,23,45,6,328,0,20,10,2,32,254,43,55,8,360,0,0,0,360
05/28/2010,MSY,LA,ASW,CE,Combined TRACON& Tower with Radar,244,25,27,5,301,0,28,7,11,46,244,53,34,16,347,0,0,0,347
05/29/2010,MSY,LA,ASW,CE,Combined TRACON& Tower with Radar,224,15,44,4,287,0,3,6,0,9,224,18,50,4,296,0,0,0,296
05/30/2010,MSY,LA,ASW,CE,Combined TRACON& Tower with Radar,203,12,20,1,236,0,5,9,2,16,203,17,29,3,252,0,0,0,252
05/31/2010,MSY,LA,ASW,CE,Combined TRACON& Tower with Radar,224,15,26,0,265,0,10,1,0,11,224,25,27,0,276,0,0,0,276
06/01/2010,MSY,LA,ASW,CE,Combined TRACON& Tower with Radar,250,22,48,0,320,1,23,8,7,39,251,45,56,7,359,0,0,0,359
06/02/2010,MSY,LA,ASW,CE,Combined TRACON& Tower with Radar,244,22,35,7,308,0,19,17,5,41,244,41,52,12,349,0,0,0,349
06/03/2010,MSY,LA,ASW,CE,Combined TRACON& Tower with Radar,250,22,40,4,316,0,25,14,2,41,250,47,54,6,357,0,0,0,357
06/04/2010,MSY,LA,ASW,CE,Combined TRACON& Tower with Radar,248,22,14,3,287,0,17,14,29,60,248,39,28,32,347,0,0,0,347
06/05/2010,MSY,LA,ASW,CE,Combined TRACON& Tower with Radar,231,15,19,3,268,0,5,8,0,13,231,20,27,3,281,0,0,0,281
06/06/2010,MSY,LA,ASW,CE,Combined TRACON& Tower with Radar,224,16,24,8,272,0,6,6,8,20,224,22,30,16,292,0,0,0,292
06/07/2010,MSY,LA,ASW,CE,Combined TRACON& Tower with Radar,253,30,16,2,301,0,8,23,3,34,253,38,39,5,335,0,0,0,335
06/08/2010,MSY,LA,ASW,CE,Combined TRACON& Tower with Radar,255,28,38,7,328,0,22,24,5,51,255,50,62,12,379,0,0,0,379
06/09/2010,MSY,LA,ASW,CE,Combined TRACON& Tower with Radar,243,32,35,7,317,0,18,21,7,46,243,50,56,14,363,0,0,0,363
06/10/2010,MSY,LA,ASW,CE,Combined TRACON& Tower with Radar,240,36,45,11,332,0,22,16,7,45,240,58,61,18,377,0,0,0,377
06/11/2010,MSY,LA,ASW,CE,Combined TRACON& Tower with Radar,247,31,28,16,322,0,17,21,8,46,247,48,49,24,368,0,0,0,368
06/12/2010,MSY,LA,ASW,CE,Combined TRACON& Tower with Radar,227,15,22,1,265,0,4,21,8,33,227,19,43,9,298,0,0,0,298
06/13/2010,MSY,LA,ASW,CE,Combined TRACON& Tower with Radar,239,24,41,10,314,0,6,30,8,44,239,30,71,18,358,0,0,0,358
06/14/2010,MSY,LA,ASW,CE,Combined TRACON& Tower with Radar,245,30,65,17,357,0,10,29,1,40,245,40,94,18,397,0,0,0,397
06/15/2010,MSY,LA,ASW,CE,Combined TRACON& Tower with Radar,245,24,30,7,306,0,12,12,3,27,245,36,42,10,333,0,0,0,333
06/16/2010,MSY,LA,ASW,CE,Combined TRACON& Tower with Radar,246,35,29,7,317,0,15,23,0,38,246,50,52,7,355,0,0,0,355
06/17/2010,MSY,LA,ASW,CE,Combined TRACON& Tower with Radar,252,23,34,5,314,0,14,20,5,39,252,37,54,10,353,0,0,0,353
06/18/2010,MSY,LA,ASW,CE,Combined TRACON& Tower with Radar,246,29,36,1,312,0,12,21,2,35,246,41,57,3,347,0,0,0,347
06/19/2010,MSY,LA,ASW,CE,Combined TRACON& Tower with Radar,230,13,18,1,262,0,4,21,0,25,230,17,39,1,287,0,0,0,287
06/20/2010,MSY,LA,ASW,CE,Combined TRACON& Tower with Radar,238,16,24,2,280,0,6,16,8,30,238,22,40,10,310,0,0,0,310
06/21/2010,MSY,LA,ASW,CE,Combined TRACON& Tower with Radar,242,22,26,0,290,0,14,20,5,39,242,36,46,5,329,0,0,0,329
06/22/2010,MSY,LA,ASW,CE,Combined TRACON& Tower with Radar,247,25,20,8,300,0,2,15,1,18,247,27,35,9,318,0,0,0,318
06/23/2010,MSY,LA,ASW,CE,Combined TRACON& Tower with Radar,250,29,46,11,336,0,10,30,4,44,250,39,76,15,380,0,0,0,380
06/24/2010,MSY,LA,ASW,CE,Combined TRACON& Tower with Radar,255,20,51,10,336,0,21,28,4,53,255,41,79,14,389,0,0,0,389
06/25/2010,MSY,LA,ASW,CE,Combined TRACON& Tower with Radar,248,22,26,3,299,0,14,36,1,51,248,36,62,4,350,0,0,0,350
06/26/2010,MSY,LA,ASW,CE,Combined TRACON& Tower with Radar,230,15,15,2,262,0,19,26,9,54,230,34,41,11,316,0,0,0,316
06/27/2010,MSY,LA,ASW,CE,Combined TRACON& Tower with Radar,224,14,24,8,270,0,8,12,1,21,224,22,36,9,291,0,0,0,291
06/28/2010,MSY,LA,ASW,CE,Combined TRACON& Tower with Radar,238,29,19,3,289,0,13,19,0,32,238,42,38,3,321,0,0,0,321
06/29/2010,MSY,LA,ASW,CE,Combined TRACON& Tower with Radar,255,27,30,4,316,0,11,20,15,46,255,38,50,19,362,0,0,0,362
06/30/2010,MSY,LA,ASW,CE,Combined TRACON& Tower with Radar,258,30,22,5,315,0,7,16,2,25,258,37,38,7,340,0,0,0,340
07/01/2010,MSY,LA,ASW,CE,Combined TRACON& Tower with Radar,257,21,13,4,295,0,3,12,1,16,257,24,25,5,311,0,0,0,311
07/02/2010,MSY,LA,ASW,CE,Combined TRACON& Tower with Radar,276,26,30,4,336,0,15,6,6,27,276,41,36,10,363,0,0,0,363
07/03/2010,MSY,LA,ASW,CE,Combined TRACON& Tower with Radar,219,18,21,2,260,0,5,16,4,25,219,23,37,6,285,0,0,0,285
07/04/2010,MSY,LA,ASW,CE,Combined TRACON& Tower with Radar,190,17,10,0,217,0,10,6,3,19,190,27,16,3,236,0,0,0,236
07/05/2010,MSY,LA,ASW,CE,Combined TRACON& Tower with Radar,233,20,26,1,280,0,4,11,0,15,233,24,37,1,295,0,0,0,295
07/06/2010,MSY,LA,ASW,CE,Combined TRACON& Tower with Radar,238,20,36,0,294,0,9,23,3,35,238,29,59,3,329,0,0,0,329
07/07/2010,MSY,LA,ASW,CE,Combined TRACON& Tower with Radar,270,30,33,6,339,0,18,17,6,41,270,48,50,12,380,0,0,0,380
07/08/2010,MSY,LA,ASW,CE,Combined TRACON& Tower with Radar,253,23,34,7,317,0,46,28,0,74,253,69,62,7,391,0,0,0,391
07/09/2010,MSY,LA,ASW,CE,Combined TRACON& Tower with Radar,249,29,20,0,298,0,13,30,4,47,249,42,50,4,345,0,0,0,345
07/10/2010,MSY,LA,ASW,CE,Combined TRACON& Tower with Radar,219,24,13,3,259,0,13,39,4,56,219,37,52,7,315,0,0,0,315
07/11/2010,MSY,LA,ASW,CE,Combined TRACON& Tower with Radar,231,20,19,0,270,0,4,17,0,21,231,24,36,0,291,0,0,0,291
07/12/2010,MSY,LA,ASW,CE,Combined TRACON& Tower with Radar,234,21,25,3,283,0,11,20,2,33,234,32,45,5,316,0,0,0,316
07/13/2010,MSY,LA,ASW,CE,Combined TRACON& Tower with Radar,245,17,19,3,284,0,27,34,5,66,245,44,53,8,350,0,0,0,350
07/14/2010,MSY,LA,ASW,CE,Combined TRACON& Tower with Radar,245,25,18,7,295,0,21,17,7,45,245,46,35,14,340,0,0,0,340
07/15/2010,MSY,LA,ASW,CE,Combined TRACON& Tower with Radar,251,30,38,2,321,0,44,32,4,80,251,74,70,6,401,0,0,0,401
07/16/2010,MSY,LA,ASW,CE,Combined TRACON& Tower with Radar,250,25,16,0,291,0,3,19,3,25,250,28,35,3,316,0,0,0,316
07/17/2010,MSY,LA,ASW,CE,Combined TRACON& Tower with Radar,227,21,16,2,266,0,13,13,0,26,227,34,29,2,292,0,0,0,292
07/18/2010,MSY,LA,ASW,CE,Combined TRACON& Tower with Radar,235,21,21,1,278,0,9,14,2,25,235,30,35,3,303,0,0,0,303
07/19/2010,MSY,LA,ASW,CE,Combined TRACON& Tower with Radar,246,21,30,2,299,0,10,23,1,34,246,31,53,3,333,0,0,0,333
07/20/2010,MSY,LA,ASW,CE,Combined TRACON& Tower with Radar,247,21,24,4,296,0,12,12,0,24,247,33,36,4,320,0,0,0,320
07/21/2010,MSY,LA,ASW,CE,Combined TRACON& Tower with Radar,259,27,36,0,322,0,29,32,3,64,259,56,68,3,386,0,0,0,386
07/22/2010,MSY,LA,ASW,CE,Combined TRACON& Tower with Radar,254,27,31,1,313,0,34,16,4,54,254,61,47,5,367,0,0,0,367
07/23/2010,MSY,LA,ASW,CE,Combined TRACON& Tower with Radar,249,34,39,7,329,0,16,23,6,45,249,50,62,13,374,0,0,0,374
07/24/2010,MSY,LA,ASW,CE,Combined TRACON& Tower with Radar,217,21,12,2,252,0,2,4,0,6,217,23,16,2,258,0,0,0,258
07/25/2010,MSY,LA,ASW,CE,Combined TRACON& Tower with Radar,232,23,12,2,269,0,4,4,0,8,232,27,16,2,277,0,0,0,277
07/26/2010,MSY,LA,ASW,CE,Combined TRACON& Tower with Radar,234,25,18,1,278,0,8,23,2,33,234,33,41,3,311,0,0,0,311
07/27/2010,MSY,LA,ASW,CE,Combined TRACON& Tower with Radar,246,24,37,2,309,0,18,18,2,38,246,42,55,4,347,0,0,0,347
07/28/2010,MSY,LA,ASW,CE,Combined TRACON& Tower with Radar,249,25,26,9,309,0,15,32,3,50,249,40,58,12,359,0,0,0,359
07/29/2010,MSY,LA,ASW,CE,Combined TRACON& Tower with Radar,237,23,37,2,299,0,21,31,11,63,237,44,68,13,362,0,0,0,362
07/30/2010,MSY,LA,ASW,CE,Combined TRACON& Tower with Radar,253,28,32,2,315,0,25,21,9,55,253,53,53,11,370,0,0,0,370
07/31/2010,MSY,LA,ASW,CE,Combined TRACON& Tower with Radar,218,16,10,12,256,0,6,14,4,24,218,22,24,16,280,0,0,0,280
08/01/2010,MSY,LA,ASW,CE,Combined TRACON& Tower with Radar,235,16,22,4,277,0,12,23,4,39,235,28,45,8,316,0,0,0,316
08/02/2010,MSY,LA,ASW,CE,Combined TRACON& Tower with Radar,245,28,18,4,295,0,14,20,8,42,245,42,38,12,337,0,0,0,337
08/03/2010,MSY,LA,ASW,CE,Combined TRACON& Tower with Radar,246,18,35,16,315,0,15,28,0,43,246,33,63,16,358,0,0,0,358
08/04/2010,MSY,LA,ASW,CE,Combined TRACON& Tower with Radar,250,21,26,8,305,0,16,24,10,50,250,37,50,18,355,0,0,0,355
08/05/2010,MSY,LA,ASW,CE,Combined TRACON& Tower with Radar,247,24,36,0,307,0,24,23,6,53,247,48,59,6,360,0,0,0,360
08/06/2010,MSY,LA,ASW,CE,Combined TRACON& Tower with Radar,247,26,31,1,305,0,21,18,0,39,247,47,49,1,344,0,0,0,344
08/07/2010,MSY,LA,ASW,CE,Combined TRACON& Tower with Radar,221,15,13,0,249,0,6,9,8,23,221,21,22,8,272,0,0,0,272
08/08/2010,MSY,LA,ASW,CE,Combined TRACON& Tower with Radar,231,20,24,0,275,0,9,26,0,35,231,29,50,0,310,0,0,0,310
08/09/2010,MSY,LA,ASW,CE,Combined TRACON& Tower with Radar,242,24,20,0,286,0,5,13,2,20,242,29,33,2,306,0,0,0,306
08/10/2010,MSY,LA,ASW,CE,Combined TRACON& Tower with Radar,242,22,33,2,299,0,18,36,1,55,242,40,69,3,354,0,0,0,354
08/11/2010,MSY,LA,ASW,CE,Combined TRACON& Tower with Radar,241,30,39,3,313,0,14,10,2,26,241,44,49,5,339,0,0,0,339
08/12/2010,MSY,LA,ASW,CE,Combined TRACON& Tower with Radar,244,25,34,0,303,1,2,9,2,14,245,27,43,2,317,0,0,0,317
08/13/2010,MSY,LA,ASW,CE,Combined TRACON& Tower with Radar,247,26,24,0,297,0,2,6,0,8,247,28,30,0,305,0,0,0,305
08/14/2010,MSY,LA,ASW,CE,Combined TRACON& Tower with Radar,216,19,3,0,238,0,7,13,2,22,216,26,16,2,260,0,0,0,260
08/15/2010,MSY,LA,ASW,CE,Combined TRACON& Tower with Radar,218,24,13,0,255,0,9,19,0,28,218,33,32,0,283,0,0,0,283
08/16/2010,MSY,LA,ASW,CE,Combined TRACON& Tower with Radar,255,23,28,3,309,0,14,13,3,30,255,37,41,6,339,0,0,0,339
08/17/2010,MSY,LA,ASW,CE,Combined TRACON& Tower with Radar,244,18,22,8,292,0,2,10,1,13,244,20,32,9,305,0,0,0,305
08/18/2010,MSY,LA,ASW,CE,Combined TRACON& Tower with Radar,242,24,39,6,311,0,14,25,1,40,242,38,64,7,351,0,0,0,351
08/19/2010,MSY,LA,ASW,CE,Combined TRACON& Tower with Radar,251,22,38,2,313,0,20,13,12,45,251,42,51,14,358,0,0,0,358
08/20/2010,MSY,LA,ASW,CE,Combined TRACON& Tower with Radar,241,19,19,2,281,0,14,35,3,52,241,33,54,5,333,0,0,0,333
08/21/2010,MSY,LA,ASW,CE,Combined TRACON& Tower with Radar,198,17,12,0,227,0,9,39,0,48,198,26,51,0,275,0,0,0,275
08/22/2010,MSY,LA,ASW,CE,Combined TRACON& Tower with Radar,225,9,25,0,259,0,9,20,0,29,225,18,45,0,288,0,0,0,288
08/23/2010,MSY,LA,ASW,CE,Combined TRACON& Tower with Radar,240,14,30,0,284,0,14,15,0,29,240,28,45,0,313,0,0,0,313
08/24/2010,MSY,LA,ASW,CE,Combined TRACON& Tower with Radar,239,15,36,3,293,0,21,14,3,38,239,36,50,6,331,0,0,0,331
08/25/2010,MSY,LA,ASW,CE,Combined TRACON& Tower with Radar,233,22,39,0,294,0,20,27,0,47,233,42,66,0,341,0,0,0,341
08/26/2010,MSY,LA,ASW,CE,Combined TRACON& Tower with Radar,239,17,30,3,289,0,13,26,13,52,239,30,56,16,341,0,0,0,341
08/27/2010,MSY,LA,ASW,CE,Combined TRACON& Tower with Radar,245,14,25,0,284,0,13,13,0,26,245,27,38,0,310,0,0,0,310
08/28/2010,MSY,LA,ASW,CE,Combined TRACON& Tower with Radar,203,16,15,1,235,0,0,3,0,3,203,16,18,1,238,0,0,0,238
08/29/2010,MSY,LA,ASW,CE,Combined TRACON& Tower with Radar,222,12,23,1,258,0,1,9,10,20,222,13,32,11,278,0,0,0,278
08/30/2010,MSY,LA,ASW,CE,Combined TRACON& Tower with Radar,233,16,17,0,266,0,8,13,2,23,233,24,30,2,289,0,0,0,289
08/31/2010,MSY,LA,ASW,CE,Combined TRACON& Tower with Radar,246,23,33,3,305,0,4,18,3,25,246,27,51,6,330,0,0,0,330
09/01/2010,MSY,LA,ASW,CE,Combined TRACON& Tower with Radar,235,26,38,2,301,0,19,21,4,44,235,45,59,6,345,0,0,0,345
09/02/2010,MSY,LA,ASW,CE,Combined TRACON& Tower with Radar,248,13,33,8,302,0,31,23,4,58,248,44,56,12,360,0,0,0,360
09/03/2010,MSY,LA,ASW,CE,Combined TRACON& Tower with Radar,248,20,30,3,301,0,27,28,0,55,248,47,58,3,356,0,0,0,356
09/04/2010,MSY,LA,ASW,CE,Combined TRACON& Tower with Radar,189,9,20,1,219,0,11,18,0,29,189,20,38,1,248,0,0,0,248
09/05/2010,MSY,LA,ASW,CE,Combined TRACON& Tower with Radar,179,6,19,0,204,0,14,21,0,35,179,20,40,0,239,0,0,0,239
09/06/2010,MSY,LA,ASW,CE,Combined TRACON& Tower with Radar,232,19,17,1,269,0,14,13,1,28,232,33,30,2,297,0,0,0,297
09/07/2010,MSY,LA,ASW,CE,Combined TRACON& Tower with Radar,254,16,25,1,296,0,18,22,1,41,254,34,47,2,337,0,0,0,337
09/08/2010,MSY,LA,ASW,CE,Combined TRACON& Tower with Radar,245,14,22,13,294,0,14,16,3,33,245,28,38,16,327,0,0,0,327
09/09/2010,MSY,LA,ASW,CE,Combined TRACON& Tower with Radar,251,24,57,0,332,0,24,30,4,58,251,48,87,4,390,0,0,0,390
09/10/2010,MSY,LA,ASW,CE,Combined TRACON& Tower with Radar,247,25,42,4,318,0,23,29,0,52,247,48,71,4,370,0,0,0,370
09/11/2010,MSY,LA,ASW,CE,Combined TRACON& Tower with Radar,197,15,18,0,230,0,7,19,4,30,197,22,37,4,260,0,0,0,260
09/12/2010,MSY,LA,ASW,CE,Combined TRACON& Tower with Radar,232,14,32,0,278,0,13,9,0,22,232,27,41,0,300,0,0,0,300
09/13/2010,MSY,LA,ASW,CE,Combined TRACON& Tower with Radar,236,15,31,2,284,0,14,21,0,35,236,29,52,2,319,0,0,0,319
09/14/2010,MSY,LA,ASW,CE,Combined TRACON& Tower with Radar,237,14,28,5,284,0,15,28,4,47,237,29,56,9,331,0,0,0,331
09/15/2010,MSY,LA,ASW,CE,Combined TRACON& Tower with Radar,241,33,38,0,312,0,17,22,0,39,241,50,60,0,351,0,0,0,351
09/16/2010,MSY,LA,ASW,CE,Combined TRACON& Tower with Radar,251,15,24,10,300,0,16,28,1,45,251,31,52,11,345,0,0,0,345
09/17/2010,MSY,LA,ASW,CE,Combined TRACON& Tower with Radar,242,20,27,3,292,0,14,20,0,34,242,34,47,3,326,0,0,0,326
09/18/2010,MSY,LA,ASW,CE,Combined TRACON& Tower with Radar,201,11,20,2,234,0,12,19,0,31,201,23,39,2,265,0,0,0,265
09/19/2010,MSY,LA,ASW,CE,Combined TRACON& Tower with Radar,222,15,28,1,266,0,10,20,6,36,222,25,48,7,302,0,0,0,302
09/20/2010,MSY,LA,ASW,CE,Combined TRACON& Tower with Radar,235,23,32,2,292,0,12,20,0,32,235,35,52,2,324,0,0,0,324
09/21/2010,MSY,LA,ASW,CE,Combined TRACON& Tower with Radar,236,24,30,1,291,0,18,26,0,44,236,42,56,1,335,0,0,0,335
09/22/2010,MSY,LA,ASW,CE,Combined TRACON& Tower with Radar,240,21,40,0,301,0,17,11,0,28,240,38,51,0,329,0,0,0,329
09/23/2010,MSY,LA,ASW,CE,Combined TRACON& Tower with Radar,252,33,46,3,334,0,23,25,0,48,252,56,71,3,382,0,0,0,382
09/24/2010,MSY,LA,ASW,CE,Combined TRACON& Tower with Radar,257,16,27,1,301,0,15,11,0,26,257,31,38,1,327,0,0,0,327
09/25/2010,MSY,LA,ASW,CE,Combined TRACON& Tower with Radar,199,9,10,0,218,0,4,17,0,21,199,13,27,0,239,0,0,0,239
09/26/2010,MSY,LA,ASW,CE,Combined TRACON& Tower with Radar,231,10,16,1,258,0,2,6,0,8,231,12,22,1,266,0,0,0,266
09/27/2010,MSY,LA,ASW,CE,Combined TRACON& Tower with Radar,239,10,32,1,282,0,17,31,5,53,239,27,63,6,335,0,0,0,335
09/28/2010,MSY,LA,ASW,CE,Combined TRACON& Tower with Radar,232,12,37,0,281,0,7,24,4,35,232,19,61,4,316,0,0,0,316
09/29/2010,MSY,LA,ASW,CE,Combined TRACON& Tower with Radar,242,16,35,2,295,0,25,23,0,48,242,41,58,2,343,0,0,0,343
09/30/2010,MSY,LA,ASW,CE,Combined TRACON& Tower with Radar,248,24,40,0,312,0,11,23,0,34,248,35,63,0,346,0,0,0,346
10/01/2010,MSY,LA,ASW,CE,Combined TRACON& Tower with Radar,252,19,25,7,303,0,14,16,3,33,252,33,41,10,336,0,0,0,336
10/02/2010,MSY,LA,ASW,CE,Combined TRACON& Tower with Radar,210,14,18,0,242,0,8,17,1,26,210,22,35,1,268,0,0,0,268
10/03/2010,MSY,LA,ASW,CE,Combined TRACON& Tower with Radar,240,10,30,0,280,0,7,17,0,24,240,17,47,0,304,0,0,0,304
10/04/2010,MSY,LA,ASW,CE,Combined TRACON& Tower with Radar,244,11,44,2,301,0,20,14,0,34,244,31,58,2,335,0,0,0,335
10/05/2010,MSY,LA,ASW,CE,Combined TRACON& Tower with Radar,245,16,41,3,305,0,17,17,0,34,245,33,58,3,339,0,0,0,339
10/06/2010,MSY,LA,ASW,CE,Combined TRACON& Tower with Radar,247,14,30,1,292,0,19,16,0,35,247,33,46,1,327,0,0,0,327
10/07/2010,MSY,LA,ASW,CE,Combined TRACON& Tower with Radar,258,16,28,0,302,0,12,20,2,34,258,28,48,2,336,0,0,0,336
10/08/2010,MSY,LA,ASW,CE,Combined TRACON& Tower with Radar,265,22,31,2,320,0,18,26,2,46,265,40,57,4,366,0,0,0,366
10/09/2010,MSY,LA,ASW,CE,Combined TRACON& Tower with Radar,213,13,29,7,262,0,6,24,5,35,213,19,53,12,297,0,0,0,297
10/10/2010,MSY,LA,ASW,CE,Combined TRACON& Tower with Radar,244,29,35,1,309,0,10,10,1,21,244,39,45,2,330,0,0,0,330
10/11/2010,MSY,LA,ASW,CE,Combined TRACON& Tower with Radar,252,20,33,4,309,0,8,3,0,11,252,28,36,4,320,0,0,0,320
10/12/2010,MSY,LA,ASW,CE,Combined TRACON& Tower with Radar,252,21,31,3,307,0,9,18,3,30,252,30,49,6,337,0,0,0,337
10/13/2010,MSY,LA,ASW,CE,Combined TRACON& Tower with Radar,252,27,47,2,328,0,16,25,0,41,252,43,72,2,369,0,0,0,369
10/14/2010,MSY,LA,ASW,CE,Combined TRACON& Tower with Radar,254,21,27,2,304,0,28,40,0,68,254,49,67,2,372,0,0,0,372
10/15/2010,MSY,LA,ASW,CE,Combined TRACON& Tower with Radar,259,22,28,3,312,0,9,31,1,41,259,31,59,4,353,0,0,0,353
10/16/2010,MSY,LA,ASW,CE,Combined TRACON& Tower with Radar,214,10,12,0,236,0,3,27,1,31,214,13,39,1,267,0,0,0,267
10/17/2010,MSY,LA,ASW,CE,Combined TRACON& Tower with Radar,241,13,29,0,283,0,8,29,0,37,241,21,58,0,320,0,0,0,320
10/18/2010,MSY,LA,ASW,CE,Combined TRACON& Tower with Radar,249,16,26,0,291,0,12,21,1,34,249,28,47,1,325,0,0,0,325
10/19/2010,MSY,LA,ASW,CE,Combined TRACON& Tower with Radar,246,20,51,0,317,0,20,27,2,49,246,40,78,2,366,0,0,0,366
10/20/2010,MSY,LA,ASW,CE,Combined TRACON& Tower with Radar,245,21,44,0,310,0,14,20,4,38,245,35,64,4,348,0,0,0,348
10/21/2010,MSY,LA,ASW,CE,Combined TRACON& Tower with Radar,261,28,36,0,325,0,17,30,3,50,261,45,66,3,375,0,0,0,375
10/22/2010,MSY,LA,ASW,CE,Combined TRACON& Tower with Radar,266,30,24,2,322,0,12,14,0,26,266,42,38,2,348,0,0,0,348
10/23/2010,MSY,LA,ASW,CE,Combined TRACON& Tower with Radar,214,16,24,0,254,0,6,20,0,26,214,22,44,0,280,0,0,0,280
10/24/2010,MSY,LA,ASW,CE,Combined TRACON& Tower with Radar,240,14,35,0,289,0,2,10,0,12,240,16,45,0,301,0,0,0,301
10/25/2010,MSY,LA,ASW,CE,Combined TRACON& Tower with Radar,257,18,26,3,304,0,17,24,0,41,257,35,50,3,345,0,0,0,345
10/26/2010,MSY,LA,ASW,CE,Combined TRACON& Tower with Radar,246,13,29,2,290,0,8,16,0,24,246,21,45,2,314,0,0,0,314
10/27/2010,MSY,LA,ASW,CE,Combined TRACON& Tower with Radar,243,28,30,4,305,0,8,14,1,23,243,36,44,5,328,0,0,0,328
10/28/2010,MSY,LA,ASW,CE,Combined TRACON& Tower with Radar,266,21,42,4,333,0,8,26,7,41,266,29,68,11,374,0,0,0,374
10/29/2010,MSY,LA,ASW,CE,Combined TRACON& Tower with Radar,261,23,52,1,337,0,8,18,0,26,261,31,70,1,363,0,0,0,363
10/30/2010,MSY,LA,ASW,CE,Combined TRACON& Tower with Radar,220,22,28,2,272,0,16,25,0,41,220,38,53,2,313,0,0,0,313
10/31/2010,MSY,LA,ASW,CE,Combined TRACON& Tower with Radar,235,25,37,2,299,0,7,11,2,20,235,32,48,4,319,0,0,0,319
11/01/2010,MSY,LA,ASW,CE,Combined TRACON& Tower with Radar,262,29,48,2,341,0,20,19,0,39,262,49,67,2,380,0,0,0,380
11/02/2010,MSY,LA,ASW,CE,Combined TRACON& Tower with Radar,247,16,30,0,293,0,2,5,0,7,247,18,35,0,300,0,0,0,300
11/03/2010,MSY,LA,ASW,CE,Combined TRACON& Tower with Radar,253,22,42,2,319,0,8,10,2,20,253,30,52,4,339,0,0,0,339
11/04/2010,MSY,LA,ASW,CE,Combined TRACON& Tower with Radar,262,19,34,4,319,0,10,13,5,28,262,29,47,9,347,0,0,0,347
11/05/2010,MSY,LA,ASW,CE,Combined TRACON& Tower with Radar,268,27,42,4,341,0,20,30,1,51,268,47,72,5,392,0,0,0,392
11/06/2010,MSY,LA,ASW,CE,Combined TRACON& Tower with Radar,215,7,19,2,243,0,2,15,13,30,215,9,34,15,273,0,0,0,273
11/07/2010,MSY,LA,ASW,CE,Combined TRACON& Tower with Radar,253,29,46,6,334,0,0,26,9,35,253,29,72,15,369,0,0,0,369
11/08/2010,MSY,LA,ASW,CE,Combined TRACON& Tower with Radar,267,16,40,0,323,0,9,16,7,32,267,25,56,7,355,0,0,0,355
11/09/2010,MSY,LA,ASW,CE,Combined TRACON& Tower with Radar,264,19,49,0,332,0,8,23,0,31,264,27,72,0,363,0,0,0,363
11/10/2010,MSY,LA,ASW,CE,Combined TRACON& Tower with Radar,266,19,36,4,325,0,12,14,0,26,266,31,50,4,351,0,0,0,351
11/11/2010,MSY,LA,ASW,CE,Combined TRACON& Tower with Radar,269,27,26,4,326,0,11,10,0,21,269,38,36,4,347,0,0,0,347
11/12/2010,MSY,LA,ASW,CE,Combined TRACON& Tower with Radar,272,17,27,1,317,0,14,23,4,41,272,31,50,5,358,0,0,0,358
11/13/2010,MSY,LA,ASW,CE,Combined TRACON& Tower with Radar,229,20,17,1,267,0,4,27,0,31,229,24,44,1,298,0,0,0,298
11/14/2010,MSY,LA,ASW,CE,Combined TRACON& Tower with Radar,253,22,37,0,312,0,0,11,0,11,253,22,48,0,323,0,0,0,323
11/15/2010,MSY,LA,ASW,CE,Combined TRACON& Tower with Radar,271,14,28,6,319,0,0,9,0,9,271,14,37,6,328,0,0,0,328
11/16/2010,MSY,LA,ASW,CE,Combined TRACON& Tower with Radar,268,20,38,0,326,0,3,13,14,30,268,23,51,14,356,0,0,0,356
11/17/2010,MSY,LA,ASW,CE,Combined TRACON& Tower with Radar,266,30,32,4,332,0,10,32,4,46,266,40,64,8,378,0,0,0,378
11/18/2010,MSY,LA,ASW,CE,Combined TRACON& Tower with Radar,281,21,43,0,345,0,7,17,1,25,281,28,60,1,370,0,0,0,370
11/19/2010,MSY,LA,ASW,CE,Combined TRACON& Tower with Radar,284,26,33,8,351,0,13,16,0,29,284,39,49,8,380,0,0,0,380
11/20/2010,MSY,LA,ASW,CE,Combined TRACON& Tower with Radar,230,13,19,0,262,0,0,15,0,15,230,13,34,0,277,0,0,0,277
11/21/2010,MSY,LA,ASW,CE,Combined TRACON& Tower with Radar,251,35,35,6,327,0,6,18,1,25,251,41,53,7,352,0,0,0,352
11/22/2010,MSY,LA,ASW,CE,Combined TRACON& Tower with Radar,261,14,18,1,294,0,6,27,1,34,261,20,45,2,328,0,0,0,328
11/23/2010,MSY,LA,ASW,CE,Combined TRACON& Tower with Radar,271,25,25,1,322,0,10,18,3,31,271,35,43,4,353,0,0,0,353
11/24/2010,MSY,LA,ASW,CE,Combined TRACON& Tower with Radar,285,20,19,0,324,0,0,11,0,11,285,20,30,0,335,0,0,0,335
11/25/2010,MSY,LA,ASW,CE,Combined TRACON& Tower with Radar,168,15,5,0,188,0,2,11,0,13,168,17,16,0,201,0,0,0,201
11/26/2010,MSY,LA,ASW,CE,Combined TRACON& Tower with Radar,216,20,15,1,252,0,0,1,1,2,216,20,16,2,254,0,0,0,254
11/27/2010,MSY,LA,ASW,CE,Combined TRACON& Tower with Radar,254,22,19,0,295,0,0,16,0,16,254,22,35,0,311,0,0,0,311
11/28/2010,MSY,LA,ASW,CE,Combined TRACON& Tower with Radar,280,31,28,0,339,0,0,28,1,29,280,31,56,1,368,0,0,0,368
11/29/2010,MSY,LA,ASW,CE,Combined TRACON& Tower with Radar,273,20,32,0,325,0,2,16,4,22,273,22,48,4,347,0,0,0,347
11/30/2010,MSY,LA,ASW,CE,Combined TRACON& Tower with Radar,263,34,23,4,324,0,2,9,2,13,263,36,32,6,337,0,0,0,337
12/01/2010,MSY,LA,ASW,CE,Combined TRACON& Tower with Radar,265,31,47,0,343,0,10,17,2,29,265,41,64,2,372,0,0,0,372
12/02/2010,MSY,LA,ASW,CE,Combined TRACON& Tower with Radar,268,27,40,2,337,0,12,19,2,33,268,39,59,4,370,0,0,0,370
12/03/2010,MSY,LA,ASW,CE,Combined TRACON& Tower with Radar,268,25,53,12,358,0,14,15,2,31,268,39,68,14,389,0,0,0,389
12/04/2010,MSY,LA,ASW,CE,Combined TRACON& Tower with Radar,222,12,22,1,257,0,2,28,0,30,222,14,50,1,287,0,0,0,287
12/05/2010,MSY,LA,ASW,CE,Combined TRACON& Tower with Radar,246,22,25,13,306,0,1,13,5,19,246,23,38,18,325,0,0,0,325
12/06/2010,MSY,LA,ASW,CE,Combined TRACON& Tower with Radar,260,11,32,3,306,0,8,20,2,30,260,19,52,5,336,0,0,0,336
12/07/2010,MSY,LA,ASW,CE,Combined TRACON& Tower with Radar,257,17,39,3,316,0,8,30,3,41,257,25,69,6,357,0,0,0,357
12/08/2010,MSY,LA,ASW,CE,Combined TRACON& Tower with Radar,260,25,24,0,309,0,8,14,3,25,260,33,38,3,334,0,0,0,334
12/09/2010,MSY,LA,ASW,CE,Combined TRACON& Tower with Radar,264,35,38,0,337,0,22,26,4,52,264,57,64,4,389,0,0,0,389
12/10/2010,MSY,LA,ASW,CE,Combined TRACON& Tower with Radar,269,27,45,0,341,0,6,33,1,40,269,33,78,1,381,0,0,0,381
12/11/2010,MSY,LA,ASW,CE,Combined TRACON& Tower with Radar,220,21,14,1,256,0,4,24,3,31,220,25,38,4,287,0,0,0,287
12/12/2010,MSY,LA,ASW,CE,Combined TRACON& Tower with Radar,227,27,23,5,282,0,5,9,0,14,227,32,32,5,296,0,0,0,296
12/13/2010,MSY,LA,ASW,CE,Combined TRACON& Tower with Radar,263,16,31,6,316,0,4,25,14,43,263,20,56,20,359,0,0,0,359
12/14/2010,MSY,LA,ASW,CE,Combined TRACON& Tower with Radar,254,15,32,6,307,0,17,25,0,42,254,32,57,6,349,0,0,0,349
12/15/2010,MSY,LA,ASW,CE,Combined TRACON& Tower with Radar,254,21,53,2,330,0,5,25,1,31,254,26,78,3,361,0,0,0,361
12/16/2010,MSY,LA,ASW,CE,Combined TRACON& Tower with Radar,261,21,48,1,331,0,10,20,0,30,261,31,68,1,361,0,0,0,361
12/17/2010,MSY,LA,ASW,CE,Combined TRACON& Tower with Radar,275,28,56,0,359,0,0,6,0,6,275,28,62,0,365,0,0,0,365
12/18/2010,MSY,LA,ASW,CE,Combined TRACON& Tower with Radar,224,23,11,0,258,0,0,19,0,19,224,23,30,0,277,0,0,0,277
12/19/2010,MSY,LA,ASW,CE,Combined TRACON& Tower with Radar,240,26,33,0,299,0,0,17,0,17,240,26,50,0,316,0,0,0,316
12/20/2010,MSY,LA,ASW,CE,Combined TRACON& Tower with Radar,248,20,26,0,294,0,8,24,0,32,248,28,50,0,326,0,0,0,326
12/21/2010,MSY,LA,ASW,CE,Combined TRACON& Tower with Radar,260,23,29,3,315,0,15,20,4,39,260,38,49,7,354,0,0,0,354
12/22/2010,MSY,LA,ASW,CE,Combined TRACON& Tower with Radar,268,18,51,2,339,0,0,29,0,29,268,18,80,2,368,0,0,0,368
12/23/2010,MSY,LA,ASW,CE,Combined TRACON& Tower with Radar,271,21,26,2,320,0,15,13,0,28,271,36,39,2,348,0,0,0,348
12/24/2010,MSY,LA,ASW,CE,Combined TRACON& Tower with Radar,206,19,5,0,230,0,0,20,0,20,206,19,25,0,250,0,0,0,250
12/25/2010,MSY,LA,ASW,CE,Combined TRACON& Tower with Radar,174,13,5,0,192,0,0,4,0,4,174,13,9,0,196,0,0,0,196
12/26/2010,MSY,LA,ASW,CE,Combined TRACON& Tower with Radar,241,19,21,0,281,0,0,9,2,11,241,19,30,2,292,0,0,0,292
12/27/2010,MSY,LA,ASW,CE,Combined TRACON& Tower with Radar,246,19,25,0,290,0,6,14,2,22,246,25,39,2,312,0,0,0,312
12/28/2010,MSY,LA,ASW,CE,Combined TRACON& Tower with Radar,261,19,23,0,303,0,7,24,0,31,261,26,47,0,334,0,0,0,334
12/29/2010,MSY,LA,ASW,CE,Combined TRACON& Tower with Radar,277,28,28,4,337,0,6,22,2,30,277,34,50,6,367,0,0,0,367
12/30/2010,MSY,LA,ASW,CE,Combined TRACON& Tower with Radar,267,22,29,6,324,0,3,20,0,23,267,25,49,6,347,0,0,0,347
12/31/2010,MSY,LA,ASW,CE,Combined TRACON& Tower with Radar,228,16,14,0,258,0,0,4,0,4,228,16,18,0,262,0,0,0,262
01/01/2011,MSY,LA,ASW,CE,Combined TRACON& Tower with Radar,200,21,9,0,230,0,0,4,1,5,200,21,13,1,235,0,0,0,235
01/02/2011,MSY,LA,ASW,CE,Combined TRACON& Tower with Radar,280,41,52,0,373,0,0,22,4,26,280,41,74,4,399,0,0,0,399
01/03/2011,MSY,LA,ASW,CE,Combined TRACON& Tower with Radar,268,22,41,0,331,0,11,32,4,47,268,33,73,4,378,0,0,0,378
01/04/2011,MSY,LA,ASW,CE,Combined TRACON& Tower with Radar,261,25,66,0,352,0,6,23,0,29,261,31,89,0,381,0,0,0,381
01/05/2011,MSY,LA,ASW,CE,Combined TRACON& Tower with Radar,281,40,73,3,397,0,1,13,0,14,281,41,86,3,411,0,0,0,411
01/06/2011,MSY,LA,ASW,CE,Combined TRACON& Tower with Radar,259,34,28,1,322,0,20,35,1,56,259,54,63,2,378,0,0,0,378
01/07/2011,MSY,LA,ASW,CE,Combined TRACON& Tower with Radar,262,25,27,2,316,0,15,34,23,72,262,40,61,25,388,0,0,0,388
01/08/2011,MSY,LA,ASW,CE,Combined TRACON& Tower with Radar,208,11,23,9,251,0,4,26,4,34,208,15,49,13,285,0,0,0,285
01/09/2011,MSY,LA,ASW,CE,Combined TRACON& Tower with Radar,263,26,22,2,313,0,0,2,0,2,263,26,24,2,315,0,0,0,315
01/10/2011,MSY,LA,ASW,CE,Combined TRACON& Tower with Radar,217,21,23,3,264,0,0,3,0,3,217,21,26,3,267,0,0,0,267
01/11/2011,MSY,LA,ASW,CE,Combined TRACON& Tower with Radar,203,18,44,2,267,0,13,30,0,43,203,31,74,2,310,0,0,0,310
01/12/2011,MSY,LA,ASW,CE,Combined TRACON& Tower with Radar,234,27,30,2,293,0,9,29,0,38,234,36,59,2,331,0,0,0,331
01/13/2011,MSY,LA,ASW,CE,Combined TRACON& Tower with Radar,260,25,44,3,332,0,14,32,0,46,260,39,76,3,378,0,0,0,378
01/14/2011,MSY,LA,ASW,CE,Combined TRACON& Tower with Radar,258,21,24,10,313,0,5,32,5,42,258,26,56,15,355,0,0,0,355
01/15/2011,MSY,LA,ASW,CE,Combined TRACON& Tower with Radar,211,17,16,4,248,0,7,40,2,49,211,24,56,6,297,0,0,0,297
01/16/2011,MSY,LA,ASW,CE,Combined TRACON& Tower with Radar,236,20,21,1,278,0,0,25,1,26,236,20,46,2,304,0,0,0,304
01/17/2011,MSY,LA,ASW,CE,Combined TRACON& Tower with Radar,249,25,30,0,304,0,3,14,0,17,249,28,44,0,321,0,0,0,321
01/18/2011,MSY,LA,ASW,CE,Combined TRACON& Tower with Radar,239,17,48,0,304,0,2,12,0,14,239,19,60,0,318,0,0,0,318
01/19/2011,MSY,LA,ASW,CE,Combined TRACON& Tower with Radar,251,23,35,0,309,0,15,27,0,42,251,38,62,0,351,0,0,0,351
01/20/2011,MSY,LA,ASW,CE,Combined TRACON& Tower with Radar,256,26,51,2,335,0,13,8,0,21,256,39,59,2,356,0,0,0,356
01/21/2011,MSY,LA,ASW,CE,Combined TRACON& Tower with Radar,259,27,35,2,323,0,7,15,0,22,259,34,50,2,345,0,0,0,345
01/22/2011,MSY,LA,ASW,CE,Combined TRACON& Tower with Radar,209,9,12,0,230,0,0,25,2,27,209,9,37,2,257,0,0,0,257
01/23/2011,MSY,LA,ASW,CE,Combined TRACON& Tower with Radar,240,20,25,11,296,0,0,12,5,17,240,20,37,16,313,0,0,0,313
01/24/2011,MSY,LA,ASW,CE,Combined TRACON& Tower with Radar,251,17,39,1,308,0,9,11,0,20,251,26,50,1,328,0,0,0,328
01/25/2011,MSY,LA,ASW,CE,Combined TRACON& Tower with Radar,246,20,37,2,305,0,7,5,2,14,246,27,42,4,319,0,0,0,319
01/26/2011,MSY,LA,ASW,CE,Combined TRACON& Tower with Radar,235,15,40,1,291,0,10,33,2,45,235,25,73,3,336,0,0,0,336
01/27/2011,MSY,LA,ASW,CE,Combined TRACON& Tower with Radar,241,22,50,3,316,0,16,25,5,46,241,38,75,8,362,0,0,0,362
01/28/2011,MSY,LA,ASW,CE,Combined TRACON& Tower with Radar,264,25,52,0,341,0,7,34,7,48,264,32,86,7,389,0,0,0,389
01/29/2011,MSY,LA,ASW,CE,Combined TRACON& Tower with Radar,208,16,16,10,250,0,3,24,1,28,208,19,40,11,278,0,0,0,278
01/30/2011,MSY,LA,ASW,CE,Combined TRACON& Tower with Radar,237,19,16,1,273,0,0,7,0,7,237,19,23,1,280,0,0,0,280
01/31/2011,MSY,LA,ASW,CE,Combined TRACON& Tower with Radar,252,23,29,0,304,0,2,13,0,15,252,25,42,0,319,0,0,0,319
02/01/2011,MSY,LA,ASW,CE,Combined TRACON& Tower with Radar,189,23,38,0,250,0,3,6,0,9,189,26,44,0,259,0,0,0,259
02/02/2011,MSY,LA,ASW,CE,Combined TRACON& Tower with Radar,204,22,43,1,270,0,4,18,4,26,204,26,61,5,296,0,0,0,296
02/03/2011,MSY,LA,ASW,CE,Combined TRACON& Tower with Radar,240,25,35,2,302,0,2,5,4,11,240,27,40,6,313,0,0,0,313
02/04/2011,MSY,LA,ASW,CE,Combined TRACON& Tower with Radar,231,21,26,0,278,0,0,2,0,2,231,21,28,0,280,0,0,0,280
02/05/2011,MSY,LA,ASW,CE,Combined TRACON& Tower with Radar,210,13,30,2,255,0,4,22,1,27,210,17,52,3,282,0,0,0,282
02/06/2011,MSY,LA,ASW,CE,Combined TRACON& Tower with Radar,239,18,31,0,288,0,4,26,2,32,239,22,57,2,320,0,0,0,320
02/07/2011,MSY,LA,ASW,CE,Combined TRACON& Tower with Radar,257,32,43,0,332,0,15,10,4,29,257,47,53,4,361,0,0,0,361
02/08/2011,MSY,LA,ASW,CE,Combined TRACON& Tower with Radar,246,14,24,0,284,0,7,21,2,30,246,21,45,2,314,0,0,0,314
02/09/2011,MSY,LA,ASW,CE,Combined TRACON& Tower with Radar,249,20,44,0,313,0,10,13,0,23,249,30,57,0,336,0,0,0,336
02/10/2011,MSY,LA,ASW,CE,Combined TRACON& Tower with Radar,255,29,42,1,327,0,3,10,1,14,255,32,52,2,341,0,0,0,341
02/11/2011,MSY,LA,ASW,CE,Combined TRACON& Tower with Radar,259,16,26,4,305,0,8,18,2,28,259,24,44,6,333,0,0,0,333
02/12/2011,MSY,LA,ASW,CE,Combined TRACON& Tower with Radar,207,12,12,0,231,0,6,25,1,32,207,18,37,1,263,0,0,0,263
02/13/2011,MSY,LA,ASW,CE,Combined TRACON& Tower with Radar,234,16,33,2,285,0,5,26,0,31,234,21,59,2,316,0,0,0,316
02/14/2011,MSY,LA,ASW,CE,Combined TRACON& Tower with Radar,254,19,27,2,302,0,11,28,0,39,254,30,55,2,341,0,0,0,341
02/15/2011,MSY,LA,ASW,CE,Combined TRACON& Tower with Radar,240,19,48,0,307,0,15,26,0,41,240,34,74,0,348,0,0,0,348
02/16/2011,MSY,LA,ASW,CE,Combined TRACON& Tower with Radar,244,16,41,0,301,0,7,32,0,39,244,23,73,0,340,0,0,0,340
02/17/2011,MSY,LA,ASW,CE,Combined TRACON& Tower with Radar,260,22,44,1,327,0,8,14,2,24,260,30,58,3,351,0,0,0,351
02/18/2011,MSY,LA,ASW,CE,Combined TRACON& Tower with Radar,266,32,41,2,341,0,9,13,1,23,266,41,54,3,364,0,0,0,364
02/19/2011,MSY,LA,ASW,CE,Combined TRACON& Tower with Radar,223,30,29,0,282,0,4,17,0,21,223,34,46,0,303,0,0,0,303
02/20/2011,MSY,LA,ASW,CE,Combined TRACON& Tower with Radar,237,28,22,3,290,0,2,19,0,21,237,30,41,3,311,0,0,0,311
02/21/2011,MSY,LA,ASW,CE,Combined TRACON& Tower with Radar,247,31,49,5,332,0,2,15,1,18,247,33,64,6,350,0,0,0,350
02/22/2011,MSY,LA,ASW,CE,Combined TRACON& Tower with Radar,272,24,41,0,337,0,6,16,0,22,272,30,57,0,359,0,0,0,359
02/23/2011,MSY,LA,ASW,CE,Combined TRACON& Tower with Radar,262,39,34,0,335,0,13,17,0,30,262,52,51,0,365,0,0,0,365
02/24/2011,MSY,LA,ASW,CE,Combined TRACON& Tower with Radar,268,28,43,6,345,0,11,29,4,44,268,39,72,10,389,0,0,0,389
02/25/2011,MSY,LA,ASW,CE,Combined TRACON& Tower with Radar,260,24,37,0,321,0,12,10,7,29,260,36,47,7,350,0,0,0,350
02/26/2011,MSY,LA,ASW,CE,Combined TRACON& Tower with Radar,231,23,35,0,289,0,0,9,0,9,231,23,44,0,298,0,0,0,298
02/27/2011,MSY,LA,ASW,CE,Combined TRACON& Tower with Radar,246,18,61,0,325,0,0,4,0,4,246,18,65,0,329,0,0,0,329
02/28/2011,MSY,LA,ASW,CE,Combined TRACON& Tower with Radar,255,23,46,1,325,0,8,15,0,23,255,31,61,1,348,0,0,0,348
03/01/2011,MSY,LA,ASW,CE,Combined TRACON& Tower with Radar,262,25,30,2,319,0,6,19,5,30,262,31,49,7,349,0,0,0,349
03/02/2011,MSY,LA,ASW,CE,Combined TRACON& Tower with Radar,240,24,32,1,297,0,13,17,0,30,240,37,49,1,327,0,0,0,327
03/03/2011,MSY,LA,ASW,CE,Combined TRACON& Tower with Radar,276,23,62,0,361,0,16,26,0,42,276,39,88,0,403,0,0,0,403
03/04/2011,MSY,LA,ASW,CE,Combined TRACON& Tower with Radar,279,41,61,3,384,0,0,4,0,4,279,41,65,3,388,0,0,0,388
03/05/2011,MSY,LA,ASW,CE,Combined TRACON& Tower with Radar,240,36,28,0,304,0,0,10,0,10,240,36,38,0,314,0,0,0,314
03/06/2011,MSY,LA,ASW,CE,Combined TRACON& Tower with Radar,251,31,47,5,334,0,20,18,0,38,251,51,65,5,372,0,0,0,372
03/07/2011,MSY,LA,ASW,CE,Combined TRACON& Tower with Radar,270,21,32,6,329,0,5,18,1,24,270,26,50,7,353,0,0,0,353
03/08/2011,MSY,LA,ASW,CE,Combined TRACON& Tower with Radar,275,18,39,2,334,0,6,2,0,8,275,24,41,2,342,0,0,0,342
03/09/2011,MSY,LA,ASW,CE,Combined TRACON& Tower with Radar,273,32,34,2,341,0,1,9,0,10,273,33,43,2,351,0,0,0,351
03/10/2011,MSY,LA,ASW,CE,Combined TRACON& Tower with Radar,265,40,37,0,342,0,11,11,0,22,265,51,48,0,364,0,0,0,364
03/11/2011,MSY,LA,ASW,CE,Combined TRACON& Tower with Radar,269,30,40,0,339,0,12,22,0,34,269,42,62,0,373,0,0,0,373
03/12/2011,MSY,LA,ASW,CE,Combined TRACON& Tower with Radar,235,34,36,1,306,0,4,27,1,32,235,38,63,2,338,0,0,0,338
03/13/2011,MSY,LA,ASW,CE,Combined TRACON& Tower with Radar,250,21,28,0,299,0,0,18,1,19,250,21,46,1,318,0,0,0,318
03/14/2011,MSY,LA,ASW,CE,Combined TRACON& Tower with Radar,265,24,41,2,332,0,12,12,0,24,265,36,53,2,356,0,0,0,356
03/15/2011,MSY,LA,ASW,CE,Combined TRACON& Tower with Radar,270,26,45,0,341,0,9,10,1,20,270,35,55,1,361,0,0,0,361
03/16/2011,MSY,LA,ASW,CE,Combined TRACON& Tower with Radar,268,26,46,2,342,0,9,19,0,28,268,35,65,2,370,0,0,0,370
03/17/2011,MSY,LA,ASW,CE,Combined TRACON& Tower with Radar,267,34,62,0,363,0,12,26,3,41,267,46,88,3,404,0,0,0,404
03/18/2011,MSY,LA,ASW,CE,Combined TRACON& Tower with Radar,273,42,43,0,358,0,7,13,4,24,273,49,56,4,382,0,0,0,382
03/19/2011,MSY,LA,ASW,CE,Combined TRACON& Tower with Radar,233,32,34,0,299,0,5,29,0,34,233,37,63,0,333,0,0,0,333
03/20/2011,MSY,LA,ASW,CE,Combined TRACON& Tower with Radar,248,33,37,3,321,0,2,10,1,13,248,35,47,4,334,0,0,0,334
03/21/2011,MSY,LA,ASW,CE,Combined TRACON& Tower with Radar,262,31,38,0,331,0,7,28,0,35,262,38,66,0,366,0,0,0,366
03/22/2011,MSY,LA,ASW,CE,Combined TRACON& Tower with Radar,278,34,49,0,361,0,7,22,5,34,278,41,71,5,395,0,0,0,395
03/23/2011,MSY,LA,ASW,CE,Combined TRACON& Tower with Radar,262,30,44,2,338,0,12,18,1,31,262,42,62,3,369,0,0,0,369
03/24/2011,MSY,LA,ASW,CE,Combined TRACON& Tower with Radar,270,31,50,0,351,0,14,22,0,36,270,45,72,0,387,0,0,0,387
03/25/2011,MSY,LA,ASW,CE,Combined TRACON& Tower with Radar,268,34,50,0,352,0,12,15,1,28,268,46,65,1,380,0,0,0,380
03/26/2011,MSY,LA,ASW,CE,Combined TRACON& Tower with Radar,232,31,25,2,290,0,2,13,0,15,232,33,38,2,305,0,0,0,305
03/27/2011,MSY,LA,ASW,CE,Combined TRACON& Tower with Radar,253,20,55,1,329,0,1,9,4,14,253,21,64,5,343,0,0,0,343
03/28/2011,MSY,LA,ASW,CE,Combined TRACON& Tower with Radar,264,34,48,2,348,0,9,13,2,24,264,43,61,4,372,0,0,0,372
03/29/2011,MSY,LA,ASW,CE,Combined TRACON& Tower with Radar,277,24,57,0,358,0,12,4,0,16,277,36,61,0,374,0,0,0,374
03/30/2011,MSY,LA,ASW,CE,Combined TRACON& Tower with Radar,266,30,49,4,349,0,1,15,2,18,266,31,64,6,367,0,0,0,367
03/31/2011,MSY,LA,ASW,CE,Combined TRACON& Tower with Radar,264,34,52,0,350,0,20,13,6,39,264,54,65,6,389,0,0,0,389
04/01/2011,MSY,LA,ASW,CE,Combined TRACON& Tower with Radar,276,27,39,4,346,0,9,22,2,33,276,36,61,6,379,0,0,0,379
04/02/2011,MSY,LA,ASW,CE,Combined TRACON& Tower with Radar,238,18,23,0,279,0,0,29,0,29,238,18,52,0,308,0,0,0,308
04/03/2011,MSY,LA,ASW,CE,Combined TRACON& Tower with Radar,238,22,46,10,316,0,7,9,2,18,238,29,55,12,334,0,0,0,334
04/04/2011,MSY,LA,ASW,CE,Combined TRACON& Tower with Radar,266,19,24,1,310,0,12,4,0,16,266,31,28,1,326,0,0,0,326
04/05/2011,MSY,LA,ASW,CE,Combined TRACON& Tower with Radar,266,22,31,2,321,0,4,19,0,23,266,26,50,2,344,0,0,0,344
04/06/2011,MSY,LA,ASW,CE,Combined TRACON& Tower with Radar,265,19,56,2,342,0,13,26,0,39,265,32,82,2,381,0,0,0,381
04/07/2011,MSY,LA,ASW,CE,Combined TRACON& Tower with Radar,275,30,58,2,365,0,14,10,5,29,275,44,68,7,394,0,0,0,394
04/08/2011,MSY,LA,ASW,CE,Combined TRACON& Tower with Radar,274,28,51,5,358,0,5,23,3,31,274,33,74,8,389,0,0,0,389
04/09/2011,MSY,LA,ASW,CE,Combined TRACON& Tower with Radar,238,16,13,2,269,0,2,11,0,13,238,18,24,2,282,0,0,0,282
04/10/2011,MSY,LA,ASW,CE,Combined TRACON& Tower with Radar,260,19,22,1,302,0,0,24,0,24,260,19,46,1,326,0,0,0,326
04/11/2011,MSY,LA,ASW,CE,Combined TRACON& Tower with Radar,270,20,44,1,335,0,15,6,0,21,270,35,50,1,356,0,0,0,356
04/12/2011,MSY,LA,ASW,CE,Combined TRACON& Tower with Radar,264,20,38,5,327,0,20,24,0,44,264,40,62,5,371,0,0,0,371
04/13/2011,MSY,LA,ASW,CE,Combined TRACON& Tower with Radar,268,22,64,0,354,0,20,37,0,57,268,42,101,0,411,0,0,0,411
04/14/2011,MSY,LA,ASW,CE,Combined TRACON& Tower with Radar,271,14,47,2,334,0,12,33,0,45,271,26,80,2,379,0,0,0,379
04/15/2011,MSY,LA,ASW,CE,Combined TRACON& Tower with Radar,268,27,35,5,335,0,8,4,0,12,268,35,39,5,347,0,0,0,347
04/16/2011,MSY,LA,ASW,CE,Combined TRACON& Tower with Radar,239,16,19,1,275,0,0,12,0,12,239,16,31,1,287,0,0,0,287
04/17/2011,MSY,LA,ASW,CE,Combined TRACON& Tower with Radar,257,17,23,1,298,0,4,15,2,21,257,21,38,3,319,0,0,0,319
04/18/2011,MSY,LA,ASW,CE,Combined TRACON& Tower with Radar,269,16,27,7,319,0,10,10,2,22,269,26,37,9,341,0,0,0,341
04/19/2011,MSY,LA,ASW,CE,Combined TRACON& Tower with Radar,254,30,52,2,338,0,24,19,0,43,254,54,71,2,381,0,0,0,381
04/20/2011,MSY,LA,ASW,CE,Combined TRACON& Tower with Radar,260,30,46,4,340,0,13,19,2,34,260,43,65,6,374,0,0,0,374
04/21/2011,MSY,LA,ASW,CE,Combined TRACON& Tower with Radar,276,29,44,9,358,0,16,38,2,56,276,45,82,11,414,0,0,0,414
04/22/2011,MSY,LA,ASW,CE,Combined TRACON& Tower with Radar,272,14,23,0,309,0,10,16,4,30,272,24,39,4,339,0,0,0,339
04/23/2011,MSY,LA,ASW,CE,Combined TRACON& Tower with Radar,234,20,20,0,274,0,12,18,0,30,234,32,38,0,304,0,0,0,304
04/24/2011,MSY,LA,ASW,CE,Combined TRACON& Tower with Radar,249,28,25,0,302,0,4,26,0,30,249,32,51,0,332,0,0,0,332
04/25/2011,MSY,LA,ASW,CE,Combined TRACON& Tower with Radar,263,47,65,2,377,0,14,23,8,45,263,61,88,10,422,0,0,0,422
04/26/2011,MSY,LA,ASW,CE,Combined TRACON& Tower with Radar,262,39,32,0,333,0,11,10,6,27,262,50,42,6,360,0,0,0,360
04/27/2011,MSY,LA,ASW,CE,Combined TRACON& Tower with Radar,278,26,36,0,340,0,17,18,2,37,278,43,54,2,377,0,0,0,377
04/28/2011,MSY,LA,ASW,CE,Combined TRACON& Tower with Radar,276,25,54,4,359,0,18,24,3,45,276,43,78,7,404,0,0,0,404
04/29/2011,MSY,LA,ASW,CE,Combined TRACON& Tower with Radar,282,37,39,2,360,0,13,44,16,73,282,50,83,18,433,0,0,0,433
04/30/2011,MSY,LA,ASW,CE,Combined TRACON& Tower with Radar,241,20,35,2,298,0,11,20,10,41,241,31,55,12,339,0,0,0,339
05/01/2011,MSY,LA,ASW,CE,Combined TRACON& Tower with Radar,253,42,56,1,352,0,3,24,10,37,253,45,80,11,389,0,0,0,389
05/02/2011,MSY,LA,ASW,CE,Combined TRACON& Tower with Radar,266,35,49,0,350,0,18,23,8,49,266,53,72,8,399,0,0,0,399
05/03/2011,MSY,LA,ASW,CE,Combined TRACON& Tower with Radar,255,48,27,4,334,0,6,9,2,17,255,54,36,6,351,0,0,0,351
05/04/2011,MSY,LA,ASW,CE,Combined TRACON& Tower with Radar,261,39,48,0,348,1,21,27,4,53,262,60,75,4,401,0,0,0,401
05/05/2011,MSY,LA,ASW,CE,Combined TRACON& Tower with Radar,273,25,46,0,344,0,12,32,2,46,273,37,78,2,390,0,0,0,390
05/06/2011,MSY,LA,ASW,CE,Combined TRACON& Tower with Radar,274,35,47,9,365,0,17,20,14,51,274,52,67,23,416,0,0,0,416
05/07/2011,MSY,LA,ASW,CE,Combined TRACON& Tower with Radar,240,17,9,0,266,0,2,10,2,14,240,19,19,2,280,0,0,0,280
05/08/2011,MSY,LA,ASW,CE,Combined TRACON& Tower with Radar,250,23,17,2,292,0,3,23,4,30,250,26,40,6,322,0,0,0,322
05/09/2011,MSY,LA,ASW,CE,Combined TRACON& Tower with Radar,266,23,43,0,332,0,19,26,0,45,266,42,69,0,377,0,0,0,377
05/10/2011,MSY,LA,ASW,CE,Combined TRACON& Tower with Radar,264,32,33,0,329,0,16,24,1,41,264,48,57,1,370,0,0,0,370
05/11/2011,MSY,LA,ASW,CE,Combined TRACON& Tower with Radar,255,32,67,1,355,0,28,26,7,61,255,60,93,8,416,0,0,0,416
05/12/2011,MSY,LA,ASW,CE,Combined TRACON& Tower with Radar,269,31,64,1,365,0,10,21,4,35,269,41,85,5,400,0,0,0,400
05/13/2011,MSY,LA,ASW,CE,Combined TRACON& Tower with Radar,270,32,26,0,328,0,14,22,2,38,270,46,48,2,366,0,0,0,366
05/14/2011,MSY,LA,ASW,CE,Combined TRACON& Tower with Radar,238,15,24,2,279,0,11,18,0,29,238,26,42,2,308,0,0,0,308
05/15/2011,MSY,LA,ASW,CE,Combined TRACON& Tower with Radar,245,29,22,2,298,0,7,27,2,36,245,36,49,4,334,0,0,0,334
05/16/2011,MSY,LA,ASW,CE,Combined TRACON& Tower with Radar,268,25,36,0,329,0,14,14,3,31,268,39,50,3,360,0,0,0,360
05/17/2011,MSY,LA,ASW,CE,Combined TRACON& Tower with Radar,256,25,42,0,323,0,32,24,6,62,256,57,66,6,385,0,0,0,385
05/18/2011,MSY,LA,ASW,CE,Combined TRACON& Tower with Radar,260,25,39,3,327,0,15,50,5,70,260,40,89,8,397,0,0,0,397
05/19/2011,MSY,LA,ASW,CE,Combined TRACON& Tower with Radar,267,25,46,1,339,0,14,33,0,47,267,39,79,1,386,0,0,0,386
05/20/2011,MSY,LA,ASW,CE,Combined TRACON& Tower with Radar,268,26,26,0,320,1,13,18,7,39,269,39,44,7,359,0,0,0,359
05/21/2011,MSY,LA,ASW,CE,Combined TRACON& Tower with Radar,242,15,13,2,272,0,4,20,5,29,242,19,33,7,301,0,0,0,301
05/22/2011,MSY,LA,ASW,CE,Combined TRACON& Tower with Radar,254,17,28,5,304,0,0,23,0,23,254,17,51,5,327,0,0,0,327
05/23/2011,MSY,LA,ASW,CE,Combined TRACON& Tower with Radar,252,22,47,1,322,0,20,26,1,47,252,42,73,2,369,0,0,0,369
05/24/2011,MSY,LA,ASW,CE,Combined TRACON& Tower with Radar,261,26,36,1,324,0,6,29,14,49,261,32,65,15,373,0,0,0,373
05/25/2011,MSY,LA,ASW,CE,Combined TRACON& Tower with Radar,255,19,43,4,321,0,10,23,7,40,255,29,66,11,361,0,0,0,361
05/26/2011,MSY,LA,ASW,CE,Combined TRACON& Tower with Radar,274,16,44,3,337,0,11,18,0,29,274,27,62,3,366,0,0,0,366
05/27/2011,MSY,LA,ASW,CE,Combined TRACON& Tower with Radar,269,30,36,1,336,0,17,44,2,63,269,47,80,3,399,0,0,0,399
05/28/2011,MSY,LA,ASW,CE,Combined TRACON& Tower with Radar,229,13,6,0,248,0,3,16,0,19,229,16,22,0,267,0,0,0,267
05/29/2011,MSY,LA,ASW,CE,Combined TRACON& Tower with Radar,203,11,21,0,235,0,6,24,1,31,203,17,45,1,266,0,0,0,266
05/30/2011,MSY,LA,ASW,CE,Combined TRACON& Tower with Radar,243,20,30,0,293,0,0,36,1,37,243,20,66,1,330,0,0,0,330
05/31/2011,MSY,LA,ASW,CE,Combined TRACON& Tower with Radar,259,34,27,0,320,0,12,32,0,44,259,46,59,0,364,0,0,0,364
06/01/2011,MSY,LA,ASW,CE,Combined TRACON& Tower with Radar,264,22,40,4,330,0,17,36,5,58,264,39,76,9,388,0,0,0,388
06/02/2011,MSY,LA,ASW,CE,Combined TRACON& Tower with Radar,275,30,41,0,346,0,31,27,2,60,275,61,68,2,406,0,0,0,406
06/03/2011,MSY,LA,ASW,CE,Combined TRACON& Tower with Radar,272,24,25,4,325,0,18,23,5,46,272,42,48,9,371,0,0,0,371
06/04/2011,MSY,LA,ASW,CE,Combined TRACON& Tower with Radar,237,25,15,2,279,0,7,7,1,15,237,32,22,3,294,0,0,0,294
06/05/2011,MSY,LA,ASW,CE,Combined TRACON& Tower with Radar,247,21,21,2,291,0,4,24,4,32,247,25,45,6,323,0,0,0,323
06/06/2011,MSY,LA,ASW,CE,Combined TRACON& Tower with Radar,269,21,26,0,316,0,16,12,4,32,269,37,38,4,348,0,0,0,348
06/07/2011,MSY,LA,ASW,CE,Combined TRACON& Tower with Radar,259,32,42,3,336,0,16,28,5,49,259,48,70,8,385,0,0,0,385
06/08/2011,MSY,LA,ASW,CE,Combined TRACON& Tower with Radar,263,27,30,0,320,0,22,9,0,31,263,49,39,0,351,0,0,0,351
06/09/2011,MSY,LA,ASW,CE,Combined TRACON& Tower with Radar,251,29,37,0,317,0,24,9,0,33,251,53,46,0,350,0,0,0,350
06/10/2011,MSY,LA,ASW,CE,Combined TRACON& Tower with Radar,270,24,34,0,328,0,13,10,1,24,270,37,44,1,352,0,0,0,352
06/11/2011,MSY,LA,ASW,CE,Combined TRACON& Tower with Radar,232,18,8,1,259,0,0,14,0,14,232,18,22,1,273,0,0,0,273
06/12/2011,MSY,LA,ASW,CE,Combined TRACON& Tower with Radar,239,29,28,2,298,0,0,10,0,10,239,29,38,2,308,0,0,0,308
06/13/2011,MSY,LA,ASW,CE,Combined TRACON& Tower with Radar,260,23,17,4,304,0,17,14,3,34,260,40,31,7,338,0,0,0,338
06/14/2011,MSY,LA,ASW,CE,Combined TRACON& Tower with Radar,266,23,54,0,343,0,14,22,0,36,266,37,76,0,379,0,0,0,379
06/15/2011,MSY,LA,ASW,CE,Combined TRACON& Tower with Radar,267,30,44,0,341,0,23,19,0,42,267,53,63,0,383,0,0,0,383
06/16/2011,MSY,LA,ASW,CE,Combined TRACON& Tower with Radar,262,32,59,2,355,0,13,28,1,42,262,45,87,3,397,0,0,0,397
06/17/2011,MSY,LA,ASW,CE,Combined TRACON& Tower with Radar,256,24,22,5,307,0,17,9,0,26,256,41,31,5,333,0,0,0,333
06/18/2011,MSY,LA,ASW,CE,Combined TRACON& Tower with Radar,229,27,26,1,283,0,3,25,0,28,229,30,51,1,311,0,0,0,311
06/19/2011,MSY,LA,ASW,CE,Combined TRACON& Tower with Radar,238,23,20,2,283,0,2,13,2,17,238,25,33,4,300,0,0,0,300
06/20/2011,MSY,LA,ASW,CE,Combined TRACON& Tower with Radar,257,20,24,0,301,0,15,15,3,33,257,35,39,3,334,0,0,0,334
06/21/2011,MSY,LA,ASW,CE,Combined TRACON& Tower with Radar,260,31,53,1,345,0,18,8,0,26,260,49,61,1,371,0,0,0,371
06/22/2011,MSY,LA,ASW,CE,Combined TRACON& Tower with Radar,259,32,47,0,338,0,2,13,1,16,259,34,60,1,354,0,0,0,354
06/23/2011,MSY,LA,ASW,CE,Combined TRACON& Tower with Radar,264,36,31,5,336,0,22,13,2,37,264,58,44,7,373,0,0,0,373
06/24/2011,MSY,LA,ASW,CE,Combined TRACON& Tower with Radar,260,24,43,4,331,0,14,30,1,45,260,38,73,5,376,0,0,0,376
06/25/2011,MSY,LA,ASW,CE,Combined TRACON& Tower with Radar,227,11,24,11,273,0,2,11,0,13,227,13,35,11,286,0,0,0,286
06/26/2011,MSY,LA,ASW,CE,Combined TRACON& Tower with Radar,235,25,18,4,282,0,5,16,0,21,235,30,34,4,303,0,0,0,303
06/27/2011,MSY,LA,ASW,CE,Combined TRACON& Tower with Radar,260,24,59,4,347,0,13,20,0,33,260,37,79,4,380,0,0,0,380
06/28/2011,MSY,LA,ASW,CE,Combined TRACON& Tower with Radar,258,23,31,2,314,0,12,18,2,32,258,35,49,4,346,0,0,0,346
06/29/2011,MSY,LA,ASW,CE,Combined TRACON& Tower with Radar,263,25,37,14,339,0,13,25,1,39,263,38,62,15,378,0,0,0,378
06/30/2011,MSY,LA,ASW,CE,Combined TRACON& Tower with Radar,260,39,28,4,331,0,19,30,2,51,260,58,58,6,382,0,0,0,382
07/01/2011,MSY,LA,ASW,CE,Combined TRACON& Tower with Radar,266,36,20,0,322,0,23,22,1,46,266,59,42,1,368,0,0,0,368
07/02/2011,MSY,LA,ASW,CE,Combined TRACON& Tower with Radar,221,21,14,1,257,0,2,16,0,18,221,23,30,1,275,0,0,0,275
07/03/2011,MSY,LA,ASW,CE,Combined TRACON& Tower with Radar,201,20,9,4,234,0,1,10,2,13,201,21,19,6,247,0,0,0,247
07/04/2011,MSY,LA,ASW,CE,Combined TRACON& Tower with Radar,232,21,11,0,264,0,1,7,0,8,232,22,18,0,272,0,0,0,272
07/05/2011,MSY,LA,ASW,CE,Combined TRACON& Tower with Radar,259,28,19,0,306,0,11,9,0,20,259,39,28,0,326,0,0,0,326
07/06/2011,MSY,LA,ASW,CE,Combined TRACON& Tower with Radar,260,29,33,6,328,0,13,18,2,33,260,42,51,8,361,0,0,0,361
07/07/2011,MSY,LA,ASW,CE,Combined TRACON& Tower with Radar,261,21,24,10,316,0,19,21,3,43,261,40,45,13,359,0,0,0,359
07/08/2011,MSY,LA,ASW,CE,Combined TRACON& Tower with Radar,258,35,23,0,316,0,10,6,1,17,258,45,29,1,333,0,0,0,333
07/09/2011,MSY,LA,ASW,CE,Combined TRACON& Tower with Radar,231,16,10,3,260,0,0,14,2,16,231,16,24,5,276,0,0,0,276
07/10/2011,MSY,LA,ASW,CE,Combined TRACON& Tower with Radar,238,26,22,4,290,0,4,16,6,26,238,30,38,10,316,0,0,0,316
07/11/2011,MSY,LA,ASW,CE,Combined TRACON& Tower with Radar,256,31,37,0,324,0,15,14,2,31,256,46,51,2,355,0,0,0,355
07/12/2011,MSY,LA,ASW,CE,Combined TRACON& Tower with Radar,249,28,31,0,308,0,5,28,0,33,249,33,59,0,341,0,0,0,341
07/13/2011,MSY,LA,ASW,CE,Combined TRACON& Tower with Radar,263,26,42,0,331,0,14,12,0,26,263,40,54,0,357,0,0,0,357
07/14/2011,MSY,LA,ASW,CE,Combined TRACON& Tower with Radar,258,24,37,2,321,0,20,14,0,34,258,44,51,2,355,0,0,0,355
07/15/2011,MSY,LA,ASW,CE,Combined TRACON& Tower with Radar,268,28,23,0,319,0,7,13,2,22,268,35,36,2,341,0,0,0,341
07/16/2011,MSY,LA,ASW,CE,Combined TRACON& Tower with Radar,223,16,11,0,250,0,2,15,0,17,223,18,26,0,267,0,0,0,267
07/17/2011,MSY,LA,ASW,CE,Combined TRACON& Tower with Radar,236,22,19,0,277,0,6,17,0,23,236,28,36,0,300,0,0,0,300
07/18/2011,MSY,LA,ASW,CE,Combined TRACON& Tower with Radar,258,20,11,0,289,0,4,10,0,14,258,24,21,0,303,0,0,0,303
07/19/2011,MSY,LA,ASW,CE,Combined TRACON& Tower with Radar,265,27,42,0,334,0,23,21,0,44,265,50,63,0,378,0,0,0,378
07/20/2011,MSY,LA,ASW,CE,Combined TRACON& Tower with Radar,265,27,26,0,318,0,28,29,12,69,265,55,55,12,387,0,0,0,387
07/21/2011,MSY,LA,ASW,CE,Combined TRACON& Tower with Radar,267,28,43,2,340,0,27,10,3,40,267,55,53,5,380,0,0,0,380
07/22/2011,MSY,LA,ASW,CE,Combined TRACON& Tower with Radar,260,30,22,0,312,0,13,19,0,32,260,43,41,0,344,0,0,0,344
07/23/2011,MSY,LA,ASW,CE,Combined TRACON& Tower with Radar,225,19,21,0,265,0,12,9,0,21,225,31,30,0,286,0,0,0,286
07/24/2011,MSY,LA,ASW,CE,Combined TRACON& Tower with Radar,236,23,15,0,274,0,6,16,0,22,236,29,31,0,296,0,0,0,296
07/25/2011,MSY,LA,ASW,CE,Combined TRACON& Tower with Radar,248,23,21,0,292,0,16,7,6,29,248,39,28,6,321,0,0,0,321
07/26/2011,MSY,LA,ASW,CE,Combined TRACON& Tower with Radar,266,20,21,3,310,0,12,10,2,24,266,32,31,5,334,0,0,0,334
07/27/2011,MSY,LA,ASW,CE,Combined TRACON& Tower with Radar,269,32,43,2,346,0,11,39,1,51,269,43,82,3,397,0,0,0,397
07/28/2011,MSY,LA,ASW,CE,Combined TRACON& Tower with Radar,262,37,36,3,338,0,13,15,2,30,262,50,51,5,368,0,0,0,368
07/29/2011,MSY,LA,ASW,CE,Combined TRACON& Tower with Radar,258,26,30,4,318,0,8,7,5,20,258,34,37,9,338,0,0,0,338
07/30/2011,MSY,LA,ASW,CE,Combined TRACON& Tower with Radar,233,18,17,0,268,0,5,20,1,26,233,23,37,1,294,0,0,0,294
07/31/2011,MSY,LA,ASW,CE,Combined TRACON& Tower with Radar,234,25,25,0,284,0,5,12,2,19,234,30,37,2,303,0,0,0,303
08/01/2011,MSY,LA,ASW,CE,Combined TRACON& Tower with Radar,258,22,35,4,319,0,13,15,2,30,258,35,50,6,349,0,0,0,349
08/02/2011,MSY,LA,ASW,CE,Combined TRACON& Tower with Radar,266,21,36,8,331,0,11,20,5,36,266,32,56,13,367,0,0,0,367
08/03/2011,MSY,LA,ASW,CE,Combined TRACON& Tower with Radar,263,28,45,2,338,0,10,16,2,28,263,38,61,4,366,0,0,0,366
08/04/2011,MSY,LA,ASW,CE,Combined TRACON& Tower with Radar,259,29,33,2,323,0,19,30,2,51,259,48,63,4,374,0,0,0,374
08/05/2011,MSY,LA,ASW,CE,Combined TRACON& Tower with Radar,257,30,33,2,322,0,15,9,3,27,257,45,42,5,349,0,0,0,349
08/06/2011,MSY,LA,ASW,CE,Combined TRACON& Tower with Radar,231,21,18,3,273,0,2,12,3,17,231,23,30,6,290,0,0,0,290
08/07/2011,MSY,LA,ASW,CE,Combined TRACON& Tower with Radar,235,28,32,0,295,0,5,12,0,17,235,33,44,0,312,0,0,0,312
08/08/2011,MSY,LA,ASW,CE,Combined TRACON& Tower with Radar,257,34,17,4,312,0,5,9,0,14,257,39,26,4,326,0,0,0,326
08/09/2011,MSY,LA,ASW,CE,Combined TRACON& Tower with Radar,255,22,52,2,331,0,14,22,2,38,255,36,74,4,369,0,0,0,369
08/10/2011,MSY,LA,ASW,CE,Combined TRACON& Tower with Radar,263,31,54,0,348,0,21,18,0,39,263,52,72,0,387,0,0,0,387
08/11/2011,MSY,LA,ASW,CE,Combined TRACON& Tower with Radar,263,27,32,0,322,0,29,16,0,45,263,56,48,0,367,0,0,0,367
08/12/2011,MSY,LA,ASW,CE,Combined TRACON& Tower with Radar,266,32,17,9,324,0,11,16,9,36,266,43,33,18,360,0,0,0,360
08/13/2011,MSY,LA,ASW,CE,Combined TRACON& Tower with Radar,221,20,13,6,260,0,0,15,0,15,221,20,28,6,275,0,0,0,275
08/14/2011,MSY,LA,ASW,CE,Combined TRACON& Tower with Radar,228,26,8,0,262,0,3,10,0,13,228,29,18,0,275,0,0,0,275
08/15/2011,MSY,LA,ASW,CE,Combined TRACON& Tower with Radar,243,23,22,0,288,0,11,16,2,29,243,34,38,2,317,0,0,0,317
08/16/2011,MSY,LA,ASW,CE,Combined TRACON& Tower with Radar,237,18,24,2,281,0,15,14,0,29,237,33,38,2,310,0,0,0,310
08/17/2011,MSY,LA,ASW,CE,Combined TRACON& Tower with Radar,239,16,33,4,292,0,21,18,0,39,239,37,51,4,331,0,0,0,331
08/18/2011,MSY,LA,ASW,CE,Combined TRACON& Tower with Radar,244,19,31,0,294,0,17,10,3,30,244,36,41,3,324,0,0,0,324
08/19/2011,MSY,LA,ASW,CE,Combined TRACON& Tower with Radar,250,18,41,0,309,0,11,15,7,33,250,29,56,7,342,0,0,0,342
08/20/2011,MSY,LA,ASW,CE,Combined TRACON& Tower with Radar,186,4,10,4,204,0,2,10,0,12,186,6,20,4,216,0,0,0,216
08/21/2011,MSY,LA,ASW,CE,Combined TRACON& Tower with Radar,219,12,16,3,250,0,10,12,0,22,219,22,28,3,272,0,0,0,272
08/22/2011,MSY,LA,ASW,CE,Combined TRACON& Tower with Radar,247,18,32,7,304,0,8,15,4,27,247,26,47,11,331,0,0,0,331
08/23/2011,MSY,LA,ASW,CE,Combined TRACON& Tower with Radar,228,18,38,0,284,0,26,19,5,50,228,44,57,5,334,0,0,0,334
08/24/2011,MSY,LA,ASW,CE,Combined TRACON& Tower with Radar,249,31,44,1,325,0,18,19,3,40,249,49,63,4,365,0,0,0,365
08/25/2011,MSY,LA,ASW,CE,Combined TRACON& Tower with Radar,242,30,47,2,321,0,18,15,0,33,242,48,62,2,354,0,0,0,354
08/26/2011,MSY,LA,ASW,CE,Combined TRACON& Tower with Radar,247,22,34,2,305,0,9,26,3,38,247,31,60,5,343,0,0,0,343
08/27/2011,MSY,LA,ASW,CE,Combined TRACON& Tower with Radar,177,15,15,0,207,0,2,33,1,36,177,17,48,1,243,0,0,0,243
08/28/2011,MSY,LA,ASW,CE,Combined TRACON& Tower with Radar,193,19,15,0,227,0,2,23,0,25,193,21,38,0,252,0,0,0,252
08/29/2011,MSY,LA,ASW,CE,Combined TRACON& Tower with Radar,223,21,15,0,259,0,11,11,0,22,223,32,26,0,281,0,0,0,281
08/30/2011,MSY,LA,ASW,CE,Combined TRACON& Tower with Radar,232,26,38,3,299,0,12,32,1,45,232,38,70,4,344,0,0,0,344
08/31/2011,MSY,LA,ASW,CE,Combined TRACON& Tower with Radar,238,21,43,4,306,0,19,15,0,34,238,40,58,4,340,0,0,0,340
09/01/2011,MSY,LA,ASW,CE,Combined TRACON& Tower with Radar,245,25,37,0,307,0,8,7,0,15,245,33,44,0,322,0,0,0,322
09/02/2011,MSY,LA,ASW,CE,Combined TRACON& Tower with Radar,253,48,33,2,336,0,1,2,0,3,253,49,35,2,339,0,0,0,339
09/03/2011,MSY,LA,ASW,CE,Combined TRACON& Tower with Radar,188,6,5,0,199,0,0,0,0,0,188,6,5,0,199,0,0,0,199
09/04/2011,MSY,LA,ASW,CE,Combined TRACON& Tower with Radar,165,15,14,1,195,0,0,0,0,0,165,15,14,1,195,0,0,0,195
09/05/2011,MSY,LA,ASW,CE,Combined TRACON& Tower with Radar,223,17,16,1,257,0,4,9,0,13,223,21,25,1,270,0,0,0,270
09/06/2011,MSY,LA,ASW,CE,Combined TRACON& Tower with Radar,236,22,25,1,284,0,18,13,2,33,236,40,38,3,317,0,0,0,317
09/07/2011,MSY,LA,ASW,CE,Combined TRACON& Tower with Radar,232,36,37,1,306,0,24,19,3,46,232,60,56,4,352,0,0,0,352
09/08/2011,MSY,LA,ASW,CE,Combined TRACON& Tower with Radar,248,20,24,3,295,0,24,30,9,63,248,44,54,12,358,0,0,0,358
09/09/2011,MSY,LA,ASW,CE,Combined TRACON& Tower with Radar,252,32,25,3,312,0,11,21,2,34,252,43,46,5,346,0,0,0,346
09/10/2011,MSY,LA,ASW,CE,Combined TRACON& Tower with Radar,177,19,16,6,218,0,6,12,2,20,177,25,28,8,238,0,0,0,238
09/11/2011,MSY,LA,ASW,CE,Combined TRACON& Tower with Radar,226,29,21,1,277,0,3,17,3,23,226,32,38,4,300,0,0,0,300
09/12/2011,MSY,LA,ASW,CE,Combined TRACON& Tower with Radar,248,18,16,3,285,0,14,24,0,38,248,32,40,3,323,0,0,0,323
09/13/2011,MSY,LA,ASW,CE,Combined TRACON& Tower with Radar,230,26,44,4,304,0,20,23,2,45,230,46,67,6,349,0,0,0,349
09/14/2011,MSY,LA,ASW,CE,Combined TRACON& Tower with Radar,234,17,42,1,294,0,24,20,2,46,234,41,62,3,340,0,0,0,340
09/15/2011,MSY,LA,ASW,CE,Combined TRACON& Tower with Radar,248,35,60,4,347,0,23,26,0,49,248,58,86,4,396,0,0,0,396
09/16/2011,MSY,LA,ASW,CE,Combined TRACON& Tower with Radar,248,27,42,0,317,0,9,12,1,22,248,36,54,1,339,0,0,0,339
09/17/2011,MSY,LA,ASW,CE,Combined TRACON& Tower with Radar,186,7,24,0,217,0,5,12,0,17,186,12,36,0,234,0,0,0,234
09/18/2011,MSY,LA,ASW,CE,Combined TRACON& Tower with Radar,229,32,40,0,301,0,1,39,0,40,229,33,79,0,341,0,0,0,341
09/19/2011,MSY,LA,ASW,CE,Combined TRACON& Tower with Radar,247,19,28,2,296,0,12,7,2,21,247,31,35,4,317,0,0,0,317
09/20/2011,MSY,LA,ASW,CE,Combined TRACON& Tower with Radar,230,26,26,2,284,0,27,20,0,47,230,53,46,2,331,0,0,0,331
09/21/2011,MSY,LA,ASW,CE,Combined TRACON& Tower with Radar,234,27,37,0,298,0,20,22,0,42,234,47,59,0,340,0,0,0,340
09/22/2011,MSY,LA,ASW,CE,Combined TRACON& Tower with Radar,243,31,38,5,317,1,4,6,2,13,244,35,44,7,330,0,0,0,330
09/23/2011,MSY,LA,ASW,CE,Combined TRACON& Tower with Radar,252,22,20,9,303,0,8,16,2,26,252,30,36,11,329,0,0,0,329
09/24/2011,MSY,LA,ASW,CE,Combined TRACON& Tower with Radar,183,12,9,2,206,0,7,32,0,39,183,19,41,2,245,0,0,0,245
09/25/2011,MSY,LA,ASW,CE,Combined TRACON& Tower with Radar,227,22,24,2,275,0,3,30,0,33,227,25,54,2,308,0,0,0,308
09/26/2011,MSY,LA,ASW,CE,Combined TRACON& Tower with Radar,243,27,21,5,296,0,10,11,0,21,243,37,32,5,317,0,0,0,317
09/27/2011,MSY,LA,ASW,CE,Combined TRACON& Tower with Radar,233,33,39,3,308,0,14,10,2,26,233,47,49,5,334,0,0,0,334
09/28/2011,MSY,LA,ASW,CE,Combined TRACON& Tower with Radar,231,20,43,0,294,0,14,20,2,36,231,34,63,2,330,0,0,0,330
09/29/2011,MSY,LA,ASW,CE,Combined TRACON& Tower with Radar,268,26,31,1,326,0,18,11,5,34,268,44,42,6,360,0,0,0,360
09/30/2011,MSY,LA,ASW,CE,Combined TRACON& Tower with Radar,252,27,33,0,312,0,14,20,0,34,252,41,53,0,346,0,0,0,346
10/01/2011,MSY,LA,ASW,CE,Combined TRACON& Tower with Radar,187,14,16,0,217,0,3,22,0,25,187,17,38,0,242,0,0,0,242
10/02/2011,MSY,LA,ASW,CE,Combined TRACON& Tower with Radar,235,19,18,0,272,0,3,23,0,26,235,22,41,0,298,0,0,0,298
10/03/2011,MSY,LA,ASW,CE,Combined TRACON& Tower with Radar,248,29,19,0,296,0,9,10,0,19,248,38,29,0,315,0,0,0,315
10/04/2011,MSY,LA,ASW,CE,Combined TRACON& Tower with Radar,239,28,35,0,302,0,17,25,2,44,239,45,60,2,346,0,0,0,346
10/05/2011,MSY,LA,ASW,CE,Combined TRACON& Tower with Radar,245,30,38,2,315,0,18,19,1,38,245,48,57,3,353,0,0,0,353
10/06/2011,MSY,LA,ASW,CE,Combined TRACON& Tower with Radar,249,38,42,0,329,0,29,21,4,54,249,67,63,4,383,0,0,0,383
10/07/2011,MSY,LA,ASW,CE,Combined TRACON& Tower with Radar,264,36,32,1,333,0,12,17,0,29,264,48,49,1,362,0,0,0,362
10/08/2011,MSY,LA,ASW,CE,Combined TRACON& Tower with Radar,200,20,23,0,243,0,1,11,3,15,200,21,34,3,258,0,0,0,258
10/09/2011,MSY,LA,ASW,CE,Combined TRACON& Tower with Radar,250,30,28,0,308,0,5,8,2,15,250,35,36,2,323,0,0,0,323
10/10/2011,MSY,LA,ASW,CE,Combined TRACON& Tower with Radar,254,29,29,2,314,0,9,22,13,44,254,38,51,15,358,0,0,0,358
10/11/2011,MSY,LA,ASW,CE,Combined TRACON& Tower with Radar,241,26,38,1,306,0,19,9,2,30,241,45,47,3,336,0,0,0,336
10/12/2011,MSY,LA,ASW,CE,Combined TRACON& Tower with Radar,245,43,33,0,321,0,20,34,4,58,245,63,67,4,379,0,0,0,379
10/13/2011,MSY,LA,ASW,CE,Combined TRACON& Tower with Radar,256,33,28,3,320,0,10,19,3,32,256,43,47,6,352,0,0,0,352
10/14/2011,MSY,LA,ASW,CE,Combined TRACON& Tower with Radar,264,37,28,0,329,0,11,17,4,32,264,48,45,4,361,0,0,0,361
10/15/2011,MSY,LA,ASW,CE,Combined TRACON& Tower with Radar,208,12,13,2,235,0,4,8,3,15,208,16,21,5,250,0,0,0,250
10/16/2011,MSY,LA,ASW,CE,Combined TRACON& Tower with Radar,239,24,38,3,304,0,3,17,4,24,239,27,55,7,328,0,0,0,328
10/17/2011,MSY,LA,ASW,CE,Combined TRACON& Tower with Radar,259,23,44,5,331,0,8,7,5,20,259,31,51,10,351,0,0,0,351
10/18/2011,MSY,LA,ASW,CE,Combined TRACON& Tower with Radar,285,37,65,2,389,0,18,27,1,46,285,55,92,3,435,0,0,0,435
10/19/2011,MSY,LA,ASW,CE,Combined TRACON& Tower with Radar,248,37,36,0,321,0,11,11,0,22,248,48,47,0,343,0,0,0,343
10/20/2011,MSY,LA,ASW,CE,Combined TRACON& Tower with Radar,256,32,45,2,335,0,17,17,0,34,256,49,62,2,369,0,0,0,369
10/21/2011,MSY,LA,ASW,CE,Combined TRACON& Tower with Radar,271,40,36,3,350,0,19,31,1,51,271,59,67,4,401,0,0,0,401
10/22/2011,MSY,LA,ASW,CE,Combined TRACON& Tower with Radar,205,11,14,0,230,0,2,21,0,23,205,13,35,0,253,0,0,0,253
10/23/2011,MSY,LA,ASW,CE,Combined TRACON& Tower with Radar,242,27,62,5,336,0,0,20,0,20,242,27,82,5,356,0,0,0,356
10/24/2011,MSY,LA,ASW,CE,Combined TRACON& Tower with Radar,256,29,20,1,306,0,12,22,5,39,256,41,42,6,345,0,0,0,345
10/25/2011,MSY,LA,ASW,CE,Combined TRACON& Tower with Radar,237,22,38,0,297,0,17,12,2,31,237,39,50,2,328,0,0,0,328
10/26/2011,MSY,LA,ASW,CE,Combined TRACON& Tower with Radar,258,37,47,0,342,0,26,22,3,51,258,63,69,3,393,0,0,0,393
10/27/2011,MSY,LA,ASW,CE,Combined TRACON& Tower with Radar,258,26,40,2,326,0,29,10,3,42,258,55,50,5,368,0,0,0,368
10/28/2011,MSY,LA,ASW,CE,Combined TRACON& Tower with Radar,264,40,33,1,338,0,7,3,0,10,264,47,36,1,348,0,0,0,348
10/29/2011,MSY,LA,ASW,CE,Combined TRACON& Tower with Radar,200,9,8,0,217,0,3,7,2,12,200,12,15,2,229,0,0,0,229
10/30/2011,MSY,LA,ASW,CE,Combined TRACON& Tower with Radar,237,24,24,2,287,0,2,11,2,15,237,26,35,4,302,0,0,0,302
10/31/2011,MSY,LA,ASW,CE,Combined TRACON& Tower with Radar,242,19,21,0,282,0,9,9,3,21,242,28,30,3,303,0,0,0,303
11/01/2011,MSY,LA,ASW,CE,Combined TRACON& Tower with Radar,243,16,33,3,295,0,22,8,0,30,243,38,41,3,325,0,0,0,325
11/02/2011,MSY,LA,ASW,CE,Combined TRACON& Tower with Radar,249,26,32,1,308,0,23,32,1,56,249,49,64,2,364,0,0,0,364
11/03/2011,MSY,LA,ASW,CE,Combined TRACON& Tower with Radar,279,35,39,2,355,0,23,15,2,40,279,58,54,4,395,0,0,0,395
11/04/2011,MSY,LA,ASW,CE,Combined TRACON& Tower with Radar,259,32,37,1,329,0,16,22,0,38,259,48,59,1,367,0,0,0,367
11/05/2011,MSY,LA,ASW,CE,Combined TRACON& Tower with Radar,209,12,26,2,249,0,12,12,3,27,209,24,38,5,276,0,0,0,276
11/06/2011,MSY,LA,ASW,CE,Combined TRACON& Tower with Radar,246,40,52,1,339,0,5,11,3,19,246,45,63,4,358,0,0,0,358
11/07/2011,MSY,LA,ASW,CE,Combined TRACON& Tower with Radar,253,16,50,0,319,0,11,7,5,23,253,27,57,5,342,0,0,0,342
11/08/2011,MSY,LA,ASW,CE,Combined TRACON& Tower with Radar,243,25,25,0,293,0,13,10,0,23,243,38,35,0,316,0,0,0,316
11/09/2011,MSY,LA,ASW,CE,Combined TRACON& Tower with Radar,250,25,48,0,323,0,10,8,2,20,250,35,56,2,343,0,0,0,343
11/10/2011,MSY,LA,ASW,CE,Combined TRACON& Tower with Radar,259,24,37,0,320,0,9,31,5,45,259,33,68,5,365,0,0,0,365
11/11/2011,MSY,LA,ASW,CE,Combined TRACON& Tower with Radar,267,26,36,0,329,0,9,14,0,23,267,35,50,0,352,0,0,0,352
11/12/2011,MSY,LA,ASW,CE,Combined TRACON& Tower with Radar,204,19,15,0,238,0,4,16,0,20,204,23,31,0,258,0,0,0,258
11/13/2011,MSY,LA,ASW,CE,Combined TRACON& Tower with Radar,343,28,24,3,398,0,3,13,2,18,343,31,37,5,416,0,0,0,416
11/14/2011,MSY,LA,ASW,CE,Combined TRACON& Tower with Radar,257,31,48,3,339,0,26,21,2,49,257,57,69,5,388,0,0,0,388
11/15/2011,MSY,LA,ASW,CE,Combined TRACON& Tower with Radar,247,37,45,0,329,0,23,17,6,46,247,60,62,6,375,0,0,0,375
11/16/2011,MSY,LA,ASW,CE,Combined TRACON& Tower with Radar,252,33,32,0,317,0,19,16,4,39,252,52,48,4,356,0,0,0,356
11/17/2011,MSY,LA,ASW,CE,Combined TRACON& Tower with Radar,259,30,35,2,326,0,37,10,5,52,259,67,45,7,378,0,0,0,378
11/18/2011,MSY,LA,ASW,CE,Combined TRACON& Tower with Radar,265,29,42,1,337,0,10,14,2,26,265,39,56,3,363,0,0,0,363
11/19/2011,MSY,LA,ASW,CE,Combined TRACON& Tower with Radar,200,22,23,1,246,0,4,23,0,27,200,26,46,1,273,0,0,0,273
11/20/2011,MSY,LA,ASW,CE,Combined TRACON& Tower with Radar,235,31,31,1,298,0,0,5,1,6,235,31,36,2,304,0,0,0,304
11/21/2011,MSY,LA,ASW,CE,Combined TRACON& Tower with Radar,241,26,60,4,331,0,12,25,0,37,241,38,85,4,368,0,0,0,368
11/22/2011,MSY,LA,ASW,CE,Combined TRACON& Tower with Radar,256,34,29,2,321,0,8,11,5,24,256,42,40,7,345,0,0,0,345
11/23/2011,MSY,LA,ASW,CE,Combined TRACON& Tower with Radar,269,24,29,0,322,0,16,24,4,44,269,40,53,4,366,0,0,0,366
11/24/2011,MSY,LA,ASW,CE,Combined TRACON& Tower with Radar,155,10,9,0,174,0,10,9,0,19,155,20,18,0,193,0,0,0,193
11/25/2011,MSY,LA,ASW,CE,Combined TRACON& Tower with Radar,195,16,16,0,227,0,16,21,0,37,195,32,37,0,264,0,0,0,264
11/26/2011,MSY,LA,ASW,CE,Combined TRACON& Tower with Radar,225,36,15,0,276,0,8,12,0,20,225,44,27,0,296,0,0,0,296
11/27/2011,MSY,LA,ASW,CE,Combined TRACON& Tower with Radar,271,16,32,0,319,0,1,1,0,2,271,17,33,0,321,0,0,0,321
11/28/2011,MSY,LA,ASW,CE,Combined TRACON& Tower with Radar,263,24,49,4,340,0,12,11,2,25,263,36,60,6,365,0,0,0,365
11/29/2011,MSY,LA,ASW,CE,Combined TRACON& Tower with Radar,251,36,42,4,333,0,22,23,2,47,251,58,65,6,380,0,0,0,380
11/30/2011,MSY,LA,ASW,CE,Combined TRACON& Tower with Radar,244,19,46,0,309,0,24,32,1,57,244,43,78,1,366,0,0,0,366
12/01/2011,MSY,LA,ASW,CE,Combined TRACON& Tower with Radar,248,34,39,0,321,0,16,21,0,37,248,50,60,0,358,0,0,0,358
12/02/2011,MSY,LA,ASW,CE,Combined TRACON& Tower with Radar,250,27,38,0,315,0,27,14,4,45,250,54,52,4,360,0,0,0,360
12/03/2011,MSY,LA,ASW,CE,Combined TRACON& Tower with Radar,193,24,31,0,248,0,10,11,0,21,193,34,42,0,269,0,0,0,269
12/04/2011,MSY,LA,ASW,CE,Combined TRACON& Tower with Radar,227,21,43,0,291,0,11,17,0,28,227,32,60,0,319,0,0,0,319
12/05/2011,MSY,LA,ASW,CE,Combined TRACON& Tower with Radar,239,36,41,2,318,0,4,15,2,21,239,40,56,4,339,0,0,0,339
12/06/2011,MSY,LA,ASW,CE,Combined TRACON& Tower with Radar,233,37,41,0,311,0,2,2,0,4,233,39,43,0,315,0,0,0,315
12/07/2011,MSY,LA,ASW,CE,Combined TRACON& Tower with Radar,241,35,46,4,326,0,12,14,2,28,241,47,60,6,354,0,0,0,354
12/08/2011,MSY,LA,ASW,CE,Combined TRACON& Tower with Radar,249,30,38,0,317,0,34,19,4,57,249,64,57,4,374,0,0,0,374
12/09/2011,MSY,LA,ASW,CE,Combined TRACON& Tower with Radar,247,25,37,0,309,0,32,21,2,55,247,57,58,2,364,0,0,0,364
12/10/2011,MSY,LA,ASW,CE,Combined TRACON& Tower with Radar,191,11,16,0,218,0,18,20,3,41,191,29,36,3,259,0,0,0,259
12/11/2011,MSY,LA,ASW,CE,Combined TRACON& Tower with Radar,231,19,26,0,276,0,0,8,2,10,231,19,34,2,286,0,0,0,286
12/12/2011,MSY,LA,ASW,CE,Combined TRACON& Tower with Radar,239,25,21,0,285,0,18,9,1,28,239,43,30,1,313,0,0,0,313
12/13/2011,MSY,LA,ASW,CE,Combined TRACON& Tower with Radar,233,24,54,7,318,0,16,16,1,33,233,40,70,8,351,0,0,0,351
12/14/2011,MSY,LA,ASW,CE,Combined TRACON& Tower with Radar,242,27,32,1,302,0,13,30,4,47,242,40,62,5,349,0,0,0,349
12/15/2011,MSY,LA,ASW,CE,Combined TRACON& Tower with Radar,254,21,47,1,323,0,19,21,3,43,254,40,68,4,366,0,0,0,366
12/16/2011,MSY,LA,ASW,CE,Combined TRACON& Tower with Radar,256,30,42,1,329,0,18,5,0,23,256,48,47,1,352,0,0,0,352
12/17/2011,MSY,LA,ASW,CE,Combined TRACON& Tower with Radar,210,25,19,1,255,0,10,18,4,32,210,35,37,5,287,0,0,0,287
12/18/2011,MSY,LA,ASW,CE,Combined TRACON& Tower with Radar,234,20,22,2,278,0,14,13,2,29,234,34,35,4,307,0,0,0,307
12/19/2011,MSY,LA,ASW,CE,Combined TRACON& Tower with Radar,236,28,19,0,283,0,16,13,0,29,236,44,32,0,312,0,0,0,312
12/20/2011,MSY,LA,ASW,CE,Combined TRACON& Tower with Radar,244,21,26,0,291,0,14,6,0,20,244,35,32,0,311,0,0,0,311
12/21/2011,MSY,LA,ASW,CE,Combined TRACON& Tower with Radar,248,25,43,0,316,0,4,10,4,18,248,29,53,4,334,0,0,0,334
12/22/2011,MSY,LA,ASW,CE,Combined TRACON& Tower with Radar,259,29,27,0,315,0,5,7,0,12,259,34,34,0,327,0,0,0,327
12/23/2011,MSY,LA,ASW,CE,Combined TRACON& Tower with Radar,262,21,13,2,298,0,20,4,0,24,262,41,17,2,322,0,0,0,322
12/24/2011,MSY,LA,ASW,CE,Combined TRACON& Tower with Radar,193,14,14,0,221,0,0,2,0,2,193,14,16,0,223,0,0,0,223
12/25/2011,MSY,LA,ASW,CE,Combined TRACON& Tower with Radar,180,13,13,0,206,0,0,0,0,0,180,13,13,0,206,0,0,0,206
12/26/2011,MSY,LA,ASW,CE,Combined TRACON& Tower with Radar,246,37,42,0,325,0,0,0,0,0,246,37,42,0,325,0,0,0,325
12/27/2011,MSY,LA,ASW,CE,Combined TRACON& Tower with Radar,258,30,22,0,310,0,12,11,2,25,258,42,33,2,335,0,0,0,335
12/28/2011,MSY,LA,ASW,CE,Combined TRACON& Tower with Radar,270,34,41,0,345,0,19,6,2,27,270,53,47,2,372,0,0,0,372
12/29/2011,MSY,LA,ASW,CE,Combined TRACON& Tower with Radar,259,27,19,0,305,0,10,21,2,33,259,37,40,2,338,0,0,0,338
12/30/2011,MSY,LA,ASW,CE,Combined TRACON& Tower with Radar,269,24,25,0,318,0,10,16,4,30,269,34,41,4,348,0,0,0,348
12/31/2011,MSY,LA,ASW,CE,Combined TRACON& Tower with Radar,198,21,24,0,243,0,6,4,0,10,198,27,28,0,253,0,0,0,253
01/01/2012,MSY,LA,ASW,CE,Combined TRACON& Tower with Radar,211,18,25,0,254,0,0,8,1,9,211,18,33,1,263,0,0,0,263
01/02/2012,MSY,LA,ASW,CE,Combined TRACON& Tower with Radar,246,25,48,0,319,0,4,7,1,12,246,29,55,1,331,0,0,0,331
01/03/2012,MSY,LA,ASW,CE,Combined TRACON& Tower with Radar,248,25,22,0,295,0,12,14,1,27,248,37,36,1,322,0,0,0,322
01/04/2012,MSY,LA,ASW,CE,Combined TRACON& Tower with Radar,274,28,37,2,341,0,16,27,1,44,274,44,64,3,385,0,0,0,385
01/05/2012,MSY,LA,ASW,CE,Combined TRACON& Tower with Radar,244,29,45,12,330,0,24,25,2,51,244,53,70,14,381,0,0,0,381
01/06/2012,MSY,LA,ASW,CE,Combined TRACON& Tower with Radar,250,24,42,1,317,0,11,17,1,29,250,35,59,2,346,0,0,0,346
01/07/2012,MSY,LA,ASW,CE,Combined TRACON& Tower with Radar,208,29,78,0,315,0,11,18,2,31,208,40,96,2,346,0,0,0,346
01/08/2012,MSY,LA,ASW,CE,Combined TRACON& Tower with Radar,226,52,51,1,330,0,11,28,0,39,226,63,79,1,369,0,0,0,369
01/09/2012,MSY,LA,ASW,CE,Combined TRACON& Tower with Radar,247,59,87,0,393,0,14,9,0,23,247,73,96,0,416,0,0,0,416
01/10/2012,MSY,LA,ASW,CE,Combined TRACON& Tower with Radar,249,63,155,0,467,0,14,10,4,28,249,77,165,4,495,0,0,0,495
01/11/2012,MSY,LA,ASW,CE,Combined TRACON& Tower with Radar,231,27,26,1,285,0,18,8,2,28,231,45,34,3,313,0,0,0,313
01/12/2012,MSY,LA,ASW,CE,Combined TRACON& Tower with Radar,240,29,37,2,308,0,41,18,4,63,240,70,55,6,371,0,0,0,371
01/13/2012,MSY,LA,ASW,CE,Combined TRACON& Tower with Radar,242,34,27,0,303,0,22,14,2,38,242,56,41,2,341,0,0,0,341
01/14/2012,MSY,LA,ASW,CE,Combined TRACON& Tower with Radar,190,16,14,0,220,0,6,11,2,19,190,22,25,2,239,0,0,0,239
01/15/2012,MSY,LA,ASW,CE,Combined TRACON& Tower with Radar,225,39,13,2,279,0,4,21,0,25,225,43,34,2,304,0,0,0,304
01/16/2012,MSY,LA,ASW,CE,Combined TRACON& Tower with Radar,233,22,29,0,284,0,14,20,1,35,233,36,49,1,319,0,0,0,319
01/17/2012,MSY,LA,ASW,CE,Combined TRACON& Tower with Radar,217,26,56,0,299,0,18,10,2,30,217,44,66,2,329,0,0,0,329
01/18/2012,MSY,LA,ASW,CE,Combined TRACON& Tower with Radar,230,26,39,0,295,0,23,31,4,58,230,49,70,4,353,0,0,0,353
01/19/2012,MSY,LA,ASW,CE,Combined TRACON& Tower with Radar,239,34,47,0,320,0,24,20,0,44,239,58,67,0,364,0,0,0,364
01/20/2012,MSY,LA,ASW,CE,Combined TRACON& Tower with Radar,241,34,44,3,322,0,17,11,4,32,241,51,55,7,354,0,0,0,354
01/21/2012,MSY,LA,ASW,CE,Combined TRACON& Tower with Radar,185,16,36,1,238,0,5,8,4,17,185,21,44,5,255,0,0,0,255
01/22/2012,MSY,LA,ASW,CE,Combined TRACON& Tower with Radar,219,25,24,0,268,0,12,11,0,23,219,37,35,0,291,0,0,0,291
01/23/2012,MSY,LA,ASW,CE,Combined TRACON& Tower with Radar,230,27,29,1,287,0,10,5,7,22,230,37,34,8,309,0,0,0,309
01/24/2012,MSY,LA,ASW,CE,Combined TRACON& Tower with Radar,221,32,28,2,283,0,10,5,6,21,221,42,33,8,304,0,0,0,304
01/25/2012,MSY,LA,ASW,CE,Combined TRACON& Tower with Radar,228,34,47,0,309,0,18,14,0,32,228,52,61,0,341,0,0,0,341
01/26/2012,MSY,LA,ASW,CE,Combined TRACON& Tower with Radar,238,30,30,3,301,0,7,5,4,16,238,37,35,7,317,0,0,0,317
01/27/2012,MSY,LA,ASW,CE,Combined TRACON& Tower with Radar,242,32,24,7,305,0,19,17,3,39,242,51,41,10,344,0,0,0,344
01/28/2012,MSY,LA,ASW,CE,Combined TRACON& Tower with Radar,187,18,18,1,224,0,5,11,0,16,187,23,29,1,240,0,0,0,240
01/29/2012,MSY,LA,ASW,CE,Combined TRACON& Tower with Radar,221,42,18,3,284,0,3,17,2,22,221,45,35,5,306,0,0,0,306
01/30/2012,MSY,LA,ASW,CE,Combined TRACON& Tower with Radar,229,30,18,0,277,0,24,14,2,40,229,54,32,2,317,0,0,0,317
01/31/2012,MSY,LA,ASW,CE,Combined TRACON& Tower with Radar,223,32,44,2,301,0,15,12,2,29,223,47,56,4,330,0,0,0,330
02/01/2012,MSY,LA,ASW,CE,Combined TRACON& Tower with Radar,241,33,34,0,308,0,2,5,0,7,241,35,39,0,315,0,0,0,315
02/02/2012,MSY,LA,ASW,CE,Combined TRACON& Tower with Radar,242,37,60,6,345,0,13,15,2,30,242,50,75,8,375,0,0,0,375
02/03/2012,MSY,LA,ASW,CE,Combined TRACON& Tower with Radar,233,36,34,0,303,0,7,19,0,26,233,43,53,0,329,0,0,0,329
02/04/2012,MSY,LA,ASW,CE,Combined TRACON& Tower with Radar,184,20,11,2,217,0,6,5,1,12,184,26,16,3,229,0,0,0,229
02/05/2012,MSY,LA,ASW,CE,Combined TRACON& Tower with Radar,220,30,15,6,271,0,7,7,1,15,220,37,22,7,286,0,0,0,286
02/06/2012,MSY,LA,ASW,CE,Combined TRACON& Tower with Radar,227,46,36,6,315,0,20,34,2,56,227,66,70,8,371,0,0,0,371
02/07/2012,MSY,LA,ASW,CE,Combined TRACON& Tower with Radar,219,32,30,1,282,0,23,11,2,36,219,55,41,3,318,0,0,0,318
02/08/2012,MSY,LA,ASW,CE,Combined TRACON& Tower with Radar,223,24,38,1,286,0,29,14,9,52,223,53,52,10,338,0,0,0,338
02/09/2012,MSY,LA,ASW,CE,Combined TRACON& Tower with Radar,234,29,43,2,308,0,21,9,0,30,234,50,52,2,338,0,0,0,338
02/10/2012,MSY,LA,ASW,CE,Combined TRACON& Tower with Radar,235,24,26,3,288,0,14,7,3,24,235,38,33,6,312,0,0,0,312
02/11/2012,MSY,LA,ASW,CE,Combined TRACON& Tower with Radar,190,15,21,7,233,0,7,15,1,23,190,22,36,8,256,0,0,0,256
02/12/2012,MSY,LA,ASW,CE,Combined TRACON& Tower with Radar,215,18,25,8,266,0,7,13,2,22,215,25,38,10,288,0,0,0,288
02/13/2012,MSY,LA,ASW,CE,Combined TRACON& Tower with Radar,232,23,18,1,274,0,17,11,5,33,232,40,29,6,307,0,0,0,307
02/14/2012,MSY,LA,ASW,CE,Combined TRACON& Tower with Radar,233,27,24,1,285,0,10,27,4,41,233,37,51,5,326,0,0,0,326
02/15/2012,MSY,LA,ASW,CE,Combined TRACON& Tower with Radar,234,30,56,2,322,0,22,3,4,29,234,52,59,6,351,0,0,0,351
02/16/2012,MSY,LA,ASW,CE,Combined TRACON& Tower with Radar,252,38,54,5,349,0,5,18,0,23,252,43,72,5,372,0,0,0,372
02/17/2012,MSY,LA,ASW,CE,Combined TRACON& Tower with Radar,271,51,47,3,372,0,38,43,12,93,271,89,90,15,465,0,0,0,465
02/18/2012,MSY,LA,ASW,CE,Combined TRACON& Tower with Radar,228,15,21,0,264,0,0,0,0,0,228,15,21,0,264,0,0,0,264
02/19/2012,MSY,LA,ASW,CE,Combined TRACON& Tower with Radar,239,31,32,0,302,0,13,12,1,26,239,44,44,1,328,0,0,0,328
02/20/2012,MSY,LA,ASW,CE,Combined TRACON& Tower with Radar,256,26,28,2,312,0,25,13,2,40,256,51,41,4,352,0,0,0,352
02/21/2012,MSY,LA,ASW,CE,Combined TRACON& Tower with Radar,256,25,24,8,313,0,33,34,0,67,256,58,58,8,380,0,0,0,380
02/22/2012,MSY,LA,ASW,CE,Combined TRACON& Tower with Radar,267,32,45,0,344,0,19,5,1,25,267,51,50,1,369,0,0,0,369
02/23/2012,MSY,LA,ASW,CE,Combined TRACON& Tower with Radar,258,26,38,0,322,0,6,11,2,19,258,32,49,2,341,0,0,0,341
02/24/2012,MSY,LA,ASW,CE,Combined TRACON& Tower with Radar,258,31,21,4,314,0,5,10,0,15,258,36,31,4,329,0,0,0,329
02/25/2012,MSY,LA,ASW,CE,Combined TRACON& Tower with Radar,226,23,19,2,270,0,4,13,4,21,226,27,32,6,291,0,0,0,291
02/26/2012,MSY,LA,ASW,CE,Combined TRACON& Tower with Radar,236,31,37,0,304,0,3,11,0,14,236,34,48,0,318,0,0,0,318
02/27/2012,MSY,LA,ASW,CE,Combined TRACON& Tower with Radar,257,37,34,2,330,0,0,0,1,1,257,37,34,3,331,0,0,0,331
02/28/2012,MSY,LA,ASW,CE,Combined TRACON& Tower with Radar,254,25,40,2,321,0,18,9,4,31,254,43,49,6,352,0,0,0,352
02/29/2012,MSY,LA,ASW,CE,Combined TRACON& Tower with Radar,260,22,60,1,343,0,9,24,0,33,260,31,84,1,376,0,0,0,376
03/01/2012,MSY,LA,ASW,CE,Combined TRACON& Tower with Radar,258,36,45,5,344,0,2,10,1,13,258,38,55,6,357,0,0,0,357
03/02/2012,MSY,LA,ASW,CE,Combined TRACON& Tower with Radar,263,33,37,4,337,0,19,22,4,45,263,52,59,8,382,0,0,0,382
03/03/2012,MSY,LA,ASW,CE,Combined TRACON& Tower with Radar,230,16,13,3,262,0,2,4,0,6,230,18,17,3,268,0,0,0,268
03/04/2012,MSY,LA,ASW,CE,Combined TRACON& Tower with Radar,241,19,35,3,298,0,2,18,3,23,241,21,53,6,321,0,0,0,321
03/05/2012,MSY,LA,ASW,CE,Combined TRACON& Tower with Radar,260,20,23,2,305,0,14,20,0,34,260,34,43,2,339,0,0,0,339
03/06/2012,MSY,LA,ASW,CE,Combined TRACON& Tower with Radar,260,18,54,0,332,0,21,6,0,27,260,39,60,0,359,0,0,0,359
03/07/2012,MSY,LA,ASW,CE,Combined TRACON& Tower with Radar,260,20,47,2,329,0,28,6,4,38,260,48,53,6,367,0,0,0,367
03/08/2012,MSY,LA,ASW,CE,Combined TRACON& Tower with Radar,263,47,61,4,375,0,15,13,2,30,263,62,74,6,405,0,0,0,405
03/09/2012,MSY,LA,ASW,CE,Combined TRACON& Tower with Radar,272,39,43,2,356,0,4,2,0,6,272,43,45,2,362,0,0,0,362
03/10/2012,MSY,LA,ASW,CE,Combined TRACON& Tower with Radar,235,26,26,0,287,0,7,6,0,13,235,33,32,0,300,0,0,0,300
03/11/2012,MSY,LA,ASW,CE,Combined TRACON& Tower with Radar,267,30,35,1,333,0,5,5,0,10,267,35,40,1,343,0,0,0,343
03/12/2012,MSY,LA,ASW,CE,Combined TRACON& Tower with Radar,258,15,27,1,301,0,10,5,0,15,258,25,32,1,316,0,0,0,316
03/13/2012,MSY,LA,ASW,CE,Combined TRACON& Tower with Radar,258,32,48,2,340,0,2,15,5,22,258,34,63,7,362,0,0,0,362
03/14/2012,MSY,LA,ASW,CE,Combined TRACON& Tower with Radar,268,23,46,0,337,0,16,15,1,32,268,39,61,1,369,0,0,0,369
03/15/2012,MSY,LA,ASW,CE,Combined TRACON& Tower with Radar,264,25,62,2,353,0,17,17,0,34,264,42,79,2,387,0,0,0,387
03/16/2012,MSY,LA,ASW,CE,Combined TRACON& Tower with Radar,271,27,43,0,341,0,7,27,2,36,271,34,70,2,377,0,0,0,377
03/17/2012,MSY,LA,ASW,CE,Combined TRACON& Tower with Radar,230,21,18,0,269,0,6,23,0,29,230,27,41,0,298,0,0,0,298
03/18/2012,MSY,LA,ASW,CE,Combined TRACON& Tower with Radar,249,33,30,0,312,0,11,11,0,22,249,44,41,0,334,0,0,0,334
03/19/2012,MSY,LA,ASW,CE,Combined TRACON& Tower with Radar,240,27,30,0,297,0,20,9,2,31,240,47,39,2,328,0,0,0,328
03/20/2012,MSY,LA,ASW,CE,Combined TRACON& Tower with Radar,284,26,41,0,351,0,21,8,0,29,284,47,49,0,380,0,0,0,380
03/21/2012,MSY,LA,ASW,CE,Combined TRACON& Tower with Radar,265,24,35,0,324,0,5,9,0,14,265,29,44,0,338,0,0,0,338
03/22/2012,MSY,LA,ASW,CE,Combined TRACON& Tower with Radar,266,25,22,2,315,0,8,3,0,11,266,33,25,2,326,0,0,0,326
03/23/2012,MSY,LA,ASW,CE,Combined TRACON& Tower with Radar,260,37,34,2,333,0,4,18,2,24,260,41,52,4,357,0,0,0,357
03/24/2012,MSY,LA,ASW,CE,Combined TRACON& Tower with Radar,234,22,25,2,283,0,13,23,2,38,234,35,48,4,321,0,0,0,321
03/25/2012,MSY,LA,ASW,CE,Combined TRACON& Tower with Radar,247,38,35,2,322,0,4,21,0,25,247,42,56,2,347,0,0,0,347
03/26/2012,MSY,LA,ASW,CE,Combined TRACON& Tower with Radar,252,30,40,4,326,0,21,28,4,53,252,51,68,8,379,0,0,0,379
03/27/2012,MSY,LA,ASW,CE,Combined TRACON& Tower with Radar,260,41,59,13,373,0,18,23,3,44,260,59,82,16,417,0,0,0,417
03/28/2012,MSY,LA,ASW,CE,Combined TRACON& Tower with Radar,268,32,42,1,343,0,27,13,0,40,268,59,55,1,383,0,0,0,383
03/29/2012,MSY,LA,ASW,CE,Combined TRACON& Tower with Radar,269,33,46,2,350,0,13,25,2,40,269,46,71,4,390,0,0,0,390
03/30/2012,MSY,LA,ASW,CE,Combined TRACON& Tower with Radar,299,69,107,4,479,0,17,26,2,45,299,86,133,6,524,0,0,0,524
03/31/2012,MSY,LA,ASW,CE,Combined TRACON& Tower with Radar,236,70,104,0,410,0,12,21,9,42,236,82,125,9,452,0,0,0,452
04/01/2012,MSY,LA,ASW,CE,Combined TRACON& Tower with Radar,241,46,69,0,356,0,4,16,0,20,241,50,85,0,376,0,0,0,376
04/02/2012,MSY,LA,ASW,CE,Combined TRACON& Tower with Radar,268,49,107,2,426,0,17,16,0,33,268,66,123,2,459,0,0,0,459
04/03/2012,MSY,LA,ASW,CE,Combined TRACON& Tower with Radar,305,75,114,2,496,0,17,21,2,40,305,92,135,4,536,0,0,0,536
04/04/2012,MSY,LA,ASW,CE,Combined TRACON& Tower with Radar,258,25,42,0,325,0,5,13,0,18,258,30,55,0,343,0,0,0,343
04/05/2012,MSY,LA,ASW,CE,Combined TRACON& Tower with Radar,255,42,44,2,343,0,25,7,0,32,255,67,51,2,375,0,0,0,375
04/06/2012,MSY,LA,ASW,CE,Combined TRACON& Tower with Radar,260,35,13,7,315,0,12,35,6,53,260,47,48,13,368,0,0,0,368
04/07/2012,MSY,LA,ASW,CE,Combined TRACON& Tower with Radar,225,11,15,1,252,0,6,3,1,10,225,17,18,2,262,0,0,0,262
04/08/2012,MSY,LA,ASW,CE,Combined TRACON& Tower with Radar,231,25,18,0,274,0,2,5,0,7,231,27,23,0,281,0,0,0,281
04/09/2012,MSY,LA,ASW,CE,Combined TRACON& Tower with Radar,262,26,36,0,324,0,13,18,0,31,262,39,54,0,355,0,0,0,355
04/10/2012,MSY,LA,ASW,CE,Combined TRACON& Tower with Radar,255,25,22,0,302,0,13,16,0,29,255,38,38,0,331,0,0,0,331
04/11/2012,MSY,LA,ASW,CE,Combined TRACON& Tower with Radar,260,29,50,0,339,0,22,18,0,40,260,51,68,0,379,0,0,0,379
04/12/2012,MSY,LA,ASW,CE,Combined TRACON& Tower with Radar,263,35,45,0,343,0,16,24,3,43,263,51,69,3,386,0,0,0,386
04/13/2012,MSY,LA,ASW,CE,Combined TRACON& Tower with Radar,262,39,44,0,345,0,20,19,1,40,262,59,63,1,385,0,0,0,385
04/14/2012,MSY,LA,ASW,CE,Combined TRACON& Tower with Radar,232,32,26,0,290,0,11,14,2,27,232,43,40,2,317,0,0,0,317
04/15/2012,MSY,LA,ASW,CE,Combined TRACON& Tower with Radar,236,35,49,3,323,0,8,19,0,27,236,43,68,3,350,0,0,0,350
04/16/2012,MSY,LA,ASW,CE,Combined TRACON& Tower with Radar,275,16,28,1,320,0,11,7,6,24,275,27,35,7,344,0,0,0,344
04/17/2012,MSY,LA,ASW,CE,Combined TRACON& Tower with Radar,254,19,29,4,306,0,0,9,9,18,254,19,38,13,324,0,0,0,324
04/18/2012,MSY,LA,ASW,CE,Combined TRACON& Tower with Radar,261,32,54,6,353,0,26,30,2,58,261,58,84,8,411,0,0,0,411
04/19/2012,MSY,LA,ASW,CE,Combined TRACON& Tower with Radar,263,27,65,3,358,0,11,38,10,59,263,38,103,13,417,0,0,0,417
04/20/2012,MSY,LA,ASW,CE,Combined TRACON& Tower with Radar,283,24,48,5,360,0,18,26,1,45,283,42,74,6,405,0,0,0,405
04/21/2012,MSY,LA,ASW,CE,Combined TRACON& Tower with Radar,237,26,24,1,288,0,5,9,0,14,237,31,33,1,302,0,0,0,302
04/22/2012,MSY,LA,ASW,CE,Combined TRACON& Tower with Radar,240,32,41,6,319,0,2,29,4,35,240,34,70,10,354,0,0,0,354
04/23/2012,MSY,LA,ASW,CE,Combined TRACON& Tower with Radar,256,26,27,0,309,0,17,14,2,33,256,43,41,2,342,0,0,0,342
04/24/2012,MSY,LA,ASW,CE,Combined TRACON& Tower with Radar,257,43,40,4,344,0,27,21,8,56,257,70,61,12,400,0,0,0,400
04/25/2012,MSY,LA,ASW,CE,Combined TRACON& Tower with Radar,266,33,37,5,341,0,26,20,4,50,266,59,57,9,391,0,0,0,391
04/26/2012,MSY,LA,ASW,CE,Combined TRACON& Tower with Radar,268,34,66,2,370,0,33,39,3,75,268,67,105,5,445,0,0,0,445
04/27/2012,MSY,LA,ASW,CE,Combined TRACON& Tower with Radar,266,25,49,0,340,0,21,32,4,57,266,46,81,4,397,0,0,0,397
04/28/2012,MSY,LA,ASW,CE,Combined TRACON& Tower with Radar,233,21,22,0,276,0,15,20,0,35,233,36,42,0,311,0,0,0,311
04/29/2012,MSY,LA,ASW,CE,Combined TRACON& Tower with Radar,253,48,45,2,348,0,0,29,2,31,253,48,74,4,379,0,0,0,379
04/30/2012,MSY,LA,ASW,CE,Combined TRACON& Tower with Radar,264,26,36,0,326,0,20,34,2,56,264,46,70,2,382,0,0,0,382
05/01/2012,MSY,LA,ASW,CE,Combined TRACON& Tower with Radar,254,27,25,3,309,0,31,37,5,73,254,58,62,8,382,0,0,0,382
05/02/2012,MSY,LA,ASW,CE,Combined TRACON& Tower with Radar,263,28,31,0,322,0,14,13,2,29,263,42,44,2,351,0,0,0,351
05/03/2012,MSY,LA,ASW,CE,Combined TRACON& Tower with Radar,269,37,30,0,336,0,18,18,4,40,269,55,48,4,376,0,0,0,376
05/04/2012,MSY,LA,ASW,CE,Combined TRACON& Tower with Radar,265,32,60,3,360,0,23,29,2,54,265,55,89,5,414,0,0,0,414
05/05/2012,MSY,LA,ASW,CE,Combined TRACON& Tower with Radar,231,18,27,0,276,0,1,24,2,27,231,19,51,2,303,0,0,0,303
05/06/2012,MSY,LA,ASW,CE,Combined TRACON& Tower with Radar,249,25,36,2,312,0,9,11,3,23,249,34,47,5,335,0,0,0,335
05/07/2012,MSY,LA,ASW,CE,Combined TRACON& Tower with Radar,265,21,40,2,328,0,22,15,2,39,265,43,55,4,367,0,0,0,367
05/08/2012,MSY,LA,ASW,CE,Combined TRACON& Tower with Radar,259,28,40,2,329,0,22,11,9,42,259,50,51,11,371,0,0,0,371
05/09/2012,MSY,LA,ASW,CE,Combined TRACON& Tower with Radar,264,31,49,2,346,0,31,9,4,44,264,62,58,6,390,0,0,0,390
05/10/2012,MSY,LA,ASW,CE,Combined TRACON& Tower with Radar,262,22,66,6,356,0,23,20,7,50,262,45,86,13,406,0,0,0,406
05/11/2012,MSY,LA,ASW,CE,Combined TRACON& Tower with Radar,263,25,39,0,327,0,8,10,2,20,263,33,49,2,347,0,0,0,347
05/12/2012,MSY,LA,ASW,CE,Combined TRACON& Tower with Radar,228,15,22,1,266,0,2,5,0,7,228,17,27,1,273,0,0,0,273
05/13/2012,MSY,LA,ASW,CE,Combined TRACON& Tower with Radar,244,20,21,0,285,0,4,17,0,21,244,24,38,0,306,0,0,0,306
05/14/2012,MSY,LA,ASW,CE,Combined TRACON& Tower with Radar,261,22,42,2,327,0,18,19,0,37,261,40,61,2,364,0,0,0,364
05/15/2012,MSY,LA,ASW,CE,Combined TRACON& Tower with Radar,252,19,31,0,302,0,12,38,5,55,252,31,69,5,357,0,0,0,357
05/16/2012,MSY,LA,ASW,CE,Combined TRACON& Tower with Radar,263,31,62,1,357,0,20,9,3,32,263,51,71,4,389,0,0,0,389
05/17/2012,MSY,LA,ASW,CE,Combined TRACON& Tower with Radar,259,26,29,1,315,0,24,21,1,46,259,50,50,2,361,0,0,0,361
05/18/2012,MSY,LA,ASW,CE,Combined TRACON& Tower with Radar,264,25,34,3,326,0,15,10,9,34,264,40,44,12,360,0,0,0,360
05/19/2012,MSY,LA,ASW,CE,Combined TRACON& Tower with Radar,229,20,17,1,267,0,10,10,0,20,229,30,27,1,287,0,0,0,287
05/20/2012,MSY,LA,ASW,CE,Combined TRACON& Tower with Radar,249,34,25,2,310,0,12,21,0,33,249,46,46,2,343,0,0,0,343
05/21/2012,MSY,LA,ASW,CE,Combined TRACON& Tower with Radar,257,23,15,1,296,0,21,14,2,37,257,44,29,3,333,0,0,0,333
05/22/2012,MSY,LA,ASW,CE,Combined TRACON& Tower with Radar,252,28,33,2,315,0,19,15,16,50,252,47,48,18,365,0,0,0,365
05/23/2012,MSY,LA,ASW,CE,Combined TRACON& Tower with Radar,254,27,36,2,319,0,15,25,5,45,254,42,61,7,364,0,0,0,364
05/24/2012,MSY,LA,ASW,CE,Combined TRACON& Tower with Radar,257,22,38,4,321,0,26,14,6,46,257,48,52,10,367,0,0,0,367
05/25/2012,MSY,LA,ASW,CE,Combined TRACON& Tower with Radar,266,23,29,0,318,0,31,35,0,66,266,54,64,0,384,0,0,0,384
05/26/2012,MSY,LA,ASW,CE,Combined TRACON& Tower with Radar,207,12,13,0,232,0,4,33,4,41,207,16,46,4,273,0,0,0,273
05/27/2012,MSY,LA,ASW,CE,Combined TRACON& Tower with Radar,206,12,10,0,228,0,5,19,2,26,206,17,29,2,254,0,0,0,254
05/28/2012,MSY,LA,ASW,CE,Combined TRACON& Tower with Radar,234,22,21,0,277,0,3,9,2,14,234,25,30,2,291,0,0,0,291
05/29/2012,MSY,LA,ASW,CE,Combined TRACON& Tower with Radar,251,32,31,7,321,0,18,12,1,31,251,50,43,8,352,0,0,0,352
05/30/2012,MSY,LA,ASW,CE,Combined TRACON& Tower with Radar,262,29,27,1,319,0,25,21,3,49,262,54,48,4,368,0,0,0,368
05/31/2012,MSY,LA,ASW,CE,Combined TRACON& Tower with Radar,253,29,38,0,320,0,22,20,3,45,253,51,58,3,365,0,0,0,365
06/01/2012,MSY,LA,ASW,CE,Combined TRACON& Tower with Radar,257,28,31,0,316,0,22,30,0,52,257,50,61,0,368,0,0,0,368
06/02/2012,MSY,LA,ASW,CE,Combined TRACON& Tower with Radar,229,20,10,2,261,0,5,6,3,14,229,25,16,5,275,0,0,0,275
06/03/2012,MSY,LA,ASW,CE,Combined TRACON& Tower with Radar,247,12,24,0,283,0,2,19,3,24,247,14,43,3,307,0,0,0,307
06/04/2012,MSY,LA,ASW,CE,Combined TRACON& Tower with Radar,257,25,9,0,291,0,32,17,0,49,257,57,26,0,340,0,0,0,340
06/05/2012,MSY,LA,ASW,CE,Combined TRACON& Tower with Radar,263,19,29,4,315,0,14,23,3,40,263,33,52,7,355,0,0,0,355
06/06/2012,MSY,LA,ASW,CE,Combined TRACON& Tower with Radar,248,23,18,0,289,0,32,9,2,43,248,55,27,2,332,0,0,0,332
06/07/2012,MSY,LA,ASW,CE,Combined TRACON& Tower with Radar,263,37,27,0,327,0,21,15,1,37,263,58,42,1,364,0,0,0,364
06/08/2012,MSY,LA,ASW,CE,Combined TRACON& Tower with Radar,260,38,22,2,322,0,4,5,0,9,260,42,27,2,331,0,0,0,331
06/09/2012,MSY,LA,ASW,CE,Combined TRACON& Tower with Radar,218,33,20,0,271,0,0,3,0,3,218,33,23,0,274,0,0,0,274
06/10/2012,MSY,LA,ASW,CE,Combined TRACON& Tower with Radar,238,36,26,1,301,0,1,7,0,8,238,37,33,1,309,0,0,0,309
06/11/2012,MSY,LA,ASW,CE,Combined TRACON& Tower with Radar,256,28,31,0,315,0,18,13,0,31,256,46,44,0,346,0,0,0,346
06/12/2012,MSY,LA,ASW,CE,Combined TRACON& Tower with Radar,267,22,32,0,321,0,22,17,4,43,267,44,49,4,364,0,0,0,364
06/13/2012,MSY,LA,ASW,CE,Combined TRACON& Tower with Radar,265,28,40,5,338,0,28,16,2,46,265,56,56,7,384,0,0,0,384
06/14/2012,MSY,LA,ASW,CE,Combined TRACON& Tower with Radar,257,32,24,0,313,0,23,9,1,33,257,55,33,1,346,0,0,0,346
06/15/2012,MSY,LA,ASW,CE,Combined TRACON& Tower with Radar,258,33,28,2,321,0,15,14,3,32,258,48,42,5,353,0,0,0,353
06/16/2012,MSY,LA,ASW,CE,Combined TRACON& Tower with Radar,220,20,9,0,249,0,1,11,2,14,220,21,20,2,263,0,0,0,263
06/17/2012,MSY,LA,ASW,CE,Combined TRACON& Tower with Radar,236,25,12,1,274,0,5,7,8,20,236,30,19,9,294,0,0,0,294
06/18/2012,MSY,LA,ASW,CE,Combined TRACON& Tower with Radar,250,31,26,0,307,0,14,7,4,25,250,45,33,4,332,0,0,0,332
06/19/2012,MSY,LA,ASW,CE,Combined TRACON& Tower with Radar,275,30,21,3,329,0,24,8,0,32,275,54,29,3,361,0,0,0,361
06/20/2012,MSY,LA,ASW,CE,Combined TRACON& Tower with Radar,253,25,36,3,317,0,29,15,27,71,253,54,51,30,388,0,0,0,388
06/21/2012,MSY,LA,ASW,CE,Combined TRACON& Tower with Radar,258,33,30,0,321,0,22,20,0,42,258,55,50,0,363,0,0,0,363
06/22/2012,MSY,LA,ASW,CE,Combined TRACON& Tower with Radar,249,26,30,1,306,0,16,25,3,44,249,42,55,4,350,0,0,0,350
06/23/2012,MSY,LA,ASW,CE,Combined TRACON& Tower with Radar,223,27,14,0,264,0,6,21,2,29,223,33,35,2,293,0,0,0,293
06/24/2012,MSY,LA,ASW,CE,Combined TRACON& Tower with Radar,240,36,16,0,292,0,2,12,0,14,240,38,28,0,306,0,0,0,306
06/25/2012,MSY,LA,ASW,CE,Combined TRACON& Tower with Radar,250,24,28,0,302,0,9,10,2,21,250,33,38,2,323,0,0,0,323
06/26/2012,MSY,LA,ASW,CE,Combined TRACON& Tower with Radar,256,35,33,9,333,0,19,19,5,43,256,54,52,14,376,0,0,0,376
06/27/2012,MSY,LA,ASW,CE,Combined TRACON& Tower with Radar,258,21,32,2,313,0,19,20,2,41,258,40,52,4,354,0,0,0,354
06/28/2012,MSY,LA,ASW,CE,Combined TRACON& Tower with Radar,259,30,50,3,342,0,24,20,6,50,259,54,70,9,392,0,0,0,392
06/29/2012,MSY,LA,ASW,CE,Combined TRACON& Tower with Radar,256,46,26,1,329,0,18,16,3,37,256,64,42,4,366,0,0,0,366
06/30/2012,MSY,LA,ASW,CE,Combined TRACON& Tower with Radar,220,26,12,0,258,0,3,17,0,20,220,29,29,0,278,0,0,0,278
07/01/2012,MSY,LA,ASW,CE,Combined TRACON& Tower with Radar,230,28,28,0,286,0,2,8,0,10,230,30,36,0,296,0,0,0,296
07/02/2012,MSY,LA,ASW,CE,Combined TRACON& Tower with Radar,244,20,11,0,275,0,11,20,0,31,244,31,31,0,306,0,0,0,306
07/03/2012,MSY,LA,ASW,CE,Combined TRACON& Tower with Radar,237,29,17,0,283,0,25,25,6,56,237,54,42,6,339,0,0,0,339
07/04/2012,MSY,LA,ASW,CE,Combined TRACON& Tower with Radar,211,20,8,0,239,0,5,11,0,16,211,25,19,0,255,0,0,0,255
07/05/2012,MSY,LA,ASW,CE,Combined TRACON& Tower with Radar,234,29,23,0,286,0,17,11,2,30,234,46,34,2,316,0,0,0,316
07/06/2012,MSY,LA,ASW,CE,Combined TRACON& Tower with Radar,247,30,23,2,302,0,9,14,2,25,247,39,37,4,327,0,0,0,327
07/07/2012,MSY,LA,ASW,CE,Combined TRACON& Tower with Radar,212,29,3,0,244,0,2,14,0,16,212,31,17,0,260,0,0,0,260
07/08/2012,MSY,LA,ASW,CE,Combined TRACON& Tower with Radar,232,33,32,0,297,0,1,8,3,12,232,34,40,3,309,0,0,0,309
07/09/2012,MSY,LA,ASW,CE,Combined TRACON& Tower with Radar,259,31,40,4,334,0,10,13,6,29,259,41,53,10,363,0,0,0,363
07/10/2012,MSY,LA,ASW,CE,Combined TRACON& Tower with Radar,247,35,31,0,313,0,11,6,2,19,247,46,37,2,332,0,0,0,332
07/11/2012,MSY,LA,ASW,CE,Combined TRACON& Tower with Radar,249,28,27,0,304,0,19,19,3,41,249,47,46,3,345,0,0,0,345
07/12/2012,MSY,LA,ASW,CE,Combined TRACON& Tower with Radar,246,32,33,0,311,0,22,12,6,40,246,54,45,6,351,0,0,0,351
07/13/2012,MSY,LA,ASW,CE,Combined TRACON& Tower with Radar,246,31,13,1,291,0,6,13,1,20,246,37,26,2,311,0,0,0,311
07/14/2012,MSY,LA,ASW,CE,Combined TRACON& Tower with Radar,208,37,18,0,263,0,5,18,0,23,208,42,36,0,286,0,0,0,286
07/15/2012,MSY,LA,ASW,CE,Combined TRACON& Tower with Radar,233,21,17,1,272,0,9,9,2,20,233,30,26,3,292,0,0,0,292
07/16/2012,MSY,LA,ASW,CE,Combined TRACON& Tower with Radar,249,34,22,0,305,0,13,18,0,31,249,47,40,0,336,0,0,0,336
07/17/2012,MSY,LA,ASW,CE,Combined TRACON& Tower with Radar,252,31,28,0,311,0,11,17,0,28,252,42,45,0,339,0,0,0,339
07/18/2012,MSY,LA,ASW,CE,Combined TRACON& Tower with Radar,244,32,23,1,300,0,20,17,2,39,244,52,40,3,339,0,0,0,339
07/19/2012,MSY,LA,ASW,CE,Combined TRACON& Tower with Radar,249,25,52,0,326,0,10,22,2,34,249,35,74,2,360,0,0,0,360
07/20/2012,MSY,LA,ASW,CE,Combined TRACON& Tower with Radar,246,31,32,0,309,0,1,5,2,8,246,32,37,2,317,0,0,0,317
07/21/2012,MSY,LA,ASW,CE,Combined TRACON& Tower with Radar,211,32,18,0,261,0,4,29,4,37,211,36,47,4,298,0,0,0,298
07/22/2012,MSY,LA,ASW,CE,Combined TRACON& Tower with Radar,234,28,13,0,275,0,6,11,0,17,234,34,24,0,292,0,0,0,292
07/23/2012,MSY,LA,ASW,CE,Combined TRACON& Tower with Radar,250,35,22,1,308,0,16,12,1,29,250,51,34,2,337,0,0,0,337
07/24/2012,MSY,LA,ASW,CE,Combined TRACON& Tower with Radar,247,36,28,3,314,0,24,9,4,37,247,60,37,7,351,0,0,0,351
07/25/2012,MSY,LA,ASW,CE,Combined TRACON& Tower with Radar,259,28,45,6,338,0,19,5,12,36,259,47,50,18,374,0,0,0,374
07/26/2012,MSY,LA,ASW,CE,Combined TRACON& Tower with Radar,236,29,26,2,293,0,10,8,2,20,236,39,34,4,313,0,0,0,313
07/27/2012,MSY,LA,ASW,CE,Combined TRACON& Tower with Radar,251,35,34,1,321,0,22,9,3,34,251,57,43,4,355,0,0,0,355
07/28/2012,MSY,LA,ASW,CE,Combined TRACON& Tower with Radar,206,31,15,1,253,0,4,7,3,14,206,35,22,4,267,0,0,0,267
07/29/2012,MSY,LA,ASW,CE,Combined TRACON& Tower with Radar,226,29,27,0,282,0,5,5,0,10,226,34,32,0,292,0,0,0,292
07/30/2012,MSY,LA,ASW,CE,Combined TRACON& Tower with Radar,242,28,26,1,297,0,27,10,0,37,242,55,36,1,334,0,0,0,334
07/31/2012,MSY,LA,ASW,CE,Combined TRACON& Tower with Radar,242,27,32,5,306,0,18,16,2,36,242,45,48,7,342,0,0,0,342
08/01/2012,MSY,LA,ASW,CE,Combined TRACON& Tower with Radar,254,29,20,0,303,0,15,11,3,29,254,44,31,3,332,0,0,0,332
08/02/2012,MSY,LA,ASW,CE,Combined TRACON& Tower with Radar,252,28,20,1,301,0,24,15,0,39,252,52,35,1,340,0,0,0,340
08/03/2012,MSY,LA,ASW,CE,Combined TRACON& Tower with Radar,251,38,27,2,318,0,14,10,0,24,251,52,37,2,342,0,0,0,342
08/04/2012,MSY,LA,ASW,CE,Combined TRACON& Tower with Radar,207,26,21,0,254,0,7,16,2,25,207,33,37,2,279,0,0,0,279
08/05/2012,MSY,LA,ASW,CE,Combined TRACON& Tower with Radar,224,30,13,0,267,0,8,12,0,20,224,38,25,0,287,0,0,0,287
08/06/2012,MSY,LA,ASW,CE,Combined TRACON& Tower with Radar,251,29,36,0,316,0,11,11,0,22,251,40,47,0,338,0,0,0,338
08/07/2012,MSY,LA,ASW,CE,Combined TRACON& Tower with Radar,252,29,17,4,302,0,16,13,0,29,252,45,30,4,331,0,0,0,331
08/08/2012,MSY,LA,ASW,CE,Combined TRACON& Tower with Radar,249,31,33,1,314,0,15,12,1,28,249,46,45,2,342,0,0,0,342
08/09/2012,MSY,LA,ASW,CE,Combined TRACON& Tower with Radar,241,37,32,0,310,0,15,6,0,21,241,52,38,0,331,0,0,0,331
08/10/2012,MSY,LA,ASW,CE,Combined TRACON& Tower with Radar,251,41,29,0,321,0,11,10,4,25,251,52,39,4,346,0,0,0,346
08/11/2012,MSY,LA,ASW,CE,Combined TRACON& Tower with Radar,205,39,7,2,253,0,2,11,0,13,205,41,18,2,266,0,0,0,266
08/12/2012,MSY,LA,ASW,CE,Combined TRACON& Tower with Radar,215,42,19,0,276,0,6,3,0,9,215,48,22,0,285,0,0,0,285
08/13/2012,MSY,LA,ASW,CE,Combined TRACON& Tower with Radar,229,35,34,0,298,0,12,11,0,23,229,47,45,0,321,0,0,0,321
08/14/2012,MSY,LA,ASW,CE,Combined TRACON& Tower with Radar,224,27,27,5,283,0,15,25,0,40,224,42,52,5,323,0,0,0,323
08/15/2012,MSY,LA,ASW,CE,Combined TRACON& Tower with Radar,227,28,31,5,291,0,24,17,7,48,227,52,48,12,339,0,0,0,339
08/16/2012,MSY,LA,ASW,CE,Combined TRACON& Tower with Radar,237,28,18,4,287,0,29,18,5,52,237,57,36,9,339,0,0,0,339
08/17/2012,MSY,LA,ASW,CE,Combined TRACON& Tower with Radar,228,30,23,1,282,0,22,13,1,36,228,52,36,2,318,0,0,0,318
08/18/2012,MSY,LA,ASW,CE,Combined TRACON& Tower with Radar,163,28,5,0,196,0,6,9,0,15,163,34,14,0,211,0,0,0,211
08/19/2012,MSY,LA,ASW,CE,Combined TRACON& Tower with Radar,214,17,28,0,259,0,0,2,0,2,214,17,30,0,261,0,0,0,261
08/20/2012,MSY,LA,ASW,CE,Combined TRACON& Tower with Radar,225,28,34,2,289,0,1,14,3,18,225,29,48,5,307,0,0,0,307
08/21/2012,MSY,LA,ASW,CE,Combined TRACON& Tower with Radar,220,21,36,0,277,0,21,13,2,36,220,42,49,2,313,0,0,0,313
08/22/2012,MSY,LA,ASW,CE,Combined TRACON& Tower with Radar,223,29,43,0,295,0,24,4,4,32,223,53,47,4,327,0,0,0,327
08/23/2012,MSY,LA,ASW,CE,Combined TRACON& Tower with Radar,231,41,34,2,308,0,19,13,2,34,231,60,47,4,342,0,0,0,342
08/24/2012,MSY,LA,ASW,CE,Combined TRACON& Tower with Radar,232,28,40,1,301,0,14,23,1,38,232,42,63,2,339,0,0,0,339
08/25/2012,MSY,LA,ASW,CE,Combined TRACON& Tower with Radar,164,28,15,0,207,0,5,14,1,20,164,33,29,1,227,0,0,0,227
08/26/2012,MSY,LA,ASW,CE,Combined TRACON& Tower with Radar,205,35,24,2,266,0,9,9,0,18,205,44,33,2,284,0,0,0,284
08/27/2012,MSY,LA,ASW,CE,Combined TRACON& Tower with Radar,219,55,47,2,323,0,18,19,4,41,219,73,66,6,364,0,0,0,364
08/28/2012,MSY,LA,ASW,CE,Combined TRACON& Tower with Radar,5,1,2,0,8,0,0,0,2,2,5,1,2,2,10,0,0,0,10
08/29/2012,MSY,LA,ASW,CE,Combined TRACON& Tower with Radar,0,0,0,0,0,0,0,0,2,2,0,0,0,2,2,0,0,0,2
08/30/2012,MSY,LA,ASW,CE,Combined TRACON& Tower with Radar,0,1,4,0,5,0,12,5,9,26,0,13,9,9,31,0,0,0,31
08/31/2012,MSY,LA,ASW,CE,Combined TRACON& Tower with Radar,200,32,60,3,295,0,19,65,15,99,200,51,125,18,394,0,0,0,394
09/01/2012,MSY,LA,ASW,CE,Combined TRACON& Tower with Radar,168,24,22,6,220,0,24,26,10,60,168,48,48,16,280,0,0,0,280
09/02/2012,MSY,LA,ASW,CE,Combined TRACON& Tower with Radar,165,17,29,2,213,0,2,44,8,54,165,19,73,10,267,0,0,0,267
09/03/2012,MSY,LA,ASW,CE,Combined TRACON& Tower with Radar,207,27,31,4,269,0,9,15,21,45,207,36,46,25,314,0,0,0,314
09/04/2012,MSY,LA,ASW,CE,Combined TRACON& Tower with Radar,229,20,41,4,294,0,16,19,4,39,229,36,60,8,333,0,0,0,333
09/05/2012,MSY,LA,ASW,CE,Combined TRACON& Tower with Radar,233,16,27,1,277,0,15,34,3,52,233,31,61,4,329,0,0,0,329
09/06/2012,MSY,LA,ASW,CE,Combined TRACON& Tower with Radar,235,35,50,0,320,0,29,15,3,47,235,64,65,3,367,0,0,0,367
09/07/2012,MSY,LA,ASW,CE,Combined TRACON& Tower with Radar,250,32,37,1,320,0,15,15,0,30,250,47,52,1,350,0,0,0,350
09/08/2012,MSY,LA,ASW,CE,Combined TRACON& Tower with Radar,182,19,16,0,217,0,2,15,0,17,182,21,31,0,234,0,0,0,234
09/09/2012,MSY,LA,ASW,CE,Combined TRACON& Tower with Radar,223,29,34,2,288,0,1,18,0,19,223,30,52,2,307,0,0,0,307
09/10/2012,MSY,LA,ASW,CE,Combined TRACON& Tower with Radar,238,19,37,0,294,0,12,12,0,24,238,31,49,0,318,0,0,0,318
09/11/2012,MSY,LA,ASW,CE,Combined TRACON& Tower with Radar,222,27,40,0,289,0,18,24,8,50,222,45,64,8,339,0,0,0,339
09/12/2012,MSY,LA,ASW,CE,Combined TRACON& Tower with Radar,234,25,42,0,301,0,15,18,3,36,234,40,60,3,337,0,0,0,337
09/13/2012,MSY,LA,ASW,CE,Combined TRACON& Tower with Radar,244,20,41,2,307,0,13,15,0,28,244,33,56,2,335,0,0,0,335
09/14/2012,MSY,LA,ASW,CE,Combined TRACON& Tower with Radar,244,23,40,4,311,0,12,14,4,30,244,35,54,8,341,0,0,0,341
09/15/2012,MSY,LA,ASW,CE,Combined TRACON& Tower with Radar,181,13,11,0,205,0,7,14,2,23,181,20,25,2,228,0,0,0,228
09/16/2012,MSY,LA,ASW,CE,Combined TRACON& Tower with Radar,219,17,20,1,257,0,4,9,1,14,219,21,29,2,271,0,0,0,271
09/17/2012,MSY,LA,ASW,CE,Combined TRACON& Tower with Radar,238,22,27,1,288,0,0,4,0,4,238,22,31,1,292,0,0,0,292
09/18/2012,MSY,LA,ASW,CE,Combined TRACON& Tower with Radar,220,26,33,2,281,0,12,18,2,32,220,38,51,4,313,0,0,0,313
09/19/2012,MSY,LA,ASW,CE,Combined TRACON& Tower with Radar,230,28,32,0,290,0,28,9,3,40,230,56,41,3,330,0,0,0,330
09/20/2012,MSY,LA,ASW,CE,Combined TRACON& Tower with Radar,239,30,48,6,323,0,18,23,3,44,239,48,71,9,367,0,0,0,367
09/21/2012,MSY,LA,ASW,CE,Combined TRACON& Tower with Radar,241,25,31,1,298,0,11,30,4,45,241,36,61,5,343,0,0,0,343
09/22/2012,MSY,LA,ASW,CE,Combined TRACON& Tower with Radar,180,37,23,0,240,0,2,24,2,28,180,39,47,2,268,0,0,0,268
09/23/2012,MSY,LA,ASW,CE,Combined TRACON& Tower with Radar,222,30,39,8,299,0,4,22,0,26,222,34,61,8,325,0,0,0,325
09/24/2012,MSY,LA,ASW,CE,Combined TRACON& Tower with Radar,230,16,24,5,275,0,11,15,0,26,230,27,39,5,301,0,0,0,301
09/25/2012,MSY,LA,ASW,CE,Combined TRACON& Tower with Radar,223,19,23,1,266,0,13,17,6,36,223,32,40,7,302,0,0,0,302
09/26/2012,MSY,LA,ASW,CE,Combined TRACON& Tower with Radar,228,24,36,11,299,0,15,6,3,24,228,39,42,14,323,0,0,0,323
09/27/2012,MSY,LA,ASW,CE,Combined TRACON& Tower with Radar,229,30,32,0,291,0,25,14,1,40,229,55,46,1,331,0,0,0,331
09/28/2012,MSY,LA,ASW,CE,Combined TRACON& Tower with Radar,242,31,26,4,303,0,14,11,0,25,242,45,37,4,328,0,0,0,328
09/29/2012,MSY,LA,ASW,CE,Combined TRACON& Tower with Radar,185,14,8,2,209,0,2,2,0,4,185,16,10,2,213,0,0,0,213
09/30/2012,MSY,LA,ASW,CE,Combined TRACON& Tower with Radar,232,17,16,1,266,0,0,2,0,2,232,17,18,1,268,0,0,0,268
10/01/2012,MSY,LA,ASW,CE,Combined TRACON& Tower with Radar,243,28,40,0,311,0,11,13,4,28,243,39,53,4,339,0,0,0,339
10/02/2012,MSY,LA,ASW,CE,Combined TRACON& Tower with Radar,230,26,22,12,290,0,9,18,2,29,230,35,40,14,319,0,0,0,319
10/03/2012,MSY,LA,ASW,CE,Combined TRACON& Tower with Radar,243,27,40,2,312,0,18,10,10,38,243,45,50,12,350,0,0,0,350
10/04/2012,MSY,LA,ASW,CE,Combined TRACON& Tower with Radar,248,20,42,4,314,0,20,25,3,48,248,40,67,7,362,0,0,0,362
10/05/2012,MSY,LA,ASW,CE,Combined TRACON& Tower with Radar,262,28,31,0,321,0,17,27,0,44,262,45,58,0,365,0,0,0,365
10/06/2012,MSY,LA,ASW,CE,Combined TRACON& Tower with Radar,202,18,24,0,244,0,0,18,1,19,202,18,42,1,263,0,0,0,263
10/07/2012,MSY,LA,ASW,CE,Combined TRACON& Tower with Radar,247,34,50,3,334,0,5,8,0,13,247,39,58,3,347,0,0,0,347
10/08/2012,MSY,LA,ASW,CE,Combined TRACON& Tower with Radar,255,26,28,0,309,0,8,8,1,17,255,34,36,1,326,0,0,0,326
10/09/2012,MSY,LA,ASW,CE,Combined TRACON& Tower with Radar,244,27,35,7,313,0,13,12,0,25,244,40,47,7,338,0,0,0,338
10/10/2012,MSY,LA,ASW,CE,Combined TRACON& Tower with Radar,245,27,50,4,326,0,22,23,6,51,245,49,73,10,377,0,0,0,377
10/11/2012,MSY,LA,ASW,CE,Combined TRACON& Tower with Radar,255,32,51,0,338,0,18,5,1,24,255,50,56,1,362,0,0,0,362
10/12/2012,MSY,LA,ASW,CE,Combined TRACON& Tower with Radar,258,26,40,0,324,0,11,24,2,37,258,37,64,2,361,0,0,0,361
10/13/2012,MSY,LA,ASW,CE,Combined TRACON& Tower with Radar,202,31,12,0,245,0,1,10,1,12,202,32,22,1,257,0,0,0,257
10/14/2012,MSY,LA,ASW,CE,Combined TRACON& Tower with Radar,230,20,25,10,285,0,4,23,3,30,230,24,48,13,315,0,0,0,315
10/15/2012,MSY,LA,ASW,CE,Combined TRACON& Tower with Radar,249,26,37,2,314,0,15,19,0,34,249,41,56,2,348,0,0,0,348
10/16/2012,MSY,LA,ASW,CE,Combined TRACON& Tower with Radar,240,26,50,1,317,0,10,22,2,34,240,36,72,3,351,0,0,0,351
10/17/2012,MSY,LA,ASW,CE,Combined TRACON& Tower with Radar,240,31,51,1,323,0,20,18,2,40,240,51,69,3,363,0,0,0,363
10/18/2012,MSY,LA,ASW,CE,Combined TRACON& Tower with Radar,259,29,66,1,355,0,20,20,4,44,259,49,86,5,399,0,0,0,399
10/19/2012,MSY,LA,ASW,CE,Combined TRACON& Tower with Radar,254,27,38,2,321,0,15,28,3,46,254,42,66,5,367,0,0,0,367
10/20/2012,MSY,LA,ASW,CE,Combined TRACON& Tower with Radar,198,19,27,0,244,0,1,6,0,7,198,20,33,0,251,0,0,0,251
10/21/2012,MSY,LA,ASW,CE,Combined TRACON& Tower with Radar,238,24,46,0,308,0,4,39,0,43,238,28,85,0,351,0,0,0,351
10/22/2012,MSY,LA,ASW,CE,Combined TRACON& Tower with Radar,256,21,29,1,307,0,20,24,1,45,256,41,53,2,352,0,0,0,352
10/23/2012,MSY,LA,ASW,CE,Combined TRACON& Tower with Radar,241,23,29,3,296,0,13,22,2,37,241,36,51,5,333,0,0,0,333
10/24/2012,MSY,LA,ASW,CE,Combined TRACON& Tower with Radar,257,30,37,2,326,0,17,14,3,34,257,47,51,5,360,0,0,0,360
10/25/2012,MSY,LA,ASW,CE,Combined TRACON& Tower with Radar,252,31,49,2,334,0,25,20,0,45,252,56,69,2,379,0,0,0,379
10/26/2012,MSY,LA,ASW,CE,Combined TRACON& Tower with Radar,262,30,56,4,352,0,14,18,2,34,262,44,74,6,386,0,0,0,386
10/27/2012,MSY,LA,ASW,CE,Combined TRACON& Tower with Radar,196,26,22,0,244,0,3,11,0,14,196,29,33,0,258,0,0,0,258
10/28/2012,MSY,LA,ASW,CE,Combined TRACON& Tower with Radar,231,39,37,0,307,0,0,25,0,25,231,39,62,0,332,0,0,0,332
10/29/2012,MSY,LA,ASW,CE,Combined TRACON& Tower with Radar,209,22,22,0,253,0,6,11,1,18,209,28,33,1,271,0,0,0,271
10/30/2012,MSY,LA,ASW,CE,Combined TRACON& Tower with Radar,205,18,30,0,253,0,13,7,0,20,205,31,37,0,273,0,0,0,273
10/31/2012,MSY,LA,ASW,CE,Combined TRACON& Tower with Radar,217,25,27,2,271,0,18,5,5,28,217,43,32,7,299,0,0,0,299
11/01/2012,MSY,LA,ASW,CE,Combined TRACON& Tower with Radar,244,28,45,3,320,0,13,20,8,41,244,41,65,11,361,0,0,0,361
11/02/2012,MSY,LA,ASW,CE,Combined TRACON& Tower with Radar,262,32,32,1,327,0,10,22,2,34,262,42,54,3,361,0,0,0,361
11/03/2012,MSY,LA,ASW,CE,Combined TRACON& Tower with Radar,209,16,19,4,248,0,4,15,0,19,209,20,34,4,267,0,0,0,267
11/04/2012,MSY,LA,ASW,CE,Combined TRACON& Tower with Radar,249,32,37,4,322,0,3,3,0,6,249,35,40,4,328,0,0,0,328
11/05/2012,MSY,LA,ASW,CE,Combined TRACON& Tower with Radar,253,34,41,0,328,0,7,15,0,22,253,41,56,0,350,0,0,0,350
11/06/2012,MSY,LA,ASW,CE,Combined TRACON& Tower with Radar,241,24,35,0,300,0,13,14,4,31,241,37,49,4,331,0,0,0,331
11/07/2012,MSY,LA,ASW,CE,Combined TRACON& Tower with Radar,245,21,36,2,304,0,14,35,3,52,245,35,71,5,356,0,0,0,356
11/08/2012,MSY,LA,ASW,CE,Combined TRACON& Tower with Radar,259,30,30,0,319,0,27,15,6,48,259,57,45,6,367,0,0,0,367
11/09/2012,MSY,LA,ASW,CE,Combined TRACON& Tower with Radar,261,23,53,4,341,0,11,20,2,33,261,34,73,6,374,0,0,0,374
11/10/2012,MSY,LA,ASW,CE,Combined TRACON& Tower with Radar,205,24,22,4,255,0,5,14,0,19,205,29,36,4,274,0,0,0,274
11/11/2012,MSY,LA,ASW,CE,Combined TRACON& Tower with Radar,241,22,37,0,300,0,3,9,0,12,241,25,46,0,312,0,0,0,312
11/12/2012,MSY,LA,ASW,CE,Combined TRACON& Tower with Radar,257,23,30,1,311,0,7,4,0,11,257,30,34,1,322,0,0,0,322
11/13/2012,MSY,LA,ASW,CE,Combined TRACON& Tower with Radar,248,30,22,2,302,0,7,16,3,26,248,37,38,5,328,0,0,0,328
11/14/2012,MSY,LA,ASW,CE,Combined TRACON& Tower with Radar,250,31,49,0,330,0,9,29,0,38,250,40,78,0,368,0,0,0,368
11/15/2012,MSY,LA,ASW,CE,Combined TRACON& Tower with Radar,257,30,44,4,335,0,12,22,1,35,257,42,66,5,370,0,0,0,370
11/16/2012,MSY,LA,ASW,CE,Combined TRACON& Tower with Radar,261,36,28,2,327,0,13,17,4,34,261,49,45,6,361,0,0,0,361
11/17/2012,MSY,LA,ASW,CE,Combined TRACON& Tower with Radar,210,19,16,1,246,0,4,20,0,24,210,23,36,1,270,0,0,0,270
11/18/2012,MSY,LA,ASW,CE,Combined TRACON& Tower with Radar,237,19,22,0,278,0,2,8,0,10,237,21,30,0,288,0,0,0,288
11/19/2012,MSY,LA,ASW,CE,Combined TRACON& Tower with Radar,240,26,33,0,299,0,8,23,4,35,240,34,56,4,334,0,0,0,334
11/20/2012,MSY,LA,ASW,CE,Combined TRACON& Tower with Radar,253,27,33,0,313,0,13,18,0,31,253,40,51,0,344,0,0,0,344
11/21/2012,MSY,LA,ASW,CE,Combined TRACON& Tower with Radar,256,24,40,0,320,0,10,18,0,28,256,34,58,0,348,0,0,0,348
11/22/2012,MSY,LA,ASW,CE,Combined TRACON& Tower with Radar,158,1,7,0,166,0,2,24,1,27,158,3,31,1,193,0,0,0,193
11/23/2012,MSY,LA,ASW,CE,Combined TRACON& Tower with Radar,204,10,5,0,219,0,5,6,0,11,204,15,11,0,230,0,0,0,230
11/24/2012,MSY,LA,ASW,CE,Combined TRACON& Tower with Radar,238,29,21,0,288,0,3,7,0,10,238,32,28,0,298,0,0,0,298
11/25/2012,MSY,LA,ASW,CE,Combined TRACON& Tower with Radar,257,30,51,0,338,0,3,14,0,17,257,33,65,0,355,0,0,0,355
11/26/2012,MSY,LA,ASW,CE,Combined TRACON& Tower with Radar,251,24,39,6,320,0,9,3,4,16,251,33,42,10,336,0,0,0,336
11/27/2012,MSY,LA,ASW,CE,Combined TRACON& Tower with Radar,248,37,33,0,318,0,2,11,0,13,248,39,44,0,331,0,0,0,331
11/28/2012,MSY,LA,ASW,CE,Combined TRACON& Tower with Radar,253,40,30,4,327,0,12,17,0,29,253,52,47,4,356,0,0,0,356
11/29/2012,MSY,LA,ASW,CE,Combined TRACON& Tower with Radar,256,29,46,5,336,0,11,17,0,28,256,40,63,5,364,0,0,0,364
11/30/2012,MSY,LA,ASW,CE,Combined TRACON& Tower with Radar,256,32,43,6,337,0,11,22,0,33,256,43,65,6,370,0,0,0,370
12/01/2012,MSY,LA,ASW,CE,Combined TRACON& Tower with Radar,210,25,32,0,267,0,6,7,4,17,210,31,39,4,284,0,0,0,284
12/02/2012,MSY,LA,ASW,CE,Combined TRACON& Tower with Radar,234,31,27,5,297,0,4,12,9,25,234,35,39,14,322,0,0,0,322
12/03/2012,MSY,LA,ASW,CE,Combined TRACON& Tower with Radar,245,41,48,0,334,0,15,16,6,37,245,56,64,6,371,0,0,0,371
12/04/2012,MSY,LA,ASW,CE,Combined TRACON& Tower with Radar,247,44,73,0,364,0,14,13,4,31,247,58,86,4,395,0,0,0,395
12/05/2012,MSY,LA,ASW,CE,Combined TRACON& Tower with Radar,244,41,83,4,372,0,4,1,2,7,244,45,84,6,379,0,0,0,379
12/06/2012,MSY,LA,ASW,CE,Combined TRACON& Tower with Radar,259,34,76,2,371,0,11,3,4,18,259,45,79,6,389,0,0,0,389
12/07/2012,MSY,LA,ASW,CE,Combined TRACON& Tower with Radar,259,44,71,0,374,0,13,7,0,20,259,57,78,0,394,0,0,0,394
12/08/2012,MSY,LA,ASW,CE,Combined TRACON& Tower with Radar,204,32,43,1,280,0,0,14,10,24,204,32,57,11,304,0,0,0,304
12/09/2012,MSY,LA,ASW,CE,Combined TRACON& Tower with Radar,233,34,45,1,313,0,0,5,0,5,233,34,50,1,318,0,0,0,318
12/10/2012,MSY,LA,ASW,CE,Combined TRACON& Tower with Radar,248,29,33,2,312,0,2,5,0,7,248,31,38,2,319,0,0,0,319
12/11/2012,MSY,LA,ASW,CE,Combined TRACON& Tower with Radar,242,26,57,2,327,0,8,11,1,20,242,34,68,3,347,0,0,0,347
12/12/2012,MSY,LA,ASW,CE,Combined TRACON& Tower with Radar,244,35,55,2,336,0,21,29,4,54,244,56,84,6,390,0,0,0,390
12/13/2012,MSY,LA,ASW,CE,Combined TRACON& Tower with Radar,257,35,31,0,323,0,7,14,1,22,257,42,45,1,345,0,0,0,345
12/14/2012,MSY,LA,ASW,CE,Combined TRACON& Tower with Radar,255,29,25,2,311,0,12,12,4,28,255,41,37,6,339,0,0,0,339
12/15/2012,MSY,LA,ASW,CE,Combined TRACON& Tower with Radar,198,26,12,0,236,0,1,3,0,4,198,27,15,0,240,0,0,0,240
12/16/2012,MSY,LA,ASW,CE,Combined TRACON& Tower with Radar,242,35,19,18,314,0,2,11,0,13,242,37,30,18,327,0,0,0,327
12/17/2012,MSY,LA,ASW,CE,Combined TRACON& Tower with Radar,251,29,21,4,305,0,0,11,0,11,251,29,32,4,316,0,0,0,316
12/18/2012,MSY,LA,ASW,CE,Combined TRACON& Tower with Radar,253,29,20,5,307,0,11,12,3,26,253,40,32,8,333,0,0,0,333
12/19/2012,MSY,LA,ASW,CE,Combined TRACON& Tower with Radar,239,36,41,0,316,0,14,17,3,34,239,50,58,3,350,0,0,0,350
12/20/2012,MSY,LA,ASW,CE,Combined TRACON& Tower with Radar,245,40,31,0,316,0,7,19,0,26,245,47,50,0,342,0,0,0,342
12/21/2012,MSY,LA,ASW,CE,Combined TRACON& Tower with Radar,246,28,24,3,301,0,14,8,1,23,246,42,32,4,324,0,0,0,324
12/22/2012,MSY,LA,ASW,CE,Combined TRACON& Tower with Radar,235,23,17,2,277,0,1,20,0,21,235,24,37,2,298,0,0,0,298
12/23/2012,MSY,LA,ASW,CE,Combined TRACON& Tower with Radar,220,18,19,1,258,0,0,6,4,10,220,18,25,5,268,0,0,0,268
12/24/2012,MSY,LA,ASW,CE,Combined TRACON& Tower with Radar,191,10,10,0,211,0,2,3,2,7,191,12,13,2,218,0,0,0,218
12/25/2012,MSY,LA,ASW,CE,Combined TRACON& Tower with Radar,182,12,9,0,203,0,0,0,0,0,182,12,9,0,203,0,0,0,203
12/26/2012,MSY,LA,ASW,CE,Combined TRACON& Tower with Radar,239,31,26,0,296,0,11,5,2,18,239,42,31,2,314,0,0,0,314
12/27/2012,MSY,LA,ASW,CE,Combined TRACON& Tower with Radar,261,40,27,0,328,0,20,22,4,46,261,60,49,4,374,0,0,0,374
12/28/2012,MSY,LA,ASW,CE,Combined TRACON& Tower with Radar,250,37,17,1,305,0,8,3,0,11,250,45,20,1,316,0,0,0,316
12/29/2012,MSY,LA,ASW,CE,Combined TRACON& Tower with Radar,213,32,24,0,269,0,0,11,0,11,213,32,35,0,280,0,0,0,280
12/30/2012,MSY,LA,ASW,CE,Combined TRACON& Tower with Radar,219,26,24,0,269,0,0,21,0,21,219,26,45,0,290,0,0,0,290
12/31/2012,MSY,LA,ASW,CE,Combined TRACON& Tower with Radar,209,22,22,0,253,0,3,16,0,19,209,25,38,0,272,0,0,0,272
01/01/2013,MSY,LA,ASW,CE,Combined TRACON& Tower with Radar,202,23,16,0,241,0,0,3,0,3,202,23,19,0,244,0,0,0,244
01/02/2013,MSY,LA,ASW,CE,Combined TRACON& Tower with Radar,250,52,37,4,343,0,11,10,12,33,250,63,47,16,376,0,0,0,376
01/03/2013,MSY,LA,ASW,CE,Combined TRACON& Tower with Radar,258,32,31,1,322,0,9,8,6,23,258,41,39,7,345,0,0,0,345
01/04/2013,MSY,LA,ASW,CE,Combined TRACON& Tower with Radar,249,31,26,0,306,0,8,15,2,25,249,39,41,2,331,0,0,0,331
01/05/2013,MSY,LA,ASW,CE,Combined TRACON& Tower with Radar,208,16,13,0,237,0,7,3,1,11,208,23,16,1,248,0,0,0,248
01/06/2013,MSY,LA,ASW,CE,Combined TRACON& Tower with Radar,250,27,29,0,306,0,0,1,0,1,250,27,30,0,307,0,0,0,307
01/07/2013,MSY,LA,ASW,CE,Combined TRACON& Tower with Radar,251,25,22,0,298,0,13,13,3,29,251,38,35,3,327,0,0,0,327
01/08/2013,MSY,LA,ASW,CE,Combined TRACON& Tower with Radar,246,30,28,1,305,0,8,6,0,14,246,38,34,1,319,0,0,0,319
01/09/2013,MSY,LA,ASW,CE,Combined TRACON& Tower with Radar,251,25,30,2,308,0,0,1,0,1,251,25,31,2,309,0,0,0,309
01/10/2013,MSY,LA,ASW,CE,Combined TRACON& Tower with Radar,260,27,31,0,318,0,0,2,0,2,260,27,33,0,320,0,0,0,320
01/11/2013,MSY,LA,ASW,CE,Combined TRACON& Tower with Radar,259,29,32,3,323,0,8,6,1,15,259,37,38,4,338,0,0,0,338
01/12/2013,MSY,LA,ASW,CE,Combined TRACON& Tower with Radar,210,18,15,0,243,0,1,8,0,9,210,19,23,0,252,0,0,0,252
01/13/2013,MSY,LA,ASW,CE,Combined TRACON& Tower with Radar,240,17,19,6,282,0,0,6,0,6,240,17,25,6,288,0,0,0,288
01/14/2013,MSY,LA,ASW,CE,Combined TRACON& Tower with Radar,251,22,42,0,315,0,0,0,0,0,251,22,42,0,315,0,0,0,315
01/15/2013,MSY,LA,ASW,CE,Combined TRACON& Tower with Radar,246,28,23,2,299,0,0,0,0,0,246,28,23,2,299,0,0,0,299
01/16/2013,MSY,LA,ASW,CE,Combined TRACON& Tower with Radar,254,41,48,0,343,0,1,10,0,11,254,42,58,0,354,0,0,0,354
01/17/2013,MSY,LA,ASW,CE,Combined TRACON& Tower with Radar,258,27,39,6,330,0,7,17,4,28,258,34,56,10,358,0,0,0,358
01/18/2013,MSY,LA,ASW,CE,Combined TRACON& Tower with Radar,256,36,38,13,343,0,15,4,2,21,256,51,42,15,364,0,0,0,364
01/19/2013,MSY,LA,ASW,CE,Combined TRACON& Tower with Radar,209,18,16,1,244,0,4,20,2,26,209,22,36,3,270,0,0,0,270
01/20/2013,MSY,LA,ASW,CE,Combined TRACON& Tower with Radar,243,14,36,3,296,0,9,29,1,39,243,23,65,4,335,0,0,0,335
01/21/2013,MSY,LA,ASW,CE,Combined TRACON& Tower with Radar,250,25,35,1,311,0,1,14,3,18,250,26,49,4,329,0,0,0,329
01/22/2013,MSY,LA,ASW,CE,Combined TRACON& Tower with Radar,250,27,41,0,318,0,16,7,2,25,250,43,48,2,343,0,0,0,343
01/23/2013,MSY,LA,ASW,CE,Combined TRACON& Tower with Radar,249,28,42,1,320,0,13,13,4,30,249,41,55,5,350,0,0,0,350
01/24/2013,MSY,LA,ASW,CE,Combined TRACON& Tower with Radar,263,30,34,0,327,0,12,8,5,25,263,42,42,5,352,0,0,0,352
01/25/2013,MSY,LA,ASW,CE,Combined TRACON& Tower with Radar,250,40,27,4,321,0,10,7,0,17,250,50,34,4,338,0,0,0,338
01/26/2013,MSY,LA,ASW,CE,Combined TRACON& Tower with Radar,220,23,20,9,272,0,17,4,1,22,220,40,24,10,294,0,0,0,294
01/27/2013,MSY,LA,ASW,CE,Combined TRACON& Tower with Radar,243,30,18,2,293,0,8,11,0,19,243,38,29,2,312,0,0,0,312
01/28/2013,MSY,LA,ASW,CE,Combined TRACON& Tower with Radar,251,35,27,2,315,0,11,7,6,24,251,46,34,8,339,0,0,0,339
01/29/2013,MSY,LA,ASW,CE,Combined TRACON& Tower with Radar,244,43,46,3,336,0,11,9,2,22,244,54,55,5,358,0,0,0,358
01/30/2013,MSY,LA,ASW,CE,Combined TRACON& Tower with Radar,253,36,44,2,335,0,4,7,4,15,253,40,51,6,350,0,0,0,350
01/31/2013,MSY,LA,ASW,CE,Combined TRACON& Tower with Radar,303,49,91,0,443,0,15,17,4,36,303,64,108,4,479,0,0,0,479
02/01/2013,MSY,LA,ASW,CE,Combined TRACON& Tower with Radar,308,56,126,1,491,0,24,12,2,38,308,80,138,3,529,0,0,0,529
02/02/2013,MSY,LA,ASW,CE,Combined TRACON& Tower with Radar,226,39,69,1,335,0,9,15,1,25,226,48,84,2,360,0,0,0,360
02/03/2013,MSY,LA,ASW,CE,Combined TRACON& Tower with Radar,279,55,123,2,459,0,9,9,1,19,279,64,132,3,478,0,0,0,478
02/04/2013,MSY,LA,ASW,CE,Combined TRACON& Tower with Radar,456,79,182,0,717,0,9,12,6,27,456,88,194,6,744,0,0,0,744
02/05/2013,MSY,LA,ASW,CE,Combined TRACON& Tower with Radar,255,44,45,7,351,0,1,14,1,16,255,45,59,8,367,0,0,0,367
02/06/2013,MSY,LA,ASW,CE,Combined TRACON& Tower with Radar,258,33,47,4,342,0,2,7,0,9,258,35,54,4,351,0,0,0,351
02/07/2013,MSY,LA,ASW,CE,Combined TRACON& Tower with Radar,262,30,38,1,331,0,16,16,2,34,262,46,54,3,365,0,0,0,365
02/08/2013,MSY,LA,ASW,CE,Combined TRACON& Tower with Radar,257,42,41,4,344,0,9,21,0,30,257,51,62,4,374,0,0,0,374
02/09/2013,MSY,LA,ASW,CE,Combined TRACON& Tower with Radar,208,22,24,0,254,0,6,11,0,17,208,28,35,0,271,0,0,0,271
02/10/2013,MSY,LA,ASW,CE,Combined TRACON& Tower with Radar,250,22,28,0,300,0,10,2,0,12,250,32,30,0,312,0,0,0,312
02/11/2013,MSY,LA,ASW,CE,Combined TRACON& Tower with Radar,244,45,19,3,311,0,5,3,1,9,244,50,22,4,320,0,0,0,320
02/12/2013,MSY,LA,ASW,CE,Combined TRACON& Tower with Radar,265,39,23,0,327,0,1,4,1,6,265,40,27,1,333,0,0,0,333
02/13/2013,MSY,LA,ASW,CE,Combined TRACON& Tower with Radar,262,34,29,0,325,0,8,9,0,17,262,42,38,0,342,0,0,0,342
02/14/2013,MSY,LA,ASW,CE,Combined TRACON& Tower with Radar,268,34,28,0,330,0,10,27,1,38,268,44,55,1,368,0,0,0,368
02/15/2013,MSY,LA,ASW,CE,Combined TRACON& Tower with Radar,289,31,25,0,345,0,10,12,1,23,289,41,37,1,368,0,0,0,368
02/16/2013,MSY,LA,ASW,CE,Combined TRACON& Tower with Radar,249,17,29,0,295,0,12,10,0,22,249,29,39,0,317,0,0,0,317
02/17/2013,MSY,LA,ASW,CE,Combined TRACON& Tower with Radar,242,19,32,0,293,0,2,7,1,10,242,21,39,1,303,0,0,0,303
02/18/2013,MSY,LA,ASW,CE,Combined TRACON& Tower with Radar,271,30,24,0,325,0,7,16,0,23,271,37,40,0,348,0,0,0,348
02/19/2013,MSY,LA,ASW,CE,Combined TRACON& Tower with Radar,269,40,36,0,345,0,25,13,1,39,269,65,49,1,384,0,0,0,384
02/20/2013,MSY,LA,ASW,CE,Combined TRACON& Tower with Radar,265,37,49,2,353,0,17,20,0,37,265,54,69,2,390,0,0,0,390
02/21/2013,MSY,LA,ASW,CE,Combined TRACON& Tower with Radar,274,48,43,0,365,0,17,6,0,23,274,65,49,0,388,0,0,0,388
02/22/2013,MSY,LA,ASW,CE,Combined TRACON& Tower with Radar,266,34,34,0,334,0,3,4,0,7,266,37,38,0,341,0,0,0,341
02/23/2013,MSY,LA,ASW,CE,Combined TRACON& Tower with Radar,241,20,28,1,290,0,2,6,2,10,241,22,34,3,300,0,0,0,300
02/24/2013,MSY,LA,ASW,CE,Combined TRACON& Tower with Radar,251,34,24,3,312,0,10,8,4,22,251,44,32,7,334,0,0,0,334
02/25/2013,MSY,LA,ASW,CE,Combined TRACON& Tower with Radar,265,27,27,0,319,0,2,0,0,2,265,29,27,0,321,0,0,0,321
02/26/2013,MSY,LA,ASW,CE,Combined TRACON& Tower with Radar,256,25,48,3,332,0,11,19,5,35,256,36,67,8,367,0,0,0,367
02/27/2013,MSY,LA,ASW,CE,Combined TRACON& Tower with Radar,262,39,21,1,323,0,11,15,0,26,262,50,36,1,349,0,0,0,349
02/28/2013,MSY,LA,ASW,CE,Combined TRACON& Tower with Radar,266,38,42,0,346,0,22,10,1,33,266,60,52,1,379,0,0,0,379
03/01/2013,MSY,LA,ASW,CE,Combined TRACON& Tower with Radar,268,25,31,0,324,0,20,16,7,43,268,45,47,7,367,0,0,0,367
03/02/2013,MSY,LA,ASW,CE,Combined TRACON& Tower with Radar,247,15,17,0,279,0,9,16,2,27,247,24,33,2,306,0,0,0,306
03/03/2013,MSY,LA,ASW,CE,Combined TRACON& Tower with Radar,243,40,32,0,315,0,0,19,2,21,243,40,51,2,336,0,0,0,336
03/04/2013,MSY,LA,ASW,CE,Combined TRACON& Tower with Radar,271,36,41,0,348,0,14,13,0,27,271,50,54,0,375,0,0,0,375
03/05/2013,MSY,LA,ASW,CE,Combined TRACON& Tower with Radar,256,32,25,0,313,0,20,7,6,33,256,52,32,6,346,0,0,0,346
03/06/2013,MSY,LA,ASW,CE,Combined TRACON& Tower with Radar,256,46,37,0,339,0,17,9,0,26,256,63,46,0,365,0,0,0,365
03/07/2013,MSY,LA,ASW,CE,Combined TRACON& Tower with Radar,270,47,31,2,350,0,16,11,3,30,270,63,42,5,380,0,0,0,380
03/08/2013,MSY,LA,ASW,CE,Combined TRACON& Tower with Radar,270,36,28,6,340,0,19,10,2,31,270,55,38,8,371,0,0,0,371
03/09/2013,MSY,LA,ASW,CE,Combined TRACON& Tower with Radar,239,18,13,0,270,0,2,12,2,16,239,20,25,2,286,0,0,0,286
03/10/2013,MSY,LA,ASW,CE,Combined TRACON& Tower with Radar,248,33,23,4,308,0,1,4,1,6,248,34,27,5,314,0,0,0,314
03/11/2013,MSY,LA,ASW,CE,Combined TRACON& Tower with Radar,281,42,24,1,348,0,14,5,0,19,281,56,29,1,367,0,0,0,367
03/12/2013,MSY,LA,ASW,CE,Combined TRACON& Tower with Radar,267,35,31,2,335,0,14,15,0,29,267,49,46,2,364,0,0,0,364
03/13/2013,MSY,LA,ASW,CE,Combined TRACON& Tower with Radar,273,27,33,4,337,0,16,6,2,24,273,43,39,6,361,0,0,0,361
03/14/2013,MSY,LA,ASW,CE,Combined TRACON& Tower with Radar,276,29,26,4,335,0,23,12,3,38,276,52,38,7,373,0,0,0,373
03/15/2013,MSY,LA,ASW,CE,Combined TRACON& Tower with Radar,279,34,29,0,342,0,10,11,2,23,279,44,40,2,365,0,0,0,365
03/16/2013,MSY,LA,ASW,CE,Combined TRACON& Tower with Radar,251,18,22,0,291,0,10,8,0,18,251,28,30,0,309,0,0,0,309
03/17/2013,MSY,LA,ASW,CE,Combined TRACON& Tower with Radar,251,46,38,0,335,0,33,14,0,47,251,79,52,0,382,0,0,0,382
03/18/2013,MSY,LA,ASW,CE,Combined TRACON& Tower with Radar,271,44,43,0,358,0,19,20,0,39,271,63,63,0,397,0,0,0,397
03/19/2013,MSY,LA,ASW,CE,Combined TRACON& Tower with Radar,280,55,47,0,382,0,16,20,0,36,280,71,67,0,418,0,0,0,418
03/20/2013,MSY,LA,ASW,CE,Combined TRACON& Tower with Radar,274,45,55,0,374,0,23,19,0,42,274,68,74,0,416,0,0,0,416
03/21/2013,MSY,LA,ASW,CE,Combined TRACON& Tower with Radar,277,34,39,4,354,0,16,9,0,25,277,50,48,4,379,0,0,0,379
03/22/2013,MSY,LA,ASW,CE,Combined TRACON& Tower with Radar,279,39,42,1,361,0,14,13,1,28,279,53,55,2,389,0,0,0,389
03/23/2013,MSY,LA,ASW,CE,Combined TRACON& Tower with Radar,244,28,24,0,296,0,4,4,0,8,244,32,28,0,304,0,0,0,304
03/24/2013,MSY,LA,ASW,CE,Combined TRACON& Tower with Radar,248,37,38,3,326,0,15,7,0,22,248,52,45,3,348,0,0,0,348
03/25/2013,MSY,LA,ASW,CE,Combined TRACON& Tower with Radar,281,33,34,2,350,0,12,13,0,25,281,45,47,2,375,0,0,0,375
03/26/2013,MSY,LA,ASW,CE,Combined TRACON& Tower with Radar,272,39,32,3,346,0,18,10,2,30,272,57,42,5,376,0,0,0,376
03/27/2013,MSY,LA,ASW,CE,Combined TRACON& Tower with Radar,275,34,46,4,359,0,11,31,0,42,275,45,77,4,401,0,0,0,401
03/28/2013,MSY,LA,ASW,CE,Combined TRACON& Tower with Radar,279,38,26,2,345,0,19,35,3,57,279,57,61,5,402,0,0,0,402
03/29/2013,MSY,LA,ASW,CE,Combined TRACON& Tower with Radar,280,34,25,0,339,0,10,12,0,22,280,44,37,0,361,0,0,0,361
03/30/2013,MSY,LA,ASW,CE,Combined TRACON& Tower with Radar,249,24,26,0,299,0,1,19,0,20,249,25,45,0,319,0,0,0,319
03/31/2013,MSY,LA,ASW,CE,Combined TRACON& Tower with Radar,250,41,15,0,306,0,0,9,4,13,250,41,24,4,319,0,0,0,319
04/01/2013,MSY,LA,ASW,CE,Combined TRACON& Tower with Radar,279,30,29,1,339,0,8,15,1,24,279,38,44,2,363,0,0,0,363
04/02/2013,MSY,LA,ASW,CE,Combined TRACON& Tower with Radar,280,44,30,0,354,0,22,10,2,34,280,66,40,2,388,0,0,0,388
04/03/2013,MSY,LA,ASW,CE,Combined TRACON& Tower with Radar,276,42,38,0,356,0,1,2,0,3,276,43,40,0,359,0,0,0,359
04/04/2013,MSY,LA,ASW,CE,Combined TRACON& Tower with Radar,290,36,31,4,361,0,1,3,2,6,290,37,34,6,367,0,0,0,367
04/05/2013,MSY,LA,ASW,CE,Combined TRACON& Tower with Radar,287,41,25,5,358,0,11,13,1,25,287,52,38,6,383,0,0,0,383
04/06/2013,MSY,LA,ASW,CE,Combined TRACON& Tower with Radar,250,29,21,4,304,0,9,23,3,35,250,38,44,7,339,0,0,0,339
04/07/2013,MSY,LA,ASW,CE,Combined TRACON& Tower with Radar,258,37,26,3,324,0,9,13,1,23,258,46,39,4,347,0,0,0,347
04/08/2013,MSY,LA,ASW,CE,Combined TRACON& Tower with Radar,287,29,31,9,356,0,9,8,3,20,287,38,39,12,376,0,0,0,376
04/09/2013,MSY,LA,ASW,CE,Combined TRACON& Tower with Radar,274,34,34,4,346,0,10,15,0,25,274,44,49,4,371,0,0,0,371
04/10/2013,MSY,LA,ASW,CE,Combined TRACON& Tower with Radar,272,32,36,1,341,0,12,5,0,17,272,44,41,1,358,0,0,0,358
04/11/2013,MSY,LA,ASW,CE,Combined TRACON& Tower with Radar,293,32,38,3,366,0,0,4,3,7,293,32,42,6,373,0,0,0,373
04/12/2013,MSY,LA,ASW,CE,Combined TRACON& Tower with Radar,288,33,32,2,355,0,13,29,4,46,288,46,61,6,401,0,0,0,401
04/13/2013,MSY,LA,ASW,CE,Combined TRACON& Tower with Radar,253,16,22,0,291,0,4,7,5,16,253,20,29,5,307,0,0,0,307
04/14/2013,MSY,LA,ASW,CE,Combined TRACON& Tower with Radar,268,49,42,0,359,0,0,7,0,7,268,49,49,0,366,0,0,0,366
04/15/2013,MSY,LA,ASW,CE,Combined TRACON& Tower with Radar,288,47,39,4,378,0,1,0,1,2,288,48,39,5,380,0,0,0,380
04/16/2013,MSY,LA,ASW,CE,Combined TRACON& Tower with Radar,275,31,33,0,339,0,9,8,2,19,275,40,41,2,358,0,0,0,358
04/17/2013,MSY,LA,ASW,CE,Combined TRACON& Tower with Radar,272,25,29,1,327,0,8,17,3,28,272,33,46,4,355,0,0,0,355
04/18/2013,MSY,LA,ASW,CE,Combined TRACON& Tower with Radar,289,39,34,3,365,0,14,16,4,34,289,53,50,7,399,0,0,0,399
04/19/2013,MSY,LA,ASW,CE,Combined TRACON& Tower with Radar,292,34,45,4,375,0,6,10,0,16,292,40,55,4,391,0,0,0,391
04/20/2013,MSY,LA,ASW,CE,Combined TRACON& Tower with Radar,248,22,27,0,297,0,6,23,0,29,248,28,50,0,326,0,0,0,326
04/21/2013,MSY,LA,ASW,CE,Combined TRACON& Tower with Radar,249,45,39,2,335,0,8,29,0,37,249,53,68,2,372,0,0,0,372
04/22/2013,MSY,LA,ASW,CE,Combined TRACON& Tower with Radar,286,30,34,0,350,0,16,9,1,26,286,46,43,1,376,0,0,0,376
04/23/2013,MSY,LA,ASW,CE,Combined TRACON& Tower with Radar,281,44,42,9,376,0,18,18,4,40,281,62,60,13,416,0,0,0,416
04/24/2013,MSY,LA,ASW,CE,Combined TRACON& Tower with Radar,290,35,33,2,360,0,0,3,1,4,290,35,36,3,364,0,0,0,364
04/25/2013,MSY,LA,ASW,CE,Combined TRACON& Tower with Radar,288,44,54,2,388,0,11,16,2,29,288,55,70,4,417,0,0,0,417
04/26/2013,MSY,LA,ASW,CE,Combined TRACON& Tower with Radar,301,36,31,0,368,0,12,16,9,37,301,48,47,9,405,0,0,0,405
04/27/2013,MSY,LA,ASW,CE,Combined TRACON& Tower with Radar,258,22,13,0,293,0,2,10,2,14,258,24,23,2,307,0,0,0,307
04/28/2013,MSY,LA,ASW,CE,Combined TRACON& Tower with Radar,257,56,52,1,366,0,0,7,0,7,257,56,59,1,373,0,0,0,373
04/29/2013,MSY,LA,ASW,CE,Combined TRACON& Tower with Radar,290,43,47,1,381,0,18,4,0,22,290,61,51,1,403,0,0,0,403
04/30/2013,MSY,LA,ASW,CE,Combined TRACON& Tower with Radar,289,31,47,2,369,0,7,14,0,21,289,38,61,2,390,0,0,0,390
05/01/2013,MSY,LA,ASW,CE,Combined TRACON& Tower with Radar,290,47,36,1,374,0,11,6,0,17,290,58,42,1,391,0,0,0,391
05/02/2013,MSY,LA,ASW,CE,Combined TRACON& Tower with Radar,290,48,45,3,386,0,17,10,2,29,290,65,55,5,415,0,0,0,415
05/03/2013,MSY,LA,ASW,CE,Combined TRACON& Tower with Radar,291,44,37,6,378,0,15,4,3,22,291,59,41,9,400,0,0,0,400
05/04/2013,MSY,LA,ASW,CE,Combined TRACON& Tower with Radar,253,15,15,1,284,0,4,17,1,22,253,19,32,2,306,0,0,0,306
05/05/2013,MSY,LA,ASW,CE,Combined TRACON& Tower with Radar,261,33,44,2,340,0,5,18,2,25,261,38,62,4,365,0,0,0,365
05/06/2013,MSY,LA,ASW,CE,Combined TRACON& Tower with Radar,291,28,31,4,354,0,10,27,0,37,291,38,58,4,391,0,0,0,391
05/07/2013,MSY,LA,ASW,CE,Combined TRACON& Tower with Radar,283,27,18,0,328,0,17,9,10,36,283,44,27,10,364,0,0,0,364
05/08/2013,MSY,LA,ASW,CE,Combined TRACON& Tower with Radar,280,29,42,0,351,0,17,14,2,33,280,46,56,2,384,0,0,0,384
05/09/2013,MSY,LA,ASW,CE,Combined TRACON& Tower with Radar,286,31,45,0,362,0,19,13,0,32,286,50,58,0,394,0,0,0,394
05/10/2013,MSY,LA,ASW,CE,Combined TRACON& Tower with Radar,285,50,26,0,361,1,0,0,0,1,286,50,26,0,362,0,0,0,362
05/11/2013,MSY,LA,ASW,CE,Combined TRACON& Tower with Radar,247,24,19,0,290,0,0,4,1,5,247,24,23,1,295,0,0,0,295
05/12/2013,MSY,LA,ASW,CE,Combined TRACON& Tower with Radar,257,36,15,6,314,0,2,9,2,13,257,38,24,8,327,0,0,0,327
05/13/2013,MSY,LA,ASW,CE,Combined TRACON& Tower with Radar,284,32,22,2,340,0,13,15,2,30,284,45,37,4,370,0,0,0,370
05/14/2013,MSY,LA,ASW,CE,Combined TRACON& Tower with Radar,274,36,31,0,341,0,17,11,6,34,274,53,42,6,375,0,0,0,375
05/15/2013,MSY,LA,ASW,CE,Combined TRACON& Tower with Radar,281,31,26,1,339,0,10,14,0,24,281,41,40,1,363,0,0,0,363
05/16/2013,MSY,LA,ASW,CE,Combined TRACON& Tower with Radar,295,31,35,1,362,0,13,19,1,33,295,44,54,2,395,0,0,0,395
05/17/2013,MSY,LA,ASW,CE,Combined TRACON& Tower with Radar,290,41,27,0,358,0,12,10,4,26,290,53,37,4,384,0,0,0,384
05/18/2013,MSY,LA,ASW,CE,Combined TRACON& Tower with Radar,251,10,17,0,278,0,3,12,1,16,251,13,29,1,294,0,0,0,294
05/19/2013,MSY,LA,ASW,CE,Combined TRACON& Tower with Radar,253,46,32,0,331,0,8,11,0,19,253,54,43,0,350,0,0,0,350
05/20/2013,MSY,LA,ASW,CE,Combined TRACON& Tower with Radar,292,29,43,1,365,0,16,14,6,36,292,45,57,7,401,0,0,0,401
05/21/2013,MSY,LA,ASW,CE,Combined TRACON& Tower with Radar,277,36,33,3,349,0,17,14,2,33,277,53,47,5,382,0,0,0,382
05/22/2013,MSY,LA,ASW,CE,Combined TRACON& Tower with Radar,284,37,52,1,374,0,9,15,1,25,284,46,67,2,399,0,0,0,399
05/23/2013,MSY,LA,ASW,CE,Combined TRACON& Tower with Radar,281,34,47,0,362,0,18,5,0,23,281,52,52,0,385,0,0,0,385
05/24/2013,MSY,LA,ASW,CE,Combined TRACON& Tower with Radar,294,37,19,1,351,0,14,17,1,32,294,51,36,2,383,0,0,0,383
05/25/2013,MSY,LA,ASW,CE,Combined TRACON& Tower with Radar,238,17,10,0,265,0,1,22,0,23,238,18,32,0,288,0,0,0,288
05/26/2013,MSY,LA,ASW,CE,Combined TRACON& Tower with Radar,233,17,9,0,259,0,14,7,0,21,233,31,16,0,280,0,0,0,280
05/27/2013,MSY,LA,ASW,CE,Combined TRACON& Tower with Radar,262,25,25,0,312,0,6,11,1,18,262,31,36,1,330,0,0,0,330
05/28/2013,MSY,LA,ASW,CE,Combined TRACON& Tower with Radar,291,27,29,0,347,0,18,12,0,30,291,45,41,0,377,0,0,0,377
05/29/2013,MSY,LA,ASW,CE,Combined TRACON& Tower with Radar,289,33,33,0,355,0,10,13,1,24,289,43,46,1,379,0,0,0,379
05/30/2013,MSY,LA,ASW,CE,Combined TRACON& Tower with Radar,285,26,35,0,346,0,15,4,1,20,285,41,39,1,366,0,0,0,366
05/31/2013,MSY,LA,ASW,CE,Combined TRACON& Tower with Radar,292,41,29,2,364,0,11,9,1,21,292,52,38,3,385,0,0,0,385
06/01/2013,MSY,LA,ASW,CE,Combined TRACON& Tower with Radar,256,18,22,0,296,0,1,12,1,14,256,19,34,1,310,0,0,0,310
06/02/2013,MSY,LA,ASW,CE,Combined TRACON& Tower with Radar,261,30,23,0,314,0,0,9,0,9,261,30,32,0,323,0,0,0,323
06/03/2013,MSY,LA,ASW,CE,Combined TRACON& Tower with Radar,283,32,23,0,338,0,15,6,1,22,283,47,29,1,360,0,0,0,360
06/04/2013,MSY,LA,ASW,CE,Combined TRACON& Tower with Radar,279,36,39,2,356,0,22,4,0,26,279,58,43,2,382,0,0,0,382
06/05/2013,MSY,LA,ASW,CE,Combined TRACON& Tower with Radar,273,30,33,0,336,0,16,15,0,31,273,46,48,0,367,0,0,0,367
06/06/2013,MSY,LA,ASW,CE,Combined TRACON& Tower with Radar,272,40,19,1,332,0,13,24,1,38,272,53,43,2,370,0,0,0,370
06/07/2013,MSY,LA,ASW,CE,Combined TRACON& Tower with Radar,275,46,16,2,339,0,11,3,1,15,275,57,19,3,354,0,0,0,354
06/08/2013,MSY,LA,ASW,CE,Combined TRACON& Tower with Radar,241,27,7,1,276,0,0,26,0,26,241,27,33,1,302,0,0,0,302
06/09/2013,MSY,LA,ASW,CE,Combined TRACON& Tower with Radar,249,43,12,0,304,0,2,15,6,23,249,45,27,6,327,0,0,0,327
06/10/2013,MSY,LA,ASW,CE,Combined TRACON& Tower with Radar,274,37,27,1,339,0,12,19,4,35,274,49,46,5,374,0,0,0,374
06/11/2013,MSY,LA,ASW,CE,Combined TRACON& Tower with Radar,279,28,28,3,338,0,15,11,1,27,279,43,39,4,365,0,0,0,365
06/12/2013,MSY,LA,ASW,CE,Combined TRACON& Tower with Radar,271,31,10,5,317,0,11,20,4,35,271,42,30,9,352,0,0,0,352
06/13/2013,MSY,LA,ASW,CE,Combined TRACON& Tower with Radar,269,40,48,3,360,0,18,16,6,40,269,58,64,9,400,0,0,0,400
06/14/2013,MSY,LA,ASW,CE,Combined TRACON& Tower with Radar,287,36,25,4,352,0,18,16,6,40,287,54,41,10,392,0,0,0,392
06/15/2013,MSY,LA,ASW,CE,Combined TRACON& Tower with Radar,244,30,20,0,294,0,3,19,0,22,244,33,39,0,316,0,0,0,316
06/16/2013,MSY,LA,ASW,CE,Combined TRACON& Tower with Radar,257,37,29,0,323,0,6,10,0,16,257,43,39,0,339,0,0,0,339
06/17/2013,MSY,LA,ASW,CE,Combined TRACON& Tower with Radar,265,38,25,2,330,0,16,9,0,25,265,54,34,2,355,0,0,0,355
06/18/2013,MSY,LA,ASW,CE,Combined TRACON& Tower with Radar,274,33,28,1,336,0,14,21,0,35,274,47,49,1,371,0,0,0,371
06/19/2013,MSY,LA,ASW,CE,Combined TRACON& Tower with Radar,272,36,39,3,350,0,18,12,2,32,272,54,51,5,382,0,0,0,382
06/20/2013,MSY,LA,ASW,CE,Combined TRACON& Tower with Radar,284,45,27,0,356,0,14,10,2,26,284,59,37,2,382,0,0,0,382
06/21/2013,MSY,LA,ASW,CE,Combined TRACON& Tower with Radar,278,51,29,0,358,0,13,20,0,33,278,64,49,0,391,0,0,0,391
06/22/2013,MSY,LA,ASW,CE,Combined TRACON& Tower with Radar,246,35,18,0,299,0,4,9,2,15,246,39,27,2,314,0,0,0,314
06/23/2013,MSY,LA,ASW,CE,Combined TRACON& Tower with Radar,259,46,25,4,334,0,4,17,0,21,259,50,42,4,355,0,0,0,355
06/24/2013,MSY,LA,ASW,CE,Combined TRACON& Tower with Radar,270,33,29,0,332,0,15,14,0,29,270,48,43,0,361,0,0,0,361
06/25/2013,MSY,LA,ASW,CE,Combined TRACON& Tower with Radar,275,36,23,0,334,0,18,11,2,31,275,54,34,2,365,0,0,0,365
06/26/2013,MSY,LA,ASW,CE,Combined TRACON& Tower with Radar,271,39,22,0,332,0,19,20,0,39,271,58,42,0,371,0,0,0,371
06/27/2013,MSY,LA,ASW,CE,Combined TRACON& Tower with Radar,269,42,31,0,342,0,15,17,3,35,269,57,48,3,377,0,0,0,377
06/28/2013,MSY,LA,ASW,CE,Combined TRACON& Tower with Radar,282,43,23,0,348,0,12,16,0,28,282,55,39,0,376,0,0,0,376
06/29/2013,MSY,LA,ASW,CE,Combined TRACON& Tower with Radar,248,31,17,0,296,0,2,9,0,11,248,33,26,0,307,0,0,0,307
06/30/2013,MSY,LA,ASW,CE,Combined TRACON& Tower with Radar,254,24,18,0,296,0,9,22,0,31,254,33,40,0,327,0,0,0,327
07/01/2013,MSY,LA,ASW,CE,Combined TRACON& Tower with Radar,272,30,23,0,325,0,22,17,0,39,272,52,40,0,364,0,0,0,364
07/02/2013,MSY,LA,ASW,CE,Combined TRACON& Tower with Radar,270,28,33,0,331,0,23,8,3,34,270,51,41,3,365,0,0,0,365
07/03/2013,MSY,LA,ASW,CE,Combined TRACON& Tower with Radar,280,21,20,7,328,0,13,11,0,24,280,34,31,7,352,0,0,0,352
07/04/2013,MSY,LA,ASW,CE,Combined TRACON& Tower with Radar,218,10,4,8,240,0,2,0,0,2,218,12,4,8,242,0,0,0,242
07/05/2013,MSY,LA,ASW,CE,Combined TRACON& Tower with Radar,254,21,8,0,283,0,0,5,0,5,254,21,13,0,288,0,0,0,288
07/06/2013,MSY,LA,ASW,CE,Combined TRACON& Tower with Radar,236,31,10,0,277,0,0,3,0,3,236,31,13,0,280,0,0,0,280
07/07/2013,MSY,LA,ASW,CE,Combined TRACON& Tower with Radar,252,36,16,1,305,0,2,6,2,10,252,38,22,3,315,0,0,0,315
07/08/2013,MSY,LA,ASW,CE,Combined TRACON& Tower with Radar,276,26,25,2,329,0,15,7,1,23,276,41,32,3,352,0,0,0,352
07/09/2013,MSY,LA,ASW,CE,Combined TRACON& Tower with Radar,279,28,29,4,340,0,15,13,0,28,279,43,42,4,368,0,0,0,368
07/10/2013,MSY,LA,ASW,CE,Combined TRACON& Tower with Radar,269,38,27,4,338,0,15,12,3,30,269,53,39,7,368,0,0,0,368
07/11/2013,MSY,LA,ASW,CE,Combined TRACON& Tower with Radar,281,27,32,0,340,0,9,6,6,21,281,36,38,6,361,0,0,0,361
07/12/2013,MSY,LA,ASW,CE,Combined TRACON& Tower with Radar,280,27,21,0,328,0,18,15,1,34,280,45,36,1,362,0,0,0,362
07/13/2013,MSY,LA,ASW,CE,Combined TRACON& Tower with Radar,238,24,4,0,266,0,6,18,0,24,238,30,22,0,290,0,0,0,290
07/14/2013,MSY,LA,ASW,CE,Combined TRACON& Tower with Radar,261,31,9,1,302,0,6,14,0,20,261,37,23,1,322,0,0,0,322
07/15/2013,MSY,LA,ASW,CE,Combined TRACON& Tower with Radar,277,34,11,2,324,0,13,10,0,23,277,47,21,2,347,0,0,0,347
07/16/2013,MSY,LA,ASW,CE,Combined TRACON& Tower with Radar,280,27,25,4,336,0,17,7,20,44,280,44,32,24,380,0,0,0,380
07/17/2013,MSY,LA,ASW,CE,Combined TRACON& Tower with Radar,280,26,24,1,331,0,14,20,0,34,280,40,44,1,365,0,0,0,365
07/18/2013,MSY,LA,ASW,CE,Combined TRACON& Tower with Radar,279,31,26,1,337,0,18,15,1,34,279,49,41,2,371,0,0,0,371
07/19/2013,MSY,LA,ASW,CE,Combined TRACON& Tower with Radar,277,33,21,1,332,0,22,26,0,48,277,55,47,1,380,0,0,0,380
07/20/2013,MSY,LA,ASW,CE,Combined TRACON& Tower with Radar,247,24,13,2,286,0,0,7,4,11,247,24,20,6,297,0,0,0,297
07/21/2013,MSY,LA,ASW,CE,Combined TRACON& Tower with Radar,250,27,17,0,294,0,1,13,4,18,250,28,30,4,312,0,0,0,312
07/22/2013,MSY,LA,ASW,CE,Combined TRACON& Tower with Radar,281,25,13,0,319,0,16,9,3,28,281,41,22,3,347,0,0,0,347
07/23/2013,MSY,LA,ASW,CE,Combined TRACON& Tower with Radar,271,32,22,3,328,0,22,9,0,31,271,54,31,3,359,0,0,0,359
07/24/2013,MSY,LA,ASW,CE,Combined TRACON& Tower with Radar,271,35,27,0,333,0,13,13,0,26,271,48,40,0,359,0,0,0,359
07/25/2013,MSY,LA,ASW,CE,Combined TRACON& Tower with Radar,284,35,23,0,342,0,20,18,4,42,284,55,41,4,384,0,0,0,384
07/26/2013,MSY,LA,ASW,CE,Combined TRACON& Tower with Radar,280,26,29,0,335,0,13,21,1,35,280,39,50,1,370,0,0,0,370
07/27/2013,MSY,LA,ASW,CE,Combined TRACON& Tower with Radar,239,18,8,2,267,0,3,4,1,8,239,21,12,3,275,0,0,0,275
07/28/2013,MSY,LA,ASW,CE,Combined TRACON& Tower with Radar,250,41,18,0,309,0,1,3,3,7,250,42,21,3,316,0,0,0,316
07/29/2013,MSY,LA,ASW,CE,Combined TRACON& Tower with Radar,281,42,33,0,356,0,12,11,0,23,281,54,44,0,379,0,0,0,379
07/30/2013,MSY,LA,ASW,CE,Combined TRACON& Tower with Radar,278,34,21,0,333,0,19,18,2,39,278,53,39,2,372,0,0,0,372
07/31/2013,MSY,LA,ASW,CE,Combined TRACON& Tower with Radar,280,34,41,0,355,0,23,11,0,34,280,57,52,0,389,0,0,0,389
08/01/2013,MSY,LA,ASW,CE,Combined TRACON& Tower with Radar,273,31,31,0,335,0,14,29,4,47,273,45,60,4,382,0,0,0,382
08/02/2013,MSY,LA,ASW,CE,Combined TRACON& Tower with Radar,287,33,15,0,335,0,13,3,0,16,287,46,18,0,351,0,0,0,351
08/03/2013,MSY,LA,ASW,CE,Combined TRACON& Tower with Radar,238,21,13,0,272,0,2,14,0,16,238,23,27,0,288,0,0,0,288
08/04/2013,MSY,LA,ASW,CE,Combined TRACON& Tower with Radar,251,40,21,0,312,0,5,3,0,8,251,45,24,0,320,0,0,0,320
08/05/2013,MSY,LA,ASW,CE,Combined TRACON& Tower with Radar,281,28,20,2,331,0,19,14,0,33,281,47,34,2,364,0,0,0,364
08/06/2013,MSY,LA,ASW,CE,Combined TRACON& Tower with Radar,269,29,20,2,320,0,14,6,0,20,269,43,26,2,340,0,0,0,340
08/07/2013,MSY,LA,ASW,CE,Combined TRACON& Tower with Radar,275,37,40,0,352,0,26,21,4,51,275,63,61,4,403,0,0,0,403
08/08/2013,MSY,LA,ASW,CE,Combined TRACON& Tower with Radar,280,35,29,2,346,0,20,9,15,44,280,55,38,17,390,0,0,0,390
08/09/2013,MSY,LA,ASW,CE,Combined TRACON& Tower with Radar,282,31,22,0,335,0,14,12,2,28,282,45,34,2,363,0,0,0,363
08/10/2013,MSY,LA,ASW,CE,Combined TRACON& Tower with Radar,244,20,3,0,267,0,2,8,2,12,244,22,11,2,279,0,0,0,279
08/11/2013,MSY,LA,ASW,CE,Combined TRACON& Tower with Radar,238,40,18,7,303,0,2,7,1,10,238,42,25,8,313,0,0,0,313
08/12/2013,MSY,LA,ASW,CE,Combined TRACON& Tower with Radar,263,29,18,2,312,0,17,4,2,23,263,46,22,4,335,0,0,0,335
08/13/2013,MSY,LA,ASW,CE,Combined TRACON& Tower with Radar,253,28,35,0,316,0,20,13,0,33,253,48,48,0,349,0,0,0,349
08/14/2013,MSY,LA,ASW,CE,Combined TRACON& Tower with Radar,279,34,24,0,337,0,4,18,0,22,279,38,42,0,359,0,0,0,359
08/15/2013,MSY,LA,ASW,CE,Combined TRACON& Tower with Radar,267,28,28,0,323,0,12,19,2,33,267,40,47,2,356,0,0,0,356
08/16/2013,MSY,LA,ASW,CE,Combined TRACON& Tower with Radar,272,34,28,1,335,0,8,12,1,21,272,42,40,2,356,0,0,0,356
08/17/2013,MSY,LA,ASW,CE,Combined TRACON& Tower with Radar,220,23,15,2,260,0,2,18,2,22,220,25,33,4,282,0,0,0,282
08/18/2013,MSY,LA,ASW,CE,Combined TRACON& Tower with Radar,237,31,8,1,277,0,0,5,1,6,237,31,13,2,283,0,0,0,283
08/19/2013,MSY,LA,ASW,CE,Combined TRACON& Tower with Radar,268,33,18,0,319,0,14,6,0,20,268,47,24,0,339,0,0,0,339
08/20/2013,MSY,LA,ASW,CE,Combined TRACON& Tower with Radar,258,36,17,0,311,0,11,10,0,21,258,47,27,0,332,0,0,0,332
08/21/2013,MSY,LA,ASW,CE,Combined TRACON& Tower with Radar,265,29,25,0,319,0,22,12,4,38,265,51,37,4,357,0,0,0,357
08/22/2013,MSY,LA,ASW,CE,Combined TRACON& Tower with Radar,266,32,40,1,339,0,19,13,4,36,266,51,53,5,375,0,0,0,375
08/23/2013,MSY,LA,ASW,CE,Combined TRACON& Tower with Radar,266,34,32,0,332,0,6,11,7,24,266,40,43,7,356,0,0,0,356
08/24/2013,MSY,LA,ASW,CE,Combined TRACON& Tower with Radar,213,17,23,0,253,0,1,9,2,12,213,18,32,2,265,0,0,0,265
08/25/2013,MSY,LA,ASW,CE,Combined TRACON& Tower with Radar,239,30,19,0,288,0,4,14,2,20,239,34,33,2,308,0,0,0,308
08/26/2013,MSY,LA,ASW,CE,Combined TRACON& Tower with Radar,263,30,10,0,303,0,12,17,0,29,263,42,27,0,332,0,0,0,332
08/27/2013,MSY,LA,ASW,CE,Combined TRACON& Tower with Radar,248,31,37,5,321,0,11,15,1,27,248,42,52,6,348,0,0,0,348
08/28/2013,MSY,LA,ASW,CE,Combined TRACON& Tower with Radar,252,28,45,0,325,0,8,11,1,20,252,36,56,1,345,0,0,0,345
08/29/2013,MSY,LA,ASW,CE,Combined TRACON& Tower with Radar,266,34,34,4,338,0,18,37,0,55,266,52,71,4,393,0,0,0,393
08/30/2013,MSY,LA,ASW,CE,Combined TRACON& Tower with Radar,267,40,24,0,331,0,30,17,0,47,267,70,41,0,378,0,0,0,378
08/31/2013,MSY,LA,ASW,CE,Combined TRACON& Tower with Radar,183,22,8,0,213,0,0,12,0,12,183,22,20,0,225,0,0,0,225
09/01/2013,MSY,LA,ASW,CE,Combined TRACON& Tower with Radar,163,9,12,0,184,0,2,2,0,4,163,11,14,0,188,0,0,0,188
09/02/2013,MSY,LA,ASW,CE,Combined TRACON& Tower with Radar,212,24,22,0,258,0,0,10,0,10,212,24,32,0,268,0,0,0,268
09/03/2013,MSY,LA,ASW,CE,Combined TRACON& Tower with Radar,244,38,26,3,311,0,10,3,0,13,244,48,29,3,324,0,0,0,324
09/04/2013,MSY,LA,ASW,CE,Combined TRACON& Tower with Radar,243,35,24,0,302,0,15,14,1,30,243,50,38,1,332,0,0,0,332
09/05/2013,MSY,LA,ASW,CE,Combined TRACON& Tower with Radar,262,27,19,0,308,0,14,9,2,25,262,41,28,2,333,0,0,0,333
09/06/2013,MSY,LA,ASW,CE,Combined TRACON& Tower with Radar,264,35,26,0,325,0,10,16,0,26,264,45,42,0,351,0,0,0,351
09/07/2013,MSY,LA,ASW,CE,Combined TRACON& Tower with Radar,199,19,23,0,241,0,2,8,2,12,199,21,31,2,253,0,0,0,253
09/08/2013,MSY,LA,ASW,CE,Combined TRACON& Tower with Radar,234,41,25,1,301,0,2,17,3,22,234,43,42,4,323,0,0,0,323
09/09/2013,MSY,LA,ASW,CE,Combined TRACON& Tower with Radar,249,27,15,3,294,0,25,10,0,35,249,52,25,3,329,0,0,0,329
09/10/2013,MSY,LA,ASW,CE,Combined TRACON& Tower with Radar,243,40,32,2,317,0,23,12,1,36,243,63,44,3,353,0,0,0,353
09/11/2013,MSY,LA,ASW,CE,Combined TRACON& Tower with Radar,244,30,41,2,317,0,16,26,2,44,244,46,67,4,361,0,0,0,361
09/12/2013,MSY,LA,ASW,CE,Combined TRACON& Tower with Radar,259,29,26,2,316,0,14,22,1,37,259,43,48,3,353,0,0,0,353
09/13/2013,MSY,LA,ASW,CE,Combined TRACON& Tower with Radar,257,32,21,0,310,0,12,11,0,23,257,44,32,0,333,0,0,0,333
09/14/2013,MSY,LA,ASW,CE,Combined TRACON& Tower with Radar,205,23,11,0,239,0,5,11,0,16,205,28,22,0,255,0,0,0,255
09/15/2013,MSY,LA,ASW,CE,Combined TRACON& Tower with Radar,235,32,27,0,294,0,1,22,0,23,235,33,49,0,317,0,0,0,317
09/16/2013,MSY,LA,ASW,CE,Combined TRACON& Tower with Radar,256,33,11,0,300,0,15,21,0,36,256,48,32,0,336,0,0,0,336
09/17/2013,MSY,LA,ASW,CE,Combined TRACON& Tower with Radar,240,37,35,0,312,0,16,29,2,47,240,53,64,2,359,0,0,0,359
09/18/2013,MSY,LA,ASW,CE,Combined TRACON& Tower with Radar,248,39,33,0,320,0,29,18,3,50,248,68,51,3,370,0,0,0,370
09/19/2013,MSY,LA,ASW,CE,Combined TRACON& Tower with Radar,257,41,32,0,330,0,15,7,0,22,257,56,39,0,352,0,0,0,352
09/20/2013,MSY,LA,ASW,CE,Combined TRACON& Tower with Radar,271,34,30,1,336,0,12,12,2,26,271,46,42,3,362,0,0,0,362
09/21/2013,MSY,LA,ASW,CE,Combined TRACON& Tower with Radar,208,19,12,1,240,0,0,4,0,4,208,19,16,1,244,0,0,0,244
09/22/2013,MSY,LA,ASW,CE,Combined TRACON& Tower with Radar,232,26,30,0,288,0,6,13,0,19,232,32,43,0,307,0,0,0,307
09/23/2013,MSY,LA,ASW,CE,Combined TRACON& Tower with Radar,255,29,33,1,318,0,20,10,1,31,255,49,43,2,349,0,0,0,349
09/24/2013,MSY,LA,ASW,CE,Combined TRACON& Tower with Radar,243,38,29,0,310,0,14,14,0,28,243,52,43,0,338,0,0,0,338
09/25/2013,MSY,LA,ASW,CE,Combined TRACON& Tower with Radar,263,28,21,1,313,0,17,29,0,46,263,45,50,1,359,0,0,0,359
09/26/2013,MSY,LA,ASW,CE,Combined TRACON& Tower with Radar,271,30,44,2,347,0,26,25,0,51,271,56,69,2,398,0,0,0,398
09/27/2013,MSY,LA,ASW,CE,Combined TRACON& Tower with Radar,270,34,30,3,337,0,23,12,1,36,270,57,42,4,373,0,0,0,373
09/28/2013,MSY,LA,ASW,CE,Combined TRACON& Tower with Radar,215,22,17,0,254,0,0,8,0,8,215,22,25,0,262,0,0,0,262
09/29/2013,MSY,LA,ASW,CE,Combined TRACON& Tower with Radar,255,34,28,0,317,0,2,20,0,22,255,36,48,0,339,0,0,0,339
09/30/2013,MSY,LA,ASW,CE,Combined TRACON& Tower with Radar,268,42,50,0,360,0,14,10,0,24,268,56,60,0,384,0,0,0,384
10/01/2013,MSY,LA,ASW,CE,Combined TRACON& Tower with Radar,268,33,61,0,362,0,11,7,1,19,268,44,68,1,381,0,0,0,381
10/02/2013,MSY,LA,ASW,CE,Combined TRACON& Tower with Radar,274,40,42,0,356,0,0,8,0,8,274,40,50,0,364,0,0,0,364
10/03/2013,MSY,LA,ASW,CE,Combined TRACON& Tower with Radar,274,35,41,0,350,0,20,0,0,20,274,55,41,0,370,0,0,0,370
10/04/2013,MSY,LA,ASW,CE,Combined TRACON& Tower with Radar,295,35,43,0,373,0,2,6,0,8,295,37,49,0,381,0,0,0,381
10/05/2013,MSY,LA,ASW,CE,Combined TRACON& Tower with Radar,226,12,10,0,248,0,3,4,0,7,226,15,14,0,255,0,0,0,255
10/06/2013,MSY,LA,ASW,CE,Combined TRACON& Tower with Radar,258,24,26,0,308,0,0,3,0,3,258,24,29,0,311,0,0,0,311
10/07/2013,MSY,LA,ASW,CE,Combined TRACON& Tower with Radar,281,30,19,2,332,0,18,9,0,27,281,48,28,2,359,0,0,0,359
10/08/2013,MSY,LA,ASW,CE,Combined TRACON& Tower with Radar,269,34,37,0,340,0,26,18,1,45,269,60,55,1,385,0,0,0,385
10/09/2013,MSY,LA,ASW,CE,Combined TRACON& Tower with Radar,275,31,49,0,355,0,20,17,0,37,275,51,66,0,392,0,0,0,392
10/10/2013,MSY,LA,ASW,CE,Combined TRACON& Tower with Radar,283,31,36,0,350,0,13,9,2,24,283,44,45,2,374,0,0,0,374
10/11/2013,MSY,LA,ASW,CE,Combined TRACON& Tower with Radar,279,46,29,0,354,0,15,4,1,20,279,61,33,1,374,0,0,0,374
10/12/2013,MSY,LA,ASW,CE,Combined TRACON& Tower with Radar,226,15,19,0,260,0,2,12,0,14,226,17,31,0,274,0,0,0,274
10/13/2013,MSY,LA,ASW,CE,Combined TRACON& Tower with Radar,256,27,24,0,307,0,3,19,0,22,256,30,43,0,329,0,0,0,329
10/14/2013,MSY,LA,ASW,CE,Combined TRACON& Tower with Radar,276,34,21,0,331,0,7,18,0,25,276,41,39,0,356,0,0,0,356
10/15/2013,MSY,LA,ASW,CE,Combined TRACON& Tower with Radar,264,45,25,0,334,0,19,5,0,24,264,64,30,0,358,0,0,0,358
10/16/2013,MSY,LA,ASW,CE,Combined TRACON& Tower with Radar,278,43,40,4,365,0,24,17,4,45,278,67,57,8,410,0,0,0,410
10/17/2013,MSY,LA,ASW,CE,Combined TRACON& Tower with Radar,279,35,51,0,365,0,28,5,4,37,279,63,56,4,402,0,0,0,402
10/18/2013,MSY,LA,ASW,CE,Combined TRACON& Tower with Radar,277,34,23,0,334,0,22,11,0,33,277,56,34,0,367,0,0,0,367
10/19/2013,MSY,LA,ASW,CE,Combined TRACON& Tower with Radar,228,16,18,1,263,0,1,9,1,11,228,17,27,2,274,0,0,0,274
10/20/2013,MSY,LA,ASW,CE,Combined TRACON& Tower with Radar,261,30,39,3,333,0,4,23,2,29,261,34,62,5,362,0,0,0,362
10/21/2013,MSY,LA,ASW,CE,Combined TRACON& Tower with Radar,271,31,20,0,322,0,20,11,0,31,271,51,31,0,353,0,0,0,353
10/22/2013,MSY,LA,ASW,CE,Combined TRACON& Tower with Radar,270,38,34,0,342,0,15,11,4,30,270,53,45,4,372,0,0,0,372
10/23/2013,MSY,LA,ASW,CE,Combined TRACON& Tower with Radar,275,36,41,2,354,0,20,22,0,42,275,56,63,2,396,0,0,0,396
10/24/2013,MSY,LA,ASW,CE,Combined TRACON& Tower with Radar,288,37,37,0,362,0,22,23,0,45,288,59,60,0,407,0,0,0,407
10/25/2013,MSY,LA,ASW,CE,Combined TRACON& Tower with Radar,284,42,42,0,368,0,19,11,0,30,284,61,53,0,398,0,0,0,398
10/26/2013,MSY,LA,ASW,CE,Combined TRACON& Tower with Radar,223,17,11,2,253,0,6,10,0,16,223,23,21,2,269,0,0,0,269
10/27/2013,MSY,LA,ASW,CE,Combined TRACON& Tower with Radar,263,30,24,0,317,0,6,8,0,14,263,36,32,0,331,0,0,0,331
10/28/2013,MSY,LA,ASW,CE,Combined TRACON& Tower with Radar,271,41,35,0,347,0,17,11,0,28,271,58,46,0,375,0,0,0,375
10/29/2013,MSY,LA,ASW,CE,Combined TRACON& Tower with Radar,269,49,37,0,355,0,9,12,2,23,269,58,49,2,378,0,0,0,378
10/30/2013,MSY,LA,ASW,CE,Combined TRACON& Tower with Radar,275,45,42,1,363,0,13,14,0,27,275,58,56,1,390,0,0,0,390
10/31/2013,MSY,LA,ASW,CE,Combined TRACON& Tower with Radar,264,27,27,1,319,0,16,2,2,20,264,43,29,3,339,0,0,0,339
11/01/2013,MSY,LA,ASW,CE,Combined TRACON& Tower with Radar,281,38,36,5,360,0,9,22,1,32,281,47,58,6,392,0,0,0,392
11/02/2013,MSY,LA,ASW,CE,Combined TRACON& Tower with Radar,234,17,16,2,269,0,3,15,4,22,234,20,31,6,291,0,0,0,291
11/03/2013,MSY,LA,ASW,CE,Combined TRACON& Tower with Radar,264,33,29,3,329,0,3,16,7,26,264,36,45,10,355,0,0,0,355
11/04/2013,MSY,LA,ASW,CE,Combined TRACON& Tower with Radar,275,32,22,0,329,0,18,18,0,36,275,50,40,0,365,0,0,0,365
11/05/2013,MSY,LA,ASW,CE,Combined TRACON& Tower with Radar,264,45,50,0,359,0,20,10,4,34,264,65,60,4,393,0,0,0,393
11/06/2013,MSY,LA,ASW,CE,Combined TRACON& Tower with Radar,266,55,31,0,352,0,27,7,0,34,266,82,38,0,386,0,0,0,386
11/07/2013,MSY,LA,ASW,CE,Combined TRACON& Tower with Radar,271,66,47,1,385,0,15,13,0,28,271,81,60,1,413,0,0,0,413
11/08/2013,MSY,LA,ASW,CE,Combined TRACON& Tower with Radar,269,46,38,2,355,0,1,6,6,13,269,47,44,8,368,0,0,0,368
11/09/2013,MSY,LA,ASW,CE,Combined TRACON& Tower with Radar,227,31,22,1,281,0,9,11,2,22,227,40,33,3,303,0,0,0,303
11/10/2013,MSY,LA,ASW,CE,Combined TRACON& Tower with Radar,246,39,32,0,317,0,1,28,0,29,246,40,60,0,346,0,0,0,346
11/11/2013,MSY,LA,ASW,CE,Combined TRACON& Tower with Radar,259,52,52,0,363,0,7,23,0,30,259,59,75,0,393,0,0,0,393
11/12/2013,MSY,LA,ASW,CE,Combined TRACON& Tower with Radar,255,39,47,2,343,0,20,12,2,34,255,59,59,4,377,0,0,0,377
11/13/2013,MSY,LA,ASW,CE,Combined TRACON& Tower with Radar,260,55,47,2,364,0,8,8,2,18,260,63,55,4,382,0,0,0,382
11/14/2013,MSY,LA,ASW,CE,Combined TRACON& Tower with Radar,274,49,45,1,369,0,22,13,0,35,274,71,58,1,404,0,0,0,404
11/15/2013,MSY,LA,ASW,CE,Combined TRACON& Tower with Radar,266,47,37,4,354,0,16,4,0,20,266,63,41,4,374,0,0,0,374
11/16/2013,MSY,LA,ASW,CE,Combined TRACON& Tower with Radar,224,33,31,0,288,0,1,5,2,8,224,34,36,2,296,0,0,0,296
11/17/2013,MSY,LA,ASW,CE,Combined TRACON& Tower with Radar,249,45,48,5,347,0,2,13,0,15,249,47,61,5,362,0,0,0,362
11/18/2013,MSY,LA,ASW,CE,Combined TRACON& Tower with Radar,263,59,19,2,343,0,8,11,1,20,263,67,30,3,363,0,0,0,363
11/19/2013,MSY,LA,ASW,CE,Combined TRACON& Tower with Radar,256,47,19,5,327,0,26,21,9,56,256,73,40,14,383,0,0,0,383
11/20/2013,MSY,LA,ASW,CE,Combined TRACON& Tower with Radar,272,40,40,0,352,0,21,22,1,44,272,61,62,1,396,0,0,0,396
11/21/2013,MSY,LA,ASW,CE,Combined TRACON& Tower with Radar,266,65,27,2,360,0,2,4,0,6,266,67,31,2,366,0,0,0,366
11/22/2013,MSY,LA,ASW,CE,Combined TRACON& Tower with Radar,279,68,56,5,408,0,7,10,0,17,279,75,66,5,425,0,0,0,425
11/23/2013,MSY,LA,ASW,CE,Combined TRACON& Tower with Radar,227,42,24,0,293,0,0,2,0,2,227,42,26,0,295,0,0,0,295
11/24/2013,MSY,LA,ASW,CE,Combined TRACON& Tower with Radar,235,36,33,2,306,0,12,30,1,43,235,48,63,3,349,0,0,0,349
11/25/2013,MSY,LA,ASW,CE,Combined TRACON& Tower with Radar,247,48,19,2,316,0,10,5,0,15,247,58,24,2,331,0,0,0,331
11/26/2013,MSY,LA,ASW,CE,Combined TRACON& Tower with Radar,275,49,30,2,356,0,5,2,0,7,275,54,32,2,363,0,0,0,363
11/27/2013,MSY,LA,ASW,CE,Combined TRACON& Tower with Radar,276,47,23,0,346,0,4,3,0,7,276,51,26,0,353,0,0,0,353
11/28/2013,MSY,LA,ASW,CE,Combined TRACON& Tower with Radar,158,24,6,0,188,0,2,2,0,4,158,26,8,0,192,0,0,0,192
11/29/2013,MSY,LA,ASW,CE,Combined TRACON& Tower with Radar,197,21,4,0,222,0,3,12,0,15,197,24,16,0,237,0,0,0,237
11/30/2013,MSY,LA,ASW,CE,Combined TRACON& Tower with Radar,257,38,18,0,313,0,18,13,0,31,257,56,31,0,344,0,0,0,344
12/01/2013,MSY,LA,ASW,CE,Combined TRACON& Tower with Radar,275,49,52,0,376,0,3,9,1,13,275,52,61,1,389,0,0,0,389
12/02/2013,MSY,LA,ASW,CE,Combined TRACON& Tower with Radar,268,46,31,2,347,0,13,8,0,21,268,59,39,2,368,0,0,0,368
12/03/2013,MSY,LA,ASW,CE,Combined TRACON& Tower with Radar,256,51,37,0,344,0,20,13,2,35,256,71,50,2,379,0,0,0,379
12/04/2013,MSY,LA,ASW,CE,Combined TRACON& Tower with Radar,254,48,39,1,342,0,8,10,3,21,254,56,49,4,363,0,0,0,363
12/05/2013,MSY,LA,ASW,CE,Combined TRACON& Tower with Radar,262,45,41,1,349,0,10,2,0,12,262,55,43,1,361,0,0,0,361
12/06/2013,MSY,LA,ASW,CE,Combined TRACON& Tower with Radar,253,38,24,0,315,0,4,7,0,11,253,42,31,0,326,0,0,0,326
12/07/2013,MSY,LA,ASW,CE,Combined TRACON& Tower with Radar,212,32,17,0,261,0,0,5,0,5,212,32,22,0,266,0,0,0,266
12/08/2013,MSY,LA,ASW,CE,Combined TRACON& Tower with Radar,219,30,19,0,268,0,0,0,0,0,219,30,19,0,268,0,0,0,268
12/09/2013,MSY,LA,ASW,CE,Combined TRACON& Tower with Radar,252,24,44,0,320,0,5,2,2,9,252,29,46,2,329,0,0,0,329
12/10/2013,MSY,LA,ASW,CE,Combined TRACON& Tower with Radar,250,43,36,16,345,0,15,9,0,24,250,58,45,16,369,0,0,0,369
12/11/2013,MSY,LA,ASW,CE,Combined TRACON& Tower with Radar,259,44,61,11,375,0,21,26,10,57,259,65,87,21,432,0,0,0,432
12/12/2013,MSY,LA,ASW,CE,Combined TRACON& Tower with Radar,263,37,40,0,340,0,9,16,0,25,263,46,56,0,365,0,0,0,365
12/13/2013,MSY,LA,ASW,CE,Combined TRACON& Tower with Radar,265,45,23,4,337,0,22,9,0,31,265,67,32,4,368,0,0,0,368
12/14/2013,MSY,LA,ASW,CE,Combined TRACON& Tower with Radar,214,26,16,0,256,0,7,2,0,9,214,33,18,0,265,0,0,0,265
12/15/2013,MSY,LA,ASW,CE,Combined TRACON& Tower with Radar,244,34,33,1,312,0,9,8,0,17,244,43,41,1,329,0,0,0,329
12/16/2013,MSY,LA,ASW,CE,Combined TRACON& Tower with Radar,258,29,23,4,314,0,27,10,0,37,258,56,33,4,351,0,0,0,351
12/17/2013,MSY,LA,ASW,CE,Combined TRACON& Tower with Radar,250,32,38,2,322,0,27,20,2,49,250,59,58,4,371,0,0,0,371
12/18/2013,MSY,LA,ASW,CE,Combined TRACON& Tower with Radar,257,25,21,1,304,0,18,22,0,40,257,43,43,1,344,0,0,0,344
12/19/2013,MSY,LA,ASW,CE,Combined TRACON& Tower with Radar,262,36,38,3,339,0,25,10,3,38,262,61,48,6,377,0,0,0,377
12/20/2013,MSY,LA,ASW,CE,Combined TRACON& Tower with Radar,269,40,37,3,349,0,18,16,0,34,269,58,53,3,383,0,0,0,383
12/21/2013,MSY,LA,ASW,CE,Combined TRACON& Tower with Radar,259,34,15,0,308,0,3,1,0,4,259,37,16,0,312,0,0,0,312
12/22/2013,MSY,LA,ASW,CE,Combined TRACON& Tower with Radar,237,37,21,1,296,0,0,8,0,8,237,37,29,1,304,0,0,0,304
12/23/2013,MSY,LA,ASW,CE,Combined TRACON& Tower with Radar,245,36,21,0,302,0,6,2,0,8,245,42,23,0,310,0,0,0,310
12/24/2013,MSY,LA,ASW,CE,Combined TRACON& Tower with Radar,200,26,6,0,232,0,8,11,0,19,200,34,17,0,251,0,0,0,251
12/25/2013,MSY,LA,ASW,CE,Combined TRACON& Tower with Radar,176,14,8,0,198,0,4,2,0,6,176,18,10,0,204,0,0,0,204
12/26/2013,MSY,LA,ASW,CE,Combined TRACON& Tower with Radar,272,36,23,0,331,0,18,9,2,29,272,54,32,2,360,0,0,0,360
12/27/2013,MSY,LA,ASW,CE,Combined TRACON& Tower with Radar,282,37,35,0,354,0,10,12,0,22,282,47,47,0,376,0,0,0,376
12/28/2013,MSY,LA,ASW,CE,Combined TRACON& Tower with Radar,256,34,17,0,307,0,0,2,0,2,256,34,19,0,309,0,0,0,309
12/29/2013,MSY,LA,ASW,CE,Combined TRACON& Tower with Radar,235,42,35,0,312,0,1,4,0,5,235,43,39,0,317,0,0,0,317
12/30/2013,MSY,LA,ASW,CE,Combined TRACON& Tower with Radar,256,30,20,2,308,0,16,8,3,27,256,46,28,5,335,0,0,0,335
12/31/2013,MSY,LA,ASW,CE,Combined TRACON& Tower with Radar,219,29,27,0,275,0,13,3,2,18,219,42,30,2,293,0,0,0,293
01/01/2014,MSY,LA,ASW,CE,Combined TRACON& Tower with Radar,210,16,29,0,255,0,0,0,0,0,210,16,29,0,255,0,0,0,255
01/02/2014,MSY,LA,ASW,CE,Combined TRACON& Tower with Radar,252,43,42,0,337,0,5,10,3,18,252,48,52,3,355,0,0,0,355
01/03/2014,MSY,LA,ASW,CE,Combined TRACON& Tower with Radar,249,43,56,4,352,0,0,19,6,25,249,43,75,10,377,0,0,0,377
01/04/2014,MSY,LA,ASW,CE,Combined TRACON& Tower with Radar,209,28,17,0,254,0,0,16,1,17,209,28,33,1,271,0,0,0,271
01/05/2014,MSY,LA,ASW,CE,Combined TRACON& Tower with Radar,225,29,29,0,283,0,1,3,1,5,225,30,32,1,288,0,0,0,288
01/06/2014,MSY,LA,ASW,CE,Combined TRACON& Tower with Radar,235,36,31,2,304,0,3,17,0,20,235,39,48,2,324,0,0,0,324
01/07/2014,MSY,LA,ASW,CE,Combined TRACON& Tower with Radar,238,23,24,0,285,0,18,11,0,29,238,41,35,0,314,0,0,0,314
01/08/2014,MSY,LA,ASW,CE,Combined TRACON& Tower with Radar,254,28,28,2,312,0,6,11,2,19,254,34,39,4,331,0,0,0,331
01/09/2014,MSY,LA,ASW,CE,Combined TRACON& Tower with Radar,265,30,26,1,322,0,27,18,4,49,265,57,44,5,371,0,0,0,371
01/10/2014,MSY,LA,ASW,CE,Combined TRACON& Tower with Radar,258,38,26,1,323,0,2,0,0,2,258,40,26,1,325,0,0,0,325
01/11/2014,MSY,LA,ASW,CE,Combined TRACON& Tower with Radar,209,22,18,2,251,0,3,11,0,14,209,25,29,2,265,0,0,0,265
01/12/2014,MSY,LA,ASW,CE,Combined TRACON& Tower with Radar,248,45,10,4,307,0,4,11,1,16,248,49,21,5,323,0,0,0,323
01/13/2014,MSY,LA,ASW,CE,Combined TRACON& Tower with Radar,266,38,22,5,331,0,3,0,0,3,266,41,22,5,334,0,0,0,334
01/14/2014,MSY,LA,ASW,CE,Combined TRACON& Tower with Radar,249,37,25,2,313,0,29,16,1,46,249,66,41,3,359,0,0,0,359
01/15/2014,MSY,LA,ASW,CE,Combined TRACON& Tower with Radar,258,43,34,0,335,0,24,22,2,48,258,67,56,2,383,0,0,0,383
01/16/2014,MSY,LA,ASW,CE,Combined TRACON& Tower with Radar,255,42,40,0,337,0,21,16,4,41,255,63,56,4,378,0,0,0,378
01/17/2014,MSY,LA,ASW,CE,Combined TRACON& Tower with Radar,268,36,46,4,354,0,22,25,0,47,268,58,71,4,401,0,0,0,401
01/18/2014,MSY,LA,ASW,CE,Combined TRACON& Tower with Radar,210,20,17,0,247,0,5,11,0,16,210,25,28,0,263,0,0,0,263
01/19/2014,MSY,LA,ASW,CE,Combined TRACON& Tower with Radar,237,27,27,0,291,0,1,11,0,12,237,28,38,0,303,0,0,0,303
01/20/2014,MSY,LA,ASW,CE,Combined TRACON& Tower with Radar,266,32,26,0,324,0,20,10,0,30,266,52,36,0,354,0,0,0,354
01/21/2014,MSY,LA,ASW,CE,Combined TRACON& Tower with Radar,235,26,32,1,294,0,17,17,1,35,235,43,49,2,329,0,0,0,329
01/22/2014,MSY,LA,ASW,CE,Combined TRACON& Tower with Radar,251,31,36,4,322,0,25,20,3,48,251,56,56,7,370,0,0,0,370
01/23/2014,MSY,LA,ASW,CE,Combined TRACON& Tower with Radar,269,49,43,6,367,0,16,13,2,31,269,65,56,8,398,0,0,0,398
01/24/2014,MSY,LA,ASW,CE,Combined TRACON& Tower with Radar,182,45,36,1,264,0,0,1,0,1,182,45,37,1,265,0,0,0,265
01/25/2014,MSY,LA,ASW,CE,Combined TRACON& Tower with Radar,219,32,18,0,269,0,5,22,2,29,219,37,40,2,298,0,0,0,298
01/26/2014,MSY,LA,ASW,CE,Combined TRACON& Tower with Radar,245,44,34,6,329,0,8,11,1,20,245,52,45,7,349,0,0,0,349
01/27/2014,MSY,LA,ASW,CE,Combined TRACON& Tower with Radar,263,59,37,2,361,0,1,3,0,4,263,60,40,2,365,0,0,0,365
01/28/2014,MSY,LA,ASW,CE,Combined TRACON& Tower with Radar,29,8,3,0,40,0,0,0,0,0,29,8,3,0,40,0,0,0,40
01/29/2014,MSY,LA,ASW,CE,Combined TRACON& Tower with Radar,169,34,27,2,232,0,4,13,8,25,169,38,40,10,257,0,0,0,257
01/30/2014,MSY,LA,ASW,CE,Combined TRACON& Tower with Radar,255,39,46,2,342,0,5,10,6,21,255,44,56,8,363,0,0,0,363
01/31/2014,MSY,LA,ASW,CE,Combined TRACON& Tower with Radar,261,42,32,4,339,0,1,15,0,16,261,43,47,4,355,0,0,0,355
02/01/2014,MSY,LA,ASW,CE,Combined TRACON& Tower with Radar,209,31,14,0,254,0,0,5,0,5,209,31,19,0,259,0,0,0,259
02/02/2014,MSY,LA,ASW,CE,Combined TRACON& Tower with Radar,219,26,22,4,271,0,0,0,0,0,219,26,22,4,271,0,0,0,271
02/03/2014,MSY,LA,ASW,CE,Combined TRACON& Tower with Radar,258,44,31,0,333,0,9,22,2,33,258,53,53,2,366,0,0,0,366
02/04/2014,MSY,LA,ASW,CE,Combined TRACON& Tower with Radar,252,46,39,0,337,0,0,0,0,0,252,46,39,0,337,0,0,0,337
02/05/2014,MSY,LA,ASW,CE,Combined TRACON& Tower with Radar,243,36,39,0,318,0,22,19,0,41,243,58,58,0,359,0,0,0,359
02/06/2014,MSY,LA,ASW,CE,Combined TRACON& Tower with Radar,256,47,43,2,348,0,16,2,0,18,256,63,45,2,366,0,0,0,366
02/07/2014,MSY,LA,ASW,CE,Combined TRACON& Tower with Radar,273,39,31,2,345,0,12,7,0,19,273,51,38,2,364,0,0,0,364
02/08/2014,MSY,LA,ASW,CE,Combined TRACON& Tower with Radar,218,24,16,2,260,0,5,4,0,9,218,29,20,2,269,0,0,0,269
02/09/2014,MSY,LA,ASW,CE,Combined TRACON& Tower with Radar,237,33,29,1,300,0,10,10,0,20,237,43,39,1,320,0,0,0,320
02/10/2014,MSY,LA,ASW,CE,Combined TRACON& Tower with Radar,255,55,40,5,355,0,14,11,0,25,255,69,51,5,380,0,0,0,380
02/11/2014,MSY,LA,ASW,CE,Combined TRACON& Tower with Radar,231,55,38,2,326,0,0,4,0,4,231,55,42,2,330,0,0,0,330
02/12/2014,MSY,LA,ASW,CE,Combined TRACON& Tower with Radar,228,37,30,0,295,0,1,2,0,3,228,38,32,0,298,0,0,0,298
02/13/2014,MSY,LA,ASW,CE,Combined TRACON& Tower with Radar,219,32,49,8,308,0,14,18,4,36,219,46,67,12,344,0,0,0,344
02/14/2014,MSY,LA,ASW,CE,Combined TRACON& Tower with Radar,266,35,50,0,351,0,25,10,3,38,266,60,60,3,389,0,0,0,389
02/15/2014,MSY,LA,ASW,CE,Combined TRACON& Tower with Radar,251,33,21,0,305,0,13,13,0,26,251,46,34,0,331,0,0,0,331
02/16/2014,MSY,LA,ASW,CE,Combined TRACON& Tower with Radar,260,27,40,2,329,0,3,19,2,24,260,30,59,4,353,0,0,0,353
02/17/2014,MSY,LA,ASW,CE,Combined TRACON& Tower with Radar,272,46,45,0,363,0,0,13,0,13,272,46,58,0,376,0,0,0,376
02/18/2014,MSY,LA,ASW,CE,Combined TRACON& Tower with Radar,287,34,38,2,361,0,6,3,0,9,287,40,41,2,370,0,0,0,370
02/19/2014,MSY,LA,ASW,CE,Combined TRACON& Tower with Radar,286,46,31,4,367,0,7,10,0,17,286,53,41,4,384,0,0,0,384
02/20/2014,MSY,LA,ASW,CE,Combined TRACON& Tower with Radar,279,44,27,0,350,0,18,2,0,20,279,62,29,0,370,0,0,0,370
02/21/2014,MSY,LA,ASW,CE,Combined TRACON& Tower with Radar,270,45,45,0,360,0,19,16,1,36,270,64,61,1,396,0,0,0,396
02/22/2014,MSY,LA,ASW,CE,Combined TRACON& Tower with Radar,255,21,14,2,292,0,20,18,0,38,255,41,32,2,330,0,0,0,330
02/23/2014,MSY,LA,ASW,CE,Combined TRACON& Tower with Radar,273,30,34,4,341,0,0,1,0,1,273,30,35,4,342,0,0,0,342
02/24/2014,MSY,LA,ASW,CE,Combined TRACON& Tower with Radar,276,32,23,0,331,0,5,4,6,15,276,37,27,6,346,0,0,0,346
02/25/2014,MSY,LA,ASW,CE,Combined TRACON& Tower with Radar,267,34,39,4,344,0,3,5,0,8,267,37,44,4,352,0,0,0,352
02/26/2014,MSY,LA,ASW,CE,Combined TRACON& Tower with Radar,278,52,37,2,369,0,8,2,1,11,278,60,39,3,380,0,0,0,380
02/27/2014,MSY,LA,ASW,CE,Combined TRACON& Tower with Radar,282,56,35,0,373,0,16,5,1,22,282,72,40,1,395,0,0,0,395
02/28/2014,MSY,LA,ASW,CE,Combined TRACON& Tower with Radar,279,41,43,4,367,0,16,17,0,33,279,57,60,4,400,0,0,0,400
03/01/2014,MSY,LA,ASW,CE,Combined TRACON& Tower with Radar,252,24,30,7,313,0,8,6,0,14,252,32,36,7,327,0,0,0,327
03/02/2014,MSY,LA,ASW,CE,Combined TRACON& Tower with Radar,261,38,38,4,341,0,11,7,2,20,261,49,45,6,361,0,0,0,361
03/03/2014,MSY,LA,ASW,CE,Combined TRACON& Tower with Radar,251,42,32,9,334,0,14,8,0,22,251,56,40,9,356,0,0,0,356
03/04/2014,MSY,LA,ASW,CE,Combined TRACON& Tower with Radar,270,29,12,0,311,0,0,2,2,4,270,29,14,2,315,0,0,0,315
03/05/2014,MSY,LA,ASW,CE,Combined TRACON& Tower with Radar,281,45,23,1,350,0,3,7,0,10,281,48,30,1,360,0,0,0,360
03/06/2014,MSY,LA,ASW,CE,Combined TRACON& Tower with Radar,272,60,37,0,369,0,3,1,0,4,272,63,38,0,373,0,0,0,373
03/07/2014,MSY,LA,ASW,CE,Combined TRACON& Tower with Radar,272,40,44,2,358,0,15,7,4,26,272,55,51,6,384,0,0,0,384
03/08/2014,MSY,LA,ASW,CE,Combined TRACON& Tower with Radar,261,30,31,2,324,0,5,8,0,13,261,35,39,2,337,0,0,0,337
03/09/2014,MSY,LA,ASW,CE,Combined TRACON& Tower with Radar,266,37,42,2,347,0,0,6,0,6,266,37,48,2,353,0,0,0,353
03/10/2014,MSY,LA,ASW,CE,Combined TRACON& Tower with Radar,277,45,31,0,353,0,25,10,2,37,277,70,41,2,390,0,0,0,390
03/11/2014,MSY,LA,ASW,CE,Combined TRACON& Tower with Radar,283,41,34,0,358,0,6,8,0,14,283,47,42,0,372,0,0,0,372
03/12/2014,MSY,LA,ASW,CE,Combined TRACON& Tower with Radar,273,38,33,1,345,0,15,10,4,29,273,53,43,5,374,0,0,0,374
03/13/2014,MSY,LA,ASW,CE,Combined TRACON& Tower with Radar,283,50,28,2,363,0,23,9,0,32,283,73,37,2,395,0,0,0,395
03/14/2014,MSY,LA,ASW,CE,Combined TRACON& Tower with Radar,282,41,42,0,365,0,22,8,2,32,282,63,50,2,397,0,0,0,397
03/15/2014,MSY,LA,ASW,CE,Combined TRACON& Tower with Radar,260,29,20,0,309,0,3,17,0,20,260,32,37,0,329,0,0,0,329
03/16/2014,MSY,LA,ASW,CE,Combined TRACON& Tower with Radar,267,38,25,4,334,0,1,6,0,7,267,39,31,4,341,0,0,0,341
03/17/2014,MSY,LA,ASW,CE,Combined TRACON& Tower with Radar,274,34,32,1,341,0,16,12,2,30,274,50,44,3,371,0,0,0,371
03/18/2014,MSY,LA,ASW,CE,Combined TRACON& Tower with Radar,278,46,37,3,364,0,10,6,0,16,278,56,43,3,380,0,0,0,380
03/19/2014,MSY,LA,ASW,CE,Combined TRACON& Tower with Radar,286,39,42,2,369,0,19,25,0,44,286,58,67,2,413,0,0,0,413
03/20/2014,MSY,LA,ASW,CE,Combined TRACON& Tower with Radar,274,47,50,2,373,0,11,19,2,32,274,58,69,4,405,0,0,0,405
03/21/2014,MSY,LA,ASW,CE,Combined TRACON& Tower with Radar,286,47,33,0,366,0,16,15,1,32,286,63,48,1,398,0,0,0,398
03/22/2014,MSY,LA,ASW,CE,Combined TRACON& Tower with Radar,264,29,32,3,328,0,6,12,0,18,264,35,44,3,346,0,0,0,346
03/23/2014,MSY,LA,ASW,CE,Combined TRACON& Tower with Radar,265,54,53,8,380,0,11,6,0,17,265,65,59,8,397,0,0,0,397
03/24/2014,MSY,LA,ASW,CE,Combined TRACON& Tower with Radar,281,52,56,8,397,0,20,11,6,37,281,72,67,14,434,0,0,0,434
03/25/2014,MSY,LA,ASW,CE,Combined TRACON& Tower with Radar,281,69,56,0,406,0,24,8,0,32,281,93,64,0,438,0,0,0,438
03/26/2014,MSY,LA,ASW,CE,Combined TRACON& Tower with Radar,286,57,48,0,391,0,13,10,2,25,286,70,58,2,416,0,0,0,416
03/27/2014,MSY,LA,ASW,CE,Combined TRACON& Tower with Radar,281,43,61,6,391,0,11,0,2,13,281,54,61,8,404,0,0,0,404
03/28/2014,MSY,LA,ASW,CE,Combined TRACON& Tower with Radar,281,46,62,2,391,0,0,0,0,0,281,46,62,2,391,0,0,0,391
03/29/2014,MSY,LA,ASW,CE,Combined TRACON& Tower with Radar,268,32,22,2,324,0,9,1,3,13,268,41,23,5,337,0,0,0,337
03/30/2014,MSY,LA,ASW,CE,Combined TRACON& Tower with Radar,268,42,35,2,347,0,7,2,2,11,268,49,37,4,358,0,0,0,358
03/31/2014,MSY,LA,ASW,CE,Combined TRACON& Tower with Radar,281,37,31,0,349,0,15,10,2,27,281,52,41,2,376,0,0,0,376
04/01/2014,MSY,LA,ASW,CE,Combined TRACON& Tower with Radar,283,24,19,0,326,0,18,13,2,33,283,42,32,2,359,0,0,0,359
04/02/2014,MSY,LA,ASW,CE,Combined TRACON& Tower with Radar,281,46,25,2,354,0,22,12,0,34,281,68,37,2,388,0,0,0,388
04/03/2014,MSY,LA,ASW,CE,Combined TRACON& Tower with Radar,284,34,39,0,357,0,27,8,3,38,284,61,47,3,395,0,0,0,395
04/04/2014,MSY,LA,ASW,CE,Combined TRACON& Tower with Radar,288,34,21,2,345,0,5,6,1,12,288,39,27,3,357,0,0,0,357
04/05/2014,MSY,LA,ASW,CE,Combined TRACON& Tower with Radar,267,20,6,2,295,0,4,2,0,6,267,24,8,2,301,0,0,0,301
04/06/2014,MSY,LA,ASW,CE,Combined TRACON& Tower with Radar,257,39,28,1,325,0,0,0,0,0,257,39,28,1,325,0,0,0,325
04/07/2014,MSY,LA,ASW,CE,Combined TRACON& Tower with Radar,282,26,38,0,346,0,16,13,0,29,282,42,51,0,375,0,0,0,375
04/08/2014,MSY,LA,ASW,CE,Combined TRACON& Tower with Radar,285,35,33,0,353,0,22,34,2,58,285,57,67,2,411,0,0,0,411
04/09/2014,MSY,LA,ASW,CE,Combined TRACON& Tower with Radar,286,38,51,0,375,0,20,27,2,49,286,58,78,2,424,0,0,0,424
04/10/2014,MSY,LA,ASW,CE,Combined TRACON& Tower with Radar,283,35,42,0,360,0,17,12,0,29,283,52,54,0,389,0,0,0,389
04/11/2014,MSY,LA,ASW,CE,Combined TRACON& Tower with Radar,284,33,28,2,347,0,17,19,4,40,284,50,47,6,387,0,0,0,387
04/12/2014,MSY,LA,ASW,CE,Combined TRACON& Tower with Radar,250,27,21,0,298,0,4,8,2,14,250,31,29,2,312,0,0,0,312
04/13/2014,MSY,LA,ASW,CE,Combined TRACON& Tower with Radar,264,30,49,0,343,0,6,17,2,25,264,36,66,2,368,0,0,0,368
04/14/2014,MSY,LA,ASW,CE,Combined TRACON& Tower with Radar,280,25,26,2,333,0,9,2,0,11,280,34,28,2,344,0,0,0,344
04/15/2014,MSY,LA,ASW,CE,Combined TRACON& Tower with Radar,277,28,27,0,332,0,6,12,4,22,277,34,39,4,354,0,0,0,354
04/16/2014,MSY,LA,ASW,CE,Combined TRACON& Tower with Radar,278,51,27,0,356,0,21,8,0,29,278,72,35,0,385,0,0,0,385
04/17/2014,MSY,LA,ASW,CE,Combined TRACON& Tower with Radar,279,40,48,4,371,0,17,9,3,29,279,57,57,7,400,0,0,0,400
04/18/2014,MSY,LA,ASW,CE,Combined TRACON& Tower with Radar,281,28,12,1,322,0,15,8,0,23,281,43,20,1,345,0,0,0,345
04/19/2014,MSY,LA,ASW,CE,Combined TRACON& Tower with Radar,243,19,17,1,280,0,13,28,2,43,243,32,45,3,323,0,0,0,323
04/20/2014,MSY,LA,ASW,CE,Combined TRACON& Tower with Radar,251,39,23,0,313,0,3,7,0,10,251,42,30,0,323,0,0,0,323
04/21/2014,MSY,LA,ASW,CE,Combined TRACON& Tower with Radar,281,29,28,3,341,0,13,20,0,33,281,42,48,3,374,0,0,0,374
04/22/2014,MSY,LA,ASW,CE,Combined TRACON& Tower with Radar,275,43,40,2,360,0,17,5,0,22,275,60,45,2,382,0,0,0,382
04/23/2014,MSY,LA,ASW,CE,Combined TRACON& Tower with Radar,274,26,43,0,343,0,16,10,3,29,274,42,53,3,372,0,0,0,372
04/24/2014,MSY,LA,ASW,CE,Combined TRACON& Tower with Radar,282,42,56,4,384,0,19,18,2,39,282,61,74,6,423,0,0,0,423
04/25/2014,MSY,LA,ASW,CE,Combined TRACON& Tower with Radar,285,32,53,0,370,0,11,6,5,22,285,43,59,5,392,0,0,0,392
04/26/2014,MSY,LA,ASW,CE,Combined TRACON& Tower with Radar,242,38,22,1,303,0,11,10,1,22,242,49,32,2,325,0,0,0,325
04/27/2014,MSY,LA,ASW,CE,Combined TRACON& Tower with Radar,266,63,49,0,378,0,8,10,2,20,266,71,59,2,398,0,0,0,398
04/28/2014,MSY,LA,ASW,CE,Combined TRACON& Tower with Radar,289,50,48,0,387,0,9,7,1,17,289,59,55,1,404,0,0,0,404
04/29/2014,MSY,LA,ASW,CE,Combined TRACON& Tower with Radar,276,38,42,5,361,0,4,3,0,7,276,42,45,5,368,0,0,0,368
04/30/2014,MSY,LA,ASW,CE,Combined TRACON& Tower with Radar,272,35,36,5,348,0,21,5,0,26,272,56,41,5,374,0,0,0,374
05/01/2014,MSY,LA,ASW,CE,Combined TRACON& Tower with Radar,288,35,46,2,371,0,13,7,0,20,288,48,53,2,391,0,0,0,391
05/02/2014,MSY,LA,ASW,CE,Combined TRACON& Tower with Radar,285,30,35,0,350,0,15,17,7,39,285,45,52,7,389,0,0,0,389
05/03/2014,MSY,LA,ASW,CE,Combined TRACON& Tower with Radar,248,17,18,0,283,0,0,5,2,7,248,17,23,2,290,0,0,0,290
05/04/2014,MSY,LA,ASW,CE,Combined TRACON& Tower with Radar,268,49,36,0,353,0,1,17,4,22,268,50,53,4,375,0,0,0,375
05/05/2014,MSY,LA,ASW,CE,Combined TRACON& Tower with Radar,285,21,50,2,358,0,11,4,2,17,285,32,54,4,375,0,0,0,375
05/06/2014,MSY,LA,ASW,CE,Combined TRACON& Tower with Radar,282,31,37,0,350,0,17,13,0,30,282,48,50,0,380,0,0,0,380
05/07/2014,MSY,LA,ASW,CE,Combined TRACON& Tower with Radar,284,34,34,0,352,0,18,4,3,25,284,52,38,3,377,0,0,0,377
05/08/2014,MSY,LA,ASW,CE,Combined TRACON& Tower with Radar,268,31,35,1,335,0,19,17,2,38,268,50,52,3,373,0,0,0,373
05/09/2014,MSY,LA,ASW,CE,Combined TRACON& Tower with Radar,284,36,19,0,339,0,1,1,2,4,284,37,20,2,343,0,0,0,343
05/10/2014,MSY,LA,ASW,CE,Combined TRACON& Tower with Radar,247,32,14,0,293,0,4,3,0,7,247,36,17,0,300,0,0,0,300
05/11/2014,MSY,LA,ASW,CE,Combined TRACON& Tower with Radar,258,20,15,0,293,0,3,6,0,9,258,23,21,0,302,0,0,0,302
05/12/2014,MSY,LA,ASW,CE,Combined TRACON& Tower with Radar,267,24,39,7,337,0,10,17,2,29,267,34,56,9,366,0,0,0,366
05/13/2014,MSY,LA,ASW,CE,Combined TRACON& Tower with Radar,278,32,30,2,342,0,15,11,2,28,278,47,41,4,370,0,0,0,370
05/14/2014,MSY,LA,ASW,CE,Combined TRACON& Tower with Radar,291,26,31,1,349,0,0,4,2,6,291,26,35,3,355,0,0,0,355
05/15/2014,MSY,LA,ASW,CE,Combined TRACON& Tower with Radar,280,30,40,6,356,0,18,15,3,36,280,48,55,9,392,0,0,0,392
05/16/2014,MSY,LA,ASW,CE,Combined TRACON& Tower with Radar,290,41,40,6,377,0,13,17,3,33,290,54,57,9,410,0,0,0,410
05/17/2014,MSY,LA,ASW,CE,Combined TRACON& Tower with Radar,244,22,16,2,284,0,2,13,1,16,244,24,29,3,300,0,0,0,300
05/18/2014,MSY,LA,ASW,CE,Combined TRACON& Tower with Radar,270,37,39,0,346,0,2,11,0,13,270,39,50,0,359,0,0,0,359
05/19/2014,MSY,LA,ASW,CE,Combined TRACON& Tower with Radar,288,28,24,0,340,0,17,18,8,43,288,45,42,8,383,0,0,0,383
05/20/2014,MSY,LA,ASW,CE,Combined TRACON& Tower with Radar,280,30,36,0,346,0,20,10,2,32,280,50,46,2,378,0,0,0,378
05/21/2014,MSY,LA,ASW,CE,Combined TRACON& Tower with Radar,285,33,38,0,356,0,10,8,2,20,285,43,46,2,376,0,0,0,376
05/22/2014,MSY,LA,ASW,CE,Combined TRACON& Tower with Radar,285,28,52,2,367,0,15,8,2,25,285,43,60,4,392,0,0,0,392
05/23/2014,MSY,LA,ASW,CE,Combined TRACON& Tower with Radar,287,36,18,0,341,0,14,9,0,23,287,50,27,0,364,0,0,0,364
05/24/2014,MSY,LA,ASW,CE,Combined TRACON& Tower with Radar,233,21,11,0,265,0,0,10,0,10,233,21,21,0,275,0,0,0,275
05/25/2014,MSY,LA,ASW,CE,Combined TRACON& Tower with Radar,235,15,12,2,264,0,0,2,0,2,235,15,14,2,266,0,0,0,266
05/26/2014,MSY,LA,ASW,CE,Combined TRACON& Tower with Radar,265,17,20,0,302,0,0,9,0,9,265,17,29,0,311,0,0,0,311
05/27/2014,MSY,LA,ASW,CE,Combined TRACON& Tower with Radar,277,19,33,0,329,0,16,7,0,23,277,35,40,0,352,0,0,0,352
05/28/2014,MSY,LA,ASW,CE,Combined TRACON& Tower with Radar,282,28,24,0,334,0,0,0,0,0,282,28,24,0,334,0,0,0,334
05/29/2014,MSY,LA,ASW,CE,Combined TRACON& Tower with Radar,280,23,40,1,344,0,0,3,0,3,280,23,43,1,347,0,0,0,347
05/30/2014,MSY,LA,ASW,CE,Combined TRACON& Tower with Radar,289,26,42,1,358,0,11,5,2,18,289,37,47,3,376,0,0,0,376
05/31/2014,MSY,LA,ASW,CE,Combined TRACON& Tower with Radar,242,30,15,0,287,0,0,2,0,2,242,30,17,0,289,0,0,0,289
06/01/2014,MSY,LA,ASW,CE,Combined TRACON& Tower with Radar,273,20,23,0,316,0,2,8,0,10,273,22,31,0,326,0,0,0,326
06/02/2014,MSY,LA,ASW,CE,Combined TRACON& Tower with Radar,279,20,23,1,323,0,14,10,0,24,279,34,33,1,347,0,0,0,347
06/03/2014,MSY,LA,ASW,CE,Combined TRACON& Tower with Radar,275,24,28,3,330,0,10,9,2,21,275,34,37,5,351,0,0,0,351
06/04/2014,MSY,LA,ASW,CE,Combined TRACON& Tower with Radar,277,28,43,2,350,0,22,23,1,46,277,50,66,3,396,0,0,0,396
06/05/2014,MSY,LA,ASW,CE,Combined TRACON& Tower with Radar,272,34,41,2,349,0,11,19,0,30,272,45,60,2,379,0,0,0,379
06/06/2014,MSY,LA,ASW,CE,Combined TRACON& Tower with Radar,271,39,24,1,335,0,12,5,4,21,271,51,29,5,356,0,0,0,356
06/07/2014,MSY,LA,ASW,CE,Combined TRACON& Tower with Radar,228,22,14,2,266,0,8,7,0,15,228,30,21,2,281,0,0,0,281
06/08/2014,MSY,LA,ASW,CE,Combined TRACON& Tower with Radar,264,26,21,2,313,0,1,12,1,14,264,27,33,3,327,0,0,0,327
06/09/2014,MSY,LA,ASW,CE,Combined TRACON& Tower with Radar,273,31,37,3,344,0,13,8,0,21,273,44,45,3,365,0,0,0,365
06/10/2014,MSY,LA,ASW,CE,Combined TRACON& Tower with Radar,269,40,28,0,337,0,16,4,0,20,269,56,32,0,357,0,0,0,357
06/11/2014,MSY,LA,ASW,CE,Combined TRACON& Tower with Radar,258,34,48,0,340,0,15,2,0,17,258,49,50,0,357,0,0,0,357
06/12/2014,MSY,LA,ASW,CE,Combined TRACON& Tower with Radar,265,30,38,1,334,0,14,11,5,30,265,44,49,6,364,0,0,0,364
06/13/2014,MSY,LA,ASW,CE,Combined TRACON& Tower with Radar,261,35,30,7,333,0,3,2,4,9,261,38,32,11,342,0,0,0,342
06/14/2014,MSY,LA,ASW,CE,Combined TRACON& Tower with Radar,233,25,20,2,280,0,6,9,2,17,233,31,29,4,297,0,0,0,297
06/15/2014,MSY,LA,ASW,CE,Combined TRACON& Tower with Radar,262,24,18,0,304,0,2,9,0,11,262,26,27,0,315,0,0,0,315
06/16/2014,MSY,LA,ASW,CE,Combined TRACON& Tower with Radar,261,32,27,0,320,0,13,12,0,25,261,45,39,0,345,0,0,0,345
06/17/2014,MSY,LA,ASW,CE,Combined TRACON& Tower with Radar,264,31,28,1,324,0,10,14,0,24,264,41,42,1,348,0,0,0,348
06/18/2014,MSY,LA,ASW,CE,Combined TRACON& Tower with Radar,256,32,32,0,320,0,10,11,2,23,256,42,43,2,343,0,0,0,343
06/19/2014,MSY,LA,ASW,CE,Combined TRACON& Tower with Radar,265,40,28,1,334,0,17,3,1,21,265,57,31,2,355,0,0,0,355
06/20/2014,MSY,LA,ASW,CE,Combined TRACON& Tower with Radar,272,31,41,5,349,0,16,2,3,21,272,47,43,8,370,0,0,0,370
06/21/2014,MSY,LA,ASW,CE,Combined TRACON& Tower with Radar,237,25,11,3,276,0,6,24,2,32,237,31,35,5,308,0,0,0,308
06/22/2014,MSY,LA,ASW,CE,Combined TRACON& Tower with Radar,261,30,38,0,329,0,2,9,0,11,261,32,47,0,340,0,0,0,340
06/23/2014,MSY,LA,ASW,CE,Combined TRACON& Tower with Radar,261,38,32,0,331,0,16,12,1,29,261,54,44,1,360,0,0,0,360
06/24/2014,MSY,LA,ASW,CE,Combined TRACON& Tower with Radar,274,39,38,3,354,0,10,8,0,18,274,49,46,3,372,0,0,0,372
06/25/2014,MSY,LA,ASW,CE,Combined TRACON& Tower with Radar,271,26,28,0,325,0,13,10,1,24,271,39,38,1,349,0,0,0,349
06/26/2014,MSY,LA,ASW,CE,Combined TRACON& Tower with Radar,277,31,37,2,347,0,13,5,2,20,277,44,42,4,367,0,0,0,367
06/27/2014,MSY,LA,ASW,CE,Combined TRACON& Tower with Radar,272,36,19,2,329,0,11,14,4,29,272,47,33,6,358,0,0,0,358
06/28/2014,MSY,LA,ASW,CE,Combined TRACON& Tower with Radar,234,21,17,0,272,0,0,5,0,5,234,21,22,0,277,0,0,0,277
06/29/2014,MSY,LA,ASW,CE,Combined TRACON& Tower with Radar,255,24,30,1,310,0,8,11,3,22,255,32,41,4,332,0,0,0,332
06/30/2014,MSY,LA,ASW,CE,Combined TRACON& Tower with Radar,255,27,32,0,314,0,14,16,0,30,255,41,48,0,344,0,0,0,344
07/01/2014,MSY,LA,ASW,CE,Combined TRACON& Tower with Radar,259,16,23,0,298,0,12,5,2,19,259,28,28,2,317,0,0,0,317
07/02/2014,MSY,LA,ASW,CE,Combined TRACON& Tower with Radar,266,30,33,2,331,0,13,19,4,36,266,43,52,6,367,0,0,0,367
07/03/2014,MSY,LA,ASW,CE,Combined TRACON& Tower with Radar,282,27,17,0,326,0,9,10,3,22,282,36,27,3,348,0,0,0,348
07/04/2014,MSY,LA,ASW,CE,Combined TRACON& Tower with Radar,201,19,13,0,233,0,5,5,0,10,201,24,18,0,243,0,0,0,243
07/05/2014,MSY,LA,ASW,CE,Combined TRACON& Tower with Radar,218,27,10,3,258,0,0,8,2,10,218,27,18,5,268,0,0,0,268
07/06/2014,MSY,LA,ASW,CE,Combined TRACON& Tower with Radar,264,34,28,0,326,0,2,9,0,11,264,36,37,0,337,0,0,0,337
07/07/2014,MSY,LA,ASW,CE,Combined TRACON& Tower with Radar,270,38,45,0,353,0,15,7,6,28,270,53,52,6,381,0,0,0,381
07/08/2014,MSY,LA,ASW,CE,Combined TRACON& Tower with Radar,266,39,35,0,340,0,13,12,4,29,266,52,47,4,369,0,0,0,369
07/09/2014,MSY,LA,ASW,CE,Combined TRACON& Tower with Radar,269,33,25,0,327,0,15,8,0,23,269,48,33,0,350,0,0,0,350
07/10/2014,MSY,LA,ASW,CE,Combined TRACON& Tower with Radar,265,47,40,2,354,0,12,19,0,31,265,59,59,2,385,0,0,0,385
07/11/2014,MSY,LA,ASW,CE,Combined TRACON& Tower with Radar,272,41,32,2,347,0,17,4,0,21,272,58,36,2,368,0,0,0,368
07/12/2014,MSY,LA,ASW,CE,Combined TRACON& Tower with Radar,221,23,16,0,260,0,2,13,0,15,221,25,29,0,275,0,0,0,275
07/13/2014,MSY,LA,ASW,CE,Combined TRACON& Tower with Radar,262,24,25,0,311,0,8,6,0,14,262,32,31,0,325,0,0,0,325
07/14/2014,MSY,LA,ASW,CE,Combined TRACON& Tower with Radar,253,31,26,4,314,0,25,24,0,49,253,56,50,4,363,0,0,0,363
07/15/2014,MSY,LA,ASW,CE,Combined TRACON& Tower with Radar,249,36,20,0,305,0,20,3,0,23,249,56,23,0,328,0,0,0,328
07/16/2014,MSY,LA,ASW,CE,Combined TRACON& Tower with Radar,261,37,26,0,324,0,18,12,0,30,261,55,38,0,354,0,0,0,354
07/17/2014,MSY,LA,ASW,CE,Combined TRACON& Tower with Radar,261,32,24,4,321,0,15,7,2,24,261,47,31,6,345,0,0,0,345
07/18/2014,MSY,LA,ASW,CE,Combined TRACON& Tower with Radar,263,32,22,0,317,0,2,10,0,12,263,34,32,0,329,0,0,0,329
07/19/2014,MSY,LA,ASW,CE,Combined TRACON& Tower with Radar,218,30,10,0,258,0,0,2,0,2,218,30,12,0,260,0,0,0,260
07/20/2014,MSY,LA,ASW,CE,Combined TRACON& Tower with Radar,268,25,29,0,322,0,0,2,0,2,268,25,31,0,324,0,0,0,324
07/21/2014,MSY,LA,ASW,CE,Combined TRACON& Tower with Radar,260,36,23,2,321,0,15,3,0,18,260,51,26,2,339,0,0,0,339
07/22/2014,MSY,LA,ASW,CE,Combined TRACON& Tower with Radar,263,36,32,0,331,0,14,10,0,24,263,50,42,0,355,0,0,0,355
07/23/2014,MSY,LA,ASW,CE,Combined TRACON& Tower with Radar,253,36,35,0,324,0,16,12,1,29,253,52,47,1,353,0,0,0,353
07/24/2014,MSY,LA,ASW,CE,Combined TRACON& Tower with Radar,262,44,28,2,336,0,12,13,4,29,262,56,41,6,365,0,0,0,365
07/25/2014,MSY,LA,ASW,CE,Combined TRACON& Tower with Radar,271,45,37,2,355,0,14,3,2,19,271,59,40,4,374,0,0,0,374
07/26/2014,MSY,LA,ASW,CE,Combined TRACON& Tower with Radar,217,32,7,2,258,0,4,4,2,10,217,36,11,4,268,0,0,0,268
07/27/2014,MSY,LA,ASW,CE,Combined TRACON& Tower with Radar,265,21,31,0,317,0,8,5,2,15,265,29,36,2,332,0,0,0,332
07/28/2014,MSY,LA,ASW,CE,Combined TRACON& Tower with Radar,258,38,37,0,333,0,16,4,0,20,258,54,41,0,353,0,0,0,353
07/29/2014,MSY,LA,ASW,CE,Combined TRACON& Tower with Radar,258,35,22,0,315,0,8,12,4,24,258,43,34,4,339,0,0,0,339
07/30/2014,MSY,LA,ASW,CE,Combined TRACON& Tower with Radar,259,34,22,6,321,0,7,14,0,21,259,41,36,6,342,0,0,0,342
07/31/2014,MSY,LA,ASW,CE,Combined TRACON& Tower with Radar,265,36,37,10,348,0,14,12,4,30,265,50,49,14,378,0,0,0,378
08/01/2014,MSY,LA,ASW,CE,Combined TRACON& Tower with Radar,266,34,23,1,324,0,10,17,5,32,266,44,40,6,356,0,0,0,356
08/02/2014,MSY,LA,ASW,CE,Combined TRACON& Tower with Radar,226,34,8,0,268,0,4,9,0,13,226,38,17,0,281,0,0,0,281
08/03/2014,MSY,LA,ASW,CE,Combined TRACON& Tower with Radar,272,24,22,0,318,0,6,9,0,15,272,30,31,0,333,0,0,0,333
08/04/2014,MSY,LA,ASW,CE,Combined TRACON& Tower with Radar,265,29,19,0,313,0,15,7,1,23,265,44,26,1,336,0,0,0,336
08/05/2014,MSY,LA,ASW,CE,Combined TRACON& Tower with Radar,266,32,29,0,327,0,20,10,0,30,266,52,39,0,357,0,0,0,357
08/06/2014,MSY,LA,ASW,CE,Combined TRACON& Tower with Radar,272,33,34,4,343,0,12,14,0,26,272,45,48,4,369,0,0,0,369
08/07/2014,MSY,LA,ASW,CE,Combined TRACON& Tower with Radar,264,34,45,0,343,0,12,16,0,28,264,46,61,0,371,0,0,0,371
08/08/2014,MSY,LA,ASW,CE,Combined TRACON& Tower with Radar,264,45,18,0,327,0,18,11,0,29,264,63,29,0,356,0,0,0,356
08/09/2014,MSY,LA,ASW,CE,Combined TRACON& Tower with Radar,225,31,17,4,277,0,3,6,0,9,225,34,23,4,286,0,0,0,286
08/10/2014,MSY,LA,ASW,CE,Combined TRACON& Tower with Radar,264,19,19,0,302,0,0,19,3,22,264,19,38,3,324,0,0,0,324
08/11/2014,MSY,LA,ASW,CE,Combined TRACON& Tower with Radar,258,33,17,0,308,0,11,6,0,17,258,44,23,0,325,0,0,0,325
08/12/2014,MSY,LA,ASW,CE,Combined TRACON& Tower with Radar,256,28,26,10,320,0,12,9,3,24,256,40,35,13,344,0,0,0,344
08/13/2014,MSY,LA,ASW,CE,Combined TRACON& Tower with Radar,265,34,25,0,324,0,12,7,0,19,265,46,32,0,343,0,0,0,343
08/14/2014,MSY,LA,ASW,CE,Combined TRACON& Tower with Radar,262,36,36,3,337,0,14,17,0,31,262,50,53,3,368,0,0,0,368
08/15/2014,MSY,LA,ASW,CE,Combined TRACON& Tower with Radar,264,36,32,1,333,0,10,13,2,25,264,46,45,3,358,0,0,0,358
08/16/2014,MSY,LA,ASW,CE,Combined TRACON& Tower with Radar,215,30,19,0,264,0,4,16,0,20,215,34,35,0,284,0,0,0,284
08/17/2014,MSY,LA,ASW,CE,Combined TRACON& Tower with Radar,253,21,44,0,318,0,2,15,0,17,253,23,59,0,335,0,0,0,335
08/18/2014,MSY,LA,ASW,CE,Combined TRACON& Tower with Radar,262,24,35,0,321,0,13,0,2,15,262,37,35,2,336,0,0,0,336
08/19/2014,MSY,LA,ASW,CE,Combined TRACON& Tower with Radar,257,18,34,0,309,0,18,10,0,28,257,36,44,0,337,0,0,0,337
08/20/2014,MSY,LA,ASW,CE,Combined TRACON& Tower with Radar,257,26,38,0,321,0,15,10,0,25,257,41,48,0,346,0,0,0,346
08/21/2014,MSY,LA,ASW,CE,Combined TRACON& Tower with Radar,264,27,28,0,319,0,11,11,4,26,264,38,39,4,345,0,0,0,345
08/22/2014,MSY,LA,ASW,CE,Combined TRACON& Tower with Radar,269,27,15,0,311,0,18,17,4,39,269,45,32,4,350,0,0,0,350
08/23/2014,MSY,LA,ASW,CE,Combined TRACON& Tower with Radar,211,15,13,0,239,0,5,6,0,11,211,20,19,0,250,0,0,0,250
08/24/2014,MSY,LA,ASW,CE,Combined TRACON& Tower with Radar,249,29,24,0,302,0,4,10,0,14,249,33,34,0,316,0,0,0,316
08/25/2014,MSY,LA,ASW,CE,Combined TRACON& Tower with Radar,260,24,22,2,308,0,3,10,0,13,260,27,32,2,321,0,0,0,321
08/26/2014,MSY,LA,ASW,CE,Combined TRACON& Tower with Radar,261,22,33,0,316,0,12,6,0,18,261,34,39,0,334,0,0,0,334
08/27/2014,MSY,LA,ASW,CE,Combined TRACON& Tower with Radar,255,20,27,2,304,0,12,8,2,22,255,32,35,4,326,0,0,0,326
08/28/2014,MSY,LA,ASW,CE,Combined TRACON& Tower with Radar,273,28,37,6,344,0,12,7,3,22,273,40,44,9,366,0,0,0,366
08/29/2014,MSY,LA,ASW,CE,Combined TRACON& Tower with Radar,269,31,22,0,322,0,15,5,0,20,269,46,27,0,342,0,0,0,342
08/30/2014,MSY,LA,ASW,CE,Combined TRACON& Tower with Radar,193,13,9,0,215,0,0,5,1,6,193,13,14,1,221,0,0,0,221
08/31/2014,MSY,LA,ASW,CE,Combined TRACON& Tower with Radar,177,15,13,0,205,0,1,5,3,9,177,16,18,3,214,0,0,0,214
09/01/2014,MSY,LA,ASW,CE,Combined TRACON& Tower with Radar,238,15,19,0,272,0,2,4,2,8,238,17,23,2,280,0,0,0,280
09/02/2014,MSY,LA,ASW,CE,Combined TRACON& Tower with Radar,260,26,31,2,319,0,16,7,3,26,260,42,38,5,345,0,0,0,345
09/03/2014,MSY,LA,ASW,CE,Combined TRACON& Tower with Radar,246,21,19,0,286,0,22,5,0,27,246,43,24,0,313,0,0,0,313
09/04/2014,MSY,LA,ASW,CE,Combined TRACON& Tower with Radar,248,21,46,0,315,0,10,15,0,25,248,31,61,0,340,0,0,0,340
09/05/2014,MSY,LA,ASW,CE,Combined TRACON& Tower with Radar,249,23,20,0,292,0,0,17,0,17,249,23,37,0,309,0,0,0,309
09/06/2014,MSY,LA,ASW,CE,Combined TRACON& Tower with Radar,206,13,9,4,232,0,0,5,0,5,206,13,14,4,237,0,0,0,237
09/07/2014,MSY,LA,ASW,CE,Combined TRACON& Tower with Radar,254,22,20,0,296,0,5,8,0,13,254,27,28,0,309,0,0,0,309
09/08/2014,MSY,LA,ASW,CE,Combined TRACON& Tower with Radar,272,24,18,0,314,0,9,16,0,25,272,33,34,0,339,0,0,0,339
09/09/2014,MSY,LA,ASW,CE,Combined TRACON& Tower with Radar,253,23,26,0,302,0,19,18,0,37,253,42,44,0,339,0,0,0,339
09/10/2014,MSY,LA,ASW,CE,Combined TRACON& Tower with Radar,254,27,23,1,305,0,14,8,0,22,254,41,31,1,327,0,0,0,327
09/11/2014,MSY,LA,ASW,CE,Combined TRACON& Tower with Radar,267,31,28,3,329,0,18,3,0,21,267,49,31,3,350,0,0,0,350
09/12/2014,MSY,LA,ASW,CE,Combined TRACON& Tower with Radar,270,27,27,0,324,0,20,8,3,31,270,47,35,3,355,0,0,0,355
09/13/2014,MSY,LA,ASW,CE,Combined TRACON& Tower with Radar,206,23,16,0,245,0,4,2,0,6,206,27,18,0,251,0,0,0,251
09/14/2014,MSY,LA,ASW,CE,Combined TRACON& Tower with Radar,252,24,19,0,295,0,1,2,1,4,252,25,21,1,299,0,0,0,299
09/15/2014,MSY,LA,ASW,CE,Combined TRACON& Tower with Radar,270,23,17,1,311,0,8,4,1,13,270,31,21,2,324,0,0,0,324
09/16/2014,MSY,LA,ASW,CE,Combined TRACON& Tower with Radar,253,15,20,0,288,0,1,1,0,2,253,16,21,0,290,0,0,0,290
09/17/2014,MSY,LA,ASW,CE,Combined TRACON& Tower with Radar,259,36,39,0,334,0,11,13,0,24,259,47,52,0,358,0,0,0,358
09/18/2014,MSY,LA,ASW,CE,Combined TRACON& Tower with Radar,273,36,49,0,358,0,13,9,0,22,273,49,58,0,380,0,0,0,380
09/19/2014,MSY,LA,ASW,CE,Combined TRACON& Tower with Radar,275,27,26,0,328,0,11,15,0,26,275,38,41,0,354,0,0,0,354
09/20/2014,MSY,LA,ASW,CE,Combined TRACON& Tower with Radar,216,11,31,0,258,0,2,15,0,17,216,13,46,0,275,0,0,0,275
09/21/2014,MSY,LA,ASW,CE,Combined TRACON& Tower with Radar,267,10,34,0,311,0,3,18,0,21,267,13,52,0,332,0,0,0,332
09/22/2014,MSY,LA,ASW,CE,Combined TRACON& Tower with Radar,275,13,17,2,307,0,13,10,3,26,275,26,27,5,333,0,0,0,333
09/23/2014,MSY,LA,ASW,CE,Combined TRACON& Tower with Radar,263,12,25,0,300,0,16,3,0,19,263,28,28,0,319,0,0,0,319
09/24/2014,MSY,LA,ASW,CE,Combined TRACON& Tower with Radar,265,23,27,2,317,0,19,4,0,23,265,42,31,2,340,0,0,0,340
09/25/2014,MSY,LA,ASW,CE,Combined TRACON& Tower with Radar,272,17,31,0,320,0,12,10,2,24,272,29,41,2,344,0,0,0,344
09/26/2014,MSY,LA,ASW,CE,Combined TRACON& Tower with Radar,263,15,37,4,319,0,10,6,3,19,263,25,43,7,338,0,0,0,338
09/27/2014,MSY,LA,ASW,CE,Combined TRACON& Tower with Radar,206,24,18,0,248,0,9,4,2,15,206,33,22,2,263,0,0,0,263
09/28/2014,MSY,LA,ASW,CE,Combined TRACON& Tower with Radar,267,11,33,1,312,0,4,0,0,4,267,15,33,1,316,0,0,0,316
09/29/2014,MSY,LA,ASW,CE,Combined TRACON& Tower with Radar,276,18,40,4,338,0,12,2,0,14,276,30,42,4,352,0,0,0,352
09/30/2014,MSY,LA,ASW,CE,Combined TRACON& Tower with Radar,264,24,36,2,326,0,17,7,2,26,264,41,43,4,352,0,0,0,352
10/01/2014,MSY,LA,ASW,CE,Combined TRACON& Tower with Radar,277,23,22,0,322,0,22,10,0,32,277,45,32,0,354,0,0,0,354
10/02/2014,MSY,LA,ASW,CE,Combined TRACON& Tower with Radar,270,20,34,0,324,0,12,1,1,14,270,32,35,1,338,0,0,0,338
10/03/2014,MSY,LA,ASW,CE,Combined TRACON& Tower with Radar,286,24,41,1,352,0,2,15,3,20,286,26,56,4,372,0,0,0,372
10/04/2014,MSY,LA,ASW,CE,Combined TRACON& Tower with Radar,217,13,17,2,249,0,7,12,0,19,217,20,29,2,268,0,0,0,268
10/05/2014,MSY,LA,ASW,CE,Combined TRACON& Tower with Radar,268,22,38,7,335,0,8,20,1,29,268,30,58,8,364,0,0,0,364
10/06/2014,MSY,LA,ASW,CE,Combined TRACON& Tower with Radar,289,11,23,1,324,0,20,9,0,29,289,31,32,1,353,0,0,0,353
10/07/2014,MSY,LA,ASW,CE,Combined TRACON& Tower with Radar,280,15,23,0,318,0,27,7,0,34,280,42,30,0,352,0,0,0,352
10/08/2014,MSY,LA,ASW,CE,Combined TRACON& Tower with Radar,288,31,44,2,365,0,22,11,3,36,288,53,55,5,401,0,0,0,401
10/09/2014,MSY,LA,ASW,CE,Combined TRACON& Tower with Radar,291,25,31,0,347,0,20,6,2,28,291,45,37,2,375,0,0,0,375
10/10/2014,MSY,LA,ASW,CE,Combined TRACON& Tower with Radar,284,28,48,1,361,0,14,11,1,26,284,42,59,2,387,0,0,0,387
10/11/2014,MSY,LA,ASW,CE,Combined TRACON& Tower with Radar,227,17,22,0,266,0,7,16,1,24,227,24,38,1,290,0,0,0,290
10/12/2014,MSY,LA,ASW,CE,Combined TRACON& Tower with Radar,274,22,35,0,331,0,3,4,2,9,274,25,39,2,340,0,0,0,340
10/13/2014,MSY,LA,ASW,CE,Combined TRACON& Tower with Radar,274,19,37,0,330,0,9,12,0,21,274,28,49,0,351,0,0,0,351
10/14/2014,MSY,LA,ASW,CE,Combined TRACON& Tower with Radar,282,19,38,2,341,0,23,0,1,24,282,42,38,3,365,0,0,0,365
10/15/2014,MSY,LA,ASW,CE,Combined TRACON& Tower with Radar,282,31,39,4,356,0,29,3,1,33,282,60,42,5,389,0,0,0,389
10/16/2014,MSY,LA,ASW,CE,Combined TRACON& Tower with Radar,287,26,42,2,357,0,19,5,0,24,287,45,47,2,381,0,0,0,381
10/17/2014,MSY,LA,ASW,CE,Combined TRACON& Tower with Radar,283,32,21,2,338,0,15,8,0,23,283,47,29,2,361,0,0,0,361
10/18/2014,MSY,LA,ASW,CE,Combined TRACON& Tower with Radar,232,18,17,4,271,0,0,9,0,9,232,18,26,4,280,0,0,0,280
10/19/2014,MSY,LA,ASW,CE,Combined TRACON& Tower with Radar,279,25,23,2,329,0,7,12,0,19,279,32,35,2,348,0,0,0,348
10/20/2014,MSY,LA,ASW,CE,Combined TRACON& Tower with Radar,281,28,32,0,341,0,24,13,1,38,281,52,45,1,379,0,0,0,379
10/21/2014,MSY,LA,ASW,CE,Combined TRACON& Tower with Radar,280,24,26,6,336,0,38,14,5,57,280,62,40,11,393,0,0,0,393
10/22/2014,MSY,LA,ASW,CE,Combined TRACON& Tower with Radar,285,16,33,2,336,0,25,9,3,37,285,41,42,5,373,0,0,0,373
10/23/2014,MSY,LA,ASW,CE,Combined TRACON& Tower with Radar,288,24,41,3,356,0,24,13,0,37,288,48,54,3,393,0,0,0,393
10/24/2014,MSY,LA,ASW,CE,Combined TRACON& Tower with Radar,285,31,36,0,352,0,22,9,6,37,285,53,45,6,389,0,0,0,389
10/25/2014,MSY,LA,ASW,CE,Combined TRACON& Tower with Radar,227,21,11,0,259,0,10,8,1,19,227,31,19,1,278,0,0,0,278
10/26/2014,MSY,LA,ASW,CE,Combined TRACON& Tower with Radar,259,30,36,2,327,0,0,15,0,15,259,30,51,2,342,0,0,0,342
10/27/2014,MSY,LA,ASW,CE,Combined TRACON& Tower with Radar,280,30,37,0,347,0,13,1,4,18,280,43,38,4,365,0,0,0,365
10/28/2014,MSY,LA,ASW,CE,Combined TRACON& Tower with Radar,271,19,44,1,335,0,12,7,3,22,271,31,51,4,357,0,0,0,357
10/29/2014,MSY,LA,ASW,CE,Combined TRACON& Tower with Radar,278,29,49,2,358,0,16,3,2,21,278,45,52,4,379,0,0,0,379
10/30/2014,MSY,LA,ASW,CE,Combined TRACON& Tower with Radar,281,23,36,4,344,0,2,20,1,23,281,25,56,5,367,0,0,0,367
10/31/2014,MSY,LA,ASW,CE,Combined TRACON& Tower with Radar,260,21,28,3,312,0,16,13,0,29,260,37,41,3,341,0,0,0,341
11/01/2014,MSY,LA,ASW,CE,Combined TRACON& Tower with Radar,236,15,12,0,263,0,0,9,0,9,236,15,21,0,272,0,0,0,272
11/02/2014,MSY,LA,ASW,CE,Combined TRACON& Tower with Radar,266,25,19,0,310,0,6,12,0,18,266,31,31,0,328,0,0,0,328
11/03/2014,MSY,LA,ASW,CE,Combined TRACON& Tower with Radar,284,21,31,2,338,0,18,14,3,35,284,39,45,5,373,0,0,0,373
11/04/2014,MSY,LA,ASW,CE,Combined TRACON& Tower with Radar,280,22,22,4,328,0,27,11,3,41,280,49,33,7,369,0,0,0,369
11/05/2014,MSY,LA,ASW,CE,Combined TRACON& Tower with Radar,285,26,34,0,345,0,13,15,0,28,285,39,49,0,373,0,0,0,373
11/06/2014,MSY,LA,ASW,CE,Combined TRACON& Tower with Radar,290,32,45,2,369,0,7,10,0,17,290,39,55,2,386,0,0,0,386
11/07/2014,MSY,LA,ASW,CE,Combined TRACON& Tower with Radar,294,29,30,5,358,0,24,4,0,28,294,53,34,5,386,0,0,0,386
11/08/2014,MSY,LA,ASW,CE,Combined TRACON& Tower with Radar,251,12,18,3,284,0,16,20,2,38,251,28,38,5,322,0,0,0,322
11/09/2014,MSY,LA,ASW,CE,Combined TRACON& Tower with Radar,269,36,44,0,349,0,3,16,0,19,269,39,60,0,368,0,0,0,368
11/10/2014,MSY,LA,ASW,CE,Combined TRACON& Tower with Radar,281,26,34,0,341,0,23,15,2,40,281,49,49,2,381,0,0,0,381
11/11/2014,MSY,LA,ASW,CE,Combined TRACON& Tower with Radar,288,21,41,0,350,0,22,2,0,24,288,43,43,0,374,0,0,0,374
11/12/2014,MSY,LA,ASW,CE,Combined TRACON& Tower with Radar,289,31,44,4,368,0,26,2,0,28,289,57,46,4,396,0,0,0,396
11/13/2014,MSY,LA,ASW,CE,Combined TRACON& Tower with Radar,292,21,22,0,335,0,2,10,1,13,292,23,32,1,348,0,0,0,348
11/14/2014,MSY,LA,ASW,CE,Combined TRACON& Tower with Radar,291,39,35,0,365,0,20,11,2,33,291,59,46,2,398,0,0,0,398
11/15/2014,MSY,LA,ASW,CE,Combined TRACON& Tower with Radar,248,25,15,0,288,0,4,20,7,31,248,29,35,7,319,0,0,0,319
11/16/2014,MSY,LA,ASW,CE,Combined TRACON& Tower with Radar,270,38,32,0,340,0,6,12,2,20,270,44,44,2,360,0,0,0,360
11/17/2014,MSY,LA,ASW,CE,Combined TRACON& Tower with Radar,287,20,41,3,351,0,9,5,3,17,287,29,46,6,368,0,0,0,368
11/18/2014,MSY,LA,ASW,CE,Combined TRACON& Tower with Radar,287,20,30,4,341,0,22,11,1,34,287,42,41,5,375,0,0,0,375
11/19/2014,MSY,LA,ASW,CE,Combined TRACON& Tower with Radar,293,24,36,1,354,0,32,9,0,41,293,56,45,1,395,0,0,0,395
11/20/2014,MSY,LA,ASW,CE,Combined TRACON& Tower with Radar,292,21,31,4,348,0,24,16,2,42,292,45,47,6,390,0,0,0,390
11/21/2014,MSY,LA,ASW,CE,Combined TRACON& Tower with Radar,290,35,37,5,367,0,18,12,2,32,290,53,49,7,399,0,0,0,399
11/22/2014,MSY,LA,ASW,CE,Combined TRACON& Tower with Radar,258,20,25,0,303,0,4,13,0,17,258,24,38,0,320,0,0,0,320
11/23/2014,MSY,LA,ASW,CE,Combined TRACON& Tower with Radar,267,24,18,2,311,0,1,1,0,2,267,25,19,2,313,0,0,0,313
11/24/2014,MSY,LA,ASW,CE,Combined TRACON& Tower with Radar,273,25,34,11,343,0,7,15,0,22,273,32,49,11,365,0,0,0,365
11/25/2014,MSY,LA,ASW,CE,Combined TRACON& Tower with Radar,300,27,31,5,363,0,8,8,4,20,300,35,39,9,383,0,0,0,383
11/26/2014,MSY,LA,ASW,CE,Combined TRACON& Tower with Radar,286,26,28,0,340,0,6,11,0,17,286,32,39,0,357,0,0,0,357
11/27/2014,MSY,LA,ASW,CE,Combined TRACON& Tower with Radar,191,12,1,0,204,0,0,0,0,0,191,12,1,0,204,0,0,0,204
11/28/2014,MSY,LA,ASW,CE,Combined TRACON& Tower with Radar,216,25,14,0,255,0,10,16,2,28,216,35,30,2,283,0,0,0,283
11/29/2014,MSY,LA,ASW,CE,Combined TRACON& Tower with Radar,271,21,19,0,311,0,8,12,0,20,271,29,31,0,331,0,0,0,331
11/30/2014,MSY,LA,ASW,CE,Combined TRACON& Tower with Radar,301,33,36,0,370,0,1,16,0,17,301,34,52,0,387,0,0,0,387
12/01/2014,MSY,LA,ASW,CE,Combined TRACON& Tower with Radar,298,19,21,0,338,0,23,12,0,35,298,42,33,0,373,0,0,0,373
12/02/2014,MSY,LA,ASW,CE,Combined TRACON& Tower with Radar,286,31,44,0,361,0,13,5,4,22,286,44,49,4,383,0,0,0,383
12/03/2014,MSY,LA,ASW,CE,Combined TRACON& Tower with Radar,284,48,38,6,376,0,14,4,0,18,284,62,42,6,394,0,0,0,394
12/04/2014,MSY,LA,ASW,CE,Combined TRACON& Tower with Radar,290,25,38,4,357,0,10,8,2,20,290,35,46,6,377,0,0,0,377
12/05/2014,MSY,LA,ASW,CE,Combined TRACON& Tower with Radar,299,24,45,1,369,0,20,4,2,26,299,44,49,3,395,0,0,0,395
12/06/2014,MSY,LA,ASW,CE,Combined TRACON& Tower with Radar,235,16,21,0,272,0,5,6,0,11,235,21,27,0,283,0,0,0,283
12/07/2014,MSY,LA,ASW,CE,Combined TRACON& Tower with Radar,272,10,26,1,309,0,2,12,0,14,272,12,38,1,323,0,0,0,323
12/08/2014,MSY,LA,ASW,CE,Combined TRACON& Tower with Radar,284,21,27,0,332,0,19,11,0,30,284,40,38,0,362,0,0,0,362
12/09/2014,MSY,LA,ASW,CE,Combined TRACON& Tower with Radar,278,20,23,1,322,0,22,10,0,32,278,42,33,1,354,0,0,0,354
12/10/2014,MSY,LA,ASW,CE,Combined TRACON& Tower with Radar,277,24,43,2,346,0,25,12,2,39,277,49,55,4,385,0,0,0,385
12/11/2014,MSY,LA,ASW,CE,Combined TRACON& Tower with Radar,294,28,42,3,367,0,16,11,6,33,294,44,53,9,400,0,0,0,400
12/12/2014,MSY,LA,ASW,CE,Combined TRACON& Tower with Radar,296,25,24,10,355,0,30,15,4,49,296,55,39,14,404,0,0,0,404
12/13/2014,MSY,LA,ASW,CE,Combined TRACON& Tower with Radar,235,30,13,0,278,0,13,3,1,17,235,43,16,1,295,0,0,0,295
12/14/2014,MSY,LA,ASW,CE,Combined TRACON& Tower with Radar,267,29,27,3,326,0,8,22,0,30,267,37,49,3,356,0,0,0,356
12/15/2014,MSY,LA,ASW,CE,Combined TRACON& Tower with Radar,282,25,26,1,334,0,16,15,0,31,282,41,41,1,365,0,0,0,365
12/16/2014,MSY,LA,ASW,CE,Combined TRACON& Tower with Radar,290,15,33,5,343,0,16,18,0,34,290,31,51,5,377,0,0,0,377
12/17/2014,MSY,LA,ASW,CE,Combined TRACON& Tower with Radar,288,16,22,2,328,0,6,18,1,25,288,22,40,3,353,0,0,0,353
12/18/2014,MSY,LA,ASW,CE,Combined TRACON& Tower with Radar,283,25,45,2,355,0,13,9,0,22,283,38,54,2,377,0,0,0,377
12/19/2014,MSY,LA,ASW,CE,Combined TRACON& Tower with Radar,296,34,30,1,361,0,0,2,0,2,296,34,32,1,363,0,0,0,363
12/20/2014,MSY,LA,ASW,CE,Combined TRACON& Tower with Radar,276,16,18,3,313,0,4,0,0,4,276,20,18,3,317,0,0,0,317
12/21/2014,MSY,LA,ASW,CE,Combined TRACON& Tower with Radar,265,26,21,0,312,0,3,9,0,12,265,29,30,0,324,0,0,0,324
12/22/2014,MSY,LA,ASW,CE,Combined TRACON& Tower with Radar,275,20,37,0,332,0,2,6,0,8,275,22,43,0,340,0,0,0,340
12/23/2014,MSY,LA,ASW,CE,Combined TRACON& Tower with Radar,285,11,11,0,307,0,0,0,0,0,285,11,11,0,307,0,0,0,307
12/24/2014,MSY,LA,ASW,CE,Combined TRACON& Tower with Radar,225,16,9,0,250,0,3,7,0,10,225,19,16,0,260,0,0,0,260
12/25/2014,MSY,LA,ASW,CE,Combined TRACON& Tower with Radar,201,7,7,0,215,0,1,2,0,3,201,8,9,0,218,0,0,0,218
12/26/2014,MSY,LA,ASW,CE,Combined TRACON& Tower with Radar,276,24,19,0,319,0,3,4,0,7,276,27,23,0,326,0,0,0,326
12/27/2014,MSY,LA,ASW,CE,Combined TRACON& Tower with Radar,274,13,12,1,300,0,0,0,0,0,274,13,12,1,300,0,0,0,300
12/28/2014,MSY,LA,ASW,CE,Combined TRACON& Tower with Radar,280,20,27,0,327,0,0,0,0,0,280,20,27,0,327,0,0,0,327
12/29/2014,MSY,LA,ASW,CE,Combined TRACON& Tower with Radar,275,22,25,2,324,0,4,2,0,6,275,26,27,2,330,0,0,0,330
12/30/2014,MSY,LA,ASW,CE,Combined TRACON& Tower with Radar,308,23,22,1,354,0,0,0,0,0,308,23,22,1,354,0,0,0,354
12/31/2014,MSY,LA,ASW,CE,Combined TRACON& Tower with Radar,239,18,27,0,284,0,15,6,2,23,239,33,33,2,307,0,0,0,307
01/01/2015,MSY,LA,ASW,CE,Combined TRACON& Tower with Radar,227,27,24,0,278,0,1,4,0,5,227,28,28,0,283,0,0,0,283
01/02/2015,MSY,LA,ASW,CE,Combined TRACON& Tower with Radar,315,59,39,0,413,0,7,5,0,12,315,66,44,0,425,0,0,0,425
01/03/2015,MSY,LA,ASW,CE,Combined TRACON& Tower with Radar,271,21,24,0,316,0,0,4,0,4,271,21,28,0,320,0,0,0,320
01/04/2015,MSY,LA,ASW,CE,Combined TRACON& Tower with Radar,267,30,39,0,336,0,0,10,0,10,267,30,49,0,346,0,0,0,346
01/05/2015,MSY,LA,ASW,CE,Combined TRACON& Tower with Radar,282,19,32,0,333,0,13,4,0,17,282,32,36,0,350,0,0,0,350
01/06/2015,MSY,LA,ASW,CE,Combined TRACON& Tower with Radar,277,16,19,0,312,0,28,12,10,50,277,44,31,10,362,0,0,0,362
01/07/2015,MSY,LA,ASW,CE,Combined TRACON& Tower with Radar,283,19,21,5,328,0,14,14,4,32,283,33,35,9,360,0,0,0,360
01/08/2015,MSY,LA,ASW,CE,Combined TRACON& Tower with Radar,290,19,38,0,347,0,10,11,1,22,290,29,49,1,369,0,0,0,369
01/09/2015,MSY,LA,ASW,CE,Combined TRACON& Tower with Radar,292,17,25,2,336,0,8,4,0,12,292,25,29,2,348,0,0,0,348
01/10/2015,MSY,LA,ASW,CE,Combined TRACON& Tower with Radar,247,22,19,3,291,0,7,27,0,34,247,29,46,3,325,0,0,0,325
01/11/2015,MSY,LA,ASW,CE,Combined TRACON& Tower with Radar,252,15,28,1,296,0,2,2,1,5,252,17,30,2,301,0,0,0,301
01/12/2015,MSY,LA,ASW,CE,Combined TRACON& Tower with Radar,304,29,46,7,386,0,0,5,0,5,304,29,51,7,391,0,0,0,391
01/13/2015,MSY,LA,ASW,CE,Combined TRACON& Tower with Radar,280,25,31,11,347,0,4,8,0,12,280,29,39,11,359,0,0,0,359
01/14/2015,MSY,LA,ASW,CE,Combined TRACON& Tower with Radar,279,22,46,0,347,0,5,0,0,5,279,27,46,0,352,0,0,0,352
01/15/2015,MSY,LA,ASW,CE,Combined TRACON& Tower with Radar,291,14,43,8,356,0,0,2,0,2,291,14,45,8,358,0,0,0,358
01/16/2015,MSY,LA,ASW,CE,Combined TRACON& Tower with Radar,290,24,37,5,356,0,22,8,0,30,290,46,45,5,386,0,0,0,386
01/17/2015,MSY,LA,ASW,CE,Combined TRACON& Tower with Radar,246,11,16,1,274,0,6,9,0,15,246,17,25,1,289,0,0,0,289
01/18/2015,MSY,LA,ASW,CE,Combined TRACON& Tower with Radar,261,16,19,1,297,0,2,10,0,12,261,18,29,1,309,0,0,0,309
01/19/2015,MSY,LA,ASW,CE,Combined TRACON& Tower with Radar,293,22,29,1,345,0,24,8,2,34,293,46,37,3,379,0,0,0,379
01/20/2015,MSY,LA,ASW,CE,Combined TRACON& Tower with Radar,284,23,34,0,341,0,18,10,8,36,284,41,44,8,377,0,0,0,377
01/21/2015,MSY,LA,ASW,CE,Combined TRACON& Tower with Radar,282,29,40,0,351,0,13,14,11,38,282,42,54,11,389,0,0,0,389
01/22/2015,MSY,LA,ASW,CE,Combined TRACON& Tower with Radar,294,16,29,0,339,0,18,0,0,18,294,34,29,0,357,0,0,0,357
01/23/2015,MSY,LA,ASW,CE,Combined TRACON& Tower with Radar,296,31,30,4,361,0,1,0,0,1,296,32,30,4,362,0,0,0,362
01/24/2015,MSY,LA,ASW,CE,Combined TRACON& Tower with Radar,249,8,20,1,278,0,3,18,0,21,249,11,38,1,299,0,0,0,299
01/25/2015,MSY,LA,ASW,CE,Combined TRACON& Tower with Radar,270,28,29,1,328,0,1,7,0,8,270,29,36,1,336,0,0,0,336
01/26/2015,MSY,LA,ASW,CE,Combined TRACON& Tower with Radar,269,22,16,0,307,0,18,9,4,31,269,40,25,4,338,0,0,0,338
01/27/2015,MSY,LA,ASW,CE,Combined TRACON& Tower with Radar,254,19,40,0,313,0,13,11,7,31,254,32,51,7,344,0,0,0,344
01/28/2015,MSY,LA,ASW,CE,Combined TRACON& Tower with Radar,274,18,35,4,331,0,17,12,4,33,274,35,47,8,364,0,0,0,364
01/29/2015,MSY,LA,ASW,CE,Combined TRACON& Tower with Radar,295,24,32,5,356,0,17,8,0,25,295,41,40,5,381,0,0,0,381
01/30/2015,MSY,LA,ASW,CE,Combined TRACON& Tower with Radar,287,13,41,0,341,0,9,5,2,16,287,22,46,2,357,0,0,0,357
01/31/2015,MSY,LA,ASW,CE,Combined TRACON& Tower with Radar,238,14,12,0,264,0,2,4,1,7,238,16,16,1,271,0,0,0,271
02/01/2015,MSY,LA,ASW,CE,Combined TRACON& Tower with Radar,244,15,21,0,280,0,0,4,0,4,244,15,25,0,284,0,0,0,284
02/02/2015,MSY,LA,ASW,CE,Combined TRACON& Tower with Radar,261,33,26,2,322,0,6,11,0,17,261,39,37,2,339,0,0,0,339
02/03/2015,MSY,LA,ASW,CE,Combined TRACON& Tower with Radar,279,30,37,7,353,0,10,4,1,15,279,40,41,8,368,0,0,0,368
02/04/2015,MSY,LA,ASW,CE,Combined TRACON& Tower with Radar,284,19,36,0,339,0,0,0,0,0,284,19,36,0,339,0,0,0,339
02/05/2015,MSY,LA,ASW,CE,Combined TRACON& Tower with Radar,296,17,35,3,351,0,2,12,7,21,296,19,47,10,372,0,0,0,372
02/06/2015,MSY,LA,ASW,CE,Combined TRACON& Tower with Radar,297,23,24,1,345,0,15,7,4,26,297,38,31,5,371,0,0,0,371
02/07/2015,MSY,LA,ASW,CE,Combined TRACON& Tower with Radar,258,7,23,0,288,0,6,15,3,24,258,13,38,3,312,0,0,0,312
02/08/2015,MSY,LA,ASW,CE,Combined TRACON& Tower with Radar,270,27,27,0,324,0,2,7,2,11,270,29,34,2,335,0,0,0,335
02/09/2015,MSY,LA,ASW,CE,Combined TRACON& Tower with Radar,282,12,30,0,324,0,21,17,0,38,282,33,47,0,362,0,0,0,362
02/10/2015,MSY,LA,ASW,CE,Combined TRACON& Tower with Radar,280,10,23,0,313,0,18,11,3,32,280,28,34,3,345,0,0,0,345
02/11/2015,MSY,LA,ASW,CE,Combined TRACON& Tower with Radar,278,19,30,2,329,0,11,15,4,30,278,30,45,6,359,0,0,0,359
02/12/2015,MSY,LA,ASW,CE,Combined TRACON& Tower with Radar,297,28,30,0,355,0,17,16,1,34,297,45,46,1,389,0,0,0,389
02/13/2015,MSY,LA,ASW,CE,Combined TRACON& Tower with Radar,304,25,24,0,353,0,17,8,0,25,304,42,32,0,378,0,0,0,378
02/14/2015,MSY,LA,ASW,CE,Combined TRACON& Tower with Radar,248,16,12,1,277,0,14,10,0,24,248,30,22,1,301,0,0,0,301
02/15/2015,MSY,LA,ASW,CE,Combined TRACON& Tower with Radar,272,28,19,0,319,0,5,4,0,9,272,33,23,0,328,0,0,0,328
02/16/2015,MSY,LA,ASW,CE,Combined TRACON& Tower with Radar,284,13,27,0,324,0,4,8,2,14,284,17,35,2,338,0,0,0,338
02/17/2015,MSY,LA,ASW,CE,Combined TRACON& Tower with Radar,284,21,15,0,320,0,10,8,4,22,284,31,23,4,342,0,0,0,342
02/18/2015,MSY,LA,ASW,CE,Combined TRACON& Tower with Radar,316,25,23,2,366,0,7,4,5,16,316,32,27,7,382,0,0,0,382
02/19/2015,MSY,LA,ASW,CE,Combined TRACON& Tower with Radar,309,14,19,0,342,0,20,9,3,32,309,34,28,3,374,0,0,0,374
02/20/2015,MSY,LA,ASW,CE,Combined TRACON& Tower with Radar,303,23,32,13,371,0,21,3,4,28,303,44,35,17,399,0,0,0,399
02/21/2015,MSY,LA,ASW,CE,Combined TRACON& Tower with Radar,253,15,25,0,293,0,0,3,0,3,253,15,28,0,296,0,0,0,296
02/22/2015,MSY,LA,ASW,CE,Combined TRACON& Tower with Radar,283,21,55,3,362,0,0,3,0,3,283,21,58,3,365,0,0,0,365
02/23/2015,MSY,LA,ASW,CE,Combined TRACON& Tower with Radar,286,28,34,0,348,0,3,0,0,3,286,31,34,0,351,0,0,0,351
02/24/2015,MSY,LA,ASW,CE,Combined TRACON& Tower with Radar,284,33,32,2,351,0,16,5,5,26,284,49,37,7,377,0,0,0,377
02/25/2015,MSY,LA,ASW,CE,Combined TRACON& Tower with Radar,276,24,42,3,345,0,0,2,0,2,276,24,44,3,347,0,0,0,347
02/26/2015,MSY,LA,ASW,CE,Combined TRACON& Tower with Radar,308,21,59,1,389,0,22,8,2,32,308,43,67,3,421,0,0,0,421
02/27/2015,MSY,LA,ASW,CE,Combined TRACON& Tower with Radar,296,27,24,10,357,0,15,12,0,27,296,42,36,10,384,0,0,0,384
02/28/2015,MSY,LA,ASW,CE,Combined TRACON& Tower with Radar,242,16,19,2,279,0,2,17,0,19,242,18,36,2,298,0,0,0,298
03/01/2015,MSY,LA,ASW,CE,Combined TRACON& Tower with Radar,253,18,33,3,307,0,0,0,0,0,253,18,33,3,307,0,0,0,307
03/02/2015,MSY,LA,ASW,CE,Combined TRACON& Tower with Radar,290,15,30,4,339,0,1,2,0,3,290,16,32,4,342,0,0,0,342
03/03/2015,MSY,LA,ASW,CE,Combined TRACON& Tower with Radar,289,20,36,4,349,0,8,0,6,14,289,28,36,10,363,0,0,0,363
03/04/2015,MSY,LA,ASW,CE,Combined TRACON& Tower with Radar,283,15,33,4,335,0,14,2,1,17,283,29,35,5,352,0,0,0,352
03/05/2015,MSY,LA,ASW,CE,Combined TRACON& Tower with Radar,256,25,28,6,315,0,1,7,0,8,256,26,35,6,323,0,0,0,323
03/06/2015,MSY,LA,ASW,CE,Combined TRACON& Tower with Radar,301,20,16,0,337,0,16,14,1,31,301,36,30,1,368,0,0,0,368
03/07/2015,MSY,LA,ASW,CE,Combined TRACON& Tower with Radar,266,17,26,0,309,0,5,14,6,25,266,22,40,6,334,0,0,0,334
03/08/2015,MSY,LA,ASW,CE,Combined TRACON& Tower with Radar,284,34,31,2,351,0,7,4,0,11,284,41,35,2,362,0,0,0,362
03/09/2015,MSY,LA,ASW,CE,Combined TRACON& Tower with Radar,301,23,18,0,342,0,2,0,0,2,301,25,18,0,344,0,0,0,344
03/10/2015,MSY,LA,ASW,CE,Combined TRACON& Tower with Radar,306,21,25,0,352,0,1,2,0,3,306,22,27,0,355,0,0,0,355
03/11/2015,MSY,LA,ASW,CE,Combined TRACON& Tower with Radar,302,16,40,2,360,0,0,0,0,0,302,16,40,2,360,0,0,0,360
03/12/2015,MSY,LA,ASW,CE,Combined TRACON& Tower with Radar,306,24,28,0,358,0,2,0,1,3,306,26,28,1,361,0,0,0,361
03/13/2015,MSY,LA,ASW,CE,Combined TRACON& Tower with Radar,308,19,32,3,362,0,4,2,0,6,308,23,34,3,368,0,0,0,368
03/14/2015,MSY,LA,ASW,CE,Combined TRACON& Tower with Radar,275,16,19,0,310,0,0,7,0,7,275,16,26,0,317,0,0,0,317
03/15/2015,MSY,LA,ASW,CE,Combined TRACON& Tower with Radar,276,23,33,2,334,0,4,14,0,18,276,27,47,2,352,0,0,0,352
03/16/2015,MSY,LA,ASW,CE,Combined TRACON& Tower with Radar,302,9,21,0,332,0,15,2,0,17,302,24,23,0,349,0,0,0,349
03/17/2015,MSY,LA,ASW,CE,Combined TRACON& Tower with Radar,302,16,30,2,350,0,19,25,0,44,302,35,55,2,394,0,0,0,394
03/18/2015,MSY,LA,ASW,CE,Combined TRACON& Tower with Radar,304,32,41,2,379,0,18,14,2,34,304,50,55,4,413,0,0,0,413
03/19/2015,MSY,LA,ASW,CE,Combined TRACON& Tower with Radar,303,26,40,6,375,0,16,5,0,21,303,42,45,6,396,0,0,0,396
03/20/2015,MSY,LA,ASW,CE,Combined TRACON& Tower with Radar,296,35,68,4,403,0,17,4,1,22,296,52,72,5,425,0,0,0,425
03/21/2015,MSY,LA,ASW,CE,Combined TRACON& Tower with Radar,278,24,18,1,321,0,14,6,0,20,278,38,24,1,341,0,0,0,341
03/22/2015,MSY,LA,ASW,CE,Combined TRACON& Tower with Radar,287,42,67,5,401,0,2,2,0,4,287,44,69,5,405,0,0,0,405
03/23/2015,MSY,LA,ASW,CE,Combined TRACON& Tower with Radar,291,37,50,4,382,0,20,10,0,30,291,57,60,4,412,0,0,0,412
03/24/2015,MSY,LA,ASW,CE,Combined TRACON& Tower with Radar,298,34,46,2,380,0,17,6,1,24,298,51,52,3,404,0,0,0,404
03/25/2015,MSY,LA,ASW,CE,Combined TRACON& Tower with Radar,302,29,35,3,369,0,15,17,1,33,302,44,52,4,402,0,0,0,402
03/26/2015,MSY,LA,ASW,CE,Combined TRACON& Tower with Radar,306,29,38,1,374,0,2,4,0,6,306,31,42,1,380,0,0,0,380
03/27/2015,MSY,LA,ASW,CE,Combined TRACON& Tower with Radar,316,24,34,7,381,0,24,5,1,30,316,48,39,8,411,0,0,0,411
03/28/2015,MSY,LA,ASW,CE,Combined TRACON& Tower with Radar,271,15,20,3,309,0,4,14,2,20,271,19,34,5,329,0,0,0,329
03/29/2015,MSY,LA,ASW,CE,Combined TRACON& Tower with Radar,283,43,44,1,371,0,4,15,0,19,283,47,59,1,390,0,0,0,390
03/30/2015,MSY,LA,ASW,CE,Combined TRACON& Tower with Radar,301,15,14,0,330,0,18,13,2,33,301,33,27,2,363,0,0,0,363
03/31/2015,MSY,LA,ASW,CE,Combined TRACON& Tower with Radar,301,17,33,0,351,0,18,13,1,32,301,35,46,1,383,0,0,0,383
04/01/2015,MSY,LA,ASW,CE,Combined TRACON& Tower with Radar,303,23,36,0,362,0,20,0,0,20,303,43,36,0,382,0,0,0,382
04/02/2015,MSY,LA,ASW,CE,Combined TRACON& Tower with Radar,305,21,31,0,357,0,18,8,2,28,305,39,39,2,385,0,0,0,385
04/03/2015,MSY,LA,ASW,CE,Combined TRACON& Tower with Radar,308,21,25,2,356,0,18,11,3,32,308,39,36,5,388,0,0,0,388
04/04/2015,MSY,LA,ASW,CE,Combined TRACON& Tower with Radar,261,18,14,4,297,0,0,8,1,9,261,18,22,5,306,0,0,0,306
04/05/2015,MSY,LA,ASW,CE,Combined TRACON& Tower with Radar,287,18,7,2,314,0,7,0,0,7,287,25,7,2,321,0,0,0,321
04/06/2015,MSY,LA,ASW,CE,Combined TRACON& Tower with Radar,303,18,29,2,352,0,10,11,0,21,303,28,40,2,373,0,0,0,373
04/07/2015,MSY,LA,ASW,CE,Combined TRACON& Tower with Radar,294,20,39,0,353,0,20,7,2,29,294,40,46,2,382,0,0,0,382
04/08/2015,MSY,LA,ASW,CE,Combined TRACON& Tower with Radar,298,23,34,0,355,0,19,15,4,38,298,42,49,4,393,0,0,0,393
04/09/2015,MSY,LA,ASW,CE,Combined TRACON& Tower with Radar,302,31,52,2,387,0,12,15,2,29,302,43,67,4,416,0,0,0,416
04/10/2015,MSY,LA,ASW,CE,Combined TRACON& Tower with Radar,306,27,46,6,385,0,2,4,0,6,306,29,50,6,391,0,0,0,391
04/11/2015,MSY,LA,ASW,CE,Combined TRACON& Tower with Radar,260,37,19,1,317,0,3,5,1,9,260,40,24,2,326,0,0,0,326
04/12/2015,MSY,LA,ASW,CE,Combined TRACON& Tower with Radar,284,31,68,2,385,0,0,4,0,4,284,31,72,2,389,0,0,0,389
04/13/2015,MSY,LA,ASW,CE,Combined TRACON& Tower with Radar,300,26,26,1,353,0,6,10,1,17,300,32,36,2,370,0,0,0,370
04/14/2015,MSY,LA,ASW,CE,Combined TRACON& Tower with Radar,306,23,19,4,352,0,0,3,0,3,306,23,22,4,355,0,0,0,355
04/15/2015,MSY,LA,ASW,CE,Combined TRACON& Tower with Radar,311,18,33,2,364,0,2,6,0,8,311,20,39,2,372,0,0,0,372
04/16/2015,MSY,LA,ASW,CE,Combined TRACON& Tower with Radar,300,23,35,0,358,0,0,5,0,5,300,23,40,0,363,0,0,0,363
04/17/2015,MSY,LA,ASW,CE,Combined TRACON& Tower with Radar,315,24,39,4,382,0,4,6,0,10,315,28,45,4,392,0,0,0,392
04/18/2015,MSY,LA,ASW,CE,Combined TRACON& Tower with Radar,257,20,21,0,298,0,2,2,6,10,257,22,23,6,308,0,0,0,308
04/19/2015,MSY,LA,ASW,CE,Combined TRACON& Tower with Radar,301,26,31,0,358,0,4,14,0,18,301,30,45,0,376,0,0,0,376
04/20/2015,MSY,LA,ASW,CE,Combined TRACON& Tower with Radar,299,24,44,3,370,0,14,15,2,31,299,38,59,5,401,0,0,0,401
04/21/2015,MSY,LA,ASW,CE,Combined TRACON& Tower with Radar,302,22,51,0,375,0,12,1,1,14,302,34,52,1,389,0,0,0,389
04/22/2015,MSY,LA,ASW,CE,Combined TRACON& Tower with Radar,308,29,37,3,377,0,15,21,6,42,308,44,58,9,419,0,0,0,419
04/23/2015,MSY,LA,ASW,CE,Combined TRACON& Tower with Radar,300,25,52,3,380,0,12,7,0,19,300,37,59,3,399,0,0,0,399
04/24/2015,MSY,LA,ASW,CE,Combined TRACON& Tower with Radar,302,27,37,2,368,0,11,11,6,28,302,38,48,8,396,0,0,0,396
04/25/2015,MSY,LA,ASW,CE,Combined TRACON& Tower with Radar,276,32,20,1,329,0,12,5,0,17,276,44,25,1,346,0,0,0,346
04/26/2015,MSY,LA,ASW,CE,Combined TRACON& Tower with Radar,296,28,58,1,383,0,0,2,2,4,296,28,60,3,387,0,0,0,387
04/27/2015,MSY,LA,ASW,CE,Combined TRACON& Tower with Radar,229,33,29,0,291,0,3,5,0,8,229,36,34,0,299,0,0,0,299
04/28/2015,MSY,LA,ASW,CE,Combined TRACON& Tower with Radar,297,27,36,0,360,0,10,1,0,11,297,37,37,0,371,0,0,0,371
04/29/2015,MSY,LA,ASW,CE,Combined TRACON& Tower with Radar,299,32,42,5,378,0,20,17,1,38,299,52,59,6,416,0,0,0,416
04/30/2015,MSY,LA,ASW,CE,Combined TRACON& Tower with Radar,306,30,38,1,375,0,14,20,0,34,306,44,58,1,409,0,0,0,409
05/01/2015,MSY,LA,ASW,CE,Combined TRACON& Tower with Radar,308,21,33,5,367,0,17,5,10,32,308,38,38,15,399,0,0,0,399
05/02/2015,MSY,LA,ASW,CE,Combined TRACON& Tower with Radar,260,13,8,0,281,0,4,6,4,14,260,17,14,4,295,0,0,0,295
05/03/2015,MSY,LA,ASW,CE,Combined TRACON& Tower with Radar,292,22,26,0,340,0,3,14,1,18,292,25,40,1,358,0,0,0,358
05/04/2015,MSY,LA,ASW,CE,Combined TRACON& Tower with Radar,304,30,41,0,375,0,13,4,1,18,304,43,45,1,393,0,0,0,393
05/05/2015,MSY,LA,ASW,CE,Combined TRACON& Tower with Radar,303,30,29,0,362,0,14,16,0,30,303,44,45,0,392,0,0,0,392
05/06/2015,MSY,LA,ASW,CE,Combined TRACON& Tower with Radar,309,34,42,1,386,0,14,6,2,22,309,48,48,3,408,0,0,0,408
05/07/2015,MSY,LA,ASW,CE,Combined TRACON& Tower with Radar,309,22,45,1,377,0,25,17,4,46,309,47,62,5,423,0,0,0,423
05/08/2015,MSY,LA,ASW,CE,Combined TRACON& Tower with Radar,312,21,48,11,392,0,17,7,1,25,312,38,55,12,417,0,0,0,417
05/09/2015,MSY,LA,ASW,CE,Combined TRACON& Tower with Radar,256,19,16,0,291,0,13,11,0,24,256,32,27,0,315,0,0,0,315
05/10/2015,MSY,LA,ASW,CE,Combined TRACON& Tower with Radar,282,16,24,0,322,0,4,9,4,17,282,20,33,4,339,0,0,0,339
05/11/2015,MSY,LA,ASW,CE,Combined TRACON& Tower with Radar,311,24,40,0,375,0,19,1,0,20,311,43,41,0,395,0,0,0,395
05/12/2015,MSY,LA,ASW,CE,Combined TRACON& Tower with Radar,322,16,26,0,364,0,17,9,2,28,322,33,35,2,392,0,0,0,392
05/13/2015,MSY,LA,ASW,CE,Combined TRACON& Tower with Radar,317,27,40,1,385,0,20,16,3,39,317,47,56,4,424,0,0,0,424
05/14/2015,MSY,LA,ASW,CE,Combined TRACON& Tower with Radar,315,25,25,0,365,0,22,18,3,43,315,47,43,3,408,0,0,0,408
05/15/2015,MSY,LA,ASW,CE,Combined TRACON& Tower with Radar,308,27,26,6,367,0,10,4,0,14,308,37,30,6,381,0,0,0,381
05/16/2015,MSY,LA,ASW,CE,Combined TRACON& Tower with Radar,266,19,19,0,304,0,0,8,0,8,266,19,27,0,312,0,0,0,312
05/17/2015,MSY,LA,ASW,CE,Combined TRACON& Tower with Radar,298,38,38,1,375,0,0,11,0,11,298,38,49,1,386,0,0,0,386
05/18/2015,MSY,LA,ASW,CE,Combined TRACON& Tower with Radar,295,19,16,1,331,0,12,10,2,24,295,31,26,3,355,0,0,0,355
05/19/2015,MSY,LA,ASW,CE,Combined TRACON& Tower with Radar,309,15,41,2,367,0,10,12,2,24,309,25,53,4,391,0,0,0,391
05/20/2015,MSY,LA,ASW,CE,Combined TRACON& Tower with Radar,316,23,42,3,384,0,16,9,5,30,316,39,51,8,414,0,0,0,414
05/21/2015,MSY,LA,ASW,CE,Combined TRACON& Tower with Radar,316,18,49,4,387,0,13,17,0,30,316,31,66,4,417,0,0,0,417
05/22/2015,MSY,LA,ASW,CE,Combined TRACON& Tower with Radar,309,22,39,2,372,0,7,8,1,16,309,29,47,3,388,0,0,0,388
05/23/2015,MSY,LA,ASW,CE,Combined TRACON& Tower with Radar,258,18,22,0,298,0,2,15,0,17,258,20,37,0,315,0,0,0,315
05/24/2015,MSY,LA,ASW,CE,Combined TRACON& Tower with Radar,257,10,22,0,289,0,5,6,0,11,257,15,28,0,300,0,0,0,300
05/25/2015,MSY,LA,ASW,CE,Combined TRACON& Tower with Radar,272,14,17,0,303,0,7,4,0,11,272,21,21,0,314,0,0,0,314
05/26/2015,MSY,LA,ASW,CE,Combined TRACON& Tower with Radar,292,13,19,2,326,0,11,4,0,15,292,24,23,2,341,0,0,0,341
05/27/2015,MSY,LA,ASW,CE,Combined TRACON& Tower with Radar,285,19,24,2,330,0,27,9,0,36,285,46,33,2,366,0,0,0,366
05/28/2015,MSY,LA,ASW,CE,Combined TRACON& Tower with Radar,315,19,37,0,371,0,25,15,0,40,315,44,52,0,411,0,0,0,411
05/29/2015,MSY,LA,ASW,CE,Combined TRACON& Tower with Radar,306,27,32,0,365,0,19,7,0,26,306,46,39,0,391,0,0,0,391
05/30/2015,MSY,LA,ASW,CE,Combined TRACON& Tower with Radar,301,17,18,1,337,0,2,0,2,4,301,19,18,3,341,0,0,0,341
05/31/2015,MSY,LA,ASW,CE,Combined TRACON& Tower with Radar,295,23,29,1,348,0,17,12,0,29,295,40,41,1,377,0,0,0,377
06/01/2015,MSY,LA,ASW,CE,Combined TRACON& Tower with Radar,297,17,31,0,345,0,22,21,0,43,297,39,52,0,388,0,0,0,388
06/02/2015,MSY,LA,ASW,CE,Combined TRACON& Tower with Radar,302,22,22,0,346,0,20,1,4,25,302,42,23,4,371,0,0,0,371
06/03/2015,MSY,LA,ASW,CE,Combined TRACON& Tower with Radar,310,17,37,0,364,0,16,2,2,20,310,33,39,2,384,0,0,0,384
06/04/2015,MSY,LA,ASW,CE,Combined TRACON& Tower with Radar,298,17,31,0,346,0,19,15,2,36,298,36,46,2,382,0,0,0,382
06/05/2015,MSY,LA,ASW,CE,Combined TRACON& Tower with Radar,292,19,21,0,332,0,17,12,5,34,292,36,33,5,366,0,0,0,366
06/06/2015,MSY,LA,ASW,CE,Combined TRACON& Tower with Radar,248,12,9,1,270,0,1,8,3,12,248,13,17,4,282,0,0,0,282
06/07/2015,MSY,LA,ASW,CE,Combined TRACON& Tower with Radar,284,13,30,1,328,0,4,18,0,22,284,17,48,1,350,0,0,0,350
06/08/2015,MSY,LA,ASW,CE,Combined TRACON& Tower with Radar,289,27,18,0,334,0,16,8,5,29,289,43,26,5,363,0,0,0,363
06/09/2015,MSY,LA,ASW,CE,Combined TRACON& Tower with Radar,284,24,29,0,337,0,20,3,1,24,284,44,32,1,361,0,0,0,361
06/10/2015,MSY,LA,ASW,CE,Combined TRACON& Tower with Radar,300,18,23,0,341,0,24,16,3,43,300,42,39,3,384,0,0,0,384
06/11/2015,MSY,LA,ASW,CE,Combined TRACON& Tower with Radar,300,19,23,0,342,0,23,4,0,27,300,42,27,0,369,0,0,0,369
06/12/2015,MSY,LA,ASW,CE,Combined TRACON& Tower with Radar,293,22,18,0,333,0,10,9,0,19,293,32,27,0,352,0,0,0,352
06/13/2015,MSY,LA,ASW,CE,Combined TRACON& Tower with Radar,250,7,8,0,265,0,4,2,0,6,250,11,10,0,271,0,0,0,271
06/14/2015,MSY,LA,ASW,CE,Combined TRACON& Tower with Radar,286,21,26,2,335,0,3,18,1,22,286,24,44,3,357,0,0,0,357
06/15/2015,MSY,LA,ASW,CE,Combined TRACON& Tower with Radar,285,12,11,0,308,0,13,3,3,19,285,25,14,3,327,0,0,0,327
06/16/2015,MSY,LA,ASW,CE,Combined TRACON& Tower with Radar,279,13,38,4,334,0,22,9,1,32,279,35,47,5,366,0,0,0,366
06/17/2015,MSY,LA,ASW,CE,Combined TRACON& Tower with Radar,286,14,30,2,332,0,30,7,0,37,286,44,37,2,369,0,0,0,369
06/18/2015,MSY,LA,ASW,CE,Combined TRACON& Tower with Radar,302,15,35,0,352,0,18,17,2,37,302,33,52,2,389,0,0,0,389
06/19/2015,MSY,LA,ASW,CE,Combined TRACON& Tower with Radar,292,19,28,4,343,0,16,14,2,32,292,35,42,6,375,0,0,0,375
06/20/2015,MSY,LA,ASW,CE,Combined TRACON& Tower with Radar,237,10,18,2,267,0,9,4,2,15,237,19,22,4,282,0,0,0,282
06/21/2015,MSY,LA,ASW,CE,Combined TRACON& Tower with Radar,285,23,32,2,342,0,1,6,0,7,285,24,38,2,349,0,0,0,349
06/22/2015,MSY,LA,ASW,CE,Combined TRACON& Tower with Radar,286,21,22,0,329,0,21,12,0,33,286,42,34,0,362,0,0,0,362
06/23/2015,MSY,LA,ASW,CE,Combined TRACON& Tower with Radar,282,19,41,0,342,1,19,6,0,26,283,38,47,0,368,0,0,0,368
06/24/2015,MSY,LA,ASW,CE,Combined TRACON& Tower with Radar,299,16,34,4,353,0,7,15,2,24,299,23,49,6,377,0,0,0,377
06/25/2015,MSY,LA,ASW,CE,Combined TRACON& Tower with Radar,302,13,24,0,339,0,27,10,0,37,302,40,34,0,376,0,0,0,376
06/26/2015,MSY,LA,ASW,CE,Combined TRACON& Tower with Radar,288,21,27,1,337,0,9,20,1,30,288,30,47,2,367,0,0,0,367
06/27/2015,MSY,LA,ASW,CE,Combined TRACON& Tower with Radar,253,9,14,6,282,0,0,12,0,12,253,9,26,6,294,0,0,0,294
06/28/2015,MSY,LA,ASW,CE,Combined TRACON& Tower with Radar,282,15,13,5,315,0,6,11,0,17,282,21,24,5,332,0,0,0,332
06/29/2015,MSY,LA,ASW,CE,Combined TRACON& Tower with Radar,280,6,8,0,294,0,13,12,0,25,280,19,20,0,319,0,0,0,319
06/30/2015,MSY,LA,ASW,CE,Combined TRACON& Tower with Radar,284,20,26,1,331,0,30,10,1,41,284,50,36,2,372,0,0,0,372
07/01/2015,MSY,LA,ASW,CE,Combined TRACON& Tower with Radar,305,18,26,4,353,0,39,6,2,47,305,57,32,6,400,0,0,0,400
07/02/2015,MSY,LA,ASW,CE,Combined TRACON& Tower with Radar,304,20,22,2,348,0,20,10,5,35,304,40,32,7,383,0,0,0,383
07/03/2015,MSY,LA,ASW,CE,Combined TRACON& Tower with Radar,250,25,18,2,295,0,13,3,3,19,250,38,21,5,314,0,0,0,314
07/04/2015,MSY,LA,ASW,CE,Combined TRACON& Tower with Radar,204,21,5,0,230,0,6,2,3,11,204,27,7,3,241,0,0,0,241
07/05/2015,MSY,LA,ASW,CE,Combined TRACON& Tower with Radar,290,19,16,0,325,0,10,6,0,16,290,29,22,0,341,0,0,0,341
07/06/2015,MSY,LA,ASW,CE,Combined TRACON& Tower with Radar,295,14,19,0,328,0,30,15,0,45,295,44,34,0,373,0,0,0,373
07/07/2015,MSY,LA,ASW,CE,Combined TRACON& Tower with Radar,284,24,22,8,338,0,20,8,0,28,284,44,30,8,366,0,0,0,366
07/08/2015,MSY,LA,ASW,CE,Combined TRACON& Tower with Radar,287,25,28,4,344,0,40,7,1,48,287,65,35,5,392,0,0,0,392
07/09/2015,MSY,LA,ASW,CE,Combined TRACON& Tower with Radar,292,14,21,3,330,0,30,14,5,49,292,44,35,8,379,0,0,0,379
07/10/2015,MSY,LA,ASW,CE,Combined TRACON& Tower with Radar,286,19,32,0,337,0,16,11,1,28,286,35,43,1,365,0,0,0,365
07/11/2015,MSY,LA,ASW,CE,Combined TRACON& Tower with Radar,228,27,14,0,269,0,4,2,1,7,228,31,16,1,276,0,0,0,276
07/12/2015,MSY,LA,ASW,CE,Combined TRACON& Tower with Radar,281,25,19,4,329,0,7,14,3,24,281,32,33,7,353,0,0,0,353
07/13/2015,MSY,LA,ASW,CE,Combined TRACON& Tower with Radar,279,18,21,0,318,0,27,12,0,39,279,45,33,0,357,0,0,0,357
07/14/2015,MSY,LA,ASW,CE,Combined TRACON& Tower with Radar,277,19,21,2,319,0,13,14,0,27,277,32,35,2,346,0,0,0,346
07/15/2015,MSY,LA,ASW,CE,Combined TRACON& Tower with Radar,286,10,27,0,323,0,16,18,5,39,286,26,45,5,362,0,0,0,362
07/16/2015,MSY,LA,ASW,CE,Combined TRACON& Tower with Radar,299,20,17,6,342,0,14,22,4,40,299,34,39,10,382,0,0,0,382
07/17/2015,MSY,LA,ASW,CE,Combined TRACON& Tower with Radar,290,19,24,0,333,0,10,11,6,27,290,29,35,6,360,0,0,0,360
07/18/2015,MSY,LA,ASW,CE,Combined TRACON& Tower with Radar,228,20,17,1,266,0,3,6,0,9,228,23,23,1,275,0,0,0,275
07/19/2015,MSY,LA,ASW,CE,Combined TRACON& Tower with Radar,282,24,24,0,330,0,3,10,0,13,282,27,34,0,343,0,0,0,343
07/20/2015,MSY,LA,ASW,CE,Combined TRACON& Tower with Radar,287,16,16,6,325,0,10,5,6,21,287,26,21,12,346,0,0,0,346
07/21/2015,MSY,LA,ASW,CE,Combined TRACON& Tower with Radar,285,28,22,2,337,0,13,4,0,17,285,41,26,2,354,0,0,0,354
07/22/2015,MSY,LA,ASW,CE,Combined TRACON& Tower with Radar,287,21,24,2,334,0,24,9,3,36,287,45,33,5,370,0,0,0,370
07/23/2015,MSY,LA,ASW,CE,Combined TRACON& Tower with Radar,297,18,27,0,342,0,13,19,4,36,297,31,46,4,378,0,0,0,378
07/24/2015,MSY,LA,ASW,CE,Combined TRACON& Tower with Radar,286,21,11,8,326,0,19,18,5,42,286,40,29,13,368,0,0,0,368
07/25/2015,MSY,LA,ASW,CE,Combined TRACON& Tower with Radar,236,20,16,1,273,0,4,8,1,13,236,24,24,2,286,0,0,0,286
07/26/2015,MSY,LA,ASW,CE,Combined TRACON& Tower with Radar,286,14,27,0,327,0,6,7,1,14,286,20,34,1,341,0,0,0,341
07/27/2015,MSY,LA,ASW,CE,Combined TRACON& Tower with Radar,283,33,18,1,335,0,23,11,2,36,283,56,29,3,371,0,0,0,371
07/28/2015,MSY,LA,ASW,CE,Combined TRACON& Tower with Radar,289,22,16,2,329,0,16,4,2,22,289,38,20,4,351,0,0,0,351
07/29/2015,MSY,LA,ASW,CE,Combined TRACON& Tower with Radar,288,18,25,2,333,0,25,9,1,35,288,43,34,3,368,0,0,0,368
07/30/2015,MSY,LA,ASW,CE,Combined TRACON& Tower with Radar,291,19,32,3,345,0,12,2,2,16,291,31,34,5,361,0,0,0,361
07/31/2015,MSY,LA,ASW,CE,Combined TRACON& Tower with Radar,288,17,37,1,343,0,14,8,0,22,288,31,45,1,365,0,0,0,365
08/01/2015,MSY,LA,ASW,CE,Combined TRACON& Tower with Radar,241,18,16,0,275,0,2,6,0,8,241,20,22,0,283,0,0,0,283
08/02/2015,MSY,LA,ASW,CE,Combined TRACON& Tower with Radar,279,24,21,0,324,0,2,10,0,12,279,26,31,0,336,0,0,0,336
08/03/2015,MSY,LA,ASW,CE,Combined TRACON& Tower with Radar,284,19,19,2,324,0,6,13,0,19,284,25,32,2,343,0,0,0,343
08/04/2015,MSY,LA,ASW,CE,Combined TRACON& Tower with Radar,285,18,27,2,332,0,10,5,2,17,285,28,32,4,349,0,0,0,349
08/05/2015,MSY,LA,ASW,CE,Combined TRACON& Tower with Radar,286,27,18,0,331,0,17,6,0,23,286,44,24,0,354,0,0,0,354
08/06/2015,MSY,LA,ASW,CE,Combined TRACON& Tower with Radar,288,24,41,1,354,0,30,15,2,47,288,54,56,3,401,0,0,0,401
08/07/2015,MSY,LA,ASW,CE,Combined TRACON& Tower with Radar,291,26,47,7,371,0,15,5,2,22,291,41,52,9,393,0,0,0,393
08/08/2015,MSY,LA,ASW,CE,Combined TRACON& Tower with Radar,236,16,14,2,268,0,11,14,1,26,236,27,28,3,294,0,0,0,294
08/09/2015,MSY,LA,ASW,CE,Combined TRACON& Tower with Radar,274,20,28,4,326,0,0,16,0,16,274,20,44,4,342,0,0,0,342
08/10/2015,MSY,LA,ASW,CE,Combined TRACON& Tower with Radar,271,19,15,1,306,0,19,1,2,22,271,38,16,3,328,0,0,0,328
08/11/2015,MSY,LA,ASW,CE,Combined TRACON& Tower with Radar,267,14,21,0,302,0,21,11,0,32,267,35,32,0,334,0,0,0,334
08/12/2015,MSY,LA,ASW,CE,Combined TRACON& Tower with Radar,268,25,24,0,317,0,15,8,0,23,268,40,32,0,340,0,0,0,340
08/13/2015,MSY,LA,ASW,CE,Combined TRACON& Tower with Radar,280,19,27,0,326,0,16,15,1,32,280,35,42,1,358,0,0,0,358
08/14/2015,MSY,LA,ASW,CE,Combined TRACON& Tower with Radar,281,20,25,1,327,0,15,11,1,27,281,35,36,2,354,0,0,0,354
08/15/2015,MSY,LA,ASW,CE,Combined TRACON& Tower with Radar,214,27,11,0,252,0,4,10,0,14,214,31,21,0,266,0,0,0,266
08/16/2015,MSY,LA,ASW,CE,Combined TRACON& Tower with Radar,271,15,17,0,303,0,4,1,0,5,271,19,18,0,308,0,0,0,308
08/17/2015,MSY,LA,ASW,CE,Combined TRACON& Tower with Radar,272,6,23,0,301,0,3,4,0,7,272,9,27,0,308,0,0,0,308
08/18/2015,MSY,LA,ASW,CE,Combined TRACON& Tower with Radar,272,15,29,6,322,0,16,13,0,29,272,31,42,6,351,0,0,0,351
08/19/2015,MSY,LA,ASW,CE,Combined TRACON& Tower with Radar,276,22,29,4,331,0,18,6,0,24,276,40,35,4,355,0,0,0,355
08/20/2015,MSY,LA,ASW,CE,Combined TRACON& Tower with Radar,278,14,45,0,337,0,17,6,2,25,278,31,51,2,362,0,0,0,362
08/21/2015,MSY,LA,ASW,CE,Combined TRACON& Tower with Radar,295,28,25,0,348,0,19,1,0,20,295,47,26,0,368,0,0,0,368
08/22/2015,MSY,LA,ASW,CE,Combined TRACON& Tower with Radar,213,13,11,0,237,0,0,4,0,4,213,13,15,0,241,0,0,0,241
08/23/2015,MSY,LA,ASW,CE,Combined TRACON& Tower with Radar,269,19,16,0,304,0,2,20,0,22,269,21,36,0,326,0,0,0,326
08/24/2015,MSY,LA,ASW,CE,Combined TRACON& Tower with Radar,290,16,20,1,327,0,21,10,3,34,290,37,30,4,361,0,0,0,361
08/25/2015,MSY,LA,ASW,CE,Combined TRACON& Tower with Radar,276,24,20,4,324,0,19,10,3,32,276,43,30,7,356,0,0,0,356
08/26/2015,MSY,LA,ASW,CE,Combined TRACON& Tower with Radar,272,27,33,1,333,0,17,14,1,32,272,44,47,2,365,0,0,0,365
08/27/2015,MSY,LA,ASW,CE,Combined TRACON& Tower with Radar,291,15,50,5,361,0,24,7,0,31,291,39,57,5,392,0,0,0,392
08/28/2015,MSY,LA,ASW,CE,Combined TRACON& Tower with Radar,285,14,20,1,320,0,16,24,3,43,285,30,44,4,363,0,0,0,363
08/29/2015,MSY,LA,ASW,CE,Combined TRACON& Tower with Radar,211,16,18,2,247,0,7,5,0,12,211,23,23,2,259,0,0,0,259
08/30/2015,MSY,LA,ASW,CE,Combined TRACON& Tower with Radar,262,22,17,0,301,0,1,16,0,17,262,23,33,0,318,0,0,0,318
08/31/2015,MSY,LA,ASW,CE,Combined TRACON& Tower with Radar,287,13,35,0,335,0,19,4,0,23,287,32,39,0,358,0,0,0,358
09/01/2015,MSY,LA,ASW,CE,Combined TRACON& Tower with Radar,278,17,19,2,316,0,24,13,5,42,278,41,32,7,358,0,0,0,358
09/02/2015,MSY,LA,ASW,CE,Combined TRACON& Tower with Radar,288,18,27,0,333,0,19,17,0,36,288,37,44,0,369,0,0,0,369
09/03/2015,MSY,LA,ASW,CE,Combined TRACON& Tower with Radar,289,14,32,0,335,0,0,11,4,15,289,14,43,4,350,0,0,0,350
09/04/2015,MSY,LA,ASW,CE,Combined TRACON& Tower with Radar,294,16,28,0,338,0,12,14,1,27,294,28,42,1,365,0,0,0,365
09/05/2015,MSY,LA,ASW,CE,Combined TRACON& Tower with Radar,190,17,1,4,212,0,2,10,1,13,190,19,11,5,225,0,0,0,225
09/06/2015,MSY,LA,ASW,CE,Combined TRACON& Tower with Radar,208,9,11,0,228,0,1,10,0,11,208,10,21,0,239,0,0,0,239
09/07/2015,MSY,LA,ASW,CE,Combined TRACON& Tower with Radar,259,19,24,0,302,0,1,6,0,7,259,20,30,0,309,0,0,0,309
09/08/2015,MSY,LA,ASW,CE,Combined TRACON& Tower with Radar,269,12,23,2,306,0,18,10,0,28,269,30,33,2,334,0,0,0,334
09/09/2015,MSY,LA,ASW,CE,Combined TRACON& Tower with Radar,271,19,36,8,334,0,20,9,0,29,271,39,45,8,363,0,0,0,363
09/10/2015,MSY,LA,ASW,CE,Combined TRACON& Tower with Radar,271,27,32,0,330,0,16,12,0,28,271,43,44,0,358,0,0,0,358
09/11/2015,MSY,LA,ASW,CE,Combined TRACON& Tower with Radar,280,18,26,2,326,0,4,5,0,9,280,22,31,2,335,0,0,0,335
09/12/2015,MSY,LA,ASW,CE,Combined TRACON& Tower with Radar,212,19,5,3,239,0,4,7,1,12,212,23,12,4,251,0,0,0,251
09/13/2015,MSY,LA,ASW,CE,Combined TRACON& Tower with Radar,276,14,20,1,311,0,2,22,0,24,276,16,42,1,335,0,0,0,335
09/14/2015,MSY,LA,ASW,CE,Combined TRACON& Tower with Radar,285,17,26,0,328,0,18,13,1,32,285,35,39,1,360,0,0,0,360
09/15/2015,MSY,LA,ASW,CE,Combined TRACON& Tower with Radar,277,13,24,0,314,0,29,8,6,43,277,42,32,6,357,0,0,0,357
09/16/2015,MSY,LA,ASW,CE,Combined TRACON& Tower with Radar,285,17,45,10,357,0,32,27,2,61,285,49,72,12,418,0,0,0,418
09/17/2015,MSY,LA,ASW,CE,Combined TRACON& Tower with Radar,290,15,37,1,343,0,19,16,5,40,290,34,53,6,383,0,0,0,383
09/18/2015,MSY,LA,ASW,CE,Combined TRACON& Tower with Radar,297,12,24,5,338,0,16,9,0,25,297,28,33,5,363,0,0,0,363
09/19/2015,MSY,LA,ASW,CE,Combined TRACON& Tower with Radar,206,25,18,0,249,0,5,15,2,22,206,30,33,2,271,0,0,0,271
09/20/2015,MSY,LA,ASW,CE,Combined TRACON& Tower with Radar,276,21,33,0,330,0,4,15,4,23,276,25,48,4,353,0,0,0,353
09/21/2015,MSY,LA,ASW,CE,Combined TRACON& Tower with Radar,290,9,22,2,323,0,31,7,2,40,290,40,29,4,363,0,0,0,363
09/22/2015,MSY,LA,ASW,CE,Combined TRACON& Tower with Radar,276,20,22,2,320,0,19,12,0,31,276,39,34,2,351,0,0,0,351
09/23/2015,MSY,LA,ASW,CE,Combined TRACON& Tower with Radar,285,13,26,2,326,0,22,20,3,45,285,35,46,5,371,0,0,0,371
09/24/2015,MSY,LA,ASW,CE,Combined TRACON& Tower with Radar,296,17,41,10,364,0,15,14,0,29,296,32,55,10,393,0,0,0,393
09/25/2015,MSY,LA,ASW,CE,Combined TRACON& Tower with Radar,301,20,36,9,366,0,16,6,0,22,301,36,42,9,388,0,0,0,388
09/26/2015,MSY,LA,ASW,CE,Combined TRACON& Tower with Radar,232,16,8,2,258,0,2,6,0,8,232,18,14,2,266,0,0,0,266
09/27/2015,MSY,LA,ASW,CE,Combined TRACON& Tower with Radar,294,21,31,2,348,0,2,2,0,4,294,23,33,2,352,0,0,0,352
09/28/2015,MSY,LA,ASW,CE,Combined TRACON& Tower with Radar,302,16,33,1,352,0,4,1,0,5,302,20,34,1,357,0,0,0,357
09/29/2015,MSY,LA,ASW,CE,Combined TRACON& Tower with Radar,280,26,25,0,331,0,10,3,0,13,280,36,28,0,344,0,0,0,344
09/30/2015,MSY,LA,ASW,CE,Combined TRACON& Tower with Radar,297,12,27,0,336,0,14,6,1,21,297,26,33,1,357,0,0,0,357
10/01/2015,MSY,LA,ASW,CE,Combined TRACON& Tower with Radar,299,15,34,2,350,0,28,15,1,44,299,43,49,3,394,0,0,0,394
10/02/2015,MSY,LA,ASW,CE,Combined TRACON& Tower with Radar,298,17,40,0,355,0,19,12,0,31,298,36,52,0,386,0,0,0,386
10/03/2015,MSY,LA,ASW,CE,Combined TRACON& Tower with Radar,234,20,31,4,289,0,5,6,0,11,234,25,37,4,300,0,0,0,300
10/04/2015,MSY,LA,ASW,CE,Combined TRACON& Tower with Radar,292,33,42,0,367,0,3,9,0,12,292,36,51,0,379,0,0,0,379
10/05/2015,MSY,LA,ASW,CE,Combined TRACON& Tower with Radar,294,35,30,0,359,0,15,18,1,34,294,50,48,1,393,0,0,0,393
10/06/2015,MSY,LA,ASW,CE,Combined TRACON& Tower with Radar,294,15,29,1,339,0,24,13,2,39,294,39,42,3,378,0,0,0,378
10/07/2015,MSY,LA,ASW,CE,Combined TRACON& Tower with Radar,299,10,38,0,347,0,26,17,1,44,299,36,55,1,391,0,0,0,391
10/08/2015,MSY,LA,ASW,CE,Combined TRACON& Tower with Radar,298,13,41,12,364,0,17,11,4,32,298,30,52,16,396,0,0,0,396
10/09/2015,MSY,LA,ASW,CE,Combined TRACON& Tower with Radar,296,18,39,10,363,0,25,7,0,32,296,43,46,10,395,0,0,0,395
10/10/2015,MSY,LA,ASW,CE,Combined TRACON& Tower with Radar,232,16,19,1,268,0,0,2,0,2,232,16,21,1,270,0,0,0,270
10/11/2015,MSY,LA,ASW,CE,Combined TRACON& Tower with Radar,292,17,25,0,334,0,7,5,0,12,292,24,30,0,346,0,0,0,346
10/12/2015,MSY,LA,ASW,CE,Combined TRACON& Tower with Radar,297,20,27,0,344,0,2,6,2,10,297,22,33,2,354,0,0,0,354
10/13/2015,MSY,LA,ASW,CE,Combined TRACON& Tower with Radar,294,11,38,0,343,0,18,9,0,27,294,29,47,0,370,0,0,0,370
10/14/2015,MSY,LA,ASW,CE,Combined TRACON& Tower with Radar,299,12,28,8,347,0,20,22,1,43,299,32,50,9,390,0,0,0,390
10/15/2015,MSY,LA,ASW,CE,Combined TRACON& Tower with Radar,303,17,50,2,372,0,15,16,2,33,303,32,66,4,405,0,0,0,405
10/16/2015,MSY,LA,ASW,CE,Combined TRACON& Tower with Radar,302,26,33,4,365,0,19,8,0,27,302,45,41,4,392,0,0,0,392
10/17/2015,MSY,LA,ASW,CE,Combined TRACON& Tower with Radar,228,19,12,0,259,0,1,7,0,8,228,20,19,0,267,0,0,0,267
10/18/2015,MSY,LA,ASW,CE,Combined TRACON& Tower with Radar,291,9,25,0,325,0,1,5,1,7,291,10,30,1,332,0,0,0,332
10/19/2015,MSY,LA,ASW,CE,Combined TRACON& Tower with Radar,296,15,52,6,369,0,20,12,0,32,296,35,64,6,401,0,0,0,401
10/20/2015,MSY,LA,ASW,CE,Combined TRACON& Tower with Radar,289,12,26,1,328,0,24,19,1,44,289,36,45,2,372,0,0,0,372
10/21/2015,MSY,LA,ASW,CE,Combined TRACON& Tower with Radar,297,25,25,6,353,0,25,19,2,46,297,50,44,8,399,0,0,0,399
10/22/2015,MSY,LA,ASW,CE,Combined TRACON& Tower with Radar,311,32,50,0,393,0,15,14,0,29,311,47,64,0,422,0,0,0,422
10/23/2015,MSY,LA,ASW,CE,Combined TRACON& Tower with Radar,294,18,35,8,355,0,23,21,2,46,294,41,56,10,401,0,0,0,401
10/24/2015,MSY,LA,ASW,CE,Combined TRACON& Tower with Radar,231,16,11,0,258,0,3,9,0,12,231,19,20,0,270,0,0,0,270
10/25/2015,MSY,LA,ASW,CE,Combined TRACON& Tower with Radar,305,12,25,0,342,0,0,0,0,0,305,12,25,0,342,0,0,0,342
10/26/2015,MSY,LA,ASW,CE,Combined TRACON& Tower with Radar,295,20,30,1,346,0,0,0,0,0,295,20,30,1,346,0,0,0,346
10/27/2015,MSY,LA,ASW,CE,Combined TRACON& Tower with Radar,289,11,36,0,336,0,1,3,0,4,289,12,39,0,340,0,0,0,340
10/28/2015,MSY,LA,ASW,CE,Combined TRACON& Tower with Radar,279,19,30,0,328,0,5,10,0,15,279,24,40,0,343,0,0,0,343
10/29/2015,MSY,LA,ASW,CE,Combined TRACON& Tower with Radar,300,24,18,2,344,0,2,10,0,12,300,26,28,2,356,0,0,0,356
10/30/2015,MSY,LA,ASW,CE,Combined TRACON& Tower with Radar,297,19,31,5,352,0,15,5,3,23,297,34,36,8,375,0,0,0,375
10/31/2015,MSY,LA,ASW,CE,Combined TRACON& Tower with Radar,239,17,8,0,264,0,0,2,0,2,239,17,10,0,266,0,0,0,266
11/01/2015,MSY,LA,ASW,CE,Combined TRACON& Tower with Radar,295,19,34,0,348,0,0,2,0,2,295,19,36,0,350,0,0,0,350
11/02/2015,MSY,LA,ASW,CE,Combined TRACON& Tower with Radar,297,21,27,0,345,0,2,5,4,11,297,23,32,4,356,0,0,0,356
11/03/2015,MSY,LA,ASW,CE,Combined TRACON& Tower with Radar,291,16,30,2,339,0,18,14,0,32,291,34,44,2,371,0,0,0,371
11/04/2015,MSY,LA,ASW,CE,Combined TRACON& Tower with Radar,294,18,50,0,362,0,20,7,0,27,294,38,57,0,389,0,0,0,389
11/05/2015,MSY,LA,ASW,CE,Combined TRACON& Tower with Radar,299,25,45,4,373,0,14,7,0,21,299,39,52,4,394,0,0,0,394
11/06/2015,MSY,LA,ASW,CE,Combined TRACON& Tower with Radar,307,37,34,15,393,0,19,1,0,20,307,56,35,15,413,0,0,0,413
11/07/2015,MSY,LA,ASW,CE,Combined TRACON& Tower with Radar,273,29,8,0,310,0,0,0,0,0,273,29,8,0,310,0,0,0,310
11/08/2015,MSY,LA,ASW,CE,Combined TRACON& Tower with Radar,317,33,69,2,421,0,0,1,0,1,317,33,70,2,422,0,0,0,422
11/09/2015,MSY,LA,ASW,CE,Combined TRACON& Tower with Radar,301,24,35,0,360,0,4,4,0,8,301,28,39,0,368,0,0,0,368
11/10/2015,MSY,LA,ASW,CE,Combined TRACON& Tower with Radar,295,17,48,11,371,0,8,13,0,21,295,25,61,11,392,0,0,0,392
11/11/2015,MSY,LA,ASW,CE,Combined TRACON& Tower with Radar,295,22,46,0,363,0,4,1,0,5,295,26,47,0,368,0,0,0,368
11/12/2015,MSY,LA,ASW,CE,Combined TRACON& Tower with Radar,306,23,39,0,368,0,1,8,0,9,306,24,47,0,377,0,0,0,377
11/13/2015,MSY,LA,ASW,CE,Combined TRACON& Tower with Radar,299,26,23,1,349,0,6,5,2,13,299,32,28,3,362,0,0,0,362
11/14/2015,MSY,LA,ASW,CE,Combined TRACON& Tower with Radar,264,29,19,0,312,0,5,14,0,19,264,34,33,0,331,0,0,0,331
11/15/2015,MSY,LA,ASW,CE,Combined TRACON& Tower with Radar,299,28,29,7,363,0,6,12,2,20,299,34,41,9,383,0,0,0,383
11/16/2015,MSY,LA,ASW,CE,Combined TRACON& Tower with Radar,301,28,30,0,359,0,14,4,0,18,301,42,34,0,377,0,0,0,377
11/17/2015,MSY,LA,ASW,CE,Combined TRACON& Tower with Radar,318,14,16,3,351,0,10,1,0,11,318,24,17,3,362,0,0,0,362
11/18/2015,MSY,LA,ASW,CE,Combined TRACON& Tower with Radar,307,16,21,2,346,0,5,6,1,12,307,21,27,3,358,0,0,0,358
11/19/2015,MSY,LA,ASW,CE,Combined TRACON& Tower with Radar,308,31,29,2,370,0,19,30,1,50,308,50,59,3,420,0,0,0,420
11/20/2015,MSY,LA,ASW,CE,Combined TRACON& Tower with Radar,298,21,32,3,354,0,15,7,0,22,298,36,39,3,376,0,0,0,376
11/21/2015,MSY,LA,ASW,CE,Combined TRACON& Tower with Radar,259,25,19,0,303,0,0,3,0,3,259,25,22,0,306,0,0,0,306
11/22/2015,MSY,LA,ASW,CE,Combined TRACON& Tower with Radar,292,23,31,1,347,0,2,8,3,13,292,25,39,4,360,0,0,0,360
11/23/2015,MSY,LA,ASW,CE,Combined TRACON& Tower with Radar,279,11,20,0,310,0,15,19,1,35,279,26,39,1,345,0,0,0,345
11/24/2015,MSY,LA,ASW,CE,Combined TRACON& Tower with Radar,290,27,24,0,341,0,14,19,0,33,290,41,43,0,374,0,0,0,374
11/25/2015,MSY,LA,ASW,CE,Combined TRACON& Tower with Radar,310,33,18,2,363,0,21,11,0,32,310,54,29,2,395,0,0,0,395
11/26/2015,MSY,LA,ASW,CE,Combined TRACON& Tower with Radar,185,10,5,0,200,0,0,1,0,1,185,10,6,0,201,0,0,0,201
11/27/2015,MSY,LA,ASW,CE,Combined TRACON& Tower with Radar,240,17,18,2,277,0,3,7,0,10,240,20,25,2,287,0,0,0,287
11/28/2015,MSY,LA,ASW,CE,Combined TRACON& Tower with Radar,286,32,29,0,347,0,2,7,0,9,286,34,36,0,356,0,0,0,356
11/29/2015,MSY,LA,ASW,CE,Combined TRACON& Tower with Radar,324,41,47,0,412,0,1,10,1,12,324,42,57,1,424,0,0,0,424
11/30/2015,MSY,LA,ASW,CE,Combined TRACON& Tower with Radar,303,24,25,2,354,0,12,21,0,33,303,36,46,2,387,0,0,0,387
12/01/2015,MSY,LA,ASW,CE,Combined TRACON& Tower with Radar,297,24,33,0,354,0,14,4,0,18,297,38,37,0,372,0,0,0,372
12/02/2015,MSY,LA,ASW,CE,Combined TRACON& Tower with Radar,285,28,42,0,355,0,0,47,4,51,285,28,89,4,406,0,0,0,406
12/03/2015,MSY,LA,ASW,CE,Combined TRACON& Tower with Radar,300,32,42,7,381,0,17,13,4,34,300,49,55,11,415,0,0,0,415
12/04/2015,MSY,LA,ASW,CE,Combined TRACON& Tower with Radar,296,22,30,5,353,0,16,8,1,25,296,38,38,6,378,0,0,0,378
12/05/2015,MSY,LA,ASW,CE,Combined TRACON& Tower with Radar,244,21,21,1,287,0,4,26,0,30,244,25,47,1,317,0,0,0,317
12/06/2015,MSY,LA,ASW,CE,Combined TRACON& Tower with Radar,277,41,31,0,349,0,1,11,6,18,277,42,42,6,367,0,0,0,367
12/07/2015,MSY,LA,ASW,CE,Combined TRACON& Tower with Radar,282,32,39,0,353,0,14,4,0,18,282,46,43,0,371,0,0,0,371
12/08/2015,MSY,LA,ASW,CE,Combined TRACON& Tower with Radar,279,31,20,0,330,0,22,16,0,38,279,53,36,0,368,0,0,0,368
12/09/2015,MSY,LA,ASW,CE,Combined TRACON& Tower with Radar,286,36,40,11,373,0,18,12,0,30,286,54,52,11,403,0,0,0,403
12/10/2015,MSY,LA,ASW,CE,Combined TRACON& Tower with Radar,298,30,38,1,367,0,19,13,0,32,298,49,51,1,399,0,0,0,399
12/11/2015,MSY,LA,ASW,CE,Combined TRACON& Tower with Radar,296,25,30,3,354,0,10,6,1,17,296,35,36,4,371,0,0,0,371
12/12/2015,MSY,LA,ASW,CE,Combined TRACON& Tower with Radar,244,26,29,0,299,0,6,11,2,19,244,32,40,2,318,0,0,0,318
12/13/2015,MSY,LA,ASW,CE,Combined TRACON& Tower with Radar,296,17,37,4,354,0,5,5,0,10,296,22,42,4,364,0,0,0,364
12/14/2015,MSY,LA,ASW,CE,Combined TRACON& Tower with Radar,282,17,26,0,325,0,17,19,0,36,282,34,45,0,361,0,0,0,361
12/15/2015,MSY,LA,ASW,CE,Combined TRACON& Tower with Radar,277,21,34,5,337,0,24,16,2,42,277,45,50,7,379,0,0,0,379
12/16/2015,MSY,LA,ASW,CE,Combined TRACON& Tower with Radar,293,31,42,6,372,0,0,1,0,1,293,31,43,6,373,0,0,0,373
12/17/2015,MSY,LA,ASW,CE,Combined TRACON& Tower with Radar,291,41,34,0,366,0,20,7,1,28,291,61,41,1,394,0,0,0,394
12/18/2015,MSY,LA,ASW,CE,Combined TRACON& Tower with Radar,304,19,26,1,350,0,12,21,0,33,304,31,47,1,383,0,0,0,383
12/19/2015,MSY,LA,ASW,CE,Combined TRACON& Tower with Radar,260,13,20,0,293,0,1,12,0,13,260,14,32,0,306,0,0,0,306
12/20/2015,MSY,LA,ASW,CE,Combined TRACON& Tower with Radar,277,16,18,1,312,0,2,12,0,14,277,18,30,1,326,0,0,0,326
12/21/2015,MSY,LA,ASW,CE,Combined TRACON& Tower with Radar,287,24,32,0,343,0,0,7,0,7,287,24,39,0,350,0,0,0,350
12/22/2015,MSY,LA,ASW,CE,Combined TRACON& Tower with Radar,307,20,21,0,348,0,0,0,0,0,307,20,21,0,348,0,0,0,348
12/23/2015,MSY,LA,ASW,CE,Combined TRACON& Tower with Radar,308,22,43,0,373,0,1,2,0,3,308,23,45,0,376,0,0,0,376
12/24/2015,MSY,LA,ASW,CE,Combined TRACON& Tower with Radar,256,21,11,0,288,0,0,0,0,0,256,21,11,0,288,0,0,0,288
12/25/2015,MSY,LA,ASW,CE,Combined TRACON& Tower with Radar,213,15,4,0,232,0,0,2,0,2,213,15,6,0,234,0,0,0,234
12/26/2015,MSY,LA,ASW,CE,Combined TRACON& Tower with Radar,262,31,25,0,318,0,1,2,0,3,262,32,27,0,321,0,0,0,321
12/27/2015,MSY,LA,ASW,CE,Combined TRACON& Tower with Radar,298,31,42,0,371,0,2,2,1,5,298,33,44,1,376,0,0,0,376
12/28/2015,MSY,LA,ASW,CE,Combined TRACON& Tower with Radar,267,21,21,2,311,0,1,6,0,7,267,22,27,2,318,0,0,0,318
12/29/2015,MSY,LA,ASW,CE,Combined TRACON& Tower with Radar,295,19,29,7,350,0,18,13,1,32,295,37,42,8,382,0,0,0,382
12/30/2015,MSY,LA,ASW,CE,Combined TRACON& Tower with Radar,298,32,31,0,361,0,0,2,0,2,298,32,33,0,363,0,0,0,363
12/31/2015,MSY,LA,ASW,CE,Combined TRACON& Tower with Radar,256,26,20,0,302,0,8,8,1,17,256,34,28,1,319,0,0,0,319
01/01/2016,MSY,LA,ASW,CE,Combined TRACON& Tower with Radar,242,12,17,0,271,0,0,7,0,7,242,12,24,0,278,0,0,0,278
01/02/2016,MSY,LA,ASW,CE,Combined TRACON& Tower with Radar,282,49,49,0,380,0,2,11,0,13,282,51,60,0,393,0,0,0,393
01/03/2016,MSY,LA,ASW,CE,Combined TRACON& Tower with Radar,294,39,39,0,372,0,3,29,0,32,294,42,68,0,404,0,0,0,404
01/04/2016,MSY,LA,ASW,CE,Combined TRACON& Tower with Radar,283,11,34,2,330,0,24,19,2,45,283,35,53,4,375,0,0,0,375
01/05/2016,MSY,LA,ASW,CE,Combined TRACON& Tower with Radar,271,26,22,0,319,0,13,16,0,29,271,39,38,0,348,0,0,0,348
01/06/2016,MSY,LA,ASW,CE,Combined TRACON& Tower with Radar,280,28,29,0,337,0,17,11,0,28,280,45,40,0,365,0,0,0,365
01/07/2016,MSY,LA,ASW,CE,Combined TRACON& Tower with Radar,290,23,39,0,352,0,0,1,0,1,290,23,40,0,353,0,0,0,353
01/08/2016,MSY,LA,ASW,CE,Combined TRACON& Tower with Radar,291,31,55,4,381,0,0,2,0,2,291,31,57,4,383,0,0,0,383
01/09/2016,MSY,LA,ASW,CE,Combined TRACON& Tower with Radar,263,21,7,2,293,0,7,13,0,20,263,28,20,2,313,0,0,0,313
01/10/2016,MSY,LA,ASW,CE,Combined TRACON& Tower with Radar,274,22,35,2,333,0,16,6,0,22,274,38,41,2,355,0,0,0,355
01/11/2016,MSY,LA,ASW,CE,Combined TRACON& Tower with Radar,288,24,27,10,349,0,35,13,2,50,288,59,40,12,399,0,0,0,399
01/12/2016,MSY,LA,ASW,CE,Combined TRACON& Tower with Radar,283,23,23,0,329,0,24,7,0,31,283,47,30,0,360,0,0,0,360
01/13/2016,MSY,LA,ASW,CE,Combined TRACON& Tower with Radar,285,30,34,0,349,0,12,12,2,26,285,42,46,2,375,0,0,0,375
01/14/2016,MSY,LA,ASW,CE,Combined TRACON& Tower with Radar,294,29,32,8,363,0,24,10,0,34,294,53,42,8,397,0,0,0,397
01/15/2016,MSY,LA,ASW,CE,Combined TRACON& Tower with Radar,290,33,13,12,348,0,16,3,0,19,290,49,16,12,367,0,0,0,367
01/16/2016,MSY,LA,ASW,CE,Combined TRACON& Tower with Radar,251,14,9,0,274,0,4,16,1,21,251,18,25,1,295,0,0,0,295
01/17/2016,MSY,LA,ASW,CE,Combined TRACON& Tower with Radar,275,28,32,0,335,0,7,6,0,13,275,35,38,0,348,0,0,0,348
01/18/2016,MSY,LA,ASW,CE,Combined TRACON& Tower with Radar,294,29,26,3,352,0,5,8,0,13,294,34,34,3,365,0,0,0,365
01/19/2016,MSY,LA,ASW,CE,Combined TRACON& Tower with Radar,283,28,29,13,353,0,24,12,6,42,283,52,41,19,395,0,0,0,395
01/20/2016,MSY,LA,ASW,CE,Combined TRACON& Tower with Radar,287,21,34,5,347,0,17,7,1,25,287,38,41,6,372,0,0,0,372
01/21/2016,MSY,LA,ASW,CE,Combined TRACON& Tower with Radar,303,24,39,0,366,0,2,6,0,8,303,26,45,0,374,0,0,0,374
01/22/2016,MSY,LA,ASW,CE,Combined TRACON& Tower with Radar,271,41,64,0,376,0,3,9,1,13,271,44,73,1,389,0,0,0,389
01/23/2016,MSY,LA,ASW,CE,Combined TRACON& Tower with Radar,213,14,20,1,248,0,4,10,0,14,213,18,30,1,262,0,0,0,262
01/24/2016,MSY,LA,ASW,CE,Combined TRACON& Tower with Radar,249,17,27,0,293,0,2,7,0,9,249,19,34,0,302,0,0,0,302
01/25/2016,MSY,LA,ASW,CE,Combined TRACON& Tower with Radar,281,19,46,1,347,0,12,14,3,29,281,31,60,4,376,0,0,0,376
01/26/2016,MSY,LA,ASW,CE,Combined TRACON& Tower with Radar,295,40,35,12,382,0,16,2,0,18,295,56,37,12,400,0,0,0,400
01/27/2016,MSY,LA,ASW,CE,Combined TRACON& Tower with Radar,303,36,57,2,398,0,6,5,0,11,303,42,62,2,409,0,0,0,409
01/28/2016,MSY,LA,ASW,CE,Combined TRACON& Tower with Radar,299,34,43,0,376,0,16,60,0,76,299,50,103,0,452,0,0,0,452
01/29/2016,MSY,LA,ASW,CE,Combined TRACON& Tower with Radar,291,30,41,2,364,0,15,10,0,25,291,45,51,2,389,0,0,0,389
01/30/2016,MSY,LA,ASW,CE,Combined TRACON& Tower with Radar,254,16,9,0,279,0,9,8,2,19,254,25,17,2,298,0,0,0,298
01/31/2016,MSY,LA,ASW,CE,Combined TRACON& Tower with Radar,273,19,26,2,320,0,2,12,2,16,273,21,38,4,336,0,0,0,336
02/01/2016,MSY,LA,ASW,CE,Combined TRACON& Tower with Radar,291,24,23,4,342,0,5,4,1,10,291,29,27,5,352,0,0,0,352
02/02/2016,MSY,LA,ASW,CE,Combined TRACON& Tower with Radar,322,30,21,2,375,0,1,0,0,1,322,31,21,2,376,0,0,0,376
02/03/2016,MSY,LA,ASW,CE,Combined TRACON& Tower with Radar,296,24,36,0,356,0,2,34,2,38,296,26,70,2,394,0,0,0,394
02/04/2016,MSY,LA,ASW,CE,Combined TRACON& Tower with Radar,310,28,35,2,375,0,12,13,0,25,310,40,48,2,400,0,0,0,400
02/05/2016,MSY,LA,ASW,CE,Combined TRACON& Tower with Radar,296,22,28,2,348,0,15,12,2,29,296,37,40,4,377,0,0,0,377
02/06/2016,MSY,LA,ASW,CE,Combined TRACON& Tower with Radar,252,26,21,2,301,0,4,10,0,14,252,30,31,2,315,0,0,0,315
02/07/2016,MSY,LA,ASW,CE,Combined TRACON& Tower with Radar,252,22,25,0,299,0,4,8,1,13,252,26,33,1,312,0,0,0,312
02/08/2016,MSY,LA,ASW,CE,Combined TRACON& Tower with Radar,292,29,33,0,354,0,0,18,0,18,292,29,51,0,372,0,0,0,372
02/09/2016,MSY,LA,ASW,CE,Combined TRACON& Tower with Radar,292,24,24,3,343,0,9,2,0,11,292,33,26,3,354,0,0,0,354
02/10/2016,MSY,LA,ASW,CE,Combined TRACON& Tower with Radar,294,33,33,3,363,0,16,10,2,28,294,49,43,5,391,0,0,0,391
02/11/2016,MSY,LA,ASW,CE,Combined TRACON& Tower with Radar,306,24,24,0,354,0,18,6,0,24,306,42,30,0,378,0,0,0,378
02/12/2016,MSY,LA,ASW,CE,Combined TRACON& Tower with Radar,310,32,38,2,382,0,17,18,0,35,310,49,56,2,417,0,0,0,417
02/13/2016,MSY,LA,ASW,CE,Combined TRACON& Tower with Radar,254,28,19,0,301,0,3,19,4,26,254,31,38,4,327,0,0,0,327
02/14/2016,MSY,LA,ASW,CE,Combined TRACON& Tower with Radar,268,18,31,0,317,0,0,13,4,17,268,18,44,4,334,0,0,0,334
02/15/2016,MSY,LA,ASW,CE,Combined TRACON& Tower with Radar,285,30,39,0,354,0,1,5,0,6,285,31,44,0,360,0,0,0,360
02/16/2016,MSY,LA,ASW,CE,Combined TRACON& Tower with Radar,305,40,19,3,367,0,19,5,0,24,305,59,24,3,391,0,0,0,391
02/17/2016,MSY,LA,ASW,CE,Combined TRACON& Tower with Radar,309,33,31,1,374,0,16,13,2,31,309,49,44,3,405,0,0,0,405
02/18/2016,MSY,LA,ASW,CE,Combined TRACON& Tower with Radar,310,35,40,0,385,0,16,18,0,34,310,51,58,0,419,0,0,0,419
02/19/2016,MSY,LA,ASW,CE,Combined TRACON& Tower with Radar,307,26,31,2,366,0,12,12,5,29,307,38,43,7,395,0,0,0,395
02/20/2016,MSY,LA,ASW,CE,Combined TRACON& Tower with Radar,264,14,12,11,301,0,1,11,2,14,264,15,23,13,315,0,0,0,315
02/21/2016,MSY,LA,ASW,CE,Combined TRACON& Tower with Radar,297,16,35,3,351,0,5,11,5,21,297,21,46,8,372,0,0,0,372
02/22/2016,MSY,LA,ASW,CE,Combined TRACON& Tower with Radar,303,25,21,1,350,0,2,8,0,10,303,27,29,1,360,0,0,0,360
02/23/2016,MSY,LA,ASW,CE,Combined TRACON& Tower with Radar,313,12,7,0,332,0,2,2,0,4,313,14,9,0,336,0,0,0,336
02/24/2016,MSY,LA,ASW,CE,Combined TRACON& Tower with Radar,291,34,30,0,355,0,2,2,0,4,291,36,32,0,359,0,0,0,359
02/25/2016,MSY,LA,ASW,CE,Combined TRACON& Tower with Radar,310,56,39,1,406,0,14,6,0,20,310,70,45,1,426,0,0,0,426
02/26/2016,MSY,LA,ASW,CE,Combined TRACON& Tower with Radar,308,31,35,3,377,0,18,12,0,30,308,49,47,3,407,0,0,0,407
02/27/2016,MSY,LA,ASW,CE,Combined TRACON& Tower with Radar,264,25,23,4,316,0,3,9,2,14,264,28,32,6,330,0,0,0,330
02/28/2016,MSY,LA,ASW,CE,Combined TRACON& Tower with Radar,294,28,28,0,350,0,1,22,0,23,294,29,50,0,373,0,0,0,373
02/29/2016,MSY,LA,ASW,CE,Combined TRACON& Tower with Radar,301,29,17,0,347,0,12,21,10,43,301,41,38,10,390,0,0,0,390
03/01/2016,MSY,LA,ASW,CE,Combined TRACON& Tower with Radar,296,44,29,1,370,0,13,7,2,22,296,57,36,3,392,0,0,0,392
03/02/2016,MSY,LA,ASW,CE,Combined TRACON& Tower with Radar,298,30,23,2,353,0,15,13,5,33,298,45,36,7,386,0,0,0,386
03/03/2016,MSY,LA,ASW,CE,Combined TRACON& Tower with Radar,314,34,47,0,395,0,20,14,0,34,314,54,61,0,429,0,0,0,429
03/04/2016,MSY,LA,ASW,CE,Combined TRACON& Tower with Radar,303,32,34,15,384,0,17,10,0,27,303,49,44,15,411,0,0,0,411
03/05/2016,MSY,LA,ASW,CE,Combined TRACON& Tower with Radar,277,25,21,0,323,0,1,13,0,14,277,26,34,0,337,0,0,0,337
03/06/2016,MSY,LA,ASW,CE,Combined TRACON& Tower with Radar,294,21,27,1,343,0,0,6,1,7,294,21,33,2,350,0,0,0,350
03/07/2016,MSY,LA,ASW,CE,Combined TRACON& Tower with Radar,305,39,27,1,372,0,10,13,1,24,305,49,40,2,396,0,0,0,396
03/08/2016,MSY,LA,ASW,CE,Combined TRACON& Tower with Radar,298,38,23,0,359,0,9,12,0,21,298,47,35,0,380,0,0,0,380
03/09/2016,MSY,LA,ASW,CE,Combined TRACON& Tower with Radar,284,20,9,0,313,0,0,4,0,4,284,20,13,0,317,0,0,0,317
03/10/2016,MSY,LA,ASW,CE,Combined TRACON& Tower with Radar,320,32,12,0,364,0,0,0,0,0,320,32,12,0,364,0,0,0,364
03/11/2016,MSY,LA,ASW,CE,Combined TRACON& Tower with Radar,306,24,32,0,362,0,0,0,0,0,306,24,32,0,362,0,0,0,362
03/12/2016,MSY,LA,ASW,CE,Combined TRACON& Tower with Radar,265,28,18,0,311,0,0,9,0,9,265,28,27,0,320,0,0,0,320
03/13/2016,MSY,LA,ASW,CE,Combined TRACON& Tower with Radar,294,24,23,2,343,0,3,18,0,21,294,27,41,2,364,0,0,0,364
03/14/2016,MSY,LA,ASW,CE,Combined TRACON& Tower with Radar,306,21,26,7,360,0,15,12,1,28,306,36,38,8,388,0,0,0,388
03/15/2016,MSY,LA,ASW,CE,Combined TRACON& Tower with Radar,299,25,26,2,352,0,14,8,0,22,299,39,34,2,374,0,0,0,374
03/16/2016,MSY,LA,ASW,CE,Combined TRACON& Tower with Radar,305,26,29,3,363,0,27,10,0,37,305,53,39,3,400,0,0,0,400
03/17/2016,MSY,LA,ASW,CE,Combined TRACON& Tower with Radar,317,34,49,2,402,0,3,3,0,6,317,37,52,2,408,0,0,0,408
03/18/2016,MSY,LA,ASW,CE,Combined TRACON& Tower with Radar,301,34,36,2,373,0,0,3,0,3,301,34,39,2,376,0,0,0,376
03/19/2016,MSY,LA,ASW,CE,Combined TRACON& Tower with Radar,278,43,29,0,350,0,5,1,0,6,278,48,30,0,356,0,0,0,356
03/20/2016,MSY,LA,ASW,CE,Combined TRACON& Tower with Radar,305,32,42,9,388,0,15,6,1,22,305,47,48,10,410,0,0,0,410
03/21/2016,MSY,LA,ASW,CE,Combined TRACON& Tower with Radar,308,32,50,0,390,0,21,11,0,32,308,53,61,0,422,0,0,0,422
03/22/2016,MSY,LA,ASW,CE,Combined TRACON& Tower with Radar,306,39,57,0,402,0,25,12,4,41,306,64,69,4,443,0,0,0,443
03/23/2016,MSY,LA,ASW,CE,Combined TRACON& Tower with Radar,293,45,34,2,374,0,23,8,0,31,293,68,42,2,405,0,0,0,405
03/24/2016,MSY,LA,ASW,CE,Combined TRACON& Tower with Radar,312,34,33,0,379,0,0,0,0,0,312,34,33,0,379,0,0,0,379
03/25/2016,MSY,LA,ASW,CE,Combined TRACON& Tower with Radar,304,25,31,0,360,0,22,8,4,34,304,47,39,4,394,0,0,0,394
03/26/2016,MSY,LA,ASW,CE,Combined TRACON& Tower with Radar,276,19,4,0,299,0,5,14,2,21,276,24,18,2,320,0,0,0,320
03/27/2016,MSY,LA,ASW,CE,Combined TRACON& Tower with Radar,301,29,13,0,343,0,1,5,0,6,301,30,18,0,349,0,0,0,349
03/28/2016,MSY,LA,ASW,CE,Combined TRACON& Tower with Radar,306,28,37,2,373,0,1,14,0,15,306,29,51,2,388,0,0,0,388
03/29/2016,MSY,LA,ASW,CE,Combined TRACON& Tower with Radar,302,50,31,0,383,0,21,12,2,35,302,71,43,2,418,0,0,0,418
03/30/2016,MSY,LA,ASW,CE,Combined TRACON& Tower with Radar,301,16,36,4,357,0,14,4,0,18,301,30,40,4,375,0,0,0,375
03/31/2016,MSY,LA,ASW,CE,Combined TRACON& Tower with Radar,316,36,41,0,393,0,7,7,0,14,316,43,48,0,407,0,0,0,407
04/01/2016,MSY,LA,ASW,CE,Combined TRACON& Tower with Radar,301,35,29,7,372,0,0,1,0,1,301,35,30,7,373,0,0,0,373
04/02/2016,MSY,LA,ASW,CE,Combined TRACON& Tower with Radar,271,34,29,0,334,0,3,12,0,15,271,37,41,0,349,0,0,0,349
04/03/2016,MSY,LA,ASW,CE,Combined TRACON& Tower with Radar,303,43,22,3,371,0,2,5,3,10,303,45,27,6,381,0,0,0,381
04/04/2016,MSY,LA,ASW,CE,Combined TRACON& Tower with Radar,304,26,21,0,351,0,21,8,0,29,304,47,29,0,380,0,0,0,380
04/05/2016,MSY,LA,ASW,CE,Combined TRACON& Tower with Radar,300,26,24,0,350,0,26,21,0,47,300,52,45,0,397,0,0,0,397
04/06/2016,MSY,LA,ASW,CE,Combined TRACON& Tower with Radar,302,25,40,1,368,0,19,18,5,42,302,44,58,6,410,0,0,0,410
04/07/2016,MSY,LA,ASW,CE,Combined TRACON& Tower with Radar,315,31,44,0,390,0,29,18,3,50,315,60,62,3,440,0,0,0,440
04/08/2016,MSY,LA,ASW,CE,Combined TRACON& Tower with Radar,310,26,40,0,376,0,16,14,0,30,310,42,54,0,406,0,0,0,406
04/09/2016,MSY,LA,ASW,CE,Combined TRACON& Tower with Radar,262,17,16,3,298,0,7,10,0,17,262,24,26,3,315,0,0,0,315
04/10/2016,MSY,LA,ASW,CE,Combined TRACON& Tower with Radar,298,33,29,1,361,0,4,12,0,16,298,37,41,1,377,0,0,0,377
04/11/2016,MSY,LA,ASW,CE,Combined TRACON& Tower with Radar,310,28,19,7,364,0,19,12,0,31,310,47,31,7,395,0,0,0,395
04/12/2016,MSY,LA,ASW,CE,Combined TRACON& Tower with Radar,296,39,24,0,359,0,1,2,0,3,296,40,26,0,362,0,0,0,362
04/13/2016,MSY,LA,ASW,CE,Combined TRACON& Tower with Radar,314,32,21,0,367,0,0,0,0,0,314,32,21,0,367,0,0,0,367
04/14/2016,MSY,LA,ASW,CE,Combined TRACON& Tower with Radar,319,32,34,2,387,0,1,6,0,7,319,33,40,2,394,0,0,0,394
04/15/2016,MSY,LA,ASW,CE,Combined TRACON& Tower with Radar,315,31,18,0,364,0,2,4,1,7,315,33,22,1,371,0,0,0,371
04/16/2016,MSY,LA,ASW,CE,Combined TRACON& Tower with Radar,255,27,27,10,319,0,2,0,0,2,255,29,27,10,321,0,0,0,321
04/17/2016,MSY,LA,ASW,CE,Combined TRACON& Tower with Radar,295,28,47,2,372,0,0,3,0,3,295,28,50,2,375,0,0,0,375
04/18/2016,MSY,LA,ASW,CE,Combined TRACON& Tower with Radar,315,30,19,0,364,1,19,7,4,31,316,49,26,4,395,0,0,0,395
04/19/2016,MSY,LA,ASW,CE,Combined TRACON& Tower with Radar,308,33,21,11,373,0,16,9,1,26,308,49,30,12,399,0,0,0,399
04/20/2016,MSY,LA,ASW,CE,Combined TRACON& Tower with Radar,308,26,34,1,369,0,13,0,4,17,308,39,34,5,386,0,0,0,386
04/21/2016,MSY,LA,ASW,CE,Combined TRACON& Tower with Radar,323,40,34,3,400,0,25,5,0,30,323,65,39,3,430,0,0,0,430
04/22/2016,MSY,LA,ASW,CE,Combined TRACON& Tower with Radar,316,27,45,2,390,0,20,8,0,28,316,47,53,2,418,0,0,0,418
04/23/2016,MSY,LA,ASW,CE,Combined TRACON& Tower with Radar,265,20,12,0,297,0,1,20,3,24,265,21,32,3,321,0,0,0,321
04/24/2016,MSY,LA,ASW,CE,Combined TRACON& Tower with Radar,316,32,42,4,394,0,2,20,4,26,316,34,62,8,420,0,0,0,420
04/25/2016,MSY,LA,ASW,CE,Combined TRACON& Tower with Radar,311,32,33,1,377,0,25,4,3,32,311,57,37,4,409,0,0,0,409
04/26/2016,MSY,LA,ASW,CE,Combined TRACON& Tower with Radar,299,47,44,0,390,0,17,17,0,34,299,64,61,0,424,0,0,0,424
04/27/2016,MSY,LA,ASW,CE,Combined TRACON& Tower with Radar,318,30,30,1,379,0,1,2,0,3,318,31,32,1,382,0,0,0,382
04/28/2016,MSY,LA,ASW,CE,Combined TRACON& Tower with Radar,320,39,53,0,412,0,2,4,0,6,320,41,57,0,418,0,0,0,418
04/29/2016,MSY,LA,ASW,CE,Combined TRACON& Tower with Radar,301,45,38,2,386,0,6,3,2,11,301,51,41,4,397,0,0,0,397
04/30/2016,MSY,LA,ASW,CE,Combined TRACON& Tower with Radar,262,23,18,3,306,0,2,5,0,7,262,25,23,3,313,0,0,0,313
05/01/2016,MSY,LA,ASW,CE,Combined TRACON& Tower with Radar,303,37,41,0,381,0,0,3,0,3,303,37,44,0,384,0,0,0,384
05/02/2016,MSY,LA,ASW,CE,Combined TRACON& Tower with Radar,312,51,24,2,389,0,14,14,0,28,312,65,38,2,417,0,0,0,417
05/03/2016,MSY,LA,ASW,CE,Combined TRACON& Tower with Radar,313,29,33,0,375,0,13,10,0,23,313,42,43,0,398,0,0,0,398
05/04/2016,MSY,LA,ASW,CE,Combined TRACON& Tower with Radar,308,27,39,2,376,0,16,18,0,34,308,43,57,2,410,0,0,0,410
05/05/2016,MSY,LA,ASW,CE,Combined TRACON& Tower with Radar,322,40,42,2,406,0,12,32,4,48,322,52,74,6,454,0,0,0,454
05/06/2016,MSY,LA,ASW,CE,Combined TRACON& Tower with Radar,321,31,30,3,385,0,18,18,3,39,321,49,48,6,424,0,0,0,424
05/07/2016,MSY,LA,ASW,CE,Combined TRACON& Tower with Radar,254,17,21,0,292,0,8,22,2,32,254,25,43,2,324,0,0,0,324
05/08/2016,MSY,LA,ASW,CE,Combined TRACON& Tower with Radar,301,20,25,7,353,0,3,13,1,17,301,23,38,8,370,0,0,0,370
05/09/2016,MSY,LA,ASW,CE,Combined TRACON& Tower with Radar,309,20,37,0,366,0,13,6,0,19,309,33,43,0,385,0,0,0,385
05/10/2016,MSY,LA,ASW,CE,Combined TRACON& Tower with Radar,310,27,23,0,360,0,18,8,5,31,310,45,31,5,391,0,0,0,391
05/11/2016,MSY,LA,ASW,CE,Combined TRACON& Tower with Radar,313,27,29,2,371,0,14,12,0,26,313,41,41,2,397,0,0,0,397
05/12/2016,MSY,LA,ASW,CE,Combined TRACON& Tower with Radar,318,46,35,0,399,0,17,6,2,25,318,63,41,2,424,0,0,0,424
05/13/2016,MSY,LA,ASW,CE,Combined TRACON& Tower with Radar,320,32,28,0,380,0,14,6,0,20,320,46,34,0,400,0,0,0,400
05/14/2016,MSY,LA,ASW,CE,Combined TRACON& Tower with Radar,283,25,18,0,326,0,6,6,4,16,283,31,24,4,342,0,0,0,342
05/15/2016,MSY,LA,ASW,CE,Combined TRACON& Tower with Radar,310,34,33,2,379,0,0,4,3,7,310,34,37,5,386,0,0,0,386
05/16/2016,MSY,LA,ASW,CE,Combined TRACON& Tower with Radar,310,26,43,0,379,0,12,10,1,23,310,38,53,1,402,0,0,0,402
05/17/2016,MSY,LA,ASW,CE,Combined TRACON& Tower with Radar,311,27,44,0,382,0,12,12,0,24,311,39,56,0,406,0,0,0,406
05/18/2016,MSY,LA,ASW,CE,Combined TRACON& Tower with Radar,315,35,40,0,390,0,5,2,0,7,315,40,42,0,397,0,0,0,397
05/19/2016,MSY,LA,ASW,CE,Combined TRACON& Tower with Radar,314,26,40,8,388,0,8,6,0,14,314,34,46,8,402,0,0,0,402
05/20/2016,MSY,LA,ASW,CE,Combined TRACON& Tower with Radar,322,24,24,0,370,0,2,2,0,4,322,26,26,0,374,0,0,0,374
05/21/2016,MSY,LA,ASW,CE,Combined TRACON& Tower with Radar,270,18,13,9,310,0,2,14,1,17,270,20,27,10,327,0,0,0,327
05/22/2016,MSY,LA,ASW,CE,Combined TRACON& Tower with Radar,304,22,31,9,366,0,0,8,1,9,304,22,39,10,375,0,0,0,375
05/23/2016,MSY,LA,ASW,CE,Combined TRACON& Tower with Radar,308,21,36,5,370,0,25,14,0,39,308,46,50,5,409,0,0,0,409
05/24/2016,MSY,LA,ASW,CE,Combined TRACON& Tower with Radar,314,26,38,0,378,0,12,6,0,18,314,38,44,0,396,0,0,0,396
05/25/2016,MSY,LA,ASW,CE,Combined TRACON& Tower with Radar,305,31,32,0,368,0,14,4,1,19,305,45,36,1,387,0,0,0,387
05/26/2016,MSY,LA,ASW,CE,Combined TRACON& Tower with Radar,328,26,36,4,394,0,12,12,4,28,328,38,48,8,422,0,0,0,422
05/27/2016,MSY,LA,ASW,CE,Combined TRACON& Tower with Radar,331,40,43,1,415,0,10,10,2,22,331,50,53,3,437,0,0,0,437
05/28/2016,MSY,LA,ASW,CE,Combined TRACON& Tower with Radar,267,18,12,0,297,0,1,9,0,10,267,19,21,0,307,0,0,0,307
05/29/2016,MSY,LA,ASW,CE,Combined TRACON& Tower with Radar,273,18,12,0,303,0,2,13,0,15,273,20,25,0,318,0,0,0,318
05/30/2016,MSY,LA,ASW,CE,Combined TRACON& Tower with Radar,280,27,29,0,336,0,2,12,0,14,280,29,41,0,350,0,0,0,350
05/31/2016,MSY,LA,ASW,CE,Combined TRACON& Tower with Radar,303,26,26,0,355,0,15,8,1,24,303,41,34,1,379,0,0,0,379
06/01/2016,MSY,LA,ASW,CE,Combined TRACON& Tower with Radar,312,31,26,6,375,0,18,5,0,23,312,49,31,6,398,0,0,0,398
06/02/2016,MSY,LA,ASW,CE,Combined TRACON& Tower with Radar,316,27,25,0,368,0,16,7,0,23,316,43,32,0,391,0,0,0,391
06/03/2016,MSY,LA,ASW,CE,Combined TRACON& Tower with Radar,318,25,18,0,361,0,12,4,0,16,318,37,22,0,377,0,0,0,377
06/04/2016,MSY,LA,ASW,CE,Combined TRACON& Tower with Radar,261,32,6,0,299,0,3,1,0,4,261,35,7,0,303,0,0,0,303
06/05/2016,MSY,LA,ASW,CE,Combined TRACON& Tower with Radar,299,30,18,0,347,0,6,1,0,7,299,36,19,0,354,0,0,0,354
06/06/2016,MSY,LA,ASW,CE,Combined TRACON& Tower with Radar,309,24,20,0,353,0,3,3,0,6,309,27,23,0,359,0,0,0,359
06/07/2016,MSY,LA,ASW,CE,Combined TRACON& Tower with Radar,306,23,30,0,359,0,11,7,2,20,306,34,37,2,379,0,0,0,379
06/08/2016,MSY,LA,ASW,CE,Combined TRACON& Tower with Radar,308,25,31,1,365,0,11,3,3,17,308,36,34,4,382,0,0,0,382
06/09/2016,MSY,LA,ASW,CE,Combined TRACON& Tower with Radar,315,29,33,0,377,0,14,2,0,16,315,43,35,0,393,0,0,0,393
06/10/2016,MSY,LA,ASW,CE,Combined TRACON& Tower with Radar,309,24,21,3,357,0,11,9,0,20,309,35,30,3,377,0,0,0,377
06/11/2016,MSY,LA,ASW,CE,Combined TRACON& Tower with Radar,254,17,7,0,278,0,9,3,2,14,254,26,10,2,292,0,0,0,292
06/12/2016,MSY,LA,ASW,CE,Combined TRACON& Tower with Radar,313,16,13,0,342,0,5,6,0,11,313,21,19,0,353,0,0,0,353
06/13/2016,MSY,LA,ASW,CE,Combined TRACON& Tower with Radar,303,30,29,0,362,0,5,2,0,7,303,35,31,0,369,0,0,0,369
06/14/2016,MSY,LA,ASW,CE,Combined TRACON& Tower with Radar,311,21,30,1,363,0,18,3,4,25,311,39,33,5,388,0,0,0,388
06/15/2016,MSY,LA,ASW,CE,Combined TRACON& Tower with Radar,306,29,26,0,361,0,12,13,0,25,306,41,39,0,386,0,0,0,386
06/16/2016,MSY,LA,ASW,CE,Combined TRACON& Tower with Radar,307,26,36,6,375,0,18,8,4,30,307,44,44,10,405,0,0,0,405
06/17/2016,MSY,LA,ASW,CE,Combined TRACON& Tower with Radar,302,22,27,1,352,0,19,8,0,27,302,41,35,1,379,0,0,0,379
06/18/2016,MSY,LA,ASW,CE,Combined TRACON& Tower with Radar,257,15,14,0,286,0,6,1,1,8,257,21,15,1,294,0,0,0,294
06/19/2016,MSY,LA,ASW,CE,Combined TRACON& Tower with Radar,303,11,23,1,338,0,1,3,0,4,303,12,26,1,342,0,0,0,342
06/20/2016,MSY,LA,ASW,CE,Combined TRACON& Tower with Radar,298,24,26,3,351,0,19,1,0,20,298,43,27,3,371,0,0,0,371
06/21/2016,MSY,LA,ASW,CE,Combined TRACON& Tower with Radar,289,22,28,1,340,0,19,6,0,25,289,41,34,1,365,0,0,0,365
06/22/2016,MSY,LA,ASW,CE,Combined TRACON& Tower with Radar,299,26,20,1,346,0,14,13,1,28,299,40,33,2,374,0,0,0,374
06/23/2016,MSY,LA,ASW,CE,Combined TRACON& Tower with Radar,304,34,33,4,375,0,15,19,0,34,304,49,52,4,409,0,0,0,409
06/24/2016,MSY,LA,ASW,CE,Combined TRACON& Tower with Radar,300,25,17,2,344,0,18,10,0,28,300,43,27,2,372,0,0,0,372
06/25/2016,MSY,LA,ASW,CE,Combined TRACON& Tower with Radar,252,19,16,0,287,0,5,3,0,8,252,24,19,0,295,0,0,0,295
06/26/2016,MSY,LA,ASW,CE,Combined TRACON& Tower with Radar,298,20,23,4,345,0,4,2,0,6,298,24,25,4,351,0,0,0,351
06/27/2016,MSY,LA,ASW,CE,Combined TRACON& Tower with Radar,299,29,23,0,351,0,2,4,0,6,299,31,27,0,357,0,0,0,357
06/28/2016,MSY,LA,ASW,CE,Combined TRACON& Tower with Radar,302,35,40,2,379,0,12,3,0,15,302,47,43,2,394,0,0,0,394
06/29/2016,MSY,LA,ASW,CE,Combined TRACON& Tower with Radar,305,23,40,0,368,0,3,6,3,12,305,26,46,3,380,0,0,0,380
06/30/2016,MSY,LA,ASW,CE,Combined TRACON& Tower with Radar,316,36,46,0,398,0,4,4,1,9,316,40,50,1,407,0,0,0,407
07/01/2016,MSY,LA,ASW,CE,Combined TRACON& Tower with Radar,288,45,34,2,369,0,15,6,0,21,288,60,40,2,390,0,0,0,390
07/02/2016,MSY,LA,ASW,CE,Combined TRACON& Tower with Radar,244,29,8,2,283,0,3,5,0,8,244,32,13,2,291,0,0,0,291
07/03/2016,MSY,LA,ASW,CE,Combined TRACON& Tower with Radar,267,13,6,0,286,0,2,0,0,2,267,15,6,0,288,0,0,0,288
07/04/2016,MSY,LA,ASW,CE,Combined TRACON& Tower with Radar,261,20,12,0,293,0,2,4,0,6,261,22,16,0,299,0,0,0,299
07/05/2016,MSY,LA,ASW,CE,Combined TRACON& Tower with Radar,292,29,23,0,344,0,14,2,0,16,292,43,25,0,360,0,0,0,360
07/06/2016,MSY,LA,ASW,CE,Combined TRACON& Tower with Radar,296,27,29,0,352,0,16,2,0,18,296,43,31,0,370,0,0,0,370
07/07/2016,MSY,LA,ASW,CE,Combined TRACON& Tower with Radar,307,27,44,1,379,0,15,2,0,17,307,42,46,1,396,0,0,0,396
07/08/2016,MSY,LA,ASW,CE,Combined TRACON& Tower with Radar,298,28,17,1,344,0,15,0,0,15,298,43,17,1,359,0,0,0,359
07/09/2016,MSY,LA,ASW,CE,Combined TRACON& Tower with Radar,246,31,16,2,295,0,6,0,0,6,246,37,16,2,301,0,0,0,301
07/10/2016,MSY,LA,ASW,CE,Combined TRACON& Tower with Radar,300,28,9,0,337,0,2,1,0,3,300,30,10,0,340,0,0,0,340
07/11/2016,MSY,LA,ASW,CE,Combined TRACON& Tower with Radar,297,24,30,2,353,0,11,6,0,17,297,35,36,2,370,0,0,0,370
07/12/2016,MSY,LA,ASW,CE,Combined TRACON& Tower with Radar,302,21,18,0,341,0,12,7,0,19,302,33,25,0,360,0,0,0,360
07/13/2016,MSY,LA,ASW,CE,Combined TRACON& Tower with Radar,294,37,20,0,351,0,18,7,2,27,294,55,27,2,378,0,0,0,378
07/14/2016,MSY,LA,ASW,CE,Combined TRACON& Tower with Radar,309,35,26,0,370,0,12,2,0,14,309,47,28,0,384,0,0,0,384
07/15/2016,MSY,LA,ASW,CE,Combined TRACON& Tower with Radar,298,28,26,0,352,0,13,5,0,18,298,41,31,0,370,0,0,0,370
07/16/2016,MSY,LA,ASW,CE,Combined TRACON& Tower with Radar,252,22,16,0,290,0,1,4,0,5,252,23,20,0,295,0,0,0,295
07/17/2016,MSY,LA,ASW,CE,Combined TRACON& Tower with Radar,302,16,16,0,334,0,0,5,0,5,302,16,21,0,339,0,0,0,339
07/18/2016,MSY,LA,ASW,CE,Combined TRACON& Tower with Radar,293,21,27,0,341,0,9,5,0,14,293,30,32,0,355,0,0,0,355
07/19/2016,MSY,LA,ASW,CE,Combined TRACON& Tower with Radar,299,21,24,2,346,0,12,2,0,14,299,33,26,2,360,0,0,0,360
07/20/2016,MSY,LA,ASW,CE,Combined TRACON& Tower with Radar,287,35,24,1,347,0,14,13,0,27,287,49,37,1,374,0,0,0,374
07/21/2016,MSY,LA,ASW,CE,Combined TRACON& Tower with Radar,287,36,28,6,357,0,12,13,0,25,287,48,41,6,382,0,0,0,382
07/22/2016,MSY,LA,ASW,CE,Combined TRACON& Tower with Radar,285,38,36,0,359,0,13,3,2,18,285,51,39,2,377,0,0,0,377
07/23/2016,MSY,LA,ASW,CE,Combined TRACON& Tower with Radar,233,35,5,0,273,0,2,12,0,14,233,37,17,0,287,0,0,0,287
07/24/2016,MSY,LA,ASW,CE,Combined TRACON& Tower with Radar,292,32,19,0,343,0,3,3,0,6,292,35,22,0,349,0,0,0,349
07/25/2016,MSY,LA,ASW,CE,Combined TRACON& Tower with Radar,279,29,21,0,329,0,7,4,0,11,279,36,25,0,340,0,0,0,340
07/26/2016,MSY,LA,ASW,CE,Combined TRACON& Tower with Radar,296,23,21,0,340,0,2,0,0,2,296,25,21,0,342,0,0,0,342
07/27/2016,MSY,LA,ASW,CE,Combined TRACON& Tower with Radar,289,31,22,0,342,0,14,5,0,19,289,45,27,0,361,0,0,0,361
07/28/2016,MSY,LA,ASW,CE,Combined TRACON& Tower with Radar,294,33,27,4,358,0,13,7,1,21,294,46,34,5,379,0,0,0,379
07/29/2016,MSY,LA,ASW,CE,Combined TRACON& Tower with Radar,301,33,34,6,374,0,10,6,1,17,301,43,40,7,391,0,0,0,391
07/30/2016,MSY,LA,ASW,CE,Combined TRACON& Tower with Radar,232,43,18,0,293,0,0,0,0,0,232,43,18,0,293,0,0,0,293
07/31/2016,MSY,LA,ASW,CE,Combined TRACON& Tower with Radar,284,26,25,0,335,0,2,3,0,5,284,28,28,0,340,0,0,0,340
08/01/2016,MSY,LA,ASW,CE,Combined TRACON& Tower with Radar,297,34,18,0,349,0,7,6,0,13,297,41,24,0,362,0,0,0,362
08/02/2016,MSY,LA,ASW,CE,Combined TRACON& Tower with Radar,290,35,15,0,340,0,14,8,0,22,290,49,23,0,362,0,0,0,362
08/03/2016,MSY,LA,ASW,CE,Combined TRACON& Tower with Radar,295,23,44,0,362,0,4,5,0,9,295,27,49,0,371,0,0,0,371
08/04/2016,MSY,LA,ASW,CE,Combined TRACON& Tower with Radar,308,38,45,0,391,0,11,11,0,22,308,49,56,0,413,0,0,0,413
08/05/2016,MSY,LA,ASW,CE,Combined TRACON& Tower with Radar,300,34,23,0,357,0,9,3,0,12,300,43,26,0,369,0,0,0,369
08/06/2016,MSY,LA,ASW,CE,Combined TRACON& Tower with Radar,231,39,11,0,281,0,2,1,0,3,231,41,12,0,284,0,0,0,284
08/07/2016,MSY,LA,ASW,CE,Combined TRACON& Tower with Radar,281,34,16,0,331,0,0,5,0,5,281,34,21,0,336,0,0,0,336
08/08/2016,MSY,LA,ASW,CE,Combined TRACON& Tower with Radar,268,37,30,0,335,0,12,2,0,14,268,49,32,0,349,0,0,0,349
08/09/2016,MSY,LA,ASW,CE,Combined TRACON& Tower with Radar,264,34,19,2,319,0,15,2,4,21,264,49,21,6,340,0,0,0,340
08/10/2016,MSY,LA,ASW,CE,Combined TRACON& Tower with Radar,289,38,24,0,351,0,0,3,0,3,289,38,27,0,354,0,0,0,354
08/11/2016,MSY,LA,ASW,CE,Combined TRACON& Tower with Radar,294,36,24,0,354,0,1,1,0,2,294,37,25,0,356,0,0,0,356
08/12/2016,MSY,LA,ASW,CE,Combined TRACON& Tower with Radar,276,26,6,0,308,0,0,1,0,1,276,26,7,0,309,0,0,0,309
08/13/2016,MSY,LA,ASW,CE,Combined TRACON& Tower with Radar,232,44,9,0,285,0,1,2,0,3,232,45,11,0,288,0,0,0,288
08/14/2016,MSY,LA,ASW,CE,Combined TRACON& Tower with Radar,277,41,19,1,338,0,3,7,1,11,277,44,26,2,349,0,0,0,349
08/15/2016,MSY,LA,ASW,CE,Combined TRACON& Tower with Radar,286,30,24,0,340,0,13,10,0,23,286,43,34,0,363,0,0,0,363
08/16/2016,MSY,LA,ASW,CE,Combined TRACON& Tower with Radar,278,33,17,1,329,0,12,7,1,20,278,45,24,2,349,0,0,0,349
08/17/2016,MSY,LA,ASW,CE,Combined TRACON& Tower with Radar,278,32,26,0,336,0,20,11,0,31,278,52,37,0,367,0,0,0,367
08/18/2016,MSY,LA,ASW,CE,Combined TRACON& Tower with Radar,287,35,28,0,350,1,12,3,2,18,288,47,31,2,368,0,0,0,368
08/19/2016,MSY,LA,ASW,CE,Combined TRACON& Tower with Radar,277,33,29,0,339,0,22,6,0,28,277,55,35,0,367,0,0,0,367
08/20/2016,MSY,LA,ASW,CE,Combined TRACON& Tower with Radar,218,23,7,2,250,0,2,7,1,10,218,25,14,3,260,0,0,0,260
08/21/2016,MSY,LA,ASW,CE,Combined TRACON& Tower with Radar,274,23,21,0,318,0,2,7,0,9,274,25,28,0,327,0,0,0,327
08/22/2016,MSY,LA,ASW,CE,Combined TRACON& Tower with Radar,287,29,26,0,342,0,15,3,0,18,287,44,29,0,360,0,0,0,360
08/23/2016,MSY,LA,ASW,CE,Combined TRACON& Tower with Radar,273,48,23,1,345,0,15,3,0,18,273,63,26,1,363,0,0,0,363
08/24/2016,MSY,LA,ASW,CE,Combined TRACON& Tower with Radar,277,38,21,3,339,0,12,10,0,22,277,50,31,3,361,0,0,0,361
08/25/2016,MSY,LA,ASW,CE,Combined TRACON& Tower with Radar,291,27,29,0,347,0,9,4,2,15,291,36,33,2,362,0,0,0,362
08/26/2016,MSY,LA,ASW,CE,Combined TRACON& Tower with Radar,287,38,19,0,344,0,3,9,0,12,287,41,28,0,356,0,0,0,356
08/27/2016,MSY,LA,ASW,CE,Combined TRACON& Tower with Radar,215,22,12,0,249,0,0,5,0,5,215,22,17,0,254,0,0,0,254
08/28/2016,MSY,LA,ASW,CE,Combined TRACON& Tower with Radar,271,25,20,0,316,0,1,3,0,4,271,26,23,0,320,0,0,0,320
08/29/2016,MSY,LA,ASW,CE,Combined TRACON& Tower with Radar,276,30,23,0,329,0,0,4,0,4,276,30,27,0,333,0,0,0,333
08/30/2016,MSY,LA,ASW,CE,Combined TRACON& Tower with Radar,276,38,13,0,327,0,12,3,2,17,276,50,16,2,344,0,0,0,344
08/31/2016,MSY,LA,ASW,CE,Combined TRACON& Tower with Radar,286,37,34,0,357,0,0,3,2,5,286,37,37,2,362,0,0,0,362
09/01/2016,MSY,LA,ASW,CE,Combined TRACON& Tower with Radar,287,39,42,0,368,0,7,6,0,13,287,46,48,0,381,0,0,0,381
09/02/2016,MSY,LA,ASW,CE,Combined TRACON& Tower with Radar,299,49,31,0,379,0,11,2,0,13,299,60,33,0,392,0,0,0,392
09/03/2016,MSY,LA,ASW,CE,Combined TRACON& Tower with Radar,188,27,21,0,236,0,1,5,0,6,188,28,26,0,242,0,0,0,242
09/04/2016,MSY,LA,ASW,CE,Combined TRACON& Tower with Radar,229,18,19,0,266,0,4,6,0,10,229,22,25,0,276,0,0,0,276
09/05/2016,MSY,LA,ASW,CE,Combined TRACON& Tower with Radar,269,40,29,1,339,0,1,0,0,1,269,41,29,1,340,0,0,0,340
09/06/2016,MSY,LA,ASW,CE,Combined TRACON& Tower with Radar,273,41,15,0,329,0,10,11,0,21,273,51,26,0,350,0,0,0,350
09/07/2016,MSY,LA,ASW,CE,Combined TRACON& Tower with Radar,267,43,30,0,340,0,14,7,0,21,267,57,37,0,361,0,0,0,361
09/08/2016,MSY,LA,ASW,CE,Combined TRACON& Tower with Radar,289,47,31,0,367,0,11,12,0,23,289,58,43,0,390,0,0,0,390
09/09/2016,MSY,LA,ASW,CE,Combined TRACON& Tower with Radar,283,34,23,2,342,0,14,4,0,18,283,48,27,2,360,0,0,0,360
09/10/2016,MSY,LA,ASW,CE,Combined TRACON& Tower with Radar,201,33,15,0,249,0,2,3,3,8,201,35,18,3,257,0,0,0,257
09/11/2016,MSY,LA,ASW,CE,Combined TRACON& Tower with Radar,291,46,27,0,364,0,0,0,1,1,291,46,27,1,365,0,0,0,365
09/12/2016,MSY,LA,ASW,CE,Combined TRACON& Tower with Radar,281,35,30,1,347,0,13,10,0,23,281,48,40,1,370,0,0,0,370
09/13/2016,MSY,LA,ASW,CE,Combined TRACON& Tower with Radar,274,43,39,1,357,0,14,6,0,20,274,57,45,1,377,0,0,0,377
09/14/2016,MSY,LA,ASW,CE,Combined TRACON& Tower with Radar,266,37,23,1,327,0,12,2,0,14,266,49,25,1,341,0,0,0,341
09/15/2016,MSY,LA,ASW,CE,Combined TRACON& Tower with Radar,305,25,24,0,354,0,11,9,0,20,305,36,33,0,374,0,0,0,374
09/16/2016,MSY,LA,ASW,CE,Combined TRACON& Tower with Radar,304,30,34,0,368,0,10,2,0,12,304,40,36,0,380,0,0,0,380
09/17/2016,MSY,LA,ASW,CE,Combined TRACON& Tower with Radar,222,17,11,0,250,0,2,0,0,2,222,19,11,0,252,0,0,0,252
09/18/2016,MSY,LA,ASW,CE,Combined TRACON& Tower with Radar,293,24,27,0,344,0,13,9,0,22,293,37,36,0,366,0,0,0,366
09/19/2016,MSY,LA,ASW,CE,Combined TRACON& Tower with Radar,296,27,31,6,360,0,12,3,0,15,296,39,34,6,375,0,0,0,375
09/20/2016,MSY,LA,ASW,CE,Combined TRACON& Tower with Radar,287,23,18,3,331,0,15,13,2,30,287,38,31,5,361,0,0,0,361
09/21/2016,MSY,LA,ASW,CE,Combined TRACON& Tower with Radar,288,23,29,2,342,0,17,40,0,57,288,40,69,2,399,0,0,0,399
09/22/2016,MSY,LA,ASW,CE,Combined TRACON& Tower with Radar,306,28,38,9,381,0,12,6,0,18,306,40,44,9,399,0,0,0,399
09/23/2016,MSY,LA,ASW,CE,Combined TRACON& Tower with Radar,301,19,23,1,344,0,18,4,5,27,301,37,27,6,371,0,0,0,371
09/24/2016,MSY,LA,ASW,CE,Combined TRACON& Tower with Radar,230,19,11,0,260,0,0,10,1,11,230,19,21,1,271,0,0,0,271
09/25/2016,MSY,LA,ASW,CE,Combined TRACON& Tower with Radar,299,22,27,0,348,0,4,3,1,8,299,26,30,1,356,0,0,0,356
09/26/2016,MSY,LA,ASW,CE,Combined TRACON& Tower with Radar,294,22,39,2,357,0,15,5,0,20,294,37,44,2,377,0,0,0,377
09/27/2016,MSY,LA,ASW,CE,Combined TRACON& Tower with Radar,292,26,28,0,346,0,16,6,0,22,292,42,34,0,368,0,0,0,368
09/28/2016,MSY,LA,ASW,CE,Combined TRACON& Tower with Radar,286,24,24,2,336,0,14,8,4,26,286,38,32,6,362,0,0,0,362
09/29/2016,MSY,LA,ASW,CE,Combined TRACON& Tower with Radar,310,33,24,0,367,0,14,5,0,19,310,47,29,0,386,0,0,0,386
09/30/2016,MSY,LA,ASW,CE,Combined TRACON& Tower with Radar,305,32,28,3,368,0,16,12,3,31,305,48,40,6,399,0,0,0,399
10/01/2016,MSY,LA,ASW,CE,Combined TRACON& Tower with Radar,230,20,14,0,264,0,3,15,0,18,230,23,29,0,282,0,0,0,282
10/02/2016,MSY,LA,ASW,CE,Combined TRACON& Tower with Radar,297,27,25,3,352,0,1,7,0,8,297,28,32,3,360,0,0,0,360
10/03/2016,MSY,LA,ASW,CE,Combined TRACON& Tower with Radar,306,21,34,3,364,0,9,4,8,21,306,30,38,11,385,0,0,0,385
10/04/2016,MSY,LA,ASW,CE,Combined TRACON& Tower with Radar,295,28,22,2,347,0,10,18,0,28,295,38,40,2,375,0,0,0,375
10/05/2016,MSY,LA,ASW,CE,Combined TRACON& Tower with Radar,297,23,39,2,361,0,15,5,0,20,297,38,44,2,381,0,0,0,381
10/06/2016,MSY,LA,ASW,CE,Combined TRACON& Tower with Radar,313,31,23,0,367,2,14,10,0,26,315,45,33,0,393,0,0,0,393
10/07/2016,MSY,LA,ASW,CE,Combined TRACON& Tower with Radar,305,29,38,1,373,0,15,7,0,22,305,44,45,1,395,0,0,0,395
10/08/2016,MSY,LA,ASW,CE,Combined TRACON& Tower with Radar,227,13,13,0,253,0,0,5,0,5,227,13,18,0,258,0,0,0,258
10/09/2016,MSY,LA,ASW,CE,Combined TRACON& Tower with Radar,302,31,20,1,354,0,0,0,0,0,302,31,20,1,354,0,0,0,354
10/10/2016,MSY,LA,ASW,CE,Combined TRACON& Tower with Radar,305,20,26,1,352,0,3,8,2,13,305,23,34,3,365,0,0,0,365
10/11/2016,MSY,LA,ASW,CE,Combined TRACON& Tower with Radar,307,22,38,1,368,0,10,5,0,15,307,32,43,1,383,0,0,0,383
10/12/2016,MSY,LA,ASW,CE,Combined TRACON& Tower with Radar,303,27,27,0,357,0,11,7,2,20,303,38,34,2,377,0,0,0,377
10/13/2016,MSY,LA,ASW,CE,Combined TRACON& Tower with Radar,321,32,25,0,378,0,16,4,0,20,321,48,29,0,398,0,0,0,398
10/14/2016,MSY,LA,ASW,CE,Combined TRACON& Tower with Radar,312,28,24,0,364,0,21,6,0,27,312,49,30,0,391,0,0,0,391
10/15/2016,MSY,LA,ASW,CE,Combined TRACON& Tower with Radar,239,20,21,0,280,0,0,4,0,4,239,20,25,0,284,0,0,0,284
10/16/2016,MSY,LA,ASW,CE,Combined TRACON& Tower with Radar,303,38,37,0,378,0,2,13,0,15,303,40,50,0,393,0,0,0,393
10/17/2016,MSY,LA,ASW,CE,Combined TRACON& Tower with Radar,312,21,30,3,366,1,10,7,3,21,313,31,37,6,387,0,0,0,387
10/18/2016,MSY,LA,ASW,CE,Combined TRACON& Tower with Radar,306,24,18,0,348,0,11,4,0,15,306,35,22,0,363,0,0,0,363
10/19/2016,MSY,LA,ASW,CE,Combined TRACON& Tower with Radar,306,29,22,0,357,0,17,7,2,26,306,46,29,2,383,0,0,0,383
10/20/2016,MSY,LA,ASW,CE,Combined TRACON& Tower with Radar,319,24,28,0,371,0,16,5,2,23,319,40,33,2,394,0,0,0,394
10/21/2016,MSY,LA,ASW,CE,Combined TRACON& Tower with Radar,319,37,23,4,383,0,13,7,0,20,319,50,30,4,403,0,0,0,403
10/22/2016,MSY,LA,ASW,CE,Combined TRACON& Tower with Radar,237,15,8,0,260,0,4,7,5,16,237,19,15,5,276,0,0,0,276
10/23/2016,MSY,LA,ASW,CE,Combined TRACON& Tower with Radar,302,28,20,1,351,0,3,6,0,9,302,31,26,1,360,0,0,0,360
10/24/2016,MSY,LA,ASW,CE,Combined TRACON& Tower with Radar,315,19,19,0,353,0,14,12,2,28,315,33,31,2,381,0,0,0,381
10/25/2016,MSY,LA,ASW,CE,Combined TRACON& Tower with Radar,304,28,26,0,358,0,10,5,0,15,304,38,31,0,373,0,0,0,373
10/26/2016,MSY,LA,ASW,CE,Combined TRACON& Tower with Radar,302,24,29,0,355,0,10,11,0,21,302,34,40,0,376,0,0,0,376
10/27/2016,MSY,LA,ASW,CE,Combined TRACON& Tower with Radar,327,39,46,2,414,0,2,7,0,9,327,41,53,2,423,0,0,0,423
10/28/2016,MSY,LA,ASW,CE,Combined TRACON& Tower with Radar,318,43,32,2,395,0,17,15,0,32,318,60,47,2,427,0,0,0,427
10/29/2016,MSY,LA,ASW,CE,Combined TRACON& Tower with Radar,251,26,19,0,296,0,0,4,2,6,251,26,23,2,302,0,0,0,302
10/30/2016,MSY,LA,ASW,CE,Combined TRACON& Tower with Radar,301,35,41,0,377,0,0,7,0,7,301,35,48,0,384,0,0,0,384
10/31/2016,MSY,LA,ASW,CE,Combined TRACON& Tower with Radar,284,33,13,0,330,0,10,9,0,19,284,43,22,0,349,0,0,0,349
11/01/2016,MSY,LA,ASW,CE,Combined TRACON& Tower with Radar,298,29,38,0,365,0,6,7,2,15,298,35,45,2,380,0,0,0,380
11/02/2016,MSY,LA,ASW,CE,Combined TRACON& Tower with Radar,302,33,33,0,368,0,10,6,4,20,302,43,39,4,388,0,0,0,388
11/03/2016,MSY,LA,ASW,CE,Combined TRACON& Tower with Radar,317,42,43,0,402,0,11,14,4,29,317,53,57,4,431,0,0,0,431
11/04/2016,MSY,LA,ASW,CE,Combined TRACON& Tower with Radar,320,32,25,1,378,0,14,9,1,24,320,46,34,2,402,0,0,0,402
11/05/2016,MSY,LA,ASW,CE,Combined TRACON& Tower with Radar,245,28,13,3,289,0,0,8,3,11,245,28,21,6,300,0,0,0,300
11/06/2016,MSY,LA,ASW,CE,Combined TRACON& Tower with Radar,316,42,32,1,391,0,3,11,0,14,316,45,43,1,405,0,0,0,405
11/07/2016,MSY,LA,ASW,CE,Combined TRACON& Tower with Radar,312,26,22,2,362,0,9,2,0,11,312,35,24,2,373,0,0,0,373
11/08/2016,MSY,LA,ASW,CE,Combined TRACON& Tower with Radar,283,26,27,2,338,0,2,0,0,2,283,28,27,2,340,0,0,0,340
11/09/2016,MSY,LA,ASW,CE,Combined TRACON& Tower with Radar,310,23,32,4,369,0,3,4,2,9,310,26,36,6,378,0,0,0,378
11/10/2016,MSY,LA,ASW,CE,Combined TRACON& Tower with Radar,323,27,35,0,385,0,7,4,6,17,323,34,39,6,402,0,0,0,402
11/11/2016,MSY,LA,ASW,CE,Combined TRACON& Tower with Radar,328,37,45,0,410,0,0,13,0,13,328,37,58,0,423,0,0,0,423
11/12/2016,MSY,LA,ASW,CE,Combined TRACON& Tower with Radar,275,21,19,0,315,0,0,6,0,6,275,21,25,0,321,0,0,0,321
11/13/2016,MSY,LA,ASW,CE,Combined TRACON& Tower with Radar,315,38,41,0,394,0,0,18,0,18,315,38,59,0,412,0,0,0,412
11/14/2016,MSY,LA,ASW,CE,Combined TRACON& Tower with Radar,316,30,46,0,392,0,9,3,6,18,316,39,49,6,410,0,0,0,410
11/15/2016,MSY,LA,ASW,CE,Combined TRACON& Tower with Radar,304,29,38,6,377,0,17,5,0,22,304,46,43,6,399,0,0,0,399
11/16/2016,MSY,LA,ASW,CE,Combined TRACON& Tower with Radar,315,33,37,1,386,0,3,13,5,21,315,36,50,6,407,0,0,0,407
11/17/2016,MSY,LA,ASW,CE,Combined TRACON& Tower with Radar,318,29,30,1,378,0,14,4,0,18,318,43,34,1,396,0,0,0,396
11/18/2016,MSY,LA,ASW,CE,Combined TRACON& Tower with Radar,324,31,35,2,392,0,15,7,2,24,324,46,42,4,416,0,0,0,416
11/19/2016,MSY,LA,ASW,CE,Combined TRACON& Tower with Radar,281,28,14,0,323,0,2,10,0,12,281,30,24,0,335,0,0,0,335
11/20/2016,MSY,LA,ASW,CE,Combined TRACON& Tower with Radar,302,28,23,2,355,0,2,9,1,12,302,30,32,3,367,0,0,0,367
11/21/2016,MSY,LA,ASW,CE,Combined TRACON& Tower with Radar,301,24,22,3,350,0,9,21,6,36,301,33,43,9,386,0,0,0,386
11/22/2016,MSY,LA,ASW,CE,Combined TRACON& Tower with Radar,314,25,18,1,358,0,14,6,0,20,314,39,24,1,378,0,0,0,378
11/23/2016,MSY,LA,ASW,CE,Combined TRACON& Tower with Radar,331,18,29,1,379,0,19,7,0,26,331,37,36,1,405,0,0,0,405
11/24/2016,MSY,LA,ASW,CE,Combined TRACON& Tower with Radar,194,9,7,1,211,0,2,0,0,2,194,11,7,1,213,0,0,0,213
11/25/2016,MSY,LA,ASW,CE,Combined TRACON& Tower with Radar,257,9,14,1,281,0,2,7,0,9,257,11,21,1,290,0,0,0,290
11/26/2016,MSY,LA,ASW,CE,Combined TRACON& Tower with Radar,300,20,23,0,343,0,6,4,0,10,300,26,27,0,353,0,0,0,353
11/27/2016,MSY,LA,ASW,CE,Combined TRACON& Tower with Radar,332,28,24,0,384,0,0,10,4,14,332,28,34,4,398,0,0,0,398
11/28/2016,MSY,LA,ASW,CE,Combined TRACON& Tower with Radar,334,25,23,3,385,0,7,2,3,12,334,32,25,6,397,0,0,0,397
11/29/2016,MSY,LA,ASW,CE,Combined TRACON& Tower with Radar,307,24,33,1,365,0,3,5,0,8,307,27,38,1,373,0,0,0,373
11/30/2016,MSY,LA,ASW,CE,Combined TRACON& Tower with Radar,304,25,35,1,365,0,0,3,0,3,304,25,38,1,368,0,0,0,368
12/01/2016,MSY,LA,ASW,CE,Combined TRACON& Tower with Radar,313,24,34,6,377,0,10,5,12,27,313,34,39,18,404,0,0,0,404
12/02/2016,MSY,LA,ASW,CE,Combined TRACON& Tower with Radar,320,34,30,4,388,0,21,4,8,33,320,55,34,12,421,0,0,0,421
12/03/2016,MSY,LA,ASW,CE,Combined TRACON& Tower with Radar,261,17,15,1,294,0,2,2,0,4,261,19,17,1,298,0,0,0,298
12/04/2016,MSY,LA,ASW,CE,Combined TRACON& Tower with Radar,307,24,33,0,364,0,0,0,0,0,307,24,33,0,364,0,0,0,364
12/05/2016,MSY,LA,ASW,CE,Combined TRACON& Tower with Radar,315,28,50,0,393,0,0,0,0,0,315,28,50,0,393,0,0,0,393
12/06/2016,MSY,LA,ASW,CE,Combined TRACON& Tower with Radar,292,26,33,4,355,0,3,3,0,6,292,29,36,4,361,0,0,0,361
12/07/2016,MSY,LA,ASW,CE,Combined TRACON& Tower with Radar,301,36,40,2,379,0,6,7,1,14,301,42,47,3,393,0,0,0,393
12/08/2016,MSY,LA,ASW,CE,Combined TRACON& Tower with Radar,326,36,35,0,397,0,15,0,2,17,326,51,35,2,414,0,0,0,414
12/09/2016,MSY,LA,ASW,CE,Combined TRACON& Tower with Radar,323,30,27,0,380,0,10,7,0,17,323,40,34,0,397,0,0,0,397
12/10/2016,MSY,LA,ASW,CE,Combined TRACON& Tower with Radar,261,20,21,0,302,0,2,10,0,12,261,22,31,0,314,0,0,0,314
12/11/2016,MSY,LA,ASW,CE,Combined TRACON& Tower with Radar,298,29,31,1,359,0,0,9,0,9,298,29,40,1,368,0,0,0,368
12/12/2016,MSY,LA,ASW,CE,Combined TRACON& Tower with Radar,312,34,28,3,377,0,9,8,0,17,312,43,36,3,394,0,0,0,394
12/13/2016,MSY,LA,ASW,CE,Combined TRACON& Tower with Radar,295,28,24,4,351,0,1,1,0,2,295,29,25,4,353,0,0,0,353
12/14/2016,MSY,LA,ASW,CE,Combined TRACON& Tower with Radar,309,36,34,0,379,0,0,0,0,0,309,36,34,0,379,0,0,0,379
12/15/2016,MSY,LA,ASW,CE,Combined TRACON& Tower with Radar,310,31,36,8,385,0,15,8,0,23,310,46,44,8,408,0,0,0,408
12/16/2016,MSY,LA,ASW,CE,Combined TRACON& Tower with Radar,302,40,36,1,379,0,13,8,2,23,302,53,44,3,402,0,0,0,402
12/17/2016,MSY,LA,ASW,CE,Combined TRACON& Tower with Radar,262,17,16,2,297,0,1,3,0,4,262,18,19,2,301,0,0,0,301
12/18/2016,MSY,LA,ASW,CE,Combined TRACON& Tower with Radar,290,34,21,1,346,0,0,0,0,0,290,34,21,1,346,0,0,0,346
12/19/2016,MSY,LA,ASW,CE,Combined TRACON& Tower with Radar,298,24,26,0,348,0,4,10,0,14,298,28,36,0,362,0,0,0,362
12/20/2016,MSY,LA,ASW,CE,Combined TRACON& Tower with Radar,293,30,11,0,334,0,9,0,2,11,293,39,11,2,345,0,0,0,345
12/21/2016,MSY,LA,ASW,CE,Combined TRACON& Tower with Radar,297,23,21,0,341,0,12,6,1,19,297,35,27,1,360,0,0,0,360
12/22/2016,MSY,LA,ASW,CE,Combined TRACON& Tower with Radar,300,33,41,3,377,0,7,5,0,12,300,40,46,3,389,0,0,0,389
12/23/2016,MSY,LA,ASW,CE,Combined TRACON& Tower with Radar,321,24,27,0,372,0,5,8,1,14,321,29,35,1,386,0,0,0,386
12/24/2016,MSY,LA,ASW,CE,Combined TRACON& Tower with Radar,245,23,9,0,277,0,2,2,0,4,245,25,11,0,281,0,0,0,281
12/25/2016,MSY,LA,ASW,CE,Combined TRACON& Tower with Radar,207,20,4,0,231,0,0,1,0,1,207,20,5,0,232,0,0,0,232
12/26/2016,MSY,LA,ASW,CE,Combined TRACON& Tower with Radar,299,36,48,0,383,0,0,0,0,0,299,36,48,0,383,0,0,0,383
12/27/2016,MSY,LA,ASW,CE,Combined TRACON& Tower with Radar,304,36,46,0,386,0,1,6,0,7,304,37,52,0,393,0,0,0,393
12/28/2016,MSY,LA,ASW,CE,Combined TRACON& Tower with Radar,306,35,26,1,368,0,2,8,2,12,306,37,34,3,380,0,0,0,380
12/29/2016,MSY,LA,ASW,CE,Combined TRACON& Tower with Radar,310,25,22,0,357,0,0,8,0,8,310,25,30,0,365,0,0,0,365
12/30/2016,MSY,LA,ASW,CE,Combined TRACON& Tower with Radar,307,37,26,0,370,0,14,8,6,28,307,51,34,6,398,0,0,0,398
12/31/2016,MSY,LA,ASW,CE,Combined TRACON& Tower with Radar,262,23,13,0,298,0,0,5,0,5,262,23,18,0,303,0,0,0,303
01/01/2017,MSY,LA,ASW,CE,Combined TRACON& Tower with Radar,274,13,25,0,312,0,2,0,0,2,274,15,25,0,314,0,0,0,314
01/02/2017,MSY,LA,ASW,CE,Combined TRACON& Tower with Radar,329,30,37,0,396,0,4,3,0,7,329,34,40,0,403,0,0,0,403
01/03/2017,MSY,LA,ASW,CE,Combined TRACON& Tower with Radar,311,38,53,0,402,0,7,3,0,10,311,45,56,0,412,0,0,0,412
01/04/2017,MSY,LA,ASW,CE,Combined TRACON& Tower with Radar,288,31,34,0,353,0,6,6,1,13,288,37,40,1,366,0,0,0,366
01/05/2017,MSY,LA,ASW,CE,Combined TRACON& Tower with Radar,288,27,27,3,345,0,13,4,1,18,288,40,31,4,363,0,0,0,363
01/06/2017,MSY,LA,ASW,CE,Combined TRACON& Tower with Radar,305,39,20,0,364,0,0,0,0,0,305,39,20,0,364,0,0,0,364
01/07/2017,MSY,LA,ASW,CE,Combined TRACON& Tower with Radar,253,23,16,0,292,0,0,2,2,4,253,23,18,2,296,0,0,0,296
01/08/2017,MSY,LA,ASW,CE,Combined TRACON& Tower with Radar,286,27,28,0,341,0,3,2,0,5,286,30,30,0,346,0,0,0,346
01/09/2017,MSY,LA,ASW,CE,Combined TRACON& Tower with Radar,295,20,17,5,337,0,15,4,3,22,295,35,21,8,359,0,0,0,359
01/10/2017,MSY,LA,ASW,CE,Combined TRACON& Tower with Radar,296,28,24,5,353,0,15,3,0,18,296,43,27,5,371,0,0,0,371
01/11/2017,MSY,LA,ASW,CE,Combined TRACON& Tower with Radar,288,29,33,0,350,0,7,2,0,9,288,36,35,0,359,0,0,0,359
01/12/2017,MSY,LA,ASW,CE,Combined TRACON& Tower with Radar,305,30,32,2,369,0,6,2,2,10,305,36,34,4,379,0,0,0,379
01/13/2017,MSY,LA,ASW,CE,Combined TRACON& Tower with Radar,309,26,38,8,381,0,2,5,1,8,309,28,43,9,389,0,0,0,389
01/14/2017,MSY,LA,ASW,CE,Combined TRACON& Tower with Radar,253,17,8,0,278,0,0,9,0,9,253,17,17,0,287,0,0,0,287
01/15/2017,MSY,LA,ASW,CE,Combined TRACON& Tower with Radar,268,14,15,0,297,0,2,2,0,4,268,16,17,0,301,0,0,0,301
01/16/2017,MSY,LA,ASW,CE,Combined TRACON& Tower with Radar,302,18,33,0,353,0,0,3,0,3,302,18,36,0,356,0,0,0,356
01/17/2017,MSY,LA,ASW,CE,Combined TRACON& Tower with Radar,288,24,43,2,357,0,2,5,0,7,288,26,48,2,364,0,0,0,364
01/18/2017,MSY,LA,ASW,CE,Combined TRACON& Tower with Radar,296,28,30,6,360,0,1,5,1,7,296,29,35,7,367,0,0,0,367
01/19/2017,MSY,LA,ASW,CE,Combined TRACON& Tower with Radar,310,28,39,2,379,0,4,3,0,7,310,32,42,2,386,0,0,0,386
01/20/2017,MSY,LA,ASW,CE,Combined TRACON& Tower with Radar,309,30,38,5,382,0,0,3,0,3,309,30,41,5,385,0,0,0,385
01/21/2017,MSY,LA,ASW,CE,Combined TRACON& Tower with Radar,269,24,7,4,304,0,0,0,0,0,269,24,7,4,304,0,0,0,304
01/22/2017,MSY,LA,ASW,CE,Combined TRACON& Tower with Radar,288,33,47,5,373,0,3,1,0,4,288,36,48,5,377,0,0,0,377
01/23/2017,MSY,LA,ASW,CE,Combined TRACON& Tower with Radar,296,30,38,0,364,0,7,4,2,13,296,37,42,2,377,0,0,0,377
01/24/2017,MSY,LA,ASW,CE,Combined TRACON& Tower with Radar,287,24,35,0,346,0,15,12,2,29,287,39,47,2,375,0,0,0,375
01/25/2017,MSY,LA,ASW,CE,Combined TRACON& Tower with Radar,293,40,44,0,377,0,6,9,0,15,293,46,53,0,392,0,0,0,392
01/26/2017,MSY,LA,ASW,CE,Combined TRACON& Tower with Radar,304,40,37,0,381,0,15,5,0,20,304,55,42,0,401,0,0,0,401
01/27/2017,MSY,LA,ASW,CE,Combined TRACON& Tower with Radar,309,34,52,2,397,0,16,7,2,25,309,50,59,4,422,0,0,0,422
01/28/2017,MSY,LA,ASW,CE,Combined TRACON& Tower with Radar,260,31,33,2,326,0,4,3,2,9,260,35,36,4,335,0,0,0,335
01/29/2017,MSY,LA,ASW,CE,Combined TRACON& Tower with Radar,285,39,32,2,358,0,2,12,8,22,285,41,44,10,380,0,0,0,380
01/30/2017,MSY,LA,ASW,CE,Combined TRACON& Tower with Radar,306,18,20,0,344,0,15,3,4,22,306,33,23,4,366,0,0,0,366
01/31/2017,MSY,LA,ASW,CE,Combined TRACON& Tower with Radar,282,34,30,6,352,0,14,13,4,31,282,48,43,10,383,0,0,0,383
02/01/2017,MSY,LA,ASW,CE,Combined TRACON& Tower with Radar,292,24,29,0,345,0,9,5,3,17,292,33,34,3,362,0,0,0,362
02/02/2017,MSY,LA,ASW,CE,Combined TRACON& Tower with Radar,300,22,24,2,348,0,12,5,0,17,300,34,29,2,365,0,0,0,365
02/03/2017,MSY,LA,ASW,CE,Combined TRACON& Tower with Radar,303,41,29,4,377,0,2,4,0,6,303,43,33,4,383,0,0,0,383
02/04/2017,MSY,LA,ASW,CE,Combined TRACON& Tower with Radar,257,19,11,2,289,0,6,8,2,16,257,25,19,4,305,0,0,0,305
02/05/2017,MSY,LA,ASW,CE,Combined TRACON& Tower with Radar,265,26,14,0,305,0,5,4,1,10,265,31,18,1,315,0,0,0,315
02/06/2017,MSY,LA,ASW,CE,Combined TRACON& Tower with Radar,302,24,31,0,357,0,12,9,0,21,302,36,40,0,378,0,0,0,378
02/07/2017,MSY,LA,ASW,CE,Combined TRACON& Tower with Radar,291,32,32,0,355,0,4,3,0,7,291,36,35,0,362,0,0,0,362
02/08/2017,MSY,LA,ASW,CE,Combined TRACON& Tower with Radar,290,32,28,3,353,0,5,3,0,8,290,37,31,3,361,0,0,0,361
02/09/2017,MSY,LA,ASW,CE,Combined TRACON& Tower with Radar,278,32,33,2,345,0,13,10,4,27,278,45,43,6,372,0,0,0,372
02/10/2017,MSY,LA,ASW,CE,Combined TRACON& Tower with Radar,299,30,39,3,371,0,8,11,4,23,299,38,50,7,394,0,0,0,394
02/11/2017,MSY,LA,ASW,CE,Combined TRACON& Tower with Radar,260,22,20,7,309,0,0,5,1,6,260,22,25,8,315,0,0,0,315
02/12/2017,MSY,LA,ASW,CE,Combined TRACON& Tower with Radar,280,18,43,12,353,0,4,11,0,15,280,22,54,12,368,0,0,0,368
02/13/2017,MSY,LA,ASW,CE,Combined TRACON& Tower with Radar,300,26,27,1,354,0,6,5,1,12,300,32,32,2,366,0,0,0,366
02/14/2017,MSY,LA,ASW,CE,Combined TRACON& Tower with Radar,282,31,25,0,338,0,1,2,0,3,282,32,27,0,341,0,0,0,341
02/15/2017,MSY,LA,ASW,CE,Combined TRACON& Tower with Radar,295,39,33,3,370,0,13,8,1,22,295,52,41,4,392,0,0,0,392
02/16/2017,MSY,LA,ASW,CE,Combined TRACON& Tower with Radar,313,50,52,0,415,0,16,13,1,30,313,66,65,1,445,0,0,0,445
02/17/2017,MSY,LA,ASW,CE,Combined TRACON& Tower with Radar,312,52,42,0,406,0,18,9,0,27,312,70,51,0,433,0,0,0,433
02/18/2017,MSY,LA,ASW,CE,Combined TRACON& Tower with Radar,261,38,23,1,323,0,5,2,1,8,261,43,25,2,331,0,0,0,331
02/19/2017,MSY,LA,ASW,CE,Combined TRACON& Tower with Radar,285,44,42,12,383,0,4,8,1,13,285,48,50,13,396,0,0,0,396
02/20/2017,MSY,LA,ASW,CE,Combined TRACON& Tower with Radar,316,49,47,1,413,0,1,1,0,2,316,50,48,1,415,0,0,0,415
02/21/2017,MSY,LA,ASW,CE,Combined TRACON& Tower with Radar,300,31,38,0,369,0,2,4,2,8,300,33,42,2,377,0,0,0,377
02/22/2017,MSY,LA,ASW,CE,Combined TRACON& Tower with Radar,299,20,41,0,360,0,17,8,0,25,299,37,49,0,385,0,0,0,385
02/23/2017,MSY,LA,ASW,CE,Combined TRACON& Tower with Radar,310,31,42,2,385,0,14,8,0,22,310,45,50,2,407,0,0,0,407
02/24/2017,MSY,LA,ASW,CE,Combined TRACON& Tower with Radar,319,48,40,0,407,0,18,5,2,25,319,66,45,2,432,0,0,0,432
02/25/2017,MSY,LA,ASW,CE,Combined TRACON& Tower with Radar,274,19,21,0,314,0,0,12,0,12,274,19,33,0,326,0,0,0,326
02/26/2017,MSY,LA,ASW,CE,Combined TRACON& Tower with Radar,305,31,34,0,370,0,3,10,3,16,305,34,44,3,386,0,0,0,386
02/27/2017,MSY,LA,ASW,CE,Combined TRACON& Tower with Radar,312,34,33,0,379,0,12,4,0,16,312,46,37,0,395,0,0,0,395
02/28/2017,MSY,LA,ASW,CE,Combined TRACON& Tower with Radar,292,19,11,2,324,0,10,1,1,12,292,29,12,3,336,0,0,0,336
03/01/2017,MSY,LA,ASW,CE,Combined TRACON& Tower with Radar,312,41,20,8,381,0,1,6,0,7,312,42,26,8,388,0,0,0,388
03/02/2017,MSY,LA,ASW,CE,Combined TRACON& Tower with Radar,309,30,27,3,369,0,4,4,7,15,309,34,31,10,384,0,0,0,384
03/03/2017,MSY,LA,ASW,CE,Combined TRACON& Tower with Radar,314,37,28,9,388,0,15,3,0,18,314,52,31,9,406,0,0,0,406
03/04/2017,MSY,LA,ASW,CE,Combined TRACON& Tower with Radar,275,13,9,0,297,0,9,3,0,12,275,22,12,0,309,0,0,0,309
03/05/2017,MSY,LA,ASW,CE,Combined TRACON& Tower with Radar,297,30,30,0,357,0,1,1,0,2,297,31,31,0,359,0,0,0,359
03/06/2017,MSY,LA,ASW,CE,Combined TRACON& Tower with Radar,311,21,30,0,362,0,11,5,0,16,311,32,35,0,378,0,0,0,378
03/07/2017,MSY,LA,ASW,CE,Combined TRACON& Tower with Radar,299,21,42,2,364,0,1,1,2,4,299,22,43,4,368,0,0,0,368
03/08/2017,MSY,LA,ASW,CE,Combined TRACON& Tower with Radar,301,37,29,2,369,0,9,9,1,19,301,46,38,3,388,0,0,0,388
03/09/2017,MSY,LA,ASW,CE,Combined TRACON& Tower with Radar,312,38,30,2,382,0,20,5,4,29,312,58,35,6,411,0,0,0,411
03/10/2017,MSY,LA,ASW,CE,Combined TRACON& Tower with Radar,325,28,21,2,376,0,10,2,0,12,325,38,23,2,388,0,0,0,388
03/11/2017,MSY,LA,ASW,CE,Combined TRACON& Tower with Radar,265,18,23,0,306,0,1,4,0,5,265,19,27,0,311,0,0,0,311
03/12/2017,MSY,LA,ASW,CE,Combined TRACON& Tower with Radar,311,20,27,0,358,0,0,0,0,0,311,20,27,0,358,0,0,0,358
03/13/2017,MSY,LA,ASW,CE,Combined TRACON& Tower with Radar,317,28,38,4,387,0,2,1,0,3,317,30,39,4,390,0,0,0,390
03/14/2017,MSY,LA,ASW,CE,Combined TRACON& Tower with Radar,264,19,25,4,312,0,17,4,4,25,264,36,29,8,337,0,0,0,337
03/15/2017,MSY,LA,ASW,CE,Combined TRACON& Tower with Radar,306,21,33,0,360,0,13,7,6,26,306,34,40,6,386,0,0,0,386
03/16/2017,MSY,LA,ASW,CE,Combined TRACON& Tower with Radar,322,24,30,10,386,0,18,5,4,27,322,42,35,14,413,0,0,0,413
03/17/2017,MSY,LA,ASW,CE,Combined TRACON& Tower with Radar,320,30,27,1,378,0,16,13,0,29,320,46,40,1,407,0,0,0,407
03/18/2017,MSY,LA,ASW,CE,Combined TRACON& Tower with Radar,271,23,20,2,316,0,2,13,3,18,271,25,33,5,334,0,0,0,334
03/19/2017,MSY,LA,ASW,CE,Combined TRACON& Tower with Radar,315,31,39,2,387,0,1,6,0,7,315,32,45,2,394,0,0,0,394
03/20/2017,MSY,LA,ASW,CE,Combined TRACON& Tower with Radar,324,25,29,4,382,0,1,4,3,8,324,26,33,7,390,0,0,0,390
03/21/2017,MSY,LA,ASW,CE,Combined TRACON& Tower with Radar,299,26,21,3,349,0,10,1,1,12,299,36,22,4,361,0,0,0,361
03/22/2017,MSY,LA,ASW,CE,Combined TRACON& Tower with Radar,312,31,28,5,376,0,9,5,5,19,312,40,33,10,395,0,0,0,395
03/23/2017,MSY,LA,ASW,CE,Combined TRACON& Tower with Radar,319,26,31,2,378,0,6,10,1,17,319,32,41,3,395,0,0,0,395
03/24/2017,MSY,LA,ASW,CE,Combined TRACON& Tower with Radar,317,31,17,4,369,0,15,3,0,18,317,46,20,4,387,0,0,0,387
03/25/2017,MSY,LA,ASW,CE,Combined TRACON& Tower with Radar,273,19,16,1,309,0,2,1,0,3,273,21,17,1,312,0,0,0,312
03/26/2017,MSY,LA,ASW,CE,Combined TRACON& Tower with Radar,303,39,38,3,383,0,4,5,2,11,303,43,43,5,394,0,0,0,394
03/27/2017,MSY,LA,ASW,CE,Combined TRACON& Tower with Radar,317,34,40,1,392,0,14,7,1,22,317,48,47,2,414,0,0,0,414
03/28/2017,MSY,LA,ASW,CE,Combined TRACON& Tower with Radar,302,28,45,1,376,0,13,9,1,23,302,41,54,2,399,0,0,0,399
03/29/2017,MSY,LA,ASW,CE,Combined TRACON& Tower with Radar,309,33,33,0,375,0,8,6,0,14,309,41,39,0,389,0,0,0,389
03/30/2017,MSY,LA,ASW,CE,Combined TRACON& Tower with Radar,321,23,24,0,368,0,0,3,0,3,321,23,27,0,371,0,0,0,371
03/31/2017,MSY,LA,ASW,CE,Combined TRACON& Tower with Radar,320,24,36,1,381,0,7,11,1,19,320,31,47,2,400,0,0,0,400
04/01/2017,MSY,LA,ASW,CE,Combined TRACON& Tower with Radar,268,26,16,3,313,0,3,10,5,18,268,29,26,8,331,0,0,0,331
04/02/2017,MSY,LA,ASW,CE,Combined TRACON& Tower with Radar,316,29,23,0,368,0,0,0,0,0,316,29,23,0,368,0,0,0,368
04/03/2017,MSY,LA,ASW,CE,Combined TRACON& Tower with Radar,313,19,7,1,340,0,1,2,1,4,313,20,9,2,344,0,0,0,344
04/04/2017,MSY,LA,ASW,CE,Combined TRACON& Tower with Radar,309,20,15,1,345,0,15,16,2,33,309,35,31,3,378,0,0,0,378
04/05/2017,MSY,LA,ASW,CE,Combined TRACON& Tower with Radar,297,38,21,0,356,0,4,8,2,14,297,42,29,2,370,0,0,0,370
04/06/2017,MSY,LA,ASW,CE,Combined TRACON& Tower with Radar,301,26,41,0,368,0,16,11,2,29,301,42,52,2,397,0,0,0,397
04/07/2017,MSY,LA,ASW,CE,Combined TRACON& Tower with Radar,292,30,40,0,362,0,14,4,0,18,292,44,44,0,380,0,0,0,380
04/08/2017,MSY,LA,ASW,CE,Combined TRACON& Tower with Radar,277,18,21,0,316,0,2,8,0,10,277,20,29,0,326,0,0,0,326
04/09/2017,MSY,LA,ASW,CE,Combined TRACON& Tower with Radar,305,23,34,0,362,0,0,46,0,46,305,23,80,0,408,0,0,0,408
04/10/2017,MSY,LA,ASW,CE,Combined TRACON& Tower with Radar,316,19,22,3,360,0,12,2,1,15,316,31,24,4,375,0,0,0,375
04/11/2017,MSY,LA,ASW,CE,Combined TRACON& Tower with Radar,304,18,16,1,339,0,14,9,0,23,304,32,25,1,362,0,0,0,362
04/12/2017,MSY,LA,ASW,CE,Combined TRACON& Tower with Radar,306,23,28,0,357,0,14,4,2,20,306,37,32,2,377,0,0,0,377
04/13/2017,MSY,LA,ASW,CE,Combined TRACON& Tower with Radar,320,25,43,2,390,0,12,28,0,40,320,37,71,2,430,0,0,0,430
04/14/2017,MSY,LA,ASW,CE,Combined TRACON& Tower with Radar,321,26,13,0,360,0,11,9,0,20,321,37,22,0,380,0,0,0,380
04/15/2017,MSY,LA,ASW,CE,Combined TRACON& Tower with Radar,269,17,7,0,293,0,0,0,0,0,269,17,7,0,293,0,0,0,293
04/16/2017,MSY,LA,ASW,CE,Combined TRACON& Tower with Radar,306,24,18,0,348,0,0,3,0,3,306,24,21,0,351,0,0,0,351
04/17/2017,MSY,LA,ASW,CE,Combined TRACON& Tower with Radar,316,29,27,2,374,0,13,4,0,17,316,42,31,2,391,0,0,0,391
04/18/2017,MSY,LA,ASW,CE,Combined TRACON& Tower with Radar,307,19,13,0,339,0,17,3,0,20,307,36,16,0,359,0,0,0,359
04/19/2017,MSY,LA,ASW,CE,Combined TRACON& Tower with Radar,306,28,25,1,360,0,17,9,0,26,306,45,34,1,386,0,0,0,386
04/20/2017,MSY,LA,ASW,CE,Combined TRACON& Tower with Radar,313,31,31,0,375,0,12,3,2,17,313,43,34,2,392,0,0,0,392
04/21/2017,MSY,LA,ASW,CE,Combined TRACON& Tower with Radar,324,26,22,3,375,0,21,5,0,26,324,47,27,3,401,0,0,0,401
04/22/2017,MSY,LA,ASW,CE,Combined TRACON& Tower with Radar,274,15,12,1,302,0,4,3,0,7,274,19,15,1,309,0,0,0,309
04/23/2017,MSY,LA,ASW,CE,Combined TRACON& Tower with Radar,313,29,35,5,382,0,5,8,2,15,313,34,43,7,397,0,0,0,397
04/24/2017,MSY,LA,ASW,CE,Combined TRACON& Tower with Radar,317,25,50,4,396,0,12,14,0,26,317,37,64,4,422,0,0,0,422
04/25/2017,MSY,LA,ASW,CE,Combined TRACON& Tower with Radar,301,40,28,2,371,0,11,4,2,17,301,51,32,4,388,0,0,0,388
04/26/2017,MSY,LA,ASW,CE,Combined TRACON& Tower with Radar,307,27,27,0,361,0,10,2,0,12,307,37,29,0,373,0,0,0,373
04/27/2017,MSY,LA,ASW,CE,Combined TRACON& Tower with Radar,320,33,46,2,401,0,19,3,2,24,320,52,49,4,425,0,0,0,425
04/28/2017,MSY,LA,ASW,CE,Combined TRACON& Tower with Radar,327,36,39,5,407,0,8,4,1,13,327,44,43,6,420,0,0,0,420
04/29/2017,MSY,LA,ASW,CE,Combined TRACON& Tower with Radar,267,28,20,0,315,0,1,3,0,4,267,29,23,0,319,0,0,0,319
04/30/2017,MSY,LA,ASW,CE,Combined TRACON& Tower with Radar,313,48,37,0,398,0,0,5,0,5,313,48,42,0,403,0,0,0,403
05/01/2017,MSY,LA,ASW,CE,Combined TRACON& Tower with Radar,322,37,30,7,396,0,15,10,11,36,322,52,40,18,432,0,0,0,432
05/02/2017,MSY,LA,ASW,CE,Combined TRACON& Tower with Radar,311,22,29,4,366,0,15,1,8,24,311,37,30,12,390,0,0,0,390
05/03/2017,MSY,LA,ASW,CE,Combined TRACON& Tower with Radar,303,32,29,0,364,0,6,3,0,9,303,38,32,0,373,0,0,0,373
05/04/2017,MSY,LA,ASW,CE,Combined TRACON& Tower with Radar,328,41,56,2,427,0,2,2,0,4,328,43,58,2,431,0,0,0,431
05/05/2017,MSY,LA,ASW,CE,Combined TRACON& Tower with Radar,326,36,33,2,397,0,21,6,0,27,326,57,39,2,424,0,0,0,424
05/06/2017,MSY,LA,ASW,CE,Combined TRACON& Tower with Radar,267,12,13,0,292,0,1,9,0,10,267,13,22,0,302,0,0,0,302
05/07/2017,MSY,LA,ASW,CE,Combined TRACON& Tower with Radar,318,25,48,0,391,0,4,7,0,11,318,29,55,0,402,0,0,0,402
05/08/2017,MSY,LA,ASW,CE,Combined TRACON& Tower with Radar,320,24,34,0,378,0,18,14,1,33,320,42,48,1,411,0,0,0,411
05/09/2017,MSY,LA,ASW,CE,Combined TRACON& Tower with Radar,314,23,25,4,366,0,18,5,5,28,314,41,30,9,394,0,0,0,394
05/10/2017,MSY,LA,ASW,CE,Combined TRACON& Tower with Radar,308,30,32,0,370,0,13,6,0,19,308,43,38,0,389,0,0,0,389
05/11/2017,MSY,LA,ASW,CE,Combined TRACON& Tower with Radar,324,38,50,1,413,0,15,6,0,21,324,53,56,1,434,0,0,0,434
05/12/2017,MSY,LA,ASW,CE,Combined TRACON& Tower with Radar,332,25,21,0,378,0,5,1,0,6,332,30,22,0,384,0,0,0,384
05/13/2017,MSY,LA,ASW,CE,Combined TRACON& Tower with Radar,267,8,22,3,300,0,0,9,1,10,267,8,31,4,310,0,0,0,310
05/14/2017,MSY,LA,ASW,CE,Combined TRACON& Tower with Radar,314,19,16,0,349,0,0,6,4,10,314,19,22,4,359,0,0,0,359
05/15/2017,MSY,LA,ASW,CE,Combined TRACON& Tower with Radar,321,21,19,0,361,0,14,5,6,25,321,35,24,6,386,0,0,0,386
05/16/2017,MSY,LA,ASW,CE,Combined TRACON& Tower with Radar,320,20,14,0,354,0,13,5,2,20,320,33,19,2,374,0,0,0,374
05/17/2017,MSY,LA,ASW,CE,Combined TRACON& Tower with Radar,314,23,33,0,370,0,11,10,4,25,314,34,43,4,395,0,0,0,395
05/18/2017,MSY,LA,ASW,CE,Combined TRACON& Tower with Radar,319,23,58,0,400,0,13,4,0,17,319,36,62,0,417,0,0,0,417
05/19/2017,MSY,LA,ASW,CE,Combined TRACON& Tower with Radar,331,35,25,4,395,0,15,5,0,20,331,50,30,4,415,0,0,0,415
05/20/2017,MSY,LA,ASW,CE,Combined TRACON& Tower with Radar,281,12,13,0,306,0,0,4,0,4,281,12,17,0,310,0,0,0,310
05/21/2017,MSY,LA,ASW,CE,Combined TRACON& Tower with Radar,312,22,27,0,361,0,2,1,0,3,312,24,28,0,364,0,0,0,364
05/22/2017,MSY,LA,ASW,CE,Combined TRACON& Tower with Radar,329,28,23,0,380,0,0,9,0,9,329,28,32,0,389,0,0,0,389
05/23/2017,MSY,LA,ASW,CE,Combined TRACON& Tower with Radar,318,25,21,0,364,0,3,4,0,7,318,28,25,0,371,0,0,0,371
05/24/2017,MSY,LA,ASW,CE,Combined TRACON& Tower with Radar,315,25,29,2,371,0,17,13,0,30,315,42,42,2,401,0,0,0,401
05/25/2017,MSY,LA,ASW,CE,Combined TRACON& Tower with Radar,333,32,31,2,398,0,15,5,0,20,333,47,36,2,418,0,0,0,418
05/26/2017,MSY,LA,ASW,CE,Combined TRACON& Tower with Radar,343,21,28,1,393,0,13,9,0,22,343,34,37,1,415,0,0,0,415
05/27/2017,MSY,LA,ASW,CE,Combined TRACON& Tower with Radar,266,10,8,5,289,0,1,8,0,9,266,11,16,5,298,0,0,0,298
05/28/2017,MSY,LA,ASW,CE,Combined TRACON& Tower with Radar,285,13,8,0,306,0,8,2,2,12,285,21,10,2,318,0,0,0,318
05/29/2017,MSY,LA,ASW,CE,Combined TRACON& Tower with Radar,314,23,19,2,358,0,3,4,0,7,314,26,23,2,365,0,0,0,365
05/30/2017,MSY,LA,ASW,CE,Combined TRACON& Tower with Radar,310,22,31,0,363,0,0,5,0,5,310,22,36,0,368,0,0,0,368
05/31/2017,MSY,LA,ASW,CE,Combined TRACON& Tower with Radar,328,22,35,0,385,0,2,4,0,6,328,24,39,0,391,0,0,0,391
06/01/2017,MSY,LA,ASW,CE,Combined TRACON& Tower with Radar,334,22,31,0,387,0,0,5,0,5,334,22,36,0,392,0,0,0,392
06/02/2017,MSY,LA,ASW,CE,Combined TRACON& Tower with Radar,332,24,16,0,372,0,10,1,0,11,332,34,17,0,383,0,0,0,383
06/03/2017,MSY,LA,ASW,CE,Combined TRACON& Tower with Radar,276,13,14,2,305,0,0,1,0,1,276,13,15,2,306,0,0,0,306
06/04/2017,MSY,LA,ASW,CE,Combined TRACON& Tower with Radar,313,14,11,2,340,0,0,3,0,3,313,14,14,2,343,0,0,0,343
06/05/2017,MSY,LA,ASW,CE,Combined TRACON& Tower with Radar,325,19,24,2,370,0,5,2,6,13,325,24,26,8,383,0,0,0,383
06/06/2017,MSY,LA,ASW,CE,Combined TRACON& Tower with Radar,322,29,20,0,371,0,0,3,0,3,322,29,23,0,374,0,0,0,374
06/07/2017,MSY,LA,ASW,CE,Combined TRACON& Tower with Radar,326,28,44,8,406,0,14,5,2,21,326,42,49,10,427,0,0,0,427
06/08/2017,MSY,LA,ASW,CE,Combined TRACON& Tower with Radar,324,29,30,0,383,0,14,9,2,25,324,43,39,2,408,0,0,0,408
06/09/2017,MSY,LA,ASW,CE,Combined TRACON& Tower with Radar,326,22,22,0,370,0,16,7,6,29,326,38,29,6,399,0,0,0,399
06/10/2017,MSY,LA,ASW,CE,Combined TRACON& Tower with Radar,272,15,27,2,316,0,0,7,0,7,272,15,34,2,323,0,0,0,323
06/11/2017,MSY,LA,ASW,CE,Combined TRACON& Tower with Radar,310,19,27,0,356,0,0,4,0,4,310,19,31,0,360,0,0,0,360
06/12/2017,MSY,LA,ASW,CE,Combined TRACON& Tower with Radar,324,26,19,0,369,0,0,1,0,1,324,26,20,0,370,0,0,0,370
06/13/2017,MSY,LA,ASW,CE,Combined TRACON& Tower with Radar,309,33,27,0,369,0,13,3,0,16,309,46,30,0,385,0,0,0,385
06/14/2017,MSY,LA,ASW,CE,Combined TRACON& Tower with Radar,308,22,23,0,353,0,11,4,7,22,308,33,27,7,375,0,0,0,375
06/15/2017,MSY,LA,ASW,CE,Combined TRACON& Tower with Radar,314,23,29,4,370,0,13,3,0,16,314,36,32,4,386,0,0,0,386
06/16/2017,MSY,LA,ASW,CE,Combined TRACON& Tower with Radar,318,26,35,0,379,0,14,3,0,17,318,40,38,0,396,0,0,0,396
06/17/2017,MSY,LA,ASW,CE,Combined TRACON& Tower with Radar,261,12,12,0,285,0,2,6,0,8,261,14,18,0,293,0,0,0,293
06/18/2017,MSY,LA,ASW,CE,Combined TRACON& Tower with Radar,308,16,24,0,348,0,0,3,2,5,308,16,27,2,353,0,0,0,353
06/19/2017,MSY,LA,ASW,CE,Combined TRACON& Tower with Radar,302,14,28,4,348,0,20,8,0,28,302,34,36,4,376,0,0,0,376
06/20/2017,MSY,LA,ASW,CE,Combined TRACON& Tower with Radar,309,22,12,1,344,0,0,1,0,1,309,22,13,1,345,0,0,0,345
06/21/2017,MSY,LA,ASW,CE,Combined TRACON& Tower with Radar,307,14,15,1,337,0,0,0,0,0,307,14,15,1,337,0,0,0,337
06/22/2017,MSY,LA,ASW,CE,Combined TRACON& Tower with Radar,311,20,22,0,353,0,0,1,0,1,311,20,23,0,354,0,0,0,354
06/23/2017,MSY,LA,ASW,CE,Combined TRACON& Tower with Radar,329,14,11,0,354,0,0,2,0,2,329,14,13,0,356,0,0,0,356
06/24/2017,MSY,LA,ASW,CE,Combined TRACON& Tower with Radar,273,10,6,0,289,0,1,0,0,1,273,11,6,0,290,0,0,0,290
06/25/2017,MSY,LA,ASW,CE,Combined TRACON& Tower with Radar,308,17,21,2,348,0,0,3,0,3,308,17,24,2,351,0,0,0,351
06/26/2017,MSY,LA,ASW,CE,Combined TRACON& Tower with Radar,319,19,26,4,368,0,12,5,0,17,319,31,31,4,385,0,0,0,385
06/27/2017,MSY,LA,ASW,CE,Combined TRACON& Tower with Radar,309,21,19,0,349,0,7,8,1,16,309,28,27,1,365,0,0,0,365
06/28/2017,MSY,LA,ASW,CE,Combined TRACON& Tower with Radar,312,27,20,0,359,0,0,6,2,8,312,27,26,2,367,0,0,0,367
06/29/2017,MSY,LA,ASW,CE,Combined TRACON& Tower with Radar,316,16,37,2,371,0,2,4,0,6,316,18,41,2,377,0,0,0,377
06/30/2017,MSY,LA,ASW,CE,Combined TRACON& Tower with Radar,321,31,42,5,399,0,8,2,1,11,321,39,44,6,410,0,0,0,410
07/01/2017,MSY,LA,ASW,CE,Combined TRACON& Tower with Radar,268,6,12,2,288,0,0,5,0,5,268,6,17,2,293,0,0,0,293
07/02/2017,MSY,LA,ASW,CE,Combined TRACON& Tower with Radar,290,7,12,2,311,0,0,6,1,7,290,7,18,3,318,0,0,0,318
07/03/2017,MSY,LA,ASW,CE,Combined TRACON& Tower with Radar,283,14,10,1,308,0,4,13,2,19,283,18,23,3,327,0,0,0,327
07/04/2017,MSY,LA,ASW,CE,Combined TRACON& Tower with Radar,266,10,5,0,281,0,0,2,0,2,266,10,7,0,283,0,0,0,283
07/05/2017,MSY,LA,ASW,CE,Combined TRACON& Tower with Radar,301,12,14,1,328,0,17,3,2,22,301,29,17,3,350,0,0,0,350
07/06/2017,MSY,LA,ASW,CE,Combined TRACON& Tower with Radar,316,7,22,3,348,0,15,8,0,23,316,22,30,3,371,0,0,0,371
07/07/2017,MSY,LA,ASW,CE,Combined TRACON& Tower with Radar,313,12,29,3,357,0,14,6,0,20,313,26,35,3,377,0,0,0,377
07/08/2017,MSY,LA,ASW,CE,Combined TRACON& Tower with Radar,273,8,12,0,293,0,5,2,2,9,273,13,14,2,302,0,0,0,302
07/09/2017,MSY,LA,ASW,CE,Combined TRACON& Tower with Radar,313,6,13,0,332,0,1,2,0,3,313,7,15,0,335,0,0,0,335
07/10/2017,MSY,LA,ASW,CE,Combined TRACON& Tower with Radar,315,14,24,0,353,0,14,1,0,15,315,28,25,0,368,0,0,0,368
07/11/2017,MSY,LA,ASW,CE,Combined TRACON& Tower with Radar,308,13,26,0,347,0,14,1,0,15,308,27,27,0,362,0,0,0,362
07/12/2017,MSY,LA,ASW,CE,Combined TRACON& Tower with Radar,310,19,35,4,368,0,10,3,0,13,310,29,38,4,381,0,0,0,381
07/13/2017,MSY,LA,ASW,CE,Combined TRACON& Tower with Radar,313,14,24,0,351,0,7,25,0,32,313,21,49,0,383,0,0,0,383
07/14/2017,MSY,LA,ASW,CE,Combined TRACON& Tower with Radar,323,20,21,0,364,0,4,6,0,10,323,24,27,0,374,0,0,0,374
07/15/2017,MSY,LA,ASW,CE,Combined TRACON& Tower with Radar,271,9,7,0,287,0,1,2,0,3,271,10,9,0,290,0,0,0,290
07/16/2017,MSY,LA,ASW,CE,Combined TRACON& Tower with Radar,313,8,41,1,363,0,2,6,0,8,313,10,47,1,371,0,0,0,371
07/17/2017,MSY,LA,ASW,CE,Combined TRACON& Tower with Radar,311,5,21,2,339,0,2,3,1,6,311,7,24,3,345,0,0,0,345
07/18/2017,MSY,LA,ASW,CE,Combined TRACON& Tower with Radar,311,19,19,0,349,0,0,6,2,8,311,19,25,2,357,0,0,0,357
07/19/2017,MSY,LA,ASW,CE,Combined TRACON& Tower with Radar,315,18,25,2,360,0,9,6,0,15,315,27,31,2,375,0,0,0,375
07/20/2017,MSY,LA,ASW,CE,Combined TRACON& Tower with Radar,310,8,32,8,358,0,13,9,8,30,310,21,41,16,388,0,0,0,388
07/21/2017,MSY,LA,ASW,CE,Combined TRACON& Tower with Radar,319,14,19,0,352,0,13,10,1,24,319,27,29,1,376,0,0,0,376
07/22/2017,MSY,LA,ASW,CE,Combined TRACON& Tower with Radar,270,11,16,0,297,0,3,1,0,4,270,14,17,0,301,0,0,0,301
07/23/2017,MSY,LA,ASW,CE,Combined TRACON& Tower with Radar,307,13,18,0,338,0,2,3,0,5,307,15,21,0,343,0,0,0,343
07/24/2017,MSY,LA,ASW,CE,Combined TRACON& Tower with Radar,321,5,18,0,344,0,11,6,0,17,321,16,24,0,361,0,0,0,361
07/25/2017,MSY,LA,ASW,CE,Combined TRACON& Tower with Radar,310,14,12,2,338,0,13,8,1,22,310,27,20,3,360,0,0,0,360
07/26/2017,MSY,LA,ASW,CE,Combined TRACON& Tower with Radar,314,16,21,0,351,0,15,1,0,16,314,31,22,0,367,0,0,0,367
07/27/2017,MSY,LA,ASW,CE,Combined TRACON& Tower with Radar,313,10,25,2,350,0,14,9,2,25,313,24,34,4,375,0,0,0,375
07/28/2017,MSY,LA,ASW,CE,Combined TRACON& Tower with Radar,321,9,26,0,356,0,11,3,3,17,321,20,29,3,373,0,0,0,373
07/29/2017,MSY,LA,ASW,CE,Combined TRACON& Tower with Radar,261,12,13,1,287,0,4,7,0,11,261,16,20,1,298,0,0,0,298
07/30/2017,MSY,LA,ASW,CE,Combined TRACON& Tower with Radar,309,6,19,1,335,0,8,4,0,12,309,14,23,1,347,0,0,0,347
07/31/2017,MSY,LA,ASW,CE,Combined TRACON& Tower with Radar,320,10,13,5,348,0,6,4,1,11,320,16,17,6,359,0,0,0,359
08/01/2017,MSY,LA,ASW,CE,Combined TRACON& Tower with Radar,312,14,11,3,340,0,12,6,6,24,312,26,17,9,364,0,0,0,364
08/02/2017,MSY,LA,ASW,CE,Combined TRACON& Tower with Radar,301,16,29,12,358,0,15,13,2,30,301,31,42,14,388,0,0,0,388
08/03/2017,MSY,LA,ASW,CE,Combined TRACON& Tower with Radar,312,11,23,3,349,0,3,3,0,6,312,14,26,3,355,0,0,0,355
08/04/2017,MSY,LA,ASW,CE,Combined TRACON& Tower with Radar,304,9,23,2,338,0,1,1,0,2,304,10,24,2,340,0,0,0,340
08/05/2017,MSY,LA,ASW,CE,Combined TRACON& Tower with Radar,259,13,11,1,284,0,2,10,0,12,259,15,21,1,296,0,0,0,296
08/06/2017,MSY,LA,ASW,CE,Combined TRACON& Tower with Radar,314,6,15,0,335,0,0,3,0,3,314,6,18,0,338,0,0,0,338
08/07/2017,MSY,LA,ASW,CE,Combined TRACON& Tower with Radar,300,8,27,1,336,0,13,2,1,16,300,21,29,2,352,0,0,0,352
08/08/2017,MSY,LA,ASW,CE,Combined TRACON& Tower with Radar,313,7,20,0,340,0,16,7,0,23,313,23,27,0,363,0,0,0,363
08/09/2017,MSY,LA,ASW,CE,Combined TRACON& Tower with Radar,310,11,17,0,338,0,12,9,0,21,310,23,26,0,359,0,0,0,359
08/10/2017,MSY,LA,ASW,CE,Combined TRACON& Tower with Radar,307,8,28,1,344,0,10,4,0,14,307,18,32,1,358,0,0,0,358
08/11/2017,MSY,LA,ASW,CE,Combined TRACON& Tower with Radar,315,14,13,0,342,0,11,4,0,15,315,25,17,0,357,0,0,0,357
08/12/2017,MSY,LA,ASW,CE,Combined TRACON& Tower with Radar,259,13,5,2,279,0,0,4,0,4,259,13,9,2,283,0,0,0,283
08/13/2017,MSY,LA,ASW,CE,Combined TRACON& Tower with Radar,309,5,17,0,331,0,0,6,0,6,309,5,23,0,337,0,0,0,337
08/14/2017,MSY,LA,ASW,CE,Combined TRACON& Tower with Radar,309,3,25,1,338,0,16,4,0,20,309,19,29,1,358,0,0,0,358
08/15/2017,MSY,LA,ASW,CE,Combined TRACON& Tower with Radar,294,12,16,4,326,0,16,4,2,22,294,28,20,6,348,0,0,0,348
08/16/2017,MSY,LA,ASW,CE,Combined TRACON& Tower with Radar,302,6,25,3,336,0,14,7,0,21,302,20,32,3,357,0,0,0,357
08/17/2017,MSY,LA,ASW,CE,Combined TRACON& Tower with Radar,303,16,27,0,346,0,10,1,1,12,303,26,28,1,358,0,0,0,358
08/18/2017,MSY,LA,ASW,CE,Combined TRACON& Tower with Radar,303,13,18,2,336,0,17,5,0,22,303,30,23,2,358,0,0,0,358
08/19/2017,MSY,LA,ASW,CE,Combined TRACON& Tower with Radar,249,9,10,0,268,0,3,2,0,5,249,12,12,0,273,0,0,0,273
08/20/2017,MSY,LA,ASW,CE,Combined TRACON& Tower with Radar,293,14,20,2,329,0,9,1,0,10,293,23,21,2,339,0,0,0,339
08/21/2017,MSY,LA,ASW,CE,Combined TRACON& Tower with Radar,307,12,19,0,338,0,11,2,0,13,307,23,21,0,351,0,0,0,351
08/22/2017,MSY,LA,ASW,CE,Combined TRACON& Tower with Radar,288,10,18,7,323,0,10,1,0,11,288,20,19,7,334,0,0,0,334
08/23/2017,MSY,LA,ASW,CE,Combined TRACON& Tower with Radar,303,11,29,7,350,0,11,6,1,18,303,22,35,8,368,0,0,0,368
08/24/2017,MSY,LA,ASW,CE,Combined TRACON& Tower with Radar,302,23,27,6,358,0,17,5,3,25,302,40,32,9,383,0,0,0,383
08/25/2017,MSY,LA,ASW,CE,Combined TRACON& Tower with Radar,303,12,15,2,332,0,11,2,0,13,303,23,17,2,345,0,0,0,345
08/26/2017,MSY,LA,ASW,CE,Combined TRACON& Tower with Radar,220,11,5,0,236,0,0,4,0,4,220,11,9,0,240,0,0,0,240
08/27/2017,MSY,LA,ASW,CE,Combined TRACON& Tower with Radar,253,20,8,0,281,0,0,0,0,0,253,20,8,0,281,0,0,0,281
08/28/2017,MSY,LA,ASW,CE,Combined TRACON& Tower with Radar,255,2,9,0,266,0,0,0,0,0,255,2,9,0,266,0,0,0,266
08/29/2017,MSY,LA,ASW,CE,Combined TRACON& Tower with Radar,253,6,8,0,267,0,0,0,0,0,253,6,8,0,267,0,0,0,267
08/30/2017,MSY,LA,ASW,CE,Combined TRACON& Tower with Radar,264,3,6,0,273,0,0,0,0,0,264,3,6,0,273,0,0,0,273
08/31/2017,MSY,LA,ASW,CE,Combined TRACON& Tower with Radar,267,15,21,4,307,0,1,4,0,5,267,16,25,4,312,0,0,0,312
09/01/2017,MSY,LA,ASW,CE,Combined TRACON& Tower with Radar,276,11,32,0,319,0,8,7,0,15,276,19,39,0,334,0,0,0,334
09/02/2017,MSY,LA,ASW,CE,Combined TRACON& Tower with Radar,208,10,20,0,238,0,4,6,0,10,208,14,26,0,248,0,0,0,248
09/03/2017,MSY,LA,ASW,CE,Combined TRACON& Tower with Radar,233,10,14,0,257,0,7,3,0,10,233,17,17,0,267,0,0,0,267
09/04/2017,MSY,LA,ASW,CE,Combined TRACON& Tower with Radar,277,22,19,0,318,0,13,3,6,22,277,35,22,6,340,0,0,0,340
09/05/2017,MSY,LA,ASW,CE,Combined TRACON& Tower with Radar,280,13,22,0,315,0,16,4,0,20,280,29,26,0,335,0,0,0,335
09/06/2017,MSY,LA,ASW,CE,Combined TRACON& Tower with Radar,283,20,22,0,325,0,14,0,0,14,283,34,22,0,339,0,0,0,339
09/07/2017,MSY,LA,ASW,CE,Combined TRACON& Tower with Radar,295,19,36,10,360,0,17,8,2,27,295,36,44,12,387,0,0,0,387
09/08/2017,MSY,LA,ASW,CE,Combined TRACON& Tower with Radar,301,29,59,4,393,0,10,6,1,17,301,39,65,5,410,0,0,0,410
09/09/2017,MSY,LA,ASW,CE,Combined TRACON& Tower with Radar,228,5,19,6,258,0,0,12,2,14,228,5,31,8,272,0,0,0,272
09/10/2017,MSY,LA,ASW,CE,Combined TRACON& Tower with Radar,259,8,22,7,296,0,2,11,0,13,259,10,33,7,309,0,0,0,309
09/11/2017,MSY,LA,ASW,CE,Combined TRACON& Tower with Radar,269,11,36,9,325,0,10,16,0,26,269,21,52,9,351,0,0,0,351
09/12/2017,MSY,LA,ASW,CE,Combined TRACON& Tower with Radar,268,23,47,7,345,0,18,16,3,37,268,41,63,10,382,0,0,0,382
09/13/2017,MSY,LA,ASW,CE,Combined TRACON& Tower with Radar,278,33,35,6,352,0,12,6,4,22,278,45,41,10,374,0,0,0,374
09/14/2017,MSY,LA,ASW,CE,Combined TRACON& Tower with Radar,303,18,18,11,350,0,11,14,0,25,303,29,32,11,375,0,0,0,375
09/15/2017,MSY,LA,ASW,CE,Combined TRACON& Tower with Radar,318,24,37,5,384,0,11,8,0,19,318,35,45,5,403,0,0,0,403
09/16/2017,MSY,LA,ASW,CE,Combined TRACON& Tower with Radar,251,7,16,1,275,0,3,2,0,5,251,10,18,1,280,0,0,0,280
09/17/2017,MSY,LA,ASW,CE,Combined TRACON& Tower with Radar,298,19,38,1,356,0,4,4,0,8,298,23,42,1,364,0,0,0,364
09/18/2017,MSY,LA,ASW,CE,Combined TRACON& Tower with Radar,316,9,33,0,358,0,13,4,2,19,316,22,37,2,377,0,0,0,377
09/19/2017,MSY,LA,ASW,CE,Combined TRACON& Tower with Radar,286,5,25,1,317,0,14,11,3,28,286,19,36,4,345,0,0,0,345
09/20/2017,MSY,LA,ASW,CE,Combined TRACON& Tower with Radar,301,9,25,0,335,0,2,34,0,36,301,11,59,0,371,0,0,0,371
09/21/2017,MSY,LA,ASW,CE,Combined TRACON& Tower with Radar,322,17,17,0,356,0,16,3,0,19,322,33,20,0,375,0,0,0,375
09/22/2017,MSY,LA,ASW,CE,Combined TRACON& Tower with Radar,321,11,22,1,355,0,16,0,0,16,321,27,22,1,371,0,0,0,371
09/23/2017,MSY,LA,ASW,CE,Combined TRACON& Tower with Radar,259,5,11,2,277,0,5,3,0,8,259,10,14,2,285,0,0,0,285
09/24/2017,MSY,LA,ASW,CE,Combined TRACON& Tower with Radar,296,14,17,1,328,0,1,7,0,8,296,15,24,1,336,0,0,0,336
09/25/2017,MSY,LA,ASW,CE,Combined TRACON& Tower with Radar,315,8,33,0,356,0,14,1,2,17,315,22,34,2,373,0,0,0,373
09/26/2017,MSY,LA,ASW,CE,Combined TRACON& Tower with Radar,295,12,22,0,329,0,19,5,0,24,295,31,27,0,353,0,0,0,353
09/27/2017,MSY,LA,ASW,CE,Combined TRACON& Tower with Radar,306,12,16,2,336,0,9,12,6,27,306,21,28,8,363,0,0,0,363
09/28/2017,MSY,LA,ASW,CE,Combined TRACON& Tower with Radar,317,11,24,0,352,0,13,7,0,20,317,24,31,0,372,0,0,0,372
09/29/2017,MSY,LA,ASW,CE,Combined TRACON& Tower with Radar,319,12,20,0,351,0,17,9,0,26,319,29,29,0,377,0,0,0,377
09/30/2017,MSY,LA,ASW,CE,Combined TRACON& Tower with Radar,252,6,9,0,267,0,4,9,0,13,252,10,18,0,280,0,0,0,280
10/01/2017,MSY,LA,ASW,CE,Combined TRACON& Tower with Radar,297,8,20,2,327,0,6,4,0,10,297,14,24,2,337,0,0,0,337
10/02/2017,MSY,LA,ASW,CE,Combined TRACON& Tower with Radar,315,15,25,0,355,0,0,1,0,1,315,15,26,0,356,0,0,0,356
10/03/2017,MSY,LA,ASW,CE,Combined TRACON& Tower with Radar,296,11,30,5,342,0,5,0,0,5,296,16,30,5,347,0,0,0,347
10/04/2017,MSY,LA,ASW,CE,Combined TRACON& Tower with Radar,302,5,25,5,337,0,5,0,2,7,302,10,25,7,344,0,0,0,344
10/05/2017,MSY,LA,ASW,CE,Combined TRACON& Tower with Radar,331,7,23,0,361,0,5,11,0,16,331,12,34,0,377,0,0,0,377
10/06/2017,MSY,LA,ASW,CE,Combined TRACON& Tower with Radar,336,14,31,0,381,0,7,9,0,16,336,21,40,0,397,0,0,0,397
10/07/2017,MSY,LA,ASW,CE,Combined TRACON& Tower with Radar,256,12,14,0,282,0,0,1,0,1,256,12,15,0,283,0,0,0,283
10/08/2017,MSY,LA,ASW,CE,Combined TRACON& Tower with Radar,296,5,22,3,326,0,11,3,4,18,296,16,25,7,344,0,0,0,344
10/09/2017,MSY,LA,ASW,CE,Combined TRACON& Tower with Radar,324,7,20,0,351,0,3,2,0,5,324,10,22,0,356,0,0,0,356
10/10/2017,MSY,LA,ASW,CE,Combined TRACON& Tower with Radar,312,8,25,8,353,0,1,2,2,5,312,9,27,10,358,0,0,0,358
10/11/2017,MSY,LA,ASW,CE,Combined TRACON& Tower with Radar,321,10,32,0,363,0,5,8,0,13,321,15,40,0,376,0,0,0,376
10/12/2017,MSY,LA,ASW,CE,Combined TRACON& Tower with Radar,331,15,30,0,376,0,11,13,0,24,331,26,43,0,400,0,0,0,400
10/13/2017,MSY,LA,ASW,CE,Combined TRACON& Tower with Radar,334,13,43,1,391,0,14,7,1,22,334,27,50,2,413,0,0,0,413
10/14/2017,MSY,LA,ASW,CE,Combined TRACON& Tower with Radar,269,9,15,2,295,0,3,13,0,16,269,12,28,2,311,0,0,0,311
10/15/2017,MSY,LA,ASW,CE,Combined TRACON& Tower with Radar,319,8,34,2,363,0,7,2,1,10,319,15,36,3,373,0,0,0,373
10/16/2017,MSY,LA,ASW,CE,Combined TRACON& Tower with Radar,339,11,25,4,379,0,5,4,0,9,339,16,29,4,388,0,0,0,388
10/17/2017,MSY,LA,ASW,CE,Combined TRACON& Tower with Radar,307,12,39,0,358,0,18,1,8,27,307,30,40,8,385,0,0,0,385
10/18/2017,MSY,LA,ASW,CE,Combined TRACON& Tower with Radar,320,16,36,0,372,0,14,11,1,26,320,30,47,1,398,0,0,0,398
10/19/2017,MSY,LA,ASW,CE,Combined TRACON& Tower with Radar,338,18,50,0,406,0,12,13,0,25,338,30,63,0,431,0,0,0,431
10/20/2017,MSY,LA,ASW,CE,Combined TRACON& Tower with Radar,337,32,55,2,426,0,20,6,0,26,337,52,61,2,452,0,0,0,452
10/21/2017,MSY,LA,ASW,CE,Combined TRACON& Tower with Radar,272,5,29,0,306,0,2,0,0,2,272,7,29,0,308,0,0,0,308
10/22/2017,MSY,LA,ASW,CE,Combined TRACON& Tower with Radar,322,12,47,0,381,0,0,3,0,3,322,12,50,0,384,0,0,0,384
10/23/2017,MSY,LA,ASW,CE,Combined TRACON& Tower with Radar,328,15,34,5,382,0,11,1,5,17,328,26,35,10,399,0,0,0,399
10/24/2017,MSY,LA,ASW,CE,Combined TRACON& Tower with Radar,299,17,36,0,352,0,17,3,7,27,299,34,39,7,379,0,0,0,379
10/25/2017,MSY,LA,ASW,CE,Combined TRACON& Tower with Radar,323,11,29,1,364,0,17,6,7,30,323,28,35,8,394,0,0,0,394
10/26/2017,MSY,LA,ASW,CE,Combined TRACON& Tower with Radar,331,24,35,0,390,0,13,10,1,24,331,37,45,1,414,0,0,0,414
10/27/2017,MSY,LA,ASW,CE,Combined TRACON& Tower with Radar,337,15,51,3,406,0,14,10,7,31,337,29,61,10,437,0,0,0,437
10/28/2017,MSY,LA,ASW,CE,Combined TRACON& Tower with Radar,278,12,35,0,325,0,0,8,0,8,278,12,43,0,333,0,0,0,333
10/29/2017,MSY,LA,ASW,CE,Combined TRACON& Tower with Radar,300,20,37,3,360,0,2,7,0,9,300,22,44,3,369,0,0,0,369
10/30/2017,MSY,LA,ASW,CE,Combined TRACON& Tower with Radar,323,13,38,4,378,0,15,6,7,28,323,28,44,11,406,0,0,0,406
10/31/2017,MSY,LA,ASW,CE,Combined TRACON& Tower with Radar,298,11,21,1,331,0,12,5,3,20,298,23,26,4,351,0,0,0,351
11/01/2017,MSY,LA,ASW,CE,Combined TRACON& Tower with Radar,313,28,32,4,377,0,14,7,0,21,313,42,39,4,398,0,0,0,398
11/02/2017,MSY,LA,ASW,CE,Combined TRACON& Tower with Radar,336,38,26,1,401,0,13,13,4,30,336,51,39,5,431,0,0,0,431
11/03/2017,MSY,LA,ASW,CE,Combined TRACON& Tower with Radar,324,13,26,2,365,0,12,10,4,26,324,25,36,6,391,0,0,0,391
11/04/2017,MSY,LA,ASW,CE,Combined TRACON& Tower with Radar,267,11,20,2,300,0,2,5,0,7,267,13,25,2,307,0,0,0,307
11/05/2017,MSY,LA,ASW,CE,Combined TRACON& Tower with Radar,320,30,34,3,387,0,2,7,3,12,320,32,41,6,399,0,0,0,399
11/06/2017,MSY,LA,ASW,CE,Combined TRACON& Tower with Radar,317,12,28,1,358,0,13,4,2,19,317,25,32,3,377,0,0,0,377
11/07/2017,MSY,LA,ASW,CE,Combined TRACON& Tower with Radar,305,15,23,4,347,0,3,13,0,16,305,18,36,4,363,0,0,0,363
11/08/2017,MSY,LA,ASW,CE,Combined TRACON& Tower with Radar,313,30,33,0,376,0,0,2,0,2,313,30,35,0,378,0,0,0,378
11/09/2017,MSY,LA,ASW,CE,Combined TRACON& Tower with Radar,329,22,41,3,395,0,5,2,0,7,329,27,43,3,402,0,0,0,402
11/10/2017,MSY,LA,ASW,CE,Combined TRACON& Tower with Radar,336,14,29,2,381,0,1,10,0,11,336,15,39,2,392,0,0,0,392
11/11/2017,MSY,LA,ASW,CE,Combined TRACON& Tower with Radar,286,8,16,2,312,0,5,13,0,18,286,13,29,2,330,0,0,0,330
11/12/2017,MSY,LA,ASW,CE,Combined TRACON& Tower with Radar,320,15,29,0,364,0,2,4,0,6,320,17,33,0,370,0,0,0,370
11/13/2017,MSY,LA,ASW,CE,Combined TRACON& Tower with Radar,330,13,30,2,375,0,13,4,3,20,330,26,34,5,395,0,0,0,395
11/14/2017,MSY,LA,ASW,CE,Combined TRACON& Tower with Radar,317,7,19,0,343,0,13,4,2,19,317,20,23,2,362,0,0,0,362
11/15/2017,MSY,LA,ASW,CE,Combined TRACON& Tower with Radar,320,12,28,1,361,0,8,3,1,12,320,20,31,2,373,0,0,0,373
11/16/2017,MSY,LA,ASW,CE,Combined TRACON& Tower with Radar,334,15,40,2,391,0,12,7,0,19,334,27,47,2,410,0,0,0,410
11/17/2017,MSY,LA,ASW,CE,Combined TRACON& Tower with Radar,340,24,26,0,390,0,16,4,0,20,340,40,30,0,410,0,0,0,410
11/18/2017,MSY,LA,ASW,CE,Combined TRACON& Tower with Radar,303,15,17,0,335,0,0,1,0,1,303,15,18,0,336,0,0,0,336
11/19/2017,MSY,LA,ASW,CE,Combined TRACON& Tower with Radar,322,21,30,6,379,0,1,6,0,7,322,22,36,6,386,0,0,0,386
11/20/2017,MSY,LA,ASW,CE,Combined TRACON& Tower with Radar,314,12,34,0,360,0,12,3,0,15,314,24,37,0,375,0,0,0,375
11/21/2017,MSY,LA,ASW,CE,Combined TRACON& Tower with Radar,324,20,19,0,363,0,11,6,1,18,324,31,25,1,381,0,0,0,381
11/22/2017,MSY,LA,ASW,CE,Combined TRACON& Tower with Radar,334,13,25,1,373,0,4,6,1,11,334,17,31,2,384,0,0,0,384
11/23/2017,MSY,LA,ASW,CE,Combined TRACON& Tower with Radar,206,5,3,1,215,0,2,3,0,5,206,7,6,1,220,0,0,0,220
11/24/2017,MSY,LA,ASW,CE,Combined TRACON& Tower with Radar,266,10,17,0,293,0,5,11,0,16,266,15,28,0,309,0,0,0,309
11/25/2017,MSY,LA,ASW,CE,Combined TRACON& Tower with Radar,316,15,16,0,347,0,3,9,2,14,316,18,25,2,361,0,0,0,361
11/26/2017,MSY,LA,ASW,CE,Combined TRACON& Tower with Radar,330,14,20,0,364,0,3,11,0,14,330,17,31,0,378,0,0,0,378
11/27/2017,MSY,LA,ASW,CE,Combined TRACON& Tower with Radar,337,4,25,0,366,0,14,2,2,18,337,18,27,2,384,0,0,0,384
11/28/2017,MSY,LA,ASW,CE,Combined TRACON& Tower with Radar,307,9,35,4,355,0,8,7,7,22,307,17,42,11,377,0,0,0,377
11/29/2017,MSY,LA,ASW,CE,Combined TRACON& Tower with Radar,314,10,33,1,358,0,12,11,0,23,314,22,44,1,381,0,0,0,381
11/30/2017,MSY,LA,ASW,CE,Combined TRACON& Tower with Radar,324,19,39,5,387,0,3,7,0,10,324,22,46,5,397,0,0,0,397
12/01/2017,MSY,LA,ASW,CE,Combined TRACON& Tower with Radar,316,15,26,4,361,0,4,3,2,9,316,19,29,6,370,0,0,0,370
12/02/2017,MSY,LA,ASW,CE,Combined TRACON& Tower with Radar,270,9,23,3,305,0,0,2,0,2,270,9,25,3,307,0,0,0,307
12/03/2017,MSY,LA,ASW,CE,Combined TRACON& Tower with Radar,308,14,29,2,353,0,1,11,0,12,308,15,40,2,365,0,0,0,365
12/04/2017,MSY,LA,ASW,CE,Combined TRACON& Tower with Radar,308,8,31,0,347,0,23,10,0,33,308,31,41,0,380,0,0,0,380
12/05/2017,MSY,LA,ASW,CE,Combined TRACON& Tower with Radar,318,11,39,0,368,0,8,1,0,9,318,19,40,0,377,0,0,0,377
12/06/2017,MSY,LA,ASW,CE,Combined TRACON& Tower with Radar,343,19,40,0,402,0,4,1,0,5,343,23,41,0,407,0,0,0,407
12/07/2017,MSY,LA,ASW,CE,Combined TRACON& Tower with Radar,346,12,40,0,398,0,4,1,0,5,346,16,41,0,403,0,0,0,403
12/08/2017,MSY,LA,ASW,CE,Combined TRACON& Tower with Radar,228,9,27,1,265,0,0,0,0,0,228,9,27,1,265,0,0,0,265
12/09/2017,MSY,LA,ASW,CE,Combined TRACON& Tower with Radar,270,4,30,1,305,0,2,5,0,7,270,6,35,1,312,0,0,0,312
12/10/2017,MSY,LA,ASW,CE,Combined TRACON& Tower with Radar,311,8,17,2,338,0,6,11,0,17,311,14,28,2,355,0,0,0,355
12/11/2017,MSY,LA,ASW,CE,Combined TRACON& Tower with Radar,317,5,28,4,354,0,19,5,1,25,317,24,33,5,379,0,0,0,379
12/12/2017,MSY,LA,ASW,CE,Combined TRACON& Tower with Radar,318,20,23,2,363,0,9,4,4,17,318,29,27,6,380,0,0,0,380
12/13/2017,MSY,LA,ASW,CE,Combined TRACON& Tower with Radar,320,21,24,1,366,0,16,4,2,22,320,37,28,3,388,0,0,0,388
12/14/2017,MSY,LA,ASW,CE,Combined TRACON& Tower with Radar,327,18,35,2,382,0,19,2,2,23,327,37,37,4,405,0,0,0,405
12/15/2017,MSY,LA,ASW,CE,Combined TRACON& Tower with Radar,323,13,28,0,364,0,0,7,0,7,323,13,35,0,371,0,0,0,371
12/16/2017,MSY,LA,ASW,CE,Combined TRACON& Tower with Radar,290,7,10,0,307,0,4,7,0,11,290,11,17,0,318,0,0,0,318
12/17/2017,MSY,LA,ASW,CE,Combined TRACON& Tower with Radar,299,11,44,0,354,0,0,0,0,0,299,11,44,0,354,0,0,0,354
12/18/2017,MSY,LA,ASW,CE,Combined TRACON& Tower with Radar,334,19,27,0,380,0,0,0,0,0,334,19,27,0,380,0,0,0,380
12/19/2017,MSY,LA,ASW,CE,Combined TRACON& Tower with Radar,329,20,32,0,381,0,0,1,0,1,329,20,33,0,382,0,0,0,382
12/20/2017,MSY,LA,ASW,CE,Combined TRACON& Tower with Radar,346,17,34,2,399,0,0,5,0,5,346,17,39,2,404,0,0,0,404
12/21/2017,MSY,LA,ASW,CE,Combined TRACON& Tower with Radar,352,26,31,2,411,0,3,0,0,3,352,29,31,2,414,0,0,0,414
12/22/2017,MSY,LA,ASW,CE,Combined TRACON& Tower with Radar,344,20,23,0,387,0,0,2,0,2,344,20,25,0,389,0,0,0,389
12/23/2017,MSY,LA,ASW,CE,Combined TRACON& Tower with Radar,331,18,18,0,367,0,3,13,0,16,331,21,31,0,383,0,0,0,383
12/24/2017,MSY,LA,ASW,CE,Combined TRACON& Tower with Radar,283,15,9,0,307,0,3,8,0,11,283,18,17,0,318,0,0,0,318
12/25/2017,MSY,LA,ASW,CE,Combined TRACON& Tower with Radar,250,13,3,0,266,0,6,1,0,7,250,19,4,0,273,0,0,0,273
12/26/2017,MSY,LA,ASW,CE,Combined TRACON& Tower with Radar,332,7,28,0,367,0,0,2,0,2,332,7,30,0,369,0,0,0,369
12/27/2017,MSY,LA,ASW,CE,Combined TRACON& Tower with Radar,350,16,24,1,391,0,0,1,0,1,350,16,25,1,392,0,0,0,392
12/28/2017,MSY,LA,ASW,CE,Combined TRACON& Tower with Radar,340,27,33,1,401,0,1,0,0,1,340,28,33,1,402,0,0,0,402
12/29/2017,MSY,LA,ASW,CE,Combined TRACON& Tower with Radar,347,17,10,0,374,0,11,6,1,18,347,28,16,1,392,0,0,0,392
12/30/2017,MSY,LA,ASW,CE,Combined TRACON& Tower with Radar,328,17,20,0,365,0,1,13,1,15,328,18,33,1,380,0,0,0,380
12/31/2017,MSY,LA,ASW,CE,Combined TRACON& Tower with Radar,297,18,33,0,348,0,0,5,1,6,297,18,38,1,354,0,0,0,354
01/01/2018,MSY,LA,ASW,CE,Combined TRACON& Tower with Radar,309,17,39,0,365,0,1,12,0,13,309,18,51,0,378,0,0,0,378
01/02/2018,MSY,LA,ASW,CE,Combined TRACON& Tower with Radar,352,24,67,0,443,0,6,11,2,19,352,30,78,2,462,0,0,0,462
01/03/2018,MSY,LA,ASW,CE,Combined TRACON& Tower with Radar,326,10,22,0,358,0,6,4,2,12,326,16,26,2,370,0,0,0,370
01/04/2018,MSY,LA,ASW,CE,Combined TRACON& Tower with Radar,292,7,27,0,326,0,4,3,1,8,292,11,30,1,334,0,0,0,334
01/05/2018,MSY,LA,ASW,CE,Combined TRACON& Tower with Radar,313,11,13,2,339,0,5,5,2,12,313,16,18,4,351,0,0,0,351
01/06/2018,MSY,LA,ASW,CE,Combined TRACON& Tower with Radar,286,6,18,1,311,0,3,7,0,10,286,9,25,1,321,0,0,0,321
01/07/2018,MSY,LA,ASW,CE,Combined TRACON& Tower with Radar,322,10,37,1,370,0,3,2,0,5,322,13,39,1,375,0,0,0,375
01/08/2018,MSY,LA,ASW,CE,Combined TRACON& Tower with Radar,309,14,23,1,347,0,1,2,0,3,309,15,25,1,350,0,0,0,350
01/09/2018,MSY,LA,ASW,CE,Combined TRACON& Tower with Radar,312,18,30,0,360,0,0,0,0,0,312,18,30,0,360,0,0,0,360
01/10/2018,MSY,LA,ASW,CE,Combined TRACON& Tower with Radar,308,10,20,0,338,0,0,2,1,3,308,10,22,1,341,0,0,0,341
01/11/2018,MSY,LA,ASW,CE,Combined TRACON& Tower with Radar,348,4,29,2,383,0,2,1,0,3,348,6,30,2,386,0,0,0,386
01/12/2018,MSY,LA,ASW,CE,Combined TRACON& Tower with Radar,327,7,27,12,373,0,0,1,2,3,327,7,28,14,376,0,0,0,376
01/13/2018,MSY,LA,ASW,CE,Combined TRACON& Tower with Radar,276,11,11,2,300,0,1,4,4,9,276,12,15,6,309,0,0,0,309
01/14/2018,MSY,LA,ASW,CE,Combined TRACON& Tower with Radar,305,14,18,6,343,0,0,1,0,1,305,14,19,6,344,0,0,0,344
01/15/2018,MSY,LA,ASW,CE,Combined TRACON& Tower with Radar,317,13,24,3,357,0,1,9,0,10,317,14,33,3,367,0,0,0,367
01/16/2018,MSY,LA,ASW,CE,Combined TRACON& Tower with Radar,264,8,15,0,287,0,0,1,0,1,264,8,16,0,288,0,0,0,288
01/17/2018,MSY,LA,ASW,CE,Combined TRACON& Tower with Radar,158,10,29,0,197,0,5,3,1,9,158,15,32,1,206,0,0,0,206
01/18/2018,MSY,LA,ASW,CE,Combined TRACON& Tower with Radar,338,7,32,2,379,0,7,3,5,15,338,14,35,7,394,0,0,0,394
01/19/2018,MSY,LA,ASW,CE,Combined TRACON& Tower with Radar,335,18,28,0,381,0,11,5,1,17,335,29,33,1,398,0,0,0,398
01/20/2018,MSY,LA,ASW,CE,Combined TRACON& Tower with Radar,285,9,10,2,306,0,0,4,1,5,285,9,14,3,311,0,0,0,311
01/21/2018,MSY,LA,ASW,CE,Combined TRACON& Tower with Radar,317,21,14,2,354,0,3,0,0,3,317,24,14,2,357,0,0,0,357
01/22/2018,MSY,LA,ASW,CE,Combined TRACON& Tower with Radar,327,11,30,0,368,0,0,5,1,6,327,11,35,1,374,0,0,0,374
01/23/2018,MSY,LA,ASW,CE,Combined TRACON& Tower with Radar,338,16,30,2,386,0,13,8,1,22,338,29,38,3,408,0,0,0,408
01/24/2018,MSY,LA,ASW,CE,Combined TRACON& Tower with Radar,329,7,38,0,374,0,12,3,8,23,329,19,41,8,397,0,0,0,397
01/25/2018,MSY,LA,ASW,CE,Combined TRACON& Tower with Radar,337,15,21,2,375,0,14,4,2,20,337,29,25,4,395,0,0,0,395
01/26/2018,MSY,LA,ASW,CE,Combined TRACON& Tower with Radar,336,15,30,9,390,0,13,3,2,18,336,28,33,11,408,0,0,0,408
01/27/2018,MSY,LA,ASW,CE,Combined TRACON& Tower with Radar,275,1,10,3,289,0,0,0,0,0,275,1,10,3,289,0,0,0,289
01/28/2018,MSY,LA,ASW,CE,Combined TRACON& Tower with Radar,324,23,41,11,399,0,0,1,0,1,324,23,42,11,400,0,0,0,400
01/29/2018,MSY,LA,ASW,CE,Combined TRACON& Tower with Radar,329,5,19,5,358,0,26,9,6,41,329,31,28,11,399,0,0,0,399
01/30/2018,MSY,LA,ASW,CE,Combined TRACON& Tower with Radar,319,14,41,2,376,0,5,4,2,11,319,19,45,4,387,0,0,0,387
01/31/2018,MSY,LA,ASW,CE,Combined TRACON& Tower with Radar,328,18,29,4,379,0,12,14,2,28,328,30,43,6,407,0,0,0,407
02/01/2018,MSY,LA,ASW,CE,Combined TRACON& Tower with Radar,337,16,29,4,386,0,7,1,0,8,337,23,30,4,394,0,0,0,394
02/02/2018,MSY,LA,ASW,CE,Combined TRACON& Tower with Radar,337,10,41,2,390,0,2,10,1,13,337,12,51,3,403,0,0,0,403
02/03/2018,MSY,LA,ASW,CE,Combined TRACON& Tower with Radar,273,9,16,0,298,0,4,11,0,15,273,13,27,0,313,0,0,0,313
02/04/2018,MSY,LA,ASW,CE,Combined TRACON& Tower with Radar,298,6,15,2,321,0,1,2,0,3,298,7,17,2,324,0,0,0,324
02/05/2018,MSY,LA,ASW,CE,Combined TRACON& Tower with Radar,327,6,37,0,370,0,14,7,2,23,327,20,44,2,393,0,0,0,393
02/06/2018,MSY,LA,ASW,CE,Combined TRACON& Tower with Radar,317,14,31,0,362,0,1,2,0,3,317,15,33,0,365,0,0,0,365
02/07/2018,MSY,LA,ASW,CE,Combined TRACON& Tower with Radar,312,22,26,0,360,0,1,1,0,2,312,23,27,0,362,0,0,0,362
02/08/2018,MSY,LA,ASW,CE,Combined TRACON& Tower with Radar,340,13,47,0,400,0,18,6,14,38,340,31,53,14,438,0,0,0,438
02/09/2018,MSY,LA,ASW,CE,Combined TRACON& Tower with Radar,335,22,30,0,387,0,15,10,0,25,335,37,40,0,412,0,0,0,412
02/10/2018,MSY,LA,ASW,CE,Combined TRACON& Tower with Radar,287,8,11,0,306,0,1,4,0,5,287,9,15,0,311,0,0,0,311
02/11/2018,MSY,LA,ASW,CE,Combined TRACON& Tower with Radar,341,19,22,0,382,0,0,0,0,0,341,19,22,0,382,0,0,0,382
02/12/2018,MSY,LA,ASW,CE,Combined TRACON& Tower with Radar,340,26,33,6,405,0,1,0,0,1,340,27,33,6,406,0,0,0,406
02/13/2018,MSY,LA,ASW,CE,Combined TRACON& Tower with Radar,341,14,20,0,375,0,7,4,0,11,341,21,24,0,386,0,0,0,386
02/14/2018,MSY,LA,ASW,CE,Combined TRACON& Tower with Radar,315,15,24,0,354,0,14,0,0,14,315,29,24,0,368,0,0,0,368
02/15/2018,MSY,LA,ASW,CE,Combined TRACON& Tower with Radar,348,26,17,0,391,0,12,3,3,18,348,38,20,3,409,0,0,0,409
02/16/2018,MSY,LA,ASW,CE,Combined TRACON& Tower with Radar,353,19,29,0,401,0,7,6,0,13,353,26,35,0,414,0,0,0,414
02/17/2018,MSY,LA,ASW,CE,Combined TRACON& Tower with Radar,294,12,20,0,326,0,2,3,0,5,294,14,23,0,331,0,0,0,331
02/18/2018,MSY,LA,ASW,CE,Combined TRACON& Tower with Radar,329,24,30,2,385,0,0,9,0,9,329,24,39,2,394,0,0,0,394
02/19/2018,MSY,LA,ASW,CE,Combined TRACON& Tower with Radar,333,15,45,2,395,0,4,0,0,4,333,19,45,2,399,0,0,0,399
02/20/2018,MSY,LA,ASW,CE,Combined TRACON& Tower with Radar,323,9,37,3,372,0,10,6,2,18,323,19,43,5,390,0,0,0,390
02/21/2018,MSY,LA,ASW,CE,Combined TRACON& Tower with Radar,327,18,35,3,383,0,7,6,0,13,327,25,41,3,396,0,0,0,396
02/22/2018,MSY,LA,ASW,CE,Combined TRACON& Tower with Radar,350,12,33,0,395,0,3,9,2,14,350,15,42,2,409,0,0,0,409
02/23/2018,MSY,LA,ASW,CE,Combined TRACON& Tower with Radar,352,17,21,3,393,0,1,1,2,4,352,18,22,5,397,0,0,0,397
02/24/2018,MSY,LA,ASW,CE,Combined TRACON& Tower with Radar,297,13,16,12,338,0,2,7,4,13,297,15,23,16,351,0,0,0,351
02/25/2018,MSY,LA,ASW,CE,Combined TRACON& Tower with Radar,346,18,23,1,388,0,1,1,0,2,346,19,24,1,390,0,0,0,390
02/26/2018,MSY,LA,ASW,CE,Combined TRACON& Tower with Radar,332,10,29,0,371,0,6,0,1,7,332,16,29,1,378,0,0,0,378
02/27/2018,MSY,LA,ASW,CE,Combined TRACON& Tower with Radar,339,9,32,2,382,0,15,1,0,16,339,24,33,2,398,0,0,0,398
02/28/2018,MSY,LA,ASW,CE,Combined TRACON& Tower with Radar,327,10,27,0,364,0,14,2,2,18,327,24,29,2,382,0,0,0,382
03/01/2018,MSY,LA,ASW,CE,Combined TRACON& Tower with Radar,351,11,32,2,396,0,15,2,2,19,351,26,34,4,415,0,0,0,415
03/02/2018,MSY,LA,ASW,CE,Combined TRACON& Tower with Radar,317,13,22,0,352,0,13,3,2,18,317,26,25,2,370,0,0,0,370
03/03/2018,MSY,LA,ASW,CE,Combined TRACON& Tower with Radar,293,16,11,4,324,0,0,16,0,16,293,16,27,4,340,0,0,0,340
03/04/2018,MSY,LA,ASW,CE,Combined TRACON& Tower with Radar,336,11,27,1,375,0,5,7,0,12,336,16,34,1,387,0,0,0,387
03/05/2018,MSY,LA,ASW,CE,Combined TRACON& Tower with Radar,335,15,18,2,370,0,11,7,0,18,335,26,25,2,388,0,0,0,388
03/06/2018,MSY,LA,ASW,CE,Combined TRACON& Tower with Radar,331,14,18,4,367,0,0,2,1,3,331,14,20,5,370,0,0,0,370
03/07/2018,MSY,LA,ASW,CE,Combined TRACON& Tower with Radar,319,15,32,1,367,0,17,8,2,27,319,32,40,3,394,0,0,0,394
03/08/2018,MSY,LA,ASW,CE,Combined TRACON& Tower with Radar,346,13,24,2,385,0,11,8,0,19,346,24,32,2,404,0,0,0,404
03/09/2018,MSY,LA,ASW,CE,Combined TRACON& Tower with Radar,356,23,32,0,411,0,14,16,0,30,356,37,48,0,441,0,0,0,441
03/10/2018,MSY,LA,ASW,CE,Combined TRACON& Tower with Radar,318,27,17,0,362,0,5,0,1,6,318,32,17,1,368,0,0,0,368
03/11/2018,MSY,LA,ASW,CE,Combined TRACON& Tower with Radar,376,17,25,0,418,0,0,2,0,2,376,17,27,0,420,0,0,0,420
03/12/2018,MSY,LA,ASW,CE,Combined TRACON& Tower with Radar,358,12,46,0,416,0,5,11,1,17,358,17,57,1,433,0,0,0,433
03/13/2018,MSY,LA,ASW,CE,Combined TRACON& Tower with Radar,333,5,25,2,365,0,10,10,1,21,333,15,35,3,386,0,0,0,386
03/14/2018,MSY,LA,ASW,CE,Combined TRACON& Tower with Radar,338,15,32,0,385,0,12,7,2,21,338,27,39,2,406,0,0,0,406
03/15/2018,MSY,LA,ASW,CE,Combined TRACON& Tower with Radar,355,21,30,3,409,0,11,5,9,25,355,32,35,12,434,0,0,0,434
03/16/2018,MSY,LA,ASW,CE,Combined TRACON& Tower with Radar,353,28,29,0,410,0,14,2,0,16,353,42,31,0,426,0,0,0,426
03/17/2018,MSY,LA,ASW,CE,Combined TRACON& Tower with Radar,330,14,18,1,363,0,4,3,0,7,330,18,21,1,370,0,0,0,370
03/18/2018,MSY,LA,ASW,CE,Combined TRACON& Tower with Radar,366,12,37,3,418,0,0,8,0,8,366,12,45,3,426,0,0,0,426
03/19/2018,MSY,LA,ASW,CE,Combined TRACON& Tower with Radar,343,4,24,2,373,0,2,1,2,5,343,6,25,4,378,0,0,0,378
03/20/2018,MSY,LA,ASW,CE,Combined TRACON& Tower with Radar,334,15,33,9,391,0,11,5,5,21,334,26,38,14,412,0,0,0,412
03/21/2018,MSY,LA,ASW,CE,Combined TRACON& Tower with Radar,306,13,22,4,345,0,18,4,5,27,306,31,26,9,372,0,0,0,372
03/22/2018,MSY,LA,ASW,CE,Combined TRACON& Tower with Radar,349,12,33,5,399,0,20,5,3,28,349,32,38,8,427,0,0,0,427
03/23/2018,MSY,LA,ASW,CE,Combined TRACON& Tower with Radar,358,9,39,2,408,0,13,5,0,18,358,22,44,2,426,0,0,0,426
03/24/2018,MSY,LA,ASW,CE,Combined TRACON& Tower with Radar,318,20,23,0,361,0,7,2,1,10,318,27,25,1,371,0,0,0,371
03/25/2018,MSY,LA,ASW,CE,Combined TRACON& Tower with Radar,382,10,34,0,426,0,1,2,0,3,382,11,36,0,429,0,0,0,429
03/26/2018,MSY,LA,ASW,CE,Combined TRACON& Tower with Radar,351,21,53,0,425,0,13,3,0,16,351,34,56,0,441,0,0,0,441
03/27/2018,MSY,LA,ASW,CE,Combined TRACON& Tower with Radar,341,18,36,2,397,0,3,3,0,6,341,21,39,2,403,0,0,0,403
03/28/2018,MSY,LA,ASW,CE,Combined TRACON& Tower with Radar,336,16,33,2,387,0,3,1,0,4,336,19,34,2,391,0,0,0,391
03/29/2018,MSY,LA,ASW,CE,Combined TRACON& Tower with Radar,374,11,32,1,418,0,0,0,0,0,374,11,32,1,418,0,0,0,418
03/30/2018,MSY,LA,ASW,CE,Combined TRACON& Tower with Radar,356,9,31,1,397,0,12,6,0,18,356,21,37,1,415,0,0,0,415
03/31/2018,MSY,LA,ASW,CE,Combined TRACON& Tower with Radar,330,11,11,4,356,0,2,7,0,9,330,13,18,4,365,0,0,0,365
04/01/2018,MSY,LA,ASW,CE,Combined TRACON& Tower with Radar,366,11,15,0,392,0,0,10,0,10,366,11,25,0,402,0,0,0,402
04/02/2018,MSY,LA,ASW,CE,Combined TRACON& Tower with Radar,350,11,27,5,393,0,14,6,0,20,350,25,33,5,413,0,0,0,413
04/03/2018,MSY,LA,ASW,CE,Combined TRACON& Tower with Radar,331,15,25,1,372,0,14,0,2,16,331,29,25,3,388,0,0,0,388
04/04/2018,MSY,LA,ASW,CE,Combined TRACON& Tower with Radar,341,9,42,0,392,0,3,8,2,13,341,12,50,2,405,0,0,0,405
04/05/2018,MSY,LA,ASW,CE,Combined TRACON& Tower with Radar,359,16,26,2,403,0,19,6,6,31,359,35,32,8,434,0,0,0,434
04/06/2018,MSY,LA,ASW,CE,Combined TRACON& Tower with Radar,348,31,41,2,422,0,14,8,2,24,348,45,49,4,446,0,0,0,446
04/07/2018,MSY,LA,ASW,CE,Combined TRACON& Tower with Radar,312,20,37,6,375,0,0,1,1,2,312,20,38,7,377,0,0,0,377
04/08/2018,MSY,LA,ASW,CE,Combined TRACON& Tower with Radar,349,15,24,7,395,0,1,4,1,6,349,16,28,8,401,0,0,0,401
04/09/2018,MSY,LA,ASW,CE,Combined TRACON& Tower with Radar,341,20,31,0,392,0,0,5,1,6,341,20,36,1,398,0,0,0,398
04/10/2018,MSY,LA,ASW,CE,Combined TRACON& Tower with Radar,326,18,23,5,372,0,20,15,2,37,326,38,38,7,409,0,0,0,409
04/11/2018,MSY,LA,ASW,CE,Combined TRACON& Tower with Radar,331,18,36,2,387,0,6,12,0,18,331,24,48,2,405,0,0,0,405
04/12/2018,MSY,LA,ASW,CE,Combined TRACON& Tower with Radar,353,11,30,1,395,0,13,7,5,25,353,24,37,6,420,0,0,0,420
04/13/2018,MSY,LA,ASW,CE,Combined TRACON& Tower with Radar,345,9,20,4,378,0,5,1,1,7,345,14,21,5,385,0,0,0,385
04/14/2018,MSY,LA,ASW,CE,Combined TRACON& Tower with Radar,302,4,16,0,322,0,0,0,0,0,302,4,16,0,322,0,0,0,322
04/15/2018,MSY,LA,ASW,CE,Combined TRACON& Tower with Radar,343,7,18,0,368,0,4,2,1,7,343,11,20,1,375,0,0,0,375
04/16/2018,MSY,LA,ASW,CE,Combined TRACON& Tower with Radar,340,11,33,0,384,0,12,7,0,19,340,23,40,0,403,0,0,0,403
04/17/2018,MSY,LA,ASW,CE,Combined TRACON& Tower with Radar,324,3,27,0,354,0,9,9,6,24,324,12,36,6,378,0,0,0,378
04/18/2018,MSY,LA,ASW,CE,Combined TRACON& Tower with Radar,330,9,28,0,367,0,12,6,0,18,330,21,34,0,385,0,0,0,385
04/19/2018,MSY,LA,ASW,CE,Combined TRACON& Tower with Radar,350,11,33,4,398,0,13,10,9,32,350,24,43,13,430,0,0,0,430
04/20/2018,MSY,LA,ASW,CE,Combined TRACON& Tower with Radar,350,12,25,7,394,0,17,15,0,32,350,29,40,7,426,0,0,0,426
04/21/2018,MSY,LA,ASW,CE,Combined TRACON& Tower with Radar,302,15,17,1,335,0,4,3,0,7,302,19,20,1,342,0,0,0,342
04/22/2018,MSY,LA,ASW,CE,Combined TRACON& Tower with Radar,351,20,34,0,405,0,0,6,0,6,351,20,40,0,411,0,0,0,411
04/23/2018,MSY,LA,ASW,CE,Combined TRACON& Tower with Radar,333,16,36,3,388,0,11,5,0,16,333,27,41,3,404,0,0,0,404
04/24/2018,MSY,LA,ASW,CE,Combined TRACON& Tower with Radar,323,25,31,0,379,0,9,17,0,26,323,34,48,0,405,0,0,0,405
04/25/2018,MSY,LA,ASW,CE,Combined TRACON& Tower with Radar,331,12,37,0,380,0,9,4,5,18,331,21,41,5,398,0,0,0,398
04/26/2018,MSY,LA,ASW,CE,Combined TRACON& Tower with Radar,350,8,29,0,387,0,6,8,0,14,350,14,37,0,401,0,0,0,401
04/27/2018,MSY,LA,ASW,CE,Combined TRACON& Tower with Radar,352,21,28,1,402,0,14,12,1,27,352,35,40,2,429,0,0,0,429
04/28/2018,MSY,LA,ASW,CE,Combined TRACON& Tower with Radar,303,17,18,2,340,0,8,16,0,24,303,25,34,2,364,0,0,0,364
04/29/2018,MSY,LA,ASW,CE,Combined TRACON& Tower with Radar,346,45,39,0,430,0,1,11,1,13,346,46,50,1,443,0,0,0,443
04/30/2018,MSY,LA,ASW,CE,Combined TRACON& Tower with Radar,345,14,19,0,378,0,13,14,5,32,345,27,33,5,410,0,0,0,410
05/01/2018,MSY,LA,ASW,CE,Combined TRACON& Tower with Radar,326,10,27,1,364,0,7,3,0,10,326,17,30,1,374,0,0,0,374
05/02/2018,MSY,LA,ASW,CE,Combined TRACON& Tower with Radar,324,12,44,0,380,0,20,1,0,21,324,32,45,0,401,0,0,0,401
05/03/2018,MSY,LA,ASW,CE,Combined TRACON& Tower with Radar,334,25,46,0,405,0,16,5,3,24,334,41,51,3,429,0,0,0,429
05/04/2018,MSY,LA,ASW,CE,Combined TRACON& Tower with Radar,353,20,28,0,401,0,13,7,0,20,353,33,35,0,421,0,0,0,421
05/05/2018,MSY,LA,ASW,CE,Combined TRACON& Tower with Radar,302,21,15,0,338,0,3,2,0,5,302,24,17,0,343,0,0,0,343
05/06/2018,MSY,LA,ASW,CE,Combined TRACON& Tower with Radar,352,30,25,4,411,0,3,0,0,3,352,33,25,4,414,0,0,0,414
05/07/2018,MSY,LA,ASW,CE,Combined TRACON& Tower with Radar,342,13,20,2,377,0,11,12,0,23,342,24,32,2,400,0,0,0,400
05/08/2018,MSY,LA,ASW,CE,Combined TRACON& Tower with Radar,329,11,18,0,358,0,11,4,0,15,329,22,22,0,373,0,0,0,373
05/09/2018,MSY,LA,ASW,CE,Combined TRACON& Tower with Radar,335,18,22,3,378,0,17,11,3,31,335,35,33,6,409,0,0,0,409
05/10/2018,MSY,LA,ASW,CE,Combined TRACON& Tower with Radar,345,24,21,5,395,0,8,6,2,16,345,32,27,7,411,0,0,0,411
05/11/2018,MSY,LA,ASW,CE,Combined TRACON& Tower with Radar,352,12,31,1,396,0,13,5,0,18,352,25,36,1,414,0,0,0,414
05/12/2018,MSY,LA,ASW,CE,Combined TRACON& Tower with Radar,297,3,14,0,314,0,4,9,0,13,297,7,23,0,327,0,0,0,327
05/13/2018,MSY,LA,ASW,CE,Combined TRACON& Tower with Radar,345,8,10,0,363,0,10,6,0,16,345,18,16,0,379,0,0,0,379
05/14/2018,MSY,LA,ASW,CE,Combined TRACON& Tower with Radar,338,7,38,2,385,0,6,9,3,18,338,13,47,5,403,0,0,0,403
05/15/2018,MSY,LA,ASW,CE,Combined TRACON& Tower with Radar,306,16,22,0,344,0,10,2,0,12,306,26,24,0,356,0,0,0,356
05/16/2018,MSY,LA,ASW,CE,Combined TRACON& Tower with Radar,329,13,18,0,360,0,14,5,0,19,329,27,23,0,379,0,0,0,379
05/17/2018,MSY,LA,ASW,CE,Combined TRACON& Tower with Radar,352,8,38,2,400,0,16,8,0,24,352,24,46,2,424,0,0,0,424
05/18/2018,MSY,LA,ASW,CE,Combined TRACON& Tower with Radar,351,16,25,0,392,0,8,7,0,15,351,24,32,0,407,0,0,0,407
05/19/2018,MSY,LA,ASW,CE,Combined TRACON& Tower with Radar,302,11,9,5,327,0,2,9,4,15,302,13,18,9,342,0,0,0,342
05/20/2018,MSY,LA,ASW,CE,Combined TRACON& Tower with Radar,373,11,40,3,427,0,6,14,0,20,373,17,54,3,447,0,0,0,447
05/21/2018,MSY,LA,ASW,CE,Combined TRACON& Tower with Radar,350,9,18,4,381,0,10,8,2,20,350,19,26,6,401,0,0,0,401
05/22/2018,MSY,LA,ASW,CE,Combined TRACON& Tower with Radar,331,13,22,2,368,0,14,4,4,22,331,27,26,6,390,0,0,0,390
05/23/2018,MSY,LA,ASW,CE,Combined TRACON& Tower with Radar,336,19,30,4,389,0,16,12,0,28,336,35,42,4,417,0,0,0,417
05/24/2018,MSY,LA,ASW,CE,Combined TRACON& Tower with Radar,354,20,36,0,410,0,10,4,1,15,354,30,40,1,425,0,0,0,425
05/25/2018,MSY,LA,ASW,CE,Combined TRACON& Tower with Radar,346,20,27,0,393,0,0,2,0,2,346,20,29,0,395,0,0,0,395
05/26/2018,MSY,LA,ASW,CE,Combined TRACON& Tower with Radar,306,9,13,0,328,0,1,1,0,2,306,10,14,0,330,0,0,0,330
05/27/2018,MSY,LA,ASW,CE,Combined TRACON& Tower with Radar,310,7,5,0,322,0,1,2,0,3,310,8,7,0,325,0,0,0,325
05/28/2018,MSY,LA,ASW,CE,Combined TRACON& Tower with Radar,319,6,21,0,346,0,2,15,1,18,319,8,36,1,364,0,0,0,364
05/29/2018,MSY,LA,ASW,CE,Combined TRACON& Tower with Radar,331,18,23,0,372,0,2,2,2,6,331,20,25,2,378,0,0,0,378
05/30/2018,MSY,LA,ASW,CE,Combined TRACON& Tower with Radar,340,16,22,3,381,0,14,10,7,31,340,30,32,10,412,0,0,0,412
05/31/2018,MSY,LA,ASW,CE,Combined TRACON& Tower with Radar,343,8,27,0,378,0,15,6,0,21,343,23,33,0,399,0,0,0,399
06/01/2018,MSY,LA,ASW,CE,Combined TRACON& Tower with Radar,347,14,21,5,387,0,13,6,2,21,347,27,27,7,408,0,0,0,408
06/02/2018,MSY,LA,ASW,CE,Combined TRACON& Tower with Radar,298,8,12,3,321,0,4,8,3,15,298,12,20,6,336,0,0,0,336
06/03/2018,MSY,LA,ASW,CE,Combined TRACON& Tower with Radar,356,10,25,4,395,0,1,7,1,9,356,11,32,5,404,0,0,0,404
06/04/2018,MSY,LA,ASW,CE,Combined TRACON& Tower with Radar,335,8,28,3,374,0,20,0,7,27,335,28,28,10,401,0,0,0,401
06/05/2018,MSY,LA,ASW,CE,Combined TRACON& Tower with Radar,335,4,18,1,358,0,1,4,0,5,335,5,22,1,363,0,0,0,363
06/06/2018,MSY,LA,ASW,CE,Combined TRACON& Tower with Radar,337,5,21,2,365,0,6,9,4,19,337,11,30,6,384,0,0,0,384
06/07/2018,MSY,LA,ASW,CE,Combined TRACON& Tower with Radar,331,13,23,2,369,0,17,8,5,30,331,30,31,7,399,0,0,0,399
06/08/2018,MSY,LA,ASW,CE,Combined TRACON& Tower with Radar,341,10,27,0,378,0,14,10,0,24,341,24,37,0,402,0,0,0,402
06/09/2018,MSY,LA,ASW,CE,Combined TRACON& Tower with Radar,292,15,13,0,320,0,6,5,0,11,292,21,18,0,331,0,0,0,331
06/10/2018,MSY,LA,ASW,CE,Combined TRACON& Tower with Radar,351,7,39,0,397,0,4,4,0,8,351,11,43,0,405,0,0,0,405
06/11/2018,MSY,LA,ASW,CE,Combined TRACON& Tower with Radar,327,15,24,3,369,0,10,4,0,14,327,25,28,3,383,0,0,0,383
06/12/2018,MSY,LA,ASW,CE,Combined TRACON& Tower with Radar,324,14,27,2,367,0,0,6,0,6,324,14,33,2,373,0,0,0,373
06/13/2018,MSY,LA,ASW,CE,Combined TRACON& Tower with Radar,321,8,28,1,358,0,12,6,2,20,321,20,34,3,378,0,0,0,378
06/14/2018,MSY,LA,ASW,CE,Combined TRACON& Tower with Radar,336,14,48,0,398,0,17,4,0,21,336,31,52,0,419,0,0,0,419
06/15/2018,MSY,LA,ASW,CE,Combined TRACON& Tower with Radar,331,8,21,5,365,0,14,3,0,17,331,22,24,5,382,0,0,0,382
06/16/2018,MSY,LA,ASW,CE,Combined TRACON& Tower with Radar,296,8,18,3,325,0,7,4,0,11,296,15,22,3,336,0,0,0,336
06/17/2018,MSY,LA,ASW,CE,Combined TRACON& Tower with Radar,344,11,10,4,369,0,6,2,1,9,344,17,12,5,378,0,0,0,378
06/18/2018,MSY,LA,ASW,CE,Combined TRACON& Tower with Radar,321,8,20,1,350,0,0,1,0,1,321,8,21,1,351,0,0,0,351
06/19/2018,MSY,LA,ASW,CE,Combined TRACON& Tower with Radar,311,10,19,0,340,0,2,3,0,5,311,12,22,0,345,0,0,0,345
06/20/2018,MSY,LA,ASW,CE,Combined TRACON& Tower with Radar,324,21,23,1,369,0,24,14,0,38,324,45,37,1,407,0,0,0,407
06/21/2018,MSY,LA,ASW,CE,Combined TRACON& Tower with Radar,329,13,24,0,366,0,14,10,1,25,329,27,34,1,391,0,0,0,391
06/22/2018,MSY,LA,ASW,CE,Combined TRACON& Tower with Radar,334,10,21,6,371,0,15,6,0,21,334,25,27,6,392,0,0,0,392
06/23/2018,MSY,LA,ASW,CE,Combined TRACON& Tower with Radar,286,7,5,1,299,0,0,2,0,2,286,7,7,1,301,0,0,0,301
06/24/2018,MSY,LA,ASW,CE,Combined TRACON& Tower with Radar,330,13,23,0,366,0,5,6,1,12,330,18,29,1,378,0,0,0,378
06/25/2018,MSY,LA,ASW,CE,Combined TRACON& Tower with Radar,329,9,25,3,366,0,14,9,4,27,329,23,34,7,393,0,0,0,393
06/26/2018,MSY,LA,ASW,CE,Combined TRACON& Tower with Radar,314,7,28,4,353,0,17,10,2,29,314,24,38,6,382,0,0,0,382
06/27/2018,MSY,LA,ASW,CE,Combined TRACON& Tower with Radar,317,5,22,0,344,0,13,3,0,16,317,18,25,0,360,0,0,0,360
06/28/2018,MSY,LA,ASW,CE,Combined TRACON& Tower with Radar,336,24,27,0,387,0,17,5,0,22,336,41,32,0,409,0,0,0,409
06/29/2018,MSY,LA,ASW,CE,Combined TRACON& Tower with Radar,337,23,19,2,381,0,15,3,1,19,337,38,22,3,400,0,0,0,400
06/30/2018,MSY,LA,ASW,CE,Combined TRACON& Tower with Radar,281,10,12,1,304,0,2,4,0,6,281,12,16,1,310,0,0,0,310
07/01/2018,MSY,LA,ASW,CE,Combined TRACON& Tower with Radar,341,7,9,1,358,0,0,7,0,7,341,7,16,1,365,0,0,0,365
07/02/2018,MSY,LA,ASW,CE,Combined TRACON& Tower with Radar,314,5,27,0,346,0,0,5,0,5,314,5,32,0,351,0,0,0,351
07/03/2018,MSY,LA,ASW,CE,Combined TRACON& Tower with Radar,285,5,7,0,297,0,2,1,0,3,285,7,8,0,300,0,0,0,300
07/04/2018,MSY,LA,ASW,CE,Combined TRACON& Tower with Radar,270,5,4,0,279,0,0,2,0,2,270,5,6,0,281,0,0,0,281
07/05/2018,MSY,LA,ASW,CE,Combined TRACON& Tower with Radar,319,2,15,0,336,0,1,8,4,13,319,3,23,4,349,0,0,0,349
07/06/2018,MSY,LA,ASW,CE,Combined TRACON& Tower with Radar,322,4,19,2,347,0,12,8,0,20,322,16,27,2,367,0,0,0,367
07/07/2018,MSY,LA,ASW,CE,Combined TRACON& Tower with Radar,306,7,17,0,330,0,1,1,4,6,306,8,18,4,336,0,0,0,336
07/08/2018,MSY,LA,ASW,CE,Combined TRACON& Tower with Radar,353,9,25,0,387,0,2,5,0,7,353,11,30,0,394,0,0,0,394
07/09/2018,MSY,LA,ASW,CE,Combined TRACON& Tower with Radar,326,4,27,0,357,0,16,5,0,21,326,20,32,0,378,0,0,0,378
07/10/2018,MSY,LA,ASW,CE,Combined TRACON& Tower with Radar,321,6,20,0,347,0,1,4,0,5,321,7,24,0,352,0,0,0,352
07/11/2018,MSY,LA,ASW,CE,Combined TRACON& Tower with Radar,324,11,14,0,349,0,3,8,0,11,324,14,22,0,360,0,0,0,360
07/12/2018,MSY,LA,ASW,CE,Combined TRACON& Tower with Radar,327,12,14,4,357,0,7,7,4,18,327,19,21,8,375,0,0,0,375
07/13/2018,MSY,LA,ASW,CE,Combined TRACON& Tower with Radar,328,9,15,4,356,0,15,4,1,20,328,24,19,5,376,0,0,0,376
07/14/2018,MSY,LA,ASW,CE,Combined TRACON& Tower with Radar,300,7,10,0,317,0,1,13,0,14,300,8,23,0,331,0,0,0,331
07/15/2018,MSY,LA,ASW,CE,Combined TRACON& Tower with Radar,341,5,22,2,370,0,2,8,2,12,341,7,30,4,382,0,0,0,382
07/16/2018,MSY,LA,ASW,CE,Combined TRACON& Tower with Radar,323,10,27,0,360,0,1,6,0,7,323,11,33,0,367,0,0,0,367
07/17/2018,MSY,LA,ASW,CE,Combined TRACON& Tower with Radar,308,11,18,0,337,0,2,4,0,6,308,13,22,0,343,0,0,0,343
07/18/2018,MSY,LA,ASW,CE,Combined TRACON& Tower with Radar,324,10,18,0,352,0,3,2,0,5,324,13,20,0,357,0,0,0,357
07/19/2018,MSY,LA,ASW,CE,Combined TRACON& Tower with Radar,328,16,22,4,370,0,3,2,0,5,328,19,24,4,375,0,0,0,375
07/20/2018,MSY,LA,ASW,CE,Combined TRACON& Tower with Radar,333,6,26,7,372,0,15,4,0,19,333,21,30,7,391,0,0,0,391
07/21/2018,MSY,LA,ASW,CE,Combined TRACON& Tower with Radar,301,5,11,0,317,0,3,5,0,8,301,8,16,0,325,0,0,0,325
07/22/2018,MSY,LA,ASW,CE,Combined TRACON& Tower with Radar,345,6,14,0,365,0,3,4,0,7,345,9,18,0,372,0,0,0,372
07/23/2018,MSY,LA,ASW,CE,Combined TRACON& Tower with Radar,319,2,11,4,336,0,8,6,4,18,319,10,17,8,354,0,0,0,354
07/24/2018,MSY,LA,ASW,CE,Combined TRACON& Tower with Radar,309,4,13,0,326,0,27,3,0,30,309,31,16,0,356,0,0,0,356
07/25/2018,MSY,LA,ASW,CE,Combined TRACON& Tower with Radar,321,12,32,4,369,0,21,9,0,30,321,33,41,4,399,0,0,0,399
07/26/2018,MSY,LA,ASW,CE,Combined TRACON& Tower with Radar,338,4,23,7,372,0,17,2,1,20,338,21,25,8,392,0,0,0,392
07/27/2018,MSY,LA,ASW,CE,Combined TRACON& Tower with Radar,322,8,31,1,362,0,16,4,0,20,322,24,35,1,382,0,0,0,382
07/28/2018,MSY,LA,ASW,CE,Combined TRACON& Tower with Radar,303,6,15,1,325,0,10,3,0,13,303,16,18,1,338,0,0,0,338
07/29/2018,MSY,LA,ASW,CE,Combined TRACON& Tower with Radar,345,7,24,2,378,0,4,3,0,7,345,11,27,2,385,0,0,0,385
07/30/2018,MSY,LA,ASW,CE,Combined TRACON& Tower with Radar,323,2,29,0,354,0,12,1,2,15,323,14,30,2,369,0,0,0,369
07/31/2018,MSY,LA,ASW,CE,Combined TRACON& Tower with Radar,317,9,21,0,347,0,0,7,0,7,317,9,28,0,354,0,0,0,354
08/01/2018,MSY,LA,ASW,CE,Combined TRACON& Tower with Radar,318,10,19,0,347,0,2,5,0,7,318,12,24,0,354,0,0,0,354
08/02/2018,MSY,LA,ASW,CE,Combined TRACON& Tower with Radar,317,9,38,3,367,0,10,10,0,20,317,19,48,3,387,0,0,0,387
08/03/2018,MSY,LA,ASW,CE,Combined TRACON& Tower with Radar,322,9,23,0,354,0,5,2,0,7,322,14,25,0,361,0,0,0,361
08/04/2018,MSY,LA,ASW,CE,Combined TRACON& Tower with Radar,291,10,16,0,317,0,7,10,0,17,291,17,26,0,334,0,0,0,334
08/05/2018,MSY,LA,ASW,CE,Combined TRACON& Tower with Radar,347,2,26,0,375,0,8,9,0,17,347,10,35,0,392,0,0,0,392
08/06/2018,MSY,LA,ASW,CE,Combined TRACON& Tower with Radar,311,10,24,0,345,0,17,4,1,22,311,27,28,1,367,0,0,0,367
08/07/2018,MSY,LA,ASW,CE,Combined TRACON& Tower with Radar,295,11,20,0,326,0,21,2,0,23,295,32,22,0,349,0,0,0,349
08/08/2018,MSY,LA,ASW,CE,Combined TRACON& Tower with Radar,307,6,15,0,328,0,9,10,2,21,307,15,25,2,349,0,0,0,349
08/09/2018,MSY,LA,ASW,CE,Combined TRACON& Tower with Radar,316,4,30,0,350,0,16,5,0,21,316,20,35,0,371,0,0,0,371
08/10/2018,MSY,LA,ASW,CE,Combined TRACON& Tower with Radar,332,16,16,0,364,0,9,11,2,22,332,25,27,2,386,0,0,0,386
08/11/2018,MSY,LA,ASW,CE,Combined TRACON& Tower with Radar,259,12,6,0,277,0,2,4,2,8,259,14,10,2,285,0,0,0,285
08/12/2018,MSY,LA,ASW,CE,Combined TRACON& Tower with Radar,302,15,14,0,331,0,3,5,0,8,302,18,19,0,339,0,0,0,339
08/13/2018,MSY,LA,ASW,CE,Combined TRACON& Tower with Radar,311,4,19,2,336,0,14,4,0,18,311,18,23,2,354,0,0,0,354
08/14/2018,MSY,LA,ASW,CE,Combined TRACON& Tower with Radar,296,7,30,0,333,0,4,8,0,12,296,11,38,0,345,0,0,0,345
08/15/2018,MSY,LA,ASW,CE,Combined TRACON& Tower with Radar,316,9,21,0,346,0,11,11,0,22,316,20,32,0,368,0,0,0,368
08/16/2018,MSY,LA,ASW,CE,Combined TRACON& Tower with Radar,323,11,25,0,359,0,4,4,0,8,323,15,29,0,367,0,0,0,367
08/17/2018,MSY,LA,ASW,CE,Combined TRACON& Tower with Radar,322,9,20,4,355,0,11,6,2,19,322,20,26,6,374,0,0,0,374
08/18/2018,MSY,LA,ASW,CE,Combined TRACON& Tower with Radar,264,11,11,0,286,0,4,6,0,10,264,15,17,0,296,0,0,0,296
08/19/2018,MSY,LA,ASW,CE,Combined TRACON& Tower with Radar,319,3,13,0,335,0,2,4,0,6,319,5,17,0,341,0,0,0,341
08/20/2018,MSY,LA,ASW,CE,Combined TRACON& Tower with Radar,310,7,30,0,347,0,2,7,1,10,310,9,37,1,357,0,0,0,357
08/21/2018,MSY,LA,ASW,CE,Combined TRACON& Tower with Radar,281,5,14,2,302,0,14,0,2,16,281,19,14,4,318,0,0,0,318
08/22/2018,MSY,LA,ASW,CE,Combined TRACON& Tower with Radar,306,5,36,1,348,0,14,9,4,27,306,19,45,5,375,0,0,0,375
08/23/2018,MSY,LA,ASW,CE,Combined TRACON& Tower with Radar,319,15,39,1,374,0,23,4,5,32,319,38,43,6,406,0,0,0,406
08/24/2018,MSY,LA,ASW,CE,Combined TRACON& Tower with Radar,321,16,15,6,358,0,15,7,7,29,321,31,22,13,387,0,0,0,387
08/25/2018,MSY,LA,ASW,CE,Combined TRACON& Tower with Radar,246,8,16,3,273,0,4,8,1,13,246,12,24,4,286,0,0,0,286
08/26/2018,MSY,LA,ASW,CE,Combined TRACON& Tower with Radar,310,14,20,0,344,0,6,9,0,15,310,20,29,0,359,0,0,0,359
08/27/2018,MSY,LA,ASW,CE,Combined TRACON& Tower with Radar,315,11,21,5,352,0,23,16,0,39,315,34,37,5,391,0,0,0,391
08/28/2018,MSY,LA,ASW,CE,Combined TRACON& Tower with Radar,292,9,27,1,329,0,18,14,0,32,292,27,41,1,361,0,0,0,361
08/29/2018,MSY,LA,ASW,CE,Combined TRACON& Tower with Radar,299,9,28,0,336,0,2,4,0,6,299,11,32,0,342,0,0,0,342
08/30/2018,MSY,LA,ASW,CE,Combined TRACON& Tower with Radar,322,11,24,0,357,0,6,14,2,22,322,17,38,2,379,0,0,0,379
08/31/2018,MSY,LA,ASW,CE,Combined TRACON& Tower with Radar,319,15,22,0,356,0,0,0,0,0,319,15,22,0,356,0,0,0,356
09/01/2018,MSY,LA,ASW,CE,Combined TRACON& Tower with Radar,238,12,8,0,258,0,4,7,0,11,238,16,15,0,269,0,0,0,269
09/02/2018,MSY,LA,ASW,CE,Combined TRACON& Tower with Radar,253,6,18,0,277,0,3,1,0,4,253,9,19,0,281,0,0,0,281
09/03/2018,MSY,LA,ASW,CE,Combined TRACON& Tower with Radar,289,6,15,0,310,0,11,5,0,16,289,17,20,0,326,0,0,0,326
09/04/2018,MSY,LA,ASW,CE,Combined TRACON& Tower with Radar,299,9,20,0,328,0,0,4,0,4,299,9,24,0,332,0,0,0,332
09/05/2018,MSY,LA,ASW,CE,Combined TRACON& Tower with Radar,300,14,14,1,329,0,16,0,0,16,300,30,14,1,345,0,0,0,345
09/06/2018,MSY,LA,ASW,CE,Combined TRACON& Tower with Radar,314,14,17,0,345,0,13,8,0,21,314,27,25,0,366,0,0,0,366
09/07/2018,MSY,LA,ASW,CE,Combined TRACON& Tower with Radar,310,8,13,3,334,0,12,7,1,20,310,20,20,4,354,0,0,0,354
09/08/2018,MSY,LA,ASW,CE,Combined TRACON& Tower with Radar,250,19,9,1,279,0,4,6,0,10,250,23,15,1,289,0,0,0,289
09/09/2018,MSY,LA,ASW,CE,Combined TRACON& Tower with Radar,324,11,16,0,351,0,5,5,0,10,324,16,21,0,361,0,0,0,361
09/10/2018,MSY,LA,ASW,CE,Combined TRACON& Tower with Radar,324,4,25,0,353,0,21,5,0,26,324,25,30,0,379,0,0,0,379
09/11/2018,MSY,LA,ASW,CE,Combined TRACON& Tower with Radar,288,6,24,0,318,0,9,2,0,11,288,15,26,0,329,0,0,0,329
09/12/2018,MSY,LA,ASW,CE,Combined TRACON& Tower with Radar,298,3,13,3,317,0,17,3,0,20,298,20,16,3,337,0,0,0,337
09/13/2018,MSY,LA,ASW,CE,Combined TRACON& Tower with Radar,329,11,31,2,373,0,2,3,0,5,329,13,34,2,378,0,0,0,378
09/14/2018,MSY,LA,ASW,CE,Combined TRACON& Tower with Radar,323,13,21,0,357,0,17,7,0,24,323,30,28,0,381,0,0,0,381
09/15/2018,MSY,LA,ASW,CE,Combined TRACON& Tower with Radar,246,18,11,0,275,0,5,2,0,7,246,23,13,0,282,0,0,0,282
09/16/2018,MSY,LA,ASW,CE,Combined TRACON& Tower with Radar,315,12,29,0,356,0,2,3,0,5,315,14,32,0,361,0,0,0,361
09/17/2018,MSY,LA,ASW,CE,Combined TRACON& Tower with Radar,324,14,18,0,356,0,17,6,4,27,324,31,24,4,383,0,0,0,383
09/18/2018,MSY,LA,ASW,CE,Combined TRACON& Tower with Radar,295,11,22,0,328,0,20,5,0,25,295,31,27,0,353,0,0,0,353
09/19/2018,MSY,LA,ASW,CE,Combined TRACON& Tower with Radar,304,6,21,0,331,0,18,5,0,23,304,24,26,0,354,0,0,0,354
09/20/2018,MSY,LA,ASW,CE,Combined TRACON& Tower with Radar,322,9,33,0,364,0,22,8,2,32,322,31,41,2,396,0,0,0,396
09/21/2018,MSY,LA,ASW,CE,Combined TRACON& Tower with Radar,336,10,21,2,369,0,18,4,0,22,336,28,25,2,391,0,0,0,391
09/22/2018,MSY,LA,ASW,CE,Combined TRACON& Tower with Radar,250,7,10,0,267,0,2,5,0,7,250,9,15,0,274,0,0,0,274
09/23/2018,MSY,LA,ASW,CE,Combined TRACON& Tower with Radar,324,19,23,1,367,0,11,2,2,15,324,30,25,3,382,0,0,0,382
09/24/2018,MSY,LA,ASW,CE,Combined TRACON& Tower with Radar,323,4,42,4,373,0,5,12,4,21,323,9,54,8,394,0,0,0,394
09/25/2018,MSY,LA,ASW,CE,Combined TRACON& Tower with Radar,287,5,25,4,321,0,18,4,2,24,287,23,29,6,345,0,0,0,345
09/26/2018,MSY,LA,ASW,CE,Combined TRACON& Tower with Radar,300,8,34,0,342,0,0,0,2,2,300,8,34,2,344,0,0,0,344
09/27/2018,MSY,LA,ASW,CE,Combined TRACON& Tower with Radar,329,12,23,4,368,0,2,0,0,2,329,14,23,4,370,0,0,0,370
09/28/2018,MSY,LA,ASW,CE,Combined TRACON& Tower with Radar,334,15,34,0,383,0,25,3,0,28,334,40,37,0,411,0,0,0,411
09/29/2018,MSY,LA,ASW,CE,Combined TRACON& Tower with Radar,251,16,18,3,288,0,2,7,1,10,251,18,25,4,298,0,0,0,298
09/30/2018,MSY,LA,ASW,CE,Combined TRACON& Tower with Radar,323,16,25,4,368,0,0,4,0,4,323,16,29,4,372,0,0,0,372
10/01/2018,MSY,LA,ASW,CE,Combined TRACON& Tower with Radar,324,9,12,3,348,0,12,3,2,17,324,21,15,5,365,0,0,0,365
10/02/2018,MSY,LA,ASW,CE,Combined TRACON& Tower with Radar,288,9,21,1,319,0,14,9,0,23,288,23,30,1,342,0,0,0,342
10/03/2018,MSY,LA,ASW,CE,Combined TRACON& Tower with Radar,292,8,32,0,332,0,12,11,0,23,292,20,43,0,355,0,0,0,355
10/04/2018,MSY,LA,ASW,CE,Combined TRACON& Tower with Radar,336,10,17,5,368,0,18,2,0,20,336,28,19,5,388,0,0,0,388
10/05/2018,MSY,LA,ASW,CE,Combined TRACON& Tower with Radar,335,5,30,4,374,0,15,7,0,22,335,20,37,4,396,0,0,0,396
10/06/2018,MSY,LA,ASW,CE,Combined TRACON& Tower with Radar,281,7,18,0,306,0,2,10,0,12,281,9,28,0,318,0,0,0,318
10/07/2018,MSY,LA,ASW,CE,Combined TRACON& Tower with Radar,315,14,14,1,344,0,8,5,0,13,315,22,19,1,357,0,0,0,357
10/08/2018,MSY,LA,ASW,CE,Combined TRACON& Tower with Radar,341,8,38,0,387,0,0,3,0,3,341,8,41,0,390,0,0,0,390
10/09/2018,MSY,LA,ASW,CE,Combined TRACON& Tower with Radar,306,17,33,0,356,0,0,2,0,2,306,17,35,0,358,0,0,0,358
10/10/2018,MSY,LA,ASW,CE,Combined TRACON& Tower with Radar,311,21,19,0,351,0,2,1,3,6,311,23,20,3,357,0,0,0,357
10/11/2018,MSY,LA,ASW,CE,Combined TRACON& Tower with Radar,339,17,32,0,388,0,13,2,0,15,339,30,34,0,403,0,0,0,403
10/12/2018,MSY,LA,ASW,CE,Combined TRACON& Tower with Radar,350,21,66,1,438,0,14,15,1,30,350,35,81,2,468,0,0,0,468
10/13/2018,MSY,LA,ASW,CE,Combined TRACON& Tower with Radar,280,12,28,4,324,0,6,15,4,25,280,18,43,8,349,0,0,0,349
10/14/2018,MSY,LA,ASW,CE,Combined TRACON& Tower with Radar,328,28,47,3,406,0,14,7,0,21,328,42,54,3,427,0,0,0,427
10/15/2018,MSY,LA,ASW,CE,Combined TRACON& Tower with Radar,332,10,47,0,389,0,13,6,1,20,332,23,53,1,409,0,0,0,409
10/16/2018,MSY,LA,ASW,CE,Combined TRACON& Tower with Radar,315,11,24,1,351,0,4,3,1,8,315,15,27,2,359,0,0,0,359
10/17/2018,MSY,LA,ASW,CE,Combined TRACON& Tower with Radar,314,17,33,1,365,0,0,4,0,4,314,17,37,1,369,0,0,0,369
10/18/2018,MSY,LA,ASW,CE,Combined TRACON& Tower with Radar,342,12,18,2,374,0,6,8,3,17,342,18,26,5,391,0,0,0,391
10/19/2018,MSY,LA,ASW,CE,Combined TRACON& Tower with Radar,344,18,15,1,378,0,17,2,1,20,344,35,17,2,398,0,0,0,398
10/20/2018,MSY,LA,ASW,CE,Combined TRACON& Tower with Radar,287,4,16,2,309,0,0,6,1,7,287,4,22,3,316,0,0,0,316
10/21/2018,MSY,LA,ASW,CE,Combined TRACON& Tower with Radar,332,10,19,6,367,0,6,7,0,13,332,16,26,6,380,0,0,0,380
10/22/2018,MSY,LA,ASW,CE,Combined TRACON& Tower with Radar,340,13,26,0,379,0,14,3,0,17,340,27,29,0,396,0,0,0,396
10/23/2018,MSY,LA,ASW,CE,Combined TRACON& Tower with Radar,312,9,27,0,348,0,0,4,0,4,312,9,31,0,352,0,0,0,352
10/24/2018,MSY,LA,ASW,CE,Combined TRACON& Tower with Radar,313,12,24,1,350,0,13,4,1,18,313,25,28,2,368,0,0,0,368
10/25/2018,MSY,LA,ASW,CE,Combined TRACON& Tower with Radar,343,13,34,0,390,0,2,6,0,8,343,15,40,0,398,0,0,0,398
10/26/2018,MSY,LA,ASW,CE,Combined TRACON& Tower with Radar,341,11,37,0,389,0,17,15,0,32,341,28,52,0,421,0,0,0,421
10/27/2018,MSY,LA,ASW,CE,Combined TRACON& Tower with Radar,289,7,17,0,313,0,4,7,0,11,289,11,24,0,324,0,0,0,324
10/28/2018,MSY,LA,ASW,CE,Combined TRACON& Tower with Radar,321,15,24,0,360,0,4,13,0,17,321,19,37,0,377,0,0,0,377
10/29/2018,MSY,LA,ASW,CE,Combined TRACON& Tower with Radar,332,12,18,0,362,0,12,10,1,23,332,24,28,1,385,0,0,0,385
10/30/2018,MSY,LA,ASW,CE,Combined TRACON& Tower with Radar,304,12,36,0,352,0,6,8,0,14,304,18,44,0,366,0,0,0,366
10/31/2018,MSY,LA,ASW,CE,Combined TRACON& Tower with Radar,294,16,23,0,333,0,15,6,0,21,294,31,29,0,354,0,0,0,354
11/01/2018,MSY,LA,ASW,CE,Combined TRACON& Tower with Radar,328,25,37,7,397,0,0,0,1,1,328,25,37,8,398,0,0,0,398
11/02/2018,MSY,LA,ASW,CE,Combined TRACON& Tower with Radar,338,24,29,0,391,0,21,6,2,29,338,45,35,2,420,0,0,0,420
11/03/2018,MSY,LA,ASW,CE,Combined TRACON& Tower with Radar,282,12,9,0,303,0,11,9,0,20,282,23,18,0,323,0,0,0,323
11/04/2018,MSY,LA,ASW,CE,Combined TRACON& Tower with Radar,337,32,17,0,386,0,0,2,0,2,337,32,19,0,388,0,0,0,388
11/05/2018,MSY,LA,ASW,CE,Combined TRACON& Tower with Radar,340,21,33,4,398,0,4,8,2,14,340,25,41,6,412,0,0,0,412
11/06/2018,MSY,LA,ASW,CE,Combined TRACON& Tower with Radar,303,12,34,0,349,0,5,7,0,12,303,17,41,0,361,0,0,0,361
11/07/2018,MSY,LA,ASW,CE,Combined TRACON& Tower with Radar,317,12,28,2,359,0,5,2,0,7,317,17,30,2,366,0,0,0,366
11/08/2018,MSY,LA,ASW,CE,Combined TRACON& Tower with Radar,334,15,45,0,394,0,3,1,0,4,334,18,46,0,398,0,0,0,398
11/09/2018,MSY,LA,ASW,CE,Combined TRACON& Tower with Radar,351,16,29,2,398,0,1,4,0,5,351,17,33,2,403,0,0,0,403
11/10/2018,MSY,LA,ASW,CE,Combined TRACON& Tower with Radar,288,10,28,1,327,0,0,4,0,4,288,10,32,1,331,0,0,0,331
11/11/2018,MSY,LA,ASW,CE,Combined TRACON& Tower with Radar,332,15,24,0,371,0,8,6,1,15,332,23,30,1,386,0,0,0,386
11/12/2018,MSY,LA,ASW,CE,Combined TRACON& Tower with Radar,329,12,30,1,372,0,0,0,0,0,329,12,30,1,372,0,0,0,372
11/13/2018,MSY,LA,ASW,CE,Combined TRACON& Tower with Radar,325,14,31,0,370,0,0,1,0,1,325,14,32,0,371,0,0,0,371
11/14/2018,MSY,LA,ASW,CE,Combined TRACON& Tower with Radar,328,11,29,0,368,0,1,0,0,1,328,12,29,0,369,0,0,0,369
11/15/2018,MSY,LA,ASW,CE,Combined TRACON& Tower with Radar,321,15,23,1,360,0,3,16,2,21,321,18,39,3,381,0,0,0,381
11/16/2018,MSY,LA,ASW,CE,Combined TRACON& Tower with Radar,340,18,32,0,390,0,15,8,2,25,340,33,40,2,415,0,0,0,415
11/17/2018,MSY,LA,ASW,CE,Combined TRACON& Tower with Radar,308,17,19,0,344,0,0,13,3,16,308,17,32,3,360,0,0,0,360
11/18/2018,MSY,LA,ASW,CE,Combined TRACON& Tower with Radar,331,16,44,2,393,0,1,6,0,7,331,17,50,2,400,0,0,0,400
11/19/2018,MSY,LA,ASW,CE,Combined TRACON& Tower with Radar,335,9,13,6,363,0,14,6,0,20,335,23,19,6,383,0,0,0,383
11/20/2018,MSY,LA,ASW,CE,Combined TRACON& Tower with Radar,331,10,30,1,372,0,5,7,1,13,331,15,37,2,385,0,0,0,385
11/21/2018,MSY,LA,ASW,CE,Combined TRACON& Tower with Radar,335,6,13,0,354,0,17,4,0,21,335,23,17,0,375,0,0,0,375
11/22/2018,MSY,LA,ASW,CE,Combined TRACON& Tower with Radar,210,7,9,0,226,0,6,1,0,7,210,13,10,0,233,0,0,0,233
11/23/2018,MSY,LA,ASW,CE,Combined TRACON& Tower with Radar,268,11,15,0,294,0,0,0,0,0,268,11,15,0,294,0,0,0,294
11/24/2018,MSY,LA,ASW,CE,Combined TRACON& Tower with Radar,322,12,29,0,363,0,5,4,1,10,322,17,33,1,373,0,0,0,373
11/25/2018,MSY,LA,ASW,CE,Combined TRACON& Tower with Radar,345,14,26,1,386,0,3,2,0,5,345,17,28,1,391,0,0,0,391
11/26/2018,MSY,LA,ASW,CE,Combined TRACON& Tower with Radar,335,12,26,1,374,0,2,5,0,7,335,14,31,1,381,0,0,0,381
11/27/2018,MSY,LA,ASW,CE,Combined TRACON& Tower with Radar,328,20,26,0,374,0,25,2,5,32,328,45,28,5,406,0,0,0,406
11/28/2018,MSY,LA,ASW,CE,Combined TRACON& Tower with Radar,316,23,24,0,363,0,17,9,0,26,316,40,33,0,389,0,0,0,389
11/29/2018,MSY,LA,ASW,CE,Combined TRACON& Tower with Radar,326,17,32,0,375,0,15,0,0,15,326,32,32,0,390,0,0,0,390
11/30/2018,MSY,LA,ASW,CE,Combined TRACON& Tower with Radar,330,45,27,0,402,0,19,2,0,21,330,64,29,0,423,0,0,0,423
12/01/2018,MSY,LA,ASW,CE,Combined TRACON& Tower with Radar,276,17,23,1,317,0,3,3,0,6,276,20,26,1,323,0,0,0,323
12/02/2018,MSY,LA,ASW,CE,Combined TRACON& Tower with Radar,326,18,18,6,368,0,12,9,0,21,326,30,27,6,389,0,0,0,389
12/03/2018,MSY,LA,ASW,CE,Combined TRACON& Tower with Radar,321,9,12,1,343,0,4,0,0,4,321,13,12,1,347,0,0,0,347
12/04/2018,MSY,LA,ASW,CE,Combined TRACON& Tower with Radar,300,10,14,6,330,0,23,35,2,60,300,33,49,8,390,0,0,0,390
12/05/2018,MSY,LA,ASW,CE,Combined TRACON& Tower with Radar,301,11,33,0,345,0,6,5,1,12,301,17,38,1,357,0,0,0,357
12/06/2018,MSY,LA,ASW,CE,Combined TRACON& Tower with Radar,327,14,33,0,374,0,15,9,11,35,327,29,42,11,409,0,0,0,409
12/07/2018,MSY,LA,ASW,CE,Combined TRACON& Tower with Radar,330,13,27,1,371,0,18,7,1,26,330,31,34,2,397,0,0,0,397
12/08/2018,MSY,LA,ASW,CE,Combined TRACON& Tower with Radar,279,10,7,0,296,0,0,0,0,0,279,10,7,0,296,0,0,0,296
12/09/2018,MSY,LA,ASW,CE,Combined TRACON& Tower with Radar,316,13,27,3,359,0,6,1,1,8,316,19,28,4,367,0,0,0,367
12/10/2018,MSY,LA,ASW,CE,Combined TRACON& Tower with Radar,318,15,38,5,376,0,10,7,0,17,318,25,45,5,393,0,0,0,393
12/11/2018,MSY,LA,ASW,CE,Combined TRACON& Tower with Radar,310,18,33,3,364,0,16,7,2,25,310,34,40,5,389,0,0,0,389
12/12/2018,MSY,LA,ASW,CE,Combined TRACON& Tower with Radar,307,21,36,0,364,0,9,11,3,23,307,30,47,3,387,0,0,0,387
12/13/2018,MSY,LA,ASW,CE,Combined TRACON& Tower with Radar,330,21,28,0,379,0,5,0,0,5,330,26,28,0,384,0,0,0,384
12/14/2018,MSY,LA,ASW,CE,Combined TRACON& Tower with Radar,323,12,20,1,356,0,0,3,0,3,323,12,23,1,359,0,0,0,359
12/15/2018,MSY,LA,ASW,CE,Combined TRACON& Tower with Radar,292,10,25,0,327,0,5,3,0,8,292,15,28,0,335,0,0,0,335
12/16/2018,MSY,LA,ASW,CE,Combined TRACON& Tower with Radar,336,16,19,0,371,0,6,11,0,17,336,22,30,0,388,0,0,0,388
12/17/2018,MSY,LA,ASW,CE,Combined TRACON& Tower with Radar,319,5,23,0,347,0,16,3,2,21,319,21,26,2,368,0,0,0,368
12/18/2018,MSY,LA,ASW,CE,Combined TRACON& Tower with Radar,313,13,20,0,346,0,16,11,0,27,313,29,31,0,373,0,0,0,373
12/19/2018,MSY,LA,ASW,CE,Combined TRACON& Tower with Radar,320,24,36,0,380,0,0,2,2,4,320,24,38,2,384,0,0,0,384
12/20/2018,MSY,LA,ASW,CE,Combined TRACON& Tower with Radar,334,15,33,4,386,0,1,3,0,4,334,16,36,4,390,0,0,0,390
12/21/2018,MSY,LA,ASW,CE,Combined TRACON& Tower with Radar,334,15,23,0,372,0,3,7,0,10,334,18,30,0,382,0,0,0,382
12/22/2018,MSY,LA,ASW,CE,Combined TRACON& Tower with Radar,336,16,20,0,372,0,8,6,0,14,336,24,26,0,386,0,0,0,386
12/23/2018,MSY,LA,ASW,CE,Combined TRACON& Tower with Radar,332,13,14,0,359,0,4,11,0,15,332,17,25,0,374,0,0,0,374
12/24/2018,MSY,LA,ASW,CE,Combined TRACON& Tower with Radar,277,10,3,0,290,0,3,3,0,6,277,13,6,0,296,0,0,0,296
12/25/2018,MSY,LA,ASW,CE,Combined TRACON& Tower with Radar,257,6,3,0,266,0,0,4,0,4,257,6,7,0,270,0,0,0,270
12/26/2018,MSY,LA,ASW,CE,Combined TRACON& Tower with Radar,317,16,29,0,362,0,5,4,0,9,317,21,33,0,371,0,0,0,371
12/27/2018,MSY,LA,ASW,CE,Combined TRACON& Tower with Radar,339,17,12,0,368,0,4,0,0,4,339,21,12,0,372,0,0,0,372
12/28/2018,MSY,LA,ASW,CE,Combined TRACON& Tower with Radar,334,25,23,0,382,0,4,1,0,5,334,29,24,0,387,0,0,0,387
12/29/2018,MSY,LA,ASW,CE,Combined TRACON& Tower with Radar,318,24,21,0,363,0,0,1,0,1,318,24,22,0,364,0,0,0,364
12/30/2018,MSY,LA,ASW,CE,Combined TRACON& Tower with Radar,335,28,47,0,410,0,0,0,0,0,335,28,47,0,410,0,0,0,410
12/31/2018,MSY,LA,ASW,CE,Combined TRACON& Tower with Radar,284,10,20,0,314,0,7,0,0,7,284,17,20,0,321,0,0,0,321
01/01/2019,MSY,LA,ASW,CE,Combined TRACON& Tower with Radar,303,21,16,0,340,0,0,0,0,0,303,21,16,0,340,0,0,0,340
01/02/2019,MSY,LA,ASW,CE,Combined TRACON& Tower with Radar,332,50,70,1,453,0,0,0,0,0,332,50,70,1,453,0,0,0,453
01/03/2019,MSY,LA,ASW,CE,Combined TRACON& Tower with Radar,316,16,26,3,361,0,2,1,0,3,316,18,27,3,364,0,0,0,364
01/04/2019,MSY,LA,ASW,CE,Combined TRACON& Tower with Radar,318,17,14,2,351,0,10,5,2,17,318,27,19,4,368,0,0,0,368
01/05/2019,MSY,LA,ASW,CE,Combined TRACON& Tower with Radar,283,19,13,0,315,0,8,6,3,17,283,27,19,3,332,0,0,0,332
01/06/2019,MSY,LA,ASW,CE,Combined TRACON& Tower with Radar,337,13,20,7,377,0,2,7,0,9,337,15,27,7,386,0,0,0,386
01/07/2019,MSY,LA,ASW,CE,Combined TRACON& Tower with Radar,320,12,9,0,341,0,18,1,0,19,320,30,10,0,360,0,0,0,360
01/08/2019,MSY,LA,ASW,CE,Combined TRACON& Tower with Radar,309,17,28,0,354,0,14,8,2,24,309,31,36,2,378,0,0,0,378
01/09/2019,MSY,LA,ASW,CE,Combined TRACON& Tower with Radar,315,8,18,3,344,0,23,6,2,31,315,31,24,5,375,0,0,0,375
01/10/2019,MSY,LA,ASW,CE,Combined TRACON& Tower with Radar,320,11,29,0,360,0,20,4,5,29,320,31,33,5,389,0,0,0,389
01/11/2019,MSY,LA,ASW,CE,Combined TRACON& Tower with Radar,331,12,20,1,364,0,15,9,1,25,331,27,29,2,389,0,0,0,389
01/12/2019,MSY,LA,ASW,CE,Combined TRACON& Tower with Radar,279,6,18,0,303,0,2,3,0,5,279,8,21,0,308,0,0,0,308
01/13/2019,MSY,LA,ASW,CE,Combined TRACON& Tower with Radar,323,17,32,1,373,0,5,11,0,16,323,22,43,1,389,0,0,0,389
01/14/2019,MSY,LA,ASW,CE,Combined TRACON& Tower with Radar,321,13,33,7,374,0,15,8,1,24,321,28,41,8,398,0,0,0,398
01/15/2019,MSY,LA,ASW,CE,Combined TRACON& Tower with Radar,302,6,29,1,338,0,18,3,0,21,302,24,32,1,359,0,0,0,359
01/16/2019,MSY,LA,ASW,CE,Combined TRACON& Tower with Radar,315,5,24,2,346,0,21,3,3,27,315,26,27,5,373,0,0,0,373
01/17/2019,MSY,LA,ASW,CE,Combined TRACON& Tower with Radar,324,16,24,4,368,0,4,2,0,6,324,20,26,4,374,0,0,0,374
01/18/2019,MSY,LA,ASW,CE,Combined TRACON& Tower with Radar,327,24,48,5,404,0,0,1,0,1,327,24,49,5,405,0,0,0,405
01/19/2019,MSY,LA,ASW,CE,Combined TRACON& Tower with Radar,264,18,18,2,302,0,0,3,0,3,264,18,21,2,305,0,0,0,305
01/20/2019,MSY,LA,ASW,CE,Combined TRACON& Tower with Radar,312,34,44,2,392,0,2,8,0,10,312,36,52,2,402,0,0,0,402
01/21/2019,MSY,LA,ASW,CE,Combined TRACON& Tower with Radar,318,9,42,0,369,0,1,12,0,13,318,10,54,0,382,0,0,0,382
01/22/2019,MSY,LA,ASW,CE,Combined TRACON& Tower with Radar,305,12,15,0,332,0,15,1,0,16,305,27,16,0,348,0,0,0,348
01/23/2019,MSY,LA,ASW,CE,Combined TRACON& Tower with Radar,316,12,26,1,355,0,2,0,1,3,316,14,26,2,358,0,0,0,358
01/24/2019,MSY,LA,ASW,CE,Combined TRACON& Tower with Radar,326,10,29,3,368,0,14,5,0,19,326,24,34,3,387,0,0,0,387
01/25/2019,MSY,LA,ASW,CE,Combined TRACON& Tower with Radar,331,6,26,3,366,0,14,9,0,23,331,20,35,3,389,0,0,0,389
01/26/2019,MSY,LA,ASW,CE,Combined TRACON& Tower with Radar,280,2,13,0,295,0,6,15,1,22,280,8,28,1,317,0,0,0,317
01/27/2019,MSY,LA,ASW,CE,Combined TRACON& Tower with Radar,322,9,15,3,349,0,0,6,8,14,322,9,21,11,363,0,0,0,363
01/28/2019,MSY,LA,ASW,CE,Combined TRACON& Tower with Radar,310,7,21,0,338,0,15,5,4,24,310,22,26,4,362,0,0,0,362
01/29/2019,MSY,LA,ASW,CE,Combined TRACON& Tower with Radar,292,6,24,0,322,0,1,3,7,11,292,7,27,7,333,0,0,0,333
01/30/2019,MSY,LA,ASW,CE,Combined TRACON& Tower with Radar,297,14,36,7,354,0,22,3,1,26,297,36,39,8,380,0,0,0,380
01/31/2019,MSY,LA,ASW,CE,Combined TRACON& Tower with Radar,305,13,18,2,338,0,19,8,0,27,305,32,26,2,365,0,0,0,365
02/01/2019,MSY,LA,ASW,CE,Combined TRACON& Tower with Radar,324,16,36,1,377,0,5,0,0,5,324,21,36,1,382,0,0,0,382
02/02/2019,MSY,LA,ASW,CE,Combined TRACON& Tower with Radar,268,8,15,1,292,0,1,3,0,4,268,9,18,1,296,0,0,0,296
02/03/2019,MSY,LA,ASW,CE,Combined TRACON& Tower with Radar,296,11,15,1,323,0,1,4,0,5,296,12,19,1,328,0,0,0,328
02/04/2019,MSY,LA,ASW,CE,Combined TRACON& Tower with Radar,323,13,42,0,378,0,0,0,0,0,323,13,42,0,378,0,0,0,378
02/05/2019,MSY,LA,ASW,CE,Combined TRACON& Tower with Radar,310,8,24,0,342,0,1,1,0,2,310,9,25,0,344,0,0,0,344
02/06/2019,MSY,LA,ASW,CE,Combined TRACON& Tower with Radar,307,19,25,0,351,0,0,2,0,2,307,19,27,0,353,0,0,0,353
02/07/2019,MSY,LA,ASW,CE,Combined TRACON& Tower with Radar,330,15,24,0,369,0,3,1,1,5,330,18,25,1,374,0,0,0,374
02/08/2019,MSY,LA,ASW,CE,Combined TRACON& Tower with Radar,333,15,24,6,378,0,2,3,1,6,333,17,27,7,384,0,0,0,384
02/09/2019,MSY,LA,ASW,CE,Combined TRACON& Tower with Radar,292,4,14,3,313,0,3,5,1,9,292,7,19,4,322,0,0,0,322
02/10/2019,MSY,LA,ASW,CE,Combined TRACON& Tower with Radar,338,14,18,1,371,0,2,2,0,4,338,16,20,1,375,0,0,0,375
02/11/2019,MSY,LA,ASW,CE,Combined TRACON& Tower with Radar,333,18,21,3,375,0,0,2,0,2,333,18,23,3,377,0,0,0,377
02/12/2019,MSY,LA,ASW,CE,Combined TRACON& Tower with Radar,296,7,19,0,322,0,4,1,0,5,296,11,20,0,327,0,0,0,327
02/13/2019,MSY,LA,ASW,CE,Combined TRACON& Tower with Radar,324,14,23,1,362,0,15,6,0,21,324,29,29,1,383,0,0,0,383
02/14/2019,MSY,LA,ASW,CE,Combined TRACON& Tower with Radar,339,10,29,3,381,0,16,7,1,24,339,26,36,4,405,0,0,0,405
02/15/2019,MSY,LA,ASW,CE,Combined TRACON& Tower with Radar,348,16,32,3,399,0,6,6,1,13,348,22,38,4,412,0,0,0,412
02/16/2019,MSY,LA,ASW,CE,Combined TRACON& Tower with Radar,298,11,18,4,331,0,2,7,0,9,298,13,25,4,340,0,0,0,340
02/17/2019,MSY,LA,ASW,CE,Combined TRACON& Tower with Radar,343,11,15,2,371,0,1,3,1,5,343,12,18,3,376,0,0,0,376
02/18/2019,MSY,LA,ASW,CE,Combined TRACON& Tower with Radar,329,16,40,5,390,0,6,5,0,11,329,22,45,5,401,0,0,0,401
02/19/2019,MSY,LA,ASW,CE,Combined TRACON& Tower with Radar,332,4,27,4,367,0,0,0,1,1,332,4,27,5,368,0,0,0,368
02/20/2019,MSY,LA,ASW,CE,Combined TRACON& Tower with Radar,318,24,32,0,374,0,0,1,0,1,318,24,33,0,375,0,0,0,375
02/21/2019,MSY,LA,ASW,CE,Combined TRACON& Tower with Radar,348,13,18,2,381,0,0,2,0,2,348,13,20,2,383,0,0,0,383
02/22/2019,MSY,LA,ASW,CE,Combined TRACON& Tower with Radar,350,16,27,2,395,0,0,4,0,4,350,16,31,2,399,0,0,0,399
02/23/2019,MSY,LA,ASW,CE,Combined TRACON& Tower with Radar,293,5,10,0,308,0,0,1,0,1,293,5,11,0,309,0,0,0,309
02/24/2019,MSY,LA,ASW,CE,Combined TRACON& Tower with Radar,355,15,16,0,386,0,0,14,0,14,355,15,30,0,400,0,0,0,400
02/25/2019,MSY,LA,ASW,CE,Combined TRACON& Tower with Radar,338,10,26,0,374,0,2,1,0,3,338,12,27,0,377,0,0,0,377
02/26/2019,MSY,LA,ASW,CE,Combined TRACON& Tower with Radar,325,4,18,4,351,0,8,2,2,12,325,12,20,6,363,0,0,0,363
02/27/2019,MSY,LA,ASW,CE,Combined TRACON& Tower with Radar,341,5,33,1,380,0,7,4,4,15,341,12,37,5,395,0,0,0,395
02/28/2019,MSY,LA,ASW,CE,Combined TRACON& Tower with Radar,360,19,43,0,422,0,0,0,0,0,360,19,43,0,422,0,0,0,422
03/01/2019,MSY,LA,ASW,CE,Combined TRACON& Tower with Radar,363,12,33,2,410,0,4,0,2,6,363,16,33,4,416,0,0,0,416
03/02/2019,MSY,LA,ASW,CE,Combined TRACON& Tower with Radar,319,5,13,1,338,0,2,0,0,2,319,7,13,1,340,0,0,0,340
03/03/2019,MSY,LA,ASW,CE,Combined TRACON& Tower with Radar,360,16,27,0,403,0,1,0,0,1,360,17,27,0,404,0,0,0,404
03/04/2019,MSY,LA,ASW,CE,Combined TRACON& Tower with Radar,350,20,28,0,398,0,6,0,2,8,350,26,28,2,406,0,0,0,406
03/05/2019,MSY,LA,ASW,CE,Combined TRACON& Tower with Radar,350,11,15,0,376,0,1,2,0,3,350,12,17,0,379,0,0,0,379
03/06/2019,MSY,LA,ASW,CE,Combined TRACON& Tower with Radar,355,19,22,0,396,0,16,6,0,22,355,35,28,0,418,0,0,0,418
03/07/2019,MSY,LA,ASW,CE,Combined TRACON& Tower with Radar,352,12,19,0,383,0,15,8,0,23,352,27,27,0,406,0,0,0,406
03/08/2019,MSY,LA,ASW,CE,Combined TRACON& Tower with Radar,366,16,24,1,407,0,14,3,4,21,366,30,27,5,428,0,0,0,428
03/09/2019,MSY,LA,ASW,CE,Combined TRACON& Tower with Radar,339,21,13,0,373,0,0,1,0,1,339,21,14,0,374,0,0,0,374
03/10/2019,MSY,LA,ASW,CE,Combined TRACON& Tower with Radar,378,23,32,0,433,0,2,6,1,9,378,25,38,1,442,0,0,0,442
03/11/2019,MSY,LA,ASW,CE,Combined TRACON& Tower with Radar,355,7,29,6,397,0,0,3,1,4,355,7,32,7,401,0,0,0,401
03/12/2019,MSY,LA,ASW,CE,Combined TRACON& Tower with Radar,338,3,23,0,364,0,0,4,0,4,338,3,27,0,368,0,0,0,368
03/13/2019,MSY,LA,ASW,CE,Combined TRACON& Tower with Radar,333,19,38,2,392,0,4,10,0,14,333,23,48,2,406,0,0,0,406
03/14/2019,MSY,LA,ASW,CE,Combined TRACON& Tower with Radar,338,17,32,0,387,0,2,0,0,2,338,19,32,0,389,0,0,0,389
03/15/2019,MSY,LA,ASW,CE,Combined TRACON& Tower with Radar,353,18,30,0,401,0,0,4,2,6,353,18,34,2,407,0,0,0,407
03/16/2019,MSY,LA,ASW,CE,Combined TRACON& Tower with Radar,320,4,15,0,339,0,0,2,0,2,320,4,17,0,341,0,0,0,341
03/17/2019,MSY,LA,ASW,CE,Combined TRACON& Tower with Radar,358,18,28,0,404,0,8,4,0,12,358,26,32,0,416,0,0,0,416
03/18/2019,MSY,LA,ASW,CE,Combined TRACON& Tower with Radar,354,10,26,1,391,0,13,7,6,26,354,23,33,7,417,0,0,0,417
03/19/2019,MSY,LA,ASW,CE,Combined TRACON& Tower with Radar,331,8,29,3,371,0,10,13,0,23,331,18,42,3,394,0,0,0,394
03/20/2019,MSY,LA,ASW,CE,Combined TRACON& Tower with Radar,335,15,20,1,371,0,18,11,6,35,335,33,31,7,406,0,0,0,406
03/21/2019,MSY,LA,ASW,CE,Combined TRACON& Tower with Radar,357,19,32,11,419,0,13,10,0,23,357,32,42,11,442,0,0,0,442
03/22/2019,MSY,LA,ASW,CE,Combined TRACON& Tower with Radar,347,8,25,4,384,0,16,17,1,34,347,24,42,5,418,0,0,0,418
03/23/2019,MSY,LA,ASW,CE,Combined TRACON& Tower with Radar,330,9,9,0,348,0,9,16,2,27,330,18,25,2,375,0,0,0,375
03/24/2019,MSY,LA,ASW,CE,Combined TRACON& Tower with Radar,361,14,27,0,402,0,3,2,0,5,361,17,29,0,407,0,0,0,407
03/25/2019,MSY,LA,ASW,CE,Combined TRACON& Tower with Radar,356,17,39,3,415,0,4,7,1,12,356,21,46,4,427,0,0,0,427
03/26/2019,MSY,LA,ASW,CE,Combined TRACON& Tower with Radar,330,11,31,1,373,0,20,9,1,30,330,31,40,2,403,0,0,0,403
03/27/2019,MSY,LA,ASW,CE,Combined TRACON& Tower with Radar,337,15,18,2,372,0,19,6,6,31,337,34,24,8,403,0,0,0,403
03/28/2019,MSY,LA,ASW,CE,Combined TRACON& Tower with Radar,349,14,27,0,390,0,17,5,0,22,349,31,32,0,412,0,0,0,412
03/29/2019,MSY,LA,ASW,CE,Combined TRACON& Tower with Radar,352,20,29,0,401,0,20,11,0,31,352,40,40,0,432,0,0,0,432
03/30/2019,MSY,LA,ASW,CE,Combined TRACON& Tower with Radar,329,9,18,4,360,0,2,4,0,6,329,11,22,4,366,0,0,0,366
03/31/2019,MSY,LA,ASW,CE,Combined TRACON& Tower with Radar,375,18,21,0,414,0,2,1,0,3,375,20,22,0,417,0,0,0,417
04/01/2019,MSY,LA,ASW,CE,Combined TRACON& Tower with Radar,349,12,21,0,382,0,16,7,6,29,349,28,28,6,411,0,0,0,411
04/02/2019,MSY,LA,ASW,CE,Combined TRACON& Tower with Radar,341,8,26,3,378,0,16,6,0,22,341,24,32,3,400,0,0,0,400
04/03/2019,MSY,LA,ASW,CE,Combined TRACON& Tower with Radar,340,9,37,3,389,0,22,10,1,33,340,31,47,4,422,0,0,0,422
04/04/2019,MSY,LA,ASW,CE,Combined TRACON& Tower with Radar,353,13,23,1,390,0,2,0,0,2,353,15,23,1,392,0,0,0,392
04/05/2019,MSY,LA,ASW,CE,Combined TRACON& Tower with Radar,355,32,26,1,414,0,0,0,0,0,355,32,26,1,414,0,0,0,414
04/06/2019,MSY,LA,ASW,CE,Combined TRACON& Tower with Radar,321,8,20,0,349,0,4,2,0,6,321,12,22,0,355,0,0,0,355
04/07/2019,MSY,LA,ASW,CE,Combined TRACON& Tower with Radar,354,15,23,1,393,0,2,0,0,2,354,17,23,1,395,0,0,0,395
04/08/2019,MSY,LA,ASW,CE,Combined TRACON& Tower with Radar,358,9,32,0,399,0,4,1,0,5,358,13,33,0,404,0,0,0,404
04/09/2019,MSY,LA,ASW,CE,Combined TRACON& Tower with Radar,344,12,25,1,382,0,14,6,0,20,344,26,31,1,402,0,0,0,402
04/10/2019,MSY,LA,ASW,CE,Combined TRACON& Tower with Radar,339,13,29,3,384,0,14,3,0,17,339,27,32,3,401,0,0,0,401
04/11/2019,MSY,LA,ASW,CE,Combined TRACON& Tower with Radar,357,8,34,0,399,0,17,3,1,21,357,25,37,1,420,0,0,0,420
04/12/2019,MSY,LA,ASW,CE,Combined TRACON& Tower with Radar,357,16,25,2,400,0,12,2,0,14,357,28,27,2,414,0,0,0,414
04/13/2019,MSY,LA,ASW,CE,Combined TRACON& Tower with Radar,313,11,19,2,345,0,0,0,0,0,313,11,19,2,345,0,0,0,345
04/14/2019,MSY,LA,ASW,CE,Combined TRACON& Tower with Radar,349,15,39,0,403,0,6,5,0,11,349,21,44,0,414,0,0,0,414
04/15/2019,MSY,LA,ASW,CE,Combined TRACON& Tower with Radar,361,15,27,0,403,0,4,8,1,13,361,19,35,1,416,0,0,0,416
04/16/2019,MSY,LA,ASW,CE,Combined TRACON& Tower with Radar,351,16,27,2,396,0,11,3,1,15,351,27,30,3,411,0,0,0,411
04/17/2019,MSY,LA,ASW,CE,Combined TRACON& Tower with Radar,342,8,26,4,380,0,11,1,0,12,342,19,27,4,392,0,0,0,392
04/18/2019,MSY,LA,ASW,CE,Combined TRACON& Tower with Radar,363,12,22,3,400,0,0,0,0,0,363,12,22,3,400,0,0,0,400
04/19/2019,MSY,LA,ASW,CE,Combined TRACON& Tower with Radar,329,10,17,1,357,0,4,8,0,12,329,14,25,1,369,0,0,0,369
04/20/2019,MSY,LA,ASW,CE,Combined TRACON& Tower with Radar,320,11,18,0,349,0,0,7,0,7,320,11,25,0,356,0,0,0,356
04/21/2019,MSY,LA,ASW,CE,Combined TRACON& Tower with Radar,359,12,13,0,384,0,5,3,2,10,359,17,16,2,394,0,0,0,394
04/22/2019,MSY,LA,ASW,CE,Combined TRACON& Tower with Radar,345,19,41,5,410,0,14,10,2,26,345,33,51,7,436,0,0,0,436
04/23/2019,MSY,LA,ASW,CE,Combined TRACON& Tower with Radar,352,24,26,0,402,0,14,14,0,28,352,38,40,0,430,0,0,0,430
04/24/2019,MSY,LA,ASW,CE,Combined TRACON& Tower with Radar,345,16,28,3,392,0,11,14,7,32,345,27,42,10,424,0,0,0,424
04/25/2019,MSY,LA,ASW,CE,Combined TRACON& Tower with Radar,368,11,27,0,406,0,0,9,0,9,368,11,36,0,415,0,0,0,415
04/26/2019,MSY,LA,ASW,CE,Combined TRACON& Tower with Radar,350,11,33,3,397,0,25,12,0,37,350,36,45,3,434,0,0,0,434
04/27/2019,MSY,LA,ASW,CE,Combined TRACON& Tower with Radar,313,22,9,0,344,0,5,5,0,10,313,27,14,0,354,0,0,0,354
04/28/2019,MSY,LA,ASW,CE,Combined TRACON& Tower with Radar,365,35,27,2,429,0,2,2,2,6,365,37,29,4,435,0,0,0,435
04/29/2019,MSY,LA,ASW,CE,Combined TRACON& Tower with Radar,351,5,20,1,377,0,15,3,2,20,351,20,23,3,397,0,0,0,397
04/30/2019,MSY,LA,ASW,CE,Combined TRACON& Tower with Radar,339,8,18,6,371,0,19,10,0,29,339,27,28,6,400,0,0,0,400
05/01/2019,MSY,LA,ASW,CE,Combined TRACON& Tower with Radar,352,18,29,2,401,0,14,7,0,21,352,32,36,2,422,0,0,0,422
05/02/2019,MSY,LA,ASW,CE,Combined TRACON& Tower with Radar,370,26,39,1,436,0,16,3,1,20,370,42,42,2,456,0,0,0,456
05/03/2019,MSY,LA,ASW,CE,Combined TRACON& Tower with Radar,366,20,24,1,411,0,2,5,0,7,366,22,29,1,418,0,0,0,418
05/04/2019,MSY,LA,ASW,CE,Combined TRACON& Tower with Radar,306,11,16,0,333,0,0,2,0,2,306,11,18,0,335,0,0,0,335
05/05/2019,MSY,LA,ASW,CE,Combined TRACON& Tower with Radar,378,15,32,0,425,0,2,3,0,5,378,17,35,0,430,0,0,0,430
05/06/2019,MSY,LA,ASW,CE,Combined TRACON& Tower with Radar,364,12,33,4,413,0,17,4,3,24,364,29,37,7,437,0,0,0,437
05/07/2019,MSY,LA,ASW,CE,Combined TRACON& Tower with Radar,359,9,31,0,399,0,23,3,3,29,359,32,34,3,428,0,0,0,428
05/08/2019,MSY,LA,ASW,CE,Combined TRACON& Tower with Radar,354,13,17,3,387,0,6,4,2,12,354,19,21,5,399,0,0,0,399
05/09/2019,MSY,LA,ASW,CE,Combined TRACON& Tower with Radar,365,8,28,0,401,0,6,6,1,13,365,14,34,1,414,0,0,0,414
05/10/2019,MSY,LA,ASW,CE,Combined TRACON& Tower with Radar,374,11,22,0,407,0,5,8,0,13,374,16,30,0,420,0,0,0,420
05/11/2019,MSY,LA,ASW,CE,Combined TRACON& Tower with Radar,302,10,11,2,325,0,0,3,0,3,302,10,14,2,328,0,0,0,328
05/12/2019,MSY,LA,ASW,CE,Combined TRACON& Tower with Radar,356,5,13,0,374,0,3,1,0,4,356,8,14,0,378,0,0,0,378
05/13/2019,MSY,LA,ASW,CE,Combined TRACON& Tower with Radar,358,11,31,4,404,1,11,3,0,15,359,22,34,4,419,0,0,0,419
05/14/2019,MSY,LA,ASW,CE,Combined TRACON& Tower with Radar,353,7,16,5,381,0,20,4,16,40,353,27,20,21,421,0,0,0,421
05/15/2019,MSY,LA,ASW,CE,Combined TRACON& Tower with Radar,355,9,23,3,390,0,6,31,0,37,355,15,54,3,427,0,0,0,427
05/16/2019,MSY,LA,ASW,CE,Combined TRACON& Tower with Radar,354,9,31,0,394,0,14,12,0,26,354,23,43,0,420,0,0,0,420
05/17/2019,MSY,LA,ASW,CE,Combined TRACON& Tower with Radar,366,20,13,0,399,0,19,13,4,36,366,39,26,4,435,0,0,0,435
05/18/2019,MSY,LA,ASW,CE,Combined TRACON& Tower with Radar,298,16,9,0,323,0,0,3,1,4,298,16,12,1,327,0,0,0,327
05/19/2019,MSY,LA,ASW,CE,Combined TRACON& Tower with Radar,355,21,27,0,403,0,0,2,0,2,355,21,29,0,405,0,0,0,405
05/20/2019,MSY,LA,ASW,CE,Combined TRACON& Tower with Radar,360,15,23,16,414,0,17,6,3,26,360,32,29,19,440,0,0,0,440
05/21/2019,MSY,LA,ASW,CE,Combined TRACON& Tower with Radar,350,6,28,0,384,0,17,5,3,25,350,23,33,3,409,0,0,0,409
05/22/2019,MSY,LA,ASW,CE,Combined TRACON& Tower with Radar,355,14,30,4,403,0,16,1,0,17,355,30,31,4,420,0,0,0,420
05/23/2019,MSY,LA,ASW,CE,Combined TRACON& Tower with Radar,363,21,19,2,405,0,16,4,1,21,363,37,23,3,426,0,0,0,426
05/24/2019,MSY,LA,ASW,CE,Combined TRACON& Tower with Radar,369,15,28,0,412,0,10,8,0,18,369,25,36,0,430,0,0,0,430
05/25/2019,MSY,LA,ASW,CE,Combined TRACON& Tower with Radar,305,5,15,0,325,0,2,6,0,8,305,7,21,0,333,0,0,0,333
05/26/2019,MSY,LA,ASW,CE,Combined TRACON& Tower with Radar,309,8,7,0,324,0,1,4,0,5,309,9,11,0,329,0,0,0,329
05/27/2019,MSY,LA,ASW,CE,Combined TRACON& Tower with Radar,347,18,21,2,388,0,3,5,1,9,347,21,26,3,397,0,0,0,397
05/28/2019,MSY,LA,ASW,CE,Combined TRACON& Tower with Radar,346,4,23,2,375,0,14,5,2,21,346,18,28,4,396,0,0,0,396
05/29/2019,MSY,LA,ASW,CE,Combined TRACON& Tower with Radar,329,7,24,0,360,0,22,5,1,28,329,29,29,1,388,0,0,0,388
05/30/2019,MSY,LA,ASW,CE,Combined TRACON& Tower with Radar,360,6,18,1,385,0,20,11,1,32,360,26,29,2,417,0,0,0,417
05/31/2019,MSY,LA,ASW,CE,Combined TRACON& Tower with Radar,365,15,33,1,414,0,14,4,1,19,365,29,37,2,433,0,0,0,433
06/01/2019,MSY,LA,ASW,CE,Combined TRACON& Tower with Radar,302,8,13,0,323,0,4,4,1,9,302,12,17,1,332,0,0,0,332
06/02/2019,MSY,LA,ASW,CE,Combined TRACON& Tower with Radar,362,11,13,2,388,0,4,7,1,12,362,15,20,3,400,0,0,0,400
06/03/2019,MSY,LA,ASW,CE,Combined TRACON& Tower with Radar,366,9,20,1,396,0,14,14,0,28,366,23,34,1,424,0,0,0,424
06/04/2019,MSY,LA,ASW,CE,Combined TRACON& Tower with Radar,351,5,23,0,379,0,21,3,0,24,351,26,26,0,403,0,0,0,403
06/05/2019,MSY,LA,ASW,CE,Combined TRACON& Tower with Radar,350,19,28,0,397,0,0,6,0,6,350,19,34,0,403,0,0,0,403
06/06/2019,MSY,LA,ASW,CE,Combined TRACON& Tower with Radar,344,17,22,2,385,0,0,2,0,2,344,17,24,2,387,0,0,0,387
06/07/2019,MSY,LA,ASW,CE,Combined TRACON& Tower with Radar,357,10,17,6,390,0,0,1,0,1,357,10,18,6,391,0,0,0,391
06/08/2019,MSY,LA,ASW,CE,Combined TRACON& Tower with Radar,296,8,13,4,321,0,3,9,0,12,296,11,22,4,333,0,0,0,333
06/09/2019,MSY,LA,ASW,CE,Combined TRACON& Tower with Radar,337,3,22,6,368,0,2,6,0,8,337,5,28,6,376,0,0,0,376
06/10/2019,MSY,LA,ASW,CE,Combined TRACON& Tower with Radar,342,8,29,0,379,0,9,8,1,18,342,17,37,1,397,0,0,0,397
06/11/2019,MSY,LA,ASW,CE,Combined TRACON& Tower with Radar,343,5,24,1,373,0,14,3,1,18,343,19,27,2,391,0,0,0,391
06/12/2019,MSY,LA,ASW,CE,Combined TRACON& Tower with Radar,344,5,20,0,369,0,14,4,2,20,344,19,24,2,389,0,0,0,389
06/13/2019,MSY,LA,ASW,CE,Combined TRACON& Tower with Radar,347,6,40,0,393,0,9,5,2,16,347,15,45,2,409,0,0,0,409
06/14/2019,MSY,LA,ASW,CE,Combined TRACON& Tower with Radar,346,9,15,0,370,0,14,2,6,22,346,23,17,6,392,0,0,0,392
06/15/2019,MSY,LA,ASW,CE,Combined TRACON& Tower with Radar,287,10,7,0,304,0,4,0,0,4,287,14,7,0,308,0,0,0,308
06/16/2019,MSY,LA,ASW,CE,Combined TRACON& Tower with Radar,326,9,20,0,355,0,5,5,1,11,326,14,25,1,366,0,0,0,366
06/17/2019,MSY,LA,ASW,CE,Combined TRACON& Tower with Radar,348,11,20,0,379,0,0,2,0,2,348,11,22,0,381,0,0,0,381
06/18/2019,MSY,LA,ASW,CE,Combined TRACON& Tower with Radar,335,9,14,0,358,0,0,1,2,3,335,9,15,2,361,0,0,0,361
06/19/2019,MSY,LA,ASW,CE,Combined TRACON& Tower with Radar,327,9,25,0,361,0,21,10,4,35,327,30,35,4,396,0,0,0,396
06/20/2019,MSY,LA,ASW,CE,Combined TRACON& Tower with Radar,350,15,30,1,396,0,16,11,1,28,350,31,41,2,424,0,0,0,424
06/21/2019,MSY,LA,ASW,CE,Combined TRACON& Tower with Radar,345,19,22,2,388,0,18,11,0,29,345,37,33,2,417,0,0,0,417
06/22/2019,MSY,LA,ASW,CE,Combined TRACON& Tower with Radar,288,2,12,0,302,0,3,2,0,5,288,5,14,0,307,0,0,0,307
06/23/2019,MSY,LA,ASW,CE,Combined TRACON& Tower with Radar,322,11,18,1,352,0,2,5,0,7,322,13,23,1,359,0,0,0,359
06/24/2019,MSY,LA,ASW,CE,Combined TRACON& Tower with Radar,338,16,30,0,384,0,3,7,0,10,338,19,37,0,394,0,0,0,394
06/25/2019,MSY,LA,ASW,CE,Combined TRACON& Tower with Radar,344,15,25,0,384,0,19,6,0,25,344,34,31,0,409,0,0,0,409
06/26/2019,MSY,LA,ASW,CE,Combined TRACON& Tower with Radar,336,12,29,0,377,0,19,3,3,25,336,31,32,3,402,0,0,0,402
06/27/2019,MSY,LA,ASW,CE,Combined TRACON& Tower with Radar,351,11,18,0,380,0,19,4,0,23,351,30,22,0,403,0,0,0,403
06/28/2019,MSY,LA,ASW,CE,Combined TRACON& Tower with Radar,343,9,19,0,371,0,16,1,1,18,343,25,20,1,389,0,0,0,389
06/29/2019,MSY,LA,ASW,CE,Combined TRACON& Tower with Radar,282,12,17,1,312,0,4,7,1,12,282,16,24,2,324,0,0,0,324
06/30/2019,MSY,LA,ASW,CE,Combined TRACON& Tower with Radar,328,15,25,0,368,0,4,11,2,17,328,19,36,2,385,0,0,0,385
07/01/2019,MSY,LA,ASW,CE,Combined TRACON& Tower with Radar,327,10,19,4,360,0,20,5,1,26,327,30,24,5,386,0,0,0,386
07/02/2019,MSY,LA,ASW,CE,Combined TRACON& Tower with Radar,322,12,16,1,351,0,3,5,0,8,322,15,21,1,359,0,0,0,359
07/03/2019,MSY,LA,ASW,CE,Combined TRACON& Tower with Radar,320,11,28,1,360,0,7,6,0,13,320,18,34,1,373,0,0,0,373
07/04/2019,MSY,LA,ASW,CE,Combined TRACON& Tower with Radar,283,4,9,2,298,0,2,2,0,4,283,6,11,2,302,0,0,0,302
07/05/2019,MSY,LA,ASW,CE,Combined TRACON& Tower with Radar,309,7,15,1,332,0,6,12,1,19,309,13,27,2,351,0,0,0,351
07/06/2019,MSY,LA,ASW,CE,Combined TRACON& Tower with Radar,271,10,13,2,296,0,3,12,0,15,271,13,25,2,311,0,0,0,311
07/07/2019,MSY,LA,ASW,CE,Combined TRACON& Tower with Radar,327,18,18,0,363,0,5,8,0,13,327,23,26,0,376,0,0,0,376
07/08/2019,MSY,LA,ASW,CE,Combined TRACON& Tower with Radar,343,13,35,0,391,0,20,7,2,29,343,33,42,2,420,0,0,0,420
07/09/2019,MSY,LA,ASW,CE,Combined TRACON& Tower with Radar,342,5,35,0,382,0,2,9,0,11,342,7,44,0,393,0,0,0,393
07/10/2019,MSY,LA,ASW,CE,Combined TRACON& Tower with Radar,308,14,8,0,330,0,4,1,0,5,308,18,9,0,335,0,0,0,335
07/11/2019,MSY,LA,ASW,CE,Combined TRACON& Tower with Radar,338,14,22,0,374,0,10,1,0,11,338,24,23,0,385,0,0,0,385
07/12/2019,MSY,LA,ASW,CE,Combined TRACON& Tower with Radar,334,16,21,0,371,0,0,0,0,0,334,16,21,0,371,0,0,0,371
07/13/2019,MSY,LA,ASW,CE,Combined TRACON& Tower with Radar,10,0,0,0,10,0,0,0,0,0,10,0,0,0,10,0,0,0,10
07/14/2019,MSY,LA,ASW,CE,Combined TRACON& Tower with Radar,310,12,5,0,327,0,0,0,0,0,310,12,5,0,327,0,0,0,327
07/15/2019,MSY,LA,ASW,CE,Combined TRACON& Tower with Radar,343,21,22,5,391,0,12,0,1,13,343,33,22,6,404,0,0,0,404
07/16/2019,MSY,LA,ASW,CE,Combined TRACON& Tower with Radar,339,13,17,1,370,0,14,4,1,19,339,27,21,2,389,0,0,0,389
07/17/2019,MSY,LA,ASW,CE,Combined TRACON& Tower with Radar,335,8,26,1,370,0,17,4,0,21,335,25,30,1,391,0,0,0,391
07/18/2019,MSY,LA,ASW,CE,Combined TRACON& Tower with Radar,350,8,19,2,379,0,12,2,1,15,350,20,21,3,394,0,0,0,394
07/19/2019,MSY,LA,ASW,CE,Combined TRACON& Tower with Radar,345,8,19,1,373,0,16,3,0,19,345,24,22,1,392,0,0,0,392
07/20/2019,MSY,LA,ASW,CE,Combined TRACON& Tower with Radar,288,7,12,2,309,0,3,2,2,7,288,10,14,4,316,0,0,0,316
07/21/2019,MSY,LA,ASW,CE,Combined TRACON& Tower with Radar,322,10,14,0,346,0,3,1,0,4,322,13,15,0,350,0,0,0,350
07/22/2019,MSY,LA,ASW,CE,Combined TRACON& Tower with Radar,347,7,23,0,377,0,12,3,0,15,347,19,26,0,392,0,0,0,392
07/23/2019,MSY,LA,ASW,CE,Combined TRACON& Tower with Radar,330,11,26,0,367,0,1,0,0,1,330,12,26,0,368,0,0,0,368
07/24/2019,MSY,LA,ASW,CE,Combined TRACON& Tower with Radar,341,16,15,0,372,0,22,8,1,31,341,38,23,1,403,0,0,0,403
07/25/2019,MSY,LA,ASW,CE,Combined TRACON& Tower with Radar,347,18,28,0,393,0,21,5,0,26,347,39,33,0,419,0,0,0,419
07/26/2019,MSY,LA,ASW,CE,Combined TRACON& Tower with Radar,349,14,27,0,390,0,17,7,2,26,349,31,34,2,416,0,0,0,416
07/27/2019,MSY,LA,ASW,CE,Combined TRACON& Tower with Radar,283,8,17,0,308,0,3,4,0,7,283,11,21,0,315,0,0,0,315
07/28/2019,MSY,LA,ASW,CE,Combined TRACON& Tower with Radar,328,13,19,0,360,0,6,3,0,9,328,19,22,0,369,0,0,0,369
07/29/2019,MSY,LA,ASW,CE,Combined TRACON& Tower with Radar,345,19,24,0,388,0,24,9,0,33,345,43,33,0,421,0,0,0,421
07/30/2019,MSY,LA,ASW,CE,Combined TRACON& Tower with Radar,333,9,19,0,361,0,7,1,0,8,333,16,20,0,369,0,0,0,369
07/31/2019,MSY,LA,ASW,CE,Combined TRACON& Tower with Radar,336,20,32,1,389,0,18,7,9,34,336,38,39,10,423,0,0,0,423
08/01/2019,MSY,LA,ASW,CE,Combined TRACON& Tower with Radar,338,15,42,0,395,0,10,9,0,19,338,25,51,0,414,0,0,0,414
08/02/2019,MSY,LA,ASW,CE,Combined TRACON& Tower with Radar,342,23,31,0,396,0,4,11,0,15,342,27,42,0,411,0,0,0,411
08/03/2019,MSY,LA,ASW,CE,Combined TRACON& Tower with Radar,277,17,29,0,323,0,2,2,2,6,277,19,31,2,329,0,0,0,329
08/04/2019,MSY,LA,ASW,CE,Combined TRACON& Tower with Radar,331,21,23,0,375,0,0,6,0,6,331,21,29,0,381,0,0,0,381
08/05/2019,MSY,LA,ASW,CE,Combined TRACON& Tower with Radar,341,18,29,0,388,0,2,2,0,4,341,20,31,0,392,0,0,0,392
08/06/2019,MSY,LA,ASW,CE,Combined TRACON& Tower with Radar,325,12,39,4,380,0,12,4,2,18,325,24,43,6,398,0,0,0,398
08/07/2019,MSY,LA,ASW,CE,Combined TRACON& Tower with Radar,303,18,43,0,364,0,3,5,2,10,303,21,48,2,374,0,0,0,374
08/08/2019,MSY,LA,ASW,CE,Combined TRACON& Tower with Radar,336,20,40,1,397,0,13,5,1,19,336,33,45,2,416,0,0,0,416
08/09/2019,MSY,LA,ASW,CE,Combined TRACON& Tower with Radar,341,13,41,2,397,0,8,4,0,12,341,21,45,2,409,0,0,0,409
08/10/2019,MSY,LA,ASW,CE,Combined TRACON& Tower with Radar,262,14,40,0,316,0,7,5,0,12,262,21,45,0,328,0,0,0,328
08/11/2019,MSY,LA,ASW,CE,Combined TRACON& Tower with Radar,325,13,34,2,374,0,1,3,2,6,325,14,37,4,380,0,0,0,380
08/12/2019,MSY,LA,ASW,CE,Combined TRACON& Tower with Radar,329,20,56,1,406,0,8,10,2,20,329,28,66,3,426,0,0,0,426
08/13/2019,MSY,LA,ASW,CE,Combined TRACON& Tower with Radar,312,16,55,3,386,0,11,6,0,17,312,27,61,3,403,0,0,0,403
08/14/2019,MSY,LA,ASW,CE,Combined TRACON& Tower with Radar,329,13,32,1,375,0,14,5,1,20,329,27,37,2,395,0,0,0,395
08/15/2019,MSY,LA,ASW,CE,Combined TRACON& Tower with Radar,324,12,57,0,393,0,13,5,0,18,324,25,62,0,411,0,0,0,411
08/16/2019,MSY,LA,ASW,CE,Combined TRACON& Tower with Radar,330,19,38,3,390,0,11,3,0,14,330,30,41,3,404,0,0,0,404
08/17/2019,MSY,LA,ASW,CE,Combined TRACON& Tower with Radar,254,9,24,1,288,0,0,0,0,0,254,9,24,1,288,0,0,0,288
08/18/2019,MSY,LA,ASW,CE,Combined TRACON& Tower with Radar,323,14,30,0,367,0,3,0,1,4,323,17,30,1,371,0,0,0,371
08/19/2019,MSY,LA,ASW,CE,Combined TRACON& Tower with Radar,328,13,43,0,384,0,2,1,0,3,328,15,44,0,387,0,0,0,387
08/20/2019,MSY,LA,ASW,CE,Combined TRACON& Tower with Radar,311,14,41,0,366,0,9,2,0,11,311,23,43,0,377,0,0,0,377
08/21/2019,MSY,LA,ASW,CE,Combined TRACON& Tower with Radar,319,17,32,3,371,0,13,7,1,21,319,30,39,4,392,0,0,0,392
08/22/2019,MSY,LA,ASW,CE,Combined TRACON& Tower with Radar,331,22,44,2,399,0,7,1,5,13,331,29,45,7,412,0,0,0,412
08/23/2019,MSY,LA,ASW,CE,Combined TRACON& Tower with Radar,335,16,50,1,402,0,8,6,0,14,335,24,56,1,416,0,0,0,416
08/24/2019,MSY,LA,ASW,CE,Combined TRACON& Tower with Radar,263,10,18,0,291,0,4,1,0,5,263,14,19,0,296,0,0,0,296
08/25/2019,MSY,LA,ASW,CE,Combined TRACON& Tower with Radar,331,22,29,3,385,0,1,3,0,4,331,23,32,3,389,0,0,0,389
08/26/2019,MSY,LA,ASW,CE,Combined TRACON& Tower with Radar,327,16,42,3,388,0,3,2,0,5,327,19,44,3,393,0,0,0,393
08/27/2019,MSY,LA,ASW,CE,Combined TRACON& Tower with Radar,315,12,54,3,384,0,15,4,1,20,315,27,58,4,404,0,0,0,404
08/28/2019,MSY,LA,ASW,CE,Combined TRACON& Tower with Radar,322,18,43,2,385,0,10,13,0,23,322,28,56,2,408,0,0,0,408
08/29/2019,MSY,LA,ASW,CE,Combined TRACON& Tower with Radar,340,26,83,0,449,0,14,11,4,29,340,40,94,4,478,0,0,0,478
08/30/2019,MSY,LA,ASW,CE,Combined TRACON& Tower with Radar,337,10,55,2,404,0,5,7,1,13,337,15,62,3,417,0,0,0,417
08/31/2019,MSY,LA,ASW,CE,Combined TRACON& Tower with Radar,243,10,23,0,276,0,4,9,1,14,243,14,32,1,290,0,0,0,290
09/01/2019,MSY,LA,ASW,CE,Combined TRACON& Tower with Radar,260,9,15,1,285,0,2,6,1,9,260,11,21,2,294,0,0,0,294
09/02/2019,MSY,LA,ASW,CE,Combined TRACON& Tower with Radar,304,13,26,1,344,0,10,1,0,11,304,23,27,1,355,0,0,0,355
09/03/2019,MSY,LA,ASW,CE,Combined TRACON& Tower with Radar,324,10,50,0,384,0,7,13,0,20,324,17,63,0,404,0,0,0,404
09/04/2019,MSY,LA,ASW,CE,Combined TRACON& Tower with Radar,319,14,34,0,367,0,14,5,1,20,319,28,39,1,387,0,0,0,387
09/05/2019,MSY,LA,ASW,CE,Combined TRACON& Tower with Radar,337,11,30,0,378,0,16,1,0,17,337,27,31,0,395,0,0,0,395
09/06/2019,MSY,LA,ASW,CE,Combined TRACON& Tower with Radar,339,17,38,3,397,0,10,3,0,13,339,27,41,3,410,0,0,0,410
09/07/2019,MSY,LA,ASW,CE,Combined TRACON& Tower with Radar,260,11,34,7,312,0,2,2,4,8,260,13,36,11,320,0,0,0,320
09/08/2019,MSY,LA,ASW,CE,Combined TRACON& Tower with Radar,349,23,43,3,418,0,10,7,2,19,349,33,50,5,437,0,0,0,437
09/09/2019,MSY,LA,ASW,CE,Combined TRACON& Tower with Radar,345,35,92,3,475,0,11,8,0,19,345,46,100,3,494,0,0,0,494
09/10/2019,MSY,LA,ASW,CE,Combined TRACON& Tower with Radar,323,21,53,3,400,0,11,5,5,21,323,32,58,8,421,0,0,0,421
09/11/2019,MSY,LA,ASW,CE,Combined TRACON& Tower with Radar,315,17,29,2,363,0,11,5,0,16,315,28,34,2,379,0,0,0,379
09/12/2019,MSY,LA,ASW,CE,Combined TRACON& Tower with Radar,356,25,45,1,427,0,8,4,0,12,356,33,49,1,439,0,0,0,439
09/13/2019,MSY,LA,ASW,CE,Combined TRACON& Tower with Radar,351,10,45,4,410,0,3,8,10,21,351,13,53,14,431,0,0,0,431
09/14/2019,MSY,LA,ASW,CE,Combined TRACON& Tower with Radar,271,10,5,0,286,0,2,3,2,7,271,12,8,2,293,0,0,0,293
09/15/2019,MSY,LA,ASW,CE,Combined TRACON& Tower with Radar,348,16,34,4,402,0,7,9,2,18,348,23,43,6,420,0,0,0,420
09/16/2019,MSY,LA,ASW,CE,Combined TRACON& Tower with Radar,344,16,37,0,397,0,0,4,0,4,344,16,41,0,401,0,0,0,401
09/17/2019,MSY,LA,ASW,CE,Combined TRACON& Tower with Radar,317,14,39,1,371,0,14,5,0,19,317,28,44,1,390,0,0,0,390
09/18/2019,MSY,LA,ASW,CE,Combined TRACON& Tower with Radar,320,18,39,0,377,0,16,8,2,26,320,34,47,2,403,0,0,0,403
09/19/2019,MSY,LA,ASW,CE,Combined TRACON& Tower with Radar,336,29,38,4,407,0,10,5,0,15,336,39,43,4,422,0,0,0,422
09/20/2019,MSY,LA,ASW,CE,Combined TRACON& Tower with Radar,360,22,31,3,416,0,12,0,3,15,360,34,31,6,431,0,0,0,431
09/21/2019,MSY,LA,ASW,CE,Combined TRACON& Tower with Radar,266,12,23,0,301,0,4,11,0,15,266,16,34,0,316,0,0,0,316
09/22/2019,MSY,LA,ASW,CE,Combined TRACON& Tower with Radar,350,21,31,6,408,0,2,3,4,9,350,23,34,10,417,0,0,0,417
09/23/2019,MSY,LA,ASW,CE,Combined TRACON& Tower with Radar,345,19,50,2,416,0,18,4,0,22,345,37,54,2,438,0,0,0,438
09/24/2019,MSY,LA,ASW,CE,Combined TRACON& Tower with Radar,317,14,43,1,375,0,22,3,3,28,317,36,46,4,403,0,0,0,403
09/25/2019,MSY,LA,ASW,CE,Combined TRACON& Tower with Radar,318,22,47,0,387,0,9,3,2,14,318,31,50,2,401,0,0,0,401
09/26/2019,MSY,LA,ASW,CE,Combined TRACON& Tower with Radar,350,18,53,0,421,0,10,6,2,18,350,28,59,2,439,0,0,0,439
09/27/2019,MSY,LA,ASW,CE,Combined TRACON& Tower with Radar,347,49,69,3,468,0,14,2,3,19,347,63,71,6,487,0,0,0,487
09/28/2019,MSY,LA,ASW,CE,Combined TRACON& Tower with Radar,269,28,56,1,354,0,2,4,5,11,269,30,60,6,365,0,0,0,365
09/29/2019,MSY,LA,ASW,CE,Combined TRACON& Tower with Radar,350,52,95,9,506,0,0,1,0,1,350,52,96,9,507,0,0,0,507
09/30/2019,MSY,LA,ASW,CE,Combined TRACON& Tower with Radar,355,31,91,3,480,0,6,5,0,11,355,37,96,3,491,0,0,0,491
10/01/2019,MSY,LA,ASW,CE,Combined TRACON& Tower with Radar,321,10,40,0,371,0,14,6,0,20,321,24,46,0,391,0,0,0,391
10/02/2019,MSY,LA,ASW,CE,Combined TRACON& Tower with Radar,327,21,59,0,407,0,10,0,1,11,327,31,59,1,418,0,0,0,418
10/03/2019,MSY,LA,ASW,CE,Combined TRACON& Tower with Radar,366,21,64,2,453,0,19,7,1,27,366,40,71,3,480,0,0,0,480
10/04/2019,MSY,LA,ASW,CE,Combined TRACON& Tower with Radar,358,17,58,11,444,0,12,6,5,23,358,29,64,16,467,0,0,0,467
10/05/2019,MSY,LA,ASW,CE,Combined TRACON& Tower with Radar,293,12,34,3,342,0,2,6,1,9,293,14,40,4,351,0,0,0,351
10/06/2019,MSY,LA,ASW,CE,Combined TRACON& Tower with Radar,360,24,67,0,451,0,2,5,4,11,360,26,72,4,462,0,0,0,462
10/07/2019,MSY,LA,ASW,CE,Combined TRACON& Tower with Radar,358,21,36,0,415,0,7,5,0,12,358,28,41,0,427,0,0,0,427
10/08/2019,MSY,LA,ASW,CE,Combined TRACON& Tower with Radar,340,18,43,3,404,0,11,5,1,17,340,29,48,4,421,0,0,0,421
10/09/2019,MSY,LA,ASW,CE,Combined TRACON& Tower with Radar,338,19,47,4,408,0,11,6,5,22,338,30,53,9,430,0,0,0,430
10/10/2019,MSY,LA,ASW,CE,Combined TRACON& Tower with Radar,371,14,71,1,457,0,8,9,0,17,371,22,80,1,474,0,0,0,474
10/11/2019,MSY,LA,ASW,CE,Combined TRACON& Tower with Radar,366,29,55,3,453,0,3,5,2,10,366,32,60,5,463,0,0,0,463
10/12/2019,MSY,LA,ASW,CE,Combined TRACON& Tower with Radar,304,18,34,0,356,0,0,2,0,2,304,18,36,0,358,0,0,0,358
10/13/2019,MSY,LA,ASW,CE,Combined TRACON& Tower with Radar,377,23,63,1,464,0,2,8,0,10,377,25,71,1,474,0,0,0,474
10/14/2019,MSY,LA,ASW,CE,Combined TRACON& Tower with Radar,364,28,44,1,437,0,2,3,0,5,364,30,47,1,442,0,0,0,442
10/15/2019,MSY,LA,ASW,CE,Combined TRACON& Tower with Radar,337,17,45,2,401,0,7,0,1,8,337,24,45,3,409,0,0,0,409
10/16/2019,MSY,LA,ASW,CE,Combined TRACON& Tower with Radar,332,15,62,2,411,0,4,0,2,6,332,19,62,4,417,0,0,0,417
10/17/2019,MSY,LA,ASW,CE,Combined TRACON& Tower with Radar,369,21,60,1,451,0,16,4,0,20,369,37,64,1,471,0,0,0,471
10/18/2019,MSY,LA,ASW,CE,Combined TRACON& Tower with Radar,374,24,45,4,447,0,0,0,1,1,374,24,45,5,448,0,0,0,448
10/19/2019,MSY,LA,ASW,CE,Combined TRACON& Tower with Radar,299,11,25,0,335,0,1,0,0,1,299,12,25,0,336,0,0,0,336
10/20/2019,MSY,LA,ASW,CE,Combined TRACON& Tower with Radar,366,22,41,2,431,0,0,7,0,7,366,22,48,2,438,0,0,0,438
10/21/2019,MSY,LA,ASW,CE,Combined TRACON& Tower with Radar,365,22,47,0,434,0,0,2,0,2,365,22,49,0,436,0,0,0,436
10/22/2019,MSY,LA,ASW,CE,Combined TRACON& Tower with Radar,339,32,33,0,404,0,6,8,2,16,339,38,41,2,420,0,0,0,420
10/23/2019,MSY,LA,ASW,CE,Combined TRACON& Tower with Radar,334,15,79,0,428,0,4,5,0,9,334,19,84,0,437,0,0,0,437
10/24/2019,MSY,LA,ASW,CE,Combined TRACON& Tower with Radar,361,36,86,0,483,0,11,5,0,16,361,47,91,0,499,0,0,0,499
10/25/2019,MSY,LA,ASW,CE,Combined TRACON& Tower with Radar,377,35,57,0,469,0,0,0,0,0,377,35,57,0,469,0,0,0,469
10/26/2019,MSY,LA,ASW,CE,Combined TRACON& Tower with Radar,189,17,35,1,242,0,5,0,0,5,189,22,35,1,247,0,0,0,247
10/27/2019,MSY,LA,ASW,CE,Combined TRACON& Tower with Radar,373,35,77,0,485,0,2,2,0,4,373,37,79,0,489,0,0,0,489
10/28/2019,MSY,LA,ASW,CE,Combined TRACON& Tower with Radar,355,24,59,2,440,0,10,3,1,14,355,34,62,3,454,0,0,0,454
10/29/2019,MSY,LA,ASW,CE,Combined TRACON& Tower with Radar,332,17,53,0,402,0,0,0,0,0,332,17,53,0,402,0,0,0,402
10/30/2019,MSY,LA,ASW,CE,Combined TRACON& Tower with Radar,328,17,50,0,395,0,0,1,0,1,328,17,51,0,396,0,0,0,396
10/31/2019,MSY,LA,ASW,CE,Combined TRACON& Tower with Radar,320,13,45,0,378,0,1,2,2,5,320,14,47,2,383,0,0,0,383
11/01/2019,MSY,LA,ASW,CE,Combined TRACON& Tower with Radar,358,21,69,0,448,0,4,8,2,14,358,25,77,2,462,0,0,0,462
11/02/2019,MSY,LA,ASW,CE,Combined TRACON& Tower with Radar,288,15,19,3,325,0,3,3,1,7,288,18,22,4,332,0,0,0,332
11/03/2019,MSY,LA,ASW,CE,Combined TRACON& Tower with Radar,373,26,75,1,475,0,5,4,2,11,373,31,79,3,486,0,0,0,486
11/04/2019,MSY,LA,ASW,CE,Combined TRACON& Tower with Radar,346,29,66,0,441,0,17,7,1,25,346,46,73,1,466,0,0,0,466
11/05/2019,MSY,LA,ASW,CE,Combined TRACON& Tower with Radar,320,24,57,0,401,0,18,7,1,26,320,42,64,1,427,0,0,0,427
11/06/2019,MSY,LA,ASW,CE,Combined TRACON& Tower with Radar,320,23,59,3,405,0,12,8,0,20,320,35,67,3,425,0,0,0,425
11/07/2019,MSY,LA,ASW,CE,Combined TRACON& Tower with Radar,366,23,72,5,466,0,0,5,0,5,366,23,77,5,471,0,0,0,471
11/08/2019,MSY,LA,ASW,CE,Combined TRACON& Tower with Radar,358,43,71,5,477,0,0,0,0,0,358,43,71,5,477,0,0,0,477
11/09/2019,MSY,LA,ASW,CE,Combined TRACON& Tower with Radar,304,23,59,1,387,0,3,3,0,6,304,26,62,1,393,0,0,0,393
11/10/2019,MSY,LA,ASW,CE,Combined TRACON& Tower with Radar,382,37,98,2,519,0,0,7,0,7,382,37,105,2,526,0,0,0,526
11/11/2019,MSY,LA,ASW,CE,Combined TRACON& Tower with Radar,343,19,44,0,406,0,1,1,0,2,343,20,45,0,408,0,0,0,408
11/12/2019,MSY,LA,ASW,CE,Combined TRACON& Tower with Radar,325,19,45,3,392,0,0,0,1,1,325,19,45,4,393,0,0,0,393
11/13/2019,MSY,LA,ASW,CE,Combined TRACON& Tower with Radar,322,26,43,5,396,0,8,18,1,27,322,34,61,6,423,0,0,0,423
11/14/2019,MSY,LA,ASW,CE,Combined TRACON& Tower with Radar,353,31,50,8,442,0,1,4,2,7,353,32,54,10,449,0,0,0,449
11/15/2019,MSY,LA,ASW,CE,Combined TRACON& Tower with Radar,356,13,45,6,420,0,1,9,2,12,356,14,54,8,432,0,0,0,432
11/16/2019,MSY,LA,ASW,CE,Combined TRACON& Tower with Radar,307,8,27,2,344,0,5,3,0,8,307,13,30,2,352,0,0,0,352
11/17/2019,MSY,LA,ASW,CE,Combined TRACON& Tower with Radar,371,18,36,4,429,0,6,7,2,15,371,24,43,6,444,0,0,0,444
11/18/2019,MSY,LA,ASW,CE,Combined TRACON& Tower with Radar,353,18,36,0,407,0,18,12,1,31,353,36,48,1,438,0,0,0,438
11/19/2019,MSY,LA,ASW,CE,Combined TRACON& Tower with Radar,333,21,59,0,413,0,11,5,0,16,333,32,64,0,429,0,0,0,429
11/20/2019,MSY,LA,ASW,CE,Combined TRACON& Tower with Radar,340,25,50,0,415,0,16,6,0,22,340,41,56,0,437,0,0,0,437
11/21/2019,MSY,LA,ASW,CE,Combined TRACON& Tower with Radar,349,24,59,4,436,0,18,3,4,25,349,42,62,8,461,0,0,0,461
11/22/2019,MSY,LA,ASW,CE,Combined TRACON& Tower with Radar,349,18,52,5,424,0,13,11,4,28,349,31,63,9,452,0,0,0,452
11/23/2019,MSY,LA,ASW,CE,Combined TRACON& Tower with Radar,310,16,48,0,374,0,2,7,0,9,310,18,55,0,383,0,0,0,383
11/24/2019,MSY,LA,ASW,CE,Combined TRACON& Tower with Radar,374,23,65,1,463,0,1,11,7,19,374,24,76,8,482,0,0,0,482
11/25/2019,MSY,LA,ASW,CE,Combined TRACON& Tower with Radar,342,18,34,4,398,0,9,8,2,19,342,27,42,6,417,0,0,0,417
11/26/2019,MSY,LA,ASW,CE,Combined TRACON& Tower with Radar,342,15,51,1,409,0,10,5,0,15,342,25,56,1,424,0,0,0,424
11/27/2019,MSY,LA,ASW,CE,Combined TRACON& Tower with Radar,348,18,27,0,393,0,2,7,0,9,348,20,34,0,402,0,0,0,402
11/28/2019,MSY,LA,ASW,CE,Combined TRACON& Tower with Radar,212,10,14,0,236,0,1,3,0,4,212,11,17,0,240,0,0,0,240
11/29/2019,MSY,LA,ASW,CE,Combined TRACON& Tower with Radar,272,13,31,2,318,0,0,8,0,8,272,13,39,2,326,0,0,0,326
11/30/2019,MSY,LA,ASW,CE,Combined TRACON& Tower with Radar,323,26,32,0,381,0,1,1,0,2,323,27,33,0,383,0,0,0,383
12/01/2019,MSY,LA,ASW,CE,Combined TRACON& Tower with Radar,343,15,54,0,412,0,1,10,0,11,343,16,64,0,423,0,0,0,423
12/02/2019,MSY,LA,ASW,CE,Combined TRACON& Tower with Radar,341,22,44,12,419,0,0,4,0,4,341,22,48,12,423,0,0,0,423
12/03/2019,MSY,LA,ASW,CE,Combined TRACON& Tower with Radar,326,20,53,2,401,0,11,7,2,20,326,31,60,4,421,0,0,0,421
12/04/2019,MSY,LA,ASW,CE,Combined TRACON& Tower with Radar,320,11,58,0,389,0,13,10,5,28,320,24,68,5,417,0,0,0,417
12/05/2019,MSY,LA,ASW,CE,Combined TRACON& Tower with Radar,349,22,52,0,423,0,9,4,4,17,349,31,56,4,440,0,0,0,440
12/06/2019,MSY,LA,ASW,CE,Combined TRACON& Tower with Radar,355,17,63,0,435,0,11,1,0,12,355,28,64,0,447,0,0,0,447
12/07/2019,MSY,LA,ASW,CE,Combined TRACON& Tower with Radar,281,26,34,0,341,0,2,1,0,3,281,28,35,0,344,0,0,0,344
12/08/2019,MSY,LA,ASW,CE,Combined TRACON& Tower with Radar,360,28,50,0,438,0,1,6,0,7,360,29,56,0,445,0,0,0,445
12/09/2019,MSY,LA,ASW,CE,Combined TRACON& Tower with Radar,330,25,48,2,405,0,12,3,0,15,330,37,51,2,420,0,0,0,420
12/10/2019,MSY,LA,ASW,CE,Combined TRACON& Tower with Radar,312,15,30,0,357,0,0,0,0,0,312,15,30,0,357,0,0,0,357
12/11/2019,MSY,LA,ASW,CE,Combined TRACON& Tower with Radar,318,17,57,0,392,0,4,1,0,5,318,21,58,0,397,0,0,0,397
12/12/2019,MSY,LA,ASW,CE,Combined TRACON& Tower with Radar,343,18,37,1,399,0,2,0,0,2,343,20,37,1,401,0,0,0,401
12/13/2019,MSY,LA,ASW,CE,Combined TRACON& Tower with Radar,348,25,41,0,414,0,0,0,0,0,348,25,41,0,414,0,0,0,414
12/14/2019,MSY,LA,ASW,CE,Combined TRACON& Tower with Radar,288,21,28,0,337,0,0,0,0,0,288,21,28,0,337,0,0,0,337
12/15/2019,MSY,LA,ASW,CE,Combined TRACON& Tower with Radar,353,22,38,3,416,0,2,3,1,6,353,24,41,4,422,0,0,0,422
12/16/2019,MSY,LA,ASW,CE,Combined TRACON& Tower with Radar,337,18,56,0,411,0,0,1,0,1,337,18,57,0,412,0,0,0,412
12/17/2019,MSY,LA,ASW,CE,Combined TRACON& Tower with Radar,318,30,38,0,386,0,0,1,0,1,318,30,39,0,387,0,0,0,387
12/18/2019,MSY,LA,ASW,CE,Combined TRACON& Tower with Radar,325,13,39,0,377,0,0,1,1,2,325,13,40,1,379,0,0,0,379
12/19/2019,MSY,LA,ASW,CE,Combined TRACON& Tower with Radar,349,4,36,0,389,0,17,9,3,29,349,21,45,3,418,0,0,0,418
12/20/2019,MSY,LA,ASW,CE,Combined TRACON& Tower with Radar,346,11,22,0,379,0,8,5,0,13,346,19,27,0,392,0,0,0,392
12/21/2019,MSY,LA,ASW,CE,Combined TRACON& Tower with Radar,329,21,13,3,366,0,1,1,0,2,329,22,14,3,368,0,0,0,368
12/22/2019,MSY,LA,ASW,CE,Combined TRACON& Tower with Radar,356,22,25,1,404,0,0,0,0,0,356,22,25,1,404,0,0,0,404
12/23/2019,MSY,LA,ASW,CE,Combined TRACON& Tower with Radar,343,14,22,1,380,0,0,1,0,1,343,14,23,1,381,0,0,0,381
12/24/2019,MSY,LA,ASW,CE,Combined TRACON& Tower with Radar,300,11,7,0,318,0,0,2,0,2,300,11,9,0,320,0,0,0,320
12/25/2019,MSY,LA,ASW,CE,Combined TRACON& Tower with Radar,281,4,6,0,291,0,0,1,0,1,281,4,7,0,292,0,0,0,292
12/26/2019,MSY,LA,ASW,CE,Combined TRACON& Tower with Radar,347,14,9,2,372,0,0,0,0,0,347,14,9,2,372,0,0,0,372
12/27/2019,MSY,LA,ASW,CE,Combined TRACON& Tower with Radar,356,21,19,0,396,0,0,0,0,0,356,21,19,0,396,0,0,0,396
12/28/2019,MSY,LA,ASW,CE,Combined TRACON& Tower with Radar,325,17,19,0,361,0,0,2,0,2,325,17,21,0,363,0,0,0,363
12/29/2019,MSY,LA,ASW,CE,Combined TRACON& Tower with Radar,344,16,22,0,382,0,0,1,0,1,344,16,23,0,383,0,0,0,383
12/30/2019,MSY,LA,ASW,CE,Combined TRACON& Tower with Radar,337,11,19,0,367,0,8,2,2,12,337,19,21,2,379,0,0,0,379
12/31/2019,MSY,LA,ASW,CE,Combined TRACON& Tower with Radar,318,13,10,0,341,0,12,6,0,18,318,25,16,0,359,0,0,0,359
01/01/2020,MSY,LA,ASW,CE,Combined TRACON& Tower with Radar,319,11,19,0,349,0,0,7,0,7,319,11,26,0,356,0,0,0,356
01/02/2020,MSY,LA,ASW,CE,Combined TRACON& Tower with Radar,348,23,18,0,389,0,0,1,0,1,348,23,19,0,390,0,0,0,390
01/03/2020,MSY,LA,ASW,CE,Combined TRACON& Tower with Radar,337,17,19,0,373,0,3,0,0,3,337,20,19,0,376,0,0,0,376
01/04/2020,MSY,LA,ASW,CE,Combined TRACON& Tower with Radar,309,10,28,2,349,0,7,5,0,12,309,17,33,2,361,0,0,0,361
01/05/2020,MSY,LA,ASW,CE,Combined TRACON& Tower with Radar,363,14,46,0,423,0,5,8,0,13,363,19,54,0,436,0,0,0,436
01/06/2020,MSY,LA,ASW,CE,Combined TRACON& Tower with Radar,333,10,27,2,372,0,8,2,0,10,333,18,29,2,382,0,0,0,382
01/07/2020,MSY,LA,ASW,CE,Combined TRACON& Tower with Radar,310,14,24,0,348,0,13,4,0,17,310,27,28,0,365,0,0,0,365
01/08/2020,MSY,LA,ASW,CE,Combined TRACON& Tower with Radar,312,12,9,0,333,0,17,2,0,19,312,29,11,0,352,0,0,0,352
01/09/2020,MSY,LA,ASW,CE,Combined TRACON& Tower with Radar,335,22,30,0,387,0,12,0,0,12,335,34,30,0,399,0,0,0,399
01/10/2020,MSY,LA,ASW,CE,Combined TRACON& Tower with Radar,322,12,29,0,363,0,0,0,0,0,322,12,29,0,363,0,0,0,363
01/11/2020,MSY,LA,ASW,CE,Combined TRACON& Tower with Radar,278,15,20,0,313,0,1,3,1,5,278,16,23,1,318,0,0,0,318
01/12/2020,MSY,LA,ASW,CE,Combined TRACON& Tower with Radar,360,27,64,1,452,0,0,5,0,5,360,27,69,1,457,0,0,0,457
01/13/2020,MSY,LA,ASW,CE,Combined TRACON& Tower with Radar,339,43,74,4,460,0,0,0,0,0,339,43,74,4,460,0,0,0,460
01/14/2020,MSY,LA,ASW,CE,Combined TRACON& Tower with Radar,330,73,123,2,528,0,0,1,2,3,330,73,124,4,531,0,0,0,531
01/15/2020,MSY,LA,ASW,CE,Combined TRACON& Tower with Radar,312,10,50,0,372,0,2,0,0,2,312,12,50,0,374,0,0,0,374
01/16/2020,MSY,LA,ASW,CE,Combined TRACON& Tower with Radar,340,14,37,2,393,0,2,0,0,2,340,16,37,2,395,0,0,0,395
01/17/2020,MSY,LA,ASW,CE,Combined TRACON& Tower with Radar,330,15,29,4,378,0,12,2,3,17,330,27,31,7,395,0,0,0,395
01/18/2020,MSY,LA,ASW,CE,Combined TRACON& Tower with Radar,253,9,12,1,275,0,0,0,1,1,253,9,12,2,276,0,0,0,276
01/19/2020,MSY,LA,ASW,CE,Combined TRACON& Tower with Radar,346,1,16,0,363,0,0,3,0,3,346,1,19,0,366,0,0,0,366
01/20/2020,MSY,LA,ASW,CE,Combined TRACON& Tower with Radar,320,17,16,0,353,0,4,3,0,7,320,21,19,0,360,0,0,0,360
01/21/2020,MSY,LA,ASW,CE,Combined TRACON& Tower with Radar,310,9,14,0,333,0,6,9,4,19,310,15,23,4,352,0,0,0,352
01/22/2020,MSY,LA,ASW,CE,Combined TRACON& Tower with Radar,306,14,29,0,349,0,11,4,3,18,306,25,33,3,367,0,0,0,367
01/23/2020,MSY,LA,ASW,CE,Combined TRACON& Tower with Radar,332,15,11,1,359,0,1,2,0,3,332,16,13,1,362,0,0,0,362
01/24/2020,MSY,LA,ASW,CE,Combined TRACON& Tower with Radar,331,10,16,1,358,0,12,9,3,24,331,22,25,4,382,0,0,0,382
01/25/2020,MSY,LA,ASW,CE,Combined TRACON& Tower with Radar,261,10,12,1,284,0,3,0,3,6,261,13,12,4,290,0,0,0,290
01/26/2020,MSY,LA,ASW,CE,Combined TRACON& Tower with Radar,347,14,17,2,380,0,0,0,0,0,347,14,17,2,380,0,0,0,380
01/27/2020,MSY,LA,ASW,CE,Combined TRACON& Tower with Radar,321,25,33,2,381,0,0,0,0,0,321,25,33,2,381,0,0,0,381
01/28/2020,MSY,LA,ASW,CE,Combined TRACON& Tower with Radar,313,13,25,3,354,0,13,6,3,22,313,26,31,6,376,0,0,0,376
01/29/2020,MSY,LA,ASW,CE,Combined TRACON& Tower with Radar,305,16,35,0,356,0,0,0,0,0,305,16,35,0,356,0,0,0,356
01/30/2020,MSY,LA,ASW,CE,Combined TRACON& Tower with Radar,333,8,25,1,367,0,11,2,1,14,333,19,27,2,381,0,0,0,381
01/31/2020,MSY,LA,ASW,CE,Combined TRACON& Tower with Radar,339,16,32,0,387,0,1,4,0,5,339,17,36,0,392,0,0,0,392
02/01/2020,MSY,LA,ASW,CE,Combined TRACON& Tower with Radar,266,9,9,0,284,0,0,3,0,3,266,9,12,0,287,0,0,0,287
02/02/2020,MSY,LA,ASW,CE,Combined TRACON& Tower with Radar,337,15,12,2,366,0,1,4,0,5,337,16,16,2,371,0,0,0,371
02/03/2020,MSY,LA,ASW,CE,Combined TRACON& Tower with Radar,326,5,18,0,349,0,6,4,0,10,326,11,22,0,359,0,0,0,359
02/04/2020,MSY,LA,ASW,CE,Combined TRACON& Tower with Radar,302,8,18,0,328,0,14,6,0,20,302,22,24,0,348,0,0,0,348
02/05/2020,MSY,LA,ASW,CE,Combined TRACON& Tower with Radar,303,8,26,0,337,0,0,0,0,0,303,8,26,0,337,0,0,0,337
02/06/2020,MSY,LA,ASW,CE,Combined TRACON& Tower with Radar,319,20,26,1,366,0,2,1,0,3,319,22,27,1,369,0,0,0,369
02/07/2020,MSY,LA,ASW,CE,Combined TRACON& Tower with Radar,332,14,26,3,375,0,13,8,3,24,332,27,34,6,399,0,0,0,399
02/08/2020,MSY,LA,ASW,CE,Combined TRACON& Tower with Radar,266,6,12,0,284,0,2,6,0,8,266,8,18,0,292,0,0,0,292
02/09/2020,MSY,LA,ASW,CE,Combined TRACON& Tower with Radar,352,14,23,1,390,0,0,2,0,2,352,14,25,1,392,0,0,0,392
02/10/2020,MSY,LA,ASW,CE,Combined TRACON& Tower with Radar,348,11,24,0,383,0,0,1,0,1,348,11,25,0,384,0,0,0,384
02/11/2020,MSY,LA,ASW,CE,Combined TRACON& Tower with Radar,326,18,28,0,372,0,0,0,0,0,326,18,28,0,372,0,0,0,372
02/12/2020,MSY,LA,ASW,CE,Combined TRACON& Tower with Radar,302,13,18,0,333,0,0,0,0,0,302,13,18,0,333,0,0,0,333
02/13/2020,MSY,LA,ASW,CE,Combined TRACON& Tower with Radar,352,20,34,0,406,0,3,2,0,5,352,23,36,0,411,0,0,0,411
02/14/2020,MSY,LA,ASW,CE,Combined TRACON& Tower with Radar,372,16,19,0,407,0,16,3,0,19,372,32,22,0,426,0,0,0,426
02/15/2020,MSY,LA,ASW,CE,Combined TRACON& Tower with Radar,303,18,14,0,335,0,6,10,0,16,303,24,24,0,351,0,0,0,351
02/16/2020,MSY,LA,ASW,CE,Combined TRACON& Tower with Radar,360,6,19,0,385,0,0,0,0,0,360,6,19,0,385,0,0,0,385
02/17/2020,MSY,LA,ASW,CE,Combined TRACON& Tower with Radar,354,4,28,0,386,0,12,1,0,13,354,16,29,0,399,0,0,0,399
02/18/2020,MSY,LA,ASW,CE,Combined TRACON& Tower with Radar,331,13,15,2,361,0,0,0,2,2,331,13,15,4,363,0,0,0,363
02/19/2020,MSY,LA,ASW,CE,Combined TRACON& Tower with Radar,362,27,37,0,426,0,0,0,0,0,362,27,37,0,426,0,0,0,426
02/20/2020,MSY,LA,ASW,CE,Combined TRACON& Tower with Radar,381,17,36,2,436,0,0,0,0,0,381,17,36,2,436,0,0,0,436
02/21/2020,MSY,LA,ASW,CE,Combined TRACON& Tower with Radar,382,15,22,2,421,0,0,4,0,4,382,15,26,2,425,0,0,0,425
02/22/2020,MSY,LA,ASW,CE,Combined TRACON& Tower with Radar,327,12,7,0,346,0,3,4,0,7,327,15,11,0,353,0,0,0,353
02/23/2020,MSY,LA,ASW,CE,Combined TRACON& Tower with Radar,393,22,23,0,438,0,0,4,0,4,393,22,27,0,442,0,0,0,442
02/24/2020,MSY,LA,ASW,CE,Combined TRACON& Tower with Radar,371,17,24,0,412,0,7,2,0,9,371,24,26,0,421,0,0,0,421
02/25/2020,MSY,LA,ASW,CE,Combined TRACON& Tower with Radar,359,12,15,3,389,0,3,1,2,6,359,15,16,5,395,0,0,0,395
02/26/2020,MSY,LA,ASW,CE,Combined TRACON& Tower with Radar,369,17,28,1,415,0,8,1,0,9,369,25,29,1,424,0,0,0,424
02/27/2020,MSY,LA,ASW,CE,Combined TRACON& Tower with Radar,374,14,24,0,412,0,11,1,2,14,374,25,25,2,426,0,0,0,426
02/28/2020,MSY,LA,ASW,CE,Combined TRACON& Tower with Radar,383,22,18,1,424,0,15,2,1,18,383,37,20,2,442,0,0,0,442
02/29/2020,MSY,LA,ASW,CE,Combined TRACON& Tower with Radar,321,9,6,4,340,0,7,5,0,12,321,16,11,4,352,0,0,0,352
03/01/2020,MSY,LA,ASW,CE,Combined TRACON& Tower with Radar,389,27,27,1,444,0,3,3,0,6,389,30,30,1,450,0,0,0,450
03/02/2020,MSY,LA,ASW,CE,Combined TRACON& Tower with Radar,375,6,20,0,401,0,12,0,1,13,375,18,20,1,414,0,0,0,414
03/03/2020,MSY,LA,ASW,CE,Combined TRACON& Tower with Radar,359,16,36,0,411,0,0,0,0,0,359,16,36,0,411,0,0,0,411
03/04/2020,MSY,LA,ASW,CE,Combined TRACON& Tower with Radar,352,14,23,2,391,0,0,0,0,0,352,14,23,2,391,0,0,0,391
03/05/2020,MSY,LA,ASW,CE,Combined TRACON& Tower with Radar,380,7,27,2,416,0,0,1,1,2,380,7,28,3,418,0,0,0,418
03/06/2020,MSY,LA,ASW,CE,Combined TRACON& Tower with Radar,386,11,33,2,432,0,9,7,1,17,386,20,40,3,449,0,0,0,449
03/07/2020,MSY,LA,ASW,CE,Combined TRACON& Tower with Radar,324,14,14,1,353,0,3,4,7,14,324,17,18,8,367,0,0,0,367
03/08/2020,MSY,LA,ASW,CE,Combined TRACON& Tower with Radar,366,11,25,6,408,0,1,7,0,8,366,12,32,6,416,0,0,0,416
03/09/2020,MSY,LA,ASW,CE,Combined TRACON& Tower with Radar,360,10,21,2,393,0,10,3,4,17,360,20,24,6,410,0,0,0,410
03/10/2020,MSY,LA,ASW,CE,Combined TRACON& Tower with Radar,341,7,18,2,368,0,0,3,0,3,341,7,21,2,371,0,0,0,371
03/11/2020,MSY,LA,ASW,CE,Combined TRACON& Tower with Radar,342,10,16,0,368,0,2,2,3,7,342,12,18,3,375,0,0,0,375
03/12/2020,MSY,LA,ASW,CE,Combined TRACON& Tower with Radar,354,12,27,0,393,0,2,4,0,6,354,14,31,0,399,0,0,0,399
03/13/2020,MSY,LA,ASW,CE,Combined TRACON& Tower with Radar,358,10,20,0,388,0,0,0,2,2,358,10,20,2,390,0,0,0,390
03/14/2020,MSY,LA,ASW,CE,Combined TRACON& Tower with Radar,318,10,18,0,346,0,2,12,1,15,318,12,30,1,361,0,0,0,361
03/15/2020,MSY,LA,ASW,CE,Combined TRACON& Tower with Radar,382,11,25,0,418,0,0,0,0,0,382,11,25,0,418,0,0,0,418
03/16/2020,MSY,LA,ASW,CE,Combined TRACON& Tower with Radar,355,14,20,0,389,0,0,0,0,0,355,14,20,0,389,0,0,0,389
03/17/2020,MSY,LA,ASW,CE,Combined TRACON& Tower with Radar,318,16,23,0,357,0,0,0,0,0,318,16,23,0,357,0,0,0,357
03/18/2020,MSY,LA,ASW,CE,Combined TRACON& Tower with Radar,311,9,12,0,332,0,0,1,0,1,311,9,13,0,333,0,0,0,333
03/19/2020,MSY,LA,ASW,CE,Combined TRACON& Tower with Radar,292,6,4,0,302,0,2,0,2,4,292,8,4,2,306,0,0,0,306
03/20/2020,MSY,LA,ASW,CE,Combined TRACON& Tower with Radar,297,11,16,0,324,0,0,1,0,1,297,11,17,0,325,0,0,0,325
03/21/2020,MSY,LA,ASW,CE,Combined TRACON& Tower with Radar,241,7,4,2,254,0,1,5,0,6,241,8,9,2,260,0,0,0,260
03/22/2020,MSY,LA,ASW,CE,Combined TRACON& Tower with Radar,264,4,7,4,279,0,0,1,2,3,264,4,8,6,282,0,0,0,282
03/23/2020,MSY,LA,ASW,CE,Combined TRACON& Tower with Radar,199,4,4,2,209,0,1,2,4,7,199,5,6,6,216,0,0,0,216
03/24/2020,MSY,LA,ASW,CE,Combined TRACON& Tower with Radar,218,9,3,0,230,0,1,1,0,2,218,10,4,0,232,0,0,0,232
03/25/2020,MSY,LA,ASW,CE,Combined TRACON& Tower with Radar,200,2,0,0,202,0,0,10,0,10,200,2,10,0,212,0,0,0,212
03/26/2020,MSY,LA,ASW,CE,Combined TRACON& Tower with Radar,203,3,7,0,213,0,1,5,0,6,203,4,12,0,219,0,0,0,219
03/27/2020,MSY,LA,ASW,CE,Combined TRACON& Tower with Radar,171,3,2,8,184,0,4,2,0,6,171,7,4,8,190,0,0,0,190
03/28/2020,MSY,LA,ASW,CE,Combined TRACON& Tower with Radar,164,7,5,0,176,0,3,1,0,4,164,10,6,0,180,0,0,0,180
03/29/2020,MSY,LA,ASW,CE,Combined TRACON& Tower with Radar,169,1,5,0,175,0,0,2,3,5,169,1,7,3,180,0,0,0,180
03/30/2020,MSY,LA,ASW,CE,Combined TRACON& Tower with Radar,137,6,7,0,150,0,4,4,1,9,137,10,11,1,159,0,0,0,159
03/31/2020,MSY,LA,ASW,CE,Combined TRACON& Tower with Radar,129,8,0,0,137,0,1,2,0,3,129,9,2,0,140,0,0,0,140
04/01/2020,MSY,LA,ASW,CE,Combined TRACON& Tower with Radar,144,5,0,0,149,0,5,1,1,7,144,10,1,1,156,0,0,0,156
04/02/2020,MSY,LA,ASW,CE,Combined TRACON& Tower with Radar,131,2,4,0,137,0,2,5,1,8,131,4,9,1,145,0,0,0,145
04/03/2020,MSY,LA,ASW,CE,Combined TRACON& Tower with Radar,150,2,3,0,155,0,1,3,0,4,150,3,6,0,159,0,0,0,159
04/04/2020,MSY,LA,ASW,CE,Combined TRACON& Tower with Radar,120,1,2,0,123,0,0,8,0,8,120,1,10,0,131,0,0,0,131
04/05/2020,MSY,LA,ASW,CE,Combined TRACON& Tower with Radar,130,5,8,0,143,0,0,2,2,4,130,5,10,2,147,0,0,0,147
04/06/2020,MSY,LA,ASW,CE,Combined TRACON& Tower with Radar,124,4,3,0,131,0,2,3,0,5,124,6,6,0,136,0,0,0,136
04/07/2020,MSY,LA,ASW,CE,Combined TRACON& Tower with Radar,103,2,2,0,107,0,0,0,0,0,103,2,2,0,107,0,0,0,107
04/08/2020,MSY,LA,ASW,CE,Combined TRACON& Tower with Radar,98,5,6,2,111,0,0,0,0,0,98,5,6,2,111,0,0,0,111
04/09/2020,MSY,LA,ASW,CE,Combined TRACON& Tower with Radar,116,7,0,0,123,0,3,8,0,11,116,10,8,0,134,0,0,0,134
04/10/2020,MSY,LA,ASW,CE,Combined TRACON& Tower with Radar,119,6,2,0,127,0,5,3,0,8,119,11,5,0,135,0,0,0,135
04/11/2020,MSY,LA,ASW,CE,Combined TRACON& Tower with Radar,77,5,1,3,86,0,1,4,0,5,77,6,5,3,91,0,0,0,91
04/12/2020,MSY,LA,ASW,CE,Combined TRACON& Tower with Radar,89,0,0,0,89,0,0,0,0,0,89,0,0,0,89,0,0,0,89
04/13/2020,MSY,LA,ASW,CE,Combined TRACON& Tower with Radar,95,6,6,2,109,0,2,5,0,7,95,8,11,2,116,0,0,0,116
04/14/2020,MSY,LA,ASW,CE,Combined TRACON& Tower with Radar,103,2,2,0,107,0,0,2,0,2,103,2,4,0,109,0,0,0,109
04/15/2020,MSY,LA,ASW,CE,Combined TRACON& Tower with Radar,86,2,8,0,96,0,1,3,1,5,86,3,11,1,101,0,0,0,101
04/16/2020,MSY,LA,ASW,CE,Combined TRACON& Tower with Radar,88,2,5,2,97,0,9,5,0,14,88,11,10,2,111,0,0,0,111
04/17/2020,MSY,LA,ASW,CE,Combined TRACON& Tower with Radar,84,2,5,0,91,0,5,3,0,8,84,7,8,0,99,0,0,0,99
04/18/2020,MSY,LA,ASW,CE,Combined TRACON& Tower with Radar,72,1,6,0,79,0,0,2,0,2,72,1,8,0,81,0,0,0,81
04/19/2020,MSY,LA,ASW,CE,Combined TRACON& Tower with Radar,78,5,6,2,91,0,0,1,0,1,78,5,7,2,92,0,0,0,92
04/20/2020,MSY,LA,ASW,CE,Combined TRACON& Tower with Radar,77,5,1,0,83,0,0,2,0,2,77,5,3,0,85,0,0,0,85
04/21/2020,MSY,LA,ASW,CE,Combined TRACON& Tower with Radar,88,3,2,0,93,0,9,9,0,18,88,12,11,0,111,0,0,0,111
04/22/2020,MSY,LA,ASW,CE,Combined TRACON& Tower with Radar,74,3,2,0,79,0,6,1,0,7,74,9,3,0,86,0,0,0,86
04/23/2020,MSY,LA,ASW,CE,Combined TRACON& Tower with Radar,82,9,5,0,96,0,0,3,0,3,82,9,8,0,99,0,0,0,99
04/24/2020,MSY,LA,ASW,CE,Combined TRACON& Tower with Radar,81,7,9,0,97,0,10,3,0,13,81,17,12,0,110,0,0,0,110
04/25/2020,MSY,LA,ASW,CE,Combined TRACON& Tower with Radar,60,1,0,0,61,0,1,3,2,6,60,2,3,2,67,0,0,0,67
04/26/2020,MSY,LA,ASW,CE,Combined TRACON& Tower with Radar,87,2,2,0,91,0,0,9,2,11,87,2,11,2,102,0,0,0,102
04/27/2020,MSY,LA,ASW,CE,Combined TRACON& Tower with Radar,73,5,2,0,80,0,9,9,1,19,73,14,11,1,99,0,0,0,99
04/28/2020,MSY,LA,ASW,CE,Combined TRACON& Tower with Radar,84,2,5,0,91,0,9,7,0,16,84,11,12,0,107,0,0,0,107
04/29/2020,MSY,LA,ASW,CE,Combined TRACON& Tower with Radar,72,4,4,0,80,0,4,0,0,4,72,8,4,0,84,0,0,0,84
04/30/2020,MSY,LA,ASW,CE,Combined TRACON& Tower with Radar,83,6,4,0,93,0,6,7,0,13,83,12,11,0,106,0,0,0,106
05/01/2020,MSY,LA,ASW,CE,Combined TRACON& Tower with Radar,92,9,10,0,111,0,10,8,2,20,92,19,18,2,131,0,0,0,131
05/02/2020,MSY,LA,ASW,CE,Combined TRACON& Tower with Radar,71,2,5,0,78,0,2,4,0,6,71,4,9,0,84,0,0,0,84
05/03/2020,MSY,LA,ASW,CE,Combined TRACON& Tower with Radar,80,0,4,0,84,0,1,2,2,5,80,1,6,2,89,0,0,0,89
05/04/2020,MSY,LA,ASW,CE,Combined TRACON& Tower with Radar,83,3,6,0,92,0,9,8,0,17,83,12,14,0,109,0,0,0,109
05/05/2020,MSY,LA,ASW,CE,Combined TRACON& Tower with Radar,74,7,6,0,87,0,11,0,0,11,74,18,6,0,98,0,0,0,98
05/06/2020,MSY,LA,ASW,CE,Combined TRACON& Tower with Radar,71,6,8,0,85,0,4,2,1,7,71,10,10,1,92,0,0,0,92
05/07/2020,MSY,LA,ASW,CE,Combined TRACON& Tower with Radar,78,8,3,3,92,0,7,2,3,12,78,15,5,6,104,0,0,0,104
05/08/2020,MSY,LA,ASW,CE,Combined TRACON& Tower with Radar,80,3,6,0,89,0,11,4,0,15,80,14,10,0,104,0,0,0,104
05/09/2020,MSY,LA,ASW,CE,Combined TRACON& Tower with Radar,72,4,3,0,79,0,0,1,0,1,72,4,4,0,80,0,0,0,80
05/10/2020,MSY,LA,ASW,CE,Combined TRACON& Tower with Radar,66,0,8,0,74,0,2,3,0,5,66,2,11,0,79,0,0,0,79
05/11/2020,MSY,LA,ASW,CE,Combined TRACON& Tower with Radar,70,6,11,0,87,0,11,8,4,23,70,17,19,4,110,0,0,0,110
05/12/2020,MSY,LA,ASW,CE,Combined TRACON& Tower with Radar,71,6,4,2,83,0,8,8,0,16,71,14,12,2,99,0,0,0,99
05/13/2020,MSY,LA,ASW,CE,Combined TRACON& Tower with Radar,73,8,8,0,89,0,8,2,4,14,73,16,10,4,103,0,0,0,103
05/14/2020,MSY,LA,ASW,CE,Combined TRACON& Tower with Radar,71,12,4,0,87,0,1,6,0,7,71,13,10,0,94,0,0,0,94
05/15/2020,MSY,LA,ASW,CE,Combined TRACON& Tower with Radar,85,5,2,0,92,0,0,0,0,0,85,5,2,0,92,0,0,0,92
05/16/2020,MSY,LA,ASW,CE,Combined TRACON& Tower with Radar,70,3,0,0,73,0,1,2,0,3,70,4,2,0,76,0,0,0,76
05/17/2020,MSY,LA,ASW,CE,Combined TRACON& Tower with Radar,67,7,7,0,81,0,1,3,0,4,67,8,10,0,85,0,0,0,85
05/18/2020,MSY,LA,ASW,CE,Combined TRACON& Tower with Radar,71,5,10,2,88,0,9,11,0,20,71,14,21,2,108,0,0,0,108
05/19/2020,MSY,LA,ASW,CE,Combined TRACON& Tower with Radar,71,8,4,0,83,0,0,5,3,8,71,8,9,3,91,0,0,0,91
05/20/2020,MSY,LA,ASW,CE,Combined TRACON& Tower with Radar,76,6,13,2,97,0,2,2,1,5,76,8,15,3,102,0,0,0,102
05/21/2020,MSY,LA,ASW,CE,Combined TRACON& Tower with Radar,85,5,6,6,102,0,7,12,0,19,85,12,18,6,121,0,0,0,121
05/22/2020,MSY,LA,ASW,CE,Combined TRACON& Tower with Radar,80,9,12,0,101,0,3,6,0,9,80,12,18,0,110,0,0,0,110
05/23/2020,MSY,LA,ASW,CE,Combined TRACON& Tower with Radar,73,0,5,2,80,0,1,3,0,4,73,1,8,2,84,0,0,0,84
05/24/2020,MSY,LA,ASW,CE,Combined TRACON& Tower with Radar,88,3,6,0,97,0,1,3,0,4,88,4,9,0,101,0,0,0,101
05/25/2020,MSY,LA,ASW,CE,Combined TRACON& Tower with Radar,70,7,8,0,85,0,0,6,0,6,70,7,14,0,91,0,0,0,91
05/26/2020,MSY,LA,ASW,CE,Combined TRACON& Tower with Radar,72,4,16,0,92,0,1,2,0,3,72,5,18,0,95,0,0,0,95
05/27/2020,MSY,LA,ASW,CE,Combined TRACON& Tower with Radar,73,6,10,5,94,0,7,19,1,27,73,13,29,6,121,0,0,0,121
05/28/2020,MSY,LA,ASW,CE,Combined TRACON& Tower with Radar,84,4,14,2,104,0,11,7,3,21,84,15,21,5,125,0,0,0,125
05/29/2020,MSY,LA,ASW,CE,Combined TRACON& Tower with Radar,78,4,14,0,96,0,1,5,0,6,78,5,19,0,102,0,0,0,102
05/30/2020,MSY,LA,ASW,CE,Combined TRACON& Tower with Radar,69,1,8,0,78,0,3,16,0,19,69,4,24,0,97,0,0,0,97
05/31/2020,MSY,LA,ASW,CE,Combined TRACON& Tower with Radar,70,4,11,0,85,0,3,8,2,13,70,7,19,2,98,0,0,0,98
06/01/2020,MSY,LA,ASW,CE,Combined TRACON& Tower with Radar,73,7,7,2,89,0,9,5,1,15,73,16,12,3,104,0,0,0,104
06/02/2020,MSY,LA,ASW,CE,Combined TRACON& Tower with Radar,72,4,11,0,87,0,12,7,0,19,72,16,18,0,106,0,0,0,106
06/03/2020,MSY,LA,ASW,CE,Combined TRACON& Tower with Radar,78,4,2,0,84,0,1,17,0,18,78,5,19,0,102,0,0,0,102
06/04/2020,MSY,LA,ASW,CE,Combined TRACON& Tower with Radar,89,5,15,0,109,0,9,5,3,17,89,14,20,3,126,0,0,0,126
06/05/2020,MSY,LA,ASW,CE,Combined TRACON& Tower with Radar,87,5,12,0,104,0,7,6,0,13,87,12,18,0,117,0,0,0,117
06/06/2020,MSY,LA,ASW,CE,Combined TRACON& Tower with Radar,78,5,2,0,85,0,1,3,0,4,78,6,5,0,89,0,0,0,89
06/07/2020,MSY,LA,ASW,CE,Combined TRACON& Tower with Radar,38,0,2,0,40,0,0,0,0,0,38,0,2,0,40,0,0,0,40
06/08/2020,MSY,LA,ASW,CE,Combined TRACON& Tower with Radar,98,6,3,0,107,0,0,0,1,1,98,6,3,1,108,0,0,0,108
06/09/2020,MSY,LA,ASW,CE,Combined TRACON& Tower with Radar,104,8,17,0,129,0,0,10,0,10,104,8,27,0,139,0,0,0,139
06/10/2020,MSY,LA,ASW,CE,Combined TRACON& Tower with Radar,102,7,16,2,127,0,2,19,1,22,102,9,35,3,149,0,0,0,149
06/11/2020,MSY,LA,ASW,CE,Combined TRACON& Tower with Radar,114,11,16,2,143,0,8,7,4,19,114,19,23,6,162,0,0,0,162
06/12/2020,MSY,LA,ASW,CE,Combined TRACON& Tower with Radar,109,9,7,0,125,0,6,13,0,19,109,15,20,0,144,0,0,0,144
06/13/2020,MSY,LA,ASW,CE,Combined TRACON& Tower with Radar,97,0,5,0,102,0,1,6,0,7,97,1,11,0,109,0,0,0,109
06/14/2020,MSY,LA,ASW,CE,Combined TRACON& Tower with Radar,110,4,4,0,118,0,0,7,0,7,110,4,11,0,125,0,0,0,125
06/15/2020,MSY,LA,ASW,CE,Combined TRACON& Tower with Radar,108,19,22,0,149,0,8,2,0,10,108,27,24,0,159,0,0,0,159
06/16/2020,MSY,LA,ASW,CE,Combined TRACON& Tower with Radar,104,4,9,1,118,0,9,2,1,12,104,13,11,2,130,0,0,0,130
06/17/2020,MSY,LA,ASW,CE,Combined TRACON& Tower with Radar,104,3,17,0,124,0,8,12,2,22,104,11,29,2,146,0,0,0,146
06/18/2020,MSY,LA,ASW,CE,Combined TRACON& Tower with Radar,116,9,15,0,140,0,11,11,0,22,116,20,26,0,162,0,0,0,162
06/19/2020,MSY,LA,ASW,CE,Combined TRACON& Tower with Radar,114,10,18,0,142,0,6,8,0,14,114,16,26,0,156,0,0,0,156
06/20/2020,MSY,LA,ASW,CE,Combined TRACON& Tower with Radar,95,4,3,0,102,0,1,8,0,9,95,5,11,0,111,0,0,0,111
06/21/2020,MSY,LA,ASW,CE,Combined TRACON& Tower with Radar,110,1,13,0,124,0,0,12,0,12,110,1,25,0,136,0,0,0,136
06/22/2020,MSY,LA,ASW,CE,Combined TRACON& Tower with Radar,113,8,12,0,133,0,0,1,1,2,113,8,13,1,135,0,0,0,135
06/23/2020,MSY,LA,ASW,CE,Combined TRACON& Tower with Radar,109,3,19,1,132,0,3,5,0,8,109,6,24,1,140,0,0,0,140
06/24/2020,MSY,LA,ASW,CE,Combined TRACON& Tower with Radar,109,7,12,0,128,0,1,0,0,1,109,8,12,0,129,0,0,0,129
06/25/2020,MSY,LA,ASW,CE,Combined TRACON& Tower with Radar,124,7,18,0,149,0,1,6,0,7,124,8,24,0,156,0,0,0,156
06/26/2020,MSY,LA,ASW,CE,Combined TRACON& Tower with Radar,121,10,13,2,146,0,2,19,3,24,121,12,32,5,170,0,0,0,170
06/27/2020,MSY,LA,ASW,CE,Combined TRACON& Tower with Radar,101,7,12,2,122,0,2,8,0,10,101,9,20,2,132,0,0,0,132
06/28/2020,MSY,LA,ASW,CE,Combined TRACON& Tower with Radar,111,3,15,2,131,0,2,6,1,9,111,5,21,3,140,0,0,0,140
06/29/2020,MSY,LA,ASW,CE,Combined TRACON& Tower with Radar,115,7,10,0,132,0,11,3,0,14,115,18,13,0,146,0,0,0,146
06/30/2020,MSY,LA,ASW,CE,Combined TRACON& Tower with Radar,108,11,18,1,138,0,11,10,6,27,108,22,28,7,165,0,0,0,165
07/01/2020,MSY,LA,ASW,CE,Combined TRACON& Tower with Radar,130,11,28,0,169,0,12,7,0,19,130,23,35,0,188,0,0,0,188
07/02/2020,MSY,LA,ASW,CE,Combined TRACON& Tower with Radar,150,11,31,2,194,0,3,6,0,9,150,14,37,2,203,0,0,0,203
07/03/2020,MSY,LA,ASW,CE,Combined TRACON& Tower with Radar,152,7,10,0,169,0,0,3,0,3,152,7,13,0,172,0,0,0,172
07/04/2020,MSY,LA,ASW,CE,Combined TRACON& Tower with Radar,104,8,2,0,114,0,0,2,0,2,104,8,4,0,116,0,0,0,116
07/05/2020,MSY,LA,ASW,CE,Combined TRACON& Tower with Radar,137,10,19,0,166,0,3,5,0,8,137,13,24,0,174,0,0,0,174
07/06/2020,MSY,LA,ASW,CE,Combined TRACON& Tower with Radar,156,8,19,2,185,0,1,0,0,1,156,9,19,2,186,0,0,0,186
07/07/2020,MSY,LA,ASW,CE,Combined TRACON& Tower with Radar,144,12,11,0,167,0,0,3,0,3,144,12,14,0,170,0,0,0,170
07/08/2020,MSY,LA,ASW,CE,Combined TRACON& Tower with Radar,145,13,23,0,181,0,6,4,0,10,145,19,27,0,191,0,0,0,191
07/09/2020,MSY,LA,ASW,CE,Combined TRACON& Tower with Radar,162,8,15,0,185,0,15,13,1,29,162,23,28,1,214,0,0,0,214
07/10/2020,MSY,LA,ASW,CE,Combined TRACON& Tower with Radar,169,6,19,0,194,0,7,3,5,15,169,13,22,5,209,0,0,0,209
07/11/2020,MSY,LA,ASW,CE,Combined TRACON& Tower with Radar,147,8,12,2,169,0,4,1,0,5,147,12,13,2,174,0,0,0,174
07/12/2020,MSY,LA,ASW,CE,Combined TRACON& Tower with Radar,158,16,12,0,186,0,4,5,0,9,158,20,17,0,195,0,0,0,195
07/13/2020,MSY,LA,ASW,CE,Combined TRACON& Tower with Radar,162,18,20,0,200,0,4,3,0,7,162,22,23,0,207,0,0,0,207
07/14/2020,MSY,LA,ASW,CE,Combined TRACON& Tower with Radar,147,9,24,0,180,0,12,6,0,18,147,21,30,0,198,0,0,0,198
07/15/2020,MSY,LA,ASW,CE,Combined TRACON& Tower with Radar,146,13,19,1,179,0,7,5,0,12,146,20,24,1,191,0,0,0,191
07/16/2020,MSY,LA,ASW,CE,Combined TRACON& Tower with Radar,177,16,23,0,216,0,16,1,0,17,177,32,24,0,233,0,0,0,233
07/17/2020,MSY,LA,ASW,CE,Combined TRACON& Tower with Radar,182,16,15,2,215,0,5,6,1,12,182,21,21,3,227,0,0,0,227
07/18/2020,MSY,LA,ASW,CE,Combined TRACON& Tower with Radar,150,11,16,0,177,0,0,10,0,10,150,11,26,0,187,0,0,0,187
07/19/2020,MSY,LA,ASW,CE,Combined TRACON& Tower with Radar,153,8,31,0,192,0,2,2,0,4,153,10,33,0,196,0,0,0,196
07/20/2020,MSY,LA,ASW,CE,Combined TRACON& Tower with Radar,167,4,21,2,194,0,12,6,2,20,167,16,27,4,214,0,0,0,214
07/21/2020,MSY,LA,ASW,CE,Combined TRACON& Tower with Radar,141,11,7,0,159,0,6,3,1,10,141,17,10,1,169,0,0,0,169
07/22/2020,MSY,LA,ASW,CE,Combined TRACON& Tower with Radar,144,14,38,4,200,0,7,5,0,12,144,21,43,4,212,0,0,0,212
07/23/2020,MSY,LA,ASW,CE,Combined TRACON& Tower with Radar,170,10,24,0,204,0,4,5,0,9,170,14,29,0,213,0,0,0,213
07/24/2020,MSY,LA,ASW,CE,Combined TRACON& Tower with Radar,174,20,16,0,210,0,1,0,0,1,174,21,16,0,211,0,0,0,211
07/25/2020,MSY,LA,ASW,CE,Combined TRACON& Tower with Radar,144,14,13,0,171,0,0,9,0,9,144,14,22,0,180,0,0,0,180
07/26/2020,MSY,LA,ASW,CE,Combined TRACON& Tower with Radar,156,17,19,4,196,0,0,3,0,3,156,17,22,4,199,0,0,0,199
07/27/2020,MSY,LA,ASW,CE,Combined TRACON& Tower with Radar,161,5,29,2,197,0,1,0,0,1,161,6,29,2,198,0,0,0,198
07/28/2020,MSY,LA,ASW,CE,Combined TRACON& Tower with Radar,142,10,15,0,167,0,5,2,2,9,142,15,17,2,176,0,0,0,176
07/29/2020,MSY,LA,ASW,CE,Combined TRACON& Tower with Radar,142,6,29,6,183,0,9,0,1,10,142,15,29,7,193,0,0,0,193
07/30/2020,MSY,LA,ASW,CE,Combined TRACON& Tower with Radar,165,11,27,4,207,0,10,7,2,19,165,21,34,6,226,0,0,0,226
07/31/2020,MSY,LA,ASW,CE,Combined TRACON& Tower with Radar,167,9,19,2,197,0,9,11,0,20,167,18,30,2,217,0,0,0,217
08/01/2020,MSY,LA,ASW,CE,Combined TRACON& Tower with Radar,158,12,25,0,195,0,0,4,0,4,158,12,29,0,199,0,0,0,199
08/02/2020,MSY,LA,ASW,CE,Combined TRACON& Tower with Radar,166,23,28,0,217,0,0,12,0,12,166,23,40,0,229,0,0,0,229
08/03/2020,MSY,LA,ASW,CE,Combined TRACON& Tower with Radar,170,17,34,0,221,0,8,20,6,34,170,25,54,6,255,0,0,0,255
08/04/2020,MSY,LA,ASW,CE,Combined TRACON& Tower with Radar,142,10,16,0,168,0,11,9,1,21,142,21,25,1,189,0,0,0,189
08/05/2020,MSY,LA,ASW,CE,Combined TRACON& Tower with Radar,142,12,18,2,174,0,11,10,2,23,142,23,28,4,197,0,0,0,197
08/06/2020,MSY,LA,ASW,CE,Combined TRACON& Tower with Radar,172,9,12,2,195,0,5,8,4,17,172,14,20,6,212,0,0,0,212
08/07/2020,MSY,LA,ASW,CE,Combined TRACON& Tower with Radar,172,21,29,4,226,0,6,6,0,12,172,27,35,4,238,0,0,0,238
08/08/2020,MSY,LA,ASW,CE,Combined TRACON& Tower with Radar,151,19,22,0,192,0,2,7,0,9,151,21,29,0,201,0,0,0,201
08/09/2020,MSY,LA,ASW,CE,Combined TRACON& Tower with Radar,160,22,21,0,203,0,4,13,1,18,160,26,34,1,221,0,0,0,221
08/10/2020,MSY,LA,ASW,CE,Combined TRACON& Tower with Radar,162,24,28,0,214,0,14,2,1,17,162,38,30,1,231,0,0,0,231
08/11/2020,MSY,LA,ASW,CE,Combined TRACON& Tower with Radar,147,20,37,0,204,0,11,2,0,13,147,31,39,0,217,0,0,0,217
08/12/2020,MSY,LA,ASW,CE,Combined TRACON& Tower with Radar,153,20,36,0,209,0,12,5,0,17,153,32,41,0,226,0,0,0,226
08/13/2020,MSY,LA,ASW,CE,Combined TRACON& Tower with Radar,174,27,38,0,239,0,10,3,0,13,174,37,41,0,252,0,0,0,252
08/14/2020,MSY,LA,ASW,CE,Combined TRACON& Tower with Radar,176,11,37,2,226,0,4,12,0,16,176,15,49,2,242,0,0,0,242
08/15/2020,MSY,LA,ASW,CE,Combined TRACON& Tower with Radar,148,3,20,0,171,0,4,7,0,11,148,7,27,0,182,0,0,0,182
08/16/2020,MSY,LA,ASW,CE,Combined TRACON& Tower with Radar,155,8,18,0,181,0,4,6,4,14,155,12,24,4,195,0,0,0,195
08/17/2020,MSY,LA,ASW,CE,Combined TRACON& Tower with Radar,168,10,25,0,203,0,12,8,2,22,168,22,33,2,225,0,0,0,225
08/18/2020,MSY,LA,ASW,CE,Combined TRACON& Tower with Radar,140,19,23,0,182,0,8,5,7,20,140,27,28,7,202,0,0,0,202
08/19/2020,MSY,LA,ASW,CE,Combined TRACON& Tower with Radar,139,11,25,2,177,0,7,13,0,20,139,18,38,2,197,0,0,0,197
08/20/2020,MSY,LA,ASW,CE,Combined TRACON& Tower with Radar,172,15,31,3,221,0,1,10,0,11,172,16,41,3,232,0,0,0,232
08/21/2020,MSY,LA,ASW,CE,Combined TRACON& Tower with Radar,169,9,18,0,196,0,13,10,2,25,169,22,28,2,221,0,0,0,221
08/22/2020,MSY,LA,ASW,CE,Combined TRACON& Tower with Radar,139,5,16,0,160,0,1,2,1,4,139,6,18,1,164,0,0,0,164
08/23/2020,MSY,LA,ASW,CE,Combined TRACON& Tower with Radar,159,20,32,0,211,0,3,1,0,4,159,23,33,0,215,0,0,0,215
08/24/2020,MSY,LA,ASW,CE,Combined TRACON& Tower with Radar,122,4,4,0,130,0,1,1,0,2,122,5,5,0,132,0,0,0,132
08/25/2020,MSY,LA,ASW,CE,Combined TRACON& Tower with Radar,134,10,13,0,157,0,0,1,0,1,134,10,14,0,158,0,0,0,158
08/26/2020,MSY,LA,ASW,CE,Combined TRACON& Tower with Radar,124,11,5,1,141,0,0,0,0,0,124,11,5,1,141,0,0,0,141
08/27/2020,MSY,LA,ASW,CE,Combined TRACON& Tower with Radar,165,2,5,7,179,0,6,0,3,9,165,8,5,10,188,0,0,0,188
08/28/2020,MSY,LA,ASW,CE,Combined TRACON& Tower with Radar,166,18,20,7,211,0,0,1,6,7,166,18,21,13,218,0,0,0,218
08/29/2020,MSY,LA,ASW,CE,Combined TRACON& Tower with Radar,138,10,18,1,167,0,1,3,1,5,138,11,21,2,172,0,0,0,172
08/30/2020,MSY,LA,ASW,CE,Combined TRACON& Tower with Radar,154,17,28,0,199,0,2,5,1,8,154,19,33,1,207,0,0,0,207
08/31/2020,MSY,LA,ASW,CE,Combined TRACON& Tower with Radar,154,11,21,2,188,1,7,5,2,15,155,18,26,4,203,0,0,0,203
09/01/2020,MSY,LA,ASW,CE,Combined TRACON& Tower with Radar,137,11,28,0,176,0,8,11,8,27,137,19,39,8,203,0,0,0,203
09/02/2020,MSY,LA,ASW,CE,Combined TRACON& Tower with Radar,132,7,29,2,170,0,7,23,5,35,132,14,52,7,205,0,0,0,205
09/03/2020,MSY,LA,ASW,CE,Combined TRACON& Tower with Radar,175,15,46,5,241,0,13,6,2,21,175,28,52,7,262,0,0,0,262
09/04/2020,MSY,LA,ASW,CE,Combined TRACON& Tower with Radar,169,20,34,8,231,0,4,6,0,10,169,24,40,8,241,0,0,0,241
09/05/2020,MSY,LA,ASW,CE,Combined TRACON& Tower with Radar,135,3,17,0,155,0,4,10,1,15,135,7,27,1,170,0,0,0,170
09/06/2020,MSY,LA,ASW,CE,Combined TRACON& Tower with Radar,118,3,27,0,148,0,2,5,0,7,118,5,32,0,155,0,0,0,155
09/07/2020,MSY,LA,ASW,CE,Combined TRACON& Tower with Radar,124,9,28,0,161,0,1,5,2,8,124,10,33,2,169,0,0,0,169
09/08/2020,MSY,LA,ASW,CE,Combined TRACON& Tower with Radar,107,21,18,2,148,0,18,14,2,34,107,39,32,4,182,0,0,0,182
09/09/2020,MSY,LA,ASW,CE,Combined TRACON& Tower with Radar,107,8,24,0,139,0,5,6,2,13,107,13,30,2,152,0,0,0,152
09/10/2020,MSY,LA,ASW,CE,Combined TRACON& Tower with Radar,141,10,33,2,186,0,6,7,2,15,141,16,40,4,201,0,0,0,201
09/11/2020,MSY,LA,ASW,CE,Combined TRACON& Tower with Radar,134,19,29,2,184,0,2,13,0,15,134,21,42,2,199,0,0,0,199
09/12/2020,MSY,LA,ASW,CE,Combined TRACON& Tower with Radar,114,14,11,2,141,0,5,5,0,10,114,19,16,2,151,0,0,0,151
09/13/2020,MSY,LA,ASW,CE,Combined TRACON& Tower with Radar,136,23,32,0,191,0,2,11,0,13,136,25,43,0,204,0,0,0,204
09/14/2020,MSY,LA,ASW,CE,Combined TRACON& Tower with Radar,99,13,17,0,129,0,2,3,0,5,99,15,20,0,134,0,0,0,134
09/15/2020,MSY,LA,ASW,CE,Combined TRACON& Tower with Radar,64,3,5,0,72,0,8,0,0,8,64,11,5,0,80,0,0,0,80
09/16/2020,MSY,LA,ASW,CE,Combined TRACON& Tower with Radar,99,12,14,1,126,0,5,7,3,15,99,17,21,4,141,0,0,0,141
09/17/2020,MSY,LA,ASW,CE,Combined TRACON& Tower with Radar,139,13,28,4,184,0,9,7,3,19,139,22,35,7,203,0,0,0,203
09/18/2020,MSY,LA,ASW,CE,Combined TRACON& Tower with Radar,137,11,27,2,177,0,9,4,0,13,137,20,31,2,190,0,0,0,190
09/19/2020,MSY,LA,ASW,CE,Combined TRACON& Tower with Radar,116,7,21,0,144,0,0,1,0,1,116,7,22,0,145,0,0,0,145
09/20/2020,MSY,LA,ASW,CE,Combined TRACON& Tower with Radar,136,5,18,0,159,0,0,1,0,1,136,5,19,0,160,0,0,0,160
09/21/2020,MSY,LA,ASW,CE,Combined TRACON& Tower with Radar,126,7,26,0,159,0,0,0,0,0,126,7,26,0,159,0,0,0,159
09/22/2020,MSY,LA,ASW,CE,Combined TRACON& Tower with Radar,109,7,20,0,136,0,0,0,0,0,109,7,20,0,136,0,0,0,136
09/23/2020,MSY,LA,ASW,CE,Combined TRACON& Tower with Radar,109,8,12,0,129,0,0,1,0,1,109,8,13,0,130,0,0,0,130
09/24/2020,MSY,LA,ASW,CE,Combined TRACON& Tower with Radar,143,14,35,1,193,0,9,0,0,9,143,23,35,1,202,0,0,0,202
09/25/2020,MSY,LA,ASW,CE,Combined TRACON& Tower with Radar,136,16,31,1,184,0,5,6,3,14,136,21,37,4,198,0,0,0,198
09/26/2020,MSY,LA,ASW,CE,Combined TRACON& Tower with Radar,113,17,26,0,156,0,2,9,0,11,113,19,35,0,167,0,0,0,167
09/27/2020,MSY,LA,ASW,CE,Combined TRACON& Tower with Radar,134,17,37,2,190,0,3,12,0,15,134,20,49,2,205,0,0,0,205
09/28/2020,MSY,LA,ASW,CE,Combined TRACON& Tower with Radar,127,19,22,0,168,0,6,1,2,9,127,25,23,2,177,0,0,0,177
09/29/2020,MSY,LA,ASW,CE,Combined TRACON& Tower with Radar,109,16,28,0,153,0,1,8,1,10,109,17,36,1,163,0,0,0,163
09/30/2020,MSY,LA,ASW,CE,Combined TRACON& Tower with Radar,111,4,40,0,155,0,5,7,0,12,111,9,47,0,167,0,0,0,167
10/01/2020,MSY,LA,ASW,CE,Combined TRACON& Tower with Radar,151,15,30,4,200,0,11,5,0,16,151,26,35,4,216,0,0,0,216
10/02/2020,MSY,LA,ASW,CE,Combined TRACON& Tower with Radar,156,15,40,1,212,0,15,6,0,21,156,30,46,1,233,0,0,0,233
10/03/2020,MSY,LA,ASW,CE,Combined TRACON& Tower with Radar,128,2,16,0,146,0,3,4,1,8,128,5,20,1,154,0,0,0,154
10/04/2020,MSY,LA,ASW,CE,Combined TRACON& Tower with Radar,150,15,24,0,189,0,1,6,1,8,150,16,30,1,197,0,0,0,197
10/05/2020,MSY,LA,ASW,CE,Combined TRACON& Tower with Radar,141,9,19,1,170,0,6,7,1,14,141,15,26,2,184,0,0,0,184
10/06/2020,MSY,LA,ASW,CE,Combined TRACON& Tower with Radar,115,14,30,0,159,0,3,3,2,8,115,17,33,2,167,0,0,0,167
10/07/2020,MSY,LA,ASW,CE,Combined TRACON& Tower with Radar,118,17,35,2,172,0,7,7,0,14,118,24,42,2,186,0,0,0,186
10/08/2020,MSY,LA,ASW,CE,Combined TRACON& Tower with Radar,180,7,31,0,218,0,0,0,0,0,180,7,31,0,218,0,0,0,218
10/09/2020,MSY,LA,ASW,CE,Combined TRACON& Tower with Radar,180,5,4,0,189,0,0,0,0,0,180,5,4,0,189,0,0,0,189
10/10/2020,MSY,LA,ASW,CE,Combined TRACON& Tower with Radar,140,6,8,8,162,0,3,1,1,5,140,9,9,9,167,0,0,0,167
10/11/2020,MSY,LA,ASW,CE,Combined TRACON& Tower with Radar,170,10,12,2,194,0,8,3,4,15,170,18,15,6,209,0,0,0,209
10/12/2020,MSY,LA,ASW,CE,Combined TRACON& Tower with Radar,168,17,23,0,208,0,3,5,0,8,168,20,28,0,216,0,0,0,216
10/13/2020,MSY,LA,ASW,CE,Combined TRACON& Tower with Radar,127,8,22,2,159,0,7,5,0,12,127,15,27,2,171,0,0,0,171
10/14/2020,MSY,LA,ASW,CE,Combined TRACON& Tower with Radar,126,12,26,1,165,0,18,12,3,33,126,30,38,4,198,0,0,0,198
10/15/2020,MSY,LA,ASW,CE,Combined TRACON& Tower with Radar,180,16,36,0,232,0,10,12,4,26,180,26,48,4,258,0,0,0,258
10/16/2020,MSY,LA,ASW,CE,Combined TRACON& Tower with Radar,177,12,33,2,224,0,0,9,1,10,177,12,42,3,234,0,0,0,234
10/17/2020,MSY,LA,ASW,CE,Combined TRACON& Tower with Radar,140,4,7,0,151,0,3,8,0,11,140,7,15,0,162,0,0,0,162
10/18/2020,MSY,LA,ASW,CE,Combined TRACON& Tower with Radar,171,22,21,0,214,0,5,6,1,12,171,27,27,1,226,0,0,0,226
10/19/2020,MSY,LA,ASW,CE,Combined TRACON& Tower with Radar,160,13,32,1,206,0,0,5,1,6,160,13,37,2,212,0,0,0,212
10/20/2020,MSY,LA,ASW,CE,Combined TRACON& Tower with Radar,121,13,34,0,168,0,11,8,0,19,121,24,42,0,187,0,0,0,187
10/21/2020,MSY,LA,ASW,CE,Combined TRACON& Tower with Radar,121,13,19,0,153,0,15,6,0,21,121,28,25,0,174,0,0,0,174
10/22/2020,MSY,LA,ASW,CE,Combined TRACON& Tower with Radar,173,14,24,2,213,0,3,2,1,6,173,17,26,3,219,0,0,0,219
10/23/2020,MSY,LA,ASW,CE,Combined TRACON& Tower with Radar,174,13,12,1,200,0,5,0,1,6,174,18,12,2,206,0,0,0,206
10/24/2020,MSY,LA,ASW,CE,Combined TRACON& Tower with Radar,137,5,33,4,179,0,1,0,0,1,137,6,33,4,180,0,0,0,180
10/25/2020,MSY,LA,ASW,CE,Combined TRACON& Tower with Radar,161,14,25,0,200,0,2,2,1,5,161,16,27,1,205,0,0,0,205
10/26/2020,MSY,LA,ASW,CE,Combined TRACON& Tower with Radar,151,12,27,1,191,0,10,4,0,14,151,22,31,1,205,0,0,0,205
10/27/2020,MSY,LA,ASW,CE,Combined TRACON& Tower with Radar,120,13,21,2,156,0,2,2,0,4,120,15,23,2,160,0,0,0,160
10/28/2020,MSY,LA,ASW,CE,Combined TRACON& Tower with Radar,65,3,5,0,73,0,0,0,0,0,65,3,5,0,73,0,0,0,73
10/29/2020,MSY,LA,ASW,CE,Combined TRACON& Tower with Radar,162,13,22,3,200,0,5,17,10,32,162,18,39,13,232,0,0,0,232
10/30/2020,MSY,LA,ASW,CE,Combined TRACON& Tower with Radar,167,15,25,2,209,0,5,12,6,23,167,20,37,8,232,0,0,0,232
10/31/2020,MSY,LA,ASW,CE,Combined TRACON& Tower with Radar,115,10,6,0,131,0,0,11,3,14,115,10,17,3,145,0,0,0,145
11/01/2020,MSY,LA,ASW,CE,Combined TRACON& Tower with Radar,154,8,19,0,181,0,1,10,0,11,154,9,29,0,192,0,0,0,192
11/02/2020,MSY,LA,ASW,CE,Combined TRACON& Tower with Radar,158,8,10,4,180,0,9,17,0,26,158,17,27,4,206,0,0,0,206
11/03/2020,MSY,LA,ASW,CE,Combined TRACON& Tower with Radar,114,13,14,0,141,0,12,12,0,24,114,25,26,0,165,0,0,0,165
11/04/2020,MSY,LA,ASW,CE,Combined TRACON& Tower with Radar,120,6,13,0,139,0,11,17,2,30,120,17,30,2,169,0,0,0,169
11/05/2020,MSY,LA,ASW,CE,Combined TRACON& Tower with Radar,197,6,18,3,224,0,15,6,0,21,197,21,24,3,245,0,0,0,245
11/06/2020,MSY,LA,ASW,CE,Combined TRACON& Tower with Radar,197,9,19,4,229,0,8,6,1,15,197,17,25,5,244,0,0,0,244
11/07/2020,MSY,LA,ASW,CE,Combined TRACON& Tower with Radar,129,2,9,0,140,0,2,5,0,7,129,4,14,0,147,0,0,0,147
11/08/2020,MSY,LA,ASW,CE,Combined TRACON& Tower with Radar,199,8,25,2,234,0,0,0,0,0,199,8,25,2,234,0,0,0,234
11/09/2020,MSY,LA,ASW,CE,Combined TRACON& Tower with Radar,183,12,24,1,220,0,12,9,0,21,183,24,33,1,241,0,0,0,241
11/10/2020,MSY,LA,ASW,CE,Combined TRACON& Tower with Radar,120,25,8,5,158,0,3,0,2,5,120,28,8,7,163,0,0,0,163
11/11/2020,MSY,LA,ASW,CE,Combined TRACON& Tower with Radar,128,10,17,0,155,0,1,3,1,5,128,11,20,1,160,0,0,0,160
11/12/2020,MSY,LA,ASW,CE,Combined TRACON& Tower with Radar,192,11,12,5,220,0,3,2,0,5,192,14,14,5,225,0,0,0,225
11/13/2020,MSY,LA,ASW,CE,Combined TRACON& Tower with Radar,194,9,22,2,227,0,11,8,0,19,194,20,30,2,246,0,0,0,246
11/14/2020,MSY,LA,ASW,CE,Combined TRACON& Tower with Radar,132,5,14,0,151,0,1,8,0,9,132,6,22,0,160,0,0,0,160
11/15/2020,MSY,LA,ASW,CE,Combined TRACON& Tower with Radar,195,15,17,0,227,0,0,5,2,7,195,15,22,2,234,0,0,0,234
11/16/2020,MSY,LA,ASW,CE,Combined TRACON& Tower with Radar,177,6,11,0,194,0,7,4,2,13,177,13,15,2,207,0,0,0,207
11/17/2020,MSY,LA,ASW,CE,Combined TRACON& Tower with Radar,120,7,17,0,144,0,17,2,0,19,120,24,19,0,163,0,0,0,163
11/18/2020,MSY,LA,ASW,CE,Combined TRACON& Tower with Radar,139,14,20,2,175,0,10,3,3,16,139,24,23,5,191,0,0,0,191
11/19/2020,MSY,LA,ASW,CE,Combined TRACON& Tower with Radar,194,10,29,2,235,0,17,6,6,29,194,27,35,8,264,0,0,0,264
11/20/2020,MSY,LA,ASW,CE,Combined TRACON& Tower with Radar,208,13,23,0,244,0,7,5,1,13,208,20,28,1,257,0,0,0,257
11/21/2020,MSY,LA,ASW,CE,Combined TRACON& Tower with Radar,180,8,9,0,197,0,0,3,0,3,180,8,12,0,200,0,0,0,200
11/22/2020,MSY,LA,ASW,CE,Combined TRACON& Tower with Radar,194,9,25,0,228,0,3,3,0,6,194,12,28,0,234,0,0,0,234
11/23/2020,MSY,LA,ASW,CE,Combined TRACON& Tower with Radar,180,10,15,2,207,0,0,10,1,11,180,10,25,3,218,0,0,0,218
11/24/2020,MSY,LA,ASW,CE,Combined TRACON& Tower with Radar,198,15,15,4,232,0,14,7,0,21,198,29,22,4,253,0,0,0,253
11/25/2020,MSY,LA,ASW,CE,Combined TRACON& Tower with Radar,199,9,20,0,228,0,0,1,0,1,199,9,21,0,229,0,0,0,229
11/26/2020,MSY,LA,ASW,CE,Combined TRACON& Tower with Radar,106,1,4,1,112,0,0,1,0,1,106,1,5,1,113,0,0,0,113
11/27/2020,MSY,LA,ASW,CE,Combined TRACON& Tower with Radar,168,14,11,0,193,0,0,0,0,0,168,14,11,0,193,0,0,0,193
11/28/2020,MSY,LA,ASW,CE,Combined TRACON& Tower with Radar,208,10,11,0,229,0,2,1,0,3,208,12,12,0,232,0,0,0,232
11/29/2020,MSY,LA,ASW,CE,Combined TRACON& Tower with Radar,211,13,15,0,239,0,0,1,0,1,211,13,16,0,240,0,0,0,240
11/30/2020,MSY,LA,ASW,CE,Combined TRACON& Tower with Radar,201,13,13,0,227,0,2,0,0,2,201,15,13,0,229,0,0,0,229
12/01/2020,MSY,LA,ASW,CE,Combined TRACON& Tower with Radar,173,13,25,0,211,0,15,3,0,18,173,28,28,0,229,0,0,0,229
12/02/2020,MSY,LA,ASW,CE,Combined TRACON& Tower with Radar,117,9,14,2,142,0,7,6,4,17,117,16,20,6,159,0,0,0,159
12/03/2020,MSY,LA,ASW,CE,Combined TRACON& Tower with Radar,159,4,18,0,181,0,4,2,0,6,159,8,20,0,187,0,0,0,187
12/04/2020,MSY,LA,ASW,CE,Combined TRACON& Tower with Radar,150,10,24,0,184,0,1,11,0,12,150,11,35,0,196,0,0,0,196
12/05/2020,MSY,LA,ASW,CE,Combined TRACON& Tower with Radar,111,2,6,0,119,0,0,8,0,8,111,2,14,0,127,0,0,0,127
12/06/2020,MSY,LA,ASW,CE,Combined TRACON& Tower with Radar,154,6,13,0,173,0,2,8,0,10,154,8,21,0,183,0,0,0,183
12/07/2020,MSY,LA,ASW,CE,Combined TRACON& Tower with Radar,144,9,9,2,164,0,5,1,1,7,144,14,10,3,171,0,0,0,171
12/08/2020,MSY,LA,ASW,CE,Combined TRACON& Tower with Radar,112,12,26,3,153,0,5,8,0,13,112,17,34,3,166,0,0,0,166
12/09/2020,MSY,LA,ASW,CE,Combined TRACON& Tower with Radar,112,11,8,0,131,0,8,6,1,15,112,19,14,1,146,0,0,0,146
12/10/2020,MSY,LA,ASW,CE,Combined TRACON& Tower with Radar,167,8,15,4,194,0,7,1,3,11,167,15,16,7,205,0,0,0,205
12/11/2020,MSY,LA,ASW,CE,Combined TRACON& Tower with Radar,150,4,18,0,172,0,11,4,1,16,150,15,22,1,188,0,0,0,188
12/12/2020,MSY,LA,ASW,CE,Combined TRACON& Tower with Radar,110,7,6,0,123,0,1,11,0,12,110,8,17,0,135,0,0,0,135
12/13/2020,MSY,LA,ASW,CE,Combined TRACON& Tower with Radar,154,12,4,22,192,0,1,0,0,1,154,13,4,22,193,0,0,0,193
12/14/2020,MSY,LA,ASW,CE,Combined TRACON& Tower with Radar,140,11,9,0,160,0,1,9,0,10,140,12,18,0,170,0,0,0,170
12/15/2020,MSY,LA,ASW,CE,Combined TRACON& Tower with Radar,115,13,13,0,141,0,8,3,0,11,115,21,16,0,152,0,0,0,152
12/16/2020,MSY,LA,ASW,CE,Combined TRACON& Tower with Radar,129,10,22,0,161,0,2,1,0,3,129,12,23,0,164,0,0,0,164
12/17/2020,MSY,LA,ASW,CE,Combined TRACON& Tower with Radar,179,7,18,0,204,0,9,4,2,15,179,16,22,2,219,0,0,0,219
12/18/2020,MSY,LA,ASW,CE,Combined TRACON& Tower with Radar,185,14,25,2,226,0,12,8,4,24,185,26,33,6,250,0,0,0,250
12/19/2020,MSY,LA,ASW,CE,Combined TRACON& Tower with Radar,189,9,14,0,212,0,2,5,0,7,189,11,19,0,219,0,0,0,219
12/20/2020,MSY,LA,ASW,CE,Combined TRACON& Tower with Radar,183,26,12,3,224,0,1,3,0,4,183,27,15,3,228,0,0,0,228
12/21/2020,MSY,LA,ASW,CE,Combined TRACON& Tower with Radar,184,11,11,0,206,0,7,1,0,8,184,18,12,0,214,0,0,0,214
12/22/2020,MSY,LA,ASW,CE,Combined TRACON& Tower with Radar,188,13,9,2,212,0,10,1,1,12,188,23,10,3,224,0,0,0,224
12/23/2020,MSY,LA,ASW,CE,Combined TRACON& Tower with Radar,196,8,27,0,231,0,7,5,0,12,196,15,32,0,243,0,0,0,243
12/24/2020,MSY,LA,ASW,CE,Combined TRACON& Tower with Radar,145,7,5,0,157,0,0,3,0,3,145,7,8,0,160,0,0,0,160
12/25/2020,MSY,LA,ASW,CE,Combined TRACON& Tower with Radar,111,13,9,0,133,0,0,7,0,7,111,13,16,0,140,0,0,0,140
12/26/2020,MSY,LA,ASW,CE,Combined TRACON& Tower with Radar,174,7,15,0,196,0,0,5,0,5,174,7,20,0,201,0,0,0,201
12/27/2020,MSY,LA,ASW,CE,Combined TRACON& Tower with Radar,185,11,17,0,213,0,1,9,0,10,185,12,26,0,223,0,0,0,223
12/28/2020,MSY,LA,ASW,CE,Combined TRACON& Tower with Radar,175,12,25,0,212,0,3,10,4,17,175,15,35,4,229,0,0,0,229
12/29/2020,MSY,LA,ASW,CE,Combined TRACON& Tower with Radar,184,14,18,4,220,0,6,11,0,17,184,20,29,4,237,0,0,0,237
12/30/2020,MSY,LA,ASW,CE,Combined TRACON& Tower with Radar,192,16,18,0,226,0,8,1,0,9,192,24,19,0,235,0,0,0,235
12/31/2020,MSY,LA,ASW,CE,Combined TRACON& Tower with Radar,148,13,6,2,169,0,4,4,0,8,148,17,10,2,177,0,0,0,177
01/01/2021,MSY,LA,ASW,CE,Combined TRACON& Tower with Radar,129,15,16,0,160,0,0,5,0,5,129,15,21,0,165,0,0,0,165
01/02/2021,MSY,LA,ASW,CE,Combined TRACON& Tower with Radar,192,11,29,4,236,0,0,10,2,12,192,11,39,6,248,0,0,0,248
01/03/2021,MSY,LA,ASW,CE,Combined TRACON& Tower with Radar,189,15,15,0,219,0,6,13,0,19,189,21,28,0,238,0,0,0,238
01/04/2021,MSY,LA,ASW,CE,Combined TRACON& Tower with Radar,176,14,16,0,206,0,13,8,0,21,176,27,24,0,227,0,0,0,227
01/05/2021,MSY,LA,ASW,CE,Combined TRACON& Tower with Radar,161,11,13,0,185,0,8,30,0,38,161,19,43,0,223,0,0,0,223
01/06/2021,MSY,LA,ASW,CE,Combined TRACON& Tower with Radar,152,10,12,0,174,0,7,4,1,12,152,17,16,1,186,0,0,0,186
01/07/2021,MSY,LA,ASW,CE,Combined TRACON& Tower with Radar,173,13,10,0,196,0,5,1,2,8,173,18,11,2,204,0,0,0,204
01/08/2021,MSY,LA,ASW,CE,Combined TRACON& Tower with Radar,157,11,14,0,182,0,3,5,0,8,157,14,19,0,190,0,0,0,190
01/09/2021,MSY,LA,ASW,CE,Combined TRACON& Tower with Radar,125,13,7,0,145,0,5,7,0,12,125,18,14,0,157,0,0,0,157
01/10/2021,MSY,LA,ASW,CE,Combined TRACON& Tower with Radar,154,13,21,0,188,0,1,8,0,9,154,14,29,0,197,0,0,0,197
01/11/2021,MSY,LA,ASW,CE,Combined TRACON& Tower with Radar,146,22,17,0,185,0,0,2,0,2,146,22,19,0,187,0,0,0,187
01/12/2021,MSY,LA,ASW,CE,Combined TRACON& Tower with Radar,126,13,45,0,184,0,2,6,2,10,126,15,51,2,194,0,0,0,194
01/13/2021,MSY,LA,ASW,CE,Combined TRACON& Tower with Radar,127,9,23,0,159,0,7,2,1,10,127,16,25,1,169,0,0,0,169
01/14/2021,MSY,LA,ASW,CE,Combined TRACON& Tower with Radar,167,9,20,2,198,0,8,3,4,15,167,17,23,6,213,0,0,0,213
01/15/2021,MSY,LA,ASW,CE,Combined TRACON& Tower with Radar,158,17,25,0,200,0,4,6,2,12,158,21,31,2,212,0,0,0,212
01/16/2021,MSY,LA,ASW,CE,Combined TRACON& Tower with Radar,125,6,13,2,146,0,1,5,1,7,125,7,18,3,153,0,0,0,153
01/17/2021,MSY,LA,ASW,CE,Combined TRACON& Tower with Radar,150,22,41,2,215,0,4,8,0,12,150,26,49,2,227,0,0,0,227
01/18/2021,MSY,LA,ASW,CE,Combined TRACON& Tower with Radar,148,6,23,0,177,0,4,10,0,14,148,10,33,0,191,0,0,0,191
01/19/2021,MSY,LA,ASW,CE,Combined TRACON& Tower with Radar,125,9,3,0,137,0,15,4,0,19,125,24,7,0,156,0,0,0,156
01/20/2021,MSY,LA,ASW,CE,Combined TRACON& Tower with Radar,122,10,14,2,148,0,8,1,1,10,122,18,15,3,158,0,0,0,158
01/21/2021,MSY,LA,ASW,CE,Combined TRACON& Tower with Radar,167,7,34,0,208,0,6,2,0,8,167,13,36,0,216,0,0,0,216
01/22/2021,MSY,LA,ASW,CE,Combined TRACON& Tower with Radar,156,9,11,1,177,0,0,0,0,0,156,9,11,1,177,0,0,0,177
01/23/2021,MSY,LA,ASW,CE,Combined TRACON& Tower with Radar,120,14,10,2,146,0,0,2,0,2,120,14,12,2,148,0,0,0,148
01/24/2021,MSY,LA,ASW,CE,Combined TRACON& Tower with Radar,163,13,16,0,192,0,0,2,0,2,163,13,18,0,194,0,0,0,194
01/25/2021,MSY,LA,ASW,CE,Combined TRACON& Tower with Radar,148,8,19,1,176,0,3,0,0,3,148,11,19,1,179,0,0,0,179
01/26/2021,MSY,LA,ASW,CE,Combined TRACON& Tower with Radar,121,13,15,2,151,0,0,0,0,0,121,13,15,2,151,0,0,0,151
01/27/2021,MSY,LA,ASW,CE,Combined TRACON& Tower with Radar,129,22,16,2,169,0,0,3,0,3,129,22,19,2,172,0,0,0,172
01/28/2021,MSY,LA,ASW,CE,Combined TRACON& Tower with Radar,175,13,19,1,208,0,4,7,3,14,175,17,26,4,222,0,0,0,222
01/29/2021,MSY,LA,ASW,CE,Combined TRACON& Tower with Radar,157,19,22,0,198,0,19,8,0,27,157,38,30,0,225,0,0,0,225
01/30/2021,MSY,LA,ASW,CE,Combined TRACON& Tower with Radar,124,13,6,2,145,0,0,4,0,4,124,13,10,2,149,0,0,0,149
01/31/2021,MSY,LA,ASW,CE,Combined TRACON& Tower with Radar,155,12,24,0,191,0,1,9,0,10,155,13,33,0,201,0,0,0,201
02/01/2021,MSY,LA,ASW,CE,Combined TRACON& Tower with Radar,146,12,9,0,167,0,2,4,2,8,146,14,13,2,175,0,0,0,175
02/02/2021,MSY,LA,ASW,CE,Combined TRACON& Tower with Radar,127,8,11,3,149,0,5,5,1,11,127,13,16,4,160,0,0,0,160
02/03/2021,MSY,LA,ASW,CE,Combined TRACON& Tower with Radar,126,18,17,1,162,0,15,4,0,19,126,33,21,1,181,0,0,0,181
02/04/2021,MSY,LA,ASW,CE,Combined TRACON& Tower with Radar,171,9,24,0,204,0,11,8,0,19,171,20,32,0,223,0,0,0,223
02/05/2021,MSY,LA,ASW,CE,Combined TRACON& Tower with Radar,167,16,11,1,195,0,0,4,0,4,167,16,15,1,199,0,0,0,199
02/06/2021,MSY,LA,ASW,CE,Combined TRACON& Tower with Radar,133,16,14,2,165,0,0,0,0,0,133,16,14,2,165,0,0,0,165
02/07/2021,MSY,LA,ASW,CE,Combined TRACON& Tower with Radar,155,7,12,6,180,0,2,8,1,11,155,9,20,7,191,0,0,0,191
02/08/2021,MSY,LA,ASW,CE,Combined TRACON& Tower with Radar,152,14,14,2,182,0,8,1,0,9,152,22,15,2,191,0,0,0,191
02/09/2021,MSY,LA,ASW,CE,Combined TRACON& Tower with Radar,135,17,20,0,172,0,0,1,0,1,135,17,21,0,173,0,0,0,173
02/10/2021,MSY,LA,ASW,CE,Combined TRACON& Tower with Radar,134,9,11,0,154,0,0,0,0,0,134,9,11,0,154,0,0,0,154
02/11/2021,MSY,LA,ASW,CE,Combined TRACON& Tower with Radar,171,12,13,0,196,0,0,1,0,1,171,12,14,0,197,0,0,0,197
02/12/2021,MSY,LA,ASW,CE,Combined TRACON& Tower with Radar,193,18,35,0,246,0,0,0,0,0,193,18,35,0,246,0,0,0,246
02/13/2021,MSY,LA,ASW,CE,Combined TRACON& Tower with Radar,153,25,26,0,204,0,0,0,0,0,153,25,26,0,204,0,0,0,204
02/14/2021,MSY,LA,ASW,CE,Combined TRACON& Tower with Radar,155,41,6,0,202,0,2,0,0,2,155,43,6,0,204,0,0,0,204
02/15/2021,MSY,LA,ASW,CE,Combined TRACON& Tower with Radar,128,9,10,0,147,0,0,0,0,0,128,9,10,0,147,0,0,0,147
02/16/2021,MSY,LA,ASW,CE,Combined TRACON& Tower with Radar,95,18,22,0,135,0,5,3,2,10,95,23,25,2,145,0,0,0,145
02/17/2021,MSY,LA,ASW,CE,Combined TRACON& Tower with Radar,112,31,14,0,157,0,1,1,0,2,112,32,15,0,159,0,0,0,159
02/18/2021,MSY,LA,ASW,CE,Combined TRACON& Tower with Radar,157,28,24,4,213,0,0,0,0,0,157,28,24,4,213,0,0,0,213
02/19/2021,MSY,LA,ASW,CE,Combined TRACON& Tower with Radar,190,31,18,0,239,0,10,5,0,15,190,41,23,0,254,0,0,0,254
02/20/2021,MSY,LA,ASW,CE,Combined TRACON& Tower with Radar,148,12,24,0,184,0,3,3,0,6,148,15,27,0,190,0,0,0,190
02/21/2021,MSY,LA,ASW,CE,Combined TRACON& Tower with Radar,170,9,31,0,210,0,5,4,0,9,170,14,35,0,219,0,0,0,219
02/22/2021,MSY,LA,ASW,CE,Combined TRACON& Tower with Radar,173,14,31,0,218,0,16,8,0,24,173,30,39,0,242,0,0,0,242
02/23/2021,MSY,LA,ASW,CE,Combined TRACON& Tower with Radar,138,12,17,2,169,0,11,5,1,17,138,23,22,3,186,0,0,0,186
02/24/2021,MSY,LA,ASW,CE,Combined TRACON& Tower with Radar,140,18,12,0,170,0,8,7,1,16,140,26,19,1,186,0,0,0,186
02/25/2021,MSY,LA,ASW,CE,Combined TRACON& Tower with Radar,180,9,24,0,213,0,6,6,0,12,180,15,30,0,225,0,0,0,225
02/26/2021,MSY,LA,ASW,CE,Combined TRACON& Tower with Radar,185,13,25,0,223,0,1,1,1,3,185,14,26,1,226,0,0,0,226
02/27/2021,MSY,LA,ASW,CE,Combined TRACON& Tower with Radar,140,14,7,0,161,0,1,0,0,1,140,15,7,0,162,0,0,0,162
02/28/2021,MSY,LA,ASW,CE,Combined TRACON& Tower with Radar,173,13,12,0,198,0,5,3,0,8,173,18,15,0,206,0,0,0,206
03/01/2021,MSY,LA,ASW,CE,Combined TRACON& Tower with Radar,172,21,19,0,212,0,0,1,0,1,172,21,20,0,213,0,0,0,213
03/02/2021,MSY,LA,ASW,CE,Combined TRACON& Tower with Radar,146,10,20,2,178,0,0,0,0,0,146,10,20,2,178,0,0,0,178
03/03/2021,MSY,LA,ASW,CE,Combined TRACON& Tower with Radar,144,13,28,0,185,0,5,5,1,11,144,18,33,1,196,0,0,0,196
03/04/2021,MSY,LA,ASW,CE,Combined TRACON& Tower with Radar,191,11,32,0,234,0,11,7,2,20,191,22,39,2,254,0,0,0,254
03/05/2021,MSY,LA,ASW,CE,Combined TRACON& Tower with Radar,190,18,27,0,235,0,10,4,0,14,190,28,31,0,249,0,0,0,249
03/06/2021,MSY,LA,ASW,CE,Combined TRACON& Tower with Radar,160,11,9,0,180,0,6,3,1,10,160,17,12,1,190,0,0,0,190
03/07/2021,MSY,LA,ASW,CE,Combined TRACON& Tower with Radar,203,10,24,0,237,0,2,7,0,9,203,12,31,0,246,0,0,0,246
03/08/2021,MSY,LA,ASW,CE,Combined TRACON& Tower with Radar,201,6,29,0,236,0,10,7,0,17,201,16,36,0,253,0,0,0,253
03/09/2021,MSY,LA,ASW,CE,Combined TRACON& Tower with Radar,154,10,30,1,195,0,15,17,0,32,154,25,47,1,227,0,0,0,227
03/10/2021,MSY,LA,ASW,CE,Combined TRACON& Tower with Radar,156,12,13,0,181,1,14,4,0,19,157,26,17,0,200,0,0,0,200
03/11/2021,MSY,LA,ASW,CE,Combined TRACON& Tower with Radar,232,20,23,2,277,0,7,0,2,9,232,27,23,4,286,0,0,0,286
03/12/2021,MSY,LA,ASW,CE,Combined TRACON& Tower with Radar,226,17,22,2,267,0,7,0,0,7,226,24,22,2,274,0,0,0,274
03/13/2021,MSY,LA,ASW,CE,Combined TRACON& Tower with Radar,182,13,21,2,218,0,0,3,1,4,182,13,24,3,222,0,0,0,222
03/14/2021,MSY,LA,ASW,CE,Combined TRACON& Tower with Radar,208,14,22,1,245,0,0,4,0,4,208,14,26,1,249,0,0,0,249
03/15/2021,MSY,LA,ASW,CE,Combined TRACON& Tower with Radar,205,14,14,3,236,0,0,0,0,0,205,14,14,3,236,0,0,0,236
03/16/2021,MSY,LA,ASW,CE,Combined TRACON& Tower with Radar,194,15,23,0,232,0,10,0,7,17,194,25,23,7,249,0,0,0,249
03/17/2021,MSY,LA,ASW,CE,Combined TRACON& Tower with Radar,183,4,18,0,205,0,0,0,0,0,183,4,18,0,205,0,0,0,205
03/18/2021,MSY,LA,ASW,CE,Combined TRACON& Tower with Radar,229,15,27,2,273,0,14,3,0,17,229,29,30,2,290,0,0,0,290
03/19/2021,MSY,LA,ASW,CE,Combined TRACON& Tower with Radar,224,23,27,2,276,0,11,2,0,13,224,34,29,2,289,0,0,0,289
03/20/2021,MSY,LA,ASW,CE,Combined TRACON& Tower with Radar,197,11,16,0,224,0,5,4,0,9,197,16,20,0,233,0,0,0,233
03/21/2021,MSY,LA,ASW,CE,Combined TRACON& Tower with Radar,222,20,30,3,275,0,0,7,0,7,222,20,37,3,282,0,0,0,282
03/22/2021,MSY,LA,ASW,CE,Combined TRACON& Tower with Radar,213,11,25,0,249,0,11,3,0,14,213,22,28,0,263,0,0,0,263
03/23/2021,MSY,LA,ASW,CE,Combined TRACON& Tower with Radar,193,9,7,0,209,0,0,0,0,0,193,9,7,0,209,0,0,0,209
03/24/2021,MSY,LA,ASW,CE,Combined TRACON& Tower with Radar,195,14,17,0,226,0,0,0,0,0,195,14,17,0,226,0,0,0,226
03/25/2021,MSY,LA,ASW,CE,Combined TRACON& Tower with Radar,227,13,24,0,264,0,0,0,0,0,227,13,24,0,264,0,0,0,264
03/26/2021,MSY,LA,ASW,CE,Combined TRACON& Tower with Radar,224,16,32,0,272,0,1,3,0,4,224,17,35,0,276,0,0,0,276
03/27/2021,MSY,LA,ASW,CE,Combined TRACON& Tower with Radar,191,9,6,1,207,0,0,0,0,0,191,9,6,1,207,0,0,0,207
03/28/2021,MSY,LA,ASW,CE,Combined TRACON& Tower with Radar,222,17,25,0,264,0,2,0,0,2,222,19,25,0,266,0,0,0,266
03/29/2021,MSY,LA,ASW,CE,Combined TRACON& Tower with Radar,218,7,21,0,246,0,14,5,2,21,218,21,26,2,267,0,0,0,267
03/30/2021,MSY,LA,ASW,CE,Combined TRACON& Tower with Radar,197,11,22,2,232,0,2,3,0,5,197,13,25,2,237,0,0,0,237
03/31/2021,MSY,LA,ASW,CE,Combined TRACON& Tower with Radar,200,6,34,0,240,0,2,2,2,6,200,8,36,2,246,0,0,0,246
04/01/2021,MSY,LA,ASW,CE,Combined TRACON& Tower with Radar,233,26,14,0,273,0,7,8,0,15,233,33,22,0,288,0,0,0,288
04/02/2021,MSY,LA,ASW,CE,Combined TRACON& Tower with Radar,238,31,21,0,290,0,4,3,0,7,238,35,24,0,297,0,0,0,297
04/03/2021,MSY,LA,ASW,CE,Combined TRACON& Tower with Radar,202,12,7,0,221,0,1,8,0,9,202,13,15,0,230,0,0,0,230
04/04/2021,MSY,LA,ASW,CE,Combined TRACON& Tower with Radar,218,17,18,0,253,0,1,6,4,11,218,18,24,4,264,0,0,0,264
04/05/2021,MSY,LA,ASW,CE,Combined TRACON& Tower with Radar,220,28,20,0,268,0,10,8,0,18,220,38,28,0,286,0,0,0,286
04/06/2021,MSY,LA,ASW,CE,Combined TRACON& Tower with Radar,197,16,16,0,229,0,5,4,1,10,197,21,20,1,239,0,0,0,239
04/07/2021,MSY,LA,ASW,CE,Combined TRACON& Tower with Radar,196,7,18,5,226,0,10,6,3,19,196,17,24,8,245,0,0,0,245
04/08/2021,MSY,LA,ASW,CE,Combined TRACON& Tower with Radar,243,19,21,3,286,0,2,12,2,16,243,21,33,5,302,0,0,0,302
04/09/2021,MSY,LA,ASW,CE,Combined TRACON& Tower with Radar,233,18,24,2,277,0,3,3,0,6,233,21,27,2,283,0,0,0,283
04/10/2021,MSY,LA,ASW,CE,Combined TRACON& Tower with Radar,203,7,13,3,226,0,2,2,0,4,203,9,15,3,230,0,0,0,230
04/11/2021,MSY,LA,ASW,CE,Combined TRACON& Tower with Radar,215,25,21,0,261,0,2,11,0,13,215,27,32,0,274,0,0,0,274
04/12/2021,MSY,LA,ASW,CE,Combined TRACON& Tower with Radar,220,13,25,2,260,0,11,8,0,19,220,24,33,2,279,0,0,0,279
04/13/2021,MSY,LA,ASW,CE,Combined TRACON& Tower with Radar,183,11,15,0,209,0,4,0,0,4,183,15,15,0,213,0,0,0,213
04/14/2021,MSY,LA,ASW,CE,Combined TRACON& Tower with Radar,177,15,22,0,214,0,3,5,0,8,177,18,27,0,222,0,0,0,222
04/15/2021,MSY,LA,ASW,CE,Combined TRACON& Tower with Radar,238,15,32,4,289,0,2,0,0,2,238,17,32,4,291,0,0,0,291
04/16/2021,MSY,LA,ASW,CE,Combined TRACON& Tower with Radar,229,14,15,3,261,0,1,3,0,4,229,15,18,3,265,0,0,0,265
04/17/2021,MSY,LA,ASW,CE,Combined TRACON& Tower with Radar,192,6,8,1,207,0,0,0,0,0,192,6,8,1,207,0,0,0,207
04/18/2021,MSY,LA,ASW,CE,Combined TRACON& Tower with Radar,224,14,23,0,261,0,3,4,0,7,224,17,27,0,268,0,0,0,268
04/19/2021,MSY,LA,ASW,CE,Combined TRACON& Tower with Radar,219,17,16,0,252,0,17,3,0,20,219,34,19,0,272,0,0,0,272
04/20/2021,MSY,LA,ASW,CE,Combined TRACON& Tower with Radar,174,15,19,0,208,0,12,2,0,14,174,27,21,0,222,0,0,0,222
04/21/2021,MSY,LA,ASW,CE,Combined TRACON& Tower with Radar,176,7,24,1,208,0,15,7,0,22,176,22,31,1,230,0,0,0,230
04/22/2021,MSY,LA,ASW,CE,Combined TRACON& Tower with Radar,238,20,23,0,281,1,5,5,0,11,239,25,28,0,292,0,0,0,292
04/23/2021,MSY,LA,ASW,CE,Combined TRACON& Tower with Radar,221,22,24,0,267,0,5,0,0,5,221,27,24,0,272,0,0,0,272
04/24/2021,MSY,LA,ASW,CE,Combined TRACON& Tower with Radar,189,12,15,0,216,0,1,2,0,3,189,13,17,0,219,0,0,0,219
04/25/2021,MSY,LA,ASW,CE,Combined TRACON& Tower with Radar,228,25,35,0,288,0,2,14,0,16,228,27,49,0,304,0,0,0,304
04/26/2021,MSY,LA,ASW,CE,Combined TRACON& Tower with Radar,222,20,16,1,259,0,12,5,2,19,222,32,21,3,278,0,0,0,278
04/27/2021,MSY,LA,ASW,CE,Combined TRACON& Tower with Radar,178,13,16,1,208,0,13,2,0,15,178,26,18,1,223,0,0,0,223
04/28/2021,MSY,LA,ASW,CE,Combined TRACON& Tower with Radar,174,15,20,1,210,0,11,8,1,20,174,26,28,2,230,0,0,0,230
04/29/2021,MSY,LA,ASW,CE,Combined TRACON& Tower with Radar,236,12,13,2,263,0,4,9,2,15,236,16,22,4,278,0,0,0,278
04/30/2021,MSY,LA,ASW,CE,Combined TRACON& Tower with Radar,230,22,28,0,280,0,2,4,0,6,230,24,32,0,286,0,0,0,286
05/01/2021,MSY,LA,ASW,CE,Combined TRACON& Tower with Radar,195,12,17,2,226,0,1,8,1,10,195,13,25,3,236,0,0,0,236
05/02/2021,MSY,LA,ASW,CE,Combined TRACON& Tower with Radar,226,19,28,1,274,0,0,1,0,1,226,19,29,1,275,0,0,0,275
05/03/2021,MSY,LA,ASW,CE,Combined TRACON& Tower with Radar,213,15,10,3,241,0,0,0,0,0,213,15,10,3,241,0,0,0,241
05/04/2021,MSY,LA,ASW,CE,Combined TRACON& Tower with Radar,168,10,16,0,194,0,0,1,0,1,168,10,17,0,195,0,0,0,195
05/05/2021,MSY,LA,ASW,CE,Combined TRACON& Tower with Radar,182,14,26,1,223,0,0,1,1,2,182,14,27,2,225,0,0,0,225
05/06/2021,MSY,LA,ASW,CE,Combined TRACON& Tower with Radar,246,21,23,3,293,0,5,6,0,11,246,26,29,3,304,0,0,0,304
05/07/2021,MSY,LA,ASW,CE,Combined TRACON& Tower with Radar,239,20,24,2,285,0,11,2,0,13,239,31,26,2,298,0,0,0,298
05/08/2021,MSY,LA,ASW,CE,Combined TRACON& Tower with Radar,219,12,16,0,247,0,0,3,0,3,219,12,19,0,250,0,0,0,250
05/09/2021,MSY,LA,ASW,CE,Combined TRACON& Tower with Radar,239,18,14,0,271,0,2,7,0,9,239,20,21,0,280,0,0,0,280
05/10/2021,MSY,LA,ASW,CE,Combined TRACON& Tower with Radar,231,13,18,0,262,0,1,3,0,4,231,14,21,0,266,0,0,0,266
05/11/2021,MSY,LA,ASW,CE,Combined TRACON& Tower with Radar,216,13,18,4,251,0,2,2,0,4,216,15,20,4,255,0,0,0,255
05/12/2021,MSY,LA,ASW,CE,Combined TRACON& Tower with Radar,208,19,26,0,253,0,3,6,2,11,208,22,32,2,264,0,0,0,264
05/13/2021,MSY,LA,ASW,CE,Combined TRACON& Tower with Radar,252,11,35,0,298,0,16,2,0,18,252,27,37,0,316,0,0,0,316
05/14/2021,MSY,LA,ASW,CE,Combined TRACON& Tower with Radar,246,18,13,3,280,0,8,3,0,11,246,26,16,3,291,0,0,0,291
05/15/2021,MSY,LA,ASW,CE,Combined TRACON& Tower with Radar,221,8,14,0,243,0,2,10,0,12,221,10,24,0,255,0,0,0,255
05/16/2021,MSY,LA,ASW,CE,Combined TRACON& Tower with Radar,237,12,20,0,269,0,4,4,0,8,237,16,24,0,277,0,0,0,277
05/17/2021,MSY,LA,ASW,CE,Combined TRACON& Tower with Radar,237,12,15,0,264,0,4,1,0,5,237,16,16,0,269,0,0,0,269
05/18/2021,MSY,LA,ASW,CE,Combined TRACON& Tower with Radar,227,12,21,0,260,0,0,3,0,3,227,12,24,0,263,0,0,0,263
05/19/2021,MSY,LA,ASW,CE,Combined TRACON& Tower with Radar,218,15,39,2,274,0,0,3,0,3,218,15,42,2,277,0,0,0,277
05/20/2021,MSY,LA,ASW,CE,Combined TRACON& Tower with Radar,256,33,21,1,311,0,0,0,0,0,256,33,21,1,311,0,0,0,311
05/21/2021,MSY,LA,ASW,CE,Combined TRACON& Tower with Radar,259,23,26,2,310,0,0,4,4,8,259,23,30,6,318,0,0,0,318
05/22/2021,MSY,LA,ASW,CE,Combined TRACON& Tower with Radar,223,14,13,0,250,0,1,2,0,3,223,15,15,0,253,0,0,0,253
05/23/2021,MSY,LA,ASW,CE,Combined TRACON& Tower with Radar,247,21,23,0,291,0,2,5,1,8,247,23,28,1,299,0,0,0,299
05/24/2021,MSY,LA,ASW,CE,Combined TRACON& Tower with Radar,251,20,23,0,294,0,8,10,0,18,251,28,33,0,312,0,0,0,312
05/25/2021,MSY,LA,ASW,CE,Combined TRACON& Tower with Radar,227,15,21,0,263,0,9,9,0,18,227,24,30,0,281,0,0,0,281
05/26/2021,MSY,LA,ASW,CE,Combined TRACON& Tower with Radar,218,18,15,0,251,0,8,8,0,16,218,26,23,0,267,0,0,0,267
05/27/2021,MSY,LA,ASW,CE,Combined TRACON& Tower with Radar,254,14,33,0,301,0,6,1,0,7,254,20,34,0,308,0,0,0,308
05/28/2021,MSY,LA,ASW,CE,Combined TRACON& Tower with Radar,255,9,15,0,279,0,6,10,0,16,255,15,25,0,295,0,0,0,295
05/29/2021,MSY,LA,ASW,CE,Combined TRACON& Tower with Radar,228,10,7,0,245,0,2,2,1,5,228,12,9,1,250,0,0,0,250
05/30/2021,MSY,LA,ASW,CE,Combined TRACON& Tower with Radar,227,8,11,0,246,0,0,0,0,0,227,8,11,0,246,0,0,0,246
05/31/2021,MSY,LA,ASW,CE,Combined TRACON& Tower with Radar,241,11,16,0,268,0,1,3,0,4,241,12,19,0,272,0,0,0,272
06/01/2021,MSY,LA,ASW,CE,Combined TRACON& Tower with Radar,216,9,10,2,237,0,8,5,0,13,216,17,15,2,250,0,0,0,250
06/02/2021,MSY,LA,ASW,CE,Combined TRACON& Tower with Radar,227,11,16,4,258,0,11,4,0,15,227,22,20,4,273,0,0,0,273
06/03/2021,MSY,LA,ASW,CE,Combined TRACON& Tower with Radar,244,21,17,0,282,0,13,2,0,15,244,34,19,0,297,0,0,0,297
06/04/2021,MSY,LA,ASW,CE,Combined TRACON& Tower with Radar,247,24,25,0,296,0,5,1,0,6,247,29,26,0,302,0,0,0,302
06/05/2021,MSY,LA,ASW,CE,Combined TRACON& Tower with Radar,217,11,8,0,236,0,0,0,0,0,217,11,8,0,236,0,0,0,236
06/06/2021,MSY,LA,ASW,CE,Combined TRACON& Tower with Radar,252,15,26,0,293,0,2,2,0,4,252,17,28,0,297,0,0,0,297
06/07/2021,MSY,LA,ASW,CE,Combined TRACON& Tower with Radar,251,18,22,0,291,0,8,0,0,8,251,26,22,0,299,0,0,0,299
06/08/2021,MSY,LA,ASW,CE,Combined TRACON& Tower with Radar,245,17,14,0,276,0,11,2,0,13,245,28,16,0,289,0,0,0,289
06/09/2021,MSY,LA,ASW,CE,Combined TRACON& Tower with Radar,238,13,28,0,279,0,10,5,0,15,238,23,33,0,294,0,0,0,294
06/10/2021,MSY,LA,ASW,CE,Combined TRACON& Tower with Radar,267,19,31,0,317,0,10,7,0,17,267,29,38,0,334,0,0,0,334
06/11/2021,MSY,LA,ASW,CE,Combined TRACON& Tower with Radar,277,21,26,2,326,0,8,2,0,10,277,29,28,2,336,0,0,0,336
06/12/2021,MSY,LA,ASW,CE,Combined TRACON& Tower with Radar,206,4,19,2,231,0,1,4,0,5,206,5,23,2,236,0,0,0,236
06/13/2021,MSY,LA,ASW,CE,Combined TRACON& Tower with Radar,241,16,20,1,278,0,2,5,0,7,241,18,25,1,285,0,0,0,285
06/14/2021,MSY,LA,ASW,CE,Combined TRACON& Tower with Radar,249,10,24,0,283,0,12,3,2,17,249,22,27,2,300,0,0,0,300
06/15/2021,MSY,LA,ASW,CE,Combined TRACON& Tower with Radar,239,15,22,0,276,0,11,8,0,19,239,26,30,0,295,0,0,0,295
06/16/2021,MSY,LA,ASW,CE,Combined TRACON& Tower with Radar,248,10,34,1,293,0,18,5,0,23,248,28,39,1,316,0,0,0,316
06/17/2021,MSY,LA,ASW,CE,Combined TRACON& Tower with Radar,268,25,35,2,330,0,6,6,0,12,268,31,41,2,342,0,0,0,342
06/18/2021,MSY,LA,ASW,CE,Combined TRACON& Tower with Radar,270,5,25,3,303,0,0,0,0,0,270,5,25,3,303,0,0,0,303
06/19/2021,MSY,LA,ASW,CE,Combined TRACON& Tower with Radar,205,8,22,0,235,0,2,0,0,2,205,10,22,0,237,0,0,0,237
06/20/2021,MSY,LA,ASW,CE,Combined TRACON& Tower with Radar,239,15,14,1,269,0,2,3,0,5,239,17,17,1,274,0,0,0,274
06/21/2021,MSY,LA,ASW,CE,Combined TRACON& Tower with Radar,248,12,23,0,283,0,0,1,0,1,248,12,24,0,284,0,0,0,284
06/22/2021,MSY,LA,ASW,CE,Combined TRACON& Tower with Radar,247,10,15,2,274,0,0,1,1,2,247,10,16,3,276,0,0,0,276
06/23/2021,MSY,LA,ASW,CE,Combined TRACON& Tower with Radar,248,10,24,1,283,0,5,0,0,5,248,15,24,1,288,0,0,0,288
06/24/2021,MSY,LA,ASW,CE,Combined TRACON& Tower with Radar,258,25,14,0,297,0,3,0,0,3,258,28,14,0,300,0,0,0,300
06/25/2021,MSY,LA,ASW,CE,Combined TRACON& Tower with Radar,266,15,14,0,295,0,2,1,0,3,266,17,15,0,298,0,0,0,298
06/26/2021,MSY,LA,ASW,CE,Combined TRACON& Tower with Radar,200,12,10,1,223,0,0,4,1,5,200,12,14,2,228,0,0,0,228
06/27/2021,MSY,LA,ASW,CE,Combined TRACON& Tower with Radar,240,15,14,1,270,0,4,1,0,5,240,19,15,1,275,0,0,0,275
06/28/2021,MSY,LA,ASW,CE,Combined TRACON& Tower with Radar,248,13,22,1,284,0,4,2,0,6,248,17,24,1,290,0,0,0,290
06/29/2021,MSY,LA,ASW,CE,Combined TRACON& Tower with Radar,239,15,18,1,273,0,9,6,0,15,239,24,24,1,288,0,0,0,288
06/30/2021,MSY,LA,ASW,CE,Combined TRACON& Tower with Radar,249,20,15,0,284,0,17,2,1,20,249,37,17,1,304,0,0,0,304
07/01/2021,MSY,LA,ASW,CE,Combined TRACON& Tower with Radar,253,21,16,5,295,0,13,3,2,18,253,34,19,7,313,0,0,0,313
07/02/2021,MSY,LA,ASW,CE,Combined TRACON& Tower with Radar,263,10,23,0,296,0,4,4,3,11,263,14,27,3,307,0,0,0,307
07/03/2021,MSY,LA,ASW,CE,Combined TRACON& Tower with Radar,204,11,5,0,220,0,0,0,0,0,204,11,5,0,220,0,0,0,220
07/04/2021,MSY,LA,ASW,CE,Combined TRACON& Tower with Radar,224,4,11,0,239,0,0,0,0,0,224,4,11,0,239,0,0,0,239
07/05/2021,MSY,LA,ASW,CE,Combined TRACON& Tower with Radar,259,13,10,2,284,0,0,1,0,1,259,13,11,2,285,0,0,0,285
07/06/2021,MSY,LA,ASW,CE,Combined TRACON& Tower with Radar,238,12,16,0,266,0,2,3,1,6,238,14,19,1,272,0,0,0,272
07/07/2021,MSY,LA,ASW,CE,Combined TRACON& Tower with Radar,237,15,17,0,269,0,4,0,0,4,237,19,17,0,273,0,0,0,273
07/08/2021,MSY,LA,ASW,CE,Combined TRACON& Tower with Radar,257,13,28,12,310,0,14,2,0,16,257,27,30,12,326,0,0,0,326
07/09/2021,MSY,LA,ASW,CE,Combined TRACON& Tower with Radar,276,13,17,0,306,0,2,1,0,3,276,15,18,0,309,0,0,0,309
07/10/2021,MSY,LA,ASW,CE,Combined TRACON& Tower with Radar,212,16,24,1,253,0,0,3,0,3,212,16,27,1,256,0,0,0,256
07/11/2021,MSY,LA,ASW,CE,Combined TRACON& Tower with Radar,201,16,29,2,248,0,1,6,0,7,201,17,35,2,255,0,0,0,255
07/12/2021,MSY,LA,ASW,CE,Combined TRACON& Tower with Radar,261,14,24,0,299,0,6,1,2,9,261,20,25,2,308,0,0,0,308
07/13/2021,MSY,LA,ASW,CE,Combined TRACON& Tower with Radar,245,19,24,0,288,0,11,5,0,16,245,30,29,0,304,0,0,0,304
07/14/2021,MSY,LA,ASW,CE,Combined TRACON& Tower with Radar,246,20,31,1,298,0,6,3,0,9,246,26,34,1,307,0,0,0,307
07/15/2021,MSY,LA,ASW,CE,Combined TRACON& Tower with Radar,275,15,26,0,316,0,7,3,1,11,275,22,29,1,327,0,0,0,327
07/16/2021,MSY,LA,ASW,CE,Combined TRACON& Tower with Radar,292,12,28,4,336,0,9,3,0,12,292,21,31,4,348,0,0,0,348
07/17/2021,MSY,LA,ASW,CE,Combined TRACON& Tower with Radar,210,11,16,1,238,0,0,8,1,9,210,11,24,2,247,0,0,0,247
07/18/2021,MSY,LA,ASW,CE,Combined TRACON& Tower with Radar,244,17,13,1,275,0,0,7,0,7,244,17,20,1,282,0,0,0,282
07/19/2021,MSY,LA,ASW,CE,Combined TRACON& Tower with Radar,281,16,38,0,335,0,10,4,0,14,281,26,42,0,349,0,0,0,349
07/20/2021,MSY,LA,ASW,CE,Combined TRACON& Tower with Radar,247,8,19,0,274,0,1,1,2,4,247,9,20,2,278,0,0,0,278
07/21/2021,MSY,LA,ASW,CE,Combined TRACON& Tower with Radar,248,12,27,0,287,0,4,0,0,4,248,16,27,0,291,0,0,0,291
07/22/2021,MSY,LA,ASW,CE,Combined TRACON& Tower with Radar,277,7,34,0,318,0,7,4,0,11,277,14,38,0,329,0,0,0,329
07/23/2021,MSY,LA,ASW,CE,Combined TRACON& Tower with Radar,297,13,17,4,331,0,4,7,0,11,297,17,24,4,342,0,0,0,342
07/24/2021,MSY,LA,ASW,CE,Combined TRACON& Tower with Radar,211,13,7,0,231,0,2,2,0,4,211,15,9,0,235,0,0,0,235
07/25/2021,MSY,LA,ASW,CE,Combined TRACON& Tower with Radar,256,10,18,0,284,0,0,5,0,5,256,10,23,0,289,0,0,0,289
07/26/2021,MSY,LA,ASW,CE,Combined TRACON& Tower with Radar,277,13,21,0,311,0,14,8,0,22,277,27,29,0,333,0,0,0,333
07/27/2021,MSY,LA,ASW,CE,Combined TRACON& Tower with Radar,248,18,24,0,290,0,10,4,0,14,248,28,28,0,304,0,0,0,304
07/28/2021,MSY,LA,ASW,CE,Combined TRACON& Tower with Radar,249,13,25,0,287,0,8,4,2,14,249,21,29,2,301,0,0,0,301
07/29/2021,MSY,LA,ASW,CE,Combined TRACON& Tower with Radar,275,16,21,0,312,0,14,4,1,19,275,30,25,1,331,0,0,0,331
07/30/2021,MSY,LA,ASW,CE,Combined TRACON& Tower with Radar,287,9,20,0,316,0,7,3,1,11,287,16,23,1,327,0,0,0,327
07/31/2021,MSY,LA,ASW,CE,Combined TRACON& Tower with Radar,196,14,19,0,229,0,4,2,0,6,196,18,21,0,235,0,0,0,235
08/01/2021,MSY,LA,ASW,CE,Combined TRACON& Tower with Radar,232,24,21,0,277,0,2,4,0,6,232,26,25,0,283,0,0,0,283
08/02/2021,MSY,LA,ASW,CE,Combined TRACON& Tower with Radar,258,11,18,0,287,0,0,4,0,4,258,11,22,0,291,0,0,0,291
08/03/2021,MSY,LA,ASW,CE,Combined TRACON& Tower with Radar,240,5,7,0,252,0,2,3,0,5,240,7,10,0,257,0,0,0,257
08/04/2021,MSY,LA,ASW,CE,Combined TRACON& Tower with Radar,241,14,11,0,266,0,1,11,0,12,241,15,22,0,278,0,0,0,278
08/05/2021,MSY,LA,ASW,CE,Combined TRACON& Tower with Radar,264,12,12,0,288,0,15,1,3,19,264,27,13,3,307,0,0,0,307
08/06/2021,MSY,LA,ASW,CE,Combined TRACON& Tower with Radar,268,17,15,0,300,1,11,5,0,17,269,28,20,0,317,0,0,0,317
08/07/2021,MSY,LA,ASW,CE,Combined TRACON& Tower with Radar,214,7,19,2,242,0,1,8,2,11,214,8,27,4,253,0,0,0,253
08/08/2021,MSY,LA,ASW,CE,Combined TRACON& Tower with Radar,249,14,29,0,292,0,2,5,0,7,249,16,34,0,299,0,0,0,299
08/09/2021,MSY,LA,ASW,CE,Combined TRACON& Tower with Radar,277,12,27,0,316,0,12,4,0,16,277,24,31,0,332,0,0,0,332
08/10/2021,MSY,LA,ASW,CE,Combined TRACON& Tower with Radar,241,10,21,0,272,0,6,6,2,14,241,16,27,2,286,0,0,0,286
08/11/2021,MSY,LA,ASW,CE,Combined TRACON& Tower with Radar,240,12,15,0,267,0,8,5,2,15,240,20,20,2,282,0,0,0,282
08/12/2021,MSY,LA,ASW,CE,Combined TRACON& Tower with Radar,274,11,27,0,312,0,2,2,0,4,274,13,29,0,316,0,0,0,316
08/13/2021,MSY,LA,ASW,CE,Combined TRACON& Tower with Radar,296,10,20,4,330,0,5,3,0,8,296,15,23,4,338,0,0,0,338
08/14/2021,MSY,LA,ASW,CE,Combined TRACON& Tower with Radar,200,13,13,0,226,0,0,5,0,5,200,13,18,0,231,0,0,0,231
08/15/2021,MSY,LA,ASW,CE,Combined TRACON& Tower with Radar,251,12,30,0,293,0,5,2,0,7,251,17,32,0,300,0,0,0,300
08/16/2021,MSY,LA,ASW,CE,Combined TRACON& Tower with Radar,281,10,26,0,317,0,10,6,0,16,281,20,32,0,333,0,0,0,333
08/17/2021,MSY,LA,ASW,CE,Combined TRACON& Tower with Radar,225,14,30,4,273,0,14,7,2,23,225,28,37,6,296,0,0,0,296
08/18/2021,MSY,LA,ASW,CE,Combined TRACON& Tower with Radar,230,12,30,0,272,0,11,2,0,13,230,23,32,0,285,0,0,0,285
08/19/2021,MSY,LA,ASW,CE,Combined TRACON& Tower with Radar,270,27,18,2,317,0,10,5,0,15,270,37,23,2,332,0,0,0,332
08/20/2021,MSY,LA,ASW,CE,Combined TRACON& Tower with Radar,277,20,19,2,318,0,14,4,0,18,277,34,23,2,336,0,0,0,336
08/21/2021,MSY,LA,ASW,CE,Combined TRACON& Tower with Radar,187,11,14,0,212,0,6,11,2,19,187,17,25,2,231,0,0,0,231
08/22/2021,MSY,LA,ASW,CE,Combined TRACON& Tower with Radar,247,13,13,0,273,0,3,7,0,10,247,16,20,0,283,0,0,0,283
08/23/2021,MSY,LA,ASW,CE,Combined TRACON& Tower with Radar,264,12,24,3,303,0,11,4,0,15,264,23,28,3,318,0,0,0,318
08/24/2021,MSY,LA,ASW,CE,Combined TRACON& Tower with Radar,227,11,16,0,254,0,5,2,0,7,227,16,18,0,261,0,0,0,261
08/25/2021,MSY,LA,ASW,CE,Combined TRACON& Tower with Radar,226,4,24,0,254,0,5,5,0,10,226,9,29,0,264,0,0,0,264
08/26/2021,MSY,LA,ASW,CE,Combined TRACON& Tower with Radar,278,10,8,0,296,0,7,2,0,9,278,17,10,0,305,0,0,0,305
08/27/2021,MSY,LA,ASW,CE,Combined TRACON& Tower with Radar,280,28,26,2,336,0,3,1,0,4,280,31,27,2,340,0,0,0,340
08/28/2021,MSY,LA,ASW,CE,Combined TRACON& Tower with Radar,180,62,68,0,310,0,2,7,0,9,180,64,75,0,319,0,0,0,319
08/29/2021,MSY,LA,ASW,CE,Combined TRACON& Tower with Radar,0,0,1,0,1,0,0,1,0,1,0,0,2,0,2,0,0,0,2
08/30/2021,MSY,LA,ASW,CE,Combined TRACON& Tower with Radar,0,0,2,0,2,0,0,2,0,2,0,0,4,0,4,0,0,0,4
08/31/2021,MSY,LA,ASW,CE,Combined TRACON& Tower with Radar,2,2,28,0,32,0,0,9,1,10,2,2,37,1,42,0,0,0,42
09/01/2021,MSY,LA,ASW,CE,Combined TRACON& Tower with Radar,4,6,50,1,61,0,4,23,7,34,4,10,73,8,95,0,0,0,95
09/02/2021,MSY,LA,ASW,CE,Combined TRACON& Tower with Radar,8,21,32,1,62,0,17,8,16,41,8,38,40,17,103,0,0,0,103
09/03/2021,MSY,LA,ASW,CE,Combined TRACON& Tower with Radar,14,8,6,4,32,0,7,2,7,16,14,15,8,11,48,0,0,0,48
09/04/2021,MSY,LA,ASW,CE,Combined TRACON& Tower with Radar,40,2,12,0,54,0,0,12,6,18,40,2,24,6,72,0,0,0,72
09/05/2021,MSY,LA,ASW,CE,Combined TRACON& Tower with Radar,54,2,7,0,63,0,2,15,11,28,54,4,22,11,91,0,0,0,91
09/06/2021,MSY,LA,ASW,CE,Combined TRACON& Tower with Radar,90,6,11,0,107,0,2,4,0,6,90,8,15,0,113,0,0,0,113
09/07/2021,MSY,LA,ASW,CE,Combined TRACON& Tower with Radar,81,14,21,0,116,0,0,9,1,10,81,14,30,1,126,0,0,0,126
09/08/2021,MSY,LA,ASW,CE,Combined TRACON& Tower with Radar,100,20,42,0,162,0,1,5,1,7,100,21,47,1,169,0,0,0,169
09/09/2021,MSY,LA,ASW,CE,Combined TRACON& Tower with Radar,140,13,21,0,174,0,0,4,0,4,140,13,25,0,178,0,0,0,178
09/10/2021,MSY,LA,ASW,CE,Combined TRACON& Tower with Radar,139,13,31,0,183,0,2,3,0,5,139,15,34,0,188,0,0,0,188
09/11/2021,MSY,LA,ASW,CE,Combined TRACON& Tower with Radar,114,21,11,2,148,0,2,4,0,6,114,23,15,2,154,0,0,0,154
09/12/2021,MSY,LA,ASW,CE,Combined TRACON& Tower with Radar,142,14,19,0,175,0,3,1,1,5,142,17,20,1,180,0,0,0,180
09/13/2021,MSY,LA,ASW,CE,Combined TRACON& Tower with Radar,140,12,27,0,179,0,3,4,0,7,140,15,31,0,186,0,0,0,186
09/14/2021,MSY,LA,ASW,CE,Combined TRACON& Tower with Radar,111,9,8,2,130,0,0,0,0,0,111,9,8,2,130,0,0,0,130
09/15/2021,MSY,LA,ASW,CE,Combined TRACON& Tower with Radar,145,7,25,0,177,0,2,0,0,2,145,9,25,0,179,0,0,0,179
09/16/2021,MSY,LA,ASW,CE,Combined TRACON& Tower with Radar,173,9,16,4,202,0,1,0,0,1,173,10,16,4,203,0,0,0,203
09/17/2021,MSY,LA,ASW,CE,Combined TRACON& Tower with Radar,170,9,16,0,195,0,6,1,0,7,170,15,17,0,202,0,0,0,202
09/18/2021,MSY,LA,ASW,CE,Combined TRACON& Tower with Radar,137,9,7,0,153,0,3,2,0,5,137,12,9,0,158,0,0,0,158
09/19/2021,MSY,LA,ASW,CE,Combined TRACON& Tower with Radar,160,13,24,0,197,0,0,4,0,4,160,13,28,0,201,0,0,0,201
09/20/2021,MSY,LA,ASW,CE,Combined TRACON& Tower with Radar,164,5,21,0,190,0,7,3,1,11,164,12,24,1,201,0,0,0,201
09/21/2021,MSY,LA,ASW,CE,Combined TRACON& Tower with Radar,139,24,25,0,188,0,16,2,0,18,139,40,27,0,206,0,0,0,206
09/22/2021,MSY,LA,ASW,CE,Combined TRACON& Tower with Radar,142,5,19,2,168,0,23,7,0,30,142,28,26,2,198,0,0,0,198
09/23/2021,MSY,LA,ASW,CE,Combined TRACON& Tower with Radar,168,14,23,0,205,0,17,3,0,20,168,31,26,0,225,0,0,0,225
09/24/2021,MSY,LA,ASW,CE,Combined TRACON& Tower with Radar,176,20,27,0,223,0,7,21,4,32,176,27,48,4,255,0,0,0,255
09/25/2021,MSY,LA,ASW,CE,Combined TRACON& Tower with Radar,140,6,9,2,157,0,3,2,0,5,140,9,11,2,162,0,0,0,162
09/26/2021,MSY,LA,ASW,CE,Combined TRACON& Tower with Radar,177,11,24,0,212,0,0,7,0,7,177,11,31,0,219,0,0,0,219
09/27/2021,MSY,LA,ASW,CE,Combined TRACON& Tower with Radar,170,16,23,0,209,0,10,3,0,13,170,26,26,0,222,0,0,0,222
09/28/2021,MSY,LA,ASW,CE,Combined TRACON& Tower with Radar,147,10,20,2,179,0,4,0,0,4,147,14,20,2,183,0,0,0,183
09/29/2021,MSY,LA,ASW,CE,Combined TRACON& Tower with Radar,151,9,22,3,185,0,0,0,1,1,151,9,22,4,186,0,0,0,186
09/30/2021,MSY,LA,ASW,CE,Combined TRACON& Tower with Radar,179,18,18,0,215,0,7,2,0,9,179,25,20,0,224,0,0,0,224
10/01/2021,MSY,LA,ASW,CE,Combined TRACON& Tower with Radar,190,16,24,0,230,0,6,2,0,8,190,22,26,0,238,0,0,0,238
10/02/2021,MSY,LA,ASW,CE,Combined TRACON& Tower with Radar,153,18,6,2,179,0,0,3,0,3,153,18,9,2,182,0,0,0,182
10/03/2021,MSY,LA,ASW,CE,Combined TRACON& Tower with Radar,250,17,23,1,291,0,1,6,2,9,250,18,29,3,300,0,0,0,300
10/04/2021,MSY,LA,ASW,CE,Combined TRACON& Tower with Radar,233,12,19,0,264,0,22,1,0,23,233,34,20,0,287,0,0,0,287
10/05/2021,MSY,LA,ASW,CE,Combined TRACON& Tower with Radar,209,12,16,0,237,0,17,17,0,34,209,29,33,0,271,0,0,0,271
10/06/2021,MSY,LA,ASW,CE,Combined TRACON& Tower with Radar,231,15,28,0,274,0,18,4,2,24,231,33,32,2,298,0,0,0,298
10/07/2021,MSY,LA,ASW,CE,Combined TRACON& Tower with Radar,292,18,28,0,338,0,16,1,0,17,292,34,29,0,355,0,0,0,355
10/08/2021,MSY,LA,ASW,CE,Combined TRACON& Tower with Radar,280,13,21,0,314,0,5,3,0,8,280,18,24,0,322,0,0,0,322
10/09/2021,MSY,LA,ASW,CE,Combined TRACON& Tower with Radar,203,6,15,0,224,0,0,5,0,5,203,6,20,0,229,0,0,0,229
10/10/2021,MSY,LA,ASW,CE,Combined TRACON& Tower with Radar,266,17,31,1,315,0,1,3,0,4,266,18,34,1,319,0,0,0,319
10/11/2021,MSY,LA,ASW,CE,Combined TRACON& Tower with Radar,275,12,17,1,305,0,2,10,0,12,275,14,27,1,317,0,0,0,317
10/12/2021,MSY,LA,ASW,CE,Combined TRACON& Tower with Radar,243,16,22,0,281,0,18,3,1,22,243,34,25,1,303,0,0,0,303
10/13/2021,MSY,LA,ASW,CE,Combined TRACON& Tower with Radar,236,14,26,0,276,0,16,4,2,22,236,30,30,2,298,0,0,0,298
10/14/2021,MSY,LA,ASW,CE,Combined TRACON& Tower with Radar,299,21,29,2,351,1,13,0,1,15,300,34,29,3,366,0,0,0,366
10/15/2021,MSY,LA,ASW,CE,Combined TRACON& Tower with Radar,291,16,21,0,328,0,18,2,0,20,291,34,23,0,348,0,0,0,348
10/16/2021,MSY,LA,ASW,CE,Combined TRACON& Tower with Radar,217,12,12,0,241,0,4,7,0,11,217,16,19,0,252,0,0,0,252
10/17/2021,MSY,LA,ASW,CE,Combined TRACON& Tower with Radar,295,21,27,0,343,0,1,4,0,5,295,22,31,0,348,0,0,0,348
10/18/2021,MSY,LA,ASW,CE,Combined TRACON& Tower with Radar,281,16,18,0,315,0,26,6,6,38,281,42,24,6,353,0,0,0,353
10/19/2021,MSY,LA,ASW,CE,Combined TRACON& Tower with Radar,238,6,28,0,272,0,17,0,2,19,238,23,28,2,291,0,0,0,291
10/20/2021,MSY,LA,ASW,CE,Combined TRACON& Tower with Radar,251,9,14,0,274,0,0,3,0,3,251,9,17,0,277,0,0,0,277
10/21/2021,MSY,LA,ASW,CE,Combined TRACON& Tower with Radar,303,10,29,0,342,0,2,5,1,8,303,12,34,1,350,0,0,0,350
10/22/2021,MSY,LA,ASW,CE,Combined TRACON& Tower with Radar,293,21,28,2,344,0,9,7,0,16,293,30,35,2,360,0,0,0,360
10/23/2021,MSY,LA,ASW,CE,Combined TRACON& Tower with Radar,223,11,13,0,247,0,3,8,2,13,223,14,21,2,260,0,0,0,260
10/24/2021,MSY,LA,ASW,CE,Combined TRACON& Tower with Radar,291,21,24,0,336,0,0,2,3,5,291,21,26,3,341,0,0,0,341
10/25/2021,MSY,LA,ASW,CE,Combined TRACON& Tower with Radar,279,10,25,2,316,0,0,3,1,4,279,10,28,3,320,0,0,0,320
10/26/2021,MSY,LA,ASW,CE,Combined TRACON& Tower with Radar,253,16,35,0,304,0,16,6,0,22,253,32,41,0,326,0,0,0,326
10/27/2021,MSY,LA,ASW,CE,Combined TRACON& Tower with Radar,241,7,20,0,268,0,0,2,1,3,241,7,22,1,271,0,0,0,271
10/28/2021,MSY,LA,ASW,CE,Combined TRACON& Tower with Radar,293,20,35,2,350,0,3,2,0,5,293,23,37,2,355,0,0,0,355
10/29/2021,MSY,LA,ASW,CE,Combined TRACON& Tower with Radar,298,23,22,2,345,0,4,1,0,5,298,27,23,2,350,0,0,0,350
10/30/2021,MSY,LA,ASW,CE,Combined TRACON& Tower with Radar,208,17,20,0,245,0,0,7,0,7,208,17,27,0,252,0,0,0,252
10/31/2021,MSY,LA,ASW,CE,Combined TRACON& Tower with Radar,254,32,20,0,306,0,1,3,0,4,254,33,23,0,310,0,0,0,310
11/01/2021,MSY,LA,ASW,CE,Combined TRACON& Tower with Radar,278,17,23,0,318,0,7,7,1,15,278,24,30,1,333,0,0,0,333
11/02/2021,MSY,LA,ASW,CE,Combined TRACON& Tower with Radar,239,16,10,2,267,0,18,11,0,29,239,34,21,2,296,0,0,0,296
11/03/2021,MSY,LA,ASW,CE,Combined TRACON& Tower with Radar,246,20,18,0,284,0,17,3,3,23,246,37,21,3,307,0,0,0,307
11/04/2021,MSY,LA,ASW,CE,Combined TRACON& Tower with Radar,305,36,34,4,379,0,5,1,0,6,305,41,35,4,385,0,0,0,385
11/05/2021,MSY,LA,ASW,CE,Combined TRACON& Tower with Radar,302,19,38,1,360,0,0,1,0,1,302,19,39,1,361,0,0,0,361
11/06/2021,MSY,LA,ASW,CE,Combined TRACON& Tower with Radar,220,13,12,0,245,0,1,0,0,1,220,14,12,0,246,0,0,0,246
11/07/2021,MSY,LA,ASW,CE,Combined TRACON& Tower with Radar,288,19,43,0,350,0,0,5,0,5,288,19,48,0,355,0,0,0,355
11/08/2021,MSY,LA,ASW,CE,Combined TRACON& Tower with Radar,298,17,27,0,342,0,12,6,1,19,298,29,33,1,361,0,0,0,361
11/09/2021,MSY,LA,ASW,CE,Combined TRACON& Tower with Radar,248,7,29,4,288,0,17,6,0,23,248,24,35,4,311,0,0,0,311
11/10/2021,MSY,LA,ASW,CE,Combined TRACON& Tower with Radar,246,17,21,0,284,0,16,3,4,23,246,33,24,4,307,0,0,0,307
11/11/2021,MSY,LA,ASW,CE,Combined TRACON& Tower with Radar,321,32,34,3,390,0,0,5,0,5,321,32,39,3,395,0,0,0,395
11/12/2021,MSY,LA,ASW,CE,Combined TRACON& Tower with Radar,315,25,23,1,364,0,10,6,0,16,315,35,29,1,380,0,0,0,380
11/13/2021,MSY,LA,ASW,CE,Combined TRACON& Tower with Radar,233,20,13,0,266,0,0,4,0,4,233,20,17,0,270,0,0,0,270
11/14/2021,MSY,LA,ASW,CE,Combined TRACON& Tower with Radar,295,36,43,0,374,0,1,7,0,8,295,37,50,0,382,0,0,0,382
11/15/2021,MSY,LA,ASW,CE,Combined TRACON& Tower with Radar,296,8,25,0,329,0,15,5,0,20,296,23,30,0,349,0,0,0,349
11/16/2021,MSY,LA,ASW,CE,Combined TRACON& Tower with Radar,245,17,42,2,306,0,25,5,0,30,245,42,47,2,336,0,0,0,336
11/17/2021,MSY,LA,ASW,CE,Combined TRACON& Tower with Radar,267,26,38,2,333,0,7,8,0,15,267,33,46,2,348,0,0,0,348
11/18/2021,MSY,LA,ASW,CE,Combined TRACON& Tower with Radar,318,18,18,0,354,0,0,0,0,0,318,18,18,0,354,0,0,0,354
11/19/2021,MSY,LA,ASW,CE,Combined TRACON& Tower with Radar,315,12,21,0,348,0,5,4,0,9,315,17,25,0,357,0,0,0,357
11/20/2021,MSY,LA,ASW,CE,Combined TRACON& Tower with Radar,251,12,9,0,272,0,0,2,0,2,251,12,11,0,274,0,0,0,274
11/21/2021,MSY,LA,ASW,CE,Combined TRACON& Tower with Radar,298,16,20,2,336,0,0,5,0,5,298,16,25,2,341,0,0,0,341
11/22/2021,MSY,LA,ASW,CE,Combined TRACON& Tower with Radar,295,13,25,0,333,0,1,1,0,2,295,14,26,0,335,0,0,0,335
11/23/2021,MSY,LA,ASW,CE,Combined TRACON& Tower with Radar,307,12,15,3,337,0,6,4,1,11,307,18,19,4,348,0,0,0,348
11/24/2021,MSY,LA,ASW,CE,Combined TRACON& Tower with Radar,316,17,25,1,359,0,15,8,0,23,316,32,33,1,382,0,0,0,382
11/25/2021,MSY,LA,ASW,CE,Combined TRACON& Tower with Radar,196,5,8,0,209,0,0,4,0,4,196,5,12,0,213,0,0,0,213
11/26/2021,MSY,LA,ASW,CE,Combined TRACON& Tower with Radar,241,14,15,0,270,0,5,9,0,14,241,19,24,0,284,0,0,0,284
11/27/2021,MSY,LA,ASW,CE,Combined TRACON& Tower with Radar,265,13,19,0,297,0,1,7,0,8,265,14,26,0,305,0,0,0,305
11/28/2021,MSY,LA,ASW,CE,Combined TRACON& Tower with Radar,305,20,31,0,356,0,1,2,0,3,305,21,33,0,359,0,0,0,359
11/29/2021,MSY,LA,ASW,CE,Combined TRACON& Tower with Radar,301,15,19,0,335,0,14,5,0,19,301,29,24,0,354,0,0,0,354
11/30/2021,MSY,LA,ASW,CE,Combined TRACON& Tower with Radar,290,26,17,1,334,0,21,6,1,28,290,47,23,2,362,0,0,0,362
12/01/2021,MSY,LA,ASW,CE,Combined TRACON& Tower with Radar,252,16,41,0,309,0,15,6,0,21,252,31,47,0,330,0,0,0,330
12/02/2021,MSY,LA,ASW,CE,Combined TRACON& Tower with Radar,296,28,47,0,371,0,13,2,0,15,296,41,49,0,386,0,0,0,386
12/03/2021,MSY,LA,ASW,CE,Combined TRACON& Tower with Radar,286,28,44,0,358,0,2,6,0,8,286,30,50,0,366,0,0,0,366
12/04/2021,MSY,LA,ASW,CE,Combined TRACON& Tower with Radar,229,17,12,0,258,0,0,4,0,4,229,17,16,0,262,0,0,0,262
12/05/2021,MSY,LA,ASW,CE,Combined TRACON& Tower with Radar,278,13,32,1,324,0,1,7,0,8,278,14,39,1,332,0,0,0,332
12/06/2021,MSY,LA,ASW,CE,Combined TRACON& Tower with Radar,273,19,15,0,307,0,1,2,0,3,273,20,17,0,310,0,0,0,310
12/07/2021,MSY,LA,ASW,CE,Combined TRACON& Tower with Radar,140,9,18,2,169,0,0,0,0,0,140,9,18,2,169,0,0,0,169
12/08/2021,MSY,LA,ASW,CE,Combined TRACON& Tower with Radar,220,20,28,0,268,0,2,0,0,2,220,22,28,0,270,0,0,0,270
12/09/2021,MSY,LA,ASW,CE,Combined TRACON& Tower with Radar,279,17,33,2,331,0,0,2,0,2,279,17,35,2,333,0,0,0,333
12/10/2021,MSY,LA,ASW,CE,Combined TRACON& Tower with Radar,296,18,24,3,341,0,0,0,0,0,296,18,24,3,341,0,0,0,341
12/11/2021,MSY,LA,ASW,CE,Combined TRACON& Tower with Radar,256,13,9,1,279,0,1,1,0,2,256,14,10,1,281,0,0,0,281
12/12/2021,MSY,LA,ASW,CE,Combined TRACON& Tower with Radar,285,20,29,0,334,0,0,5,1,6,285,20,34,1,340,0,0,0,340
12/13/2021,MSY,LA,ASW,CE,Combined TRACON& Tower with Radar,269,23,22,0,314,0,18,3,0,21,269,41,25,0,335,0,0,0,335
12/14/2021,MSY,LA,ASW,CE,Combined TRACON& Tower with Radar,250,13,21,1,285,0,0,0,1,1,250,13,21,2,286,0,0,0,286
12/15/2021,MSY,LA,ASW,CE,Combined TRACON& Tower with Radar,247,18,33,0,298,0,4,0,0,4,247,22,33,0,302,0,0,0,302
12/16/2021,MSY,LA,ASW,CE,Combined TRACON& Tower with Radar,305,31,22,2,360,0,10,2,0,12,305,41,24,2,372,0,0,0,372
12/17/2021,MSY,LA,ASW,CE,Combined TRACON& Tower with Radar,272,22,28,0,322,0,2,1,0,3,272,24,29,0,325,0,0,0,325
12/18/2021,MSY,LA,ASW,CE,Combined TRACON& Tower with Radar,237,19,15,0,271,0,0,0,0,0,237,19,15,0,271,0,0,0,271
12/19/2021,MSY,LA,ASW,CE,Combined TRACON& Tower with Radar,275,18,28,0,321,0,0,1,1,2,275,18,29,1,323,0,0,0,323
12/20/2021,MSY,LA,ASW,CE,Combined TRACON& Tower with Radar,285,18,21,0,324,0,3,1,2,6,285,21,22,2,330,0,0,0,330
12/21/2021,MSY,LA,ASW,CE,Combined TRACON& Tower with Radar,285,15,21,2,323,0,4,3,0,7,285,19,24,2,330,0,0,0,330
12/22/2021,MSY,LA,ASW,CE,Combined TRACON& Tower with Radar,283,18,20,0,321,0,5,5,0,10,283,23,25,0,331,0,0,0,331
12/23/2021,MSY,LA,ASW,CE,Combined TRACON& Tower with Radar,294,26,17,0,337,0,6,2,0,8,294,32,19,0,345,0,0,0,345
12/24/2021,MSY,LA,ASW,CE,Combined TRACON& Tower with Radar,224,5,10,0,239,0,0,0,0,0,224,5,10,0,239,0,0,0,239
12/25/2021,MSY,LA,ASW,CE,Combined TRACON& Tower with Radar,181,6,7,0,194,0,0,0,0,0,181,6,7,0,194,0,0,0,194
12/26/2021,MSY,LA,ASW,CE,Combined TRACON& Tower with Radar,254,14,19,0,287,0,0,9,0,9,254,14,28,0,296,0,0,0,296
12/27/2021,MSY,LA,ASW,CE,Combined TRACON& Tower with Radar,280,25,20,0,325,0,9,2,1,12,280,34,22,1,337,0,0,0,337
12/28/2021,MSY,LA,ASW,CE,Combined TRACON& Tower with Radar,278,23,19,0,320,0,2,2,2,6,278,25,21,2,326,0,0,0,326
12/29/2021,MSY,LA,ASW,CE,Combined TRACON& Tower with Radar,274,21,29,1,325,0,7,3,1,11,274,28,32,2,336,0,0,0,336
12/30/2021,MSY,LA,ASW,CE,Combined TRACON& Tower with Radar,284,30,19,0,333,0,0,0,0,0,284,30,19,0,333,0,0,0,333
12/31/2021,MSY,LA,ASW,CE,Combined TRACON& Tower with Radar,227,14,21,0,262,0,0,3,0,3,227,14,24,0,265,0,0,0,265
01/01/2022,MSY,LA,ASW,CE,Combined TRACON& Tower with Radar,187,28,19,0,234,0,0,3,0,3,187,28,22,0,237,0,0,0,237
01/02/2022,MSY,LA,ASW,CE,Combined TRACON& Tower with Radar,253,31,52,0,336,0,3,2,0,5,253,34,54,0,341,0,0,0,341
01/03/2022,MSY,LA,ASW,CE,Combined TRACON& Tower with Radar,236,15,20,0,271,0,0,3,0,3,236,15,23,0,274,0,0,0,274
01/04/2022,MSY,LA,ASW,CE,Combined TRACON& Tower with Radar,239,18,24,0,281,0,9,5,0,14,239,27,29,0,295,0,0,0,295
01/05/2022,MSY,LA,ASW,CE,Combined TRACON& Tower with Radar,235,7,19,0,261,0,8,1,4,13,235,15,20,4,274,0,0,0,274
01/06/2022,MSY,LA,ASW,CE,Combined TRACON& Tower with Radar,251,19,15,2,287,0,11,2,0,13,251,30,17,2,300,0,0,0,300
01/07/2022,MSY,LA,ASW,CE,Combined TRACON& Tower with Radar,250,17,20,0,287,0,6,0,0,6,250,23,20,0,293,0,0,0,293
01/08/2022,MSY,LA,ASW,CE,Combined TRACON& Tower with Radar,224,10,10,0,244,0,1,2,0,3,224,11,12,0,247,0,0,0,247
01/09/2022,MSY,LA,ASW,CE,Combined TRACON& Tower with Radar,270,15,30,3,318,0,0,0,0,0,270,15,30,3,318,0,0,0,318
01/10/2022,MSY,LA,ASW,CE,Combined TRACON& Tower with Radar,253,15,7,2,277,0,6,0,2,8,253,21,7,4,285,0,0,0,285
01/11/2022,MSY,LA,ASW,CE,Combined TRACON& Tower with Radar,244,11,24,2,281,0,8,5,1,14,244,19,29,3,295,0,0,0,295
01/12/2022,MSY,LA,ASW,CE,Combined TRACON& Tower with Radar,238,9,20,1,268,0,8,2,4,14,238,17,22,5,282,0,0,0,282
01/13/2022,MSY,LA,ASW,CE,Combined TRACON& Tower with Radar,278,8,20,0,306,0,5,7,0,12,278,13,27,0,318,0,0,0,318
01/14/2022,MSY,LA,ASW,CE,Combined TRACON& Tower with Radar,295,12,24,1,332,0,11,3,0,14,295,23,27,1,346,0,0,0,346
01/15/2022,MSY,LA,ASW,CE,Combined TRACON& Tower with Radar,225,8,8,5,246,0,4,0,0,4,225,12,8,5,250,0,0,0,250
01/16/2022,MSY,LA,ASW,CE,Combined TRACON& Tower with Radar,240,10,17,2,269,0,0,2,0,2,240,10,19,2,271,0,0,0,271
01/17/2022,MSY,LA,ASW,CE,Combined TRACON& Tower with Radar,271,19,24,2,316,0,5,7,0,12,271,24,31,2,328,0,0,0,328
01/18/2022,MSY,LA,ASW,CE,Combined TRACON& Tower with Radar,256,13,25,2,296,0,5,4,3,12,256,18,29,5,308,0,0,0,308
01/19/2022,MSY,LA,ASW,CE,Combined TRACON& Tower with Radar,268,14,21,2,305,0,5,7,1,13,268,19,28,3,318,0,0,0,318
01/20/2022,MSY,LA,ASW,CE,Combined TRACON& Tower with Radar,283,27,12,0,322,0,0,0,0,0,283,27,12,0,322,0,0,0,322
01/21/2022,MSY,LA,ASW,CE,Combined TRACON& Tower with Radar,288,12,21,1,322,0,0,7,1,8,288,12,28,2,330,0,0,0,330
01/22/2022,MSY,LA,ASW,CE,Combined TRACON& Tower with Radar,217,7,18,0,242,0,1,10,0,11,217,8,28,0,253,0,0,0,253
01/23/2022,MSY,LA,ASW,CE,Combined TRACON& Tower with Radar,274,16,16,1,307,0,0,2,0,2,274,16,18,1,309,0,0,0,309
01/24/2022,MSY,LA,ASW,CE,Combined TRACON& Tower with Radar,272,18,29,2,321,0,4,2,0,6,272,22,31,2,327,0,0,0,327
01/25/2022,MSY,LA,ASW,CE,Combined TRACON& Tower with Radar,249,11,21,0,281,0,0,0,0,0,249,11,21,0,281,0,0,0,281
01/26/2022,MSY,LA,ASW,CE,Combined TRACON& Tower with Radar,258,10,32,2,302,0,6,32,0,38,258,16,64,2,340,0,0,0,340
01/27/2022,MSY,LA,ASW,CE,Combined TRACON& Tower with Radar,299,13,17,4,333,0,5,23,0,28,299,18,40,4,361,0,0,0,361
01/28/2022,MSY,LA,ASW,CE,Combined TRACON& Tower with Radar,286,18,19,1,324,0,1,9,2,12,286,19,28,3,336,0,0,0,336
01/29/2022,MSY,LA,ASW,CE,Combined TRACON& Tower with Radar,204,7,12,0,223,0,2,3,0,5,204,9,15,0,228,0,0,0,228
01/30/2022,MSY,LA,ASW,CE,Combined TRACON& Tower with Radar,275,14,26,0,315,0,1,6,0,7,275,15,32,0,322,0,0,0,322
01/31/2022,MSY,LA,ASW,CE,Combined TRACON& Tower with Radar,269,10,21,1,301,0,8,11,2,21,269,18,32,3,322,0,0,0,322
02/01/2022,MSY,LA,ASW,CE,Combined TRACON& Tower with Radar,253,15,24,1,293,0,1,4,0,5,253,16,28,1,298,0,0,0,298
02/02/2022,MSY,LA,ASW,CE,Combined TRACON& Tower with Radar,240,19,27,1,287,0,0,0,0,0,240,19,27,1,287,0,0,0,287
02/03/2022,MSY,LA,ASW,CE,Combined TRACON& Tower with Radar,239,23,18,0,280,0,0,0,0,0,239,23,18,0,280,0,0,0,280
02/04/2022,MSY,LA,ASW,CE,Combined TRACON& Tower with Radar,245,15,21,0,281,0,0,0,0,0,245,15,21,0,281,0,0,0,281
02/05/2022,MSY,LA,ASW,CE,Combined TRACON& Tower with Radar,217,8,7,0,232,0,3,5,0,8,217,11,12,0,240,0,0,0,240
02/06/2022,MSY,LA,ASW,CE,Combined TRACON& Tower with Radar,276,17,30,0,323,0,0,4,4,8,276,17,34,4,331,0,0,0,331
02/07/2022,MSY,LA,ASW,CE,Combined TRACON& Tower with Radar,276,10,19,2,307,0,2,6,0,8,276,12,25,2,315,0,0,0,315
02/08/2022,MSY,LA,ASW,CE,Combined TRACON& Tower with Radar,264,13,18,6,301,0,7,9,0,16,264,20,27,6,317,0,0,0,317
02/09/2022,MSY,LA,ASW,CE,Combined TRACON& Tower with Radar,271,11,27,0,309,0,12,2,0,14,271,23,29,0,323,0,0,0,323
02/10/2022,MSY,LA,ASW,CE,Combined TRACON& Tower with Radar,306,11,23,1,341,0,8,3,2,13,306,19,26,3,354,0,0,0,354
02/11/2022,MSY,LA,ASW,CE,Combined TRACON& Tower with Radar,295,6,21,3,325,0,7,9,3,19,295,13,30,6,344,0,0,0,344
02/12/2022,MSY,LA,ASW,CE,Combined TRACON& Tower with Radar,243,15,6,2,266,0,1,8,0,9,243,16,14,2,275,0,0,0,275
02/13/2022,MSY,LA,ASW,CE,Combined TRACON& Tower with Radar,272,19,20,1,312,0,1,2,0,3,272,20,22,1,315,0,0,0,315
02/14/2022,MSY,LA,ASW,CE,Combined TRACON& Tower with Radar,289,14,15,3,321,0,6,4,1,11,289,20,19,4,332,0,0,0,332
02/15/2022,MSY,LA,ASW,CE,Combined TRACON& Tower with Radar,271,21,46,0,338,0,10,21,2,33,271,31,67,2,371,0,0,0,371
02/16/2022,MSY,LA,ASW,CE,Combined TRACON& Tower with Radar,280,16,42,0,338,0,6,16,2,24,280,22,58,2,362,0,0,0,362
02/17/2022,MSY,LA,ASW,CE,Combined TRACON& Tower with Radar,307,30,23,1,361,0,0,0,0,0,307,30,23,1,361,0,0,0,361
02/18/2022,MSY,LA,ASW,CE,Combined TRACON& Tower with Radar,325,9,45,3,382,0,3,2,0,5,325,12,47,3,387,0,0,0,387
02/19/2022,MSY,LA,ASW,CE,Combined TRACON& Tower with Radar,257,13,17,1,288,0,4,6,1,11,257,17,23,2,299,0,0,0,299
02/20/2022,MSY,LA,ASW,CE,Combined TRACON& Tower with Radar,299,14,17,3,333,0,0,5,0,5,299,14,22,3,338,0,0,0,338
02/21/2022,MSY,LA,ASW,CE,Combined TRACON& Tower with Radar,306,16,24,3,349,0,0,0,0,0,306,16,24,3,349,0,0,0,349
02/22/2022,MSY,LA,ASW,CE,Combined TRACON& Tower with Radar,301,18,15,0,334,0,1,0,0,1,301,19,15,0,335,0,0,0,335
02/23/2022,MSY,LA,ASW,CE,Combined TRACON& Tower with Radar,286,21,30,0,337,0,0,2,0,2,286,21,32,0,339,0,0,0,339
02/24/2022,MSY,LA,ASW,CE,Combined TRACON& Tower with Radar,283,33,42,0,358,0,1,2,0,3,283,34,44,0,361,0,0,0,361
02/25/2022,MSY,LA,ASW,CE,Combined TRACON& Tower with Radar,318,33,30,1,382,0,0,2,0,2,318,33,32,1,384,0,0,0,384
02/26/2022,MSY,LA,ASW,CE,Combined TRACON& Tower with Radar,258,20,18,0,296,0,1,0,0,1,258,21,18,0,297,0,0,0,297
02/27/2022,MSY,LA,ASW,CE,Combined TRACON& Tower with Radar,300,25,37,1,363,0,0,0,0,0,300,25,37,1,363,0,0,0,363
02/28/2022,MSY,LA,ASW,CE,Combined TRACON& Tower with Radar,314,27,33,0,374,0,10,2,0,12,314,37,35,0,386,0,0,0,386
03/01/2022,MSY,LA,ASW,CE,Combined TRACON& Tower with Radar,307,11,20,2,340,0,0,8,0,8,307,11,28,2,348,0,0,0,348
03/02/2022,MSY,LA,ASW,CE,Combined TRACON& Tower with Radar,306,11,43,0,360,0,11,9,1,21,306,22,52,1,381,0,0,0,381
03/03/2022,MSY,LA,ASW,CE,Combined TRACON& Tower with Radar,324,15,20,2,361,0,8,2,0,10,324,23,22,2,371,0,0,0,371
03/04/2022,MSY,LA,ASW,CE,Combined TRACON& Tower with Radar,318,24,21,2,365,0,15,3,1,19,318,39,24,3,384,0,0,0,384
03/05/2022,MSY,LA,ASW,CE,Combined TRACON& Tower with Radar,251,27,27,1,306,0,4,5,0,9,251,31,32,1,315,0,0,0,315
03/06/2022,MSY,LA,ASW,CE,Combined TRACON& Tower with Radar,296,28,33,4,361,0,2,4,0,6,296,30,37,4,367,0,0,0,367
03/07/2022,MSY,LA,ASW,CE,Combined TRACON& Tower with Radar,296,32,10,0,338,0,2,1,0,3,296,34,11,0,341,0,0,0,341
03/08/2022,MSY,LA,ASW,CE,Combined TRACON& Tower with Radar,272,24,27,0,323,0,1,1,0,2,272,25,28,0,325,0,0,0,325
03/09/2022,MSY,LA,ASW,CE,Combined TRACON& Tower with Radar,261,16,26,0,303,0,0,1,0,1,261,16,27,0,304,0,0,0,304
03/10/2022,MSY,LA,ASW,CE,Combined TRACON& Tower with Radar,306,15,28,2,351,0,11,0,0,11,306,26,28,2,362,0,0,0,362
03/11/2022,MSY,LA,ASW,CE,Combined TRACON& Tower with Radar,304,20,20,0,344,0,0,1,0,1,304,20,21,0,345,0,0,0,345
03/12/2022,MSY,LA,ASW,CE,Combined TRACON& Tower with Radar,224,20,18,0,262,0,1,9,0,10,224,21,27,0,272,0,0,0,272
03/13/2022,MSY,LA,ASW,CE,Combined TRACON& Tower with Radar,285,19,43,0,347,0,0,8,0,8,285,19,51,0,355,0,0,0,355
03/14/2022,MSY,LA,ASW,CE,Combined TRACON& Tower with Radar,291,10,18,0,319,0,8,1,1,10,291,18,19,1,329,0,0,0,329
03/15/2022,MSY,LA,ASW,CE,Combined TRACON& Tower with Radar,273,14,23,2,312,0,1,2,0,3,273,15,25,2,315,0,0,0,315
03/16/2022,MSY,LA,ASW,CE,Combined TRACON& Tower with Radar,267,12,37,2,318,0,12,4,0,16,267,24,41,2,334,0,0,0,334
03/17/2022,MSY,LA,ASW,CE,Combined TRACON& Tower with Radar,298,36,33,4,371,0,12,4,0,16,298,48,37,4,387,0,0,0,387
03/18/2022,MSY,LA,ASW,CE,Combined TRACON& Tower with Radar,304,26,30,4,364,0,2,3,0,5,304,28,33,4,369,0,0,0,369
03/19/2022,MSY,LA,ASW,CE,Combined TRACON& Tower with Radar,235,22,20,1,278,0,1,4,0,5,235,23,24,1,283,0,0,0,283
03/20/2022,MSY,LA,ASW,CE,Combined TRACON& Tower with Radar,302,25,34,1,362,0,0,8,0,8,302,25,42,1,370,0,0,0,370
03/21/2022,MSY,LA,ASW,CE,Combined TRACON& Tower with Radar,283,25,14,2,324,0,8,2,0,10,283,33,16,2,334,0,0,0,334
03/22/2022,MSY,LA,ASW,CE,Combined TRACON& Tower with Radar,263,14,12,0,289,0,0,0,0,0,263,14,12,0,289,0,0,0,289
03/23/2022,MSY,LA,ASW,CE,Combined TRACON& Tower with Radar,270,22,32,0,324,0,12,8,1,21,270,34,40,1,345,0,0,0,345
03/24/2022,MSY,LA,ASW,CE,Combined TRACON& Tower with Radar,310,23,29,0,362,0,14,7,0,21,310,37,36,0,383,0,0,0,383
03/25/2022,MSY,LA,ASW,CE,Combined TRACON& Tower with Radar,315,8,24,0,347,0,9,3,2,14,315,17,27,2,361,0,0,0,361
03/26/2022,MSY,LA,ASW,CE,Combined TRACON& Tower with Radar,243,15,26,4,288,0,1,4,1,6,243,16,30,5,294,0,0,0,294
03/27/2022,MSY,LA,ASW,CE,Combined TRACON& Tower with Radar,296,24,24,0,344,0,0,8,0,8,296,24,32,0,352,0,0,0,352
03/28/2022,MSY,LA,ASW,CE,Combined TRACON& Tower with Radar,290,15,22,1,328,0,5,2,6,13,290,20,24,7,341,0,0,0,341
03/29/2022,MSY,LA,ASW,CE,Combined TRACON& Tower with Radar,277,20,21,3,321,0,12,7,0,19,277,32,28,3,340,0,0,0,340
03/30/2022,MSY,LA,ASW,CE,Combined TRACON& Tower with Radar,283,15,18,2,318,0,0,0,0,0,283,15,18,2,318,0,0,0,318
03/31/2022,MSY,LA,ASW,CE,Combined TRACON& Tower with Radar,312,26,39,0,377,0,10,4,0,14,312,36,43,0,391,0,0,0,391
04/01/2022,MSY,LA,ASW,CE,Combined TRACON& Tower with Radar,332,130,103,0,565,0,8,6,0,14,332,138,109,0,579,0,0,0,579
04/02/2022,MSY,LA,ASW,CE,Combined TRACON& Tower with Radar,210,133,105,0,448,0,1,3,0,4,210,134,108,0,452,0,0,0,452
04/03/2022,MSY,LA,ASW,CE,Combined TRACON& Tower with Radar,266,97,90,0,453,0,2,6,0,8,266,99,96,0,461,0,0,0,461
04/04/2022,MSY,LA,ASW,CE,Combined TRACON& Tower with Radar,292,67,69,0,428,0,8,2,0,10,292,75,71,0,438,0,0,0,438
04/05/2022,MSY,LA,ASW,CE,Combined TRACON& Tower with Radar,324,125,94,0,543,0,1,1,0,2,324,126,95,0,545,0,0,0,545
04/06/2022,MSY,LA,ASW,CE,Combined TRACON& Tower with Radar,278,16,39,1,334,0,2,7,2,11,278,18,46,3,345,0,0,0,345
04/07/2022,MSY,LA,ASW,CE,Combined TRACON& Tower with Radar,293,21,45,0,359,0,9,14,0,23,293,30,59,0,382,0,0,0,382
04/08/2022,MSY,LA,ASW,CE,Combined TRACON& Tower with Radar,288,30,30,0,348,0,9,7,2,18,288,39,37,2,366,0,0,0,366
04/09/2022,MSY,LA,ASW,CE,Combined TRACON& Tower with Radar,239,18,22,0,279,0,5,7,0,12,239,23,29,0,291,0,0,0,291
04/10/2022,MSY,LA,ASW,CE,Combined TRACON& Tower with Radar,277,21,52,0,350,0,1,6,1,8,277,22,58,1,358,0,0,0,358
04/11/2022,MSY,LA,ASW,CE,Combined TRACON& Tower with Radar,291,15,26,0,332,0,10,1,0,11,291,25,27,0,343,0,0,0,343
04/12/2022,MSY,LA,ASW,CE,Combined TRACON& Tower with Radar,282,16,24,0,322,0,3,0,0,3,282,19,24,0,325,0,0,0,325
04/13/2022,MSY,LA,ASW,CE,Combined TRACON& Tower with Radar,263,21,31,0,315,0,4,0,0,4,263,25,31,0,319,0,0,0,319
04/14/2022,MSY,LA,ASW,CE,Combined TRACON& Tower with Radar,313,20,42,0,375,0,1,5,0,6,313,21,47,0,381,0,0,0,381
04/15/2022,MSY,LA,ASW,CE,Combined TRACON& Tower with Radar,308,13,16,2,339,0,7,1,2,10,308,20,17,4,349,0,0,0,349
04/16/2022,MSY,LA,ASW,CE,Combined TRACON& Tower with Radar,236,20,18,0,274,0,1,3,0,4,236,21,21,0,278,0,0,0,278
04/17/2022,MSY,LA,ASW,CE,Combined TRACON& Tower with Radar,284,21,23,0,328,0,0,3,0,3,284,21,26,0,331,0,0,0,331
04/18/2022,MSY,LA,ASW,CE,Combined TRACON& Tower with Radar,292,31,27,0,350,0,12,1,0,13,292,43,28,0,363,0,0,0,363
04/19/2022,MSY,LA,ASW,CE,Combined TRACON& Tower with Radar,277,41,24,0,342,0,0,12,1,13,277,41,36,1,355,0,0,0,355
04/20/2022,MSY,LA,ASW,CE,Combined TRACON& Tower with Radar,277,24,25,2,328,0,12,4,1,17,277,36,29,3,345,0,0,0,345
04/21/2022,MSY,LA,ASW,CE,Combined TRACON& Tower with Radar,314,18,24,0,356,0,13,6,5,24,314,31,30,5,380,0,0,0,380
04/22/2022,MSY,LA,ASW,CE,Combined TRACON& Tower with Radar,306,20,25,0,351,0,12,12,0,24,306,32,37,0,375,0,0,0,375
04/23/2022,MSY,LA,ASW,CE,Combined TRACON& Tower with Radar,224,21,17,0,262,0,3,3,0,6,224,24,20,0,268,0,0,0,268
04/24/2022,MSY,LA,ASW,CE,Combined TRACON& Tower with Radar,291,42,39,0,372,0,1,3,1,5,291,43,42,1,377,0,0,0,377
04/25/2022,MSY,LA,ASW,CE,Combined TRACON& Tower with Radar,304,26,28,0,358,0,6,4,1,11,304,32,32,1,369,0,0,0,369
04/26/2022,MSY,LA,ASW,CE,Combined TRACON& Tower with Radar,284,24,17,0,325,0,6,6,0,12,284,30,23,0,337,0,0,0,337
04/27/2022,MSY,LA,ASW,CE,Combined TRACON& Tower with Radar,281,12,28,0,321,0,9,2,0,11,281,21,30,0,332,0,0,0,332
04/28/2022,MSY,LA,ASW,CE,Combined TRACON& Tower with Radar,309,36,42,0,387,0,7,3,0,10,309,43,45,0,397,0,0,0,397
04/29/2022,MSY,LA,ASW,CE,Combined TRACON& Tower with Radar,315,16,26,1,358,0,11,5,2,18,315,27,31,3,376,0,0,0,376
04/30/2022,MSY,LA,ASW,CE,Combined TRACON& Tower with Radar,233,17,10,0,260,0,0,4,0,4,233,17,14,0,264,0,0,0,264
05/01/2022,MSY,LA,ASW,CE,Combined TRACON& Tower with Radar,279,29,35,0,343,0,2,2,0,4,279,31,37,0,347,0,0,0,347
05/02/2022,MSY,LA,ASW,CE,Combined TRACON& Tower with Radar,293,31,30,0,354,1,5,1,0,7,294,36,31,0,361,0,0,0,361
05/03/2022,MSY,LA,ASW,CE,Combined TRACON& Tower with Radar,275,14,21,2,312,0,7,6,2,15,275,21,27,4,327,0,0,0,327
05/04/2022,MSY,LA,ASW,CE,Combined TRACON& Tower with Radar,280,18,28,3,329,0,11,3,1,15,280,29,31,4,344,0,0,0,344
05/05/2022,MSY,LA,ASW,CE,Combined TRACON& Tower with Radar,320,15,33,0,368,0,7,6,0,13,320,22,39,0,381,0,0,0,381
05/06/2022,MSY,LA,ASW,CE,Combined TRACON& Tower with Radar,325,27,31,0,383,0,1,4,0,5,325,28,35,0,388,0,0,0,388
05/07/2022,MSY,LA,ASW,CE,Combined TRACON& Tower with Radar,253,12,17,0,282,0,0,3,0,3,253,12,20,0,285,0,0,0,285
05/08/2022,MSY,LA,ASW,CE,Combined TRACON& Tower with Radar,297,23,22,0,342,0,2,3,0,5,297,25,25,0,347,0,0,0,347
05/09/2022,MSY,LA,ASW,CE,Combined TRACON& Tower with Radar,309,25,27,1,362,0,8,0,0,8,309,33,27,1,370,0,0,0,370
05/10/2022,MSY,LA,ASW,CE,Combined TRACON& Tower with Radar,280,15,22,3,320,0,11,2,4,17,280,26,24,7,337,0,0,0,337
05/11/2022,MSY,LA,ASW,CE,Combined TRACON& Tower with Radar,274,17,15,1,307,0,15,12,0,27,274,32,27,1,334,0,0,0,334
05/12/2022,MSY,LA,ASW,CE,Combined TRACON& Tower with Radar,317,17,30,1,365,0,10,7,1,18,317,27,37,2,383,0,0,0,383
05/13/2022,MSY,LA,ASW,CE,Combined TRACON& Tower with Radar,311,16,16,4,347,0,6,6,0,12,311,22,22,4,359,0,0,0,359
05/14/2022,MSY,LA,ASW,CE,Combined TRACON& Tower with Radar,241,9,17,2,269,0,2,5,0,7,241,11,22,2,276,0,0,0,276
05/15/2022,MSY,LA,ASW,CE,Combined TRACON& Tower with Radar,290,13,29,3,335,0,1,2,0,3,290,14,31,3,338,0,0,0,338
05/16/2022,MSY,LA,ASW,CE,Combined TRACON& Tower with Radar,302,18,24,0,344,0,2,2,0,4,302,20,26,0,348,0,0,0,348
05/17/2022,MSY,LA,ASW,CE,Combined TRACON& Tower with Radar,284,13,17,2,316,0,7,6,1,14,284,20,23,3,330,0,0,0,330
05/18/2022,MSY,LA,ASW,CE,Combined TRACON& Tower with Radar,285,21,25,1,332,0,8,1,0,9,285,29,26,1,341,0,0,0,341
05/19/2022,MSY,LA,ASW,CE,Combined TRACON& Tower with Radar,317,41,23,0,381,0,11,6,4,21,317,52,29,4,402,0,0,0,402
05/20/2022,MSY,LA,ASW,CE,Combined TRACON& Tower with Radar,310,26,19,7,362,0,5,2,0,7,310,31,21,7,369,0,0,0,369
05/21/2022,MSY,LA,ASW,CE,Combined TRACON& Tower with Radar,232,27,15,1,275,0,0,1,0,1,232,27,16,1,276,0,0,0,276
05/22/2022,MSY,LA,ASW,CE,Combined TRACON& Tower with Radar,291,45,31,2,369,0,0,0,0,0,291,45,31,2,369,0,0,0,369
05/23/2022,MSY,LA,ASW,CE,Combined TRACON& Tower with Radar,305,29,20,0,354,0,2,1,0,3,305,31,21,0,357,0,0,0,357
05/24/2022,MSY,LA,ASW,CE,Combined TRACON& Tower with Radar,274,15,24,0,313,0,0,3,0,3,274,15,27,0,316,0,0,0,316
05/25/2022,MSY,LA,ASW,CE,Combined TRACON& Tower with Radar,267,16,19,0,302,0,0,1,0,1,267,16,20,0,303,0,0,0,303
05/26/2022,MSY,LA,ASW,CE,Combined TRACON& Tower with Radar,307,17,34,4,362,0,2,6,0,8,307,19,40,4,370,0,0,0,370
05/27/2022,MSY,LA,ASW,CE,Combined TRACON& Tower with Radar,306,19,21,0,346,0,15,9,0,24,306,34,30,0,370,0,0,0,370
05/28/2022,MSY,LA,ASW,CE,Combined TRACON& Tower with Radar,240,9,17,0,266,0,0,7,0,7,240,9,24,0,273,0,0,0,273
05/29/2022,MSY,LA,ASW,CE,Combined TRACON& Tower with Radar,280,9,14,0,303,0,0,1,0,1,280,9,15,0,304,0,0,0,304
05/30/2022,MSY,LA,ASW,CE,Combined TRACON& Tower with Radar,294,21,9,1,325,0,3,5,0,8,294,24,14,1,333,0,0,0,333
05/31/2022,MSY,LA,ASW,CE,Combined TRACON& Tower with Radar,265,29,32,1,327,0,11,7,1,19,265,40,39,2,346,0,0,0,346
06/01/2022,MSY,LA,ASW,CE,Combined TRACON& Tower with Radar,274,15,22,1,312,0,12,0,1,13,274,27,22,2,325,0,0,0,325
06/02/2022,MSY,LA,ASW,CE,Combined TRACON& Tower with Radar,298,11,22,1,332,0,11,2,1,14,298,22,24,2,346,0,0,0,346
06/03/2022,MSY,LA,ASW,CE,Combined TRACON& Tower with Radar,308,17,14,2,341,0,13,3,2,18,308,30,17,4,359,0,0,0,359
06/04/2022,MSY,LA,ASW,CE,Combined TRACON& Tower with Radar,230,8,5,0,243,0,0,2,0,2,230,8,7,0,245,0,0,0,245
06/05/2022,MSY,LA,ASW,CE,Combined TRACON& Tower with Radar,284,8,13,0,305,0,0,3,0,3,284,8,16,0,308,0,0,0,308
06/06/2022,MSY,LA,ASW,CE,Combined TRACON& Tower with Radar,290,21,19,1,331,0,5,1,0,6,290,26,20,1,337,0,0,0,337
06/07/2022,MSY,LA,ASW,CE,Combined TRACON& Tower with Radar,291,9,20,1,321,0,1,12,0,13,291,10,32,1,334,0,0,0,334
06/08/2022,MSY,LA,ASW,CE,Combined TRACON& Tower with Radar,287,17,16,0,320,0,10,8,0,18,287,27,24,0,338,0,0,0,338
06/09/2022,MSY,LA,ASW,CE,Combined TRACON& Tower with Radar,292,20,20,4,336,0,12,5,0,17,292,32,25,4,353,0,0,0,353
06/10/2022,MSY,LA,ASW,CE,Combined TRACON& Tower with Radar,296,9,15,0,320,0,2,5,0,7,296,11,20,0,327,0,0,0,327
06/11/2022,MSY,LA,ASW,CE,Combined TRACON& Tower with Radar,240,9,21,1,271,0,0,1,0,1,240,9,22,1,272,0,0,0,272
06/12/2022,MSY,LA,ASW,CE,Combined TRACON& Tower with Radar,280,10,27,3,320,0,2,6,0,8,280,12,33,3,328,0,0,0,328
06/13/2022,MSY,LA,ASW,CE,Combined TRACON& Tower with Radar,291,13,24,2,330,0,8,7,1,16,291,21,31,3,346,0,0,0,346
06/14/2022,MSY,LA,ASW,CE,Combined TRACON& Tower with Radar,284,26,15,2,327,0,10,2,0,12,284,36,17,2,339,0,0,0,339
06/15/2022,MSY,LA,ASW,CE,Combined TRACON& Tower with Radar,288,19,30,2,339,0,1,1,0,2,288,20,31,2,341,0,0,0,341
06/16/2022,MSY,LA,ASW,CE,Combined TRACON& Tower with Radar,288,15,16,0,319,0,11,2,0,13,288,26,18,0,332,0,0,0,332
06/17/2022,MSY,LA,ASW,CE,Combined TRACON& Tower with Radar,297,16,20,0,333,0,4,1,0,5,297,20,21,0,338,0,0,0,338
06/18/2022,MSY,LA,ASW,CE,Combined TRACON& Tower with Radar,241,8,12,1,262,0,0,9,0,9,241,8,21,1,271,0,0,0,271
06/19/2022,MSY,LA,ASW,CE,Combined TRACON& Tower with Radar,282,17,12,0,311,0,1,3,0,4,282,18,15,0,315,0,0,0,315
06/20/2022,MSY,LA,ASW,CE,Combined TRACON& Tower with Radar,292,19,16,1,328,0,0,4,0,4,292,19,20,1,332,0,0,0,332
06/21/2022,MSY,LA,ASW,CE,Combined TRACON& Tower with Radar,287,10,25,0,322,0,10,8,0,18,287,20,33,0,340,0,0,0,340
06/22/2022,MSY,LA,ASW,CE,Combined TRACON& Tower with Radar,283,8,27,2,320,0,7,4,0,11,283,15,31,2,331,0,0,0,331
06/23/2022,MSY,LA,ASW,CE,Combined TRACON& Tower with Radar,297,13,34,0,344,0,6,8,0,14,297,19,42,0,358,0,0,0,358
06/24/2022,MSY,LA,ASW,CE,Combined TRACON& Tower with Radar,303,14,22,0,339,0,7,3,0,10,303,21,25,0,349,0,0,0,349
06/25/2022,MSY,LA,ASW,CE,Combined TRACON& Tower with Radar,237,15,10,0,262,0,1,5,0,6,237,16,15,0,268,0,0,0,268
06/26/2022,MSY,LA,ASW,CE,Combined TRACON& Tower with Radar,270,19,22,0,311,0,1,6,0,7,270,20,28,0,318,0,0,0,318
06/27/2022,MSY,LA,ASW,CE,Combined TRACON& Tower with Radar,287,16,9,0,312,0,4,1,0,5,287,20,10,0,317,0,0,0,317
06/28/2022,MSY,LA,ASW,CE,Combined TRACON& Tower with Radar,280,19,18,2,319,0,4,7,0,11,280,23,25,2,330,0,0,0,330
06/29/2022,MSY,LA,ASW,CE,Combined TRACON& Tower with Radar,288,11,16,0,315,0,0,0,0,0,288,11,16,0,315,0,0,0,315
06/30/2022,MSY,LA,ASW,CE,Combined TRACON& Tower with Radar,301,39,14,0,354,0,2,3,1,6,301,41,17,1,360,0,0,0,360
07/01/2022,MSY,LA,ASW,CE,Combined TRACON& Tower with Radar,301,15,18,1,335,0,2,3,0,5,301,17,21,1,340,0,0,0,340
07/02/2022,MSY,LA,ASW,CE,Combined TRACON& Tower with Radar,241,10,6,3,260,0,0,4,0,4,241,10,10,3,264,0,0,0,264
07/03/2022,MSY,LA,ASW,CE,Combined TRACON& Tower with Radar,267,7,11,0,285,0,0,6,0,6,267,7,17,0,291,0,0,0,291
07/04/2022,MSY,LA,ASW,CE,Combined TRACON& Tower with Radar,278,9,15,0,302,0,0,2,0,2,278,9,17,0,304,0,0,0,304
07/05/2022,MSY,LA,ASW,CE,Combined TRACON& Tower with Radar,281,14,11,0,306,0,1,5,0,6,281,15,16,0,312,0,0,0,312
07/06/2022,MSY,LA,ASW,CE,Combined TRACON& Tower with Radar,289,10,18,2,319,0,1,2,1,4,289,11,20,3,323,0,0,0,323
07/07/2022,MSY,LA,ASW,CE,Combined TRACON& Tower with Radar,296,10,21,0,327,0,0,5,0,5,296,10,26,0,332,0,0,0,332
07/08/2022,MSY,LA,ASW,CE,Combined TRACON& Tower with Radar,304,9,19,0,332,0,8,4,0,12,304,17,23,0,344,0,0,0,344
07/09/2022,MSY,LA,ASW,CE,Combined TRACON& Tower with Radar,238,4,5,0,247,0,1,4,0,5,238,5,9,0,252,0,0,0,252
07/10/2022,MSY,LA,ASW,CE,Combined TRACON& Tower with Radar,281,13,11,0,305,0,2,2,0,4,281,15,13,0,309,0,0,0,309
07/11/2022,MSY,LA,ASW,CE,Combined TRACON& Tower with Radar,299,20,14,2,335,0,5,4,0,9,299,25,18,2,344,0,0,0,344
07/12/2022,MSY,LA,ASW,CE,Combined TRACON& Tower with Radar,282,9,10,0,301,0,0,6,0,6,282,9,16,0,307,0,0,0,307
07/13/2022,MSY,LA,ASW,CE,Combined TRACON& Tower with Radar,298,13,22,0,333,0,2,4,0,6,298,15,26,0,339,0,0,0,339
07/14/2022,MSY,LA,ASW,CE,Combined TRACON& Tower with Radar,302,14,14,0,330,0,8,5,0,13,302,22,19,0,343,0,0,0,343
07/15/2022,MSY,LA,ASW,CE,Combined TRACON& Tower with Radar,305,22,21,3,351,0,1,5,0,6,305,23,26,3,357,0,0,0,357
07/16/2022,MSY,LA,ASW,CE,Combined TRACON& Tower with Radar,237,5,7,3,252,0,0,0,0,0,237,5,7,3,252,0,0,0,252
07/17/2022,MSY,LA,ASW,CE,Combined TRACON& Tower with Radar,273,16,18,0,307,0,2,5,0,7,273,18,23,0,314,0,0,0,314
07/18/2022,MSY,LA,ASW,CE,Combined TRACON& Tower with Radar,290,20,14,0,324,0,7,2,0,9,290,27,16,0,333,0,0,0,333
07/19/2022,MSY,LA,ASW,CE,Combined TRACON& Tower with Radar,292,9,29,0,330,0,10,2,0,12,292,19,31,0,342,0,0,0,342
07/20/2022,MSY,LA,ASW,CE,Combined TRACON& Tower with Radar,282,8,17,1,308,0,7,4,0,11,282,15,21,1,319,0,0,0,319
07/21/2022,MSY,LA,ASW,CE,Combined TRACON& Tower with Radar,305,13,31,1,350,0,7,7,0,14,305,20,38,1,364,0,0,0,364
07/22/2022,MSY,LA,ASW,CE,Combined TRACON& Tower with Radar,310,18,20,0,348,0,6,8,0,14,310,24,28,0,362,0,0,0,362
07/23/2022,MSY,LA,ASW,CE,Combined TRACON& Tower with Radar,231,12,10,0,253,0,2,2,0,4,231,14,12,0,257,0,0,0,257
07/24/2022,MSY,LA,ASW,CE,Combined TRACON& Tower with Radar,277,13,20,0,310,0,2,6,0,8,277,15,26,0,318,0,0,0,318
07/25/2022,MSY,LA,ASW,CE,Combined TRACON& Tower with Radar,285,17,20,0,322,0,3,3,0,6,285,20,23,0,328,0,0,0,328
07/26/2022,MSY,LA,ASW,CE,Combined TRACON& Tower with Radar,287,5,19,0,311,0,5,8,2,15,287,10,27,2,326,0,0,0,326
07/27/2022,MSY,LA,ASW,CE,Combined TRACON& Tower with Radar,287,15,19,1,322,0,11,3,0,14,287,26,22,1,336,0,0,0,336
07/28/2022,MSY,LA,ASW,CE,Combined TRACON& Tower with Radar,298,18,26,1,343,0,3,3,0,6,298,21,29,1,349,0,0,0,349
07/29/2022,MSY,LA,ASW,CE,Combined TRACON& Tower with Radar,299,12,15,0,326,0,4,3,0,7,299,16,18,0,333,0,0,0,333
07/30/2022,MSY,LA,ASW,CE,Combined TRACON& Tower with Radar,238,9,7,0,254,0,1,4,0,5,238,10,11,0,259,0,0,0,259
07/31/2022,MSY,LA,ASW,CE,Combined TRACON& Tower with Radar,268,16,13,0,297,0,1,2,1,4,268,17,15,1,301,0,0,0,301
08/01/2022,MSY,LA,ASW,CE,Combined TRACON& Tower with Radar,291,15,23,0,329,0,1,3,0,4,291,16,26,0,333,0,0,0,333
08/02/2022,MSY,LA,ASW,CE,Combined TRACON& Tower with Radar,284,7,22,0,313,0,0,0,0,0,284,7,22,0,313,0,0,0,313
08/03/2022,MSY,LA,ASW,CE,Combined TRACON& Tower with Radar,282,17,31,0,330,0,2,1,0,3,282,19,32,0,333,0,0,0,333
08/04/2022,MSY,LA,ASW,CE,Combined TRACON& Tower with Radar,288,19,38,0,345,0,0,2,0,2,288,19,40,0,347,0,0,0,347
08/05/2022,MSY,LA,ASW,CE,Combined TRACON& Tower with Radar,299,11,16,0,326,0,4,5,0,9,299,15,21,0,335,0,0,0,335
08/06/2022,MSY,LA,ASW,CE,Combined TRACON& Tower with Radar,230,10,17,0,257,0,0,2,0,2,230,10,19,0,259,0,0,0,259
08/07/2022,MSY,LA,ASW,CE,Combined TRACON& Tower with Radar,273,15,16,0,304,0,1,5,0,6,273,16,21,0,310,0,0,0,310
08/08/2022,MSY,LA,ASW,CE,Combined TRACON& Tower with Radar,278,15,18,0,311,0,10,0,0,10,278,25,18,0,321,0,0,0,321
08/09/2022,MSY,LA,ASW,CE,Combined TRACON& Tower with Radar,281,10,28,0,319,0,12,1,0,13,281,22,29,0,332,0,0,0,332
08/10/2022,MSY,LA,ASW,CE,Combined TRACON& Tower with Radar,278,12,23,0,313,0,3,0,0,3,278,15,23,0,316,0,0,0,316
08/11/2022,MSY,LA,ASW,CE,Combined TRACON& Tower with Radar,290,14,19,0,323,0,0,5,0,5,290,14,24,0,328,0,0,0,328
08/12/2022,MSY,LA,ASW,CE,Combined TRACON& Tower with Radar,306,17,21,0,344,0,1,6,0,7,306,18,27,0,351,0,0,0,351
08/13/2022,MSY,LA,ASW,CE,Combined TRACON& Tower with Radar,233,9,15,0,257,0,0,7,0,7,233,9,22,0,264,0,0,0,264
08/14/2022,MSY,LA,ASW,CE,Combined TRACON& Tower with Radar,273,17,25,0,315,0,3,14,0,17,273,20,39,0,332,0,0,0,332
08/15/2022,MSY,LA,ASW,CE,Combined TRACON& Tower with Radar,296,17,23,0,336,0,6,10,0,16,296,23,33,0,352,0,0,0,352
08/16/2022,MSY,LA,ASW,CE,Combined TRACON& Tower with Radar,274,15,14,0,303,0,9,4,0,13,274,24,18,0,316,0,0,0,316
08/17/2022,MSY,LA,ASW,CE,Combined TRACON& Tower with Radar,280,14,21,0,315,0,7,6,3,16,280,21,27,3,331,0,0,0,331
08/18/2022,MSY,LA,ASW,CE,Combined TRACON& Tower with Radar,309,20,27,2,358,0,0,8,1,9,309,20,35,3,367,0,0,0,367
08/19/2022,MSY,LA,ASW,CE,Combined TRACON& Tower with Radar,301,14,7,1,323,0,4,0,0,4,301,18,7,1,327,0,0,0,327
08/20/2022,MSY,LA,ASW,CE,Combined TRACON& Tower with Radar,233,16,13,2,264,0,0,3,0,3,233,16,16,2,267,0,0,0,267
08/21/2022,MSY,LA,ASW,CE,Combined TRACON& Tower with Radar,266,7,8,0,281,0,0,2,0,2,266,7,10,0,283,0,0,0,283
08/22/2022,MSY,LA,ASW,CE,Combined TRACON& Tower with Radar,275,11,18,0,304,0,8,6,0,14,275,19,24,0,318,0,0,0,318
08/23/2022,MSY,LA,ASW,CE,Combined TRACON& Tower with Radar,276,11,17,2,306,0,0,0,0,0,276,11,17,2,306,0,0,0,306
08/24/2022,MSY,LA,ASW,CE,Combined TRACON& Tower with Radar,283,11,21,1,316,0,0,0,0,0,283,11,21,1,316,0,0,0,316
08/25/2022,MSY,LA,ASW,CE,Combined TRACON& Tower with Radar,303,8,31,0,342,0,1,3,0,4,303,9,34,0,346,0,0,0,346
08/26/2022,MSY,LA,ASW,CE,Combined TRACON& Tower with Radar,298,11,9,0,318,0,0,2,0,2,298,11,11,0,320,0,0,0,320
08/27/2022,MSY,LA,ASW,CE,Combined TRACON& Tower with Radar,228,10,11,0,249,0,1,0,0,1,228,11,11,0,250,0,0,0,250
08/28/2022,MSY,LA,ASW,CE,Combined TRACON& Tower with Radar,281,11,11,0,303,0,1,1,0,2,281,12,12,0,305,0,0,0,305
08/29/2022,MSY,LA,ASW,CE,Combined TRACON& Tower with Radar,278,13,12,2,305,0,8,5,0,13,278,21,17,2,318,0,0,0,318
08/30/2022,MSY,LA,ASW,CE,Combined TRACON& Tower with Radar,279,12,16,3,310,0,10,3,1,14,279,22,19,4,324,0,0,0,324
08/31/2022,MSY,LA,ASW,CE,Combined TRACON& Tower with Radar,284,11,24,0,319,0,9,7,2,18,284,20,31,2,337,0,0,0,337
09/01/2022,MSY,LA,ASW,CE,Combined TRACON& Tower with Radar,293,18,27,2,340,0,9,7,0,16,293,27,34,2,356,0,0,0,356
09/02/2022,MSY,LA,ASW,CE,Combined TRACON& Tower with Radar,304,18,18,0,340,0,4,6,0,10,304,22,24,0,350,0,0,0,350
09/03/2022,MSY,LA,ASW,CE,Combined TRACON& Tower with Radar,228,11,11,0,250,0,0,1,0,1,228,11,12,0,251,0,0,0,251
09/04/2022,MSY,LA,ASW,CE,Combined TRACON& Tower with Radar,237,17,9,0,263,0,0,2,0,2,237,17,11,0,265,0,0,0,265
09/05/2022,MSY,LA,ASW,CE,Combined TRACON& Tower with Radar,287,34,31,0,352,0,0,8,0,8,287,34,39,0,360,0,0,0,360
09/06/2022,MSY,LA,ASW,CE,Combined TRACON& Tower with Radar,267,11,28,2,308,0,5,7,0,12,267,16,35,2,320,0,0,0,320
09/07/2022,MSY,LA,ASW,CE,Combined TRACON& Tower with Radar,267,13,20,0,300,0,0,3,0,3,267,13,23,0,303,0,0,0,303
09/08/2022,MSY,LA,ASW,CE,Combined TRACON& Tower with Radar,297,19,25,2,343,0,9,7,0,16,297,28,32,2,359,0,0,0,359
09/09/2022,MSY,LA,ASW,CE,Combined TRACON& Tower with Radar,313,23,16,0,352,0,4,7,0,11,313,27,23,0,363,0,0,0,363
09/10/2022,MSY,LA,ASW,CE,Combined TRACON& Tower with Radar,260,4,12,2,278,0,3,3,0,6,260,7,15,2,284,0,0,0,284
09/11/2022,MSY,LA,ASW,CE,Combined TRACON& Tower with Radar,300,16,17,0,333,0,3,6,0,9,300,19,23,0,342,0,0,0,342
09/12/2022,MSY,LA,ASW,CE,Combined TRACON& Tower with Radar,297,20,12,1,330,0,8,6,0,14,297,28,18,1,344,0,0,0,344
09/13/2022,MSY,LA,ASW,CE,Combined TRACON& Tower with Radar,284,6,33,4,327,0,14,2,1,17,284,20,35,5,344,0,0,0,344
09/14/2022,MSY,LA,ASW,CE,Combined TRACON& Tower with Radar,276,10,20,0,306,0,12,3,4,19,276,22,23,4,325,0,0,0,325
09/15/2022,MSY,LA,ASW,CE,Combined TRACON& Tower with Radar,307,21,24,0,352,0,9,16,1,26,307,30,40,1,378,0,0,0,378
09/16/2022,MSY,LA,ASW,CE,Combined TRACON& Tower with Radar,319,16,15,1,351,0,8,6,3,17,319,24,21,4,368,0,0,0,368
09/17/2022,MSY,LA,ASW,CE,Combined TRACON& Tower with Radar,256,5,8,0,269,0,0,0,2,2,256,5,8,2,271,0,0,0,271
09/18/2022,MSY,LA,ASW,CE,Combined TRACON& Tower with Radar,310,15,17,0,342,0,0,7,1,8,310,15,24,1,350,0,0,0,350
09/19/2022,MSY,LA,ASW,CE,Combined TRACON& Tower with Radar,301,26,34,1,362,0,4,2,0,6,301,30,36,1,368,0,0,0,368
09/20/2022,MSY,LA,ASW,CE,Combined TRACON& Tower with Radar,274,10,25,4,313,0,13,6,0,19,274,23,31,4,332,0,0,0,332
09/21/2022,MSY,LA,ASW,CE,Combined TRACON& Tower with Radar,269,16,37,0,322,0,10,4,0,14,269,26,41,0,336,0,0,0,336
09/22/2022,MSY,LA,ASW,CE,Combined TRACON& Tower with Radar,305,17,22,0,344,0,8,12,0,20,305,25,34,0,364,0,0,0,364
09/23/2022,MSY,LA,ASW,CE,Combined TRACON& Tower with Radar,318,35,14,2,369,0,6,8,0,14,318,41,22,2,383,0,0,0,383
09/24/2022,MSY,LA,ASW,CE,Combined TRACON& Tower with Radar,256,14,14,0,284,0,0,6,0,6,256,14,20,0,290,0,0,0,290
09/25/2022,MSY,LA,ASW,CE,Combined TRACON& Tower with Radar,301,31,19,0,351,0,1,4,0,5,301,32,23,0,356,0,0,0,356
09/26/2022,MSY,LA,ASW,CE,Combined TRACON& Tower with Radar,310,16,16,0,342,0,2,6,0,8,310,18,22,0,350,0,0,0,350
09/27/2022,MSY,LA,ASW,CE,Combined TRACON& Tower with Radar,276,12,29,2,319,0,0,9,0,9,276,12,38,2,328,0,0,0,328
09/28/2022,MSY,LA,ASW,CE,Combined TRACON& Tower with Radar,244,11,19,0,274,0,0,3,0,3,244,11,22,0,277,0,0,0,277
09/29/2022,MSY,LA,ASW,CE,Combined TRACON& Tower with Radar,300,9,21,0,330,0,1,5,2,8,300,10,26,2,338,0,0,0,338
09/30/2022,MSY,LA,ASW,CE,Combined TRACON& Tower with Radar,310,18,21,0,349,0,3,7,0,10,310,21,28,0,359,0,0,0,359
10/01/2022,MSY,LA,ASW,CE,Combined TRACON& Tower with Radar,262,12,2,1,277,0,0,5,0,5,262,12,7,1,282,0,0,0,282
10/02/2022,MSY,LA,ASW,CE,Combined TRACON& Tower with Radar,292,7,17,1,317,0,3,7,0,10,292,10,24,1,327,0,0,0,327
10/03/2022,MSY,LA,ASW,CE,Combined TRACON& Tower with Radar,308,10,20,0,338,0,10,1,0,11,308,20,21,0,349,0,0,0,349
10/04/2022,MSY,LA,ASW,CE,Combined TRACON& Tower with Radar,277,10,29,0,316,0,10,2,0,12,277,20,31,0,328,0,0,0,328
10/05/2022,MSY,LA,ASW,CE,Combined TRACON& Tower with Radar,281,22,25,1,329,0,7,7,0,14,281,29,32,1,343,0,0,0,343
10/06/2022,MSY,LA,ASW,CE,Combined TRACON& Tower with Radar,326,22,25,1,374,0,9,7,0,16,326,31,32,1,390,0,0,0,390
10/07/2022,MSY,LA,ASW,CE,Combined TRACON& Tower with Radar,327,30,21,0,378,0,9,6,0,15,327,39,27,0,393,0,0,0,393
10/08/2022,MSY,LA,ASW,CE,Combined TRACON& Tower with Radar,269,16,13,1,299,0,2,1,0,3,269,18,14,1,302,0,0,0,302
10/09/2022,MSY,LA,ASW,CE,Combined TRACON& Tower with Radar,317,42,25,1,385,0,3,4,0,7,317,45,29,1,392,0,0,0,392
10/10/2022,MSY,LA,ASW,CE,Combined TRACON& Tower with Radar,314,38,25,0,377,0,3,3,0,6,314,41,28,0,383,0,0,0,383
10/11/2022,MSY,LA,ASW,CE,Combined TRACON& Tower with Radar,303,21,14,0,338,0,15,11,0,26,303,36,25,0,364,0,0,0,364
10/12/2022,MSY,LA,ASW,CE,Combined TRACON& Tower with Radar,301,9,15,0,325,0,4,2,0,6,301,13,17,0,331,0,0,0,331
10/13/2022,MSY,LA,ASW,CE,Combined TRACON& Tower with Radar,321,18,18,1,358,1,5,3,0,9,322,23,21,1,367,0,0,0,367
10/14/2022,MSY,LA,ASW,CE,Combined TRACON& Tower with Radar,328,26,21,3,378,0,12,4,7,23,328,38,25,10,401,0,0,0,401
10/15/2022,MSY,LA,ASW,CE,Combined TRACON& Tower with Radar,265,14,8,2,289,0,0,2,2,4,265,14,10,4,293,0,0,0,293
10/16/2022,MSY,LA,ASW,CE,Combined TRACON& Tower with Radar,318,11,36,1,366,0,3,6,1,10,318,14,42,2,376,0,0,0,376
10/17/2022,MSY,LA,ASW,CE,Combined TRACON& Tower with Radar,310,28,27,0,365,0,1,3,0,4,310,29,30,0,369,0,0,0,369
10/18/2022,MSY,LA,ASW,CE,Combined TRACON& Tower with Radar,305,13,27,0,345,0,7,8,0,15,305,20,35,0,360,0,0,0,360
10/19/2022,MSY,LA,ASW,CE,Combined TRACON& Tower with Radar,304,28,15,0,347,0,4,7,0,11,304,32,22,0,358,0,0,0,358
10/20/2022,MSY,LA,ASW,CE,Combined TRACON& Tower with Radar,322,30,18,1,371,0,10,4,0,14,322,40,22,1,385,0,0,0,385
10/21/2022,MSY,LA,ASW,CE,Combined TRACON& Tower with Radar,333,32,29,5,399,0,6,4,3,13,333,38,33,8,412,0,0,0,412
10/22/2022,MSY,LA,ASW,CE,Combined TRACON& Tower with Radar,268,19,12,2,301,0,1,3,0,4,268,20,15,2,305,0,0,0,305
10/23/2022,MSY,LA,ASW,CE,Combined TRACON& Tower with Radar,320,27,32,0,379,0,1,11,0,12,320,28,43,0,391,0,0,0,391
10/24/2022,MSY,LA,ASW,CE,Combined TRACON& Tower with Radar,302,28,21,4,355,0,8,6,2,16,302,36,27,6,371,0,0,0,371
10/25/2022,MSY,LA,ASW,CE,Combined TRACON& Tower with Radar,299,22,26,1,348,0,2,3,0,5,299,24,29,1,353,0,0,0,353
10/26/2022,MSY,LA,ASW,CE,Combined TRACON& Tower with Radar,301,17,28,0,346,0,12,4,0,16,301,29,32,0,362,0,0,0,362
10/27/2022,MSY,LA,ASW,CE,Combined TRACON& Tower with Radar,325,20,38,1,384,0,8,10,0,18,325,28,48,1,402,0,0,0,402
10/28/2022,MSY,LA,ASW,CE,Combined TRACON& Tower with Radar,323,30,30,0,383,0,8,3,0,11,323,38,33,0,394,0,0,0,394
10/29/2022,MSY,LA,ASW,CE,Combined TRACON& Tower with Radar,263,13,17,1,294,0,0,0,0,0,263,13,17,1,294,0,0,0,294
10/30/2022,MSY,LA,ASW,CE,Combined TRACON& Tower with Radar,313,25,32,1,371,0,0,7,1,8,313,25,39,2,379,0,0,0,379
10/31/2022,MSY,LA,ASW,CE,Combined TRACON& Tower with Radar,286,17,22,0,325,0,1,2,3,6,286,18,24,3,331,0,0,0,331
11/01/2022,MSY,LA,ASW,CE,Combined TRACON& Tower with Radar,302,23,27,1,353,0,8,9,1,18,302,31,36,2,371,0,0,0,371
11/02/2022,MSY,LA,ASW,CE,Combined TRACON& Tower with Radar,300,13,20,2,335,0,20,2,5,27,300,33,22,7,362,0,0,0,362
11/03/2022,MSY,LA,ASW,CE,Combined TRACON& Tower with Radar,321,23,25,0,369,0,9,2,0,11,321,32,27,0,380,0,0,0,380
11/04/2022,MSY,LA,ASW,CE,Combined TRACON& Tower with Radar,316,25,32,2,375,0,6,1,0,7,316,31,33,2,382,0,0,0,382
11/05/2022,MSY,LA,ASW,CE,Combined TRACON& Tower with Radar,266,10,9,0,285,0,0,0,0,0,266,10,9,0,285,0,0,0,285
11/06/2022,MSY,LA,ASW,CE,Combined TRACON& Tower with Radar,307,29,28,0,364,0,2,1,0,3,307,31,29,0,367,0,0,0,367
11/07/2022,MSY,LA,ASW,CE,Combined TRACON& Tower with Radar,287,20,21,2,330,0,5,0,0,5,287,25,21,2,335,0,0,0,335
11/08/2022,MSY,LA,ASW,CE,Combined TRACON& Tower with Radar,301,20,34,2,357,0,2,6,0,8,301,22,40,2,365,0,0,0,365
11/09/2022,MSY,LA,ASW,CE,Combined TRACON& Tower with Radar,290,21,37,1,349,0,2,12,0,14,290,23,49,1,363,0,0,0,363
11/10/2022,MSY,LA,ASW,CE,Combined TRACON& Tower with Radar,298,39,42,0,379,0,9,10,1,20,298,48,52,1,399,0,0,0,399
11/11/2022,MSY,LA,ASW,CE,Combined TRACON& Tower with Radar,317,21,31,0,369,0,0,5,0,5,317,21,36,0,374,0,0,0,374
11/12/2022,MSY,LA,ASW,CE,Combined TRACON& Tower with Radar,261,21,12,0,294,0,0,3,0,3,261,21,15,0,297,0,0,0,297
11/13/2022,MSY,LA,ASW,CE,Combined TRACON& Tower with Radar,304,30,22,0,356,0,2,8,1,11,304,32,30,1,367,0,0,0,367
11/14/2022,MSY,LA,ASW,CE,Combined TRACON& Tower with Radar,294,22,26,0,342,0,10,1,0,11,294,32,27,0,353,0,0,0,353
11/15/2022,MSY,LA,ASW,CE,Combined TRACON& Tower with Radar,300,15,15,2,332,0,4,0,0,4,300,19,15,2,336,0,0,0,336
11/16/2022,MSY,LA,ASW,CE,Combined TRACON& Tower with Radar,299,18,28,0,345,0,3,1,1,5,299,21,29,1,350,0,0,0,350
11/17/2022,MSY,LA,ASW,CE,Combined TRACON& Tower with Radar,314,25,31,0,370,0,6,10,0,16,314,31,41,0,386,0,0,0,386
11/18/2022,MSY,LA,ASW,CE,Combined TRACON& Tower with Radar,321,26,19,3,369,0,4,10,3,17,321,30,29,6,386,0,0,0,386
11/19/2022,MSY,LA,ASW,CE,Combined TRACON& Tower with Radar,256,13,25,1,295,0,0,2,0,2,256,13,27,1,297,0,0,0,297
11/20/2022,MSY,LA,ASW,CE,Combined TRACON& Tower with Radar,308,21,29,2,360,0,2,3,1,6,308,23,32,3,366,0,0,0,366
11/21/2022,MSY,LA,ASW,CE,Combined TRACON& Tower with Radar,304,23,19,0,346,0,8,1,1,10,304,31,20,1,356,0,0,0,356
11/22/2022,MSY,LA,ASW,CE,Combined TRACON& Tower with Radar,319,30,12,0,361,0,15,2,0,17,319,45,14,0,378,0,0,0,378
11/23/2022,MSY,LA,ASW,CE,Combined TRACON& Tower with Radar,314,7,17,0,338,0,8,4,0,12,314,15,21,0,350,0,0,0,350
11/24/2022,MSY,LA,ASW,CE,Combined TRACON& Tower with Radar,226,8,5,0,239,0,0,2,0,2,226,8,7,0,241,0,0,0,241
11/25/2022,MSY,LA,ASW,CE,Combined TRACON& Tower with Radar,300,24,14,0,338,0,0,0,0,0,300,24,14,0,338,0,0,0,338
11/26/2022,MSY,LA,ASW,CE,Combined TRACON& Tower with Radar,267,22,18,0,307,0,0,0,0,0,267,22,18,0,307,0,0,0,307
11/27/2022,MSY,LA,ASW,CE,Combined TRACON& Tower with Radar,319,28,30,0,377,0,4,5,2,11,319,32,35,2,388,0,0,0,388
11/28/2022,MSY,LA,ASW,CE,Combined TRACON& Tower with Radar,325,28,28,1,382,0,1,5,0,6,325,29,33,1,388,0,0,0,388
11/29/2022,MSY,LA,ASW,CE,Combined TRACON& Tower with Radar,298,16,18,3,335,0,0,0,0,0,298,16,18,3,335,0,0,0,335
11/30/2022,MSY,LA,ASW,CE,Combined TRACON& Tower with Radar,294,23,40,1,358,0,4,4,1,9,294,27,44,2,367,0,0,0,367
12/01/2022,MSY,LA,ASW,CE,Combined TRACON& Tower with Radar,306,17,30,2,355,0,1,2,0,3,306,18,32,2,358,0,0,0,358
12/02/2022,MSY,LA,ASW,CE,Combined TRACON& Tower with Radar,314,33,35,2,384,0,9,6,1,16,314,42,41,3,400,0,0,0,400
12/03/2022,MSY,LA,ASW,CE,Combined TRACON& Tower with Radar,260,27,31,1,319,0,0,0,0,0,260,27,31,1,319,0,0,0,319
12/04/2022,MSY,LA,ASW,CE,Combined TRACON& Tower with Radar,294,40,32,3,369,0,0,1,0,1,294,40,33,3,370,0,0,0,370
12/05/2022,MSY,LA,ASW,CE,Combined TRACON& Tower with Radar,305,23,27,0,355,0,2,1,0,3,305,25,28,0,358,0,0,0,358
12/06/2022,MSY,LA,ASW,CE,Combined TRACON& Tower with Radar,296,19,31,0,346,0,9,0,0,9,296,28,31,0,355,0,0,0,355
12/07/2022,MSY,LA,ASW,CE,Combined TRACON& Tower with Radar,284,20,19,0,323,0,10,6,0,16,284,30,25,0,339,0,0,0,339
12/08/2022,MSY,LA,ASW,CE,Combined TRACON& Tower with Radar,301,24,28,0,353,0,2,3,0,5,301,26,31,0,358,0,0,0,358
12/09/2022,MSY,LA,ASW,CE,Combined TRACON& Tower with Radar,299,33,39,0,371,0,2,1,1,4,299,35,40,1,375,0,0,0,375
12/10/2022,MSY,LA,ASW,CE,Combined TRACON& Tower with Radar,234,18,16,0,268,0,2,4,0,6,234,20,20,0,274,0,0,0,274
12/11/2022,MSY,LA,ASW,CE,Combined TRACON& Tower with Radar,281,14,27,0,322,0,0,2,0,2,281,14,29,0,324,0,0,0,324
12/12/2022,MSY,LA,ASW,CE,Combined TRACON& Tower with Radar,296,22,21,2,341,0,1,7,1,9,296,23,28,3,350,0,0,0,350
12/13/2022,MSY,LA,ASW,CE,Combined TRACON& Tower with Radar,297,18,27,1,343,0,1,3,0,4,297,19,30,1,347,0,0,0,347
12/14/2022,MSY,LA,ASW,CE,Combined TRACON& Tower with Radar,279,9,14,2,304,0,0,1,0,1,279,9,15,2,305,0,0,0,305
12/15/2022,MSY,LA,ASW,CE,Combined TRACON& Tower with Radar,300,17,26,0,343,0,12,7,0,19,300,29,33,0,362,0,0,0,362
12/16/2022,MSY,LA,ASW,CE,Combined TRACON& Tower with Radar,299,10,10,1,320,0,8,10,0,18,299,18,20,1,338,0,0,0,338
12/17/2022,MSY,LA,ASW,CE,Combined TRACON& Tower with Radar,245,5,19,0,269,1,0,4,0,5,246,5,23,0,274,0,0,0,274
12/18/2022,MSY,LA,ASW,CE,Combined TRACON& Tower with Radar,301,11,22,0,334,0,2,5,0,7,301,13,27,0,341,0,0,0,341
12/19/2022,MSY,LA,ASW,CE,Combined TRACON& Tower with Radar,290,15,9,0,314,0,2,1,1,4,290,17,10,1,318,0,0,0,318
12/20/2022,MSY,LA,ASW,CE,Combined TRACON& Tower with Radar,304,20,24,0,348,0,0,0,0,0,304,20,24,0,348,0,0,0,348
12/21/2022,MSY,LA,ASW,CE,Combined TRACON& Tower with Radar,307,10,16,0,333,0,0,0,0,0,307,10,16,0,333,0,0,0,333
12/22/2022,MSY,LA,ASW,CE,Combined TRACON& Tower with Radar,315,17,17,0,349,0,2,4,0,6,315,19,21,0,355,0,0,0,355
12/23/2022,MSY,LA,ASW,CE,Combined TRACON& Tower with Radar,258,26,20,0,304,0,0,3,0,3,258,26,23,0,307,0,0,0,307
12/24/2022,MSY,LA,ASW,CE,Combined TRACON& Tower with Radar,183,7,4,0,194,0,0,1,0,1,183,7,5,0,195,0,0,0,195
12/25/2022,MSY,LA,ASW,CE,Combined TRACON& Tower with Radar,179,15,3,0,197,0,0,1,0,1,179,15,4,0,198,0,0,0,198
12/26/2022,MSY,LA,ASW,CE,Combined TRACON& Tower with Radar,194,20,14,0,228,0,0,6,0,6,194,20,20,0,234,0,0,0,234
12/27/2022,MSY,LA,ASW,CE,Combined TRACON& Tower with Radar,218,20,33,0,271,0,3,6,0,9,218,23,39,0,280,0,0,0,280
12/28/2022,MSY,LA,ASW,CE,Combined TRACON& Tower with Radar,213,19,27,0,259,0,4,1,0,5,213,23,28,0,264,0,0,0,264
12/29/2022,MSY,LA,ASW,CE,Combined TRACON& Tower with Radar,242,33,37,0,312,0,4,6,0,10,242,37,43,0,322,0,0,0,322
12/30/2022,MSY,LA,ASW,CE,Combined TRACON& Tower with Radar,313,17,15,0,345,0,0,0,0,0,313,17,15,0,345,0,0,0,345
12/31/2022,MSY,LA,ASW,CE,Combined TRACON& Tower with Radar,236,28,13,0,277,0,1,4,0,5,236,29,17,0,282,0,0,0,282
01/01/2023,MSY,LA,ASW,CE,Combined TRACON& Tower with Radar,248,20,29,0,297,0,0,0,0,0,248,20,29,0,297,0,0,0,297
01/02/2023,MSY,LA,ASW,CE,Combined TRACON& Tower with Radar,294,31,37,4,366,0,0,0,0,0,294,31,37,4,366,0,0,0,366
01/03/2023,MSY,LA,ASW,CE,Combined TRACON& Tower with Radar,286,24,14,0,324,0,0,1,0,1,286,24,15,0,325,0,0,0,325
01/04/2023,MSY,LA,ASW,CE,Combined TRACON& Tower with Radar,282,19,18,0,319,0,8,13,1,22,282,27,31,1,341,0,0,0,341
01/05/2023,MSY,LA,ASW,CE,Combined TRACON& Tower with Radar,290,21,11,0,322,0,9,4,1,14,290,30,15,1,336,0,0,0,336
01/06/2023,MSY,LA,ASW,CE,Combined TRACON& Tower with Radar,294,16,12,0,322,0,11,4,1,16,294,27,16,1,338,0,0,0,338
01/07/2023,MSY,LA,ASW,CE,Combined TRACON& Tower with Radar,240,12,9,2,263,0,0,6,2,8,240,12,15,4,271,0,0,0,271
01/08/2023,MSY,LA,ASW,CE,Combined TRACON& Tower with Radar,309,25,17,0,351,0,0,1,0,1,309,25,18,0,352,0,0,0,352
01/09/2023,MSY,LA,ASW,CE,Combined TRACON& Tower with Radar,280,18,12,0,310,0,6,3,4,13,280,24,15,4,323,0,0,0,323
01/10/2023,MSY,LA,ASW,CE,Combined TRACON& Tower with Radar,278,16,24,0,318,0,5,2,0,7,278,21,26,0,325,0,0,0,325
01/11/2023,MSY,LA,ASW,CE,Combined TRACON& Tower with Radar,258,23,28,0,309,0,3,3,1,7,258,26,31,1,316,0,0,0,316
01/12/2023,MSY,LA,ASW,CE,Combined TRACON& Tower with Radar,303,19,23,1,346,0,5,1,0,6,303,24,24,1,352,0,0,0,352
01/13/2023,MSY,LA,ASW,CE,Combined TRACON& Tower with Radar,308,18,16,0,342,0,3,5,1,9,308,21,21,1,351,0,0,0,351
01/14/2023,MSY,LA,ASW,CE,Combined TRACON& Tower with Radar,237,9,18,1,265,0,4,5,0,9,237,13,23,1,274,0,0,0,274
01/15/2023,MSY,LA,ASW,CE,Combined TRACON& Tower with Radar,300,14,18,0,332,0,2,5,0,7,300,16,23,0,339,0,0,0,339
01/16/2023,MSY,LA,ASW,CE,Combined TRACON& Tower with Radar,291,25,24,1,341,0,0,2,0,2,291,25,26,1,343,0,0,0,343
01/17/2023,MSY,LA,ASW,CE,Combined TRACON& Tower with Radar,291,18,25,1,335,0,7,2,0,9,291,25,27,1,344,0,0,0,344
01/18/2023,MSY,LA,ASW,CE,Combined TRACON& Tower with Radar,287,22,19,0,328,0,10,0,0,10,287,32,19,0,338,0,0,0,338
01/19/2023,MSY,LA,ASW,CE,Combined TRACON& Tower with Radar,304,19,37,0,360,0,10,4,0,14,304,29,41,0,374,0,0,0,374
01/20/2023,MSY,LA,ASW,CE,Combined TRACON& Tower with Radar,316,31,23,0,370,0,9,11,0,20,316,40,34,0,390,0,0,0,390
01/21/2023,MSY,LA,ASW,CE,Combined TRACON& Tower with Radar,238,13,16,0,267,0,0,2,0,2,238,13,18,0,269,0,0,0,269
01/22/2023,MSY,LA,ASW,CE,Combined TRACON& Tower with Radar,328,15,12,0,355,0,0,3,0,3,328,15,15,0,358,0,0,0,358
01/23/2023,MSY,LA,ASW,CE,Combined TRACON& Tower with Radar,291,14,15,0,320,0,11,6,3,20,291,25,21,3,340,0,0,0,340
01/24/2023,MSY,LA,ASW,CE,Combined TRACON& Tower with Radar,296,21,24,0,341,0,1,1,0,2,296,22,25,0,343,0,0,0,343
01/25/2023,MSY,LA,ASW,CE,Combined TRACON& Tower with Radar,277,18,29,3,327,0,2,2,0,4,277,20,31,3,331,0,0,0,331
01/26/2023,MSY,LA,ASW,CE,Combined TRACON& Tower with Radar,299,17,21,1,338,0,10,11,0,21,299,27,32,1,359,0,0,0,359
01/27/2023,MSY,LA,ASW,CE,Combined TRACON& Tower with Radar,310,23,12,0,345,0,4,2,2,8,310,27,14,2,353,0,0,0,353
01/28/2023,MSY,LA,ASW,CE,Combined TRACON& Tower with Radar,238,13,21,0,272,0,0,6,0,6,238,13,27,0,278,0,0,0,278
01/29/2023,MSY,LA,ASW,CE,Combined TRACON& Tower with Radar,310,18,21,0,349,0,0,0,0,0,310,18,21,0,349,0,0,0,349
01/30/2023,MSY,LA,ASW,CE,Combined TRACON& Tower with Radar,267,16,17,0,300,0,2,0,0,2,267,18,17,0,302,0,0,0,302
01/31/2023,MSY,LA,ASW,CE,Combined TRACON& Tower with Radar,245,23,23,0,291,0,0,0,0,0,245,23,23,0,291,0,0,0,291
02/01/2023,MSY,LA,ASW,CE,Combined TRACON& Tower with Radar,222,19,30,0,271,0,0,0,0,0,222,19,30,0,271,0,0,0,271
02/02/2023,MSY,LA,ASW,CE,Combined TRACON& Tower with Radar,300,13,35,1,349,0,0,0,0,0,300,13,35,1,349,0,0,0,349
02/03/2023,MSY,LA,ASW,CE,Combined TRACON& Tower with Radar,315,26,26,0,367,0,1,1,0,2,315,27,27,0,369,0,0,0,369
02/04/2023,MSY,LA,ASW,CE,Combined TRACON& Tower with Radar,252,10,9,1,272,0,1,1,0,2,252,11,10,1,274,0,0,0,274
02/05/2023,MSY,LA,ASW,CE,Combined TRACON& Tower with Radar,318,20,7,0,345,0,1,3,2,6,318,21,10,2,351,0,0,0,351
02/06/2023,MSY,LA,ASW,CE,Combined TRACON& Tower with Radar,309,16,22,2,349,0,11,6,1,18,309,27,28,3,367,0,0,0,367
02/07/2023,MSY,LA,ASW,CE,Combined TRACON& Tower with Radar,282,23,14,5,324,0,2,1,1,4,282,25,15,6,328,0,0,0,328
02/08/2023,MSY,LA,ASW,CE,Combined TRACON& Tower with Radar,282,20,18,2,322,0,1,0,0,1,282,21,18,2,323,0,0,0,323
02/09/2023,MSY,LA,ASW,CE,Combined TRACON& Tower with Radar,319,17,27,2,365,0,4,4,0,8,319,21,31,2,373,0,0,0,373
02/10/2023,MSY,LA,ASW,CE,Combined TRACON& Tower with Radar,325,25,22,4,376,0,0,3,6,9,325,25,25,10,385,0,0,0,385
02/11/2023,MSY,LA,ASW,CE,Combined TRACON& Tower with Radar,268,9,15,0,292,0,1,0,0,1,268,10,15,0,293,0,0,0,293
02/12/2023,MSY,LA,ASW,CE,Combined TRACON& Tower with Radar,330,12,12,0,354,0,2,11,2,15,330,14,23,2,369,0,0,0,369
02/13/2023,MSY,LA,ASW,CE,Combined TRACON& Tower with Radar,314,23,18,0,355,0,9,4,1,14,314,32,22,1,369,0,0,0,369
02/14/2023,MSY,LA,ASW,CE,Combined TRACON& Tower with Radar,305,8,31,0,344,0,2,0,0,2,305,10,31,0,346,0,0,0,346
02/15/2023,MSY,LA,ASW,CE,Combined TRACON& Tower with Radar,299,13,29,0,341,0,6,4,0,10,299,19,33,0,351,0,0,0,351
02/16/2023,MSY,LA,ASW,CE,Combined TRACON& Tower with Radar,329,27,32,0,388,0,0,1,1,2,329,27,33,1,390,0,0,0,390
02/17/2023,MSY,LA,ASW,CE,Combined TRACON& Tower with Radar,352,32,27,2,413,0,2,0,0,2,352,34,27,2,415,0,0,0,415
02/18/2023,MSY,LA,ASW,CE,Combined TRACON& Tower with Radar,284,20,11,0,315,0,5,6,0,11,284,25,17,0,326,0,0,0,326
02/19/2023,MSY,LA,ASW,CE,Combined TRACON& Tower with Radar,333,27,33,4,397,0,1,4,0,5,333,28,37,4,402,0,0,0,402
02/20/2023,MSY,LA,ASW,CE,Combined TRACON& Tower with Radar,333,36,28,1,398,0,1,2,0,3,333,37,30,1,401,0,0,0,401
02/21/2023,MSY,LA,ASW,CE,Combined TRACON& Tower with Radar,320,19,13,4,356,0,2,5,1,8,320,21,18,5,364,0,0,0,364
02/22/2023,MSY,LA,ASW,CE,Combined TRACON& Tower with Radar,328,18,18,3,367,0,0,1,0,1,328,18,19,3,368,0,0,0,368
02/23/2023,MSY,LA,ASW,CE,Combined TRACON& Tower with Radar,336,18,27,0,381,0,1,0,0,1,336,19,27,0,382,0,0,0,382
02/24/2023,MSY,LA,ASW,CE,Combined TRACON& Tower with Radar,336,19,22,1,378,0,0,2,0,2,336,19,24,1,380,0,0,0,380
02/25/2023,MSY,LA,ASW,CE,Combined TRACON& Tower with Radar,277,10,12,2,301,0,0,3,0,3,277,10,15,2,304,0,0,0,304
02/26/2023,MSY,LA,ASW,CE,Combined TRACON& Tower with Radar,353,25,31,1,410,0,0,1,4,5,353,25,32,5,415,0,0,0,415
02/27/2023,MSY,LA,ASW,CE,Combined TRACON& Tower with Radar,328,24,9,0,361,0,7,0,0,7,328,31,9,0,368,0,0,0,368
02/28/2023,MSY,LA,ASW,CE,Combined TRACON& Tower with Radar,317,21,13,0,351,0,0,5,0,5,317,21,18,0,356,0,0,0,356
03/01/2023,MSY,LA,ASW,CE,Combined TRACON& Tower with Radar,306,15,26,0,347,0,7,2,2,11,306,22,28,2,358,0,0,0,358
03/02/2023,MSY,LA,ASW,CE,Combined TRACON& Tower with Radar,316,23,28,0,367,0,7,4,0,11,316,30,32,0,378,0,0,0,378
03/03/2023,MSY,LA,ASW,CE,Combined TRACON& Tower with Radar,336,24,15,0,375,0,0,1,0,1,336,24,16,0,376,0,0,0,376
03/04/2023,MSY,LA,ASW,CE,Combined TRACON& Tower with Radar,269,19,10,0,298,0,1,1,0,2,269,20,11,0,300,0,0,0,300
03/05/2023,MSY,LA,ASW,CE,Combined TRACON& Tower with Radar,341,27,32,0,400,0,0,7,2,9,341,27,39,2,409,0,0,0,409
03/06/2023,MSY,LA,ASW,CE,Combined TRACON& Tower with Radar,325,14,21,2,362,0,0,0,0,0,325,14,21,2,362,0,0,0,362
03/07/2023,MSY,LA,ASW,CE,Combined TRACON& Tower with Radar,306,18,28,0,352,0,3,4,1,8,306,21,32,1,360,0,0,0,360
03/08/2023,MSY,LA,ASW,CE,Combined TRACON& Tower with Radar,306,17,23,0,346,0,0,7,1,8,306,17,30,1,354,0,0,0,354
03/09/2023,MSY,LA,ASW,CE,Combined TRACON& Tower with Radar,316,23,28,2,369,0,2,3,3,8,316,25,31,5,377,0,0,0,377
03/10/2023,MSY,LA,ASW,CE,Combined TRACON& Tower with Radar,337,25,26,2,390,0,7,3,0,10,337,32,29,2,400,0,0,0,400
03/11/2023,MSY,LA,ASW,CE,Combined TRACON& Tower with Radar,269,10,20,0,299,0,2,3,0,5,269,12,23,0,304,0,0,0,304
03/12/2023,MSY,LA,ASW,CE,Combined TRACON& Tower with Radar,343,13,29,0,385,0,3,3,0,6,343,16,32,0,391,0,0,0,391
03/13/2023,MSY,LA,ASW,CE,Combined TRACON& Tower with Radar,329,17,24,2,372,0,1,10,0,11,329,18,34,2,383,0,0,0,383
03/14/2023,MSY,LA,ASW,CE,Combined TRACON& Tower with Radar,318,14,16,2,350,0,6,11,1,18,318,20,27,3,368,0,0,0,368
03/15/2023,MSY,LA,ASW,CE,Combined TRACON& Tower with Radar,320,13,16,0,349,0,5,66,0,71,320,18,82,0,420,0,0,0,420
03/16/2023,MSY,LA,ASW,CE,Combined TRACON& Tower with Radar,326,25,42,2,395,0,6,15,0,21,326,31,57,2,416,0,0,0,416
03/17/2023,MSY,LA,ASW,CE,Combined TRACON& Tower with Radar,336,21,24,0,381,0,3,0,0,3,336,24,24,0,384,0,0,0,384
03/18/2023,MSY,LA,ASW,CE,Combined TRACON& Tower with Radar,265,17,14,0,296,0,0,2,1,3,265,17,16,1,299,0,0,0,299
03/19/2023,MSY,LA,ASW,CE,Combined TRACON& Tower with Radar,349,20,22,0,391,0,1,5,0,6,349,21,27,0,397,0,0,0,397
03/20/2023,MSY,LA,ASW,CE,Combined TRACON& Tower with Radar,328,26,17,2,373,0,12,2,0,14,328,38,19,2,387,0,0,0,387
03/21/2023,MSY,LA,ASW,CE,Combined TRACON& Tower with Radar,312,16,30,1,359,0,13,7,4,24,312,29,37,5,383,0,0,0,383
03/22/2023,MSY,LA,ASW,CE,Combined TRACON& Tower with Radar,309,18,19,1,347,0,12,14,0,26,309,30,33,1,373,0,0,0,373
03/23/2023,MSY,LA,ASW,CE,Combined TRACON& Tower with Radar,324,18,21,5,368,0,2,2,0,4,324,20,23,5,372,0,0,0,372
03/24/2023,MSY,LA,ASW,CE,Combined TRACON& Tower with Radar,334,24,26,0,384,0,1,1,0,2,334,25,27,0,386,0,0,0,386
03/25/2023,MSY,LA,ASW,CE,Combined TRACON& Tower with Radar,256,9,16,0,281,0,0,5,0,5,256,9,21,0,286,0,0,0,286
03/26/2023,MSY,LA,ASW,CE,Combined TRACON& Tower with Radar,336,19,24,0,379,0,2,1,0,3,336,21,25,0,382,0,0,0,382
03/27/2023,MSY,LA,ASW,CE,Combined TRACON& Tower with Radar,326,18,18,0,362,0,0,3,0,3,326,18,21,0,365,0,0,0,365
03/28/2023,MSY,LA,ASW,CE,Combined TRACON& Tower with Radar,306,17,11,2,336,0,0,4,0,4,306,17,15,2,340,0,0,0,340
03/29/2023,MSY,LA,ASW,CE,Combined TRACON& Tower with Radar,307,11,20,2,340,0,1,0,0,1,307,12,20,2,341,0,0,0,341
03/30/2023,MSY,LA,ASW,CE,Combined TRACON& Tower with Radar,326,15,21,0,362,0,6,2,1,9,326,21,23,1,371,0,0,0,371
03/31/2023,MSY,LA,ASW,CE,Combined TRACON& Tower with Radar,313,42,10,2,367,0,7,1,0,8,313,49,11,2,375,0,0,0,375
04/01/2023,MSY,LA,ASW,CE,Combined TRACON& Tower with Radar,249,21,22,0,292,0,0,3,0,3,249,21,25,0,295,0,0,0,295
04/02/2023,MSY,LA,ASW,CE,Combined TRACON& Tower with Radar,332,24,16,0,372,0,0,2,0,2,332,24,18,0,374,0,0,0,374
04/03/2023,MSY,LA,ASW,CE,Combined TRACON& Tower with Radar,318,21,20,2,361,0,5,3,0,8,318,26,23,2,369,0,0,0,369
04/04/2023,MSY,LA,ASW,CE,Combined TRACON& Tower with Radar,323,17,9,0,349,0,3,0,0,3,323,20,9,0,352,0,0,0,352
04/05/2023,MSY,LA,ASW,CE,Combined TRACON& Tower with Radar,309,18,21,2,350,0,2,0,0,2,309,20,21,2,352,0,0,0,352
04/06/2023,MSY,LA,ASW,CE,Combined TRACON& Tower with Radar,328,20,37,0,385,0,3,2,0,5,328,23,39,0,390,0,0,0,390
04/07/2023,MSY,LA,ASW,CE,Combined TRACON& Tower with Radar,351,14,13,0,378,0,0,0,0,0,351,14,13,0,378,0,0,0,378
04/08/2023,MSY,LA,ASW,CE,Combined TRACON& Tower with Radar,257,13,14,0,284,0,0,0,0,0,257,13,14,0,284,0,0,0,284
04/09/2023,MSY,LA,ASW,CE,Combined TRACON& Tower with Radar,340,20,17,0,377,0,2,1,0,3,340,22,18,0,380,0,0,0,380
04/10/2023,MSY,LA,ASW,CE,Combined TRACON& Tower with Radar,328,19,21,0,368,0,6,5,0,11,328,25,26,0,379,0,0,0,379
04/11/2023,MSY,LA,ASW,CE,Combined TRACON& Tower with Radar,316,14,12,0,342,0,0,5,1,6,316,14,17,1,348,0,0,0,348
04/12/2023,MSY,LA,ASW,CE,Combined TRACON& Tower with Radar,307,18,33,0,358,0,0,1,0,1,307,18,34,0,359,0,0,0,359
04/13/2023,MSY,LA,ASW,CE,Combined TRACON& Tower with Radar,323,21,18,0,362,0,6,3,0,9,323,27,21,0,371,0,0,0,371
04/14/2023,MSY,LA,ASW,CE,Combined TRACON& Tower with Radar,336,23,22,0,381,0,5,6,0,11,336,28,28,0,392,0,0,0,392
04/15/2023,MSY,LA,ASW,CE,Combined TRACON& Tower with Radar,260,21,13,0,294,0,0,4,0,4,260,21,17,0,298,0,0,0,298
04/16/2023,MSY,LA,ASW,CE,Combined TRACON& Tower with Radar,337,30,21,0,388,0,2,3,0,5,337,32,24,0,393,0,0,0,393
04/17/2023,MSY,LA,ASW,CE,Combined TRACON& Tower with Radar,333,34,20,2,389,0,7,6,1,14,333,41,26,3,403,0,0,0,403
04/18/2023,MSY,LA,ASW,CE,Combined TRACON& Tower with Radar,309,25,19,0,353,0,12,4,2,18,309,37,23,2,371,0,0,0,371
04/19/2023,MSY,LA,ASW,CE,Combined TRACON& Tower with Radar,305,25,24,0,354,0,14,3,0,17,305,39,27,0,371,0,0,0,371
04/20/2023,MSY,LA,ASW,CE,Combined TRACON& Tower with Radar,324,26,18,0,368,0,9,5,0,14,324,35,23,0,382,0,0,0,382
04/21/2023,MSY,LA,ASW,CE,Combined TRACON& Tower with Radar,357,26,7,1,391,0,0,6,0,6,357,26,13,1,397,0,0,0,397
04/22/2023,MSY,LA,ASW,CE,Combined TRACON& Tower with Radar,266,7,12,4,289,0,2,8,0,10,266,9,20,4,299,0,0,0,299
04/23/2023,MSY,LA,ASW,CE,Combined TRACON& Tower with Radar,342,40,17,0,399,0,0,13,0,13,342,40,30,0,412,0,0,0,412
04/24/2023,MSY,LA,ASW,CE,Combined TRACON& Tower with Radar,329,23,16,0,368,0,3,2,1,6,329,26,18,1,374,0,0,0,374
04/25/2023,MSY,LA,ASW,CE,Combined TRACON& Tower with Radar,308,17,25,2,352,0,15,10,2,27,308,32,35,4,379,0,0,0,379
04/26/2023,MSY,LA,ASW,CE,Combined TRACON& Tower with Radar,291,19,30,0,340,0,3,7,0,10,291,22,37,0,350,0,0,0,350
04/27/2023,MSY,LA,ASW,CE,Combined TRACON& Tower with Radar,336,34,24,0,394,0,1,2,0,3,336,35,26,0,397,0,0,0,397
04/28/2023,MSY,LA,ASW,CE,Combined TRACON& Tower with Radar,350,25,25,0,400,0,5,5,0,10,350,30,30,0,410,0,0,0,410
04/29/2023,MSY,LA,ASW,CE,Combined TRACON& Tower with Radar,268,19,22,0,309,0,0,1,0,1,268,19,23,0,310,0,0,0,310
04/30/2023,MSY,LA,ASW,CE,Combined TRACON& Tower with Radar,329,42,43,0,414,0,2,5,0,7,329,44,48,0,421,0,0,0,421
05/01/2023,MSY,LA,ASW,CE,Combined TRACON& Tower with Radar,328,33,24,0,385,0,7,10,0,17,328,40,34,0,402,0,0,0,402
05/02/2023,MSY,LA,ASW,CE,Combined TRACON& Tower with Radar,311,27,23,0,361,0,11,6,0,17,311,38,29,0,378,0,0,0,378
05/03/2023,MSY,LA,ASW,CE,Combined TRACON& Tower with Radar,308,32,24,2,366,0,13,13,3,29,308,45,37,5,395,0,0,0,395
05/04/2023,MSY,LA,ASW,CE,Combined TRACON& Tower with Radar,332,23,29,0,384,0,11,9,2,22,332,34,38,2,406,0,0,0,406
05/05/2023,MSY,LA,ASW,CE,Combined TRACON& Tower with Radar,327,19,21,0,367,0,2,2,0,4,327,21,23,0,371,0,0,0,371
05/06/2023,MSY,LA,ASW,CE,Combined TRACON& Tower with Radar,276,11,10,0,297,0,0,1,0,1,276,11,11,0,298,0,0,0,298
05/07/2023,MSY,LA,ASW,CE,Combined TRACON& Tower with Radar,348,41,22,0,411,0,1,1,0,2,348,42,23,0,413,0,0,0,413
05/08/2023,MSY,LA,ASW,CE,Combined TRACON& Tower with Radar,353,35,24,2,414,0,6,1,0,7,353,41,25,2,421,0,0,0,421
05/09/2023,MSY,LA,ASW,CE,Combined TRACON& Tower with Radar,314,19,11,2,346,0,7,1,0,8,314,26,12,2,354,0,0,0,354
05/10/2023,MSY,LA,ASW,CE,Combined TRACON& Tower with Radar,323,22,19,0,364,0,9,1,0,10,323,31,20,0,374,0,0,0,374
05/11/2023,MSY,LA,ASW,CE,Combined TRACON& Tower with Radar,326,24,32,2,384,0,9,0,0,9,326,33,32,2,393,0,0,0,393
05/12/2023,MSY,LA,ASW,CE,Combined TRACON& Tower with Radar,341,14,22,0,377,0,8,5,0,13,341,22,27,0,390,0,0,0,390
05/13/2023,MSY,LA,ASW,CE,Combined TRACON& Tower with Radar,280,11,21,0,312,0,0,4,0,4,280,11,25,0,316,0,0,0,316
05/14/2023,MSY,LA,ASW,CE,Combined TRACON& Tower with Radar,362,17,14,0,393,0,0,1,0,1,362,17,15,0,394,0,0,0,394
05/15/2023,MSY,LA,ASW,CE,Combined TRACON& Tower with Radar,341,27,13,0,381,0,11,0,0,11,341,38,13,0,392,0,0,0,392
05/16/2023,MSY,LA,ASW,CE,Combined TRACON& Tower with Radar,305,9,15,3,332,0,12,4,1,17,305,21,19,4,349,0,0,0,349
05/17/2023,MSY,LA,ASW,CE,Combined TRACON& Tower with Radar,332,22,19,2,375,0,3,3,0,6,332,25,22,2,381,0,0,0,381
05/18/2023,MSY,LA,ASW,CE,Combined TRACON& Tower with Radar,317,27,25,2,371,0,4,7,0,11,317,31,32,2,382,0,0,0,382
05/19/2023,MSY,LA,ASW,CE,Combined TRACON& Tower with Radar,347,17,17,0,381,0,12,5,1,18,347,29,22,1,399,0,0,0,399
05/20/2023,MSY,LA,ASW,CE,Combined TRACON& Tower with Radar,288,9,8,0,305,0,0,5,0,5,288,9,13,0,310,0,0,0,310
05/21/2023,MSY,LA,ASW,CE,Combined TRACON& Tower with Radar,344,28,31,0,403,0,3,8,0,11,344,31,39,0,414,0,0,0,414
05/22/2023,MSY,LA,ASW,CE,Combined TRACON& Tower with Radar,334,21,14,0,369,0,1,4,1,6,334,22,18,1,375,0,0,0,375
05/23/2023,MSY,LA,ASW,CE,Combined TRACON& Tower with Radar,306,11,16,1,334,0,4,2,0,6,306,15,18,1,340,0,0,0,340
05/24/2023,MSY,LA,ASW,CE,Combined TRACON& Tower with Radar,316,22,21,1,360,0,13,0,0,13,316,35,21,1,373,0,0,0,373
05/25/2023,MSY,LA,ASW,CE,Combined TRACON& Tower with Radar,328,8,18,0,354,0,3,3,1,7,328,11,21,1,361,0,0,0,361
05/26/2023,MSY,LA,ASW,CE,Combined TRACON& Tower with Radar,344,23,19,1,387,0,8,0,1,9,344,31,19,2,396,0,0,0,396
05/27/2023,MSY,LA,ASW,CE,Combined TRACON& Tower with Radar,277,7,7,0,291,0,1,6,0,7,277,8,13,0,298,0,0,0,298
05/28/2023,MSY,LA,ASW,CE,Combined TRACON& Tower with Radar,322,11,13,0,346,0,0,3,0,3,322,11,16,0,349,0,0,0,349
05/29/2023,MSY,LA,ASW,CE,Combined TRACON& Tower with Radar,335,10,13,0,358,0,3,0,1,4,335,13,13,1,362,0,0,0,362
05/30/2023,MSY,LA,ASW,CE,Combined TRACON& Tower with Radar,299,17,27,3,346,0,12,3,2,17,299,29,30,5,363,0,0,0,363
05/31/2023,MSY,LA,ASW,CE,Combined TRACON& Tower with Radar,317,14,19,0,350,0,9,9,1,19,317,23,28,1,369,0,0,0,369
06/01/2023,MSY,LA,ASW,CE,Combined TRACON& Tower with Radar,315,16,21,0,352,0,2,4,0,6,315,18,25,0,358,0,0,0,358
06/02/2023,MSY,LA,ASW,CE,Combined TRACON& Tower with Radar,325,21,23,2,371,0,11,5,0,16,325,32,28,2,387,0,0,0,387
06/03/2023,MSY,LA,ASW,CE,Combined TRACON& Tower with Radar,250,18,9,0,277,0,2,2,0,4,250,20,11,0,281,0,0,0,281
06/04/2023,MSY,LA,ASW,CE,Combined TRACON& Tower with Radar,319,15,16,0,350,0,4,6,0,10,319,19,22,0,360,0,0,0,360
06/05/2023,MSY,LA,ASW,CE,Combined TRACON& Tower with Radar,318,17,13,0,348,0,1,0,0,1,318,18,13,0,349,0,0,0,349
06/06/2023,MSY,LA,ASW,CE,Combined TRACON& Tower with Radar,284,22,24,0,330,0,3,13,2,18,284,25,37,2,348,0,0,0,348
06/07/2023,MSY,LA,ASW,CE,Combined TRACON& Tower with Radar,294,14,20,0,328,0,8,9,0,17,294,22,29,0,345,0,0,0,345
06/08/2023,MSY,LA,ASW,CE,Combined TRACON& Tower with Radar,303,13,12,0,328,0,8,1,0,9,303,21,13,0,337,0,0,0,337
06/09/2023,MSY,LA,ASW,CE,Combined TRACON& Tower with Radar,329,13,15,1,358,0,12,18,1,31,329,25,33,2,389,0,0,0,389
06/10/2023,MSY,LA,ASW,CE,Combined TRACON& Tower with Radar,257,5,12,0,274,0,1,3,0,4,257,6,15,0,278,0,0,0,278
06/11/2023,MSY,LA,ASW,CE,Combined TRACON& Tower with Radar,304,19,9,0,332,0,0,9,0,9,304,19,18,0,341,0,0,0,341
06/12/2023,MSY,LA,ASW,CE,Combined TRACON& Tower with Radar,305,15,13,2,335,0,9,5,0,14,305,24,18,2,349,0,0,0,349
06/13/2023,MSY,LA,ASW,CE,Combined TRACON& Tower with Radar,292,6,22,4,324,0,14,2,0,16,292,20,24,4,340,0,0,0,340
06/14/2023,MSY,LA,ASW,CE,Combined TRACON& Tower with Radar,293,17,18,0,328,0,13,8,6,27,293,30,26,6,355,0,0,0,355
06/15/2023,MSY,LA,ASW,CE,Combined TRACON& Tower with Radar,290,15,24,0,329,0,6,4,0,10,290,21,28,0,339,0,0,0,339
06/16/2023,MSY,LA,ASW,CE,Combined TRACON& Tower with Radar,319,9,12,3,343,0,2,5,0,7,319,11,17,3,350,0,0,0,350
06/17/2023,MSY,LA,ASW,CE,Combined TRACON& Tower with Radar,261,6,6,3,276,0,0,3,0,3,261,6,9,3,279,0,0,0,279
06/18/2023,MSY,LA,ASW,CE,Combined TRACON& Tower with Radar,299,12,11,0,322,0,0,4,0,4,299,12,15,0,326,0,0,0,326
06/19/2023,MSY,LA,ASW,CE,Combined TRACON& Tower with Radar,291,21,26,0,338,0,0,2,2,4,291,21,28,2,342,0,0,0,342
06/20/2023,MSY,LA,ASW,CE,Combined TRACON& Tower with Radar,287,14,18,2,321,0,0,5,0,5,287,14,23,2,326,0,0,0,326
06/21/2023,MSY,LA,ASW,CE,Combined TRACON& Tower with Radar,301,19,26,0,346,0,0,6,0,6,301,19,32,0,352,0,0,0,352
06/22/2023,MSY,LA,ASW,CE,Combined TRACON& Tower with Radar,297,12,23,0,332,0,0,6,0,6,297,12,29,0,338,0,0,0,338
06/23/2023,MSY,LA,ASW,CE,Combined TRACON& Tower with Radar,315,7,13,0,335,0,1,4,0,5,315,8,17,0,340,0,0,0,340
06/24/2023,MSY,LA,ASW,CE,Combined TRACON& Tower with Radar,255,12,13,0,280,0,0,1,0,1,255,12,14,0,281,0,0,0,281
06/25/2023,MSY,LA,ASW,CE,Combined TRACON& Tower with Radar,286,17,6,2,311,0,2,1,0,3,286,19,7,2,314,0,0,0,314
06/26/2023,MSY,LA,ASW,CE,Combined TRACON& Tower with Radar,283,20,7,0,310,0,8,4,0,12,283,28,11,0,322,0,0,0,322
06/27/2023,MSY,LA,ASW,CE,Combined TRACON& Tower with Radar,271,18,17,0,306,0,6,5,0,11,271,24,22,0,317,0,0,0,317
06/28/2023,MSY,LA,ASW,CE,Combined TRACON& Tower with Radar,282,14,11,2,309,0,11,5,0,16,282,25,16,2,325,0,0,0,325
06/29/2023,MSY,LA,ASW,CE,Combined TRACON& Tower with Radar,286,18,24,1,329,0,6,3,0,9,286,24,27,1,338,0,0,0,338
06/30/2023,MSY,LA,ASW,CE,Combined TRACON& Tower with Radar,309,26,20,3,358,0,9,6,0,15,309,35,26,3,373,0,0,0,373
07/01/2023,MSY,LA,ASW,CE,Combined TRACON& Tower with Radar,256,16,12,0,284,0,0,1,0,1,256,16,13,0,285,0,0,0,285
07/02/2023,MSY,LA,ASW,CE,Combined TRACON& Tower with Radar,300,7,31,0,338,0,1,5,0,6,300,8,36,0,344,0,0,0,344
07/03/2023,MSY,LA,ASW,CE,Combined TRACON& Tower with Radar,275,22,19,0,316,0,4,7,0,11,275,26,26,0,327,0,0,0,327
07/04/2023,MSY,LA,ASW,CE,Combined TRACON& Tower with Radar,242,6,7,0,255,0,0,0,0,0,242,6,7,0,255,0,0,0,255
07/05/2023,MSY,LA,ASW,CE,Combined TRACON& Tower with Radar,276,9,3,0,288,0,7,0,0,7,276,16,3,0,295,0,0,0,295
07/06/2023,MSY,LA,ASW,CE,Combined TRACON& Tower with Radar,300,14,12,0,326,0,5,7,1,13,300,19,19,1,339,0,0,0,339
07/07/2023,MSY,LA,ASW,CE,Combined TRACON& Tower with Radar,311,14,13,2,340,0,10,2,0,12,311,24,15,2,352,0,0,0,352
07/08/2023,MSY,LA,ASW,CE,Combined TRACON& Tower with Radar,258,14,3,3,278,0,0,3,1,4,258,14,6,4,282,0,0,0,282
07/09/2023,MSY,LA,ASW,CE,Combined TRACON& Tower with Radar,305,4,15,3,327,0,0,6,0,6,305,4,21,3,333,0,0,0,333
07/10/2023,MSY,LA,ASW,CE,Combined TRACON& Tower with Radar,303,15,15,0,333,0,0,0,0,0,303,15,15,0,333,0,0,0,333
07/11/2023,MSY,LA,ASW,CE,Combined TRACON& Tower with Radar,276,8,13,0,297,0,0,0,0,0,276,8,13,0,297,0,0,0,297
07/12/2023,MSY,LA,ASW,CE,Combined TRACON& Tower with Radar,286,11,22,0,319,0,12,6,0,18,286,23,28,0,337,0,0,0,337
07/13/2023,MSY,LA,ASW,CE,Combined TRACON& Tower with Radar,299,9,26,0,334,0,12,6,0,18,299,21,32,0,352,0,0,0,352
07/14/2023,MSY,LA,ASW,CE,Combined TRACON& Tower with Radar,316,12,10,3,341,0,11,2,0,13,316,23,12,3,354,0,0,0,354
07/15/2023,MSY,LA,ASW,CE,Combined TRACON& Tower with Radar,274,13,13,0,300,0,4,2,0,6,274,17,15,0,306,0,0,0,306
07/16/2023,MSY,LA,ASW,CE,Combined TRACON& Tower with Radar,269,4,13,1,287,0,5,1,0,6,269,9,14,1,293,0,0,0,293
07/17/2023,MSY,LA,ASW,CE,Combined TRACON& Tower with Radar,307,13,17,1,338,0,7,3,0,10,307,20,20,1,348,0,0,0,348
07/18/2023,MSY,LA,ASW,CE,Combined TRACON& Tower with Radar,278,17,15,0,310,0,13,4,0,17,278,30,19,0,327,0,0,0,327
07/19/2023,MSY,LA,ASW,CE,Combined TRACON& Tower with Radar,295,18,18,0,331,0,8,8,0,16,295,26,26,0,347,0,0,0,347
07/20/2023,MSY,LA,ASW,CE,Combined TRACON& Tower with Radar,293,8,27,1,329,0,13,4,0,17,293,21,31,1,346,0,0,0,346
07/21/2023,MSY,LA,ASW,CE,Combined TRACON& Tower with Radar,316,14,11,0,341,0,13,4,0,17,316,27,15,0,358,0,0,0,358
07/22/2023,MSY,LA,ASW,CE,Combined TRACON& Tower with Radar,269,14,2,1,286,0,0,7,0,7,269,14,9,1,293,0,0,0,293
07/23/2023,MSY,LA,ASW,CE,Combined TRACON& Tower with Radar,293,10,8,0,311,0,1,6,0,7,293,11,14,0,318,0,0,0,318
07/24/2023,MSY,LA,ASW,CE,Combined TRACON& Tower with Radar,309,16,15,0,340,0,6,5,1,12,309,22,20,1,352,0,0,0,352
07/25/2023,MSY,LA,ASW,CE,Combined TRACON& Tower with Radar,275,10,21,0,306,0,13,3,0,16,275,23,24,0,322,0,0,0,322
07/26/2023,MSY,LA,ASW,CE,Combined TRACON& Tower with Radar,288,10,21,0,319,0,3,2,0,5,288,13,23,0,324,0,0,0,324
07/27/2023,MSY,LA,ASW,CE,Combined TRACON& Tower with Radar,295,13,23,0,331,0,15,6,2,23,295,28,29,2,354,0,0,0,354
07/28/2023,MSY,LA,ASW,CE,Combined TRACON& Tower with Radar,315,12,11,0,338,0,9,1,0,10,315,21,12,0,348,0,0,0,348
07/29/2023,MSY,LA,ASW,CE,Combined TRACON& Tower with Radar,257,7,4,0,268,0,0,1,2,3,257,7,5,2,271,0,0,0,271
07/30/2023,MSY,LA,ASW,CE,Combined TRACON& Tower with Radar,297,10,17,0,324,0,0,5,2,7,297,10,22,2,331,0,0,0,331
07/31/2023,MSY,LA,ASW,CE,Combined TRACON& Tower with Radar,311,11,22,0,344,0,6,2,2,10,311,17,24,2,354,0,0,0,354
08/01/2023,MSY,LA,ASW,CE,Combined TRACON& Tower with Radar,274,8,14,0,296,0,8,5,1,14,274,16,19,1,310,0,0,0,310
08/02/2023,MSY,LA,ASW,CE,Combined TRACON& Tower with Radar,285,12,8,0,305,0,11,4,0,15,285,23,12,0,320,0,0,0,320
08/03/2023,MSY,LA,ASW,CE,Combined TRACON& Tower with Radar,295,12,10,0,317,0,11,3,0,14,295,23,13,0,331,0,0,0,331
08/04/2023,MSY,LA,ASW,CE,Combined TRACON& Tower with Radar,322,9,10,0,341,0,12,4,0,16,322,21,14,0,357,0,0,0,357
08/05/2023,MSY,LA,ASW,CE,Combined TRACON& Tower with Radar,266,12,8,0,286,0,2,6,1,9,266,14,14,1,295,0,0,0,295
08/06/2023,MSY,LA,ASW,CE,Combined TRACON& Tower with Radar,280,12,18,0,310,0,0,6,2,8,280,12,24,2,318,0,0,0,318
08/07/2023,MSY,LA,ASW,CE,Combined TRACON& Tower with Radar,301,18,16,0,335,0,6,13,2,21,301,24,29,2,356,0,0,0,356
08/08/2023,MSY,LA,ASW,CE,Combined TRACON& Tower with Radar,274,14,11,0,299,0,7,2,2,11,274,21,13,2,310,0,0,0,310
08/09/2023,MSY,LA,ASW,CE,Combined TRACON& Tower with Radar,286,10,17,0,313,0,11,8,1,20,286,21,25,1,333,0,0,0,333
08/10/2023,MSY,LA,ASW,CE,Combined TRACON& Tower with Radar,291,20,31,2,344,0,9,6,1,16,291,29,37,3,360,0,0,0,360
08/11/2023,MSY,LA,ASW,CE,Combined TRACON& Tower with Radar,315,23,15,2,355,0,8,2,0,10,315,31,17,2,365,0,0,0,365
08/12/2023,MSY,LA,ASW,CE,Combined TRACON& Tower with Radar,256,7,11,0,274,0,7,2,0,9,256,14,13,0,283,0,0,0,283
08/13/2023,MSY,LA,ASW,CE,Combined TRACON& Tower with Radar,300,23,15,0,338,0,2,1,0,3,300,25,16,0,341,0,0,0,341
08/14/2023,MSY,LA,ASW,CE,Combined TRACON& Tower with Radar,291,18,14,1,324,0,13,5,1,19,291,31,19,2,343,0,0,0,343
08/15/2023,MSY,LA,ASW,CE,Combined TRACON& Tower with Radar,261,13,10,0,284,0,13,4,0,17,261,26,14,0,301,0,0,0,301
08/16/2023,MSY,LA,ASW,CE,Combined TRACON& Tower with Radar,274,26,36,0,336,0,9,25,0,34,274,35,61,0,370,0,0,0,370
08/17/2023,MSY,LA,ASW,CE,Combined TRACON& Tower with Radar,268,12,28,0,308,0,5,14,0,19,268,17,42,0,327,0,0,0,327
08/18/2023,MSY,LA,ASW,CE,Combined TRACON& Tower with Radar,292,17,7,0,316,0,6,4,1,11,292,23,11,1,327,0,0,0,327
08/19/2023,MSY,LA,ASW,CE,Combined TRACON& Tower with Radar,239,8,14,0,261,0,0,4,0,4,239,8,18,0,265,0,0,0,265
08/20/2023,MSY,LA,ASW,CE,Combined TRACON& Tower with Radar,265,13,13,0,291,0,2,4,0,6,265,15,17,0,297,0,0,0,297
08/21/2023,MSY,LA,ASW,CE,Combined TRACON& Tower with Radar,284,9,11,0,304,0,3,2,0,5,284,12,13,0,309,0,0,0,309
08/22/2023,MSY,LA,ASW,CE,Combined TRACON& Tower with Radar,249,10,21,0,280,0,15,5,1,21,249,25,26,1,301,0,0,0,301
08/23/2023,MSY,LA,ASW,CE,Combined TRACON& Tower with Radar,264,20,17,2,303,0,8,3,0,11,264,28,20,2,314,0,0,0,314
08/24/2023,MSY,LA,ASW,CE,Combined TRACON& Tower with Radar,279,13,3,0,295,0,14,0,0,14,279,27,3,0,309,0,0,0,309
08/25/2023,MSY,LA,ASW,CE,Combined TRACON& Tower with Radar,288,15,14,2,319,0,11,4,1,16,288,26,18,3,335,0,0,0,335
08/26/2023,MSY,LA,ASW,CE,Combined TRACON& Tower with Radar,235,15,17,0,267,0,2,3,0,5,235,17,20,0,272,0,0,0,272
08/27/2023,MSY,LA,ASW,CE,Combined TRACON& Tower with Radar,259,11,18,0,288,0,0,4,2,6,259,11,22,2,294,0,0,0,294
08/28/2023,MSY,LA,ASW,CE,Combined TRACON& Tower with Radar,287,24,11,0,322,0,3,1,0,4,287,27,12,0,326,0,0,0,326
08/29/2023,MSY,LA,ASW,CE,Combined TRACON& Tower with Radar,242,14,17,0,273,0,6,3,1,10,242,20,20,1,283,0,0,0,283
08/30/2023,MSY,LA,ASW,CE,Combined TRACON& Tower with Radar,255,25,19,0,299,0,8,5,0,13,255,33,24,0,312,0,0,0,312
08/31/2023,MSY,LA,ASW,CE,Combined TRACON& Tower with Radar,275,16,35,0,326,0,13,5,0,18,275,29,40,0,344,0,0,0,344
