01/01/2000,MTN,MD,AEA,EN,Federal Contract Tower,0,0,5,0,5,0,0,13,0,13,0,0,18,0,18,18,0,18,36
01/02/2000,MTN,MD,AEA,EN,Federal Contract Tower,0,2,32,0,34,0,0,206,0,206,0,2,238,0,240,232,0,232,472
01/03/2000,MTN,MD,AEA,EN,Federal Contract Tower,0,0,16,2,18,0,0,152,0,152,0,0,168,2,170,176,0,176,346
01/04/2000,MTN,MD,AEA,EN,Federal Contract Tower,0,1,20,1,22,0,1,62,0,63,0,2,82,1,85,36,0,36,121
01/05/2000,MTN,MD,AEA,EN,Federal Contract Tower,0,2,42,8,52,0,0,101,26,127,0,2,143,34,179,66,16,82,261
01/06/2000,MTN,MD,AEA,EN,Federal Contract Tower,0,2,26,5,33,0,0,141,20,161,0,2,167,25,194,202,6,208,402
01/07/2000,MTN,MD,AEA,EN,Federal Contract Tower,0,0,30,4,34,0,0,142,43,185,0,0,172,47,219,134,14,148,367
01/08/2000,MTN,MD,AEA,EN,Federal Contract Tower,0,0,25,5,30,0,0,325,0,325,0,0,350,5,355,216,0,216,571
01/09/2000,MTN,MD,AEA,EN,Federal Contract Tower,0,0,23,4,27,0,2,198,2,202,0,2,221,6,229,220,2,222,451
01/10/2000,MTN,MD,AEA,EN,Federal Contract Tower,0,0,15,3,18,0,0,2,1,3,0,0,17,4,21,6,2,8,29
01/11/2000,MTN,MD,AEA,EN,Federal Contract Tower,0,0,27,5,32,0,0,48,24,72,0,0,75,29,104,22,4,26,130
01/12/2000,MTN,MD,AEA,EN,Federal Contract Tower,0,0,40,8,48,0,0,170,20,190,0,0,210,28,238,150,12,162,400
01/13/2000,MTN,MD,AEA,EN,Federal Contract Tower,0,0,22,2,24,0,2,105,0,107,0,2,127,2,131,38,0,38,169
01/14/2000,MTN,MD,AEA,EN,Federal Contract Tower,0,0,25,5,30,0,1,134,10,145,0,1,159,15,175,40,4,44,219
01/15/2000,MTN,MD,AEA,EN,Federal Contract Tower,0,0,24,0,24,0,0,236,0,236,0,0,260,0,260,256,0,256,516
01/16/2000,MTN,MD,AEA,EN,Federal Contract Tower,0,0,16,1,17,0,0,143,0,143,0,0,159,1,160,140,0,140,300
01/17/2000,MTN,MD,AEA,EN,Federal Contract Tower,0,0,11,1,12,0,0,77,0,77,0,0,88,1,89,20,0,20,109
01/18/2000,MTN,MD,AEA,EN,Federal Contract Tower,0,0,26,3,29,0,1,97,0,98,0,1,123,3,127,90,26,116,243
01/19/2000,MTN,MD,AEA,EN,Federal Contract Tower,0,2,41,8,51,0,0,157,58,215,0,2,198,66,266,26,10,36,302
01/20/2000,MTN,MD,AEA,EN,Federal Contract Tower,0,0,22,0,22,0,3,13,0,16,0,3,35,0,38,8,0,8,46
01/21/2000,MTN,MD,AEA,EN,Federal Contract Tower,0,0,20,0,20,0,2,123,0,125,0,2,143,0,145,18,0,18,163
01/22/2000,MTN,MD,AEA,EN,Federal Contract Tower,0,2,33,6,41,0,0,199,27,226,0,2,232,33,267,194,12,206,473
01/23/2000,MTN,MD,AEA,EN,Federal Contract Tower,0,0,16,2,18,0,0,40,0,40,0,0,56,2,58,110,0,110,168
01/24/2000,MTN,MD,AEA,EN,Federal Contract Tower,0,0,23,0,23,0,0,90,0,90,0,0,113,0,113,86,16,102,215
01/25/2000,MTN,MD,AEA,EN,Federal Contract Tower,0,0,0,0,0,0,0,0,0,0,0,0,0,0,0,0,0,0,0
01/26/2000,MTN,MD,AEA,EN,Federal Contract Tower,0,0,22,0,22,0,1,54,0,55,0,1,76,0,77,14,0,14,91
01/27/2000,MTN,MD,AEA,EN,Federal Contract Tower,0,0,23,2,25,0,0,106,0,106,0,0,129,2,131,18,0,18,149
01/28/2000,MTN,MD,AEA,EN,Federal Contract Tower,0,0,23,0,23,0,2,108,0,110,0,2,131,0,133,86,0,86,219
01/29/2000,MTN,MD,AEA,EN,Federal Contract Tower,0,0,20,0,20,0,0,186,0,186,0,0,206,0,206,236,0,236,442
01/30/2000,MTN,MD,AEA,EN,Federal Contract Tower,0,0,4,0,4,0,0,4,0,4,0,0,8,0,8,8,0,8,16
01/31/2000,MTN,MD,AEA,EN,Federal Contract Tower,0,0,18,2,20,0,0,102,0,102,0,0,120,2,122,16,0,16,138
02/01/2000,MTN,MD,AEA,EN,Federal Contract Tower,0,2,27,7,36,0,0,112,5,117,0,2,139,12,153,60,16,76,229
02/02/2000,MTN,MD,AEA,EN,Federal Contract Tower,0,2,32,8,42,0,2,143,35,180,0,4,175,43,222,50,0,50,272
02/03/2000,MTN,MD,AEA,EN,Federal Contract Tower,0,0,32,8,40,0,0,113,19,132,0,0,145,27,172,118,6,124,296
02/04/2000,MTN,MD,AEA,EN,Federal Contract Tower,0,2,43,2,47,0,0,18,0,18,0,2,61,2,65,14,0,14,79
02/05/2000,MTN,MD,AEA,EN,Federal Contract Tower,0,0,16,0,16,0,0,196,0,196,0,0,212,0,212,212,0,212,424
02/06/2000,MTN,MD,AEA,EN,Federal Contract Tower,0,0,23,0,23,0,0,248,0,248,0,0,271,0,271,212,0,212,483
02/07/2000,MTN,MD,AEA,EN,Federal Contract Tower,0,0,26,0,26,0,0,238,0,238,0,0,264,0,264,116,14,130,394
02/08/2000,MTN,MD,AEA,EN,Federal Contract Tower,0,0,28,7,35,0,0,201,46,247,0,0,229,53,282,186,2,188,470
02/09/2000,MTN,MD,AEA,EN,Federal Contract Tower,0,1,42,11,54,0,0,193,15,208,0,1,235,26,262,146,16,162,424
02/10/2000,MTN,MD,AEA,EN,Federal Contract Tower,0,2,31,7,40,0,0,226,9,235,0,2,257,16,275,150,4,154,429
02/11/2000,MTN,MD,AEA,EN,Federal Contract Tower,0,2,30,7,39,0,0,102,15,117,0,2,132,22,156,84,4,88,244
02/12/2000,MTN,MD,AEA,EN,Federal Contract Tower,0,0,28,7,35,0,0,145,21,166,0,0,173,28,201,192,8,200,401
02/13/2000,MTN,MD,AEA,EN,Federal Contract Tower,0,0,11,0,11,0,0,94,0,94,0,0,105,0,105,136,0,136,241
02/14/2000,MTN,MD,AEA,EN,Federal Contract Tower,0,1,20,5,26,0,1,72,1,74,0,2,92,6,100,46,2,48,148
02/15/2000,MTN,MD,AEA,EN,Federal Contract Tower,0,0,38,8,46,0,0,167,17,184,0,0,205,25,230,52,6,58,288
02/16/2000,MTN,MD,AEA,EN,Federal Contract Tower,0,1,46,12,59,0,1,109,30,140,0,2,155,42,199,82,6,88,287
02/17/2000,MTN,MD,AEA,EN,Federal Contract Tower,0,1,44,11,56,0,5,165,25,195,0,6,209,36,251,136,12,148,399
02/18/2000,MTN,MD,AEA,EN,Federal Contract Tower,0,0,11,0,11,0,0,2,0,2,0,0,13,0,13,0,0,0,13
02/19/2000,MTN,MD,AEA,EN,Federal Contract Tower,0,1,32,1,34,0,1,68,0,69,0,2,100,1,103,88,0,88,191
02/20/2000,MTN,MD,AEA,EN,Federal Contract Tower,0,0,19,2,21,0,0,183,0,183,0,0,202,2,204,146,0,146,350
02/21/2000,MTN,MD,AEA,EN,Federal Contract Tower,0,1,40,3,44,0,1,203,0,204,0,2,243,3,248,180,0,180,428
02/22/2000,MTN,MD,AEA,EN,Federal Contract Tower,0,0,32,5,37,0,0,152,0,152,0,0,184,5,189,94,0,94,283
02/23/2000,MTN,MD,AEA,EN,Federal Contract Tower,0,1,39,9,49,0,0,145,22,167,0,1,184,31,216,122,14,136,352
02/24/2000,MTN,MD,AEA,EN,Federal Contract Tower,0,1,35,9,45,0,3,168,69,240,0,4,203,78,285,216,8,224,509
02/25/2000,MTN,MD,AEA,EN,Federal Contract Tower,0,1,31,7,39,0,0,212,13,225,0,1,243,20,264,106,0,106,370
02/26/2000,MTN,MD,AEA,EN,Federal Contract Tower,0,2,56,2,60,0,2,12,0,14,0,4,68,2,74,0,0,0,74
02/27/2000,MTN,MD,AEA,EN,Federal Contract Tower,0,0,16,0,16,0,0,12,0,12,0,0,28,0,28,0,0,0,28
02/28/2000,MTN,MD,AEA,EN,Federal Contract Tower,0,0,14,0,14,0,0,77,0,77,0,0,91,0,91,22,14,36,127
02/29/2000,MTN,MD,AEA,EN,Federal Contract Tower,0,0,39,10,49,0,0,206,14,220,0,0,245,24,269,184,10,194,463
03/01/2000,MTN,MD,AEA,EN,Federal Contract Tower,0,0,41,6,47,0,0,203,55,258,0,0,244,61,305,136,0,136,441
03/02/2000,MTN,MD,AEA,EN,Federal Contract Tower,0,0,44,6,50,0,0,99,19,118,0,0,143,25,168,20,12,32,200
03/03/2000,MTN,MD,AEA,EN,Federal Contract Tower,0,1,32,5,38,0,2,122,22,146,0,3,154,27,184,112,0,112,296
03/04/2000,MTN,MD,AEA,EN,Federal Contract Tower,0,0,36,6,42,0,0,248,5,253,0,0,284,11,295,180,4,184,479
03/05/2000,MTN,MD,AEA,EN,Federal Contract Tower,0,0,27,0,27,0,0,225,0,225,0,0,252,0,252,162,0,162,414
03/06/2000,MTN,MD,AEA,EN,Federal Contract Tower,0,0,19,0,19,0,0,169,0,169,0,0,188,0,188,142,4,146,334
03/07/2000,MTN,MD,AEA,EN,Federal Contract Tower,0,1,38,6,45,0,2,199,50,251,0,3,237,56,296,226,14,240,536
03/08/2000,MTN,MD,AEA,EN,Federal Contract Tower,0,0,37,6,43,0,0,232,25,257,0,0,269,31,300,174,6,180,480
03/09/2000,MTN,MD,AEA,EN,Federal Contract Tower,0,0,26,4,30,0,0,222,7,229,0,0,248,11,259,280,0,280,539
03/10/2000,MTN,MD,AEA,EN,Federal Contract Tower,0,1,29,5,35,0,1,213,3,217,0,2,242,8,252,136,2,138,390
03/11/2000,MTN,MD,AEA,EN,Federal Contract Tower,0,1,31,3,35,0,0,2,0,2,0,1,33,3,37,0,0,0,37
03/12/2000,MTN,MD,AEA,EN,Federal Contract Tower,0,0,21,3,24,0,0,46,0,46,0,0,67,3,70,14,0,14,84
03/13/2000,MTN,MD,AEA,EN,Federal Contract Tower,0,1,19,1,21,0,0,242,0,242,0,1,261,1,263,242,4,246,509
03/14/2000,MTN,MD,AEA,EN,Federal Contract Tower,0,1,26,1,28,0,0,229,0,229,0,1,255,1,257,198,0,198,455
03/15/2000,MTN,MD,AEA,EN,Federal Contract Tower,0,0,36,6,42,0,0,214,13,227,0,0,250,19,269,182,0,182,451
03/16/2000,MTN,MD,AEA,EN,Federal Contract Tower,0,0,28,5,33,0,0,130,1,131,0,0,158,6,164,132,14,146,310
03/17/2000,MTN,MD,AEA,EN,Federal Contract Tower,0,0,27,3,30,0,0,51,0,51,0,0,78,3,81,16,0,16,97
03/18/2000,MTN,MD,AEA,EN,Federal Contract Tower,0,1,26,3,30,0,3,317,8,328,0,4,343,11,358,218,0,218,576
03/19/2000,MTN,MD,AEA,EN,Federal Contract Tower,0,0,29,1,30,0,2,153,0,155,0,2,182,1,185,150,0,150,335
03/20/2000,MTN,MD,AEA,EN,Federal Contract Tower,0,1,48,1,50,0,1,114,0,115,0,2,162,1,165,16,4,20,185
03/21/2000,MTN,MD,AEA,EN,Federal Contract Tower,0,0,17,1,18,0,0,1,0,1,0,0,18,1,19,0,0,0,19
03/22/2000,MTN,MD,AEA,EN,Federal Contract Tower,0,0,42,0,42,0,0,61,0,61,0,0,103,0,103,12,0,12,115
03/23/2000,MTN,MD,AEA,EN,Federal Contract Tower,0,1,45,4,50,0,1,159,0,160,0,2,204,4,210,82,2,84,294
03/24/2000,MTN,MD,AEA,EN,Federal Contract Tower,0,0,25,2,27,0,0,234,0,234,0,0,259,2,261,154,0,154,415
03/25/2000,MTN,MD,AEA,EN,Federal Contract Tower,0,0,40,5,45,0,0,223,3,226,0,0,263,8,271,234,0,234,505
03/26/2000,MTN,MD,AEA,EN,Federal Contract Tower,0,0,20,2,22,0,0,206,0,206,0,0,226,2,228,98,0,98,326
03/27/2000,MTN,MD,AEA,EN,Federal Contract Tower,0,0,23,0,23,0,0,151,0,151,0,0,174,0,174,112,0,112,286
03/28/2000,MTN,MD,AEA,EN,Federal Contract Tower,0,0,28,5,33,0,0,137,0,137,0,0,165,5,170,108,0,108,278
03/29/2000,MTN,MD,AEA,EN,Federal Contract Tower,0,0,37,4,41,0,2,105,0,107,0,2,142,4,148,30,12,42,190
03/30/2000,MTN,MD,AEA,EN,Federal Contract Tower,0,1,45,6,52,0,1,173,6,180,0,2,218,12,232,246,2,248,480
03/31/2000,MTN,MD,AEA,EN,Federal Contract Tower,0,0,32,3,35,0,1,251,0,252,0,1,283,3,287,172,4,176,463
04/01/2000,MTN,MD,AEA,EN,Federal Contract Tower,0,1,18,3,22,0,1,266,3,270,0,2,284,6,292,244,0,244,536
04/02/2000,MTN,MD,AEA,EN,Federal Contract Tower,0,0,31,5,36,0,0,180,0,180,0,0,211,5,216,186,0,186,402
04/03/2000,MTN,MD,AEA,EN,Federal Contract Tower,0,0,34,2,36,0,0,85,0,85,0,0,119,2,121,116,0,116,237
04/04/2000,MTN,MD,AEA,EN,Federal Contract Tower,0,0,21,0,21,0,0,60,0,60,0,0,81,0,81,26,0,26,107
04/05/2000,MTN,MD,AEA,EN,Federal Contract Tower,0,1,50,10,61,0,3,109,9,121,0,4,159,19,182,68,4,72,254
04/06/2000,MTN,MD,AEA,EN,Federal Contract Tower,0,0,47,9,56,0,0,198,40,238,0,0,245,49,294,200,0,200,494
04/07/2000,MTN,MD,AEA,EN,Federal Contract Tower,0,0,53,9,62,0,0,290,9,299,0,0,343,18,361,240,4,244,605
04/08/2000,MTN,MD,AEA,EN,Federal Contract Tower,0,0,18,3,21,0,0,111,10,121,0,0,129,13,142,88,14,102,244
04/09/2000,MTN,MD,AEA,EN,Federal Contract Tower,0,0,17,0,17,0,0,15,0,15,0,0,32,0,32,0,0,0,32
04/10/2000,MTN,MD,AEA,EN,Federal Contract Tower,0,0,21,1,22,0,0,140,0,140,0,0,161,1,162,148,12,160,322
04/11/2000,MTN,MD,AEA,EN,Federal Contract Tower,0,1,43,8,52,0,3,120,7,130,0,4,163,15,182,162,0,162,344
04/12/2000,MTN,MD,AEA,EN,Federal Contract Tower,0,1,40,7,48,0,1,158,50,209,0,2,198,57,257,164,0,164,421
04/13/2000,MTN,MD,AEA,EN,Federal Contract Tower,0,0,35,7,42,0,0,240,23,263,0,0,275,30,305,176,10,186,491
04/14/2000,MTN,MD,AEA,EN,Federal Contract Tower,0,1,41,8,50,0,2,138,13,153,0,3,179,21,203,130,12,142,345
04/15/2000,MTN,MD,AEA,EN,Federal Contract Tower,0,0,32,1,33,0,0,7,0,7,0,0,39,1,40,6,0,6,46
04/16/2000,MTN,MD,AEA,EN,Federal Contract Tower,0,1,36,0,37,0,0,109,0,109,0,1,145,0,146,122,0,122,268
04/17/2000,MTN,MD,AEA,EN,Federal Contract Tower,0,0,32,1,33,0,0,6,0,6,0,0,38,1,39,2,0,2,41
04/18/2000,MTN,MD,AEA,EN,Federal Contract Tower,0,0,35,0,35,0,0,18,0,18,0,0,53,0,53,0,0,0,53
04/19/2000,MTN,MD,AEA,EN,Federal Contract Tower,0,1,58,10,69,0,1,189,27,217,0,2,247,37,286,198,22,220,506
04/20/2000,MTN,MD,AEA,EN,Federal Contract Tower,0,0,76,13,89,0,0,194,31,225,0,0,270,44,314,272,14,286,600
04/21/2000,MTN,MD,AEA,EN,Federal Contract Tower,0,0,26,0,26,0,0,11,0,11,0,0,37,0,37,10,0,10,47
04/22/2000,MTN,MD,AEA,EN,Federal Contract Tower,0,0,31,0,31,0,0,57,0,57,0,0,88,0,88,76,0,76,164
04/23/2000,MTN,MD,AEA,EN,Federal Contract Tower,0,0,17,0,17,0,0,65,0,65,0,0,82,0,82,90,0,90,172
04/24/2000,MTN,MD,AEA,EN,Federal Contract Tower,0,0,36,0,36,0,0,229,0,229,0,0,265,0,265,264,0,264,529
04/25/2000,MTN,MD,AEA,EN,Federal Contract Tower,0,0,31,6,37,0,0,47,0,47,0,0,78,6,84,28,16,44,128
04/26/2000,MTN,MD,AEA,EN,Federal Contract Tower,0,0,48,9,57,0,0,212,66,278,0,0,260,75,335,284,2,286,621
04/27/2000,MTN,MD,AEA,EN,Federal Contract Tower,0,0,57,6,63,0,0,27,0,27,0,0,84,6,90,2,4,6,96
04/28/2000,MTN,MD,AEA,EN,Federal Contract Tower,0,1,58,5,64,0,0,106,0,106,0,1,164,5,170,106,8,114,284
04/29/2000,MTN,MD,AEA,EN,Federal Contract Tower,0,0,26,1,27,0,1,207,0,208,0,1,233,1,235,194,0,194,429
04/30/2000,MTN,MD,AEA,EN,Federal Contract Tower,0,0,26,0,26,0,0,195,0,195,0,0,221,0,221,112,0,112,333
05/01/2000,MTN,MD,AEA,EN,Federal Contract Tower,0,0,27,2,29,0,0,293,0,293,0,0,320,2,322,172,0,172,494
05/02/2000,MTN,MD,AEA,EN,Federal Contract Tower,0,0,32,8,40,0,0,250,29,279,0,0,282,37,319,238,0,238,557
05/03/2000,MTN,MD,AEA,EN,Federal Contract Tower,0,0,38,9,47,0,0,260,24,284,0,0,298,33,331,260,6,266,597
05/04/2000,MTN,MD,AEA,EN,Federal Contract Tower,0,1,40,9,50,0,0,218,18,236,0,1,258,27,286,184,8,192,478
05/05/2000,MTN,MD,AEA,EN,Federal Contract Tower,0,3,41,10,54,0,0,184,12,196,0,3,225,22,250,192,16,208,458
05/06/2000,MTN,MD,AEA,EN,Federal Contract Tower,0,2,35,4,41,0,2,231,0,233,0,4,266,4,274,270,0,270,544
05/07/2000,MTN,MD,AEA,EN,Federal Contract Tower,0,1,33,8,42,0,0,186,16,202,0,1,219,24,244,170,16,186,430
05/08/2000,MTN,MD,AEA,EN,Federal Contract Tower,0,1,31,0,32,0,0,220,0,220,0,1,251,0,252,260,4,264,516
05/09/2000,MTN,MD,AEA,EN,Federal Contract Tower,0,0,42,10,52,0,0,224,27,251,0,0,266,37,303,228,12,240,543
05/10/2000,MTN,MD,AEA,EN,Federal Contract Tower,0,2,34,9,45,0,4,110,22,136,0,6,144,31,181,104,6,110,291
05/11/2000,MTN,MD,AEA,EN,Federal Contract Tower,0,5,75,17,97,0,2,217,16,235,0,7,292,33,332,156,8,164,496
05/12/2000,MTN,MD,AEA,EN,Federal Contract Tower,0,3,46,11,60,0,8,210,28,246,0,11,256,39,306,262,4,266,572
05/13/2000,MTN,MD,AEA,EN,Federal Contract Tower,0,2,34,5,41,0,1,183,0,184,0,3,217,5,225,178,0,178,403
05/14/2000,MTN,MD,AEA,EN,Federal Contract Tower,0,1,17,1,19,0,1,209,0,210,0,2,226,1,229,142,0,142,371
05/15/2000,MTN,MD,AEA,EN,Federal Contract Tower,0,0,23,0,23,0,0,240,0,240,0,0,263,0,263,298,0,298,561
05/16/2000,MTN,MD,AEA,EN,Federal Contract Tower,0,0,30,6,36,0,0,207,24,231,0,0,237,30,267,202,14,216,483
05/17/2000,MTN,MD,AEA,EN,Federal Contract Tower,0,1,46,9,56,0,0,221,40,261,0,1,267,49,317,206,12,218,535
05/18/2000,MTN,MD,AEA,EN,Federal Contract Tower,0,2,45,10,57,0,0,193,47,240,0,2,238,57,297,228,6,234,531
05/19/2000,MTN,MD,AEA,EN,Federal Contract Tower,0,2,42,4,48,0,4,64,0,68,0,6,106,4,116,80,6,86,202
05/20/2000,MTN,MD,AEA,EN,Federal Contract Tower,0,1,27,0,28,0,2,3,0,5,0,3,30,0,33,0,0,0,33
05/21/2000,MTN,MD,AEA,EN,Federal Contract Tower,0,0,35,0,35,0,0,19,0,19,0,0,54,0,54,2,0,2,56
05/22/2000,MTN,MD,AEA,EN,Federal Contract Tower,0,1,31,1,33,0,3,4,0,7,0,4,35,1,40,0,0,0,40
05/23/2000,MTN,MD,AEA,EN,Federal Contract Tower,0,2,52,7,61,0,0,75,0,75,0,2,127,7,136,96,2,98,234
05/24/2000,MTN,MD,AEA,EN,Federal Contract Tower,0,2,55,13,70,0,2,181,42,225,0,4,236,55,295,170,10,180,475
05/25/2000,MTN,MD,AEA,EN,Federal Contract Tower,0,0,42,10,52,0,0,251,19,270,0,0,293,29,322,244,6,250,572
05/26/2000,MTN,MD,AEA,EN,Federal Contract Tower,0,0,53,13,66,0,0,287,26,313,0,0,340,39,379,292,8,300,679
05/27/2000,MTN,MD,AEA,EN,Federal Contract Tower,0,0,30,2,32,0,0,156,0,156,0,0,186,2,188,154,0,154,342
05/28/2000,MTN,MD,AEA,EN,Federal Contract Tower,0,0,18,0,18,0,0,51,0,51,0,0,69,0,69,66,0,66,135
05/29/2000,MTN,MD,AEA,EN,Federal Contract Tower,0,0,34,0,34,0,0,126,0,126,0,0,160,0,160,188,0,188,348
05/30/2000,MTN,MD,AEA,EN,Federal Contract Tower,0,1,35,7,43,0,0,237,0,237,0,1,272,7,280,270,14,284,564
05/31/2000,MTN,MD,AEA,EN,Federal Contract Tower,0,1,43,10,54,0,0,278,20,298,0,1,321,30,352,346,10,356,708
06/01/2000,MTN,MD,AEA,EN,Federal Contract Tower,0,2,47,9,58,0,3,240,53,296,0,5,287,62,354,274,4,278,632
06/02/2000,MTN,MD,AEA,EN,Federal Contract Tower,0,1,47,8,56,0,0,172,17,189,0,1,219,25,245,242,8,250,495
06/03/2000,MTN,MD,AEA,EN,Federal Contract Tower,0,0,23,3,26,0,0,202,0,202,0,0,225,3,228,166,2,168,396
06/04/2000,MTN,MD,AEA,EN,Federal Contract Tower,0,0,32,6,38,0,0,177,2,179,0,0,209,8,217,198,0,198,415
06/05/2000,MTN,MD,AEA,EN,Federal Contract Tower,0,0,28,4,32,0,0,172,0,172,0,0,200,4,204,208,2,210,414
06/06/2000,MTN,MD,AEA,EN,Federal Contract Tower,0,0,34,3,37,0,0,33,0,33,0,0,67,3,70,28,0,28,98
06/07/2000,MTN,MD,AEA,EN,Federal Contract Tower,0,2,43,8,53,0,0,246,33,279,0,2,289,41,332,186,0,186,518
06/08/2000,MTN,MD,AEA,EN,Federal Contract Tower,0,1,47,9,57,0,0,191,19,210,0,1,238,28,267,160,6,166,433
06/09/2000,MTN,MD,AEA,EN,Federal Contract Tower,0,1,30,6,37,0,1,211,19,231,0,2,241,25,268,244,6,250,518
06/10/2000,MTN,MD,AEA,EN,Federal Contract Tower,0,0,28,5,33,0,0,225,28,253,0,0,253,33,286,218,2,220,506
06/11/2000,MTN,MD,AEA,EN,Federal Contract Tower,0,0,26,4,30,0,0,168,0,168,0,0,194,4,198,104,0,104,302
06/12/2000,MTN,MD,AEA,EN,Federal Contract Tower,0,1,28,4,33,0,0,109,0,109,0,1,137,4,142,60,0,60,202
06/13/2000,MTN,MD,AEA,EN,Federal Contract Tower,0,0,59,10,69,0,0,36,2,38,0,0,95,12,107,4,0,4,111
06/14/2000,MTN,MD,AEA,EN,Federal Contract Tower,0,0,54,5,59,0,0,6,0,6,0,0,60,5,65,0,0,0,65
06/15/2000,MTN,MD,AEA,EN,Federal Contract Tower,0,0,35,6,41,0,0,49,1,50,0,0,84,7,91,56,2,58,149
06/16/2000,MTN,MD,AEA,EN,Federal Contract Tower,0,0,78,15,93,0,0,159,13,172,0,0,237,28,265,96,0,96,361
06/17/2000,MTN,MD,AEA,EN,Federal Contract Tower,0,0,22,1,23,0,0,244,0,244,0,0,266,1,267,270,0,270,537
06/18/2000,MTN,MD,AEA,EN,Federal Contract Tower,0,0,22,0,22,0,0,73,0,73,0,0,95,0,95,30,0,30,125
06/19/2000,MTN,MD,AEA,EN,Federal Contract Tower,0,0,34,2,36,0,0,190,0,190,0,0,224,2,226,216,2,218,444
06/20/2000,MTN,MD,AEA,EN,Federal Contract Tower,0,0,36,7,43,0,4,281,18,303,0,4,317,25,346,290,6,296,642
06/21/2000,MTN,MD,AEA,EN,Federal Contract Tower,0,0,39,8,47,0,1,115,14,130,0,1,154,22,177,130,4,134,311
06/22/2000,MTN,MD,AEA,EN,Federal Contract Tower,0,1,53,10,64,0,0,135,29,164,0,1,188,39,228,188,14,202,430
06/23/2000,MTN,MD,AEA,EN,Federal Contract Tower,0,0,44,8,52,0,0,330,43,373,0,0,374,51,425,342,8,350,775
06/24/2000,MTN,MD,AEA,EN,Federal Contract Tower,0,0,17,3,20,0,0,238,7,245,0,0,255,10,265,270,8,278,543
06/25/2000,MTN,MD,AEA,EN,Federal Contract Tower,0,0,24,4,28,0,0,192,14,206,0,0,216,18,234,182,0,182,416
06/26/2000,MTN,MD,AEA,EN,Federal Contract Tower,0,0,35,1,36,0,1,148,0,149,0,1,183,1,185,72,0,72,257
06/27/2000,MTN,MD,AEA,EN,Federal Contract Tower,0,1,45,8,54,0,2,143,20,165,0,3,188,28,219,130,8,138,357
06/28/2000,MTN,MD,AEA,EN,Federal Contract Tower,0,1,62,12,75,0,3,88,14,105,0,4,150,26,180,176,4,180,360
06/29/2000,MTN,MD,AEA,EN,Federal Contract Tower,0,1,57,11,69,0,1,143,48,192,0,2,200,59,261,200,4,204,465
06/30/2000,MTN,MD,AEA,EN,Federal Contract Tower,0,0,45,8,53,0,0,359,11,370,0,0,404,19,423,258,22,280,703
07/01/2000,MTN,MD,AEA,EN,Federal Contract Tower,0,0,21,3,24,0,0,235,0,235,0,0,256,3,259,208,0,208,467
07/02/2000,MTN,MD,AEA,EN,Federal Contract Tower,0,0,14,0,14,0,0,197,0,197,0,0,211,0,211,172,6,178,389
07/03/2000,MTN,MD,AEA,EN,Federal Contract Tower,0,1,15,0,16,0,0,148,0,148,0,1,163,0,164,190,0,190,354
07/04/2000,MTN,MD,AEA,EN,Federal Contract Tower,0,1,24,4,29,0,0,69,0,69,0,1,93,4,98,86,8,94,192
07/05/2000,MTN,MD,AEA,EN,Federal Contract Tower,0,2,46,8,56,0,3,267,11,281,0,5,313,19,337,350,8,358,695
07/06/2000,MTN,MD,AEA,EN,Federal Contract Tower,0,0,29,5,34,0,0,285,13,298,0,0,314,18,332,246,0,246,578
07/07/2000,MTN,MD,AEA,EN,Federal Contract Tower,0,1,38,7,46,0,0,242,33,275,0,1,280,40,321,216,0,216,537
07/08/2000,MTN,MD,AEA,EN,Federal Contract Tower,0,0,22,0,22,0,0,292,0,292,0,0,314,0,314,202,2,204,518
07/09/2000,MTN,MD,AEA,EN,Federal Contract Tower,0,0,39,7,46,0,0,169,1,170,0,0,208,8,216,116,2,118,334
07/10/2000,MTN,MD,AEA,EN,Federal Contract Tower,0,0,24,0,24,0,0,84,0,84,0,0,108,0,108,72,20,92,200
07/11/2000,MTN,MD,AEA,EN,Federal Contract Tower,0,0,36,7,43,0,0,217,42,259,0,0,253,49,302,202,6,208,510
07/12/2000,MTN,MD,AEA,EN,Federal Contract Tower,0,2,41,7,50,0,0,262,35,297,0,2,303,42,347,202,4,206,553
07/13/2000,MTN,MD,AEA,EN,Federal Contract Tower,0,2,49,9,60,0,0,177,33,210,0,2,226,42,270,176,0,176,446
07/14/2000,MTN,MD,AEA,EN,Federal Contract Tower,0,0,37,6,43,0,0,123,29,152,0,0,160,35,195,102,8,110,305
07/15/2000,MTN,MD,AEA,EN,Federal Contract Tower,0,1,40,1,42,0,1,41,0,42,0,2,81,1,84,22,2,24,108
07/16/2000,MTN,MD,AEA,EN,Federal Contract Tower,0,0,23,5,28,0,2,53,18,73,0,2,76,23,101,16,2,18,119
07/17/2000,MTN,MD,AEA,EN,Federal Contract Tower,0,0,47,6,53,0,0,165,0,165,0,0,212,6,218,160,0,160,378
07/18/2000,MTN,MD,AEA,EN,Federal Contract Tower,0,1,47,8,56,0,1,219,22,242,0,2,266,30,298,166,18,184,482
07/19/2000,MTN,MD,AEA,EN,Federal Contract Tower,0,1,42,7,50,0,1,125,24,150,0,2,167,31,200,122,0,122,322
07/20/2000,MTN,MD,AEA,EN,Federal Contract Tower,0,0,61,11,72,0,0,247,28,275,0,0,308,39,347,124,12,136,483
07/21/2000,MTN,MD,AEA,EN,Federal Contract Tower,0,1,45,8,54,0,1,175,25,201,0,2,220,33,255,192,4,196,451
07/22/2000,MTN,MD,AEA,EN,Federal Contract Tower,0,0,24,2,26,0,0,223,0,223,0,0,247,2,249,268,0,268,517
07/23/2000,MTN,MD,AEA,EN,Federal Contract Tower,0,0,20,3,23,0,0,210,1,211,0,0,230,4,234,202,0,202,436
07/24/2000,MTN,MD,AEA,EN,Federal Contract Tower,0,1,39,0,40,0,0,136,0,136,0,1,175,0,176,130,0,130,306
07/25/2000,MTN,MD,AEA,EN,Federal Contract Tower,0,1,59,10,70,0,4,169,60,233,0,5,228,70,303,220,0,220,523
07/26/2000,MTN,MD,AEA,EN,Federal Contract Tower,0,0,34,3,37,0,2,9,0,11,0,2,43,3,48,6,0,6,54
07/27/2000,MTN,MD,AEA,EN,Federal Contract Tower,0,1,68,6,75,0,0,118,0,118,0,1,186,6,193,106,2,108,301
07/28/2000,MTN,MD,AEA,EN,Federal Contract Tower,0,0,49,9,58,0,0,108,18,126,0,0,157,27,184,128,8,136,320
07/29/2000,MTN,MD,AEA,EN,Federal Contract Tower,0,0,38,0,38,0,0,193,0,193,0,0,231,0,231,258,0,258,489
07/30/2000,MTN,MD,AEA,EN,Federal Contract Tower,0,0,26,2,28,0,0,44,0,44,0,0,70,2,72,34,0,34,106
07/31/2000,MTN,MD,AEA,EN,Federal Contract Tower,0,0,34,6,40,0,0,175,7,182,0,0,209,13,222,132,0,132,354
08/01/2000,MTN,MD,AEA,EN,Federal Contract Tower,0,1,54,8,63,0,0,106,8,114,0,1,160,16,177,154,12,166,343
08/02/2000,MTN,MD,AEA,EN,Federal Contract Tower,0,2,42,6,50,0,1,177,24,202,0,3,219,30,252,208,14,222,474
08/03/2000,MTN,MD,AEA,EN,Federal Contract Tower,0,1,28,5,34,0,0,104,16,120,0,1,132,21,154,196,4,200,354
08/04/2000,MTN,MD,AEA,EN,Federal Contract Tower,0,2,47,7,56,0,1,180,11,192,0,3,227,18,248,222,10,232,480
08/05/2000,MTN,MD,AEA,EN,Federal Contract Tower,0,0,32,2,34,0,0,288,0,288,0,0,320,2,322,228,0,228,550
08/06/2000,MTN,MD,AEA,EN,Federal Contract Tower,0,0,27,0,27,0,0,92,0,92,0,0,119,0,119,50,0,50,169
08/07/2000,MTN,MD,AEA,EN,Federal Contract Tower,0,1,27,0,28,0,1,114,0,115,0,2,141,0,143,108,0,108,251
08/08/2000,MTN,MD,AEA,EN,Federal Contract Tower,0,0,27,4,31,0,0,166,11,177,0,0,193,15,208,186,2,188,396
08/09/2000,MTN,MD,AEA,EN,Federal Contract Tower,0,2,36,5,43,0,0,153,18,171,0,2,189,23,214,138,30,168,382
08/10/2000,MTN,MD,AEA,EN,Federal Contract Tower,0,0,42,6,48,0,0,203,56,259,0,0,245,62,307,278,2,280,587
08/11/2000,MTN,MD,AEA,EN,Federal Contract Tower,0,2,44,7,53,0,1,205,25,231,0,3,249,32,284,232,6,238,522
08/12/2000,MTN,MD,AEA,EN,Federal Contract Tower,0,0,23,4,27,0,0,201,18,219,0,0,224,22,246,190,4,194,440
08/13/2000,MTN,MD,AEA,EN,Federal Contract Tower,0,2,44,4,50,0,0,142,0,142,0,2,186,4,192,112,0,112,304
08/14/2000,MTN,MD,AEA,EN,Federal Contract Tower,0,0,33,0,33,0,0,63,0,63,0,0,96,0,96,54,0,54,150
08/15/2000,MTN,MD,AEA,EN,Federal Contract Tower,0,0,49,7,56,0,0,198,25,223,0,0,247,32,279,230,12,242,521
08/16/2000,MTN,MD,AEA,EN,Federal Contract Tower,0,0,37,6,43,0,0,212,58,270,0,0,249,64,313,230,4,234,547
08/17/2000,MTN,MD,AEA,EN,Federal Contract Tower,0,0,45,8,53,0,0,284,15,299,0,0,329,23,352,252,22,274,626
08/18/2000,MTN,MD,AEA,EN,Federal Contract Tower,0,0,49,2,51,0,0,72,0,72,0,0,121,2,123,32,0,32,155
08/19/2000,MTN,MD,AEA,EN,Federal Contract Tower,0,0,28,2,30,0,5,256,0,261,0,5,284,2,291,260,0,260,551
08/20/2000,MTN,MD,AEA,EN,Federal Contract Tower,0,0,32,0,32,0,0,193,0,193,0,0,225,0,225,186,0,186,411
08/21/2000,MTN,MD,AEA,EN,Federal Contract Tower,0,0,28,1,29,0,0,172,0,172,0,0,200,1,201,160,2,162,363
08/22/2000,MTN,MD,AEA,EN,Federal Contract Tower,0,0,49,7,56,0,0,207,54,261,0,0,256,61,317,280,0,280,597
08/23/2000,MTN,MD,AEA,EN,Federal Contract Tower,0,1,45,7,53,0,0,137,47,184,0,1,182,54,237,198,12,210,447
08/24/2000,MTN,MD,AEA,EN,Federal Contract Tower,0,1,59,9,69,0,0,92,16,108,0,1,151,25,177,140,14,154,331
08/25/2000,MTN,MD,AEA,EN,Federal Contract Tower,0,1,40,6,47,0,0,203,18,221,0,1,243,24,268,218,4,222,490
08/26/2000,MTN,MD,AEA,EN,Federal Contract Tower,0,0,17,1,18,0,0,267,0,267,0,0,284,1,285,212,0,212,497
08/27/2000,MTN,MD,AEA,EN,Federal Contract Tower,0,0,35,2,37,0,2,92,0,94,0,2,127,2,131,132,0,132,263
08/28/2000,MTN,MD,AEA,EN,Federal Contract Tower,0,1,41,1,43,0,0,88,0,88,0,1,129,1,131,68,6,74,205
08/29/2000,MTN,MD,AEA,EN,Federal Contract Tower,0,1,47,4,52,0,3,16,0,19,0,4,63,4,71,4,8,12,83
08/30/2000,MTN,MD,AEA,EN,Federal Contract Tower,0,0,45,6,51,0,0,45,5,50,0,0,90,11,101,16,4,20,121
08/31/2000,MTN,MD,AEA,EN,Federal Contract Tower,0,1,66,10,77,0,0,77,14,91,0,1,143,24,168,86,10,96,264
09/01/2000,MTN,MD,AEA,EN,Federal Contract Tower,0,3,53,8,64,0,0,101,10,111,0,3,154,18,175,172,0,172,347
09/02/2000,MTN,MD,AEA,EN,Federal Contract Tower,0,0,31,0,31,0,0,27,0,27,0,0,58,0,58,8,0,8,66
09/03/2000,MTN,MD,AEA,EN,Federal Contract Tower,0,0,25,0,25,0,0,74,0,74,0,0,99,0,99,80,0,80,179
09/04/2000,MTN,MD,AEA,EN,Federal Contract Tower,0,0,42,0,42,0,0,84,0,84,0,0,126,0,126,98,0,98,224
09/05/2000,MTN,MD,AEA,EN,Federal Contract Tower,0,1,27,4,32,0,0,162,0,162,0,1,189,4,194,182,4,186,380
09/06/2000,MTN,MD,AEA,EN,Federal Contract Tower,0,2,37,6,45,0,1,247,10,258,0,3,284,16,303,186,8,194,497
09/07/2000,MTN,MD,AEA,EN,Federal Contract Tower,0,2,35,5,42,0,1,217,28,246,0,3,252,33,288,166,6,172,460
09/08/2000,MTN,MD,AEA,EN,Federal Contract Tower,0,2,40,7,49,0,0,199,21,220,0,2,239,28,269,234,0,234,503
09/09/2000,MTN,MD,AEA,EN,Federal Contract Tower,0,0,30,5,35,0,0,294,1,295,0,0,324,6,330,218,0,218,548
09/10/2000,MTN,MD,AEA,EN,Federal Contract Tower,0,0,52,8,60,0,0,275,2,277,0,0,327,10,337,170,0,170,507
09/11/2000,MTN,MD,AEA,EN,Federal Contract Tower,0,0,27,0,27,0,0,145,0,145,0,0,172,0,172,138,4,142,314
09/12/2000,MTN,MD,AEA,EN,Federal Contract Tower,0,0,45,7,52,0,0,152,23,175,0,0,197,30,227,124,6,130,357
09/13/2000,MTN,MD,AEA,EN,Federal Contract Tower,0,1,54,8,63,0,0,184,41,225,0,1,238,49,288,122,10,132,420
09/14/2000,MTN,MD,AEA,EN,Federal Contract Tower,0,3,53,8,64,0,0,181,49,230,0,3,234,57,294,140,6,146,440
09/15/2000,MTN,MD,AEA,EN,Federal Contract Tower,0,1,21,2,24,0,2,194,23,219,0,3,215,25,243,280,16,296,539
09/16/2000,MTN,MD,AEA,EN,Federal Contract Tower,0,0,30,4,34,0,0,279,29,308,0,0,309,33,342,160,22,182,524
09/17/2000,MTN,MD,AEA,EN,Federal Contract Tower,0,1,35,5,41,0,2,217,11,230,0,3,252,16,271,196,2,198,469
09/18/2000,MTN,MD,AEA,EN,Federal Contract Tower,0,1,28,2,31,0,1,157,0,158,0,2,185,2,189,188,0,188,377
09/19/2000,MTN,MD,AEA,EN,Federal Contract Tower,0,3,73,1,77,0,2,10,0,12,0,5,83,1,89,0,0,0,89
09/20/2000,MTN,MD,AEA,EN,Federal Contract Tower,0,0,80,12,92,0,0,243,24,267,0,0,323,36,359,110,20,130,489
09/21/2000,MTN,MD,AEA,EN,Federal Contract Tower,0,0,56,9,65,0,0,200,36,236,0,0,256,45,301,136,18,154,455
09/22/2000,MTN,MD,AEA,EN,Federal Contract Tower,0,3,85,13,101,0,0,384,12,396,0,3,469,25,497,284,24,308,805
09/23/2000,MTN,MD,AEA,EN,Federal Contract Tower,0,2,66,1,69,0,4,46,0,50,0,6,112,1,119,0,0,0,119
09/24/2000,MTN,MD,AEA,EN,Federal Contract Tower,0,4,105,8,117,0,1,47,0,48,0,5,152,8,165,112,0,112,277
09/25/2000,MTN,MD,AEA,EN,Federal Contract Tower,0,1,42,1,44,0,5,24,0,29,0,6,66,1,73,76,0,76,149
09/26/2000,MTN,MD,AEA,EN,Federal Contract Tower,0,1,41,7,49,0,2,27,10,39,0,3,68,17,88,24,0,24,112
09/27/2000,MTN,MD,AEA,EN,Federal Contract Tower,0,1,34,5,40,0,4,204,42,250,0,5,238,47,290,326,8,334,624
09/28/2000,MTN,MD,AEA,EN,Federal Contract Tower,0,0,61,10,71,0,0,232,18,250,0,0,293,28,321,246,12,258,579
09/29/2000,MTN,MD,AEA,EN,Federal Contract Tower,0,0,26,4,30,0,0,217,1,218,0,0,243,5,248,158,14,172,420
09/30/2000,MTN,MD,AEA,EN,Federal Contract Tower,0,1,26,0,27,0,1,255,0,256,0,2,281,0,283,270,0,270,553
10/01/2000,MTN,MD,AEA,EN,Federal Contract Tower,0,1,25,0,26,0,1,144,0,145,0,2,169,0,171,154,0,154,325
10/02/2000,MTN,MD,AEA,EN,Federal Contract Tower,0,0,20,3,23,0,0,165,0,165,0,0,185,3,188,196,18,214,402
10/03/2000,MTN,MD,AEA,EN,Federal Contract Tower,0,2,38,7,47,0,0,197,30,227,0,2,235,37,274,246,2,248,522
10/04/2000,MTN,MD,AEA,EN,Federal Contract Tower,0,2,43,9,54,0,1,246,13,260,0,3,289,22,314,248,20,268,582
10/05/2000,MTN,MD,AEA,EN,Federal Contract Tower,0,0,74,13,87,0,0,103,0,103,0,0,177,13,190,86,0,86,276
10/06/2000,MTN,MD,AEA,EN,Federal Contract Tower,0,2,70,7,79,0,5,38,0,43,0,7,108,7,122,40,2,42,164
10/07/2000,MTN,MD,AEA,EN,Federal Contract Tower,0,0,17,0,17,0,0,190,0,190,0,0,207,0,207,160,0,160,367
10/08/2000,MTN,MD,AEA,EN,Federal Contract Tower,0,1,20,0,21,0,2,160,0,162,0,3,180,0,183,96,0,96,279
10/09/2000,MTN,MD,AEA,EN,Federal Contract Tower,0,0,19,0,19,0,0,170,0,170,0,0,189,0,189,126,0,126,315
10/10/2000,MTN,MD,AEA,EN,Federal Contract Tower,0,0,26,0,26,0,0,152,0,152,0,0,178,0,178,138,6,144,322
10/11/2000,MTN,MD,AEA,EN,Federal Contract Tower,0,0,42,8,50,0,0,218,39,257,0,0,260,47,307,184,12,196,503
10/12/2000,MTN,MD,AEA,EN,Federal Contract Tower,0,0,47,9,56,0,0,238,26,264,0,0,285,35,320,152,10,162,482
10/13/2000,MTN,MD,AEA,EN,Federal Contract Tower,0,0,29,6,35,0,0,232,22,254,0,0,261,28,289,166,6,172,461
10/14/2000,MTN,MD,AEA,EN,Federal Contract Tower,0,0,25,5,30,0,0,263,5,268,0,0,288,10,298,206,0,206,504
10/15/2000,MTN,MD,AEA,EN,Federal Contract Tower,0,0,26,3,29,0,0,236,0,236,0,0,262,3,265,280,0,280,545
10/16/2000,MTN,MD,AEA,EN,Federal Contract Tower,0,0,29,4,33,0,0,146,0,146,0,0,175,4,179,138,4,142,321
10/17/2000,MTN,MD,AEA,EN,Federal Contract Tower,0,1,44,10,55,0,1,63,4,68,0,2,107,14,123,108,8,116,239
10/18/2000,MTN,MD,AEA,EN,Federal Contract Tower,0,0,40,8,48,0,0,64,6,70,0,0,104,14,118,66,6,72,190
10/19/2000,MTN,MD,AEA,EN,Federal Contract Tower,0,1,52,11,64,0,2,187,20,209,0,3,239,31,273,126,12,138,411
10/20/2000,MTN,MD,AEA,EN,Federal Contract Tower,0,1,38,7,46,0,3,211,3,217,0,4,249,10,263,182,0,182,445
10/21/2000,MTN,MD,AEA,EN,Federal Contract Tower,0,1,42,8,51,0,1,249,16,266,0,2,291,24,317,284,0,284,601
10/22/2000,MTN,MD,AEA,EN,Federal Contract Tower,0,0,26,5,31,0,0,277,1,278,0,0,303,6,309,206,6,212,521
10/23/2000,MTN,MD,AEA,EN,Federal Contract Tower,0,0,31,2,33,0,2,220,0,222,0,2,251,2,255,212,0,212,467
10/24/2000,MTN,MD,AEA,EN,Federal Contract Tower,0,1,44,9,54,0,0,157,23,180,0,1,201,32,234,232,10,242,476
10/25/2000,MTN,MD,AEA,EN,Federal Contract Tower,0,1,46,9,56,0,0,164,20,184,0,1,210,29,240,236,6,242,482
10/26/2000,MTN,MD,AEA,EN,Federal Contract Tower,0,0,53,11,64,0,0,42,11,53,0,0,95,22,117,94,2,96,213
10/27/2000,MTN,MD,AEA,EN,Federal Contract Tower,0,0,39,7,46,0,0,175,41,216,0,0,214,48,262,224,4,228,490
10/28/2000,MTN,MD,AEA,EN,Federal Contract Tower,0,0,16,0,16,0,0,104,0,104,0,0,120,0,120,60,0,60,180
10/29/2000,MTN,MD,AEA,EN,Federal Contract Tower,0,0,26,6,32,0,0,157,2,159,0,0,183,8,191,132,0,132,323
10/30/2000,MTN,MD,AEA,EN,Federal Contract Tower,0,0,24,5,29,0,0,156,1,157,0,0,180,6,186,66,0,66,252
10/31/2000,MTN,MD,AEA,EN,Federal Contract Tower,0,0,35,8,43,0,0,131,22,153,0,0,166,30,196,116,2,118,314
11/01/2000,MTN,MD,AEA,EN,Federal Contract Tower,0,2,49,11,62,0,0,145,2,147,0,2,194,13,209,128,10,138,347
11/02/2000,MTN,MD,AEA,EN,Federal Contract Tower,0,2,40,8,50,0,0,201,28,229,0,2,241,36,279,238,2,240,519
11/03/2000,MTN,MD,AEA,EN,Federal Contract Tower,0,0,33,6,39,0,0,261,8,269,0,0,294,14,308,168,8,176,484
11/04/2000,MTN,MD,AEA,EN,Federal Contract Tower,0,0,27,6,33,0,0,247,5,252,0,0,274,11,285,236,0,236,521
11/05/2000,MTN,MD,AEA,EN,Federal Contract Tower,0,0,17,0,17,0,0,169,0,169,0,0,186,0,186,76,2,78,264
11/06/2000,MTN,MD,AEA,EN,Federal Contract Tower,0,1,20,0,21,0,1,186,0,187,0,2,206,0,208,180,2,182,390
11/07/2000,MTN,MD,AEA,EN,Federal Contract Tower,0,0,37,8,45,0,0,120,0,120,0,0,157,8,165,182,6,188,353
11/08/2000,MTN,MD,AEA,EN,Federal Contract Tower,0,2,43,8,53,0,0,204,0,204,0,2,247,8,257,198,6,204,461
11/09/2000,MTN,MD,AEA,EN,Federal Contract Tower,0,2,42,6,50,0,0,53,0,53,0,2,95,6,103,70,4,74,177
11/10/2000,MTN,MD,AEA,EN,Federal Contract Tower,0,1,24,0,25,0,0,131,0,131,0,1,155,0,156,14,2,16,172
11/11/2000,MTN,MD,AEA,EN,Federal Contract Tower,0,0,16,1,17,0,0,76,0,76,0,0,92,1,93,62,0,62,155
11/12/2000,MTN,MD,AEA,EN,Federal Contract Tower,0,0,30,2,32,0,0,217,0,217,0,0,247,2,249,174,2,176,425
11/13/2000,MTN,MD,AEA,EN,Federal Contract Tower,0,0,28,2,30,0,0,77,0,77,0,0,105,2,107,132,0,132,239
11/14/2000,MTN,MD,AEA,EN,Federal Contract Tower,0,1,31,6,38,0,0,119,0,119,0,1,150,6,157,0,0,0,157
11/15/2000,MTN,MD,AEA,EN,Federal Contract Tower,0,1,40,8,49,0,1,139,5,145,0,2,179,13,194,94,16,110,304
11/16/2000,MTN,MD,AEA,EN,Federal Contract Tower,0,0,46,8,54,0,0,173,0,173,0,0,219,8,227,72,0,72,299
11/17/2000,MTN,MD,AEA,EN,Federal Contract Tower,0,1,33,3,37,0,0,124,0,124,0,1,157,3,161,68,0,68,229
11/18/2000,MTN,MD,AEA,EN,Federal Contract Tower,0,1,34,0,35,0,0,197,0,197,0,1,231,0,232,154,0,154,386
11/19/2000,MTN,MD,AEA,EN,Federal Contract Tower,0,0,29,5,34,0,0,124,0,124,0,0,153,5,158,120,0,120,278
11/20/2000,MTN,MD,AEA,EN,Federal Contract Tower,0,0,40,8,48,0,0,92,9,101,0,0,132,17,149,86,6,92,241
11/21/2000,MTN,MD,AEA,EN,Federal Contract Tower,0,0,32,6,38,0,0,106,9,115,0,0,138,15,153,58,6,64,217
11/22/2000,MTN,MD,AEA,EN,Federal Contract Tower,0,1,42,8,51,0,2,155,7,164,0,3,197,15,215,114,0,114,329
11/23/2000,MTN,MD,AEA,EN,Federal Contract Tower,0,0,11,0,11,0,1,62,0,63,0,1,73,0,74,30,0,30,104
11/24/2000,MTN,MD,AEA,EN,Federal Contract Tower,0,0,18,0,18,0,1,216,0,217,0,1,234,0,235,134,0,134,369
11/25/2000,MTN,MD,AEA,EN,Federal Contract Tower,0,0,11,0,11,0,0,80,0,80,0,0,91,0,91,160,0,160,251
11/26/2000,MTN,MD,AEA,EN,Federal Contract Tower,0,1,38,0,39,0,1,117,0,118,0,2,155,0,157,110,0,110,267
11/27/2000,MTN,MD,AEA,EN,Federal Contract Tower,0,1,34,0,35,0,4,145,0,149,0,5,179,0,184,62,10,72,256
11/28/2000,MTN,MD,AEA,EN,Federal Contract Tower,0,1,47,10,58,0,1,183,17,201,0,2,230,27,259,116,18,134,393
11/29/2000,MTN,MD,AEA,EN,Federal Contract Tower,0,1,35,7,43,0,1,149,11,161,0,2,184,18,204,106,8,114,318
11/30/2000,MTN,MD,AEA,EN,Federal Contract Tower,0,1,38,8,47,0,2,71,25,98,0,3,109,33,145,32,12,44,189
12/01/2000,MTN,MD,AEA,EN,Federal Contract Tower,0,1,36,10,47,0,0,169,16,185,0,1,205,26,232,144,16,160,392
12/02/2000,MTN,MD,AEA,EN,Federal Contract Tower,0,1,25,7,33,0,0,265,29,294,0,1,290,36,327,214,46,260,587
12/03/2000,MTN,MD,AEA,EN,Federal Contract Tower,0,0,18,5,23,0,0,191,2,193,0,0,209,7,216,188,0,188,404
12/04/2000,MTN,MD,AEA,EN,Federal Contract Tower,0,0,21,3,24,0,0,161,0,161,0,0,182,3,185,148,4,152,337
12/05/2000,MTN,MD,AEA,EN,Federal Contract Tower,0,0,40,11,51,0,0,157,24,181,0,0,197,35,232,102,10,112,344
12/06/2000,MTN,MD,AEA,EN,Federal Contract Tower,0,0,37,11,48,0,0,156,19,175,0,0,193,30,223,120,14,134,357
12/07/2000,MTN,MD,AEA,EN,Federal Contract Tower,0,2,39,11,52,0,0,82,29,111,0,2,121,40,163,74,12,86,249
12/08/2000,MTN,MD,AEA,EN,Federal Contract Tower,0,2,27,8,37,0,0,175,2,177,0,2,202,10,214,116,4,120,334
12/09/2000,MTN,MD,AEA,EN,Federal Contract Tower,0,1,16,4,21,0,0,280,0,280,0,1,296,4,301,218,2,220,521
12/10/2000,MTN,MD,AEA,EN,Federal Contract Tower,0,0,17,2,19,0,0,105,0,105,0,0,122,2,124,128,0,128,252
12/11/2000,MTN,MD,AEA,EN,Federal Contract Tower,0,1,26,2,29,0,0,22,0,22,0,1,48,2,51,6,0,6,57
12/12/2000,MTN,MD,AEA,EN,Federal Contract Tower,0,0,21,7,28,0,0,22,17,39,0,0,43,24,67,4,0,4,71
12/13/2000,MTN,MD,AEA,EN,Federal Contract Tower,0,1,35,10,46,0,0,118,19,137,0,1,153,29,183,102,4,106,289
12/14/2000,MTN,MD,AEA,EN,Federal Contract Tower,0,1,29,8,38,0,0,118,37,155,0,1,147,45,193,30,0,30,223
12/15/2000,MTN,MD,AEA,EN,Federal Contract Tower,0,2,34,4,40,0,1,246,0,247,0,3,280,4,287,156,6,162,449
12/16/2000,MTN,MD,AEA,EN,Federal Contract Tower,0,0,11,0,11,0,0,9,0,9,0,0,20,0,20,0,0,0,20
12/17/2000,MTN,MD,AEA,EN,Federal Contract Tower,0,0,6,0,6,0,0,10,0,10,0,0,16,0,16,2,0,2,18
12/18/2000,MTN,MD,AEA,EN,Federal Contract Tower,0,1,33,0,34,0,1,167,0,168,0,2,200,0,202,112,2,114,316
12/19/2000,MTN,MD,AEA,EN,Federal Contract Tower,0,0,29,8,37,0,0,43,2,45,0,0,72,10,82,62,6,68,150
12/20/2000,MTN,MD,AEA,EN,Federal Contract Tower,0,1,27,7,35,0,0,115,5,120,0,1,142,12,155,42,6,48,203
12/21/2000,MTN,MD,AEA,EN,Federal Contract Tower,0,1,44,12,57,0,4,216,32,252,0,5,260,44,309,154,24,178,487
12/22/2000,MTN,MD,AEA,EN,Federal Contract Tower,0,0,27,7,34,0,0,67,2,69,0,0,94,9,103,14,0,14,117
12/23/2000,MTN,MD,AEA,EN,Federal Contract Tower,0,0,14,0,14,0,0,169,0,169,0,0,183,0,183,254,0,254,437
12/24/2000,MTN,MD,AEA,EN,Federal Contract Tower,0,0,9,0,9,0,2,96,0,98,0,2,105,0,107,118,0,118,225
12/25/2000,MTN,MD,AEA,EN,Federal Contract Tower,0,0,6,0,6,0,2,20,0,22,0,2,26,0,28,6,0,6,34
12/26/2000,MTN,MD,AEA,EN,Federal Contract Tower,0,0,21,0,21,0,3,198,0,201,0,3,219,0,222,130,0,130,352
12/27/2000,MTN,MD,AEA,EN,Federal Contract Tower,0,1,25,7,33,0,1,107,16,124,0,2,132,23,157,80,14,94,251
12/28/2000,MTN,MD,AEA,EN,Federal Contract Tower,0,1,31,8,40,0,1,140,21,162,0,2,171,29,202,84,0,84,286
12/29/2000,MTN,MD,AEA,EN,Federal Contract Tower,0,0,24,6,30,0,0,135,12,147,0,0,159,18,177,122,2,124,301
12/30/2000,MTN,MD,AEA,EN,Federal Contract Tower,0,0,4,0,4,0,0,83,0,83,0,0,87,0,87,114,0,114,201
12/31/2000,MTN,MD,AEA,EN,Federal Contract Tower,0,0,16,4,20,0,2,34,4,40,0,2,50,8,60,2,0,2,62
01/01/2001,MTN,MD,AEA,EN,Federal Contract Tower,0,0,18,0,18,0,0,107,0,107,0,0,125,0,125,72,0,72,197
01/02/2001,MTN,MD,AEA,EN,Federal Contract Tower,0,0,14,0,14,0,0,88,0,88,0,0,102,0,102,34,6,40,142
01/03/2001,MTN,MD,AEA,EN,Federal Contract Tower,0,2,31,7,40,0,0,200,23,223,0,2,231,30,263,188,8,196,459
01/04/2001,MTN,MD,AEA,EN,Federal Contract Tower,0,4,45,10,59,0,2,144,20,166,0,6,189,30,225,110,4,114,339
01/05/2001,MTN,MD,AEA,EN,Federal Contract Tower,0,0,12,0,12,0,0,27,0,27,0,0,39,0,39,58,0,58,97
01/06/2001,MTN,MD,AEA,EN,Federal Contract Tower,0,0,4,1,5,0,0,96,4,100,0,0,100,5,105,136,0,136,241
01/07/2001,MTN,MD,AEA,EN,Federal Contract Tower,0,2,26,6,34,0,0,218,2,220,0,2,244,8,254,216,10,226,480
01/08/2001,MTN,MD,AEA,EN,Federal Contract Tower,0,0,21,1,22,0,0,13,0,13,0,0,34,1,35,2,0,2,37
01/09/2001,MTN,MD,AEA,EN,Federal Contract Tower,0,1,24,6,31,0,0,134,30,164,0,1,158,36,195,78,2,80,275
01/10/2001,MTN,MD,AEA,EN,Federal Contract Tower,0,3,50,12,65,0,0,119,28,147,0,3,169,40,212,80,20,100,312
01/11/2001,MTN,MD,AEA,EN,Federal Contract Tower,0,3,47,11,61,0,0,177,32,209,0,3,224,43,270,118,12,130,400
01/12/2001,MTN,MD,AEA,EN,Federal Contract Tower,0,1,40,10,51,0,0,148,7,155,0,1,188,17,206,168,6,174,380
01/13/2001,MTN,MD,AEA,EN,Federal Contract Tower,0,0,19,0,19,0,0,269,0,269,0,0,288,0,288,278,0,278,566
01/14/2001,MTN,MD,AEA,EN,Federal Contract Tower,0,0,15,2,17,0,0,150,0,150,0,0,165,2,167,126,0,126,293
01/15/2001,MTN,MD,AEA,EN,Federal Contract Tower,0,2,17,0,19,0,0,2,0,2,0,2,19,0,21,0,0,0,21
01/16/2001,MTN,MD,AEA,EN,Federal Contract Tower,0,1,27,2,30,0,2,98,0,100,0,3,125,2,130,68,0,68,198
01/17/2001,MTN,MD,AEA,EN,Federal Contract Tower,0,1,43,10,54,0,0,152,25,177,0,1,195,35,231,114,18,132,363
01/18/2001,MTN,MD,AEA,EN,Federal Contract Tower,0,0,18,4,22,0,0,11,8,19,0,0,29,12,41,18,0,18,59
01/19/2001,MTN,MD,AEA,EN,Federal Contract Tower,0,1,23,2,26,0,1,2,0,3,0,2,25,2,29,0,0,0,29
01/20/2001,MTN,MD,AEA,EN,Federal Contract Tower,0,0,3,1,4,0,2,0,0,2,0,2,3,1,6,0,0,0,6
01/21/2001,MTN,MD,AEA,EN,Federal Contract Tower,0,1,28,7,36,0,1,60,7,68,0,2,88,14,104,52,0,52,156
01/22/2001,MTN,MD,AEA,EN,Federal Contract Tower,0,2,38,0,40,0,4,156,0,160,0,6,194,0,200,74,4,78,278
01/23/2001,MTN,MD,AEA,EN,Federal Contract Tower,0,0,39,9,48,0,0,125,19,144,0,0,164,28,192,100,4,104,296
01/24/2001,MTN,MD,AEA,EN,Federal Contract Tower,0,0,36,8,44,0,0,146,21,167,0,0,182,29,211,174,12,186,397
01/25/2001,MTN,MD,AEA,EN,Federal Contract Tower,0,0,41,10,51,0,0,181,41,222,0,0,222,51,273,62,4,66,339
01/26/2001,MTN,MD,AEA,EN,Federal Contract Tower,0,0,34,7,41,0,0,183,3,186,0,0,217,10,227,140,2,142,369
01/27/2001,MTN,MD,AEA,EN,Federal Contract Tower,0,1,18,0,19,0,3,144,0,147,0,4,162,0,166,144,2,146,312
01/28/2001,MTN,MD,AEA,EN,Federal Contract Tower,0,1,18,4,23,0,4,212,0,216,0,5,230,4,239,160,2,162,401
01/29/2001,MTN,MD,AEA,EN,Federal Contract Tower,0,3,51,1,55,0,4,128,0,132,0,7,179,1,187,50,0,50,237
01/30/2001,MTN,MD,AEA,EN,Federal Contract Tower,0,0,14,4,18,0,3,23,2,28,0,3,37,6,46,30,0,30,76
01/31/2001,MTN,MD,AEA,EN,Federal Contract Tower,0,2,34,8,44,0,0,162,43,205,0,2,196,51,249,66,4,70,319
02/01/2001,MTN,MD,AEA,EN,Federal Contract Tower,0,1,29,8,38,0,0,154,39,193,0,1,183,47,231,132,10,142,373
02/02/2001,MTN,MD,AEA,EN,Federal Contract Tower,0,2,23,6,31,0,2,155,17,174,0,4,178,23,205,60,6,66,271
02/03/2001,MTN,MD,AEA,EN,Federal Contract Tower,0,0,20,1,21,0,0,242,0,242,0,0,262,1,263,180,10,190,453
02/04/2001,MTN,MD,AEA,EN,Federal Contract Tower,0,1,14,1,16,0,0,169,0,169,0,1,183,1,185,156,8,164,349
02/05/2001,MTN,MD,AEA,EN,Federal Contract Tower,0,1,15,0,16,0,0,23,0,23,0,1,38,0,39,8,0,8,47
02/06/2001,MTN,MD,AEA,EN,Federal Contract Tower,0,3,35,9,47,0,1,184,52,237,0,4,219,61,284,50,4,54,338
02/07/2001,MTN,MD,AEA,EN,Federal Contract Tower,0,4,46,12,62,0,0,262,19,281,0,4,308,31,343,152,20,172,515
02/08/2001,MTN,MD,AEA,EN,Federal Contract Tower,0,2,41,11,54,0,0,186,25,211,0,2,227,36,265,144,6,150,415
02/09/2001,MTN,MD,AEA,EN,Federal Contract Tower,0,0,58,16,74,0,0,157,0,157,0,0,215,16,231,154,6,160,391
02/10/2001,MTN,MD,AEA,EN,Federal Contract Tower,0,0,17,4,21,0,0,26,30,56,0,0,43,34,77,16,0,16,93
02/11/2001,MTN,MD,AEA,EN,Federal Contract Tower,0,2,24,1,27,0,3,182,0,185,0,5,206,1,212,144,0,144,356
02/12/2001,MTN,MD,AEA,EN,Federal Contract Tower,0,0,21,0,21,0,0,170,0,170,0,0,191,0,191,150,0,150,341
02/13/2001,MTN,MD,AEA,EN,Federal Contract Tower,0,3,33,7,43,0,4,136,31,171,0,7,169,38,214,178,2,180,394
02/14/2001,MTN,MD,AEA,EN,Federal Contract Tower,0,2,28,3,33,0,3,51,0,54,0,5,79,3,87,0,0,0,87
02/15/2001,MTN,MD,AEA,EN,Federal Contract Tower,0,2,51,12,65,0,0,47,6,53,0,2,98,18,118,40,0,40,158
02/16/2001,MTN,MD,AEA,EN,Federal Contract Tower,0,2,34,2,38,0,0,32,0,32,0,2,66,2,70,30,0,30,100
02/17/2001,MTN,MD,AEA,EN,Federal Contract Tower,0,1,16,2,19,0,1,90,0,91,0,2,106,2,110,44,0,44,154
02/18/2001,MTN,MD,AEA,EN,Federal Contract Tower,0,0,24,1,25,0,0,269,0,269,0,0,293,1,294,276,0,276,570
02/19/2001,MTN,MD,AEA,EN,Federal Contract Tower,0,1,28,0,29,0,1,231,0,232,0,2,259,0,261,110,2,112,373
02/20/2001,MTN,MD,AEA,EN,Federal Contract Tower,0,0,28,7,35,0,0,191,13,204,0,0,219,20,239,124,4,128,367
02/21/2001,MTN,MD,AEA,EN,Federal Contract Tower,0,0,44,12,56,0,0,96,27,123,0,0,140,39,179,48,6,54,233
02/22/2001,MTN,MD,AEA,EN,Federal Contract Tower,0,0,14,4,18,0,0,34,2,36,0,0,48,6,54,46,0,46,100
02/23/2001,MTN,MD,AEA,EN,Federal Contract Tower,0,0,38,10,48,0,0,112,9,121,0,0,150,19,169,116,12,128,297
02/24/2001,MTN,MD,AEA,EN,Federal Contract Tower,0,1,25,5,31,0,1,301,0,302,0,2,326,5,333,286,2,288,621
02/25/2001,MTN,MD,AEA,EN,Federal Contract Tower,0,1,22,5,28,0,1,5,0,6,0,2,27,5,34,26,0,26,60
02/26/2001,MTN,MD,AEA,EN,Federal Contract Tower,0,1,29,0,30,0,1,187,0,188,0,2,216,0,218,116,0,116,334
02/27/2001,MTN,MD,AEA,EN,Federal Contract Tower,0,1,37,10,48,0,0,199,9,208,0,1,236,19,256,138,6,144,400
02/28/2001,MTN,MD,AEA,EN,Federal Contract Tower,0,2,34,9,45,0,4,130,19,153,0,6,164,28,198,132,12,144,342
03/01/2001,MTN,MD,AEA,EN,Federal Contract Tower,0,2,45,10,57,0,1,116,21,138,0,3,161,31,195,116,0,116,311
03/02/2001,MTN,MD,AEA,EN,Federal Contract Tower,0,0,42,10,52,0,0,213,15,228,0,0,255,25,280,156,6,162,442
03/03/2001,MTN,MD,AEA,EN,Federal Contract Tower,0,2,31,0,33,0,1,306,0,307,0,3,337,0,340,236,2,238,578
03/04/2001,MTN,MD,AEA,EN,Federal Contract Tower,0,1,21,2,24,0,0,3,0,3,0,1,24,2,27,0,0,0,27
03/05/2001,MTN,MD,AEA,EN,Federal Contract Tower,0,0,11,0,11,0,0,19,0,19,0,0,30,0,30,2,0,2,32
03/06/2001,MTN,MD,AEA,EN,Federal Contract Tower,0,1,16,4,21,0,2,15,10,27,0,3,31,14,48,4,4,8,56
03/07/2001,MTN,MD,AEA,EN,Federal Contract Tower,0,2,42,10,54,0,0,107,22,129,0,2,149,32,183,124,6,130,313
03/08/2001,MTN,MD,AEA,EN,Federal Contract Tower,0,2,38,8,48,0,1,197,63,261,0,3,235,71,309,152,2,154,463
03/09/2001,MTN,MD,AEA,EN,Federal Contract Tower,0,1,32,7,40,0,0,103,9,112,0,1,135,16,152,36,6,42,194
03/10/2001,MTN,MD,AEA,EN,Federal Contract Tower,0,1,30,7,38,0,0,165,1,166,0,1,195,8,204,96,4,100,304
03/11/2001,MTN,MD,AEA,EN,Federal Contract Tower,0,2,29,5,36,0,0,216,0,216,0,2,245,5,252,186,6,192,444
03/12/2001,MTN,MD,AEA,EN,Federal Contract Tower,0,1,15,4,20,0,0,228,4,232,0,1,243,8,252,276,14,290,542
03/13/2001,MTN,MD,AEA,EN,Federal Contract Tower,0,1,39,9,49,0,0,31,2,33,0,1,70,11,82,20,0,20,102
03/14/2001,MTN,MD,AEA,EN,Federal Contract Tower,0,2,44,10,56,0,1,108,14,123,0,3,152,24,179,66,2,68,247
03/15/2001,MTN,MD,AEA,EN,Federal Contract Tower,0,0,51,11,62,0,0,78,11,89,0,0,129,22,151,94,6,100,251
03/16/2001,MTN,MD,AEA,EN,Federal Contract Tower,0,0,37,1,38,0,0,92,0,92,0,0,129,1,130,126,0,126,256
03/17/2001,MTN,MD,AEA,EN,Federal Contract Tower,0,0,73,8,81,0,0,24,0,24,0,0,97,8,105,0,0,0,105
03/18/2001,MTN,MD,AEA,EN,Federal Contract Tower,0,0,39,8,47,0,0,139,6,145,0,0,178,14,192,56,2,58,250
03/19/2001,MTN,MD,AEA,EN,Federal Contract Tower,0,1,27,0,28,0,3,203,0,206,0,4,230,0,234,188,0,188,422
03/20/2001,MTN,MD,AEA,EN,Federal Contract Tower,0,1,50,12,63,0,3,228,28,259,0,4,278,40,322,276,4,280,602
03/21/2001,MTN,MD,AEA,EN,Federal Contract Tower,0,0,23,0,23,0,2,7,0,9,0,2,30,0,32,0,0,0,32
03/22/2001,MTN,MD,AEA,EN,Federal Contract Tower,0,0,30,2,32,0,0,87,0,87,0,0,117,2,119,0,0,0,119
03/23/2001,MTN,MD,AEA,EN,Federal Contract Tower,0,0,17,4,21,0,0,126,1,127,0,0,143,5,148,52,4,56,204
03/24/2001,MTN,MD,AEA,EN,Federal Contract Tower,0,0,12,0,12,0,0,189,0,189,0,0,201,0,201,208,0,208,409
03/25/2001,MTN,MD,AEA,EN,Federal Contract Tower,0,0,31,0,31,0,0,211,0,211,0,0,242,0,242,216,0,216,458
03/26/2001,MTN,MD,AEA,EN,Federal Contract Tower,0,0,18,0,18,0,0,121,0,121,0,0,139,0,139,88,2,90,229
03/27/2001,MTN,MD,AEA,EN,Federal Contract Tower,0,0,25,6,31,0,0,196,2,198,0,0,221,8,229,122,0,122,351
03/28/2001,MTN,MD,AEA,EN,Federal Contract Tower,0,1,36,8,45,0,2,268,17,287,0,3,304,25,332,324,0,324,656
03/29/2001,MTN,MD,AEA,EN,Federal Contract Tower,0,0,26,5,31,0,0,50,0,50,0,0,76,5,81,54,2,56,137
03/30/2001,MTN,MD,AEA,EN,Federal Contract Tower,0,1,36,3,40,0,2,64,0,66,0,3,100,3,106,48,0,48,154
03/31/2001,MTN,MD,AEA,EN,Federal Contract Tower,0,0,38,5,43,0,0,164,0,164,0,0,202,5,207,340,0,340,547
04/01/2001,MTN,MD,AEA,EN,Federal Contract Tower,0,2,49,2,53,0,0,148,0,148,0,2,197,2,201,260,16,276,477
04/02/2001,MTN,MD,AEA,EN,Federal Contract Tower,0,4,38,2,44,0,0,117,4,121,0,4,155,6,165,136,6,142,307
04/03/2001,MTN,MD,AEA,EN,Federal Contract Tower,0,0,33,1,34,0,0,222,22,244,0,0,255,23,278,192,10,202,480
04/04/2001,MTN,MD,AEA,EN,Federal Contract Tower,0,1,38,2,41,0,0,215,8,223,0,1,253,10,264,152,2,154,418
04/05/2001,MTN,MD,AEA,EN,Federal Contract Tower,0,3,40,14,57,0,0,266,19,285,0,3,306,33,342,230,0,230,572
04/06/2001,MTN,MD,AEA,EN,Federal Contract Tower,0,3,33,4,40,0,0,94,10,104,0,3,127,14,144,82,0,82,226
04/07/2001,MTN,MD,AEA,EN,Federal Contract Tower,0,0,58,3,61,0,0,39,0,39,0,0,97,3,100,86,2,88,188
04/08/2001,MTN,MD,AEA,EN,Federal Contract Tower,0,3,44,4,51,0,0,77,0,77,0,3,121,4,128,56,0,56,184
04/09/2001,MTN,MD,AEA,EN,Federal Contract Tower,0,0,37,1,38,0,0,145,0,145,0,0,182,1,183,180,0,180,363
04/10/2001,MTN,MD,AEA,EN,Federal Contract Tower,0,2,41,8,51,0,0,166,14,180,0,2,207,22,231,240,22,262,493
04/11/2001,MTN,MD,AEA,EN,Federal Contract Tower,0,0,56,0,56,0,0,3,0,3,0,0,59,0,59,0,0,0,59
04/12/2001,MTN,MD,AEA,EN,Federal Contract Tower,0,0,50,7,57,0,0,69,5,74,0,0,119,12,131,132,0,132,263
04/13/2001,MTN,MD,AEA,EN,Federal Contract Tower,0,2,41,12,55,0,0,212,4,216,0,2,253,16,271,228,0,228,499
04/14/2001,MTN,MD,AEA,EN,Federal Contract Tower,0,5,37,0,42,0,0,353,0,353,0,5,390,0,395,214,0,214,609
04/15/2001,MTN,MD,AEA,EN,Federal Contract Tower,0,1,36,0,37,0,0,157,0,157,0,1,193,0,194,184,0,184,378
04/16/2001,MTN,MD,AEA,EN,Federal Contract Tower,0,0,49,3,52,0,0,93,0,93,0,0,142,3,145,194,0,194,339
04/17/2001,MTN,MD,AEA,EN,Federal Contract Tower,0,3,30,19,52,0,0,123,9,132,0,3,153,28,184,102,12,114,298
04/18/2001,MTN,MD,AEA,EN,Federal Contract Tower,0,3,43,21,67,0,0,73,8,81,0,3,116,29,148,80,14,94,242
04/19/2001,MTN,MD,AEA,EN,Federal Contract Tower,0,2,43,13,58,0,0,219,49,268,0,2,262,62,326,206,0,206,532
04/20/2001,MTN,MD,AEA,EN,Federal Contract Tower,0,0,32,13,45,0,0,201,8,209,0,0,233,21,254,278,10,288,542
04/21/2001,MTN,MD,AEA,EN,Federal Contract Tower,0,1,33,12,46,0,0,201,23,224,0,1,234,35,270,276,0,276,546
04/22/2001,MTN,MD,AEA,EN,Federal Contract Tower,0,0,28,2,30,0,0,222,0,222,0,0,250,2,252,182,0,182,434
04/23/2001,MTN,MD,AEA,EN,Federal Contract Tower,0,2,31,0,33,0,0,217,0,217,0,2,248,0,250,210,8,218,468
04/24/2001,MTN,MD,AEA,EN,Federal Contract Tower,0,3,36,20,59,0,0,131,15,146,0,3,167,35,205,178,8,186,391
04/25/2001,MTN,MD,AEA,EN,Federal Contract Tower,0,2,37,18,57,0,0,260,31,291,0,2,297,49,348,246,2,248,596
04/26/2001,MTN,MD,AEA,EN,Federal Contract Tower,0,5,26,35,66,0,0,272,25,297,0,5,298,60,363,238,10,248,611
04/27/2001,MTN,MD,AEA,EN,Federal Contract Tower,0,0,40,10,50,0,0,223,36,259,0,0,263,46,309,168,4,172,481
04/28/2001,MTN,MD,AEA,EN,Federal Contract Tower,0,0,18,5,23,0,0,211,0,211,0,0,229,5,234,262,0,262,496
04/29/2001,MTN,MD,AEA,EN,Federal Contract Tower,0,0,31,2,33,0,0,274,1,275,0,0,305,3,308,272,0,272,580
04/30/2001,MTN,MD,AEA,EN,Federal Contract Tower,0,0,45,1,46,0,0,172,0,172,0,0,217,1,218,202,2,204,422
05/01/2001,MTN,MD,AEA,EN,Federal Contract Tower,0,2,31,14,47,0,0,200,31,231,0,2,231,45,278,234,12,246,524
05/02/2001,MTN,MD,AEA,EN,Federal Contract Tower,0,2,36,18,56,0,0,239,12,251,0,2,275,30,307,322,8,330,637
05/03/2001,MTN,MD,AEA,EN,Federal Contract Tower,0,0,49,11,60,0,0,223,25,248,0,0,272,36,308,262,6,268,576
05/04/2001,MTN,MD,AEA,EN,Federal Contract Tower,0,2,36,5,43,0,0,191,13,204,0,2,227,18,247,218,6,224,471
05/05/2001,MTN,MD,AEA,EN,Federal Contract Tower,0,0,29,13,42,0,0,216,26,242,0,0,245,39,284,248,10,258,542
05/06/2001,MTN,MD,AEA,EN,Federal Contract Tower,0,0,24,1,25,0,0,194,0,194,0,0,218,1,219,114,0,114,333
05/07/2001,MTN,MD,AEA,EN,Federal Contract Tower,0,0,26,5,31,0,0,195,0,195,0,0,221,5,226,158,0,158,384
05/08/2001,MTN,MD,AEA,EN,Federal Contract Tower,0,0,39,18,57,0,0,218,14,232,0,0,257,32,289,92,12,104,393
05/09/2001,MTN,MD,AEA,EN,Federal Contract Tower,0,0,54,11,65,0,0,173,44,217,0,0,227,55,282,236,10,246,528
05/10/2001,MTN,MD,AEA,EN,Federal Contract Tower,0,2,27,15,44,0,0,283,10,293,0,2,310,25,337,204,12,216,553
05/11/2001,MTN,MD,AEA,EN,Federal Contract Tower,0,0,41,18,59,0,0,220,5,225,0,0,261,23,284,212,4,216,500
05/12/2001,MTN,MD,AEA,EN,Federal Contract Tower,0,2,32,3,37,0,0,128,0,128,0,2,160,3,165,136,0,136,301
05/13/2001,MTN,MD,AEA,EN,Federal Contract Tower,0,0,30,0,30,0,0,223,2,225,0,0,253,2,255,128,0,128,383
05/14/2001,MTN,MD,AEA,EN,Federal Contract Tower,0,0,40,1,41,0,0,179,0,179,0,0,219,1,220,106,8,114,334
05/15/2001,MTN,MD,AEA,EN,Federal Contract Tower,0,4,35,17,56,0,0,157,16,173,0,4,192,33,229,148,14,162,391
05/16/2001,MTN,MD,AEA,EN,Federal Contract Tower,0,0,36,18,54,0,0,222,7,229,0,0,258,25,283,158,18,176,459
05/17/2001,MTN,MD,AEA,EN,Federal Contract Tower,0,2,47,20,69,0,0,136,17,153,0,2,183,37,222,92,10,102,324
05/18/2001,MTN,MD,AEA,EN,Federal Contract Tower,0,4,84,2,90,0,0,5,0,5,0,4,89,2,95,8,0,8,103
05/19/2001,MTN,MD,AEA,EN,Federal Contract Tower,0,7,38,11,56,0,0,69,7,76,0,7,107,18,132,166,6,172,304
05/20/2001,MTN,MD,AEA,EN,Federal Contract Tower,0,3,58,0,61,0,0,8,0,8,0,3,66,0,69,2,0,2,71
05/21/2001,MTN,MD,AEA,EN,Federal Contract Tower,0,4,44,3,51,0,0,2,0,2,0,4,46,3,53,0,0,0,53
05/22/2001,MTN,MD,AEA,EN,Federal Contract Tower,0,2,41,1,44,0,0,72,0,72,0,2,113,1,116,30,0,30,146
05/23/2001,MTN,MD,AEA,EN,Federal Contract Tower,0,7,46,21,74,0,0,297,17,314,0,7,343,38,388,288,10,298,686
05/24/2001,MTN,MD,AEA,EN,Federal Contract Tower,0,2,42,19,63,0,0,198,12,210,0,2,240,31,273,172,24,196,469
05/25/2001,MTN,MD,AEA,EN,Federal Contract Tower,0,0,63,2,65,0,0,111,0,111,0,0,174,2,176,118,0,118,294
05/26/2001,MTN,MD,AEA,EN,Federal Contract Tower,0,0,16,0,16,0,0,1,0,1,0,0,17,0,17,0,0,0,17
05/27/2001,MTN,MD,AEA,EN,Federal Contract Tower,0,0,30,2,32,0,0,63,0,63,0,0,93,2,95,88,0,88,183
05/28/2001,MTN,MD,AEA,EN,Federal Contract Tower,0,0,27,1,28,0,0,175,3,178,0,0,202,4,206,94,0,94,300
05/29/2001,MTN,MD,AEA,EN,Federal Contract Tower,0,0,42,0,42,0,0,187,0,187,0,0,229,0,229,208,4,212,441
05/30/2001,MTN,MD,AEA,EN,Federal Contract Tower,0,3,51,14,68,0,0,180,10,190,0,3,231,24,258,160,14,174,432
05/31/2001,MTN,MD,AEA,EN,Federal Contract Tower,0,0,38,15,53,0,0,267,36,303,0,0,305,51,356,272,2,274,630
06/01/2001,MTN,MD,AEA,EN,Federal Contract Tower,0,2,39,9,50,0,3,86,6,95,0,5,125,15,145,84,0,84,229
06/02/2001,MTN,MD,AEA,EN,Federal Contract Tower,0,2,21,0,23,0,0,80,0,80,0,2,101,0,103,106,0,106,209
06/03/2001,MTN,MD,AEA,EN,Federal Contract Tower,0,2,26,0,28,0,0,165,0,165,0,2,191,0,193,134,0,134,327
06/04/2001,MTN,MD,AEA,EN,Federal Contract Tower,0,2,34,1,37,0,0,213,1,214,0,2,247,2,251,156,0,156,407
06/05/2001,MTN,MD,AEA,EN,Federal Contract Tower,0,2,37,20,59,0,0,209,16,225,0,2,246,36,284,122,10,132,416
06/06/2001,MTN,MD,AEA,EN,Federal Contract Tower,0,0,48,19,67,0,0,222,27,249,0,0,270,46,316,184,4,188,504
06/07/2001,MTN,MD,AEA,EN,Federal Contract Tower,0,2,59,19,80,0,0,138,51,189,0,2,197,70,269,172,8,180,449
06/08/2001,MTN,MD,AEA,EN,Federal Contract Tower,0,2,65,13,80,0,0,218,18,236,0,2,283,31,316,226,0,226,542
06/09/2001,MTN,MD,AEA,EN,Federal Contract Tower,0,0,35,7,42,0,0,238,1,239,0,0,273,8,281,252,4,256,537
06/10/2001,MTN,MD,AEA,EN,Federal Contract Tower,0,3,53,7,63,0,0,237,1,238,0,3,290,8,301,184,6,190,491
06/11/2001,MTN,MD,AEA,EN,Federal Contract Tower,0,0,45,0,45,0,0,203,1,204,0,0,248,1,249,98,0,98,347
06/12/2001,MTN,MD,AEA,EN,Federal Contract Tower,0,0,37,14,51,0,0,180,36,216,0,0,217,50,267,260,0,260,527
06/13/2001,MTN,MD,AEA,EN,Federal Contract Tower,0,0,44,17,61,0,0,174,25,199,0,0,218,42,260,254,10,264,524
06/14/2001,MTN,MD,AEA,EN,Federal Contract Tower,0,0,34,14,48,0,0,92,21,113,0,0,126,35,161,112,4,116,277
06/15/2001,MTN,MD,AEA,EN,Federal Contract Tower,0,2,41,4,47,0,0,51,1,52,0,2,92,5,99,18,0,18,117
06/16/2001,MTN,MD,AEA,EN,Federal Contract Tower,0,0,20,2,22,0,0,11,0,11,0,0,31,2,33,2,0,2,35
06/17/2001,MTN,MD,AEA,EN,Federal Contract Tower,0,1,28,2,31,0,0,131,0,131,0,1,159,2,162,130,0,130,292
06/18/2001,MTN,MD,AEA,EN,Federal Contract Tower,0,2,33,1,36,0,0,237,19,256,0,2,270,20,292,252,10,262,554
06/19/2001,MTN,MD,AEA,EN,Federal Contract Tower,0,3,34,17,54,0,0,338,17,355,0,3,372,34,409,250,6,256,665
06/20/2001,MTN,MD,AEA,EN,Federal Contract Tower,0,0,27,19,46,0,0,208,46,254,0,0,235,65,300,270,16,286,586
06/21/2001,MTN,MD,AEA,EN,Federal Contract Tower,0,1,42,16,59,0,0,138,20,158,0,1,180,36,217,146,14,160,377
06/22/2001,MTN,MD,AEA,EN,Federal Contract Tower,0,1,52,9,62,0,0,115,11,126,0,1,167,20,188,120,6,126,314
06/23/2001,MTN,MD,AEA,EN,Federal Contract Tower,0,0,24,5,29,0,0,90,19,109,0,0,114,24,138,158,0,158,296
06/24/2001,MTN,MD,AEA,EN,Federal Contract Tower,0,0,35,3,38,0,0,237,8,245,0,0,272,11,283,262,4,266,549
06/25/2001,MTN,MD,AEA,EN,Federal Contract Tower,0,0,32,1,33,0,0,293,3,296,0,0,325,4,329,310,6,316,645
06/26/2001,MTN,MD,AEA,EN,Federal Contract Tower,0,2,29,26,57,0,0,262,23,285,0,2,291,49,342,194,12,206,548
06/27/2001,MTN,MD,AEA,EN,Federal Contract Tower,0,2,43,18,63,0,0,251,9,260,0,2,294,27,323,264,14,278,601
06/28/2001,MTN,MD,AEA,EN,Federal Contract Tower,0,2,50,20,72,0,0,215,10,225,0,2,265,30,297,312,16,328,625
06/29/2001,MTN,MD,AEA,EN,Federal Contract Tower,0,0,57,15,72,0,0,106,9,115,0,0,163,24,187,90,6,96,283
06/30/2001,MTN,MD,AEA,EN,Federal Contract Tower,0,7,23,0,30,0,0,210,0,210,0,7,233,0,240,180,0,180,420
07/01/2001,MTN,MD,AEA,EN,Federal Contract Tower,0,3,20,0,23,0,1,113,0,114,0,4,133,0,137,124,0,124,261
07/02/2001,MTN,MD,AEA,EN,Federal Contract Tower,0,10,34,0,44,0,0,252,21,273,0,10,286,21,317,234,6,240,557
07/03/2001,MTN,MD,AEA,EN,Federal Contract Tower,0,2,32,3,37,0,3,262,0,265,0,5,294,3,302,204,6,210,512
07/04/2001,MTN,MD,AEA,EN,Federal Contract Tower,0,0,18,6,24,0,0,102,10,112,0,0,120,16,136,138,0,138,274
07/05/2001,MTN,MD,AEA,EN,Federal Contract Tower,0,2,28,9,39,0,0,133,9,142,0,2,161,18,181,172,8,180,361
07/06/2001,MTN,MD,AEA,EN,Federal Contract Tower,0,1,34,10,45,0,0,280,24,304,0,1,314,34,349,232,4,236,585
07/07/2001,MTN,MD,AEA,EN,Federal Contract Tower,0,2,10,0,12,0,0,279,2,281,0,2,289,2,293,244,2,246,539
07/08/2001,MTN,MD,AEA,EN,Federal Contract Tower,0,0,43,0,43,0,0,76,0,76,0,0,119,0,119,34,0,34,153
07/09/2001,MTN,MD,AEA,EN,Federal Contract Tower,0,0,33,4,37,0,0,188,0,188,0,0,221,4,225,178,0,178,403
07/10/2001,MTN,MD,AEA,EN,Federal Contract Tower,0,1,50,14,65,0,0,141,13,154,0,1,191,27,219,198,8,206,425
07/11/2001,MTN,MD,AEA,EN,Federal Contract Tower,0,3,39,20,62,0,0,206,15,221,0,3,245,35,283,198,28,226,509
07/12/2001,MTN,MD,AEA,EN,Federal Contract Tower,0,1,27,20,48,0,0,271,56,327,0,1,298,76,375,246,8,254,629
07/13/2001,MTN,MD,AEA,EN,Federal Contract Tower,0,1,51,16,68,0,0,302,16,318,0,1,353,32,386,236,4,240,626
07/14/2001,MTN,MD,AEA,EN,Federal Contract Tower,0,1,41,7,49,0,0,309,0,309,0,1,350,7,358,202,4,206,564
07/15/2001,MTN,MD,AEA,EN,Federal Contract Tower,0,1,41,1,43,0,0,218,1,219,0,1,259,2,262,164,2,166,428
07/16/2001,MTN,MD,AEA,EN,Federal Contract Tower,0,0,29,2,31,0,0,150,0,150,0,0,179,2,181,152,4,156,337
07/17/2001,MTN,MD,AEA,EN,Federal Contract Tower,0,0,38,14,52,0,0,173,9,182,0,0,211,23,234,180,0,180,414
07/18/2001,MTN,MD,AEA,EN,Federal Contract Tower,0,5,49,9,63,0,0,22,0,22,0,5,71,9,85,26,0,26,111
07/19/2001,MTN,MD,AEA,EN,Federal Contract Tower,0,1,63,24,88,0,0,129,17,146,0,1,192,41,234,178,4,182,416
07/20/2001,MTN,MD,AEA,EN,Federal Contract Tower,0,0,34,15,49,0,0,232,40,272,0,0,266,55,321,202,6,208,529
07/21/2001,MTN,MD,AEA,EN,Federal Contract Tower,0,0,30,12,42,0,0,263,41,304,0,0,293,53,346,238,0,238,584
07/22/2001,MTN,MD,AEA,EN,Federal Contract Tower,0,1,34,4,39,0,0,213,2,215,0,1,247,6,254,176,0,176,430
07/23/2001,MTN,MD,AEA,EN,Federal Contract Tower,0,1,31,0,32,0,0,191,0,191,0,1,222,0,223,162,4,166,389
07/24/2001,MTN,MD,AEA,EN,Federal Contract Tower,0,0,41,18,59,0,0,191,14,205,0,0,232,32,264,276,0,276,540
07/25/2001,MTN,MD,AEA,EN,Federal Contract Tower,0,0,32,11,43,0,0,167,20,187,0,0,199,31,230,182,8,190,420
07/26/2001,MTN,MD,AEA,EN,Federal Contract Tower,0,2,38,15,55,0,0,123,8,131,0,2,161,23,186,94,0,94,280
07/27/2001,MTN,MD,AEA,EN,Federal Contract Tower,0,0,56,16,72,0,0,250,14,264,0,0,306,30,336,152,10,162,498
07/28/2001,MTN,MD,AEA,EN,Federal Contract Tower,0,1,22,2,25,0,0,230,0,230,0,1,252,2,255,192,0,192,447
07/29/2001,MTN,MD,AEA,EN,Federal Contract Tower,0,4,44,0,48,0,0,18,0,18,0,4,62,0,66,38,0,38,104
07/30/2001,MTN,MD,AEA,EN,Federal Contract Tower,0,1,46,4,51,0,0,165,0,165,0,1,211,4,216,272,2,274,490
07/31/2001,MTN,MD,AEA,EN,Federal Contract Tower,0,2,49,15,66,0,0,216,19,235,0,2,265,34,301,266,8,274,575
08/01/2001,MTN,MD,AEA,EN,Federal Contract Tower,0,0,35,15,50,0,0,250,36,286,0,0,285,51,336,266,6,272,608
08/02/2001,MTN,MD,AEA,EN,Federal Contract Tower,0,0,55,18,73,0,0,211,8,219,0,0,266,26,292,222,6,228,520
08/03/2001,MTN,MD,AEA,EN,Federal Contract Tower,0,2,40,10,52,0,0,187,10,197,0,2,227,20,249,216,4,220,469
08/04/2001,MTN,MD,AEA,EN,Federal Contract Tower,0,1,21,1,23,0,0,136,0,136,0,1,157,1,159,246,12,258,417
08/05/2001,MTN,MD,AEA,EN,Federal Contract Tower,0,1,58,0,59,0,0,96,0,96,0,1,154,0,155,132,0,132,287
08/06/2001,MTN,MD,AEA,EN,Federal Contract Tower,0,1,52,0,53,0,0,84,0,84,0,1,136,0,137,72,2,74,211
08/07/2001,MTN,MD,AEA,EN,Federal Contract Tower,0,4,30,16,50,0,1,223,28,252,0,5,253,44,302,188,10,198,500
08/08/2001,MTN,MD,AEA,EN,Federal Contract Tower,0,0,43,15,58,0,0,205,0,205,0,0,248,15,263,244,14,258,521
08/09/2001,MTN,MD,AEA,EN,Federal Contract Tower,0,3,50,15,68,0,0,130,14,144,0,3,180,29,212,172,10,182,394
08/10/2001,MTN,MD,AEA,EN,Federal Contract Tower,0,12,34,6,52,0,0,153,10,163,0,12,187,16,215,124,10,134,349
08/11/2001,MTN,MD,AEA,EN,Federal Contract Tower,0,0,36,4,40,0,0,64,0,64,0,0,100,4,104,56,0,56,160
08/12/2001,MTN,MD,AEA,EN,Federal Contract Tower,0,2,52,0,54,0,0,27,0,27,0,2,79,0,81,0,0,0,81
08/13/2001,MTN,MD,AEA,EN,Federal Contract Tower,0,3,66,7,76,0,0,68,10,78,0,3,134,17,154,180,6,186,340
08/14/2001,MTN,MD,AEA,EN,Federal Contract Tower,0,0,50,15,65,0,0,129,12,141,0,0,179,27,206,110,8,118,324
08/15/2001,MTN,MD,AEA,EN,Federal Contract Tower,0,0,47,17,64,0,0,202,7,209,0,0,249,24,273,254,6,260,533
08/16/2001,MTN,MD,AEA,EN,Federal Contract Tower,0,0,60,16,76,0,0,228,14,242,0,0,288,30,318,264,8,272,590
08/17/2001,MTN,MD,AEA,EN,Federal Contract Tower,0,0,39,15,54,0,0,181,35,216,0,0,220,50,270,250,14,264,534
08/18/2001,MTN,MD,AEA,EN,Federal Contract Tower,0,3,15,7,25,0,0,212,17,229,0,3,227,24,254,174,2,176,430
08/19/2001,MTN,MD,AEA,EN,Federal Contract Tower,0,1,44,6,51,0,0,143,0,143,0,1,187,6,194,154,0,154,348
08/20/2001,MTN,MD,AEA,EN,Federal Contract Tower,0,5,25,4,34,0,0,151,0,151,0,5,176,4,185,206,10,216,401
08/21/2001,MTN,MD,AEA,EN,Federal Contract Tower,0,2,27,21,50,0,0,211,25,236,0,2,238,46,286,298,0,298,584
08/22/2001,MTN,MD,AEA,EN,Federal Contract Tower,0,3,40,15,58,0,0,245,9,254,0,3,285,24,312,268,10,278,590
08/23/2001,MTN,MD,AEA,EN,Federal Contract Tower,0,3,29,11,43,0,0,213,2,215,0,3,242,13,258,188,4,192,450
08/24/2001,MTN,MD,AEA,EN,Federal Contract Tower,0,1,24,7,32,0,0,224,8,232,0,1,248,15,264,222,14,236,500
08/25/2001,MTN,MD,AEA,EN,Federal Contract Tower,0,2,35,3,40,0,0,218,1,219,0,2,253,4,259,254,0,254,513
08/26/2001,MTN,MD,AEA,EN,Federal Contract Tower,0,3,31,2,36,0,0,232,0,232,0,3,263,2,268,130,0,130,398
08/27/2001,MTN,MD,AEA,EN,Federal Contract Tower,0,1,35,0,36,0,0,134,0,134,0,1,169,0,170,162,2,164,334
08/28/2001,MTN,MD,AEA,EN,Federal Contract Tower,0,2,35,22,59,0,0,230,7,237,0,2,265,29,296,194,16,210,506
08/29/2001,MTN,MD,AEA,EN,Federal Contract Tower,0,0,55,19,74,0,0,277,38,315,0,0,332,57,389,224,16,240,629
08/30/2001,MTN,MD,AEA,EN,Federal Contract Tower,0,2,61,1,64,0,0,52,0,52,0,2,113,1,116,18,0,18,134
08/31/2001,MTN,MD,AEA,EN,Federal Contract Tower,0,0,29,5,34,0,0,168,13,181,0,0,197,18,215,172,0,172,387
09/01/2001,MTN,MD,AEA,EN,Federal Contract Tower,0,0,23,0,23,0,1,161,0,162,0,1,184,0,185,230,0,230,415
09/02/2001,MTN,MD,AEA,EN,Federal Contract Tower,0,3,7,0,10,0,0,186,0,186,0,3,193,0,196,154,0,154,350
09/03/2001,MTN,MD,AEA,EN,Federal Contract Tower,0,0,19,0,19,0,0,223,0,223,0,0,242,0,242,274,0,274,516
09/04/2001,MTN,MD,AEA,EN,Federal Contract Tower,0,3,25,5,33,0,0,211,4,215,0,3,236,9,248,234,20,254,502
09/05/2001,MTN,MD,AEA,EN,Federal Contract Tower,0,3,35,13,51,0,0,243,15,258,0,3,278,28,309,276,8,284,593
09/06/2001,MTN,MD,AEA,EN,Federal Contract Tower,0,1,34,14,49,0,0,250,29,279,0,1,284,43,328,276,8,284,612
09/07/2001,MTN,MD,AEA,EN,Federal Contract Tower,0,1,34,13,48,0,0,281,11,292,0,1,315,24,340,200,8,208,548
09/08/2001,MTN,MD,AEA,EN,Federal Contract Tower,0,2,23,3,28,0,0,243,16,259,0,2,266,19,287,248,0,248,535
09/09/2001,MTN,MD,AEA,EN,Federal Contract Tower,0,4,26,9,39,0,0,134,13,147,0,4,160,22,186,84,0,84,270
09/10/2001,MTN,MD,AEA,EN,Federal Contract Tower,0,0,22,4,26,0,0,121,0,121,0,0,143,4,147,38,0,38,185
09/11/2001,MTN,MD,AEA,EN,Federal Contract Tower,0,0,0,1,1,0,0,30,0,30,0,0,30,1,31,14,0,14,45
09/12/2001,MTN,MD,AEA,EN,Federal Contract Tower,0,0,1,1,2,0,0,5,1,6,0,0,6,2,8,0,0,0,8
09/13/2001,MTN,MD,AEA,EN,Federal Contract Tower,0,5,9,3,17,0,0,13,0,13,0,5,22,3,30,0,0,0,30
09/14/2001,MTN,MD,AEA,EN,Federal Contract Tower,0,3,11,19,33,0,0,25,9,34,0,3,36,28,67,0,0,0,67
09/15/2001,MTN,MD,AEA,EN,Federal Contract Tower,0,1,46,8,55,0,0,20,0,20,0,1,66,8,75,0,0,0,75
09/16/2001,MTN,MD,AEA,EN,Federal Contract Tower,0,3,32,8,43,0,0,34,0,34,0,3,66,8,77,0,0,0,77
09/17/2001,MTN,MD,AEA,EN,Federal Contract Tower,0,0,56,0,56,0,0,17,0,17,0,0,73,0,73,0,0,0,73
09/18/2001,MTN,MD,AEA,EN,Federal Contract Tower,0,3,52,21,76,0,0,19,15,34,0,3,71,36,110,6,2,8,118
09/19/2001,MTN,MD,AEA,EN,Federal Contract Tower,0,2,52,23,77,0,0,29,23,52,0,2,81,46,129,8,2,10,139
09/20/2001,MTN,MD,AEA,EN,Federal Contract Tower,0,12,43,8,63,0,0,6,0,6,0,12,49,8,69,0,4,4,73
09/21/2001,MTN,MD,AEA,EN,Federal Contract Tower,0,2,96,16,114,0,0,27,5,32,0,2,123,21,146,2,4,6,152
09/22/2001,MTN,MD,AEA,EN,Federal Contract Tower,0,4,57,12,73,0,0,57,13,70,0,4,114,25,143,8,4,12,155
09/23/2001,MTN,MD,AEA,EN,Federal Contract Tower,0,4,62,0,66,0,0,48,0,48,0,4,110,0,114,26,0,26,140
09/24/2001,MTN,MD,AEA,EN,Federal Contract Tower,0,4,22,2,28,0,0,4,0,4,0,4,26,2,32,2,0,2,34
09/25/2001,MTN,MD,AEA,EN,Federal Contract Tower,0,2,41,21,64,0,0,42,17,59,0,2,83,38,123,2,2,4,127
09/26/2001,MTN,MD,AEA,EN,Federal Contract Tower,0,0,68,26,94,0,0,92,24,116,0,0,160,50,210,132,12,144,354
09/27/2001,MTN,MD,AEA,EN,Federal Contract Tower,0,10,73,29,112,0,0,79,16,95,0,10,152,45,207,72,6,78,285
09/28/2001,MTN,MD,AEA,EN,Federal Contract Tower,0,11,68,11,90,0,0,136,14,150,0,11,204,25,240,142,2,144,384
09/29/2001,MTN,MD,AEA,EN,Federal Contract Tower,0,4,54,3,61,0,0,99,0,99,0,4,153,3,160,102,2,104,264
09/30/2001,MTN,MD,AEA,EN,Federal Contract Tower,0,8,52,1,61,0,0,118,0,118,0,8,170,1,179,126,4,130,309
10/01/2001,MTN,MD,AEA,EN,Federal Contract Tower,0,12,54,2,68,0,0,59,0,59,0,12,113,2,127,114,2,116,243
10/02/2001,MTN,MD,AEA,EN,Federal Contract Tower,0,3,43,15,61,0,0,126,0,126,0,3,169,15,187,128,0,128,315
10/03/2001,MTN,MD,AEA,EN,Federal Contract Tower,0,4,72,17,93,0,0,124,3,127,0,4,196,20,220,104,4,108,328
10/04/2001,MTN,MD,AEA,EN,Federal Contract Tower,0,6,61,11,78,0,0,168,16,184,0,6,229,27,262,206,4,210,472
10/05/2001,MTN,MD,AEA,EN,Federal Contract Tower,0,12,86,5,103,0,0,134,7,141,0,12,220,12,244,160,2,162,406
10/06/2001,MTN,MD,AEA,EN,Federal Contract Tower,0,6,24,2,32,0,1,42,0,43,0,7,66,2,75,8,0,8,83
10/07/2001,MTN,MD,AEA,EN,Federal Contract Tower,0,2,50,0,52,0,1,51,0,52,0,3,101,0,104,28,2,30,134
10/08/2001,MTN,MD,AEA,EN,Federal Contract Tower,0,5,70,2,77,0,0,105,0,105,0,5,175,2,182,150,2,152,334
10/09/2001,MTN,MD,AEA,EN,Federal Contract Tower,0,3,71,6,80,0,2,123,4,129,0,5,194,10,209,182,6,188,397
10/10/2001,MTN,MD,AEA,EN,Federal Contract Tower,0,3,72,8,83,0,0,170,10,180,0,3,242,18,263,152,6,158,421
10/11/2001,MTN,MD,AEA,EN,Federal Contract Tower,0,9,68,9,86,0,0,121,2,123,0,9,189,11,209,126,2,128,337
10/12/2001,MTN,MD,AEA,EN,Federal Contract Tower,0,11,55,3,69,0,0,131,15,146,0,11,186,18,215,172,6,178,393
10/13/2001,MTN,MD,AEA,EN,Federal Contract Tower,0,2,51,9,62,0,0,135,0,135,0,2,186,9,197,234,0,234,431
10/14/2001,MTN,MD,AEA,EN,Federal Contract Tower,0,7,41,3,51,0,1,16,0,17,0,8,57,3,68,28,0,28,96
10/15/2001,MTN,MD,AEA,EN,Federal Contract Tower,0,10,53,12,75,0,0,83,0,83,0,10,136,12,158,94,8,102,260
10/16/2001,MTN,MD,AEA,EN,Federal Contract Tower,0,6,45,13,64,0,0,140,6,146,0,6,185,19,210,122,0,122,332
10/17/2001,MTN,MD,AEA,EN,Federal Contract Tower,0,0,58,16,74,0,0,61,3,64,0,0,119,19,138,34,2,36,174
10/18/2001,MTN,MD,AEA,EN,Federal Contract Tower,0,7,96,14,117,0,0,121,8,129,0,7,217,22,246,304,0,304,550
10/19/2001,MTN,MD,AEA,EN,Federal Contract Tower,0,3,64,6,73,0,0,105,0,105,0,3,169,6,178,194,0,194,372
10/20/2001,MTN,MD,AEA,EN,Federal Contract Tower,0,0,56,5,61,0,0,150,0,150,0,0,206,5,211,176,0,176,387
10/21/2001,MTN,MD,AEA,EN,Federal Contract Tower,0,5,62,4,71,0,0,118,0,118,0,5,180,4,189,106,0,106,295
10/22/2001,MTN,MD,AEA,EN,Federal Contract Tower,0,6,65,0,71,0,0,167,2,169,0,6,232,2,240,236,4,240,480
10/23/2001,MTN,MD,AEA,EN,Federal Contract Tower,0,5,66,0,71,0,0,152,0,152,0,5,218,0,223,160,0,160,383
10/24/2001,MTN,MD,AEA,EN,Federal Contract Tower,0,4,76,1,81,0,0,147,0,147,0,4,223,1,228,212,0,212,440
10/25/2001,MTN,MD,AEA,EN,Federal Contract Tower,0,5,54,11,70,0,0,49,3,52,0,5,103,14,122,40,0,40,162
10/26/2001,MTN,MD,AEA,EN,Federal Contract Tower,0,1,45,5,51,0,2,47,0,49,0,3,92,5,100,30,0,30,130
10/27/2001,MTN,MD,AEA,EN,Federal Contract Tower,0,2,30,2,34,0,0,97,0,97,0,2,127,2,131,74,0,74,205
10/28/2001,MTN,MD,AEA,EN,Federal Contract Tower,0,9,53,3,65,0,0,142,6,148,0,9,195,9,213,98,0,98,311
10/29/2001,MTN,MD,AEA,EN,Federal Contract Tower,0,1,72,0,73,0,0,119,0,119,0,1,191,0,192,114,0,114,306
10/30/2001,MTN,MD,AEA,EN,Federal Contract Tower,0,6,61,12,79,0,0,144,6,150,0,6,205,18,229,232,6,238,467
10/31/2001,MTN,MD,AEA,EN,Federal Contract Tower,0,3,40,16,59,0,0,124,0,124,0,3,164,16,183,254,4,258,441
11/01/2001,MTN,MD,AEA,EN,Federal Contract Tower,0,9,58,18,85,0,0,106,0,106,0,9,164,18,191,290,0,290,481
11/02/2001,MTN,MD,AEA,EN,Federal Contract Tower,0,5,78,3,86,0,0,84,2,86,0,5,162,5,172,156,2,158,330
11/03/2001,MTN,MD,AEA,EN,Federal Contract Tower,0,3,57,1,61,0,0,167,5,172,0,3,224,6,233,220,10,230,463
11/04/2001,MTN,MD,AEA,EN,Federal Contract Tower,0,4,61,3,68,0,0,114,1,115,0,4,175,4,183,72,4,76,259
11/05/2001,MTN,MD,AEA,EN,Federal Contract Tower,0,0,40,3,43,0,0,76,6,82,0,0,116,9,125,84,4,88,213
11/06/2001,MTN,MD,AEA,EN,Federal Contract Tower,0,4,63,9,76,0,0,130,0,130,0,4,193,9,206,166,10,176,382
11/07/2001,MTN,MD,AEA,EN,Federal Contract Tower,0,0,49,10,59,0,0,103,4,107,0,0,152,14,166,136,4,140,306
11/08/2001,MTN,MD,AEA,EN,Federal Contract Tower,0,8,54,20,82,0,0,150,11,161,0,8,204,31,243,226,6,232,475
11/09/2001,MTN,MD,AEA,EN,Federal Contract Tower,0,7,44,10,61,0,0,76,10,86,0,7,120,20,147,74,4,78,225
11/10/2001,MTN,MD,AEA,EN,Federal Contract Tower,0,3,50,1,54,0,0,172,0,172,0,3,222,1,226,194,0,194,420
11/11/2001,MTN,MD,AEA,EN,Federal Contract Tower,0,0,55,1,56,0,4,86,0,90,0,4,141,1,146,80,0,80,226
11/12/2001,MTN,MD,AEA,EN,Federal Contract Tower,0,0,46,0,46,0,0,130,0,130,0,0,176,0,176,194,0,194,370
11/13/2001,MTN,MD,AEA,EN,Federal Contract Tower,0,7,46,2,55,0,0,145,0,145,0,7,191,2,200,194,6,200,400
11/14/2001,MTN,MD,AEA,EN,Federal Contract Tower,0,4,73,12,89,0,0,153,4,157,0,4,226,16,246,114,2,116,362
11/15/2001,MTN,MD,AEA,EN,Federal Contract Tower,0,6,64,17,87,0,0,110,9,119,0,6,174,26,206,200,0,200,406
11/16/2001,MTN,MD,AEA,EN,Federal Contract Tower,0,2,71,9,82,0,0,109,10,119,0,2,180,19,201,196,8,204,405
11/17/2001,MTN,MD,AEA,EN,Federal Contract Tower,0,2,61,13,76,0,0,187,12,199,0,2,248,25,275,238,0,238,513
11/18/2001,MTN,MD,AEA,EN,Federal Contract Tower,0,2,52,9,63,0,0,56,5,61,0,2,108,14,124,122,0,122,246
11/19/2001,MTN,MD,AEA,EN,Federal Contract Tower,0,2,56,8,66,0,0,73,8,81,0,2,129,16,147,196,6,202,349
11/20/2001,MTN,MD,AEA,EN,Federal Contract Tower,0,4,62,14,80,0,0,85,13,98,0,4,147,27,178,84,8,92,270
11/21/2001,MTN,MD,AEA,EN,Federal Contract Tower,0,10,46,19,75,0,0,225,31,256,0,10,271,50,331,208,6,214,545
11/22/2001,MTN,MD,AEA,EN,Federal Contract Tower,0,0,24,0,24,0,0,71,0,71,0,0,95,0,95,66,0,66,161
11/23/2001,MTN,MD,AEA,EN,Federal Contract Tower,0,3,42,0,45,0,0,152,0,152,0,3,194,0,197,206,0,206,403
11/24/2001,MTN,MD,AEA,EN,Federal Contract Tower,0,4,36,0,40,0,0,14,0,14,0,4,50,0,54,2,0,2,56
11/25/2001,MTN,MD,AEA,EN,Federal Contract Tower,0,6,36,0,42,0,0,23,0,23,0,6,59,0,65,20,0,20,85
11/26/2001,MTN,MD,AEA,EN,Federal Contract Tower,0,4,65,0,69,0,0,124,0,124,0,4,189,0,193,176,0,176,369
11/27/2001,MTN,MD,AEA,EN,Federal Contract Tower,0,4,50,14,68,0,0,127,10,137,0,4,177,24,205,238,0,238,443
11/28/2001,MTN,MD,AEA,EN,Federal Contract Tower,0,3,54,26,83,0,0,38,9,47,0,3,92,35,130,20,16,36,166
11/29/2001,MTN,MD,AEA,EN,Federal Contract Tower,0,2,20,2,24,0,1,3,2,6,0,3,23,4,30,0,0,0,30
11/30/2001,MTN,MD,AEA,EN,Federal Contract Tower,0,1,40,14,55,0,0,41,5,46,0,1,81,19,101,10,0,10,111
12/01/2001,MTN,MD,AEA,EN,Federal Contract Tower,0,0,61,3,64,0,0,142,2,144,0,0,203,5,208,226,2,228,436
12/02/2001,MTN,MD,AEA,EN,Federal Contract Tower,0,1,53,2,56,0,0,107,0,107,0,1,160,2,163,72,0,72,235
12/03/2001,MTN,MD,AEA,EN,Federal Contract Tower,0,4,53,5,62,0,0,143,0,143,0,4,196,5,205,134,0,134,339
12/04/2001,MTN,MD,AEA,EN,Federal Contract Tower,0,7,67,27,101,0,0,166,8,174,0,7,233,35,275,140,4,144,419
12/05/2001,MTN,MD,AEA,EN,Federal Contract Tower,0,11,73,23,107,0,0,160,21,181,0,11,233,44,288,174,14,188,476
12/06/2001,MTN,MD,AEA,EN,Federal Contract Tower,0,2,55,22,79,0,0,154,15,169,0,2,209,37,248,198,8,206,454
12/07/2001,MTN,MD,AEA,EN,Federal Contract Tower,0,0,58,15,73,0,0,125,10,135,0,0,183,25,208,98,6,104,312
12/08/2001,MTN,MD,AEA,EN,Federal Contract Tower,0,2,39,7,48,0,0,36,5,41,0,2,75,12,89,48,0,48,137
12/09/2001,MTN,MD,AEA,EN,Federal Contract Tower,0,0,30,6,36,0,0,187,0,187,0,0,217,6,223,164,0,164,387
12/10/2001,MTN,MD,AEA,EN,Federal Contract Tower,0,6,43,4,53,0,0,127,0,127,0,6,170,4,180,96,0,96,276
12/11/2001,MTN,MD,AEA,EN,Federal Contract Tower,0,5,60,25,90,0,0,103,5,108,0,5,163,30,198,84,2,86,284
12/12/2001,MTN,MD,AEA,EN,Federal Contract Tower,0,6,67,17,90,0,0,126,17,143,0,6,193,34,233,150,2,152,385
12/13/2001,MTN,MD,AEA,EN,Federal Contract Tower,0,6,41,3,50,0,0,22,0,22,0,6,63,3,72,32,0,32,104
12/14/2001,MTN,MD,AEA,EN,Federal Contract Tower,0,2,24,1,27,0,0,6,0,6,0,2,30,1,33,6,0,6,39
12/15/2001,MTN,MD,AEA,EN,Federal Contract Tower,0,4,48,6,58,0,0,211,2,213,0,4,259,8,271,162,0,162,433
12/16/2001,MTN,MD,AEA,EN,Federal Contract Tower,0,2,31,2,35,0,0,174,0,174,0,2,205,2,209,100,0,100,309
12/17/2001,MTN,MD,AEA,EN,Federal Contract Tower,0,3,41,3,47,0,0,110,0,110,0,3,151,3,157,106,0,106,263
12/18/2001,MTN,MD,AEA,EN,Federal Contract Tower,0,2,35,33,70,0,0,44,13,57,0,2,79,46,127,16,0,16,143
12/19/2001,MTN,MD,AEA,EN,Federal Contract Tower,0,4,59,21,84,0,0,209,16,225,0,4,268,37,309,156,6,162,471
12/20/2001,MTN,MD,AEA,EN,Federal Contract Tower,0,7,38,22,67,0,0,79,11,90,0,7,117,33,157,14,0,14,171
12/21/2001,MTN,MD,AEA,EN,Federal Contract Tower,0,4,39,6,49,0,0,169,18,187,0,4,208,24,236,102,6,108,344
12/22/2001,MTN,MD,AEA,EN,Federal Contract Tower,0,6,35,0,41,0,0,265,0,265,0,6,300,0,306,158,0,158,464
12/23/2001,MTN,MD,AEA,EN,Federal Contract Tower,0,0,20,0,20,0,0,172,0,172,0,0,192,0,192,144,0,144,336
12/24/2001,MTN,MD,AEA,EN,Federal Contract Tower,0,1,15,0,16,0,0,94,0,94,0,1,109,0,110,86,0,86,196
12/25/2001,MTN,MD,AEA,EN,Federal Contract Tower,0,0,9,0,9,0,0,49,0,49,0,0,58,0,58,42,0,42,100
12/26/2001,MTN,MD,AEA,EN,Federal Contract Tower,0,7,31,0,38,0,0,181,0,181,0,7,212,0,219,120,0,120,339
12/27/2001,MTN,MD,AEA,EN,Federal Contract Tower,0,1,48,20,69,0,0,174,8,182,0,1,222,28,251,106,2,108,359
12/28/2001,MTN,MD,AEA,EN,Federal Contract Tower,0,6,36,5,47,0,0,172,20,192,0,6,208,25,239,178,2,180,419
12/29/2001,MTN,MD,AEA,EN,Federal Contract Tower,0,4,24,1,29,0,0,154,0,154,0,4,178,1,183,160,0,160,343
12/30/2001,MTN,MD,AEA,EN,Federal Contract Tower,0,0,16,0,16,0,0,76,0,76,0,0,92,0,92,74,0,74,166
12/31/2001,MTN,MD,AEA,EN,Federal Contract Tower,0,0,20,0,20,0,0,168,0,168,0,0,188,0,188,168,0,168,356
01/01/2002,MTN,MD,AEA,EN,Federal Contract Tower,0,0,19,0,19,0,0,127,0,127,0,0,146,0,146,56,0,56,202
01/02/2002,MTN,MD,AEA,EN,Federal Contract Tower,0,3,33,19,55,0,0,190,31,221,0,3,223,50,276,150,0,150,426
01/03/2002,MTN,MD,AEA,EN,Federal Contract Tower,0,8,30,26,64,0,0,156,21,177,0,8,186,47,241,180,6,186,427
01/04/2002,MTN,MD,AEA,EN,Federal Contract Tower,0,5,35,10,50,0,0,227,19,246,0,5,262,29,296,196,2,198,494
01/05/2002,MTN,MD,AEA,EN,Federal Contract Tower,0,0,40,2,42,0,0,202,2,204,0,0,242,4,246,240,0,240,486
01/06/2002,MTN,MD,AEA,EN,Federal Contract Tower,0,7,20,0,27,0,0,33,0,33,0,7,53,0,60,46,0,46,106
01/07/2002,MTN,MD,AEA,EN,Federal Contract Tower,0,4,28,1,33,0,1,47,0,48,0,5,75,1,81,18,0,18,99
01/08/2002,MTN,MD,AEA,EN,Federal Contract Tower,0,3,44,22,69,0,0,184,41,225,0,3,228,63,294,244,8,252,546
01/09/2002,MTN,MD,AEA,EN,Federal Contract Tower,0,2,41,23,66,0,0,146,13,159,0,2,187,36,225,78,16,94,319
01/10/2002,MTN,MD,AEA,EN,Federal Contract Tower,0,0,48,24,72,0,0,190,19,209,0,0,238,43,281,174,4,178,459
01/11/2002,MTN,MD,AEA,EN,Federal Contract Tower,0,4,36,12,52,0,0,61,9,70,0,4,97,21,122,38,16,54,176
01/12/2002,MTN,MD,AEA,EN,Federal Contract Tower,0,0,32,12,44,0,0,267,15,282,0,0,299,27,326,276,2,278,604
01/13/2002,MTN,MD,AEA,EN,Federal Contract Tower,0,0,11,8,19,0,0,27,0,27,0,0,38,8,46,6,0,6,52
01/14/2002,MTN,MD,AEA,EN,Federal Contract Tower,0,4,40,0,44,0,0,194,4,198,0,4,234,4,242,220,0,220,462
01/15/2002,MTN,MD,AEA,EN,Federal Contract Tower,0,2,33,11,46,0,0,136,14,150,0,2,169,25,196,130,0,130,326
01/16/2002,MTN,MD,AEA,EN,Federal Contract Tower,0,10,28,15,53,0,0,214,27,241,0,10,242,42,294,212,0,212,506
01/17/2002,MTN,MD,AEA,EN,Federal Contract Tower,0,8,32,16,56,0,0,140,11,151,0,8,172,27,207,150,12,162,369
01/18/2002,MTN,MD,AEA,EN,Federal Contract Tower,0,6,35,12,53,0,0,147,14,161,0,6,182,26,214,130,4,134,348
01/19/2002,MTN,MD,AEA,EN,Federal Contract Tower,0,1,7,0,8,0,0,4,0,4,0,1,11,0,12,10,0,10,22
01/20/2002,MTN,MD,AEA,EN,Federal Contract Tower,0,3,21,2,26,0,0,176,0,176,0,3,197,2,202,166,4,170,372
01/21/2002,MTN,MD,AEA,EN,Federal Contract Tower,0,4,40,0,44,0,0,73,0,73,0,4,113,0,117,40,0,40,157
01/22/2002,MTN,MD,AEA,EN,Federal Contract Tower,0,4,46,0,50,0,0,189,2,191,0,4,235,2,241,186,0,186,427
01/23/2002,MTN,MD,AEA,EN,Federal Contract Tower,0,6,40,29,75,0,0,101,11,112,0,6,141,40,187,112,2,114,301
01/24/2002,MTN,MD,AEA,EN,Federal Contract Tower,0,3,34,11,48,0,0,32,5,37,0,3,66,16,85,6,2,8,93
01/25/2002,MTN,MD,AEA,EN,Federal Contract Tower,0,2,38,10,50,0,0,209,6,215,0,2,247,16,265,206,6,212,477
01/26/2002,MTN,MD,AEA,EN,Federal Contract Tower,0,0,20,0,20,0,0,319,0,319,0,0,339,0,339,286,4,290,629
01/27/2002,MTN,MD,AEA,EN,Federal Contract Tower,0,1,28,1,30,0,0,297,0,297,0,1,325,1,327,204,0,204,531
01/28/2002,MTN,MD,AEA,EN,Federal Contract Tower,0,6,33,0,39,0,0,230,0,230,0,6,263,0,269,188,0,188,457
01/29/2002,MTN,MD,AEA,EN,Federal Contract Tower,0,4,36,15,55,0,0,227,18,245,0,4,263,33,300,244,2,246,546
01/30/2002,MTN,MD,AEA,EN,Federal Contract Tower,0,1,48,27,76,0,0,139,22,161,0,1,187,49,237,126,0,126,363
01/31/2002,MTN,MD,AEA,EN,Federal Contract Tower,0,3,38,2,43,0,0,0,0,0,0,3,38,2,43,0,0,0,43
02/01/2002,MTN,MD,AEA,EN,Federal Contract Tower,0,0,23,5,28,0,0,75,11,86,0,0,98,16,114,0,0,0,114
02/02/2002,MTN,MD,AEA,EN,Federal Contract Tower,0,0,29,1,30,0,0,205,0,205,0,0,234,1,235,172,0,172,407
02/03/2002,MTN,MD,AEA,EN,Federal Contract Tower,0,8,18,0,26,0,0,207,8,215,0,8,225,8,241,176,2,178,419
02/04/2002,MTN,MD,AEA,EN,Federal Contract Tower,0,1,20,0,21,0,0,86,0,86,0,1,106,0,107,22,2,24,131
02/05/2002,MTN,MD,AEA,EN,Federal Contract Tower,0,3,36,16,55,0,0,133,14,147,0,3,169,30,202,68,10,78,280
02/06/2002,MTN,MD,AEA,EN,Federal Contract Tower,0,5,28,15,48,0,0,197,17,214,0,5,225,32,262,100,0,100,362
02/07/2002,MTN,MD,AEA,EN,Federal Contract Tower,0,6,30,13,49,0,0,39,0,39,0,6,69,13,88,0,0,0,88
02/08/2002,MTN,MD,AEA,EN,Federal Contract Tower,0,1,43,7,51,0,0,228,9,237,0,1,271,16,288,188,0,188,476
02/09/2002,MTN,MD,AEA,EN,Federal Contract Tower,0,2,32,5,39,0,0,218,27,245,0,2,250,32,284,266,0,266,550
02/10/2002,MTN,MD,AEA,EN,Federal Contract Tower,0,7,36,2,45,0,0,27,0,27,0,7,63,2,72,8,0,8,80
02/11/2002,MTN,MD,AEA,EN,Federal Contract Tower,0,1,20,0,21,0,0,63,0,63,0,1,83,0,84,12,0,12,96
02/12/2002,MTN,MD,AEA,EN,Federal Contract Tower,0,3,33,17,53,0,0,146,13,159,0,3,179,30,212,138,0,138,350
02/13/2002,MTN,MD,AEA,EN,Federal Contract Tower,0,1,60,16,77,0,0,137,29,166,0,1,197,45,243,118,8,126,369
02/14/2002,MTN,MD,AEA,EN,Federal Contract Tower,0,7,33,9,49,0,0,235,11,246,0,7,268,20,295,216,12,228,523
02/15/2002,MTN,MD,AEA,EN,Federal Contract Tower,0,2,33,4,39,0,0,189,12,201,0,2,222,16,240,146,4,150,390
02/16/2002,MTN,MD,AEA,EN,Federal Contract Tower,0,1,38,0,39,0,0,313,1,314,0,1,351,1,353,252,0,252,605
02/17/2002,MTN,MD,AEA,EN,Federal Contract Tower,0,0,17,1,18,0,0,49,0,49,0,0,66,1,67,16,0,16,83
02/18/2002,MTN,MD,AEA,EN,Federal Contract Tower,0,5,34,0,39,0,0,192,0,192,0,5,226,0,231,176,0,176,407
02/19/2002,MTN,MD,AEA,EN,Federal Contract Tower,0,5,37,1,43,0,0,217,1,218,0,5,254,2,261,290,0,290,551
02/20/2002,MTN,MD,AEA,EN,Federal Contract Tower,0,3,26,11,40,0,0,156,19,175,0,3,182,30,215,122,24,146,361
02/21/2002,MTN,MD,AEA,EN,Federal Contract Tower,0,5,60,19,84,0,0,182,33,215,0,5,242,52,299,188,4,192,491
02/22/2002,MTN,MD,AEA,EN,Federal Contract Tower,0,4,39,3,46,0,0,166,1,167,0,4,205,4,213,122,4,126,339
02/23/2002,MTN,MD,AEA,EN,Federal Contract Tower,0,0,14,2,16,0,0,212,0,212,0,0,226,2,228,284,0,284,512
02/24/2002,MTN,MD,AEA,EN,Federal Contract Tower,0,11,27,0,38,0,0,246,0,246,0,11,273,0,284,246,0,246,530
02/25/2002,MTN,MD,AEA,EN,Federal Contract Tower,0,2,30,2,34,0,0,203,2,205,0,2,233,4,239,194,18,212,451
02/26/2002,MTN,MD,AEA,EN,Federal Contract Tower,0,2,25,14,41,0,0,190,11,201,0,2,215,25,242,156,0,156,398
02/27/2002,MTN,MD,AEA,EN,Federal Contract Tower,0,6,30,18,54,0,0,143,20,163,0,6,173,38,217,98,4,102,319
02/28/2002,MTN,MD,AEA,EN,Federal Contract Tower,0,1,33,26,60,0,0,206,16,222,0,1,239,42,282,146,0,146,428
03/01/2002,MTN,MD,AEA,EN,Federal Contract Tower,0,1,46,5,52,0,1,236,10,247,0,2,282,15,299,206,14,220,519
03/02/2002,MTN,MD,AEA,EN,Federal Contract Tower,0,0,29,5,34,0,0,89,2,91,0,0,118,7,125,176,0,176,301
03/03/2002,MTN,MD,AEA,EN,Federal Contract Tower,0,0,26,8,34,0,0,102,0,102,0,0,128,8,136,56,0,56,192
03/04/2002,MTN,MD,AEA,EN,Federal Contract Tower,0,3,29,2,34,0,0,108,2,110,0,3,137,4,144,64,0,64,208
03/05/2002,MTN,MD,AEA,EN,Federal Contract Tower,0,2,32,13,47,0,0,156,17,173,0,2,188,30,220,142,6,148,368
03/06/2002,MTN,MD,AEA,EN,Federal Contract Tower,0,0,51,22,73,0,0,230,23,253,0,0,281,45,326,192,0,192,518
03/07/2002,MTN,MD,AEA,EN,Federal Contract Tower,0,0,42,21,63,0,0,273,11,284,0,0,315,32,347,342,14,356,703
03/08/2002,MTN,MD,AEA,EN,Federal Contract Tower,0,5,43,2,50,0,0,231,4,235,0,5,274,6,285,324,4,328,613
03/09/2002,MTN,MD,AEA,EN,Federal Contract Tower,0,3,39,4,46,0,0,78,6,84,0,3,117,10,130,60,0,60,190
03/10/2002,MTN,MD,AEA,EN,Federal Contract Tower,0,0,19,2,21,0,0,42,1,43,0,0,61,3,64,0,0,0,64
03/11/2002,MTN,MD,AEA,EN,Federal Contract Tower,0,2,44,6,52,0,0,221,7,228,0,2,265,13,280,160,0,160,440
03/12/2002,MTN,MD,AEA,EN,Federal Contract Tower,0,4,32,1,37,0,0,109,3,112,0,4,141,4,149,156,4,160,309
03/13/2002,MTN,MD,AEA,EN,Federal Contract Tower,0,2,45,1,48,0,0,1,0,1,0,2,46,1,49,0,0,0,49
03/14/2002,MTN,MD,AEA,EN,Federal Contract Tower,0,2,40,9,51,0,0,224,3,227,0,2,264,12,278,316,10,326,604
03/15/2002,MTN,MD,AEA,EN,Federal Contract Tower,0,6,58,4,68,0,0,177,1,178,0,6,235,5,246,196,2,198,444
03/16/2002,MTN,MD,AEA,EN,Federal Contract Tower,0,4,45,2,51,0,0,120,0,120,0,4,165,2,171,182,6,188,359
03/17/2002,MTN,MD,AEA,EN,Federal Contract Tower,0,3,35,1,39,0,0,82,0,82,0,3,117,1,121,118,0,118,239
03/18/2002,MTN,MD,AEA,EN,Federal Contract Tower,0,7,35,1,43,0,0,20,0,20,0,7,55,1,63,6,0,6,69
03/19/2002,MTN,MD,AEA,EN,Federal Contract Tower,0,3,56,18,77,0,0,129,1,130,0,3,185,19,207,176,6,182,389
03/20/2002,MTN,MD,AEA,EN,Federal Contract Tower,0,3,32,0,35,0,0,9,0,9,0,3,41,0,44,0,0,0,44
03/21/2002,MTN,MD,AEA,EN,Federal Contract Tower,0,4,40,15,59,0,0,220,9,229,0,4,260,24,288,252,10,262,550
03/22/2002,MTN,MD,AEA,EN,Federal Contract Tower,0,2,51,1,54,0,0,78,0,78,0,2,129,1,132,4,2,6,138
03/23/2002,MTN,MD,AEA,EN,Federal Contract Tower,0,4,30,8,42,0,0,209,13,222,0,4,239,21,264,138,0,138,402
03/24/2002,MTN,MD,AEA,EN,Federal Contract Tower,0,1,36,2,39,0,0,183,0,183,0,1,219,2,222,216,0,216,438
03/25/2002,MTN,MD,AEA,EN,Federal Contract Tower,0,0,41,1,42,0,0,132,0,132,0,0,173,1,174,116,0,116,290
03/26/2002,MTN,MD,AEA,EN,Federal Contract Tower,0,0,19,4,23,0,0,0,0,0,0,0,19,4,23,0,0,0,23
03/27/2002,MTN,MD,AEA,EN,Federal Contract Tower,0,1,32,18,51,0,0,195,36,231,0,1,227,54,282,170,10,180,462
03/28/2002,MTN,MD,AEA,EN,Federal Contract Tower,0,0,41,12,53,0,0,309,14,323,0,0,350,26,376,234,10,244,620
03/29/2002,MTN,MD,AEA,EN,Federal Contract Tower,0,4,31,6,41,0,0,214,21,235,0,4,245,27,276,168,0,168,444
03/30/2002,MTN,MD,AEA,EN,Federal Contract Tower,0,3,38,1,42,0,0,231,0,231,0,3,269,1,273,290,0,290,563
03/31/2002,MTN,MD,AEA,EN,Federal Contract Tower,0,4,30,2,36,0,0,27,0,27,0,4,57,2,63,24,0,24,87
04/01/2002,MTN,MD,AEA,EN,Federal Contract Tower,0,2,44,1,47,0,1,112,1,114,0,3,156,2,161,106,0,106,267
04/02/2002,MTN,MD,AEA,EN,Federal Contract Tower,0,3,31,9,43,0,0,230,44,274,0,3,261,53,317,194,0,194,511
04/03/2002,MTN,MD,AEA,EN,Federal Contract Tower,0,1,32,26,59,0,0,109,12,121,0,1,141,38,180,122,0,122,302
04/04/2002,MTN,MD,AEA,EN,Federal Contract Tower,0,4,43,23,70,0,0,235,21,256,0,4,278,44,326,242,2,244,570
04/05/2002,MTN,MD,AEA,EN,Federal Contract Tower,0,1,41,5,47,0,1,162,10,173,0,2,203,15,220,196,8,204,424
04/06/2002,MTN,MD,AEA,EN,Federal Contract Tower,0,4,40,13,57,0,0,125,1,126,0,4,165,14,183,56,2,58,241
04/07/2002,MTN,MD,AEA,EN,Federal Contract Tower,0,1,13,12,26,0,0,223,0,223,0,1,236,12,249,228,0,228,477
04/08/2002,MTN,MD,AEA,EN,Federal Contract Tower,0,0,33,0,33,0,0,165,0,165,0,0,198,0,198,114,0,114,312
04/09/2002,MTN,MD,AEA,EN,Federal Contract Tower,0,1,28,21,50,0,0,111,12,123,0,1,139,33,173,66,14,80,253
04/10/2002,MTN,MD,AEA,EN,Federal Contract Tower,0,5,32,20,57,0,0,231,28,259,0,5,263,48,316,154,16,170,486
04/11/2002,MTN,MD,AEA,EN,Federal Contract Tower,0,3,34,24,61,0,1,235,24,260,0,4,269,48,321,206,6,212,533
04/12/2002,MTN,MD,AEA,EN,Federal Contract Tower,0,2,86,10,98,0,0,16,0,16,0,2,102,10,114,2,8,10,124
04/13/2002,MTN,MD,AEA,EN,Federal Contract Tower,0,0,50,13,63,0,0,90,13,103,0,0,140,26,166,216,12,228,394
04/14/2002,MTN,MD,AEA,EN,Federal Contract Tower,0,0,44,0,44,0,0,171,0,171,0,0,215,0,215,178,2,180,395
04/15/2002,MTN,MD,AEA,EN,Federal Contract Tower,0,1,37,1,39,0,0,185,1,186,0,1,222,2,225,184,10,194,419
04/16/2002,MTN,MD,AEA,EN,Federal Contract Tower,0,2,66,18,86,0,0,242,24,266,0,2,308,42,352,228,10,238,590
04/17/2002,MTN,MD,AEA,EN,Federal Contract Tower,0,0,39,28,67,0,1,245,19,265,0,1,284,47,332,380,8,388,720
04/18/2002,MTN,MD,AEA,EN,Federal Contract Tower,0,7,45,13,65,0,0,128,11,139,0,7,173,24,204,158,14,172,376
04/19/2002,MTN,MD,AEA,EN,Federal Contract Tower,0,4,38,4,46,0,1,149,10,160,0,5,187,14,206,196,12,208,414
04/20/2002,MTN,MD,AEA,EN,Federal Contract Tower,0,0,31,0,31,0,0,135,2,137,0,0,166,2,168,142,0,142,310
04/21/2002,MTN,MD,AEA,EN,Federal Contract Tower,0,4,37,0,41,0,0,52,1,53,0,4,89,1,94,66,0,66,160
04/22/2002,MTN,MD,AEA,EN,Federal Contract Tower,0,7,48,5,60,0,0,32,2,34,0,7,80,7,94,16,2,18,112
04/23/2002,MTN,MD,AEA,EN,Federal Contract Tower,0,2,39,22,63,0,0,220,19,239,0,2,259,41,302,146,4,150,452
04/24/2002,MTN,MD,AEA,EN,Federal Contract Tower,0,1,42,19,62,0,0,321,19,340,0,1,363,38,402,238,18,256,658
04/25/2002,MTN,MD,AEA,EN,Federal Contract Tower,0,3,51,24,78,0,0,50,8,58,0,3,101,32,136,34,0,34,170
04/26/2002,MTN,MD,AEA,EN,Federal Contract Tower,0,3,28,14,45,0,1,194,23,218,0,4,222,37,263,150,4,154,417
04/27/2002,MTN,MD,AEA,EN,Federal Contract Tower,0,3,25,1,29,0,0,294,1,295,0,3,319,2,324,312,0,312,636
04/28/2002,MTN,MD,AEA,EN,Federal Contract Tower,0,3,20,0,23,0,0,21,1,22,0,3,41,1,45,6,0,6,51
04/29/2002,MTN,MD,AEA,EN,Federal Contract Tower,0,1,40,2,43,0,0,92,1,93,0,1,132,3,136,42,0,42,178
04/30/2002,MTN,MD,AEA,EN,Federal Contract Tower,0,2,41,25,68,0,0,192,20,212,0,2,233,45,280,160,22,182,462
05/01/2002,MTN,MD,AEA,EN,Federal Contract Tower,0,7,44,31,82,0,0,229,17,246,0,7,273,48,328,162,14,176,504
05/02/2002,MTN,MD,AEA,EN,Federal Contract Tower,0,5,26,4,35,0,0,61,0,61,0,5,87,4,96,14,0,14,110
05/03/2002,MTN,MD,AEA,EN,Federal Contract Tower,0,0,45,14,59,0,0,135,15,150,0,0,180,29,209,38,10,48,257
05/04/2002,MTN,MD,AEA,EN,Federal Contract Tower,0,0,24,15,39,0,0,270,3,273,0,0,294,18,312,210,6,216,528
05/05/2002,MTN,MD,AEA,EN,Federal Contract Tower,0,0,30,10,40,0,1,245,0,246,0,1,275,10,286,222,2,224,510
05/06/2002,MTN,MD,AEA,EN,Federal Contract Tower,0,1,40,0,41,0,0,181,0,181,0,1,221,0,222,230,4,234,456
05/07/2002,MTN,MD,AEA,EN,Federal Contract Tower,0,2,33,13,48,0,0,162,15,177,0,2,195,28,225,160,20,180,405
05/08/2002,MTN,MD,AEA,EN,Federal Contract Tower,0,2,48,23,73,0,0,193,39,232,0,2,241,62,305,148,4,152,457
05/09/2002,MTN,MD,AEA,EN,Federal Contract Tower,0,4,49,0,53,0,0,5,0,5,0,4,54,0,58,0,0,0,58
05/10/2002,MTN,MD,AEA,EN,Federal Contract Tower,0,2,73,15,90,0,0,231,28,259,0,2,304,43,349,134,2,136,485
05/11/2002,MTN,MD,AEA,EN,Federal Contract Tower,0,0,37,0,37,0,0,209,0,209,0,0,246,0,246,172,0,172,418
05/12/2002,MTN,MD,AEA,EN,Federal Contract Tower,0,2,29,1,32,0,0,85,1,86,0,2,114,2,118,72,4,76,194
05/13/2002,MTN,MD,AEA,EN,Federal Contract Tower,0,0,35,1,36,0,0,55,0,55,0,0,90,1,91,4,0,4,95
05/14/2002,MTN,MD,AEA,EN,Federal Contract Tower,0,2,25,22,49,0,0,168,27,195,0,2,193,49,244,20,6,26,270
05/15/2002,MTN,MD,AEA,EN,Federal Contract Tower,0,4,64,19,87,0,0,225,7,232,0,4,289,26,319,136,14,150,469
05/16/2002,MTN,MD,AEA,EN,Federal Contract Tower,0,2,56,12,70,0,0,261,33,294,0,2,317,45,364,196,4,200,564
05/17/2002,MTN,MD,AEA,EN,Federal Contract Tower,0,6,50,7,63,0,1,141,9,151,0,7,191,16,214,110,6,116,330
05/18/2002,MTN,MD,AEA,EN,Federal Contract Tower,0,3,31,7,41,0,0,64,5,69,0,3,95,12,110,42,8,50,160
05/19/2002,MTN,MD,AEA,EN,Federal Contract Tower,0,3,40,4,47,0,0,240,3,243,0,3,280,7,290,242,2,244,534
05/20/2002,MTN,MD,AEA,EN,Federal Contract Tower,0,2,43,4,49,0,0,194,14,208,0,2,237,18,257,244,2,246,503
05/21/2002,MTN,MD,AEA,EN,Federal Contract Tower,0,3,43,14,60,0,0,274,20,294,0,3,317,34,354,212,4,216,570
05/22/2002,MTN,MD,AEA,EN,Federal Contract Tower,0,7,45,18,70,0,0,335,37,372,0,7,380,55,442,268,20,288,730
05/23/2002,MTN,MD,AEA,EN,Federal Contract Tower,0,5,42,18,65,0,1,298,15,314,0,6,340,33,379,196,6,202,581
05/24/2002,MTN,MD,AEA,EN,Federal Contract Tower,0,2,48,7,57,0,0,195,5,200,0,2,243,12,257,108,2,110,367
05/25/2002,MTN,MD,AEA,EN,Federal Contract Tower,0,0,28,0,28,0,0,168,0,168,0,0,196,0,196,88,4,92,288
05/26/2002,MTN,MD,AEA,EN,Federal Contract Tower,0,1,30,1,32,0,0,66,0,66,0,1,96,1,98,32,0,32,130
05/27/2002,MTN,MD,AEA,EN,Federal Contract Tower,0,2,19,0,21,0,0,130,0,130,0,2,149,0,151,84,0,84,235
05/28/2002,MTN,MD,AEA,EN,Federal Contract Tower,0,3,40,1,44,0,0,202,9,211,0,3,242,10,255,270,2,272,527
05/29/2002,MTN,MD,AEA,EN,Federal Contract Tower,0,9,41,17,67,0,1,166,12,179,0,10,207,29,246,200,24,224,470
05/30/2002,MTN,MD,AEA,EN,Federal Contract Tower,0,1,52,24,77,0,0,190,15,205,0,1,242,39,282,136,24,160,442
05/31/2002,MTN,MD,AEA,EN,Federal Contract Tower,0,4,33,15,52,0,0,181,17,198,0,4,214,32,250,150,10,160,410
06/01/2002,MTN,MD,AEA,EN,Federal Contract Tower,0,0,6,4,10,0,0,82,37,119,0,0,88,41,129,65,37,102,231
06/02/2002,MTN,MD,AEA,EN,Federal Contract Tower,0,0,1,2,3,0,2,22,0,24,0,2,23,2,27,6,0,6,33
06/03/2002,MTN,MD,AEA,EN,Federal Contract Tower,0,0,0,0,0,0,0,0,0,0,0,0,0,0,0,0,0,0,0
06/04/2002,MTN,MD,AEA,EN,Federal Contract Tower,0,3,6,4,13,0,1,115,29,145,0,4,121,33,158,92,28,120,278
06/05/2002,MTN,MD,AEA,EN,Federal Contract Tower,0,2,13,9,24,0,0,56,115,171,0,2,69,124,195,38,112,150,345
06/06/2002,MTN,MD,AEA,EN,Federal Contract Tower,0,1,3,2,6,0,1,38,6,45,0,2,41,8,51,39,0,39,90
06/07/2002,MTN,MD,AEA,EN,Federal Contract Tower,0,2,11,8,21,0,0,151,15,166,0,2,162,23,187,146,20,166,353
06/08/2002,MTN,MD,AEA,EN,Federal Contract Tower,0,0,5,4,9,0,0,112,23,135,0,0,117,27,144,87,20,107,251
06/09/2002,MTN,MD,AEA,EN,Federal Contract Tower,0,0,15,8,23,0,0,114,51,165,0,0,129,59,188,92,42,134,322
06/10/2002,MTN,MD,AEA,EN,Federal Contract Tower,0,0,0,0,0,0,0,0,0,0,0,0,0,0,0,0,0,0,0
06/11/2002,MTN,MD,AEA,EN,Federal Contract Tower,0,3,19,11,33,12,7,118,141,278,12,10,137,152,311,98,122,220,531
06/12/2002,MTN,MD,AEA,EN,Federal Contract Tower,0,2,19,10,31,0,0,128,169,297,0,2,147,179,328,122,172,294,622
06/13/2002,MTN,MD,AEA,EN,Federal Contract Tower,0,2,9,1,12,0,0,12,0,12,0,2,21,1,24,8,0,8,32
06/14/2002,MTN,MD,AEA,EN,Federal Contract Tower,0,0,7,1,8,0,2,9,0,11,0,2,16,1,19,0,0,0,19
06/15/2002,MTN,MD,AEA,EN,Federal Contract Tower,0,0,5,3,8,0,0,110,3,113,0,0,115,6,121,87,4,91,212
06/16/2002,MTN,MD,AEA,EN,Federal Contract Tower,0,0,0,0,0,0,0,8,0,8,0,0,8,0,8,4,0,4,12
06/17/2002,MTN,MD,AEA,EN,Federal Contract Tower,0,0,0,0,0,0,0,0,0,0,0,0,0,0,0,0,0,0,0
06/18/2002,MTN,MD,AEA,EN,Federal Contract Tower,0,1,14,9,24,0,5,183,69,257,0,6,197,78,281,148,66,214,495
06/19/2002,MTN,MD,AEA,EN,Federal Contract Tower,0,1,11,7,19,0,3,91,97,191,0,4,102,104,210,82,88,170,380
06/20/2002,MTN,MD,AEA,EN,Federal Contract Tower,0,2,23,13,38,0,0,199,100,299,0,2,222,113,337,184,98,282,619
06/21/2002,MTN,MD,AEA,EN,Federal Contract Tower,0,0,7,5,12,0,2,68,18,88,0,2,75,23,100,48,4,52,152
06/22/2002,MTN,MD,AEA,EN,Federal Contract Tower,0,0,5,1,6,0,0,134,0,134,0,0,139,1,140,80,0,80,220
06/23/2002,MTN,MD,AEA,EN,Federal Contract Tower,0,0,2,0,2,0,1,30,1,32,0,1,32,1,34,12,0,12,46
06/24/2002,MTN,MD,AEA,EN,Federal Contract Tower,0,0,0,0,0,0,0,0,0,0,0,0,0,0,0,0,0,0,0
06/25/2002,MTN,MD,AEA,EN,Federal Contract Tower,0,2,17,9,28,0,1,65,165,231,0,3,82,174,259,60,126,186,445
06/26/2002,MTN,MD,AEA,EN,Federal Contract Tower,0,2,18,10,30,0,0,114,91,205,0,2,132,101,235,64,76,140,375
06/27/2002,MTN,MD,AEA,EN,Federal Contract Tower,0,1,13,8,22,0,6,117,54,177,0,7,130,62,199,100,48,148,347
06/28/2002,MTN,MD,AEA,EN,Federal Contract Tower,0,2,19,12,33,0,0,55,52,107,0,2,74,64,140,68,56,124,264
06/29/2002,MTN,MD,AEA,EN,Federal Contract Tower,0,0,10,6,16,0,0,159,4,163,0,0,169,10,179,130,9,139,318
06/30/2002,MTN,MD,AEA,EN,Federal Contract Tower,0,0,7,4,11,0,0,92,3,95,0,0,99,7,106,46,0,46,152
07/01/2002,MTN,MD,AEA,EN,Federal Contract Tower,0,4,32,8,44,0,0,174,3,177,0,4,206,11,221,98,0,98,319
07/02/2002,MTN,MD,AEA,EN,Federal Contract Tower,0,3,38,16,57,0,0,145,18,163,0,3,183,34,220,86,12,98,318
07/03/2002,MTN,MD,AEA,EN,Federal Contract Tower,0,6,37,15,58,0,0,118,23,141,0,6,155,38,199,34,8,42,241
07/04/2002,MTN,MD,AEA,EN,Federal Contract Tower,0,2,10,4,16,0,0,128,7,135,0,2,138,11,151,116,0,116,267
07/05/2002,MTN,MD,AEA,EN,Federal Contract Tower,0,5,13,3,21,0,2,173,0,175,0,7,186,3,196,76,0,76,272
07/06/2002,MTN,MD,AEA,EN,Federal Contract Tower,0,3,19,0,22,0,0,166,0,166,0,3,185,0,188,124,2,126,314
07/07/2002,MTN,MD,AEA,EN,Federal Contract Tower,0,8,82,1,91,0,0,63,0,63,0,8,145,1,154,50,0,50,204
07/08/2002,MTN,MD,AEA,EN,Federal Contract Tower,0,2,83,4,89,0,0,65,0,65,0,2,148,4,154,20,0,20,174
07/09/2002,MTN,MD,AEA,EN,Federal Contract Tower,0,1,47,11,59,0,0,166,29,195,0,1,213,40,254,180,0,180,434
07/10/2002,MTN,MD,AEA,EN,Federal Contract Tower,0,1,52,25,78,0,0,185,16,201,0,1,237,41,279,196,6,202,481
07/11/2002,MTN,MD,AEA,EN,Federal Contract Tower,0,1,36,19,56,0,0,234,17,251,0,1,270,36,307,196,16,212,519
07/12/2002,MTN,MD,AEA,EN,Federal Contract Tower,0,6,55,9,70,0,0,204,15,219,0,6,259,24,289,156,8,164,453
07/13/2002,MTN,MD,AEA,EN,Federal Contract Tower,0,2,42,17,61,0,0,271,34,305,0,2,313,51,366,280,0,280,646
07/14/2002,MTN,MD,AEA,EN,Federal Contract Tower,0,9,58,1,68,0,0,73,0,73,0,9,131,1,141,2,0,2,143
07/15/2002,MTN,MD,AEA,EN,Federal Contract Tower,0,0,42,3,45,0,0,207,0,207,0,0,249,3,252,168,2,170,422
07/16/2002,MTN,MD,AEA,EN,Federal Contract Tower,0,3,48,23,74,0,0,212,24,236,0,3,260,47,310,156,8,164,474
07/17/2002,MTN,MD,AEA,EN,Federal Contract Tower,0,0,48,14,62,0,0,197,20,217,0,0,245,34,279,110,0,110,389
07/18/2002,MTN,MD,AEA,EN,Federal Contract Tower,0,6,73,11,90,0,0,134,15,149,0,6,207,26,239,114,40,154,393
07/19/2002,MTN,MD,AEA,EN,Federal Contract Tower,0,2,45,11,58,0,0,65,5,70,0,2,110,16,128,78,6,84,212
07/20/2002,MTN,MD,AEA,EN,Federal Contract Tower,0,2,26,6,34,0,0,202,10,212,0,2,228,16,246,186,0,186,432
07/21/2002,MTN,MD,AEA,EN,Federal Contract Tower,0,4,53,3,60,0,0,141,0,141,0,4,194,3,201,160,2,162,363
07/22/2002,MTN,MD,AEA,EN,Federal Contract Tower,0,1,42,0,43,0,0,163,10,173,0,1,205,10,216,142,4,146,362
07/23/2002,MTN,MD,AEA,EN,Federal Contract Tower,0,2,28,4,34,0,0,165,8,173,0,2,193,12,207,134,12,146,353
07/24/2002,MTN,MD,AEA,EN,Federal Contract Tower,0,5,43,8,56,0,0,97,4,101,0,5,140,12,157,102,2,104,261
07/25/2002,MTN,MD,AEA,EN,Federal Contract Tower,0,6,41,5,52,0,0,173,8,181,0,6,214,13,233,186,8,194,427
07/26/2002,MTN,MD,AEA,EN,Federal Contract Tower,0,7,36,3,46,0,1,112,5,118,0,8,148,8,164,140,2,142,306
07/27/2002,MTN,MD,AEA,EN,Federal Contract Tower,0,0,34,0,34,0,0,38,0,38,0,0,72,0,72,70,4,74,146
07/28/2002,MTN,MD,AEA,EN,Federal Contract Tower,0,6,31,4,41,0,0,181,0,181,0,6,212,4,222,162,0,162,384
07/29/2002,MTN,MD,AEA,EN,Federal Contract Tower,0,2,29,2,33,0,0,182,0,182,0,2,211,2,215,98,8,106,321
07/30/2002,MTN,MD,AEA,EN,Federal Contract Tower,0,0,30,12,42,0,0,194,26,220,0,0,224,38,262,176,0,176,438
07/31/2002,MTN,MD,AEA,EN,Federal Contract Tower,0,1,37,24,62,0,0,223,9,232,0,1,260,33,294,122,18,140,434
08/01/2002,MTN,MD,AEA,EN,Federal Contract Tower,0,5,33,20,58,0,0,247,6,253,0,5,280,26,311,174,8,182,493
08/02/2002,MTN,MD,AEA,EN,Federal Contract Tower,0,0,29,10,39,0,0,196,23,219,0,0,225,33,258,138,6,144,402
08/03/2002,MTN,MD,AEA,EN,Federal Contract Tower,0,2,28,1,31,0,0,137,0,137,0,2,165,1,168,78,6,84,252
08/04/2002,MTN,MD,AEA,EN,Federal Contract Tower,0,1,41,1,43,0,0,128,0,128,0,1,169,1,171,66,2,68,239
08/05/2002,MTN,MD,AEA,EN,Federal Contract Tower,0,5,28,1,34,0,0,101,0,101,0,5,129,1,135,94,2,96,231
08/06/2002,MTN,MD,AEA,EN,Federal Contract Tower,0,3,42,19,64,0,0,176,20,196,0,3,218,39,260,122,4,126,386
08/07/2002,MTN,MD,AEA,EN,Federal Contract Tower,0,6,35,13,54,0,0,248,23,271,0,6,283,36,325,202,10,212,537
08/08/2002,MTN,MD,AEA,EN,Federal Contract Tower,0,9,58,20,87,0,0,232,20,252,0,9,290,40,339,200,6,206,545
08/09/2002,MTN,MD,AEA,EN,Federal Contract Tower,0,6,57,16,79,0,1,249,35,285,0,7,306,51,364,206,8,214,578
08/10/2002,MTN,MD,AEA,EN,Federal Contract Tower,0,0,23,9,32,0,0,209,1,210,0,0,232,10,242,140,0,140,382
08/11/2002,MTN,MD,AEA,EN,Federal Contract Tower,0,2,45,0,47,0,0,256,0,256,0,2,301,0,303,236,0,236,539
08/12/2002,MTN,MD,AEA,EN,Federal Contract Tower,0,2,34,5,41,0,0,218,0,218,0,2,252,5,259,182,4,186,445
08/13/2002,MTN,MD,AEA,EN,Federal Contract Tower,0,4,32,16,52,0,0,226,35,261,0,4,258,51,313,230,0,230,543
08/14/2002,MTN,MD,AEA,EN,Federal Contract Tower,0,1,30,20,51,0,0,207,19,226,0,1,237,39,277,160,8,168,445
08/15/2002,MTN,MD,AEA,EN,Federal Contract Tower,0,0,40,15,55,0,0,202,11,213,0,0,242,26,268,122,0,122,390
08/16/2002,MTN,MD,AEA,EN,Federal Contract Tower,0,4,36,13,53,0,0,185,16,201,0,4,221,29,254,130,12,142,396
08/17/2002,MTN,MD,AEA,EN,Federal Contract Tower,0,2,25,11,38,0,0,130,18,148,0,2,155,29,186,184,30,214,400
08/18/2002,MTN,MD,AEA,EN,Federal Contract Tower,0,1,31,4,36,0,0,171,8,179,0,1,202,12,215,178,0,178,393
08/19/2002,MTN,MD,AEA,EN,Federal Contract Tower,0,0,29,3,32,0,0,139,0,139,0,0,168,3,171,74,0,74,245
08/20/2002,MTN,MD,AEA,EN,Federal Contract Tower,0,5,38,15,58,0,0,183,23,206,0,5,221,38,264,232,22,254,518
08/21/2002,MTN,MD,AEA,EN,Federal Contract Tower,0,0,37,17,54,0,0,246,25,271,0,0,283,42,325,240,14,254,579
08/22/2002,MTN,MD,AEA,EN,Federal Contract Tower,0,3,25,19,47,0,0,230,9,239,0,3,255,28,286,204,10,214,500
08/23/2002,MTN,MD,AEA,EN,Federal Contract Tower,0,3,38,10,51,0,0,192,23,215,0,3,230,33,266,222,14,236,502
08/24/2002,MTN,MD,AEA,EN,Federal Contract Tower,0,3,22,1,26,0,0,118,6,124,0,3,140,7,150,132,0,132,282
08/25/2002,MTN,MD,AEA,EN,Federal Contract Tower,0,4,34,3,41,0,0,204,0,204,0,4,238,3,245,216,0,216,461
08/26/2002,MTN,MD,AEA,EN,Federal Contract Tower,0,0,40,5,45,0,0,176,1,177,0,0,216,6,222,168,0,168,390
08/27/2002,MTN,MD,AEA,EN,Federal Contract Tower,0,3,52,26,81,0,0,220,13,233,0,3,272,39,314,226,0,226,540
08/28/2002,MTN,MD,AEA,EN,Federal Contract Tower,0,3,40,9,52,0,0,59,1,60,0,3,99,10,112,54,0,54,166
08/29/2002,MTN,MD,AEA,EN,Federal Contract Tower,0,0,62,9,71,0,0,54,9,63,0,0,116,18,134,22,0,22,156
08/30/2002,MTN,MD,AEA,EN,Federal Contract Tower,0,1,49,8,58,0,0,237,20,257,0,1,286,28,315,328,0,328,643
08/31/2002,MTN,MD,AEA,EN,Federal Contract Tower,0,2,34,0,36,0,0,146,0,146,0,2,180,0,182,154,0,154,336
09/01/2002,MTN,MD,AEA,EN,Federal Contract Tower,0,2,19,3,24,0,0,1,0,1,0,2,20,3,25,0,0,0,25
09/02/2002,MTN,MD,AEA,EN,Federal Contract Tower,0,3,40,0,43,0,0,146,0,146,0,3,186,0,189,188,0,188,377
09/03/2002,MTN,MD,AEA,EN,Federal Contract Tower,0,0,28,0,28,0,0,183,0,183,0,0,211,0,211,162,2,164,375
09/04/2002,MTN,MD,AEA,EN,Federal Contract Tower,0,0,30,21,51,0,0,196,15,211,0,0,226,36,262,252,12,264,526
09/05/2002,MTN,MD,AEA,EN,Federal Contract Tower,0,2,32,8,42,0,0,250,30,280,0,2,282,38,322,270,2,272,594
09/06/2002,MTN,MD,AEA,EN,Federal Contract Tower,0,2,34,6,42,0,0,376,22,398,0,2,410,28,440,310,14,324,764
09/07/2002,MTN,MD,AEA,EN,Federal Contract Tower,0,2,16,0,18,0,0,228,6,234,0,2,244,6,252,236,0,236,488
09/08/2002,MTN,MD,AEA,EN,Federal Contract Tower,0,3,22,0,25,0,0,180,0,180,0,3,202,0,205,156,0,156,361
09/09/2002,MTN,MD,AEA,EN,Federal Contract Tower,0,4,38,0,42,0,0,186,0,186,0,4,224,0,228,216,2,218,446
09/10/2002,MTN,MD,AEA,EN,Federal Contract Tower,0,9,55,24,88,0,0,214,12,226,0,9,269,36,314,252,4,256,570
09/11/2002,MTN,MD,AEA,EN,Federal Contract Tower,0,1,19,20,40,0,0,81,19,100,0,1,100,39,140,30,10,40,180
09/12/2002,MTN,MD,AEA,EN,Federal Contract Tower,0,4,41,19,64,0,2,158,10,170,0,6,199,29,234,160,8,168,402
09/13/2002,MTN,MD,AEA,EN,Federal Contract Tower,0,1,46,8,55,0,0,239,36,275,0,1,285,44,330,166,4,170,500
09/14/2002,MTN,MD,AEA,EN,Federal Contract Tower,0,0,22,11,33,0,0,177,20,197,0,0,199,31,230,348,20,368,598
09/15/2002,MTN,MD,AEA,EN,Federal Contract Tower,0,1,27,4,32,0,0,16,6,22,0,1,43,10,54,8,0,8,62
09/16/2002,MTN,MD,AEA,EN,Federal Contract Tower,0,0,34,1,35,0,0,117,0,117,0,0,151,1,152,214,8,222,374
09/17/2002,MTN,MD,AEA,EN,Federal Contract Tower,0,2,30,22,54,0,0,268,28,296,0,2,298,50,350,362,0,362,712
09/18/2002,MTN,MD,AEA,EN,Federal Contract Tower,0,4,44,21,69,0,0,212,19,231,0,4,256,40,300,158,22,180,480
09/19/2002,MTN,MD,AEA,EN,Federal Contract Tower,0,0,37,19,56,0,0,166,20,186,0,0,203,39,242,168,2,170,412
09/20/2002,MTN,MD,AEA,EN,Federal Contract Tower,0,2,49,2,53,0,0,168,16,184,0,2,217,18,237,154,8,162,399
09/21/2002,MTN,MD,AEA,EN,Federal Contract Tower,0,1,26,3,30,0,0,231,2,233,0,1,257,5,263,320,0,320,583
09/22/2002,MTN,MD,AEA,EN,Federal Contract Tower,0,2,34,0,36,0,0,112,0,112,0,2,146,0,148,148,0,148,296
09/23/2002,MTN,MD,AEA,EN,Federal Contract Tower,0,7,31,5,43,0,0,186,0,186,0,7,217,5,229,170,0,170,399
09/24/2002,MTN,MD,AEA,EN,Federal Contract Tower,0,9,38,27,74,0,0,231,10,241,0,9,269,37,315,186,16,202,517
09/25/2002,MTN,MD,AEA,EN,Federal Contract Tower,0,2,25,12,39,0,0,213,8,221,0,2,238,20,260,156,6,162,422
09/26/2002,MTN,MD,AEA,EN,Federal Contract Tower,0,2,77,4,83,0,3,43,0,46,0,5,120,4,129,72,0,72,201
09/27/2002,MTN,MD,AEA,EN,Federal Contract Tower,0,7,34,10,51,0,0,23,3,26,0,7,57,13,77,6,0,6,83
09/28/2002,MTN,MD,AEA,EN,Federal Contract Tower,0,0,34,0,34,0,0,158,0,158,0,0,192,0,192,38,0,38,230
09/29/2002,MTN,MD,AEA,EN,Federal Contract Tower,0,1,47,1,49,0,0,239,0,239,0,1,286,1,288,226,0,226,514
09/30/2002,MTN,MD,AEA,EN,Federal Contract Tower,0,0,40,0,40,0,0,166,0,166,0,0,206,0,206,204,4,208,414
10/01/2002,MTN,MD,AEA,EN,Federal Contract Tower,0,0,28,18,46,0,0,214,14,228,0,0,242,32,274,256,0,256,530
10/02/2002,MTN,MD,AEA,EN,Federal Contract Tower,0,0,46,16,62,0,0,225,7,232,0,0,271,23,294,204,14,218,512
10/03/2002,MTN,MD,AEA,EN,Federal Contract Tower,0,6,46,10,62,0,0,195,9,204,0,6,241,19,266,198,10,208,474
10/04/2002,MTN,MD,AEA,EN,Federal Contract Tower,0,7,48,9,64,0,0,89,5,94,0,7,137,14,158,64,6,70,228
10/05/2002,MTN,MD,AEA,EN,Federal Contract Tower,0,1,28,12,41,0,0,174,11,185,0,1,202,23,226,216,8,224,450
10/06/2002,MTN,MD,AEA,EN,Federal Contract Tower,0,2,33,11,46,0,0,208,0,208,0,2,241,11,254,228,2,230,484
10/07/2002,MTN,MD,AEA,EN,Federal Contract Tower,0,2,36,2,40,0,0,159,6,165,0,2,195,8,205,204,6,210,415
10/08/2002,MTN,MD,AEA,EN,Federal Contract Tower,0,5,38,14,57,0,0,198,7,205,0,5,236,21,262,174,4,178,440
10/09/2002,MTN,MD,AEA,EN,Federal Contract Tower,0,2,66,19,87,0,0,178,9,187,0,2,244,28,274,166,10,176,450
10/10/2002,MTN,MD,AEA,EN,Federal Contract Tower,0,6,62,1,69,0,0,0,0,0,0,6,62,1,69,0,0,0,69
10/11/2002,MTN,MD,AEA,EN,Federal Contract Tower,0,3,69,2,74,0,0,1,1,2,0,3,70,3,76,0,0,0,76
10/12/2002,MTN,MD,AEA,EN,Federal Contract Tower,0,0,42,4,46,0,0,22,0,22,0,0,64,4,68,6,0,6,74
10/13/2002,MTN,MD,AEA,EN,Federal Contract Tower,0,2,37,3,42,0,0,35,0,35,0,2,72,3,77,30,2,32,109
10/14/2002,MTN,MD,AEA,EN,Federal Contract Tower,0,1,35,2,38,0,0,224,0,224,0,1,259,2,262,118,0,118,380
10/15/2002,MTN,MD,AEA,EN,Federal Contract Tower,0,1,43,0,44,0,0,162,0,162,0,1,205,0,206,164,6,170,376
10/16/2002,MTN,MD,AEA,EN,Federal Contract Tower,0,6,26,0,32,0,0,12,0,12,0,6,38,0,44,0,0,0,44
10/17/2002,MTN,MD,AEA,EN,Federal Contract Tower,0,3,40,20,63,0,0,218,39,257,0,3,258,59,320,228,14,242,562
10/18/2002,MTN,MD,AEA,EN,Federal Contract Tower,0,7,47,10,64,0,0,258,11,269,0,7,305,21,333,164,14,178,511
10/19/2002,MTN,MD,AEA,EN,Federal Contract Tower,0,7,29,12,48,0,0,165,38,203,0,7,194,50,251,144,10,154,405
10/20/2002,MTN,MD,AEA,EN,Federal Contract Tower,0,1,37,4,42,0,0,150,0,150,0,1,187,4,192,198,8,206,398
10/21/2002,MTN,MD,AEA,EN,Federal Contract Tower,0,0,40,2,42,0,0,180,1,181,0,0,220,3,223,176,16,192,415
10/22/2002,MTN,MD,AEA,EN,Federal Contract Tower,0,0,37,13,50,0,0,198,10,208,0,0,235,23,258,188,16,204,462
10/23/2002,MTN,MD,AEA,EN,Federal Contract Tower,0,2,44,21,67,0,0,228,9,237,0,2,272,30,304,176,2,178,482
10/24/2002,MTN,MD,AEA,EN,Federal Contract Tower,0,4,49,18,71,0,0,176,1,177,0,4,225,19,248,188,14,202,450
10/25/2002,MTN,MD,AEA,EN,Federal Contract Tower,0,5,60,2,67,0,0,71,0,71,0,5,131,2,138,74,2,76,214
10/26/2002,MTN,MD,AEA,EN,Federal Contract Tower,0,3,32,0,35,0,0,76,1,77,0,3,108,1,112,56,0,56,168
10/27/2002,MTN,MD,AEA,EN,Federal Contract Tower,0,1,41,1,43,0,0,214,0,214,0,1,255,1,257,224,0,224,481
10/28/2002,MTN,MD,AEA,EN,Federal Contract Tower,0,3,34,3,40,0,0,112,0,112,0,3,146,3,152,126,0,126,278
10/29/2002,MTN,MD,AEA,EN,Federal Contract Tower,0,1,26,10,37,0,0,50,1,51,0,1,76,11,88,36,0,36,124
10/30/2002,MTN,MD,AEA,EN,Federal Contract Tower,0,8,33,3,44,0,0,0,0,0,0,8,33,3,44,6,0,6,50
10/31/2002,MTN,MD,AEA,EN,Federal Contract Tower,0,3,37,5,45,0,0,159,2,161,0,3,196,7,206,194,2,196,402
11/01/2002,MTN,MD,AEA,EN,Federal Contract Tower,0,8,33,6,47,0,0,152,1,153,0,8,185,7,200,142,0,142,342
11/02/2002,MTN,MD,AEA,EN,Federal Contract Tower,0,1,12,12,25,0,0,183,0,183,0,1,195,12,208,132,6,138,346
11/03/2002,MTN,MD,AEA,EN,Federal Contract Tower,0,4,34,15,53,0,0,215,1,216,0,4,249,16,269,186,10,196,465
11/04/2002,MTN,MD,AEA,EN,Federal Contract Tower,0,4,28,0,32,0,0,182,6,188,0,4,210,6,220,190,4,194,414
11/05/2002,MTN,MD,AEA,EN,Federal Contract Tower,0,2,31,4,37,0,0,161,2,163,0,2,192,6,200,184,0,184,384
11/06/2002,MTN,MD,AEA,EN,Federal Contract Tower,0,8,36,11,55,0,0,75,5,80,0,8,111,16,135,32,10,42,177
11/07/2002,MTN,MD,AEA,EN,Federal Contract Tower,0,4,35,15,54,0,0,147,0,147,0,4,182,15,201,136,10,146,347
11/08/2002,MTN,MD,AEA,EN,Federal Contract Tower,0,0,28,8,36,0,0,196,0,196,0,0,224,8,232,132,12,144,376
11/09/2002,MTN,MD,AEA,EN,Federal Contract Tower,0,0,27,4,31,0,0,272,8,280,0,0,299,12,311,26,0,26,337
11/10/2002,MTN,MD,AEA,EN,Federal Contract Tower,0,0,31,0,31,0,0,154,0,154,0,0,185,0,185,50,2,52,237
11/11/2002,MTN,MD,AEA,EN,Federal Contract Tower,0,1,45,3,49,0,0,32,0,32,0,1,77,3,81,12,0,12,93
11/12/2002,MTN,MD,AEA,EN,Federal Contract Tower,0,0,39,0,39,0,0,30,0,30,0,0,69,0,69,0,0,0,69
11/13/2002,MTN,MD,AEA,EN,Federal Contract Tower,0,4,45,8,57,0,0,145,5,150,0,4,190,13,207,102,10,112,319
11/14/2002,MTN,MD,AEA,EN,Federal Contract Tower,0,2,43,10,55,0,0,202,14,216,0,2,245,24,271,62,8,70,341
11/15/2002,MTN,MD,AEA,EN,Federal Contract Tower,0,4,37,6,47,0,0,224,21,245,0,4,261,27,292,194,2,196,488
11/16/2002,MTN,MD,AEA,EN,Federal Contract Tower,0,1,25,2,28,0,0,1,0,1,0,1,26,2,29,0,0,0,29
11/17/2002,MTN,MD,AEA,EN,Federal Contract Tower,0,1,41,3,45,0,0,3,1,4,0,1,44,4,49,0,0,0,49
11/18/2002,MTN,MD,AEA,EN,Federal Contract Tower,0,0,27,1,28,0,0,155,0,155,0,0,182,1,183,40,0,40,223
11/19/2002,MTN,MD,AEA,EN,Federal Contract Tower,0,3,45,18,66,0,0,146,14,160,0,3,191,32,226,94,2,96,322
11/20/2002,MTN,MD,AEA,EN,Federal Contract Tower,0,3,67,28,98,0,0,212,12,224,0,3,279,40,322,106,14,120,442
11/21/2002,MTN,MD,AEA,EN,Federal Contract Tower,0,2,71,15,88,0,0,12,3,15,0,2,83,18,103,2,0,2,105
11/22/2002,MTN,MD,AEA,EN,Federal Contract Tower,0,3,23,0,26,0,0,47,0,47,0,3,70,0,73,40,4,44,117
11/23/2002,MTN,MD,AEA,EN,Federal Contract Tower,0,2,22,3,27,0,0,100,0,100,0,2,122,3,127,36,0,36,163
11/24/2002,MTN,MD,AEA,EN,Federal Contract Tower,0,4,28,1,33,0,0,212,0,212,0,4,240,1,245,286,0,286,531
11/25/2002,MTN,MD,AEA,EN,Federal Contract Tower,0,0,39,13,52,0,0,236,7,243,0,0,275,20,295,202,14,216,511
11/26/2002,MTN,MD,AEA,EN,Federal Contract Tower,0,2,38,27,67,0,0,176,16,192,0,2,214,43,259,156,12,168,427
11/27/2002,MTN,MD,AEA,EN,Federal Contract Tower,0,0,45,17,62,0,0,110,10,120,0,0,155,27,182,76,0,76,258
11/28/2002,MTN,MD,AEA,EN,Federal Contract Tower,0,0,14,0,14,0,0,97,0,97,0,0,111,0,111,38,0,38,149
11/29/2002,MTN,MD,AEA,EN,Federal Contract Tower,0,0,15,0,15,0,0,142,0,142,0,0,157,0,157,66,0,66,223
11/30/2002,MTN,MD,AEA,EN,Federal Contract Tower,0,0,20,1,21,0,0,146,0,146,0,0,166,1,167,216,0,216,383
12/01/2002,MTN,MD,AEA,EN,Federal Contract Tower,0,4,35,0,39,0,1,60,0,61,0,5,95,0,100,8,0,8,108
12/02/2002,MTN,MD,AEA,EN,Federal Contract Tower,0,2,33,0,35,0,0,212,1,213,0,2,245,1,248,160,0,160,408
12/03/2002,MTN,MD,AEA,EN,Federal Contract Tower,0,0,15,21,36,0,0,133,12,145,0,0,148,33,181,58,6,64,245
12/04/2002,MTN,MD,AEA,EN,Federal Contract Tower,0,5,36,18,59,0,0,183,44,227,0,5,219,62,286,108,6,114,400
12/05/2002,MTN,MD,AEA,EN,Federal Contract Tower,0,2,8,0,10,0,0,4,0,4,0,2,12,0,14,0,0,0,14
12/06/2002,MTN,MD,AEA,EN,Federal Contract Tower,0,1,23,8,32,0,0,173,9,182,0,1,196,17,214,170,4,174,388
12/07/2002,MTN,MD,AEA,EN,Federal Contract Tower,0,1,16,8,25,0,0,160,9,169,0,1,176,17,194,136,10,146,340
12/08/2002,MTN,MD,AEA,EN,Federal Contract Tower,0,2,19,0,21,0,0,186,1,187,0,2,205,1,208,234,0,234,442
12/09/2002,MTN,MD,AEA,EN,Federal Contract Tower,0,3,36,1,40,0,0,152,1,153,0,3,188,2,193,160,0,160,353
12/10/2002,MTN,MD,AEA,EN,Federal Contract Tower,0,2,36,16,54,0,0,170,26,196,0,2,206,42,250,194,4,198,448
12/11/2002,MTN,MD,AEA,EN,Federal Contract Tower,0,7,17,2,26,0,0,0,0,0,0,7,17,2,26,0,0,0,26
12/12/2002,MTN,MD,AEA,EN,Federal Contract Tower,0,3,44,18,65,0,0,194,38,232,0,3,238,56,297,118,4,122,419
12/13/2002,MTN,MD,AEA,EN,Federal Contract Tower,0,2,49,7,58,0,0,69,4,73,0,2,118,11,131,84,4,88,219
12/14/2002,MTN,MD,AEA,EN,Federal Contract Tower,0,0,11,1,12,0,0,60,0,60,0,0,71,1,72,0,0,0,72
12/15/2002,MTN,MD,AEA,EN,Federal Contract Tower,0,5,22,1,28,0,0,183,0,183,0,5,205,1,211,228,0,228,439
12/16/2002,MTN,MD,AEA,EN,Federal Contract Tower,0,6,35,1,42,0,0,90,0,90,0,6,125,1,132,30,0,30,162
12/17/2002,MTN,MD,AEA,EN,Federal Contract Tower,0,1,32,21,54,0,0,240,29,269,0,1,272,50,323,184,0,184,507
12/18/2002,MTN,MD,AEA,EN,Federal Contract Tower,0,2,34,21,57,0,0,209,14,223,0,2,243,35,280,134,16,150,430
12/19/2002,MTN,MD,AEA,EN,Federal Contract Tower,0,6,50,20,76,0,0,150,12,162,0,6,200,32,238,164,0,164,402
12/20/2002,MTN,MD,AEA,EN,Federal Contract Tower,0,7,32,4,43,0,0,89,5,94,0,7,121,9,137,22,6,28,165
12/21/2002,MTN,MD,AEA,EN,Federal Contract Tower,0,1,20,2,23,0,0,141,0,141,0,1,161,2,164,108,0,108,272
12/22/2002,MTN,MD,AEA,EN,Federal Contract Tower,0,3,13,1,17,0,0,192,1,193,0,3,205,2,210,160,0,160,370
12/23/2002,MTN,MD,AEA,EN,Federal Contract Tower,0,4,18,14,36,0,0,149,15,164,0,4,167,29,200,100,6,106,306
12/24/2002,MTN,MD,AEA,EN,Federal Contract Tower,0,1,15,0,16,0,0,105,0,105,0,1,120,0,121,144,0,144,265
12/25/2002,MTN,MD,AEA,EN,Federal Contract Tower,0,0,0,0,0,0,0,10,0,10,0,0,10,0,10,2,0,2,12
12/26/2002,MTN,MD,AEA,EN,Federal Contract Tower,0,1,27,11,39,0,0,119,16,135,0,1,146,27,174,38,0,38,212
12/27/2002,MTN,MD,AEA,EN,Federal Contract Tower,0,1,50,13,64,0,0,134,7,141,0,1,184,20,205,146,4,150,355
12/28/2002,MTN,MD,AEA,EN,Federal Contract Tower,0,5,36,3,44,0,0,184,0,184,0,5,220,3,228,186,10,196,424
12/29/2002,MTN,MD,AEA,EN,Federal Contract Tower,0,3,25,0,28,0,0,122,0,122,0,3,147,0,150,120,0,120,270
12/30/2002,MTN,MD,AEA,EN,Federal Contract Tower,0,0,29,1,30,0,0,210,2,212,0,0,239,3,242,278,0,278,520
12/31/2002,MTN,MD,AEA,EN,Federal Contract Tower,0,3,21,9,33,0,0,115,3,118,0,3,136,12,151,92,0,92,243
01/01/2003,MTN,MD,AEA,EN,Federal Contract Tower,0,2,6,0,8,0,0,0,0,0,0,2,6,0,8,0,0,0,8
01/02/2003,MTN,MD,AEA,EN,Federal Contract Tower,0,4,39,18,61,0,0,69,8,77,0,4,108,26,138,128,2,130,268
01/03/2003,MTN,MD,AEA,EN,Federal Contract Tower,0,2,21,0,23,0,0,1,0,1,0,2,22,0,24,0,0,0,24
01/04/2003,MTN,MD,AEA,EN,Federal Contract Tower,0,4,19,8,31,0,0,106,1,107,0,4,125,9,138,80,8,88,226
01/05/2003,MTN,MD,AEA,EN,Federal Contract Tower,0,3,24,10,37,0,0,15,5,20,0,3,39,15,57,20,0,20,77
01/06/2003,MTN,MD,AEA,EN,Federal Contract Tower,0,2,30,1,33,0,0,37,1,38,0,2,67,2,71,62,0,62,133
01/07/2003,MTN,MD,AEA,EN,Federal Contract Tower,0,2,35,9,46,0,0,92,0,92,0,2,127,9,138,66,0,66,204
01/08/2003,MTN,MD,AEA,EN,Federal Contract Tower,0,1,34,12,47,0,0,111,4,115,0,1,145,16,162,78,10,88,250
01/09/2003,MTN,MD,AEA,EN,Federal Contract Tower,0,4,30,12,46,0,0,146,12,158,0,4,176,24,204,134,6,140,344
01/10/2003,MTN,MD,AEA,EN,Federal Contract Tower,0,1,41,3,45,0,1,155,10,166,0,2,196,13,211,106,6,112,323
01/11/2003,MTN,MD,AEA,EN,Federal Contract Tower,0,0,12,3,15,0,0,157,24,181,0,0,169,27,196,104,2,106,302
01/12/2003,MTN,MD,AEA,EN,Federal Contract Tower,0,3,31,3,37,0,0,135,18,153,0,3,166,21,190,106,2,108,298
01/13/2003,MTN,MD,AEA,EN,Federal Contract Tower,0,0,39,4,43,0,0,114,0,114,0,0,153,4,157,74,4,78,235
01/14/2003,MTN,MD,AEA,EN,Federal Contract Tower,0,0,21,15,36,0,0,144,7,151,0,0,165,22,187,110,26,136,323
01/15/2003,MTN,MD,AEA,EN,Federal Contract Tower,0,4,13,10,27,0,0,176,24,200,0,4,189,34,227,138,0,138,365
01/16/2003,MTN,MD,AEA,EN,Federal Contract Tower,0,0,37,5,42,0,0,182,8,190,0,0,219,13,232,132,0,132,364
01/17/2003,MTN,MD,AEA,EN,Federal Contract Tower,0,3,28,3,34,0,0,118,7,125,0,3,146,10,159,50,4,54,213
01/18/2003,MTN,MD,AEA,EN,Federal Contract Tower,0,3,7,1,11,0,0,138,0,138,0,3,145,1,149,148,0,148,297
01/19/2003,MTN,MD,AEA,EN,Federal Contract Tower,0,0,15,1,16,0,0,86,0,86,0,0,101,1,102,76,0,76,178
01/20/2003,MTN,MD,AEA,EN,Federal Contract Tower,0,2,30,1,33,0,0,83,0,83,0,2,113,1,116,68,0,68,184
01/21/2003,MTN,MD,AEA,EN,Federal Contract Tower,0,3,33,0,36,0,0,111,0,111,0,3,144,0,147,74,0,74,221
01/22/2003,MTN,MD,AEA,EN,Federal Contract Tower,0,0,35,14,49,0,0,121,5,126,0,0,156,19,175,68,10,78,253
01/23/2003,MTN,MD,AEA,EN,Federal Contract Tower,0,2,17,10,29,0,0,119,9,128,0,2,136,19,157,36,2,38,195
01/24/2003,MTN,MD,AEA,EN,Federal Contract Tower,0,0,38,3,41,0,0,112,9,121,0,0,150,12,162,68,4,72,234
01/25/2003,MTN,MD,AEA,EN,Federal Contract Tower,0,1,21,3,25,0,0,181,1,182,0,1,202,4,207,120,0,120,327
01/26/2003,MTN,MD,AEA,EN,Federal Contract Tower,0,0,21,0,21,0,0,127,0,127,0,0,148,0,148,230,0,230,378
01/27/2003,MTN,MD,AEA,EN,Federal Contract Tower,0,3,29,4,36,0,0,138,4,142,0,3,167,8,178,14,4,18,196
01/28/2003,MTN,MD,AEA,EN,Federal Contract Tower,0,6,38,8,52,0,0,154,11,165,0,6,192,19,217,58,4,62,279
01/29/2003,MTN,MD,AEA,EN,Federal Contract Tower,0,2,34,0,36,0,0,4,0,4,0,2,38,0,40,0,4,4,44
01/30/2003,MTN,MD,AEA,EN,Federal Contract Tower,0,2,53,0,55,0,0,132,8,140,0,2,185,8,195,140,0,140,335
01/31/2003,MTN,MD,AEA,EN,Federal Contract Tower,0,0,19,4,23,0,0,4,0,4,0,0,23,4,27,2,2,4,31
02/01/2003,MTN,MD,AEA,EN,Federal Contract Tower,0,0,14,0,14,0,0,7,0,7,0,0,21,0,21,2,0,2,23
02/02/2003,MTN,MD,AEA,EN,Federal Contract Tower,0,5,27,2,34,0,0,204,1,205,0,5,231,3,239,218,0,218,457
02/03/2003,MTN,MD,AEA,EN,Federal Contract Tower,0,5,42,0,47,0,0,215,0,215,0,5,257,0,262,176,4,180,442
02/04/2003,MTN,MD,AEA,EN,Federal Contract Tower,0,4,22,5,31,0,0,15,2,17,0,4,37,7,48,4,2,6,54
02/05/2003,MTN,MD,AEA,EN,Federal Contract Tower,0,3,44,19,66,0,0,193,27,220,0,3,237,46,286,64,6,70,356
02/06/2003,MTN,MD,AEA,EN,Federal Contract Tower,0,1,24,18,43,0,0,149,4,153,0,1,173,22,196,86,14,100,296
02/07/2003,MTN,MD,AEA,EN,Federal Contract Tower,0,1,10,1,12,0,0,29,0,29,0,1,39,1,41,4,4,8,49
02/08/2003,MTN,MD,AEA,EN,Federal Contract Tower,0,1,27,8,36,0,0,206,39,245,0,1,233,47,281,248,6,254,535
02/09/2003,MTN,MD,AEA,EN,Federal Contract Tower,0,3,15,5,23,0,0,214,12,226,0,3,229,17,249,252,6,258,507
02/10/2003,MTN,MD,AEA,EN,Federal Contract Tower,0,0,15,6,21,0,0,6,0,6,0,0,21,6,27,0,0,0,27
02/11/2003,MTN,MD,AEA,EN,Federal Contract Tower,0,2,65,8,75,0,0,111,9,120,0,2,176,17,195,30,0,30,225
02/12/2003,MTN,MD,AEA,EN,Federal Contract Tower,0,4,37,2,43,0,0,53,6,59,0,4,90,8,102,24,2,26,128
02/13/2003,MTN,MD,AEA,EN,Federal Contract Tower,0,8,53,10,71,0,0,64,4,68,0,8,117,14,139,40,6,46,185
02/14/2003,MTN,MD,AEA,EN,Federal Contract Tower,0,0,45,3,48,0,0,134,13,147,0,0,179,16,195,128,0,128,323
02/15/2003,MTN,MD,AEA,EN,Federal Contract Tower,0,0,7,1,8,0,0,12,0,12,0,0,19,1,20,0,0,0,20
02/16/2003,MTN,MD,AEA,EN,Federal Contract Tower,0,0,0,0,0,0,0,0,0,0,0,0,0,0,0,0,0,0,0
02/17/2003,MTN,MD,AEA,EN,Federal Contract Tower,0,0,0,0,0,0,0,9,0,9,0,0,9,0,9,0,0,0,9
02/18/2003,MTN,MD,AEA,EN,Federal Contract Tower,0,0,6,0,6,0,0,31,0,31,0,0,37,0,37,4,0,4,41
02/19/2003,MTN,MD,AEA,EN,Federal Contract Tower,0,10,41,1,52,0,0,63,0,63,0,10,104,1,115,26,0,26,141
02/20/2003,MTN,MD,AEA,EN,Federal Contract Tower,0,2,42,5,49,0,0,161,15,176,0,2,203,20,225,74,0,74,299
02/21/2003,MTN,MD,AEA,EN,Federal Contract Tower,0,1,47,8,56,0,0,77,10,87,0,1,124,18,143,46,12,58,201
02/22/2003,MTN,MD,AEA,EN,Federal Contract Tower,0,2,5,1,8,0,0,0,0,0,0,2,5,1,8,0,0,0,8
02/23/2003,MTN,MD,AEA,EN,Federal Contract Tower,0,0,19,0,19,0,0,0,0,0,0,0,19,0,19,0,0,0,19
02/24/2003,MTN,MD,AEA,EN,Federal Contract Tower,0,0,49,4,53,0,0,70,2,72,0,0,119,6,125,86,0,86,211
02/25/2003,MTN,MD,AEA,EN,Federal Contract Tower,0,2,52,16,70,0,0,161,14,175,0,2,213,30,245,84,4,88,333
02/26/2003,MTN,MD,AEA,EN,Federal Contract Tower,0,2,25,0,27,0,0,8,0,8,0,2,33,0,35,0,0,0,35
02/27/2003,MTN,MD,AEA,EN,Federal Contract Tower,0,3,19,3,25,0,0,42,6,48,0,3,61,9,73,18,4,22,95
02/28/2003,MTN,MD,AEA,EN,Federal Contract Tower,0,0,28,2,30,0,0,42,0,42,0,0,70,2,72,36,0,36,108
03/01/2003,MTN,MD,AEA,EN,Federal Contract Tower,0,0,12,0,12,0,0,13,0,13,0,0,25,0,25,0,0,0,25
03/02/2003,MTN,MD,AEA,EN,Federal Contract Tower,0,3,22,1,26,0,0,49,0,49,0,3,71,1,75,40,0,40,115
03/03/2003,MTN,MD,AEA,EN,Federal Contract Tower,0,2,30,3,35,0,0,126,2,128,0,2,156,5,163,38,6,44,207
03/04/2003,MTN,MD,AEA,EN,Federal Contract Tower,0,0,48,14,62,0,0,155,16,171,0,0,203,30,233,120,2,122,355
03/05/2003,MTN,MD,AEA,EN,Federal Contract Tower,0,1,46,15,62,0,0,97,3,100,0,1,143,18,162,64,0,64,226
03/06/2003,MTN,MD,AEA,EN,Federal Contract Tower,0,2,28,4,34,0,0,33,2,35,0,2,61,6,69,20,0,20,89
03/07/2003,MTN,MD,AEA,EN,Federal Contract Tower,0,2,56,5,63,0,0,203,6,209,0,2,259,11,272,156,4,160,432
03/08/2003,MTN,MD,AEA,EN,Federal Contract Tower,0,6,57,13,76,0,0,172,2,174,0,6,229,15,250,206,0,206,456
03/09/2003,MTN,MD,AEA,EN,Federal Contract Tower,0,0,22,14,36,0,0,36,0,36,0,0,58,14,72,6,4,10,82
03/10/2003,MTN,MD,AEA,EN,Federal Contract Tower,0,2,36,1,39,0,0,133,0,133,0,2,169,1,172,86,4,90,262
03/11/2003,MTN,MD,AEA,EN,Federal Contract Tower,0,2,45,12,59,0,0,81,4,85,0,2,126,16,144,66,0,66,210
03/12/2003,MTN,MD,AEA,EN,Federal Contract Tower,0,5,69,18,92,0,0,87,5,92,0,5,156,23,184,50,0,50,234
03/13/2003,MTN,MD,AEA,EN,Federal Contract Tower,0,4,46,7,57,0,0,136,3,139,0,4,182,10,196,120,0,120,316
03/14/2003,MTN,MD,AEA,EN,Federal Contract Tower,0,6,49,5,60,0,0,163,4,167,0,6,212,9,227,102,4,106,333
03/15/2003,MTN,MD,AEA,EN,Federal Contract Tower,0,0,46,5,51,0,0,177,6,183,0,0,223,11,234,185,2,187,421
03/16/2003,MTN,MD,AEA,EN,Federal Contract Tower,0,7,35,8,50,0,0,151,7,158,0,7,186,15,208,176,0,176,384
03/17/2003,MTN,MD,AEA,EN,Federal Contract Tower,0,1,41,1,43,0,0,49,0,49,0,1,90,1,92,18,0,18,110
03/18/2003,MTN,MD,AEA,EN,Federal Contract Tower,0,2,40,16,58,0,0,130,2,132,0,2,170,18,190,106,2,108,298
03/19/2003,MTN,MD,AEA,EN,Federal Contract Tower,0,4,60,12,76,0,0,119,3,122,0,4,179,15,198,70,0,70,268
03/20/2003,MTN,MD,AEA,EN,Federal Contract Tower,0,0,22,0,22,0,0,0,0,0,0,0,22,0,22,0,0,0,22
03/21/2003,MTN,MD,AEA,EN,Federal Contract Tower,0,4,29,8,41,0,0,5,3,8,0,4,34,11,49,0,0,0,49
03/22/2003,MTN,MD,AEA,EN,Federal Contract Tower,0,4,59,2,65,0,0,132,1,133,0,4,191,3,198,176,0,176,374
03/23/2003,MTN,MD,AEA,EN,Federal Contract Tower,0,7,57,0,64,0,0,124,0,124,0,7,181,0,188,190,0,190,378
03/24/2003,MTN,MD,AEA,EN,Federal Contract Tower,0,3,46,2,51,0,0,170,6,176,0,3,216,8,227,184,0,184,411
03/25/2003,MTN,MD,AEA,EN,Federal Contract Tower,0,2,53,19,74,0,0,136,11,147,0,2,189,30,221,252,2,254,475
03/26/2003,MTN,MD,AEA,EN,Federal Contract Tower,0,2,45,12,59,0,0,59,16,75,0,2,104,28,134,52,2,54,188
03/27/2003,MTN,MD,AEA,EN,Federal Contract Tower,0,6,47,19,72,0,0,155,13,168,0,6,202,32,240,180,0,180,420
03/28/2003,MTN,MD,AEA,EN,Federal Contract Tower,0,0,47,9,56,0,0,47,4,51,0,0,94,13,107,40,4,44,151
03/29/2003,MTN,MD,AEA,EN,Federal Contract Tower,0,0,25,0,25,0,0,50,2,52,0,0,75,2,77,28,0,28,105
03/30/2003,MTN,MD,AEA,EN,Federal Contract Tower,0,0,10,2,12,0,0,0,0,0,0,0,10,2,12,0,0,0,12
03/31/2003,MTN,MD,AEA,EN,Federal Contract Tower,0,0,40,0,40,0,0,89,0,89,0,0,129,0,129,32,0,32,161
04/01/2003,MTN,MD,AEA,EN,Federal Contract Tower,0,0,29,7,36,0,0,96,7,103,0,0,125,14,139,134,6,140,279
04/02/2003,MTN,MD,AEA,EN,Federal Contract Tower,0,2,64,27,93,0,0,150,9,159,0,2,214,36,252,138,8,146,398
04/03/2003,MTN,MD,AEA,EN,Federal Contract Tower,0,0,91,15,106,0,0,174,20,194,0,0,265,35,300,212,0,212,512
04/04/2003,MTN,MD,AEA,EN,Federal Contract Tower,0,0,42,2,44,0,0,25,0,25,0,0,67,2,69,2,0,2,71
04/05/2003,MTN,MD,AEA,EN,Federal Contract Tower,0,2,22,2,26,0,0,23,0,23,0,2,45,2,49,0,0,0,49
04/06/2003,MTN,MD,AEA,EN,Federal Contract Tower,0,4,28,0,32,0,0,165,0,165,0,4,193,0,197,232,0,232,429
04/07/2003,MTN,MD,AEA,EN,Federal Contract Tower,0,1,16,2,19,0,0,2,0,2,0,1,18,2,21,0,0,0,21
04/08/2003,MTN,MD,AEA,EN,Federal Contract Tower,0,2,40,0,42,0,0,10,0,10,0,2,50,0,52,0,0,0,52
04/09/2003,MTN,MD,AEA,EN,Federal Contract Tower,0,4,30,4,38,0,0,36,0,36,0,4,66,4,74,0,0,0,74
04/10/2003,MTN,MD,AEA,EN,Federal Contract Tower,0,3,45,12,60,0,0,105,11,116,0,3,150,23,176,36,4,40,216
04/11/2003,MTN,MD,AEA,EN,Federal Contract Tower,0,9,40,1,50,0,0,7,0,7,0,9,47,1,57,2,0,2,59
04/12/2003,MTN,MD,AEA,EN,Federal Contract Tower,0,0,52,5,57,0,0,151,4,155,0,0,203,9,212,172,6,178,390
04/13/2003,MTN,MD,AEA,EN,Federal Contract Tower,0,1,59,10,70,0,0,164,2,166,0,1,223,12,236,142,6,148,384
04/14/2003,MTN,MD,AEA,EN,Federal Contract Tower,0,2,41,1,44,0,0,133,2,135,0,2,174,3,179,58,0,58,237
04/15/2003,MTN,MD,AEA,EN,Federal Contract Tower,0,1,68,5,74,0,0,225,12,237,0,1,293,17,311,224,0,224,535
04/16/2003,MTN,MD,AEA,EN,Federal Contract Tower,0,0,41,15,56,0,0,162,9,171,0,0,203,24,227,134,0,134,361
04/17/2003,MTN,MD,AEA,EN,Federal Contract Tower,0,4,42,7,53,0,0,74,4,78,0,4,116,11,131,46,4,50,181
04/18/2003,MTN,MD,AEA,EN,Federal Contract Tower,0,0,32,4,36,0,0,1,1,2,0,0,33,5,38,0,0,0,38
04/19/2003,MTN,MD,AEA,EN,Federal Contract Tower,0,2,43,1,46,0,0,93,0,93,0,2,136,1,139,112,0,112,251
04/20/2003,MTN,MD,AEA,EN,Federal Contract Tower,0,2,28,0,30,0,0,83,0,83,0,2,111,0,113,82,0,82,195
04/21/2003,MTN,MD,AEA,EN,Federal Contract Tower,0,6,65,0,71,0,0,65,0,65,0,6,130,0,136,12,0,12,148
04/22/2003,MTN,MD,AEA,EN,Federal Contract Tower,0,2,49,19,70,0,0,93,6,99,0,2,142,25,169,104,0,104,273
04/23/2003,MTN,MD,AEA,EN,Federal Contract Tower,0,3,57,18,78,0,0,123,6,129,0,3,180,24,207,38,2,40,247
04/24/2003,MTN,MD,AEA,EN,Federal Contract Tower,0,9,67,20,96,0,2,210,3,215,0,11,277,23,311,184,2,186,497
04/25/2003,MTN,MD,AEA,EN,Federal Contract Tower,0,0,60,7,67,0,0,123,4,127,0,0,183,11,194,82,12,94,288
04/26/2003,MTN,MD,AEA,EN,Federal Contract Tower,0,0,20,0,20,0,0,31,0,31,0,0,51,0,51,0,0,0,51
04/27/2003,MTN,MD,AEA,EN,Federal Contract Tower,0,1,69,2,72,0,0,209,2,211,0,1,278,4,283,290,0,290,573
04/28/2003,MTN,MD,AEA,EN,Federal Contract Tower,0,3,46,0,49,0,0,175,0,175,0,3,221,0,224,128,0,128,352
04/29/2003,MTN,MD,AEA,EN,Federal Contract Tower,0,4,56,18,78,0,0,131,5,136,0,4,187,23,214,106,2,108,322
04/30/2003,MTN,MD,AEA,EN,Federal Contract Tower,0,3,55,16,74,0,0,138,11,149,0,3,193,27,223,152,2,154,377
05/01/2003,MTN,MD,AEA,EN,Federal Contract Tower,0,4,61,19,84,0,0,66,5,71,0,4,127,24,155,48,4,52,207
05/02/2003,MTN,MD,AEA,EN,Federal Contract Tower,0,1,48,5,54,0,0,105,3,108,0,1,153,8,162,148,0,148,310
05/03/2003,MTN,MD,AEA,EN,Federal Contract Tower,0,3,46,5,54,0,0,169,7,176,0,3,215,12,230,218,0,218,448
05/04/2003,MTN,MD,AEA,EN,Federal Contract Tower,0,0,66,0,66,0,0,124,0,124,0,0,190,0,190,150,0,150,340
05/05/2003,MTN,MD,AEA,EN,Federal Contract Tower,0,4,50,1,55,0,0,62,0,62,0,4,112,1,117,52,0,52,169
05/06/2003,MTN,MD,AEA,EN,Federal Contract Tower,0,3,48,12,63,0,0,31,0,31,0,3,79,12,94,72,0,72,166
05/07/2003,MTN,MD,AEA,EN,Federal Contract Tower,0,1,54,15,70,0,0,85,5,90,0,1,139,20,160,42,0,42,202
05/08/2003,MTN,MD,AEA,EN,Federal Contract Tower,0,3,61,12,76,0,0,52,6,58,0,3,113,18,134,60,0,60,194
05/09/2003,MTN,MD,AEA,EN,Federal Contract Tower,0,7,25,4,36,0,0,1,1,2,0,7,26,5,38,0,0,0,38
05/10/2003,MTN,MD,AEA,EN,Federal Contract Tower,0,0,24,1,25,0,0,31,1,32,0,0,55,2,57,44,0,44,101
05/11/2003,MTN,MD,AEA,EN,Federal Contract Tower,0,1,15,2,18,0,0,8,0,8,0,1,23,2,26,0,0,0,26
05/12/2003,MTN,MD,AEA,EN,Federal Contract Tower,0,0,46,5,51,0,0,97,0,97,0,0,143,5,148,6,0,6,154
05/13/2003,MTN,MD,AEA,EN,Federal Contract Tower,0,2,39,10,51,0,0,79,6,85,0,2,118,16,136,22,24,46,182
05/14/2003,MTN,MD,AEA,EN,Federal Contract Tower,0,2,82,12,96,0,0,233,12,245,0,2,315,24,341,192,10,202,543
05/15/2003,MTN,MD,AEA,EN,Federal Contract Tower,0,4,53,10,67,0,0,179,8,187,0,4,232,18,254,96,0,96,350
05/16/2003,MTN,MD,AEA,EN,Federal Contract Tower,0,4,47,2,53,0,0,0,0,0,0,4,47,2,53,4,0,4,57
05/17/2003,MTN,MD,AEA,EN,Federal Contract Tower,0,1,50,13,64,0,0,44,1,45,0,1,94,14,109,48,0,48,157
05/18/2003,MTN,MD,AEA,EN,Federal Contract Tower,0,6,61,16,83,0,0,68,0,68,0,6,129,16,151,138,0,138,289
05/19/2003,MTN,MD,AEA,EN,Federal Contract Tower,0,0,54,3,57,0,0,194,0,194,0,0,248,3,251,118,4,122,373
05/20/2003,MTN,MD,AEA,EN,Federal Contract Tower,0,0,67,10,77,0,0,205,10,215,0,0,272,20,292,214,2,216,508
05/21/2003,MTN,MD,AEA,EN,Federal Contract Tower,0,4,70,2,76,0,0,15,0,15,0,4,85,2,91,10,0,10,101
05/22/2003,MTN,MD,AEA,EN,Federal Contract Tower,0,4,60,15,79,0,0,44,5,49,0,4,104,20,128,96,0,96,224
05/23/2003,MTN,MD,AEA,EN,Federal Contract Tower,0,3,71,7,81,0,0,0,0,0,0,3,71,7,81,0,0,0,81
05/24/2003,MTN,MD,AEA,EN,Federal Contract Tower,0,1,30,0,31,0,0,2,0,2,0,1,32,0,33,0,0,0,33
05/25/2003,MTN,MD,AEA,EN,Federal Contract Tower,0,0,10,2,12,0,0,1,0,1,0,0,11,2,13,0,0,0,13
05/26/2003,MTN,MD,AEA,EN,Federal Contract Tower,0,2,36,0,38,0,0,47,0,47,0,2,83,0,85,112,0,112,197
05/27/2003,MTN,MD,AEA,EN,Federal Contract Tower,0,1,56,0,57,0,0,107,2,109,0,1,163,2,166,174,2,176,342
05/28/2003,MTN,MD,AEA,EN,Federal Contract Tower,0,5,36,9,50,0,0,49,0,49,0,5,85,9,99,48,4,52,151
05/29/2003,MTN,MD,AEA,EN,Federal Contract Tower,0,6,59,16,81,0,0,185,6,191,0,6,244,22,272,202,2,204,476
05/30/2003,MTN,MD,AEA,EN,Federal Contract Tower,0,2,60,11,73,0,0,176,3,179,0,2,236,14,252,136,4,140,392
05/31/2003,MTN,MD,AEA,EN,Federal Contract Tower,0,0,21,3,24,0,0,38,0,38,0,0,59,3,62,44,0,44,106
06/01/2003,MTN,MD,AEA,EN,Federal Contract Tower,0,4,23,0,27,0,0,18,0,18,0,4,41,0,45,14,0,14,59
06/02/2003,MTN,MD,AEA,EN,Federal Contract Tower,0,2,60,6,68,0,0,184,1,185,0,2,244,7,253,212,4,216,469
06/03/2003,MTN,MD,AEA,EN,Federal Contract Tower,0,3,51,18,72,0,0,81,2,83,0,3,132,20,155,144,8,152,307
06/04/2003,MTN,MD,AEA,EN,Federal Contract Tower,0,1,40,0,41,0,0,0,0,0,0,1,40,0,41,0,0,0,41
06/05/2003,MTN,MD,AEA,EN,Federal Contract Tower,0,2,72,13,87,0,0,128,5,133,0,2,200,18,220,250,2,252,472
06/06/2003,MTN,MD,AEA,EN,Federal Contract Tower,0,6,54,6,66,0,0,191,7,198,0,6,245,13,264,132,4,136,400
06/07/2003,MTN,MD,AEA,EN,Federal Contract Tower,0,3,19,0,22,0,0,15,0,15,0,3,34,0,37,0,0,0,37
06/08/2003,MTN,MD,AEA,EN,Federal Contract Tower,0,0,48,10,58,0,0,114,3,117,0,0,162,13,175,154,2,156,331
06/09/2003,MTN,MD,AEA,EN,Federal Contract Tower,0,4,38,5,47,0,0,125,0,125,0,4,163,5,172,194,28,222,394
06/10/2003,MTN,MD,AEA,EN,Federal Contract Tower,0,2,53,9,64,0,0,276,15,291,0,2,329,24,355,188,12,200,555
06/11/2003,MTN,MD,AEA,EN,Federal Contract Tower,0,0,67,15,82,0,0,103,2,105,0,0,170,17,187,106,0,106,293
06/12/2003,MTN,MD,AEA,EN,Federal Contract Tower,0,1,53,8,62,0,0,117,7,124,0,1,170,15,186,64,4,68,254
06/13/2003,MTN,MD,AEA,EN,Federal Contract Tower,0,2,40,13,55,0,0,86,12,98,0,2,126,25,153,114,4,118,271
06/14/2003,MTN,MD,AEA,EN,Federal Contract Tower,0,4,36,0,40,0,0,155,0,155,0,4,191,0,195,172,0,172,367
06/15/2003,MTN,MD,AEA,EN,Federal Contract Tower,0,3,45,5,53,0,0,142,0,142,0,3,187,5,195,260,0,260,455
06/16/2003,MTN,MD,AEA,EN,Federal Contract Tower,0,2,50,4,56,0,0,190,12,202,0,2,240,16,258,234,0,234,492
06/17/2003,MTN,MD,AEA,EN,Federal Contract Tower,0,1,58,14,73,0,0,114,0,114,0,1,172,14,187,148,12,160,347
06/18/2003,MTN,MD,AEA,EN,Federal Contract Tower,0,4,59,14,77,0,0,81,0,81,0,4,140,14,158,110,22,132,290
06/19/2003,MTN,MD,AEA,EN,Federal Contract Tower,0,4,49,7,60,0,0,46,1,47,0,4,95,8,107,150,16,166,273
06/20/2003,MTN,MD,AEA,EN,Federal Contract Tower,0,2,41,18,61,0,0,63,2,65,0,2,104,20,126,32,0,32,158
06/21/2003,MTN,MD,AEA,EN,Federal Contract Tower,0,1,45,14,60,0,0,107,0,107,0,1,152,14,167,322,4,326,493
06/22/2003,MTN,MD,AEA,EN,Federal Contract Tower,0,2,54,0,56,0,0,147,16,163,0,2,201,16,219,250,0,250,469
06/23/2003,MTN,MD,AEA,EN,Federal Contract Tower,0,0,56,2,58,0,0,194,0,194,0,0,250,2,252,194,0,194,446
06/24/2003,MTN,MD,AEA,EN,Federal Contract Tower,0,6,74,4,84,0,0,242,5,247,0,6,316,9,331,192,6,198,529
06/25/2003,MTN,MD,AEA,EN,Federal Contract Tower,0,3,55,12,70,0,0,227,10,237,0,3,282,22,307,270,10,280,587
06/26/2003,MTN,MD,AEA,EN,Federal Contract Tower,0,0,58,13,71,0,0,137,4,141,0,0,195,17,212,176,14,190,402
06/27/2003,MTN,MD,AEA,EN,Federal Contract Tower,0,0,53,10,63,0,0,122,20,142,0,0,175,30,205,172,2,174,379
06/28/2003,MTN,MD,AEA,EN,Federal Contract Tower,0,4,42,0,46,0,0,272,0,272,0,4,314,0,318,286,0,286,604
06/29/2003,MTN,MD,AEA,EN,Federal Contract Tower,0,2,51,2,55,0,0,154,0,154,0,2,205,2,209,210,4,214,423
06/30/2003,MTN,MD,AEA,EN,Federal Contract Tower,0,1,55,2,58,0,0,128,0,128,0,1,183,2,186,104,0,104,290
07/01/2003,MTN,MD,AEA,EN,Federal Contract Tower,0,1,75,10,86,0,0,205,3,208,0,1,280,13,294,254,8,262,556
07/02/2003,MTN,MD,AEA,EN,Federal Contract Tower,0,3,65,14,82,0,0,62,4,66,0,3,127,18,148,78,0,78,226
07/03/2003,MTN,MD,AEA,EN,Federal Contract Tower,0,2,77,10,89,0,0,33,0,33,0,2,110,10,122,12,0,12,134
07/04/2003,MTN,MD,AEA,EN,Federal Contract Tower,0,2,16,3,21,0,0,207,11,218,0,2,223,14,239,164,0,164,403
07/05/2003,MTN,MD,AEA,EN,Federal Contract Tower,0,0,29,0,29,0,0,95,0,95,0,0,124,0,124,130,0,130,254
07/06/2003,MTN,MD,AEA,EN,Federal Contract Tower,0,1,54,1,56,0,0,185,0,185,0,1,239,1,241,242,0,242,483
07/07/2003,MTN,MD,AEA,EN,Federal Contract Tower,0,5,36,0,41,0,0,104,1,105,0,5,140,1,146,146,0,146,292
07/08/2003,MTN,MD,AEA,EN,Federal Contract Tower,0,2,45,8,55,0,0,166,4,170,0,2,211,12,225,226,12,238,463
07/09/2003,MTN,MD,AEA,EN,Federal Contract Tower,0,0,61,16,77,0,0,102,2,104,0,0,163,18,181,106,12,118,299
07/10/2003,MTN,MD,AEA,EN,Federal Contract Tower,0,5,55,18,78,0,0,80,4,84,0,5,135,22,162,32,0,32,194
07/11/2003,MTN,MD,AEA,EN,Federal Contract Tower,0,2,64,3,69,0,0,140,4,144,0,2,204,7,213,120,16,136,349
07/12/2003,MTN,MD,AEA,EN,Federal Contract Tower,0,5,45,15,65,0,0,152,1,153,0,5,197,16,218,110,2,112,330
07/13/2003,MTN,MD,AEA,EN,Federal Contract Tower,0,4,44,10,58,0,0,181,3,184,0,4,225,13,242,240,0,240,482
07/14/2003,MTN,MD,AEA,EN,Federal Contract Tower,0,0,73,0,73,0,0,142,2,144,0,0,215,2,217,146,0,146,363
07/15/2003,MTN,MD,AEA,EN,Federal Contract Tower,0,2,69,6,77,0,0,149,2,151,0,2,218,8,228,314,14,328,556
07/16/2003,MTN,MD,AEA,EN,Federal Contract Tower,0,0,56,7,63,0,0,173,13,186,0,0,229,20,249,116,6,122,371
07/17/2003,MTN,MD,AEA,EN,Federal Contract Tower,0,1,76,15,92,0,0,268,3,271,0,1,344,18,363,220,18,238,601
07/18/2003,MTN,MD,AEA,EN,Federal Contract Tower,0,1,53,1,55,0,0,114,1,115,0,1,167,2,170,92,0,92,262
07/19/2003,MTN,MD,AEA,EN,Federal Contract Tower,0,3,51,4,58,0,0,180,0,180,0,3,231,4,238,236,0,236,474
07/20/2003,MTN,MD,AEA,EN,Federal Contract Tower,0,2,64,1,67,0,0,242,0,242,0,2,306,1,309,262,0,262,571
07/21/2003,MTN,MD,AEA,EN,Federal Contract Tower,0,7,41,0,48,0,0,57,0,57,0,7,98,0,105,72,6,78,183
07/22/2003,MTN,MD,AEA,EN,Federal Contract Tower,0,1,43,14,58,0,0,119,11,130,0,1,162,25,188,126,12,138,326
07/23/2003,MTN,MD,AEA,EN,Federal Contract Tower,0,3,51,16,70,0,0,82,3,85,0,3,133,19,155,48,6,54,209
07/24/2003,MTN,MD,AEA,EN,Federal Contract Tower,0,6,69,10,85,0,0,164,19,183,0,6,233,29,268,180,10,190,458
07/25/2003,MTN,MD,AEA,EN,Federal Contract Tower,0,6,91,7,104,0,0,223,5,228,0,6,314,12,332,160,10,170,502
07/26/2003,MTN,MD,AEA,EN,Federal Contract Tower,0,1,61,0,62,0,0,207,0,207,0,1,268,0,269,244,0,244,513
07/27/2003,MTN,MD,AEA,EN,Federal Contract Tower,0,4,70,2,76,0,0,115,0,115,0,4,185,2,191,68,4,72,263
07/28/2003,MTN,MD,AEA,EN,Federal Contract Tower,0,0,55,2,57,0,0,137,8,145,0,0,192,10,202,148,2,150,352
07/29/2003,MTN,MD,AEA,EN,Federal Contract Tower,0,4,38,18,60,0,0,163,7,170,0,4,201,25,230,136,18,154,384
07/30/2003,MTN,MD,AEA,EN,Federal Contract Tower,0,0,54,17,71,0,0,141,13,154,0,0,195,30,225,172,6,178,403
07/31/2003,MTN,MD,AEA,EN,Federal Contract Tower,0,0,58,30,88,0,0,140,8,148,0,0,198,38,236,218,4,222,458
08/01/2003,MTN,MD,AEA,EN,Federal Contract Tower,0,0,47,8,55,0,0,39,1,40,0,0,86,9,95,52,0,52,147
08/02/2003,MTN,MD,AEA,EN,Federal Contract Tower,0,0,54,7,61,0,0,83,0,83,0,0,137,7,144,134,2,136,280
08/03/2003,MTN,MD,AEA,EN,Federal Contract Tower,0,1,47,4,52,0,0,52,0,52,0,1,99,4,104,88,0,88,192
08/04/2003,MTN,MD,AEA,EN,Federal Contract Tower,0,0,56,0,56,0,0,87,0,87,0,0,143,0,143,132,0,132,275
08/05/2003,MTN,MD,AEA,EN,Federal Contract Tower,0,3,60,21,84,0,0,64,8,72,0,3,124,29,156,60,12,72,228
08/06/2003,MTN,MD,AEA,EN,Federal Contract Tower,0,2,65,25,92,0,0,188,9,197,0,2,253,34,289,242,14,256,545
08/07/2003,MTN,MD,AEA,EN,Federal Contract Tower,0,2,63,0,65,0,0,67,0,67,0,2,130,0,132,2,0,2,134
08/08/2003,MTN,MD,AEA,EN,Federal Contract Tower,0,3,77,22,102,0,0,117,0,117,0,3,194,22,219,96,6,102,321
08/09/2003,MTN,MD,AEA,EN,Federal Contract Tower,0,2,55,10,67,0,0,55,2,57,0,2,110,12,124,122,0,122,246
08/10/2003,MTN,MD,AEA,EN,Federal Contract Tower,0,4,53,1,58,0,0,92,0,92,0,4,145,1,150,278,0,278,428
08/11/2003,MTN,MD,AEA,EN,Federal Contract Tower,0,4,39,2,45,0,0,62,2,64,0,4,101,4,109,94,2,96,205
08/12/2003,MTN,MD,AEA,EN,Federal Contract Tower,0,4,51,14,69,0,0,119,10,129,0,4,170,24,198,152,0,152,350
08/13/2003,MTN,MD,AEA,EN,Federal Contract Tower,0,3,65,24,92,0,0,64,10,74,0,3,129,34,166,34,6,40,206
08/14/2003,MTN,MD,AEA,EN,Federal Contract Tower,0,2,73,35,110,0,0,134,0,134,0,2,207,35,244,194,8,202,446
08/15/2003,MTN,MD,AEA,EN,Federal Contract Tower,0,3,59,13,75,0,0,172,41,213,0,3,231,54,288,164,2,166,454
08/16/2003,MTN,MD,AEA,EN,Federal Contract Tower,0,0,50,0,50,0,0,77,0,77,0,0,127,0,127,128,0,128,255
08/17/2003,MTN,MD,AEA,EN,Federal Contract Tower,0,2,79,2,83,0,0,137,0,137,0,2,216,2,220,150,0,150,370
08/18/2003,MTN,MD,AEA,EN,Federal Contract Tower,0,0,41,0,41,0,0,155,0,155,0,0,196,0,196,100,16,116,312
08/19/2003,MTN,MD,AEA,EN,Federal Contract Tower,0,4,72,19,95,0,0,180,10,190,0,4,252,29,285,174,2,176,461
08/20/2003,MTN,MD,AEA,EN,Federal Contract Tower,0,2,74,28,104,0,0,179,0,179,0,2,253,28,283,174,10,184,467
08/21/2003,MTN,MD,AEA,EN,Federal Contract Tower,0,2,48,12,62,0,0,146,13,159,0,2,194,25,221,108,8,116,337
08/22/2003,MTN,MD,AEA,EN,Federal Contract Tower,0,6,65,11,82,0,0,94,9,103,0,6,159,20,185,152,4,156,341
08/23/2003,MTN,MD,AEA,EN,Federal Contract Tower,0,4,48,0,52,0,0,136,0,136,0,4,184,0,188,52,0,52,240
08/24/2003,MTN,MD,AEA,EN,Federal Contract Tower,0,0,38,2,40,0,0,163,7,170,0,0,201,9,210,112,2,114,324
08/25/2003,MTN,MD,AEA,EN,Federal Contract Tower,0,5,43,0,48,0,0,202,0,202,0,5,245,0,250,246,0,246,496
08/26/2003,MTN,MD,AEA,EN,Federal Contract Tower,0,2,53,14,69,0,0,107,14,121,0,2,160,28,190,90,14,104,294
08/27/2003,MTN,MD,AEA,EN,Federal Contract Tower,0,0,44,4,48,0,0,155,16,171,0,0,199,20,219,182,4,186,405
08/28/2003,MTN,MD,AEA,EN,Federal Contract Tower,0,3,58,16,77,0,2,202,9,213,0,5,260,25,290,182,10,192,482
08/29/2003,MTN,MD,AEA,EN,Federal Contract Tower,0,2,57,6,65,0,0,58,0,58,0,2,115,6,123,78,0,78,201
08/30/2003,MTN,MD,AEA,EN,Federal Contract Tower,0,2,50,0,52,0,0,88,0,88,0,2,138,0,140,106,0,106,246
08/31/2003,MTN,MD,AEA,EN,Federal Contract Tower,0,2,36,1,39,0,0,163,2,165,0,2,199,3,204,168,0,168,372
09/01/2003,MTN,MD,AEA,EN,Federal Contract Tower,0,1,32,1,34,0,0,70,0,70,0,1,102,1,104,48,0,48,152
09/02/2003,MTN,MD,AEA,EN,Federal Contract Tower,0,0,54,0,54,0,0,123,0,123,0,0,177,0,177,140,0,140,317
09/03/2003,MTN,MD,AEA,EN,Federal Contract Tower,0,1,40,8,49,0,0,28,0,28,0,1,68,8,77,0,0,0,77
09/04/2003,MTN,MD,AEA,EN,Federal Contract Tower,0,1,30,11,42,0,0,57,7,64,0,1,87,18,106,36,0,36,142
09/05/2003,MTN,MD,AEA,EN,Federal Contract Tower,0,1,75,10,86,0,0,221,15,236,0,1,296,25,322,164,18,182,504
09/06/2003,MTN,MD,AEA,EN,Federal Contract Tower,0,2,53,1,56,0,0,205,1,206,0,2,258,2,262,208,0,208,470
09/07/2003,MTN,MD,AEA,EN,Federal Contract Tower,0,4,38,3,45,0,0,177,0,177,0,4,215,3,222,202,2,204,426
09/08/2003,MTN,MD,AEA,EN,Federal Contract Tower,0,6,54,5,65,0,0,167,5,172,0,6,221,10,237,200,2,202,439
09/09/2003,MTN,MD,AEA,EN,Federal Contract Tower,0,10,51,7,68,0,0,123,5,128,0,10,174,12,196,74,10,84,280
09/10/2003,MTN,MD,AEA,EN,Federal Contract Tower,0,6,65,18,89,0,0,142,4,146,0,6,207,22,235,94,8,102,337
09/11/2003,MTN,MD,AEA,EN,Federal Contract Tower,0,2,64,14,80,0,0,184,4,188,0,2,248,18,268,130,6,136,404
09/12/2003,MTN,MD,AEA,EN,Federal Contract Tower,0,7,45,8,60,0,0,82,2,84,0,7,127,10,144,78,0,78,222
09/13/2003,MTN,MD,AEA,EN,Federal Contract Tower,0,1,28,11,40,0,0,20,1,21,0,1,48,12,61,2,4,6,67
09/14/2003,MTN,MD,AEA,EN,Federal Contract Tower,0,13,60,4,77,0,0,105,20,125,0,13,165,24,202,152,4,156,358
09/15/2003,MTN,MD,AEA,EN,Federal Contract Tower,0,4,40,3,47,0,0,28,0,28,0,4,68,3,75,14,0,14,89
09/16/2003,MTN,MD,AEA,EN,Federal Contract Tower,0,3,48,9,60,0,0,193,13,206,0,3,241,22,266,172,6,178,444
09/17/2003,MTN,MD,AEA,EN,Federal Contract Tower,0,3,57,9,69,0,0,184,5,189,0,3,241,14,258,96,6,102,360
09/18/2003,MTN,MD,AEA,EN,Federal Contract Tower,0,0,0,0,0,0,0,6,0,6,0,0,6,0,6,2,0,2,8
09/19/2003,MTN,MD,AEA,EN,Federal Contract Tower,0,0,1,4,5,0,0,106,43,149,0,0,107,47,154,62,18,80,234
09/20/2003,MTN,MD,AEA,EN,Federal Contract Tower,0,1,44,3,48,0,0,153,2,155,0,1,197,5,203,112,0,112,315
09/21/2003,MTN,MD,AEA,EN,Federal Contract Tower,0,1,27,1,29,0,0,109,0,109,0,1,136,1,138,158,6,164,302
09/22/2003,MTN,MD,AEA,EN,Federal Contract Tower,0,3,33,3,39,0,0,38,0,38,0,3,71,3,77,24,0,24,101
09/23/2003,MTN,MD,AEA,EN,Federal Contract Tower,0,7,39,10,56,0,0,108,15,123,0,7,147,25,179,70,4,74,253
09/24/2003,MTN,MD,AEA,EN,Federal Contract Tower,0,5,66,16,87,0,0,191,4,195,0,5,257,20,282,236,0,236,518
09/25/2003,MTN,MD,AEA,EN,Federal Contract Tower,0,8,60,5,73,0,0,130,9,139,0,8,190,14,212,194,8,202,414
09/26/2003,MTN,MD,AEA,EN,Federal Contract Tower,0,0,63,2,65,0,0,173,2,175,0,0,236,4,240,136,0,136,376
09/27/2003,MTN,MD,AEA,EN,Federal Contract Tower,0,0,39,2,41,0,0,49,1,50,0,0,88,3,91,60,0,60,151
09/28/2003,MTN,MD,AEA,EN,Federal Contract Tower,0,1,53,0,54,0,0,172,0,172,0,1,225,0,226,218,0,218,444
09/29/2003,MTN,MD,AEA,EN,Federal Contract Tower,0,1,47,3,51,0,0,133,0,133,0,1,180,3,184,52,2,54,238
09/30/2003,MTN,MD,AEA,EN,Federal Contract Tower,0,0,45,12,57,0,0,196,10,206,0,0,241,22,263,254,6,260,523
10/01/2003,MTN,MD,AEA,EN,Federal Contract Tower,0,0,53,39,92,0,0,146,9,155,0,0,199,48,247,162,14,176,423
10/02/2003,MTN,MD,AEA,EN,Federal Contract Tower,0,0,66,17,83,0,0,140,36,176,0,0,206,53,259,142,10,152,411
10/03/2003,MTN,MD,AEA,EN,Federal Contract Tower,0,0,66,13,79,0,0,148,9,157,0,0,214,22,236,120,2,122,358
10/04/2003,MTN,MD,AEA,EN,Federal Contract Tower,0,3,34,14,51,0,0,112,16,128,0,3,146,30,179,144,4,148,327
10/05/2003,MTN,MD,AEA,EN,Federal Contract Tower,0,2,43,5,50,0,0,131,7,138,0,2,174,12,188,134,0,134,322
10/06/2003,MTN,MD,AEA,EN,Federal Contract Tower,0,0,48,2,50,0,0,170,1,171,0,0,218,3,221,264,0,264,485
10/07/2003,MTN,MD,AEA,EN,Federal Contract Tower,0,2,46,17,65,0,0,176,11,187,0,2,222,28,252,208,0,208,460
10/08/2003,MTN,MD,AEA,EN,Federal Contract Tower,0,3,57,17,77,0,0,100,13,113,0,3,157,30,190,120,10,130,320
10/09/2003,MTN,MD,AEA,EN,Federal Contract Tower,0,6,51,13,70,0,1,102,10,113,0,7,153,23,183,104,2,106,289
10/10/2003,MTN,MD,AEA,EN,Federal Contract Tower,0,3,75,10,88,0,0,77,0,77,0,3,152,10,165,66,2,68,233
10/11/2003,MTN,MD,AEA,EN,Federal Contract Tower,0,1,34,0,35,0,0,152,0,152,0,1,186,0,187,174,0,174,361
10/12/2003,MTN,MD,AEA,EN,Federal Contract Tower,0,4,61,1,66,0,0,186,0,186,0,4,247,1,252,254,0,254,506
10/13/2003,MTN,MD,AEA,EN,Federal Contract Tower,0,6,56,0,62,0,0,207,0,207,0,6,263,0,269,174,0,174,443
10/14/2003,MTN,MD,AEA,EN,Federal Contract Tower,0,2,58,0,60,0,0,81,0,81,0,2,139,0,141,54,0,54,195
10/15/2003,MTN,MD,AEA,EN,Federal Contract Tower,0,3,42,14,59,0,0,34,12,46,0,3,76,26,105,12,0,12,117
10/16/2003,MTN,MD,AEA,EN,Federal Contract Tower,0,4,49,11,64,0,0,214,16,230,0,4,263,27,294,186,4,190,484
10/17/2003,MTN,MD,AEA,EN,Federal Contract Tower,0,5,67,18,90,0,0,126,11,137,0,5,193,29,227,118,10,128,355
10/18/2003,MTN,MD,AEA,EN,Federal Contract Tower,0,4,43,0,47,0,0,186,0,186,0,4,229,0,233,272,0,272,505
10/19/2003,MTN,MD,AEA,EN,Federal Contract Tower,0,1,53,4,58,0,0,108,0,108,0,1,161,4,166,98,0,98,264
10/20/2003,MTN,MD,AEA,EN,Federal Contract Tower,0,4,51,2,57,0,0,165,0,165,0,4,216,2,222,142,4,146,368
10/21/2003,MTN,MD,AEA,EN,Federal Contract Tower,0,6,60,17,83,0,0,145,12,157,0,6,205,29,240,186,6,192,432
10/22/2003,MTN,MD,AEA,EN,Federal Contract Tower,0,0,54,14,68,0,0,96,7,103,0,0,150,21,171,62,4,66,237
10/23/2003,MTN,MD,AEA,EN,Federal Contract Tower,0,4,63,16,83,0,0,148,14,162,0,4,211,30,245,140,6,146,391
10/24/2003,MTN,MD,AEA,EN,Federal Contract Tower,0,0,64,9,73,0,0,144,0,144,0,0,208,9,217,138,2,140,357
10/25/2003,MTN,MD,AEA,EN,Federal Contract Tower,0,1,44,0,45,0,0,160,0,160,0,1,204,0,205,164,2,166,371
10/26/2003,MTN,MD,AEA,EN,Federal Contract Tower,0,7,43,4,54,0,3,38,0,41,0,10,81,4,95,122,0,122,217
10/27/2003,MTN,MD,AEA,EN,Federal Contract Tower,0,2,34,2,38,0,0,20,0,20,0,2,54,2,58,0,0,0,58
10/28/2003,MTN,MD,AEA,EN,Federal Contract Tower,0,7,64,14,85,0,0,138,4,142,0,7,202,18,227,154,2,156,383
10/29/2003,MTN,MD,AEA,EN,Federal Contract Tower,0,4,61,10,75,0,0,109,1,110,0,4,170,11,185,92,14,106,291
10/30/2003,MTN,MD,AEA,EN,Federal Contract Tower,0,5,41,11,57,0,0,194,13,207,0,5,235,24,264,208,4,212,476
10/31/2003,MTN,MD,AEA,EN,Federal Contract Tower,0,6,55,10,71,0,0,183,0,183,0,6,238,10,254,244,0,244,498
11/01/2003,MTN,MD,AEA,EN,Federal Contract Tower,0,6,42,8,56,0,0,177,11,188,0,6,219,19,244,242,0,242,486
11/02/2003,MTN,MD,AEA,EN,Federal Contract Tower,0,0,48,3,51,0,0,159,0,159,0,0,207,3,210,132,0,132,342
11/03/2003,MTN,MD,AEA,EN,Federal Contract Tower,0,6,56,1,63,0,0,144,0,144,0,6,200,1,207,110,0,110,317
11/04/2003,MTN,MD,AEA,EN,Federal Contract Tower,0,7,62,15,84,0,0,174,5,179,0,7,236,20,263,108,0,108,371
11/05/2003,MTN,MD,AEA,EN,Federal Contract Tower,0,1,28,4,33,0,0,32,4,36,0,1,60,8,69,0,0,0,69
11/06/2003,MTN,MD,AEA,EN,Federal Contract Tower,0,6,58,4,68,0,0,0,0,0,0,6,58,4,68,0,0,0,68
11/07/2003,MTN,MD,AEA,EN,Federal Contract Tower,0,4,51,11,66,0,0,137,16,153,0,4,188,27,219,104,4,108,327
11/08/2003,MTN,MD,AEA,EN,Federal Contract Tower,0,0,43,1,44,0,0,172,0,172,0,0,215,1,216,208,0,208,424
11/09/2003,MTN,MD,AEA,EN,Federal Contract Tower,0,6,50,3,59,0,0,115,0,115,0,6,165,3,174,140,0,140,314
11/10/2003,MTN,MD,AEA,EN,Federal Contract Tower,0,3,41,1,45,0,0,142,0,142,0,3,183,1,187,146,0,146,333
11/11/2003,MTN,MD,AEA,EN,Federal Contract Tower,0,2,70,0,72,0,0,134,0,134,0,2,204,0,206,160,0,160,366
11/12/2003,MTN,MD,AEA,EN,Federal Contract Tower,0,0,50,4,54,0,0,1,0,1,0,0,51,4,55,0,0,0,55
11/13/2003,MTN,MD,AEA,EN,Federal Contract Tower,0,6,23,1,30,0,0,2,0,2,0,6,25,1,32,0,0,0,32
11/14/2003,MTN,MD,AEA,EN,Federal Contract Tower,0,9,39,15,63,0,0,80,4,84,0,9,119,19,147,4,0,4,151
11/15/2003,MTN,MD,AEA,EN,Federal Contract Tower,0,1,49,19,69,0,0,159,7,166,0,1,208,26,235,178,2,180,415
11/16/2003,MTN,MD,AEA,EN,Federal Contract Tower,0,3,58,8,69,0,0,132,0,132,0,3,190,8,201,146,2,148,349
11/17/2003,MTN,MD,AEA,EN,Federal Contract Tower,0,2,63,0,65,0,0,104,0,104,0,2,167,0,169,100,0,100,269
11/18/2003,MTN,MD,AEA,EN,Federal Contract Tower,0,8,67,2,77,0,0,6,0,6,0,8,73,2,83,0,0,0,83
11/19/2003,MTN,MD,AEA,EN,Federal Contract Tower,0,1,32,2,35,0,0,38,2,40,0,1,70,4,75,0,0,0,75
11/20/2003,MTN,MD,AEA,EN,Federal Contract Tower,0,2,59,16,77,0,0,154,12,166,0,2,213,28,243,44,2,46,289
11/21/2003,MTN,MD,AEA,EN,Federal Contract Tower,0,7,66,9,82,0,0,203,11,214,0,7,269,20,296,242,0,242,538
11/22/2003,MTN,MD,AEA,EN,Federal Contract Tower,0,4,50,3,57,0,0,206,2,208,0,4,256,5,265,276,0,276,541
11/23/2003,MTN,MD,AEA,EN,Federal Contract Tower,0,1,66,2,69,0,0,84,1,85,0,1,150,3,154,84,0,84,238
11/24/2003,MTN,MD,AEA,EN,Federal Contract Tower,0,3,59,30,92,0,0,80,2,82,0,3,139,32,174,108,2,110,284
11/25/2003,MTN,MD,AEA,EN,Federal Contract Tower,0,6,53,29,88,0,0,181,22,203,0,6,234,51,291,180,10,190,481
11/26/2003,MTN,MD,AEA,EN,Federal Contract Tower,0,2,52,32,86,0,0,141,2,143,0,2,193,34,229,134,4,138,367
11/27/2003,MTN,MD,AEA,EN,Federal Contract Tower,0,0,17,0,17,0,0,62,0,62,0,0,79,0,79,88,0,88,167
11/28/2003,MTN,MD,AEA,EN,Federal Contract Tower,0,3,18,2,23,0,0,8,0,8,0,3,26,2,31,4,0,4,35
11/29/2003,MTN,MD,AEA,EN,Federal Contract Tower,0,5,25,0,30,0,0,43,0,43,0,5,68,0,73,0,0,0,73
11/30/2003,MTN,MD,AEA,EN,Federal Contract Tower,0,4,53,2,59,0,0,122,0,122,0,4,175,2,181,126,0,126,307
12/01/2003,MTN,MD,AEA,EN,Federal Contract Tower,0,13,29,2,44,0,0,96,3,99,0,13,125,5,143,16,0,16,159
12/02/2003,MTN,MD,AEA,EN,Federal Contract Tower,0,2,43,19,64,0,0,80,10,90,0,2,123,29,154,40,2,42,196
12/03/2003,MTN,MD,AEA,EN,Federal Contract Tower,0,2,69,23,94,0,0,146,13,159,0,2,215,36,253,86,10,96,349
12/04/2003,MTN,MD,AEA,EN,Federal Contract Tower,0,2,29,22,53,0,0,167,13,180,0,2,196,35,233,168,10,178,411
12/05/2003,MTN,MD,AEA,EN,Federal Contract Tower,0,7,11,0,18,0,0,9,0,9,0,7,20,0,27,0,0,0,27
12/06/2003,MTN,MD,AEA,EN,Federal Contract Tower,0,0,9,0,9,0,0,16,0,16,0,0,25,0,25,4,0,4,29
12/07/2003,MTN,MD,AEA,EN,Federal Contract Tower,0,2,30,3,35,0,0,37,0,37,0,2,67,3,72,6,0,6,78
12/08/2003,MTN,MD,AEA,EN,Federal Contract Tower,0,9,42,3,54,0,0,134,0,134,0,9,176,3,188,122,0,122,310
12/09/2003,MTN,MD,AEA,EN,Federal Contract Tower,0,4,56,22,82,0,0,154,15,169,0,4,210,37,251,114,12,126,377
12/10/2003,MTN,MD,AEA,EN,Federal Contract Tower,0,3,52,5,60,0,0,65,0,65,0,3,117,5,125,58,0,58,183
12/11/2003,MTN,MD,AEA,EN,Federal Contract Tower,0,6,49,12,67,0,0,66,21,87,0,6,115,33,154,4,0,4,158
12/12/2003,MTN,MD,AEA,EN,Federal Contract Tower,0,0,47,13,60,0,0,121,0,121,0,0,168,13,181,156,14,170,351
12/13/2003,MTN,MD,AEA,EN,Federal Contract Tower,0,2,33,1,36,0,0,206,17,223,0,2,239,18,259,196,0,196,455
12/14/2003,MTN,MD,AEA,EN,Federal Contract Tower,0,0,6,13,19,0,0,0,0,0,0,0,6,13,19,0,0,0,19
12/15/2003,MTN,MD,AEA,EN,Federal Contract Tower,0,0,36,10,46,0,0,75,0,75,0,0,111,10,121,28,0,28,149
12/16/2003,MTN,MD,AEA,EN,Federal Contract Tower,0,4,84,31,119,0,0,183,8,191,0,4,267,39,310,108,8,116,426
12/17/2003,MTN,MD,AEA,EN,Federal Contract Tower,0,4,35,1,40,0,0,27,3,30,0,4,62,4,70,0,0,0,70
12/18/2003,MTN,MD,AEA,EN,Federal Contract Tower,0,4,47,38,89,0,0,104,15,119,0,4,151,53,208,74,14,88,296
12/19/2003,MTN,MD,AEA,EN,Federal Contract Tower,0,12,43,20,75,0,0,186,30,216,0,12,229,50,291,166,2,168,459
12/20/2003,MTN,MD,AEA,EN,Federal Contract Tower,0,6,31,3,40,0,0,144,0,144,0,6,175,3,184,74,0,74,258
12/21/2003,MTN,MD,AEA,EN,Federal Contract Tower,0,1,27,0,28,0,0,159,0,159,0,1,186,0,187,112,0,112,299
12/22/2003,MTN,MD,AEA,EN,Federal Contract Tower,0,1,55,18,74,0,0,138,5,143,0,1,193,23,217,162,2,164,381
12/23/2003,MTN,MD,AEA,EN,Federal Contract Tower,0,1,53,31,85,0,0,200,16,216,0,1,253,47,301,210,6,216,517
12/24/2003,MTN,MD,AEA,EN,Federal Contract Tower,0,0,11,0,11,0,0,24,0,24,0,0,35,0,35,0,0,0,35
12/25/2003,MTN,MD,AEA,EN,Federal Contract Tower,0,0,16,0,16,0,0,25,0,25,0,0,41,0,41,2,0,2,43
12/26/2003,MTN,MD,AEA,EN,Federal Contract Tower,0,2,40,0,42,0,0,106,0,106,0,2,146,0,148,134,4,138,286
12/27/2003,MTN,MD,AEA,EN,Federal Contract Tower,0,4,58,0,62,0,0,158,0,158,0,4,216,0,220,252,0,252,472
12/28/2003,MTN,MD,AEA,EN,Federal Contract Tower,0,0,24,0,24,0,0,102,0,102,0,0,126,0,126,142,0,142,268
12/29/2003,MTN,MD,AEA,EN,Federal Contract Tower,0,0,33,11,44,0,0,120,6,126,0,0,153,17,170,164,4,168,338
12/30/2003,MTN,MD,AEA,EN,Federal Contract Tower,0,0,25,29,54,0,0,45,0,45,0,0,70,29,99,18,22,40,139
12/31/2003,MTN,MD,AEA,EN,Federal Contract Tower,0,1,43,14,58,0,0,225,26,251,0,1,268,40,309,286,2,288,597
01/01/2004,MTN,MD,AEA,EN,Federal Contract Tower,0,4,13,0,17,0,0,96,0,96,0,4,109,0,113,94,0,94,207
01/02/2004,MTN,MD,AEA,EN,Federal Contract Tower,0,0,17,0,17,0,0,150,0,150,0,0,167,0,167,162,0,162,329
01/03/2004,MTN,MD,AEA,EN,Federal Contract Tower,0,1,21,4,26,0,0,100,5,105,0,1,121,9,131,118,2,120,251
01/04/2004,MTN,MD,AEA,EN,Federal Contract Tower,0,3,43,0,46,0,0,59,0,59,0,3,102,0,105,70,0,70,175
01/05/2004,MTN,MD,AEA,EN,Federal Contract Tower,0,3,19,1,23,0,0,18,0,18,0,3,37,1,41,0,0,0,41
01/06/2004,MTN,MD,AEA,EN,Federal Contract Tower,0,3,35,17,55,0,0,139,16,155,0,3,174,33,210,90,2,92,302
01/07/2004,MTN,MD,AEA,EN,Federal Contract Tower,0,0,34,19,53,0,0,99,13,112,0,0,133,32,165,20,8,28,193
01/08/2004,MTN,MD,AEA,EN,Federal Contract Tower,0,2,42,16,60,0,0,141,13,154,0,2,183,29,214,52,4,56,270
01/09/2004,MTN,MD,AEA,EN,Federal Contract Tower,0,4,19,11,34,0,0,80,15,95,0,4,99,26,129,78,0,78,207
01/10/2004,MTN,MD,AEA,EN,Federal Contract Tower,0,2,27,28,57,0,0,124,2,126,0,2,151,30,183,140,24,164,347
01/11/2004,MTN,MD,AEA,EN,Federal Contract Tower,0,4,36,11,51,0,0,127,5,132,0,4,163,16,183,164,10,174,357
01/12/2004,MTN,MD,AEA,EN,Federal Contract Tower,0,6,31,2,39,0,0,149,1,150,0,6,180,3,189,96,0,96,285
01/13/2004,MTN,MD,AEA,EN,Federal Contract Tower,0,7,41,12,60,0,0,104,12,116,0,7,145,24,176,38,0,38,214
01/14/2004,MTN,MD,AEA,EN,Federal Contract Tower,0,3,62,18,83,0,0,124,16,140,0,3,186,34,223,114,0,114,337
01/15/2004,MTN,MD,AEA,EN,Federal Contract Tower,0,2,28,18,48,0,0,57,19,76,0,2,85,37,124,16,2,18,142
01/16/2004,MTN,MD,AEA,EN,Federal Contract Tower,0,2,26,10,38,0,0,66,8,74,0,2,92,18,112,18,12,30,142
01/17/2004,MTN,MD,AEA,EN,Federal Contract Tower,0,2,43,0,45,0,0,78,2,80,0,2,121,2,125,186,0,186,311
01/18/2004,MTN,MD,AEA,EN,Federal Contract Tower,0,2,15,2,19,0,0,19,0,19,0,2,34,2,38,0,0,0,38
01/19/2004,MTN,MD,AEA,EN,Federal Contract Tower,0,1,43,0,44,0,0,57,0,57,0,1,100,0,101,20,0,20,121
01/20/2004,MTN,MD,AEA,EN,Federal Contract Tower,0,2,42,0,44,0,0,76,0,76,0,2,118,0,120,6,6,12,132
01/21/2004,MTN,MD,AEA,EN,Federal Contract Tower,0,2,53,19,74,0,0,117,12,129,0,2,170,31,203,130,10,140,343
01/22/2004,MTN,MD,AEA,EN,Federal Contract Tower,0,7,52,19,78,0,0,139,14,153,0,7,191,33,231,46,0,46,277
01/23/2004,MTN,MD,AEA,EN,Federal Contract Tower,0,8,37,18,63,0,0,94,0,94,0,8,131,18,157,30,10,40,197
01/24/2004,MTN,MD,AEA,EN,Federal Contract Tower,0,0,26,0,26,0,0,19,0,19,0,0,45,0,45,22,0,22,67
01/25/2004,MTN,MD,AEA,EN,Federal Contract Tower,0,2,29,0,31,0,0,65,0,65,0,2,94,0,96,90,2,92,188
01/26/2004,MTN,MD,AEA,EN,Federal Contract Tower,0,1,13,0,14,0,0,21,0,21,0,1,34,0,35,2,0,2,37
01/27/2004,MTN,MD,AEA,EN,Federal Contract Tower,0,0,11,0,11,0,0,0,0,0,0,0,11,0,11,0,0,0,11
01/28/2004,MTN,MD,AEA,EN,Federal Contract Tower,0,1,31,3,35,0,0,31,2,33,0,1,62,5,68,0,0,0,68
01/29/2004,MTN,MD,AEA,EN,Federal Contract Tower,0,4,39,5,48,0,0,108,0,108,0,4,147,5,156,92,2,94,250
01/30/2004,MTN,MD,AEA,EN,Federal Contract Tower,0,5,41,20,66,0,0,98,12,110,0,5,139,32,176,22,16,38,214
01/31/2004,MTN,MD,AEA,EN,Federal Contract Tower,0,0,31,1,32,0,0,76,0,76,0,0,107,1,108,64,4,68,176
02/01/2004,MTN,MD,AEA,EN,Federal Contract Tower,0,2,35,1,38,0,0,102,0,102,0,2,137,1,140,216,0,216,356
02/02/2004,MTN,MD,AEA,EN,Federal Contract Tower,0,1,51,5,57,0,0,109,0,109,0,1,160,5,166,116,0,116,282
02/03/2004,MTN,MD,AEA,EN,Federal Contract Tower,0,4,21,0,25,0,0,47,4,51,0,4,68,4,76,22,0,22,98
02/04/2004,MTN,MD,AEA,EN,Federal Contract Tower,0,3,27,14,44,0,0,119,8,127,0,3,146,22,171,74,10,84,255
02/05/2004,MTN,MD,AEA,EN,Federal Contract Tower,0,4,32,14,50,0,0,147,6,153,0,4,179,20,203,116,0,116,319
02/06/2004,MTN,MD,AEA,EN,Federal Contract Tower,0,1,9,5,15,0,0,0,0,0,0,1,9,5,15,0,0,0,15
02/07/2004,MTN,MD,AEA,EN,Federal Contract Tower,0,1,22,8,31,0,0,68,2,70,0,1,90,10,101,42,0,42,143
02/08/2004,MTN,MD,AEA,EN,Federal Contract Tower,0,1,41,2,44,0,0,91,0,91,0,1,132,2,135,74,0,74,209
02/09/2004,MTN,MD,AEA,EN,Federal Contract Tower,0,1,39,2,42,0,0,130,0,130,0,1,169,2,172,138,8,146,318
02/10/2004,MTN,MD,AEA,EN,Federal Contract Tower,0,1,64,38,103,0,0,130,1,131,0,1,194,39,234,76,8,84,318
02/11/2004,MTN,MD,AEA,EN,Federal Contract Tower,0,2,55,26,83,0,0,177,25,202,0,2,232,51,285,110,2,112,397
02/12/2004,MTN,MD,AEA,EN,Federal Contract Tower,0,10,72,28,110,0,0,118,9,127,0,10,190,37,237,172,8,180,417
02/13/2004,MTN,MD,AEA,EN,Federal Contract Tower,0,7,49,11,67,0,0,142,10,152,0,7,191,21,219,62,0,62,281
02/14/2004,MTN,MD,AEA,EN,Federal Contract Tower,0,0,21,3,24,0,0,147,0,147,0,0,168,3,171,150,0,150,321
02/15/2004,MTN,MD,AEA,EN,Federal Contract Tower,0,0,45,1,46,0,0,96,0,96,0,0,141,1,142,70,0,70,212
02/16/2004,MTN,MD,AEA,EN,Federal Contract Tower,0,7,51,2,60,0,0,135,0,135,0,7,186,2,195,176,0,176,371
02/17/2004,MTN,MD,AEA,EN,Federal Contract Tower,0,1,49,3,53,0,0,111,5,116,0,1,160,8,169,26,2,28,197
02/18/2004,MTN,MD,AEA,EN,Federal Contract Tower,0,2,34,21,57,0,0,128,19,147,0,2,162,40,204,96,8,104,308
02/19/2004,MTN,MD,AEA,EN,Federal Contract Tower,0,4,64,14,82,0,0,136,14,150,0,4,200,28,232,74,18,92,324
02/20/2004,MTN,MD,AEA,EN,Federal Contract Tower,0,9,45,20,74,0,0,136,23,159,0,9,181,43,233,78,20,98,331
02/21/2004,MTN,MD,AEA,EN,Federal Contract Tower,0,4,27,35,66,0,0,89,5,94,0,4,116,40,160,16,0,16,176
02/22/2004,MTN,MD,AEA,EN,Federal Contract Tower,0,3,29,8,40,0,0,86,0,86,0,3,115,8,126,26,0,26,152
02/23/2004,MTN,MD,AEA,EN,Federal Contract Tower,0,5,47,6,58,0,0,189,2,191,0,5,236,8,249,56,0,56,305
02/24/2004,MTN,MD,AEA,EN,Federal Contract Tower,0,2,42,17,61,0,0,52,9,61,0,2,94,26,122,40,2,42,164
02/25/2004,MTN,MD,AEA,EN,Federal Contract Tower,0,5,44,22,71,0,0,117,16,133,0,5,161,38,204,50,8,58,262
02/26/2004,MTN,MD,AEA,EN,Federal Contract Tower,0,7,40,23,70,0,0,149,20,169,0,7,189,43,239,162,10,172,411
02/27/2004,MTN,MD,AEA,EN,Federal Contract Tower,0,4,34,20,58,0,0,144,20,164,0,4,178,40,222,140,4,144,366
02/28/2004,MTN,MD,AEA,EN,Federal Contract Tower,0,3,26,1,30,0,0,159,0,159,0,3,185,1,189,182,0,182,371
02/29/2004,MTN,MD,AEA,EN,Federal Contract Tower,0,3,51,2,56,0,0,233,2,235,0,3,284,4,291,226,0,226,517
03/01/2004,MTN,MD,AEA,EN,Federal Contract Tower,0,3,31,1,35,0,0,129,0,129,0,3,160,1,164,146,0,146,310
03/02/2004,MTN,MD,AEA,EN,Federal Contract Tower,0,2,60,18,80,0,0,100,10,110,0,2,160,28,190,46,0,46,236
03/03/2004,MTN,MD,AEA,EN,Federal Contract Tower,0,0,57,24,81,0,0,171,15,186,0,0,228,39,267,224,8,232,499
03/04/2004,MTN,MD,AEA,EN,Federal Contract Tower,0,4,67,20,91,0,0,104,6,110,0,4,171,26,201,62,0,62,263
03/05/2004,MTN,MD,AEA,EN,Federal Contract Tower,0,7,52,10,69,0,0,55,14,69,0,7,107,24,138,30,4,34,172
03/06/2004,MTN,MD,AEA,EN,Federal Contract Tower,0,1,23,0,24,0,0,29,2,31,0,1,52,2,55,10,0,10,65
03/07/2004,MTN,MD,AEA,EN,Federal Contract Tower,0,2,48,17,67,0,2,179,0,181,0,4,227,17,248,160,0,160,408
03/08/2004,MTN,MD,AEA,EN,Federal Contract Tower,0,4,45,5,54,0,1,64,0,65,0,5,109,5,119,6,0,6,125
03/09/2004,MTN,MD,AEA,EN,Federal Contract Tower,0,3,41,23,67,0,7,143,15,165,0,10,184,38,232,114,10,124,356
03/10/2004,MTN,MD,AEA,EN,Federal Contract Tower,0,13,48,14,75,0,0,63,6,69,0,13,111,20,144,30,0,30,174
03/11/2004,MTN,MD,AEA,EN,Federal Contract Tower,0,10,57,38,105,0,3,167,4,174,0,13,224,42,279,146,24,170,449
03/12/2004,MTN,MD,AEA,EN,Federal Contract Tower,0,14,48,16,78,0,0,117,28,145,0,14,165,44,223,46,12,58,281
03/13/2004,MTN,MD,AEA,EN,Federal Contract Tower,0,10,54,10,74,0,0,104,24,128,0,10,158,34,202,94,0,94,296
03/14/2004,MTN,MD,AEA,EN,Federal Contract Tower,0,5,44,5,54,0,1,92,1,94,0,6,136,6,148,138,0,138,286
03/15/2004,MTN,MD,AEA,EN,Federal Contract Tower,0,1,43,9,53,0,8,133,8,149,0,9,176,17,202,64,0,64,266
03/16/2004,MTN,MD,AEA,EN,Federal Contract Tower,0,3,26,3,32,0,0,0,0,0,0,3,26,3,32,0,0,0,32
03/17/2004,MTN,MD,AEA,EN,Federal Contract Tower,0,6,42,24,72,0,2,96,2,100,0,8,138,26,172,94,0,94,266
03/18/2004,MTN,MD,AEA,EN,Federal Contract Tower,0,8,43,17,68,0,0,134,29,163,0,8,177,46,231,144,2,146,377
03/19/2004,MTN,MD,AEA,EN,Federal Contract Tower,0,7,42,24,73,0,0,60,10,70,0,7,102,34,143,46,14,60,203
03/20/2004,MTN,MD,AEA,EN,Federal Contract Tower,0,1,50,2,53,0,3,118,0,121,0,4,168,2,174,58,0,58,232
03/21/2004,MTN,MD,AEA,EN,Federal Contract Tower,0,2,26,0,28,0,2,19,0,21,0,4,45,0,49,2,0,2,51
03/22/2004,MTN,MD,AEA,EN,Federal Contract Tower,0,12,4,6,22,0,0,134,0,134,0,12,138,6,156,14,0,14,170
03/23/2004,MTN,MD,AEA,EN,Federal Contract Tower,0,4,39,45,88,0,4,187,6,197,0,8,226,51,285,114,4,118,403
03/24/2004,MTN,MD,AEA,EN,Federal Contract Tower,0,1,68,23,92,0,0,188,33,221,0,1,256,56,313,102,0,102,415
03/25/2004,MTN,MD,AEA,EN,Federal Contract Tower,0,0,40,19,59,0,0,121,25,146,0,0,161,44,205,120,12,132,337
03/26/2004,MTN,MD,AEA,EN,Federal Contract Tower,0,5,56,23,84,0,2,145,15,162,0,7,201,38,246,130,14,144,390
03/27/2004,MTN,MD,AEA,EN,Federal Contract Tower,0,0,50,3,53,0,4,72,0,76,0,4,122,3,129,112,0,112,241
03/28/2004,MTN,MD,AEA,EN,Federal Contract Tower,0,3,53,1,57,0,0,151,0,151,0,3,204,1,208,142,0,142,350
03/29/2004,MTN,MD,AEA,EN,Federal Contract Tower,0,6,50,2,58,0,6,89,2,97,0,12,139,4,155,116,0,116,271
03/30/2004,MTN,MD,AEA,EN,Federal Contract Tower,0,7,36,28,71,0,1,66,11,78,0,8,102,39,149,16,0,16,165
03/31/2004,MTN,MD,AEA,EN,Federal Contract Tower,0,0,35,15,50,0,0,12,0,12,0,0,47,15,62,0,0,0,62
04/01/2004,MTN,MD,AEA,EN,Federal Contract Tower,0,2,51,0,53,0,0,10,0,10,0,2,61,0,63,0,0,0,63
04/02/2004,MTN,MD,AEA,EN,Federal Contract Tower,0,4,47,12,63,0,3,29,4,36,0,7,76,16,99,0,0,0,99
04/03/2004,MTN,MD,AEA,EN,Federal Contract Tower,0,2,52,4,58,0,0,114,1,115,0,2,166,5,173,58,0,58,231
04/04/2004,MTN,MD,AEA,EN,Federal Contract Tower,0,4,11,1,16,0,0,8,9,17,0,4,19,10,33,2,0,2,35
04/05/2004,MTN,MD,AEA,EN,Federal Contract Tower,0,2,28,2,32,0,2,35,10,47,0,4,63,12,79,2,0,2,81
04/06/2004,MTN,MD,AEA,EN,Federal Contract Tower,0,2,47,23,72,0,0,123,13,136,0,2,170,36,208,52,0,52,260
04/07/2004,MTN,MD,AEA,EN,Federal Contract Tower,0,8,47,31,86,0,8,150,16,174,0,16,197,47,260,168,6,174,434
04/08/2004,MTN,MD,AEA,EN,Federal Contract Tower,0,0,60,27,87,0,4,122,23,149,0,4,182,50,236,40,4,44,280
04/09/2004,MTN,MD,AEA,EN,Federal Contract Tower,0,1,46,11,58,0,6,133,8,147,0,7,179,19,205,134,4,138,343
04/10/2004,MTN,MD,AEA,EN,Federal Contract Tower,0,6,42,1,49,0,1,160,1,162,0,7,202,2,211,308,0,308,519
04/11/2004,MTN,MD,AEA,EN,Federal Contract Tower,0,0,26,1,27,0,1,15,0,16,0,1,41,1,43,12,0,12,55
04/12/2004,MTN,MD,AEA,EN,Federal Contract Tower,0,6,52,3,61,0,2,15,0,17,0,8,67,3,78,24,0,24,102
04/13/2004,MTN,MD,AEA,EN,Federal Contract Tower,0,2,36,3,41,0,0,1,0,1,0,2,37,3,42,0,0,0,42
04/14/2004,MTN,MD,AEA,EN,Federal Contract Tower,0,2,49,18,69,0,3,47,7,57,0,5,96,25,126,18,0,18,144
04/15/2004,MTN,MD,AEA,EN,Federal Contract Tower,0,8,56,6,70,0,0,134,6,140,0,8,190,12,210,40,14,54,264
04/16/2004,MTN,MD,AEA,EN,Federal Contract Tower,0,6,42,26,74,0,0,163,1,164,0,6,205,27,238,122,0,122,360
04/17/2004,MTN,MD,AEA,EN,Federal Contract Tower,0,5,37,17,59,0,0,168,0,168,0,5,205,17,227,212,0,212,439
04/18/2004,MTN,MD,AEA,EN,Federal Contract Tower,0,11,37,9,57,0,5,152,3,160,0,16,189,12,217,146,4,150,367
04/19/2004,MTN,MD,AEA,EN,Federal Contract Tower,0,3,56,6,65,0,3,155,2,160,0,6,211,8,225,106,0,106,331
04/20/2004,MTN,MD,AEA,EN,Federal Contract Tower,0,2,55,4,61,0,0,186,1,187,0,2,241,5,248,82,10,92,340
04/21/2004,MTN,MD,AEA,EN,Federal Contract Tower,0,8,45,2,55,0,2,113,8,123,0,10,158,10,178,64,0,64,242
04/22/2004,MTN,MD,AEA,EN,Federal Contract Tower,0,6,54,21,81,0,4,137,2,143,0,10,191,23,224,132,0,132,356
04/23/2004,MTN,MD,AEA,EN,Federal Contract Tower,0,4,54,10,68,0,1,97,6,104,0,5,151,16,172,84,0,84,256
04/24/2004,MTN,MD,AEA,EN,Federal Contract Tower,0,1,45,1,47,0,12,179,0,191,0,13,224,1,238,158,0,158,396
04/25/2004,MTN,MD,AEA,EN,Federal Contract Tower,0,6,42,5,53,0,3,158,1,162,0,9,200,6,215,120,0,120,335
04/26/2004,MTN,MD,AEA,EN,Federal Contract Tower,0,5,42,2,49,0,0,41,2,43,0,5,83,4,92,0,0,0,92
04/27/2004,MTN,MD,AEA,EN,Federal Contract Tower,0,1,52,14,67,0,1,153,15,169,0,2,205,29,236,32,14,46,282
04/28/2004,MTN,MD,AEA,EN,Federal Contract Tower,0,6,59,37,102,0,4,176,4,184,0,10,235,41,286,104,4,108,394
04/29/2004,MTN,MD,AEA,EN,Federal Contract Tower,0,3,63,14,80,0,0,203,24,227,0,3,266,38,307,144,0,144,451
04/30/2004,MTN,MD,AEA,EN,Federal Contract Tower,0,2,47,13,62,0,7,173,6,186,0,9,220,19,248,100,8,108,356
05/01/2004,MTN,MD,AEA,EN,Federal Contract Tower,0,12,37,8,57,0,5,151,4,160,0,17,188,12,217,152,0,152,369
05/02/2004,MTN,MD,AEA,EN,Federal Contract Tower,0,1,37,9,47,0,4,37,0,41,0,5,74,9,88,0,0,0,88
05/03/2004,MTN,MD,AEA,EN,Federal Contract Tower,0,2,44,3,49,0,0,62,0,62,0,2,106,3,111,40,0,40,151
05/04/2004,MTN,MD,AEA,EN,Federal Contract Tower,0,6,51,23,80,0,5,145,2,152,0,11,196,25,232,136,2,138,370
05/05/2004,MTN,MD,AEA,EN,Federal Contract Tower,0,4,53,20,77,0,5,145,33,183,0,9,198,53,260,100,4,104,364
05/06/2004,MTN,MD,AEA,EN,Federal Contract Tower,0,9,49,16,74,0,4,197,13,214,0,13,246,29,288,122,12,134,422
05/07/2004,MTN,MD,AEA,EN,Federal Contract Tower,0,7,57,34,98,0,5,115,6,126,0,12,172,40,224,84,4,88,312
05/08/2004,MTN,MD,AEA,EN,Federal Contract Tower,0,1,31,3,35,0,5,139,0,144,0,6,170,3,179,68,2,70,249
05/09/2004,MTN,MD,AEA,EN,Federal Contract Tower,0,4,39,4,47,0,0,126,3,129,0,4,165,7,176,106,0,106,282
05/10/2004,MTN,MD,AEA,EN,Federal Contract Tower,0,1,52,2,55,0,2,135,0,137,0,3,187,2,192,110,0,110,302
05/11/2004,MTN,MD,AEA,EN,Federal Contract Tower,0,8,57,23,88,0,5,159,21,185,0,13,216,44,273,80,4,84,357
05/12/2004,MTN,MD,AEA,EN,Federal Contract Tower,0,6,54,11,71,0,0,133,13,146,0,6,187,24,217,262,0,262,479
05/13/2004,MTN,MD,AEA,EN,Federal Contract Tower,0,5,59,21,85,0,7,171,21,199,0,12,230,42,284,136,0,136,420
05/14/2004,MTN,MD,AEA,EN,Federal Contract Tower,0,6,50,17,73,0,3,156,19,178,0,9,206,36,251,38,14,52,303
05/15/2004,MTN,MD,AEA,EN,Federal Contract Tower,0,2,40,10,52,0,1,204,38,243,0,3,244,48,295,86,16,102,397
05/16/2004,MTN,MD,AEA,EN,Federal Contract Tower,0,4,46,7,57,0,9,89,4,102,0,13,135,11,159,124,0,124,283
05/17/2004,MTN,MD,AEA,EN,Federal Contract Tower,0,3,53,5,61,0,8,99,2,109,0,11,152,7,170,2,0,2,172
05/18/2004,MTN,MD,AEA,EN,Federal Contract Tower,0,3,54,18,75,0,0,103,14,117,0,3,157,32,192,60,4,64,256
05/19/2004,MTN,MD,AEA,EN,Federal Contract Tower,0,4,42,11,57,0,0,107,17,124,0,4,149,28,181,42,0,42,223
05/20/2004,MTN,MD,AEA,EN,Federal Contract Tower,0,3,80,12,95,0,2,102,11,115,0,5,182,23,210,146,8,154,364
05/21/2004,MTN,MD,AEA,EN,Federal Contract Tower,0,0,32,10,42,0,1,87,2,90,0,1,119,12,132,22,0,22,154
05/22/2004,MTN,MD,AEA,EN,Federal Contract Tower,0,4,31,5,40,0,5,187,0,192,0,9,218,5,232,166,0,166,398
05/23/2004,MTN,MD,AEA,EN,Federal Contract Tower,0,3,48,2,53,0,2,176,4,182,0,5,224,6,235,196,0,196,431
05/24/2004,MTN,MD,AEA,EN,Federal Contract Tower,0,8,43,3,54,0,2,152,0,154,0,10,195,3,208,144,0,144,352
05/25/2004,MTN,MD,AEA,EN,Federal Contract Tower,0,6,57,15,78,0,7,178,20,205,0,13,235,35,283,140,0,140,423
05/26/2004,MTN,MD,AEA,EN,Federal Contract Tower,0,1,56,20,77,0,0,114,15,129,0,1,170,35,206,98,4,102,308
05/27/2004,MTN,MD,AEA,EN,Federal Contract Tower,0,3,61,28,92,0,0,184,46,230,0,3,245,74,322,190,6,196,518
05/28/2004,MTN,MD,AEA,EN,Federal Contract Tower,0,3,74,5,82,0,10,163,0,173,0,13,237,5,255,124,0,124,379
05/29/2004,MTN,MD,AEA,EN,Federal Contract Tower,0,0,38,1,39,0,8,233,5,246,0,8,271,6,285,164,0,164,449
05/30/2004,MTN,MD,AEA,EN,Federal Contract Tower,0,3,36,7,46,0,0,103,1,104,0,3,139,8,150,112,2,114,264
05/31/2004,MTN,MD,AEA,EN,Federal Contract Tower,0,2,38,0,40,0,0,1,0,1,0,2,39,0,41,0,0,0,41
06/01/2004,MTN,MD,AEA,EN,Federal Contract Tower,0,4,40,3,47,0,6,133,2,141,0,10,173,5,188,70,0,70,258
06/02/2004,MTN,MD,AEA,EN,Federal Contract Tower,0,12,33,25,70,0,20,192,20,232,0,32,225,45,302,56,0,56,358
06/03/2004,MTN,MD,AEA,EN,Federal Contract Tower,0,5,48,30,83,0,3,175,6,184,0,8,223,36,267,158,14,172,439
06/04/2004,MTN,MD,AEA,EN,Federal Contract Tower,0,3,39,14,56,0,5,193,16,214,0,8,232,30,270,92,20,112,382
06/05/2004,MTN,MD,AEA,EN,Federal Contract Tower,0,11,32,8,51,0,0,0,0,0,0,11,32,8,51,0,0,0,51
06/06/2004,MTN,MD,AEA,EN,Federal Contract Tower,0,2,50,8,60,0,3,68,8,79,0,5,118,16,139,118,0,118,257
06/07/2004,MTN,MD,AEA,EN,Federal Contract Tower,0,8,64,3,75,0,8,94,6,108,0,16,158,9,183,92,4,96,279
06/08/2004,MTN,MD,AEA,EN,Federal Contract Tower,0,3,64,22,89,0,2,171,21,194,0,5,235,43,283,140,4,144,427
06/09/2004,MTN,MD,AEA,EN,Federal Contract Tower,0,6,75,26,107,0,2,91,0,93,0,8,166,26,200,120,12,132,332
06/10/2004,MTN,MD,AEA,EN,Federal Contract Tower,0,13,39,18,70,0,0,141,15,156,0,13,180,33,226,26,10,36,262
06/11/2004,MTN,MD,AEA,EN,Federal Contract Tower,0,6,52,13,71,0,0,18,0,18,0,6,70,13,89,0,0,0,89
06/12/2004,MTN,MD,AEA,EN,Federal Contract Tower,0,9,45,15,69,0,6,181,24,211,0,15,226,39,280,112,8,120,400
06/13/2004,MTN,MD,AEA,EN,Federal Contract Tower,0,8,53,2,63,0,2,138,4,144,0,10,191,6,207,118,0,118,325
06/14/2004,MTN,MD,AEA,EN,Federal Contract Tower,0,3,39,5,47,0,3,120,12,135,0,6,159,17,182,90,0,90,272
06/15/2004,MTN,MD,AEA,EN,Federal Contract Tower,0,9,54,32,95,0,3,110,8,121,0,12,164,40,216,146,14,160,376
06/16/2004,MTN,MD,AEA,EN,Federal Contract Tower,0,2,55,23,80,0,1,96,13,110,0,3,151,36,190,118,4,122,312
06/17/2004,MTN,MD,AEA,EN,Federal Contract Tower,0,5,62,22,89,0,0,91,18,109,0,5,153,40,198,32,0,32,230
06/18/2004,MTN,MD,AEA,EN,Federal Contract Tower,0,2,49,22,73,0,2,140,8,150,0,4,189,30,223,154,10,164,387
06/19/2004,MTN,MD,AEA,EN,Federal Contract Tower,0,0,41,5,46,0,6,144,0,150,0,6,185,5,196,166,2,168,364
06/20/2004,MTN,MD,AEA,EN,Federal Contract Tower,0,9,34,3,46,0,3,228,2,233,0,12,262,5,279,134,0,134,413
06/21/2004,MTN,MD,AEA,EN,Federal Contract Tower,0,4,41,2,47,0,3,165,1,169,0,7,206,3,216,128,0,128,344
06/22/2004,MTN,MD,AEA,EN,Federal Contract Tower,0,1,46,15,62,0,14,165,10,189,0,15,211,25,251,84,0,84,335
06/23/2004,MTN,MD,AEA,EN,Federal Contract Tower,0,0,44,11,55,0,0,157,5,162,0,0,201,16,217,126,12,138,355
06/24/2004,MTN,MD,AEA,EN,Federal Contract Tower,0,0,58,11,69,0,1,165,15,181,0,1,223,26,250,126,4,130,380
06/25/2004,MTN,MD,AEA,EN,Federal Contract Tower,0,2,49,13,64,0,3,84,4,91,0,5,133,17,155,10,4,14,169
06/26/2004,MTN,MD,AEA,EN,Federal Contract Tower,0,4,33,3,40,0,6,95,2,103,0,10,128,5,143,138,0,138,281
06/27/2004,MTN,MD,AEA,EN,Federal Contract Tower,0,3,52,4,59,0,4,122,0,126,0,7,174,4,185,106,0,106,291
06/28/2004,MTN,MD,AEA,EN,Federal Contract Tower,0,5,30,6,41,0,4,138,2,144,0,9,168,8,185,120,0,120,305
06/29/2004,MTN,MD,AEA,EN,Federal Contract Tower,0,2,49,16,67,0,1,154,6,161,0,3,203,22,228,164,12,176,404
06/30/2004,MTN,MD,AEA,EN,Federal Contract Tower,0,9,62,26,97,0,4,169,16,189,0,13,231,42,286,90,12,102,388
07/01/2004,MTN,MD,AEA,EN,Federal Contract Tower,0,3,59,20,82,0,3,130,10,143,0,6,189,30,225,34,2,36,261
07/02/2004,MTN,MD,AEA,EN,Federal Contract Tower,0,5,64,27,96,0,4,157,4,165,0,9,221,31,261,190,2,192,453
07/03/2004,MTN,MD,AEA,EN,Federal Contract Tower,0,1,19,0,20,0,5,134,20,159,0,6,153,20,179,186,12,198,377
07/04/2004,MTN,MD,AEA,EN,Federal Contract Tower,0,1,11,3,15,0,3,54,0,57,0,4,65,3,72,20,0,20,92
07/05/2004,MTN,MD,AEA,EN,Federal Contract Tower,0,3,47,4,54,0,1,103,0,104,0,4,150,4,158,92,0,92,250
07/06/2004,MTN,MD,AEA,EN,Federal Contract Tower,0,2,45,1,48,0,2,142,2,146,0,4,187,3,194,154,2,156,350
07/07/2004,MTN,MD,AEA,EN,Federal Contract Tower,0,4,32,14,50,0,2,102,15,119,0,6,134,29,169,42,4,46,215
07/08/2004,MTN,MD,AEA,EN,Federal Contract Tower,0,6,61,26,93,0,5,218,30,253,0,11,279,56,346,184,8,192,538
07/09/2004,MTN,MD,AEA,EN,Federal Contract Tower,0,3,49,23,75,0,5,193,11,209,0,8,242,34,284,164,18,182,466
07/10/2004,MTN,MD,AEA,EN,Federal Contract Tower,0,0,45,4,49,0,9,181,4,194,0,9,226,8,243,142,0,142,385
07/11/2004,MTN,MD,AEA,EN,Federal Contract Tower,0,1,42,2,45,0,1,84,0,85,0,2,126,2,130,146,0,146,276
07/12/2004,MTN,MD,AEA,EN,Federal Contract Tower,0,10,58,4,72,0,3,86,0,89,0,13,144,4,161,34,0,34,195
07/13/2004,MTN,MD,AEA,EN,Federal Contract Tower,0,2,60,13,75,0,1,84,17,102,0,3,144,30,177,34,0,34,211
07/14/2004,MTN,MD,AEA,EN,Federal Contract Tower,0,5,54,16,75,0,2,59,3,64,0,7,113,19,139,32,0,32,171
07/15/2004,MTN,MD,AEA,EN,Federal Contract Tower,0,2,68,29,99,0,7,177,8,192,0,9,245,37,291,76,8,84,375
07/16/2004,MTN,MD,AEA,EN,Federal Contract Tower,0,5,53,35,93,0,4,202,7,213,0,9,255,42,306,152,12,164,470
07/17/2004,MTN,MD,AEA,EN,Federal Contract Tower,0,0,41,28,69,0,0,120,13,133,0,0,161,41,202,94,12,106,308
07/18/2004,MTN,MD,AEA,EN,Federal Contract Tower,0,0,25,6,31,0,0,4,0,4,0,0,29,6,35,0,0,0,35
07/19/2004,MTN,MD,AEA,EN,Federal Contract Tower,0,0,36,3,39,0,1,110,3,114,0,1,146,6,153,90,2,92,245
07/20/2004,MTN,MD,AEA,EN,Federal Contract Tower,0,7,58,17,82,0,2,219,21,242,0,9,277,38,324,76,2,78,402
07/21/2004,MTN,MD,AEA,EN,Federal Contract Tower,0,1,51,33,85,0,2,131,3,136,0,3,182,36,221,152,6,158,379
07/22/2004,MTN,MD,AEA,EN,Federal Contract Tower,0,1,72,20,93,0,1,84,13,98,0,2,156,33,191,112,18,130,321
07/23/2004,MTN,MD,AEA,EN,Federal Contract Tower,0,4,63,12,79,0,0,52,7,59,0,4,115,19,138,6,0,6,144
07/24/2004,MTN,MD,AEA,EN,Federal Contract Tower,0,4,50,0,54,0,2,77,0,79,0,6,127,0,133,48,0,48,181
07/25/2004,MTN,MD,AEA,EN,Federal Contract Tower,0,1,37,2,40,0,4,46,0,50,0,5,83,2,90,70,0,70,160
07/26/2004,MTN,MD,AEA,EN,Federal Contract Tower,0,7,49,6,62,0,2,138,3,143,0,9,187,9,205,156,2,158,363
07/27/2004,MTN,MD,AEA,EN,Federal Contract Tower,0,17,38,4,59,0,2,43,0,45,0,19,81,4,104,18,0,18,122
07/28/2004,MTN,MD,AEA,EN,Federal Contract Tower,0,5,47,16,68,0,7,82,9,98,0,12,129,25,166,136,10,146,312
07/29/2004,MTN,MD,AEA,EN,Federal Contract Tower,0,12,42,23,77,0,1,178,22,201,0,13,220,45,278,206,4,210,488
07/30/2004,MTN,MD,AEA,EN,Federal Contract Tower,0,6,54,20,80,0,6,123,18,147,0,12,177,38,227,94,10,104,331
07/31/2004,MTN,MD,AEA,EN,Federal Contract Tower,0,0,39,1,40,0,7,118,2,127,0,7,157,3,167,154,0,154,321
08/01/2004,MTN,MD,AEA,EN,Federal Contract Tower,0,6,31,5,42,0,7,30,0,37,0,13,61,5,79,74,0,74,153
08/02/2004,MTN,MD,AEA,EN,Federal Contract Tower,0,1,35,0,36,0,3,84,4,91,0,4,119,4,127,52,2,54,181
08/03/2004,MTN,MD,AEA,EN,Federal Contract Tower,0,5,34,19,58,0,8,150,16,174,0,13,184,35,232,124,10,134,366
08/04/2004,MTN,MD,AEA,EN,Federal Contract Tower,0,5,53,15,73,0,2,177,19,198,0,7,230,34,271,82,10,92,363
08/05/2004,MTN,MD,AEA,EN,Federal Contract Tower,0,3,53,28,84,0,5,114,11,130,0,8,167,39,214,54,4,58,272
08/06/2004,MTN,MD,AEA,EN,Federal Contract Tower,0,2,53,16,71,0,2,184,15,201,0,4,237,31,272,34,8,42,314
08/07/2004,MTN,MD,AEA,EN,Federal Contract Tower,0,5,60,5,70,0,1,128,6,135,0,6,188,11,205,96,4,100,305
08/08/2004,MTN,MD,AEA,EN,Federal Contract Tower,0,0,40,10,50,0,10,194,2,206,0,10,234,12,256,210,0,210,466
08/09/2004,MTN,MD,AEA,EN,Federal Contract Tower,0,3,39,1,43,0,7,117,0,124,0,10,156,1,167,134,6,140,307
08/10/2004,MTN,MD,AEA,EN,Federal Contract Tower,0,4,31,18,53,0,1,182,4,187,0,5,213,22,240,118,0,118,358
08/11/2004,MTN,MD,AEA,EN,Federal Contract Tower,0,6,57,19,82,0,6,120,5,131,0,12,177,24,213,80,2,82,295
08/12/2004,MTN,MD,AEA,EN,Federal Contract Tower,0,0,56,31,87,0,0,59,0,59,0,0,115,31,146,78,14,92,238
08/13/2004,MTN,MD,AEA,EN,Federal Contract Tower,0,13,42,16,71,0,3,67,3,73,0,16,109,19,144,102,0,102,246
08/14/2004,MTN,MD,AEA,EN,Federal Contract Tower,0,3,21,20,44,0,3,70,1,74,0,6,91,21,118,98,6,104,222
08/15/2004,MTN,MD,AEA,EN,Federal Contract Tower,0,5,36,3,44,0,8,99,5,112,0,13,135,8,156,68,0,68,224
08/16/2004,MTN,MD,AEA,EN,Federal Contract Tower,0,5,46,0,51,0,1,127,0,128,0,6,173,0,179,108,0,108,287
08/17/2004,MTN,MD,AEA,EN,Federal Contract Tower,0,2,56,20,78,0,2,160,16,178,0,4,216,36,256,98,6,104,360
08/18/2004,MTN,MD,AEA,EN,Federal Contract Tower,0,1,58,24,83,0,16,114,19,149,0,17,172,43,232,66,12,78,310
08/19/2004,MTN,MD,AEA,EN,Federal Contract Tower,0,2,35,17,54,0,7,97,8,112,0,9,132,25,166,116,8,124,290
08/20/2004,MTN,MD,AEA,EN,Federal Contract Tower,0,12,49,16,77,0,7,147,11,165,0,19,196,27,242,132,14,146,388
08/21/2004,MTN,MD,AEA,EN,Federal Contract Tower,0,8,23,1,32,0,6,31,0,37,0,14,54,1,69,68,0,68,137
08/22/2004,MTN,MD,AEA,EN,Federal Contract Tower,0,10,45,2,57,0,0,170,6,176,0,10,215,8,233,202,0,202,435
08/23/2004,MTN,MD,AEA,EN,Federal Contract Tower,0,7,44,4,55,0,4,174,4,182,0,11,218,8,237,78,0,78,315
08/24/2004,MTN,MD,AEA,EN,Federal Contract Tower,0,3,54,19,76,0,4,158,8,170,0,7,212,27,246,114,2,116,362
08/25/2004,MTN,MD,AEA,EN,Federal Contract Tower,0,5,69,20,94,0,2,64,9,75,0,7,133,29,169,90,2,92,261
08/26/2004,MTN,MD,AEA,EN,Federal Contract Tower,0,8,59,25,92,0,4,129,4,137,0,12,188,29,229,92,0,92,321
08/27/2004,MTN,MD,AEA,EN,Federal Contract Tower,0,7,49,19,75,0,11,163,17,191,0,18,212,36,266,122,14,136,402
08/28/2004,MTN,MD,AEA,EN,Federal Contract Tower,0,2,37,1,40,0,9,139,0,148,0,11,176,1,188,166,0,166,354
08/29/2004,MTN,MD,AEA,EN,Federal Contract Tower,0,1,43,1,45,0,10,132,0,142,0,11,175,1,187,144,0,144,331
08/30/2004,MTN,MD,AEA,EN,Federal Contract Tower,0,8,46,6,60,0,3,75,3,81,0,11,121,9,141,32,0,32,173
08/31/2004,MTN,MD,AEA,EN,Federal Contract Tower,0,9,47,22,78,0,5,151,13,169,0,14,198,35,247,58,0,58,305
09/01/2004,MTN,MD,AEA,EN,Federal Contract Tower,0,6,57,30,93,0,3,157,16,176,0,9,214,46,269,102,14,116,385
09/02/2004,MTN,MD,AEA,EN,Federal Contract Tower,0,3,41,39,83,0,6,196,18,220,0,9,237,57,303,84,0,84,387
09/03/2004,MTN,MD,AEA,EN,Federal Contract Tower,0,2,54,13,69,0,0,174,7,181,0,2,228,20,250,144,8,152,402
09/04/2004,MTN,MD,AEA,EN,Federal Contract Tower,0,0,32,2,34,0,2,167,0,169,0,2,199,2,203,160,0,160,363
09/05/2004,MTN,MD,AEA,EN,Federal Contract Tower,0,0,15,4,19,0,5,71,1,77,0,5,86,5,96,32,0,32,128
09/06/2004,MTN,MD,AEA,EN,Federal Contract Tower,0,6,52,2,60,0,8,66,0,74,0,14,118,2,134,24,0,24,158
09/07/2004,MTN,MD,AEA,EN,Federal Contract Tower,0,2,50,4,56,0,0,75,0,75,0,2,125,4,131,112,4,116,247
09/08/2004,MTN,MD,AEA,EN,Federal Contract Tower,0,4,43,10,57,0,1,32,0,33,0,5,75,10,90,4,0,4,94
09/09/2004,MTN,MD,AEA,EN,Federal Contract Tower,0,5,38,17,60,0,0,62,16,78,0,5,100,33,138,0,4,4,142
09/10/2004,MTN,MD,AEA,EN,Federal Contract Tower,0,3,57,18,78,0,1,170,21,192,0,4,227,39,270,98,6,104,374
09/11/2004,MTN,MD,AEA,EN,Federal Contract Tower,0,3,48,9,60,0,6,177,1,184,0,9,225,10,244,258,0,258,502
09/12/2004,MTN,MD,AEA,EN,Federal Contract Tower,0,1,36,10,47,0,3,137,10,150,0,4,173,20,197,192,0,192,389
09/13/2004,MTN,MD,AEA,EN,Federal Contract Tower,0,8,44,4,56,0,2,119,0,121,0,10,163,4,177,140,0,140,317
09/14/2004,MTN,MD,AEA,EN,Federal Contract Tower,0,6,51,31,88,0,6,88,8,102,0,12,139,39,190,0,2,2,192
09/15/2004,MTN,MD,AEA,EN,Federal Contract Tower,0,13,56,16,85,0,0,32,5,37,0,13,88,21,122,8,0,8,130
09/16/2004,MTN,MD,AEA,EN,Federal Contract Tower,0,6,37,22,65,0,8,122,13,143,0,14,159,35,208,118,0,118,326
09/17/2004,MTN,MD,AEA,EN,Federal Contract Tower,0,2,32,22,56,0,3,65,10,78,0,5,97,32,134,6,0,6,140
09/18/2004,MTN,MD,AEA,EN,Federal Contract Tower,0,1,22,9,32,0,2,22,0,24,0,3,44,9,56,0,0,0,56
09/19/2004,MTN,MD,AEA,EN,Federal Contract Tower,0,3,34,8,45,0,0,126,8,134,0,3,160,16,179,84,0,84,263
09/20/2004,MTN,MD,AEA,EN,Federal Contract Tower,0,15,48,3,66,0,2,191,2,195,0,17,239,5,261,150,0,150,411
09/21/2004,MTN,MD,AEA,EN,Federal Contract Tower,0,7,57,12,76,0,0,217,18,235,0,7,274,30,311,126,6,132,443
09/22/2004,MTN,MD,AEA,EN,Federal Contract Tower,0,23,51,22,96,0,2,190,23,215,0,25,241,45,311,102,2,104,415
09/23/2004,MTN,MD,AEA,EN,Federal Contract Tower,0,21,65,18,104,0,1,218,25,244,0,22,283,43,348,184,6,190,538
09/24/2004,MTN,MD,AEA,EN,Federal Contract Tower,0,8,41,20,69,0,9,152,10,171,0,17,193,30,240,106,8,114,354
09/25/2004,MTN,MD,AEA,EN,Federal Contract Tower,0,2,40,1,43,0,8,145,2,155,0,10,185,3,198,162,2,164,362
09/26/2004,MTN,MD,AEA,EN,Federal Contract Tower,0,15,41,0,56,0,2,175,4,181,0,17,216,4,237,126,0,126,363
09/27/2004,MTN,MD,AEA,EN,Federal Contract Tower,0,17,52,3,72,0,0,91,0,91,0,17,143,3,163,96,2,98,261
09/28/2004,MTN,MD,AEA,EN,Federal Contract Tower,0,16,23,8,47,0,1,0,1,2,0,17,23,9,49,0,0,0,49
09/29/2004,MTN,MD,AEA,EN,Federal Contract Tower,0,22,49,16,87,0,1,124,13,138,0,23,173,29,225,94,4,98,323
09/30/2004,MTN,MD,AEA,EN,Federal Contract Tower,0,18,67,11,96,0,3,77,8,88,0,21,144,19,184,98,0,98,282
10/01/2004,MTN,MD,AEA,EN,Federal Contract Tower,0,13,58,9,80,0,10,159,4,173,0,23,217,13,253,172,0,172,425
10/02/2004,MTN,MD,AEA,EN,Federal Contract Tower,0,11,37,6,54,0,3,67,7,77,0,14,104,13,131,116,2,118,249
10/03/2004,MTN,MD,AEA,EN,Federal Contract Tower,0,14,43,5,62,0,1,153,0,154,0,15,196,5,216,222,0,222,438
10/04/2004,MTN,MD,AEA,EN,Federal Contract Tower,0,11,26,10,47,0,3,136,3,142,0,14,162,13,189,84,0,84,273
10/05/2004,MTN,MD,AEA,EN,Federal Contract Tower,0,10,43,30,83,0,9,195,18,222,0,19,238,48,305,90,14,104,409
10/06/2004,MTN,MD,AEA,EN,Federal Contract Tower,0,10,54,29,93,0,4,145,28,177,0,14,199,57,270,120,4,124,394
10/07/2004,MTN,MD,AEA,EN,Federal Contract Tower,0,11,54,33,98,0,1,178,1,180,0,12,232,34,278,154,0,154,432
10/08/2004,MTN,MD,AEA,EN,Federal Contract Tower,0,7,50,15,72,0,4,183,18,205,0,11,233,33,277,136,4,140,417
10/09/2004,MTN,MD,AEA,EN,Federal Contract Tower,0,3,41,1,45,0,3,41,0,44,0,6,82,1,89,118,4,122,211
10/10/2004,MTN,MD,AEA,EN,Federal Contract Tower,0,5,51,3,59,0,4,168,4,176,0,9,219,7,235,90,0,90,325
10/11/2004,MTN,MD,AEA,EN,Federal Contract Tower,0,8,55,1,64,0,2,181,0,183,0,10,236,1,247,116,0,116,363
10/12/2004,MTN,MD,AEA,EN,Federal Contract Tower,0,17,60,8,85,0,6,200,0,206,0,23,260,8,291,122,0,122,413
10/13/2004,MTN,MD,AEA,EN,Federal Contract Tower,0,17,49,24,90,0,4,126,13,143,0,21,175,37,233,72,10,82,315
10/14/2004,MTN,MD,AEA,EN,Federal Contract Tower,0,14,55,11,80,0,1,93,4,98,0,15,148,15,178,66,0,66,244
10/15/2004,MTN,MD,AEA,EN,Federal Contract Tower,0,16,65,14,95,0,1,44,5,50,0,17,109,19,145,4,0,4,149
10/16/2004,MTN,MD,AEA,EN,Federal Contract Tower,0,13,38,18,69,0,19,131,16,166,0,32,169,34,235,34,0,34,269
10/17/2004,MTN,MD,AEA,EN,Federal Contract Tower,0,5,52,15,72,0,5,100,13,118,0,10,152,28,190,78,16,94,284
10/18/2004,MTN,MD,AEA,EN,Federal Contract Tower,0,11,40,0,51,0,1,144,4,149,0,12,184,4,200,100,0,100,300
10/19/2004,MTN,MD,AEA,EN,Federal Contract Tower,0,12,39,2,53,0,0,0,0,0,0,12,39,2,53,0,0,0,53
10/20/2004,MTN,MD,AEA,EN,Federal Contract Tower,0,16,71,6,93,0,0,15,1,16,0,16,86,7,109,0,0,0,109
10/21/2004,MTN,MD,AEA,EN,Federal Contract Tower,0,18,71,16,105,0,2,37,5,44,0,20,108,21,149,6,0,6,155
10/22/2004,MTN,MD,AEA,EN,Federal Contract Tower,0,17,53,13,83,0,5,114,9,128,0,22,167,22,211,118,8,126,337
10/23/2004,MTN,MD,AEA,EN,Federal Contract Tower,0,14,45,2,61,0,19,319,4,342,0,33,364,6,403,120,0,120,523
10/24/2004,MTN,MD,AEA,EN,Federal Contract Tower,0,13,42,3,58,0,8,73,0,81,0,21,115,3,139,52,2,54,193
10/25/2004,MTN,MD,AEA,EN,Federal Contract Tower,0,19,57,3,79,0,3,85,0,88,0,22,142,3,167,58,0,58,225
10/26/2004,MTN,MD,AEA,EN,Federal Contract Tower,0,26,54,10,90,0,2,195,24,221,0,28,249,34,311,92,0,92,403
10/27/2004,MTN,MD,AEA,EN,Federal Contract Tower,0,27,53,18,98,0,1,168,14,183,0,28,221,32,281,72,2,74,355
10/28/2004,MTN,MD,AEA,EN,Federal Contract Tower,0,20,52,22,94,0,3,213,23,239,0,23,265,45,333,20,6,26,359
10/29/2004,MTN,MD,AEA,EN,Federal Contract Tower,0,16,58,21,95,0,12,121,12,145,0,28,179,33,240,26,8,34,274
10/30/2004,MTN,MD,AEA,EN,Federal Contract Tower,0,13,24,5,42,0,1,0,0,1,0,14,24,5,43,0,0,0,43
10/31/2004,MTN,MD,AEA,EN,Federal Contract Tower,0,3,37,0,40,0,2,115,0,117,0,5,152,0,157,130,0,130,287
11/01/2004,MTN,MD,AEA,EN,Federal Contract Tower,0,11,34,1,46,0,11,177,0,188,0,22,211,1,234,68,0,68,302
11/02/2004,MTN,MD,AEA,EN,Federal Contract Tower,0,8,54,29,91,0,2,124,4,130,0,10,178,33,221,78,0,78,299
11/03/2004,MTN,MD,AEA,EN,Federal Contract Tower,0,6,46,19,71,0,5,114,23,142,0,11,160,42,213,36,4,40,253
11/04/2004,MTN,MD,AEA,EN,Federal Contract Tower,0,3,50,11,64,0,0,21,0,21,0,3,71,11,85,14,0,14,99
11/05/2004,MTN,MD,AEA,EN,Federal Contract Tower,0,10,43,11,64,0,20,61,9,90,0,30,104,20,154,14,0,14,168
11/06/2004,MTN,MD,AEA,EN,Federal Contract Tower,0,10,23,32,65,0,6,121,11,138,0,16,144,43,203,112,6,118,321
11/07/2004,MTN,MD,AEA,EN,Federal Contract Tower,0,11,44,2,57,0,9,178,4,191,0,20,222,6,248,168,0,168,416
11/08/2004,MTN,MD,AEA,EN,Federal Contract Tower,0,21,32,0,53,0,2,110,2,114,0,23,142,2,167,58,0,58,225
11/09/2004,MTN,MD,AEA,EN,Federal Contract Tower,0,14,72,20,106,0,12,163,19,194,0,26,235,39,300,14,2,16,316
11/10/2004,MTN,MD,AEA,EN,Federal Contract Tower,0,18,64,5,87,0,3,171,4,178,0,21,235,9,265,22,0,22,287
11/11/2004,MTN,MD,AEA,EN,Federal Contract Tower,0,11,41,2,54,0,5,161,0,166,0,16,202,2,220,72,0,72,292
11/12/2004,MTN,MD,AEA,EN,Federal Contract Tower,0,15,46,12,73,0,0,0,0,0,0,15,46,12,73,0,0,0,73
11/13/2004,MTN,MD,AEA,EN,Federal Contract Tower,0,10,20,12,42,0,9,77,0,86,0,19,97,12,128,64,0,64,192
11/14/2004,MTN,MD,AEA,EN,Federal Contract Tower,0,15,42,12,69,0,1,147,10,158,0,16,189,22,227,128,2,130,357
11/15/2004,MTN,MD,AEA,EN,Federal Contract Tower,0,13,30,2,45,0,8,120,1,129,0,21,150,3,174,46,0,46,220
11/16/2004,MTN,MD,AEA,EN,Federal Contract Tower,0,12,51,5,68,0,5,197,8,210,0,17,248,13,278,144,0,144,422
11/17/2004,MTN,MD,AEA,EN,Federal Contract Tower,0,10,43,6,59,0,2,136,4,142,0,12,179,10,201,28,0,28,229
11/18/2004,MTN,MD,AEA,EN,Federal Contract Tower,0,9,35,5,49,0,5,115,5,125,0,14,150,10,174,132,6,138,312
11/19/2004,MTN,MD,AEA,EN,Federal Contract Tower,0,8,37,21,66,0,18,113,10,141,0,26,150,31,207,40,0,40,247
11/20/2004,MTN,MD,AEA,EN,Federal Contract Tower,0,0,40,15,55,0,3,35,0,38,0,3,75,15,93,42,0,42,135
11/21/2004,MTN,MD,AEA,EN,Federal Contract Tower,0,2,41,3,46,0,8,74,0,82,0,10,115,3,128,162,0,162,290
11/22/2004,MTN,MD,AEA,EN,Federal Contract Tower,0,11,47,6,64,0,1,105,0,106,0,12,152,6,170,94,0,94,264
11/23/2004,MTN,MD,AEA,EN,Federal Contract Tower,0,20,66,6,92,0,3,7,0,10,0,23,73,6,102,8,0,8,110
11/24/2004,MTN,MD,AEA,EN,Federal Contract Tower,0,20,32,0,52,0,0,0,0,0,0,20,32,0,52,0,0,0,52
11/25/2004,MTN,MD,AEA,EN,Federal Contract Tower,0,2,8,0,10,0,1,14,0,15,0,3,22,0,25,0,0,0,25
11/26/2004,MTN,MD,AEA,EN,Federal Contract Tower,0,1,49,1,51,0,0,184,0,184,0,1,233,1,235,112,0,112,347
11/27/2004,MTN,MD,AEA,EN,Federal Contract Tower,0,4,21,0,25,0,18,157,2,177,0,22,178,2,202,166,0,166,368
11/28/2004,MTN,MD,AEA,EN,Federal Contract Tower,0,4,29,1,34,0,5,34,0,39,0,9,63,1,73,12,0,12,85
11/29/2004,MTN,MD,AEA,EN,Federal Contract Tower,0,12,53,2,67,0,9,153,0,162,0,21,206,2,229,126,0,126,355
11/30/2004,MTN,MD,AEA,EN,Federal Contract Tower,0,5,29,29,63,0,5,112,3,120,0,10,141,32,183,148,2,150,333
12/01/2004,MTN,MD,AEA,EN,Federal Contract Tower,0,8,34,0,42,0,8,24,0,32,0,16,58,0,74,0,0,0,74
12/02/2004,MTN,MD,AEA,EN,Federal Contract Tower,0,10,48,18,76,0,0,138,20,158,0,10,186,38,234,86,4,90,324
12/03/2004,MTN,MD,AEA,EN,Federal Contract Tower,0,5,58,16,79,0,8,130,13,151,0,13,188,29,230,32,16,48,278
12/04/2004,MTN,MD,AEA,EN,Federal Contract Tower,0,2,35,17,54,0,0,128,14,142,0,2,163,31,196,138,16,154,350
12/05/2004,MTN,MD,AEA,EN,Federal Contract Tower,0,6,24,1,31,0,3,139,2,144,0,9,163,3,175,140,0,140,315
12/06/2004,MTN,MD,AEA,EN,Federal Contract Tower,0,5,35,0,40,0,2,82,0,84,0,7,117,0,124,94,4,98,222
12/07/2004,MTN,MD,AEA,EN,Federal Contract Tower,0,6,34,2,42,0,1,3,0,4,0,7,37,2,46,0,0,0,46
12/08/2004,MTN,MD,AEA,EN,Federal Contract Tower,0,4,56,21,81,0,3,132,16,151,0,7,188,37,232,26,6,32,264
12/09/2004,MTN,MD,AEA,EN,Federal Contract Tower,0,3,49,14,66,0,1,59,5,65,0,4,108,19,131,10,4,14,145
12/10/2004,MTN,MD,AEA,EN,Federal Contract Tower,0,4,12,3,19,0,0,0,0,0,0,4,12,3,19,0,0,0,19
12/11/2004,MTN,MD,AEA,EN,Federal Contract Tower,0,12,22,1,35,0,4,26,0,30,0,16,48,1,65,14,0,14,79
12/12/2004,MTN,MD,AEA,EN,Federal Contract Tower,0,14,20,2,36,0,6,80,0,86,0,20,100,2,122,110,0,110,232
12/13/2004,MTN,MD,AEA,EN,Federal Contract Tower,0,24,38,5,67,0,0,59,0,59,0,24,97,5,126,0,0,0,126
12/14/2004,MTN,MD,AEA,EN,Federal Contract Tower,0,12,37,27,76,0,1,109,14,124,0,13,146,41,200,60,0,60,260
12/15/2004,MTN,MD,AEA,EN,Federal Contract Tower,0,12,56,28,96,0,4,111,17,132,0,16,167,45,228,18,0,18,246
12/16/2004,MTN,MD,AEA,EN,Federal Contract Tower,0,14,30,29,73,0,4,154,15,173,0,18,184,44,246,88,0,88,334
12/17/2004,MTN,MD,AEA,EN,Federal Contract Tower,0,15,43,9,67,0,4,110,6,120,0,19,153,15,187,60,16,76,263
12/18/2004,MTN,MD,AEA,EN,Federal Contract Tower,0,16,34,0,50,0,0,179,0,179,0,16,213,0,229,220,0,220,449
12/19/2004,MTN,MD,AEA,EN,Federal Contract Tower,0,9,16,1,26,0,0,2,0,2,0,9,18,1,28,2,0,2,30
12/20/2004,MTN,MD,AEA,EN,Federal Contract Tower,0,12,31,1,44,0,5,37,6,48,0,17,68,7,92,4,0,4,96
12/21/2004,MTN,MD,AEA,EN,Federal Contract Tower,0,14,55,18,87,0,2,143,18,163,0,16,198,36,250,88,0,88,338
12/22/2004,MTN,MD,AEA,EN,Federal Contract Tower,0,9,49,21,79,0,3,179,15,197,0,12,228,36,276,108,8,116,392
12/23/2004,MTN,MD,AEA,EN,Federal Contract Tower,0,18,17,5,40,0,4,9,1,14,0,22,26,6,54,0,0,0,54
12/24/2004,MTN,MD,AEA,EN,Federal Contract Tower,0,13,20,0,33,0,2,79,0,81,0,15,99,0,114,70,0,70,184
12/25/2004,MTN,MD,AEA,EN,Federal Contract Tower,0,4,8,0,12,0,3,20,0,23,0,7,28,0,35,10,0,10,45
12/26/2004,MTN,MD,AEA,EN,Federal Contract Tower,0,3,29,0,32,0,4,61,4,69,0,7,90,4,101,36,0,36,137
12/27/2004,MTN,MD,AEA,EN,Federal Contract Tower,0,13,25,0,38,0,1,57,0,58,0,14,82,0,96,6,0,6,102
12/28/2004,MTN,MD,AEA,EN,Federal Contract Tower,0,4,23,25,52,0,4,128,16,148,0,8,151,41,200,32,4,36,236
12/29/2004,MTN,MD,AEA,EN,Federal Contract Tower,0,6,21,26,53,0,2,108,17,127,0,8,129,43,180,64,0,64,244
12/30/2004,MTN,MD,AEA,EN,Federal Contract Tower,0,7,22,28,57,0,5,134,0,139,0,12,156,28,196,104,0,104,300
12/31/2004,MTN,MD,AEA,EN,Federal Contract Tower,0,10,29,0,39,0,2,90,0,92,0,12,119,0,131,74,0,74,205
01/01/2005,MTN,MD,AEA,EN,Federal Contract Tower,0,1,16,0,17,0,5,70,0,75,0,6,86,0,92,54,0,54,146
01/02/2005,MTN,MD,AEA,EN,Federal Contract Tower,0,3,29,0,32,0,5,68,0,73,0,8,97,0,105,54,0,54,159
01/03/2005,MTN,MD,AEA,EN,Federal Contract Tower,0,13,25,0,38,0,0,103,0,103,0,13,128,0,141,52,0,52,193
01/04/2005,MTN,MD,AEA,EN,Federal Contract Tower,0,8,30,27,65,0,3,92,15,110,0,11,122,42,175,126,0,126,301
01/05/2005,MTN,MD,AEA,EN,Federal Contract Tower,0,7,27,1,35,0,0,14,1,15,0,7,41,2,50,2,0,2,52
01/06/2005,MTN,MD,AEA,EN,Federal Contract Tower,0,5,19,0,24,0,0,0,0,0,0,5,19,0,24,0,0,0,24
01/07/2005,MTN,MD,AEA,EN,Federal Contract Tower,0,5,42,8,55,0,0,107,16,123,0,5,149,24,178,94,2,96,274
01/08/2005,MTN,MD,AEA,EN,Federal Contract Tower,0,1,39,4,44,0,4,15,0,19,0,5,54,4,63,0,0,0,63
01/09/2005,MTN,MD,AEA,EN,Federal Contract Tower,0,2,33,8,43,0,0,126,0,126,0,2,159,8,169,88,0,88,257
01/10/2005,MTN,MD,AEA,EN,Federal Contract Tower,0,9,35,0,44,0,4,57,0,61,0,13,92,0,105,18,0,18,123
01/11/2005,MTN,MD,AEA,EN,Federal Contract Tower,0,8,37,23,68,0,3,79,13,95,0,11,116,36,163,68,0,68,231
01/12/2005,MTN,MD,AEA,EN,Federal Contract Tower,0,3,9,0,12,0,0,0,0,0,0,3,9,0,12,0,0,0,12
01/13/2005,MTN,MD,AEA,EN,Federal Contract Tower,0,6,25,13,44,0,3,36,8,47,0,9,61,21,91,20,2,22,113
01/14/2005,MTN,MD,AEA,EN,Federal Contract Tower,0,8,25,7,40,0,4,60,12,76,0,12,85,19,116,54,10,64,180
01/15/2005,MTN,MD,AEA,EN,Federal Contract Tower,0,2,37,0,39,0,3,104,0,107,0,5,141,0,146,168,0,168,314
01/16/2005,MTN,MD,AEA,EN,Federal Contract Tower,0,2,30,1,33,0,2,100,0,102,0,4,130,1,135,78,0,78,213
01/17/2005,MTN,MD,AEA,EN,Federal Contract Tower,0,5,38,3,46,0,1,63,2,66,0,6,101,5,112,16,0,16,128
01/18/2005,MTN,MD,AEA,EN,Federal Contract Tower,0,13,40,0,53,0,1,161,0,162,0,14,201,0,215,22,0,22,237
01/19/2005,MTN,MD,AEA,EN,Federal Contract Tower,0,4,46,1,51,0,2,29,0,31,0,6,75,1,82,8,0,8,90
01/20/2005,MTN,MD,AEA,EN,Federal Contract Tower,0,5,16,12,33,0,2,26,2,30,0,7,42,14,63,0,0,0,63
01/21/2005,MTN,MD,AEA,EN,Federal Contract Tower,0,11,45,17,73,0,1,123,14,138,0,12,168,31,211,114,14,128,339
01/22/2005,MTN,MD,AEA,EN,Federal Contract Tower,0,4,7,0,11,0,1,6,0,7,0,5,13,0,18,0,0,0,18
01/23/2005,MTN,MD,AEA,EN,Federal Contract Tower,0,1,8,1,10,0,0,14,0,14,0,1,22,1,24,0,0,0,24
01/24/2005,MTN,MD,AEA,EN,Federal Contract Tower,0,9,37,2,48,0,3,54,0,57,0,12,91,2,105,20,4,24,129
01/25/2005,MTN,MD,AEA,EN,Federal Contract Tower,0,7,36,35,78,0,1,86,3,90,0,8,122,38,168,54,2,56,224
01/26/2005,MTN,MD,AEA,EN,Federal Contract Tower,0,6,36,33,75,0,1,98,4,103,0,7,134,37,178,60,4,64,242
01/27/2005,MTN,MD,AEA,EN,Federal Contract Tower,0,14,39,21,74,0,2,63,17,82,0,16,102,38,156,50,0,50,206
01/28/2005,MTN,MD,AEA,EN,Federal Contract Tower,0,5,38,9,52,0,2,92,14,108,0,7,130,23,160,50,8,58,218
01/29/2005,MTN,MD,AEA,EN,Federal Contract Tower,0,2,22,2,26,0,0,88,0,88,0,2,110,2,114,114,0,114,228
01/30/2005,MTN,MD,AEA,EN,Federal Contract Tower,0,4,17,0,21,0,5,13,0,18,0,9,30,0,39,4,0,4,43
01/31/2005,MTN,MD,AEA,EN,Federal Contract Tower,0,7,32,2,41,0,2,78,0,80,0,9,110,2,121,54,0,54,175
02/01/2005,MTN,MD,AEA,EN,Federal Contract Tower,0,9,51,12,72,0,1,35,2,38,0,10,86,14,110,130,0,130,240
02/02/2005,MTN,MD,AEA,EN,Federal Contract Tower,0,8,48,18,74,0,0,78,10,88,0,8,126,28,162,140,4,144,306
02/03/2005,MTN,MD,AEA,EN,Federal Contract Tower,0,8,27,22,57,0,0,23,8,31,0,8,50,30,88,54,8,62,150
02/04/2005,MTN,MD,AEA,EN,Federal Contract Tower,0,2,29,6,37,0,7,67,2,76,0,9,96,8,113,96,0,96,209
02/05/2005,MTN,MD,AEA,EN,Federal Contract Tower,0,0,31,7,38,0,6,135,0,141,0,6,166,7,179,132,0,132,311
02/06/2005,MTN,MD,AEA,EN,Federal Contract Tower,0,2,29,6,37,0,0,109,4,113,0,2,138,10,150,72,0,72,222
02/07/2005,MTN,MD,AEA,EN,Federal Contract Tower,0,10,59,0,69,0,5,77,0,82,0,15,136,0,151,140,0,140,291
02/08/2005,MTN,MD,AEA,EN,Federal Contract Tower,0,15,39,12,66,0,7,98,2,107,0,22,137,14,173,56,14,70,243
02/09/2005,MTN,MD,AEA,EN,Federal Contract Tower,0,6,32,10,48,0,0,61,2,63,0,6,93,12,111,86,2,88,199
02/10/2005,MTN,MD,AEA,EN,Federal Contract Tower,0,7,33,23,63,0,2,36,7,45,0,9,69,30,108,2,0,2,110
02/11/2005,MTN,MD,AEA,EN,Federal Contract Tower,0,9,40,0,49,0,1,58,4,63,0,10,98,4,112,0,0,0,112
02/12/2005,MTN,MD,AEA,EN,Federal Contract Tower,0,4,37,35,76,0,1,79,26,106,0,5,116,61,182,66,0,66,248
02/13/2005,MTN,MD,AEA,EN,Federal Contract Tower,0,4,37,1,42,0,0,41,0,41,0,4,78,1,83,138,0,138,221
02/14/2005,MTN,MD,AEA,EN,Federal Contract Tower,0,8,18,2,28,0,2,7,0,9,0,10,25,2,37,0,0,0,37
02/15/2005,MTN,MD,AEA,EN,Federal Contract Tower,0,10,50,24,84,0,1,109,17,127,0,11,159,41,211,102,2,104,315
02/16/2005,MTN,MD,AEA,EN,Federal Contract Tower,0,8,49,22,79,0,3,75,15,93,0,11,124,37,172,22,4,26,198
02/17/2005,MTN,MD,AEA,EN,Federal Contract Tower,0,11,38,18,67,0,4,89,10,103,0,15,127,28,170,34,0,34,204
02/18/2005,MTN,MD,AEA,EN,Federal Contract Tower,0,10,26,6,42,0,3,66,7,76,0,13,92,13,118,0,0,0,118
02/19/2005,MTN,MD,AEA,EN,Federal Contract Tower,0,5,25,1,31,0,0,143,0,143,0,5,168,1,174,132,0,132,306
02/20/2005,MTN,MD,AEA,EN,Federal Contract Tower,0,2,15,0,17,0,2,51,0,53,0,4,66,0,70,140,0,140,210
02/21/2005,MTN,MD,AEA,EN,Federal Contract Tower,0,6,45,2,53,0,0,19,0,19,0,6,64,2,72,2,0,2,74
02/22/2005,MTN,MD,AEA,EN,Federal Contract Tower,0,9,41,1,51,0,6,105,9,120,0,15,146,10,171,98,0,98,269
02/23/2005,MTN,MD,AEA,EN,Federal Contract Tower,0,8,44,19,71,0,6,126,6,138,0,14,170,25,209,12,4,16,225
02/24/2005,MTN,MD,AEA,EN,Federal Contract Tower,0,8,10,2,20,0,1,6,0,7,0,9,16,2,27,0,0,0,27
02/25/2005,MTN,MD,AEA,EN,Federal Contract Tower,0,7,39,6,52,0,1,55,5,61,0,8,94,11,113,58,0,58,171
02/26/2005,MTN,MD,AEA,EN,Federal Contract Tower,0,4,37,0,41,0,1,91,0,92,0,5,128,0,133,140,0,140,273
02/27/2005,MTN,MD,AEA,EN,Federal Contract Tower,0,1,31,2,34,0,0,94,0,94,0,1,125,2,128,136,0,136,264
02/28/2005,MTN,MD,AEA,EN,Federal Contract Tower,0,5,8,0,13,0,3,8,0,11,0,8,16,0,24,0,0,0,24
03/01/2005,MTN,MD,AEA,EN,Federal Contract Tower,0,8,21,12,41,0,2,53,3,58,0,10,74,15,99,2,0,2,101
03/02/2005,MTN,MD,AEA,EN,Federal Contract Tower,0,7,29,15,51,0,6,28,17,51,0,13,57,32,102,6,12,18,120
03/03/2005,MTN,MD,AEA,EN,Federal Contract Tower,0,12,40,19,71,0,1,68,6,75,0,13,108,25,146,12,6,18,164
03/04/2005,MTN,MD,AEA,EN,Federal Contract Tower,0,9,46,15,70,0,2,144,7,153,0,11,190,22,223,64,4,68,291
03/05/2005,MTN,MD,AEA,EN,Federal Contract Tower,0,4,16,6,26,0,4,91,0,95,0,8,107,6,121,118,0,118,239
03/06/2005,MTN,MD,AEA,EN,Federal Contract Tower,0,4,40,9,53,0,3,79,0,82,0,7,119,9,135,24,2,26,161
03/07/2005,MTN,MD,AEA,EN,Federal Contract Tower,0,9,39,2,50,0,12,116,0,128,0,21,155,2,178,66,0,66,244
03/08/2005,MTN,MD,AEA,EN,Federal Contract Tower,0,6,23,2,31,0,2,7,0,9,0,8,30,2,40,0,0,0,40
03/09/2005,MTN,MD,AEA,EN,Federal Contract Tower,0,11,41,24,76,0,7,68,4,79,0,18,109,28,155,10,0,10,165
03/10/2005,MTN,MD,AEA,EN,Federal Contract Tower,0,4,51,19,74,0,2,128,0,130,0,6,179,19,204,162,10,172,376
03/11/2005,MTN,MD,AEA,EN,Federal Contract Tower,0,8,30,3,41,0,1,66,9,76,0,9,96,12,117,42,12,54,171
03/12/2005,MTN,MD,AEA,EN,Federal Contract Tower,0,3,22,26,51,0,3,98,0,101,0,6,120,26,152,78,0,78,230
03/13/2005,MTN,MD,AEA,EN,Federal Contract Tower,0,6,18,0,24,0,3,101,0,104,0,9,119,0,128,50,0,50,178
03/14/2005,MTN,MD,AEA,EN,Federal Contract Tower,0,7,39,2,48,0,6,120,1,127,0,13,159,3,175,78,0,78,253
03/15/2005,MTN,MD,AEA,EN,Federal Contract Tower,0,11,34,41,86,0,3,112,2,117,0,14,146,43,203,72,0,72,275
03/16/2005,MTN,MD,AEA,EN,Federal Contract Tower,0,9,42,46,97,0,6,101,4,111,0,15,143,50,208,130,2,132,340
03/17/2005,MTN,MD,AEA,EN,Federal Contract Tower,0,10,42,35,87,0,6,114,5,125,0,16,156,40,212,142,0,142,354
03/18/2005,MTN,MD,AEA,EN,Federal Contract Tower,0,14,41,11,66,0,0,159,0,159,0,14,200,11,225,126,2,128,353
03/19/2005,MTN,MD,AEA,EN,Federal Contract Tower,0,1,38,2,41,0,3,148,0,151,0,4,186,2,192,140,2,142,334
03/20/2005,MTN,MD,AEA,EN,Federal Contract Tower,0,4,32,2,38,0,1,11,0,12,0,5,43,2,50,0,0,0,50
03/21/2005,MTN,MD,AEA,EN,Federal Contract Tower,0,9,37,2,48,0,7,65,0,72,0,16,102,2,120,28,2,30,150
03/22/2005,MTN,MD,AEA,EN,Federal Contract Tower,0,8,55,28,91,0,5,133,14,152,0,13,188,42,243,100,2,102,345
03/23/2005,MTN,MD,AEA,EN,Federal Contract Tower,0,8,30,0,38,0,0,7,0,7,0,8,37,0,45,0,0,0,45
03/24/2005,MTN,MD,AEA,EN,Federal Contract Tower,0,8,42,45,95,0,0,100,1,101,0,8,142,46,196,152,6,158,354
03/25/2005,MTN,MD,AEA,EN,Federal Contract Tower,0,13,53,5,71,0,12,66,4,82,0,25,119,9,153,44,4,48,201
03/26/2005,MTN,MD,AEA,EN,Federal Contract Tower,0,1,15,1,17,0,2,68,0,70,0,3,83,1,87,76,0,76,163
03/27/2005,MTN,MD,AEA,EN,Federal Contract Tower,0,1,15,0,16,0,6,20,0,26,0,7,35,0,42,16,0,16,58
03/28/2005,MTN,MD,AEA,EN,Federal Contract Tower,0,13,41,2,56,0,0,0,0,0,0,13,41,2,56,0,0,0,56
03/29/2005,MTN,MD,AEA,EN,Federal Contract Tower,0,5,51,24,80,0,1,82,3,86,0,6,133,27,166,58,0,58,224
03/30/2005,MTN,MD,AEA,EN,Federal Contract Tower,0,6,47,14,67,0,1,196,9,206,0,7,243,23,273,252,0,252,525
03/31/2005,MTN,MD,AEA,EN,Federal Contract Tower,0,10,44,15,69,0,7,84,6,97,0,17,128,21,166,148,0,148,314
04/01/2005,MTN,MD,AEA,EN,Federal Contract Tower,0,4,36,11,51,0,0,132,5,137,0,4,168,16,188,112,8,120,308
04/02/2005,MTN,MD,AEA,EN,Federal Contract Tower,0,1,15,0,16,0,0,7,0,7,0,1,22,0,23,2,0,2,25
04/03/2005,MTN,MD,AEA,EN,Federal Contract Tower,0,4,33,2,39,0,2,9,0,11,0,6,42,2,50,2,0,2,52
04/04/2005,MTN,MD,AEA,EN,Federal Contract Tower,0,5,40,1,46,0,5,58,0,63,0,10,98,1,109,4,0,4,113
04/05/2005,MTN,MD,AEA,EN,Federal Contract Tower,0,7,42,25,74,0,10,217,12,239,0,17,259,37,313,168,8,176,489
04/06/2005,MTN,MD,AEA,EN,Federal Contract Tower,0,7,42,25,74,0,4,194,20,218,0,11,236,45,292,130,4,134,426
04/07/2005,MTN,MD,AEA,EN,Federal Contract Tower,0,7,24,16,47,0,5,103,14,122,0,12,127,30,169,26,2,28,197
04/08/2005,MTN,MD,AEA,EN,Federal Contract Tower,0,7,48,9,64,0,8,59,9,76,0,15,107,18,140,36,8,44,184
04/09/2005,MTN,MD,AEA,EN,Federal Contract Tower,0,3,34,1,38,0,2,128,0,130,0,5,162,1,168,220,0,220,388
04/10/2005,MTN,MD,AEA,EN,Federal Contract Tower,0,1,51,0,52,0,8,129,0,137,0,9,180,0,189,104,0,104,293
04/11/2005,MTN,MD,AEA,EN,Federal Contract Tower,0,14,45,4,63,0,2,162,0,164,0,16,207,4,227,122,6,128,355
04/12/2005,MTN,MD,AEA,EN,Federal Contract Tower,0,4,45,12,61,0,2,162,5,169,0,6,207,17,230,74,2,76,306
04/13/2005,MTN,MD,AEA,EN,Federal Contract Tower,0,6,51,12,69,0,5,144,6,155,0,11,195,18,224,66,2,68,292
04/14/2005,MTN,MD,AEA,EN,Federal Contract Tower,0,7,69,15,91,0,5,122,11,138,0,12,191,26,229,110,2,112,341
04/15/2005,MTN,MD,AEA,EN,Federal Contract Tower,0,8,33,7,48,0,9,63,8,80,0,17,96,15,128,44,6,50,178
04/16/2005,MTN,MD,AEA,EN,Federal Contract Tower,0,2,36,14,52,0,4,131,7,142,0,6,167,21,194,38,0,38,232
04/17/2005,MTN,MD,AEA,EN,Federal Contract Tower,0,5,49,5,59,0,3,151,0,154,0,8,200,5,213,108,4,112,325
04/18/2005,MTN,MD,AEA,EN,Federal Contract Tower,0,8,36,4,48,0,10,143,0,153,0,18,179,4,201,146,0,146,347
04/19/2005,MTN,MD,AEA,EN,Federal Contract Tower,0,13,47,6,66,0,10,158,8,176,0,23,205,14,242,104,2,106,348
04/20/2005,MTN,MD,AEA,EN,Federal Contract Tower,0,11,42,7,60,0,0,128,0,128,0,11,170,7,188,68,0,68,256
04/21/2005,MTN,MD,AEA,EN,Federal Contract Tower,0,7,49,17,73,0,4,99,3,106,0,11,148,20,179,20,6,26,205
04/22/2005,MTN,MD,AEA,EN,Federal Contract Tower,0,5,46,13,64,0,1,51,3,55,0,6,97,16,119,44,0,44,163
04/23/2005,MTN,MD,AEA,EN,Federal Contract Tower,0,8,19,12,39,0,0,19,0,19,0,8,38,12,58,20,0,20,78
04/24/2005,MTN,MD,AEA,EN,Federal Contract Tower,0,3,25,1,29,0,2,49,0,51,0,5,74,1,80,80,0,80,160
04/25/2005,MTN,MD,AEA,EN,Federal Contract Tower,0,10,44,1,55,0,3,80,0,83,0,13,124,1,138,8,0,8,146
04/26/2005,MTN,MD,AEA,EN,Federal Contract Tower,0,12,59,7,78,0,2,144,0,146,0,14,203,7,224,78,6,84,308
04/27/2005,MTN,MD,AEA,EN,Federal Contract Tower,0,4,46,8,58,0,5,148,8,161,0,9,194,16,219,66,4,70,289
04/28/2005,MTN,MD,AEA,EN,Federal Contract Tower,0,11,66,9,86,0,0,103,4,107,0,11,169,13,193,72,6,78,271
04/29/2005,MTN,MD,AEA,EN,Federal Contract Tower,0,4,43,14,61,0,4,101,10,115,0,8,144,24,176,212,0,212,388
04/30/2005,MTN,MD,AEA,EN,Federal Contract Tower,0,0,24,11,35,0,2,9,0,11,0,2,33,11,46,0,0,0,46
05/01/2005,MTN,MD,AEA,EN,Federal Contract Tower,0,4,28,11,43,0,2,50,0,52,0,6,78,11,95,46,0,46,141
05/02/2005,MTN,MD,AEA,EN,Federal Contract Tower,0,7,36,0,43,0,2,89,0,91,0,9,125,0,134,126,0,126,260
05/03/2005,MTN,MD,AEA,EN,Federal Contract Tower,0,5,47,6,58,0,4,125,6,135,0,9,172,12,193,80,0,80,273
05/04/2005,MTN,MD,AEA,EN,Federal Contract Tower,0,5,62,11,78,0,5,123,3,131,0,10,185,14,209,160,0,160,369
05/05/2005,MTN,MD,AEA,EN,Federal Contract Tower,0,13,49,10,72,0,1,157,4,162,0,14,206,14,234,140,0,140,374
05/06/2005,MTN,MD,AEA,EN,Federal Contract Tower,0,3,63,10,76,0,5,100,6,111,0,8,163,16,187,84,0,84,271
05/07/2005,MTN,MD,AEA,EN,Federal Contract Tower,0,1,39,0,40,0,6,108,1,115,0,7,147,1,155,86,0,86,241
05/08/2005,MTN,MD,AEA,EN,Federal Contract Tower,0,12,36,0,48,0,6,33,0,39,0,18,69,0,87,0,0,0,87
05/09/2005,MTN,MD,AEA,EN,Federal Contract Tower,0,10,48,1,59,0,3,135,0,138,0,13,183,1,197,174,0,174,371
05/10/2005,MTN,MD,AEA,EN,Federal Contract Tower,0,6,29,14,49,0,3,150,4,157,0,9,179,18,206,206,10,216,422
05/11/2005,MTN,MD,AEA,EN,Federal Contract Tower,0,11,57,8,76,0,4,84,5,93,0,15,141,13,169,66,2,68,237
05/12/2005,MTN,MD,AEA,EN,Federal Contract Tower,0,6,47,14,67,0,11,107,11,129,0,17,154,25,196,128,0,128,324
05/13/2005,MTN,MD,AEA,EN,Federal Contract Tower,0,12,47,3,62,0,6,131,18,155,0,18,178,21,217,196,8,204,421
05/14/2005,MTN,MD,AEA,EN,Federal Contract Tower,0,6,22,4,32,0,2,109,0,111,0,8,131,4,143,140,0,140,283
05/15/2005,MTN,MD,AEA,EN,Federal Contract Tower,0,5,43,4,52,0,4,81,0,85,0,9,124,4,137,66,4,70,207
05/16/2005,MTN,MD,AEA,EN,Federal Contract Tower,0,6,51,0,57,0,2,150,0,152,0,8,201,0,209,104,0,104,313
05/17/2005,MTN,MD,AEA,EN,Federal Contract Tower,0,7,49,11,67,0,0,184,5,189,0,7,233,16,256,100,0,100,356
05/18/2005,MTN,MD,AEA,EN,Federal Contract Tower,0,10,59,22,91,0,0,138,2,140,0,10,197,24,231,174,8,182,413
05/19/2005,MTN,MD,AEA,EN,Federal Contract Tower,0,8,45,16,69,0,3,111,2,116,0,11,156,18,185,100,2,102,287
05/20/2005,MTN,MD,AEA,EN,Federal Contract Tower,0,14,26,5,45,0,3,18,0,21,0,17,44,5,66,4,0,4,70
05/21/2005,MTN,MD,AEA,EN,Federal Contract Tower,0,5,41,15,61,0,2,140,11,153,0,7,181,26,214,124,18,142,356
05/22/2005,MTN,MD,AEA,EN,Federal Contract Tower,0,8,55,3,66,0,5,100,1,106,0,13,155,4,172,120,0,120,292
05/23/2005,MTN,MD,AEA,EN,Federal Contract Tower,0,8,40,1,49,0,6,91,0,97,0,14,131,1,146,102,4,106,252
05/24/2005,MTN,MD,AEA,EN,Federal Contract Tower,0,9,48,11,68,0,2,47,1,50,0,11,95,12,118,10,0,10,128
05/25/2005,MTN,MD,AEA,EN,Federal Contract Tower,0,9,78,9,96,0,1,63,3,67,0,10,141,12,163,62,2,64,227
05/26/2005,MTN,MD,AEA,EN,Federal Contract Tower,0,7,61,20,88,0,1,174,20,195,0,8,235,40,283,192,4,196,479
05/27/2005,MTN,MD,AEA,EN,Federal Contract Tower,0,4,60,3,67,0,5,100,6,111,0,9,160,9,178,38,2,40,218
05/28/2005,MTN,MD,AEA,EN,Federal Contract Tower,0,1,23,0,24,0,3,86,0,89,0,4,109,0,113,80,0,80,193
05/29/2005,MTN,MD,AEA,EN,Federal Contract Tower,0,1,34,0,35,0,9,111,0,120,0,10,145,0,155,72,0,72,227
05/30/2005,MTN,MD,AEA,EN,Federal Contract Tower,0,7,47,2,56,0,6,140,0,146,0,13,187,2,202,266,0,266,468
05/31/2005,MTN,MD,AEA,EN,Federal Contract Tower,0,9,64,0,73,0,2,134,0,136,0,11,198,0,209,80,0,80,289
06/01/2005,MTN,MD,AEA,EN,Federal Contract Tower,0,8,61,14,83,0,6,169,3,178,0,14,230,17,261,120,12,132,393
06/02/2005,MTN,MD,AEA,EN,Federal Contract Tower,0,13,53,12,78,0,1,73,10,84,0,14,126,22,162,68,0,68,230
06/03/2005,MTN,MD,AEA,EN,Federal Contract Tower,0,7,30,0,37,0,0,2,0,2,0,7,32,0,39,0,0,0,39
06/04/2005,MTN,MD,AEA,EN,Federal Contract Tower,0,1,36,7,44,0,6,63,4,73,0,7,99,11,117,138,0,138,255
06/05/2005,MTN,MD,AEA,EN,Federal Contract Tower,0,2,41,3,46,0,4,131,0,135,0,6,172,3,181,78,0,78,259
06/06/2005,MTN,MD,AEA,EN,Federal Contract Tower,0,3,41,5,49,0,3,103,7,113,0,6,144,12,162,126,0,126,288
06/07/2005,MTN,MD,AEA,EN,Federal Contract Tower,0,5,48,12,65,0,3,126,10,139,0,8,174,22,204,98,0,98,302
06/08/2005,MTN,MD,AEA,EN,Federal Contract Tower,0,10,35,19,64,0,6,171,0,177,0,16,206,19,241,224,16,240,481
06/09/2005,MTN,MD,AEA,EN,Federal Contract Tower,0,6,46,10,62,0,3,107,4,114,0,9,153,14,176,74,6,80,256
06/10/2005,MTN,MD,AEA,EN,Federal Contract Tower,0,5,57,15,77,0,3,82,11,96,0,8,139,26,173,106,16,122,295
06/11/2005,MTN,MD,AEA,EN,Federal Contract Tower,0,5,31,12,48,0,5,111,17,133,0,10,142,29,181,162,18,180,361
06/12/2005,MTN,MD,AEA,EN,Federal Contract Tower,0,10,41,1,52,0,14,126,18,158,0,24,167,19,210,122,0,122,332
06/13/2005,MTN,MD,AEA,EN,Federal Contract Tower,0,6,44,0,50,0,4,84,14,102,0,10,128,14,152,186,0,186,338
06/14/2005,MTN,MD,AEA,EN,Federal Contract Tower,0,6,43,13,62,0,2,95,10,107,0,8,138,23,169,136,0,136,305
06/15/2005,MTN,MD,AEA,EN,Federal Contract Tower,0,3,48,7,58,0,4,127,22,153,0,7,175,29,211,70,2,72,283
06/16/2005,MTN,MD,AEA,EN,Federal Contract Tower,0,13,43,16,72,0,2,131,3,136,0,15,174,19,208,78,0,78,286
06/17/2005,MTN,MD,AEA,EN,Federal Contract Tower,0,0,32,4,36,0,6,100,2,108,0,6,132,6,144,98,0,98,242
06/18/2005,MTN,MD,AEA,EN,Federal Contract Tower,0,2,30,5,37,0,2,189,0,191,0,4,219,5,228,156,0,156,384
06/19/2005,MTN,MD,AEA,EN,Federal Contract Tower,0,2,30,3,35,0,2,76,0,78,0,4,106,3,113,94,0,94,207
06/20/2005,MTN,MD,AEA,EN,Federal Contract Tower,0,17,42,0,59,0,1,111,2,114,0,18,153,2,173,146,0,146,319
06/21/2005,MTN,MD,AEA,EN,Federal Contract Tower,0,14,40,4,58,0,0,133,7,140,0,14,173,11,198,90,4,94,292
06/22/2005,MTN,MD,AEA,EN,Federal Contract Tower,0,6,35,15,56,0,9,103,15,127,0,15,138,30,183,68,12,80,263
06/23/2005,MTN,MD,AEA,EN,Federal Contract Tower,0,2,58,16,76,0,0,143,47,190,0,2,201,63,266,140,22,162,428
06/24/2005,MTN,MD,AEA,EN,Federal Contract Tower,0,6,54,7,67,0,6,149,14,169,0,12,203,21,236,134,12,146,382
06/25/2005,MTN,MD,AEA,EN,Federal Contract Tower,0,2,23,6,31,0,2,119,0,121,0,4,142,6,152,90,0,90,242
06/26/2005,MTN,MD,AEA,EN,Federal Contract Tower,0,11,37,2,50,0,7,110,0,117,0,18,147,2,167,62,0,62,229
06/27/2005,MTN,MD,AEA,EN,Federal Contract Tower,0,6,47,2,55,0,2,70,0,72,0,8,117,2,127,64,0,64,191
06/28/2005,MTN,MD,AEA,EN,Federal Contract Tower,0,6,46,17,69,0,2,98,14,114,0,8,144,31,183,84,6,90,273
06/29/2005,MTN,MD,AEA,EN,Federal Contract Tower,0,7,50,13,70,0,0,87,2,89,0,7,137,15,159,116,0,116,275
06/30/2005,MTN,MD,AEA,EN,Federal Contract Tower,0,10,58,19,87,0,3,77,4,84,0,13,135,23,171,118,0,118,289
07/01/2005,MTN,MD,AEA,EN,Federal Contract Tower,0,12,63,13,88,0,4,98,0,102,0,16,161,13,190,62,14,76,266
07/02/2005,MTN,MD,AEA,EN,Federal Contract Tower,0,0,25,1,26,0,4,156,0,160,0,4,181,1,186,128,0,128,314
07/03/2005,MTN,MD,AEA,EN,Federal Contract Tower,0,1,24,1,26,0,2,127,1,130,0,3,151,2,156,126,0,126,282
07/04/2005,MTN,MD,AEA,EN,Federal Contract Tower,0,5,28,2,35,0,5,107,2,114,0,10,135,4,149,52,0,52,201
07/05/2005,MTN,MD,AEA,EN,Federal Contract Tower,0,8,43,0,51,0,4,77,0,81,0,12,120,0,132,26,0,26,158
07/06/2005,MTN,MD,AEA,EN,Federal Contract Tower,0,10,45,10,65,0,2,109,5,116,0,12,154,15,181,74,6,80,261
07/07/2005,MTN,MD,AEA,EN,Federal Contract Tower,0,7,31,16,54,0,1,45,2,48,0,8,76,18,102,10,0,10,112
07/08/2005,MTN,MD,AEA,EN,Federal Contract Tower,0,5,35,12,52,0,0,70,3,73,0,5,105,15,125,20,8,28,153
07/09/2005,MTN,MD,AEA,EN,Federal Contract Tower,0,2,39,0,41,0,5,134,0,139,0,7,173,0,180,79,0,79,259
07/10/2005,MTN,MD,AEA,EN,Federal Contract Tower,0,4,33,1,38,0,3,109,2,114,0,7,142,3,152,122,6,128,280
07/11/2005,MTN,MD,AEA,EN,Federal Contract Tower,0,9,41,0,50,0,0,129,0,129,0,9,170,0,179,60,0,60,239
07/12/2005,MTN,MD,AEA,EN,Federal Contract Tower,0,6,56,12,74,0,6,149,13,168,0,12,205,25,242,174,4,178,420
07/13/2005,MTN,MD,AEA,EN,Federal Contract Tower,0,6,46,11,63,0,1,33,1,35,0,7,79,12,98,14,0,14,112
07/14/2005,MTN,MD,AEA,EN,Federal Contract Tower,0,6,38,13,57,0,1,35,1,37,0,7,73,14,94,14,0,14,108
07/15/2005,MTN,MD,AEA,EN,Federal Contract Tower,0,6,49,7,62,0,3,88,8,99,0,9,137,15,161,76,0,76,237
07/16/2005,MTN,MD,AEA,EN,Federal Contract Tower,0,1,31,0,32,0,4,11,2,17,0,5,42,2,49,6,0,6,55
07/17/2005,MTN,MD,AEA,EN,Federal Contract Tower,0,4,43,0,47,0,4,46,0,50,0,8,89,0,97,56,0,56,153
07/18/2005,MTN,MD,AEA,EN,Federal Contract Tower,0,2,53,0,55,0,1,105,4,110,0,3,158,4,165,102,0,102,267
07/19/2005,MTN,MD,AEA,EN,Federal Contract Tower,0,8,55,11,74,0,3,112,0,115,0,11,167,11,189,26,10,36,225
07/20/2005,MTN,MD,AEA,EN,Federal Contract Tower,0,6,52,13,71,0,33,126,2,161,0,39,178,15,232,108,8,116,348
07/21/2005,MTN,MD,AEA,EN,Federal Contract Tower,0,8,55,15,78,0,1,154,9,164,0,9,209,24,242,110,34,144,386
07/22/2005,MTN,MD,AEA,EN,Federal Contract Tower,0,9,50,6,65,0,9,112,7,128,0,18,162,13,193,142,14,156,349
07/23/2005,MTN,MD,AEA,EN,Federal Contract Tower,0,5,34,2,41,0,12,122,0,134,0,17,156,2,175,166,0,166,341
07/24/2005,MTN,MD,AEA,EN,Federal Contract Tower,0,4,45,0,49,0,1,129,0,130,0,5,174,0,179,124,0,124,303
07/25/2005,MTN,MD,AEA,EN,Federal Contract Tower,0,9,33,0,42,0,1,108,4,113,0,10,141,4,155,94,0,94,249
07/26/2005,MTN,MD,AEA,EN,Federal Contract Tower,0,13,44,18,75,0,3,114,32,149,0,16,158,50,224,86,6,92,316
07/27/2005,MTN,MD,AEA,EN,Federal Contract Tower,0,6,38,17,61,0,2,96,23,121,0,8,134,40,182,90,4,94,276
07/28/2005,MTN,MD,AEA,EN,Federal Contract Tower,0,4,65,19,88,0,6,125,28,159,0,10,190,47,247,154,6,160,407
07/29/2005,MTN,MD,AEA,EN,Federal Contract Tower,0,7,47,9,63,0,4,81,11,96,0,11,128,20,159,96,8,104,263
07/30/2005,MTN,MD,AEA,EN,Federal Contract Tower,0,3,37,2,42,0,6,77,0,83,0,9,114,2,125,146,0,146,271
07/31/2005,MTN,MD,AEA,EN,Federal Contract Tower,0,4,56,2,62,0,6,42,0,48,0,10,98,2,110,90,0,90,200
08/01/2005,MTN,MD,AEA,EN,Federal Contract Tower,0,7,48,0,55,0,1,91,0,92,0,8,139,0,147,114,0,114,261
08/02/2005,MTN,MD,AEA,EN,Federal Contract Tower,0,10,53,8,71,0,2,138,12,152,0,12,191,20,223,140,10,150,373
08/03/2005,MTN,MD,AEA,EN,Federal Contract Tower,0,15,48,13,76,0,0,130,0,130,0,15,178,13,206,146,8,154,360
08/04/2005,MTN,MD,AEA,EN,Federal Contract Tower,0,5,66,9,80,0,1,120,2,123,0,6,186,11,203,118,8,126,329
08/05/2005,MTN,MD,AEA,EN,Federal Contract Tower,0,3,53,11,67,0,2,106,7,115,0,5,159,18,182,136,14,150,332
08/06/2005,MTN,MD,AEA,EN,Federal Contract Tower,0,0,46,4,50,0,4,105,0,109,0,4,151,4,159,92,0,92,251
08/07/2005,MTN,MD,AEA,EN,Federal Contract Tower,0,2,36,0,38,0,8,61,0,69,0,10,97,0,107,126,0,126,233
08/08/2005,MTN,MD,AEA,EN,Federal Contract Tower,0,14,31,0,45,0,10,71,4,85,0,24,102,4,130,60,0,60,190
08/09/2005,MTN,MD,AEA,EN,Federal Contract Tower,0,6,44,12,62,0,1,55,3,59,0,7,99,15,121,6,4,10,131
08/10/2005,MTN,MD,AEA,EN,Federal Contract Tower,0,5,28,7,40,0,3,119,3,125,0,8,147,10,165,130,0,130,295
08/11/2005,MTN,MD,AEA,EN,Federal Contract Tower,0,8,53,13,74,0,8,134,3,145,0,16,187,16,219,122,4,126,345
08/12/2005,MTN,MD,AEA,EN,Federal Contract Tower,0,11,49,7,67,0,0,107,2,109,0,11,156,9,176,40,4,44,220
08/13/2005,MTN,MD,AEA,EN,Federal Contract Tower,0,11,47,1,59,0,11,93,0,104,0,22,140,1,163,98,0,98,261
08/14/2005,MTN,MD,AEA,EN,Federal Contract Tower,0,7,35,0,42,0,2,54,0,56,0,9,89,0,98,72,0,72,170
08/15/2005,MTN,MD,AEA,EN,Federal Contract Tower,0,15,33,0,48,0,3,80,10,93,0,18,113,10,141,98,0,98,239
08/16/2005,MTN,MD,AEA,EN,Federal Contract Tower,0,11,56,14,81,0,3,53,3,59,0,14,109,17,140,6,0,6,146
08/17/2005,MTN,MD,AEA,EN,Federal Contract Tower,0,7,37,13,57,0,7,149,10,166,0,14,186,23,223,102,8,110,333
08/18/2005,MTN,MD,AEA,EN,Federal Contract Tower,0,7,37,12,56,0,8,150,12,170,0,15,187,24,226,58,0,58,284
08/19/2005,MTN,MD,AEA,EN,Federal Contract Tower,0,7,46,5,58,0,0,82,6,88,0,7,128,11,146,58,18,76,222
08/20/2005,MTN,MD,AEA,EN,Federal Contract Tower,0,3,38,5,46,0,2,84,1,87,0,5,122,6,133,118,6,124,257
08/21/2005,MTN,MD,AEA,EN,Federal Contract Tower,0,2,62,0,64,0,3,107,0,110,0,5,169,0,174,130,0,130,304
08/22/2005,MTN,MD,AEA,EN,Federal Contract Tower,0,6,38,0,44,0,2,131,5,138,0,8,169,5,182,46,0,46,228
08/23/2005,MTN,MD,AEA,EN,Federal Contract Tower,0,5,40,12,57,0,0,152,11,163,0,5,192,23,220,58,0,58,278
08/24/2005,MTN,MD,AEA,EN,Federal Contract Tower,0,3,43,7,53,0,6,135,9,150,0,9,178,16,203,66,20,86,289
08/25/2005,MTN,MD,AEA,EN,Federal Contract Tower,0,16,50,6,72,0,7,132,0,139,0,23,182,6,211,88,0,88,299
08/26/2005,MTN,MD,AEA,EN,Federal Contract Tower,0,4,43,5,52,0,5,141,11,157,0,9,184,16,209,124,10,134,343
08/27/2005,MTN,MD,AEA,EN,Federal Contract Tower,0,2,24,1,27,0,1,90,0,91,0,3,114,1,118,114,0,114,232
08/28/2005,MTN,MD,AEA,EN,Federal Contract Tower,0,1,53,0,54,0,7,65,0,72,0,8,118,0,126,72,0,72,198
08/29/2005,MTN,MD,AEA,EN,Federal Contract Tower,0,7,45,2,54,0,1,105,0,106,0,8,150,2,160,68,0,68,228
08/30/2005,MTN,MD,AEA,EN,Federal Contract Tower,0,7,38,20,65,0,2,56,9,67,0,9,94,29,132,24,0,24,156
08/31/2005,MTN,MD,AEA,EN,Federal Contract Tower,0,7,27,15,49,0,4,98,13,115,0,11,125,28,164,24,0,24,188
09/01/2005,MTN,MD,AEA,EN,Federal Contract Tower,0,5,59,16,80,0,3,139,1,143,0,8,198,17,223,68,0,68,291
09/02/2005,MTN,MD,AEA,EN,Federal Contract Tower,0,3,49,4,56,0,3,158,0,161,0,6,207,4,217,70,0,70,287
09/03/2005,MTN,MD,AEA,EN,Federal Contract Tower,0,9,31,4,44,0,2,112,0,114,0,11,143,4,158,50,0,50,208
09/04/2005,MTN,MD,AEA,EN,Federal Contract Tower,0,2,39,2,43,0,6,100,0,106,0,8,139,2,149,42,0,42,191
09/05/2005,MTN,MD,AEA,EN,Federal Contract Tower,0,2,40,3,45,0,1,175,0,176,0,3,215,3,221,116,0,116,337
09/06/2005,MTN,MD,AEA,EN,Federal Contract Tower,0,3,39,2,44,0,2,96,2,100,0,5,135,4,144,46,6,52,196
09/07/2005,MTN,MD,AEA,EN,Federal Contract Tower,0,6,38,13,57,0,4,117,6,127,0,10,155,19,184,84,6,90,274
09/08/2005,MTN,MD,AEA,EN,Federal Contract Tower,0,6,52,13,71,0,6,153,17,176,0,12,205,30,247,100,6,106,353
09/09/2005,MTN,MD,AEA,EN,Federal Contract Tower,0,8,41,13,62,0,8,144,16,168,0,16,185,29,230,40,20,60,290
09/10/2005,MTN,MD,AEA,EN,Federal Contract Tower,0,5,40,4,49,0,2,132,0,134,0,7,172,4,183,82,0,82,265
09/11/2005,MTN,MD,AEA,EN,Federal Contract Tower,0,8,40,3,51,0,2,123,0,125,0,10,163,3,176,110,2,112,288
09/12/2005,MTN,MD,AEA,EN,Federal Contract Tower,0,21,51,0,72,0,2,97,0,99,0,23,148,0,171,30,0,30,201
09/13/2005,MTN,MD,AEA,EN,Federal Contract Tower,0,8,37,20,65,0,1,160,26,187,0,9,197,46,252,78,16,94,346
09/14/2005,MTN,MD,AEA,EN,Federal Contract Tower,0,11,54,11,76,0,5,82,2,89,0,16,136,13,165,88,2,90,255
09/15/2005,MTN,MD,AEA,EN,Federal Contract Tower,0,10,31,16,57,0,12,85,10,107,0,22,116,26,164,66,8,74,238
09/16/2005,MTN,MD,AEA,EN,Federal Contract Tower,0,3,39,7,49,0,14,95,8,117,0,17,134,15,166,62,16,78,244
09/17/2005,MTN,MD,AEA,EN,Federal Contract Tower,0,10,34,9,53,0,0,105,16,121,0,10,139,25,174,134,10,144,318
09/18/2005,MTN,MD,AEA,EN,Federal Contract Tower,0,14,39,3,56,0,2,125,0,127,0,16,164,3,183,160,0,160,343
09/19/2005,MTN,MD,AEA,EN,Federal Contract Tower,0,7,42,4,53,0,0,99,2,101,0,7,141,6,154,34,0,34,188
09/20/2005,MTN,MD,AEA,EN,Federal Contract Tower,0,6,42,18,66,0,4,114,7,125,0,10,156,25,191,120,2,122,313
09/21/2005,MTN,MD,AEA,EN,Federal Contract Tower,0,5,43,19,67,0,6,136,7,149,0,11,179,26,216,106,8,114,330
09/22/2005,MTN,MD,AEA,EN,Federal Contract Tower,0,9,47,16,72,0,7,132,6,145,0,16,179,22,217,104,0,104,321
09/23/2005,MTN,MD,AEA,EN,Federal Contract Tower,0,4,31,3,38,0,16,104,5,125,0,20,135,8,163,84,4,88,251
09/24/2005,MTN,MD,AEA,EN,Federal Contract Tower,0,2,31,0,33,0,3,93,0,96,0,5,124,0,129,86,0,86,215
09/25/2005,MTN,MD,AEA,EN,Federal Contract Tower,0,2,39,7,48,0,7,99,1,107,0,9,138,8,155,78,4,82,237
09/26/2005,MTN,MD,AEA,EN,Federal Contract Tower,0,7,29,4,40,0,3,62,0,65,0,10,91,4,105,56,0,56,161
09/27/2005,MTN,MD,AEA,EN,Federal Contract Tower,0,9,52,18,79,0,0,117,7,124,0,9,169,25,203,112,2,114,317
09/28/2005,MTN,MD,AEA,EN,Federal Contract Tower,0,7,41,11,59,0,2,177,9,188,0,9,218,20,247,130,4,134,381
09/29/2005,MTN,MD,AEA,EN,Federal Contract Tower,0,6,42,6,54,0,9,64,4,77,0,15,106,10,131,18,10,28,159
09/30/2005,MTN,MD,AEA,EN,Federal Contract Tower,0,3,33,12,48,0,14,161,15,190,0,17,194,27,238,140,34,174,412
10/01/2005,MTN,MD,AEA,EN,Federal Contract Tower,0,0,37,1,38,0,9,147,0,156,0,9,184,1,194,60,0,60,254
10/02/2005,MTN,MD,AEA,EN,Federal Contract Tower,0,3,42,3,48,0,0,109,2,111,0,3,151,5,159,118,0,118,277
10/03/2005,MTN,MD,AEA,EN,Federal Contract Tower,0,2,37,2,41,0,4,126,4,134,0,6,163,6,175,102,0,102,277
10/04/2005,MTN,MD,AEA,EN,Federal Contract Tower,0,8,47,14,69,0,6,66,1,73,0,14,113,15,142,112,0,112,254
10/05/2005,MTN,MD,AEA,EN,Federal Contract Tower,0,3,63,10,76,0,0,102,4,106,0,3,165,14,182,64,0,64,246
10/06/2005,MTN,MD,AEA,EN,Federal Contract Tower,0,4,47,2,53,0,0,53,0,53,0,4,100,2,106,14,0,14,120
10/07/2005,MTN,MD,AEA,EN,Federal Contract Tower,0,3,46,8,57,0,1,17,1,19,0,4,63,9,76,28,0,28,104
10/08/2005,MTN,MD,AEA,EN,Federal Contract Tower,0,0,19,0,19,0,0,0,0,0,0,0,19,0,19,0,0,0,19
10/09/2005,MTN,MD,AEA,EN,Federal Contract Tower,0,3,61,0,64,0,1,28,2,31,0,4,89,2,95,16,0,16,111
10/10/2005,MTN,MD,AEA,EN,Federal Contract Tower,0,1,62,0,63,0,4,18,0,22,0,5,80,0,85,0,0,0,85
10/11/2005,MTN,MD,AEA,EN,Federal Contract Tower,0,14,51,1,66,0,1,56,0,57,0,15,107,1,123,56,0,56,179
10/12/2005,MTN,MD,AEA,EN,Federal Contract Tower,0,11,65,19,95,0,1,62,4,67,0,12,127,23,162,30,0,30,192
10/13/2005,MTN,MD,AEA,EN,Federal Contract Tower,0,8,61,19,88,0,0,24,0,24,0,8,85,19,112,24,0,24,136
10/14/2005,MTN,MD,AEA,EN,Federal Contract Tower,0,4,48,15,67,0,1,67,12,80,0,5,115,27,147,72,36,108,255
10/15/2005,MTN,MD,AEA,EN,Federal Contract Tower,0,2,45,8,55,0,3,135,16,154,0,5,180,24,209,80,48,128,337
10/16/2005,MTN,MD,AEA,EN,Federal Contract Tower,0,4,32,2,38,0,4,48,12,64,0,8,80,14,102,20,0,20,122
10/17/2005,MTN,MD,AEA,EN,Federal Contract Tower,0,4,37,0,41,0,4,122,5,131,0,8,159,5,172,40,0,40,212
10/18/2005,MTN,MD,AEA,EN,Federal Contract Tower,0,5,36,15,56,0,3,129,10,142,0,8,165,25,198,10,6,16,214
10/19/2005,MTN,MD,AEA,EN,Federal Contract Tower,0,3,55,8,66,0,2,168,2,172,0,5,223,10,238,100,0,100,338
10/20/2005,MTN,MD,AEA,EN,Federal Contract Tower,0,6,46,17,69,0,8,115,12,135,0,14,161,29,204,74,4,78,282
10/21/2005,MTN,MD,AEA,EN,Federal Contract Tower,0,4,42,9,55,0,0,8,0,8,0,4,50,9,63,0,0,0,63
10/22/2005,MTN,MD,AEA,EN,Federal Contract Tower,0,4,22,0,26,0,0,6,0,6,0,4,28,0,32,0,0,0,32
10/23/2005,MTN,MD,AEA,EN,Federal Contract Tower,0,3,32,0,35,0,2,99,2,103,0,5,131,2,138,68,0,68,206
10/24/2005,MTN,MD,AEA,EN,Federal Contract Tower,0,10,40,2,52,0,14,85,0,99,0,24,125,2,151,54,0,54,205
10/25/2005,MTN,MD,AEA,EN,Federal Contract Tower,0,3,23,8,34,0,0,0,9,9,0,3,23,17,43,2,0,2,45
10/26/2005,MTN,MD,AEA,EN,Federal Contract Tower,0,5,24,15,44,0,5,101,5,111,0,10,125,20,155,74,8,82,237
10/27/2005,MTN,MD,AEA,EN,Federal Contract Tower,0,7,43,13,63,0,5,159,15,179,0,12,202,28,242,124,0,124,366
10/28/2005,MTN,MD,AEA,EN,Federal Contract Tower,0,9,31,3,43,0,4,120,26,150,0,13,151,29,193,102,28,130,323
10/29/2005,MTN,MD,AEA,EN,Federal Contract Tower,0,5,33,0,38,0,7,122,0,129,0,12,155,0,167,130,0,130,297
10/30/2005,MTN,MD,AEA,EN,Federal Contract Tower,0,1,40,2,43,0,4,145,2,151,0,5,185,4,194,118,0,118,312
10/31/2005,MTN,MD,AEA,EN,Federal Contract Tower,0,11,35,1,47,0,4,142,2,148,0,15,177,3,195,72,0,72,267
11/01/2005,MTN,MD,AEA,EN,Federal Contract Tower,0,9,40,11,60,0,8,134,0,142,0,17,174,11,202,92,0,92,294
11/02/2005,MTN,MD,AEA,EN,Federal Contract Tower,0,6,44,15,65,0,10,104,16,130,0,16,148,31,195,40,0,40,235
11/03/2005,MTN,MD,AEA,EN,Federal Contract Tower,0,7,54,8,69,0,6,135,4,145,0,13,189,12,214,86,4,90,304
11/04/2005,MTN,MD,AEA,EN,Federal Contract Tower,0,2,62,5,69,0,2,128,0,130,0,4,190,5,199,80,0,80,279
11/05/2005,MTN,MD,AEA,EN,Federal Contract Tower,0,0,49,4,53,0,6,141,0,147,0,6,190,4,200,82,0,82,282
11/06/2005,MTN,MD,AEA,EN,Federal Contract Tower,0,2,31,4,37,0,1,63,0,64,0,3,94,4,101,60,0,60,161
11/07/2005,MTN,MD,AEA,EN,Federal Contract Tower,0,9,36,3,48,0,2,110,0,112,0,11,146,3,160,40,0,40,200
11/08/2005,MTN,MD,AEA,EN,Federal Contract Tower,0,12,49,5,66,0,4,124,2,130,0,16,173,7,196,102,2,104,300
11/09/2005,MTN,MD,AEA,EN,Federal Contract Tower,0,9,42,4,55,0,5,99,0,104,0,14,141,4,159,74,0,74,233
11/10/2005,MTN,MD,AEA,EN,Federal Contract Tower,0,8,33,3,44,0,4,59,1,64,0,12,92,4,108,0,6,6,114
11/11/2005,MTN,MD,AEA,EN,Federal Contract Tower,0,4,39,1,44,0,1,159,2,162,0,5,198,3,206,118,0,118,324
11/12/2005,MTN,MD,AEA,EN,Federal Contract Tower,0,3,38,2,43,0,1,115,0,116,0,4,153,2,159,146,0,146,305
11/13/2005,MTN,MD,AEA,EN,Federal Contract Tower,0,6,35,1,42,0,2,137,0,139,0,8,172,1,181,88,0,88,269
11/14/2005,MTN,MD,AEA,EN,Federal Contract Tower,0,4,40,0,44,0,5,117,2,124,0,9,157,2,168,70,2,72,240
11/15/2005,MTN,MD,AEA,EN,Federal Contract Tower,0,3,45,6,54,0,12,90,0,102,0,15,135,6,156,46,0,46,202
11/16/2005,MTN,MD,AEA,EN,Federal Contract Tower,0,6,20,1,27,0,1,31,0,32,0,7,51,1,59,18,0,18,77
11/17/2005,MTN,MD,AEA,EN,Federal Contract Tower,0,6,38,4,48,0,6,105,4,115,0,12,143,8,163,30,0,30,193
11/18/2005,MTN,MD,AEA,EN,Federal Contract Tower,0,14,33,2,49,0,4,147,1,152,0,18,180,3,201,72,0,72,273
11/19/2005,MTN,MD,AEA,EN,Federal Contract Tower,0,0,42,5,47,0,3,125,0,128,0,3,167,5,175,122,0,122,297
11/20/2005,MTN,MD,AEA,EN,Federal Contract Tower,0,7,34,3,44,0,7,139,0,146,0,14,173,3,190,112,0,112,302
11/21/2005,MTN,MD,AEA,EN,Federal Contract Tower,0,8,55,6,69,0,2,49,5,56,0,10,104,11,125,32,0,32,157
11/22/2005,MTN,MD,AEA,EN,Federal Contract Tower,0,6,38,3,47,0,0,40,0,40,0,6,78,3,87,0,0,0,87
11/23/2005,MTN,MD,AEA,EN,Federal Contract Tower,0,13,45,5,63,0,8,129,6,143,0,21,174,11,206,36,4,40,246
11/24/2005,MTN,MD,AEA,EN,Federal Contract Tower,0,2,4,0,6,0,6,33,0,39,0,8,37,0,45,10,0,10,55
11/25/2005,MTN,MD,AEA,EN,Federal Contract Tower,0,2,16,0,18,0,3,97,0,100,0,5,113,0,118,76,0,76,194
11/26/2005,MTN,MD,AEA,EN,Federal Contract Tower,0,3,24,0,27,0,6,120,0,126,0,9,144,0,153,166,0,166,319
11/27/2005,MTN,MD,AEA,EN,Federal Contract Tower,0,4,42,0,46,0,5,91,0,96,0,9,133,0,142,172,0,172,314
11/28/2005,MTN,MD,AEA,EN,Federal Contract Tower,0,14,38,0,52,0,4,104,0,108,0,18,142,0,160,54,0,54,214
11/29/2005,MTN,MD,AEA,EN,Federal Contract Tower,0,8,25,16,49,0,1,59,9,69,0,9,84,25,118,12,14,26,144
11/30/2005,MTN,MD,AEA,EN,Federal Contract Tower,0,7,46,10,63,0,0,104,4,108,0,7,150,14,171,54,2,56,227
12/01/2005,MTN,MD,AEA,EN,Federal Contract Tower,0,4,43,15,62,0,3,102,15,120,0,7,145,30,182,100,26,126,308
12/02/2005,MTN,MD,AEA,EN,Federal Contract Tower,0,8,32,7,47,0,8,61,1,70,0,16,93,8,117,18,10,28,145
12/03/2005,MTN,MD,AEA,EN,Federal Contract Tower,0,2,19,8,29,0,15,87,13,115,0,17,106,21,144,78,10,88,232
12/04/2005,MTN,MD,AEA,EN,Federal Contract Tower,0,4,14,1,19,0,1,18,0,19,0,5,32,1,38,6,0,6,44
12/05/2005,MTN,MD,AEA,EN,Federal Contract Tower,0,3,29,0,32,0,2,39,2,43,0,5,68,2,75,52,0,52,127
12/06/2005,MTN,MD,AEA,EN,Federal Contract Tower,0,4,22,8,34,0,0,97,4,101,0,4,119,12,135,50,0,50,185
12/07/2005,MTN,MD,AEA,EN,Federal Contract Tower,0,5,46,13,64,0,0,114,4,118,0,5,160,17,182,52,0,52,234
12/08/2005,MTN,MD,AEA,EN,Federal Contract Tower,0,6,41,10,57,0,1,144,0,145,0,7,185,10,202,90,10,100,302
12/09/2005,MTN,MD,AEA,EN,Federal Contract Tower,0,5,24,1,30,0,3,44,0,47,0,8,68,1,77,12,0,12,89
12/10/2005,MTN,MD,AEA,EN,Federal Contract Tower,0,3,32,1,36,0,15,107,0,122,0,18,139,1,158,104,0,104,262
12/11/2005,MTN,MD,AEA,EN,Federal Contract Tower,0,2,26,11,39,0,6,99,0,105,0,8,125,11,144,122,0,122,266
12/12/2005,MTN,MD,AEA,EN,Federal Contract Tower,0,10,41,0,51,0,7,87,0,94,0,17,128,0,145,96,0,96,241
12/13/2005,MTN,MD,AEA,EN,Federal Contract Tower,0,5,41,12,58,0,3,105,10,118,0,8,146,22,176,86,0,86,262
12/14/2005,MTN,MD,AEA,EN,Federal Contract Tower,0,3,26,15,44,0,2,108,1,111,0,5,134,16,155,56,6,62,217
12/15/2005,MTN,MD,AEA,EN,Federal Contract Tower,0,6,21,7,34,0,0,27,0,27,0,6,48,7,61,46,0,46,107
12/16/2005,MTN,MD,AEA,EN,Federal Contract Tower,0,11,37,2,50,0,4,90,10,104,0,15,127,12,154,48,14,62,216
12/17/2005,MTN,MD,AEA,EN,Federal Contract Tower,0,0,23,0,23,0,4,124,0,128,0,4,147,0,151,116,0,116,267
12/18/2005,MTN,MD,AEA,EN,Federal Contract Tower,0,0,25,2,27,0,2,89,0,91,0,2,114,2,118,104,0,104,222
12/19/2005,MTN,MD,AEA,EN,Federal Contract Tower,0,5,33,0,38,0,14,112,0,126,0,19,145,0,164,20,0,20,184
12/20/2005,MTN,MD,AEA,EN,Federal Contract Tower,0,7,38,12,57,0,2,112,8,122,0,9,150,20,179,44,4,48,227
12/21/2005,MTN,MD,AEA,EN,Federal Contract Tower,0,8,33,13,54,0,8,108,12,128,0,16,141,25,182,94,2,96,278
12/22/2005,MTN,MD,AEA,EN,Federal Contract Tower,0,8,29,12,49,0,4,129,9,142,0,12,158,21,191,104,2,106,297
12/23/2005,MTN,MD,AEA,EN,Federal Contract Tower,0,3,29,8,40,0,2,110,4,116,0,5,139,12,156,58,6,64,220
12/24/2005,MTN,MD,AEA,EN,Federal Contract Tower,0,3,21,0,24,0,1,97,0,98,0,4,118,0,122,116,0,116,238
12/25/2005,MTN,MD,AEA,EN,Federal Contract Tower,0,3,5,0,8,0,0,3,0,3,0,3,8,0,11,0,0,0,11
12/26/2005,MTN,MD,AEA,EN,Federal Contract Tower,0,2,24,0,26,0,3,53,2,58,0,5,77,2,84,22,0,22,106
12/27/2005,MTN,MD,AEA,EN,Federal Contract Tower,0,7,26,0,33,0,8,106,0,114,0,15,132,0,147,106,0,106,253
12/28/2005,MTN,MD,AEA,EN,Federal Contract Tower,0,2,30,10,42,0,24,103,8,135,0,26,133,18,177,54,2,56,233
12/29/2005,MTN,MD,AEA,EN,Federal Contract Tower,0,6,18,4,28,0,5,28,0,33,0,11,46,4,61,0,0,0,61
12/30/2005,MTN,MD,AEA,EN,Federal Contract Tower,0,5,17,5,27,0,12,81,0,93,0,17,98,5,120,42,6,48,168
12/31/2005,MTN,MD,AEA,EN,Federal Contract Tower,0,0,21,0,21,0,1,45,0,46,0,1,66,0,67,36,0,36,103
01/01/2006,MTN,MD,AEA,EN,Federal Contract Tower,0,3,7,0,10,0,6,79,0,85,0,9,86,0,95,40,0,40,135
01/02/2006,MTN,MD,AEA,EN,Federal Contract Tower,0,2,21,0,23,0,1,11,0,12,0,3,32,0,35,62,0,62,97
01/03/2006,MTN,MD,AEA,EN,Federal Contract Tower,0,13,20,1,34,0,4,32,0,36,0,17,52,1,70,0,0,0,70
01/04/2006,MTN,MD,AEA,EN,Federal Contract Tower,0,9,32,14,55,0,2,84,15,101,0,11,116,29,156,84,4,88,244
01/05/2006,MTN,MD,AEA,EN,Federal Contract Tower,0,7,21,13,41,0,1,85,6,92,0,8,106,19,133,22,6,28,161
01/06/2006,MTN,MD,AEA,EN,Federal Contract Tower,0,8,18,3,29,0,3,104,9,116,0,11,122,12,145,44,4,48,193
01/07/2006,MTN,MD,AEA,EN,Federal Contract Tower,0,3,33,0,36,0,2,128,5,135,0,5,161,5,171,134,0,134,305
01/08/2006,MTN,MD,AEA,EN,Federal Contract Tower,0,1,36,2,39,0,3,122,6,131,0,4,158,8,170,98,0,98,268
01/09/2006,MTN,MD,AEA,EN,Federal Contract Tower,0,7,20,1,28,0,1,108,0,109,0,8,128,1,137,36,0,36,173
01/10/2006,MTN,MD,AEA,EN,Federal Contract Tower,0,11,25,11,47,0,11,152,10,173,0,22,177,21,220,100,2,102,322
01/11/2006,MTN,MD,AEA,EN,Federal Contract Tower,0,7,18,3,28,0,0,0,0,0,0,7,18,3,28,0,0,0,28
01/12/2006,MTN,MD,AEA,EN,Federal Contract Tower,0,13,31,11,55,0,3,124,4,131,0,16,155,15,186,142,8,150,336
01/13/2006,MTN,MD,AEA,EN,Federal Contract Tower,0,6,21,3,30,0,1,15,3,19,0,7,36,6,49,0,0,0,49
01/14/2006,MTN,MD,AEA,EN,Federal Contract Tower,0,0,16,0,16,0,4,5,0,9,0,4,21,0,25,8,0,8,33
01/15/2006,MTN,MD,AEA,EN,Federal Contract Tower,0,0,16,1,17,0,0,13,0,13,0,0,29,1,30,8,0,8,38
01/16/2006,MTN,MD,AEA,EN,Federal Contract Tower,0,2,44,1,47,0,1,136,0,137,0,3,180,1,184,84,0,84,268
01/17/2006,MTN,MD,AEA,EN,Federal Contract Tower,0,6,23,0,29,0,4,90,0,94,0,10,113,0,123,44,0,44,167
01/18/2006,MTN,MD,AEA,EN,Federal Contract Tower,0,8,23,8,39,0,9,44,0,53,0,17,67,8,92,0,6,6,98
01/19/2006,MTN,MD,AEA,EN,Federal Contract Tower,0,7,52,16,75,0,5,140,23,168,0,12,192,39,243,64,10,74,317
01/20/2006,MTN,MD,AEA,EN,Federal Contract Tower,0,8,46,8,62,0,15,171,15,201,0,23,217,23,263,140,8,148,411
01/21/2006,MTN,MD,AEA,EN,Federal Contract Tower,0,1,31,1,33,0,0,85,0,85,0,1,116,1,118,94,0,94,212
01/22/2006,MTN,MD,AEA,EN,Federal Contract Tower,0,5,35,2,42,0,0,132,1,133,0,5,167,3,175,154,0,154,329
01/23/2006,MTN,MD,AEA,EN,Federal Contract Tower,0,11,24,1,36,0,0,25,0,25,0,11,49,1,61,0,0,0,61
01/24/2006,MTN,MD,AEA,EN,Federal Contract Tower,0,4,34,15,53,0,1,138,12,151,0,5,172,27,204,116,2,118,322
01/25/2006,MTN,MD,AEA,EN,Federal Contract Tower,0,7,28,10,45,0,8,29,7,44,0,15,57,17,89,2,0,2,91
01/26/2006,MTN,MD,AEA,EN,Federal Contract Tower,0,9,42,15,66,0,1,66,3,70,0,10,108,18,136,0,0,0,136
01/27/2006,MTN,MD,AEA,EN,Federal Contract Tower,0,9,48,11,68,0,3,146,8,157,0,12,194,19,225,112,2,114,339
01/28/2006,MTN,MD,AEA,EN,Federal Contract Tower,0,3,22,13,38,0,4,150,4,158,0,7,172,17,196,128,8,136,332
01/29/2006,MTN,MD,AEA,EN,Federal Contract Tower,0,6,19,2,27,0,3,45,0,48,0,9,64,2,75,44,0,44,119
01/30/2006,MTN,MD,AEA,EN,Federal Contract Tower,0,6,31,0,37,0,4,69,0,73,0,10,100,0,110,18,0,18,128
01/31/2006,MTN,MD,AEA,EN,Federal Contract Tower,0,2,23,2,27,0,1,32,0,33,0,3,55,2,60,0,0,0,60
02/01/2006,MTN,MD,AEA,EN,Federal Contract Tower,0,4,25,12,41,0,3,120,14,137,0,7,145,26,178,48,0,48,226
02/02/2006,MTN,MD,AEA,EN,Federal Contract Tower,0,10,36,10,56,0,8,125,10,143,0,18,161,20,199,96,4,100,299
02/03/2006,MTN,MD,AEA,EN,Federal Contract Tower,0,5,24,13,42,0,3,88,2,93,0,8,112,15,135,14,16,30,165
02/04/2006,MTN,MD,AEA,EN,Federal Contract Tower,0,2,17,1,20,0,0,16,0,16,0,2,33,1,36,12,0,12,48
02/05/2006,MTN,MD,AEA,EN,Federal Contract Tower,0,6,17,1,24,0,0,49,14,63,0,6,66,15,87,54,0,54,141
02/06/2006,MTN,MD,AEA,EN,Federal Contract Tower,0,7,28,0,35,0,4,60,0,64,0,11,88,0,99,0,0,0,99
02/07/2006,MTN,MD,AEA,EN,Federal Contract Tower,0,11,26,9,46,0,12,117,6,135,0,23,143,15,181,146,0,146,327
02/08/2006,MTN,MD,AEA,EN,Federal Contract Tower,0,6,32,12,50,0,7,104,4,115,0,13,136,16,165,58,8,66,231
02/09/2006,MTN,MD,AEA,EN,Federal Contract Tower,0,4,40,13,57,0,3,102,7,112,0,7,142,20,169,78,4,82,251
02/10/2006,MTN,MD,AEA,EN,Federal Contract Tower,0,4,54,11,69,0,4,87,5,96,0,8,141,16,165,108,4,112,277
02/11/2006,MTN,MD,AEA,EN,Federal Contract Tower,0,1,7,0,8,0,2,9,0,11,0,3,16,0,19,46,0,46,65
02/12/2006,MTN,MD,AEA,EN,Federal Contract Tower,0,2,12,0,14,0,18,23,0,41,0,20,35,0,55,16,0,16,71
02/13/2006,MTN,MD,AEA,EN,Federal Contract Tower,0,11,16,0,27,0,13,84,0,97,0,24,100,0,124,26,0,26,150
02/14/2006,MTN,MD,AEA,EN,Federal Contract Tower,0,4,30,16,50,0,10,93,10,113,0,14,123,26,163,130,8,138,301
02/15/2006,MTN,MD,AEA,EN,Federal Contract Tower,0,6,43,11,60,0,1,107,12,120,0,7,150,23,180,88,0,88,268
02/16/2006,MTN,MD,AEA,EN,Federal Contract Tower,0,12,50,9,71,0,1,140,20,161,0,13,190,29,232,146,12,158,390
02/17/2006,MTN,MD,AEA,EN,Federal Contract Tower,0,4,30,5,39,0,6,37,9,52,0,10,67,14,91,0,24,24,115
02/18/2006,MTN,MD,AEA,EN,Federal Contract Tower,0,1,14,0,15,0,4,46,0,50,0,5,60,0,65,44,0,44,109
02/19/2006,MTN,MD,AEA,EN,Federal Contract Tower,0,2,28,0,30,0,16,80,0,96,0,18,108,0,126,22,0,22,148
02/20/2006,MTN,MD,AEA,EN,Federal Contract Tower,0,7,41,0,48,0,12,116,0,128,0,19,157,0,176,86,0,86,262
02/21/2006,MTN,MD,AEA,EN,Federal Contract Tower,0,8,27,1,36,0,10,114,0,124,0,18,141,1,160,42,0,42,202
02/22/2006,MTN,MD,AEA,EN,Federal Contract Tower,0,13,40,16,69,0,0,18,11,29,0,13,58,27,98,8,0,8,106
02/23/2006,MTN,MD,AEA,EN,Federal Contract Tower,0,10,24,7,41,0,1,71,3,75,0,11,95,10,116,28,0,28,144
02/24/2006,MTN,MD,AEA,EN,Federal Contract Tower,0,7,33,13,53,0,0,50,10,60,0,7,83,23,113,30,8,38,151
02/25/2006,MTN,MD,AEA,EN,Federal Contract Tower,0,0,27,0,27,0,6,65,1,72,0,6,92,1,99,66,0,66,165
02/26/2006,MTN,MD,AEA,EN,Federal Contract Tower,0,6,36,0,42,0,3,53,0,56,0,9,89,0,98,14,0,14,112
02/27/2006,MTN,MD,AEA,EN,Federal Contract Tower,0,8,28,0,36,0,12,80,2,94,0,20,108,2,130,58,0,58,188
02/28/2006,MTN,MD,AEA,EN,Federal Contract Tower,0,4,27,13,44,0,8,132,7,147,0,12,159,20,191,40,8,48,239
03/01/2006,MTN,MD,AEA,EN,Federal Contract Tower,0,6,39,9,54,0,3,108,8,119,0,9,147,17,173,126,0,126,299
03/02/2006,MTN,MD,AEA,EN,Federal Contract Tower,0,11,37,14,62,0,2,41,0,43,0,13,78,14,105,4,0,4,109
03/03/2006,MTN,MD,AEA,EN,Federal Contract Tower,0,4,37,6,47,0,1,78,5,84,0,5,115,11,131,8,6,14,145
03/04/2006,MTN,MD,AEA,EN,Federal Contract Tower,0,5,17,3,25,0,2,48,1,51,0,7,65,4,76,20,0,20,96
03/05/2006,MTN,MD,AEA,EN,Federal Contract Tower,0,7,29,1,37,0,2,101,0,103,0,9,130,1,140,20,0,20,160
03/06/2006,MTN,MD,AEA,EN,Federal Contract Tower,0,9,29,0,38,0,5,96,3,104,0,14,125,3,142,88,0,88,230
03/07/2006,MTN,MD,AEA,EN,Federal Contract Tower,0,6,28,11,45,0,4,126,15,145,0,10,154,26,190,122,2,124,314
03/08/2006,MTN,MD,AEA,EN,Federal Contract Tower,0,12,46,10,68,0,2,155,24,181,0,14,201,34,249,98,0,98,347
03/09/2006,MTN,MD,AEA,EN,Federal Contract Tower,0,11,36,13,60,0,7,122,4,133,0,18,158,17,193,152,0,152,345
03/10/2006,MTN,MD,AEA,EN,Federal Contract Tower,0,12,28,14,54,0,3,68,7,78,0,15,96,21,132,24,30,54,186
03/11/2006,MTN,MD,AEA,EN,Federal Contract Tower,0,1,40,1,42,0,1,186,6,193,0,2,226,7,235,280,0,280,515
03/12/2006,MTN,MD,AEA,EN,Federal Contract Tower,0,6,28,0,34,0,9,69,0,78,0,15,97,0,112,113,0,113,225
03/13/2006,MTN,MD,AEA,EN,Federal Contract Tower,0,13,49,3,65,0,6,89,1,96,0,19,138,4,161,42,0,42,203
03/14/2006,MTN,MD,AEA,EN,Federal Contract Tower,0,8,19,14,41,0,13,44,16,73,0,21,63,30,114,8,6,14,128
03/15/2006,MTN,MD,AEA,EN,Federal Contract Tower,0,9,16,22,47,0,2,40,15,57,0,11,56,37,104,24,12,36,140
03/16/2006,MTN,MD,AEA,EN,Federal Contract Tower,0,13,37,21,71,0,5,164,4,173,0,18,201,25,244,128,10,138,382
03/17/2006,MTN,MD,AEA,EN,Federal Contract Tower,0,4,38,17,59,0,3,102,7,112,0,7,140,24,171,72,24,96,267
03/18/2006,MTN,MD,AEA,EN,Federal Contract Tower,0,3,36,6,45,0,8,83,18,109,0,11,119,24,154,50,22,72,226
03/19/2006,MTN,MD,AEA,EN,Federal Contract Tower,0,9,20,0,29,0,14,78,1,93,0,23,98,1,122,70,0,70,192
03/20/2006,MTN,MD,AEA,EN,Federal Contract Tower,0,8,29,2,39,0,7,168,0,175,0,15,197,2,214,124,0,124,338
03/21/2006,MTN,MD,AEA,EN,Federal Contract Tower,0,4,22,11,37,0,6,96,5,107,0,10,118,16,144,136,0,136,280
03/22/2006,MTN,MD,AEA,EN,Federal Contract Tower,0,14,25,12,51,0,0,78,4,82,0,14,103,16,133,16,0,16,149
03/23/2006,MTN,MD,AEA,EN,Federal Contract Tower,0,4,49,8,61,0,2,116,4,122,0,6,165,12,183,120,0,120,303
03/24/2006,MTN,MD,AEA,EN,Federal Contract Tower,0,12,32,3,47,0,13,159,5,177,0,25,191,8,224,100,0,100,324
03/25/2006,MTN,MD,AEA,EN,Federal Contract Tower,0,8,22,0,30,0,8,82,2,92,0,16,104,2,122,268,0,268,390
03/26/2006,MTN,MD,AEA,EN,Federal Contract Tower,0,9,42,0,51,0,5,95,2,102,0,14,137,2,153,90,0,90,243
03/27/2006,MTN,MD,AEA,EN,Federal Contract Tower,0,5,36,0,41,0,2,119,0,121,0,7,155,0,162,98,0,98,260
03/28/2006,MTN,MD,AEA,EN,Federal Contract Tower,0,6,37,6,49,0,1,129,10,140,0,7,166,16,189,116,6,122,311
03/29/2006,MTN,MD,AEA,EN,Federal Contract Tower,0,8,37,9,54,0,6,159,1,166,0,14,196,10,220,164,2,166,386
03/30/2006,MTN,MD,AEA,EN,Federal Contract Tower,0,8,39,10,57,0,2,162,3,167,0,10,201,13,224,244,0,244,468
03/31/2006,MTN,MD,AEA,EN,Federal Contract Tower,0,7,54,3,64,0,7,128,6,141,0,14,182,9,205,78,8,86,291
04/01/2006,MTN,MD,AEA,EN,Federal Contract Tower,0,0,19,2,21,0,5,49,12,66,0,5,68,14,87,28,0,28,115
04/02/2006,MTN,MD,AEA,EN,Federal Contract Tower,0,8,41,1,50,0,4,162,4,170,0,12,203,5,220,176,0,176,396
04/03/2006,MTN,MD,AEA,EN,Federal Contract Tower,0,7,23,2,32,0,2,74,1,77,0,9,97,3,109,36,0,36,145
04/04/2006,MTN,MD,AEA,EN,Federal Contract Tower,0,7,40,8,55,0,5,65,11,81,0,12,105,19,136,8,0,8,144
04/05/2006,MTN,MD,AEA,EN,Federal Contract Tower,0,6,26,9,41,0,6,61,2,69,0,12,87,11,110,8,0,8,118
04/06/2006,MTN,MD,AEA,EN,Federal Contract Tower,0,5,35,11,51,0,9,136,9,154,0,14,171,20,205,58,0,58,263
04/07/2006,MTN,MD,AEA,EN,Federal Contract Tower,0,7,42,4,53,0,13,87,1,101,0,20,129,5,154,24,0,24,178
04/08/2006,MTN,MD,AEA,EN,Federal Contract Tower,0,2,30,1,33,0,2,17,0,19,0,4,47,1,52,58,0,58,110
04/09/2006,MTN,MD,AEA,EN,Federal Contract Tower,0,3,41,2,46,0,2,126,0,128,0,5,167,2,174,96,0,96,270
04/10/2006,MTN,MD,AEA,EN,Federal Contract Tower,0,12,40,5,57,0,7,143,0,150,0,19,183,5,207,148,4,152,359
04/11/2006,MTN,MD,AEA,EN,Federal Contract Tower,0,16,34,11,61,0,15,171,13,199,0,31,205,24,260,234,4,238,498
04/12/2006,MTN,MD,AEA,EN,Federal Contract Tower,0,7,34,13,54,0,4,110,6,120,0,11,144,19,174,80,0,80,254
04/13/2006,MTN,MD,AEA,EN,Federal Contract Tower,0,15,47,8,70,0,0,103,13,116,0,15,150,21,186,112,0,112,298
04/14/2006,MTN,MD,AEA,EN,Federal Contract Tower,0,7,32,4,43,0,8,63,8,79,0,15,95,12,122,52,0,52,174
04/15/2006,MTN,MD,AEA,EN,Federal Contract Tower,0,4,26,0,30,0,6,107,0,113,0,10,133,0,143,90,0,90,233
04/16/2006,MTN,MD,AEA,EN,Federal Contract Tower,0,5,25,0,30,0,9,68,2,79,0,14,93,2,109,84,0,84,193
04/17/2006,MTN,MD,AEA,EN,Federal Contract Tower,0,10,52,0,62,0,6,96,3,105,0,16,148,3,167,68,0,68,235
04/18/2006,MTN,MD,AEA,EN,Federal Contract Tower,0,11,42,8,61,0,7,145,8,160,0,18,187,16,221,142,4,146,367
04/19/2006,MTN,MD,AEA,EN,Federal Contract Tower,0,11,47,5,63,0,8,157,8,173,0,19,204,13,236,122,2,124,360
04/20/2006,MTN,MD,AEA,EN,Federal Contract Tower,0,13,46,4,63,0,4,209,0,213,0,17,255,4,276,98,0,98,374
04/21/2006,MTN,MD,AEA,EN,Federal Contract Tower,0,9,44,7,60,0,3,96,7,106,0,12,140,14,166,24,0,24,190
04/22/2006,MTN,MD,AEA,EN,Federal Contract Tower,0,1,15,0,16,0,0,0,0,0,0,1,15,0,16,0,0,0,16
04/23/2006,MTN,MD,AEA,EN,Federal Contract Tower,0,1,34,0,35,0,1,25,0,26,0,2,59,0,61,20,0,20,81
04/24/2006,MTN,MD,AEA,EN,Federal Contract Tower,0,11,44,1,56,0,3,80,0,83,0,14,124,1,139,36,0,36,175
04/25/2006,MTN,MD,AEA,EN,Federal Contract Tower,0,8,28,4,40,0,9,126,0,135,0,17,154,4,175,156,0,156,331
04/26/2006,MTN,MD,AEA,EN,Federal Contract Tower,0,6,37,5,48,0,2,151,2,155,0,8,188,7,203,138,0,138,341
04/27/2006,MTN,MD,AEA,EN,Federal Contract Tower,0,12,31,9,52,0,5,111,11,127,0,17,142,20,179,204,0,204,383
04/28/2006,MTN,MD,AEA,EN,Federal Contract Tower,0,8,39,8,55,0,0,136,9,145,0,8,175,17,200,146,2,148,348
04/29/2006,MTN,MD,AEA,EN,Federal Contract Tower,0,3,41,5,49,0,5,158,0,163,0,8,199,5,212,116,2,118,330
04/30/2006,MTN,MD,AEA,EN,Federal Contract Tower,0,4,42,2,48,0,1,113,2,116,0,5,155,4,164,130,0,130,294
05/01/2006,MTN,MD,AEA,EN,Federal Contract Tower,0,8,24,1,33,0,4,92,0,96,0,12,116,1,129,78,0,78,207
05/02/2006,MTN,MD,AEA,EN,Federal Contract Tower,0,7,46,5,58,0,4,117,2,123,0,11,163,7,181,126,4,130,311
05/03/2006,MTN,MD,AEA,EN,Federal Contract Tower,0,8,45,13,66,0,7,149,8,164,0,15,194,21,230,110,4,114,344
05/04/2006,MTN,MD,AEA,EN,Federal Contract Tower,0,11,39,9,59,0,12,137,8,157,0,23,176,17,216,168,2,170,386
05/05/2006,MTN,MD,AEA,EN,Federal Contract Tower,0,7,47,4,58,0,8,145,8,161,0,15,192,12,219,142,2,144,363
05/06/2006,MTN,MD,AEA,EN,Federal Contract Tower,0,3,16,2,21,0,19,156,3,178,0,22,172,5,199,204,0,204,403
05/07/2006,MTN,MD,AEA,EN,Federal Contract Tower,0,5,40,5,50,0,5,136,0,141,0,10,176,5,191,144,0,144,335
05/08/2006,MTN,MD,AEA,EN,Federal Contract Tower,0,6,31,3,40,0,2,57,0,59,0,8,88,3,99,28,0,28,127
05/09/2006,MTN,MD,AEA,EN,Federal Contract Tower,0,10,31,13,54,0,13,110,17,140,0,23,141,30,194,56,6,62,256
05/10/2006,MTN,MD,AEA,EN,Federal Contract Tower,0,9,42,7,58,0,13,123,14,150,0,22,165,21,208,100,6,106,314
05/11/2006,MTN,MD,AEA,EN,Federal Contract Tower,0,6,34,6,46,0,10,43,5,58,0,16,77,11,104,0,2,2,106
05/12/2006,MTN,MD,AEA,EN,Federal Contract Tower,0,4,32,0,36,0,10,137,6,153,0,14,169,6,189,110,0,110,299
05/13/2006,MTN,MD,AEA,EN,Federal Contract Tower,0,0,38,2,40,0,9,214,0,223,0,9,252,2,263,46,0,46,309
05/14/2006,MTN,MD,AEA,EN,Federal Contract Tower,0,10,28,0,38,0,0,18,1,19,0,10,46,1,57,0,0,0,57
05/15/2006,MTN,MD,AEA,EN,Federal Contract Tower,0,11,33,5,49,0,4,40,0,44,0,15,73,5,93,0,0,0,93
05/16/2006,MTN,MD,AEA,EN,Federal Contract Tower,0,13,54,15,82,0,5,126,13,144,0,18,180,28,226,86,10,96,322
05/17/2006,MTN,MD,AEA,EN,Federal Contract Tower,0,13,50,9,72,0,4,152,26,182,0,17,202,35,254,154,8,162,416
05/18/2006,MTN,MD,AEA,EN,Federal Contract Tower,0,7,46,7,60,0,5,88,9,102,0,12,134,16,162,90,2,92,254
05/19/2006,MTN,MD,AEA,EN,Federal Contract Tower,0,5,33,13,51,0,8,99,24,131,0,13,132,37,182,12,16,28,210
05/20/2006,MTN,MD,AEA,EN,Federal Contract Tower,0,5,37,7,49,0,4,141,14,159,0,9,178,21,208,94,36,130,338
05/21/2006,MTN,MD,AEA,EN,Federal Contract Tower,0,2,28,4,34,0,11,72,1,84,0,13,100,5,118,42,2,44,162
05/22/2006,MTN,MD,AEA,EN,Federal Contract Tower,0,10,42,4,56,0,3,103,0,106,0,13,145,4,162,6,8,14,176
05/23/2006,MTN,MD,AEA,EN,Federal Contract Tower,0,12,50,12,74,0,4,157,15,176,0,16,207,27,250,58,0,58,308
05/24/2006,MTN,MD,AEA,EN,Federal Contract Tower,0,8,56,12,76,0,4,155,7,166,0,12,211,19,242,140,0,140,382
05/25/2006,MTN,MD,AEA,EN,Federal Contract Tower,0,5,51,7,63,0,9,137,10,156,0,14,188,17,219,158,0,158,377
05/26/2006,MTN,MD,AEA,EN,Federal Contract Tower,0,7,51,3,61,0,10,70,7,87,0,17,121,10,148,14,0,14,162
05/27/2006,MTN,MD,AEA,EN,Federal Contract Tower,0,0,42,0,42,0,8,89,6,103,0,8,131,6,145,94,0,94,239
05/28/2006,MTN,MD,AEA,EN,Federal Contract Tower,0,0,33,0,33,0,2,99,4,105,0,2,132,4,138,136,0,136,274
05/29/2006,MTN,MD,AEA,EN,Federal Contract Tower,0,3,36,0,39,0,13,136,5,154,0,16,172,5,193,150,0,150,343
05/30/2006,MTN,MD,AEA,EN,Federal Contract Tower,0,9,42,6,57,0,1,112,7,120,0,10,154,13,177,78,4,82,259
05/31/2006,MTN,MD,AEA,EN,Federal Contract Tower,0,16,40,8,64,0,5,80,9,94,0,21,120,17,158,68,6,74,232
06/01/2006,MTN,MD,AEA,EN,Federal Contract Tower,0,16,45,9,70,0,5,91,11,107,0,21,136,20,177,164,18,182,359
06/02/2006,MTN,MD,AEA,EN,Federal Contract Tower,0,9,40,8,57,0,7,75,7,89,0,16,115,15,146,10,4,14,160
06/03/2006,MTN,MD,AEA,EN,Federal Contract Tower,0,0,33,3,36,0,1,36,0,37,0,1,69,3,73,10,0,10,83
06/04/2006,MTN,MD,AEA,EN,Federal Contract Tower,0,7,22,0,29,0,5,137,7,149,0,12,159,7,178,170,0,170,348
06/05/2006,MTN,MD,AEA,EN,Federal Contract Tower,0,5,45,0,50,0,8,105,2,115,0,13,150,2,165,74,0,74,239
06/06/2006,MTN,MD,AEA,EN,Federal Contract Tower,0,10,48,13,71,0,9,109,14,132,0,19,157,27,203,88,8,96,299
06/07/2006,MTN,MD,AEA,EN,Federal Contract Tower,0,6,48,9,63,0,1,105,7,113,0,7,153,16,176,98,0,98,274
06/08/2006,MTN,MD,AEA,EN,Federal Contract Tower,0,7,22,5,34,0,6,100,21,127,0,13,122,26,161,80,8,88,249
06/09/2006,MTN,MD,AEA,EN,Federal Contract Tower,0,10,52,10,72,0,4,100,11,115,0,14,152,21,187,50,10,60,247
06/10/2006,MTN,MD,AEA,EN,Federal Contract Tower,0,2,30,11,43,0,5,61,7,73,0,7,91,18,116,22,10,32,148
06/11/2006,MTN,MD,AEA,EN,Federal Contract Tower,0,14,39,1,54,0,12,98,10,120,0,26,137,11,174,50,20,70,244
06/12/2006,MTN,MD,AEA,EN,Federal Contract Tower,0,9,55,2,66,0,2,112,2,116,0,11,167,4,182,94,0,94,276
06/13/2006,MTN,MD,AEA,EN,Federal Contract Tower,0,7,38,7,52,0,13,134,11,158,0,20,172,18,210,94,8,102,312
06/14/2006,MTN,MD,AEA,EN,Federal Contract Tower,0,10,44,3,57,0,2,61,11,74,0,12,105,14,131,50,2,52,183
06/15/2006,MTN,MD,AEA,EN,Federal Contract Tower,0,9,46,4,59,0,8,115,16,139,0,17,161,20,198,106,13,119,317
06/16/2006,MTN,MD,AEA,EN,Federal Contract Tower,0,7,43,2,52,0,3,126,4,133,0,10,169,6,185,70,8,78,263
06/17/2006,MTN,MD,AEA,EN,Federal Contract Tower,0,5,26,4,35,0,2,125,0,127,0,7,151,4,162,164,0,164,326
06/18/2006,MTN,MD,AEA,EN,Federal Contract Tower,0,7,42,0,49,0,4,74,0,78,0,11,116,0,127,130,0,130,257
06/19/2006,MTN,MD,AEA,EN,Federal Contract Tower,0,4,41,0,45,0,0,82,0,82,0,4,123,0,127,44,0,44,171
06/20/2006,MTN,MD,AEA,EN,Federal Contract Tower,0,19,46,9,74,0,9,138,8,155,0,28,184,17,229,168,8,176,405
06/21/2006,MTN,MD,AEA,EN,Federal Contract Tower,0,6,36,6,48,0,10,144,20,174,0,16,180,26,222,186,8,194,416
06/22/2006,MTN,MD,AEA,EN,Federal Contract Tower,0,15,55,6,76,0,3,103,9,115,0,18,158,15,191,110,2,112,303
06/23/2006,MTN,MD,AEA,EN,Federal Contract Tower,0,5,41,10,56,0,2,97,9,108,0,7,138,19,164,42,18,60,224
06/24/2006,MTN,MD,AEA,EN,Federal Contract Tower,0,0,24,0,24,0,2,55,2,59,0,2,79,2,83,154,0,154,237
06/25/2006,MTN,MD,AEA,EN,Federal Contract Tower,0,2,28,0,30,0,0,13,2,15,0,2,41,2,45,0,0,0,45
06/26/2006,MTN,MD,AEA,EN,Federal Contract Tower,0,8,36,0,44,0,0,32,0,32,0,8,68,0,76,0,0,0,76
06/27/2006,MTN,MD,AEA,EN,Federal Contract Tower,0,6,25,1,32,0,3,44,2,49,0,9,69,3,81,0,0,0,81
06/28/2006,MTN,MD,AEA,EN,Federal Contract Tower,0,16,43,18,77,0,11,87,24,122,0,27,130,42,199,62,6,68,267
06/29/2006,MTN,MD,AEA,EN,Federal Contract Tower,0,10,46,9,65,0,0,122,32,154,0,10,168,41,219,144,12,156,375
06/30/2006,MTN,MD,AEA,EN,Federal Contract Tower,0,3,55,11,69,0,5,149,15,169,0,8,204,26,238,132,22,154,392
07/01/2006,MTN,MD,AEA,EN,Federal Contract Tower,0,0,31,0,31,0,10,129,2,141,0,10,160,2,172,116,0,116,288
07/02/2006,MTN,MD,AEA,EN,Federal Contract Tower,0,2,36,0,38,0,8,77,2,87,0,10,113,2,125,72,0,72,197
07/03/2006,MTN,MD,AEA,EN,Federal Contract Tower,0,5,21,0,26,0,12,80,0,92,0,17,101,0,118,136,0,136,254
07/04/2006,MTN,MD,AEA,EN,Federal Contract Tower,0,1,17,2,20,0,5,66,10,81,0,6,83,12,101,40,0,40,141
07/05/2006,MTN,MD,AEA,EN,Federal Contract Tower,0,6,27,9,42,0,9,77,8,94,0,15,104,17,136,56,0,56,192
07/06/2006,MTN,MD,AEA,EN,Federal Contract Tower,0,6,37,14,57,0,9,90,15,114,0,15,127,29,171,78,6,84,255
07/07/2006,MTN,MD,AEA,EN,Federal Contract Tower,0,5,49,15,69,0,9,144,21,174,0,14,193,36,243,24,20,44,287
07/08/2006,MTN,MD,AEA,EN,Federal Contract Tower,0,2,20,0,22,0,5,153,0,158,0,7,173,0,180,162,0,162,342
07/09/2006,MTN,MD,AEA,EN,Federal Contract Tower,0,2,49,0,51,0,5,111,0,116,0,7,160,0,167,164,0,164,331
07/10/2006,MTN,MD,AEA,EN,Federal Contract Tower,0,10,37,4,51,0,4,109,1,114,0,14,146,5,165,120,0,120,285
07/11/2006,MTN,MD,AEA,EN,Federal Contract Tower,0,7,20,9,36,0,3,106,26,135,0,10,126,35,171,114,0,114,285
07/12/2006,MTN,MD,AEA,EN,Federal Contract Tower,0,7,50,9,66,0,6,92,25,123,0,13,142,34,189,86,4,90,279
07/13/2006,MTN,MD,AEA,EN,Federal Contract Tower,0,9,27,17,53,0,0,73,15,88,0,9,100,32,141,82,2,84,225
07/14/2006,MTN,MD,AEA,EN,Federal Contract Tower,0,8,46,13,67,0,8,116,8,132,0,16,162,21,199,86,18,104,303
07/15/2006,MTN,MD,AEA,EN,Federal Contract Tower,0,7,29,2,38,0,2,20,0,22,0,9,49,2,60,66,0,66,126
07/16/2006,MTN,MD,AEA,EN,Federal Contract Tower,0,1,44,2,47,0,9,122,0,131,0,10,166,2,178,200,0,200,378
07/17/2006,MTN,MD,AEA,EN,Federal Contract Tower,0,5,41,2,48,0,2,113,0,115,0,7,154,2,163,122,0,122,285
07/18/2006,MTN,MD,AEA,EN,Federal Contract Tower,0,9,39,15,63,0,8,86,11,105,0,17,125,26,168,42,8,50,218
07/19/2006,MTN,MD,AEA,EN,Federal Contract Tower,0,4,49,12,65,0,0,118,20,138,0,4,167,32,203,112,4,116,319
07/20/2006,MTN,MD,AEA,EN,Federal Contract Tower,0,10,60,11,81,0,7,120,25,152,0,17,180,36,233,124,8,132,365
07/21/2006,MTN,MD,AEA,EN,Federal Contract Tower,0,8,42,2,52,0,9,128,6,143,0,17,170,8,195,48,0,48,243
07/22/2006,MTN,MD,AEA,EN,Federal Contract Tower,0,7,19,1,27,0,5,19,0,24,0,12,38,1,51,36,0,36,87
07/23/2006,MTN,MD,AEA,EN,Federal Contract Tower,0,4,48,3,55,0,7,92,0,99,0,11,140,3,154,102,0,102,256
07/24/2006,MTN,MD,AEA,EN,Federal Contract Tower,0,7,37,3,47,0,8,137,0,145,0,15,174,3,192,84,0,84,276
07/25/2006,MTN,MD,AEA,EN,Federal Contract Tower,0,7,34,14,55,0,4,118,14,136,0,11,152,28,191,40,2,42,233
07/26/2006,MTN,MD,AEA,EN,Federal Contract Tower,0,15,42,19,76,0,5,151,13,169,0,20,193,32,245,156,10,166,411
07/27/2006,MTN,MD,AEA,EN,Federal Contract Tower,0,6,51,13,70,0,11,144,16,171,0,17,195,29,241,106,4,110,351
07/28/2006,MTN,MD,AEA,EN,Federal Contract Tower,0,18,53,7,78,0,6,103,21,130,0,24,156,28,208,36,24,60,268
07/29/2006,MTN,MD,AEA,EN,Federal Contract Tower,0,2,37,0,39,0,4,140,0,144,0,6,177,0,183,72,0,72,255
07/30/2006,MTN,MD,AEA,EN,Federal Contract Tower,0,8,39,0,47,0,7,93,0,100,0,15,132,0,147,44,0,44,191
07/31/2006,MTN,MD,AEA,EN,Federal Contract Tower,0,14,42,4,60,0,7,118,6,131,0,21,160,10,191,72,0,72,263
08/01/2006,MTN,MD,AEA,EN,Federal Contract Tower,0,11,32,12,55,0,2,91,13,106,0,13,123,25,161,36,8,44,205
08/02/2006,MTN,MD,AEA,EN,Federal Contract Tower,0,9,42,10,61,0,4,89,19,112,0,13,131,29,173,42,20,62,235
08/03/2006,MTN,MD,AEA,EN,Federal Contract Tower,0,10,45,12,67,0,0,89,29,118,0,10,134,41,185,48,10,58,243
08/04/2006,MTN,MD,AEA,EN,Federal Contract Tower,0,7,36,11,54,0,2,74,16,92,0,9,110,27,146,40,16,56,202
08/05/2006,MTN,MD,AEA,EN,Federal Contract Tower,0,4,24,2,30,0,9,115,1,125,0,13,139,3,155,152,0,152,307
08/06/2006,MTN,MD,AEA,EN,Federal Contract Tower,0,8,39,4,51,0,1,169,0,170,0,9,208,4,221,184,0,184,405
08/07/2006,MTN,MD,AEA,EN,Federal Contract Tower,0,7,33,0,40,0,3,86,0,89,0,10,119,0,129,70,0,70,199
08/08/2006,MTN,MD,AEA,EN,Federal Contract Tower,0,9,31,5,45,0,9,131,9,149,0,18,162,14,194,64,10,74,268
08/09/2006,MTN,MD,AEA,EN,Federal Contract Tower,0,11,36,4,51,0,8,124,15,147,0,19,160,19,198,162,4,166,364
08/10/2006,MTN,MD,AEA,EN,Federal Contract Tower,0,17,54,5,76,0,8,121,11,140,0,25,175,16,216,106,0,106,322
08/11/2006,MTN,MD,AEA,EN,Federal Contract Tower,0,10,48,7,65,0,7,158,16,181,0,17,206,23,246,92,16,108,354
08/12/2006,MTN,MD,AEA,EN,Federal Contract Tower,0,0,0,0,0,0,3,67,0,70,0,3,67,0,70,0,0,0,70
08/13/2006,MTN,MD,AEA,EN,Federal Contract Tower,0,0,0,0,0,0,3,48,12,63,0,3,48,12,63,0,0,0,63
08/14/2006,MTN,MD,AEA,EN,Federal Contract Tower,0,7,58,0,65,0,5,125,2,132,0,12,183,2,197,106,0,106,303
08/15/2006,MTN,MD,AEA,EN,Federal Contract Tower,0,15,44,10,69,0,3,93,14,110,0,18,137,24,179,102,18,120,299
08/16/2006,MTN,MD,AEA,EN,Federal Contract Tower,0,5,32,13,50,0,4,93,24,121,0,9,125,37,171,166,24,190,361
08/17/2006,MTN,MD,AEA,EN,Federal Contract Tower,0,6,57,19,82,0,6,156,26,188,0,12,213,45,270,62,20,82,352
08/18/2006,MTN,MD,AEA,EN,Federal Contract Tower,0,6,52,11,69,0,1,122,35,158,0,7,174,46,227,130,78,208,435
08/19/2006,MTN,MD,AEA,EN,Federal Contract Tower,0,3,37,9,49,0,8,78,23,109,0,11,115,32,158,26,30,56,214
08/20/2006,MTN,MD,AEA,EN,Federal Contract Tower,0,6,38,1,45,0,5,77,6,88,0,11,115,7,133,92,4,96,229
08/21/2006,MTN,MD,AEA,EN,Federal Contract Tower,0,8,28,3,39,0,4,157,2,163,0,12,185,5,202,68,0,68,270
08/22/2006,MTN,MD,AEA,EN,Federal Contract Tower,0,12,33,9,54,0,8,149,13,170,0,20,182,22,224,148,0,148,372
08/23/2006,MTN,MD,AEA,EN,Federal Contract Tower,0,3,39,9,51,0,4,125,13,142,0,7,164,22,193,80,8,88,281
08/24/2006,MTN,MD,AEA,EN,Federal Contract Tower,0,21,53,6,80,0,0,145,5,150,0,21,198,11,230,96,2,98,328
08/25/2006,MTN,MD,AEA,EN,Federal Contract Tower,0,12,58,3,73,0,0,126,9,135,0,12,184,12,208,108,12,120,328
08/26/2006,MTN,MD,AEA,EN,Federal Contract Tower,0,0,0,0,0,0,8,25,0,33,0,8,25,0,33,0,0,0,33
08/27/2006,MTN,MD,AEA,EN,Federal Contract Tower,0,0,7,0,7,0,4,39,0,43,0,4,46,0,50,0,0,0,50
08/28/2006,MTN,MD,AEA,EN,Federal Contract Tower,0,7,46,0,53,0,5,96,0,101,0,12,142,0,154,44,0,44,198
08/29/2006,MTN,MD,AEA,EN,Federal Contract Tower,0,6,24,11,41,0,1,64,11,76,0,7,88,22,117,50,0,50,167
08/30/2006,MTN,MD,AEA,EN,Federal Contract Tower,0,8,44,8,60,0,1,48,3,52,0,9,92,11,112,40,0,40,152
08/31/2006,MTN,MD,AEA,EN,Federal Contract Tower,0,8,34,10,52,0,1,79,14,94,0,9,113,24,146,18,4,22,168
09/01/2006,MTN,MD,AEA,EN,Federal Contract Tower,0,4,8,2,14,0,0,4,6,10,0,4,12,8,24,0,0,0,24
09/02/2006,MTN,MD,AEA,EN,Federal Contract Tower,0,4,22,0,26,0,1,7,0,8,0,5,29,0,34,16,0,16,50
09/03/2006,MTN,MD,AEA,EN,Federal Contract Tower,0,6,28,0,34,0,2,72,2,76,0,8,100,2,110,64,0,64,174
09/04/2006,MTN,MD,AEA,EN,Federal Contract Tower,0,0,29,0,29,0,4,155,0,159,0,4,184,0,188,106,0,106,294
09/05/2006,MTN,MD,AEA,EN,Federal Contract Tower,0,10,36,0,46,0,2,17,0,19,0,12,53,0,65,0,0,0,65
09/06/2006,MTN,MD,AEA,EN,Federal Contract Tower,0,9,38,14,61,0,3,111,21,135,0,12,149,35,196,86,12,98,294
09/07/2006,MTN,MD,AEA,EN,Federal Contract Tower,0,18,34,9,61,0,4,171,14,189,0,22,205,23,250,172,12,184,434
09/08/2006,MTN,MD,AEA,EN,Federal Contract Tower,0,12,20,3,35,0,3,0,10,13,0,15,20,13,48,98,18,116,164
09/09/2006,MTN,MD,AEA,EN,Federal Contract Tower,0,0,0,0,0,0,4,38,0,42,0,4,38,0,42,0,0,0,42
09/10/2006,MTN,MD,AEA,EN,Federal Contract Tower,0,2,14,0,16,0,6,39,0,45,0,8,53,0,61,52,0,52,113
09/11/2006,MTN,MD,AEA,EN,Federal Contract Tower,0,12,38,6,56,0,0,106,0,106,0,12,144,6,162,64,0,64,226
09/12/2006,MTN,MD,AEA,EN,Federal Contract Tower,0,10,38,9,57,0,5,142,18,165,0,15,180,27,222,112,10,122,344
09/13/2006,MTN,MD,AEA,EN,Federal Contract Tower,0,9,28,7,44,0,0,106,29,135,0,9,134,36,179,128,0,128,307
09/14/2006,MTN,MD,AEA,EN,Federal Contract Tower,0,8,36,4,48,0,0,6,0,6,0,8,42,4,54,0,0,0,54
09/15/2006,MTN,MD,AEA,EN,Federal Contract Tower,0,9,61,16,86,0,7,49,6,62,0,16,110,22,148,14,0,14,162
09/16/2006,MTN,MD,AEA,EN,Federal Contract Tower,0,2,56,1,59,0,0,45,3,48,0,2,101,4,107,10,0,10,117
09/17/2006,MTN,MD,AEA,EN,Federal Contract Tower,0,16,45,3,64,0,8,175,9,192,0,24,220,12,256,94,12,106,362
09/18/2006,MTN,MD,AEA,EN,Federal Contract Tower,0,9,31,2,42,0,2,134,2,138,0,11,165,4,180,84,0,84,264
09/19/2006,MTN,MD,AEA,EN,Federal Contract Tower,0,4,34,12,50,0,5,75,16,96,0,9,109,28,146,58,12,70,216
09/20/2006,MTN,MD,AEA,EN,Federal Contract Tower,0,4,43,16,63,0,7,116,20,143,0,11,159,36,206,22,0,22,228
09/21/2006,MTN,MD,AEA,EN,Federal Contract Tower,0,6,41,13,60,0,5,130,11,146,0,11,171,24,206,86,8,94,300
09/22/2006,MTN,MD,AEA,EN,Federal Contract Tower,0,3,49,14,66,0,10,111,10,131,0,13,160,24,197,80,32,112,309
09/23/2006,MTN,MD,AEA,EN,Federal Contract Tower,0,1,22,11,34,0,16,86,3,105,0,17,108,14,139,10,0,10,149
09/24/2006,MTN,MD,AEA,EN,Federal Contract Tower,0,2,33,1,36,0,1,35,0,36,0,3,68,1,72,0,0,0,72
09/25/2006,MTN,MD,AEA,EN,Federal Contract Tower,0,6,37,0,43,0,9,115,0,124,0,15,152,0,167,74,0,74,241
09/26/2006,MTN,MD,AEA,EN,Federal Contract Tower,0,8,37,8,53,0,9,113,1,123,0,17,150,9,176,112,2,114,290
09/27/2006,MTN,MD,AEA,EN,Federal Contract Tower,0,14,47,5,66,0,2,118,3,123,0,16,165,8,189,146,4,150,339
09/28/2006,MTN,MD,AEA,EN,Federal Contract Tower,0,5,40,5,50,0,2,78,5,85,0,7,118,10,135,78,0,78,213
09/29/2006,MTN,MD,AEA,EN,Federal Contract Tower,0,12,37,0,49,0,4,121,10,135,0,16,158,10,184,36,0,36,220
09/30/2006,MTN,MD,AEA,EN,Federal Contract Tower,0,3,36,3,42,0,5,121,0,126,0,8,157,3,168,56,0,56,224
10/01/2006,MTN,MD,AEA,EN,Federal Contract Tower,0,5,30,1,36,0,3,104,0,107,0,8,134,1,143,86,4,90,233
10/02/2006,MTN,MD,AEA,EN,Federal Contract Tower,0,7,29,2,38,0,2,112,1,115,0,9,141,3,153,124,0,124,277
10/03/2006,MTN,MD,AEA,EN,Federal Contract Tower,0,4,40,7,51,0,0,110,20,130,0,4,150,27,181,158,6,164,345
10/04/2006,MTN,MD,AEA,EN,Federal Contract Tower,0,6,41,11,58,0,0,114,15,129,0,6,155,26,187,86,12,98,285
10/05/2006,MTN,MD,AEA,EN,Federal Contract Tower,0,8,61,9,78,0,2,105,6,113,0,10,166,15,191,120,18,138,329
10/06/2006,MTN,MD,AEA,EN,Federal Contract Tower,0,6,37,0,43,0,0,29,0,29,0,6,66,0,72,0,0,0,72
10/07/2006,MTN,MD,AEA,EN,Federal Contract Tower,0,1,18,0,19,0,7,27,0,34,0,8,45,0,53,36,0,36,89
10/08/2006,MTN,MD,AEA,EN,Federal Contract Tower,0,6,41,0,47,0,7,189,0,196,0,13,230,0,243,130,0,130,373
10/09/2006,MTN,MD,AEA,EN,Federal Contract Tower,0,2,32,0,34,0,6,117,0,123,0,8,149,0,157,146,2,148,305
10/10/2006,MTN,MD,AEA,EN,Federal Contract Tower,0,4,35,1,40,0,2,118,4,124,0,6,153,5,164,202,6,208,372
10/11/2006,MTN,MD,AEA,EN,Federal Contract Tower,0,5,29,4,38,0,0,72,2,74,0,5,101,6,112,6,0,6,118
10/12/2006,MTN,MD,AEA,EN,Federal Contract Tower,0,7,32,10,49,0,3,99,9,111,0,10,131,19,160,48,12,60,220
10/13/2006,MTN,MD,AEA,EN,Federal Contract Tower,0,8,46,4,58,0,1,103,15,119,0,9,149,19,177,106,12,118,295
10/14/2006,MTN,MD,AEA,EN,Federal Contract Tower,0,1,26,6,33,0,0,145,2,147,0,1,171,8,180,84,18,102,282
10/15/2006,MTN,MD,AEA,EN,Federal Contract Tower,0,0,37,2,39,0,11,93,1,105,0,11,130,3,144,72,2,74,218
10/16/2006,MTN,MD,AEA,EN,Federal Contract Tower,0,2,52,0,54,0,1,102,0,103,0,3,154,0,157,116,0,116,273
10/17/2006,MTN,MD,AEA,EN,Federal Contract Tower,0,5,50,2,57,0,4,21,0,25,0,9,71,2,82,0,0,0,82
10/18/2006,MTN,MD,AEA,EN,Federal Contract Tower,0,11,49,8,68,0,6,74,2,82,0,17,123,10,150,88,0,88,238
10/19/2006,MTN,MD,AEA,EN,Federal Contract Tower,0,4,55,2,61,0,0,41,3,44,0,4,96,5,105,24,0,24,129
10/20/2006,MTN,MD,AEA,EN,Federal Contract Tower,0,2,31,4,37,0,5,27,0,32,0,7,58,4,69,28,2,30,99
10/21/2006,MTN,MD,AEA,EN,Federal Contract Tower,0,3,36,0,39,0,8,96,0,104,0,11,132,0,143,140,0,140,283
10/22/2006,MTN,MD,AEA,EN,Federal Contract Tower,0,4,33,2,39,0,2,82,2,86,0,6,115,4,125,130,0,130,255
10/23/2006,MTN,MD,AEA,EN,Federal Contract Tower,0,14,46,0,60,0,7,92,3,102,0,21,138,3,162,72,0,72,234
10/24/2006,MTN,MD,AEA,EN,Federal Contract Tower,0,15,43,6,64,0,6,67,5,78,0,21,110,11,142,30,0,30,172
10/25/2006,MTN,MD,AEA,EN,Federal Contract Tower,0,4,36,6,46,0,1,103,12,116,0,5,139,18,162,32,12,44,206
10/26/2006,MTN,MD,AEA,EN,Federal Contract Tower,0,5,51,8,64,0,5,182,14,201,0,10,233,22,265,100,18,118,383
10/27/2006,MTN,MD,AEA,EN,Federal Contract Tower,0,3,53,8,64,0,3,51,2,56,0,6,104,10,120,12,0,12,132
10/28/2006,MTN,MD,AEA,EN,Federal Contract Tower,0,2,23,4,29,0,2,4,0,6,0,4,27,4,35,0,0,0,35
10/29/2006,MTN,MD,AEA,EN,Federal Contract Tower,0,0,27,1,28,0,4,35,0,39,0,4,62,1,67,0,0,0,67
10/30/2006,MTN,MD,AEA,EN,Federal Contract Tower,0,5,51,0,56,0,4,132,14,150,0,9,183,14,206,106,0,106,312
10/31/2006,MTN,MD,AEA,EN,Federal Contract Tower,0,8,39,10,57,0,0,131,0,131,0,8,170,10,188,58,2,60,248
11/01/2006,MTN,MD,AEA,EN,Federal Contract Tower,0,7,56,9,72,0,8,145,7,160,0,15,201,16,232,94,10,104,336
11/02/2006,MTN,MD,AEA,EN,Federal Contract Tower,0,12,43,8,63,0,4,80,2,86,0,16,123,10,149,54,4,58,207
11/03/2006,MTN,MD,AEA,EN,Federal Contract Tower,0,8,38,9,55,0,9,99,5,113,0,17,137,14,168,44,18,62,230
11/04/2006,MTN,MD,AEA,EN,Federal Contract Tower,0,3,37,14,54,0,0,173,16,189,0,3,210,30,243,250,44,294,537
11/05/2006,MTN,MD,AEA,EN,Federal Contract Tower,0,4,31,5,40,0,0,111,1,112,0,4,142,6,152,144,0,144,296
11/06/2006,MTN,MD,AEA,EN,Federal Contract Tower,0,13,35,0,48,0,2,134,0,136,0,15,169,0,184,58,0,58,242
11/07/2006,MTN,MD,AEA,EN,Federal Contract Tower,0,10,36,16,62,0,3,120,11,134,0,13,156,27,196,78,8,86,282
11/08/2006,MTN,MD,AEA,EN,Federal Contract Tower,0,15,28,2,45,0,0,3,0,3,0,15,31,2,48,0,0,0,48
11/09/2006,MTN,MD,AEA,EN,Federal Contract Tower,0,7,55,13,75,0,1,113,15,129,0,8,168,28,204,56,20,76,280
11/10/2006,MTN,MD,AEA,EN,Federal Contract Tower,0,10,44,13,67,0,5,148,18,171,0,15,192,31,238,56,30,86,324
11/11/2006,MTN,MD,AEA,EN,Federal Contract Tower,0,4,40,1,45,0,0,140,0,140,0,4,180,1,185,114,0,114,299
11/12/2006,MTN,MD,AEA,EN,Federal Contract Tower,0,8,21,1,30,0,10,22,0,32,0,18,43,1,62,4,0,4,66
11/13/2006,MTN,MD,AEA,EN,Federal Contract Tower,0,11,39,3,53,0,3,42,2,47,0,14,81,5,100,0,2,2,102
11/14/2006,MTN,MD,AEA,EN,Federal Contract Tower,0,5,41,0,46,0,2,80,2,84,0,7,121,2,130,40,2,42,172
11/15/2006,MTN,MD,AEA,EN,Federal Contract Tower,0,8,30,18,56,0,5,66,8,79,0,13,96,26,135,16,4,20,155
11/16/2006,MTN,MD,AEA,EN,Federal Contract Tower,0,7,12,3,22,0,3,38,5,46,0,10,50,8,68,0,0,0,68
11/17/2006,MTN,MD,AEA,EN,Federal Contract Tower,0,7,59,6,72,0,6,128,14,148,0,13,187,20,220,90,22,112,332
11/18/2006,MTN,MD,AEA,EN,Federal Contract Tower,0,6,23,2,31,0,4,142,1,147,0,10,165,3,178,180,0,180,358
11/19/2006,MTN,MD,AEA,EN,Federal Contract Tower,0,4,26,2,32,0,2,115,0,117,0,6,141,2,149,108,0,108,257
11/20/2006,MTN,MD,AEA,EN,Federal Contract Tower,0,12,37,11,60,0,0,85,9,94,0,12,122,20,154,62,6,68,222
11/21/2006,MTN,MD,AEA,EN,Federal Contract Tower,0,11,44,9,64,0,2,132,7,141,0,13,176,16,205,54,8,62,267
11/22/2006,MTN,MD,AEA,EN,Federal Contract Tower,0,8,26,7,41,0,0,39,7,46,0,8,65,14,87,2,2,4,91
11/23/2006,MTN,MD,AEA,EN,Federal Contract Tower,0,6,4,0,10,0,0,16,0,16,0,6,20,0,26,0,0,0,26
11/24/2006,MTN,MD,AEA,EN,Federal Contract Tower,0,7,35,0,42,0,0,135,2,137,0,7,170,2,179,14,0,14,193
11/25/2006,MTN,MD,AEA,EN,Federal Contract Tower,0,4,34,0,38,0,1,127,1,129,0,5,161,1,167,98,0,98,265
11/26/2006,MTN,MD,AEA,EN,Federal Contract Tower,0,3,36,0,39,0,0,98,0,98,0,3,134,0,137,90,0,90,227
11/27/2006,MTN,MD,AEA,EN,Federal Contract Tower,0,8,43,0,51,0,5,98,0,103,0,13,141,0,154,116,0,116,270
11/28/2006,MTN,MD,AEA,EN,Federal Contract Tower,0,13,39,11,63,0,6,135,17,158,0,19,174,28,221,82,2,84,305
11/29/2006,MTN,MD,AEA,EN,Federal Contract Tower,0,6,45,7,58,0,2,11,3,16,0,8,56,10,74,0,2,2,76
11/30/2006,MTN,MD,AEA,EN,Federal Contract Tower,0,10,29,6,45,0,0,90,5,95,0,10,119,11,140,56,2,58,198
12/01/2006,MTN,MD,AEA,EN,Federal Contract Tower,0,4,24,6,34,0,0,22,2,24,0,4,46,8,58,0,6,6,64
12/02/2006,MTN,MD,AEA,EN,Federal Contract Tower,0,5,15,0,20,0,9,98,0,107,0,14,113,0,127,32,0,32,159
12/03/2006,MTN,MD,AEA,EN,Federal Contract Tower,0,5,15,0,20,0,2,85,0,87,0,7,100,0,107,88,0,88,195
12/04/2006,MTN,MD,AEA,EN,Federal Contract Tower,0,4,18,1,23,0,3,63,1,67,0,7,81,2,90,8,10,18,108
12/05/2006,MTN,MD,AEA,EN,Federal Contract Tower,0,0,9,12,21,0,9,136,0,145,0,9,145,12,166,48,8,56,222
12/06/2006,MTN,MD,AEA,EN,Federal Contract Tower,0,7,43,5,55,0,2,91,2,95,0,9,134,7,150,52,2,54,204
12/07/2006,MTN,MD,AEA,EN,Federal Contract Tower,0,3,36,5,44,0,17,100,6,123,0,20,136,11,167,40,0,40,207
12/08/2006,MTN,MD,AEA,EN,Federal Contract Tower,0,9,26,6,41,0,4,68,6,78,0,13,94,12,119,36,4,40,159
12/09/2006,MTN,MD,AEA,EN,Federal Contract Tower,0,12,28,0,40,0,2,143,0,145,0,14,171,0,185,176,0,176,361
12/10/2006,MTN,MD,AEA,EN,Federal Contract Tower,0,7,25,16,48,0,6,106,0,112,0,13,131,16,160,200,2,202,362
12/11/2006,MTN,MD,AEA,EN,Federal Contract Tower,0,8,38,4,50,0,1,130,0,131,0,9,168,4,181,88,0,88,269
12/12/2006,MTN,MD,AEA,EN,Federal Contract Tower,0,14,54,5,73,0,1,117,3,121,0,15,171,8,194,74,6,80,274
12/13/2006,MTN,MD,AEA,EN,Federal Contract Tower,0,3,25,16,44,0,0,0,0,0,0,3,25,16,44,0,0,0,44
12/14/2006,MTN,MD,AEA,EN,Federal Contract Tower,0,0,10,0,10,0,0,0,0,0,0,0,10,0,10,2,0,2,12
12/15/2006,MTN,MD,AEA,EN,Federal Contract Tower,0,7,37,3,47,0,5,78,9,92,0,12,115,12,139,40,4,44,183
12/16/2006,MTN,MD,AEA,EN,Federal Contract Tower,0,5,48,0,53,0,5,143,0,148,0,10,191,0,201,180,0,180,381
12/17/2006,MTN,MD,AEA,EN,Federal Contract Tower,0,0,40,0,40,0,0,111,0,111,0,0,151,0,151,170,0,170,321
12/18/2006,MTN,MD,AEA,EN,Federal Contract Tower,0,4,30,0,34,0,5,120,2,127,0,9,150,2,161,14,0,14,175
12/19/2006,MTN,MD,AEA,EN,Federal Contract Tower,0,5,40,5,50,0,3,138,0,141,0,8,178,5,191,112,10,122,313
12/20/2006,MTN,MD,AEA,EN,Federal Contract Tower,0,5,31,7,43,0,2,176,16,194,0,7,207,23,237,62,6,68,305
12/21/2006,MTN,MD,AEA,EN,Federal Contract Tower,0,9,33,14,56,0,3,116,10,129,0,12,149,24,185,112,4,116,301
12/22/2006,MTN,MD,AEA,EN,Federal Contract Tower,0,7,23,6,36,0,4,38,5,47,0,11,61,11,83,14,0,14,97
12/23/2006,MTN,MD,AEA,EN,Federal Contract Tower,0,0,16,0,16,0,2,29,0,31,0,2,45,0,47,40,0,40,87
12/24/2006,MTN,MD,AEA,EN,Federal Contract Tower,0,0,11,0,11,0,0,37,0,37,0,0,48,0,48,24,0,24,72
12/25/2006,MTN,MD,AEA,EN,Federal Contract Tower,0,3,1,0,4,0,0,3,0,3,0,3,4,0,7,10,0,10,17
12/26/2006,MTN,MD,AEA,EN,Federal Contract Tower,0,10,30,0,40,0,8,59,0,67,0,18,89,0,107,2,0,2,109
12/27/2006,MTN,MD,AEA,EN,Federal Contract Tower,0,6,37,8,51,0,3,100,2,105,0,9,137,10,156,24,4,28,184
12/28/2006,MTN,MD,AEA,EN,Federal Contract Tower,0,3,24,10,37,0,6,127,9,142,0,9,151,19,179,62,10,72,251
12/29/2006,MTN,MD,AEA,EN,Federal Contract Tower,0,6,26,3,35,0,6,117,4,127,0,12,143,7,162,108,0,108,270
12/30/2006,MTN,MD,AEA,EN,Federal Contract Tower,0,1,26,0,27,0,6,67,0,73,0,7,93,0,100,100,0,100,200
12/31/2006,MTN,MD,AEA,EN,Federal Contract Tower,0,0,15,0,15,0,0,71,0,71,0,0,86,0,86,30,0,30,116
01/01/2007,MTN,MD,AEA,EN,Federal Contract Tower,0,1,12,0,13,0,0,15,0,15,0,1,27,0,28,0,0,0,28
01/02/2007,MTN,MD,AEA,EN,Federal Contract Tower,0,6,24,0,30,0,6,67,0,73,0,12,91,0,103,72,0,72,175
01/03/2007,MTN,MD,AEA,EN,Federal Contract Tower,0,4,18,0,22,0,6,118,4,128,0,10,136,4,150,122,0,122,272
01/04/2007,MTN,MD,AEA,EN,Federal Contract Tower,0,7,43,8,58,0,3,131,9,143,0,10,174,17,201,150,0,150,351
01/05/2007,MTN,MD,AEA,EN,Federal Contract Tower,0,4,19,0,23,0,0,2,0,2,0,4,21,0,25,0,0,0,25
01/06/2007,MTN,MD,AEA,EN,Federal Contract Tower,0,2,27,2,31,0,5,103,4,112,0,7,130,6,143,88,0,88,231
01/07/2007,MTN,MD,AEA,EN,Federal Contract Tower,0,0,16,2,18,0,1,102,0,103,0,1,118,2,121,72,4,76,197
01/08/2007,MTN,MD,AEA,EN,Federal Contract Tower,0,7,19,0,26,0,1,24,0,25,0,8,43,0,51,0,0,0,51
01/09/2007,MTN,MD,AEA,EN,Federal Contract Tower,0,6,28,9,43,0,7,107,12,126,0,13,135,21,169,84,2,86,255
01/10/2007,MTN,MD,AEA,EN,Federal Contract Tower,0,10,31,12,53,0,0,62,3,65,0,10,93,15,118,56,6,62,180
01/11/2007,MTN,MD,AEA,EN,Federal Contract Tower,0,7,26,8,41,0,0,108,4,112,0,7,134,12,153,112,0,112,265
01/12/2007,MTN,MD,AEA,EN,Federal Contract Tower,0,5,33,11,49,0,2,96,3,101,0,7,129,14,150,64,8,72,222
01/13/2007,MTN,MD,AEA,EN,Federal Contract Tower,0,0,15,1,16,0,12,76,1,89,0,12,91,2,105,76,0,76,181
01/14/2007,MTN,MD,AEA,EN,Federal Contract Tower,0,0,12,1,13,0,2,37,0,39,0,2,49,1,52,0,0,0,52
01/15/2007,MTN,MD,AEA,EN,Federal Contract Tower,0,2,43,1,46,0,3,77,0,80,0,5,120,1,126,82,0,82,208
01/16/2007,MTN,MD,AEA,EN,Federal Contract Tower,0,11,30,2,43,0,4,72,5,81,0,15,102,7,124,8,0,8,132
01/17/2007,MTN,MD,AEA,EN,Federal Contract Tower,0,5,4,8,17,0,4,137,4,145,0,9,141,12,162,110,4,114,276
01/18/2007,MTN,MD,AEA,EN,Federal Contract Tower,0,9,32,9,50,0,1,118,6,125,0,10,150,15,175,162,0,162,337
01/19/2007,MTN,MD,AEA,EN,Federal Contract Tower,0,1,30,9,40,0,1,51,4,56,0,2,81,13,96,8,2,10,106
01/20/2007,MTN,MD,AEA,EN,Federal Contract Tower,0,4,5,4,13,0,3,37,7,47,0,7,42,11,60,0,10,10,70
01/21/2007,MTN,MD,AEA,EN,Federal Contract Tower,0,1,21,2,24,0,3,43,0,46,0,4,64,2,70,34,0,34,104
01/22/2007,MTN,MD,AEA,EN,Federal Contract Tower,0,3,9,0,12,0,0,0,0,0,0,3,9,0,12,0,0,0,12
01/23/2007,MTN,MD,AEA,EN,Federal Contract Tower,0,1,27,4,32,0,11,98,7,116,0,12,125,11,148,52,0,52,200
01/24/2007,MTN,MD,AEA,EN,Federal Contract Tower,0,5,35,5,45,0,6,113,5,124,0,11,148,10,169,132,0,132,301
01/25/2007,MTN,MD,AEA,EN,Federal Contract Tower,0,8,43,1,52,0,4,58,9,71,0,12,101,10,123,0,0,0,123
01/26/2007,MTN,MD,AEA,EN,Federal Contract Tower,0,5,25,4,34,0,4,60,19,83,0,9,85,23,117,40,14,54,171
01/27/2007,MTN,MD,AEA,EN,Federal Contract Tower,0,4,25,1,30,0,0,142,0,142,0,4,167,1,172,190,0,190,362
01/28/2007,MTN,MD,AEA,EN,Federal Contract Tower,0,2,25,3,30,0,0,33,0,33,0,2,58,3,63,70,0,70,133
01/29/2007,MTN,MD,AEA,EN,Federal Contract Tower,0,2,26,0,28,0,0,70,0,70,0,2,96,0,98,42,0,42,140
01/30/2007,MTN,MD,AEA,EN,Federal Contract Tower,0,10,38,3,51,0,9,127,4,140,0,19,165,7,191,100,4,104,295
01/31/2007,MTN,MD,AEA,EN,Federal Contract Tower,0,5,45,8,58,0,4,97,4,105,0,9,142,12,163,84,2,86,249
02/01/2007,MTN,MD,AEA,EN,Federal Contract Tower,0,5,22,2,29,0,0,78,5,83,0,5,100,7,112,72,0,72,184
02/02/2007,MTN,MD,AEA,EN,Federal Contract Tower,0,4,21,7,32,0,1,32,2,35,0,5,53,9,67,46,0,46,113
02/03/2007,MTN,MD,AEA,EN,Federal Contract Tower,0,1,18,1,20,0,0,70,0,70,0,1,88,1,90,56,0,56,146
02/04/2007,MTN,MD,AEA,EN,Federal Contract Tower,0,2,13,2,17,0,0,55,1,56,0,2,68,3,73,72,0,72,145
02/05/2007,MTN,MD,AEA,EN,Federal Contract Tower,0,6,15,0,21,0,4,78,0,82,0,10,93,0,103,38,0,38,141
02/06/2007,MTN,MD,AEA,EN,Federal Contract Tower,0,8,22,2,32,0,4,117,4,125,0,12,139,6,157,18,0,18,175
02/07/2007,MTN,MD,AEA,EN,Federal Contract Tower,0,8,37,6,51,0,0,69,7,76,0,8,106,13,127,0,2,2,129
02/08/2007,MTN,MD,AEA,EN,Federal Contract Tower,0,11,30,12,53,0,8,69,11,88,0,19,99,23,141,0,0,0,141
02/09/2007,MTN,MD,AEA,EN,Federal Contract Tower,0,4,28,3,35,0,1,77,4,82,0,5,105,7,117,42,4,46,163
02/10/2007,MTN,MD,AEA,EN,Federal Contract Tower,0,4,10,5,19,0,1,76,3,80,0,5,86,8,99,100,6,106,205
02/11/2007,MTN,MD,AEA,EN,Federal Contract Tower,0,4,34,2,40,0,0,111,0,111,0,4,145,2,151,114,0,114,265
02/12/2007,MTN,MD,AEA,EN,Federal Contract Tower,0,6,29,1,36,0,0,110,0,110,0,6,139,1,146,86,10,96,242
02/13/2007,MTN,MD,AEA,EN,Federal Contract Tower,0,2,10,0,12,0,0,2,0,2,0,2,12,0,14,2,0,2,16
02/14/2007,MTN,MD,AEA,EN,Federal Contract Tower,0,4,5,1,10,0,0,8,0,8,0,4,13,1,18,6,0,6,24
02/15/2007,MTN,MD,AEA,EN,Federal Contract Tower,0,9,31,9,49,0,2,103,4,109,0,11,134,13,158,70,0,70,228
02/16/2007,MTN,MD,AEA,EN,Federal Contract Tower,0,5,35,3,43,0,2,85,0,87,0,7,120,3,130,54,4,58,188
02/17/2007,MTN,MD,AEA,EN,Federal Contract Tower,0,2,19,2,23,0,4,102,0,106,0,6,121,2,129,112,0,112,241
02/18/2007,MTN,MD,AEA,EN,Federal Contract Tower,0,2,5,1,8,0,2,56,0,58,0,4,61,1,66,60,0,60,126
02/19/2007,MTN,MD,AEA,EN,Federal Contract Tower,0,4,28,1,33,0,3,75,0,78,0,7,103,1,111,58,0,58,169
02/20/2007,MTN,MD,AEA,EN,Federal Contract Tower,0,6,38,0,44,0,0,84,12,96,0,6,122,12,140,62,0,62,202
02/21/2007,MTN,MD,AEA,EN,Federal Contract Tower,0,13,43,12,68,0,6,162,10,178,0,19,205,22,246,114,14,128,374
02/22/2007,MTN,MD,AEA,EN,Federal Contract Tower,0,11,40,11,62,0,3,77,4,84,0,14,117,15,146,78,0,78,224
02/23/2007,MTN,MD,AEA,EN,Federal Contract Tower,0,3,29,7,39,0,1,64,11,76,0,4,93,18,115,22,10,32,147
02/24/2007,MTN,MD,AEA,EN,Federal Contract Tower,0,4,40,1,45,0,2,118,0,120,0,6,158,1,165,132,0,132,297
02/25/2007,MTN,MD,AEA,EN,Federal Contract Tower,0,2,12,0,14,0,0,0,0,0,0,2,12,0,14,0,0,0,14
02/26/2007,MTN,MD,AEA,EN,Federal Contract Tower,0,12,16,0,28,0,1,42,0,43,0,13,58,0,71,4,0,4,75
02/27/2007,MTN,MD,AEA,EN,Federal Contract Tower,0,6,40,11,57,0,1,115,13,129,0,7,155,24,186,122,4,126,312
02/28/2007,MTN,MD,AEA,EN,Federal Contract Tower,0,4,37,14,55,0,4,144,26,174,0,8,181,40,229,130,26,156,385
03/01/2007,MTN,MD,AEA,EN,Federal Contract Tower,0,6,34,8,48,0,3,113,16,132,0,9,147,24,180,118,4,122,302
03/02/2007,MTN,MD,AEA,EN,Federal Contract Tower,0,6,26,9,41,0,1,52,12,65,0,7,78,21,106,18,14,32,138
03/03/2007,MTN,MD,AEA,EN,Federal Contract Tower,0,3,27,0,30,0,2,113,2,117,0,5,140,2,147,62,0,62,209
03/04/2007,MTN,MD,AEA,EN,Federal Contract Tower,0,5,30,8,43,0,2,41,7,50,0,7,71,15,93,6,0,6,99
03/05/2007,MTN,MD,AEA,EN,Federal Contract Tower,0,10,20,0,30,0,4,45,0,49,0,14,65,0,79,8,0,8,87
03/06/2007,MTN,MD,AEA,EN,Federal Contract Tower,0,6,25,6,37,0,3,30,10,43,0,9,55,16,80,32,14,46,126
03/07/2007,MTN,MD,AEA,EN,Federal Contract Tower,0,6,18,2,26,0,0,12,0,12,0,6,30,2,38,4,0,4,42
03/08/2007,MTN,MD,AEA,EN,Federal Contract Tower,0,4,42,11,57,0,1,125,22,148,0,5,167,33,205,130,0,130,335
03/09/2007,MTN,MD,AEA,EN,Federal Contract Tower,0,13,54,6,73,0,2,140,13,155,0,15,194,19,228,90,12,102,330
03/10/2007,MTN,MD,AEA,EN,Federal Contract Tower,0,0,40,0,40,0,1,82,0,83,0,1,122,0,123,114,0,114,237
03/11/2007,MTN,MD,AEA,EN,Federal Contract Tower,0,4,30,2,36,0,3,90,0,93,0,7,120,2,129,80,0,80,209
03/12/2007,MTN,MD,AEA,EN,Federal Contract Tower,0,7,18,0,25,0,7,97,6,110,0,14,115,6,135,64,0,64,199
03/13/2007,MTN,MD,AEA,EN,Federal Contract Tower,0,4,31,7,42,0,3,160,23,186,0,7,191,30,228,112,10,122,350
03/14/2007,MTN,MD,AEA,EN,Federal Contract Tower,0,11,30,14,55,0,13,118,18,149,0,24,148,32,204,78,8,86,290
03/15/2007,MTN,MD,AEA,EN,Federal Contract Tower,0,9,26,11,46,0,2,78,17,97,0,11,104,28,143,52,8,60,203
03/16/2007,MTN,MD,AEA,EN,Federal Contract Tower,0,5,13,2,20,0,1,3,0,4,0,6,16,2,24,0,0,0,24
03/17/2007,MTN,MD,AEA,EN,Federal Contract Tower,0,1,16,0,17,0,3,23,0,26,0,4,39,0,43,34,0,34,77
03/18/2007,MTN,MD,AEA,EN,Federal Contract Tower,0,4,25,3,32,0,3,62,9,74,0,7,87,12,106,6,0,6,112
03/19/2007,MTN,MD,AEA,EN,Federal Contract Tower,0,10,20,0,30,0,2,116,0,118,0,12,136,0,148,44,0,44,192
03/20/2007,MTN,MD,AEA,EN,Federal Contract Tower,0,4,43,9,56,0,2,109,18,129,0,6,152,27,185,76,8,84,269
03/21/2007,MTN,MD,AEA,EN,Federal Contract Tower,0,7,38,10,55,0,0,132,11,143,0,7,170,21,198,122,0,122,320
03/22/2007,MTN,MD,AEA,EN,Federal Contract Tower,0,4,37,9,50,0,8,121,7,136,0,12,158,16,186,94,0,94,280
03/23/2007,MTN,MD,AEA,EN,Federal Contract Tower,0,9,36,8,53,0,1,88,6,95,0,10,124,14,148,60,2,62,210
03/24/2007,MTN,MD,AEA,EN,Federal Contract Tower,0,1,33,1,35,0,0,19,2,21,0,1,52,3,56,12,4,16,72
03/25/2007,MTN,MD,AEA,EN,Federal Contract Tower,0,3,42,1,46,0,6,141,4,151,0,9,183,5,197,146,2,148,345
03/26/2007,MTN,MD,AEA,EN,Federal Contract Tower,0,7,33,0,40,0,0,92,2,94,0,7,125,2,134,52,0,52,186
03/27/2007,MTN,MD,AEA,EN,Federal Contract Tower,0,3,45,7,55,0,14,111,6,131,0,17,156,13,186,120,16,136,322
03/28/2007,MTN,MD,AEA,EN,Federal Contract Tower,0,7,27,18,52,0,0,139,1,140,0,7,166,19,192,74,4,78,270
03/29/2007,MTN,MD,AEA,EN,Federal Contract Tower,0,6,42,19,67,0,2,116,8,126,0,8,158,27,193,64,8,72,265
03/30/2007,MTN,MD,AEA,EN,Federal Contract Tower,0,2,33,5,40,0,2,179,9,190,0,4,212,14,230,176,2,178,408
03/31/2007,MTN,MD,AEA,EN,Federal Contract Tower,0,2,30,1,33,0,1,166,4,171,0,3,196,5,204,122,0,122,326
04/01/2007,MTN,MD,AEA,EN,Federal Contract Tower,0,4,35,0,39,0,5,52,2,59,0,9,87,2,98,90,2,92,190
04/02/2007,MTN,MD,AEA,EN,Federal Contract Tower,0,8,26,3,37,0,9,111,0,120,0,17,137,3,157,40,0,40,197
04/03/2007,MTN,MD,AEA,EN,Federal Contract Tower,0,6,48,16,70,0,9,94,12,115,0,15,142,28,185,46,0,46,231
04/04/2007,MTN,MD,AEA,EN,Federal Contract Tower,0,5,30,16,51,0,0,35,3,38,0,5,65,19,89,24,0,24,113
04/05/2007,MTN,MD,AEA,EN,Federal Contract Tower,0,8,40,13,61,0,1,67,0,68,0,9,107,13,129,42,6,48,177
04/06/2007,MTN,MD,AEA,EN,Federal Contract Tower,0,5,35,12,52,0,4,109,2,115,0,9,144,14,167,78,8,86,253
04/07/2007,MTN,MD,AEA,EN,Federal Contract Tower,0,6,18,0,24,0,3,53,0,56,0,9,71,0,80,54,0,54,134
04/08/2007,MTN,MD,AEA,EN,Federal Contract Tower,0,0,16,0,16,0,3,26,0,29,0,3,42,0,45,6,0,6,51
04/09/2007,MTN,MD,AEA,EN,Federal Contract Tower,0,11,49,2,62,0,4,122,14,140,0,15,171,16,202,78,0,78,280
04/10/2007,MTN,MD,AEA,EN,Federal Contract Tower,0,11,32,11,54,0,0,127,4,131,0,11,159,15,185,157,8,165,350
04/11/2007,MTN,MD,AEA,EN,Federal Contract Tower,0,8,36,13,57,0,10,105,3,118,0,18,141,16,175,210,4,214,389
04/12/2007,MTN,MD,AEA,EN,Federal Contract Tower,0,6,41,9,56,0,0,76,16,92,0,6,117,25,148,84,0,84,232
04/13/2007,MTN,MD,AEA,EN,Federal Contract Tower,0,9,43,18,70,0,5,93,20,118,0,14,136,38,188,24,10,34,222
04/14/2007,MTN,MD,AEA,EN,Federal Contract Tower,0,5,30,16,51,0,6,83,12,101,0,11,113,28,152,56,18,74,226
04/15/2007,MTN,MD,AEA,EN,Federal Contract Tower,0,5,19,0,24,0,6,11,0,17,0,11,30,0,41,0,0,0,41
04/16/2007,MTN,MD,AEA,EN,Federal Contract Tower,0,4,12,0,16,0,0,6,0,6,0,4,18,0,22,0,0,0,22
04/17/2007,MTN,MD,AEA,EN,Federal Contract Tower,0,4,37,25,66,0,8,56,10,74,0,12,93,35,140,14,2,16,156
04/18/2007,MTN,MD,AEA,EN,Federal Contract Tower,0,7,53,13,73,0,4,147,17,168,0,11,200,30,241,128,16,144,385
04/19/2007,MTN,MD,AEA,EN,Federal Contract Tower,0,8,59,8,75,0,5,107,25,137,0,13,166,33,212,94,6,100,312
04/20/2007,MTN,MD,AEA,EN,Federal Contract Tower,0,1,52,8,61,0,2,180,3,185,0,3,232,11,246,160,10,170,416
04/21/2007,MTN,MD,AEA,EN,Federal Contract Tower,0,0,32,0,32,0,3,200,0,203,0,3,232,0,235,182,0,182,417
04/22/2007,MTN,MD,AEA,EN,Federal Contract Tower,0,2,48,0,50,0,9,138,0,147,0,11,186,0,197,94,0,94,291
04/23/2007,MTN,MD,AEA,EN,Federal Contract Tower,0,11,36,0,47,0,0,135,0,135,0,11,171,0,182,96,0,96,278
04/24/2007,MTN,MD,AEA,EN,Federal Contract Tower,0,9,35,15,59,0,0,145,6,151,0,9,180,21,210,64,12,76,286
04/25/2007,MTN,MD,AEA,EN,Federal Contract Tower,0,10,37,14,61,0,5,122,22,149,0,15,159,36,210,130,22,152,362
04/26/2007,MTN,MD,AEA,EN,Federal Contract Tower,0,11,49,19,79,0,1,103,15,119,0,12,152,34,198,102,4,106,304
04/27/2007,MTN,MD,AEA,EN,Federal Contract Tower,0,3,40,1,44,0,4,38,0,42,0,7,78,1,86,0,0,0,86
04/28/2007,MTN,MD,AEA,EN,Federal Contract Tower,0,3,29,0,32,0,9,100,3,112,0,12,129,3,144,58,0,58,202
04/29/2007,MTN,MD,AEA,EN,Federal Contract Tower,0,7,48,0,55,0,0,87,1,88,0,7,135,1,143,78,4,82,225
04/30/2007,MTN,MD,AEA,EN,Federal Contract Tower,0,8,24,2,34,0,0,104,0,104,0,8,128,2,138,56,0,56,194
05/01/2007,MTN,MD,AEA,EN,Federal Contract Tower,0,7,37,8,52,0,3,134,6,143,0,10,171,14,195,94,0,94,289
05/02/2007,MTN,MD,AEA,EN,Federal Contract Tower,0,8,34,4,46,0,2,123,5,130,0,10,157,9,176,50,0,50,226
05/03/2007,MTN,MD,AEA,EN,Federal Contract Tower,0,16,40,7,63,0,0,150,11,161,0,16,190,18,224,110,0,110,334
05/04/2007,MTN,MD,AEA,EN,Federal Contract Tower,0,10,37,3,50,0,3,174,7,184,0,13,211,10,234,138,0,138,372
05/05/2007,MTN,MD,AEA,EN,Federal Contract Tower,0,2,39,11,52,0,16,132,0,148,0,18,171,11,200,94,2,96,296
05/06/2007,MTN,MD,AEA,EN,Federal Contract Tower,0,17,30,0,47,0,14,58,8,80,0,31,88,8,127,46,6,52,179
05/07/2007,MTN,MD,AEA,EN,Federal Contract Tower,0,14,30,2,46,0,2,124,0,126,0,16,154,2,172,58,0,58,230
05/08/2007,MTN,MD,AEA,EN,Federal Contract Tower,0,6,41,9,56,0,9,150,12,171,0,15,191,21,227,66,6,72,299
05/09/2007,MTN,MD,AEA,EN,Federal Contract Tower,0,5,34,4,43,0,0,97,0,97,0,5,131,4,140,132,0,132,272
05/10/2007,MTN,MD,AEA,EN,Federal Contract Tower,0,6,43,5,54,0,3,84,1,88,0,9,127,6,142,54,0,54,196
05/11/2007,MTN,MD,AEA,EN,Federal Contract Tower,0,7,49,6,62,0,8,120,1,129,0,15,169,7,191,190,0,190,381
05/12/2007,MTN,MD,AEA,EN,Federal Contract Tower,0,2,30,2,34,0,2,214,1,217,0,4,244,3,251,134,0,134,385
05/13/2007,MTN,MD,AEA,EN,Federal Contract Tower,0,4,32,1,37,0,6,87,0,93,0,10,119,1,130,120,0,120,250
05/14/2007,MTN,MD,AEA,EN,Federal Contract Tower,0,11,41,4,56,0,4,108,0,112,0,15,149,4,168,122,0,122,290
05/15/2007,MTN,MD,AEA,EN,Federal Contract Tower,0,11,34,7,52,0,6,123,7,136,0,17,157,14,188,102,6,108,296
05/16/2007,MTN,MD,AEA,EN,Federal Contract Tower,0,14,30,7,51,0,1,54,6,61,0,15,84,13,112,0,0,0,112
05/17/2007,MTN,MD,AEA,EN,Federal Contract Tower,0,14,55,7,76,0,3,136,37,176,0,17,191,44,252,162,0,162,414
05/18/2007,MTN,MD,AEA,EN,Federal Contract Tower,0,9,42,12,63,0,1,89,5,95,0,10,131,17,158,80,22,102,260
05/19/2007,MTN,MD,AEA,EN,Federal Contract Tower,0,9,42,3,54,0,12,163,19,194,0,21,205,22,248,108,24,132,380
05/20/2007,MTN,MD,AEA,EN,Federal Contract Tower,0,9,38,0,47,0,8,94,0,102,0,17,132,0,149,88,2,90,239
05/21/2007,MTN,MD,AEA,EN,Federal Contract Tower,0,15,50,0,65,0,7,154,10,171,0,22,204,10,236,112,4,116,352
05/22/2007,MTN,MD,AEA,EN,Federal Contract Tower,0,9,46,11,66,0,2,166,4,172,0,11,212,15,238,164,6,170,408
05/23/2007,MTN,MD,AEA,EN,Federal Contract Tower,0,8,53,9,70,0,1,149,5,155,0,9,202,14,225,136,0,136,361
05/24/2007,MTN,MD,AEA,EN,Federal Contract Tower,0,11,43,16,70,0,0,148,8,156,0,11,191,24,226,110,24,134,360
05/25/2007,MTN,MD,AEA,EN,Federal Contract Tower,0,18,33,0,51,0,2,163,0,165,0,20,196,0,216,84,0,84,300
05/26/2007,MTN,MD,AEA,EN,Federal Contract Tower,0,2,40,1,43,0,9,145,0,154,0,11,185,1,197,94,0,94,291
05/27/2007,MTN,MD,AEA,EN,Federal Contract Tower,0,0,17,0,17,0,3,94,2,99,0,3,111,2,116,140,0,140,256
05/28/2007,MTN,MD,AEA,EN,Federal Contract Tower,0,6,50,1,57,0,7,107,0,114,0,13,157,1,171,76,0,76,247
05/29/2007,MTN,MD,AEA,EN,Federal Contract Tower,0,18,46,0,64,0,4,163,0,167,0,22,209,0,231,58,0,58,289
05/30/2007,MTN,MD,AEA,EN,Federal Contract Tower,0,9,31,12,52,0,0,137,5,142,0,9,168,17,194,78,22,100,294
05/31/2007,MTN,MD,AEA,EN,Federal Contract Tower,0,10,43,17,70,0,4,130,16,150,0,14,173,33,220,46,6,52,272
06/01/2007,MTN,MD,AEA,EN,Federal Contract Tower,0,4,37,13,54,0,9,143,0,152,0,13,180,13,206,114,4,118,324
06/02/2007,MTN,MD,AEA,EN,Federal Contract Tower,0,5,17,4,26,0,6,99,0,105,0,11,116,4,131,84,0,84,215
06/03/2007,MTN,MD,AEA,EN,Federal Contract Tower,0,4,35,0,39,0,0,19,0,19,0,4,54,0,58,52,0,52,110
06/04/2007,MTN,MD,AEA,EN,Federal Contract Tower,0,15,30,0,45,0,2,90,4,96,0,17,120,4,141,26,0,26,167
06/05/2007,MTN,MD,AEA,EN,Federal Contract Tower,0,5,40,16,61,0,0,124,10,134,0,5,164,26,195,112,2,114,309
06/06/2007,MTN,MD,AEA,EN,Federal Contract Tower,0,8,50,21,79,0,3,163,27,193,0,11,213,48,272,134,0,134,406
06/07/2007,MTN,MD,AEA,EN,Federal Contract Tower,0,12,32,17,61,0,1,122,11,134,0,13,154,28,195,144,20,164,359
06/08/2007,MTN,MD,AEA,EN,Federal Contract Tower,0,10,30,3,43,0,4,126,2,132,0,14,156,5,175,62,0,62,237
06/09/2007,MTN,MD,AEA,EN,Federal Contract Tower,0,4,27,6,37,0,10,113,14,137,0,14,140,20,174,48,4,52,226
06/10/2007,MTN,MD,AEA,EN,Federal Contract Tower,0,12,36,1,49,0,4,92,0,96,0,16,128,1,145,60,0,60,205
06/11/2007,MTN,MD,AEA,EN,Federal Contract Tower,0,8,37,0,45,0,3,128,0,131,0,11,165,0,176,106,0,106,282
06/12/2007,MTN,MD,AEA,EN,Federal Contract Tower,0,6,35,13,54,0,1,101,9,111,0,7,136,22,165,76,2,78,243
06/13/2007,MTN,MD,AEA,EN,Federal Contract Tower,0,12,30,16,58,0,2,120,7,129,0,14,150,23,187,72,8,80,267
06/14/2007,MTN,MD,AEA,EN,Federal Contract Tower,0,14,44,19,77,0,4,175,9,188,0,18,219,28,265,120,16,136,401
06/15/2007,MTN,MD,AEA,EN,Federal Contract Tower,0,7,30,13,50,0,11,178,14,203,0,18,208,27,253,122,16,138,391
06/16/2007,MTN,MD,AEA,EN,Federal Contract Tower,0,3,35,0,38,0,0,132,0,132,0,3,167,0,170,120,0,120,290
06/17/2007,MTN,MD,AEA,EN,Federal Contract Tower,0,9,22,0,31,0,0,143,0,143,0,9,165,0,174,100,0,100,274
06/18/2007,MTN,MD,AEA,EN,Federal Contract Tower,0,14,45,0,59,0,0,124,0,124,0,14,169,0,183,30,0,30,213
06/19/2007,MTN,MD,AEA,EN,Federal Contract Tower,0,11,37,20,68,0,2,154,4,160,0,13,191,24,228,24,8,32,260
06/20/2007,MTN,MD,AEA,EN,Federal Contract Tower,0,7,31,17,55,0,6,126,1,133,0,13,157,18,188,56,0,56,244
06/21/2007,MTN,MD,AEA,EN,Federal Contract Tower,0,6,40,11,57,0,1,135,13,149,0,7,175,24,206,104,2,106,312
06/22/2007,MTN,MD,AEA,EN,Federal Contract Tower,0,4,53,9,66,0,11,207,14,232,0,15,260,23,298,52,12,64,362
06/23/2007,MTN,MD,AEA,EN,Federal Contract Tower,0,7,33,2,42,0,0,181,0,181,0,7,214,2,223,58,0,58,281
06/24/2007,MTN,MD,AEA,EN,Federal Contract Tower,0,9,37,1,47,0,0,133,0,133,0,9,170,1,180,108,0,108,288
06/25/2007,MTN,MD,AEA,EN,Federal Contract Tower,0,8,36,6,50,0,0,93,4,97,0,8,129,10,147,24,0,24,171
06/26/2007,MTN,MD,AEA,EN,Federal Contract Tower,0,12,44,16,72,0,0,120,0,120,0,12,164,16,192,58,6,64,256
06/27/2007,MTN,MD,AEA,EN,Federal Contract Tower,0,15,46,7,68,0,1,103,11,115,0,16,149,18,183,74,0,74,257
06/28/2007,MTN,MD,AEA,EN,Federal Contract Tower,0,11,28,9,48,0,3,136,15,154,0,14,164,24,202,50,2,52,254
06/29/2007,MTN,MD,AEA,EN,Federal Contract Tower,0,10,52,6,68,0,2,86,20,108,0,12,138,26,176,16,14,30,206
06/30/2007,MTN,MD,AEA,EN,Federal Contract Tower,0,6,35,1,42,0,0,152,0,152,0,6,187,1,194,132,0,132,326
07/01/2007,MTN,MD,AEA,EN,Federal Contract Tower,0,7,40,2,49,0,0,137,0,137,0,7,177,2,186,172,0,172,358
07/02/2007,MTN,MD,AEA,EN,Federal Contract Tower,0,10,29,0,39,0,0,144,0,144,0,10,173,0,183,126,0,126,309
07/03/2007,MTN,MD,AEA,EN,Federal Contract Tower,0,10,26,8,44,0,0,152,9,161,0,10,178,17,205,116,4,120,325
07/04/2007,MTN,MD,AEA,EN,Federal Contract Tower,0,3,18,0,21,0,2,90,8,100,0,5,108,8,121,40,0,40,161
07/05/2007,MTN,MD,AEA,EN,Federal Contract Tower,0,8,38,16,62,0,0,103,28,131,0,8,141,44,193,34,0,34,227
07/06/2007,MTN,MD,AEA,EN,Federal Contract Tower,0,10,40,10,60,0,0,164,16,180,0,10,204,26,240,55,0,55,295
07/07/2007,MTN,MD,AEA,EN,Federal Contract Tower,0,7,32,1,40,0,7,131,0,138,0,14,163,1,178,74,0,74,252
07/08/2007,MTN,MD,AEA,EN,Federal Contract Tower,0,2,41,0,43,0,3,133,0,136,0,5,174,0,179,120,0,120,299
07/09/2007,MTN,MD,AEA,EN,Federal Contract Tower,0,6,32,2,40,0,10,125,0,135,0,16,157,2,175,58,0,58,233
07/10/2007,MTN,MD,AEA,EN,Federal Contract Tower,0,7,36,9,52,0,0,107,5,112,0,7,143,14,164,66,4,70,234
07/11/2007,MTN,MD,AEA,EN,Federal Contract Tower,0,6,52,5,63,0,2,100,17,119,0,8,152,22,182,32,0,32,214
07/12/2007,MTN,MD,AEA,EN,Federal Contract Tower,0,5,50,15,70,0,4,155,2,161,0,9,205,17,231,182,14,196,427
07/13/2007,MTN,MD,AEA,EN,Federal Contract Tower,0,5,37,3,45,0,0,161,0,161,0,5,198,3,206,156,0,156,362
07/14/2007,MTN,MD,AEA,EN,Federal Contract Tower,0,1,43,0,44,0,5,166,4,175,0,6,209,4,219,88,0,88,307
07/15/2007,MTN,MD,AEA,EN,Federal Contract Tower,0,5,43,1,49,0,1,146,0,147,0,6,189,1,196,86,0,86,282
07/16/2007,MTN,MD,AEA,EN,Federal Contract Tower,0,14,46,10,70,0,0,125,16,141,0,14,171,26,211,76,0,76,287
07/17/2007,MTN,MD,AEA,EN,Federal Contract Tower,0,10,36,19,65,0,2,156,33,191,0,12,192,52,256,122,0,122,378
07/18/2007,MTN,MD,AEA,EN,Federal Contract Tower,0,7,48,19,74,0,0,130,26,156,0,7,178,45,230,80,4,84,314
07/19/2007,MTN,MD,AEA,EN,Federal Contract Tower,0,10,35,17,62,0,7,137,20,164,0,17,172,37,226,54,8,62,288
07/20/2007,MTN,MD,AEA,EN,Federal Contract Tower,0,3,56,17,76,0,0,131,7,138,0,3,187,24,214,124,0,124,338
07/21/2007,MTN,MD,AEA,EN,Federal Contract Tower,0,4,20,2,26,0,2,126,0,128,0,6,146,2,154,130,0,130,284
07/22/2007,MTN,MD,AEA,EN,Federal Contract Tower,0,2,48,5,55,0,4,90,2,96,0,6,138,7,151,124,0,124,275
07/23/2007,MTN,MD,AEA,EN,Federal Contract Tower,0,6,25,0,31,0,5,130,6,141,0,11,155,6,172,96,4,100,272
07/24/2007,MTN,MD,AEA,EN,Federal Contract Tower,0,11,50,15,76,0,0,160,12,172,0,11,210,27,248,70,0,70,318
07/25/2007,MTN,MD,AEA,EN,Federal Contract Tower,0,8,49,14,71,0,6,182,7,195,0,14,231,21,266,84,0,84,350
07/26/2007,MTN,MD,AEA,EN,Federal Contract Tower,0,16,50,15,81,0,1,144,14,159,0,17,194,29,240,42,2,44,284
07/27/2007,MTN,MD,AEA,EN,Federal Contract Tower,0,11,39,10,60,0,0,142,2,144,0,11,181,12,204,160,20,180,384
07/28/2007,MTN,MD,AEA,EN,Federal Contract Tower,0,2,36,0,38,0,8,116,0,124,0,10,152,0,162,118,0,118,280
07/29/2007,MTN,MD,AEA,EN,Federal Contract Tower,0,10,25,0,35,0,0,29,0,29,0,10,54,0,64,0,0,0,64
07/30/2007,MTN,MD,AEA,EN,Federal Contract Tower,0,12,51,0,63,0,3,80,0,83,0,15,131,0,146,80,0,80,226
07/31/2007,MTN,MD,AEA,EN,Federal Contract Tower,0,12,53,18,83,0,2,151,4,157,0,14,204,22,240,84,8,92,332
08/01/2007,MTN,MD,AEA,EN,Federal Contract Tower,0,10,30,19,59,0,5,128,37,170,0,15,158,56,229,98,10,108,337
08/02/2007,MTN,MD,AEA,EN,Federal Contract Tower,0,8,39,19,66,0,0,117,31,148,0,8,156,50,214,92,4,96,310
08/03/2007,MTN,MD,AEA,EN,Federal Contract Tower,0,11,38,13,62,0,2,147,17,166,0,13,185,30,228,106,18,124,352
08/04/2007,MTN,MD,AEA,EN,Federal Contract Tower,0,2,32,2,36,0,0,105,2,107,0,2,137,4,143,30,0,30,173
08/05/2007,MTN,MD,AEA,EN,Federal Contract Tower,0,5,31,1,37,0,4,85,8,97,0,9,116,9,134,24,0,24,158
08/06/2007,MTN,MD,AEA,EN,Federal Contract Tower,0,12,38,1,51,0,1,59,0,60,0,13,97,1,111,16,0,16,127
08/07/2007,MTN,MD,AEA,EN,Federal Contract Tower,0,10,35,13,58,0,4,104,17,125,0,14,139,30,183,94,2,96,279
08/08/2007,MTN,MD,AEA,EN,Federal Contract Tower,0,16,36,12,64,0,5,113,16,134,0,21,149,28,198,42,2,44,242
08/09/2007,MTN,MD,AEA,EN,Federal Contract Tower,0,13,29,6,48,0,4,79,5,88,0,17,108,11,136,70,0,70,206
08/10/2007,MTN,MD,AEA,EN,Federal Contract Tower,0,8,31,10,49,0,2,109,10,121,0,10,140,20,170,204,6,210,380
08/11/2007,MTN,MD,AEA,EN,Federal Contract Tower,0,7,37,3,47,0,0,129,0,129,0,7,166,3,176,164,0,164,340
08/12/2007,MTN,MD,AEA,EN,Federal Contract Tower,0,8,28,0,36,0,11,146,0,157,0,19,174,0,193,98,0,98,291
08/13/2007,MTN,MD,AEA,EN,Federal Contract Tower,0,16,30,7,53,0,3,141,0,144,0,19,171,7,197,92,0,92,289
08/14/2007,MTN,MD,AEA,EN,Federal Contract Tower,0,15,32,9,56,0,0,133,19,152,0,15,165,28,208,114,18,132,340
08/15/2007,MTN,MD,AEA,EN,Federal Contract Tower,0,16,55,15,86,0,1,136,25,162,0,17,191,40,248,140,14,154,402
08/16/2007,MTN,MD,AEA,EN,Federal Contract Tower,0,5,41,13,59,0,0,99,5,104,0,5,140,18,163,16,0,16,179
08/17/2007,MTN,MD,AEA,EN,Federal Contract Tower,0,12,34,9,55,0,0,131,11,142,0,12,165,20,197,78,10,88,285
08/18/2007,MTN,MD,AEA,EN,Federal Contract Tower,0,2,20,1,23,0,5,106,0,111,0,7,126,1,134,24,0,24,158
08/19/2007,MTN,MD,AEA,EN,Federal Contract Tower,0,0,19,0,19,0,0,57,0,57,0,0,76,0,76,34,2,36,112
08/20/2007,MTN,MD,AEA,EN,Federal Contract Tower,0,10,32,5,47,0,0,51,0,51,0,10,83,5,98,22,0,22,120
08/21/2007,MTN,MD,AEA,EN,Federal Contract Tower,0,7,27,2,36,0,3,14,0,17,0,10,41,2,53,0,0,0,53
08/22/2007,MTN,MD,AEA,EN,Federal Contract Tower,0,6,44,21,71,0,2,63,11,76,0,8,107,32,147,56,0,56,203
08/23/2007,MTN,MD,AEA,EN,Federal Contract Tower,0,10,60,14,84,0,1,65,18,84,0,11,125,32,168,62,0,62,230
08/24/2007,MTN,MD,AEA,EN,Federal Contract Tower,0,5,41,8,54,0,9,115,8,132,0,14,156,16,186,96,18,114,300
08/25/2007,MTN,MD,AEA,EN,Federal Contract Tower,0,1,29,2,32,0,0,83,0,83,0,1,112,2,115,26,0,26,141
08/26/2007,MTN,MD,AEA,EN,Federal Contract Tower,0,0,28,0,28,0,0,90,0,90,0,0,118,0,118,118,0,118,236
08/27/2007,MTN,MD,AEA,EN,Federal Contract Tower,0,11,35,0,46,0,1,149,0,150,0,12,184,0,196,88,0,88,284
08/28/2007,MTN,MD,AEA,EN,Federal Contract Tower,0,7,35,6,48,0,1,151,8,160,0,8,186,14,208,108,0,108,316
08/29/2007,MTN,MD,AEA,EN,Federal Contract Tower,0,4,52,7,63,0,1,103,10,114,0,5,155,17,177,78,0,78,255
08/30/2007,MTN,MD,AEA,EN,Federal Contract Tower,0,7,30,3,40,0,5,144,9,158,0,12,174,12,198,128,0,128,326
08/31/2007,MTN,MD,AEA,EN,Federal Contract Tower,0,5,42,11,58,0,7,146,14,167,0,12,188,25,225,156,6,162,387
09/01/2007,MTN,MD,AEA,EN,Federal Contract Tower,0,1,20,0,21,0,14,187,0,201,0,15,207,0,222,54,0,54,276
09/02/2007,MTN,MD,AEA,EN,Federal Contract Tower,0,2,26,0,28,0,3,139,0,142,0,5,165,0,170,50,0,50,220
09/03/2007,MTN,MD,AEA,EN,Federal Contract Tower,0,4,33,2,39,0,4,197,0,201,0,8,230,2,240,144,0,144,384
09/04/2007,MTN,MD,AEA,EN,Federal Contract Tower,0,9,29,0,38,0,3,116,0,119,0,12,145,0,157,72,0,72,229
09/05/2007,MTN,MD,AEA,EN,Federal Contract Tower,0,4,28,6,38,0,7,136,3,146,0,11,164,9,184,68,6,74,258
09/06/2007,MTN,MD,AEA,EN,Federal Contract Tower,0,10,47,1,58,0,4,123,48,175,0,14,170,49,233,48,0,48,281
09/07/2007,MTN,MD,AEA,EN,Federal Contract Tower,0,9,37,1,47,0,2,114,65,181,0,11,151,66,228,98,0,98,326
09/08/2007,MTN,MD,AEA,EN,Federal Contract Tower,0,6,25,13,44,0,5,206,33,244,0,11,231,46,288,106,0,106,394
09/09/2007,MTN,MD,AEA,EN,Federal Contract Tower,0,10,22,1,33,0,4,117,10,131,0,14,139,11,164,84,0,84,248
09/10/2007,MTN,MD,AEA,EN,Federal Contract Tower,0,9,29,3,41,0,10,115,3,128,0,19,144,6,169,70,0,70,239
09/11/2007,MTN,MD,AEA,EN,Federal Contract Tower,0,14,21,12,47,0,0,56,4,60,0,14,77,16,107,24,0,24,131
09/12/2007,MTN,MD,AEA,EN,Federal Contract Tower,0,9,24,2,35,0,7,134,2,143,0,16,158,4,178,118,2,120,298
09/13/2007,MTN,MD,AEA,EN,Federal Contract Tower,0,7,35,2,44,0,6,138,14,158,0,13,173,16,202,92,0,92,294
09/14/2007,MTN,MD,AEA,EN,Federal Contract Tower,0,4,38,4,46,0,4,107,8,119,0,8,145,12,165,76,0,76,241
09/15/2007,MTN,MD,AEA,EN,Federal Contract Tower,0,1,25,2,28,0,8,65,2,75,0,9,90,4,103,32,0,32,135
09/16/2007,MTN,MD,AEA,EN,Federal Contract Tower,0,1,31,3,35,0,18,161,4,183,0,19,192,7,218,68,0,68,286
09/17/2007,MTN,MD,AEA,EN,Federal Contract Tower,0,18,27,2,47,0,12,147,0,159,0,30,174,2,206,84,0,84,290
09/18/2007,MTN,MD,AEA,EN,Federal Contract Tower,0,5,37,3,45,0,10,145,0,155,0,15,182,3,200,54,0,54,254
09/19/2007,MTN,MD,AEA,EN,Federal Contract Tower,0,10,43,7,60,0,7,149,6,162,0,17,192,13,222,72,0,72,294
09/20/2007,MTN,MD,AEA,EN,Federal Contract Tower,0,11,32,4,47,0,2,154,18,174,0,13,186,22,221,94,4,98,319
09/21/2007,MTN,MD,AEA,EN,Federal Contract Tower,0,11,37,4,52,0,3,134,4,141,0,14,171,8,193,70,10,80,273
09/22/2007,MTN,MD,AEA,EN,Federal Contract Tower,0,3,21,0,24,0,0,106,0,106,0,3,127,0,130,74,0,74,204
09/23/2007,MTN,MD,AEA,EN,Federal Contract Tower,0,7,32,1,40,0,0,161,7,168,0,7,193,8,208,62,0,62,270
09/24/2007,MTN,MD,AEA,EN,Federal Contract Tower,0,8,24,0,32,0,7,114,4,125,0,15,138,4,157,22,0,22,179
09/25/2007,MTN,MD,AEA,EN,Federal Contract Tower,0,13,29,4,46,0,7,119,3,129,0,20,148,7,175,56,0,56,231
09/26/2007,MTN,MD,AEA,EN,Federal Contract Tower,0,8,38,8,54,0,3,110,8,121,0,11,148,16,175,64,0,64,239
09/27/2007,MTN,MD,AEA,EN,Federal Contract Tower,0,13,43,3,59,0,0,131,7,138,0,13,174,10,197,74,0,74,271
09/28/2007,MTN,MD,AEA,EN,Federal Contract Tower,0,7,48,3,58,0,4,114,0,118,0,11,162,3,176,30,0,30,206
09/29/2007,MTN,MD,AEA,EN,Federal Contract Tower,0,8,20,0,28,0,0,141,0,141,0,8,161,0,169,94,0,94,263
09/30/2007,MTN,MD,AEA,EN,Federal Contract Tower,0,3,36,0,39,0,3,119,0,122,0,6,155,0,161,112,0,112,273
10/01/2007,MTN,MD,AEA,EN,Federal Contract Tower,0,10,36,1,47,0,12,148,0,160,0,22,184,1,207,42,0,42,249
10/02/2007,MTN,MD,AEA,EN,Federal Contract Tower,0,8,39,6,53,0,7,99,3,109,0,15,138,9,162,68,0,68,230
10/03/2007,MTN,MD,AEA,EN,Federal Contract Tower,0,8,42,3,53,0,6,89,11,106,0,14,131,14,159,60,8,68,227
10/04/2007,MTN,MD,AEA,EN,Federal Contract Tower,0,14,24,0,38,0,6,80,8,94,0,20,104,8,132,62,0,62,194
10/05/2007,MTN,MD,AEA,EN,Federal Contract Tower,0,13,43,0,56,0,4,74,6,84,0,17,117,6,140,58,0,58,198
10/06/2007,MTN,MD,AEA,EN,Federal Contract Tower,0,2,22,0,24,0,3,124,0,127,0,5,146,0,151,124,0,124,275
10/07/2007,MTN,MD,AEA,EN,Federal Contract Tower,0,8,34,0,42,0,3,134,4,141,0,11,168,4,183,110,0,110,293
10/08/2007,MTN,MD,AEA,EN,Federal Contract Tower,0,8,53,0,61,0,18,97,4,119,0,26,150,4,180,26,0,26,206
10/09/2007,MTN,MD,AEA,EN,Federal Contract Tower,0,4,32,0,36,0,0,122,4,126,0,4,154,4,162,62,0,62,224
10/10/2007,MTN,MD,AEA,EN,Federal Contract Tower,0,10,39,5,54,0,0,118,15,133,0,10,157,20,187,44,0,44,231
10/11/2007,MTN,MD,AEA,EN,Federal Contract Tower,0,9,40,2,51,0,6,160,5,171,0,15,200,7,222,0,2,2,224
10/12/2007,MTN,MD,AEA,EN,Federal Contract Tower,0,2,29,4,35,0,17,163,11,191,0,19,192,15,226,14,0,14,240
10/13/2007,MTN,MD,AEA,EN,Federal Contract Tower,0,1,22,3,26,0,5,44,11,60,0,6,66,14,86,212,4,216,302
10/14/2007,MTN,MD,AEA,EN,Federal Contract Tower,0,6,30,2,38,0,0,126,2,128,0,6,156,4,166,34,0,34,200
10/15/2007,MTN,MD,AEA,EN,Federal Contract Tower,0,10,43,3,56,0,5,162,0,167,0,15,205,3,223,104,0,104,327
10/16/2007,MTN,MD,AEA,EN,Federal Contract Tower,0,12,48,8,68,0,0,142,11,153,0,12,190,19,221,48,0,48,269
10/17/2007,MTN,MD,AEA,EN,Federal Contract Tower,0,6,34,5,45,0,16,156,21,193,0,22,190,26,238,96,0,96,334
10/18/2007,MTN,MD,AEA,EN,Federal Contract Tower,0,13,22,1,36,0,0,133,5,138,0,13,155,6,174,0,0,0,174
10/19/2007,MTN,MD,AEA,EN,Federal Contract Tower,0,10,27,2,39,0,0,41,0,41,0,10,68,2,80,20,0,20,100
10/20/2007,MTN,MD,AEA,EN,Federal Contract Tower,0,4,21,1,26,0,0,46,0,46,0,4,67,1,72,22,0,22,94
10/21/2007,MTN,MD,AEA,EN,Federal Contract Tower,0,0,11,0,11,0,2,147,0,149,0,2,158,0,160,62,0,62,222
10/22/2007,MTN,MD,AEA,EN,Federal Contract Tower,0,16,34,1,51,0,0,107,4,111,0,16,141,5,162,42,0,42,204
10/23/2007,MTN,MD,AEA,EN,Federal Contract Tower,0,6,27,4,37,0,2,133,2,137,0,8,160,6,174,62,0,62,236
10/24/2007,MTN,MD,AEA,EN,Federal Contract Tower,0,6,49,6,61,0,3,62,5,70,0,9,111,11,131,0,4,4,135
10/25/2007,MTN,MD,AEA,EN,Federal Contract Tower,0,10,39,3,52,0,0,33,1,34,0,10,72,4,86,0,0,0,86
10/26/2007,MTN,MD,AEA,EN,Federal Contract Tower,0,8,32,5,45,0,2,0,0,2,0,10,32,5,47,0,0,0,47
10/27/2007,MTN,MD,AEA,EN,Federal Contract Tower,0,2,30,0,32,0,1,32,0,33,0,3,62,0,65,38,0,38,103
10/28/2007,MTN,MD,AEA,EN,Federal Contract Tower,0,5,20,1,26,0,1,100,0,101,0,6,120,1,127,50,0,50,177
10/29/2007,MTN,MD,AEA,EN,Federal Contract Tower,0,13,23,2,38,0,8,134,2,144,0,21,157,4,182,46,0,46,228
10/30/2007,MTN,MD,AEA,EN,Federal Contract Tower,0,12,18,10,40,0,9,170,5,184,0,21,188,15,224,68,0,68,292
10/31/2007,MTN,MD,AEA,EN,Federal Contract Tower,0,6,25,4,35,0,3,137,3,143,0,9,162,7,178,26,0,26,204
11/01/2007,MTN,MD,AEA,EN,Federal Contract Tower,0,11,32,5,48,0,0,127,10,137,0,11,159,15,185,38,8,46,231
11/02/2007,MTN,MD,AEA,EN,Federal Contract Tower,0,7,38,5,50,0,5,137,5,147,0,12,175,10,197,38,16,54,251
11/03/2007,MTN,MD,AEA,EN,Federal Contract Tower,0,4,23,0,27,0,8,80,4,92,0,12,103,4,119,76,0,76,195
11/04/2007,MTN,MD,AEA,EN,Federal Contract Tower,0,4,29,0,33,0,4,144,8,156,0,8,173,8,189,128,0,128,317
11/05/2007,MTN,MD,AEA,EN,Federal Contract Tower,0,7,26,2,35,0,0,107,0,107,0,7,133,2,142,78,0,78,220
11/06/2007,MTN,MD,AEA,EN,Federal Contract Tower,0,10,37,6,53,0,7,70,14,91,0,17,107,20,144,28,0,28,172
11/07/2007,MTN,MD,AEA,EN,Federal Contract Tower,0,13,26,8,47,0,8,109,21,138,0,21,135,29,185,28,8,36,221
11/08/2007,MTN,MD,AEA,EN,Federal Contract Tower,0,12,30,6,48,0,12,171,15,198,0,24,201,21,246,56,4,60,306
11/09/2007,MTN,MD,AEA,EN,Federal Contract Tower,0,3,26,3,32,0,2,103,1,106,0,5,129,4,138,40,2,42,180
11/10/2007,MTN,MD,AEA,EN,Federal Contract Tower,0,0,11,0,11,0,1,51,0,52,0,1,62,0,63,40,0,40,103
11/11/2007,MTN,MD,AEA,EN,Federal Contract Tower,0,2,15,0,17,0,7,150,0,157,0,9,165,0,174,150,0,150,324
11/12/2007,MTN,MD,AEA,EN,Federal Contract Tower,0,6,37,0,43,0,7,88,0,95,0,13,125,0,138,22,0,22,160
11/13/2007,MTN,MD,AEA,EN,Federal Contract Tower,0,0,27,1,28,0,8,66,6,80,0,8,93,7,108,56,0,56,164
11/14/2007,MTN,MD,AEA,EN,Federal Contract Tower,0,4,15,0,19,0,0,21,0,21,0,4,36,0,40,0,0,0,40
11/15/2007,MTN,MD,AEA,EN,Federal Contract Tower,0,7,31,0,38,0,4,41,4,49,0,11,72,4,87,18,0,18,105
11/16/2007,MTN,MD,AEA,EN,Federal Contract Tower,0,7,22,5,34,0,7,53,2,62,0,14,75,7,96,12,0,12,108
11/17/2007,MTN,MD,AEA,EN,Federal Contract Tower,0,3,20,5,28,0,0,115,0,115,0,3,135,5,143,92,0,92,235
11/18/2007,MTN,MD,AEA,EN,Federal Contract Tower,0,6,31,1,38,0,3,62,0,65,0,9,93,1,103,38,0,38,141
11/19/2007,MTN,MD,AEA,EN,Federal Contract Tower,0,10,33,6,49,0,0,13,0,13,0,10,46,6,62,0,0,0,62
11/20/2007,MTN,MD,AEA,EN,Federal Contract Tower,0,3,43,11,57,0,10,83,6,99,0,13,126,17,156,30,8,38,194
11/21/2007,MTN,MD,AEA,EN,Federal Contract Tower,0,6,50,3,59,0,6,139,0,145,0,12,189,3,204,144,0,144,348
11/22/2007,MTN,MD,AEA,EN,Federal Contract Tower,0,3,6,0,9,0,1,27,0,28,0,4,33,0,37,42,0,42,79
11/23/2007,MTN,MD,AEA,EN,Federal Contract Tower,0,2,22,0,24,0,0,67,0,67,0,2,89,0,91,50,0,50,141
11/24/2007,MTN,MD,AEA,EN,Federal Contract Tower,0,1,25,0,26,0,2,149,4,155,0,3,174,4,181,98,0,98,279
11/25/2007,MTN,MD,AEA,EN,Federal Contract Tower,0,4,45,0,49,0,4,102,0,106,0,8,147,0,155,64,0,64,219
11/26/2007,MTN,MD,AEA,EN,Federal Contract Tower,0,3,25,0,28,0,0,3,0,3,0,3,28,0,31,0,0,0,31
11/27/2007,MTN,MD,AEA,EN,Federal Contract Tower,0,5,36,8,49,0,0,51,2,53,0,5,87,10,102,22,0,22,124
11/28/2007,MTN,MD,AEA,EN,Federal Contract Tower,0,6,53,1,60,0,12,138,8,158,0,18,191,9,218,96,0,96,314
11/29/2007,MTN,MD,AEA,EN,Federal Contract Tower,0,6,27,2,35,0,11,174,24,209,0,17,201,26,244,54,22,76,320
11/30/2007,MTN,MD,AEA,EN,Federal Contract Tower,0,7,30,6,43,0,7,134,0,141,0,14,164,6,184,48,0,48,232
12/01/2007,MTN,MD,AEA,EN,Federal Contract Tower,0,2,15,7,24,0,2,132,14,148,0,4,147,21,172,150,4,154,326
12/02/2007,MTN,MD,AEA,EN,Federal Contract Tower,0,5,14,0,19,0,0,27,8,35,0,5,41,8,54,24,0,24,78
12/03/2007,MTN,MD,AEA,EN,Federal Contract Tower,0,4,23,0,27,0,2,24,0,26,0,6,47,0,53,8,0,8,61
12/04/2007,MTN,MD,AEA,EN,Federal Contract Tower,0,9,22,4,35,0,0,66,0,66,0,9,88,4,101,4,0,4,105
12/05/2007,MTN,MD,AEA,EN,Federal Contract Tower,0,4,27,0,31,0,0,8,0,8,0,4,35,0,39,0,0,0,39
12/06/2007,MTN,MD,AEA,EN,Federal Contract Tower,0,10,40,2,52,0,0,66,6,72,0,10,106,8,124,40,0,40,164
12/07/2007,MTN,MD,AEA,EN,Federal Contract Tower,0,10,31,2,43,0,0,40,0,40,0,10,71,2,83,20,0,20,103
12/08/2007,MTN,MD,AEA,EN,Federal Contract Tower,0,2,28,0,30,0,2,47,0,49,0,4,75,0,79,42,0,42,121
12/09/2007,MTN,MD,AEA,EN,Federal Contract Tower,0,0,17,2,19,0,0,5,0,5,0,0,22,2,24,4,0,4,28
12/10/2007,MTN,MD,AEA,EN,Federal Contract Tower,0,8,22,3,33,0,0,38,0,38,0,8,60,3,71,24,0,24,95
12/11/2007,MTN,MD,AEA,EN,Federal Contract Tower,0,1,19,2,22,0,0,20,0,20,0,1,39,2,42,24,0,24,66
12/12/2007,MTN,MD,AEA,EN,Federal Contract Tower,0,8,35,8,51,0,2,74,8,84,0,10,109,16,135,40,0,40,175
12/13/2007,MTN,MD,AEA,EN,Federal Contract Tower,0,5,32,4,41,0,0,11,4,15,0,5,43,8,56,0,0,0,56
12/14/2007,MTN,MD,AEA,EN,Federal Contract Tower,0,11,29,8,48,0,18,152,4,174,0,29,181,12,222,138,12,150,372
12/15/2007,MTN,MD,AEA,EN,Federal Contract Tower,0,1,7,1,9,0,0,87,0,87,0,1,94,1,96,42,0,42,138
12/16/2007,MTN,MD,AEA,EN,Federal Contract Tower,0,3,2,2,7,0,2,32,0,34,0,5,34,2,41,0,0,0,41
12/17/2007,MTN,MD,AEA,EN,Federal Contract Tower,0,6,18,2,26,0,7,72,0,79,0,13,90,2,105,24,0,24,129
12/18/2007,MTN,MD,AEA,EN,Federal Contract Tower,0,2,25,10,37,0,3,136,10,149,0,5,161,20,186,82,16,98,284
12/19/2007,MTN,MD,AEA,EN,Federal Contract Tower,0,4,28,6,38,0,3,151,31,185,0,7,179,37,223,78,0,78,301
12/20/2007,MTN,MD,AEA,EN,Federal Contract Tower,0,10,39,7,56,0,10,188,16,214,0,20,227,23,270,114,12,126,396
12/21/2007,MTN,MD,AEA,EN,Federal Contract Tower,0,8,45,7,60,0,0,108,8,116,0,8,153,15,176,40,18,58,234
12/22/2007,MTN,MD,AEA,EN,Federal Contract Tower,0,2,34,2,38,0,0,74,0,74,0,2,108,2,112,66,0,66,178
12/23/2007,MTN,MD,AEA,EN,Federal Contract Tower,0,1,8,1,10,0,0,0,0,0,0,1,8,1,10,0,0,0,10
12/24/2007,MTN,MD,AEA,EN,Federal Contract Tower,0,5,7,0,12,0,3,66,0,69,0,8,73,0,81,14,0,14,95
12/25/2007,MTN,MD,AEA,EN,Federal Contract Tower,0,2,10,0,12,0,0,21,0,21,0,2,31,0,33,20,0,20,53
12/26/2007,MTN,MD,AEA,EN,Federal Contract Tower,0,5,33,2,40,0,2,39,2,43,0,7,72,4,83,26,0,26,109
12/27/2007,MTN,MD,AEA,EN,Federal Contract Tower,0,1,28,7,36,0,1,83,6,90,0,2,111,13,126,42,6,48,174
12/28/2007,MTN,MD,AEA,EN,Federal Contract Tower,0,4,9,1,14,0,6,89,8,103,0,10,98,9,117,60,0,60,177
12/29/2007,MTN,MD,AEA,EN,Federal Contract Tower,0,1,14,2,17,0,3,108,0,111,0,4,122,2,128,78,0,78,206
12/30/2007,MTN,MD,AEA,EN,Federal Contract Tower,0,2,8,0,10,0,0,43,0,43,0,2,51,0,53,74,0,74,127
12/31/2007,MTN,MD,AEA,EN,Federal Contract Tower,0,5,10,0,15,0,6,101,0,107,0,11,111,0,122,88,0,88,210
01/01/2008,MTN,MD,AEA,EN,Federal Contract Tower,0,4,10,0,14,0,3,34,0,37,0,7,44,0,51,10,0,10,61
01/02/2008,MTN,MD,AEA,EN,Federal Contract Tower,0,1,20,8,29,0,0,48,2,50,0,1,68,10,79,12,0,12,91
01/03/2008,MTN,MD,AEA,EN,Federal Contract Tower,0,0,26,4,30,0,4,149,0,153,0,4,175,4,183,88,2,90,273
01/04/2008,MTN,MD,AEA,EN,Federal Contract Tower,0,2,16,6,24,0,0,144,6,150,0,2,160,12,174,92,4,96,270
01/05/2008,MTN,MD,AEA,EN,Federal Contract Tower,0,2,20,0,22,0,6,120,0,126,0,8,140,0,148,64,0,64,212
01/06/2008,MTN,MD,AEA,EN,Federal Contract Tower,0,4,28,0,32,0,9,116,0,125,0,13,144,0,157,44,0,44,201
01/07/2008,MTN,MD,AEA,EN,Federal Contract Tower,0,4,13,0,17,0,0,145,2,147,0,4,158,2,164,58,0,58,222
01/08/2008,MTN,MD,AEA,EN,Federal Contract Tower,0,5,19,19,43,0,0,136,4,140,0,5,155,23,183,136,2,138,321
01/09/2008,MTN,MD,AEA,EN,Federal Contract Tower,0,3,19,8,30,0,0,73,9,82,0,3,92,17,112,14,8,22,134
01/10/2008,MTN,MD,AEA,EN,Federal Contract Tower,0,0,33,8,41,0,3,124,7,134,0,3,157,15,175,28,0,28,203
01/11/2008,MTN,MD,AEA,EN,Federal Contract Tower,0,0,18,5,23,0,1,57,4,62,0,1,75,9,85,28,0,28,113
01/12/2008,MTN,MD,AEA,EN,Federal Contract Tower,0,2,13,15,30,0,0,187,20,207,0,2,200,35,237,120,8,128,365
01/13/2008,MTN,MD,AEA,EN,Federal Contract Tower,0,3,13,2,18,0,0,85,8,93,0,3,98,10,111,66,4,70,181
01/14/2008,MTN,MD,AEA,EN,Federal Contract Tower,0,3,34,0,37,0,0,92,0,92,0,3,126,0,129,34,0,34,163
01/15/2008,MTN,MD,AEA,EN,Federal Contract Tower,0,10,19,5,34,0,4,114,6,124,0,14,133,11,158,48,10,58,216
01/16/2008,MTN,MD,AEA,EN,Federal Contract Tower,0,4,31,13,48,0,0,127,6,133,0,4,158,19,181,56,0,56,237
01/17/2008,MTN,MD,AEA,EN,Federal Contract Tower,0,2,15,3,20,0,1,16,3,20,0,3,31,6,40,10,2,12,52
01/18/2008,MTN,MD,AEA,EN,Federal Contract Tower,0,3,23,10,36,0,0,85,11,96,0,3,108,21,132,24,2,26,158
01/19/2008,MTN,MD,AEA,EN,Federal Contract Tower,0,3,12,2,17,0,0,135,0,135,0,3,147,2,152,104,0,104,256
01/20/2008,MTN,MD,AEA,EN,Federal Contract Tower,0,4,7,2,13,0,1,48,0,49,0,5,55,2,62,0,0,0,62
01/21/2008,MTN,MD,AEA,EN,Federal Contract Tower,0,0,32,0,32,0,0,122,0,122,0,0,154,0,154,62,0,62,216
01/22/2008,MTN,MD,AEA,EN,Federal Contract Tower,0,4,24,0,28,0,3,56,3,62,0,7,80,3,90,12,0,12,102
01/23/2008,MTN,MD,AEA,EN,Federal Contract Tower,0,6,48,15,69,0,0,112,7,119,0,6,160,22,188,62,10,72,260
01/24/2008,MTN,MD,AEA,EN,Federal Contract Tower,0,6,28,8,42,0,2,74,13,89,0,8,102,21,131,34,0,34,165
01/25/2008,MTN,MD,AEA,EN,Federal Contract Tower,0,1,27,6,34,0,0,120,3,123,0,1,147,9,157,74,12,86,243
01/26/2008,MTN,MD,AEA,EN,Federal Contract Tower,0,2,18,1,21,0,6,122,0,128,0,8,140,1,149,104,0,104,253
01/27/2008,MTN,MD,AEA,EN,Federal Contract Tower,0,4,23,1,28,0,0,118,1,119,0,4,141,2,147,82,0,82,229
01/28/2008,MTN,MD,AEA,EN,Federal Contract Tower,0,11,20,4,35,0,8,134,0,142,0,19,154,4,177,44,0,44,221
01/29/2008,MTN,MD,AEA,EN,Federal Contract Tower,0,12,24,8,44,0,0,61,0,61,0,12,85,8,105,14,0,14,119
01/30/2008,MTN,MD,AEA,EN,Federal Contract Tower,0,7,19,5,31,0,0,43,11,54,0,7,62,16,85,0,0,0,85
01/31/2008,MTN,MD,AEA,EN,Federal Contract Tower,0,4,26,11,41,0,4,171,10,185,0,8,197,21,226,42,0,42,268
02/01/2008,MTN,MD,AEA,EN,Federal Contract Tower,0,5,14,1,20,0,0,21,0,21,0,5,35,1,41,0,0,0,41
02/02/2008,MTN,MD,AEA,EN,Federal Contract Tower,0,0,13,2,15,0,3,111,0,114,0,3,124,2,129,120,0,120,249
02/03/2008,MTN,MD,AEA,EN,Federal Contract Tower,0,4,15,1,20,0,3,97,2,102,0,7,112,3,122,42,0,42,164
02/04/2008,MTN,MD,AEA,EN,Federal Contract Tower,0,8,31,0,39,0,2,95,0,97,0,10,126,0,136,54,0,54,190
02/05/2008,MTN,MD,AEA,EN,Federal Contract Tower,0,2,28,16,46,0,0,49,9,58,0,2,77,25,104,24,4,28,132
02/06/2008,MTN,MD,AEA,EN,Federal Contract Tower,0,6,31,13,50,0,5,132,13,150,0,11,163,26,200,76,20,96,296
02/07/2008,MTN,MD,AEA,EN,Federal Contract Tower,0,5,32,13,50,0,7,110,32,149,0,12,142,45,199,106,0,106,305
02/08/2008,MTN,MD,AEA,EN,Federal Contract Tower,0,4,26,12,42,0,5,168,10,183,0,9,194,22,225,152,54,206,431
02/09/2008,MTN,MD,AEA,EN,Federal Contract Tower,0,0,6,13,19,0,7,121,15,143,0,7,127,28,162,164,0,164,326
02/10/2008,MTN,MD,AEA,EN,Federal Contract Tower,0,2,14,1,17,0,0,21,4,25,0,2,35,5,42,14,0,14,56
02/11/2008,MTN,MD,AEA,EN,Federal Contract Tower,0,9,15,2,26,0,3,113,0,116,0,12,128,2,142,76,0,76,218
02/12/2008,MTN,MD,AEA,EN,Federal Contract Tower,0,6,24,10,40,0,0,36,4,40,0,6,60,14,80,8,0,8,88
02/13/2008,MTN,MD,AEA,EN,Federal Contract Tower,0,7,12,2,21,0,0,13,0,13,0,7,25,2,34,0,0,0,34
02/14/2008,MTN,MD,AEA,EN,Federal Contract Tower,0,8,24,4,36,0,2,116,15,133,0,10,140,19,169,80,4,84,253
02/15/2008,MTN,MD,AEA,EN,Federal Contract Tower,0,7,40,12,59,0,1,188,13,202,0,8,228,25,261,144,12,156,417
02/16/2008,MTN,MD,AEA,EN,Federal Contract Tower,0,5,14,1,20,0,5,112,0,117,0,10,126,1,137,130,0,130,267
02/17/2008,MTN,MD,AEA,EN,Federal Contract Tower,0,2,16,1,19,0,5,55,0,60,0,7,71,1,79,78,0,78,157
02/18/2008,MTN,MD,AEA,EN,Federal Contract Tower,0,2,33,0,35,0,4,67,0,71,0,6,100,0,106,8,0,8,114
02/19/2008,MTN,MD,AEA,EN,Federal Contract Tower,0,11,29,1,41,0,6,105,2,113,0,17,134,3,154,26,0,26,180
02/20/2008,MTN,MD,AEA,EN,Federal Contract Tower,0,6,26,8,40,0,0,56,5,61,0,6,82,13,101,20,2,22,123
02/21/2008,MTN,MD,AEA,EN,Federal Contract Tower,0,5,39,6,50,0,5,138,9,152,0,10,177,15,202,26,2,28,230
02/22/2008,MTN,MD,AEA,EN,Federal Contract Tower,0,2,4,0,6,0,0,1,0,1,0,2,5,0,7,0,0,0,7
02/23/2008,MTN,MD,AEA,EN,Federal Contract Tower,0,1,13,1,15,0,0,14,0,14,0,1,27,1,29,16,0,16,45
02/24/2008,MTN,MD,AEA,EN,Federal Contract Tower,0,0,24,0,24,0,2,142,2,146,0,2,166,2,170,170,0,170,340
02/25/2008,MTN,MD,AEA,EN,Federal Contract Tower,0,3,21,0,24,0,11,134,2,147,0,14,155,2,171,94,0,94,265
02/26/2008,MTN,MD,AEA,EN,Federal Contract Tower,0,6,20,2,28,0,0,41,0,41,0,6,61,2,69,0,0,0,69
02/27/2008,MTN,MD,AEA,EN,Federal Contract Tower,0,3,38,9,50,0,15,124,26,165,0,18,162,35,215,28,6,34,249
02/28/2008,MTN,MD,AEA,EN,Federal Contract Tower,0,5,13,12,30,0,5,128,22,155,0,10,141,34,185,60,0,60,245
02/29/2008,MTN,MD,AEA,EN,Federal Contract Tower,0,13,26,9,48,0,10,156,11,177,0,23,182,20,225,86,8,94,319
03/01/2008,MTN,MD,AEA,EN,Federal Contract Tower,0,2,13,2,17,0,1,26,4,31,0,3,39,6,48,0,2,2,50
03/02/2008,MTN,MD,AEA,EN,Federal Contract Tower,0,6,22,0,28,0,10,159,2,171,0,16,181,2,199,74,0,74,273
03/03/2008,MTN,MD,AEA,EN,Federal Contract Tower,0,5,19,0,24,0,5,141,0,146,0,10,160,0,170,54,0,54,224
03/04/2008,MTN,MD,AEA,EN,Federal Contract Tower,0,3,13,15,31,0,0,82,16,98,0,3,95,31,129,18,2,20,149
03/05/2008,MTN,MD,AEA,EN,Federal Contract Tower,0,4,22,18,44,0,0,32,26,58,0,4,54,44,102,10,2,12,114
03/06/2008,MTN,MD,AEA,EN,Federal Contract Tower,0,3,34,15,52,0,5,158,34,197,0,8,192,49,249,136,6,142,391
03/07/2008,MTN,MD,AEA,EN,Federal Contract Tower,0,9,17,9,35,0,0,20,12,32,0,9,37,21,67,0,0,0,67
03/08/2008,MTN,MD,AEA,EN,Federal Contract Tower,0,3,15,0,18,0,1,5,0,6,0,4,20,0,24,0,0,0,24
03/09/2008,MTN,MD,AEA,EN,Federal Contract Tower,0,7,22,0,29,0,5,42,0,47,0,12,64,0,76,20,0,20,96
03/10/2008,MTN,MD,AEA,EN,Federal Contract Tower,0,4,29,2,35,0,0,122,0,122,0,4,151,2,157,46,0,46,203
03/11/2008,MTN,MD,AEA,EN,Federal Contract Tower,0,4,33,10,47,0,0,136,13,149,0,4,169,23,196,112,2,114,310
03/12/2008,MTN,MD,AEA,EN,Federal Contract Tower,0,3,30,3,36,0,1,82,4,87,0,4,112,7,123,24,0,24,147
03/13/2008,MTN,MD,AEA,EN,Federal Contract Tower,0,10,35,7,52,0,0,182,24,206,0,10,217,31,258,176,18,194,452
03/14/2008,MTN,MD,AEA,EN,Federal Contract Tower,0,6,18,14,38,0,9,126,18,153,0,15,144,32,191,134,12,146,337
03/15/2008,MTN,MD,AEA,EN,Federal Contract Tower,0,5,23,2,30,0,2,108,0,110,0,7,131,2,140,110,0,110,250
03/16/2008,MTN,MD,AEA,EN,Federal Contract Tower,0,4,11,4,19,0,2,22,2,26,0,6,33,6,45,0,0,0,45
03/17/2008,MTN,MD,AEA,EN,Federal Contract Tower,0,4,27,0,31,0,6,139,11,156,0,10,166,11,187,118,0,118,305
03/18/2008,MTN,MD,AEA,EN,Federal Contract Tower,0,2,12,19,33,0,2,139,14,155,0,4,151,33,188,110,6,116,304
03/19/2008,MTN,MD,AEA,EN,Federal Contract Tower,0,4,15,18,37,0,3,26,9,38,0,7,41,27,75,0,0,0,75
03/20/2008,MTN,MD,AEA,EN,Federal Contract Tower,0,6,22,10,38,0,0,14,21,35,0,6,36,31,73,0,0,0,73
03/21/2008,MTN,MD,AEA,EN,Federal Contract Tower,0,2,21,15,38,0,3,142,14,159,0,5,163,29,197,52,6,58,255
03/22/2008,MTN,MD,AEA,EN,Federal Contract Tower,0,1,16,0,17,0,1,84,0,85,0,2,100,0,102,120,0,120,222
03/23/2008,MTN,MD,AEA,EN,Federal Contract Tower,0,2,23,1,26,0,0,72,4,76,0,2,95,5,102,42,0,42,144
03/24/2008,MTN,MD,AEA,EN,Federal Contract Tower,0,9,27,0,36,0,3,135,0,138,0,12,162,0,174,114,0,114,288
03/25/2008,MTN,MD,AEA,EN,Federal Contract Tower,0,1,26,17,44,0,9,162,19,190,0,10,188,36,234,68,4,72,306
03/26/2008,MTN,MD,AEA,EN,Federal Contract Tower,0,4,31,12,47,0,10,133,35,178,0,14,164,47,225,72,4,76,301
03/27/2008,MTN,MD,AEA,EN,Federal Contract Tower,0,7,34,9,50,0,5,101,22,128,0,12,135,31,178,84,10,94,272
03/28/2008,MTN,MD,AEA,EN,Federal Contract Tower,0,6,26,9,41,0,0,81,22,103,0,6,107,31,144,74,14,88,232
03/29/2008,MTN,MD,AEA,EN,Federal Contract Tower,0,1,21,0,22,0,3,121,0,124,0,4,142,0,146,92,0,92,238
03/30/2008,MTN,MD,AEA,EN,Federal Contract Tower,0,7,19,1,27,0,7,106,0,113,0,14,125,1,140,30,0,30,170
03/31/2008,MTN,MD,AEA,EN,Federal Contract Tower,0,3,22,0,25,0,0,14,0,14,0,3,36,0,39,0,0,0,39
04/01/2008,MTN,MD,AEA,EN,Federal Contract Tower,0,1,25,5,31,0,3,63,0,66,0,4,88,5,97,6,0,6,103
04/02/2008,MTN,MD,AEA,EN,Federal Contract Tower,0,3,28,9,40,0,2,120,42,164,0,5,148,51,204,38,4,42,246
04/03/2008,MTN,MD,AEA,EN,Federal Contract Tower,0,9,30,13,52,0,3,134,24,161,0,12,164,37,213,90,12,102,315
04/04/2008,MTN,MD,AEA,EN,Federal Contract Tower,0,1,30,2,33,0,0,31,0,31,0,1,61,2,64,0,0,0,64
04/05/2008,MTN,MD,AEA,EN,Federal Contract Tower,0,3,12,0,15,0,0,102,6,108,0,3,114,6,123,48,0,48,171
04/06/2008,MTN,MD,AEA,EN,Federal Contract Tower,0,6,24,0,30,0,4,37,0,41,0,10,61,0,71,24,0,24,95
04/07/2008,MTN,MD,AEA,EN,Federal Contract Tower,0,4,50,0,54,0,0,68,0,68,0,4,118,0,122,38,0,38,160
04/08/2008,MTN,MD,AEA,EN,Federal Contract Tower,0,2,28,17,47,0,0,63,3,66,0,2,91,20,113,10,0,10,123
04/09/2008,MTN,MD,AEA,EN,Federal Contract Tower,0,7,25,4,36,0,6,84,2,92,0,13,109,6,128,32,0,32,160
04/10/2008,MTN,MD,AEA,EN,Federal Contract Tower,0,3,33,10,46,0,0,146,21,167,0,3,179,31,213,100,2,102,315
04/11/2008,MTN,MD,AEA,EN,Federal Contract Tower,0,9,24,8,41,0,0,86,21,107,0,9,110,29,148,30,14,44,192
04/12/2008,MTN,MD,AEA,EN,Federal Contract Tower,0,2,10,0,12,0,13,66,18,97,0,15,76,18,109,60,0,60,169
04/13/2008,MTN,MD,AEA,EN,Federal Contract Tower,0,7,20,0,27,0,6,81,16,103,0,13,101,16,130,54,0,54,184
04/14/2008,MTN,MD,AEA,EN,Federal Contract Tower,0,11,28,2,41,1,11,210,0,222,1,22,238,2,263,128,0,128,391
04/15/2008,MTN,MD,AEA,EN,Federal Contract Tower,0,6,33,17,56,0,0,161,16,177,0,6,194,33,233,144,4,148,381
04/16/2008,MTN,MD,AEA,EN,Federal Contract Tower,0,7,42,16,65,0,0,227,9,236,0,7,269,25,301,98,8,106,407
04/17/2008,MTN,MD,AEA,EN,Federal Contract Tower,0,5,38,12,55,0,3,158,43,204,0,8,196,55,259,40,20,60,319
04/18/2008,MTN,MD,AEA,EN,Federal Contract Tower,0,8,33,11,52,0,11,230,54,295,0,19,263,65,347,180,18,198,545
04/19/2008,MTN,MD,AEA,EN,Federal Contract Tower,0,6,27,9,42,0,2,166,23,191,0,8,193,32,233,104,26,130,363
04/20/2008,MTN,MD,AEA,EN,Federal Contract Tower,0,4,16,3,23,0,2,38,12,52,0,6,54,15,75,4,0,4,79
04/21/2008,MTN,MD,AEA,EN,Federal Contract Tower,0,11,28,3,42,0,0,44,0,44,0,11,72,3,86,10,0,10,96
04/22/2008,MTN,MD,AEA,EN,Federal Contract Tower,0,9,34,11,54,0,0,92,16,108,0,9,126,27,162,42,6,48,210
04/23/2008,MTN,MD,AEA,EN,Federal Contract Tower,0,9,41,8,58,0,3,141,17,161,0,12,182,25,219,228,0,228,447
04/24/2008,MTN,MD,AEA,EN,Federal Contract Tower,0,7,37,8,52,0,7,143,23,173,0,14,180,31,225,136,0,136,361
04/25/2008,MTN,MD,AEA,EN,Federal Contract Tower,0,7,35,17,59,0,17,159,28,204,0,24,194,45,263,170,10,180,443
04/26/2008,MTN,MD,AEA,EN,Federal Contract Tower,0,1,14,1,16,0,1,151,2,154,0,2,165,3,170,254,0,254,424
04/27/2008,MTN,MD,AEA,EN,Federal Contract Tower,0,3,35,0,38,0,0,19,0,19,0,3,54,0,57,6,0,6,63
04/28/2008,MTN,MD,AEA,EN,Federal Contract Tower,0,5,16,0,21,0,0,7,0,7,0,5,23,0,28,0,0,0,28
04/29/2008,MTN,MD,AEA,EN,Federal Contract Tower,0,5,43,10,58,0,0,115,17,132,0,5,158,27,190,70,2,72,262
04/30/2008,MTN,MD,AEA,EN,Federal Contract Tower,0,3,37,13,53,0,3,153,23,179,0,6,190,36,232,118,0,118,350
05/01/2008,MTN,MD,AEA,EN,Federal Contract Tower,0,6,28,7,41,0,0,112,9,121,0,6,140,16,162,98,0,98,260
05/02/2008,MTN,MD,AEA,EN,Federal Contract Tower,0,2,41,8,51,0,0,160,7,167,0,2,201,15,218,118,4,122,340
05/03/2008,MTN,MD,AEA,EN,Federal Contract Tower,0,0,17,2,19,0,3,46,0,49,0,3,63,2,68,22,0,22,90
05/04/2008,MTN,MD,AEA,EN,Federal Contract Tower,0,3,34,3,40,0,3,84,7,94,0,6,118,10,134,60,0,60,194
05/05/2008,MTN,MD,AEA,EN,Federal Contract Tower,0,9,42,0,51,0,4,91,0,95,0,13,133,0,146,74,0,74,220
05/06/2008,MTN,MD,AEA,EN,Federal Contract Tower,0,10,34,15,59,0,1,186,14,201,0,11,220,29,260,132,10,142,402
05/07/2008,MTN,MD,AEA,EN,Federal Contract Tower,0,8,35,8,51,0,1,165,28,194,0,9,200,36,245,98,10,108,353
05/08/2008,MTN,MD,AEA,EN,Federal Contract Tower,0,8,22,16,46,0,8,74,23,105,0,16,96,39,151,6,14,20,171
05/09/2008,MTN,MD,AEA,EN,Federal Contract Tower,0,4,26,1,31,0,0,15,0,15,0,4,41,1,46,0,0,0,46
05/10/2008,MTN,MD,AEA,EN,Federal Contract Tower,0,3,29,0,32,0,0,51,0,51,0,3,80,0,83,22,0,22,105
05/11/2008,MTN,MD,AEA,EN,Federal Contract Tower,0,3,14,0,17,0,0,52,0,52,0,3,66,0,69,62,0,62,131
05/12/2008,MTN,MD,AEA,EN,Federal Contract Tower,0,10,26,0,36,0,2,62,0,64,0,12,88,0,100,0,0,0,100
05/13/2008,MTN,MD,AEA,EN,Federal Contract Tower,0,3,37,11,51,0,9,180,13,202,0,12,217,24,253,112,4,116,369
05/14/2008,MTN,MD,AEA,EN,Federal Contract Tower,0,8,31,11,50,0,4,161,24,189,0,12,192,35,239,72,4,76,315
05/15/2008,MTN,MD,AEA,EN,Federal Contract Tower,0,13,37,13,63,0,10,160,35,205,0,23,197,48,268,126,24,150,418
05/16/2008,MTN,MD,AEA,EN,Federal Contract Tower,0,7,30,1,38,0,0,22,3,25,0,7,52,4,63,12,0,12,75
05/17/2008,MTN,MD,AEA,EN,Federal Contract Tower,0,4,31,5,40,0,2,123,22,147,0,6,154,27,187,36,60,96,283
05/18/2008,MTN,MD,AEA,EN,Federal Contract Tower,0,5,30,6,41,0,7,42,3,52,0,12,72,9,93,44,0,44,137
05/19/2008,MTN,MD,AEA,EN,Federal Contract Tower,0,13,28,1,42,0,4,82,6,92,0,17,110,7,134,18,0,18,152
05/20/2008,MTN,MD,AEA,EN,Federal Contract Tower,0,8,33,7,48,0,0,39,2,41,0,8,72,9,89,6,0,6,95
05/21/2008,MTN,MD,AEA,EN,Federal Contract Tower,0,5,39,6,50,0,1,125,21,147,0,6,164,27,197,58,0,58,255
05/22/2008,MTN,MD,AEA,EN,Federal Contract Tower,0,3,43,14,60,0,4,81,17,102,0,7,124,31,162,24,16,40,202
05/23/2008,MTN,MD,AEA,EN,Federal Contract Tower,0,16,55,12,83,0,10,177,17,204,0,26,232,29,287,82,8,90,377
05/24/2008,MTN,MD,AEA,EN,Federal Contract Tower,0,5,24,0,29,0,0,150,0,150,0,5,174,0,179,42,0,42,221
05/25/2008,MTN,MD,AEA,EN,Federal Contract Tower,0,3,20,1,24,0,0,134,1,135,0,3,154,2,159,28,0,28,187
05/26/2008,MTN,MD,AEA,EN,Federal Contract Tower,0,3,41,0,44,0,0,151,2,153,0,3,192,2,197,114,0,114,311
05/27/2008,MTN,MD,AEA,EN,Federal Contract Tower,0,17,34,0,51,0,3,84,8,95,0,20,118,8,146,54,0,54,200
05/28/2008,MTN,MD,AEA,EN,Federal Contract Tower,0,4,30,8,42,0,1,133,20,154,0,5,163,28,196,30,2,32,228
05/29/2008,MTN,MD,AEA,EN,Federal Contract Tower,0,16,36,8,60,0,1,167,36,204,0,17,203,44,264,114,0,114,378
05/30/2008,MTN,MD,AEA,EN,Federal Contract Tower,0,7,53,10,70,0,21,167,25,213,0,28,220,35,283,104,10,114,397
05/31/2008,MTN,MD,AEA,EN,Federal Contract Tower,0,6,7,1,14,0,0,33,0,33,0,6,40,1,47,0,0,0,47
06/01/2008,MTN,MD,AEA,EN,Federal Contract Tower,0,7,28,12,47,0,0,137,28,165,0,13,165,40,218,80,6,86,344
06/02/2008,MTN,MD,AEA,EN,Federal Contract Tower,0,16,38,1,55,0,4,100,0,104,0,20,138,1,159,70,0,70,229
06/03/2008,MTN,MD,AEA,EN,Federal Contract Tower,0,4,44,5,53,0,0,114,6,120,0,4,158,11,173,76,0,76,249
06/04/2008,MTN,MD,AEA,EN,Federal Contract Tower,0,6,25,4,35,0,0,64,6,70,0,6,89,10,105,30,0,30,135
06/05/2008,MTN,MD,AEA,EN,Federal Contract Tower,0,12,48,8,68,0,6,122,17,145,0,18,170,25,213,116,0,116,329
06/06/2008,MTN,MD,AEA,EN,Federal Contract Tower,0,9,29,10,48,0,8,111,18,137,0,17,140,28,185,78,0,78,263
06/07/2008,MTN,MD,AEA,EN,Federal Contract Tower,0,8,16,11,35,0,7,32,5,44,0,15,48,16,79,4,0,4,83
06/08/2008,MTN,MD,AEA,EN,Federal Contract Tower,0,10,35,6,51,0,0,90,4,94,0,10,125,10,145,40,0,40,185
06/09/2008,MTN,MD,AEA,EN,Federal Contract Tower,0,10,20,0,30,0,1,130,10,141,0,11,150,10,171,38,0,38,209
06/10/2008,MTN,MD,AEA,EN,Federal Contract Tower,0,7,37,0,44,0,3,64,2,69,0,10,101,2,113,46,0,46,159
06/11/2008,MTN,MD,AEA,EN,Federal Contract Tower,0,5,30,0,35,0,13,137,19,169,0,18,167,19,204,126,0,126,330
06/12/2008,MTN,MD,AEA,EN,Federal Contract Tower,0,8,39,2,49,0,7,146,18,171,0,15,185,20,220,80,0,80,300
06/13/2008,MTN,MD,AEA,EN,Federal Contract Tower,0,8,35,8,51,0,2,145,30,177,0,10,180,38,228,72,6,78,306
06/14/2008,MTN,MD,AEA,EN,Federal Contract Tower,0,2,19,0,21,0,0,69,0,69,0,2,88,0,90,98,0,98,188
06/15/2008,MTN,MD,AEA,EN,Federal Contract Tower,0,0,41,2,43,0,0,95,0,95,0,0,136,2,138,66,0,66,204
06/16/2008,MTN,MD,AEA,EN,Federal Contract Tower,0,6,34,0,40,0,3,88,0,91,0,9,122,0,131,42,0,42,173
06/17/2008,MTN,MD,AEA,EN,Federal Contract Tower,0,3,47,5,55,0,2,124,4,130,0,5,171,9,185,22,0,22,207
06/18/2008,MTN,MD,AEA,EN,Federal Contract Tower,0,9,28,2,39,0,10,105,12,127,0,19,133,14,166,52,0,52,218
06/19/2008,MTN,MD,AEA,EN,Federal Contract Tower,0,4,38,1,43,0,7,145,16,168,0,11,183,17,211,120,0,120,331
06/20/2008,MTN,MD,AEA,EN,Federal Contract Tower,0,0,34,2,36,0,0,146,4,150,0,0,180,6,186,118,0,118,304
06/21/2008,MTN,MD,AEA,EN,Federal Contract Tower,0,3,16,6,25,0,0,126,5,131,0,3,142,11,156,120,0,120,276
06/22/2008,MTN,MD,AEA,EN,Federal Contract Tower,0,1,39,3,43,0,9,83,0,92,0,10,122,3,135,90,0,90,225
06/23/2008,MTN,MD,AEA,EN,Federal Contract Tower,0,2,45,3,50,0,7,111,1,119,0,9,156,4,169,62,0,62,231
06/24/2008,MTN,MD,AEA,EN,Federal Contract Tower,0,4,42,14,60,0,5,113,58,176,0,9,155,72,236,66,2,68,304
06/25/2008,MTN,MD,AEA,EN,Federal Contract Tower,0,6,50,5,61,0,13,179,29,221,0,19,229,34,282,72,4,76,358
06/26/2008,MTN,MD,AEA,EN,Federal Contract Tower,0,2,25,10,37,0,1,135,30,166,0,3,160,40,203,42,0,42,245
06/27/2008,MTN,MD,AEA,EN,Federal Contract Tower,0,4,37,14,55,0,3,86,18,107,0,7,123,32,162,62,0,62,224
06/28/2008,MTN,MD,AEA,EN,Federal Contract Tower,0,0,16,2,18,0,0,89,0,89,0,0,105,2,107,46,0,46,153
06/29/2008,MTN,MD,AEA,EN,Federal Contract Tower,0,8,29,0,37,0,1,72,2,75,0,9,101,2,112,64,0,64,176
06/30/2008,MTN,MD,AEA,EN,Federal Contract Tower,0,5,22,0,27,0,1,69,4,74,0,6,91,4,101,50,0,50,151
07/01/2008,MTN,MD,AEA,EN,Federal Contract Tower,0,7,28,12,47,0,0,137,28,165,0,7,165,40,212,80,6,86,298
07/02/2008,MTN,MD,AEA,EN,Federal Contract Tower,0,15,34,16,65,0,0,147,5,152,0,15,181,21,217,11,4,15,232
07/03/2008,MTN,MD,AEA,EN,Federal Contract Tower,0,15,26,0,41,0,0,137,2,139,0,15,163,2,180,98,0,98,278
07/04/2008,MTN,MD,AEA,EN,Federal Contract Tower,0,0,13,6,19,0,4,83,4,91,0,4,96,10,110,0,0,0,110
07/05/2008,MTN,MD,AEA,EN,Federal Contract Tower,0,1,8,0,9,0,0,42,0,42,0,1,50,0,51,32,0,32,83
07/06/2008,MTN,MD,AEA,EN,Federal Contract Tower,0,5,38,0,43,0,0,40,0,40,0,5,78,0,83,28,0,28,111
07/07/2008,MTN,MD,AEA,EN,Federal Contract Tower,0,12,41,2,55,0,0,127,0,127,0,12,168,2,182,102,12,114,296
07/08/2008,MTN,MD,AEA,EN,Federal Contract Tower,0,8,33,10,51,0,1,113,10,124,0,9,146,20,175,138,8,146,321
07/09/2008,MTN,MD,AEA,EN,Federal Contract Tower,0,3,34,10,47,0,2,73,10,85,0,5,107,20,132,20,10,30,162
07/10/2008,MTN,MD,AEA,EN,Federal Contract Tower,0,2,48,13,63,0,0,146,13,159,0,2,194,26,222,134,8,142,364
07/11/2008,MTN,MD,AEA,EN,Federal Contract Tower,0,4,31,10,45,0,6,101,8,115,0,10,132,18,160,28,0,28,188
07/12/2008,MTN,MD,AEA,EN,Federal Contract Tower,0,0,31,2,33,0,0,133,0,133,0,0,164,2,166,138,0,138,304
07/13/2008,MTN,MD,AEA,EN,Federal Contract Tower,0,1,32,0,33,0,0,76,0,76,0,1,108,0,109,50,0,50,159
07/14/2008,MTN,MD,AEA,EN,Federal Contract Tower,0,11,34,0,45,0,0,81,0,81,0,11,115,0,126,76,0,76,202
07/15/2008,MTN,MD,AEA,EN,Federal Contract Tower,0,7,27,12,46,0,0,121,21,142,0,7,148,33,188,28,0,28,216
07/16/2008,MTN,MD,AEA,EN,Federal Contract Tower,0,6,42,15,63,0,0,146,8,154,0,6,188,23,217,78,0,78,295
07/17/2008,MTN,MD,AEA,EN,Federal Contract Tower,0,3,45,6,54,0,9,186,8,203,0,12,231,14,257,14,2,16,273
07/18/2008,MTN,MD,AEA,EN,Federal Contract Tower,0,3,46,6,55,0,0,95,6,101,0,3,141,12,156,82,0,82,238
07/19/2008,MTN,MD,AEA,EN,Federal Contract Tower,0,2,21,1,24,0,0,145,2,147,0,2,166,3,171,60,0,60,231
07/20/2008,MTN,MD,AEA,EN,Federal Contract Tower,0,5,37,0,42,0,0,112,0,112,0,5,149,0,154,14,0,14,168
07/21/2008,MTN,MD,AEA,EN,Federal Contract Tower,0,6,27,2,35,0,1,118,0,119,0,7,145,2,154,20,0,20,174
07/22/2008,MTN,MD,AEA,EN,Federal Contract Tower,0,4,22,13,39,0,2,87,6,95,0,6,109,19,134,35,8,43,177
07/23/2008,MTN,MD,AEA,EN,Federal Contract Tower,0,3,24,12,39,0,1,79,4,84,0,4,103,16,123,50,6,56,179
07/24/2008,MTN,MD,AEA,EN,Federal Contract Tower,0,10,35,9,54,0,5,149,13,167,0,15,184,22,221,90,2,92,313
07/25/2008,MTN,MD,AEA,EN,Federal Contract Tower,0,6,31,6,43,0,2,130,9,141,0,8,161,15,184,118,20,138,322
07/26/2008,MTN,MD,AEA,EN,Federal Contract Tower,0,0,26,0,26,0,3,134,0,137,0,3,160,0,163,52,0,52,215
07/27/2008,MTN,MD,AEA,EN,Federal Contract Tower,0,7,24,3,34,0,0,47,0,47,0,7,71,3,81,32,0,32,113
07/28/2008,MTN,MD,AEA,EN,Federal Contract Tower,0,11,33,1,45,0,0,118,0,118,0,11,151,1,163,64,0,64,227
07/29/2008,MTN,MD,AEA,EN,Federal Contract Tower,0,3,31,8,42,0,2,87,2,91,0,5,118,10,133,38,2,40,173
07/30/2008,MTN,MD,AEA,EN,Federal Contract Tower,0,10,57,7,74,0,2,69,2,73,0,12,126,9,147,38,0,38,185
07/31/2008,MTN,MD,AEA,EN,Federal Contract Tower,0,10,33,10,53,0,0,127,3,130,0,10,160,13,183,92,14,106,289
08/01/2008,MTN,MD,AEA,EN,Federal Contract Tower,0,9,40,7,56,0,4,130,4,138,0,13,170,11,194,102,10,112,306
08/02/2008,MTN,MD,AEA,EN,Federal Contract Tower,0,2,16,0,18,0,1,45,0,46,0,3,61,0,64,56,0,56,120
08/03/2008,MTN,MD,AEA,EN,Federal Contract Tower,0,8,26,1,35,0,3,101,1,105,0,11,127,2,140,70,0,70,210
08/04/2008,MTN,MD,AEA,EN,Federal Contract Tower,0,5,24,2,31,0,1,120,0,121,0,6,144,2,152,82,0,82,234
08/05/2008,MTN,MD,AEA,EN,Federal Contract Tower,0,6,19,8,33,0,0,91,7,98,0,6,110,15,131,92,0,92,223
08/06/2008,MTN,MD,AEA,EN,Federal Contract Tower,0,3,32,10,45,0,4,121,10,135,0,7,153,20,180,66,4,70,250
08/07/2008,MTN,MD,AEA,EN,Federal Contract Tower,0,8,42,12,62,0,4,137,4,145,0,12,179,16,207,68,6,74,281
08/08/2008,MTN,MD,AEA,EN,Federal Contract Tower,0,12,43,12,67,0,6,182,8,196,0,18,225,20,263,116,8,124,387
08/09/2008,MTN,MD,AEA,EN,Federal Contract Tower,0,2,27,1,30,0,0,111,0,111,0,2,138,1,141,94,0,94,235
08/10/2008,MTN,MD,AEA,EN,Federal Contract Tower,0,7,29,1,37,0,0,108,0,108,0,7,137,1,145,46,0,46,191
08/11/2008,MTN,MD,AEA,EN,Federal Contract Tower,0,10,26,0,36,0,3,89,0,92,0,13,115,0,128,16,0,16,144
08/12/2008,MTN,MD,AEA,EN,Federal Contract Tower,0,3,31,12,46,0,4,140,6,150,0,7,171,18,196,118,8,126,322
08/13/2008,MTN,MD,AEA,EN,Federal Contract Tower,0,4,33,10,47,0,0,108,5,113,0,4,141,15,160,86,2,88,248
08/14/2008,MTN,MD,AEA,EN,Federal Contract Tower,0,6,39,8,53,0,3,95,4,102,0,9,134,12,155,60,0,60,215
08/15/2008,MTN,MD,AEA,EN,Federal Contract Tower,0,8,29,14,51,0,0,67,2,69,0,8,96,16,120,16,8,24,144
08/16/2008,MTN,MD,AEA,EN,Federal Contract Tower,0,5,40,5,50,0,3,160,4,167,0,8,200,9,217,140,20,160,377
08/17/2008,MTN,MD,AEA,EN,Federal Contract Tower,0,6,29,0,35,0,1,114,0,115,0,7,143,0,150,86,0,86,236
08/18/2008,MTN,MD,AEA,EN,Federal Contract Tower,0,9,25,9,43,0,1,85,2,88,0,10,110,11,131,44,0,44,175
08/19/2008,MTN,MD,AEA,EN,Federal Contract Tower,0,2,27,9,38,0,0,92,0,92,0,2,119,9,130,116,0,116,246
08/20/2008,MTN,MD,AEA,EN,Federal Contract Tower,0,9,29,9,47,0,2,113,10,125,0,11,142,19,172,36,6,42,214
08/21/2008,MTN,MD,AEA,EN,Federal Contract Tower,0,8,23,8,39,0,0,133,11,144,0,8,156,19,183,70,2,72,255
08/22/2008,MTN,MD,AEA,EN,Federal Contract Tower,0,7,20,0,27,0,1,139,0,140,0,8,159,0,167,78,0,78,245
08/23/2008,MTN,MD,AEA,EN,Federal Contract Tower,0,4,13,0,17,0,2,94,0,96,0,6,107,0,113,172,0,172,285
08/24/2008,MTN,MD,AEA,EN,Federal Contract Tower,0,3,28,0,31,0,0,0,0,0,0,3,28,0,31,150,0,150,181
08/25/2008,MTN,MD,AEA,EN,Federal Contract Tower,0,3,20,1,24,0,3,62,0,65,0,6,82,1,89,96,0,96,185
08/26/2008,MTN,MD,AEA,EN,Federal Contract Tower,0,8,33,13,54,0,0,104,5,109,0,8,137,18,163,74,4,78,241
08/27/2008,MTN,MD,AEA,EN,Federal Contract Tower,0,3,50,13,66,0,0,106,2,108,0,3,156,15,174,56,16,72,246
08/28/2008,MTN,MD,AEA,EN,Federal Contract Tower,0,13,31,9,53,0,1,58,6,65,0,14,89,15,118,20,0,20,138
08/29/2008,MTN,MD,AEA,EN,Federal Contract Tower,0,5,53,6,64,0,4,75,14,93,0,9,128,20,157,66,10,76,233
08/30/2008,MTN,MD,AEA,EN,Federal Contract Tower,0,3,16,0,19,0,1,55,0,56,0,4,71,0,75,54,0,54,129
08/31/2008,MTN,MD,AEA,EN,Federal Contract Tower,0,1,25,0,26,0,0,103,0,103,0,1,128,0,129,62,0,62,191
09/01/2008,MTN,MD,AEA,EN,Federal Contract Tower,0,5,31,0,36,0,0,112,2,114,0,5,143,2,150,62,0,62,212
09/02/2008,MTN,MD,AEA,EN,Federal Contract Tower,0,3,30,6,39,0,0,129,1,130,0,3,159,7,169,106,0,106,275
09/03/2008,MTN,MD,AEA,EN,Federal Contract Tower,0,9,27,8,44,0,6,135,9,150,0,15,162,17,194,120,10,130,324
09/04/2008,MTN,MD,AEA,EN,Federal Contract Tower,0,2,18,16,36,0,1,106,14,121,0,3,124,30,157,116,4,120,277
09/05/2008,MTN,MD,AEA,EN,Federal Contract Tower,0,9,33,15,57,0,0,134,5,139,0,9,167,20,196,164,18,182,378
09/06/2008,MTN,MD,AEA,EN,Federal Contract Tower,0,0,2,0,2,0,2,2,0,4,0,2,4,0,6,0,0,0,6
09/07/2008,MTN,MD,AEA,EN,Federal Contract Tower,0,10,30,3,43,0,0,117,4,121,0,10,147,7,164,68,0,68,232
09/08/2008,MTN,MD,AEA,EN,Federal Contract Tower,0,12,21,1,34,0,0,123,0,123,0,12,144,1,157,66,0,66,223
09/09/2008,MTN,MD,AEA,EN,Federal Contract Tower,0,4,13,14,31,0,0,58,17,75,0,4,71,31,106,0,0,0,106
09/10/2008,MTN,MD,AEA,EN,Federal Contract Tower,0,4,29,17,50,0,0,139,12,151,0,4,168,29,201,154,0,154,355
09/11/2008,MTN,MD,AEA,EN,Federal Contract Tower,0,6,45,14,65,0,3,148,8,159,0,9,193,22,224,128,4,132,356
09/12/2008,MTN,MD,AEA,EN,Federal Contract Tower,0,8,42,19,69,0,0,36,4,40,0,8,78,23,109,48,0,48,157
09/13/2008,MTN,MD,AEA,EN,Federal Contract Tower,0,1,24,5,30,0,0,63,5,68,0,1,87,10,98,60,0,60,158
09/14/2008,MTN,MD,AEA,EN,Federal Contract Tower,0,3,21,1,25,0,1,68,0,69,0,4,89,1,94,36,0,36,130
09/15/2008,MTN,MD,AEA,EN,Federal Contract Tower,0,10,25,0,35,0,5,81,0,86,0,15,106,0,121,50,0,50,171
09/16/2008,MTN,MD,AEA,EN,Federal Contract Tower,0,9,34,19,62,0,1,100,7,108,0,10,134,26,170,148,2,150,320
09/17/2008,MTN,MD,AEA,EN,Federal Contract Tower,0,7,26,18,51,0,0,116,13,129,0,7,142,31,180,162,0,162,342
09/18/2008,MTN,MD,AEA,EN,Federal Contract Tower,0,14,32,11,57,0,3,121,9,133,0,17,153,20,190,140,2,142,332
09/19/2008,MTN,MD,AEA,EN,Federal Contract Tower,0,3,41,21,65,0,0,97,6,103,0,3,138,27,168,68,10,78,246
09/20/2008,MTN,MD,AEA,EN,Federal Contract Tower,0,7,35,17,59,0,7,126,20,153,0,14,161,37,212,100,6,106,318
09/21/2008,MTN,MD,AEA,EN,Federal Contract Tower,0,3,26,3,32,0,1,114,0,115,0,4,140,3,147,74,0,74,221
09/22/2008,MTN,MD,AEA,EN,Federal Contract Tower,0,16,25,0,41,0,0,78,0,78,0,16,103,0,119,80,0,80,199
09/23/2008,MTN,MD,AEA,EN,Federal Contract Tower,0,5,37,14,56,0,1,149,8,158,0,6,186,22,214,140,6,146,360
09/24/2008,MTN,MD,AEA,EN,Federal Contract Tower,0,6,40,13,59,0,2,127,2,131,0,8,167,15,190,82,0,82,272
09/25/2008,MTN,MD,AEA,EN,Federal Contract Tower,0,4,26,0,30,0,1,42,0,43,0,5,68,0,73,0,0,0,73
09/26/2008,MTN,MD,AEA,EN,Federal Contract Tower,0,8,21,5,34,0,1,20,0,21,0,9,41,5,55,10,0,10,65
09/27/2008,MTN,MD,AEA,EN,Federal Contract Tower,0,3,19,0,22,0,0,1,0,1,0,3,20,0,23,0,0,0,23
09/28/2008,MTN,MD,AEA,EN,Federal Contract Tower,0,4,24,0,28,0,0,6,0,6,0,4,30,0,34,0,0,0,34
09/29/2008,MTN,MD,AEA,EN,Federal Contract Tower,0,0,28,0,28,0,0,76,0,76,0,0,104,0,104,68,0,68,172
09/30/2008,MTN,MD,AEA,EN,Federal Contract Tower,0,3,45,1,49,0,0,136,0,136,0,3,181,1,185,128,0,128,313
10/01/2008,MTN,MD,AEA,EN,Federal Contract Tower,0,4,21,12,37,0,0,55,9,64,0,4,76,21,101,82,2,84,185
10/02/2008,MTN,MD,AEA,EN,Federal Contract Tower,0,4,29,11,44,0,3,78,14,95,0,7,107,25,139,52,12,64,203
10/03/2008,MTN,MD,AEA,EN,Federal Contract Tower,0,29,6,0,35,0,0,108,5,113,0,29,114,5,148,100,6,106,254
10/04/2008,MTN,MD,AEA,EN,Federal Contract Tower,0,2,28,5,35,0,0,179,17,196,0,2,207,22,231,156,8,164,395
10/05/2008,MTN,MD,AEA,EN,Federal Contract Tower,0,7,35,0,42,0,1,103,0,104,0,8,138,0,146,94,0,94,240
10/06/2008,MTN,MD,AEA,EN,Federal Contract Tower,0,3,20,0,23,0,0,100,0,100,0,3,120,0,123,94,0,94,217
10/07/2008,MTN,MD,AEA,EN,Federal Contract Tower,0,7,30,16,53,0,0,118,7,125,0,7,148,23,178,128,8,136,314
10/08/2008,MTN,MD,AEA,EN,Federal Contract Tower,0,7,28,6,41,0,0,75,23,98,0,7,103,29,139,14,2,16,155
10/09/2008,MTN,MD,AEA,EN,Federal Contract Tower,0,2,21,10,33,0,2,86,8,96,0,4,107,18,129,106,2,108,237
10/10/2008,MTN,MD,AEA,EN,Federal Contract Tower,0,3,23,7,33,0,3,107,4,114,0,6,130,11,147,126,2,128,275
10/11/2008,MTN,MD,AEA,EN,Federal Contract Tower,0,3,22,0,25,0,1,138,0,139,0,4,160,0,164,128,0,128,292
10/12/2008,MTN,MD,AEA,EN,Federal Contract Tower,0,14,21,0,35,0,1,98,0,99,0,15,119,0,134,86,0,86,220
10/13/2008,MTN,MD,AEA,EN,Federal Contract Tower,0,5,38,0,43,0,0,98,0,98,0,5,136,0,141,46,0,46,187
10/14/2008,MTN,MD,AEA,EN,Federal Contract Tower,0,4,31,0,35,0,1,101,0,102,0,5,132,0,137,108,0,108,245
10/15/2008,MTN,MD,AEA,EN,Federal Contract Tower,0,3,27,10,40,0,0,140,10,150,0,3,167,20,190,166,4,170,360
10/16/2008,MTN,MD,AEA,EN,Federal Contract Tower,0,2,31,10,43,0,1,111,7,119,0,3,142,17,162,132,4,136,298
10/17/2008,MTN,MD,AEA,EN,Federal Contract Tower,0,5,39,8,52,0,1,122,11,134,0,6,161,19,186,104,8,112,298
10/18/2008,MTN,MD,AEA,EN,Federal Contract Tower,0,4,24,1,29,0,0,83,0,83,0,4,107,1,112,70,0,70,182
10/19/2008,MTN,MD,AEA,EN,Federal Contract Tower,0,3,19,2,24,0,0,80,0,80,0,3,99,2,104,34,0,34,138
10/20/2008,MTN,MD,AEA,EN,Federal Contract Tower,0,2,21,2,25,0,2,76,0,78,0,4,97,2,103,30,0,30,133
10/21/2008,MTN,MD,AEA,EN,Federal Contract Tower,0,6,22,14,42,0,0,124,5,129,0,6,146,19,171,90,0,90,261
10/22/2008,MTN,MD,AEA,EN,Federal Contract Tower,0,4,41,12,57,0,0,106,14,120,0,4,147,26,177,28,0,28,205
10/23/2008,MTN,MD,AEA,EN,Federal Contract Tower,0,3,33,12,48,0,0,125,7,132,0,3,158,19,180,78,6,84,264
10/24/2008,MTN,MD,AEA,EN,Federal Contract Tower,0,2,37,11,50,0,0,75,12,87,0,2,112,23,137,22,8,30,167
10/25/2008,MTN,MD,AEA,EN,Federal Contract Tower,0,1,10,1,12,0,0,7,0,7,0,1,17,1,19,0,0,0,19
10/26/2008,MTN,MD,AEA,EN,Federal Contract Tower,0,1,26,1,28,0,0,95,0,95,0,1,121,1,123,102,0,102,225
10/27/2008,MTN,MD,AEA,EN,Federal Contract Tower,0,0,19,0,19,0,0,82,0,82,0,0,101,0,101,76,0,76,177
10/28/2008,MTN,MD,AEA,EN,Federal Contract Tower,0,4,17,5,26,0,0,3,3,6,0,4,20,8,32,0,0,0,32
10/29/2008,MTN,MD,AEA,EN,Federal Contract Tower,0,0,17,11,28,0,0,60,13,73,0,0,77,24,101,18,2,20,121
10/30/2008,MTN,MD,AEA,EN,Federal Contract Tower,0,4,36,9,49,0,0,122,6,128,0,4,158,15,177,10,0,10,187
10/31/2008,MTN,MD,AEA,EN,Federal Contract Tower,0,3,25,12,40,0,0,165,0,165,0,3,190,12,205,150,0,150,355
11/01/2008,MTN,MD,AEA,EN,Federal Contract Tower,0,2,16,7,25,0,0,105,8,113,0,2,121,15,138,114,0,114,252
11/02/2008,MTN,MD,AEA,EN,Federal Contract Tower,0,8,21,0,29,0,0,102,0,102,0,8,123,0,131,76,0,76,207
11/03/2008,MTN,MD,AEA,EN,Federal Contract Tower,0,4,34,0,38,0,0,64,0,64,0,4,98,0,102,48,0,48,150
11/04/2008,MTN,MD,AEA,EN,Federal Contract Tower,0,3,24,24,51,0,0,61,0,61,0,3,85,24,112,0,0,0,112
11/05/2008,MTN,MD,AEA,EN,Federal Contract Tower,0,4,32,14,50,0,0,87,1,88,0,4,119,15,138,30,12,42,180
11/06/2008,MTN,MD,AEA,EN,Federal Contract Tower,0,4,40,17,61,0,0,88,2,90,0,4,128,19,151,44,0,44,195
11/07/2008,MTN,MD,AEA,EN,Federal Contract Tower,0,7,39,10,56,0,1,108,0,109,0,8,147,10,165,104,2,106,271
11/08/2008,MTN,MD,AEA,EN,Federal Contract Tower,0,0,28,1,29,0,0,45,0,45,0,0,73,1,74,86,0,86,160
11/09/2008,MTN,MD,AEA,EN,Federal Contract Tower,0,1,21,0,22,0,0,68,0,68,0,1,89,0,90,10,0,10,100
11/10/2008,MTN,MD,AEA,EN,Federal Contract Tower,0,2,22,0,24,0,3,77,0,80,0,5,99,0,104,16,0,16,120
11/11/2008,MTN,MD,AEA,EN,Federal Contract Tower,0,0,29,0,29,0,0,107,0,107,0,0,136,0,136,60,0,60,196
11/12/2008,MTN,MD,AEA,EN,Federal Contract Tower,0,8,30,15,53,0,0,90,8,98,0,8,120,23,151,98,0,98,249
11/13/2008,MTN,MD,AEA,EN,Federal Contract Tower,0,4,18,0,22,0,0,4,0,4,0,4,22,0,26,0,0,0,26
11/14/2008,MTN,MD,AEA,EN,Federal Contract Tower,0,1,14,5,20,0,0,0,0,0,0,1,14,5,20,0,0,0,20
11/15/2008,MTN,MD,AEA,EN,Federal Contract Tower,0,2,14,4,20,0,0,15,0,15,0,2,29,4,35,0,0,0,35
11/16/2008,MTN,MD,AEA,EN,Federal Contract Tower,0,1,20,0,21,0,0,31,0,31,0,1,51,0,52,16,0,16,68
11/17/2008,MTN,MD,AEA,EN,Federal Contract Tower,0,1,39,3,43,0,0,107,0,107,0,1,146,3,150,84,0,84,234
11/18/2008,MTN,MD,AEA,EN,Federal Contract Tower,0,3,15,0,18,0,0,69,1,70,0,3,84,1,88,38,0,38,126
11/19/2008,MTN,MD,AEA,EN,Federal Contract Tower,0,8,26,9,43,0,0,114,2,116,0,8,140,11,159,46,0,46,205
11/20/2008,MTN,MD,AEA,EN,Federal Contract Tower,0,2,35,6,43,0,1,83,4,88,0,3,118,10,131,68,0,68,199
11/21/2008,MTN,MD,AEA,EN,Federal Contract Tower,0,5,18,5,28,0,1,34,1,36,0,6,52,6,64,14,0,14,78
11/22/2008,MTN,MD,AEA,EN,Federal Contract Tower,0,1,11,2,14,0,1,49,4,54,0,2,60,6,68,82,0,82,150
11/23/2008,MTN,MD,AEA,EN,Federal Contract Tower,0,2,23,1,26,0,0,61,3,64,0,2,84,4,90,46,0,46,136
11/24/2008,MTN,MD,AEA,EN,Federal Contract Tower,0,2,22,9,33,0,2,61,10,73,0,4,83,19,106,30,14,44,150
11/25/2008,MTN,MD,AEA,EN,Federal Contract Tower,0,6,22,6,34,0,0,72,8,80,0,6,94,14,114,22,0,22,136
11/26/2008,MTN,MD,AEA,EN,Federal Contract Tower,0,3,35,9,47,0,0,81,10,91,0,3,116,19,138,40,0,40,178
11/27/2008,MTN,MD,AEA,EN,Federal Contract Tower,0,1,11,0,12,0,1,42,0,43,0,2,53,0,55,6,0,6,61
11/28/2008,MTN,MD,AEA,EN,Federal Contract Tower,0,0,20,0,20,0,0,85,0,85,0,0,105,0,105,94,0,94,199
11/29/2008,MTN,MD,AEA,EN,Federal Contract Tower,0,4,23,0,27,0,0,118,0,118,0,4,141,0,145,130,0,130,275
11/30/2008,MTN,MD,AEA,EN,Federal Contract Tower,0,3,15,0,18,0,0,0,0,0,0,3,15,0,18,0,0,0,18
12/01/2008,MTN,MD,AEA,EN,Federal Contract Tower,0,6,31,0,37,0,1,41,0,42,0,7,72,0,79,0,0,0,79
12/02/2008,MTN,MD,AEA,EN,Federal Contract Tower,0,4,28,20,52,0,1,82,13,96,0,5,110,33,148,46,2,48,196
12/03/2008,MTN,MD,AEA,EN,Federal Contract Tower,0,6,17,17,40,0,0,119,12,131,0,6,136,29,171,174,4,178,349
12/04/2008,MTN,MD,AEA,EN,Federal Contract Tower,0,2,15,11,28,0,4,83,22,109,0,6,98,33,137,48,4,52,189
12/05/2008,MTN,MD,AEA,EN,Federal Contract Tower,0,5,32,15,52,0,0,99,16,115,0,5,131,31,167,44,4,48,215
12/06/2008,MTN,MD,AEA,EN,Federal Contract Tower,0,2,14,8,24,0,0,70,3,73,0,2,84,11,97,106,0,106,203
12/07/2008,MTN,MD,AEA,EN,Federal Contract Tower,0,3,13,0,16,0,1,13,0,14,0,4,26,0,30,8,0,8,38
12/08/2008,MTN,MD,AEA,EN,Federal Contract Tower,0,5,29,7,41,0,0,78,10,88,0,5,107,17,129,22,4,26,155
12/09/2008,MTN,MD,AEA,EN,Federal Contract Tower,0,2,11,20,33,0,0,62,11,73,0,2,73,31,106,28,2,30,136
12/10/2008,MTN,MD,AEA,EN,Federal Contract Tower,0,5,30,2,37,0,1,21,0,22,0,6,51,2,59,0,0,0,59
12/11/2008,MTN,MD,AEA,EN,Federal Contract Tower,0,0,15,0,15,0,0,2,0,2,0,0,17,0,17,0,0,0,17
12/12/2008,MTN,MD,AEA,EN,Federal Contract Tower,0,2,18,4,24,0,1,30,5,36,0,3,48,9,60,2,0,2,62
12/13/2008,MTN,MD,AEA,EN,Federal Contract Tower,0,2,18,0,20,0,0,85,3,88,0,2,103,3,108,138,0,138,246
12/14/2008,MTN,MD,AEA,EN,Federal Contract Tower,0,4,22,2,28,0,0,90,0,90,0,4,112,2,118,78,0,78,196
12/15/2008,MTN,MD,AEA,EN,Federal Contract Tower,0,5,22,8,35,0,0,99,5,104,0,5,121,13,139,40,6,46,185
12/16/2008,MTN,MD,AEA,EN,Federal Contract Tower,0,0,32,11,43,0,0,13,11,24,0,0,45,22,67,0,0,0,67
12/17/2008,MTN,MD,AEA,EN,Federal Contract Tower,0,3,28,6,37,0,0,50,0,50,0,3,78,6,87,0,0,0,87
12/18/2008,MTN,MD,AEA,EN,Federal Contract Tower,0,1,24,17,42,0,0,92,10,102,0,1,116,27,144,66,2,68,212
12/19/2008,MTN,MD,AEA,EN,Federal Contract Tower,0,1,4,0,5,0,1,3,0,4,0,2,7,0,9,0,0,0,9
12/20/2008,MTN,MD,AEA,EN,Federal Contract Tower,0,0,16,1,17,0,3,46,0,49,0,3,62,1,66,68,0,68,134
12/21/2008,MTN,MD,AEA,EN,Federal Contract Tower,0,0,7,0,7,0,0,21,0,21,0,0,28,0,28,0,0,0,28
12/22/2008,MTN,MD,AEA,EN,Federal Contract Tower,0,0,10,9,19,0,0,49,16,65,0,0,59,25,84,0,8,8,92
12/23/2008,MTN,MD,AEA,EN,Federal Contract Tower,0,0,21,9,30,0,0,109,6,115,0,0,130,15,145,50,0,50,195
12/24/2008,MTN,MD,AEA,EN,Federal Contract Tower,0,2,4,0,6,0,1,46,0,47,0,3,50,0,53,10,0,10,63
12/25/2008,MTN,MD,AEA,EN,Federal Contract Tower,0,0,4,0,4,0,2,9,0,11,0,2,13,0,15,6,0,6,21
12/26/2008,MTN,MD,AEA,EN,Federal Contract Tower,0,8,23,0,31,0,0,74,0,74,0,8,97,0,105,98,0,98,203
12/27/2008,MTN,MD,AEA,EN,Federal Contract Tower,0,0,6,0,6,0,0,8,0,8,0,0,14,0,14,6,0,6,20
12/28/2008,MTN,MD,AEA,EN,Federal Contract Tower,0,2,7,0,9,0,2,20,0,22,0,4,27,0,31,0,0,0,31
12/29/2008,MTN,MD,AEA,EN,Federal Contract Tower,0,4,19,4,27,0,2,117,0,119,0,6,136,4,146,46,0,46,192
12/30/2008,MTN,MD,AEA,EN,Federal Contract Tower,0,0,12,1,13,0,0,107,7,114,0,0,119,8,127,70,0,70,197
12/31/2008,MTN,MD,AEA,EN,Federal Contract Tower,0,0,4,0,4,0,0,15,0,15,0,0,19,0,19,0,0,0,19
01/01/2009,MTN,MD,AEA,EN,Federal Contract Tower,0,0,12,0,12,0,0,74,0,74,0,0,86,0,86,22,0,22,108
01/02/2009,MTN,MD,AEA,EN,Federal Contract Tower,0,2,12,0,14,0,2,42,0,44,0,4,54,0,58,10,0,10,68
01/03/2009,MTN,MD,AEA,EN,Federal Contract Tower,0,0,18,0,18,0,0,125,0,125,0,0,143,0,143,140,0,140,283
01/04/2009,MTN,MD,AEA,EN,Federal Contract Tower,0,2,30,0,32,0,0,51,0,51,0,2,81,0,83,38,0,38,121
01/05/2009,MTN,MD,AEA,EN,Federal Contract Tower,0,1,14,0,15,0,1,61,0,62,0,2,75,0,77,74,0,74,151
01/06/2009,MTN,MD,AEA,EN,Federal Contract Tower,0,2,6,0,8,0,0,7,0,7,0,2,13,0,15,0,0,0,15
01/07/2009,MTN,MD,AEA,EN,Federal Contract Tower,0,4,12,2,18,0,0,8,0,8,0,4,20,2,26,0,0,0,26
01/08/2009,MTN,MD,AEA,EN,Federal Contract Tower,0,6,16,18,40,0,3,71,2,76,0,9,87,20,116,2,5,7,123
01/09/2009,MTN,MD,AEA,EN,Federal Contract Tower,0,2,31,9,42,0,1,100,4,105,0,3,131,13,147,40,2,42,189
01/10/2009,MTN,MD,AEA,EN,Federal Contract Tower,0,4,6,7,17,0,0,51,30,81,0,4,57,37,98,50,0,50,148
01/11/2009,MTN,MD,AEA,EN,Federal Contract Tower,0,0,21,6,27,0,2,43,6,51,0,2,64,12,78,64,0,64,142
01/12/2009,MTN,MD,AEA,EN,Federal Contract Tower,0,3,23,2,28,0,0,84,0,84,0,3,107,2,112,62,0,62,174
01/13/2009,MTN,MD,AEA,EN,Federal Contract Tower,0,4,33,13,50,0,0,65,6,71,0,4,98,19,121,14,2,16,137
01/14/2009,MTN,MD,AEA,EN,Federal Contract Tower,0,6,22,21,49,0,1,97,11,109,0,7,119,32,158,56,2,58,216
01/15/2009,MTN,MD,AEA,EN,Federal Contract Tower,0,3,20,4,27,0,1,60,0,61,0,4,80,4,88,16,0,16,104
01/16/2009,MTN,MD,AEA,EN,Federal Contract Tower,0,3,25,5,33,0,0,86,8,94,0,3,111,13,127,38,0,38,165
01/17/2009,MTN,MD,AEA,EN,Federal Contract Tower,0,3,13,8,24,0,1,71,5,77,0,4,84,13,101,74,0,74,175
01/18/2009,MTN,MD,AEA,EN,Federal Contract Tower,0,1,17,1,19,0,2,61,0,63,0,3,78,1,82,66,0,66,148
01/19/2009,MTN,MD,AEA,EN,Federal Contract Tower,0,2,27,6,35,0,0,30,0,30,0,2,57,6,65,0,0,0,65
01/20/2009,MTN,MD,AEA,EN,Federal Contract Tower,0,4,10,2,16,0,0,58,2,60,0,4,68,4,76,28,0,28,104
01/21/2009,MTN,MD,AEA,EN,Federal Contract Tower,0,8,21,14,43,0,0,91,19,110,0,8,112,33,153,68,0,68,221
01/22/2009,MTN,MD,AEA,EN,Federal Contract Tower,0,4,34,18,56,0,4,105,20,129,0,8,139,38,185,74,0,74,259
01/23/2009,MTN,MD,AEA,EN,Federal Contract Tower,0,2,27,7,36,0,2,121,12,135,0,4,148,19,171,70,0,70,241
01/24/2009,MTN,MD,AEA,EN,Federal Contract Tower,0,2,12,0,14,0,2,76,0,78,0,4,88,0,92,78,0,78,170
01/25/2009,MTN,MD,AEA,EN,Federal Contract Tower,0,2,23,1,26,0,0,118,0,118,0,2,141,1,144,48,0,48,192
01/26/2009,MTN,MD,AEA,EN,Federal Contract Tower,0,6,11,3,20,0,0,65,0,65,0,6,76,3,85,54,0,54,139
01/27/2009,MTN,MD,AEA,EN,Federal Contract Tower,0,0,12,0,12,0,0,8,0,8,0,0,20,0,20,0,0,0,20
01/28/2009,MTN,MD,AEA,EN,Federal Contract Tower,0,1,2,0,3,0,0,2,0,2,0,1,4,0,5,0,0,0,5
01/29/2009,MTN,MD,AEA,EN,Federal Contract Tower,0,3,9,16,28,0,0,76,8,84,0,3,85,24,112,36,2,38,150
01/30/2009,MTN,MD,AEA,EN,Federal Contract Tower,0,2,18,13,33,0,0,63,10,73,0,2,81,23,106,36,2,38,144
01/31/2009,MTN,MD,AEA,EN,Federal Contract Tower,0,4,21,1,26,0,0,82,0,82,0,4,103,1,108,36,0,36,144
02/01/2009,MTN,MD,AEA,EN,Federal Contract Tower,0,4,21,2,27,0,2,113,0,115,0,6,134,2,142,84,0,84,226
02/02/2009,MTN,MD,AEA,EN,Federal Contract Tower,0,4,13,0,17,0,0,73,0,73,0,4,86,0,90,54,0,54,144
02/03/2009,MTN,MD,AEA,EN,Federal Contract Tower,0,1,7,4,12,0,0,31,0,31,0,1,38,4,43,0,0,0,43
02/04/2009,MTN,MD,AEA,EN,Federal Contract Tower,0,1,22,11,34,0,0,64,16,80,0,1,86,27,114,22,2,24,138
02/05/2009,MTN,MD,AEA,EN,Federal Contract Tower,0,6,26,12,44,0,0,82,9,91,0,6,108,21,135,22,2,24,159
02/06/2009,MTN,MD,AEA,EN,Federal Contract Tower,0,3,20,8,31,0,0,111,6,117,0,3,131,14,148,92,2,94,242
02/07/2009,MTN,MD,AEA,EN,Federal Contract Tower,0,4,21,7,32,0,2,107,6,115,0,6,128,13,147,120,0,120,267
02/08/2009,MTN,MD,AEA,EN,Federal Contract Tower,0,5,13,0,18,0,1,64,0,65,0,6,77,0,83,50,0,50,133
02/09/2009,MTN,MD,AEA,EN,Federal Contract Tower,0,4,15,7,26,0,0,90,2,92,0,4,105,9,118,26,4,30,148
02/10/2009,MTN,MD,AEA,EN,Federal Contract Tower,0,4,14,12,30,0,2,104,13,119,0,6,118,25,149,62,8,70,219
02/11/2009,MTN,MD,AEA,EN,Federal Contract Tower,0,6,20,14,40,0,1,92,10,103,0,7,112,24,143,10,16,26,169
02/12/2009,MTN,MD,AEA,EN,Federal Contract Tower,0,8,15,2,25,0,1,8,0,9,0,9,23,2,34,0,0,0,34
02/13/2009,MTN,MD,AEA,EN,Federal Contract Tower,0,2,18,1,21,0,0,63,0,63,0,2,81,1,84,12,0,12,96
02/14/2009,MTN,MD,AEA,EN,Federal Contract Tower,0,1,18,2,21,0,0,138,0,138,0,1,156,2,159,234,0,234,393
02/15/2009,MTN,MD,AEA,EN,Federal Contract Tower,0,2,15,0,17,0,0,112,0,112,0,2,127,0,129,114,0,114,243
02/16/2009,MTN,MD,AEA,EN,Federal Contract Tower,0,2,25,0,27,0,0,90,0,90,0,2,115,0,117,34,0,34,151
02/17/2009,MTN,MD,AEA,EN,Federal Contract Tower,0,2,28,18,48,0,0,89,10,99,0,2,117,28,147,92,0,92,239
02/18/2009,MTN,MD,AEA,EN,Federal Contract Tower,0,5,23,2,30,0,0,6,0,6,0,5,29,2,36,0,0,0,36
02/19/2009,MTN,MD,AEA,EN,Federal Contract Tower,0,6,20,14,40,0,3,35,25,63,0,9,55,39,103,6,2,8,111
02/20/2009,MTN,MD,AEA,EN,Federal Contract Tower,0,4,25,12,41,0,0,39,3,42,0,4,64,15,83,26,0,26,109
02/21/2009,MTN,MD,AEA,EN,Federal Contract Tower,0,3,17,16,36,0,0,115,5,120,0,3,132,21,156,94,2,96,252
02/22/2009,MTN,MD,AEA,EN,Federal Contract Tower,0,2,12,2,16,0,0,8,0,8,0,2,20,2,24,0,0,0,24
02/23/2009,MTN,MD,AEA,EN,Federal Contract Tower,0,4,17,0,21,0,0,31,0,31,0,4,48,0,52,6,0,6,58
02/24/2009,MTN,MD,AEA,EN,Federal Contract Tower,0,1,20,15,36,0,0,85,16,101,0,1,105,31,137,44,6,50,187
02/25/2009,MTN,MD,AEA,EN,Federal Contract Tower,0,0,29,14,43,0,2,107,9,118,0,2,136,23,161,72,2,74,235
02/26/2009,MTN,MD,AEA,EN,Federal Contract Tower,0,2,20,12,34,0,0,90,19,109,0,2,110,31,143,62,6,68,211
02/27/2009,MTN,MD,AEA,EN,Federal Contract Tower,0,5,17,12,34,0,0,51,7,58,0,5,68,19,92,8,0,8,100
02/28/2009,MTN,MD,AEA,EN,Federal Contract Tower,0,2,15,0,17,0,0,66,0,66,0,2,81,0,83,48,0,48,131
03/01/2009,MTN,MD,AEA,EN,Federal Contract Tower,0,1,10,0,11,0,0,2,0,2,0,1,12,0,13,0,0,0,13
03/02/2009,MTN,MD,AEA,EN,Federal Contract Tower,0,0,4,5,9,0,3,20,0,23,0,3,24,5,32,0,0,0,32
03/03/2009,MTN,MD,AEA,EN,Federal Contract Tower,0,2,24,3,29,0,0,45,2,47,0,2,69,5,76,60,0,60,136
03/04/2009,MTN,MD,AEA,EN,Federal Contract Tower,0,5,22,12,39,0,0,70,10,80,0,5,92,22,119,44,2,46,165
03/05/2009,MTN,MD,AEA,EN,Federal Contract Tower,0,4,28,11,43,0,0,94,9,103,0,4,122,20,146,56,0,56,202
03/06/2009,MTN,MD,AEA,EN,Federal Contract Tower,0,5,20,10,35,0,0,96,2,98,0,5,116,12,133,42,0,42,175
03/07/2009,MTN,MD,AEA,EN,Federal Contract Tower,0,7,24,0,31,0,0,106,8,114,0,7,130,8,145,90,0,90,235
03/08/2009,MTN,MD,AEA,EN,Federal Contract Tower,0,2,14,6,22,0,2,91,6,99,0,4,105,12,121,40,4,44,165
03/09/2009,MTN,MD,AEA,EN,Federal Contract Tower,0,7,22,4,33,0,3,53,0,56,0,10,75,4,89,60,0,60,149
03/10/2009,MTN,MD,AEA,EN,Federal Contract Tower,0,3,23,9,35,0,1,79,6,86,0,4,102,15,121,28,0,28,149
03/11/2009,MTN,MD,AEA,EN,Federal Contract Tower,0,5,9,14,28,0,0,40,6,46,0,5,49,20,74,0,0,0,74
03/12/2009,MTN,MD,AEA,EN,Federal Contract Tower,0,3,22,10,35,0,3,106,7,116,0,6,128,17,151,72,6,78,229
03/13/2009,MTN,MD,AEA,EN,Federal Contract Tower,0,4,24,9,37,0,0,89,2,91,0,4,113,11,128,80,0,80,208
03/14/2009,MTN,MD,AEA,EN,Federal Contract Tower,0,2,21,0,23,0,0,87,0,87,0,2,108,0,110,90,0,90,200
03/15/2009,MTN,MD,AEA,EN,Federal Contract Tower,0,3,11,2,16,0,0,1,0,1,0,3,12,2,17,4,0,4,21
03/16/2009,MTN,MD,AEA,EN,Federal Contract Tower,0,3,16,1,20,0,0,25,4,29,0,3,41,5,49,6,0,6,55
03/17/2009,MTN,MD,AEA,EN,Federal Contract Tower,0,0,19,11,30,0,0,53,11,64,0,0,72,22,94,10,0,10,104
03/18/2009,MTN,MD,AEA,EN,Federal Contract Tower,0,2,48,8,58,0,0,53,6,59,0,2,101,14,117,14,0,14,131
03/19/2009,MTN,MD,AEA,EN,Federal Contract Tower,0,6,25,13,44,0,0,34,11,45,0,6,59,24,89,0,4,4,93
03/20/2009,MTN,MD,AEA,EN,Federal Contract Tower,0,3,34,13,50,0,1,102,7,110,0,4,136,20,160,40,0,40,200
03/21/2009,MTN,MD,AEA,EN,Federal Contract Tower,0,1,19,7,27,0,9,139,1,149,0,10,158,8,176,138,0,138,314
03/22/2009,MTN,MD,AEA,EN,Federal Contract Tower,0,2,23,0,25,0,0,127,0,127,0,2,150,0,152,156,0,156,308
03/23/2009,MTN,MD,AEA,EN,Federal Contract Tower,0,2,19,2,23,0,3,82,0,85,0,5,101,2,108,68,0,68,176
03/24/2009,MTN,MD,AEA,EN,Federal Contract Tower,0,2,20,15,37,0,0,91,10,101,0,2,111,25,138,112,2,114,252
03/25/2009,MTN,MD,AEA,EN,Federal Contract Tower,0,1,26,15,42,0,0,92,8,100,0,1,118,23,142,118,0,118,260
03/26/2009,MTN,MD,AEA,EN,Federal Contract Tower,0,3,27,0,30,0,0,6,0,6,0,3,33,0,36,18,0,18,54
03/27/2009,MTN,MD,AEA,EN,Federal Contract Tower,0,2,27,15,44,0,1,119,1,121,0,3,146,16,165,142,0,142,307
03/28/2009,MTN,MD,AEA,EN,Federal Contract Tower,0,2,18,1,21,0,0,0,0,0,0,2,18,1,21,0,0,0,21
03/29/2009,MTN,MD,AEA,EN,Federal Contract Tower,0,2,17,2,21,0,0,22,0,22,0,2,39,2,43,62,0,62,105
03/30/2009,MTN,MD,AEA,EN,Federal Contract Tower,0,2,22,0,24,0,0,0,0,0,0,2,22,0,24,14,0,14,38
03/31/2009,MTN,MD,AEA,EN,Federal Contract Tower,0,3,25,9,37,0,0,122,5,127,0,3,147,14,164,102,0,102,266
04/01/2009,MTN,MD,AEA,EN,Federal Contract Tower,0,1,29,21,51,0,0,37,5,42,0,1,66,26,93,20,0,20,113
04/02/2009,MTN,MD,AEA,EN,Federal Contract Tower,0,3,33,14,50,0,2,28,4,34,0,5,61,18,84,4,0,4,88
04/03/2009,MTN,MD,AEA,EN,Federal Contract Tower,0,5,24,2,31,0,0,32,13,45,0,5,56,15,76,0,0,0,76
04/04/2009,MTN,MD,AEA,EN,Federal Contract Tower,0,0,14,0,14,0,0,22,12,34,0,0,36,12,48,0,0,0,48
04/05/2009,MTN,MD,AEA,EN,Federal Contract Tower,0,2,27,0,29,0,0,137,0,137,0,2,164,0,166,98,0,98,264
04/06/2009,MTN,MD,AEA,EN,Federal Contract Tower,0,0,17,2,19,0,0,37,1,38,0,0,54,3,57,16,0,16,73
04/07/2009,MTN,MD,AEA,EN,Federal Contract Tower,0,0,39,8,47,0,1,66,10,77,0,1,105,18,124,18,2,20,144
04/08/2009,MTN,MD,AEA,EN,Federal Contract Tower,0,1,26,16,43,0,4,84,13,101,0,5,110,29,144,14,0,14,158
04/09/2009,MTN,MD,AEA,EN,Federal Contract Tower,0,7,25,12,44,0,2,107,10,119,0,9,132,22,163,28,0,28,191
04/10/2009,MTN,MD,AEA,EN,Federal Contract Tower,0,3,25,9,37,0,0,93,12,105,0,3,118,21,142,34,0,34,176
04/11/2009,MTN,MD,AEA,EN,Federal Contract Tower,0,3,19,0,22,0,0,12,0,12,0,3,31,0,34,12,0,12,46
04/12/2009,MTN,MD,AEA,EN,Federal Contract Tower,0,5,23,0,28,0,2,38,0,40,0,7,61,0,68,16,0,16,84
04/13/2009,MTN,MD,AEA,EN,Federal Contract Tower,0,4,25,0,29,0,2,88,0,90,0,6,113,0,119,60,0,60,179
04/14/2009,MTN,MD,AEA,EN,Federal Contract Tower,0,3,31,2,36,0,0,4,0,4,0,3,35,2,40,0,0,0,40
04/15/2009,MTN,MD,AEA,EN,Federal Contract Tower,0,5,20,11,36,0,0,0,0,0,0,5,20,11,36,0,0,0,36
04/16/2009,MTN,MD,AEA,EN,Federal Contract Tower,0,7,28,16,51,0,0,126,21,147,0,7,154,37,198,102,2,104,302
04/17/2009,MTN,MD,AEA,EN,Federal Contract Tower,0,2,34,9,45,0,3,172,7,182,0,5,206,16,227,94,0,94,321
04/18/2009,MTN,MD,AEA,EN,Federal Contract Tower,0,5,25,0,30,0,1,154,0,155,0,6,179,0,185,44,0,44,229
04/19/2009,MTN,MD,AEA,EN,Federal Contract Tower,0,2,19,2,23,0,0,86,1,87,0,2,105,3,110,70,0,70,180
04/20/2009,MTN,MD,AEA,EN,Federal Contract Tower,0,4,23,0,27,0,0,0,0,0,0,4,23,0,27,0,0,0,27
04/21/2009,MTN,MD,AEA,EN,Federal Contract Tower,0,4,23,13,40,0,0,76,16,92,0,4,99,29,132,72,10,82,214
04/22/2009,MTN,MD,AEA,EN,Federal Contract Tower,0,6,27,13,46,0,1,62,9,72,0,7,89,22,118,52,0,52,170
04/23/2009,MTN,MD,AEA,EN,Federal Contract Tower,0,2,25,8,35,0,3,83,1,87,0,5,108,9,122,16,0,16,138
04/24/2009,MTN,MD,AEA,EN,Federal Contract Tower,0,2,38,5,45,0,1,146,0,147,0,3,184,5,192,92,0,92,284
04/25/2009,MTN,MD,AEA,EN,Federal Contract Tower,0,1,24,0,25,0,1,113,0,114,0,2,137,0,139,88,0,88,227
04/26/2009,MTN,MD,AEA,EN,Federal Contract Tower,0,6,24,2,32,0,0,107,0,107,0,6,131,2,139,112,0,112,251
04/27/2009,MTN,MD,AEA,EN,Federal Contract Tower,0,6,31,0,37,0,0,112,0,112,0,6,143,0,149,44,0,44,193
04/28/2009,MTN,MD,AEA,EN,Federal Contract Tower,0,5,40,4,49,0,1,121,4,126,0,6,161,8,175,50,0,50,225
04/29/2009,MTN,MD,AEA,EN,Federal Contract Tower,0,4,19,9,32,0,1,49,0,50,0,5,68,9,82,32,0,32,114
04/30/2009,MTN,MD,AEA,EN,Federal Contract Tower,0,2,26,4,32,0,0,97,3,100,0,2,123,7,132,78,0,78,210
05/01/2009,MTN,MD,AEA,EN,Federal Contract Tower,0,6,27,5,38,0,0,46,1,47,0,6,73,6,85,2,0,2,87
05/02/2009,MTN,MD,AEA,EN,Federal Contract Tower,0,1,24,12,37,0,0,62,2,64,0,1,86,14,101,122,2,124,225
05/03/2009,MTN,MD,AEA,EN,Federal Contract Tower,0,3,10,2,15,0,0,2,0,2,0,3,12,2,17,0,0,0,17
05/04/2009,MTN,MD,AEA,EN,Federal Contract Tower,0,1,24,0,25,0,0,1,0,1,0,1,25,0,26,0,0,0,26
05/05/2009,MTN,MD,AEA,EN,Federal Contract Tower,0,6,39,9,54,0,0,38,1,39,0,6,77,10,93,0,0,0,93
05/06/2009,MTN,MD,AEA,EN,Federal Contract Tower,0,7,32,7,46,0,0,33,0,33,0,7,65,7,79,0,0,0,79
05/07/2009,MTN,MD,AEA,EN,Federal Contract Tower,0,10,25,3,38,0,0,49,7,56,0,10,74,10,94,26,0,26,120
05/08/2009,MTN,MD,AEA,EN,Federal Contract Tower,0,7,31,10,48,0,0,112,0,112,0,7,143,10,160,130,0,130,290
05/09/2009,MTN,MD,AEA,EN,Federal Contract Tower,0,2,7,3,12,0,0,59,0,59,0,2,66,3,71,52,0,52,123
05/10/2009,MTN,MD,AEA,EN,Federal Contract Tower,0,0,19,2,21,0,4,64,0,68,0,4,83,2,89,72,0,72,161
05/11/2009,MTN,MD,AEA,EN,Federal Contract Tower,0,2,25,0,27,0,0,78,0,78,0,2,103,0,105,100,0,100,205
05/12/2009,MTN,MD,AEA,EN,Federal Contract Tower,0,4,26,6,36,0,0,103,2,105,0,4,129,8,141,74,0,74,215
05/13/2009,MTN,MD,AEA,EN,Federal Contract Tower,0,6,33,12,51,0,0,126,6,132,0,6,159,18,183,148,6,154,337
05/14/2009,MTN,MD,AEA,EN,Federal Contract Tower,0,8,29,12,49,0,1,57,13,71,0,9,86,25,120,48,2,50,170
05/15/2009,MTN,MD,AEA,EN,Federal Contract Tower,0,2,33,14,49,0,0,74,4,78,0,2,107,18,127,68,0,68,195
05/16/2009,MTN,MD,AEA,EN,Federal Contract Tower,0,7,41,2,50,0,2,33,0,35,0,9,74,2,85,36,0,36,121
05/17/2009,MTN,MD,AEA,EN,Federal Contract Tower,0,0,27,2,29,0,2,54,0,56,0,2,81,2,85,44,0,44,129
05/18/2009,MTN,MD,AEA,EN,Federal Contract Tower,0,2,19,0,21,0,0,87,0,87,0,2,106,0,108,44,0,44,152
05/19/2009,MTN,MD,AEA,EN,Federal Contract Tower,0,3,36,12,51,0,0,103,9,112,0,3,139,21,163,72,0,72,235
05/20/2009,MTN,MD,AEA,EN,Federal Contract Tower,0,3,40,13,56,0,1,108,10,119,0,4,148,23,175,96,0,96,271
05/21/2009,MTN,MD,AEA,EN,Federal Contract Tower,0,3,22,7,32,0,1,109,5,115,0,4,131,12,147,48,14,62,209
05/22/2009,MTN,MD,AEA,EN,Federal Contract Tower,0,6,31,1,38,0,6,99,0,105,0,12,130,1,143,50,0,50,193
05/23/2009,MTN,MD,AEA,EN,Federal Contract Tower,0,2,25,2,29,0,0,106,0,106,0,2,131,2,135,94,0,94,229
05/24/2009,MTN,MD,AEA,EN,Federal Contract Tower,0,5,17,2,24,0,2,66,0,68,0,7,83,2,92,46,0,46,138
05/25/2009,MTN,MD,AEA,EN,Federal Contract Tower,0,1,22,1,24,0,1,65,4,70,0,2,87,5,94,50,0,50,144
05/26/2009,MTN,MD,AEA,EN,Federal Contract Tower,0,6,23,6,35,0,0,24,0,24,0,6,47,6,59,0,0,0,59
05/27/2009,MTN,MD,AEA,EN,Federal Contract Tower,0,0,25,5,30,0,0,32,1,33,0,0,57,6,63,10,8,18,81
05/28/2009,MTN,MD,AEA,EN,Federal Contract Tower,0,3,25,8,36,0,0,23,2,25,0,3,48,10,61,6,2,8,69
05/29/2009,MTN,MD,AEA,EN,Federal Contract Tower,0,7,37,4,48,0,0,32,0,32,0,7,69,4,80,14,0,14,94
05/30/2009,MTN,MD,AEA,EN,Federal Contract Tower,0,1,21,1,23,0,1,137,0,138,0,2,158,1,161,100,6,106,267
05/31/2009,MTN,MD,AEA,EN,Federal Contract Tower,0,2,18,1,21,0,0,114,0,114,0,2,132,1,135,122,0,122,257
06/01/2009,MTN,MD,AEA,EN,Federal Contract Tower,0,0,15,1,16,0,0,100,0,100,0,0,115,1,116,88,0,88,204
06/02/2009,MTN,MD,AEA,EN,Federal Contract Tower,0,0,21,13,34,0,1,89,10,100,0,1,110,23,134,62,2,64,198
06/03/2009,MTN,MD,AEA,EN,Federal Contract Tower,0,6,28,15,49,0,0,61,7,68,0,6,89,22,117,136,0,136,253
06/04/2009,MTN,MD,AEA,EN,Federal Contract Tower,0,6,42,19,67,0,0,19,0,19,0,6,61,19,86,6,0,6,92
06/05/2009,MTN,MD,AEA,EN,Federal Contract Tower,0,4,64,9,77,0,0,2,0,2,0,4,66,9,79,0,0,0,79
06/06/2009,MTN,MD,AEA,EN,Federal Contract Tower,0,0,25,8,33,0,4,102,1,107,0,4,127,9,140,62,0,62,202
06/07/2009,MTN,MD,AEA,EN,Federal Contract Tower,0,11,40,1,52,0,3,137,0,140,0,14,177,1,192,70,0,70,262
06/08/2009,MTN,MD,AEA,EN,Federal Contract Tower,0,1,34,0,35,0,1,88,0,89,0,2,122,0,124,112,0,112,236
06/09/2009,MTN,MD,AEA,EN,Federal Contract Tower,0,4,33,12,49,0,2,53,5,60,0,6,86,17,109,90,2,92,201
06/10/2009,MTN,MD,AEA,EN,Federal Contract Tower,0,0,28,9,37,0,0,102,21,123,0,0,130,30,160,120,0,120,280
06/11/2009,MTN,MD,AEA,EN,Federal Contract Tower,0,3,38,7,48,0,0,12,1,13,0,3,50,8,61,0,0,0,61
06/12/2009,MTN,MD,AEA,EN,Federal Contract Tower,0,4,27,7,38,0,1,116,2,119,0,5,143,9,157,132,0,132,289
06/13/2009,MTN,MD,AEA,EN,Federal Contract Tower,0,1,19,1,21,0,5,125,0,130,0,6,144,1,151,56,0,56,207
06/14/2009,MTN,MD,AEA,EN,Federal Contract Tower,0,2,35,3,40,0,2,99,0,101,0,4,134,3,141,104,0,104,245
06/15/2009,MTN,MD,AEA,EN,Federal Contract Tower,0,4,36,0,40,0,2,42,0,44,0,6,78,0,84,24,0,24,108
06/16/2009,MTN,MD,AEA,EN,Federal Contract Tower,0,10,43,9,62,0,2,67,6,75,0,12,110,15,137,84,2,86,223
06/17/2009,MTN,MD,AEA,EN,Federal Contract Tower,0,2,41,13,56,0,2,53,0,55,0,4,94,13,111,0,0,0,111
06/18/2009,MTN,MD,AEA,EN,Federal Contract Tower,0,3,32,7,42,0,0,40,0,40,0,3,72,7,82,0,0,0,82
06/19/2009,MTN,MD,AEA,EN,Federal Contract Tower,0,5,57,5,67,0,2,129,3,134,0,7,186,8,201,148,0,148,349
06/20/2009,MTN,MD,AEA,EN,Federal Contract Tower,0,0,17,0,17,0,0,15,0,15,0,0,32,0,32,16,0,16,48
06/21/2009,MTN,MD,AEA,EN,Federal Contract Tower,0,0,35,0,35,0,0,50,0,50,0,0,85,0,85,94,0,94,179
06/22/2009,MTN,MD,AEA,EN,Federal Contract Tower,0,8,24,2,34,0,1,87,0,88,0,9,111,2,122,82,0,82,204
06/23/2009,MTN,MD,AEA,EN,Federal Contract Tower,0,4,38,8,50,0,8,95,4,107,0,12,133,12,157,126,0,126,283
06/24/2009,MTN,MD,AEA,EN,Federal Contract Tower,0,5,39,10,54,0,1,107,10,118,0,6,146,20,172,82,6,88,260
06/25/2009,MTN,MD,AEA,EN,Federal Contract Tower,0,6,48,14,68,0,6,125,22,153,0,12,173,36,221,76,4,80,301
06/26/2009,MTN,MD,AEA,EN,Federal Contract Tower,0,3,32,12,47,0,2,90,10,102,0,5,122,22,149,90,16,106,255
06/27/2009,MTN,MD,AEA,EN,Federal Contract Tower,0,1,27,1,29,0,1,133,0,134,0,2,160,1,163,114,0,114,277
06/28/2009,MTN,MD,AEA,EN,Federal Contract Tower,0,1,29,1,31,0,0,89,0,89,0,1,118,1,120,66,0,66,186
06/29/2009,MTN,MD,AEA,EN,Federal Contract Tower,0,0,29,0,29,0,0,85,0,85,0,0,114,0,114,52,0,52,166
06/30/2009,MTN,MD,AEA,EN,Federal Contract Tower,0,1,27,17,45,0,3,76,13,92,0,4,103,30,137,60,10,70,207
07/01/2009,MTN,MD,AEA,EN,Federal Contract Tower,0,1,36,12,49,0,1,102,9,112,0,2,138,21,161,92,0,92,253
07/02/2009,MTN,MD,AEA,EN,Federal Contract Tower,0,2,27,11,40,0,0,102,4,106,0,2,129,15,146,88,6,94,240
07/03/2009,MTN,MD,AEA,EN,Federal Contract Tower,0,1,21,1,23,0,2,103,0,105,0,3,124,1,128,116,0,116,244
07/04/2009,MTN,MD,AEA,EN,Federal Contract Tower,0,0,14,1,15,0,0,70,6,76,0,0,84,7,91,36,4,40,131
07/05/2009,MTN,MD,AEA,EN,Federal Contract Tower,0,2,15,0,17,0,3,90,0,93,0,5,105,0,110,88,2,90,200
07/06/2009,MTN,MD,AEA,EN,Federal Contract Tower,0,7,22,2,31,0,4,111,0,115,0,11,133,2,146,154,0,154,300
07/07/2009,MTN,MD,AEA,EN,Federal Contract Tower,0,4,27,7,38,0,1,109,15,125,0,5,136,22,163,142,2,144,307
07/08/2009,MTN,MD,AEA,EN,Federal Contract Tower,0,3,35,8,46,0,0,105,6,111,0,3,140,14,157,102,12,114,271
07/09/2009,MTN,MD,AEA,EN,Federal Contract Tower,0,0,26,8,34,0,0,119,8,127,0,0,145,16,161,154,0,154,315
07/10/2009,MTN,MD,AEA,EN,Federal Contract Tower,0,4,24,8,36,0,0,80,6,86,0,4,104,14,122,120,0,120,242
07/11/2009,MTN,MD,AEA,EN,Federal Contract Tower,0,2,12,5,19,0,1,105,0,106,0,3,117,5,125,80,0,80,205
07/12/2009,MTN,MD,AEA,EN,Federal Contract Tower,0,0,29,3,32,0,8,111,0,119,0,8,140,3,151,104,0,104,255
07/13/2009,MTN,MD,AEA,EN,Federal Contract Tower,0,0,20,2,22,0,1,75,0,76,0,1,95,2,98,70,0,70,168
07/14/2009,MTN,MD,AEA,EN,Federal Contract Tower,0,0,25,8,33,0,1,96,6,103,0,1,121,14,136,118,2,120,256
07/15/2009,MTN,MD,AEA,EN,Federal Contract Tower,0,0,0,0,0,0,0,87,5,92,0,0,87,5,92,126,2,128,220
07/16/2009,MTN,MD,AEA,EN,Federal Contract Tower,0,2,31,11,44,0,0,61,5,66,0,2,92,16,110,58,0,58,168
07/17/2009,MTN,MD,AEA,EN,Federal Contract Tower,0,2,17,8,27,0,0,74,5,79,0,2,91,13,106,96,0,96,202
07/18/2009,MTN,MD,AEA,EN,Federal Contract Tower,0,4,10,0,14,0,1,107,1,109,0,5,117,1,123,64,0,64,187
07/19/2009,MTN,MD,AEA,EN,Federal Contract Tower,0,2,16,0,18,0,3,112,0,115,0,5,128,0,133,86,0,86,219
07/20/2009,MTN,MD,AEA,EN,Federal Contract Tower,0,1,29,2,32,0,0,89,0,89,0,1,118,2,121,168,0,168,289
07/21/2009,MTN,MD,AEA,EN,Federal Contract Tower,0,11,39,14,64,0,1,69,8,78,0,12,108,22,142,70,0,70,212
07/22/2009,MTN,MD,AEA,EN,Federal Contract Tower,0,5,37,22,64,0,1,68,7,76,0,6,105,29,140,78,4,82,222
07/23/2009,MTN,MD,AEA,EN,Federal Contract Tower,0,1,39,15,55,0,0,40,4,44,0,1,79,19,99,0,28,28,127
07/24/2009,MTN,MD,AEA,EN,Federal Contract Tower,0,2,27,7,36,0,4,104,10,118,0,6,131,17,154,110,0,110,264
07/25/2009,MTN,MD,AEA,EN,Federal Contract Tower,0,2,29,6,37,0,3,103,0,106,0,5,132,6,143,180,0,180,323
07/26/2009,MTN,MD,AEA,EN,Federal Contract Tower,0,0,27,2,29,0,1,65,0,66,0,1,92,2,95,78,0,78,173
07/27/2009,MTN,MD,AEA,EN,Federal Contract Tower,0,4,42,0,46,0,2,48,0,50,0,6,90,0,96,46,0,46,142
07/28/2009,MTN,MD,AEA,EN,Federal Contract Tower,0,4,27,8,39,0,1,98,11,110,0,5,125,19,149,116,0,116,265
07/29/2009,MTN,MD,AEA,EN,Federal Contract Tower,0,4,32,10,46,0,0,52,9,61,0,4,84,19,107,24,2,26,133
07/30/2009,MTN,MD,AEA,EN,Federal Contract Tower,0,6,25,11,42,0,4,117,15,136,0,10,142,26,178,92,0,92,270
07/31/2009,MTN,MD,AEA,EN,Federal Contract Tower,0,4,33,11,48,0,2,70,12,84,0,6,103,23,132,42,2,44,176
08/01/2009,MTN,MD,AEA,EN,Federal Contract Tower,0,4,23,6,33,0,0,125,6,131,0,4,148,12,164,208,0,208,372
08/02/2009,MTN,MD,AEA,EN,Federal Contract Tower,0,9,11,0,20,0,1,28,0,29,0,10,39,0,49,38,0,38,87
08/03/2009,MTN,MD,AEA,EN,Federal Contract Tower,0,6,23,0,29,0,0,0,0,0,0,6,23,0,29,40,0,40,69
08/04/2009,MTN,MD,AEA,EN,Federal Contract Tower,0,4,35,8,47,0,0,94,13,107,0,4,129,21,154,86,4,90,244
08/05/2009,MTN,MD,AEA,EN,Federal Contract Tower,0,3,23,11,37,0,2,92,16,110,0,5,115,27,147,78,0,78,225
08/06/2009,MTN,MD,AEA,EN,Federal Contract Tower,0,4,23,15,42,0,1,80,12,93,0,5,103,27,135,92,6,98,233
08/07/2009,MTN,MD,AEA,EN,Federal Contract Tower,0,8,23,7,38,0,0,122,1,123,0,8,145,8,161,36,0,36,197
08/08/2009,MTN,MD,AEA,EN,Federal Contract Tower,0,0,25,0,25,0,1,115,6,122,0,1,140,6,147,106,0,106,253
08/09/2009,MTN,MD,AEA,EN,Federal Contract Tower,0,3,25,6,34,0,1,77,0,78,0,4,102,6,112,46,0,46,158
08/10/2009,MTN,MD,AEA,EN,Federal Contract Tower,0,0,18,2,20,0,0,86,2,88,0,0,104,4,108,72,0,72,180
08/11/2009,MTN,MD,AEA,EN,Federal Contract Tower,0,2,15,6,23,0,2,91,10,103,0,4,106,16,126,84,0,84,210
08/12/2009,MTN,MD,AEA,EN,Federal Contract Tower,0,3,33,10,46,0,4,128,7,139,0,7,161,17,185,114,2,116,301
08/13/2009,MTN,MD,AEA,EN,Federal Contract Tower,0,6,36,5,47,0,0,88,20,108,0,6,124,25,155,56,2,58,213
08/14/2009,MTN,MD,AEA,EN,Federal Contract Tower,0,2,31,8,41,0,1,84,1,86,0,3,115,9,127,110,4,114,241
08/15/2009,MTN,MD,AEA,EN,Federal Contract Tower,0,3,21,6,30,0,2,103,11,116,0,5,124,17,146,88,0,88,234
08/16/2009,MTN,MD,AEA,EN,Federal Contract Tower,0,5,24,3,32,0,0,89,0,89,0,5,113,3,121,32,0,32,153
08/17/2009,MTN,MD,AEA,EN,Federal Contract Tower,0,4,32,0,36,0,2,100,1,103,0,6,132,1,139,34,0,34,173
08/18/2009,MTN,MD,AEA,EN,Federal Contract Tower,0,6,33,10,49,0,1,63,10,74,0,7,96,20,123,38,2,40,163
08/19/2009,MTN,MD,AEA,EN,Federal Contract Tower,0,6,33,7,46,0,0,76,10,86,0,6,109,17,132,92,4,96,228
08/20/2009,MTN,MD,AEA,EN,Federal Contract Tower,0,10,46,13,69,0,0,83,10,93,0,10,129,23,162,68,2,70,232
08/21/2009,MTN,MD,AEA,EN,Federal Contract Tower,0,6,29,6,41,0,0,69,3,72,0,6,98,9,113,132,0,132,245
08/22/2009,MTN,MD,AEA,EN,Federal Contract Tower,0,2,18,1,21,0,0,4,1,5,0,2,22,2,26,10,0,10,36
08/23/2009,MTN,MD,AEA,EN,Federal Contract Tower,0,0,30,0,30,0,4,83,0,87,0,4,113,0,117,68,0,68,185
08/24/2009,MTN,MD,AEA,EN,Federal Contract Tower,0,6,25,4,35,0,0,92,0,92,0,6,117,4,127,70,0,70,197
08/25/2009,MTN,MD,AEA,EN,Federal Contract Tower,0,3,27,10,40,0,2,134,6,142,0,5,161,16,182,130,0,130,312
08/26/2009,MTN,MD,AEA,EN,Federal Contract Tower,0,1,25,16,42,0,0,114,5,119,0,1,139,21,161,56,6,62,223
08/27/2009,MTN,MD,AEA,EN,Federal Contract Tower,0,7,42,12,61,0,0,93,8,101,0,7,135,20,162,108,2,110,272
08/28/2009,MTN,MD,AEA,EN,Federal Contract Tower,0,2,23,11,36,0,0,29,4,33,0,2,52,15,69,26,0,26,95
08/29/2009,MTN,MD,AEA,EN,Federal Contract Tower,0,5,21,1,27,0,1,37,0,38,0,6,58,1,65,28,0,28,93
08/30/2009,MTN,MD,AEA,EN,Federal Contract Tower,0,2,35,1,38,0,5,110,4,119,0,7,145,5,157,84,8,92,249
08/31/2009,MTN,MD,AEA,EN,Federal Contract Tower,0,2,27,0,29,0,0,92,0,92,0,2,119,0,121,72,0,72,193
09/01/2009,MTN,MD,AEA,EN,Federal Contract Tower,0,5,34,9,48,0,1,104,6,111,0,6,138,15,159,92,2,94,253
09/02/2009,MTN,MD,AEA,EN,Federal Contract Tower,0,7,36,7,50,0,0,93,4,97,0,7,129,11,147,52,0,52,199
09/03/2009,MTN,MD,AEA,EN,Federal Contract Tower,0,9,41,5,55,0,0,102,3,105,0,9,143,8,160,46,2,48,208
09/04/2009,MTN,MD,AEA,EN,Federal Contract Tower,0,0,33,0,33,0,5,118,0,123,0,5,151,0,156,38,0,38,194
09/05/2009,MTN,MD,AEA,EN,Federal Contract Tower,0,0,21,1,22,0,6,138,0,144,0,6,159,1,166,78,0,78,244
09/06/2009,MTN,MD,AEA,EN,Federal Contract Tower,0,3,13,0,16,0,0,59,0,59,0,3,72,0,75,36,0,36,111
09/07/2009,MTN,MD,AEA,EN,Federal Contract Tower,0,4,36,0,40,0,0,40,0,40,0,4,76,0,80,20,0,20,100
09/08/2009,MTN,MD,AEA,EN,Federal Contract Tower,0,1,24,11,36,0,1,67,6,74,0,2,91,17,110,68,2,70,180
09/09/2009,MTN,MD,AEA,EN,Federal Contract Tower,0,4,32,19,55,0,1,75,2,78,0,5,107,21,133,56,2,58,191
09/10/2009,MTN,MD,AEA,EN,Federal Contract Tower,0,5,28,18,51,0,0,54,12,66,0,5,82,30,117,24,10,34,151
09/11/2009,MTN,MD,AEA,EN,Federal Contract Tower,0,3,15,5,23,0,0,0,0,0,0,3,15,5,23,0,0,0,23
09/12/2009,MTN,MD,AEA,EN,Federal Contract Tower,0,0,45,5,50,0,0,40,0,40,0,0,85,5,90,38,0,38,128
09/13/2009,MTN,MD,AEA,EN,Federal Contract Tower,0,10,25,0,35,0,0,95,0,95,0,10,120,0,130,44,0,44,174
09/14/2009,MTN,MD,AEA,EN,Federal Contract Tower,0,2,15,0,17,0,1,99,0,100,0,3,114,0,117,82,0,82,199
09/15/2009,MTN,MD,AEA,EN,Federal Contract Tower,0,5,32,3,40,0,0,131,2,133,0,5,163,5,173,170,0,170,343
09/16/2009,MTN,MD,AEA,EN,Federal Contract Tower,0,4,37,8,49,0,1,70,1,72,0,5,107,9,121,60,0,60,181
09/17/2009,MTN,MD,AEA,EN,Federal Contract Tower,0,5,27,5,37,0,1,60,2,63,0,6,87,7,100,48,0,48,148
09/18/2009,MTN,MD,AEA,EN,Federal Contract Tower,0,2,37,3,42,0,0,66,3,69,0,2,103,6,111,32,0,32,143
09/19/2009,MTN,MD,AEA,EN,Federal Contract Tower,0,0,20,5,25,0,0,122,0,122,0,0,142,5,147,36,0,36,183
09/20/2009,MTN,MD,AEA,EN,Federal Contract Tower,0,1,30,2,33,0,0,101,0,101,0,1,131,2,134,88,0,88,222
09/21/2009,MTN,MD,AEA,EN,Federal Contract Tower,0,4,18,0,22,0,1,92,0,93,0,5,110,0,115,58,0,58,173
09/22/2009,MTN,MD,AEA,EN,Federal Contract Tower,0,2,28,11,41,0,0,74,13,87,0,2,102,24,128,74,0,74,202
09/23/2009,MTN,MD,AEA,EN,Federal Contract Tower,0,4,51,12,67,0,1,67,0,68,0,5,118,12,135,110,0,110,245
09/24/2009,MTN,MD,AEA,EN,Federal Contract Tower,0,3,22,2,27,0,0,93,4,97,0,3,115,6,124,162,0,162,286
09/25/2009,MTN,MD,AEA,EN,Federal Contract Tower,0,0,37,5,42,0,0,100,0,100,0,0,137,5,142,108,0,108,250
09/26/2009,MTN,MD,AEA,EN,Federal Contract Tower,0,2,21,0,23,0,0,77,0,77,0,2,98,0,100,74,0,74,174
09/27/2009,MTN,MD,AEA,EN,Federal Contract Tower,0,1,14,0,15,0,2,30,0,32,0,3,44,0,47,32,0,32,79
09/28/2009,MTN,MD,AEA,EN,Federal Contract Tower,0,4,14,1,19,0,0,85,0,85,0,4,99,1,104,28,0,28,132
09/29/2009,MTN,MD,AEA,EN,Federal Contract Tower,0,6,21,4,31,0,2,69,1,72,0,8,90,5,103,18,0,18,121
09/30/2009,MTN,MD,AEA,EN,Federal Contract Tower,0,1,35,5,41,0,1,65,2,68,0,2,100,7,109,44,0,44,153
10/01/2009,MTN,MD,AEA,EN,Federal Contract Tower,0,2,37,11,50,0,1,118,7,126,0,3,155,18,176,68,2,70,246
10/02/2009,MTN,MD,AEA,EN,Federal Contract Tower,0,3,34,12,49,0,0,85,6,91,0,3,119,18,140,74,0,74,214
10/03/2009,MTN,MD,AEA,EN,Federal Contract Tower,0,6,19,1,26,0,0,83,2,85,0,6,102,3,111,118,0,118,229
10/04/2009,MTN,MD,AEA,EN,Federal Contract Tower,0,13,20,0,33,0,3,101,0,104,0,16,121,0,137,38,0,38,175
10/05/2009,MTN,MD,AEA,EN,Federal Contract Tower,0,4,28,0,32,0,0,94,0,94,0,4,122,0,126,80,0,80,206
10/06/2009,MTN,MD,AEA,EN,Federal Contract Tower,0,2,25,12,39,0,0,122,10,132,0,2,147,22,171,94,2,96,267
10/07/2009,MTN,MD,AEA,EN,Federal Contract Tower,0,5,22,12,39,0,1,28,11,40,0,6,50,23,79,2,2,4,83
10/08/2009,MTN,MD,AEA,EN,Federal Contract Tower,0,6,30,13,49,0,0,129,11,140,0,6,159,24,189,152,10,162,351
10/09/2009,MTN,MD,AEA,EN,Federal Contract Tower,0,5,32,0,37,0,0,114,0,114,0,5,146,0,151,112,0,112,263
10/10/2009,MTN,MD,AEA,EN,Federal Contract Tower,0,4,16,0,20,0,1,93,0,94,0,5,109,0,114,16,0,16,130
10/11/2009,MTN,MD,AEA,EN,Federal Contract Tower,0,1,22,0,23,0,0,124,0,124,0,1,146,0,147,38,0,38,185
10/12/2009,MTN,MD,AEA,EN,Federal Contract Tower,0,7,22,0,29,0,1,90,0,91,0,8,112,0,120,70,0,70,190
10/13/2009,MTN,MD,AEA,EN,Federal Contract Tower,0,8,33,15,56,0,2,87,9,98,0,10,120,24,154,56,2,58,212
10/14/2009,MTN,MD,AEA,EN,Federal Contract Tower,0,9,33,19,61,0,1,83,5,89,0,10,116,24,150,58,6,64,214
10/15/2009,MTN,MD,AEA,EN,Federal Contract Tower,0,5,23,2,30,0,0,2,0,2,0,5,25,2,32,0,0,0,32
10/16/2009,MTN,MD,AEA,EN,Federal Contract Tower,0,1,25,2,28,0,0,0,0,0,0,1,25,2,28,0,0,0,28
10/17/2009,MTN,MD,AEA,EN,Federal Contract Tower,0,0,12,1,13,0,0,0,0,0,0,0,12,1,13,0,0,0,13
10/18/2009,MTN,MD,AEA,EN,Federal Contract Tower,0,4,12,0,16,0,0,22,0,22,0,4,34,0,38,34,0,34,72
10/19/2009,MTN,MD,AEA,EN,Federal Contract Tower,0,2,24,0,26,0,1,104,0,105,0,3,128,0,131,48,0,48,179
10/20/2009,MTN,MD,AEA,EN,Federal Contract Tower,0,5,25,9,39,0,2,112,9,123,0,7,137,18,162,120,0,120,282
10/21/2009,MTN,MD,AEA,EN,Federal Contract Tower,0,1,27,9,37,0,0,137,10,147,0,1,164,19,184,182,0,182,366
10/22/2009,MTN,MD,AEA,EN,Federal Contract Tower,0,11,28,7,46,0,11,133,9,153,0,22,161,16,199,186,4,190,389
10/23/2009,MTN,MD,AEA,EN,Federal Contract Tower,0,7,26,10,43,0,2,82,4,88,0,9,108,14,131,82,2,84,215
10/24/2009,MTN,MD,AEA,EN,Federal Contract Tower,0,3,18,0,21,0,2,22,0,24,0,5,40,0,45,12,0,12,57
10/25/2009,MTN,MD,AEA,EN,Federal Contract Tower,0,11,25,1,37,0,2,128,0,130,0,13,153,1,167,132,0,132,299
10/26/2009,MTN,MD,AEA,EN,Federal Contract Tower,0,1,16,2,19,0,0,86,0,86,0,1,102,2,105,30,0,30,135
10/27/2009,MTN,MD,AEA,EN,Federal Contract Tower,0,1,28,4,33,0,0,3,0,3,0,1,31,4,36,0,0,0,36
10/28/2009,MTN,MD,AEA,EN,Federal Contract Tower,0,12,20,9,41,0,2,55,0,57,0,14,75,9,98,22,0,22,120
10/29/2009,MTN,MD,AEA,EN,Federal Contract Tower,0,4,23,13,40,3,64,9,0,76,3,68,32,13,116,36,2,38,154
10/30/2009,MTN,MD,AEA,EN,Federal Contract Tower,0,3,26,10,39,0,0,81,1,82,0,3,107,11,121,96,4,100,221
10/31/2009,MTN,MD,AEA,EN,Federal Contract Tower,0,2,24,0,26,0,0,7,0,7,0,2,31,0,33,0,0,0,33
11/01/2009,MTN,MD,AEA,EN,Federal Contract Tower,0,3,29,1,33,0,2,38,1,41,0,5,67,2,74,50,0,50,124
11/02/2009,MTN,MD,AEA,EN,Federal Contract Tower,0,1,23,2,26,0,0,78,0,78,0,1,101,2,104,70,0,70,174
11/03/2009,MTN,MD,AEA,EN,Federal Contract Tower,0,3,14,4,21,0,4,93,4,101,0,7,107,8,122,58,2,60,182
11/04/2009,MTN,MD,AEA,EN,Federal Contract Tower,0,0,34,9,43,0,0,123,15,138,0,0,157,24,181,56,0,56,237
11/05/2009,MTN,MD,AEA,EN,Federal Contract Tower,0,2,19,4,25,0,0,108,10,118,0,2,127,14,143,34,4,38,181
11/06/2009,MTN,MD,AEA,EN,Federal Contract Tower,0,11,18,8,37,0,2,98,5,105,0,13,116,13,142,54,0,54,196
11/07/2009,MTN,MD,AEA,EN,Federal Contract Tower,0,2,23,12,37,0,1,101,6,108,0,3,124,18,145,68,0,68,213
11/08/2009,MTN,MD,AEA,EN,Federal Contract Tower,0,5,30,0,35,0,0,124,0,124,0,5,154,0,159,142,0,142,301
11/09/2009,MTN,MD,AEA,EN,Federal Contract Tower,0,7,18,0,25,0,2,102,0,104,0,9,120,0,129,122,0,122,251
11/10/2009,MTN,MD,AEA,EN,Federal Contract Tower,0,3,30,9,42,0,1,91,15,107,0,4,121,24,149,72,4,76,225
11/11/2009,MTN,MD,AEA,EN,Federal Contract Tower,0,6,21,1,28,0,0,41,0,41,0,6,62,1,69,36,0,36,105
11/12/2009,MTN,MD,AEA,EN,Federal Contract Tower,0,3,13,8,24,0,0,32,4,36,0,3,45,12,60,0,0,0,60
11/13/2009,MTN,MD,AEA,EN,Federal Contract Tower,0,0,17,11,28,0,0,23,2,25,0,0,40,13,53,0,2,2,55
11/14/2009,MTN,MD,AEA,EN,Federal Contract Tower,0,2,29,1,32,0,0,12,1,13,0,2,41,2,45,24,0,24,69
11/15/2009,MTN,MD,AEA,EN,Federal Contract Tower,0,2,31,1,34,0,3,121,0,124,0,5,152,1,158,128,0,128,286
11/16/2009,MTN,MD,AEA,EN,Federal Contract Tower,0,6,13,0,19,0,4,91,0,95,0,10,104,0,114,58,0,58,172
11/17/2009,MTN,MD,AEA,EN,Federal Contract Tower,0,3,30,13,46,0,0,113,4,117,0,3,143,17,163,98,0,98,261
11/18/2009,MTN,MD,AEA,EN,Federal Contract Tower,0,7,32,13,52,0,1,68,5,74,0,8,100,18,126,42,6,48,174
11/19/2009,MTN,MD,AEA,EN,Federal Contract Tower,0,3,23,0,26,0,0,0,0,0,0,3,23,0,26,0,0,0,26
11/20/2009,MTN,MD,AEA,EN,Federal Contract Tower,0,6,29,21,56,0,0,110,2,112,0,6,139,23,168,108,2,110,278
11/21/2009,MTN,MD,AEA,EN,Federal Contract Tower,0,3,32,2,37,0,6,102,0,108,0,9,134,2,145,50,0,50,195
11/22/2009,MTN,MD,AEA,EN,Federal Contract Tower,0,3,27,0,30,0,0,98,0,98,0,3,125,0,128,86,0,86,214
11/23/2009,MTN,MD,AEA,EN,Federal Contract Tower,0,5,21,10,36,0,0,26,2,28,0,5,47,12,64,32,0,32,96
11/24/2009,MTN,MD,AEA,EN,Federal Contract Tower,0,2,29,2,33,0,0,2,0,2,0,2,31,2,35,0,0,0,35
11/25/2009,MTN,MD,AEA,EN,Federal Contract Tower,0,1,27,0,28,0,0,2,0,2,0,1,29,0,30,0,0,0,30
11/26/2009,MTN,MD,AEA,EN,Federal Contract Tower,0,3,8,0,11,0,0,9,0,9,0,3,17,0,20,42,0,42,62
11/27/2009,MTN,MD,AEA,EN,Federal Contract Tower,0,1,5,0,6,0,8,33,0,41,0,9,38,0,47,2,0,2,49
11/28/2009,MTN,MD,AEA,EN,Federal Contract Tower,0,2,10,0,12,0,1,56,0,57,0,3,66,0,69,34,0,34,103
11/29/2009,MTN,MD,AEA,EN,Federal Contract Tower,0,7,54,0,61,0,2,149,0,151,0,9,203,0,212,240,0,240,452
11/30/2009,MTN,MD,AEA,EN,Federal Contract Tower,0,5,32,0,37,0,0,35,0,35,0,5,67,0,72,42,0,42,114
12/01/2009,MTN,MD,AEA,EN,Federal Contract Tower,0,4,24,16,44,0,0,91,14,105,0,4,115,30,149,72,8,80,229
12/02/2009,MTN,MD,AEA,EN,Federal Contract Tower,0,3,18,24,45,0,0,45,6,51,0,3,63,30,96,88,0,88,184
12/03/2009,MTN,MD,AEA,EN,Federal Contract Tower,0,4,28,11,43,0,3,68,18,89,0,7,96,29,132,50,2,52,184
12/04/2009,MTN,MD,AEA,EN,Federal Contract Tower,0,4,22,17,43,0,1,133,16,150,0,5,155,33,193,100,0,100,293
12/05/2009,MTN,MD,AEA,EN,Federal Contract Tower,0,0,7,0,7,0,0,2,0,2,0,0,9,0,9,0,0,0,9
12/06/2009,MTN,MD,AEA,EN,Federal Contract Tower,0,4,15,0,19,0,0,87,0,87,0,4,102,0,106,74,0,74,180
12/07/2009,MTN,MD,AEA,EN,Federal Contract Tower,0,5,20,0,25,0,0,89,4,93,0,5,109,4,118,36,0,36,154
12/08/2009,MTN,MD,AEA,EN,Federal Contract Tower,0,5,24,13,42,0,1,98,6,105,0,6,122,19,147,58,8,66,213
12/09/2009,MTN,MD,AEA,EN,Federal Contract Tower,0,3,19,22,44,0,2,41,4,47,0,5,60,26,91,16,0,16,107
12/10/2009,MTN,MD,AEA,EN,Federal Contract Tower,0,0,31,21,52,0,2,82,17,101,0,2,113,38,153,12,10,22,175
12/11/2009,MTN,MD,AEA,EN,Federal Contract Tower,0,0,12,6,18,0,2,53,6,61,0,2,65,12,79,12,0,12,91
12/12/2009,MTN,MD,AEA,EN,Federal Contract Tower,0,0,10,2,12,0,0,106,0,106,0,0,116,2,118,106,0,106,224
12/13/2009,MTN,MD,AEA,EN,Federal Contract Tower,0,0,2,1,3,0,0,0,0,0,0,0,2,1,3,0,0,0,3
12/14/2009,MTN,MD,AEA,EN,Federal Contract Tower,0,7,23,4,34,0,2,71,3,76,0,9,94,7,110,42,0,42,152
12/15/2009,MTN,MD,AEA,EN,Federal Contract Tower,0,0,17,16,33,0,6,55,11,72,0,6,72,27,105,26,2,28,133
12/16/2009,MTN,MD,AEA,EN,Federal Contract Tower,0,0,25,12,37,0,2,96,20,118,0,2,121,32,155,46,6,52,207
12/17/2009,MTN,MD,AEA,EN,Federal Contract Tower,0,1,25,12,38,0,1,90,23,114,0,2,115,35,152,58,4,62,214
12/18/2009,MTN,MD,AEA,EN,Federal Contract Tower,0,1,24,9,34,0,5,74,8,87,0,6,98,17,121,48,4,52,173
12/19/2009,MTN,MD,AEA,EN,Federal Contract Tower,0,0,0,0,0,0,0,0,0,0,0,0,0,0,0,0,0,0,0
12/20/2009,MTN,MD,AEA,EN,Federal Contract Tower,0,1,1,0,2,0,0,9,0,9,0,1,10,0,11,0,0,0,11
12/21/2009,MTN,MD,AEA,EN,Federal Contract Tower,0,2,13,1,16,0,0,40,0,40,0,2,53,1,56,10,0,10,66
12/22/2009,MTN,MD,AEA,EN,Federal Contract Tower,0,0,9,14,23,0,2,69,18,89,0,2,78,32,112,54,0,54,166
12/23/2009,MTN,MD,AEA,EN,Federal Contract Tower,0,0,12,10,22,0,0,75,7,82,0,0,87,17,104,6,0,6,110
12/24/2009,MTN,MD,AEA,EN,Federal Contract Tower,0,0,14,8,22,0,0,60,8,68,0,0,74,16,90,26,0,26,116
12/25/2009,MTN,MD,AEA,EN,Federal Contract Tower,0,3,0,0,3,0,0,0,0,0,0,3,0,0,3,0,0,0,3
12/26/2009,MTN,MD,AEA,EN,Federal Contract Tower,0,3,7,0,10,0,0,0,0,0,0,3,7,0,10,0,0,0,10
12/27/2009,MTN,MD,AEA,EN,Federal Contract Tower,0,3,21,0,24,0,1,70,0,71,0,4,91,0,95,22,0,22,117
12/28/2009,MTN,MD,AEA,EN,Federal Contract Tower,0,4,17,6,27,0,0,38,7,45,0,4,55,13,72,0,2,2,74
12/29/2009,MTN,MD,AEA,EN,Federal Contract Tower,0,6,10,7,23,0,2,22,4,28,0,8,32,11,51,4,0,4,55
12/30/2009,MTN,MD,AEA,EN,Federal Contract Tower,0,4,30,1,35,0,0,126,5,131,0,4,156,6,166,112,0,112,278
12/31/2009,MTN,MD,AEA,EN,Federal Contract Tower,0,0,4,0,4,0,0,0,0,0,0,0,4,0,4,0,0,0,4
01/01/2010,MTN,MD,AEA,EN,Federal Contract Tower,0,1,6,0,7,0,0,31,0,31,0,1,37,0,38,0,0,0,38
01/02/2010,MTN,MD,AEA,EN,Federal Contract Tower,0,5,6,1,12,0,0,4,0,4,0,5,10,1,16,0,0,0,16
01/03/2010,MTN,MD,AEA,EN,Federal Contract Tower,0,6,12,0,18,0,0,8,0,8,0,6,20,0,26,0,0,0,26
01/04/2010,MTN,MD,AEA,EN,Federal Contract Tower,0,3,11,2,16,0,2,41,0,43,0,5,52,2,59,0,0,0,59
01/05/2010,MTN,MD,AEA,EN,Federal Contract Tower,0,1,22,2,25,0,0,62,2,64,0,1,84,4,89,38,0,38,127
01/06/2010,MTN,MD,AEA,EN,Federal Contract Tower,0,0,14,7,21,0,2,43,8,53,0,2,57,15,74,32,0,32,106
01/07/2010,MTN,MD,AEA,EN,Federal Contract Tower,0,2,26,9,37,0,0,89,2,91,0,2,115,11,128,56,0,56,184
01/08/2010,MTN,MD,AEA,EN,Federal Contract Tower,0,0,17,2,19,0,3,25,0,28,0,3,42,2,47,0,0,0,47
01/09/2010,MTN,MD,AEA,EN,Federal Contract Tower,0,3,11,3,17,0,2,49,0,51,0,5,60,3,68,24,0,24,92
01/10/2010,MTN,MD,AEA,EN,Federal Contract Tower,0,3,7,9,19,0,0,103,2,105,0,3,110,11,124,102,0,102,226
01/11/2010,MTN,MD,AEA,EN,Federal Contract Tower,0,1,17,3,21,0,1,49,0,50,0,2,66,3,71,46,0,46,117
01/12/2010,MTN,MD,AEA,EN,Federal Contract Tower,0,4,22,0,26,0,0,84,4,88,0,4,106,4,114,110,0,110,224
01/13/2010,MTN,MD,AEA,EN,Federal Contract Tower,0,8,26,6,40,0,0,77,3,80,0,8,103,9,120,82,0,82,202
01/14/2010,MTN,MD,AEA,EN,Federal Contract Tower,0,6,29,2,37,0,2,102,4,108,0,8,131,6,145,94,0,94,239
01/15/2010,MTN,MD,AEA,EN,Federal Contract Tower,0,5,15,2,22,0,2,95,1,98,0,7,110,3,120,150,0,150,270
01/16/2010,MTN,MD,AEA,EN,Federal Contract Tower,0,3,17,0,20,0,0,132,0,132,0,3,149,0,152,74,0,74,226
01/17/2010,MTN,MD,AEA,EN,Federal Contract Tower,0,3,14,0,17,0,0,0,0,0,0,3,14,0,17,0,0,0,17
01/18/2010,MTN,MD,AEA,EN,Federal Contract Tower,0,4,31,0,35,0,1,100,0,101,0,5,131,0,136,26,0,26,162
01/19/2010,MTN,MD,AEA,EN,Federal Contract Tower,0,5,19,5,29,0,2,82,0,84,0,7,101,5,113,58,2,60,173
01/20/2010,MTN,MD,AEA,EN,Federal Contract Tower,0,7,18,5,30,0,4,70,0,74,0,11,88,5,104,76,2,78,182
01/21/2010,MTN,MD,AEA,EN,Federal Contract Tower,0,2,21,9,32,0,1,71,0,72,0,3,92,9,104,124,0,124,228
01/22/2010,MTN,MD,AEA,EN,Federal Contract Tower,0,0,18,3,21,0,0,52,2,54,0,0,70,5,75,20,0,20,95
01/23/2010,MTN,MD,AEA,EN,Federal Contract Tower,0,3,25,0,28,0,0,127,0,127,0,3,152,0,155,100,0,100,255
01/24/2010,MTN,MD,AEA,EN,Federal Contract Tower,0,6,17,3,26,0,1,15,0,16,0,7,32,3,42,0,0,0,42
01/25/2010,MTN,MD,AEA,EN,Federal Contract Tower,0,1,8,2,11,0,0,31,0,31,0,1,39,2,42,2,0,2,44
01/26/2010,MTN,MD,AEA,EN,Federal Contract Tower,0,3,24,6,33,0,2,77,0,79,0,5,101,6,112,50,2,52,164
01/27/2010,MTN,MD,AEA,EN,Federal Contract Tower,0,2,23,6,31,0,1,71,1,73,0,3,94,7,104,62,4,66,170
01/28/2010,MTN,MD,AEA,EN,Federal Contract Tower,0,3,18,2,23,0,2,44,0,46,0,5,62,2,69,20,0,20,89
01/29/2010,MTN,MD,AEA,EN,Federal Contract Tower,0,5,19,2,26,0,0,53,0,53,0,5,72,2,79,52,0,52,131
01/30/2010,MTN,MD,AEA,EN,Federal Contract Tower,0,0,8,0,8,0,0,12,0,12,0,0,20,0,20,26,0,26,46
01/31/2010,MTN,MD,AEA,EN,Federal Contract Tower,0,1,10,3,14,0,0,39,0,39,0,1,49,3,53,44,0,44,97
02/01/2010,MTN,MD,AEA,EN,Federal Contract Tower,0,0,16,3,19,0,1,85,0,86,0,1,101,3,105,64,0,64,169
02/02/2010,MTN,MD,AEA,EN,Federal Contract Tower,0,4,17,2,23,0,2,47,0,49,0,6,64,2,72,40,0,40,112
02/03/2010,MTN,MD,AEA,EN,Federal Contract Tower,0,1,26,1,28,0,2,46,1,49,0,3,72,2,77,16,0,16,93
02/04/2010,MTN,MD,AEA,EN,Federal Contract Tower,0,4,36,6,46,0,0,91,3,94,0,4,127,9,140,100,0,100,240
02/05/2010,MTN,MD,AEA,EN,Federal Contract Tower,0,3,4,1,8,0,0,23,0,23,0,3,27,1,31,52,0,52,83
02/06/2010,MTN,MD,AEA,EN,Federal Contract Tower,0,0,0,0,0,0,0,0,0,0,0,0,0,0,0,0,0,0,0
02/07/2010,MTN,MD,AEA,EN,Federal Contract Tower,0,0,0,0,0,0,7,15,0,22,0,7,15,0,22,0,0,0,22
02/08/2010,MTN,MD,AEA,EN,Federal Contract Tower,0,0,5,1,6,0,5,51,0,56,0,5,56,1,62,0,0,0,62
02/09/2010,MTN,MD,AEA,EN,Federal Contract Tower,0,0,8,0,8,0,1,24,0,25,0,1,32,0,33,0,0,0,33
02/10/2010,MTN,MD,AEA,EN,Federal Contract Tower,0,0,0,0,0,0,0,0,0,0,0,0,0,0,0,0,0,0,0
02/11/2010,MTN,MD,AEA,EN,Federal Contract Tower,0,0,3,0,3,0,0,44,4,48,0,0,47,4,51,0,0,0,51
02/12/2010,MTN,MD,AEA,EN,Federal Contract Tower,0,1,9,0,10,0,0,47,0,47,0,1,56,0,57,0,0,0,57
02/13/2010,MTN,MD,AEA,EN,Federal Contract Tower,0,2,2,0,4,0,2,43,0,45,0,4,45,0,49,44,0,44,93
02/14/2010,MTN,MD,AEA,EN,Federal Contract Tower,0,0,10,0,10,0,2,41,0,43,0,2,51,0,53,24,0,24,77
02/15/2010,MTN,MD,AEA,EN,Federal Contract Tower,0,6,5,0,11,0,1,51,0,52,0,7,56,0,63,20,0,20,83
02/16/2010,MTN,MD,AEA,EN,Federal Contract Tower,0,1,4,0,5,0,0,44,0,44,0,1,48,0,49,6,0,6,55
02/17/2010,MTN,MD,AEA,EN,Federal Contract Tower,0,3,18,7,28,0,1,55,5,61,0,4,73,12,89,22,0,22,111
02/18/2010,MTN,MD,AEA,EN,Federal Contract Tower,0,2,10,5,17,0,0,47,6,53,0,2,57,11,70,48,2,50,120
02/19/2010,MTN,MD,AEA,EN,Federal Contract Tower,0,4,24,2,30,0,3,59,0,62,0,7,83,2,92,20,0,20,112
02/20/2010,MTN,MD,AEA,EN,Federal Contract Tower,0,0,13,1,14,0,4,106,6,116,0,4,119,7,130,96,2,98,228
02/21/2010,MTN,MD,AEA,EN,Federal Contract Tower,0,5,26,0,31,0,1,73,0,74,0,6,99,0,105,92,0,92,197
02/22/2010,MTN,MD,AEA,EN,Federal Contract Tower,0,3,19,0,22,0,0,33,0,33,0,3,52,0,55,22,0,22,77
02/23/2010,MTN,MD,AEA,EN,Federal Contract Tower,0,6,21,4,31,0,0,22,1,23,0,6,43,5,54,6,2,8,62
02/24/2010,MTN,MD,AEA,EN,Federal Contract Tower,0,7,20,7,34,0,0,76,3,79,0,7,96,10,113,122,0,122,235
02/25/2010,MTN,MD,AEA,EN,Federal Contract Tower,0,3,4,2,9,0,0,24,0,24,0,3,28,2,33,12,2,14,47
02/26/2010,MTN,MD,AEA,EN,Federal Contract Tower,0,1,6,0,7,0,3,23,0,26,0,4,29,0,33,0,0,0,33
02/27/2010,MTN,MD,AEA,EN,Federal Contract Tower,0,2,6,0,8,0,0,62,0,62,0,2,68,0,70,126,0,126,196
02/28/2010,MTN,MD,AEA,EN,Federal Contract Tower,0,3,18,0,21,0,1,55,0,56,0,4,73,0,77,106,0,106,183
03/01/2010,MTN,MD,AEA,EN,Federal Contract Tower,0,5,14,0,19,0,0,63,0,63,0,5,77,0,82,10,0,10,92
03/02/2010,MTN,MD,AEA,EN,Federal Contract Tower,0,0,22,1,23,0,0,71,0,71,0,0,93,1,94,26,0,26,120
03/03/2010,MTN,MD,AEA,EN,Federal Contract Tower,0,2,12,3,17,0,1,35,0,36,0,3,47,3,53,0,0,0,53
03/04/2010,MTN,MD,AEA,EN,Federal Contract Tower,0,2,24,6,32,0,2,82,2,86,0,4,106,8,118,10,2,12,130
03/05/2010,MTN,MD,AEA,EN,Federal Contract Tower,0,1,16,3,20,0,99,0,0,99,0,100,16,3,119,96,0,96,215
03/06/2010,MTN,MD,AEA,EN,Federal Contract Tower,0,1,15,3,19,0,3,130,0,133,0,4,145,3,152,146,0,146,298
03/07/2010,MTN,MD,AEA,EN,Federal Contract Tower,0,1,24,3,28,0,0,120,0,120,0,1,144,3,148,158,0,158,306
03/08/2010,MTN,MD,AEA,EN,Federal Contract Tower,0,0,10,1,11,0,0,99,0,99,0,0,109,1,110,74,0,74,184
03/09/2010,MTN,MD,AEA,EN,Federal Contract Tower,0,2,18,0,20,0,1,102,0,103,0,3,120,0,123,106,0,106,229
03/10/2010,MTN,MD,AEA,EN,Federal Contract Tower,0,5,17,7,29,0,3,105,3,111,0,8,122,10,140,93,0,93,233
03/11/2010,MTN,MD,AEA,EN,Federal Contract Tower,0,7,24,5,36,0,0,57,4,61,0,7,81,9,97,52,0,52,149
03/12/2010,MTN,MD,AEA,EN,Federal Contract Tower,0,3,25,0,28,0,0,3,0,3,0,3,28,0,31,0,0,0,31
03/13/2010,MTN,MD,AEA,EN,Federal Contract Tower,0,2,5,0,7,0,0,7,0,7,0,2,12,0,14,0,0,0,14
03/14/2010,MTN,MD,AEA,EN,Federal Contract Tower,0,3,11,3,17,0,0,10,0,10,0,3,21,3,27,10,0,10,37
03/15/2010,MTN,MD,AEA,EN,Federal Contract Tower,0,2,17,0,19,0,0,41,0,41,0,2,58,0,60,0,0,0,60
03/16/2010,MTN,MD,AEA,EN,Federal Contract Tower,0,6,24,1,31,0,1,106,0,107,0,7,130,1,138,28,0,28,166
03/17/2010,MTN,MD,AEA,EN,Federal Contract Tower,0,2,21,2,25,0,1,130,0,131,0,3,151,2,156,70,0,70,226
03/18/2010,MTN,MD,AEA,EN,Federal Contract Tower,0,6,26,2,34,0,0,114,1,115,0,6,140,3,149,90,0,90,239
03/19/2010,MTN,MD,AEA,EN,Federal Contract Tower,0,12,26,2,40,0,0,133,2,135,0,12,159,4,175,106,0,106,281
03/20/2010,MTN,MD,AEA,EN,Federal Contract Tower,0,2,12,0,14,0,1,125,0,126,0,3,137,0,140,120,0,120,260
03/21/2010,MTN,MD,AEA,EN,Federal Contract Tower,0,2,31,2,35,0,2,104,0,106,0,4,135,2,141,64,0,64,205
03/22/2010,MTN,MD,AEA,EN,Federal Contract Tower,0,2,16,2,20,0,0,15,0,15,0,2,31,2,35,0,0,0,35
03/23/2010,MTN,MD,AEA,EN,Federal Contract Tower,0,3,20,6,29,0,0,74,2,76,0,3,94,8,105,0,0,0,105
03/24/2010,MTN,MD,AEA,EN,Federal Contract Tower,0,4,26,10,40,0,1,83,4,88,0,5,109,14,128,68,2,70,198
03/25/2010,MTN,MD,AEA,EN,Federal Contract Tower,0,1,32,4,37,0,2,80,0,82,0,3,112,4,119,70,0,70,189
03/26/2010,MTN,MD,AEA,EN,Federal Contract Tower,0,2,16,6,24,0,0,46,0,46,0,2,62,6,70,14,0,14,84
03/27/2010,MTN,MD,AEA,EN,Federal Contract Tower,0,1,21,0,22,0,2,135,0,137,0,3,156,0,159,170,0,170,329
03/28/2010,MTN,MD,AEA,EN,Federal Contract Tower,0,0,19,0,19,0,0,21,0,21,0,0,40,0,40,54,0,54,94
03/29/2010,MTN,MD,AEA,EN,Federal Contract Tower,0,0,9,0,9,0,0,20,0,20,0,0,29,0,29,0,0,0,29
03/30/2010,MTN,MD,AEA,EN,Federal Contract Tower,0,0,14,0,14,0,0,21,0,21,0,0,35,0,35,0,0,0,35
03/31/2010,MTN,MD,AEA,EN,Federal Contract Tower,0,5,22,5,32,0,0,78,1,79,0,5,100,6,111,46,0,46,157
04/01/2010,MTN,MD,AEA,EN,Federal Contract Tower,0,5,29,3,37,0,0,134,5,139,0,5,163,8,176,176,2,178,354
04/02/2010,MTN,MD,AEA,EN,Federal Contract Tower,0,1,34,0,35,0,5,141,2,148,0,6,175,2,183,98,0,98,281
04/03/2010,MTN,MD,AEA,EN,Federal Contract Tower,0,0,27,0,27,0,0,53,0,53,0,0,80,0,80,28,0,28,108
04/04/2010,MTN,MD,AEA,EN,Federal Contract Tower,0,5,24,0,29,0,0,60,0,60,0,5,84,0,89,52,0,52,141
04/05/2010,MTN,MD,AEA,EN,Federal Contract Tower,0,3,35,0,38,0,0,106,0,106,0,3,141,0,144,58,0,58,202
04/06/2010,MTN,MD,AEA,EN,Federal Contract Tower,0,0,30,5,35,0,0,110,0,110,0,0,140,5,145,66,0,66,211
04/07/2010,MTN,MD,AEA,EN,Federal Contract Tower,0,4,32,1,37,0,0,81,0,81,0,4,113,1,118,56,0,56,174
04/08/2010,MTN,MD,AEA,EN,Federal Contract Tower,0,2,30,1,33,0,0,66,0,66,0,2,96,1,99,38,0,38,137
04/09/2010,MTN,MD,AEA,EN,Federal Contract Tower,0,2,22,3,27,0,0,95,7,102,0,2,117,10,129,42,4,46,175
04/10/2010,MTN,MD,AEA,EN,Federal Contract Tower,0,2,23,0,25,0,0,110,0,110,0,2,133,0,135,150,0,150,285
04/11/2010,MTN,MD,AEA,EN,Federal Contract Tower,0,4,26,4,34,0,1,111,5,117,0,5,137,9,151,100,0,100,251
04/12/2010,MTN,MD,AEA,EN,Federal Contract Tower,0,2,16,0,18,0,0,98,0,98,0,2,114,0,116,72,0,72,188
04/13/2010,MTN,MD,AEA,EN,Federal Contract Tower,0,2,20,6,28,0,0,45,2,47,0,2,65,8,75,28,2,30,105
04/14/2010,MTN,MD,AEA,EN,Federal Contract Tower,0,2,23,8,33,0,3,98,9,110,0,5,121,17,143,130,6,136,279
04/15/2010,MTN,MD,AEA,EN,Federal Contract Tower,0,1,23,3,27,0,0,126,3,129,0,1,149,6,156,34,0,34,190
04/16/2010,MTN,MD,AEA,EN,Federal Contract Tower,0,2,24,10,36,0,0,77,6,83,0,2,101,16,119,96,4,100,219
04/17/2010,MTN,MD,AEA,EN,Federal Contract Tower,0,2,15,0,17,0,0,26,0,26,0,2,41,0,43,29,0,29,72
04/18/2010,MTN,MD,AEA,EN,Federal Contract Tower,0,2,15,0,17,0,0,72,1,73,0,2,87,1,90,56,0,56,146
04/19/2010,MTN,MD,AEA,EN,Federal Contract Tower,0,2,25,0,27,0,1,88,0,89,0,3,113,0,116,74,0,74,190
04/20/2010,MTN,MD,AEA,EN,Federal Contract Tower,0,5,27,4,36,0,2,120,7,129,0,7,147,11,165,74,0,74,239
04/21/2010,MTN,MD,AEA,EN,Federal Contract Tower,0,1,32,7,40,0,2,59,11,72,0,3,91,18,112,24,0,24,136
04/22/2010,MTN,MD,AEA,EN,Federal Contract Tower,0,2,39,8,49,0,0,85,9,94,0,2,124,17,143,96,0,96,239
04/23/2010,MTN,MD,AEA,EN,Federal Contract Tower,0,4,24,11,39,0,0,147,4,151,0,4,171,15,190,65,4,69,259
04/24/2010,MTN,MD,AEA,EN,Federal Contract Tower,0,2,14,0,16,0,1,144,0,145,0,3,158,0,161,48,0,48,209
04/25/2010,MTN,MD,AEA,EN,Federal Contract Tower,0,0,8,0,8,0,0,0,0,0,0,0,8,0,8,0,0,0,8
04/26/2010,MTN,MD,AEA,EN,Federal Contract Tower,0,4,26,1,31,0,0,6,0,6,0,4,32,1,37,0,0,0,37
04/27/2010,MTN,MD,AEA,EN,Federal Contract Tower,0,0,24,5,29,0,1,77,10,88,0,1,101,15,117,38,0,38,155
04/28/2010,MTN,MD,AEA,EN,Federal Contract Tower,0,0,9,6,15,0,0,51,6,57,0,0,60,12,72,12,0,12,84
04/29/2010,MTN,MD,AEA,EN,Federal Contract Tower,0,1,15,3,19,0,2,134,11,147,0,3,149,14,166,130,2,132,298
04/30/2010,MTN,MD,AEA,EN,Federal Contract Tower,0,0,29,2,31,0,0,122,11,133,0,0,151,13,164,182,10,192,356
05/01/2010,MTN,MD,AEA,EN,Federal Contract Tower,0,0,19,2,21,0,1,140,0,141,0,1,159,2,162,79,0,79,241
05/02/2010,MTN,MD,AEA,EN,Federal Contract Tower,0,0,26,0,26,0,2,82,0,84,0,2,108,0,110,10,0,10,120
05/03/2010,MTN,MD,AEA,EN,Federal Contract Tower,0,4,11,0,15,0,0,49,0,49,0,4,60,0,64,58,0,58,122
05/04/2010,MTN,MD,AEA,EN,Federal Contract Tower,0,2,20,8,30,0,0,99,10,109,0,2,119,18,139,90,4,94,233
05/05/2010,MTN,MD,AEA,EN,Federal Contract Tower,0,2,29,8,39,0,0,131,6,137,0,2,160,14,176,62,2,64,240
05/06/2010,MTN,MD,AEA,EN,Federal Contract Tower,0,2,38,5,45,0,0,105,7,112,0,2,143,12,157,150,0,150,307
05/07/2010,MTN,MD,AEA,EN,Federal Contract Tower,0,7,27,8,42,0,0,106,4,110,0,7,133,12,152,106,0,106,258
05/08/2010,MTN,MD,AEA,EN,Federal Contract Tower,0,4,10,3,17,0,3,7,0,10,0,7,17,3,27,0,0,0,27
05/09/2010,MTN,MD,AEA,EN,Federal Contract Tower,0,1,12,1,14,0,2,34,4,40,0,3,46,5,54,0,0,0,54
05/10/2010,MTN,MD,AEA,EN,Federal Contract Tower,0,2,22,2,26,0,0,93,0,93,0,2,115,2,119,20,0,20,139
05/11/2010,MTN,MD,AEA,EN,Federal Contract Tower,0,4,41,4,49,0,0,83,7,90,0,4,124,11,139,48,4,52,191
05/12/2010,MTN,MD,AEA,EN,Federal Contract Tower,0,7,26,12,45,0,1,30,1,32,0,8,56,13,77,14,0,14,91
05/13/2010,MTN,MD,AEA,EN,Federal Contract Tower,0,2,29,9,40,0,0,73,15,88,0,2,102,24,128,122,4,126,254
05/14/2010,MTN,MD,AEA,EN,Federal Contract Tower,0,5,28,5,38,0,1,71,4,76,0,6,99,9,114,54,0,54,168
05/15/2010,MTN,MD,AEA,EN,Federal Contract Tower,0,6,35,0,41,0,0,162,19,181,0,6,197,19,222,85,14,99,321
05/16/2010,MTN,MD,AEA,EN,Federal Contract Tower,0,4,34,2,40,0,0,147,2,149,0,4,181,4,189,140,0,140,329
05/17/2010,MTN,MD,AEA,EN,Federal Contract Tower,0,4,20,0,24,0,0,54,0,54,0,4,74,0,78,36,0,36,114
05/18/2010,MTN,MD,AEA,EN,Federal Contract Tower,0,0,28,0,28,0,0,23,0,23,0,0,51,0,51,0,0,0,51
05/19/2010,MTN,MD,AEA,EN,Federal Contract Tower,0,6,46,9,61,0,0,99,7,106,0,6,145,16,167,128,2,130,297
05/20/2010,MTN,MD,AEA,EN,Federal Contract Tower,3,34,8,0,45,0,2,142,6,150,3,36,150,6,195,114,4,118,313
05/21/2010,MTN,MD,AEA,EN,Federal Contract Tower,0,4,39,6,49,0,0,129,0,129,0,4,168,6,178,126,0,126,304
05/22/2010,MTN,MD,AEA,EN,Federal Contract Tower,0,2,11,2,15,0,0,69,0,69,0,2,80,2,84,88,0,88,172
05/23/2010,MTN,MD,AEA,EN,Federal Contract Tower,0,0,33,0,33,0,2,19,0,21,0,2,52,0,54,0,0,0,54
05/24/2010,MTN,MD,AEA,EN,Federal Contract Tower,0,1,27,0,28,0,0,40,0,40,0,1,67,0,68,28,0,28,96
05/25/2010,MTN,MD,AEA,EN,Federal Contract Tower,0,0,38,14,52,0,1,78,2,81,0,1,116,16,133,64,0,64,197
05/26/2010,MTN,MD,AEA,EN,Federal Contract Tower,0,2,23,7,32,0,4,123,6,133,0,6,146,13,165,42,6,48,213
05/27/2010,MTN,MD,AEA,EN,Federal Contract Tower,0,5,44,5,54,0,0,116,4,120,0,5,160,9,174,130,2,132,306
05/28/2010,MTN,MD,AEA,EN,Federal Contract Tower,0,8,49,3,60,0,2,67,0,69,0,10,116,3,129,26,0,26,155
05/29/2010,MTN,MD,AEA,EN,Federal Contract Tower,0,4,35,0,39,0,0,58,0,58,0,4,93,0,97,56,0,56,153
05/30/2010,MTN,MD,AEA,EN,Federal Contract Tower,0,7,14,0,21,0,1,116,0,117,0,8,130,0,138,90,0,90,228
05/31/2010,MTN,MD,AEA,EN,Federal Contract Tower,0,3,37,0,40,0,0,115,0,115,0,3,152,0,155,80,0,80,235
06/01/2010,MTN,MD,AEA,EN,Federal Contract Tower,0,6,21,9,36,0,2,80,7,89,0,8,101,16,125,28,0,28,153
06/02/2010,MTN,MD,AEA,EN,Federal Contract Tower,2,28,6,0,36,0,2,116,8,126,2,30,122,8,162,122,0,122,284
06/03/2010,MTN,MD,AEA,EN,Federal Contract Tower,0,2,22,6,30,0,0,74,10,84,0,2,96,16,114,100,2,102,216
06/04/2010,MTN,MD,AEA,EN,Federal Contract Tower,0,6,20,4,30,0,0,92,3,95,0,6,112,7,125,52,2,54,179
06/05/2010,MTN,MD,AEA,EN,Federal Contract Tower,0,3,23,0,26,0,3,96,0,99,0,6,119,0,125,140,0,140,265
06/06/2010,MTN,MD,AEA,EN,Federal Contract Tower,0,1,21,3,25,0,0,51,0,51,0,1,72,3,76,34,0,34,110
06/07/2010,MTN,MD,AEA,EN,Federal Contract Tower,0,0,27,0,27,0,5,92,0,97,0,5,119,0,124,26,0,26,150
06/08/2010,MTN,MD,AEA,EN,Federal Contract Tower,0,2,23,8,33,0,0,121,10,131,0,2,144,18,164,94,0,94,258
06/09/2010,MTN,MD,AEA,EN,Federal Contract Tower,0,2,22,14,38,0,0,36,3,39,0,2,58,17,77,8,2,10,87
06/10/2010,MTN,MD,AEA,EN,Federal Contract Tower,0,3,32,10,45,0,1,102,6,109,0,4,134,16,154,138,2,140,294
06/11/2010,MTN,MD,AEA,EN,Federal Contract Tower,0,2,24,15,41,0,0,122,2,124,0,2,146,17,165,86,0,86,251
06/12/2010,MTN,MD,AEA,EN,Federal Contract Tower,0,4,20,7,31,0,2,109,4,115,0,6,129,11,146,60,4,64,210
06/13/2010,MTN,MD,AEA,EN,Federal Contract Tower,0,1,10,1,12,0,0,61,4,65,0,1,71,5,77,48,0,48,125
06/14/2010,MTN,MD,AEA,EN,Federal Contract Tower,0,3,35,0,38,0,1,92,4,97,0,4,127,4,135,98,0,98,233
06/15/2010,MTN,MD,AEA,EN,Federal Contract Tower,0,1,31,13,45,0,0,93,0,93,0,1,124,13,138,50,2,52,190
06/16/2010,MTN,MD,AEA,EN,Federal Contract Tower,0,0,30,15,45,0,0,21,0,21,0,0,51,15,66,0,0,0,66
06/17/2010,MTN,MD,AEA,EN,Federal Contract Tower,0,3,29,7,39,0,2,101,8,111,0,5,130,15,150,44,6,50,200
06/18/2010,MTN,MD,AEA,EN,Federal Contract Tower,0,5,26,10,41,0,2,120,9,131,0,7,146,19,172,82,2,84,256
06/19/2010,MTN,MD,AEA,EN,Federal Contract Tower,0,0,18,0,18,0,1,129,0,130,0,1,147,0,148,110,0,110,258
06/20/2010,MTN,MD,AEA,EN,Federal Contract Tower,0,0,17,2,19,0,0,61,0,61,0,0,78,2,80,22,0,22,102
06/21/2010,MTN,MD,AEA,EN,Federal Contract Tower,0,4,20,2,26,0,0,100,0,100,0,4,120,2,126,48,0,48,174
06/22/2010,MTN,MD,AEA,EN,Federal Contract Tower,0,2,31,5,38,0,0,95,4,99,0,2,126,9,137,60,0,60,197
06/23/2010,MTN,MD,AEA,EN,Federal Contract Tower,0,2,29,0,31,0,0,99,11,110,0,2,128,11,141,50,0,50,191
06/24/2010,MTN,MD,AEA,EN,Federal Contract Tower,0,4,21,7,32,0,1,71,10,82,0,5,92,17,114,4,10,14,128
06/25/2010,MTN,MD,AEA,EN,Federal Contract Tower,0,2,33,3,38,0,1,120,0,121,0,3,153,3,159,38,0,38,197
06/26/2010,MTN,MD,AEA,EN,Federal Contract Tower,0,1,19,1,21,0,0,90,0,90,0,1,109,1,111,58,0,58,169
06/27/2010,MTN,MD,AEA,EN,Federal Contract Tower,0,1,25,0,26,0,1,88,0,89,0,2,113,0,115,56,0,56,171
06/28/2010,MTN,MD,AEA,EN,Federal Contract Tower,0,11,14,0,25,0,0,83,0,83,0,11,97,0,108,64,0,64,172
06/29/2010,MTN,MD,AEA,EN,Federal Contract Tower,0,1,12,3,16,0,1,105,7,113,0,2,117,10,129,44,2,46,175
06/30/2010,MTN,MD,AEA,EN,Federal Contract Tower,0,4,25,6,35,0,1,115,11,127,0,5,140,17,162,148,4,152,314
07/01/2010,MTN,MD,AEA,EN,Federal Contract Tower,0,2,23,6,31,0,0,91,6,97,0,2,114,12,128,74,0,74,202
07/02/2010,MTN,MD,AEA,EN,Federal Contract Tower,0,4,26,0,30,0,0,124,0,124,0,4,150,0,154,66,0,66,220
07/03/2010,MTN,MD,AEA,EN,Federal Contract Tower,0,3,14,1,18,0,0,118,12,130,0,3,132,13,148,62,0,62,210
07/04/2010,MTN,MD,AEA,EN,Federal Contract Tower,0,4,8,0,12,0,1,83,0,84,0,5,91,0,96,14,0,14,110
07/05/2010,MTN,MD,AEA,EN,Federal Contract Tower,0,3,18,0,21,0,1,100,0,101,0,4,118,0,122,62,0,62,184
07/06/2010,MTN,MD,AEA,EN,Federal Contract Tower,0,3,15,6,24,0,0,81,11,92,0,3,96,17,116,16,10,26,142
07/07/2010,MTN,MD,AEA,EN,Federal Contract Tower,0,2,23,11,36,0,0,59,9,68,0,2,82,20,104,28,6,34,138
07/08/2010,MTN,MD,AEA,EN,Federal Contract Tower,0,5,37,6,48,0,0,108,2,110,0,5,145,8,158,96,6,102,260
07/09/2010,MTN,MD,AEA,EN,Federal Contract Tower,0,4,23,6,33,0,0,71,0,71,0,4,94,6,104,14,2,16,120
07/10/2010,MTN,MD,AEA,EN,Federal Contract Tower,0,0,20,2,22,0,0,7,0,7,0,0,27,2,29,0,0,0,29
07/11/2010,MTN,MD,AEA,EN,Federal Contract Tower,0,4,32,0,36,0,0,136,0,136,0,4,168,0,172,16,0,16,188
07/12/2010,MTN,MD,AEA,EN,Federal Contract Tower,0,3,21,0,24,0,0,60,0,60,0,3,81,0,84,28,0,28,112
07/13/2010,MTN,MD,AEA,EN,Federal Contract Tower,0,4,34,2,40,0,0,59,2,61,0,4,93,4,101,0,0,0,101
07/14/2010,MTN,MD,AEA,EN,Federal Contract Tower,0,2,26,5,33,0,0,36,0,36,0,2,62,5,69,4,0,4,73
07/15/2010,MTN,MD,AEA,EN,Federal Contract Tower,0,5,17,2,24,0,0,106,4,110,0,5,123,6,134,130,0,130,264
07/16/2010,MTN,MD,AEA,EN,Federal Contract Tower,0,5,24,4,33,0,0,102,0,102,0,5,126,4,135,136,0,136,271
07/17/2010,MTN,MD,AEA,EN,Federal Contract Tower,0,2,13,1,16,0,0,104,0,104,0,2,117,1,120,82,0,82,202
07/18/2010,MTN,MD,AEA,EN,Federal Contract Tower,0,5,24,1,30,0,0,101,0,101,0,5,125,1,131,130,0,130,261
07/19/2010,MTN,MD,AEA,EN,Federal Contract Tower,0,3,21,0,24,0,0,85,0,85,0,3,106,0,109,62,0,62,171
07/20/2010,MTN,MD,AEA,EN,Federal Contract Tower,0,4,35,5,44,0,1,79,15,95,0,5,114,20,139,72,0,72,211
07/21/2010,MTN,MD,AEA,EN,Federal Contract Tower,0,8,21,11,40,0,0,99,12,111,0,8,120,23,151,86,6,92,243
07/22/2010,MTN,MD,AEA,EN,Federal Contract Tower,0,3,22,10,35,0,2,133,12,147,0,5,155,22,182,146,0,146,328
07/23/2010,MTN,MD,AEA,EN,Federal Contract Tower,0,7,22,4,33,0,1,123,3,127,0,8,145,7,160,84,2,86,246
07/24/2010,MTN,MD,AEA,EN,Federal Contract Tower,0,7,18,2,27,0,0,88,0,88,0,7,106,2,115,105,0,105,220
07/25/2010,MTN,MD,AEA,EN,Federal Contract Tower,0,9,19,2,30,0,0,38,0,38,0,9,57,2,68,54,0,54,122
07/26/2010,MTN,MD,AEA,EN,Federal Contract Tower,0,2,27,1,30,0,1,103,0,104,0,3,130,1,134,26,0,26,160
07/27/2010,MTN,MD,AEA,EN,Federal Contract Tower,0,6,21,7,34,0,0,95,10,105,0,6,116,17,139,132,0,132,271
07/28/2010,MTN,MD,AEA,EN,Federal Contract Tower,0,0,35,9,44,0,1,74,8,83,0,1,109,17,127,210,2,212,339
07/29/2010,MTN,MD,AEA,EN,Federal Contract Tower,0,1,32,9,42,0,0,86,1,87,0,1,118,10,129,139,0,139,268
07/30/2010,MTN,MD,AEA,EN,Federal Contract Tower,0,6,32,6,44,0,1,131,5,137,0,7,163,11,181,48,10,58,239
07/31/2010,MTN,MD,AEA,EN,Federal Contract Tower,0,1,13,3,17,0,0,136,1,137,0,1,149,4,154,32,0,32,186
08/01/2010,MTN,MD,AEA,EN,Federal Contract Tower,0,2,25,5,32,0,0,80,0,80,0,2,105,5,112,50,0,50,162
08/02/2010,MTN,MD,AEA,EN,Federal Contract Tower,0,0,20,0,20,0,0,64,0,64,0,0,84,0,84,56,0,56,140
08/03/2010,MTN,MD,AEA,EN,Federal Contract Tower,0,7,30,9,46,0,2,110,5,117,0,9,140,14,163,152,6,158,321
08/04/2010,MTN,MD,AEA,EN,Federal Contract Tower,0,6,24,8,38,0,0,52,4,56,0,6,76,12,94,28,0,28,122
08/05/2010,MTN,MD,AEA,EN,Federal Contract Tower,0,4,25,3,32,0,0,80,6,86,0,4,105,9,118,76,10,86,204
08/06/2010,MTN,MD,AEA,EN,Federal Contract Tower,0,0,24,4,28,0,0,109,0,109,0,0,133,4,137,102,0,102,239
08/07/2010,MTN,MD,AEA,EN,Federal Contract Tower,0,4,27,2,33,0,0,118,0,118,0,4,145,2,151,70,0,70,221
08/08/2010,MTN,MD,AEA,EN,Federal Contract Tower,0,4,46,10,60,0,0,120,10,130,0,4,166,20,190,60,0,60,250
08/09/2010,MTN,MD,AEA,EN,Federal Contract Tower,0,2,23,0,25,0,0,76,0,76,0,2,99,0,101,64,0,64,165
08/10/2010,MTN,MD,AEA,EN,Federal Contract Tower,0,0,21,11,32,0,1,107,8,116,0,1,128,19,148,88,4,92,240
08/11/2010,MTN,MD,AEA,EN,Federal Contract Tower,0,6,24,9,39,0,3,90,9,102,0,9,114,18,141,102,22,124,265
08/12/2010,MTN,MD,AEA,EN,Federal Contract Tower,0,4,29,12,45,0,0,45,4,49,0,4,74,16,94,24,4,28,122
08/13/2010,MTN,MD,AEA,EN,Federal Contract Tower,0,4,23,5,32,0,0,73,2,75,0,4,96,7,107,52,4,56,163
08/14/2010,MTN,MD,AEA,EN,Federal Contract Tower,0,0,33,0,33,0,1,147,0,148,0,1,180,0,181,138,0,138,319
08/15/2010,MTN,MD,AEA,EN,Federal Contract Tower,0,2,24,0,26,0,1,20,0,21,0,3,44,0,47,0,0,0,47
08/16/2010,MTN,MD,AEA,EN,Federal Contract Tower,0,2,23,0,25,0,0,90,0,90,0,2,113,0,115,84,0,84,199
08/17/2010,MTN,MD,AEA,EN,Federal Contract Tower,0,3,25,6,34,0,1,105,7,113,0,4,130,13,147,66,0,66,213
08/18/2010,MTN,MD,AEA,EN,Federal Contract Tower,0,2,31,9,42,0,0,29,0,29,0,2,60,9,71,2,0,2,73
08/19/2010,MTN,MD,AEA,EN,Federal Contract Tower,0,4,36,5,45,0,1,105,9,115,0,5,141,14,160,110,2,112,272
08/20/2010,MTN,MD,AEA,EN,Federal Contract Tower,0,2,21,5,28,0,0,124,5,129,0,2,145,10,157,86,8,94,251
08/21/2010,MTN,MD,AEA,EN,Federal Contract Tower,0,2,26,0,28,0,1,104,0,105,0,3,130,0,133,119,0,119,252
08/22/2010,MTN,MD,AEA,EN,Federal Contract Tower,0,4,18,2,24,0,0,20,0,20,0,4,38,2,44,12,0,12,56
08/23/2010,MTN,MD,AEA,EN,Federal Contract Tower,0,2,19,2,23,0,0,69,0,69,0,2,88,2,92,4,0,4,96
08/24/2010,MTN,MD,AEA,EN,Federal Contract Tower,0,9,22,15,46,0,0,75,8,83,0,9,97,23,129,74,0,74,203
08/25/2010,MTN,MD,AEA,EN,Federal Contract Tower,0,0,24,10,34,0,0,135,6,141,0,0,159,16,175,92,18,110,285
08/26/2010,MTN,MD,AEA,EN,Federal Contract Tower,0,5,34,13,52,0,0,183,8,191,0,5,217,21,243,146,6,152,395
08/27/2010,MTN,MD,AEA,EN,Federal Contract Tower,0,2,29,7,38,0,1,146,1,148,0,3,175,8,186,124,2,126,312
08/28/2010,MTN,MD,AEA,EN,Federal Contract Tower,0,3,24,0,27,0,5,146,0,151,0,8,170,0,178,130,0,130,308
08/29/2010,MTN,MD,AEA,EN,Federal Contract Tower,0,2,22,0,24,0,0,112,0,112,0,2,134,0,136,28,0,28,164
08/30/2010,MTN,MD,AEA,EN,Federal Contract Tower,0,3,26,0,29,0,0,116,0,116,0,3,142,0,145,64,0,64,209
08/31/2010,MTN,MD,AEA,EN,Federal Contract Tower,0,0,26,9,35,0,0,123,7,130,0,0,149,16,165,36,0,36,201
09/01/2010,MTN,MD,AEA,EN,Federal Contract Tower,0,6,38,8,52,0,0,106,12,118,0,6,144,20,170,72,0,72,242
09/02/2010,MTN,MD,AEA,EN,Federal Contract Tower,0,3,29,8,40,0,2,119,15,136,0,5,148,23,176,58,8,66,242
09/03/2010,MTN,MD,AEA,EN,Federal Contract Tower,0,3,22,0,25,0,1,83,0,84,0,4,105,0,109,56,0,56,165
09/04/2010,MTN,MD,AEA,EN,Federal Contract Tower,0,5,11,0,16,0,1,55,0,56,0,6,66,0,72,16,0,16,88
09/05/2010,MTN,MD,AEA,EN,Federal Contract Tower,0,2,15,0,17,0,0,81,0,81,0,2,96,0,98,174,0,174,272
09/06/2010,MTN,MD,AEA,EN,Federal Contract Tower,0,4,36,0,40,0,1,128,0,129,0,5,164,0,169,54,0,54,223
09/07/2010,MTN,MD,AEA,EN,Federal Contract Tower,0,4,28,7,39,0,0,92,6,98,0,4,120,13,137,110,14,124,261
09/08/2010,MTN,MD,AEA,EN,Federal Contract Tower,0,3,16,10,29,0,1,78,10,89,0,4,94,20,118,14,8,22,140
09/09/2010,MTN,MD,AEA,EN,Federal Contract Tower,0,7,23,9,39,0,2,103,4,109,0,9,126,13,148,30,32,62,210
09/10/2010,MTN,MD,AEA,EN,Federal Contract Tower,0,5,32,6,43,0,2,93,18,113,0,7,125,24,156,32,6,38,194
09/11/2010,MTN,MD,AEA,EN,Federal Contract Tower,0,4,17,14,35,0,0,129,25,154,0,4,146,39,189,174,0,174,363
09/12/2010,MTN,MD,AEA,EN,Federal Contract Tower,0,5,25,1,31,0,0,10,0,10,0,5,35,1,41,0,0,0,41
09/13/2010,MTN,MD,AEA,EN,Federal Contract Tower,0,8,14,0,22,0,0,107,0,107,0,8,121,0,129,56,0,56,185
09/14/2010,MTN,MD,AEA,EN,Federal Contract Tower,0,5,37,16,58,0,1,91,4,96,0,6,128,20,154,80,14,94,248
09/15/2010,MTN,MD,AEA,EN,Federal Contract Tower,0,2,17,11,30,0,2,106,5,113,0,4,123,16,143,54,4,58,201
09/16/2010,MTN,MD,AEA,EN,Federal Contract Tower,0,3,17,8,28,0,2,101,8,111,0,5,118,16,139,90,0,90,229
09/17/2010,MTN,MD,AEA,EN,Federal Contract Tower,0,5,27,6,38,0,0,110,5,115,0,5,137,11,153,72,20,92,245
09/18/2010,MTN,MD,AEA,EN,Federal Contract Tower,0,6,22,0,28,0,0,154,0,154,0,6,176,0,182,0,94,94,276
09/19/2010,MTN,MD,AEA,EN,Federal Contract Tower,0,5,26,0,31,0,0,113,0,113,0,5,139,0,144,92,0,92,236
09/20/2010,MTN,MD,AEA,EN,Federal Contract Tower,0,2,23,0,25,0,0,95,0,95,0,2,118,0,120,58,0,58,178
09/21/2010,MTN,MD,AEA,EN,Federal Contract Tower,0,6,41,7,54,0,0,104,2,106,0,6,145,9,160,128,4,132,292
09/22/2010,MTN,MD,AEA,EN,Federal Contract Tower,0,2,22,10,34,0,0,93,7,100,0,2,115,17,134,38,0,38,172
09/23/2010,MTN,MD,AEA,EN,Federal Contract Tower,0,6,33,7,46,0,0,97,13,110,0,6,130,20,156,28,2,30,186
09/24/2010,MTN,MD,AEA,EN,Federal Contract Tower,0,4,35,10,49,0,0,123,1,124,0,4,158,11,173,54,0,54,227
09/25/2010,MTN,MD,AEA,EN,Federal Contract Tower,0,2,21,1,24,0,1,124,0,125,0,3,145,1,149,98,0,98,247
09/26/2010,MTN,MD,AEA,EN,Federal Contract Tower,0,0,24,2,26,0,1,67,0,68,0,1,91,2,94,14,0,14,108
09/27/2010,MTN,MD,AEA,EN,Federal Contract Tower,0,9,14,0,23,0,0,20,0,20,0,9,34,0,43,10,0,10,53
09/28/2010,MTN,MD,AEA,EN,Federal Contract Tower,0,4,19,1,24,0,7,55,0,62,0,11,74,1,86,50,14,64,150
09/29/2010,MTN,MD,AEA,EN,Federal Contract Tower,0,3,21,1,25,0,0,110,0,110,0,3,131,1,135,80,0,80,215
09/30/2010,MTN,MD,AEA,EN,Federal Contract Tower,0,0,12,1,13,0,0,15,0,15,0,0,27,1,28,0,0,0,28
10/01/2010,MTN,MD,AEA,EN,Federal Contract Tower,0,0,24,8,32,0,2,99,15,116,0,2,123,23,148,26,22,48,196
10/02/2010,MTN,MD,AEA,EN,Federal Contract Tower,0,3,12,0,15,0,3,160,2,165,0,6,172,2,180,142,0,142,322
10/03/2010,MTN,MD,AEA,EN,Federal Contract Tower,0,5,22,1,28,0,0,101,0,101,0,5,123,1,129,166,0,166,295
10/04/2010,MTN,MD,AEA,EN,Federal Contract Tower,0,2,32,0,34,0,0,6,0,6,0,2,38,0,40,0,0,0,40
10/05/2010,MTN,MD,AEA,EN,Federal Contract Tower,0,0,30,5,35,0,0,66,7,73,0,0,96,12,108,24,0,24,132
10/06/2010,MTN,MD,AEA,EN,Federal Contract Tower,0,5,38,12,55,0,1,94,12,107,0,6,132,24,162,60,0,60,222
10/07/2010,MTN,MD,AEA,EN,Federal Contract Tower,0,4,36,8,48,0,0,137,10,147,0,4,173,18,195,88,6,94,289
10/08/2010,MTN,MD,AEA,EN,Federal Contract Tower,0,8,32,2,42,0,0,162,0,162,0,8,194,2,204,118,0,118,322
10/09/2010,MTN,MD,AEA,EN,Federal Contract Tower,0,1,19,0,20,0,0,107,0,107,0,1,126,0,127,48,0,48,175
10/10/2010,MTN,MD,AEA,EN,Federal Contract Tower,0,2,22,1,25,0,0,92,0,92,0,2,114,1,117,66,0,66,183
10/11/2010,MTN,MD,AEA,EN,Federal Contract Tower,0,2,18,0,20,0,0,106,0,106,0,2,124,0,126,128,0,128,254
10/12/2010,MTN,MD,AEA,EN,Federal Contract Tower,0,3,26,8,37,0,0,113,0,113,0,3,139,8,150,50,4,54,204
10/13/2010,MTN,MD,AEA,EN,Federal Contract Tower,0,0,28,8,36,0,0,124,6,130,0,0,152,14,166,48,0,48,214
10/14/2010,MTN,MD,AEA,EN,Federal Contract Tower,0,0,27,5,32,0,0,30,2,32,0,0,57,7,64,6,10,16,80
10/15/2010,MTN,MD,AEA,EN,Federal Contract Tower,0,8,18,15,41,0,0,69,6,75,0,8,87,21,116,82,8,90,206
10/16/2010,MTN,MD,AEA,EN,Federal Contract Tower,0,2,10,0,12,0,0,63,0,63,0,2,73,0,75,50,0,50,125
10/17/2010,MTN,MD,AEA,EN,Federal Contract Tower,0,3,33,0,36,0,2,83,0,85,0,5,116,0,121,42,0,42,163
10/18/2010,MTN,MD,AEA,EN,Federal Contract Tower,0,3,18,1,22,0,0,97,0,97,0,3,115,1,119,114,0,114,233
10/19/2010,MTN,MD,AEA,EN,Federal Contract Tower,0,3,27,8,38,0,0,34,4,38,0,3,61,12,76,18,0,18,94
10/20/2010,MTN,MD,AEA,EN,Federal Contract Tower,0,6,31,4,41,0,1,76,12,89,0,7,107,16,130,134,2,136,266
10/21/2010,MTN,MD,AEA,EN,Federal Contract Tower,0,4,23,6,33,0,0,80,3,83,0,4,103,9,116,180,6,186,302
10/22/2010,MTN,MD,AEA,EN,Federal Contract Tower,0,5,15,2,22,0,1,108,3,112,0,6,123,5,134,142,0,142,276
10/23/2010,MTN,MD,AEA,EN,Federal Contract Tower,0,3,23,0,26,0,1,146,0,147,0,4,169,0,173,152,0,152,325
10/24/2010,MTN,MD,AEA,EN,Federal Contract Tower,0,4,19,4,27,0,0,88,13,101,0,4,107,17,128,66,0,66,194
10/25/2010,MTN,MD,AEA,EN,Federal Contract Tower,0,11,24,0,35,0,1,82,0,83,0,12,106,0,118,54,0,54,172
10/26/2010,MTN,MD,AEA,EN,Federal Contract Tower,0,4,39,11,54,0,0,66,3,69,0,4,105,14,123,44,0,44,167
10/27/2010,MTN,MD,AEA,EN,Federal Contract Tower,0,3,27,12,42,0,1,49,2,52,0,4,76,14,94,4,0,4,98
10/28/2010,MTN,MD,AEA,EN,Federal Contract Tower,0,6,15,19,40,0,1,110,5,116,0,7,125,24,156,102,18,120,276
10/29/2010,MTN,MD,AEA,EN,Federal Contract Tower,0,7,22,14,43,0,0,113,10,123,0,7,135,24,166,162,24,186,352
10/30/2010,MTN,MD,AEA,EN,Federal Contract Tower,0,1,15,6,22,0,0,139,5,144,0,1,154,11,166,94,0,94,260
10/31/2010,MTN,MD,AEA,EN,Federal Contract Tower,0,2,23,0,25,0,0,61,0,61,0,2,84,0,86,18,0,18,104
11/01/2010,MTN,MD,AEA,EN,Federal Contract Tower,0,4,20,0,24,0,0,83,0,83,0,4,103,0,107,52,0,52,159
11/02/2010,MTN,MD,AEA,EN,Federal Contract Tower,0,3,18,11,32,0,0,98,3,101,0,3,116,14,133,82,4,86,219
11/03/2010,MTN,MD,AEA,EN,Federal Contract Tower,0,3,33,10,46,0,0,106,8,114,0,3,139,18,160,52,12,64,224
11/04/2010,MTN,MD,AEA,EN,Federal Contract Tower,0,5,34,0,39,0,0,0,0,0,0,5,34,0,39,0,0,0,39
11/05/2010,MTN,MD,AEA,EN,Federal Contract Tower,0,7,25,14,46,0,1,94,2,97,0,8,119,16,143,92,4,96,239
11/06/2010,MTN,MD,AEA,EN,Federal Contract Tower,0,3,18,8,29,0,0,128,0,128,0,3,146,8,157,88,0,88,245
11/07/2010,MTN,MD,AEA,EN,Federal Contract Tower,0,6,23,4,33,0,1,86,4,91,0,7,109,8,124,60,0,60,184
11/08/2010,MTN,MD,AEA,EN,Federal Contract Tower,0,6,23,3,32,0,0,80,0,80,0,6,103,3,112,138,0,138,250
11/09/2010,MTN,MD,AEA,EN,Federal Contract Tower,0,0,25,7,32,0,0,112,3,115,0,0,137,10,147,86,0,86,233
11/10/2010,MTN,MD,AEA,EN,Federal Contract Tower,0,2,24,7,33,0,1,96,2,99,0,3,120,9,132,60,4,64,196
11/11/2010,MTN,MD,AEA,EN,Federal Contract Tower,0,6,20,0,26,0,0,167,0,167,0,6,187,0,193,100,0,100,293
11/12/2010,MTN,MD,AEA,EN,Federal Contract Tower,0,6,29,0,35,0,0,122,0,122,0,6,151,0,157,84,0,84,241
11/13/2010,MTN,MD,AEA,EN,Federal Contract Tower,0,0,24,2,26,0,3,129,0,132,0,3,153,2,158,74,0,74,232
11/14/2010,MTN,MD,AEA,EN,Federal Contract Tower,0,6,30,0,36,0,1,78,0,79,0,7,108,0,115,24,0,24,139
11/15/2010,MTN,MD,AEA,EN,Federal Contract Tower,0,2,22,0,24,0,0,50,2,52,0,2,72,2,76,12,0,12,88
11/16/2010,MTN,MD,AEA,EN,Federal Contract Tower,0,3,20,0,23,0,0,12,0,12,0,3,32,0,35,0,0,0,35
11/17/2010,MTN,MD,AEA,EN,Federal Contract Tower,0,1,20,2,23,0,0,57,0,57,0,1,77,2,80,22,0,22,102
11/18/2010,MTN,MD,AEA,EN,Federal Contract Tower,0,5,31,2,38,0,0,113,0,113,0,5,144,2,151,72,0,72,223
11/19/2010,MTN,MD,AEA,EN,Federal Contract Tower,0,7,34,5,46,0,0,115,0,115,0,7,149,5,161,58,0,58,219
11/20/2010,MTN,MD,AEA,EN,Federal Contract Tower,0,3,16,2,21,0,0,131,0,131,0,3,147,2,152,90,0,90,242
11/21/2010,MTN,MD,AEA,EN,Federal Contract Tower,0,4,34,13,51,0,0,100,6,106,0,4,134,19,157,66,4,70,227
11/22/2010,MTN,MD,AEA,EN,Federal Contract Tower,0,4,19,2,25,0,0,71,0,71,0,4,90,2,96,30,0,30,126
11/23/2010,MTN,MD,AEA,EN,Federal Contract Tower,0,5,27,6,38,0,0,101,8,109,0,5,128,14,147,22,16,38,185
11/24/2010,MTN,MD,AEA,EN,Federal Contract Tower,0,7,31,4,42,0,0,141,0,141,0,7,172,4,183,88,0,88,271
11/25/2010,MTN,MD,AEA,EN,Federal Contract Tower,0,1,5,0,6,0,1,21,0,22,0,2,26,0,28,6,0,6,34
11/26/2010,MTN,MD,AEA,EN,Federal Contract Tower,0,2,7,0,9,0,0,59,0,59,0,2,66,0,68,62,0,62,130
11/27/2010,MTN,MD,AEA,EN,Federal Contract Tower,0,1,17,2,20,0,0,44,0,44,0,1,61,2,64,22,0,22,86
11/28/2010,MTN,MD,AEA,EN,Federal Contract Tower,0,7,44,0,51,0,0,105,0,105,0,7,149,0,156,84,0,84,240
11/29/2010,MTN,MD,AEA,EN,Federal Contract Tower,0,4,22,0,26,0,0,133,0,133,0,4,155,0,159,82,0,82,241
11/30/2010,MTN,MD,AEA,EN,Federal Contract Tower,0,4,10,7,21,0,0,26,3,29,0,4,36,10,50,0,2,2,52
12/01/2010,MTN,MD,AEA,EN,Federal Contract Tower,0,7,14,4,25,0,1,27,0,28,0,8,41,4,53,0,0,0,53
12/02/2010,MTN,MD,AEA,EN,Federal Contract Tower,0,5,24,10,39,0,0,108,6,114,0,5,132,16,153,22,8,30,183
12/03/2010,MTN,MD,AEA,EN,Federal Contract Tower,0,4,15,12,31,0,0,127,6,133,0,4,142,18,164,54,14,68,232
12/04/2010,MTN,MD,AEA,EN,Federal Contract Tower,0,0,15,10,25,0,0,63,8,71,0,0,78,18,96,64,8,72,168
12/05/2010,MTN,MD,AEA,EN,Federal Contract Tower,0,1,12,1,14,0,0,38,0,38,0,1,50,1,52,12,0,12,64
12/06/2010,MTN,MD,AEA,EN,Federal Contract Tower,0,2,14,1,17,0,1,47,0,48,0,3,61,1,65,0,0,0,65
12/07/2010,MTN,MD,AEA,EN,Federal Contract Tower,0,5,25,12,42,0,0,51,8,59,0,5,76,20,101,4,14,18,119
12/08/2010,MTN,MD,AEA,EN,Federal Contract Tower,0,5,21,7,33,0,1,67,9,77,0,6,88,16,110,0,2,2,112
12/09/2010,MTN,MD,AEA,EN,Federal Contract Tower,0,4,36,6,46,0,0,89,4,93,0,4,125,10,139,80,0,80,219
12/10/2010,MTN,MD,AEA,EN,Federal Contract Tower,0,3,28,3,34,0,0,83,1,84,0,3,111,4,118,108,2,110,228
12/11/2010,MTN,MD,AEA,EN,Federal Contract Tower,0,2,21,0,23,0,0,57,0,57,0,2,78,0,80,46,0,46,126
12/12/2010,MTN,MD,AEA,EN,Federal Contract Tower,0,0,8,0,8,0,0,0,0,0,0,0,8,0,8,0,0,0,8
12/13/2010,MTN,MD,AEA,EN,Federal Contract Tower,0,0,14,0,14,0,1,31,0,32,0,1,45,0,46,0,0,0,46
12/14/2010,MTN,MD,AEA,EN,Federal Contract Tower,0,3,18,7,28,0,2,34,8,44,0,5,52,15,72,42,10,52,124
12/15/2010,MTN,MD,AEA,EN,Federal Contract Tower,0,0,20,11,31,0,1,60,10,71,0,1,80,21,102,14,10,24,126
12/16/2010,MTN,MD,AEA,EN,Federal Contract Tower,0,0,15,8,23,0,0,38,2,40,0,0,53,10,63,32,0,32,95
12/17/2010,MTN,MD,AEA,EN,Federal Contract Tower,0,6,33,0,39,0,0,161,0,161,0,6,194,0,200,54,0,54,254
12/18/2010,MTN,MD,AEA,EN,Federal Contract Tower,0,0,15,0,15,0,0,113,0,113,0,0,128,0,128,172,0,172,300
12/19/2010,MTN,MD,AEA,EN,Federal Contract Tower,0,0,18,0,18,0,1,84,0,85,0,1,102,0,103,50,0,50,153
12/20/2010,MTN,MD,AEA,EN,Federal Contract Tower,0,0,21,0,21,0,1,94,0,95,0,1,115,0,116,56,0,56,172
12/21/2010,MTN,MD,AEA,EN,Federal Contract Tower,0,3,15,16,34,0,0,102,7,109,0,3,117,23,143,50,4,54,197
12/22/2010,MTN,MD,AEA,EN,Federal Contract Tower,0,3,21,9,33,0,1,84,16,101,0,4,105,25,134,46,2,48,182
12/23/2010,MTN,MD,AEA,EN,Federal Contract Tower,0,3,15,12,30,0,0,55,9,64,0,3,70,21,94,2,12,14,108
12/24/2010,MTN,MD,AEA,EN,Federal Contract Tower,0,0,9,0,9,0,0,33,0,33,0,0,42,0,42,50,0,50,92
12/25/2010,MTN,MD,AEA,EN,Federal Contract Tower,0,1,5,0,6,0,1,8,0,9,0,2,13,0,15,28,0,28,43
12/26/2010,MTN,MD,AEA,EN,Federal Contract Tower,0,1,8,0,9,0,0,8,0,8,0,1,16,0,17,0,0,0,17
12/27/2010,MTN,MD,AEA,EN,Federal Contract Tower,0,0,5,0,5,0,1,1,0,2,0,1,6,0,7,0,0,0,7
12/28/2010,MTN,MD,AEA,EN,Federal Contract Tower,0,6,24,6,36,0,0,55,6,61,0,6,79,12,97,6,0,6,103
12/29/2010,MTN,MD,AEA,EN,Federal Contract Tower,0,4,8,6,18,0,0,159,5,164,0,4,167,11,182,58,0,58,240
12/30/2010,MTN,MD,AEA,EN,Federal Contract Tower,0,2,30,6,38,0,0,107,4,111,0,2,137,10,149,98,8,106,255
12/31/2010,MTN,MD,AEA,EN,Federal Contract Tower,0,0,7,0,7,0,3,106,0,109,0,3,113,0,116,134,0,134,250
01/01/2011,MTN,MD,AEA,EN,Federal Contract Tower,0,2,13,0,15,0,0,49,1,50,0,2,62,1,65,62,0,62,127
01/02/2011,MTN,MD,AEA,EN,Federal Contract Tower,0,2,30,0,32,0,0,34,0,34,0,2,64,0,66,54,0,54,120
01/03/2011,MTN,MD,AEA,EN,Federal Contract Tower,0,4,9,0,13,0,0,105,0,105,0,4,114,0,118,104,0,104,222
01/04/2011,MTN,MD,AEA,EN,Federal Contract Tower,0,1,15,12,28,0,0,84,2,86,0,1,99,14,114,32,0,32,146
01/05/2011,MTN,MD,AEA,EN,Federal Contract Tower,0,2,26,9,37,0,0,133,7,140,0,2,159,16,177,110,12,122,299
01/06/2011,MTN,MD,AEA,EN,Federal Contract Tower,0,0,18,11,29,0,1,102,9,112,0,1,120,20,141,66,14,80,221
01/07/2011,MTN,MD,AEA,EN,Federal Contract Tower,0,0,14,6,20,0,1,64,3,68,0,1,78,9,88,40,12,52,140
01/08/2011,MTN,MD,AEA,EN,Federal Contract Tower,0,0,5,0,5,0,0,8,0,8,0,0,13,0,13,12,0,12,25
01/09/2011,MTN,MD,AEA,EN,Federal Contract Tower,0,4,5,5,14,0,0,38,0,38,0,4,43,5,52,16,0,16,68
01/10/2011,MTN,MD,AEA,EN,Federal Contract Tower,0,8,13,2,23,0,1,99,0,100,0,9,112,2,123,56,0,56,179
01/11/2011,MTN,MD,AEA,EN,Federal Contract Tower,0,0,5,5,10,0,0,33,7,40,0,0,38,12,50,52,0,52,102
01/12/2011,MTN,MD,AEA,EN,Federal Contract Tower,0,5,7,7,19,0,3,34,7,44,0,8,41,14,63,0,4,4,67
01/13/2011,MTN,MD,AEA,EN,Federal Contract Tower,0,4,15,13,32,0,0,82,11,93,0,4,97,24,125,52,10,62,187
01/14/2011,MTN,MD,AEA,EN,Federal Contract Tower,0,6,25,0,31,0,0,120,0,120,0,6,145,0,151,84,0,84,235
01/15/2011,MTN,MD,AEA,EN,Federal Contract Tower,0,2,10,0,12,0,1,107,0,108,0,3,117,0,120,140,0,140,260
01/16/2011,MTN,MD,AEA,EN,Federal Contract Tower,0,1,12,1,14,0,0,96,0,96,0,1,108,1,110,94,0,94,204
01/17/2011,MTN,MD,AEA,EN,Federal Contract Tower,0,4,13,1,18,0,0,74,0,74,0,4,87,1,92,122,0,122,214
01/18/2011,MTN,MD,AEA,EN,Federal Contract Tower,0,6,12,3,21,0,0,15,0,15,0,6,27,3,36,4,0,4,40
01/19/2011,MTN,MD,AEA,EN,Federal Contract Tower,0,0,17,13,30,0,0,62,2,64,0,0,79,15,94,38,0,38,132
01/20/2011,MTN,MD,AEA,EN,Federal Contract Tower,0,3,18,12,33,0,0,101,9,110,0,3,119,21,143,102,6,108,251
01/21/2011,MTN,MD,AEA,EN,Federal Contract Tower,0,0,13,9,22,0,0,26,6,32,0,0,39,15,54,0,18,18,72
01/22/2011,MTN,MD,AEA,EN,Federal Contract Tower,0,0,11,8,19,0,0,77,4,81,0,0,88,12,100,96,4,100,200
01/23/2011,MTN,MD,AEA,EN,Federal Contract Tower,0,2,17,6,25,0,1,78,0,79,0,3,95,6,104,48,0,48,152
01/24/2011,MTN,MD,AEA,EN,Federal Contract Tower,0,2,15,0,17,0,0,83,0,83,0,2,98,0,100,16,0,16,116
01/25/2011,MTN,MD,AEA,EN,Federal Contract Tower,0,5,23,9,37,0,0,95,3,98,0,5,118,12,135,64,14,78,213
01/26/2011,MTN,MD,AEA,EN,Federal Contract Tower,0,0,3,0,3,0,0,0,0,0,0,0,3,0,3,0,0,0,3
01/27/2011,MTN,MD,AEA,EN,Federal Contract Tower,0,1,9,4,14,0,0,42,0,42,0,1,51,4,56,0,0,0,56
01/28/2011,MTN,MD,AEA,EN,Federal Contract Tower,0,6,9,6,21,0,0,17,1,18,0,6,26,7,39,8,0,8,47
01/29/2011,MTN,MD,AEA,EN,Federal Contract Tower,0,2,10,0,12,0,1,46,0,47,0,3,56,0,59,62,0,62,121
01/30/2011,MTN,MD,AEA,EN,Federal Contract Tower,0,3,20,0,23,0,0,78,0,78,0,3,98,0,101,106,0,106,207
01/31/2011,MTN,MD,AEA,EN,Federal Contract Tower,0,0,16,0,16,0,0,75,0,75,0,0,91,0,91,108,0,108,199
02/01/2011,MTN,MD,AEA,EN,Federal Contract Tower,0,1,4,0,5,0,0,0,0,0,0,1,4,0,5,0,0,0,5
02/02/2011,MTN,MD,AEA,EN,Federal Contract Tower,0,2,5,0,7,0,0,19,5,24,0,2,24,5,31,0,0,0,31
02/03/2011,MTN,MD,AEA,EN,Federal Contract Tower,0,6,21,19,46,0,1,101,4,106,0,7,122,23,152,52,0,52,204
02/04/2011,MTN,MD,AEA,EN,Federal Contract Tower,0,10,17,9,36,0,1,112,7,120,0,11,129,16,156,70,0,70,226
02/05/2011,MTN,MD,AEA,EN,Federal Contract Tower,0,1,1,1,3,0,0,1,0,1,0,1,2,1,4,0,0,0,4
02/06/2011,MTN,MD,AEA,EN,Federal Contract Tower,0,6,26,2,34,0,0,131,0,131,0,6,157,2,165,84,0,84,249
02/07/2011,MTN,MD,AEA,EN,Federal Contract Tower,0,4,18,0,22,0,1,101,0,102,0,5,119,0,124,78,0,78,202
02/08/2011,MTN,MD,AEA,EN,Federal Contract Tower,0,7,13,0,20,0,0,37,1,38,0,7,50,1,58,12,0,12,70
02/09/2011,MTN,MD,AEA,EN,Federal Contract Tower,0,13,26,5,44,0,0,92,0,92,0,13,118,5,136,68,0,68,204
02/10/2011,MTN,MD,AEA,EN,Federal Contract Tower,0,8,19,5,32,0,0,83,2,85,0,8,102,7,117,74,2,76,193
02/11/2011,MTN,MD,AEA,EN,Federal Contract Tower,0,2,38,4,44,0,0,129,10,139,0,2,167,14,183,64,0,64,247
02/12/2011,MTN,MD,AEA,EN,Federal Contract Tower,0,2,5,0,7,0,0,45,0,45,0,2,50,0,52,28,0,28,80
02/13/2011,MTN,MD,AEA,EN,Federal Contract Tower,0,1,24,8,33,0,0,83,12,95,0,1,107,20,128,56,0,56,184
02/14/2011,MTN,MD,AEA,EN,Federal Contract Tower,0,5,11,0,16,0,0,19,9,28,0,5,30,9,44,0,0,0,44
02/15/2011,MTN,MD,AEA,EN,Federal Contract Tower,0,3,19,12,34,0,1,84,16,101,0,4,103,28,135,28,20,48,183
02/16/2011,MTN,MD,AEA,EN,Federal Contract Tower,0,5,25,17,47,0,0,104,11,115,0,5,129,28,162,40,4,44,206
02/17/2011,MTN,MD,AEA,EN,Federal Contract Tower,0,1,31,9,41,0,1,127,9,137,0,2,158,18,178,120,2,122,300
02/18/2011,MTN,MD,AEA,EN,Federal Contract Tower,0,4,18,0,22,0,1,112,0,113,0,5,130,0,135,36,0,36,171
02/19/2011,MTN,MD,AEA,EN,Federal Contract Tower,0,0,0,0,0,0,0,1,0,1,0,0,1,0,1,4,0,4,5
02/20/2011,MTN,MD,AEA,EN,Federal Contract Tower,0,0,14,0,14,0,0,129,0,129,0,0,143,0,143,194,0,194,337
02/21/2011,MTN,MD,AEA,EN,Federal Contract Tower,0,8,27,1,36,0,0,62,0,62,0,8,89,1,98,28,0,28,126
02/22/2011,MTN,MD,AEA,EN,Federal Contract Tower,0,2,13,8,23,0,0,54,1,55,0,2,67,9,78,16,0,16,94
02/23/2011,MTN,MD,AEA,EN,Federal Contract Tower,0,0,20,20,40,0,1,142,5,148,0,1,162,25,188,108,6,114,302
02/24/2011,MTN,MD,AEA,EN,Federal Contract Tower,0,0,24,12,36,0,1,113,8,122,0,1,137,20,158,138,4,142,300
02/25/2011,MTN,MD,AEA,EN,Federal Contract Tower,0,5,10,0,15,0,0,14,0,14,0,5,24,0,29,0,0,0,29
02/26/2011,MTN,MD,AEA,EN,Federal Contract Tower,0,5,17,0,22,0,0,117,0,117,0,5,134,0,139,68,0,68,207
02/27/2011,MTN,MD,AEA,EN,Federal Contract Tower,0,0,17,0,17,0,0,102,0,102,0,0,119,0,119,136,0,136,255
02/28/2011,MTN,MD,AEA,EN,Federal Contract Tower,0,2,11,0,13,0,0,30,0,30,0,2,41,0,43,0,0,0,43
03/01/2011,MTN,MD,AEA,EN,Federal Contract Tower,0,2,25,11,38,0,2,116,8,126,0,4,141,19,164,92,0,92,256
03/02/2011,MTN,MD,AEA,EN,Federal Contract Tower,0,3,31,17,51,0,1,114,8,123,0,4,145,25,174,94,18,112,286
03/03/2011,MTN,MD,AEA,EN,Federal Contract Tower,0,6,23,12,41,0,0,116,11,127,0,6,139,23,168,114,8,122,290
03/04/2011,MTN,MD,AEA,EN,Federal Contract Tower,0,7,18,9,34,0,0,131,10,141,0,7,149,19,175,160,6,166,341
03/05/2011,MTN,MD,AEA,EN,Federal Contract Tower,0,0,8,0,8,0,0,72,0,72,0,0,80,0,80,42,0,42,122
03/06/2011,MTN,MD,AEA,EN,Federal Contract Tower,0,2,12,0,14,0,0,0,0,0,0,2,12,0,14,0,0,0,14
03/07/2011,MTN,MD,AEA,EN,Federal Contract Tower,0,2,10,1,13,0,1,78,0,79,0,3,88,1,92,56,0,56,148
03/08/2011,MTN,MD,AEA,EN,Federal Contract Tower,0,9,23,9,41,0,0,129,9,138,0,9,152,18,179,180,4,184,363
03/09/2011,MTN,MD,AEA,EN,Federal Contract Tower,0,3,24,7,34,0,2,53,4,59,0,5,77,11,93,18,2,20,113
03/10/2011,MTN,MD,AEA,EN,Federal Contract Tower,0,6,6,0,12,0,0,3,0,3,0,6,9,0,15,0,0,0,15
03/11/2011,MTN,MD,AEA,EN,Federal Contract Tower,0,3,24,11,38,0,0,114,6,120,0,3,138,17,158,84,16,100,258
03/12/2011,MTN,MD,AEA,EN,Federal Contract Tower,0,3,14,9,26,0,0,111,7,118,0,3,125,16,144,130,20,150,294
03/13/2011,MTN,MD,AEA,EN,Federal Contract Tower,0,0,16,6,22,0,1,85,3,89,0,1,101,9,111,54,4,58,169
03/14/2011,MTN,MD,AEA,EN,Federal Contract Tower,0,2,16,0,18,0,0,120,0,120,0,2,136,0,138,80,0,80,218
03/15/2011,MTN,MD,AEA,EN,Federal Contract Tower,0,2,16,14,32,0,0,98,7,105,0,2,114,21,137,78,0,78,215
03/16/2011,MTN,MD,AEA,EN,Federal Contract Tower,0,3,27,14,44,0,1,68,1,70,0,4,95,15,114,72,10,82,196
03/17/2011,MTN,MD,AEA,EN,Federal Contract Tower,0,0,19,11,30,0,0,112,3,115,0,0,131,14,145,116,0,116,261
03/18/2011,MTN,MD,AEA,EN,Federal Contract Tower,0,2,29,6,37,0,0,137,3,140,0,2,166,9,177,136,4,140,317
03/19/2011,MTN,MD,AEA,EN,Federal Contract Tower,0,2,16,4,22,0,0,94,0,94,0,2,110,4,116,40,0,40,156
03/20/2011,MTN,MD,AEA,EN,Federal Contract Tower,0,2,32,2,36,0,0,119,0,119,0,2,151,2,155,119,0,119,274
03/21/2011,MTN,MD,AEA,EN,Federal Contract Tower,0,5,13,0,18,0,1,46,0,47,0,6,59,0,65,48,0,48,113
03/22/2011,MTN,MD,AEA,EN,Federal Contract Tower,0,4,25,8,37,0,0,116,12,128,0,4,141,20,165,70,6,76,241
03/23/2011,MTN,MD,AEA,EN,Federal Contract Tower,0,8,25,2,35,0,0,7,0,7,0,8,32,2,42,0,0,0,42
03/24/2011,MTN,MD,AEA,EN,Federal Contract Tower,0,8,24,6,38,0,0,62,2,64,0,8,86,8,102,10,2,12,114
03/25/2011,MTN,MD,AEA,EN,Federal Contract Tower,0,3,26,6,35,0,3,125,5,133,0,6,151,11,168,78,2,80,248
03/26/2011,MTN,MD,AEA,EN,Federal Contract Tower,0,6,22,0,28,0,0,157,0,157,0,6,179,0,185,42,0,42,227
03/27/2011,MTN,MD,AEA,EN,Federal Contract Tower,0,4,21,2,27,0,0,48,0,48,0,4,69,2,75,24,0,24,99
03/28/2011,MTN,MD,AEA,EN,Federal Contract Tower,0,7,21,5,33,0,1,114,0,115,0,8,135,5,148,98,0,98,246
03/29/2011,MTN,MD,AEA,EN,Federal Contract Tower,0,1,24,13,38,0,0,130,0,130,0,1,154,13,168,30,2,32,200
03/30/2011,MTN,MD,AEA,EN,Federal Contract Tower,0,4,15,14,33,0,0,54,6,60,0,4,69,20,93,80,20,100,193
03/31/2011,MTN,MD,AEA,EN,Federal Contract Tower,0,0,16,0,16,0,0,0,0,0,0,0,16,0,16,0,0,0,16
04/01/2011,MTN,MD,AEA,EN,Federal Contract Tower,0,3,25,9,37,0,0,43,7,50,0,3,68,16,87,22,0,22,109
04/02/2011,MTN,MD,AEA,EN,Federal Contract Tower,0,3,11,0,14,0,0,49,0,49,0,3,60,0,63,44,0,44,107
04/03/2011,MTN,MD,AEA,EN,Federal Contract Tower,0,2,21,0,23,0,1,108,0,109,0,3,129,0,132,64,0,64,196
04/04/2011,MTN,MD,AEA,EN,Federal Contract Tower,0,0,12,4,16,0,0,101,0,101,0,0,113,4,117,54,0,54,171
04/05/2011,MTN,MD,AEA,EN,Federal Contract Tower,0,4,21,4,29,0,1,34,3,38,0,5,55,7,67,12,0,12,79
04/06/2011,MTN,MD,AEA,EN,Federal Contract Tower,0,2,23,2,27,0,0,115,3,118,0,2,138,5,145,30,0,30,175
04/07/2011,MTN,MD,AEA,EN,Federal Contract Tower,0,8,28,4,40,0,1,141,2,144,0,9,169,6,184,140,6,146,330
04/08/2011,MTN,MD,AEA,EN,Federal Contract Tower,0,9,17,2,28,0,0,20,0,20,0,9,37,2,48,6,0,6,54
04/09/2011,MTN,MD,AEA,EN,Federal Contract Tower,0,4,21,0,25,0,1,47,0,48,0,5,68,0,73,34,0,34,107
04/10/2011,MTN,MD,AEA,EN,Federal Contract Tower,0,4,32,0,36,0,0,37,0,37,0,4,69,0,73,70,0,70,143
04/11/2011,MTN,MD,AEA,EN,Federal Contract Tower,0,1,23,0,24,0,0,73,0,73,0,1,96,0,97,62,0,62,159
04/12/2011,MTN,MD,AEA,EN,Federal Contract Tower,0,3,20,0,23,0,0,35,0,35,0,3,55,0,58,10,0,10,68
04/13/2011,MTN,MD,AEA,EN,Federal Contract Tower,0,8,29,4,41,0,0,32,2,34,0,8,61,6,75,0,0,0,75
04/14/2011,MTN,MD,AEA,EN,Federal Contract Tower,0,4,23,13,40,0,0,169,10,179,0,4,192,23,219,134,12,146,365
04/15/2011,MTN,MD,AEA,EN,Federal Contract Tower,0,1,34,4,39,0,1,88,2,91,0,2,122,6,130,34,0,34,164
04/16/2011,MTN,MD,AEA,EN,Federal Contract Tower,0,1,8,0,9,0,0,1,0,1,0,1,9,0,10,0,0,0,10
04/17/2011,MTN,MD,AEA,EN,Federal Contract Tower,0,9,9,0,18,0,0,44,0,44,0,9,53,0,62,32,0,32,94
04/18/2011,MTN,MD,AEA,EN,Federal Contract Tower,0,2,29,0,31,0,0,121,0,121,0,2,150,0,152,168,0,168,320
04/19/2011,MTN,MD,AEA,EN,Federal Contract Tower,0,7,35,8,50,0,0,57,5,62,0,7,92,13,112,52,0,52,164
04/20/2011,MTN,MD,AEA,EN,Federal Contract Tower,0,3,23,6,32,0,0,94,5,99,0,3,117,11,131,66,14,80,211
04/21/2011,MTN,MD,AEA,EN,Federal Contract Tower,0,4,36,10,50,0,0,93,9,102,0,4,129,19,152,76,2,78,230
04/22/2011,MTN,MD,AEA,EN,Federal Contract Tower,0,5,20,12,37,0,0,107,2,109,0,5,127,14,146,52,2,54,200
04/23/2011,MTN,MD,AEA,EN,Federal Contract Tower,0,0,11,2,13,0,1,15,0,16,0,1,26,2,29,12,0,12,41
04/24/2011,MTN,MD,AEA,EN,Federal Contract Tower,0,2,15,0,17,0,0,44,0,44,0,2,59,0,61,22,0,22,83
04/25/2011,MTN,MD,AEA,EN,Federal Contract Tower,0,13,26,0,39,0,0,125,0,125,0,13,151,0,164,108,0,108,272
04/26/2011,MTN,MD,AEA,EN,Federal Contract Tower,0,4,42,7,53,0,0,94,8,102,0,4,136,15,155,40,2,42,197
04/27/2011,MTN,MD,AEA,EN,Federal Contract Tower,0,3,43,8,54,0,0,81,17,98,0,3,124,25,152,18,0,18,170
04/28/2011,MTN,MD,AEA,EN,Federal Contract Tower,0,3,17,16,36,0,0,70,3,73,0,3,87,19,109,58,0,58,167
04/29/2011,MTN,MD,AEA,EN,Federal Contract Tower,0,5,20,7,32,0,0,110,11,121,0,5,130,18,153,88,8,96,249
04/30/2011,MTN,MD,AEA,EN,Federal Contract Tower,0,1,12,0,13,0,0,213,0,213,0,1,225,0,226,136,0,136,362
05/01/2011,MTN,MD,AEA,EN,Federal Contract Tower,0,7,31,2,40,0,0,134,0,134,0,7,165,2,174,76,0,76,250
05/02/2011,MTN,MD,AEA,EN,Federal Contract Tower,0,4,19,2,25,0,1,99,0,100,0,5,118,2,125,120,4,124,249
05/03/2011,MTN,MD,AEA,EN,Federal Contract Tower,0,2,20,5,27,0,2,101,5,108,0,4,121,10,135,78,0,78,213
05/04/2011,MTN,MD,AEA,EN,Federal Contract Tower,0,6,16,9,31,0,0,69,7,76,0,6,85,16,107,12,0,12,119
05/05/2011,MTN,MD,AEA,EN,Federal Contract Tower,0,3,13,14,30,0,1,97,10,108,0,4,110,24,138,40,6,46,184
05/06/2011,MTN,MD,AEA,EN,Federal Contract Tower,0,11,33,12,56,0,0,110,9,119,0,11,143,21,175,100,4,104,279
05/07/2011,MTN,MD,AEA,EN,Federal Contract Tower,0,3,22,1,26,0,1,177,0,178,0,4,199,1,204,68,0,68,272
05/08/2011,MTN,MD,AEA,EN,Federal Contract Tower,0,8,21,5,34,0,1,96,2,99,0,9,117,7,133,62,0,62,195
05/09/2011,MTN,MD,AEA,EN,Federal Contract Tower,0,4,28,0,32,0,0,138,0,138,0,4,166,0,170,90,0,90,260
05/10/2011,MTN,MD,AEA,EN,Federal Contract Tower,0,2,30,4,36,0,0,157,0,157,0,2,187,4,193,166,2,168,361
05/11/2011,MTN,MD,AEA,EN,Federal Contract Tower,0,6,35,2,43,0,1,115,0,116,0,7,150,2,159,86,0,86,245
05/12/2011,MTN,MD,AEA,EN,Federal Contract Tower,0,4,23,2,29,0,1,142,2,145,0,5,165,4,174,176,2,178,352
05/13/2011,MTN,MD,AEA,EN,Federal Contract Tower,0,4,20,6,30,0,1,53,0,54,0,5,73,6,84,32,0,32,116
05/14/2011,MTN,MD,AEA,EN,Federal Contract Tower,0,5,19,0,24,0,0,0,0,0,0,5,19,0,24,0,0,0,24
05/15/2011,MTN,MD,AEA,EN,Federal Contract Tower,0,2,15,0,17,0,0,12,0,12,0,2,27,0,29,8,0,8,37
05/16/2011,MTN,MD,AEA,EN,Federal Contract Tower,0,2,20,0,22,0,0,61,0,61,0,2,81,0,83,54,0,54,137
05/17/2011,MTN,MD,AEA,EN,Federal Contract Tower,0,3,33,4,40,0,0,35,0,35,0,3,68,4,75,8,0,8,83
05/18/2011,MTN,MD,AEA,EN,Federal Contract Tower,0,4,27,8,39,0,2,24,0,26,0,6,51,8,65,0,0,0,65
05/19/2011,MTN,MD,AEA,EN,Federal Contract Tower,0,5,29,5,39,0,0,35,1,36,0,5,64,6,75,6,0,6,81
05/20/2011,MTN,MD,AEA,EN,Federal Contract Tower,0,5,40,14,59,0,1,98,6,105,0,6,138,20,164,134,8,142,306
05/21/2011,MTN,MD,AEA,EN,Federal Contract Tower,0,2,30,4,36,0,1,180,4,185,0,3,210,8,221,76,6,82,303
05/22/2011,MTN,MD,AEA,EN,Federal Contract Tower,0,6,32,7,45,0,0,93,0,93,0,6,125,7,138,30,0,30,168
05/23/2011,MTN,MD,AEA,EN,Federal Contract Tower,0,7,38,1,46,0,1,79,0,80,0,8,117,1,126,20,0,20,146
05/24/2011,MTN,MD,AEA,EN,Federal Contract Tower,0,8,32,12,52,0,0,123,9,132,0,8,155,21,184,144,0,144,328
05/25/2011,MTN,MD,AEA,EN,Federal Contract Tower,0,8,41,10,59,0,1,152,8,161,0,9,193,18,220,106,4,110,330
05/26/2011,MTN,MD,AEA,EN,Federal Contract Tower,0,4,54,7,65,0,0,89,8,97,0,4,143,15,162,116,4,120,282
05/27/2011,MTN,MD,AEA,EN,Federal Contract Tower,0,11,28,1,40,0,0,138,0,138,0,11,166,1,178,96,0,96,274
05/28/2011,MTN,MD,AEA,EN,Federal Contract Tower,0,7,23,1,31,0,0,136,0,136,0,7,159,1,167,112,0,112,279
05/29/2011,MTN,MD,AEA,EN,Federal Contract Tower,0,4,14,0,18,0,0,97,0,97,0,4,111,0,115,56,0,56,171
05/30/2011,MTN,MD,AEA,EN,Federal Contract Tower,0,2,18,0,20,0,2,146,0,148,0,4,164,0,168,104,0,104,272
05/31/2011,MTN,MD,AEA,EN,Federal Contract Tower,0,4,34,2,40,0,0,89,1,90,0,4,123,3,130,68,0,68,198
06/01/2011,MTN,MD,AEA,EN,Federal Contract Tower,0,3,23,3,29,0,3,80,3,86,0,6,103,6,115,64,2,66,181
06/02/2011,MTN,MD,AEA,EN,Federal Contract Tower,0,5,38,3,46,0,2,91,3,96,0,7,129,6,142,22,5,27,169
06/03/2011,MTN,MD,AEA,EN,Federal Contract Tower,0,1,24,6,31,0,0,144,12,156,0,1,168,18,187,84,6,90,277
06/04/2011,MTN,MD,AEA,EN,Federal Contract Tower,0,2,13,0,15,0,0,143,0,143,0,2,156,0,158,120,0,120,278
06/05/2011,MTN,MD,AEA,EN,Federal Contract Tower,0,3,15,2,20,0,0,81,0,81,0,3,96,2,101,90,0,90,191
06/06/2011,MTN,MD,AEA,EN,Federal Contract Tower,0,3,36,5,44,0,1,104,0,105,0,4,140,5,149,124,0,124,273
06/07/2011,MTN,MD,AEA,EN,Federal Contract Tower,0,6,28,5,39,0,1,107,2,110,0,7,135,7,149,158,0,158,307
06/08/2011,MTN,MD,AEA,EN,Federal Contract Tower,0,4,23,6,33,0,0,86,0,86,0,4,109,6,119,60,0,60,179
06/09/2011,MTN,MD,AEA,EN,Federal Contract Tower,0,3,35,2,40,0,0,105,2,107,0,3,140,4,147,46,0,46,193
06/10/2011,MTN,MD,AEA,EN,Federal Contract Tower,0,3,18,0,21,0,0,97,0,97,0,3,115,0,118,42,0,42,160
06/11/2011,MTN,MD,AEA,EN,Federal Contract Tower,0,1,20,2,23,0,0,34,0,34,0,1,54,2,57,6,0,6,63
06/12/2011,MTN,MD,AEA,EN,Federal Contract Tower,0,5,24,6,35,0,1,62,0,63,0,6,86,6,98,36,0,36,134
06/13/2011,MTN,MD,AEA,EN,Federal Contract Tower,0,3,32,0,35,0,1,108,0,109,0,4,140,0,144,96,0,96,240
06/14/2011,MTN,MD,AEA,EN,Federal Contract Tower,0,3,30,6,39,0,1,122,0,123,0,4,152,6,162,112,0,112,274
06/15/2011,MTN,MD,AEA,EN,Federal Contract Tower,0,7,24,9,40,0,0,132,4,136,0,7,156,13,176,90,6,96,272
06/16/2011,MTN,MD,AEA,EN,Federal Contract Tower,0,5,32,4,41,0,0,90,5,95,0,5,122,9,136,72,0,72,208
06/17/2011,MTN,MD,AEA,EN,Federal Contract Tower,0,4,25,7,36,0,2,121,5,128,0,6,146,12,164,134,0,134,298
06/18/2011,MTN,MD,AEA,EN,Federal Contract Tower,0,2,20,2,24,0,1,144,0,145,0,3,164,2,169,44,0,44,213
06/19/2011,MTN,MD,AEA,EN,Federal Contract Tower,0,6,23,1,30,0,1,95,0,96,0,7,118,1,126,50,0,50,176
06/20/2011,MTN,MD,AEA,EN,Federal Contract Tower,0,2,25,0,27,0,0,84,0,84,0,2,109,0,111,72,0,72,183
06/21/2011,MTN,MD,AEA,EN,Federal Contract Tower,0,2,31,16,49,0,0,105,8,113,0,2,136,24,162,62,6,68,230
06/22/2011,MTN,MD,AEA,EN,Federal Contract Tower,0,2,34,8,44,0,1,94,12,107,0,3,128,20,151,56,2,58,209
06/23/2011,MTN,MD,AEA,EN,Federal Contract Tower,0,3,26,10,39,0,1,85,9,95,0,4,111,19,134,38,2,40,174
06/24/2011,MTN,MD,AEA,EN,Federal Contract Tower,0,2,31,7,40,0,0,107,5,112,0,2,138,12,152,18,6,24,176
06/25/2011,MTN,MD,AEA,EN,Federal Contract Tower,0,1,26,2,29,0,1,94,4,99,0,2,120,6,128,54,0,54,182
06/26/2011,MTN,MD,AEA,EN,Federal Contract Tower,0,2,36,3,41,0,0,117,3,120,0,2,153,6,161,20,0,20,181
06/27/2011,MTN,MD,AEA,EN,Federal Contract Tower,0,7,34,0,41,0,0,92,0,92,0,7,126,0,133,110,0,110,243
06/28/2011,MTN,MD,AEA,EN,Federal Contract Tower,0,2,24,18,44,0,0,88,15,103,0,2,112,33,147,36,2,38,185
06/29/2011,MTN,MD,AEA,EN,Federal Contract Tower,0,4,27,16,47,0,0,113,12,125,0,4,140,28,172,48,8,56,228
06/30/2011,MTN,MD,AEA,EN,Federal Contract Tower,0,5,32,12,49,0,1,152,29,182,0,6,184,41,231,120,6,126,357
07/01/2011,MTN,MD,AEA,EN,Federal Contract Tower,0,9,32,0,41,0,0,106,0,106,0,9,138,0,147,58,0,58,205
07/02/2011,MTN,MD,AEA,EN,Federal Contract Tower,0,0,28,0,28,0,0,89,0,89,0,0,117,0,117,74,0,74,191
07/03/2011,MTN,MD,AEA,EN,Federal Contract Tower,0,0,20,0,20,0,2,62,0,64,0,2,82,0,84,67,0,67,151
07/04/2011,MTN,MD,AEA,EN,Federal Contract Tower,0,2,17,0,19,0,0,88,8,96,0,2,105,8,115,50,0,50,165
07/05/2011,MTN,MD,AEA,EN,Federal Contract Tower,0,2,26,11,39,0,1,99,11,111,0,3,125,22,150,32,6,38,188
07/06/2011,MTN,MD,AEA,EN,Federal Contract Tower,0,2,20,10,32,0,0,96,13,109,0,2,116,23,141,40,6,46,187
07/07/2011,MTN,MD,AEA,EN,Federal Contract Tower,0,0,28,5,33,0,0,12,10,22,0,0,40,15,55,84,0,84,139
07/08/2011,MTN,MD,AEA,EN,Federal Contract Tower,0,5,22,4,31,0,0,43,0,43,0,5,65,4,74,44,0,44,118
07/09/2011,MTN,MD,AEA,EN,Federal Contract Tower,0,0,19,0,19,0,1,129,0,130,0,1,148,0,149,86,0,86,235
07/10/2011,MTN,MD,AEA,EN,Federal Contract Tower,0,4,21,0,25,0,1,141,0,142,0,5,162,0,167,38,0,38,205
07/11/2011,MTN,MD,AEA,EN,Federal Contract Tower,0,0,18,0,18,0,0,93,0,93,0,0,111,0,111,54,0,54,165
07/12/2011,MTN,MD,AEA,EN,Federal Contract Tower,0,4,13,4,21,0,2,102,9,113,0,6,115,13,134,76,6,82,216
07/13/2011,MTN,MD,AEA,EN,Federal Contract Tower,0,2,28,18,48,0,0,83,11,94,0,2,111,29,142,86,12,98,240
07/14/2011,MTN,MD,AEA,EN,Federal Contract Tower,0,4,27,14,45,0,0,126,23,149,0,4,153,37,194,66,4,70,264
07/15/2011,MTN,MD,AEA,EN,Federal Contract Tower,0,7,27,9,43,0,2,110,10,122,0,9,137,19,165,56,10,66,231
07/16/2011,MTN,MD,AEA,EN,Federal Contract Tower,0,7,24,0,31,0,1,123,0,124,0,8,147,0,155,52,0,52,207
07/17/2011,MTN,MD,AEA,EN,Federal Contract Tower,0,8,21,0,29,0,1,111,0,112,0,9,132,0,141,8,0,8,149
07/18/2011,MTN,MD,AEA,EN,Federal Contract Tower,0,1,29,1,31,0,0,91,0,91,0,1,120,1,122,34,0,34,156
07/19/2011,MTN,MD,AEA,EN,Federal Contract Tower,0,13,28,6,47,0,1,88,11,100,0,14,116,17,147,100,0,100,247
07/20/2011,MTN,MD,AEA,EN,Federal Contract Tower,0,3,30,18,51,0,0,92,13,105,0,3,122,31,156,90,4,94,250
07/21/2011,MTN,MD,AEA,EN,Federal Contract Tower,0,2,28,8,38,0,0,99,5,104,0,2,127,13,142,68,0,68,210
07/22/2011,MTN,MD,AEA,EN,Federal Contract Tower,0,3,26,8,37,0,0,92,2,94,0,3,118,10,131,82,2,84,215
07/23/2011,MTN,MD,AEA,EN,Federal Contract Tower,0,4,15,0,19,0,0,78,0,78,0,4,93,0,97,38,0,38,135
07/24/2011,MTN,MD,AEA,EN,Federal Contract Tower,0,2,22,0,24,0,2,59,0,61,0,4,81,0,85,58,0,58,143
07/25/2011,MTN,MD,AEA,EN,Federal Contract Tower,0,10,28,0,38,0,0,60,0,60,0,10,88,0,98,86,0,86,184
07/26/2011,MTN,MD,AEA,EN,Federal Contract Tower,0,3,22,9,34,0,1,135,5,141,0,4,157,14,175,108,2,110,285
07/27/2011,MTN,MD,AEA,EN,Federal Contract Tower,0,12,28,13,53,0,0,106,8,114,0,12,134,21,167,56,14,70,237
07/28/2011,MTN,MD,AEA,EN,Federal Contract Tower,0,3,28,10,41,0,0,109,6,115,0,3,137,16,156,92,0,92,248
07/29/2011,MTN,MD,AEA,EN,Federal Contract Tower,0,1,35,12,48,0,0,102,6,108,0,1,137,18,156,108,6,114,270
07/30/2011,MTN,MD,AEA,EN,Federal Contract Tower,0,4,12,0,16,0,1,92,0,93,0,5,104,0,109,48,0,48,157
07/31/2011,MTN,MD,AEA,EN,Federal Contract Tower,0,1,34,0,35,0,3,111,0,114,0,4,145,0,149,78,0,78,227
08/01/2011,MTN,MD,AEA,EN,Federal Contract Tower,0,4,14,0,18,0,1,62,0,63,0,5,76,0,81,76,0,76,157
08/02/2011,MTN,MD,AEA,EN,Federal Contract Tower,0,2,22,15,39,0,1,99,4,104,0,3,121,19,143,108,4,112,255
08/03/2011,MTN,MD,AEA,EN,Federal Contract Tower,0,5,19,18,42,0,0,62,3,65,0,5,81,21,107,60,0,60,167
08/04/2011,MTN,MD,AEA,EN,Federal Contract Tower,0,4,32,20,56,0,0,52,3,55,0,4,84,23,111,16,0,16,127
08/05/2011,MTN,MD,AEA,EN,Federal Contract Tower,0,7,30,11,48,0,0,143,6,149,0,7,173,17,197,162,0,162,359
08/06/2011,MTN,MD,AEA,EN,Federal Contract Tower,0,2,19,5,26,0,0,62,0,62,0,2,81,5,88,38,0,38,126
08/07/2011,MTN,MD,AEA,EN,Federal Contract Tower,0,3,33,1,37,0,1,27,1,29,0,4,60,2,66,18,2,20,86
08/08/2011,MTN,MD,AEA,EN,Federal Contract Tower,0,4,20,0,24,0,0,78,0,78,0,4,98,0,102,70,0,70,172
08/09/2011,MTN,MD,AEA,EN,Federal Contract Tower,0,5,26,8,39,0,0,85,1,86,0,5,111,9,125,80,2,82,207
08/10/2011,MTN,MD,AEA,EN,Federal Contract Tower,0,2,29,10,41,0,1,111,10,122,0,3,140,20,163,92,0,92,255
08/11/2011,MTN,MD,AEA,EN,Federal Contract Tower,0,3,22,10,35,0,3,162,3,168,0,6,184,13,203,146,2,148,351
08/12/2011,MTN,MD,AEA,EN,Federal Contract Tower,0,3,26,9,38,0,0,142,6,148,0,3,168,15,186,56,8,64,250
08/13/2011,MTN,MD,AEA,EN,Federal Contract Tower,0,0,24,9,33,0,0,43,4,47,0,0,67,13,80,36,0,36,116
08/14/2011,MTN,MD,AEA,EN,Federal Contract Tower,0,5,27,0,32,0,1,14,0,15,0,6,41,0,47,0,0,0,47
08/15/2011,MTN,MD,AEA,EN,Federal Contract Tower,0,4,27,0,31,0,1,49,0,50,0,5,76,0,81,4,0,4,85
08/16/2011,MTN,MD,AEA,EN,Federal Contract Tower,0,2,27,11,40,0,2,94,9,105,0,4,121,20,145,102,4,106,251
08/17/2011,MTN,MD,AEA,EN,Federal Contract Tower,0,7,41,9,57,0,0,147,10,157,0,7,188,19,214,82,12,94,308
08/18/2011,MTN,MD,AEA,EN,Federal Contract Tower,0,8,23,6,37,0,0,78,0,78,0,8,101,6,115,80,0,80,195
08/19/2011,MTN,MD,AEA,EN,Federal Contract Tower,0,2,23,6,31,0,0,72,5,77,0,2,95,11,108,76,8,84,192
08/20/2011,MTN,MD,AEA,EN,Federal Contract Tower,0,0,23,2,25,0,0,130,2,132,0,0,153,4,157,76,0,76,233
08/21/2011,MTN,MD,AEA,EN,Federal Contract Tower,0,1,25,1,27,0,0,28,0,28,0,1,53,1,55,12,0,12,67
08/22/2011,MTN,MD,AEA,EN,Federal Contract Tower,0,2,28,0,30,0,1,125,2,128,0,3,153,2,158,48,0,48,206
08/23/2011,MTN,MD,AEA,EN,Federal Contract Tower,0,0,21,8,29,0,0,130,8,138,0,0,151,16,167,74,4,78,245
08/24/2011,MTN,MD,AEA,EN,Federal Contract Tower,0,2,31,6,39,0,0,119,6,125,0,2,150,12,164,74,0,74,238
08/25/2011,MTN,MD,AEA,EN,Federal Contract Tower,0,2,26,1,29,0,0,19,0,19,0,2,45,1,48,0,0,0,48
08/26/2011,MTN,MD,AEA,EN,Federal Contract Tower,0,9,25,26,60,0,0,117,0,117,0,9,142,26,177,112,0,112,289
08/27/2011,MTN,MD,AEA,EN,Federal Contract Tower,0,0,5,5,10,0,0,0,0,0,0,0,5,5,10,0,0,0,10
08/28/2011,MTN,MD,AEA,EN,Federal Contract Tower,0,1,4,5,10,0,0,35,2,37,0,1,39,7,47,2,0,2,49
08/29/2011,MTN,MD,AEA,EN,Federal Contract Tower,0,2,25,0,27,0,1,105,0,106,0,3,130,0,133,102,0,102,235
08/30/2011,MTN,MD,AEA,EN,Federal Contract Tower,0,2,29,7,38,0,0,119,10,129,0,2,148,17,167,96,0,96,263
08/31/2011,MTN,MD,AEA,EN,Federal Contract Tower,0,6,27,14,47,0,0,105,9,114,0,6,132,23,161,94,2,96,257
09/01/2011,MTN,MD,AEA,EN,Federal Contract Tower,0,6,40,12,58,0,0,128,10,138,0,6,168,22,196,76,8,84,280
09/02/2011,MTN,MD,AEA,EN,Federal Contract Tower,0,3,21,0,24,0,0,114,0,114,0,3,135,0,138,24,0,24,162
09/03/2011,MTN,MD,AEA,EN,Federal Contract Tower,0,2,18,1,21,0,1,109,0,110,0,3,127,1,131,94,0,94,225
09/04/2011,MTN,MD,AEA,EN,Federal Contract Tower,0,1,25,2,28,0,2,80,1,83,0,3,105,3,111,32,0,32,143
09/05/2011,MTN,MD,AEA,EN,Federal Contract Tower,0,7,21,0,28,0,1,32,0,33,0,8,53,0,61,70,0,70,131
09/06/2011,MTN,MD,AEA,EN,Federal Contract Tower,0,6,27,2,35,0,0,0,0,0,0,6,27,2,35,0,0,0,35
09/07/2011,MTN,MD,AEA,EN,Federal Contract Tower,0,6,22,0,28,0,0,13,0,13,0,6,35,0,41,0,0,0,41
09/08/2011,MTN,MD,AEA,EN,Federal Contract Tower,0,11,23,5,39,0,0,12,0,12,0,11,35,5,51,0,0,0,51
09/09/2011,MTN,MD,AEA,EN,Federal Contract Tower,0,6,29,24,59,0,2,21,1,24,0,8,50,25,83,8,0,8,91
09/10/2011,MTN,MD,AEA,EN,Federal Contract Tower,0,3,49,4,56,0,0,95,12,107,0,3,144,16,163,82,14,96,259
09/11/2011,MTN,MD,AEA,EN,Federal Contract Tower,0,10,28,5,43,0,1,38,2,41,0,11,66,7,84,24,0,24,108
09/12/2011,MTN,MD,AEA,EN,Federal Contract Tower,0,7,23,2,32,0,0,97,0,97,0,7,120,2,129,48,0,48,177
09/13/2011,MTN,MD,AEA,EN,Federal Contract Tower,0,1,31,12,44,0,0,140,8,148,0,1,171,20,192,80,8,88,280
09/14/2011,MTN,MD,AEA,EN,Federal Contract Tower,0,5,23,13,41,0,0,80,7,87,0,5,103,20,128,60,6,66,194
09/15/2011,MTN,MD,AEA,EN,Federal Contract Tower,0,1,37,11,49,0,1,47,3,51,0,2,84,14,100,16,0,16,116
09/16/2011,MTN,MD,AEA,EN,Federal Contract Tower,0,8,34,16,58,0,4,121,10,135,0,12,155,26,193,102,12,114,307
09/17/2011,MTN,MD,AEA,EN,Federal Contract Tower,0,5,17,1,23,0,0,110,0,110,0,5,127,1,133,42,0,42,175
09/18/2011,MTN,MD,AEA,EN,Federal Contract Tower,0,11,27,1,39,0,0,105,0,105,0,11,132,1,144,64,0,64,208
09/19/2011,MTN,MD,AEA,EN,Federal Contract Tower,0,0,28,2,30,0,1,99,4,104,0,1,127,6,134,68,0,68,202
09/20/2011,MTN,MD,AEA,EN,Federal Contract Tower,0,5,24,18,47,0,0,34,6,40,0,5,58,24,87,70,18,88,175
09/21/2011,MTN,MD,AEA,EN,Federal Contract Tower,0,8,28,8,44,0,0,36,6,42,0,8,64,14,86,130,0,130,216
09/22/2011,MTN,MD,AEA,EN,Federal Contract Tower,0,14,30,13,57,0,0,84,12,96,0,14,114,25,153,180,10,190,343
09/23/2011,MTN,MD,AEA,EN,Federal Contract Tower,0,7,11,5,23,0,0,1,0,1,0,7,12,5,24,0,0,0,24
09/24/2011,MTN,MD,AEA,EN,Federal Contract Tower,0,3,20,0,23,0,0,17,0,17,0,3,37,0,40,4,0,4,44
09/25/2011,MTN,MD,AEA,EN,Federal Contract Tower,0,4,32,0,36,0,0,32,0,32,0,4,64,0,68,64,0,64,132
09/26/2011,MTN,MD,AEA,EN,Federal Contract Tower,0,9,13,2,24,0,1,64,0,65,0,10,77,2,89,32,0,32,121
09/27/2011,MTN,MD,AEA,EN,Federal Contract Tower,0,1,18,7,26,0,0,35,3,38,0,1,53,10,64,10,8,18,82
09/28/2011,MTN,MD,AEA,EN,Federal Contract Tower,0,3,19,9,31,0,1,48,0,49,0,4,67,9,80,22,0,22,102
09/29/2011,MTN,MD,AEA,EN,Federal Contract Tower,0,6,42,3,51,0,1,83,0,84,0,7,125,3,135,54,0,54,189
09/30/2011,MTN,MD,AEA,EN,Federal Contract Tower,0,6,29,5,40,0,1,175,0,176,0,7,204,5,216,202,0,202,418
10/01/2011,MTN,MD,AEA,EN,Federal Contract Tower,0,1,16,0,17,0,0,96,0,96,0,1,112,0,113,78,0,78,191
10/02/2011,MTN,MD,AEA,EN,Federal Contract Tower,0,5,30,0,35,0,0,22,0,22,0,5,52,0,57,34,0,34,91
10/03/2011,MTN,MD,AEA,EN,Federal Contract Tower,0,3,25,0,28,0,0,61,0,61,0,3,86,0,89,52,0,52,141
10/04/2011,MTN,MD,AEA,EN,Federal Contract Tower,0,2,23,14,39,0,0,86,8,94,0,2,109,22,133,74,0,74,207
10/05/2011,MTN,MD,AEA,EN,Federal Contract Tower,0,3,21,12,36,0,3,125,13,141,0,6,146,25,177,64,14,78,255
10/06/2011,MTN,MD,AEA,EN,Federal Contract Tower,0,6,25,12,43,0,1,139,8,148,0,7,164,20,191,106,0,106,297
10/07/2011,MTN,MD,AEA,EN,Federal Contract Tower,0,3,36,0,39,0,0,152,2,154,0,3,188,2,193,114,0,114,307
10/08/2011,MTN,MD,AEA,EN,Federal Contract Tower,0,3,19,0,22,0,0,164,4,168,0,3,183,4,190,80,0,80,270
10/09/2011,MTN,MD,AEA,EN,Federal Contract Tower,0,5,34,0,39,0,0,141,0,141,0,5,175,0,180,66,0,66,246
10/10/2011,MTN,MD,AEA,EN,Federal Contract Tower,0,3,39,0,42,0,2,151,0,153,0,5,190,0,195,104,0,104,299
10/11/2011,MTN,MD,AEA,EN,Federal Contract Tower,0,7,21,15,43,0,0,111,8,119,0,7,132,23,162,174,6,180,342
10/12/2011,MTN,MD,AEA,EN,Federal Contract Tower,0,1,22,14,37,0,0,7,0,7,0,1,29,14,44,0,0,0,44
10/13/2011,MTN,MD,AEA,EN,Federal Contract Tower,0,6,13,0,19,0,0,0,0,0,0,6,13,0,19,0,0,0,19
10/14/2011,MTN,MD,AEA,EN,Federal Contract Tower,0,8,23,14,45,0,0,53,9,62,0,8,76,23,107,12,4,16,123
10/15/2011,MTN,MD,AEA,EN,Federal Contract Tower,0,3,11,5,19,0,0,62,4,66,0,3,73,9,85,34,8,42,127
10/16/2011,MTN,MD,AEA,EN,Federal Contract Tower,0,4,26,4,34,0,0,118,3,121,0,4,144,7,155,54,0,54,209
10/17/2011,MTN,MD,AEA,EN,Federal Contract Tower,0,6,15,0,21,0,0,97,0,97,0,6,112,0,118,96,0,96,214
10/18/2011,MTN,MD,AEA,EN,Federal Contract Tower,0,1,16,7,24,0,0,108,9,117,0,1,124,16,141,96,0,96,237
10/19/2011,MTN,MD,AEA,EN,Federal Contract Tower,0,0,16,3,19,0,0,5,0,5,0,0,21,3,24,0,0,0,24
10/20/2011,MTN,MD,AEA,EN,Federal Contract Tower,0,6,19,4,29,0,0,58,0,58,0,6,77,4,87,48,0,48,135
10/21/2011,MTN,MD,AEA,EN,Federal Contract Tower,0,3,23,4,30,0,0,117,0,117,0,3,140,4,147,84,0,84,231
10/22/2011,MTN,MD,AEA,EN,Federal Contract Tower,0,1,36,0,37,0,1,146,0,147,0,2,182,0,184,118,0,118,302
10/23/2011,MTN,MD,AEA,EN,Federal Contract Tower,0,4,30,0,34,0,0,117,0,117,0,4,147,0,151,64,0,64,215
10/24/2011,MTN,MD,AEA,EN,Federal Contract Tower,0,0,13,0,13,0,0,77,0,77,0,0,90,0,90,86,0,86,176
10/25/2011,MTN,MD,AEA,EN,Federal Contract Tower,0,2,18,0,20,0,0,119,0,119,0,2,137,0,139,96,0,96,235
10/26/2011,MTN,MD,AEA,EN,Federal Contract Tower,0,6,28,5,39,0,0,104,0,104,0,6,132,5,143,104,4,108,251
10/27/2011,MTN,MD,AEA,EN,Federal Contract Tower,0,2,24,8,34,0,0,40,1,41,0,2,64,9,75,4,0,4,79
10/28/2011,MTN,MD,AEA,EN,Federal Contract Tower,0,2,17,2,21,0,1,107,2,110,0,3,124,4,131,94,0,94,225
10/29/2011,MTN,MD,AEA,EN,Federal Contract Tower,0,2,7,0,9,0,0,0,0,0,0,2,7,0,9,0,0,0,9
10/30/2011,MTN,MD,AEA,EN,Federal Contract Tower,0,2,15,4,21,0,1,77,0,78,0,3,92,4,99,78,0,78,177
10/31/2011,MTN,MD,AEA,EN,Federal Contract Tower,0,2,17,7,26,0,0,110,1,111,0,2,127,8,137,116,0,116,253
11/01/2011,MTN,MD,AEA,EN,Federal Contract Tower,0,1,28,9,38,0,1,124,2,127,0,2,152,11,165,206,0,206,371
11/02/2011,MTN,MD,AEA,EN,Federal Contract Tower,0,5,25,10,40,0,0,134,9,143,0,5,159,19,183,136,0,136,319
11/03/2011,MTN,MD,AEA,EN,Federal Contract Tower,0,7,23,8,38,0,2,120,9,131,0,9,143,17,169,150,0,150,319
11/04/2011,MTN,MD,AEA,EN,Federal Contract Tower,0,8,17,10,35,0,0,105,7,112,0,8,122,17,147,64,8,72,219
11/05/2011,MTN,MD,AEA,EN,Federal Contract Tower,0,3,23,8,34,0,1,144,6,151,0,4,167,14,185,110,0,110,295
11/06/2011,MTN,MD,AEA,EN,Federal Contract Tower,0,5,25,2,32,0,0,98,7,105,0,5,123,9,137,44,0,44,181
11/07/2011,MTN,MD,AEA,EN,Federal Contract Tower,0,3,20,0,23,0,1,94,0,95,0,4,114,0,118,110,0,110,228
11/08/2011,MTN,MD,AEA,EN,Federal Contract Tower,0,0,20,16,36,0,1,127,5,133,0,1,147,21,169,106,4,110,279
11/09/2011,MTN,MD,AEA,EN,Federal Contract Tower,0,0,22,10,32,0,1,123,8,132,0,1,145,18,164,98,4,102,266
11/10/2011,MTN,MD,AEA,EN,Federal Contract Tower,0,2,34,17,53,0,0,22,2,24,0,2,56,19,77,8,2,10,87
11/11/2011,MTN,MD,AEA,EN,Federal Contract Tower,0,2,33,0,35,0,0,54,0,54,0,2,87,0,89,14,0,14,103
11/12/2011,MTN,MD,AEA,EN,Federal Contract Tower,0,7,13,0,20,0,0,131,0,131,0,7,144,0,151,106,0,106,257
11/13/2011,MTN,MD,AEA,EN,Federal Contract Tower,0,4,22,0,26,0,1,100,0,101,0,5,122,0,127,14,0,14,141
11/14/2011,MTN,MD,AEA,EN,Federal Contract Tower,0,3,17,0,20,0,1,78,0,79,0,4,95,0,99,54,0,54,153
11/15/2011,MTN,MD,AEA,EN,Federal Contract Tower,0,4,24,12,40,0,0,80,9,89,0,4,104,21,129,128,0,128,257
11/16/2011,MTN,MD,AEA,EN,Federal Contract Tower,0,4,28,2,34,0,0,9,0,9,0,4,37,2,43,0,0,0,43
11/17/2011,MTN,MD,AEA,EN,Federal Contract Tower,0,7,22,9,38,0,0,61,6,67,0,7,83,15,105,28,4,32,137
11/18/2011,MTN,MD,AEA,EN,Federal Contract Tower,0,5,31,9,45,0,0,119,7,126,0,5,150,16,171,134,34,168,339
11/19/2011,MTN,MD,AEA,EN,Federal Contract Tower,0,1,26,0,27,0,1,143,0,144,0,2,169,0,171,152,0,152,323
11/20/2011,MTN,MD,AEA,EN,Federal Contract Tower,0,7,13,0,20,0,1,74,0,75,0,8,87,0,95,112,0,112,207
11/21/2011,MTN,MD,AEA,EN,Federal Contract Tower,0,3,27,14,44,0,0,9,0,9,0,3,36,14,53,0,0,0,53
11/22/2011,MTN,MD,AEA,EN,Federal Contract Tower,0,3,24,0,27,0,0,0,0,0,0,3,24,0,27,0,0,0,27
11/23/2011,MTN,MD,AEA,EN,Federal Contract Tower,0,1,13,8,22,0,0,39,5,44,0,1,52,13,66,18,2,20,86
11/24/2011,MTN,MD,AEA,EN,Federal Contract Tower,0,2,11,0,13,0,0,30,0,30,0,2,41,0,43,36,0,36,79
11/25/2011,MTN,MD,AEA,EN,Federal Contract Tower,0,2,13,0,15,0,0,113,0,113,0,2,126,0,128,46,0,46,174
11/26/2011,MTN,MD,AEA,EN,Federal Contract Tower,0,7,25,0,32,0,0,77,0,77,0,7,102,0,109,58,0,58,167
11/27/2011,MTN,MD,AEA,EN,Federal Contract Tower,0,5,26,0,31,0,2,64,0,66,0,7,90,0,97,32,0,32,129
11/28/2011,MTN,MD,AEA,EN,Federal Contract Tower,0,5,15,0,20,0,1,89,0,90,0,6,104,0,110,46,0,46,156
11/29/2011,MTN,MD,AEA,EN,Federal Contract Tower,0,3,18,10,31,0,0,25,1,26,0,3,43,11,57,26,0,26,83
11/30/2011,MTN,MD,AEA,EN,Federal Contract Tower,0,10,17,11,38,0,0,80,6,86,0,10,97,17,124,32,14,46,170
12/01/2011,MTN,MD,AEA,EN,Federal Contract Tower,0,6,16,11,33,0,2,121,9,132,0,8,137,20,165,64,2,66,231
12/02/2011,MTN,MD,AEA,EN,Federal Contract Tower,0,2,16,13,31,0,2,113,17,132,0,4,129,30,163,122,10,132,295
12/03/2011,MTN,MD,AEA,EN,Federal Contract Tower,0,6,21,12,39,0,1,115,11,127,0,7,136,23,166,132,2,134,300
12/04/2011,MTN,MD,AEA,EN,Federal Contract Tower,0,7,14,0,21,0,0,79,1,80,0,7,93,1,101,74,0,74,175
12/05/2011,MTN,MD,AEA,EN,Federal Contract Tower,0,4,27,2,33,0,0,50,0,50,0,4,77,2,83,34,0,34,117
12/06/2011,MTN,MD,AEA,EN,Federal Contract Tower,0,1,19,2,22,0,0,8,0,8,0,1,27,2,30,0,0,0,30
12/07/2011,MTN,MD,AEA,EN,Federal Contract Tower,0,4,16,6,26,0,0,0,0,0,0,4,16,6,26,0,0,0,26
12/08/2011,MTN,MD,AEA,EN,Federal Contract Tower,0,5,18,12,35,0,0,92,12,104,0,5,110,24,139,24,2,26,165
12/09/2011,MTN,MD,AEA,EN,Federal Contract Tower,0,5,23,19,47,0,0,124,8,132,0,5,147,27,179,60,8,68,247
12/10/2011,MTN,MD,AEA,EN,Federal Contract Tower,0,6,18,0,24,0,1,91,0,92,0,7,109,0,116,70,0,70,186
12/11/2011,MTN,MD,AEA,EN,Federal Contract Tower,0,2,18,0,20,0,0,88,0,88,0,2,106,0,108,38,0,38,146
12/12/2011,MTN,MD,AEA,EN,Federal Contract Tower,0,8,24,0,32,0,0,118,0,118,0,8,142,0,150,88,0,88,238
12/13/2011,MTN,MD,AEA,EN,Federal Contract Tower,0,2,17,15,34,0,0,130,12,142,0,2,147,27,176,52,8,60,236
12/14/2011,MTN,MD,AEA,EN,Federal Contract Tower,0,2,30,11,43,0,1,109,4,114,0,3,139,15,157,126,2,128,285
12/15/2011,MTN,MD,AEA,EN,Federal Contract Tower,0,0,32,9,41,0,2,95,10,107,0,2,127,19,148,46,4,50,198
12/16/2011,MTN,MD,AEA,EN,Federal Contract Tower,0,3,28,6,37,0,1,89,8,98,0,4,117,14,135,94,4,98,233
12/17/2011,MTN,MD,AEA,EN,Federal Contract Tower,0,1,16,1,18,0,0,87,0,87,0,1,103,1,105,42,0,42,147
12/18/2011,MTN,MD,AEA,EN,Federal Contract Tower,0,2,16,0,18,0,0,84,0,84,0,2,100,0,102,42,0,42,144
12/19/2011,MTN,MD,AEA,EN,Federal Contract Tower,0,0,22,2,24,0,0,100,0,100,0,0,122,2,124,54,0,54,178
12/20/2011,MTN,MD,AEA,EN,Federal Contract Tower,0,3,20,11,34,0,1,96,9,106,0,4,116,20,140,22,2,24,164
12/21/2011,MTN,MD,AEA,EN,Federal Contract Tower,0,7,23,7,37,0,0,40,9,49,0,7,63,16,86,34,2,36,122
12/22/2011,MTN,MD,AEA,EN,Federal Contract Tower,0,1,29,4,34,0,0,135,8,143,0,1,164,12,177,138,2,140,317
12/23/2011,MTN,MD,AEA,EN,Federal Contract Tower,0,3,15,0,18,0,0,71,0,71,0,3,86,0,89,32,0,32,121
12/24/2011,MTN,MD,AEA,EN,Federal Contract Tower,0,1,12,0,13,0,0,54,0,54,0,1,66,0,67,28,0,28,95
12/25/2011,MTN,MD,AEA,EN,Federal Contract Tower,0,0,2,0,2,0,0,30,0,30,0,0,32,0,32,22,0,22,54
12/26/2011,MTN,MD,AEA,EN,Federal Contract Tower,0,0,23,0,23,0,0,78,0,78,0,0,101,0,101,56,0,56,157
12/27/2011,MTN,MD,AEA,EN,Federal Contract Tower,0,4,12,13,29,0,0,26,0,26,0,4,38,13,55,40,0,40,95
12/28/2011,MTN,MD,AEA,EN,Federal Contract Tower,0,3,13,7,23,0,1,50,9,60,0,4,63,16,83,20,8,28,111
12/29/2011,MTN,MD,AEA,EN,Federal Contract Tower,0,1,22,10,33,0,0,125,4,129,0,1,147,14,162,124,0,124,286
12/30/2011,MTN,MD,AEA,EN,Federal Contract Tower,0,4,18,0,22,0,0,158,0,158,0,4,176,0,180,76,0,76,256
12/31/2011,MTN,MD,AEA,EN,Federal Contract Tower,0,0,10,0,10,0,0,64,0,64,0,0,74,0,74,30,0,30,104
01/01/2012,MTN,MD,AEA,EN,Federal Contract Tower,0,2,3,0,5,0,0,49,0,49,0,2,52,0,54,14,0,14,68
01/02/2012,MTN,MD,AEA,EN,Federal Contract Tower,0,5,15,0,20,0,1,39,0,40,0,6,54,0,60,0,0,0,60
01/03/2012,MTN,MD,AEA,EN,Federal Contract Tower,0,2,14,19,35,0,1,35,7,43,0,3,49,26,78,0,0,0,78
01/04/2012,MTN,MD,AEA,EN,Federal Contract Tower,0,3,12,5,20,0,1,90,10,101,0,4,102,15,121,50,2,52,173
01/05/2012,MTN,MD,AEA,EN,Federal Contract Tower,0,2,20,13,35,0,1,76,5,82,0,3,96,18,117,76,2,78,195
01/06/2012,MTN,MD,AEA,EN,Federal Contract Tower,0,5,15,18,38,0,1,107,7,115,0,6,122,25,153,84,26,110,263
01/07/2012,MTN,MD,AEA,EN,Federal Contract Tower,0,3,19,2,24,0,2,131,4,137,0,5,150,6,161,66,32,98,259
01/08/2012,MTN,MD,AEA,EN,Federal Contract Tower,0,6,10,0,16,0,0,76,0,76,0,6,86,0,92,32,0,32,124
01/09/2012,MTN,MD,AEA,EN,Federal Contract Tower,0,0,21,2,23,0,0,70,0,70,0,0,91,2,93,74,0,74,167
01/10/2012,MTN,MD,AEA,EN,Federal Contract Tower,0,0,20,9,29,0,0,120,14,134,0,0,140,23,163,122,2,124,287
01/11/2012,MTN,MD,AEA,EN,Federal Contract Tower,0,4,28,16,48,0,0,56,4,60,0,4,84,20,108,78,0,78,186
01/12/2012,MTN,MD,AEA,EN,Federal Contract Tower,0,6,15,12,33,0,0,85,3,88,0,6,100,15,121,100,12,112,233
01/13/2012,MTN,MD,AEA,EN,Federal Contract Tower,0,4,12,2,18,0,0,46,0,46,0,4,58,2,64,28,6,34,98
01/14/2012,MTN,MD,AEA,EN,Federal Contract Tower,0,6,14,0,20,0,1,73,0,74,0,7,87,0,94,60,0,60,154
01/15/2012,MTN,MD,AEA,EN,Federal Contract Tower,0,3,18,2,23,0,0,49,0,49,0,3,67,2,72,42,0,42,114
01/16/2012,MTN,MD,AEA,EN,Federal Contract Tower,0,3,31,0,34,0,0,116,0,116,0,3,147,0,150,96,0,96,246
01/17/2012,MTN,MD,AEA,EN,Federal Contract Tower,0,3,9,20,32,0,0,42,8,50,0,3,51,28,82,0,8,8,90
01/18/2012,MTN,MD,AEA,EN,Federal Contract Tower,0,4,21,22,47,0,0,57,8,65,0,4,78,30,112,20,4,24,136
01/19/2012,MTN,MD,AEA,EN,Federal Contract Tower,0,2,17,5,24,0,0,107,4,111,0,2,124,9,135,90,0,90,225
01/20/2012,MTN,MD,AEA,EN,Federal Contract Tower,0,0,24,6,30,0,0,112,0,112,0,0,136,6,142,44,0,44,186
01/21/2012,MTN,MD,AEA,EN,Federal Contract Tower,0,2,3,1,6,0,0,8,0,8,0,2,11,1,14,0,0,0,14
01/22/2012,MTN,MD,AEA,EN,Federal Contract Tower,0,4,8,0,12,0,1,18,0,19,0,5,26,0,31,0,0,0,31
01/23/2012,MTN,MD,AEA,EN,Federal Contract Tower,0,2,7,0,9,0,0,0,0,0,0,2,7,0,9,0,0,0,9
01/24/2012,MTN,MD,AEA,EN,Federal Contract Tower,0,2,26,10,38,0,2,98,1,101,0,4,124,11,139,48,0,48,187
01/25/2012,MTN,MD,AEA,EN,Federal Contract Tower,0,4,27,4,35,0,1,109,2,112,0,5,136,6,147,56,2,58,205
01/26/2012,MTN,MD,AEA,EN,Federal Contract Tower,0,4,22,4,30,0,0,30,0,30,0,4,52,4,60,22,0,22,82
01/27/2012,MTN,MD,AEA,EN,Federal Contract Tower,0,0,10,2,12,0,1,30,2,33,0,1,40,4,45,0,0,0,45
01/28/2012,MTN,MD,AEA,EN,Federal Contract Tower,0,2,11,0,13,0,1,141,0,142,0,3,152,0,155,120,2,122,277
01/29/2012,MTN,MD,AEA,EN,Federal Contract Tower,0,0,15,0,15,0,0,86,0,86,0,0,101,0,101,14,0,14,115
01/30/2012,MTN,MD,AEA,EN,Federal Contract Tower,0,2,11,3,16,0,1,86,0,87,0,3,97,3,103,36,0,36,139
01/31/2012,MTN,MD,AEA,EN,Federal Contract Tower,0,9,14,3,26,0,0,112,4,116,0,9,126,7,142,56,0,56,198
02/01/2012,MTN,MD,AEA,EN,Federal Contract Tower,0,4,13,4,21,0,0,74,1,75,0,4,87,5,96,20,4,24,120
02/02/2012,MTN,MD,AEA,EN,Federal Contract Tower,0,4,18,2,24,0,3,60,3,66,0,7,78,5,90,0,0,0,90
02/03/2012,MTN,MD,AEA,EN,Federal Contract Tower,0,12,14,11,37,0,0,115,7,122,0,12,129,18,159,78,14,92,251
02/04/2012,MTN,MD,AEA,EN,Federal Contract Tower,0,3,14,5,22,0,0,72,0,72,0,3,86,5,94,94,0,94,188
02/05/2012,MTN,MD,AEA,EN,Federal Contract Tower,0,7,8,0,15,0,0,62,0,62,0,7,70,0,77,74,0,74,151
02/06/2012,MTN,MD,AEA,EN,Federal Contract Tower,0,2,23,0,25,0,1,79,0,80,0,3,102,0,105,14,0,14,119
02/07/2012,MTN,MD,AEA,EN,Federal Contract Tower,0,5,21,6,32,0,0,132,3,135,0,5,153,9,167,90,4,94,261
02/08/2012,MTN,MD,AEA,EN,Federal Contract Tower,0,6,22,13,41,0,0,40,0,40,0,6,62,13,81,28,0,28,109
02/09/2012,MTN,MD,AEA,EN,Federal Contract Tower,0,4,28,19,51,0,1,91,10,102,0,5,119,29,153,32,2,34,187
02/10/2012,MTN,MD,AEA,EN,Federal Contract Tower,0,5,24,16,45,0,0,147,5,152,0,5,171,21,197,104,6,110,307
02/11/2012,MTN,MD,AEA,EN,Federal Contract Tower,0,0,4,4,8,0,0,10,0,10,0,0,14,4,18,16,2,18,36
02/12/2012,MTN,MD,AEA,EN,Federal Contract Tower,0,5,14,0,19,0,1,25,0,26,0,6,39,0,45,4,0,4,49
02/13/2012,MTN,MD,AEA,EN,Federal Contract Tower,0,2,22,0,24,0,1,103,0,104,0,3,125,0,128,42,0,42,170
02/14/2012,MTN,MD,AEA,EN,Federal Contract Tower,0,4,11,13,28,0,0,68,5,73,0,4,79,18,101,40,4,44,145
02/15/2012,MTN,MD,AEA,EN,Federal Contract Tower,0,3,22,18,43,0,0,110,8,118,0,3,132,26,161,42,0,42,203
02/16/2012,MTN,MD,AEA,EN,Federal Contract Tower,0,9,33,11,53,0,0,50,6,56,0,9,83,17,109,6,4,10,119
02/17/2012,MTN,MD,AEA,EN,Federal Contract Tower,0,6,20,0,26,0,0,108,0,108,0,6,128,0,134,56,0,56,190
02/18/2012,MTN,MD,AEA,EN,Federal Contract Tower,0,0,23,0,23,0,0,158,0,158,0,0,181,0,181,172,0,172,353
02/19/2012,MTN,MD,AEA,EN,Federal Contract Tower,0,0,8,0,8,0,1,53,0,54,0,1,61,0,62,40,0,40,102
02/20/2012,MTN,MD,AEA,EN,Federal Contract Tower,0,0,24,0,24,0,0,105,0,105,0,0,129,0,129,86,0,86,215
02/21/2012,MTN,MD,AEA,EN,Federal Contract Tower,0,5,21,11,37,0,2,102,7,111,0,7,123,18,148,48,0,48,196
02/22/2012,MTN,MD,AEA,EN,Federal Contract Tower,0,5,27,14,46,0,0,86,7,93,0,5,113,21,139,24,0,24,163
02/23/2012,MTN,MD,AEA,EN,Federal Contract Tower,0,2,20,14,36,0,2,116,11,129,0,4,136,25,165,20,4,24,189
02/24/2012,MTN,MD,AEA,EN,Federal Contract Tower,0,9,15,0,24,0,0,6,0,6,0,9,21,0,30,0,0,0,30
02/25/2012,MTN,MD,AEA,EN,Federal Contract Tower,0,4,7,0,11,0,0,5,1,6,0,4,12,1,17,0,0,0,17
02/26/2012,MTN,MD,AEA,EN,Federal Contract Tower,0,4,26,0,30,0,1,133,0,134,0,5,159,0,164,64,0,64,228
02/27/2012,MTN,MD,AEA,EN,Federal Contract Tower,0,0,14,0,14,0,0,108,1,109,0,0,122,1,123,70,0,70,193
02/28/2012,MTN,MD,AEA,EN,Federal Contract Tower,0,0,18,16,34,0,0,156,5,161,0,0,174,21,195,84,0,84,279
02/29/2012,MTN,MD,AEA,EN,Federal Contract Tower,0,6,18,4,28,0,0,6,0,6,0,6,24,4,34,0,0,0,34
03/01/2012,MTN,MD,AEA,EN,Federal Contract Tower,0,3,27,8,38,0,0,82,8,90,0,3,109,16,128,58,2,60,188
03/02/2012,MTN,MD,AEA,EN,Federal Contract Tower,0,4,28,8,40,0,0,116,6,122,0,4,144,14,162,152,2,154,316
03/03/2012,MTN,MD,AEA,EN,Federal Contract Tower,0,4,14,1,19,0,0,35,1,36,0,4,49,2,55,10,0,10,65
03/04/2012,MTN,MD,AEA,EN,Federal Contract Tower,0,1,14,3,18,0,1,96,0,97,0,2,110,3,115,92,0,92,207
03/05/2012,MTN,MD,AEA,EN,Federal Contract Tower,0,2,14,3,19,0,0,72,2,74,0,2,86,5,93,100,0,100,193
03/06/2012,MTN,MD,AEA,EN,Federal Contract Tower,0,1,25,12,38,0,0,128,10,138,0,1,153,22,176,122,6,128,304
03/07/2012,MTN,MD,AEA,EN,Federal Contract Tower,0,3,33,11,47,0,1,122,4,127,0,4,155,15,174,90,0,90,264
03/08/2012,MTN,MD,AEA,EN,Federal Contract Tower,0,17,10,9,36,0,2,27,7,36,0,19,37,16,72,6,4,10,82
03/09/2012,MTN,MD,AEA,EN,Federal Contract Tower,0,2,18,4,24,0,0,94,8,102,0,2,112,12,126,30,0,30,156
03/10/2012,MTN,MD,AEA,EN,Federal Contract Tower,0,1,13,0,14,0,0,123,1,124,0,1,136,1,138,96,0,96,234
03/11/2012,MTN,MD,AEA,EN,Federal Contract Tower,0,4,22,1,27,0,0,134,0,134,0,4,156,1,161,96,0,96,257
03/12/2012,MTN,MD,AEA,EN,Federal Contract Tower,0,3,17,10,30,0,0,108,5,113,0,3,125,15,143,88,0,88,231
03/13/2012,MTN,MD,AEA,EN,Federal Contract Tower,0,0,17,11,28,0,0,77,9,86,0,0,94,20,114,48,0,48,162
03/14/2012,MTN,MD,AEA,EN,Federal Contract Tower,0,2,21,3,26,0,0,110,9,119,0,2,131,12,145,86,6,92,237
03/15/2012,MTN,MD,AEA,EN,Federal Contract Tower,0,3,18,11,32,0,1,87,9,97,0,4,105,20,129,88,0,88,217
03/16/2012,MTN,MD,AEA,EN,Federal Contract Tower,0,7,35,18,60,0,0,37,2,39,0,7,72,20,99,26,2,28,127
03/17/2012,MTN,MD,AEA,EN,Federal Contract Tower,0,12,18,0,30,0,0,90,0,90,0,12,108,0,120,148,0,148,268
03/18/2012,MTN,MD,AEA,EN,Federal Contract Tower,0,7,20,0,27,0,0,14,0,14,0,7,34,0,41,32,0,32,73
03/19/2012,MTN,MD,AEA,EN,Federal Contract Tower,0,5,12,2,19,0,0,75,0,75,0,5,87,2,94,90,0,90,184
03/20/2012,MTN,MD,AEA,EN,Federal Contract Tower,0,1,26,7,34,0,2,50,3,55,0,3,76,10,89,26,6,32,121
03/21/2012,MTN,MD,AEA,EN,Federal Contract Tower,0,3,26,17,46,0,0,69,4,73,0,3,95,21,119,64,4,68,187
03/22/2012,MTN,MD,AEA,EN,Federal Contract Tower,0,0,16,15,31,0,0,32,0,32,0,0,48,15,63,14,0,14,77
03/23/2012,MTN,MD,AEA,EN,Federal Contract Tower,0,10,35,1,46,0,1,145,4,150,0,11,180,5,196,72,2,74,270
03/24/2012,MTN,MD,AEA,EN,Federal Contract Tower,0,4,9,0,13,0,0,0,0,0,0,4,9,0,13,0,0,0,13
03/25/2012,MTN,MD,AEA,EN,Federal Contract Tower,0,8,22,0,30,0,1,17,0,18,0,9,39,0,48,4,0,4,52
03/26/2012,MTN,MD,AEA,EN,Federal Contract Tower,0,10,26,1,37,0,0,56,0,56,0,10,82,1,93,4,0,4,97
03/27/2012,MTN,MD,AEA,EN,Federal Contract Tower,0,6,20,1,27,0,0,127,0,127,0,6,147,1,154,116,10,126,280
03/28/2012,MTN,MD,AEA,EN,Federal Contract Tower,0,8,19,2,29,0,1,72,4,77,0,9,91,6,106,20,0,20,126
03/29/2012,MTN,MD,AEA,EN,Federal Contract Tower,0,11,25,4,40,0,0,110,2,112,0,11,135,6,152,28,2,30,182
03/30/2012,MTN,MD,AEA,EN,Federal Contract Tower,0,12,33,2,47,0,1,118,0,119,0,13,151,2,166,64,0,64,230
03/31/2012,MTN,MD,AEA,EN,Federal Contract Tower,0,2,27,6,35,0,2,27,0,29,0,4,54,6,64,74,0,74,138
04/01/2012,MTN,MD,AEA,EN,Federal Contract Tower,0,3,24,1,28,0,1,66,0,67,0,4,90,1,95,62,0,62,157
04/02/2012,MTN,MD,AEA,EN,Federal Contract Tower,0,1,22,4,27,0,0,62,0,62,0,1,84,4,89,44,0,44,133
04/03/2012,MTN,MD,AEA,EN,Federal Contract Tower,0,8,25,6,39,0,1,135,0,136,0,9,160,6,175,56,0,56,231
04/04/2012,MTN,MD,AEA,EN,Federal Contract Tower,0,7,14,6,27,0,0,111,1,112,0,7,125,7,139,92,4,96,235
04/05/2012,MTN,MD,AEA,EN,Federal Contract Tower,0,3,33,7,43,0,0,160,0,160,0,3,193,7,203,128,0,128,331
04/06/2012,MTN,MD,AEA,EN,Federal Contract Tower,0,7,23,3,33,0,1,118,2,121,0,8,141,5,154,44,0,44,198
04/07/2012,MTN,MD,AEA,EN,Federal Contract Tower,0,1,20,1,22,0,2,125,1,128,0,3,145,2,150,52,46,98,248
04/08/2012,MTN,MD,AEA,EN,Federal Contract Tower,0,1,18,0,19,0,0,54,0,54,0,1,72,0,73,14,0,14,87
04/09/2012,MTN,MD,AEA,EN,Federal Contract Tower,0,4,21,0,25,0,0,63,0,63,0,4,84,0,88,0,0,0,88
04/10/2012,MTN,MD,AEA,EN,Federal Contract Tower,0,1,16,2,19,0,0,108,0,108,0,1,124,2,127,52,0,52,179
04/11/2012,MTN,MD,AEA,EN,Federal Contract Tower,0,4,31,10,45,0,0,88,4,92,0,4,119,14,137,60,0,60,197
04/12/2012,MTN,MD,AEA,EN,Federal Contract Tower,0,1,25,10,36,0,0,104,3,107,0,1,129,13,143,50,0,50,193
04/13/2012,MTN,MD,AEA,EN,Federal Contract Tower,0,7,27,6,40,0,0,138,2,140,0,7,165,8,180,48,2,50,230
04/14/2012,MTN,MD,AEA,EN,Federal Contract Tower,0,1,33,2,36,0,1,137,0,138,0,2,170,2,174,84,0,84,258
04/15/2012,MTN,MD,AEA,EN,Federal Contract Tower,0,5,29,4,38,0,0,138,0,138,0,5,167,4,176,36,0,36,212
04/16/2012,MTN,MD,AEA,EN,Federal Contract Tower,0,0,19,0,19,0,0,134,0,134,0,0,153,0,153,64,0,64,217
04/17/2012,MTN,MD,AEA,EN,Federal Contract Tower,0,1,31,5,37,0,0,135,4,139,0,1,166,9,176,96,0,96,272
04/18/2012,MTN,MD,AEA,EN,Federal Contract Tower,0,0,26,2,28,0,0,57,0,57,0,0,83,2,85,20,0,20,105
04/19/2012,MTN,MD,AEA,EN,Federal Contract Tower,0,10,33,5,48,0,0,133,2,135,0,10,166,7,183,104,0,104,287
04/20/2012,MTN,MD,AEA,EN,Federal Contract Tower,0,4,33,3,40,0,0,160,0,160,0,4,193,3,200,102,0,102,302
04/21/2012,MTN,MD,AEA,EN,Federal Contract Tower,0,0,21,0,21,0,0,104,0,104,0,0,125,0,125,74,0,74,199
04/22/2012,MTN,MD,AEA,EN,Federal Contract Tower,0,3,17,0,20,0,0,2,0,2,0,3,19,0,22,0,0,0,22
04/23/2012,MTN,MD,AEA,EN,Federal Contract Tower,0,1,11,0,12,0,0,35,0,35,0,1,46,0,47,8,0,8,55
04/24/2012,MTN,MD,AEA,EN,Federal Contract Tower,0,6,16,2,24,0,1,88,2,91,0,7,104,4,115,50,0,50,165
04/25/2012,MTN,MD,AEA,EN,Federal Contract Tower,0,10,29,2,41,0,0,130,4,134,0,10,159,6,175,78,8,86,261
04/26/2012,MTN,MD,AEA,EN,Federal Contract Tower,0,11,35,5,51,0,0,12,0,12,0,11,47,5,63,0,0,0,63
04/27/2012,MTN,MD,AEA,EN,Federal Contract Tower,0,3,25,0,28,0,0,91,0,91,0,3,116,0,119,42,0,42,161
04/28/2012,MTN,MD,AEA,EN,Federal Contract Tower,0,4,24,0,28,0,0,160,0,160,0,4,184,0,188,66,0,66,254
04/29/2012,MTN,MD,AEA,EN,Federal Contract Tower,0,8,19,1,28,0,0,153,0,153,0,8,172,1,181,158,0,158,339
04/30/2012,MTN,MD,AEA,EN,Federal Contract Tower,0,3,15,0,18,0,0,122,0,122,0,3,137,0,140,88,0,88,228
05/01/2012,MTN,MD,AEA,EN,Federal Contract Tower,0,6,28,2,36,0,1,80,1,82,0,7,108,3,118,44,6,50,168
05/02/2012,MTN,MD,AEA,EN,Federal Contract Tower,0,12,30,8,50,0,0,22,0,22,0,12,52,8,72,10,0,10,82
05/03/2012,MTN,MD,AEA,EN,Federal Contract Tower,0,4,28,0,32,0,0,55,2,57,0,4,83,2,89,56,6,62,151
05/04/2012,MTN,MD,AEA,EN,Federal Contract Tower,0,7,25,3,35,0,0,52,0,52,0,7,77,3,87,50,0,50,137
05/05/2012,MTN,MD,AEA,EN,Federal Contract Tower,0,2,19,0,21,0,0,173,0,173,0,2,192,0,194,44,0,44,238
05/06/2012,MTN,MD,AEA,EN,Federal Contract Tower,0,3,39,1,43,0,0,48,0,48,0,3,87,1,91,64,0,64,155
05/07/2012,MTN,MD,AEA,EN,Federal Contract Tower,0,4,25,0,29,0,1,101,0,102,0,5,126,0,131,74,0,74,205
05/08/2012,MTN,MD,AEA,EN,Federal Contract Tower,0,9,14,3,26,0,1,70,2,73,0,10,84,5,99,10,0,10,109
05/09/2012,MTN,MD,AEA,EN,Federal Contract Tower,0,5,30,4,39,0,0,68,0,68,0,5,98,4,107,46,0,46,153
05/10/2012,MTN,MD,AEA,EN,Federal Contract Tower,0,5,29,5,39,0,1,71,3,75,0,6,100,8,114,26,0,26,140
05/11/2012,MTN,MD,AEA,EN,Federal Contract Tower,0,5,33,1,39,0,0,160,0,160,0,5,193,1,199,118,0,118,317
05/12/2012,MTN,MD,AEA,EN,Federal Contract Tower,0,6,30,0,36,0,0,155,0,155,0,6,185,0,191,130,0,130,321
05/13/2012,MTN,MD,AEA,EN,Federal Contract Tower,0,1,30,0,31,0,1,122,0,123,0,2,152,0,154,80,0,80,234
05/14/2012,MTN,MD,AEA,EN,Federal Contract Tower,0,2,28,0,30,0,0,24,2,26,0,2,52,2,56,0,0,0,56
05/15/2012,MTN,MD,AEA,EN,Federal Contract Tower,0,5,25,2,32,0,0,46,0,46,0,5,71,2,78,6,0,6,84
05/16/2012,MTN,MD,AEA,EN,Federal Contract Tower,0,3,30,5,38,0,0,129,4,133,0,3,159,9,171,130,2,132,303
05/17/2012,MTN,MD,AEA,EN,Federal Contract Tower,0,10,36,5,51,0,0,159,5,164,0,10,195,10,215,112,2,114,329
05/18/2012,MTN,MD,AEA,EN,Federal Contract Tower,0,4,23,1,28,0,0,133,2,135,0,4,156,3,163,52,0,52,215
05/19/2012,MTN,MD,AEA,EN,Federal Contract Tower,0,8,16,0,24,0,0,201,3,204,0,8,217,3,228,48,0,48,276
05/20/2012,MTN,MD,AEA,EN,Federal Contract Tower,0,7,33,2,42,0,0,134,3,137,0,7,167,5,179,62,0,62,241
05/21/2012,MTN,MD,AEA,EN,Federal Contract Tower,0,0,19,2,21,0,0,20,0,20,0,0,39,2,41,0,0,0,41
05/22/2012,MTN,MD,AEA,EN,Federal Contract Tower,0,2,25,0,27,0,1,73,2,76,0,3,98,2,103,24,0,24,127
05/23/2012,MTN,MD,AEA,EN,Federal Contract Tower,0,3,32,2,37,0,1,45,7,53,0,4,77,9,90,50,0,50,140
05/24/2012,MTN,MD,AEA,EN,Federal Contract Tower,0,3,27,2,32,0,0,92,0,92,0,3,119,2,124,110,0,110,234
05/25/2012,MTN,MD,AEA,EN,Federal Contract Tower,0,7,42,0,49,0,1,93,0,94,0,8,135,0,143,118,0,118,261
05/26/2012,MTN,MD,AEA,EN,Federal Contract Tower,0,7,18,0,25,0,1,111,0,112,0,8,129,0,137,56,0,56,193
05/27/2012,MTN,MD,AEA,EN,Federal Contract Tower,0,3,8,0,11,0,1,97,0,98,0,4,105,0,109,46,0,46,155
05/28/2012,MTN,MD,AEA,EN,Federal Contract Tower,0,3,25,0,28,0,0,128,0,128,0,3,153,0,156,100,0,100,256
05/29/2012,MTN,MD,AEA,EN,Federal Contract Tower,0,2,22,4,28,0,0,109,4,113,0,2,131,8,141,52,0,52,193
05/30/2012,MTN,MD,AEA,EN,Federal Contract Tower,0,5,24,2,31,0,1,128,0,129,0,6,152,2,160,82,0,82,242
05/31/2012,MTN,MD,AEA,EN,Federal Contract Tower,0,5,21,3,29,0,3,162,1,166,0,8,183,4,195,152,6,158,353
06/01/2012,MTN,MD,AEA,EN,Federal Contract Tower,0,1,32,2,35,0,0,45,0,45,0,1,77,2,80,30,0,30,110
06/02/2012,MTN,MD,AEA,EN,Federal Contract Tower,0,3,19,0,22,0,3,128,0,131,0,6,147,0,153,40,0,40,193
06/03/2012,MTN,MD,AEA,EN,Federal Contract Tower,0,6,26,6,38,0,0,80,0,80,0,6,106,6,118,50,0,50,168
06/04/2012,MTN,MD,AEA,EN,Federal Contract Tower,0,0,31,1,32,0,1,60,0,61,0,1,91,1,93,48,0,48,141
06/05/2012,MTN,MD,AEA,EN,Federal Contract Tower,0,3,22,0,25,0,114,0,0,114,0,117,22,0,139,110,0,110,249
06/06/2012,MTN,MD,AEA,EN,Federal Contract Tower,0,5,28,6,39,0,2,141,3,146,0,7,169,9,185,158,0,158,343
06/07/2012,MTN,MD,AEA,EN,Federal Contract Tower,0,0,27,4,31,0,1,100,4,105,0,1,127,8,136,154,0,154,290
06/08/2012,MTN,MD,AEA,EN,Federal Contract Tower,0,4,18,0,22,0,2,99,0,101,0,6,117,0,123,30,0,30,153
06/09/2012,MTN,MD,AEA,EN,Federal Contract Tower,0,0,12,5,17,0,0,106,5,111,0,0,118,10,128,36,0,36,164
06/10/2012,MTN,MD,AEA,EN,Federal Contract Tower,0,3,24,2,29,0,0,135,0,135,0,3,159,2,164,62,0,62,226
06/11/2012,MTN,MD,AEA,EN,Federal Contract Tower,0,0,21,0,21,0,1,118,5,124,0,1,139,5,145,60,28,88,233
06/12/2012,MTN,MD,AEA,EN,Federal Contract Tower,0,3,20,5,28,0,0,4,3,7,0,3,24,8,35,0,0,0,35
06/13/2012,MTN,MD,AEA,EN,Federal Contract Tower,0,6,27,12,45,0,1,80,15,96,0,7,107,27,141,40,36,76,217
06/14/2012,MTN,MD,AEA,EN,Federal Contract Tower,0,3,29,7,39,0,1,114,34,149,0,4,143,41,188,50,12,62,250
06/15/2012,MTN,MD,AEA,EN,Federal Contract Tower,0,6,29,6,41,0,1,112,21,134,0,7,141,27,175,44,8,52,227
06/16/2012,MTN,MD,AEA,EN,Federal Contract Tower,0,4,15,4,23,0,0,131,25,156,0,4,146,29,179,78,10,88,267
06/17/2012,MTN,MD,AEA,EN,Federal Contract Tower,0,3,26,7,36,0,2,74,22,98,0,5,100,29,134,100,0,100,234
06/18/2012,MTN,MD,AEA,EN,Federal Contract Tower,0,4,26,3,33,0,0,56,0,56,0,4,82,3,89,30,0,30,119
06/19/2012,MTN,MD,AEA,EN,Federal Contract Tower,0,3,19,6,28,0,1,86,4,91,0,4,105,10,119,128,2,130,249
06/20/2012,MTN,MD,AEA,EN,Federal Contract Tower,0,0,32,2,34,0,1,110,0,111,0,1,142,2,145,64,0,64,209
06/21/2012,MTN,MD,AEA,EN,Federal Contract Tower,0,8,26,4,38,0,0,120,7,127,0,8,146,11,165,76,0,76,241
06/22/2012,MTN,MD,AEA,EN,Federal Contract Tower,0,2,35,2,39,0,0,76,0,76,0,2,111,2,115,26,0,26,141
06/23/2012,MTN,MD,AEA,EN,Federal Contract Tower,0,4,20,0,24,0,2,125,0,127,0,6,145,0,151,92,0,92,243
06/24/2012,MTN,MD,AEA,EN,Federal Contract Tower,0,3,35,2,40,0,0,116,0,116,0,3,151,2,156,82,0,82,238
06/25/2012,MTN,MD,AEA,EN,Federal Contract Tower,0,7,18,2,27,0,0,74,0,74,0,7,92,2,101,20,0,20,121
06/26/2012,MTN,MD,AEA,EN,Federal Contract Tower,0,4,21,7,32,0,0,101,0,101,0,4,122,7,133,90,0,90,223
06/27/2012,MTN,MD,AEA,EN,Federal Contract Tower,0,0,22,5,27,0,0,116,1,117,0,0,138,6,144,60,0,60,204
06/28/2012,MTN,MD,AEA,EN,Federal Contract Tower,0,4,33,3,40,0,0,110,2,112,0,4,143,5,152,64,0,64,216
06/29/2012,MTN,MD,AEA,EN,Federal Contract Tower,0,3,30,3,36,0,1,79,3,83,0,4,109,6,119,14,4,18,137
06/30/2012,MTN,MD,AEA,EN,Federal Contract Tower,0,1,15,6,22,0,1,101,0,102,0,2,116,6,124,26,0,26,150
07/01/2012,MTN,MD,AEA,EN,Federal Contract Tower,0,2,16,0,18,0,0,111,0,111,0,2,127,0,129,96,0,96,225
07/02/2012,MTN,MD,AEA,EN,Federal Contract Tower,0,0,14,0,14,0,0,88,0,88,0,0,102,0,102,30,0,30,132
07/03/2012,MTN,MD,AEA,EN,Federal Contract Tower,0,0,11,1,12,0,0,102,2,104,0,0,113,3,116,36,0,36,152
07/04/2012,MTN,MD,AEA,EN,Federal Contract Tower,0,0,16,0,16,0,0,83,0,83,0,0,99,0,99,76,0,76,175
07/05/2012,MTN,MD,AEA,EN,Federal Contract Tower,0,0,22,0,22,0,0,112,0,112,0,0,134,0,134,62,0,62,196
07/06/2012,MTN,MD,AEA,EN,Federal Contract Tower,0,4,14,0,18,0,0,123,0,123,0,4,137,0,141,108,0,108,249
07/07/2012,MTN,MD,AEA,EN,Federal Contract Tower,0,0,12,2,14,0,0,100,0,100,0,0,112,2,114,34,0,34,148
07/08/2012,MTN,MD,AEA,EN,Federal Contract Tower,0,0,22,0,22,0,0,49,0,49,0,0,71,0,71,40,0,40,111
07/09/2012,MTN,MD,AEA,EN,Federal Contract Tower,0,3,19,4,26,0,0,63,0,63,0,3,82,4,89,56,0,56,145
07/10/2012,MTN,MD,AEA,EN,Federal Contract Tower,0,6,21,1,28,0,0,93,11,104,0,6,114,12,132,104,0,104,236
07/11/2012,MTN,MD,AEA,EN,Federal Contract Tower,0,3,20,3,26,0,0,119,14,133,0,3,139,17,159,112,0,112,271
07/12/2012,MTN,MD,AEA,EN,Federal Contract Tower,0,2,43,2,47,0,0,109,12,121,0,2,152,14,168,36,4,40,208
07/13/2012,MTN,MD,AEA,EN,Federal Contract Tower,0,0,23,2,25,0,0,92,0,92,0,0,115,2,117,62,0,62,179
07/14/2012,MTN,MD,AEA,EN,Federal Contract Tower,0,4,24,2,30,0,0,78,0,78,0,4,102,2,108,32,0,32,140
07/15/2012,MTN,MD,AEA,EN,Federal Contract Tower,0,3,25,0,28,0,0,85,2,87,0,3,110,2,115,70,2,72,187
07/16/2012,MTN,MD,AEA,EN,Federal Contract Tower,0,2,20,0,22,0,1,88,0,89,0,3,108,0,111,102,0,102,213
07/17/2012,MTN,MD,AEA,EN,Federal Contract Tower,0,6,22,1,29,0,1,125,0,126,0,7,147,1,155,106,0,106,261
07/18/2012,MTN,MD,AEA,EN,Federal Contract Tower,0,4,22,3,29,0,0,77,1,78,0,4,99,4,107,72,0,72,179
07/19/2012,MTN,MD,AEA,EN,Federal Contract Tower,0,5,19,1,25,0,0,49,4,53,0,5,68,5,78,12,4,16,94
07/20/2012,MTN,MD,AEA,EN,Federal Contract Tower,0,2,32,0,34,0,0,4,0,4,0,2,36,0,38,0,0,0,38
07/21/2012,MTN,MD,AEA,EN,Federal Contract Tower,0,0,24,0,24,0,0,5,0,5,0,0,29,0,29,0,0,0,29
07/22/2012,MTN,MD,AEA,EN,Federal Contract Tower,0,5,29,0,34,0,0,58,0,58,0,5,87,0,92,34,0,34,126
07/23/2012,MTN,MD,AEA,EN,Federal Contract Tower,0,0,26,0,26,0,0,76,0,76,0,0,102,0,102,94,0,94,196
07/24/2012,MTN,MD,AEA,EN,Federal Contract Tower,0,5,20,0,25,0,1,67,0,68,0,6,87,0,93,22,0,22,115
07/25/2012,MTN,MD,AEA,EN,Federal Contract Tower,0,8,27,1,36,0,1,157,1,159,0,9,184,2,195,94,0,94,289
07/26/2012,MTN,MD,AEA,EN,Federal Contract Tower,0,6,33,2,41,0,1,79,2,82,0,7,112,4,123,80,2,82,205
07/27/2012,MTN,MD,AEA,EN,Federal Contract Tower,0,3,24,1,28,0,1,98,0,99,0,4,122,1,127,12,0,12,139
07/28/2012,MTN,MD,AEA,EN,Federal Contract Tower,0,2,16,2,20,0,2,122,0,124,0,4,138,2,144,104,0,104,248
07/29/2012,MTN,MD,AEA,EN,Federal Contract Tower,0,3,25,3,31,0,1,103,0,104,0,4,128,3,135,132,0,132,267
07/30/2012,MTN,MD,AEA,EN,Federal Contract Tower,0,2,38,0,40,0,0,72,0,72,0,2,110,0,112,54,0,54,166
07/31/2012,MTN,MD,AEA,EN,Federal Contract Tower,0,3,18,1,22,0,0,91,0,91,0,3,109,1,113,68,0,68,181
08/01/2012,MTN,MD,AEA,EN,Federal Contract Tower,0,3,19,3,25,0,0,84,2,86,0,3,103,5,111,42,0,42,153
08/02/2012,MTN,MD,AEA,EN,Federal Contract Tower,0,5,35,1,41,0,2,100,4,106,0,7,135,5,147,48,4,52,199
08/03/2012,MTN,MD,AEA,EN,Federal Contract Tower,0,3,18,0,21,0,0,107,0,107,0,3,125,0,128,72,0,72,200
08/04/2012,MTN,MD,AEA,EN,Federal Contract Tower,0,1,16,1,18,0,0,104,0,104,0,1,120,1,122,12,0,12,134
08/05/2012,MTN,MD,AEA,EN,Federal Contract Tower,0,2,20,1,23,0,1,66,0,67,0,3,86,1,90,20,0,20,110
08/06/2012,MTN,MD,AEA,EN,Federal Contract Tower,0,4,29,0,33,0,0,78,0,78,0,4,107,0,111,12,0,12,123
08/07/2012,MTN,MD,AEA,EN,Federal Contract Tower,0,2,30,0,32,0,0,123,0,123,0,2,153,0,155,92,0,92,247
08/08/2012,MTN,MD,AEA,EN,Federal Contract Tower,0,0,35,3,38,0,0,82,4,86,0,0,117,7,124,64,0,64,188
08/09/2012,MTN,MD,AEA,EN,Federal Contract Tower,0,3,22,2,27,0,0,62,4,66,0,3,84,6,93,20,0,20,113
08/10/2012,MTN,MD,AEA,EN,Federal Contract Tower,0,2,13,1,16,0,0,42,0,42,0,2,55,1,58,32,0,32,90
08/11/2012,MTN,MD,AEA,EN,Federal Contract Tower,0,5,17,3,25,0,1,120,1,122,0,6,137,4,147,98,0,98,245
08/12/2012,MTN,MD,AEA,EN,Federal Contract Tower,0,6,28,1,35,0,0,126,0,126,0,6,154,1,161,46,0,46,207
08/13/2012,MTN,MD,AEA,EN,Federal Contract Tower,0,4,22,0,26,0,0,146,0,146,0,4,168,0,172,110,0,110,282
08/14/2012,MTN,MD,AEA,EN,Federal Contract Tower,0,4,27,0,31,0,0,79,3,82,0,4,106,3,113,46,2,48,161
08/15/2012,MTN,MD,AEA,EN,Federal Contract Tower,0,7,28,2,37,0,0,84,7,91,0,7,112,9,128,84,2,86,214
08/16/2012,MTN,MD,AEA,EN,Federal Contract Tower,0,0,32,3,35,0,0,122,1,123,0,0,154,4,158,52,0,52,210
08/17/2012,MTN,MD,AEA,EN,Federal Contract Tower,0,2,25,2,29,0,0,109,0,109,0,2,134,2,138,94,0,94,232
08/18/2012,MTN,MD,AEA,EN,Federal Contract Tower,0,2,22,0,24,0,0,134,0,134,0,2,156,0,158,80,0,80,238
08/19/2012,MTN,MD,AEA,EN,Federal Contract Tower,0,0,16,0,16,0,0,137,0,137,0,0,153,0,153,82,0,82,235
08/20/2012,MTN,MD,AEA,EN,Federal Contract Tower,0,1,26,0,27,0,1,78,0,79,0,2,104,0,106,42,0,42,148
08/21/2012,MTN,MD,AEA,EN,Federal Contract Tower,0,5,29,1,35,0,1,129,3,133,0,6,158,4,168,70,18,88,256
08/22/2012,MTN,MD,AEA,EN,Federal Contract Tower,0,2,14,8,24,0,0,115,11,126,0,2,129,19,150,84,12,96,246
08/23/2012,MTN,MD,AEA,EN,Federal Contract Tower,0,4,23,7,34,0,0,106,3,109,0,4,129,10,143,96,4,100,243
08/24/2012,MTN,MD,AEA,EN,Federal Contract Tower,0,3,26,1,30,0,0,92,1,93,0,3,118,2,123,52,2,54,177
08/25/2012,MTN,MD,AEA,EN,Federal Contract Tower,0,3,22,2,27,0,0,86,0,86,0,3,108,2,113,42,0,42,155
08/26/2012,MTN,MD,AEA,EN,Federal Contract Tower,0,2,18,1,21,0,0,9,0,9,0,2,27,1,30,0,0,0,30
08/27/2012,MTN,MD,AEA,EN,Federal Contract Tower,0,3,31,0,34,0,2,94,0,96,0,5,125,0,130,8,0,8,138
08/28/2012,MTN,MD,AEA,EN,Federal Contract Tower,0,4,17,3,24,0,3,104,5,112,0,7,121,8,136,60,2,62,198
08/29/2012,MTN,MD,AEA,EN,Federal Contract Tower,0,9,28,7,44,0,1,126,9,136,0,10,154,16,180,68,6,74,254
08/30/2012,MTN,MD,AEA,EN,Federal Contract Tower,0,11,36,8,55,0,3,135,6,144,0,14,171,14,199,76,6,82,281
08/31/2012,MTN,MD,AEA,EN,Federal Contract Tower,0,4,25,0,29,0,0,126,0,126,0,4,151,0,155,26,0,26,181
09/01/2012,MTN,MD,AEA,EN,Federal Contract Tower,0,4,14,0,18,0,0,141,0,141,0,4,155,0,159,112,0,112,271
09/02/2012,MTN,MD,AEA,EN,Federal Contract Tower,0,2,24,1,27,0,1,43,1,45,0,3,67,2,72,4,0,4,76
09/03/2012,MTN,MD,AEA,EN,Federal Contract Tower,0,4,26,0,30,0,0,18,0,18,0,4,44,0,48,0,0,0,48
09/04/2012,MTN,MD,AEA,EN,Federal Contract Tower,0,0,31,7,38,0,0,37,1,38,0,0,68,8,76,22,0,22,98
09/05/2012,MTN,MD,AEA,EN,Federal Contract Tower,0,3,24,4,31,0,0,51,4,55,0,3,75,8,86,34,2,36,122
09/06/2012,MTN,MD,AEA,EN,Federal Contract Tower,0,4,23,11,38,1,53,0,0,54,1,57,23,11,92,12,0,12,104
09/07/2012,MTN,MD,AEA,EN,Federal Contract Tower,0,7,31,3,41,0,0,105,6,111,0,7,136,9,152,94,4,98,250
09/08/2012,MTN,MD,AEA,EN,Federal Contract Tower,0,8,11,2,21,0,0,32,2,34,0,8,43,4,55,2,14,16,71
09/09/2012,MTN,MD,AEA,EN,Federal Contract Tower,0,5,33,0,38,0,0,120,0,120,0,5,153,0,158,38,0,38,196
09/10/2012,MTN,MD,AEA,EN,Federal Contract Tower,0,0,23,1,24,0,0,83,3,86,0,0,106,4,110,36,0,36,146
09/11/2012,MTN,MD,AEA,EN,Federal Contract Tower,0,3,30,5,38,0,0,124,7,131,0,3,154,12,169,44,8,52,221
09/12/2012,MTN,MD,AEA,EN,Federal Contract Tower,0,4,37,8,49,0,0,140,7,147,0,4,177,15,196,46,2,48,244
09/13/2012,MTN,MD,AEA,EN,Federal Contract Tower,0,5,19,4,28,0,1,133,7,141,0,6,152,11,169,80,4,84,253
09/14/2012,MTN,MD,AEA,EN,Federal Contract Tower,0,4,42,3,49,0,0,141,4,145,0,4,183,7,194,88,8,96,290
09/15/2012,MTN,MD,AEA,EN,Federal Contract Tower,0,2,13,0,15,0,0,141,0,141,0,2,154,0,156,56,0,56,212
09/16/2012,MTN,MD,AEA,EN,Federal Contract Tower,0,3,39,0,42,0,0,106,0,106,0,3,145,0,148,10,0,10,158
09/17/2012,MTN,MD,AEA,EN,Federal Contract Tower,0,1,20,0,21,0,0,98,0,98,0,1,118,0,119,82,0,82,201
09/18/2012,MTN,MD,AEA,EN,Federal Contract Tower,0,1,24,3,28,0,0,6,0,6,0,1,30,3,34,0,0,0,34
09/19/2012,MTN,MD,AEA,EN,Federal Contract Tower,0,3,23,5,31,0,2,99,9,110,0,5,122,14,141,68,0,68,209
09/20/2012,MTN,MD,AEA,EN,Federal Contract Tower,0,5,32,3,40,0,2,141,4,147,0,7,173,7,187,84,2,86,273
09/21/2012,MTN,MD,AEA,EN,Federal Contract Tower,0,1,22,4,27,0,0,130,5,135,0,1,152,9,162,94,2,96,258
09/22/2012,MTN,MD,AEA,EN,Federal Contract Tower,0,7,20,0,27,0,0,119,0,119,0,7,139,0,146,66,0,66,212
09/23/2012,MTN,MD,AEA,EN,Federal Contract Tower,0,4,24,0,28,0,1,135,0,136,0,5,159,0,164,68,0,68,232
09/24/2012,MTN,MD,AEA,EN,Federal Contract Tower,0,8,18,0,26,0,0,98,0,98,0,8,116,0,124,64,0,64,188
09/25/2012,MTN,MD,AEA,EN,Federal Contract Tower,0,7,36,0,43,0,0,92,1,93,0,7,128,1,136,52,4,56,192
09/26/2012,MTN,MD,AEA,EN,Federal Contract Tower,0,10,21,2,33,0,102,0,0,102,0,112,21,2,135,110,0,110,245
09/27/2012,MTN,MD,AEA,EN,Federal Contract Tower,0,5,20,0,25,0,0,94,0,94,0,5,114,0,119,82,0,82,201
09/28/2012,MTN,MD,AEA,EN,Federal Contract Tower,0,11,26,0,37,0,0,85,0,85,0,11,111,0,122,14,0,14,136
09/29/2012,MTN,MD,AEA,EN,Federal Contract Tower,0,5,31,0,36,0,0,131,0,131,0,5,162,0,167,80,0,80,247
09/30/2012,MTN,MD,AEA,EN,Federal Contract Tower,0,7,30,0,37,0,2,71,0,73,0,9,101,0,110,18,0,18,128
10/01/2012,MTN,MD,AEA,EN,Federal Contract Tower,0,4,16,0,20,0,1,93,0,94,0,5,109,0,114,86,0,86,200
10/02/2012,MTN,MD,AEA,EN,Federal Contract Tower,0,4,24,0,28,0,0,9,0,9,0,4,33,0,37,0,0,0,37
10/03/2012,MTN,MD,AEA,EN,Federal Contract Tower,0,7,35,2,44,0,1,48,2,51,0,8,83,4,95,64,0,64,159
10/04/2012,MTN,MD,AEA,EN,Federal Contract Tower,0,13,34,9,56,0,0,53,5,58,0,13,87,14,114,28,0,28,142
10/05/2012,MTN,MD,AEA,EN,Federal Contract Tower,0,4,32,0,36,0,1,155,0,156,0,5,187,0,192,92,0,92,284
10/06/2012,MTN,MD,AEA,EN,Federal Contract Tower,0,3,8,0,11,0,3,101,0,104,0,6,109,0,115,36,0,36,151
10/07/2012,MTN,MD,AEA,EN,Federal Contract Tower,0,2,20,0,22,0,0,7,0,7,0,2,27,0,29,2,0,2,31
10/08/2012,MTN,MD,AEA,EN,Federal Contract Tower,0,0,9,0,9,0,0,105,0,105,0,0,114,0,114,136,0,136,250
10/09/2012,MTN,MD,AEA,EN,Federal Contract Tower,0,7,29,13,49,0,0,62,6,68,0,7,91,19,117,84,0,84,201
10/10/2012,MTN,MD,AEA,EN,Federal Contract Tower,0,7,37,8,52,0,1,84,3,88,0,8,121,11,140,40,0,40,180
10/11/2012,MTN,MD,AEA,EN,Federal Contract Tower,0,8,29,5,42,0,1,111,8,120,0,9,140,13,162,118,2,120,282
10/12/2012,MTN,MD,AEA,EN,Federal Contract Tower,0,1,21,0,22,0,1,79,0,80,0,2,100,0,102,62,0,62,164
10/13/2012,MTN,MD,AEA,EN,Federal Contract Tower,0,8,32,3,43,0,1,211,3,215,0,9,243,6,258,76,0,76,334
10/14/2012,MTN,MD,AEA,EN,Federal Contract Tower,0,10,24,0,34,0,0,79,0,79,0,10,103,0,113,94,0,94,207
10/15/2012,MTN,MD,AEA,EN,Federal Contract Tower,0,2,25,2,29,0,1,49,0,50,0,3,74,2,79,52,0,52,131
10/16/2012,MTN,MD,AEA,EN,Federal Contract Tower,0,0,28,9,37,0,1,124,4,129,0,1,152,13,166,76,4,80,246
10/17/2012,MTN,MD,AEA,EN,Federal Contract Tower,0,6,15,7,28,0,0,127,7,134,0,6,142,14,162,168,6,174,336
10/18/2012,MTN,MD,AEA,EN,Federal Contract Tower,0,4,18,4,26,0,1,114,10,125,0,5,132,14,151,76,8,84,235
10/19/2012,MTN,MD,AEA,EN,Federal Contract Tower,0,7,33,11,51,0,0,66,2,68,0,7,99,13,119,2,0,2,121
10/20/2012,MTN,MD,AEA,EN,Federal Contract Tower,0,3,16,0,19,0,0,131,2,133,0,3,147,2,152,64,0,64,216
10/21/2012,MTN,MD,AEA,EN,Federal Contract Tower,0,4,21,0,25,0,1,106,0,107,0,5,127,0,132,32,0,32,164
10/22/2012,MTN,MD,AEA,EN,Federal Contract Tower,0,6,28,0,34,0,1,123,0,124,0,7,151,0,158,88,0,88,246
10/23/2012,MTN,MD,AEA,EN,Federal Contract Tower,0,5,31,10,46,0,0,102,13,115,0,5,133,23,161,70,6,76,237
10/24/2012,MTN,MD,AEA,EN,Federal Contract Tower,0,2,34,11,47,0,0,119,17,136,0,2,153,28,183,238,2,240,423
10/25/2012,MTN,MD,AEA,EN,Federal Contract Tower,0,5,50,5,60,0,0,32,0,32,0,5,82,5,92,70,0,70,162
10/26/2012,MTN,MD,AEA,EN,Federal Contract Tower,0,5,31,11,47,0,0,59,0,59,0,5,90,11,106,84,0,84,190
10/27/2012,MTN,MD,AEA,EN,Federal Contract Tower,0,3,13,4,20,0,1,101,0,102,0,4,114,4,122,42,0,42,164
10/28/2012,MTN,MD,AEA,EN,Federal Contract Tower,0,6,17,0,23,0,0,9,0,9,0,6,26,0,32,2,0,2,34
10/29/2012,MTN,MD,AEA,EN,Federal Contract Tower,0,0,0,0,0,0,0,0,0,0,0,0,0,0,0,0,0,0,0
10/30/2012,MTN,MD,AEA,EN,Federal Contract Tower,0,0,1,0,1,0,0,22,0,22,0,0,23,0,23,0,0,0,23
10/31/2012,MTN,MD,AEA,EN,Federal Contract Tower,0,2,14,7,23,0,0,64,3,67,0,2,78,10,90,4,0,4,94
11/01/2012,MTN,MD,AEA,EN,Federal Contract Tower,0,4,15,4,23,0,1,74,8,83,0,5,89,12,106,78,0,78,184
11/02/2012,MTN,MD,AEA,EN,Federal Contract Tower,0,0,22,8,30,0,0,90,14,104,0,0,112,22,134,46,0,46,180
11/03/2012,MTN,MD,AEA,EN,Federal Contract Tower,0,0,19,3,22,0,0,77,3,80,0,0,96,6,102,18,14,32,134
11/04/2012,MTN,MD,AEA,EN,Federal Contract Tower,0,5,19,4,28,0,0,99,3,102,0,5,118,7,130,15,12,27,157
11/05/2012,MTN,MD,AEA,EN,Federal Contract Tower,0,7,20,1,28,0,0,96,0,96,0,7,116,1,124,58,0,58,182
11/06/2012,MTN,MD,AEA,EN,Federal Contract Tower,0,5,34,8,47,0,1,107,7,115,0,6,141,15,162,46,12,58,220
11/07/2012,MTN,MD,AEA,EN,Federal Contract Tower,0,2,10,0,12,0,0,44,0,44,0,2,54,0,56,22,0,22,78
11/08/2012,MTN,MD,AEA,EN,Federal Contract Tower,0,6,30,7,43,0,2,66,6,74,0,8,96,13,117,52,14,66,183
11/09/2012,MTN,MD,AEA,EN,Federal Contract Tower,0,3,22,1,26,0,0,128,0,128,0,3,150,1,154,82,0,82,236
11/10/2012,MTN,MD,AEA,EN,Federal Contract Tower,0,4,20,0,24,0,0,158,0,158,0,4,178,0,182,102,0,102,284
11/11/2012,MTN,MD,AEA,EN,Federal Contract Tower,0,9,31,1,41,0,0,145,0,145,0,9,176,1,186,76,0,76,262
11/12/2012,MTN,MD,AEA,EN,Federal Contract Tower,0,13,38,1,52,0,1,93,0,94,0,14,131,1,146,84,0,84,230
11/13/2012,MTN,MD,AEA,EN,Federal Contract Tower,0,4,54,9,67,0,2,70,1,73,0,6,124,10,140,46,0,46,186
11/14/2012,MTN,MD,AEA,EN,Federal Contract Tower,0,0,25,9,34,0,0,125,7,132,0,0,150,16,166,126,6,132,298
11/15/2012,MTN,MD,AEA,EN,Federal Contract Tower,0,2,32,7,41,0,1,109,4,114,0,3,141,11,155,122,4,126,281
11/16/2012,MTN,MD,AEA,EN,Federal Contract Tower,0,1,36,8,45,0,1,143,5,149,0,2,179,13,194,128,32,160,354
11/17/2012,MTN,MD,AEA,EN,Federal Contract Tower,0,2,25,0,27,0,0,185,0,185,0,2,210,0,212,106,0,106,318
11/18/2012,MTN,MD,AEA,EN,Federal Contract Tower,0,0,21,1,22,0,0,132,0,132,0,0,153,1,154,88,0,88,242
11/19/2012,MTN,MD,AEA,EN,Federal Contract Tower,0,2,32,12,46,0,0,83,9,92,0,2,115,21,138,88,4,92,230
11/20/2012,MTN,MD,AEA,EN,Federal Contract Tower,0,6,23,12,41,0,1,117,6,124,0,7,140,18,165,79,6,85,250
11/21/2012,MTN,MD,AEA,EN,Federal Contract Tower,0,2,33,4,39,0,0,101,9,110,0,2,134,13,149,74,8,82,231
11/22/2012,MTN,MD,AEA,EN,Federal Contract Tower,0,0,7,0,7,0,1,30,0,31,0,1,37,0,38,10,0,10,48
11/23/2012,MTN,MD,AEA,EN,Federal Contract Tower,0,1,17,0,18,0,1,110,0,111,0,2,127,0,129,62,0,62,191
11/24/2012,MTN,MD,AEA,EN,Federal Contract Tower,0,0,6,0,6,0,0,28,0,28,0,0,34,0,34,6,0,6,40
11/25/2012,MTN,MD,AEA,EN,Federal Contract Tower,0,5,30,0,35,0,0,57,0,57,0,5,87,0,92,42,0,42,134
11/26/2012,MTN,MD,AEA,EN,Federal Contract Tower,0,8,25,0,33,0,0,104,0,104,0,8,129,0,137,84,0,84,221
11/27/2012,MTN,MD,AEA,EN,Federal Contract Tower,0,3,14,17,34,0,0,20,0,20,0,3,34,17,54,0,0,0,54
11/28/2012,MTN,MD,AEA,EN,Federal Contract Tower,0,4,16,7,27,0,0,105,8,113,0,4,121,15,140,56,8,64,204
11/29/2012,MTN,MD,AEA,EN,Federal Contract Tower,0,2,32,8,42,0,1,102,1,104,0,3,134,9,146,20,2,22,168
11/30/2012,MTN,MD,AEA,EN,Federal Contract Tower,0,4,20,7,31,0,1,131,4,136,0,5,151,11,167,114,0,114,281
12/01/2012,MTN,MD,AEA,EN,Federal Contract Tower,0,1,24,13,38,0,0,85,3,88,0,1,109,16,126,92,4,96,222
12/02/2012,MTN,MD,AEA,EN,Federal Contract Tower,0,1,22,1,24,0,1,15,0,16,0,2,37,1,40,8,0,8,48
12/03/2012,MTN,MD,AEA,EN,Federal Contract Tower,0,2,19,0,21,0,0,72,0,72,0,2,91,0,93,60,0,60,153
12/04/2012,MTN,MD,AEA,EN,Federal Contract Tower,0,8,29,9,46,0,0,108,5,113,0,8,137,14,159,136,8,144,303
12/05/2012,MTN,MD,AEA,EN,Federal Contract Tower,0,8,29,6,43,0,2,99,10,111,0,10,128,16,154,42,4,46,200
12/06/2012,MTN,MD,AEA,EN,Federal Contract Tower,0,5,25,4,34,0,0,121,7,128,0,5,146,11,162,84,0,84,246
12/07/2012,MTN,MD,AEA,EN,Federal Contract Tower,0,2,32,8,42,0,0,61,7,68,0,2,93,15,110,126,4,130,240
12/08/2012,MTN,MD,AEA,EN,Federal Contract Tower,0,0,16,0,16,0,0,0,0,0,0,0,16,0,16,0,0,0,16
12/09/2012,MTN,MD,AEA,EN,Federal Contract Tower,0,2,24,0,26,0,0,0,0,0,0,2,24,0,26,0,0,0,26
12/10/2012,MTN,MD,AEA,EN,Federal Contract Tower,0,0,8,0,8,0,0,0,0,0,0,0,8,0,8,0,0,0,8
12/11/2012,MTN,MD,AEA,EN,Federal Contract Tower,0,1,23,9,33,0,1,92,5,98,0,2,115,14,131,22,2,24,155
12/12/2012,MTN,MD,AEA,EN,Federal Contract Tower,0,1,33,11,45,0,0,127,6,133,0,1,160,17,178,70,4,74,252
12/13/2012,MTN,MD,AEA,EN,Federal Contract Tower,0,6,19,10,35,0,0,118,12,130,0,6,137,22,165,26,2,28,193
12/14/2012,MTN,MD,AEA,EN,Federal Contract Tower,0,7,19,0,26,0,0,117,0,117,0,7,136,0,143,42,0,42,185
12/15/2012,MTN,MD,AEA,EN,Federal Contract Tower,0,3,13,0,16,0,0,173,0,173,0,3,186,0,189,94,0,94,283
12/16/2012,MTN,MD,AEA,EN,Federal Contract Tower,0,5,16,0,21,0,0,18,1,19,0,5,34,1,40,12,2,14,54
12/17/2012,MTN,MD,AEA,EN,Federal Contract Tower,0,0,3,0,3,0,0,0,0,0,0,0,3,0,3,0,0,0,3
12/18/2012,MTN,MD,AEA,EN,Federal Contract Tower,0,9,18,10,37,0,2,68,4,74,0,11,86,14,111,14,4,18,129
12/19/2012,MTN,MD,AEA,EN,Federal Contract Tower,0,4,23,11,38,0,0,114,9,123,0,4,137,20,161,70,0,70,231
12/20/2012,MTN,MD,AEA,EN,Federal Contract Tower,0,6,22,3,31,0,1,109,11,121,0,7,131,14,152,46,4,50,202
12/21/2012,MTN,MD,AEA,EN,Federal Contract Tower,0,1,13,4,18,0,0,28,4,32,0,1,41,8,50,0,0,0,50
12/22/2012,MTN,MD,AEA,EN,Federal Contract Tower,0,3,7,0,10,0,0,0,0,0,0,3,7,0,10,0,0,0,10
12/23/2012,MTN,MD,AEA,EN,Federal Contract Tower,0,2,21,0,23,0,1,107,0,108,0,3,128,0,131,24,0,24,155
12/24/2012,MTN,MD,AEA,EN,Federal Contract Tower,0,2,9,0,11,0,1,36,0,37,0,3,45,0,48,46,0,46,94
12/25/2012,MTN,MD,AEA,EN,Federal Contract Tower,0,0,1,0,1,0,3,29,0,32,0,3,30,0,33,0,0,0,33
12/26/2012,MTN,MD,AEA,EN,Federal Contract Tower,0,4,13,0,17,0,0,0,0,0,0,4,13,0,17,0,0,0,17
12/27/2012,MTN,MD,AEA,EN,Federal Contract Tower,0,0,21,5,26,0,2,25,1,28,0,2,46,6,54,0,0,0,54
12/28/2012,MTN,MD,AEA,EN,Federal Contract Tower,0,3,29,1,33,0,0,115,3,118,0,3,144,4,151,80,0,80,231
12/29/2012,MTN,MD,AEA,EN,Federal Contract Tower,0,5,4,0,9,0,0,7,0,7,0,5,11,0,16,0,0,0,16
12/30/2012,MTN,MD,AEA,EN,Federal Contract Tower,0,0,13,0,13,0,2,19,0,21,0,2,32,0,34,0,0,0,34
12/31/2012,MTN,MD,AEA,EN,Federal Contract Tower,0,2,33,0,35,0,0,92,0,92,0,2,125,0,127,72,0,72,199
01/01/2013,MTN,MD,AEA,EN,Federal Contract Tower,0,2,3,0,5,0,1,51,0,52,0,3,54,0,57,46,0,46,103
01/02/2013,MTN,MD,AEA,EN,Federal Contract Tower,0,2,22,4,28,0,0,75,5,80,0,2,97,9,108,26,0,26,134
01/03/2013,MTN,MD,AEA,EN,Federal Contract Tower,0,2,20,6,28,0,0,93,7,100,0,2,113,13,128,34,8,42,170
01/04/2013,MTN,MD,AEA,EN,Federal Contract Tower,0,4,15,6,25,0,0,78,11,89,0,4,93,17,114,52,8,60,174
01/05/2013,MTN,MD,AEA,EN,Federal Contract Tower,0,2,23,0,25,0,0,145,1,146,0,2,168,1,171,92,0,92,263
01/06/2013,MTN,MD,AEA,EN,Federal Contract Tower,0,4,7,5,16,0,0,90,0,90,0,4,97,5,106,54,0,54,160
01/07/2013,MTN,MD,AEA,EN,Federal Contract Tower,0,5,15,0,20,0,1,67,0,68,0,6,82,0,88,82,0,82,170
01/08/2013,MTN,MD,AEA,EN,Federal Contract Tower,0,2,11,10,23,0,1,81,6,88,0,3,92,16,111,18,2,20,131
01/09/2013,MTN,MD,AEA,EN,Federal Contract Tower,0,3,14,9,26,0,0,77,10,87,0,3,91,19,113,52,2,54,167
01/10/2013,MTN,MD,AEA,EN,Federal Contract Tower,0,6,15,6,27,0,1,103,9,113,0,7,118,15,140,70,2,72,212
01/11/2013,MTN,MD,AEA,EN,Federal Contract Tower,0,1,20,14,35,0,0,43,6,49,0,1,63,20,84,24,14,38,122
01/12/2013,MTN,MD,AEA,EN,Federal Contract Tower,0,3,14,16,33,0,0,108,8,116,0,3,122,24,149,70,8,78,227
01/13/2013,MTN,MD,AEA,EN,Federal Contract Tower,0,1,2,0,3,0,0,0,0,0,0,1,2,0,3,0,0,0,3
01/14/2013,MTN,MD,AEA,EN,Federal Contract Tower,0,2,23,1,26,0,0,59,4,63,0,2,82,5,89,52,0,52,141
01/15/2013,MTN,MD,AEA,EN,Federal Contract Tower,0,2,22,8,32,0,1,19,4,24,0,3,41,12,56,4,0,4,60
01/16/2013,MTN,MD,AEA,EN,Federal Contract Tower,0,2,21,0,23,0,1,12,0,13,0,3,33,0,36,0,0,0,36
01/17/2013,MTN,MD,AEA,EN,Federal Contract Tower,0,2,23,8,33,0,3,84,5,92,0,5,107,13,125,31,6,37,162
01/18/2013,MTN,MD,AEA,EN,Federal Contract Tower,0,6,24,0,30,0,0,111,2,113,0,6,135,2,143,56,0,56,199
01/19/2013,MTN,MD,AEA,EN,Federal Contract Tower,0,0,14,1,15,0,0,162,0,162,0,0,176,1,177,100,0,100,277
01/20/2013,MTN,MD,AEA,EN,Federal Contract Tower,0,4,13,0,17,0,0,44,0,44,0,4,57,0,61,24,0,24,85
01/21/2013,MTN,MD,AEA,EN,Federal Contract Tower,0,3,14,0,17,0,0,102,0,102,0,3,116,0,119,56,2,58,177
01/22/2013,MTN,MD,AEA,EN,Federal Contract Tower,0,4,12,8,24,0,0,58,11,69,0,4,70,19,93,0,2,2,95
01/23/2013,MTN,MD,AEA,EN,Federal Contract Tower,0,6,19,13,38,0,0,69,8,77,0,6,88,21,115,16,4,20,135
01/24/2013,MTN,MD,AEA,EN,Federal Contract Tower,0,0,20,4,24,0,1,60,10,71,0,1,80,14,95,38,6,44,139
01/25/2013,MTN,MD,AEA,EN,Federal Contract Tower,0,0,18,4,22,0,1,32,11,44,0,1,50,15,66,28,18,46,112
01/26/2013,MTN,MD,AEA,EN,Federal Contract Tower,0,0,7,2,9,0,0,81,0,81,0,0,88,2,90,60,0,60,150
01/27/2013,MTN,MD,AEA,EN,Federal Contract Tower,0,2,22,1,25,0,0,106,0,106,0,2,128,1,131,78,0,78,209
01/28/2013,MTN,MD,AEA,EN,Federal Contract Tower,0,3,6,1,10,0,0,4,0,4,0,3,10,1,14,0,0,0,14
01/29/2013,MTN,MD,AEA,EN,Federal Contract Tower,0,4,26,5,35,0,1,106,12,119,0,5,132,17,154,132,10,142,296
01/30/2013,MTN,MD,AEA,EN,Federal Contract Tower,0,8,14,8,30,0,0,30,4,34,0,8,44,12,64,50,0,50,114
01/31/2013,MTN,MD,AEA,EN,Federal Contract Tower,0,2,13,5,20,0,0,26,11,37,0,2,39,16,57,26,0,26,83
02/01/2013,MTN,MD,AEA,EN,Federal Contract Tower,0,5,27,9,41,0,0,35,9,44,0,5,62,18,85,0,14,14,99
02/02/2013,MTN,MD,AEA,EN,Federal Contract Tower,0,3,17,0,20,0,1,72,0,73,0,4,89,0,93,66,0,66,159
02/03/2013,MTN,MD,AEA,EN,Federal Contract Tower,0,3,18,0,21,0,0,47,0,47,0,3,65,0,68,92,0,92,160
02/04/2013,MTN,MD,AEA,EN,Federal Contract Tower,0,6,35,0,41,0,0,88,0,88,0,6,123,0,129,74,0,74,203
02/05/2013,MTN,MD,AEA,EN,Federal Contract Tower,0,6,14,11,31,0,2,92,6,100,0,8,106,17,131,68,0,68,199
02/06/2013,MTN,MD,AEA,EN,Federal Contract Tower,0,3,23,14,40,0,0,70,8,78,0,3,93,22,118,48,0,48,166
02/07/2013,MTN,MD,AEA,EN,Federal Contract Tower,0,0,17,7,24,0,3,95,9,107,0,3,112,16,131,80,0,80,211
02/08/2013,MTN,MD,AEA,EN,Federal Contract Tower,0,1,9,0,10,0,0,6,0,6,0,1,15,0,16,0,0,0,16
02/09/2013,MTN,MD,AEA,EN,Federal Contract Tower,0,1,11,9,21,0,0,41,8,49,0,1,52,17,70,6,4,10,80
02/10/2013,MTN,MD,AEA,EN,Federal Contract Tower,0,1,23,2,26,0,0,122,2,124,0,1,145,4,150,46,0,46,196
02/11/2013,MTN,MD,AEA,EN,Federal Contract Tower,0,4,11,0,15,0,0,5,0,5,0,4,16,0,20,0,0,0,20
02/12/2013,MTN,MD,AEA,EN,Federal Contract Tower,0,4,18,8,30,0,0,97,3,100,0,4,115,11,130,44,4,48,178
02/13/2013,MTN,MD,AEA,EN,Federal Contract Tower,0,0,24,7,31,0,0,42,3,45,0,0,66,10,76,46,12,58,134
02/14/2013,MTN,MD,AEA,EN,Federal Contract Tower,0,2,36,5,43,0,0,103,12,115,0,2,139,17,158,66,6,72,230
02/15/2013,MTN,MD,AEA,EN,Federal Contract Tower,0,6,19,1,26,0,0,114,0,114,0,6,133,1,140,90,0,90,230
02/16/2013,MTN,MD,AEA,EN,Federal Contract Tower,0,0,5,0,5,0,0,45,0,45,0,0,50,0,50,74,0,74,124
02/17/2013,MTN,MD,AEA,EN,Federal Contract Tower,0,6,11,0,17,0,1,15,0,16,0,7,26,0,33,6,0,6,39
02/18/2013,MTN,MD,AEA,EN,Federal Contract Tower,0,4,21,0,25,0,0,115,0,115,0,4,136,0,140,110,0,110,250
02/19/2013,MTN,MD,AEA,EN,Federal Contract Tower,0,2,27,13,42,0,1,39,7,47,0,3,66,20,89,24,4,28,117
02/20/2013,MTN,MD,AEA,EN,Federal Contract Tower,0,0,22,9,31,0,0,62,5,67,0,0,84,14,98,30,6,36,134
02/21/2013,MTN,MD,AEA,EN,Federal Contract Tower,0,2,15,9,26,0,1,86,7,94,0,3,101,16,120,32,6,38,158
02/22/2013,MTN,MD,AEA,EN,Federal Contract Tower,0,0,7,9,16,0,0,61,5,66,0,0,68,14,82,58,12,70,152
02/23/2013,MTN,MD,AEA,EN,Federal Contract Tower,0,0,4,0,4,0,0,0,0,0,0,0,4,0,4,0,0,0,4
02/24/2013,MTN,MD,AEA,EN,Federal Contract Tower,0,1,13,1,15,0,1,92,0,93,0,2,105,1,108,92,0,92,200
02/25/2013,MTN,MD,AEA,EN,Federal Contract Tower,0,5,26,2,33,0,0,127,1,128,0,5,153,3,161,86,2,88,249
02/26/2013,MTN,MD,AEA,EN,Federal Contract Tower,0,7,17,9,33,0,1,51,12,64,0,8,68,21,97,16,8,24,121
02/27/2013,MTN,MD,AEA,EN,Federal Contract Tower,0,3,19,3,25,0,0,60,2,62,0,3,79,5,87,56,0,56,143
02/28/2013,MTN,MD,AEA,EN,Federal Contract Tower,0,3,19,0,22,0,0,77,1,78,0,3,96,1,100,42,0,42,142
03/01/2013,MTN,MD,AEA,EN,Federal Contract Tower,0,1,17,1,19,0,0,90,1,91,0,1,107,2,110,78,2,80,190
03/02/2013,MTN,MD,AEA,EN,Federal Contract Tower,0,4,20,11,35,0,0,116,10,126,0,4,136,21,161,172,8,180,341
03/03/2013,MTN,MD,AEA,EN,Federal Contract Tower,0,2,15,0,17,0,0,61,0,61,0,2,76,0,78,4,0,4,82
03/04/2013,MTN,MD,AEA,EN,Federal Contract Tower,0,2,16,0,18,0,0,64,0,64,0,2,80,0,82,12,0,12,94
03/05/2013,MTN,MD,AEA,EN,Federal Contract Tower,0,3,19,6,28,0,0,0,0,0,0,3,19,6,28,140,6,146,174
03/06/2013,MTN,MD,AEA,EN,Federal Contract Tower,0,2,1,0,3,0,0,8,0,8,0,2,9,0,11,0,0,0,11
03/07/2013,MTN,MD,AEA,EN,Federal Contract Tower,0,2,13,4,19,0,0,45,8,53,0,2,58,12,72,68,10,78,150
03/08/2013,MTN,MD,AEA,EN,Federal Contract Tower,0,10,22,7,39,0,2,29,8,39,0,12,51,15,78,0,8,8,86
03/09/2013,MTN,MD,AEA,EN,Federal Contract Tower,0,4,23,0,27,0,1,221,0,222,0,5,244,0,249,174,0,174,423
03/10/2013,MTN,MD,AEA,EN,Federal Contract Tower,0,7,12,0,19,0,1,168,0,169,0,8,180,0,188,178,0,178,366
03/11/2013,MTN,MD,AEA,EN,Federal Contract Tower,0,3,18,0,21,0,0,43,0,43,0,3,61,0,64,0,0,0,64
03/12/2013,MTN,MD,AEA,EN,Federal Contract Tower,0,3,15,11,29,0,0,36,2,38,0,3,51,13,67,0,4,4,71
03/13/2013,MTN,MD,AEA,EN,Federal Contract Tower,0,4,16,8,28,0,0,117,1,118,0,4,133,9,146,88,0,88,234
03/14/2013,MTN,MD,AEA,EN,Federal Contract Tower,0,10,22,6,38,0,0,48,12,60,0,10,70,18,98,2,4,6,104
03/15/2013,MTN,MD,AEA,EN,Federal Contract Tower,0,0,28,7,35,0,0,117,6,123,0,0,145,13,158,90,6,96,254
03/16/2013,MTN,MD,AEA,EN,Federal Contract Tower,0,0,14,0,14,0,1,66,0,67,0,1,80,0,81,98,0,98,179
03/17/2013,MTN,MD,AEA,EN,Federal Contract Tower,0,0,21,0,21,0,0,95,0,95,0,0,116,0,116,136,0,136,252
03/18/2013,MTN,MD,AEA,EN,Federal Contract Tower,0,5,11,2,18,0,0,25,0,25,0,5,36,2,43,4,0,4,47
03/19/2013,MTN,MD,AEA,EN,Federal Contract Tower,0,7,19,8,34,0,1,58,17,76,0,8,77,25,110,17,2,19,129
03/20/2013,MTN,MD,AEA,EN,Federal Contract Tower,0,0,33,8,41,0,0,123,7,130,0,0,156,15,171,64,16,80,251
03/21/2013,MTN,MD,AEA,EN,Federal Contract Tower,0,0,23,6,29,0,0,99,5,104,0,0,122,11,133,86,18,104,237
03/22/2013,MTN,MD,AEA,EN,Federal Contract Tower,0,2,26,6,34,0,1,121,6,128,0,3,147,12,162,92,8,100,262
03/23/2013,MTN,MD,AEA,EN,Federal Contract Tower,3,15,0,0,18,0,0,150,0,150,3,15,150,0,168,146,0,146,314
03/24/2013,MTN,MD,AEA,EN,Federal Contract Tower,0,0,19,0,19,0,0,130,0,130,0,0,149,0,149,108,0,108,257
03/25/2013,MTN,MD,AEA,EN,Federal Contract Tower,0,2,5,0,7,0,0,7,0,7,0,2,12,0,14,0,0,0,14
03/26/2013,MTN,MD,AEA,EN,Federal Contract Tower,0,2,22,1,25,0,1,150,0,151,0,3,172,1,176,48,0,48,224
03/27/2013,MTN,MD,AEA,EN,Federal Contract Tower,0,6,23,0,29,0,0,87,0,87,0,6,110,0,116,100,0,100,216
03/28/2013,MTN,MD,AEA,EN,Federal Contract Tower,0,7,34,11,52,0,0,156,11,167,0,7,190,22,219,98,4,102,321
03/29/2013,MTN,MD,AEA,EN,Federal Contract Tower,0,2,34,4,40,0,0,159,11,170,0,2,193,15,210,152,10,162,372
03/30/2013,MTN,MD,AEA,EN,Federal Contract Tower,0,2,27,0,29,0,0,204,0,204,0,2,231,0,233,154,0,154,387
03/31/2013,MTN,MD,AEA,EN,Federal Contract Tower,0,4,35,0,39,0,0,23,0,23,0,4,58,0,62,16,0,16,78
04/01/2013,MTN,MD,AEA,EN,Federal Contract Tower,0,4,35,0,39,0,0,77,0,77,0,4,112,0,116,34,0,34,150
04/02/2013,MTN,MD,AEA,EN,Federal Contract Tower,0,6,14,4,24,0,2,86,12,100,0,8,100,16,124,78,0,78,202
04/03/2013,MTN,MD,AEA,EN,Federal Contract Tower,0,0,12,10,22,0,0,117,9,126,0,0,129,19,148,40,0,40,188
04/04/2013,MTN,MD,AEA,EN,Federal Contract Tower,0,2,14,12,28,0,0,162,12,174,0,2,176,24,202,158,2,160,362
04/05/2013,MTN,MD,AEA,EN,Federal Contract Tower,0,4,11,11,26,0,2,101,8,111,0,6,112,19,137,84,12,96,233
04/06/2013,MTN,MD,AEA,EN,Federal Contract Tower,0,3,17,14,34,0,0,158,6,164,0,3,175,20,198,108,26,134,332
04/07/2013,MTN,MD,AEA,EN,Federal Contract Tower,0,10,14,4,28,0,0,84,0,84,0,10,98,4,112,24,0,24,136
04/08/2013,MTN,MD,AEA,EN,Federal Contract Tower,0,7,14,0,21,0,0,105,0,105,0,7,119,0,126,84,0,84,210
04/09/2013,MTN,MD,AEA,EN,Federal Contract Tower,0,7,19,8,34,0,0,145,10,155,0,7,164,18,189,38,6,44,233
04/10/2013,MTN,MD,AEA,EN,Federal Contract Tower,0,0,29,11,40,0,0,95,6,101,0,0,124,17,141,32,10,42,183
04/11/2013,MTN,MD,AEA,EN,Federal Contract Tower,0,6,22,8,36,0,0,81,13,94,0,6,103,21,130,100,4,104,234
04/12/2013,MTN,MD,AEA,EN,Federal Contract Tower,0,9,33,9,51,0,0,10,0,10,0,9,43,9,61,0,0,0,61
04/13/2013,MTN,MD,AEA,EN,Federal Contract Tower,0,5,15,0,20,0,0,144,0,144,0,5,159,0,164,40,0,40,204
04/14/2013,MTN,MD,AEA,EN,Federal Contract Tower,0,4,16,0,20,0,0,138,0,138,0,4,154,0,158,36,0,36,194
04/15/2013,MTN,MD,AEA,EN,Federal Contract Tower,0,4,17,0,21,0,0,98,0,98,0,4,115,0,119,106,0,106,225
04/16/2013,MTN,MD,AEA,EN,Federal Contract Tower,0,7,25,11,43,0,1,98,10,109,0,8,123,21,152,78,6,84,236
04/17/2013,MTN,MD,AEA,EN,Federal Contract Tower,0,2,26,11,39,0,0,87,19,106,0,2,113,30,145,236,2,238,383
04/18/2013,MTN,MD,AEA,EN,Federal Contract Tower,0,3,39,5,47,0,1,38,0,39,0,4,77,5,86,14,4,18,104
04/19/2013,MTN,MD,AEA,EN,Federal Contract Tower,0,8,21,2,31,0,0,39,2,41,0,8,60,4,72,0,0,0,72
04/20/2013,MTN,MD,AEA,EN,Federal Contract Tower,0,4,20,0,24,0,0,145,0,145,0,4,165,0,169,58,0,58,227
04/21/2013,MTN,MD,AEA,EN,Federal Contract Tower,0,8,38,0,46,0,0,171,0,171,0,8,209,0,217,168,0,168,385
04/22/2013,MTN,MD,AEA,EN,Federal Contract Tower,0,5,17,0,22,0,0,0,48,48,0,5,17,48,70,1,28,29,99
04/23/2013,MTN,MD,AEA,EN,Federal Contract Tower,0,10,30,10,50,0,0,116,4,120,0,10,146,14,170,112,0,112,282
04/24/2013,MTN,MD,AEA,EN,Federal Contract Tower,0,5,22,8,35,0,0,103,0,103,0,5,125,8,138,100,0,100,238
04/25/2013,MTN,MD,AEA,EN,Federal Contract Tower,0,6,34,8,48,0,0,147,5,152,0,6,181,13,200,74,0,74,274
04/26/2013,MTN,MD,AEA,EN,Federal Contract Tower,0,1,50,7,58,0,0,140,4,144,0,1,190,11,202,144,2,146,348
04/27/2013,MTN,MD,AEA,EN,Federal Contract Tower,0,7,14,0,21,0,1,158,1,160,0,8,172,1,181,144,4,148,329
04/28/2013,MTN,MD,AEA,EN,Federal Contract Tower,0,7,28,0,35,0,1,123,0,124,0,8,151,0,159,66,0,66,225
04/29/2013,MTN,MD,AEA,EN,Federal Contract Tower,0,5,16,0,21,0,0,4,0,4,0,5,20,0,25,0,0,0,25
04/30/2013,MTN,MD,AEA,EN,Federal Contract Tower,0,9,27,5,41,0,0,43,2,45,0,9,70,7,86,20,0,20,106
05/01/2013,MTN,MD,AEA,EN,Federal Contract Tower,0,1,23,4,28,0,145,2,0,147,0,146,25,4,175,70,2,72,247
05/02/2013,MTN,MD,AEA,EN,Federal Contract Tower,0,5,30,11,46,0,0,109,1,110,0,5,139,12,156,80,0,80,236
05/03/2013,MTN,MD,AEA,EN,Federal Contract Tower,0,9,21,1,31,0,0,117,6,123,0,9,138,7,154,158,4,162,316
05/04/2013,MTN,MD,AEA,EN,Federal Contract Tower,0,2,12,11,25,0,1,138,10,149,0,3,150,21,174,138,4,142,316
05/05/2013,MTN,MD,AEA,EN,Federal Contract Tower,0,4,23,9,36,0,0,86,0,86,0,4,109,9,122,46,0,46,168
05/06/2013,MTN,MD,AEA,EN,Federal Contract Tower,0,6,23,0,29,0,0,21,0,21,0,6,44,0,50,0,0,0,50
05/07/2013,MTN,MD,AEA,EN,Federal Contract Tower,0,4,16,1,21,0,0,8,0,8,0,4,24,1,29,0,0,0,29
05/08/2013,MTN,MD,AEA,EN,Federal Contract Tower,0,9,30,5,44,0,0,74,10,84,0,9,104,15,128,60,10,70,198
05/09/2013,MTN,MD,AEA,EN,Federal Contract Tower,0,3,34,9,46,0,0,105,11,116,0,3,139,20,162,78,6,84,246
05/10/2013,MTN,MD,AEA,EN,Federal Contract Tower,0,4,28,7,39,0,0,167,7,174,0,4,195,14,213,174,12,186,399
05/11/2013,MTN,MD,AEA,EN,Federal Contract Tower,0,4,11,2,17,0,0,48,0,48,0,4,59,2,65,46,0,46,111
05/12/2013,MTN,MD,AEA,EN,Federal Contract Tower,0,4,11,0,15,0,0,40,0,40,0,4,51,0,55,0,0,0,55
05/13/2013,MTN,MD,AEA,EN,Federal Contract Tower,0,7,18,0,25,0,0,122,0,122,0,7,140,0,147,78,0,78,225
05/14/2013,MTN,MD,AEA,EN,Federal Contract Tower,0,4,26,9,39,0,0,106,11,117,0,4,132,20,156,80,0,80,236
05/15/2013,MTN,MD,AEA,EN,Federal Contract Tower,0,7,29,11,47,0,2,113,7,122,0,9,142,18,169,52,4,56,225
05/16/2013,MTN,MD,AEA,EN,Federal Contract Tower,0,5,36,9,50,0,0,123,10,133,0,5,159,19,183,98,10,108,291
05/17/2013,MTN,MD,AEA,EN,Federal Contract Tower,0,8,20,3,31,0,0,111,6,117,0,8,131,9,148,98,4,102,250
05/18/2013,MTN,MD,AEA,EN,Federal Contract Tower,0,6,25,0,31,0,0,124,0,124,0,6,149,0,155,86,0,86,241
05/19/2013,MTN,MD,AEA,EN,Federal Contract Tower,0,0,28,0,28,0,0,12,0,12,0,0,40,0,40,0,0,0,40
05/20/2013,MTN,MD,AEA,EN,Federal Contract Tower,0,4,22,0,26,0,0,56,0,56,0,4,78,0,82,58,0,58,140
05/21/2013,MTN,MD,AEA,EN,Federal Contract Tower,0,4,36,16,56,0,0,82,4,86,0,4,118,20,142,74,4,78,220
05/22/2013,MTN,MD,AEA,EN,Federal Contract Tower,0,4,24,5,33,0,0,92,4,96,0,4,116,9,129,110,2,112,241
05/23/2013,MTN,MD,AEA,EN,Federal Contract Tower,0,0,20,4,24,0,0,68,0,68,0,0,88,4,92,22,0,22,114
05/24/2013,MTN,MD,AEA,EN,Federal Contract Tower,0,5,31,2,38,0,0,53,0,53,0,5,84,2,91,0,0,0,91
05/25/2013,MTN,MD,AEA,EN,Federal Contract Tower,0,2,14,0,16,0,1,65,0,66,0,3,79,0,82,18,0,18,100
05/26/2013,MTN,MD,AEA,EN,Federal Contract Tower,0,0,9,0,9,0,2,103,0,105,0,2,112,0,114,44,0,44,158
05/27/2013,MTN,MD,AEA,EN,Federal Contract Tower,0,4,17,0,21,0,0,162,0,162,0,4,179,0,183,156,0,156,339
05/28/2013,MTN,MD,AEA,EN,Federal Contract Tower,0,8,22,4,34,0,0,78,1,79,0,8,100,5,113,88,2,90,203
05/29/2013,MTN,MD,AEA,EN,Federal Contract Tower,0,2,27,4,33,0,0,148,2,150,0,2,175,6,183,78,0,78,261
05/30/2013,MTN,MD,AEA,EN,Federal Contract Tower,0,6,25,10,41,0,0,145,4,149,0,6,170,14,190,86,12,98,288
05/31/2013,MTN,MD,AEA,EN,Federal Contract Tower,0,1,16,4,21,0,2,150,1,153,0,3,166,5,174,48,8,56,230
06/01/2013,MTN,MD,AEA,EN,Federal Contract Tower,0,0,9,7,16,0,0,156,6,162,0,0,165,13,178,90,12,102,280
06/02/2013,MTN,MD,AEA,EN,Federal Contract Tower,0,0,10,3,13,0,0,72,0,72,0,0,82,3,85,90,0,90,175
06/03/2013,MTN,MD,AEA,EN,Federal Contract Tower,0,7,22,2,31,0,0,54,0,54,0,7,76,2,85,19,0,19,104
06/04/2013,MTN,MD,AEA,EN,Federal Contract Tower,0,5,28,6,39,0,0,167,3,170,0,5,195,9,209,182,6,188,397
06/05/2013,MTN,MD,AEA,EN,Federal Contract Tower,0,1,24,6,31,0,0,173,6,179,0,1,197,12,210,152,8,160,370
06/06/2013,MTN,MD,AEA,EN,Federal Contract Tower,0,7,26,8,41,0,0,102,9,111,0,7,128,17,152,90,0,90,242
06/07/2013,MTN,MD,AEA,EN,Federal Contract Tower,0,2,10,0,12,0,0,6,0,6,0,2,16,0,18,0,0,0,18
06/08/2013,MTN,MD,AEA,EN,Federal Contract Tower,0,3,20,0,23,0,0,104,0,104,0,3,124,0,127,82,0,82,209
06/09/2013,MTN,MD,AEA,EN,Federal Contract Tower,0,4,14,2,20,0,1,98,0,99,0,5,112,2,119,64,0,64,183
06/10/2013,MTN,MD,AEA,EN,Federal Contract Tower,0,6,14,0,20,0,0,10,0,10,0,6,24,0,30,0,0,0,30
06/11/2013,MTN,MD,AEA,EN,Federal Contract Tower,0,7,27,3,37,0,0,107,13,120,0,7,134,16,157,44,0,44,201
06/12/2013,MTN,MD,AEA,EN,Federal Contract Tower,0,0,31,9,40,0,0,112,11,123,0,0,143,20,163,108,2,110,273
06/13/2013,MTN,MD,AEA,EN,Federal Contract Tower,0,0,12,5,17,0,0,55,1,56,0,0,67,6,73,38,0,38,111
06/14/2013,MTN,MD,AEA,EN,Federal Contract Tower,0,5,28,6,39,0,0,119,6,125,0,5,147,12,164,42,4,46,210
06/15/2013,MTN,MD,AEA,EN,Federal Contract Tower,0,1,20,4,25,0,0,166,0,166,0,1,186,4,191,116,0,116,307
06/16/2013,MTN,MD,AEA,EN,Federal Contract Tower,0,2,15,0,17,0,0,119,0,119,0,2,134,0,136,52,0,52,188
06/17/2013,MTN,MD,AEA,EN,Federal Contract Tower,0,7,31,3,41,0,0,110,0,110,0,7,141,3,151,64,0,64,215
06/18/2013,MTN,MD,AEA,EN,Federal Contract Tower,0,3,36,10,49,0,0,40,12,52,0,3,76,22,101,0,0,0,101
06/19/2013,MTN,MD,AEA,EN,Federal Contract Tower,0,2,24,8,34,0,0,143,12,155,0,2,167,20,189,170,0,170,359
06/20/2013,MTN,MD,AEA,EN,Federal Contract Tower,0,4,31,7,42,0,0,142,12,154,0,4,173,19,196,158,13,171,367
06/21/2013,MTN,MD,AEA,EN,Federal Contract Tower,0,4,32,7,43,0,0,152,11,163,0,4,184,18,206,98,10,108,314
06/22/2013,MTN,MD,AEA,EN,Federal Contract Tower,0,3,25,0,28,0,0,149,0,149,0,3,174,0,177,116,0,116,293
06/23/2013,MTN,MD,AEA,EN,Federal Contract Tower,0,7,20,0,27,0,1,45,0,46,0,8,65,0,73,14,0,14,87
06/24/2013,MTN,MD,AEA,EN,Federal Contract Tower,0,2,23,2,27,0,0,101,0,101,0,2,124,2,128,32,0,32,160
06/25/2013,MTN,MD,AEA,EN,Federal Contract Tower,0,4,29,9,42,0,0,112,2,114,0,4,141,11,156,62,0,62,218
06/26/2013,MTN,MD,AEA,EN,Federal Contract Tower,0,4,32,9,45,0,0,103,9,112,0,4,135,18,157,62,4,66,223
06/27/2013,MTN,MD,AEA,EN,Federal Contract Tower,0,5,28,7,40,0,0,88,8,96,0,5,116,15,136,44,0,44,180
06/28/2013,MTN,MD,AEA,EN,Federal Contract Tower,0,4,16,12,32,0,0,107,2,109,0,4,123,14,141,54,20,74,215
06/29/2013,MTN,MD,AEA,EN,Federal Contract Tower,0,2,12,0,14,0,0,149,1,150,0,2,161,1,164,132,0,132,296
06/30/2013,MTN,MD,AEA,EN,Federal Contract Tower,0,5,23,0,28,0,0,51,0,51,0,5,74,0,79,4,0,4,83
07/01/2013,MTN,MD,AEA,EN,Federal Contract Tower,0,7,24,13,44,0,1,43,0,44,0,8,67,13,88,16,0,16,104
07/02/2013,MTN,MD,AEA,EN,Federal Contract Tower,0,4,30,15,49,0,1,73,0,74,0,5,103,15,123,58,0,58,181
07/03/2013,MTN,MD,AEA,EN,Federal Contract Tower,0,0,43,18,61,0,0,68,0,68,0,0,111,18,129,64,0,64,193
07/04/2013,MTN,MD,AEA,EN,Federal Contract Tower,0,0,14,0,14,0,0,90,0,90,0,0,104,0,104,98,0,98,202
07/05/2013,MTN,MD,AEA,EN,Federal Contract Tower,0,3,11,0,14,0,0,102,0,102,0,3,113,0,116,60,0,60,176
07/06/2013,MTN,MD,AEA,EN,Federal Contract Tower,0,0,12,0,12,0,1,131,0,132,0,1,143,0,144,50,0,50,194
07/07/2013,MTN,MD,AEA,EN,Federal Contract Tower,0,3,27,0,30,0,0,69,0,69,0,3,96,0,99,38,0,38,137
07/08/2013,MTN,MD,AEA,EN,Federal Contract Tower,0,2,28,2,32,0,0,88,1,89,0,2,116,3,121,122,0,122,243
07/09/2013,MTN,MD,AEA,EN,Federal Contract Tower,0,4,19,1,24,0,0,110,0,110,0,4,129,1,134,84,0,84,218
07/10/2013,MTN,MD,AEA,EN,Federal Contract Tower,0,0,21,9,30,0,0,107,1,108,0,0,128,10,138,64,0,64,202
07/11/2013,MTN,MD,AEA,EN,Federal Contract Tower,0,0,26,15,41,0,0,81,14,95,0,0,107,29,136,68,2,70,206
07/12/2013,MTN,MD,AEA,EN,Federal Contract Tower,0,0,20,16,36,0,0,35,0,35,0,0,55,16,71,14,0,14,85
07/13/2013,MTN,MD,AEA,EN,Federal Contract Tower,0,3,30,6,39,0,0,86,13,99,0,3,116,19,138,90,22,112,250
07/14/2013,MTN,MD,AEA,EN,Federal Contract Tower,0,1,31,4,36,0,1,104,0,105,0,2,135,4,141,26,0,26,167
07/15/2013,MTN,MD,AEA,EN,Federal Contract Tower,0,4,26,1,31,0,0,103,0,103,0,4,129,1,134,114,2,116,250
07/16/2013,MTN,MD,AEA,EN,Federal Contract Tower,0,8,20,1,29,0,0,112,0,112,0,8,132,1,141,92,0,92,233
07/17/2013,MTN,MD,AEA,EN,Federal Contract Tower,0,5,16,11,32,0,0,70,2,72,0,5,86,13,104,20,0,20,124
07/18/2013,MTN,MD,AEA,EN,Federal Contract Tower,0,1,21,7,29,0,1,126,7,134,0,2,147,14,163,98,0,98,261
07/19/2013,MTN,MD,AEA,EN,Federal Contract Tower,0,5,22,9,36,0,1,79,17,97,0,6,101,26,133,64,8,72,205
07/20/2013,MTN,MD,AEA,EN,Federal Contract Tower,0,1,9,2,12,0,0,74,0,74,0,1,83,2,86,62,0,62,148
07/21/2013,MTN,MD,AEA,EN,Federal Contract Tower,0,4,27,0,31,0,0,85,0,85,0,4,112,0,116,48,0,48,164
07/22/2013,MTN,MD,AEA,EN,Federal Contract Tower,0,4,21,0,25,0,0,76,0,76,0,4,97,0,101,150,0,150,251
07/23/2013,MTN,MD,AEA,EN,Federal Contract Tower,0,4,29,0,33,0,0,65,0,65,0,4,94,0,98,36,4,40,138
07/24/2013,MTN,MD,AEA,EN,Federal Contract Tower,0,2,24,9,35,0,3,133,14,150,0,5,157,23,185,110,12,122,307
07/25/2013,MTN,MD,AEA,EN,Federal Contract Tower,0,3,30,13,46,0,0,137,6,143,0,3,167,19,189,86,0,86,275
07/26/2013,MTN,MD,AEA,EN,Federal Contract Tower,0,2,25,4,31,0,1,135,2,138,0,3,160,6,169,66,2,68,237
07/27/2013,MTN,MD,AEA,EN,Federal Contract Tower,0,4,18,0,22,0,1,94,0,95,0,5,112,0,117,56,0,56,173
07/28/2013,MTN,MD,AEA,EN,Federal Contract Tower,0,3,29,0,32,0,2,45,0,47,0,5,74,0,79,28,0,28,107
07/29/2013,MTN,MD,AEA,EN,Federal Contract Tower,0,5,20,2,27,0,1,105,0,106,0,6,125,2,133,22,2,24,157
07/30/2013,MTN,MD,AEA,EN,Federal Contract Tower,0,6,16,12,34,0,0,110,15,125,0,6,126,27,159,72,4,76,235
07/31/2013,MTN,MD,AEA,EN,Federal Contract Tower,0,3,23,11,37,0,0,106,6,112,0,3,129,17,149,38,4,42,191
08/01/2013,MTN,MD,AEA,EN,Federal Contract Tower,0,4,24,7,35,0,0,27,0,27,0,4,51,7,62,30,0,30,92
08/02/2013,MTN,MD,AEA,EN,Federal Contract Tower,0,8,42,1,51,0,0,103,0,103,0,8,145,1,154,104,0,104,258
08/03/2013,MTN,MD,AEA,EN,Federal Contract Tower,0,4,23,0,27,0,0,47,0,47,0,4,70,0,74,32,0,32,106
08/04/2013,MTN,MD,AEA,EN,Federal Contract Tower,0,3,19,0,22,0,0,105,0,105,0,3,124,0,127,54,0,54,181
08/05/2013,MTN,MD,AEA,EN,Federal Contract Tower,0,3,18,0,21,0,0,134,0,134,0,3,152,0,155,106,0,106,261
08/06/2013,MTN,MD,AEA,EN,Federal Contract Tower,0,3,20,2,25,0,0,7,0,7,0,3,27,2,32,0,0,0,32
08/07/2013,MTN,MD,AEA,EN,Federal Contract Tower,0,2,26,18,46,0,0,39,2,41,0,2,65,20,87,34,0,34,121
08/08/2013,MTN,MD,AEA,EN,Federal Contract Tower,0,0,24,17,41,0,0,69,12,81,0,0,93,29,122,64,0,64,186
08/09/2013,MTN,MD,AEA,EN,Federal Contract Tower,0,5,21,8,34,0,0,84,11,95,0,5,105,19,129,102,0,102,231
08/10/2013,MTN,MD,AEA,EN,Federal Contract Tower,0,1,13,10,24,0,0,140,10,150,0,1,153,20,174,70,0,70,244
08/11/2013,MTN,MD,AEA,EN,Federal Contract Tower,0,3,25,3,31,0,0,144,0,144,0,3,169,3,175,72,0,72,247
08/12/2013,MTN,MD,AEA,EN,Federal Contract Tower,0,5,27,14,46,0,0,87,8,95,0,5,114,22,141,78,0,78,219
08/13/2013,MTN,MD,AEA,EN,Federal Contract Tower,0,3,20,16,39,0,0,49,12,61,0,3,69,28,100,54,4,58,158
08/14/2013,MTN,MD,AEA,EN,Federal Contract Tower,0,4,36,8,48,0,0,102,10,112,0,4,138,18,160,52,10,62,222
08/15/2013,MTN,MD,AEA,EN,Federal Contract Tower,0,3,51,4,58,0,0,165,0,165,0,3,216,4,223,136,0,136,359
08/16/2013,MTN,MD,AEA,EN,Federal Contract Tower,0,6,26,0,32,0,1,158,1,160,0,7,184,1,192,122,0,122,314
08/17/2013,MTN,MD,AEA,EN,Federal Contract Tower,0,0,27,0,27,0,1,152,0,153,0,1,179,0,180,116,0,116,296
08/18/2013,MTN,MD,AEA,EN,Federal Contract Tower,0,2,37,0,39,0,0,69,0,69,0,2,106,0,108,88,0,88,196
08/19/2013,MTN,MD,AEA,EN,Federal Contract Tower,0,5,21,1,27,0,0,116,0,116,0,5,137,1,143,62,0,62,205
08/20/2013,MTN,MD,AEA,EN,Federal Contract Tower,0,11,25,14,50,0,0,119,8,127,0,11,144,22,177,90,6,96,273
08/21/2013,MTN,MD,AEA,EN,Federal Contract Tower,0,4,19,3,26,0,0,109,10,119,0,4,128,13,145,118,2,120,265
08/22/2013,MTN,MD,AEA,EN,Federal Contract Tower,0,0,24,12,36,0,0,84,7,91,0,0,108,19,127,114,0,114,241
08/23/2013,MTN,MD,AEA,EN,Federal Contract Tower,0,0,30,8,38,0,0,101,3,104,0,0,131,11,142,100,0,100,242
08/24/2013,MTN,MD,AEA,EN,Federal Contract Tower,0,0,23,0,23,0,4,144,0,148,0,4,167,0,171,72,0,72,243
08/25/2013,MTN,MD,AEA,EN,Federal Contract Tower,0,2,16,0,18,0,1,119,0,120,0,3,135,0,138,54,0,54,192
08/26/2013,MTN,MD,AEA,EN,Federal Contract Tower,0,6,23,1,30,0,1,103,0,104,0,7,126,1,134,62,0,62,196
08/27/2013,MTN,MD,AEA,EN,Federal Contract Tower,0,5,25,16,46,0,0,106,4,110,0,5,131,20,156,76,0,76,232
08/28/2013,MTN,MD,AEA,EN,Federal Contract Tower,0,4,26,17,47,0,0,44,4,48,0,4,70,21,95,34,0,34,129
08/29/2013,MTN,MD,AEA,EN,Federal Contract Tower,0,0,46,12,58,0,2,71,6,79,0,2,117,18,137,38,2,40,177
08/30/2013,MTN,MD,AEA,EN,Federal Contract Tower,0,1,35,0,36,0,0,117,0,117,0,1,152,0,153,98,0,98,251
08/31/2013,MTN,MD,AEA,EN,Federal Contract Tower,0,1,11,0,12,0,0,142,4,146,0,1,153,4,158,70,0,70,228
09/01/2013,MTN,MD,AEA,EN,Federal Contract Tower,0,1,18,0,19,0,0,128,0,128,0,1,146,0,147,104,0,104,251
09/02/2013,MTN,MD,AEA,EN,Federal Contract Tower,0,3,26,0,29,0,0,81,0,81,0,3,107,0,110,84,0,84,194
09/03/2013,MTN,MD,AEA,EN,Federal Contract Tower,0,5,23,14,42,0,0,88,11,99,0,5,111,25,141,24,0,24,165
09/04/2013,MTN,MD,AEA,EN,Federal Contract Tower,0,6,36,7,49,0,0,112,3,115,0,6,148,10,164,68,8,76,240
09/05/2013,MTN,MD,AEA,EN,Federal Contract Tower,0,1,25,6,32,0,0,93,12,105,0,1,118,18,137,32,2,34,171
09/06/2013,MTN,MD,AEA,EN,Federal Contract Tower,0,2,35,8,45,0,0,142,4,146,0,2,177,12,191,82,18,100,291
09/07/2013,MTN,MD,AEA,EN,Federal Contract Tower,0,2,24,2,28,0,1,138,0,139,0,3,162,2,167,116,0,116,283
09/08/2013,MTN,MD,AEA,EN,Federal Contract Tower,0,2,29,0,31,0,1,113,0,114,0,3,142,0,145,66,0,66,211
09/09/2013,MTN,MD,AEA,EN,Federal Contract Tower,0,7,16,1,24,0,0,103,0,103,0,7,119,1,127,42,0,42,169
09/10/2013,MTN,MD,AEA,EN,Federal Contract Tower,0,4,30,13,47,0,2,69,9,80,0,6,99,22,127,44,0,44,171
09/11/2013,MTN,MD,AEA,EN,Federal Contract Tower,0,3,30,6,39,0,0,94,15,109,0,3,124,21,148,44,8,52,200
09/12/2013,MTN,MD,AEA,EN,Federal Contract Tower,0,5,23,13,41,0,0,46,2,48,0,5,69,15,89,76,0,76,165
09/13/2013,MTN,MD,AEA,EN,Federal Contract Tower,0,0,24,9,33,0,0,87,9,96,0,0,111,18,129,64,0,64,193
09/14/2013,MTN,MD,AEA,EN,Federal Contract Tower,0,0,33,0,33,0,1,125,0,126,0,1,158,0,159,90,0,90,249
09/15/2013,MTN,MD,AEA,EN,Federal Contract Tower,0,3,20,0,23,0,0,121,0,121,0,3,141,0,144,58,0,58,202
09/16/2013,MTN,MD,AEA,EN,Federal Contract Tower,0,5,34,0,39,0,0,70,0,70,0,5,104,0,109,42,0,42,151
09/17/2013,MTN,MD,AEA,EN,Federal Contract Tower,0,2,22,4,28,0,0,112,8,120,0,2,134,12,148,92,0,92,240
09/18/2013,MTN,MD,AEA,EN,Federal Contract Tower,0,0,24,12,36,0,0,122,13,135,0,0,146,25,171,162,4,166,337
09/19/2013,MTN,MD,AEA,EN,Federal Contract Tower,0,10,33,3,46,0,0,124,4,128,0,10,157,7,174,52,0,52,226
09/20/2013,MTN,MD,AEA,EN,Federal Contract Tower,0,5,36,7,48,0,1,158,10,169,0,6,194,17,217,118,12,130,347
09/21/2013,MTN,MD,AEA,EN,Federal Contract Tower,0,2,25,2,29,0,0,89,0,89,0,2,114,2,118,56,0,56,174
09/22/2013,MTN,MD,AEA,EN,Federal Contract Tower,0,8,29,2,39,0,1,87,0,88,0,9,116,2,127,66,0,66,193
09/23/2013,MTN,MD,AEA,EN,Federal Contract Tower,0,4,25,0,29,0,0,69,0,69,0,4,94,0,98,70,0,70,168
09/24/2013,MTN,MD,AEA,EN,Federal Contract Tower,0,1,27,0,28,0,0,81,0,81,0,1,108,0,109,70,0,70,179
09/25/2013,MTN,MD,AEA,EN,Federal Contract Tower,0,2,24,0,26,0,0,81,0,81,0,2,105,0,107,50,0,50,157
09/26/2013,MTN,MD,AEA,EN,Federal Contract Tower,0,4,31,3,38,0,0,110,0,110,0,4,141,3,148,80,0,80,228
09/27/2013,MTN,MD,AEA,EN,Federal Contract Tower,0,3,48,8,59,0,0,105,0,105,0,3,153,8,164,94,0,94,258
09/28/2013,MTN,MD,AEA,EN,Federal Contract Tower,0,8,19,1,28,0,0,147,0,147,0,8,166,1,175,130,0,130,305
09/29/2013,MTN,MD,AEA,EN,Federal Contract Tower,0,3,19,2,24,0,0,107,0,107,0,3,126,2,131,68,0,68,199
09/30/2013,MTN,MD,AEA,EN,Federal Contract Tower,0,6,15,0,21,0,0,121,0,121,0,6,136,0,142,122,0,122,264
10/01/2013,MTN,MD,AEA,EN,Federal Contract Tower,0,4,26,0,30,0,0,93,0,93,0,4,119,0,123,94,0,94,217
10/02/2013,MTN,MD,AEA,EN,Federal Contract Tower,0,2,15,0,17,0,0,132,0,132,0,2,147,0,149,92,0,92,241
10/03/2013,MTN,MD,AEA,EN,Federal Contract Tower,0,9,33,0,42,0,0,150,0,150,0,9,183,0,192,210,0,210,402
10/04/2013,MTN,MD,AEA,EN,Federal Contract Tower,0,6,34,0,40,0,0,98,0,98,0,6,132,0,138,220,0,220,358
10/05/2013,MTN,MD,AEA,EN,Federal Contract Tower,0,2,25,0,27,0,0,142,0,142,0,2,167,0,169,182,0,182,351
10/06/2013,MTN,MD,AEA,EN,Federal Contract Tower,0,6,25,0,31,0,65,0,0,65,0,71,25,0,96,28,0,28,124
10/07/2013,MTN,MD,AEA,EN,Federal Contract Tower,0,6,8,0,14,0,0,26,0,26,0,6,34,0,40,0,0,0,40
10/08/2013,MTN,MD,AEA,EN,Federal Contract Tower,0,5,24,0,29,0,0,116,0,116,0,5,140,0,145,106,0,106,251
10/09/2013,MTN,MD,AEA,EN,Federal Contract Tower,0,1,32,2,35,0,0,94,0,94,0,1,126,2,129,158,6,164,293
10/10/2013,MTN,MD,AEA,EN,Federal Contract Tower,0,8,24,0,32,0,0,0,0,0,0,8,24,0,32,0,0,0,32
10/11/2013,MTN,MD,AEA,EN,Federal Contract Tower,0,2,33,0,35,0,0,13,0,13,0,2,46,0,48,2,0,2,50
10/12/2013,MTN,MD,AEA,EN,Federal Contract Tower,0,0,21,0,21,0,1,56,0,57,0,1,77,0,78,56,0,56,134
10/13/2013,MTN,MD,AEA,EN,Federal Contract Tower,0,6,30,0,36,0,0,38,0,38,0,6,68,0,74,46,0,46,120
10/14/2013,MTN,MD,AEA,EN,Federal Contract Tower,0,7,18,0,25,0,1,122,2,125,0,8,140,2,150,268,0,268,418
10/15/2013,MTN,MD,AEA,EN,Federal Contract Tower,0,6,27,0,33,0,0,139,0,139,0,6,166,0,172,182,0,182,354
10/16/2013,MTN,MD,AEA,EN,Federal Contract Tower,0,2,34,18,54,0,0,41,0,41,0,2,75,18,95,66,0,66,161
10/17/2013,MTN,MD,AEA,EN,Federal Contract Tower,0,4,34,5,43,0,0,71,0,71,0,4,105,5,114,100,0,100,214
10/18/2013,MTN,MD,AEA,EN,Federal Contract Tower,0,0,29,9,38,0,0,110,9,119,0,0,139,18,157,110,16,126,283
10/19/2013,MTN,MD,AEA,EN,Federal Contract Tower,0,0,21,0,21,0,1,142,0,143,0,1,163,0,164,102,0,102,266
10/20/2013,MTN,MD,AEA,EN,Federal Contract Tower,0,4,15,0,19,0,0,111,0,111,0,4,126,0,130,62,0,62,192
10/21/2013,MTN,MD,AEA,EN,Federal Contract Tower,0,4,14,0,18,0,0,106,0,106,0,4,120,0,124,154,0,154,278
10/22/2013,MTN,MD,AEA,EN,Federal Contract Tower,0,7,19,11,37,0,0,75,4,79,0,7,94,15,116,54,0,54,170
10/23/2013,MTN,MD,AEA,EN,Federal Contract Tower,0,3,16,6,25,0,0,109,2,111,0,3,125,8,136,134,0,134,270
10/24/2013,MTN,MD,AEA,EN,Federal Contract Tower,0,9,18,5,32,0,0,81,3,84,0,9,99,8,116,64,0,64,180
10/25/2013,MTN,MD,AEA,EN,Federal Contract Tower,0,6,20,7,33,0,0,122,14,136,0,6,142,21,169,100,12,112,281
10/26/2013,MTN,MD,AEA,EN,Federal Contract Tower,0,3,18,0,21,0,1,125,0,126,0,4,143,0,147,100,0,100,247
10/27/2013,MTN,MD,AEA,EN,Federal Contract Tower,0,1,18,0,19,0,0,125,0,125,0,1,143,0,144,148,0,148,292
10/28/2013,MTN,MD,AEA,EN,Federal Contract Tower,0,3,12,0,15,0,1,90,0,91,0,4,102,0,106,68,0,68,174
10/29/2013,MTN,MD,AEA,EN,Federal Contract Tower,0,4,14,9,27,1,1,117,2,121,1,5,131,11,148,137,0,137,285
10/30/2013,MTN,MD,AEA,EN,Federal Contract Tower,0,2,40,23,65,0,0,35,1,36,0,2,75,24,101,32,0,32,133
10/31/2013,MTN,MD,AEA,EN,Federal Contract Tower,0,0,30,13,43,0,0,54,6,60,0,0,84,19,103,84,6,90,193
11/01/2013,MTN,MD,AEA,EN,Federal Contract Tower,0,0,23,5,28,0,0,73,6,79,0,0,96,11,107,70,16,86,193
11/02/2013,MTN,MD,AEA,EN,Federal Contract Tower,0,3,12,2,17,0,0,143,0,143,0,3,155,2,160,94,0,94,254
11/03/2013,MTN,MD,AEA,EN,Federal Contract Tower,0,6,9,0,15,0,0,66,0,66,0,6,75,0,81,46,0,46,127
11/04/2013,MTN,MD,AEA,EN,Federal Contract Tower,0,5,16,0,21,0,2,89,0,91,0,7,105,0,112,96,0,96,208
11/05/2013,MTN,MD,AEA,EN,Federal Contract Tower,0,4,20,11,35,0,0,104,10,114,0,4,124,21,149,100,10,110,259
11/06/2013,MTN,MD,AEA,EN,Federal Contract Tower,0,2,17,9,28,0,1,93,8,102,0,3,110,17,130,44,8,52,182
11/07/2013,MTN,MD,AEA,EN,Federal Contract Tower,0,4,25,15,44,0,0,69,6,75,0,4,94,21,119,120,8,128,247
11/08/2013,MTN,MD,AEA,EN,Federal Contract Tower,0,9,18,2,29,0,0,87,0,87,0,9,105,2,116,124,0,124,240
11/09/2013,MTN,MD,AEA,EN,Federal Contract Tower,0,1,20,0,21,0,0,115,0,115,0,1,135,0,136,100,0,100,236
11/10/2013,MTN,MD,AEA,EN,Federal Contract Tower,0,7,21,2,30,0,0,78,0,78,0,7,99,2,108,60,0,60,168
11/11/2013,MTN,MD,AEA,EN,Federal Contract Tower,0,5,25,0,30,0,0,114,0,114,0,5,139,0,144,94,0,94,238
11/12/2013,MTN,MD,AEA,EN,Federal Contract Tower,0,9,20,7,36,0,0,51,6,57,0,9,71,13,93,40,0,40,133
11/13/2013,MTN,MD,AEA,EN,Federal Contract Tower,0,8,36,12,56,0,0,91,6,97,0,8,127,18,153,74,0,74,227
11/14/2013,MTN,MD,AEA,EN,Federal Contract Tower,0,4,23,7,34,0,0,120,6,126,0,4,143,13,160,102,14,116,276
11/15/2013,MTN,MD,AEA,EN,Federal Contract Tower,0,0,19,8,27,0,0,117,9,126,0,0,136,17,153,90,10,100,253
11/16/2013,MTN,MD,AEA,EN,Federal Contract Tower,0,2,30,26,58,0,0,51,4,55,0,2,81,30,113,120,0,120,233
11/17/2013,MTN,MD,AEA,EN,Federal Contract Tower,0,0,17,0,17,0,0,27,0,27,0,0,44,0,44,70,0,70,114
11/18/2013,MTN,MD,AEA,EN,Federal Contract Tower,0,7,17,0,24,0,0,77,0,77,0,7,94,0,101,26,0,26,127
11/19/2013,MTN,MD,AEA,EN,Federal Contract Tower,0,3,24,10,37,0,0,101,8,109,0,3,125,18,146,8,0,8,154
11/20/2013,MTN,MD,AEA,EN,Federal Contract Tower,0,6,20,7,33,0,0,119,6,125,0,6,139,13,158,122,4,126,284
11/21/2013,MTN,MD,AEA,EN,Federal Contract Tower,0,9,27,4,40,0,0,151,8,159,0,9,178,12,199,192,8,200,399
11/22/2013,MTN,MD,AEA,EN,Federal Contract Tower,0,6,40,9,55,0,4,102,6,112,0,10,142,15,167,108,10,118,285
11/23/2013,MTN,MD,AEA,EN,Federal Contract Tower,0,2,19,0,21,0,2,105,0,107,0,4,124,0,128,66,0,66,194
11/24/2013,MTN,MD,AEA,EN,Federal Contract Tower,0,6,14,0,20,0,0,9,0,9,0,6,23,0,29,0,0,0,29
11/25/2013,MTN,MD,AEA,EN,Federal Contract Tower,0,4,26,14,44,0,0,121,6,127,0,4,147,20,171,118,0,118,289
11/26/2013,MTN,MD,AEA,EN,Federal Contract Tower,0,7,18,0,25,0,0,4,0,4,0,7,22,0,29,0,0,0,29
11/27/2013,MTN,MD,AEA,EN,Federal Contract Tower,0,9,3,1,13,0,0,2,0,2,0,9,5,1,15,0,0,0,15
11/28/2013,MTN,MD,AEA,EN,Federal Contract Tower,0,1,8,0,9,0,0,27,0,27,0,1,35,0,36,10,0,10,46
11/29/2013,MTN,MD,AEA,EN,Federal Contract Tower,0,1,22,0,23,0,1,113,0,114,0,2,135,0,137,124,0,124,261
11/30/2013,MTN,MD,AEA,EN,Federal Contract Tower,0,0,15,0,15,0,3,83,0,86,0,3,98,0,101,54,0,54,155
12/01/2013,MTN,MD,AEA,EN,Federal Contract Tower,0,7,23,0,30,0,0,111,0,111,0,7,134,0,141,44,0,44,185
12/02/2013,MTN,MD,AEA,EN,Federal Contract Tower,0,4,22,1,27,0,0,92,0,92,0,4,114,1,119,108,0,108,227
12/03/2013,MTN,MD,AEA,EN,Federal Contract Tower,0,7,18,7,32,0,1,106,17,124,0,8,124,24,156,114,2,116,272
12/04/2013,MTN,MD,AEA,EN,Federal Contract Tower,0,0,25,12,37,0,0,63,11,74,0,0,88,23,111,176,0,176,287
12/05/2013,MTN,MD,AEA,EN,Federal Contract Tower,0,0,10,6,16,0,0,45,6,51,0,0,55,12,67,56,0,56,123
12/06/2013,MTN,MD,AEA,EN,Federal Contract Tower,0,0,18,8,26,0,0,2,0,2,0,0,20,8,28,18,0,18,46
12/07/2013,MTN,MD,AEA,EN,Federal Contract Tower,0,0,15,10,25,0,0,99,12,111,0,0,114,22,136,36,2,38,174
12/08/2013,MTN,MD,AEA,EN,Federal Contract Tower,0,2,6,0,8,0,0,0,0,0,0,2,6,0,8,0,0,0,8
12/09/2013,MTN,MD,AEA,EN,Federal Contract Tower,0,0,23,1,24,0,0,2,0,2,0,0,25,1,26,0,0,0,26
12/10/2013,MTN,MD,AEA,EN,Federal Contract Tower,0,6,20,0,26,0,0,34,0,34,0,6,54,0,60,0,0,0,60
12/11/2013,MTN,MD,AEA,EN,Federal Contract Tower,0,4,29,16,49,0,0,104,10,114,0,4,133,26,163,92,6,98,261
12/12/2013,MTN,MD,AEA,EN,Federal Contract Tower,0,8,20,8,36,0,0,94,9,103,0,8,114,17,139,62,8,70,209
12/13/2013,MTN,MD,AEA,EN,Federal Contract Tower,0,3,29,5,37,0,0,136,4,140,0,3,165,9,177,100,8,108,285
12/14/2013,MTN,MD,AEA,EN,Federal Contract Tower,0,0,4,0,4,0,0,0,0,0,0,0,4,0,4,0,0,0,4
12/15/2013,MTN,MD,AEA,EN,Federal Contract Tower,0,0,22,0,22,0,0,75,0,75,0,0,97,0,97,60,0,60,157
12/16/2013,MTN,MD,AEA,EN,Federal Contract Tower,0,2,15,0,17,0,0,104,0,104,0,2,119,0,121,126,0,126,247
12/17/2013,MTN,MD,AEA,EN,Federal Contract Tower,0,0,21,4,25,0,1,54,7,62,0,1,75,11,87,84,0,84,171
12/18/2013,MTN,MD,AEA,EN,Federal Contract Tower,0,4,15,4,23,0,0,97,3,100,0,4,112,7,123,38,0,38,161
12/19/2013,MTN,MD,AEA,EN,Federal Contract Tower,0,2,24,6,32,0,0,166,6,172,0,2,190,12,204,162,0,162,366
12/20/2013,MTN,MD,AEA,EN,Federal Contract Tower,0,3,21,0,24,0,0,105,0,105,0,3,126,0,129,70,0,70,199
12/21/2013,MTN,MD,AEA,EN,Federal Contract Tower,0,2,9,0,11,0,0,155,0,155,0,2,164,0,166,198,0,198,364
12/22/2013,MTN,MD,AEA,EN,Federal Contract Tower,0,0,9,0,9,0,0,17,0,17,0,0,26,0,26,4,0,4,30
12/23/2013,MTN,MD,AEA,EN,Federal Contract Tower,0,5,14,0,19,0,0,25,0,25,0,5,39,0,44,16,0,16,60
12/24/2013,MTN,MD,AEA,EN,Federal Contract Tower,0,1,5,0,6,0,0,68,0,68,0,1,73,0,74,58,0,58,132
12/25/2013,MTN,MD,AEA,EN,Federal Contract Tower,0,2,3,0,5,0,0,31,0,31,0,2,34,0,36,4,0,4,40
12/26/2013,MTN,MD,AEA,EN,Federal Contract Tower,0,3,28,0,31,0,0,97,0,97,0,3,125,0,128,74,0,74,202
12/27/2013,MTN,MD,AEA,EN,Federal Contract Tower,0,4,24,1,29,0,0,129,0,129,0,4,153,1,158,188,0,188,346
12/28/2013,MTN,MD,AEA,EN,Federal Contract Tower,0,4,19,0,23,0,0,178,0,178,0,4,197,0,201,198,0,198,399
12/29/2013,MTN,MD,AEA,EN,Federal Contract Tower,0,0,10,0,10,0,0,7,0,7,0,0,17,0,17,4,0,4,21
12/30/2013,MTN,MD,AEA,EN,Federal Contract Tower,0,1,11,0,12,0,1,80,0,81,0,2,91,0,93,28,22,50,143
12/31/2013,MTN,MD,AEA,EN,Federal Contract Tower,0,5,5,6,16,0,0,66,6,72,0,5,71,12,88,10,0,10,98
01/01/2014,MTN,MD,AEA,EN,Federal Contract Tower,0,3,4,0,7,0,0,56,0,56,0,3,60,0,63,44,0,44,107
01/02/2014,MTN,MD,AEA,EN,Federal Contract Tower,0,3,5,12,20,0,0,29,0,29,0,3,34,12,49,18,0,18,67
01/03/2014,MTN,MD,AEA,EN,Federal Contract Tower,0,1,1,0,2,0,0,24,0,24,0,1,25,0,26,0,0,0,26
01/04/2014,MTN,MD,AEA,EN,Federal Contract Tower,0,1,15,0,16,0,0,85,0,85,0,1,100,0,101,166,0,166,267
01/05/2014,MTN,MD,AEA,EN,Federal Contract Tower,0,1,14,0,15,0,0,1,0,1,0,1,15,0,16,0,0,0,16
01/06/2014,MTN,MD,AEA,EN,Federal Contract Tower,0,5,8,0,13,0,0,11,0,11,0,5,19,0,24,0,0,0,24
01/07/2014,MTN,MD,AEA,EN,Federal Contract Tower,0,6,22,0,28,0,0,46,0,46,0,6,68,0,74,4,0,4,78
01/08/2014,MTN,MD,AEA,EN,Federal Contract Tower,0,6,18,8,32,0,0,74,9,83,0,6,92,17,115,154,2,156,271
01/09/2014,MTN,MD,AEA,EN,Federal Contract Tower,0,1,26,9,36,0,1,96,7,104,0,2,122,16,140,84,0,84,224
01/10/2014,MTN,MD,AEA,EN,Federal Contract Tower,0,0,8,12,20,0,0,0,0,0,0,0,8,12,20,0,0,0,20
01/11/2014,MTN,MD,AEA,EN,Federal Contract Tower,0,1,3,0,4,0,0,2,0,2,0,1,5,0,6,0,0,0,6
01/12/2014,MTN,MD,AEA,EN,Federal Contract Tower,0,8,25,1,34,0,0,113,0,113,0,8,138,1,147,78,0,78,225
01/13/2014,MTN,MD,AEA,EN,Federal Contract Tower,0,8,18,0,26,0,0,92,0,92,0,8,110,0,118,52,0,52,170
01/14/2014,MTN,MD,AEA,EN,Federal Contract Tower,0,14,12,7,33,0,0,31,0,31,0,14,43,7,64,6,0,6,70
01/15/2014,MTN,MD,AEA,EN,Federal Contract Tower,0,1,7,8,16,0,0,25,4,29,0,1,32,12,45,6,16,22,67
01/16/2014,MTN,MD,AEA,EN,Federal Contract Tower,0,0,27,9,36,0,0,104,10,114,0,0,131,19,150,74,8,82,232
01/17/2014,MTN,MD,AEA,EN,Federal Contract Tower,0,0,26,0,26,0,1,120,0,121,0,1,146,0,147,160,0,160,307
01/18/2014,MTN,MD,AEA,EN,Federal Contract Tower,0,0,8,0,8,0,0,72,0,72,0,0,80,0,80,124,0,124,204
01/19/2014,MTN,MD,AEA,EN,Federal Contract Tower,0,0,6,0,6,0,0,88,0,88,0,0,94,0,94,96,0,96,190
01/20/2014,MTN,MD,AEA,EN,Federal Contract Tower,0,3,39,0,42,0,0,133,0,133,0,3,172,0,175,166,0,166,341
01/21/2014,MTN,MD,AEA,EN,Federal Contract Tower,0,1,5,4,10,0,0,0,0,0,0,1,5,4,10,0,0,0,10
01/22/2014,MTN,MD,AEA,EN,Federal Contract Tower,0,4,13,1,18,0,0,40,0,40,0,4,53,1,58,28,0,28,86
01/23/2014,MTN,MD,AEA,EN,Federal Contract Tower,0,0,13,1,14,0,0,66,0,66,0,0,79,1,80,16,0,16,96
01/24/2014,MTN,MD,AEA,EN,Federal Contract Tower,0,2,14,4,20,0,0,69,5,74,0,2,83,9,94,56,0,56,150
01/25/2014,MTN,MD,AEA,EN,Federal Contract Tower,0,0,12,0,12,0,0,38,0,38,0,0,50,0,50,46,0,46,96
01/26/2014,MTN,MD,AEA,EN,Federal Contract Tower,0,0,15,0,15,0,0,66,0,66,0,0,81,0,81,66,0,66,147
01/27/2014,MTN,MD,AEA,EN,Federal Contract Tower,0,4,12,0,16,0,0,30,0,30,0,4,42,0,46,0,4,4,50
01/28/2014,MTN,MD,AEA,EN,Federal Contract Tower,0,2,29,7,38,0,1,75,4,80,0,3,104,11,118,18,12,30,148
01/29/2014,MTN,MD,AEA,EN,Federal Contract Tower,0,0,15,7,22,0,1,53,9,63,0,1,68,16,85,14,6,20,105
01/30/2014,MTN,MD,AEA,EN,Federal Contract Tower,0,2,18,9,29,0,0,81,7,88,0,2,99,16,117,62,2,64,181
01/31/2014,MTN,MD,AEA,EN,Federal Contract Tower,0,0,19,8,27,0,0,137,11,148,0,0,156,19,175,98,10,108,283
02/01/2014,MTN,MD,AEA,EN,Federal Contract Tower,0,0,11,0,11,0,1,139,0,140,0,1,150,0,151,168,0,168,319
02/02/2014,MTN,MD,AEA,EN,Federal Contract Tower,0,3,14,0,17,0,0,101,0,101,0,3,115,0,118,150,0,150,268
02/03/2014,MTN,MD,AEA,EN,Federal Contract Tower,0,4,17,0,21,0,0,10,0,10,0,4,27,0,31,0,0,0,31
02/04/2014,MTN,MD,AEA,EN,Federal Contract Tower,0,5,23,9,37,0,0,84,9,93,0,5,107,18,130,6,2,8,138
02/05/2014,MTN,MD,AEA,EN,Federal Contract Tower,0,2,6,0,8,0,0,9,0,9,0,2,15,0,17,0,0,0,17
02/06/2014,MTN,MD,AEA,EN,Federal Contract Tower,0,1,18,6,25,0,0,97,5,102,0,1,115,11,127,90,0,90,217
02/07/2014,MTN,MD,AEA,EN,Federal Contract Tower,0,0,18,7,25,0,0,136,6,142,0,0,154,13,167,80,14,94,261
02/08/2014,MTN,MD,AEA,EN,Federal Contract Tower,0,0,10,9,19,0,0,65,13,78,0,0,75,22,97,88,8,96,193
02/09/2014,MTN,MD,AEA,EN,Federal Contract Tower,0,1,11,3,15,0,0,22,6,28,0,1,33,9,43,52,0,52,95
02/10/2014,MTN,MD,AEA,EN,Federal Contract Tower,0,2,22,2,26,0,2,61,0,63,0,4,83,2,89,32,0,32,121
02/11/2014,MTN,MD,AEA,EN,Federal Contract Tower,0,5,26,8,39,0,0,109,6,115,0,5,135,14,154,26,6,32,186
02/12/2014,MTN,MD,AEA,EN,Federal Contract Tower,0,3,33,18,54,0,0,66,4,70,0,3,99,22,124,38,0,38,162
02/13/2014,MTN,MD,AEA,EN,Federal Contract Tower,0,0,4,0,4,0,0,2,0,2,0,0,6,0,6,0,0,0,6
02/14/2014,MTN,MD,AEA,EN,Federal Contract Tower,0,0,16,0,16,0,0,54,0,54,0,0,70,0,70,32,0,32,102
02/15/2014,MTN,MD,AEA,EN,Federal Contract Tower,0,1,4,0,5,0,0,2,0,2,0,1,6,0,7,0,0,0,7
02/16/2014,MTN,MD,AEA,EN,Federal Contract Tower,0,0,14,4,18,0,0,109,0,109,0,0,123,4,127,80,0,80,207
02/17/2014,MTN,MD,AEA,EN,Federal Contract Tower,0,5,22,4,31,0,0,104,0,104,0,5,126,4,135,74,0,74,209
02/18/2014,MTN,MD,AEA,EN,Federal Contract Tower,0,7,13,2,22,0,0,96,12,108,0,7,109,14,130,0,0,0,130
02/19/2014,MTN,MD,AEA,EN,Federal Contract Tower,0,0,32,6,38,0,0,24,5,29,0,0,56,11,67,42,8,50,117
02/20/2014,MTN,MD,AEA,EN,Federal Contract Tower,0,2,30,10,42,0,0,82,7,89,0,2,112,17,131,94,0,94,225
02/21/2014,MTN,MD,AEA,EN,Federal Contract Tower,0,1,16,0,17,0,1,25,0,26,0,2,41,0,43,6,0,6,49
02/22/2014,MTN,MD,AEA,EN,Federal Contract Tower,0,3,23,0,26,0,0,194,0,194,0,3,217,0,220,126,0,126,346
02/23/2014,MTN,MD,AEA,EN,Federal Contract Tower,0,4,25,3,32,0,0,157,0,157,0,4,182,3,189,96,0,96,285
02/24/2014,MTN,MD,AEA,EN,Federal Contract Tower,0,4,7,2,13,0,0,75,0,75,0,4,82,2,88,2,0,2,90
02/25/2014,MTN,MD,AEA,EN,Federal Contract Tower,0,5,11,3,19,0,0,39,6,45,0,5,50,9,64,14,2,16,80
02/26/2014,MTN,MD,AEA,EN,Federal Contract Tower,0,1,11,3,15,0,0,37,6,43,0,1,48,9,58,2,2,4,62
02/27/2014,MTN,MD,AEA,EN,Federal Contract Tower,0,1,10,9,20,0,0,65,12,77,0,1,75,21,97,28,8,36,133
02/28/2014,MTN,MD,AEA,EN,Federal Contract Tower,0,3,29,7,39,0,0,93,8,101,0,3,122,15,140,70,6,76,216
03/01/2014,MTN,MD,AEA,EN,Federal Contract Tower,0,3,16,0,19,0,0,121,0,121,0,3,137,0,140,134,0,134,274
03/02/2014,MTN,MD,AEA,EN,Federal Contract Tower,0,5,17,0,22,0,0,43,0,43,0,5,60,0,65,134,0,134,199
03/03/2014,MTN,MD,AEA,EN,Federal Contract Tower,0,2,1,0,3,0,0,18,0,18,0,2,19,0,21,8,0,8,29
03/04/2014,MTN,MD,AEA,EN,Federal Contract Tower,0,2,13,4,19,0,0,87,12,99,0,2,100,16,118,104,4,108,226
03/05/2014,MTN,MD,AEA,EN,Federal Contract Tower,0,3,22,11,36,0,0,100,14,114,0,3,122,25,150,110,4,114,264
03/06/2014,MTN,MD,AEA,EN,Federal Contract Tower,0,7,11,7,25,0,2,71,4,77,0,9,82,11,102,54,2,56,158
03/07/2014,MTN,MD,AEA,EN,Federal Contract Tower,0,2,21,7,30,0,0,97,6,103,0,2,118,13,133,40,4,44,177
03/08/2014,MTN,MD,AEA,EN,Federal Contract Tower,0,0,16,11,27,0,0,171,0,171,0,0,187,11,198,166,0,166,364
03/09/2014,MTN,MD,AEA,EN,Federal Contract Tower,0,3,20,7,30,0,0,94,6,100,0,3,114,13,130,86,0,86,216
03/10/2014,MTN,MD,AEA,EN,Federal Contract Tower,0,5,15,0,20,0,0,101,0,101,0,5,116,0,121,110,0,110,231
03/11/2014,MTN,MD,AEA,EN,Federal Contract Tower,0,3,31,6,40,0,1,109,3,113,0,4,140,9,153,128,2,130,283
03/12/2014,MTN,MD,AEA,EN,Federal Contract Tower,0,3,11,2,16,0,0,27,0,27,0,3,38,2,43,18,2,20,63
03/13/2014,MTN,MD,AEA,EN,Federal Contract Tower,0,8,17,2,27,0,2,11,0,13,0,10,28,2,40,0,0,0,40
03/14/2014,MTN,MD,AEA,EN,Federal Contract Tower,0,3,28,4,35,0,1,96,0,97,0,4,124,4,132,92,0,92,224
03/15/2014,MTN,MD,AEA,EN,Federal Contract Tower,0,2,12,0,14,0,0,67,0,67,0,2,79,0,81,46,0,46,127
03/16/2014,MTN,MD,AEA,EN,Federal Contract Tower,0,7,12,0,19,0,0,101,0,101,0,7,113,0,120,150,0,150,270
03/17/2014,MTN,MD,AEA,EN,Federal Contract Tower,0,4,3,0,7,0,0,21,0,21,0,4,24,0,28,0,0,0,28
03/18/2014,MTN,MD,AEA,EN,Federal Contract Tower,0,7,20,3,30,0,0,84,1,85,0,7,104,4,115,62,0,62,177
03/19/2014,MTN,MD,AEA,EN,Federal Contract Tower,0,3,26,0,29,0,0,7,0,7,0,3,33,0,36,0,0,0,36
03/20/2014,MTN,MD,AEA,EN,Federal Contract Tower,0,1,19,1,21,0,0,65,2,67,0,1,84,3,88,26,6,32,120
03/21/2014,MTN,MD,AEA,EN,Federal Contract Tower,0,3,34,5,42,0,0,119,0,119,0,3,153,5,161,138,2,140,301
03/22/2014,MTN,MD,AEA,EN,Federal Contract Tower,0,4,15,0,19,0,0,100,0,100,0,4,115,0,119,210,0,210,329
03/23/2014,MTN,MD,AEA,EN,Federal Contract Tower,0,2,27,0,29,0,0,113,0,113,0,2,140,0,142,136,0,136,278
03/24/2014,MTN,MD,AEA,EN,Federal Contract Tower,0,2,22,2,26,0,0,72,0,72,0,2,94,2,98,92,0,92,190
03/25/2014,MTN,MD,AEA,EN,Federal Contract Tower,0,1,3,0,4,0,0,9,0,9,0,1,12,0,13,6,0,6,19
03/26/2014,MTN,MD,AEA,EN,Federal Contract Tower,0,0,20,0,20,0,0,44,0,44,0,0,64,0,64,0,0,0,64
03/27/2014,MTN,MD,AEA,EN,Federal Contract Tower,0,1,20,0,21,0,0,115,0,115,0,1,135,0,136,152,2,154,290
03/28/2014,MTN,MD,AEA,EN,Federal Contract Tower,0,3,19,2,24,0,0,44,1,45,0,3,63,3,69,18,0,18,87
03/29/2014,MTN,MD,AEA,EN,Federal Contract Tower,0,0,6,15,21,0,0,0,0,0,0,0,6,15,21,4,0,4,25
03/30/2014,MTN,MD,AEA,EN,Federal Contract Tower,0,1,11,0,12,0,0,0,0,0,0,1,11,0,12,0,0,0,12
03/31/2014,MTN,MD,AEA,EN,Federal Contract Tower,0,4,20,0,24,0,0,62,0,62,0,4,82,0,86,60,4,64,150
04/01/2014,MTN,MD,AEA,EN,Federal Contract Tower,0,4,23,8,35,0,0,105,0,105,0,4,128,8,140,220,0,220,360
04/02/2014,MTN,MD,AEA,EN,Federal Contract Tower,0,6,32,14,52,0,2,143,12,157,0,8,175,26,209,106,0,106,315
04/03/2014,MTN,MD,AEA,EN,Federal Contract Tower,0,3,27,11,41,0,0,79,12,91,0,3,106,23,132,134,2,136,268
04/04/2014,MTN,MD,AEA,EN,Federal Contract Tower,0,4,33,9,46,0,2,47,6,55,0,6,80,15,101,34,0,34,135
04/05/2014,MTN,MD,AEA,EN,Federal Contract Tower,0,2,22,12,36,0,0,104,5,109,0,2,126,17,145,86,0,86,231
04/06/2014,MTN,MD,AEA,EN,Federal Contract Tower,0,2,34,0,36,0,0,140,0,140,0,2,174,0,176,152,0,152,328
04/07/2014,MTN,MD,AEA,EN,Federal Contract Tower,0,1,14,0,15,0,0,7,0,7,0,1,21,0,22,12,0,12,34
04/08/2014,MTN,MD,AEA,EN,Federal Contract Tower,0,2,18,12,32,0,0,46,9,55,0,2,64,21,87,30,4,34,121
04/09/2014,MTN,MD,AEA,EN,Federal Contract Tower,0,1,33,9,43,0,0,83,12,95,0,1,116,21,138,180,4,184,322
04/10/2014,MTN,MD,AEA,EN,Federal Contract Tower,0,6,37,9,52,0,0,122,9,131,0,6,159,18,183,70,0,70,253
04/11/2014,MTN,MD,AEA,EN,Federal Contract Tower,0,1,31,5,37,0,1,120,0,121,0,2,151,5,158,86,6,92,250
04/12/2014,MTN,MD,AEA,EN,Federal Contract Tower,0,6,18,0,24,0,0,98,0,98,0,6,116,0,122,104,0,104,226
04/13/2014,MTN,MD,AEA,EN,Federal Contract Tower,0,5,20,0,25,0,0,115,0,115,0,5,135,0,140,92,0,92,232
04/14/2014,MTN,MD,AEA,EN,Federal Contract Tower,0,2,21,1,24,0,0,63,0,63,0,2,84,1,87,22,0,22,109
04/15/2014,MTN,MD,AEA,EN,Federal Contract Tower,0,2,23,1,26,0,0,0,0,0,0,2,23,1,26,0,0,0,26
04/16/2014,MTN,MD,AEA,EN,Federal Contract Tower,0,8,26,9,43,0,0,67,11,78,0,8,93,20,121,102,8,110,231
04/17/2014,MTN,MD,AEA,EN,Federal Contract Tower,0,3,31,4,38,0,0,130,12,142,0,3,161,16,180,168,0,168,348
04/18/2014,MTN,MD,AEA,EN,Federal Contract Tower,0,2,24,3,29,0,0,111,0,111,0,2,135,3,140,139,0,139,279
04/19/2014,MTN,MD,AEA,EN,Federal Contract Tower,0,3,21,0,24,0,0,129,0,129,0,3,150,0,153,154,0,154,307
04/20/2014,MTN,MD,AEA,EN,Federal Contract Tower,0,1,13,0,14,0,0,58,0,58,0,1,71,0,72,48,0,48,120
04/21/2014,MTN,MD,AEA,EN,Federal Contract Tower,0,7,35,0,42,0,0,117,0,117,0,7,152,0,159,142,0,142,301
04/22/2014,MTN,MD,AEA,EN,Federal Contract Tower,0,8,27,8,43,0,0,72,9,81,0,8,99,17,124,64,0,64,188
04/23/2014,MTN,MD,AEA,EN,Federal Contract Tower,0,10,21,2,33,0,0,39,4,43,0,10,60,6,76,16,0,16,92
04/24/2014,MTN,MD,AEA,EN,Federal Contract Tower,0,10,33,3,46,0,0,113,8,121,0,10,146,11,167,76,2,78,245
04/25/2014,MTN,MD,AEA,EN,Federal Contract Tower,0,8,26,9,43,0,1,66,9,76,0,9,92,18,119,42,6,48,167
04/26/2014,MTN,MD,AEA,EN,Federal Contract Tower,0,0,19,0,19,0,0,113,0,113,0,0,132,0,132,124,0,124,256
04/27/2014,MTN,MD,AEA,EN,Federal Contract Tower,0,2,24,0,26,0,0,108,0,108,0,2,132,0,134,118,0,118,252
04/28/2014,MTN,MD,AEA,EN,Federal Contract Tower,0,4,29,0,33,0,0,102,2,104,0,4,131,2,137,136,0,136,273
04/29/2014,MTN,MD,AEA,EN,Federal Contract Tower,0,2,17,2,21,0,1,4,0,5,0,3,21,2,26,0,0,0,26
04/30/2014,MTN,MD,AEA,EN,Federal Contract Tower,0,0,12,0,12,0,0,4,0,4,0,0,16,0,16,0,0,0,16
05/01/2014,MTN,MD,AEA,EN,Federal Contract Tower,0,1,33,10,44,0,0,100,7,107,0,1,133,17,151,160,0,160,311
05/02/2014,MTN,MD,AEA,EN,Federal Contract Tower,0,2,31,10,43,0,0,100,12,112,0,2,131,22,155,134,8,142,297
05/03/2014,MTN,MD,AEA,EN,Federal Contract Tower,0,2,13,12,27,0,0,111,18,129,0,2,124,30,156,140,8,148,304
05/04/2014,MTN,MD,AEA,EN,Federal Contract Tower,0,2,25,0,27,0,0,75,0,75,0,2,100,0,102,52,0,52,154
05/05/2014,MTN,MD,AEA,EN,Federal Contract Tower,0,3,29,0,32,0,1,114,1,116,0,4,143,1,148,94,0,94,242
05/06/2014,MTN,MD,AEA,EN,Federal Contract Tower,0,14,31,9,54,0,1,105,12,118,0,15,136,21,172,104,16,120,292
05/07/2014,MTN,MD,AEA,EN,Federal Contract Tower,0,4,36,6,46,0,1,70,12,83,0,5,106,18,129,54,4,58,187
05/08/2014,MTN,MD,AEA,EN,Federal Contract Tower,0,2,33,6,41,0,0,64,4,68,0,2,97,10,109,34,2,36,145
05/09/2014,MTN,MD,AEA,EN,Federal Contract Tower,0,7,33,8,48,0,0,43,0,43,0,7,76,8,91,28,0,28,119
05/10/2014,MTN,MD,AEA,EN,Federal Contract Tower,0,1,12,0,13,0,0,49,0,49,0,1,61,0,62,44,0,44,106
05/11/2014,MTN,MD,AEA,EN,Federal Contract Tower,0,5,26,0,31,0,0,129,0,129,0,5,155,0,160,76,0,76,236
05/12/2014,MTN,MD,AEA,EN,Federal Contract Tower,0,4,22,0,26,0,0,94,8,102,0,4,116,8,128,90,0,90,218
05/13/2014,MTN,MD,AEA,EN,Federal Contract Tower,0,6,29,4,39,0,0,146,0,146,0,6,175,4,185,144,4,148,333
05/14/2014,MTN,MD,AEA,EN,Federal Contract Tower,0,0,32,7,39,0,0,10,0,10,0,0,42,7,49,0,0,0,49
05/15/2014,MTN,MD,AEA,EN,Federal Contract Tower,0,8,36,2,46,0,3,77,2,82,0,11,113,4,128,74,6,80,208
05/16/2014,MTN,MD,AEA,EN,Federal Contract Tower,0,1,39,3,43,0,0,61,0,61,0,1,100,3,104,44,0,44,148
05/17/2014,MTN,MD,AEA,EN,Federal Contract Tower,0,9,27,0,36,0,0,181,0,181,0,9,208,0,217,208,0,208,425
05/18/2014,MTN,MD,AEA,EN,Federal Contract Tower,0,4,26,0,30,0,0,94,0,94,0,4,120,0,124,84,0,84,208
05/19/2014,MTN,MD,AEA,EN,Federal Contract Tower,0,3,22,0,25,0,0,102,0,102,0,3,124,0,127,106,0,106,233
05/20/2014,MTN,MD,AEA,EN,Federal Contract Tower,0,3,20,0,23,0,1,114,0,115,0,4,134,0,138,136,0,136,274
05/21/2014,MTN,MD,AEA,EN,Federal Contract Tower,0,4,20,4,28,0,0,39,0,39,0,4,59,4,67,52,8,60,127
05/22/2014,MTN,MD,AEA,EN,Federal Contract Tower,0,4,27,4,35,0,0,100,8,108,0,4,127,12,143,74,4,78,221
05/23/2014,MTN,MD,AEA,EN,Federal Contract Tower,0,6,31,0,37,0,0,86,0,86,0,6,117,0,123,40,0,40,163
05/24/2014,MTN,MD,AEA,EN,Federal Contract Tower,0,1,18,0,19,0,0,103,0,103,0,1,121,0,122,128,0,128,250
05/25/2014,MTN,MD,AEA,EN,Federal Contract Tower,0,5,22,0,27,0,0,114,0,114,0,5,136,0,141,64,0,64,205
05/26/2014,MTN,MD,AEA,EN,Federal Contract Tower,0,2,27,2,31,0,1,115,0,116,0,3,142,2,147,102,0,102,249
05/27/2014,MTN,MD,AEA,EN,Federal Contract Tower,0,4,21,2,27,0,2,57,0,59,0,6,78,2,86,88,16,104,190
05/28/2014,MTN,MD,AEA,EN,Federal Contract Tower,0,3,26,1,30,0,0,63,6,69,0,3,89,7,99,42,2,44,143
05/29/2014,MTN,MD,AEA,EN,Federal Contract Tower,0,3,40,1,44,0,0,1,0,1,0,3,41,1,45,0,0,0,45
05/30/2014,MTN,MD,AEA,EN,Federal Contract Tower,0,8,54,5,67,0,0,86,2,88,0,8,140,7,155,138,0,138,293
05/31/2014,MTN,MD,AEA,EN,Federal Contract Tower,0,4,18,4,26,0,0,98,0,98,0,4,116,4,124,122,0,122,246
06/01/2014,MTN,MD,AEA,EN,Federal Contract Tower,0,2,22,1,25,0,0,107,0,107,0,2,129,1,132,102,0,102,234
06/02/2014,MTN,MD,AEA,EN,Federal Contract Tower,0,3,16,0,19,0,0,95,2,97,0,3,111,2,116,112,0,112,228
06/03/2014,MTN,MD,AEA,EN,Federal Contract Tower,0,3,21,1,25,0,0,90,0,90,0,3,111,1,115,76,0,76,191
06/04/2014,MTN,MD,AEA,EN,Federal Contract Tower,0,2,39,5,46,0,1,116,7,124,0,3,155,12,170,96,0,96,266
06/05/2014,MTN,MD,AEA,EN,Federal Contract Tower,0,11,14,13,38,0,0,70,4,74,0,11,84,17,112,30,6,36,148
06/06/2014,MTN,MD,AEA,EN,Federal Contract Tower,0,1,27,7,35,0,0,110,9,119,0,1,137,16,154,52,12,64,218
06/07/2014,MTN,MD,AEA,EN,Federal Contract Tower,0,2,21,6,29,0,0,168,11,179,0,2,189,17,208,116,4,120,328
06/08/2014,MTN,MD,AEA,EN,Federal Contract Tower,0,4,27,0,31,0,0,103,0,103,0,4,130,0,134,152,0,152,286
06/09/2014,MTN,MD,AEA,EN,Federal Contract Tower,0,5,25,2,32,0,0,77,0,77,0,5,102,2,109,96,0,96,205
06/10/2014,MTN,MD,AEA,EN,Federal Contract Tower,0,10,16,11,37,0,0,48,0,48,0,10,64,11,85,44,8,52,137
06/11/2014,MTN,MD,AEA,EN,Federal Contract Tower,0,8,30,13,51,0,0,32,1,33,0,8,62,14,84,32,0,32,116
06/12/2014,MTN,MD,AEA,EN,Federal Contract Tower,0,9,23,1,33,0,0,2,0,2,0,9,25,1,35,14,0,14,49
06/13/2014,MTN,MD,AEA,EN,Federal Contract Tower,0,2,21,1,24,0,0,56,0,56,0,2,77,1,80,30,0,30,110
06/14/2014,MTN,MD,AEA,EN,Federal Contract Tower,0,0,28,0,28,0,1,149,0,150,0,1,177,0,178,134,0,134,312
06/15/2014,MTN,MD,AEA,EN,Federal Contract Tower,0,1,26,0,27,0,2,146,0,148,0,3,172,0,175,84,0,84,259
06/16/2014,MTN,MD,AEA,EN,Federal Contract Tower,0,6,35,0,41,0,0,103,0,103,0,6,138,0,144,132,0,132,276
06/17/2014,MTN,MD,AEA,EN,Federal Contract Tower,0,5,23,16,44,0,0,116,2,118,0,5,139,18,162,132,0,132,294
06/18/2014,MTN,MD,AEA,EN,Federal Contract Tower,0,3,26,5,34,0,2,97,2,101,0,5,123,7,135,72,0,72,207
06/19/2014,MTN,MD,AEA,EN,Federal Contract Tower,0,6,19,8,33,0,1,49,2,52,0,7,68,10,85,106,0,106,191
06/20/2014,MTN,MD,AEA,EN,Federal Contract Tower,0,6,35,9,50,0,0,128,7,135,0,6,163,16,185,184,10,194,379
06/21/2014,MTN,MD,AEA,EN,Federal Contract Tower,0,0,19,0,19,0,2,99,0,101,0,2,118,0,120,112,0,112,232
06/22/2014,MTN,MD,AEA,EN,Federal Contract Tower,0,1,18,0,19,0,1,128,0,129,0,2,146,0,148,108,0,108,256
06/23/2014,MTN,MD,AEA,EN,Federal Contract Tower,0,4,25,0,29,0,0,119,0,119,0,4,144,0,148,96,4,100,248
06/24/2014,MTN,MD,AEA,EN,Federal Contract Tower,0,4,23,6,33,0,2,126,11,139,0,6,149,17,172,68,8,76,248
06/25/2014,MTN,MD,AEA,EN,Federal Contract Tower,0,9,36,3,48,0,0,87,0,87,0,9,123,3,135,56,4,60,195
06/26/2014,MTN,MD,AEA,EN,Federal Contract Tower,0,4,40,5,49,0,0,105,5,110,0,4,145,10,159,114,2,116,275
06/27/2014,MTN,MD,AEA,EN,Federal Contract Tower,0,8,15,4,27,0,0,100,6,106,0,8,115,10,133,84,4,88,221
06/28/2014,MTN,MD,AEA,EN,Federal Contract Tower,0,3,14,0,17,0,2,148,0,150,0,5,162,0,167,148,0,148,315
06/29/2014,MTN,MD,AEA,EN,Federal Contract Tower,0,1,26,0,27,0,1,129,0,130,0,2,155,0,157,152,0,152,309
06/30/2014,MTN,MD,AEA,EN,Federal Contract Tower,0,4,11,0,15,0,2,117,0,119,0,6,128,0,134,122,4,126,260
07/01/2014,MTN,MD,AEA,EN,Federal Contract Tower,0,11,24,4,39,0,1,101,8,110,0,12,125,12,149,90,8,98,247
07/02/2014,MTN,MD,AEA,EN,Federal Contract Tower,0,3,38,9,50,0,0,58,12,70,0,3,96,21,120,58,0,58,178
07/03/2014,MTN,MD,AEA,EN,Federal Contract Tower,0,2,25,3,30,0,0,49,10,59,0,2,74,13,89,72,10,82,171
07/04/2014,MTN,MD,AEA,EN,Federal Contract Tower,0,1,5,0,6,0,0,31,0,31,0,1,36,0,37,0,0,0,37
07/05/2014,MTN,MD,AEA,EN,Federal Contract Tower,0,8,10,0,18,0,0,138,0,138,0,8,148,0,156,54,0,54,210
07/06/2014,MTN,MD,AEA,EN,Federal Contract Tower,0,3,24,0,27,0,0,119,0,119,0,3,143,0,146,112,0,112,258
07/07/2014,MTN,MD,AEA,EN,Federal Contract Tower,0,3,32,0,35,0,0,95,0,95,0,3,127,0,130,50,0,50,180
07/08/2014,MTN,MD,AEA,EN,Federal Contract Tower,0,11,18,5,34,0,0,89,5,94,0,11,107,10,128,108,2,110,238
07/09/2014,MTN,MD,AEA,EN,Federal Contract Tower,0,0,17,5,22,0,0,88,8,96,0,0,105,13,118,90,0,90,208
07/10/2014,MTN,MD,AEA,EN,Federal Contract Tower,0,2,44,9,55,0,0,93,6,99,0,2,137,15,154,160,0,160,314
07/11/2014,MTN,MD,AEA,EN,Federal Contract Tower,0,0,31,5,36,0,0,125,4,129,0,0,156,9,165,156,4,160,325
07/12/2014,MTN,MD,AEA,EN,Federal Contract Tower,0,0,24,1,25,0,0,111,0,111,0,0,135,1,136,156,0,156,292
07/13/2014,MTN,MD,AEA,EN,Federal Contract Tower,0,2,21,0,23,0,0,101,0,101,0,2,122,0,124,114,0,114,238
07/14/2014,MTN,MD,AEA,EN,Federal Contract Tower,0,10,34,0,44,0,2,41,0,43,0,12,75,0,87,20,0,20,107
07/15/2014,MTN,MD,AEA,EN,Federal Contract Tower,0,3,26,0,29,0,0,27,0,27,0,3,53,0,56,64,0,64,120
07/16/2014,MTN,MD,AEA,EN,Federal Contract Tower,0,6,36,11,53,0,0,101,7,108,0,6,137,18,161,238,0,238,399
07/17/2014,MTN,MD,AEA,EN,Federal Contract Tower,0,1,36,9,46,0,1,135,12,148,0,2,171,21,194,130,2,132,326
07/18/2014,MTN,MD,AEA,EN,Federal Contract Tower,0,8,32,9,49,0,0,141,8,149,0,8,173,17,198,166,10,176,374
07/19/2014,MTN,MD,AEA,EN,Federal Contract Tower,0,1,18,0,19,0,0,97,0,97,0,1,115,0,116,74,0,74,190
07/20/2014,MTN,MD,AEA,EN,Federal Contract Tower,0,10,37,0,47,0,0,93,0,93,0,10,130,0,140,134,0,134,274
07/21/2014,MTN,MD,AEA,EN,Federal Contract Tower,0,5,34,0,39,0,0,107,0,107,0,5,141,0,146,146,0,146,292
07/22/2014,MTN,MD,AEA,EN,Federal Contract Tower,0,3,45,15,63,0,0,87,8,95,0,3,132,23,158,104,0,104,262
07/23/2014,MTN,MD,AEA,EN,Federal Contract Tower,0,4,25,9,38,0,0,91,4,95,0,4,116,13,133,134,0,134,267
07/24/2014,MTN,MD,AEA,EN,Federal Contract Tower,0,1,27,5,33,0,0,96,3,99,0,1,123,8,132,158,2,160,292
07/25/2014,MTN,MD,AEA,EN,Federal Contract Tower,0,7,28,7,42,0,0,142,9,151,0,7,170,16,193,224,4,228,421
07/26/2014,MTN,MD,AEA,EN,Federal Contract Tower,0,2,18,0,20,0,0,120,0,120,0,2,138,0,140,128,0,128,268
07/27/2014,MTN,MD,AEA,EN,Federal Contract Tower,0,5,24,0,29,0,0,74,0,74,0,5,98,0,103,56,0,56,159
07/28/2014,MTN,MD,AEA,EN,Federal Contract Tower,0,5,26,0,31,0,0,47,0,47,0,5,73,0,78,6,0,6,84
07/29/2014,MTN,MD,AEA,EN,Federal Contract Tower,0,2,26,5,33,0,1,96,6,103,0,3,122,11,136,160,10,170,306
07/30/2014,MTN,MD,AEA,EN,Federal Contract Tower,0,1,21,0,22,0,0,78,0,78,0,1,99,0,100,84,0,84,184
07/31/2014,MTN,MD,AEA,EN,Federal Contract Tower,0,0,27,2,29,0,0,105,0,105,0,0,132,2,134,58,0,58,192
08/01/2014,MTN,MD,AEA,EN,Federal Contract Tower,0,7,31,2,40,0,0,82,0,82,0,7,113,2,122,80,0,80,202
08/02/2014,MTN,MD,AEA,EN,Federal Contract Tower,0,3,23,0,26,0,1,66,0,67,0,4,89,0,93,112,0,112,205
08/03/2014,MTN,MD,AEA,EN,Federal Contract Tower,0,3,34,0,37,0,0,50,0,50,0,3,84,0,87,62,0,62,149
08/04/2014,MTN,MD,AEA,EN,Federal Contract Tower,0,7,19,6,32,0,0,99,0,99,0,7,118,6,131,82,2,84,215
08/05/2014,MTN,MD,AEA,EN,Federal Contract Tower,0,7,19,2,28,0,0,130,0,130,0,7,149,2,158,84,0,84,242
08/06/2014,MTN,MD,AEA,EN,Federal Contract Tower,0,7,24,0,31,0,0,100,0,100,0,7,124,0,131,138,0,138,269
08/07/2014,MTN,MD,AEA,EN,Federal Contract Tower,0,1,25,1,27,0,0,125,0,125,0,1,150,1,152,186,0,186,338
08/08/2014,MTN,MD,AEA,EN,Federal Contract Tower,0,5,29,0,34,0,1,141,4,146,0,6,170,4,180,142,0,142,322
08/09/2014,MTN,MD,AEA,EN,Federal Contract Tower,0,2,20,0,22,0,2,143,0,145,0,4,163,0,167,114,0,114,281
08/10/2014,MTN,MD,AEA,EN,Federal Contract Tower,0,2,24,0,26,0,0,110,0,110,0,2,134,0,136,66,0,66,202
08/11/2014,MTN,MD,AEA,EN,Federal Contract Tower,0,8,23,0,31,0,0,91,0,91,0,8,114,0,122,166,0,166,288
08/12/2014,MTN,MD,AEA,EN,Federal Contract Tower,0,5,27,2,34,0,0,12,0,12,0,5,39,2,46,0,0,0,46
08/13/2014,MTN,MD,AEA,EN,Federal Contract Tower,0,6,32,1,39,0,1,106,5,112,0,7,138,6,151,128,0,128,279
08/14/2014,MTN,MD,AEA,EN,Federal Contract Tower,0,3,37,0,40,0,3,154,0,157,0,6,191,0,197,152,0,152,349
08/15/2014,MTN,MD,AEA,EN,Federal Contract Tower,0,5,28,1,34,0,1,119,0,120,0,6,147,1,154,102,0,102,256
08/16/2014,MTN,MD,AEA,EN,Federal Contract Tower,0,4,18,0,22,0,0,133,0,133,0,4,151,0,155,162,0,162,317
08/17/2014,MTN,MD,AEA,EN,Federal Contract Tower,0,4,25,1,30,0,2,75,0,77,0,6,100,1,107,92,0,92,199
08/18/2014,MTN,MD,AEA,EN,Federal Contract Tower,0,6,30,1,37,0,0,126,0,126,0,6,156,1,163,122,0,122,285
08/19/2014,MTN,MD,AEA,EN,Federal Contract Tower,0,4,19,0,23,0,0,103,0,103,0,4,122,0,126,106,0,106,232
08/20/2014,MTN,MD,AEA,EN,Federal Contract Tower,0,2,25,1,28,0,0,113,0,113,0,2,138,1,141,96,0,96,237
08/21/2014,MTN,MD,AEA,EN,Federal Contract Tower,0,2,26,0,28,0,0,59,0,59,0,2,85,0,87,50,0,50,137
08/22/2014,MTN,MD,AEA,EN,Federal Contract Tower,0,4,28,1,33,0,0,63,2,65,0,4,91,3,98,150,0,150,248
08/23/2014,MTN,MD,AEA,EN,Federal Contract Tower,0,4,24,4,32,0,1,37,0,38,0,5,61,4,70,54,0,54,124
08/24/2014,MTN,MD,AEA,EN,Federal Contract Tower,0,2,23,2,27,0,1,130,8,139,0,3,153,10,166,92,0,92,258
08/25/2014,MTN,MD,AEA,EN,Federal Contract Tower,0,4,24,1,29,0,0,141,0,141,0,4,165,1,170,106,0,106,276
08/26/2014,MTN,MD,AEA,EN,Federal Contract Tower,0,4,30,0,34,0,0,132,0,132,0,4,162,0,166,108,0,108,274
08/27/2014,MTN,MD,AEA,EN,Federal Contract Tower,0,0,39,0,39,0,1,106,2,109,0,1,145,2,148,78,0,78,226
08/28/2014,MTN,MD,AEA,EN,Federal Contract Tower,0,9,18,3,30,0,0,101,3,104,0,9,119,6,134,52,6,58,192
08/29/2014,MTN,MD,AEA,EN,Federal Contract Tower,0,1,28,2,31,0,0,127,0,127,0,1,155,2,158,114,0,114,272
08/30/2014,MTN,MD,AEA,EN,Federal Contract Tower,0,1,14,1,16,0,0,165,0,165,0,1,179,1,181,122,0,122,303
08/31/2014,MTN,MD,AEA,EN,Federal Contract Tower,0,0,19,1,20,0,0,65,0,65,0,0,84,1,85,64,0,64,149
09/01/2014,MTN,MD,AEA,EN,Federal Contract Tower,0,7,32,0,39,0,0,72,0,72,0,7,104,0,111,46,0,46,157
09/02/2014,MTN,MD,AEA,EN,Federal Contract Tower,0,6,22,3,31,0,0,53,13,66,0,6,75,16,97,60,4,64,161
09/03/2014,MTN,MD,AEA,EN,Federal Contract Tower,0,5,31,8,44,0,0,97,10,107,0,5,128,18,151,152,0,152,303
09/04/2014,MTN,MD,AEA,EN,Federal Contract Tower,0,5,33,6,44,0,0,128,9,137,0,5,161,15,181,64,0,64,245
09/05/2014,MTN,MD,AEA,EN,Federal Contract Tower,0,2,32,6,40,0,0,90,10,100,0,2,122,16,140,78,0,78,218
09/06/2014,MTN,MD,AEA,EN,Federal Contract Tower,0,3,19,8,30,0,0,0,0,0,0,3,19,8,30,60,14,74,104
09/07/2014,MTN,MD,AEA,EN,Federal Contract Tower,0,3,25,2,30,0,0,85,6,91,0,3,110,8,121,52,6,58,179
09/08/2014,MTN,MD,AEA,EN,Federal Contract Tower,0,4,30,0,34,0,0,79,0,79,0,4,109,0,113,110,0,110,223
09/09/2014,MTN,MD,AEA,EN,Federal Contract Tower,0,5,25,11,41,0,3,57,14,74,0,8,82,25,115,42,4,46,161
09/10/2014,MTN,MD,AEA,EN,Federal Contract Tower,0,2,26,12,40,0,0,107,16,123,0,2,133,28,163,130,30,160,323
09/11/2014,MTN,MD,AEA,EN,Federal Contract Tower,0,3,38,10,51,0,0,86,37,123,0,3,124,47,174,14,26,40,214
09/12/2014,MTN,MD,AEA,EN,Federal Contract Tower,0,6,34,8,48,0,1,83,18,102,0,7,117,26,150,58,14,72,222
09/13/2014,MTN,MD,AEA,EN,Federal Contract Tower,0,0,18,0,18,0,0,60,20,80,0,0,78,20,98,24,0,24,122
09/14/2014,MTN,MD,AEA,EN,Federal Contract Tower,0,1,26,5,32,0,0,269,20,289,0,1,295,25,321,96,0,96,417
09/15/2014,MTN,MD,AEA,EN,Federal Contract Tower,0,6,23,1,30,0,0,102,2,104,0,6,125,3,134,106,0,106,240
09/16/2014,MTN,MD,AEA,EN,Federal Contract Tower,0,4,19,5,28,0,0,100,14,114,0,4,119,19,142,74,2,76,218
09/17/2014,MTN,MD,AEA,EN,Federal Contract Tower,0,0,31,10,41,0,0,102,8,110,0,0,133,18,151,82,0,82,233
09/18/2014,MTN,MD,AEA,EN,Federal Contract Tower,0,6,16,11,33,0,0,99,4,103,0,6,115,15,136,70,0,70,206
09/19/2014,MTN,MD,AEA,EN,Federal Contract Tower,0,4,37,0,41,0,1,126,0,127,0,5,163,0,168,76,0,76,244
09/20/2014,MTN,MD,AEA,EN,Federal Contract Tower,0,5,29,0,34,0,0,191,0,191,0,5,220,0,225,138,0,138,363
09/21/2014,MTN,MD,AEA,EN,Federal Contract Tower,0,4,27,0,31,0,1,76,0,77,0,5,103,0,108,76,0,76,184
09/22/2014,MTN,MD,AEA,EN,Federal Contract Tower,0,5,16,0,21,0,0,82,0,82,0,5,98,0,103,18,0,18,121
09/23/2014,MTN,MD,AEA,EN,Federal Contract Tower,0,2,32,0,34,0,0,113,0,113,0,2,145,0,147,92,0,92,239
09/24/2014,MTN,MD,AEA,EN,Federal Contract Tower,0,0,18,1,19,0,1,93,0,94,0,1,111,1,113,100,0,100,213
09/25/2014,MTN,MD,AEA,EN,Federal Contract Tower,0,0,29,2,31,0,0,19,0,19,0,0,48,2,50,0,2,2,52
09/26/2014,MTN,MD,AEA,EN,Federal Contract Tower,0,4,35,1,40,0,0,120,1,121,0,4,155,2,161,140,2,142,303
09/27/2014,MTN,MD,AEA,EN,Federal Contract Tower,0,1,17,0,18,0,0,145,0,145,0,1,162,0,163,112,0,112,275
09/28/2014,MTN,MD,AEA,EN,Federal Contract Tower,0,2,30,0,32,0,2,125,0,127,0,4,155,0,159,106,0,106,265
09/29/2014,MTN,MD,AEA,EN,Federal Contract Tower,0,7,22,0,29,0,0,102,2,104,0,7,124,2,133,100,0,100,233
09/30/2014,MTN,MD,AEA,EN,Federal Contract Tower,0,5,25,0,30,0,0,95,0,95,0,5,120,0,125,112,0,112,237
10/01/2014,MTN,MD,AEA,EN,Federal Contract Tower,0,3,29,14,46,0,0,77,6,83,0,3,106,20,129,46,0,46,175
10/02/2014,MTN,MD,AEA,EN,Federal Contract Tower,0,0,32,6,38,0,0,86,9,95,0,0,118,15,133,168,0,168,301
10/03/2014,MTN,MD,AEA,EN,Federal Contract Tower,0,3,47,4,54,0,2,81,16,99,0,5,128,20,153,116,8,124,277
10/04/2014,MTN,MD,AEA,EN,Federal Contract Tower,0,0,23,3,26,0,0,81,16,97,0,0,104,19,123,28,0,28,151
10/05/2014,MTN,MD,AEA,EN,Federal Contract Tower,0,2,26,0,28,0,0,120,0,120,0,2,146,0,148,100,0,100,248
10/06/2014,MTN,MD,AEA,EN,Federal Contract Tower,0,2,15,0,17,0,1,69,0,70,0,3,84,0,87,76,0,76,163
10/07/2014,MTN,MD,AEA,EN,Federal Contract Tower,0,4,23,9,36,0,0,78,6,84,0,4,101,15,120,104,0,104,224
10/08/2014,MTN,MD,AEA,EN,Federal Contract Tower,0,0,31,12,43,0,1,129,9,139,0,1,160,21,182,160,2,162,344
10/09/2014,MTN,MD,AEA,EN,Federal Contract Tower,0,1,29,5,35,0,2,136,8,146,0,3,165,13,181,122,6,128,309
10/10/2014,MTN,MD,AEA,EN,Federal Contract Tower,0,2,35,0,37,0,3,100,0,103,0,5,135,0,140,96,0,96,236
10/11/2014,MTN,MD,AEA,EN,Federal Contract Tower,0,1,29,2,32,0,0,11,0,11,0,1,40,2,43,2,0,2,45
10/12/2014,MTN,MD,AEA,EN,Federal Contract Tower,0,4,25,0,29,0,0,119,0,119,0,4,144,0,148,152,0,152,300
10/13/2014,MTN,MD,AEA,EN,Federal Contract Tower,0,3,48,0,51,0,0,8,0,8,0,3,56,0,59,26,0,26,85
10/14/2014,MTN,MD,AEA,EN,Federal Contract Tower,0,3,31,4,38,0,3,87,1,91,0,6,118,5,129,90,0,90,219
10/15/2014,MTN,MD,AEA,EN,Federal Contract Tower,0,3,25,0,28,0,0,8,0,8,0,3,33,0,36,6,0,6,42
10/16/2014,MTN,MD,AEA,EN,Federal Contract Tower,0,1,37,15,53,0,0,47,8,55,0,1,84,23,108,66,0,66,174
10/17/2014,MTN,MD,AEA,EN,Federal Contract Tower,0,10,36,8,54,0,0,123,12,135,0,10,159,20,189,88,4,92,281
10/18/2014,MTN,MD,AEA,EN,Federal Contract Tower,0,2,29,0,31,0,0,115,2,117,0,2,144,2,148,45,2,47,195
10/19/2014,MTN,MD,AEA,EN,Federal Contract Tower,0,4,14,0,18,0,0,48,0,48,0,4,62,0,66,54,0,54,120
10/20/2014,MTN,MD,AEA,EN,Federal Contract Tower,0,3,27,0,30,0,1,131,0,132,0,4,158,0,162,186,0,186,348
10/21/2014,MTN,MD,AEA,EN,Federal Contract Tower,0,8,17,9,34,0,0,92,11,103,0,8,109,20,137,116,10,126,263
10/22/2014,MTN,MD,AEA,EN,Federal Contract Tower,0,6,35,22,63,0,0,15,0,15,0,6,50,22,78,10,8,18,96
10/23/2014,MTN,MD,AEA,EN,Federal Contract Tower,0,8,24,13,45,0,0,60,18,78,0,8,84,31,123,38,20,58,181
10/24/2014,MTN,MD,AEA,EN,Federal Contract Tower,0,8,30,4,42,0,0,105,5,110,0,8,135,9,152,186,8,194,346
10/25/2014,MTN,MD,AEA,EN,Federal Contract Tower,0,7,26,0,33,0,1,142,0,143,0,8,168,0,176,170,0,170,346
10/26/2014,MTN,MD,AEA,EN,Federal Contract Tower,0,3,25,0,28,0,0,78,0,78,0,3,103,0,106,60,0,60,166
10/27/2014,MTN,MD,AEA,EN,Federal Contract Tower,0,10,30,0,40,0,0,118,0,118,0,10,148,0,158,198,0,198,356
10/28/2014,MTN,MD,AEA,EN,Federal Contract Tower,0,6,21,4,31,0,1,114,13,128,0,7,135,17,159,42,2,44,203
10/29/2014,MTN,MD,AEA,EN,Federal Contract Tower,0,0,25,8,33,0,0,80,14,94,0,0,105,22,127,154,0,154,281
10/30/2014,MTN,MD,AEA,EN,Federal Contract Tower,0,5,26,7,38,0,1,109,8,118,0,6,135,15,156,102,4,106,262
10/31/2014,MTN,MD,AEA,EN,Federal Contract Tower,0,8,25,7,40,0,0,110,10,120,0,8,135,17,160,82,10,92,252
11/01/2014,MTN,MD,AEA,EN,Federal Contract Tower,0,2,21,26,49,0,0,15,6,21,0,2,36,32,70,22,12,34,104
11/02/2014,MTN,MD,AEA,EN,Federal Contract Tower,0,0,22,0,22,0,1,12,0,13,0,1,34,0,35,6,0,6,41
11/03/2014,MTN,MD,AEA,EN,Federal Contract Tower,0,7,31,0,38,0,0,102,0,102,0,7,133,0,140,112,0,112,252
11/04/2014,MTN,MD,AEA,EN,Federal Contract Tower,0,5,23,18,46,0,0,108,12,120,0,5,131,30,166,58,18,76,242
11/05/2014,MTN,MD,AEA,EN,Federal Contract Tower,0,0,25,10,35,0,0,103,5,108,0,0,128,15,143,200,34,234,377
11/06/2014,MTN,MD,AEA,EN,Federal Contract Tower,0,2,26,7,35,0,0,5,0,5,0,2,31,7,40,0,0,0,40
11/07/2014,MTN,MD,AEA,EN,Federal Contract Tower,0,5,23,7,35,0,0,55,8,63,0,5,78,15,98,28,8,36,134
11/08/2014,MTN,MD,AEA,EN,Federal Contract Tower,0,4,18,3,25,0,0,143,0,143,0,4,161,3,168,198,0,198,366
11/09/2014,MTN,MD,AEA,EN,Federal Contract Tower,0,4,20,1,25,0,3,107,0,110,0,7,127,1,135,100,0,100,235
11/10/2014,MTN,MD,AEA,EN,Federal Contract Tower,0,7,18,0,25,0,0,138,0,138,0,7,156,0,163,126,0,126,289
11/11/2014,MTN,MD,AEA,EN,Federal Contract Tower,0,7,30,0,37,0,0,97,0,97,0,7,127,0,134,118,0,118,252
11/12/2014,MTN,MD,AEA,EN,Federal Contract Tower,0,3,36,6,45,0,0,94,12,106,0,3,130,18,151,192,0,192,343
11/13/2014,MTN,MD,AEA,EN,Federal Contract Tower,0,1,19,9,29,0,0,81,9,90,0,1,100,18,119,252,2,254,373
11/14/2014,MTN,MD,AEA,EN,Federal Contract Tower,0,13,23,5,41,0,0,85,8,93,0,13,108,13,134,156,10,166,300
11/15/2014,MTN,MD,AEA,EN,Federal Contract Tower,0,1,11,0,12,0,0,117,0,117,0,1,128,0,129,202,0,202,331
11/16/2014,MTN,MD,AEA,EN,Federal Contract Tower,0,4,13,0,17,0,0,81,0,81,0,4,94,0,98,128,0,128,226
11/17/2014,MTN,MD,AEA,EN,Federal Contract Tower,0,8,10,0,18,0,0,16,0,16,0,8,26,0,34,0,0,0,34
11/18/2014,MTN,MD,AEA,EN,Federal Contract Tower,0,7,16,6,29,0,3,54,12,69,0,10,70,18,98,16,2,18,116
11/19/2014,MTN,MD,AEA,EN,Federal Contract Tower,0,6,14,6,26,0,0,104,7,111,0,6,118,13,137,126,0,126,263
11/20/2014,MTN,MD,AEA,EN,Federal Contract Tower,0,3,18,7,28,0,0,98,12,110,0,3,116,19,138,118,0,118,256
11/21/2014,MTN,MD,AEA,EN,Federal Contract Tower,0,7,35,5,47,0,0,68,13,81,0,7,103,18,128,66,12,78,206
11/22/2014,MTN,MD,AEA,EN,Federal Contract Tower,0,2,14,3,19,0,0,104,0,104,0,2,118,3,123,182,0,182,305
11/23/2014,MTN,MD,AEA,EN,Federal Contract Tower,0,3,24,1,28,0,0,112,0,112,0,3,136,1,140,244,0,244,384
11/24/2014,MTN,MD,AEA,EN,Federal Contract Tower,0,4,19,4,27,0,0,84,6,90,0,4,103,10,117,84,0,84,201
11/25/2014,MTN,MD,AEA,EN,Federal Contract Tower,0,4,26,6,36,0,2,111,8,121,0,6,137,14,157,162,4,166,323
11/26/2014,MTN,MD,AEA,EN,Federal Contract Tower,0,0,7,0,7,0,0,3,0,3,0,0,10,0,10,0,0,0,10
11/27/2014,MTN,MD,AEA,EN,Federal Contract Tower,0,2,3,0,5,0,0,34,0,34,0,2,37,0,39,14,0,14,53
11/28/2014,MTN,MD,AEA,EN,Federal Contract Tower,0,3,15,0,18,0,0,116,0,116,0,3,131,0,134,108,0,108,242
11/29/2014,MTN,MD,AEA,EN,Federal Contract Tower,0,2,15,0,17,0,0,106,0,106,0,2,121,0,123,120,0,120,243
11/30/2014,MTN,MD,AEA,EN,Federal Contract Tower,0,3,28,0,31,0,0,117,0,117,0,3,145,0,148,98,0,98,246
12/01/2014,MTN,MD,AEA,EN,Federal Contract Tower,0,1,20,0,21,0,0,90,0,90,0,1,110,0,111,120,0,120,231
12/02/2014,MTN,MD,AEA,EN,Federal Contract Tower,0,11,20,3,34,0,0,0,2,2,0,11,20,5,36,0,0,0,36
12/03/2014,MTN,MD,AEA,EN,Federal Contract Tower,0,3,30,5,38,0,0,18,0,18,0,3,48,5,56,16,0,16,72
12/04/2014,MTN,MD,AEA,EN,Federal Contract Tower,0,3,19,10,32,0,0,106,21,127,0,3,125,31,159,98,16,114,273
12/05/2014,MTN,MD,AEA,EN,Federal Contract Tower,0,0,24,9,33,0,0,78,13,91,0,0,102,22,124,84,0,84,208
12/06/2014,MTN,MD,AEA,EN,Federal Contract Tower,0,4,13,17,34,0,0,8,0,8,0,4,21,17,42,4,0,4,46
12/07/2014,MTN,MD,AEA,EN,Federal Contract Tower,0,6,21,0,27,0,0,61,0,61,0,6,82,0,88,68,0,68,156
12/08/2014,MTN,MD,AEA,EN,Federal Contract Tower,0,9,15,0,24,0,0,71,2,73,0,9,86,2,97,106,0,106,203
12/09/2014,MTN,MD,AEA,EN,Federal Contract Tower,0,7,13,3,23,0,0,26,0,26,0,7,39,3,49,12,4,16,65
12/10/2014,MTN,MD,AEA,EN,Federal Contract Tower,0,4,16,12,32,0,0,41,11,52,0,4,57,23,84,16,18,34,118
12/11/2014,MTN,MD,AEA,EN,Federal Contract Tower,0,2,21,17,40,0,0,31,0,31,0,2,52,17,71,6,0,6,77
12/12/2014,MTN,MD,AEA,EN,Federal Contract Tower,0,7,30,7,44,0,2,90,8,100,0,9,120,15,144,62,10,72,216
12/13/2014,MTN,MD,AEA,EN,Federal Contract Tower,0,0,18,0,18,0,0,112,0,112,0,0,130,0,130,106,0,106,236
12/14/2014,MTN,MD,AEA,EN,Federal Contract Tower,0,3,25,0,28,0,1,72,0,73,0,4,97,0,101,116,0,116,217
12/15/2014,MTN,MD,AEA,EN,Federal Contract Tower,0,7,31,0,38,0,0,109,0,109,0,7,140,0,147,124,0,124,271
12/16/2014,MTN,MD,AEA,EN,Federal Contract Tower,0,2,19,15,36,0,0,1,0,1,0,2,20,15,37,12,0,12,49
12/17/2014,MTN,MD,AEA,EN,Federal Contract Tower,0,7,25,5,37,0,0,108,9,117,0,7,133,14,154,66,46,112,266
12/18/2014,MTN,MD,AEA,EN,Federal Contract Tower,0,0,21,8,29,0,0,93,17,110,0,0,114,25,139,40,4,44,183
12/19/2014,MTN,MD,AEA,EN,Federal Contract Tower,0,7,23,0,30,0,0,103,0,103,0,7,126,0,133,128,0,128,261
12/20/2014,MTN,MD,AEA,EN,Federal Contract Tower,0,1,19,0,20,0,0,114,0,114,0,1,133,0,134,262,0,262,396
12/21/2014,MTN,MD,AEA,EN,Federal Contract Tower,0,2,16,0,18,0,0,120,0,120,0,2,136,0,138,146,0,146,284
12/22/2014,MTN,MD,AEA,EN,Federal Contract Tower,0,3,10,4,17,0,0,47,8,55,0,3,57,12,72,120,2,122,194
12/23/2014,MTN,MD,AEA,EN,Federal Contract Tower,0,1,9,0,10,0,0,0,0,0,0,1,9,0,10,12,0,12,22
12/24/2014,MTN,MD,AEA,EN,Federal Contract Tower,0,2,4,0,6,0,0,0,0,0,0,2,4,0,6,0,0,0,6
12/25/2014,MTN,MD,AEA,EN,Federal Contract Tower,0,4,7,0,11,0,0,15,0,15,0,4,22,0,26,0,0,0,26
12/26/2014,MTN,MD,AEA,EN,Federal Contract Tower,0,7,27,0,34,0,0,138,0,138,0,7,165,0,172,140,0,140,312
12/27/2014,MTN,MD,AEA,EN,Federal Contract Tower,0,0,16,4,20,0,0,136,0,136,0,0,152,4,156,178,0,178,334
12/28/2014,MTN,MD,AEA,EN,Federal Contract Tower,0,2,17,0,19,0,0,40,0,40,0,2,57,0,59,70,0,70,129
12/29/2014,MTN,MD,AEA,EN,Federal Contract Tower,0,6,14,1,21,0,0,80,10,90,0,6,94,11,111,108,0,108,219
12/30/2014,MTN,MD,AEA,EN,Federal Contract Tower,0,5,15,2,22,0,0,96,4,100,0,5,111,6,122,98,0,98,220
12/31/2014,MTN,MD,AEA,EN,Federal Contract Tower,0,8,4,2,14,0,0,89,4,93,0,8,93,6,107,136,8,144,251
01/01/2015,MTN,MD,AEA,EN,Federal Contract Tower,0,1,16,0,17,0,0,71,0,71,0,1,87,0,88,26,0,26,114
01/02/2015,MTN,MD,AEA,EN,Federal Contract Tower,0,1,9,0,10,0,0,109,0,109,0,1,118,0,119,48,0,48,167
01/03/2015,MTN,MD,AEA,EN,Federal Contract Tower,0,5,8,0,13,0,0,6,0,6,0,5,14,0,19,6,0,6,25
01/04/2015,MTN,MD,AEA,EN,Federal Contract Tower,0,1,10,0,11,0,0,7,0,7,0,1,17,0,18,26,0,26,44
01/05/2015,MTN,MD,AEA,EN,Federal Contract Tower,0,8,20,0,28,0,0,45,0,45,0,8,65,0,73,0,0,0,73
01/06/2015,MTN,MD,AEA,EN,Federal Contract Tower,0,3,11,0,14,0,0,30,0,30,0,3,41,0,44,4,0,4,48
01/07/2015,MTN,MD,AEA,EN,Federal Contract Tower,0,4,14,0,18,0,0,43,0,43,0,4,57,0,61,28,0,28,89
01/08/2015,MTN,MD,AEA,EN,Federal Contract Tower,0,3,15,7,25,0,0,71,2,73,0,3,86,9,98,46,0,46,144
01/09/2015,MTN,MD,AEA,EN,Federal Contract Tower,0,1,17,12,30,0,0,61,13,74,0,1,78,25,104,60,24,84,188
01/10/2015,MTN,MD,AEA,EN,Federal Contract Tower,0,6,16,9,31,0,0,66,11,77,0,6,82,20,108,78,0,78,186
01/11/2015,MTN,MD,AEA,EN,Federal Contract Tower,0,3,15,14,32,0,0,73,0,73,0,3,88,14,105,54,4,58,163
01/12/2015,MTN,MD,AEA,EN,Federal Contract Tower,0,0,9,0,9,0,0,0,0,0,0,0,9,0,9,0,0,0,9
01/13/2015,MTN,MD,AEA,EN,Federal Contract Tower,0,7,24,9,40,0,0,70,3,73,0,7,94,12,113,100,2,102,215
01/14/2015,MTN,MD,AEA,EN,Federal Contract Tower,0,6,11,15,32,0,0,64,0,64,0,6,75,15,96,182,0,182,278
01/15/2015,MTN,MD,AEA,EN,Federal Contract Tower,0,4,24,9,37,0,0,76,13,89,0,4,100,22,126,62,0,62,188
01/16/2015,MTN,MD,AEA,EN,Federal Contract Tower,0,2,19,0,21,0,0,79,0,79,0,2,98,0,100,74,0,74,174
01/17/2015,MTN,MD,AEA,EN,Federal Contract Tower,0,2,19,0,21,0,0,128,0,128,0,2,147,0,149,170,0,170,319
01/18/2015,MTN,MD,AEA,EN,Federal Contract Tower,0,0,5,0,5,0,0,4,0,4,0,0,9,0,9,0,0,0,9
01/19/2015,MTN,MD,AEA,EN,Federal Contract Tower,0,4,26,0,30,0,0,91,0,91,0,4,117,0,121,94,0,94,215
01/20/2015,MTN,MD,AEA,EN,Federal Contract Tower,0,2,9,9,20,0,0,94,5,99,0,2,103,14,119,104,0,104,223
01/21/2015,MTN,MD,AEA,EN,Federal Contract Tower,0,2,6,4,12,0,0,12,7,19,0,2,18,11,31,24,2,26,57
01/22/2015,MTN,MD,AEA,EN,Federal Contract Tower,0,0,19,3,22,0,0,64,6,70,0,0,83,9,92,108,0,108,200
01/23/2015,MTN,MD,AEA,EN,Federal Contract Tower,0,6,28,4,38,0,0,109,2,111,0,6,137,6,149,136,2,138,287
01/24/2015,MTN,MD,AEA,EN,Federal Contract Tower,0,0,3,0,3,0,0,24,0,24,0,0,27,0,27,20,0,20,47
01/25/2015,MTN,MD,AEA,EN,Federal Contract Tower,0,2,17,0,19,0,0,102,0,102,0,2,119,0,121,184,0,184,305
01/26/2015,MTN,MD,AEA,EN,Federal Contract Tower,0,2,6,0,8,0,0,6,0,6,0,2,12,0,14,0,0,0,14
01/27/2015,MTN,MD,AEA,EN,Federal Contract Tower,0,0,4,8,12,0,0,71,10,81,0,0,75,18,93,78,0,78,171
01/28/2015,MTN,MD,AEA,EN,Federal Contract Tower,0,8,18,13,39,0,0,106,6,112,0,8,124,19,151,76,10,86,237
01/29/2015,MTN,MD,AEA,EN,Federal Contract Tower,0,2,13,6,21,0,1,95,6,102,0,3,108,12,123,70,6,76,199
01/30/2015,MTN,MD,AEA,EN,Federal Contract Tower,0,2,9,8,19,0,0,32,12,44,0,2,41,20,63,30,8,38,101
01/31/2015,MTN,MD,AEA,EN,Federal Contract Tower,0,0,11,0,11,0,0,75,0,75,0,0,86,0,86,150,0,150,236
02/01/2015,MTN,MD,AEA,EN,Federal Contract Tower,0,0,12,0,12,0,0,58,2,60,0,0,70,2,72,56,0,56,128
02/02/2015,MTN,MD,AEA,EN,Federal Contract Tower,0,4,8,0,12,0,0,4,0,4,0,4,12,0,16,12,0,12,28
02/03/2015,MTN,MD,AEA,EN,Federal Contract Tower,0,7,16,6,29,0,1,89,6,96,0,8,105,12,125,76,0,76,201
02/04/2015,MTN,MD,AEA,EN,Federal Contract Tower,0,5,12,5,22,0,1,120,9,130,0,6,132,14,152,122,6,128,280
02/05/2015,MTN,MD,AEA,EN,Federal Contract Tower,0,0,19,9,28,0,0,41,12,53,0,0,60,21,81,30,0,30,111
02/06/2015,MTN,MD,AEA,EN,Federal Contract Tower,0,7,28,9,44,0,0,87,11,98,0,7,115,20,142,68,0,68,210
02/07/2015,MTN,MD,AEA,EN,Federal Contract Tower,0,1,25,11,37,0,0,135,12,147,0,1,160,23,184,168,10,178,362
02/08/2015,MTN,MD,AEA,EN,Federal Contract Tower,0,3,14,8,25,0,1,99,8,108,0,4,113,16,133,194,2,196,329
02/09/2015,MTN,MD,AEA,EN,Federal Contract Tower,0,4,7,0,11,0,0,6,0,6,0,4,13,0,17,22,0,22,39
02/10/2015,MTN,MD,AEA,EN,Federal Contract Tower,0,3,4,8,15,0,0,56,8,64,0,3,60,16,79,54,10,64,143
02/11/2015,MTN,MD,AEA,EN,Federal Contract Tower,0,1,24,12,37,0,0,137,12,149,0,1,161,24,186,92,18,110,296
02/12/2015,MTN,MD,AEA,EN,Federal Contract Tower,0,0,21,5,26,0,0,36,8,44,0,0,57,13,70,16,8,24,94
02/13/2015,MTN,MD,AEA,EN,Federal Contract Tower,0,3,21,0,24,0,1,83,0,84,0,4,104,0,108,64,0,64,172
02/14/2015,MTN,MD,AEA,EN,Federal Contract Tower,0,1,2,0,3,0,0,31,0,31,0,1,33,0,34,52,0,52,86
02/15/2015,MTN,MD,AEA,EN,Federal Contract Tower,0,1,1,0,2,0,0,2,0,2,0,1,3,0,4,0,0,0,4
02/16/2015,MTN,MD,AEA,EN,Federal Contract Tower,0,6,17,0,23,0,0,92,0,92,0,6,109,0,115,100,0,100,215
02/17/2015,MTN,MD,AEA,EN,Federal Contract Tower,0,2,17,1,20,0,0,54,0,54,0,2,71,1,74,100,0,100,174
02/18/2015,MTN,MD,AEA,EN,Federal Contract Tower,0,2,16,1,19,0,0,57,1,58,0,2,73,2,77,0,34,34,111
02/19/2015,MTN,MD,AEA,EN,Federal Contract Tower,0,0,27,0,27,0,0,54,1,55,0,0,81,1,82,26,0,26,108
02/20/2015,MTN,MD,AEA,EN,Federal Contract Tower,0,0,25,13,38,0,0,67,0,67,0,0,92,13,105,132,2,134,239
02/21/2015,MTN,MD,AEA,EN,Federal Contract Tower,0,2,2,0,4,0,0,10,0,10,0,2,12,0,14,52,0,52,66
02/22/2015,MTN,MD,AEA,EN,Federal Contract Tower,0,0,11,0,11,0,1,42,0,43,0,1,53,0,54,62,0,62,116
02/23/2015,MTN,MD,AEA,EN,Federal Contract Tower,0,7,22,0,29,0,0,89,0,89,0,7,111,0,118,50,0,50,168
02/24/2015,MTN,MD,AEA,EN,Federal Contract Tower,0,6,21,0,27,0,0,61,0,61,0,6,82,0,88,72,0,72,160
02/25/2015,MTN,MD,AEA,EN,Federal Contract Tower,0,3,20,2,25,0,0,107,0,107,0,3,127,2,132,112,0,112,244
02/26/2015,MTN,MD,AEA,EN,Federal Contract Tower,0,4,16,3,23,0,0,55,0,55,0,4,71,3,78,32,2,34,112
02/27/2015,MTN,MD,AEA,EN,Federal Contract Tower,0,1,23,0,24,0,2,108,0,110,0,3,131,0,134,157,0,157,291
02/28/2015,MTN,MD,AEA,EN,Federal Contract Tower,0,3,15,0,18,0,0,119,0,119,0,3,134,0,137,190,0,190,327
03/01/2015,MTN,MD,AEA,EN,Federal Contract Tower,0,0,7,0,7,0,0,1,0,1,0,0,8,0,8,0,0,0,8
03/02/2015,MTN,MD,AEA,EN,Federal Contract Tower,0,5,15,0,20,0,0,64,0,64,0,5,79,0,84,110,0,110,194
03/03/2015,MTN,MD,AEA,EN,Federal Contract Tower,0,6,13,0,19,0,0,27,0,27,0,6,40,0,46,80,0,80,126
03/04/2015,MTN,MD,AEA,EN,Federal Contract Tower,0,1,17,0,18,0,0,3,0,3,0,1,20,0,21,0,0,0,21
03/05/2015,MTN,MD,AEA,EN,Federal Contract Tower,0,3,0,0,3,0,0,1,0,1,0,3,1,0,4,0,0,0,4
03/06/2015,MTN,MD,AEA,EN,Federal Contract Tower,0,0,10,0,10,0,0,70,0,70,0,0,80,0,80,50,0,50,130
03/07/2015,MTN,MD,AEA,EN,Federal Contract Tower,0,2,13,5,20,0,0,105,10,115,0,2,118,15,135,144,0,144,279
03/09/2015,MTN,MD,AEA,EN,Federal Contract Tower,0,8,5,0,13,0,0,103,0,103,0,8,108,0,116,110,0,110,226
03/10/2015,MTN,MD,AEA,EN,Federal Contract Tower,0,7,13,0,20,0,0,56,4,60,0,7,69,4,80,84,2,86,166
03/11/2015,MTN,MD,AEA,EN,Federal Contract Tower,0,8,27,4,39,0,0,66,13,79,0,8,93,17,118,50,6,56,174
03/12/2015,MTN,MD,AEA,EN,Federal Contract Tower,0,13,15,9,37,0,0,109,7,116,0,13,124,16,153,82,2,84,237
03/13/2015,MTN,MD,AEA,EN,Federal Contract Tower,0,8,19,4,31,0,0,128,8,136,0,8,147,12,167,108,6,114,281
03/14/2015,MTN,MD,AEA,EN,Federal Contract Tower,0,1,10,0,11,0,0,0,0,0,0,1,10,0,11,0,0,0,11
03/15/2015,MTN,MD,AEA,EN,Federal Contract Tower,0,3,26,0,29,0,0,35,0,35,0,3,61,0,64,36,0,36,100
03/16/2015,MTN,MD,AEA,EN,Federal Contract Tower,0,5,23,0,28,0,0,114,0,114,0,5,137,0,142,88,0,88,230
03/17/2015,MTN,MD,AEA,EN,Federal Contract Tower,0,12,16,4,32,0,0,49,8,57,0,12,65,12,89,62,0,62,151
03/18/2015,MTN,MD,AEA,EN,Federal Contract Tower,0,6,29,4,39,0,0,67,7,74,0,6,96,11,113,64,10,74,187
03/19/2015,MTN,MD,AEA,EN,Federal Contract Tower,0,3,24,9,36,0,1,117,11,129,0,4,141,20,165,234,0,234,399
03/20/2015,MTN,MD,AEA,EN,Federal Contract Tower,0,0,19,0,19,0,0,0,0,0,0,0,19,0,19,0,0,0,19
03/21/2015,MTN,MD,AEA,EN,Federal Contract Tower,0,2,23,0,25,0,0,117,0,117,0,2,140,0,142,196,0,196,338
03/22/2015,MTN,MD,AEA,EN,Federal Contract Tower,0,0,20,0,20,0,0,122,0,122,0,0,142,0,142,58,0,58,200
03/23/2015,MTN,MD,AEA,EN,Federal Contract Tower,0,3,35,0,38,0,0,96,0,96,0,3,131,0,134,142,0,142,276
03/24/2015,MTN,MD,AEA,EN,Federal Contract Tower,0,8,15,2,25,0,0,87,11,98,0,8,102,13,123,144,16,160,283
03/25/2015,MTN,MD,AEA,EN,Federal Contract Tower,0,7,19,13,39,0,0,63,6,69,0,7,82,19,108,72,2,74,182
03/26/2015,MTN,MD,AEA,EN,Federal Contract Tower,0,5,26,13,44,0,0,20,0,20,0,5,46,13,64,0,0,0,64
03/27/2015,MTN,MD,AEA,EN,Federal Contract Tower,0,7,19,7,33,0,0,60,2,62,0,7,79,9,95,86,14,100,195
03/28/2015,MTN,MD,AEA,EN,Federal Contract Tower,0,5,16,0,21,0,0,41,0,41,0,5,57,0,62,66,0,66,128
03/29/2015,MTN,MD,AEA,EN,Federal Contract Tower,0,1,26,5,32,0,0,162,0,162,0,1,188,5,194,185,0,185,379
03/30/2015,MTN,MD,AEA,EN,Federal Contract Tower,0,5,11,1,17,0,0,78,0,78,0,5,89,1,95,90,0,90,185
03/31/2015,MTN,MD,AEA,EN,Federal Contract Tower,0,10,19,10,39,0,0,87,13,100,0,10,106,23,139,154,0,154,293
04/01/2015,MTN,MD,AEA,EN,Federal Contract Tower,0,3,24,11,38,0,0,159,8,167,0,3,183,19,205,194,4,198,403
04/02/2015,MTN,MD,AEA,EN,Federal Contract Tower,0,4,23,5,32,0,0,102,6,108,0,4,125,11,140,162,4,166,306
04/03/2015,MTN,MD,AEA,EN,Federal Contract Tower,0,2,14,13,29,0,2,43,0,45,0,4,57,13,74,98,2,100,174
04/04/2015,MTN,MD,AEA,EN,Federal Contract Tower,0,0,6,0,6,0,0,19,0,19,0,0,25,0,25,8,0,8,33
04/05/2015,MTN,MD,AEA,EN,Federal Contract Tower,0,0,12,0,12,0,0,74,0,74,0,0,86,0,86,72,0,72,158
04/06/2015,MTN,MD,AEA,EN,Federal Contract Tower,0,4,25,1,30,0,2,156,9,167,0,6,181,10,197,248,0,248,445
04/07/2015,MTN,MD,AEA,EN,Federal Contract Tower,0,5,33,9,47,0,0,67,10,77,0,5,100,19,124,138,0,138,262
04/08/2015,MTN,MD,AEA,EN,Federal Contract Tower,0,3,20,0,23,0,0,0,0,0,0,3,20,0,23,18,0,18,41
04/09/2015,MTN,MD,AEA,EN,Federal Contract Tower,0,4,42,0,46,0,0,18,0,18,0,4,60,0,64,6,0,6,70
04/10/2015,MTN,MD,AEA,EN,Federal Contract Tower,0,3,23,4,30,0,0,12,0,12,0,3,35,4,42,0,0,0,42
04/11/2015,MTN,MD,AEA,EN,Federal Contract Tower,0,1,23,8,32,0,0,114,8,122,0,1,137,16,154,80,2,82,236
04/12/2015,MTN,MD,AEA,EN,Federal Contract Tower,0,6,30,0,36,0,140,0,0,140,0,146,30,0,176,128,0,128,304
04/13/2015,MTN,MD,AEA,EN,Federal Contract Tower,0,11,38,0,49,0,0,104,0,104,0,11,142,0,153,140,0,140,293
04/14/2015,MTN,MD,AEA,EN,Federal Contract Tower,0,9,29,8,46,0,0,48,0,48,0,9,77,8,94,78,0,78,172
04/15/2015,MTN,MD,AEA,EN,Federal Contract Tower,0,7,33,7,47,0,1,137,17,155,0,8,170,24,202,200,0,200,402
04/16/2015,MTN,MD,AEA,EN,Federal Contract Tower,0,5,38,7,50,0,0,134,11,145,0,5,172,18,195,114,4,118,313
04/17/2015,MTN,MD,AEA,EN,Federal Contract Tower,0,0,50,4,54,0,0,64,6,70,0,0,114,10,124,88,10,98,222
04/18/2015,MTN,MD,AEA,EN,Federal Contract Tower,0,1,11,1,13,0,0,164,0,164,0,1,175,1,177,184,0,184,361
04/19/2015,MTN,MD,AEA,EN,Federal Contract Tower,0,1,9,1,11,0,0,68,0,68,0,1,77,1,79,86,0,86,165
04/20/2015,MTN,MD,AEA,EN,Federal Contract Tower,0,3,14,0,17,0,0,44,0,44,0,3,58,0,61,86,0,86,147
04/21/2015,MTN,MD,AEA,EN,Federal Contract Tower,0,8,29,9,46,0,0,93,8,101,0,8,122,17,147,20,2,22,169
04/22/2015,MTN,MD,AEA,EN,Federal Contract Tower,0,2,25,4,31,0,0,56,7,63,0,2,81,11,94,18,2,20,114
04/23/2015,MTN,MD,AEA,EN,Federal Contract Tower,0,2,24,4,30,0,0,64,6,70,0,2,88,10,100,42,0,42,142
04/24/2015,MTN,MD,AEA,EN,Federal Contract Tower,0,4,33,6,43,0,0,88,10,98,0,4,121,16,141,74,2,76,217
04/25/2015,MTN,MD,AEA,EN,Federal Contract Tower,0,2,29,0,31,0,0,165,0,165,0,2,194,0,196,186,0,186,382
04/26/2015,MTN,MD,AEA,EN,Federal Contract Tower,0,0,30,0,30,0,0,107,0,107,0,0,137,0,137,108,0,108,245
04/27/2015,MTN,MD,AEA,EN,Federal Contract Tower,4,21,0,0,25,0,0,86,0,86,4,21,86,0,111,86,0,86,197
04/28/2015,MTN,MD,AEA,EN,Federal Contract Tower,0,6,32,2,40,0,1,165,6,172,0,7,197,8,212,104,0,104,316
04/29/2015,MTN,MD,AEA,EN,Federal Contract Tower,0,2,22,6,30,0,0,140,2,142,0,2,162,8,172,150,2,152,324
04/30/2015,MTN,MD,AEA,EN,Federal Contract Tower,0,6,25,5,36,0,1,114,6,121,0,7,139,11,157,178,0,178,335
05/01/2015,MTN,MD,AEA,EN,Federal Contract Tower,0,2,22,0,24,0,0,104,2,106,0,2,126,2,130,104,4,108,238
05/02/2015,MTN,MD,AEA,EN,Federal Contract Tower,0,3,17,0,20,0,0,167,4,171,0,3,184,4,191,126,0,126,317
05/03/2015,MTN,MD,AEA,EN,Federal Contract Tower,0,2,24,3,29,0,1,112,0,113,0,3,136,3,142,142,0,142,284
05/04/2015,MTN,MD,AEA,EN,Federal Contract Tower,0,4,26,0,30,0,3,102,0,105,0,7,128,0,135,54,0,54,189
05/05/2015,MTN,MD,AEA,EN,Federal Contract Tower,0,10,28,10,48,0,0,93,14,107,0,10,121,24,155,152,4,156,311
05/06/2015,MTN,MD,AEA,EN,Federal Contract Tower,0,1,38,12,51,0,0,95,12,107,0,1,133,24,158,174,2,176,334
05/07/2015,MTN,MD,AEA,EN,Federal Contract Tower,0,10,35,8,53,0,0,142,0,142,0,10,177,8,195,154,0,154,349
05/09/2015,MTN,MD,AEA,EN,Federal Contract Tower,0,3,22,0,25,0,0,63,0,63,0,3,85,0,88,46,0,46,134
05/10/2015,MTN,MD,AEA,EN,Federal Contract Tower,0,7,13,0,20,0,1,60,0,61,0,8,73,0,81,74,0,74,155
05/11/2015,MTN,MD,AEA,EN,Federal Contract Tower,0,5,26,0,31,0,0,55,0,55,0,5,81,0,86,116,0,116,202
05/12/2015,MTN,MD,AEA,EN,Federal Contract Tower,0,4,27,3,34,0,0,77,12,89,0,4,104,15,123,132,2,134,257
05/13/2015,MTN,MD,AEA,EN,Federal Contract Tower,0,4,31,9,44,0,0,87,12,99,0,4,118,21,143,106,14,120,263
05/14/2015,MTN,MD,AEA,EN,Federal Contract Tower,0,7,33,10,50,0,0,168,15,183,0,7,201,25,233,132,4,136,369
05/15/2015,MTN,MD,AEA,EN,Federal Contract Tower,0,11,38,4,53,0,2,123,8,133,0,13,161,12,186,148,4,152,338
05/16/2015,MTN,MD,AEA,EN,Federal Contract Tower,0,6,25,0,31,0,0,164,0,164,0,6,189,0,195,124,0,124,319
05/17/2015,MTN,MD,AEA,EN,Federal Contract Tower,0,4,36,0,40,0,0,67,0,67,0,4,103,0,107,98,0,98,205
05/18/2015,MTN,MD,AEA,EN,Federal Contract Tower,0,7,22,0,29,0,0,86,2,88,0,7,108,2,117,156,10,166,283
05/19/2015,MTN,MD,AEA,EN,Federal Contract Tower,0,6,32,8,46,0,0,63,7,70,0,6,95,15,116,54,4,58,174
05/20/2015,MTN,MD,AEA,EN,Federal Contract Tower,0,0,29,8,37,0,0,103,7,110,0,0,132,15,147,106,0,106,253
05/21/2015,MTN,MD,AEA,EN,Federal Contract Tower,0,7,62,12,81,0,0,33,3,36,0,7,95,15,117,26,2,28,145
05/22/2015,MTN,MD,AEA,EN,Federal Contract Tower,0,10,15,0,25,0,0,113,0,113,0,10,128,0,138,92,0,92,230
05/23/2015,MTN,MD,AEA,EN,Federal Contract Tower,0,6,18,0,24,0,0,140,0,140,0,6,158,0,164,232,0,232,396
05/24/2015,MTN,MD,AEA,EN,Federal Contract Tower,0,7,12,0,19,0,0,108,0,108,0,7,120,0,127,124,0,124,251
05/25/2015,MTN,MD,AEA,EN,Federal Contract Tower,0,5,11,0,16,0,0,106,0,106,0,5,117,0,122,84,0,84,206
05/26/2015,MTN,MD,AEA,EN,Federal Contract Tower,0,4,35,10,49,0,0,115,9,124,0,4,150,19,173,92,0,92,265
05/27/2015,MTN,MD,AEA,EN,Federal Contract Tower,0,1,25,0,26,0,1,58,0,59,0,2,83,0,85,54,0,54,139
05/28/2015,MTN,MD,AEA,EN,Federal Contract Tower,0,2,19,4,25,0,2,119,2,123,0,4,138,6,148,184,2,186,334
05/29/2015,MTN,MD,AEA,EN,Federal Contract Tower,0,0,26,0,26,0,0,96,0,96,0,0,122,0,122,64,0,64,186
05/30/2015,MTN,MD,AEA,EN,Federal Contract Tower,0,3,17,0,20,0,0,136,0,136,0,3,153,0,156,71,0,71,227
05/31/2015,MTN,MD,AEA,EN,Federal Contract Tower,0,4,13,0,17,0,0,107,0,107,0,4,120,0,124,42,0,42,166
06/01/2015,MTN,MD,AEA,EN,Federal Contract Tower,0,10,18,5,33,0,0,44,0,44,0,10,62,5,77,32,8,40,117
06/02/2015,MTN,MD,AEA,EN,Federal Contract Tower,0,4,34,5,43,0,0,4,0,4,0,4,38,5,47,6,0,6,53
06/03/2015,MTN,MD,AEA,EN,Federal Contract Tower,0,7,24,5,36,0,0,47,4,51,0,7,71,9,87,100,0,100,187
06/04/2015,MTN,MD,AEA,EN,Federal Contract Tower,0,7,32,0,39,0,0,52,0,52,0,7,84,0,91,90,0,90,181
06/05/2015,MTN,MD,AEA,EN,Federal Contract Tower,0,3,42,3,48,0,0,68,0,68,0,3,110,3,116,92,0,92,208
06/06/2015,MTN,MD,AEA,EN,Federal Contract Tower,0,4,18,0,22,0,0,111,0,111,0,4,129,0,133,94,0,94,227
06/07/2015,MTN,MD,AEA,EN,Federal Contract Tower,0,5,31,0,36,0,0,113,0,113,0,5,144,0,149,80,0,80,229
06/09/2015,MTN,MD,AEA,EN,Federal Contract Tower,0,4,43,0,47,0,1,80,0,81,0,5,123,0,128,80,0,80,208
06/10/2015,MTN,MD,AEA,EN,Federal Contract Tower,0,2,29,3,34,0,0,123,3,126,0,2,152,6,160,112,0,112,272
06/11/2015,MTN,MD,AEA,EN,Federal Contract Tower,0,2,38,0,40,0,2,160,0,162,0,4,198,0,202,186,0,186,388
06/12/2015,MTN,MD,AEA,EN,Federal Contract Tower,0,10,32,0,42,0,1,119,0,120,0,11,151,0,162,130,0,130,292
06/13/2015,MTN,MD,AEA,EN,Federal Contract Tower,0,5,20,0,25,0,1,103,0,104,0,6,123,0,129,86,0,86,215
06/14/2015,MTN,MD,AEA,EN,Federal Contract Tower,0,5,21,0,26,0,1,75,2,78,0,6,96,2,104,42,0,42,146
06/16/2015,MTN,MD,AEA,EN,Federal Contract Tower,0,4,19,0,23,0,0,65,2,67,0,4,84,2,90,32,0,32,122
06/17/2015,MTN,MD,AEA,EN,Federal Contract Tower,0,4,33,3,40,0,0,126,8,134,0,4,159,11,174,114,4,118,292
06/18/2015,MTN,MD,AEA,EN,Federal Contract Tower,0,3,35,1,39,0,0,41,0,41,0,3,76,1,80,52,0,52,132
06/19/2015,MTN,MD,AEA,EN,Federal Contract Tower,0,4,33,1,38,0,0,121,0,121,0,4,154,1,159,86,0,86,245
06/20/2015,MTN,MD,AEA,EN,Federal Contract Tower,0,0,22,2,24,0,1,96,0,97,0,1,118,2,121,212,0,212,333
06/21/2015,MTN,MD,AEA,EN,Federal Contract Tower,0,2,25,1,28,0,0,76,0,76,0,2,101,1,104,52,0,52,156
06/22/2015,MTN,MD,AEA,EN,Federal Contract Tower,0,2,34,5,41,0,0,114,8,122,0,2,148,13,163,102,0,102,265
06/23/2015,MTN,MD,AEA,EN,Federal Contract Tower,0,3,33,1,37,0,0,83,0,83,0,3,116,1,120,84,0,84,204
06/24/2015,MTN,MD,AEA,EN,Federal Contract Tower,0,1,51,3,55,0,0,147,5,152,0,1,198,8,207,174,2,176,383
06/25/2015,MTN,MD,AEA,EN,Federal Contract Tower,0,5,23,0,28,0,0,130,0,130,0,5,153,0,158,140,0,140,298
06/26/2015,MTN,MD,AEA,EN,Federal Contract Tower,0,3,34,0,37,0,0,69,0,69,0,3,103,0,106,86,0,86,192
06/27/2015,MTN,MD,AEA,EN,Federal Contract Tower,0,4,12,0,16,0,0,4,0,4,0,4,16,0,20,0,0,0,20
06/28/2015,MTN,MD,AEA,EN,Federal Contract Tower,0,9,26,2,37,0,0,80,0,80,0,9,106,2,117,72,0,72,189
06/29/2015,MTN,MD,AEA,EN,Federal Contract Tower,0,6,34,0,40,0,0,130,0,130,0,6,164,0,170,82,0,82,252
06/30/2015,MTN,MD,AEA,EN,Federal Contract Tower,0,8,28,5,41,0,0,59,6,65,0,8,87,11,106,24,0,24,130
07/01/2015,MTN,MD,AEA,EN,Federal Contract Tower,0,3,26,4,33,0,0,119,6,125,0,3,145,10,158,134,2,136,294
07/02/2015,MTN,MD,AEA,EN,Federal Contract Tower,0,5,34,2,41,0,3,83,0,86,0,8,117,2,127,120,0,120,247
07/03/2015,MTN,MD,AEA,EN,Federal Contract Tower,0,3,17,0,20,0,1,94,0,95,0,4,111,0,115,144,0,144,259
07/04/2015,MTN,MD,AEA,EN,Federal Contract Tower,0,0,14,6,20,0,0,23,0,23,0,0,37,6,43,0,0,0,43
07/05/2015,MTN,MD,AEA,EN,Federal Contract Tower,0,2,28,0,30,0,1,80,0,81,0,3,108,0,111,86,0,86,197
07/06/2015,MTN,MD,AEA,EN,Federal Contract Tower,0,4,28,0,32,0,0,39,0,39,0,4,67,0,71,40,0,40,111
07/07/2015,MTN,MD,AEA,EN,Federal Contract Tower,0,4,24,6,34,0,0,104,7,111,0,4,128,13,145,122,0,122,267
07/08/2015,MTN,MD,AEA,EN,Federal Contract Tower,0,7,15,3,25,0,0,93,3,96,0,7,108,6,121,146,0,146,267
07/09/2015,MTN,MD,AEA,EN,Federal Contract Tower,0,1,26,5,32,0,1,109,1,111,0,2,135,6,143,136,2,138,281
07/10/2015,MTN,MD,AEA,EN,Federal Contract Tower,0,3,23,4,30,0,0,122,4,126,0,3,145,8,156,116,12,128,284
07/11/2015,MTN,MD,AEA,EN,Federal Contract Tower,0,5,21,0,26,0,0,119,0,119,0,5,140,0,145,100,0,100,245
07/12/2015,MTN,MD,AEA,EN,Federal Contract Tower,0,8,41,0,49,0,0,124,0,124,0,8,165,0,173,56,0,56,229
07/13/2015,MTN,MD,AEA,EN,Federal Contract Tower,0,10,31,0,41,0,1,90,0,91,0,11,121,0,132,44,0,44,176
07/14/2015,MTN,MD,AEA,EN,Federal Contract Tower,0,3,30,11,44,0,2,84,8,94,0,5,114,19,138,94,16,110,248
07/15/2015,MTN,MD,AEA,EN,Federal Contract Tower,0,3,37,5,45,0,0,101,9,110,0,3,138,14,155,94,2,96,251
07/16/2015,MTN,MD,AEA,EN,Federal Contract Tower,0,5,29,8,42,0,0,141,10,151,0,5,170,18,193,134,2,136,329
07/17/2015,MTN,MD,AEA,EN,Federal Contract Tower,0,7,41,3,51,0,8,109,0,117,0,15,150,3,168,128,2,130,298
07/18/2015,MTN,MD,AEA,EN,Federal Contract Tower,0,6,12,0,18,0,0,73,0,73,0,6,85,0,91,36,0,36,127
07/19/2015,MTN,MD,AEA,EN,Federal Contract Tower,0,7,23,0,30,0,0,91,0,91,0,7,114,0,121,84,0,84,205
07/20/2015,MTN,MD,AEA,EN,Federal Contract Tower,0,4,24,0,28,0,0,102,0,102,0,4,126,0,130,88,0,88,218
07/21/2015,MTN,MD,AEA,EN,Federal Contract Tower,0,5,19,6,30,0,0,83,2,85,0,5,102,8,115,38,0,38,153
07/22/2015,MTN,MD,AEA,EN,Federal Contract Tower,0,2,30,5,37,0,2,88,8,98,0,4,118,13,135,118,2,120,255
07/23/2015,MTN,MD,AEA,EN,Federal Contract Tower,0,0,43,9,52,0,1,122,13,136,0,1,165,22,188,80,8,88,276
07/24/2015,MTN,MD,AEA,EN,Federal Contract Tower,0,1,22,4,27,0,0,133,10,143,0,1,155,14,170,58,10,68,238
07/25/2015,MTN,MD,AEA,EN,Federal Contract Tower,0,3,21,0,24,0,1,110,0,111,0,4,131,0,135,52,0,52,187
07/26/2015,MTN,MD,AEA,EN,Federal Contract Tower,0,2,27,0,29,0,1,89,0,90,0,3,116,0,119,58,0,58,177
07/27/2015,MTN,MD,AEA,EN,Federal Contract Tower,0,6,33,0,39,0,0,67,0,67,0,6,100,0,106,60,0,60,166
07/28/2015,MTN,MD,AEA,EN,Federal Contract Tower,0,4,19,5,28,0,0,79,8,87,0,4,98,13,115,84,12,96,211
07/29/2015,MTN,MD,AEA,EN,Federal Contract Tower,0,4,32,6,42,0,1,101,14,116,0,5,133,20,158,178,6,184,342
07/30/2015,MTN,MD,AEA,EN,Federal Contract Tower,0,13,37,3,53,0,0,84,4,88,0,13,121,7,141,56,0,56,197
07/31/2015,MTN,MD,AEA,EN,Federal Contract Tower,0,7,26,2,35,0,0,135,6,141,0,7,161,8,176,106,0,106,282
08/01/2015,MTN,MD,AEA,EN,Federal Contract Tower,0,1,7,1,9,0,0,120,4,124,0,1,127,5,133,88,0,88,221
08/02/2015,MTN,MD,AEA,EN,Federal Contract Tower,0,12,18,2,32,0,0,128,0,128,0,12,146,2,160,90,0,90,250
08/03/2015,MTN,MD,AEA,EN,Federal Contract Tower,0,2,19,0,21,0,0,101,0,101,0,2,120,0,122,70,0,70,192
08/05/2015,MTN,MD,AEA,EN,Federal Contract Tower,0,7,30,6,43,0,5,100,5,110,0,12,130,11,153,102,0,102,255
08/06/2015,MTN,MD,AEA,EN,Federal Contract Tower,0,2,26,5,33,0,0,102,5,107,0,2,128,10,140,80,6,86,226
08/07/2015,MTN,MD,AEA,EN,Federal Contract Tower,0,1,24,3,28,0,0,80,0,80,0,1,104,3,108,88,4,92,200
08/08/2015,MTN,MD,AEA,EN,Federal Contract Tower,0,1,24,0,25,0,0,162,0,162,0,1,186,0,187,64,0,64,251
08/09/2015,MTN,MD,AEA,EN,Federal Contract Tower,0,5,30,0,35,0,0,105,0,105,0,5,135,0,140,42,0,42,182
08/10/2015,MTN,MD,AEA,EN,Federal Contract Tower,0,5,39,1,45,0,0,28,0,28,0,5,67,1,73,34,0,34,107
08/11/2015,MTN,MD,AEA,EN,Federal Contract Tower,0,5,22,4,31,0,0,51,2,53,0,5,73,6,84,40,0,40,124
08/12/2015,MTN,MD,AEA,EN,Federal Contract Tower,0,2,28,8,38,0,0,137,6,143,0,2,165,14,181,106,6,112,293
08/13/2015,MTN,MD,AEA,EN,Federal Contract Tower,0,2,33,6,41,0,2,118,6,126,0,4,151,12,167,68,0,68,235
08/14/2015,MTN,MD,AEA,EN,Federal Contract Tower,0,3,32,4,39,0,1,144,6,151,0,4,176,10,190,70,4,74,264
08/15/2015,MTN,MD,AEA,EN,Federal Contract Tower,0,5,18,6,29,0,0,101,11,112,0,5,119,17,141,38,0,38,179
08/16/2015,MTN,MD,AEA,EN,Federal Contract Tower,0,3,32,0,35,0,0,115,0,115,0,3,147,0,150,42,0,42,192
08/17/2015,MTN,MD,AEA,EN,Federal Contract Tower,0,7,27,0,34,0,0,94,0,94,0,7,121,0,128,72,0,72,200
08/18/2015,MTN,MD,AEA,EN,Federal Contract Tower,0,9,17,8,34,0,1,85,4,90,0,10,102,12,124,60,10,70,194
08/19/2015,MTN,MD,AEA,EN,Federal Contract Tower,0,0,23,5,28,0,0,70,4,74,0,0,93,9,102,74,0,74,176
08/20/2015,MTN,MD,AEA,EN,Federal Contract Tower,0,8,29,5,42,0,1,23,0,24,0,9,52,5,66,18,0,18,84
08/21/2015,MTN,MD,AEA,EN,Federal Contract Tower,0,0,27,4,31,0,0,122,7,129,0,0,149,11,160,94,0,94,254
08/22/2015,MTN,MD,AEA,EN,Federal Contract Tower,0,2,14,0,16,0,0,153,0,153,0,2,167,0,169,94,0,94,263
08/23/2015,MTN,MD,AEA,EN,Federal Contract Tower,0,4,26,0,30,0,0,121,0,121,0,4,147,0,151,28,0,28,179
08/24/2015,MTN,MD,AEA,EN,Federal Contract Tower,0,2,33,0,35,0,0,85,0,85,0,2,118,0,120,74,0,74,194
08/25/2015,MTN,MD,AEA,EN,Federal Contract Tower,0,2,18,3,23,0,1,106,5,112,0,3,124,8,135,128,2,130,265
08/26/2015,MTN,MD,AEA,EN,Federal Contract Tower,0,1,23,3,27,0,0,101,6,107,0,1,124,9,134,50,0,50,184
08/27/2015,MTN,MD,AEA,EN,Federal Contract Tower,0,6,26,5,37,0,0,109,5,114,0,6,135,10,151,28,0,28,179
08/28/2015,MTN,MD,AEA,EN,Federal Contract Tower,0,5,32,3,40,0,1,141,5,147,0,6,173,8,187,58,4,62,249
08/29/2015,MTN,MD,AEA,EN,Federal Contract Tower,0,4,21,0,25,0,0,156,0,156,0,4,177,0,181,116,0,116,297
08/30/2015,MTN,MD,AEA,EN,Federal Contract Tower,0,1,23,0,24,0,1,110,0,111,0,2,133,0,135,64,0,64,199
08/31/2015,MTN,MD,AEA,EN,Federal Contract Tower,0,5,15,0,20,0,0,89,0,89,0,5,104,0,109,102,0,102,211
09/01/2015,MTN,MD,AEA,EN,Federal Contract Tower,0,10,25,6,41,0,0,121,8,129,0,10,146,14,170,86,2,88,258
09/02/2015,MTN,MD,AEA,EN,Federal Contract Tower,0,4,29,5,38,0,0,94,0,94,0,4,123,5,132,170,0,170,302
09/03/2015,MTN,MD,AEA,EN,Federal Contract Tower,0,8,24,8,40,0,2,101,10,113,0,10,125,18,153,140,0,140,293
09/04/2015,MTN,MD,AEA,EN,Federal Contract Tower,0,1,50,0,51,0,0,84,0,84,0,1,134,0,135,94,0,94,229
09/05/2015,MTN,MD,AEA,EN,Federal Contract Tower,0,0,38,1,39,0,0,105,0,105,0,0,143,1,144,54,0,54,198
09/06/2015,MTN,MD,AEA,EN,Federal Contract Tower,0,4,20,0,24,0,1,98,0,99,0,5,118,0,123,98,0,98,221
09/07/2015,MTN,MD,AEA,EN,Federal Contract Tower,0,6,30,0,36,0,0,112,0,112,0,6,142,0,148,90,0,90,238
09/08/2015,MTN,MD,AEA,EN,Federal Contract Tower,0,10,38,2,50,0,0,95,3,98,0,10,133,5,148,82,0,82,230
09/09/2015,MTN,MD,AEA,EN,Federal Contract Tower,0,3,35,6,44,0,0,83,9,92,0,3,118,15,136,90,0,90,226
09/10/2015,MTN,MD,AEA,EN,Federal Contract Tower,0,5,27,0,32,0,0,12,0,12,0,5,39,0,44,0,0,0,44
09/11/2015,MTN,MD,AEA,EN,Federal Contract Tower,0,12,45,3,60,0,0,107,8,115,0,12,152,11,175,66,18,84,259
09/12/2015,MTN,MD,AEA,EN,Federal Contract Tower,0,1,17,3,21,0,0,18,3,21,0,1,35,6,42,32,0,32,74
09/13/2015,MTN,MD,AEA,EN,Federal Contract Tower,0,4,30,0,34,0,0,76,0,76,0,4,106,0,110,84,0,84,194
09/14/2015,MTN,MD,AEA,EN,Federal Contract Tower,0,11,22,0,33,0,0,95,0,95,0,11,117,0,128,64,0,64,192
09/15/2015,MTN,MD,AEA,EN,Federal Contract Tower,0,9,20,5,34,0,0,129,6,135,0,9,149,11,169,56,16,72,241
09/16/2015,MTN,MD,AEA,EN,Federal Contract Tower,0,5,33,3,41,0,0,138,3,141,0,5,171,6,182,124,0,124,306
09/17/2015,MTN,MD,AEA,EN,Federal Contract Tower,0,2,31,9,42,0,0,115,3,118,0,2,146,12,160,88,2,90,250
09/18/2015,MTN,MD,AEA,EN,Federal Contract Tower,0,5,47,5,57,0,1,123,2,126,0,6,170,7,183,100,4,104,287
09/19/2015,MTN,MD,AEA,EN,Federal Contract Tower,0,3,30,0,33,0,1,145,3,149,0,4,175,3,182,86,0,86,268
09/20/2015,MTN,MD,AEA,EN,Federal Contract Tower,0,4,22,0,26,0,1,75,0,76,0,5,97,0,102,94,0,94,196
09/21/2015,MTN,MD,AEA,EN,Federal Contract Tower,0,5,33,1,39,0,0,95,2,97,0,5,128,3,136,122,0,122,258
09/22/2015,MTN,MD,AEA,EN,Federal Contract Tower,0,8,30,1,39,0,0,99,1,100,0,8,129,2,139,142,0,142,281
09/23/2015,MTN,MD,AEA,EN,Federal Contract Tower,0,7,20,0,27,0,1,105,0,106,0,8,125,0,133,98,0,98,231
09/24/2015,MTN,MD,AEA,EN,Federal Contract Tower,0,2,38,0,40,0,0,103,0,103,0,2,141,0,143,64,0,64,207
09/25/2015,MTN,MD,AEA,EN,Federal Contract Tower,0,4,24,2,30,0,1,121,0,122,0,5,145,2,152,42,2,44,196
09/26/2015,MTN,MD,AEA,EN,Federal Contract Tower,0,6,8,0,14,0,0,75,0,75,0,6,83,0,89,64,0,64,153
09/27/2015,MTN,MD,AEA,EN,Federal Contract Tower,0,6,24,1,31,0,0,54,0,54,0,6,78,1,85,50,0,50,135
09/28/2015,MTN,MD,AEA,EN,Federal Contract Tower,0,8,19,0,27,0,0,62,0,62,0,8,81,0,89,42,0,42,131
09/29/2015,MTN,MD,AEA,EN,Federal Contract Tower,0,4,14,1,19,0,0,21,0,21,0,4,35,1,40,32,0,32,72
09/30/2015,MTN,MD,AEA,EN,Federal Contract Tower,0,2,28,1,31,0,0,42,0,42,0,2,70,1,73,72,0,72,145
10/01/2015,MTN,MD,AEA,EN,Federal Contract Tower,0,2,34,10,46,0,0,21,0,21,0,2,55,10,67,36,0,36,103
10/02/2015,MTN,MD,AEA,EN,Federal Contract Tower,0,4,17,7,28,0,0,2,0,2,0,4,19,7,30,0,0,0,30
10/03/2015,MTN,MD,AEA,EN,Federal Contract Tower,0,4,7,0,11,0,0,9,0,9,0,4,16,0,20,4,0,4,24
10/04/2015,MTN,MD,AEA,EN,Federal Contract Tower,0,1,24,0,25,0,0,21,0,21,0,1,45,0,46,4,0,4,50
10/06/2015,MTN,MD,AEA,EN,Federal Contract Tower,0,8,28,6,42,0,0,133,8,141,0,8,161,14,183,92,4,96,279
10/07/2015,MTN,MD,AEA,EN,Federal Contract Tower,0,4,35,6,45,0,0,123,9,132,0,4,158,15,177,106,0,106,283
10/08/2015,MTN,MD,AEA,EN,Federal Contract Tower,0,2,27,11,40,0,1,135,10,146,0,3,162,21,186,152,4,156,342
10/09/2015,MTN,MD,AEA,EN,Federal Contract Tower,0,2,38,0,40,0,2,79,0,81,0,4,117,0,121,96,0,96,217
10/10/2015,MTN,MD,AEA,EN,Federal Contract Tower,0,4,26,0,30,0,0,155,0,155,0,4,181,0,185,132,0,132,317
10/11/2015,MTN,MD,AEA,EN,Federal Contract Tower,0,5,39,0,44,0,0,158,0,158,0,5,197,0,202,134,0,134,336
10/12/2015,MTN,MD,AEA,EN,Federal Contract Tower,0,5,23,0,28,0,2,157,0,159,0,7,180,0,187,150,0,150,337
10/13/2015,MTN,MD,AEA,EN,Federal Contract Tower,0,6,21,5,32,0,0,105,3,108,0,6,126,8,140,150,0,150,290
10/14/2015,MTN,MD,AEA,EN,Federal Contract Tower,0,4,31,5,40,0,2,106,8,116,0,6,137,13,156,182,0,182,338
10/15/2015,MTN,MD,AEA,EN,Federal Contract Tower,0,8,38,6,52,0,0,147,7,154,0,8,185,13,206,168,0,168,374
10/16/2015,MTN,MD,AEA,EN,Federal Contract Tower,0,3,37,4,44,0,3,117,18,138,0,6,154,22,182,194,22,216,398
10/17/2015,MTN,MD,AEA,EN,Federal Contract Tower,0,3,23,12,38,0,0,174,12,186,0,3,197,24,224,134,28,162,386
10/18/2015,MTN,MD,AEA,EN,Federal Contract Tower,0,9,24,0,33,0,0,99,0,99,0,9,123,0,132,88,0,88,220
10/19/2015,MTN,MD,AEA,EN,Federal Contract Tower,0,4,20,0,24,0,0,129,0,129,0,4,149,0,153,224,0,224,377
10/20/2015,MTN,MD,AEA,EN,Federal Contract Tower,0,4,18,7,29,0,0,154,12,166,0,4,172,19,195,168,10,178,373
10/21/2015,MTN,MD,AEA,EN,Federal Contract Tower,0,2,16,11,29,0,2,134,4,140,0,4,150,15,169,200,6,206,375
10/22/2015,MTN,MD,AEA,EN,Federal Contract Tower,0,4,28,6,38,0,0,141,5,146,0,4,169,11,184,250,0,250,434
10/23/2015,MTN,MD,AEA,EN,Federal Contract Tower,0,7,28,3,38,0,0,131,3,134,0,7,159,6,172,208,12,220,392
10/24/2015,MTN,MD,AEA,EN,Federal Contract Tower,0,2,16,0,18,0,0,125,0,125,0,2,141,0,143,54,0,54,197
10/25/2015,MTN,MD,AEA,EN,Federal Contract Tower,0,5,23,0,28,0,0,68,0,68,0,5,91,0,96,150,0,150,246
10/26/2015,MTN,MD,AEA,EN,Federal Contract Tower,0,3,26,0,29,0,0,125,0,125,0,3,151,0,154,176,0,176,330
10/27/2015,MTN,MD,AEA,EN,Federal Contract Tower,0,5,25,9,39,0,0,115,10,125,0,5,140,19,164,80,4,84,248
10/28/2015,MTN,MD,AEA,EN,Federal Contract Tower,0,6,20,0,26,0,0,0,0,0,0,6,20,0,26,0,0,0,26
10/29/2015,MTN,MD,AEA,EN,Federal Contract Tower,0,13,25,9,47,0,1,79,10,90,0,14,104,19,137,134,2,136,273
10/30/2015,MTN,MD,AEA,EN,Federal Contract Tower,0,8,31,5,44,0,0,139,4,143,0,8,170,9,187,98,0,98,285
10/31/2015,MTN,MD,AEA,EN,Federal Contract Tower,0,2,32,0,34,0,0,150,0,150,0,2,182,0,184,170,0,170,354
11/01/2015,MTN,MD,AEA,EN,Federal Contract Tower,0,12,22,0,34,0,1,83,0,84,0,13,105,0,118,98,0,98,216
11/02/2015,MTN,MD,AEA,EN,Federal Contract Tower,0,6,16,0,22,0,0,120,0,120,0,6,136,0,142,180,0,180,322
11/03/2015,MTN,MD,AEA,EN,Federal Contract Tower,0,2,14,3,19,0,0,121,6,127,0,2,135,9,146,114,0,114,260
11/04/2015,MTN,MD,AEA,EN,Federal Contract Tower,0,7,32,4,43,0,2,154,6,162,0,9,186,10,205,144,4,148,353
11/05/2015,MTN,MD,AEA,EN,Federal Contract Tower,0,1,19,8,28,0,0,0,0,0,0,1,19,8,28,0,0,0,28
11/06/2015,MTN,MD,AEA,EN,Federal Contract Tower,0,3,40,8,51,0,0,80,3,83,0,3,120,11,134,118,0,118,252
11/07/2015,MTN,MD,AEA,EN,Federal Contract Tower,0,7,13,0,20,0,0,56,0,56,0,7,69,0,76,130,0,130,206
11/08/2015,MTN,MD,AEA,EN,Federal Contract Tower,0,8,28,0,36,0,2,135,0,137,0,10,163,0,173,176,0,176,349
11/09/2015,MTN,MD,AEA,EN,Federal Contract Tower,0,4,35,0,39,0,0,103,2,105,0,4,138,2,144,96,4,100,244
11/10/2015,MTN,MD,AEA,EN,Federal Contract Tower,0,4,24,1,29,0,0,1,0,1,0,4,25,1,30,0,0,0,30
11/11/2015,MTN,MD,AEA,EN,Federal Contract Tower,0,3,32,0,35,0,0,98,0,98,0,3,130,0,133,72,0,72,205
11/12/2015,MTN,MD,AEA,EN,Federal Contract Tower,0,4,22,10,36,0,0,88,10,98,0,4,110,20,134,122,4,126,260
11/13/2015,MTN,MD,AEA,EN,Federal Contract Tower,0,1,38,5,44,0,0,68,8,76,0,1,106,13,120,24,52,76,196
11/14/2015,MTN,MD,AEA,EN,Federal Contract Tower,0,1,11,9,21,0,1,71,13,85,0,2,82,22,106,82,8,90,196
11/15/2015,MTN,MD,AEA,EN,Federal Contract Tower,0,4,25,0,29,0,0,145,0,145,0,4,170,0,174,168,0,168,342
11/16/2015,MTN,MD,AEA,EN,Federal Contract Tower,0,4,26,0,30,0,0,143,0,143,0,4,169,0,173,228,0,228,401
11/17/2015,MTN,MD,AEA,EN,Federal Contract Tower,0,8,32,5,45,0,1,101,9,111,0,9,133,14,156,84,4,88,244
11/19/2015,MTN,MD,AEA,EN,Federal Contract Tower,0,3,20,0,23,0,0,1,0,1,0,3,21,0,24,18,0,18,42
11/20/2015,MTN,MD,AEA,EN,Federal Contract Tower,0,6,25,5,36,0,1,115,6,122,0,7,140,11,158,202,12,214,372
11/21/2015,MTN,MD,AEA,EN,Federal Contract Tower,0,12,28,0,40,0,0,134,2,136,0,12,162,2,176,138,0,138,314
11/22/2015,MTN,MD,AEA,EN,Federal Contract Tower,0,12,23,0,35,0,0,62,0,62,0,12,85,0,97,120,0,120,217
11/23/2015,MTN,MD,AEA,EN,Federal Contract Tower,0,5,14,5,24,0,0,104,4,108,0,5,118,9,132,104,2,106,238
11/24/2015,MTN,MD,AEA,EN,Federal Contract Tower,0,9,24,5,38,0,1,113,16,130,0,10,137,21,168,104,0,104,272
11/25/2015,MTN,MD,AEA,EN,Federal Contract Tower,0,4,27,2,33,0,0,140,6,146,0,4,167,8,179,130,8,138,317
11/26/2015,MTN,MD,AEA,EN,Federal Contract Tower,0,3,11,0,14,0,0,37,0,37,0,3,48,0,51,0,0,0,51
11/27/2015,MTN,MD,AEA,EN,Federal Contract Tower,0,3,21,0,24,0,1,112,0,113,0,4,133,0,137,134,0,134,271
11/28/2015,MTN,MD,AEA,EN,Federal Contract Tower,0,8,21,0,29,0,1,89,0,90,0,9,110,0,119,110,0,110,229
11/29/2015,MTN,MD,AEA,EN,Federal Contract Tower,0,5,35,0,40,0,0,12,0,12,0,5,47,0,52,18,0,18,70
11/30/2015,MTN,MD,AEA,EN,Federal Contract Tower,0,11,31,0,42,0,2,34,0,36,0,13,65,0,78,48,0,48,126
12/01/2015,MTN,MD,AEA,EN,Federal Contract Tower,0,11,25,2,38,0,0,0,0,0,0,11,25,2,38,0,0,0,38
12/02/2015,MTN,MD,AEA,EN,Federal Contract Tower,0,0,16,0,16,0,0,1,0,1,0,0,17,0,17,0,0,0,17
12/03/2015,MTN,MD,AEA,EN,Federal Contract Tower,0,0,26,13,39,0,1,64,13,78,0,1,90,26,117,28,4,32,149
12/04/2015,MTN,MD,AEA,EN,Federal Contract Tower,0,2,28,7,37,0,0,158,15,173,0,2,186,22,210,134,12,146,356
12/05/2015,MTN,MD,AEA,EN,Federal Contract Tower,0,4,33,6,43,0,1,136,9,146,0,5,169,15,189,166,10,176,365
12/06/2015,MTN,MD,AEA,EN,Federal Contract Tower,0,1,22,1,24,0,0,136,1,137,0,1,158,2,161,170,0,170,331
12/07/2015,MTN,MD,AEA,EN,Federal Contract Tower,0,5,20,4,29,0,0,108,0,108,0,5,128,4,137,96,0,96,233
12/08/2015,MTN,MD,AEA,EN,Federal Contract Tower,0,10,20,8,38,0,1,122,9,132,0,11,142,17,170,116,0,116,286
12/09/2015,MTN,MD,AEA,EN,Federal Contract Tower,0,4,38,10,52,0,0,49,8,57,0,4,87,18,109,28,10,38,147
12/10/2015,MTN,MD,AEA,EN,Federal Contract Tower,0,6,34,9,49,0,1,128,9,138,0,7,162,18,187,158,2,160,347
12/11/2015,MTN,MD,AEA,EN,Federal Contract Tower,0,7,25,4,36,0,0,131,6,137,0,7,156,10,173,130,12,142,315
12/12/2015,MTN,MD,AEA,EN,Federal Contract Tower,0,2,23,0,25,0,1,122,0,123,0,3,145,0,148,162,0,162,310
12/13/2015,MTN,MD,AEA,EN,Federal Contract Tower,0,2,16,1,19,0,0,128,0,128,0,2,144,1,147,110,0,110,257
12/14/2015,MTN,MD,AEA,EN,Federal Contract Tower,0,1,18,0,19,0,0,42,0,42,0,1,60,0,61,14,0,14,75
12/15/2015,MTN,MD,AEA,EN,Federal Contract Tower,0,3,19,6,28,0,0,74,5,79,0,3,93,11,107,24,0,24,131
12/16/2015,MTN,MD,AEA,EN,Federal Contract Tower,0,4,26,4,34,0,0,158,6,164,0,4,184,10,198,116,0,116,314
12/17/2015,MTN,MD,AEA,EN,Federal Contract Tower,0,1,17,10,28,0,0,0,0,0,0,1,17,10,28,0,0,0,28
12/18/2015,MTN,MD,AEA,EN,Federal Contract Tower,0,10,34,3,47,0,0,97,3,100,0,10,131,6,147,68,2,70,217
12/19/2015,MTN,MD,AEA,EN,Federal Contract Tower,0,4,10,0,14,0,1,52,0,53,0,5,62,0,67,58,0,58,125
12/20/2015,MTN,MD,AEA,EN,Federal Contract Tower,0,2,14,0,16,0,0,142,0,142,0,2,156,0,158,0,144,144,302
12/21/2015,MTN,MD,AEA,EN,Federal Contract Tower,0,8,21,6,35,0,1,113,0,114,0,9,134,6,149,96,0,96,245
12/22/2015,MTN,MD,AEA,EN,Federal Contract Tower,0,6,26,5,37,0,0,13,0,13,0,6,39,5,50,32,0,32,82
12/23/2015,MTN,MD,AEA,EN,Federal Contract Tower,0,1,9,0,10,0,0,0,0,0,0,1,9,0,10,0,0,0,10
12/24/2015,MTN,MD,AEA,EN,Federal Contract Tower,0,3,9,0,12,0,0,31,0,31,0,3,40,0,43,18,0,18,61
12/25/2015,MTN,MD,AEA,EN,Federal Contract Tower,0,3,4,0,7,0,0,0,0,0,0,3,4,0,7,0,0,0,7
12/26/2015,MTN,MD,AEA,EN,Federal Contract Tower,0,4,16,0,20,0,0,39,0,39,0,4,55,0,59,42,0,42,101
12/27/2015,MTN,MD,AEA,EN,Federal Contract Tower,0,0,19,0,19,0,1,24,0,25,0,1,43,0,44,24,0,24,68
12/28/2015,MTN,MD,AEA,EN,Federal Contract Tower,0,11,17,0,28,0,0,82,0,82,0,11,99,0,110,90,0,90,200
12/29/2015,MTN,MD,AEA,EN,Federal Contract Tower,0,4,17,4,25,0,0,31,4,35,0,4,48,8,60,68,0,68,128
12/30/2015,MTN,MD,AEA,EN,Federal Contract Tower,0,4,9,10,23,0,0,4,0,4,0,4,13,10,27,16,0,16,43
12/31/2015,MTN,MD,AEA,EN,Federal Contract Tower,0,1,14,1,16,0,1,126,4,131,0,2,140,5,147,152,0,152,299
01/01/2016,MTN,MD,AEA,EN,Federal Contract Tower,0,2,8,0,10,0,3,55,0,58,0,5,63,0,68,46,0,46,114
01/02/2016,MTN,MD,AEA,EN,Federal Contract Tower,0,2,25,0,27,0,0,109,0,109,0,2,134,0,136,128,0,128,264
01/03/2016,MTN,MD,AEA,EN,Federal Contract Tower,0,2,22,0,24,0,0,108,0,108,0,2,130,0,132,102,0,102,234
01/04/2016,MTN,MD,AEA,EN,Federal Contract Tower,0,8,16,0,24,0,1,82,0,83,0,9,98,0,107,51,0,51,158
01/05/2016,MTN,MD,AEA,EN,Federal Contract Tower,0,2,14,7,23,0,0,99,8,107,0,2,113,15,130,98,4,102,232
01/06/2016,MTN,MD,AEA,EN,Federal Contract Tower,0,8,23,6,37,0,0,102,10,112,0,8,125,16,149,140,0,140,289
01/07/2016,MTN,MD,AEA,EN,Federal Contract Tower,0,4,42,13,59,0,0,82,2,84,0,4,124,15,143,216,0,216,359
01/08/2016,MTN,MD,AEA,EN,Federal Contract Tower,0,0,30,8,38,0,0,13,2,15,0,0,43,10,53,0,2,2,55
01/09/2016,MTN,MD,AEA,EN,Federal Contract Tower,0,4,23,16,43,0,0,6,0,6,0,4,29,16,49,6,0,6,55
01/10/2016,MTN,MD,AEA,EN,Federal Contract Tower,0,0,13,0,13,0,0,9,0,9,0,0,22,0,22,0,0,0,22
01/11/2016,MTN,MD,AEA,EN,Federal Contract Tower,0,2,21,0,23,0,0,79,0,79,0,2,100,0,102,76,0,76,178
01/12/2016,MTN,MD,AEA,EN,Federal Contract Tower,0,2,17,10,29,0,0,61,2,63,0,2,78,12,92,76,0,76,168
01/13/2016,MTN,MD,AEA,EN,Federal Contract Tower,0,7,14,6,27,0,0,65,8,73,0,7,79,14,100,70,4,74,174
01/14/2016,MTN,MD,AEA,EN,Federal Contract Tower,0,13,24,6,43,0,0,101,6,107,0,13,125,12,150,128,8,136,286
01/15/2016,MTN,MD,AEA,EN,Federal Contract Tower,0,5,25,0,30,0,0,106,0,106,0,5,131,0,136,164,0,164,300
01/16/2016,MTN,MD,AEA,EN,Federal Contract Tower,0,2,13,0,15,0,0,81,0,81,0,2,94,0,96,86,0,86,182
01/17/2016,MTN,MD,AEA,EN,Federal Contract Tower,0,6,10,0,16,0,1,39,0,40,0,7,49,0,56,22,0,22,78
01/18/2016,MTN,MD,AEA,EN,Federal Contract Tower,0,2,14,0,16,0,0,32,0,32,0,2,46,0,48,30,0,30,78
01/19/2016,MTN,MD,AEA,EN,Federal Contract Tower,0,2,19,7,28,0,0,47,5,52,0,2,66,12,80,90,0,90,170
01/20/2016,MTN,MD,AEA,EN,Federal Contract Tower,0,6,9,1,16,0,1,92,0,93,0,7,101,1,109,102,0,102,211
01/21/2016,MTN,MD,AEA,EN,Federal Contract Tower,0,2,18,2,22,0,1,113,0,114,0,3,131,2,136,122,0,122,258
01/22/2016,MTN,MD,AEA,EN,Federal Contract Tower,0,0,4,6,10,0,0,37,0,37,0,0,41,6,47,34,0,34,81
01/23/2016,MTN,MD,AEA,EN,Federal Contract Tower,0,0,0,0,0,0,0,0,0,0,0,0,0,0,0,0,0,0,0
01/24/2016,MTN,MD,AEA,EN,Federal Contract Tower,0,0,0,0,0,0,0,16,0,16,0,0,16,0,16,0,0,0,16
01/25/2016,MTN,MD,AEA,EN,Federal Contract Tower,0,0,0,0,0,0,0,40,2,42,0,0,40,2,42,0,0,0,42
01/26/2016,MTN,MD,AEA,EN,Federal Contract Tower,0,2,2,0,4,0,0,38,0,38,0,2,40,0,42,0,0,0,42
01/27/2016,MTN,MD,AEA,EN,Federal Contract Tower,0,0,16,0,16,0,0,61,0,61,0,0,77,0,77,152,0,152,229
01/28/2016,MTN,MD,AEA,EN,Federal Contract Tower,0,0,22,0,22,0,1,86,0,87,0,1,108,0,109,130,0,130,239
01/29/2016,MTN,MD,AEA,EN,Federal Contract Tower,0,0,21,0,21,0,1,66,0,67,0,1,87,0,88,134,0,134,222
01/30/2016,MTN,MD,AEA,EN,Federal Contract Tower,0,1,17,0,18,0,0,125,1,126,0,1,142,1,144,72,0,72,216
01/31/2016,MTN,MD,AEA,EN,Federal Contract Tower,0,8,10,0,18,0,0,101,0,101,0,8,111,0,119,104,0,104,223
02/01/2016,MTN,MD,AEA,EN,Federal Contract Tower,0,8,23,0,31,0,0,60,0,60,0,8,83,0,91,10,0,10,101
02/02/2016,MTN,MD,AEA,EN,Federal Contract Tower,0,5,23,3,31,0,0,112,1,113,0,5,135,4,144,152,2,154,298
02/03/2016,MTN,MD,AEA,EN,Federal Contract Tower,0,9,17,0,26,0,0,0,0,0,0,9,17,0,26,0,0,0,26
02/04/2016,MTN,MD,AEA,EN,Federal Contract Tower,0,3,33,0,36,0,0,76,0,76,0,3,109,0,112,182,0,182,294
02/05/2016,MTN,MD,AEA,EN,Federal Contract Tower,0,1,17,0,18,0,0,74,0,74,0,1,91,0,92,84,0,84,176
02/06/2016,MTN,MD,AEA,EN,Federal Contract Tower,0,4,16,5,25,0,0,119,0,119,0,4,135,5,144,186,0,186,330
02/07/2016,MTN,MD,AEA,EN,Federal Contract Tower,0,4,16,5,25,0,0,110,3,113,0,4,126,8,138,70,0,70,208
02/08/2016,MTN,MD,AEA,EN,Federal Contract Tower,0,5,32,0,37,0,0,88,0,88,0,5,120,0,125,61,0,61,186
02/09/2016,MTN,MD,AEA,EN,Federal Contract Tower,0,5,11,4,20,0,0,7,0,7,0,5,18,4,27,0,0,0,27
02/10/2016,MTN,MD,AEA,EN,Federal Contract Tower,0,5,28,7,40,0,1,65,4,70,0,6,93,11,110,54,0,54,164
02/11/2016,MTN,MD,AEA,EN,Federal Contract Tower,0,6,18,4,28,0,0,49,4,53,0,6,67,8,81,22,2,24,105
02/12/2016,MTN,MD,AEA,EN,Federal Contract Tower,0,5,29,0,34,0,0,80,0,80,0,5,109,0,114,82,0,82,196
02/13/2016,MTN,MD,AEA,EN,Federal Contract Tower,0,0,9,0,9,0,0,12,0,12,0,0,21,0,21,0,0,0,21
02/14/2016,MTN,MD,AEA,EN,Federal Contract Tower,0,2,12,0,14,0,1,95,0,96,0,3,107,0,110,62,0,62,172
02/15/2016,MTN,MD,AEA,EN,Federal Contract Tower,0,5,11,0,16,0,0,0,0,0,0,5,11,0,16,0,0,0,16
02/16/2016,MTN,MD,AEA,EN,Federal Contract Tower,0,7,21,0,28,0,1,30,0,31,0,8,51,0,59,0,0,0,59
02/17/2016,MTN,MD,AEA,EN,Federal Contract Tower,0,9,25,6,40,0,0,113,10,123,0,9,138,16,163,136,4,140,303
02/18/2016,MTN,MD,AEA,EN,Federal Contract Tower,0,3,36,9,48,0,0,86,10,96,0,3,122,19,144,52,2,54,198
02/19/2016,MTN,MD,AEA,EN,Federal Contract Tower,0,5,21,7,33,0,0,112,7,119,0,5,133,14,152,100,4,104,256
02/20/2016,MTN,MD,AEA,EN,Federal Contract Tower,0,1,13,0,14,0,0,155,0,155,0,1,168,0,169,166,0,166,335
02/21/2016,MTN,MD,AEA,EN,Federal Contract Tower,0,3,16,0,19,0,0,54,0,54,0,3,70,0,73,28,0,28,101
02/22/2016,MTN,MD,AEA,EN,Federal Contract Tower,0,4,27,0,31,0,1,139,0,140,0,5,166,0,171,210,0,210,381
02/23/2016,MTN,MD,AEA,EN,Federal Contract Tower,0,9,10,3,22,0,0,0,0,0,0,9,10,3,22,0,0,0,22
02/24/2016,MTN,MD,AEA,EN,Federal Contract Tower,0,3,6,0,9,0,0,0,0,0,0,3,6,0,9,0,0,0,9
02/25/2016,MTN,MD,AEA,EN,Federal Contract Tower,0,0,25,8,33,0,0,40,6,46,0,0,65,14,79,0,0,0,79
02/26/2016,MTN,MD,AEA,EN,Federal Contract Tower,0,4,25,9,38,0,0,34,10,44,0,4,59,19,82,0,12,12,94
02/27/2016,MTN,MD,AEA,EN,Federal Contract Tower,0,2,16,0,18,0,1,151,0,152,0,3,167,0,170,160,0,160,330
02/28/2016,MTN,MD,AEA,EN,Federal Contract Tower,0,6,23,0,29,0,2,129,0,131,0,8,152,0,160,180,0,180,340
02/29/2016,MTN,MD,AEA,EN,Federal Contract Tower,0,2,19,0,21,0,0,59,0,59,0,2,78,0,80,64,0,64,144
03/01/2016,MTN,MD,AEA,EN,Federal Contract Tower,0,2,33,8,43,0,1,124,8,133,0,3,157,16,176,212,0,212,388
03/02/2016,MTN,MD,AEA,EN,Federal Contract Tower,0,5,25,7,37,0,1,11,7,19,0,6,36,14,56,0,2,2,58
03/03/2016,MTN,MD,AEA,EN,Federal Contract Tower,0,9,39,8,56,0,0,104,9,113,0,9,143,17,169,168,6,174,343
03/04/2016,MTN,MD,AEA,EN,Federal Contract Tower,0,4,31,2,37,0,0,34,5,39,0,4,65,7,76,42,0,42,118
03/05/2016,MTN,MD,AEA,EN,Federal Contract Tower,0,3,22,8,33,0,1,135,11,147,0,4,157,19,180,76,0,76,256
03/06/2016,MTN,MD,AEA,EN,Federal Contract Tower,0,3,21,0,24,0,0,84,0,84,0,3,105,0,108,136,0,136,244
03/07/2016,MTN,MD,AEA,EN,Federal Contract Tower,0,5,27,0,32,0,0,121,0,121,0,5,148,0,153,152,0,152,305
03/08/2016,MTN,MD,AEA,EN,Federal Contract Tower,0,6,22,5,33,0,0,111,5,116,0,6,133,10,149,116,0,116,265
03/09/2016,MTN,MD,AEA,EN,Federal Contract Tower,0,3,27,6,36,0,0,121,7,128,0,3,148,13,164,200,4,204,368
03/10/2016,MTN,MD,AEA,EN,Federal Contract Tower,0,4,36,6,46,0,1,129,8,138,0,5,165,14,184,208,0,208,392
03/11/2016,MTN,MD,AEA,EN,Federal Contract Tower,0,2,36,3,41,0,0,126,4,130,0,2,162,7,171,178,4,182,353
03/12/2016,MTN,MD,AEA,EN,Federal Contract Tower,0,2,20,0,22,0,2,142,0,144,0,4,162,0,166,152,0,152,318
03/13/2016,MTN,MD,AEA,EN,Federal Contract Tower,0,0,22,0,22,0,0,14,0,14,0,0,36,0,36,0,0,0,36
03/14/2016,MTN,MD,AEA,EN,Federal Contract Tower,0,3,25,1,29,0,2,8,0,10,0,5,33,1,39,36,0,36,75
03/15/2016,MTN,MD,AEA,EN,Federal Contract Tower,0,4,43,6,53,0,1,51,4,56,0,5,94,10,109,180,0,180,289
03/16/2016,MTN,MD,AEA,EN,Federal Contract Tower,0,3,20,5,28,0,0,87,6,93,0,3,107,11,121,198,2,200,321
03/17/2016,MTN,MD,AEA,EN,Federal Contract Tower,0,6,14,5,25,0,0,93,6,99,0,6,107,11,124,148,0,148,272
03/18/2016,MTN,MD,AEA,EN,Federal Contract Tower,0,7,24,3,34,0,1,68,4,73,0,8,92,7,107,86,4,90,197
03/19/2016,MTN,MD,AEA,EN,Federal Contract Tower,0,3,11,0,14,0,0,42,0,42,0,3,53,0,56,74,0,74,130
03/20/2016,MTN,MD,AEA,EN,Federal Contract Tower,0,1,21,0,22,0,0,22,0,22,0,1,43,0,44,2,0,2,46
03/21/2016,MTN,MD,AEA,EN,Federal Contract Tower,0,2,20,0,22,0,0,60,0,60,0,2,80,0,82,86,0,86,168
03/22/2016,MTN,MD,AEA,EN,Federal Contract Tower,0,4,18,3,25,0,0,132,4,136,0,4,150,7,161,220,0,220,381
03/23/2016,MTN,MD,AEA,EN,Federal Contract Tower,0,6,18,3,27,0,1,122,7,130,0,7,140,10,157,200,2,202,359
03/24/2016,MTN,MD,AEA,EN,Federal Contract Tower,0,4,26,3,33,0,2,143,2,147,0,6,169,5,180,138,4,142,322
03/25/2016,MTN,MD,AEA,EN,Federal Contract Tower,0,2,16,2,20,0,0,54,8,62,0,2,70,10,82,74,0,74,156
03/26/2016,MTN,MD,AEA,EN,Federal Contract Tower,0,2,16,2,20,0,0,158,0,158,0,2,174,2,178,98,0,98,276
03/27/2016,MTN,MD,AEA,EN,Federal Contract Tower,0,3,19,0,22,0,0,24,0,24,0,3,43,0,46,28,0,28,74
03/28/2016,MTN,MD,AEA,EN,Federal Contract Tower,0,4,31,2,37,0,0,13,0,13,0,4,44,2,50,0,0,0,50
03/29/2016,MTN,MD,AEA,EN,Federal Contract Tower,0,4,28,4,36,0,3,50,6,59,0,7,78,10,95,62,2,64,159
03/30/2016,MTN,MD,AEA,EN,Federal Contract Tower,0,0,32,5,37,0,0,129,9,138,0,0,161,14,175,174,8,182,357
03/31/2016,MTN,MD,AEA,EN,Federal Contract Tower,0,6,37,8,51,0,0,62,8,70,0,6,99,16,121,106,12,118,239
04/01/2016,MTN,MD,AEA,EN,Federal Contract Tower,0,2,9,7,18,0,0,44,6,50,0,2,53,13,68,80,10,90,158
04/02/2016,MTN,MD,AEA,EN,Federal Contract Tower,0,2,18,15,35,0,0,74,8,82,0,2,92,23,117,100,6,106,223
04/03/2016,MTN,MD,AEA,EN,Federal Contract Tower,0,1,15,0,16,0,1,20,0,21,0,2,35,0,37,4,0,4,41
04/04/2016,MTN,MD,AEA,EN,Federal Contract Tower,0,1,22,0,23,0,1,70,0,71,0,2,92,0,94,42,0,42,136
04/05/2016,MTN,MD,AEA,EN,Federal Contract Tower,0,2,31,6,39,0,2,80,12,94,0,4,111,18,133,46,0,46,179
04/06/2016,MTN,MD,AEA,EN,Federal Contract Tower,0,5,32,9,46,0,0,105,6,111,0,5,137,15,157,128,0,128,285
04/07/2016,MTN,MD,AEA,EN,Federal Contract Tower,0,4,29,2,35,0,0,31,6,37,0,4,60,8,72,20,0,20,92
04/08/2016,MTN,MD,AEA,EN,Federal Contract Tower,0,5,33,4,42,0,0,78,7,85,0,5,111,11,127,84,12,96,223
04/09/2016,MTN,MD,AEA,EN,Federal Contract Tower,0,6,19,8,33,0,0,3,0,3,0,6,22,8,36,4,0,4,40
04/10/2016,MTN,MD,AEA,EN,Federal Contract Tower,0,2,26,0,28,0,1,142,2,145,0,3,168,2,173,166,0,166,339
04/11/2016,MTN,MD,AEA,EN,Federal Contract Tower,0,7,16,4,27,0,0,102,0,102,0,7,118,4,129,176,0,176,305
04/12/2016,MTN,MD,AEA,EN,Federal Contract Tower,0,6,31,5,42,0,0,60,4,64,0,6,91,9,106,58,4,62,168
04/13/2016,MTN,MD,AEA,EN,Federal Contract Tower,0,0,34,4,38,0,0,142,4,146,0,0,176,8,184,188,2,190,374
04/14/2016,MTN,MD,AEA,EN,Federal Contract Tower,0,3,31,12,46,0,0,172,8,180,0,3,203,20,226,182,2,184,410
04/15/2016,MTN,MD,AEA,EN,Federal Contract Tower,0,4,30,7,41,0,0,162,9,171,0,4,192,16,212,170,16,186,398
04/16/2016,MTN,MD,AEA,EN,Federal Contract Tower,0,6,18,0,24,0,1,150,0,151,0,7,168,0,175,88,0,88,263
04/17/2016,MTN,MD,AEA,EN,Federal Contract Tower,0,3,22,0,25,0,1,136,0,137,0,4,158,0,162,106,0,106,268
04/18/2016,MTN,MD,AEA,EN,Federal Contract Tower,0,4,18,0,22,0,0,152,0,152,0,4,170,0,174,218,0,218,392
04/19/2016,MTN,MD,AEA,EN,Federal Contract Tower,0,2,32,8,42,0,3,90,8,101,0,5,122,16,143,62,0,62,205
04/20/2016,MTN,MD,AEA,EN,Federal Contract Tower,0,10,22,7,39,0,0,150,5,155,0,10,172,12,194,244,0,244,438
04/21/2016,MTN,MD,AEA,EN,Federal Contract Tower,0,1,31,9,41,0,1,129,12,142,0,2,160,21,183,112,0,112,295
04/22/2016,MTN,MD,AEA,EN,Federal Contract Tower,0,3,36,6,45,0,2,69,5,76,0,5,105,11,121,112,14,126,247
04/23/2016,MTN,MD,AEA,EN,Federal Contract Tower,0,2,15,1,18,0,2,66,0,68,0,4,81,1,86,80,0,80,166
04/24/2016,MTN,MD,AEA,EN,Federal Contract Tower,0,2,24,0,26,0,0,134,0,134,0,2,158,0,160,118,0,118,278
04/25/2016,MTN,MD,AEA,EN,Federal Contract Tower,0,4,30,0,34,0,3,145,0,148,0,7,175,0,182,146,0,146,328
04/26/2016,MTN,MD,AEA,EN,Federal Contract Tower,0,6,27,9,42,0,0,53,6,59,0,6,80,15,101,20,4,24,125
04/27/2016,MTN,MD,AEA,EN,Federal Contract Tower,0,2,58,10,70,0,0,48,0,48,0,2,106,10,118,98,0,98,216
04/28/2016,MTN,MD,AEA,EN,Federal Contract Tower,0,0,51,4,55,0,0,40,0,40,0,0,91,4,95,54,0,54,149
04/29/2016,MTN,MD,AEA,EN,Federal Contract Tower,0,6,43,9,58,0,1,12,0,13,0,7,55,9,71,22,0,22,93
04/30/2016,MTN,MD,AEA,EN,Federal Contract Tower,0,3,33,0,36,0,0,85,0,85,0,3,118,0,121,118,0,118,239
05/01/2016,MTN,MD,AEA,EN,Federal Contract Tower,0,8,23,0,31,0,0,0,0,0,0,8,23,0,31,0,0,0,31
05/03/2016,MTN,MD,AEA,EN,Federal Contract Tower,0,3,29,0,32,0,3,12,0,15,0,6,41,0,47,40,0,40,87
05/04/2016,MTN,MD,AEA,EN,Federal Contract Tower,0,2,47,3,52,0,0,15,0,15,0,2,62,3,67,86,0,86,153
05/05/2016,MTN,MD,AEA,EN,Federal Contract Tower,0,5,44,4,53,0,0,39,0,39,0,5,83,4,92,50,0,50,142
05/06/2016,MTN,MD,AEA,EN,Federal Contract Tower,0,9,43,0,52,0,0,1,0,1,0,9,44,0,53,0,0,0,53
05/07/2016,MTN,MD,AEA,EN,Federal Contract Tower,0,5,22,0,27,0,0,117,0,117,0,5,139,0,144,130,0,130,274
05/08/2016,MTN,MD,AEA,EN,Federal Contract Tower,0,6,18,0,24,0,1,78,0,79,0,7,96,0,103,57,0,57,160
05/09/2016,MTN,MD,AEA,EN,Federal Contract Tower,0,7,25,0,32,0,2,125,0,127,0,9,150,0,159,110,0,110,269
05/10/2016,MTN,MD,AEA,EN,Federal Contract Tower,0,3,39,2,44,0,1,76,1,78,0,4,115,3,122,106,2,108,230
05/11/2016,MTN,MD,AEA,EN,Federal Contract Tower,0,8,43,0,51,0,0,31,0,31,0,8,74,0,82,46,0,46,128
05/12/2016,MTN,MD,AEA,EN,Federal Contract Tower,0,4,51,6,61,0,0,51,2,53,0,4,102,8,114,88,0,88,202
05/13/2016,MTN,MD,AEA,EN,Federal Contract Tower,0,7,36,7,50,0,0,19,0,19,0,7,55,7,69,24,0,24,93
05/14/2016,MTN,MD,AEA,EN,Federal Contract Tower,0,9,28,0,37,0,0,102,2,104,0,9,130,2,141,122,2,124,265
05/15/2016,MTN,MD,AEA,EN,Federal Contract Tower,0,2,24,1,27,0,0,35,0,35,0,2,59,1,62,18,0,18,80
05/16/2016,MTN,MD,AEA,EN,Federal Contract Tower,0,3,39,1,43,0,1,126,0,127,0,4,165,1,170,66,0,66,236
05/18/2016,MTN,MD,AEA,EN,Federal Contract Tower,0,1,39,0,40,0,0,98,0,98,0,1,137,0,138,174,0,174,312
05/19/2016,MTN,MD,AEA,EN,Federal Contract Tower,0,1,45,1,47,0,0,159,0,159,0,1,204,1,206,146,0,146,352
05/20/2016,MTN,MD,AEA,EN,Federal Contract Tower,0,5,33,3,41,0,0,156,2,158,0,5,189,5,199,110,0,110,309
05/21/2016,MTN,MD,AEA,EN,Federal Contract Tower,0,10,23,3,36,0,0,34,2,36,0,10,57,5,72,4,0,4,76
05/22/2016,MTN,MD,AEA,EN,Federal Contract Tower,0,13,40,2,55,0,0,13,0,13,0,13,53,2,68,48,0,48,116
05/23/2016,MTN,MD,AEA,EN,Federal Contract Tower,0,3,43,0,46,0,1,67,0,68,0,4,110,0,114,10,0,10,124
05/24/2016,MTN,MD,AEA,EN,Federal Contract Tower,0,10,28,7,45,0,0,146,8,154,0,10,174,15,199,88,2,90,289
05/25/2016,MTN,MD,AEA,EN,Federal Contract Tower,0,14,35,5,54,0,0,154,7,161,0,14,189,12,215,140,0,140,355
05/26/2016,MTN,MD,AEA,EN,Federal Contract Tower,0,7,48,4,59,0,0,164,7,171,0,7,212,11,230,162,4,166,396
05/27/2016,MTN,MD,AEA,EN,Federal Contract Tower,0,4,33,0,37,0,0,118,0,118,0,4,151,0,155,142,0,142,297
05/28/2016,MTN,MD,AEA,EN,Federal Contract Tower,0,1,11,0,12,0,1,129,1,131,0,2,140,1,143,50,0,50,193
05/29/2016,MTN,MD,AEA,EN,Federal Contract Tower,0,4,8,0,12,0,1,78,0,79,0,5,86,0,91,52,0,52,143
05/30/2016,MTN,MD,AEA,EN,Federal Contract Tower,0,6,21,0,27,0,0,46,0,46,0,6,67,0,73,16,0,16,89
05/31/2016,MTN,MD,AEA,EN,Federal Contract Tower,0,4,42,4,50,0,0,119,2,121,0,4,161,6,171,58,6,64,235
06/01/2016,MTN,MD,AEA,EN,Federal Contract Tower,0,0,22,3,25,0,4,90,6,100,0,4,112,9,125,116,0,116,241
06/02/2016,MTN,MD,AEA,EN,Federal Contract Tower,0,0,36,3,39,0,1,74,4,79,0,1,110,7,118,140,0,140,258
06/03/2016,MTN,MD,AEA,EN,Federal Contract Tower,0,4,33,0,37,0,0,14,0,14,0,4,47,0,51,0,0,0,51
06/04/2016,MTN,MD,AEA,EN,Federal Contract Tower,0,3,23,4,30,0,1,85,11,97,0,4,108,15,127,88,2,90,217
06/05/2016,MTN,MD,AEA,EN,Federal Contract Tower,0,5,29,0,34,0,0,11,0,11,0,5,40,0,45,0,0,0,45
06/06/2016,MTN,MD,AEA,EN,Federal Contract Tower,0,8,42,1,51,0,1,144,0,145,0,9,186,1,196,168,0,168,364
06/07/2016,MTN,MD,AEA,EN,Federal Contract Tower,0,10,22,6,38,0,3,96,10,109,0,13,118,16,147,70,2,72,219
06/08/2016,MTN,MD,AEA,EN,Federal Contract Tower,0,5,35,4,44,0,0,50,3,53,0,5,85,7,97,14,0,14,111
06/09/2016,MTN,MD,AEA,EN,Federal Contract Tower,0,4,34,5,43,0,3,127,12,142,0,7,161,17,185,170,2,172,357
06/10/2016,MTN,MD,AEA,EN,Federal Contract Tower,0,6,56,4,66,0,1,158,4,163,0,7,214,8,229,128,2,130,359
06/11/2016,MTN,MD,AEA,EN,Federal Contract Tower,0,1,15,0,16,0,0,139,0,139,0,1,154,0,155,104,0,104,259
06/12/2016,MTN,MD,AEA,EN,Federal Contract Tower,0,4,16,0,20,0,1,43,0,44,0,5,59,0,64,20,0,20,84
06/13/2016,MTN,MD,AEA,EN,Federal Contract Tower,0,6,30,0,36,0,1,108,0,109,0,7,138,0,145,102,0,102,247
06/14/2016,MTN,MD,AEA,EN,Federal Contract Tower,0,6,14,3,23,0,4,142,8,154,0,10,156,11,177,172,0,172,349
06/15/2016,MTN,MD,AEA,EN,Federal Contract Tower,0,4,31,12,47,0,3,104,12,119,0,7,135,24,166,100,12,112,278
06/16/2016,MTN,MD,AEA,EN,Federal Contract Tower,0,5,30,14,49,0,0,14,0,14,0,5,44,14,63,0,0,0,63
06/17/2016,MTN,MD,AEA,EN,Federal Contract Tower,0,7,39,4,50,0,2,111,4,117,0,9,150,8,167,82,0,82,249
06/18/2016,MTN,MD,AEA,EN,Federal Contract Tower,0,1,14,0,15,0,0,161,0,161,0,1,175,0,176,176,0,176,352
06/19/2016,MTN,MD,AEA,EN,Federal Contract Tower,0,1,23,0,24,0,0,143,14,157,0,1,166,14,181,100,0,100,281
06/20/2016,MTN,MD,AEA,EN,Federal Contract Tower,0,9,21,0,30,0,0,147,0,147,0,9,168,0,177,148,2,150,327
06/21/2016,MTN,MD,AEA,EN,Federal Contract Tower,0,8,28,5,41,0,1,54,5,60,0,9,82,10,101,42,0,42,143
06/22/2016,MTN,MD,AEA,EN,Federal Contract Tower,0,4,39,7,50,0,0,117,6,123,0,4,156,13,173,118,8,126,299
06/23/2016,MTN,MD,AEA,EN,Federal Contract Tower,0,8,36,6,50,0,0,58,0,58,0,8,94,6,108,52,0,52,160
06/24/2016,MTN,MD,AEA,EN,Federal Contract Tower,0,9,45,3,57,0,0,66,0,66,0,9,111,3,123,94,4,98,221
06/25/2016,MTN,MD,AEA,EN,Federal Contract Tower,0,3,37,0,40,0,0,146,0,146,0,3,183,0,186,178,0,178,364
06/26/2016,MTN,MD,AEA,EN,Federal Contract Tower,0,7,26,0,33,0,1,156,0,157,0,8,182,0,190,54,0,54,244
06/27/2016,MTN,MD,AEA,EN,Federal Contract Tower,0,5,19,0,24,0,0,95,2,97,0,5,114,2,121,80,0,80,201
06/28/2016,MTN,MD,AEA,EN,Federal Contract Tower,0,7,26,4,37,0,1,28,0,29,0,8,54,4,66,10,0,10,76
06/29/2016,MTN,MD,AEA,EN,Federal Contract Tower,0,2,18,6,26,0,0,130,6,136,0,2,148,12,162,162,0,162,324
06/30/2016,MTN,MD,AEA,EN,Federal Contract Tower,0,15,28,6,49,0,2,120,4,126,0,17,148,10,175,114,2,116,291
07/01/2016,MTN,MD,AEA,EN,Federal Contract Tower,0,6,33,0,39,0,0,79,0,79,0,6,112,0,118,98,0,98,216
07/02/2016,MTN,MD,AEA,EN,Federal Contract Tower,0,3,12,0,15,0,3,170,0,173,0,6,182,0,188,116,0,116,304
07/03/2016,MTN,MD,AEA,EN,Federal Contract Tower,0,5,20,0,25,0,0,68,0,68,0,5,88,0,93,50,0,50,143
07/04/2016,MTN,MD,AEA,EN,Federal Contract Tower,0,5,26,2,33,0,1,24,4,29,0,6,50,6,62,20,4,24,86
07/05/2016,MTN,MD,AEA,EN,Federal Contract Tower,0,7,30,8,45,0,0,112,7,119,0,7,142,15,164,100,0,100,264
07/06/2016,MTN,MD,AEA,EN,Federal Contract Tower,0,2,24,9,35,0,2,120,12,134,0,4,144,21,169,168,0,168,337
07/07/2016,MTN,MD,AEA,EN,Federal Contract Tower,0,12,32,7,51,0,0,108,14,122,0,12,140,21,173,122,6,128,301
07/08/2016,MTN,MD,AEA,EN,Federal Contract Tower,0,4,20,3,27,0,0,106,5,111,0,4,126,8,138,54,0,54,192
07/09/2016,MTN,MD,AEA,EN,Federal Contract Tower,0,0,28,1,29,0,0,115,1,116,0,0,143,2,145,122,0,122,267
07/10/2016,MTN,MD,AEA,EN,Federal Contract Tower,0,2,21,0,23,0,0,113,0,113,0,2,134,0,136,78,0,78,214
07/11/2016,MTN,MD,AEA,EN,Federal Contract Tower,0,5,17,0,22,0,0,144,0,144,0,5,161,0,166,250,0,250,416
07/12/2016,MTN,MD,AEA,EN,Federal Contract Tower,0,6,16,6,28,0,2,119,10,131,0,8,135,16,159,114,2,116,275
07/13/2016,MTN,MD,AEA,EN,Federal Contract Tower,0,8,37,3,48,0,0,31,7,38,0,8,68,10,86,90,0,90,176
07/14/2016,MTN,MD,AEA,EN,Federal Contract Tower,0,2,23,12,37,0,0,107,10,117,0,2,130,22,154,112,8,120,274
07/15/2016,MTN,MD,AEA,EN,Federal Contract Tower,0,7,23,2,32,0,2,124,5,131,0,9,147,7,163,76,18,94,257
07/16/2016,MTN,MD,AEA,EN,Federal Contract Tower,0,6,10,0,16,0,1,116,0,117,0,7,126,0,133,78,0,78,211
07/17/2016,MTN,MD,AEA,EN,Federal Contract Tower,0,3,31,0,34,0,0,109,0,109,0,3,140,0,143,68,0,68,211
07/18/2016,MTN,MD,AEA,EN,Federal Contract Tower,0,7,24,0,31,0,1,79,0,80,0,8,103,0,111,68,0,68,179
07/19/2016,MTN,MD,AEA,EN,Federal Contract Tower,0,10,16,9,35,0,0,80,8,88,0,10,96,17,123,40,0,40,163
07/20/2016,MTN,MD,AEA,EN,Federal Contract Tower,0,4,26,5,35,0,0,126,13,139,0,4,152,18,174,112,0,112,286
07/21/2016,MTN,MD,AEA,EN,Federal Contract Tower,0,5,32,5,42,0,1,136,6,143,0,6,168,11,185,226,4,230,415
07/22/2016,MTN,MD,AEA,EN,Federal Contract Tower,0,2,33,5,40,0,1,105,4,110,0,3,138,9,150,40,12,52,202
07/23/2016,MTN,MD,AEA,EN,Federal Contract Tower,0,3,13,0,16,0,1,114,0,115,0,4,127,0,131,174,0,174,305
07/24/2016,MTN,MD,AEA,EN,Federal Contract Tower,0,2,23,0,25,0,0,87,4,91,0,2,110,4,116,102,0,102,218
07/25/2016,MTN,MD,AEA,EN,Federal Contract Tower,0,7,25,0,32,0,0,78,0,78,0,7,103,0,110,85,0,85,195
07/26/2016,MTN,MD,AEA,EN,Federal Contract Tower,0,3,35,5,43,0,0,104,11,115,0,3,139,16,158,86,0,86,244
07/27/2016,MTN,MD,AEA,EN,Federal Contract Tower,0,8,28,6,42,0,2,74,7,83,0,10,102,13,125,38,2,40,165
07/28/2016,MTN,MD,AEA,EN,Federal Contract Tower,0,5,32,3,40,0,1,54,0,55,0,6,86,3,95,10,8,18,113
07/29/2016,MTN,MD,AEA,EN,Federal Contract Tower,0,7,34,3,44,0,1,76,0,77,0,8,110,3,121,68,6,74,195
07/30/2016,MTN,MD,AEA,EN,Federal Contract Tower,0,2,8,0,10,0,0,24,0,24,0,2,32,0,34,38,0,38,72
07/31/2016,MTN,MD,AEA,EN,Federal Contract Tower,0,6,29,2,37,0,1,72,0,73,0,7,101,2,110,75,0,75,185
08/01/2016,MTN,MD,AEA,EN,Federal Contract Tower,0,7,32,2,41,0,0,72,0,72,0,7,104,2,113,81,0,81,194
08/02/2016,MTN,MD,AEA,EN,Federal Contract Tower,0,6,34,2,42,0,1,66,1,68,0,7,100,3,110,144,2,146,256
08/03/2016,MTN,MD,AEA,EN,Federal Contract Tower,0,8,34,5,47,0,0,100,8,108,0,8,134,13,155,90,2,92,247
08/04/2016,MTN,MD,AEA,EN,Federal Contract Tower,0,10,31,10,51,0,0,122,4,126,0,10,153,14,177,86,0,86,263
08/05/2016,MTN,MD,AEA,EN,Federal Contract Tower,0,1,24,5,30,0,1,106,5,112,0,2,130,10,142,140,10,150,292
08/06/2016,MTN,MD,AEA,EN,Federal Contract Tower,0,8,29,0,37,0,0,79,0,79,0,8,108,0,116,54,0,54,170
08/07/2016,MTN,MD,AEA,EN,Federal Contract Tower,0,5,22,0,27,0,0,134,0,134,0,5,156,0,161,128,0,128,289
08/08/2016,MTN,MD,AEA,EN,Federal Contract Tower,0,5,20,0,25,0,0,109,0,109,0,5,129,0,134,70,0,70,204
08/09/2016,MTN,MD,AEA,EN,Federal Contract Tower,0,12,34,2,48,0,1,112,6,119,0,13,146,8,167,90,2,92,259
08/10/2016,MTN,MD,AEA,EN,Federal Contract Tower,0,1,32,7,40,0,0,74,3,77,0,1,106,10,117,50,2,52,169
08/11/2016,MTN,MD,AEA,EN,Federal Contract Tower,0,4,23,6,33,0,2,79,3,84,0,6,102,9,117,54,4,58,175
08/12/2016,MTN,MD,AEA,EN,Federal Contract Tower,0,2,18,7,27,0,2,68,8,78,0,4,86,15,105,90,10,100,205
08/13/2016,MTN,MD,AEA,EN,Federal Contract Tower,0,9,16,0,25,0,0,113,0,113,0,9,129,0,138,114,0,114,252
08/14/2016,MTN,MD,AEA,EN,Federal Contract Tower,0,4,21,0,25,0,0,70,0,70,0,4,91,0,95,38,0,38,133
08/15/2016,MTN,MD,AEA,EN,Federal Contract Tower,0,7,27,0,34,0,0,92,0,92,0,7,119,0,126,102,0,102,228
08/16/2016,MTN,MD,AEA,EN,Federal Contract Tower,0,9,20,6,35,0,0,75,16,91,0,9,95,22,126,82,6,88,214
08/17/2016,MTN,MD,AEA,EN,Federal Contract Tower,0,4,30,7,41,0,0,126,11,137,0,4,156,18,178,60,0,60,238
08/18/2016,MTN,MD,AEA,EN,Federal Contract Tower,0,2,30,12,44,0,1,96,14,111,0,3,126,26,155,118,0,118,273
08/19/2016,MTN,MD,AEA,EN,Federal Contract Tower,0,5,37,5,47,0,1,128,12,141,0,6,165,17,188,96,10,106,294
08/20/2016,MTN,MD,AEA,EN,Federal Contract Tower,0,2,18,12,32,0,0,131,4,135,0,2,149,16,167,132,20,152,319
08/21/2016,MTN,MD,AEA,EN,Federal Contract Tower,0,7,20,0,27,0,0,12,2,14,0,7,32,2,41,4,0,4,45
08/22/2016,MTN,MD,AEA,EN,Federal Contract Tower,0,8,23,0,31,0,0,134,0,134,0,8,157,0,165,62,0,62,227
08/23/2016,MTN,MD,AEA,EN,Federal Contract Tower,0,11,23,7,41,0,0,159,5,164,0,11,182,12,205,124,2,126,331
08/24/2016,MTN,MD,AEA,EN,Federal Contract Tower,0,3,31,13,47,0,0,107,14,121,0,3,138,27,168,78,2,80,248
08/25/2016,MTN,MD,AEA,EN,Federal Contract Tower,0,6,45,6,57,0,0,112,16,128,0,6,157,22,185,98,8,106,291
08/27/2016,MTN,MD,AEA,EN,Federal Contract Tower,0,3,21,0,24,0,0,168,0,168,0,3,189,0,192,50,0,50,242
08/28/2016,MTN,MD,AEA,EN,Federal Contract Tower,0,5,34,0,39,0,0,120,0,120,0,5,154,0,159,68,0,68,227
08/29/2016,MTN,MD,AEA,EN,Federal Contract Tower,0,4,29,0,33,0,2,92,0,94,0,6,121,0,127,96,0,96,223
08/30/2016,MTN,MD,AEA,EN,Federal Contract Tower,0,5,27,7,39,0,0,96,11,107,0,5,123,18,146,30,0,30,176
08/31/2016,MTN,MD,AEA,EN,Federal Contract Tower,0,1,35,7,43,0,1,80,10,91,0,2,115,17,134,58,0,58,192
09/01/2016,MTN,MD,AEA,EN,Federal Contract Tower,0,5,20,7,32,0,0,75,7,82,0,5,95,14,114,50,10,60,174
09/02/2016,MTN,MD,AEA,EN,Federal Contract Tower,0,4,19,0,23,0,0,111,0,111,0,4,130,0,134,96,0,96,230
09/03/2016,MTN,MD,AEA,EN,Federal Contract Tower,0,5,9,0,14,0,4,26,0,30,0,9,35,0,44,8,0,8,52
09/04/2016,MTN,MD,AEA,EN,Federal Contract Tower,0,3,17,0,20,0,1,67,0,68,0,4,84,0,88,24,0,24,112
09/05/2016,MTN,MD,AEA,EN,Federal Contract Tower,0,9,20,0,29,0,0,142,0,142,0,9,162,0,171,110,0,110,281
09/06/2016,MTN,MD,AEA,EN,Federal Contract Tower,0,4,19,12,35,0,0,82,12,94,0,4,101,24,129,36,4,40,169
09/07/2016,MTN,MD,AEA,EN,Federal Contract Tower,0,1,34,12,47,0,1,111,12,124,0,2,145,24,171,154,8,162,333
09/08/2016,MTN,MD,AEA,EN,Federal Contract Tower,0,10,34,12,56,0,0,87,12,99,0,10,121,24,155,24,6,30,185
09/09/2016,MTN,MD,AEA,EN,Federal Contract Tower,0,8,16,9,33,0,0,103,7,110,0,8,119,16,143,50,10,60,203
09/10/2016,MTN,MD,AEA,EN,Federal Contract Tower,0,4,12,0,16,0,0,100,0,100,0,4,112,0,116,42,0,42,158
09/11/2016,MTN,MD,AEA,EN,Federal Contract Tower,0,9,22,2,33,0,2,118,0,120,0,11,140,2,153,108,0,108,261
09/12/2016,MTN,MD,AEA,EN,Federal Contract Tower,0,5,31,0,36,0,0,97,0,97,0,5,128,0,133,66,0,66,199
09/13/2016,MTN,MD,AEA,EN,Federal Contract Tower,0,7,33,6,46,0,0,109,5,114,0,7,142,11,160,156,2,158,318
09/14/2016,MTN,MD,AEA,EN,Federal Contract Tower,0,1,33,9,43,0,0,112,6,118,0,1,145,15,161,88,4,92,253
09/15/2016,MTN,MD,AEA,EN,Federal Contract Tower,0,4,37,8,49,0,1,107,5,113,0,5,144,13,162,70,4,74,236
09/16/2016,MTN,MD,AEA,EN,Federal Contract Tower,0,4,30,3,37,0,0,129,5,134,0,4,159,8,171,98,16,114,285
09/17/2016,MTN,MD,AEA,EN,Federal Contract Tower,0,3,16,8,27,0,2,142,8,152,0,5,158,16,179,122,8,130,309
09/18/2016,MTN,MD,AEA,EN,Federal Contract Tower,0,8,26,0,34,0,0,72,0,72,0,8,98,0,106,110,0,110,216
09/19/2016,MTN,MD,AEA,EN,Federal Contract Tower,0,4,43,0,47,0,0,10,0,10,0,4,53,0,57,0,0,0,57
09/20/2016,MTN,MD,AEA,EN,Federal Contract Tower,0,11,35,9,55,0,0,81,6,87,0,11,116,15,142,66,0,66,208
09/21/2016,MTN,MD,AEA,EN,Federal Contract Tower,0,6,31,8,45,0,0,142,8,150,0,6,173,16,195,172,2,174,369
09/22/2016,MTN,MD,AEA,EN,Federal Contract Tower,0,10,45,6,61,0,1,162,13,176,0,11,207,19,237,136,0,136,373
09/23/2016,MTN,MD,AEA,EN,Federal Contract Tower,0,8,31,9,48,0,1,157,9,167,0,9,188,18,215,110,8,118,333
09/24/2016,MTN,MD,AEA,EN,Federal Contract Tower,0,4,25,3,32,0,3,64,0,67,0,7,89,3,99,50,0,50,149
09/25/2016,MTN,MD,AEA,EN,Federal Contract Tower,0,10,38,0,48,0,1,171,0,172,0,11,209,0,220,104,0,104,324
09/27/2016,MTN,MD,AEA,EN,Federal Contract Tower,0,2,20,10,32,0,0,116,7,123,0,2,136,17,155,96,0,96,251
09/28/2016,MTN,MD,AEA,EN,Federal Contract Tower,0,1,19,1,21,0,0,45,2,47,0,1,64,3,68,74,0,74,142
09/29/2016,MTN,MD,AEA,EN,Federal Contract Tower,0,6,13,0,19,0,0,0,0,0,0,6,13,0,19,0,0,0,19
09/30/2016,MTN,MD,AEA,EN,Federal Contract Tower,0,5,35,1,41,0,0,0,0,0,0,5,35,1,41,0,0,0,41
10/01/2016,MTN,MD,AEA,EN,Federal Contract Tower,0,2,18,0,20,0,0,0,0,0,0,2,18,0,20,0,0,0,20
10/02/2016,MTN,MD,AEA,EN,Federal Contract Tower,0,3,37,2,42,0,1,27,0,28,0,4,64,2,70,6,0,6,76
10/03/2016,MTN,MD,AEA,EN,Federal Contract Tower,0,5,22,5,32,0,0,114,1,115,0,5,136,6,147,122,2,124,271
10/04/2016,MTN,MD,AEA,EN,Federal Contract Tower,0,7,42,4,53,0,0,126,4,130,0,7,168,8,183,64,0,64,247
10/05/2016,MTN,MD,AEA,EN,Federal Contract Tower,0,2,33,5,40,0,0,130,5,135,0,2,163,10,175,154,0,154,329
10/06/2016,MTN,MD,AEA,EN,Federal Contract Tower,0,2,30,0,32,0,1,133,2,136,0,3,163,2,168,142,2,144,312
10/07/2016,MTN,MD,AEA,EN,Federal Contract Tower,0,5,37,0,42,0,0,88,0,88,0,5,125,0,130,84,0,84,214
10/08/2016,MTN,MD,AEA,EN,Federal Contract Tower,0,9,20,1,30,0,0,21,0,21,0,9,41,1,51,8,0,8,59
10/09/2016,MTN,MD,AEA,EN,Federal Contract Tower,0,9,30,1,40,0,0,23,0,23,0,9,53,1,63,16,0,16,79
10/10/2016,MTN,MD,AEA,EN,Federal Contract Tower,0,1,19,1,21,0,0,128,1,129,0,1,147,2,150,124,0,124,274
10/11/2016,MTN,MD,AEA,EN,Federal Contract Tower,0,5,35,15,55,0,0,148,8,156,0,5,183,23,211,156,0,156,367
10/12/2016,MTN,MD,AEA,EN,Federal Contract Tower,0,6,21,5,32,0,0,145,4,149,0,6,166,9,181,184,6,190,371
10/13/2016,MTN,MD,AEA,EN,Federal Contract Tower,0,3,39,3,45,0,0,92,20,112,0,3,131,23,157,60,4,64,221
10/14/2016,MTN,MD,AEA,EN,Federal Contract Tower,0,5,33,3,41,0,3,132,19,154,0,8,165,22,195,52,0,52,247
10/15/2016,MTN,MD,AEA,EN,Federal Contract Tower,0,10,8,0,18,0,0,136,16,152,0,10,144,16,170,20,6,26,196
10/16/2016,MTN,MD,AEA,EN,Federal Contract Tower,0,12,31,9,52,0,1,101,5,107,0,13,132,14,159,26,0,26,185
10/17/2016,MTN,MD,AEA,EN,Federal Contract Tower,0,1,25,4,30,0,0,143,2,145,0,1,168,6,175,126,0,126,301
10/18/2016,MTN,MD,AEA,EN,Federal Contract Tower,0,5,27,0,32,0,1,104,0,105,0,6,131,0,137,160,0,160,297
10/19/2016,MTN,MD,AEA,EN,Federal Contract Tower,0,5,34,0,39,0,1,128,0,129,0,6,162,0,168,160,10,170,338
10/20/2016,MTN,MD,AEA,EN,Federal Contract Tower,0,5,29,1,35,0,4,131,1,136,0,9,160,2,171,180,6,186,357
10/21/2016,MTN,MD,AEA,EN,Federal Contract Tower,0,8,40,1,49,0,0,41,0,41,0,8,81,1,90,8,0,8,98
10/22/2016,MTN,MD,AEA,EN,Federal Contract Tower,0,1,20,2,23,0,0,13,2,15,0,1,33,4,38,2,0,2,40
10/23/2016,MTN,MD,AEA,EN,Federal Contract Tower,0,3,22,0,25,0,0,100,0,100,0,3,122,0,125,70,0,70,195
10/24/2016,MTN,MD,AEA,EN,Federal Contract Tower,0,3,21,0,24,0,0,124,0,124,0,3,145,0,148,130,0,130,278
10/25/2016,MTN,MD,AEA,EN,Federal Contract Tower,0,11,25,0,36,0,4,96,0,100,0,15,121,0,136,114,0,114,250
10/26/2016,MTN,MD,AEA,EN,Federal Contract Tower,0,6,39,0,45,0,2,117,7,126,0,8,156,7,171,196,2,198,369
10/27/2016,MTN,MD,AEA,EN,Federal Contract Tower,0,3,44,3,50,0,0,24,1,25,0,3,68,4,75,104,2,106,181
10/28/2016,MTN,MD,AEA,EN,Federal Contract Tower,0,3,39,2,44,0,1,88,0,89,0,4,127,2,133,126,0,126,259
10/29/2016,MTN,MD,AEA,EN,Federal Contract Tower,0,0,18,0,18,0,0,148,0,148,0,0,166,0,166,150,0,150,316
10/30/2016,MTN,MD,AEA,EN,Federal Contract Tower,0,4,32,0,36,0,0,110,0,110,0,4,142,0,146,100,0,100,246
10/31/2016,MTN,MD,AEA,EN,Federal Contract Tower,0,8,13,0,21,0,1,108,0,109,0,9,121,0,130,206,0,206,336
11/01/2016,MTN,MD,AEA,EN,Federal Contract Tower,0,8,40,3,51,0,0,116,0,116,0,8,156,3,167,272,0,272,439
11/02/2016,MTN,MD,AEA,EN,Federal Contract Tower,0,1,37,2,40,0,0,126,0,126,0,1,163,2,166,198,0,198,364
11/03/2016,MTN,MD,AEA,EN,Federal Contract Tower,0,7,42,2,51,0,0,108,4,112,0,7,150,6,163,150,0,150,313
11/04/2016,MTN,MD,AEA,EN,Federal Contract Tower,0,12,27,0,39,0,1,136,0,137,0,13,163,0,176,120,0,120,296
11/05/2016,MTN,MD,AEA,EN,Federal Contract Tower,0,7,19,0,26,0,0,166,0,166,0,7,185,0,192,170,0,170,362
11/06/2016,MTN,MD,AEA,EN,Federal Contract Tower,0,5,18,2,25,0,5,64,1,70,0,10,82,3,95,118,0,118,213
11/07/2016,MTN,MD,AEA,EN,Federal Contract Tower,0,7,18,0,25,0,0,150,0,150,0,7,168,0,175,246,2,248,423
11/08/2016,MTN,MD,AEA,EN,Federal Contract Tower,0,6,25,1,32,0,0,151,1,152,0,6,176,2,184,92,0,92,276
11/09/2016,MTN,MD,AEA,EN,Federal Contract Tower,0,4,27,0,31,0,0,59,0,59,0,4,86,0,90,50,0,50,140
11/10/2016,MTN,MD,AEA,EN,Federal Contract Tower,0,4,35,4,43,0,0,146,2,148,0,4,181,6,191,220,0,220,411
11/11/2016,MTN,MD,AEA,EN,Federal Contract Tower,0,3,31,0,34,0,0,114,0,114,0,3,145,0,148,96,0,96,244
11/12/2016,MTN,MD,AEA,EN,Federal Contract Tower,0,6,19,0,25,0,2,153,0,155,0,8,172,0,180,166,0,166,346
11/13/2016,MTN,MD,AEA,EN,Federal Contract Tower,0,7,23,1,31,0,0,135,0,135,0,7,158,1,166,154,2,156,322
11/14/2016,MTN,MD,AEA,EN,Federal Contract Tower,0,2,29,0,31,0,0,119,0,119,0,2,148,0,150,252,0,252,402
11/15/2016,MTN,MD,AEA,EN,Federal Contract Tower,0,4,29,1,34,0,1,103,0,104,0,5,132,1,138,102,0,102,240
11/16/2016,MTN,MD,AEA,EN,Federal Contract Tower,0,9,28,3,40,0,1,118,2,121,0,10,146,5,161,152,2,154,315
11/17/2016,MTN,MD,AEA,EN,Federal Contract Tower,0,0,35,0,35,0,1,150,0,151,0,1,185,0,186,212,0,212,398
11/18/2016,MTN,MD,AEA,EN,Federal Contract Tower,0,8,34,0,42,0,3,156,0,159,0,11,190,0,201,194,0,194,395
11/19/2016,MTN,MD,AEA,EN,Federal Contract Tower,0,2,38,0,40,0,0,85,1,86,0,2,123,1,126,136,0,136,262
11/20/2016,MTN,MD,AEA,EN,Federal Contract Tower,0,2,16,0,18,0,0,8,0,8,0,2,24,0,26,0,0,0,26
11/21/2016,MTN,MD,AEA,EN,Federal Contract Tower,0,4,20,3,27,0,0,13,4,17,0,4,33,7,44,16,8,24,68
11/22/2016,MTN,MD,AEA,EN,Federal Contract Tower,0,13,32,2,47,0,0,96,0,96,0,13,128,2,143,118,0,118,261
11/23/2016,MTN,MD,AEA,EN,Federal Contract Tower,0,7,36,0,43,0,0,8,0,8,0,7,44,0,51,196,0,196,247
11/24/2016,MTN,MD,AEA,EN,Federal Contract Tower,0,1,4,0,5,0,5,29,0,34,0,6,33,0,39,4,0,4,43
11/25/2016,MTN,MD,AEA,EN,Federal Contract Tower,0,2,24,0,26,0,0,91,0,91,0,2,115,0,117,140,0,140,257
11/26/2016,MTN,MD,AEA,EN,Federal Contract Tower,0,2,18,0,20,0,0,102,0,102,0,2,120,0,122,148,0,148,270
11/27/2016,MTN,MD,AEA,EN,Federal Contract Tower,0,2,52,0,54,0,0,125,0,125,0,2,177,0,179,56,0,56,235
11/28/2016,MTN,MD,AEA,EN,Federal Contract Tower,0,9,21,0,30,0,0,155,2,157,0,9,176,2,187,174,0,174,361
11/29/2016,MTN,MD,AEA,EN,Federal Contract Tower,0,9,26,1,36,0,0,6,0,6,0,9,32,1,42,0,0,0,42
11/30/2016,MTN,MD,AEA,EN,Federal Contract Tower,0,1,13,0,14,0,0,0,0,0,0,1,13,0,14,0,0,0,14
12/01/2016,MTN,MD,AEA,EN,Federal Contract Tower,0,7,28,1,36,0,0,121,3,124,0,7,149,4,160,94,4,98,258
12/02/2016,MTN,MD,AEA,EN,Federal Contract Tower,0,5,37,0,42,0,0,98,0,98,0,5,135,0,140,140,0,140,280
12/03/2016,MTN,MD,AEA,EN,Federal Contract Tower,0,5,23,0,28,0,0,72,0,72,0,5,95,0,100,76,0,76,176
12/04/2016,MTN,MD,AEA,EN,Federal Contract Tower,0,2,23,0,25,0,0,109,0,109,0,2,132,0,134,88,0,88,222
12/05/2016,MTN,MD,AEA,EN,Federal Contract Tower,0,5,30,0,35,0,0,122,0,122,0,5,152,0,157,200,0,200,357
12/06/2016,MTN,MD,AEA,EN,Federal Contract Tower,0,4,17,0,21,0,0,15,0,15,0,4,32,0,36,76,0,76,112
12/07/2016,MTN,MD,AEA,EN,Federal Contract Tower,0,7,38,0,45,0,1,126,0,127,0,8,164,0,172,250,0,250,422
12/08/2016,MTN,MD,AEA,EN,Federal Contract Tower,0,1,32,1,34,0,0,110,1,111,0,1,142,2,145,248,0,248,393
12/09/2016,MTN,MD,AEA,EN,Federal Contract Tower,0,3,16,0,19,0,1,65,0,66,0,4,81,0,85,72,0,72,157
12/10/2016,MTN,MD,AEA,EN,Federal Contract Tower,0,0,19,0,19,0,0,128,0,128,0,0,147,0,147,130,0,130,277
12/11/2016,MTN,MD,AEA,EN,Federal Contract Tower,0,7,12,0,19,0,0,76,0,76,0,7,88,0,95,108,0,108,203
12/12/2016,MTN,MD,AEA,EN,Federal Contract Tower,0,5,23,0,28,0,1,38,0,39,0,6,61,0,67,60,0,60,127
12/13/2016,MTN,MD,AEA,EN,Federal Contract Tower,0,13,34,0,47,0,2,147,0,149,0,15,181,0,196,136,0,136,332
12/14/2016,MTN,MD,AEA,EN,Federal Contract Tower,0,3,28,4,35,0,0,110,3,113,0,3,138,7,148,118,6,124,272
12/15/2016,MTN,MD,AEA,EN,Federal Contract Tower,0,5,15,0,20,0,0,8,0,8,0,5,23,0,28,0,0,0,28
12/16/2016,MTN,MD,AEA,EN,Federal Contract Tower,0,5,18,0,23,0,0,122,0,122,0,5,140,0,145,158,0,158,303
12/17/2016,MTN,MD,AEA,EN,Federal Contract Tower,0,2,5,0,7,0,0,2,0,2,0,2,7,0,9,0,0,0,9
12/18/2016,MTN,MD,AEA,EN,Federal Contract Tower,0,3,9,0,12,0,1,13,0,14,0,4,22,0,26,0,0,0,26
12/19/2016,MTN,MD,AEA,EN,Federal Contract Tower,0,7,21,0,28,0,1,108,0,109,0,8,129,0,137,122,0,122,259
12/20/2016,MTN,MD,AEA,EN,Federal Contract Tower,0,5,32,2,39,0,0,142,2,144,0,5,174,4,183,140,0,140,323
12/21/2016,MTN,MD,AEA,EN,Federal Contract Tower,0,2,31,2,35,0,5,130,1,136,0,7,161,3,171,156,2,158,329
12/22/2016,MTN,MD,AEA,EN,Federal Contract Tower,0,4,18,0,22,0,1,97,0,98,0,5,115,0,120,104,0,104,224
12/23/2016,MTN,MD,AEA,EN,Federal Contract Tower,0,4,17,0,21,0,0,138,0,138,0,4,155,0,159,134,0,134,293
12/24/2016,MTN,MD,AEA,EN,Federal Contract Tower,0,1,6,0,7,0,2,6,0,8,0,3,12,0,15,0,0,0,15
12/25/2016,MTN,MD,AEA,EN,Federal Contract Tower,0,1,9,0,10,0,0,16,0,16,0,1,25,0,26,10,0,10,36
12/26/2016,MTN,MD,AEA,EN,Federal Contract Tower,0,13,39,0,52,0,0,76,0,76,0,13,115,0,128,72,0,72,200
12/27/2016,MTN,MD,AEA,EN,Federal Contract Tower,0,7,12,0,19,0,0,73,0,73,0,7,85,0,92,134,0,134,226
12/28/2016,MTN,MD,AEA,EN,Federal Contract Tower,0,4,26,0,30,0,0,138,0,138,0,4,164,0,168,220,0,220,388
12/29/2016,MTN,MD,AEA,EN,Federal Contract Tower,0,4,12,0,16,0,0,9,0,9,0,4,21,0,25,28,0,28,53
12/30/2016,MTN,MD,AEA,EN,Federal Contract Tower,0,3,6,0,9,0,2,30,0,32,0,5,36,0,41,10,0,10,51
12/31/2016,MTN,MD,AEA,EN,Federal Contract Tower,0,7,10,0,17,0,1,91,0,92,0,8,101,0,109,104,0,104,213
01/01/2017,MTN,MD,AEA,EN,Federal Contract Tower,0,0,10,0,10,0,0,64,0,64,0,0,74,0,74,52,0,52,126
01/02/2017,MTN,MD,AEA,EN,Federal Contract Tower,0,7,17,0,24,0,0,0,0,0,0,7,17,0,24,0,0,0,24
01/03/2017,MTN,MD,AEA,EN,Federal Contract Tower,0,10,9,0,19,0,0,0,0,0,0,10,9,0,19,0,0,0,19
01/04/2017,MTN,MD,AEA,EN,Federal Contract Tower,0,5,17,0,22,0,0,73,2,75,0,5,90,2,97,122,2,124,221
01/05/2017,MTN,MD,AEA,EN,Federal Contract Tower,0,2,26,3,31,0,0,68,3,71,0,2,94,6,102,164,2,166,268
01/06/2017,MTN,MD,AEA,EN,Federal Contract Tower,0,0,18,0,18,0,6,89,0,95,0,6,107,0,113,98,0,98,211
01/07/2017,MTN,MD,AEA,EN,Federal Contract Tower,0,1,5,0,6,0,0,11,0,11,0,1,16,0,17,0,0,0,17
01/08/2017,MTN,MD,AEA,EN,Federal Contract Tower,0,3,13,0,16,0,0,21,0,21,0,3,34,0,37,12,0,12,49
01/09/2017,MTN,MD,AEA,EN,Federal Contract Tower,0,4,17,4,25,0,0,94,0,94,0,4,111,4,119,142,0,142,261
01/10/2017,MTN,MD,AEA,EN,Federal Contract Tower,0,3,15,1,19,0,0,98,1,99,0,3,113,2,118,212,4,216,334
01/11/2017,MTN,MD,AEA,EN,Federal Contract Tower,0,6,20,4,30,0,0,83,1,84,0,6,103,5,114,170,0,170,284
01/12/2017,MTN,MD,AEA,EN,Federal Contract Tower,0,7,18,2,27,0,0,110,1,111,0,7,128,3,138,90,10,100,238
01/13/2017,MTN,MD,AEA,EN,Federal Contract Tower,0,6,22,0,28,0,0,127,0,127,0,6,149,0,155,100,0,100,255
01/14/2017,MTN,MD,AEA,EN,Federal Contract Tower,0,1,5,0,6,0,0,0,0,0,0,1,5,0,6,0,0,0,6
01/15/2017,MTN,MD,AEA,EN,Federal Contract Tower,0,6,18,0,24,0,0,84,0,84,0,6,102,0,108,90,0,90,198
01/16/2017,MTN,MD,AEA,EN,Federal Contract Tower,0,5,19,0,24,0,3,114,0,117,0,8,133,0,141,248,0,248,389
01/17/2017,MTN,MD,AEA,EN,Federal Contract Tower,0,4,7,0,11,0,0,2,0,2,0,4,9,0,13,0,0,0,13
01/18/2017,MTN,MD,AEA,EN,Federal Contract Tower,0,0,25,4,29,0,0,83,1,84,0,0,108,5,113,96,4,100,213
01/19/2017,MTN,MD,AEA,EN,Federal Contract Tower,0,5,38,1,44,0,0,101,0,101,0,5,139,1,145,172,0,172,317
01/20/2017,MTN,MD,AEA,EN,Federal Contract Tower,0,2,15,0,17,0,3,4,0,7,0,5,19,0,24,24,0,24,48
01/21/2017,MTN,MD,AEA,EN,Federal Contract Tower,0,0,4,0,4,0,0,0,0,0,0,0,4,0,4,0,0,0,4
01/22/2017,MTN,MD,AEA,EN,Federal Contract Tower,0,6,13,0,19,0,0,0,0,0,0,6,13,0,19,0,0,0,19
01/23/2017,MTN,MD,AEA,EN,Federal Contract Tower,0,2,11,6,19,0,0,2,0,2,0,2,13,6,21,0,0,0,21
01/24/2017,MTN,MD,AEA,EN,Federal Contract Tower,0,5,27,1,33,0,1,56,0,57,0,6,83,1,90,56,0,56,146
01/25/2017,MTN,MD,AEA,EN,Federal Contract Tower,0,9,28,0,37,0,0,160,1,161,0,9,188,1,198,298,0,298,496
01/26/2017,MTN,MD,AEA,EN,Federal Contract Tower,0,5,25,2,32,0,3,30,1,34,0,8,55,3,66,42,0,42,108
01/27/2017,MTN,MD,AEA,EN,Federal Contract Tower,0,7,12,1,20,0,3,59,0,62,0,10,71,1,82,44,0,44,126
01/28/2017,MTN,MD,AEA,EN,Federal Contract Tower,0,6,15,0,21,0,0,108,0,108,0,6,123,0,129,192,0,192,321
01/29/2017,MTN,MD,AEA,EN,Federal Contract Tower,0,4,19,0,23,0,1,80,0,81,0,5,99,0,104,110,0,110,214
01/30/2017,MTN,MD,AEA,EN,Federal Contract Tower,0,2,20,0,22,0,0,54,0,54,0,2,74,0,76,38,0,38,114
01/31/2017,MTN,MD,AEA,EN,Federal Contract Tower,0,9,17,0,26,0,0,108,0,108,0,9,125,0,134,46,0,46,180
02/01/2017,MTN,MD,AEA,EN,Federal Contract Tower,0,4,27,0,31,0,0,108,0,108,0,4,135,0,139,124,0,124,263
02/02/2017,MTN,MD,AEA,EN,Federal Contract Tower,0,12,25,3,40,0,2,96,4,102,0,14,121,7,142,86,6,92,234
02/03/2017,MTN,MD,AEA,EN,Federal Contract Tower,0,3,25,2,30,0,1,74,0,75,0,4,99,2,105,58,0,58,163
02/04/2017,MTN,MD,AEA,EN,Federal Contract Tower,0,2,8,0,10,0,4,111,0,115,0,6,119,0,125,134,0,134,259
02/05/2017,MTN,MD,AEA,EN,Federal Contract Tower,0,4,14,0,18,0,3,64,0,67,0,7,78,0,85,102,0,102,187
02/06/2017,MTN,MD,AEA,EN,Federal Contract Tower,0,10,28,0,38,0,0,117,0,117,0,10,145,0,155,146,0,146,301
02/07/2017,MTN,MD,AEA,EN,Federal Contract Tower,0,8,15,0,23,0,0,71,0,71,0,8,86,0,94,70,0,70,164
02/08/2017,MTN,MD,AEA,EN,Federal Contract Tower,0,9,26,1,36,0,0,113,5,118,0,9,139,6,154,124,6,130,284
02/09/2017,MTN,MD,AEA,EN,Federal Contract Tower,0,3,17,0,20,0,0,4,0,4,0,3,21,0,24,14,0,14,38
02/10/2017,MTN,MD,AEA,EN,Federal Contract Tower,0,2,19,0,21,0,3,104,2,109,0,5,123,2,130,92,2,94,224
02/11/2017,MTN,MD,AEA,EN,Federal Contract Tower,0,5,19,1,25,0,0,178,3,181,0,5,197,4,206,110,6,116,322
02/12/2017,MTN,MD,AEA,EN,Federal Contract Tower,0,6,17,0,23,0,0,7,0,7,0,6,24,0,30,0,0,0,30
02/13/2017,MTN,MD,AEA,EN,Federal Contract Tower,0,4,15,0,19,0,0,16,0,16,0,4,31,0,35,0,0,0,35
02/14/2017,MTN,MD,AEA,EN,Federal Contract Tower,0,7,29,0,36,0,0,114,0,114,0,7,143,0,150,130,0,130,280
02/15/2017,MTN,MD,AEA,EN,Federal Contract Tower,0,7,20,2,29,0,0,55,3,58,0,7,75,5,87,74,6,80,167
02/16/2017,MTN,MD,AEA,EN,Federal Contract Tower,0,6,38,0,44,0,0,48,0,48,0,6,86,0,92,2,0,2,94
02/17/2017,MTN,MD,AEA,EN,Federal Contract Tower,0,6,28,0,34,0,2,143,0,145,0,8,171,0,179,162,0,162,341
02/18/2017,MTN,MD,AEA,EN,Federal Contract Tower,0,4,18,0,22,0,0,138,0,138,0,4,156,0,160,204,0,204,364
02/19/2017,MTN,MD,AEA,EN,Federal Contract Tower,0,4,17,0,21,0,0,114,0,114,0,4,131,0,135,62,0,62,197
02/20/2017,MTN,MD,AEA,EN,Federal Contract Tower,0,5,26,0,31,0,4,141,0,145,0,9,167,0,176,110,0,110,286
02/22/2017,MTN,MD,AEA,EN,Federal Contract Tower,0,2,35,6,43,0,0,109,4,113,0,2,144,10,156,170,0,170,326
02/23/2017,MTN,MD,AEA,EN,Federal Contract Tower,0,0,25,1,26,0,0,101,0,101,0,0,126,1,127,42,0,42,169
02/24/2017,MTN,MD,AEA,EN,Federal Contract Tower,0,7,30,0,37,0,0,143,0,143,0,7,173,0,180,122,0,122,302
02/25/2017,MTN,MD,AEA,EN,Federal Contract Tower,0,6,1,0,7,0,0,21,0,21,0,6,22,0,28,38,0,38,66
02/26/2017,MTN,MD,AEA,EN,Federal Contract Tower,0,7,16,0,23,0,1,108,0,109,0,8,124,0,132,62,0,62,194
02/27/2017,MTN,MD,AEA,EN,Federal Contract Tower,0,8,26,0,34,0,0,139,4,143,0,8,165,4,177,156,0,156,333
02/28/2017,MTN,MD,AEA,EN,Federal Contract Tower,0,4,22,0,26,0,2,93,0,95,0,6,115,0,121,90,0,90,211
03/01/2017,MTN,MD,AEA,EN,Federal Contract Tower,0,1,20,0,21,0,0,25,0,25,0,1,45,0,46,0,0,0,46
03/02/2017,MTN,MD,AEA,EN,Federal Contract Tower,0,1,17,2,20,0,0,28,1,29,0,1,45,3,49,14,0,14,63
03/03/2017,MTN,MD,AEA,EN,Federal Contract Tower,0,4,18,2,24,0,0,53,1,54,0,4,71,3,78,22,6,28,106
03/04/2017,MTN,MD,AEA,EN,Federal Contract Tower,0,1,11,9,21,0,1,75,13,89,0,2,86,22,110,100,10,110,220
03/05/2017,MTN,MD,AEA,EN,Federal Contract Tower,0,12,17,0,29,0,0,129,0,129,0,12,146,0,158,126,0,126,284
03/06/2017,MTN,MD,AEA,EN,Federal Contract Tower,0,5,25,0,30,0,3,118,0,121,0,8,143,0,151,54,0,54,205
03/07/2017,MTN,MD,AEA,EN,Federal Contract Tower,0,8,24,1,33,0,0,81,1,82,0,8,105,2,115,68,0,68,183
03/08/2017,MTN,MD,AEA,EN,Federal Contract Tower,0,7,18,4,29,0,0,72,3,75,0,7,90,7,104,38,4,42,146
03/09/2017,MTN,MD,AEA,EN,Federal Contract Tower,0,2,42,4,48,0,0,86,4,90,0,2,128,8,138,50,4,54,192
03/10/2017,MTN,MD,AEA,EN,Federal Contract Tower,0,2,13,6,21,0,0,15,4,19,0,2,28,10,40,8,2,10,50
03/11/2017,MTN,MD,AEA,EN,Federal Contract Tower,0,5,11,2,18,0,0,91,0,91,0,5,102,2,109,82,0,82,191
03/12/2017,MTN,MD,AEA,EN,Federal Contract Tower,0,6,14,1,21,0,5,108,0,113,0,11,122,1,134,152,0,152,286
03/13/2017,MTN,MD,AEA,EN,Federal Contract Tower,0,7,20,2,29,0,0,97,0,97,0,7,117,2,126,156,0,156,282
03/14/2017,MTN,MD,AEA,EN,Federal Contract Tower,0,0,0,2,2,0,0,9,0,9,0,0,9,2,11,0,0,0,11
03/15/2017,MTN,MD,AEA,EN,Federal Contract Tower,0,4,10,0,14,0,1,4,0,5,0,5,14,0,19,0,0,0,19
03/16/2017,MTN,MD,AEA,EN,Federal Contract Tower,0,8,23,9,40,0,0,43,12,55,0,8,66,21,95,20,2,22,117
03/17/2017,MTN,MD,AEA,EN,Federal Contract Tower,0,4,26,6,36,0,0,145,9,154,0,4,171,15,190,230,14,244,434
03/18/2017,MTN,MD,AEA,EN,Federal Contract Tower,0,6,9,0,15,0,0,39,0,39,0,6,48,0,54,138,0,138,192
03/19/2017,MTN,MD,AEA,EN,Federal Contract Tower,0,8,23,2,33,0,2,66,0,68,0,10,89,2,101,104,0,104,205
03/20/2017,MTN,MD,AEA,EN,Federal Contract Tower,0,10,21,0,31,0,0,152,0,152,0,10,173,0,183,182,0,182,365
03/21/2017,MTN,MD,AEA,EN,Federal Contract Tower,0,4,25,8,37,0,1,93,3,97,0,5,118,11,134,126,6,132,266
03/22/2017,MTN,MD,AEA,EN,Federal Contract Tower,0,2,19,9,30,0,0,33,11,44,0,2,52,20,74,28,0,28,102
03/23/2017,MTN,MD,AEA,EN,Federal Contract Tower,0,2,26,5,33,0,0,140,9,149,0,2,166,14,182,254,0,254,436
03/24/2017,MTN,MD,AEA,EN,Federal Contract Tower,0,8,27,10,45,0,2,105,9,116,0,10,132,19,161,152,12,164,325
03/25/2017,MTN,MD,AEA,EN,Federal Contract Tower,0,2,21,0,23,0,0,143,0,143,0,2,164,0,166,180,0,180,346
03/26/2017,MTN,MD,AEA,EN,Federal Contract Tower,0,3,29,0,32,0,0,0,0,0,0,3,29,0,32,0,0,0,32
03/27/2017,MTN,MD,AEA,EN,Federal Contract Tower,0,10,31,0,41,0,0,51,0,51,0,10,82,0,92,12,0,12,104
03/28/2017,MTN,MD,AEA,EN,Federal Contract Tower,0,5,30,0,35,0,0,43,0,43,0,5,73,0,78,56,0,56,134
03/29/2017,MTN,MD,AEA,EN,Federal Contract Tower,0,3,40,6,49,0,2,149,8,159,0,5,189,14,208,296,4,300,508
03/30/2017,MTN,MD,AEA,EN,Federal Contract Tower,0,5,33,9,47,0,5,145,9,159,0,10,178,18,206,228,4,232,438
03/31/2017,MTN,MD,AEA,EN,Federal Contract Tower,0,7,23,4,34,0,0,0,0,0,0,7,23,4,34,0,0,0,34
04/01/2017,MTN,MD,AEA,EN,Federal Contract Tower,0,0,23,12,35,0,1,71,12,84,0,1,94,24,119,58,6,64,183
04/02/2017,MTN,MD,AEA,EN,Federal Contract Tower,0,6,27,0,33,0,1,137,0,138,0,7,164,0,171,150,2,152,323
04/03/2017,MTN,MD,AEA,EN,Federal Contract Tower,0,7,19,4,30,0,0,116,1,117,0,7,135,5,147,136,4,140,287
04/04/2017,MTN,MD,AEA,EN,Federal Contract Tower,0,4,18,3,25,0,0,50,9,59,0,4,68,12,84,22,10,32,116
04/05/2017,MTN,MD,AEA,EN,Federal Contract Tower,0,4,48,4,56,0,1,118,4,123,0,5,166,8,179,162,0,162,341
04/06/2017,MTN,MD,AEA,EN,Federal Contract Tower,0,4,13,4,21,0,2,20,2,24,0,6,33,6,45,0,0,0,45
04/07/2017,MTN,MD,AEA,EN,Federal Contract Tower,0,4,20,4,28,0,3,17,6,26,0,7,37,10,54,0,2,2,56
04/08/2017,MTN,MD,AEA,EN,Federal Contract Tower,0,3,22,0,25,0,1,105,0,106,0,4,127,0,131,70,0,70,201
04/09/2017,MTN,MD,AEA,EN,Federal Contract Tower,0,3,22,0,25,0,0,117,0,117,0,3,139,0,142,120,0,120,262
04/10/2017,MTN,MD,AEA,EN,Federal Contract Tower,0,2,19,0,21,0,5,124,0,129,0,7,143,0,150,74,0,74,224
04/11/2017,MTN,MD,AEA,EN,Federal Contract Tower,0,8,26,11,45,0,3,119,10,132,0,11,145,21,177,174,0,174,351
04/12/2017,MTN,MD,AEA,EN,Federal Contract Tower,0,5,31,6,42,0,4,124,8,136,0,9,155,14,178,136,0,136,314
04/13/2017,MTN,MD,AEA,EN,Federal Contract Tower,0,6,27,5,38,0,3,130,6,139,0,9,157,11,177,144,0,144,321
04/14/2017,MTN,MD,AEA,EN,Federal Contract Tower,0,4,19,4,27,0,2,144,6,152,0,6,163,10,179,136,4,140,319
04/15/2017,MTN,MD,AEA,EN,Federal Contract Tower,0,3,18,0,21,0,0,129,0,129,0,3,147,0,150,140,0,140,290
04/16/2017,MTN,MD,AEA,EN,Federal Contract Tower,0,2,14,0,16,0,0,47,0,47,0,2,61,0,63,56,0,56,119
04/17/2017,MTN,MD,AEA,EN,Federal Contract Tower,0,4,37,0,41,0,1,67,0,68,0,5,104,0,109,66,0,66,175
04/18/2017,MTN,MD,AEA,EN,Federal Contract Tower,0,3,32,6,41,0,3,116,8,127,0,6,148,14,168,132,4,136,304
04/19/2017,MTN,MD,AEA,EN,Federal Contract Tower,0,4,45,4,53,0,0,93,4,97,0,4,138,8,150,172,2,174,324
04/20/2017,MTN,MD,AEA,EN,Federal Contract Tower,0,3,53,5,61,0,0,83,1,84,0,3,136,6,145,132,0,132,277
04/21/2017,MTN,MD,AEA,EN,Federal Contract Tower,0,5,38,12,55,0,1,34,0,35,0,6,72,12,90,16,0,16,106
04/22/2017,MTN,MD,AEA,EN,Federal Contract Tower,0,6,34,0,40,0,0,1,0,1,0,6,35,0,41,0,0,0,41
04/23/2017,MTN,MD,AEA,EN,Federal Contract Tower,0,4,19,0,23,0,1,129,0,130,0,5,148,0,153,162,0,162,315
04/24/2017,MTN,MD,AEA,EN,Federal Contract Tower,0,4,27,0,31,0,0,58,0,58,0,4,85,0,89,76,0,76,165
04/25/2017,MTN,MD,AEA,EN,Federal Contract Tower,0,14,28,0,42,0,0,0,0,0,0,14,28,0,42,2,0,2,44
04/26/2017,MTN,MD,AEA,EN,Federal Contract Tower,0,8,56,17,81,0,0,19,0,19,0,8,75,17,100,14,0,14,114
04/27/2017,MTN,MD,AEA,EN,Federal Contract Tower,0,10,46,7,63,0,0,45,1,46,0,10,91,8,109,76,0,76,185
04/28/2017,MTN,MD,AEA,EN,Federal Contract Tower,0,8,36,5,49,0,1,150,8,159,0,9,186,13,208,108,6,114,322
04/29/2017,MTN,MD,AEA,EN,Federal Contract Tower,0,4,16,0,20,0,5,92,0,97,0,9,108,0,117,82,0,82,199
04/30/2017,MTN,MD,AEA,EN,Federal Contract Tower,0,13,35,0,48,0,1,80,0,81,0,14,115,0,129,172,0,172,301
05/01/2017,MTN,MD,AEA,EN,Federal Contract Tower,0,1,25,2,28,0,2,64,0,66,0,3,89,2,94,22,18,40,134
05/02/2017,MTN,MD,AEA,EN,Federal Contract Tower,0,11,25,9,45,0,2,47,6,55,0,13,72,15,100,42,0,42,142
05/03/2017,MTN,MD,AEA,EN,Federal Contract Tower,0,8,23,7,38,0,0,53,7,60,0,8,76,14,98,16,0,16,114
05/04/2017,MTN,MD,AEA,EN,Federal Contract Tower,0,4,40,13,57,0,0,117,12,129,0,4,157,25,186,92,0,92,278
05/05/2017,MTN,MD,AEA,EN,Federal Contract Tower,0,6,24,0,30,0,0,25,0,25,0,6,49,0,55,16,0,16,71
05/06/2017,MTN,MD,AEA,EN,Federal Contract Tower,0,4,5,11,20,0,0,34,5,39,0,4,39,16,59,30,0,30,89
05/07/2017,MTN,MD,AEA,EN,Federal Contract Tower,0,2,17,1,20,0,0,55,1,56,0,2,72,2,76,70,8,78,154
05/08/2017,MTN,MD,AEA,EN,Federal Contract Tower,0,10,20,0,30,0,3,123,0,126,0,13,143,0,156,124,0,124,280
05/09/2017,MTN,MD,AEA,EN,Federal Contract Tower,0,4,31,7,42,0,1,119,7,127,0,5,150,14,169,142,4,146,315
05/10/2017,MTN,MD,AEA,EN,Federal Contract Tower,0,8,41,5,54,0,0,102,9,111,0,8,143,14,165,98,0,98,263
05/11/2017,MTN,MD,AEA,EN,Federal Contract Tower,0,8,51,3,62,0,1,16,2,19,0,9,67,5,81,34,6,40,121
05/12/2017,MTN,MD,AEA,EN,Federal Contract Tower,0,10,32,7,49,0,0,69,5,74,0,10,101,12,123,90,4,94,217
05/13/2017,MTN,MD,AEA,EN,Federal Contract Tower,0,5,28,0,33,0,0,8,0,8,0,5,36,0,41,0,0,0,41
05/14/2017,MTN,MD,AEA,EN,Federal Contract Tower,0,6,25,0,31,0,1,67,0,68,0,7,92,0,99,102,0,102,201
05/15/2017,MTN,MD,AEA,EN,Federal Contract Tower,0,7,29,0,36,0,3,90,0,93,0,10,119,0,129,48,0,48,177
05/16/2017,MTN,MD,AEA,EN,Federal Contract Tower,0,7,18,9,34,0,0,159,9,168,0,7,177,18,202,134,2,136,338
05/17/2017,MTN,MD,AEA,EN,Federal Contract Tower,0,10,26,11,47,0,0,143,7,150,0,10,169,18,197,208,2,210,407
05/18/2017,MTN,MD,AEA,EN,Federal Contract Tower,0,11,34,7,52,0,3,136,3,142,0,14,170,10,194,182,4,186,380
05/19/2017,MTN,MD,AEA,EN,Federal Contract Tower,0,9,32,7,48,0,0,86,6,92,0,9,118,13,140,94,2,96,236
05/20/2017,MTN,MD,AEA,EN,Federal Contract Tower,0,4,24,4,32,0,1,141,4,146,0,5,165,8,178,94,0,94,272
05/21/2017,MTN,MD,AEA,EN,Federal Contract Tower,0,10,30,0,40,0,0,104,0,104,0,10,134,0,144,128,0,128,272
05/22/2017,MTN,MD,AEA,EN,Federal Contract Tower,0,5,30,0,35,0,0,11,0,11,0,5,41,0,46,24,0,24,70
05/23/2017,MTN,MD,AEA,EN,Federal Contract Tower,0,9,53,8,70,0,0,82,6,88,0,9,135,14,158,136,2,138,296
05/24/2017,MTN,MD,AEA,EN,Federal Contract Tower,0,7,42,6,55,0,1,60,6,67,0,8,102,12,122,54,2,56,178
05/25/2017,MTN,MD,AEA,EN,Federal Contract Tower,0,6,29,3,38,0,0,15,0,15,0,6,44,3,53,18,0,18,71
05/26/2017,MTN,MD,AEA,EN,Federal Contract Tower,0,5,43,0,48,0,5,101,0,106,0,10,144,0,154,48,0,48,202
05/27/2017,MTN,MD,AEA,EN,Federal Contract Tower,0,2,16,0,18,0,0,102,0,102,0,2,118,0,120,136,0,136,256
05/28/2017,MTN,MD,AEA,EN,Federal Contract Tower,0,1,17,0,18,0,0,80,0,80,0,1,97,0,98,110,0,110,208
05/29/2017,MTN,MD,AEA,EN,Federal Contract Tower,0,16,48,0,64,0,8,41,0,49,0,24,89,0,113,20,0,20,133
05/30/2017,MTN,MD,AEA,EN,Federal Contract Tower,0,8,41,0,49,0,0,0,0,0,0,8,41,0,49,0,0,0,49
05/31/2017,MTN,MD,AEA,EN,Federal Contract Tower,0,5,23,9,37,0,0,90,6,96,0,5,113,15,133,80,6,86,219
06/01/2017,MTN,MD,AEA,EN,Federal Contract Tower,0,3,29,12,44,0,2,162,6,170,0,5,191,18,214,86,4,90,304
06/02/2017,MTN,MD,AEA,EN,Federal Contract Tower,0,3,22,6,31,0,2,140,8,150,0,5,162,14,181,118,16,134,315
06/03/2017,MTN,MD,AEA,EN,Federal Contract Tower,0,4,29,0,33,0,3,132,0,135,0,7,161,0,168,108,0,108,276
06/04/2017,MTN,MD,AEA,EN,Federal Contract Tower,0,0,18,1,19,0,1,96,1,98,0,1,114,2,117,132,0,132,249
06/05/2017,MTN,MD,AEA,EN,Federal Contract Tower,0,4,18,0,22,0,0,50,0,50,0,4,68,0,72,122,0,122,194
06/06/2017,MTN,MD,AEA,EN,Federal Contract Tower,0,2,40,3,45,0,0,92,10,102,0,2,132,13,147,126,0,126,273
06/07/2017,MTN,MD,AEA,EN,Federal Contract Tower,0,7,53,7,67,0,2,41,8,51,0,9,94,15,118,52,10,62,180
06/08/2017,MTN,MD,AEA,EN,Federal Contract Tower,0,6,38,7,51,0,0,121,9,130,0,6,159,16,181,94,2,96,277
06/09/2017,MTN,MD,AEA,EN,Federal Contract Tower,0,8,24,8,40,0,0,153,4,157,0,8,177,12,197,120,2,122,319
06/10/2017,MTN,MD,AEA,EN,Federal Contract Tower,0,2,26,0,28,0,1,141,0,142,0,3,167,0,170,124,0,124,294
06/11/2017,MTN,MD,AEA,EN,Federal Contract Tower,0,5,26,0,31,0,1,101,0,102,0,6,127,0,133,92,0,92,225
06/12/2017,MTN,MD,AEA,EN,Federal Contract Tower,0,4,26,0,30,0,0,123,0,123,0,4,149,0,153,106,0,106,259
06/13/2017,MTN,MD,AEA,EN,Federal Contract Tower,0,6,21,4,31,0,4,122,5,131,0,10,143,9,162,176,0,176,338
06/14/2017,MTN,MD,AEA,EN,Federal Contract Tower,0,3,19,8,30,0,3,122,6,131,0,6,141,14,161,126,0,126,287
06/15/2017,MTN,MD,AEA,EN,Federal Contract Tower,0,5,36,9,50,0,0,126,6,132,0,5,162,15,182,116,6,122,304
06/16/2017,MTN,MD,AEA,EN,Federal Contract Tower,0,7,23,9,39,0,0,52,0,52,0,7,75,9,91,48,0,48,139
06/17/2017,MTN,MD,AEA,EN,Federal Contract Tower,0,9,21,1,31,0,1,50,0,51,0,10,71,1,82,32,0,32,114
06/18/2017,MTN,MD,AEA,EN,Federal Contract Tower,0,2,23,0,25,0,0,56,0,56,0,2,79,0,81,46,0,46,127
06/19/2017,MTN,MD,AEA,EN,Federal Contract Tower,0,5,15,0,20,0,1,53,0,54,0,6,68,0,74,30,0,30,104
06/20/2017,MTN,MD,AEA,EN,Federal Contract Tower,0,7,28,8,43,0,1,121,5,127,0,8,149,13,170,89,10,99,269
06/21/2017,MTN,MD,AEA,EN,Federal Contract Tower,0,7,35,4,46,0,0,137,0,137,0,7,172,4,183,150,0,150,333
06/22/2017,MTN,MD,AEA,EN,Federal Contract Tower,0,6,33,8,47,0,1,155,0,156,0,7,188,8,203,92,0,92,295
06/23/2017,MTN,MD,AEA,EN,Federal Contract Tower,0,11,25,6,42,0,0,61,2,63,0,11,86,8,105,40,2,42,147
06/24/2017,MTN,MD,AEA,EN,Federal Contract Tower,0,2,19,0,21,0,0,88,0,88,0,2,107,0,109,46,0,46,155
06/25/2017,MTN,MD,AEA,EN,Federal Contract Tower,0,8,19,0,27,0,0,130,0,130,0,8,149,0,157,96,0,96,253
06/26/2017,MTN,MD,AEA,EN,Federal Contract Tower,0,6,32,0,38,0,6,113,0,119,0,12,145,0,157,112,0,112,269
06/27/2017,MTN,MD,AEA,EN,Federal Contract Tower,0,11,37,1,49,0,1,193,2,196,0,12,230,3,245,106,2,108,353
06/28/2017,MTN,MD,AEA,EN,Federal Contract Tower,0,12,28,0,40,0,0,176,6,182,0,12,204,6,222,28,0,28,250
06/29/2017,MTN,MD,AEA,EN,Federal Contract Tower,0,7,15,2,24,0,1,116,1,118,0,8,131,3,142,66,2,68,210
06/30/2017,MTN,MD,AEA,EN,Federal Contract Tower,0,2,30,6,38,0,0,106,10,116,0,2,136,16,154,38,4,42,196
07/01/2017,MTN,MD,AEA,EN,Federal Contract Tower,0,5,22,2,29,0,0,49,0,49,0,5,71,2,78,66,0,66,144
07/02/2017,MTN,MD,AEA,EN,Federal Contract Tower,0,14,15,0,29,0,0,125,0,125,0,14,140,0,154,66,0,66,220
07/03/2017,MTN,MD,AEA,EN,Federal Contract Tower,0,2,9,0,11,0,0,117,0,117,0,2,126,0,128,92,0,92,220
07/04/2017,MTN,MD,AEA,EN,Federal Contract Tower,0,2,9,1,12,0,0,75,2,77,0,2,84,3,89,32,0,32,121
07/05/2017,MTN,MD,AEA,EN,Federal Contract Tower,0,2,19,6,27,0,0,49,6,55,0,2,68,12,82,52,2,54,136
07/06/2017,MTN,MD,AEA,EN,Federal Contract Tower,0,7,37,1,45,0,0,2,0,2,0,7,39,1,47,0,0,0,47
07/07/2017,MTN,MD,AEA,EN,Federal Contract Tower,0,5,31,4,40,0,0,92,0,92,0,5,123,4,132,108,10,118,250
07/08/2017,MTN,MD,AEA,EN,Federal Contract Tower,0,4,28,0,32,0,2,80,0,82,0,6,108,0,114,36,0,36,150
07/09/2017,MTN,MD,AEA,EN,Federal Contract Tower,0,6,36,2,44,0,1,133,0,134,0,7,169,2,178,94,0,94,272
07/10/2017,MTN,MD,AEA,EN,Federal Contract Tower,0,3,19,0,22,0,1,88,0,89,0,4,107,0,111,100,0,100,211
07/11/2017,MTN,MD,AEA,EN,Federal Contract Tower,0,2,22,3,27,0,6,98,4,108,0,8,120,7,135,148,0,148,283
07/12/2017,MTN,MD,AEA,EN,Federal Contract Tower,0,11,18,2,31,0,1,102,4,107,0,12,120,6,138,136,0,136,274
07/13/2017,MTN,MD,AEA,EN,Federal Contract Tower,0,1,16,7,24,0,2,97,0,99,0,3,113,7,123,92,2,94,217
07/14/2017,MTN,MD,AEA,EN,Federal Contract Tower,0,14,16,1,31,0,0,44,4,48,0,14,60,5,79,50,0,50,129
07/15/2017,MTN,MD,AEA,EN,Federal Contract Tower,0,4,32,0,36,0,5,115,0,120,0,9,147,0,156,142,0,142,298
07/16/2017,MTN,MD,AEA,EN,Federal Contract Tower,0,6,35,0,41,0,0,134,0,134,0,6,169,0,175,86,0,86,261
07/17/2017,MTN,MD,AEA,EN,Federal Contract Tower,0,5,39,0,44,0,0,92,0,92,0,5,131,0,136,92,0,92,228
07/18/2017,MTN,MD,AEA,EN,Federal Contract Tower,0,9,29,5,43,0,0,77,2,79,0,9,106,7,122,22,0,22,144
07/19/2017,MTN,MD,AEA,EN,Federal Contract Tower,0,2,27,5,34,0,0,106,4,110,0,2,133,9,144,104,4,108,252
07/20/2017,MTN,MD,AEA,EN,Federal Contract Tower,0,8,25,2,35,0,7,111,12,130,0,15,136,14,165,140,0,140,305
07/21/2017,MTN,MD,AEA,EN,Federal Contract Tower,0,15,28,4,47,0,0,134,4,138,0,15,162,8,185,98,8,106,291
07/22/2017,MTN,MD,AEA,EN,Federal Contract Tower,0,1,11,0,12,0,2,82,0,84,0,3,93,0,96,60,0,60,156
07/23/2017,MTN,MD,AEA,EN,Federal Contract Tower,0,8,21,0,29,0,1,49,0,50,0,9,70,0,79,48,0,48,127
07/24/2017,MTN,MD,AEA,EN,Federal Contract Tower,0,4,30,0,34,0,0,105,0,105,0,4,135,0,139,80,0,80,219
07/25/2017,MTN,MD,AEA,EN,Federal Contract Tower,0,7,28,0,35,0,5,143,0,148,0,12,171,0,183,110,0,110,293
07/26/2017,MTN,MD,AEA,EN,Federal Contract Tower,0,11,34,0,45,0,2,84,6,92,0,13,118,6,137,100,2,102,239
07/27/2017,MTN,MD,AEA,EN,Federal Contract Tower,0,6,32,4,42,0,3,67,1,71,0,9,99,5,113,102,0,102,215
07/28/2017,MTN,MD,AEA,EN,Federal Contract Tower,0,3,29,4,36,0,0,5,0,5,0,3,34,4,41,0,0,0,41
07/29/2017,MTN,MD,AEA,EN,Federal Contract Tower,0,0,13,2,15,0,0,37,0,37,0,0,50,2,52,26,0,26,78
07/30/2017,MTN,MD,AEA,EN,Federal Contract Tower,0,6,38,0,44,0,0,151,0,151,0,6,189,0,195,142,0,142,337
07/31/2017,MTN,MD,AEA,EN,Federal Contract Tower,0,2,17,0,19,0,0,101,0,101,0,2,118,0,120,102,0,102,222
08/01/2017,MTN,MD,AEA,EN,Federal Contract Tower,0,4,28,2,34,0,0,129,0,129,0,4,157,2,163,104,0,104,267
08/02/2017,MTN,MD,AEA,EN,Federal Contract Tower,0,6,33,3,42,0,0,64,7,71,0,6,97,10,113,110,0,110,223
08/03/2017,MTN,MD,AEA,EN,Federal Contract Tower,0,6,32,2,40,0,0,57,2,59,0,6,89,4,99,112,0,112,211
08/04/2017,MTN,MD,AEA,EN,Federal Contract Tower,0,4,32,0,36,0,0,106,0,106,0,4,138,0,142,154,0,154,296
08/05/2017,MTN,MD,AEA,EN,Federal Contract Tower,0,3,14,0,17,0,3,75,0,78,0,6,89,0,95,32,0,32,127
08/06/2017,MTN,MD,AEA,EN,Federal Contract Tower,0,6,28,0,34,0,0,139,1,140,0,6,167,1,174,172,0,172,346
08/07/2017,MTN,MD,AEA,EN,Federal Contract Tower,0,1,25,0,26,0,0,5,0,5,0,1,30,0,31,0,0,0,31
08/08/2017,MTN,MD,AEA,EN,Federal Contract Tower,0,5,35,1,41,0,3,84,2,89,0,8,119,3,130,118,6,124,254
08/09/2017,MTN,MD,AEA,EN,Federal Contract Tower,0,3,37,0,40,0,0,126,0,126,0,3,163,0,166,186,0,186,352
08/10/2017,MTN,MD,AEA,EN,Federal Contract Tower,0,2,33,1,36,0,0,109,0,109,0,2,142,1,145,66,0,66,211
08/11/2017,MTN,MD,AEA,EN,Federal Contract Tower,0,5,25,1,31,0,0,90,0,90,0,5,115,1,121,102,0,102,223
08/12/2017,MTN,MD,AEA,EN,Federal Contract Tower,0,3,15,2,20,0,0,35,0,35,0,3,50,2,55,30,0,30,85
08/13/2017,MTN,MD,AEA,EN,Federal Contract Tower,0,11,24,0,35,0,1,91,0,92,0,12,115,0,127,70,0,70,197
08/14/2017,MTN,MD,AEA,EN,Federal Contract Tower,0,12,22,0,34,0,0,100,0,100,0,12,122,0,134,144,0,144,278
08/15/2017,MTN,MD,AEA,EN,Federal Contract Tower,0,6,29,0,35,0,0,19,0,19,0,6,48,0,54,16,0,16,70
08/16/2017,MTN,MD,AEA,EN,Federal Contract Tower,0,10,27,7,44,0,0,123,0,123,0,10,150,7,167,162,2,164,331
08/17/2017,MTN,MD,AEA,EN,Federal Contract Tower,0,5,23,0,28,0,1,94,0,95,0,6,117,0,123,134,0,134,257
08/18/2017,MTN,MD,AEA,EN,Federal Contract Tower,0,6,39,0,45,0,0,21,1,22,0,6,60,1,67,40,0,40,107
08/19/2017,MTN,MD,AEA,EN,Federal Contract Tower,0,6,27,1,34,0,2,113,0,115,0,8,140,1,149,92,2,94,243
08/20/2017,MTN,MD,AEA,EN,Federal Contract Tower,0,6,23,0,29,0,4,107,0,111,0,10,130,0,140,80,0,80,220
08/21/2017,MTN,MD,AEA,EN,Federal Contract Tower,0,6,28,0,34,0,0,82,0,82,0,6,110,0,116,58,0,58,174
08/22/2017,MTN,MD,AEA,EN,Federal Contract Tower,0,10,30,2,42,0,1,109,0,110,0,11,139,2,152,62,0,62,214
08/23/2017,MTN,MD,AEA,EN,Federal Contract Tower,0,5,36,0,41,0,0,104,4,108,0,5,140,4,149,48,0,48,197
08/24/2017,MTN,MD,AEA,EN,Federal Contract Tower,0,4,35,2,41,0,0,147,0,147,0,4,182,2,188,146,0,146,334
08/25/2017,MTN,MD,AEA,EN,Federal Contract Tower,0,7,27,0,34,0,5,160,0,165,0,12,187,0,199,154,0,154,353
08/26/2017,MTN,MD,AEA,EN,Federal Contract Tower,0,4,21,0,25,0,1,126,1,128,0,5,147,1,153,126,0,126,279
08/27/2017,MTN,MD,AEA,EN,Federal Contract Tower,0,7,27,0,34,0,0,144,0,144,0,7,171,0,178,113,0,113,291
08/28/2017,MTN,MD,AEA,EN,Federal Contract Tower,0,5,31,0,36,0,0,97,0,97,0,5,128,0,133,14,0,14,147
08/29/2017,MTN,MD,AEA,EN,Federal Contract Tower,0,10,23,0,33,0,0,0,0,0,0,10,23,0,33,0,0,0,33
08/30/2017,MTN,MD,AEA,EN,Federal Contract Tower,0,5,21,6,32,0,0,105,12,117,0,5,126,18,149,88,6,94,243
08/31/2017,MTN,MD,AEA,EN,Federal Contract Tower,0,12,21,5,38,0,1,117,5,123,0,13,138,10,161,100,0,100,261
09/01/2017,MTN,MD,AEA,EN,Federal Contract Tower,0,0,31,0,31,0,0,118,0,118,0,0,149,0,149,74,0,74,223
09/02/2017,MTN,MD,AEA,EN,Federal Contract Tower,0,4,22,0,26,0,0,4,0,4,0,4,26,0,30,4,0,4,34
09/03/2017,MTN,MD,AEA,EN,Federal Contract Tower,0,4,16,0,20,0,1,76,0,77,0,5,92,0,97,90,0,90,187
09/04/2017,MTN,MD,AEA,EN,Federal Contract Tower,0,4,25,0,29,0,0,153,0,153,0,4,178,0,182,180,0,180,362
09/05/2017,MTN,MD,AEA,EN,Federal Contract Tower,0,4,27,6,37,0,0,94,9,103,0,4,121,15,140,82,2,84,224
09/06/2017,MTN,MD,AEA,EN,Federal Contract Tower,0,13,26,0,39,0,0,8,0,8,0,13,34,0,47,18,0,18,65
09/07/2017,MTN,MD,AEA,EN,Federal Contract Tower,0,6,30,6,42,0,0,97,6,103,0,6,127,12,145,68,2,70,215
09/08/2017,MTN,MD,AEA,EN,Federal Contract Tower,0,7,25,4,36,0,0,137,3,140,0,7,162,7,176,170,8,178,354
09/09/2017,MTN,MD,AEA,EN,Federal Contract Tower,0,3,26,1,30,0,6,171,4,181,0,9,197,5,211,96,0,96,307
09/11/2017,MTN,MD,AEA,EN,Federal Contract Tower,0,1,23,0,24,0,0,117,0,117,0,1,140,0,141,144,0,144,285
09/12/2017,MTN,MD,AEA,EN,Federal Contract Tower,0,5,32,3,40,0,1,98,7,106,0,6,130,10,146,156,0,156,302
09/13/2017,MTN,MD,AEA,EN,Federal Contract Tower,0,2,34,12,48,0,0,21,0,21,0,2,55,12,69,0,16,16,85
09/14/2017,MTN,MD,AEA,EN,Federal Contract Tower,0,4,30,4,38,0,1,120,8,129,0,5,150,12,167,102,0,102,269
09/15/2017,MTN,MD,AEA,EN,Federal Contract Tower,0,7,36,7,50,0,0,134,8,142,0,7,170,15,192,144,6,150,342
09/16/2017,MTN,MD,AEA,EN,Federal Contract Tower,0,8,21,5,34,0,4,139,0,143,0,12,160,5,177,112,16,128,305
09/17/2017,MTN,MD,AEA,EN,Federal Contract Tower,0,6,40,7,53,0,2,102,1,105,0,8,142,8,158,107,0,107,265
09/18/2017,MTN,MD,AEA,EN,Federal Contract Tower,0,5,44,0,49,0,2,49,0,51,0,7,93,0,100,94,0,94,194
09/19/2017,MTN,MD,AEA,EN,Federal Contract Tower,0,9,29,8,46,0,2,67,8,77,0,11,96,16,123,118,12,130,253
09/20/2017,MTN,MD,AEA,EN,Federal Contract Tower,0,4,33,9,46,0,0,110,8,118,0,4,143,17,164,126,14,140,304
09/21/2017,MTN,MD,AEA,EN,Federal Contract Tower,0,5,32,5,42,0,1,105,11,117,0,6,137,16,159,98,8,106,265
09/22/2017,MTN,MD,AEA,EN,Federal Contract Tower,0,4,31,4,39,0,0,133,4,137,0,4,164,8,176,116,4,120,296
09/23/2017,MTN,MD,AEA,EN,Federal Contract Tower,0,6,6,1,13,0,2,139,0,141,0,8,145,1,154,168,0,168,322
09/24/2017,MTN,MD,AEA,EN,Federal Contract Tower,0,10,25,3,38,0,3,120,0,123,0,13,145,3,161,122,0,122,283
09/25/2017,MTN,MD,AEA,EN,Federal Contract Tower,0,7,29,0,36,0,1,115,0,116,0,8,144,0,152,152,0,152,304
09/26/2017,MTN,MD,AEA,EN,Federal Contract Tower,0,3,44,9,56,0,0,100,20,120,0,3,144,29,176,82,0,82,258
09/27/2017,MTN,MD,AEA,EN,Federal Contract Tower,0,7,37,1,45,0,1,99,0,100,0,8,136,1,145,116,0,116,261
09/28/2017,MTN,MD,AEA,EN,Federal Contract Tower,0,6,30,0,36,0,0,90,0,90,0,6,120,0,126,80,0,80,206
09/29/2017,MTN,MD,AEA,EN,Federal Contract Tower,0,8,32,1,41,0,0,143,0,143,0,8,175,1,184,146,0,146,330
09/30/2017,MTN,MD,AEA,EN,Federal Contract Tower,0,10,15,0,25,0,3,80,0,83,0,13,95,0,108,70,4,74,182
10/01/2017,MTN,MD,AEA,EN,Federal Contract Tower,0,6,23,1,30,0,1,105,4,110,0,7,128,5,140,112,0,112,252
10/02/2017,MTN,MD,AEA,EN,Federal Contract Tower,0,10,31,0,41,0,0,106,0,106,0,10,137,0,147,198,0,198,345
10/03/2017,MTN,MD,AEA,EN,Federal Contract Tower,0,15,24,5,44,0,0,111,6,117,0,15,135,11,161,148,0,148,309
10/04/2017,MTN,MD,AEA,EN,Federal Contract Tower,0,5,36,4,45,0,0,123,5,128,0,5,159,9,173,172,0,172,345
10/05/2017,MTN,MD,AEA,EN,Federal Contract Tower,0,5,48,9,62,0,3,150,5,158,0,8,198,14,220,168,0,168,388
10/06/2017,MTN,MD,AEA,EN,Federal Contract Tower,0,4,34,0,38,0,1,131,0,132,0,5,165,0,170,252,0,252,422
10/07/2017,MTN,MD,AEA,EN,Federal Contract Tower,0,1,13,0,14,0,1,165,0,166,0,2,178,0,180,126,0,126,306
10/08/2017,MTN,MD,AEA,EN,Federal Contract Tower,0,10,28,0,38,0,0,25,0,25,0,10,53,0,63,30,0,30,93
10/09/2017,MTN,MD,AEA,EN,Federal Contract Tower,0,3,14,0,17,0,0,30,0,30,0,3,44,0,47,36,0,36,83
10/10/2017,MTN,MD,AEA,EN,Federal Contract Tower,0,7,16,3,26,0,0,126,10,136,0,7,142,13,162,102,0,102,264
10/11/2017,MTN,MD,AEA,EN,Federal Contract Tower,0,8,38,11,57,0,0,56,0,56,0,8,94,11,113,172,0,172,285
10/12/2017,MTN,MD,AEA,EN,Federal Contract Tower,0,6,29,13,48,0,2,8,4,14,0,8,37,17,62,12,0,12,74
10/13/2017,MTN,MD,AEA,EN,Federal Contract Tower,0,10,48,4,62,0,0,45,3,48,0,10,93,7,110,92,0,92,202
10/14/2017,MTN,MD,AEA,EN,Federal Contract Tower,0,5,34,0,39,0,0,25,0,25,0,5,59,0,64,74,0,74,138
10/15/2017,MTN,MD,AEA,EN,Federal Contract Tower,0,7,26,2,35,0,0,42,0,42,0,7,68,2,77,52,0,52,129
10/16/2017,MTN,MD,AEA,EN,Federal Contract Tower,0,5,19,0,24,0,0,105,0,105,0,5,124,0,129,108,0,108,237
10/17/2017,MTN,MD,AEA,EN,Federal Contract Tower,0,5,25,7,37,0,0,141,3,144,0,5,166,10,181,166,0,166,347
10/18/2017,MTN,MD,AEA,EN,Federal Contract Tower,0,3,36,2,41,0,0,144,5,149,0,3,180,7,190,188,0,188,378
10/19/2017,MTN,MD,AEA,EN,Federal Contract Tower,0,10,40,3,53,0,3,164,3,170,0,13,204,6,223,172,0,172,395
10/20/2017,MTN,MD,AEA,EN,Federal Contract Tower,0,1,36,2,39,0,0,154,10,164,0,1,190,12,203,114,2,116,319
10/21/2017,MTN,MD,AEA,EN,Federal Contract Tower,0,2,28,11,41,0,4,152,8,164,0,6,180,19,205,82,28,110,315
10/22/2017,MTN,MD,AEA,EN,Federal Contract Tower,0,5,37,0,42,0,0,104,0,104,0,5,141,0,146,60,0,60,206
10/23/2017,MTN,MD,AEA,EN,Federal Contract Tower,0,4,27,0,31,0,0,60,0,60,0,4,87,0,91,110,0,110,201
10/24/2017,MTN,MD,AEA,EN,Federal Contract Tower,0,5,33,7,45,0,3,71,9,83,0,8,104,16,128,100,24,124,252
10/25/2017,MTN,MD,AEA,EN,Federal Contract Tower,0,7,32,16,55,0,1,126,3,130,0,8,158,19,185,134,6,140,325
10/26/2017,MTN,MD,AEA,EN,Federal Contract Tower,0,5,28,10,43,0,0,104,4,108,0,5,132,14,151,60,0,60,211
10/27/2017,MTN,MD,AEA,EN,Federal Contract Tower,0,10,39,2,51,0,3,134,4,141,0,13,173,6,192,122,0,122,314
10/28/2017,MTN,MD,AEA,EN,Federal Contract Tower,0,3,21,0,24,0,0,107,3,110,0,3,128,3,134,120,0,120,254
10/29/2017,MTN,MD,AEA,EN,Federal Contract Tower,0,6,19,0,25,0,0,0,0,0,0,6,19,0,25,0,0,0,25
10/30/2017,MTN,MD,AEA,EN,Federal Contract Tower,0,11,27,0,38,0,3,32,0,35,0,14,59,0,73,4,0,4,77
10/31/2017,MTN,MD,AEA,EN,Federal Contract Tower,0,5,23,5,33,0,1,121,5,127,0,6,144,10,160,108,6,114,274
11/01/2017,MTN,MD,AEA,EN,Federal Contract Tower,0,5,36,6,47,0,0,98,8,106,0,5,134,14,153,182,6,188,341
11/02/2017,MTN,MD,AEA,EN,Federal Contract Tower,0,8,31,7,46,0,3,103,9,115,0,11,134,16,161,64,0,64,225
11/03/2017,MTN,MD,AEA,EN,Federal Contract Tower,0,12,26,6,44,0,1,97,12,110,0,13,123,18,154,106,16,122,276
11/04/2017,MTN,MD,AEA,EN,Federal Contract Tower,0,5,15,4,24,0,0,141,12,153,0,5,156,16,177,144,12,156,333
11/05/2017,MTN,MD,AEA,EN,Federal Contract Tower,0,19,31,0,50,0,0,6,0,6,0,19,37,0,56,0,0,0,56
11/06/2017,MTN,MD,AEA,EN,Federal Contract Tower,0,5,23,2,30,0,1,70,0,71,0,6,93,2,101,92,0,92,193
11/07/2017,MTN,MD,AEA,EN,Federal Contract Tower,0,2,27,3,32,0,2,23,2,27,0,4,50,5,59,42,0,42,101
11/08/2017,MTN,MD,AEA,EN,Federal Contract Tower,0,6,34,7,47,0,0,115,4,119,0,6,149,11,166,182,0,182,348
11/09/2017,MTN,MD,AEA,EN,Federal Contract Tower,0,4,32,5,41,0,1,83,7,91,0,5,115,12,132,150,8,158,290
11/10/2017,MTN,MD,AEA,EN,Federal Contract Tower,0,9,22,0,31,0,0,47,0,47,0,9,69,0,78,40,0,40,118
11/11/2017,MTN,MD,AEA,EN,Federal Contract Tower,0,6,21,0,27,0,2,100,0,102,0,8,121,0,129,72,0,72,201
11/12/2017,MTN,MD,AEA,EN,Federal Contract Tower,0,9,24,0,33,0,1,109,2,112,0,10,133,2,145,172,0,172,317
11/13/2017,MTN,MD,AEA,EN,Federal Contract Tower,0,10,25,1,36,0,0,100,0,100,0,10,125,1,136,204,0,204,340
11/14/2017,MTN,MD,AEA,EN,Federal Contract Tower,0,4,23,7,34,0,0,96,6,102,0,4,119,13,136,178,0,178,314
11/15/2017,MTN,MD,AEA,EN,Federal Contract Tower,0,1,40,6,47,0,2,103,7,112,0,3,143,13,159,78,0,78,237
11/16/2017,MTN,MD,AEA,EN,Federal Contract Tower,0,10,20,4,34,0,0,68,9,77,0,10,88,13,111,84,8,92,203
11/17/2017,MTN,MD,AEA,EN,Federal Contract Tower,0,6,19,3,28,0,0,120,6,126,0,6,139,9,154,88,4,92,246
11/18/2017,MTN,MD,AEA,EN,Federal Contract Tower,0,5,20,0,25,0,0,87,0,87,0,5,107,0,112,158,0,158,270
11/19/2017,MTN,MD,AEA,EN,Federal Contract Tower,0,3,18,0,21,0,0,11,0,11,0,3,29,0,32,0,0,0,32
11/20/2017,MTN,MD,AEA,EN,Federal Contract Tower,0,3,29,5,37,0,1,122,8,131,0,4,151,13,168,168,4,172,340
11/21/2017,MTN,MD,AEA,EN,Federal Contract Tower,0,11,27,8,46,0,2,120,11,133,0,13,147,19,179,122,8,130,309
11/22/2017,MTN,MD,AEA,EN,Federal Contract Tower,0,2,23,0,25,0,0,66,0,66,0,2,89,0,91,50,0,50,141
11/23/2017,MTN,MD,AEA,EN,Federal Contract Tower,0,7,3,0,10,0,5,26,0,31,0,12,29,0,41,6,0,6,47
11/24/2017,MTN,MD,AEA,EN,Federal Contract Tower,0,4,19,0,23,0,1,105,0,106,0,5,124,0,129,122,0,122,251
11/25/2017,MTN,MD,AEA,EN,Federal Contract Tower,0,7,19,0,26,0,0,94,0,94,0,7,113,0,120,160,0,160,280
11/26/2017,MTN,MD,AEA,EN,Federal Contract Tower,0,10,40,0,50,0,0,59,0,59,0,10,99,0,109,64,0,64,173
11/27/2017,MTN,MD,AEA,EN,Federal Contract Tower,0,6,30,1,37,0,0,91,2,93,0,6,121,3,130,86,0,86,216
11/28/2017,MTN,MD,AEA,EN,Federal Contract Tower,0,6,23,16,45,0,0,104,7,111,0,6,127,23,156,60,0,60,216
11/29/2017,MTN,MD,AEA,EN,Federal Contract Tower,0,7,30,4,41,0,1,130,9,140,0,8,160,13,181,116,2,118,299
11/30/2017,MTN,MD,AEA,EN,Federal Contract Tower,0,8,34,7,49,0,2,113,7,122,0,10,147,14,171,86,18,104,275
12/01/2017,MTN,MD,AEA,EN,Federal Contract Tower,0,9,32,7,48,0,0,109,3,112,0,9,141,10,160,84,12,96,256
12/02/2017,MTN,MD,AEA,EN,Federal Contract Tower,0,3,24,9,36,0,1,111,5,117,0,4,135,14,153,32,2,34,187
12/03/2017,MTN,MD,AEA,EN,Federal Contract Tower,0,5,24,0,29,0,0,69,0,69,0,5,93,0,98,68,0,68,166
12/04/2017,MTN,MD,AEA,EN,Federal Contract Tower,0,4,24,1,29,0,0,89,0,89,0,4,113,1,118,90,0,90,208
12/05/2017,MTN,MD,AEA,EN,Federal Contract Tower,0,12,20,13,45,0,0,24,0,24,0,12,44,13,69,52,0,52,121
12/06/2017,MTN,MD,AEA,EN,Federal Contract Tower,0,7,32,6,45,0,0,103,12,115,0,7,135,18,160,148,18,166,326
12/07/2017,MTN,MD,AEA,EN,Federal Contract Tower,0,3,32,7,42,0,0,83,10,93,0,3,115,17,135,122,0,122,257
12/08/2017,MTN,MD,AEA,EN,Federal Contract Tower,0,4,30,6,40,0,0,98,0,98,0,4,128,6,138,114,2,116,254
12/09/2017,MTN,MD,AEA,EN,Federal Contract Tower,0,3,5,0,8,0,0,0,0,0,0,3,5,0,8,0,0,0,8
12/10/2017,MTN,MD,AEA,EN,Federal Contract Tower,0,1,16,0,17,0,2,47,0,49,0,3,63,0,66,98,0,98,164
12/11/2017,MTN,MD,AEA,EN,Federal Contract Tower,0,7,24,0,31,0,1,95,0,96,0,8,119,0,127,40,0,40,167
12/12/2017,MTN,MD,AEA,EN,Federal Contract Tower,0,5,21,4,30,0,0,69,1,70,0,5,90,5,100,108,0,108,208
12/13/2017,MTN,MD,AEA,EN,Federal Contract Tower,0,3,15,5,23,0,0,32,10,42,0,3,47,15,65,36,2,38,103
12/14/2017,MTN,MD,AEA,EN,Federal Contract Tower,0,12,24,6,42,0,1,75,10,86,0,13,99,16,128,26,6,32,160
12/15/2017,MTN,MD,AEA,EN,Federal Contract Tower,0,1,18,0,19,0,0,38,0,38,0,1,56,0,57,44,0,44,101
12/16/2017,MTN,MD,AEA,EN,Federal Contract Tower,0,2,24,0,26,0,0,76,0,76,0,2,100,0,102,42,0,42,144
12/17/2017,MTN,MD,AEA,EN,Federal Contract Tower,0,2,24,0,26,0,1,86,0,87,0,3,110,0,113,106,0,106,219
12/18/2017,MTN,MD,AEA,EN,Federal Contract Tower,0,4,30,0,34,0,1,120,0,121,0,5,150,0,155,116,0,116,271
12/19/2017,MTN,MD,AEA,EN,Federal Contract Tower,0,0,23,5,28,0,0,125,3,128,0,0,148,8,156,54,2,56,212
12/20/2017,MTN,MD,AEA,EN,Federal Contract Tower,0,11,23,4,38,0,2,64,2,68,0,13,87,6,106,84,2,86,192
12/21/2017,MTN,MD,AEA,EN,Federal Contract Tower,0,3,23,7,33,0,1,92,4,97,0,4,115,11,130,104,10,114,244
12/22/2017,MTN,MD,AEA,EN,Federal Contract Tower,0,2,13,0,15,0,1,118,0,119,0,3,131,0,134,212,0,212,346
12/23/2017,MTN,MD,AEA,EN,Federal Contract Tower,0,2,13,0,15,0,0,8,0,8,0,2,21,0,23,34,0,34,57
12/24/2017,MTN,MD,AEA,EN,Federal Contract Tower,0,6,8,0,14,0,1,50,0,51,0,7,58,0,65,66,0,66,131
12/25/2017,MTN,MD,AEA,EN,Federal Contract Tower,0,2,1,0,3,0,0,3,0,3,0,2,4,0,6,0,0,0,6
12/26/2017,MTN,MD,AEA,EN,Federal Contract Tower,0,5,22,0,27,0,2,83,0,85,0,7,105,0,112,46,2,48,160
12/27/2017,MTN,MD,AEA,EN,Federal Contract Tower,0,6,11,2,19,0,0,88,4,92,0,6,99,6,111,136,0,136,247
12/28/2017,MTN,MD,AEA,EN,Federal Contract Tower,0,11,14,1,26,0,0,98,1,99,0,11,112,2,125,86,6,92,217
12/29/2017,MTN,MD,AEA,EN,Federal Contract Tower,0,6,6,0,12,0,1,98,0,99,0,7,104,0,111,86,0,86,197
12/30/2017,MTN,MD,AEA,EN,Federal Contract Tower,0,4,11,0,15,0,0,31,0,31,0,4,42,0,46,78,0,78,124
12/31/2017,MTN,MD,AEA,EN,Federal Contract Tower,0,6,3,0,9,0,2,26,0,28,0,8,29,0,37,2,0,2,39
01/01/2018,MTN,MD,AEA,EN,Federal Contract Tower,0,4,12,0,16,0,2,45,0,47,0,6,57,0,63,72,0,72,135
01/02/2018,MTN,MD,AEA,EN,Federal Contract Tower,0,3,22,6,31,0,1,82,10,93,0,4,104,16,124,70,8,78,202
01/03/2018,MTN,MD,AEA,EN,Federal Contract Tower,0,1,25,8,34,0,1,97,8,106,0,2,122,16,140,210,4,214,354
01/04/2018,MTN,MD,AEA,EN,Federal Contract Tower,0,1,5,0,6,0,0,0,0,0,0,1,5,0,6,0,0,0,6
01/05/2018,MTN,MD,AEA,EN,Federal Contract Tower,0,3,8,1,12,0,1,16,6,23,0,4,24,7,35,4,2,6,41
01/06/2018,MTN,MD,AEA,EN,Federal Contract Tower,0,6,5,5,16,0,1,15,8,24,0,7,20,13,40,0,4,4,44
01/07/2018,MTN,MD,AEA,EN,Federal Contract Tower,0,3,19,0,22,0,4,79,0,83,0,7,98,0,105,178,0,178,283
01/08/2018,MTN,MD,AEA,EN,Federal Contract Tower,0,3,5,0,8,0,0,25,0,25,0,3,30,0,33,112,0,112,145
01/09/2018,MTN,MD,AEA,EN,Federal Contract Tower,0,7,23,2,32,0,0,105,4,109,0,7,128,6,141,96,2,98,239
01/10/2018,MTN,MD,AEA,EN,Federal Contract Tower,0,4,20,6,30,0,1,86,9,96,0,5,106,15,126,78,2,80,206
01/11/2018,MTN,MD,AEA,EN,Federal Contract Tower,0,7,29,8,44,0,0,95,9,104,0,7,124,17,148,104,10,114,262
01/12/2018,MTN,MD,AEA,EN,Federal Contract Tower,0,0,16,0,16,0,0,0,0,0,0,0,16,0,16,0,0,0,16
01/13/2018,MTN,MD,AEA,EN,Federal Contract Tower,0,2,15,0,17,0,3,30,4,37,0,5,45,4,54,0,0,0,54
01/14/2018,MTN,MD,AEA,EN,Federal Contract Tower,0,2,12,0,14,0,1,75,0,76,0,3,87,0,90,68,0,68,158
01/15/2018,MTN,MD,AEA,EN,Federal Contract Tower,0,4,28,1,33,0,2,85,0,87,0,6,113,1,120,264,0,264,384
01/16/2018,MTN,MD,AEA,EN,Federal Contract Tower,0,5,12,8,25,0,1,45,10,56,0,6,57,18,81,34,2,36,117
01/17/2018,MTN,MD,AEA,EN,Federal Contract Tower,0,5,16,5,26,0,0,42,6,48,0,5,58,11,74,50,2,52,126
01/18/2018,MTN,MD,AEA,EN,Federal Contract Tower,0,3,19,11,33,0,0,113,11,124,0,3,132,22,157,116,4,120,277
01/19/2018,MTN,MD,AEA,EN,Federal Contract Tower,0,4,37,6,47,0,1,106,6,113,0,5,143,12,160,142,0,142,302
01/20/2018,MTN,MD,AEA,EN,Federal Contract Tower,0,2,18,0,20,0,4,119,0,123,0,6,137,0,143,142,0,142,285
01/21/2018,MTN,MD,AEA,EN,Federal Contract Tower,0,3,20,0,23,0,2,127,0,129,0,5,147,0,152,144,0,144,296
01/22/2018,MTN,MD,AEA,EN,Federal Contract Tower,0,1,15,0,16,0,0,110,0,110,0,1,125,0,126,186,0,186,312
01/23/2018,MTN,MD,AEA,EN,Federal Contract Tower,0,2,24,2,28,0,0,34,2,36,0,2,58,4,64,30,0,30,94
01/24/2018,MTN,MD,AEA,EN,Federal Contract Tower,0,8,28,6,42,0,0,73,8,81,0,8,101,14,123,103,4,107,230
01/25/2018,MTN,MD,AEA,EN,Federal Contract Tower,0,0,28,4,32,0,0,89,4,93,0,0,117,8,125,68,4,72,197
01/26/2018,MTN,MD,AEA,EN,Federal Contract Tower,0,2,40,0,42,0,1,107,0,108,0,3,147,0,150,160,0,160,310
01/27/2018,MTN,MD,AEA,EN,Federal Contract Tower,0,2,11,0,13,0,3,119,0,122,0,5,130,0,135,98,0,98,233
01/28/2018,MTN,MD,AEA,EN,Federal Contract Tower,0,6,23,8,37,0,0,5,0,5,0,6,28,8,42,0,0,0,42
01/29/2018,MTN,MD,AEA,EN,Federal Contract Tower,0,5,25,0,30,0,0,81,0,81,0,5,106,0,111,70,0,70,181
01/30/2018,MTN,MD,AEA,EN,Federal Contract Tower,0,7,10,1,18,0,0,18,0,18,0,7,28,1,36,10,0,10,46
01/31/2018,MTN,MD,AEA,EN,Federal Contract Tower,0,6,13,2,21,0,3,92,2,97,0,9,105,4,118,160,4,164,282
02/01/2018,MTN,MD,AEA,EN,Federal Contract Tower,0,6,19,1,26,0,0,79,2,81,0,6,98,3,107,101,0,101,208
02/02/2018,MTN,MD,AEA,EN,Federal Contract Tower,0,0,17,0,17,0,2,19,0,21,0,2,36,0,38,0,0,0,38
02/03/2018,MTN,MD,AEA,EN,Federal Contract Tower,0,1,20,0,21,0,5,110,0,115,0,6,130,0,136,94,0,94,230
02/04/2018,MTN,MD,AEA,EN,Federal Contract Tower,0,6,5,0,11,0,0,4,0,4,0,6,9,0,15,70,0,70,85
02/05/2018,MTN,MD,AEA,EN,Federal Contract Tower,0,4,23,2,29,0,0,52,0,52,0,4,75,2,81,32,0,32,113
02/06/2018,MTN,MD,AEA,EN,Federal Contract Tower,0,4,23,1,28,0,0,109,1,110,0,4,132,2,138,92,0,92,230
02/07/2018,MTN,MD,AEA,EN,Federal Contract Tower,0,4,17,0,21,0,0,4,0,4,0,4,21,0,25,4,0,4,29
02/08/2018,MTN,MD,AEA,EN,Federal Contract Tower,0,4,29,5,38,0,0,80,3,83,0,4,109,8,121,52,0,52,173
02/09/2018,MTN,MD,AEA,EN,Federal Contract Tower,0,7,19,3,29,0,1,139,12,152,0,8,158,15,181,120,2,122,303
02/10/2018,MTN,MD,AEA,EN,Federal Contract Tower,0,0,7,9,16,0,0,0,0,0,0,0,7,9,16,0,0,0,16
02/11/2018,MTN,MD,AEA,EN,Federal Contract Tower,0,5,21,2,28,0,0,7,0,7,0,5,28,2,35,0,0,0,35
02/12/2018,MTN,MD,AEA,EN,Federal Contract Tower,0,8,33,0,41,0,0,74,0,74,0,8,107,0,115,136,0,136,251
02/13/2018,MTN,MD,AEA,EN,Federal Contract Tower,0,5,25,3,33,0,1,102,2,105,0,6,127,5,138,106,4,110,248
02/14/2018,MTN,MD,AEA,EN,Federal Contract Tower,0,3,28,7,38,0,2,129,5,136,0,5,157,12,174,120,8,128,302
02/15/2018,MTN,MD,AEA,EN,Federal Contract Tower,0,8,29,7,44,0,0,133,7,140,0,8,162,14,184,133,10,143,327
02/16/2018,MTN,MD,AEA,EN,Federal Contract Tower,0,6,23,0,29,0,0,46,0,46,0,6,69,0,75,70,0,70,145
02/17/2018,MTN,MD,AEA,EN,Federal Contract Tower,0,0,10,0,10,0,0,66,0,66,0,0,76,0,76,140,0,140,216
02/18/2018,MTN,MD,AEA,EN,Federal Contract Tower,0,2,13,0,15,0,0,93,0,93,0,2,106,0,108,170,0,170,278
02/19/2018,MTN,MD,AEA,EN,Federal Contract Tower,0,8,24,0,32,0,0,53,0,53,0,8,77,0,85,146,0,146,231
02/20/2018,MTN,MD,AEA,EN,Federal Contract Tower,0,1,26,8,35,0,0,70,7,77,0,1,96,15,112,114,2,116,228
02/21/2018,MTN,MD,AEA,EN,Federal Contract Tower,0,8,23,6,37,0,0,94,7,101,0,8,117,13,138,98,2,100,238
02/22/2018,MTN,MD,AEA,EN,Federal Contract Tower,0,2,31,0,33,0,0,33,0,33,0,2,64,0,66,60,0,60,126
02/23/2018,MTN,MD,AEA,EN,Federal Contract Tower,0,3,22,0,25,0,0,0,0,0,0,3,22,0,25,0,0,0,25
02/24/2018,MTN,MD,AEA,EN,Federal Contract Tower,0,5,9,2,16,0,1,11,0,12,0,6,20,2,28,24,4,28,56
02/25/2018,MTN,MD,AEA,EN,Federal Contract Tower,0,2,26,1,29,0,0,0,0,0,0,2,26,1,29,0,0,0,29
02/26/2018,MTN,MD,AEA,EN,Federal Contract Tower,0,6,30,0,36,0,3,130,0,133,0,9,160,0,169,186,0,186,355
02/27/2018,MTN,MD,AEA,EN,Federal Contract Tower,0,4,16,5,25,0,0,138,2,140,0,4,154,7,165,167,0,167,332
02/28/2018,MTN,MD,AEA,EN,Federal Contract Tower,0,2,33,6,41,0,1,108,1,110,0,3,141,7,151,180,4,184,335
03/01/2018,MTN,MD,AEA,EN,Federal Contract Tower,0,7,33,5,45,0,1,54,0,55,0,8,87,5,100,68,0,68,168
03/02/2018,MTN,MD,AEA,EN,Federal Contract Tower,0,0,13,0,13,0,0,0,0,0,0,0,13,0,13,0,0,0,13
03/03/2018,MTN,MD,AEA,EN,Federal Contract Tower,0,3,17,8,28,0,0,11,12,23,0,3,28,20,51,0,14,14,65
03/04/2018,MTN,MD,AEA,EN,Federal Contract Tower,0,9,20,0,29,0,4,74,0,78,0,13,94,0,107,72,0,72,179
03/05/2018,MTN,MD,AEA,EN,Federal Contract Tower,0,6,23,0,29,0,1,95,1,97,0,7,118,1,126,163,6,169,295
03/06/2018,MTN,MD,AEA,EN,Federal Contract Tower,0,5,18,1,24,0,0,83,4,87,0,5,101,5,111,128,0,128,239
03/07/2018,MTN,MD,AEA,EN,Federal Contract Tower,0,6,12,3,21,0,1,29,3,33,0,7,41,6,54,8,0,8,62
03/08/2018,MTN,MD,AEA,EN,Federal Contract Tower,0,0,22,7,29,0,0,80,6,86,0,0,102,13,115,54,8,62,177
03/09/2018,MTN,MD,AEA,EN,Federal Contract Tower,0,2,17,3,22,0,1,51,3,55,0,3,68,6,77,26,0,26,103
03/10/2018,MTN,MD,AEA,EN,Federal Contract Tower,0,8,28,0,36,0,2,141,0,143,0,10,169,0,179,208,0,208,387
03/11/2018,MTN,MD,AEA,EN,Federal Contract Tower,0,2,13,0,15,0,1,145,0,146,0,3,158,0,161,96,0,96,257
03/12/2018,MTN,MD,AEA,EN,Federal Contract Tower,0,7,18,2,27,0,0,73,0,73,0,7,91,2,100,104,0,104,204
03/13/2018,MTN,MD,AEA,EN,Federal Contract Tower,0,5,11,2,18,0,6,36,2,44,0,11,47,4,62,28,0,28,90
03/14/2018,MTN,MD,AEA,EN,Federal Contract Tower,0,5,14,2,21,0,11,23,4,38,0,16,37,6,59,4,0,4,63
03/15/2018,MTN,MD,AEA,EN,Federal Contract Tower,0,11,26,3,40,0,1,92,2,95,0,12,118,5,135,54,0,54,189
03/16/2018,MTN,MD,AEA,EN,Federal Contract Tower,0,2,30,2,34,0,1,46,9,56,0,3,76,11,90,6,6,12,102
03/17/2018,MTN,MD,AEA,EN,Federal Contract Tower,0,9,15,0,24,0,0,108,0,108,0,9,123,0,132,132,0,132,264
03/18/2018,MTN,MD,AEA,EN,Federal Contract Tower,0,4,24,0,28,0,0,152,0,152,0,4,176,0,180,248,0,248,428
03/19/2018,MTN,MD,AEA,EN,Federal Contract Tower,0,3,32,0,35,0,1,152,0,153,0,4,184,0,188,172,0,172,360
03/20/2018,MTN,MD,AEA,EN,Federal Contract Tower,0,4,12,0,16,0,0,0,0,0,0,4,12,0,16,0,0,0,16
03/21/2018,MTN,MD,AEA,EN,Federal Contract Tower,0,1,2,0,3,0,0,2,0,2,0,1,4,0,5,0,0,0,5
03/22/2018,MTN,MD,AEA,EN,Federal Contract Tower,0,8,38,3,49,0,0,75,6,81,0,8,113,9,130,84,0,84,214
03/23/2018,MTN,MD,AEA,EN,Federal Contract Tower,0,6,48,7,61,0,0,95,12,107,0,6,143,19,168,96,4,100,268
03/24/2018,MTN,MD,AEA,EN,Federal Contract Tower,0,2,12,1,15,0,0,116,0,116,0,2,128,1,131,154,0,154,285
03/25/2018,MTN,MD,AEA,EN,Federal Contract Tower,0,2,20,1,23,0,0,78,0,78,0,2,98,1,101,137,0,137,238
03/26/2018,MTN,MD,AEA,EN,Federal Contract Tower,0,7,27,0,34,0,1,111,0,112,0,8,138,0,146,136,0,136,282
03/27/2018,MTN,MD,AEA,EN,Federal Contract Tower,0,9,31,5,45,0,0,115,2,117,0,9,146,7,162,126,16,142,304
03/28/2018,MTN,MD,AEA,EN,Federal Contract Tower,0,4,41,14,59,0,0,10,2,12,0,4,51,16,71,42,0,42,113
03/29/2018,MTN,MD,AEA,EN,Federal Contract Tower,0,7,31,5,43,0,0,82,8,90,0,7,113,13,133,78,4,82,215
03/30/2018,MTN,MD,AEA,EN,Federal Contract Tower,0,4,36,0,40,0,0,43,0,43,0,4,79,0,83,36,0,36,119
03/31/2018,MTN,MD,AEA,EN,Federal Contract Tower,0,2,20,0,22,0,1,150,0,151,0,3,170,0,173,218,0,218,391
04/01/2018,MTN,MD,AEA,EN,Federal Contract Tower,0,4,8,0,12,0,0,32,0,32,0,4,40,0,44,94,0,94,138
04/02/2018,MTN,MD,AEA,EN,Federal Contract Tower,0,6,29,0,35,0,0,30,0,30,0,6,59,0,65,72,0,72,137
04/03/2018,MTN,MD,AEA,EN,Federal Contract Tower,0,4,26,1,31,0,0,2,0,2,0,4,28,1,33,0,0,0,33
04/04/2018,MTN,MD,AEA,EN,Federal Contract Tower,0,0,18,0,18,0,0,5,0,5,0,0,23,0,23,0,4,4,27
04/05/2018,MTN,MD,AEA,EN,Federal Contract Tower,0,5,14,8,27,0,1,95,10,106,0,6,109,18,133,86,2,88,221
04/06/2018,MTN,MD,AEA,EN,Federal Contract Tower,0,10,34,3,47,0,1,102,7,110,0,11,136,10,157,130,12,142,299
04/07/2018,MTN,MD,AEA,EN,Federal Contract Tower,0,4,11,0,15,0,1,82,0,83,0,5,93,0,98,120,0,120,218
04/08/2018,MTN,MD,AEA,EN,Federal Contract Tower,0,8,35,0,43,0,0,83,0,83,0,8,118,0,126,92,0,92,218
04/09/2018,MTN,MD,AEA,EN,Federal Contract Tower,0,7,13,0,20,0,0,95,0,95,0,7,108,0,115,164,0,164,279
04/10/2018,MTN,MD,AEA,EN,Federal Contract Tower,0,5,16,12,33,0,0,90,12,102,0,5,106,24,135,60,0,60,195
04/11/2018,MTN,MD,AEA,EN,Federal Contract Tower,0,6,35,8,49,0,1,120,12,133,0,7,155,20,182,226,0,226,408
04/12/2018,MTN,MD,AEA,EN,Federal Contract Tower,0,7,24,4,35,0,1,94,9,104,0,8,118,13,139,176,2,178,317
04/13/2018,MTN,MD,AEA,EN,Federal Contract Tower,0,0,32,5,37,0,0,130,5,135,0,0,162,10,172,166,4,170,342
04/14/2018,MTN,MD,AEA,EN,Federal Contract Tower,0,0,28,8,36,0,1,125,11,137,0,1,153,19,173,136,6,142,315
04/15/2018,MTN,MD,AEA,EN,Federal Contract Tower,0,1,17,0,18,0,0,0,0,0,0,1,17,0,18,0,0,0,18
04/16/2018,MTN,MD,AEA,EN,Federal Contract Tower,0,4,17,0,21,0,0,13,2,15,0,4,30,2,36,12,0,12,48
04/17/2018,MTN,MD,AEA,EN,Federal Contract Tower,0,1,18,9,28,0,0,95,3,98,0,1,113,12,126,38,0,38,164
04/18/2018,MTN,MD,AEA,EN,Federal Contract Tower,0,4,31,5,40,0,0,145,8,153,0,4,176,13,193,206,2,208,401
04/19/2018,MTN,MD,AEA,EN,Federal Contract Tower,0,8,28,5,41,0,0,22,5,27,0,8,50,10,68,38,0,38,106
04/20/2018,MTN,MD,AEA,EN,Federal Contract Tower,0,2,27,3,32,0,0,118,3,121,0,2,145,6,153,156,6,162,315
04/21/2018,MTN,MD,AEA,EN,Federal Contract Tower,0,9,18,1,28,0,1,150,2,153,0,10,168,3,181,174,0,174,355
04/22/2018,MTN,MD,AEA,EN,Federal Contract Tower,0,8,27,0,35,0,0,120,0,120,0,8,147,0,155,120,0,120,275
04/23/2018,MTN,MD,AEA,EN,Federal Contract Tower,0,9,33,2,44,0,0,130,0,130,0,9,163,2,174,190,0,190,364
04/24/2018,MTN,MD,AEA,EN,Federal Contract Tower,0,15,30,3,48,0,0,54,3,57,0,15,84,6,105,60,2,62,167
04/25/2018,MTN,MD,AEA,EN,Federal Contract Tower,0,8,47,1,56,0,0,15,0,15,0,8,62,1,71,32,0,32,103
04/26/2018,MTN,MD,AEA,EN,Federal Contract Tower,0,0,45,2,47,0,0,140,3,143,0,0,185,5,190,174,0,174,364
04/27/2018,MTN,MD,AEA,EN,Federal Contract Tower,0,0,45,5,50,0,0,43,1,44,0,0,88,6,94,154,0,154,248
04/28/2018,MTN,MD,AEA,EN,Federal Contract Tower,0,6,21,0,27,0,0,71,2,73,0,6,92,2,100,50,0,50,150
04/29/2018,MTN,MD,AEA,EN,Federal Contract Tower,0,3,29,0,32,0,1,73,0,74,0,4,102,0,106,42,0,42,148
04/30/2018,MTN,MD,AEA,EN,Federal Contract Tower,0,7,19,0,26,0,1,108,0,109,0,8,127,0,135,104,0,104,239
05/01/2018,MTN,MD,AEA,EN,Federal Contract Tower,0,3,18,6,27,0,0,149,10,159,0,3,167,16,186,78,0,78,264
05/02/2018,MTN,MD,AEA,EN,Federal Contract Tower,0,6,30,5,41,0,1,134,5,140,0,7,164,10,181,196,2,198,379
05/03/2018,MTN,MD,AEA,EN,Federal Contract Tower,0,7,34,3,44,0,1,140,3,144,0,8,174,6,188,202,16,218,406
05/04/2018,MTN,MD,AEA,EN,Federal Contract Tower,0,6,43,1,50,0,0,123,1,124,0,6,166,2,174,184,16,200,374
05/05/2018,MTN,MD,AEA,EN,Federal Contract Tower,0,1,14,5,20,0,1,96,10,107,0,2,110,15,127,104,0,104,231
05/06/2018,MTN,MD,AEA,EN,Federal Contract Tower,0,7,29,1,37,0,0,35,1,36,0,7,64,2,73,122,0,122,195
05/07/2018,MTN,MD,AEA,EN,Federal Contract Tower,0,3,37,1,41,0,0,129,1,130,0,3,166,2,171,236,0,236,407
05/08/2018,MTN,MD,AEA,EN,Federal Contract Tower,0,6,28,5,39,0,0,118,4,122,0,6,146,9,161,130,0,130,291
05/09/2018,MTN,MD,AEA,EN,Federal Contract Tower,0,4,42,5,51,0,1,141,9,151,0,5,183,14,202,242,0,242,444
05/10/2018,MTN,MD,AEA,EN,Federal Contract Tower,0,9,33,9,51,0,0,85,8,93,0,9,118,17,144,86,0,86,230
05/11/2018,MTN,MD,AEA,EN,Federal Contract Tower,0,2,33,4,39,0,1,158,7,166,0,3,191,11,205,206,0,206,411
05/12/2018,MTN,MD,AEA,EN,Federal Contract Tower,0,4,12,0,16,0,1,92,0,93,0,5,104,0,109,196,0,196,305
05/13/2018,MTN,MD,AEA,EN,Federal Contract Tower,0,4,17,1,22,0,0,0,0,0,0,4,17,1,22,0,0,0,22
05/14/2018,MTN,MD,AEA,EN,Federal Contract Tower,0,6,22,4,32,0,0,30,0,30,0,6,52,4,62,8,0,8,70
05/15/2018,MTN,MD,AEA,EN,Federal Contract Tower,0,4,23,3,30,0,0,105,3,108,0,4,128,6,138,96,0,96,234
05/16/2018,MTN,MD,AEA,EN,Federal Contract Tower,0,3,26,1,30,0,0,0,1,1,0,3,26,2,31,0,0,0,31
05/17/2018,MTN,MD,AEA,EN,Federal Contract Tower,0,5,44,0,49,0,0,0,0,0,0,5,44,0,49,0,0,0,49
05/19/2018,MTN,MD,AEA,EN,Federal Contract Tower,0,5,12,0,17,0,0,0,0,0,0,5,12,0,17,0,0,0,17
05/20/2018,MTN,MD,AEA,EN,Federal Contract Tower,0,14,29,0,43,0,0,75,0,75,0,14,104,0,118,122,0,122,240
05/21/2018,MTN,MD,AEA,EN,Federal Contract Tower,0,14,24,0,38,0,0,148,0,148,0,14,172,0,186,152,0,152,338
05/22/2018,MTN,MD,AEA,EN,Federal Contract Tower,0,8,38,1,47,0,0,36,2,38,0,8,74,3,85,44,0,44,129
05/23/2018,MTN,MD,AEA,EN,Federal Contract Tower,0,4,26,4,34,0,1,134,3,138,0,5,160,7,172,130,0,130,302
05/24/2018,MTN,MD,AEA,EN,Federal Contract Tower,0,7,44,3,54,0,0,181,4,185,0,7,225,7,239,206,14,220,459
05/25/2018,MTN,MD,AEA,EN,Federal Contract Tower,0,11,41,0,52,0,0,119,0,119,0,11,160,0,171,132,0,132,303
05/26/2018,MTN,MD,AEA,EN,Federal Contract Tower,0,5,15,0,20,0,1,115,0,116,0,6,130,0,136,130,0,130,266
05/27/2018,MTN,MD,AEA,EN,Federal Contract Tower,0,3,5,0,8,0,17,13,0,30,0,20,18,0,38,46,0,46,84
05/28/2018,MTN,MD,AEA,EN,Federal Contract Tower,0,11,26,0,37,0,0,12,0,12,0,11,38,0,49,0,0,0,49
05/29/2018,MTN,MD,AEA,EN,Federal Contract Tower,0,12,40,7,59,0,0,32,0,32,0,12,72,7,91,26,0,26,117
05/30/2018,MTN,MD,AEA,EN,Federal Contract Tower,0,10,34,11,55,0,0,37,2,39,0,10,71,13,94,112,0,112,206
05/31/2018,MTN,MD,AEA,EN,Federal Contract Tower,0,1,23,0,24,0,0,21,0,21,0,1,44,0,45,120,0,120,165
06/01/2018,MTN,MD,AEA,EN,Federal Contract Tower,0,4,40,6,50,0,1,101,2,104,0,5,141,8,154,226,4,230,384
06/02/2018,MTN,MD,AEA,EN,Federal Contract Tower,0,5,15,3,23,0,0,65,6,71,0,5,80,9,94,130,0,130,224
06/03/2018,MTN,MD,AEA,EN,Federal Contract Tower,0,2,19,0,21,0,0,0,0,0,0,2,19,0,21,0,0,0,21
06/04/2018,MTN,MD,AEA,EN,Federal Contract Tower,0,4,38,0,42,0,1,70,0,71,0,5,108,0,113,120,0,120,233
06/05/2018,MTN,MD,AEA,EN,Federal Contract Tower,0,2,18,3,23,0,0,93,3,96,0,2,111,6,119,54,0,54,173
06/06/2018,MTN,MD,AEA,EN,Federal Contract Tower,0,1,24,7,32,0,1,140,7,148,0,2,164,14,180,180,8,188,368
06/07/2018,MTN,MD,AEA,EN,Federal Contract Tower,0,6,31,4,41,0,0,160,8,168,0,6,191,12,209,154,2,156,365
06/08/2018,MTN,MD,AEA,EN,Federal Contract Tower,0,8,33,3,44,0,0,126,6,132,0,8,159,9,176,178,0,178,354
06/09/2018,MTN,MD,AEA,EN,Federal Contract Tower,0,1,16,0,17,0,1,70,0,71,0,2,86,0,88,126,0,126,214
06/10/2018,MTN,MD,AEA,EN,Federal Contract Tower,0,12,32,1,45,0,1,5,0,6,0,13,37,1,51,34,0,34,85
06/11/2018,MTN,MD,AEA,EN,Federal Contract Tower,0,5,38,0,43,0,0,42,0,42,0,5,80,0,85,76,0,76,161
06/12/2018,MTN,MD,AEA,EN,Federal Contract Tower,0,4,43,5,52,0,1,144,5,150,0,5,187,10,202,138,2,140,342
06/13/2018,MTN,MD,AEA,EN,Federal Contract Tower,0,5,43,5,53,0,1,75,7,83,0,6,118,12,136,154,2,156,292
06/14/2018,MTN,MD,AEA,EN,Federal Contract Tower,0,1,38,4,43,0,0,112,8,120,0,1,150,12,163,94,8,102,265
06/15/2018,MTN,MD,AEA,EN,Federal Contract Tower,0,5,25,7,37,0,2,140,11,153,0,7,165,18,190,174,14,188,378
06/16/2018,MTN,MD,AEA,EN,Federal Contract Tower,0,1,13,0,14,0,0,135,0,135,0,1,148,0,149,144,0,144,293
06/17/2018,MTN,MD,AEA,EN,Federal Contract Tower,0,4,14,0,18,0,1,104,0,105,0,5,118,0,123,54,0,54,177
06/18/2018,MTN,MD,AEA,EN,Federal Contract Tower,0,5,34,1,40,0,0,103,0,103,0,5,137,1,143,100,0,100,243
06/19/2018,MTN,MD,AEA,EN,Federal Contract Tower,0,0,17,4,21,0,0,119,7,126,0,0,136,11,147,222,12,234,381
06/20/2018,MTN,MD,AEA,EN,Federal Contract Tower,0,4,40,3,47,0,0,0,0,0,0,4,40,3,47,154,2,156,203
06/21/2018,MTN,MD,AEA,EN,Federal Contract Tower,0,4,25,2,31,0,0,110,0,110,0,4,135,2,141,162,4,166,307
06/22/2018,MTN,MD,AEA,EN,Federal Contract Tower,0,10,25,1,36,0,1,44,0,45,0,11,69,1,81,76,0,76,157
06/23/2018,MTN,MD,AEA,EN,Federal Contract Tower,0,8,16,1,25,0,0,15,0,15,0,8,31,1,40,62,0,62,102
06/24/2018,MTN,MD,AEA,EN,Federal Contract Tower,0,6,31,1,38,0,0,95,1,96,0,6,126,2,134,148,2,150,284
06/25/2018,MTN,MD,AEA,EN,Federal Contract Tower,0,5,33,0,38,0,0,149,0,149,0,5,182,0,187,172,0,172,359
06/26/2018,MTN,MD,AEA,EN,Federal Contract Tower,0,5,33,1,39,0,1,184,3,188,0,6,217,4,227,188,2,190,417
06/27/2018,MTN,MD,AEA,EN,Federal Contract Tower,0,13,43,0,56,0,1,75,1,77,0,14,118,1,133,68,0,68,201
06/28/2018,MTN,MD,AEA,EN,Federal Contract Tower,0,3,29,4,36,0,0,192,2,194,0,3,221,6,230,104,10,114,344
06/29/2018,MTN,MD,AEA,EN,Federal Contract Tower,0,6,35,0,41,0,1,190,0,191,0,7,225,0,232,202,0,202,434
06/30/2018,MTN,MD,AEA,EN,Federal Contract Tower,0,4,22,0,26,0,1,130,0,131,0,5,152,0,157,114,0,114,271
07/01/2018,MTN,MD,AEA,EN,Federal Contract Tower,0,5,16,0,21,0,0,111,0,111,0,5,127,0,132,116,0,116,248
07/02/2018,MTN,MD,AEA,EN,Federal Contract Tower,0,4,20,0,24,0,0,135,0,135,0,4,155,0,159,198,0,198,357
07/03/2018,MTN,MD,AEA,EN,Federal Contract Tower,0,10,21,1,32,0,1,74,0,75,0,11,95,1,107,172,0,172,279
07/04/2018,MTN,MD,AEA,EN,Federal Contract Tower,0,2,20,2,24,0,0,72,2,74,0,2,92,4,98,62,12,74,172
07/05/2018,MTN,MD,AEA,EN,Federal Contract Tower,0,3,26,6,35,0,2,85,2,89,0,5,111,8,124,140,0,140,264
07/06/2018,MTN,MD,AEA,EN,Federal Contract Tower,0,8,17,6,31,0,0,85,2,87,0,8,102,8,118,178,4,182,300
07/07/2018,MTN,MD,AEA,EN,Federal Contract Tower,0,5,19,0,24,0,0,168,0,168,0,5,187,0,192,112,0,112,304
07/08/2018,MTN,MD,AEA,EN,Federal Contract Tower,0,7,29,0,36,0,1,171,0,172,0,8,200,0,208,162,0,162,370
07/09/2018,MTN,MD,AEA,EN,Federal Contract Tower,0,2,38,0,40,0,1,108,0,109,0,3,146,0,149,154,0,154,303
07/10/2018,MTN,MD,AEA,EN,Federal Contract Tower,0,4,38,5,47,0,1,118,4,123,0,5,156,9,170,128,0,128,298
07/11/2018,MTN,MD,AEA,EN,Federal Contract Tower,0,12,24,5,41,0,1,106,8,115,0,13,130,13,156,208,4,212,368
07/12/2018,MTN,MD,AEA,EN,Federal Contract Tower,0,5,31,6,42,0,1,101,6,108,0,6,132,12,150,222,2,224,374
07/13/2018,MTN,MD,AEA,EN,Federal Contract Tower,0,4,31,3,38,0,0,166,3,169,0,4,197,6,207,306,4,310,517
07/14/2018,MTN,MD,AEA,EN,Federal Contract Tower,0,5,25,0,30,0,1,132,0,133,0,6,157,0,163,138,0,138,301
07/15/2018,MTN,MD,AEA,EN,Federal Contract Tower,0,3,25,0,28,0,0,54,0,54,0,3,79,0,82,42,0,42,124
07/16/2018,MTN,MD,AEA,EN,Federal Contract Tower,0,12,13,0,25,0,0,76,0,76,0,12,89,0,101,222,0,222,323
07/17/2018,MTN,MD,AEA,EN,Federal Contract Tower,0,7,14,3,24,0,3,78,5,86,0,10,92,8,110,78,0,78,188
07/18/2018,MTN,MD,AEA,EN,Federal Contract Tower,0,0,31,6,37,0,1,129,2,132,0,1,160,8,169,160,4,164,333
07/19/2018,MTN,MD,AEA,EN,Federal Contract Tower,0,6,33,4,43,0,1,168,8,177,0,7,201,12,220,252,2,254,474
07/20/2018,MTN,MD,AEA,EN,Federal Contract Tower,0,7,35,5,47,0,1,142,4,147,0,8,177,9,194,106,0,106,300
07/21/2018,MTN,MD,AEA,EN,Federal Contract Tower,0,6,14,0,20,0,0,2,0,2,0,6,16,0,22,0,0,0,22
07/22/2018,MTN,MD,AEA,EN,Federal Contract Tower,0,4,20,0,24,0,0,5,0,5,0,4,25,0,29,0,0,0,29
07/23/2018,MTN,MD,AEA,EN,Federal Contract Tower,0,5,32,0,37,0,0,27,0,27,0,5,59,0,64,62,0,62,126
07/24/2018,MTN,MD,AEA,EN,Federal Contract Tower,0,4,25,1,30,0,0,12,0,12,0,4,37,1,42,8,0,8,50
07/25/2018,MTN,MD,AEA,EN,Federal Contract Tower,0,1,33,1,35,0,2,37,0,39,0,3,70,1,74,42,2,44,118
07/26/2018,MTN,MD,AEA,EN,Federal Contract Tower,0,5,48,6,59,0,0,133,13,146,0,5,181,19,205,140,8,148,353
07/27/2018,MTN,MD,AEA,EN,Federal Contract Tower,0,11,26,3,40,0,1,95,7,103,0,12,121,10,143,170,0,170,313
07/28/2018,MTN,MD,AEA,EN,Federal Contract Tower,0,3,31,0,34,0,1,136,0,137,0,4,167,0,171,192,0,192,363
07/29/2018,MTN,MD,AEA,EN,Federal Contract Tower,0,6,22,0,28,0,0,119,0,119,0,6,141,0,147,148,0,148,295
07/30/2018,MTN,MD,AEA,EN,Federal Contract Tower,0,4,22,0,26,0,0,69,0,69,0,4,91,0,95,140,0,140,235
07/31/2018,MTN,MD,AEA,EN,Federal Contract Tower,0,2,29,0,31,0,0,56,0,56,0,2,85,0,87,168,0,168,255
08/01/2018,MTN,MD,AEA,EN,Federal Contract Tower,0,10,30,1,41,0,1,68,0,69,0,11,98,1,110,114,0,114,224
08/02/2018,MTN,MD,AEA,EN,Federal Contract Tower,0,3,25,0,28,0,0,69,0,69,0,3,94,0,97,130,0,130,227
08/03/2018,MTN,MD,AEA,EN,Federal Contract Tower,0,11,49,4,64,0,0,40,0,40,0,11,89,4,104,62,4,66,170
08/04/2018,MTN,MD,AEA,EN,Federal Contract Tower,0,4,19,0,23,0,1,80,0,81,0,5,99,0,104,152,0,152,256
08/05/2018,MTN,MD,AEA,EN,Federal Contract Tower,0,6,16,0,22,0,1,133,1,135,0,7,149,1,157,108,0,108,265
08/06/2018,MTN,MD,AEA,EN,Federal Contract Tower,0,6,27,0,33,0,2,123,0,125,0,8,150,0,158,164,0,164,322
08/07/2018,MTN,MD,AEA,EN,Federal Contract Tower,0,2,33,2,37,0,1,97,2,100,0,3,130,4,137,170,0,170,307
08/08/2018,MTN,MD,AEA,EN,Federal Contract Tower,0,4,31,2,37,0,1,92,3,96,0,5,123,5,133,114,0,114,247
08/09/2018,MTN,MD,AEA,EN,Federal Contract Tower,0,10,42,3,55,0,2,134,5,141,0,12,176,8,196,136,2,138,334
08/10/2018,MTN,MD,AEA,EN,Federal Contract Tower,0,6,31,1,38,0,1,127,2,130,0,7,158,3,168,132,4,136,304
08/11/2018,MTN,MD,AEA,EN,Federal Contract Tower,0,9,14,0,23,0,0,92,0,92,0,9,106,0,115,134,2,136,251
08/12/2018,MTN,MD,AEA,EN,Federal Contract Tower,0,10,23,1,34,0,0,36,0,36,0,10,59,1,70,92,0,92,162
08/13/2018,MTN,MD,AEA,EN,Federal Contract Tower,0,5,25,0,30,0,0,59,0,59,0,5,84,0,89,90,0,90,179
08/14/2018,MTN,MD,AEA,EN,Federal Contract Tower,0,5,35,3,43,0,0,103,1,104,0,5,138,4,147,138,1,139,286
08/15/2018,MTN,MD,AEA,EN,Federal Contract Tower,0,4,46,2,52,0,0,124,3,127,0,4,170,5,179,150,0,150,329
08/16/2018,MTN,MD,AEA,EN,Federal Contract Tower,0,7,39,3,49,0,0,125,3,128,0,7,164,6,177,120,6,126,303
08/17/2018,MTN,MD,AEA,EN,Federal Contract Tower,0,10,24,0,34,0,1,98,2,101,0,11,122,2,135,164,8,172,307
08/18/2018,MTN,MD,AEA,EN,Federal Contract Tower,0,8,20,0,28,0,2,61,0,63,0,10,81,0,91,160,0,160,251
08/19/2018,MTN,MD,AEA,EN,Federal Contract Tower,0,16,51,2,69,0,0,25,0,25,0,16,76,2,94,100,0,100,194
08/20/2018,MTN,MD,AEA,EN,Federal Contract Tower,0,8,41,2,51,0,0,92,0,92,0,8,133,2,143,316,0,316,459
08/21/2018,MTN,MD,AEA,EN,Federal Contract Tower,0,8,44,0,52,0,0,20,1,21,0,8,64,1,73,46,0,46,119
08/22/2018,MTN,MD,AEA,EN,Federal Contract Tower,0,5,41,4,50,0,0,95,8,103,0,5,136,12,153,110,0,110,263
08/23/2018,MTN,MD,AEA,EN,Federal Contract Tower,0,8,25,7,40,0,1,137,8,146,0,9,162,15,186,180,4,184,370
08/24/2018,MTN,MD,AEA,EN,Federal Contract Tower,0,10,33,5,48,0,2,145,0,147,0,12,178,5,195,136,8,144,339
08/25/2018,MTN,MD,AEA,EN,Federal Contract Tower,0,4,18,0,22,0,2,142,0,144,0,6,160,0,166,158,0,158,324
08/26/2018,MTN,MD,AEA,EN,Federal Contract Tower,0,2,20,0,22,0,1,103,0,104,0,3,123,0,126,108,0,108,234
08/27/2018,MTN,MD,AEA,EN,Federal Contract Tower,0,13,16,0,29,0,2,112,0,114,0,15,128,0,143,82,0,82,225
08/28/2018,MTN,MD,AEA,EN,Federal Contract Tower,0,3,29,4,36,0,2,104,6,112,0,5,133,10,148,118,0,118,266
08/29/2018,MTN,MD,AEA,EN,Federal Contract Tower,0,6,17,4,27,0,1,104,6,111,0,7,121,10,138,78,0,78,216
08/30/2018,MTN,MD,AEA,EN,Federal Contract Tower,0,4,31,4,39,0,1,93,4,98,0,5,124,8,137,58,14,72,209
08/31/2018,MTN,MD,AEA,EN,Federal Contract Tower,0,3,24,0,27,0,0,30,0,30,0,3,54,0,57,24,0,24,81
09/01/2018,MTN,MD,AEA,EN,Federal Contract Tower,0,7,31,0,38,0,1,25,0,26,0,8,56,0,64,26,0,26,90
09/02/2018,MTN,MD,AEA,EN,Federal Contract Tower,0,6,12,1,19,0,1,55,2,58,0,7,67,3,77,102,0,102,179
09/03/2018,MTN,MD,AEA,EN,Federal Contract Tower,0,4,26,0,30,0,1,106,0,107,0,5,132,0,137,132,0,132,269
09/04/2018,MTN,MD,AEA,EN,Federal Contract Tower,0,4,30,6,40,0,1,97,9,107,0,5,127,15,147,90,2,92,239
09/05/2018,MTN,MD,AEA,EN,Federal Contract Tower,0,8,27,7,42,0,1,103,6,110,0,9,130,13,152,52,10,62,214
09/06/2018,MTN,MD,AEA,EN,Federal Contract Tower,0,5,27,5,37,0,0,116,10,126,0,5,143,15,163,94,2,96,259
09/07/2018,MTN,MD,AEA,EN,Federal Contract Tower,0,2,25,6,33,0,0,91,2,93,0,2,116,8,126,58,8,66,192
09/08/2018,MTN,MD,AEA,EN,Federal Contract Tower,0,0,30,0,30,0,0,10,0,10,0,0,40,0,40,0,0,0,40
09/09/2018,MTN,MD,AEA,EN,Federal Contract Tower,0,3,28,3,34,0,0,0,0,0,0,3,28,3,34,0,0,0,34
09/10/2018,MTN,MD,AEA,EN,Federal Contract Tower,0,8,38,0,46,0,0,6,0,6,0,8,44,0,52,0,0,0,52
09/11/2018,MTN,MD,AEA,EN,Federal Contract Tower,0,3,14,2,19,0,0,4,0,4,0,3,18,2,23,22,0,22,45
09/12/2018,MTN,MD,AEA,EN,Federal Contract Tower,0,2,26,6,34,0,1,47,6,54,0,3,73,12,88,68,0,68,156
09/13/2018,MTN,MD,AEA,EN,Federal Contract Tower,0,1,33,2,36,0,1,26,3,30,0,2,59,5,66,44,0,44,110
09/14/2018,MTN,MD,AEA,EN,Federal Contract Tower,0,3,38,1,42,0,0,19,0,19,0,3,57,1,61,26,0,26,87
09/15/2018,MTN,MD,AEA,EN,Federal Contract Tower,0,4,17,2,23,0,1,59,1,61,0,5,76,3,84,94,0,94,178
09/16/2018,MTN,MD,AEA,EN,Federal Contract Tower,0,4,31,0,35,0,1,59,0,60,0,5,90,0,95,64,0,64,159
09/17/2018,MTN,MD,AEA,EN,Federal Contract Tower,0,5,21,0,26,0,0,14,0,14,0,5,35,0,40,36,0,36,76
09/18/2018,MTN,MD,AEA,EN,Federal Contract Tower,0,6,32,2,40,0,0,41,1,42,0,6,73,3,82,72,0,72,154
09/19/2018,MTN,MD,AEA,EN,Federal Contract Tower,0,0,33,5,38,0,0,159,4,163,0,0,192,9,201,128,6,134,335
09/20/2018,MTN,MD,AEA,EN,Federal Contract Tower,0,6,54,5,65,0,4,110,3,117,0,10,164,8,182,198,0,198,380
09/21/2018,MTN,MD,AEA,EN,Federal Contract Tower,0,9,64,6,79,0,0,72,2,74,0,9,136,8,153,112,0,112,265
09/22/2018,MTN,MD,AEA,EN,Federal Contract Tower,0,7,20,0,27,0,0,145,0,145,0,7,165,0,172,130,0,130,302
09/23/2018,MTN,MD,AEA,EN,Federal Contract Tower,0,14,29,0,43,0,0,6,0,6,0,14,35,0,49,8,0,8,57
09/24/2018,MTN,MD,AEA,EN,Federal Contract Tower,0,3,26,0,29,0,0,29,0,29,0,3,55,0,58,0,0,0,58
09/25/2018,MTN,MD,AEA,EN,Federal Contract Tower,0,9,32,14,55,0,0,37,0,37,0,9,69,14,92,50,0,50,142
09/26/2018,MTN,MD,AEA,EN,Federal Contract Tower,0,13,48,0,61,0,0,53,0,53,0,13,101,0,114,114,0,114,228
09/27/2018,MTN,MD,AEA,EN,Federal Contract Tower,0,3,40,0,43,0,0,85,0,85,0,3,125,0,128,186,0,186,314
09/28/2018,MTN,MD,AEA,EN,Federal Contract Tower,0,10,33,0,43,0,0,134,0,134,0,10,167,0,177,250,0,250,427
09/29/2018,MTN,MD,AEA,EN,Federal Contract Tower,0,0,22,0,22,0,1,151,0,152,0,1,173,0,174,286,0,286,460
09/30/2018,MTN,MD,AEA,EN,Federal Contract Tower,0,2,50,0,52,0,0,155,0,155,0,2,205,0,207,248,0,248,455
10/01/2018,MTN,MD,AEA,EN,Federal Contract Tower,0,1,22,0,23,0,1,142,0,143,0,2,164,0,166,128,0,128,294
10/02/2018,MTN,MD,AEA,EN,Federal Contract Tower,0,2,22,8,32,0,4,148,11,163,0,6,170,19,195,142,6,148,343
10/03/2018,MTN,MD,AEA,EN,Federal Contract Tower,0,2,27,6,35,0,0,128,14,142,0,2,155,20,177,174,18,192,369
10/04/2018,MTN,MD,AEA,EN,Federal Contract Tower,0,3,47,19,69,0,2,108,15,125,0,5,155,34,194,82,16,98,292
10/05/2018,MTN,MD,AEA,EN,Federal Contract Tower,0,7,49,6,62,0,1,92,17,110,0,8,141,23,172,194,0,194,366
10/06/2018,MTN,MD,AEA,EN,Federal Contract Tower,0,2,17,0,19,0,0,47,12,59,0,2,64,12,78,12,12,24,102
10/07/2018,MTN,MD,AEA,EN,Federal Contract Tower,0,6,30,7,43,0,0,56,12,68,0,6,86,19,111,12,0,12,123
10/08/2018,MTN,MD,AEA,EN,Federal Contract Tower,0,5,38,4,47,0,0,32,1,33,0,5,70,5,80,98,0,98,178
10/09/2018,MTN,MD,AEA,EN,Federal Contract Tower,0,9,29,7,45,0,1,60,10,71,0,10,89,17,116,92,0,92,208
10/10/2018,MTN,MD,AEA,EN,Federal Contract Tower,0,4,44,5,53,0,0,85,11,96,0,4,129,16,149,86,2,88,237
10/11/2018,MTN,MD,AEA,EN,Federal Contract Tower,0,3,15,3,21,0,0,26,4,30,0,3,41,7,51,24,0,24,75
10/12/2018,MTN,MD,AEA,EN,Federal Contract Tower,0,5,27,3,35,0,1,91,4,96,0,6,118,7,131,128,2,130,261
10/13/2018,MTN,MD,AEA,EN,Federal Contract Tower,0,3,17,8,28,0,1,89,5,95,0,4,106,13,123,186,8,194,317
10/14/2018,MTN,MD,AEA,EN,Federal Contract Tower,0,2,20,0,22,0,0,137,0,137,0,2,157,0,159,250,0,250,409
10/15/2018,MTN,MD,AEA,EN,Federal Contract Tower,0,4,36,1,41,0,0,47,0,47,0,4,83,1,88,146,0,146,234
10/16/2018,MTN,MD,AEA,EN,Federal Contract Tower,0,8,17,3,28,0,0,117,5,122,0,8,134,8,150,174,0,174,324
10/17/2018,MTN,MD,AEA,EN,Federal Contract Tower,0,0,33,6,39,0,1,110,3,114,0,1,143,9,153,76,16,92,245
10/18/2018,MTN,MD,AEA,EN,Federal Contract Tower,0,8,30,2,40,0,1,126,4,131,0,9,156,6,171,168,0,168,339
10/19/2018,MTN,MD,AEA,EN,Federal Contract Tower,0,9,31,1,41,0,0,161,3,164,0,9,192,4,205,258,2,260,465
10/20/2018,MTN,MD,AEA,EN,Federal Contract Tower,0,6,19,2,27,0,2,123,0,125,0,8,142,2,152,192,0,192,344
10/21/2018,MTN,MD,AEA,EN,Federal Contract Tower,0,10,23,0,33,0,1,31,0,32,0,11,54,0,65,18,0,18,83
10/22/2018,MTN,MD,AEA,EN,Federal Contract Tower,0,10,22,0,32,0,0,157,0,157,0,10,179,0,189,226,0,226,415
10/23/2018,MTN,MD,AEA,EN,Federal Contract Tower,0,9,28,2,39,0,1,104,1,106,0,10,132,3,145,140,0,140,285
10/24/2018,MTN,MD,AEA,EN,Federal Contract Tower,0,6,32,2,40,0,1,104,4,109,0,7,136,6,149,160,0,160,309
10/25/2018,MTN,MD,AEA,EN,Federal Contract Tower,0,11,33,2,46,0,1,156,2,159,0,12,189,4,205,313,2,315,520
10/26/2018,MTN,MD,AEA,EN,Federal Contract Tower,0,13,24,2,39,0,2,108,2,112,0,15,132,4,151,238,2,240,391
10/27/2018,MTN,MD,AEA,EN,Federal Contract Tower,0,6,11,0,17,0,0,12,0,12,0,6,23,0,29,0,0,0,29
10/28/2018,MTN,MD,AEA,EN,Federal Contract Tower,0,5,21,0,26,0,0,112,0,112,0,5,133,0,138,122,0,122,260
10/29/2018,MTN,MD,AEA,EN,Federal Contract Tower,0,5,23,0,28,0,3,94,0,97,0,8,117,0,125,94,0,94,219
10/30/2018,MTN,MD,AEA,EN,Federal Contract Tower,0,10,27,2,39,0,0,146,4,150,0,10,173,6,189,194,2,196,385
10/31/2018,MTN,MD,AEA,EN,Federal Contract Tower,0,3,28,1,32,0,0,120,0,120,0,3,148,1,152,188,1,189,341
11/01/2018,MTN,MD,AEA,EN,Federal Contract Tower,0,4,27,1,32,0,2,127,3,132,0,6,154,4,164,146,4,150,314
11/02/2018,MTN,MD,AEA,EN,Federal Contract Tower,0,4,28,1,33,0,1,61,0,62,0,5,89,1,95,204,0,204,299
11/03/2018,MTN,MD,AEA,EN,Federal Contract Tower,0,6,23,4,33,0,0,46,7,53,0,6,69,11,86,2,0,2,88
11/04/2018,MTN,MD,AEA,EN,Federal Contract Tower,0,12,36,1,49,0,0,140,0,140,0,12,176,1,189,162,0,162,351
11/05/2018,MTN,MD,AEA,EN,Federal Contract Tower,0,8,19,0,27,0,0,2,0,2,0,8,21,0,29,0,0,0,29
11/06/2018,MTN,MD,AEA,EN,Federal Contract Tower,0,0,14,0,14,0,0,0,0,0,0,0,14,0,14,0,0,0,14
11/07/2018,MTN,MD,AEA,EN,Federal Contract Tower,0,6,30,7,43,0,0,179,9,188,0,6,209,16,231,344,4,348,579
11/08/2018,MTN,MD,AEA,EN,Federal Contract Tower,0,8,35,6,49,0,1,143,9,153,0,9,178,15,202,190,6,196,398
11/09/2018,MTN,MD,AEA,EN,Federal Contract Tower,0,10,32,0,42,0,0,46,0,46,0,10,78,0,88,110,0,110,198
11/10/2018,MTN,MD,AEA,EN,Federal Contract Tower,0,3,10,0,13,0,0,13,0,13,0,3,23,0,26,0,0,0,26
11/11/2018,MTN,MD,AEA,EN,Federal Contract Tower,0,13,44,0,57,0,0,168,0,168,0,13,212,0,225,205,0,205,430
11/12/2018,MTN,MD,AEA,EN,Federal Contract Tower,0,2,11,0,13,0,0,152,0,152,0,2,163,0,165,234,0,234,399
11/13/2018,MTN,MD,AEA,EN,Federal Contract Tower,0,4,11,5,20,0,2,52,3,57,0,6,63,8,77,36,12,48,125
11/14/2018,MTN,MD,AEA,EN,Federal Contract Tower,0,2,25,6,33,0,2,129,4,135,0,4,154,10,168,342,2,344,512
11/15/2018,MTN,MD,AEA,EN,Federal Contract Tower,0,1,8,0,9,0,0,1,0,1,0,1,9,0,10,0,0,0,10
11/16/2018,MTN,MD,AEA,EN,Federal Contract Tower,0,12,31,4,47,0,2,87,6,95,0,14,118,10,142,102,4,106,248
11/17/2018,MTN,MD,AEA,EN,Federal Contract Tower,0,1,22,0,23,0,0,128,0,128,0,1,150,0,151,200,0,200,351
11/18/2018,MTN,MD,AEA,EN,Federal Contract Tower,0,0,14,0,14,0,1,89,0,90,0,1,103,0,104,134,0,134,238
11/19/2018,MTN,MD,AEA,EN,Federal Contract Tower,0,4,18,6,28,0,2,117,6,125,0,6,135,12,153,224,6,230,383
11/20/2018,MTN,MD,AEA,EN,Federal Contract Tower,0,12,39,7,58,0,0,104,6,110,0,12,143,13,168,120,12,132,300
11/21/2018,MTN,MD,AEA,EN,Federal Contract Tower,0,4,27,0,31,0,0,104,0,104,0,4,131,0,135,182,0,182,317
11/22/2018,MTN,MD,AEA,EN,Federal Contract Tower,0,0,3,0,3,0,1,46,0,47,0,1,49,0,50,34,0,34,84
11/23/2018,MTN,MD,AEA,EN,Federal Contract Tower,0,7,17,0,24,0,3,132,0,135,0,10,149,0,159,236,0,236,395
11/24/2018,MTN,MD,AEA,EN,Federal Contract Tower,0,9,13,0,22,0,0,2,0,2,0,9,15,0,24,0,0,0,24
11/25/2018,MTN,MD,AEA,EN,Federal Contract Tower,0,8,33,0,41,0,0,128,0,128,0,8,161,0,169,180,0,180,349
11/26/2018,MTN,MD,AEA,EN,Federal Contract Tower,0,15,22,1,38,0,0,19,0,19,0,15,41,1,57,16,0,16,73
11/27/2018,MTN,MD,AEA,EN,Federal Contract Tower,0,11,31,7,49,0,1,53,16,70,0,12,84,23,119,32,2,34,153
11/28/2018,MTN,MD,AEA,EN,Federal Contract Tower,0,2,13,7,22,0,0,6,6,12,0,2,19,13,34,0,2,2,36
11/29/2018,MTN,MD,AEA,EN,Federal Contract Tower,0,9,28,4,41,0,2,126,12,140,0,11,154,16,181,146,0,146,327
11/30/2018,MTN,MD,AEA,EN,Federal Contract Tower,0,2,14,9,25,0,0,123,27,150,0,2,137,36,175,260,16,276,451
12/01/2018,MTN,MD,AEA,EN,Federal Contract Tower,0,4,21,11,36,0,0,66,12,78,0,4,87,23,114,134,0,134,248
12/02/2018,MTN,MD,AEA,EN,Federal Contract Tower,0,0,16,0,16,0,0,0,0,0,0,0,16,0,16,0,0,0,16
12/03/2018,MTN,MD,AEA,EN,Federal Contract Tower,0,6,23,4,33,0,0,93,4,97,0,6,116,8,130,130,8,138,268
12/04/2018,MTN,MD,AEA,EN,Federal Contract Tower,0,5,21,11,37,0,0,98,10,108,0,5,119,21,145,172,14,186,331
12/05/2018,MTN,MD,AEA,EN,Federal Contract Tower,0,4,25,6,35,0,0,127,2,129,0,4,152,8,164,324,14,338,502
12/06/2018,MTN,MD,AEA,EN,Federal Contract Tower,0,6,13,8,27,0,1,102,8,111,0,7,115,16,138,194,22,216,354
12/07/2018,MTN,MD,AEA,EN,Federal Contract Tower,0,11,36,12,59,0,2,125,8,135,0,13,161,20,194,168,0,168,362
12/08/2018,MTN,MD,AEA,EN,Federal Contract Tower,0,2,20,2,24,0,0,138,2,140,0,2,158,4,164,114,6,120,284
12/09/2018,MTN,MD,AEA,EN,Federal Contract Tower,0,3,10,0,13,0,1,71,0,72,0,4,81,0,85,130,0,130,215
12/10/2018,MTN,MD,AEA,EN,Federal Contract Tower,0,2,13,2,17,0,1,103,2,106,0,3,116,4,123,232,4,236,359
12/11/2018,MTN,MD,AEA,EN,Federal Contract Tower,0,9,20,12,41,0,2,77,13,92,0,11,97,25,133,84,2,86,219
12/12/2018,MTN,MD,AEA,EN,Federal Contract Tower,0,5,21,12,38,0,2,111,6,119,0,7,132,18,157,130,4,134,291
12/13/2018,MTN,MD,AEA,EN,Federal Contract Tower,0,8,20,11,39,0,2,114,8,124,0,10,134,19,163,122,10,132,295
12/14/2018,MTN,MD,AEA,EN,Federal Contract Tower,0,3,14,0,17,0,0,0,0,0,0,3,14,0,17,0,0,0,17
12/15/2018,MTN,MD,AEA,EN,Federal Contract Tower,0,3,12,0,15,0,0,0,0,0,0,3,12,0,15,0,0,0,15
12/16/2018,MTN,MD,AEA,EN,Federal Contract Tower,0,5,16,0,21,0,0,2,0,2,0,5,18,0,23,0,0,0,23
12/17/2018,MTN,MD,AEA,EN,Federal Contract Tower,0,7,17,3,27,0,1,99,0,100,0,8,116,3,127,48,0,48,175
12/18/2018,MTN,MD,AEA,EN,Federal Contract Tower,0,2,20,7,29,0,0,117,6,123,0,2,137,13,152,104,0,104,256
12/19/2018,MTN,MD,AEA,EN,Federal Contract Tower,0,8,27,6,41,0,1,155,8,164,0,9,182,14,205,176,8,184,389
12/20/2018,MTN,MD,AEA,EN,Federal Contract Tower,0,5,12,0,17,0,0,15,0,15,0,5,27,0,32,58,0,58,90
12/21/2018,MTN,MD,AEA,EN,Federal Contract Tower,0,6,5,0,11,0,0,21,0,21,0,6,26,0,32,0,0,0,32
12/22/2018,MTN,MD,AEA,EN,Federal Contract Tower,0,3,17,0,20,0,3,19,0,22,0,6,36,0,42,0,0,0,42
12/23/2018,MTN,MD,AEA,EN,Federal Contract Tower,0,7,24,0,31,0,1,108,0,109,0,8,132,0,140,140,0,140,280
12/24/2018,MTN,MD,AEA,EN,Federal Contract Tower,0,7,6,0,13,0,0,39,0,39,0,7,45,0,52,38,0,38,90
12/25/2018,MTN,MD,AEA,EN,Federal Contract Tower,0,4,1,0,5,0,2,11,0,13,0,6,12,0,18,0,0,0,18
12/26/2018,MTN,MD,AEA,EN,Federal Contract Tower,0,11,33,3,47,0,2,127,3,132,0,13,160,6,179,166,4,170,349
12/27/2018,MTN,MD,AEA,EN,Federal Contract Tower,0,10,23,2,35,0,0,138,3,141,0,10,161,5,176,154,0,154,330
12/28/2018,MTN,MD,AEA,EN,Federal Contract Tower,0,3,15,0,18,0,0,0,0,0,0,3,15,0,18,0,0,0,18
12/29/2018,MTN,MD,AEA,EN,Federal Contract Tower,0,4,20,0,24,0,0,93,0,93,0,4,113,0,117,42,0,42,159
12/30/2018,MTN,MD,AEA,EN,Federal Contract Tower,0,2,17,0,19,0,0,94,0,94,0,2,111,0,113,52,0,52,165
12/31/2018,MTN,MD,AEA,EN,Federal Contract Tower,0,5,7,0,12,0,0,9,0,9,0,5,16,0,21,0,0,0,21
01/01/2019,MTN,MD,AEA,EN,Federal Contract Tower,0,9,13,0,22,0,0,41,0,41,0,9,54,0,63,14,0,14,77
01/02/2019,MTN,MD,AEA,EN,Federal Contract Tower,0,6,16,5,27,0,0,82,1,83,0,6,98,6,110,210,0,210,320
01/03/2019,MTN,MD,AEA,EN,Federal Contract Tower,0,4,16,5,25,0,0,73,3,76,0,4,89,8,101,118,6,124,225
01/04/2019,MTN,MD,AEA,EN,Federal Contract Tower,0,2,12,5,19,0,0,108,2,110,0,2,120,7,129,130,14,144,273
01/05/2019,MTN,MD,AEA,EN,Federal Contract Tower,0,3,19,4,26,0,1,16,0,17,0,4,35,4,43,16,0,16,59
01/06/2019,MTN,MD,AEA,EN,Federal Contract Tower,0,3,15,0,18,0,3,81,0,84,0,6,96,0,102,126,0,126,228
01/07/2019,MTN,MD,AEA,EN,Federal Contract Tower,0,5,23,4,32,0,1,99,6,106,0,6,122,10,138,76,28,104,242
01/08/2019,MTN,MD,AEA,EN,Federal Contract Tower,0,7,22,4,33,0,0,114,2,116,0,7,136,6,149,126,4,130,279
01/09/2019,MTN,MD,AEA,EN,Federal Contract Tower,0,3,18,4,25,0,0,49,0,49,0,3,67,4,74,66,0,66,140
01/10/2019,MTN,MD,AEA,EN,Federal Contract Tower,0,9,15,12,36,0,2,17,5,24,0,11,32,17,60,26,24,50,110
01/11/2019,MTN,MD,AEA,EN,Federal Contract Tower,0,3,16,2,21,0,0,120,1,121,0,3,136,3,142,182,0,182,324
01/12/2019,MTN,MD,AEA,EN,Federal Contract Tower,0,12,18,2,32,0,0,78,2,80,0,12,96,4,112,192,28,220,332
01/13/2019,MTN,MD,AEA,EN,Federal Contract Tower,0,6,5,0,11,0,0,0,0,0,0,6,5,0,11,0,0,0,11
01/14/2019,MTN,MD,AEA,EN,Federal Contract Tower,0,6,13,2,21,0,0,99,2,101,0,6,112,4,122,112,20,132,254
01/15/2019,MTN,MD,AEA,EN,Federal Contract Tower,0,3,29,1,33,0,1,102,1,104,0,4,131,2,137,106,0,106,243
01/16/2019,MTN,MD,AEA,EN,Federal Contract Tower,0,0,14,1,15,0,0,87,13,100,0,0,101,14,115,160,44,204,319
01/17/2019,MTN,MD,AEA,EN,Federal Contract Tower,0,2,23,5,30,0,0,97,1,98,0,2,120,6,128,164,6,170,298
01/18/2019,MTN,MD,AEA,EN,Federal Contract Tower,0,7,36,2,45,0,0,18,0,18,0,7,54,2,63,30,0,30,93
01/19/2019,MTN,MD,AEA,EN,Federal Contract Tower,0,4,9,2,15,0,0,14,1,15,0,4,23,3,30,32,4,36,66
01/20/2019,MTN,MD,AEA,EN,Federal Contract Tower,0,5,5,0,10,0,1,4,0,5,0,6,9,0,15,0,0,0,15
01/21/2019,MTN,MD,AEA,EN,Federal Contract Tower,0,5,25,0,30,0,3,12,0,15,0,8,37,0,45,0,0,0,45
01/22/2019,MTN,MD,AEA,EN,Federal Contract Tower,0,3,28,2,33,0,0,118,2,120,0,3,146,4,153,66,0,66,219
01/23/2019,MTN,MD,AEA,EN,Federal Contract Tower,0,2,10,2,14,0,0,46,2,48,0,2,56,4,62,50,0,50,112
01/24/2019,MTN,MD,AEA,EN,Federal Contract Tower,0,6,17,1,24,0,1,6,2,9,0,7,23,3,33,6,4,10,43
01/25/2019,MTN,MD,AEA,EN,Federal Contract Tower,0,6,24,0,30,0,0,118,0,118,0,6,142,0,148,36,0,36,184
01/26/2019,MTN,MD,AEA,EN,Federal Contract Tower,0,0,21,0,21,0,0,134,0,134,0,0,155,0,155,244,0,244,399
01/27/2019,MTN,MD,AEA,EN,Federal Contract Tower,0,3,21,0,24,0,0,111,0,111,0,3,132,0,135,100,0,100,235
01/28/2019,MTN,MD,AEA,EN,Federal Contract Tower,0,5,20,0,25,0,1,145,0,146,0,6,165,0,171,152,0,152,323
01/29/2019,MTN,MD,AEA,EN,Federal Contract Tower,0,4,13,0,17,0,0,9,0,9,0,4,22,0,26,0,0,0,26
01/30/2019,MTN,MD,AEA,EN,Federal Contract Tower,0,2,13,1,16,0,0,15,1,16,0,2,28,2,32,52,0,52,84
01/31/2019,MTN,MD,AEA,EN,Federal Contract Tower,0,1,14,1,16,0,1,87,1,89,0,2,101,2,105,114,0,114,219
02/01/2019,MTN,MD,AEA,EN,Federal Contract Tower,0,1,18,0,19,0,0,4,0,4,0,1,22,0,23,0,0,0,23
02/02/2019,MTN,MD,AEA,EN,Federal Contract Tower,0,6,9,0,15,0,0,80,0,80,0,6,89,0,95,74,0,74,169
02/03/2019,MTN,MD,AEA,EN,Federal Contract Tower,0,9,15,0,24,0,0,123,0,123,0,9,138,0,147,152,0,152,299
02/04/2019,MTN,MD,AEA,EN,Federal Contract Tower,0,9,27,0,36,0,0,124,0,124,0,9,151,0,160,186,0,186,346
02/05/2019,MTN,MD,AEA,EN,Federal Contract Tower,0,5,29,2,36,0,0,123,2,125,0,5,152,4,161,98,2,100,261
02/06/2019,MTN,MD,AEA,EN,Federal Contract Tower,0,2,25,4,31,0,2,84,1,87,0,4,109,5,118,144,2,146,264
02/07/2019,MTN,MD,AEA,EN,Federal Contract Tower,0,4,25,1,30,0,2,87,0,89,0,6,112,1,119,178,0,178,297
02/08/2019,MTN,MD,AEA,EN,Federal Contract Tower,0,9,18,2,29,0,0,22,0,22,0,9,40,2,51,14,0,14,65
02/09/2019,MTN,MD,AEA,EN,Federal Contract Tower,0,1,12,0,13,0,0,76,0,76,0,1,88,0,89,90,0,90,179
02/10/2019,MTN,MD,AEA,EN,Federal Contract Tower,0,6,17,0,23,0,0,129,0,129,0,6,146,0,152,170,0,170,322
02/11/2019,MTN,MD,AEA,EN,Federal Contract Tower,0,4,8,0,12,0,0,0,0,0,0,4,8,0,12,0,0,0,12
02/12/2019,MTN,MD,AEA,EN,Federal Contract Tower,0,7,10,0,17,0,0,0,0,0,0,7,10,0,17,0,0,0,17
02/13/2019,MTN,MD,AEA,EN,Federal Contract Tower,0,5,25,5,35,0,0,50,3,53,0,5,75,8,88,70,2,72,160
02/14/2019,MTN,MD,AEA,EN,Federal Contract Tower,0,10,32,3,45,0,1,147,1,149,0,11,179,4,194,114,0,114,308
02/15/2019,MTN,MD,AEA,EN,Federal Contract Tower,0,18,28,0,46,0,1,121,0,122,0,19,149,0,168,128,0,128,296
02/16/2019,MTN,MD,AEA,EN,Federal Contract Tower,0,1,22,0,23,0,0,125,1,126,0,1,147,1,149,126,2,128,277
02/17/2019,MTN,MD,AEA,EN,Federal Contract Tower,0,3,11,0,14,0,0,56,0,56,0,3,67,0,70,108,0,108,178
02/18/2019,MTN,MD,AEA,EN,Federal Contract Tower,0,9,21,0,30,0,2,42,0,44,0,11,63,0,74,38,0,38,112
02/19/2019,MTN,MD,AEA,EN,Federal Contract Tower,0,8,24,1,33,0,1,122,2,125,0,9,146,3,158,164,0,164,322
02/20/2019,MTN,MD,AEA,EN,Federal Contract Tower,0,0,1,0,1,0,0,1,0,1,0,0,2,0,2,0,0,0,2
02/21/2019,MTN,MD,AEA,EN,Federal Contract Tower,0,10,28,2,40,0,1,124,0,125,0,11,152,2,165,224,0,224,389
02/22/2019,MTN,MD,AEA,EN,Federal Contract Tower,0,11,26,1,38,0,1,161,0,162,0,12,187,1,200,270,0,270,470
02/23/2019,MTN,MD,AEA,EN,Federal Contract Tower,0,2,6,0,8,0,0,71,0,71,0,2,77,0,79,126,0,126,205
02/24/2019,MTN,MD,AEA,EN,Federal Contract Tower,0,2,14,0,16,0,0,9,0,9,0,2,23,0,25,44,0,44,69
02/25/2019,MTN,MD,AEA,EN,Federal Contract Tower,0,4,17,0,21,0,0,10,0,10,0,4,27,0,31,10,0,10,41
02/26/2019,MTN,MD,AEA,EN,Federal Contract Tower,0,9,21,0,30,0,1,137,0,138,0,10,158,0,168,201,0,201,369
02/27/2019,MTN,MD,AEA,EN,Federal Contract Tower,0,0,17,1,18,0,0,142,2,144,0,0,159,3,162,226,0,226,388
02/28/2019,MTN,MD,AEA,EN,Federal Contract Tower,0,9,39,1,49,0,0,144,1,145,0,9,183,2,194,212,0,212,406
03/01/2019,MTN,MD,AEA,EN,Federal Contract Tower,0,2,21,0,23,0,0,8,0,8,0,2,29,0,31,0,0,0,31
03/02/2019,MTN,MD,AEA,EN,Federal Contract Tower,0,2,13,0,15,0,1,18,0,19,0,3,31,0,34,26,0,26,60
03/03/2019,MTN,MD,AEA,EN,Federal Contract Tower,0,0,16,0,16,0,0,18,0,18,0,0,34,0,34,48,0,48,82
03/04/2019,MTN,MD,AEA,EN,Federal Contract Tower,0,8,24,0,32,0,0,98,2,100,0,8,122,2,132,152,0,152,284
03/05/2019,MTN,MD,AEA,EN,Federal Contract Tower,0,3,25,0,28,0,0,114,0,114,0,3,139,0,142,98,4,102,244
03/06/2019,MTN,MD,AEA,EN,Federal Contract Tower,0,3,20,3,26,0,2,60,0,62,0,5,80,3,88,80,2,82,170
03/07/2019,MTN,MD,AEA,EN,Federal Contract Tower,0,1,25,1,27,0,0,124,1,125,0,1,149,2,152,156,2,158,310
03/08/2019,MTN,MD,AEA,EN,Federal Contract Tower,0,0,16,0,16,0,0,54,0,54,0,0,70,0,70,136,0,136,206
03/09/2019,MTN,MD,AEA,EN,Federal Contract Tower,0,4,26,0,30,0,0,93,0,93,0,4,119,0,123,350,0,350,473
03/10/2019,MTN,MD,AEA,EN,Federal Contract Tower,0,3,18,0,21,0,2,19,0,21,0,5,37,0,42,40,0,40,82
03/11/2019,MTN,MD,AEA,EN,Federal Contract Tower,0,5,14,2,21,0,0,98,0,98,0,5,112,2,119,132,0,132,251
03/12/2019,MTN,MD,AEA,EN,Federal Contract Tower,0,2,24,2,28,0,0,118,0,118,0,2,142,2,146,232,0,232,378
03/13/2019,MTN,MD,AEA,EN,Federal Contract Tower,0,0,15,1,16,0,4,155,1,160,0,4,170,2,176,318,0,318,494
03/14/2019,MTN,MD,AEA,EN,Federal Contract Tower,0,5,20,1,26,0,0,116,2,118,0,5,136,3,144,204,0,204,348
03/15/2019,MTN,MD,AEA,EN,Federal Contract Tower,0,10,24,2,36,0,0,65,0,65,0,10,89,2,101,80,0,80,181
03/16/2019,MTN,MD,AEA,EN,Federal Contract Tower,0,4,9,0,13,0,0,38,0,38,0,4,47,0,51,40,0,40,91
03/17/2019,MTN,MD,AEA,EN,Federal Contract Tower,0,1,17,0,18,0,1,123,0,124,0,2,140,0,142,180,0,180,322
03/18/2019,MTN,MD,AEA,EN,Federal Contract Tower,0,4,26,0,30,0,0,136,0,136,0,4,162,0,166,216,0,216,382
03/19/2019,MTN,MD,AEA,EN,Federal Contract Tower,0,14,29,1,44,0,0,100,0,100,0,14,129,1,144,100,2,102,246
03/20/2019,MTN,MD,AEA,EN,Federal Contract Tower,0,1,31,1,33,0,0,135,2,137,0,1,166,3,170,208,0,208,378
03/21/2019,MTN,MD,AEA,EN,Federal Contract Tower,0,0,16,0,16,0,0,0,0,0,0,0,16,0,16,0,0,0,16
03/22/2019,MTN,MD,AEA,EN,Federal Contract Tower,0,0,11,0,11,0,0,19,0,19,0,0,30,0,30,6,0,6,36
03/23/2019,MTN,MD,AEA,EN,Federal Contract Tower,0,7,3,0,10,0,1,19,0,20,0,8,22,0,30,0,0,0,30
03/24/2019,MTN,MD,AEA,EN,Federal Contract Tower,0,5,33,0,38,0,1,160,0,161,0,6,193,0,199,214,0,214,413
03/25/2019,MTN,MD,AEA,EN,Federal Contract Tower,0,4,32,0,36,0,0,63,0,63,0,4,95,0,99,34,0,34,133
03/26/2019,MTN,MD,AEA,EN,Federal Contract Tower,0,6,30,0,36,0,0,131,0,131,0,6,161,0,167,116,0,116,283
03/27/2019,MTN,MD,AEA,EN,Federal Contract Tower,0,7,38,1,46,0,0,102,2,104,0,7,140,3,150,274,0,274,424
03/28/2019,MTN,MD,AEA,EN,Federal Contract Tower,0,0,17,1,18,0,0,121,1,122,0,0,138,2,140,264,0,264,404
03/29/2019,MTN,MD,AEA,EN,Federal Contract Tower,0,3,26,4,33,0,0,156,0,156,0,3,182,4,189,253,0,253,442
03/30/2019,MTN,MD,AEA,EN,Federal Contract Tower,0,3,17,0,20,0,1,135,0,136,0,4,152,0,156,244,0,244,400
03/31/2019,MTN,MD,AEA,EN,Federal Contract Tower,0,2,11,0,13,0,1,13,0,14,0,3,24,0,27,34,0,34,61
04/01/2019,MTN,MD,AEA,EN,Federal Contract Tower,0,5,15,0,20,0,0,85,0,85,0,5,100,0,105,106,0,106,211
04/02/2019,MTN,MD,AEA,EN,Federal Contract Tower,0,5,17,2,24,0,0,111,1,112,0,5,128,3,136,180,2,182,318
04/03/2019,MTN,MD,AEA,EN,Federal Contract Tower,0,5,23,1,29,0,0,0,0,0,0,5,23,1,29,36,2,38,67
04/04/2019,MTN,MD,AEA,EN,Federal Contract Tower,0,5,24,1,30,0,0,153,2,155,0,5,177,3,185,102,0,102,287
04/05/2019,MTN,MD,AEA,EN,Federal Contract Tower,0,3,24,0,27,0,0,39,0,39,0,3,63,0,66,88,0,88,154
04/06/2019,MTN,MD,AEA,EN,Federal Contract Tower,0,7,34,1,42,0,2,99,1,102,0,9,133,2,144,152,0,152,296
04/07/2019,MTN,MD,AEA,EN,Federal Contract Tower,0,5,25,0,30,0,0,116,0,116,0,5,141,0,146,176,0,176,322
04/08/2019,MTN,MD,AEA,EN,Federal Contract Tower,0,6,17,0,23,0,1,101,0,102,0,7,118,0,125,120,0,120,245
04/09/2019,MTN,MD,AEA,EN,Federal Contract Tower,0,6,27,0,33,0,1,118,0,119,0,7,145,0,152,170,0,170,322
04/10/2019,MTN,MD,AEA,EN,Federal Contract Tower,0,1,33,1,35,0,1,112,2,115,0,2,145,3,150,152,0,152,302
04/11/2019,MTN,MD,AEA,EN,Federal Contract Tower,0,2,24,1,27,0,1,145,2,148,0,3,169,3,175,224,2,226,401
04/12/2019,MTN,MD,AEA,EN,Federal Contract Tower,0,8,30,0,38,0,2,62,0,64,0,10,92,0,102,152,0,152,254
04/13/2019,MTN,MD,AEA,EN,Federal Contract Tower,0,12,19,1,32,0,2,93,0,95,0,14,112,1,127,202,0,202,329
04/14/2019,MTN,MD,AEA,EN,Federal Contract Tower,0,9,20,0,29,0,0,10,0,10,0,9,30,0,39,0,0,0,39
04/15/2019,MTN,MD,AEA,EN,Federal Contract Tower,0,6,7,0,13,0,0,11,0,11,0,6,18,0,24,0,0,0,24
04/16/2019,MTN,MD,AEA,EN,Federal Contract Tower,0,5,33,0,38,0,0,146,0,146,0,5,179,0,184,94,0,94,278
04/17/2019,MTN,MD,AEA,EN,Federal Contract Tower,0,10,35,1,46,0,0,161,0,161,0,10,196,1,207,274,2,276,483
04/18/2019,MTN,MD,AEA,EN,Federal Contract Tower,0,10,54,1,65,0,6,94,1,101,0,16,148,2,166,210,0,210,376
04/19/2019,MTN,MD,AEA,EN,Federal Contract Tower,0,2,18,0,20,0,3,30,0,33,0,5,48,0,53,64,2,66,119
04/20/2019,MTN,MD,AEA,EN,Federal Contract Tower,0,3,7,0,10,0,4,35,0,39,0,7,42,0,49,32,0,32,81
04/21/2019,MTN,MD,AEA,EN,Federal Contract Tower,0,5,20,0,25,0,0,89,0,89,0,5,109,0,114,114,0,114,228
04/22/2019,MTN,MD,AEA,EN,Federal Contract Tower,0,12,37,0,49,0,1,104,0,105,0,13,141,0,154,108,0,108,262
04/23/2019,MTN,MD,AEA,EN,Federal Contract Tower,0,4,35,1,40,0,2,168,1,171,0,6,203,2,211,222,4,226,437
04/24/2019,MTN,MD,AEA,EN,Federal Contract Tower,0,12,27,5,44,0,2,123,0,125,0,14,150,5,169,196,0,196,365
04/25/2019,MTN,MD,AEA,EN,Federal Contract Tower,0,7,25,1,33,0,2,154,1,157,0,9,179,2,190,290,2,292,482
04/26/2019,MTN,MD,AEA,EN,Federal Contract Tower,0,3,17,0,20,0,0,17,0,17,0,3,34,0,37,0,0,0,37
04/27/2019,MTN,MD,AEA,EN,Federal Contract Tower,0,0,15,1,16,0,0,13,0,13,0,0,28,1,29,26,0,26,55
04/28/2019,MTN,MD,AEA,EN,Federal Contract Tower,0,6,22,0,28,0,0,87,0,87,0,6,109,0,115,172,0,172,287
04/29/2019,MTN,MD,AEA,EN,Federal Contract Tower,0,4,30,2,36,0,0,126,0,126,0,4,156,2,162,306,0,306,468
04/30/2019,MTN,MD,AEA,EN,Federal Contract Tower,0,9,25,1,35,0,2,129,0,131,0,11,154,1,166,254,0,254,420
05/01/2019,MTN,MD,AEA,EN,Federal Contract Tower,0,13,27,0,40,0,2,35,0,37,0,15,62,0,77,64,0,64,141
05/02/2019,MTN,MD,AEA,EN,Federal Contract Tower,0,6,28,1,35,0,1,62,2,65,0,7,90,3,100,106,0,106,206
05/03/2019,MTN,MD,AEA,EN,Federal Contract Tower,0,4,23,3,30,0,1,32,0,33,0,5,55,3,63,62,0,62,125
05/04/2019,MTN,MD,AEA,EN,Federal Contract Tower,0,7,18,0,25,0,0,17,0,17,0,7,35,0,42,34,0,34,76
05/05/2019,MTN,MD,AEA,EN,Federal Contract Tower,0,6,30,0,36,0,0,0,0,0,0,6,30,0,36,0,0,0,36
05/06/2019,MTN,MD,AEA,EN,Federal Contract Tower,0,5,29,0,34,0,0,143,0,143,0,5,172,0,177,340,0,340,517
05/07/2019,MTN,MD,AEA,EN,Federal Contract Tower,0,2,43,1,46,0,0,134,2,136,0,2,177,3,182,102,2,104,286
05/08/2019,MTN,MD,AEA,EN,Federal Contract Tower,0,1,38,3,42,0,0,25,1,26,0,1,63,4,68,50,0,50,118
05/09/2019,MTN,MD,AEA,EN,Federal Contract Tower,0,5,39,3,47,0,0,49,2,51,0,5,88,5,98,92,0,92,190
05/10/2019,MTN,MD,AEA,EN,Federal Contract Tower,0,6,15,1,22,0,2,69,0,71,0,8,84,1,93,94,0,94,187
05/11/2019,MTN,MD,AEA,EN,Federal Contract Tower,0,6,15,0,21,0,1,133,0,134,0,7,148,0,155,230,0,230,385
05/12/2019,MTN,MD,AEA,EN,Federal Contract Tower,0,10,12,0,22,0,0,1,0,1,0,10,13,0,23,0,0,0,23
05/13/2019,MTN,MD,AEA,EN,Federal Contract Tower,0,9,37,0,46,0,2,16,0,18,0,11,53,0,64,0,0,0,64
05/14/2019,MTN,MD,AEA,EN,Federal Contract Tower,0,9,33,4,46,0,0,94,2,96,0,9,127,6,142,106,0,106,248
05/15/2019,MTN,MD,AEA,EN,Federal Contract Tower,0,5,35,1,41,0,2,166,2,170,0,7,201,3,211,224,0,224,435
05/16/2019,MTN,MD,AEA,EN,Federal Contract Tower,0,2,36,4,42,0,2,132,3,137,0,4,168,7,179,220,0,220,399
05/17/2019,MTN,MD,AEA,EN,Federal Contract Tower,0,4,47,2,53,0,3,121,1,125,0,7,168,3,178,146,0,146,324
05/18/2019,MTN,MD,AEA,EN,Federal Contract Tower,0,6,30,0,36,0,2,144,1,147,0,8,174,1,183,242,0,242,425
05/19/2019,MTN,MD,AEA,EN,Federal Contract Tower,0,5,35,0,40,0,2,98,0,100,0,7,133,0,140,102,0,102,242
05/20/2019,MTN,MD,AEA,EN,Federal Contract Tower,0,7,28,0,35,0,1,103,0,104,0,8,131,0,139,128,0,128,267
05/21/2019,MTN,MD,AEA,EN,Federal Contract Tower,0,4,52,2,58,0,0,123,1,124,0,4,175,3,182,216,2,218,400
05/22/2019,MTN,MD,AEA,EN,Federal Contract Tower,0,10,28,2,40,0,0,166,3,169,0,10,194,5,209,300,2,302,511
05/23/2019,MTN,MD,AEA,EN,Federal Contract Tower,0,10,24,1,35,0,1,95,0,96,0,11,119,1,131,140,2,142,273
05/24/2019,MTN,MD,AEA,EN,Federal Contract Tower,0,7,28,0,35,0,0,108,0,108,0,7,136,0,143,0,0,0,143
05/25/2019,MTN,MD,AEA,EN,Federal Contract Tower,0,9,17,0,26,0,1,192,0,193,0,10,209,0,219,284,0,284,503
05/26/2019,MTN,MD,AEA,EN,Federal Contract Tower,0,5,16,0,21,0,0,73,0,73,0,5,89,0,94,98,0,98,192
05/27/2019,MTN,MD,AEA,EN,Federal Contract Tower,0,12,18,0,30,0,0,127,0,127,0,12,145,0,157,138,0,138,295
05/28/2019,MTN,MD,AEA,EN,Federal Contract Tower,0,4,25,1,30,0,0,55,1,56,0,4,80,2,86,88,0,88,174
05/29/2019,MTN,MD,AEA,EN,Federal Contract Tower,0,4,27,2,33,0,1,98,3,102,0,5,125,5,135,104,4,108,243
05/30/2019,MTN,MD,AEA,EN,Federal Contract Tower,0,3,28,1,32,0,1,87,3,91,0,4,115,4,123,124,2,126,249
05/31/2019,MTN,MD,AEA,EN,Federal Contract Tower,0,3,39,3,45,0,0,184,2,186,0,3,223,5,231,254,14,268,499
06/01/2019,MTN,MD,AEA,EN,Federal Contract Tower,0,5,20,2,27,0,3,167,2,172,0,8,187,4,199,128,4,132,331
06/02/2019,MTN,MD,AEA,EN,Federal Contract Tower,0,5,14,1,20,0,1,96,0,97,0,6,110,1,117,118,12,130,247
06/03/2019,MTN,MD,AEA,EN,Federal Contract Tower,0,0,27,4,31,0,0,124,1,125,0,0,151,5,156,112,0,112,268
06/04/2019,MTN,MD,AEA,EN,Federal Contract Tower,0,3,30,4,37,0,1,190,4,195,0,4,220,8,232,268,0,268,500
06/05/2019,MTN,MD,AEA,EN,Federal Contract Tower,0,5,31,4,40,0,0,86,6,92,0,5,117,10,132,202,0,202,334
06/06/2019,MTN,MD,AEA,EN,Federal Contract Tower,0,1,26,4,31,0,1,112,4,117,0,2,138,8,148,144,0,144,292
06/07/2019,MTN,MD,AEA,EN,Federal Contract Tower,0,9,24,5,38,0,1,142,7,150,0,10,166,12,188,196,6,202,390
06/08/2019,MTN,MD,AEA,EN,Federal Contract Tower,0,3,15,0,18,0,2,128,0,130,0,5,143,0,148,100,0,100,248
06/09/2019,MTN,MD,AEA,EN,Federal Contract Tower,0,5,29,0,34,0,1,31,0,32,0,6,60,0,66,36,0,36,102
06/10/2019,MTN,MD,AEA,EN,Federal Contract Tower,0,6,33,0,39,0,0,9,0,9,0,6,42,0,48,0,0,0,48
06/11/2019,MTN,MD,AEA,EN,Federal Contract Tower,0,10,34,4,48,0,4,104,6,114,0,14,138,10,162,80,4,84,246
06/12/2019,MTN,MD,AEA,EN,Federal Contract Tower,0,6,35,4,45,0,1,163,3,167,0,7,198,7,212,152,8,160,372
06/13/2019,MTN,MD,AEA,EN,Federal Contract Tower,0,9,29,9,47,0,0,27,0,27,0,9,56,9,74,0,0,0,74
06/14/2019,MTN,MD,AEA,EN,Federal Contract Tower,0,16,32,5,53,0,0,97,3,100,0,16,129,8,153,18,0,18,171
06/15/2019,MTN,MD,AEA,EN,Federal Contract Tower,0,5,26,1,32,0,2,173,0,175,0,7,199,1,207,124,0,124,331
06/16/2019,MTN,MD,AEA,EN,Federal Contract Tower,0,17,21,0,38,0,0,119,0,119,0,17,140,0,157,86,0,86,243
06/17/2019,MTN,MD,AEA,EN,Federal Contract Tower,0,7,22,0,29,0,2,122,0,124,0,9,144,0,153,140,0,140,293
06/18/2019,MTN,MD,AEA,EN,Federal Contract Tower,0,6,28,4,38,0,0,62,2,64,0,6,90,6,102,108,4,112,214
06/19/2019,MTN,MD,AEA,EN,Federal Contract Tower,0,6,19,7,32,0,1,68,3,72,0,7,87,10,104,158,0,158,262
06/20/2019,MTN,MD,AEA,EN,Federal Contract Tower,0,15,22,7,44,0,1,44,2,47,0,16,66,9,91,72,2,74,165
06/21/2019,MTN,MD,AEA,EN,Federal Contract Tower,0,13,26,2,41,0,0,53,3,56,0,13,79,5,97,38,2,40,137
06/22/2019,MTN,MD,AEA,EN,Federal Contract Tower,0,8,13,0,21,0,3,180,0,183,0,11,193,0,204,180,0,180,384
06/23/2019,MTN,MD,AEA,EN,Federal Contract Tower,0,14,28,2,44,0,1,161,0,162,0,15,189,2,206,136,0,136,342
06/24/2019,MTN,MD,AEA,EN,Federal Contract Tower,0,7,24,0,31,0,0,121,0,121,0,7,145,0,152,166,0,166,318
06/25/2019,MTN,MD,AEA,EN,Federal Contract Tower,0,9,21,4,34,0,0,134,6,140,0,9,155,10,174,130,4,134,308
06/26/2019,MTN,MD,AEA,EN,Federal Contract Tower,0,9,24,5,38,0,1,147,3,151,0,10,171,8,189,120,0,120,309
06/27/2019,MTN,MD,AEA,EN,Federal Contract Tower,0,13,38,4,55,0,1,141,8,150,0,14,179,12,205,112,14,126,331
06/28/2019,MTN,MD,AEA,EN,Federal Contract Tower,0,11,23,4,38,0,1,151,2,154,0,12,174,6,192,136,0,136,328
06/29/2019,MTN,MD,AEA,EN,Federal Contract Tower,0,6,22,0,28,0,0,93,2,95,0,6,115,2,123,66,0,66,189
06/30/2019,MTN,MD,AEA,EN,Federal Contract Tower,0,5,28,2,35,0,1,92,0,93,0,6,120,2,128,62,0,62,190
07/01/2019,MTN,MD,AEA,EN,Federal Contract Tower,0,3,28,2,33,0,1,178,0,179,0,4,206,2,212,131,0,131,343
07/02/2019,MTN,MD,AEA,EN,Federal Contract Tower,0,11,9,5,25,0,1,87,6,94,0,12,96,11,119,44,0,44,163
07/03/2019,MTN,MD,AEA,EN,Federal Contract Tower,0,8,20,4,32,0,1,135,7,143,0,9,155,11,175,80,0,80,255
07/04/2019,MTN,MD,AEA,EN,Federal Contract Tower,0,0,9,0,9,0,1,64,4,69,0,1,73,4,78,72,0,72,150
07/05/2019,MTN,MD,AEA,EN,Federal Contract Tower,0,14,16,0,30,0,2,40,0,42,0,16,56,0,72,14,0,14,86
07/06/2019,MTN,MD,AEA,EN,Federal Contract Tower,0,9,13,0,22,0,0,68,0,68,0,9,81,0,90,82,0,82,172
07/07/2019,MTN,MD,AEA,EN,Federal Contract Tower,0,2,33,0,35,0,1,68,0,69,0,3,101,0,104,106,0,106,210
07/08/2019,MTN,MD,AEA,EN,Federal Contract Tower,0,6,25,0,31,0,1,41,0,42,0,7,66,0,73,14,0,14,87
07/09/2019,MTN,MD,AEA,EN,Federal Contract Tower,0,7,22,4,33,0,0,169,4,173,0,7,191,8,206,146,22,168,374
07/10/2019,MTN,MD,AEA,EN,Federal Contract Tower,0,8,20,5,33,0,0,164,4,168,0,8,184,9,201,178,0,178,379
07/11/2019,MTN,MD,AEA,EN,Federal Contract Tower,0,3,31,0,34,0,0,24,2,26,0,3,55,2,60,30,0,30,90
07/12/2019,MTN,MD,AEA,EN,Federal Contract Tower,0,15,29,3,47,0,0,122,2,124,0,15,151,5,171,208,10,218,389
07/13/2019,MTN,MD,AEA,EN,Federal Contract Tower,0,2,18,0,20,0,0,119,0,119,0,2,137,0,139,202,0,202,341
07/14/2019,MTN,MD,AEA,EN,Federal Contract Tower,0,6,21,0,27,0,0,123,2,125,0,6,144,2,152,132,0,132,284
07/15/2019,MTN,MD,AEA,EN,Federal Contract Tower,0,5,21,0,26,0,0,154,0,154,0,5,175,0,180,148,0,148,328
07/16/2019,MTN,MD,AEA,EN,Federal Contract Tower,0,5,24,6,35,0,0,112,2,114,0,5,136,8,149,134,0,134,283
07/17/2019,MTN,MD,AEA,EN,Federal Contract Tower,0,6,20,5,31,0,1,88,2,91,0,7,108,7,122,52,2,54,176
07/18/2019,MTN,MD,AEA,EN,Federal Contract Tower,0,8,31,6,45,0,1,79,6,86,0,9,110,12,131,158,0,158,289
07/19/2019,MTN,MD,AEA,EN,Federal Contract Tower,0,11,32,4,47,0,0,105,4,109,0,11,137,8,156,84,8,92,248
07/20/2019,MTN,MD,AEA,EN,Federal Contract Tower,0,4,24,0,28,0,0,97,0,97,0,4,121,0,125,120,0,120,245
07/21/2019,MTN,MD,AEA,EN,Federal Contract Tower,0,6,24,0,30,0,1,89,0,90,0,7,113,0,120,146,0,146,266
07/22/2019,MTN,MD,AEA,EN,Federal Contract Tower,0,4,32,0,36,0,0,81,0,81,0,4,113,0,117,158,0,158,275
07/23/2019,MTN,MD,AEA,EN,Federal Contract Tower,0,3,31,1,35,0,0,92,0,92,0,3,123,1,127,240,0,240,367
07/24/2019,MTN,MD,AEA,EN,Federal Contract Tower,0,4,43,1,48,0,0,272,2,274,0,4,315,3,322,168,4,172,494
07/25/2019,MTN,MD,AEA,EN,Federal Contract Tower,0,6,50,1,57,0,1,245,4,250,0,7,295,5,307,128,2,130,437
07/26/2019,MTN,MD,AEA,EN,Federal Contract Tower,0,11,24,2,37,0,0,167,2,169,0,11,191,4,206,208,2,210,416
07/27/2019,MTN,MD,AEA,EN,Federal Contract Tower,0,4,16,0,20,0,0,123,0,123,0,4,139,0,143,78,0,78,221
07/28/2019,MTN,MD,AEA,EN,Federal Contract Tower,0,4,18,0,22,0,0,122,0,122,0,4,140,0,144,74,0,74,218
07/29/2019,MTN,MD,AEA,EN,Federal Contract Tower,0,3,20,0,23,0,1,111,1,113,0,4,131,1,136,224,2,226,362
07/30/2019,MTN,MD,AEA,EN,Federal Contract Tower,0,7,31,3,41,0,0,127,4,131,0,7,158,7,172,158,0,158,330
07/31/2019,MTN,MD,AEA,EN,Federal Contract Tower,0,9,26,3,38,0,2,101,3,106,0,11,127,6,144,224,0,224,368
08/01/2019,MTN,MD,AEA,EN,Federal Contract Tower,0,3,33,3,39,0,0,87,0,87,0,3,120,3,126,126,2,128,254
08/02/2019,MTN,MD,AEA,EN,Federal Contract Tower,0,3,27,3,33,0,0,78,4,82,0,3,105,7,115,112,8,120,235
08/03/2019,MTN,MD,AEA,EN,Federal Contract Tower,0,3,14,5,22,0,0,88,12,100,0,3,102,17,122,204,4,208,330
08/04/2019,MTN,MD,AEA,EN,Federal Contract Tower,0,4,38,0,42,0,1,132,0,133,0,5,170,0,175,170,0,170,345
08/05/2019,MTN,MD,AEA,EN,Federal Contract Tower,0,5,28,0,33,0,0,121,0,121,0,5,149,0,154,168,0,168,322
08/06/2019,MTN,MD,AEA,EN,Federal Contract Tower,0,11,22,8,41,0,0,116,9,125,0,11,138,17,166,128,4,132,298
08/07/2019,MTN,MD,AEA,EN,Federal Contract Tower,0,8,14,3,25,0,1,93,3,97,0,9,107,6,122,130,4,134,256
08/08/2019,MTN,MD,AEA,EN,Federal Contract Tower,0,11,20,6,37,0,0,128,10,138,0,11,148,16,175,126,0,126,301
08/09/2019,MTN,MD,AEA,EN,Federal Contract Tower,0,14,22,4,40,0,0,144,2,146,0,14,166,6,186,184,24,208,394
08/10/2019,MTN,MD,AEA,EN,Federal Contract Tower,0,5,20,0,25,0,1,114,0,115,0,6,134,0,140,110,0,110,250
08/11/2019,MTN,MD,AEA,EN,Federal Contract Tower,0,2,26,0,28,0,2,118,0,120,0,4,144,0,148,128,0,128,276
08/12/2019,MTN,MD,AEA,EN,Federal Contract Tower,0,3,23,0,26,0,1,128,0,129,0,4,151,0,155,270,0,270,425
08/13/2019,MTN,MD,AEA,EN,Federal Contract Tower,0,5,19,6,30,0,0,70,6,76,0,5,89,12,106,104,0,104,210
08/14/2019,MTN,MD,AEA,EN,Federal Contract Tower,0,6,24,11,41,0,0,42,3,45,0,6,66,14,86,52,2,54,140
08/15/2019,MTN,MD,AEA,EN,Federal Contract Tower,0,4,37,9,50,0,0,62,6,68,0,4,99,15,118,122,0,122,240
08/16/2019,MTN,MD,AEA,EN,Federal Contract Tower,0,14,44,4,62,0,0,104,1,105,0,14,148,5,167,132,0,132,299
08/17/2019,MTN,MD,AEA,EN,Federal Contract Tower,0,12,31,0,43,0,2,52,0,54,0,14,83,0,97,58,0,58,155
08/18/2019,MTN,MD,AEA,EN,Federal Contract Tower,0,16,18,0,34,0,1,124,0,125,0,17,142,0,159,110,0,110,269
08/19/2019,MTN,MD,AEA,EN,Federal Contract Tower,0,3,26,0,29,0,3,127,2,132,0,6,153,2,161,196,4,200,361
08/21/2019,MTN,MD,AEA,EN,Federal Contract Tower,0,12,10,9,31,0,0,81,15,96,0,12,91,24,127,158,1,159,286
08/22/2019,MTN,MD,AEA,EN,Federal Contract Tower,0,10,25,9,44,0,0,98,13,111,0,10,123,22,155,86,0,86,241
08/23/2019,MTN,MD,AEA,EN,Federal Contract Tower,0,7,27,6,40,0,0,28,0,28,0,7,55,6,68,56,0,56,124
08/24/2019,MTN,MD,AEA,EN,Federal Contract Tower,0,4,24,0,28,0,0,156,0,156,0,4,180,0,184,230,0,230,414
08/25/2019,MTN,MD,AEA,EN,Federal Contract Tower,0,10,28,0,38,0,0,101,0,101,0,10,129,0,139,118,0,118,257
08/26/2019,MTN,MD,AEA,EN,Federal Contract Tower,0,5,32,1,38,0,1,88,0,89,0,6,120,1,127,190,0,190,317
08/27/2019,MTN,MD,AEA,EN,Federal Contract Tower,0,5,33,1,39,0,0,89,0,89,0,5,122,1,128,182,0,182,310
08/28/2019,MTN,MD,AEA,EN,Federal Contract Tower,0,3,27,10,40,0,0,40,12,52,0,3,67,22,92,104,8,112,204
08/29/2019,MTN,MD,AEA,EN,Federal Contract Tower,0,9,39,10,58,0,0,122,0,122,0,9,161,10,180,128,0,128,308
08/30/2019,MTN,MD,AEA,EN,Federal Contract Tower,0,11,40,0,51,0,0,147,0,147,0,11,187,0,198,164,0,164,362
08/31/2019,MTN,MD,AEA,EN,Federal Contract Tower,0,4,19,4,27,0,0,145,0,145,0,4,164,4,172,94,0,94,266
09/01/2019,MTN,MD,AEA,EN,Federal Contract Tower,0,1,19,0,20,0,2,73,0,75,0,3,92,0,95,80,0,80,175
09/02/2019,MTN,MD,AEA,EN,Federal Contract Tower,0,10,24,0,34,0,0,59,0,59,0,10,83,0,93,42,0,42,135
09/03/2019,MTN,MD,AEA,EN,Federal Contract Tower,0,8,32,10,50,0,0,136,4,140,0,8,168,14,190,198,0,198,388
09/04/2019,MTN,MD,AEA,EN,Federal Contract Tower,0,9,37,2,48,0,1,89,0,90,0,10,126,2,138,114,0,114,252
09/05/2019,MTN,MD,AEA,EN,Federal Contract Tower,0,7,20,7,34,0,0,119,4,123,0,7,139,11,157,182,0,182,339
09/06/2019,MTN,MD,AEA,EN,Federal Contract Tower,0,9,19,0,28,0,0,44,0,44,0,9,63,0,72,12,4,16,88
09/07/2019,MTN,MD,AEA,EN,Federal Contract Tower,0,5,20,2,27,0,1,157,2,160,0,6,177,4,187,114,0,114,301
09/08/2019,MTN,MD,AEA,EN,Federal Contract Tower,0,5,25,0,30,0,1,124,1,126,0,6,149,1,156,180,0,180,336
09/09/2019,MTN,MD,AEA,EN,Federal Contract Tower,0,9,26,0,35,0,1,82,0,83,0,10,108,0,118,148,0,148,266
09/10/2019,MTN,MD,AEA,EN,Federal Contract Tower,0,6,20,2,28,0,0,111,1,112,0,6,131,3,140,164,0,164,304
09/11/2019,MTN,MD,AEA,EN,Federal Contract Tower,0,6,12,2,20,0,0,83,0,83,0,6,95,2,103,98,0,98,201
09/12/2019,MTN,MD,AEA,EN,Federal Contract Tower,0,2,25,2,29,0,0,63,0,63,0,2,88,2,92,150,0,150,242
09/13/2019,MTN,MD,AEA,EN,Federal Contract Tower,0,5,37,7,49,0,1,76,0,77,0,6,113,7,126,104,0,104,230
09/14/2019,MTN,MD,AEA,EN,Federal Contract Tower,0,10,23,0,33,0,1,96,0,97,0,11,119,0,130,146,0,146,276
09/15/2019,MTN,MD,AEA,EN,Federal Contract Tower,0,3,28,1,32,0,0,97,1,98,0,3,125,2,130,134,0,134,264
09/16/2019,MTN,MD,AEA,EN,Federal Contract Tower,0,5,33,1,39,0,0,104,0,104,0,5,137,1,143,128,0,128,271
09/17/2019,MTN,MD,AEA,EN,Federal Contract Tower,0,11,31,3,45,0,0,110,2,112,0,11,141,5,157,108,0,108,265
09/18/2019,MTN,MD,AEA,EN,Federal Contract Tower,0,3,37,3,43,0,0,106,4,110,0,3,143,7,153,136,0,136,289
09/19/2019,MTN,MD,AEA,EN,Federal Contract Tower,0,12,34,4,50,0,1,115,6,122,0,13,149,10,172,236,0,236,408
09/20/2019,MTN,MD,AEA,EN,Federal Contract Tower,0,5,32,3,40,0,1,132,0,133,0,6,164,3,173,138,8,146,319
09/21/2019,MTN,MD,AEA,EN,Federal Contract Tower,0,5,18,0,23,0,2,146,3,151,0,7,164,3,174,136,2,138,312
09/22/2019,MTN,MD,AEA,EN,Federal Contract Tower,0,2,29,4,35,0,1,93,0,94,0,3,122,4,129,70,0,70,199
09/23/2019,MTN,MD,AEA,EN,Federal Contract Tower,0,0,25,0,25,0,0,89,0,89,0,0,114,0,114,102,0,102,216
09/24/2019,MTN,MD,AEA,EN,Federal Contract Tower,0,2,20,4,26,0,0,89,4,93,0,2,109,8,119,138,0,138,257
09/25/2019,MTN,MD,AEA,EN,Federal Contract Tower,0,3,33,7,43,0,0,110,4,114,0,3,143,11,157,206,0,206,363
09/26/2019,MTN,MD,AEA,EN,Federal Contract Tower,0,17,28,2,47,0,0,86,0,86,0,17,114,2,133,110,4,114,247
09/27/2019,MTN,MD,AEA,EN,Federal Contract Tower,0,7,31,0,38,0,1,137,0,138,0,8,168,0,176,268,0,268,444
09/28/2019,MTN,MD,AEA,EN,Federal Contract Tower,0,0,30,0,30,0,0,53,0,53,0,0,83,0,83,138,0,138,221
09/29/2019,MTN,MD,AEA,EN,Federal Contract Tower,0,5,23,0,28,0,1,105,0,106,0,6,128,0,134,86,0,86,220
09/30/2019,MTN,MD,AEA,EN,Federal Contract Tower,0,11,19,0,30,0,1,69,0,70,0,12,88,0,100,112,0,112,212
10/01/2019,MTN,MD,AEA,EN,Federal Contract Tower,0,7,37,6,50,0,0,93,7,100,0,7,130,13,150,118,2,120,270
10/02/2019,MTN,MD,AEA,EN,Federal Contract Tower,0,8,25,5,38,0,0,93,3,96,0,8,118,8,134,66,0,66,200
10/03/2019,MTN,MD,AEA,EN,Federal Contract Tower,0,18,38,9,65,0,0,2,0,2,0,18,40,9,67,16,0,16,83
10/04/2019,MTN,MD,AEA,EN,Federal Contract Tower,0,6,29,3,38,0,3,114,5,122,0,9,143,8,160,114,0,114,274
10/05/2019,MTN,MD,AEA,EN,Federal Contract Tower,0,5,21,4,30,0,2,152,3,157,0,7,173,7,187,128,4,132,319
10/06/2019,MTN,MD,AEA,EN,Federal Contract Tower,0,7,39,0,46,0,0,58,0,58,0,7,97,0,104,169,0,169,273
10/07/2019,MTN,MD,AEA,EN,Federal Contract Tower,0,3,30,0,33,0,0,90,0,90,0,3,120,0,123,120,0,120,243
10/08/2019,MTN,MD,AEA,EN,Federal Contract Tower,0,7,37,5,49,0,0,84,5,89,0,7,121,10,138,100,0,100,238
10/09/2019,MTN,MD,AEA,EN,Federal Contract Tower,0,5,29,7,41,0,0,95,8,103,0,5,124,15,144,176,0,176,320
10/10/2019,MTN,MD,AEA,EN,Federal Contract Tower,0,3,25,3,31,0,0,117,8,125,0,3,142,11,156,184,0,184,340
10/11/2019,MTN,MD,AEA,EN,Federal Contract Tower,0,3,32,0,35,0,0,112,0,112,0,3,144,0,147,82,0,82,229
10/12/2019,MTN,MD,AEA,EN,Federal Contract Tower,0,6,24,1,31,0,1,112,0,113,0,7,136,1,144,160,0,160,304
10/13/2019,MTN,MD,AEA,EN,Federal Contract Tower,0,4,31,2,37,0,0,94,2,96,0,4,125,4,133,152,0,152,285
10/14/2019,MTN,MD,AEA,EN,Federal Contract Tower,0,7,36,0,43,0,0,119,0,119,0,7,155,0,162,144,0,144,306
10/15/2019,MTN,MD,AEA,EN,Federal Contract Tower,0,6,27,4,37,0,0,120,7,127,0,6,147,11,164,150,4,154,318
10/16/2019,MTN,MD,AEA,EN,Federal Contract Tower,0,12,28,0,40,0,0,14,0,14,0,12,42,0,54,58,0,58,112
10/17/2019,MTN,MD,AEA,EN,Federal Contract Tower,0,3,22,2,27,0,0,15,1,16,0,3,37,3,43,22,2,24,67
10/18/2019,MTN,MD,AEA,EN,Federal Contract Tower,0,7,34,5,46,0,0,96,1,97,0,7,130,6,143,148,4,152,295
10/19/2019,MTN,MD,AEA,EN,Federal Contract Tower,0,13,14,2,29,0,1,157,4,162,0,14,171,6,191,106,4,110,301
10/20/2019,MTN,MD,AEA,EN,Federal Contract Tower,0,11,17,0,28,0,0,0,0,0,0,11,17,0,28,0,0,0,28
10/21/2019,MTN,MD,AEA,EN,Federal Contract Tower,0,3,32,0,35,0,3,97,0,100,0,6,129,0,135,234,0,234,369
10/22/2019,MTN,MD,AEA,EN,Federal Contract Tower,0,9,24,0,33,0,0,3,0,3,0,9,27,0,36,0,0,0,36
10/23/2019,MTN,MD,AEA,EN,Federal Contract Tower,0,8,20,0,28,0,0,112,0,112,0,8,132,0,140,106,0,106,246
10/24/2019,MTN,MD,AEA,EN,Federal Contract Tower,0,5,30,0,35,0,0,149,0,149,0,5,179,0,184,256,0,256,440
10/25/2019,MTN,MD,AEA,EN,Federal Contract Tower,0,4,51,2,57,0,0,97,2,99,0,4,148,4,156,110,0,110,266
10/26/2019,MTN,MD,AEA,EN,Federal Contract Tower,0,5,24,0,29,0,0,145,0,145,0,5,169,0,174,157,0,157,331
10/27/2019,MTN,MD,AEA,EN,Federal Contract Tower,0,9,17,1,27,0,0,28,0,28,0,9,45,1,55,28,0,28,83
10/28/2019,MTN,MD,AEA,EN,Federal Contract Tower,0,4,21,4,29,0,0,158,0,158,0,4,179,4,187,229,0,229,416
10/29/2019,MTN,MD,AEA,EN,Federal Contract Tower,0,9,26,9,44,0,0,95,7,102,0,9,121,16,146,252,0,252,398
10/30/2019,MTN,MD,AEA,EN,Federal Contract Tower,0,7,40,5,52,0,1,110,10,121,0,8,150,15,173,252,2,254,427
10/31/2019,MTN,MD,AEA,EN,Federal Contract Tower,0,10,14,0,24,0,0,5,0,5,0,10,19,0,29,0,0,0,29
11/01/2019,MTN,MD,AEA,EN,Federal Contract Tower,0,4,22,3,29,0,1,74,5,80,0,5,96,8,109,18,6,24,133
11/02/2019,MTN,MD,AEA,EN,Federal Contract Tower,0,6,19,4,29,0,1,182,7,190,0,7,201,11,219,154,2,156,375
11/03/2019,MTN,MD,AEA,EN,Federal Contract Tower,0,9,27,0,36,0,3,91,0,94,0,12,118,0,130,86,0,86,216
11/04/2019,MTN,MD,AEA,EN,Federal Contract Tower,0,11,33,0,44,0,0,111,0,111,0,11,144,0,155,156,0,156,311
11/05/2019,MTN,MD,AEA,EN,Federal Contract Tower,0,7,23,7,37,0,2,127,5,134,0,9,150,12,171,160,2,162,333
11/07/2019,MTN,MD,AEA,EN,Federal Contract Tower,0,8,29,2,39,0,0,91,1,92,0,8,120,3,131,76,0,76,207
11/08/2019,MTN,MD,AEA,EN,Federal Contract Tower,0,7,27,0,34,0,0,90,0,90,0,7,117,0,124,28,0,28,152
11/09/2019,MTN,MD,AEA,EN,Federal Contract Tower,0,9,16,0,25,0,0,136,0,136,0,9,152,0,161,0,0,0,161
11/10/2019,MTN,MD,AEA,EN,Federal Contract Tower,0,9,29,0,38,0,0,110,0,110,0,9,139,0,148,112,0,112,260
11/11/2019,MTN,MD,AEA,EN,Federal Contract Tower,0,2,26,0,28,0,1,124,0,125,0,3,150,0,153,102,0,102,255
11/12/2019,MTN,MD,AEA,EN,Federal Contract Tower,0,2,14,4,20,0,0,38,6,44,0,2,52,10,64,26,0,26,90
11/13/2019,MTN,MD,AEA,EN,Federal Contract Tower,0,3,34,5,42,0,1,116,6,123,0,4,150,11,165,86,2,88,253
11/14/2019,MTN,MD,AEA,EN,Federal Contract Tower,0,6,26,6,38,0,0,102,1,103,0,6,128,7,141,86,0,86,227
11/15/2019,MTN,MD,AEA,EN,Federal Contract Tower,0,13,31,4,48,0,1,124,2,127,0,14,155,6,175,112,0,112,287
11/16/2019,MTN,MD,AEA,EN,Federal Contract Tower,0,8,12,0,20,0,0,47,0,47,0,8,59,0,67,14,0,14,81
11/17/2019,MTN,MD,AEA,EN,Federal Contract Tower,0,0,28,0,28,0,0,40,0,40,0,0,68,0,68,82,0,82,150
11/18/2019,MTN,MD,AEA,EN,Federal Contract Tower,0,2,36,0,38,0,0,62,0,62,0,2,98,0,100,180,0,180,280
11/19/2019,MTN,MD,AEA,EN,Federal Contract Tower,0,6,26,4,36,0,0,91,8,99,0,6,117,12,135,130,10,140,275
11/20/2019,MTN,MD,AEA,EN,Federal Contract Tower,0,4,31,5,40,0,0,105,4,109,0,4,136,9,149,46,0,46,195
11/21/2019,MTN,MD,AEA,EN,Federal Contract Tower,0,12,29,5,46,0,1,137,5,143,0,13,166,10,189,100,4,104,293
11/22/2019,MTN,MD,AEA,EN,Federal Contract Tower,0,11,20,3,34,0,2,81,3,86,0,13,101,6,120,66,0,66,186
11/23/2019,MTN,MD,AEA,EN,Federal Contract Tower,0,4,18,0,22,0,0,131,0,131,0,4,149,0,153,112,0,112,265
11/24/2019,MTN,MD,AEA,EN,Federal Contract Tower,0,5,15,0,20,0,0,17,0,17,0,5,32,0,37,10,0,10,47
11/25/2019,MTN,MD,AEA,EN,Federal Contract Tower,0,3,27,4,34,0,0,129,5,134,0,3,156,9,168,108,0,108,276
11/26/2019,MTN,MD,AEA,EN,Federal Contract Tower,0,7,40,3,50,0,2,133,3,138,0,9,173,6,188,152,0,152,340
11/27/2019,MTN,MD,AEA,EN,Federal Contract Tower,0,5,20,1,26,0,1,60,2,63,0,6,80,3,89,104,2,106,195
11/28/2019,MTN,MD,AEA,EN,Federal Contract Tower,0,1,3,0,4,0,0,8,0,8,0,1,11,0,12,0,0,0,12
11/29/2019,MTN,MD,AEA,EN,Federal Contract Tower,0,2,13,0,15,0,0,127,0,127,0,2,140,0,142,156,0,156,298
11/30/2019,MTN,MD,AEA,EN,Federal Contract Tower,0,9,20,0,29,0,1,106,0,107,0,10,126,0,136,168,0,168,304
12/01/2019,MTN,MD,AEA,EN,Federal Contract Tower,0,8,16,0,24,0,0,0,0,0,0,8,16,0,24,0,0,0,24
12/02/2019,MTN,MD,AEA,EN,Federal Contract Tower,0,7,22,0,29,0,0,19,0,19,0,7,41,0,48,16,0,16,64
12/03/2019,MTN,MD,AEA,EN,Federal Contract Tower,0,8,18,7,33,0,2,64,5,71,0,10,82,12,104,30,2,32,136
12/04/2019,MTN,MD,AEA,EN,Federal Contract Tower,0,7,33,5,45,0,0,91,2,93,0,7,124,7,138,180,0,180,318
12/05/2019,MTN,MD,AEA,EN,Federal Contract Tower,0,4,17,5,26,0,1,61,8,70,0,5,78,13,96,80,0,80,176
12/06/2019,MTN,MD,AEA,EN,Federal Contract Tower,0,6,33,6,45,0,1,119,8,128,0,7,152,14,173,132,2,134,307
12/07/2019,MTN,MD,AEA,EN,Federal Contract Tower,0,2,20,4,26,0,0,160,4,164,0,2,180,8,190,114,6,120,310
12/08/2019,MTN,MD,AEA,EN,Federal Contract Tower,0,8,24,0,32,0,0,107,0,107,0,8,131,0,139,115,0,115,254
12/09/2019,MTN,MD,AEA,EN,Federal Contract Tower,0,7,14,0,21,0,0,0,0,0,0,7,14,0,21,0,0,0,21
12/10/2019,MTN,MD,AEA,EN,Federal Contract Tower,0,6,44,8,58,0,0,22,0,22,0,6,66,8,80,32,0,32,112
12/11/2019,MTN,MD,AEA,EN,Federal Contract Tower,0,1,19,8,28,0,0,60,8,68,0,1,79,16,96,34,0,34,130
12/12/2019,MTN,MD,AEA,EN,Federal Contract Tower,0,12,21,9,42,0,0,123,15,138,0,12,144,24,180,86,6,92,272
12/13/2019,MTN,MD,AEA,EN,Federal Contract Tower,0,5,21,0,26,0,0,2,0,2,0,5,23,0,28,8,0,8,36
12/14/2019,MTN,MD,AEA,EN,Federal Contract Tower,0,1,8,0,9,0,1,5,0,6,0,2,13,0,15,8,0,8,23
12/15/2019,MTN,MD,AEA,EN,Federal Contract Tower,0,4,20,0,24,0,1,66,2,69,0,5,86,2,93,20,0,20,113
12/16/2019,MTN,MD,AEA,EN,Federal Contract Tower,0,3,7,0,10,0,0,0,0,0,0,3,7,0,10,0,0,0,10
12/17/2019,MTN,MD,AEA,EN,Federal Contract Tower,0,1,11,0,12,0,0,6,0,6,0,1,17,0,18,0,0,0,18
12/18/2019,MTN,MD,AEA,EN,Federal Contract Tower,0,6,20,6,32,0,1,57,12,70,0,7,77,18,102,44,2,46,148
12/19/2019,MTN,MD,AEA,EN,Federal Contract Tower,0,9,31,5,45,0,2,112,3,117,0,11,143,8,162,82,0,82,244
12/20/2019,MTN,MD,AEA,EN,Federal Contract Tower,0,2,19,5,26,0,0,153,3,156,0,2,172,8,182,162,0,162,344
12/21/2019,MTN,MD,AEA,EN,Federal Contract Tower,0,3,25,0,28,0,0,141,0,141,0,3,166,0,169,198,0,198,367
12/22/2019,MTN,MD,AEA,EN,Federal Contract Tower,0,0,14,0,14,0,0,94,0,94,0,0,108,0,108,136,0,136,244
12/23/2019,MTN,MD,AEA,EN,Federal Contract Tower,0,3,16,0,19,0,0,82,0,82,0,3,98,0,101,130,0,130,231
12/24/2019,MTN,MD,AEA,EN,Federal Contract Tower,0,5,11,0,16,0,1,81,0,82,0,6,92,0,98,36,0,36,134
12/25/2019,MTN,MD,AEA,EN,Federal Contract Tower,0,1,3,0,4,0,0,24,0,24,0,1,27,0,28,0,0,0,28
12/26/2019,MTN,MD,AEA,EN,Federal Contract Tower,0,13,36,2,51,0,0,107,2,109,0,13,143,4,160,104,0,104,264
12/27/2019,MTN,MD,AEA,EN,Federal Contract Tower,0,5,39,5,49,0,1,49,1,51,0,6,88,6,100,54,0,54,154
12/28/2019,MTN,MD,AEA,EN,Federal Contract Tower,0,5,20,0,25,0,2,155,0,157,0,7,175,0,182,256,0,256,438
12/29/2019,MTN,MD,AEA,EN,Federal Contract Tower,0,6,15,0,21,0,0,12,0,12,0,6,27,0,33,90,0,90,123
12/30/2019,MTN,MD,AEA,EN,Federal Contract Tower,0,3,7,0,10,0,0,0,0,0,0,3,7,0,10,0,0,0,10
12/31/2019,MTN,MD,AEA,EN,Federal Contract Tower,0,4,15,0,19,0,1,72,0,73,0,5,87,0,92,142,0,142,234
01/01/2020,MTN,MD,AEA,EN,Federal Contract Tower,0,4,6,0,10,0,1,62,0,63,0,5,68,0,73,16,0,16,89
01/02/2020,MTN,MD,AEA,EN,Federal Contract Tower,0,2,18,5,25,0,0,111,5,116,0,2,129,10,141,120,0,120,261
01/03/2020,MTN,MD,AEA,EN,Federal Contract Tower,0,0,20,0,20,0,0,10,0,10,0,0,30,0,30,0,0,0,30
01/04/2020,MTN,MD,AEA,EN,Federal Contract Tower,0,0,7,0,7,0,0,4,0,4,0,0,11,0,11,0,0,0,11
01/05/2020,MTN,MD,AEA,EN,Federal Contract Tower,0,6,17,0,23,0,0,26,0,26,0,6,43,0,49,12,0,12,61
01/06/2020,MTN,MD,AEA,EN,Federal Contract Tower,0,8,20,0,28,0,0,128,0,128,0,8,148,0,156,142,0,142,298
01/07/2020,MTN,MD,AEA,EN,Federal Contract Tower,0,2,17,8,27,0,0,50,7,57,0,2,67,15,84,44,0,44,128
01/08/2020,MTN,MD,AEA,EN,Federal Contract Tower,0,6,21,3,30,0,0,37,7,44,0,6,58,10,74,30,2,32,106
01/09/2020,MTN,MD,AEA,EN,Federal Contract Tower,0,8,26,5,39,0,2,116,6,124,0,10,142,11,163,116,2,118,281
01/10/2020,MTN,MD,AEA,EN,Federal Contract Tower,0,3,16,5,24,0,1,69,6,76,0,4,85,11,100,80,0,80,180
01/11/2020,MTN,MD,AEA,EN,Federal Contract Tower,0,5,15,7,27,0,0,67,9,76,0,5,82,16,103,150,10,160,263
01/12/2020,MTN,MD,AEA,EN,Federal Contract Tower,0,2,15,0,17,0,0,60,0,60,0,2,75,0,77,44,0,44,121
01/13/2020,MTN,MD,AEA,EN,Federal Contract Tower,0,0,23,0,23,0,2,87,0,89,0,2,110,0,112,96,0,96,208
01/14/2020,MTN,MD,AEA,EN,Federal Contract Tower,0,2,18,0,20,0,0,2,0,2,0,2,20,0,22,0,0,0,22
01/15/2020,MTN,MD,AEA,EN,Federal Contract Tower,0,9,27,4,40,0,0,100,8,108,0,9,127,12,148,128,2,130,278
01/16/2020,MTN,MD,AEA,EN,Federal Contract Tower,0,6,15,4,25,0,0,20,5,25,0,6,35,9,50,20,4,24,74
01/17/2020,MTN,MD,AEA,EN,Federal Contract Tower,0,3,27,2,32,0,0,107,0,107,0,3,134,2,139,48,0,48,187
01/18/2020,MTN,MD,AEA,EN,Federal Contract Tower,0,4,4,0,8,0,0,4,0,4,0,4,8,0,12,34,0,34,46
01/19/2020,MTN,MD,AEA,EN,Federal Contract Tower,0,1,9,0,10,0,0,24,0,24,0,1,33,0,34,28,0,28,62
01/20/2020,MTN,MD,AEA,EN,Federal Contract Tower,0,7,23,0,30,0,1,97,0,98,0,8,120,0,128,122,0,122,250
01/21/2020,MTN,MD,AEA,EN,Federal Contract Tower,0,0,27,5,32,0,0,138,8,146,0,0,165,13,178,148,4,152,330
01/22/2020,MTN,MD,AEA,EN,Federal Contract Tower,0,5,17,5,27,0,0,126,9,135,0,5,143,14,162,156,0,156,318
01/23/2020,MTN,MD,AEA,EN,Federal Contract Tower,0,17,36,5,58,0,1,113,7,121,0,18,149,12,179,102,2,104,283
01/24/2020,MTN,MD,AEA,EN,Federal Contract Tower,0,5,34,4,43,0,1,123,4,128,0,6,157,8,171,162,0,162,333
01/25/2020,MTN,MD,AEA,EN,Federal Contract Tower,0,6,22,0,28,0,0,32,0,32,0,6,54,0,60,20,0,20,80
01/26/2020,MTN,MD,AEA,EN,Federal Contract Tower,0,3,13,0,16,0,0,103,0,103,0,3,116,0,119,100,0,100,219
01/27/2020,MTN,MD,AEA,EN,Federal Contract Tower,0,9,21,0,30,0,1,76,0,77,0,10,97,0,107,116,0,116,223
01/28/2020,MTN,MD,AEA,EN,Federal Contract Tower,0,6,14,4,24,0,0,94,3,97,0,6,108,7,121,130,4,134,255
01/29/2020,MTN,MD,AEA,EN,Federal Contract Tower,0,8,20,3,31,0,1,102,2,105,0,9,122,5,136,82,2,84,220
01/30/2020,MTN,MD,AEA,EN,Federal Contract Tower,0,6,22,1,29,0,0,122,0,122,0,6,144,1,151,70,0,70,221
01/31/2020,MTN,MD,AEA,EN,Federal Contract Tower,0,4,21,4,29,0,0,117,4,121,0,4,138,8,150,70,0,70,220
02/01/2020,MTN,MD,AEA,EN,Federal Contract Tower,0,2,10,0,12,0,2,65,0,67,0,4,75,0,79,66,0,66,145
02/02/2020,MTN,MD,AEA,EN,Federal Contract Tower,0,8,20,0,28,0,0,79,2,81,0,8,99,2,109,130,0,130,239
02/03/2020,MTN,MD,AEA,EN,Federal Contract Tower,0,5,32,0,37,0,0,146,0,146,0,5,178,0,183,182,0,182,365
02/04/2020,MTN,MD,AEA,EN,Federal Contract Tower,0,7,14,2,23,0,1,96,0,97,0,8,110,2,120,36,0,36,156
02/05/2020,MTN,MD,AEA,EN,Federal Contract Tower,0,4,27,2,33,0,0,33,0,33,0,4,60,2,66,30,0,30,96
02/06/2020,MTN,MD,AEA,EN,Federal Contract Tower,0,3,15,0,18,0,0,0,0,0,0,3,15,0,18,0,0,0,18
02/07/2020,MTN,MD,AEA,EN,Federal Contract Tower,0,0,0,0,0,0,0,14,1,15,0,0,14,1,15,0,0,0,15
02/08/2020,MTN,MD,AEA,EN,Federal Contract Tower,0,8,21,0,29,0,0,153,2,155,0,8,174,2,184,138,6,144,328
02/09/2020,MTN,MD,AEA,EN,Federal Contract Tower,0,3,19,0,22,0,1,160,0,161,0,4,179,0,183,184,0,184,367
02/10/2020,MTN,MD,AEA,EN,Federal Contract Tower,24,0,57,0,81,0,0,0,0,0,24,0,57,0,81,120,0,120,201
02/11/2020,MTN,MD,AEA,EN,Federal Contract Tower,0,9,32,1,42,0,0,23,1,24,0,9,55,2,66,16,2,18,84
02/12/2020,MTN,MD,AEA,EN,Federal Contract Tower,0,3,29,2,34,0,0,112,1,113,0,3,141,3,147,187,2,189,336
02/13/2020,MTN,MD,AEA,EN,Federal Contract Tower,0,3,33,9,45,0,0,0,0,0,0,3,33,9,45,0,0,0,45
02/14/2020,MTN,MD,AEA,EN,Federal Contract Tower,0,3,26,1,30,0,1,78,0,79,0,4,104,1,109,64,0,64,173
02/15/2020,MTN,MD,AEA,EN,Federal Contract Tower,0,4,17,0,21,0,0,141,0,141,0,4,158,0,162,140,0,140,302
02/16/2020,MTN,MD,AEA,EN,Federal Contract Tower,0,0,21,0,21,0,0,135,0,135,0,0,156,0,156,168,0,168,324
02/17/2020,MTN,MD,AEA,EN,Federal Contract Tower,0,4,24,0,28,0,0,167,0,167,0,4,191,0,195,176,0,176,371
02/18/2020,MTN,MD,AEA,EN,Federal Contract Tower,0,7,26,5,38,0,0,86,5,91,0,7,112,10,129,64,0,64,193
02/19/2020,MTN,MD,AEA,EN,Federal Contract Tower,0,7,26,8,41,0,0,117,8,125,0,7,143,16,166,136,20,156,322
02/20/2020,MTN,MD,AEA,EN,Federal Contract Tower,0,3,32,6,41,0,0,106,6,112,0,3,138,12,153,76,0,76,229
02/21/2020,MTN,MD,AEA,EN,Federal Contract Tower,0,3,19,6,28,0,0,115,5,120,0,3,134,11,148,144,4,148,296
02/22/2020,MTN,MD,AEA,EN,Federal Contract Tower,0,5,25,0,30,0,2,150,0,152,0,7,175,0,182,116,0,116,298
02/23/2020,MTN,MD,AEA,EN,Federal Contract Tower,0,2,18,0,20,0,0,155,0,155,0,2,173,0,175,222,0,222,397
02/24/2020,MTN,MD,AEA,EN,Federal Contract Tower,0,1,30,0,31,0,0,141,0,141,0,1,171,0,172,196,0,196,368
02/25/2020,MTN,MD,AEA,EN,Federal Contract Tower,0,1,25,2,28,0,0,0,0,0,0,1,25,2,28,0,0,0,28
02/26/2020,MTN,MD,AEA,EN,Federal Contract Tower,0,4,13,4,21,0,0,0,0,0,0,4,13,4,21,0,0,0,21
02/27/2020,MTN,MD,AEA,EN,Federal Contract Tower,0,3,32,4,39,0,0,19,4,23,0,3,51,8,62,2,2,4,66
02/28/2020,MTN,MD,AEA,EN,Federal Contract Tower,0,4,31,4,39,0,0,86,9,95,0,4,117,13,134,30,0,30,164
02/29/2020,MTN,MD,AEA,EN,Federal Contract Tower,0,2,12,0,14,0,0,57,0,57,0,2,69,0,71,50,0,50,121
03/01/2020,MTN,MD,AEA,EN,Federal Contract Tower,0,0,25,0,25,0,0,128,0,128,0,0,153,0,153,170,0,170,323
03/02/2020,MTN,MD,AEA,EN,Federal Contract Tower,0,0,23,0,23,0,1,133,0,134,0,1,156,0,157,226,0,226,383
03/03/2020,MTN,MD,AEA,EN,Federal Contract Tower,0,3,23,4,30,0,0,46,4,50,0,3,69,8,80,122,6,128,208
03/04/2020,MTN,MD,AEA,EN,Federal Contract Tower,0,8,27,4,39,0,0,104,8,112,0,8,131,12,151,168,0,168,319
03/05/2020,MTN,MD,AEA,EN,Federal Contract Tower,0,5,45,3,53,0,3,160,6,169,0,8,205,9,222,210,0,210,432
03/06/2020,MTN,MD,AEA,EN,Federal Contract Tower,0,7,19,8,34,0,0,30,0,30,0,7,49,8,64,20,0,20,84
03/07/2020,MTN,MD,AEA,EN,Federal Contract Tower,0,4,15,0,19,0,1,44,0,45,0,5,59,0,64,32,0,32,96
03/08/2020,MTN,MD,AEA,EN,Federal Contract Tower,0,5,40,0,45,0,2,167,0,169,0,7,207,0,214,302,0,302,516
03/09/2020,MTN,MD,AEA,EN,Federal Contract Tower,0,4,21,0,25,0,0,128,0,128,0,4,149,0,153,240,0,240,393
03/10/2020,MTN,MD,AEA,EN,Federal Contract Tower,0,10,25,1,36,0,0,55,2,57,0,10,80,3,93,40,24,64,157
03/11/2020,MTN,MD,AEA,EN,Federal Contract Tower,0,5,42,9,56,0,0,136,0,136,0,5,178,9,192,206,0,206,398
03/12/2020,MTN,MD,AEA,EN,Federal Contract Tower,0,2,36,14,52,0,0,0,0,0,0,2,36,14,52,240,2,242,294
03/13/2020,MTN,MD,AEA,EN,Federal Contract Tower,0,8,37,4,49,0,1,36,5,42,0,9,73,9,91,14,0,14,105
03/14/2020,MTN,MD,AEA,EN,Federal Contract Tower,0,4,24,8,36,0,0,165,0,165,0,4,189,8,201,216,4,220,421
03/15/2020,MTN,MD,AEA,EN,Federal Contract Tower,0,5,14,0,19,0,0,117,0,117,0,5,131,0,136,264,0,264,400
03/16/2020,MTN,MD,AEA,EN,Federal Contract Tower,0,3,10,0,13,0,0,99,0,99,0,3,109,0,112,182,0,182,294
03/17/2020,MTN,MD,AEA,EN,Federal Contract Tower,0,4,28,7,39,0,0,68,3,71,0,4,96,10,110,86,4,90,200
03/18/2020,MTN,MD,AEA,EN,Federal Contract Tower,0,9,17,5,31,0,0,132,5,137,0,9,149,10,168,138,0,138,306
03/19/2020,MTN,MD,AEA,EN,Federal Contract Tower,0,3,18,7,28,0,0,21,0,21,0,3,39,7,49,16,0,16,65
03/20/2020,MTN,MD,AEA,EN,Federal Contract Tower,0,2,16,4,22,0,37,5,2,44,0,39,21,6,66,8,6,14,80
03/21/2020,MTN,MD,AEA,EN,Federal Contract Tower,0,2,5,0,7,0,0,86,0,86,0,2,91,0,93,144,0,144,237
03/22/2020,MTN,MD,AEA,EN,Federal Contract Tower,0,8,10,0,18,0,0,87,0,87,0,8,97,0,105,98,0,98,203
03/23/2020,MTN,MD,AEA,EN,Federal Contract Tower,0,4,12,0,16,0,0,0,0,0,0,4,12,0,16,0,0,0,16
03/24/2020,MTN,MD,AEA,EN,Federal Contract Tower,0,2,8,5,15,0,0,65,7,72,0,2,73,12,87,44,4,48,135
03/25/2020,MTN,MD,AEA,EN,Federal Contract Tower,0,8,9,0,17,0,0,4,0,4,0,8,13,0,21,0,0,0,21
03/26/2020,MTN,MD,AEA,EN,Federal Contract Tower,0,2,7,4,13,0,0,107,6,113,0,2,114,10,126,142,4,146,272
03/27/2020,MTN,MD,AEA,EN,Federal Contract Tower,0,3,11,7,21,0,0,87,9,96,0,3,98,16,117,46,8,54,171
03/28/2020,MTN,MD,AEA,EN,Federal Contract Tower,0,0,2,0,2,0,0,0,0,0,0,0,2,0,2,0,0,0,2
03/29/2020,MTN,MD,AEA,EN,Federal Contract Tower,0,2,10,0,12,0,0,0,0,0,0,2,10,0,12,0,0,0,12
03/30/2020,MTN,MD,AEA,EN,Federal Contract Tower,0,4,15,0,19,0,4,69,0,73,0,8,84,0,92,72,0,72,164
03/31/2020,MTN,MD,AEA,EN,Federal Contract Tower,0,2,8,8,18,0,0,27,5,32,0,2,35,13,50,46,0,46,96
04/01/2020,MTN,MD,AEA,EN,Federal Contract Tower,0,3,4,6,13,0,0,35,7,42,0,3,39,13,55,2,4,6,61
04/02/2020,MTN,MD,AEA,EN,Federal Contract Tower,0,5,6,10,21,0,0,24,6,30,0,5,30,16,51,0,2,2,53
04/03/2020,MTN,MD,AEA,EN,Federal Contract Tower,0,3,5,2,10,0,1,27,4,32,0,4,32,6,42,6,0,6,48
04/04/2020,MTN,MD,AEA,EN,Federal Contract Tower,0,4,13,0,17,0,0,42,0,42,0,4,55,0,59,72,0,72,131
04/05/2020,MTN,MD,AEA,EN,Federal Contract Tower,0,1,0,0,1,0,0,58,0,58,0,1,58,0,59,48,0,48,107
04/06/2020,MTN,MD,AEA,EN,Federal Contract Tower,0,2,4,0,6,0,1,98,0,99,0,3,102,0,105,70,0,70,175
04/07/2020,MTN,MD,AEA,EN,Federal Contract Tower,0,1,8,0,9,0,1,59,0,60,0,2,67,0,69,58,2,60,129
04/08/2020,MTN,MD,AEA,EN,Federal Contract Tower,0,2,6,0,8,0,0,0,0,0,0,2,6,0,8,0,2,2,10
04/09/2020,MTN,MD,AEA,EN,Federal Contract Tower,0,2,3,1,6,0,0,0,0,0,0,2,3,1,6,0,0,0,6
04/10/2020,MTN,MD,AEA,EN,Federal Contract Tower,0,0,6,0,6,0,0,14,0,14,0,0,20,0,20,4,0,4,24
04/11/2020,MTN,MD,AEA,EN,Federal Contract Tower,0,0,6,0,6,0,1,27,0,28,0,1,33,0,34,12,0,12,46
04/12/2020,MTN,MD,AEA,EN,Federal Contract Tower,0,1,6,0,7,0,0,33,0,33,0,1,39,0,40,6,0,6,46
04/13/2020,MTN,MD,AEA,EN,Federal Contract Tower,0,0,2,0,2,0,0,13,0,13,0,0,15,0,15,2,0,2,17
04/14/2020,MTN,MD,AEA,EN,Federal Contract Tower,0,3,16,0,19,0,0,66,0,66,0,3,82,0,85,26,0,26,111
04/15/2020,MTN,MD,AEA,EN,Federal Contract Tower,0,0,3,0,3,0,0,59,0,59,0,0,62,0,62,16,4,20,82
04/16/2020,MTN,MD,AEA,EN,Federal Contract Tower,0,2,3,1,6,0,33,0,0,33,0,35,3,1,39,0,0,0,39
04/17/2020,MTN,MD,AEA,EN,Federal Contract Tower,0,0,9,0,9,0,1,47,2,50,0,1,56,2,59,12,2,14,73
04/18/2020,MTN,MD,AEA,EN,Federal Contract Tower,0,0,2,0,2,0,0,11,0,11,0,0,13,0,13,0,0,0,13
04/19/2020,MTN,MD,AEA,EN,Federal Contract Tower,0,4,6,0,10,0,0,67,0,67,0,4,73,0,77,10,0,10,87
04/20/2020,MTN,MD,AEA,EN,Federal Contract Tower,0,6,7,0,13,0,0,46,0,46,0,6,53,0,59,14,0,14,73
04/21/2020,MTN,MD,AEA,EN,Federal Contract Tower,0,4,4,2,10,0,1,26,2,29,0,5,30,4,39,10,2,12,51
04/22/2020,MTN,MD,AEA,EN,Federal Contract Tower,0,0,4,4,8,0,0,60,4,64,0,0,64,8,72,8,8,16,88
04/23/2020,MTN,MD,AEA,EN,Federal Contract Tower,0,3,0,2,5,0,0,39,6,45,0,3,39,8,50,14,0,14,64
04/24/2020,MTN,MD,AEA,EN,Federal Contract Tower,0,0,14,1,15,0,0,14,0,14,0,0,28,1,29,60,0,60,89
04/25/2020,MTN,MD,AEA,EN,Federal Contract Tower,0,1,18,0,19,0,0,54,0,54,0,1,72,0,73,54,0,54,127
04/26/2020,MTN,MD,AEA,EN,Federal Contract Tower,0,2,5,0,7,0,0,2,0,2,0,2,7,0,9,6,0,6,15
04/27/2020,MTN,MD,AEA,EN,Federal Contract Tower,0,2,3,0,5,0,0,25,0,25,0,2,28,0,30,0,0,0,30
04/28/2020,MTN,MD,AEA,EN,Federal Contract Tower,0,1,6,4,11,0,0,102,4,106,0,1,108,8,117,64,0,64,181
04/29/2020,MTN,MD,AEA,EN,Federal Contract Tower,0,3,11,2,16,0,0,80,0,80,0,3,91,2,96,62,2,64,160
04/30/2020,MTN,MD,AEA,EN,Federal Contract Tower,0,3,1,7,11,0,0,2,4,6,0,3,3,11,17,0,0,0,17
05/01/2020,MTN,MD,AEA,EN,Federal Contract Tower,0,4,8,6,18,0,2,55,1,58,0,6,63,7,76,70,0,70,146
05/02/2020,MTN,MD,AEA,EN,Federal Contract Tower,0,2,11,7,20,0,0,93,4,97,0,2,104,11,117,64,0,64,181
05/03/2020,MTN,MD,AEA,EN,Federal Contract Tower,0,4,6,7,17,0,1,40,9,50,0,5,46,16,67,32,0,32,99
05/04/2020,MTN,MD,AEA,EN,Federal Contract Tower,0,2,17,0,19,0,0,41,0,41,0,2,58,0,60,42,0,42,102
05/05/2020,MTN,MD,AEA,EN,Federal Contract Tower,0,1,14,4,19,0,0,123,6,129,0,1,137,10,148,78,6,84,232
05/06/2020,MTN,MD,AEA,EN,Federal Contract Tower,0,6,18,11,35,0,0,4,0,4,0,6,22,11,39,0,0,0,39
05/07/2020,MTN,MD,AEA,EN,Federal Contract Tower,0,5,8,4,17,0,0,128,7,135,0,5,136,11,152,100,0,100,252
05/08/2020,MTN,MD,AEA,EN,Federal Contract Tower,0,0,6,3,9,0,0,57,0,57,0,0,63,3,66,50,0,50,116
05/09/2020,MTN,MD,AEA,EN,Federal Contract Tower,0,2,6,0,8,0,1,19,0,20,0,3,25,0,28,74,0,74,102
05/10/2020,MTN,MD,AEA,EN,Federal Contract Tower,0,3,12,0,15,0,3,86,0,89,0,6,98,0,104,80,0,80,184
05/11/2020,MTN,MD,AEA,EN,Federal Contract Tower,0,7,8,0,15,0,0,44,0,44,0,7,52,0,59,14,2,16,75
05/12/2020,MTN,MD,AEA,EN,Federal Contract Tower,0,6,10,3,19,0,0,97,3,100,0,6,107,6,119,12,0,12,131
05/13/2020,MTN,MD,AEA,EN,Federal Contract Tower,0,0,20,2,22,0,0,122,0,122,0,0,142,2,144,214,2,216,360
05/14/2020,MTN,MD,AEA,EN,Federal Contract Tower,0,2,18,3,23,0,0,107,3,110,0,2,125,6,133,178,2,180,313
05/15/2020,MTN,MD,AEA,EN,Federal Contract Tower,0,0,16,2,18,0,0,109,20,129,0,0,125,22,147,110,0,110,257
05/16/2020,MTN,MD,AEA,EN,Federal Contract Tower,0,2,13,2,17,0,0,103,0,103,0,2,116,2,120,218,0,218,338
05/17/2020,MTN,MD,AEA,EN,Federal Contract Tower,0,7,17,0,24,0,0,28,0,28,0,7,45,0,52,0,0,0,52
05/18/2020,MTN,MD,AEA,EN,Federal Contract Tower,0,4,29,0,33,0,0,50,0,50,0,4,79,0,83,58,0,58,141
05/19/2020,MTN,MD,AEA,EN,Federal Contract Tower,0,1,18,5,24,0,0,67,3,70,0,1,85,8,94,44,0,44,138
05/20/2020,MTN,MD,AEA,EN,Federal Contract Tower,0,0,27,4,31,0,1,49,3,53,0,1,76,7,84,6,0,6,90
05/21/2020,MTN,MD,AEA,EN,Federal Contract Tower,0,5,17,3,25,0,2,0,0,2,0,7,17,3,27,180,16,196,223
05/22/2020,MTN,MD,AEA,EN,Federal Contract Tower,0,2,19,0,21,0,0,6,0,6,0,2,25,0,27,0,0,0,27
05/23/2020,MTN,MD,AEA,EN,Federal Contract Tower,0,0,15,0,15,0,0,89,0,89,0,0,104,0,104,188,0,188,292
05/24/2020,MTN,MD,AEA,EN,Federal Contract Tower,0,0,20,0,20,0,0,33,0,33,0,0,53,0,53,104,0,104,157
05/25/2020,MTN,MD,AEA,EN,Federal Contract Tower,0,5,16,0,21,0,0,82,0,82,0,5,98,0,103,122,0,122,225
05/26/2020,MTN,MD,AEA,EN,Federal Contract Tower,0,2,29,3,34,0,1,87,3,91,0,3,116,6,125,122,0,122,247
05/27/2020,MTN,MD,AEA,EN,Federal Contract Tower,0,2,26,7,35,0,0,67,3,70,0,2,93,10,105,152,2,154,259
05/28/2020,MTN,MD,AEA,EN,Federal Contract Tower,0,2,30,6,38,0,0,28,1,29,0,2,58,7,67,18,0,18,85
05/29/2020,MTN,MD,AEA,EN,Federal Contract Tower,0,5,20,6,31,0,0,0,0,0,0,5,20,6,31,28,0,28,59
05/30/2020,MTN,MD,AEA,EN,Federal Contract Tower,0,6,17,1,24,0,1,144,1,146,0,7,161,2,170,86,0,86,256
05/31/2020,MTN,MD,AEA,EN,Federal Contract Tower,0,2,19,0,21,0,0,106,0,106,0,2,125,0,127,72,0,72,199
06/01/2020,MTN,MD,AEA,EN,Federal Contract Tower,0,12,11,0,23,0,0,158,0,158,0,12,169,0,181,172,0,172,353
06/02/2020,MTN,MD,AEA,EN,Federal Contract Tower,0,11,10,5,26,0,3,142,5,150,0,14,152,10,176,90,0,90,266
06/03/2020,MTN,MD,AEA,EN,Federal Contract Tower,0,6,20,5,31,0,0,88,6,94,0,6,108,11,125,32,0,32,157
06/04/2020,MTN,MD,AEA,EN,Federal Contract Tower,0,4,14,6,24,0,0,109,8,117,0,4,123,14,141,138,2,140,281
06/05/2020,MTN,MD,AEA,EN,Federal Contract Tower,0,3,10,3,16,0,0,60,5,65,0,3,70,8,81,60,2,62,143
06/06/2020,MTN,MD,AEA,EN,Federal Contract Tower,0,4,12,0,16,0,105,0,0,105,0,109,12,0,121,106,0,106,227
06/07/2020,MTN,MD,AEA,EN,Federal Contract Tower,0,4,7,0,11,0,0,141,0,141,0,4,148,0,152,84,0,84,236
06/08/2020,MTN,MD,AEA,EN,Federal Contract Tower,0,7,9,0,16,0,0,151,0,151,0,7,160,0,167,148,0,148,315
06/09/2020,MTN,MD,AEA,EN,Federal Contract Tower,0,4,18,10,32,0,0,133,8,141,0,4,151,18,173,198,0,198,371
06/10/2020,MTN,MD,AEA,EN,Federal Contract Tower,0,8,26,5,39,0,0,52,6,58,0,8,78,11,97,20,0,20,117
06/11/2020,MTN,MD,AEA,EN,Federal Contract Tower,0,5,24,4,33,0,1,55,6,62,0,6,79,10,95,96,0,96,191
06/12/2020,MTN,MD,AEA,EN,Federal Contract Tower,0,4,39,2,45,0,0,142,2,144,0,4,181,4,189,114,0,114,303
06/13/2020,MTN,MD,AEA,EN,Federal Contract Tower,0,4,15,0,19,0,0,174,0,174,0,4,189,0,193,122,0,122,315
06/14/2020,MTN,MD,AEA,EN,Federal Contract Tower,0,5,25,0,30,0,0,106,0,106,0,5,131,0,136,156,2,158,294
06/15/2020,MTN,MD,AEA,EN,Federal Contract Tower,0,7,19,0,26,0,0,115,0,115,0,7,134,0,141,70,0,70,211
06/16/2020,MTN,MD,AEA,EN,Federal Contract Tower,0,6,31,5,42,0,0,117,5,122,0,6,148,10,164,58,4,62,226
06/17/2020,MTN,MD,AEA,EN,Federal Contract Tower,0,1,16,11,28,0,0,41,6,47,0,1,57,17,75,42,2,44,119
06/18/2020,MTN,MD,AEA,EN,Federal Contract Tower,0,3,17,10,30,0,0,61,9,70,0,3,78,19,100,116,14,130,230
06/19/2020,MTN,MD,AEA,EN,Federal Contract Tower,0,7,14,4,25,0,0,69,6,75,0,7,83,10,100,44,10,54,154
06/20/2020,MTN,MD,AEA,EN,Federal Contract Tower,0,0,18,0,18,0,0,20,0,20,0,0,38,0,38,24,0,24,62
06/21/2020,MTN,MD,AEA,EN,Federal Contract Tower,0,2,18,0,20,0,0,88,0,88,0,2,106,0,108,88,12,100,208
06/22/2020,MTN,MD,AEA,EN,Federal Contract Tower,0,4,18,0,22,0,0,131,0,131,0,4,149,0,153,144,0,144,297
06/23/2020,MTN,MD,AEA,EN,Federal Contract Tower,0,9,23,2,34,0,0,105,7,112,0,9,128,9,146,138,0,138,284
06/24/2020,MTN,MD,AEA,EN,Federal Contract Tower,0,8,22,4,34,0,1,127,9,137,0,9,149,13,171,138,4,142,313
06/25/2020,MTN,MD,AEA,EN,Federal Contract Tower,0,12,37,4,53,0,0,132,23,155,0,12,169,27,208,152,0,152,360
06/26/2020,MTN,MD,AEA,EN,Federal Contract Tower,0,8,24,4,36,0,0,158,8,166,0,8,182,12,202,140,8,148,350
06/27/2020,MTN,MD,AEA,EN,Federal Contract Tower,0,7,15,0,22,0,0,80,0,80,0,7,95,0,102,114,0,114,216
06/28/2020,MTN,MD,AEA,EN,Federal Contract Tower,0,14,11,0,25,0,0,97,0,97,0,14,108,0,122,204,0,204,326
06/29/2020,MTN,MD,AEA,EN,Federal Contract Tower,0,8,8,0,16,0,0,137,1,138,0,8,145,1,154,132,0,132,286
06/30/2020,MTN,MD,AEA,EN,Federal Contract Tower,0,6,22,8,36,0,0,127,10,137,0,6,149,18,173,210,0,210,383
07/01/2020,MTN,MD,AEA,EN,Federal Contract Tower,0,6,18,4,28,0,0,97,9,106,0,6,115,13,134,124,8,132,266
07/02/2020,MTN,MD,AEA,EN,Federal Contract Tower,0,7,19,4,30,0,0,110,8,118,0,7,129,12,148,90,8,98,246
07/03/2020,MTN,MD,AEA,EN,Federal Contract Tower,0,5,10,0,15,0,2,137,0,139,0,7,147,0,154,91,0,91,245
07/04/2020,MTN,MD,AEA,EN,Federal Contract Tower,0,1,7,0,8,0,0,72,0,72,0,1,79,0,80,38,0,38,118
07/05/2020,MTN,MD,AEA,EN,Federal Contract Tower,0,5,11,0,16,0,0,76,0,76,0,5,87,0,92,102,0,102,194
07/06/2020,MTN,MD,AEA,EN,Federal Contract Tower,0,11,22,0,33,0,1,76,0,77,0,12,98,0,110,114,0,114,224
07/07/2020,MTN,MD,AEA,EN,Federal Contract Tower,0,6,36,7,49,0,0,66,3,69,0,6,102,10,118,68,0,68,186
07/08/2020,MTN,MD,AEA,EN,Federal Contract Tower,0,3,30,4,37,0,0,84,4,88,0,3,114,8,125,136,4,140,265
07/09/2020,MTN,MD,AEA,EN,Federal Contract Tower,0,7,26,3,36,0,0,88,4,92,0,7,114,7,128,88,0,88,216
07/10/2020,MTN,MD,AEA,EN,Federal Contract Tower,0,6,17,3,26,0,0,38,3,41,0,6,55,6,67,0,8,8,75
07/11/2020,MTN,MD,AEA,EN,Federal Contract Tower,0,4,24,0,28,0,1,98,0,99,0,5,122,0,127,134,0,134,261
07/12/2020,MTN,MD,AEA,EN,Federal Contract Tower,0,2,23,0,25,0,1,96,0,97,0,3,119,0,122,142,0,142,264
07/13/2020,MTN,MD,AEA,EN,Federal Contract Tower,0,12,17,2,31,0,0,109,0,109,0,12,126,2,140,152,0,152,292
07/14/2020,MTN,MD,AEA,EN,Federal Contract Tower,0,5,26,6,37,0,0,143,7,150,0,5,169,13,187,164,6,170,357
07/15/2020,MTN,MD,AEA,EN,Federal Contract Tower,0,4,22,5,31,0,0,131,1,132,0,4,153,6,163,136,0,136,299
07/16/2020,MTN,MD,AEA,EN,Federal Contract Tower,0,7,37,4,48,0,0,50,3,53,0,7,87,7,101,14,0,14,115
07/17/2020,MTN,MD,AEA,EN,Federal Contract Tower,0,4,25,3,32,0,1,110,7,118,0,5,135,10,150,110,0,110,260
07/18/2020,MTN,MD,AEA,EN,Federal Contract Tower,0,10,22,0,32,0,2,149,2,153,0,12,171,2,185,162,0,162,347
07/19/2020,MTN,MD,AEA,EN,Federal Contract Tower,0,1,18,0,19,0,0,94,0,94,0,1,112,0,113,86,0,86,199
07/20/2020,MTN,MD,AEA,EN,Federal Contract Tower,0,6,19,0,25,0,0,100,0,100,0,6,119,0,125,78,0,78,203
07/21/2020,MTN,MD,AEA,EN,Federal Contract Tower,0,5,24,6,35,0,1,97,22,120,0,6,121,28,155,84,2,86,241
07/22/2020,MTN,MD,AEA,EN,Federal Contract Tower,0,4,25,7,36,0,0,58,3,61,0,4,83,10,97,40,0,40,137
07/23/2020,MTN,MD,AEA,EN,Federal Contract Tower,0,8,24,4,36,0,1,102,9,112,0,9,126,13,148,72,0,72,220
07/24/2020,MTN,MD,AEA,EN,Federal Contract Tower,0,3,27,6,36,0,0,66,6,72,0,3,93,12,108,70,6,76,184
07/25/2020,MTN,MD,AEA,EN,Federal Contract Tower,0,2,30,1,33,0,0,66,0,66,0,2,96,1,99,58,0,58,157
07/26/2020,MTN,MD,AEA,EN,Federal Contract Tower,0,4,20,0,24,0,1,121,1,123,0,5,141,1,147,126,0,126,273
07/27/2020,MTN,MD,AEA,EN,Federal Contract Tower,0,5,18,0,23,0,0,104,0,104,0,5,122,0,127,66,0,66,193
07/28/2020,MTN,MD,AEA,EN,Federal Contract Tower,0,5,16,6,27,0,1,106,2,109,0,6,122,8,136,100,0,100,236
07/29/2020,MTN,MD,AEA,EN,Federal Contract Tower,0,10,25,9,44,0,0,144,4,148,0,10,169,13,192,70,0,70,262
07/30/2020,MTN,MD,AEA,EN,Federal Contract Tower,0,2,22,6,30,0,2,117,8,127,0,4,139,14,157,156,0,156,313
07/31/2020,MTN,MD,AEA,EN,Federal Contract Tower,0,9,35,17,61,0,0,22,0,22,0,9,57,17,83,0,0,0,83
08/01/2020,MTN,MD,AEA,EN,Federal Contract Tower,0,8,28,0,36,0,1,113,0,114,0,9,141,0,150,96,0,96,246
08/02/2020,MTN,MD,AEA,EN,Federal Contract Tower,0,12,30,0,42,0,0,50,0,50,0,12,80,0,92,48,0,48,140
08/03/2020,MTN,MD,AEA,EN,Federal Contract Tower,0,10,16,0,26,0,0,80,0,80,0,10,96,0,106,158,0,158,264
08/04/2020,MTN,MD,AEA,EN,Federal Contract Tower,0,3,9,0,12,0,37,3,0,40,0,40,12,0,52,14,0,14,66
08/05/2020,MTN,MD,AEA,EN,Federal Contract Tower,0,3,21,8,32,0,0,176,7,183,0,3,197,15,215,132,4,136,351
08/06/2020,MTN,MD,AEA,EN,Federal Contract Tower,0,2,31,12,45,0,0,60,5,65,0,2,91,17,110,84,0,84,194
08/07/2020,MTN,MD,AEA,EN,Federal Contract Tower,0,3,32,6,41,0,0,46,3,49,0,3,78,9,90,42,0,42,132
08/08/2020,MTN,MD,AEA,EN,Federal Contract Tower,0,7,25,0,32,0,1,114,0,115,0,8,139,0,147,112,0,112,259
08/09/2020,MTN,MD,AEA,EN,Federal Contract Tower,0,4,30,0,34,0,0,136,0,136,0,4,166,0,170,74,2,76,246
08/10/2020,MTN,MD,AEA,EN,Federal Contract Tower,0,7,16,0,23,0,0,142,0,142,0,7,158,0,165,96,0,96,261
08/11/2020,MTN,MD,AEA,EN,Federal Contract Tower,0,5,18,6,29,0,1,96,9,106,0,6,114,15,135,128,0,128,263
08/12/2020,MTN,MD,AEA,EN,Federal Contract Tower,0,9,36,6,51,0,0,77,6,83,0,9,113,12,134,198,0,198,332
08/13/2020,MTN,MD,AEA,EN,Federal Contract Tower,0,15,25,9,49,0,0,20,0,20,0,15,45,9,69,4,0,4,73
08/14/2020,MTN,MD,AEA,EN,Federal Contract Tower,0,5,20,5,30,0,0,66,5,71,0,5,86,10,101,88,0,88,189
08/15/2020,MTN,MD,AEA,EN,Federal Contract Tower,0,3,23,0,26,0,0,86,0,86,0,3,109,0,112,102,0,102,214
08/16/2020,MTN,MD,AEA,EN,Federal Contract Tower,0,9,30,0,39,0,0,18,0,18,0,9,48,0,57,58,0,58,115
08/17/2020,MTN,MD,AEA,EN,Federal Contract Tower,0,21,17,0,38,0,2,99,0,101,0,23,116,0,139,208,0,208,347
08/18/2020,MTN,MD,AEA,EN,Federal Contract Tower,0,13,23,6,42,0,0,169,8,177,0,13,192,14,219,218,0,218,437
08/19/2020,MTN,MD,AEA,EN,Federal Contract Tower,0,4,17,6,27,0,0,94,5,99,0,4,111,11,126,74,0,74,200
08/20/2020,MTN,MD,AEA,EN,Federal Contract Tower,0,9,37,5,51,0,0,151,6,157,0,9,188,11,208,162,2,164,372
08/21/2020,MTN,MD,AEA,EN,Federal Contract Tower,0,12,33,1,46,0,0,113,5,118,0,12,146,6,164,90,8,98,262
08/22/2020,MTN,MD,AEA,EN,Federal Contract Tower,0,5,14,0,19,0,9,68,0,77,0,14,82,0,96,96,0,96,192
08/23/2020,MTN,MD,AEA,EN,Federal Contract Tower,0,7,21,0,28,0,1,59,0,60,0,8,80,0,88,70,0,70,158
08/24/2020,MTN,MD,AEA,EN,Federal Contract Tower,0,2,25,0,27,0,0,89,0,89,0,2,114,0,116,62,0,62,178
08/25/2020,MTN,MD,AEA,EN,Federal Contract Tower,0,11,26,6,43,0,0,109,9,118,0,11,135,15,161,52,4,56,217
08/26/2020,MTN,MD,AEA,EN,Federal Contract Tower,0,6,40,4,50,0,1,173,8,182,0,7,213,12,232,64,2,66,298
08/27/2020,MTN,MD,AEA,EN,Federal Contract Tower,0,11,36,5,52,0,0,97,4,101,0,11,133,9,153,50,0,50,203
08/28/2020,MTN,MD,AEA,EN,Federal Contract Tower,0,6,24,6,36,0,0,94,4,98,0,6,118,10,134,90,2,92,226
08/29/2020,MTN,MD,AEA,EN,Federal Contract Tower,0,7,17,0,24,0,0,16,0,16,0,7,33,0,40,2,0,2,42
08/30/2020,MTN,MD,AEA,EN,Federal Contract Tower,0,7,18,0,25,0,0,146,0,146,0,7,164,0,171,130,0,130,301
08/31/2020,MTN,MD,AEA,EN,Federal Contract Tower,0,7,24,0,31,0,0,52,0,52,0,7,76,0,83,29,0,29,112
09/01/2020,MTN,MD,AEA,EN,Federal Contract Tower,0,7,23,9,39,0,0,54,3,57,0,7,77,12,96,6,0,6,102
09/02/2020,MTN,MD,AEA,EN,Federal Contract Tower,0,3,36,7,46,0,0,42,2,44,0,3,78,9,90,8,0,8,98
09/03/2020,MTN,MD,AEA,EN,Federal Contract Tower,0,4,19,3,26,0,0,80,5,85,0,4,99,8,111,20,4,24,135
09/04/2020,MTN,MD,AEA,EN,Federal Contract Tower,0,2,30,1,33,0,0,113,0,113,0,2,143,1,146,46,0,46,192
09/05/2020,MTN,MD,AEA,EN,Federal Contract Tower,0,7,33,0,40,0,1,130,0,131,0,8,163,0,171,76,0,76,247
09/06/2020,MTN,MD,AEA,EN,Federal Contract Tower,0,3,21,0,24,0,0,99,0,99,0,3,120,0,123,36,0,36,159
09/07/2020,MTN,MD,AEA,EN,Federal Contract Tower,0,7,27,0,34,0,0,157,0,157,0,7,184,0,191,174,0,174,365
09/08/2020,MTN,MD,AEA,EN,Federal Contract Tower,0,16,16,4,36,0,0,127,4,131,0,16,143,8,167,134,2,136,303
09/09/2020,MTN,MD,AEA,EN,Federal Contract Tower,0,5,41,13,59,0,1,40,0,41,0,6,81,13,100,12,0,12,112
09/10/2020,MTN,MD,AEA,EN,Federal Contract Tower,0,3,16,2,21,0,0,13,0,13,0,3,29,2,34,0,0,0,34
09/11/2020,MTN,MD,AEA,EN,Federal Contract Tower,0,11,29,7,47,0,0,70,0,70,0,11,99,7,117,128,0,128,245
09/12/2020,MTN,MD,AEA,EN,Federal Contract Tower,0,2,15,7,24,0,0,85,8,93,0,2,100,15,117,78,2,80,197
09/13/2020,MTN,MD,AEA,EN,Federal Contract Tower,0,11,35,8,54,0,0,109,12,121,0,11,144,20,175,144,0,144,319
09/14/2020,MTN,MD,AEA,EN,Federal Contract Tower,0,15,13,0,28,0,0,119,0,119,0,15,132,0,147,88,0,88,235
09/16/2020,MTN,MD,AEA,EN,Federal Contract Tower,0,12,29,6,47,0,2,141,7,150,0,14,170,13,197,112,0,112,309
09/17/2020,MTN,MD,AEA,EN,Federal Contract Tower,0,8,21,1,30,0,0,92,10,102,0,8,113,11,132,38,2,40,172
09/18/2020,MTN,MD,AEA,EN,Federal Contract Tower,0,9,28,10,47,0,0,71,7,78,0,9,99,17,125,28,2,30,155
09/19/2020,MTN,MD,AEA,EN,Federal Contract Tower,0,7,16,0,23,0,0,139,0,139,0,7,155,0,162,90,0,90,252
09/20/2020,MTN,MD,AEA,EN,Federal Contract Tower,0,12,21,0,33,0,0,126,0,126,0,12,147,0,159,80,0,80,239
09/22/2020,MTN,MD,AEA,EN,Federal Contract Tower,0,6,25,1,32,0,0,137,4,141,0,6,162,5,173,150,0,150,323
09/23/2020,MTN,MD,AEA,EN,Federal Contract Tower,0,10,14,3,27,0,0,118,3,121,0,10,132,6,148,226,2,228,376
09/24/2020,MTN,MD,AEA,EN,Federal Contract Tower,0,5,30,3,38,0,2,138,2,142,0,7,168,5,180,196,4,200,380
09/25/2020,MTN,MD,AEA,EN,Federal Contract Tower,0,8,35,1,44,0,0,56,1,57,0,8,91,2,101,72,0,72,173
09/26/2020,MTN,MD,AEA,EN,Federal Contract Tower,0,14,17,0,31,0,0,5,0,5,0,14,22,0,36,2,0,2,38
09/27/2020,MTN,MD,AEA,EN,Federal Contract Tower,0,13,33,0,46,0,0,23,0,23,0,13,56,0,69,38,0,38,107
09/28/2020,MTN,MD,AEA,EN,Federal Contract Tower,0,7,35,0,42,0,0,86,0,86,0,7,121,0,128,60,0,60,188
09/29/2020,MTN,MD,AEA,EN,Federal Contract Tower,0,4,29,8,41,0,0,41,0,41,0,4,70,8,82,30,0,30,112
09/30/2020,MTN,MD,AEA,EN,Federal Contract Tower,0,9,23,0,32,0,0,107,1,108,0,9,130,1,140,114,0,114,254
10/01/2020,MTN,MD,AEA,EN,Federal Contract Tower,0,14,34,4,52,0,0,136,3,139,0,14,170,7,191,126,0,126,317
10/02/2020,MTN,MD,AEA,EN,Federal Contract Tower,0,1,20,3,24,0,1,103,5,109,0,2,123,8,133,52,4,56,189
10/03/2020,MTN,MD,AEA,EN,Federal Contract Tower,0,3,13,6,22,0,0,159,7,166,0,3,172,13,188,188,2,190,378
10/04/2020,MTN,MD,AEA,EN,Federal Contract Tower,0,5,20,4,29,0,1,155,4,160,0,6,175,8,189,168,2,170,359
10/05/2020,MTN,MD,AEA,EN,Federal Contract Tower,0,10,25,0,35,0,1,110,0,111,0,11,135,0,146,92,0,92,238
10/06/2020,MTN,MD,AEA,EN,Federal Contract Tower,0,12,25,1,38,0,1,127,0,128,0,13,152,1,166,116,0,116,282
10/07/2020,MTN,MD,AEA,EN,Federal Contract Tower,0,10,12,0,22,0,0,82,0,82,0,10,94,0,104,88,0,88,192
10/08/2020,MTN,MD,AEA,EN,Federal Contract Tower,0,5,20,0,25,0,1,104,0,105,0,6,124,0,130,70,0,70,200
10/09/2020,MTN,MD,AEA,EN,Federal Contract Tower,0,11,18,0,29,0,0,149,0,149,0,11,167,0,178,162,0,162,340
10/10/2020,MTN,MD,AEA,EN,Federal Contract Tower,0,3,18,0,21,0,1,123,0,124,0,4,141,0,145,132,0,132,277
10/11/2020,MTN,MD,AEA,EN,Federal Contract Tower,0,10,20,0,30,0,0,16,0,16,0,10,36,0,46,64,0,64,110
10/13/2020,MTN,MD,AEA,EN,Federal Contract Tower,0,15,33,5,53,0,1,40,1,42,0,16,73,6,95,28,0,28,123
10/14/2020,MTN,MD,AEA,EN,Federal Contract Tower,0,6,16,3,25,0,0,135,4,139,0,6,151,7,164,178,4,182,346
10/15/2020,MTN,MD,AEA,EN,Federal Contract Tower,0,3,18,5,26,0,0,108,5,113,0,3,126,10,139,166,2,168,307
10/16/2020,MTN,MD,AEA,EN,Federal Contract Tower,0,5,27,3,35,0,0,44,4,48,0,5,71,7,83,24,6,30,113
10/17/2020,MTN,MD,AEA,EN,Federal Contract Tower,0,5,14,0,19,0,0,130,0,130,0,5,144,0,149,142,0,142,291
10/18/2020,MTN,MD,AEA,EN,Federal Contract Tower,0,9,23,0,32,0,1,123,0,124,0,10,146,0,156,99,0,99,255
10/19/2020,MTN,MD,AEA,EN,Federal Contract Tower,0,3,39,2,44,0,0,83,0,83,0,3,122,2,127,84,0,84,211
10/20/2020,MTN,MD,AEA,EN,Federal Contract Tower,0,3,28,4,35,0,0,86,5,91,0,3,114,9,126,70,2,72,198
10/21/2020,MTN,MD,AEA,EN,Federal Contract Tower,0,9,18,7,34,0,0,31,6,37,0,9,49,13,71,54,2,56,127
10/22/2020,MTN,MD,AEA,EN,Federal Contract Tower,0,3,46,3,52,0,0,69,7,76,0,3,115,10,128,20,2,22,150
10/23/2020,MTN,MD,AEA,EN,Federal Contract Tower,0,7,40,2,49,0,0,62,6,68,0,7,102,8,117,38,0,38,155
10/24/2020,MTN,MD,AEA,EN,Federal Contract Tower,0,6,25,0,31,0,0,103,0,103,0,6,128,0,134,116,0,116,250
10/25/2020,MTN,MD,AEA,EN,Federal Contract Tower,0,4,23,0,27,0,0,21,0,21,0,4,44,0,48,50,0,50,98
10/26/2020,MTN,MD,AEA,EN,Federal Contract Tower,0,3,42,0,45,0,0,6,0,6,0,3,48,0,51,0,0,0,51
10/27/2020,MTN,MD,AEA,EN,Federal Contract Tower,0,4,37,4,45,0,1,131,7,139,0,5,168,11,184,190,0,190,374
10/28/2020,MTN,MD,AEA,EN,Federal Contract Tower,0,6,30,9,45,0,1,73,6,80,0,7,103,15,125,152,0,152,277
10/29/2020,MTN,MD,AEA,EN,Federal Contract Tower,0,7,12,0,19,0,0,0,0,0,0,7,12,0,19,0,0,0,19
10/30/2020,MTN,MD,AEA,EN,Federal Contract Tower,0,3,23,6,32,0,0,45,2,47,0,3,68,8,79,44,2,46,125
10/31/2020,MTN,MD,AEA,EN,Federal Contract Tower,0,9,18,0,27,0,0,143,0,143,0,9,161,0,170,158,0,158,328
11/01/2020,MTN,MD,AEA,EN,Federal Contract Tower,0,10,15,0,25,0,0,9,0,9,0,10,24,0,34,6,0,6,40
11/02/2020,MTN,MD,AEA,EN,Federal Contract Tower,0,5,16,0,21,0,0,14,0,14,0,5,30,0,35,8,0,8,43
11/03/2020,MTN,MD,AEA,EN,Federal Contract Tower,0,6,12,7,25,0,0,74,4,78,0,6,86,11,103,52,0,52,155
11/04/2020,MTN,MD,AEA,EN,Federal Contract Tower,0,3,23,2,28,0,0,112,3,115,0,3,135,5,143,204,0,204,347
11/05/2020,MTN,MD,AEA,EN,Federal Contract Tower,0,4,26,3,33,0,0,142,2,144,0,4,168,5,177,168,0,168,345
11/06/2020,MTN,MD,AEA,EN,Federal Contract Tower,0,11,19,1,31,0,0,126,4,130,0,11,145,5,161,194,2,196,357
11/07/2020,MTN,MD,AEA,EN,Federal Contract Tower,0,8,11,2,21,0,1,122,25,148,0,9,133,27,169,100,0,100,269
11/08/2020,MTN,MD,AEA,EN,Federal Contract Tower,0,4,17,0,21,0,0,131,0,131,0,4,148,0,152,100,0,100,252
11/09/2020,MTN,MD,AEA,EN,Federal Contract Tower,0,5,15,0,20,0,0,129,4,133,0,5,144,4,153,156,2,158,311
11/10/2020,MTN,MD,AEA,EN,Federal Contract Tower,0,7,16,9,32,0,0,104,4,108,0,7,120,13,140,186,2,188,328
11/11/2020,MTN,MD,AEA,EN,Federal Contract Tower,0,3,11,0,14,0,0,0,0,0,0,3,11,0,14,0,0,0,14
11/12/2020,MTN,MD,AEA,EN,Federal Contract Tower,0,11,29,4,44,0,0,16,6,22,0,11,45,10,66,10,0,10,76
11/13/2020,MTN,MD,AEA,EN,Federal Contract Tower,0,5,40,7,52,0,0,85,2,87,0,5,125,9,139,108,0,108,247
11/14/2020,MTN,MD,AEA,EN,Federal Contract Tower,0,6,14,0,20,0,0,160,0,160,0,6,174,0,180,214,0,214,394
11/15/2020,MTN,MD,AEA,EN,Federal Contract Tower,0,8,7,0,15,0,0,0,0,0,0,8,7,0,15,6,0,6,21
11/16/2020,MTN,MD,AEA,EN,Federal Contract Tower,0,5,16,0,21,0,0,74,0,74,0,5,90,0,95,80,0,80,175
11/18/2020,MTN,MD,AEA,EN,Federal Contract Tower,0,9,23,4,36,0,2,79,4,85,0,11,102,8,121,146,0,146,267
11/19/2020,MTN,MD,AEA,EN,Federal Contract Tower,0,3,26,1,30,0,0,106,6,112,0,3,132,7,142,140,2,142,284
11/20/2020,MTN,MD,AEA,EN,Federal Contract Tower,0,5,26,1,32,0,0,131,1,132,0,5,157,2,164,170,2,172,336
11/21/2020,MTN,MD,AEA,EN,Federal Contract Tower,0,11,26,0,37,0,2,128,0,130,0,13,154,0,167,218,0,218,385
11/22/2020,MTN,MD,AEA,EN,Federal Contract Tower,0,4,26,1,31,0,0,55,0,55,0,4,81,1,86,116,0,116,202
11/23/2020,MTN,MD,AEA,EN,Federal Contract Tower,0,7,18,4,29,0,0,38,8,46,0,7,56,12,75,16,0,16,91
11/24/2020,MTN,MD,AEA,EN,Federal Contract Tower,0,7,29,5,41,0,1,137,8,146,0,8,166,13,187,180,0,180,367
11/25/2020,MTN,MD,AEA,EN,Federal Contract Tower,0,6,24,0,30,0,0,85,0,85,0,6,109,0,115,90,0,90,205
11/26/2020,MTN,MD,AEA,EN,Federal Contract Tower,0,1,7,0,8,0,0,22,0,22,0,1,29,0,30,10,0,10,40
11/27/2020,MTN,MD,AEA,EN,Federal Contract Tower,0,0,22,0,22,0,2,133,0,135,0,2,155,0,157,164,0,164,321
11/28/2020,MTN,MD,AEA,EN,Federal Contract Tower,0,0,16,0,16,0,0,87,0,87,0,0,103,0,103,38,0,38,141
11/29/2020,MTN,MD,AEA,EN,Federal Contract Tower,0,4,27,0,31,0,0,136,0,136,0,4,163,0,167,130,0,130,297
11/30/2020,MTN,MD,AEA,EN,Federal Contract Tower,0,6,14,1,21,0,0,15,0,15,0,6,29,1,36,4,0,4,40
12/01/2020,MTN,MD,AEA,EN,Federal Contract Tower,0,8,20,4,32,0,0,48,5,53,0,8,68,9,85,16,4,20,105
12/02/2020,MTN,MD,AEA,EN,Federal Contract Tower,0,5,8,9,22,0,0,63,8,71,0,5,71,17,93,76,2,78,171
12/03/2020,MTN,MD,AEA,EN,Federal Contract Tower,0,2,25,5,32,0,0,140,10,150,0,2,165,15,182,246,0,246,428
12/04/2020,MTN,MD,AEA,EN,Federal Contract Tower,0,4,10,8,22,0,0,59,13,72,0,4,69,21,94,142,8,150,244
12/05/2020,MTN,MD,AEA,EN,Federal Contract Tower,0,0,9,6,15,0,0,14,12,26,0,0,23,18,41,6,0,6,47
12/06/2020,MTN,MD,AEA,EN,Federal Contract Tower,0,4,11,3,18,0,0,86,3,89,0,4,97,6,107,100,0,100,207
12/07/2020,MTN,MD,AEA,EN,Federal Contract Tower,0,6,12,0,18,0,0,133,0,133,0,6,145,0,151,204,0,204,355
12/08/2020,MTN,MD,AEA,EN,Federal Contract Tower,0,3,15,4,22,0,0,72,4,76,0,3,87,8,98,66,0,66,164
12/09/2020,MTN,MD,AEA,EN,Federal Contract Tower,0,6,26,4,36,0,1,116,13,130,0,7,142,17,166,320,6,326,492
12/10/2020,MTN,MD,AEA,EN,Federal Contract Tower,0,5,23,5,33,0,0,118,9,127,0,5,141,14,160,270,2,272,432
12/11/2020,MTN,MD,AEA,EN,Federal Contract Tower,0,3,34,1,38,0,0,157,0,157,0,3,191,1,195,210,0,210,405
12/12/2020,MTN,MD,AEA,EN,Federal Contract Tower,0,3,13,0,16,0,1,74,0,75,0,4,87,0,91,56,0,56,147
12/13/2020,MTN,MD,AEA,EN,Federal Contract Tower,0,0,16,0,16,0,2,122,0,124,0,2,138,0,140,190,2,192,332
12/14/2020,MTN,MD,AEA,EN,Federal Contract Tower,0,3,15,0,18,0,0,15,1,16,0,3,30,1,34,0,0,0,34
12/15/2020,MTN,MD,AEA,EN,Federal Contract Tower,0,4,15,4,23,0,2,142,15,159,0,6,157,19,182,260,0,260,442
12/16/2020,MTN,MD,AEA,EN,Federal Contract Tower,0,0,11,3,14,0,0,15,7,22,0,0,26,10,36,30,6,36,72
12/17/2020,MTN,MD,AEA,EN,Federal Contract Tower,0,0,10,0,10,0,0,49,0,49,0,0,59,0,59,38,0,38,97
12/18/2020,MTN,MD,AEA,EN,Federal Contract Tower,0,9,28,5,42,0,1,98,8,107,0,10,126,13,149,90,6,96,245
12/19/2020,MTN,MD,AEA,EN,Federal Contract Tower,0,7,21,0,28,0,0,113,0,113,0,7,134,0,141,146,0,146,287
12/20/2020,MTN,MD,AEA,EN,Federal Contract Tower,0,2,15,0,17,0,0,16,0,16,0,2,31,0,33,18,0,18,51
12/21/2020,MTN,MD,AEA,EN,Federal Contract Tower,0,7,13,0,20,0,0,29,2,31,0,7,42,2,51,66,0,66,117
12/22/2020,MTN,MD,AEA,EN,Federal Contract Tower,0,6,23,3,32,0,0,59,8,67,0,6,82,11,99,40,0,40,139
12/23/2020,MTN,MD,AEA,EN,Federal Contract Tower,0,5,18,3,26,0,1,204,6,211,0,6,222,9,237,192,0,192,429
12/24/2020,MTN,MD,AEA,EN,Federal Contract Tower,0,9,8,0,17,0,0,9,0,9,0,9,17,0,26,0,0,0,26
12/25/2020,MTN,MD,AEA,EN,Federal Contract Tower,0,5,5,0,10,0,0,8,0,8,0,5,13,0,18,0,0,0,18
12/26/2020,MTN,MD,AEA,EN,Federal Contract Tower,0,8,22,0,30,0,0,55,0,55,0,8,77,0,85,32,0,32,117
12/27/2020,MTN,MD,AEA,EN,Federal Contract Tower,0,8,31,0,39,0,2,106,0,108,0,10,137,0,147,130,0,130,277
12/28/2020,MTN,MD,AEA,EN,Federal Contract Tower,0,7,22,0,29,0,1,109,0,110,0,8,131,0,139,94,0,94,233
12/29/2020,MTN,MD,AEA,EN,Federal Contract Tower,0,9,22,3,34,0,1,83,6,90,0,10,105,9,124,62,2,64,188
12/30/2020,MTN,MD,AEA,EN,Federal Contract Tower,0,9,26,3,38,0,0,109,2,111,0,9,135,5,149,152,0,152,301
12/31/2020,MTN,MD,AEA,EN,Federal Contract Tower,0,2,16,2,20,0,0,22,0,22,0,2,38,2,42,4,0,4,46
01/01/2021,MTN,MD,AEA,EN,Federal Contract Tower,0,5,2,0,7,0,0,7,0,7,0,5,9,0,14,28,0,28,42
01/02/2021,MTN,MD,AEA,EN,Federal Contract Tower,0,5,31,0,36,0,1,67,0,68,0,6,98,0,104,38,0,38,142
01/03/2021,MTN,MD,AEA,EN,Federal Contract Tower,0,2,27,0,29,0,0,2,0,2,0,2,29,0,31,0,0,0,31
01/04/2021,MTN,MD,AEA,EN,Federal Contract Tower,0,7,30,0,37,0,0,76,0,76,0,7,106,0,113,160,8,168,281
01/05/2021,MTN,MD,AEA,EN,Federal Contract Tower,0,9,23,1,33,0,0,46,1,47,0,9,69,2,80,136,0,136,216
01/06/2021,MTN,MD,AEA,EN,Federal Contract Tower,0,1,18,5,24,0,0,73,7,80,0,1,91,12,104,114,0,114,218
01/07/2021,MTN,MD,AEA,EN,Federal Contract Tower,0,2,25,4,31,0,0,105,5,110,0,2,130,9,141,100,4,104,245
01/08/2021,MTN,MD,AEA,EN,Federal Contract Tower,0,5,25,3,33,0,0,115,2,117,0,5,140,5,150,102,2,104,254
01/09/2021,MTN,MD,AEA,EN,Federal Contract Tower,3,13,6,0,22,1,86,10,0,97,4,99,16,0,119,70,4,74,193
01/10/2021,MTN,MD,AEA,EN,Federal Contract Tower,0,2,27,3,32,0,0,115,5,120,0,2,142,8,152,170,0,170,322
01/11/2021,MTN,MD,AEA,EN,Federal Contract Tower,0,5,22,0,27,0,1,100,0,101,0,6,122,0,128,174,0,174,302
01/12/2021,MTN,MD,AEA,EN,Federal Contract Tower,0,9,20,0,29,0,1,114,0,115,0,10,134,0,144,46,0,46,190
01/13/2021,MTN,MD,AEA,EN,Federal Contract Tower,0,3,21,6,30,0,2,112,4,118,0,5,133,10,148,154,0,154,302
01/14/2021,MTN,MD,AEA,EN,Federal Contract Tower,0,2,21,2,25,0,0,125,1,126,0,2,146,3,151,102,8,110,261
01/15/2021,MTN,MD,AEA,EN,Federal Contract Tower,0,12,24,0,36,0,1,56,0,57,0,13,80,0,93,86,0,86,179
01/16/2021,MTN,MD,AEA,EN,Federal Contract Tower,0,2,17,0,19,0,2,108,0,110,0,4,125,0,129,168,0,168,297
01/17/2021,MTN,MD,AEA,EN,Federal Contract Tower,0,5,10,0,15,0,0,74,0,74,0,5,84,0,89,70,0,70,159
01/18/2021,MTN,MD,AEA,EN,Federal Contract Tower,0,23,19,0,42,0,0,64,0,64,0,23,83,0,106,46,0,46,152
01/19/2021,MTN,MD,AEA,EN,Federal Contract Tower,0,6,16,4,26,0,0,102,4,106,0,6,118,8,132,122,0,122,254
01/20/2021,MTN,MD,AEA,EN,Federal Contract Tower,0,2,12,3,17,0,1,34,3,38,0,3,46,6,55,6,2,8,63
01/21/2021,MTN,MD,AEA,EN,Federal Contract Tower,0,6,21,6,33,0,0,100,0,100,0,6,121,6,133,150,2,152,285
01/22/2021,MTN,MD,AEA,EN,Federal Contract Tower,0,5,21,5,31,0,1,102,0,103,0,6,123,5,134,78,2,80,214
01/23/2021,MTN,MD,AEA,EN,Federal Contract Tower,0,6,10,3,19,0,1,34,0,35,0,7,44,3,54,8,0,8,62
01/24/2021,MTN,MD,AEA,EN,Federal Contract Tower,0,3,16,0,19,0,1,165,0,166,0,4,181,0,185,156,0,156,341
01/25/2021,MTN,MD,AEA,EN,Federal Contract Tower,0,2,13,0,15,0,0,53,0,53,0,2,66,0,68,156,0,156,224
01/26/2021,MTN,MD,AEA,EN,Federal Contract Tower,0,2,6,0,8,0,0,0,0,0,0,2,6,0,8,0,0,0,8
01/27/2021,MTN,MD,AEA,EN,Federal Contract Tower,0,7,15,2,24,0,1,108,6,115,0,8,123,8,139,168,4,172,311
01/28/2021,MTN,MD,AEA,EN,Federal Contract Tower,0,0,14,2,16,0,0,23,2,25,0,0,37,4,41,16,0,16,57
01/29/2021,MTN,MD,AEA,EN,Federal Contract Tower,0,4,18,6,28,0,0,6,1,7,0,4,24,7,35,0,0,0,35
01/30/2021,MTN,MD,AEA,EN,Federal Contract Tower,0,7,17,0,24,0,0,179,0,179,0,7,196,0,203,238,0,238,441
01/31/2021,MTN,MD,AEA,EN,Federal Contract Tower,0,0,2,0,2,0,0,0,0,0,0,0,2,0,2,0,0,0,2
02/01/2021,MTN,MD,AEA,EN,Federal Contract Tower,0,0,1,0,1,0,0,0,0,0,0,0,1,0,1,0,0,0,1
02/02/2021,MTN,MD,AEA,EN,Federal Contract Tower,0,4,9,0,13,0,0,8,0,8,0,4,17,0,21,0,0,0,21
02/03/2021,MTN,MD,AEA,EN,Federal Contract Tower,0,14,18,8,40,0,3,24,5,32,0,17,42,13,72,22,0,22,94
02/04/2021,MTN,MD,AEA,EN,Federal Contract Tower,0,10,29,6,45,0,0,139,9,148,0,10,168,15,193,206,2,208,401
02/05/2021,MTN,MD,AEA,EN,Federal Contract Tower,0,3,13,6,22,0,0,98,7,105,0,3,111,13,127,168,6,174,301
02/06/2021,MTN,MD,AEA,EN,Federal Contract Tower,0,1,15,0,16,0,0,89,2,91,0,1,104,2,107,117,2,119,226
02/07/2021,MTN,MD,AEA,EN,Federal Contract Tower,0,2,3,0,5,0,0,7,0,7,0,2,10,0,12,0,0,0,12
02/08/2021,MTN,MD,AEA,EN,Federal Contract Tower,0,12,13,0,25,0,0,109,0,109,0,12,122,0,134,196,0,196,330
02/09/2021,MTN,MD,AEA,EN,Federal Contract Tower,0,7,25,2,34,0,0,91,2,93,0,7,116,4,127,144,0,144,271
02/10/2021,MTN,MD,AEA,EN,Federal Contract Tower,0,3,19,5,27,0,0,86,10,96,0,3,105,15,123,204,4,208,331
02/11/2021,MTN,MD,AEA,EN,Federal Contract Tower,0,7,8,0,15,0,0,15,0,15,0,7,23,0,30,34,0,34,64
02/12/2021,MTN,MD,AEA,EN,Federal Contract Tower,0,5,13,0,18,0,0,66,0,66,0,5,79,0,84,104,0,104,188
02/13/2021,MTN,MD,AEA,EN,Federal Contract Tower,0,1,1,0,2,0,0,1,0,1,0,1,2,0,3,20,0,20,23
02/14/2021,MTN,MD,AEA,EN,Federal Contract Tower,0,3,6,0,9,0,0,12,0,12,0,3,18,0,21,16,0,16,37
02/15/2021,MTN,MD,AEA,EN,Federal Contract Tower,0,1,12,0,13,0,0,15,0,15,0,1,27,0,28,14,0,14,42
02/16/2021,MTN,MD,AEA,EN,Federal Contract Tower,0,5,15,4,24,0,0,46,3,49,0,5,61,7,73,38,0,38,111
02/17/2021,MTN,MD,AEA,EN,Federal Contract Tower,0,4,37,6,47,0,0,112,7,119,0,4,149,13,166,144,0,144,310
02/18/2021,MTN,MD,AEA,EN,Federal Contract Tower,0,0,0,0,0,0,0,2,0,2,0,0,2,0,2,0,0,0,2
02/19/2021,MTN,MD,AEA,EN,Federal Contract Tower,0,3,16,0,19,0,0,7,0,7,0,3,23,0,26,0,0,0,26
02/20/2021,MTN,MD,AEA,EN,Federal Contract Tower,0,1,13,0,14,0,0,69,0,69,0,1,82,0,83,34,0,34,117
02/21/2021,MTN,MD,AEA,EN,Federal Contract Tower,0,7,24,0,31,0,0,151,2,153,0,7,175,2,184,258,0,258,442
02/22/2021,MTN,MD,AEA,EN,Federal Contract Tower,0,3,17,0,20,0,0,0,0,0,0,3,17,0,20,0,0,0,20
02/23/2021,MTN,MD,AEA,EN,Federal Contract Tower,0,6,22,5,33,0,1,59,7,67,0,7,81,12,100,86,2,88,188
02/24/2021,MTN,MD,AEA,EN,Federal Contract Tower,0,6,26,6,38,0,0,127,5,132,0,6,153,11,170,144,0,144,314
02/25/2021,MTN,MD,AEA,EN,Federal Contract Tower,0,5,17,3,25,0,0,142,5,147,0,5,159,8,172,124,0,124,296
02/26/2021,MTN,MD,AEA,EN,Federal Contract Tower,0,7,29,1,37,0,0,195,3,198,0,7,224,4,235,246,4,250,485
02/27/2021,MTN,MD,AEA,EN,Federal Contract Tower,0,4,11,0,15,0,0,18,0,18,0,4,29,0,33,10,0,10,43
02/28/2021,MTN,MD,AEA,EN,Federal Contract Tower,0,6,14,0,20,0,0,0,0,0,0,6,14,0,20,0,0,0,20
03/01/2021,MTN,MD,AEA,EN,Federal Contract Tower,0,5,7,0,12,0,0,19,0,19,0,5,26,0,31,12,0,12,43
03/02/2021,MTN,MD,AEA,EN,Federal Contract Tower,0,7,24,7,38,0,0,110,7,117,0,7,134,14,155,154,6,160,315
03/03/2021,MTN,MD,AEA,EN,Federal Contract Tower,0,5,22,6,33,0,0,143,15,158,0,5,165,21,191,158,6,164,355
03/04/2021,MTN,MD,AEA,EN,Federal Contract Tower,0,3,21,0,24,0,0,54,0,54,0,3,75,0,78,2,0,2,80
03/05/2021,MTN,MD,AEA,EN,Federal Contract Tower,0,7,21,4,32,0,0,34,0,34,0,7,55,4,66,24,0,24,90
03/06/2021,MTN,MD,AEA,EN,Federal Contract Tower,0,1,13,0,14,0,0,101,2,103,0,1,114,2,117,100,0,100,217
03/07/2021,MTN,MD,AEA,EN,Federal Contract Tower,0,7,27,2,36,0,0,154,0,154,0,7,181,2,190,222,0,222,412
03/08/2021,MTN,MD,AEA,EN,Federal Contract Tower,0,0,18,0,18,0,0,132,0,132,0,0,150,0,150,350,0,350,500
03/09/2021,MTN,MD,AEA,EN,Federal Contract Tower,0,3,25,0,28,0,0,123,0,123,0,3,148,0,151,154,0,154,305
03/10/2021,MTN,MD,AEA,EN,Federal Contract Tower,0,2,51,0,53,0,1,160,2,163,0,3,211,2,216,222,0,222,438
03/11/2021,MTN,MD,AEA,EN,Federal Contract Tower,0,1,27,0,28,0,0,131,0,131,0,1,158,0,159,220,0,220,379
03/12/2021,MTN,MD,AEA,EN,Federal Contract Tower,0,5,34,0,39,0,0,87,0,87,0,5,121,0,126,84,0,84,210
03/13/2021,MTN,MD,AEA,EN,Federal Contract Tower,0,0,25,0,25,0,0,166,0,166,0,0,191,0,191,98,0,98,289
03/14/2021,MTN,MD,AEA,EN,Federal Contract Tower,0,2,23,0,25,0,1,36,1,38,0,3,59,1,63,84,0,84,147
03/15/2021,MTN,MD,AEA,EN,Federal Contract Tower,0,12,21,0,33,0,0,103,0,103,0,12,124,0,136,168,0,168,304
03/16/2021,MTN,MD,AEA,EN,Federal Contract Tower,0,6,23,0,29,0,0,74,1,75,0,6,97,1,104,106,2,108,212
03/17/2021,MTN,MD,AEA,EN,Federal Contract Tower,0,4,47,0,51,0,0,74,0,74,0,4,121,0,125,108,0,108,233
03/18/2021,MTN,MD,AEA,EN,Federal Contract Tower,0,6,8,0,14,0,0,0,0,0,0,6,8,0,14,0,0,0,14
03/19/2021,MTN,MD,AEA,EN,Federal Contract Tower,0,2,17,5,24,0,0,39,12,51,0,2,56,17,75,10,0,10,85
03/20/2021,MTN,MD,AEA,EN,Federal Contract Tower,0,7,34,1,42,0,2,175,0,177,0,9,209,1,219,174,0,174,393
03/21/2021,MTN,MD,AEA,EN,Federal Contract Tower,0,7,54,0,61,0,1,141,0,142,0,8,195,0,203,214,0,214,417
03/22/2021,MTN,MD,AEA,EN,Federal Contract Tower,0,9,39,0,48,0,0,145,0,145,0,9,184,0,193,196,0,196,389
03/23/2021,MTN,MD,AEA,EN,Federal Contract Tower,0,2,29,0,31,0,0,122,0,122,0,2,151,0,153,180,0,180,333
03/24/2021,MTN,MD,AEA,EN,Federal Contract Tower,0,3,22,0,25,0,0,0,0,0,0,3,22,0,25,0,0,0,25
03/25/2021,MTN,MD,AEA,EN,Federal Contract Tower,0,4,24,10,38,0,0,5,5,10,0,4,29,15,48,10,0,10,58
03/26/2021,MTN,MD,AEA,EN,Federal Contract Tower,0,4,26,2,32,0,0,6,4,10,0,4,32,6,42,10,4,14,56
03/27/2021,MTN,MD,AEA,EN,Federal Contract Tower,0,5,19,0,24,0,2,200,0,202,0,7,219,0,226,274,0,274,500
03/28/2021,MTN,MD,AEA,EN,Federal Contract Tower,0,1,13,0,14,0,0,2,0,2,0,1,15,0,16,6,0,6,22
03/29/2021,MTN,MD,AEA,EN,Federal Contract Tower,0,2,26,0,28,0,0,72,0,72,0,2,98,0,100,68,0,68,168
03/30/2021,MTN,MD,AEA,EN,Federal Contract Tower,0,3,23,4,30,0,1,158,4,163,0,4,181,8,193,244,2,246,439
03/31/2021,MTN,MD,AEA,EN,Federal Contract Tower,0,2,38,3,43,0,0,27,3,30,0,2,65,6,73,42,1,43,116
04/01/2021,MTN,MD,AEA,EN,Federal Contract Tower,0,6,24,9,39,0,0,21,12,33,0,6,45,21,72,12,12,24,96
04/02/2021,MTN,MD,AEA,EN,Federal Contract Tower,0,5,20,5,30,0,0,59,15,74,0,5,79,20,104,18,18,36,140
04/03/2021,MTN,MD,AEA,EN,Federal Contract Tower,0,3,15,0,18,0,0,135,0,135,0,3,150,0,153,174,0,174,327
04/04/2021,MTN,MD,AEA,EN,Federal Contract Tower,0,5,15,0,20,0,0,96,0,96,0,5,111,0,116,118,0,118,234
04/05/2021,MTN,MD,AEA,EN,Federal Contract Tower,0,5,45,0,50,0,0,130,0,130,0,5,175,0,180,220,0,220,400
04/06/2021,MTN,MD,AEA,EN,Federal Contract Tower,0,5,36,3,44,0,0,151,3,154,0,5,187,6,198,226,10,236,434
04/07/2021,MTN,MD,AEA,EN,Federal Contract Tower,0,0,38,4,42,0,3,168,4,175,0,3,206,8,217,316,0,316,533
04/08/2021,MTN,MD,AEA,EN,Federal Contract Tower,0,2,29,4,35,0,0,156,3,159,0,2,185,7,194,164,0,164,358
04/09/2021,MTN,MD,AEA,EN,Federal Contract Tower,0,11,31,1,43,0,0,15,0,15,0,11,46,1,58,0,0,0,58
04/10/2021,MTN,MD,AEA,EN,Federal Contract Tower,0,5,23,14,42,0,0,47,0,47,0,5,70,14,89,60,0,60,149
04/11/2021,MTN,MD,AEA,EN,Federal Contract Tower,0,4,23,0,27,0,0,48,0,48,0,4,71,0,75,56,0,56,131
04/12/2021,MTN,MD,AEA,EN,Federal Contract Tower,0,4,59,0,63,0,0,27,0,27,0,4,86,0,90,130,0,130,220
04/13/2021,MTN,MD,AEA,EN,Federal Contract Tower,0,9,45,11,65,0,0,128,5,133,0,9,173,16,198,304,0,304,502
04/14/2021,MTN,MD,AEA,EN,Federal Contract Tower,0,5,26,4,35,0,0,63,0,63,0,5,89,4,98,94,0,94,192
04/15/2021,MTN,MD,AEA,EN,Federal Contract Tower,0,3,28,5,36,0,0,79,4,83,0,3,107,9,119,110,2,112,231
04/16/2021,MTN,MD,AEA,EN,Federal Contract Tower,0,3,31,0,34,0,1,93,0,94,0,4,124,0,128,208,0,208,336
04/17/2021,MTN,MD,AEA,EN,Federal Contract Tower,0,3,20,2,25,0,0,128,1,129,0,3,148,3,154,238,0,238,392
04/18/2021,MTN,MD,AEA,EN,Federal Contract Tower,0,2,31,2,35,0,0,156,0,156,0,2,187,2,191,140,0,140,331
04/19/2021,MTN,MD,AEA,EN,Federal Contract Tower,0,3,26,0,29,0,0,129,0,129,0,3,155,0,158,222,0,222,380
04/20/2021,MTN,MD,AEA,EN,Federal Contract Tower,0,7,20,4,31,0,1,154,5,160,0,8,174,9,191,124,0,124,315
04/21/2021,MTN,MD,AEA,EN,Federal Contract Tower,0,14,11,5,30,0,0,43,5,48,0,14,54,10,78,56,10,66,144
04/22/2021,MTN,MD,AEA,EN,Federal Contract Tower,0,6,10,4,20,0,1,40,4,45,0,7,50,8,65,16,2,18,83
04/23/2021,MTN,MD,AEA,EN,Federal Contract Tower,0,17,23,3,43,0,0,91,6,97,0,17,114,9,140,134,30,164,304
04/24/2021,MTN,MD,AEA,EN,Federal Contract Tower,0,5,26,0,31,0,0,151,0,151,0,5,177,0,182,226,0,226,408
04/25/2021,MTN,MD,AEA,EN,Federal Contract Tower,0,12,21,0,33,0,0,34,0,34,0,12,55,0,67,70,0,70,137
04/26/2021,MTN,MD,AEA,EN,Federal Contract Tower,0,9,24,0,33,0,0,133,0,133,0,9,157,0,166,86,0,86,252
04/27/2021,MTN,MD,AEA,EN,Federal Contract Tower,0,8,22,4,34,0,1,173,9,183,0,9,195,13,217,272,4,276,493
04/28/2021,MTN,MD,AEA,EN,Federal Contract Tower,0,6,8,4,18,0,0,137,4,141,0,6,145,8,159,240,0,240,399
04/29/2021,MTN,MD,AEA,EN,Federal Contract Tower,0,8,25,6,39,0,0,76,5,81,0,8,101,11,120,62,0,62,182
04/30/2021,MTN,MD,AEA,EN,Federal Contract Tower,0,5,16,10,31,0,0,4,6,10,0,5,20,16,41,0,6,6,47
05/01/2021,MTN,MD,AEA,EN,Federal Contract Tower,0,14,23,12,49,0,2,92,10,104,0,16,115,22,153,74,6,80,233
05/02/2021,MTN,MD,AEA,EN,Federal Contract Tower,0,8,16,1,25,0,0,104,2,106,0,8,120,3,131,124,0,124,255
05/03/2021,MTN,MD,AEA,EN,Federal Contract Tower,0,8,21,0,29,0,0,74,0,74,0,8,95,0,103,136,0,136,239
05/04/2021,MTN,MD,AEA,EN,Federal Contract Tower,0,12,28,5,45,0,0,100,5,105,0,12,128,10,150,98,0,98,248
05/05/2021,MTN,MD,AEA,EN,Federal Contract Tower,0,5,33,6,44,0,0,36,14,50,0,5,69,20,94,18,0,18,112
05/06/2021,MTN,MD,AEA,EN,Federal Contract Tower,0,10,30,4,44,0,0,165,6,171,0,10,195,10,215,156,4,160,375
05/07/2021,MTN,MD,AEA,EN,Federal Contract Tower,0,9,29,4,42,0,0,113,0,113,0,9,142,4,155,122,0,122,277
05/08/2021,MTN,MD,AEA,EN,Federal Contract Tower,0,2,19,0,21,0,0,55,0,55,0,2,74,0,76,52,0,52,128
05/09/2021,MTN,MD,AEA,EN,Federal Contract Tower,0,9,20,0,29,0,2,46,0,48,0,11,66,0,77,42,0,42,119
05/10/2021,MTN,MD,AEA,EN,Federal Contract Tower,0,7,26,0,33,0,0,67,0,67,0,7,93,0,100,70,0,70,170
05/11/2021,MTN,MD,AEA,EN,Federal Contract Tower,0,13,25,3,41,0,0,113,3,116,0,13,138,6,157,138,2,140,297
05/12/2021,MTN,MD,AEA,EN,Federal Contract Tower,0,3,34,6,43,0,0,127,6,133,0,3,161,12,176,168,2,170,346
05/13/2021,MTN,MD,AEA,EN,Federal Contract Tower,0,9,36,4,49,0,1,157,2,160,0,10,193,6,209,128,2,130,339
05/14/2021,MTN,MD,AEA,EN,Federal Contract Tower,0,9,26,4,39,0,1,175,3,179,0,10,201,7,218,168,0,168,386
05/15/2021,MTN,MD,AEA,EN,Federal Contract Tower,0,15,40,0,55,0,0,185,0,185,0,15,225,0,240,174,0,174,414
05/16/2021,MTN,MD,AEA,EN,Federal Contract Tower,0,2,41,0,43,0,0,69,0,69,0,2,110,0,112,82,0,82,194
05/17/2021,MTN,MD,AEA,EN,Federal Contract Tower,0,16,30,0,46,0,0,94,0,94,0,16,124,0,140,82,0,82,222
05/18/2021,MTN,MD,AEA,EN,Federal Contract Tower,0,16,23,7,46,0,0,122,6,128,0,16,145,13,174,178,0,178,352
05/19/2021,MTN,MD,AEA,EN,Federal Contract Tower,0,16,28,5,49,0,0,133,4,137,0,16,161,9,186,146,0,146,332
05/20/2021,MTN,MD,AEA,EN,Federal Contract Tower,0,21,28,7,56,0,0,116,3,119,0,21,144,10,175,160,2,162,337
05/21/2021,MTN,MD,AEA,EN,Federal Contract Tower,0,11,25,10,46,0,0,166,0,166,0,11,191,10,212,194,0,194,406
05/22/2021,MTN,MD,AEA,EN,Federal Contract Tower,0,13,20,0,33,0,0,141,3,144,0,13,161,3,177,64,0,64,241
05/23/2021,MTN,MD,AEA,EN,Federal Contract Tower,0,0,36,0,36,0,0,108,0,108,0,0,144,0,144,48,0,48,192
05/24/2021,MTN,MD,AEA,EN,Federal Contract Tower,0,9,44,0,53,0,0,54,0,54,0,9,98,0,107,44,0,44,151
05/25/2021,MTN,MD,AEA,EN,Federal Contract Tower,0,12,31,7,50,0,0,94,8,102,0,12,125,15,152,178,0,178,330
05/26/2021,MTN,MD,AEA,EN,Federal Contract Tower,0,6,37,3,46,0,0,66,3,69,0,6,103,6,115,80,0,80,195
05/27/2021,MTN,MD,AEA,EN,Federal Contract Tower,0,10,50,9,69,0,0,180,1,181,0,10,230,10,250,258,0,258,508
05/28/2021,MTN,MD,AEA,EN,Federal Contract Tower,0,11,28,0,39,0,0,58,0,58,0,11,86,0,97,60,0,60,157
05/29/2021,MTN,MD,AEA,EN,Federal Contract Tower,0,4,17,0,21,0,0,2,0,2,0,4,19,0,23,0,0,0,23
05/30/2021,MTN,MD,AEA,EN,Federal Contract Tower,0,9,26,0,35,0,0,10,0,10,0,9,36,0,45,26,0,26,71
05/31/2021,MTN,MD,AEA,EN,Federal Contract Tower,0,2,42,0,44,0,0,144,0,144,0,2,186,0,188,108,0,108,296
06/01/2021,MTN,MD,AEA,EN,Federal Contract Tower,0,13,23,1,37,0,0,218,6,224,0,13,241,7,261,206,4,210,471
06/02/2021,MTN,MD,AEA,EN,Federal Contract Tower,0,12,34,8,54,0,2,204,9,215,0,14,238,17,269,228,4,232,501
06/03/2021,MTN,MD,AEA,EN,Federal Contract Tower,0,9,32,7,48,0,0,15,0,15,0,9,47,7,63,0,0,0,63
06/04/2021,MTN,MD,AEA,EN,Federal Contract Tower,0,5,26,5,36,0,0,77,4,81,0,5,103,9,117,76,12,88,205
06/05/2021,MTN,MD,AEA,EN,Federal Contract Tower,0,5,26,15,46,0,0,155,2,157,0,5,181,17,203,154,0,154,357
06/06/2021,MTN,MD,AEA,EN,Federal Contract Tower,0,4,16,0,20,0,1,125,0,126,0,5,141,0,146,100,0,100,246
06/07/2021,MTN,MD,AEA,EN,Federal Contract Tower,0,10,28,0,38,0,0,114,0,114,0,10,142,0,152,200,0,200,352
06/08/2021,MTN,MD,AEA,EN,Federal Contract Tower,0,5,26,0,31,0,1,60,0,61,0,6,86,0,92,102,0,102,194
06/09/2021,MTN,MD,AEA,EN,Federal Contract Tower,0,3,42,1,46,0,1,68,0,69,0,4,110,1,115,114,0,114,229
06/10/2021,MTN,MD,AEA,EN,Federal Contract Tower,0,6,28,2,36,0,0,49,1,50,0,6,77,3,86,64,2,66,152
06/11/2021,MTN,MD,AEA,EN,Federal Contract Tower,0,15,28,6,49,0,0,0,0,0,0,15,28,6,49,0,0,0,49
06/12/2021,MTN,MD,AEA,EN,Federal Contract Tower,0,10,20,3,33,0,1,114,0,115,0,11,134,3,148,122,0,122,270
06/13/2021,MTN,MD,AEA,EN,Federal Contract Tower,0,15,36,0,51,0,0,87,0,87,0,15,123,0,138,95,0,95,233
06/14/2021,MTN,MD,AEA,EN,Federal Contract Tower,0,4,41,0,45,0,0,117,0,117,0,4,158,0,162,178,0,178,340
06/15/2021,MTN,MD,AEA,EN,Federal Contract Tower,0,6,21,8,35,0,2,121,4,127,0,8,142,12,162,172,0,172,334
06/16/2021,MTN,MD,AEA,EN,Federal Contract Tower,0,7,30,3,40,0,0,133,3,136,0,7,163,6,176,152,2,154,330
06/17/2021,MTN,MD,AEA,EN,Federal Contract Tower,0,6,32,6,44,0,2,178,0,180,0,8,210,6,224,194,0,194,418
06/18/2021,MTN,MD,AEA,EN,Federal Contract Tower,0,12,31,1,44,0,0,141,0,141,0,12,172,1,185,138,0,138,323
06/19/2021,MTN,MD,AEA,EN,Federal Contract Tower,0,10,16,1,27,0,0,96,0,96,0,10,112,1,123,80,0,80,203
06/20/2021,MTN,MD,AEA,EN,Federal Contract Tower,0,5,30,0,35,0,0,107,0,107,0,5,137,0,142,120,0,120,262
06/21/2021,MTN,MD,AEA,EN,Federal Contract Tower,0,5,47,0,52,0,0,61,0,61,0,5,108,0,113,62,0,62,175
06/22/2021,MTN,MD,AEA,EN,Federal Contract Tower,0,8,32,6,46,0,1,38,2,41,0,9,70,8,87,90,0,90,177
06/23/2021,MTN,MD,AEA,EN,Federal Contract Tower,0,8,46,9,63,0,0,213,13,226,0,8,259,22,289,282,0,282,571
06/24/2021,MTN,MD,AEA,EN,Federal Contract Tower,0,10,27,6,43,0,2,226,5,233,0,12,253,11,276,168,2,170,446
06/25/2021,MTN,MD,AEA,EN,Federal Contract Tower,0,13,33,6,52,0,0,188,8,196,0,13,221,14,248,102,8,110,358
06/26/2021,MTN,MD,AEA,EN,Federal Contract Tower,0,11,30,0,41,0,0,77,0,77,0,11,107,0,118,44,0,44,162
06/27/2021,MTN,MD,AEA,EN,Federal Contract Tower,0,8,37,0,45,0,0,90,0,90,0,8,127,0,135,78,0,78,213
06/28/2021,MTN,MD,AEA,EN,Federal Contract Tower,0,8,34,0,42,0,0,149,0,149,0,8,183,0,191,216,0,216,407
06/29/2021,MTN,MD,AEA,EN,Federal Contract Tower,0,4,37,11,52,0,2,148,5,155,0,6,185,16,207,178,10,188,395
06/30/2021,MTN,MD,AEA,EN,Federal Contract Tower,0,8,35,7,50,0,0,120,6,126,0,8,155,13,176,136,2,138,314
07/01/2021,MTN,MD,AEA,EN,Federal Contract Tower,0,13,12,3,28,0,0,53,3,56,0,13,65,6,84,38,4,42,126
07/02/2021,MTN,MD,AEA,EN,Federal Contract Tower,0,2,47,0,49,0,0,39,0,39,0,2,86,0,88,44,0,44,132
07/03/2021,MTN,MD,AEA,EN,Federal Contract Tower,0,4,22,0,26,0,0,82,8,90,0,4,104,8,116,82,8,90,206
07/04/2021,MTN,MD,AEA,EN,Federal Contract Tower,0,4,19,0,23,0,1,132,0,133,0,5,151,0,156,42,0,42,198
07/05/2021,MTN,MD,AEA,EN,Federal Contract Tower,0,7,31,0,38,0,2,151,0,153,0,9,182,0,191,72,0,72,263
07/06/2021,MTN,MD,AEA,EN,Federal Contract Tower,0,4,19,20,43,0,0,99,0,99,0,4,118,20,142,128,0,128,270
07/07/2021,MTN,MD,AEA,EN,Federal Contract Tower,0,7,28,6,41,0,0,86,4,90,0,7,114,10,131,44,0,44,175
07/08/2021,MTN,MD,AEA,EN,Federal Contract Tower,0,12,34,1,47,0,0,70,3,73,0,12,104,4,120,98,4,102,222
07/09/2021,MTN,MD,AEA,EN,Federal Contract Tower,0,4,21,4,29,0,0,97,0,97,0,4,118,4,126,212,8,220,346
07/10/2021,MTN,MD,AEA,EN,Federal Contract Tower,0,2,29,0,31,0,0,172,0,172,0,2,201,0,203,224,0,224,427
07/11/2021,MTN,MD,AEA,EN,Federal Contract Tower,0,6,29,0,35,0,1,67,0,68,0,7,96,0,103,64,0,64,167
07/12/2021,MTN,MD,AEA,EN,Federal Contract Tower,0,9,31,0,40,0,0,78,0,78,0,9,109,0,118,132,0,132,250
07/13/2021,MTN,MD,AEA,EN,Federal Contract Tower,0,9,43,6,58,0,1,118,2,121,0,10,161,8,179,122,0,122,301
07/14/2021,MTN,MD,AEA,EN,Federal Contract Tower,0,3,31,2,36,0,1,107,3,111,0,4,138,5,147,188,0,188,335
07/15/2021,MTN,MD,AEA,EN,Federal Contract Tower,0,14,36,2,52,0,0,142,0,142,0,14,178,2,194,188,0,188,382
07/16/2021,MTN,MD,AEA,EN,Federal Contract Tower,0,7,40,6,53,0,0,158,11,169,0,7,198,17,222,96,14,110,332
07/17/2021,MTN,MD,AEA,EN,Federal Contract Tower,0,2,19,0,21,0,1,75,0,76,0,3,94,0,97,126,0,126,223
07/18/2021,MTN,MD,AEA,EN,Federal Contract Tower,0,5,37,0,42,0,1,92,0,93,0,6,129,0,135,18,0,18,153
07/19/2021,MTN,MD,AEA,EN,Federal Contract Tower,0,17,22,2,41,0,1,129,0,130,0,18,151,2,171,192,2,194,365
07/20/2021,MTN,MD,AEA,EN,Federal Contract Tower,0,6,25,8,39,0,0,115,6,121,0,6,140,14,160,158,0,158,318
07/21/2021,MTN,MD,AEA,EN,Federal Contract Tower,0,0,41,0,41,0,1,75,0,76,0,1,116,0,117,138,0,138,255
07/22/2021,MTN,MD,AEA,EN,Federal Contract Tower,0,7,39,3,49,0,1,125,5,131,0,8,164,8,180,194,2,196,376
07/23/2021,MTN,MD,AEA,EN,Federal Contract Tower,0,6,36,2,44,0,2,162,8,172,0,8,198,10,216,186,16,202,418
07/24/2021,MTN,MD,AEA,EN,Federal Contract Tower,0,5,24,1,30,0,1,135,0,136,0,6,159,1,166,172,0,172,338
07/25/2021,MTN,MD,AEA,EN,Federal Contract Tower,0,8,32,1,41,0,1,68,0,69,0,9,100,1,110,70,0,70,180
07/26/2021,MTN,MD,AEA,EN,Federal Contract Tower,0,10,29,0,39,0,0,107,0,107,0,10,136,0,146,126,0,126,272
07/27/2021,MTN,MD,AEA,EN,Federal Contract Tower,0,4,28,5,37,0,0,114,6,120,0,4,142,11,157,138,0,138,295
07/28/2021,MTN,MD,AEA,EN,Federal Contract Tower,0,6,34,3,43,0,0,116,1,117,0,6,150,4,160,124,8,132,292
07/29/2021,MTN,MD,AEA,EN,Federal Contract Tower,0,7,32,10,49,0,0,53,0,53,0,7,85,10,102,20,0,20,122
07/30/2021,MTN,MD,AEA,EN,Federal Contract Tower,0,4,33,8,45,0,0,104,6,110,0,4,137,14,155,120,12,132,287
07/31/2021,MTN,MD,AEA,EN,Federal Contract Tower,0,2,28,0,30,0,0,142,2,144,0,2,170,2,174,146,0,146,320
08/01/2021,MTN,MD,AEA,EN,Federal Contract Tower,0,10,42,0,52,0,0,11,0,11,0,10,53,0,63,2,0,2,65
08/02/2021,MTN,MD,AEA,EN,Federal Contract Tower,0,3,33,0,36,0,0,119,1,120,0,3,152,1,156,90,0,90,246
08/03/2021,MTN,MD,AEA,EN,Federal Contract Tower,0,4,29,8,41,0,0,145,2,147,0,4,174,10,188,152,0,152,340
08/04/2021,MTN,MD,AEA,EN,Federal Contract Tower,0,6,33,2,41,0,1,117,7,125,0,7,150,9,166,108,2,110,276
08/05/2021,MTN,MD,AEA,EN,Federal Contract Tower,0,5,46,4,55,0,0,137,3,140,0,5,183,7,195,184,0,184,379
08/06/2021,MTN,MD,AEA,EN,Federal Contract Tower,0,7,27,4,38,0,1,141,10,152,0,8,168,14,190,230,12,242,432
08/07/2021,MTN,MD,AEA,EN,Federal Contract Tower,0,10,26,0,36,0,0,75,0,75,0,10,101,0,111,72,0,72,183
08/08/2021,MTN,MD,AEA,EN,Federal Contract Tower,0,3,49,0,52,0,0,132,0,132,0,3,181,0,184,140,0,140,324
08/09/2021,MTN,MD,AEA,EN,Federal Contract Tower,0,14,32,0,46,0,0,80,0,80,0,14,112,0,126,70,0,70,196
08/10/2021,MTN,MD,AEA,EN,Federal Contract Tower,0,10,25,4,39,0,1,111,4,116,0,11,136,8,155,230,0,230,385
08/11/2021,MTN,MD,AEA,EN,Federal Contract Tower,0,5,26,3,34,0,2,120,10,132,0,7,146,13,166,112,4,116,282
08/12/2021,MTN,MD,AEA,EN,Federal Contract Tower,0,14,30,7,51,0,1,116,5,122,0,15,146,12,173,226,0,226,399
08/13/2021,MTN,MD,AEA,EN,Federal Contract Tower,0,13,25,2,40,0,0,88,2,90,0,13,113,4,130,188,12,200,330
08/14/2021,MTN,MD,AEA,EN,Federal Contract Tower,0,11,21,0,32,0,0,93,0,93,0,11,114,0,125,100,0,100,225
08/15/2021,MTN,MD,AEA,EN,Federal Contract Tower,0,9,21,0,30,0,1,129,0,130,0,10,150,0,160,124,0,124,284
08/16/2021,MTN,MD,AEA,EN,Federal Contract Tower,0,15,24,4,43,0,2,65,0,67,0,17,89,4,110,120,0,120,230
08/17/2021,MTN,MD,AEA,EN,Federal Contract Tower,0,16,15,9,40,0,0,26,3,29,0,16,41,12,69,20,0,20,89
08/18/2021,MTN,MD,AEA,EN,Federal Contract Tower,0,7,30,2,39,0,0,34,6,40,0,7,64,8,79,26,0,26,105
08/19/2021,MTN,MD,AEA,EN,Federal Contract Tower,0,7,42,5,54,0,0,125,4,129,0,7,167,9,183,164,0,164,347
08/20/2021,MTN,MD,AEA,EN,Federal Contract Tower,0,4,42,8,54,0,0,18,0,18,0,4,60,8,72,34,0,34,106
08/21/2021,MTN,MD,AEA,EN,Federal Contract Tower,0,10,30,0,40,0,0,107,0,107,0,10,137,0,147,142,0,142,289
08/22/2021,MTN,MD,AEA,EN,Federal Contract Tower,0,1,22,0,23,0,1,27,0,28,0,2,49,0,51,40,0,40,91
08/23/2021,MTN,MD,AEA,EN,Federal Contract Tower,0,19,32,0,51,0,4,107,0,111,0,23,139,0,162,112,2,114,276
08/24/2021,MTN,MD,AEA,EN,Federal Contract Tower,0,17,34,4,55,0,3,120,3,126,0,20,154,7,181,138,0,138,319
08/25/2021,MTN,MD,AEA,EN,Federal Contract Tower,0,13,34,2,49,0,1,141,2,144,0,14,175,4,193,162,0,162,355
08/26/2021,MTN,MD,AEA,EN,Federal Contract Tower,0,26,25,2,53,0,1,97,0,98,0,27,122,2,151,164,0,164,315
08/27/2021,MTN,MD,AEA,EN,Federal Contract Tower,0,13,32,1,46,0,0,86,0,86,0,13,118,1,132,178,8,186,318
08/28/2021,MTN,MD,AEA,EN,Federal Contract Tower,0,8,30,0,38,0,0,66,0,66,0,8,96,0,104,30,0,30,134
08/29/2021,MTN,MD,AEA,EN,Federal Contract Tower,0,26,58,0,84,0,0,58,0,58,0,26,116,0,142,84,0,84,226
08/30/2021,MTN,MD,AEA,EN,Federal Contract Tower,0,18,27,0,45,0,0,69,0,69,0,18,96,0,114,78,0,78,192
08/31/2021,MTN,MD,AEA,EN,Federal Contract Tower,0,4,29,5,38,0,0,120,5,125,0,4,149,10,163,182,0,182,345
09/01/2021,MTN,MD,AEA,EN,Federal Contract Tower,0,3,14,8,25,0,0,9,0,9,0,3,23,8,34,4,0,4,38
09/02/2021,MTN,MD,AEA,EN,Federal Contract Tower,0,8,50,2,60,0,0,67,2,69,0,8,117,4,129,8,8,16,145
09/03/2021,MTN,MD,AEA,EN,Federal Contract Tower,0,1,35,3,39,0,2,166,0,168,0,3,201,3,207,174,0,174,381
09/04/2021,MTN,MD,AEA,EN,Federal Contract Tower,0,2,22,0,24,0,4,186,0,190,0,6,208,0,214,160,0,160,374
09/05/2021,MTN,MD,AEA,EN,Federal Contract Tower,0,2,17,0,19,0,0,95,0,95,0,2,112,0,114,62,0,62,176
09/06/2021,MTN,MD,AEA,EN,Federal Contract Tower,0,8,30,0,38,0,0,108,0,108,0,8,138,0,146,74,20,94,240
09/07/2021,MTN,MD,AEA,EN,Federal Contract Tower,0,3,40,6,49,0,0,142,4,146,0,3,182,10,195,146,2,148,343
09/08/2021,MTN,MD,AEA,EN,Federal Contract Tower,0,7,41,2,50,0,1,78,0,79,0,8,119,2,129,42,4,46,175
09/09/2021,MTN,MD,AEA,EN,Federal Contract Tower,0,4,38,2,44,0,0,83,0,83,0,4,121,2,127,138,0,138,265
09/10/2021,MTN,MD,AEA,EN,Federal Contract Tower,0,9,17,1,27,0,0,131,0,131,0,9,148,1,158,156,0,156,314
09/11/2021,MTN,MD,AEA,EN,Federal Contract Tower,0,1,17,0,18,0,0,161,4,165,0,1,178,4,183,74,0,74,257
09/12/2021,MTN,MD,AEA,EN,Federal Contract Tower,0,5,32,0,37,0,0,149,0,149,0,5,181,0,186,144,0,144,330
09/13/2021,MTN,MD,AEA,EN,Federal Contract Tower,0,7,31,0,38,0,0,124,1,125,0,7,155,1,163,124,0,124,287
09/14/2021,MTN,MD,AEA,EN,Federal Contract Tower,0,7,27,4,38,0,1,114,0,115,0,8,141,4,153,208,0,208,361
09/15/2021,MTN,MD,AEA,EN,Federal Contract Tower,0,8,35,0,43,0,0,83,0,83,0,8,118,0,126,108,0,108,234
09/16/2021,MTN,MD,AEA,EN,Federal Contract Tower,0,4,34,3,41,0,0,61,3,64,0,4,95,6,105,90,0,90,195
09/17/2021,MTN,MD,AEA,EN,Federal Contract Tower,0,8,55,4,67,0,0,36,7,43,0,8,91,11,110,52,2,54,164
09/18/2021,MTN,MD,AEA,EN,Federal Contract Tower,0,3,40,0,43,0,0,85,1,86,0,3,125,1,129,150,0,150,279
09/19/2021,MTN,MD,AEA,EN,Federal Contract Tower,0,12,33,0,45,0,1,135,0,136,0,13,168,0,181,68,0,68,249
09/20/2021,MTN,MD,AEA,EN,Federal Contract Tower,0,12,24,0,36,0,1,102,0,103,0,13,126,0,139,206,0,206,345
09/21/2021,MTN,MD,AEA,EN,Federal Contract Tower,0,20,34,0,54,0,0,136,0,136,0,20,170,0,190,260,0,260,450
09/22/2021,MTN,MD,AEA,EN,Federal Contract Tower,0,9,32,0,41,0,0,21,0,21,0,9,53,0,62,16,0,16,78
09/23/2021,MTN,MD,AEA,EN,Federal Contract Tower,0,11,31,0,42,0,2,58,0,60,0,13,89,0,102,68,0,68,170
09/24/2021,MTN,MD,AEA,EN,Federal Contract Tower,0,9,38,1,48,0,0,179,0,179,0,9,217,1,227,334,0,334,561
09/25/2021,MTN,MD,AEA,EN,Federal Contract Tower,0,3,33,0,36,0,1,172,0,173,0,4,205,0,209,244,0,244,453
09/26/2021,MTN,MD,AEA,EN,Federal Contract Tower,0,12,27,0,39,0,0,108,0,108,0,12,135,0,147,82,0,82,229
09/27/2021,MTN,MD,AEA,EN,Federal Contract Tower,0,12,34,0,46,0,0,115,0,115,0,12,149,0,161,224,0,224,385
09/28/2021,MTN,MD,AEA,EN,Federal Contract Tower,0,9,39,1,49,0,0,100,1,101,0,9,139,2,150,236,0,236,386
09/29/2021,MTN,MD,AEA,EN,Federal Contract Tower,0,15,48,0,63,0,0,160,0,160,0,15,208,0,223,224,0,224,447
09/30/2021,MTN,MD,AEA,EN,Federal Contract Tower,0,12,48,0,60,0,1,139,0,140,0,13,187,0,200,236,0,236,436
10/01/2021,MTN,MD,AEA,EN,Federal Contract Tower,0,12,49,4,65,0,0,183,7,190,0,12,232,11,255,242,12,254,509
10/02/2021,MTN,MD,AEA,EN,Federal Contract Tower,0,18,32,8,58,0,1,159,13,173,0,19,191,21,231,200,10,210,441
10/03/2021,MTN,MD,AEA,EN,Federal Contract Tower,0,18,42,0,60,0,0,81,0,81,0,18,123,0,141,174,0,174,315
10/04/2021,MTN,MD,AEA,EN,Federal Contract Tower,0,14,40,0,54,0,0,118,0,118,0,14,158,0,172,186,0,186,358
10/05/2021,MTN,MD,AEA,EN,Federal Contract Tower,0,8,40,0,48,0,0,6,0,6,0,8,46,0,54,0,0,0,54
10/06/2021,MTN,MD,AEA,EN,Federal Contract Tower,0,13,48,0,61,0,0,47,0,47,0,13,95,0,108,86,0,86,194
10/07/2021,MTN,MD,AEA,EN,Federal Contract Tower,0,7,51,4,62,0,2,131,5,138,0,9,182,9,200,200,3,203,403
10/08/2021,MTN,MD,AEA,EN,Federal Contract Tower,0,5,39,0,44,0,0,117,0,117,0,5,156,0,161,172,0,172,333
10/09/2021,MTN,MD,AEA,EN,Federal Contract Tower,0,7,39,0,46,0,0,69,0,69,0,7,108,0,115,98,0,98,213
10/10/2021,MTN,MD,AEA,EN,Federal Contract Tower,0,13,36,0,49,0,0,13,0,13,0,13,49,0,62,0,0,0,62
10/11/2021,MTN,MD,AEA,EN,Federal Contract Tower,0,10,46,0,56,0,0,47,0,47,0,10,93,0,103,126,0,126,229
10/12/2021,MTN,MD,AEA,EN,Federal Contract Tower,0,8,56,3,67,0,0,44,6,50,0,8,100,9,117,52,2,54,171
10/13/2021,MTN,MD,AEA,EN,Federal Contract Tower,0,6,56,12,74,0,0,36,7,43,0,6,92,19,117,34,0,34,151
10/14/2021,MTN,MD,AEA,EN,Federal Contract Tower,0,6,45,6,57,0,0,134,6,140,0,6,179,12,197,186,2,188,385
10/15/2021,MTN,MD,AEA,EN,Federal Contract Tower,0,19,40,5,64,0,0,152,3,155,0,19,192,8,219,214,8,222,441
10/16/2021,MTN,MD,AEA,EN,Federal Contract Tower,0,9,23,0,32,0,1,42,0,43,0,10,65,0,75,36,0,36,111
10/17/2021,MTN,MD,AEA,EN,Federal Contract Tower,0,7,39,0,46,0,0,83,4,87,0,7,122,4,133,42,0,42,175
10/18/2021,MTN,MD,AEA,EN,Federal Contract Tower,0,4,26,1,31,0,0,71,0,71,0,4,97,1,102,57,0,57,159
10/19/2021,MTN,MD,AEA,EN,Federal Contract Tower,0,7,30,5,42,0,0,146,10,156,0,7,176,15,198,166,0,166,364
10/20/2021,MTN,MD,AEA,EN,Federal Contract Tower,0,8,38,7,53,0,0,144,7,151,0,8,182,14,204,220,2,222,426
10/21/2021,MTN,MD,AEA,EN,Federal Contract Tower,0,11,36,5,52,0,0,133,7,140,0,11,169,12,192,184,0,184,376
10/22/2021,MTN,MD,AEA,EN,Federal Contract Tower,0,15,45,7,67,0,4,121,6,131,0,19,166,13,198,166,8,174,372
10/23/2021,MTN,MD,AEA,EN,Federal Contract Tower,0,15,28,0,43,0,0,122,0,122,0,15,150,0,165,134,0,134,299
10/24/2021,MTN,MD,AEA,EN,Federal Contract Tower,0,12,32,0,44,0,0,125,0,125,0,12,157,0,169,144,0,144,313
10/25/2021,MTN,MD,AEA,EN,Federal Contract Tower,0,6,33,0,39,0,5,106,0,111,0,11,139,0,150,184,0,184,334
10/26/2021,MTN,MD,AEA,EN,Federal Contract Tower,0,12,25,3,40,0,3,14,4,21,0,15,39,7,61,40,0,40,101
10/27/2021,MTN,MD,AEA,EN,Federal Contract Tower,0,11,20,5,36,0,0,42,3,45,0,11,62,8,81,30,2,32,113
10/28/2021,MTN,MD,AEA,EN,Federal Contract Tower,0,5,37,6,48,0,3,170,6,179,0,8,207,12,227,197,0,197,424
10/29/2021,MTN,MD,AEA,EN,Federal Contract Tower,0,5,16,0,21,0,0,0,0,0,0,5,16,0,21,0,0,0,21
10/30/2021,MTN,MD,AEA,EN,Federal Contract Tower,0,4,34,0,38,0,1,44,0,45,0,5,78,0,83,18,0,18,101
10/31/2021,MTN,MD,AEA,EN,Federal Contract Tower,0,8,29,0,37,0,1,103,0,104,0,9,132,0,141,98,0,98,239
11/02/2021,MTN,MD,AEA,EN,Federal Contract Tower,0,6,20,1,27,0,1,68,2,71,0,7,88,3,98,68,0,68,166
11/03/2021,MTN,MD,AEA,EN,Federal Contract Tower,0,7,29,1,37,0,0,173,0,173,0,7,202,1,210,152,0,152,362
11/04/2021,MTN,MD,AEA,EN,Federal Contract Tower,0,13,43,4,60,0,0,142,0,142,0,13,185,4,202,134,0,134,336
11/05/2021,MTN,MD,AEA,EN,Federal Contract Tower,0,8,24,0,32,0,0,156,2,158,0,8,180,2,190,200,0,200,390
11/06/2021,MTN,MD,AEA,EN,Federal Contract Tower,0,12,34,0,46,0,0,146,0,146,0,12,180,0,192,212,0,212,404
11/07/2021,MTN,MD,AEA,EN,Federal Contract Tower,0,10,29,0,39,0,2,116,0,118,0,12,145,0,157,112,0,112,269
11/08/2021,MTN,MD,AEA,EN,Federal Contract Tower,0,5,36,0,41,0,0,133,0,133,0,5,169,0,174,170,0,170,344
11/09/2021,MTN,MD,AEA,EN,Federal Contract Tower,0,6,29,0,35,0,1,162,1,164,0,7,191,1,199,254,2,256,455
11/10/2021,MTN,MD,AEA,EN,Federal Contract Tower,0,10,44,2,56,0,1,86,1,88,0,11,130,3,144,130,4,134,278
11/11/2021,MTN,MD,AEA,EN,Federal Contract Tower,0,10,49,0,59,0,0,145,0,145,0,10,194,0,204,230,0,230,434
11/12/2021,MTN,MD,AEA,EN,Federal Contract Tower,0,8,38,0,46,0,1,90,1,92,0,9,128,1,138,76,0,76,214
11/13/2021,MTN,MD,AEA,EN,Federal Contract Tower,0,8,23,5,36,0,2,66,0,68,0,10,89,5,104,68,0,68,172
11/14/2021,MTN,MD,AEA,EN,Federal Contract Tower,0,4,46,0,50,0,3,118,0,121,0,7,164,0,171,136,0,136,307
11/15/2021,MTN,MD,AEA,EN,Federal Contract Tower,0,4,26,2,32,0,1,30,0,31,0,5,56,2,63,10,0,10,73
11/16/2021,MTN,MD,AEA,EN,Federal Contract Tower,0,4,33,0,37,0,2,173,0,175,0,6,206,0,212,382,0,382,594
11/17/2021,MTN,MD,AEA,EN,Federal Contract Tower,0,8,50,6,64,0,1,154,3,158,0,9,204,9,222,310,0,310,532
11/18/2021,MTN,MD,AEA,EN,Federal Contract Tower,0,10,34,6,50,0,0,79,6,85,0,10,113,12,135,84,6,90,225
11/19/2021,MTN,MD,AEA,EN,Federal Contract Tower,0,4,32,0,36,0,0,51,0,51,0,4,83,0,87,78,0,78,165
11/20/2021,MTN,MD,AEA,EN,Federal Contract Tower,0,9,23,0,32,0,1,138,0,139,0,10,161,0,171,238,0,238,409
11/21/2021,MTN,MD,AEA,EN,Federal Contract Tower,0,7,33,0,40,0,0,118,0,118,0,7,151,0,158,276,0,276,434
11/22/2021,MTN,MD,AEA,EN,Federal Contract Tower,0,10,44,0,54,0,0,80,0,80,0,10,124,0,134,70,0,70,204
11/23/2021,MTN,MD,AEA,EN,Federal Contract Tower,0,14,46,0,60,0,0,91,0,91,0,14,137,0,151,72,0,72,223
11/24/2021,MTN,MD,AEA,EN,Federal Contract Tower,0,4,30,0,34,0,0,127,0,127,0,4,157,0,161,250,0,250,411
11/25/2021,MTN,MD,AEA,EN,Federal Contract Tower,0,1,8,0,9,0,1,28,0,29,0,2,36,0,38,36,0,36,74
11/26/2021,MTN,MD,AEA,EN,Federal Contract Tower,0,6,15,0,21,0,1,18,0,19,0,7,33,0,40,0,0,0,40
11/27/2021,MTN,MD,AEA,EN,Federal Contract Tower,0,8,27,0,35,0,0,57,0,57,0,8,84,0,92,88,0,88,180
11/28/2021,MTN,MD,AEA,EN,Federal Contract Tower,0,5,49,0,54,0,0,119,0,119,0,5,168,0,173,174,0,174,347
11/29/2021,MTN,MD,AEA,EN,Federal Contract Tower,0,11,31,0,42,0,0,49,0,49,0,11,80,0,91,52,0,52,143
11/30/2021,MTN,MD,AEA,EN,Federal Contract Tower,0,12,30,3,45,0,0,115,3,118,0,12,145,6,163,174,10,184,347
12/01/2021,MTN,MD,AEA,EN,Federal Contract Tower,0,4,32,5,41,0,1,154,6,161,0,5,186,11,202,192,2,194,396
12/02/2021,MTN,MD,AEA,EN,Federal Contract Tower,0,3,34,5,42,0,0,121,0,121,0,3,155,5,163,124,2,126,289
12/03/2021,MTN,MD,AEA,EN,Federal Contract Tower,0,10,35,6,51,0,0,112,4,116,0,10,147,10,167,140,15,155,322
12/04/2021,MTN,MD,AEA,EN,Federal Contract Tower,0,2,29,9,40,0,1,144,11,156,0,3,173,20,196,172,4,176,372
12/05/2021,MTN,MD,AEA,EN,Federal Contract Tower,0,4,37,0,41,0,1,116,0,117,0,5,153,0,158,174,0,174,332
12/06/2021,MTN,MD,AEA,EN,Federal Contract Tower,0,12,29,0,41,0,3,40,2,45,0,15,69,2,86,68,0,68,154
12/07/2021,MTN,MD,AEA,EN,Federal Contract Tower,0,10,31,5,46,0,0,129,2,131,0,10,160,7,177,244,0,244,421
12/08/2021,MTN,MD,AEA,EN,Federal Contract Tower,0,6,26,6,38,0,0,51,6,57,0,6,77,12,95,92,0,92,187
12/09/2021,MTN,MD,AEA,EN,Federal Contract Tower,0,11,46,6,63,0,0,132,5,137,0,11,178,11,200,202,0,202,402
12/10/2021,MTN,MD,AEA,EN,Federal Contract Tower,0,1,34,3,38,0,0,111,0,111,0,1,145,3,149,196,6,202,351
12/11/2021,MTN,MD,AEA,EN,Federal Contract Tower,0,5,2,0,7,0,0,0,0,0,0,5,2,0,7,0,0,0,7
12/12/2021,MTN,MD,AEA,EN,Federal Contract Tower,0,7,23,0,30,0,0,43,0,43,0,7,66,0,73,26,0,26,99
12/13/2021,MTN,MD,AEA,EN,Federal Contract Tower,0,6,35,0,41,0,0,138,0,138,0,6,173,0,179,170,0,170,349
12/14/2021,MTN,MD,AEA,EN,Federal Contract Tower,0,5,25,6,36,0,4,118,7,129,0,9,143,13,165,158,0,158,323
12/15/2021,MTN,MD,AEA,EN,Federal Contract Tower,0,10,38,7,55,0,0,121,9,130,0,10,159,16,185,208,10,218,403
12/16/2021,MTN,MD,AEA,EN,Federal Contract Tower,0,4,31,9,44,0,0,144,6,150,0,4,175,15,194,214,0,214,408
12/17/2021,MTN,MD,AEA,EN,Federal Contract Tower,0,6,28,0,34,0,0,167,0,167,0,6,195,0,201,220,0,220,421
12/18/2021,MTN,MD,AEA,EN,Federal Contract Tower,0,3,26,0,29,0,0,58,0,58,0,3,84,0,87,180,0,180,267
12/19/2021,MTN,MD,AEA,EN,Federal Contract Tower,0,5,25,0,30,0,0,25,0,25,0,5,50,0,55,4,0,4,59
12/20/2021,MTN,MD,AEA,EN,Federal Contract Tower,0,3,28,0,31,0,2,119,0,121,0,5,147,0,152,180,0,180,332
12/21/2021,MTN,MD,AEA,EN,Federal Contract Tower,0,3,33,5,41,0,0,128,6,134,0,3,161,11,175,170,10,180,355
12/22/2021,MTN,MD,AEA,EN,Federal Contract Tower,0,2,24,3,29,0,0,66,4,70,0,2,90,7,99,56,0,56,155
12/23/2021,MTN,MD,AEA,EN,Federal Contract Tower,0,4,46,0,50,0,0,124,0,124,0,4,170,0,174,110,0,110,284
12/24/2021,MTN,MD,AEA,EN,Federal Contract Tower,0,5,13,0,18,0,1,50,0,51,0,6,63,0,69,46,0,46,115
12/25/2021,MTN,MD,AEA,EN,Federal Contract Tower,0,1,15,0,16,0,2,13,0,15,0,3,28,0,31,0,0,0,31
12/26/2021,MTN,MD,AEA,EN,Federal Contract Tower,0,5,36,0,41,0,0,64,0,64,0,5,100,0,105,64,0,64,169
12/27/2021,MTN,MD,AEA,EN,Federal Contract Tower,0,3,28,0,31,0,2,18,0,20,0,5,46,0,51,26,0,26,77
12/28/2021,MTN,MD,AEA,EN,Federal Contract Tower,0,10,23,0,33,0,0,94,0,94,0,10,117,0,127,114,0,114,241
12/29/2021,MTN,MD,AEA,EN,Federal Contract Tower,0,5,31,0,36,0,0,73,0,73,0,5,104,0,109,152,0,152,261
12/30/2021,MTN,MD,AEA,EN,Federal Contract Tower,0,2,11,0,13,0,0,4,0,4,0,2,15,0,17,0,0,0,17
12/31/2021,MTN,MD,AEA,EN,Federal Contract Tower,0,5,17,0,22,0,0,2,0,2,0,5,19,0,24,0,0,0,24
01/01/2022,MTN,MD,AEA,EN,Federal Contract Tower,0,4,0,0,4,0,0,0,0,0,0,4,0,0,4,0,0,0,4
01/02/2022,MTN,MD,AEA,EN,Federal Contract Tower,0,3,36,0,39,0,0,50,0,50,0,3,86,0,89,104,0,104,193
01/03/2022,MTN,MD,AEA,EN,Federal Contract Tower,0,5,2,0,7,0,0,14,0,14,0,5,16,0,21,0,0,0,21
01/04/2022,MTN,MD,AEA,EN,Federal Contract Tower,0,14,18,3,35,0,0,114,2,116,0,14,132,5,151,160,0,160,311
01/05/2022,MTN,MD,AEA,EN,Federal Contract Tower,0,4,27,7,38,0,0,97,9,106,0,4,124,16,144,89,0,89,233
01/06/2022,MTN,MD,AEA,EN,Federal Contract Tower,0,7,32,6,45,0,0,133,7,140,0,7,165,13,185,146,0,146,331
01/07/2022,MTN,MD,AEA,EN,Federal Contract Tower,0,1,7,1,9,0,0,16,1,17,0,1,23,2,26,26,2,28,54
01/08/2022,MTN,MD,AEA,EN,Federal Contract Tower,0,2,22,4,28,0,0,152,4,156,0,2,174,8,184,200,0,200,384
01/09/2022,MTN,MD,AEA,EN,Federal Contract Tower,0,4,15,2,21,0,0,10,0,10,0,4,25,2,31,0,0,0,31
01/10/2022,MTN,MD,AEA,EN,Federal Contract Tower,0,11,25,0,36,0,0,61,0,61,0,11,86,0,97,96,4,100,197
01/11/2022,MTN,MD,AEA,EN,Federal Contract Tower,0,7,23,6,36,0,0,141,7,148,0,7,164,13,184,104,0,104,288
01/12/2022,MTN,MD,AEA,EN,Federal Contract Tower,0,5,29,6,40,0,1,133,7,141,0,6,162,13,181,122,2,124,305
01/13/2022,MTN,MD,AEA,EN,Federal Contract Tower,0,9,28,0,37,0,0,178,0,178,0,9,206,0,215,212,0,212,427
01/14/2022,MTN,MD,AEA,EN,Federal Contract Tower,0,5,30,0,35,0,0,87,0,87,0,5,117,0,122,106,0,106,228
01/15/2022,MTN,MD,AEA,EN,Federal Contract Tower,0,8,11,0,19,0,0,88,0,88,0,8,99,0,107,112,0,112,219
01/16/2022,MTN,MD,AEA,EN,Federal Contract Tower,0,1,5,0,6,0,0,34,0,34,0,1,39,0,40,72,0,72,112
01/17/2022,MTN,MD,AEA,EN,Federal Contract Tower,0,9,10,0,19,0,0,3,0,3,0,9,13,0,22,0,0,0,22
01/18/2022,MTN,MD,AEA,EN,Federal Contract Tower,0,9,35,5,49,0,0,63,5,68,0,9,98,10,117,48,2,50,167
01/19/2022,MTN,MD,AEA,EN,Federal Contract Tower,0,6,27,4,37,0,0,115,5,120,0,6,142,9,157,124,12,136,293
01/20/2022,MTN,MD,AEA,EN,Federal Contract Tower,0,2,15,2,19,0,0,30,2,32,0,2,45,4,51,20,0,20,71
01/21/2022,MTN,MD,AEA,EN,Federal Contract Tower,0,3,21,2,26,0,0,146,2,148,0,3,167,4,174,162,10,172,346
01/22/2022,MTN,MD,AEA,EN,Federal Contract Tower,0,4,8,0,12,0,0,130,0,130,0,4,138,0,142,154,0,154,296
01/23/2022,MTN,MD,AEA,EN,Federal Contract Tower,0,3,27,0,30,0,0,115,0,115,0,3,142,0,145,162,0,162,307
01/24/2022,MTN,MD,AEA,EN,Federal Contract Tower,0,8,23,0,31,0,1,118,0,119,0,9,141,0,150,160,0,160,310
01/25/2022,MTN,MD,AEA,EN,Federal Contract Tower,0,5,26,3,34,0,0,93,5,98,0,5,119,8,132,68,0,68,200
01/26/2022,MTN,MD,AEA,EN,Federal Contract Tower,0,3,15,3,21,0,1,104,3,108,0,4,119,6,129,98,0,98,227
01/27/2022,MTN,MD,AEA,EN,Federal Contract Tower,0,1,32,6,39,0,2,109,2,113,0,3,141,8,152,208,0,208,360
01/28/2022,MTN,MD,AEA,EN,Federal Contract Tower,0,4,13,8,25,0,0,17,1,18,0,4,30,9,43,78,0,78,121
01/29/2022,MTN,MD,AEA,EN,Federal Contract Tower,0,1,5,0,6,0,0,6,0,6,0,1,11,0,12,0,0,0,12
01/30/2022,MTN,MD,AEA,EN,Federal Contract Tower,0,9,19,0,28,0,0,104,0,104,0,9,123,0,132,172,0,172,304
01/31/2022,MTN,MD,AEA,EN,Federal Contract Tower,0,3,30,0,33,0,0,87,0,87,0,3,117,0,120,85,0,85,205
02/01/2022,MTN,MD,AEA,EN,Federal Contract Tower,0,5,22,6,33,0,0,106,6,112,0,5,128,12,145,146,0,146,291
02/02/2022,MTN,MD,AEA,EN,Federal Contract Tower,0,5,25,7,37,0,0,77,5,82,0,5,102,12,119,114,0,114,233
02/03/2022,MTN,MD,AEA,EN,Federal Contract Tower,0,5,12,4,21,0,0,0,0,0,0,5,12,4,21,0,0,0,21
02/04/2022,MTN,MD,AEA,EN,Federal Contract Tower,0,4,13,14,31,0,0,2,0,2,0,4,15,14,33,0,0,0,33
02/05/2022,MTN,MD,AEA,EN,Federal Contract Tower,0,0,17,0,17,0,0,56,0,56,0,0,73,0,73,32,0,32,105
02/06/2022,MTN,MD,AEA,EN,Federal Contract Tower,0,3,34,1,38,0,0,115,0,115,0,3,149,1,153,142,2,144,297
02/07/2022,MTN,MD,AEA,EN,Federal Contract Tower,0,7,12,0,19,0,0,13,0,13,0,7,25,0,32,6,0,6,38
02/08/2022,MTN,MD,AEA,EN,Federal Contract Tower,0,5,22,6,33,0,0,106,3,109,0,5,128,9,142,146,4,150,292
02/09/2022,MTN,MD,AEA,EN,Federal Contract Tower,0,4,28,7,39,0,0,138,4,142,0,4,166,11,181,276,0,276,457
02/10/2022,MTN,MD,AEA,EN,Federal Contract Tower,0,7,35,4,46,0,1,102,2,105,0,8,137,6,151,126,4,130,281
02/11/2022,MTN,MD,AEA,EN,Federal Contract Tower,0,3,42,4,49,0,0,155,4,159,0,3,197,8,208,100,0,100,308
02/12/2022,MTN,MD,AEA,EN,Federal Contract Tower,0,4,20,8,32,0,0,165,6,171,0,4,185,14,203,186,2,188,391
02/13/2022,MTN,MD,AEA,EN,Federal Contract Tower,0,10,5,0,15,0,0,4,0,4,0,10,9,0,19,0,0,0,19
02/14/2022,MTN,MD,AEA,EN,Federal Contract Tower,0,2,30,0,32,0,0,99,0,99,0,2,129,0,131,112,0,112,243
02/15/2022,MTN,MD,AEA,EN,Federal Contract Tower,0,7,22,1,30,0,0,126,0,126,0,7,148,1,156,236,0,236,392
02/16/2022,MTN,MD,AEA,EN,Federal Contract Tower,0,3,31,7,41,0,0,136,6,142,0,3,167,13,183,210,0,210,393
02/17/2022,MTN,MD,AEA,EN,Federal Contract Tower,0,12,32,4,48,0,0,52,6,58,0,12,84,10,106,16,14,30,136
02/18/2022,MTN,MD,AEA,EN,Federal Contract Tower,0,10,16,0,26,0,2,18,0,20,0,12,34,0,46,0,0,0,46
02/19/2022,MTN,MD,AEA,EN,Federal Contract Tower,0,0,15,0,15,0,0,22,0,22,0,0,37,0,37,22,0,22,59
02/20/2022,MTN,MD,AEA,EN,Federal Contract Tower,0,4,26,0,30,0,1,152,0,153,0,5,178,0,183,154,0,154,337
02/21/2022,MTN,MD,AEA,EN,Federal Contract Tower,0,12,33,0,45,0,1,199,0,200,0,13,232,0,245,252,0,252,497
02/22/2022,MTN,MD,AEA,EN,Federal Contract Tower,0,5,28,3,36,0,0,31,4,35,0,5,59,7,71,26,0,26,97
02/23/2022,MTN,MD,AEA,EN,Federal Contract Tower,0,3,21,4,28,0,0,109,4,113,0,3,130,8,141,94,4,98,239
02/24/2022,MTN,MD,AEA,EN,Federal Contract Tower,0,2,20,1,23,0,0,16,1,17,0,2,36,2,40,0,0,0,40
02/25/2022,MTN,MD,AEA,EN,Federal Contract Tower,0,3,15,1,19,0,0,11,1,12,0,3,26,2,31,0,8,8,39
02/26/2022,MTN,MD,AEA,EN,Federal Contract Tower,0,9,21,0,30,0,0,145,0,145,0,9,166,0,175,170,0,170,345
02/27/2022,MTN,MD,AEA,EN,Federal Contract Tower,0,5,11,0,16,0,0,100,0,100,0,5,111,0,116,106,0,106,222
02/28/2022,MTN,MD,AEA,EN,Federal Contract Tower,0,6,32,0,38,0,0,152,0,152,0,6,184,0,190,136,0,136,326
03/01/2022,MTN,MD,AEA,EN,Federal Contract Tower,0,7,15,3,25,0,0,116,0,116,0,7,131,3,141,180,4,184,325
03/02/2022,MTN,MD,AEA,EN,Federal Contract Tower,0,5,24,5,34,0,0,161,6,167,0,5,185,11,201,208,4,212,413
03/03/2022,MTN,MD,AEA,EN,Federal Contract Tower,0,6,23,6,35,0,0,103,6,109,0,6,126,12,144,122,2,124,268
03/04/2022,MTN,MD,AEA,EN,Federal Contract Tower,0,4,23,7,34,0,1,140,6,147,0,5,163,13,181,116,6,122,303
03/05/2022,MTN,MD,AEA,EN,Federal Contract Tower,0,4,23,8,35,0,0,134,8,142,0,4,157,16,177,122,0,122,299
03/06/2022,MTN,MD,AEA,EN,Federal Contract Tower,0,5,18,0,23,0,0,18,0,18,0,5,36,0,41,4,0,4,45
03/07/2022,MTN,MD,AEA,EN,Federal Contract Tower,0,10,9,0,19,0,0,25,0,25,0,10,34,0,44,58,0,58,102
03/08/2022,MTN,MD,AEA,EN,Federal Contract Tower,0,9,33,4,46,0,0,105,5,110,0,9,138,9,156,44,2,46,202
03/09/2022,MTN,MD,AEA,EN,Federal Contract Tower,0,0,18,0,18,0,0,4,0,4,0,0,22,0,22,7,0,7,29
03/10/2022,MTN,MD,AEA,EN,Federal Contract Tower,0,4,9,3,16,0,0,123,1,124,0,4,132,4,140,110,0,110,250
03/11/2022,MTN,MD,AEA,EN,Federal Contract Tower,0,7,44,0,51,0,0,141,0,141,0,7,185,0,192,122,0,122,314
03/12/2022,MTN,MD,AEA,EN,Federal Contract Tower,0,4,10,0,14,0,0,0,0,0,0,4,10,0,14,0,0,0,14
03/13/2022,MTN,MD,AEA,EN,Federal Contract Tower,0,2,21,0,23,0,0,76,0,76,0,2,97,0,99,44,0,44,143
03/14/2022,MTN,MD,AEA,EN,Federal Contract Tower,0,8,32,0,40,0,0,136,0,136,0,8,168,0,176,240,0,240,416
03/15/2022,MTN,MD,AEA,EN,Federal Contract Tower,0,2,24,5,31,0,0,159,4,163,0,2,183,9,194,214,0,214,408
03/16/2022,MTN,MD,AEA,EN,Federal Contract Tower,0,9,28,4,41,0,1,178,4,183,0,10,206,8,224,236,0,236,460
03/17/2022,MTN,MD,AEA,EN,Federal Contract Tower,0,7,14,0,21,0,0,3,0,3,0,7,17,0,24,0,0,0,24
03/18/2022,MTN,MD,AEA,EN,Federal Contract Tower,0,3,39,0,42,0,0,118,1,119,0,3,157,1,161,196,0,196,357
03/19/2022,MTN,MD,AEA,EN,Federal Contract Tower,0,3,29,0,32,0,0,99,0,99,0,3,128,0,131,202,0,202,333
03/20/2022,MTN,MD,AEA,EN,Federal Contract Tower,0,9,33,0,42,0,0,49,0,49,0,9,82,0,91,36,0,36,127
03/21/2022,MTN,MD,AEA,EN,Federal Contract Tower,0,9,25,0,34,0,0,137,0,137,0,9,162,0,171,122,0,122,293
03/22/2022,MTN,MD,AEA,EN,Federal Contract Tower,0,3,30,4,37,0,1,173,3,177,0,4,203,7,214,278,0,278,492
03/23/2022,MTN,MD,AEA,EN,Federal Contract Tower,0,5,25,4,34,0,1,27,0,28,0,6,52,4,62,20,0,20,82
03/24/2022,MTN,MD,AEA,EN,Federal Contract Tower,0,1,17,5,23,0,0,0,0,0,0,1,17,5,23,0,0,0,23
03/25/2022,MTN,MD,AEA,EN,Federal Contract Tower,0,10,30,7,47,0,0,130,8,138,0,10,160,15,185,115,6,121,306
03/26/2022,MTN,MD,AEA,EN,Federal Contract Tower,0,5,19,0,24,0,0,39,1,40,0,5,58,1,64,52,0,52,116
03/27/2022,MTN,MD,AEA,EN,Federal Contract Tower,0,8,17,0,25,0,0,25,0,25,0,8,42,0,50,18,0,18,68
03/28/2022,MTN,MD,AEA,EN,Federal Contract Tower,0,0,33,0,33,0,0,16,1,17,0,0,49,1,50,2,0,2,52
03/29/2022,MTN,MD,AEA,EN,Federal Contract Tower,0,1,34,4,39,0,1,118,3,122,0,2,152,7,161,144,6,150,311
03/30/2022,MTN,MD,AEA,EN,Federal Contract Tower,0,6,28,2,36,0,0,115,3,118,0,6,143,5,154,322,0,322,476
03/31/2022,MTN,MD,AEA,EN,Federal Contract Tower,0,5,13,0,18,0,0,5,0,5,0,5,18,0,23,0,0,0,23
04/01/2022,MTN,MD,AEA,EN,Federal Contract Tower,0,4,19,6,29,0,0,29,8,37,0,4,48,14,66,8,6,14,80
04/02/2022,MTN,MD,AEA,EN,Federal Contract Tower,0,5,36,10,51,0,0,205,8,213,0,5,241,18,264,290,0,290,554
04/03/2022,MTN,MD,AEA,EN,Federal Contract Tower,0,7,22,0,29,0,1,50,0,51,0,8,72,0,80,76,0,76,156
04/04/2022,MTN,MD,AEA,EN,Federal Contract Tower,0,10,46,0,56,0,0,174,0,174,0,10,220,0,230,250,10,260,490
04/05/2022,MTN,MD,AEA,EN,Federal Contract Tower,0,8,33,13,54,0,0,39,0,39,0,8,72,13,93,18,0,18,111
04/06/2022,MTN,MD,AEA,EN,Federal Contract Tower,0,21,47,10,78,0,1,19,0,20,0,22,66,10,98,50,2,52,150
04/07/2022,MTN,MD,AEA,EN,Federal Contract Tower,0,3,23,0,26,0,0,2,0,2,0,3,25,0,28,0,0,0,28
04/08/2022,MTN,MD,AEA,EN,Federal Contract Tower,0,13,32,2,47,0,0,167,6,173,0,13,199,8,220,308,8,316,536
04/09/2022,MTN,MD,AEA,EN,Federal Contract Tower,0,2,17,0,19,0,0,126,0,126,0,2,143,0,145,250,0,250,395
04/10/2022,MTN,MD,AEA,EN,Federal Contract Tower,0,9,32,0,41,0,77,0,0,77,0,86,32,0,118,0,0,0,118
04/11/2022,MTN,MD,AEA,EN,Federal Contract Tower,0,13,33,0,46,0,0,135,2,137,0,13,168,2,183,190,0,190,373
04/12/2022,MTN,MD,AEA,EN,Federal Contract Tower,0,10,32,7,49,0,1,139,4,144,0,11,171,11,193,140,2,142,335
04/13/2022,MTN,MD,AEA,EN,Federal Contract Tower,0,9,38,6,53,0,1,124,5,130,0,10,162,11,183,248,0,248,431
04/14/2022,MTN,MD,AEA,EN,Federal Contract Tower,0,16,41,7,64,0,0,51,4,55,0,16,92,11,119,20,0,20,139
04/15/2022,MTN,MD,AEA,EN,Federal Contract Tower,0,6,26,2,34,0,1,159,3,163,0,7,185,5,197,298,4,302,499
04/16/2022,MTN,MD,AEA,EN,Federal Contract Tower,0,1,17,0,18,0,0,77,0,77,0,1,94,0,95,48,0,48,143
04/17/2022,MTN,MD,AEA,EN,Federal Contract Tower,0,6,17,0,23,0,0,64,0,64,0,6,81,0,87,58,0,58,145
04/18/2022,MTN,MD,AEA,EN,Federal Contract Tower,0,15,25,0,40,0,0,28,0,28,0,15,53,0,68,116,0,116,184
04/19/2022,MTN,MD,AEA,EN,Federal Contract Tower,0,11,28,6,45,0,0,28,7,35,0,11,56,13,80,0,0,0,80
04/20/2022,MTN,MD,AEA,EN,Federal Contract Tower,0,10,23,6,39,0,0,173,9,182,0,10,196,15,221,262,4,266,487
04/21/2022,MTN,MD,AEA,EN,Federal Contract Tower,0,10,23,6,39,0,1,144,6,151,0,11,167,12,190,106,0,106,296
04/22/2022,MTN,MD,AEA,EN,Federal Contract Tower,0,6,29,3,38,0,1,146,1,148,0,7,175,4,186,210,2,212,398
04/23/2022,MTN,MD,AEA,EN,Federal Contract Tower,0,8,29,0,37,0,1,199,0,200,0,9,228,0,237,358,0,358,595
04/24/2022,MTN,MD,AEA,EN,Federal Contract Tower,0,10,23,0,33,0,3,153,0,156,0,13,176,0,189,380,0,380,569
04/25/2022,MTN,MD,AEA,EN,Federal Contract Tower,0,16,31,1,48,0,0,47,1,48,0,16,78,2,96,30,0,30,126
04/26/2022,MTN,MD,AEA,EN,Federal Contract Tower,0,8,36,2,46,0,1,17,0,18,0,9,53,2,64,4,0,4,68
04/27/2022,MTN,MD,AEA,EN,Federal Contract Tower,0,5,15,4,24,0,4,37,4,45,0,9,52,8,69,4,0,4,73
04/28/2022,MTN,MD,AEA,EN,Federal Contract Tower,0,11,42,1,54,0,0,108,1,109,0,11,150,2,163,42,0,42,205
04/29/2022,MTN,MD,AEA,EN,Federal Contract Tower,0,13,36,2,51,0,0,232,0,232,0,13,268,2,283,306,0,306,589
04/30/2022,MTN,MD,AEA,EN,Federal Contract Tower,0,7,24,0,31,0,8,196,0,204,0,15,220,0,235,396,0,396,631
05/01/2022,MTN,MD,AEA,EN,Federal Contract Tower,0,16,30,0,46,0,0,78,0,78,0,16,108,0,124,220,0,220,344
05/02/2022,MTN,MD,AEA,EN,Federal Contract Tower,0,4,27,1,32,0,0,179,0,179,0,4,206,1,211,296,0,296,507
05/03/2022,MTN,MD,AEA,EN,Federal Contract Tower,0,13,50,5,68,0,2,73,0,75,0,15,123,5,143,130,0,130,273
05/04/2022,MTN,MD,AEA,EN,Federal Contract Tower,0,6,51,6,63,0,2,31,0,33,0,8,82,6,96,26,0,26,122
05/05/2022,MTN,MD,AEA,EN,Federal Contract Tower,0,16,39,0,55,0,3,142,0,145,0,19,181,0,200,306,0,306,506
05/06/2022,MTN,MD,AEA,EN,Federal Contract Tower,0,4,23,0,27,0,0,0,0,0,0,4,23,0,27,0,0,0,27
05/07/2022,MTN,MD,AEA,EN,Federal Contract Tower,0,5,9,0,14,0,0,0,0,0,0,5,9,0,14,0,0,0,14
05/08/2022,MTN,MD,AEA,EN,Federal Contract Tower,0,14,21,0,35,0,0,17,0,17,0,14,38,0,52,8,0,8,60
05/09/2022,MTN,MD,AEA,EN,Federal Contract Tower,0,11,21,0,32,0,0,121,0,121,0,11,142,0,153,166,0,166,319
05/10/2022,MTN,MD,AEA,EN,Federal Contract Tower,0,10,16,2,28,0,88,1,0,89,0,98,17,2,117,26,0,26,143
05/11/2022,MTN,MD,AEA,EN,Federal Contract Tower,0,5,32,3,40,0,0,144,1,145,0,5,176,4,185,226,2,228,413
05/12/2022,MTN,MD,AEA,EN,Federal Contract Tower,0,7,42,0,49,0,0,58,0,58,0,7,100,0,107,92,0,92,199
05/13/2022,MTN,MD,AEA,EN,Federal Contract Tower,0,6,42,0,48,0,1,9,0,10,0,7,51,0,58,0,2,2,60
05/14/2022,MTN,MD,AEA,EN,Federal Contract Tower,0,6,18,0,24,0,0,2,0,2,0,6,20,0,26,0,0,0,26
05/15/2022,MTN,MD,AEA,EN,Federal Contract Tower,0,12,31,3,46,0,0,43,0,43,0,12,74,3,89,44,0,44,133
05/16/2022,MTN,MD,AEA,EN,Federal Contract Tower,0,3,33,3,39,0,0,35,0,35,0,3,68,3,74,40,0,40,114
05/17/2022,MTN,MD,AEA,EN,Federal Contract Tower,0,11,34,0,45,0,3,135,0,138,0,14,169,0,183,32,4,36,219
05/18/2022,MTN,MD,AEA,EN,Federal Contract Tower,0,8,26,0,34,0,3,192,1,196,0,11,218,1,230,250,2,252,482
05/19/2022,MTN,MD,AEA,EN,Federal Contract Tower,0,6,47,2,55,0,0,115,0,115,0,6,162,2,170,102,0,102,272
05/20/2022,MTN,MD,AEA,EN,Federal Contract Tower,0,5,31,2,38,0,2,169,0,171,0,7,200,2,209,318,0,318,527
05/21/2022,MTN,MD,AEA,EN,Federal Contract Tower,0,7,29,0,36,0,4,216,0,220,0,11,245,0,256,274,0,274,530
05/22/2022,MTN,MD,AEA,EN,Federal Contract Tower,0,3,32,0,35,0,0,116,0,116,0,3,148,0,151,270,0,270,421
05/23/2022,MTN,MD,AEA,EN,Federal Contract Tower,0,6,30,0,36,0,2,163,3,168,0,8,193,3,204,300,0,300,504
05/24/2022,MTN,MD,AEA,EN,Federal Contract Tower,0,12,40,1,53,0,0,48,1,49,0,12,88,2,102,26,0,26,128
05/25/2022,MTN,MD,AEA,EN,Federal Contract Tower,0,13,15,0,28,0,0,147,0,147,0,13,162,0,175,220,0,220,395
05/26/2022,MTN,MD,AEA,EN,Federal Contract Tower,0,8,41,1,50,0,0,33,1,34,0,8,74,2,84,50,0,50,134
05/27/2022,MTN,MD,AEA,EN,Federal Contract Tower,0,14,21,0,35,0,0,18,0,18,0,14,39,0,53,0,0,0,53
05/28/2022,MTN,MD,AEA,EN,Federal Contract Tower,0,6,18,2,26,0,2,125,0,127,0,8,143,2,153,180,0,180,333
05/29/2022,MTN,MD,AEA,EN,Federal Contract Tower,0,4,22,2,28,0,1,122,0,123,0,5,144,2,151,134,0,134,285
05/30/2022,MTN,MD,AEA,EN,Federal Contract Tower,0,7,7,0,14,0,0,177,0,177,0,7,184,0,191,146,0,146,337
05/31/2022,MTN,MD,AEA,EN,Federal Contract Tower,0,13,17,1,31,0,0,172,0,172,0,13,189,1,203,128,0,128,331
06/01/2022,MTN,MD,AEA,EN,Federal Contract Tower,0,12,26,5,43,0,0,182,1,183,0,12,208,6,226,230,0,230,456
06/02/2022,MTN,MD,AEA,EN,Federal Contract Tower,0,10,27,0,37,0,0,57,1,58,0,10,84,1,95,20,2,22,117
06/03/2022,MTN,MD,AEA,EN,Federal Contract Tower,0,4,36,0,40,0,0,152,0,152,0,4,188,0,192,162,0,162,354
06/04/2022,MTN,MD,AEA,EN,Federal Contract Tower,0,3,11,0,14,0,2,141,0,143,0,5,152,0,157,240,0,240,397
06/05/2022,MTN,MD,AEA,EN,Federal Contract Tower,0,9,25,0,34,0,0,135,0,135,0,9,160,0,169,118,0,118,287
06/06/2022,MTN,MD,AEA,EN,Federal Contract Tower,0,6,16,0,22,0,0,173,0,173,0,6,189,0,195,224,0,224,419
06/07/2022,MTN,MD,AEA,EN,Federal Contract Tower,0,4,12,0,16,0,0,68,0,68,0,4,80,0,84,100,0,100,184
06/08/2022,MTN,MD,AEA,EN,Federal Contract Tower,0,2,28,0,30,0,0,147,0,147,0,2,175,0,177,172,0,172,349
06/09/2022,MTN,MD,AEA,EN,Federal Contract Tower,0,7,25,2,34,0,0,74,0,74,0,7,99,2,108,16,0,16,124
06/10/2022,MTN,MD,AEA,EN,Federal Contract Tower,0,11,28,4,43,0,0,194,1,195,0,11,222,5,238,248,0,248,486
06/11/2022,MTN,MD,AEA,EN,Federal Contract Tower,0,9,21,0,30,0,1,91,0,92,0,10,112,0,122,64,0,64,186
06/12/2022,MTN,MD,AEA,EN,Federal Contract Tower,0,16,21,0,37,0,0,22,0,22,0,16,43,0,59,8,0,8,67
06/13/2022,MTN,MD,AEA,EN,Federal Contract Tower,0,6,32,0,38,0,1,138,0,139,0,7,170,0,177,218,0,218,395
06/14/2022,MTN,MD,AEA,EN,Federal Contract Tower,0,3,36,2,41,0,0,84,2,86,0,3,120,4,127,48,0,48,175
06/15/2022,MTN,MD,AEA,EN,Federal Contract Tower,0,7,17,10,34,0,1,184,7,192,0,8,201,17,226,222,6,228,454
06/16/2022,MTN,MD,AEA,EN,Federal Contract Tower,0,4,27,2,33,0,0,33,1,34,0,4,60,3,67,66,18,84,151
06/17/2022,MTN,MD,AEA,EN,Federal Contract Tower,0,10,18,0,28,0,0,98,0,98,0,10,116,0,126,48,0,48,174
06/18/2022,MTN,MD,AEA,EN,Federal Contract Tower,0,10,14,0,24,0,0,56,0,56,0,10,70,0,80,1,0,1,81
06/19/2022,MTN,MD,AEA,EN,Federal Contract Tower,0,13,13,0,26,0,1,89,0,90,0,14,102,0,116,24,0,24,140
06/20/2022,MTN,MD,AEA,EN,Federal Contract Tower,0,7,23,0,30,0,3,146,0,149,0,10,169,0,179,198,0,198,377
06/21/2022,MTN,MD,AEA,EN,Federal Contract Tower,0,9,24,4,37,0,0,154,0,154,0,9,178,4,191,158,0,158,349
06/22/2022,MTN,MD,AEA,EN,Federal Contract Tower,0,10,24,4,38,0,0,65,0,65,0,10,89,4,103,262,2,264,367
06/23/2022,MTN,MD,AEA,EN,Federal Contract Tower,0,5,44,5,54,0,2,17,0,19,0,7,61,5,73,42,0,42,115
06/24/2022,MTN,MD,AEA,EN,Federal Contract Tower,0,4,30,4,38,0,3,103,0,106,0,7,133,4,144,210,4,214,358
06/25/2022,MTN,MD,AEA,EN,Federal Contract Tower,0,6,22,0,28,0,2,187,0,189,0,8,209,0,217,240,0,240,457
06/26/2022,MTN,MD,AEA,EN,Federal Contract Tower,0,11,19,0,30,0,2,137,0,139,0,13,156,0,169,221,0,221,390
06/27/2022,MTN,MD,AEA,EN,Federal Contract Tower,0,8,28,0,36,0,0,42,0,42,0,8,70,0,78,107,0,107,185
06/28/2022,MTN,MD,AEA,EN,Federal Contract Tower,0,11,29,4,44,0,1,186,0,187,0,12,215,4,231,234,6,240,471
06/29/2022,MTN,MD,AEA,EN,Federal Contract Tower,0,9,39,5,53,0,2,200,0,202,0,11,239,5,255,328,0,328,583
06/30/2022,MTN,MD,AEA,EN,Federal Contract Tower,0,11,36,1,48,0,0,153,0,153,0,11,189,1,201,250,0,250,451
07/01/2022,MTN,MD,AEA,EN,Federal Contract Tower,0,10,28,2,40,0,1,91,0,92,0,11,119,2,132,124,0,124,256
07/02/2022,MTN,MD,AEA,EN,Federal Contract Tower,0,7,13,0,20,0,0,50,0,50,0,7,63,0,70,86,0,86,156
07/03/2022,MTN,MD,AEA,EN,Federal Contract Tower,0,2,15,0,17,0,1,92,0,93,0,3,107,0,110,110,0,110,220
07/04/2022,MTN,MD,AEA,EN,Federal Contract Tower,0,3,11,1,15,0,0,164,2,166,0,3,175,3,181,200,4,204,385
07/05/2022,MTN,MD,AEA,EN,Federal Contract Tower,0,2,14,6,22,0,0,59,2,61,0,2,73,8,83,38,0,38,121
07/06/2022,MTN,MD,AEA,EN,Federal Contract Tower,0,5,21,6,32,0,0,83,5,88,0,5,104,11,120,88,4,92,212
07/07/2022,MTN,MD,AEA,EN,Federal Contract Tower,0,9,33,9,51,0,0,47,0,47,0,9,80,9,98,12,0,12,110
07/08/2022,MTN,MD,AEA,EN,Federal Contract Tower,0,3,24,6,33,0,0,75,0,75,0,3,99,6,108,126,0,126,234
07/09/2022,MTN,MD,AEA,EN,Federal Contract Tower,0,3,24,0,27,0,0,9,0,9,0,3,33,0,36,0,0,0,36
07/10/2022,MTN,MD,AEA,EN,Federal Contract Tower,0,3,27,0,30,0,0,132,0,132,0,3,159,0,162,214,0,214,376
07/11/2022,MTN,MD,AEA,EN,Federal Contract Tower,0,7,15,0,22,0,0,155,0,155,0,7,170,0,177,162,0,162,339
07/12/2022,MTN,MD,AEA,EN,Federal Contract Tower,0,10,13,3,26,0,0,110,3,113,0,10,123,6,139,122,0,122,261
07/13/2022,MTN,MD,AEA,EN,Federal Contract Tower,0,6,17,12,35,0,0,118,0,118,0,6,135,12,153,208,4,212,365
07/14/2022,MTN,MD,AEA,EN,Federal Contract Tower,0,7,40,2,49,0,0,142,6,148,0,7,182,8,197,164,8,172,369
07/15/2022,MTN,MD,AEA,EN,Federal Contract Tower,0,6,26,0,32,0,0,157,0,157,0,6,183,0,189,154,0,154,343
07/16/2022,MTN,MD,AEA,EN,Federal Contract Tower,0,3,20,1,24,0,0,41,4,45,0,3,61,5,69,58,0,58,127
07/17/2022,MTN,MD,AEA,EN,Federal Contract Tower,0,6,36,0,42,0,0,91,0,91,0,6,127,0,133,136,0,136,269
07/18/2022,MTN,MD,AEA,EN,Federal Contract Tower,0,7,20,0,27,0,0,59,0,59,0,7,79,0,86,50,0,50,136
07/19/2022,MTN,MD,AEA,EN,Federal Contract Tower,0,9,22,6,37,0,0,169,6,175,0,9,191,12,212,162,2,164,376
07/20/2022,MTN,MD,AEA,EN,Federal Contract Tower,0,5,26,6,37,0,1,155,3,159,0,6,181,9,196,164,0,164,360
07/21/2022,MTN,MD,AEA,EN,Federal Contract Tower,0,9,25,6,40,0,1,143,5,149,0,10,168,11,189,154,4,158,347
07/22/2022,MTN,MD,AEA,EN,Federal Contract Tower,0,2,36,2,40,0,1,158,5,164,0,3,194,7,204,214,26,240,444
07/23/2022,MTN,MD,AEA,EN,Federal Contract Tower,0,1,19,1,21,0,0,155,0,155,0,1,174,1,176,114,0,114,290
07/24/2022,MTN,MD,AEA,EN,Federal Contract Tower,0,8,24,0,32,0,0,116,1,117,0,8,140,1,149,127,0,127,276
07/25/2022,MTN,MD,AEA,EN,Federal Contract Tower,0,7,18,0,25,0,0,67,0,67,0,7,85,0,92,40,0,40,132
07/26/2022,MTN,MD,AEA,EN,Federal Contract Tower,0,7,45,5,57,0,1,130,3,134,0,8,175,8,191,272,0,272,463
07/27/2022,MTN,MD,AEA,EN,Federal Contract Tower,0,9,42,3,54,0,0,98,3,101,0,9,140,6,155,116,0,116,271
07/28/2022,MTN,MD,AEA,EN,Federal Contract Tower,0,2,27,4,33,0,0,109,2,111,0,2,136,6,144,122,0,122,266
07/29/2022,MTN,MD,AEA,EN,Federal Contract Tower,0,9,19,3,31,0,0,77,1,78,0,9,96,4,109,118,8,126,235
07/30/2022,MTN,MD,AEA,EN,Federal Contract Tower,0,2,22,0,24,0,0,145,0,145,0,2,167,0,169,72,0,72,241
07/31/2022,MTN,MD,AEA,EN,Federal Contract Tower,0,13,18,0,31,0,0,73,0,73,0,13,91,0,104,32,0,32,136
08/01/2022,MTN,MD,AEA,EN,Federal Contract Tower,0,7,16,0,23,0,0,86,0,86,0,7,102,0,109,132,0,132,241
08/02/2022,MTN,MD,AEA,EN,Federal Contract Tower,0,9,21,5,35,0,0,131,4,135,0,9,152,9,170,148,8,156,326
08/03/2022,MTN,MD,AEA,EN,Federal Contract Tower,0,11,21,11,43,0,0,134,4,138,0,11,155,15,181,122,0,122,303
08/04/2022,MTN,MD,AEA,EN,Federal Contract Tower,0,11,38,8,57,0,0,137,6,143,0,11,175,14,200,130,4,134,334
08/05/2022,MTN,MD,AEA,EN,Federal Contract Tower,0,8,29,6,43,0,1,106,6,113,0,9,135,12,156,134,16,150,306
08/06/2022,MTN,MD,AEA,EN,Federal Contract Tower,0,5,17,3,25,0,0,82,3,85,0,5,99,6,110,126,30,156,266
08/07/2022,MTN,MD,AEA,EN,Federal Contract Tower,0,5,39,1,45,0,0,97,0,97,0,5,136,1,142,116,0,116,258
08/08/2022,MTN,MD,AEA,EN,Federal Contract Tower,0,10,26,0,36,0,0,82,0,82,0,10,108,0,118,96,2,98,216
08/09/2022,MTN,MD,AEA,EN,Federal Contract Tower,0,7,22,6,35,0,0,104,3,107,0,7,126,9,142,102,8,110,252
08/10/2022,MTN,MD,AEA,EN,Federal Contract Tower,0,5,16,1,22,0,1,81,1,83,0,6,97,2,105,98,0,98,203
08/11/2022,MTN,MD,AEA,EN,Federal Contract Tower,0,9,33,3,45,0,0,115,6,121,0,9,148,9,166,180,24,204,370
08/12/2022,MTN,MD,AEA,EN,Federal Contract Tower,0,13,21,3,37,0,0,132,2,134,0,13,153,5,171,94,10,104,275
08/13/2022,MTN,MD,AEA,EN,Federal Contract Tower,0,17,26,0,43,0,1,123,7,131,0,18,149,7,174,98,14,112,286
08/14/2022,MTN,MD,AEA,EN,Federal Contract Tower,0,11,22,0,33,0,0,123,0,123,0,11,145,0,156,106,0,106,262
08/15/2022,MTN,MD,AEA,EN,Federal Contract Tower,0,3,28,0,31,0,0,89,1,90,0,3,117,1,121,86,0,86,207
08/16/2022,MTN,MD,AEA,EN,Federal Contract Tower,0,6,30,2,38,0,0,111,2,113,0,6,141,4,151,102,0,102,253
08/17/2022,MTN,MD,AEA,EN,Federal Contract Tower,0,4,34,7,45,0,0,84,6,90,0,4,118,13,135,64,0,64,199
08/18/2022,MTN,MD,AEA,EN,Federal Contract Tower,0,16,30,5,51,0,0,121,9,130,0,16,151,14,181,170,6,176,357
08/19/2022,MTN,MD,AEA,EN,Federal Contract Tower,0,13,36,4,53,0,2,112,0,114,0,15,148,4,167,86,0,86,253
08/20/2022,MTN,MD,AEA,EN,Federal Contract Tower,0,3,26,0,29,0,0,146,0,146,0,3,172,0,175,152,0,152,327
08/21/2022,MTN,MD,AEA,EN,Federal Contract Tower,0,11,28,0,39,0,0,30,0,30,0,11,58,0,69,16,0,16,85
08/22/2022,MTN,MD,AEA,EN,Federal Contract Tower,0,12,18,0,30,0,0,20,0,20,0,12,38,0,50,38,0,38,88
08/23/2022,MTN,MD,AEA,EN,Federal Contract Tower,0,6,30,2,38,0,0,115,2,117,0,6,145,4,155,196,0,196,351
08/24/2022,MTN,MD,AEA,EN,Federal Contract Tower,0,12,36,4,52,0,0,147,2,149,0,12,183,6,201,226,0,226,427
08/25/2022,MTN,MD,AEA,EN,Federal Contract Tower,0,12,23,3,38,0,0,144,3,147,0,12,167,6,185,178,0,178,363
08/26/2022,MTN,MD,AEA,EN,Federal Contract Tower,0,11,32,4,47,0,0,116,3,119,0,11,148,7,166,90,4,94,260
08/27/2022,MTN,MD,AEA,EN,Federal Contract Tower,0,6,25,0,31,0,0,139,0,139,0,6,164,0,170,212,0,212,382
08/28/2022,MTN,MD,AEA,EN,Federal Contract Tower,0,15,34,0,49,0,0,77,0,77,0,15,111,0,126,126,0,126,252
08/29/2022,MTN,MD,AEA,EN,Federal Contract Tower,0,8,30,0,38,0,0,100,0,100,0,8,130,0,138,124,0,124,262
08/30/2022,MTN,MD,AEA,EN,Federal Contract Tower,0,5,23,5,33,0,1,76,6,83,0,6,99,11,116,112,5,117,233
08/31/2022,MTN,MD,AEA,EN,Federal Contract Tower,0,8,35,5,48,0,0,135,6,141,0,8,170,11,189,126,0,126,315
09/01/2022,MTN,MD,AEA,EN,Federal Contract Tower,0,8,25,0,33,0,1,143,0,144,0,9,168,0,177,162,0,162,339
09/02/2022,MTN,MD,AEA,EN,Federal Contract Tower,0,7,24,0,31,0,0,148,0,148,0,7,172,0,179,258,0,258,437
09/03/2022,MTN,MD,AEA,EN,Federal Contract Tower,0,2,13,0,15,0,1,130,0,131,0,3,143,0,146,194,0,194,340
09/04/2022,MTN,MD,AEA,EN,Federal Contract Tower,0,5,10,0,15,0,0,117,0,117,0,5,127,0,132,194,0,194,326
09/05/2022,MTN,MD,AEA,EN,Federal Contract Tower,0,10,28,0,38,0,1,92,0,93,0,11,120,0,131,278,0,278,409
09/06/2022,MTN,MD,AEA,EN,Federal Contract Tower,0,2,34,2,38,0,0,17,1,18,0,2,51,3,56,12,0,12,68
09/07/2022,MTN,MD,AEA,EN,Federal Contract Tower,0,4,50,4,58,0,0,10,5,15,0,4,60,9,73,18,0,18,91
09/08/2022,MTN,MD,AEA,EN,Federal Contract Tower,0,8,37,2,47,0,1,130,0,131,0,9,167,2,178,225,0,225,403
09/09/2022,MTN,MD,AEA,EN,Federal Contract Tower,0,4,28,0,32,0,1,125,0,126,0,5,153,0,158,154,0,154,312
09/10/2022,MTN,MD,AEA,EN,Federal Contract Tower,0,1,25,0,26,0,0,80,0,80,0,1,105,0,106,40,0,40,146
09/11/2022,MTN,MD,AEA,EN,Federal Contract Tower,0,3,33,0,36,0,0,1,0,1,0,3,34,0,37,0,0,0,37
09/12/2022,MTN,MD,AEA,EN,Federal Contract Tower,0,4,21,0,25,0,0,20,0,20,0,4,41,0,45,26,0,26,71
09/13/2022,MTN,MD,AEA,EN,Federal Contract Tower,0,8,32,0,40,0,0,122,0,122,0,8,154,0,162,122,0,122,284
09/14/2022,MTN,MD,AEA,EN,Federal Contract Tower,0,6,33,0,39,0,0,174,0,174,0,6,207,0,213,302,0,302,515
09/15/2022,MTN,MD,AEA,EN,Federal Contract Tower,0,6,39,0,45,0,0,119,0,119,0,6,158,0,164,156,0,156,320
09/16/2022,MTN,MD,AEA,EN,Federal Contract Tower,0,6,42,6,54,0,0,143,1,144,0,6,185,7,198,264,0,264,462
09/17/2022,MTN,MD,AEA,EN,Federal Contract Tower,0,5,22,0,27,0,0,124,0,124,0,5,146,0,151,160,0,160,311
09/18/2022,MTN,MD,AEA,EN,Federal Contract Tower,0,48,0,0,48,0,1,137,1,139,0,49,137,1,187,214,2,216,403
09/19/2022,MTN,MD,AEA,EN,Federal Contract Tower,0,4,38,0,42,0,0,148,0,148,0,4,186,0,190,238,0,238,428
09/20/2022,MTN,MD,AEA,EN,Federal Contract Tower,0,13,26,0,39,0,2,117,0,119,0,15,143,0,158,242,0,242,400
09/21/2022,MTN,MD,AEA,EN,Federal Contract Tower,0,5,18,2,25,0,2,131,3,136,0,7,149,5,161,296,0,296,457
09/22/2022,MTN,MD,AEA,EN,Federal Contract Tower,0,12,30,3,45,0,3,31,3,37,0,15,61,6,82,30,0,30,112
09/23/2022,MTN,MD,AEA,EN,Federal Contract Tower,0,6,22,0,28,0,0,58,0,58,0,6,80,0,86,28,0,28,114
09/24/2022,MTN,MD,AEA,EN,Federal Contract Tower,0,5,19,0,24,0,0,156,0,156,0,5,175,0,180,192,0,192,372
09/25/2022,MTN,MD,AEA,EN,Federal Contract Tower,0,7,31,0,38,0,0,58,0,58,0,7,89,0,96,80,0,80,176
09/26/2022,MTN,MD,AEA,EN,Federal Contract Tower,0,8,22,0,30,0,0,97,0,97,0,8,119,0,127,88,0,88,215
09/27/2022,MTN,MD,AEA,EN,Federal Contract Tower,0,9,22,0,31,0,0,99,0,99,0,9,121,0,130,126,2,128,258
09/28/2022,MTN,MD,AEA,EN,Federal Contract Tower,0,10,40,0,50,0,1,122,0,123,0,11,162,0,173,148,0,148,321
09/29/2022,MTN,MD,AEA,EN,Federal Contract Tower,0,7,31,0,38,0,0,127,0,127,0,7,158,0,165,104,2,106,271
09/30/2022,MTN,MD,AEA,EN,Federal Contract Tower,0,5,19,0,24,0,0,57,0,57,0,5,76,0,81,40,0,40,121
10/01/2022,MTN,MD,AEA,EN,Federal Contract Tower,0,1,8,4,13,0,0,0,1,1,0,1,8,5,14,0,0,0,14
10/02/2022,MTN,MD,AEA,EN,Federal Contract Tower,0,8,12,0,20,0,0,0,0,0,0,8,12,0,20,0,0,0,20
10/03/2022,MTN,MD,AEA,EN,Federal Contract Tower,0,4,26,0,30,0,0,30,1,31,0,4,56,1,61,0,0,0,61
10/04/2022,MTN,MD,AEA,EN,Federal Contract Tower,0,2,13,11,26,0,0,2,0,2,0,2,15,11,28,8,0,8,36
10/05/2022,MTN,MD,AEA,EN,Federal Contract Tower,0,17,46,14,77,0,0,30,2,32,0,17,76,16,109,70,0,70,179
10/06/2022,MTN,MD,AEA,EN,Federal Contract Tower,0,5,47,10,62,0,1,167,8,176,0,6,214,18,238,310,6,316,554
10/07/2022,MTN,MD,AEA,EN,Federal Contract Tower,0,13,39,0,52,0,0,143,0,143,0,13,182,0,195,236,0,236,431
10/08/2022,MTN,MD,AEA,EN,Federal Contract Tower,0,11,15,0,26,0,0,142,0,142,0,11,157,0,168,186,0,186,354
10/09/2022,MTN,MD,AEA,EN,Federal Contract Tower,0,10,31,0,41,0,3,94,0,97,0,13,125,0,138,114,0,114,252
10/10/2022,MTN,MD,AEA,EN,Federal Contract Tower,0,10,38,0,48,0,0,129,0,129,0,10,167,0,177,240,0,240,417
10/11/2022,MTN,MD,AEA,EN,Federal Contract Tower,0,7,36,7,50,0,1,175,5,181,0,8,211,12,231,344,4,348,579
10/12/2022,MTN,MD,AEA,EN,Federal Contract Tower,0,13,40,6,59,0,1,145,7,153,0,14,185,13,212,268,4,272,484
10/13/2022,MTN,MD,AEA,EN,Federal Contract Tower,0,5,19,8,32,0,0,9,0,9,0,5,28,8,41,0,0,0,41
10/14/2022,MTN,MD,AEA,EN,Federal Contract Tower,0,6,35,9,50,0,5,229,12,246,0,11,264,21,296,190,0,190,486
10/15/2022,MTN,MD,AEA,EN,Federal Contract Tower,0,3,12,0,15,0,2,139,0,141,0,5,151,0,156,156,0,156,312
10/16/2022,MTN,MD,AEA,EN,Federal Contract Tower,0,6,26,0,32,0,0,73,0,73,0,6,99,0,105,114,0,114,219
10/17/2022,MTN,MD,AEA,EN,Federal Contract Tower,0,12,24,0,36,0,1,53,0,54,0,13,77,0,90,32,0,32,122
10/18/2022,MTN,MD,AEA,EN,Federal Contract Tower,0,11,24,4,39,0,0,108,4,112,0,11,132,8,151,148,2,150,301
10/19/2022,MTN,MD,AEA,EN,Federal Contract Tower,0,5,24,4,33,0,1,97,4,102,0,6,121,8,135,138,0,138,273
10/20/2022,MTN,MD,AEA,EN,Federal Contract Tower,0,6,29,3,38,0,0,112,8,120,0,6,141,11,158,145,0,145,303
10/21/2022,MTN,MD,AEA,EN,Federal Contract Tower,0,11,25,3,39,0,0,149,4,153,0,11,174,7,192,150,4,154,346
10/22/2022,MTN,MD,AEA,EN,Federal Contract Tower,0,6,17,0,23,0,0,132,0,132,0,6,149,0,155,112,0,112,267
10/23/2022,MTN,MD,AEA,EN,Federal Contract Tower,0,11,41,1,53,0,0,30,5,35,0,11,71,6,88,48,2,50,138
10/24/2022,MTN,MD,AEA,EN,Federal Contract Tower,0,3,28,0,31,0,0,18,0,18,0,3,46,0,49,0,0,0,49
10/25/2022,MTN,MD,AEA,EN,Federal Contract Tower,0,12,27,6,45,0,0,0,0,0,0,12,27,6,45,0,0,0,45
10/26/2022,MTN,MD,AEA,EN,Federal Contract Tower,0,5,34,4,43,0,1,19,1,21,0,6,53,5,64,68,0,68,132
10/27/2022,MTN,MD,AEA,EN,Federal Contract Tower,0,4,24,6,34,0,2,135,7,144,0,6,159,13,178,106,0,106,284
10/28/2022,MTN,MD,AEA,EN,Federal Contract Tower,0,9,27,4,40,0,0,117,8,125,0,9,144,12,165,250,0,250,415
10/29/2022,MTN,MD,AEA,EN,Federal Contract Tower,0,7,20,0,27,0,0,167,0,167,0,7,187,0,194,156,0,156,350
10/30/2022,MTN,MD,AEA,EN,Federal Contract Tower,0,7,22,0,29,0,0,103,0,103,0,7,125,0,132,210,0,210,342
10/31/2022,MTN,MD,AEA,EN,Federal Contract Tower,0,12,35,0,47,0,0,21,0,21,0,12,56,0,68,34,0,34,102
11/01/2022,MTN,MD,AEA,EN,Federal Contract Tower,0,9,22,14,45,0,0,92,2,94,0,9,114,16,139,148,6,154,293
11/02/2022,MTN,MD,AEA,EN,Federal Contract Tower,0,7,26,8,41,0,1,141,4,146,0,8,167,12,187,208,4,212,399
11/03/2022,MTN,MD,AEA,EN,Federal Contract Tower,0,12,40,9,61,0,0,120,3,123,0,12,160,12,184,262,0,262,446
11/04/2022,MTN,MD,AEA,EN,Federal Contract Tower,0,9,18,3,30,0,0,80,3,83,0,9,98,6,113,126,8,134,247
11/05/2022,MTN,MD,AEA,EN,Federal Contract Tower,0,1,10,1,12,0,0,32,6,38,0,1,42,7,50,28,12,40,90
11/06/2022,MTN,MD,AEA,EN,Federal Contract Tower,0,7,34,0,41,0,0,33,0,33,0,7,67,0,74,62,0,62,136
11/07/2022,MTN,MD,AEA,EN,Federal Contract Tower,0,8,21,0,29,0,2,138,0,140,0,10,159,0,169,108,0,108,277
11/08/2022,MTN,MD,AEA,EN,Federal Contract Tower,0,9,22,6,37,0,0,69,8,77,0,9,91,14,114,86,4,90,204
11/09/2022,MTN,MD,AEA,EN,Federal Contract Tower,0,5,16,6,27,0,0,127,2,129,0,5,143,8,156,182,0,182,338
11/10/2022,MTN,MD,AEA,EN,Federal Contract Tower,0,8,30,3,41,0,0,147,5,152,0,8,177,8,193,310,6,316,509
11/11/2022,MTN,MD,AEA,EN,Federal Contract Tower,0,5,21,1,27,0,0,0,0,0,0,5,21,1,27,0,0,0,27
11/12/2022,MTN,MD,AEA,EN,Federal Contract Tower,0,5,14,2,21,0,0,105,0,105,0,5,119,2,126,102,0,102,228
11/13/2022,MTN,MD,AEA,EN,Federal Contract Tower,0,16,23,0,39,0,0,14,1,15,0,16,37,1,54,24,0,24,78
11/14/2022,MTN,MD,AEA,EN,Federal Contract Tower,0,9,17,0,26,0,1,109,0,110,0,10,126,0,136,206,0,206,342
11/15/2022,MTN,MD,AEA,EN,Federal Contract Tower,0,13,15,2,30,0,0,64,3,67,0,13,79,5,97,148,0,148,245
11/16/2022,MTN,MD,AEA,EN,Federal Contract Tower,0,7,26,5,38,0,1,38,6,45,0,8,64,11,83,114,2,116,199
11/17/2022,MTN,MD,AEA,EN,Federal Contract Tower,0,11,33,9,53,0,1,42,9,52,0,12,75,18,105,34,2,36,141
11/18/2022,MTN,MD,AEA,EN,Federal Contract Tower,0,7,28,3,38,0,0,94,0,94,0,7,122,3,132,110,0,110,242
11/19/2022,MTN,MD,AEA,EN,Federal Contract Tower,0,13,32,0,45,0,0,152,0,152,0,13,184,0,197,176,0,176,373
11/20/2022,MTN,MD,AEA,EN,Federal Contract Tower,0,15,21,0,36,0,1,23,9,33,0,16,44,9,69,0,0,0,69
11/21/2022,MTN,MD,AEA,EN,Federal Contract Tower,0,14,26,4,44,0,1,142,1,144,0,15,168,5,188,126,0,126,314
11/22/2022,MTN,MD,AEA,EN,Federal Contract Tower,0,13,5,0,18,0,1,138,6,145,0,14,143,6,163,150,8,158,321
11/23/2022,MTN,MD,AEA,EN,Federal Contract Tower,0,4,18,0,22,0,0,145,0,145,0,4,163,0,167,270,0,270,437
11/24/2022,MTN,MD,AEA,EN,Federal Contract Tower,0,0,6,0,6,0,0,61,0,61,0,0,67,0,67,44,0,44,111
11/25/2022,MTN,MD,AEA,EN,Federal Contract Tower,0,2,10,0,12,0,0,24,0,24,0,2,34,0,36,92,0,92,128
11/26/2022,MTN,MD,AEA,EN,Federal Contract Tower,0,13,25,0,38,0,0,142,0,142,0,13,167,0,180,238,0,238,418
11/27/2022,MTN,MD,AEA,EN,Federal Contract Tower,0,6,22,0,28,0,1,8,0,9,0,7,30,0,37,18,0,18,55
11/28/2022,MTN,MD,AEA,EN,Federal Contract Tower,0,9,30,0,39,0,0,71,0,71,0,9,101,0,110,70,0,70,180
11/29/2022,MTN,MD,AEA,EN,Federal Contract Tower,0,11,26,4,41,0,2,126,3,131,0,13,152,7,172,260,2,262,434
11/30/2022,MTN,MD,AEA,EN,Federal Contract Tower,0,5,14,5,24,0,0,6,0,6,0,5,20,5,30,0,0,0,30
12/01/2022,MTN,MD,AEA,EN,Federal Contract Tower,0,8,24,6,38,0,0,44,4,48,0,8,68,10,86,6,4,10,96
12/02/2022,MTN,MD,AEA,EN,Federal Contract Tower,0,6,28,7,41,0,1,137,2,140,0,7,165,9,181,170,8,178,359
12/03/2022,MTN,MD,AEA,EN,Federal Contract Tower,0,4,9,8,21,0,0,13,0,13,0,4,22,8,34,4,0,4,38
12/04/2022,MTN,MD,AEA,EN,Federal Contract Tower,0,5,43,3,51,0,2,132,0,134,0,7,175,3,185,152,0,152,337
12/05/2022,MTN,MD,AEA,EN,Federal Contract Tower,0,13,16,2,31,0,2,137,0,139,0,15,153,2,170,186,0,186,356
12/06/2022,MTN,MD,AEA,EN,Federal Contract Tower,0,5,19,4,28,0,0,0,0,0,0,5,19,4,28,0,0,0,28
12/07/2022,MTN,MD,AEA,EN,Federal Contract Tower,0,2,19,19,40,0,0,0,0,0,0,2,19,19,40,0,0,0,40
12/08/2022,MTN,MD,AEA,EN,Federal Contract Tower,0,4,29,7,40,0,1,123,6,130,0,5,152,13,170,214,4,218,388
12/09/2022,MTN,MD,AEA,EN,Federal Contract Tower,0,5,27,0,32,0,1,132,0,133,0,6,159,0,165,178,0,178,343
12/10/2022,MTN,MD,AEA,EN,Federal Contract Tower,0,9,14,0,23,0,0,173,0,173,0,9,187,0,196,227,0,227,423
12/11/2022,MTN,MD,AEA,EN,Federal Contract Tower,0,2,12,0,14,0,0,0,0,0,0,2,12,0,14,0,0,0,14
12/12/2022,MTN,MD,AEA,EN,Federal Contract Tower,0,12,29,0,41,0,0,72,0,72,0,12,101,0,113,86,0,86,199
12/13/2022,MTN,MD,AEA,EN,Federal Contract Tower,0,5,24,11,40,0,0,118,6,124,0,5,142,17,164,220,4,224,388
12/14/2022,MTN,MD,AEA,EN,Federal Contract Tower,0,2,29,6,37,0,0,135,7,142,0,2,164,13,179,301,2,303,482
12/15/2022,MTN,MD,AEA,EN,Federal Contract Tower,0,1,10,0,11,0,0,0,0,0,0,1,10,0,11,0,0,0,11
12/16/2022,MTN,MD,AEA,EN,Federal Contract Tower,0,11,28,0,39,0,1,36,0,37,0,12,64,0,76,26,0,26,102
12/17/2022,MTN,MD,AEA,EN,Federal Contract Tower,0,0,27,0,27,0,0,67,0,67,0,0,94,0,94,20,0,20,114
12/18/2022,MTN,MD,AEA,EN,Federal Contract Tower,0,5,29,0,34,0,1,54,0,55,0,6,83,0,89,54,0,54,143
12/19/2022,MTN,MD,AEA,EN,Federal Contract Tower,0,7,10,2,19,0,1,86,0,87,0,8,96,2,106,134,0,134,240
12/20/2022,MTN,MD,AEA,EN,Federal Contract Tower,0,8,32,9,49,0,0,122,4,126,0,8,154,13,175,202,2,204,379
12/21/2022,MTN,MD,AEA,EN,Federal Contract Tower,0,5,33,8,46,0,0,139,5,144,0,5,172,13,190,178,4,182,372
12/22/2022,MTN,MD,AEA,EN,Federal Contract Tower,0,7,13,2,22,0,0,4,1,5,0,7,17,3,27,6,0,6,33
12/23/2022,MTN,MD,AEA,EN,Federal Contract Tower,0,1,4,0,5,0,0,0,0,0,0,1,4,0,5,0,0,0,5
12/24/2022,MTN,MD,AEA,EN,Federal Contract Tower,0,3,8,0,11,0,0,5,0,5,0,3,13,0,16,0,0,0,16
12/25/2022,MTN,MD,AEA,EN,Federal Contract Tower,0,3,4,0,7,0,3,10,0,13,0,6,14,0,20,0,0,0,20
12/26/2022,MTN,MD,AEA,EN,Federal Contract Tower,0,4,22,0,26,0,0,76,0,76,0,4,98,0,102,100,0,100,202
12/27/2022,MTN,MD,AEA,EN,Federal Contract Tower,0,6,35,1,42,0,0,118,1,119,0,6,153,2,161,178,0,178,339
12/28/2022,MTN,MD,AEA,EN,Federal Contract Tower,0,1,26,0,27,0,0,131,0,131,0,1,157,0,158,130,0,130,288
12/29/2022,MTN,MD,AEA,EN,Federal Contract Tower,0,5,18,0,23,0,1,117,0,118,0,6,135,0,141,138,0,138,279
12/30/2022,MTN,MD,AEA,EN,Federal Contract Tower,0,5,10,0,15,0,0,161,0,161,0,5,171,0,176,226,0,226,402
12/31/2022,MTN,MD,AEA,EN,Federal Contract Tower,0,1,2,0,3,0,0,0,0,0,0,1,2,0,3,0,0,0,3
01/01/2023,MTN,MD,AEA,EN,Federal Contract Tower,0,4,15,0,19,0,0,63,0,63,0,4,78,0,82,80,0,80,162
01/02/2023,MTN,MD,AEA,EN,Federal Contract Tower,0,7,38,0,45,0,1,148,0,149,0,8,186,0,194,230,0,230,424
01/03/2023,MTN,MD,AEA,EN,Federal Contract Tower,0,5,29,9,43,0,0,28,9,37,0,5,57,18,80,10,0,10,90
01/04/2023,MTN,MD,AEA,EN,Federal Contract Tower,0,4,22,10,36,0,1,15,3,19,0,5,37,13,55,20,8,28,83
01/05/2023,MTN,MD,AEA,EN,Federal Contract Tower,0,9,13,4,26,0,0,141,6,147,0,9,154,10,173,112,0,112,285
01/06/2023,MTN,MD,AEA,EN,Federal Contract Tower,0,5,16,3,24,0,1,64,2,67,0,6,80,5,91,120,0,120,211
01/07/2023,MTN,MD,AEA,EN,Federal Contract Tower,0,1,17,8,26,0,0,120,9,129,0,1,137,17,155,160,6,166,321
01/08/2023,MTN,MD,AEA,EN,Federal Contract Tower,0,6,24,0,30,0,1,117,0,118,0,7,141,0,148,106,0,106,254
01/09/2023,MTN,MD,AEA,EN,Federal Contract Tower,0,4,21,1,26,0,0,84,1,85,0,4,105,2,111,112,0,112,223
01/10/2023,MTN,MD,AEA,EN,Federal Contract Tower,0,7,12,8,27,0,0,122,6,128,0,7,134,14,155,138,2,140,295
01/11/2023,MTN,MD,AEA,EN,Federal Contract Tower,0,5,22,5,32,0,0,124,5,129,0,5,146,10,161,194,2,196,357
01/12/2023,MTN,MD,AEA,EN,Federal Contract Tower,0,7,23,6,36,0,1,53,4,58,0,8,76,10,94,90,0,90,184
01/13/2023,MTN,MD,AEA,EN,Federal Contract Tower,0,2,19,0,21,0,1,31,0,32,0,3,50,0,53,0,0,0,53
01/14/2023,MTN,MD,AEA,EN,Federal Contract Tower,0,5,4,0,9,0,0,20,0,20,0,5,24,0,29,8,0,8,37
01/15/2023,MTN,MD,AEA,EN,Federal Contract Tower,0,8,6,0,14,0,0,58,0,58,0,8,64,0,72,32,0,32,104
01/16/2023,MTN,MD,AEA,EN,Federal Contract Tower,0,8,26,0,34,0,0,153,0,153,0,8,179,0,187,190,0,190,377
01/17/2023,MTN,MD,AEA,EN,Federal Contract Tower,0,5,20,4,29,0,0,47,3,50,0,5,67,7,79,156,0,156,235
01/18/2023,MTN,MD,AEA,EN,Federal Contract Tower,0,3,21,3,27,0,0,98,1,99,0,3,119,4,126,172,2,174,300
01/19/2023,MTN,MD,AEA,EN,Federal Contract Tower,0,2,7,12,21,0,0,10,0,10,0,2,17,12,31,0,0,0,31
01/20/2023,MTN,MD,AEA,EN,Federal Contract Tower,0,4,18,0,22,0,2,32,0,34,0,6,50,0,56,4,0,4,60
01/21/2023,MTN,MD,AEA,EN,Federal Contract Tower,0,2,16,0,18,0,1,153,0,154,0,3,169,0,172,166,0,166,338
01/22/2023,MTN,MD,AEA,EN,Federal Contract Tower,0,6,9,0,15,0,0,64,0,64,0,6,73,0,79,152,0,152,231
01/23/2023,MTN,MD,AEA,EN,Federal Contract Tower,0,5,15,0,20,0,0,20,2,22,0,5,35,2,42,0,0,0,42
01/24/2023,MTN,MD,AEA,EN,Federal Contract Tower,0,2,14,0,16,0,0,118,1,119,0,2,132,1,135,154,0,154,289
01/25/2023,MTN,MD,AEA,EN,Federal Contract Tower,0,5,14,1,20,0,0,51,1,52,0,5,65,2,72,88,0,88,160
01/26/2023,MTN,MD,AEA,EN,Federal Contract Tower,0,11,20,2,33,0,1,35,0,36,0,12,55,2,69,8,0,8,77
01/27/2023,MTN,MD,AEA,EN,Federal Contract Tower,0,5,22,3,30,0,0,100,3,103,0,5,122,6,133,124,6,130,263
01/28/2023,MTN,MD,AEA,EN,Federal Contract Tower,0,2,40,0,42,0,0,179,0,179,0,2,219,0,221,170,0,170,391
01/29/2023,MTN,MD,AEA,EN,Federal Contract Tower,0,2,16,0,18,0,0,125,0,125,0,2,141,0,143,124,0,124,267
01/30/2023,MTN,MD,AEA,EN,Federal Contract Tower,0,6,17,0,23,0,2,56,0,58,0,8,73,0,81,104,0,104,185
01/31/2023,MTN,MD,AEA,EN,Federal Contract Tower,0,9,20,5,34,0,1,45,4,50,0,10,65,9,84,104,0,104,188
02/01/2023,MTN,MD,AEA,EN,Federal Contract Tower,0,8,23,5,36,0,0,141,6,147,0,8,164,11,183,156,8,164,347
02/02/2023,MTN,MD,AEA,EN,Federal Contract Tower,0,7,21,6,34,0,1,127,5,133,0,8,148,11,167,210,2,212,379
02/03/2023,MTN,MD,AEA,EN,Federal Contract Tower,0,5,9,6,20,0,5,13,6,24,0,10,22,12,44,0,6,6,50
02/04/2023,MTN,MD,AEA,EN,Federal Contract Tower,0,8,20,1,29,0,0,120,0,120,0,8,140,1,149,188,0,188,337
02/05/2023,MTN,MD,AEA,EN,Federal Contract Tower,0,3,17,0,20,0,1,80,0,81,0,4,97,0,101,96,0,96,197
02/07/2023,MTN,MD,AEA,EN,Federal Contract Tower,0,3,12,14,29,0,0,108,2,110,0,3,120,16,139,238,4,242,381
02/08/2023,MTN,MD,AEA,EN,Federal Contract Tower,0,3,25,9,37,0,0,162,9,171,0,3,187,18,208,220,0,220,428
02/09/2023,MTN,MD,AEA,EN,Federal Contract Tower,0,5,27,6,38,0,1,100,5,106,0,6,127,11,144,154,6,160,304
02/10/2023,MTN,MD,AEA,EN,Federal Contract Tower,0,1,16,7,24,0,0,63,8,71,0,1,79,15,95,44,14,58,153
02/11/2023,MTN,MD,AEA,EN,Federal Contract Tower,0,0,28,6,34,0,0,141,6,147,0,0,169,12,181,184,4,188,369
02/12/2023,MTN,MD,AEA,EN,Federal Contract Tower,0,6,4,0,10,0,1,27,0,28,0,7,31,0,38,74,0,74,112
02/13/2023,MTN,MD,AEA,EN,Federal Contract Tower,0,7,19,0,26,0,0,109,0,109,0,7,128,0,135,185,0,185,320
02/14/2023,MTN,MD,AEA,EN,Federal Contract Tower,0,8,13,3,24,0,7,116,5,128,0,15,129,8,152,152,2,154,306
02/15/2023,MTN,MD,AEA,EN,Federal Contract Tower,0,6,24,4,34,0,0,88,7,95,0,6,112,11,129,111,0,111,240
02/16/2023,MTN,MD,AEA,EN,Federal Contract Tower,0,7,33,5,45,0,0,35,3,38,0,7,68,8,83,114,0,114,197
02/17/2023,MTN,MD,AEA,EN,Federal Contract Tower,0,5,20,0,25,0,0,3,0,3,0,5,23,0,28,0,0,0,28
02/18/2023,MTN,MD,AEA,EN,Federal Contract Tower,0,5,11,0,16,0,0,150,0,150,0,5,161,0,166,164,0,164,330
02/19/2023,MTN,MD,AEA,EN,Federal Contract Tower,0,8,22,0,30,0,0,108,0,108,0,8,130,0,138,92,0,92,230
02/20/2023,MTN,MD,AEA,EN,Federal Contract Tower,0,8,24,0,32,0,5,114,0,119,0,13,138,0,151,193,0,193,344
02/21/2023,MTN,MD,AEA,EN,Federal Contract Tower,0,4,11,5,20,0,0,67,8,75,0,4,78,13,95,104,10,114,209
02/22/2023,MTN,MD,AEA,EN,Federal Contract Tower,0,12,21,8,41,0,0,72,8,80,0,12,93,16,121,98,6,104,225
02/23/2023,MTN,MD,AEA,EN,Federal Contract Tower,0,11,19,6,36,0,2,142,6,150,0,13,161,12,186,162,4,166,352
02/24/2023,MTN,MD,AEA,EN,Federal Contract Tower,0,10,17,3,30,0,1,31,3,35,0,11,48,6,65,20,6,26,91
02/25/2023,MTN,MD,AEA,EN,Federal Contract Tower,0,7,4,0,11,0,1,34,0,35,0,8,38,0,46,60,0,60,106
02/26/2023,MTN,MD,AEA,EN,Federal Contract Tower,0,0,23,0,23,0,0,74,0,74,0,0,97,0,97,90,0,90,187
02/27/2023,MTN,MD,AEA,EN,Federal Contract Tower,0,15,17,0,32,0,1,92,0,93,0,16,109,0,125,185,0,185,310
02/28/2023,MTN,MD,AEA,EN,Federal Contract Tower,0,7,22,0,29,0,0,46,0,46,0,7,68,0,75,32,0,32,107
03/01/2023,MTN,MD,AEA,EN,Federal Contract Tower,0,3,19,0,22,0,0,124,1,125,0,3,143,1,147,202,0,202,349
03/02/2023,MTN,MD,AEA,EN,Federal Contract Tower,0,6,28,8,42,0,0,96,7,103,0,6,124,15,145,120,4,124,269
03/03/2023,MTN,MD,AEA,EN,Federal Contract Tower,0,2,14,8,24,0,0,55,1,56,0,2,69,9,80,132,0,132,212
03/04/2023,MTN,MD,AEA,EN,Federal Contract Tower,0,4,9,10,23,0,0,27,9,36,0,4,36,19,59,24,0,24,83
03/05/2023,MTN,MD,AEA,EN,Federal Contract Tower,0,6,19,0,25,0,0,113,0,113,0,6,132,0,138,150,0,150,288
03/06/2023,MTN,MD,AEA,EN,Federal Contract Tower,0,7,21,1,29,0,2,151,0,153,0,9,172,1,182,240,0,240,422
03/07/2023,MTN,MD,AEA,EN,Federal Contract Tower,0,9,18,5,32,0,0,44,5,49,0,9,62,10,81,28,0,28,109
03/08/2023,MTN,MD,AEA,EN,Federal Contract Tower,0,4,21,9,34,0,0,59,9,68,0,4,80,18,102,90,0,90,192
03/09/2023,MTN,MD,AEA,EN,Federal Contract Tower,0,8,21,6,35,0,0,194,6,200,0,8,215,12,235,260,0,260,495
03/10/2023,MTN,MD,AEA,EN,Federal Contract Tower,0,14,11,2,27,0,0,37,2,39,0,14,48,4,66,40,4,44,110
03/11/2023,MTN,MD,AEA,EN,Federal Contract Tower,0,13,13,0,26,0,0,37,0,37,0,13,50,0,63,54,0,54,117
03/12/2023,MTN,MD,AEA,EN,Federal Contract Tower,0,14,29,0,43,0,0,107,0,107,0,14,136,0,150,184,0,184,334
03/13/2023,MTN,MD,AEA,EN,Federal Contract Tower,0,10,13,0,23,0,0,27,0,27,0,10,40,0,50,122,0,122,172
03/14/2023,MTN,MD,AEA,EN,Federal Contract Tower,0,3,7,4,14,0,0,3,4,7,0,3,10,8,21,0,0,0,21
03/15/2023,MTN,MD,AEA,EN,Federal Contract Tower,0,4,10,4,18,0,0,21,3,24,0,4,31,7,42,10,0,10,52
03/16/2023,MTN,MD,AEA,EN,Federal Contract Tower,0,3,28,2,33,0,1,186,4,191,0,4,214,6,224,376,2,378,602
03/17/2023,MTN,MD,AEA,EN,Federal Contract Tower,0,7,11,3,21,0,1,123,4,128,0,8,134,7,149,152,8,160,309
03/18/2023,MTN,MD,AEA,EN,Federal Contract Tower,0,13,32,0,45,0,2,104,0,106,0,15,136,0,151,78,0,78,229
03/19/2023,MTN,MD,AEA,EN,Federal Contract Tower,0,10,22,0,32,0,0,35,0,35,0,10,57,0,67,10,0,10,77
03/20/2023,MTN,MD,AEA,EN,Federal Contract Tower,0,10,22,0,32,0,0,193,0,193,0,10,215,0,225,268,0,268,493
03/21/2023,MTN,MD,AEA,EN,Federal Contract Tower,0,8,17,1,26,0,1,168,2,171,0,9,185,3,197,292,0,292,489
03/22/2023,MTN,MD,AEA,EN,Federal Contract Tower,0,6,16,2,24,0,0,171,0,171,0,6,187,2,195,272,0,272,467
03/23/2023,MTN,MD,AEA,EN,Federal Contract Tower,0,6,18,2,26,0,0,51,2,53,0,6,69,4,79,112,0,112,191
03/24/2023,MTN,MD,AEA,EN,Federal Contract Tower,0,11,38,7,56,0,0,40,0,40,0,11,78,7,96,60,0,60,156
03/25/2023,MTN,MD,AEA,EN,Federal Contract Tower,0,1,14,0,15,0,0,4,0,4,0,1,18,0,19,0,0,0,19
03/26/2023,MTN,MD,AEA,EN,Federal Contract Tower,0,3,22,0,25,0,0,88,0,88,0,3,110,0,113,106,0,106,219
03/27/2023,MTN,MD,AEA,EN,Federal Contract Tower,0,12,34,2,48,0,0,108,0,108,0,12,142,2,156,170,0,170,326
03/28/2023,MTN,MD,AEA,EN,Federal Contract Tower,0,7,25,4,36,0,0,134,4,138,0,7,159,8,174,188,2,190,364
03/29/2023,MTN,MD,AEA,EN,Federal Contract Tower,0,9,28,3,40,0,0,187,3,190,0,9,215,6,230,270,0,270,500
03/30/2023,MTN,MD,AEA,EN,Federal Contract Tower,0,5,28,7,40,0,1,154,3,158,0,6,182,10,198,286,2,288,486
03/31/2023,MTN,MD,AEA,EN,Federal Contract Tower,0,4,18,6,28,0,0,102,0,102,0,4,120,6,130,192,0,192,322
04/01/2023,MTN,MD,AEA,EN,Federal Contract Tower,0,4,10,0,14,0,0,0,0,0,0,4,10,0,14,0,0,0,14
04/02/2023,MTN,MD,AEA,EN,Federal Contract Tower,0,11,20,0,31,0,1,76,0,77,0,12,96,0,108,104,0,104,212
04/03/2023,MTN,MD,AEA,EN,Federal Contract Tower,0,9,20,0,29,0,0,83,0,83,0,9,103,0,112,46,0,46,158
04/05/2023,MTN,MD,AEA,EN,Federal Contract Tower,0,6,20,5,31,0,0,96,3,99,0,6,116,8,130,120,0,120,250
04/06/2023,MTN,MD,AEA,EN,Federal Contract Tower,0,11,21,2,34,0,1,71,2,74,0,12,92,4,108,170,0,170,278
04/07/2023,MTN,MD,AEA,EN,Federal Contract Tower,0,5,27,3,35,0,0,111,3,114,0,5,138,6,149,206,10,216,365
04/08/2023,MTN,MD,AEA,EN,Federal Contract Tower,0,0,30,0,30,0,0,130,0,130,0,0,160,0,160,114,0,114,274
04/09/2023,MTN,MD,AEA,EN,Federal Contract Tower,0,3,17,0,20,0,1,103,1,105,0,4,120,1,125,219,2,221,346
04/10/2023,MTN,MD,AEA,EN,Federal Contract Tower,0,5,33,0,38,0,0,151,0,151,0,5,184,0,189,238,0,238,427
04/11/2023,MTN,MD,AEA,EN,Federal Contract Tower,0,7,31,6,44,0,0,163,10,173,0,7,194,16,217,232,2,234,451
04/12/2023,MTN,MD,AEA,EN,Federal Contract Tower,0,5,14,6,25,0,0,73,3,76,0,5,87,9,101,112,14,126,227
04/13/2023,MTN,MD,AEA,EN,Federal Contract Tower,0,10,20,5,35,0,1,133,3,137,0,11,153,8,172,190,2,192,364
04/14/2023,MTN,MD,AEA,EN,Federal Contract Tower,0,10,32,4,46,0,1,141,4,146,0,11,173,8,192,232,2,234,426
04/15/2023,MTN,MD,AEA,EN,Federal Contract Tower,0,9,26,0,35,0,2,16,0,18,0,11,42,0,53,6,0,6,59
04/16/2023,MTN,MD,AEA,EN,Federal Contract Tower,0,8,20,0,28,0,0,78,0,78,0,8,98,0,106,140,6,146,252
04/17/2023,MTN,MD,AEA,EN,Federal Contract Tower,0,4,25,0,29,0,0,68,0,68,0,4,93,0,97,88,0,88,185
04/18/2023,MTN,MD,AEA,EN,Federal Contract Tower,0,7,12,5,24,0,1,49,9,59,0,8,61,14,83,40,2,42,125
04/19/2023,MTN,MD,AEA,EN,Federal Contract Tower,0,6,26,2,34,0,0,108,1,109,0,6,134,3,143,140,0,140,283
04/20/2023,MTN,MD,AEA,EN,Federal Contract Tower,0,11,24,3,38,0,0,159,2,161,0,11,183,5,199,340,2,342,541
04/21/2023,MTN,MD,AEA,EN,Federal Contract Tower,0,6,24,1,31,0,0,105,6,111,0,6,129,7,142,184,2,186,328
04/22/2023,MTN,MD,AEA,EN,Federal Contract Tower,0,0,9,0,9,0,0,18,0,18,0,0,27,0,27,8,0,8,35
04/23/2023,MTN,MD,AEA,EN,Federal Contract Tower,4,0,15,0,19,0,0,97,0,97,4,0,112,0,116,124,0,124,240
04/24/2023,MTN,MD,AEA,EN,Federal Contract Tower,0,4,25,0,29,0,0,148,0,148,0,4,173,0,177,111,0,111,288
04/25/2023,MTN,MD,AEA,EN,Federal Contract Tower,0,6,24,7,37,0,0,165,3,168,0,6,189,10,205,186,0,186,391
04/26/2023,MTN,MD,AEA,EN,Federal Contract Tower,0,6,26,6,38,0,0,142,5,147,0,6,168,11,185,288,0,288,473
04/27/2023,MTN,MD,AEA,EN,Federal Contract Tower,0,5,48,11,64,0,2,103,2,107,0,7,151,13,171,182,0,182,353
04/28/2023,MTN,MD,AEA,EN,Federal Contract Tower,0,7,16,1,24,0,0,3,0,3,0,7,19,1,27,0,0,0,27
04/29/2023,MTN,MD,AEA,EN,Federal Contract Tower,0,4,31,0,35,0,1,10,0,11,0,5,41,0,46,0,0,0,46
04/30/2023,MTN,MD,AEA,EN,Federal Contract Tower,0,5,19,4,28,0,0,0,0,0,0,5,19,4,28,0,0,0,28
05/01/2023,MTN,MD,AEA,EN,Federal Contract Tower,0,5,21,4,30,0,0,28,1,29,0,5,49,5,59,24,0,24,83
05/02/2023,MTN,MD,AEA,EN,Federal Contract Tower,0,2,20,5,27,0,0,41,5,46,0,2,61,10,73,42,6,48,121
05/03/2023,MTN,MD,AEA,EN,Federal Contract Tower,0,3,29,6,38,0,0,63,7,70,0,3,92,13,108,112,2,114,222
05/04/2023,MTN,MD,AEA,EN,Federal Contract Tower,0,9,20,5,34,0,0,146,7,153,0,9,166,12,187,238,0,238,425
05/05/2023,MTN,MD,AEA,EN,Federal Contract Tower,0,12,34,7,53,0,0,184,5,189,0,12,218,12,242,248,14,262,504
05/06/2023,MTN,MD,AEA,EN,Federal Contract Tower,0,3,22,10,35,0,1,144,5,150,0,4,166,15,185,212,4,216,401
05/07/2023,MTN,MD,AEA,EN,Federal Contract Tower,0,5,19,0,24,0,0,119,0,119,0,5,138,0,143,234,0,234,377
05/08/2023,MTN,MD,AEA,EN,Federal Contract Tower,0,7,24,0,31,0,0,115,2,117,0,7,139,2,148,206,0,206,354
05/09/2023,MTN,MD,AEA,EN,Federal Contract Tower,0,9,26,10,45,0,1,134,0,135,0,10,160,10,180,188,0,188,368
05/10/2023,MTN,MD,AEA,EN,Federal Contract Tower,0,11,23,5,39,0,0,177,5,182,0,11,200,10,221,308,0,308,529
05/11/2023,MTN,MD,AEA,EN,Federal Contract Tower,0,5,31,2,38,0,0,183,2,185,0,5,214,4,223,250,4,254,477
05/12/2023,MTN,MD,AEA,EN,Federal Contract Tower,0,8,36,5,49,0,0,143,5,148,0,8,179,10,197,180,6,186,383
05/14/2023,MTN,MD,AEA,EN,Federal Contract Tower,0,4,37,0,41,0,0,102,0,102,0,4,139,0,143,88,0,88,231
05/15/2023,MTN,MD,AEA,EN,Federal Contract Tower,0,12,23,5,40,0,0,155,0,155,0,12,178,5,195,238,0,238,433
05/16/2023,MTN,MD,AEA,EN,Federal Contract Tower,0,12,20,2,34,0,0,121,0,121,0,12,141,2,155,174,0,174,329
05/17/2023,MTN,MD,AEA,EN,Federal Contract Tower,0,3,37,7,47,1,0,135,9,145,1,3,172,16,192,164,4,168,360
05/18/2023,MTN,MD,AEA,EN,Federal Contract Tower,0,7,33,4,44,0,0,147,4,151,0,7,180,8,195,233,22,255,450
05/19/2023,MTN,MD,AEA,EN,Federal Contract Tower,0,9,35,4,48,0,2,149,3,154,0,11,184,7,202,190,4,194,396
05/20/2023,MTN,MD,AEA,EN,Federal Contract Tower,0,10,18,0,28,0,0,56,2,58,0,10,74,2,86,1,18,19,105
05/21/2023,MTN,MD,AEA,EN,Federal Contract Tower,0,13,32,0,45,0,0,136,0,136,0,13,168,0,181,102,0,102,283
05/22/2023,MTN,MD,AEA,EN,Federal Contract Tower,0,7,17,0,24,0,0,187,0,187,0,7,204,0,211,288,0,288,499
05/23/2023,MTN,MD,AEA,EN,Federal Contract Tower,0,11,30,2,43,0,0,130,0,130,0,11,160,2,173,222,0,222,395
05/24/2023,MTN,MD,AEA,EN,Federal Contract Tower,0,13,30,5,48,0,1,148,3,152,0,14,178,8,200,168,6,174,374
05/25/2023,MTN,MD,AEA,EN,Federal Contract Tower,0,3,35,1,39,0,1,104,2,107,0,4,139,3,146,158,4,162,308
05/26/2023,MTN,MD,AEA,EN,Federal Contract Tower,0,5,36,0,41,0,1,137,0,138,0,6,173,0,179,182,0,182,361
05/27/2023,MTN,MD,AEA,EN,Federal Contract Tower,0,2,14,0,16,0,0,135,0,135,0,2,149,0,151,160,0,160,311
05/28/2023,MTN,MD,AEA,EN,Federal Contract Tower,0,3,14,0,17,0,0,89,0,89,0,3,103,0,106,146,0,146,252
05/29/2023,MTN,MD,AEA,EN,Federal Contract Tower,0,7,9,0,16,0,1,64,0,65,0,8,73,0,81,156,0,156,237
05/30/2023,MTN,MD,AEA,EN,Federal Contract Tower,0,11,30,2,43,0,0,120,0,120,0,11,150,2,163,116,0,116,279
05/31/2023,MTN,MD,AEA,EN,Federal Contract Tower,0,8,28,0,36,0,2,153,1,156,0,10,181,1,192,174,2,176,368
06/01/2023,MTN,MD,AEA,EN,Federal Contract Tower,0,13,41,3,57,0,0,146,3,149,0,13,187,6,206,318,2,320,526
06/02/2023,MTN,MD,AEA,EN,Federal Contract Tower,0,12,26,5,43,0,1,147,1,149,0,13,173,6,192,154,0,154,346
06/03/2023,MTN,MD,AEA,EN,Federal Contract Tower,0,7,26,0,33,0,0,81,0,81,0,7,107,0,114,104,0,104,218
06/04/2023,MTN,MD,AEA,EN,Federal Contract Tower,0,1,20,2,23,0,0,133,1,134,0,1,153,3,157,224,2,226,383
06/05/2023,MTN,MD,AEA,EN,Federal Contract Tower,0,8,14,0,22,0,0,145,1,146,0,8,159,1,168,204,0,204,372
06/07/2023,MTN,MD,AEA,EN,Federal Contract Tower,0,6,35,2,43,0,0,53,3,56,0,6,88,5,99,152,0,152,251
06/08/2023,MTN,MD,AEA,EN,Federal Contract Tower,0,5,33,1,39,0,0,24,0,24,0,5,57,1,63,30,0,30,93
06/09/2023,MTN,MD,AEA,EN,Federal Contract Tower,0,6,18,1,25,0,0,109,0,109,0,6,127,1,134,120,0,120,254
06/10/2023,MTN,MD,AEA,EN,Federal Contract Tower,0,3,32,0,35,0,1,122,1,124,0,4,154,1,159,52,0,52,211
06/11/2023,MTN,MD,AEA,EN,Federal Contract Tower,0,9,17,1,27,0,1,94,0,95,0,10,111,1,122,140,0,140,262
06/12/2023,MTN,MD,AEA,EN,Federal Contract Tower,0,4,13,2,19,0,0,21,1,22,0,4,34,3,41,0,0,0,41
06/13/2023,MTN,MD,AEA,EN,Federal Contract Tower,0,4,27,1,32,0,0,132,2,134,0,4,159,3,166,256,2,258,424
06/14/2023,MTN,MD,AEA,EN,Federal Contract Tower,0,9,23,3,35,0,0,63,1,64,0,9,86,4,99,76,0,76,175
06/15/2023,MTN,MD,AEA,EN,Federal Contract Tower,0,5,32,1,38,0,0,164,0,164,0,5,196,1,202,222,1,223,425
06/16/2023,MTN,MD,AEA,EN,Federal Contract Tower,0,5,18,3,26,0,1,57,0,58,0,6,75,3,84,80,0,80,164
06/17/2023,MTN,MD,AEA,EN,Federal Contract Tower,0,7,19,2,28,0,1,105,0,106,0,8,124,2,134,124,0,124,258
06/18/2023,MTN,MD,AEA,EN,Federal Contract Tower,0,0,21,1,22,0,1,129,0,130,0,1,150,1,152,92,0,92,244
06/19/2023,MTN,MD,AEA,EN,Federal Contract Tower,0,5,12,0,17,0,0,105,0,105,0,5,117,0,122,234,0,234,356
06/20/2023,MTN,MD,AEA,EN,Federal Contract Tower,0,10,42,5,57,0,0,54,2,56,0,10,96,7,113,64,0,64,177
06/21/2023,MTN,MD,AEA,EN,Federal Contract Tower,0,7,28,5,40,0,0,8,4,12,0,7,36,9,52,8,0,8,60
06/22/2023,MTN,MD,AEA,EN,Federal Contract Tower,0,9,31,5,45,0,0,12,0,12,0,9,43,5,57,0,0,0,57
06/23/2023,MTN,MD,AEA,EN,Federal Contract Tower,0,6,19,2,27,0,1,0,0,1,0,7,19,2,28,0,0,0,28
06/24/2023,MTN,MD,AEA,EN,Federal Contract Tower,0,6,23,0,29,0,0,22,0,22,0,6,45,0,51,32,0,32,83
06/25/2023,MTN,MD,AEA,EN,Federal Contract Tower,0,8,22,0,30,0,1,119,0,120,0,9,141,0,150,204,0,204,354
06/26/2023,MTN,MD,AEA,EN,Federal Contract Tower,0,12,22,0,34,0,0,93,1,94,0,12,115,1,128,168,0,168,296
06/27/2023,MTN,MD,AEA,EN,Federal Contract Tower,0,1,34,0,35,0,0,109,0,109,0,1,143,0,144,178,0,178,322
06/28/2023,MTN,MD,AEA,EN,Federal Contract Tower,0,13,31,1,45,0,0,155,0,155,0,13,186,1,200,276,0,276,476
06/29/2023,MTN,MD,AEA,EN,Federal Contract Tower,0,17,52,1,70,0,0,5,0,5,0,17,57,1,75,2,0,2,77
06/30/2023,MTN,MD,AEA,EN,Federal Contract Tower,0,9,46,2,57,0,0,52,0,52,0,9,98,2,109,140,0,140,249
07/01/2023,MTN,MD,AEA,EN,Federal Contract Tower,0,4,27,0,31,0,0,28,0,28,0,4,55,0,59,80,0,80,139
07/02/2023,MTN,MD,AEA,EN,Federal Contract Tower,0,5,21,0,26,0,0,33,0,33,0,5,54,0,59,4,0,4,63
07/03/2023,MTN,MD,AEA,EN,Federal Contract Tower,0,5,8,0,13,0,0,127,0,127,0,5,135,0,140,192,0,192,332
07/04/2023,MTN,MD,AEA,EN,Federal Contract Tower,0,2,20,2,24,0,0,93,2,95,0,2,113,4,119,124,4,128,247
07/05/2023,MTN,MD,AEA,EN,Federal Contract Tower,0,0,38,1,39,0,0,110,1,111,0,0,148,2,150,177,0,177,327
07/06/2023,MTN,MD,AEA,EN,Federal Contract Tower,0,3,30,5,38,0,1,106,7,114,0,4,136,12,152,152,2,154,306
07/07/2023,MTN,MD,AEA,EN,Federal Contract Tower,0,10,22,3,35,0,0,50,1,51,0,10,72,4,86,106,2,108,194
07/08/2023,MTN,MD,AEA,EN,Federal Contract Tower,0,4,17,0,21,0,1,83,0,84,0,5,100,0,105,218,0,218,323
07/09/2023,MTN,MD,AEA,EN,Federal Contract Tower,0,9,19,0,28,0,1,7,1,9,0,10,26,1,37,0,0,0,37
07/10/2023,MTN,MD,AEA,EN,Federal Contract Tower,0,10,23,0,33,0,0,163,0,163,0,10,186,0,196,274,0,274,470
07/11/2023,MTN,MD,AEA,EN,Federal Contract Tower,0,8,27,6,41,0,1,177,4,182,0,9,204,10,223,326,6,332,555
07/12/2023,MTN,MD,AEA,EN,Federal Contract Tower,0,5,38,3,46,0,0,130,6,136,0,5,168,9,182,128,4,132,314
07/13/2023,MTN,MD,AEA,EN,Federal Contract Tower,0,10,26,4,40,0,0,125,8,133,0,10,151,12,173,196,7,203,376
07/14/2023,MTN,MD,AEA,EN,Federal Contract Tower,0,11,15,3,29,0,1,67,4,72,0,12,82,7,101,106,18,124,225
07/15/2023,MTN,MD,AEA,EN,Federal Contract Tower,0,10,29,0,39,0,0,117,0,117,0,10,146,0,156,80,0,80,236
07/16/2023,MTN,MD,AEA,EN,Federal Contract Tower,0,8,20,0,28,0,0,33,0,33,0,8,53,0,61,68,0,68,129
07/17/2023,MTN,MD,AEA,EN,Federal Contract Tower,0,12,38,0,50,0,2,157,0,159,0,14,195,0,209,272,0,272,481
07/18/2023,MTN,MD,AEA,EN,Federal Contract Tower,0,6,32,8,46,0,0,164,6,170,0,6,196,14,216,244,8,252,468
07/19/2023,MTN,MD,AEA,EN,Federal Contract Tower,0,2,40,7,49,0,0,59,3,62,0,2,99,10,111,156,0,156,267
07/20/2023,MTN,MD,AEA,EN,Federal Contract Tower,0,13,48,6,67,0,2,138,6,146,0,15,186,12,213,307,4,311,524
07/21/2023,MTN,MD,AEA,EN,Federal Contract Tower,0,5,46,6,57,0,0,104,5,109,0,5,150,11,166,160,16,176,342
07/22/2023,MTN,MD,AEA,EN,Federal Contract Tower,0,7,20,0,27,0,0,199,0,199,0,7,219,0,226,182,0,182,408
07/23/2023,MTN,MD,AEA,EN,Federal Contract Tower,0,3,23,0,26,0,2,105,0,107,0,5,128,0,133,220,0,220,353
07/24/2023,MTN,MD,AEA,EN,Federal Contract Tower,0,5,21,0,26,0,1,62,0,63,0,6,83,0,89,104,0,104,193
07/25/2023,MTN,MD,AEA,EN,Federal Contract Tower,0,9,22,3,34,0,0,81,3,84,0,9,103,6,118,78,0,78,196
07/26/2023,MTN,MD,AEA,EN,Federal Contract Tower,0,5,24,2,31,0,0,141,4,145,0,5,165,6,176,184,0,184,360
07/27/2023,MTN,MD,AEA,EN,Federal Contract Tower,0,8,26,5,39,0,0,71,6,77,0,8,97,11,116,148,2,150,266
07/28/2023,MTN,MD,AEA,EN,Federal Contract Tower,0,8,18,6,32,0,0,121,4,125,0,8,139,10,157,156,9,165,322
07/29/2023,MTN,MD,AEA,EN,Federal Contract Tower,0,9,12,0,21,0,0,73,0,73,0,9,85,0,94,96,0,96,190
07/30/2023,MTN,MD,AEA,EN,Federal Contract Tower,0,6,27,0,33,0,0,145,0,145,0,6,172,0,178,94,0,94,272
07/31/2023,MTN,MD,AEA,EN,Federal Contract Tower,0,12,23,0,35,0,1,133,0,134,0,13,156,0,169,200,0,200,369
08/01/2023,MTN,MD,AEA,EN,Federal Contract Tower,0,7,10,5,22,0,0,139,3,142,0,7,149,8,164,228,2,230,394
08/02/2023,MTN,MD,AEA,EN,Federal Contract Tower,0,5,20,3,28,0,0,172,1,173,0,5,192,4,201,266,2,268,469
08/03/2023,MTN,MD,AEA,EN,Federal Contract Tower,0,11,45,3,59,0,0,99,2,101,0,11,144,5,160,148,2,150,310
08/04/2023,MTN,MD,AEA,EN,Federal Contract Tower,0,6,35,6,47,0,2,48,1,51,0,8,83,7,98,52,2,54,152
08/05/2023,MTN,MD,AEA,EN,Federal Contract Tower,0,4,30,0,34,0,1,86,0,87,0,5,116,0,121,186,0,186,307
08/06/2023,MTN,MD,AEA,EN,Federal Contract Tower,0,12,24,1,37,0,0,114,0,114,0,12,138,1,151,174,0,174,325
08/07/2023,MTN,MD,AEA,EN,Federal Contract Tower,0,10,28,0,38,0,0,23,0,23,0,10,51,0,61,12,0,12,73
08/08/2023,MTN,MD,AEA,EN,Federal Contract Tower,0,6,13,6,25,0,0,49,6,55,0,6,62,12,80,46,6,52,132
08/09/2023,MTN,MD,AEA,EN,Federal Contract Tower,0,9,24,7,40,0,1,151,7,159,0,10,175,14,199,200,6,206,405
08/10/2023,MTN,MD,AEA,EN,Federal Contract Tower,0,6,27,9,42,0,0,106,4,110,0,6,133,13,152,158,2,160,312
08/11/2023,MTN,MD,AEA,EN,Federal Contract Tower,0,6,30,5,41,0,1,165,5,171,0,7,195,10,212,200,24,224,436
08/12/2023,MTN,MD,AEA,EN,Federal Contract Tower,0,6,24,5,35,0,0,130,5,135,0,6,154,10,170,134,6,140,310
08/13/2023,MTN,MD,AEA,EN,Federal Contract Tower,0,10,17,0,27,0,2,112,0,114,0,12,129,0,141,94,0,94,235
08/14/2023,MTN,MD,AEA,EN,Federal Contract Tower,0,9,17,0,26,0,0,98,0,98,0,9,115,0,124,178,0,178,302
08/15/2023,MTN,MD,AEA,EN,Federal Contract Tower,0,6,24,2,32,0,0,82,2,84,0,6,106,4,116,124,0,124,240
08/16/2023,MTN,MD,AEA,EN,Federal Contract Tower,0,12,28,4,44,0,2,146,4,152,0,14,174,8,196,212,0,212,408
08/17/2023,MTN,MD,AEA,EN,Federal Contract Tower,0,6,32,7,45,0,0,136,6,142,0,6,168,13,187,150,0,150,337
08/18/2023,MTN,MD,AEA,EN,Federal Contract Tower,0,5,27,3,35,0,0,81,1,82,0,5,108,4,117,52,2,54,171
08/19/2023,MTN,MD,AEA,EN,Federal Contract Tower,0,4,22,2,28,0,0,131,0,131,0,4,153,2,159,178,0,178,337
08/20/2023,MTN,MD,AEA,EN,Federal Contract Tower,0,8,25,0,33,0,0,157,0,157,0,8,182,0,190,188,0,188,378
08/21/2023,MTN,MD,AEA,EN,Federal Contract Tower,0,8,12,0,20,0,0,115,0,115,0,8,127,0,135,182,0,182,317
08/22/2023,MTN,MD,AEA,EN,Federal Contract Tower,0,3,26,3,32,0,1,122,5,128,0,4,148,8,160,120,2,122,282
08/24/2023,MTN,MD,AEA,EN,Federal Contract Tower,0,7,39,5,51,0,0,100,7,107,0,7,139,12,158,208,4,212,370
08/25/2023,MTN,MD,AEA,EN,Federal Contract Tower,0,4,27,5,36,0,2,88,3,93,0,6,115,8,129,108,16,124,253
08/26/2023,MTN,MD,AEA,EN,Federal Contract Tower,0,1,33,0,34,0,0,112,0,112,0,1,145,0,146,106,0,106,252
08/27/2023,MTN,MD,AEA,EN,Federal Contract Tower,0,20,28,0,48,0,0,143,0,143,0,20,171,0,191,118,0,118,309
08/28/2023,MTN,MD,AEA,EN,Federal Contract Tower,0,6,25,0,31,0,0,49,0,49,0,6,74,0,80,126,0,126,206
08/29/2023,MTN,MD,AEA,EN,Federal Contract Tower,0,3,28,3,34,0,0,26,4,30,0,3,54,7,64,18,4,22,86
08/30/2023,MTN,MD,AEA,EN,Federal Contract Tower,0,6,16,5,27,0,1,109,5,115,0,7,125,10,142,141,0,141,283
08/31/2023,MTN,MD,AEA,EN,Federal Contract Tower,0,9,14,2,25,0,1,80,2,83,0,10,94,4,108,78,4,82,190
