01/01/2000,MVY,MA,ANE,EN,Federal Contract Tower,0,12,8,0,20,0,17,63,0,80,0,29,71,0,100,4,0,4,104
01/02/2000,MVY,MA,ANE,EN,Federal Contract Tower,0,41,27,0,68,0,12,21,0,33,0,53,48,0,101,2,0,2,103
01/03/2000,MVY,MA,ANE,EN,Federal Contract Tower,0,7,7,0,14,0,43,30,0,73,0,50,37,0,87,20,0,20,107
01/04/2000,MVY,MA,ANE,EN,Federal Contract Tower,0,21,0,0,21,0,15,0,0,15,0,36,0,0,36,0,0,0,36
01/05/2000,MVY,MA,ANE,EN,Federal Contract Tower,0,1,3,0,4,0,42,27,0,69,0,43,30,0,73,14,0,14,87
01/06/2000,MVY,MA,ANE,EN,Federal Contract Tower,0,4,3,0,7,0,37,41,0,78,0,41,44,0,85,8,0,8,93
01/07/2000,MVY,MA,ANE,EN,Federal Contract Tower,0,5,3,0,8,0,45,26,0,71,0,50,29,0,79,0,0,0,79
01/08/2000,MVY,MA,ANE,EN,Federal Contract Tower,0,11,7,0,18,0,20,114,0,134,0,31,121,0,152,30,0,30,182
01/09/2000,MVY,MA,ANE,EN,Federal Contract Tower,0,2,2,0,4,0,26,124,0,150,0,28,126,0,154,30,0,30,184
01/10/2000,MVY,MA,ANE,EN,Federal Contract Tower,0,11,8,0,19,0,26,4,0,30,0,37,12,0,49,6,0,6,55
01/11/2000,MVY,MA,ANE,EN,Federal Contract Tower,0,6,4,0,10,0,35,23,0,58,0,41,27,0,68,10,0,10,78
01/12/2000,MVY,MA,ANE,EN,Federal Contract Tower,0,3,1,0,4,0,42,25,0,67,0,45,26,0,71,0,0,0,71
01/13/2000,MVY,MA,ANE,EN,Federal Contract Tower,0,13,3,0,16,0,21,0,0,21,0,34,3,0,37,2,0,2,39
01/14/2000,MVY,MA,ANE,EN,Federal Contract Tower,0,2,0,0,2,0,7,15,0,22,0,9,15,0,24,4,4,8,32
01/15/2000,MVY,MA,ANE,EN,Federal Contract Tower,0,10,5,0,15,0,27,61,0,88,0,37,66,0,103,2,2,4,107
01/16/2000,MVY,MA,ANE,EN,Federal Contract Tower,0,12,7,0,19,0,8,12,0,20,0,20,19,0,39,0,0,0,39
01/17/2000,MVY,MA,ANE,EN,Federal Contract Tower,0,5,2,0,7,0,33,10,0,43,0,38,12,0,50,0,0,0,50
01/18/2000,MVY,MA,ANE,EN,Federal Contract Tower,0,7,4,0,11,0,40,30,0,70,0,47,34,0,81,14,0,14,95
01/19/2000,MVY,MA,ANE,EN,Federal Contract Tower,0,6,2,0,8,0,36,33,0,69,0,42,35,0,77,16,0,16,93
01/20/2000,MVY,MA,ANE,EN,Federal Contract Tower,0,7,4,0,11,0,28,1,0,29,0,35,5,0,40,4,0,4,44
01/21/2000,MVY,MA,ANE,EN,Federal Contract Tower,0,6,2,0,8,0,19,4,0,23,0,25,6,0,31,2,0,2,33
01/22/2000,MVY,MA,ANE,EN,Federal Contract Tower,0,3,1,0,4,0,29,17,0,46,0,32,18,0,50,4,0,4,54
01/23/2000,MVY,MA,ANE,EN,Federal Contract Tower,0,11,6,0,17,0,16,33,0,49,0,27,39,0,66,6,0,6,72
01/24/2000,MVY,MA,ANE,EN,Federal Contract Tower,0,7,3,0,10,0,42,16,0,58,0,49,19,0,68,10,0,10,78
01/25/2000,MVY,MA,ANE,EN,Federal Contract Tower,0,18,0,0,18,0,10,0,0,10,0,28,0,0,28,0,0,0,28
01/26/2000,MVY,MA,ANE,EN,Federal Contract Tower,0,8,4,0,12,0,29,13,0,42,0,37,17,0,54,6,0,6,60
01/27/2000,MVY,MA,ANE,EN,Federal Contract Tower,0,11,5,0,16,0,41,20,0,61,0,52,25,0,77,10,0,10,87
01/28/2000,MVY,MA,ANE,EN,Federal Contract Tower,0,5,2,0,7,0,41,20,0,61,0,46,22,0,68,12,0,12,80
01/29/2000,MVY,MA,ANE,EN,Federal Contract Tower,0,6,3,0,9,0,20,58,0,78,0,26,61,0,87,22,0,22,109
01/30/2000,MVY,MA,ANE,EN,Federal Contract Tower,0,5,2,0,7,0,25,68,0,93,0,30,70,0,100,36,0,36,136
01/31/2000,MVY,MA,ANE,EN,Federal Contract Tower,0,26,9,0,35,0,25,0,1,26,0,51,9,1,61,6,2,8,69
02/01/2000,MVY,MA,ANE,EN,Federal Contract Tower,0,5,2,0,7,0,41,27,0,68,0,46,29,0,75,12,2,14,89
02/02/2000,MVY,MA,ANE,EN,Federal Contract Tower,0,4,3,1,8,0,44,27,1,72,0,48,30,2,80,0,0,0,80
02/03/2000,MVY,MA,ANE,EN,Federal Contract Tower,0,4,4,0,8,0,36,25,0,61,0,40,29,0,69,4,4,8,77
02/04/2000,MVY,MA,ANE,EN,Federal Contract Tower,0,19,13,0,32,0,24,6,0,30,0,43,19,0,62,14,0,14,76
02/05/2000,MVY,MA,ANE,EN,Federal Contract Tower,0,7,6,1,14,0,24,55,1,80,0,31,61,2,94,36,2,38,132
02/06/2000,MVY,MA,ANE,EN,Federal Contract Tower,0,1,0,0,1,0,28,46,0,74,0,29,46,0,75,6,0,6,81
02/07/2000,MVY,MA,ANE,EN,Federal Contract Tower,0,2,1,0,3,0,41,29,0,70,0,43,30,0,73,10,0,10,83
02/08/2000,MVY,MA,ANE,EN,Federal Contract Tower,0,6,4,0,10,0,41,28,0,69,0,47,32,0,79,44,0,44,123
02/09/2000,MVY,MA,ANE,EN,Federal Contract Tower,0,8,4,0,12,0,36,27,0,63,0,44,31,0,75,14,0,14,89
02/10/2000,MVY,MA,ANE,EN,Federal Contract Tower,0,7,4,0,11,0,35,37,0,72,0,42,41,0,83,8,4,12,95
02/11/2000,MVY,MA,ANE,EN,Federal Contract Tower,0,17,3,0,20,0,7,0,0,7,0,24,3,0,27,0,0,0,27
02/12/2000,MVY,MA,ANE,EN,Federal Contract Tower,0,11,5,0,16,0,23,76,0,99,0,34,81,0,115,14,2,16,131
02/13/2000,MVY,MA,ANE,EN,Federal Contract Tower,0,14,7,0,21,0,15,96,0,111,0,29,103,0,132,82,0,82,214
02/14/2000,MVY,MA,ANE,EN,Federal Contract Tower,0,22,3,0,25,0,11,0,0,11,0,33,3,0,36,0,0,0,36
02/15/2000,MVY,MA,ANE,EN,Federal Contract Tower,0,6,2,0,8,0,41,37,0,78,0,47,39,0,86,16,0,16,102
02/16/2000,MVY,MA,ANE,EN,Federal Contract Tower,0,6,2,0,8,0,38,27,0,65,0,44,29,0,73,6,2,8,81
02/17/2000,MVY,MA,ANE,EN,Federal Contract Tower,0,6,3,0,9,0,46,17,0,63,0,52,20,0,72,32,0,32,104
02/18/2000,MVY,MA,ANE,EN,Federal Contract Tower,0,11,6,0,17,0,20,0,2,22,0,31,6,2,39,0,2,2,41
02/19/2000,MVY,MA,ANE,EN,Federal Contract Tower,0,20,5,0,25,0,6,0,0,6,0,26,5,0,31,0,0,0,31
02/20/2000,MVY,MA,ANE,EN,Federal Contract Tower,0,7,4,0,11,0,21,34,0,55,0,28,38,0,66,12,0,12,78
02/21/2000,MVY,MA,ANE,EN,Federal Contract Tower,0,8,4,0,12,0,31,91,0,122,0,39,95,0,134,12,0,12,146
02/22/2000,MVY,MA,ANE,EN,Federal Contract Tower,0,6,3,0,9,0,46,46,0,92,0,52,49,0,101,4,0,4,105
02/23/2000,MVY,MA,ANE,EN,Federal Contract Tower,0,7,3,0,10,0,41,53,0,94,0,48,56,0,104,24,0,24,128
02/24/2000,MVY,MA,ANE,EN,Federal Contract Tower,0,7,4,0,11,0,33,34,0,67,0,40,38,0,78,14,0,14,92
02/25/2000,MVY,MA,ANE,EN,Federal Contract Tower,0,25,8,0,33,0,17,0,0,17,0,42,8,0,50,0,2,2,52
02/26/2000,MVY,MA,ANE,EN,Federal Contract Tower,0,16,7,0,23,0,6,0,0,6,0,22,7,0,29,0,0,0,29
02/27/2000,MVY,MA,ANE,EN,Federal Contract Tower,0,25,13,0,38,0,0,2,0,2,0,25,15,0,40,2,0,2,42
02/28/2000,MVY,MA,ANE,EN,Federal Contract Tower,0,27,14,1,42,0,13,0,1,14,0,40,14,2,56,0,0,0,56
02/29/2000,MVY,MA,ANE,EN,Federal Contract Tower,0,9,4,0,13,0,37,34,0,71,0,46,38,0,84,42,0,42,126
03/01/2000,MVY,MA,ANE,EN,Federal Contract Tower,0,6,3,0,9,0,42,49,0,91,0,48,52,0,100,42,0,42,142
03/02/2000,MVY,MA,ANE,EN,Federal Contract Tower,0,11,9,0,20,0,36,7,0,43,0,47,16,0,63,26,0,26,89
03/03/2000,MVY,MA,ANE,EN,Federal Contract Tower,0,2,3,0,5,0,37,27,0,64,0,39,30,0,69,30,0,30,99
03/04/2000,MVY,MA,ANE,EN,Federal Contract Tower,0,9,7,0,16,0,16,75,0,91,0,25,82,0,107,48,0,48,155
03/05/2000,MVY,MA,ANE,EN,Federal Contract Tower,0,6,5,0,11,0,26,116,0,142,0,32,121,0,153,30,0,30,183
03/06/2000,MVY,MA,ANE,EN,Federal Contract Tower,0,1,2,0,3,0,47,45,0,92,0,48,47,0,95,0,0,0,95
03/07/2000,MVY,MA,ANE,EN,Federal Contract Tower,0,6,6,1,13,0,42,42,1,85,0,48,48,2,98,26,8,34,132
03/08/2000,MVY,MA,ANE,EN,Federal Contract Tower,0,6,6,0,12,0,41,56,0,97,0,47,62,0,109,46,0,46,155
03/09/2000,MVY,MA,ANE,EN,Federal Contract Tower,0,28,19,0,47,0,15,6,0,21,0,43,25,0,68,2,0,2,70
03/10/2000,MVY,MA,ANE,EN,Federal Contract Tower,0,6,3,0,9,0,32,32,0,64,0,38,35,0,73,2,2,4,77
03/11/2000,MVY,MA,ANE,EN,Federal Contract Tower,0,16,10,0,26,0,13,8,0,21,0,29,18,0,47,18,0,18,65
03/12/2000,MVY,MA,ANE,EN,Federal Contract Tower,0,20,10,0,30,0,2,0,0,2,0,22,10,0,32,0,0,0,32
03/13/2000,MVY,MA,ANE,EN,Federal Contract Tower,0,4,1,0,5,0,43,46,0,89,0,47,47,0,94,10,0,10,104
03/14/2000,MVY,MA,ANE,EN,Federal Contract Tower,0,2,1,0,3,0,45,43,0,88,0,47,44,0,91,4,0,4,95
03/15/2000,MVY,MA,ANE,EN,Federal Contract Tower,0,4,1,0,5,0,42,48,0,90,0,46,49,0,95,0,2,2,97
03/16/2000,MVY,MA,ANE,EN,Federal Contract Tower,0,15,9,0,24,0,22,5,2,29,0,37,14,2,53,14,2,16,69
03/17/2000,MVY,MA,ANE,EN,Federal Contract Tower,0,22,5,0,27,0,8,0,0,8,0,30,5,0,35,0,0,0,35
03/18/2000,MVY,MA,ANE,EN,Federal Contract Tower,0,8,4,0,12,0,26,50,0,76,0,34,54,0,88,8,0,8,96
03/19/2000,MVY,MA,ANE,EN,Federal Contract Tower,0,6,3,0,9,0,19,109,0,128,0,25,112,0,137,38,0,38,175
03/20/2000,MVY,MA,ANE,EN,Federal Contract Tower,0,18,11,0,29,0,26,29,0,55,0,44,40,0,84,0,0,0,84
03/21/2000,MVY,MA,ANE,EN,Federal Contract Tower,0,27,8,0,35,0,9,0,0,9,0,36,8,0,44,0,0,0,44
03/22/2000,MVY,MA,ANE,EN,Federal Contract Tower,0,17,11,0,28,0,25,10,2,37,0,42,21,2,65,0,0,0,65
03/23/2000,MVY,MA,ANE,EN,Federal Contract Tower,0,12,7,0,19,0,27,54,0,81,0,39,61,0,100,8,0,8,108
03/24/2000,MVY,MA,ANE,EN,Federal Contract Tower,0,9,5,0,14,0,43,65,0,108,0,52,70,0,122,44,0,44,166
03/25/2000,MVY,MA,ANE,EN,Federal Contract Tower,0,14,8,0,22,0,28,138,0,166,0,42,146,0,188,26,0,26,214
03/26/2000,MVY,MA,ANE,EN,Federal Contract Tower,0,9,5,0,14,0,22,109,2,133,0,31,114,2,147,22,0,22,169
03/27/2000,MVY,MA,ANE,EN,Federal Contract Tower,0,5,3,0,8,0,41,74,0,115,0,46,77,0,123,30,0,30,153
03/28/2000,MVY,MA,ANE,EN,Federal Contract Tower,0,8,4,0,12,0,11,0,0,11,0,19,4,0,23,2,0,2,25
03/29/2000,MVY,MA,ANE,EN,Federal Contract Tower,0,6,3,0,9,0,40,28,2,70,0,46,31,2,79,18,0,18,97
03/30/2000,MVY,MA,ANE,EN,Federal Contract Tower,0,7,3,0,10,0,39,40,0,79,0,46,43,0,89,16,4,20,109
03/31/2000,MVY,MA,ANE,EN,Federal Contract Tower,0,10,5,0,15,0,35,81,0,116,0,45,86,0,131,20,0,20,151
04/01/2000,MVY,MA,ANE,EN,Federal Contract Tower,0,3,2,0,5,0,36,145,0,181,0,39,147,0,186,6,0,6,192
04/02/2000,MVY,MA,ANE,EN,Federal Contract Tower,0,3,3,0,6,0,32,62,0,94,0,35,65,0,100,0,0,0,100
04/03/2000,MVY,MA,ANE,EN,Federal Contract Tower,0,25,12,0,37,0,22,0,0,22,0,47,12,0,59,0,0,0,59
04/04/2000,MVY,MA,ANE,EN,Federal Contract Tower,0,36,15,0,51,0,8,0,0,8,0,44,15,0,59,0,0,0,59
04/05/2000,MVY,MA,ANE,EN,Federal Contract Tower,0,5,5,0,10,0,43,27,0,70,0,48,32,0,80,0,0,0,80
04/06/2000,MVY,MA,ANE,EN,Federal Contract Tower,0,16,11,0,27,0,38,25,0,63,0,54,36,0,90,26,2,28,118
04/07/2000,MVY,MA,ANE,EN,Federal Contract Tower,0,11,6,0,17,0,50,77,0,127,0,61,83,0,144,2,2,4,148
04/08/2000,MVY,MA,ANE,EN,Federal Contract Tower,0,5,3,0,8,0,33,38,0,71,0,38,41,0,79,4,0,4,83
04/09/2000,MVY,MA,ANE,EN,Federal Contract Tower,0,22,8,0,30,0,13,0,0,13,0,35,8,0,43,0,0,0,43
04/10/2000,MVY,MA,ANE,EN,Federal Contract Tower,0,6,4,0,10,0,38,30,0,68,0,44,34,0,78,4,0,4,82
04/11/2000,MVY,MA,ANE,EN,Federal Contract Tower,0,9,6,0,15,0,37,26,0,63,0,46,32,0,78,8,0,8,86
04/12/2000,MVY,MA,ANE,EN,Federal Contract Tower,0,21,12,0,33,0,27,10,0,37,0,48,22,0,70,4,0,4,74
04/13/2000,MVY,MA,ANE,EN,Federal Contract Tower,0,9,4,0,13,0,43,51,0,94,0,52,55,0,107,0,2,2,109
04/14/2000,MVY,MA,ANE,EN,Federal Contract Tower,0,13,7,0,20,0,48,40,0,88,0,61,47,0,108,6,0,6,114
04/15/2000,MVY,MA,ANE,EN,Federal Contract Tower,0,26,23,0,49,0,0,15,0,15,0,26,38,0,64,0,0,0,64
04/16/2000,MVY,MA,ANE,EN,Federal Contract Tower,0,32,18,0,50,0,0,5,0,5,0,32,23,0,55,0,0,0,55
04/17/2000,MVY,MA,ANE,EN,Federal Contract Tower,0,16,8,0,24,0,32,45,0,77,0,48,53,0,101,6,0,6,107
04/18/2000,MVY,MA,ANE,EN,Federal Contract Tower,0,21,11,0,32,0,35,17,0,52,0,56,28,0,84,0,0,0,84
04/19/2000,MVY,MA,ANE,EN,Federal Contract Tower,0,38,11,0,49,0,11,0,0,11,0,49,11,0,60,0,0,0,60
04/20/2000,MVY,MA,ANE,EN,Federal Contract Tower,0,47,27,0,74,0,21,23,0,44,0,68,50,0,118,4,6,10,128
04/21/2000,MVY,MA,ANE,EN,Federal Contract Tower,0,40,14,0,54,0,10,0,0,10,0,50,14,0,64,0,4,4,68
04/22/2000,MVY,MA,ANE,EN,Federal Contract Tower,0,35,16,0,51,0,3,0,0,3,0,38,16,0,54,0,0,0,54
04/23/2000,MVY,MA,ANE,EN,Federal Contract Tower,0,33,23,0,56,0,0,8,0,8,0,33,31,0,64,0,0,0,64
04/24/2000,MVY,MA,ANE,EN,Federal Contract Tower,0,14,7,0,21,0,40,54,0,94,0,54,61,0,115,6,0,6,121
04/25/2000,MVY,MA,ANE,EN,Federal Contract Tower,0,13,6,0,19,0,44,50,0,94,0,57,56,0,113,2,2,4,117
04/26/2000,MVY,MA,ANE,EN,Federal Contract Tower,0,32,7,0,39,0,11,0,0,11,0,43,7,0,50,0,0,0,50
04/27/2000,MVY,MA,ANE,EN,Federal Contract Tower,0,33,16,0,49,0,34,0,0,34,0,67,16,0,83,0,0,0,83
04/28/2000,MVY,MA,ANE,EN,Federal Contract Tower,0,23,12,0,35,0,35,31,0,66,0,58,43,0,101,0,4,4,105
04/29/2000,MVY,MA,ANE,EN,Federal Contract Tower,0,12,6,0,18,0,24,46,0,70,0,36,52,0,88,12,2,14,102
04/30/2000,MVY,MA,ANE,EN,Federal Contract Tower,0,10,5,0,15,0,24,72,0,96,0,34,77,0,111,28,0,28,139
05/01/2000,MVY,MA,ANE,EN,Federal Contract Tower,0,14,11,0,25,0,39,44,0,83,0,53,55,0,108,6,0,6,114
05/02/2000,MVY,MA,ANE,EN,Federal Contract Tower,0,34,26,0,60,0,29,5,0,34,0,63,31,0,94,16,0,16,110
05/03/2000,MVY,MA,ANE,EN,Federal Contract Tower,0,9,9,0,18,0,52,81,0,133,0,61,90,0,151,22,4,26,177
05/04/2000,MVY,MA,ANE,EN,Federal Contract Tower,0,9,9,0,18,0,44,35,0,79,0,53,44,0,97,38,2,40,137
05/05/2000,MVY,MA,ANE,EN,Federal Contract Tower,0,18,13,0,31,0,42,41,0,83,0,60,54,0,114,6,0,6,120
05/06/2000,MVY,MA,ANE,EN,Federal Contract Tower,0,12,9,0,21,0,34,192,0,226,0,46,201,0,247,0,0,0,247
05/07/2000,MVY,MA,ANE,EN,Federal Contract Tower,0,22,15,0,37,0,17,109,0,126,0,39,124,0,163,12,10,22,185
05/08/2000,MVY,MA,ANE,EN,Federal Contract Tower,0,12,8,0,20,0,43,62,0,105,0,55,70,0,125,0,0,0,125
05/09/2000,MVY,MA,ANE,EN,Federal Contract Tower,0,12,8,0,20,0,39,21,0,60,0,51,29,0,80,0,0,0,80
05/10/2000,MVY,MA,ANE,EN,Federal Contract Tower,0,29,8,1,38,0,13,0,0,13,0,42,8,1,51,0,0,0,51
05/11/2000,MVY,MA,ANE,EN,Federal Contract Tower,0,33,23,0,56,0,29,26,0,55,0,62,49,0,111,8,0,8,119
05/12/2000,MVY,MA,ANE,EN,Federal Contract Tower,0,15,10,0,25,0,71,63,0,134,0,86,73,0,159,26,0,26,185
05/13/2000,MVY,MA,ANE,EN,Federal Contract Tower,0,35,24,0,59,0,15,6,0,21,0,50,30,0,80,0,0,0,80
05/14/2000,MVY,MA,ANE,EN,Federal Contract Tower,0,18,13,0,31,0,49,150,0,199,0,67,163,0,230,4,0,4,234
05/15/2000,MVY,MA,ANE,EN,Federal Contract Tower,0,15,10,0,25,0,67,58,0,125,0,82,68,0,150,0,0,0,150
05/16/2000,MVY,MA,ANE,EN,Federal Contract Tower,0,17,12,0,29,0,46,76,0,122,0,63,88,0,151,24,2,26,177
05/17/2000,MVY,MA,ANE,EN,Federal Contract Tower,0,19,13,0,32,0,63,89,0,152,0,82,102,0,184,43,14,57,241
05/18/2000,MVY,MA,ANE,EN,Federal Contract Tower,0,24,17,0,41,0,45,14,0,59,0,69,31,0,100,0,0,0,100
05/19/2000,MVY,MA,ANE,EN,Federal Contract Tower,0,78,39,0,117,0,19,0,0,19,0,97,39,0,136,2,2,4,140
05/20/2000,MVY,MA,ANE,EN,Federal Contract Tower,0,26,18,0,44,0,30,37,0,67,0,56,55,0,111,18,0,18,129
05/21/2000,MVY,MA,ANE,EN,Federal Contract Tower,0,56,39,0,95,0,20,28,0,48,0,76,67,0,143,74,0,74,217
05/22/2000,MVY,MA,ANE,EN,Federal Contract Tower,0,69,31,0,100,0,14,0,0,14,0,83,31,0,114,8,0,8,122
05/23/2000,MVY,MA,ANE,EN,Federal Contract Tower,0,47,32,0,79,0,35,15,0,50,0,82,47,0,129,10,0,10,139
05/24/2000,MVY,MA,ANE,EN,Federal Contract Tower,0,33,8,0,41,0,42,0,2,44,0,75,8,2,85,2,6,8,93
05/25/2000,MVY,MA,ANE,EN,Federal Contract Tower,0,38,26,0,64,0,87,64,0,151,0,125,90,0,215,6,0,6,221
05/26/2000,MVY,MA,ANE,EN,Federal Contract Tower,0,46,32,0,78,0,113,194,0,307,0,159,226,0,385,6,2,8,393
05/27/2000,MVY,MA,ANE,EN,Federal Contract Tower,0,20,13,0,33,0,59,197,0,256,0,79,210,0,289,12,0,12,301
05/28/2000,MVY,MA,ANE,EN,Federal Contract Tower,0,19,13,0,32,0,48,137,0,185,0,67,150,0,217,18,0,18,235
05/29/2000,MVY,MA,ANE,EN,Federal Contract Tower,0,79,55,0,134,0,87,129,0,216,0,166,184,0,350,4,0,4,354
05/30/2000,MVY,MA,ANE,EN,Federal Contract Tower,0,48,33,0,81,0,78,54,0,132,0,126,87,0,213,16,0,16,229
05/31/2000,MVY,MA,ANE,EN,Federal Contract Tower,0,34,23,0,57,0,69,58,0,127,0,103,81,0,184,14,0,14,198
06/01/2000,MVY,MA,ANE,EN,Federal Contract Tower,0,26,17,0,43,0,98,81,0,179,0,124,98,0,222,48,0,48,270
06/02/2000,MVY,MA,ANE,EN,Federal Contract Tower,0,34,22,0,56,0,83,74,0,157,0,117,96,0,213,0,0,0,213
06/03/2000,MVY,MA,ANE,EN,Federal Contract Tower,0,18,13,0,31,0,67,155,0,222,0,85,168,0,253,0,0,0,253
06/04/2000,MVY,MA,ANE,EN,Federal Contract Tower,0,26,18,0,44,0,82,265,2,349,0,108,283,2,393,12,8,20,413
06/05/2000,MVY,MA,ANE,EN,Federal Contract Tower,0,22,15,0,37,0,68,64,0,132,0,90,79,0,169,12,4,16,185
06/06/2000,MVY,MA,ANE,EN,Federal Contract Tower,0,65,18,0,83,0,27,0,0,27,0,92,18,0,110,0,0,0,110
06/07/2000,MVY,MA,ANE,EN,Federal Contract Tower,0,38,24,0,62,0,50,33,0,83,0,88,57,0,145,18,0,18,163
06/08/2000,MVY,MA,ANE,EN,Federal Contract Tower,0,20,13,0,33,0,108,122,0,230,0,128,135,0,263,12,0,12,275
06/09/2000,MVY,MA,ANE,EN,Federal Contract Tower,0,31,19,0,50,0,104,111,0,215,0,135,130,0,265,18,12,30,295
06/10/2000,MVY,MA,ANE,EN,Federal Contract Tower,0,26,16,0,42,0,60,151,0,211,0,86,167,0,253,4,0,4,257
06/11/2000,MVY,MA,ANE,EN,Federal Contract Tower,0,53,34,0,87,0,55,116,0,171,0,108,150,0,258,18,0,18,276
06/12/2000,MVY,MA,ANE,EN,Federal Contract Tower,0,117,60,1,178,0,18,0,3,21,0,135,60,4,199,0,0,0,199
06/13/2000,MVY,MA,ANE,EN,Federal Contract Tower,0,32,20,0,52,0,100,63,0,163,0,132,83,0,215,0,2,2,217
06/14/2000,MVY,MA,ANE,EN,Federal Contract Tower,0,31,20,0,51,0,105,63,0,168,0,136,83,0,219,12,0,12,231
06/15/2000,MVY,MA,ANE,EN,Federal Contract Tower,0,100,55,0,155,0,22,0,0,22,0,122,55,0,177,0,0,0,177
06/16/2000,MVY,MA,ANE,EN,Federal Contract Tower,0,83,52,0,135,0,85,80,0,165,0,168,132,0,300,6,0,6,306
06/17/2000,MVY,MA,ANE,EN,Federal Contract Tower,0,34,21,0,55,0,57,76,0,133,0,91,97,0,188,0,0,0,188
06/18/2000,MVY,MA,ANE,EN,Federal Contract Tower,0,58,36,0,94,0,65,186,0,251,0,123,222,0,345,20,0,20,365
06/19/2000,MVY,MA,ANE,EN,Federal Contract Tower,0,60,37,0,97,0,84,55,0,139,0,144,92,0,236,16,0,16,252
06/20/2000,MVY,MA,ANE,EN,Federal Contract Tower,0,24,15,0,39,0,102,129,0,231,0,126,144,0,270,18,0,18,288
06/21/2000,MVY,MA,ANE,EN,Federal Contract Tower,0,27,17,0,44,0,114,88,0,202,0,141,105,0,246,28,2,30,276
06/22/2000,MVY,MA,ANE,EN,Federal Contract Tower,0,113,71,0,184,0,72,10,0,82,0,185,81,0,266,2,0,2,268
06/23/2000,MVY,MA,ANE,EN,Federal Contract Tower,0,32,20,0,52,0,135,176,0,311,0,167,196,0,363,2,0,2,365
06/24/2000,MVY,MA,ANE,EN,Federal Contract Tower,0,26,15,0,41,0,79,231,0,310,0,105,246,0,351,6,0,6,357
06/25/2000,MVY,MA,ANE,EN,Federal Contract Tower,0,73,46,0,119,0,55,142,0,197,0,128,188,0,316,0,0,0,316
06/26/2000,MVY,MA,ANE,EN,Federal Contract Tower,0,131,69,0,200,0,17,0,0,17,0,148,69,0,217,0,0,0,217
06/27/2000,MVY,MA,ANE,EN,Federal Contract Tower,0,85,51,0,136,0,56,0,0,56,0,141,51,0,192,0,0,0,192
06/28/2000,MVY,MA,ANE,EN,Federal Contract Tower,0,26,16,0,42,0,119,152,0,271,0,145,168,0,313,42,2,44,357
06/29/2000,MVY,MA,ANE,EN,Federal Contract Tower,0,89,56,0,145,0,97,71,0,168,0,186,127,0,313,28,0,28,341
06/30/2000,MVY,MA,ANE,EN,Federal Contract Tower,0,173,109,0,282,0,15,124,0,139,0,188,233,0,421,0,0,0,421
07/01/2000,MVY,MA,ANE,EN,Federal Contract Tower,0,44,32,0,76,0,114,241,0,355,0,158,273,0,431,2,2,4,435
07/02/2000,MVY,MA,ANE,EN,Federal Contract Tower,0,28,20,0,48,0,102,221,0,323,0,130,241,0,371,4,0,4,375
07/03/2000,MVY,MA,ANE,EN,Federal Contract Tower,0,43,31,0,74,0,89,141,0,230,0,132,172,0,304,10,0,10,314
07/04/2000,MVY,MA,ANE,EN,Federal Contract Tower,0,148,113,0,261,0,0,29,0,29,0,148,142,0,290,0,0,0,290
07/05/2000,MVY,MA,ANE,EN,Federal Contract Tower,0,212,173,0,385,0,0,31,0,31,0,212,204,0,416,10,0,10,426
07/06/2000,MVY,MA,ANE,EN,Federal Contract Tower,0,27,20,1,48,0,129,166,1,296,0,156,186,2,344,20,0,20,364
07/07/2000,MVY,MA,ANE,EN,Federal Contract Tower,0,42,31,0,73,0,131,164,0,295,0,173,195,0,368,12,0,12,380
07/08/2000,MVY,MA,ANE,EN,Federal Contract Tower,0,30,22,1,53,0,110,204,2,316,0,140,226,3,369,14,14,28,397
07/09/2000,MVY,MA,ANE,EN,Federal Contract Tower,0,51,37,0,88,0,90,236,0,326,0,141,273,0,414,10,0,10,424
07/10/2000,MVY,MA,ANE,EN,Federal Contract Tower,0,114,83,0,197,0,58,3,0,61,0,172,86,0,258,0,0,0,258
07/11/2000,MVY,MA,ANE,EN,Federal Contract Tower,0,35,25,0,60,0,107,81,0,188,0,142,106,0,248,48,4,52,300
07/12/2000,MVY,MA,ANE,EN,Federal Contract Tower,0,27,19,0,46,0,116,162,0,278,0,143,181,0,324,10,0,10,334
07/13/2000,MVY,MA,ANE,EN,Federal Contract Tower,0,34,24,0,58,0,127,157,0,284,0,161,181,0,342,52,0,52,394
07/14/2000,MVY,MA,ANE,EN,Federal Contract Tower,0,50,36,0,86,0,114,202,0,316,0,164,238,0,402,24,4,28,430
07/15/2000,MVY,MA,ANE,EN,Federal Contract Tower,0,44,32,0,76,0,91,80,0,171,0,135,112,0,247,4,0,4,251
07/16/2000,MVY,MA,ANE,EN,Federal Contract Tower,0,79,57,0,136,0,70,77,0,147,0,149,134,0,283,38,0,38,321
07/17/2000,MVY,MA,ANE,EN,Federal Contract Tower,0,127,90,1,218,0,37,22,1,60,0,164,112,2,278,8,0,8,286
07/18/2000,MVY,MA,ANE,EN,Federal Contract Tower,0,96,53,0,149,0,37,0,4,41,0,133,53,4,190,4,0,4,194
07/19/2000,MVY,MA,ANE,EN,Federal Contract Tower,0,39,27,0,66,0,99,95,0,194,0,138,122,0,260,52,12,64,324
07/20/2000,MVY,MA,ANE,EN,Federal Contract Tower,0,36,25,0,61,0,135,171,0,306,0,171,196,0,367,46,2,48,415
07/21/2000,MVY,MA,ANE,EN,Federal Contract Tower,0,52,36,0,88,0,114,208,0,322,0,166,244,0,410,12,12,24,434
07/22/2000,MVY,MA,ANE,EN,Federal Contract Tower,0,105,75,0,180,0,49,35,1,85,0,154,110,1,265,10,2,12,277
07/23/2000,MVY,MA,ANE,EN,Federal Contract Tower,0,43,30,0,73,0,141,348,0,489,0,184,378,0,562,38,0,38,600
07/24/2000,MVY,MA,ANE,EN,Federal Contract Tower,0,48,33,0,81,0,122,157,0,279,0,170,190,0,360,22,0,22,382
07/25/2000,MVY,MA,ANE,EN,Federal Contract Tower,0,113,81,0,194,0,39,15,2,56,0,152,96,2,250,6,0,6,256
07/26/2000,MVY,MA,ANE,EN,Federal Contract Tower,0,104,32,0,136,0,42,0,0,42,0,146,32,0,178,0,0,0,178
07/27/2000,MVY,MA,ANE,EN,Federal Contract Tower,0,86,59,0,145,0,5,0,0,5,0,91,59,0,150,8,0,8,158
07/28/2000,MVY,MA,ANE,EN,Federal Contract Tower,0,188,134,0,322,0,0,29,0,29,0,188,163,0,351,0,0,0,351
07/29/2000,MVY,MA,ANE,EN,Federal Contract Tower,0,89,64,0,153,0,38,85,0,123,0,127,149,0,276,72,16,88,364
07/30/2000,MVY,MA,ANE,EN,Federal Contract Tower,0,140,99,0,239,0,35,88,0,123,0,175,187,0,362,4,0,4,366
07/31/2000,MVY,MA,ANE,EN,Federal Contract Tower,0,165,106,1,272,0,9,0,5,14,0,174,106,6,286,2,0,2,288
08/01/2000,MVY,MA,ANE,EN,Federal Contract Tower,0,92,44,0,136,0,25,0,0,25,0,117,44,0,161,0,0,0,161
08/02/2000,MVY,MA,ANE,EN,Federal Contract Tower,0,114,89,0,203,0,0,9,0,9,0,114,98,0,212,2,0,2,214
08/03/2000,MVY,MA,ANE,EN,Federal Contract Tower,0,159,93,3,255,0,14,0,7,21,0,173,93,10,276,0,0,0,276
08/04/2000,MVY,MA,ANE,EN,Federal Contract Tower,0,166,120,3,289,0,38,110,3,151,0,204,230,6,440,0,0,0,440
08/05/2000,MVY,MA,ANE,EN,Federal Contract Tower,0,59,44,1,104,0,78,163,3,244,0,137,207,4,348,2,0,2,350
08/06/2000,MVY,MA,ANE,EN,Federal Contract Tower,0,73,52,0,125,0,99,211,0,310,0,172,263,0,435,12,0,12,447
08/07/2000,MVY,MA,ANE,EN,Federal Contract Tower,0,154,110,3,267,0,7,0,8,15,0,161,110,11,282,0,0,0,282
08/08/2000,MVY,MA,ANE,EN,Federal Contract Tower,0,104,75,2,181,0,69,80,2,151,0,173,155,4,332,32,0,32,364
08/09/2000,MVY,MA,ANE,EN,Federal Contract Tower,0,77,55,0,132,0,50,116,0,166,0,127,171,0,298,62,2,64,362
08/10/2000,MVY,MA,ANE,EN,Federal Contract Tower,0,52,38,0,90,0,104,153,0,257,0,156,191,0,347,38,2,40,387
08/11/2000,MVY,MA,ANE,EN,Federal Contract Tower,0,84,60,0,144,0,79,213,0,292,0,163,273,0,436,28,0,28,464
08/12/2000,MVY,MA,ANE,EN,Federal Contract Tower,0,99,72,0,171,0,61,56,0,117,0,160,128,0,288,20,0,20,308
08/13/2000,MVY,MA,ANE,EN,Federal Contract Tower,0,150,116,0,266,0,0,35,0,35,0,150,151,0,301,2,0,2,303
08/14/2000,MVY,MA,ANE,EN,Federal Contract Tower,0,152,109,0,261,0,1,2,0,3,0,153,111,0,264,0,0,0,264
08/15/2000,MVY,MA,ANE,EN,Federal Contract Tower,0,127,68,0,195,0,26,0,0,26,0,153,68,0,221,0,0,0,221
08/16/2000,MVY,MA,ANE,EN,Federal Contract Tower,0,81,58,0,139,0,61,53,0,114,0,142,111,0,253,10,0,10,263
08/17/2000,MVY,MA,ANE,EN,Federal Contract Tower,0,47,33,0,80,0,140,245,0,385,0,187,278,0,465,30,0,30,495
08/18/2000,MVY,MA,ANE,EN,Federal Contract Tower,0,104,75,0,179,0,81,167,0,248,0,185,242,0,427,24,2,26,453
08/19/2000,MVY,MA,ANE,EN,Federal Contract Tower,0,86,61,0,147,0,52,115,0,167,0,138,176,0,314,26,0,26,340
08/20/2000,MVY,MA,ANE,EN,Federal Contract Tower,0,52,37,0,89,0,143,299,0,442,0,195,336,0,531,10,4,14,545
08/21/2000,MVY,MA,ANE,EN,Federal Contract Tower,0,39,28,0,67,0,142,183,0,325,0,181,211,0,392,0,0,0,392
08/22/2000,MVY,MA,ANE,EN,Federal Contract Tower,0,39,28,0,67,0,144,157,0,301,0,183,185,0,368,12,0,12,380
08/23/2000,MVY,MA,ANE,EN,Federal Contract Tower,0,60,44,0,104,0,90,115,0,205,0,150,159,0,309,32,2,34,343
08/24/2000,MVY,MA,ANE,EN,Federal Contract Tower,0,101,73,0,174,0,73,89,0,162,0,174,162,0,336,14,0,14,350
08/25/2000,MVY,MA,ANE,EN,Federal Contract Tower,0,52,37,0,89,0,222,226,2,450,0,274,263,2,539,6,0,6,545
08/26/2000,MVY,MA,ANE,EN,Federal Contract Tower,0,44,32,0,76,0,99,220,0,319,0,143,252,0,395,16,0,16,411
08/27/2000,MVY,MA,ANE,EN,Federal Contract Tower,0,57,41,0,98,0,119,211,0,330,0,176,252,0,428,28,0,28,456
08/28/2000,MVY,MA,ANE,EN,Federal Contract Tower,0,72,51,0,123,0,108,120,0,228,0,180,171,0,351,36,2,38,389
08/29/2000,MVY,MA,ANE,EN,Federal Contract Tower,0,54,39,0,93,0,119,164,0,283,0,173,203,0,376,16,2,18,394
08/30/2000,MVY,MA,ANE,EN,Federal Contract Tower,0,113,60,1,174,0,61,0,1,62,0,174,60,2,236,0,0,0,236
08/31/2000,MVY,MA,ANE,EN,Federal Contract Tower,0,98,71,0,169,0,74,74,0,148,0,172,145,0,317,18,0,18,335
09/01/2000,MVY,MA,ANE,EN,Federal Contract Tower,0,123,76,0,199,0,57,103,0,160,0,180,179,0,359,0,0,0,359
09/02/2000,MVY,MA,ANE,EN,Federal Contract Tower,0,101,63,0,164,0,18,8,0,26,0,119,71,0,190,0,0,0,190
09/03/2000,MVY,MA,ANE,EN,Federal Contract Tower,0,116,61,0,177,0,11,0,0,11,0,127,61,0,188,0,0,0,188
09/04/2000,MVY,MA,ANE,EN,Federal Contract Tower,0,159,98,0,257,0,7,45,0,52,0,166,143,0,309,0,0,0,309
09/05/2000,MVY,MA,ANE,EN,Federal Contract Tower,0,36,22,0,58,0,128,143,0,271,0,164,165,0,329,2,2,4,333
09/06/2000,MVY,MA,ANE,EN,Federal Contract Tower,0,24,15,0,39,0,115,145,0,260,0,139,160,0,299,44,0,44,343
09/07/2000,MVY,MA,ANE,EN,Federal Contract Tower,0,27,18,0,45,0,116,145,2,263,0,143,163,2,308,6,0,6,314
09/08/2000,MVY,MA,ANE,EN,Federal Contract Tower,0,36,22,0,58,0,148,146,0,294,0,184,168,0,352,6,0,6,358
09/09/2000,MVY,MA,ANE,EN,Federal Contract Tower,0,46,29,0,75,0,85,140,0,225,0,131,169,0,300,36,8,44,344
09/10/2000,MVY,MA,ANE,EN,Federal Contract Tower,0,46,28,0,74,0,124,247,0,371,0,170,275,0,445,4,0,4,449
09/11/2000,MVY,MA,ANE,EN,Federal Contract Tower,0,37,23,1,61,0,76,57,1,134,0,113,80,2,195,12,0,12,207
09/12/2000,MVY,MA,ANE,EN,Federal Contract Tower,0,44,26,0,70,0,71,46,0,117,0,115,72,0,187,18,0,18,205
09/13/2000,MVY,MA,ANE,EN,Federal Contract Tower,0,52,32,0,84,0,72,37,0,109,0,124,69,0,193,0,0,0,193
09/14/2000,MVY,MA,ANE,EN,Federal Contract Tower,0,32,20,0,52,0,117,160,0,277,0,149,180,0,329,4,2,6,335
09/15/2000,MVY,MA,ANE,EN,Federal Contract Tower,0,70,43,0,113,0,71,15,0,86,0,141,58,0,199,0,0,0,199
09/16/2000,MVY,MA,ANE,EN,Federal Contract Tower,0,18,10,0,28,0,81,150,0,231,0,99,160,0,259,16,0,16,275
09/17/2000,MVY,MA,ANE,EN,Federal Contract Tower,0,33,19,0,52,0,104,202,0,306,0,137,221,0,358,0,0,0,358
09/18/2000,MVY,MA,ANE,EN,Federal Contract Tower,0,23,13,0,36,0,116,90,0,206,0,139,103,0,242,28,0,28,270
09/19/2000,MVY,MA,ANE,EN,Federal Contract Tower,0,31,18,0,49,0,74,58,0,132,0,105,76,0,181,62,4,66,247
09/20/2000,MVY,MA,ANE,EN,Federal Contract Tower,0,48,28,0,76,0,64,46,0,110,0,112,74,0,186,2,0,2,188
09/21/2000,MVY,MA,ANE,EN,Federal Contract Tower,0,33,20,0,53,0,90,56,0,146,0,123,76,0,199,32,0,32,231
09/22/2000,MVY,MA,ANE,EN,Federal Contract Tower,0,25,14,0,39,0,120,170,0,290,0,145,184,0,329,22,0,22,351
09/23/2000,MVY,MA,ANE,EN,Federal Contract Tower,0,27,16,0,43,0,58,96,0,154,0,85,112,0,197,16,0,16,213
09/24/2000,MVY,MA,ANE,EN,Federal Contract Tower,0,121,73,0,194,0,0,28,0,28,0,121,101,0,222,0,0,0,222
09/25/2000,MVY,MA,ANE,EN,Federal Contract Tower,0,24,14,0,38,0,95,74,0,169,0,119,88,0,207,2,0,2,209
09/26/2000,MVY,MA,ANE,EN,Federal Contract Tower,0,46,11,0,57,0,29,0,0,29,0,75,11,0,86,0,0,0,86
09/27/2000,MVY,MA,ANE,EN,Federal Contract Tower,0,22,12,0,34,0,72,112,0,184,0,94,124,0,218,22,0,22,240
09/28/2000,MVY,MA,ANE,EN,Federal Contract Tower,0,30,17,0,47,0,74,48,0,122,0,104,65,0,169,18,0,18,187
09/29/2000,MVY,MA,ANE,EN,Federal Contract Tower,0,24,13,0,37,0,101,142,0,243,0,125,155,0,280,8,0,8,288
09/30/2000,MVY,MA,ANE,EN,Federal Contract Tower,0,18,10,0,28,0,54,170,0,224,0,72,180,0,252,8,0,8,260
10/01/2000,MVY,MA,ANE,EN,Federal Contract Tower,0,20,13,0,33,0,89,200,0,289,0,109,213,0,322,12,0,12,334
10/02/2000,MVY,MA,ANE,EN,Federal Contract Tower,0,27,17,0,44,0,65,53,0,118,0,92,70,0,162,14,0,14,176
10/03/2000,MVY,MA,ANE,EN,Federal Contract Tower,0,16,10,0,26,0,69,69,2,140,0,85,79,2,166,14,0,14,180
10/04/2000,MVY,MA,ANE,EN,Federal Contract Tower,0,15,10,0,25,0,77,63,0,140,0,92,73,0,165,36,2,38,203
10/05/2000,MVY,MA,ANE,EN,Federal Contract Tower,0,28,18,0,46,0,64,31,0,95,0,92,49,0,141,2,0,2,143
10/06/2000,MVY,MA,ANE,EN,Federal Contract Tower,0,98,61,0,159,0,0,2,0,2,0,98,63,0,161,0,0,0,161
10/07/2000,MVY,MA,ANE,EN,Federal Contract Tower,0,17,11,0,28,0,68,113,0,181,0,85,124,0,209,14,0,14,223
10/08/2000,MVY,MA,ANE,EN,Federal Contract Tower,0,23,14,0,37,0,79,118,0,197,0,102,132,0,234,22,0,22,256
10/09/2000,MVY,MA,ANE,EN,Federal Contract Tower,0,74,45,0,119,0,32,2,0,34,0,106,47,0,153,0,0,0,153
10/10/2000,MVY,MA,ANE,EN,Federal Contract Tower,0,12,8,0,20,0,85,51,0,136,0,97,59,0,156,0,6,6,162
10/11/2000,MVY,MA,ANE,EN,Federal Contract Tower,0,10,7,0,17,0,59,39,0,98,0,69,46,0,115,4,0,4,119
10/12/2000,MVY,MA,ANE,EN,Federal Contract Tower,0,9,7,0,16,0,90,100,0,190,0,99,107,0,206,6,0,6,212
10/13/2000,MVY,MA,ANE,EN,Federal Contract Tower,0,16,10,0,26,0,69,131,0,200,0,85,141,0,226,8,0,8,234
10/14/2000,MVY,MA,ANE,EN,Federal Contract Tower,0,14,9,0,23,0,46,188,0,234,0,60,197,0,257,0,0,0,257
10/15/2000,MVY,MA,ANE,EN,Federal Contract Tower,0,9,5,0,14,0,68,162,0,230,0,77,167,0,244,32,0,32,276
10/16/2000,MVY,MA,ANE,EN,Federal Contract Tower,0,32,19,0,51,0,52,44,0,96,0,84,63,0,147,0,0,0,147
10/17/2000,MVY,MA,ANE,EN,Federal Contract Tower,0,29,17,0,46,0,73,46,0,119,0,102,63,0,165,10,0,10,175
10/18/2000,MVY,MA,ANE,EN,Federal Contract Tower,0,32,14,0,46,0,27,0,0,27,0,59,14,0,73,4,2,6,79
10/19/2000,MVY,MA,ANE,EN,Federal Contract Tower,0,15,8,0,23,0,89,46,0,135,0,104,54,0,158,16,0,16,174
10/20/2000,MVY,MA,ANE,EN,Federal Contract Tower,0,24,14,0,38,0,75,128,0,203,0,99,142,0,241,20,0,20,261
10/21/2000,MVY,MA,ANE,EN,Federal Contract Tower,0,14,7,0,21,0,44,117,0,161,0,58,124,0,182,28,0,28,210
10/22/2000,MVY,MA,ANE,EN,Federal Contract Tower,0,14,8,0,22,0,80,127,0,207,0,94,135,0,229,24,0,24,253
10/23/2000,MVY,MA,ANE,EN,Federal Contract Tower,0,15,9,0,24,0,61,58,0,119,0,76,67,0,143,10,0,10,153
10/24/2000,MVY,MA,ANE,EN,Federal Contract Tower,0,14,7,0,21,0,58,84,0,142,0,72,91,0,163,14,0,14,177
10/25/2000,MVY,MA,ANE,EN,Federal Contract Tower,0,12,6,0,18,0,59,112,0,171,0,71,118,0,189,24,0,24,213
10/26/2000,MVY,MA,ANE,EN,Federal Contract Tower,0,21,12,0,33,0,49,38,0,87,0,70,50,0,120,22,2,24,144
10/27/2000,MVY,MA,ANE,EN,Federal Contract Tower,0,42,25,0,67,0,46,48,0,94,0,88,73,0,161,6,0,6,167
10/28/2000,MVY,MA,ANE,EN,Federal Contract Tower,0,11,6,0,17,0,42,13,0,55,0,53,19,0,72,0,0,0,72
10/29/2000,MVY,MA,ANE,EN,Federal Contract Tower,0,26,15,0,41,0,47,24,0,71,0,73,39,0,112,2,0,2,114
10/30/2000,MVY,MA,ANE,EN,Federal Contract Tower,0,27,15,0,42,0,40,11,0,51,0,67,26,0,93,22,0,22,115
10/31/2000,MVY,MA,ANE,EN,Federal Contract Tower,0,31,4,0,35,0,32,0,0,32,0,63,4,0,67,0,0,0,67
11/01/2000,MVY,MA,ANE,EN,Federal Contract Tower,0,18,13,0,31,0,31,14,0,45,0,49,27,0,76,2,0,2,78
11/02/2000,MVY,MA,ANE,EN,Federal Contract Tower,0,10,7,0,17,0,41,33,0,74,0,51,40,0,91,4,0,4,95
11/03/2000,MVY,MA,ANE,EN,Federal Contract Tower,0,13,9,0,22,0,35,78,0,113,0,48,87,0,135,24,0,24,159
11/04/2000,MVY,MA,ANE,EN,Federal Contract Tower,0,15,12,0,27,0,24,132,0,156,0,39,144,0,183,26,0,26,209
11/05/2000,MVY,MA,ANE,EN,Federal Contract Tower,0,23,15,0,38,0,20,38,0,58,0,43,53,0,96,0,0,0,96
11/06/2000,MVY,MA,ANE,EN,Federal Contract Tower,0,8,5,0,13,0,39,41,0,80,0,47,46,0,93,0,0,0,93
11/07/2000,MVY,MA,ANE,EN,Federal Contract Tower,0,5,4,0,9,0,49,59,0,108,0,54,63,0,117,20,0,20,137
11/08/2000,MVY,MA,ANE,EN,Federal Contract Tower,0,43,27,1,71,0,9,0,1,10,0,52,27,2,81,2,0,2,83
11/09/2000,MVY,MA,ANE,EN,Federal Contract Tower,0,24,17,0,41,0,31,18,0,49,0,55,35,0,90,52,4,56,146
11/10/2000,MVY,MA,ANE,EN,Federal Contract Tower,0,37,16,0,53,0,11,0,0,11,0,48,16,0,64,0,0,0,64
11/11/2000,MVY,MA,ANE,EN,Federal Contract Tower,0,34,15,0,49,0,10,0,0,10,0,44,15,0,59,0,0,0,59
11/12/2000,MVY,MA,ANE,EN,Federal Contract Tower,0,17,12,0,29,0,32,90,0,122,0,49,102,0,151,28,0,28,179
11/13/2000,MVY,MA,ANE,EN,Federal Contract Tower,0,12,8,0,20,0,40,44,0,84,0,52,52,0,104,16,0,16,120
11/14/2000,MVY,MA,ANE,EN,Federal Contract Tower,0,20,13,0,33,0,32,11,0,43,0,52,24,0,76,4,0,4,80
11/15/2000,MVY,MA,ANE,EN,Federal Contract Tower,0,8,5,0,13,0,50,35,0,85,0,58,40,0,98,28,0,28,126
11/16/2000,MVY,MA,ANE,EN,Federal Contract Tower,0,8,4,0,12,0,46,47,0,93,0,54,51,0,105,4,12,16,121
11/17/2000,MVY,MA,ANE,EN,Federal Contract Tower,0,7,4,0,11,0,47,31,0,78,0,54,35,0,89,6,0,6,95
11/18/2000,MVY,MA,ANE,EN,Federal Contract Tower,0,7,4,0,11,0,110,95,0,205,0,117,99,0,216,4,0,4,220
11/19/2000,MVY,MA,ANE,EN,Federal Contract Tower,0,8,4,0,12,0,40,115,0,155,0,48,119,0,167,0,0,0,167
11/20/2000,MVY,MA,ANE,EN,Federal Contract Tower,0,8,4,0,12,0,48,52,0,100,0,56,56,0,112,6,0,6,118
11/21/2000,MVY,MA,ANE,EN,Federal Contract Tower,0,7,4,0,11,0,48,41,0,89,0,55,45,0,100,4,0,4,104
11/22/2000,MVY,MA,ANE,EN,Federal Contract Tower,0,18,12,0,30,0,58,58,0,116,0,76,70,0,146,4,0,4,150
11/23/2000,MVY,MA,ANE,EN,Federal Contract Tower,0,5,2,0,7,0,33,31,0,64,0,38,33,0,71,0,0,0,71
11/24/2000,MVY,MA,ANE,EN,Federal Contract Tower,0,5,2,0,7,0,46,107,0,153,0,51,109,0,160,8,0,8,168
11/25/2000,MVY,MA,ANE,EN,Federal Contract Tower,0,19,12,0,31,0,38,110,0,148,0,57,122,0,179,16,0,16,195
11/26/2000,MVY,MA,ANE,EN,Federal Contract Tower,0,41,31,0,72,0,0,28,0,28,0,41,59,0,100,4,0,4,104
11/27/2000,MVY,MA,ANE,EN,Federal Contract Tower,0,19,13,0,32,0,40,27,0,67,0,59,40,0,99,8,0,8,107
11/28/2000,MVY,MA,ANE,EN,Federal Contract Tower,0,6,4,0,10,0,44,43,0,87,0,50,47,0,97,0,0,0,97
11/29/2000,MVY,MA,ANE,EN,Federal Contract Tower,0,5,3,0,8,0,44,53,0,97,0,49,56,0,105,18,0,18,123
11/30/2000,MVY,MA,ANE,EN,Federal Contract Tower,0,22,0,0,22,0,26,0,0,26,0,48,0,0,48,0,0,0,48
12/01/2000,MVY,MA,ANE,EN,Federal Contract Tower,0,4,1,0,5,0,41,38,0,79,0,45,39,0,84,18,0,18,102
12/02/2000,MVY,MA,ANE,EN,Federal Contract Tower,0,9,5,1,15,0,17,60,1,78,0,26,65,2,93,40,8,48,141
12/03/2000,MVY,MA,ANE,EN,Federal Contract Tower,0,2,2,0,4,0,28,104,0,132,0,30,106,0,136,48,0,48,184
12/04/2000,MVY,MA,ANE,EN,Federal Contract Tower,0,4,2,0,6,0,46,50,0,96,0,50,52,0,102,16,0,16,118
12/05/2000,MVY,MA,ANE,EN,Federal Contract Tower,0,1,2,0,3,0,43,45,0,88,0,44,47,0,91,34,0,34,125
12/06/2000,MVY,MA,ANE,EN,Federal Contract Tower,0,5,2,0,7,0,45,36,0,81,0,50,38,0,88,14,0,14,102
12/07/2000,MVY,MA,ANE,EN,Federal Contract Tower,0,10,5,0,15,0,37,23,0,60,0,47,28,0,75,10,6,16,91
12/08/2000,MVY,MA,ANE,EN,Federal Contract Tower,0,28,11,0,39,0,11,3,0,14,0,39,14,0,53,0,0,0,53
12/09/2000,MVY,MA,ANE,EN,Federal Contract Tower,0,4,2,0,6,0,32,67,0,99,0,36,69,0,105,2,0,2,107
12/10/2000,MVY,MA,ANE,EN,Federal Contract Tower,0,7,2,0,9,0,30,79,0,109,0,37,81,0,118,4,0,4,122
12/11/2000,MVY,MA,ANE,EN,Federal Contract Tower,0,33,6,0,39,0,12,0,2,14,0,45,6,2,53,0,0,0,53
12/12/2000,MVY,MA,ANE,EN,Federal Contract Tower,0,9,0,0,9,0,8,0,0,8,0,17,0,0,17,0,0,0,17
12/13/2000,MVY,MA,ANE,EN,Federal Contract Tower,0,11,4,0,15,0,42,50,2,94,0,53,54,2,109,0,0,0,109
12/14/2000,MVY,MA,ANE,EN,Federal Contract Tower,0,38,5,0,43,0,10,0,0,10,0,48,5,0,53,0,0,0,53
12/15/2000,MVY,MA,ANE,EN,Federal Contract Tower,0,11,3,0,14,0,35,33,0,68,0,46,36,0,82,4,0,4,86
12/16/2000,MVY,MA,ANE,EN,Federal Contract Tower,0,8,3,0,11,0,22,32,0,54,0,30,35,0,65,16,0,16,81
12/17/2000,MVY,MA,ANE,EN,Federal Contract Tower,0,14,0,0,14,0,4,0,0,4,0,18,0,0,18,0,0,0,18
12/18/2000,MVY,MA,ANE,EN,Federal Contract Tower,0,7,2,0,9,0,43,15,0,58,0,50,17,0,67,8,0,8,75
12/19/2000,MVY,MA,ANE,EN,Federal Contract Tower,0,7,2,0,9,0,40,34,0,74,0,47,36,0,83,18,0,18,101
12/20/2000,MVY,MA,ANE,EN,Federal Contract Tower,0,14,4,0,18,0,33,5,0,38,0,47,9,0,56,0,0,0,56
12/21/2000,MVY,MA,ANE,EN,Federal Contract Tower,0,9,3,0,12,0,47,71,0,118,0,56,74,0,130,38,0,38,168
12/22/2000,MVY,MA,ANE,EN,Federal Contract Tower,0,37,4,0,41,0,10,0,0,10,0,47,4,0,51,0,0,0,51
12/23/2000,MVY,MA,ANE,EN,Federal Contract Tower,0,5,1,0,6,0,36,60,0,96,0,41,61,0,102,14,0,14,116
12/24/2000,MVY,MA,ANE,EN,Federal Contract Tower,0,5,1,0,6,0,22,59,0,81,0,27,60,0,87,4,0,4,91
12/25/2000,MVY,MA,ANE,EN,Federal Contract Tower,0,2,0,0,2,0,16,2,0,18,0,18,2,0,20,0,0,0,20
12/26/2000,MVY,MA,ANE,EN,Federal Contract Tower,0,3,1,0,4,0,45,21,0,66,0,48,22,0,70,0,0,0,70
12/27/2000,MVY,MA,ANE,EN,Federal Contract Tower,0,12,4,0,16,0,33,32,0,65,0,45,36,0,81,12,0,12,93
12/28/2000,MVY,MA,ANE,EN,Federal Contract Tower,0,11,3,0,14,0,35,36,0,71,0,46,39,0,85,8,4,12,97
12/29/2000,MVY,MA,ANE,EN,Federal Contract Tower,0,6,2,0,8,0,33,66,0,99,0,39,68,0,107,20,0,20,127
12/30/2000,MVY,MA,ANE,EN,Federal Contract Tower,0,8,2,0,10,0,3,1,0,4,0,11,3,0,14,0,0,0,14
12/31/2000,MVY,MA,ANE,EN,Federal Contract Tower,0,5,1,0,6,0,20,4,0,24,0,25,5,0,30,0,0,0,30
01/01/2001,MVY,MA,ANE,EN,Federal Contract Tower,0,1,0,0,1,0,39,51,0,90,0,40,51,0,91,10,0,10,101
01/02/2001,MVY,MA,ANE,EN,Federal Contract Tower,0,3,3,0,6,0,46,39,0,85,0,49,42,0,91,12,0,12,103
01/03/2001,MVY,MA,ANE,EN,Federal Contract Tower,0,5,3,0,8,0,50,39,0,89,0,55,42,0,97,20,0,20,117
01/04/2001,MVY,MA,ANE,EN,Federal Contract Tower,0,4,3,0,7,0,36,17,0,53,0,40,20,0,60,14,0,14,74
01/05/2001,MVY,MA,ANE,EN,Federal Contract Tower,0,8,5,0,13,0,26,33,0,59,0,34,38,0,72,2,0,2,74
01/06/2001,MVY,MA,ANE,EN,Federal Contract Tower,0,32,16,0,48,0,2,0,0,2,0,34,16,0,50,0,0,0,50
01/07/2001,MVY,MA,ANE,EN,Federal Contract Tower,0,4,3,0,7,0,31,92,0,123,0,35,95,0,130,24,4,28,158
01/08/2001,MVY,MA,ANE,EN,Federal Contract Tower,0,10,6,0,16,0,40,13,0,53,0,50,19,0,69,14,0,14,83
01/09/2001,MVY,MA,ANE,EN,Federal Contract Tower,0,21,1,0,22,0,12,0,0,12,0,33,1,0,34,0,0,0,34
01/10/2001,MVY,MA,ANE,EN,Federal Contract Tower,0,9,4,0,13,0,44,26,0,70,0,53,30,0,83,8,0,8,91
01/11/2001,MVY,MA,ANE,EN,Federal Contract Tower,0,7,3,0,10,0,34,23,0,57,0,41,26,0,67,6,4,10,77
01/12/2001,MVY,MA,ANE,EN,Federal Contract Tower,0,10,5,0,15,0,38,42,2,82,0,48,47,2,97,4,2,6,103
01/13/2001,MVY,MA,ANE,EN,Federal Contract Tower,0,16,7,0,23,0,13,70,0,83,0,29,77,0,106,14,0,14,120
01/14/2001,MVY,MA,ANE,EN,Federal Contract Tower,0,14,6,0,20,0,13,122,0,135,0,27,128,0,155,32,0,32,187
01/15/2001,MVY,MA,ANE,EN,Federal Contract Tower,0,14,2,0,16,0,17,0,0,17,0,31,2,0,33,0,0,0,33
01/16/2001,MVY,MA,ANE,EN,Federal Contract Tower,0,19,9,0,28,0,17,0,2,19,0,36,9,2,47,10,0,10,57
01/17/2001,MVY,MA,ANE,EN,Federal Contract Tower,0,3,0,0,3,0,41,41,0,82,0,44,41,0,85,8,0,8,93
01/18/2001,MVY,MA,ANE,EN,Federal Contract Tower,0,12,6,0,18,0,38,50,0,88,0,50,56,0,106,28,0,28,134
01/19/2001,MVY,MA,ANE,EN,Federal Contract Tower,0,31,8,2,41,0,15,0,0,15,0,46,8,2,56,0,0,0,56
01/20/2001,MVY,MA,ANE,EN,Federal Contract Tower,0,16,1,0,17,0,7,0,0,7,0,23,1,0,24,0,0,0,24
01/21/2001,MVY,MA,ANE,EN,Federal Contract Tower,0,0,0,0,0,0,5,8,0,13,0,5,8,0,13,0,0,0,13
01/22/2001,MVY,MA,ANE,EN,Federal Contract Tower,0,6,3,0,9,0,34,39,0,73,0,40,42,0,82,14,0,14,96
01/23/2001,MVY,MA,ANE,EN,Federal Contract Tower,0,5,2,0,7,0,38,47,0,85,0,43,49,0,92,24,0,24,116
01/24/2001,MVY,MA,ANE,EN,Federal Contract Tower,0,3,0,0,3,0,32,33,0,65,0,35,33,0,68,4,2,6,74
01/25/2001,MVY,MA,ANE,EN,Federal Contract Tower,0,11,5,0,16,0,32,24,3,59,0,43,29,3,75,24,8,32,107
01/26/2001,MVY,MA,ANE,EN,Federal Contract Tower,0,9,4,0,13,0,29,63,0,92,0,38,67,0,105,4,0,4,109
01/27/2001,MVY,MA,ANE,EN,Federal Contract Tower,0,17,9,0,26,0,18,5,0,23,0,35,14,0,49,0,4,4,53
01/28/2001,MVY,MA,ANE,EN,Federal Contract Tower,0,4,2,0,6,0,30,86,0,116,0,34,88,0,122,26,0,26,148
01/29/2001,MVY,MA,ANE,EN,Federal Contract Tower,0,6,2,0,8,0,41,69,0,110,0,47,71,0,118,42,0,42,160
01/30/2001,MVY,MA,ANE,EN,Federal Contract Tower,0,14,5,0,19,0,31,0,0,31,0,45,5,0,50,0,0,0,50
01/31/2001,MVY,MA,ANE,EN,Federal Contract Tower,0,10,5,0,15,0,34,26,0,60,0,44,31,0,75,18,2,20,95
02/01/2001,MVY,MA,ANE,EN,Federal Contract Tower,0,9,8,0,17,0,29,23,0,52,0,38,31,0,69,42,0,42,111
02/02/2001,MVY,MA,ANE,EN,Federal Contract Tower,0,4,7,0,11,0,35,22,0,57,0,39,29,0,68,10,0,10,78
02/03/2001,MVY,MA,ANE,EN,Federal Contract Tower,0,6,8,0,14,0,21,45,0,66,0,27,53,0,80,32,0,32,112
02/04/2001,MVY,MA,ANE,EN,Federal Contract Tower,0,3,5,0,8,0,29,104,0,133,0,32,109,0,141,18,0,18,159
02/05/2001,MVY,MA,ANE,EN,Federal Contract Tower,0,4,5,0,9,0,20,0,0,20,0,24,5,0,29,0,2,2,31
02/06/2001,MVY,MA,ANE,EN,Federal Contract Tower,0,2,1,0,3,0,34,11,0,45,0,36,12,0,48,0,0,0,48
02/07/2001,MVY,MA,ANE,EN,Federal Contract Tower,0,2,2,0,4,0,39,43,0,82,0,41,45,0,86,18,0,18,104
02/08/2001,MVY,MA,ANE,EN,Federal Contract Tower,0,8,6,0,14,0,31,29,0,60,0,39,35,0,74,16,4,20,94
02/09/2001,MVY,MA,ANE,EN,Federal Contract Tower,0,18,6,0,24,0,15,0,0,15,0,33,6,0,39,0,2,2,41
02/10/2001,MVY,MA,ANE,EN,Federal Contract Tower,0,4,4,0,8,0,19,2,0,21,0,23,6,0,29,0,0,0,29
02/11/2001,MVY,MA,ANE,EN,Federal Contract Tower,0,5,3,0,8,0,24,12,0,36,0,29,15,0,44,0,2,2,46
02/12/2001,MVY,MA,ANE,EN,Federal Contract Tower,0,3,1,0,4,0,35,47,0,82,0,38,48,0,86,8,0,8,94
02/13/2001,MVY,MA,ANE,EN,Federal Contract Tower,0,10,7,0,17,0,33,34,0,67,0,43,41,0,84,34,0,34,118
02/14/2001,MVY,MA,ANE,EN,Federal Contract Tower,0,6,5,0,11,0,34,39,0,73,0,40,44,0,84,22,0,22,106
02/15/2001,MVY,MA,ANE,EN,Federal Contract Tower,0,11,8,0,19,0,28,24,0,52,0,39,32,0,71,18,2,20,91
02/16/2001,MVY,MA,ANE,EN,Federal Contract Tower,0,8,6,0,14,0,32,35,0,67,0,40,41,0,81,36,2,38,119
02/17/2001,MVY,MA,ANE,EN,Federal Contract Tower,0,9,6,0,15,0,26,22,0,48,0,35,28,0,63,10,0,10,73
02/18/2001,MVY,MA,ANE,EN,Federal Contract Tower,0,7,5,0,12,0,21,98,0,119,0,28,103,0,131,14,0,14,145
02/19/2001,MVY,MA,ANE,EN,Federal Contract Tower,0,7,5,0,12,0,34,79,0,113,0,41,84,0,125,26,0,26,151
02/20/2001,MVY,MA,ANE,EN,Federal Contract Tower,0,5,4,0,9,0,37,53,0,90,0,42,57,0,99,34,4,38,137
02/21/2001,MVY,MA,ANE,EN,Federal Contract Tower,0,5,4,0,9,0,38,12,2,52,0,43,16,2,61,8,0,8,69
02/22/2001,MVY,MA,ANE,EN,Federal Contract Tower,0,5,4,0,9,0,41,26,0,67,0,46,30,0,76,16,0,16,92
02/23/2001,MVY,MA,ANE,EN,Federal Contract Tower,0,14,10,0,24,0,21,10,2,33,0,35,20,2,57,12,0,12,69
02/24/2001,MVY,MA,ANE,EN,Federal Contract Tower,0,8,6,0,14,0,20,61,0,81,0,28,67,0,95,40,0,40,135
02/25/2001,MVY,MA,ANE,EN,Federal Contract Tower,0,4,3,0,7,0,0,2,0,2,0,4,5,0,9,0,0,0,9
02/26/2001,MVY,MA,ANE,EN,Federal Contract Tower,0,6,5,0,11,0,39,40,0,79,0,45,45,0,90,16,0,16,106
02/27/2001,MVY,MA,ANE,EN,Federal Contract Tower,0,4,2,0,6,0,40,50,0,90,0,44,52,0,96,30,0,30,126
02/28/2001,MVY,MA,ANE,EN,Federal Contract Tower,0,5,3,0,8,0,41,21,0,62,0,46,24,0,70,8,0,8,78
03/01/2001,MVY,MA,ANE,EN,Federal Contract Tower,0,7,6,0,13,0,23,9,0,32,0,30,15,0,45,6,0,6,51
03/02/2001,MVY,MA,ANE,EN,Federal Contract Tower,0,21,13,0,34,0,13,0,0,13,0,34,13,0,47,10,0,10,57
03/03/2001,MVY,MA,ANE,EN,Federal Contract Tower,0,23,19,2,44,0,13,11,0,24,0,36,30,2,68,6,2,8,76
03/04/2001,MVY,MA,ANE,EN,Federal Contract Tower,0,5,6,0,11,0,23,30,0,53,0,28,36,0,64,8,0,8,72
03/05/2001,MVY,MA,ANE,EN,Federal Contract Tower,0,0,0,1,1,0,0,0,1,1,0,0,0,2,2,0,0,0,2
03/06/2001,MVY,MA,ANE,EN,Federal Contract Tower,0,1,0,0,1,0,1,0,0,1,0,2,0,0,2,0,0,0,2
03/07/2001,MVY,MA,ANE,EN,Federal Contract Tower,0,6,6,0,12,0,29,3,0,32,0,35,9,0,44,0,0,0,44
03/08/2001,MVY,MA,ANE,EN,Federal Contract Tower,0,4,4,0,8,0,35,30,0,65,0,39,34,0,73,18,0,18,91
03/09/2001,MVY,MA,ANE,EN,Federal Contract Tower,0,18,9,0,27,0,28,0,0,28,0,46,9,0,55,0,0,0,55
03/10/2001,MVY,MA,ANE,EN,Federal Contract Tower,0,10,6,0,16,0,17,3,0,20,0,27,9,0,36,4,0,4,40
03/11/2001,MVY,MA,ANE,EN,Federal Contract Tower,0,6,4,0,10,0,23,114,0,137,0,29,118,0,147,8,0,8,155
03/12/2001,MVY,MA,ANE,EN,Federal Contract Tower,0,3,2,0,5,0,43,62,0,105,0,46,64,0,110,10,0,10,120
03/13/2001,MVY,MA,ANE,EN,Federal Contract Tower,0,4,0,0,4,0,3,0,0,3,0,7,0,0,7,0,0,0,7
03/14/2001,MVY,MA,ANE,EN,Federal Contract Tower,0,6,4,0,10,0,35,7,0,42,0,41,11,0,52,4,0,4,56
03/15/2001,MVY,MA,ANE,EN,Federal Contract Tower,0,9,6,0,15,0,35,14,4,53,0,44,20,4,68,14,10,24,92
03/16/2001,MVY,MA,ANE,EN,Federal Contract Tower,0,12,9,0,21,0,29,52,0,81,0,41,61,0,102,26,4,30,132
03/17/2001,MVY,MA,ANE,EN,Federal Contract Tower,0,7,5,0,12,0,27,86,0,113,0,34,91,0,125,10,0,10,135
03/18/2001,MVY,MA,ANE,EN,Federal Contract Tower,0,20,15,0,35,0,13,25,0,38,0,33,40,0,73,2,0,2,75
03/19/2001,MVY,MA,ANE,EN,Federal Contract Tower,0,4,3,0,7,0,35,67,0,102,0,39,70,0,109,12,0,12,121
03/20/2001,MVY,MA,ANE,EN,Federal Contract Tower,0,6,3,0,9,0,36,78,0,114,0,42,81,0,123,20,0,20,143
03/21/2001,MVY,MA,ANE,EN,Federal Contract Tower,0,9,6,0,15,0,36,3,0,39,0,45,9,0,54,0,0,0,54
03/22/2001,MVY,MA,ANE,EN,Federal Contract Tower,0,2,0,0,2,0,0,0,0,0,0,2,0,0,2,0,0,0,2
03/23/2001,MVY,MA,ANE,EN,Federal Contract Tower,0,12,9,0,21,0,35,13,0,48,0,47,22,0,69,0,0,0,69
03/24/2001,MVY,MA,ANE,EN,Federal Contract Tower,0,12,8,0,20,0,21,28,0,49,0,33,36,0,69,8,0,8,77
03/25/2001,MVY,MA,ANE,EN,Federal Contract Tower,0,7,5,0,12,0,21,81,0,102,0,28,86,0,114,10,0,10,124
03/26/2001,MVY,MA,ANE,EN,Federal Contract Tower,0,6,4,0,10,0,41,18,0,59,0,47,22,0,69,0,0,0,69
03/27/2001,MVY,MA,ANE,EN,Federal Contract Tower,0,4,3,0,7,0,38,36,0,74,0,42,39,0,81,8,0,8,89
03/28/2001,MVY,MA,ANE,EN,Federal Contract Tower,0,5,3,0,8,0,44,46,0,90,0,49,49,0,98,18,0,18,116
03/29/2001,MVY,MA,ANE,EN,Federal Contract Tower,0,6,4,0,10,0,39,24,0,63,0,45,28,0,73,4,0,4,77
03/30/2001,MVY,MA,ANE,EN,Federal Contract Tower,0,12,4,0,16,0,4,0,0,4,0,16,4,0,20,0,0,0,20
03/31/2001,MVY,MA,ANE,EN,Federal Contract Tower,0,27,18,0,45,0,13,32,0,45,0,40,50,0,90,28,0,28,118
04/01/2001,MVY,MA,ANE,EN,Federal Contract Tower,0,22,13,0,35,0,9,11,0,20,0,31,24,0,55,6,0,6,61
04/02/2001,MVY,MA,ANE,EN,Federal Contract Tower,0,9,6,0,15,0,34,11,0,45,0,43,17,0,60,0,0,0,60
04/03/2001,MVY,MA,ANE,EN,Federal Contract Tower,0,5,4,0,9,0,34,50,0,84,0,39,54,0,93,0,0,0,93
04/04/2001,MVY,MA,ANE,EN,Federal Contract Tower,0,8,5,0,13,0,34,63,0,97,0,42,68,0,110,28,0,28,138
04/05/2001,MVY,MA,ANE,EN,Federal Contract Tower,0,4,3,0,7,0,48,55,0,103,0,52,58,0,110,28,0,28,138
04/06/2001,MVY,MA,ANE,EN,Federal Contract Tower,0,9,6,0,15,0,41,19,0,60,0,50,25,0,75,44,0,44,119
04/07/2001,MVY,MA,ANE,EN,Federal Contract Tower,0,17,11,0,28,0,18,55,2,75,0,35,66,2,103,4,8,12,115
04/08/2001,MVY,MA,ANE,EN,Federal Contract Tower,0,27,15,0,42,0,0,0,1,1,0,27,15,1,43,2,2,4,47
04/09/2001,MVY,MA,ANE,EN,Federal Contract Tower,0,14,9,0,23,0,31,40,0,71,0,45,49,0,94,12,0,12,106
04/10/2001,MVY,MA,ANE,EN,Federal Contract Tower,0,3,3,0,6,0,39,49,0,88,0,42,52,0,94,14,0,14,108
04/11/2001,MVY,MA,ANE,EN,Federal Contract Tower,0,6,3,0,9,0,51,46,0,97,0,57,49,0,106,6,2,8,114
04/12/2001,MVY,MA,ANE,EN,Federal Contract Tower,0,27,9,0,36,0,7,0,0,7,0,34,9,0,43,0,0,0,43
04/13/2001,MVY,MA,ANE,EN,Federal Contract Tower,0,40,22,0,62,0,5,7,0,12,0,45,29,0,74,0,0,0,74
04/14/2001,MVY,MA,ANE,EN,Federal Contract Tower,0,10,5,0,15,0,29,74,0,103,0,39,79,0,118,16,0,16,134
04/15/2001,MVY,MA,ANE,EN,Federal Contract Tower,0,6,3,0,9,0,26,91,0,117,0,32,94,0,126,10,0,10,136
04/16/2001,MVY,MA,ANE,EN,Federal Contract Tower,0,12,6,0,18,0,42,61,0,103,0,54,67,0,121,6,0,6,127
04/17/2001,MVY,MA,ANE,EN,Federal Contract Tower,0,16,8,0,24,0,29,19,0,48,0,45,27,0,72,2,0,2,74
04/18/2001,MVY,MA,ANE,EN,Federal Contract Tower,0,20,8,0,28,0,19,0,0,19,0,39,8,0,47,6,0,6,53
04/19/2001,MVY,MA,ANE,EN,Federal Contract Tower,0,11,5,0,16,0,37,38,0,75,0,48,43,0,91,14,4,18,109
04/20/2001,MVY,MA,ANE,EN,Federal Contract Tower,0,12,6,0,18,0,35,59,0,94,0,47,65,0,112,10,2,12,124
04/21/2001,MVY,MA,ANE,EN,Federal Contract Tower,0,41,23,0,64,0,2,14,0,16,0,43,37,0,80,4,2,6,86
04/22/2001,MVY,MA,ANE,EN,Federal Contract Tower,0,16,8,0,24,0,17,66,0,83,0,33,74,0,107,2,0,2,109
04/23/2001,MVY,MA,ANE,EN,Federal Contract Tower,0,5,2,0,7,0,46,71,0,117,0,51,73,0,124,14,0,14,138
04/24/2001,MVY,MA,ANE,EN,Federal Contract Tower,0,16,8,0,24,0,26,30,0,56,0,42,38,0,80,4,0,4,84
04/25/2001,MVY,MA,ANE,EN,Federal Contract Tower,0,5,2,0,7,0,44,46,0,90,0,49,48,0,97,12,0,12,109
04/26/2001,MVY,MA,ANE,EN,Federal Contract Tower,0,9,5,0,14,0,39,31,0,70,0,48,36,0,84,10,4,14,98
04/27/2001,MVY,MA,ANE,EN,Federal Contract Tower,0,17,9,0,26,0,33,37,0,70,0,50,46,0,96,14,0,14,110
04/28/2001,MVY,MA,ANE,EN,Federal Contract Tower,0,13,6,0,19,0,29,112,0,141,0,42,118,0,160,32,0,32,192
04/29/2001,MVY,MA,ANE,EN,Federal Contract Tower,0,9,5,0,14,0,29,166,0,195,0,38,171,0,209,2,0,2,211
04/30/2001,MVY,MA,ANE,EN,Federal Contract Tower,0,6,2,0,8,0,42,60,0,102,0,48,62,0,110,16,0,16,126
05/01/2001,MVY,MA,ANE,EN,Federal Contract Tower,0,5,8,0,13,0,47,70,0,117,0,52,78,0,130,20,0,20,150
05/02/2001,MVY,MA,ANE,EN,Federal Contract Tower,0,5,8,0,13,0,46,57,0,103,0,51,65,0,116,4,0,4,120
05/03/2001,MVY,MA,ANE,EN,Federal Contract Tower,0,6,9,2,17,0,49,57,0,106,0,55,66,2,123,6,4,10,133
05/04/2001,MVY,MA,ANE,EN,Federal Contract Tower,0,14,13,0,27,0,53,56,0,109,0,67,69,0,136,16,0,16,152
05/05/2001,MVY,MA,ANE,EN,Federal Contract Tower,0,13,12,0,25,0,31,90,0,121,0,44,102,0,146,6,2,8,154
05/06/2001,MVY,MA,ANE,EN,Federal Contract Tower,0,0,5,2,7,0,51,113,0,164,0,51,118,2,171,0,4,4,175
05/07/2001,MVY,MA,ANE,EN,Federal Contract Tower,0,9,12,0,21,0,49,62,0,111,0,58,74,0,132,8,0,8,140
05/08/2001,MVY,MA,ANE,EN,Federal Contract Tower,0,10,8,0,18,0,41,87,0,128,0,51,95,0,146,28,2,30,176
05/09/2001,MVY,MA,ANE,EN,Federal Contract Tower,0,6,9,0,15,0,36,56,0,92,0,42,65,0,107,6,4,10,117
05/10/2001,MVY,MA,ANE,EN,Federal Contract Tower,0,7,9,2,18,0,47,71,10,128,0,54,80,12,146,6,20,26,172
05/11/2001,MVY,MA,ANE,EN,Federal Contract Tower,0,12,11,0,23,0,46,92,0,138,0,58,103,0,161,8,0,8,169
05/12/2001,MVY,MA,ANE,EN,Federal Contract Tower,0,10,8,0,18,0,42,121,1,164,0,52,129,1,182,18,0,18,200
05/13/2001,MVY,MA,ANE,EN,Federal Contract Tower,0,9,8,0,17,0,38,92,0,130,0,47,100,0,147,12,0,12,159
05/14/2001,MVY,MA,ANE,EN,Federal Contract Tower,0,11,9,0,20,0,48,54,0,102,0,59,63,0,122,4,2,6,128
05/15/2001,MVY,MA,ANE,EN,Federal Contract Tower,0,26,12,0,38,0,38,18,0,56,0,64,30,0,94,0,4,4,98
05/16/2001,MVY,MA,ANE,EN,Federal Contract Tower,0,48,22,2,72,0,11,8,0,19,0,59,30,2,91,2,0,2,93
05/17/2001,MVY,MA,ANE,EN,Federal Contract Tower,0,19,6,0,25,0,70,83,0,153,0,89,89,0,178,20,0,20,198
05/18/2001,MVY,MA,ANE,EN,Federal Contract Tower,0,14,33,0,47,0,87,67,0,154,0,101,100,0,201,0,0,0,201
05/19/2001,MVY,MA,ANE,EN,Federal Contract Tower,0,33,28,0,61,0,39,79,0,118,0,72,107,0,179,8,0,8,187
05/20/2001,MVY,MA,ANE,EN,Federal Contract Tower,0,18,26,0,44,0,75,117,0,192,0,93,143,0,236,2,0,2,238
05/21/2001,MVY,MA,ANE,EN,Federal Contract Tower,0,72,36,0,108,0,23,43,0,66,0,95,79,0,174,8,0,8,182
05/22/2001,MVY,MA,ANE,EN,Federal Contract Tower,0,49,6,0,55,0,15,6,0,21,0,64,12,0,76,0,0,0,76
05/23/2001,MVY,MA,ANE,EN,Federal Contract Tower,0,23,18,0,41,0,77,12,0,89,0,100,30,0,130,0,0,0,130
05/24/2001,MVY,MA,ANE,EN,Federal Contract Tower,0,83,37,0,120,0,35,7,0,42,0,118,44,0,162,2,0,2,164
05/25/2001,MVY,MA,ANE,EN,Federal Contract Tower,0,26,57,0,83,0,105,99,0,204,0,131,156,0,287,6,0,6,293
05/26/2001,MVY,MA,ANE,EN,Federal Contract Tower,0,24,17,0,41,0,54,94,0,148,0,78,111,0,189,0,0,0,189
05/27/2001,MVY,MA,ANE,EN,Federal Contract Tower,0,57,36,0,93,0,0,0,0,0,0,57,36,0,93,0,0,0,93
05/28/2001,MVY,MA,ANE,EN,Federal Contract Tower,0,17,13,0,30,0,116,120,0,236,0,133,133,0,266,0,0,0,266
05/29/2001,MVY,MA,ANE,EN,Federal Contract Tower,0,23,17,0,40,0,85,73,0,158,0,108,90,0,198,18,0,18,216
05/30/2001,MVY,MA,ANE,EN,Federal Contract Tower,0,5,3,0,8,0,92,73,0,165,0,97,76,0,173,22,0,22,195
05/31/2001,MVY,MA,ANE,EN,Federal Contract Tower,0,18,8,3,29,0,70,62,4,136,0,88,70,7,165,6,2,8,173
06/01/2001,MVY,MA,ANE,EN,Federal Contract Tower,0,19,19,0,38,0,86,78,0,164,0,105,97,0,202,0,0,0,202
06/02/2001,MVY,MA,ANE,EN,Federal Contract Tower,0,32,5,2,39,0,22,15,0,37,0,54,20,2,76,2,2,4,80
06/03/2001,MVY,MA,ANE,EN,Federal Contract Tower,0,38,38,1,77,0,19,8,0,27,0,57,46,1,104,0,4,4,108
06/04/2001,MVY,MA,ANE,EN,Federal Contract Tower,0,17,6,0,23,0,80,68,0,148,0,97,74,0,171,0,0,0,171
06/05/2001,MVY,MA,ANE,EN,Federal Contract Tower,0,14,8,0,22,0,72,94,0,166,0,86,102,0,188,10,0,10,198
06/06/2001,MVY,MA,ANE,EN,Federal Contract Tower,0,15,12,0,27,0,69,79,0,148,0,84,91,0,175,46,0,46,221
06/07/2001,MVY,MA,ANE,EN,Federal Contract Tower,0,23,9,0,32,0,73,133,2,208,0,96,142,2,240,14,4,18,258
06/08/2001,MVY,MA,ANE,EN,Federal Contract Tower,0,33,13,0,46,0,114,123,0,237,0,147,136,0,283,16,2,18,301
06/09/2001,MVY,MA,ANE,EN,Federal Contract Tower,0,9,18,0,27,0,68,169,0,237,0,77,187,0,264,30,0,30,294
06/10/2001,MVY,MA,ANE,EN,Federal Contract Tower,0,13,35,0,48,0,98,181,0,279,0,111,216,0,327,10,0,10,337
06/11/2001,MVY,MA,ANE,EN,Federal Contract Tower,0,29,18,0,47,0,89,45,0,134,0,118,63,0,181,12,0,12,193
06/12/2001,MVY,MA,ANE,EN,Federal Contract Tower,0,42,32,0,74,0,48,10,0,58,0,90,42,0,132,2,0,2,134
06/13/2001,MVY,MA,ANE,EN,Federal Contract Tower,0,35,21,0,56,0,83,73,0,156,0,118,94,0,212,14,0,14,226
06/14/2001,MVY,MA,ANE,EN,Federal Contract Tower,0,89,61,0,150,0,0,0,0,0,0,89,61,0,150,0,0,0,150
06/15/2001,MVY,MA,ANE,EN,Federal Contract Tower,2,87,91,2,182,0,45,35,0,80,2,132,126,2,262,18,0,18,280
06/16/2001,MVY,MA,ANE,EN,Federal Contract Tower,0,74,58,0,132,2,23,13,0,38,2,97,71,0,170,0,0,0,170
06/17/2001,MVY,MA,ANE,EN,Federal Contract Tower,0,68,51,0,119,2,6,0,0,8,2,74,51,0,127,0,0,0,127
06/18/2001,MVY,MA,ANE,EN,Federal Contract Tower,0,20,10,0,30,0,92,152,0,244,0,112,162,0,274,8,0,8,282
06/19/2001,MVY,MA,ANE,EN,Federal Contract Tower,0,24,11,0,35,0,87,99,0,186,0,111,110,0,221,12,0,12,233
06/20/2001,MVY,MA,ANE,EN,Federal Contract Tower,0,34,23,0,57,0,93,72,0,165,0,127,95,0,222,14,0,14,236
06/21/2001,MVY,MA,ANE,EN,Federal Contract Tower,0,42,44,2,88,0,93,43,0,136,0,135,87,2,224,6,6,12,236
06/22/2001,MVY,MA,ANE,EN,Federal Contract Tower,0,66,51,0,117,0,58,74,3,135,0,124,125,3,252,2,0,2,254
06/23/2001,MVY,MA,ANE,EN,Federal Contract Tower,0,78,44,0,122,0,29,13,0,42,0,107,57,0,164,0,0,0,164
06/24/2001,MVY,MA,ANE,EN,Federal Contract Tower,0,103,108,0,211,0,12,15,0,27,0,115,123,0,238,0,0,0,238
06/25/2001,MVY,MA,ANE,EN,Federal Contract Tower,0,56,47,0,103,0,73,105,0,178,0,129,152,0,281,8,0,8,289
06/26/2001,MVY,MA,ANE,EN,Federal Contract Tower,0,18,15,0,33,0,87,125,0,212,0,105,140,0,245,12,0,12,257
06/27/2001,MVY,MA,ANE,EN,Federal Contract Tower,0,21,24,1,46,0,97,141,3,241,0,118,165,4,287,18,2,20,307
06/28/2001,MVY,MA,ANE,EN,Federal Contract Tower,0,56,27,0,83,0,83,140,0,223,0,139,167,0,306,12,2,14,320
06/29/2001,MVY,MA,ANE,EN,Federal Contract Tower,0,72,43,0,115,0,101,168,0,269,0,173,211,0,384,4,0,4,388
06/30/2001,MVY,MA,ANE,EN,Federal Contract Tower,0,98,91,0,189,0,28,14,0,42,0,126,105,0,231,2,0,2,233
07/01/2001,MVY,MA,ANE,EN,Federal Contract Tower,0,87,60,0,147,0,39,58,0,97,0,126,118,0,244,0,0,0,244
07/02/2001,MVY,MA,ANE,EN,Federal Contract Tower,0,56,35,0,91,0,98,119,2,219,0,154,154,2,310,14,0,14,324
07/03/2001,MVY,MA,ANE,EN,Federal Contract Tower,0,59,31,0,90,0,99,195,0,294,0,158,226,0,384,24,0,24,408
07/04/2001,MVY,MA,ANE,EN,Federal Contract Tower,0,62,45,0,107,0,53,49,0,102,0,115,94,0,209,2,0,2,211
07/05/2001,MVY,MA,ANE,EN,Federal Contract Tower,0,119,96,0,215,0,38,42,0,80,0,157,138,0,295,0,0,0,295
07/06/2001,MVY,MA,ANE,EN,Federal Contract Tower,0,49,34,0,83,0,102,175,0,277,0,151,209,0,360,8,0,8,368
07/07/2001,MVY,MA,ANE,EN,Federal Contract Tower,0,50,39,3,92,0,82,205,1,288,0,132,244,4,380,6,0,6,386
07/08/2001,MVY,MA,ANE,EN,Federal Contract Tower,0,89,103,0,192,0,53,119,0,172,0,142,222,0,364,4,0,4,368
07/09/2001,MVY,MA,ANE,EN,Federal Contract Tower,0,111,56,0,167,0,49,67,0,116,0,160,123,0,283,8,0,8,291
07/10/2001,MVY,MA,ANE,EN,Federal Contract Tower,0,48,20,0,68,0,70,85,2,157,0,118,105,2,225,18,0,18,243
07/11/2001,MVY,MA,ANE,EN,Federal Contract Tower,0,68,45,0,113,0,69,52,2,123,0,137,97,2,236,12,0,12,248
07/12/2001,MVY,MA,ANE,EN,Federal Contract Tower,0,66,36,0,102,0,67,147,4,218,0,133,183,4,320,14,0,14,334
07/13/2001,MVY,MA,ANE,EN,Federal Contract Tower,0,69,45,0,114,0,79,186,0,265,0,148,231,0,379,6,0,6,385
07/14/2001,MVY,MA,ANE,EN,Federal Contract Tower,0,44,22,0,66,0,85,180,0,265,0,129,202,0,331,0,0,0,331
07/15/2001,MVY,MA,ANE,EN,Federal Contract Tower,0,64,39,0,103,2,118,276,0,396,2,182,315,0,499,0,0,0,499
07/16/2001,MVY,MA,ANE,EN,Federal Contract Tower,0,49,35,0,84,2,115,157,0,274,2,164,192,0,358,2,4,6,364
07/17/2001,MVY,MA,ANE,EN,Federal Contract Tower,0,114,44,2,160,2,31,23,2,58,2,145,67,4,218,0,4,4,222
07/18/2001,MVY,MA,ANE,EN,Federal Contract Tower,0,99,47,0,146,0,30,55,0,85,0,129,102,0,231,0,0,0,231
07/19/2001,MVY,MA,ANE,EN,Federal Contract Tower,0,90,71,0,161,0,60,94,0,154,0,150,165,0,315,0,0,0,315
07/20/2001,MVY,MA,ANE,EN,Federal Contract Tower,0,55,65,0,120,0,86,148,0,234,0,141,213,0,354,0,0,0,354
07/21/2001,MVY,MA,ANE,EN,Federal Contract Tower,0,41,28,0,69,0,88,248,0,336,0,129,276,0,405,2,0,2,407
07/22/2001,MVY,MA,ANE,EN,Federal Contract Tower,0,73,47,0,120,0,86,227,0,313,0,159,274,0,433,2,0,2,435
07/23/2001,MVY,MA,ANE,EN,Federal Contract Tower,0,97,93,0,190,0,60,80,0,140,0,157,173,0,330,4,0,4,334
07/24/2001,MVY,MA,ANE,EN,Federal Contract Tower,0,119,55,0,174,0,13,4,0,17,0,132,59,0,191,8,0,8,199
07/25/2001,MVY,MA,ANE,EN,Federal Contract Tower,0,57,36,0,93,0,80,83,0,163,0,137,119,0,256,6,0,6,262
07/26/2001,MVY,MA,ANE,EN,Federal Contract Tower,0,147,84,1,232,0,12,6,0,18,0,159,90,1,250,0,0,0,250
07/27/2001,MVY,MA,ANE,EN,Federal Contract Tower,0,65,52,0,117,0,115,232,0,347,0,180,284,0,464,6,0,6,470
07/28/2001,MVY,MA,ANE,EN,Federal Contract Tower,0,47,14,0,61,0,61,165,0,226,0,108,179,0,287,2,0,2,289
07/29/2001,MVY,MA,ANE,EN,Federal Contract Tower,0,40,42,0,82,0,95,229,0,324,0,135,271,0,406,2,0,2,408
07/30/2001,MVY,MA,ANE,EN,Federal Contract Tower,0,66,41,0,107,0,102,113,0,215,0,168,154,0,322,2,0,2,324
07/31/2001,MVY,MA,ANE,EN,Federal Contract Tower,0,40,14,0,54,0,95,125,0,220,0,135,139,0,274,44,0,44,318
08/01/2001,MVY,MA,ANE,EN,Federal Contract Tower,0,38,25,0,63,0,101,131,0,232,0,139,156,0,295,10,2,12,307
08/02/2001,MVY,MA,ANE,EN,Federal Contract Tower,0,47,42,0,89,0,97,152,0,249,0,144,194,0,338,12,0,12,350
08/03/2001,MVY,MA,ANE,EN,Federal Contract Tower,0,71,73,0,144,0,81,134,0,215,0,152,207,0,359,14,0,14,373
08/04/2001,MVY,MA,ANE,EN,Federal Contract Tower,0,104,75,0,179,0,25,21,0,46,0,129,96,0,225,0,0,0,225
08/05/2001,MVY,MA,ANE,EN,Federal Contract Tower,0,161,129,0,290,0,6,45,0,51,0,167,174,0,341,0,0,0,341
08/06/2001,MVY,MA,ANE,EN,Federal Contract Tower,0,90,91,0,181,0,38,19,0,57,0,128,110,0,238,8,0,8,246
08/07/2001,MVY,MA,ANE,EN,Federal Contract Tower,0,77,64,0,141,0,49,79,0,128,0,126,143,0,269,20,0,20,289
08/08/2001,MVY,MA,ANE,EN,Federal Contract Tower,0,65,33,0,98,0,78,96,8,182,0,143,129,8,280,0,0,0,280
08/09/2001,MVY,MA,ANE,EN,Federal Contract Tower,0,112,91,0,203,0,60,98,12,170,0,172,189,12,373,2,0,2,375
08/10/2001,MVY,MA,ANE,EN,Federal Contract Tower,0,129,121,0,250,0,1,1,0,2,0,130,122,0,252,0,0,0,252
08/11/2001,MVY,MA,ANE,EN,Federal Contract Tower,0,116,95,0,211,0,31,60,0,91,0,147,155,0,302,0,0,0,302
08/12/2001,MVY,MA,ANE,EN,Federal Contract Tower,0,171,127,0,298,0,1,0,0,1,0,172,127,0,299,0,0,0,299
08/13/2001,MVY,MA,ANE,EN,Federal Contract Tower,0,130,88,0,218,0,38,11,0,49,0,168,99,0,267,0,0,0,267
08/14/2001,MVY,MA,ANE,EN,Federal Contract Tower,0,95,50,5,150,0,56,47,3,106,0,151,97,8,256,0,6,6,262
08/15/2001,MVY,MA,ANE,EN,Federal Contract Tower,0,49,33,0,82,2,90,185,0,277,2,139,218,0,359,8,0,8,367
08/16/2001,MVY,MA,ANE,EN,Federal Contract Tower,0,72,41,0,113,2,113,212,0,327,2,185,253,0,440,22,0,22,462
08/17/2001,MVY,MA,ANE,EN,Federal Contract Tower,0,96,90,0,186,2,73,69,0,144,2,169,159,0,330,6,0,6,336
08/18/2001,MVY,MA,ANE,EN,Federal Contract Tower,0,45,38,0,83,0,86,179,0,265,0,131,217,0,348,6,0,6,354
08/19/2001,MVY,MA,ANE,EN,Federal Contract Tower,0,117,131,0,248,0,58,95,0,153,0,175,226,0,401,4,0,4,405
08/20/2001,MVY,MA,ANE,EN,Federal Contract Tower,0,105,87,0,192,0,31,26,0,57,0,136,113,0,249,0,0,0,249
08/21/2001,MVY,MA,ANE,EN,Federal Contract Tower,0,109,61,0,170,0,16,13,0,29,0,125,74,0,199,0,0,0,199
08/22/2001,MVY,MA,ANE,EN,Federal Contract Tower,0,51,41,0,92,0,95,179,0,274,0,146,220,0,366,8,6,14,380
08/23/2001,MVY,MA,ANE,EN,Federal Contract Tower,0,71,50,0,121,0,102,128,0,230,0,173,178,0,351,2,0,2,353
08/24/2001,MVY,MA,ANE,EN,Federal Contract Tower,0,80,60,0,140,0,88,121,0,209,0,168,181,0,349,6,0,6,355
08/25/2001,MVY,MA,ANE,EN,Federal Contract Tower,0,53,26,0,79,0,73,192,0,265,0,126,218,0,344,10,0,10,354
08/26/2001,MVY,MA,ANE,EN,Federal Contract Tower,0,59,44,0,103,0,75,272,0,347,0,134,316,0,450,0,0,0,450
08/27/2001,MVY,MA,ANE,EN,Federal Contract Tower,0,75,40,0,115,0,75,66,0,141,0,150,106,0,256,0,0,0,256
08/28/2001,MVY,MA,ANE,EN,Federal Contract Tower,0,102,63,1,166,0,39,41,0,80,0,141,104,1,246,2,0,2,248
08/29/2001,MVY,MA,ANE,EN,Federal Contract Tower,0,58,39,2,99,0,100,178,0,278,0,158,217,2,377,10,6,16,393
08/30/2001,MVY,MA,ANE,EN,Federal Contract Tower,0,70,54,0,124,0,79,153,0,232,0,149,207,0,356,8,2,10,366
08/31/2001,MVY,MA,ANE,EN,Federal Contract Tower,0,111,85,0,196,0,64,85,0,149,0,175,170,0,345,2,0,2,347
09/01/2001,MVY,MA,ANE,EN,Federal Contract Tower,0,65,46,0,111,0,56,84,0,140,0,121,130,0,251,4,0,4,255
09/02/2001,MVY,MA,ANE,EN,Federal Contract Tower,0,37,36,0,73,0,74,223,2,299,0,111,259,2,372,10,0,10,382
09/03/2001,MVY,MA,ANE,EN,Federal Contract Tower,0,34,30,0,64,0,150,319,0,469,0,184,349,0,533,0,0,0,533
09/04/2001,MVY,MA,ANE,EN,Federal Contract Tower,0,63,18,1,82,0,80,85,1,166,0,143,103,2,248,6,4,10,258
09/05/2001,MVY,MA,ANE,EN,Federal Contract Tower,0,39,8,1,48,0,89,114,1,204,0,128,122,2,252,12,0,12,264
09/06/2001,MVY,MA,ANE,EN,Federal Contract Tower,0,34,14,0,48,0,117,138,0,255,0,151,152,0,303,20,0,20,323
09/07/2001,MVY,MA,ANE,EN,Federal Contract Tower,0,51,17,0,68,0,117,147,0,264,0,168,164,0,332,8,0,8,340
09/08/2001,MVY,MA,ANE,EN,Federal Contract Tower,0,38,27,0,65,0,74,159,4,237,0,112,186,4,302,20,0,20,322
09/09/2001,MVY,MA,ANE,EN,Federal Contract Tower,0,33,20,0,53,0,91,199,0,290,0,124,219,0,343,4,0,4,347
09/10/2001,MVY,MA,ANE,EN,Federal Contract Tower,0,39,20,0,59,0,92,54,0,146,0,131,74,0,205,6,6,12,217
09/11/2001,MVY,MA,ANE,EN,Federal Contract Tower,0,5,0,0,5,0,10,8,0,18,0,15,8,0,23,0,0,0,23
09/12/2001,MVY,MA,ANE,EN,Federal Contract Tower,0,0,2,0,2,0,0,0,0,0,0,0,2,0,2,0,0,0,2
09/13/2001,MVY,MA,ANE,EN,Federal Contract Tower,0,14,0,0,14,0,0,0,0,0,0,14,0,0,14,0,0,0,14
09/14/2001,MVY,MA,ANE,EN,Federal Contract Tower,0,66,5,0,71,0,18,5,0,23,0,84,10,0,94,0,0,0,94
09/15/2001,MVY,MA,ANE,EN,Federal Contract Tower,0,59,54,0,113,2,12,5,0,19,2,71,59,0,132,0,0,0,132
09/16/2001,MVY,MA,ANE,EN,Federal Contract Tower,0,57,54,0,111,2,23,8,0,33,2,80,62,0,144,0,0,0,144
09/17/2001,MVY,MA,ANE,EN,Federal Contract Tower,0,79,41,2,122,2,33,9,2,46,2,112,50,4,168,0,4,4,172
09/18/2001,MVY,MA,ANE,EN,Federal Contract Tower,0,62,35,0,97,0,34,6,0,40,0,96,41,0,137,2,4,6,143
09/19/2001,MVY,MA,ANE,EN,Federal Contract Tower,0,85,65,0,150,0,2,0,0,2,0,87,65,0,152,0,0,0,152
09/20/2001,MVY,MA,ANE,EN,Federal Contract Tower,0,80,34,0,114,0,22,15,0,37,0,102,49,0,151,0,4,4,155
09/21/2001,MVY,MA,ANE,EN,Federal Contract Tower,0,57,37,0,94,0,52,33,0,85,0,109,70,0,179,2,0,2,181
09/22/2001,MVY,MA,ANE,EN,Federal Contract Tower,0,59,49,0,108,0,15,20,0,35,0,74,69,0,143,0,0,0,143
09/23/2001,MVY,MA,ANE,EN,Federal Contract Tower,0,90,70,0,160,0,21,32,0,53,0,111,102,0,213,0,0,0,213
09/24/2001,MVY,MA,ANE,EN,Federal Contract Tower,0,85,26,0,111,0,13,1,0,14,0,98,27,0,125,0,0,0,125
09/25/2001,MVY,MA,ANE,EN,Federal Contract Tower,0,50,16,2,68,0,16,0,2,18,0,66,16,4,86,0,12,12,98
09/26/2001,MVY,MA,ANE,EN,Federal Contract Tower,0,43,23,0,66,0,40,80,0,120,0,83,103,0,186,0,12,12,198
09/27/2001,MVY,MA,ANE,EN,Federal Contract Tower,0,30,33,0,63,0,69,64,0,133,0,99,97,0,196,14,6,20,216
09/28/2001,MVY,MA,ANE,EN,Federal Contract Tower,0,43,25,0,68,0,60,64,0,124,0,103,89,0,192,14,0,14,206
09/29/2001,MVY,MA,ANE,EN,Federal Contract Tower,0,41,23,0,64,0,28,17,0,45,0,69,40,0,109,0,4,4,113
09/30/2001,MVY,MA,ANE,EN,Federal Contract Tower,0,77,43,0,120,0,31,19,0,50,0,108,62,0,170,0,0,0,170
10/01/2001,MVY,MA,ANE,EN,Federal Contract Tower,0,36,18,1,55,0,27,18,1,46,0,63,36,2,101,0,0,0,101
10/02/2001,MVY,MA,ANE,EN,Federal Contract Tower,0,54,15,0,69,0,53,88,0,141,0,107,103,0,210,6,0,6,216
10/03/2001,MVY,MA,ANE,EN,Federal Contract Tower,0,25,23,0,48,0,43,42,0,85,0,68,65,0,133,2,2,4,137
10/04/2001,MVY,MA,ANE,EN,Federal Contract Tower,0,43,27,0,70,0,53,68,0,121,0,96,95,0,191,8,0,8,199
10/05/2001,MVY,MA,ANE,EN,Federal Contract Tower,0,54,39,0,93,0,58,90,2,150,0,112,129,2,243,0,0,0,243
10/06/2001,MVY,MA,ANE,EN,Federal Contract Tower,0,47,15,2,64,0,36,9,0,45,0,83,24,2,109,0,0,0,109
10/07/2001,MVY,MA,ANE,EN,Federal Contract Tower,0,19,26,0,45,0,55,95,0,150,0,74,121,0,195,12,2,14,209
10/08/2001,MVY,MA,ANE,EN,Federal Contract Tower,0,37,22,0,59,0,67,80,0,147,0,104,102,0,206,10,0,10,216
10/09/2001,MVY,MA,ANE,EN,Federal Contract Tower,0,20,14,0,34,0,60,74,0,134,0,80,88,0,168,12,0,12,180
10/10/2001,MVY,MA,ANE,EN,Federal Contract Tower,0,18,16,0,34,0,57,81,0,138,0,75,97,0,172,4,0,4,176
10/11/2001,MVY,MA,ANE,EN,Federal Contract Tower,0,28,25,2,55,0,47,52,14,113,0,75,77,16,168,4,6,10,178
10/12/2001,MVY,MA,ANE,EN,Federal Contract Tower,0,38,23,0,61,0,43,99,0,142,0,81,122,0,203,16,0,16,219
10/13/2001,MVY,MA,ANE,EN,Federal Contract Tower,0,41,28,0,69,0,4,18,0,22,0,45,46,0,91,0,0,0,91
10/14/2001,MVY,MA,ANE,EN,Federal Contract Tower,0,55,29,0,84,0,13,7,0,20,0,68,36,0,104,0,0,0,104
10/15/2001,MVY,MA,ANE,EN,Federal Contract Tower,0,31,8,0,39,0,30,28,0,58,0,61,36,0,97,0,0,0,97
10/16/2001,MVY,MA,ANE,EN,Federal Contract Tower,0,8,4,0,12,0,72,57,0,129,0,80,61,0,141,0,0,0,141
10/17/2001,MVY,MA,ANE,EN,Federal Contract Tower,0,19,8,0,27,0,30,22,0,52,0,49,30,0,79,2,0,2,81
10/18/2001,MVY,MA,ANE,EN,Federal Contract Tower,0,20,18,1,39,0,50,61,0,111,0,70,79,1,150,20,1,21,171
10/19/2001,MVY,MA,ANE,EN,Federal Contract Tower,0,18,34,0,52,0,67,94,0,161,0,85,128,0,213,8,0,8,221
10/20/2001,MVY,MA,ANE,EN,Federal Contract Tower,0,10,30,0,40,0,45,74,0,119,0,55,104,0,159,2,0,2,161
10/21/2001,MVY,MA,ANE,EN,Federal Contract Tower,0,10,38,0,48,0,65,95,0,160,0,75,133,0,208,16,0,16,224
10/22/2001,MVY,MA,ANE,EN,Federal Contract Tower,0,19,6,0,25,0,35,36,0,71,0,54,42,0,96,0,0,0,96
10/23/2001,MVY,MA,ANE,EN,Federal Contract Tower,0,12,5,0,17,0,30,51,1,82,0,42,56,1,99,6,2,8,107
10/24/2001,MVY,MA,ANE,EN,Federal Contract Tower,0,42,5,0,47,0,0,0,0,0,0,42,5,0,47,4,0,4,51
10/25/2001,MVY,MA,ANE,EN,Federal Contract Tower,0,19,14,0,33,0,28,62,0,90,0,47,76,0,123,0,0,0,123
10/26/2001,MVY,MA,ANE,EN,Federal Contract Tower,0,20,14,0,34,0,20,6,0,26,0,40,20,0,60,4,0,4,64
10/27/2001,MVY,MA,ANE,EN,Federal Contract Tower,0,5,18,0,23,0,38,106,0,144,0,43,124,0,167,0,6,6,173
10/28/2001,MVY,MA,ANE,EN,Federal Contract Tower,0,2,34,0,36,0,40,80,0,120,0,42,114,0,156,16,0,16,172
10/29/2001,MVY,MA,ANE,EN,Federal Contract Tower,0,10,14,0,24,0,37,61,0,98,0,47,75,0,122,14,0,14,136
10/30/2001,MVY,MA,ANE,EN,Federal Contract Tower,0,15,8,0,23,0,38,52,0,90,0,53,60,0,113,14,2,16,129
10/31/2001,MVY,MA,ANE,EN,Federal Contract Tower,0,16,14,0,30,0,34,38,0,72,0,50,52,0,102,14,0,14,116
11/01/2001,MVY,MA,ANE,EN,Federal Contract Tower,0,7,11,0,18,0,38,30,0,68,0,45,41,0,86,8,0,8,94
11/02/2001,MVY,MA,ANE,EN,Federal Contract Tower,0,18,25,0,43,0,29,16,0,45,0,47,41,0,88,8,6,14,102
11/03/2001,MVY,MA,ANE,EN,Federal Contract Tower,0,23,30,0,53,0,22,11,0,33,0,45,41,0,86,14,0,14,100
11/04/2001,MVY,MA,ANE,EN,Federal Contract Tower,0,7,42,0,49,0,29,119,0,148,0,36,161,0,197,12,0,12,209
11/05/2001,MVY,MA,ANE,EN,Federal Contract Tower,0,10,8,0,18,0,25,10,0,35,0,35,18,0,53,4,4,8,61
11/06/2001,MVY,MA,ANE,EN,Federal Contract Tower,0,16,4,0,20,0,28,6,0,34,0,44,10,0,54,4,0,4,58
11/07/2001,MVY,MA,ANE,EN,Federal Contract Tower,0,6,8,0,14,0,33,19,0,52,0,39,27,0,66,6,0,6,72
11/08/2001,MVY,MA,ANE,EN,Federal Contract Tower,0,6,8,0,14,0,26,42,2,70,0,32,50,2,84,6,6,12,96
11/09/2001,MVY,MA,ANE,EN,Federal Contract Tower,0,13,12,0,25,0,24,12,0,36,0,37,24,0,61,20,0,20,81
11/10/2001,MVY,MA,ANE,EN,Federal Contract Tower,0,6,20,0,26,0,26,53,0,79,0,32,73,0,105,20,0,20,125
11/11/2001,MVY,MA,ANE,EN,Federal Contract Tower,0,12,12,0,24,0,20,39,0,59,0,32,51,0,83,0,0,0,83
11/12/2001,MVY,MA,ANE,EN,Federal Contract Tower,0,12,7,0,19,0,24,20,0,44,0,36,27,0,63,0,0,0,63
11/13/2001,MVY,MA,ANE,EN,Federal Contract Tower,0,7,10,0,17,0,34,34,0,68,0,41,44,0,85,18,0,18,103
11/14/2001,MVY,MA,ANE,EN,Federal Contract Tower,0,3,2,0,5,0,38,28,0,66,0,41,30,0,71,12,0,12,83
11/15/2001,MVY,MA,ANE,EN,Federal Contract Tower,0,9,11,0,20,0,29,32,0,61,0,38,43,0,81,0,0,0,81
11/16/2001,MVY,MA,ANE,EN,Federal Contract Tower,0,8,10,0,18,0,35,24,0,59,0,43,34,0,77,4,0,4,81
11/17/2001,MVY,MA,ANE,EN,Federal Contract Tower,0,10,14,0,24,0,51,65,0,116,0,61,79,0,140,4,0,4,144
11/18/2001,MVY,MA,ANE,EN,Federal Contract Tower,0,3,23,0,26,0,28,123,0,151,0,31,146,0,177,16,0,16,193
11/19/2001,MVY,MA,ANE,EN,Federal Contract Tower,0,10,9,0,19,0,31,39,0,70,0,41,48,0,89,12,0,12,101
11/20/2001,MVY,MA,ANE,EN,Federal Contract Tower,0,14,10,0,24,0,30,32,0,62,0,44,42,0,86,0,0,0,86
11/21/2001,MVY,MA,ANE,EN,Federal Contract Tower,0,4,33,0,37,0,46,66,0,112,0,50,99,0,149,6,0,6,155
11/22/2001,MVY,MA,ANE,EN,Federal Contract Tower,0,4,6,0,10,0,31,23,4,58,0,35,29,4,68,0,0,0,68
11/23/2001,MVY,MA,ANE,EN,Federal Contract Tower,0,7,29,0,36,0,41,85,0,126,0,48,114,0,162,36,0,36,198
11/24/2001,MVY,MA,ANE,EN,Federal Contract Tower,0,25,11,0,36,0,40,56,0,96,0,65,67,0,132,2,0,2,134
11/25/2001,MVY,MA,ANE,EN,Federal Contract Tower,0,17,40,0,57,0,27,60,0,87,0,44,100,0,144,2,0,2,146
11/26/2001,MVY,MA,ANE,EN,Federal Contract Tower,0,32,20,0,52,0,8,5,0,13,0,40,25,0,65,0,0,0,65
11/27/2001,MVY,MA,ANE,EN,Federal Contract Tower,0,9,13,0,22,0,40,29,0,69,0,49,42,0,91,0,2,2,93
11/28/2001,MVY,MA,ANE,EN,Federal Contract Tower,0,25,15,0,40,0,19,21,0,40,0,44,36,0,80,6,0,6,86
11/29/2001,MVY,MA,ANE,EN,Federal Contract Tower,0,32,10,0,42,0,5,3,0,8,0,37,13,0,50,2,2,4,54
11/30/2001,MVY,MA,ANE,EN,Federal Contract Tower,0,21,7,0,28,0,8,7,0,15,0,29,14,0,43,0,0,0,43
12/01/2001,MVY,MA,ANE,EN,Federal Contract Tower,0,33,44,0,77,0,3,23,0,26,0,36,67,0,103,0,0,0,103
12/02/2001,MVY,MA,ANE,EN,Federal Contract Tower,0,1,12,0,13,0,20,91,0,111,0,21,103,0,124,0,0,0,124
12/03/2001,MVY,MA,ANE,EN,Federal Contract Tower,0,6,2,0,8,0,45,57,0,102,0,51,59,0,110,2,0,2,112
12/04/2001,MVY,MA,ANE,EN,Federal Contract Tower,0,0,0,0,0,0,49,59,0,108,0,49,59,0,108,10,0,10,118
12/05/2001,MVY,MA,ANE,EN,Federal Contract Tower,0,6,17,0,23,0,30,57,0,87,0,36,74,0,110,34,0,34,144
12/06/2001,MVY,MA,ANE,EN,Federal Contract Tower,0,12,7,0,19,0,28,38,0,66,0,40,45,0,85,10,0,10,95
12/07/2001,MVY,MA,ANE,EN,Federal Contract Tower,0,12,12,0,24,0,30,45,0,75,0,42,57,0,99,22,6,28,127
12/08/2001,MVY,MA,ANE,EN,Federal Contract Tower,0,7,23,0,30,0,27,79,0,106,0,34,102,0,136,16,0,16,152
12/09/2001,MVY,MA,ANE,EN,Federal Contract Tower,0,25,14,0,39,0,1,6,0,7,0,26,20,0,46,0,0,0,46
12/10/2001,MVY,MA,ANE,EN,Federal Contract Tower,0,5,5,0,10,0,45,35,0,80,0,50,40,0,90,6,0,6,96
12/11/2001,MVY,MA,ANE,EN,Federal Contract Tower,0,21,13,0,34,0,14,0,0,14,0,35,13,0,48,0,0,0,48
12/12/2001,MVY,MA,ANE,EN,Federal Contract Tower,0,27,9,0,36,0,17,30,0,47,0,44,39,0,83,4,0,4,87
12/13/2001,MVY,MA,ANE,EN,Federal Contract Tower,0,35,3,0,38,0,0,1,0,1,0,35,4,0,39,0,0,0,39
12/14/2001,MVY,MA,ANE,EN,Federal Contract Tower,0,22,11,0,33,0,11,8,0,19,0,33,19,0,52,0,0,0,52
12/15/2001,MVY,MA,ANE,EN,Federal Contract Tower,0,27,18,0,45,0,14,6,0,20,0,41,24,0,65,0,0,0,65
12/16/2001,MVY,MA,ANE,EN,Federal Contract Tower,0,11,6,0,17,0,16,106,0,122,0,27,112,0,139,10,0,10,149
12/17/2001,MVY,MA,ANE,EN,Federal Contract Tower,0,12,7,0,19,0,33,5,0,38,0,45,12,0,57,0,0,0,57
12/18/2001,MVY,MA,ANE,EN,Federal Contract Tower,0,0,0,0,0,0,30,3,6,39,0,30,3,6,39,0,0,0,39
12/19/2001,MVY,MA,ANE,EN,Federal Contract Tower,0,10,5,0,15,0,27,44,0,71,0,37,49,0,86,14,0,14,100
12/20/2001,MVY,MA,ANE,EN,Federal Contract Tower,0,15,9,0,24,0,34,8,0,42,0,49,17,0,66,0,0,0,66
12/21/2001,MVY,MA,ANE,EN,Federal Contract Tower,0,11,7,0,18,0,35,8,0,43,0,46,15,0,61,0,0,0,61
12/22/2001,MVY,MA,ANE,EN,Federal Contract Tower,0,12,0,0,12,0,37,43,0,80,0,49,43,0,92,0,0,0,92
12/23/2001,MVY,MA,ANE,EN,Federal Contract Tower,0,7,10,0,17,0,19,107,0,126,0,26,117,0,143,18,0,18,161
12/24/2001,MVY,MA,ANE,EN,Federal Contract Tower,0,18,3,0,21,0,12,5,0,17,0,30,8,0,38,0,0,0,38
12/25/2001,MVY,MA,ANE,EN,Federal Contract Tower,0,0,0,0,0,0,24,12,0,36,0,24,12,0,36,0,0,0,36
12/26/2001,MVY,MA,ANE,EN,Federal Contract Tower,0,32,5,0,37,0,16,0,0,16,0,48,5,0,53,0,0,0,53
12/27/2001,MVY,MA,ANE,EN,Federal Contract Tower,0,3,3,0,6,0,47,34,0,81,0,50,37,0,87,4,0,4,91
12/28/2001,MVY,MA,ANE,EN,Federal Contract Tower,0,6,6,0,12,0,27,59,0,86,0,33,65,0,98,8,0,8,106
12/29/2001,MVY,MA,ANE,EN,Federal Contract Tower,0,5,15,0,20,0,21,58,0,79,0,26,73,0,99,36,0,36,135
12/30/2001,MVY,MA,ANE,EN,Federal Contract Tower,0,7,2,0,9,0,18,65,0,83,0,25,67,0,92,6,0,6,98
12/31/2001,MVY,MA,ANE,EN,Federal Contract Tower,0,5,12,0,17,0,24,38,0,62,0,29,50,0,79,6,0,6,85
01/01/2002,MVY,MA,ANE,EN,Federal Contract Tower,0,4,5,0,9,0,22,81,0,103,0,26,86,0,112,8,0,8,120
01/02/2002,MVY,MA,ANE,EN,Federal Contract Tower,0,3,14,0,17,0,34,40,0,74,0,37,54,0,91,30,4,34,125
01/03/2002,MVY,MA,ANE,EN,Federal Contract Tower,0,1,3,0,4,0,23,33,0,56,0,24,36,0,60,16,0,16,76
01/04/2002,MVY,MA,ANE,EN,Federal Contract Tower,0,1,4,0,5,0,31,37,2,70,0,32,41,2,75,16,0,16,91
01/05/2002,MVY,MA,ANE,EN,Federal Contract Tower,0,4,13,0,17,0,37,63,0,100,0,41,76,0,117,10,8,18,135
01/06/2002,MVY,MA,ANE,EN,Federal Contract Tower,0,2,8,0,10,0,23,75,0,98,0,25,83,0,108,10,0,10,118
01/07/2002,MVY,MA,ANE,EN,Federal Contract Tower,0,26,0,0,26,0,0,2,0,2,0,26,2,0,28,0,0,0,28
01/08/2002,MVY,MA,ANE,EN,Federal Contract Tower,0,3,3,0,6,0,34,14,0,48,0,37,17,0,54,16,0,16,70
01/09/2002,MVY,MA,ANE,EN,Federal Contract Tower,0,18,10,0,28,0,12,8,0,20,0,30,18,0,48,2,0,2,50
01/10/2002,MVY,MA,ANE,EN,Federal Contract Tower,0,7,3,0,10,0,24,51,0,75,0,31,54,0,85,14,0,14,99
01/11/2002,MVY,MA,ANE,EN,Federal Contract Tower,0,3,1,0,4,0,43,7,0,50,0,46,8,0,54,0,0,0,54
01/12/2002,MVY,MA,ANE,EN,Federal Contract Tower,0,3,1,0,4,0,39,40,0,79,0,42,41,0,83,2,10,12,95
01/13/2002,MVY,MA,ANE,EN,Federal Contract Tower,0,3,2,0,5,0,1,1,0,2,0,4,3,0,7,0,0,0,7
01/14/2002,MVY,MA,ANE,EN,Federal Contract Tower,0,2,2,0,4,0,41,41,0,82,0,43,43,0,86,4,0,4,90
01/15/2002,MVY,MA,ANE,EN,Federal Contract Tower,0,24,5,0,29,0,4,1,0,5,0,28,6,0,34,4,0,4,38
01/16/2002,MVY,MA,ANE,EN,Federal Contract Tower,0,1,4,1,6,0,31,37,0,68,0,32,41,1,74,6,2,8,82
01/17/2002,MVY,MA,ANE,EN,Federal Contract Tower,0,14,1,0,15,0,27,5,0,32,0,41,6,0,47,0,0,0,47
01/18/2002,MVY,MA,ANE,EN,Federal Contract Tower,0,5,16,0,21,0,35,35,0,70,0,40,51,0,91,24,0,24,115
01/19/2002,MVY,MA,ANE,EN,Federal Contract Tower,0,4,2,0,6,0,19,43,0,62,0,23,45,0,68,6,0,6,74
01/20/2002,MVY,MA,ANE,EN,Federal Contract Tower,0,5,6,0,11,0,11,34,0,45,0,16,40,0,56,12,0,12,68
01/21/2002,MVY,MA,ANE,EN,Federal Contract Tower,0,24,8,0,32,0,9,6,0,15,0,33,14,0,47,4,0,4,51
01/22/2002,MVY,MA,ANE,EN,Federal Contract Tower,0,6,6,0,12,0,32,22,0,54,0,38,28,0,66,10,0,10,76
01/23/2002,MVY,MA,ANE,EN,Federal Contract Tower,0,8,4,0,12,0,31,30,0,61,0,39,34,0,73,6,0,6,79
01/24/2002,MVY,MA,ANE,EN,Federal Contract Tower,0,7,0,0,7,0,0,0,0,0,0,7,0,0,7,0,0,0,7
01/25/2002,MVY,MA,ANE,EN,Federal Contract Tower,0,9,5,0,14,0,31,36,0,67,0,40,41,0,81,16,4,20,101
01/26/2002,MVY,MA,ANE,EN,Federal Contract Tower,0,0,0,0,0,0,37,56,0,93,0,37,56,0,93,4,0,4,97
01/27/2002,MVY,MA,ANE,EN,Federal Contract Tower,0,7,8,0,15,0,15,145,0,160,0,22,153,0,175,62,0,62,237
01/28/2002,MVY,MA,ANE,EN,Federal Contract Tower,0,5,8,0,13,0,23,37,0,60,0,28,45,0,73,2,2,4,77
01/29/2002,MVY,MA,ANE,EN,Federal Contract Tower,0,8,9,0,17,0,22,35,0,57,0,30,44,0,74,30,4,34,108
01/30/2002,MVY,MA,ANE,EN,Federal Contract Tower,0,26,2,0,28,0,5,0,0,5,0,31,2,0,33,0,0,0,33
01/31/2002,MVY,MA,ANE,EN,Federal Contract Tower,0,11,0,0,11,0,21,0,0,21,0,32,0,0,32,0,0,0,32
02/01/2002,MVY,MA,ANE,EN,Federal Contract Tower,0,4,2,0,6,0,5,0,0,5,0,9,2,0,11,0,0,0,11
02/02/2002,MVY,MA,ANE,EN,Federal Contract Tower,0,4,14,0,18,0,41,37,0,78,0,45,51,0,96,0,0,0,96
02/03/2002,MVY,MA,ANE,EN,Federal Contract Tower,0,0,16,0,16,0,20,69,0,89,0,20,85,0,105,14,0,14,119
02/04/2002,MVY,MA,ANE,EN,Federal Contract Tower,0,0,3,0,3,0,31,13,0,44,0,31,16,0,47,0,0,0,47
02/05/2002,MVY,MA,ANE,EN,Federal Contract Tower,0,0,9,0,9,0,32,21,0,53,0,32,30,0,62,4,2,6,68
02/06/2002,MVY,MA,ANE,EN,Federal Contract Tower,0,1,5,0,6,0,28,20,0,48,0,29,25,0,54,2,0,2,56
02/07/2002,MVY,MA,ANE,EN,Federal Contract Tower,0,12,3,0,15,0,27,15,0,42,0,39,18,0,57,0,0,0,57
02/08/2002,MVY,MA,ANE,EN,Federal Contract Tower,0,0,11,0,11,0,44,46,0,90,0,44,57,0,101,18,0,18,119
02/09/2002,MVY,MA,ANE,EN,Federal Contract Tower,0,1,10,0,11,0,35,112,0,147,0,36,122,0,158,12,0,12,170
02/10/2002,MVY,MA,ANE,EN,Federal Contract Tower,0,13,4,0,17,0,15,33,0,48,0,28,37,0,65,0,0,0,65
02/11/2002,MVY,MA,ANE,EN,Federal Contract Tower,0,12,3,0,15,0,20,3,0,23,0,32,6,0,38,0,0,0,38
02/12/2002,MVY,MA,ANE,EN,Federal Contract Tower,0,3,2,0,5,0,33,5,0,38,0,36,7,0,43,2,0,2,45
02/13/2002,MVY,MA,ANE,EN,Federal Contract Tower,0,0,2,0,2,0,32,10,0,42,0,32,12,0,44,0,0,0,44
02/14/2002,MVY,MA,ANE,EN,Federal Contract Tower,0,6,3,0,9,0,32,45,0,77,0,38,48,0,86,10,0,10,96
02/15/2002,MVY,MA,ANE,EN,Federal Contract Tower,0,6,3,0,9,0,35,44,0,79,0,41,47,0,88,0,0,0,88
02/16/2002,MVY,MA,ANE,EN,Federal Contract Tower,0,3,10,0,13,0,27,62,0,89,0,30,72,0,102,30,0,30,132
02/17/2002,MVY,MA,ANE,EN,Federal Contract Tower,0,13,4,0,17,0,11,10,0,21,0,24,14,0,38,0,0,0,38
02/18/2002,MVY,MA,ANE,EN,Federal Contract Tower,0,5,4,0,9,0,33,36,0,69,0,38,40,0,78,0,0,0,78
02/19/2002,MVY,MA,ANE,EN,Federal Contract Tower,0,2,7,0,9,0,22,43,0,65,0,24,50,0,74,22,0,22,96
02/20/2002,MVY,MA,ANE,EN,Federal Contract Tower,0,1,6,0,7,0,29,21,0,50,0,30,27,0,57,20,0,20,77
02/21/2002,MVY,MA,ANE,EN,Federal Contract Tower,0,23,3,0,26,0,0,0,0,0,0,23,3,0,26,4,0,4,30
02/22/2002,MVY,MA,ANE,EN,Federal Contract Tower,0,1,8,0,9,0,31,27,0,58,0,32,35,0,67,12,0,12,79
02/23/2002,MVY,MA,ANE,EN,Federal Contract Tower,0,15,16,0,31,0,7,108,0,115,0,22,124,0,146,26,0,26,172
02/24/2002,MVY,MA,ANE,EN,Federal Contract Tower,0,12,14,0,26,0,23,103,0,126,0,35,117,0,152,26,0,26,178
02/25/2002,MVY,MA,ANE,EN,Federal Contract Tower,0,3,5,0,8,0,28,32,0,60,0,31,37,0,68,0,0,0,68
02/26/2002,MVY,MA,ANE,EN,Federal Contract Tower,0,17,5,0,22,0,18,24,0,42,0,35,29,0,64,0,4,4,68
02/27/2002,MVY,MA,ANE,EN,Federal Contract Tower,0,24,3,0,27,0,0,0,0,0,0,24,3,0,27,0,0,0,27
02/28/2002,MVY,MA,ANE,EN,Federal Contract Tower,0,1,3,0,4,0,37,9,0,46,0,38,12,0,50,0,0,0,50
03/01/2002,MVY,MA,ANE,EN,Federal Contract Tower,0,4,9,0,13,0,23,38,0,61,0,27,47,0,74,12,2,14,88
03/02/2002,MVY,MA,ANE,EN,Federal Contract Tower,0,6,18,0,24,0,25,82,0,107,0,31,100,0,131,24,0,24,155
03/03/2002,MVY,MA,ANE,EN,Federal Contract Tower,0,0,1,0,1,0,0,1,0,1,0,0,2,0,2,0,0,0,2
03/04/2002,MVY,MA,ANE,EN,Federal Contract Tower,0,2,2,0,4,0,36,45,0,81,0,38,47,0,85,6,0,6,91
03/05/2002,MVY,MA,ANE,EN,Federal Contract Tower,0,2,6,0,8,0,39,51,0,90,0,41,57,0,98,8,0,8,106
03/06/2002,MVY,MA,ANE,EN,Federal Contract Tower,0,2,13,0,15,0,33,22,0,55,0,35,35,0,70,8,0,8,78
03/07/2002,MVY,MA,ANE,EN,Federal Contract Tower,0,3,10,0,13,0,28,43,0,71,0,31,53,0,84,12,4,16,100
03/08/2002,MVY,MA,ANE,EN,Federal Contract Tower,0,37,24,0,61,0,0,0,0,0,0,37,24,0,61,6,0,6,67
03/09/2002,MVY,MA,ANE,EN,Federal Contract Tower,0,14,12,0,26,0,19,56,0,75,0,33,68,0,101,22,0,22,123
03/10/2002,MVY,MA,ANE,EN,Federal Contract Tower,0,4,3,0,7,0,17,7,0,24,0,21,10,0,31,4,0,4,35
03/11/2002,MVY,MA,ANE,EN,Federal Contract Tower,0,0,10,0,10,0,46,28,0,74,0,46,38,0,84,6,0,6,90
03/12/2002,MVY,MA,ANE,EN,Federal Contract Tower,0,14,10,0,24,0,32,15,0,47,0,46,25,0,71,4,0,4,75
03/13/2002,MVY,MA,ANE,EN,Federal Contract Tower,0,30,6,0,36,0,1,0,0,1,0,31,6,0,37,0,0,0,37
03/14/2002,MVY,MA,ANE,EN,Federal Contract Tower,0,12,7,0,19,0,25,58,0,83,0,37,65,0,102,2,0,2,104
03/15/2002,MVY,MA,ANE,EN,Federal Contract Tower,0,28,21,0,49,0,9,18,0,27,0,37,39,0,76,0,0,0,76
03/16/2002,MVY,MA,ANE,EN,Federal Contract Tower,0,29,17,0,46,0,3,0,0,3,0,32,17,0,49,0,0,0,49
03/17/2002,MVY,MA,ANE,EN,Federal Contract Tower,0,10,13,0,23,0,19,156,0,175,0,29,169,0,198,4,0,4,202
03/18/2002,MVY,MA,ANE,EN,Federal Contract Tower,0,36,0,0,36,0,0,0,0,0,0,36,0,0,36,0,0,0,36
03/19/2002,MVY,MA,ANE,EN,Federal Contract Tower,0,25,10,0,35,0,13,8,0,21,0,38,18,0,56,0,0,0,56
03/20/2002,MVY,MA,ANE,EN,Federal Contract Tower,0,10,4,0,14,0,26,0,0,26,0,36,4,0,40,2,0,2,42
03/21/2002,MVY,MA,ANE,EN,Federal Contract Tower,0,3,11,0,14,0,33,40,0,73,0,36,51,0,87,8,0,8,95
03/22/2002,MVY,MA,ANE,EN,Federal Contract Tower,0,13,7,0,20,0,33,22,0,55,0,46,29,0,75,0,0,0,75
03/23/2002,MVY,MA,ANE,EN,Federal Contract Tower,0,9,7,0,16,0,24,31,0,55,0,33,38,0,71,8,0,8,79
03/24/2002,MVY,MA,ANE,EN,Federal Contract Tower,0,8,5,0,13,0,24,85,0,109,0,32,90,0,122,8,0,8,130
03/25/2002,MVY,MA,ANE,EN,Federal Contract Tower,0,11,8,0,19,0,40,23,0,63,0,51,31,0,82,0,2,2,84
03/26/2002,MVY,MA,ANE,EN,Federal Contract Tower,0,17,2,0,19,0,20,13,0,33,0,37,15,0,52,0,0,0,52
03/27/2002,MVY,MA,ANE,EN,Federal Contract Tower,0,27,13,0,40,0,5,0,0,5,0,32,13,0,45,4,4,8,53
03/28/2002,MVY,MA,ANE,EN,Federal Contract Tower,0,11,8,0,19,0,30,57,0,87,0,41,65,0,106,4,0,4,110
03/29/2002,MVY,MA,ANE,EN,Federal Contract Tower,0,6,11,0,17,0,33,66,0,99,0,39,77,0,116,8,0,8,124
03/30/2002,MVY,MA,ANE,EN,Federal Contract Tower,0,24,14,0,38,0,1,0,0,1,0,25,14,0,39,14,0,14,53
03/31/2002,MVY,MA,ANE,EN,Federal Contract Tower,0,11,10,0,21,0,27,42,0,69,0,38,52,0,90,12,0,12,102
04/01/2002,MVY,MA,ANE,EN,Federal Contract Tower,0,24,11,2,37,0,19,15,0,34,0,43,26,2,71,2,4,6,77
04/02/2002,MVY,MA,ANE,EN,Federal Contract Tower,0,3,12,0,15,0,22,29,0,51,0,25,41,0,66,10,2,12,78
04/03/2002,MVY,MA,ANE,EN,Federal Contract Tower,0,19,9,0,28,0,12,0,0,12,0,31,9,0,40,0,0,0,40
04/04/2002,MVY,MA,ANE,EN,Federal Contract Tower,0,5,16,0,21,0,30,32,0,62,0,35,48,0,83,26,2,28,111
04/05/2002,MVY,MA,ANE,EN,Federal Contract Tower,0,7,8,0,15,0,41,61,0,102,0,48,69,0,117,18,0,18,135
04/06/2002,MVY,MA,ANE,EN,Federal Contract Tower,0,7,17,0,24,0,28,63,0,91,0,35,80,0,115,10,0,10,125
04/07/2002,MVY,MA,ANE,EN,Federal Contract Tower,0,0,11,0,11,0,34,156,0,190,0,34,167,0,201,6,0,6,207
04/08/2002,MVY,MA,ANE,EN,Federal Contract Tower,0,2,3,4,9,0,30,27,0,57,0,32,30,4,66,6,2,8,74
04/09/2002,MVY,MA,ANE,EN,Federal Contract Tower,0,1,4,0,5,0,45,23,0,68,0,46,27,0,73,10,0,10,83
04/10/2002,MVY,MA,ANE,EN,Federal Contract Tower,0,5,5,0,10,0,41,40,0,81,0,46,45,0,91,6,2,8,99
04/11/2002,MVY,MA,ANE,EN,Federal Contract Tower,0,5,10,0,15,0,41,68,0,109,0,46,78,0,124,2,2,4,128
04/12/2002,MVY,MA,ANE,EN,Federal Contract Tower,0,4,15,0,19,0,37,37,0,74,0,41,52,0,93,2,0,2,95
04/13/2002,MVY,MA,ANE,EN,Federal Contract Tower,0,30,24,0,54,0,9,5,0,14,0,39,29,0,68,6,0,6,74
04/14/2002,MVY,MA,ANE,EN,Federal Contract Tower,0,10,13,0,23,0,30,68,0,98,0,40,81,0,121,6,0,6,127
04/15/2002,MVY,MA,ANE,EN,Federal Contract Tower,0,33,9,0,42,0,7,4,0,11,0,40,13,0,53,0,0,0,53
04/16/2002,MVY,MA,ANE,EN,Federal Contract Tower,0,9,14,0,23,0,39,45,0,84,0,48,59,0,107,6,0,6,113
04/17/2002,MVY,MA,ANE,EN,Federal Contract Tower,0,16,16,0,32,0,27,36,0,63,0,43,52,0,95,24,0,24,119
04/18/2002,MVY,MA,ANE,EN,Federal Contract Tower,0,7,5,0,12,0,29,39,0,68,0,36,44,0,80,0,0,0,80
04/19/2002,MVY,MA,ANE,EN,Federal Contract Tower,0,35,25,0,60,0,5,3,0,8,0,40,28,0,68,2,0,2,70
04/20/2002,MVY,MA,ANE,EN,Federal Contract Tower,0,7,12,0,19,0,25,66,0,91,0,32,78,0,110,16,0,16,126
04/21/2002,MVY,MA,ANE,EN,Federal Contract Tower,0,6,22,0,28,0,33,124,0,157,0,39,146,0,185,6,0,6,191
04/22/2002,MVY,MA,ANE,EN,Federal Contract Tower,0,25,8,0,33,0,20,0,0,20,0,45,8,0,53,0,0,0,53
04/23/2002,MVY,MA,ANE,EN,Federal Contract Tower,0,17,16,0,33,0,25,4,0,29,0,42,20,0,62,6,0,6,68
04/24/2002,MVY,MA,ANE,EN,Federal Contract Tower,0,7,4,0,11,0,31,49,0,80,0,38,53,0,91,18,0,18,109
04/25/2002,MVY,MA,ANE,EN,Federal Contract Tower,0,8,9,0,17,0,38,15,0,53,0,46,24,0,70,8,6,14,84
04/26/2002,MVY,MA,ANE,EN,Federal Contract Tower,0,5,12,0,17,0,47,48,0,95,0,52,60,0,112,16,0,16,128
04/27/2002,MVY,MA,ANE,EN,Federal Contract Tower,0,2,12,0,14,0,37,121,0,158,0,39,133,0,172,20,0,20,192
04/28/2002,MVY,MA,ANE,EN,Federal Contract Tower,0,28,13,0,41,0,3,4,0,7,0,31,17,0,48,0,0,0,48
04/29/2002,MVY,MA,ANE,EN,Federal Contract Tower,0,41,27,4,72,0,3,0,0,3,0,44,27,4,75,0,0,0,75
04/30/2002,MVY,MA,ANE,EN,Federal Contract Tower,0,5,15,0,20,0,30,31,0,61,0,35,46,0,81,4,0,4,85
05/01/2002,MVY,MA,ANE,EN,Federal Contract Tower,0,3,5,0,8,0,49,58,0,107,0,52,63,0,115,30,0,30,145
05/02/2002,MVY,MA,ANE,EN,Federal Contract Tower,0,20,10,0,30,0,27,9,0,36,0,47,19,0,66,0,0,0,66
05/03/2002,MVY,MA,ANE,EN,Federal Contract Tower,0,19,5,0,24,0,35,25,1,61,0,54,30,1,85,4,26,30,115
05/04/2002,MVY,MA,ANE,EN,Federal Contract Tower,0,8,11,0,19,0,24,134,0,158,0,32,145,0,177,28,0,28,205
05/05/2002,MVY,MA,ANE,EN,Federal Contract Tower,0,12,19,0,31,0,37,143,0,180,0,49,162,0,211,8,0,8,219
05/06/2002,MVY,MA,ANE,EN,Federal Contract Tower,0,11,21,0,32,0,38,63,0,101,0,49,84,0,133,14,0,14,147
05/07/2002,MVY,MA,ANE,EN,Federal Contract Tower,0,27,15,0,42,0,10,2,0,12,0,37,17,0,54,0,0,0,54
05/08/2002,MVY,MA,ANE,EN,Federal Contract Tower,0,7,9,0,16,0,38,40,0,78,0,45,49,0,94,26,0,26,120
05/09/2002,MVY,MA,ANE,EN,Federal Contract Tower,0,17,3,0,20,0,29,14,3,46,0,46,17,3,66,0,12,12,78
05/10/2002,MVY,MA,ANE,EN,Federal Contract Tower,0,18,3,0,21,0,22,66,0,88,0,40,69,0,109,0,0,0,109
05/11/2002,MVY,MA,ANE,EN,Federal Contract Tower,0,3,19,0,22,0,24,127,0,151,0,27,146,0,173,20,0,20,193
05/12/2002,MVY,MA,ANE,EN,Federal Contract Tower,0,16,16,0,32,0,19,24,0,43,0,35,40,0,75,0,0,0,75
05/13/2002,MVY,MA,ANE,EN,Federal Contract Tower,0,57,6,0,63,0,0,0,0,0,0,57,6,0,63,0,0,0,63
05/14/2002,MVY,MA,ANE,EN,Federal Contract Tower,0,21,15,0,36,0,23,4,0,27,0,44,19,0,63,6,6,12,75
05/15/2002,MVY,MA,ANE,EN,Federal Contract Tower,0,18,10,0,28,0,46,20,1,67,0,64,30,1,95,0,0,0,95
05/16/2002,MVY,MA,ANE,EN,Federal Contract Tower,0,10,13,0,23,0,71,89,0,160,0,81,102,0,183,10,0,10,193
05/17/2002,MVY,MA,ANE,EN,Federal Contract Tower,0,15,16,0,31,0,53,50,0,103,0,68,66,0,134,6,0,6,140
05/18/2002,MVY,MA,ANE,EN,Federal Contract Tower,0,50,2,0,52,0,0,4,0,4,0,50,6,0,56,0,0,0,56
05/19/2002,MVY,MA,ANE,EN,Federal Contract Tower,0,14,31,0,45,0,54,122,0,176,0,68,153,0,221,23,0,23,244
05/20/2002,MVY,MA,ANE,EN,Federal Contract Tower,0,16,9,0,25,0,70,82,0,152,0,86,91,0,177,0,0,0,177
05/21/2002,MVY,MA,ANE,EN,Federal Contract Tower,0,12,13,0,25,0,58,58,1,117,0,70,71,1,142,26,0,26,168
05/22/2002,MVY,MA,ANE,EN,Federal Contract Tower,0,17,7,0,24,0,50,118,0,168,0,67,125,0,192,8,0,8,200
05/23/2002,MVY,MA,ANE,EN,Federal Contract Tower,0,26,7,0,33,0,77,127,2,206,0,103,134,2,239,4,0,4,243
05/24/2002,MVY,MA,ANE,EN,Federal Contract Tower,0,50,49,0,99,0,77,168,0,245,0,127,217,0,344,2,0,2,346
05/25/2002,MVY,MA,ANE,EN,Federal Contract Tower,0,35,21,0,56,0,70,193,0,263,0,105,214,0,319,4,0,4,323
05/26/2002,MVY,MA,ANE,EN,Federal Contract Tower,0,33,17,0,50,0,38,54,1,93,0,71,71,1,143,0,2,2,145
05/27/2002,MVY,MA,ANE,EN,Federal Contract Tower,0,139,120,0,259,0,25,38,0,63,0,164,158,0,322,0,0,0,322
05/28/2002,MVY,MA,ANE,EN,Federal Contract Tower,0,48,24,0,72,0,42,30,6,78,0,90,54,6,150,2,0,2,152
05/29/2002,MVY,MA,ANE,EN,Federal Contract Tower,0,56,24,0,80,0,17,20,0,37,0,73,44,0,117,0,0,0,117
05/30/2002,MVY,MA,ANE,EN,Federal Contract Tower,0,69,18,0,87,0,0,0,0,0,0,69,18,0,87,0,0,0,87
05/31/2002,MVY,MA,ANE,EN,Federal Contract Tower,0,64,30,0,94,0,19,21,2,42,0,83,51,2,136,2,0,2,138
06/01/2002,MVY,MA,ANE,EN,Federal Contract Tower,0,16,31,0,47,0,41,94,0,135,0,57,125,0,182,10,0,10,192
06/02/2002,MVY,MA,ANE,EN,Federal Contract Tower,0,28,23,0,51,0,59,115,0,174,0,87,138,0,225,0,0,0,225
06/03/2002,MVY,MA,ANE,EN,Federal Contract Tower,0,14,11,0,25,0,84,87,0,171,0,98,98,0,196,16,0,16,212
06/04/2002,MVY,MA,ANE,EN,Federal Contract Tower,0,10,14,0,24,0,67,78,0,145,0,77,92,0,169,8,0,8,177
06/05/2002,MVY,MA,ANE,EN,Federal Contract Tower,0,37,12,0,49,0,44,13,0,57,0,81,25,0,106,20,0,20,126
06/06/2002,MVY,MA,ANE,EN,Federal Contract Tower,0,96,35,0,131,0,4,0,0,4,0,100,35,0,135,6,0,6,141
06/07/2002,MVY,MA,ANE,EN,Federal Contract Tower,0,101,44,0,145,0,27,10,0,37,0,128,54,0,182,0,0,0,182
06/08/2002,MVY,MA,ANE,EN,Federal Contract Tower,0,19,30,0,49,0,55,187,0,242,0,74,217,0,291,12,0,12,303
06/09/2002,MVY,MA,ANE,EN,Federal Contract Tower,0,16,40,0,56,0,83,162,2,247,0,99,202,2,303,0,0,0,303
06/10/2002,MVY,MA,ANE,EN,Federal Contract Tower,0,28,22,0,50,0,41,78,0,119,0,69,100,0,169,0,0,0,169
06/11/2002,MVY,MA,ANE,EN,Federal Contract Tower,0,22,12,0,34,0,76,51,0,127,0,98,63,0,161,2,0,2,163
06/12/2002,MVY,MA,ANE,EN,Federal Contract Tower,0,83,36,0,119,0,2,2,0,4,0,85,38,0,123,0,0,0,123
06/13/2002,MVY,MA,ANE,EN,Federal Contract Tower,0,105,66,2,173,0,23,7,0,30,0,128,73,2,203,0,0,0,203
06/14/2002,MVY,MA,ANE,EN,Federal Contract Tower,0,117,55,0,172,0,34,9,0,43,0,151,64,0,215,0,0,0,215
06/15/2002,MVY,MA,ANE,EN,Federal Contract Tower,0,108,32,0,140,0,1,0,0,1,0,109,32,0,141,0,0,0,141
06/16/2002,MVY,MA,ANE,EN,Federal Contract Tower,0,97,86,0,183,0,29,34,0,63,0,126,120,0,246,0,0,0,246
06/17/2002,MVY,MA,ANE,EN,Federal Contract Tower,0,35,22,0,57,0,88,107,1,196,0,123,129,1,253,14,0,14,267
06/18/2002,MVY,MA,ANE,EN,Federal Contract Tower,0,28,14,0,42,0,88,102,1,191,0,116,116,1,233,42,2,44,277
06/19/2002,MVY,MA,ANE,EN,Federal Contract Tower,0,29,20,0,49,0,86,94,0,180,0,115,114,0,229,16,0,16,245
06/20/2002,MVY,MA,ANE,EN,Federal Contract Tower,0,47,23,2,72,0,96,136,0,232,0,143,159,2,304,2,4,6,310
06/21/2002,MVY,MA,ANE,EN,Federal Contract Tower,0,43,33,0,76,0,107,136,0,243,0,150,169,0,319,0,0,0,319
06/22/2002,MVY,MA,ANE,EN,Federal Contract Tower,0,45,23,0,68,0,62,121,0,183,0,107,144,0,251,10,0,10,261
06/23/2002,MVY,MA,ANE,EN,Federal Contract Tower,0,71,61,0,132,0,77,82,0,159,0,148,143,0,291,0,0,0,291
06/24/2002,MVY,MA,ANE,EN,Federal Contract Tower,0,36,17,0,53,0,116,85,0,201,0,152,102,0,254,6,0,6,260
06/25/2002,MVY,MA,ANE,EN,Federal Contract Tower,0,43,25,0,68,0,62,122,0,184,0,105,147,0,252,18,0,18,270
06/26/2002,MVY,MA,ANE,EN,Federal Contract Tower,0,88,38,0,126,0,63,44,0,107,0,151,82,0,233,18,0,18,251
06/27/2002,MVY,MA,ANE,EN,Federal Contract Tower,0,105,34,0,139,0,32,35,2,69,0,137,69,2,208,2,2,4,212
06/28/2002,MVY,MA,ANE,EN,Federal Contract Tower,0,105,93,2,200,0,76,76,0,152,0,181,169,2,352,0,0,0,352
06/29/2002,MVY,MA,ANE,EN,Federal Contract Tower,0,48,28,0,76,0,87,201,0,288,0,135,229,0,364,4,0,4,368
06/30/2002,MVY,MA,ANE,EN,Federal Contract Tower,0,145,104,0,249,0,21,81,0,102,0,166,185,0,351,4,0,4,355
07/01/2002,MVY,MA,ANE,EN,Federal Contract Tower,0,94,62,0,156,0,86,83,0,169,0,180,145,0,325,6,0,6,331
07/02/2002,MVY,MA,ANE,EN,Federal Contract Tower,0,55,36,0,91,0,88,94,0,182,0,143,130,0,273,16,0,16,289
07/03/2002,MVY,MA,ANE,EN,Federal Contract Tower,0,109,78,0,187,0,81,125,0,206,0,190,203,0,393,18,0,18,411
07/04/2002,MVY,MA,ANE,EN,Federal Contract Tower,0,68,36,0,104,0,65,124,0,189,0,133,160,0,293,0,2,2,295
07/05/2002,MVY,MA,ANE,EN,Federal Contract Tower,0,67,34,0,101,0,98,209,0,307,0,165,243,0,408,4,0,4,412
07/06/2002,MVY,MA,ANE,EN,Federal Contract Tower,0,61,42,0,103,0,72,164,0,236,0,133,206,0,339,20,0,20,359
07/07/2002,MVY,MA,ANE,EN,Federal Contract Tower,0,171,156,0,327,0,18,47,0,65,0,189,203,0,392,0,0,0,392
07/08/2002,MVY,MA,ANE,EN,Federal Contract Tower,0,99,90,0,189,0,77,75,0,152,0,176,165,0,341,8,0,8,349
07/09/2002,MVY,MA,ANE,EN,Federal Contract Tower,0,90,34,0,124,0,45,15,0,60,0,135,49,0,184,6,0,6,190
07/10/2002,MVY,MA,ANE,EN,Federal Contract Tower,0,55,34,0,89,0,97,111,0,208,0,152,145,0,297,16,0,16,313
07/11/2002,MVY,MA,ANE,EN,Federal Contract Tower,0,69,25,0,94,0,99,158,0,257,0,168,183,0,351,12,0,12,363
07/12/2002,MVY,MA,ANE,EN,Federal Contract Tower,0,58,42,0,100,0,132,197,0,329,0,190,239,0,429,22,4,26,455
07/13/2002,MVY,MA,ANE,EN,Federal Contract Tower,0,49,35,0,84,0,78,195,0,273,0,127,230,0,357,16,0,16,373
07/14/2002,MVY,MA,ANE,EN,Federal Contract Tower,0,70,69,0,139,0,83,175,0,258,0,153,244,0,397,8,0,8,405
07/15/2002,MVY,MA,ANE,EN,Federal Contract Tower,0,105,84,0,189,0,70,59,0,129,0,175,143,0,318,22,0,22,340
07/16/2002,MVY,MA,ANE,EN,Federal Contract Tower,0,50,16,0,66,0,110,131,0,241,0,160,147,0,307,6,0,6,313
07/17/2002,MVY,MA,ANE,EN,Federal Contract Tower,0,40,33,0,73,0,95,151,0,246,0,135,184,0,319,16,6,22,341
07/18/2002,MVY,MA,ANE,EN,Federal Contract Tower,0,56,48,0,104,0,101,109,0,210,0,157,157,0,314,22,0,22,336
07/19/2002,MVY,MA,ANE,EN,Federal Contract Tower,0,185,104,0,289,0,0,0,0,0,0,185,104,0,289,0,0,0,289
07/20/2002,MVY,MA,ANE,EN,Federal Contract Tower,0,114,112,0,226,0,31,27,0,58,0,145,139,0,284,2,0,2,286
07/21/2002,MVY,MA,ANE,EN,Federal Contract Tower,0,78,89,0,167,0,98,178,0,276,0,176,267,0,443,8,0,8,451
07/22/2002,MVY,MA,ANE,EN,Federal Contract Tower,0,66,60,0,126,0,102,93,0,195,0,168,153,0,321,8,0,8,329
07/23/2002,MVY,MA,ANE,EN,Federal Contract Tower,0,112,40,0,152,0,45,12,0,57,0,157,52,0,209,6,0,6,215
07/24/2002,MVY,MA,ANE,EN,Federal Contract Tower,0,94,59,3,156,0,50,36,0,86,0,144,95,3,242,6,2,8,250
07/25/2002,MVY,MA,ANE,EN,Federal Contract Tower,0,55,32,3,90,0,122,200,2,324,0,177,232,5,414,36,2,38,452
07/26/2002,MVY,MA,ANE,EN,Federal Contract Tower,0,56,50,1,107,0,121,157,0,278,0,177,207,1,385,6,2,8,393
07/27/2002,MVY,MA,ANE,EN,Federal Contract Tower,0,104,70,0,174,0,35,68,0,103,0,139,138,0,277,4,0,4,281
07/28/2002,MVY,MA,ANE,EN,Federal Contract Tower,0,161,131,0,292,0,19,23,0,42,0,180,154,0,334,2,0,2,336
07/29/2002,MVY,MA,ANE,EN,Federal Contract Tower,0,80,69,0,149,0,92,65,1,158,0,172,134,1,307,2,0,2,309
07/30/2002,MVY,MA,ANE,EN,Federal Contract Tower,0,51,46,0,97,0,109,83,0,192,0,160,129,0,289,20,0,20,309
07/31/2002,MVY,MA,ANE,EN,Federal Contract Tower,0,49,19,0,68,0,98,155,0,253,0,147,174,0,321,10,4,14,335
08/01/2002,MVY,MA,ANE,EN,Federal Contract Tower,0,49,43,0,92,0,128,217,0,345,0,177,260,0,437,8,0,8,445
08/02/2002,MVY,MA,ANE,EN,Federal Contract Tower,0,82,56,0,138,0,92,130,0,222,0,174,186,0,360,2,0,2,362
08/03/2002,MVY,MA,ANE,EN,Federal Contract Tower,0,74,30,0,104,0,82,218,2,302,0,156,248,2,406,4,0,4,410
08/04/2002,MVY,MA,ANE,EN,Federal Contract Tower,0,77,84,0,161,0,86,259,0,345,0,163,343,0,506,2,0,2,508
08/05/2002,MVY,MA,ANE,EN,Federal Contract Tower,0,104,81,0,185,0,70,52,0,122,0,174,133,0,307,0,2,2,309
08/06/2002,MVY,MA,ANE,EN,Federal Contract Tower,0,52,27,0,79,0,105,114,0,219,0,157,141,0,298,4,4,8,306
08/07/2002,MVY,MA,ANE,EN,Federal Contract Tower,0,41,36,0,77,0,118,184,0,302,0,159,220,0,379,10,0,10,389
08/08/2002,MVY,MA,ANE,EN,Federal Contract Tower,0,52,24,1,77,0,121,239,1,361,0,173,263,2,438,2,0,2,440
08/09/2002,MVY,MA,ANE,EN,Federal Contract Tower,0,68,54,0,122,0,130,252,0,382,0,198,306,0,504,8,0,8,512
08/10/2002,MVY,MA,ANE,EN,Federal Contract Tower,0,52,42,0,94,0,96,276,0,372,0,148,318,0,466,6,0,6,472
08/11/2002,MVY,MA,ANE,EN,Federal Contract Tower,0,81,53,0,134,0,96,275,0,371,0,177,328,0,505,4,0,4,509
08/12/2002,MVY,MA,ANE,EN,Federal Contract Tower,0,61,47,3,111,0,128,138,0,266,0,189,185,3,377,16,2,18,395
08/13/2002,MVY,MA,ANE,EN,Federal Contract Tower,0,73,60,0,133,0,88,80,0,168,0,161,140,0,301,10,8,18,319
08/14/2002,MVY,MA,ANE,EN,Federal Contract Tower,0,69,86,1,156,0,95,84,2,181,0,164,170,3,337,2,8,10,347
08/15/2002,MVY,MA,ANE,EN,Federal Contract Tower,0,181,145,0,326,0,9,28,0,37,0,190,173,0,363,0,0,0,363
08/16/2002,MVY,MA,ANE,EN,Federal Contract Tower,0,194,146,0,340,0,8,16,0,24,0,202,162,0,364,0,0,0,364
08/17/2002,MVY,MA,ANE,EN,Federal Contract Tower,0,72,50,0,122,0,79,162,0,241,0,151,212,0,363,2,0,2,365
08/18/2002,MVY,MA,ANE,EN,Federal Contract Tower,0,103,95,0,198,0,64,114,0,178,0,167,209,0,376,4,0,4,380
08/19/2002,MVY,MA,ANE,EN,Federal Contract Tower,0,73,61,0,134,0,112,154,0,266,0,185,215,0,400,34,0,34,434
08/20/2002,MVY,MA,ANE,EN,Federal Contract Tower,0,101,73,0,174,0,78,55,0,133,0,179,128,0,307,2,0,2,309
08/21/2002,MVY,MA,ANE,EN,Federal Contract Tower,0,49,27,0,76,0,118,155,0,273,0,167,182,0,349,0,0,0,349
08/22/2002,MVY,MA,ANE,EN,Federal Contract Tower,0,57,40,0,97,0,124,152,0,276,0,181,192,0,373,32,0,32,405
08/23/2002,MVY,MA,ANE,EN,Federal Contract Tower,0,200,147,0,347,0,17,18,0,35,0,217,165,0,382,0,0,0,382
08/24/2002,MVY,MA,ANE,EN,Federal Contract Tower,0,101,60,0,161,0,59,67,0,126,0,160,127,0,287,0,0,0,287
08/25/2002,MVY,MA,ANE,EN,Federal Contract Tower,0,102,108,0,210,0,84,163,0,247,0,186,271,0,457,6,0,6,463
08/26/2002,MVY,MA,ANE,EN,Federal Contract Tower,0,50,28,0,78,0,142,194,0,336,0,192,222,0,414,46,0,46,460
08/27/2002,MVY,MA,ANE,EN,Federal Contract Tower,0,49,21,2,72,0,103,163,0,266,0,152,184,2,338,2,2,4,342
08/28/2002,MVY,MA,ANE,EN,Federal Contract Tower,0,48,26,0,74,0,94,97,0,191,0,142,123,0,265,6,0,6,271
08/29/2002,MVY,MA,ANE,EN,Federal Contract Tower,0,120,73,0,193,0,47,24,0,71,0,167,97,0,264,0,6,6,270
08/30/2002,MVY,MA,ANE,EN,Federal Contract Tower,0,140,94,0,234,0,39,58,0,97,0,179,152,0,331,0,0,0,331
08/31/2002,MVY,MA,ANE,EN,Federal Contract Tower,0,73,57,0,130,0,61,68,0,129,0,134,125,0,259,0,0,0,259
09/01/2002,MVY,MA,ANE,EN,Federal Contract Tower,0,74,67,0,141,0,59,128,0,187,0,133,195,0,328,16,0,16,344
09/02/2002,MVY,MA,ANE,EN,Federal Contract Tower,0,144,103,0,247,0,21,4,0,25,0,165,107,0,272,0,0,0,272
09/03/2002,MVY,MA,ANE,EN,Federal Contract Tower,0,158,62,0,220,0,1,3,0,4,0,159,65,0,224,0,0,0,224
09/04/2002,MVY,MA,ANE,EN,Federal Contract Tower,0,81,25,0,106,0,42,24,0,66,0,123,49,0,172,0,0,0,172
09/05/2002,MVY,MA,ANE,EN,Federal Contract Tower,0,30,18,0,48,0,82,97,4,183,0,112,115,4,231,18,18,36,267
09/06/2002,MVY,MA,ANE,EN,Federal Contract Tower,0,40,15,0,55,0,121,122,0,243,0,161,137,0,298,8,0,8,306
09/07/2002,MVY,MA,ANE,EN,Federal Contract Tower,0,43,44,0,87,0,69,157,0,226,0,112,201,0,313,42,0,42,355
09/08/2002,MVY,MA,ANE,EN,Federal Contract Tower,0,44,36,0,80,0,101,166,0,267,0,145,202,0,347,38,0,38,385
09/09/2002,MVY,MA,ANE,EN,Federal Contract Tower,0,26,9,0,35,0,70,95,0,165,0,96,104,0,200,6,0,6,206
09/10/2002,MVY,MA,ANE,EN,Federal Contract Tower,0,43,47,0,90,0,32,21,0,53,0,75,68,0,143,0,0,0,143
09/11/2002,MVY,MA,ANE,EN,Federal Contract Tower,0,37,8,0,45,0,51,9,1,61,0,88,17,1,106,0,0,0,106
09/12/2002,MVY,MA,ANE,EN,Federal Contract Tower,0,9,17,0,26,0,87,102,1,190,0,96,119,1,216,6,0,6,222
09/13/2002,MVY,MA,ANE,EN,Federal Contract Tower,0,32,30,0,62,0,100,131,0,231,0,132,161,0,293,0,0,0,293
09/14/2002,MVY,MA,ANE,EN,Federal Contract Tower,0,22,18,0,40,0,84,157,0,241,0,106,175,0,281,18,0,18,299
09/15/2002,MVY,MA,ANE,EN,Federal Contract Tower,0,104,41,0,145,0,40,21,0,61,0,144,62,0,206,0,0,0,206
09/16/2002,MVY,MA,ANE,EN,Federal Contract Tower,0,133,50,0,183,0,3,0,0,3,0,136,50,0,186,0,0,0,186
09/17/2002,MVY,MA,ANE,EN,Federal Contract Tower,0,55,46,0,101,0,58,65,0,123,0,113,111,0,224,0,0,0,224
09/18/2002,MVY,MA,ANE,EN,Federal Contract Tower,0,20,14,2,36,0,88,88,0,176,0,108,102,2,212,0,0,0,212
09/19/2002,MVY,MA,ANE,EN,Federal Contract Tower,0,17,16,0,33,0,98,102,2,202,0,115,118,2,235,2,0,2,237
09/20/2002,MVY,MA,ANE,EN,Federal Contract Tower,0,37,28,0,65,0,98,123,0,221,0,135,151,0,286,6,0,6,292
09/21/2002,MVY,MA,ANE,EN,Federal Contract Tower,0,22,34,0,56,0,73,97,0,170,0,95,131,0,226,20,0,20,246
09/22/2002,MVY,MA,ANE,EN,Federal Contract Tower,0,88,66,0,154,0,47,73,0,120,0,135,139,0,274,2,0,2,276
09/23/2002,MVY,MA,ANE,EN,Federal Contract Tower,0,85,24,0,109,0,6,0,0,6,0,91,24,0,115,0,0,0,115
09/24/2002,MVY,MA,ANE,EN,Federal Contract Tower,0,80,35,0,115,0,0,0,0,0,0,80,35,0,115,2,0,2,117
09/25/2002,MVY,MA,ANE,EN,Federal Contract Tower,0,10,6,0,16,0,75,102,0,177,0,85,108,0,193,6,0,6,199
09/26/2002,MVY,MA,ANE,EN,Federal Contract Tower,0,32,31,0,63,0,69,40,0,109,0,101,71,0,172,12,0,12,184
09/27/2002,MVY,MA,ANE,EN,Federal Contract Tower,0,89,49,0,138,0,0,0,0,0,0,89,49,0,138,0,0,0,138
09/28/2002,MVY,MA,ANE,EN,Federal Contract Tower,0,17,14,0,31,0,50,67,0,117,0,67,81,0,148,2,0,2,150
09/29/2002,MVY,MA,ANE,EN,Federal Contract Tower,0,11,20,2,33,0,111,194,0,305,0,122,214,2,338,32,0,32,370
09/30/2002,MVY,MA,ANE,EN,Federal Contract Tower,0,20,12,0,32,0,72,102,0,174,0,92,114,0,206,22,0,22,228
10/01/2002,MVY,MA,ANE,EN,Federal Contract Tower,0,7,6,0,13,0,63,82,0,145,0,70,88,0,158,0,0,0,158
10/02/2002,MVY,MA,ANE,EN,Federal Contract Tower,0,18,20,0,38,0,51,54,0,105,0,69,74,0,143,0,0,0,143
10/03/2002,MVY,MA,ANE,EN,Federal Contract Tower,0,44,18,0,62,0,49,38,0,87,0,93,56,0,149,0,4,4,153
10/04/2002,MVY,MA,ANE,EN,Federal Contract Tower,0,30,48,0,78,0,64,44,0,108,0,94,92,0,186,0,0,0,186
10/05/2002,MVY,MA,ANE,EN,Federal Contract Tower,0,30,21,0,51,0,30,47,0,77,0,60,68,0,128,0,0,0,128
10/06/2002,MVY,MA,ANE,EN,Federal Contract Tower,0,15,32,0,47,0,78,143,0,221,0,93,175,0,268,26,0,26,294
10/07/2002,MVY,MA,ANE,EN,Federal Contract Tower,0,28,15,0,43,0,49,13,3,65,0,77,28,3,108,26,0,26,134
10/08/2002,MVY,MA,ANE,EN,Federal Contract Tower,0,8,3,0,11,0,67,71,1,139,0,75,74,1,150,16,2,18,168
10/09/2002,MVY,MA,ANE,EN,Federal Contract Tower,0,13,6,0,19,0,61,62,0,123,0,74,68,0,142,12,0,12,154
10/10/2002,MVY,MA,ANE,EN,Federal Contract Tower,0,12,10,0,22,0,73,49,0,122,0,85,59,0,144,2,12,14,158
10/11/2002,MVY,MA,ANE,EN,Federal Contract Tower,0,125,70,0,195,0,16,6,0,22,0,141,76,0,217,0,0,0,217
10/12/2002,MVY,MA,ANE,EN,Federal Contract Tower,0,65,11,0,76,0,0,0,0,0,0,65,11,0,76,0,0,0,76
10/13/2002,MVY,MA,ANE,EN,Federal Contract Tower,0,86,37,0,123,0,0,0,0,0,0,86,37,0,123,0,0,0,123
10/14/2002,MVY,MA,ANE,EN,Federal Contract Tower,0,29,20,0,49,0,125,68,0,193,0,154,88,0,242,0,0,0,242
10/15/2002,MVY,MA,ANE,EN,Federal Contract Tower,0,8,17,0,25,0,83,66,0,149,0,91,83,0,174,6,0,6,180
10/16/2002,MVY,MA,ANE,EN,Federal Contract Tower,0,24,2,0,26,0,12,0,0,12,0,36,2,0,38,0,0,0,38
10/17/2002,MVY,MA,ANE,EN,Federal Contract Tower,0,17,16,0,33,0,72,67,0,139,0,89,83,0,172,6,0,6,178
10/18/2002,MVY,MA,ANE,EN,Federal Contract Tower,0,12,13,0,25,0,59,62,0,121,0,71,75,0,146,12,0,12,158
10/19/2002,MVY,MA,ANE,EN,Federal Contract Tower,0,15,19,0,34,0,48,57,0,105,0,63,76,0,139,0,0,0,139
10/20/2002,MVY,MA,ANE,EN,Federal Contract Tower,0,12,23,0,35,0,57,123,0,180,0,69,146,0,215,12,0,12,227
10/21/2002,MVY,MA,ANE,EN,Federal Contract Tower,0,6,4,0,10,0,56,53,0,109,0,62,57,0,119,2,0,2,121
10/22/2002,MVY,MA,ANE,EN,Federal Contract Tower,0,8,11,0,19,0,52,69,0,121,0,60,80,0,140,26,0,26,166
10/23/2002,MVY,MA,ANE,EN,Federal Contract Tower,0,28,10,0,38,0,35,27,0,62,0,63,37,0,100,4,0,4,104
10/24/2002,MVY,MA,ANE,EN,Federal Contract Tower,0,10,5,0,15,0,65,84,2,151,0,75,89,2,166,22,0,22,188
10/25/2002,MVY,MA,ANE,EN,Federal Contract Tower,0,17,11,1,29,0,51,68,0,119,0,68,79,1,148,12,0,12,160
10/26/2002,MVY,MA,ANE,EN,Federal Contract Tower,0,48,12,0,60,0,0,0,0,0,0,48,12,0,60,0,0,0,60
10/27/2002,MVY,MA,ANE,EN,Federal Contract Tower,0,20,9,0,29,0,36,106,0,142,0,56,115,0,171,2,0,2,173
10/28/2002,MVY,MA,ANE,EN,Federal Contract Tower,0,11,5,0,16,0,48,63,0,111,0,59,68,0,127,12,0,12,139
10/29/2002,MVY,MA,ANE,EN,Federal Contract Tower,0,16,6,0,22,0,59,52,0,111,0,75,58,0,133,2,0,2,135
10/30/2002,MVY,MA,ANE,EN,Federal Contract Tower,0,5,3,0,8,0,51,28,0,79,0,56,31,0,87,0,0,0,87
10/31/2002,MVY,MA,ANE,EN,Federal Contract Tower,0,7,6,0,13,0,46,43,0,89,0,53,49,0,102,12,0,12,114
11/01/2002,MVY,MA,ANE,EN,Federal Contract Tower,0,7,9,0,16,0,36,37,0,73,0,43,46,0,89,0,0,0,89
11/02/2002,MVY,MA,ANE,EN,Federal Contract Tower,0,6,8,0,14,0,36,63,2,101,0,42,71,2,115,10,0,10,125
11/03/2002,MVY,MA,ANE,EN,Federal Contract Tower,0,6,15,0,21,0,31,38,2,71,0,37,53,2,92,18,0,18,110
11/04/2002,MVY,MA,ANE,EN,Federal Contract Tower,0,8,7,0,15,0,32,25,0,57,0,40,32,0,72,2,0,2,74
11/05/2002,MVY,MA,ANE,EN,Federal Contract Tower,0,25,0,0,25,0,1,0,0,1,0,26,0,0,26,0,0,0,26
11/06/2002,MVY,MA,ANE,EN,Federal Contract Tower,0,0,4,0,4,0,54,23,0,77,0,54,27,0,81,0,0,0,81
11/07/2002,MVY,MA,ANE,EN,Federal Contract Tower,0,2,9,0,11,0,37,46,0,83,0,39,55,0,94,2,0,2,96
11/08/2002,MVY,MA,ANE,EN,Federal Contract Tower,0,7,10,0,17,0,40,32,0,72,0,47,42,0,89,0,0,0,89
11/09/2002,MVY,MA,ANE,EN,Federal Contract Tower,0,11,8,0,19,0,26,136,0,162,0,37,144,0,181,14,0,14,195
11/10/2002,MVY,MA,ANE,EN,Federal Contract Tower,0,34,17,0,51,0,3,71,0,74,0,37,88,0,125,0,0,0,125
11/11/2002,MVY,MA,ANE,EN,Federal Contract Tower,0,40,11,0,51,0,0,0,0,0,0,40,11,0,51,0,0,0,51
11/12/2002,MVY,MA,ANE,EN,Federal Contract Tower,0,12,4,2,18,0,27,24,0,51,0,39,28,2,69,6,0,6,75
11/13/2002,MVY,MA,ANE,EN,Federal Contract Tower,0,37,2,0,39,0,0,0,0,0,0,37,2,0,39,0,0,0,39
11/14/2002,MVY,MA,ANE,EN,Federal Contract Tower,0,6,5,0,11,0,34,50,0,84,0,40,55,0,95,0,4,4,99
11/15/2002,MVY,MA,ANE,EN,Federal Contract Tower,0,4,17,0,21,0,44,40,0,84,0,48,57,0,105,6,0,6,111
11/16/2002,MVY,MA,ANE,EN,Federal Contract Tower,0,23,4,0,27,0,0,0,0,0,0,23,4,0,27,0,2,2,29
11/17/2002,MVY,MA,ANE,EN,Federal Contract Tower,0,21,0,0,21,0,0,0,0,0,0,21,0,0,21,0,0,0,21
11/18/2002,MVY,MA,ANE,EN,Federal Contract Tower,0,10,4,2,16,0,36,5,0,41,0,46,9,2,57,0,4,4,61
11/19/2002,MVY,MA,ANE,EN,Federal Contract Tower,0,3,7,0,10,0,44,28,0,72,0,47,35,0,82,10,0,10,92
11/20/2002,MVY,MA,ANE,EN,Federal Contract Tower,0,1,8,0,9,0,28,59,0,87,0,29,67,0,96,4,0,4,100
11/21/2002,MVY,MA,ANE,EN,Federal Contract Tower,0,24,13,0,37,0,16,8,0,24,0,40,21,0,61,6,4,10,71
11/22/2002,MVY,MA,ANE,EN,Federal Contract Tower,0,48,3,0,51,0,0,0,0,0,0,48,3,0,51,8,4,12,63
11/23/2002,MVY,MA,ANE,EN,Federal Contract Tower,0,25,7,0,32,0,55,5,0,60,0,80,12,0,92,0,2,2,94
11/24/2002,MVY,MA,ANE,EN,Federal Contract Tower,0,6,3,0,9,0,19,105,0,124,0,25,108,0,133,4,0,4,137
11/25/2002,MVY,MA,ANE,EN,Federal Contract Tower,0,5,8,0,13,0,38,43,0,81,0,43,51,0,94,24,0,24,118
11/26/2002,MVY,MA,ANE,EN,Federal Contract Tower,0,5,10,0,15,0,43,47,0,90,0,48,57,0,105,4,0,4,109
11/27/2002,MVY,MA,ANE,EN,Federal Contract Tower,0,51,9,0,60,0,0,0,0,0,0,51,9,0,60,0,0,0,60
11/28/2002,MVY,MA,ANE,EN,Federal Contract Tower,0,0,0,0,0,0,34,14,0,48,0,34,14,0,48,0,0,0,48
11/29/2002,MVY,MA,ANE,EN,Federal Contract Tower,0,10,8,0,18,0,39,33,0,72,0,49,41,0,90,0,0,0,90
11/30/2002,MVY,MA,ANE,EN,Federal Contract Tower,0,14,9,0,23,0,42,39,0,81,0,56,48,0,104,0,0,0,104
12/01/2002,MVY,MA,ANE,EN,Federal Contract Tower,0,10,18,0,28,0,34,46,0,80,0,44,64,0,108,0,4,4,112
12/02/2002,MVY,MA,ANE,EN,Federal Contract Tower,0,3,0,0,3,0,44,35,0,79,0,47,35,0,82,0,0,0,82
12/03/2002,MVY,MA,ANE,EN,Federal Contract Tower,0,4,0,0,4,0,35,2,0,37,0,39,2,0,41,0,0,0,41
12/04/2002,MVY,MA,ANE,EN,Federal Contract Tower,0,3,5,0,8,0,38,40,0,78,0,41,45,0,86,18,20,38,124
12/05/2002,MVY,MA,ANE,EN,Federal Contract Tower,0,12,3,0,15,0,14,4,0,18,0,26,7,0,33,0,0,0,33
12/06/2002,MVY,MA,ANE,EN,Federal Contract Tower,0,26,4,0,30,0,3,2,0,5,0,29,6,0,35,8,0,8,43
12/07/2002,MVY,MA,ANE,EN,Federal Contract Tower,0,8,11,0,19,0,26,61,0,87,0,34,72,0,106,6,0,6,112
12/08/2002,MVY,MA,ANE,EN,Federal Contract Tower,0,8,5,0,13,0,24,76,0,100,0,32,81,0,113,0,0,0,113
12/09/2002,MVY,MA,ANE,EN,Federal Contract Tower,0,2,4,0,6,0,41,47,0,88,0,43,51,0,94,18,0,18,112
12/10/2002,MVY,MA,ANE,EN,Federal Contract Tower,0,1,11,0,12,0,43,41,0,84,0,44,52,0,96,20,0,20,116
12/11/2002,MVY,MA,ANE,EN,Federal Contract Tower,0,3,6,0,9,0,46,30,0,76,0,49,36,0,85,0,0,0,85
12/12/2002,MVY,MA,ANE,EN,Federal Contract Tower,0,43,6,0,49,0,0,0,0,0,0,43,6,0,49,0,0,0,49
12/13/2002,MVY,MA,ANE,EN,Federal Contract Tower,0,9,10,0,19,0,25,47,0,72,0,34,57,0,91,4,0,4,95
12/14/2002,MVY,MA,ANE,EN,Federal Contract Tower,0,25,5,0,30,0,0,0,0,0,0,25,5,0,30,0,0,0,30
12/15/2002,MVY,MA,ANE,EN,Federal Contract Tower,0,2,6,0,8,0,25,71,0,96,0,27,77,0,104,22,0,22,126
12/16/2002,MVY,MA,ANE,EN,Federal Contract Tower,0,34,0,0,34,0,9,0,0,9,0,43,0,0,43,0,0,0,43
12/17/2002,MVY,MA,ANE,EN,Federal Contract Tower,0,4,4,0,8,0,46,35,0,81,0,50,39,0,89,6,0,6,95
12/18/2002,MVY,MA,ANE,EN,Federal Contract Tower,0,5,7,0,12,0,29,60,0,89,0,34,67,0,101,4,2,6,107
12/19/2002,MVY,MA,ANE,EN,Federal Contract Tower,0,8,8,0,16,0,34,27,0,61,0,42,35,0,77,4,0,4,81
12/20/2002,MVY,MA,ANE,EN,Federal Contract Tower,0,32,8,0,40,0,6,0,0,6,0,38,8,0,46,4,0,4,50
12/21/2002,MVY,MA,ANE,EN,Federal Contract Tower,0,6,12,0,18,0,22,13,0,35,0,28,25,0,53,12,0,12,65
12/22/2002,MVY,MA,ANE,EN,Federal Contract Tower,0,2,12,0,14,0,16,64,0,80,0,18,76,0,94,8,0,8,102
12/23/2002,MVY,MA,ANE,EN,Federal Contract Tower,0,2,7,0,9,0,50,34,0,84,0,52,41,0,93,10,0,10,103
12/24/2002,MVY,MA,ANE,EN,Federal Contract Tower,0,3,0,0,3,0,31,35,0,66,0,34,35,0,69,0,0,0,69
12/25/2002,MVY,MA,ANE,EN,Federal Contract Tower,0,8,0,0,8,0,0,0,0,0,0,8,0,0,8,0,0,0,8
12/26/2002,MVY,MA,ANE,EN,Federal Contract Tower,0,1,0,0,1,0,26,2,0,28,0,27,2,0,29,0,0,0,29
12/27/2002,MVY,MA,ANE,EN,Federal Contract Tower,0,8,10,2,20,0,28,46,13,87,0,36,56,15,107,12,0,12,119
12/28/2002,MVY,MA,ANE,EN,Federal Contract Tower,0,5,13,0,18,0,26,90,0,116,0,31,103,0,134,4,0,4,138
12/29/2002,MVY,MA,ANE,EN,Federal Contract Tower,0,2,8,0,10,0,31,90,0,121,0,33,98,0,131,0,0,0,131
12/30/2002,MVY,MA,ANE,EN,Federal Contract Tower,0,2,2,0,4,0,45,55,0,100,0,47,57,0,104,0,0,0,104
12/31/2002,MVY,MA,ANE,EN,Federal Contract Tower,0,11,3,0,14,0,4,0,0,4,0,15,3,0,18,0,0,0,18
01/01/2003,MVY,MA,ANE,EN,Federal Contract Tower,0,17,12,0,29,0,8,0,0,8,0,25,12,0,37,0,0,0,37
01/02/2003,MVY,MA,ANE,EN,Federal Contract Tower,0,4,3,0,7,0,16,17,0,33,0,20,20,0,40,6,0,6,46
01/03/2003,MVY,MA,ANE,EN,Federal Contract Tower,0,14,0,0,14,0,16,0,0,16,0,30,0,0,30,0,0,0,30
01/04/2003,MVY,MA,ANE,EN,Federal Contract Tower,0,19,0,2,21,0,3,0,0,3,0,22,0,2,24,0,0,0,24
01/05/2003,MVY,MA,ANE,EN,Federal Contract Tower,0,0,12,0,12,0,24,95,0,119,0,24,107,0,131,14,0,14,145
01/06/2003,MVY,MA,ANE,EN,Federal Contract Tower,0,25,8,0,33,0,6,0,0,6,0,31,8,0,39,6,0,6,45
01/07/2003,MVY,MA,ANE,EN,Federal Contract Tower,0,17,1,2,20,0,17,9,0,26,0,34,10,2,46,2,2,4,50
01/08/2003,MVY,MA,ANE,EN,Federal Contract Tower,0,16,2,0,18,0,17,9,0,26,0,33,11,0,44,20,0,20,64
01/09/2003,MVY,MA,ANE,EN,Federal Contract Tower,0,10,12,0,22,0,21,14,0,35,0,31,26,0,57,28,2,30,87
01/10/2003,MVY,MA,ANE,EN,Federal Contract Tower,0,4,5,0,9,0,26,38,0,64,0,30,43,0,73,4,2,6,79
01/11/2003,MVY,MA,ANE,EN,Federal Contract Tower,0,4,4,0,8,0,25,23,0,48,0,29,27,0,56,4,0,4,60
01/12/2003,MVY,MA,ANE,EN,Federal Contract Tower,0,0,13,0,13,0,22,38,0,60,0,22,51,0,73,10,0,10,83
01/13/2003,MVY,MA,ANE,EN,Federal Contract Tower,0,2,2,0,4,0,32,24,0,56,0,34,26,0,60,8,0,8,68
01/14/2003,MVY,MA,ANE,EN,Federal Contract Tower,0,4,8,0,12,0,32,31,0,63,0,36,39,0,75,10,0,10,85
01/15/2003,MVY,MA,ANE,EN,Federal Contract Tower,0,4,4,0,8,0,24,27,0,51,0,28,31,0,59,8,2,10,69
01/16/2003,MVY,MA,ANE,EN,Federal Contract Tower,0,1,3,0,4,0,33,27,0,60,0,34,30,0,64,8,0,8,72
01/17/2003,MVY,MA,ANE,EN,Federal Contract Tower,0,14,4,0,18,0,20,0,0,20,0,34,4,0,38,0,0,0,38
01/18/2003,MVY,MA,ANE,EN,Federal Contract Tower,0,5,13,0,18,0,25,42,0,67,0,30,55,0,85,10,0,10,95
01/19/2003,MVY,MA,ANE,EN,Federal Contract Tower,0,5,5,0,10,0,19,41,0,60,0,24,46,0,70,6,0,6,76
01/20/2003,MVY,MA,ANE,EN,Federal Contract Tower,0,6,8,0,14,0,24,19,0,43,0,30,27,0,57,8,0,8,65
01/21/2003,MVY,MA,ANE,EN,Federal Contract Tower,0,5,2,0,7,0,22,17,0,39,0,27,19,0,46,2,0,2,48
01/22/2003,MVY,MA,ANE,EN,Federal Contract Tower,0,1,0,0,1,0,23,10,0,33,0,24,10,0,34,0,0,0,34
01/23/2003,MVY,MA,ANE,EN,Federal Contract Tower,0,3,2,0,5,0,29,16,0,45,0,32,18,0,50,2,0,2,52
01/24/2003,MVY,MA,ANE,EN,Federal Contract Tower,0,3,4,0,7,0,23,16,2,41,0,26,20,2,48,2,0,2,50
01/25/2003,MVY,MA,ANE,EN,Federal Contract Tower,0,5,8,0,13,0,27,34,2,63,0,32,42,2,76,28,0,28,104
01/26/2003,MVY,MA,ANE,EN,Federal Contract Tower,0,1,1,0,2,0,17,49,0,66,0,18,50,0,68,2,0,2,70
01/27/2003,MVY,MA,ANE,EN,Federal Contract Tower,0,1,3,0,4,0,26,13,0,39,0,27,16,0,43,2,0,2,45
01/28/2003,MVY,MA,ANE,EN,Federal Contract Tower,0,14,9,0,23,0,8,11,0,19,0,22,20,0,42,2,0,2,44
01/29/2003,MVY,MA,ANE,EN,Federal Contract Tower,0,20,2,0,22,0,8,8,0,16,0,28,10,0,38,0,0,0,38
01/30/2003,MVY,MA,ANE,EN,Federal Contract Tower,0,6,13,0,19,0,32,13,0,45,0,38,26,0,64,12,0,12,76
01/31/2003,MVY,MA,ANE,EN,Federal Contract Tower,0,29,9,0,38,0,0,0,0,0,0,29,9,0,38,4,2,6,44
02/01/2003,MVY,MA,ANE,EN,Federal Contract Tower,0,28,2,0,30,0,1,0,0,1,0,29,2,0,31,0,0,0,31
02/02/2003,MVY,MA,ANE,EN,Federal Contract Tower,0,19,0,0,19,0,1,0,0,1,0,20,0,0,20,0,0,0,20
02/03/2003,MVY,MA,ANE,EN,Federal Contract Tower,0,10,0,0,10,0,18,0,2,20,0,28,0,2,30,0,0,0,30
02/04/2003,MVY,MA,ANE,EN,Federal Contract Tower,0,6,3,0,9,0,24,7,0,31,0,30,10,0,40,10,0,10,50
02/05/2003,MVY,MA,ANE,EN,Federal Contract Tower,0,3,1,0,4,0,25,29,0,54,0,28,30,0,58,14,0,14,72
02/06/2003,MVY,MA,ANE,EN,Federal Contract Tower,0,4,0,0,4,0,2,0,0,2,0,6,0,0,6,0,0,0,6
02/07/2003,MVY,MA,ANE,EN,Federal Contract Tower,0,3,1,0,4,0,26,40,0,66,0,29,41,0,70,2,0,2,72
02/08/2003,MVY,MA,ANE,EN,Federal Contract Tower,0,5,5,0,10,0,29,19,0,48,0,34,24,0,58,4,0,4,62
02/09/2003,MVY,MA,ANE,EN,Federal Contract Tower,0,3,9,0,12,0,15,81,0,96,0,18,90,0,108,20,0,20,128
02/10/2003,MVY,MA,ANE,EN,Federal Contract Tower,0,6,7,0,13,0,18,4,0,22,0,24,11,0,35,0,2,2,37
02/11/2003,MVY,MA,ANE,EN,Federal Contract Tower,0,3,2,0,5,0,22,8,0,30,0,25,10,0,35,18,0,18,53
02/12/2003,MVY,MA,ANE,EN,Federal Contract Tower,0,6,0,0,6,0,18,2,0,20,0,24,2,0,26,4,0,4,30
02/13/2003,MVY,MA,ANE,EN,Federal Contract Tower,0,3,5,0,8,0,31,9,0,40,0,34,14,0,48,4,2,6,54
02/14/2003,MVY,MA,ANE,EN,Federal Contract Tower,0,11,6,0,17,0,43,22,0,65,0,54,28,0,82,0,0,0,82
02/15/2003,MVY,MA,ANE,EN,Federal Contract Tower,0,3,11,0,14,0,31,34,0,65,0,34,45,0,79,10,0,10,89
02/16/2003,MVY,MA,ANE,EN,Federal Contract Tower,0,2,2,0,4,0,18,36,0,54,0,20,38,0,58,0,0,0,58
02/17/2003,MVY,MA,ANE,EN,Federal Contract Tower,0,1,0,2,3,0,0,0,0,0,0,1,0,2,3,0,0,0,3
02/18/2003,MVY,MA,ANE,EN,Federal Contract Tower,0,2,2,0,4,0,0,0,0,0,0,2,2,0,4,0,0,0,4
02/19/2003,MVY,MA,ANE,EN,Federal Contract Tower,0,4,3,0,7,0,21,13,0,34,0,25,16,0,41,2,0,2,43
02/20/2003,MVY,MA,ANE,EN,Federal Contract Tower,0,2,9,0,11,0,25,39,0,64,0,27,48,0,75,6,0,6,81
02/21/2003,MVY,MA,ANE,EN,Federal Contract Tower,0,1,3,0,4,0,25,35,0,60,0,26,38,0,64,52,0,52,116
02/22/2003,MVY,MA,ANE,EN,Federal Contract Tower,0,14,2,0,16,0,4,0,0,4,0,18,2,0,20,0,0,0,20
02/23/2003,MVY,MA,ANE,EN,Federal Contract Tower,0,0,2,0,2,0,0,0,0,0,0,0,2,0,2,0,0,0,2
02/24/2003,MVY,MA,ANE,EN,Federal Contract Tower,0,2,1,0,3,0,23,28,0,51,0,25,29,0,54,10,0,10,64
02/25/2003,MVY,MA,ANE,EN,Federal Contract Tower,0,5,2,0,7,0,24,23,4,51,0,29,25,4,58,18,0,18,76
02/26/2003,MVY,MA,ANE,EN,Federal Contract Tower,0,1,0,0,1,0,27,22,0,49,0,28,22,0,50,8,0,8,58
02/27/2003,MVY,MA,ANE,EN,Federal Contract Tower,0,6,8,0,14,0,24,8,0,32,0,30,16,0,46,4,0,4,50
02/28/2003,MVY,MA,ANE,EN,Federal Contract Tower,0,9,6,0,15,0,15,0,0,15,0,24,6,0,30,0,2,2,32
03/01/2003,MVY,MA,ANE,EN,Federal Contract Tower,0,7,15,0,22,0,9,65,0,74,0,16,80,0,96,26,0,26,122
03/02/2003,MVY,MA,ANE,EN,Federal Contract Tower,0,16,0,0,16,0,0,0,0,0,0,16,0,0,16,0,0,0,16
03/03/2003,MVY,MA,ANE,EN,Federal Contract Tower,0,2,1,0,3,0,25,8,0,33,0,27,9,0,36,0,0,0,36
03/04/2003,MVY,MA,ANE,EN,Federal Contract Tower,0,1,6,0,7,0,26,18,0,44,0,27,24,0,51,10,0,10,61
03/05/2003,MVY,MA,ANE,EN,Federal Contract Tower,0,15,3,0,18,0,7,0,0,7,0,22,3,0,25,0,0,0,25
03/06/2003,MVY,MA,ANE,EN,Federal Contract Tower,0,6,1,0,7,0,9,0,0,9,0,15,1,0,16,0,0,0,16
03/07/2003,MVY,MA,ANE,EN,Federal Contract Tower,0,4,4,0,8,0,24,6,0,30,0,28,10,0,38,0,0,0,38
03/08/2003,MVY,MA,ANE,EN,Federal Contract Tower,0,2,3,0,5,0,16,128,0,144,0,18,131,0,149,18,0,18,167
03/09/2003,MVY,MA,ANE,EN,Federal Contract Tower,0,5,1,0,6,0,22,14,0,36,0,27,15,0,42,0,0,0,42
03/10/2003,MVY,MA,ANE,EN,Federal Contract Tower,0,3,10,0,13,0,21,2,0,23,0,24,12,0,36,18,0,18,54
03/11/2003,MVY,MA,ANE,EN,Federal Contract Tower,0,1,0,0,1,0,24,29,0,53,0,25,29,0,54,22,2,24,78
03/12/2003,MVY,MA,ANE,EN,Federal Contract Tower,0,20,17,0,37,0,13,1,0,14,0,33,18,0,51,0,0,0,51
03/13/2003,MVY,MA,ANE,EN,Federal Contract Tower,0,20,1,0,21,0,10,1,0,11,0,30,2,0,32,0,0,0,32
03/14/2003,MVY,MA,ANE,EN,Federal Contract Tower,0,5,3,0,8,0,17,12,0,29,0,22,15,0,37,8,0,8,45
03/15/2003,MVY,MA,ANE,EN,Federal Contract Tower,0,4,8,0,12,0,13,104,0,117,0,17,112,0,129,0,0,0,129
03/16/2003,MVY,MA,ANE,EN,Federal Contract Tower,0,3,15,0,18,0,21,79,0,100,0,24,94,0,118,12,0,12,130
03/17/2003,MVY,MA,ANE,EN,Federal Contract Tower,0,10,5,0,15,0,15,18,0,33,0,25,23,0,48,2,24,26,74
03/18/2003,MVY,MA,ANE,EN,Federal Contract Tower,0,17,12,0,29,0,16,8,2,26,0,33,20,2,55,10,0,10,65
03/19/2003,MVY,MA,ANE,EN,Federal Contract Tower,0,1,4,0,5,0,21,28,0,49,0,22,32,0,54,4,0,4,58
03/20/2003,MVY,MA,ANE,EN,Federal Contract Tower,0,10,8,2,20,0,15,20,0,35,0,25,28,2,55,0,0,0,55
03/21/2003,MVY,MA,ANE,EN,Federal Contract Tower,0,11,5,0,16,0,0,0,0,0,0,11,5,0,16,2,0,2,18
03/22/2003,MVY,MA,ANE,EN,Federal Contract Tower,0,25,15,0,40,0,0,0,0,0,0,25,15,0,40,0,0,0,40
03/23/2003,MVY,MA,ANE,EN,Federal Contract Tower,0,0,12,0,12,0,18,40,0,58,0,18,52,0,70,6,0,6,76
03/24/2003,MVY,MA,ANE,EN,Federal Contract Tower,0,14,9,0,23,0,13,25,0,38,0,27,34,0,61,30,0,30,91
03/25/2003,MVY,MA,ANE,EN,Federal Contract Tower,0,13,8,0,21,0,10,30,0,40,0,23,38,0,61,0,0,0,61
03/26/2003,MVY,MA,ANE,EN,Federal Contract Tower,0,15,5,0,20,0,11,11,0,22,0,26,16,0,42,0,0,0,42
03/27/2003,MVY,MA,ANE,EN,Federal Contract Tower,0,4,11,0,15,0,19,27,0,46,0,23,38,0,61,0,0,0,61
03/28/2003,MVY,MA,ANE,EN,Federal Contract Tower,0,3,11,0,14,0,19,46,0,65,0,22,57,0,79,0,0,0,79
03/29/2003,MVY,MA,ANE,EN,Federal Contract Tower,0,21,11,0,32,0,14,15,0,29,0,35,26,0,61,0,0,0,61
03/30/2003,MVY,MA,ANE,EN,Federal Contract Tower,0,24,11,0,35,0,0,0,0,0,0,24,11,0,35,0,0,0,35
03/31/2003,MVY,MA,ANE,EN,Federal Contract Tower,0,17,4,0,21,0,13,8,0,21,0,30,12,0,42,2,0,2,44
04/01/2003,MVY,MA,ANE,EN,Federal Contract Tower,0,3,7,0,10,0,35,13,0,48,0,38,20,0,58,12,0,12,70
04/02/2003,MVY,MA,ANE,EN,Federal Contract Tower,0,10,7,0,17,0,16,24,0,40,0,26,31,0,57,0,0,0,57
04/03/2003,MVY,MA,ANE,EN,Federal Contract Tower,0,32,3,0,35,0,6,0,0,6,0,38,3,0,41,0,0,0,41
04/04/2003,MVY,MA,ANE,EN,Federal Contract Tower,0,30,7,0,37,0,5,0,0,5,0,35,7,0,42,0,0,0,42
04/05/2003,MVY,MA,ANE,EN,Federal Contract Tower,0,34,3,0,37,0,0,0,0,0,0,34,3,0,37,0,0,0,37
04/06/2003,MVY,MA,ANE,EN,Federal Contract Tower,0,10,9,0,19,0,25,31,0,56,0,35,40,0,75,8,4,12,87
04/07/2003,MVY,MA,ANE,EN,Federal Contract Tower,0,12,5,0,17,0,24,1,4,29,0,36,6,4,46,2,0,2,48
04/08/2003,MVY,MA,ANE,EN,Federal Contract Tower,0,19,1,0,20,0,0,0,0,0,0,19,1,0,20,0,0,0,20
04/09/2003,MVY,MA,ANE,EN,Federal Contract Tower,0,36,0,0,36,0,0,0,0,0,0,36,0,0,36,0,0,0,36
04/10/2003,MVY,MA,ANE,EN,Federal Contract Tower,0,7,11,2,20,0,35,28,2,65,0,42,39,4,85,12,0,12,97
04/11/2003,MVY,MA,ANE,EN,Federal Contract Tower,0,20,7,0,27,0,0,0,0,0,0,20,7,0,27,0,0,0,27
04/12/2003,MVY,MA,ANE,EN,Federal Contract Tower,0,31,8,0,39,0,2,0,0,2,0,33,8,0,41,0,0,0,41
04/13/2003,MVY,MA,ANE,EN,Federal Contract Tower,0,13,8,0,21,0,12,140,0,152,0,25,148,0,173,18,0,18,191
04/14/2003,MVY,MA,ANE,EN,Federal Contract Tower,0,19,12,0,31,0,35,50,0,85,0,54,62,0,116,0,0,0,116
04/15/2003,MVY,MA,ANE,EN,Federal Contract Tower,0,2,6,0,8,0,17,9,2,28,0,19,15,2,36,0,0,0,36
04/16/2003,MVY,MA,ANE,EN,Federal Contract Tower,0,6,9,0,15,0,18,21,0,39,0,24,30,0,54,20,0,20,74
04/17/2003,MVY,MA,ANE,EN,Federal Contract Tower,0,7,5,0,12,0,30,23,0,53,0,37,28,0,65,0,0,0,65
04/18/2003,MVY,MA,ANE,EN,Federal Contract Tower,0,12,9,0,21,0,23,21,0,44,0,35,30,0,65,8,0,8,73
04/19/2003,MVY,MA,ANE,EN,Federal Contract Tower,0,18,7,0,25,0,15,32,0,47,0,33,39,0,72,6,0,6,78
04/20/2003,MVY,MA,ANE,EN,Federal Contract Tower,0,10,12,0,22,0,28,86,0,114,0,38,98,0,136,0,0,0,136
04/21/2003,MVY,MA,ANE,EN,Federal Contract Tower,0,6,12,0,18,0,31,67,0,98,0,37,79,0,116,16,4,20,136
04/22/2003,MVY,MA,ANE,EN,Federal Contract Tower,0,39,8,0,47,0,0,0,0,0,0,39,8,0,47,0,0,0,47
04/23/2003,MVY,MA,ANE,EN,Federal Contract Tower,0,32,6,0,38,0,10,8,0,18,0,42,14,0,56,6,0,6,62
04/24/2003,MVY,MA,ANE,EN,Federal Contract Tower,0,18,3,1,22,0,20,32,1,53,0,38,35,2,75,0,0,0,75
04/25/2003,MVY,MA,ANE,EN,Federal Contract Tower,0,3,11,0,14,0,38,87,0,125,0,41,98,0,139,10,0,10,149
04/26/2003,MVY,MA,ANE,EN,Federal Contract Tower,0,28,4,0,32,0,0,1,0,1,0,28,5,0,33,0,0,0,33
04/27/2003,MVY,MA,ANE,EN,Federal Contract Tower,0,17,18,0,35,0,5,17,0,22,0,22,35,0,57,2,0,2,59
04/28/2003,MVY,MA,ANE,EN,Federal Contract Tower,0,4,7,0,11,0,27,55,0,82,0,31,62,0,93,6,0,6,99
04/29/2003,MVY,MA,ANE,EN,Federal Contract Tower,0,11,4,0,15,0,31,42,0,73,0,42,46,0,88,32,2,34,122
04/30/2003,MVY,MA,ANE,EN,Federal Contract Tower,0,7,7,0,14,0,30,67,0,97,0,37,74,0,111,24,0,24,135
05/01/2003,MVY,MA,ANE,EN,Federal Contract Tower,0,20,11,0,31,0,35,15,0,50,0,55,26,0,81,4,0,4,85
05/02/2003,MVY,MA,ANE,EN,Federal Contract Tower,0,22,11,0,33,0,38,38,0,76,0,60,49,0,109,8,2,10,119
05/03/2003,MVY,MA,ANE,EN,Federal Contract Tower,0,11,5,0,16,0,27,17,0,44,0,38,22,0,60,0,0,0,60
05/04/2003,MVY,MA,ANE,EN,Federal Contract Tower,0,10,13,0,23,0,35,134,0,169,0,45,147,0,192,6,0,6,198
05/05/2003,MVY,MA,ANE,EN,Federal Contract Tower,0,3,11,0,14,0,29,62,0,91,0,32,73,0,105,8,0,8,113
05/06/2003,MVY,MA,ANE,EN,Federal Contract Tower,0,36,10,0,46,0,7,3,0,10,0,43,13,0,56,0,0,0,56
05/07/2003,MVY,MA,ANE,EN,Federal Contract Tower,0,35,14,0,49,0,14,15,0,29,0,49,29,0,78,12,0,12,90
05/08/2003,MVY,MA,ANE,EN,Federal Contract Tower,0,52,11,0,63,0,16,3,0,19,0,68,14,0,82,0,0,0,82
05/09/2003,MVY,MA,ANE,EN,Federal Contract Tower,0,27,30,0,57,0,20,28,0,48,0,47,58,0,105,6,0,6,111
05/10/2003,MVY,MA,ANE,EN,Federal Contract Tower,0,13,17,0,30,0,45,166,0,211,0,58,183,0,241,4,0,4,245
05/11/2003,MVY,MA,ANE,EN,Federal Contract Tower,0,11,17,0,28,0,52,161,0,213,0,63,178,0,241,0,0,0,241
05/12/2003,MVY,MA,ANE,EN,Federal Contract Tower,0,36,11,0,47,0,7,0,0,7,0,43,11,0,54,4,0,4,58
05/13/2003,MVY,MA,ANE,EN,Federal Contract Tower,0,11,9,0,20,0,47,15,0,62,0,58,24,0,82,12,4,16,98
05/14/2003,MVY,MA,ANE,EN,Federal Contract Tower,0,15,7,0,22,0,38,18,0,56,0,53,25,0,78,14,6,20,98
05/15/2003,MVY,MA,ANE,EN,Federal Contract Tower,0,20,19,0,39,0,56,43,0,99,0,76,62,0,138,22,6,28,166
05/16/2003,MVY,MA,ANE,EN,Federal Contract Tower,0,54,45,0,99,0,18,35,0,53,0,72,80,0,152,0,4,4,156
05/17/2003,MVY,MA,ANE,EN,Federal Contract Tower,0,24,19,0,43,0,18,35,0,53,0,42,54,0,96,4,0,4,100
05/18/2003,MVY,MA,ANE,EN,Federal Contract Tower,0,14,23,0,37,0,34,126,0,160,0,48,149,0,197,0,0,0,197
05/19/2003,MVY,MA,ANE,EN,Federal Contract Tower,0,16,3,0,19,0,58,89,0,147,0,74,92,0,166,4,0,4,170
05/20/2003,MVY,MA,ANE,EN,Federal Contract Tower,0,17,24,0,41,0,43,85,2,130,0,60,109,2,171,4,0,4,175
05/21/2003,MVY,MA,ANE,EN,Federal Contract Tower,0,48,22,0,70,0,22,42,0,64,0,70,64,0,134,4,0,4,138
05/22/2003,MVY,MA,ANE,EN,Federal Contract Tower,0,69,47,0,116,0,19,7,0,26,0,88,54,0,142,4,0,4,146
05/23/2003,MVY,MA,ANE,EN,Federal Contract Tower,0,140,101,1,242,0,0,0,0,0,0,140,101,1,242,0,0,0,242
05/24/2003,MVY,MA,ANE,EN,Federal Contract Tower,0,60,24,0,84,0,0,0,0,0,0,60,24,0,84,0,0,0,84
05/25/2003,MVY,MA,ANE,EN,Federal Contract Tower,0,46,31,0,77,0,19,41,0,60,0,65,72,0,137,8,0,8,145
05/26/2003,MVY,MA,ANE,EN,Federal Contract Tower,0,141,107,0,248,0,0,0,0,0,0,141,107,0,248,0,0,0,248
05/27/2003,MVY,MA,ANE,EN,Federal Contract Tower,0,79,30,0,109,0,7,12,0,19,0,86,42,0,128,0,0,0,128
05/28/2003,MVY,MA,ANE,EN,Federal Contract Tower,0,14,9,0,23,0,29,21,0,50,0,43,30,0,73,14,0,14,87
05/29/2003,MVY,MA,ANE,EN,Federal Contract Tower,0,29,13,0,42,0,34,16,0,50,0,63,29,0,92,4,0,4,96
05/30/2003,MVY,MA,ANE,EN,Federal Contract Tower,0,16,34,0,50,0,33,12,0,45,0,49,46,0,95,0,0,0,95
05/31/2003,MVY,MA,ANE,EN,Federal Contract Tower,0,15,19,0,34,0,26,24,0,50,0,41,43,0,84,2,0,2,86
06/01/2003,MVY,MA,ANE,EN,Federal Contract Tower,0,61,17,0,78,0,0,1,0,1,0,61,18,0,79,0,0,0,79
06/02/2003,MVY,MA,ANE,EN,Federal Contract Tower,0,15,11,0,26,0,44,56,0,100,0,59,67,0,126,0,0,0,126
06/03/2003,MVY,MA,ANE,EN,Federal Contract Tower,0,15,9,0,24,0,46,49,0,95,0,61,58,0,119,10,0,10,129
06/04/2003,MVY,MA,ANE,EN,Federal Contract Tower,0,58,20,4,82,0,13,22,0,35,0,71,42,4,117,2,0,2,119
06/05/2003,MVY,MA,ANE,EN,Federal Contract Tower,0,85,15,0,100,0,0,1,0,1,0,85,16,0,101,2,0,2,103
06/06/2003,MVY,MA,ANE,EN,Federal Contract Tower,0,17,16,0,33,0,52,62,0,114,0,69,78,0,147,6,0,6,153
06/07/2003,MVY,MA,ANE,EN,Federal Contract Tower,0,24,30,0,54,0,24,25,0,49,0,48,55,0,103,8,0,8,111
06/08/2003,MVY,MA,ANE,EN,Federal Contract Tower,0,80,46,0,126,0,23,29,0,52,0,103,75,0,178,0,0,0,178
06/09/2003,MVY,MA,ANE,EN,Federal Contract Tower,0,68,34,0,102,0,11,14,0,25,0,79,48,0,127,0,0,0,127
06/10/2003,MVY,MA,ANE,EN,Federal Contract Tower,0,23,22,0,45,0,42,49,0,91,0,65,71,0,136,18,0,18,154
06/11/2003,MVY,MA,ANE,EN,Federal Contract Tower,0,49,35,0,84,0,23,16,0,39,0,72,51,0,123,4,0,4,127
06/12/2003,MVY,MA,ANE,EN,Federal Contract Tower,0,112,37,0,149,0,10,5,0,15,0,122,42,0,164,0,0,0,164
06/13/2003,MVY,MA,ANE,EN,Federal Contract Tower,0,116,44,2,162,0,14,9,0,23,0,130,53,2,185,0,0,0,185
06/14/2003,MVY,MA,ANE,EN,Federal Contract Tower,0,68,35,0,103,0,0,33,0,33,0,68,68,0,136,6,0,6,142
06/15/2003,MVY,MA,ANE,EN,Federal Contract Tower,0,115,107,0,222,0,14,38,0,52,0,129,145,0,274,2,0,2,276
06/16/2003,MVY,MA,ANE,EN,Federal Contract Tower,0,55,35,1,91,0,43,73,5,121,0,98,108,6,212,0,0,0,212
06/17/2003,MVY,MA,ANE,EN,Federal Contract Tower,0,32,21,0,53,0,69,74,0,143,0,101,95,0,196,12,0,12,208
06/18/2003,MVY,MA,ANE,EN,Federal Contract Tower,0,109,32,2,143,0,30,29,0,59,0,139,61,2,202,0,0,0,202
06/19/2003,MVY,MA,ANE,EN,Federal Contract Tower,1,107,24,0,132,0,12,11,0,23,1,119,35,0,155,0,0,0,155
06/20/2003,MVY,MA,ANE,EN,Federal Contract Tower,0,52,41,0,93,0,90,51,2,143,0,142,92,2,236,0,6,6,242
06/21/2003,MVY,MA,ANE,EN,Federal Contract Tower,0,91,53,2,146,0,0,0,0,0,0,91,53,2,146,0,0,0,146
06/22/2003,MVY,MA,ANE,EN,Federal Contract Tower,0,111,47,0,158,1,13,0,0,14,1,124,47,0,172,0,0,0,172
06/23/2003,MVY,MA,ANE,EN,Federal Contract Tower,0,96,75,0,171,0,39,17,0,56,0,135,92,0,227,2,0,2,229
06/24/2003,MVY,MA,ANE,EN,Federal Contract Tower,0,19,21,0,40,0,72,107,0,179,0,91,128,0,219,12,0,12,231
06/25/2003,MVY,MA,ANE,EN,Federal Contract Tower,0,51,25,0,76,0,60,73,2,135,0,111,98,2,211,16,0,16,227
06/26/2003,MVY,MA,ANE,EN,Federal Contract Tower,0,63,30,0,93,0,62,72,0,134,0,125,102,0,227,10,0,10,237
06/27/2003,MVY,MA,ANE,EN,Federal Contract Tower,0,185,102,2,289,0,26,86,0,112,0,211,188,2,401,0,0,0,401
06/28/2003,MVY,MA,ANE,EN,Federal Contract Tower,0,47,62,0,109,0,85,180,0,265,0,132,242,0,374,6,0,6,380
06/29/2003,MVY,MA,ANE,EN,Federal Contract Tower,0,67,49,0,116,0,106,154,0,260,0,173,203,0,376,8,0,8,384
06/30/2003,MVY,MA,ANE,EN,Federal Contract Tower,0,159,68,0,227,0,33,69,2,104,0,192,137,2,331,0,0,0,331
07/01/2003,MVY,MA,ANE,EN,Federal Contract Tower,0,53,32,0,85,0,78,92,2,172,0,131,124,2,257,0,0,0,257
07/02/2003,MVY,MA,ANE,EN,Federal Contract Tower,0,74,51,0,125,0,98,107,2,207,0,172,158,2,332,0,6,6,338
07/03/2003,MVY,MA,ANE,EN,Federal Contract Tower,0,166,134,0,300,0,29,15,0,44,0,195,149,0,344,0,0,0,344
07/04/2003,MVY,MA,ANE,EN,Federal Contract Tower,0,93,79,0,172,0,45,48,2,95,0,138,127,2,267,0,0,0,267
07/05/2003,MVY,MA,ANE,EN,Federal Contract Tower,0,59,32,0,91,0,63,73,0,136,0,122,105,0,227,0,0,0,227
07/06/2003,MVY,MA,ANE,EN,Federal Contract Tower,0,112,72,0,184,0,169,184,0,353,0,281,256,0,537,0,0,0,537
07/07/2003,MVY,MA,ANE,EN,Federal Contract Tower,0,76,48,0,124,0,23,62,0,85,0,99,110,0,209,4,0,4,213
07/08/2003,MVY,MA,ANE,EN,Federal Contract Tower,0,97,34,0,131,0,42,81,0,123,0,139,115,0,254,12,0,12,266
07/09/2003,MVY,MA,ANE,EN,Federal Contract Tower,0,81,26,0,107,0,44,79,0,123,0,125,105,0,230,2,0,2,232
07/10/2003,MVY,MA,ANE,EN,Federal Contract Tower,0,55,49,0,104,0,105,76,0,181,0,160,125,0,285,6,4,10,295
07/11/2003,MVY,MA,ANE,EN,Federal Contract Tower,0,161,67,0,228,0,0,1,0,1,0,161,68,0,229,0,0,0,229
07/12/2003,MVY,MA,ANE,EN,Federal Contract Tower,0,54,41,0,95,0,95,87,0,182,0,149,128,0,277,8,0,8,285
07/13/2003,MVY,MA,ANE,EN,Federal Contract Tower,0,92,71,0,163,0,156,218,0,374,0,248,289,0,537,12,0,12,549
07/14/2003,MVY,MA,ANE,EN,Federal Contract Tower,0,121,78,0,199,0,67,32,0,99,0,188,110,0,298,0,0,0,298
07/15/2003,MVY,MA,ANE,EN,Federal Contract Tower,0,93,51,0,144,0,76,54,2,132,0,169,105,2,276,0,0,0,276
07/16/2003,MVY,MA,ANE,EN,Federal Contract Tower,0,118,68,0,186,0,55,30,0,85,0,173,98,0,271,0,0,0,271
07/17/2003,MVY,MA,ANE,EN,Federal Contract Tower,0,85,55,0,140,0,74,115,2,191,0,159,170,2,331,6,0,6,337
07/18/2003,MVY,MA,ANE,EN,Federal Contract Tower,0,85,71,0,156,0,108,139,0,247,0,193,210,0,403,6,0,6,409
07/19/2003,MVY,MA,ANE,EN,Federal Contract Tower,0,51,47,0,98,0,81,185,0,266,0,132,232,0,364,6,0,6,370
07/20/2003,MVY,MA,ANE,EN,Federal Contract Tower,0,64,78,0,142,0,148,274,0,422,0,212,352,0,564,2,0,2,566
07/21/2003,MVY,MA,ANE,EN,Federal Contract Tower,0,81,72,0,153,0,75,94,4,173,0,156,166,4,326,0,0,0,326
07/22/2003,MVY,MA,ANE,EN,Federal Contract Tower,0,147,63,0,210,0,0,0,0,0,0,147,63,0,210,0,2,2,212
07/23/2003,MVY,MA,ANE,EN,Federal Contract Tower,0,99,32,0,131,0,0,0,0,0,0,99,32,0,131,0,0,0,131
07/24/2003,MVY,MA,ANE,EN,Federal Contract Tower,0,160,89,0,249,0,15,8,0,23,0,175,97,0,272,0,0,0,272
07/25/2003,MVY,MA,ANE,EN,Federal Contract Tower,0,81,68,0,149,0,157,233,2,392,0,238,301,2,541,0,0,0,541
07/26/2003,MVY,MA,ANE,EN,Federal Contract Tower,0,46,38,0,84,0,93,187,0,280,0,139,225,0,364,0,0,0,364
07/27/2003,MVY,MA,ANE,EN,Federal Contract Tower,0,83,97,0,180,0,123,149,2,274,0,206,246,2,454,4,0,4,458
07/28/2003,MVY,MA,ANE,EN,Federal Contract Tower,0,77,48,0,125,0,94,153,0,247,0,171,201,0,372,8,0,8,380
07/29/2003,MVY,MA,ANE,EN,Federal Contract Tower,0,65,32,2,99,0,83,78,0,161,0,148,110,2,260,0,0,0,260
07/30/2003,MVY,MA,ANE,EN,Federal Contract Tower,0,56,36,0,92,0,104,99,2,205,0,160,135,2,297,0,2,2,299
07/31/2003,MVY,MA,ANE,EN,Federal Contract Tower,0,88,53,0,141,0,97,129,2,228,0,185,182,2,369,0,0,0,369
08/01/2003,MVY,MA,ANE,EN,Federal Contract Tower,0,192,121,0,313,0,9,10,0,19,0,201,131,0,332,0,0,0,332
08/02/2003,MVY,MA,ANE,EN,Federal Contract Tower,0,154,61,0,215,0,1,0,0,1,0,155,61,0,216,0,0,0,216
08/03/2003,MVY,MA,ANE,EN,Federal Contract Tower,0,171,117,0,288,0,1,0,0,1,0,172,117,0,289,0,0,0,289
08/04/2003,MVY,MA,ANE,EN,Federal Contract Tower,0,167,92,3,262,0,1,0,0,1,0,168,92,3,263,0,0,0,263
08/05/2003,MVY,MA,ANE,EN,Federal Contract Tower,0,147,73,0,220,0,8,2,0,10,0,155,75,0,230,0,0,0,230
08/06/2003,MVY,MA,ANE,EN,Federal Contract Tower,0,157,67,0,224,0,1,0,0,1,0,158,67,0,225,0,0,0,225
08/07/2003,MVY,MA,ANE,EN,Federal Contract Tower,0,223,128,0,351,0,10,34,0,44,0,233,162,0,395,2,0,2,397
08/08/2003,MVY,MA,ANE,EN,Federal Contract Tower,0,130,75,0,205,0,35,0,0,35,0,165,75,0,240,0,0,0,240
08/09/2003,MVY,MA,ANE,EN,Federal Contract Tower,0,175,100,0,275,0,17,44,0,61,0,192,144,0,336,0,0,0,336
08/10/2003,MVY,MA,ANE,EN,Federal Contract Tower,0,152,88,0,240,0,53,72,0,125,0,205,160,0,365,6,0,6,371
08/11/2003,MVY,MA,ANE,EN,Federal Contract Tower,0,138,79,0,217,0,50,56,0,106,0,188,135,0,323,0,0,0,323
08/12/2003,MVY,MA,ANE,EN,Federal Contract Tower,0,132,76,0,208,0,36,22,0,58,0,168,98,0,266,0,0,0,266
08/13/2003,MVY,MA,ANE,EN,Federal Contract Tower,0,182,80,0,262,0,1,0,0,1,0,183,80,0,263,0,0,0,263
08/14/2003,MVY,MA,ANE,EN,Federal Contract Tower,0,92,53,0,145,0,112,245,2,359,0,204,298,2,504,32,3,35,539
08/15/2003,MVY,MA,ANE,EN,Federal Contract Tower,0,64,37,0,101,0,128,140,0,268,0,192,177,0,369,8,0,8,377
08/16/2003,MVY,MA,ANE,EN,Federal Contract Tower,0,62,36,0,98,0,62,28,0,90,0,124,64,0,188,0,0,0,188
08/17/2003,MVY,MA,ANE,EN,Federal Contract Tower,0,143,100,2,245,0,43,26,2,71,0,186,126,4,316,0,0,0,316
08/18/2003,MVY,MA,ANE,EN,Federal Contract Tower,0,78,43,0,121,0,104,121,0,225,0,182,164,0,346,0,0,0,346
08/19/2003,MVY,MA,ANE,EN,Federal Contract Tower,0,63,33,0,96,0,132,172,0,304,0,195,205,0,400,22,0,22,422
08/20/2003,MVY,MA,ANE,EN,Federal Contract Tower,0,62,19,0,81,0,98,131,0,229,0,160,150,0,310,0,0,0,310
08/21/2003,MVY,MA,ANE,EN,Federal Contract Tower,0,69,43,4,116,0,88,103,0,191,0,157,146,4,307,8,2,10,317
08/22/2003,MVY,MA,ANE,EN,Federal Contract Tower,0,173,131,0,304,0,94,84,0,178,0,267,215,0,482,0,0,0,482
08/23/2003,MVY,MA,ANE,EN,Federal Contract Tower,0,39,27,0,66,0,154,246,0,400,0,193,273,0,466,0,0,0,466
08/24/2003,MVY,MA,ANE,EN,Federal Contract Tower,0,65,40,0,105,0,139,258,0,397,0,204,298,0,502,2,0,2,504
08/25/2003,MVY,MA,ANE,EN,Federal Contract Tower,0,68,40,0,108,0,104,97,0,201,0,172,137,0,309,8,0,8,317
08/26/2003,MVY,MA,ANE,EN,Federal Contract Tower,0,65,24,0,89,0,103,86,0,189,0,168,110,0,278,0,0,0,278
08/27/2003,MVY,MA,ANE,EN,Federal Contract Tower,0,69,19,0,88,0,79,78,0,157,0,148,97,0,245,0,0,0,245
08/28/2003,MVY,MA,ANE,EN,Federal Contract Tower,0,62,34,0,96,0,97,124,0,221,0,159,158,0,317,16,2,18,335
08/29/2003,MVY,MA,ANE,EN,Federal Contract Tower,0,75,66,0,141,0,91,129,0,220,0,166,195,0,361,4,0,4,365
08/30/2003,MVY,MA,ANE,EN,Federal Contract Tower,0,77,51,0,128,0,58,54,0,112,0,135,105,0,240,4,0,4,244
08/31/2003,MVY,MA,ANE,EN,Federal Contract Tower,0,59,33,0,92,0,97,174,0,271,0,156,207,0,363,0,0,0,363
09/01/2003,MVY,MA,ANE,EN,Federal Contract Tower,0,89,94,0,183,0,83,58,0,141,0,172,152,0,324,2,0,2,326
09/02/2003,MVY,MA,ANE,EN,Federal Contract Tower,0,132,57,0,189,0,16,36,0,52,0,148,93,0,241,0,0,0,241
09/03/2003,MVY,MA,ANE,EN,Federal Contract Tower,0,67,22,0,89,0,55,33,0,88,0,122,55,0,177,0,2,2,179
09/04/2003,MVY,MA,ANE,EN,Federal Contract Tower,0,145,27,0,172,0,0,1,0,1,0,145,28,0,173,0,0,0,173
09/05/2003,MVY,MA,ANE,EN,Federal Contract Tower,0,78,51,0,129,0,147,109,0,256,0,225,160,0,385,0,0,0,385
09/06/2003,MVY,MA,ANE,EN,Federal Contract Tower,0,30,25,0,55,0,73,198,0,271,0,103,223,0,326,0,0,0,326
09/07/2003,MVY,MA,ANE,EN,Federal Contract Tower,0,35,22,0,57,0,99,251,0,350,0,134,273,0,407,16,0,16,423
09/08/2003,MVY,MA,ANE,EN,Federal Contract Tower,0,41,16,0,57,0,74,80,0,154,0,115,96,0,211,8,0,8,219
09/09/2003,MVY,MA,ANE,EN,Federal Contract Tower,0,25,17,0,42,0,107,65,0,172,0,132,82,0,214,24,0,24,238
09/10/2003,MVY,MA,ANE,EN,Federal Contract Tower,0,20,6,0,26,0,109,114,0,223,0,129,120,0,249,6,4,10,259
09/11/2003,MVY,MA,ANE,EN,Federal Contract Tower,0,29,11,1,41,0,107,111,0,218,0,136,122,1,259,6,0,6,265
09/12/2003,MVY,MA,ANE,EN,Federal Contract Tower,0,24,29,0,53,0,110,112,0,222,0,134,141,0,275,0,0,0,275
09/13/2003,MVY,MA,ANE,EN,Federal Contract Tower,0,32,31,1,64,0,74,35,0,109,0,106,66,1,173,0,0,0,173
09/14/2003,MVY,MA,ANE,EN,Federal Contract Tower,0,55,46,0,101,0,77,72,0,149,0,132,118,0,250,0,0,0,250
09/15/2003,MVY,MA,ANE,EN,Federal Contract Tower,0,90,33,0,123,0,77,26,0,103,0,167,59,0,226,0,0,0,226
09/16/2003,MVY,MA,ANE,EN,Federal Contract Tower,0,88,35,2,125,0,77,30,0,107,0,165,65,2,232,0,0,0,232
09/17/2003,MVY,MA,ANE,EN,Federal Contract Tower,0,17,22,0,39,0,100,88,2,190,0,117,110,2,229,8,2,10,239
09/18/2003,MVY,MA,ANE,EN,Federal Contract Tower,0,23,20,0,43,0,63,24,0,87,0,86,44,0,130,4,0,4,134
09/19/2003,MVY,MA,ANE,EN,Federal Contract Tower,0,76,30,1,107,0,33,0,2,35,0,109,30,3,142,2,4,6,148
09/20/2003,MVY,MA,ANE,EN,Federal Contract Tower,0,32,41,0,73,0,57,91,0,148,0,89,132,0,221,0,0,0,221
09/21/2003,MVY,MA,ANE,EN,Federal Contract Tower,0,35,41,0,76,0,87,166,0,253,0,122,207,0,329,0,0,0,329
09/22/2003,MVY,MA,ANE,EN,Federal Contract Tower,0,13,24,0,37,0,81,50,0,131,0,94,74,0,168,0,0,0,168
09/23/2003,MVY,MA,ANE,EN,Federal Contract Tower,0,46,17,0,63,0,76,0,0,76,0,122,17,0,139,8,0,8,147
09/24/2003,MVY,MA,ANE,EN,Federal Contract Tower,0,11,17,0,28,0,113,112,0,225,0,124,129,0,253,26,0,26,279
09/25/2003,MVY,MA,ANE,EN,Federal Contract Tower,0,20,10,2,32,0,100,54,0,154,0,120,64,2,186,6,0,6,192
09/26/2003,MVY,MA,ANE,EN,Federal Contract Tower,0,59,44,0,103,0,35,52,0,87,0,94,96,0,190,0,0,0,190
09/27/2003,MVY,MA,ANE,EN,Federal Contract Tower,0,28,16,0,44,0,61,48,2,111,0,89,64,2,155,0,0,0,155
09/28/2003,MVY,MA,ANE,EN,Federal Contract Tower,0,80,35,2,117,0,8,0,0,8,0,88,35,2,125,0,0,0,125
09/29/2003,MVY,MA,ANE,EN,Federal Contract Tower,0,42,25,0,67,0,58,71,0,129,0,100,96,0,196,16,10,26,222
09/30/2003,MVY,MA,ANE,EN,Federal Contract Tower,0,18,15,0,33,0,52,76,2,130,0,70,91,2,163,18,8,26,189
10/01/2003,MVY,MA,ANE,EN,Federal Contract Tower,0,12,11,0,23,0,63,41,0,104,0,75,52,0,127,4,0,4,131
10/02/2003,MVY,MA,ANE,EN,Federal Contract Tower,0,26,27,0,53,0,69,47,0,116,0,95,74,0,169,0,2,2,171
10/03/2003,MVY,MA,ANE,EN,Federal Contract Tower,0,15,17,0,32,0,170,173,0,343,0,185,190,0,375,6,0,6,381
10/04/2003,MVY,MA,ANE,EN,Federal Contract Tower,0,20,20,0,40,0,39,20,1,60,0,59,40,1,100,6,0,6,106
10/05/2003,MVY,MA,ANE,EN,Federal Contract Tower,0,19,18,0,37,0,74,144,0,218,0,93,162,0,255,8,0,8,263
10/06/2003,MVY,MA,ANE,EN,Federal Contract Tower,0,13,12,0,25,0,91,102,0,193,0,104,114,0,218,0,0,0,218
10/07/2003,MVY,MA,ANE,EN,Federal Contract Tower,0,14,13,1,28,0,58,63,1,122,0,72,76,2,150,2,4,6,156
10/08/2003,MVY,MA,ANE,EN,Federal Contract Tower,0,17,16,0,33,0,73,130,0,203,0,90,146,0,236,6,0,6,242
10/09/2003,MVY,MA,ANE,EN,Federal Contract Tower,0,27,25,1,53,0,83,76,1,160,0,110,101,2,213,0,0,0,213
10/10/2003,MVY,MA,ANE,EN,Federal Contract Tower,0,102,92,0,194,0,18,23,0,41,0,120,115,0,235,0,0,0,235
10/11/2003,MVY,MA,ANE,EN,Federal Contract Tower,0,45,42,0,87,0,18,54,0,72,0,63,96,0,159,0,0,0,159
10/12/2003,MVY,MA,ANE,EN,Federal Contract Tower,0,51,48,0,99,0,0,0,0,0,0,51,48,0,99,2,0,2,101
10/13/2003,MVY,MA,ANE,EN,Federal Contract Tower,0,22,20,0,42,0,95,107,0,202,0,117,127,0,244,8,0,8,252
10/14/2003,MVY,MA,ANE,EN,Federal Contract Tower,0,16,13,0,29,0,24,42,0,66,0,40,55,0,95,0,0,0,95
10/15/2003,MVY,MA,ANE,EN,Federal Contract Tower,0,14,11,0,25,0,16,9,0,25,0,30,20,0,50,0,0,0,50
10/16/2003,MVY,MA,ANE,EN,Federal Contract Tower,0,18,15,0,33,0,25,40,2,67,0,43,55,2,100,10,4,14,114
10/17/2003,MVY,MA,ANE,EN,Federal Contract Tower,0,13,10,0,23,0,54,76,0,130,0,67,86,0,153,0,0,0,153
10/18/2003,MVY,MA,ANE,EN,Federal Contract Tower,0,28,24,0,52,0,2,36,0,38,0,30,60,0,90,0,0,0,90
10/19/2003,MVY,MA,ANE,EN,Federal Contract Tower,0,20,18,0,38,0,40,42,0,82,0,60,60,0,120,2,0,2,122
10/20/2003,MVY,MA,ANE,EN,Federal Contract Tower,0,9,8,0,17,0,33,95,0,128,0,42,103,0,145,12,0,12,157
10/21/2003,MVY,MA,ANE,EN,Federal Contract Tower,0,14,11,0,25,0,22,1,2,25,0,36,12,2,50,0,0,0,50
10/22/2003,MVY,MA,ANE,EN,Federal Contract Tower,0,33,18,0,51,0,46,0,0,46,0,79,18,0,97,0,0,0,97
10/23/2003,MVY,MA,ANE,EN,Federal Contract Tower,0,18,15,0,33,0,42,15,0,57,0,60,30,0,90,0,0,0,90
10/24/2003,MVY,MA,ANE,EN,Federal Contract Tower,0,18,16,0,34,0,65,73,0,138,0,83,89,0,172,0,0,0,172
10/25/2003,MVY,MA,ANE,EN,Federal Contract Tower,0,8,6,0,14,0,42,164,0,206,0,50,170,0,220,0,0,0,220
10/26/2003,MVY,MA,ANE,EN,Federal Contract Tower,0,35,31,0,66,0,25,60,0,85,0,60,91,0,151,0,0,0,151
10/27/2003,MVY,MA,ANE,EN,Federal Contract Tower,0,24,20,0,44,0,62,0,2,64,0,86,20,2,108,0,4,4,112
10/28/2003,MVY,MA,ANE,EN,Federal Contract Tower,0,12,10,0,22,0,32,42,0,74,0,44,52,0,96,8,0,8,104
10/29/2003,MVY,MA,ANE,EN,Federal Contract Tower,0,19,8,0,27,0,21,0,0,21,0,40,8,0,48,0,0,0,48
10/30/2003,MVY,MA,ANE,EN,Federal Contract Tower,0,10,8,0,18,0,29,92,0,121,0,39,100,0,139,0,0,0,139
10/31/2003,MVY,MA,ANE,EN,Federal Contract Tower,0,11,10,0,21,0,79,90,0,169,0,90,100,0,190,40,0,40,230
11/01/2003,MVY,MA,ANE,EN,Federal Contract Tower,0,11,11,0,22,0,17,154,0,171,0,28,165,0,193,26,0,26,219
11/02/2003,MVY,MA,ANE,EN,Federal Contract Tower,0,18,18,0,36,0,17,126,0,143,0,35,144,0,179,16,0,16,195
11/03/2003,MVY,MA,ANE,EN,Federal Contract Tower,0,13,15,0,28,0,21,17,0,38,0,34,32,0,66,6,0,6,72
11/04/2003,MVY,MA,ANE,EN,Federal Contract Tower,0,24,20,0,44,0,2,0,0,2,0,26,20,0,46,0,0,0,46
11/05/2003,MVY,MA,ANE,EN,Federal Contract Tower,0,8,0,0,8,0,8,0,0,8,0,16,0,0,16,0,0,0,16
11/06/2003,MVY,MA,ANE,EN,Federal Contract Tower,0,6,6,0,12,0,22,26,0,48,0,28,32,0,60,14,0,14,74
11/07/2003,MVY,MA,ANE,EN,Federal Contract Tower,0,18,17,0,35,0,19,41,0,60,0,37,58,0,95,8,0,8,103
11/08/2003,MVY,MA,ANE,EN,Federal Contract Tower,0,10,9,0,19,0,17,61,0,78,0,27,70,0,97,6,0,6,103
11/09/2003,MVY,MA,ANE,EN,Federal Contract Tower,0,10,9,0,19,0,14,112,0,126,0,24,121,0,145,16,0,16,161
11/10/2003,MVY,MA,ANE,EN,Federal Contract Tower,0,6,5,1,12,0,29,70,3,102,0,35,75,4,114,10,2,12,126
11/11/2003,MVY,MA,ANE,EN,Federal Contract Tower,0,11,9,0,20,0,10,61,0,71,0,21,70,0,91,14,0,14,105
11/12/2003,MVY,MA,ANE,EN,Federal Contract Tower,0,25,13,1,39,0,6,0,3,9,0,31,13,4,48,6,0,6,54
11/13/2003,MVY,MA,ANE,EN,Federal Contract Tower,0,4,0,0,4,0,14,0,0,14,0,18,0,0,18,0,0,0,18
11/14/2003,MVY,MA,ANE,EN,Federal Contract Tower,0,4,2,0,6,0,22,4,0,26,0,26,6,0,32,0,0,0,32
11/15/2003,MVY,MA,ANE,EN,Federal Contract Tower,0,7,6,0,13,0,25,41,0,66,0,32,47,0,79,4,0,4,83
11/16/2003,MVY,MA,ANE,EN,Federal Contract Tower,0,6,5,0,11,0,10,161,0,171,0,16,166,0,182,8,0,8,190
11/17/2003,MVY,MA,ANE,EN,Federal Contract Tower,0,4,3,0,7,0,28,25,0,53,0,32,28,0,60,6,0,6,66
11/18/2003,MVY,MA,ANE,EN,Federal Contract Tower,0,6,5,0,11,0,25,61,0,86,0,31,66,0,97,14,2,16,113
11/19/2003,MVY,MA,ANE,EN,Federal Contract Tower,0,12,10,0,22,0,21,15,0,36,0,33,25,0,58,0,0,0,58
11/20/2003,MVY,MA,ANE,EN,Federal Contract Tower,0,19,4,0,23,0,13,0,0,13,0,32,4,0,36,0,0,0,36
11/21/2003,MVY,MA,ANE,EN,Federal Contract Tower,0,31,26,0,57,0,1,0,0,1,0,32,26,0,58,0,0,0,58
11/22/2003,MVY,MA,ANE,EN,Federal Contract Tower,0,14,11,0,25,0,44,141,0,185,0,58,152,0,210,4,0,4,214
11/23/2003,MVY,MA,ANE,EN,Federal Contract Tower,0,8,7,0,15,0,18,169,0,187,0,26,176,0,202,6,0,6,208
11/24/2003,MVY,MA,ANE,EN,Federal Contract Tower,0,17,14,0,31,0,23,11,0,34,0,40,25,0,65,0,0,0,65
11/25/2003,MVY,MA,ANE,EN,Federal Contract Tower,0,10,7,0,17,0,22,35,2,59,0,32,42,2,76,2,0,2,78
11/26/2003,MVY,MA,ANE,EN,Federal Contract Tower,0,18,15,0,33,0,32,80,0,112,0,50,95,0,145,4,0,4,149
11/27/2003,MVY,MA,ANE,EN,Federal Contract Tower,0,2,0,0,2,0,20,22,0,42,0,22,22,0,44,0,0,0,44
11/28/2003,MVY,MA,ANE,EN,Federal Contract Tower,0,14,8,0,22,0,3,0,0,3,0,17,8,0,25,0,0,0,25
11/29/2003,MVY,MA,ANE,EN,Federal Contract Tower,0,14,11,0,25,0,22,4,0,26,0,36,15,0,51,0,0,0,51
11/30/2003,MVY,MA,ANE,EN,Federal Contract Tower,0,25,21,0,46,0,36,81,0,117,0,61,102,0,163,6,0,6,169
12/01/2003,MVY,MA,ANE,EN,Federal Contract Tower,0,6,6,0,12,0,38,20,0,58,0,44,26,0,70,0,0,0,70
12/02/2003,MVY,MA,ANE,EN,Federal Contract Tower,0,4,6,0,10,0,39,13,0,52,0,43,19,0,62,0,0,0,62
12/03/2003,MVY,MA,ANE,EN,Federal Contract Tower,0,4,6,0,10,0,21,26,0,47,0,25,32,0,57,2,0,2,59
12/04/2003,MVY,MA,ANE,EN,Federal Contract Tower,0,1,3,0,4,0,23,33,0,56,0,24,36,0,60,24,0,24,84
12/05/2003,MVY,MA,ANE,EN,Federal Contract Tower,0,3,4,0,7,0,15,14,0,29,0,18,18,0,36,0,0,0,36
12/06/2003,MVY,MA,ANE,EN,Federal Contract Tower,0,1,0,0,1,0,1,0,0,1,0,2,0,0,2,0,0,0,2
12/07/2003,MVY,MA,ANE,EN,Federal Contract Tower,0,0,0,0,0,0,0,0,0,0,0,0,0,0,0,0,0,0,0
12/08/2003,MVY,MA,ANE,EN,Federal Contract Tower,0,4,6,0,10,0,24,8,0,32,0,28,14,0,42,0,0,0,42
12/09/2003,MVY,MA,ANE,EN,Federal Contract Tower,0,4,5,0,9,0,37,46,0,83,0,41,51,0,92,0,0,0,92
12/10/2003,MVY,MA,ANE,EN,Federal Contract Tower,0,10,10,0,20,0,22,17,0,39,0,32,27,0,59,16,2,18,77
12/11/2003,MVY,MA,ANE,EN,Federal Contract Tower,0,4,0,0,4,0,14,0,0,14,0,18,0,0,18,0,0,0,18
12/12/2003,MVY,MA,ANE,EN,Federal Contract Tower,0,3,4,0,7,0,21,20,0,41,0,24,24,0,48,2,0,2,50
12/13/2003,MVY,MA,ANE,EN,Federal Contract Tower,0,8,5,0,13,0,14,55,0,69,0,22,60,0,82,8,0,8,90
12/14/2003,MVY,MA,ANE,EN,Federal Contract Tower,0,2,1,0,3,0,6,25,0,31,0,8,26,0,34,0,0,0,34
12/15/2003,MVY,MA,ANE,EN,Federal Contract Tower,0,13,3,0,16,0,7,0,0,7,0,20,3,0,23,0,0,0,23
12/16/2003,MVY,MA,ANE,EN,Federal Contract Tower,0,8,5,0,13,0,16,19,2,37,0,24,24,2,50,26,0,26,76
12/17/2003,MVY,MA,ANE,EN,Federal Contract Tower,0,8,6,0,14,0,32,0,0,32,0,40,6,0,46,0,0,0,46
12/18/2003,MVY,MA,ANE,EN,Federal Contract Tower,0,5,3,0,8,0,27,14,0,41,0,32,17,0,49,0,0,0,49
12/19/2003,MVY,MA,ANE,EN,Federal Contract Tower,0,8,6,0,14,0,36,46,0,82,0,44,52,0,96,0,0,0,96
12/20/2003,MVY,MA,ANE,EN,Federal Contract Tower,0,7,5,0,12,0,16,69,4,89,0,23,74,4,101,0,0,0,101
12/21/2003,MVY,MA,ANE,EN,Federal Contract Tower,0,9,6,0,15,0,7,70,0,77,0,16,76,0,92,16,0,16,108
12/22/2003,MVY,MA,ANE,EN,Federal Contract Tower,0,9,6,0,15,0,26,42,0,68,0,35,48,0,83,10,0,10,93
12/23/2003,MVY,MA,ANE,EN,Federal Contract Tower,0,10,8,0,18,0,21,60,0,81,0,31,68,0,99,6,0,6,105
12/24/2003,MVY,MA,ANE,EN,Federal Contract Tower,0,10,7,0,17,0,8,2,0,10,0,18,9,0,27,0,0,0,27
12/25/2003,MVY,MA,ANE,EN,Federal Contract Tower,0,8,5,0,13,0,6,2,0,8,0,14,7,0,21,0,0,0,21
12/26/2003,MVY,MA,ANE,EN,Federal Contract Tower,0,6,4,0,10,0,12,23,0,35,0,18,27,0,45,0,0,0,45
12/27/2003,MVY,MA,ANE,EN,Federal Contract Tower,0,4,3,0,7,0,18,78,0,96,0,22,81,0,103,6,0,6,109
12/28/2003,MVY,MA,ANE,EN,Federal Contract Tower,0,5,4,0,9,0,9,144,0,153,0,14,148,0,162,6,2,8,170
12/29/2003,MVY,MA,ANE,EN,Federal Contract Tower,0,9,6,0,15,0,22,46,2,70,0,31,52,2,85,10,0,10,95
12/30/2003,MVY,MA,ANE,EN,Federal Contract Tower,0,9,7,0,16,0,22,10,0,32,0,31,17,0,48,0,0,0,48
12/31/2003,MVY,MA,ANE,EN,Federal Contract Tower,0,8,6,0,14,0,19,82,0,101,0,27,88,0,115,0,0,0,115
01/01/2004,MVY,MA,ANE,EN,Federal Contract Tower,0,5,4,0,9,0,14,68,0,82,0,19,72,0,91,0,0,0,91
01/02/2004,MVY,MA,ANE,EN,Federal Contract Tower,0,12,10,0,22,0,18,3,0,21,0,30,13,0,43,0,0,0,43
01/03/2004,MVY,MA,ANE,EN,Federal Contract Tower,0,15,11,0,26,0,3,0,0,3,0,18,11,0,29,0,0,0,29
01/04/2004,MVY,MA,ANE,EN,Federal Contract Tower,0,15,11,0,26,0,2,38,0,40,0,17,49,0,66,2,0,2,68
01/05/2004,MVY,MA,ANE,EN,Federal Contract Tower,0,20,6,0,26,0,9,0,0,9,0,29,6,0,35,0,0,0,35
01/06/2004,MVY,MA,ANE,EN,Federal Contract Tower,0,2,2,0,4,0,27,25,0,52,0,29,27,0,56,8,0,8,64
01/07/2004,MVY,MA,ANE,EN,Federal Contract Tower,0,1,2,0,3,0,29,20,0,49,0,30,22,0,52,0,4,4,56
01/08/2004,MVY,MA,ANE,EN,Federal Contract Tower,0,3,2,0,5,0,31,18,0,49,0,34,20,0,54,0,0,0,54
01/09/2004,MVY,MA,ANE,EN,Federal Contract Tower,0,5,2,0,7,0,32,33,0,65,0,37,35,0,72,2,0,2,74
01/10/2004,MVY,MA,ANE,EN,Federal Contract Tower,0,7,4,0,11,0,17,18,0,35,0,24,22,0,46,10,0,10,56
01/11/2004,MVY,MA,ANE,EN,Federal Contract Tower,0,5,3,0,8,0,11,51,0,62,0,16,54,0,70,8,0,8,78
01/12/2004,MVY,MA,ANE,EN,Federal Contract Tower,0,7,3,0,10,0,13,8,0,21,0,20,11,0,31,0,0,0,31
01/13/2004,MVY,MA,ANE,EN,Federal Contract Tower,0,7,4,0,11,0,26,16,0,42,0,33,20,0,53,0,0,0,53
01/14/2004,MVY,MA,ANE,EN,Federal Contract Tower,0,5,3,0,8,0,19,12,0,31,0,24,15,0,39,0,0,0,39
01/15/2004,MVY,MA,ANE,EN,Federal Contract Tower,0,4,2,0,6,0,9,2,0,11,0,13,4,0,17,2,0,2,19
01/16/2004,MVY,MA,ANE,EN,Federal Contract Tower,0,1,0,0,1,0,23,5,0,28,0,24,5,0,29,0,0,0,29
01/17/2004,MVY,MA,ANE,EN,Federal Contract Tower,0,6,3,0,9,0,16,45,0,61,0,22,48,0,70,6,0,6,76
01/18/2004,MVY,MA,ANE,EN,Federal Contract Tower,0,4,0,0,4,0,7,0,0,7,0,11,0,0,11,0,0,0,11
01/19/2004,MVY,MA,ANE,EN,Federal Contract Tower,0,7,3,0,10,0,24,12,0,36,0,31,15,0,46,0,0,0,46
01/20/2004,MVY,MA,ANE,EN,Federal Contract Tower,0,4,2,0,6,0,20,15,0,35,0,24,17,0,41,12,0,12,53
01/21/2004,MVY,MA,ANE,EN,Federal Contract Tower,0,2,0,0,2,0,28,30,0,58,0,30,30,0,60,16,0,16,76
01/22/2004,MVY,MA,ANE,EN,Federal Contract Tower,0,11,6,0,17,0,22,17,0,39,0,33,23,0,56,0,0,0,56
01/23/2004,MVY,MA,ANE,EN,Federal Contract Tower,0,7,3,0,10,0,21,19,0,40,0,28,22,0,50,2,2,4,54
01/24/2004,MVY,MA,ANE,EN,Federal Contract Tower,0,3,1,0,4,0,15,39,0,54,0,18,40,0,58,0,0,0,58
01/25/2004,MVY,MA,ANE,EN,Federal Contract Tower,0,2,1,0,3,0,11,45,0,56,0,13,46,0,59,18,0,18,77
01/26/2004,MVY,MA,ANE,EN,Federal Contract Tower,0,5,3,0,8,0,22,9,0,31,0,27,12,0,39,0,0,0,39
01/27/2004,MVY,MA,ANE,EN,Federal Contract Tower,0,3,1,0,4,0,24,3,0,27,0,27,4,0,31,0,0,0,31
01/28/2004,MVY,MA,ANE,EN,Federal Contract Tower,0,2,0,0,2,0,0,0,0,0,0,2,0,0,2,0,0,0,2
01/29/2004,MVY,MA,ANE,EN,Federal Contract Tower,0,4,1,0,5,0,12,3,0,15,0,16,4,0,20,0,0,0,20
01/30/2004,MVY,MA,ANE,EN,Federal Contract Tower,0,12,6,0,18,0,38,6,0,44,0,50,12,0,62,2,0,2,64
01/31/2004,MVY,MA,ANE,EN,Federal Contract Tower,0,10,6,0,16,0,10,34,0,44,0,20,40,0,60,28,0,28,88
02/01/2004,MVY,MA,ANE,EN,Federal Contract Tower,0,4,3,0,7,0,17,69,0,86,0,21,72,0,93,12,0,12,105
02/02/2004,MVY,MA,ANE,EN,Federal Contract Tower,0,1,3,0,4,0,23,44,0,67,0,24,47,0,71,4,0,4,75
02/03/2004,MVY,MA,ANE,EN,Federal Contract Tower,0,9,10,1,20,0,16,3,3,22,0,25,13,4,42,0,0,0,42
02/04/2004,MVY,MA,ANE,EN,Federal Contract Tower,0,3,4,0,7,0,20,26,0,46,0,23,30,0,53,0,0,0,53
02/05/2004,MVY,MA,ANE,EN,Federal Contract Tower,0,8,9,1,18,0,27,49,12,88,0,35,58,13,106,14,0,14,120
02/06/2004,MVY,MA,ANE,EN,Federal Contract Tower,0,4,5,0,9,0,14,12,0,26,0,18,17,0,35,0,0,0,35
02/07/2004,MVY,MA,ANE,EN,Federal Contract Tower,0,12,10,0,22,0,17,0,0,17,0,29,10,0,39,0,0,0,39
02/08/2004,MVY,MA,ANE,EN,Federal Contract Tower,0,6,7,0,13,0,11,16,2,29,0,17,23,2,42,0,0,0,42
02/09/2004,MVY,MA,ANE,EN,Federal Contract Tower,0,3,3,0,6,0,29,27,0,56,0,32,30,0,62,0,14,14,76
02/10/2004,MVY,MA,ANE,EN,Federal Contract Tower,0,5,6,0,11,0,34,51,2,87,0,39,57,2,98,0,0,0,98
02/11/2004,MVY,MA,ANE,EN,Federal Contract Tower,0,2,2,0,4,0,27,18,2,47,0,29,20,2,51,0,0,0,51
02/12/2004,MVY,MA,ANE,EN,Federal Contract Tower,0,6,7,0,13,0,29,33,2,64,0,35,40,2,77,8,0,8,85
02/13/2004,MVY,MA,ANE,EN,Federal Contract Tower,0,3,2,0,5,0,33,40,0,73,0,36,42,0,78,14,4,18,96
02/14/2004,MVY,MA,ANE,EN,Federal Contract Tower,0,5,4,0,9,0,15,83,0,98,0,20,87,0,107,12,0,12,119
02/15/2004,MVY,MA,ANE,EN,Federal Contract Tower,0,7,6,0,13,0,11,49,0,60,0,18,55,0,73,6,0,6,79
02/16/2004,MVY,MA,ANE,EN,Federal Contract Tower,0,6,4,0,10,0,24,60,0,84,0,30,64,0,94,4,0,4,98
02/17/2004,MVY,MA,ANE,EN,Federal Contract Tower,0,6,5,0,11,0,29,40,5,74,0,35,45,5,85,4,5,9,94
02/18/2004,MVY,MA,ANE,EN,Federal Contract Tower,0,3,1,0,4,0,0,1,2,3,0,3,2,2,7,0,0,0,7
02/19/2004,MVY,MA,ANE,EN,Federal Contract Tower,0,4,3,0,7,0,9,4,0,13,0,13,7,0,20,0,0,0,20
02/20/2004,MVY,MA,ANE,EN,Federal Contract Tower,0,8,6,0,14,0,11,50,0,61,0,19,56,0,75,0,0,0,75
02/21/2004,MVY,MA,ANE,EN,Federal Contract Tower,0,15,16,0,31,0,0,8,1,9,0,15,24,1,40,0,0,0,40
02/22/2004,MVY,MA,ANE,EN,Federal Contract Tower,0,7,6,0,13,0,2,31,0,33,0,9,37,0,46,0,0,0,46
02/23/2004,MVY,MA,ANE,EN,Federal Contract Tower,0,4,3,0,7,0,21,26,0,47,0,25,29,0,54,12,0,12,66
02/24/2004,MVY,MA,ANE,EN,Federal Contract Tower,0,8,7,0,15,0,23,26,0,49,0,31,33,0,64,0,0,0,64
02/25/2004,MVY,MA,ANE,EN,Federal Contract Tower,0,7,6,0,13,0,30,29,0,59,0,37,35,0,72,0,0,0,72
02/26/2004,MVY,MA,ANE,EN,Federal Contract Tower,0,7,5,0,12,0,28,53,0,81,0,35,58,0,93,0,0,0,93
02/27/2004,MVY,MA,ANE,EN,Federal Contract Tower,0,8,6,0,14,0,27,52,0,79,0,35,58,0,93,0,0,0,93
02/28/2004,MVY,MA,ANE,EN,Federal Contract Tower,0,4,3,0,7,0,16,117,0,133,0,20,120,0,140,6,0,6,146
02/29/2004,MVY,MA,ANE,EN,Federal Contract Tower,0,8,6,0,14,0,4,170,1,175,0,12,176,1,189,8,0,8,197
03/01/2004,MVY,MA,ANE,EN,Federal Contract Tower,0,4,4,0,8,0,25,44,1,70,0,29,48,1,78,0,0,0,78
03/02/2004,MVY,MA,ANE,EN,Federal Contract Tower,0,9,7,0,16,0,19,5,0,24,0,28,12,0,40,0,0,0,40
03/03/2004,MVY,MA,ANE,EN,Federal Contract Tower,0,4,4,0,8,0,24,39,0,63,0,28,43,0,71,4,0,4,75
03/04/2004,MVY,MA,ANE,EN,Federal Contract Tower,0,15,11,0,26,0,20,6,0,26,0,35,17,0,52,0,0,0,52
03/05/2004,MVY,MA,ANE,EN,Federal Contract Tower,0,15,12,0,27,0,8,6,0,14,0,23,18,0,41,0,0,0,41
03/06/2004,MVY,MA,ANE,EN,Federal Contract Tower,0,3,2,0,5,0,1,0,0,1,0,4,2,0,6,0,0,0,6
03/07/2004,MVY,MA,ANE,EN,Federal Contract Tower,0,6,5,0,11,0,4,151,0,155,0,10,156,0,166,0,0,0,166
03/08/2004,MVY,MA,ANE,EN,Federal Contract Tower,0,8,6,0,14,0,14,0,0,14,0,22,6,0,28,0,0,0,28
03/09/2004,MVY,MA,ANE,EN,Federal Contract Tower,0,11,8,0,19,0,27,16,0,43,0,38,24,0,62,0,0,0,62
03/10/2004,MVY,MA,ANE,EN,Federal Contract Tower,0,10,8,0,18,0,33,16,0,49,0,43,24,0,67,2,2,4,71
03/11/2004,MVY,MA,ANE,EN,Federal Contract Tower,0,6,5,0,11,0,6,3,0,9,0,12,8,0,20,0,0,0,20
03/12/2004,MVY,MA,ANE,EN,Federal Contract Tower,0,9,7,0,16,0,31,11,0,42,0,40,18,0,58,0,0,0,58
03/13/2004,MVY,MA,ANE,EN,Federal Contract Tower,0,11,8,0,19,0,3,62,0,65,0,14,70,0,84,0,0,0,84
03/14/2004,MVY,MA,ANE,EN,Federal Contract Tower,0,10,5,0,15,0,1,210,0,211,0,11,215,0,226,8,0,8,234
03/15/2004,MVY,MA,ANE,EN,Federal Contract Tower,0,7,3,0,10,0,27,30,1,58,0,34,33,1,68,2,0,2,70
03/16/2004,MVY,MA,ANE,EN,Federal Contract Tower,0,6,3,0,9,0,13,2,0,15,0,19,5,0,24,2,0,2,26
03/17/2004,MVY,MA,ANE,EN,Federal Contract Tower,0,17,5,0,22,0,5,0,0,5,0,22,5,0,27,0,2,2,29
03/18/2004,MVY,MA,ANE,EN,Federal Contract Tower,0,7,4,0,11,0,15,8,0,23,0,22,12,0,34,4,0,4,38
03/19/2004,MVY,MA,ANE,EN,Federal Contract Tower,0,4,1,0,5,0,2,2,0,4,0,6,3,0,9,0,0,0,9
03/20/2004,MVY,MA,ANE,EN,Federal Contract Tower,0,7,4,0,11,0,29,97,0,126,0,36,101,0,137,12,0,12,149
03/21/2004,MVY,MA,ANE,EN,Federal Contract Tower,0,14,9,0,23,0,9,29,0,38,0,23,38,0,61,6,0,6,67
03/22/2004,MVY,MA,ANE,EN,Federal Contract Tower,0,8,4,0,12,0,30,24,0,54,0,38,28,0,66,6,0,6,72
03/23/2004,MVY,MA,ANE,EN,Federal Contract Tower,0,7,4,0,11,0,29,43,0,72,0,36,47,0,83,12,0,12,95
03/24/2004,MVY,MA,ANE,EN,Federal Contract Tower,0,8,5,0,13,0,33,60,9,102,0,41,65,9,115,0,0,0,115
03/25/2004,MVY,MA,ANE,EN,Federal Contract Tower,0,10,5,0,15,0,52,11,0,63,0,62,16,0,78,8,0,8,86
03/26/2004,MVY,MA,ANE,EN,Federal Contract Tower,0,19,11,0,30,0,31,19,8,58,0,50,30,8,88,0,0,0,88
03/27/2004,MVY,MA,ANE,EN,Federal Contract Tower,0,18,18,0,36,0,0,21,0,21,0,18,39,0,57,20,0,20,77
03/28/2004,MVY,MA,ANE,EN,Federal Contract Tower,0,18,11,0,29,0,2,17,2,21,0,20,28,2,50,0,0,0,50
03/29/2004,MVY,MA,ANE,EN,Federal Contract Tower,0,16,9,0,25,0,28,28,0,56,0,44,37,0,81,2,0,2,83
03/30/2004,MVY,MA,ANE,EN,Federal Contract Tower,0,14,8,0,22,0,19,10,0,29,0,33,18,0,51,2,0,2,53
03/31/2004,MVY,MA,ANE,EN,Federal Contract Tower,0,13,4,0,17,0,13,0,0,13,0,26,4,0,30,0,1,1,31
04/01/2004,MVY,MA,ANE,EN,Federal Contract Tower,0,14,3,0,17,0,10,0,0,10,0,24,3,0,27,0,0,0,27
04/02/2004,MVY,MA,ANE,EN,Federal Contract Tower,0,18,11,0,29,0,5,0,2,7,0,23,11,2,36,0,0,0,36
04/03/2004,MVY,MA,ANE,EN,Federal Contract Tower,0,10,3,0,13,0,6,0,0,6,0,16,3,0,19,0,0,0,19
04/04/2004,MVY,MA,ANE,EN,Federal Contract Tower,0,13,13,0,26,0,11,26,2,39,0,24,39,2,65,0,4,4,69
04/05/2004,MVY,MA,ANE,EN,Federal Contract Tower,0,9,8,0,17,0,21,10,0,31,0,30,18,0,48,2,0,2,50
04/06/2004,MVY,MA,ANE,EN,Federal Contract Tower,0,4,4,0,8,0,33,18,2,53,0,37,22,2,61,0,4,4,65
04/07/2004,MVY,MA,ANE,EN,Federal Contract Tower,0,11,9,1,21,0,27,46,1,74,0,38,55,2,95,4,0,4,99
04/08/2004,MVY,MA,ANE,EN,Federal Contract Tower,0,9,7,0,16,0,29,58,0,87,0,38,65,0,103,0,0,0,103
04/09/2004,MVY,MA,ANE,EN,Federal Contract Tower,0,12,10,1,23,0,45,76,3,124,0,57,86,4,147,8,0,8,155
04/10/2004,MVY,MA,ANE,EN,Federal Contract Tower,0,11,9,1,21,0,6,209,1,216,0,17,218,2,237,4,0,4,241
04/11/2004,MVY,MA,ANE,EN,Federal Contract Tower,0,18,16,0,34,0,7,18,0,25,0,25,34,0,59,0,0,0,59
04/12/2004,MVY,MA,ANE,EN,Federal Contract Tower,0,14,12,1,27,0,26,12,1,39,0,40,24,2,66,0,0,0,66
04/13/2004,MVY,MA,ANE,EN,Federal Contract Tower,0,16,4,0,20,0,11,0,0,11,0,27,4,0,31,0,0,0,31
04/14/2004,MVY,MA,ANE,EN,Federal Contract Tower,0,10,9,0,19,0,10,1,0,11,0,20,10,0,30,0,0,0,30
04/15/2004,MVY,MA,ANE,EN,Federal Contract Tower,0,11,7,1,19,0,29,0,0,29,0,40,7,1,48,2,0,2,50
04/16/2004,MVY,MA,ANE,EN,Federal Contract Tower,0,5,4,0,9,0,28,33,0,61,0,33,37,0,70,0,0,0,70
04/17/2004,MVY,MA,ANE,EN,Federal Contract Tower,0,9,7,0,16,0,5,92,0,97,0,14,99,0,113,24,0,24,137
04/18/2004,MVY,MA,ANE,EN,Federal Contract Tower,0,15,12,0,27,0,9,122,2,133,0,24,134,2,160,16,2,18,178
04/19/2004,MVY,MA,ANE,EN,Federal Contract Tower,0,11,9,0,20,0,21,23,0,44,0,32,32,0,64,14,0,14,78
04/20/2004,MVY,MA,ANE,EN,Federal Contract Tower,0,4,2,0,6,0,36,47,0,83,0,40,49,0,89,24,0,24,113
04/21/2004,MVY,MA,ANE,EN,Federal Contract Tower,0,4,2,0,6,0,31,34,0,65,0,35,36,0,71,0,0,0,71
04/22/2004,MVY,MA,ANE,EN,Federal Contract Tower,0,12,9,0,21,0,22,5,0,27,0,34,14,0,48,0,0,0,48
04/23/2004,MVY,MA,ANE,EN,Federal Contract Tower,0,19,16,0,35,0,11,14,0,25,0,30,30,0,60,0,0,0,60
04/24/2004,MVY,MA,ANE,EN,Federal Contract Tower,0,18,14,0,32,0,3,55,0,58,0,21,69,0,90,20,0,20,110
04/25/2004,MVY,MA,ANE,EN,Federal Contract Tower,0,9,7,0,16,0,9,27,0,36,0,18,34,0,52,2,0,2,54
04/26/2004,MVY,MA,ANE,EN,Federal Contract Tower,0,14,11,0,25,0,8,1,0,9,0,22,12,0,34,0,0,0,34
04/27/2004,MVY,MA,ANE,EN,Federal Contract Tower,0,11,9,0,20,0,24,19,0,43,0,35,28,0,63,4,0,4,67
04/28/2004,MVY,MA,ANE,EN,Federal Contract Tower,0,14,12,0,26,0,36,23,0,59,0,50,35,0,85,20,0,20,105
04/29/2004,MVY,MA,ANE,EN,Federal Contract Tower,0,8,6,0,14,0,31,44,0,75,0,39,50,0,89,0,0,0,89
04/30/2004,MVY,MA,ANE,EN,Federal Contract Tower,0,10,8,0,18,0,38,52,6,96,0,48,60,6,114,0,0,0,114
05/01/2004,MVY,MA,ANE,EN,Federal Contract Tower,0,5,4,0,9,0,22,66,0,88,0,27,70,0,97,10,0,10,107
05/02/2004,MVY,MA,ANE,EN,Federal Contract Tower,0,25,25,1,51,0,11,19,1,31,0,36,44,2,82,6,0,6,88
05/03/2004,MVY,MA,ANE,EN,Federal Contract Tower,0,8,9,0,17,0,18,2,0,20,0,26,11,0,37,0,0,0,37
05/04/2004,MVY,MA,ANE,EN,Federal Contract Tower,0,2,3,1,6,0,49,13,3,65,0,51,16,4,71,0,0,0,71
05/05/2004,MVY,MA,ANE,EN,Federal Contract Tower,0,7,9,1,17,0,51,49,9,109,0,58,58,10,126,0,0,0,126
05/06/2004,MVY,MA,ANE,EN,Federal Contract Tower,0,6,8,1,15,0,40,83,1,124,0,46,91,2,139,0,0,0,139
05/07/2004,MVY,MA,ANE,EN,Federal Contract Tower,0,7,6,0,13,0,43,70,0,113,0,50,76,0,126,2,0,2,128
05/08/2004,MVY,MA,ANE,EN,Federal Contract Tower,0,4,4,0,8,0,51,73,0,124,0,55,77,0,132,2,0,2,134
05/09/2004,MVY,MA,ANE,EN,Federal Contract Tower,0,22,20,0,42,0,10,28,0,38,0,32,48,0,80,0,0,0,80
05/10/2004,MVY,MA,ANE,EN,Federal Contract Tower,0,9,8,0,17,0,31,64,0,95,0,40,72,0,112,22,0,22,134
05/11/2004,MVY,MA,ANE,EN,Federal Contract Tower,0,5,4,0,9,0,37,42,0,79,0,42,46,0,88,0,0,0,88
05/12/2004,MVY,MA,ANE,EN,Federal Contract Tower,0,10,8,0,18,0,49,47,0,96,0,59,55,0,114,0,0,0,114
05/13/2004,MVY,MA,ANE,EN,Federal Contract Tower,0,28,24,0,52,0,38,28,0,66,0,66,52,0,118,10,0,10,128
05/14/2004,MVY,MA,ANE,EN,Federal Contract Tower,0,34,29,0,63,0,28,13,0,41,0,62,42,0,104,0,0,0,104
05/15/2004,MVY,MA,ANE,EN,Federal Contract Tower,0,23,19,0,42,0,13,67,0,80,0,36,86,0,122,6,0,6,128
05/16/2004,MVY,MA,ANE,EN,Federal Contract Tower,0,45,39,0,84,0,32,39,0,71,0,77,78,0,155,10,0,10,165
05/17/2004,MVY,MA,ANE,EN,Federal Contract Tower,0,44,39,0,83,0,33,22,0,55,0,77,61,0,138,0,0,0,138
05/18/2004,MVY,MA,ANE,EN,Federal Contract Tower,0,19,17,0,36,0,38,11,0,49,0,57,28,0,85,2,0,2,87
05/19/2004,MVY,MA,ANE,EN,Federal Contract Tower,0,28,25,0,53,0,40,38,0,78,0,68,63,0,131,4,0,4,135
05/20/2004,MVY,MA,ANE,EN,Federal Contract Tower,0,30,26,0,56,0,70,132,0,202,0,100,158,0,258,13,0,13,271
05/21/2004,MVY,MA,ANE,EN,Federal Contract Tower,0,53,47,0,100,0,35,49,2,86,0,88,96,2,186,12,0,12,198
05/22/2004,MVY,MA,ANE,EN,Federal Contract Tower,0,28,22,0,50,0,1,0,2,3,0,29,22,2,53,0,0,0,53
05/23/2004,MVY,MA,ANE,EN,Federal Contract Tower,0,43,38,0,81,0,15,43,0,58,0,58,81,0,139,0,0,0,139
05/24/2004,MVY,MA,ANE,EN,Federal Contract Tower,0,39,23,0,62,0,18,0,0,18,0,57,23,0,80,0,0,0,80
05/25/2004,MVY,MA,ANE,EN,Federal Contract Tower,0,46,34,0,80,0,9,0,2,11,0,55,34,2,91,2,0,2,93
05/26/2004,MVY,MA,ANE,EN,Federal Contract Tower,0,47,24,0,71,0,18,0,0,18,0,65,24,0,89,0,0,0,89
05/27/2004,MVY,MA,ANE,EN,Federal Contract Tower,0,43,37,0,80,0,49,43,0,92,0,92,80,0,172,0,0,0,172
05/28/2004,MVY,MA,ANE,EN,Federal Contract Tower,0,99,82,0,181,0,9,0,0,9,0,108,82,0,190,0,0,0,190
05/29/2004,MVY,MA,ANE,EN,Federal Contract Tower,0,33,28,0,61,0,67,302,0,369,0,100,330,0,430,2,0,2,432
05/30/2004,MVY,MA,ANE,EN,Federal Contract Tower,0,22,18,0,40,0,39,229,0,268,0,61,247,0,308,20,0,20,328
05/31/2004,MVY,MA,ANE,EN,Federal Contract Tower,0,57,51,0,108,0,65,215,0,280,0,122,266,0,388,0,0,0,388
06/01/2004,MVY,MA,ANE,EN,Federal Contract Tower,0,69,38,0,107,0,14,0,2,16,0,83,38,2,123,0,0,0,123
06/02/2004,MVY,MA,ANE,EN,Federal Contract Tower,0,41,29,0,70,0,12,1,0,13,0,53,30,0,83,6,0,6,89
06/03/2004,MVY,MA,ANE,EN,Federal Contract Tower,0,31,22,0,53,0,35,35,0,70,0,66,57,0,123,0,0,0,123
06/04/2004,MVY,MA,ANE,EN,Federal Contract Tower,0,22,16,0,38,0,57,180,0,237,0,79,196,0,275,14,0,14,289
06/05/2004,MVY,MA,ANE,EN,Federal Contract Tower,0,18,13,0,31,0,33,92,0,125,0,51,105,0,156,8,0,8,164
06/06/2004,MVY,MA,ANE,EN,Federal Contract Tower,0,78,57,0,135,0,0,2,0,2,0,78,59,0,137,0,0,0,137
06/07/2004,MVY,MA,ANE,EN,Federal Contract Tower,0,42,30,0,72,0,41,44,0,85,0,83,74,0,157,22,0,22,179
06/08/2004,MVY,MA,ANE,EN,Federal Contract Tower,0,28,21,0,49,0,50,63,0,113,0,78,84,0,162,6,0,6,168
06/09/2004,MVY,MA,ANE,EN,Federal Contract Tower,0,35,25,0,60,0,46,58,0,104,0,81,83,0,164,8,0,8,172
06/10/2004,MVY,MA,ANE,EN,Federal Contract Tower,0,38,28,0,66,0,82,40,0,122,0,120,68,0,188,4,0,4,192
06/11/2004,MVY,MA,ANE,EN,Federal Contract Tower,0,51,36,0,87,0,85,146,0,231,0,136,182,0,318,2,0,2,320
06/12/2004,MVY,MA,ANE,EN,Federal Contract Tower,0,16,12,0,28,0,61,147,0,208,0,77,159,0,236,0,0,0,236
06/13/2004,MVY,MA,ANE,EN,Federal Contract Tower,0,41,29,0,70,0,68,194,0,262,0,109,223,0,332,4,0,4,336
06/14/2004,MVY,MA,ANE,EN,Federal Contract Tower,0,63,45,0,108,0,50,12,0,62,0,113,57,0,170,0,0,0,170
06/15/2004,MVY,MA,ANE,EN,Federal Contract Tower,0,64,45,1,110,0,49,22,2,73,0,113,67,3,183,10,0,10,193
06/16/2004,MVY,MA,ANE,EN,Federal Contract Tower,0,36,25,0,61,0,69,104,0,173,0,105,129,0,234,2,0,2,236
06/17/2004,MVY,MA,ANE,EN,Federal Contract Tower,0,75,52,0,127,0,28,22,0,50,0,103,74,0,177,2,0,2,179
06/18/2004,MVY,MA,ANE,EN,Federal Contract Tower,0,107,73,0,180,0,1,0,0,1,0,108,73,0,181,0,0,0,181
06/19/2004,MVY,MA,ANE,EN,Federal Contract Tower,0,65,45,0,110,0,31,29,0,60,0,96,74,0,170,2,0,2,172
06/20/2004,MVY,MA,ANE,EN,Federal Contract Tower,0,36,25,0,61,0,64,208,0,272,0,100,233,0,333,8,0,8,341
06/21/2004,MVY,MA,ANE,EN,Federal Contract Tower,0,29,19,0,48,0,71,140,0,211,0,100,159,0,259,0,0,0,259
06/22/2004,MVY,MA,ANE,EN,Federal Contract Tower,0,47,32,0,79,0,49,22,0,71,0,96,54,0,150,0,0,0,150
06/23/2004,MVY,MA,ANE,EN,Federal Contract Tower,0,39,26,0,65,0,69,142,0,211,0,108,168,0,276,0,0,0,276
06/24/2004,MVY,MA,ANE,EN,Federal Contract Tower,0,53,36,0,89,0,67,144,0,211,0,120,180,0,300,4,0,4,304
06/25/2004,MVY,MA,ANE,EN,Federal Contract Tower,0,117,82,0,199,0,15,39,0,54,0,132,121,0,253,0,0,0,253
06/26/2004,MVY,MA,ANE,EN,Federal Contract Tower,0,86,60,0,146,0,19,44,0,63,0,105,104,0,209,0,0,0,209
06/27/2004,MVY,MA,ANE,EN,Federal Contract Tower,0,75,51,0,126,0,66,246,0,312,0,141,297,0,438,6,0,6,444
06/28/2004,MVY,MA,ANE,EN,Federal Contract Tower,0,45,31,0,76,0,55,91,2,148,0,100,122,2,224,22,0,22,246
06/29/2004,MVY,MA,ANE,EN,Federal Contract Tower,0,65,44,0,109,0,57,34,0,91,0,122,78,0,200,0,0,0,200
06/30/2004,MVY,MA,ANE,EN,Federal Contract Tower,0,48,32,0,80,0,115,133,0,248,0,163,165,0,328,8,0,8,336
07/01/2004,MVY,MA,ANE,EN,Federal Contract Tower,0,90,72,0,162,0,72,142,0,214,0,162,214,0,376,4,8,12,388
07/02/2004,MVY,MA,ANE,EN,Federal Contract Tower,0,129,113,0,242,0,0,13,1,14,0,129,126,1,256,0,0,0,256
07/03/2004,MVY,MA,ANE,EN,Federal Contract Tower,0,36,29,0,65,0,66,292,0,358,0,102,321,0,423,12,0,12,435
07/04/2004,MVY,MA,ANE,EN,Federal Contract Tower,0,36,30,0,66,0,25,159,0,184,0,61,189,0,250,0,0,0,250
07/05/2004,MVY,MA,ANE,EN,Federal Contract Tower,0,166,132,0,298,0,9,39,0,48,0,175,171,0,346,0,0,0,346
07/06/2004,MVY,MA,ANE,EN,Federal Contract Tower,0,87,70,0,157,0,71,84,0,155,0,158,154,0,312,6,0,6,318
07/07/2004,MVY,MA,ANE,EN,Federal Contract Tower,0,59,47,0,106,0,63,91,0,154,0,122,138,0,260,18,0,18,278
07/08/2004,MVY,MA,ANE,EN,Federal Contract Tower,0,116,72,0,188,0,21,0,0,21,0,137,72,0,209,6,0,6,215
07/09/2004,MVY,MA,ANE,EN,Federal Contract Tower,0,68,54,0,122,0,94,210,0,304,0,162,264,0,426,12,0,12,438
07/10/2004,MVY,MA,ANE,EN,Federal Contract Tower,0,34,28,0,62,0,76,244,0,320,0,110,272,0,382,0,0,0,382
07/11/2004,MVY,MA,ANE,EN,Federal Contract Tower,0,72,57,0,129,0,93,254,0,347,0,165,311,0,476,0,0,0,476
07/12/2004,MVY,MA,ANE,EN,Federal Contract Tower,0,69,55,0,124,0,85,96,0,181,0,154,151,0,305,0,0,0,305
07/13/2004,MVY,MA,ANE,EN,Federal Contract Tower,0,76,47,0,123,0,28,0,0,28,0,104,47,0,151,0,0,0,151
07/14/2004,MVY,MA,ANE,EN,Federal Contract Tower,0,114,87,1,202,0,4,0,0,4,0,118,87,1,206,0,0,0,206
07/15/2004,MVY,MA,ANE,EN,Federal Contract Tower,0,52,40,1,93,0,97,57,5,159,0,149,97,6,252,8,0,8,260
07/16/2004,MVY,MA,ANE,EN,Federal Contract Tower,0,87,69,1,157,0,88,177,1,266,0,175,246,2,423,4,0,4,427
07/17/2004,MVY,MA,ANE,EN,Federal Contract Tower,0,49,38,0,87,0,74,177,0,251,0,123,215,0,338,4,0,4,342
07/18/2004,MVY,MA,ANE,EN,Federal Contract Tower,0,147,114,0,261,0,20,35,0,55,0,167,149,0,316,0,0,0,316
07/19/2004,MVY,MA,ANE,EN,Federal Contract Tower,0,108,69,0,177,0,15,0,0,15,0,123,69,0,192,0,0,0,192
07/20/2004,MVY,MA,ANE,EN,Federal Contract Tower,0,74,58,0,132,0,36,43,0,79,0,110,101,0,211,2,0,2,213
07/21/2004,MVY,MA,ANE,EN,Federal Contract Tower,0,70,55,0,125,0,57,83,0,140,0,127,138,0,265,6,0,6,271
07/22/2004,MVY,MA,ANE,EN,Federal Contract Tower,0,147,115,0,262,0,0,44,0,44,0,147,159,0,306,8,0,8,314
07/23/2004,MVY,MA,ANE,EN,Federal Contract Tower,0,129,100,0,229,0,41,41,0,82,0,170,141,0,311,0,0,0,311
07/24/2004,MVY,MA,ANE,EN,Federal Contract Tower,0,133,104,0,237,0,0,0,0,0,0,133,104,0,237,0,0,0,237
07/25/2004,MVY,MA,ANE,EN,Federal Contract Tower,0,123,96,0,219,0,29,68,0,97,0,152,164,0,316,0,0,0,316
07/26/2004,MVY,MA,ANE,EN,Federal Contract Tower,0,74,58,0,132,0,89,125,2,216,0,163,183,2,348,6,0,6,354
07/27/2004,MVY,MA,ANE,EN,Federal Contract Tower,0,80,62,0,142,0,41,24,3,68,0,121,86,3,210,0,0,0,210
07/28/2004,MVY,MA,ANE,EN,Federal Contract Tower,0,86,38,0,124,0,32,0,0,32,0,118,38,0,156,0,0,0,156
07/29/2004,MVY,MA,ANE,EN,Federal Contract Tower,0,133,104,0,237,0,5,14,0,19,0,138,118,0,256,0,0,0,256
07/30/2004,MVY,MA,ANE,EN,Federal Contract Tower,0,153,119,0,272,0,33,118,0,151,0,186,237,0,423,2,0,2,425
07/31/2004,MVY,MA,ANE,EN,Federal Contract Tower,0,102,79,0,181,0,22,68,0,90,0,124,147,0,271,0,0,0,271
08/01/2004,MVY,MA,ANE,EN,Federal Contract Tower,0,157,113,0,270,0,0,8,0,8,0,157,121,0,278,0,0,0,278
08/02/2004,MVY,MA,ANE,EN,Federal Contract Tower,0,141,99,0,240,0,24,53,0,77,0,165,152,0,317,2,0,2,319
08/03/2004,MVY,MA,ANE,EN,Federal Contract Tower,0,128,90,0,218,0,10,19,0,29,0,138,109,0,247,0,0,0,247
08/04/2004,MVY,MA,ANE,EN,Federal Contract Tower,0,69,49,0,118,0,60,68,0,128,0,129,117,0,246,7,0,7,253
08/05/2004,MVY,MA,ANE,EN,Federal Contract Tower,0,120,85,0,205,0,45,28,0,73,0,165,113,0,278,0,0,0,278
08/06/2004,MVY,MA,ANE,EN,Federal Contract Tower,0,111,78,0,189,0,112,210,0,322,0,223,288,0,511,2,0,2,513
08/07/2004,MVY,MA,ANE,EN,Federal Contract Tower,0,47,33,0,80,0,90,248,0,338,0,137,281,0,418,0,0,0,418
08/08/2004,MVY,MA,ANE,EN,Federal Contract Tower,0,93,66,0,159,0,68,325,0,393,0,161,391,0,552,0,0,0,552
08/09/2004,MVY,MA,ANE,EN,Federal Contract Tower,0,54,39,0,93,0,97,217,0,314,0,151,256,0,407,0,0,0,407
08/10/2004,MVY,MA,ANE,EN,Federal Contract Tower,0,61,43,0,104,0,63,81,0,144,0,124,124,0,248,4,0,4,252
08/11/2004,MVY,MA,ANE,EN,Federal Contract Tower,0,68,49,0,117,0,78,47,0,125,0,146,96,0,242,0,0,0,242
08/12/2004,MVY,MA,ANE,EN,Federal Contract Tower,0,85,60,0,145,0,62,71,0,133,0,147,131,0,278,0,0,0,278
08/13/2004,MVY,MA,ANE,EN,Federal Contract Tower,0,137,79,0,216,0,21,0,0,21,0,158,79,0,237,0,0,0,237
08/14/2004,MVY,MA,ANE,EN,Federal Contract Tower,0,69,49,0,118,0,74,159,0,233,0,143,208,0,351,0,0,0,351
08/15/2004,MVY,MA,ANE,EN,Federal Contract Tower,0,126,88,0,214,0,18,4,0,22,0,144,92,0,236,2,0,2,238
08/16/2004,MVY,MA,ANE,EN,Federal Contract Tower,0,145,89,0,234,0,12,0,0,12,0,157,89,0,246,0,0,0,246
08/17/2004,MVY,MA,ANE,EN,Federal Contract Tower,0,108,76,0,184,0,25,82,0,107,0,133,158,0,291,2,0,2,293
08/18/2004,MVY,MA,ANE,EN,Federal Contract Tower,0,66,46,0,112,0,45,111,0,156,0,111,157,0,268,8,2,10,278
08/19/2004,MVY,MA,ANE,EN,Federal Contract Tower,0,150,98,0,248,0,23,0,0,23,0,173,98,0,271,6,0,6,277
08/20/2004,MVY,MA,ANE,EN,Federal Contract Tower,0,145,107,0,252,0,0,11,0,11,0,145,118,0,263,0,0,0,263
08/21/2004,MVY,MA,ANE,EN,Federal Contract Tower,0,107,70,0,177,0,3,0,0,3,0,110,70,0,180,0,0,0,180
08/22/2004,MVY,MA,ANE,EN,Federal Contract Tower,0,77,52,0,129,0,83,303,0,386,0,160,355,0,515,0,0,0,515
08/23/2004,MVY,MA,ANE,EN,Federal Contract Tower,0,51,34,0,85,0,101,155,0,256,0,152,189,0,341,0,0,0,341
08/24/2004,MVY,MA,ANE,EN,Federal Contract Tower,0,47,32,0,79,0,89,146,0,235,0,136,178,0,314,0,0,0,314
08/25/2004,MVY,MA,ANE,EN,Federal Contract Tower,0,45,31,0,76,0,78,146,0,224,0,123,177,0,300,0,0,0,300
08/26/2004,MVY,MA,ANE,EN,Federal Contract Tower,0,77,52,0,129,0,78,159,0,237,0,155,211,0,366,16,0,16,382
08/27/2004,MVY,MA,ANE,EN,Federal Contract Tower,0,88,61,0,149,0,77,120,2,199,0,165,181,2,348,8,0,8,356
08/28/2004,MVY,MA,ANE,EN,Federal Contract Tower,0,95,66,0,161,0,36,45,0,81,0,131,111,0,242,0,0,0,242
08/29/2004,MVY,MA,ANE,EN,Federal Contract Tower,0,146,105,0,251,0,0,66,0,66,0,146,171,0,317,0,0,0,317
08/30/2004,MVY,MA,ANE,EN,Federal Contract Tower,0,107,73,0,180,0,40,29,0,69,0,147,102,0,249,0,0,0,249
08/31/2004,MVY,MA,ANE,EN,Federal Contract Tower,0,64,43,0,107,0,34,7,0,41,0,98,50,0,148,0,0,0,148
09/01/2004,MVY,MA,ANE,EN,Federal Contract Tower,0,40,26,0,66,0,97,142,0,239,0,137,168,0,305,10,0,10,315
09/02/2004,MVY,MA,ANE,EN,Federal Contract Tower,0,64,40,0,104,0,94,172,0,266,0,158,212,0,370,0,0,0,370
09/03/2004,MVY,MA,ANE,EN,Federal Contract Tower,0,72,46,0,118,0,108,233,2,343,0,180,279,2,461,0,0,0,461
09/04/2004,MVY,MA,ANE,EN,Federal Contract Tower,0,16,10,0,26,0,108,197,0,305,0,124,207,0,331,12,0,12,343
09/05/2004,MVY,MA,ANE,EN,Federal Contract Tower,0,77,49,0,126,0,29,157,0,186,0,106,206,0,312,0,0,0,312
09/06/2004,MVY,MA,ANE,EN,Federal Contract Tower,0,76,48,0,124,0,70,237,0,307,0,146,285,0,431,0,0,0,431
09/07/2004,MVY,MA,ANE,EN,Federal Contract Tower,0,74,47,0,121,0,49,59,0,108,0,123,106,0,229,0,0,0,229
09/08/2004,MVY,MA,ANE,EN,Federal Contract Tower,0,43,27,0,70,0,55,24,0,79,0,98,51,0,149,0,0,0,149
09/09/2004,MVY,MA,ANE,EN,Federal Contract Tower,0,63,20,0,83,0,49,0,0,49,0,112,20,0,132,0,0,0,132
09/10/2004,MVY,MA,ANE,EN,Federal Contract Tower,0,48,31,0,79,0,92,77,0,169,0,140,108,0,248,0,0,0,248
09/11/2004,MVY,MA,ANE,EN,Federal Contract Tower,0,26,17,0,43,0,39,129,0,168,0,65,146,0,211,0,0,0,211
09/12/2004,MVY,MA,ANE,EN,Federal Contract Tower,0,37,24,0,61,0,43,157,0,200,0,80,181,0,261,0,0,0,261
09/13/2004,MVY,MA,ANE,EN,Federal Contract Tower,0,35,23,0,58,0,75,80,0,155,0,110,103,0,213,0,0,0,213
09/14/2004,MVY,MA,ANE,EN,Federal Contract Tower,0,31,19,0,50,0,62,91,0,153,0,93,110,0,203,11,0,11,214
09/15/2004,MVY,MA,ANE,EN,Federal Contract Tower,0,28,17,0,45,0,49,88,0,137,0,77,105,0,182,39,0,39,221
09/16/2004,MVY,MA,ANE,EN,Federal Contract Tower,0,107,58,0,165,0,10,0,0,10,0,117,58,0,175,0,0,0,175
09/17/2004,MVY,MA,ANE,EN,Federal Contract Tower,0,115,57,0,172,0,24,0,0,24,0,139,57,0,196,0,0,0,196
09/18/2004,MVY,MA,ANE,EN,Federal Contract Tower,0,35,19,0,54,0,2,0,0,2,0,37,19,0,56,0,0,0,56
09/19/2004,MVY,MA,ANE,EN,Federal Contract Tower,0,65,39,0,104,0,63,98,0,161,0,128,137,0,265,0,0,0,265
09/20/2004,MVY,MA,ANE,EN,Federal Contract Tower,0,21,12,0,33,0,57,71,0,128,0,78,83,0,161,0,0,0,161
09/21/2004,MVY,MA,ANE,EN,Federal Contract Tower,0,36,21,0,57,0,44,50,0,94,0,80,71,0,151,32,0,32,183
09/22/2004,MVY,MA,ANE,EN,Federal Contract Tower,0,27,16,0,43,0,72,109,0,181,0,99,125,0,224,20,0,20,244
09/23/2004,MVY,MA,ANE,EN,Federal Contract Tower,0,15,9,0,24,0,85,105,0,190,0,100,114,0,214,24,0,24,238
09/24/2004,MVY,MA,ANE,EN,Federal Contract Tower,0,55,33,0,88,0,49,108,0,157,0,104,141,0,245,10,2,12,257
09/25/2004,MVY,MA,ANE,EN,Federal Contract Tower,0,20,11,0,31,0,32,132,0,164,0,52,143,0,195,30,0,30,225
09/26/2004,MVY,MA,ANE,EN,Federal Contract Tower,0,41,25,0,66,0,59,187,0,246,0,100,212,0,312,0,0,0,312
09/27/2004,MVY,MA,ANE,EN,Federal Contract Tower,0,40,24,0,64,0,55,56,0,111,0,95,80,0,175,26,8,34,209
09/28/2004,MVY,MA,ANE,EN,Federal Contract Tower,0,73,29,0,102,0,15,0,0,15,0,88,29,0,117,0,0,0,117
09/29/2004,MVY,MA,ANE,EN,Federal Contract Tower,0,60,17,0,77,0,21,0,0,21,0,81,17,0,98,0,0,0,98
09/30/2004,MVY,MA,ANE,EN,Federal Contract Tower,0,22,13,0,35,0,66,62,0,128,0,88,75,0,163,6,0,6,169
10/01/2004,MVY,MA,ANE,EN,Federal Contract Tower,0,31,23,0,54,0,63,96,0,159,0,94,119,0,213,2,4,6,219
10/02/2004,MVY,MA,ANE,EN,Federal Contract Tower,0,38,46,0,84,0,16,24,0,40,0,54,70,0,124,0,0,0,124
10/03/2004,MVY,MA,ANE,EN,Federal Contract Tower,0,23,25,0,48,0,43,86,0,129,0,66,111,0,177,0,0,0,177
10/04/2004,MVY,MA,ANE,EN,Federal Contract Tower,0,29,7,0,36,0,48,49,4,101,0,77,56,4,137,12,0,12,149
10/05/2004,MVY,MA,ANE,EN,Federal Contract Tower,0,13,7,0,20,0,47,55,0,102,0,60,62,0,122,4,2,6,128
10/06/2004,MVY,MA,ANE,EN,Federal Contract Tower,0,18,5,0,23,0,33,89,0,122,0,51,94,0,145,16,0,16,161
10/07/2004,MVY,MA,ANE,EN,Federal Contract Tower,0,32,12,0,44,0,68,64,0,132,0,100,76,0,176,10,0,10,186
10/08/2004,MVY,MA,ANE,EN,Federal Contract Tower,0,46,28,0,74,0,79,151,0,230,0,125,179,0,304,14,0,14,318
10/09/2004,MVY,MA,ANE,EN,Federal Contract Tower,0,24,23,0,47,0,102,61,0,163,0,126,84,0,210,0,0,0,210
10/10/2004,MVY,MA,ANE,EN,Federal Contract Tower,0,34,38,0,72,0,19,48,0,67,0,53,86,0,139,0,0,0,139
10/11/2004,MVY,MA,ANE,EN,Federal Contract Tower,0,52,39,0,91,0,55,70,0,125,0,107,109,0,216,2,0,2,218
10/12/2004,MVY,MA,ANE,EN,Federal Contract Tower,0,16,8,0,24,0,51,23,2,76,0,67,31,2,100,14,0,14,114
10/13/2004,MVY,MA,ANE,EN,Federal Contract Tower,0,13,7,0,20,0,56,51,0,107,0,69,58,0,127,0,0,0,127
10/14/2004,MVY,MA,ANE,EN,Federal Contract Tower,0,40,22,0,62,0,26,14,0,40,0,66,36,0,102,0,0,0,102
10/15/2004,MVY,MA,ANE,EN,Federal Contract Tower,0,72,19,0,91,0,5,0,0,5,0,77,19,0,96,0,0,0,96
10/16/2004,MVY,MA,ANE,EN,Federal Contract Tower,0,22,15,0,37,0,30,56,0,86,0,52,71,0,123,6,0,6,129
10/17/2004,MVY,MA,ANE,EN,Federal Contract Tower,0,16,15,0,31,0,28,59,0,87,0,44,74,0,118,24,0,24,142
10/18/2004,MVY,MA,ANE,EN,Federal Contract Tower,0,6,4,0,10,0,53,55,0,108,0,59,59,0,118,0,0,0,118
10/19/2004,MVY,MA,ANE,EN,Federal Contract Tower,0,52,6,0,58,0,0,0,0,0,0,52,6,0,58,0,0,0,58
10/20/2004,MVY,MA,ANE,EN,Federal Contract Tower,0,15,9,0,24,0,41,11,0,52,0,56,20,0,76,0,0,0,76
10/21/2004,MVY,MA,ANE,EN,Federal Contract Tower,0,24,32,0,56,0,45,32,0,77,0,69,64,0,133,0,0,0,133
10/22/2004,MVY,MA,ANE,EN,Federal Contract Tower,0,32,28,0,60,0,34,16,0,50,0,66,44,0,110,0,0,0,110
10/23/2004,MVY,MA,ANE,EN,Federal Contract Tower,0,20,18,0,38,0,25,31,0,56,0,45,49,0,94,0,0,0,94
10/24/2004,MVY,MA,ANE,EN,Federal Contract Tower,0,38,29,1,68,0,3,7,0,10,0,41,36,1,78,0,0,0,78
10/25/2004,MVY,MA,ANE,EN,Federal Contract Tower,0,41,36,0,77,0,10,8,1,19,0,51,44,1,96,6,2,8,104
10/26/2004,MVY,MA,ANE,EN,Federal Contract Tower,0,16,12,0,28,0,26,41,0,67,0,42,53,0,95,26,0,26,121
10/27/2004,MVY,MA,ANE,EN,Federal Contract Tower,0,9,7,2,18,0,54,44,0,98,0,63,51,2,116,10,0,10,126
10/28/2004,MVY,MA,ANE,EN,Federal Contract Tower,0,14,11,0,25,0,48,46,0,94,0,62,57,0,119,12,0,12,131
10/29/2004,MVY,MA,ANE,EN,Federal Contract Tower,0,21,14,0,35,0,48,50,0,98,0,69,64,0,133,6,0,6,139
10/30/2004,MVY,MA,ANE,EN,Federal Contract Tower,0,38,13,0,51,0,9,2,0,11,0,47,15,0,62,0,0,0,62
10/31/2004,MVY,MA,ANE,EN,Federal Contract Tower,0,16,31,0,47,0,20,37,0,57,0,36,68,0,104,4,0,4,108
11/01/2004,MVY,MA,ANE,EN,Federal Contract Tower,0,2,4,0,6,0,28,42,0,70,0,30,46,0,76,2,0,2,78
11/02/2004,MVY,MA,ANE,EN,Federal Contract Tower,0,12,5,0,17,0,21,8,0,29,0,33,13,0,46,16,0,16,62
11/03/2004,MVY,MA,ANE,EN,Federal Contract Tower,0,5,2,0,7,0,26,15,0,41,0,31,17,0,48,0,0,0,48
11/04/2004,MVY,MA,ANE,EN,Federal Contract Tower,0,5,3,0,8,0,28,30,0,58,0,33,33,0,66,10,10,20,86
11/05/2004,MVY,MA,ANE,EN,Federal Contract Tower,0,5,2,0,7,0,23,12,0,35,0,28,14,0,42,0,4,4,46
11/06/2004,MVY,MA,ANE,EN,Federal Contract Tower,0,4,6,0,10,0,25,70,2,97,0,29,76,2,107,0,0,0,107
11/07/2004,MVY,MA,ANE,EN,Federal Contract Tower,0,10,9,0,19,0,18,109,0,127,0,28,118,0,146,20,0,20,166
11/08/2004,MVY,MA,ANE,EN,Federal Contract Tower,0,1,2,0,3,0,30,23,0,53,0,31,25,0,56,2,2,4,60
11/09/2004,MVY,MA,ANE,EN,Federal Contract Tower,0,8,4,0,12,0,30,21,0,51,0,38,25,0,63,8,0,8,71
11/10/2004,MVY,MA,ANE,EN,Federal Contract Tower,0,8,3,0,11,0,34,32,0,66,0,42,35,0,77,2,0,2,79
11/11/2004,MVY,MA,ANE,EN,Federal Contract Tower,0,8,15,0,23,0,30,38,0,68,0,38,53,0,91,4,0,4,95
11/12/2004,MVY,MA,ANE,EN,Federal Contract Tower,0,24,8,0,32,0,15,7,0,22,0,39,15,0,54,0,0,0,54
11/13/2004,MVY,MA,ANE,EN,Federal Contract Tower,0,31,10,0,41,0,5,0,0,5,0,36,10,0,46,0,0,0,46
11/14/2004,MVY,MA,ANE,EN,Federal Contract Tower,0,3,8,0,11,0,23,97,0,120,0,26,105,0,131,20,0,20,151
11/15/2004,MVY,MA,ANE,EN,Federal Contract Tower,0,8,5,0,13,0,33,37,0,70,0,41,42,0,83,2,0,2,85
11/16/2004,MVY,MA,ANE,EN,Federal Contract Tower,0,3,4,2,9,0,27,24,0,51,0,30,28,2,60,4,4,8,68
11/17/2004,MVY,MA,ANE,EN,Federal Contract Tower,0,3,3,0,6,0,35,36,0,71,0,38,39,0,77,10,0,10,87
11/18/2004,MVY,MA,ANE,EN,Federal Contract Tower,0,9,4,0,13,0,35,36,6,77,0,44,40,6,90,8,0,8,98
11/19/2004,MVY,MA,ANE,EN,Federal Contract Tower,0,2,3,0,5,0,42,56,0,98,0,44,59,0,103,12,0,12,115
11/20/2004,MVY,MA,ANE,EN,Federal Contract Tower,0,5,14,4,23,0,57,79,4,140,0,62,93,8,163,0,0,0,163
11/21/2004,MVY,MA,ANE,EN,Federal Contract Tower,0,23,13,0,36,0,11,8,1,20,0,34,21,1,56,0,0,0,56
11/22/2004,MVY,MA,ANE,EN,Federal Contract Tower,0,13,6,0,19,0,28,29,0,57,0,41,35,0,76,8,0,8,84
11/23/2004,MVY,MA,ANE,EN,Federal Contract Tower,0,8,6,0,14,0,33,52,0,85,0,41,58,0,99,0,2,2,101
11/24/2004,MVY,MA,ANE,EN,Federal Contract Tower,0,55,39,2,96,0,15,5,0,20,0,70,44,2,116,2,0,2,118
11/25/2004,MVY,MA,ANE,EN,Federal Contract Tower,0,23,11,0,34,0,0,0,0,0,0,23,11,0,34,0,0,0,34
11/26/2004,MVY,MA,ANE,EN,Federal Contract Tower,0,11,12,0,23,0,37,93,0,130,0,48,105,0,153,16,0,16,169
11/27/2004,MVY,MA,ANE,EN,Federal Contract Tower,0,10,23,0,33,0,27,118,0,145,0,37,141,0,178,2,0,2,180
11/28/2004,MVY,MA,ANE,EN,Federal Contract Tower,0,39,22,0,61,0,2,2,0,4,0,41,24,0,65,0,0,0,65
11/29/2004,MVY,MA,ANE,EN,Federal Contract Tower,0,3,2,0,5,0,57,44,0,101,0,60,46,0,106,0,0,0,106
11/30/2004,MVY,MA,ANE,EN,Federal Contract Tower,0,1,0,0,1,0,39,36,0,75,0,40,36,0,76,6,2,8,84
12/01/2004,MVY,MA,ANE,EN,Federal Contract Tower,0,11,0,0,11,0,14,0,0,14,0,25,0,0,25,0,0,0,25
12/02/2004,MVY,MA,ANE,EN,Federal Contract Tower,0,4,0,0,4,0,33,33,1,67,0,37,33,1,71,12,2,14,85
12/03/2004,MVY,MA,ANE,EN,Federal Contract Tower,0,10,8,0,18,0,27,26,0,53,0,37,34,0,71,2,4,6,77
12/04/2004,MVY,MA,ANE,EN,Federal Contract Tower,0,0,11,0,11,0,24,77,0,101,0,24,88,0,112,8,0,8,120
12/05/2004,MVY,MA,ANE,EN,Federal Contract Tower,0,3,5,0,8,0,14,112,0,126,0,17,117,0,134,10,0,10,144
12/06/2004,MVY,MA,ANE,EN,Federal Contract Tower,0,4,1,0,5,0,29,22,0,51,0,33,23,0,56,8,0,8,64
12/07/2004,MVY,MA,ANE,EN,Federal Contract Tower,0,27,0,0,27,0,0,0,0,0,0,27,0,0,27,0,0,0,27
12/08/2004,MVY,MA,ANE,EN,Federal Contract Tower,0,11,6,0,17,0,14,19,1,34,0,25,25,1,51,0,0,0,51
12/09/2004,MVY,MA,ANE,EN,Federal Contract Tower,0,1,7,0,8,0,23,61,0,84,0,24,68,0,92,0,0,0,92
12/10/2004,MVY,MA,ANE,EN,Federal Contract Tower,0,20,8,0,28,0,2,0,0,2,0,22,8,0,30,2,0,2,32
12/11/2004,MVY,MA,ANE,EN,Federal Contract Tower,0,10,8,0,18,0,2,1,0,3,0,12,9,0,21,0,0,0,21
12/12/2004,MVY,MA,ANE,EN,Federal Contract Tower,0,4,11,0,15,0,6,56,0,62,0,10,67,0,77,20,0,20,97
12/13/2004,MVY,MA,ANE,EN,Federal Contract Tower,0,9,3,0,12,0,15,14,0,29,0,24,17,0,41,4,0,4,45
12/14/2004,MVY,MA,ANE,EN,Federal Contract Tower,0,10,6,0,16,0,36,26,0,62,0,46,32,0,78,0,0,0,78
12/15/2004,MVY,MA,ANE,EN,Federal Contract Tower,0,4,7,0,11,0,24,28,0,52,0,28,35,0,63,0,0,0,63
12/16/2004,MVY,MA,ANE,EN,Federal Contract Tower,0,6,6,0,12,0,25,40,0,65,0,31,46,0,77,0,0,0,77
12/17/2004,MVY,MA,ANE,EN,Federal Contract Tower,0,5,6,0,11,0,26,19,2,47,0,31,25,2,58,18,2,20,78
12/18/2004,MVY,MA,ANE,EN,Federal Contract Tower,0,6,15,0,21,0,15,93,1,109,0,21,108,1,130,4,0,4,134
12/19/2004,MVY,MA,ANE,EN,Federal Contract Tower,0,7,10,0,17,0,9,5,0,14,0,16,15,0,31,0,0,0,31
12/20/2004,MVY,MA,ANE,EN,Federal Contract Tower,0,17,2,0,19,0,1,0,0,1,0,18,2,0,20,0,0,0,20
12/21/2004,MVY,MA,ANE,EN,Federal Contract Tower,0,5,2,0,7,0,20,37,0,57,0,25,39,0,64,6,0,6,70
12/22/2004,MVY,MA,ANE,EN,Federal Contract Tower,0,3,3,0,6,0,28,52,0,80,0,31,55,0,86,8,0,8,94
12/23/2004,MVY,MA,ANE,EN,Federal Contract Tower,0,13,5,0,18,0,13,3,0,16,0,26,8,0,34,0,0,0,34
12/24/2004,MVY,MA,ANE,EN,Federal Contract Tower,0,7,4,0,11,0,28,32,0,60,0,35,36,0,71,0,0,0,71
12/25/2004,MVY,MA,ANE,EN,Federal Contract Tower,0,0,0,0,0,0,4,21,0,25,0,4,21,0,25,2,0,2,27
12/26/2004,MVY,MA,ANE,EN,Federal Contract Tower,0,8,8,0,16,0,1,5,0,6,0,9,13,0,22,4,0,4,26
12/27/2004,MVY,MA,ANE,EN,Federal Contract Tower,0,0,0,0,0,0,0,0,0,0,0,0,0,0,0,0,0,0,0
12/28/2004,MVY,MA,ANE,EN,Federal Contract Tower,0,10,2,0,12,0,30,39,0,69,0,40,41,0,81,16,0,16,97
12/29/2004,MVY,MA,ANE,EN,Federal Contract Tower,0,2,2,0,4,0,32,33,1,66,0,34,35,1,70,28,0,28,98
12/30/2004,MVY,MA,ANE,EN,Federal Contract Tower,0,3,6,0,9,0,35,43,0,78,0,38,49,0,87,34,0,34,121
12/31/2004,MVY,MA,ANE,EN,Federal Contract Tower,0,8,10,0,18,0,21,18,0,39,0,29,28,0,57,0,0,0,57
01/01/2005,MVY,MA,ANE,EN,Federal Contract Tower,0,2,8,0,10,0,12,60,0,72,0,14,68,0,82,4,0,4,86
01/02/2005,MVY,MA,ANE,EN,Federal Contract Tower,0,6,11,0,17,0,10,69,0,79,0,16,80,0,96,12,0,12,108
01/03/2005,MVY,MA,ANE,EN,Federal Contract Tower,0,10,9,0,19,0,22,10,0,32,0,32,19,0,51,4,0,4,55
01/04/2005,MVY,MA,ANE,EN,Federal Contract Tower,0,23,13,0,36,0,4,8,0,12,0,27,21,0,48,4,0,4,52
01/05/2005,MVY,MA,ANE,EN,Federal Contract Tower,0,12,6,1,19,0,8,0,0,8,0,20,6,1,27,0,4,4,31
01/06/2005,MVY,MA,ANE,EN,Federal Contract Tower,0,14,0,0,14,0,0,0,0,0,0,14,0,0,14,0,0,0,14
01/07/2005,MVY,MA,ANE,EN,Federal Contract Tower,0,2,0,0,2,0,26,25,3,54,0,28,25,3,56,20,6,26,82
01/08/2005,MVY,MA,ANE,EN,Federal Contract Tower,0,5,0,0,5,0,6,1,0,7,0,11,1,0,12,0,0,0,12
01/09/2005,MVY,MA,ANE,EN,Federal Contract Tower,0,14,8,0,22,0,9,46,0,55,0,23,54,0,77,2,0,2,79
01/10/2005,MVY,MA,ANE,EN,Federal Contract Tower,0,10,5,0,15,0,12,0,0,12,0,22,5,0,27,4,0,4,31
01/11/2005,MVY,MA,ANE,EN,Federal Contract Tower,0,3,2,0,5,0,27,24,2,53,0,30,26,2,58,22,0,22,80
01/12/2005,MVY,MA,ANE,EN,Federal Contract Tower,0,20,0,0,20,0,0,0,0,0,0,20,0,0,20,0,0,0,20
01/13/2005,MVY,MA,ANE,EN,Federal Contract Tower,0,0,3,0,3,0,0,0,0,0,0,0,3,0,3,0,0,0,3
01/14/2005,MVY,MA,ANE,EN,Federal Contract Tower,0,24,1,0,25,0,3,0,0,3,0,27,1,0,28,0,0,0,28
01/15/2005,MVY,MA,ANE,EN,Federal Contract Tower,0,5,5,0,10,0,8,103,0,111,0,13,108,0,121,6,0,6,127
01/16/2005,MVY,MA,ANE,EN,Federal Contract Tower,0,5,4,0,9,0,9,35,0,44,0,14,39,0,53,6,0,6,59
01/17/2005,MVY,MA,ANE,EN,Federal Contract Tower,0,7,7,0,14,0,6,11,0,17,0,13,18,0,31,0,0,0,31
01/18/2005,MVY,MA,ANE,EN,Federal Contract Tower,0,4,2,0,6,0,24,16,0,40,0,28,18,0,46,2,0,2,48
01/19/2005,MVY,MA,ANE,EN,Federal Contract Tower,0,20,8,0,28,0,21,3,0,24,0,41,11,0,52,0,0,0,52
01/20/2005,MVY,MA,ANE,EN,Federal Contract Tower,0,10,6,0,16,0,20,14,0,34,0,30,20,0,50,0,0,0,50
01/21/2005,MVY,MA,ANE,EN,Federal Contract Tower,0,11,5,0,16,0,13,13,0,26,0,24,18,0,42,6,0,6,48
01/22/2005,MVY,MA,ANE,EN,Federal Contract Tower,0,6,7,0,13,0,3,14,0,17,0,9,21,0,30,2,0,2,32
01/23/2005,MVY,MA,ANE,EN,Federal Contract Tower,0,0,0,0,0,0,0,0,0,0,0,0,0,0,0,0,0,0,0
01/24/2005,MVY,MA,ANE,EN,Federal Contract Tower,0,0,0,0,0,0,0,0,0,0,0,0,0,0,0,0,0,0,0
01/25/2005,MVY,MA,ANE,EN,Federal Contract Tower,0,1,0,0,1,0,5,3,0,8,0,6,3,0,9,0,0,0,9
01/26/2005,MVY,MA,ANE,EN,Federal Contract Tower,0,1,2,0,3,0,0,0,0,0,0,1,2,0,3,0,0,0,3
01/27/2005,MVY,MA,ANE,EN,Federal Contract Tower,0,5,3,0,8,0,0,0,0,0,0,5,3,0,8,0,0,0,8
01/28/2005,MVY,MA,ANE,EN,Federal Contract Tower,0,12,6,0,18,0,18,15,2,35,0,30,21,2,53,4,0,4,57
01/29/2005,MVY,MA,ANE,EN,Federal Contract Tower,0,2,12,0,14,0,13,87,0,100,0,15,99,0,114,4,0,4,118
01/30/2005,MVY,MA,ANE,EN,Federal Contract Tower,0,6,8,0,14,0,6,34,0,40,0,12,42,0,54,0,0,0,54
01/31/2005,MVY,MA,ANE,EN,Federal Contract Tower,0,14,3,0,17,0,15,12,0,27,0,29,15,0,44,2,0,2,46
02/01/2005,MVY,MA,ANE,EN,Federal Contract Tower,0,8,0,0,8,0,23,41,0,64,0,31,41,0,72,12,0,12,84
02/02/2005,MVY,MA,ANE,EN,Federal Contract Tower,0,8,6,0,14,0,30,56,0,86,0,38,62,0,100,14,0,14,114
02/03/2005,MVY,MA,ANE,EN,Federal Contract Tower,0,28,4,0,32,0,2,0,0,2,0,30,4,0,34,0,0,0,34
02/04/2005,MVY,MA,ANE,EN,Federal Contract Tower,0,29,9,0,38,0,0,1,0,1,0,29,10,0,39,0,0,0,39
02/05/2005,MVY,MA,ANE,EN,Federal Contract Tower,0,3,4,0,7,0,12,90,2,104,0,15,94,2,111,6,0,6,117
02/06/2005,MVY,MA,ANE,EN,Federal Contract Tower,0,0,7,1,8,0,5,137,0,142,0,5,144,1,150,0,0,0,150
02/07/2005,MVY,MA,ANE,EN,Federal Contract Tower,0,5,5,0,10,0,10,62,0,72,0,15,67,0,82,8,0,8,90
02/08/2005,MVY,MA,ANE,EN,Federal Contract Tower,0,5,7,0,12,0,18,77,0,95,0,23,84,0,107,0,0,0,107
02/09/2005,MVY,MA,ANE,EN,Federal Contract Tower,0,4,5,0,9,0,20,36,5,61,0,24,41,5,70,2,0,2,72
02/10/2005,MVY,MA,ANE,EN,Federal Contract Tower,0,22,0,0,22,0,0,0,0,0,0,22,0,0,22,12,0,12,34
02/11/2005,MVY,MA,ANE,EN,Federal Contract Tower,0,5,0,0,5,0,25,18,0,43,0,30,18,0,48,8,0,8,56
02/12/2005,MVY,MA,ANE,EN,Federal Contract Tower,0,2,9,0,11,0,13,39,0,52,0,15,48,0,63,22,0,22,85
02/13/2005,MVY,MA,ANE,EN,Federal Contract Tower,0,9,11,0,20,0,7,74,0,81,0,16,85,0,101,2,0,2,103
02/14/2005,MVY,MA,ANE,EN,Federal Contract Tower,0,9,5,0,14,0,22,21,0,43,0,31,26,0,57,10,2,12,69
02/15/2005,MVY,MA,ANE,EN,Federal Contract Tower,0,15,2,0,17,0,10,11,0,21,0,25,13,0,38,6,0,6,44
02/16/2005,MVY,MA,ANE,EN,Federal Contract Tower,0,17,3,0,20,0,27,11,0,38,0,44,14,0,58,0,0,0,58
02/17/2005,MVY,MA,ANE,EN,Federal Contract Tower,0,5,3,0,8,0,18,31,0,49,0,23,34,0,57,16,0,16,73
02/18/2005,MVY,MA,ANE,EN,Federal Contract Tower,0,9,4,0,13,0,21,13,2,36,0,30,17,2,49,8,2,10,59
02/19/2005,MVY,MA,ANE,EN,Federal Contract Tower,0,1,10,0,11,0,16,73,0,89,0,17,83,0,100,14,0,14,114
02/20/2005,MVY,MA,ANE,EN,Federal Contract Tower,0,4,12,0,16,0,12,61,0,73,0,16,73,0,89,12,0,12,101
02/21/2005,MVY,MA,ANE,EN,Federal Contract Tower,0,6,0,0,6,0,0,0,0,0,0,6,0,0,6,0,0,0,6
02/22/2005,MVY,MA,ANE,EN,Federal Contract Tower,0,20,7,0,27,0,0,0,0,0,0,20,7,0,27,0,0,0,27
02/23/2005,MVY,MA,ANE,EN,Federal Contract Tower,0,8,8,0,16,0,23,32,0,55,0,31,40,0,71,3,0,3,74
02/24/2005,MVY,MA,ANE,EN,Federal Contract Tower,0,3,3,0,6,0,21,23,0,44,0,24,26,0,50,2,0,2,52
02/25/2005,MVY,MA,ANE,EN,Federal Contract Tower,0,6,0,0,6,0,1,4,0,5,0,7,4,0,11,0,0,0,11
02/26/2005,MVY,MA,ANE,EN,Federal Contract Tower,0,2,2,0,4,0,12,62,0,74,0,14,64,0,78,20,0,20,98
02/27/2005,MVY,MA,ANE,EN,Federal Contract Tower,0,10,2,0,12,0,1,78,0,79,0,11,80,0,91,20,2,22,113
02/28/2005,MVY,MA,ANE,EN,Federal Contract Tower,0,9,0,0,9,0,18,15,0,33,0,27,15,0,42,2,4,6,48
03/01/2005,MVY,MA,ANE,EN,Federal Contract Tower,0,5,1,0,6,0,2,0,0,2,0,7,1,0,8,8,0,8,16
03/02/2005,MVY,MA,ANE,EN,Federal Contract Tower,0,3,3,0,6,0,27,21,3,51,0,30,24,3,57,10,4,14,71
03/03/2005,MVY,MA,ANE,EN,Federal Contract Tower,0,3,4,0,7,0,27,35,1,63,0,30,39,1,70,12,0,12,82
03/04/2005,MVY,MA,ANE,EN,Federal Contract Tower,0,3,6,0,9,0,28,48,0,76,0,31,54,0,85,0,2,2,87
03/05/2005,MVY,MA,ANE,EN,Federal Contract Tower,0,5,4,0,9,0,8,134,0,142,0,13,138,0,151,8,0,8,159
03/06/2005,MVY,MA,ANE,EN,Federal Contract Tower,0,4,12,0,16,0,5,73,0,78,0,9,85,0,94,10,0,10,104
03/07/2005,MVY,MA,ANE,EN,Federal Contract Tower,0,5,1,0,6,0,22,27,0,49,0,27,28,0,55,16,0,16,71
03/08/2005,MVY,MA,ANE,EN,Federal Contract Tower,0,12,9,0,21,0,4,0,0,4,0,16,9,0,25,10,0,10,35
03/09/2005,MVY,MA,ANE,EN,Federal Contract Tower,0,5,2,0,7,0,28,3,0,31,0,33,5,0,38,4,0,4,42
03/10/2005,MVY,MA,ANE,EN,Federal Contract Tower,0,11,5,0,16,0,28,21,0,49,0,39,26,0,65,2,0,2,67
03/11/2005,MVY,MA,ANE,EN,Federal Contract Tower,0,9,9,0,18,0,10,2,0,12,0,19,11,0,30,0,0,0,30
03/12/2005,MVY,MA,ANE,EN,Federal Contract Tower,0,15,0,0,15,0,0,0,0,0,0,15,0,0,15,0,0,0,15
03/13/2005,MVY,MA,ANE,EN,Federal Contract Tower,0,8,14,0,22,0,1,32,2,35,0,9,46,2,57,0,12,12,69
03/14/2005,MVY,MA,ANE,EN,Federal Contract Tower,0,5,3,0,8,0,18,29,0,47,0,23,32,0,55,50,0,50,105
03/15/2005,MVY,MA,ANE,EN,Federal Contract Tower,0,6,5,0,11,0,22,33,0,55,0,28,38,0,66,8,0,8,74
03/16/2005,MVY,MA,ANE,EN,Federal Contract Tower,0,5,4,0,9,0,23,38,0,61,0,28,42,0,70,18,2,20,90
03/17/2005,MVY,MA,ANE,EN,Federal Contract Tower,0,6,3,0,9,0,48,64,0,112,0,54,67,0,121,36,0,36,157
03/18/2005,MVY,MA,ANE,EN,Federal Contract Tower,0,7,7,0,14,0,27,49,0,76,0,34,56,0,90,14,0,14,104
03/19/2005,MVY,MA,ANE,EN,Federal Contract Tower,0,10,0,0,10,0,36,86,2,124,0,46,86,2,134,30,0,30,164
03/20/2005,MVY,MA,ANE,EN,Federal Contract Tower,0,4,2,0,6,0,43,38,0,81,0,47,40,0,87,0,0,0,87
03/21/2005,MVY,MA,ANE,EN,Federal Contract Tower,0,22,5,0,27,0,4,0,0,4,0,26,5,0,31,4,0,4,35
03/22/2005,MVY,MA,ANE,EN,Federal Contract Tower,0,3,4,2,9,0,22,63,0,85,0,25,67,2,94,16,2,18,112
03/23/2005,MVY,MA,ANE,EN,Federal Contract Tower,0,4,9,0,13,0,31,19,2,52,0,35,28,2,65,0,0,0,65
03/24/2005,MVY,MA,ANE,EN,Federal Contract Tower,0,16,6,0,22,0,7,1,0,8,0,23,7,0,30,0,0,0,30
03/25/2005,MVY,MA,ANE,EN,Federal Contract Tower,0,4,8,0,12,0,23,60,4,87,0,27,68,4,99,6,2,8,107
03/26/2005,MVY,MA,ANE,EN,Federal Contract Tower,0,6,9,0,15,0,13,126,0,139,0,19,135,0,154,4,0,4,158
03/27/2005,MVY,MA,ANE,EN,Federal Contract Tower,0,2,6,0,8,0,5,102,0,107,0,7,108,0,115,8,0,8,123
03/28/2005,MVY,MA,ANE,EN,Federal Contract Tower,0,27,3,0,30,0,0,0,0,0,0,27,3,0,30,4,0,4,34
03/29/2005,MVY,MA,ANE,EN,Federal Contract Tower,0,27,12,0,39,0,0,0,0,0,0,27,12,0,39,8,0,8,47
03/30/2005,MVY,MA,ANE,EN,Federal Contract Tower,0,12,10,0,22,0,28,44,0,72,0,40,54,0,94,2,2,4,98
03/31/2005,MVY,MA,ANE,EN,Federal Contract Tower,0,8,8,0,16,0,34,63,2,99,0,42,71,2,115,28,4,32,147
04/01/2005,MVY,MA,ANE,EN,Federal Contract Tower,0,3,9,0,12,0,29,22,0,51,0,32,31,0,63,0,0,0,63
04/02/2005,MVY,MA,ANE,EN,Federal Contract Tower,0,7,3,0,10,0,0,0,0,0,0,7,3,0,10,0,0,0,10
04/03/2005,MVY,MA,ANE,EN,Federal Contract Tower,0,10,17,0,27,0,5,4,0,9,0,15,21,0,36,2,0,2,38
04/04/2005,MVY,MA,ANE,EN,Federal Contract Tower,0,10,5,0,15,0,19,22,0,41,0,29,27,0,56,10,0,10,66
04/05/2005,MVY,MA,ANE,EN,Federal Contract Tower,0,4,5,0,9,0,27,53,0,80,0,31,58,0,89,14,0,14,103
04/06/2005,MVY,MA,ANE,EN,Federal Contract Tower,0,1,9,0,10,0,18,66,0,84,0,19,75,0,94,6,0,6,100
04/07/2005,MVY,MA,ANE,EN,Federal Contract Tower,0,5,3,2,10,0,37,43,5,85,0,42,46,7,95,0,0,0,95
04/08/2005,MVY,MA,ANE,EN,Federal Contract Tower,0,18,19,0,37,0,13,11,0,24,0,31,30,0,61,4,0,4,65
04/09/2005,MVY,MA,ANE,EN,Federal Contract Tower,0,7,13,0,20,0,9,96,0,105,0,16,109,0,125,12,0,12,137
04/10/2005,MVY,MA,ANE,EN,Federal Contract Tower,0,11,14,0,25,0,5,128,0,133,0,16,142,0,158,8,0,8,166
04/11/2005,MVY,MA,ANE,EN,Federal Contract Tower,0,3,6,0,9,0,24,43,2,69,0,27,49,2,78,0,0,0,78
04/12/2005,MVY,MA,ANE,EN,Federal Contract Tower,0,6,1,0,7,0,26,22,0,48,0,32,23,0,55,2,2,4,59
04/13/2005,MVY,MA,ANE,EN,Federal Contract Tower,0,2,5,0,7,0,25,31,0,56,0,27,36,0,63,18,0,18,81
04/14/2005,MVY,MA,ANE,EN,Federal Contract Tower,0,9,1,0,10,0,22,47,1,70,0,31,48,1,80,0,0,0,80
04/15/2005,MVY,MA,ANE,EN,Federal Contract Tower,0,4,7,0,11,0,32,52,0,84,0,36,59,0,95,0,0,0,95
04/16/2005,MVY,MA,ANE,EN,Federal Contract Tower,0,4,9,2,15,0,32,107,0,139,0,36,116,2,154,0,0,0,154
04/17/2005,MVY,MA,ANE,EN,Federal Contract Tower,0,4,12,0,16,0,23,115,0,138,0,27,127,0,154,8,0,8,162
04/18/2005,MVY,MA,ANE,EN,Federal Contract Tower,0,5,5,0,10,0,30,41,0,71,0,35,46,0,81,2,0,2,83
04/19/2005,MVY,MA,ANE,EN,Federal Contract Tower,0,4,11,0,15,0,32,46,0,78,0,36,57,0,93,24,0,24,117
04/20/2005,MVY,MA,ANE,EN,Federal Contract Tower,0,5,4,0,9,0,35,62,0,97,0,40,66,0,106,2,0,2,108
04/21/2005,MVY,MA,ANE,EN,Federal Contract Tower,0,11,8,0,19,0,18,37,0,55,0,29,45,0,74,4,0,4,78
04/22/2005,MVY,MA,ANE,EN,Federal Contract Tower,0,8,7,0,15,0,26,61,0,87,0,34,68,0,102,28,0,28,130
04/23/2005,MVY,MA,ANE,EN,Federal Contract Tower,0,11,0,0,11,0,0,6,0,6,0,11,6,0,17,0,0,0,17
04/24/2005,MVY,MA,ANE,EN,Federal Contract Tower,0,11,8,0,19,0,5,4,0,9,0,16,12,0,28,0,0,0,28
04/25/2005,MVY,MA,ANE,EN,Federal Contract Tower,0,7,12,0,19,0,28,27,0,55,0,35,39,0,74,8,0,8,82
04/26/2005,MVY,MA,ANE,EN,Federal Contract Tower,0,5,5,0,10,0,34,40,2,76,0,39,45,2,86,14,0,14,100
04/27/2005,MVY,MA,ANE,EN,Federal Contract Tower,0,31,2,0,33,0,0,0,0,0,0,31,2,0,33,0,0,0,33
04/28/2005,MVY,MA,ANE,EN,Federal Contract Tower,0,30,6,0,36,0,9,11,3,23,0,39,17,3,59,4,0,4,63
04/29/2005,MVY,MA,ANE,EN,Federal Contract Tower,0,13,8,0,21,0,30,43,2,75,0,43,51,2,96,14,0,14,110
04/30/2005,MVY,MA,ANE,EN,Federal Contract Tower,0,11,7,4,22,0,0,0,0,0,0,11,7,4,22,0,0,0,22
05/01/2005,MVY,MA,ANE,EN,Federal Contract Tower,0,19,35,0,54,0,0,0,0,0,0,19,35,0,54,10,0,10,64
05/02/2005,MVY,MA,ANE,EN,Federal Contract Tower,0,7,8,0,15,0,34,25,0,59,0,41,33,0,74,6,0,6,80
05/03/2005,MVY,MA,ANE,EN,Federal Contract Tower,0,8,6,0,14,0,32,62,2,96,0,40,68,2,110,36,2,38,148
05/04/2005,MVY,MA,ANE,EN,Federal Contract Tower,0,6,6,0,12,0,36,47,5,88,0,42,53,5,100,22,0,22,122
05/05/2005,MVY,MA,ANE,EN,Federal Contract Tower,0,5,10,0,15,0,32,69,0,101,0,37,79,0,116,22,0,22,138
05/06/2005,MVY,MA,ANE,EN,Federal Contract Tower,0,15,16,0,31,0,40,44,3,87,0,55,60,3,118,24,0,24,142
05/07/2005,MVY,MA,ANE,EN,Federal Contract Tower,0,8,0,0,8,0,0,0,0,0,0,8,0,0,8,0,0,0,8
05/08/2005,MVY,MA,ANE,EN,Federal Contract Tower,0,3,8,0,11,0,0,0,0,0,0,3,8,0,11,0,0,0,11
05/09/2005,MVY,MA,ANE,EN,Federal Contract Tower,0,34,31,0,65,0,0,0,0,0,0,34,31,0,65,2,0,2,67
05/10/2005,MVY,MA,ANE,EN,Federal Contract Tower,0,15,19,0,34,0,38,42,8,88,0,53,61,8,122,26,2,28,150
05/11/2005,MVY,MA,ANE,EN,Federal Contract Tower,0,30,23,2,55,0,15,0,0,15,0,45,23,2,70,10,0,10,80
05/12/2005,MVY,MA,ANE,EN,Federal Contract Tower,0,9,3,0,12,0,31,22,0,53,0,40,25,0,65,2,0,2,67
05/13/2005,MVY,MA,ANE,EN,Federal Contract Tower,1,15,15,0,31,0,36,63,2,101,1,51,78,2,132,14,0,14,146
05/14/2005,MVY,MA,ANE,EN,Federal Contract Tower,0,8,24,2,34,0,28,35,0,63,0,36,59,2,97,14,0,14,111
05/15/2005,MVY,MA,ANE,EN,Federal Contract Tower,1,48,28,0,77,0,0,0,0,0,1,48,28,0,77,0,0,0,77
05/16/2005,MVY,MA,ANE,EN,Federal Contract Tower,0,38,21,0,59,0,11,9,0,20,0,49,30,0,79,12,0,12,91
05/17/2005,MVY,MA,ANE,EN,Federal Contract Tower,0,48,29,0,77,0,10,16,0,26,0,58,45,0,103,0,0,0,103
05/18/2005,MVY,MA,ANE,EN,Federal Contract Tower,0,66,34,0,100,0,3,5,0,8,0,69,39,0,108,0,0,0,108
05/19/2005,MVY,MA,ANE,EN,Federal Contract Tower,0,18,7,0,25,0,57,72,2,131,0,75,79,2,156,26,0,26,182
05/20/2005,MVY,MA,ANE,EN,Federal Contract Tower,0,20,16,0,36,0,70,65,0,135,0,90,81,0,171,0,0,0,171
05/21/2005,MVY,MA,ANE,EN,Federal Contract Tower,0,48,31,0,79,0,0,3,0,3,0,48,34,0,82,2,4,6,88
05/22/2005,MVY,MA,ANE,EN,Federal Contract Tower,0,26,26,0,52,0,35,67,0,102,0,61,93,0,154,16,1,17,171
05/23/2005,MVY,MA,ANE,EN,Federal Contract Tower,0,64,25,0,89,0,14,19,0,33,0,78,44,0,122,12,0,12,134
05/24/2005,MVY,MA,ANE,EN,Federal Contract Tower,0,50,16,0,66,0,0,0,0,0,0,50,16,0,66,0,0,0,66
05/25/2005,MVY,MA,ANE,EN,Federal Contract Tower,0,25,8,0,33,0,0,0,0,0,0,25,8,0,33,0,0,0,33
05/26/2005,MVY,MA,ANE,EN,Federal Contract Tower,0,90,47,0,137,0,0,2,0,2,0,90,49,0,139,0,0,0,139
05/27/2005,MVY,MA,ANE,EN,Federal Contract Tower,0,76,86,0,162,0,62,55,2,119,0,138,141,2,281,6,0,6,287
05/28/2005,MVY,MA,ANE,EN,Federal Contract Tower,0,24,21,0,45,0,46,141,0,187,0,70,162,0,232,24,0,24,256
05/29/2005,MVY,MA,ANE,EN,Federal Contract Tower,0,26,24,0,50,0,20,106,0,126,0,46,130,0,176,22,0,22,198
05/30/2005,MVY,MA,ANE,EN,Federal Contract Tower,0,50,46,0,96,0,72,171,0,243,0,122,217,0,339,6,0,6,345
05/31/2005,MVY,MA,ANE,EN,Federal Contract Tower,0,63,22,2,87,0,33,26,3,62,0,96,48,5,149,22,4,26,175
06/01/2005,MVY,MA,ANE,EN,Federal Contract Tower,0,42,20,0,62,0,24,22,0,46,0,66,42,0,108,30,0,30,138
06/02/2005,MVY,MA,ANE,EN,Federal Contract Tower,0,78,46,3,127,0,13,11,0,24,0,91,57,3,151,24,0,24,175
06/03/2005,MVY,MA,ANE,EN,Federal Contract Tower,0,53,47,0,100,0,39,38,0,77,0,92,85,0,177,0,0,0,177
06/04/2005,MVY,MA,ANE,EN,Federal Contract Tower,0,25,17,0,42,0,31,73,0,104,0,56,90,0,146,2,0,2,148
06/05/2005,MVY,MA,ANE,EN,Federal Contract Tower,0,8,26,0,34,0,63,174,0,237,0,71,200,0,271,2,0,2,273
06/06/2005,MVY,MA,ANE,EN,Federal Contract Tower,0,75,33,0,108,0,0,0,0,0,0,75,33,0,108,0,0,0,108
06/07/2005,MVY,MA,ANE,EN,Federal Contract Tower,0,47,20,0,67,0,19,31,0,50,0,66,51,0,117,4,0,4,121
06/08/2005,MVY,MA,ANE,EN,Federal Contract Tower,0,14,10,0,24,0,42,123,0,165,0,56,133,0,189,40,0,40,229
06/09/2005,MVY,MA,ANE,EN,Federal Contract Tower,0,45,37,0,82,0,30,37,0,67,0,75,74,0,149,36,10,46,195
06/10/2005,MVY,MA,ANE,EN,Federal Contract Tower,0,94,78,0,172,0,0,7,0,7,0,94,85,0,179,0,0,0,179
06/11/2005,MVY,MA,ANE,EN,Federal Contract Tower,0,36,37,0,73,0,51,54,0,105,0,87,91,0,178,0,0,0,178
06/12/2005,MVY,MA,ANE,EN,Federal Contract Tower,0,49,66,0,115,0,24,34,0,58,0,73,100,0,173,0,0,0,173
06/13/2005,MVY,MA,ANE,EN,Federal Contract Tower,0,37,19,0,56,0,47,62,1,110,0,84,81,1,166,20,0,20,186
06/14/2005,MVY,MA,ANE,EN,Federal Contract Tower,0,47,28,0,75,0,47,25,2,74,0,94,53,2,149,2,0,2,151
06/15/2005,MVY,MA,ANE,EN,Federal Contract Tower,0,77,47,0,124,0,22,13,0,35,0,99,60,0,159,0,0,0,159
06/16/2005,MVY,MA,ANE,EN,Federal Contract Tower,0,100,44,2,146,0,12,11,0,23,0,112,55,2,169,0,0,0,169
06/17/2005,MVY,MA,ANE,EN,Federal Contract Tower,0,88,37,2,127,0,58,63,1,122,0,146,100,3,249,22,0,22,271
06/18/2005,MVY,MA,ANE,EN,Federal Contract Tower,0,74,57,0,131,0,15,25,0,40,0,89,82,0,171,0,0,0,171
06/19/2005,MVY,MA,ANE,EN,Federal Contract Tower,0,91,72,0,163,0,37,73,2,112,0,128,145,2,275,2,0,2,277
06/20/2005,MVY,MA,ANE,EN,Federal Contract Tower,0,27,25,0,52,0,84,92,0,176,0,111,117,0,228,20,0,20,248
06/21/2005,MVY,MA,ANE,EN,Federal Contract Tower,0,32,19,0,51,0,66,103,0,169,0,98,122,0,220,10,0,10,230
06/22/2005,MVY,MA,ANE,EN,Federal Contract Tower,0,58,30,0,88,0,43,32,0,75,0,101,62,0,163,14,0,14,177
06/23/2005,MVY,MA,ANE,EN,Federal Contract Tower,0,57,42,0,99,0,59,78,0,137,0,116,120,0,236,8,0,8,244
06/24/2005,MVY,MA,ANE,EN,Federal Contract Tower,0,64,43,0,107,0,93,128,0,221,0,157,171,0,328,2,0,2,330
06/25/2005,MVY,MA,ANE,EN,Federal Contract Tower,0,27,24,0,51,0,61,126,0,187,0,88,150,0,238,2,0,2,240
06/26/2005,MVY,MA,ANE,EN,Federal Contract Tower,0,73,75,0,148,0,55,104,0,159,0,128,179,0,307,2,0,2,309
06/27/2005,MVY,MA,ANE,EN,Federal Contract Tower,0,93,83,0,176,0,22,13,0,35,0,115,96,0,211,0,0,0,211
06/28/2005,MVY,MA,ANE,EN,Federal Contract Tower,0,61,42,0,103,0,0,0,0,0,0,61,42,0,103,0,0,0,103
06/29/2005,MVY,MA,ANE,EN,Federal Contract Tower,0,74,33,0,107,0,40,20,0,60,0,114,53,0,167,0,0,0,167
06/30/2005,MVY,MA,ANE,EN,Federal Contract Tower,0,157,102,0,259,0,10,0,0,10,0,167,102,0,269,0,0,0,269
07/01/2005,MVY,MA,ANE,EN,Federal Contract Tower,0,167,111,0,278,0,0,0,0,0,0,167,111,0,278,0,0,0,278
07/02/2005,MVY,MA,ANE,EN,Federal Contract Tower,0,73,86,0,159,0,56,61,0,117,0,129,147,0,276,2,0,2,278
07/03/2005,MVY,MA,ANE,EN,Federal Contract Tower,0,33,34,0,67,0,62,182,0,244,0,95,216,0,311,6,0,6,317
07/04/2005,MVY,MA,ANE,EN,Federal Contract Tower,0,72,33,0,105,0,70,181,0,251,0,142,214,0,356,12,0,12,368
07/05/2005,MVY,MA,ANE,EN,Federal Contract Tower,0,138,158,0,296,0,8,6,0,14,0,146,164,0,310,0,0,0,310
07/06/2005,MVY,MA,ANE,EN,Federal Contract Tower,0,130,51,3,184,0,6,2,0,8,0,136,53,3,192,0,0,0,192
07/07/2005,MVY,MA,ANE,EN,Federal Contract Tower,0,140,103,0,243,0,0,0,0,0,0,140,103,0,243,0,0,0,243
07/08/2005,MVY,MA,ANE,EN,Federal Contract Tower,0,132,73,0,205,0,0,0,0,0,0,132,73,0,205,0,0,0,205
07/09/2005,MVY,MA,ANE,EN,Federal Contract Tower,0,88,70,1,159,0,32,40,0,72,0,120,110,1,231,0,0,0,231
07/10/2005,MVY,MA,ANE,EN,Federal Contract Tower,0,67,30,0,97,0,64,219,0,283,0,131,249,0,380,6,0,6,386
07/11/2005,MVY,MA,ANE,EN,Federal Contract Tower,0,48,29,0,77,0,96,139,0,235,0,144,168,0,312,24,0,24,336
07/12/2005,MVY,MA,ANE,EN,Federal Contract Tower,0,43,18,0,61,0,72,152,0,224,0,115,170,0,285,22,0,22,307
07/13/2005,MVY,MA,ANE,EN,Federal Contract Tower,0,117,87,0,204,0,0,0,0,0,0,117,87,0,204,0,0,0,204
07/14/2005,MVY,MA,ANE,EN,Federal Contract Tower,0,130,73,0,203,0,12,22,0,34,0,142,95,0,237,0,0,0,237
07/15/2005,MVY,MA,ANE,EN,Federal Contract Tower,0,128,100,0,228,0,63,81,2,146,0,191,181,2,374,0,0,0,374
07/16/2005,MVY,MA,ANE,EN,Federal Contract Tower,0,66,66,0,132,0,63,59,0,122,0,129,125,0,254,0,0,0,254
07/17/2005,MVY,MA,ANE,EN,Federal Contract Tower,0,134,111,0,245,0,33,25,0,58,0,167,136,0,303,0,0,0,303
07/18/2005,MVY,MA,ANE,EN,Federal Contract Tower,0,109,104,0,213,0,0,0,0,0,0,109,104,0,213,0,0,0,213
07/19/2005,MVY,MA,ANE,EN,Federal Contract Tower,0,84,53,0,137,0,11,6,0,17,0,95,59,0,154,0,0,0,154
07/20/2005,MVY,MA,ANE,EN,Federal Contract Tower,0,51,29,0,80,0,68,103,0,171,0,119,132,0,251,6,0,6,257
07/21/2005,MVY,MA,ANE,EN,Federal Contract Tower,0,48,48,0,96,0,89,97,0,186,0,137,145,0,282,2,0,2,284
07/22/2005,MVY,MA,ANE,EN,Federal Contract Tower,0,89,50,0,139,0,79,126,0,205,0,168,176,0,344,0,2,2,346
07/23/2005,MVY,MA,ANE,EN,Federal Contract Tower,0,41,39,0,80,0,95,209,0,304,0,136,248,0,384,0,0,0,384
07/24/2005,MVY,MA,ANE,EN,Federal Contract Tower,0,59,58,0,117,0,111,308,0,419,0,170,366,0,536,2,0,2,538
07/25/2005,MVY,MA,ANE,EN,Federal Contract Tower,0,97,65,0,162,0,90,93,1,184,0,187,158,1,346,8,2,10,356
07/26/2005,MVY,MA,ANE,EN,Federal Contract Tower,0,73,53,0,126,0,51,65,0,116,0,124,118,0,242,2,0,2,244
07/27/2005,MVY,MA,ANE,EN,Federal Contract Tower,0,55,36,0,91,0,2,0,0,2,0,57,36,0,93,0,0,0,93
07/28/2005,MVY,MA,ANE,EN,Federal Contract Tower,0,74,58,0,132,0,73,58,0,131,0,147,116,0,263,0,0,0,263
07/29/2005,MVY,MA,ANE,EN,Federal Contract Tower,0,76,50,0,126,0,99,149,0,248,0,175,199,0,374,0,0,0,374
07/30/2005,MVY,MA,ANE,EN,Federal Contract Tower,0,127,83,0,210,0,14,43,0,57,0,141,126,0,267,0,0,0,267
07/31/2005,MVY,MA,ANE,EN,Federal Contract Tower,0,189,189,0,378,0,91,11,0,102,0,280,200,0,480,0,0,0,480
08/01/2005,MVY,MA,ANE,EN,Federal Contract Tower,0,86,59,0,145,0,103,95,0,198,0,189,154,0,343,2,0,2,345
08/02/2005,MVY,MA,ANE,EN,Federal Contract Tower,0,72,31,0,103,0,60,81,0,141,0,132,112,0,244,0,0,0,244
08/03/2005,MVY,MA,ANE,EN,Federal Contract Tower,0,56,23,0,79,0,115,140,0,255,0,171,163,0,334,2,0,2,336
08/04/2005,MVY,MA,ANE,EN,Federal Contract Tower,0,58,43,0,101,0,97,117,0,214,0,155,160,0,315,6,0,6,321
08/05/2005,MVY,MA,ANE,EN,Federal Contract Tower,0,159,120,0,279,0,35,25,0,60,0,194,145,0,339,2,0,2,341
08/06/2005,MVY,MA,ANE,EN,Federal Contract Tower,0,42,32,0,74,0,67,130,0,197,0,109,162,0,271,0,0,0,271
08/07/2005,MVY,MA,ANE,EN,Federal Contract Tower,0,74,52,0,126,0,94,181,0,275,0,168,233,0,401,0,0,0,401
08/08/2005,MVY,MA,ANE,EN,Federal Contract Tower,0,69,48,0,117,0,95,105,1,201,0,164,153,1,318,0,0,0,318
08/09/2005,MVY,MA,ANE,EN,Federal Contract Tower,0,131,79,0,210,0,31,8,2,41,0,162,87,2,251,0,0,0,251
08/10/2005,MVY,MA,ANE,EN,Federal Contract Tower,0,101,41,0,142,0,55,56,2,113,0,156,97,2,255,10,0,10,265
08/11/2005,MVY,MA,ANE,EN,Federal Contract Tower,0,114,71,0,185,0,76,98,0,174,0,190,169,0,359,16,0,16,375
08/12/2005,MVY,MA,ANE,EN,Federal Contract Tower,0,117,99,0,216,0,65,90,0,155,0,182,189,0,371,0,2,2,373
08/13/2005,MVY,MA,ANE,EN,Federal Contract Tower,0,155,103,0,258,0,8,9,0,17,0,163,112,0,275,0,0,0,275
08/14/2005,MVY,MA,ANE,EN,Federal Contract Tower,0,172,130,0,302,0,0,0,0,0,0,172,130,0,302,0,0,0,302
08/15/2005,MVY,MA,ANE,EN,Federal Contract Tower,0,159,120,0,279,0,0,0,0,0,0,159,120,0,279,0,0,0,279
08/16/2005,MVY,MA,ANE,EN,Federal Contract Tower,0,76,45,0,121,0,92,79,0,171,0,168,124,0,292,0,0,0,292
08/17/2005,MVY,MA,ANE,EN,Federal Contract Tower,0,70,40,0,110,0,112,134,0,246,0,182,174,0,356,2,0,2,358
08/18/2005,MVY,MA,ANE,EN,Federal Contract Tower,0,77,34,0,111,0,136,163,0,299,0,213,197,0,410,2,0,2,412
08/19/2005,MVY,MA,ANE,EN,Federal Contract Tower,2,73,69,0,144,0,103,125,0,228,2,176,194,0,372,0,0,0,372
08/20/2005,MVY,MA,ANE,EN,Federal Contract Tower,0,95,89,4,188,0,13,13,0,26,0,108,102,4,214,0,0,0,214
08/21/2005,MVY,MA,ANE,EN,Federal Contract Tower,0,179,127,0,306,0,8,5,0,13,0,187,132,0,319,0,0,0,319
08/22/2005,MVY,MA,ANE,EN,Federal Contract Tower,0,78,37,0,115,0,88,110,0,198,0,166,147,0,313,22,0,22,335
08/23/2005,MVY,MA,ANE,EN,Federal Contract Tower,0,44,40,0,84,0,97,136,0,233,0,141,176,0,317,8,0,8,325
08/24/2005,MVY,MA,ANE,EN,Federal Contract Tower,0,56,36,0,92,0,82,102,0,184,0,138,138,0,276,8,0,8,284
08/25/2005,MVY,MA,ANE,EN,Federal Contract Tower,0,68,53,0,121,0,102,160,0,262,0,170,213,0,383,6,0,6,389
08/26/2005,MVY,MA,ANE,EN,Federal Contract Tower,0,71,50,0,121,0,80,166,0,246,0,151,216,0,367,2,0,2,369
08/27/2005,MVY,MA,ANE,EN,Federal Contract Tower,0,39,21,0,60,0,87,177,0,264,0,126,198,0,324,12,0,12,336
08/28/2005,MVY,MA,ANE,EN,Federal Contract Tower,0,90,73,0,163,0,106,128,0,234,0,196,201,0,397,0,0,0,397
08/29/2005,MVY,MA,ANE,EN,Federal Contract Tower,0,126,60,0,186,0,28,39,0,67,0,154,99,0,253,2,0,2,255
08/30/2005,MVY,MA,ANE,EN,Federal Contract Tower,0,125,59,0,184,0,4,1,0,5,0,129,60,0,189,0,0,0,189
08/31/2005,MVY,MA,ANE,EN,Federal Contract Tower,0,107,44,0,151,0,23,113,6,142,0,130,157,6,293,0,0,0,293
09/01/2005,MVY,MA,ANE,EN,Federal Contract Tower,0,48,31,0,79,0,102,130,0,232,0,150,161,0,311,0,0,0,311
09/02/2005,MVY,MA,ANE,EN,Federal Contract Tower,0,53,43,0,96,0,136,156,0,292,0,189,199,0,388,18,6,24,412
09/03/2005,MVY,MA,ANE,EN,Federal Contract Tower,0,37,27,0,64,0,78,125,0,203,0,115,152,0,267,16,0,16,283
09/04/2005,MVY,MA,ANE,EN,Federal Contract Tower,0,48,39,0,87,0,73,175,0,248,0,121,214,0,335,2,0,2,337
09/05/2005,MVY,MA,ANE,EN,Federal Contract Tower,0,60,53,0,113,0,148,195,1,344,0,208,248,1,457,6,0,6,463
09/06/2005,MVY,MA,ANE,EN,Federal Contract Tower,0,45,33,0,78,0,116,110,0,226,0,161,143,0,304,0,0,0,304
09/07/2005,MVY,MA,ANE,EN,Federal Contract Tower,0,29,20,0,49,0,84,76,0,160,0,113,96,0,209,8,0,8,217
09/08/2005,MVY,MA,ANE,EN,Federal Contract Tower,0,26,19,0,45,0,85,46,0,131,0,111,65,0,176,0,0,0,176
09/09/2005,MVY,MA,ANE,EN,Federal Contract Tower,2,40,18,0,60,0,109,98,0,207,2,149,116,0,267,0,0,0,267
09/10/2005,MVY,MA,ANE,EN,Federal Contract Tower,0,26,14,0,40,0,71,118,0,189,0,97,132,0,229,6,0,6,235
09/11/2005,MVY,MA,ANE,EN,Federal Contract Tower,2,27,27,0,56,0,76,145,0,221,2,103,172,0,277,0,0,0,277
09/12/2005,MVY,MA,ANE,EN,Federal Contract Tower,0,25,19,0,44,0,78,73,0,151,0,103,92,0,195,0,0,0,195
09/13/2005,MVY,MA,ANE,EN,Federal Contract Tower,0,25,16,0,41,0,73,51,0,124,0,98,67,0,165,4,0,4,169
09/14/2005,MVY,MA,ANE,EN,Federal Contract Tower,0,33,22,0,55,0,42,53,0,95,0,75,75,0,150,6,0,6,156
09/15/2005,MVY,MA,ANE,EN,Federal Contract Tower,0,80,12,0,92,0,5,9,0,14,0,85,21,0,106,0,0,0,106
09/16/2005,MVY,MA,ANE,EN,Federal Contract Tower,0,101,34,0,135,0,0,0,0,0,0,101,34,0,135,0,0,0,135
09/17/2005,MVY,MA,ANE,EN,Federal Contract Tower,0,55,23,0,78,0,4,10,0,14,0,59,33,0,92,0,0,0,92
09/18/2005,MVY,MA,ANE,EN,Federal Contract Tower,0,31,27,0,58,0,75,72,0,147,0,106,99,0,205,18,0,18,223
09/19/2005,MVY,MA,ANE,EN,Federal Contract Tower,0,20,11,0,31,0,99,76,0,175,0,119,87,0,206,6,0,6,212
09/20/2005,MVY,MA,ANE,EN,Federal Contract Tower,0,66,33,0,99,0,12,0,0,12,0,78,33,0,111,0,0,0,111
09/21/2005,MVY,MA,ANE,EN,Federal Contract Tower,0,16,6,0,22,0,86,88,0,174,0,102,94,0,196,0,0,0,196
09/22/2005,MVY,MA,ANE,EN,Federal Contract Tower,0,22,17,0,39,0,90,92,0,182,0,112,109,0,221,10,4,14,235
09/23/2005,MVY,MA,ANE,EN,Federal Contract Tower,0,50,32,0,82,0,80,69,4,153,0,130,101,4,235,0,0,0,235
09/24/2005,MVY,MA,ANE,EN,Federal Contract Tower,0,12,15,0,27,0,59,72,0,131,0,71,87,0,158,12,0,12,170
09/25/2005,MVY,MA,ANE,EN,Federal Contract Tower,0,24,44,0,68,0,75,137,1,213,0,99,181,1,281,44,2,46,327
09/26/2005,MVY,MA,ANE,EN,Federal Contract Tower,0,59,13,0,72,0,21,18,0,39,0,80,31,0,111,2,0,2,113
09/27/2005,MVY,MA,ANE,EN,Federal Contract Tower,0,15,7,0,22,0,55,54,1,110,0,70,61,1,132,0,0,0,132
09/28/2005,MVY,MA,ANE,EN,Federal Contract Tower,0,9,7,0,16,0,75,91,0,166,0,84,98,0,182,14,0,14,196
09/29/2005,MVY,MA,ANE,EN,Federal Contract Tower,0,23,19,0,42,0,36,14,0,50,0,59,33,0,92,6,0,6,98
09/30/2005,MVY,MA,ANE,EN,Federal Contract Tower,0,23,20,0,43,0,79,61,2,142,0,102,81,2,185,2,0,2,187
10/01/2005,MVY,MA,ANE,EN,Federal Contract Tower,0,16,16,0,32,0,47,129,0,176,0,63,145,0,208,12,0,12,220
10/02/2005,MVY,MA,ANE,EN,Federal Contract Tower,0,27,28,0,55,0,53,88,0,141,0,80,116,0,196,14,0,14,210
10/03/2005,MVY,MA,ANE,EN,Federal Contract Tower,0,43,17,0,60,0,29,46,0,75,0,72,63,0,135,28,0,28,163
10/04/2005,MVY,MA,ANE,EN,Federal Contract Tower,0,68,35,0,103,0,10,24,0,34,0,78,59,0,137,0,0,0,137
10/05/2005,MVY,MA,ANE,EN,Federal Contract Tower,0,37,20,0,57,0,5,3,0,8,0,42,23,0,65,0,0,0,65
10/06/2005,MVY,MA,ANE,EN,Federal Contract Tower,0,75,36,0,111,0,0,0,0,0,0,75,36,0,111,0,0,0,111
10/07/2005,MVY,MA,ANE,EN,Federal Contract Tower,0,57,46,0,103,0,52,34,0,86,0,109,80,0,189,8,0,8,197
10/08/2005,MVY,MA,ANE,EN,Federal Contract Tower,0,56,13,0,69,0,0,0,0,0,0,56,13,0,69,0,0,0,69
10/09/2005,MVY,MA,ANE,EN,Federal Contract Tower,0,70,33,0,103,0,0,0,0,0,0,70,33,0,103,0,0,0,103
10/10/2005,MVY,MA,ANE,EN,Federal Contract Tower,0,88,53,0,141,0,0,0,0,0,0,88,53,0,141,4,0,4,145
10/11/2005,MVY,MA,ANE,EN,Federal Contract Tower,0,58,21,0,79,0,0,0,0,0,0,58,21,0,79,0,0,0,79
10/12/2005,MVY,MA,ANE,EN,Federal Contract Tower,0,32,14,0,46,0,9,0,0,9,0,41,14,0,55,0,0,0,55
10/13/2005,MVY,MA,ANE,EN,Federal Contract Tower,0,38,20,0,58,0,22,3,0,25,0,60,23,0,83,0,0,0,83
10/14/2005,MVY,MA,ANE,EN,Federal Contract Tower,0,44,18,0,62,0,10,1,0,11,0,54,19,0,73,0,0,0,73
10/15/2005,MVY,MA,ANE,EN,Federal Contract Tower,0,37,22,0,59,0,0,0,0,0,0,37,22,0,59,0,0,0,59
10/16/2005,MVY,MA,ANE,EN,Federal Contract Tower,0,8,14,0,22,0,40,20,0,60,0,48,34,0,82,0,0,0,82
10/17/2005,MVY,MA,ANE,EN,Federal Contract Tower,0,12,10,0,22,0,67,34,0,101,0,79,44,0,123,0,0,0,123
10/18/2005,MVY,MA,ANE,EN,Federal Contract Tower,0,11,8,0,19,0,55,41,0,96,0,66,49,0,115,4,0,4,119
10/19/2005,MVY,MA,ANE,EN,Federal Contract Tower,0,5,12,0,17,0,48,85,0,133,0,53,97,0,150,10,0,10,160
10/20/2005,MVY,MA,ANE,EN,Federal Contract Tower,0,12,18,0,30,0,47,97,0,144,0,59,115,0,174,30,0,30,204
10/21/2005,MVY,MA,ANE,EN,Federal Contract Tower,0,10,15,0,25,1,61,94,6,162,1,71,109,6,187,32,2,34,221
10/22/2005,MVY,MA,ANE,EN,Federal Contract Tower,0,21,12,0,33,0,13,40,0,53,0,34,52,0,86,0,0,0,86
10/23/2005,MVY,MA,ANE,EN,Federal Contract Tower,0,33,23,0,56,0,13,10,0,23,0,46,33,0,79,6,0,6,85
10/24/2005,MVY,MA,ANE,EN,Federal Contract Tower,0,24,18,0,42,0,24,14,2,40,0,48,32,2,82,12,0,12,94
10/25/2005,MVY,MA,ANE,EN,Federal Contract Tower,0,5,1,2,8,0,4,0,0,4,0,9,1,2,12,0,0,0,12
10/26/2005,MVY,MA,ANE,EN,Federal Contract Tower,0,15,10,0,25,0,22,20,0,42,0,37,30,0,67,4,0,4,71
10/27/2005,MVY,MA,ANE,EN,Federal Contract Tower,0,6,5,0,11,0,45,64,0,109,0,51,69,0,120,12,0,12,132
10/28/2005,MVY,MA,ANE,EN,Federal Contract Tower,0,10,22,0,32,0,66,76,0,142,0,76,98,0,174,0,0,0,174
10/29/2005,MVY,MA,ANE,EN,Federal Contract Tower,0,14,10,1,25,0,26,26,0,52,0,40,36,1,77,0,0,0,77
10/30/2005,MVY,MA,ANE,EN,Federal Contract Tower,0,6,13,0,19,0,46,133,0,179,0,52,146,0,198,6,0,6,204
10/31/2005,MVY,MA,ANE,EN,Federal Contract Tower,0,11,10,0,21,0,36,43,0,79,0,47,53,0,100,0,0,0,100
11/01/2005,MVY,MA,ANE,EN,Federal Contract Tower,0,7,8,0,15,0,39,39,0,78,0,46,47,0,93,10,0,10,103
11/02/2005,MVY,MA,ANE,EN,Federal Contract Tower,0,4,1,0,5,0,49,42,0,91,0,53,43,0,96,0,0,0,96
11/03/2005,MVY,MA,ANE,EN,Federal Contract Tower,0,10,4,0,14,0,42,28,0,70,0,52,32,0,84,0,0,0,84
11/04/2005,MVY,MA,ANE,EN,Federal Contract Tower,0,3,5,0,8,0,49,95,0,144,0,52,100,0,152,0,0,0,152
11/05/2005,MVY,MA,ANE,EN,Federal Contract Tower,0,12,8,0,20,0,22,116,0,138,0,34,124,0,158,4,0,4,162
11/06/2005,MVY,MA,ANE,EN,Federal Contract Tower,0,21,29,0,50,0,16,20,0,36,0,37,49,0,86,2,0,2,88
11/07/2005,MVY,MA,ANE,EN,Federal Contract Tower,0,3,2,0,5,0,25,30,1,56,0,28,32,1,61,20,0,20,81
11/08/2005,MVY,MA,ANE,EN,Federal Contract Tower,0,2,6,0,8,0,54,56,0,110,0,56,62,0,118,0,0,0,118
11/09/2005,MVY,MA,ANE,EN,Federal Contract Tower,0,5,6,0,11,0,24,34,0,58,0,29,40,0,69,2,0,2,71
11/10/2005,MVY,MA,ANE,EN,Federal Contract Tower,0,8,10,0,18,0,23,27,0,50,0,31,37,0,68,0,0,0,68
11/11/2005,MVY,MA,ANE,EN,Federal Contract Tower,0,3,7,0,10,0,43,90,0,133,0,46,97,0,143,4,0,4,147
11/12/2005,MVY,MA,ANE,EN,Federal Contract Tower,0,4,1,0,5,0,30,129,0,159,0,34,130,0,164,0,0,0,164
11/13/2005,MVY,MA,ANE,EN,Federal Contract Tower,0,3,8,0,11,0,24,88,0,112,0,27,96,0,123,0,0,0,123
11/14/2005,MVY,MA,ANE,EN,Federal Contract Tower,0,7,11,0,18,0,36,34,1,71,0,43,45,1,89,6,2,8,97
11/15/2005,MVY,MA,ANE,EN,Federal Contract Tower,0,14,10,0,24,0,12,11,0,23,0,26,21,0,47,0,0,0,47
11/16/2005,MVY,MA,ANE,EN,Federal Contract Tower,0,10,2,0,12,0,13,3,0,16,0,23,5,0,28,0,0,0,28
11/17/2005,MVY,MA,ANE,EN,Federal Contract Tower,0,9,5,0,14,0,11,19,0,30,0,20,24,0,44,15,0,15,59
11/18/2005,MVY,MA,ANE,EN,Federal Contract Tower,0,5,11,0,16,0,45,78,0,123,0,50,89,0,139,0,0,0,139
11/19/2005,MVY,MA,ANE,EN,Federal Contract Tower,0,1,6,0,7,0,53,78,0,131,0,54,84,0,138,0,0,0,138
11/20/2005,MVY,MA,ANE,EN,Federal Contract Tower,0,1,6,0,7,0,22,123,0,145,0,23,129,0,152,0,0,0,152
11/21/2005,MVY,MA,ANE,EN,Federal Contract Tower,0,9,11,0,20,0,31,36,0,67,0,40,47,0,87,14,0,14,101
11/22/2005,MVY,MA,ANE,EN,Federal Contract Tower,0,26,8,0,34,0,1,0,0,1,0,27,8,0,35,2,0,2,37
11/23/2005,MVY,MA,ANE,EN,Federal Contract Tower,0,38,27,0,65,0,18,40,0,58,0,56,67,0,123,0,0,0,123
11/24/2005,MVY,MA,ANE,EN,Federal Contract Tower,0,20,0,0,20,0,4,2,0,6,0,24,2,0,26,0,0,0,26
11/25/2005,MVY,MA,ANE,EN,Federal Contract Tower,0,15,5,0,20,0,25,53,0,78,0,40,58,0,98,0,0,0,98
11/26/2005,MVY,MA,ANE,EN,Federal Contract Tower,0,9,14,0,23,0,14,68,0,82,0,23,82,0,105,30,0,30,135
11/27/2005,MVY,MA,ANE,EN,Federal Contract Tower,0,29,27,0,56,0,31,102,0,133,0,60,129,0,189,0,0,0,189
11/28/2005,MVY,MA,ANE,EN,Federal Contract Tower,0,9,10,1,20,0,38,51,3,92,0,47,61,4,112,0,4,4,116
11/29/2005,MVY,MA,ANE,EN,Federal Contract Tower,0,5,2,0,7,0,30,26,0,56,0,35,28,0,63,0,0,0,63
11/30/2005,MVY,MA,ANE,EN,Federal Contract Tower,0,26,6,0,32,0,0,1,0,1,0,26,7,0,33,0,0,0,33
12/01/2005,MVY,MA,ANE,EN,Federal Contract Tower,0,16,13,0,29,0,21,17,0,38,0,37,30,0,67,0,0,0,67
12/02/2005,MVY,MA,ANE,EN,Federal Contract Tower,0,8,2,0,10,0,26,16,0,42,0,34,18,0,52,0,0,0,52
12/03/2005,MVY,MA,ANE,EN,Federal Contract Tower,0,4,12,0,16,0,18,27,0,45,0,22,39,0,61,0,0,0,61
12/04/2005,MVY,MA,ANE,EN,Federal Contract Tower,0,6,8,0,14,0,0,0,0,0,0,6,8,0,14,0,0,0,14
12/05/2005,MVY,MA,ANE,EN,Federal Contract Tower,0,11,5,0,16,0,24,30,0,54,0,35,35,0,70,2,0,2,72
12/06/2005,MVY,MA,ANE,EN,Federal Contract Tower,0,9,0,0,9,0,9,1,0,10,0,18,1,0,19,0,0,0,19
12/07/2005,MVY,MA,ANE,EN,Federal Contract Tower,0,3,2,0,5,0,26,22,0,48,0,29,24,0,53,14,0,14,67
12/08/2005,MVY,MA,ANE,EN,Federal Contract Tower,0,3,4,0,7,0,27,48,0,75,0,30,52,0,82,0,0,0,82
12/09/2005,MVY,MA,ANE,EN,Federal Contract Tower,0,13,2,0,15,0,0,0,0,0,0,13,2,0,15,0,0,0,15
12/10/2005,MVY,MA,ANE,EN,Federal Contract Tower,0,1,3,0,4,0,21,55,0,76,0,22,58,0,80,0,0,0,80
12/11/2005,MVY,MA,ANE,EN,Federal Contract Tower,0,0,4,0,4,0,5,109,0,114,0,5,113,0,118,10,0,10,128
12/12/2005,MVY,MA,ANE,EN,Federal Contract Tower,0,2,8,0,10,0,33,23,0,56,0,35,31,0,66,0,0,0,66
12/13/2005,MVY,MA,ANE,EN,Federal Contract Tower,0,6,3,0,9,0,37,30,0,67,0,43,33,0,76,0,0,0,76
12/14/2005,MVY,MA,ANE,EN,Federal Contract Tower,0,5,0,0,5,0,34,17,0,51,0,39,17,0,56,0,0,0,56
12/15/2005,MVY,MA,ANE,EN,Federal Contract Tower,0,1,2,0,3,0,19,14,0,33,0,20,16,0,36,0,0,0,36
12/16/2005,MVY,MA,ANE,EN,Federal Contract Tower,0,20,1,0,21,0,0,0,0,0,0,20,1,0,21,0,0,0,21
12/17/2005,MVY,MA,ANE,EN,Federal Contract Tower,0,4,4,0,8,0,12,73,0,85,0,16,77,0,93,0,0,0,93
12/18/2005,MVY,MA,ANE,EN,Federal Contract Tower,0,0,10,0,10,0,8,102,0,110,0,8,112,0,120,16,0,16,136
12/19/2005,MVY,MA,ANE,EN,Federal Contract Tower,0,2,7,0,9,0,33,21,0,54,0,35,28,0,63,0,0,0,63
12/20/2005,MVY,MA,ANE,EN,Federal Contract Tower,0,2,6,0,8,0,37,25,0,62,0,39,31,0,70,2,6,8,78
12/21/2005,MVY,MA,ANE,EN,Federal Contract Tower,0,6,2,0,8,0,19,37,0,56,0,25,39,0,64,6,0,6,70
12/22/2005,MVY,MA,ANE,EN,Federal Contract Tower,0,1,2,0,3,0,29,30,0,59,0,30,32,0,62,22,4,26,88
12/23/2005,MVY,MA,ANE,EN,Federal Contract Tower,0,4,5,0,9,0,24,44,0,68,0,28,49,0,77,16,4,20,97
12/24/2005,MVY,MA,ANE,EN,Federal Contract Tower,0,3,10,0,13,0,14,78,0,92,0,17,88,0,105,10,0,10,115
12/25/2005,MVY,MA,ANE,EN,Federal Contract Tower,0,1,5,0,6,0,4,2,0,6,0,5,7,0,12,0,0,0,12
12/26/2005,MVY,MA,ANE,EN,Federal Contract Tower,0,15,5,0,20,0,2,1,0,3,0,17,6,0,23,0,0,0,23
12/27/2005,MVY,MA,ANE,EN,Federal Contract Tower,0,8,5,0,13,0,24,34,0,58,0,32,39,0,71,0,0,0,71
12/28/2005,MVY,MA,ANE,EN,Federal Contract Tower,0,1,7,0,8,0,24,61,0,85,0,25,68,0,93,8,0,8,101
12/29/2005,MVY,MA,ANE,EN,Federal Contract Tower,0,26,0,0,26,0,0,0,0,0,0,26,0,0,26,0,0,0,26
12/30/2005,MVY,MA,ANE,EN,Federal Contract Tower,0,12,7,0,19,0,17,17,2,36,0,29,24,2,55,0,0,0,55
12/31/2005,MVY,MA,ANE,EN,Federal Contract Tower,0,3,7,0,10,0,10,25,0,35,0,13,32,0,45,0,0,0,45
01/01/2006,MVY,MA,ANE,EN,Federal Contract Tower,0,16,12,0,28,0,0,1,0,1,0,16,13,0,29,0,0,0,29
01/02/2006,MVY,MA,ANE,EN,Federal Contract Tower,0,12,7,0,19,0,20,62,0,82,0,32,69,0,101,16,0,16,117
01/03/2006,MVY,MA,ANE,EN,Federal Contract Tower,0,18,1,0,19,0,0,0,0,0,0,18,1,0,19,0,0,0,19
01/04/2006,MVY,MA,ANE,EN,Federal Contract Tower,0,7,5,0,12,0,10,17,0,27,0,17,22,0,39,0,0,0,39
01/05/2006,MVY,MA,ANE,EN,Federal Contract Tower,0,26,3,0,29,0,0,0,0,0,0,26,3,0,29,0,0,0,29
01/06/2006,MVY,MA,ANE,EN,Federal Contract Tower,0,15,4,0,19,0,25,18,2,45,0,40,22,2,64,0,0,0,64
01/07/2006,MVY,MA,ANE,EN,Federal Contract Tower,0,0,8,0,8,0,9,157,0,166,0,9,165,0,174,0,0,0,174
01/08/2006,MVY,MA,ANE,EN,Federal Contract Tower,0,12,17,0,29,0,3,4,0,7,0,15,21,0,36,0,0,0,36
01/09/2006,MVY,MA,ANE,EN,Federal Contract Tower,0,15,8,1,24,0,14,12,1,27,0,29,20,2,51,0,4,4,55
01/10/2006,MVY,MA,ANE,EN,Federal Contract Tower,0,5,5,0,10,0,18,49,1,68,0,23,54,1,78,18,0,18,96
01/11/2006,MVY,MA,ANE,EN,Federal Contract Tower,0,12,3,0,15,0,9,8,0,17,0,21,11,0,32,0,0,0,32
01/12/2006,MVY,MA,ANE,EN,Federal Contract Tower,0,1,6,0,7,0,24,54,1,79,0,25,60,1,86,0,0,0,86
01/13/2006,MVY,MA,ANE,EN,Federal Contract Tower,0,4,4,0,8,0,9,22,0,31,0,13,26,0,39,0,0,0,39
01/14/2006,MVY,MA,ANE,EN,Federal Contract Tower,0,10,5,0,15,0,0,0,0,0,0,10,5,0,15,0,0,0,15
01/15/2006,MVY,MA,ANE,EN,Federal Contract Tower,0,4,0,0,4,0,0,0,0,0,0,4,0,0,4,0,0,0,4
01/16/2006,MVY,MA,ANE,EN,Federal Contract Tower,0,5,1,0,6,0,13,13,0,26,0,18,14,0,32,0,0,0,32
01/17/2006,MVY,MA,ANE,EN,Federal Contract Tower,0,5,3,0,8,0,21,37,0,58,0,26,40,0,66,10,0,10,76
01/18/2006,MVY,MA,ANE,EN,Federal Contract Tower,0,10,0,0,10,0,0,0,0,0,0,10,0,0,10,0,0,0,10
01/19/2006,MVY,MA,ANE,EN,Federal Contract Tower,0,2,1,0,3,0,27,38,0,65,0,29,39,0,68,0,0,0,68
01/20/2006,MVY,MA,ANE,EN,Federal Contract Tower,0,3,1,0,4,0,29,53,0,82,0,32,54,0,86,0,0,0,86
01/21/2006,MVY,MA,ANE,EN,Federal Contract Tower,0,0,6,0,6,0,18,54,0,72,0,18,60,0,78,4,0,4,82
01/22/2006,MVY,MA,ANE,EN,Federal Contract Tower,0,4,13,0,17,0,4,128,0,132,0,8,141,0,149,4,0,4,153
01/23/2006,MVY,MA,ANE,EN,Federal Contract Tower,0,18,4,0,22,0,0,0,0,0,0,18,4,0,22,0,0,0,22
01/24/2006,MVY,MA,ANE,EN,Federal Contract Tower,0,6,2,0,8,0,17,36,0,53,0,23,38,0,61,10,0,10,71
01/25/2006,MVY,MA,ANE,EN,Federal Contract Tower,0,12,1,0,13,0,10,5,0,15,0,22,6,0,28,0,0,0,28
01/26/2006,MVY,MA,ANE,EN,Federal Contract Tower,0,9,0,0,9,0,18,2,0,20,0,27,2,0,29,0,0,0,29
01/27/2006,MVY,MA,ANE,EN,Federal Contract Tower,0,5,6,0,11,0,20,38,0,58,0,25,44,0,69,0,0,0,69
01/28/2006,MVY,MA,ANE,EN,Federal Contract Tower,0,2,5,0,7,0,23,133,0,156,0,25,138,0,163,0,0,0,163
01/29/2006,MVY,MA,ANE,EN,Federal Contract Tower,0,7,8,0,15,0,15,78,0,93,0,22,86,0,108,0,0,0,108
01/30/2006,MVY,MA,ANE,EN,Federal Contract Tower,0,19,6,3,28,0,0,0,0,0,0,19,6,3,28,0,8,8,36
01/31/2006,MVY,MA,ANE,EN,Federal Contract Tower,0,7,2,0,9,0,0,0,0,0,0,7,2,0,9,0,0,0,9
02/01/2006,MVY,MA,ANE,EN,Federal Contract Tower,0,4,6,0,10,0,38,56,0,94,0,42,62,0,104,0,0,0,104
02/02/2006,MVY,MA,ANE,EN,Federal Contract Tower,0,2,4,0,6,0,37,56,0,93,0,39,60,0,99,0,0,0,99
02/03/2006,MVY,MA,ANE,EN,Federal Contract Tower,0,26,6,0,32,0,0,0,0,0,0,26,6,0,32,0,0,0,32
02/04/2006,MVY,MA,ANE,EN,Federal Contract Tower,0,1,10,0,11,0,9,58,0,67,0,10,68,0,78,0,0,0,78
02/05/2006,MVY,MA,ANE,EN,Federal Contract Tower,0,5,11,0,16,0,3,5,0,8,0,8,16,0,24,0,0,0,24
02/06/2006,MVY,MA,ANE,EN,Federal Contract Tower,0,2,1,0,3,0,21,18,1,40,0,23,19,1,43,4,8,12,55
02/07/2006,MVY,MA,ANE,EN,Federal Contract Tower,0,6,2,0,8,0,23,23,1,47,0,29,25,1,55,2,2,4,59
02/08/2006,MVY,MA,ANE,EN,Federal Contract Tower,0,2,3,2,7,0,41,50,0,91,0,43,53,2,98,22,0,22,120
02/09/2006,MVY,MA,ANE,EN,Federal Contract Tower,0,3,4,0,7,0,30,68,0,98,0,33,72,0,105,0,0,0,105
02/10/2006,MVY,MA,ANE,EN,Federal Contract Tower,0,3,2,0,5,0,30,31,0,61,0,33,33,0,66,0,0,0,66
02/11/2006,MVY,MA,ANE,EN,Federal Contract Tower,0,0,0,0,0,0,14,69,0,83,0,14,69,0,83,0,0,0,83
02/12/2006,MVY,MA,ANE,EN,Federal Contract Tower,0,0,0,0,0,0,0,0,0,0,0,0,0,0,0,0,0,0,0
02/13/2006,MVY,MA,ANE,EN,Federal Contract Tower,0,1,6,0,7,0,18,0,0,18,0,19,6,0,25,8,0,8,33
02/14/2006,MVY,MA,ANE,EN,Federal Contract Tower,0,3,6,0,9,0,26,19,0,45,0,29,25,0,54,20,0,20,74
02/15/2006,MVY,MA,ANE,EN,Federal Contract Tower,0,2,3,0,5,0,22,26,0,48,0,24,29,0,53,0,0,0,53
02/16/2006,MVY,MA,ANE,EN,Federal Contract Tower,0,9,6,0,15,0,17,70,0,87,0,26,76,0,102,0,0,0,102
02/17/2006,MVY,MA,ANE,EN,Federal Contract Tower,0,6,2,0,8,0,14,2,0,16,0,20,4,0,24,0,0,0,24
02/18/2006,MVY,MA,ANE,EN,Federal Contract Tower,0,3,7,0,10,0,18,32,0,50,0,21,39,0,60,0,0,0,60
02/19/2006,MVY,MA,ANE,EN,Federal Contract Tower,0,0,2,0,2,0,26,58,0,84,0,26,60,0,86,10,0,10,96
02/20/2006,MVY,MA,ANE,EN,Federal Contract Tower,0,2,11,0,13,0,28,74,0,102,0,30,85,0,115,16,0,16,131
02/21/2006,MVY,MA,ANE,EN,Federal Contract Tower,0,3,3,0,6,0,31,38,0,69,0,34,41,0,75,0,0,0,75
02/22/2006,MVY,MA,ANE,EN,Federal Contract Tower,0,6,3,0,9,0,41,57,0,98,0,47,60,0,107,10,0,10,117
02/23/2006,MVY,MA,ANE,EN,Federal Contract Tower,0,9,4,0,13,0,25,18,0,43,0,34,22,0,56,4,0,4,60
02/24/2006,MVY,MA,ANE,EN,Federal Contract Tower,0,6,0,0,6,0,25,14,2,41,0,31,14,2,47,0,4,4,51
02/25/2006,MVY,MA,ANE,EN,Federal Contract Tower,0,8,2,0,10,0,7,18,1,26,0,15,20,1,36,4,0,4,40
02/26/2006,MVY,MA,ANE,EN,Federal Contract Tower,0,5,1,0,6,0,7,32,0,39,0,12,33,0,45,0,0,0,45
02/27/2006,MVY,MA,ANE,EN,Federal Contract Tower,0,1,0,0,1,0,21,8,0,29,0,22,8,0,30,4,0,4,34
02/28/2006,MVY,MA,ANE,EN,Federal Contract Tower,0,2,5,0,7,0,20,21,0,41,0,22,26,0,48,0,0,0,48
03/01/2006,MVY,MA,ANE,EN,Federal Contract Tower,0,5,0,0,5,0,22,28,0,50,0,27,28,0,55,2,0,2,57
03/02/2006,MVY,MA,ANE,EN,Federal Contract Tower,0,5,3,0,8,0,20,12,0,32,0,25,15,0,40,0,0,0,40
03/03/2006,MVY,MA,ANE,EN,Federal Contract Tower,0,5,4,0,9,0,17,18,0,35,0,22,22,0,44,0,0,0,44
03/04/2006,MVY,MA,ANE,EN,Federal Contract Tower,0,4,1,0,5,0,15,39,4,58,0,19,40,4,63,0,0,0,63
03/05/2006,MVY,MA,ANE,EN,Federal Contract Tower,0,3,8,0,11,0,11,119,0,130,0,14,127,0,141,6,0,6,147
03/06/2006,MVY,MA,ANE,EN,Federal Contract Tower,0,4,0,0,4,0,19,33,2,54,0,23,33,2,58,12,0,12,70
03/07/2006,MVY,MA,ANE,EN,Federal Contract Tower,0,1,0,0,1,0,27,43,0,70,0,28,43,0,71,12,0,12,83
03/08/2006,MVY,MA,ANE,EN,Federal Contract Tower,0,5,0,0,5,0,19,51,0,70,0,24,51,0,75,0,0,0,75
03/09/2006,MVY,MA,ANE,EN,Federal Contract Tower,0,6,5,0,11,0,28,13,0,41,0,34,18,0,52,0,0,0,52
03/10/2006,MVY,MA,ANE,EN,Federal Contract Tower,0,24,15,0,39,0,3,2,0,5,0,27,17,0,44,2,0,2,46
03/11/2006,MVY,MA,ANE,EN,Federal Contract Tower,0,1,1,0,2,0,19,151,0,170,0,20,152,0,172,2,0,2,174
03/12/2006,MVY,MA,ANE,EN,Federal Contract Tower,0,8,10,0,18,0,6,50,0,56,0,14,60,0,74,4,0,4,78
03/13/2006,MVY,MA,ANE,EN,Federal Contract Tower,0,16,9,0,25,0,5,8,0,13,0,21,17,0,38,2,0,2,40
03/14/2006,MVY,MA,ANE,EN,Federal Contract Tower,0,16,5,0,21,0,9,4,0,13,0,25,9,0,34,8,0,8,42
03/15/2006,MVY,MA,ANE,EN,Federal Contract Tower,0,1,7,0,8,0,44,28,0,72,0,45,35,0,80,0,0,0,80
03/16/2006,MVY,MA,ANE,EN,Federal Contract Tower,0,4,1,0,5,0,30,35,0,65,0,34,36,0,70,0,0,0,70
03/17/2006,MVY,MA,ANE,EN,Federal Contract Tower,0,3,2,0,5,0,19,55,0,74,0,22,57,0,79,0,0,0,79
03/18/2006,MVY,MA,ANE,EN,Federal Contract Tower,0,2,2,0,4,0,11,81,2,94,0,13,83,2,98,0,0,0,98
03/19/2006,MVY,MA,ANE,EN,Federal Contract Tower,0,3,4,0,7,0,12,57,0,69,0,15,61,0,76,2,0,2,78
03/20/2006,MVY,MA,ANE,EN,Federal Contract Tower,0,2,3,0,5,0,25,41,0,66,0,27,44,0,71,4,0,4,75
03/21/2006,MVY,MA,ANE,EN,Federal Contract Tower,0,2,4,0,6,0,34,42,0,76,0,36,46,0,82,8,0,8,90
03/22/2006,MVY,MA,ANE,EN,Federal Contract Tower,0,3,1,0,4,0,18,38,0,56,0,21,39,0,60,12,0,12,72
03/23/2006,MVY,MA,ANE,EN,Federal Contract Tower,0,1,0,0,1,0,26,38,0,64,0,27,38,0,65,0,0,0,65
03/24/2006,MVY,MA,ANE,EN,Federal Contract Tower,0,5,3,0,8,0,40,36,0,76,0,45,39,0,84,0,0,0,84
03/25/2006,MVY,MA,ANE,EN,Federal Contract Tower,0,19,5,0,24,0,5,13,0,18,0,24,18,0,42,0,0,0,42
03/26/2006,MVY,MA,ANE,EN,Federal Contract Tower,0,6,3,0,9,0,10,74,0,84,0,16,77,0,93,0,0,0,93
03/27/2006,MVY,MA,ANE,EN,Federal Contract Tower,0,1,2,0,3,0,21,53,0,74,0,22,55,0,77,6,0,6,83
03/28/2006,MVY,MA,ANE,EN,Federal Contract Tower,0,3,4,0,7,0,20,61,0,81,0,23,65,0,88,8,0,8,96
03/29/2006,MVY,MA,ANE,EN,Federal Contract Tower,0,5,0,0,5,0,24,79,0,103,0,29,79,0,108,6,0,6,114
03/30/2006,MVY,MA,ANE,EN,Federal Contract Tower,0,5,2,0,7,0,45,76,5,126,0,50,78,5,133,8,0,8,141
03/31/2006,MVY,MA,ANE,EN,Federal Contract Tower,0,3,7,0,10,0,42,84,0,126,0,45,91,0,136,0,0,0,136
04/01/2006,MVY,MA,ANE,EN,Federal Contract Tower,0,8,8,0,16,0,5,15,0,20,0,13,23,0,36,0,0,0,36
04/02/2006,MVY,MA,ANE,EN,Federal Contract Tower,0,4,3,0,7,0,11,94,0,105,0,15,97,0,112,0,0,0,112
04/03/2006,MVY,MA,ANE,EN,Federal Contract Tower,0,4,5,0,9,0,16,39,0,55,0,20,44,0,64,4,0,4,68
04/04/2006,MVY,MA,ANE,EN,Federal Contract Tower,0,18,3,0,21,0,5,6,0,11,0,23,9,0,32,0,0,0,32
04/05/2006,MVY,MA,ANE,EN,Federal Contract Tower,0,18,3,0,21,0,5,6,0,11,0,23,9,0,32,0,0,0,32
04/06/2006,MVY,MA,ANE,EN,Federal Contract Tower,0,4,8,0,12,0,34,45,0,79,0,38,53,0,91,0,0,0,91
04/07/2006,MVY,MA,ANE,EN,Federal Contract Tower,0,4,8,0,12,0,34,45,0,79,0,38,53,0,91,0,0,0,91
04/08/2006,MVY,MA,ANE,EN,Federal Contract Tower,0,18,11,0,29,0,1,3,0,4,0,19,14,0,33,0,0,0,33
04/09/2006,MVY,MA,ANE,EN,Federal Contract Tower,0,4,11,0,15,0,7,86,0,93,0,11,97,0,108,8,0,8,116
04/10/2006,MVY,MA,ANE,EN,Federal Contract Tower,0,3,5,0,8,0,27,47,0,74,0,30,52,0,82,16,0,16,98
04/11/2006,MVY,MA,ANE,EN,Federal Contract Tower,0,2,4,0,6,0,27,60,0,87,0,29,64,0,93,4,0,4,97
04/12/2006,MVY,MA,ANE,EN,Federal Contract Tower,0,8,5,0,13,0,26,56,0,82,0,34,61,0,95,14,0,14,109
04/13/2006,MVY,MA,ANE,EN,Federal Contract Tower,0,4,1,0,5,0,53,17,0,70,0,57,18,0,75,0,0,0,75
04/14/2006,MVY,MA,ANE,EN,Federal Contract Tower,0,10,10,0,20,0,32,73,0,105,0,42,83,0,125,0,0,0,125
04/15/2006,MVY,MA,ANE,EN,Federal Contract Tower,0,20,11,0,31,0,10,23,0,33,0,30,34,0,64,0,0,0,64
04/16/2006,MVY,MA,ANE,EN,Federal Contract Tower,0,13,0,0,13,0,26,101,0,127,0,39,101,0,140,14,0,14,154
04/17/2006,MVY,MA,ANE,EN,Federal Contract Tower,0,8,4,0,12,0,16,31,4,51,0,24,35,4,63,0,4,4,67
04/18/2006,MVY,MA,ANE,EN,Federal Contract Tower,0,7,3,0,10,0,13,24,0,37,0,20,27,0,47,0,0,0,47
04/19/2006,MVY,MA,ANE,EN,Federal Contract Tower,0,3,6,0,9,0,49,40,2,91,0,52,46,2,100,0,0,0,100
04/20/2006,MVY,MA,ANE,EN,Federal Contract Tower,0,5,4,0,9,0,48,71,2,121,0,53,75,2,130,3,0,3,133
04/21/2006,MVY,MA,ANE,EN,Federal Contract Tower,0,3,13,0,16,0,50,54,0,104,0,53,67,0,120,18,0,18,138
04/22/2006,MVY,MA,ANE,EN,Federal Contract Tower,0,7,4,0,11,0,18,73,0,91,0,25,77,0,102,0,0,0,102
04/23/2006,MVY,MA,ANE,EN,Federal Contract Tower,0,17,9,0,26,0,15,30,0,45,0,32,39,0,71,0,0,0,71
04/24/2006,MVY,MA,ANE,EN,Federal Contract Tower,0,29,15,0,44,0,0,0,0,0,0,29,15,0,44,8,0,8,52
04/25/2006,MVY,MA,ANE,EN,Federal Contract Tower,0,3,5,0,8,0,32,60,2,94,0,35,65,2,102,2,0,2,104
04/26/2006,MVY,MA,ANE,EN,Federal Contract Tower,0,6,4,0,10,0,23,39,0,62,0,29,43,0,72,12,0,12,84
04/27/2006,MVY,MA,ANE,EN,Federal Contract Tower,0,1,5,0,6,0,32,54,0,86,0,33,59,0,92,0,0,0,92
04/28/2006,MVY,MA,ANE,EN,Federal Contract Tower,0,2,7,0,9,0,57,67,0,124,0,59,74,0,133,0,0,0,133
04/29/2006,MVY,MA,ANE,EN,Federal Contract Tower,0,10,7,0,17,0,15,84,0,99,0,25,91,0,116,6,0,6,122
04/30/2006,MVY,MA,ANE,EN,Federal Contract Tower,0,11,11,0,22,0,14,93,0,107,0,25,104,0,129,0,0,0,129
05/01/2006,MVY,MA,ANE,EN,Federal Contract Tower,0,6,5,0,11,0,26,22,2,50,0,32,27,2,61,0,0,0,61
05/02/2006,MVY,MA,ANE,EN,Federal Contract Tower,0,30,0,2,32,0,0,0,0,0,0,30,0,2,32,0,0,0,32
05/03/2006,MVY,MA,ANE,EN,Federal Contract Tower,0,32,5,0,37,0,0,0,0,0,0,32,5,0,37,0,0,0,37
05/04/2006,MVY,MA,ANE,EN,Federal Contract Tower,0,11,4,0,15,0,27,52,0,79,0,38,56,0,94,4,0,4,98
05/05/2006,MVY,MA,ANE,EN,Federal Contract Tower,0,13,3,0,16,0,37,81,0,118,0,50,84,0,134,0,0,0,134
05/06/2006,MVY,MA,ANE,EN,Federal Contract Tower,0,6,17,0,23,0,20,85,0,105,0,26,102,0,128,0,0,0,128
05/07/2006,MVY,MA,ANE,EN,Federal Contract Tower,0,10,5,0,15,0,18,139,0,157,0,28,144,0,172,6,0,6,178
05/08/2006,MVY,MA,ANE,EN,Federal Contract Tower,0,6,0,0,6,0,40,60,0,100,0,46,60,0,106,8,0,8,114
05/09/2006,MVY,MA,ANE,EN,Federal Contract Tower,0,14,5,0,19,0,19,5,0,24,0,33,10,0,43,0,0,0,43
05/10/2006,MVY,MA,ANE,EN,Federal Contract Tower,0,23,10,2,35,0,0,0,0,0,0,23,10,2,35,0,0,0,35
05/11/2006,MVY,MA,ANE,EN,Federal Contract Tower,0,31,12,2,45,0,0,0,0,0,0,31,12,2,45,0,0,0,45
05/12/2006,MVY,MA,ANE,EN,Federal Contract Tower,0,46,8,0,54,0,7,4,0,11,0,53,12,0,65,0,0,0,65
05/13/2006,MVY,MA,ANE,EN,Federal Contract Tower,0,22,3,0,25,0,0,0,0,0,0,22,3,0,25,0,0,0,25
05/14/2006,MVY,MA,ANE,EN,Federal Contract Tower,0,19,7,0,26,0,0,2,0,2,0,19,9,0,28,0,0,0,28
05/15/2006,MVY,MA,ANE,EN,Federal Contract Tower,0,31,9,0,40,0,0,0,0,0,0,31,9,0,40,0,0,0,40
05/16/2006,MVY,MA,ANE,EN,Federal Contract Tower,0,43,8,0,51,0,0,1,0,1,0,43,9,0,52,0,0,0,52
05/17/2006,MVY,MA,ANE,EN,Federal Contract Tower,0,9,5,0,14,0,55,76,0,131,0,64,81,0,145,39,0,39,184
05/18/2006,MVY,MA,ANE,EN,Federal Contract Tower,0,14,12,0,26,0,51,32,0,83,0,65,44,0,109,24,0,24,133
05/19/2006,MVY,MA,ANE,EN,Federal Contract Tower,0,42,22,0,64,0,16,9,0,25,0,58,31,0,89,0,0,0,89
05/20/2006,MVY,MA,ANE,EN,Federal Contract Tower,0,9,8,0,17,0,35,74,0,109,0,44,82,0,126,4,2,6,132
05/21/2006,MVY,MA,ANE,EN,Federal Contract Tower,0,23,14,0,37,0,53,69,0,122,0,76,83,0,159,2,0,2,161
05/22/2006,MVY,MA,ANE,EN,Federal Contract Tower,0,8,7,0,15,0,67,46,3,116,0,75,53,3,131,8,6,14,145
05/23/2006,MVY,MA,ANE,EN,Federal Contract Tower,0,9,3,0,12,0,78,69,2,149,0,87,72,2,161,28,0,28,189
05/24/2006,MVY,MA,ANE,EN,Federal Contract Tower,0,17,16,0,33,0,60,78,0,138,0,77,94,0,171,14,0,14,185
05/25/2006,MVY,MA,ANE,EN,Federal Contract Tower,0,36,30,0,66,0,67,119,0,186,0,103,149,0,252,2,0,2,254
05/26/2006,MVY,MA,ANE,EN,Federal Contract Tower,0,88,51,0,139,0,0,0,0,0,0,88,51,0,139,0,0,0,139
05/27/2006,MVY,MA,ANE,EN,Federal Contract Tower,0,47,56,0,103,0,19,35,0,54,0,66,91,0,157,0,0,0,157
05/28/2006,MVY,MA,ANE,EN,Federal Contract Tower,0,7,20,0,27,0,45,141,0,186,0,52,161,0,213,0,0,0,213
05/29/2006,MVY,MA,ANE,EN,Federal Contract Tower,0,49,56,0,105,0,75,169,0,244,0,124,225,0,349,0,0,0,349
05/30/2006,MVY,MA,ANE,EN,Federal Contract Tower,0,25,25,0,50,0,41,88,0,129,0,66,113,0,179,2,0,2,181
05/31/2006,MVY,MA,ANE,EN,Federal Contract Tower,0,52,18,0,70,0,17,30,0,47,0,69,48,0,117,0,0,0,117
06/01/2006,MVY,MA,ANE,EN,Federal Contract Tower,0,57,20,0,77,0,15,15,0,30,0,72,35,0,107,0,0,0,107
06/02/2006,MVY,MA,ANE,EN,Federal Contract Tower,0,73,28,0,101,0,0,0,0,0,0,73,28,0,101,0,0,0,101
06/03/2006,MVY,MA,ANE,EN,Federal Contract Tower,0,42,16,0,58,0,0,0,0,0,0,42,16,0,58,0,0,0,58
06/04/2006,MVY,MA,ANE,EN,Federal Contract Tower,0,63,42,0,105,0,1,13,0,14,0,64,55,0,119,0,0,0,119
06/05/2006,MVY,MA,ANE,EN,Federal Contract Tower,0,22,10,0,32,0,30,47,0,77,0,52,57,0,109,2,0,2,111
06/06/2006,MVY,MA,ANE,EN,Federal Contract Tower,0,34,19,1,54,0,39,60,0,99,0,73,79,1,153,16,2,18,171
06/07/2006,MVY,MA,ANE,EN,Federal Contract Tower,0,41,5,0,46,0,0,0,0,0,0,41,5,0,46,0,0,0,46
06/08/2006,MVY,MA,ANE,EN,Federal Contract Tower,0,80,30,0,110,0,1,0,0,1,0,81,30,0,111,0,0,0,111
06/09/2006,MVY,MA,ANE,EN,Federal Contract Tower,0,77,43,0,120,0,0,0,0,0,0,77,43,0,120,0,0,0,120
06/10/2006,MVY,MA,ANE,EN,Federal Contract Tower,0,76,44,0,120,0,0,0,0,0,0,76,44,0,120,0,0,0,120
06/11/2006,MVY,MA,ANE,EN,Federal Contract Tower,0,19,36,0,55,0,60,113,0,173,0,79,149,0,228,2,0,2,230
06/12/2006,MVY,MA,ANE,EN,Federal Contract Tower,0,25,9,0,34,0,57,85,0,142,0,82,94,0,176,3,0,3,179
06/13/2006,MVY,MA,ANE,EN,Federal Contract Tower,0,23,17,0,40,0,73,76,1,150,0,96,93,1,190,2,0,2,192
06/14/2006,MVY,MA,ANE,EN,Federal Contract Tower,0,46,13,0,59,0,53,66,0,119,0,99,79,0,178,6,0,6,184
06/15/2006,MVY,MA,ANE,EN,Federal Contract Tower,0,67,32,0,99,0,43,29,0,72,0,110,61,0,171,0,0,0,171
06/16/2006,MVY,MA,ANE,EN,Federal Contract Tower,0,29,36,0,65,0,89,208,1,298,0,118,244,1,363,5,0,5,368
06/17/2006,MVY,MA,ANE,EN,Federal Contract Tower,0,12,35,0,47,0,45,146,0,191,0,57,181,0,238,0,0,0,238
06/18/2006,MVY,MA,ANE,EN,Federal Contract Tower,0,44,30,0,74,0,64,178,0,242,0,108,208,0,316,0,0,0,316
06/19/2006,MVY,MA,ANE,EN,Federal Contract Tower,0,36,27,0,63,0,70,64,0,134,0,106,91,0,197,0,0,0,197
06/20/2006,MVY,MA,ANE,EN,Federal Contract Tower,0,92,40,0,132,0,8,6,0,14,0,100,46,0,146,6,0,6,152
06/21/2006,MVY,MA,ANE,EN,Federal Contract Tower,0,29,20,0,49,0,71,150,0,221,0,100,170,0,270,0,0,0,270
06/22/2006,MVY,MA,ANE,EN,Federal Contract Tower,0,85,52,0,137,0,45,53,0,98,0,130,105,0,235,0,0,0,235
06/23/2006,MVY,MA,ANE,EN,Federal Contract Tower,0,63,35,0,98,0,14,13,1,28,0,77,48,1,126,0,0,0,126
06/24/2006,MVY,MA,ANE,EN,Federal Contract Tower,0,81,31,0,112,0,0,0,0,0,0,81,31,0,112,0,0,0,112
06/25/2006,MVY,MA,ANE,EN,Federal Contract Tower,0,81,31,0,112,0,0,0,0,0,0,81,31,0,112,0,0,0,112
06/26/2006,MVY,MA,ANE,EN,Federal Contract Tower,0,84,46,0,130,0,26,33,0,59,0,110,79,0,189,0,0,0,189
06/27/2006,MVY,MA,ANE,EN,Federal Contract Tower,0,56,29,0,85,0,67,51,2,120,0,123,80,2,205,8,0,8,213
06/28/2006,MVY,MA,ANE,EN,Federal Contract Tower,0,66,19,5,90,0,44,18,2,64,0,110,37,7,154,0,0,0,154
06/29/2006,MVY,MA,ANE,EN,Federal Contract Tower,0,97,33,0,130,0,0,1,0,1,0,97,34,0,131,0,0,0,131
06/30/2006,MVY,MA,ANE,EN,Federal Contract Tower,0,116,90,0,206,0,81,99,0,180,0,197,189,0,386,0,0,0,386
07/01/2006,MVY,MA,ANE,EN,Federal Contract Tower,0,43,53,0,96,0,79,211,0,290,0,122,264,0,386,0,0,0,386
07/02/2006,MVY,MA,ANE,EN,Federal Contract Tower,0,46,23,0,69,0,70,91,2,163,0,116,114,2,232,0,0,0,232
07/03/2006,MVY,MA,ANE,EN,Federal Contract Tower,0,52,24,0,76,0,77,172,0,249,0,129,196,0,325,0,0,0,325
07/04/2006,MVY,MA,ANE,EN,Federal Contract Tower,0,155,69,0,224,0,0,0,0,0,0,155,69,0,224,0,0,0,224
07/05/2006,MVY,MA,ANE,EN,Federal Contract Tower,0,149,108,0,257,0,13,11,0,24,0,162,119,0,281,0,0,0,281
07/06/2006,MVY,MA,ANE,EN,Federal Contract Tower,0,81,54,0,135,0,64,63,2,129,0,145,117,2,264,2,0,2,266
07/07/2006,MVY,MA,ANE,EN,Federal Contract Tower,0,56,50,0,106,0,90,219,2,311,0,146,269,2,417,0,2,2,419
07/08/2006,MVY,MA,ANE,EN,Federal Contract Tower,0,33,23,0,56,0,89,180,0,269,0,122,203,0,325,0,0,0,325
07/09/2006,MVY,MA,ANE,EN,Federal Contract Tower,0,0,0,0,0,0,184,212,0,396,0,184,212,0,396,0,0,0,396
07/10/2006,MVY,MA,ANE,EN,Federal Contract Tower,0,98,35,0,133,0,88,113,0,201,0,186,148,0,334,0,0,0,334
07/11/2006,MVY,MA,ANE,EN,Federal Contract Tower,0,70,31,0,101,0,36,7,0,43,0,106,38,0,144,0,0,0,144
07/12/2006,MVY,MA,ANE,EN,Federal Contract Tower,0,104,45,0,149,0,10,13,0,23,0,114,58,0,172,2,0,2,174
07/13/2006,MVY,MA,ANE,EN,Federal Contract Tower,0,149,59,0,208,0,9,3,0,12,0,158,62,0,220,0,0,0,220
07/14/2006,MVY,MA,ANE,EN,Federal Contract Tower,0,67,38,0,105,0,80,178,0,258,0,147,216,0,363,2,0,2,365
07/15/2006,MVY,MA,ANE,EN,Federal Contract Tower,0,59,59,0,118,0,58,116,0,174,0,117,175,0,292,0,0,0,292
07/16/2006,MVY,MA,ANE,EN,Federal Contract Tower,0,128,61,0,189,0,69,108,0,177,0,197,169,0,366,0,0,0,366
07/17/2006,MVY,MA,ANE,EN,Federal Contract Tower,0,94,60,0,154,0,71,99,0,170,0,165,159,0,324,6,0,6,330
07/18/2006,MVY,MA,ANE,EN,Federal Contract Tower,0,130,43,0,173,0,27,26,0,53,0,157,69,0,226,0,0,0,226
07/19/2006,MVY,MA,ANE,EN,Federal Contract Tower,0,50,28,0,78,0,73,96,0,169,0,123,124,0,247,8,0,8,255
07/20/2006,MVY,MA,ANE,EN,Federal Contract Tower,0,140,97,0,237,0,4,6,0,10,0,144,103,0,247,0,0,0,247
07/21/2006,MVY,MA,ANE,EN,Federal Contract Tower,0,128,91,0,219,0,5,9,0,14,0,133,100,0,233,0,0,0,233
07/22/2006,MVY,MA,ANE,EN,Federal Contract Tower,0,101,63,0,164,0,2,0,0,2,0,103,63,0,166,0,0,0,166
07/23/2006,MVY,MA,ANE,EN,Federal Contract Tower,0,144,86,0,230,0,54,25,0,79,0,198,111,0,309,0,0,0,309
07/24/2006,MVY,MA,ANE,EN,Federal Contract Tower,0,44,33,0,77,0,110,181,0,291,0,154,214,0,368,6,0,6,374
07/25/2006,MVY,MA,ANE,EN,Federal Contract Tower,0,175,53,0,228,0,5,41,0,46,0,180,94,0,274,6,0,6,280
07/26/2006,MVY,MA,ANE,EN,Federal Contract Tower,0,64,37,0,101,0,87,94,0,181,0,151,131,0,282,22,0,22,304
07/27/2006,MVY,MA,ANE,EN,Federal Contract Tower,0,129,72,0,201,0,37,46,2,85,0,166,118,2,286,8,0,8,294
07/28/2006,MVY,MA,ANE,EN,Federal Contract Tower,0,56,49,0,105,0,78,111,0,189,0,134,160,0,294,0,0,0,294
07/29/2006,MVY,MA,ANE,EN,Federal Contract Tower,0,65,41,0,106,0,91,216,0,307,0,156,257,0,413,0,0,0,413
07/30/2006,MVY,MA,ANE,EN,Federal Contract Tower,0,73,71,0,144,0,114,232,0,346,0,187,303,0,490,0,0,0,490
07/31/2006,MVY,MA,ANE,EN,Federal Contract Tower,0,114,106,0,220,0,76,95,0,171,0,190,201,0,391,0,0,0,391
08/01/2006,MVY,MA,ANE,EN,Federal Contract Tower,0,67,28,0,95,0,99,82,2,183,0,166,110,2,278,6,0,6,284
08/02/2006,MVY,MA,ANE,EN,Federal Contract Tower,0,61,27,0,88,0,87,106,0,193,0,148,133,0,281,12,0,12,293
08/03/2006,MVY,MA,ANE,EN,Federal Contract Tower,0,65,59,0,124,0,56,68,0,124,0,121,127,0,248,7,0,7,255
08/04/2006,MVY,MA,ANE,EN,Federal Contract Tower,0,47,30,0,77,0,75,193,0,268,0,122,223,0,345,0,0,0,345
08/05/2006,MVY,MA,ANE,EN,Federal Contract Tower,0,134,139,0,273,0,0,27,0,27,0,134,166,0,300,0,0,0,300
08/06/2006,MVY,MA,ANE,EN,Federal Contract Tower,0,80,59,0,139,0,107,297,0,404,0,187,356,0,543,0,0,0,543
08/07/2006,MVY,MA,ANE,EN,Federal Contract Tower,0,109,73,0,182,0,95,105,0,200,0,204,178,0,382,0,0,0,382
08/08/2006,MVY,MA,ANE,EN,Federal Contract Tower,0,68,32,0,100,0,121,159,4,284,0,189,191,4,384,0,0,0,384
08/09/2006,MVY,MA,ANE,EN,Federal Contract Tower,0,54,36,0,90,0,92,200,0,292,0,146,236,0,382,6,0,6,388
08/10/2006,MVY,MA,ANE,EN,Federal Contract Tower,0,79,45,0,124,0,85,135,2,222,0,164,180,2,346,10,0,10,356
08/11/2006,MVY,MA,ANE,EN,Federal Contract Tower,0,79,40,0,119,0,85,140,2,227,0,164,180,2,346,10,0,10,356
08/12/2006,MVY,MA,ANE,EN,Federal Contract Tower,1,45,18,0,64,0,87,220,0,307,1,132,238,0,371,2,0,2,373
08/13/2006,MVY,MA,ANE,EN,Federal Contract Tower,0,23,56,0,79,0,152,319,0,471,0,175,375,0,550,0,0,0,550
08/14/2006,MVY,MA,ANE,EN,Federal Contract Tower,0,63,69,0,132,0,112,129,1,242,0,175,198,1,374,4,0,4,378
08/15/2006,MVY,MA,ANE,EN,Federal Contract Tower,0,101,64,0,165,0,63,32,0,95,0,164,96,0,260,8,0,8,268
08/16/2006,MVY,MA,ANE,EN,Federal Contract Tower,0,106,64,0,170,0,51,130,0,181,0,157,194,0,351,16,0,16,367
08/17/2006,MVY,MA,ANE,EN,Federal Contract Tower,0,52,30,0,82,0,103,234,0,337,0,155,264,0,419,0,0,0,419
08/18/2006,MVY,MA,ANE,EN,Federal Contract Tower,0,61,79,0,140,0,103,163,0,266,0,164,242,0,406,0,0,0,406
08/19/2006,MVY,MA,ANE,EN,Federal Contract Tower,0,42,43,0,85,0,81,168,0,249,0,123,211,0,334,0,0,0,334
08/20/2006,MVY,MA,ANE,EN,Federal Contract Tower,0,106,78,0,184,0,52,44,0,96,0,158,122,0,280,0,0,0,280
08/21/2006,MVY,MA,ANE,EN,Federal Contract Tower,0,82,104,0,186,0,93,65,0,158,0,175,169,0,344,0,0,0,344
08/22/2006,MVY,MA,ANE,EN,Federal Contract Tower,0,45,24,0,69,0,110,126,0,236,0,155,150,0,305,8,0,8,313
08/23/2006,MVY,MA,ANE,EN,Federal Contract Tower,0,42,26,0,68,0,98,139,0,237,0,140,165,0,305,0,0,0,305
08/24/2006,MVY,MA,ANE,EN,Federal Contract Tower,0,60,56,0,116,0,87,139,0,226,0,147,195,0,342,0,0,0,342
08/25/2006,MVY,MA,ANE,EN,Federal Contract Tower,0,131,118,0,249,0,9,19,3,31,0,140,137,3,280,0,0,0,280
08/26/2006,MVY,MA,ANE,EN,Federal Contract Tower,0,49,62,0,111,0,64,89,0,153,0,113,151,0,264,0,0,0,264
08/27/2006,MVY,MA,ANE,EN,Federal Contract Tower,0,79,92,0,171,0,55,95,0,150,0,134,187,0,321,0,0,0,321
08/28/2006,MVY,MA,ANE,EN,Federal Contract Tower,0,140,71,0,211,0,0,0,0,0,0,140,71,0,211,0,0,0,211
08/29/2006,MVY,MA,ANE,EN,Federal Contract Tower,0,55,19,0,74,0,60,20,0,80,0,115,39,0,154,6,0,6,160
08/30/2006,MVY,MA,ANE,EN,Federal Contract Tower,0,93,69,0,162,0,65,72,0,137,0,158,141,0,299,10,0,10,309
08/31/2006,MVY,MA,ANE,EN,Federal Contract Tower,0,57,47,0,104,0,108,171,0,279,0,165,218,0,383,4,0,4,387
09/01/2006,MVY,MA,ANE,EN,Federal Contract Tower,0,48,42,0,90,0,115,155,0,270,0,163,197,0,360,0,0,0,360
09/02/2006,MVY,MA,ANE,EN,Federal Contract Tower,0,68,34,0,102,0,15,9,0,24,0,83,43,0,126,0,0,0,126
09/03/2006,MVY,MA,ANE,EN,Federal Contract Tower,0,95,63,0,158,0,1,0,0,1,0,96,63,0,159,0,0,0,159
09/04/2006,MVY,MA,ANE,EN,Federal Contract Tower,0,68,62,0,130,0,95,180,0,275,0,163,242,0,405,2,0,2,407
09/05/2006,MVY,MA,ANE,EN,Federal Contract Tower,0,43,29,0,72,0,69,62,0,131,0,112,91,0,203,0,0,0,203
09/06/2006,MVY,MA,ANE,EN,Federal Contract Tower,0,62,16,0,78,0,53,27,0,80,0,115,43,0,158,0,0,0,158
09/07/2006,MVY,MA,ANE,EN,Federal Contract Tower,0,40,24,0,64,0,54,90,0,144,0,94,114,0,208,0,0,0,208
09/08/2006,MVY,MA,ANE,EN,Federal Contract Tower,0,50,35,0,85,0,75,143,2,220,0,125,178,2,305,0,0,0,305
09/09/2006,MVY,MA,ANE,EN,Federal Contract Tower,0,23,29,0,52,0,51,80,0,131,0,74,109,0,183,0,0,0,183
09/10/2006,MVY,MA,ANE,EN,Federal Contract Tower,0,59,49,0,108,0,106,164,0,270,0,165,213,0,378,0,0,0,378
09/11/2006,MVY,MA,ANE,EN,Federal Contract Tower,0,22,20,0,42,0,63,74,0,137,0,85,94,0,179,0,0,0,179
09/12/2006,MVY,MA,ANE,EN,Federal Contract Tower,0,19,13,0,32,0,60,63,0,123,0,79,76,0,155,0,0,0,155
09/13/2006,MVY,MA,ANE,EN,Federal Contract Tower,0,20,12,0,32,0,33,34,0,67,0,53,46,0,99,0,0,0,99
09/14/2006,MVY,MA,ANE,EN,Federal Contract Tower,0,42,34,0,76,0,48,32,0,80,0,90,66,0,156,0,0,0,156
09/15/2006,MVY,MA,ANE,EN,Federal Contract Tower,0,104,72,0,176,0,0,0,0,0,0,104,72,0,176,0,0,0,176
09/16/2006,MVY,MA,ANE,EN,Federal Contract Tower,0,10,18,0,28,0,40,51,0,91,0,50,69,0,119,0,0,0,119
09/17/2006,MVY,MA,ANE,EN,Federal Contract Tower,0,19,38,0,57,0,57,109,0,166,0,76,147,0,223,0,0,0,223
09/18/2006,MVY,MA,ANE,EN,Federal Contract Tower,0,28,20,0,48,0,54,75,0,129,0,82,95,0,177,0,0,0,177
09/19/2006,MVY,MA,ANE,EN,Federal Contract Tower,0,27,26,0,53,0,39,41,0,80,0,66,67,0,133,0,0,0,133
09/20/2006,MVY,MA,ANE,EN,Federal Contract Tower,0,14,7,0,21,0,60,68,6,134,0,74,75,6,155,0,0,0,155
09/21/2006,MVY,MA,ANE,EN,Federal Contract Tower,0,13,19,0,32,0,71,78,0,149,0,84,97,0,181,0,0,0,181
09/22/2006,MVY,MA,ANE,EN,Federal Contract Tower,0,27,41,0,68,0,52,90,0,142,0,79,131,0,210,0,0,0,210
09/23/2006,MVY,MA,ANE,EN,Federal Contract Tower,0,37,33,1,71,0,20,15,0,35,0,57,48,1,106,0,0,0,106
09/24/2006,MVY,MA,ANE,EN,Federal Contract Tower,0,79,61,0,140,0,23,9,0,32,0,102,70,0,172,0,0,0,172
09/25/2006,MVY,MA,ANE,EN,Federal Contract Tower,0,11,18,0,29,0,79,79,0,158,0,90,97,0,187,0,0,0,187
09/26/2006,MVY,MA,ANE,EN,Federal Contract Tower,0,7,15,0,22,0,55,81,4,140,0,62,96,4,162,0,0,0,162
09/27/2006,MVY,MA,ANE,EN,Federal Contract Tower,0,12,4,1,17,0,45,89,0,134,0,57,93,1,151,0,0,0,151
09/28/2006,MVY,MA,ANE,EN,Federal Contract Tower,0,42,23,0,65,0,46,61,0,107,0,88,84,0,172,0,0,0,172
09/29/2006,MVY,MA,ANE,EN,Federal Contract Tower,0,48,38,0,86,0,29,25,0,54,0,77,63,0,140,0,0,0,140
09/30/2006,MVY,MA,ANE,EN,Federal Contract Tower,0,18,27,0,45,0,41,99,0,140,0,59,126,0,185,0,0,0,185
10/01/2006,MVY,MA,ANE,EN,Federal Contract Tower,0,42,41,0,83,0,40,27,0,67,0,82,68,0,150,0,0,0,150
10/02/2006,MVY,MA,ANE,EN,Federal Contract Tower,0,15,9,0,24,0,68,72,0,140,0,83,81,0,164,0,0,0,164
10/03/2006,MVY,MA,ANE,EN,Federal Contract Tower,0,9,14,0,23,0,58,51,0,109,0,67,65,0,132,3,0,3,135
10/04/2006,MVY,MA,ANE,EN,Federal Contract Tower,0,35,13,0,48,0,34,41,0,75,0,69,54,0,123,0,0,0,123
10/05/2006,MVY,MA,ANE,EN,Federal Contract Tower,0,18,7,0,25,0,77,37,0,114,0,95,44,0,139,0,0,0,139
10/06/2006,MVY,MA,ANE,EN,Federal Contract Tower,0,27,60,0,87,0,52,55,2,109,0,79,115,2,196,12,0,12,208
10/07/2006,MVY,MA,ANE,EN,Federal Contract Tower,0,14,7,0,21,0,44,56,0,100,0,58,63,0,121,0,0,0,121
10/08/2006,MVY,MA,ANE,EN,Federal Contract Tower,0,9,17,0,26,0,75,137,0,212,0,84,154,0,238,0,0,0,238
10/09/2006,MVY,MA,ANE,EN,Federal Contract Tower,0,31,28,0,59,0,84,149,0,233,0,115,177,0,292,10,0,10,302
10/10/2006,MVY,MA,ANE,EN,Federal Contract Tower,0,5,12,0,17,0,43,62,0,105,0,48,74,0,122,0,0,0,122
10/11/2006,MVY,MA,ANE,EN,Federal Contract Tower,0,31,24,0,55,0,14,16,0,30,0,45,40,0,85,0,0,0,85
10/12/2006,MVY,MA,ANE,EN,Federal Contract Tower,0,48,21,0,69,0,1,1,0,2,0,49,22,0,71,0,0,0,71
10/13/2006,MVY,MA,ANE,EN,Federal Contract Tower,0,11,10,0,21,0,47,92,0,139,0,58,102,0,160,0,0,0,160
10/14/2006,MVY,MA,ANE,EN,Federal Contract Tower,0,5,7,0,12,0,32,83,0,115,0,37,90,0,127,6,0,6,133
10/15/2006,MVY,MA,ANE,EN,Federal Contract Tower,0,14,4,0,18,0,24,142,0,166,0,38,146,0,184,12,0,12,196
10/16/2006,MVY,MA,ANE,EN,Federal Contract Tower,0,11,5,0,16,0,36,83,0,119,0,47,88,0,135,0,0,0,135
10/17/2006,MVY,MA,ANE,EN,Federal Contract Tower,0,14,12,0,26,0,35,61,0,96,0,49,73,0,122,4,0,4,126
10/18/2006,MVY,MA,ANE,EN,Federal Contract Tower,0,38,17,0,55,0,3,5,0,8,0,41,22,0,63,6,0,6,69
10/19/2006,MVY,MA,ANE,EN,Federal Contract Tower,0,10,8,0,18,0,41,54,0,95,0,51,62,0,113,10,0,10,123
10/20/2006,MVY,MA,ANE,EN,Federal Contract Tower,0,51,21,0,72,0,1,2,0,3,0,52,23,0,75,2,0,2,77
10/21/2006,MVY,MA,ANE,EN,Federal Contract Tower,0,3,4,0,7,0,29,49,0,78,0,32,53,0,85,0,0,0,85
10/22/2006,MVY,MA,ANE,EN,Federal Contract Tower,0,10,17,0,27,0,55,132,0,187,0,65,149,0,214,2,0,2,216
10/23/2006,MVY,MA,ANE,EN,Federal Contract Tower,0,20,12,0,32,0,28,23,0,51,0,48,35,0,83,6,0,6,89
10/24/2006,MVY,MA,ANE,EN,Federal Contract Tower,0,7,3,0,10,0,32,25,0,57,0,39,28,0,67,0,0,0,67
10/25/2006,MVY,MA,ANE,EN,Federal Contract Tower,0,7,7,0,14,0,28,20,0,48,0,35,27,0,62,0,0,0,62
10/26/2006,MVY,MA,ANE,EN,Federal Contract Tower,0,9,10,0,19,0,34,27,3,64,0,43,37,3,83,6,4,10,93
10/27/2006,MVY,MA,ANE,EN,Federal Contract Tower,0,11,16,0,27,0,28,111,0,139,0,39,127,0,166,10,0,10,176
10/28/2006,MVY,MA,ANE,EN,Federal Contract Tower,0,8,0,0,8,0,1,0,0,1,0,9,0,0,9,0,0,0,9
10/29/2006,MVY,MA,ANE,EN,Federal Contract Tower,0,8,0,0,8,0,1,0,0,1,0,9,0,0,9,0,0,0,9
10/30/2006,MVY,MA,ANE,EN,Federal Contract Tower,0,15,12,0,27,0,31,38,0,69,0,46,50,0,96,4,0,4,100
10/31/2006,MVY,MA,ANE,EN,Federal Contract Tower,0,7,8,0,15,0,20,45,3,68,0,27,53,3,83,106,8,114,197
11/01/2006,MVY,MA,ANE,EN,Federal Contract Tower,0,3,2,0,5,0,19,34,0,53,0,22,36,0,58,4,0,4,62
11/02/2006,MVY,MA,ANE,EN,Federal Contract Tower,0,14,6,0,20,0,16,4,0,20,0,30,10,0,40,0,0,0,40
11/03/2006,MVY,MA,ANE,EN,Federal Contract Tower,0,5,2,0,7,0,17,71,0,88,0,22,73,0,95,0,2,2,97
11/04/2006,MVY,MA,ANE,EN,Federal Contract Tower,0,2,7,0,9,0,16,143,2,161,0,18,150,2,170,0,2,2,172
11/05/2006,MVY,MA,ANE,EN,Federal Contract Tower,0,0,10,0,10,0,7,130,0,137,0,7,140,0,147,2,0,2,149
11/06/2006,MVY,MA,ANE,EN,Federal Contract Tower,0,3,6,0,9,0,28,32,0,60,0,31,38,0,69,20,0,20,89
11/07/2006,MVY,MA,ANE,EN,Federal Contract Tower,0,2,7,2,11,0,28,52,0,80,0,30,59,2,91,8,0,8,99
11/08/2006,MVY,MA,ANE,EN,Federal Contract Tower,0,19,1,0,20,0,0,0,0,0,0,19,1,0,20,0,0,0,20
11/09/2006,MVY,MA,ANE,EN,Federal Contract Tower,0,14,11,0,25,0,2,8,0,10,0,16,19,0,35,0,0,0,35
11/10/2006,MVY,MA,ANE,EN,Federal Contract Tower,0,2,5,0,7,0,23,73,0,96,0,25,78,0,103,24,4,28,131
11/11/2006,MVY,MA,ANE,EN,Federal Contract Tower,0,1,5,0,6,0,18,72,0,90,0,19,77,0,96,6,0,6,102
11/12/2006,MVY,MA,ANE,EN,Federal Contract Tower,0,3,12,0,15,0,6,6,0,12,0,9,18,0,27,0,0,0,27
11/13/2006,MVY,MA,ANE,EN,Federal Contract Tower,0,10,12,0,22,0,11,0,0,11,0,21,12,0,33,0,0,0,33
11/14/2006,MVY,MA,ANE,EN,Federal Contract Tower,0,15,3,0,18,0,14,5,0,19,0,29,8,0,37,0,0,0,37
11/15/2006,MVY,MA,ANE,EN,Federal Contract Tower,0,18,9,0,27,0,8,5,0,13,0,26,14,0,40,4,0,4,44
11/16/2006,MVY,MA,ANE,EN,Federal Contract Tower,0,13,2,0,15,0,7,3,0,10,0,20,5,0,25,0,2,2,27
11/17/2006,MVY,MA,ANE,EN,Federal Contract Tower,0,19,13,0,32,0,8,14,0,22,0,27,27,0,54,18,0,18,72
11/18/2006,MVY,MA,ANE,EN,Federal Contract Tower,0,5,11,0,16,0,49,147,0,196,0,54,158,0,212,8,0,8,220
11/19/2006,MVY,MA,ANE,EN,Federal Contract Tower,0,4,17,0,21,0,12,45,0,57,0,16,62,0,78,0,0,0,78
11/20/2006,MVY,MA,ANE,EN,Federal Contract Tower,0,8,2,0,10,0,17,34,0,51,0,25,36,0,61,0,0,0,61
11/21/2006,MVY,MA,ANE,EN,Federal Contract Tower,0,9,6,0,15,0,26,53,0,79,0,35,59,0,94,2,0,2,96
11/22/2006,MVY,MA,ANE,EN,Federal Contract Tower,0,13,22,0,35,0,22,26,0,48,0,35,48,0,83,0,0,0,83
11/23/2006,MVY,MA,ANE,EN,Federal Contract Tower,0,25,3,0,28,0,0,0,0,0,0,25,3,0,28,0,0,0,28
11/24/2006,MVY,MA,ANE,EN,Federal Contract Tower,0,18,8,0,26,0,19,45,0,64,0,37,53,0,90,0,0,0,90
11/25/2006,MVY,MA,ANE,EN,Federal Contract Tower,0,16,15,0,31,0,10,114,0,124,0,26,129,0,155,14,0,14,169
11/26/2006,MVY,MA,ANE,EN,Federal Contract Tower,0,16,26,0,42,0,28,165,0,193,0,44,191,0,235,6,0,6,241
11/27/2006,MVY,MA,ANE,EN,Federal Contract Tower,0,12,13,0,25,0,21,29,0,50,0,33,42,0,75,22,0,22,97
11/28/2006,MVY,MA,ANE,EN,Federal Contract Tower,0,22,19,0,41,0,0,0,0,0,0,22,19,0,41,0,16,16,57
11/29/2006,MVY,MA,ANE,EN,Federal Contract Tower,0,9,12,0,21,0,8,10,0,18,0,17,22,0,39,6,0,6,45
11/30/2006,MVY,MA,ANE,EN,Federal Contract Tower,0,0,0,0,0,0,15,15,0,30,0,15,15,0,30,10,10,20,50
12/01/2006,MVY,MA,ANE,EN,Federal Contract Tower,0,19,4,0,23,0,1,2,0,3,0,20,6,0,26,0,0,0,26
12/02/2006,MVY,MA,ANE,EN,Federal Contract Tower,0,3,8,0,11,0,10,23,0,33,0,13,31,0,44,2,0,2,46
12/03/2006,MVY,MA,ANE,EN,Federal Contract Tower,0,4,9,0,13,0,9,102,0,111,0,13,111,0,124,0,0,0,124
12/04/2006,MVY,MA,ANE,EN,Federal Contract Tower,0,16,2,0,18,0,3,4,0,7,0,19,6,0,25,0,0,0,25
12/05/2006,MVY,MA,ANE,EN,Federal Contract Tower,0,2,6,0,8,0,14,22,0,36,0,16,28,0,44,2,0,2,46
12/06/2006,MVY,MA,ANE,EN,Federal Contract Tower,0,3,4,0,7,0,9,13,0,22,0,12,17,0,29,0,0,0,29
12/07/2006,MVY,MA,ANE,EN,Federal Contract Tower,0,6,3,0,9,0,19,42,0,61,0,25,45,0,70,12,0,12,82
12/08/2006,MVY,MA,ANE,EN,Federal Contract Tower,0,10,10,0,20,0,7,3,0,10,0,17,13,0,30,0,2,2,32
12/09/2006,MVY,MA,ANE,EN,Federal Contract Tower,0,0,4,0,4,0,14,54,0,68,0,14,58,0,72,12,0,12,84
12/10/2006,MVY,MA,ANE,EN,Federal Contract Tower,0,0,14,0,14,0,10,61,0,71,0,10,75,0,85,0,0,0,85
12/11/2006,MVY,MA,ANE,EN,Federal Contract Tower,0,1,6,0,7,0,24,33,0,57,0,25,39,0,64,2,0,2,66
12/12/2006,MVY,MA,ANE,EN,Federal Contract Tower,0,3,4,0,7,0,21,34,0,55,0,24,38,0,62,2,0,2,64
12/13/2006,MVY,MA,ANE,EN,Federal Contract Tower,0,14,6,0,20,0,6,5,0,11,0,20,11,0,31,0,0,0,31
12/14/2006,MVY,MA,ANE,EN,Federal Contract Tower,0,20,26,0,46,0,4,6,0,10,0,24,32,0,56,0,0,0,56
12/15/2006,MVY,MA,ANE,EN,Federal Contract Tower,0,25,23,0,48,0,0,0,0,0,0,25,23,0,48,3,0,3,51
12/16/2006,MVY,MA,ANE,EN,Federal Contract Tower,0,5,0,0,5,0,17,75,0,92,0,22,75,0,97,18,0,18,115
12/17/2006,MVY,MA,ANE,EN,Federal Contract Tower,0,4,10,0,14,0,20,61,0,81,0,24,71,0,95,10,0,10,105
12/18/2006,MVY,MA,ANE,EN,Federal Contract Tower,0,3,9,0,12,0,16,24,0,40,0,19,33,0,52,0,0,0,52
12/19/2006,MVY,MA,ANE,EN,Federal Contract Tower,0,2,2,0,4,0,22,36,0,58,0,24,38,0,62,0,0,0,62
12/20/2006,MVY,MA,ANE,EN,Federal Contract Tower,0,4,1,1,6,0,20,48,1,69,0,24,49,2,75,0,0,0,75
12/21/2006,MVY,MA,ANE,EN,Federal Contract Tower,0,6,8,0,14,0,17,26,0,43,0,23,34,0,57,6,0,6,63
12/22/2006,MVY,MA,ANE,EN,Federal Contract Tower,0,6,11,2,19,0,15,31,0,46,0,21,42,2,65,0,0,0,65
12/23/2006,MVY,MA,ANE,EN,Federal Contract Tower,0,21,4,0,25,0,0,0,0,0,0,21,4,0,25,0,0,0,25
12/24/2006,MVY,MA,ANE,EN,Federal Contract Tower,0,2,2,0,4,0,9,30,0,39,0,11,32,0,43,0,0,0,43
12/25/2006,MVY,MA,ANE,EN,Federal Contract Tower,0,4,1,0,5,0,8,11,0,19,0,12,12,0,24,0,0,0,24
12/26/2006,MVY,MA,ANE,EN,Federal Contract Tower,0,19,6,0,25,0,0,0,0,0,0,19,6,0,25,0,0,0,25
12/27/2006,MVY,MA,ANE,EN,Federal Contract Tower,0,6,9,2,17,0,19,33,0,52,0,25,42,2,69,0,0,0,69
12/28/2006,MVY,MA,ANE,EN,Federal Contract Tower,0,2,2,0,4,0,20,53,0,73,0,22,55,0,77,2,0,2,79
12/29/2006,MVY,MA,ANE,EN,Federal Contract Tower,0,9,7,0,16,0,17,45,0,62,0,26,52,0,78,2,0,2,80
12/30/2006,MVY,MA,ANE,EN,Federal Contract Tower,0,4,2,0,6,0,12,33,0,45,0,16,35,0,51,0,0,0,51
12/31/2006,MVY,MA,ANE,EN,Federal Contract Tower,0,1,7,0,8,0,14,131,0,145,0,15,138,0,153,18,0,18,171
01/01/2007,MVY,MA,ANE,EN,Federal Contract Tower,0,14,2,0,16,0,0,0,0,0,0,14,2,0,16,0,0,0,16
01/02/2007,MVY,MA,ANE,EN,Federal Contract Tower,0,1,2,0,3,0,20,19,0,39,0,21,21,0,42,8,0,8,50
01/03/2007,MVY,MA,ANE,EN,Federal Contract Tower,0,4,4,0,8,0,16,39,0,55,0,20,43,0,63,2,0,2,65
01/04/2007,MVY,MA,ANE,EN,Federal Contract Tower,0,7,3,0,10,0,17,45,0,62,0,24,48,0,72,12,0,12,84
01/05/2007,MVY,MA,ANE,EN,Federal Contract Tower,0,8,3,0,11,0,6,7,0,13,0,14,10,0,24,4,0,4,28
01/06/2007,MVY,MA,ANE,EN,Federal Contract Tower,0,8,8,0,16,0,0,0,0,0,0,8,8,0,16,0,0,0,16
01/07/2007,MVY,MA,ANE,EN,Federal Contract Tower,0,1,5,0,6,0,15,97,0,112,0,16,102,0,118,6,0,6,124
01/08/2007,MVY,MA,ANE,EN,Federal Contract Tower,0,11,0,0,11,0,1,0,0,1,0,12,0,0,12,0,0,0,12
01/09/2007,MVY,MA,ANE,EN,Federal Contract Tower,0,5,8,0,13,0,22,42,0,64,0,27,50,0,77,6,0,6,83
01/10/2007,MVY,MA,ANE,EN,Federal Contract Tower,0,2,2,0,4,0,23,56,0,79,0,25,58,0,83,20,0,20,103
01/11/2007,MVY,MA,ANE,EN,Federal Contract Tower,0,3,0,0,3,0,22,70,0,92,0,25,70,0,95,2,0,2,97
01/12/2007,MVY,MA,ANE,EN,Federal Contract Tower,0,4,9,0,13,0,19,31,0,50,0,23,40,0,63,4,0,4,67
01/13/2007,MVY,MA,ANE,EN,Federal Contract Tower,0,12,17,0,29,0,2,3,0,5,0,14,20,0,34,8,0,8,42
01/14/2007,MVY,MA,ANE,EN,Federal Contract Tower,0,4,3,0,7,0,0,0,0,0,0,4,3,0,7,0,0,0,7
01/15/2007,MVY,MA,ANE,EN,Federal Contract Tower,0,22,16,0,38,0,0,0,0,0,0,22,16,0,38,0,0,0,38
01/16/2007,MVY,MA,ANE,EN,Federal Contract Tower,0,2,4,0,6,0,0,0,0,0,0,2,4,0,6,0,0,0,6
01/17/2007,MVY,MA,ANE,EN,Federal Contract Tower,0,5,5,0,10,0,18,15,0,33,0,23,20,0,43,0,0,0,43
01/18/2007,MVY,MA,ANE,EN,Federal Contract Tower,0,6,12,0,18,0,9,34,0,43,0,15,46,0,61,0,0,0,61
01/19/2007,MVY,MA,ANE,EN,Federal Contract Tower,0,13,8,0,21,0,7,13,0,20,0,20,21,0,41,0,0,0,41
01/20/2007,MVY,MA,ANE,EN,Federal Contract Tower,0,1,6,0,7,0,18,7,0,25,0,19,13,0,32,0,0,0,32
01/21/2007,MVY,MA,ANE,EN,Federal Contract Tower,0,2,7,0,9,0,11,67,0,78,0,13,74,0,87,0,0,0,87
01/22/2007,MVY,MA,ANE,EN,Federal Contract Tower,0,2,4,0,6,0,7,7,0,14,0,9,11,0,20,0,0,0,20
01/23/2007,MVY,MA,ANE,EN,Federal Contract Tower,0,7,3,0,10,0,19,19,0,38,0,26,22,0,48,14,0,14,62
01/24/2007,MVY,MA,ANE,EN,Federal Contract Tower,0,1,6,0,7,0,17,51,0,68,0,18,57,0,75,0,0,0,75
01/25/2007,MVY,MA,ANE,EN,Federal Contract Tower,0,6,2,0,8,0,18,27,0,45,0,24,29,0,53,0,0,0,53
01/26/2007,MVY,MA,ANE,EN,Federal Contract Tower,0,2,2,0,4,0,11,16,0,27,0,13,18,0,31,4,0,4,35
01/27/2007,MVY,MA,ANE,EN,Federal Contract Tower,0,2,8,0,10,0,16,24,0,40,0,18,32,0,50,2,0,2,52
01/28/2007,MVY,MA,ANE,EN,Federal Contract Tower,0,9,0,0,9,0,7,56,0,63,0,16,56,0,72,0,0,0,72
01/29/2007,MVY,MA,ANE,EN,Federal Contract Tower,0,10,2,0,12,0,12,17,0,29,0,22,19,0,41,0,0,0,41
01/30/2007,MVY,MA,ANE,EN,Federal Contract Tower,0,0,2,0,2,0,23,36,0,59,0,23,38,0,61,4,0,4,65
01/31/2007,MVY,MA,ANE,EN,Federal Contract Tower,0,4,0,0,4,0,16,20,0,36,0,20,20,0,40,4,0,4,44
02/01/2007,MVY,MA,ANE,EN,Federal Contract Tower,0,4,0,0,4,14,21,0,0,35,14,25,0,0,39,0,0,0,39
02/02/2007,MVY,MA,ANE,EN,Federal Contract Tower,0,24,0,0,24,0,0,0,0,0,0,24,0,0,24,0,0,0,24
02/03/2007,MVY,MA,ANE,EN,Federal Contract Tower,0,3,1,0,4,0,11,34,0,45,0,14,35,0,49,0,0,0,49
02/04/2007,MVY,MA,ANE,EN,Federal Contract Tower,0,0,4,0,4,0,11,56,0,67,0,11,60,0,71,0,0,0,71
02/05/2007,MVY,MA,ANE,EN,Federal Contract Tower,0,2,3,0,5,0,9,28,0,37,0,11,31,0,42,0,0,0,42
02/06/2007,MVY,MA,ANE,EN,Federal Contract Tower,0,6,3,0,9,0,18,21,0,39,0,24,24,0,48,4,0,4,52
02/07/2007,MVY,MA,ANE,EN,Federal Contract Tower,0,5,0,0,5,0,13,12,0,25,0,18,12,0,30,11,0,11,41
02/08/2007,MVY,MA,ANE,EN,Federal Contract Tower,0,1,4,0,5,0,13,8,0,21,0,14,12,0,26,2,0,2,28
02/09/2007,MVY,MA,ANE,EN,Federal Contract Tower,0,2,2,0,4,0,24,19,0,43,0,26,21,0,47,0,0,0,47
02/10/2007,MVY,MA,ANE,EN,Federal Contract Tower,0,1,7,0,8,0,13,67,0,80,0,14,74,0,88,0,0,0,88
02/11/2007,MVY,MA,ANE,EN,Federal Contract Tower,0,1,5,0,6,0,19,65,0,84,0,20,70,0,90,0,0,0,90
02/12/2007,MVY,MA,ANE,EN,Federal Contract Tower,0,4,1,0,5,0,21,27,0,48,0,25,28,0,53,5,0,5,58
02/13/2007,MVY,MA,ANE,EN,Federal Contract Tower,0,3,1,0,4,0,25,27,0,52,0,28,28,0,56,0,0,0,56
02/14/2007,MVY,MA,ANE,EN,Federal Contract Tower,0,0,0,0,0,0,0,0,0,0,0,0,0,0,0,0,0,0,0
02/15/2007,MVY,MA,ANE,EN,Federal Contract Tower,0,0,1,0,1,0,30,19,0,49,0,30,20,0,50,0,0,0,50
02/16/2007,MVY,MA,ANE,EN,Federal Contract Tower,0,2,3,0,5,0,31,18,0,49,0,33,21,0,54,18,0,18,72
02/17/2007,MVY,MA,ANE,EN,Federal Contract Tower,0,2,1,0,3,0,16,76,0,92,0,18,77,0,95,22,0,22,117
02/18/2007,MVY,MA,ANE,EN,Federal Contract Tower,0,13,7,0,20,0,9,17,0,26,0,22,24,0,46,14,0,14,60
02/19/2007,MVY,MA,ANE,EN,Federal Contract Tower,0,1,1,0,2,0,16,17,0,33,0,17,18,0,35,0,0,0,35
02/20/2007,MVY,MA,ANE,EN,Federal Contract Tower,0,5,4,0,9,0,22,35,0,57,0,27,39,0,66,2,0,2,68
02/21/2007,MVY,MA,ANE,EN,Federal Contract Tower,0,4,4,0,8,0,12,37,0,49,0,16,41,0,57,8,0,8,65
02/22/2007,MVY,MA,ANE,EN,Federal Contract Tower,0,1,5,0,6,0,20,39,0,59,0,21,44,0,65,21,0,21,86
02/23/2007,MVY,MA,ANE,EN,Federal Contract Tower,0,9,2,0,11,0,5,6,0,11,0,14,8,0,22,0,0,0,22
02/24/2007,MVY,MA,ANE,EN,Federal Contract Tower,0,0,1,0,1,0,16,29,0,45,0,16,30,0,46,20,0,20,66
02/25/2007,MVY,MA,ANE,EN,Federal Contract Tower,0,0,8,0,8,0,21,117,0,138,0,21,125,0,146,17,0,17,163
02/26/2007,MVY,MA,ANE,EN,Federal Contract Tower,0,11,0,0,11,0,1,0,0,1,0,12,0,0,12,0,0,0,12
02/27/2007,MVY,MA,ANE,EN,Federal Contract Tower,0,9,6,0,15,0,17,7,0,24,0,26,13,0,39,6,0,6,45
02/28/2007,MVY,MA,ANE,EN,Federal Contract Tower,0,13,2,0,15,0,14,32,0,46,0,27,34,0,61,14,0,14,75
03/01/2007,MVY,MA,ANE,EN,Federal Contract Tower,0,4,3,0,7,0,19,29,0,48,0,23,32,0,55,4,0,4,59
03/02/2007,MVY,MA,ANE,EN,Federal Contract Tower,0,3,1,0,4,0,0,0,0,0,0,3,1,0,4,0,0,0,4
03/03/2007,MVY,MA,ANE,EN,Federal Contract Tower,0,3,5,0,8,0,8,71,0,79,0,11,76,0,87,26,0,26,113
03/04/2007,MVY,MA,ANE,EN,Federal Contract Tower,0,5,6,0,11,0,8,83,0,91,0,13,89,0,102,2,2,4,106
03/05/2007,MVY,MA,ANE,EN,Federal Contract Tower,0,0,3,0,3,0,28,16,2,46,0,28,19,2,49,8,2,10,59
03/06/2007,MVY,MA,ANE,EN,Federal Contract Tower,0,1,0,0,1,0,14,6,0,20,0,15,6,0,21,4,0,4,25
03/07/2007,MVY,MA,ANE,EN,Federal Contract Tower,0,1,5,0,6,0,20,20,0,40,0,21,25,0,46,0,2,2,48
03/08/2007,MVY,MA,ANE,EN,Federal Contract Tower,0,5,3,0,8,0,12,9,0,21,0,17,12,0,29,0,0,0,29
03/09/2007,MVY,MA,ANE,EN,Federal Contract Tower,0,3,14,0,17,0,16,37,0,53,0,19,51,0,70,2,0,2,72
03/10/2007,MVY,MA,ANE,EN,Federal Contract Tower,0,4,10,0,14,0,13,47,0,60,0,17,57,0,74,2,0,2,76
03/11/2007,MVY,MA,ANE,EN,Federal Contract Tower,0,5,8,0,13,0,20,76,0,96,0,25,84,0,109,2,0,2,111
03/12/2007,MVY,MA,ANE,EN,Federal Contract Tower,0,2,3,0,5,0,28,57,0,85,0,30,60,0,90,0,0,0,90
03/13/2007,MVY,MA,ANE,EN,Federal Contract Tower,0,1,5,2,8,0,21,42,0,63,0,22,47,2,71,2,0,2,73
03/14/2007,MVY,MA,ANE,EN,Federal Contract Tower,0,8,12,0,20,0,11,11,0,22,0,19,23,0,42,0,0,0,42
03/15/2007,MVY,MA,ANE,EN,Federal Contract Tower,0,14,6,0,20,0,5,1,0,6,0,19,7,0,26,0,0,0,26
03/16/2007,MVY,MA,ANE,EN,Federal Contract Tower,0,11,0,0,11,0,0,0,0,0,0,11,0,0,11,0,0,0,11
03/17/2007,MVY,MA,ANE,EN,Federal Contract Tower,0,9,0,0,9,0,0,0,0,0,0,9,0,0,9,0,0,0,9
03/18/2007,MVY,MA,ANE,EN,Federal Contract Tower,0,0,0,0,0,0,7,4,0,11,0,7,4,0,11,0,0,0,11
03/19/2007,MVY,MA,ANE,EN,Federal Contract Tower,0,1,1,0,2,0,21,59,0,80,0,22,60,0,82,12,0,12,94
03/20/2007,MVY,MA,ANE,EN,Federal Contract Tower,0,6,4,0,10,0,19,26,0,45,0,25,30,0,55,0,0,0,55
03/21/2007,MVY,MA,ANE,EN,Federal Contract Tower,0,1,2,0,3,0,25,49,0,74,0,26,51,0,77,10,0,10,87
03/22/2007,MVY,MA,ANE,EN,Federal Contract Tower,0,25,2,0,27,0,0,0,0,0,0,25,2,0,27,0,0,0,27
03/23/2007,MVY,MA,ANE,EN,Federal Contract Tower,0,19,16,0,35,0,18,25,0,43,0,37,41,0,78,4,0,4,82
03/24/2007,MVY,MA,ANE,EN,Federal Contract Tower,0,0,4,0,4,0,19,146,0,165,0,19,150,0,169,0,0,0,169
03/25/2007,MVY,MA,ANE,EN,Federal Contract Tower,0,8,15,0,23,0,8,61,0,69,0,16,76,0,92,0,0,0,92
03/26/2007,MVY,MA,ANE,EN,Federal Contract Tower,0,10,12,0,22,0,17,36,0,53,0,27,48,0,75,2,0,2,77
03/27/2007,MVY,MA,ANE,EN,Federal Contract Tower,0,14,10,0,24,0,18,30,0,48,0,32,40,0,72,12,0,12,84
03/28/2007,MVY,MA,ANE,EN,Federal Contract Tower,0,3,0,0,3,0,20,33,0,53,0,23,33,0,56,6,0,6,62
03/29/2007,MVY,MA,ANE,EN,Federal Contract Tower,0,3,4,0,7,0,8,8,0,16,0,11,12,0,23,0,0,0,23
03/30/2007,MVY,MA,ANE,EN,Federal Contract Tower,0,1,9,0,10,0,23,34,2,59,0,24,43,2,69,8,0,8,77
03/31/2007,MVY,MA,ANE,EN,Federal Contract Tower,0,2,15,0,17,0,17,141,2,160,0,19,156,2,177,24,2,26,203
04/01/2007,MVY,MA,ANE,EN,Federal Contract Tower,0,3,10,0,13,0,14,106,0,120,0,17,116,0,133,26,0,26,159
04/02/2007,MVY,MA,ANE,EN,Federal Contract Tower,0,22,6,0,28,0,0,0,0,0,0,22,6,0,28,0,0,0,28
04/03/2007,MVY,MA,ANE,EN,Federal Contract Tower,0,26,7,0,33,0,3,4,0,7,0,29,11,0,40,0,0,0,40
04/04/2007,MVY,MA,ANE,EN,Federal Contract Tower,0,9,7,0,16,0,18,6,0,24,0,27,13,0,40,0,0,0,40
04/05/2007,MVY,MA,ANE,EN,Federal Contract Tower,0,19,4,0,23,0,16,13,0,29,0,35,17,0,52,6,0,6,58
04/06/2007,MVY,MA,ANE,EN,Federal Contract Tower,0,10,8,0,18,0,27,34,0,61,0,37,42,0,79,42,0,42,121
04/07/2007,MVY,MA,ANE,EN,Federal Contract Tower,0,8,9,0,17,0,14,63,0,77,0,22,72,0,94,32,0,32,126
04/08/2007,MVY,MA,ANE,EN,Federal Contract Tower,0,6,9,0,15,0,26,37,0,63,0,32,46,0,78,16,0,16,94
04/09/2007,MVY,MA,ANE,EN,Federal Contract Tower,0,3,2,0,5,0,32,66,0,98,0,35,68,0,103,4,0,4,107
04/10/2007,MVY,MA,ANE,EN,Federal Contract Tower,0,2,13,0,15,0,24,44,0,68,0,26,57,0,83,4,2,6,89
04/11/2007,MVY,MA,ANE,EN,Federal Contract Tower,0,4,9,0,13,0,18,61,0,79,0,22,70,0,92,14,0,14,106
04/12/2007,MVY,MA,ANE,EN,Federal Contract Tower,0,9,0,0,9,0,8,6,0,14,0,17,6,0,23,4,0,4,27
04/13/2007,MVY,MA,ANE,EN,Federal Contract Tower,0,3,3,0,6,0,19,30,0,49,0,22,33,0,55,20,0,20,75
04/14/2007,MVY,MA,ANE,EN,Federal Contract Tower,0,3,13,0,16,0,10,81,0,91,0,13,94,0,107,20,0,20,127
04/15/2007,MVY,MA,ANE,EN,Federal Contract Tower,0,11,4,0,15,0,0,0,0,0,0,11,4,0,15,0,0,0,15
04/16/2007,MVY,MA,ANE,EN,Federal Contract Tower,0,7,2,0,9,0,2,0,0,2,0,9,2,0,11,0,0,0,11
04/17/2007,MVY,MA,ANE,EN,Federal Contract Tower,0,18,8,0,26,0,0,0,0,0,0,18,8,0,26,2,2,4,30
04/18/2007,MVY,MA,ANE,EN,Federal Contract Tower,0,29,1,0,30,0,0,0,0,0,0,29,1,0,30,0,0,0,30
04/19/2007,MVY,MA,ANE,EN,Federal Contract Tower,0,10,2,0,12,0,11,7,0,18,0,21,9,0,30,6,0,6,36
04/20/2007,MVY,MA,ANE,EN,Federal Contract Tower,0,9,5,0,14,0,21,31,0,52,0,30,36,0,66,18,0,18,84
04/21/2007,MVY,MA,ANE,EN,Federal Contract Tower,0,0,7,0,7,0,17,122,0,139,0,17,129,0,146,56,0,56,202
04/22/2007,MVY,MA,ANE,EN,Federal Contract Tower,0,1,5,0,6,0,17,126,0,143,0,18,131,0,149,70,0,70,219
04/23/2007,MVY,MA,ANE,EN,Federal Contract Tower,0,5,3,0,8,0,16,47,0,63,0,21,50,0,71,16,0,16,87
04/24/2007,MVY,MA,ANE,EN,Federal Contract Tower,0,9,8,1,18,0,23,31,1,55,0,32,39,2,73,10,0,10,83
04/25/2007,MVY,MA,ANE,EN,Federal Contract Tower,0,4,4,0,8,0,20,42,0,62,0,24,46,0,70,26,0,26,96
04/26/2007,MVY,MA,ANE,EN,Federal Contract Tower,0,6,8,0,14,0,14,45,0,59,0,20,53,0,73,8,0,8,81
04/27/2007,MVY,MA,ANE,EN,Federal Contract Tower,0,19,4,0,23,0,0,0,0,0,0,19,4,0,23,0,0,0,23
04/28/2007,MVY,MA,ANE,EN,Federal Contract Tower,0,23,32,0,55,0,6,10,0,16,0,29,42,0,71,8,0,8,79
04/29/2007,MVY,MA,ANE,EN,Federal Contract Tower,0,15,31,0,46,0,7,23,0,30,0,22,54,0,76,20,0,20,96
04/30/2007,MVY,MA,ANE,EN,Federal Contract Tower,0,3,3,0,6,0,13,21,0,34,0,16,24,0,40,0,0,0,40
05/01/2007,MVY,MA,ANE,EN,Federal Contract Tower,0,1,2,0,3,21,51,0,2,74,21,52,2,2,77,32,0,32,109
05/02/2007,MVY,MA,ANE,EN,Federal Contract Tower,0,21,16,0,37,0,5,15,0,20,0,26,31,0,57,6,0,6,63
05/03/2007,MVY,MA,ANE,EN,Federal Contract Tower,0,6,2,0,8,0,42,62,0,104,0,48,64,0,112,10,20,30,142
05/04/2007,MVY,MA,ANE,EN,Federal Contract Tower,0,1,10,0,11,0,42,85,0,127,0,43,95,0,138,4,0,4,142
05/05/2007,MVY,MA,ANE,EN,Federal Contract Tower,0,4,12,0,16,0,23,104,0,127,0,27,116,0,143,4,0,4,147
05/06/2007,MVY,MA,ANE,EN,Federal Contract Tower,0,13,20,0,33,0,33,87,0,120,0,46,107,0,153,0,0,0,153
05/07/2007,MVY,MA,ANE,EN,Federal Contract Tower,0,1,6,0,7,0,48,61,0,109,0,49,67,0,116,16,0,16,132
05/08/2007,MVY,MA,ANE,EN,Federal Contract Tower,0,1,8,0,9,0,45,50,0,95,0,46,58,0,104,6,0,6,110
05/09/2007,MVY,MA,ANE,EN,Federal Contract Tower,0,8,4,0,12,0,17,47,0,64,0,25,51,0,76,0,0,0,76
05/10/2007,MVY,MA,ANE,EN,Federal Contract Tower,0,27,17,0,44,0,1,3,0,4,0,28,20,0,48,0,0,0,48
05/11/2007,MVY,MA,ANE,EN,Federal Contract Tower,0,31,19,0,50,0,19,6,0,25,0,50,25,0,75,2,0,2,77
05/12/2007,MVY,MA,ANE,EN,Federal Contract Tower,0,5,8,0,13,0,23,89,0,112,0,28,97,0,125,12,0,12,137
05/13/2007,MVY,MA,ANE,EN,Federal Contract Tower,0,19,16,0,35,0,24,161,0,185,0,43,177,0,220,20,0,20,240
05/14/2007,MVY,MA,ANE,EN,Federal Contract Tower,0,2,5,0,7,0,38,55,0,93,0,40,60,0,100,20,0,20,120
05/15/2007,MVY,MA,ANE,EN,Federal Contract Tower,0,8,7,2,17,0,42,22,2,66,0,50,29,4,83,8,8,16,99
05/16/2007,MVY,MA,ANE,EN,Federal Contract Tower,0,21,5,0,26,0,26,14,0,40,0,47,19,0,66,18,2,20,86
05/17/2007,MVY,MA,ANE,EN,Federal Contract Tower,1,52,12,0,65,0,11,5,0,16,1,63,17,0,81,0,0,0,81
05/18/2007,MVY,MA,ANE,EN,Federal Contract Tower,0,63,26,1,90,0,0,1,0,1,0,63,27,1,91,0,0,0,91
05/19/2007,MVY,MA,ANE,EN,Federal Contract Tower,0,39,26,0,65,0,0,0,0,0,0,39,26,0,65,0,0,0,65
05/20/2007,MVY,MA,ANE,EN,Federal Contract Tower,0,47,39,0,86,0,8,5,0,13,0,55,44,0,99,2,0,2,101
05/21/2007,MVY,MA,ANE,EN,Federal Contract Tower,0,21,16,0,37,0,32,63,0,95,0,53,79,0,132,18,0,18,150
05/22/2007,MVY,MA,ANE,EN,Federal Contract Tower,0,18,22,0,40,0,54,85,0,139,0,72,107,0,179,8,0,8,187
05/23/2007,MVY,MA,ANE,EN,Federal Contract Tower,0,16,16,0,32,0,35,56,0,91,0,51,72,0,123,6,2,8,131
05/24/2007,MVY,MA,ANE,EN,Federal Contract Tower,0,35,17,0,52,0,69,124,0,193,0,104,141,0,245,6,0,6,251
05/25/2007,MVY,MA,ANE,EN,Federal Contract Tower,0,44,51,0,95,0,98,113,0,211,0,142,164,0,306,2,0,2,308
05/26/2007,MVY,MA,ANE,EN,Federal Contract Tower,0,37,16,0,53,0,26,144,0,170,0,63,160,0,223,6,0,6,229
05/27/2007,MVY,MA,ANE,EN,Federal Contract Tower,0,15,26,0,41,0,53,137,0,190,0,68,163,0,231,12,0,12,243
05/28/2007,MVY,MA,ANE,EN,Federal Contract Tower,0,58,57,0,115,0,78,133,0,211,0,136,190,0,326,0,0,0,326
05/29/2007,MVY,MA,ANE,EN,Federal Contract Tower,0,30,10,0,40,0,42,88,0,130,0,72,98,0,170,8,2,10,180
05/30/2007,MVY,MA,ANE,EN,Federal Contract Tower,0,21,11,0,32,0,37,87,0,124,0,58,98,0,156,4,0,4,160
05/31/2007,MVY,MA,ANE,EN,Federal Contract Tower,0,38,16,0,54,0,27,43,0,70,0,65,59,0,124,10,0,10,134
06/01/2007,MVY,MA,ANE,EN,Federal Contract Tower,0,39,27,0,66,0,38,61,0,99,0,77,88,0,165,0,0,0,165
06/02/2007,MVY,MA,ANE,EN,Federal Contract Tower,0,12,17,0,29,0,31,37,0,68,0,43,54,0,97,6,8,14,111
06/03/2007,MVY,MA,ANE,EN,Federal Contract Tower,0,55,38,0,93,0,29,26,0,55,0,84,64,0,148,0,0,0,148
06/04/2007,MVY,MA,ANE,EN,Federal Contract Tower,0,51,11,0,62,0,0,0,0,0,0,51,11,0,62,0,0,0,62
06/05/2007,MVY,MA,ANE,EN,Federal Contract Tower,0,60,20,0,80,0,14,5,0,19,0,74,25,0,99,4,0,4,103
06/06/2007,MVY,MA,ANE,EN,Federal Contract Tower,0,13,22,0,35,0,63,60,0,123,0,76,82,0,158,18,0,18,176
06/07/2007,MVY,MA,ANE,EN,Federal Contract Tower,0,16,16,1,33,0,69,103,0,172,0,85,119,1,205,28,2,30,235
06/08/2007,MVY,MA,ANE,EN,Federal Contract Tower,0,96,61,0,157,0,39,31,0,70,0,135,92,0,227,8,8,16,243
06/09/2007,MVY,MA,ANE,EN,Federal Contract Tower,0,48,20,0,68,0,19,11,0,30,0,67,31,0,98,8,0,8,106
06/10/2007,MVY,MA,ANE,EN,Federal Contract Tower,0,43,44,1,88,0,59,92,0,151,0,102,136,1,239,16,0,16,255
06/11/2007,MVY,MA,ANE,EN,Federal Contract Tower,0,49,25,0,74,0,55,35,0,90,0,104,60,0,164,0,0,0,164
06/12/2007,MVY,MA,ANE,EN,Federal Contract Tower,0,76,21,0,97,0,23,16,0,39,0,99,37,0,136,0,0,0,136
06/13/2007,MVY,MA,ANE,EN,Federal Contract Tower,0,32,36,0,68,0,7,15,0,22,0,39,51,0,90,0,0,0,90
06/14/2007,MVY,MA,ANE,EN,Federal Contract Tower,0,53,49,0,102,0,14,33,0,47,0,67,82,0,149,0,0,0,149
06/15/2007,MVY,MA,ANE,EN,Federal Contract Tower,0,33,45,0,78,0,66,80,0,146,0,99,125,0,224,4,0,4,228
06/16/2007,MVY,MA,ANE,EN,Federal Contract Tower,0,16,15,0,31,0,78,123,0,201,0,94,138,0,232,10,0,10,242
06/17/2007,MVY,MA,ANE,EN,Federal Contract Tower,0,26,31,0,57,0,58,107,1,166,0,84,138,1,223,0,0,0,223
06/18/2007,MVY,MA,ANE,EN,Federal Contract Tower,0,24,20,0,44,0,72,85,4,161,0,96,105,4,205,2,0,2,207
06/19/2007,MVY,MA,ANE,EN,Federal Contract Tower,0,29,9,0,38,0,77,61,4,142,0,106,70,4,180,0,0,0,180
06/20/2007,MVY,MA,ANE,EN,Federal Contract Tower,0,66,28,0,94,0,19,11,0,30,0,85,39,0,124,2,0,2,126
06/21/2007,MVY,MA,ANE,EN,Federal Contract Tower,0,33,27,0,60,0,86,103,1,190,0,119,130,1,250,26,2,28,278
06/22/2007,MVY,MA,ANE,EN,Federal Contract Tower,0,48,36,0,84,0,82,75,0,157,0,130,111,0,241,0,2,2,243
06/23/2007,MVY,MA,ANE,EN,Federal Contract Tower,0,32,34,2,68,0,68,124,0,192,0,100,158,2,260,10,0,10,270
06/24/2007,MVY,MA,ANE,EN,Federal Contract Tower,0,43,38,0,81,0,72,156,0,228,0,115,194,0,309,8,0,8,317
06/25/2007,MVY,MA,ANE,EN,Federal Contract Tower,0,33,18,0,51,0,85,99,0,184,0,118,117,0,235,14,0,14,249
06/26/2007,MVY,MA,ANE,EN,Federal Contract Tower,0,38,20,0,58,0,77,74,0,151,0,115,94,0,209,10,0,10,219
06/27/2007,MVY,MA,ANE,EN,Federal Contract Tower,0,76,44,0,120,0,27,37,0,64,0,103,81,0,184,4,0,4,188
06/28/2007,MVY,MA,ANE,EN,Federal Contract Tower,0,91,39,2,132,0,35,25,0,60,0,126,64,2,192,0,0,0,192
06/29/2007,MVY,MA,ANE,EN,Federal Contract Tower,0,62,66,0,128,0,109,151,0,260,0,171,217,0,388,6,0,6,394
06/30/2007,MVY,MA,ANE,EN,Federal Contract Tower,0,52,38,0,90,0,96,173,0,269,0,148,211,0,359,12,0,12,371
07/01/2007,MVY,MA,ANE,EN,Federal Contract Tower,0,56,66,0,122,0,89,155,0,244,0,145,221,0,366,2,0,2,368
07/02/2007,MVY,MA,ANE,EN,Federal Contract Tower,0,41,37,0,78,0,84,117,2,203,0,125,154,2,281,10,4,14,295
07/03/2007,MVY,MA,ANE,EN,Federal Contract Tower,0,53,42,0,95,0,83,111,0,194,0,136,153,0,289,22,0,22,311
07/04/2007,MVY,MA,ANE,EN,Federal Contract Tower,0,45,41,0,86,0,70,89,0,159,0,115,130,0,245,8,0,8,253
07/05/2007,MVY,MA,ANE,EN,Federal Contract Tower,0,158,84,0,242,0,0,0,0,0,0,158,84,0,242,0,0,0,242
07/06/2007,MVY,MA,ANE,EN,Federal Contract Tower,0,94,76,0,170,0,52,43,0,95,0,146,119,0,265,0,0,0,265
07/07/2007,MVY,MA,ANE,EN,Federal Contract Tower,0,31,38,0,69,0,97,124,0,221,0,128,162,0,290,16,0,16,306
07/08/2007,MVY,MA,ANE,EN,Federal Contract Tower,0,73,70,0,143,0,100,172,2,274,0,173,242,2,417,2,0,2,419
07/09/2007,MVY,MA,ANE,EN,Federal Contract Tower,0,113,88,0,201,0,24,25,2,51,0,137,113,2,252,2,0,2,254
07/10/2007,MVY,MA,ANE,EN,Federal Contract Tower,0,122,73,0,195,0,7,6,0,13,0,129,79,0,208,0,0,0,208
07/11/2007,MVY,MA,ANE,EN,Federal Contract Tower,0,111,36,0,147,0,6,4,0,10,0,117,40,0,157,4,0,4,161
07/12/2007,MVY,MA,ANE,EN,Federal Contract Tower,0,54,46,0,100,0,70,103,0,173,0,124,149,0,273,20,0,20,293
07/13/2007,MVY,MA,ANE,EN,Federal Contract Tower,0,73,39,0,112,0,71,155,0,226,0,144,194,0,338,0,0,0,338
07/14/2007,MVY,MA,ANE,EN,Federal Contract Tower,0,44,45,0,89,0,88,206,0,294,0,132,251,0,383,22,0,22,405
07/15/2007,MVY,MA,ANE,EN,Federal Contract Tower,0,109,95,0,204,0,39,76,0,115,0,148,171,0,319,0,0,0,319
07/16/2007,MVY,MA,ANE,EN,Federal Contract Tower,2,92,56,1,151,0,60,83,0,143,2,152,139,1,294,16,2,18,312
07/17/2007,MVY,MA,ANE,EN,Federal Contract Tower,0,54,23,0,77,0,84,81,0,165,0,138,104,0,242,4,0,4,246
07/18/2007,MVY,MA,ANE,EN,Federal Contract Tower,0,121,14,0,135,0,2,0,0,2,0,123,14,0,137,10,0,10,147
07/19/2007,MVY,MA,ANE,EN,Federal Contract Tower,0,107,101,5,213,0,24,11,0,35,0,131,112,5,248,0,0,0,248
07/20/2007,MVY,MA,ANE,EN,Federal Contract Tower,0,99,74,0,173,1,70,75,0,146,1,169,149,0,319,0,0,0,319
07/21/2007,MVY,MA,ANE,EN,Federal Contract Tower,0,52,36,0,88,0,87,173,1,261,0,139,209,1,349,6,0,6,355
07/22/2007,MVY,MA,ANE,EN,Federal Contract Tower,0,58,56,0,114,0,74,156,0,230,0,132,212,0,344,0,0,0,344
07/23/2007,MVY,MA,ANE,EN,Federal Contract Tower,0,123,77,0,200,0,0,0,0,0,0,123,77,0,200,0,0,0,200
07/24/2007,MVY,MA,ANE,EN,Federal Contract Tower,1,68,36,3,108,0,72,97,0,169,1,140,133,3,277,16,2,18,295
07/25/2007,MVY,MA,ANE,EN,Federal Contract Tower,1,50,27,0,78,0,81,88,22,191,1,131,115,22,269,14,6,20,289
07/26/2007,MVY,MA,ANE,EN,Federal Contract Tower,2,72,49,0,123,0,76,140,8,224,2,148,189,8,347,20,0,20,367
07/27/2007,MVY,MA,ANE,EN,Federal Contract Tower,0,172,123,0,295,0,0,17,0,17,0,172,140,0,312,6,6,12,324
07/28/2007,MVY,MA,ANE,EN,Federal Contract Tower,0,53,27,0,80,0,77,32,0,109,0,130,59,0,189,2,0,2,191
07/29/2007,MVY,MA,ANE,EN,Federal Contract Tower,0,140,120,0,260,0,10,14,0,24,0,150,134,0,284,0,0,0,284
07/30/2007,MVY,MA,ANE,EN,Federal Contract Tower,0,118,83,0,201,0,37,37,0,74,0,155,120,0,275,0,0,0,275
07/31/2007,MVY,MA,ANE,EN,Federal Contract Tower,2,109,53,0,164,0,29,59,0,88,2,138,112,0,252,0,0,0,252
08/01/2007,MVY,MA,ANE,EN,Federal Contract Tower,0,64,58,0,122,0,78,123,2,203,0,142,181,2,325,14,2,16,341
08/02/2007,MVY,MA,ANE,EN,Federal Contract Tower,0,74,52,0,126,0,105,125,0,230,0,179,177,0,356,0,0,0,356
08/03/2007,MVY,MA,ANE,EN,Federal Contract Tower,0,111,60,0,171,0,91,122,0,213,0,202,182,0,384,0,0,0,384
08/04/2007,MVY,MA,ANE,EN,Federal Contract Tower,0,109,64,0,173,0,42,51,0,93,0,151,115,0,266,0,0,0,266
08/05/2007,MVY,MA,ANE,EN,Federal Contract Tower,0,76,55,0,131,0,85,202,2,289,0,161,257,2,420,0,0,0,420
08/06/2007,MVY,MA,ANE,EN,Federal Contract Tower,0,127,65,0,192,0,69,36,1,106,0,196,101,1,298,0,2,2,300
08/07/2007,MVY,MA,ANE,EN,Federal Contract Tower,0,114,76,0,190,0,9,12,0,21,0,123,88,0,211,0,0,0,211
08/08/2007,MVY,MA,ANE,EN,Federal Contract Tower,0,75,51,0,126,0,40,36,0,76,0,115,87,0,202,0,0,0,202
08/09/2007,MVY,MA,ANE,EN,Federal Contract Tower,0,45,44,0,89,0,163,128,0,291,0,208,172,0,380,20,0,20,400
08/10/2007,MVY,MA,ANE,EN,Federal Contract Tower,2,109,95,0,206,0,58,43,1,102,2,167,138,1,308,0,2,2,310
08/11/2007,MVY,MA,ANE,EN,Federal Contract Tower,0,56,82,0,138,0,83,168,0,251,0,139,250,0,389,0,0,0,389
08/12/2007,MVY,MA,ANE,EN,Federal Contract Tower,0,77,67,0,144,0,81,241,2,324,0,158,308,2,468,4,0,4,472
08/13/2007,MVY,MA,ANE,EN,Federal Contract Tower,0,59,55,1,115,0,94,94,1,189,0,153,149,2,304,0,10,10,314
08/14/2007,MVY,MA,ANE,EN,Federal Contract Tower,0,44,41,0,85,0,93,135,0,228,0,137,176,0,313,16,8,24,337
08/15/2007,MVY,MA,ANE,EN,Federal Contract Tower,0,74,56,0,130,0,85,70,0,155,0,159,126,0,285,22,0,22,307
08/16/2007,MVY,MA,ANE,EN,Federal Contract Tower,2,151,97,0,250,0,53,49,0,102,2,204,146,0,352,2,0,2,354
08/17/2007,MVY,MA,ANE,EN,Federal Contract Tower,2,123,97,0,222,0,105,135,0,240,2,228,232,0,462,0,0,0,462
08/18/2007,MVY,MA,ANE,EN,Federal Contract Tower,0,54,29,0,83,0,91,120,1,212,0,145,149,1,295,30,0,30,325
08/19/2007,MVY,MA,ANE,EN,Federal Contract Tower,2,78,52,0,132,0,108,246,0,354,2,186,298,0,486,0,0,0,486
08/20/2007,MVY,MA,ANE,EN,Federal Contract Tower,0,66,52,0,118,0,94,74,2,170,0,160,126,2,288,4,0,4,292
08/21/2007,MVY,MA,ANE,EN,Federal Contract Tower,0,58,35,0,93,0,75,60,1,136,0,133,95,1,229,0,4,4,233
08/22/2007,MVY,MA,ANE,EN,Federal Contract Tower,0,64,43,0,107,0,91,89,0,180,0,155,132,0,287,12,0,12,299
08/23/2007,MVY,MA,ANE,EN,Federal Contract Tower,0,123,92,0,215,0,57,41,0,98,0,180,133,0,313,2,0,2,315
08/24/2007,MVY,MA,ANE,EN,Federal Contract Tower,2,97,84,0,183,0,61,28,0,89,2,158,112,0,272,0,0,0,272
08/25/2007,MVY,MA,ANE,EN,Federal Contract Tower,0,84,77,0,161,0,7,7,0,14,0,91,84,0,175,0,0,0,175
08/26/2007,MVY,MA,ANE,EN,Federal Contract Tower,0,73,94,0,167,0,82,110,0,192,0,155,204,0,359,2,0,2,361
08/27/2007,MVY,MA,ANE,EN,Federal Contract Tower,0,46,43,0,89,0,81,125,0,206,0,127,168,0,295,0,0,0,295
08/28/2007,MVY,MA,ANE,EN,Federal Contract Tower,2,45,30,0,77,0,99,116,0,215,2,144,146,0,292,2,0,2,294
08/29/2007,MVY,MA,ANE,EN,Federal Contract Tower,0,45,18,0,63,0,90,130,0,220,0,135,148,0,283,10,7,17,300
08/30/2007,MVY,MA,ANE,EN,Federal Contract Tower,3,67,35,0,105,0,96,118,0,214,3,163,153,0,319,8,0,8,327
08/31/2007,MVY,MA,ANE,EN,Federal Contract Tower,0,129,99,0,228,0,23,32,0,55,0,152,131,0,283,0,0,0,283
09/01/2007,MVY,MA,ANE,EN,Federal Contract Tower,0,39,34,0,73,0,86,177,0,263,0,125,211,0,336,12,0,12,348
09/02/2007,MVY,MA,ANE,EN,Federal Contract Tower,0,45,31,0,76,0,67,223,0,290,0,112,254,0,366,2,0,2,368
09/03/2007,MVY,MA,ANE,EN,Federal Contract Tower,0,77,39,0,116,0,113,197,4,314,0,190,236,4,430,2,0,2,432
09/04/2007,MVY,MA,ANE,EN,Federal Contract Tower,0,48,25,0,73,0,85,102,2,189,0,133,127,2,262,10,0,10,272
09/05/2007,MVY,MA,ANE,EN,Federal Contract Tower,0,19,6,0,25,0,91,92,0,183,0,110,98,0,208,20,0,20,228
09/06/2007,MVY,MA,ANE,EN,Federal Contract Tower,0,20,27,0,47,0,100,69,0,169,0,120,96,0,216,6,0,6,222
09/07/2007,MVY,MA,ANE,EN,Federal Contract Tower,0,26,25,2,53,0,101,96,1,198,0,127,121,3,251,0,0,0,251
09/08/2007,MVY,MA,ANE,EN,Federal Contract Tower,0,32,25,0,57,0,54,94,0,148,0,86,119,0,205,18,0,18,223
09/09/2007,MVY,MA,ANE,EN,Federal Contract Tower,0,91,42,0,133,0,30,45,1,76,0,121,87,1,209,4,2,6,215
09/10/2007,MVY,MA,ANE,EN,Federal Contract Tower,1,104,23,0,128,0,0,0,0,0,1,104,23,0,128,0,0,0,128
09/11/2007,MVY,MA,ANE,EN,Federal Contract Tower,0,82,16,0,98,0,0,0,0,0,0,82,16,0,98,0,0,0,98
09/12/2007,MVY,MA,ANE,EN,Federal Contract Tower,0,27,14,2,43,0,57,72,2,131,0,84,86,4,174,8,0,8,182
09/13/2007,MVY,MA,ANE,EN,Federal Contract Tower,0,19,15,0,34,0,87,117,1,205,0,106,132,1,239,2,2,4,243
09/14/2007,MVY,MA,ANE,EN,Federal Contract Tower,0,46,22,0,68,0,64,118,0,182,0,110,140,0,250,2,0,2,252
09/15/2007,MVY,MA,ANE,EN,Federal Contract Tower,0,43,36,0,79,0,20,15,0,35,0,63,51,0,114,0,0,0,114
09/16/2007,MVY,MA,ANE,EN,Federal Contract Tower,0,44,34,0,78,0,77,162,0,239,0,121,196,0,317,8,0,8,325
09/17/2007,MVY,MA,ANE,EN,Federal Contract Tower,0,25,16,0,41,0,66,47,0,113,0,91,63,0,154,4,0,4,158
09/18/2007,MVY,MA,ANE,EN,Federal Contract Tower,0,9,10,2,21,0,88,56,0,144,0,97,66,2,165,18,0,18,183
09/20/2007,MVY,MA,ANE,EN,Federal Contract Tower,0,27,22,0,49,0,65,69,0,134,0,92,91,0,183,8,0,8,191
09/21/2007,MVY,MA,ANE,EN,Federal Contract Tower,0,46,48,0,94,0,37,51,0,88,0,83,99,0,182,0,0,0,182
09/22/2007,MVY,MA,ANE,EN,Federal Contract Tower,0,55,43,0,98,0,0,0,0,0,0,55,43,0,98,4,0,4,102
09/23/2007,MVY,MA,ANE,EN,Federal Contract Tower,0,29,57,0,86,0,89,147,0,236,0,118,204,0,322,0,0,0,322
09/24/2007,MVY,MA,ANE,EN,Federal Contract Tower,0,20,23,0,43,0,75,81,2,158,0,95,104,2,201,0,6,6,207
09/25/2007,MVY,MA,ANE,EN,Federal Contract Tower,0,25,14,0,39,0,60,54,4,118,0,85,68,4,157,12,6,18,175
09/26/2007,MVY,MA,ANE,EN,Federal Contract Tower,0,10,9,0,19,0,84,70,0,154,0,94,79,0,173,6,0,6,179
09/27/2007,MVY,MA,ANE,EN,Federal Contract Tower,0,75,17,0,92,0,5,0,0,5,0,80,17,0,97,0,0,0,97
09/28/2007,MVY,MA,ANE,EN,Federal Contract Tower,0,50,42,0,92,0,32,34,0,66,0,82,76,0,158,0,0,0,158
09/29/2007,MVY,MA,ANE,EN,Federal Contract Tower,0,17,8,0,25,0,69,56,0,125,0,86,64,0,150,2,0,2,152
09/30/2007,MVY,MA,ANE,EN,Federal Contract Tower,0,22,30,0,52,0,94,123,0,217,0,116,153,0,269,0,0,0,269
10/01/2007,MVY,MA,ANE,EN,Federal Contract Tower,0,12,21,0,33,0,66,61,1,128,0,78,82,1,161,8,2,10,171
10/02/2007,MVY,MA,ANE,EN,Federal Contract Tower,0,26,14,0,40,0,67,35,0,102,0,93,49,0,142,6,0,6,148
10/03/2007,MVY,MA,ANE,EN,Federal Contract Tower,0,54,21,3,78,0,1,9,0,10,0,55,30,3,88,2,2,4,92
10/04/2007,MVY,MA,ANE,EN,Federal Contract Tower,0,61,33,0,94,0,17,26,0,43,0,78,59,0,137,0,0,0,137
10/05/2007,MVY,MA,ANE,EN,Federal Contract Tower,0,86,59,0,145,0,65,59,0,124,0,151,118,0,269,0,0,0,269
10/06/2007,MVY,MA,ANE,EN,Federal Contract Tower,0,45,36,0,81,0,48,32,0,80,0,93,68,0,161,0,0,0,161
10/07/2007,MVY,MA,ANE,EN,Federal Contract Tower,0,63,58,0,121,0,17,10,0,27,0,80,68,0,148,0,0,0,148
10/08/2007,MVY,MA,ANE,EN,Federal Contract Tower,0,109,96,0,205,0,4,6,0,10,0,113,102,0,215,0,0,0,215
10/09/2007,MVY,MA,ANE,EN,Federal Contract Tower,0,21,11,0,32,0,42,56,0,98,0,63,67,0,130,0,0,0,130
10/10/2007,MVY,MA,ANE,EN,Federal Contract Tower,0,31,9,0,40,0,11,5,0,16,0,42,14,0,56,0,0,0,56
10/11/2007,MVY,MA,ANE,EN,Federal Contract Tower,0,40,13,0,53,0,0,0,0,0,0,40,13,0,53,0,0,0,53
10/12/2007,MVY,MA,ANE,EN,Federal Contract Tower,0,31,30,0,61,0,31,10,0,41,0,62,40,0,102,0,0,0,102
10/13/2007,MVY,MA,ANE,EN,Federal Contract Tower,0,4,2,0,6,0,34,68,2,104,0,38,70,2,110,6,6,12,122
10/14/2007,MVY,MA,ANE,EN,Federal Contract Tower,0,21,22,0,43,0,48,118,0,166,0,69,140,0,209,12,0,12,221
10/15/2007,MVY,MA,ANE,EN,Federal Contract Tower,0,10,12,0,22,0,34,46,0,80,0,44,58,0,102,0,0,0,102
10/16/2007,MVY,MA,ANE,EN,Federal Contract Tower,0,3,4,0,7,0,51,57,0,108,0,54,61,0,115,2,0,2,117
10/17/2007,MVY,MA,ANE,EN,Federal Contract Tower,0,28,9,0,37,0,49,59,0,108,0,77,68,0,145,2,0,2,147
10/18/2007,MVY,MA,ANE,EN,Federal Contract Tower,0,56,26,0,82,0,11,16,0,27,0,67,42,0,109,4,0,4,113
10/19/2007,MVY,MA,ANE,EN,Federal Contract Tower,0,42,21,0,63,0,16,8,0,24,0,58,29,0,87,0,0,0,87
10/20/2007,MVY,MA,ANE,EN,Federal Contract Tower,0,6,6,0,12,0,27,35,3,65,0,33,41,3,77,0,6,6,83
10/21/2007,MVY,MA,ANE,EN,Federal Contract Tower,0,8,16,0,24,0,43,169,0,212,0,51,185,0,236,2,0,2,238
10/22/2007,MVY,MA,ANE,EN,Federal Contract Tower,0,7,7,0,14,0,45,37,0,82,0,52,44,0,96,0,0,0,96
10/23/2007,MVY,MA,ANE,EN,Federal Contract Tower,0,9,17,0,26,0,21,17,0,38,0,30,34,0,64,0,0,0,64
10/24/2007,MVY,MA,ANE,EN,Federal Contract Tower,0,32,22,0,54,0,13,4,0,17,0,45,26,0,71,16,0,16,87
10/25/2007,MVY,MA,ANE,EN,Federal Contract Tower,0,17,20,0,37,0,18,16,0,34,0,35,36,0,71,0,8,8,79
10/26/2007,MVY,MA,ANE,EN,Federal Contract Tower,0,18,17,2,37,0,34,35,0,69,0,52,52,2,106,6,2,8,114
10/27/2007,MVY,MA,ANE,EN,Federal Contract Tower,0,22,10,0,32,0,1,1,0,2,0,23,11,0,34,0,0,0,34
10/28/2007,MVY,MA,ANE,EN,Federal Contract Tower,0,7,6,0,13,0,26,55,0,81,0,33,61,0,94,0,0,0,94
10/29/2007,MVY,MA,ANE,EN,Federal Contract Tower,0,5,6,0,11,0,45,45,0,90,0,50,51,0,101,6,2,8,109
10/30/2007,MVY,MA,ANE,EN,Federal Contract Tower,0,11,8,1,20,0,36,66,1,103,0,47,74,2,123,0,2,2,125
10/31/2007,MVY,MA,ANE,EN,Federal Contract Tower,0,4,9,0,13,0,30,24,0,54,0,34,33,0,67,10,0,10,77
11/01/2007,MVY,MA,ANE,EN,Federal Contract Tower,0,5,8,0,13,0,28,27,0,55,0,33,35,0,68,6,0,6,74
11/02/2007,MVY,MA,ANE,EN,Federal Contract Tower,0,4,4,0,8,0,26,47,2,75,0,30,51,2,83,18,4,22,105
11/03/2007,MVY,MA,ANE,EN,Federal Contract Tower,0,0,0,0,0,0,0,0,0,0,0,0,0,0,0,0,0,0,0
11/04/2007,MVY,MA,ANE,EN,Federal Contract Tower,0,2,7,0,9,0,16,85,0,101,0,18,92,0,110,6,0,6,116
11/05/2007,MVY,MA,ANE,EN,Federal Contract Tower,0,1,2,0,3,0,41,52,0,93,0,42,54,0,96,2,0,2,98
11/06/2007,MVY,MA,ANE,EN,Federal Contract Tower,0,16,10,0,26,0,10,7,4,21,0,26,17,4,47,4,6,10,57
11/07/2007,MVY,MA,ANE,EN,Federal Contract Tower,0,8,7,0,15,0,21,42,0,63,0,29,49,0,78,8,0,8,86
11/08/2007,MVY,MA,ANE,EN,Federal Contract Tower,0,4,13,0,17,0,23,45,2,70,0,27,58,2,87,4,0,4,91
11/09/2007,MVY,MA,ANE,EN,Federal Contract Tower,0,4,15,0,19,0,25,33,0,58,0,29,48,0,77,0,0,0,77
11/10/2007,MVY,MA,ANE,EN,Federal Contract Tower,0,5,5,0,10,0,15,12,0,27,0,20,17,0,37,0,0,0,37
11/11/2007,MVY,MA,ANE,EN,Federal Contract Tower,0,1,8,0,9,0,16,124,0,140,0,17,132,0,149,10,0,10,159
11/12/2007,MVY,MA,ANE,EN,Federal Contract Tower,0,4,9,0,13,0,24,77,0,101,0,28,86,0,114,8,0,8,122
11/13/2007,MVY,MA,ANE,EN,Federal Contract Tower,0,20,1,0,21,0,12,8,0,20,0,32,9,0,41,8,0,8,49
11/14/2007,MVY,MA,ANE,EN,Federal Contract Tower,0,6,10,0,16,0,21,27,0,48,0,27,37,0,64,0,0,0,64
11/15/2007,MVY,MA,ANE,EN,Federal Contract Tower,0,9,6,0,15,0,16,5,0,21,0,25,11,0,36,0,0,0,36
11/16/2007,MVY,MA,ANE,EN,Federal Contract Tower,0,9,3,1,13,0,26,18,3,47,0,35,21,4,60,6,2,8,68
11/17/2007,MVY,MA,ANE,EN,Federal Contract Tower,0,0,11,0,11,0,32,51,0,83,0,32,62,0,94,18,0,18,112
11/18/2007,MVY,MA,ANE,EN,Federal Contract Tower,0,6,7,0,13,0,15,67,0,82,0,21,74,0,95,0,0,0,95
11/19/2007,MVY,MA,ANE,EN,Federal Contract Tower,0,14,9,0,23,0,24,15,0,39,0,38,24,0,62,4,0,4,66
11/20/2007,MVY,MA,ANE,EN,Federal Contract Tower,0,9,9,0,18,0,22,8,0,30,0,31,17,0,48,0,0,0,48
11/21/2007,MVY,MA,ANE,EN,Federal Contract Tower,0,43,45,0,88,0,2,4,0,6,0,45,49,0,94,0,0,0,94
11/22/2007,MVY,MA,ANE,EN,Federal Contract Tower,0,10,7,0,17,0,15,7,0,22,0,25,14,0,39,4,0,4,43
11/23/2007,MVY,MA,ANE,EN,Federal Contract Tower,0,15,13,0,28,0,19,43,0,62,0,34,56,0,90,0,0,0,90
11/24/2007,MVY,MA,ANE,EN,Federal Contract Tower,0,13,11,0,24,0,18,85,2,105,0,31,96,2,129,18,0,18,147
11/25/2007,MVY,MA,ANE,EN,Federal Contract Tower,0,29,24,0,53,0,35,163,2,200,0,64,187,2,253,4,0,4,257
11/26/2007,MVY,MA,ANE,EN,Federal Contract Tower,0,29,20,0,49,0,0,0,0,0,0,29,20,0,49,0,0,0,49
11/27/2007,MVY,MA,ANE,EN,Federal Contract Tower,0,17,4,0,21,0,21,27,0,48,0,38,31,0,69,4,0,4,73
11/28/2007,MVY,MA,ANE,EN,Federal Contract Tower,0,4,9,0,13,0,20,58,0,78,0,24,67,0,91,16,0,16,107
11/29/2007,MVY,MA,ANE,EN,Federal Contract Tower,0,17,17,2,36,0,16,9,0,25,0,33,26,2,61,8,0,8,69
11/30/2007,MVY,MA,ANE,EN,Federal Contract Tower,0,3,6,0,9,0,27,37,0,64,0,30,43,0,73,2,0,2,75
12/01/2007,MVY,MA,ANE,EN,Federal Contract Tower,0,0,5,0,5,0,10,12,0,22,0,10,17,0,27,6,0,6,33
12/02/2007,MVY,MA,ANE,EN,Federal Contract Tower,0,6,6,0,12,0,19,46,0,65,0,25,52,0,77,4,0,4,81
12/03/2007,MVY,MA,ANE,EN,Federal Contract Tower,0,24,13,0,37,0,0,0,0,0,0,24,13,0,37,0,0,0,37
12/04/2007,MVY,MA,ANE,EN,Federal Contract Tower,0,11,7,0,18,0,26,9,6,41,0,37,16,6,59,10,0,10,69
12/05/2007,MVY,MA,ANE,EN,Federal Contract Tower,0,7,5,0,12,0,19,31,0,50,0,26,36,0,62,14,0,14,76
12/06/2007,MVY,MA,ANE,EN,Federal Contract Tower,0,4,2,0,6,0,26,28,3,57,0,30,30,3,63,6,6,12,75
12/07/2007,MVY,MA,ANE,EN,Federal Contract Tower,0,19,1,0,20,0,12,13,0,25,0,31,14,0,45,8,0,8,53
12/08/2007,MVY,MA,ANE,EN,Federal Contract Tower,0,2,5,0,7,0,10,37,0,47,0,12,42,0,54,16,0,16,70
12/09/2007,MVY,MA,ANE,EN,Federal Contract Tower,0,4,12,0,16,0,11,50,0,61,0,15,62,0,77,14,0,14,91
12/10/2007,MVY,MA,ANE,EN,Federal Contract Tower,0,24,7,0,31,0,0,0,0,0,0,24,7,0,31,0,0,0,31
12/11/2007,MVY,MA,ANE,EN,Federal Contract Tower,0,6,4,0,10,0,42,29,0,71,0,48,33,0,81,14,0,14,95
12/12/2007,MVY,MA,ANE,EN,Federal Contract Tower,0,17,3,0,20,0,9,12,0,21,0,26,15,0,41,10,0,10,51
12/13/2007,MVY,MA,ANE,EN,Federal Contract Tower,0,8,0,0,8,0,14,4,0,18,0,22,4,0,26,0,0,0,26
12/14/2007,MVY,MA,ANE,EN,Federal Contract Tower,0,13,9,0,22,0,12,25,0,37,0,25,34,0,59,12,0,12,71
12/15/2007,MVY,MA,ANE,EN,Federal Contract Tower,0,6,7,0,13,0,11,41,0,52,0,17,48,0,65,8,0,8,73
12/16/2007,MVY,MA,ANE,EN,Federal Contract Tower,0,0,0,0,0,0,0,0,0,0,0,0,0,0,0,0,0,0,0
12/17/2007,MVY,MA,ANE,EN,Federal Contract Tower,0,3,3,1,7,0,21,8,0,29,0,24,11,1,36,14,2,16,52
12/18/2007,MVY,MA,ANE,EN,Federal Contract Tower,0,11,7,1,19,0,33,25,0,58,0,44,32,1,77,12,4,16,93
12/19/2007,MVY,MA,ANE,EN,Federal Contract Tower,0,9,2,0,11,0,28,16,0,44,0,37,18,0,55,6,0,6,61
12/20/2007,MVY,MA,ANE,EN,Federal Contract Tower,0,22,4,0,26,0,0,0,0,0,0,22,4,0,26,0,0,0,26
12/21/2007,MVY,MA,ANE,EN,Federal Contract Tower,0,12,11,0,23,0,16,8,0,24,0,28,19,0,47,2,0,2,49
12/22/2007,MVY,MA,ANE,EN,Federal Contract Tower,0,4,2,0,6,0,12,43,0,55,0,16,45,0,61,18,0,18,79
12/23/2007,MVY,MA,ANE,EN,Federal Contract Tower,0,5,3,0,8,0,5,5,0,10,0,10,8,0,18,0,0,0,18
12/24/2007,MVY,MA,ANE,EN,Federal Contract Tower,0,3,4,0,7,0,17,24,0,41,0,20,28,0,48,8,0,8,56
12/25/2007,MVY,MA,ANE,EN,Federal Contract Tower,0,2,0,0,2,0,9,18,0,27,0,11,18,0,29,0,0,0,29
12/26/2007,MVY,MA,ANE,EN,Federal Contract Tower,0,8,4,0,12,0,25,44,0,69,0,33,48,0,81,16,0,16,97
12/27/2007,MVY,MA,ANE,EN,Federal Contract Tower,0,19,8,0,27,0,0,0,0,0,0,19,8,0,27,0,0,0,27
12/28/2007,MVY,MA,ANE,EN,Federal Contract Tower,0,4,7,0,11,0,18,65,0,83,0,22,72,0,94,10,0,10,104
12/29/2007,MVY,MA,ANE,EN,Federal Contract Tower,0,16,9,0,25,0,5,2,0,7,0,21,11,0,32,2,0,2,34
12/30/2007,MVY,MA,ANE,EN,Federal Contract Tower,0,4,13,0,17,0,10,52,2,64,0,14,65,2,81,12,4,16,97
12/31/2007,MVY,MA,ANE,EN,Federal Contract Tower,0,13,9,0,22,0,11,9,0,20,0,24,18,0,42,0,0,0,42
01/01/2008,MVY,MA,ANE,EN,Federal Contract Tower,0,15,1,0,16,0,7,10,0,17,0,22,11,0,33,0,0,0,33
01/02/2008,MVY,MA,ANE,EN,Federal Contract Tower,0,9,6,0,15,0,22,15,0,37,0,31,21,0,52,18,0,18,70
01/03/2008,MVY,MA,ANE,EN,Federal Contract Tower,0,6,5,0,11,0,25,24,0,49,0,31,29,0,60,8,0,8,68
01/04/2008,MVY,MA,ANE,EN,Federal Contract Tower,0,3,2,0,5,0,20,24,0,44,0,23,26,0,49,8,2,10,59
01/05/2008,MVY,MA,ANE,EN,Federal Contract Tower,0,1,11,0,12,0,12,93,0,105,0,13,104,0,117,30,0,30,147
01/06/2008,MVY,MA,ANE,EN,Federal Contract Tower,0,2,7,0,9,0,9,61,0,70,0,11,68,0,79,2,0,2,81
01/07/2008,MVY,MA,ANE,EN,Federal Contract Tower,0,16,7,0,23,0,22,37,1,60,0,38,44,1,83,22,0,22,105
01/08/2008,MVY,MA,ANE,EN,Federal Contract Tower,0,5,4,0,9,0,24,43,0,67,0,29,47,0,76,8,0,8,84
01/09/2008,MVY,MA,ANE,EN,Federal Contract Tower,0,18,7,2,27,0,0,0,0,0,0,18,7,2,27,0,0,0,27
01/10/2008,MVY,MA,ANE,EN,Federal Contract Tower,0,13,5,0,18,0,19,44,0,63,0,32,49,0,81,0,0,0,81
01/11/2008,MVY,MA,ANE,EN,Federal Contract Tower,0,12,5,0,17,0,7,0,0,7,0,19,5,0,24,0,4,4,28
01/12/2008,MVY,MA,ANE,EN,Federal Contract Tower,0,3,10,0,13,0,7,86,0,93,0,10,96,0,106,20,0,20,126
01/13/2008,MVY,MA,ANE,EN,Federal Contract Tower,0,2,11,0,13,0,16,67,0,83,0,18,78,0,96,12,0,12,108
01/14/2008,MVY,MA,ANE,EN,Federal Contract Tower,0,22,2,0,24,0,0,0,0,0,0,22,2,0,24,0,0,0,24
01/15/2008,MVY,MA,ANE,EN,Federal Contract Tower,0,12,1,0,13,0,30,14,0,44,0,42,15,0,57,8,0,8,65
01/16/2008,MVY,MA,ANE,EN,Federal Contract Tower,0,5,6,0,11,0,38,24,1,63,0,43,30,1,74,0,4,4,78
01/17/2008,MVY,MA,ANE,EN,Federal Contract Tower,0,9,5,0,14,0,23,31,0,54,0,32,36,0,68,20,0,20,88
01/18/2008,MVY,MA,ANE,EN,Federal Contract Tower,0,12,6,0,18,0,13,4,0,17,0,25,10,0,35,0,0,0,35
01/19/2008,MVY,MA,ANE,EN,Federal Contract Tower,0,0,7,0,7,0,14,59,0,73,0,14,66,0,80,4,0,4,84
01/20/2008,MVY,MA,ANE,EN,Federal Contract Tower,0,4,1,0,5,0,10,17,0,27,0,14,18,0,32,2,0,2,34
01/21/2008,MVY,MA,ANE,EN,Federal Contract Tower,0,11,2,0,13,0,25,29,1,55,0,36,31,1,68,8,2,10,78
01/22/2008,MVY,MA,ANE,EN,Federal Contract Tower,0,12,9,0,21,0,16,3,0,19,0,28,12,0,40,0,0,0,40
01/23/2008,MVY,MA,ANE,EN,Federal Contract Tower,0,1,0,0,1,0,29,32,0,61,0,30,32,0,62,18,0,18,80
01/24/2008,MVY,MA,ANE,EN,Federal Contract Tower,0,8,3,0,11,0,22,17,2,41,0,30,20,2,52,6,0,6,58
01/25/2008,MVY,MA,ANE,EN,Federal Contract Tower,0,4,3,0,7,0,23,29,0,52,0,27,32,0,59,22,0,22,81
01/26/2008,MVY,MA,ANE,EN,Federal Contract Tower,0,2,13,0,15,0,21,83,0,104,0,23,96,0,119,18,0,18,137
01/27/2008,MVY,MA,ANE,EN,Federal Contract Tower,0,3,6,0,9,0,0,4,0,4,0,3,10,0,13,0,0,0,13
01/28/2008,MVY,MA,ANE,EN,Federal Contract Tower,0,0,0,0,0,0,2,0,0,2,0,2,0,0,2,0,0,0,2
01/29/2008,MVY,MA,ANE,EN,Federal Contract Tower,0,7,7,0,14,0,22,26,1,49,0,29,33,1,63,8,2,10,73
01/30/2008,MVY,MA,ANE,EN,Federal Contract Tower,0,14,9,0,23,0,20,4,0,24,0,34,13,0,47,16,0,16,63
01/31/2008,MVY,MA,ANE,EN,Federal Contract Tower,0,4,4,0,8,0,25,32,0,57,0,29,36,0,65,18,0,18,83
02/01/2008,MVY,MA,ANE,EN,Federal Contract Tower,0,10,3,0,13,0,8,3,0,11,0,18,6,0,24,0,0,0,24
02/02/2008,MVY,MA,ANE,EN,Federal Contract Tower,0,1,2,0,3,0,13,38,0,51,0,14,40,0,54,22,0,22,76
02/03/2008,MVY,MA,ANE,EN,Federal Contract Tower,0,6,7,0,13,0,6,96,0,102,0,12,103,0,115,12,0,12,127
02/04/2008,MVY,MA,ANE,EN,Federal Contract Tower,0,11,7,0,18,0,17,20,0,37,0,28,27,0,55,2,0,2,57
02/05/2008,MVY,MA,ANE,EN,Federal Contract Tower,0,23,11,0,34,0,4,0,0,4,0,27,11,0,38,12,0,12,50
02/06/2008,MVY,MA,ANE,EN,Federal Contract Tower,0,24,14,0,38,0,0,0,0,0,0,24,14,0,38,0,0,0,38
02/07/2008,MVY,MA,ANE,EN,Federal Contract Tower,0,25,7,0,32,0,5,0,0,5,0,30,7,0,37,0,0,0,37
02/08/2008,MVY,MA,ANE,EN,Federal Contract Tower,0,13,7,0,20,0,15,8,0,23,0,28,15,0,43,6,6,12,55
02/09/2008,MVY,MA,ANE,EN,Federal Contract Tower,0,2,5,0,7,0,10,40,2,52,0,12,45,2,59,4,0,4,63
02/10/2008,MVY,MA,ANE,EN,Federal Contract Tower,0,9,2,0,11,0,9,12,0,21,0,18,14,0,32,8,0,8,40
02/11/2008,MVY,MA,ANE,EN,Federal Contract Tower,0,13,4,0,17,0,27,21,0,48,0,40,25,0,65,0,0,0,65
02/12/2008,MVY,MA,ANE,EN,Federal Contract Tower,0,6,4,0,10,0,22,34,4,60,0,28,38,4,70,4,2,6,76
02/13/2008,MVY,MA,ANE,EN,Federal Contract Tower,0,15,6,0,21,0,7,0,0,7,0,22,6,0,28,0,0,0,28
02/14/2008,MVY,MA,ANE,EN,Federal Contract Tower,0,11,14,0,25,0,19,8,0,27,0,30,22,0,52,4,0,4,56
02/15/2008,MVY,MA,ANE,EN,Federal Contract Tower,0,12,3,0,15,0,20,35,0,55,0,32,38,0,70,22,0,22,92
02/16/2008,MVY,MA,ANE,EN,Federal Contract Tower,0,0,0,0,0,0,10,83,0,93,0,10,83,0,93,8,0,8,101
02/17/2008,MVY,MA,ANE,EN,Federal Contract Tower,0,0,12,0,12,0,20,54,0,74,0,20,66,0,86,2,0,2,88
02/18/2008,MVY,MA,ANE,EN,Federal Contract Tower,0,15,8,0,23,0,0,0,0,0,0,15,8,0,23,0,0,0,23
02/19/2008,MVY,MA,ANE,EN,Federal Contract Tower,0,7,1,0,8,0,21,13,0,34,0,28,14,0,42,0,0,0,42
02/20/2008,MVY,MA,ANE,EN,Federal Contract Tower,0,0,0,0,0,0,0,0,0,0,0,0,0,0,0,0,0,0,0
02/21/2008,MVY,MA,ANE,EN,Federal Contract Tower,0,12,3,0,15,0,26,44,0,70,0,38,47,0,85,4,0,4,89
02/22/2008,MVY,MA,ANE,EN,Federal Contract Tower,0,10,0,0,10,0,1,1,0,2,0,11,1,0,12,0,0,0,12
02/23/2008,MVY,MA,ANE,EN,Federal Contract Tower,0,12,8,0,20,0,3,1,0,4,0,15,9,0,24,0,0,0,24
02/24/2008,MVY,MA,ANE,EN,Federal Contract Tower,0,0,11,0,11,0,11,64,2,77,0,11,75,2,88,4,0,4,92
02/25/2008,MVY,MA,ANE,EN,Federal Contract Tower,0,5,5,0,10,0,29,31,0,60,0,34,36,0,70,14,0,14,84
02/26/2008,MVY,MA,ANE,EN,Federal Contract Tower,0,3,1,0,4,0,25,5,0,30,0,28,6,0,34,0,4,4,38
02/27/2008,MVY,MA,ANE,EN,Federal Contract Tower,0,20,9,0,29,0,6,8,0,14,0,26,17,0,43,0,0,0,43
02/28/2008,MVY,MA,ANE,EN,Federal Contract Tower,0,14,1,0,15,0,18,31,13,62,0,32,32,13,77,0,0,0,77
02/29/2008,MVY,MA,ANE,EN,Federal Contract Tower,0,3,0,0,3,0,25,27,0,52,0,28,27,0,55,2,0,2,57
03/01/2008,MVY,MA,ANE,EN,Federal Contract Tower,0,11,4,0,15,0,1,3,0,4,0,12,7,0,19,0,0,0,19
03/02/2008,MVY,MA,ANE,EN,Federal Contract Tower,0,7,11,0,18,0,9,32,0,41,0,16,43,0,59,0,0,0,59
03/03/2008,MVY,MA,ANE,EN,Federal Contract Tower,0,5,2,0,7,0,31,55,0,86,0,36,57,0,93,2,2,4,97
03/04/2008,MVY,MA,ANE,EN,Federal Contract Tower,0,19,7,0,26,0,10,5,0,15,0,29,12,0,41,0,0,0,41
03/05/2008,MVY,MA,ANE,EN,Federal Contract Tower,0,11,0,0,11,0,7,2,0,9,0,18,2,0,20,0,0,0,20
03/06/2008,MVY,MA,ANE,EN,Federal Contract Tower,0,3,4,0,7,0,27,44,2,73,0,30,48,2,80,8,2,10,90
03/07/2008,MVY,MA,ANE,EN,Federal Contract Tower,0,22,15,0,37,0,0,23,2,25,0,22,38,2,62,2,0,2,64
03/08/2008,MVY,MA,ANE,EN,Federal Contract Tower,0,10,0,0,10,0,0,0,0,0,0,10,0,0,10,0,0,0,10
03/09/2008,MVY,MA,ANE,EN,Federal Contract Tower,0,1,3,0,4,0,11,6,0,17,0,12,9,0,21,0,0,0,21
03/10/2008,MVY,MA,ANE,EN,Federal Contract Tower,0,3,5,0,8,0,34,37,0,71,0,37,42,0,79,0,4,4,83
03/11/2008,MVY,MA,ANE,EN,Federal Contract Tower,0,4,2,0,6,0,29,33,0,62,0,33,35,0,68,0,0,0,68
03/12/2008,MVY,MA,ANE,EN,Federal Contract Tower,0,7,5,0,12,0,16,6,0,22,0,23,11,0,34,2,0,2,36
03/13/2008,MVY,MA,ANE,EN,Federal Contract Tower,0,14,9,0,23,0,22,45,0,67,0,36,54,0,90,8,8,16,106
03/14/2008,MVY,MA,ANE,EN,Federal Contract Tower,0,7,6,0,13,0,19,18,0,37,0,26,24,0,50,8,4,12,62
03/15/2008,MVY,MA,ANE,EN,Federal Contract Tower,0,16,6,0,22,0,0,1,0,1,0,16,7,0,23,0,0,0,23
03/16/2008,MVY,MA,ANE,EN,Federal Contract Tower,0,11,9,0,20,0,8,3,0,11,0,19,12,0,31,0,0,0,31
03/17/2008,MVY,MA,ANE,EN,Federal Contract Tower,0,7,5,0,12,0,23,24,0,47,0,30,29,0,59,22,0,22,81
03/18/2008,MVY,MA,ANE,EN,Federal Contract Tower,0,4,1,0,5,0,24,42,0,66,0,28,43,0,71,2,0,2,73
03/19/2008,MVY,MA,ANE,EN,Federal Contract Tower,0,21,0,0,21,0,0,0,0,0,0,21,0,0,21,0,0,0,21
03/20/2008,MVY,MA,ANE,EN,Federal Contract Tower,0,28,5,0,33,0,2,5,0,7,0,30,10,0,40,0,0,0,40
03/21/2008,MVY,MA,ANE,EN,Federal Contract Tower,0,6,0,0,6,0,25,22,0,47,0,31,22,0,53,0,2,2,55
03/22/2008,MVY,MA,ANE,EN,Federal Contract Tower,0,3,7,0,10,0,13,65,0,78,0,16,72,0,88,72,0,72,160
03/23/2008,MVY,MA,ANE,EN,Federal Contract Tower,0,4,10,0,14,0,11,78,2,91,0,15,88,2,105,2,0,2,107
03/24/2008,MVY,MA,ANE,EN,Federal Contract Tower,0,8,6,0,14,0,20,43,4,67,0,28,49,4,81,4,4,8,89
03/25/2008,MVY,MA,ANE,EN,Federal Contract Tower,0,11,3,0,14,0,20,32,0,52,0,31,35,0,66,0,0,0,66
03/26/2008,MVY,MA,ANE,EN,Federal Contract Tower,0,2,4,0,6,0,24,11,0,35,0,26,15,0,41,2,0,2,43
03/27/2008,MVY,MA,ANE,EN,Federal Contract Tower,0,8,7,0,15,0,22,31,2,55,0,30,38,2,70,2,4,6,76
03/28/2008,MVY,MA,ANE,EN,Federal Contract Tower,0,18,12,0,30,0,8,3,3,14,0,26,15,3,44,0,3,3,47
03/29/2008,MVY,MA,ANE,EN,Federal Contract Tower,0,1,9,0,10,0,25,57,0,82,0,26,66,0,92,24,0,24,116
03/30/2008,MVY,MA,ANE,EN,Federal Contract Tower,0,0,6,0,6,0,16,102,0,118,0,16,108,0,124,16,2,18,142
03/31/2008,MVY,MA,ANE,EN,Federal Contract Tower,0,8,5,0,13,0,16,6,0,22,0,24,11,0,35,0,0,0,35
04/01/2008,MVY,MA,ANE,EN,Federal Contract Tower,0,29,11,0,40,0,4,1,2,7,0,33,12,2,47,0,0,0,47
04/02/2008,MVY,MA,ANE,EN,Federal Contract Tower,0,13,4,0,17,0,32,19,0,51,0,45,23,0,68,2,0,2,70
04/03/2008,MVY,MA,ANE,EN,Federal Contract Tower,0,15,9,0,24,0,20,51,2,73,0,35,60,2,97,14,4,18,115
04/04/2008,MVY,MA,ANE,EN,Federal Contract Tower,0,24,6,0,30,0,0,0,0,0,0,24,6,0,30,2,0,2,32
04/05/2008,MVY,MA,ANE,EN,Federal Contract Tower,0,18,13,1,32,0,3,1,0,4,0,21,14,1,36,0,0,0,36
04/06/2008,MVY,MA,ANE,EN,Federal Contract Tower,0,15,10,0,25,0,5,14,2,21,0,20,24,2,46,2,0,2,48
04/07/2008,MVY,MA,ANE,EN,Federal Contract Tower,0,22,14,0,36,0,1,3,0,4,0,23,17,0,40,0,0,0,40
04/08/2008,MVY,MA,ANE,EN,Federal Contract Tower,0,16,11,0,27,0,22,35,2,59,0,38,46,2,86,0,0,0,86
04/09/2008,MVY,MA,ANE,EN,Federal Contract Tower,0,23,15,0,38,0,17,17,1,35,0,40,32,1,73,0,10,10,83
04/10/2008,MVY,MA,ANE,EN,Federal Contract Tower,0,13,8,0,21,0,10,25,2,37,0,23,33,2,58,10,0,10,68
04/11/2008,MVY,MA,ANE,EN,Federal Contract Tower,0,7,9,0,16,0,18,18,0,36,0,25,27,0,52,4,0,4,56
04/12/2008,MVY,MA,ANE,EN,Federal Contract Tower,0,13,5,0,18,0,0,1,0,1,0,13,6,0,19,0,0,0,19
04/13/2008,MVY,MA,ANE,EN,Federal Contract Tower,0,7,12,0,19,0,7,29,0,36,0,14,41,0,55,6,0,6,61
04/14/2008,MVY,MA,ANE,EN,Federal Contract Tower,0,3,2,0,5,0,18,28,0,46,0,21,30,0,51,4,0,4,55
04/15/2008,MVY,MA,ANE,EN,Federal Contract Tower,0,13,3,0,16,0,30,54,0,84,0,43,57,0,100,8,2,10,110
04/16/2008,MVY,MA,ANE,EN,Federal Contract Tower,0,4,5,0,9,0,22,60,0,82,0,26,65,0,91,2,0,2,93
04/17/2008,MVY,MA,ANE,EN,Federal Contract Tower,0,3,7,0,10,0,24,42,0,66,0,27,49,0,76,4,0,4,80
04/18/2008,MVY,MA,ANE,EN,Federal Contract Tower,0,11,13,0,24,0,19,71,0,90,0,30,84,0,114,0,0,0,114
04/19/2008,MVY,MA,ANE,EN,Federal Contract Tower,0,0,11,0,11,0,14,108,0,122,0,14,119,0,133,10,0,10,143
04/20/2008,MVY,MA,ANE,EN,Federal Contract Tower,0,5,10,0,15,0,14,84,0,98,0,19,94,0,113,4,0,4,117
04/21/2008,MVY,MA,ANE,EN,Federal Contract Tower,0,14,11,0,25,0,11,27,0,38,0,25,38,0,63,0,0,0,63
04/22/2008,MVY,MA,ANE,EN,Federal Contract Tower,0,12,11,0,23,0,14,21,0,35,0,26,32,0,58,2,0,2,60
04/23/2008,MVY,MA,ANE,EN,Federal Contract Tower,0,9,7,0,16,0,17,34,0,51,0,26,41,0,67,12,0,12,79
04/24/2008,MVY,MA,ANE,EN,Federal Contract Tower,0,6,2,0,8,0,21,47,4,72,0,27,49,4,80,0,4,4,84
04/25/2008,MVY,MA,ANE,EN,Federal Contract Tower,0,5,12,0,17,0,23,47,1,71,0,28,59,1,88,2,0,2,90
04/26/2008,MVY,MA,ANE,EN,Federal Contract Tower,0,2,9,0,11,0,17,70,1,88,0,19,79,1,99,6,0,6,105
04/27/2008,MVY,MA,ANE,EN,Federal Contract Tower,0,15,22,0,37,0,0,4,0,4,0,15,26,0,41,6,0,6,47
04/28/2008,MVY,MA,ANE,EN,Federal Contract Tower,0,22,7,0,29,0,16,0,0,16,0,38,7,0,45,0,0,0,45
04/29/2008,MVY,MA,ANE,EN,Federal Contract Tower,0,23,1,0,24,0,1,0,0,1,0,24,1,0,25,0,0,0,25
04/30/2008,MVY,MA,ANE,EN,Federal Contract Tower,0,5,8,0,13,0,23,47,0,70,0,28,55,0,83,6,0,6,89
05/01/2008,MVY,MA,ANE,EN,Federal Contract Tower,0,14,7,0,21,0,27,35,0,62,0,41,42,0,83,10,0,10,93
05/02/2008,MVY,MA,ANE,EN,Federal Contract Tower,0,29,9,0,38,0,5,2,0,7,0,34,11,0,45,0,0,0,45
05/03/2008,MVY,MA,ANE,EN,Federal Contract Tower,0,8,19,0,27,0,6,18,0,24,0,14,37,0,51,2,0,2,53
05/04/2008,MVY,MA,ANE,EN,Federal Contract Tower,0,19,20,0,39,0,0,0,0,0,0,19,20,0,39,0,0,0,39
05/05/2008,MVY,MA,ANE,EN,Federal Contract Tower,0,13,15,0,28,0,14,54,4,72,0,27,69,4,100,0,0,0,100
05/06/2008,MVY,MA,ANE,EN,Federal Contract Tower,0,2,3,0,5,0,30,51,0,81,0,32,54,0,86,0,0,0,86
05/07/2008,MVY,MA,ANE,EN,Federal Contract Tower,0,4,8,0,12,0,18,61,0,79,0,22,69,0,91,6,0,6,97
05/08/2008,MVY,MA,ANE,EN,Federal Contract Tower,0,30,18,0,48,0,7,0,0,7,0,37,18,0,55,0,0,0,55
05/09/2008,MVY,MA,ANE,EN,Federal Contract Tower,0,20,7,0,27,0,14,3,0,17,0,34,10,0,44,0,0,0,44
05/10/2008,MVY,MA,ANE,EN,Federal Contract Tower,0,12,17,0,29,0,7,9,0,16,0,19,26,0,45,0,0,0,45
05/11/2008,MVY,MA,ANE,EN,Federal Contract Tower,0,4,15,0,19,0,20,73,0,93,0,24,88,0,112,0,0,0,112
05/12/2008,MVY,MA,ANE,EN,Federal Contract Tower,0,12,13,0,25,0,14,5,0,19,0,26,18,0,44,0,0,0,44
05/13/2008,MVY,MA,ANE,EN,Federal Contract Tower,0,7,2,0,9,0,23,13,0,36,0,30,15,0,45,0,0,0,45
05/14/2008,MVY,MA,ANE,EN,Federal Contract Tower,0,5,12,0,17,0,48,94,0,142,0,53,106,0,159,10,0,10,169
05/15/2008,MVY,MA,ANE,EN,Federal Contract Tower,0,14,6,0,20,0,57,65,0,122,0,71,71,0,142,16,0,16,158
05/16/2008,MVY,MA,ANE,EN,Federal Contract Tower,0,17,22,0,39,0,57,27,0,84,0,74,49,0,123,0,0,0,123
05/17/2008,MVY,MA,ANE,EN,Federal Contract Tower,0,6,8,0,14,0,32,52,0,84,0,38,60,0,98,0,0,0,98
05/18/2008,MVY,MA,ANE,EN,Federal Contract Tower,0,18,15,0,33,0,48,104,0,152,0,66,119,0,185,0,0,0,185
05/19/2008,MVY,MA,ANE,EN,Federal Contract Tower,0,11,10,0,21,0,47,28,4,79,0,58,38,4,100,8,2,10,110
05/20/2008,MVY,MA,ANE,EN,Federal Contract Tower,0,16,10,0,26,0,28,35,0,63,0,44,45,0,89,8,2,10,99
05/21/2008,MVY,MA,ANE,EN,Federal Contract Tower,0,19,9,0,28,0,30,46,0,76,0,49,55,0,104,8,0,8,112
05/22/2008,MVY,MA,ANE,EN,Federal Contract Tower,4,38,13,0,55,7,46,32,1,86,11,84,45,1,141,0,0,0,141
05/23/2008,MVY,MA,ANE,EN,Federal Contract Tower,0,59,38,2,99,0,128,132,0,260,0,187,170,2,359,2,0,2,361
05/24/2008,MVY,MA,ANE,EN,Federal Contract Tower,0,19,22,0,41,0,47,117,0,164,0,66,139,0,205,4,0,4,209
05/25/2008,MVY,MA,ANE,EN,Federal Contract Tower,0,11,27,0,38,0,65,151,0,216,0,76,178,0,254,14,0,14,268
05/26/2008,MVY,MA,ANE,EN,Federal Contract Tower,0,61,79,0,140,0,95,154,0,249,0,156,233,0,389,2,0,2,391
05/27/2008,MVY,MA,ANE,EN,Federal Contract Tower,0,65,26,0,91,0,10,1,0,11,0,75,27,0,102,0,0,0,102
05/28/2008,MVY,MA,ANE,EN,Federal Contract Tower,0,23,15,0,38,0,42,43,2,87,0,65,58,2,125,8,0,8,133
05/29/2008,MVY,MA,ANE,EN,Federal Contract Tower,0,21,15,0,36,0,42,88,0,130,0,63,103,0,166,0,0,0,166
05/30/2008,MVY,MA,ANE,EN,Federal Contract Tower,1,29,24,0,54,0,48,113,0,161,1,77,137,0,215,2,0,2,217
05/31/2008,MVY,MA,ANE,EN,Federal Contract Tower,1,27,11,0,39,0,10,5,0,15,1,37,16,0,54,0,0,0,54
06/01/2008,MVY,MA,ANE,EN,Federal Contract Tower,0,38,23,0,61,0,34,49,0,83,0,72,72,0,144,0,0,0,144
06/02/2008,MVY,MA,ANE,EN,Federal Contract Tower,0,20,11,0,31,0,55,62,0,117,0,75,73,0,148,16,0,16,164
06/03/2008,MVY,MA,ANE,EN,Federal Contract Tower,0,14,16,0,30,0,36,52,0,88,0,50,68,0,118,32,4,36,154
06/04/2008,MVY,MA,ANE,EN,Federal Contract Tower,0,34,21,0,55,0,12,1,0,13,0,46,22,0,68,4,0,4,72
06/05/2008,MVY,MA,ANE,EN,Federal Contract Tower,0,47,13,1,61,0,23,5,0,28,0,70,18,1,89,0,4,4,93
06/06/2008,MVY,MA,ANE,EN,Federal Contract Tower,0,116,51,0,167,0,7,0,0,7,0,123,51,0,174,0,0,0,174
06/07/2008,MVY,MA,ANE,EN,Federal Contract Tower,0,44,45,0,89,0,16,51,0,67,0,60,96,0,156,6,0,6,162
06/08/2008,MVY,MA,ANE,EN,Federal Contract Tower,0,30,33,0,63,0,55,95,0,150,0,85,128,0,213,2,0,2,215
06/09/2008,MVY,MA,ANE,EN,Federal Contract Tower,0,26,21,0,47,0,75,77,0,152,0,101,98,0,199,16,0,16,215
06/10/2008,MVY,MA,ANE,EN,Federal Contract Tower,0,19,8,0,27,0,58,53,0,111,0,77,61,0,138,18,0,18,156
06/11/2008,MVY,MA,ANE,EN,Federal Contract Tower,0,21,20,0,41,0,59,117,1,177,0,80,137,1,218,30,0,30,248
06/12/2008,MVY,MA,ANE,EN,Federal Contract Tower,0,39,26,0,65,0,91,93,0,184,0,130,119,0,249,20,4,24,273
06/13/2008,MVY,MA,ANE,EN,Federal Contract Tower,0,28,25,1,54,0,82,112,1,195,0,110,137,2,249,0,2,2,251
06/14/2008,MVY,MA,ANE,EN,Federal Contract Tower,0,17,19,0,36,0,59,117,0,176,0,76,136,0,212,16,0,16,228
06/15/2008,MVY,MA,ANE,EN,Federal Contract Tower,0,99,77,0,176,0,8,1,0,9,0,107,78,0,185,0,0,0,185
06/16/2008,MVY,MA,ANE,EN,Federal Contract Tower,0,117,17,0,134,0,12,5,0,17,0,129,22,0,151,8,2,10,161
06/17/2008,MVY,MA,ANE,EN,Federal Contract Tower,0,56,23,0,79,0,34,40,2,76,0,90,63,2,155,4,0,4,159
06/18/2008,MVY,MA,ANE,EN,Federal Contract Tower,0,15,12,0,27,0,84,61,0,145,0,99,73,0,172,10,0,10,182
06/19/2008,MVY,MA,ANE,EN,Federal Contract Tower,0,41,34,0,75,0,90,95,0,185,0,131,129,0,260,10,0,10,270
06/20/2008,MVY,MA,ANE,EN,Federal Contract Tower,0,48,33,0,81,0,89,118,0,207,0,137,151,0,288,21,0,21,309
06/21/2008,MVY,MA,ANE,EN,Federal Contract Tower,0,30,23,0,53,0,62,190,0,252,0,92,213,0,305,0,0,0,305
06/22/2008,MVY,MA,ANE,EN,Federal Contract Tower,0,60,48,0,108,0,42,52,0,94,0,102,100,0,202,4,0,4,206
06/23/2008,MVY,MA,ANE,EN,Federal Contract Tower,0,104,39,0,143,0,7,0,0,7,0,111,39,0,150,0,0,0,150
06/24/2008,MVY,MA,ANE,EN,Federal Contract Tower,0,77,39,2,118,0,12,22,2,36,0,89,61,4,154,10,0,10,164
06/25/2008,MVY,MA,ANE,EN,Federal Contract Tower,0,34,44,0,78,0,62,83,0,145,0,96,127,0,223,8,0,8,231
06/26/2008,MVY,MA,ANE,EN,Federal Contract Tower,0,74,32,0,106,0,67,44,0,111,0,141,76,0,217,6,1,7,224
06/27/2008,MVY,MA,ANE,EN,Federal Contract Tower,0,73,60,0,133,0,96,32,0,128,0,169,92,0,261,0,0,0,261
06/28/2008,MVY,MA,ANE,EN,Federal Contract Tower,0,89,51,0,140,0,51,42,0,93,0,140,93,0,233,16,0,16,249
06/29/2008,MVY,MA,ANE,EN,Federal Contract Tower,0,85,51,0,136,0,19,23,0,42,0,104,74,0,178,0,0,0,178
06/30/2008,MVY,MA,ANE,EN,Federal Contract Tower,0,91,48,2,141,0,31,28,0,59,0,122,76,2,200,2,0,2,202
07/01/2008,MVY,MA,ANE,EN,Federal Contract Tower,0,92,49,1,142,0,30,20,0,50,0,122,69,1,192,0,0,0,192
07/02/2008,MVY,MA,ANE,EN,Federal Contract Tower,0,73,57,0,130,0,69,65,0,134,0,142,122,0,264,4,0,4,268
07/03/2008,MVY,MA,ANE,EN,Federal Contract Tower,0,74,60,0,134,0,126,157,0,283,0,200,217,0,417,0,0,0,417
07/04/2008,MVY,MA,ANE,EN,Federal Contract Tower,0,85,38,0,123,0,14,37,2,53,0,99,75,2,176,11,0,11,187
07/05/2008,MVY,MA,ANE,EN,Federal Contract Tower,0,102,50,0,152,0,0,0,0,0,0,102,50,0,152,0,0,0,152
07/06/2008,MVY,MA,ANE,EN,Federal Contract Tower,0,252,148,0,400,0,0,0,0,0,0,252,148,0,400,0,0,0,400
07/07/2008,MVY,MA,ANE,EN,Federal Contract Tower,0,148,82,0,230,0,26,24,0,50,0,174,106,0,280,0,0,0,280
07/08/2008,MVY,MA,ANE,EN,Federal Contract Tower,0,101,38,0,139,0,28,41,0,69,0,129,79,0,208,12,0,12,220
07/09/2008,MVY,MA,ANE,EN,Federal Contract Tower,0,91,32,2,125,0,49,25,0,74,0,140,57,2,199,12,0,12,211
07/10/2008,MVY,MA,ANE,EN,Federal Contract Tower,0,53,22,0,75,0,83,148,0,231,0,136,170,0,306,28,0,28,334
07/11/2008,MVY,MA,ANE,EN,Federal Contract Tower,0,50,44,0,94,0,103,171,0,274,0,153,215,0,368,0,0,0,368
07/12/2008,MVY,MA,ANE,EN,Federal Contract Tower,0,41,43,0,84,0,93,176,0,269,0,134,219,0,353,0,0,0,353
07/13/2008,MVY,MA,ANE,EN,Federal Contract Tower,0,80,56,1,137,0,108,174,0,282,0,188,230,1,419,2,0,2,421
07/14/2008,MVY,MA,ANE,EN,Federal Contract Tower,0,103,77,0,180,0,46,16,2,64,0,149,93,2,244,6,0,6,250
07/15/2008,MVY,MA,ANE,EN,Federal Contract Tower,0,43,20,0,63,0,89,118,0,207,0,132,138,0,270,12,2,14,284
07/16/2008,MVY,MA,ANE,EN,Federal Contract Tower,0,44,14,0,58,0,85,140,1,226,0,129,154,1,284,16,0,16,300
07/17/2008,MVY,MA,ANE,EN,Federal Contract Tower,0,65,37,0,102,0,91,146,0,237,0,156,183,0,339,6,0,6,345
07/18/2008,MVY,MA,ANE,EN,Federal Contract Tower,0,76,81,0,157,0,141,219,0,360,0,217,300,0,517,0,0,0,517
07/19/2008,MVY,MA,ANE,EN,Federal Contract Tower,0,65,41,0,106,0,73,87,0,160,0,138,128,0,266,2,0,2,268
07/20/2008,MVY,MA,ANE,EN,Federal Contract Tower,0,172,159,0,331,0,8,5,0,13,0,180,164,0,344,0,0,0,344
07/21/2008,MVY,MA,ANE,EN,Federal Contract Tower,0,152,110,0,262,0,2,6,0,8,0,154,116,0,270,0,0,0,270
07/22/2008,MVY,MA,ANE,EN,Federal Contract Tower,0,87,45,0,132,0,42,28,0,70,0,129,73,0,202,0,0,0,202
07/23/2008,MVY,MA,ANE,EN,Federal Contract Tower,0,107,49,0,156,0,0,0,0,0,0,107,49,0,156,0,0,0,156
07/24/2008,MVY,MA,ANE,EN,Federal Contract Tower,0,103,63,0,166,0,11,5,0,16,0,114,68,0,182,0,0,0,182
07/25/2008,MVY,MA,ANE,EN,Federal Contract Tower,0,133,106,0,239,0,71,101,2,174,0,204,207,2,413,8,2,10,423
07/26/2008,MVY,MA,ANE,EN,Federal Contract Tower,0,49,28,0,77,0,90,160,0,250,0,139,188,0,327,0,0,0,327
07/27/2008,MVY,MA,ANE,EN,Federal Contract Tower,0,84,63,0,147,0,58,69,0,127,0,142,132,0,274,0,0,0,274
07/28/2008,MVY,MA,ANE,EN,Federal Contract Tower,0,82,66,0,148,0,96,103,6,205,0,178,169,6,353,4,2,6,359
07/29/2008,MVY,MA,ANE,EN,Federal Contract Tower,0,60,15,0,75,0,76,90,0,166,0,136,105,0,241,40,3,43,284
07/30/2008,MVY,MA,ANE,EN,Federal Contract Tower,0,49,17,0,66,0,60,76,3,139,0,109,93,3,205,4,1,5,210
07/31/2008,MVY,MA,ANE,EN,Federal Contract Tower,0,92,61,0,153,0,51,61,2,114,0,143,122,2,267,0,0,0,267
08/01/2008,MVY,MA,ANE,EN,Federal Contract Tower,0,78,73,0,151,0,101,150,4,255,0,179,223,4,406,7,0,7,413
08/02/2008,MVY,MA,ANE,EN,Federal Contract Tower,0,60,34,0,94,0,51,57,0,108,0,111,91,0,202,0,0,0,202
08/03/2008,MVY,MA,ANE,EN,Federal Contract Tower,0,112,66,0,178,0,90,80,0,170,0,202,146,0,348,6,0,6,354
08/04/2008,MVY,MA,ANE,EN,Federal Contract Tower,0,61,60,0,121,0,127,132,0,259,0,188,192,0,380,18,0,18,398
08/05/2008,MVY,MA,ANE,EN,Federal Contract Tower,0,69,27,0,96,0,60,66,4,130,0,129,93,4,226,2,0,2,228
08/06/2008,MVY,MA,ANE,EN,Federal Contract Tower,0,116,49,5,170,0,14,3,0,17,0,130,52,5,187,0,0,0,187
08/07/2008,MVY,MA,ANE,EN,Federal Contract Tower,0,113,93,1,207,0,40,34,15,89,0,153,127,16,296,0,0,0,296
08/08/2008,MVY,MA,ANE,EN,Federal Contract Tower,0,107,70,4,181,0,82,77,0,159,0,189,147,4,340,2,0,2,342
08/09/2008,MVY,MA,ANE,EN,Federal Contract Tower,0,71,43,0,114,0,90,150,0,240,0,161,193,0,354,6,0,6,360
08/10/2008,MVY,MA,ANE,EN,Federal Contract Tower,0,70,47,0,117,0,102,119,0,221,0,172,166,0,338,4,0,4,342
08/11/2008,MVY,MA,ANE,EN,Federal Contract Tower,0,113,66,0,179,0,19,10,0,29,0,132,76,0,208,4,0,4,212
08/12/2008,MVY,MA,ANE,EN,Federal Contract Tower,0,88,54,0,142,0,51,55,1,107,0,139,109,1,249,18,0,18,267
08/13/2008,MVY,MA,ANE,EN,Federal Contract Tower,0,59,17,0,76,0,105,169,0,274,0,164,186,0,350,16,0,16,366
08/14/2008,MVY,MA,ANE,EN,Federal Contract Tower,0,130,41,1,172,0,63,44,0,107,0,193,85,1,279,9,0,9,288
08/15/2008,MVY,MA,ANE,EN,Federal Contract Tower,0,125,63,0,188,0,105,66,0,171,0,230,129,0,359,0,0,0,359
08/16/2008,MVY,MA,ANE,EN,Federal Contract Tower,0,84,57,0,141,0,57,51,0,108,0,141,108,0,249,0,0,0,249
08/17/2008,MVY,MA,ANE,EN,Federal Contract Tower,0,64,57,0,121,0,130,307,1,438,0,194,364,1,559,8,0,8,567
08/18/2008,MVY,MA,ANE,EN,Federal Contract Tower,0,66,36,0,102,0,128,128,0,256,0,194,164,0,358,0,0,0,358
08/19/2008,MVY,MA,ANE,EN,Federal Contract Tower,0,62,35,0,97,0,97,80,0,177,0,159,115,0,274,0,4,4,278
08/20/2008,MVY,MA,ANE,EN,Federal Contract Tower,0,56,20,0,76,0,113,167,0,280,0,169,187,0,356,14,0,14,370
08/21/2008,MVY,MA,ANE,EN,Federal Contract Tower,0,67,21,0,88,0,103,150,0,253,0,170,171,0,341,14,0,14,355
08/22/2008,MVY,MA,ANE,EN,Federal Contract Tower,0,65,37,0,102,0,101,173,2,276,0,166,210,2,378,2,0,2,380
08/23/2008,MVY,MA,ANE,EN,Federal Contract Tower,0,40,35,0,75,0,93,198,0,291,0,133,233,0,366,22,0,22,388
08/24/2008,MVY,MA,ANE,EN,Federal Contract Tower,0,82,60,0,142,0,97,159,0,256,0,179,219,0,398,0,0,0,398
08/25/2008,MVY,MA,ANE,EN,Federal Contract Tower,0,61,21,0,82,0,71,56,0,127,0,132,77,0,209,4,0,4,213
08/26/2008,MVY,MA,ANE,EN,Federal Contract Tower,0,30,19,0,49,0,99,96,4,199,0,129,115,4,248,10,0,10,258
08/27/2008,MVY,MA,ANE,EN,Federal Contract Tower,0,59,14,2,75,0,95,146,1,242,0,154,160,3,317,2,0,2,319
08/28/2008,MVY,MA,ANE,EN,Federal Contract Tower,0,58,16,0,74,0,104,120,0,224,0,162,136,0,298,0,0,0,298
08/29/2008,MVY,MA,ANE,EN,Federal Contract Tower,0,108,63,0,171,0,95,97,3,195,0,203,160,3,366,0,0,0,366
08/30/2008,MVY,MA,ANE,EN,Federal Contract Tower,0,111,54,0,165,0,31,28,0,59,0,142,82,0,224,0,0,0,224
08/31/2008,MVY,MA,ANE,EN,Federal Contract Tower,0,45,23,0,68,0,105,205,0,310,0,150,228,0,378,0,0,0,378
09/01/2008,MVY,MA,ANE,EN,Federal Contract Tower,0,69,43,0,112,0,151,242,0,393,0,220,285,0,505,2,0,2,507
09/02/2008,MVY,MA,ANE,EN,Federal Contract Tower,0,38,35,2,75,0,96,89,0,185,0,134,124,2,260,0,0,0,260
09/03/2008,MVY,MA,ANE,EN,Federal Contract Tower,0,37,9,0,46,0,81,62,1,144,0,118,71,1,190,6,1,7,197
09/04/2008,MVY,MA,ANE,EN,Federal Contract Tower,0,90,39,1,130,0,25,16,0,41,0,115,55,1,171,0,0,0,171
09/05/2008,MVY,MA,ANE,EN,Federal Contract Tower,0,65,37,0,102,0,59,67,0,126,0,124,104,0,228,4,0,4,232
09/06/2008,MVY,MA,ANE,EN,Federal Contract Tower,0,28,8,0,36,0,0,1,0,1,0,28,9,0,37,0,0,0,37
09/07/2008,MVY,MA,ANE,EN,Federal Contract Tower,0,28,8,0,36,0,69,52,0,121,0,97,60,0,157,4,0,4,161
09/08/2008,MVY,MA,ANE,EN,Federal Contract Tower,0,0,0,0,0,0,79,90,0,169,0,79,90,0,169,0,0,0,169
09/09/2008,MVY,MA,ANE,EN,Federal Contract Tower,0,44,14,0,58,0,34,9,0,43,0,78,23,0,101,6,0,6,107
09/10/2008,MVY,MA,ANE,EN,Federal Contract Tower,0,15,10,0,25,0,64,52,0,116,0,79,62,0,141,18,0,18,159
09/11/2008,MVY,MA,ANE,EN,Federal Contract Tower,0,43,20,0,63,0,74,82,0,156,0,117,102,0,219,20,0,20,239
09/12/2008,MVY,MA,ANE,EN,Federal Contract Tower,0,54,23,0,77,0,66,58,0,124,0,120,81,0,201,6,0,6,207
09/13/2008,MVY,MA,ANE,EN,Federal Contract Tower,0,73,30,0,103,0,0,0,0,0,0,73,30,0,103,6,0,6,109
09/14/2008,MVY,MA,ANE,EN,Federal Contract Tower,0,92,87,0,179,0,1,1,0,2,0,93,88,0,181,0,0,0,181
09/15/2008,MVY,MA,ANE,EN,Federal Contract Tower,0,22,10,0,32,0,74,38,1,113,0,96,48,1,145,0,2,2,147
09/16/2008,MVY,MA,ANE,EN,Federal Contract Tower,0,28,15,0,43,0,70,57,0,127,0,98,72,0,170,0,0,0,170
09/17/2008,MVY,MA,ANE,EN,Federal Contract Tower,0,23,8,0,31,0,62,68,0,130,0,85,76,0,161,4,8,12,173
09/18/2008,MVY,MA,ANE,EN,Federal Contract Tower,0,28,14,0,42,0,79,43,0,122,0,107,57,0,164,0,0,0,164
09/19/2008,MVY,MA,ANE,EN,Federal Contract Tower,0,44,18,0,62,0,98,81,0,179,0,142,99,0,241,8,0,8,249
09/20/2008,MVY,MA,ANE,EN,Federal Contract Tower,0,17,31,0,48,0,36,154,0,190,0,53,185,0,238,14,0,14,252
09/21/2008,MVY,MA,ANE,EN,Federal Contract Tower,0,16,27,0,43,0,53,166,0,219,0,69,193,0,262,6,0,6,268
09/22/2008,MVY,MA,ANE,EN,Federal Contract Tower,0,63,29,0,92,0,26,10,0,36,0,89,39,0,128,0,0,0,128
09/23/2008,MVY,MA,ANE,EN,Federal Contract Tower,0,17,14,0,31,0,57,53,0,110,0,74,67,0,141,4,0,4,145
09/24/2008,MVY,MA,ANE,EN,Federal Contract Tower,0,12,10,1,23,0,47,87,16,150,0,59,97,17,173,0,0,0,173
09/25/2008,MVY,MA,ANE,EN,Federal Contract Tower,0,19,11,0,30,0,54,45,0,99,0,73,56,0,129,0,0,0,129
09/26/2008,MVY,MA,ANE,EN,Federal Contract Tower,0,46,13,0,59,0,0,0,0,0,0,46,13,0,59,0,0,0,59
09/27/2008,MVY,MA,ANE,EN,Federal Contract Tower,0,46,12,0,58,0,3,0,0,3,0,49,12,0,61,0,0,0,61
09/28/2008,MVY,MA,ANE,EN,Federal Contract Tower,0,40,17,0,57,0,0,1,0,1,0,40,18,0,58,0,0,0,58
09/29/2008,MVY,MA,ANE,EN,Federal Contract Tower,0,49,25,0,74,0,27,14,0,41,0,76,39,0,115,0,2,2,117
09/30/2008,MVY,MA,ANE,EN,Federal Contract Tower,0,69,20,0,89,0,45,8,1,54,0,114,28,1,143,0,0,0,143
10/01/2008,MVY,MA,ANE,EN,Federal Contract Tower,0,46,15,0,61,0,18,12,0,30,0,64,27,0,91,0,0,0,91
10/02/2008,MVY,MA,ANE,EN,Federal Contract Tower,0,29,12,0,41,0,38,28,0,66,0,67,40,0,107,10,0,10,117
10/03/2008,MVY,MA,ANE,EN,Federal Contract Tower,0,29,27,0,56,0,75,54,1,130,0,104,81,1,186,20,0,20,206
10/04/2008,MVY,MA,ANE,EN,Federal Contract Tower,0,19,10,0,29,0,38,90,1,129,0,57,100,1,158,8,0,8,166
10/05/2008,MVY,MA,ANE,EN,Federal Contract Tower,0,44,32,0,76,0,26,31,0,57,0,70,63,0,133,23,0,23,156
10/06/2008,MVY,MA,ANE,EN,Federal Contract Tower,0,21,21,0,42,0,71,41,0,112,0,92,62,0,154,4,0,4,158
10/07/2008,MVY,MA,ANE,EN,Federal Contract Tower,0,3,2,0,5,0,83,55,0,138,0,86,57,0,143,0,2,2,145
10/08/2008,MVY,MA,ANE,EN,Federal Contract Tower,0,10,11,3,24,0,57,79,1,137,0,67,90,4,161,8,0,8,169
10/09/2008,MVY,MA,ANE,EN,Federal Contract Tower,0,47,21,0,68,0,22,13,0,35,0,69,34,0,103,0,0,0,103
10/10/2008,MVY,MA,ANE,EN,Federal Contract Tower,0,21,25,0,46,0,82,103,0,185,0,103,128,0,231,2,0,2,233
10/11/2008,MVY,MA,ANE,EN,Federal Contract Tower,0,22,12,0,34,0,42,114,0,156,0,64,126,0,190,14,0,14,204
10/12/2008,MVY,MA,ANE,EN,Federal Contract Tower,0,12,14,0,26,0,65,125,0,190,0,77,139,0,216,8,0,8,224
10/13/2008,MVY,MA,ANE,EN,Federal Contract Tower,0,29,14,0,43,0,85,65,2,152,0,114,79,2,195,4,0,4,199
10/14/2008,MVY,MA,ANE,EN,Federal Contract Tower,0,8,14,1,23,0,31,41,0,72,0,39,55,1,95,0,10,10,105
10/15/2008,MVY,MA,ANE,EN,Federal Contract Tower,0,36,18,0,54,0,21,17,0,38,0,57,35,0,92,0,0,0,92
10/16/2008,MVY,MA,ANE,EN,Federal Contract Tower,0,31,11,0,42,0,34,12,0,46,0,65,23,0,88,10,0,10,98
10/17/2008,MVY,MA,ANE,EN,Federal Contract Tower,0,15,15,1,31,0,45,67,0,112,0,60,82,1,143,20,2,22,165
10/18/2008,MVY,MA,ANE,EN,Federal Contract Tower,0,10,13,0,23,0,19,49,0,68,0,29,62,0,91,2,0,2,93
10/19/2008,MVY,MA,ANE,EN,Federal Contract Tower,0,23,14,0,37,0,7,24,0,31,0,30,38,0,68,0,0,0,68
10/20/2008,MVY,MA,ANE,EN,Federal Contract Tower,0,15,3,0,18,0,28,33,0,61,0,43,36,0,79,2,0,2,81
10/21/2008,MVY,MA,ANE,EN,Federal Contract Tower,0,13,7,0,20,0,24,48,0,72,0,37,55,0,92,14,0,14,106
10/22/2008,MVY,MA,ANE,EN,Federal Contract Tower,0,25,3,0,28,0,12,4,0,16,0,37,7,0,44,0,0,0,44
10/23/2008,MVY,MA,ANE,EN,Federal Contract Tower,0,12,9,0,21,0,29,30,0,59,0,41,39,0,80,16,0,16,96
10/24/2008,MVY,MA,ANE,EN,Federal Contract Tower,0,11,7,0,18,0,59,75,2,136,0,70,82,2,154,0,2,2,156
10/25/2008,MVY,MA,ANE,EN,Federal Contract Tower,0,2,4,0,6,0,25,62,0,87,0,27,66,0,93,6,0,6,99
10/26/2008,MVY,MA,ANE,EN,Federal Contract Tower,0,20,13,0,33,0,13,39,0,52,0,33,52,0,85,18,0,18,103
10/27/2008,MVY,MA,ANE,EN,Federal Contract Tower,0,12,2,0,14,0,28,29,1,58,0,40,31,1,72,6,4,10,82
10/28/2008,MVY,MA,ANE,EN,Federal Contract Tower,0,17,6,0,23,0,13,2,2,17,0,30,8,2,40,0,0,0,40
10/29/2008,MVY,MA,ANE,EN,Federal Contract Tower,0,9,5,0,14,0,33,9,0,42,0,42,14,0,56,0,0,0,56
10/30/2008,MVY,MA,ANE,EN,Federal Contract Tower,0,5,2,0,7,0,40,78,0,118,0,45,80,0,125,0,0,0,125
10/31/2008,MVY,MA,ANE,EN,Federal Contract Tower,0,10,10,0,20,0,31,71,0,102,0,41,81,0,122,6,0,6,128
11/01/2008,MVY,MA,ANE,EN,Federal Contract Tower,0,7,1,0,8,0,10,47,0,57,0,17,48,0,65,6,0,6,71
11/02/2008,MVY,MA,ANE,EN,Federal Contract Tower,0,2,7,0,9,0,14,103,0,117,0,16,110,0,126,4,0,4,130
11/03/2008,MVY,MA,ANE,EN,Federal Contract Tower,0,14,5,0,19,0,16,16,0,32,0,30,21,0,51,2,0,2,53
11/04/2008,MVY,MA,ANE,EN,Federal Contract Tower,0,12,7,0,19,0,14,20,0,34,0,26,27,0,53,4,2,6,59
11/05/2008,MVY,MA,ANE,EN,Federal Contract Tower,0,5,6,0,11,0,21,31,4,56,0,26,37,4,67,0,0,0,67
11/06/2008,MVY,MA,ANE,EN,Federal Contract Tower,0,16,3,0,19,0,0,0,0,0,0,16,3,0,19,0,0,0,19
11/07/2008,MVY,MA,ANE,EN,Federal Contract Tower,0,26,13,0,39,0,0,0,0,0,0,26,13,0,39,0,0,0,39
11/08/2008,MVY,MA,ANE,EN,Federal Contract Tower,0,15,9,0,24,0,0,0,0,0,0,15,9,0,24,0,0,0,24
11/09/2008,MVY,MA,ANE,EN,Federal Contract Tower,0,13,17,0,30,0,20,71,0,91,0,33,88,0,121,28,0,28,149
11/10/2008,MVY,MA,ANE,EN,Federal Contract Tower,0,5,7,0,12,0,26,36,0,62,0,31,43,0,74,6,0,6,80
11/11/2008,MVY,MA,ANE,EN,Federal Contract Tower,0,7,7,0,14,0,31,48,0,79,0,38,55,0,93,18,0,18,111
11/12/2008,MVY,MA,ANE,EN,Federal Contract Tower,0,1,3,0,4,0,29,66,0,95,0,30,69,0,99,20,0,20,119
11/13/2008,MVY,MA,ANE,EN,Federal Contract Tower,0,3,7,0,10,0,15,12,0,27,0,18,19,0,37,0,0,0,37
11/14/2008,MVY,MA,ANE,EN,Federal Contract Tower,0,27,9,0,36,0,4,0,0,4,0,31,9,0,40,0,0,0,40
11/15/2008,MVY,MA,ANE,EN,Federal Contract Tower,0,13,6,0,19,0,0,0,0,0,0,13,6,0,19,0,0,0,19
11/16/2008,MVY,MA,ANE,EN,Federal Contract Tower,0,14,5,0,19,0,21,11,0,32,0,35,16,0,51,16,0,16,67
11/17/2008,MVY,MA,ANE,EN,Federal Contract Tower,0,8,3,0,11,0,32,33,0,65,0,40,36,0,76,14,0,14,90
11/18/2008,MVY,MA,ANE,EN,Federal Contract Tower,0,3,0,0,3,0,17,26,0,43,0,20,26,0,46,0,0,0,46
11/19/2008,MVY,MA,ANE,EN,Federal Contract Tower,0,6,3,0,9,0,19,15,0,34,0,25,18,0,43,0,0,0,43
11/20/2008,MVY,MA,ANE,EN,Federal Contract Tower,0,2,2,0,4,0,22,22,0,44,0,24,24,0,48,16,0,16,64
11/21/2008,MVY,MA,ANE,EN,Federal Contract Tower,0,4,7,0,11,0,19,37,0,56,0,23,44,0,67,24,0,24,91
11/22/2008,MVY,MA,ANE,EN,Federal Contract Tower,0,5,4,0,9,0,35,18,0,53,0,40,22,0,62,0,0,0,62
11/23/2008,MVY,MA,ANE,EN,Federal Contract Tower,0,11,2,0,13,0,11,64,0,75,0,22,66,0,88,2,0,2,90
11/24/2008,MVY,MA,ANE,EN,Federal Contract Tower,0,5,0,0,5,0,22,47,0,69,0,27,47,0,74,4,2,6,80
11/25/2008,MVY,MA,ANE,EN,Federal Contract Tower,0,23,2,0,25,0,0,0,0,0,0,23,2,0,25,0,0,0,25
11/26/2008,MVY,MA,ANE,EN,Federal Contract Tower,0,44,14,0,58,0,42,33,0,75,0,86,47,0,133,0,0,0,133
11/27/2008,MVY,MA,ANE,EN,Federal Contract Tower,0,4,1,0,5,0,11,12,0,23,0,15,13,0,28,0,0,0,28
11/28/2008,MVY,MA,ANE,EN,Federal Contract Tower,0,18,12,0,30,0,32,31,0,63,0,50,43,0,93,0,0,0,93
11/29/2008,MVY,MA,ANE,EN,Federal Contract Tower,0,12,8,0,20,0,21,91,0,112,0,33,99,0,132,0,0,0,132
11/30/2008,MVY,MA,ANE,EN,Federal Contract Tower,0,55,5,0,60,0,15,37,0,52,0,70,42,0,112,0,0,0,112
12/01/2008,MVY,MA,ANE,EN,Federal Contract Tower,0,24,3,0,27,0,24,13,0,37,0,48,16,0,64,0,0,0,64
12/02/2008,MVY,MA,ANE,EN,Federal Contract Tower,0,4,0,0,4,0,21,6,0,27,0,25,6,0,31,12,0,12,43
12/03/2008,MVY,MA,ANE,EN,Federal Contract Tower,0,5,5,0,10,0,31,44,0,75,0,36,49,0,85,12,0,12,97
12/04/2008,MVY,MA,ANE,EN,Federal Contract Tower,0,2,5,0,7,0,21,22,2,45,0,23,27,2,52,16,0,16,68
12/05/2008,MVY,MA,ANE,EN,Federal Contract Tower,0,7,6,0,13,0,19,29,1,49,0,26,35,1,62,6,0,6,68
12/06/2008,MVY,MA,ANE,EN,Federal Contract Tower,0,9,2,0,11,0,8,49,0,57,0,17,51,0,68,6,0,6,74
12/07/2008,MVY,MA,ANE,EN,Federal Contract Tower,0,11,2,0,13,0,1,0,0,1,0,12,2,0,14,0,0,0,14
12/08/2008,MVY,MA,ANE,EN,Federal Contract Tower,0,3,1,0,4,0,22,15,0,37,0,25,16,0,41,0,0,0,41
12/09/2008,MVY,MA,ANE,EN,Federal Contract Tower,0,4,1,0,5,0,23,21,0,44,0,27,22,0,49,0,2,2,51
12/10/2008,MVY,MA,ANE,EN,Federal Contract Tower,0,14,4,0,18,0,10,1,0,11,0,24,5,0,29,0,0,0,29
12/11/2008,MVY,MA,ANE,EN,Federal Contract Tower,0,25,3,0,28,0,0,0,0,0,0,25,3,0,28,0,0,0,28
12/12/2008,MVY,MA,ANE,EN,Federal Contract Tower,0,13,8,0,21,0,6,1,0,7,0,19,9,0,28,0,0,0,28
12/13/2008,MVY,MA,ANE,EN,Federal Contract Tower,0,2,8,0,10,0,13,59,0,72,0,15,67,0,82,12,0,12,94
12/14/2008,MVY,MA,ANE,EN,Federal Contract Tower,0,7,9,0,16,0,44,74,0,118,0,51,83,0,134,0,0,0,134
12/15/2008,MVY,MA,ANE,EN,Federal Contract Tower,0,6,4,0,10,0,27,10,0,37,0,33,14,0,47,0,0,0,47
12/16/2008,MVY,MA,ANE,EN,Federal Contract Tower,0,10,4,0,14,0,22,12,0,34,0,32,16,0,48,0,0,0,48
12/17/2008,MVY,MA,ANE,EN,Federal Contract Tower,0,22,2,0,24,0,0,0,0,0,0,22,2,0,24,0,0,0,24
12/18/2008,MVY,MA,ANE,EN,Federal Contract Tower,0,4,3,0,7,0,24,39,2,65,0,28,42,2,72,10,0,10,82
12/19/2008,MVY,MA,ANE,EN,Federal Contract Tower,0,2,0,0,2,0,11,6,0,17,0,13,6,0,19,0,0,0,19
12/20/2008,MVY,MA,ANE,EN,Federal Contract Tower,0,8,0,0,8,0,0,0,0,0,0,8,0,0,8,0,0,0,8
12/21/2008,MVY,MA,ANE,EN,Federal Contract Tower,0,1,0,0,1,0,0,0,0,0,0,1,0,0,1,0,0,0,1
12/22/2008,MVY,MA,ANE,EN,Federal Contract Tower,0,10,2,0,12,0,12,6,0,18,0,22,8,0,30,0,0,0,30
12/23/2008,MVY,MA,ANE,EN,Federal Contract Tower,0,6,8,0,14,0,22,13,0,35,0,28,21,0,49,2,0,2,51
12/24/2008,MVY,MA,ANE,EN,Federal Contract Tower,0,15,2,0,17,0,1,0,0,1,0,16,2,0,18,0,0,0,18
12/25/2008,MVY,MA,ANE,EN,Federal Contract Tower,0,2,0,0,2,0,10,3,0,13,0,12,3,0,15,0,0,0,15
12/26/2008,MVY,MA,ANE,EN,Federal Contract Tower,0,6,0,0,6,0,0,1,0,1,0,6,1,0,7,4,0,4,11
12/27/2008,MVY,MA,ANE,EN,Federal Contract Tower,0,14,10,0,24,0,9,6,0,15,0,23,16,0,39,0,0,0,39
12/28/2008,MVY,MA,ANE,EN,Federal Contract Tower,0,15,0,0,15,0,0,0,0,0,0,15,0,0,15,0,0,0,15
12/29/2008,MVY,MA,ANE,EN,Federal Contract Tower,0,7,8,0,15,0,33,54,0,87,0,40,62,0,102,12,0,12,114
12/30/2008,MVY,MA,ANE,EN,Federal Contract Tower,0,1,0,0,1,0,23,3,0,26,0,24,3,0,27,0,0,0,27
12/31/2008,MVY,MA,ANE,EN,Federal Contract Tower,0,5,2,0,7,0,5,0,0,5,0,10,2,0,12,0,0,0,12
01/01/2009,MVY,MA,ANE,EN,Federal Contract Tower,0,0,0,0,0,0,0,0,0,0,0,0,0,0,0,0,0,0,0
01/02/2009,MVY,MA,ANE,EN,Federal Contract Tower,0,4,1,0,5,0,15,7,0,22,0,19,8,0,27,0,0,0,27
01/03/2009,MVY,MA,ANE,EN,Federal Contract Tower,0,1,8,0,9,0,16,19,0,35,0,17,27,0,44,0,0,0,44
01/04/2009,MVY,MA,ANE,EN,Federal Contract Tower,0,2,0,0,2,0,0,0,0,0,0,2,0,0,2,2,0,2,4
01/05/2009,MVY,MA,ANE,EN,Federal Contract Tower,0,3,3,0,6,0,18,24,0,42,0,21,27,0,48,8,0,8,56
01/06/2009,MVY,MA,ANE,EN,Federal Contract Tower,0,6,1,0,7,0,26,26,2,54,0,32,27,2,61,4,0,4,65
01/07/2009,MVY,MA,ANE,EN,Federal Contract Tower,0,7,0,0,7,0,0,0,0,0,0,7,0,0,7,0,0,0,7
01/08/2009,MVY,MA,ANE,EN,Federal Contract Tower,0,5,0,0,5,0,25,3,0,28,0,30,3,0,33,0,4,4,37
01/09/2009,MVY,MA,ANE,EN,Federal Contract Tower,0,4,5,0,9,0,31,19,3,53,0,35,24,3,62,0,0,0,62
01/10/2009,MVY,MA,ANE,EN,Federal Contract Tower,0,6,0,0,6,0,19,78,2,99,0,25,78,2,105,2,0,2,107
01/11/2009,MVY,MA,ANE,EN,Federal Contract Tower,0,15,1,0,16,0,0,0,0,0,0,15,1,0,16,0,0,0,16
01/12/2009,MVY,MA,ANE,EN,Federal Contract Tower,0,24,2,0,26,0,11,23,0,34,0,35,25,0,60,0,0,0,60
01/13/2009,MVY,MA,ANE,EN,Federal Contract Tower,0,6,1,0,7,0,22,16,0,38,0,28,17,0,45,2,0,2,47
01/14/2009,MVY,MA,ANE,EN,Federal Contract Tower,0,4,0,0,4,0,24,17,0,41,0,28,17,0,45,0,0,0,45
01/15/2009,MVY,MA,ANE,EN,Federal Contract Tower,0,15,1,0,16,0,3,0,0,3,0,18,1,0,19,0,0,0,19
01/16/2009,MVY,MA,ANE,EN,Federal Contract Tower,0,7,4,0,11,0,42,14,0,56,0,49,18,0,67,8,0,8,75
01/17/2009,MVY,MA,ANE,EN,Federal Contract Tower,0,4,2,0,6,0,27,67,0,94,0,31,69,0,100,22,0,22,122
01/18/2009,MVY,MA,ANE,EN,Federal Contract Tower,0,6,0,0,6,0,0,0,0,0,0,6,0,0,6,0,0,0,6
01/19/2009,MVY,MA,ANE,EN,Federal Contract Tower,0,15,1,0,16,0,7,14,0,21,0,22,15,0,37,0,0,0,37
01/20/2009,MVY,MA,ANE,EN,Federal Contract Tower,0,7,2,0,9,0,17,4,0,21,0,24,6,0,30,0,0,0,30
01/21/2009,MVY,MA,ANE,EN,Federal Contract Tower,0,7,3,0,10,0,24,13,2,39,0,31,16,2,49,0,4,4,53
01/22/2009,MVY,MA,ANE,EN,Federal Contract Tower,0,6,3,0,9,0,23,10,0,33,0,29,13,0,42,0,2,2,44
01/23/2009,MVY,MA,ANE,EN,Federal Contract Tower,0,8,0,0,8,0,41,56,2,99,0,49,56,2,107,0,5,5,112
01/24/2009,MVY,MA,ANE,EN,Federal Contract Tower,0,2,0,0,2,0,22,22,0,44,0,24,22,0,46,2,0,2,48
01/25/2009,MVY,MA,ANE,EN,Federal Contract Tower,0,0,6,0,6,0,9,82,0,91,0,9,88,0,97,10,0,10,107
01/26/2009,MVY,MA,ANE,EN,Federal Contract Tower,0,2,4,0,6,0,22,32,0,54,0,24,36,0,60,22,0,22,82
01/27/2009,MVY,MA,ANE,EN,Federal Contract Tower,0,2,1,0,3,0,19,15,4,38,0,21,16,4,41,8,0,8,49
01/28/2009,MVY,MA,ANE,EN,Federal Contract Tower,0,8,0,0,8,0,0,0,0,0,0,8,0,0,8,0,0,0,8
01/29/2009,MVY,MA,ANE,EN,Federal Contract Tower,0,3,1,0,4,0,35,10,0,45,0,38,11,0,49,0,0,0,49
01/30/2009,MVY,MA,ANE,EN,Federal Contract Tower,0,5,3,0,8,0,27,20,0,47,0,32,23,0,55,0,2,2,57
01/31/2009,MVY,MA,ANE,EN,Federal Contract Tower,0,2,2,0,4,0,14,29,0,43,0,16,31,0,47,4,0,4,51
02/01/2009,MVY,MA,ANE,EN,Federal Contract Tower,0,0,0,0,0,0,10,47,0,57,0,10,47,0,57,6,0,6,63
02/02/2009,MVY,MA,ANE,EN,Federal Contract Tower,0,10,1,0,11,0,17,52,1,70,0,27,53,1,81,6,0,6,87
02/03/2009,MVY,MA,ANE,EN,Federal Contract Tower,0,5,0,0,5,0,0,0,0,0,0,5,0,0,5,0,0,0,5
02/04/2009,MVY,MA,ANE,EN,Federal Contract Tower,0,5,3,0,8,0,9,8,0,17,0,14,11,0,25,12,0,12,37
02/05/2009,MVY,MA,ANE,EN,Federal Contract Tower,0,9,1,0,10,0,27,8,0,35,0,36,9,0,45,4,0,4,49
02/06/2009,MVY,MA,ANE,EN,Federal Contract Tower,0,7,0,0,7,0,34,33,0,67,0,41,33,0,74,18,0,18,92
02/07/2009,MVY,MA,ANE,EN,Federal Contract Tower,0,1,4,0,5,0,27,72,0,99,0,28,76,0,104,12,0,12,116
02/08/2009,MVY,MA,ANE,EN,Federal Contract Tower,0,6,1,0,7,0,28,36,0,64,0,34,37,0,71,4,0,4,75
02/09/2009,MVY,MA,ANE,EN,Federal Contract Tower,0,4,0,0,4,0,34,34,0,68,0,38,34,0,72,1,0,1,73
02/10/2009,MVY,MA,ANE,EN,Federal Contract Tower,0,2,0,0,2,0,32,14,2,48,0,34,14,2,50,0,0,0,50
02/11/2009,MVY,MA,ANE,EN,Federal Contract Tower,0,11,4,0,15,0,28,21,0,49,0,39,25,0,64,1,1,2,66
02/12/2009,MVY,MA,ANE,EN,Federal Contract Tower,0,8,1,0,9,0,20,2,0,22,0,28,3,0,31,0,0,0,31
02/13/2009,MVY,MA,ANE,EN,Federal Contract Tower,0,4,0,0,4,0,25,14,0,39,0,29,14,0,43,2,1,3,46
02/14/2009,MVY,MA,ANE,EN,Federal Contract Tower,0,7,3,0,10,0,36,31,0,67,0,43,34,0,77,1,0,1,78
02/15/2009,MVY,MA,ANE,EN,Federal Contract Tower,0,1,4,0,5,0,10,116,0,126,0,11,120,0,131,8,0,8,139
02/16/2009,MVY,MA,ANE,EN,Federal Contract Tower,0,7,7,0,14,0,26,62,0,88,0,33,69,0,102,2,0,2,104
02/17/2009,MVY,MA,ANE,EN,Federal Contract Tower,0,4,1,0,5,0,26,22,0,48,0,30,23,0,53,2,0,2,55
02/18/2009,MVY,MA,ANE,EN,Federal Contract Tower,0,4,5,0,9,0,24,21,11,56,0,28,26,11,65,0,0,0,65
02/19/2009,MVY,MA,ANE,EN,Federal Contract Tower,0,21,2,0,23,0,9,0,0,9,0,30,2,0,32,0,0,0,32
02/20/2009,MVY,MA,ANE,EN,Federal Contract Tower,0,3,1,0,4,0,23,13,0,36,0,26,14,0,40,4,2,6,46
02/21/2009,MVY,MA,ANE,EN,Federal Contract Tower,0,1,0,0,1,0,12,26,0,38,0,13,26,0,39,0,0,0,39
02/22/2009,MVY,MA,ANE,EN,Federal Contract Tower,0,4,0,0,4,0,0,0,0,0,0,4,0,0,4,0,1,1,5
02/23/2009,MVY,MA,ANE,EN,Federal Contract Tower,0,7,1,0,8,0,27,13,2,42,0,34,14,2,50,0,6,6,56
02/24/2009,MVY,MA,ANE,EN,Federal Contract Tower,0,2,1,0,3,0,24,13,0,37,0,26,14,0,40,2,0,2,42
02/25/2009,MVY,MA,ANE,EN,Federal Contract Tower,0,5,4,0,9,0,29,38,0,67,0,34,42,0,76,6,0,6,82
02/26/2009,MVY,MA,ANE,EN,Federal Contract Tower,0,5,2,0,7,0,27,25,2,54,0,32,27,2,61,10,0,10,71
02/27/2009,MVY,MA,ANE,EN,Federal Contract Tower,0,6,1,0,7,0,21,15,0,36,0,27,16,0,43,2,0,2,45
02/28/2009,MVY,MA,ANE,EN,Federal Contract Tower,0,6,7,0,13,0,11,57,0,68,0,17,64,0,81,2,0,2,83
03/01/2009,MVY,MA,ANE,EN,Federal Contract Tower,0,5,0,0,5,0,0,0,0,0,0,5,0,0,5,0,0,0,5
03/02/2009,MVY,MA,ANE,EN,Federal Contract Tower,0,0,0,0,0,0,0,0,0,0,0,0,0,0,0,0,0,0,0
03/03/2009,MVY,MA,ANE,EN,Federal Contract Tower,0,4,1,0,5,0,22,5,2,29,0,26,6,2,34,4,0,4,38
03/04/2009,MVY,MA,ANE,EN,Federal Contract Tower,0,9,2,0,11,0,17,15,0,32,0,26,17,0,43,0,0,0,43
03/05/2009,MVY,MA,ANE,EN,Federal Contract Tower,0,4,7,0,11,0,29,49,0,78,0,33,56,0,89,0,1,1,90
03/06/2009,MVY,MA,ANE,EN,Federal Contract Tower,0,4,0,0,4,0,25,14,0,39,0,29,14,0,43,0,2,2,45
03/07/2009,MVY,MA,ANE,EN,Federal Contract Tower,0,4,0,0,4,0,27,94,0,121,0,31,94,0,125,3,0,3,128
03/08/2009,MVY,MA,ANE,EN,Federal Contract Tower,0,0,1,0,1,0,9,46,0,55,0,9,47,0,56,2,0,2,58
03/09/2009,MVY,MA,ANE,EN,Federal Contract Tower,0,16,2,0,18,0,0,0,0,0,0,16,2,0,18,0,0,0,18
03/10/2009,MVY,MA,ANE,EN,Federal Contract Tower,0,2,7,0,9,0,17,20,0,37,0,19,27,0,46,0,0,0,46
03/11/2009,MVY,MA,ANE,EN,Federal Contract Tower,0,18,2,0,20,0,6,2,2,10,0,24,4,2,30,2,0,2,32
03/12/2009,MVY,MA,ANE,EN,Federal Contract Tower,0,5,4,0,9,0,30,13,0,43,0,35,17,0,52,0,1,1,53
03/13/2009,MVY,MA,ANE,EN,Federal Contract Tower,0,10,3,0,13,0,30,38,0,68,0,40,41,0,81,8,2,10,91
03/14/2009,MVY,MA,ANE,EN,Federal Contract Tower,0,0,11,0,11,0,12,99,0,111,0,12,110,0,122,2,0,2,124
03/15/2009,MVY,MA,ANE,EN,Federal Contract Tower,0,5,9,0,14,0,19,57,0,76,0,24,66,0,90,6,6,12,102
03/16/2009,MVY,MA,ANE,EN,Federal Contract Tower,0,7,10,4,21,0,35,31,4,70,0,42,41,8,91,0,0,0,91
03/17/2009,MVY,MA,ANE,EN,Federal Contract Tower,0,8,1,0,9,0,22,29,4,55,0,30,30,4,64,20,0,20,84
03/18/2009,MVY,MA,ANE,EN,Federal Contract Tower,0,1,0,0,1,0,29,19,0,48,0,30,19,0,49,8,0,8,57
03/19/2009,MVY,MA,ANE,EN,Federal Contract Tower,0,7,1,0,8,0,23,3,1,27,0,30,4,1,35,0,4,4,39
03/20/2009,MVY,MA,ANE,EN,Federal Contract Tower,0,5,4,0,9,0,22,16,0,38,0,27,20,0,47,2,0,2,49
03/21/2009,MVY,MA,ANE,EN,Federal Contract Tower,0,2,7,0,9,0,14,96,0,110,0,16,103,0,119,14,0,14,133
03/22/2009,MVY,MA,ANE,EN,Federal Contract Tower,0,4,11,0,15,0,15,102,0,117,0,19,113,0,132,12,0,12,144
03/23/2009,MVY,MA,ANE,EN,Federal Contract Tower,0,5,1,0,6,0,24,8,0,32,0,29,9,0,38,0,0,0,38
03/24/2009,MVY,MA,ANE,EN,Federal Contract Tower,0,3,1,0,4,0,17,4,0,21,0,20,5,0,25,0,0,0,25
03/25/2009,MVY,MA,ANE,EN,Federal Contract Tower,0,4,1,0,5,0,22,22,0,44,0,26,23,0,49,0,0,0,49
03/26/2009,MVY,MA,ANE,EN,Federal Contract Tower,0,2,4,0,6,0,25,15,4,44,0,27,19,4,50,0,0,0,50
03/27/2009,MVY,MA,ANE,EN,Federal Contract Tower,0,14,7,0,21,0,13,12,0,25,0,27,19,0,46,6,2,8,54
03/28/2009,MVY,MA,ANE,EN,Federal Contract Tower,0,19,19,0,38,0,0,3,0,3,0,19,22,0,41,0,0,0,41
03/29/2009,MVY,MA,ANE,EN,Federal Contract Tower,0,4,0,0,4,0,0,0,0,0,0,4,0,0,4,0,0,0,4
03/30/2009,MVY,MA,ANE,EN,Federal Contract Tower,0,27,4,0,31,0,8,3,0,11,0,35,7,0,42,0,0,0,42
03/31/2009,MVY,MA,ANE,EN,Federal Contract Tower,0,3,5,0,8,0,31,26,0,57,0,34,31,0,65,6,2,8,73
04/01/2009,MVY,MA,ANE,EN,Federal Contract Tower,0,15,4,0,19,0,9,7,0,16,0,24,11,0,35,0,0,0,35
04/02/2009,MVY,MA,ANE,EN,Federal Contract Tower,0,27,7,0,34,0,1,0,0,1,0,28,7,0,35,0,0,0,35
04/03/2009,MVY,MA,ANE,EN,Federal Contract Tower,0,14,0,0,14,0,0,0,0,0,0,14,0,0,14,0,0,0,14
04/04/2009,MVY,MA,ANE,EN,Federal Contract Tower,0,10,4,0,14,0,15,8,0,23,0,25,12,0,37,0,0,0,37
04/05/2009,MVY,MA,ANE,EN,Federal Contract Tower,0,2,3,0,5,0,17,76,0,93,0,19,79,0,98,6,0,6,104
04/06/2009,MVY,MA,ANE,EN,Federal Contract Tower,0,8,1,0,9,13,2,0,0,15,13,10,1,0,24,2,0,2,26
04/07/2009,MVY,MA,ANE,EN,Federal Contract Tower,0,8,11,0,19,0,16,3,0,19,0,24,14,0,38,0,0,0,38
04/08/2009,MVY,MA,ANE,EN,Federal Contract Tower,0,6,4,0,10,0,26,25,4,55,0,32,29,4,65,2,0,2,67
04/09/2009,MVY,MA,ANE,EN,Federal Contract Tower,0,7,5,0,12,0,32,50,4,86,0,39,55,4,98,0,8,8,106
04/10/2009,MVY,MA,ANE,EN,Federal Contract Tower,0,13,7,0,20,0,32,94,0,126,0,45,101,0,146,0,0,0,146
04/11/2009,MVY,MA,ANE,EN,Federal Contract Tower,0,14,5,0,19,0,0,0,0,0,0,14,5,0,19,0,0,0,19
04/12/2009,MVY,MA,ANE,EN,Federal Contract Tower,0,4,4,0,8,0,21,37,0,58,0,25,41,0,66,4,0,4,70
04/13/2009,MVY,MA,ANE,EN,Federal Contract Tower,0,4,1,0,5,0,31,42,0,73,0,35,43,0,78,4,0,4,82
04/14/2009,MVY,MA,ANE,EN,Federal Contract Tower,0,8,8,0,16,0,24,31,2,57,0,32,39,2,73,26,0,26,99
04/15/2009,MVY,MA,ANE,EN,Federal Contract Tower,0,2,1,0,3,0,21,36,0,57,0,23,37,0,60,2,0,2,62
04/16/2009,MVY,MA,ANE,EN,Federal Contract Tower,0,6,4,0,10,0,28,38,0,66,0,34,42,0,76,2,0,2,78
04/17/2009,MVY,MA,ANE,EN,Federal Contract Tower,0,3,4,0,7,0,36,90,0,126,0,39,94,0,133,2,0,2,135
04/18/2009,MVY,MA,ANE,EN,Federal Contract Tower,0,3,7,0,10,0,17,90,0,107,0,20,97,0,117,14,0,14,131
04/19/2009,MVY,MA,ANE,EN,Federal Contract Tower,0,6,10,0,16,0,9,50,0,59,0,15,60,0,75,4,0,4,79
04/20/2009,MVY,MA,ANE,EN,Federal Contract Tower,0,7,5,0,12,0,16,30,0,46,0,23,35,0,58,0,0,0,58
04/21/2009,MVY,MA,ANE,EN,Federal Contract Tower,0,18,0,1,19,0,0,0,0,0,0,18,0,1,19,0,0,0,19
04/22/2009,MVY,MA,ANE,EN,Federal Contract Tower,0,13,10,1,24,0,12,11,2,25,0,25,21,3,49,4,2,6,55
04/23/2009,MVY,MA,ANE,EN,Federal Contract Tower,0,6,5,0,11,0,27,21,0,48,0,33,26,0,59,0,0,0,59
04/24/2009,MVY,MA,ANE,EN,Federal Contract Tower,0,12,14,2,28,0,29,108,0,137,0,41,122,2,165,0,5,5,170
04/25/2009,MVY,MA,ANE,EN,Federal Contract Tower,0,16,24,0,40,0,4,21,0,25,0,20,45,0,65,0,0,0,65
04/26/2009,MVY,MA,ANE,EN,Federal Contract Tower,0,5,15,0,20,0,14,105,0,119,0,19,120,0,139,10,0,10,149
04/27/2009,MVY,MA,ANE,EN,Federal Contract Tower,0,3,7,0,10,0,29,60,0,89,0,32,67,0,99,2,0,2,101
04/28/2009,MVY,MA,ANE,EN,Federal Contract Tower,0,3,4,0,7,0,19,29,0,48,0,22,33,0,55,0,0,0,55
04/29/2009,MVY,MA,ANE,EN,Federal Contract Tower,0,3,2,0,5,0,16,22,0,38,0,19,24,0,43,2,0,2,45
04/30/2009,MVY,MA,ANE,EN,Federal Contract Tower,0,6,3,0,9,0,23,59,0,82,0,29,62,0,91,6,1,7,98
05/01/2009,MVY,MA,ANE,EN,Federal Contract Tower,0,26,6,0,32,0,0,0,0,0,0,26,6,0,32,0,0,0,32
05/02/2009,MVY,MA,ANE,EN,Federal Contract Tower,0,8,12,0,20,0,12,21,0,33,0,20,33,0,53,0,0,0,53
05/03/2009,MVY,MA,ANE,EN,Federal Contract Tower,0,6,7,0,13,0,11,33,0,44,0,17,40,0,57,1,0,1,58
05/04/2009,MVY,MA,ANE,EN,Federal Contract Tower,0,11,6,0,17,0,11,13,0,24,0,22,19,0,41,4,0,4,45
05/05/2009,MVY,MA,ANE,EN,Federal Contract Tower,0,24,12,0,36,0,0,0,0,0,0,24,12,0,36,0,0,0,36
05/06/2009,MVY,MA,ANE,EN,Federal Contract Tower,0,37,11,0,48,0,12,6,2,20,0,49,17,2,68,0,0,0,68
05/07/2009,MVY,MA,ANE,EN,Federal Contract Tower,0,11,1,0,12,0,0,0,0,0,0,11,1,0,12,0,0,0,12
05/08/2009,MVY,MA,ANE,EN,Federal Contract Tower,0,8,3,0,11,0,44,73,0,117,0,52,76,0,128,16,2,18,146
05/09/2009,MVY,MA,ANE,EN,Federal Contract Tower,0,12,8,0,20,0,0,0,0,0,0,12,8,0,20,0,0,0,20
05/10/2009,MVY,MA,ANE,EN,Federal Contract Tower,0,1,4,0,5,0,16,23,0,39,0,17,27,0,44,2,0,2,46
05/11/2009,MVY,MA,ANE,EN,Federal Contract Tower,0,7,5,0,12,0,42,76,0,118,0,49,81,0,130,16,0,16,146
05/12/2009,MVY,MA,ANE,EN,Federal Contract Tower,0,6,1,1,8,0,20,30,0,50,0,26,31,1,58,8,2,10,68
05/13/2009,MVY,MA,ANE,EN,Federal Contract Tower,0,1,2,0,3,0,37,46,0,83,0,38,48,0,86,30,0,30,116
05/14/2009,MVY,MA,ANE,EN,Federal Contract Tower,0,13,2,0,15,0,28,20,0,48,0,41,22,0,63,2,0,2,65
05/15/2009,MVY,MA,ANE,EN,Federal Contract Tower,0,50,23,0,73,0,0,0,0,0,0,50,23,0,73,0,0,0,73
05/16/2009,MVY,MA,ANE,EN,Federal Contract Tower,0,18,13,0,31,0,33,66,0,99,0,51,79,0,130,0,0,0,130
05/17/2009,MVY,MA,ANE,EN,Federal Contract Tower,0,31,15,0,46,0,16,9,0,25,0,47,24,0,71,0,0,0,71
05/18/2009,MVY,MA,ANE,EN,Federal Contract Tower,0,18,13,0,31,0,27,27,0,54,0,45,40,0,85,0,0,0,85
05/19/2009,MVY,MA,ANE,EN,Federal Contract Tower,0,5,2,0,7,0,50,78,0,128,0,55,80,0,135,0,2,2,137
05/20/2009,MVY,MA,ANE,EN,Federal Contract Tower,0,19,9,2,30,0,57,103,0,160,0,76,112,2,190,8,0,8,198
05/21/2009,MVY,MA,ANE,EN,Federal Contract Tower,0,27,9,0,36,0,99,142,0,241,0,126,151,0,277,14,0,14,291
05/22/2009,MVY,MA,ANE,EN,Federal Contract Tower,0,47,26,0,73,0,109,207,0,316,0,156,233,0,389,4,0,4,393
05/23/2009,MVY,MA,ANE,EN,Federal Contract Tower,0,18,8,0,26,0,60,86,0,146,0,78,94,0,172,12,0,12,184
05/24/2009,MVY,MA,ANE,EN,Federal Contract Tower,0,46,26,0,72,0,1,3,0,4,0,47,29,0,76,0,0,0,76
05/25/2009,MVY,MA,ANE,EN,Federal Contract Tower,0,49,53,0,102,0,85,195,0,280,0,134,248,0,382,0,0,0,382
05/26/2009,MVY,MA,ANE,EN,Federal Contract Tower,0,8,10,1,19,50,65,1,0,116,50,73,11,1,135,2,0,2,137
05/27/2009,MVY,MA,ANE,EN,Federal Contract Tower,0,32,28,0,60,0,20,29,0,49,0,52,57,0,109,0,0,0,109
05/28/2009,MVY,MA,ANE,EN,Federal Contract Tower,0,58,24,0,82,0,6,0,0,6,0,64,24,0,88,0,0,0,88
05/29/2009,MVY,MA,ANE,EN,Federal Contract Tower,0,58,20,0,78,0,0,0,0,0,0,58,20,0,78,0,0,0,78
05/30/2009,MVY,MA,ANE,EN,Federal Contract Tower,0,7,29,0,36,0,18,62,0,80,0,25,91,0,116,8,0,8,124
05/31/2009,MVY,MA,ANE,EN,Federal Contract Tower,0,12,26,0,38,0,40,120,0,160,0,52,146,0,198,12,0,12,210
06/01/2009,MVY,MA,ANE,EN,Federal Contract Tower,0,6,10,0,16,0,46,65,0,111,0,52,75,0,127,14,0,14,141
06/02/2009,MVY,MA,ANE,EN,Federal Contract Tower,0,16,16,0,32,0,26,35,3,64,0,42,51,3,96,8,0,8,104
06/03/2009,MVY,MA,ANE,EN,Federal Contract Tower,0,13,9,0,22,0,28,36,0,64,0,41,45,0,86,0,2,2,88
06/04/2009,MVY,MA,ANE,EN,Federal Contract Tower,0,38,15,0,53,0,18,24,0,42,0,56,39,0,95,0,0,0,95
06/05/2009,MVY,MA,ANE,EN,Federal Contract Tower,0,65,44,0,109,0,5,2,0,7,0,70,46,0,116,0,0,0,116
06/06/2009,MVY,MA,ANE,EN,Federal Contract Tower,0,56,40,0,96,0,7,19,0,26,0,63,59,0,122,4,0,4,126
06/07/2009,MVY,MA,ANE,EN,Federal Contract Tower,0,20,19,0,39,0,63,171,2,236,0,83,190,2,275,30,0,30,305
06/08/2009,MVY,MA,ANE,EN,Federal Contract Tower,0,13,15,0,28,0,66,61,1,128,0,79,76,1,156,2,0,2,158
06/09/2009,MVY,MA,ANE,EN,Federal Contract Tower,0,37,18,0,55,0,28,5,0,33,0,65,23,0,88,0,23,23,111
06/10/2009,MVY,MA,ANE,EN,Federal Contract Tower,0,51,15,0,66,0,14,4,0,18,0,65,19,0,84,8,0,8,92
06/11/2009,MVY,MA,ANE,EN,Federal Contract Tower,0,86,27,0,113,0,0,0,0,0,0,86,27,0,113,0,0,0,113
06/12/2009,MVY,MA,ANE,EN,Federal Contract Tower,0,90,42,0,132,0,0,0,0,0,0,90,42,0,132,0,0,0,132
06/13/2009,MVY,MA,ANE,EN,Federal Contract Tower,0,32,27,0,59,0,71,76,0,147,0,103,103,0,206,4,8,12,218
06/14/2009,MVY,MA,ANE,EN,Federal Contract Tower,0,59,22,0,81,0,74,74,4,152,0,133,96,4,233,0,0,0,233
06/15/2009,MVY,MA,ANE,EN,Federal Contract Tower,0,71,32,0,103,0,16,20,1,37,0,87,52,1,140,2,0,2,142
06/16/2009,MVY,MA,ANE,EN,Federal Contract Tower,0,38,26,0,64,0,30,34,0,64,0,68,60,0,128,2,0,2,130
06/17/2009,MVY,MA,ANE,EN,Federal Contract Tower,0,32,19,0,51,0,68,104,0,172,0,100,123,0,223,10,0,10,233
06/18/2009,MVY,MA,ANE,EN,Federal Contract Tower,0,40,20,0,60,0,75,37,2,114,0,115,57,2,174,6,0,6,180
06/19/2009,MVY,MA,ANE,EN,Federal Contract Tower,0,111,30,0,141,0,7,2,0,9,0,118,32,0,150,0,0,0,150
06/20/2009,MVY,MA,ANE,EN,Federal Contract Tower,0,40,25,0,65,0,35,16,0,51,0,75,41,0,116,6,0,6,122
06/21/2009,MVY,MA,ANE,EN,Federal Contract Tower,0,95,57,0,152,0,0,0,0,0,0,95,57,0,152,0,0,0,152
06/22/2009,MVY,MA,ANE,EN,Federal Contract Tower,0,76,19,0,95,0,0,0,0,0,0,76,19,0,95,0,0,0,95
06/23/2009,MVY,MA,ANE,EN,Federal Contract Tower,0,81,27,0,108,0,0,0,0,0,0,81,27,0,108,0,0,0,108
06/24/2009,MVY,MA,ANE,EN,Federal Contract Tower,0,74,25,0,99,0,7,0,0,7,0,81,25,0,106,0,0,0,106
06/25/2009,MVY,MA,ANE,EN,Federal Contract Tower,0,97,55,0,152,0,46,23,0,69,0,143,78,0,221,7,6,13,234
06/26/2009,MVY,MA,ANE,EN,Federal Contract Tower,0,85,51,0,136,0,34,17,0,51,0,119,68,0,187,0,0,0,187
06/27/2009,MVY,MA,ANE,EN,Federal Contract Tower,0,85,36,0,121,0,51,50,0,101,0,136,86,0,222,2,0,2,224
06/28/2009,MVY,MA,ANE,EN,Federal Contract Tower,0,120,62,0,182,0,1,1,0,2,0,121,63,0,184,0,0,0,184
06/29/2009,MVY,MA,ANE,EN,Federal Contract Tower,0,88,53,1,142,0,16,23,0,39,0,104,76,1,181,3,2,5,186
06/30/2009,MVY,MA,ANE,EN,Federal Contract Tower,0,48,35,0,83,0,19,27,0,46,0,67,62,0,129,18,0,18,147
07/01/2009,MVY,MA,ANE,EN,Federal Contract Tower,0,92,29,1,122,0,27,13,0,40,0,119,42,1,162,6,0,6,168
07/02/2009,MVY,MA,ANE,EN,Federal Contract Tower,0,137,66,2,205,0,25,32,0,57,0,162,98,2,262,0,0,0,262
07/03/2009,MVY,MA,ANE,EN,Federal Contract Tower,0,144,91,0,235,0,39,32,0,71,0,183,123,0,306,0,0,0,306
07/04/2009,MVY,MA,ANE,EN,Federal Contract Tower,0,32,17,0,49,0,55,120,0,175,0,87,137,0,224,4,0,4,228
07/05/2009,MVY,MA,ANE,EN,Federal Contract Tower,0,90,27,0,117,0,195,229,0,424,0,285,256,0,541,0,0,0,541
07/06/2009,MVY,MA,ANE,EN,Federal Contract Tower,0,45,33,0,78,0,108,47,6,161,0,153,80,6,239,34,0,34,273
07/07/2009,MVY,MA,ANE,EN,Federal Contract Tower,0,63,38,0,101,0,30,24,0,54,0,93,62,0,155,4,0,4,159
07/08/2009,MVY,MA,ANE,EN,Federal Contract Tower,0,109,35,0,144,0,25,18,2,45,0,134,53,2,189,0,0,0,189
07/09/2009,MVY,MA,ANE,EN,Federal Contract Tower,0,90,19,0,109,0,60,68,3,131,0,150,87,3,240,0,0,0,240
07/10/2009,MVY,MA,ANE,EN,Federal Contract Tower,0,73,35,0,108,0,111,199,0,310,0,184,234,0,418,11,2,13,431
07/11/2009,MVY,MA,ANE,EN,Federal Contract Tower,0,27,17,0,44,0,79,164,0,243,0,106,181,0,287,18,0,18,305
07/12/2009,MVY,MA,ANE,EN,Federal Contract Tower,0,115,96,0,211,0,40,46,0,86,0,155,142,0,297,0,0,0,297
07/13/2009,MVY,MA,ANE,EN,Federal Contract Tower,0,42,11,1,54,0,120,84,2,206,0,162,95,3,260,31,4,35,295
07/14/2009,MVY,MA,ANE,EN,Federal Contract Tower,0,42,22,0,64,0,88,86,5,179,0,130,108,5,243,26,2,28,271
07/15/2009,MVY,MA,ANE,EN,Federal Contract Tower,0,27,29,0,56,0,61,117,0,178,0,88,146,0,234,4,0,4,238
07/16/2009,MVY,MA,ANE,EN,Federal Contract Tower,0,83,43,0,126,0,115,62,0,177,0,198,105,0,303,22,0,22,325
07/17/2009,MVY,MA,ANE,EN,Federal Contract Tower,0,89,55,0,144,0,90,253,0,343,0,179,308,0,487,10,0,10,497
07/18/2009,MVY,MA,ANE,EN,Federal Contract Tower,0,98,34,0,132,0,25,29,0,54,0,123,63,0,186,0,0,0,186
07/19/2009,MVY,MA,ANE,EN,Federal Contract Tower,0,93,17,0,110,0,192,278,0,470,0,285,295,0,580,12,0,12,592
07/20/2009,MVY,MA,ANE,EN,Federal Contract Tower,0,61,24,0,85,0,100,88,2,190,0,161,112,2,275,6,0,6,281
07/21/2009,MVY,MA,ANE,EN,Federal Contract Tower,0,103,32,0,135,0,0,0,0,0,0,103,32,0,135,0,0,0,135
07/22/2009,MVY,MA,ANE,EN,Federal Contract Tower,0,65,40,1,106,0,43,32,1,76,0,108,72,2,182,15,0,15,197
07/23/2009,MVY,MA,ANE,EN,Federal Contract Tower,0,94,73,0,167,0,27,10,0,37,0,121,83,0,204,0,0,0,204
07/24/2009,MVY,MA,ANE,EN,Federal Contract Tower,0,143,73,0,216,0,47,60,0,107,0,190,133,0,323,0,0,0,323
07/25/2009,MVY,MA,ANE,EN,Federal Contract Tower,0,72,59,0,131,0,58,83,0,141,0,130,142,0,272,0,0,0,272
07/26/2009,MVY,MA,ANE,EN,Federal Contract Tower,0,125,114,0,239,0,0,1,0,1,0,125,115,0,240,0,0,0,240
07/27/2009,MVY,MA,ANE,EN,Federal Contract Tower,0,102,36,0,138,0,82,64,0,146,0,184,100,0,284,4,0,4,288
07/28/2009,MVY,MA,ANE,EN,Federal Contract Tower,0,114,46,0,160,0,16,22,0,38,0,130,68,0,198,8,0,8,206
07/29/2009,MVY,MA,ANE,EN,Federal Contract Tower,0,94,52,0,146,0,0,0,0,0,0,94,52,0,146,0,0,0,146
07/30/2009,MVY,MA,ANE,EN,Federal Contract Tower,0,125,42,2,169,0,55,47,0,102,0,180,89,2,271,0,0,0,271
07/31/2009,MVY,MA,ANE,EN,Federal Contract Tower,0,103,77,0,180,0,10,5,0,15,0,113,82,0,195,0,0,0,195
08/01/2009,MVY,MA,ANE,EN,Federal Contract Tower,0,59,36,0,95,0,121,191,0,312,0,180,227,0,407,16,0,16,423
08/02/2009,MVY,MA,ANE,EN,Federal Contract Tower,0,135,78,0,213,0,12,9,0,21,0,147,87,0,234,0,0,0,234
08/03/2009,MVY,MA,ANE,EN,Federal Contract Tower,0,102,37,1,140,0,75,64,4,143,0,177,101,5,283,4,0,4,287
08/04/2009,MVY,MA,ANE,EN,Federal Contract Tower,0,94,78,1,173,0,23,15,0,38,0,117,93,1,211,0,0,0,211
08/05/2009,MVY,MA,ANE,EN,Federal Contract Tower,0,105,32,0,137,0,1,0,0,1,0,106,32,0,138,0,0,0,138
08/06/2009,MVY,MA,ANE,EN,Federal Contract Tower,0,71,42,1,114,0,112,127,6,245,0,183,169,7,359,6,0,6,365
08/07/2009,MVY,MA,ANE,EN,Federal Contract Tower,0,67,30,0,97,0,159,194,0,353,0,226,224,0,450,4,0,4,454
08/08/2009,MVY,MA,ANE,EN,Federal Contract Tower,0,39,20,0,59,0,115,152,0,267,0,154,172,0,326,4,0,4,330
08/09/2009,MVY,MA,ANE,EN,Federal Contract Tower,0,66,79,0,145,0,98,142,0,240,0,164,221,0,385,2,0,2,387
08/10/2009,MVY,MA,ANE,EN,Federal Contract Tower,0,101,55,0,156,0,65,45,0,110,0,166,100,0,266,8,2,10,276
08/11/2009,MVY,MA,ANE,EN,Federal Contract Tower,0,47,27,1,75,0,65,41,2,108,0,112,68,3,183,4,0,4,187
08/12/2009,MVY,MA,ANE,EN,Federal Contract Tower,0,112,72,0,184,0,2,7,0,9,0,114,79,0,193,0,0,0,193
08/13/2009,MVY,MA,ANE,EN,Federal Contract Tower,0,145,65,0,210,0,0,0,0,0,0,145,65,0,210,0,0,0,210
08/14/2009,MVY,MA,ANE,EN,Federal Contract Tower,0,70,45,1,116,0,84,191,1,276,0,154,236,2,392,28,0,28,420
08/15/2009,MVY,MA,ANE,EN,Federal Contract Tower,0,60,51,0,111,0,98,192,0,290,0,158,243,0,401,6,0,6,407
08/16/2009,MVY,MA,ANE,EN,Federal Contract Tower,0,55,32,0,87,0,105,175,0,280,0,160,207,0,367,0,0,0,367
08/17/2009,MVY,MA,ANE,EN,Federal Contract Tower,0,78,58,0,136,0,91,86,0,177,0,169,144,0,313,0,0,0,313
08/18/2009,MVY,MA,ANE,EN,Federal Contract Tower,0,69,40,0,109,0,52,71,0,123,0,121,111,0,232,8,0,8,240
08/19/2009,MVY,MA,ANE,EN,Federal Contract Tower,0,49,38,0,87,0,83,90,2,175,0,132,128,2,262,2,2,4,266
08/20/2009,MVY,MA,ANE,EN,Federal Contract Tower,0,131,41,2,174,0,34,32,5,71,0,165,73,7,245,0,0,0,245
08/21/2009,MVY,MA,ANE,EN,Federal Contract Tower,0,171,106,6,283,0,0,0,0,0,0,171,106,6,283,0,0,0,283
08/22/2009,MVY,MA,ANE,EN,Federal Contract Tower,0,121,49,2,172,0,34,41,11,86,0,155,90,13,258,2,0,2,260
08/23/2009,MVY,MA,ANE,EN,Federal Contract Tower,0,142,46,0,188,0,7,9,19,35,0,149,55,19,223,0,0,0,223
08/24/2009,MVY,MA,ANE,EN,Federal Contract Tower,0,138,27,6,171,0,4,6,1,11,0,142,33,7,182,0,0,0,182
08/25/2009,MVY,MA,ANE,EN,Federal Contract Tower,0,127,10,6,143,0,1,1,2,4,0,128,11,8,147,0,0,0,147
08/26/2009,MVY,MA,ANE,EN,Federal Contract Tower,0,110,19,0,129,0,2,1,8,11,0,112,20,8,140,20,1,21,161
08/27/2009,MVY,MA,ANE,EN,Federal Contract Tower,0,122,22,0,144,0,0,0,4,4,0,122,22,4,148,0,0,0,148
08/28/2009,MVY,MA,ANE,EN,Federal Contract Tower,0,116,32,6,154,0,0,0,6,6,0,116,32,12,160,0,0,0,160
08/29/2009,MVY,MA,ANE,EN,Federal Contract Tower,0,29,2,8,39,0,0,0,0,0,0,29,2,8,39,0,0,0,39
08/30/2009,MVY,MA,ANE,EN,Federal Contract Tower,0,129,46,15,190,0,1,6,0,7,0,130,52,15,197,0,0,0,197
08/31/2009,MVY,MA,ANE,EN,Federal Contract Tower,0,44,22,2,68,0,125,89,4,218,0,169,111,6,286,0,0,0,286
09/01/2009,MVY,MA,ANE,EN,Federal Contract Tower,0,30,23,0,53,0,65,64,0,129,0,95,87,0,182,28,0,28,210
09/02/2009,MVY,MA,ANE,EN,Federal Contract Tower,0,35,35,0,70,0,73,87,0,160,0,108,122,0,230,10,0,10,240
09/03/2009,MVY,MA,ANE,EN,Federal Contract Tower,0,43,25,0,68,0,94,177,0,271,0,137,202,0,339,4,4,8,347
09/04/2009,MVY,MA,ANE,EN,Federal Contract Tower,0,54,37,0,91,0,123,125,0,248,0,177,162,0,339,0,0,0,339
09/05/2009,MVY,MA,ANE,EN,Federal Contract Tower,0,28,24,0,52,0,69,128,0,197,0,97,152,0,249,22,0,22,271
09/06/2009,MVY,MA,ANE,EN,Federal Contract Tower,0,41,25,0,66,0,61,102,0,163,0,102,127,0,229,0,0,0,229
09/07/2009,MVY,MA,ANE,EN,Federal Contract Tower,0,74,39,0,113,0,133,212,0,345,0,207,251,0,458,34,0,34,492
09/08/2009,MVY,MA,ANE,EN,Federal Contract Tower,0,38,21,0,59,0,86,65,0,151,0,124,86,0,210,17,0,17,227
09/09/2009,MVY,MA,ANE,EN,Federal Contract Tower,0,42,19,0,61,0,39,29,0,68,0,81,48,0,129,4,0,4,133
09/10/2009,MVY,MA,ANE,EN,Federal Contract Tower,0,27,10,0,37,0,69,26,0,95,0,96,36,0,132,8,0,8,140
09/11/2009,MVY,MA,ANE,EN,Federal Contract Tower,0,96,22,0,118,0,39,5,0,44,0,135,27,0,162,0,0,0,162
09/12/2009,MVY,MA,ANE,EN,Federal Contract Tower,0,73,17,0,90,0,0,2,0,2,0,73,19,0,92,2,0,2,94
09/13/2009,MVY,MA,ANE,EN,Federal Contract Tower,0,63,22,0,85,0,72,46,0,118,0,135,68,0,203,0,0,0,203
09/14/2009,MVY,MA,ANE,EN,Federal Contract Tower,0,22,11,0,33,0,85,63,2,150,0,107,74,2,183,12,6,18,201
09/15/2009,MVY,MA,ANE,EN,Federal Contract Tower,0,13,19,0,32,0,48,52,0,100,0,61,71,0,132,8,0,8,140
09/16/2009,MVY,MA,ANE,EN,Federal Contract Tower,0,34,20,0,54,0,50,57,0,107,0,84,77,0,161,0,0,0,161
09/17/2009,MVY,MA,ANE,EN,Federal Contract Tower,0,36,21,0,57,0,60,37,0,97,0,96,58,0,154,0,0,0,154
09/18/2009,MVY,MA,ANE,EN,Federal Contract Tower,0,30,15,0,45,0,75,35,0,110,0,105,50,0,155,6,4,10,165
09/19/2009,MVY,MA,ANE,EN,Federal Contract Tower,0,17,13,0,30,0,48,62,0,110,0,65,75,0,140,0,0,0,140
09/20/2009,MVY,MA,ANE,EN,Federal Contract Tower,0,25,8,0,33,0,81,121,0,202,0,106,129,0,235,4,0,4,239
09/21/2009,MVY,MA,ANE,EN,Federal Contract Tower,0,32,11,1,44,0,57,73,0,130,0,89,84,1,174,20,2,22,196
09/22/2009,MVY,MA,ANE,EN,Federal Contract Tower,0,18,13,0,31,0,43,29,0,72,0,61,42,0,103,26,6,32,135
09/23/2009,MVY,MA,ANE,EN,Federal Contract Tower,0,20,12,0,32,0,32,20,0,52,0,52,32,0,84,20,2,22,106
09/24/2009,MVY,MA,ANE,EN,Federal Contract Tower,0,35,13,1,49,0,54,26,0,80,0,89,39,1,129,10,0,10,139
09/25/2009,MVY,MA,ANE,EN,Federal Contract Tower,0,20,22,0,42,0,63,39,0,102,0,83,61,0,144,0,0,0,144
09/26/2009,MVY,MA,ANE,EN,Federal Contract Tower,0,16,6,0,22,0,64,141,0,205,0,80,147,0,227,4,0,4,231
09/27/2009,MVY,MA,ANE,EN,Federal Contract Tower,0,82,25,0,107,0,10,1,0,11,0,92,26,0,118,0,0,0,118
09/28/2009,MVY,MA,ANE,EN,Federal Contract Tower,0,14,14,0,28,0,76,50,0,126,0,90,64,0,154,2,0,2,156
09/29/2009,MVY,MA,ANE,EN,Federal Contract Tower,0,17,12,0,29,0,38,28,0,66,0,55,40,0,95,4,0,4,99
09/30/2009,MVY,MA,ANE,EN,Federal Contract Tower,0,26,9,2,37,0,47,32,0,79,0,73,41,2,116,6,0,6,122
10/01/2009,MVY,MA,ANE,EN,Federal Contract Tower,0,15,17,0,32,0,64,44,0,108,0,79,61,0,140,0,0,0,140
10/02/2009,MVY,MA,ANE,EN,Federal Contract Tower,0,21,22,2,45,0,80,71,0,151,0,101,93,2,196,0,0,0,196
10/03/2009,MVY,MA,ANE,EN,Federal Contract Tower,0,29,11,0,40,0,11,1,0,12,0,40,12,0,52,0,0,0,52
10/04/2009,MVY,MA,ANE,EN,Federal Contract Tower,0,45,19,0,64,0,25,20,0,45,0,70,39,0,109,0,0,0,109
10/05/2009,MVY,MA,ANE,EN,Federal Contract Tower,0,15,5,0,20,0,39,44,0,83,0,54,49,0,103,6,0,6,109
10/06/2009,MVY,MA,ANE,EN,Federal Contract Tower,0,8,12,0,20,0,45,43,0,88,0,53,55,0,108,6,0,6,114
10/07/2009,MVY,MA,ANE,EN,Federal Contract Tower,0,17,7,0,24,0,24,0,0,24,0,41,7,0,48,0,0,0,48
10/08/2009,MVY,MA,ANE,EN,Federal Contract Tower,0,17,7,0,24,0,58,51,0,109,0,75,58,0,133,6,0,6,139
10/09/2009,MVY,MA,ANE,EN,Federal Contract Tower,0,44,30,0,74,0,82,56,0,138,0,126,86,0,212,0,0,0,212
10/10/2009,MVY,MA,ANE,EN,Federal Contract Tower,0,44,15,0,59,0,29,30,0,59,0,73,45,0,118,5,0,5,123
10/11/2009,MVY,MA,ANE,EN,Federal Contract Tower,0,15,18,0,33,0,63,91,0,154,0,78,109,0,187,0,0,0,187
10/12/2009,MVY,MA,ANE,EN,Federal Contract Tower,0,25,32,0,57,0,73,81,0,154,0,98,113,0,211,0,0,0,211
10/13/2009,MVY,MA,ANE,EN,Federal Contract Tower,0,31,14,0,45,0,0,0,0,0,0,31,14,0,45,4,0,4,49
10/14/2009,MVY,MA,ANE,EN,Federal Contract Tower,0,3,11,0,14,0,40,40,0,80,0,43,51,0,94,12,0,12,106
10/15/2009,MVY,MA,ANE,EN,Federal Contract Tower,0,18,11,0,29,0,21,14,0,35,0,39,25,0,64,0,0,0,64
10/16/2009,MVY,MA,ANE,EN,Federal Contract Tower,0,25,1,0,26,0,16,1,0,17,0,41,2,0,43,0,0,0,43
10/17/2009,MVY,MA,ANE,EN,Federal Contract Tower,0,12,6,0,18,0,12,21,0,33,0,24,27,0,51,8,0,8,59
10/18/2009,MVY,MA,ANE,EN,Federal Contract Tower,0,15,1,0,16,0,0,0,0,0,0,15,1,0,16,0,0,0,16
10/19/2009,MVY,MA,ANE,EN,Federal Contract Tower,0,10,10,0,20,0,25,13,1,39,0,35,23,1,59,2,2,4,63
10/20/2009,MVY,MA,ANE,EN,Federal Contract Tower,0,8,5,0,13,0,44,40,0,84,0,52,45,0,97,8,0,8,105
10/21/2009,MVY,MA,ANE,EN,Federal Contract Tower,0,8,2,0,10,0,32,43,0,75,0,40,45,0,85,4,0,4,89
10/22/2009,MVY,MA,ANE,EN,Federal Contract Tower,0,10,13,0,23,0,40,55,0,95,0,50,68,0,118,0,0,0,118
10/23/2009,MVY,MA,ANE,EN,Federal Contract Tower,0,18,14,0,32,0,23,27,0,50,0,41,41,0,82,6,0,6,88
10/24/2009,MVY,MA,ANE,EN,Federal Contract Tower,0,15,3,0,18,0,6,1,0,7,0,21,4,0,25,0,0,0,25
10/25/2009,MVY,MA,ANE,EN,Federal Contract Tower,0,2,8,0,10,0,35,105,0,140,0,37,113,0,150,0,0,0,150
10/26/2009,MVY,MA,ANE,EN,Federal Contract Tower,0,17,1,0,18,0,39,50,0,89,0,56,51,0,107,0,0,0,107
10/27/2009,MVY,MA,ANE,EN,Federal Contract Tower,0,22,9,0,31,0,22,10,0,32,0,44,19,0,63,0,4,4,67
10/28/2009,MVY,MA,ANE,EN,Federal Contract Tower,0,18,0,0,18,0,0,0,0,0,0,18,0,0,18,0,0,0,18
10/29/2009,MVY,MA,ANE,EN,Federal Contract Tower,0,14,3,0,17,0,29,17,0,46,0,43,20,0,63,0,0,0,63
10/30/2009,MVY,MA,ANE,EN,Federal Contract Tower,0,16,14,0,30,0,45,61,0,106,0,61,75,0,136,2,0,2,138
10/31/2009,MVY,MA,ANE,EN,Federal Contract Tower,0,9,8,0,17,0,11,7,0,18,0,20,15,0,35,0,0,0,35
11/01/2009,MVY,MA,ANE,EN,Federal Contract Tower,0,6,4,0,10,0,24,44,0,68,0,30,48,0,78,0,0,0,78
11/02/2009,MVY,MA,ANE,EN,Federal Contract Tower,0,21,9,0,30,0,15,10,0,25,0,36,19,0,55,0,0,0,55
11/03/2009,MVY,MA,ANE,EN,Federal Contract Tower,0,7,3,0,10,0,18,22,0,40,0,25,25,0,50,2,0,2,52
11/04/2009,MVY,MA,ANE,EN,Federal Contract Tower,0,4,0,0,4,0,27,44,0,71,0,31,44,0,75,0,0,0,75
11/05/2009,MVY,MA,ANE,EN,Federal Contract Tower,0,8,2,0,10,0,30,15,0,45,0,38,17,0,55,8,0,8,63
11/06/2009,MVY,MA,ANE,EN,Federal Contract Tower,0,10,7,0,17,0,26,27,0,53,0,36,34,0,70,2,0,2,72
11/07/2009,MVY,MA,ANE,EN,Federal Contract Tower,0,2,10,0,12,0,17,63,1,81,0,19,73,1,93,6,0,6,99
11/08/2009,MVY,MA,ANE,EN,Federal Contract Tower,0,4,5,0,9,0,22,111,0,133,0,26,116,0,142,6,0,6,148
11/09/2009,MVY,MA,ANE,EN,Federal Contract Tower,0,4,5,0,9,0,24,46,2,72,0,28,51,2,81,0,0,0,81
11/10/2009,MVY,MA,ANE,EN,Federal Contract Tower,0,9,0,0,9,0,30,21,0,51,0,39,21,0,60,0,0,0,60
11/11/2009,MVY,MA,ANE,EN,Federal Contract Tower,0,4,6,0,10,0,23,13,0,36,0,27,19,0,46,0,0,0,46
11/12/2009,MVY,MA,ANE,EN,Federal Contract Tower,0,12,11,0,23,0,17,12,0,29,0,29,23,0,52,0,0,0,52
11/13/2009,MVY,MA,ANE,EN,Federal Contract Tower,0,23,6,0,29,0,0,0,0,0,0,23,6,0,29,0,0,0,29
11/14/2009,MVY,MA,ANE,EN,Federal Contract Tower,0,8,2,0,10,0,0,0,0,0,0,8,2,0,10,0,0,0,10
11/15/2009,MVY,MA,ANE,EN,Federal Contract Tower,0,5,2,0,7,0,0,0,0,0,0,5,2,0,7,0,0,0,7
11/16/2009,MVY,MA,ANE,EN,Federal Contract Tower,0,7,2,0,9,0,28,26,0,54,0,35,28,0,63,0,0,0,63
11/17/2009,MVY,MA,ANE,EN,Federal Contract Tower,0,4,5,2,11,0,28,44,0,72,0,32,49,2,83,4,6,10,93
11/18/2009,MVY,MA,ANE,EN,Federal Contract Tower,0,7,8,0,15,0,20,29,4,53,0,27,37,4,68,0,8,8,76
11/19/2009,MVY,MA,ANE,EN,Federal Contract Tower,0,1,2,0,3,0,24,18,0,42,0,25,20,0,45,4,0,4,49
11/20/2009,MVY,MA,ANE,EN,Federal Contract Tower,0,28,11,0,39,0,8,3,0,11,0,36,14,0,50,0,0,0,50
11/21/2009,MVY,MA,ANE,EN,Federal Contract Tower,0,1,2,0,3,0,17,51,0,68,0,18,53,0,71,10,0,10,81
11/22/2009,MVY,MA,ANE,EN,Federal Contract Tower,0,13,10,0,23,0,26,86,0,112,0,39,96,0,135,2,0,2,137
11/23/2009,MVY,MA,ANE,EN,Federal Contract Tower,0,19,8,0,27,0,18,4,0,22,0,37,12,0,49,2,0,2,51
11/24/2009,MVY,MA,ANE,EN,Federal Contract Tower,0,45,13,0,58,0,0,0,0,0,0,45,13,0,58,0,0,0,58
11/25/2009,MVY,MA,ANE,EN,Federal Contract Tower,0,51,24,0,75,0,0,0,0,0,0,51,24,0,75,0,0,0,75
11/26/2009,MVY,MA,ANE,EN,Federal Contract Tower,0,24,13,0,37,0,0,0,0,0,0,24,13,0,37,0,0,0,37
11/27/2009,MVY,MA,ANE,EN,Federal Contract Tower,0,29,10,2,41,0,1,0,0,1,0,30,10,2,42,0,0,0,42
11/28/2009,MVY,MA,ANE,EN,Federal Contract Tower,0,12,6,0,18,0,16,7,0,23,0,28,13,0,41,0,0,0,41
11/29/2009,MVY,MA,ANE,EN,Federal Contract Tower,0,18,20,0,38,0,39,105,0,144,0,57,125,0,182,8,0,8,190
11/30/2009,MVY,MA,ANE,EN,Federal Contract Tower,0,16,4,0,20,0,27,11,0,38,0,43,15,0,58,0,0,0,58
12/01/2009,MVY,MA,ANE,EN,Federal Contract Tower,0,14,0,0,14,0,23,24,0,47,0,37,24,0,61,6,2,8,69
12/02/2009,MVY,MA,ANE,EN,Federal Contract Tower,0,9,2,0,11,0,20,36,0,56,0,29,38,0,67,0,0,0,67
12/03/2009,MVY,MA,ANE,EN,Federal Contract Tower,0,3,0,0,3,0,8,0,0,8,0,11,0,0,11,0,0,0,11
12/04/2009,MVY,MA,ANE,EN,Federal Contract Tower,0,4,2,0,6,0,22,53,0,75,0,26,55,0,81,0,0,0,81
12/05/2009,MVY,MA,ANE,EN,Federal Contract Tower,0,14,4,0,18,0,16,9,0,25,0,30,13,0,43,0,0,0,43
12/06/2009,MVY,MA,ANE,EN,Federal Contract Tower,0,5,5,0,10,0,13,42,0,55,0,18,47,0,65,0,0,0,65
12/07/2009,MVY,MA,ANE,EN,Federal Contract Tower,0,9,2,0,11,0,26,27,0,53,0,35,29,0,64,0,0,0,64
12/08/2009,MVY,MA,ANE,EN,Federal Contract Tower,0,13,8,0,21,0,24,20,0,44,0,37,28,0,65,0,0,0,65
12/09/2009,MVY,MA,ANE,EN,Federal Contract Tower,0,3,0,0,3,0,0,0,0,0,0,3,0,0,3,0,0,0,3
12/10/2009,MVY,MA,ANE,EN,Federal Contract Tower,0,3,2,0,5,0,12,6,0,18,0,15,8,0,23,0,0,0,23
12/11/2009,MVY,MA,ANE,EN,Federal Contract Tower,0,4,1,0,5,0,19,3,0,22,0,23,4,0,27,4,0,4,31
12/12/2009,MVY,MA,ANE,EN,Federal Contract Tower,0,1,0,0,1,0,23,32,0,55,0,24,32,0,56,4,0,4,60
12/13/2009,MVY,MA,ANE,EN,Federal Contract Tower,0,5,4,0,9,0,21,47,0,68,0,26,51,0,77,0,0,0,77
12/14/2009,MVY,MA,ANE,EN,Federal Contract Tower,0,10,1,0,11,0,32,28,0,60,0,42,29,0,71,6,0,6,77
12/15/2009,MVY,MA,ANE,EN,Federal Contract Tower,0,17,9,0,26,0,18,5,0,23,0,35,14,0,49,0,0,0,49
12/16/2009,MVY,MA,ANE,EN,Federal Contract Tower,0,2,0,0,2,0,18,5,0,23,0,20,5,0,25,0,0,0,25
12/17/2009,MVY,MA,ANE,EN,Federal Contract Tower,0,0,0,0,0,0,19,16,0,35,0,19,16,0,35,0,0,0,35
12/18/2009,MVY,MA,ANE,EN,Federal Contract Tower,0,1,3,0,4,0,27,29,0,56,0,28,32,0,60,0,0,0,60
12/19/2009,MVY,MA,ANE,EN,Federal Contract Tower,0,7,1,0,8,0,3,25,0,28,0,10,26,0,36,2,0,2,38
12/20/2009,MVY,MA,ANE,EN,Federal Contract Tower,0,0,0,0,0,0,0,0,0,0,0,0,0,0,0,0,0,0,0
12/21/2009,MVY,MA,ANE,EN,Federal Contract Tower,0,0,0,0,0,0,0,0,0,0,0,0,0,0,0,0,0,0,0
12/22/2009,MVY,MA,ANE,EN,Federal Contract Tower,0,10,2,0,12,0,4,18,0,22,0,14,20,0,34,0,0,0,34
12/23/2009,MVY,MA,ANE,EN,Federal Contract Tower,0,1,2,0,3,0,30,18,0,48,0,31,20,0,51,12,0,12,63
12/24/2009,MVY,MA,ANE,EN,Federal Contract Tower,0,11,1,0,12,0,18,11,0,29,0,29,12,0,41,0,0,0,41
12/25/2009,MVY,MA,ANE,EN,Federal Contract Tower,0,3,0,0,3,0,3,2,0,5,0,6,2,0,8,0,0,0,8
12/26/2009,MVY,MA,ANE,EN,Federal Contract Tower,0,6,0,0,6,0,15,9,0,24,0,21,9,0,30,6,0,6,36
12/27/2009,MVY,MA,ANE,EN,Federal Contract Tower,0,15,5,0,20,0,0,0,0,0,0,15,5,0,20,0,0,0,20
12/28/2009,MVY,MA,ANE,EN,Federal Contract Tower,0,13,3,0,16,0,23,10,0,33,0,36,13,0,49,0,0,0,49
12/29/2009,MVY,MA,ANE,EN,Federal Contract Tower,0,6,1,0,7,0,22,6,0,28,0,28,7,0,35,0,0,0,35
12/30/2009,MVY,MA,ANE,EN,Federal Contract Tower,0,4,3,0,7,0,26,43,0,69,0,30,46,0,76,2,0,2,78
12/31/2009,MVY,MA,ANE,EN,Federal Contract Tower,0,16,4,0,20,0,5,7,0,12,0,21,11,0,32,0,0,0,32
01/01/2010,MVY,MA,ANE,EN,Federal Contract Tower,0,12,0,0,12,0,2,7,0,9,0,14,7,0,21,0,0,0,21
01/02/2010,MVY,MA,ANE,EN,Federal Contract Tower,0,0,4,0,4,0,0,0,0,0,0,0,4,0,4,0,0,0,4
01/03/2010,MVY,MA,ANE,EN,Federal Contract Tower,0,6,6,0,12,0,0,0,0,0,0,6,6,0,12,0,0,0,12
01/04/2010,MVY,MA,ANE,EN,Federal Contract Tower,0,9,0,0,9,0,20,17,0,37,0,29,17,0,46,2,0,2,48
01/05/2010,MVY,MA,ANE,EN,Federal Contract Tower,0,0,0,0,0,0,30,14,0,44,0,30,14,0,44,26,0,26,70
01/06/2010,MVY,MA,ANE,EN,Federal Contract Tower,0,1,3,0,4,0,19,26,0,45,0,20,29,0,49,10,2,12,61
01/07/2010,MVY,MA,ANE,EN,Federal Contract Tower,0,4,8,4,16,0,22,38,0,60,0,26,46,4,76,28,4,32,108
01/08/2010,MVY,MA,ANE,EN,Federal Contract Tower,0,22,3,1,26,0,8,0,0,8,0,30,3,1,34,6,2,8,42
01/09/2010,MVY,MA,ANE,EN,Federal Contract Tower,0,3,1,0,4,0,20,52,0,72,0,23,53,0,76,12,0,12,88
01/10/2010,MVY,MA,ANE,EN,Federal Contract Tower,0,0,3,0,3,0,20,55,0,75,0,20,58,0,78,18,0,18,96
01/11/2010,MVY,MA,ANE,EN,Federal Contract Tower,0,1,4,0,5,0,21,22,0,43,0,22,26,0,48,0,4,4,52
01/12/2010,MVY,MA,ANE,EN,Federal Contract Tower,0,6,0,0,6,0,21,11,0,32,0,27,11,0,38,0,0,0,38
01/13/2010,MVY,MA,ANE,EN,Federal Contract Tower,0,6,2,0,8,0,20,18,0,38,0,26,20,0,46,0,0,0,46
01/14/2010,MVY,MA,ANE,EN,Federal Contract Tower,0,4,2,0,6,0,30,32,0,62,0,34,34,0,68,4,0,4,72
01/15/2010,MVY,MA,ANE,EN,Federal Contract Tower,0,4,5,0,9,0,34,24,0,58,0,38,29,0,67,22,0,22,89
01/16/2010,MVY,MA,ANE,EN,Federal Contract Tower,0,1,6,0,7,0,24,67,0,91,0,25,73,0,98,22,0,22,120
01/17/2010,MVY,MA,ANE,EN,Federal Contract Tower,0,5,2,0,7,0,13,33,0,46,0,18,35,0,53,3,0,3,56
01/18/2010,MVY,MA,ANE,EN,Federal Contract Tower,0,9,3,0,12,0,1,0,0,1,0,10,3,0,13,0,0,0,13
01/19/2010,MVY,MA,ANE,EN,Federal Contract Tower,0,12,7,4,23,0,7,1,0,8,0,19,8,4,31,0,0,0,31
01/20/2010,MVY,MA,ANE,EN,Federal Contract Tower,0,16,7,0,23,0,7,4,0,11,0,23,11,0,34,0,0,0,34
01/21/2010,MVY,MA,ANE,EN,Federal Contract Tower,0,2,2,0,4,0,24,28,2,54,0,26,30,2,58,0,0,0,58
01/22/2010,MVY,MA,ANE,EN,Federal Contract Tower,0,3,2,0,5,0,29,24,0,53,0,32,26,0,58,2,2,4,62
01/23/2010,MVY,MA,ANE,EN,Federal Contract Tower,0,2,8,0,10,0,19,87,1,107,0,21,95,1,117,2,0,2,119
01/24/2010,MVY,MA,ANE,EN,Federal Contract Tower,0,2,3,0,5,0,22,87,0,109,0,24,90,0,114,4,0,4,118
01/25/2010,MVY,MA,ANE,EN,Federal Contract Tower,0,1,0,0,1,0,11,0,0,11,0,12,0,0,12,0,0,0,12
01/26/2010,MVY,MA,ANE,EN,Federal Contract Tower,0,6,3,0,9,0,18,13,1,32,0,24,16,1,41,0,0,0,41
01/27/2010,MVY,MA,ANE,EN,Federal Contract Tower,0,2,1,0,3,0,23,35,0,58,0,25,36,0,61,8,0,8,69
01/28/2010,MVY,MA,ANE,EN,Federal Contract Tower,0,6,2,0,8,0,20,12,3,35,0,26,14,3,43,30,6,36,79
01/29/2010,MVY,MA,ANE,EN,Federal Contract Tower,0,7,0,0,7,0,19,8,1,28,0,26,8,1,35,0,0,0,35
01/30/2010,MVY,MA,ANE,EN,Federal Contract Tower,0,2,2,0,4,0,15,22,0,37,0,17,24,0,41,0,0,0,41
01/31/2010,MVY,MA,ANE,EN,Federal Contract Tower,0,3,1,0,4,0,16,29,0,45,0,19,30,0,49,10,0,10,59
02/01/2010,MVY,MA,ANE,EN,Federal Contract Tower,0,3,2,0,5,0,29,12,2,43,0,32,14,2,48,6,6,12,60
02/02/2010,MVY,MA,ANE,EN,Federal Contract Tower,0,3,4,0,7,0,23,15,0,38,0,26,19,0,45,4,0,4,49
02/03/2010,MVY,MA,ANE,EN,Federal Contract Tower,0,19,7,0,26,0,6,2,0,8,0,25,9,0,34,0,0,0,34
02/04/2010,MVY,MA,ANE,EN,Federal Contract Tower,0,2,0,0,2,0,19,23,0,42,0,21,23,0,44,0,0,0,44
02/05/2010,MVY,MA,ANE,EN,Federal Contract Tower,0,3,2,0,5,0,25,42,8,75,0,28,44,8,80,0,0,0,80
02/06/2010,MVY,MA,ANE,EN,Federal Contract Tower,0,7,3,0,10,0,7,4,0,11,0,14,7,0,21,0,0,0,21
02/07/2010,MVY,MA,ANE,EN,Federal Contract Tower,0,0,2,0,2,0,14,37,0,51,0,14,39,0,53,26,0,26,79
02/08/2010,MVY,MA,ANE,EN,Federal Contract Tower,0,2,6,0,8,0,20,8,0,28,0,22,14,0,36,0,0,0,36
02/09/2010,MVY,MA,ANE,EN,Federal Contract Tower,0,2,4,0,6,0,26,28,0,54,0,28,32,0,60,4,0,4,64
02/10/2010,MVY,MA,ANE,EN,Federal Contract Tower,0,4,0,0,4,0,2,0,0,2,0,6,0,0,6,0,0,0,6
02/11/2010,MVY,MA,ANE,EN,Federal Contract Tower,0,1,0,0,1,0,11,5,0,16,0,12,5,0,17,0,0,0,17
02/12/2010,MVY,MA,ANE,EN,Federal Contract Tower,0,3,4,0,7,0,21,25,0,46,0,24,29,0,53,0,0,0,53
02/13/2010,MVY,MA,ANE,EN,Federal Contract Tower,0,2,3,0,5,0,20,43,0,63,0,22,46,0,68,0,0,0,68
02/14/2010,MVY,MA,ANE,EN,Federal Contract Tower,0,2,2,0,4,0,17,34,0,51,0,19,36,0,55,1,0,1,56
02/15/2010,MVY,MA,ANE,EN,Federal Contract Tower,0,4,6,0,10,0,14,23,0,37,0,18,29,0,47,0,0,0,47
02/16/2010,MVY,MA,ANE,EN,Federal Contract Tower,0,9,1,0,10,0,0,0,0,0,0,9,1,0,10,0,0,0,10
02/17/2010,MVY,MA,ANE,EN,Federal Contract Tower,0,2,4,0,6,0,25,14,0,39,0,27,18,0,45,6,0,6,51
02/18/2010,MVY,MA,ANE,EN,Federal Contract Tower,0,6,2,0,8,0,23,15,0,38,0,29,17,0,46,0,0,0,46
02/19/2010,MVY,MA,ANE,EN,Federal Contract Tower,0,8,0,0,8,0,20,14,2,36,0,28,14,2,44,0,0,0,44
02/20/2010,MVY,MA,ANE,EN,Federal Contract Tower,0,1,3,0,4,0,16,57,0,73,0,17,60,0,77,10,0,10,87
02/21/2010,MVY,MA,ANE,EN,Federal Contract Tower,0,3,5,0,8,0,13,56,0,69,0,16,61,0,77,2,0,2,79
02/22/2010,MVY,MA,ANE,EN,Federal Contract Tower,0,1,0,0,1,0,31,33,0,64,0,32,33,0,65,4,0,4,69
02/23/2010,MVY,MA,ANE,EN,Federal Contract Tower,0,4,2,0,6,0,0,7,0,7,0,4,9,0,13,0,0,0,13
02/24/2010,MVY,MA,ANE,EN,Federal Contract Tower,0,14,0,0,14,0,4,0,0,4,0,18,0,0,18,0,0,0,18
02/25/2010,MVY,MA,ANE,EN,Federal Contract Tower,0,15,1,0,16,0,0,0,0,0,0,15,1,0,16,6,0,6,22
02/26/2010,MVY,MA,ANE,EN,Federal Contract Tower,0,12,4,0,16,0,14,2,0,16,0,26,6,0,32,8,0,8,40
02/27/2010,MVY,MA,ANE,EN,Federal Contract Tower,0,12,0,0,12,0,1,2,0,3,0,13,2,0,15,0,0,0,15
02/28/2010,MVY,MA,ANE,EN,Federal Contract Tower,0,10,0,0,10,0,11,13,0,24,0,21,13,0,34,12,0,12,46
03/01/2010,MVY,MA,ANE,EN,Federal Contract Tower,0,6,2,0,8,0,5,1,0,6,0,11,3,0,14,0,0,0,14
03/02/2010,MVY,MA,ANE,EN,Federal Contract Tower,0,2,2,0,4,0,20,32,0,52,0,22,34,0,56,12,0,12,68
03/03/2010,MVY,MA,ANE,EN,Federal Contract Tower,0,8,0,0,8,0,4,2,0,6,0,12,2,0,14,0,0,0,14
03/04/2010,MVY,MA,ANE,EN,Federal Contract Tower,0,13,4,0,17,0,1,0,0,1,0,14,4,0,18,0,0,0,18
03/05/2010,MVY,MA,ANE,EN,Federal Contract Tower,0,16,5,2,23,0,10,7,0,17,0,26,12,2,40,0,0,0,40
03/06/2010,MVY,MA,ANE,EN,Federal Contract Tower,0,0,8,0,8,0,18,81,0,99,0,18,89,0,107,0,2,2,109
03/07/2010,MVY,MA,ANE,EN,Federal Contract Tower,0,1,6,0,7,0,18,92,0,110,0,19,98,0,117,6,0,6,123
03/08/2010,MVY,MA,ANE,EN,Federal Contract Tower,0,6,2,0,8,0,20,18,0,38,0,26,20,0,46,4,0,4,50
03/09/2010,MVY,MA,ANE,EN,Federal Contract Tower,0,3,1,0,4,0,21,26,0,47,0,24,27,0,51,6,0,6,57
03/10/2010,MVY,MA,ANE,EN,Federal Contract Tower,0,8,3,2,13,0,25,43,2,70,0,33,46,4,83,10,4,14,97
03/11/2010,MVY,MA,ANE,EN,Federal Contract Tower,0,4,9,0,13,0,23,14,1,38,0,27,23,1,51,4,6,10,61
03/12/2010,MVY,MA,ANE,EN,Federal Contract Tower,0,10,2,0,12,0,28,7,0,35,0,38,9,0,47,0,0,0,47
03/13/2010,MVY,MA,ANE,EN,Federal Contract Tower,0,7,1,0,8,0,0,0,0,0,0,7,1,0,8,0,0,0,8
03/14/2010,MVY,MA,ANE,EN,Federal Contract Tower,0,2,4,0,6,0,0,0,0,0,0,2,4,0,6,0,0,0,6
03/15/2010,MVY,MA,ANE,EN,Federal Contract Tower,0,5,2,0,7,0,0,0,0,0,0,5,2,0,7,0,0,0,7
03/16/2010,MVY,MA,ANE,EN,Federal Contract Tower,0,5,0,0,5,0,13,12,2,27,0,18,12,2,32,0,0,0,32
03/17/2010,MVY,MA,ANE,EN,Federal Contract Tower,0,1,0,0,1,0,21,37,0,58,0,22,37,0,59,1,0,1,60
03/18/2010,MVY,MA,ANE,EN,Federal Contract Tower,0,4,1,0,5,0,30,42,5,77,0,34,43,5,82,12,4,16,98
03/19/2010,MVY,MA,ANE,EN,Federal Contract Tower,0,1,6,0,7,0,23,47,2,72,0,24,53,2,79,0,0,0,79
03/20/2010,MVY,MA,ANE,EN,Federal Contract Tower,0,0,6,0,6,0,15,105,0,120,0,15,111,0,126,8,0,8,134
03/21/2010,MVY,MA,ANE,EN,Federal Contract Tower,0,4,3,0,7,0,16,86,0,102,0,20,89,0,109,0,0,0,109
03/22/2010,MVY,MA,ANE,EN,Federal Contract Tower,0,26,5,0,31,0,2,0,0,2,0,28,5,0,33,0,0,0,33
03/23/2010,MVY,MA,ANE,EN,Federal Contract Tower,0,7,2,0,9,0,0,0,0,0,0,7,2,0,9,0,0,0,9
03/24/2010,MVY,MA,ANE,EN,Federal Contract Tower,0,9,3,0,12,0,19,5,0,24,0,28,8,0,36,0,0,0,36
03/25/2010,MVY,MA,ANE,EN,Federal Contract Tower,0,2,0,0,2,0,21,24,0,45,0,23,24,0,47,4,2,6,53
03/26/2010,MVY,MA,ANE,EN,Federal Contract Tower,0,14,6,0,20,0,8,1,0,9,0,22,7,0,29,0,0,0,29
03/27/2010,MVY,MA,ANE,EN,Federal Contract Tower,0,0,9,0,9,0,18,103,0,121,0,18,112,0,130,4,0,4,134
03/28/2010,MVY,MA,ANE,EN,Federal Contract Tower,0,2,11,0,13,0,17,50,0,67,0,19,61,0,80,2,0,2,82
03/29/2010,MVY,MA,ANE,EN,Federal Contract Tower,0,14,4,0,18,0,11,0,0,11,0,25,4,0,29,2,0,2,31
03/30/2010,MVY,MA,ANE,EN,Federal Contract Tower,0,14,3,0,17,0,0,0,0,0,0,14,3,0,17,0,0,0,17
03/31/2010,MVY,MA,ANE,EN,Federal Contract Tower,0,23,11,0,34,0,4,2,0,6,0,27,13,0,40,0,0,0,40
04/01/2010,MVY,MA,ANE,EN,Federal Contract Tower,0,13,6,0,19,0,19,14,0,33,0,32,20,0,52,12,0,12,64
04/02/2010,MVY,MA,ANE,EN,Federal Contract Tower,0,10,9,0,19,0,20,69,2,91,0,30,78,2,110,2,0,2,112
04/03/2010,MVY,MA,ANE,EN,Federal Contract Tower,0,5,19,0,24,0,12,74,0,86,0,17,93,0,110,16,0,16,126
04/04/2010,MVY,MA,ANE,EN,Federal Contract Tower,0,6,7,0,13,0,9,31,0,40,0,15,38,0,53,0,0,0,53
04/05/2010,MVY,MA,ANE,EN,Federal Contract Tower,0,2,1,0,3,0,22,19,0,41,0,24,20,0,44,0,0,0,44
04/06/2010,MVY,MA,ANE,EN,Federal Contract Tower,0,9,4,0,13,0,12,14,0,26,0,21,18,0,39,16,0,16,55
04/07/2010,MVY,MA,ANE,EN,Federal Contract Tower,0,6,0,0,6,0,21,40,0,61,0,27,40,0,67,0,0,0,67
04/08/2010,MVY,MA,ANE,EN,Federal Contract Tower,0,7,2,0,9,0,19,18,4,41,0,26,20,4,50,8,0,8,58
04/09/2010,MVY,MA,ANE,EN,Federal Contract Tower,0,23,7,0,30,0,0,0,0,0,0,23,7,0,30,0,0,0,30
04/10/2010,MVY,MA,ANE,EN,Federal Contract Tower,0,3,5,0,8,0,13,36,0,49,0,16,41,0,57,0,0,0,57
04/11/2010,MVY,MA,ANE,EN,Federal Contract Tower,0,7,9,0,16,0,18,62,0,80,0,25,71,0,96,6,0,6,102
04/12/2010,MVY,MA,ANE,EN,Federal Contract Tower,0,4,3,0,7,0,21,23,0,44,0,25,26,0,51,0,0,0,51
04/13/2010,MVY,MA,ANE,EN,Federal Contract Tower,0,5,2,0,7,0,23,16,0,39,0,28,18,0,46,0,0,0,46
04/14/2010,MVY,MA,ANE,EN,Federal Contract Tower,0,3,2,0,5,0,25,43,0,68,0,28,45,0,73,2,0,2,75
04/15/2010,MVY,MA,ANE,EN,Federal Contract Tower,0,2,2,0,4,0,32,38,0,70,0,34,40,0,74,10,0,10,84
04/16/2010,MVY,MA,ANE,EN,Federal Contract Tower,0,13,13,0,26,0,19,6,0,25,0,32,19,0,51,0,0,0,51
04/17/2010,MVY,MA,ANE,EN,Federal Contract Tower,0,16,7,0,23,0,0,0,0,0,0,16,7,0,23,0,0,0,23
04/18/2010,MVY,MA,ANE,EN,Federal Contract Tower,0,11,12,0,23,0,16,30,2,48,0,27,42,2,71,8,0,8,79
04/19/2010,MVY,MA,ANE,EN,Federal Contract Tower,0,3,9,0,12,0,21,32,0,53,0,24,41,0,65,8,2,10,75
04/20/2010,MVY,MA,ANE,EN,Federal Contract Tower,0,4,5,0,9,0,18,31,1,50,0,22,36,1,59,0,2,2,61
04/21/2010,MVY,MA,ANE,EN,Federal Contract Tower,0,2,6,0,8,0,24,27,2,53,0,26,33,2,61,0,0,0,61
04/22/2010,MVY,MA,ANE,EN,Federal Contract Tower,0,3,1,0,4,0,30,15,0,45,0,33,16,0,49,6,0,6,55
04/23/2010,MVY,MA,ANE,EN,Federal Contract Tower,0,15,12,0,27,0,21,38,2,61,0,36,50,2,88,0,0,0,88
04/24/2010,MVY,MA,ANE,EN,Federal Contract Tower,0,1,8,0,9,0,18,98,0,116,0,19,106,0,125,10,0,10,135
04/25/2010,MVY,MA,ANE,EN,Federal Contract Tower,0,18,8,2,28,0,7,6,0,13,0,25,14,2,41,0,0,0,41
04/26/2010,MVY,MA,ANE,EN,Federal Contract Tower,0,16,8,0,24,0,9,1,0,10,0,25,9,0,34,0,0,0,34
04/27/2010,MVY,MA,ANE,EN,Federal Contract Tower,0,20,7,2,29,0,0,0,0,0,0,20,7,2,29,0,0,0,29
04/28/2010,MVY,MA,ANE,EN,Federal Contract Tower,0,8,7,0,15,0,22,4,2,28,0,30,11,2,43,0,0,0,43
04/29/2010,MVY,MA,ANE,EN,Federal Contract Tower,0,4,2,0,6,0,30,21,2,53,0,34,23,2,59,4,18,22,81
04/30/2010,MVY,MA,ANE,EN,Federal Contract Tower,0,5,4,0,9,0,31,45,0,76,0,36,49,0,85,0,0,0,85
05/01/2010,MVY,MA,ANE,EN,Federal Contract Tower,0,0,28,0,28,0,15,97,0,112,0,15,125,0,140,16,0,16,156
05/02/2010,MVY,MA,ANE,EN,Federal Contract Tower,0,16,31,0,47,0,6,33,0,39,0,22,64,0,86,0,0,0,86
05/03/2010,MVY,MA,ANE,EN,Federal Contract Tower,0,22,8,0,30,0,12,0,0,12,0,34,8,0,42,0,0,0,42
05/04/2010,MVY,MA,ANE,EN,Federal Contract Tower,0,3,5,0,8,0,16,18,0,34,0,19,23,0,42,0,0,0,42
05/05/2010,MVY,MA,ANE,EN,Federal Contract Tower,0,5,3,0,8,0,24,43,5,72,0,29,46,5,80,12,4,16,96
05/06/2010,MVY,MA,ANE,EN,Federal Contract Tower,0,17,9,0,26,0,0,0,0,0,0,17,9,0,26,0,0,0,26
05/07/2010,MVY,MA,ANE,EN,Federal Contract Tower,0,3,11,1,15,0,21,42,0,63,0,24,53,1,78,0,0,0,78
05/08/2010,MVY,MA,ANE,EN,Federal Contract Tower,0,10,18,0,28,0,0,0,0,0,0,10,18,0,28,0,0,0,28
05/09/2010,MVY,MA,ANE,EN,Federal Contract Tower,0,4,7,0,11,0,16,32,0,48,0,20,39,0,59,0,0,0,59
05/10/2010,MVY,MA,ANE,EN,Federal Contract Tower,0,10,10,1,21,0,19,33,1,53,0,29,43,2,74,0,0,0,74
05/11/2010,MVY,MA,ANE,EN,Federal Contract Tower,0,4,12,0,16,0,30,45,0,75,0,34,57,0,91,2,0,2,93
05/12/2010,MVY,MA,ANE,EN,Federal Contract Tower,0,11,5,0,16,0,17,12,0,29,0,28,17,0,45,4,0,4,49
05/13/2010,MVY,MA,ANE,EN,Federal Contract Tower,0,7,2,0,9,0,27,33,0,60,0,34,35,0,69,6,0,6,75
05/14/2010,MVY,MA,ANE,EN,Federal Contract Tower,0,36,9,1,46,0,14,6,0,20,0,50,15,1,66,0,0,0,66
05/15/2010,MVY,MA,ANE,EN,Federal Contract Tower,0,4,7,0,11,0,19,39,0,58,0,23,46,0,69,0,0,0,69
05/16/2010,MVY,MA,ANE,EN,Federal Contract Tower,0,8,5,0,13,0,29,107,0,136,0,37,112,0,149,2,0,2,151
05/17/2010,MVY,MA,ANE,EN,Federal Contract Tower,0,10,10,0,20,0,29,43,0,72,0,39,53,0,92,16,0,16,108
05/18/2010,MVY,MA,ANE,EN,Federal Contract Tower,0,17,17,0,34,0,39,32,6,77,0,56,49,6,111,0,0,0,111
05/19/2010,MVY,MA,ANE,EN,Federal Contract Tower,0,45,3,0,48,0,0,0,0,0,0,45,3,0,48,0,0,0,48
05/20/2010,MVY,MA,ANE,EN,Federal Contract Tower,0,8,8,0,16,0,42,54,0,96,0,50,62,0,112,0,0,0,112
05/21/2010,MVY,MA,ANE,EN,Federal Contract Tower,0,12,13,0,25,0,51,77,0,128,0,63,90,0,153,0,0,0,153
05/22/2010,MVY,MA,ANE,EN,Federal Contract Tower,0,8,27,0,35,0,34,53,0,87,0,42,80,0,122,12,0,12,134
05/23/2010,MVY,MA,ANE,EN,Federal Contract Tower,0,37,39,0,76,0,18,42,0,60,0,55,81,0,136,0,0,0,136
05/24/2010,MVY,MA,ANE,EN,Federal Contract Tower,0,16,18,0,34,0,35,35,0,70,0,51,53,0,104,1,0,1,105
05/25/2010,MVY,MA,ANE,EN,Federal Contract Tower,0,14,9,0,23,0,25,44,13,82,0,39,53,13,105,4,0,4,109
05/26/2010,MVY,MA,ANE,EN,Federal Contract Tower,0,10,10,0,20,0,37,50,0,87,0,47,60,0,107,0,0,0,107
05/27/2010,MVY,MA,ANE,EN,Federal Contract Tower,0,51,18,0,69,0,45,44,0,89,0,96,62,0,158,14,0,14,172
05/28/2010,MVY,MA,ANE,EN,Federal Contract Tower,0,58,28,0,86,0,117,141,0,258,0,175,169,0,344,6,0,6,350
05/29/2010,MVY,MA,ANE,EN,Federal Contract Tower,0,18,25,0,43,0,29,54,0,83,0,47,79,0,126,0,0,0,126
05/30/2010,MVY,MA,ANE,EN,Federal Contract Tower,0,9,6,0,15,0,33,94,0,127,0,42,100,0,142,0,0,0,142
05/31/2010,MVY,MA,ANE,EN,Federal Contract Tower,0,98,90,0,188,0,37,100,0,137,0,135,190,0,325,0,0,0,325
06/01/2010,MVY,MA,ANE,EN,Federal Contract Tower,0,76,30,0,106,0,15,13,0,28,0,91,43,0,134,0,0,0,134
06/02/2010,MVY,MA,ANE,EN,Federal Contract Tower,0,58,23,0,81,0,5,22,1,28,0,63,45,1,109,2,0,2,111
06/03/2010,MVY,MA,ANE,EN,Federal Contract Tower,0,46,12,0,58,0,0,0,0,0,0,46,12,0,58,0,0,0,58
06/04/2010,MVY,MA,ANE,EN,Federal Contract Tower,0,59,21,0,80,0,48,38,0,86,0,107,59,0,166,2,0,2,168
06/05/2010,MVY,MA,ANE,EN,Federal Contract Tower,0,58,21,0,79,0,3,0,0,3,0,61,21,0,82,0,0,0,82
06/06/2010,MVY,MA,ANE,EN,Federal Contract Tower,0,66,19,0,85,0,7,6,0,13,0,73,25,0,98,0,0,0,98
06/07/2010,MVY,MA,ANE,EN,Federal Contract Tower,0,23,8,1,32,0,71,85,0,156,0,94,93,1,188,12,2,14,202
06/08/2010,MVY,MA,ANE,EN,Federal Contract Tower,0,20,9,0,29,0,59,42,4,105,0,79,51,4,134,8,0,8,142
06/09/2010,MVY,MA,ANE,EN,Federal Contract Tower,0,17,14,0,31,0,47,30,0,77,0,64,44,0,108,0,0,0,108
06/10/2010,MVY,MA,ANE,EN,Federal Contract Tower,0,85,22,0,107,0,0,0,0,0,0,85,22,0,107,0,0,0,107
06/11/2010,MVY,MA,ANE,EN,Federal Contract Tower,0,46,38,1,85,0,71,56,2,129,0,117,94,3,214,4,0,4,218
06/12/2010,MVY,MA,ANE,EN,Federal Contract Tower,0,54,34,0,88,0,24,21,0,45,0,78,55,0,133,6,0,6,139
06/13/2010,MVY,MA,ANE,EN,Federal Contract Tower,0,104,57,0,161,0,1,2,0,3,0,105,59,0,164,0,0,0,164
06/14/2010,MVY,MA,ANE,EN,Federal Contract Tower,0,62,24,0,86,0,10,12,0,22,0,72,36,0,108,0,0,0,108
06/15/2010,MVY,MA,ANE,EN,Federal Contract Tower,0,24,10,0,34,0,52,75,0,127,0,76,85,0,161,0,0,0,161
06/16/2010,MVY,MA,ANE,EN,Federal Contract Tower,0,21,14,0,35,0,42,22,0,64,0,63,36,0,99,2,0,2,101
06/17/2010,MVY,MA,ANE,EN,Federal Contract Tower,0,71,23,0,94,0,27,27,0,54,0,98,50,0,148,0,4,4,152
06/18/2010,MVY,MA,ANE,EN,Federal Contract Tower,0,47,34,0,81,0,69,88,0,157,0,116,122,0,238,0,2,2,240
06/19/2010,MVY,MA,ANE,EN,Federal Contract Tower,0,22,22,0,44,0,51,94,7,152,0,73,116,7,196,12,0,12,208
06/20/2010,MVY,MA,ANE,EN,Federal Contract Tower,0,79,86,0,165,0,3,7,0,10,0,82,93,0,175,4,0,4,179
06/21/2010,MVY,MA,ANE,EN,Federal Contract Tower,0,27,13,0,40,0,51,42,0,93,0,78,55,0,133,25,0,25,158
06/22/2010,MVY,MA,ANE,EN,Federal Contract Tower,0,19,15,0,34,0,59,52,0,111,0,78,67,0,145,2,0,2,147
06/23/2010,MVY,MA,ANE,EN,Federal Contract Tower,0,28,21,2,51,0,35,20,0,55,0,63,41,2,106,0,0,0,106
06/24/2010,MVY,MA,ANE,EN,Federal Contract Tower,0,37,12,0,49,0,70,32,0,102,0,107,44,0,151,6,0,6,157
06/25/2010,MVY,MA,ANE,EN,Federal Contract Tower,0,48,27,0,75,0,86,120,0,206,0,134,147,0,281,2,0,2,283
06/26/2010,MVY,MA,ANE,EN,Federal Contract Tower,0,43,42,0,85,0,40,59,0,99,0,83,101,0,184,8,0,8,192
06/27/2010,MVY,MA,ANE,EN,Federal Contract Tower,0,97,81,0,178,0,10,11,0,21,0,107,92,0,199,0,0,0,199
06/28/2010,MVY,MA,ANE,EN,Federal Contract Tower,0,79,51,0,130,0,23,22,0,45,0,102,73,0,175,4,0,4,179
06/29/2010,MVY,MA,ANE,EN,Federal Contract Tower,0,32,17,0,49,0,70,72,0,142,0,102,89,0,191,10,0,10,201
06/30/2010,MVY,MA,ANE,EN,Federal Contract Tower,0,45,27,2,74,0,61,84,3,148,0,106,111,5,222,18,0,18,240
07/01/2010,MVY,MA,ANE,EN,Federal Contract Tower,0,54,43,8,105,0,93,110,0,203,0,147,153,8,308,0,2,2,310
07/02/2010,MVY,MA,ANE,EN,Federal Contract Tower,0,83,40,0,123,0,112,157,0,269,0,195,197,0,392,0,0,0,392
07/03/2010,MVY,MA,ANE,EN,Federal Contract Tower,0,24,13,0,37,0,76,108,0,184,0,100,121,0,221,26,0,26,247
07/04/2010,MVY,MA,ANE,EN,Federal Contract Tower,0,22,13,0,35,0,56,95,0,151,0,78,108,0,186,0,0,0,186
07/05/2010,MVY,MA,ANE,EN,Federal Contract Tower,0,51,59,0,110,0,124,169,0,293,0,175,228,0,403,0,0,0,403
07/06/2010,MVY,MA,ANE,EN,Federal Contract Tower,0,56,20,0,76,0,107,111,0,218,0,163,131,0,294,6,0,6,300
07/07/2010,MVY,MA,ANE,EN,Federal Contract Tower,0,44,37,0,81,0,69,62,0,131,0,113,99,0,212,8,0,8,220
07/08/2010,MVY,MA,ANE,EN,Federal Contract Tower,0,85,30,0,115,0,63,65,0,128,0,148,95,0,243,15,0,15,258
07/09/2010,MVY,MA,ANE,EN,Federal Contract Tower,0,107,72,2,181,0,26,28,0,54,0,133,100,2,235,0,4,4,239
07/10/2010,MVY,MA,ANE,EN,Federal Contract Tower,0,69,38,0,107,0,35,14,0,49,0,104,52,0,156,9,0,9,165
07/11/2010,MVY,MA,ANE,EN,Federal Contract Tower,0,66,75,0,141,0,67,53,0,120,0,133,128,0,261,22,0,22,283
07/12/2010,MVY,MA,ANE,EN,Federal Contract Tower,0,48,32,1,81,0,71,65,0,136,0,119,97,1,217,14,0,14,231
07/13/2010,MVY,MA,ANE,EN,Federal Contract Tower,0,60,17,0,77,0,44,39,0,83,0,104,56,0,160,2,0,2,162
07/14/2010,MVY,MA,ANE,EN,Federal Contract Tower,0,103,26,0,129,0,0,1,0,1,0,103,27,0,130,0,0,0,130
07/15/2010,MVY,MA,ANE,EN,Federal Contract Tower,0,151,96,0,247,0,0,0,0,0,0,151,96,0,247,0,0,0,247
07/16/2010,MVY,MA,ANE,EN,Federal Contract Tower,0,146,115,2,263,0,15,23,0,38,0,161,138,2,301,0,0,0,301
07/17/2010,MVY,MA,ANE,EN,Federal Contract Tower,0,29,39,0,68,0,65,109,0,174,0,94,148,0,242,47,0,47,289
07/18/2010,MVY,MA,ANE,EN,Federal Contract Tower,0,65,50,0,115,0,94,114,0,208,0,159,164,0,323,6,0,6,329
07/19/2010,MVY,MA,ANE,EN,Federal Contract Tower,0,79,34,0,113,0,56,39,0,95,0,135,73,0,208,7,0,7,215
07/20/2010,MVY,MA,ANE,EN,Federal Contract Tower,0,40,29,0,69,0,57,55,0,112,0,97,84,0,181,20,0,20,201
07/21/2010,MVY,MA,ANE,EN,Federal Contract Tower,0,99,44,0,143,0,15,15,0,30,0,114,59,0,173,8,0,8,181
07/22/2010,MVY,MA,ANE,EN,Federal Contract Tower,0,45,24,1,70,0,99,99,1,199,0,144,123,2,269,8,0,8,277
07/23/2010,MVY,MA,ANE,EN,Federal Contract Tower,0,74,71,0,145,0,71,66,0,137,0,145,137,0,282,0,0,0,282
07/24/2010,MVY,MA,ANE,EN,Federal Contract Tower,0,62,43,0,105,0,35,36,0,71,0,97,79,0,176,10,0,10,186
07/25/2010,MVY,MA,ANE,EN,Federal Contract Tower,0,66,42,0,108,0,85,87,0,172,0,151,129,0,280,8,0,8,288
07/26/2010,MVY,MA,ANE,EN,Federal Contract Tower,0,49,20,0,69,0,0,0,0,0,0,49,20,0,69,2,2,4,73
07/27/2010,MVY,MA,ANE,EN,Federal Contract Tower,0,41,24,0,65,0,83,79,2,164,0,124,103,2,229,21,8,29,258
07/28/2010,MVY,MA,ANE,EN,Federal Contract Tower,0,42,13,0,55,0,85,74,2,161,0,127,87,2,216,24,0,24,240
07/29/2010,MVY,MA,ANE,EN,Federal Contract Tower,0,90,56,0,146,0,49,19,0,68,0,139,75,0,214,0,0,0,214
07/30/2010,MVY,MA,ANE,EN,Federal Contract Tower,0,49,43,0,92,0,107,149,5,261,0,156,192,5,353,14,0,14,367
07/31/2010,MVY,MA,ANE,EN,Federal Contract Tower,0,40,41,0,81,0,87,139,0,226,0,127,180,0,307,6,0,6,313
08/01/2010,MVY,MA,ANE,EN,Federal Contract Tower,0,51,50,0,101,0,93,148,0,241,0,144,198,0,342,0,0,0,342
08/02/2010,MVY,MA,ANE,EN,Federal Contract Tower,0,37,32,0,69,0,106,115,0,221,0,143,147,0,290,10,0,10,300
08/03/2010,MVY,MA,ANE,EN,Federal Contract Tower,0,43,34,0,77,0,67,55,0,122,0,110,89,0,199,14,2,16,215
08/04/2010,MVY,MA,ANE,EN,Federal Contract Tower,0,98,32,0,130,0,30,19,1,50,0,128,51,1,180,11,0,11,191
08/05/2010,MVY,MA,ANE,EN,Federal Contract Tower,0,103,69,0,172,0,24,26,0,50,0,127,95,0,222,0,0,0,222
08/06/2010,MVY,MA,ANE,EN,Federal Contract Tower,0,71,63,0,134,0,103,141,0,244,0,174,204,0,378,10,0,10,388
08/07/2010,MVY,MA,ANE,EN,Federal Contract Tower,0,51,31,0,82,0,97,145,0,242,0,148,176,0,324,10,0,10,334
08/08/2010,MVY,MA,ANE,EN,Federal Contract Tower,0,69,63,0,132,0,78,140,0,218,0,147,203,0,350,10,0,10,360
08/09/2010,MVY,MA,ANE,EN,Federal Contract Tower,0,101,70,0,171,0,28,32,0,60,0,129,102,0,231,1,0,1,232
08/10/2010,MVY,MA,ANE,EN,Federal Contract Tower,0,48,21,1,70,0,64,59,2,125,0,112,80,3,195,4,0,4,199
08/11/2010,MVY,MA,ANE,EN,Federal Contract Tower,0,55,31,0,86,0,46,65,9,120,0,101,96,9,206,8,0,8,214
08/12/2010,MVY,MA,ANE,EN,Federal Contract Tower,0,39,43,0,82,0,102,97,0,199,0,141,140,0,281,20,0,20,301
08/13/2010,MVY,MA,ANE,EN,Federal Contract Tower,0,71,44,0,115,0,111,143,0,254,0,182,187,0,369,4,0,4,373
08/14/2010,MVY,MA,ANE,EN,Federal Contract Tower,0,44,26,0,70,0,71,129,0,200,0,115,155,0,270,44,0,44,314
08/15/2010,MVY,MA,ANE,EN,Federal Contract Tower,0,54,73,0,127,0,86,138,0,224,0,140,211,0,351,8,0,8,359
08/16/2010,MVY,MA,ANE,EN,Federal Contract Tower,0,98,54,0,152,0,33,41,0,74,0,131,95,0,226,6,0,6,232
08/17/2010,MVY,MA,ANE,EN,Federal Contract Tower,0,125,81,4,210,0,2,0,0,2,0,127,81,4,212,0,0,0,212
08/18/2010,MVY,MA,ANE,EN,Federal Contract Tower,0,53,38,2,93,0,69,98,9,176,0,122,136,11,269,8,0,8,277
08/19/2010,MVY,MA,ANE,EN,Federal Contract Tower,0,144,35,7,186,0,4,28,11,43,0,148,63,18,229,0,0,0,229
08/20/2010,MVY,MA,ANE,EN,Federal Contract Tower,0,150,49,0,199,0,6,27,8,41,0,156,76,8,240,0,0,0,240
08/21/2010,MVY,MA,ANE,EN,Federal Contract Tower,0,123,37,0,160,0,2,7,12,21,0,125,44,12,181,0,0,0,181
08/22/2010,MVY,MA,ANE,EN,Federal Contract Tower,0,139,63,8,210,0,0,0,2,2,0,139,63,10,212,0,0,0,212
08/23/2010,MVY,MA,ANE,EN,Federal Contract Tower,0,91,50,0,141,0,0,0,0,0,0,91,50,0,141,0,0,0,141
08/24/2010,MVY,MA,ANE,EN,Federal Contract Tower,0,104,19,0,123,0,0,0,0,0,0,104,19,0,123,0,0,0,123
08/25/2010,MVY,MA,ANE,EN,Federal Contract Tower,0,88,28,0,116,0,0,0,0,0,0,88,28,0,116,0,0,0,116
08/26/2010,MVY,MA,ANE,EN,Federal Contract Tower,0,145,36,2,183,0,0,6,1,7,0,145,42,3,190,0,0,0,190
08/27/2010,MVY,MA,ANE,EN,Federal Contract Tower,0,128,57,0,185,0,1,18,6,25,0,129,75,6,210,0,0,0,210
08/28/2010,MVY,MA,ANE,EN,Federal Contract Tower,0,100,36,0,136,0,2,10,2,14,0,102,46,2,150,0,8,8,158
08/29/2010,MVY,MA,ANE,EN,Federal Contract Tower,2,60,43,3,108,0,61,83,19,163,2,121,126,22,271,0,6,6,277
08/30/2010,MVY,MA,ANE,EN,Federal Contract Tower,0,33,21,0,54,0,86,84,0,170,0,119,105,0,224,20,0,20,244
08/31/2010,MVY,MA,ANE,EN,Federal Contract Tower,0,24,14,0,38,0,59,83,0,142,0,83,97,0,180,18,0,18,198
09/01/2010,MVY,MA,ANE,EN,Federal Contract Tower,0,39,19,0,58,0,73,48,2,123,0,112,67,2,181,8,2,10,191
09/02/2010,MVY,MA,ANE,EN,Federal Contract Tower,0,52,40,0,92,0,87,94,0,181,0,139,134,0,273,4,0,4,277
09/03/2010,MVY,MA,ANE,EN,Federal Contract Tower,0,41,28,0,69,0,0,4,0,4,0,41,32,0,73,0,0,0,73
09/04/2010,MVY,MA,ANE,EN,Federal Contract Tower,0,19,27,0,46,0,54,50,0,104,0,73,77,0,150,0,0,0,150
09/05/2010,MVY,MA,ANE,EN,Federal Contract Tower,0,21,18,0,39,0,47,90,0,137,0,68,108,0,176,0,2,2,178
09/06/2010,MVY,MA,ANE,EN,Federal Contract Tower,0,49,42,0,91,0,94,152,0,246,0,143,194,0,337,10,0,10,347
09/07/2010,MVY,MA,ANE,EN,Federal Contract Tower,0,32,14,2,48,0,88,83,0,171,0,120,97,2,219,24,0,24,243
09/08/2010,MVY,MA,ANE,EN,Federal Contract Tower,0,24,23,0,47,0,35,19,0,54,0,59,42,0,101,2,0,2,103
09/09/2010,MVY,MA,ANE,EN,Federal Contract Tower,0,9,15,0,24,0,76,42,2,120,0,85,57,2,144,14,0,14,158
09/10/2010,MVY,MA,ANE,EN,Federal Contract Tower,0,31,32,0,63,0,76,51,0,127,0,107,83,0,190,4,0,4,194
09/11/2010,MVY,MA,ANE,EN,Federal Contract Tower,0,17,22,0,39,0,44,97,0,141,0,61,119,0,180,4,0,4,184
09/12/2010,MVY,MA,ANE,EN,Federal Contract Tower,0,44,27,0,71,0,37,47,0,84,0,81,74,0,155,6,0,6,161
09/13/2010,MVY,MA,ANE,EN,Federal Contract Tower,0,38,21,0,59,0,37,16,0,53,0,75,37,0,112,0,2,2,114
09/14/2010,MVY,MA,ANE,EN,Federal Contract Tower,0,42,16,0,58,0,36,25,3,64,0,78,41,3,122,2,0,2,124
09/15/2010,MVY,MA,ANE,EN,Federal Contract Tower,0,14,11,0,25,0,69,61,0,130,0,83,72,0,155,6,0,6,161
09/16/2010,MVY,MA,ANE,EN,Federal Contract Tower,0,21,12,0,33,0,67,40,0,107,0,88,52,0,140,0,2,2,142
09/17/2010,MVY,MA,ANE,EN,Federal Contract Tower,0,78,37,0,115,0,18,9,0,27,0,96,46,0,142,0,0,0,142
09/18/2010,MVY,MA,ANE,EN,Federal Contract Tower,0,8,21,0,29,0,35,55,0,90,0,43,76,0,119,2,0,2,121
09/19/2010,MVY,MA,ANE,EN,Federal Contract Tower,0,20,24,0,44,0,73,112,0,185,0,93,136,0,229,3,0,3,232
09/20/2010,MVY,MA,ANE,EN,Federal Contract Tower,0,37,13,2,52,0,48,47,0,95,0,85,60,2,147,4,0,4,151
09/21/2010,MVY,MA,ANE,EN,Federal Contract Tower,0,16,11,0,27,0,56,41,0,97,0,72,52,0,124,11,0,11,135
09/22/2010,MVY,MA,ANE,EN,Federal Contract Tower,0,31,13,1,45,0,33,29,1,63,0,64,42,2,108,2,0,2,110
09/23/2010,MVY,MA,ANE,EN,Federal Contract Tower,0,27,21,0,48,0,72,70,0,142,0,99,91,0,190,4,0,4,194
09/24/2010,MVY,MA,ANE,EN,Federal Contract Tower,0,51,46,0,97,0,0,0,0,0,0,51,46,0,97,0,0,0,97
09/25/2010,MVY,MA,ANE,EN,Federal Contract Tower,0,17,23,0,40,0,49,43,0,92,0,66,66,0,132,2,0,2,134
09/26/2010,MVY,MA,ANE,EN,Federal Contract Tower,0,46,33,0,79,0,50,53,0,103,0,96,86,0,182,6,0,6,188
09/27/2010,MVY,MA,ANE,EN,Federal Contract Tower,0,34,9,2,45,0,0,0,0,0,0,34,9,2,45,12,0,12,57
09/28/2010,MVY,MA,ANE,EN,Federal Contract Tower,0,41,6,1,48,0,17,3,1,21,0,58,9,2,69,0,8,8,77
09/29/2010,MVY,MA,ANE,EN,Federal Contract Tower,0,48,20,0,68,0,11,4,2,17,0,59,24,2,85,0,0,0,85
09/30/2010,MVY,MA,ANE,EN,Federal Contract Tower,0,27,7,0,34,0,22,8,0,30,0,49,15,0,64,0,0,0,64
10/01/2010,MVY,MA,ANE,EN,Federal Contract Tower,0,34,11,0,45,0,13,2,0,15,0,47,13,0,60,0,0,0,60
10/02/2010,MVY,MA,ANE,EN,Federal Contract Tower,0,5,18,0,23,0,34,75,0,109,0,39,93,0,132,2,0,2,134
10/03/2010,MVY,MA,ANE,EN,Federal Contract Tower,0,39,36,2,77,0,47,36,0,83,0,86,72,2,160,0,0,0,160
10/04/2010,MVY,MA,ANE,EN,Federal Contract Tower,0,50,9,0,59,0,9,10,0,19,0,59,19,0,78,0,0,0,78
10/05/2010,MVY,MA,ANE,EN,Federal Contract Tower,0,42,7,0,49,0,0,0,0,0,0,42,7,0,49,0,0,0,49
10/06/2010,MVY,MA,ANE,EN,Federal Contract Tower,0,36,3,0,39,0,2,0,0,2,0,38,3,0,41,0,0,0,41
10/07/2010,MVY,MA,ANE,EN,Federal Contract Tower,0,27,13,0,40,0,42,21,2,65,0,69,34,2,105,10,0,10,115
10/08/2010,MVY,MA,ANE,EN,Federal Contract Tower,0,29,9,0,38,0,86,100,0,186,0,115,109,0,224,2,0,2,226
10/09/2010,MVY,MA,ANE,EN,Federal Contract Tower,0,10,6,0,16,0,30,90,0,120,0,40,96,0,136,2,0,2,138
10/10/2010,MVY,MA,ANE,EN,Federal Contract Tower,0,12,16,0,28,0,56,99,0,155,0,68,115,0,183,2,0,2,185
10/11/2010,MVY,MA,ANE,EN,Federal Contract Tower,0,32,5,0,37,0,55,76,0,131,0,87,81,0,168,10,0,10,178
10/12/2010,MVY,MA,ANE,EN,Federal Contract Tower,0,51,11,0,62,0,16,9,0,25,0,67,20,0,87,0,0,0,87
10/13/2010,MVY,MA,ANE,EN,Federal Contract Tower,0,12,5,0,17,0,38,55,0,93,0,50,60,0,110,2,0,2,112
10/14/2010,MVY,MA,ANE,EN,Federal Contract Tower,0,8,5,0,13,0,35,20,0,55,0,43,25,0,68,0,0,0,68
10/15/2010,MVY,MA,ANE,EN,Federal Contract Tower,0,3,3,0,6,0,1,3,0,4,0,4,6,0,10,0,0,0,10
10/16/2010,MVY,MA,ANE,EN,Federal Contract Tower,0,6,1,0,7,0,10,8,0,18,0,16,9,0,25,0,0,0,25
10/17/2010,MVY,MA,ANE,EN,Federal Contract Tower,0,0,6,0,6,0,33,61,0,94,0,33,67,0,100,0,0,0,100
10/18/2010,MVY,MA,ANE,EN,Federal Contract Tower,0,6,5,0,11,0,38,27,0,65,0,44,32,0,76,2,0,2,78
10/19/2010,MVY,MA,ANE,EN,Federal Contract Tower,0,2,5,0,7,0,37,18,0,55,0,39,23,0,62,0,0,0,62
10/20/2010,MVY,MA,ANE,EN,Federal Contract Tower,0,9,14,0,23,0,34,30,0,64,0,43,44,0,87,8,8,16,103
10/21/2010,MVY,MA,ANE,EN,Federal Contract Tower,0,16,12,0,28,0,28,9,0,37,0,44,21,0,65,0,0,0,65
10/22/2010,MVY,MA,ANE,EN,Federal Contract Tower,0,5,6,0,11,0,37,37,0,74,0,42,43,0,85,4,0,4,89
10/23/2010,MVY,MA,ANE,EN,Federal Contract Tower,0,0,5,0,5,0,27,50,0,77,0,27,55,0,82,0,0,0,82
10/24/2010,MVY,MA,ANE,EN,Federal Contract Tower,0,3,13,0,16,0,23,49,0,72,0,26,62,0,88,0,0,0,88
10/25/2010,MVY,MA,ANE,EN,Federal Contract Tower,0,33,20,0,53,0,7,3,0,10,0,40,23,0,63,6,0,6,69
10/26/2010,MVY,MA,ANE,EN,Federal Contract Tower,0,34,10,0,44,0,1,1,0,2,0,35,11,0,46,0,0,0,46
10/27/2010,MVY,MA,ANE,EN,Federal Contract Tower,0,6,4,0,10,0,0,0,0,0,0,6,4,0,10,0,0,0,10
10/28/2010,MVY,MA,ANE,EN,Federal Contract Tower,0,3,1,0,4,0,0,0,0,0,0,3,1,0,4,2,0,2,6
10/29/2010,MVY,MA,ANE,EN,Federal Contract Tower,0,16,9,0,25,0,31,71,2,104,0,47,80,2,129,2,0,2,131
10/30/2010,MVY,MA,ANE,EN,Federal Contract Tower,0,8,14,0,22,0,12,41,0,53,0,20,55,0,75,4,0,4,79
10/31/2010,MVY,MA,ANE,EN,Federal Contract Tower,0,6,6,0,12,0,21,53,0,74,0,27,59,0,86,0,0,0,86
11/01/2010,MVY,MA,ANE,EN,Federal Contract Tower,0,6,3,0,9,0,33,23,0,56,0,39,26,0,65,0,0,0,65
11/02/2010,MVY,MA,ANE,EN,Federal Contract Tower,0,1,1,0,2,0,30,31,0,61,0,31,32,0,63,48,0,48,111
11/03/2010,MVY,MA,ANE,EN,Federal Contract Tower,0,4,2,0,6,0,20,30,3,53,0,24,32,3,59,6,0,6,65
11/04/2010,MVY,MA,ANE,EN,Federal Contract Tower,0,14,3,0,17,0,7,0,0,7,0,21,3,0,24,0,0,0,24
11/05/2010,MVY,MA,ANE,EN,Federal Contract Tower,0,11,1,0,12,0,0,2,0,2,0,11,3,0,14,0,0,0,14
11/06/2010,MVY,MA,ANE,EN,Federal Contract Tower,0,1,6,0,7,0,9,29,0,38,0,10,35,0,45,0,0,0,45
11/07/2010,MVY,MA,ANE,EN,Federal Contract Tower,0,9,5,0,14,0,6,14,0,20,0,15,19,0,34,2,0,2,36
11/08/2010,MVY,MA,ANE,EN,Federal Contract Tower,0,17,1,0,18,0,4,0,0,4,0,21,1,0,22,0,0,0,22
11/09/2010,MVY,MA,ANE,EN,Federal Contract Tower,0,25,2,0,27,0,0,0,0,0,0,25,2,0,27,0,0,0,27
11/10/2010,MVY,MA,ANE,EN,Federal Contract Tower,0,19,13,0,32,0,6,1,0,7,0,25,14,0,39,0,2,2,41
11/11/2010,MVY,MA,ANE,EN,Federal Contract Tower,0,8,2,0,10,0,22,17,0,39,0,30,19,0,49,6,0,6,55
11/12/2010,MVY,MA,ANE,EN,Federal Contract Tower,0,6,7,0,13,0,26,33,0,59,0,32,40,0,72,4,0,4,76
11/13/2010,MVY,MA,ANE,EN,Federal Contract Tower,0,0,5,0,5,0,12,74,0,86,0,12,79,0,91,20,0,20,111
11/14/2010,MVY,MA,ANE,EN,Federal Contract Tower,0,6,16,0,22,0,20,123,0,143,0,26,139,0,165,0,0,0,165
11/15/2010,MVY,MA,ANE,EN,Federal Contract Tower,0,32,12,0,44,0,1,2,0,3,0,33,14,0,47,0,2,2,49
11/16/2010,MVY,MA,ANE,EN,Federal Contract Tower,0,30,11,0,41,0,0,0,0,0,0,30,11,0,41,6,0,6,47
11/17/2010,MVY,MA,ANE,EN,Federal Contract Tower,0,9,0,0,9,0,8,1,0,9,0,17,1,0,18,0,0,0,18
11/18/2010,MVY,MA,ANE,EN,Federal Contract Tower,0,1,2,0,3,0,23,18,0,41,0,24,20,0,44,0,0,0,44
11/19/2010,MVY,MA,ANE,EN,Federal Contract Tower,0,4,2,0,6,0,24,22,0,46,0,28,24,0,52,4,0,4,56
11/20/2010,MVY,MA,ANE,EN,Federal Contract Tower,0,4,2,0,6,0,20,16,0,36,0,24,18,0,42,0,4,4,46
11/21/2010,MVY,MA,ANE,EN,Federal Contract Tower,0,3,3,0,6,0,17,131,0,148,0,20,134,0,154,0,0,0,154
11/22/2010,MVY,MA,ANE,EN,Federal Contract Tower,0,7,4,0,11,0,21,14,2,37,0,28,18,2,48,4,0,4,52
11/23/2010,MVY,MA,ANE,EN,Federal Contract Tower,0,17,7,0,24,0,21,11,0,32,0,38,18,0,56,0,0,0,56
11/24/2010,MVY,MA,ANE,EN,Federal Contract Tower,0,24,15,0,39,0,37,34,0,71,0,61,49,0,110,0,0,0,110
11/25/2010,MVY,MA,ANE,EN,Federal Contract Tower,0,0,0,0,0,0,14,17,0,31,0,14,17,0,31,0,0,0,31
11/26/2010,MVY,MA,ANE,EN,Federal Contract Tower,0,24,13,0,37,0,10,7,0,17,0,34,20,0,54,0,0,0,54
11/27/2010,MVY,MA,ANE,EN,Federal Contract Tower,0,17,8,0,25,0,27,23,0,50,0,44,31,0,75,2,0,2,77
11/28/2010,MVY,MA,ANE,EN,Federal Contract Tower,0,17,17,0,34,0,39,131,0,170,0,56,148,0,204,2,0,2,206
11/29/2010,MVY,MA,ANE,EN,Federal Contract Tower,0,15,8,0,23,0,22,32,1,55,0,37,40,1,78,0,2,2,80
11/30/2010,MVY,MA,ANE,EN,Federal Contract Tower,0,6,8,0,14,0,27,29,0,56,0,33,37,0,70,1,1,2,72
12/01/2010,MVY,MA,ANE,EN,Federal Contract Tower,0,6,0,0,6,0,23,2,0,25,0,29,2,0,31,0,0,0,31
12/02/2010,MVY,MA,ANE,EN,Federal Contract Tower,0,3,3,0,6,0,24,13,0,37,0,27,16,0,43,12,0,12,55
12/03/2010,MVY,MA,ANE,EN,Federal Contract Tower,0,4,1,0,5,0,26,30,0,56,0,30,31,0,61,2,0,2,63
12/04/2010,MVY,MA,ANE,EN,Federal Contract Tower,0,3,4,0,7,0,19,24,0,43,0,22,28,0,50,12,0,12,62
12/05/2010,MVY,MA,ANE,EN,Federal Contract Tower,0,1,2,0,3,0,16,58,0,74,0,17,60,0,77,6,0,6,83
12/06/2010,MVY,MA,ANE,EN,Federal Contract Tower,0,6,0,0,6,0,28,10,0,38,0,34,10,0,44,2,0,2,46
12/07/2010,MVY,MA,ANE,EN,Federal Contract Tower,0,0,1,0,1,0,25,7,0,32,0,25,8,0,33,4,0,4,37
12/08/2010,MVY,MA,ANE,EN,Federal Contract Tower,0,11,6,0,17,0,24,15,0,39,0,35,21,0,56,0,0,0,56
12/09/2010,MVY,MA,ANE,EN,Federal Contract Tower,0,5,0,0,5,0,25,13,1,39,0,30,13,1,44,4,0,4,48
12/10/2010,MVY,MA,ANE,EN,Federal Contract Tower,0,2,9,0,11,0,20,11,0,31,0,22,20,0,42,1,0,1,43
12/11/2010,MVY,MA,ANE,EN,Federal Contract Tower,0,2,2,0,4,0,12,58,0,70,0,14,60,0,74,4,0,4,78
12/12/2010,MVY,MA,ANE,EN,Federal Contract Tower,0,12,3,0,15,0,2,1,0,3,0,14,4,0,18,0,0,0,18
12/13/2010,MVY,MA,ANE,EN,Federal Contract Tower,0,20,12,0,32,0,19,7,0,26,0,39,19,0,58,0,0,0,58
12/14/2010,MVY,MA,ANE,EN,Federal Contract Tower,0,8,1,0,9,0,27,18,2,47,0,35,19,2,56,14,0,14,70
12/15/2010,MVY,MA,ANE,EN,Federal Contract Tower,0,5,5,1,11,0,28,6,0,34,0,33,11,1,45,10,2,12,57
12/16/2010,MVY,MA,ANE,EN,Federal Contract Tower,0,8,2,0,10,0,23,8,0,31,0,31,10,0,41,2,0,2,43
12/17/2010,MVY,MA,ANE,EN,Federal Contract Tower,0,4,8,0,12,0,14,19,0,33,0,18,27,0,45,2,0,2,47
12/18/2010,MVY,MA,ANE,EN,Federal Contract Tower,0,5,3,0,8,0,10,42,0,52,0,15,45,0,60,14,0,14,74
12/19/2010,MVY,MA,ANE,EN,Federal Contract Tower,0,3,5,0,8,0,15,35,0,50,0,18,40,0,58,6,0,6,64
12/20/2010,MVY,MA,ANE,EN,Federal Contract Tower,0,0,0,0,0,0,0,0,0,0,0,0,0,0,0,0,0,0,0
12/21/2010,MVY,MA,ANE,EN,Federal Contract Tower,0,4,0,1,5,0,3,1,0,4,0,7,1,1,9,0,2,2,11
12/22/2010,MVY,MA,ANE,EN,Federal Contract Tower,0,17,2,0,19,0,19,8,0,27,0,36,10,0,46,0,0,0,46
12/23/2010,MVY,MA,ANE,EN,Federal Contract Tower,0,13,1,0,14,0,6,0,0,6,0,19,1,0,20,0,0,0,20
12/24/2010,MVY,MA,ANE,EN,Federal Contract Tower,0,2,0,0,2,0,14,20,0,34,0,16,20,0,36,0,0,0,36
12/25/2010,MVY,MA,ANE,EN,Federal Contract Tower,0,3,1,0,4,0,6,5,0,11,0,9,6,0,15,0,0,0,15
12/26/2010,MVY,MA,ANE,EN,Federal Contract Tower,0,8,5,0,13,0,2,1,0,3,0,10,6,0,16,0,0,0,16
12/27/2010,MVY,MA,ANE,EN,Federal Contract Tower,0,0,0,0,0,0,0,0,0,0,0,0,0,0,0,0,0,0,0
12/28/2010,MVY,MA,ANE,EN,Federal Contract Tower,0,2,0,0,2,0,8,4,0,12,0,10,4,0,14,0,0,0,14
12/29/2010,MVY,MA,ANE,EN,Federal Contract Tower,0,4,11,0,15,0,23,27,3,53,0,27,38,3,68,6,2,8,76
12/30/2010,MVY,MA,ANE,EN,Federal Contract Tower,0,7,4,0,11,0,28,39,0,67,0,35,43,0,78,20,0,20,98
12/31/2010,MVY,MA,ANE,EN,Federal Contract Tower,0,3,0,0,3,0,21,56,0,77,0,24,56,0,80,4,2,6,86
01/01/2011,MVY,MA,ANE,EN,Federal Contract Tower,0,4,1,0,5,0,13,62,0,75,0,17,63,0,80,0,0,0,80
01/02/2011,MVY,MA,ANE,EN,Federal Contract Tower,0,8,9,0,17,0,3,1,0,4,0,11,10,0,21,2,0,2,23
01/03/2011,MVY,MA,ANE,EN,Federal Contract Tower,0,14,2,0,16,0,17,9,0,26,0,31,11,0,42,0,0,0,42
01/04/2011,MVY,MA,ANE,EN,Federal Contract Tower,0,3,2,0,5,0,27,8,0,35,0,30,10,0,40,6,0,6,46
01/05/2011,MVY,MA,ANE,EN,Federal Contract Tower,0,1,1,0,2,0,17,16,0,33,0,18,17,0,35,1,0,1,36
01/06/2011,MVY,MA,ANE,EN,Federal Contract Tower,0,6,1,0,7,0,29,34,2,65,0,35,35,2,72,0,0,0,72
01/07/2011,MVY,MA,ANE,EN,Federal Contract Tower,0,4,2,0,6,0,16,5,0,21,0,20,7,0,27,0,0,0,27
01/08/2011,MVY,MA,ANE,EN,Federal Contract Tower,0,9,0,0,9,0,4,3,0,7,0,13,3,0,16,16,0,16,32
01/09/2011,MVY,MA,ANE,EN,Federal Contract Tower,0,2,0,0,2,0,11,8,0,19,0,13,8,0,21,8,0,8,29
01/10/2011,MVY,MA,ANE,EN,Federal Contract Tower,0,4,4,0,8,0,23,16,0,39,0,27,20,0,47,4,0,4,51
01/11/2011,MVY,MA,ANE,EN,Federal Contract Tower,0,9,5,0,14,0,15,19,0,34,0,24,24,0,48,4,0,4,52
01/12/2011,MVY,MA,ANE,EN,Federal Contract Tower,0,0,0,0,0,0,0,0,0,0,0,0,0,0,0,0,0,0,0
01/13/2011,MVY,MA,ANE,EN,Federal Contract Tower,0,2,3,0,5,0,18,7,0,25,0,20,10,0,30,0,0,0,30
01/14/2011,MVY,MA,ANE,EN,Federal Contract Tower,0,4,3,0,7,0,12,31,0,43,0,16,34,0,50,0,0,0,50
01/15/2011,MVY,MA,ANE,EN,Federal Contract Tower,0,3,9,0,12,0,12,28,0,40,0,15,37,0,52,0,0,0,52
01/16/2011,MVY,MA,ANE,EN,Federal Contract Tower,0,0,1,0,1,0,10,45,0,55,0,10,46,0,56,10,0,10,66
01/17/2011,MVY,MA,ANE,EN,Federal Contract Tower,0,4,4,0,8,0,21,29,0,50,0,25,33,0,58,10,0,10,68
01/18/2011,MVY,MA,ANE,EN,Federal Contract Tower,0,10,0,0,10,0,9,0,0,9,0,19,0,0,19,0,0,0,19
01/19/2011,MVY,MA,ANE,EN,Federal Contract Tower,0,22,4,0,26,0,0,0,0,0,0,22,4,0,26,0,0,0,26
01/20/2011,MVY,MA,ANE,EN,Federal Contract Tower,0,3,5,2,10,0,20,33,5,58,0,23,38,7,68,0,0,0,68
01/21/2011,MVY,MA,ANE,EN,Federal Contract Tower,0,4,1,0,5,0,2,1,0,3,0,6,2,0,8,0,0,0,8
01/22/2011,MVY,MA,ANE,EN,Federal Contract Tower,0,6,4,0,10,0,13,39,0,52,0,19,43,0,62,0,0,0,62
01/23/2011,MVY,MA,ANE,EN,Federal Contract Tower,0,0,3,0,3,0,15,70,0,85,0,15,73,0,88,2,0,2,90
01/24/2011,MVY,MA,ANE,EN,Federal Contract Tower,0,10,2,0,12,0,21,9,0,30,0,31,11,0,42,0,0,0,42
01/25/2011,MVY,MA,ANE,EN,Federal Contract Tower,0,23,2,0,25,0,2,0,0,2,0,25,2,0,27,0,0,0,27
01/26/2011,MVY,MA,ANE,EN,Federal Contract Tower,0,8,1,0,9,0,11,3,1,15,0,19,4,1,24,0,0,0,24
01/27/2011,MVY,MA,ANE,EN,Federal Contract Tower,0,1,1,0,2,0,22,7,0,29,0,23,8,0,31,0,0,0,31
01/28/2011,MVY,MA,ANE,EN,Federal Contract Tower,0,2,5,0,7,0,25,40,0,65,0,27,45,0,72,0,0,0,72
01/29/2011,MVY,MA,ANE,EN,Federal Contract Tower,0,5,3,0,8,0,7,9,0,16,0,12,12,0,24,0,0,0,24
01/30/2011,MVY,MA,ANE,EN,Federal Contract Tower,0,2,7,0,9,0,27,117,4,148,0,29,124,4,157,2,0,2,159
01/31/2011,MVY,MA,ANE,EN,Federal Contract Tower,0,7,2,0,9,0,21,18,0,39,0,28,20,0,48,0,0,0,48
02/01/2011,MVY,MA,ANE,EN,Federal Contract Tower,0,5,0,0,5,0,0,0,0,0,0,5,0,0,5,0,0,0,5
02/02/2011,MVY,MA,ANE,EN,Federal Contract Tower,0,2,0,0,2,0,0,0,0,0,0,2,0,0,2,0,0,0,2
02/03/2011,MVY,MA,ANE,EN,Federal Contract Tower,0,12,2,0,14,0,16,3,0,19,0,28,5,0,33,0,0,0,33
02/04/2011,MVY,MA,ANE,EN,Federal Contract Tower,0,1,2,0,3,0,21,28,0,49,0,22,30,0,52,2,0,2,54
02/05/2011,MVY,MA,ANE,EN,Federal Contract Tower,0,2,0,0,2,0,20,3,0,23,0,22,3,0,25,6,0,6,31
02/06/2011,MVY,MA,ANE,EN,Federal Contract Tower,0,0,0,0,0,0,12,26,0,38,0,12,26,0,38,6,0,6,44
02/07/2011,MVY,MA,ANE,EN,Federal Contract Tower,0,4,2,0,6,0,22,32,0,54,0,26,34,0,60,12,0,12,72
02/08/2011,MVY,MA,ANE,EN,Federal Contract Tower,0,13,1,0,14,0,4,0,2,6,0,17,1,2,20,0,0,0,20
02/09/2011,MVY,MA,ANE,EN,Federal Contract Tower,0,2,0,0,2,0,27,10,0,37,0,29,10,0,39,2,0,2,41
02/10/2011,MVY,MA,ANE,EN,Federal Contract Tower,0,0,2,0,2,0,27,10,0,37,0,27,12,0,39,2,0,2,41
02/11/2011,MVY,MA,ANE,EN,Federal Contract Tower,0,5,5,0,10,0,26,18,3,47,0,31,23,3,57,4,0,4,61
02/12/2011,MVY,MA,ANE,EN,Federal Contract Tower,0,0,4,0,4,0,17,20,0,37,0,17,24,0,41,2,0,2,43
02/13/2011,MVY,MA,ANE,EN,Federal Contract Tower,0,3,4,0,7,0,17,53,0,70,0,20,57,0,77,0,0,0,77
02/14/2011,MVY,MA,ANE,EN,Federal Contract Tower,0,5,0,0,5,0,29,13,0,42,0,34,13,0,47,8,0,8,55
02/15/2011,MVY,MA,ANE,EN,Federal Contract Tower,0,1,2,0,3,0,21,2,0,23,0,22,4,0,26,4,2,6,32
02/16/2011,MVY,MA,ANE,EN,Federal Contract Tower,0,25,21,0,46,0,0,1,0,1,0,25,22,0,47,6,0,6,53
02/17/2011,MVY,MA,ANE,EN,Federal Contract Tower,0,3,1,0,4,0,19,31,6,56,0,22,32,6,60,0,4,4,64
02/18/2011,MVY,MA,ANE,EN,Federal Contract Tower,0,10,7,0,17,0,14,21,1,36,0,24,28,1,53,0,0,0,53
02/19/2011,MVY,MA,ANE,EN,Federal Contract Tower,0,0,5,0,5,0,13,10,0,23,0,13,15,0,28,0,0,0,28
02/20/2011,MVY,MA,ANE,EN,Federal Contract Tower,0,1,0,0,1,0,14,11,0,25,0,15,11,0,26,2,0,2,28
02/21/2011,MVY,MA,ANE,EN,Federal Contract Tower,0,18,0,0,18,0,10,0,0,10,0,28,0,0,28,0,0,0,28
02/22/2011,MVY,MA,ANE,EN,Federal Contract Tower,0,2,1,0,3,0,26,9,1,36,0,28,10,1,39,0,0,0,39
02/23/2011,MVY,MA,ANE,EN,Federal Contract Tower,0,1,1,0,2,0,20,26,0,46,0,21,27,0,48,0,0,0,48
02/24/2011,MVY,MA,ANE,EN,Federal Contract Tower,0,2,2,0,4,0,21,33,0,54,0,23,35,0,58,0,2,2,60
02/25/2011,MVY,MA,ANE,EN,Federal Contract Tower,0,7,2,0,9,0,0,0,0,0,0,7,2,0,9,0,0,0,9
02/26/2011,MVY,MA,ANE,EN,Federal Contract Tower,0,3,3,0,6,0,19,86,0,105,0,22,89,0,111,0,0,0,111
02/27/2011,MVY,MA,ANE,EN,Federal Contract Tower,0,16,0,0,16,0,0,0,0,0,0,16,0,0,16,0,0,0,16
02/28/2011,MVY,MA,ANE,EN,Federal Contract Tower,0,14,2,0,16,0,0,0,0,0,0,14,2,0,16,0,0,0,16
03/01/2011,MVY,MA,ANE,EN,Federal Contract Tower,0,8,3,0,11,0,22,10,0,32,0,30,13,0,43,8,0,8,51
03/02/2011,MVY,MA,ANE,EN,Federal Contract Tower,0,1,2,0,3,0,21,10,0,31,0,22,12,0,34,0,0,0,34
03/03/2011,MVY,MA,ANE,EN,Federal Contract Tower,0,6,7,0,13,0,27,16,1,44,0,33,23,1,57,4,2,6,63
03/04/2011,MVY,MA,ANE,EN,Federal Contract Tower,0,5,2,3,10,0,17,37,0,54,0,22,39,3,64,6,2,8,72
03/05/2011,MVY,MA,ANE,EN,Federal Contract Tower,0,4,3,0,7,0,9,15,0,24,0,13,18,0,31,0,0,0,31
03/06/2011,MVY,MA,ANE,EN,Federal Contract Tower,0,11,9,0,20,0,6,4,0,10,0,17,13,0,30,0,0,0,30
03/07/2011,MVY,MA,ANE,EN,Federal Contract Tower,0,17,3,0,20,0,6,1,0,7,0,23,4,0,27,0,0,0,27
03/08/2011,MVY,MA,ANE,EN,Federal Contract Tower,0,6,2,0,8,0,14,12,0,26,0,20,14,0,34,0,0,0,34
03/09/2011,MVY,MA,ANE,EN,Federal Contract Tower,0,8,1,0,9,0,15,10,0,25,0,23,11,0,34,4,0,4,38
03/10/2011,MVY,MA,ANE,EN,Federal Contract Tower,0,10,2,0,12,0,9,4,0,13,0,19,6,0,25,2,2,4,29
03/11/2011,MVY,MA,ANE,EN,Federal Contract Tower,0,10,3,0,13,0,0,0,0,0,0,10,3,0,13,0,0,0,13
03/12/2011,MVY,MA,ANE,EN,Federal Contract Tower,0,0,7,0,7,0,25,92,0,117,0,25,99,0,124,18,0,18,142
03/13/2011,MVY,MA,ANE,EN,Federal Contract Tower,0,1,9,0,10,0,22,60,0,82,0,23,69,0,92,10,2,12,104
03/14/2011,MVY,MA,ANE,EN,Federal Contract Tower,0,14,5,0,19,0,12,9,0,21,0,26,14,0,40,0,0,0,40
03/15/2011,MVY,MA,ANE,EN,Federal Contract Tower,0,2,0,0,2,0,23,18,2,43,0,25,18,2,45,1,1,2,47
03/16/2011,MVY,MA,ANE,EN,Federal Contract Tower,0,8,0,0,8,0,0,0,0,0,0,8,0,0,8,0,0,0,8
03/17/2011,MVY,MA,ANE,EN,Federal Contract Tower,0,7,1,0,8,0,14,38,6,58,0,21,39,6,66,2,0,2,68
03/18/2011,MVY,MA,ANE,EN,Federal Contract Tower,0,4,0,0,4,0,14,11,0,25,0,18,11,0,29,0,0,0,29
03/19/2011,MVY,MA,ANE,EN,Federal Contract Tower,0,6,3,0,9,0,9,31,0,40,0,15,34,0,49,50,0,50,99
03/20/2011,MVY,MA,ANE,EN,Federal Contract Tower,0,4,5,0,9,0,17,133,1,151,0,21,138,1,160,46,0,46,206
03/21/2011,MVY,MA,ANE,EN,Federal Contract Tower,0,4,2,0,6,0,11,2,0,13,0,15,4,0,19,4,0,4,23
03/22/2011,MVY,MA,ANE,EN,Federal Contract Tower,0,9,1,0,10,0,16,16,0,32,0,25,17,0,42,14,0,14,56
03/23/2011,MVY,MA,ANE,EN,Federal Contract Tower,0,8,4,0,12,0,14,9,0,23,0,22,13,0,35,0,0,0,35
03/24/2011,MVY,MA,ANE,EN,Federal Contract Tower,0,17,2,0,19,0,1,0,0,1,0,18,2,0,20,0,0,0,20
03/25/2011,MVY,MA,ANE,EN,Federal Contract Tower,0,5,5,0,10,0,12,35,1,48,0,17,40,1,58,0,0,0,58
03/26/2011,MVY,MA,ANE,EN,Federal Contract Tower,0,1,6,0,7,0,14,32,4,50,0,15,38,4,57,14,0,14,71
03/27/2011,MVY,MA,ANE,EN,Federal Contract Tower,0,2,5,0,7,0,13,101,0,114,0,15,106,0,121,4,0,4,125
03/28/2011,MVY,MA,ANE,EN,Federal Contract Tower,0,4,0,0,4,0,15,8,0,23,0,19,8,0,27,0,0,0,27
03/29/2011,MVY,MA,ANE,EN,Federal Contract Tower,0,1,5,0,6,0,22,13,0,35,0,23,18,0,41,10,0,10,51
03/30/2011,MVY,MA,ANE,EN,Federal Contract Tower,0,3,3,0,6,0,32,58,0,90,0,35,61,0,96,4,0,4,100
03/31/2011,MVY,MA,ANE,EN,Federal Contract Tower,0,7,0,0,7,0,16,12,0,28,0,23,12,0,35,0,0,0,35
04/01/2011,MVY,MA,ANE,EN,Federal Contract Tower,0,17,3,0,20,0,2,0,0,2,0,19,3,0,22,0,0,0,22
04/02/2011,MVY,MA,ANE,EN,Federal Contract Tower,0,0,1,0,1,0,22,25,0,47,0,22,26,0,48,10,0,10,58
04/03/2011,MVY,MA,ANE,EN,Federal Contract Tower,0,0,2,0,2,0,12,49,0,61,0,12,51,0,63,0,0,0,63
04/04/2011,MVY,MA,ANE,EN,Federal Contract Tower,0,6,3,0,9,0,13,7,0,20,0,19,10,0,29,0,2,2,31
04/05/2011,MVY,MA,ANE,EN,Federal Contract Tower,0,11,3,0,14,0,0,0,0,0,0,11,3,0,14,0,0,0,14
04/06/2011,MVY,MA,ANE,EN,Federal Contract Tower,0,3,4,0,7,0,28,11,0,39,0,31,15,0,46,0,2,2,48
04/07/2011,MVY,MA,ANE,EN,Federal Contract Tower,0,4,6,0,10,0,21,43,0,64,0,25,49,0,74,2,0,2,76
04/08/2011,MVY,MA,ANE,EN,Federal Contract Tower,0,3,7,0,10,0,22,37,0,59,0,25,44,0,69,10,0,10,79
04/09/2011,MVY,MA,ANE,EN,Federal Contract Tower,0,8,6,0,14,0,16,106,0,122,0,24,112,0,136,4,0,4,140
04/10/2011,MVY,MA,ANE,EN,Federal Contract Tower,0,5,14,0,19,0,16,65,1,82,0,21,79,1,101,20,0,20,121
04/11/2011,MVY,MA,ANE,EN,Federal Contract Tower,0,5,10,0,15,0,0,0,0,0,0,5,10,0,15,0,0,0,15
04/12/2011,MVY,MA,ANE,EN,Federal Contract Tower,0,7,4,0,11,0,12,7,0,19,0,19,11,0,30,2,0,2,32
04/13/2011,MVY,MA,ANE,EN,Federal Contract Tower,0,2,0,0,2,0,0,0,0,0,0,2,0,0,2,0,0,0,2
04/14/2011,MVY,MA,ANE,EN,Federal Contract Tower,0,16,3,0,19,0,25,25,0,50,0,41,28,0,69,20,0,20,89
04/15/2011,MVY,MA,ANE,EN,Federal Contract Tower,0,4,4,0,8,0,20,72,0,92,0,24,76,0,100,4,0,4,104
04/16/2011,MVY,MA,ANE,EN,Federal Contract Tower,0,2,4,0,6,0,13,29,0,42,0,15,33,0,48,0,0,0,48
04/17/2011,MVY,MA,ANE,EN,Federal Contract Tower,0,9,2,0,11,0,14,10,1,25,0,23,12,1,36,0,0,0,36
04/18/2011,MVY,MA,ANE,EN,Federal Contract Tower,0,6,12,0,18,0,17,22,0,39,0,23,34,0,57,0,0,0,57
04/19/2011,MVY,MA,ANE,EN,Federal Contract Tower,0,3,9,0,12,0,20,13,0,33,0,23,22,0,45,0,0,0,45
04/20/2011,MVY,MA,ANE,EN,Federal Contract Tower,0,21,6,0,27,0,0,0,0,0,0,21,6,0,27,0,0,0,27
04/21/2011,MVY,MA,ANE,EN,Federal Contract Tower,0,2,8,0,10,0,22,23,0,45,0,24,31,0,55,0,0,0,55
04/22/2011,MVY,MA,ANE,EN,Federal Contract Tower,0,8,11,0,19,0,31,107,0,138,0,39,118,0,157,10,0,10,167
04/23/2011,MVY,MA,ANE,EN,Federal Contract Tower,0,9,5,0,14,0,0,0,0,0,0,9,5,0,14,0,0,0,14
04/24/2011,MVY,MA,ANE,EN,Federal Contract Tower,0,6,11,0,17,0,13,13,0,26,0,19,24,0,43,4,0,4,47
04/25/2011,MVY,MA,ANE,EN,Federal Contract Tower,0,22,8,0,30,0,8,9,0,17,0,30,17,0,47,0,0,0,47
04/26/2011,MVY,MA,ANE,EN,Federal Contract Tower,0,16,9,0,25,0,0,0,0,0,0,16,9,0,25,0,0,0,25
04/27/2011,MVY,MA,ANE,EN,Federal Contract Tower,0,22,0,2,24,0,0,0,0,0,0,22,0,2,24,0,0,0,24
04/28/2011,MVY,MA,ANE,EN,Federal Contract Tower,0,13,2,0,15,0,0,0,0,0,0,13,2,0,15,0,0,0,15
04/29/2011,MVY,MA,ANE,EN,Federal Contract Tower,0,6,7,0,13,0,13,38,1,52,0,19,45,1,65,0,0,0,65
04/30/2011,MVY,MA,ANE,EN,Federal Contract Tower,0,3,9,0,12,0,20,86,0,106,0,23,95,0,118,0,0,0,118
05/01/2011,MVY,MA,ANE,EN,Federal Contract Tower,0,1,18,0,19,0,20,129,0,149,0,21,147,0,168,0,0,0,168
05/02/2011,MVY,MA,ANE,EN,Federal Contract Tower,0,6,3,0,9,0,22,60,0,82,0,28,63,0,91,0,0,0,91
05/03/2011,MVY,MA,ANE,EN,Federal Contract Tower,0,5,3,0,8,0,22,20,0,42,0,27,23,0,50,6,0,6,56
05/04/2011,MVY,MA,ANE,EN,Federal Contract Tower,0,18,17,0,35,0,5,0,0,5,0,23,17,0,40,0,0,0,40
05/05/2011,MVY,MA,ANE,EN,Federal Contract Tower,0,9,10,0,19,0,12,15,0,27,0,21,25,0,46,6,4,10,56
05/06/2011,MVY,MA,ANE,EN,Federal Contract Tower,0,5,10,0,15,0,17,66,0,83,0,22,76,0,98,0,0,0,98
05/07/2011,MVY,MA,ANE,EN,Federal Contract Tower,0,5,18,0,23,0,15,22,1,38,0,20,40,1,61,6,0,6,67
05/08/2011,MVY,MA,ANE,EN,Federal Contract Tower,0,16,18,0,34,0,7,26,0,33,0,23,44,0,67,0,0,0,67
05/09/2011,MVY,MA,ANE,EN,Federal Contract Tower,0,4,6,0,10,0,12,4,0,16,0,16,10,0,26,1,0,1,27
05/10/2011,MVY,MA,ANE,EN,Federal Contract Tower,0,24,10,0,34,0,1,0,0,1,0,25,10,0,35,0,0,0,35
05/11/2011,MVY,MA,ANE,EN,Federal Contract Tower,0,15,3,0,18,0,4,3,0,7,0,19,6,0,25,0,2,2,27
05/12/2011,MVY,MA,ANE,EN,Federal Contract Tower,0,8,11,0,19,0,11,6,8,25,0,19,17,8,44,2,0,2,46
05/13/2011,MVY,MA,ANE,EN,Federal Contract Tower,0,10,11,0,21,0,26,44,0,70,0,36,55,0,91,7,0,7,98
05/14/2011,MVY,MA,ANE,EN,Federal Contract Tower,0,27,29,0,56,0,4,7,0,11,0,31,36,0,67,4,0,4,71
05/15/2011,MVY,MA,ANE,EN,Federal Contract Tower,0,37,10,0,47,0,4,6,0,10,0,41,16,0,57,0,0,0,57
05/16/2011,MVY,MA,ANE,EN,Federal Contract Tower,0,36,11,0,47,0,0,0,0,0,0,36,11,0,47,0,0,0,47
05/17/2011,MVY,MA,ANE,EN,Federal Contract Tower,0,34,4,0,38,0,0,0,0,0,0,34,4,0,38,0,0,0,38
05/18/2011,MVY,MA,ANE,EN,Federal Contract Tower,0,38,3,0,41,0,0,0,0,0,0,38,3,0,41,0,0,0,41
05/19/2011,MVY,MA,ANE,EN,Federal Contract Tower,0,30,14,0,44,0,8,1,0,9,0,38,15,0,53,0,0,0,53
05/20/2011,MVY,MA,ANE,EN,Federal Contract Tower,0,22,24,0,46,0,22,19,2,43,0,44,43,2,89,0,0,0,89
05/21/2011,MVY,MA,ANE,EN,Federal Contract Tower,0,21,20,0,41,0,15,8,0,23,0,36,28,0,64,2,0,2,66
05/22/2011,MVY,MA,ANE,EN,Federal Contract Tower,0,40,38,0,78,0,7,12,0,19,0,47,50,0,97,2,0,2,99
05/23/2011,MVY,MA,ANE,EN,Federal Contract Tower,0,38,22,0,60,0,0,2,0,2,0,38,24,0,62,2,0,2,64
05/24/2011,MVY,MA,ANE,EN,Federal Contract Tower,0,20,10,0,30,0,5,1,0,6,0,25,11,0,36,0,0,0,36
05/25/2011,MVY,MA,ANE,EN,Federal Contract Tower,1,22,20,0,43,0,22,34,0,56,1,44,54,0,99,4,0,4,103
05/26/2011,MVY,MA,ANE,EN,Federal Contract Tower,8,55,49,0,112,0,0,1,0,1,8,55,50,0,113,2,0,2,115
05/27/2011,MVY,MA,ANE,EN,Federal Contract Tower,2,65,56,0,123,0,40,83,0,123,2,105,139,0,246,4,0,4,250
05/28/2011,MVY,MA,ANE,EN,Federal Contract Tower,4,28,22,0,54,0,17,16,0,33,4,45,38,0,87,0,0,0,87
05/29/2011,MVY,MA,ANE,EN,Federal Contract Tower,4,37,40,0,81,0,0,0,0,0,4,37,40,0,81,0,0,0,81
05/30/2011,MVY,MA,ANE,EN,Federal Contract Tower,4,55,63,0,122,0,52,101,0,153,4,107,164,0,275,11,0,11,286
05/31/2011,MVY,MA,ANE,EN,Federal Contract Tower,4,26,18,0,48,0,41,64,0,105,4,67,82,0,153,6,0,6,159
06/01/2011,MVY,MA,ANE,EN,Federal Contract Tower,2,40,6,0,48,0,8,1,0,9,2,48,7,0,57,0,0,0,57
06/02/2011,MVY,MA,ANE,EN,Federal Contract Tower,2,16,4,0,22,0,33,49,0,82,2,49,53,0,104,10,0,10,114
06/03/2011,MVY,MA,ANE,EN,Federal Contract Tower,4,9,21,0,34,0,60,81,0,141,4,69,102,0,175,4,0,4,179
06/04/2011,MVY,MA,ANE,EN,Federal Contract Tower,4,15,13,0,32,0,58,107,0,165,4,73,120,0,197,4,0,4,201
06/05/2011,MVY,MA,ANE,EN,Federal Contract Tower,2,12,16,0,30,0,54,103,0,157,2,66,119,0,187,10,0,10,197
06/06/2011,MVY,MA,ANE,EN,Federal Contract Tower,4,13,8,0,25,0,58,44,0,102,4,71,52,0,127,3,0,3,130
06/07/2011,MVY,MA,ANE,EN,Federal Contract Tower,2,7,6,0,15,0,0,0,0,0,2,7,6,0,15,6,0,6,21
06/08/2011,MVY,MA,ANE,EN,Federal Contract Tower,3,5,10,3,21,0,35,21,0,56,3,40,31,3,77,4,0,4,81
06/09/2011,MVY,MA,ANE,EN,Federal Contract Tower,4,13,12,2,31,0,30,15,0,45,4,43,27,2,76,2,0,2,78
06/10/2011,MVY,MA,ANE,EN,Federal Contract Tower,2,34,41,0,77,0,57,46,0,103,2,91,87,0,180,2,0,2,182
06/11/2011,MVY,MA,ANE,EN,Federal Contract Tower,4,37,43,0,84,0,24,4,0,28,4,61,47,0,112,3,0,3,115
06/12/2011,MVY,MA,ANE,EN,Federal Contract Tower,2,59,40,0,101,0,0,2,0,2,2,59,42,0,103,0,0,0,103
06/13/2011,MVY,MA,ANE,EN,Federal Contract Tower,4,56,40,0,100,0,21,25,0,46,4,77,65,0,146,2,0,2,148
06/14/2011,MVY,MA,ANE,EN,Federal Contract Tower,0,25,24,8,57,0,0,0,0,0,0,25,24,8,57,4,0,4,61
06/15/2011,MVY,MA,ANE,EN,Federal Contract Tower,2,9,20,0,31,0,31,35,0,66,2,40,55,0,97,6,0,6,103
06/16/2011,MVY,MA,ANE,EN,Federal Contract Tower,4,8,23,0,35,0,60,48,2,110,4,68,71,2,145,8,0,8,153
06/17/2011,MVY,MA,ANE,EN,Federal Contract Tower,3,56,33,0,92,0,41,14,0,55,3,97,47,0,147,0,0,0,147
06/18/2011,MVY,MA,ANE,EN,Federal Contract Tower,5,50,50,0,105,0,41,80,0,121,5,91,130,0,226,12,0,12,238
06/19/2011,MVY,MA,ANE,EN,Federal Contract Tower,4,17,25,0,46,0,67,161,0,228,4,84,186,0,274,0,0,0,274
06/20/2011,MVY,MA,ANE,EN,Federal Contract Tower,4,12,22,0,38,0,56,76,0,132,4,68,98,0,170,28,4,32,202
06/21/2011,MVY,MA,ANE,EN,Federal Contract Tower,0,15,14,0,29,0,41,63,0,104,0,56,77,0,133,10,2,12,145
06/22/2011,MVY,MA,ANE,EN,Federal Contract Tower,4,44,21,0,69,0,12,9,1,22,4,56,30,1,91,0,0,0,91
06/23/2011,MVY,MA,ANE,EN,Federal Contract Tower,4,76,31,1,112,0,0,0,0,0,4,76,31,1,112,0,0,0,112
06/24/2011,MVY,MA,ANE,EN,Federal Contract Tower,7,83,72,0,162,0,0,1,0,1,7,83,73,0,163,2,0,2,165
06/25/2011,MVY,MA,ANE,EN,Federal Contract Tower,9,62,35,0,106,0,12,10,0,22,9,74,45,0,128,13,0,13,141
06/26/2011,MVY,MA,ANE,EN,Federal Contract Tower,10,68,82,0,160,0,36,57,0,93,10,104,139,0,253,0,0,0,253
06/27/2011,MVY,MA,ANE,EN,Federal Contract Tower,8,27,21,0,56,0,76,75,0,151,8,103,96,0,207,4,0,4,211
06/28/2011,MVY,MA,ANE,EN,Federal Contract Tower,8,53,17,0,78,0,21,27,0,48,8,74,44,0,126,6,0,6,132
06/29/2011,MVY,MA,ANE,EN,Federal Contract Tower,6,64,38,0,108,0,22,43,0,65,6,86,81,0,173,12,0,12,185
06/30/2011,MVY,MA,ANE,EN,Federal Contract Tower,6,66,52,0,124,0,75,138,0,213,6,141,190,0,337,4,0,4,341
07/01/2011,MVY,MA,ANE,EN,Federal Contract Tower,8,61,73,0,142,0,98,175,0,273,8,159,248,0,415,4,0,4,419
07/02/2011,MVY,MA,ANE,EN,Federal Contract Tower,6,29,26,0,61,0,76,125,0,201,6,105,151,0,262,2,0,2,264
07/03/2011,MVY,MA,ANE,EN,Federal Contract Tower,6,58,41,0,105,0,17,35,0,52,6,75,76,0,157,0,0,0,157
07/04/2011,MVY,MA,ANE,EN,Federal Contract Tower,10,67,45,0,122,0,64,103,0,167,10,131,148,0,289,10,0,10,299
07/05/2011,MVY,MA,ANE,EN,Federal Contract Tower,5,60,49,0,114,0,76,111,0,187,5,136,160,0,301,9,2,11,312
07/06/2011,MVY,MA,ANE,EN,Federal Contract Tower,6,83,65,0,154,0,0,0,0,0,6,83,65,0,154,0,0,0,154
07/07/2011,MVY,MA,ANE,EN,Federal Contract Tower,5,52,33,0,90,0,68,85,0,153,5,120,118,0,243,4,0,4,247
07/08/2011,MVY,MA,ANE,EN,Federal Contract Tower,9,100,71,0,180,0,4,6,0,10,9,104,77,0,190,0,0,0,190
07/09/2011,MVY,MA,ANE,EN,Federal Contract Tower,8,50,58,0,116,0,84,120,0,204,8,134,178,0,320,6,0,6,326
07/10/2011,MVY,MA,ANE,EN,Federal Contract Tower,6,57,38,0,101,0,100,251,0,351,6,157,289,0,452,2,0,2,454
07/11/2011,MVY,MA,ANE,EN,Federal Contract Tower,6,66,62,0,134,0,42,55,2,99,6,108,117,2,233,16,0,16,249
07/12/2011,MVY,MA,ANE,EN,Federal Contract Tower,6,75,18,0,99,0,35,23,6,64,6,110,41,6,163,22,1,23,186
07/13/2011,MVY,MA,ANE,EN,Federal Contract Tower,0,43,18,2,63,0,54,60,1,115,0,97,78,3,178,24,0,24,202
07/14/2011,MVY,MA,ANE,EN,Federal Contract Tower,6,45,37,0,88,0,62,67,2,131,6,107,104,2,219,24,0,24,243
07/15/2011,MVY,MA,ANE,EN,Federal Contract Tower,6,62,42,0,110,0,93,158,0,251,6,155,200,0,361,8,2,10,371
07/16/2011,MVY,MA,ANE,EN,Federal Contract Tower,7,28,14,0,49,0,60,102,0,162,7,88,116,0,211,8,0,8,219
07/17/2011,MVY,MA,ANE,EN,Federal Contract Tower,6,59,58,0,123,0,93,205,0,298,6,152,263,0,421,6,0,6,427
07/18/2011,MVY,MA,ANE,EN,Federal Contract Tower,6,51,31,0,88,0,63,46,2,111,6,114,77,2,199,2,0,2,201
07/19/2011,MVY,MA,ANE,EN,Federal Contract Tower,6,34,30,0,70,0,67,56,0,123,6,101,86,0,193,28,0,28,221
07/20/2011,MVY,MA,ANE,EN,Federal Contract Tower,5,42,32,0,79,0,44,62,0,106,5,86,94,0,185,20,0,20,205
07/21/2011,MVY,MA,ANE,EN,Federal Contract Tower,2,74,70,1,147,0,0,0,0,0,2,74,70,1,147,0,0,0,147
07/22/2011,MVY,MA,ANE,EN,Federal Contract Tower,7,77,54,0,138,0,78,73,2,153,7,155,127,2,291,2,0,2,293
07/23/2011,MVY,MA,ANE,EN,Federal Contract Tower,6,31,41,0,78,0,40,67,0,107,6,71,108,0,185,4,0,4,189
07/24/2011,MVY,MA,ANE,EN,Federal Contract Tower,7,58,53,0,118,0,92,87,5,184,7,150,140,5,302,0,2,2,304
07/25/2011,MVY,MA,ANE,EN,Federal Contract Tower,6,50,49,0,105,0,63,57,0,120,6,113,106,0,225,6,2,8,233
07/26/2011,MVY,MA,ANE,EN,Federal Contract Tower,5,73,41,4,123,0,21,21,0,42,5,94,62,4,165,0,0,0,165
07/27/2011,MVY,MA,ANE,EN,Federal Contract Tower,6,33,30,0,69,0,58,93,2,153,6,91,123,2,222,4,0,4,226
07/28/2011,MVY,MA,ANE,EN,Federal Contract Tower,4,49,33,0,86,0,68,96,0,164,4,117,129,0,250,16,0,16,266
07/29/2011,MVY,MA,ANE,EN,Federal Contract Tower,6,129,112,1,248,0,14,13,0,27,6,143,125,1,275,4,0,4,279
07/30/2011,MVY,MA,ANE,EN,Federal Contract Tower,1,36,28,0,65,0,74,118,0,192,1,110,146,0,257,12,0,12,269
07/31/2011,MVY,MA,ANE,EN,Federal Contract Tower,7,39,40,0,86,0,90,158,0,248,7,129,198,0,334,10,0,10,344
08/01/2011,MVY,MA,ANE,EN,Federal Contract Tower,6,72,68,0,146,0,53,46,0,99,6,125,114,0,245,4,0,4,249
08/02/2011,MVY,MA,ANE,EN,Federal Contract Tower,6,44,19,0,69,0,57,81,6,144,6,101,100,6,213,32,0,32,245
08/03/2011,MVY,MA,ANE,EN,Federal Contract Tower,2,50,33,2,87,0,74,89,0,163,2,124,122,2,250,4,4,8,258
08/04/2011,MVY,MA,ANE,EN,Federal Contract Tower,3,53,62,0,118,0,71,93,0,164,3,124,155,0,282,2,2,4,286
08/05/2011,MVY,MA,ANE,EN,Federal Contract Tower,6,85,69,0,160,0,83,87,0,170,6,168,156,0,330,6,0,6,336
08/06/2011,MVY,MA,ANE,EN,Federal Contract Tower,6,70,40,0,116,0,28,31,0,59,6,98,71,0,175,2,0,2,177
08/07/2011,MVY,MA,ANE,EN,Federal Contract Tower,8,113,100,0,221,0,7,4,0,11,8,120,104,0,232,0,0,0,232
08/08/2011,MVY,MA,ANE,EN,Federal Contract Tower,5,91,59,4,159,0,22,13,0,35,5,113,72,4,194,0,0,0,194
08/09/2011,MVY,MA,ANE,EN,Federal Contract Tower,4,58,42,0,104,0,63,45,0,108,4,121,87,0,212,0,0,0,212
08/10/2011,MVY,MA,ANE,EN,Federal Contract Tower,6,67,33,0,106,0,35,34,0,69,6,102,67,0,175,0,0,0,175
08/11/2011,MVY,MA,ANE,EN,Federal Contract Tower,6,70,44,0,120,0,66,72,0,138,6,136,116,0,258,14,0,14,272
08/12/2011,MVY,MA,ANE,EN,Federal Contract Tower,12,57,51,0,120,0,86,123,2,211,12,143,174,2,331,4,0,4,335
08/13/2011,MVY,MA,ANE,EN,Federal Contract Tower,6,38,37,0,81,0,74,146,0,220,6,112,183,0,301,6,0,6,307
08/14/2011,MVY,MA,ANE,EN,Federal Contract Tower,8,79,90,0,177,0,77,80,0,157,8,156,170,0,334,6,0,6,340
08/15/2011,MVY,MA,ANE,EN,Federal Contract Tower,6,97,53,2,158,0,18,5,0,23,6,115,58,2,181,2,0,2,183
08/16/2011,MVY,MA,ANE,EN,Federal Contract Tower,2,73,46,0,121,0,61,40,10,111,2,134,86,10,232,4,0,4,236
08/17/2011,MVY,MA,ANE,EN,Federal Contract Tower,6,40,38,7,91,0,71,80,6,157,6,111,118,13,248,0,0,0,248
08/18/2011,MVY,MA,ANE,EN,Federal Contract Tower,2,112,63,2,179,0,24,55,10,89,2,136,118,12,268,6,0,6,274
08/19/2011,MVY,MA,ANE,EN,Federal Contract Tower,6,110,43,0,159,0,4,5,6,15,6,114,48,6,174,0,0,0,174
08/20/2011,MVY,MA,ANE,EN,Federal Contract Tower,6,100,46,0,152,0,0,0,0,0,6,100,46,0,152,0,0,0,152
08/21/2011,MVY,MA,ANE,EN,Federal Contract Tower,4,90,72,0,166,0,0,0,0,0,4,90,72,0,166,0,0,0,166
08/22/2011,MVY,MA,ANE,EN,Federal Contract Tower,6,113,63,0,182,0,0,0,0,0,6,113,63,0,182,0,0,0,182
08/23/2011,MVY,MA,ANE,EN,Federal Contract Tower,6,113,63,0,182,0,8,14,0,22,6,121,77,0,204,0,0,0,204
08/24/2011,MVY,MA,ANE,EN,Federal Contract Tower,5,90,43,0,138,0,3,37,0,40,5,93,80,0,178,2,0,2,180
08/25/2011,MVY,MA,ANE,EN,Federal Contract Tower,6,95,43,0,144,0,0,8,0,8,6,95,51,0,152,0,0,0,152
08/26/2011,MVY,MA,ANE,EN,Federal Contract Tower,6,136,71,3,216,0,3,17,7,27,6,139,88,10,243,0,0,0,243
08/27/2011,MVY,MA,ANE,EN,Federal Contract Tower,0,51,28,6,85,0,0,0,0,0,0,51,28,6,85,0,0,0,85
08/28/2011,MVY,MA,ANE,EN,Federal Contract Tower,0,0,0,0,0,0,0,0,0,0,0,0,0,0,0,0,0,0,0
08/29/2011,MVY,MA,ANE,EN,Federal Contract Tower,2,31,32,7,72,0,49,93,3,145,2,80,125,10,217,0,0,0,217
08/30/2011,MVY,MA,ANE,EN,Federal Contract Tower,6,29,18,0,53,0,88,65,2,155,6,117,83,2,208,0,0,0,208
08/31/2011,MVY,MA,ANE,EN,Federal Contract Tower,6,36,17,0,59,0,69,82,0,151,6,105,99,0,210,6,0,6,216
09/01/2011,MVY,MA,ANE,EN,Federal Contract Tower,6,29,20,0,55,0,74,75,0,149,6,103,95,0,204,0,0,0,204
09/02/2011,MVY,MA,ANE,EN,Federal Contract Tower,6,59,39,0,104,0,71,90,0,161,6,130,129,0,265,0,0,0,265
09/03/2011,MVY,MA,ANE,EN,Federal Contract Tower,6,16,12,0,34,0,62,134,0,196,6,78,146,0,230,63,0,63,293
09/04/2011,MVY,MA,ANE,EN,Federal Contract Tower,6,48,40,0,94,0,42,42,0,84,6,90,82,0,178,28,0,28,206
09/05/2011,MVY,MA,ANE,EN,Federal Contract Tower,6,143,119,0,268,0,22,23,0,45,6,165,142,0,313,7,0,7,320
09/06/2011,MVY,MA,ANE,EN,Federal Contract Tower,5,108,42,0,155,0,0,1,0,1,5,108,43,0,156,0,0,0,156
09/07/2011,MVY,MA,ANE,EN,Federal Contract Tower,1,72,15,0,88,0,0,0,0,0,1,72,15,0,88,0,0,0,88
09/08/2011,MVY,MA,ANE,EN,Federal Contract Tower,0,85,16,0,101,0,2,4,0,6,0,87,20,0,107,0,0,0,107
09/09/2011,MVY,MA,ANE,EN,Federal Contract Tower,0,46,37,0,83,0,68,71,0,139,0,114,108,0,222,0,0,0,222
09/10/2011,MVY,MA,ANE,EN,Federal Contract Tower,0,10,21,0,31,0,42,105,0,147,0,52,126,0,178,22,0,22,200
09/11/2011,MVY,MA,ANE,EN,Federal Contract Tower,0,21,31,0,52,0,68,124,0,192,0,89,155,0,244,4,0,4,248
09/12/2011,MVY,MA,ANE,EN,Federal Contract Tower,0,63,29,2,94,0,22,20,0,42,0,85,49,2,136,0,2,2,138
09/13/2011,MVY,MA,ANE,EN,Federal Contract Tower,0,29,14,0,43,0,29,34,0,63,0,58,48,0,106,6,0,6,112
09/14/2011,MVY,MA,ANE,EN,Federal Contract Tower,0,18,12,0,30,0,56,45,0,101,0,74,57,0,131,2,0,2,133
09/15/2011,MVY,MA,ANE,EN,Federal Contract Tower,0,65,27,0,92,0,16,0,0,16,0,81,27,0,108,0,0,0,108
09/16/2011,MVY,MA,ANE,EN,Federal Contract Tower,0,16,28,0,44,0,93,97,1,191,0,109,125,1,235,18,2,20,255
09/17/2011,MVY,MA,ANE,EN,Federal Contract Tower,0,4,11,0,15,0,50,62,0,112,0,54,73,0,127,2,0,2,129
09/18/2011,MVY,MA,ANE,EN,Federal Contract Tower,0,24,36,0,60,0,74,118,0,192,0,98,154,0,252,6,0,6,258
09/19/2011,MVY,MA,ANE,EN,Federal Contract Tower,0,26,10,0,36,0,52,52,0,104,0,78,62,0,140,12,0,12,152
09/20/2011,MVY,MA,ANE,EN,Federal Contract Tower,0,41,14,2,57,0,35,30,0,65,0,76,44,2,122,0,0,0,122
09/21/2011,MVY,MA,ANE,EN,Federal Contract Tower,0,23,21,0,44,0,31,33,0,64,0,54,54,0,108,8,0,8,116
09/22/2011,MVY,MA,ANE,EN,Federal Contract Tower,0,56,15,1,72,0,1,0,1,2,0,57,15,2,74,0,0,0,74
09/23/2011,MVY,MA,ANE,EN,Federal Contract Tower,0,64,29,2,95,0,0,0,0,0,0,64,29,2,95,18,0,18,113
09/24/2011,MVY,MA,ANE,EN,Federal Contract Tower,0,37,23,0,60,0,0,1,0,1,0,37,24,0,61,0,0,0,61
09/25/2011,MVY,MA,ANE,EN,Federal Contract Tower,0,45,12,0,57,0,37,43,0,80,0,82,55,0,137,20,0,20,157
09/26/2011,MVY,MA,ANE,EN,Federal Contract Tower,0,20,21,0,41,0,46,21,0,67,0,66,42,0,108,8,4,12,120
09/27/2011,MVY,MA,ANE,EN,Federal Contract Tower,0,26,9,0,35,0,19,14,0,33,0,45,23,0,68,20,0,20,88
09/28/2011,MVY,MA,ANE,EN,Federal Contract Tower,0,24,7,0,31,0,22,20,0,42,0,46,27,0,73,0,2,2,75
09/29/2011,MVY,MA,ANE,EN,Federal Contract Tower,0,50,11,0,61,0,2,0,0,2,0,52,11,0,63,0,0,0,63
09/30/2011,MVY,MA,ANE,EN,Federal Contract Tower,0,27,14,1,42,0,46,59,1,106,0,73,73,2,148,4,2,6,154
10/01/2011,MVY,MA,ANE,EN,Federal Contract Tower,0,35,17,0,52,0,4,4,0,8,0,39,21,0,60,4,0,4,64
10/02/2011,MVY,MA,ANE,EN,Federal Contract Tower,0,46,23,0,69,0,21,20,0,41,0,67,43,0,110,2,0,2,112
10/03/2011,MVY,MA,ANE,EN,Federal Contract Tower,0,30,11,0,41,0,23,20,0,43,0,53,31,0,84,0,2,2,86
10/04/2011,MVY,MA,ANE,EN,Federal Contract Tower,0,34,10,0,44,0,21,17,0,38,0,55,27,0,82,12,6,18,100
10/05/2011,MVY,MA,ANE,EN,Federal Contract Tower,0,4,4,0,8,0,29,21,0,50,0,33,25,0,58,4,0,4,62
10/06/2011,MVY,MA,ANE,EN,Federal Contract Tower,0,17,3,0,20,0,47,38,0,85,0,64,41,0,105,16,0,16,121
10/07/2011,MVY,MA,ANE,EN,Federal Contract Tower,0,19,22,0,41,0,79,116,0,195,0,98,138,0,236,22,0,22,258
10/08/2011,MVY,MA,ANE,EN,Federal Contract Tower,0,1,7,0,8,0,27,96,0,123,0,28,103,0,131,0,4,4,135
10/09/2011,MVY,MA,ANE,EN,Federal Contract Tower,0,10,17,0,27,0,78,153,0,231,0,88,170,0,258,0,0,0,258
10/10/2011,MVY,MA,ANE,EN,Federal Contract Tower,0,27,17,0,44,0,73,150,0,223,0,100,167,0,267,2,2,4,271
10/11/2011,MVY,MA,ANE,EN,Federal Contract Tower,0,11,6,0,17,0,49,36,0,85,0,60,42,0,102,4,2,6,108
10/12/2011,MVY,MA,ANE,EN,Federal Contract Tower,0,20,3,2,25,0,31,12,0,43,0,51,15,2,68,0,0,0,68
10/13/2011,MVY,MA,ANE,EN,Federal Contract Tower,0,36,12,0,48,0,0,0,0,0,0,36,12,0,48,0,0,0,48
10/14/2011,MVY,MA,ANE,EN,Federal Contract Tower,0,39,22,0,61,0,0,0,0,0,0,39,22,0,61,0,0,0,61
10/15/2011,MVY,MA,ANE,EN,Federal Contract Tower,0,2,9,0,11,0,32,29,0,61,0,34,38,0,72,10,0,10,82
10/16/2011,MVY,MA,ANE,EN,Federal Contract Tower,0,10,4,0,14,0,58,43,0,101,0,68,47,0,115,14,0,14,129
10/17/2011,MVY,MA,ANE,EN,Federal Contract Tower,0,10,10,0,20,0,27,26,0,53,0,37,36,0,73,6,0,6,79
10/18/2011,MVY,MA,ANE,EN,Federal Contract Tower,0,5,7,0,12,0,34,24,0,58,0,39,31,0,70,10,0,10,80
10/19/2011,MVY,MA,ANE,EN,Federal Contract Tower,0,24,9,0,33,0,0,0,0,0,0,24,9,0,33,0,0,0,33
10/20/2011,MVY,MA,ANE,EN,Federal Contract Tower,0,15,10,2,27,0,17,6,0,23,0,32,16,2,50,0,0,0,50
10/21/2011,MVY,MA,ANE,EN,Federal Contract Tower,0,10,11,0,21,0,41,43,3,87,0,51,54,3,108,14,0,14,122
10/22/2011,MVY,MA,ANE,EN,Federal Contract Tower,0,6,8,0,14,0,21,80,0,101,0,27,88,0,115,30,0,30,145
10/23/2011,MVY,MA,ANE,EN,Federal Contract Tower,0,3,15,0,18,0,26,90,0,116,0,29,105,0,134,10,0,10,144
10/24/2011,MVY,MA,ANE,EN,Federal Contract Tower,0,9,9,0,18,0,42,33,0,75,0,51,42,0,93,4,2,6,99
10/25/2011,MVY,MA,ANE,EN,Federal Contract Tower,0,2,8,0,10,0,21,14,0,35,0,23,22,0,45,14,0,14,59
10/26/2011,MVY,MA,ANE,EN,Federal Contract Tower,0,6,5,0,11,0,27,14,0,41,0,33,19,0,52,4,0,4,56
10/27/2011,MVY,MA,ANE,EN,Federal Contract Tower,0,42,4,0,46,0,0,0,0,0,0,42,4,0,46,0,0,0,46
10/28/2011,MVY,MA,ANE,EN,Federal Contract Tower,0,9,5,1,15,0,35,30,0,65,0,44,35,1,80,0,0,0,80
10/29/2011,MVY,MA,ANE,EN,Federal Contract Tower,0,9,0,0,9,0,13,5,0,18,0,22,5,0,27,2,0,2,29
10/30/2011,MVY,MA,ANE,EN,Federal Contract Tower,0,11,2,0,13,0,10,14,0,24,0,21,16,0,37,0,0,0,37
10/31/2011,MVY,MA,ANE,EN,Federal Contract Tower,0,5,3,0,8,0,32,13,0,45,0,37,16,0,53,2,0,2,55
11/01/2011,MVY,MA,ANE,EN,Federal Contract Tower,0,3,4,0,7,0,18,5,0,23,0,21,9,0,30,0,0,0,30
11/02/2011,MVY,MA,ANE,EN,Federal Contract Tower,0,2,1,0,3,0,32,27,0,59,0,34,28,0,62,10,0,10,72
11/03/2011,MVY,MA,ANE,EN,Federal Contract Tower,0,5,3,0,8,0,23,33,0,56,0,28,36,0,64,2,0,2,66
11/04/2011,MVY,MA,ANE,EN,Federal Contract Tower,0,3,3,0,6,0,23,29,0,52,0,26,32,0,58,2,4,6,64
11/05/2011,MVY,MA,ANE,EN,Federal Contract Tower,0,1,8,0,9,0,14,50,0,64,0,15,58,0,73,0,6,6,79
11/06/2011,MVY,MA,ANE,EN,Federal Contract Tower,0,1,6,0,7,0,20,107,0,127,0,21,113,0,134,4,0,4,138
11/07/2011,MVY,MA,ANE,EN,Federal Contract Tower,0,2,5,0,7,0,24,30,0,54,0,26,35,0,61,0,0,0,61
11/08/2011,MVY,MA,ANE,EN,Federal Contract Tower,0,2,3,0,5,0,29,27,0,56,0,31,30,0,61,12,0,12,73
11/09/2011,MVY,MA,ANE,EN,Federal Contract Tower,0,8,1,0,9,0,20,16,0,36,0,28,17,0,45,0,0,0,45
11/10/2011,MVY,MA,ANE,EN,Federal Contract Tower,0,19,6,0,25,0,4,2,0,6,0,23,8,0,31,0,0,0,31
11/11/2011,MVY,MA,ANE,EN,Federal Contract Tower,0,8,7,0,15,0,15,21,0,36,0,23,28,0,51,2,6,8,59
11/12/2011,MVY,MA,ANE,EN,Federal Contract Tower,0,3,2,0,5,0,19,52,2,73,0,22,54,2,78,4,4,8,86
11/13/2011,MVY,MA,ANE,EN,Federal Contract Tower,0,4,8,0,12,0,30,95,0,125,0,34,103,0,137,6,0,6,143
11/14/2011,MVY,MA,ANE,EN,Federal Contract Tower,0,2,5,0,7,0,26,10,0,36,0,28,15,0,43,2,0,2,45
11/15/2011,MVY,MA,ANE,EN,Federal Contract Tower,0,2,5,0,7,0,22,17,0,39,0,24,22,0,46,0,0,0,46
11/16/2011,MVY,MA,ANE,EN,Federal Contract Tower,0,18,1,2,21,0,6,1,0,7,0,24,2,2,28,2,0,2,30
11/17/2011,MVY,MA,ANE,EN,Federal Contract Tower,0,12,4,4,20,0,11,5,0,16,0,23,9,4,36,0,0,0,36
11/18/2011,MVY,MA,ANE,EN,Federal Contract Tower,0,5,3,0,8,0,27,19,0,46,0,32,22,0,54,6,0,6,60
11/19/2011,MVY,MA,ANE,EN,Federal Contract Tower,0,6,5,0,11,0,41,44,0,85,0,47,49,0,96,0,0,0,96
11/20/2011,MVY,MA,ANE,EN,Federal Contract Tower,0,5,6,0,11,0,15,39,0,54,0,20,45,0,65,4,0,4,69
11/21/2011,MVY,MA,ANE,EN,Federal Contract Tower,0,17,1,0,18,0,20,20,4,44,0,37,21,4,62,0,4,4,66
11/22/2011,MVY,MA,ANE,EN,Federal Contract Tower,0,15,14,0,29,0,24,23,1,48,0,39,37,1,77,10,2,12,89
11/23/2011,MVY,MA,ANE,EN,Federal Contract Tower,0,37,24,0,61,0,0,0,0,0,0,37,24,0,61,0,0,0,61
11/24/2011,MVY,MA,ANE,EN,Federal Contract Tower,0,7,14,0,21,0,16,20,0,36,0,23,34,0,57,0,0,0,57
11/25/2011,MVY,MA,ANE,EN,Federal Contract Tower,0,15,15,1,31,0,25,79,0,104,0,40,94,1,135,0,0,0,135
11/26/2011,MVY,MA,ANE,EN,Federal Contract Tower,0,18,9,0,27,0,18,108,0,126,0,36,117,0,153,16,0,16,169
11/27/2011,MVY,MA,ANE,EN,Federal Contract Tower,0,28,34,0,62,0,36,51,0,87,0,64,85,0,149,18,0,18,167
11/28/2011,MVY,MA,ANE,EN,Federal Contract Tower,0,7,11,0,18,0,34,27,0,61,0,41,38,0,79,6,0,6,85
11/29/2011,MVY,MA,ANE,EN,Federal Contract Tower,0,3,4,2,9,0,22,5,0,27,0,25,9,2,36,16,2,18,54
11/30/2011,MVY,MA,ANE,EN,Federal Contract Tower,0,6,8,0,14,0,24,11,2,37,0,30,19,2,51,6,4,10,61
12/01/2011,MVY,MA,ANE,EN,Federal Contract Tower,0,8,6,1,15,0,19,20,0,39,0,27,26,1,54,1,0,1,55
12/02/2011,MVY,MA,ANE,EN,Federal Contract Tower,0,3,7,2,12,0,34,36,0,70,0,37,43,2,82,2,0,2,84
12/03/2011,MVY,MA,ANE,EN,Federal Contract Tower,0,3,1,0,4,0,19,58,0,77,0,22,59,0,81,4,0,4,85
12/04/2011,MVY,MA,ANE,EN,Federal Contract Tower,0,5,7,0,12,0,26,64,0,90,0,31,71,0,102,4,0,4,106
12/05/2011,MVY,MA,ANE,EN,Federal Contract Tower,0,18,17,1,36,0,10,8,0,18,0,28,25,1,54,2,4,6,60
12/06/2011,MVY,MA,ANE,EN,Federal Contract Tower,0,13,1,0,14,0,11,3,0,14,0,24,4,0,28,6,0,6,34
12/07/2011,MVY,MA,ANE,EN,Federal Contract Tower,0,23,6,0,29,0,0,0,0,0,0,23,6,0,29,0,0,0,29
12/08/2011,MVY,MA,ANE,EN,Federal Contract Tower,0,2,0,0,2,0,22,15,0,37,0,24,15,0,39,0,0,0,39
12/09/2011,MVY,MA,ANE,EN,Federal Contract Tower,0,6,7,0,13,0,20,24,2,46,0,26,31,2,59,0,0,0,59
12/10/2011,MVY,MA,ANE,EN,Federal Contract Tower,0,4,6,0,10,0,21,35,2,58,0,25,41,2,68,2,0,2,70
12/11/2011,MVY,MA,ANE,EN,Federal Contract Tower,0,3,11,0,14,0,24,82,0,106,0,27,93,0,120,16,0,16,136
12/12/2011,MVY,MA,ANE,EN,Federal Contract Tower,0,3,4,0,7,0,22,25,0,47,0,25,29,0,54,2,0,2,56
12/13/2011,MVY,MA,ANE,EN,Federal Contract Tower,0,4,1,0,5,0,24,24,0,48,0,28,25,0,53,3,1,4,57
12/14/2011,MVY,MA,ANE,EN,Federal Contract Tower,0,8,5,0,13,0,18,24,0,42,0,26,29,0,55,0,0,0,55
12/15/2011,MVY,MA,ANE,EN,Federal Contract Tower,0,8,5,0,13,0,21,16,0,37,0,29,21,0,50,3,0,3,53
12/16/2011,MVY,MA,ANE,EN,Federal Contract Tower,0,3,3,0,6,0,18,20,0,38,0,21,23,0,44,0,0,0,44
12/17/2011,MVY,MA,ANE,EN,Federal Contract Tower,0,6,5,0,11,0,20,29,0,49,0,26,34,0,60,2,0,2,62
12/18/2011,MVY,MA,ANE,EN,Federal Contract Tower,0,8,2,0,10,0,10,17,0,27,0,18,19,0,37,4,0,4,41
12/19/2011,MVY,MA,ANE,EN,Federal Contract Tower,0,3,3,0,6,0,22,12,0,34,0,25,15,0,40,8,2,10,50
12/20/2011,MVY,MA,ANE,EN,Federal Contract Tower,0,5,2,0,7,0,25,19,0,44,0,30,21,0,51,0,0,0,51
12/21/2011,MVY,MA,ANE,EN,Federal Contract Tower,0,17,2,0,19,0,10,4,0,14,0,27,6,0,33,0,0,0,33
12/22/2011,MVY,MA,ANE,EN,Federal Contract Tower,0,5,12,0,17,0,26,29,0,55,0,31,41,0,72,0,0,0,72
12/23/2011,MVY,MA,ANE,EN,Federal Contract Tower,0,18,6,0,24,0,4,0,0,4,0,22,6,0,28,0,0,0,28
12/24/2011,MVY,MA,ANE,EN,Federal Contract Tower,0,8,5,0,13,0,8,23,0,31,0,16,28,0,44,0,0,0,44
12/25/2011,MVY,MA,ANE,EN,Federal Contract Tower,0,2,2,0,4,0,9,2,0,11,0,11,4,0,15,0,0,0,15
12/26/2011,MVY,MA,ANE,EN,Federal Contract Tower,0,4,3,0,7,0,22,33,0,55,0,26,36,0,62,2,0,2,64
12/27/2011,MVY,MA,ANE,EN,Federal Contract Tower,0,8,0,0,8,0,25,14,0,39,0,33,14,0,47,0,0,0,47
12/28/2011,MVY,MA,ANE,EN,Federal Contract Tower,0,6,3,0,9,0,16,4,0,20,0,22,7,0,29,1,0,1,30
12/29/2011,MVY,MA,ANE,EN,Federal Contract Tower,0,8,4,0,12,0,28,37,0,65,0,36,41,0,77,6,2,8,85
12/30/2011,MVY,MA,ANE,EN,Federal Contract Tower,0,4,0,0,4,0,22,32,0,54,0,26,32,0,58,2,0,2,60
12/31/2011,MVY,MA,ANE,EN,Federal Contract Tower,0,16,2,1,19,0,3,0,0,3,0,19,2,1,22,0,0,0,22
01/01/2012,MVY,MA,ANE,EN,Federal Contract Tower,0,10,2,0,12,0,20,70,0,90,0,30,72,0,102,9,0,9,111
01/02/2012,MVY,MA,ANE,EN,Federal Contract Tower,0,4,3,0,7,0,20,29,0,49,0,24,32,0,56,2,0,2,58
01/03/2012,MVY,MA,ANE,EN,Federal Contract Tower,0,3,1,0,4,0,24,2,0,26,0,27,3,0,30,0,0,0,30
01/04/2012,MVY,MA,ANE,EN,Federal Contract Tower,0,2,0,0,2,0,14,18,0,32,0,16,18,0,34,0,0,0,34
01/05/2012,MVY,MA,ANE,EN,Federal Contract Tower,0,2,3,0,5,0,22,8,0,30,0,24,11,0,35,10,0,10,45
01/06/2012,MVY,MA,ANE,EN,Federal Contract Tower,0,6,2,0,8,0,19,18,1,38,0,25,20,1,46,2,2,4,50
01/07/2012,MVY,MA,ANE,EN,Federal Contract Tower,0,1,3,0,4,0,30,72,0,102,0,31,75,0,106,4,0,4,110
01/08/2012,MVY,MA,ANE,EN,Federal Contract Tower,0,4,5,0,9,0,16,47,0,63,0,20,52,0,72,8,0,8,80
01/09/2012,MVY,MA,ANE,EN,Federal Contract Tower,0,2,6,0,8,0,25,41,0,66,0,27,47,0,74,6,0,6,80
01/10/2012,MVY,MA,ANE,EN,Federal Contract Tower,0,2,5,0,7,0,0,0,0,0,0,2,5,0,7,10,0,10,17
01/11/2012,MVY,MA,ANE,EN,Federal Contract Tower,0,0,3,0,3,0,27,40,0,67,0,27,43,0,70,8,0,8,78
01/12/2012,MVY,MA,ANE,EN,Federal Contract Tower,0,17,3,0,20,0,0,0,0,0,0,17,3,0,20,6,0,6,26
01/13/2012,MVY,MA,ANE,EN,Federal Contract Tower,0,10,0,0,10,0,11,4,0,15,0,21,4,0,25,0,0,0,25
01/14/2012,MVY,MA,ANE,EN,Federal Contract Tower,0,0,2,0,2,0,13,22,0,35,0,13,24,0,37,0,0,0,37
01/15/2012,MVY,MA,ANE,EN,Federal Contract Tower,0,3,4,0,7,0,16,27,0,43,0,19,31,0,50,2,0,2,52
01/16/2012,MVY,MA,ANE,EN,Federal Contract Tower,0,5,5,0,10,0,26,42,0,68,0,31,47,0,78,2,0,2,80
01/17/2012,MVY,MA,ANE,EN,Federal Contract Tower,0,14,5,0,19,0,15,7,0,22,0,29,12,0,41,0,0,0,41
01/18/2012,MVY,MA,ANE,EN,Federal Contract Tower,0,1,0,0,1,0,17,3,0,20,0,18,3,0,21,0,0,0,21
01/19/2012,MVY,MA,ANE,EN,Federal Contract Tower,0,7,2,0,9,0,23,15,0,38,0,30,17,0,47,0,2,2,49
01/20/2012,MVY,MA,ANE,EN,Federal Contract Tower,0,1,5,0,6,0,20,9,4,33,0,21,14,4,39,0,0,0,39
01/21/2012,MVY,MA,ANE,EN,Federal Contract Tower,0,3,0,0,3,0,0,0,0,0,0,3,0,0,3,0,0,0,3
01/22/2012,MVY,MA,ANE,EN,Federal Contract Tower,0,6,9,0,15,0,7,21,0,28,0,13,30,0,43,0,4,4,47
01/23/2012,MVY,MA,ANE,EN,Federal Contract Tower,0,15,4,0,19,0,5,1,0,6,0,20,5,0,25,0,0,0,25
01/24/2012,MVY,MA,ANE,EN,Federal Contract Tower,0,11,8,0,19,0,0,0,0,0,0,11,8,0,19,4,0,4,23
01/25/2012,MVY,MA,ANE,EN,Federal Contract Tower,0,3,9,0,12,0,22,25,0,47,0,25,34,0,59,2,0,2,61
01/26/2012,MVY,MA,ANE,EN,Federal Contract Tower,0,6,0,0,6,0,14,14,0,28,0,20,14,0,34,6,0,6,40
01/27/2012,MVY,MA,ANE,EN,Federal Contract Tower,0,12,0,0,12,0,0,0,0,0,0,12,0,0,12,0,0,0,12
01/28/2012,MVY,MA,ANE,EN,Federal Contract Tower,0,4,10,0,14,0,11,51,0,62,0,15,61,0,76,8,0,8,84
01/29/2012,MVY,MA,ANE,EN,Federal Contract Tower,0,1,1,0,2,0,17,57,0,74,0,18,58,0,76,4,0,4,80
01/30/2012,MVY,MA,ANE,EN,Federal Contract Tower,0,4,2,0,6,0,20,28,0,48,0,24,30,0,54,0,0,0,54
01/31/2012,MVY,MA,ANE,EN,Federal Contract Tower,0,2,2,0,4,0,18,14,0,32,0,20,16,0,36,0,6,6,42
02/01/2012,MVY,MA,ANE,EN,Federal Contract Tower,0,4,2,0,6,0,26,6,0,32,0,30,8,0,38,4,0,4,42
02/02/2012,MVY,MA,ANE,EN,Federal Contract Tower,0,2,3,0,5,0,17,20,0,37,0,19,23,0,42,0,0,0,42
02/03/2012,MVY,MA,ANE,EN,Federal Contract Tower,0,5,8,0,13,0,20,35,0,55,0,25,43,0,68,2,2,4,72
02/04/2012,MVY,MA,ANE,EN,Federal Contract Tower,0,1,4,0,5,0,12,67,0,79,0,13,71,0,84,0,6,6,90
02/05/2012,MVY,MA,ANE,EN,Federal Contract Tower,0,3,5,0,8,0,16,126,0,142,0,19,131,0,150,8,0,8,158
02/06/2012,MVY,MA,ANE,EN,Federal Contract Tower,0,3,1,0,4,0,20,17,0,37,0,23,18,0,41,0,0,0,41
02/07/2012,MVY,MA,ANE,EN,Federal Contract Tower,0,4,0,0,4,0,27,22,0,49,0,31,22,0,53,2,0,2,55
02/08/2012,MVY,MA,ANE,EN,Federal Contract Tower,0,1,0,2,3,0,29,18,2,49,0,30,18,4,52,14,0,14,66
02/09/2012,MVY,MA,ANE,EN,Federal Contract Tower,0,1,1,0,2,0,26,12,0,38,0,27,13,0,40,0,0,0,40
02/10/2012,MVY,MA,ANE,EN,Federal Contract Tower,0,6,6,0,12,0,21,44,0,65,0,27,50,0,77,6,0,6,83
02/11/2012,MVY,MA,ANE,EN,Federal Contract Tower,0,8,2,0,10,0,0,0,0,0,0,8,2,0,10,0,0,0,10
02/12/2012,MVY,MA,ANE,EN,Federal Contract Tower,0,5,3,0,8,0,16,15,0,31,0,21,18,0,39,8,0,8,47
02/13/2012,MVY,MA,ANE,EN,Federal Contract Tower,0,4,0,0,4,0,24,14,2,40,0,28,14,2,44,0,2,2,46
02/14/2012,MVY,MA,ANE,EN,Federal Contract Tower,0,3,3,0,6,0,20,15,2,37,0,23,18,2,43,0,4,4,47
02/15/2012,MVY,MA,ANE,EN,Federal Contract Tower,0,8,2,0,10,0,13,4,0,17,0,21,6,0,27,0,0,0,27
02/16/2012,MVY,MA,ANE,EN,Federal Contract Tower,0,7,6,0,13,0,25,16,0,41,0,32,22,0,54,4,0,4,58
02/17/2012,MVY,MA,ANE,EN,Federal Contract Tower,0,19,6,0,25,0,8,2,0,10,0,27,8,0,35,0,0,0,35
02/18/2012,MVY,MA,ANE,EN,Federal Contract Tower,0,0,4,0,4,0,13,59,0,72,0,13,63,0,76,0,0,0,76
02/19/2012,MVY,MA,ANE,EN,Federal Contract Tower,0,0,4,0,4,0,17,119,0,136,0,17,123,0,140,8,0,8,148
02/20/2012,MVY,MA,ANE,EN,Federal Contract Tower,0,3,7,0,10,0,24,26,0,50,0,27,33,0,60,4,0,4,64
02/21/2012,MVY,MA,ANE,EN,Federal Contract Tower,0,1,1,1,3,0,22,19,2,43,0,23,20,3,46,0,0,0,46
02/22/2012,MVY,MA,ANE,EN,Federal Contract Tower,0,2,2,0,4,0,23,10,0,33,0,25,12,0,37,2,4,6,43
02/23/2012,MVY,MA,ANE,EN,Federal Contract Tower,0,15,4,0,19,0,15,12,0,27,0,30,16,0,46,0,0,0,46
02/24/2012,MVY,MA,ANE,EN,Federal Contract Tower,0,13,2,0,15,0,0,0,0,0,0,13,2,0,15,0,0,0,15
02/25/2012,MVY,MA,ANE,EN,Federal Contract Tower,0,1,2,0,3,0,1,2,0,3,0,2,4,0,6,0,0,0,6
02/26/2012,MVY,MA,ANE,EN,Federal Contract Tower,0,2,0,0,2,0,18,23,0,41,0,20,23,0,43,0,2,2,45
02/27/2012,MVY,MA,ANE,EN,Federal Contract Tower,0,5,2,0,7,0,26,33,2,61,0,31,35,2,68,2,0,2,70
02/28/2012,MVY,MA,ANE,EN,Federal Contract Tower,0,4,0,0,4,0,23,15,2,40,0,27,15,2,44,0,0,0,44
02/29/2012,MVY,MA,ANE,EN,Federal Contract Tower,0,11,7,0,18,0,11,0,0,11,0,22,7,0,29,0,0,0,29
03/01/2012,MVY,MA,ANE,EN,Federal Contract Tower,0,20,0,0,20,0,0,0,0,0,0,20,0,0,20,0,0,0,20
03/02/2012,MVY,MA,ANE,EN,Federal Contract Tower,0,13,4,0,17,0,10,6,0,16,0,23,10,0,33,12,0,12,45
03/03/2012,MVY,MA,ANE,EN,Federal Contract Tower,0,9,2,0,11,0,0,0,0,0,0,9,2,0,11,0,0,0,11
03/04/2012,MVY,MA,ANE,EN,Federal Contract Tower,0,3,5,0,8,0,24,34,0,58,0,27,39,0,66,4,0,4,70
03/05/2012,MVY,MA,ANE,EN,Federal Contract Tower,0,3,2,0,5,0,26,25,2,53,0,29,27,2,58,6,0,6,64
03/06/2012,MVY,MA,ANE,EN,Federal Contract Tower,0,2,0,0,2,0,23,18,0,41,0,25,18,0,43,0,0,0,43
03/07/2012,MVY,MA,ANE,EN,Federal Contract Tower,0,5,0,0,5,0,26,13,0,39,0,31,13,0,44,8,6,14,58
03/08/2012,MVY,MA,ANE,EN,Federal Contract Tower,0,5,5,0,10,0,13,2,0,15,0,18,7,0,25,0,0,0,25
03/09/2012,MVY,MA,ANE,EN,Federal Contract Tower,0,1,1,0,2,0,24,28,4,56,0,25,29,4,58,16,2,18,76
03/10/2012,MVY,MA,ANE,EN,Federal Contract Tower,0,6,4,0,10,0,9,16,0,25,0,15,20,0,35,2,0,2,37
03/11/2012,MVY,MA,ANE,EN,Federal Contract Tower,0,0,0,0,0,0,24,115,0,139,0,24,115,0,139,8,0,8,147
03/12/2012,MVY,MA,ANE,EN,Federal Contract Tower,0,1,2,0,3,0,26,30,0,56,0,27,32,0,59,0,0,0,59
03/13/2012,MVY,MA,ANE,EN,Federal Contract Tower,0,14,10,0,24,0,10,2,0,12,0,24,12,0,36,0,0,0,36
03/14/2012,MVY,MA,ANE,EN,Federal Contract Tower,0,16,3,0,19,0,7,9,0,16,0,23,12,0,35,0,0,0,35
03/15/2012,MVY,MA,ANE,EN,Federal Contract Tower,0,7,1,0,8,0,20,23,0,43,0,27,24,0,51,0,0,0,51
03/16/2012,MVY,MA,ANE,EN,Federal Contract Tower,0,15,8,0,23,0,8,5,0,13,0,23,13,0,36,0,0,0,36
03/17/2012,MVY,MA,ANE,EN,Federal Contract Tower,0,13,6,0,19,0,6,18,0,24,0,19,24,0,43,0,0,0,43
03/18/2012,MVY,MA,ANE,EN,Federal Contract Tower,0,4,4,0,8,0,26,40,4,70,0,30,44,4,78,0,0,0,78
03/19/2012,MVY,MA,ANE,EN,Federal Contract Tower,0,5,4,0,9,0,33,40,0,73,0,38,44,0,82,6,0,6,88
03/20/2012,MVY,MA,ANE,EN,Federal Contract Tower,0,15,4,0,19,0,15,15,0,30,0,30,19,0,49,0,0,0,49
03/21/2012,MVY,MA,ANE,EN,Federal Contract Tower,0,11,1,0,12,0,12,19,0,31,0,23,20,0,43,4,0,4,47
03/22/2012,MVY,MA,ANE,EN,Federal Contract Tower,0,19,7,0,26,0,4,10,0,14,0,23,17,0,40,0,0,0,40
03/23/2012,MVY,MA,ANE,EN,Federal Contract Tower,0,5,4,0,9,0,30,26,0,56,0,35,30,0,65,8,0,8,73
03/24/2012,MVY,MA,ANE,EN,Federal Contract Tower,0,0,1,0,1,0,10,57,0,67,0,10,58,0,68,2,0,2,70
03/25/2012,MVY,MA,ANE,EN,Federal Contract Tower,0,12,7,0,19,0,1,1,0,2,0,13,8,0,21,6,0,6,27
03/26/2012,MVY,MA,ANE,EN,Federal Contract Tower,0,8,5,0,13,0,18,21,0,39,0,26,26,0,52,6,0,6,58
03/27/2012,MVY,MA,ANE,EN,Federal Contract Tower,0,6,2,0,8,0,32,8,0,40,0,38,10,0,48,0,0,0,48
03/28/2012,MVY,MA,ANE,EN,Federal Contract Tower,0,5,1,0,6,0,21,30,0,51,0,26,31,0,57,0,0,0,57
03/29/2012,MVY,MA,ANE,EN,Federal Contract Tower,0,12,2,2,16,0,15,2,10,27,0,27,4,12,43,0,2,2,45
03/30/2012,MVY,MA,ANE,EN,Federal Contract Tower,0,3,6,0,9,0,21,48,0,69,0,24,54,0,78,4,0,4,82
03/31/2012,MVY,MA,ANE,EN,Federal Contract Tower,0,10,4,0,14,0,2,0,0,2,0,12,4,0,16,0,0,0,16
04/01/2012,MVY,MA,ANE,EN,Federal Contract Tower,0,0,13,0,13,0,22,93,0,115,0,22,106,0,128,8,0,8,136
04/02/2012,MVY,MA,ANE,EN,Federal Contract Tower,0,19,7,0,26,0,11,10,0,21,0,30,17,0,47,0,0,0,47
04/03/2012,MVY,MA,ANE,EN,Federal Contract Tower,0,6,2,0,8,0,23,27,0,50,0,29,29,0,58,0,0,0,58
04/04/2012,MVY,MA,ANE,EN,Federal Contract Tower,0,1,0,0,1,0,29,41,0,70,0,30,41,0,71,4,0,4,75
04/05/2012,MVY,MA,ANE,EN,Federal Contract Tower,0,4,9,0,13,0,25,27,0,52,0,29,36,0,65,4,0,4,69
04/06/2012,MVY,MA,ANE,EN,Federal Contract Tower,0,8,7,0,15,0,24,49,1,74,0,32,56,1,89,12,2,14,103
04/07/2012,MVY,MA,ANE,EN,Federal Contract Tower,0,1,1,0,2,0,14,68,0,82,0,15,69,0,84,0,0,0,84
04/08/2012,MVY,MA,ANE,EN,Federal Contract Tower,0,9,1,0,10,0,34,76,0,110,0,43,77,0,120,2,2,4,124
04/09/2012,MVY,MA,ANE,EN,Federal Contract Tower,0,11,6,0,17,0,30,19,0,49,0,41,25,0,66,0,0,0,66
04/10/2012,MVY,MA,ANE,EN,Federal Contract Tower,0,2,0,0,2,0,26,21,0,47,0,28,21,0,49,0,0,0,49
04/11/2012,MVY,MA,ANE,EN,Federal Contract Tower,0,3,5,0,8,0,23,15,2,40,0,26,20,2,48,0,0,0,48
04/12/2012,MVY,MA,ANE,EN,Federal Contract Tower,0,7,2,2,11,0,26,17,0,43,0,33,19,2,54,0,4,4,58
04/13/2012,MVY,MA,ANE,EN,Federal Contract Tower,0,3,5,1,9,0,25,55,0,80,0,28,60,1,89,2,0,2,91
04/14/2012,MVY,MA,ANE,EN,Federal Contract Tower,0,0,5,0,5,0,12,51,2,65,0,12,56,2,70,2,0,2,72
04/15/2012,MVY,MA,ANE,EN,Federal Contract Tower,0,6,2,0,8,0,23,95,0,118,0,29,97,0,126,17,0,17,143
04/16/2012,MVY,MA,ANE,EN,Federal Contract Tower,0,4,9,0,13,0,29,38,0,67,0,33,47,0,80,4,0,4,84
04/17/2012,MVY,MA,ANE,EN,Federal Contract Tower,0,2,3,0,5,0,28,25,0,53,0,30,28,0,58,0,0,0,58
04/18/2012,MVY,MA,ANE,EN,Federal Contract Tower,0,5,5,0,10,0,29,41,0,70,0,34,46,0,80,10,0,10,90
04/19/2012,MVY,MA,ANE,EN,Federal Contract Tower,0,5,4,2,11,0,23,50,0,73,0,28,54,2,84,0,4,4,88
04/20/2012,MVY,MA,ANE,EN,Federal Contract Tower,0,4,6,1,11,0,29,49,4,82,0,33,55,5,93,4,0,4,97
04/21/2012,MVY,MA,ANE,EN,Federal Contract Tower,0,12,11,0,23,0,4,14,0,18,0,16,25,0,41,6,0,6,47
04/22/2012,MVY,MA,ANE,EN,Federal Contract Tower,0,24,7,0,31,0,0,0,0,0,0,24,7,0,31,0,0,0,31
04/23/2012,MVY,MA,ANE,EN,Federal Contract Tower,0,24,7,0,31,0,0,0,0,0,0,24,7,0,31,0,0,0,31
04/24/2012,MVY,MA,ANE,EN,Federal Contract Tower,0,10,3,0,13,0,24,9,0,33,0,34,12,0,46,4,4,8,54
04/25/2012,MVY,MA,ANE,EN,Federal Contract Tower,0,5,2,0,7,0,26,31,2,59,0,31,33,2,66,0,0,0,66
04/26/2012,MVY,MA,ANE,EN,Federal Contract Tower,0,4,3,0,7,0,20,24,2,46,0,24,27,2,53,8,0,8,61
04/27/2012,MVY,MA,ANE,EN,Federal Contract Tower,0,9,6,1,16,0,21,34,1,56,0,30,40,2,72,5,0,5,77
04/28/2012,MVY,MA,ANE,EN,Federal Contract Tower,0,1,7,0,8,0,20,53,0,73,0,21,60,0,81,0,0,0,81
04/29/2012,MVY,MA,ANE,EN,Federal Contract Tower,0,8,4,0,12,0,28,60,0,88,0,36,64,0,100,14,0,14,114
04/30/2012,MVY,MA,ANE,EN,Federal Contract Tower,0,7,6,0,13,0,24,38,1,63,0,31,44,1,76,0,0,0,76
05/01/2012,MVY,MA,ANE,EN,Federal Contract Tower,0,19,6,0,25,0,9,1,0,10,0,28,7,0,35,0,0,0,35
05/02/2012,MVY,MA,ANE,EN,Federal Contract Tower,0,19,7,4,30,0,4,5,0,9,0,23,12,4,39,0,0,0,39
05/03/2012,MVY,MA,ANE,EN,Federal Contract Tower,0,21,8,0,29,0,5,0,0,5,0,26,8,0,34,0,0,0,34
05/04/2012,MVY,MA,ANE,EN,Federal Contract Tower,0,31,7,2,40,0,0,0,0,0,0,31,7,2,40,0,0,0,40
05/05/2012,MVY,MA,ANE,EN,Federal Contract Tower,0,20,11,0,31,0,0,0,0,0,0,20,11,0,31,0,0,0,31
05/06/2012,MVY,MA,ANE,EN,Federal Contract Tower,0,18,13,0,31,0,16,32,0,48,0,34,45,0,79,4,0,4,83
05/07/2012,MVY,MA,ANE,EN,Federal Contract Tower,0,7,5,0,12,0,27,53,0,80,0,34,58,0,92,4,0,4,96
05/08/2012,MVY,MA,ANE,EN,Federal Contract Tower,0,7,5,0,12,0,14,8,0,22,0,21,13,0,34,0,0,0,34
05/09/2012,MVY,MA,ANE,EN,Federal Contract Tower,0,25,0,0,25,0,0,0,0,0,0,25,0,0,25,0,0,0,25
05/10/2012,MVY,MA,ANE,EN,Federal Contract Tower,0,17,5,0,22,0,9,5,0,14,0,26,10,0,36,4,0,4,40
05/11/2012,MVY,MA,ANE,EN,Federal Contract Tower,0,3,2,0,5,0,31,36,0,67,0,34,38,0,72,8,0,8,80
05/12/2012,MVY,MA,ANE,EN,Federal Contract Tower,0,1,6,0,7,0,23,83,0,106,0,24,89,0,113,8,0,8,121
05/13/2012,MVY,MA,ANE,EN,Federal Contract Tower,0,4,5,0,9,0,24,93,0,117,0,28,98,0,126,0,0,0,126
05/14/2012,MVY,MA,ANE,EN,Federal Contract Tower,0,14,7,0,21,0,30,27,0,57,0,44,34,0,78,14,0,14,92
05/15/2012,MVY,MA,ANE,EN,Federal Contract Tower,0,9,5,1,15,0,46,16,4,66,0,55,21,5,81,0,0,0,81
05/16/2012,MVY,MA,ANE,EN,Federal Contract Tower,0,37,13,0,50,0,0,0,0,0,0,37,13,0,50,0,0,0,50
05/17/2012,MVY,MA,ANE,EN,Federal Contract Tower,2,17,6,0,25,0,50,56,0,106,2,67,62,0,131,2,0,2,133
05/18/2012,MVY,MA,ANE,EN,Federal Contract Tower,2,10,10,3,25,0,59,58,2,119,2,69,68,5,144,4,16,20,164
05/19/2012,MVY,MA,ANE,EN,Federal Contract Tower,2,2,6,0,10,0,33,70,0,103,2,35,76,0,113,2,0,2,115
05/20/2012,MVY,MA,ANE,EN,Federal Contract Tower,2,10,13,0,25,0,32,91,0,123,2,42,104,0,148,6,0,6,154
05/21/2012,MVY,MA,ANE,EN,Federal Contract Tower,2,39,10,0,51,0,0,0,0,0,2,39,10,0,51,0,0,0,51
05/22/2012,MVY,MA,ANE,EN,Federal Contract Tower,2,37,17,0,56,0,0,0,0,0,2,37,17,0,56,0,0,0,56
05/23/2012,MVY,MA,ANE,EN,Federal Contract Tower,2,39,23,0,64,0,17,5,0,22,2,56,28,0,86,0,0,0,86
05/24/2012,MVY,MA,ANE,EN,Federal Contract Tower,4,64,29,0,97,0,20,25,0,45,4,84,54,0,142,0,0,0,142
05/25/2012,MVY,MA,ANE,EN,Federal Contract Tower,4,97,91,0,192,0,0,0,0,0,4,97,91,0,192,0,0,0,192
05/26/2012,MVY,MA,ANE,EN,Federal Contract Tower,4,37,51,0,92,0,41,53,0,94,4,78,104,0,186,0,0,0,186
05/27/2012,MVY,MA,ANE,EN,Federal Contract Tower,4,17,17,0,38,0,33,70,0,103,4,50,87,0,141,4,0,4,145
05/28/2012,MVY,MA,ANE,EN,Federal Contract Tower,4,102,74,0,180,0,38,43,0,81,4,140,117,0,261,0,0,0,261
05/29/2012,MVY,MA,ANE,EN,Federal Contract Tower,3,63,15,0,81,0,10,15,0,25,3,73,30,0,106,0,0,0,106
05/30/2012,MVY,MA,ANE,EN,Federal Contract Tower,2,14,11,0,27,0,33,23,0,56,2,47,34,0,83,10,0,10,93
05/31/2012,MVY,MA,ANE,EN,Federal Contract Tower,4,14,7,0,25,1,22,42,0,65,5,36,49,0,90,0,0,0,90
06/01/2012,MVY,MA,ANE,EN,Federal Contract Tower,4,21,7,0,32,0,88,83,0,171,4,109,90,0,203,0,0,0,203
06/02/2012,MVY,MA,ANE,EN,Federal Contract Tower,2,40,3,0,45,0,0,0,0,0,2,40,3,0,45,0,0,0,45
06/03/2012,MVY,MA,ANE,EN,Federal Contract Tower,4,35,27,0,66,0,25,40,0,65,4,60,67,0,131,4,0,4,135
06/04/2012,MVY,MA,ANE,EN,Federal Contract Tower,4,52,21,0,77,0,0,1,0,1,4,52,22,0,78,0,0,0,78
06/05/2012,MVY,MA,ANE,EN,Federal Contract Tower,2,43,21,0,66,0,7,5,0,12,2,50,26,0,78,0,0,0,78
06/06/2012,MVY,MA,ANE,EN,Federal Contract Tower,2,12,8,2,24,0,30,20,0,50,2,42,28,2,74,1,12,13,87
06/07/2012,MVY,MA,ANE,EN,Federal Contract Tower,4,26,13,3,46,0,32,27,2,61,4,58,40,5,107,0,0,0,107
06/08/2012,MVY,MA,ANE,EN,Federal Contract Tower,4,44,37,0,85,0,39,68,0,107,4,83,105,0,192,8,0,8,200
06/09/2012,MVY,MA,ANE,EN,Federal Contract Tower,4,13,11,0,28,0,62,124,0,186,4,75,135,0,214,0,0,0,214
06/10/2012,MVY,MA,ANE,EN,Federal Contract Tower,4,12,16,0,32,0,52,129,0,181,4,64,145,0,213,0,0,0,213
06/11/2012,MVY,MA,ANE,EN,Federal Contract Tower,4,10,8,1,23,0,56,73,0,129,4,66,81,1,152,2,2,4,156
06/12/2012,MVY,MA,ANE,EN,Federal Contract Tower,2,37,23,3,65,0,18,13,0,31,2,55,36,3,96,4,0,4,100
06/13/2012,MVY,MA,ANE,EN,Federal Contract Tower,2,46,15,0,63,0,9,0,0,9,2,55,15,0,72,0,0,0,72
06/14/2012,MVY,MA,ANE,EN,Federal Contract Tower,4,46,34,0,84,0,31,16,0,47,4,77,50,0,131,0,0,0,131
06/15/2012,MVY,MA,ANE,EN,Federal Contract Tower,4,24,22,0,50,0,86,108,0,194,4,110,130,0,244,0,0,0,244
06/16/2012,MVY,MA,ANE,EN,Federal Contract Tower,4,59,41,0,104,0,68,125,0,193,4,127,166,0,297,0,0,0,297
06/17/2012,MVY,MA,ANE,EN,Federal Contract Tower,4,43,24,0,71,0,55,91,0,146,4,98,115,0,217,0,0,0,217
06/18/2012,MVY,MA,ANE,EN,Federal Contract Tower,4,56,23,0,83,0,33,32,0,65,4,89,55,0,148,0,0,0,148
06/19/2012,MVY,MA,ANE,EN,Federal Contract Tower,2,55,19,0,76,0,19,9,0,28,2,74,28,0,104,0,0,0,104
06/20/2012,MVY,MA,ANE,EN,Federal Contract Tower,2,19,21,0,42,0,63,53,7,123,2,82,74,7,165,2,18,20,185
06/21/2012,MVY,MA,ANE,EN,Federal Contract Tower,6,19,20,2,47,0,58,59,2,119,6,77,79,4,166,0,0,0,166
06/22/2012,MVY,MA,ANE,EN,Federal Contract Tower,2,34,20,0,56,0,68,84,0,152,2,102,104,0,208,0,0,0,208
06/23/2012,MVY,MA,ANE,EN,Federal Contract Tower,7,23,15,0,45,0,53,79,0,132,7,76,94,0,177,6,0,6,183
06/24/2012,MVY,MA,ANE,EN,Federal Contract Tower,10,32,30,0,72,0,76,150,0,226,10,108,180,0,298,0,0,0,298
06/25/2012,MVY,MA,ANE,EN,Federal Contract Tower,6,50,21,0,77,0,30,2,0,32,6,80,23,0,109,0,0,0,109
06/26/2012,MVY,MA,ANE,EN,Federal Contract Tower,5,50,18,0,73,0,33,17,8,58,5,83,35,8,131,0,8,8,139
06/27/2012,MVY,MA,ANE,EN,Federal Contract Tower,0,7,16,15,38,0,57,55,2,114,0,64,71,17,152,4,6,10,162
06/28/2012,MVY,MA,ANE,EN,Federal Contract Tower,6,30,7,3,46,0,63,67,2,132,6,93,74,5,178,6,4,10,188
06/29/2012,MVY,MA,ANE,EN,Federal Contract Tower,8,52,42,0,102,0,92,129,0,221,8,144,171,0,323,0,0,0,323
06/30/2012,MVY,MA,ANE,EN,Federal Contract Tower,8,31,40,0,79,0,95,198,0,293,8,126,238,0,372,12,0,12,384
07/01/2012,MVY,MA,ANE,EN,Federal Contract Tower,8,31,24,0,63,0,88,148,0,236,8,119,172,0,299,10,0,10,309
07/02/2012,MVY,MA,ANE,EN,Federal Contract Tower,5,40,15,0,60,0,81,109,0,190,5,121,124,0,250,4,0,4,254
07/03/2012,MVY,MA,ANE,EN,Federal Contract Tower,8,32,27,2,69,0,87,128,4,219,8,119,155,6,288,2,4,6,294
07/04/2012,MVY,MA,ANE,EN,Federal Contract Tower,6,37,9,0,52,0,0,0,0,0,6,37,9,0,52,0,0,0,52
07/05/2012,MVY,MA,ANE,EN,Federal Contract Tower,6,44,24,0,74,0,94,82,0,176,6,138,106,0,250,8,0,8,258
07/06/2012,MVY,MA,ANE,EN,Federal Contract Tower,8,34,36,0,78,0,113,157,0,270,8,147,193,0,348,0,0,0,348
07/07/2012,MVY,MA,ANE,EN,Federal Contract Tower,6,31,33,0,70,0,90,132,0,222,6,121,165,0,292,2,0,2,294
07/08/2012,MVY,MA,ANE,EN,Federal Contract Tower,6,64,45,3,118,0,104,193,0,297,6,168,238,3,415,8,0,8,423
07/09/2012,MVY,MA,ANE,EN,Federal Contract Tower,7,30,6,0,43,0,113,110,0,223,7,143,116,0,266,4,0,4,270
07/10/2012,MVY,MA,ANE,EN,Federal Contract Tower,6,21,21,0,48,0,72,129,0,201,6,93,150,0,249,2,0,2,251
07/11/2012,MVY,MA,ANE,EN,Federal Contract Tower,6,9,22,0,37,0,62,88,0,150,6,71,110,0,187,0,0,0,187
07/12/2012,MVY,MA,ANE,EN,Federal Contract Tower,6,27,29,2,64,0,69,75,1,145,6,96,104,3,209,6,10,16,225
07/13/2012,MVY,MA,ANE,EN,Federal Contract Tower,8,58,34,0,100,0,106,176,0,282,8,164,210,0,382,14,2,16,398
07/14/2012,MVY,MA,ANE,EN,Federal Contract Tower,8,31,24,0,63,0,89,147,0,236,8,120,171,0,299,0,0,0,299
07/15/2012,MVY,MA,ANE,EN,Federal Contract Tower,8,87,53,0,148,0,0,0,0,0,8,87,53,0,148,0,4,4,152
07/16/2012,MVY,MA,ANE,EN,Federal Contract Tower,6,58,28,0,92,0,73,64,0,137,6,131,92,0,229,12,0,12,241
07/17/2012,MVY,MA,ANE,EN,Federal Contract Tower,5,22,19,0,46,0,73,64,0,137,5,95,83,0,183,0,0,0,183
07/18/2012,MVY,MA,ANE,EN,Federal Contract Tower,6,34,9,0,49,0,52,40,0,92,6,86,49,0,141,2,0,2,143
07/19/2012,MVY,MA,ANE,EN,Federal Contract Tower,6,36,32,0,74,0,79,55,0,134,6,115,87,0,208,0,0,0,208
07/20/2012,MVY,MA,ANE,EN,Federal Contract Tower,8,59,62,1,130,0,91,89,0,180,8,150,151,1,310,0,0,0,310
07/21/2012,MVY,MA,ANE,EN,Federal Contract Tower,8,11,20,0,39,0,75,147,0,222,8,86,167,0,261,0,0,0,261
07/22/2012,MVY,MA,ANE,EN,Federal Contract Tower,8,42,42,0,92,0,101,259,2,362,8,143,301,2,454,0,0,0,454
07/23/2012,MVY,MA,ANE,EN,Federal Contract Tower,6,74,45,0,125,0,62,54,0,116,6,136,99,0,241,0,0,0,241
07/24/2012,MVY,MA,ANE,EN,Federal Contract Tower,6,47,26,0,79,0,40,22,0,62,6,87,48,0,141,0,0,0,141
07/25/2012,MVY,MA,ANE,EN,Federal Contract Tower,6,36,35,2,79,0,74,100,0,174,6,110,135,2,253,8,10,18,271
07/26/2012,MVY,MA,ANE,EN,Federal Contract Tower,6,104,52,0,162,0,35,38,0,73,6,139,90,0,235,0,0,0,235
07/27/2012,MVY,MA,ANE,EN,Federal Contract Tower,8,100,51,0,159,0,68,62,0,130,8,168,113,0,289,10,2,12,301
07/28/2012,MVY,MA,ANE,EN,Federal Contract Tower,8,73,39,4,124,0,0,1,0,1,8,73,40,4,125,0,0,0,125
07/29/2012,MVY,MA,ANE,EN,Federal Contract Tower,8,139,74,0,221,0,6,36,0,42,8,145,110,0,263,0,0,0,263
07/30/2012,MVY,MA,ANE,EN,Federal Contract Tower,4,46,29,3,82,0,85,96,0,181,4,131,125,3,263,22,0,22,285
07/31/2012,MVY,MA,ANE,EN,Federal Contract Tower,6,77,45,0,128,0,16,15,0,31,6,93,60,0,159,0,0,0,159
08/01/2012,MVY,MA,ANE,EN,Federal Contract Tower,6,74,29,1,110,0,35,37,2,74,6,109,66,3,184,18,8,26,210
08/02/2012,MVY,MA,ANE,EN,Federal Contract Tower,4,44,37,0,85,0,77,66,4,147,4,121,103,4,232,6,0,6,238
08/03/2012,MVY,MA,ANE,EN,Federal Contract Tower,6,121,86,0,213,0,29,43,0,72,6,150,129,0,285,0,0,0,285
08/04/2012,MVY,MA,ANE,EN,Federal Contract Tower,6,62,57,0,125,0,40,51,4,95,6,102,108,4,220,6,0,6,226
08/05/2012,MVY,MA,ANE,EN,Federal Contract Tower,8,126,109,2,245,0,2,1,0,3,8,128,110,2,248,0,0,0,248
08/06/2012,MVY,MA,ANE,EN,Federal Contract Tower,4,73,50,0,127,0,47,43,0,90,4,120,93,0,217,0,0,0,217
08/07/2012,MVY,MA,ANE,EN,Federal Contract Tower,6,29,12,0,47,0,82,99,0,181,6,111,111,0,228,0,0,0,228
08/08/2012,MVY,MA,ANE,EN,Federal Contract Tower,6,22,19,3,50,0,75,77,2,154,6,97,96,5,204,10,0,10,214
08/09/2012,MVY,MA,ANE,EN,Federal Contract Tower,5,105,51,0,161,0,28,47,0,75,5,133,98,0,236,2,0,2,238
08/10/2012,MVY,MA,ANE,EN,Federal Contract Tower,6,109,62,0,177,0,1,2,0,3,6,110,64,0,180,0,0,0,180
08/11/2012,MVY,MA,ANE,EN,Federal Contract Tower,8,92,36,0,136,0,29,24,0,53,8,121,60,0,189,0,0,0,189
08/12/2012,MVY,MA,ANE,EN,Federal Contract Tower,8,98,65,0,171,0,38,37,0,75,8,136,102,0,246,0,0,0,246
08/13/2012,MVY,MA,ANE,EN,Federal Contract Tower,6,37,31,0,74,0,89,98,1,188,6,126,129,1,262,0,0,0,262
08/14/2012,MVY,MA,ANE,EN,Federal Contract Tower,6,22,29,0,57,0,67,67,8,142,6,89,96,8,199,12,0,12,211
08/15/2012,MVY,MA,ANE,EN,Federal Contract Tower,4,50,30,1,85,0,46,30,0,76,4,96,60,1,161,0,0,0,161
08/16/2012,MVY,MA,ANE,EN,Federal Contract Tower,6,54,22,0,82,0,81,114,5,200,6,135,136,5,282,0,0,0,282
08/17/2012,MVY,MA,ANE,EN,Federal Contract Tower,8,36,38,0,82,0,102,204,0,306,8,138,242,0,388,0,4,4,392
08/18/2012,MVY,MA,ANE,EN,Federal Contract Tower,8,93,49,9,159,0,51,76,0,127,8,144,125,9,286,0,0,0,286
08/19/2012,MVY,MA,ANE,EN,Federal Contract Tower,8,64,64,0,136,0,73,145,0,218,8,137,209,0,354,2,0,2,356
08/20/2012,MVY,MA,ANE,EN,Federal Contract Tower,6,35,20,1,62,0,84,86,0,170,6,119,106,1,232,0,0,0,232
08/21/2012,MVY,MA,ANE,EN,Federal Contract Tower,6,30,15,0,51,0,80,87,0,167,6,110,102,0,218,24,0,24,242
08/22/2012,MVY,MA,ANE,EN,Federal Contract Tower,6,27,21,0,54,0,84,73,0,157,6,111,94,0,211,0,0,0,211
08/23/2012,MVY,MA,ANE,EN,Federal Contract Tower,6,35,20,0,61,0,87,85,2,174,6,122,105,2,235,8,2,10,245
08/24/2012,MVY,MA,ANE,EN,Federal Contract Tower,9,47,23,0,79,0,89,142,0,231,9,136,165,0,310,0,0,0,310
08/25/2012,MVY,MA,ANE,EN,Federal Contract Tower,8,33,28,0,69,0,69,109,3,181,8,102,137,3,250,22,0,22,272
08/26/2012,MVY,MA,ANE,EN,Federal Contract Tower,8,42,34,0,84,0,83,128,0,211,8,125,162,0,295,10,0,10,305
08/27/2012,MVY,MA,ANE,EN,Federal Contract Tower,6,52,48,0,106,0,76,70,0,146,6,128,118,0,252,0,0,0,252
08/28/2012,MVY,MA,ANE,EN,Federal Contract Tower,6,57,32,4,99,0,34,19,2,55,6,91,51,6,154,0,0,0,154
08/29/2012,MVY,MA,ANE,EN,Federal Contract Tower,6,21,17,3,47,0,81,66,0,147,6,102,83,3,194,18,0,18,212
08/30/2012,MVY,MA,ANE,EN,Federal Contract Tower,6,34,13,0,53,0,85,101,2,188,6,119,114,2,241,12,2,14,255
08/31/2012,MVY,MA,ANE,EN,Federal Contract Tower,6,44,22,0,72,0,97,146,0,243,6,141,168,0,315,0,0,0,315
09/01/2012,MVY,MA,ANE,EN,Federal Contract Tower,8,16,19,0,43,0,70,98,0,168,8,86,117,0,211,0,0,0,211
09/02/2012,MVY,MA,ANE,EN,Federal Contract Tower,8,21,20,3,52,0,68,87,0,155,8,89,107,3,207,2,0,2,209
09/03/2012,MVY,MA,ANE,EN,Federal Contract Tower,8,80,49,0,137,0,55,116,0,171,8,135,165,0,308,0,0,0,308
09/04/2012,MVY,MA,ANE,EN,Federal Contract Tower,4,69,28,2,103,0,29,44,0,73,4,98,72,2,176,0,0,0,176
09/05/2012,MVY,MA,ANE,EN,Federal Contract Tower,0,74,27,0,101,0,3,0,0,3,0,77,27,0,104,0,0,0,104
09/06/2012,MVY,MA,ANE,EN,Federal Contract Tower,0,14,20,0,34,0,64,40,4,108,0,78,60,4,142,4,0,4,146
09/07/2012,MVY,MA,ANE,EN,Federal Contract Tower,2,58,53,1,114,0,31,46,0,77,2,89,99,1,191,0,0,0,191
09/08/2012,MVY,MA,ANE,EN,Federal Contract Tower,2,33,17,0,52,0,30,31,0,61,2,63,48,0,113,0,0,0,113
09/09/2012,MVY,MA,ANE,EN,Federal Contract Tower,2,22,21,0,45,0,71,57,0,128,2,93,78,0,173,0,0,0,173
09/10/2012,MVY,MA,ANE,EN,Federal Contract Tower,3,10,3,0,16,0,63,58,0,121,3,73,61,0,137,0,4,4,141
09/11/2012,MVY,MA,ANE,EN,Federal Contract Tower,0,14,5,4,23,0,45,47,16,108,0,59,52,20,131,16,0,16,147
09/12/2012,MVY,MA,ANE,EN,Federal Contract Tower,0,19,10,3,32,0,55,69,0,124,0,74,79,3,156,20,0,20,176
09/13/2012,MVY,MA,ANE,EN,Federal Contract Tower,0,23,11,0,34,0,51,45,1,97,0,74,56,1,131,0,10,10,141
09/14/2012,MVY,MA,ANE,EN,Federal Contract Tower,2,15,16,0,33,0,57,129,2,188,2,72,145,2,221,8,8,16,237
09/15/2012,MVY,MA,ANE,EN,Federal Contract Tower,2,25,21,0,48,0,48,79,0,127,2,73,100,0,175,0,0,0,175
09/16/2012,MVY,MA,ANE,EN,Federal Contract Tower,2,17,23,0,42,0,72,141,0,213,2,89,164,0,255,4,0,4,259
09/17/2012,MVY,MA,ANE,EN,Federal Contract Tower,2,14,17,1,34,0,51,66,3,120,2,65,83,4,154,26,4,30,184
09/18/2012,MVY,MA,ANE,EN,Federal Contract Tower,0,24,11,0,35,0,45,24,0,69,0,69,35,0,104,0,0,0,104
09/19/2012,MVY,MA,ANE,EN,Federal Contract Tower,0,20,9,0,29,0,38,17,2,57,0,58,26,2,86,0,0,0,86
09/20/2012,MVY,MA,ANE,EN,Federal Contract Tower,0,13,4,17,34,0,41,25,0,66,0,54,29,17,100,20,6,26,126
09/21/2012,MVY,MA,ANE,EN,Federal Contract Tower,2,32,17,0,51,0,52,58,0,110,2,84,75,0,161,0,0,0,161
09/22/2012,MVY,MA,ANE,EN,Federal Contract Tower,0,33,23,2,58,0,15,19,0,34,0,48,42,2,92,2,0,2,94
09/23/2012,MVY,MA,ANE,EN,Federal Contract Tower,2,25,24,0,51,0,60,92,0,152,2,85,116,0,203,20,0,20,223
09/24/2012,MVY,MA,ANE,EN,Federal Contract Tower,2,18,7,0,27,0,45,36,0,81,2,63,43,0,108,23,4,27,135
09/25/2012,MVY,MA,ANE,EN,Federal Contract Tower,0,10,5,4,19,0,41,34,0,75,0,51,39,4,94,0,0,0,94
09/26/2012,MVY,MA,ANE,EN,Federal Contract Tower,0,12,9,5,26,0,51,28,7,86,0,63,37,12,112,0,0,0,112
09/27/2012,MVY,MA,ANE,EN,Federal Contract Tower,0,14,15,0,29,0,37,36,0,73,0,51,51,0,102,2,0,2,104
09/28/2012,MVY,MA,ANE,EN,Federal Contract Tower,2,55,26,0,83,0,30,15,0,45,2,85,41,0,128,4,0,4,132
09/29/2012,MVY,MA,ANE,EN,Federal Contract Tower,2,37,22,0,61,0,0,0,0,0,2,37,22,0,61,0,0,0,61
09/30/2012,MVY,MA,ANE,EN,Federal Contract Tower,2,73,25,0,100,0,7,5,0,12,2,80,30,0,112,0,0,0,112
10/01/2012,MVY,MA,ANE,EN,Federal Contract Tower,2,15,7,0,24,0,42,36,3,81,2,57,43,3,105,10,2,12,117
10/02/2012,MVY,MA,ANE,EN,Federal Contract Tower,0,19,6,3,28,0,44,47,0,91,0,63,53,3,119,20,2,22,141
10/03/2012,MVY,MA,ANE,EN,Federal Contract Tower,0,18,1,0,19,0,0,0,0,0,0,18,1,0,19,0,0,0,19
10/04/2012,MVY,MA,ANE,EN,Federal Contract Tower,0,50,15,1,66,0,0,0,0,0,0,50,15,1,66,0,0,0,66
10/05/2012,MVY,MA,ANE,EN,Federal Contract Tower,2,38,21,0,61,0,54,71,1,126,2,92,92,1,187,8,6,14,201
10/06/2012,MVY,MA,ANE,EN,Federal Contract Tower,2,12,11,0,25,0,42,38,0,80,2,54,49,0,105,0,0,0,105
10/07/2012,MVY,MA,ANE,EN,Federal Contract Tower,2,18,3,0,23,0,43,45,0,88,2,61,48,0,111,0,0,0,111
10/08/2012,MVY,MA,ANE,EN,Federal Contract Tower,2,32,17,0,51,0,63,89,0,152,2,95,106,0,203,0,0,0,203
10/09/2012,MVY,MA,ANE,EN,Federal Contract Tower,0,51,11,2,64,0,0,0,0,0,0,51,11,2,64,0,0,0,64
10/10/2012,MVY,MA,ANE,EN,Federal Contract Tower,0,41,5,0,46,0,0,0,0,0,0,41,5,0,46,0,0,0,46
10/11/2012,MVY,MA,ANE,EN,Federal Contract Tower,0,7,11,1,19,0,37,31,0,68,0,44,42,1,87,0,0,0,87
10/12/2012,MVY,MA,ANE,EN,Federal Contract Tower,0,12,11,0,23,0,38,48,11,97,0,50,59,11,120,4,0,4,124
10/13/2012,MVY,MA,ANE,EN,Federal Contract Tower,0,3,14,0,17,0,24,108,2,134,0,27,122,2,151,12,0,12,163
10/14/2012,MVY,MA,ANE,EN,Federal Contract Tower,0,12,12,0,24,0,24,26,0,50,0,36,38,0,74,0,0,0,74
10/15/2012,MVY,MA,ANE,EN,Federal Contract Tower,0,10,4,0,14,0,34,15,0,49,0,44,19,0,63,4,0,4,67
10/16/2012,MVY,MA,ANE,EN,Federal Contract Tower,0,11,4,1,16,0,38,28,0,66,0,49,32,1,82,8,6,14,96
10/17/2012,MVY,MA,ANE,EN,Federal Contract Tower,0,9,4,0,13,0,21,22,0,43,0,30,26,0,56,4,0,4,60
10/18/2012,MVY,MA,ANE,EN,Federal Contract Tower,0,4,6,0,10,0,32,36,0,68,0,36,42,0,78,2,4,6,84
10/19/2012,MVY,MA,ANE,EN,Federal Contract Tower,0,47,11,1,59,0,20,5,0,25,0,67,16,1,84,0,2,2,86
10/20/2012,MVY,MA,ANE,EN,Federal Contract Tower,0,21,39,0,60,0,7,6,0,13,0,28,45,0,73,4,0,4,77
10/21/2012,MVY,MA,ANE,EN,Federal Contract Tower,0,10,10,0,20,0,33,61,0,94,0,43,71,0,114,11,0,11,125
10/22/2012,MVY,MA,ANE,EN,Federal Contract Tower,0,7,2,0,9,0,28,29,0,57,0,35,31,0,66,2,4,6,72
10/23/2012,MVY,MA,ANE,EN,Federal Contract Tower,0,9,7,0,16,0,30,24,2,56,0,39,31,2,72,0,2,2,74
10/24/2012,MVY,MA,ANE,EN,Federal Contract Tower,0,4,8,1,13,0,26,24,0,50,0,30,32,1,63,4,4,8,71
10/25/2012,MVY,MA,ANE,EN,Federal Contract Tower,0,13,8,0,21,0,30,43,0,73,0,43,51,0,94,10,0,10,104
10/26/2012,MVY,MA,ANE,EN,Federal Contract Tower,0,6,13,0,19,0,29,59,0,88,0,35,72,0,107,6,0,6,113
10/27/2012,MVY,MA,ANE,EN,Federal Contract Tower,0,8,19,0,27,0,17,63,0,80,0,25,82,0,107,14,0,14,121
10/28/2012,MVY,MA,ANE,EN,Federal Contract Tower,0,17,16,0,33,0,2,3,0,5,0,19,19,0,38,0,0,0,38
10/29/2012,MVY,MA,ANE,EN,Federal Contract Tower,0,0,0,0,0,0,0,0,0,0,0,0,0,0,0,0,0,0,0
10/30/2012,MVY,MA,ANE,EN,Federal Contract Tower,0,0,2,0,2,0,0,5,0,5,0,0,7,0,7,0,0,0,7
10/31/2012,MVY,MA,ANE,EN,Federal Contract Tower,0,13,0,0,13,0,17,14,0,31,0,30,14,0,44,6,0,6,50
11/01/2012,MVY,MA,ANE,EN,Federal Contract Tower,0,2,0,0,2,0,25,23,0,48,0,27,23,0,50,2,0,2,52
11/02/2012,MVY,MA,ANE,EN,Federal Contract Tower,0,3,0,0,3,0,23,20,0,43,0,26,20,0,46,0,0,0,46
11/03/2012,MVY,MA,ANE,EN,Federal Contract Tower,0,0,4,0,4,0,19,33,0,52,0,19,37,0,56,0,0,0,56
11/04/2012,MVY,MA,ANE,EN,Federal Contract Tower,0,5,2,0,7,0,18,122,0,140,0,23,124,0,147,24,0,24,171
11/05/2012,MVY,MA,ANE,EN,Federal Contract Tower,0,7,1,0,8,0,23,19,0,42,0,30,20,0,50,18,0,18,68
11/06/2012,MVY,MA,ANE,EN,Federal Contract Tower,0,0,2,0,2,0,15,14,0,29,0,15,16,0,31,0,0,0,31
11/07/2012,MVY,MA,ANE,EN,Federal Contract Tower,0,1,0,0,1,0,0,1,0,1,0,1,1,0,2,0,0,0,2
11/08/2012,MVY,MA,ANE,EN,Federal Contract Tower,0,0,0,0,0,0,0,0,0,0,0,0,0,0,0,0,0,0,0
11/09/2012,MVY,MA,ANE,EN,Federal Contract Tower,0,5,4,0,9,0,22,35,0,57,0,27,39,0,66,18,0,18,84
11/10/2012,MVY,MA,ANE,EN,Federal Contract Tower,0,1,1,0,2,0,11,78,0,89,0,12,79,0,91,10,0,10,101
11/11/2012,MVY,MA,ANE,EN,Federal Contract Tower,0,4,5,0,9,0,23,95,0,118,0,27,100,0,127,28,0,28,155
11/12/2012,MVY,MA,ANE,EN,Federal Contract Tower,0,10,12,0,22,0,20,102,0,122,0,30,114,0,144,4,0,4,148
11/13/2012,MVY,MA,ANE,EN,Federal Contract Tower,0,13,3,2,18,0,2,0,0,2,0,15,3,2,20,0,0,0,20
11/14/2012,MVY,MA,ANE,EN,Federal Contract Tower,0,2,4,0,6,0,26,10,0,36,0,28,14,0,42,2,0,2,44
11/15/2012,MVY,MA,ANE,EN,Federal Contract Tower,0,17,10,0,27,0,21,18,0,39,0,38,28,0,66,0,0,0,66
11/16/2012,MVY,MA,ANE,EN,Federal Contract Tower,0,14,6,0,20,0,18,48,0,66,0,32,54,0,86,18,0,18,104
11/17/2012,MVY,MA,ANE,EN,Federal Contract Tower,0,5,9,0,14,0,27,69,0,96,0,32,78,0,110,8,6,14,124
11/18/2012,MVY,MA,ANE,EN,Federal Contract Tower,0,6,3,0,9,0,30,75,0,105,0,36,78,0,114,10,0,10,124
11/19/2012,MVY,MA,ANE,EN,Federal Contract Tower,0,9,8,0,17,0,32,39,0,71,0,41,47,0,88,0,4,4,92
11/20/2012,MVY,MA,ANE,EN,Federal Contract Tower,0,14,4,0,18,0,19,38,0,57,0,33,42,0,75,0,0,0,75
11/21/2012,MVY,MA,ANE,EN,Federal Contract Tower,0,17,22,2,41,0,37,44,6,87,0,54,66,8,128,0,8,8,136
11/22/2012,MVY,MA,ANE,EN,Federal Contract Tower,0,6,1,0,7,0,27,26,0,53,0,33,27,0,60,0,0,0,60
11/23/2012,MVY,MA,ANE,EN,Federal Contract Tower,0,27,9,1,37,0,21,42,0,63,0,48,51,1,100,0,0,0,100
11/24/2012,MVY,MA,ANE,EN,Federal Contract Tower,0,16,5,0,21,0,16,21,0,37,0,32,26,0,58,2,0,2,60
11/25/2012,MVY,MA,ANE,EN,Federal Contract Tower,0,24,19,0,43,0,39,85,0,124,0,63,104,0,167,2,0,2,169
11/26/2012,MVY,MA,ANE,EN,Federal Contract Tower,0,5,4,0,9,0,28,61,0,89,0,33,65,0,98,4,2,6,104
11/27/2012,MVY,MA,ANE,EN,Federal Contract Tower,0,17,0,0,17,0,14,14,6,34,0,31,14,6,51,2,12,14,65
11/28/2012,MVY,MA,ANE,EN,Federal Contract Tower,0,13,2,0,15,0,0,0,0,0,0,13,2,0,15,0,0,0,15
11/29/2012,MVY,MA,ANE,EN,Federal Contract Tower,0,2,1,0,3,0,27,21,0,48,0,29,22,0,51,0,0,0,51
11/30/2012,MVY,MA,ANE,EN,Federal Contract Tower,0,5,2,0,7,0,21,15,0,36,0,26,17,0,43,0,0,0,43
12/01/2012,MVY,MA,ANE,EN,Federal Contract Tower,0,7,0,0,7,0,0,0,0,0,0,7,0,0,7,0,0,0,7
12/02/2012,MVY,MA,ANE,EN,Federal Contract Tower,0,10,10,0,20,0,17,34,0,51,0,27,44,0,71,4,4,8,79
12/03/2012,MVY,MA,ANE,EN,Federal Contract Tower,0,4,7,0,11,0,19,26,2,47,0,23,33,2,58,2,0,2,60
12/04/2012,MVY,MA,ANE,EN,Federal Contract Tower,0,9,6,0,15,0,14,13,4,31,0,23,19,4,46,4,2,6,52
12/05/2012,MVY,MA,ANE,EN,Federal Contract Tower,0,5,4,0,9,0,17,15,0,32,0,22,19,0,41,0,2,2,43
12/06/2012,MVY,MA,ANE,EN,Federal Contract Tower,0,6,4,1,11,0,21,39,0,60,0,27,43,1,71,18,8,26,97
12/07/2012,MVY,MA,ANE,EN,Federal Contract Tower,0,8,7,0,15,0,20,28,0,48,0,28,35,0,63,0,0,0,63
12/08/2012,MVY,MA,ANE,EN,Federal Contract Tower,0,8,6,0,14,0,0,0,0,0,0,8,6,0,14,0,0,0,14
12/09/2012,MVY,MA,ANE,EN,Federal Contract Tower,0,7,2,0,9,0,24,113,0,137,0,31,115,0,146,4,2,6,152
12/10/2012,MVY,MA,ANE,EN,Federal Contract Tower,0,21,6,0,27,0,0,0,0,0,0,21,6,0,27,0,0,0,27
12/11/2012,MVY,MA,ANE,EN,Federal Contract Tower,0,4,0,0,4,0,20,12,0,32,0,24,12,0,36,0,0,0,36
12/12/2012,MVY,MA,ANE,EN,Federal Contract Tower,0,4,0,0,4,0,29,33,4,66,0,33,33,4,70,4,2,6,76
12/13/2012,MVY,MA,ANE,EN,Federal Contract Tower,0,4,2,0,6,0,23,20,0,43,0,27,22,0,49,12,0,12,61
12/14/2012,MVY,MA,ANE,EN,Federal Contract Tower,0,8,2,0,10,0,25,41,2,68,0,33,43,2,78,6,2,8,86
12/15/2012,MVY,MA,ANE,EN,Federal Contract Tower,0,0,1,0,1,0,15,71,0,86,0,15,72,0,87,18,0,18,105
12/16/2012,MVY,MA,ANE,EN,Federal Contract Tower,0,8,4,0,12,0,3,15,0,18,0,11,19,0,30,0,0,0,30
12/17/2012,MVY,MA,ANE,EN,Federal Contract Tower,0,25,3,0,28,0,0,0,0,0,0,25,3,0,28,0,0,0,28
12/18/2012,MVY,MA,ANE,EN,Federal Contract Tower,0,24,2,0,26,0,0,0,0,0,0,24,2,0,26,0,0,0,26
12/19/2012,MVY,MA,ANE,EN,Federal Contract Tower,0,12,2,0,14,0,20,9,0,29,0,32,11,0,43,4,0,4,47
12/20/2012,MVY,MA,ANE,EN,Federal Contract Tower,0,10,5,0,15,0,14,25,0,39,0,24,30,0,54,0,4,4,58
12/21/2012,MVY,MA,ANE,EN,Federal Contract Tower,0,8,0,0,8,0,0,0,0,0,0,8,0,0,8,0,0,0,8
12/22/2012,MVY,MA,ANE,EN,Federal Contract Tower,0,10,10,0,20,0,3,4,0,7,0,13,14,0,27,0,0,0,27
12/23/2012,MVY,MA,ANE,EN,Federal Contract Tower,0,2,1,0,3,0,16,21,0,37,0,18,22,0,40,0,0,0,40
12/24/2012,MVY,MA,ANE,EN,Federal Contract Tower,0,1,0,0,1,0,26,49,0,75,0,27,49,0,76,0,0,0,76
12/25/2012,MVY,MA,ANE,EN,Federal Contract Tower,0,13,0,0,13,0,0,0,0,0,0,13,0,0,13,0,0,0,13
12/26/2012,MVY,MA,ANE,EN,Federal Contract Tower,0,10,6,0,16,0,16,19,0,35,0,26,25,0,51,0,0,0,51
12/27/2012,MVY,MA,ANE,EN,Federal Contract Tower,0,9,3,0,12,0,1,1,0,2,0,10,4,0,14,0,0,0,14
12/28/2012,MVY,MA,ANE,EN,Federal Contract Tower,0,7,4,0,11,0,21,32,1,54,0,28,36,1,65,2,4,6,71
12/29/2012,MVY,MA,ANE,EN,Federal Contract Tower,0,7,3,0,10,0,6,13,0,19,0,13,16,0,29,0,0,0,29
12/30/2012,MVY,MA,ANE,EN,Federal Contract Tower,0,4,0,0,4,0,8,7,0,15,0,12,7,0,19,0,0,0,19
12/31/2012,MVY,MA,ANE,EN,Federal Contract Tower,0,8,0,0,8,0,19,12,0,31,0,27,12,0,39,6,0,6,45
01/01/2013,MVY,MA,ANE,EN,Federal Contract Tower,0,3,3,0,6,0,14,12,0,26,0,17,15,0,32,0,0,0,32
01/02/2013,MVY,MA,ANE,EN,Federal Contract Tower,0,3,3,0,6,0,25,9,0,34,0,28,12,0,40,2,0,2,42
01/03/2013,MVY,MA,ANE,EN,Federal Contract Tower,0,6,1,0,7,0,31,32,0,63,0,37,33,0,70,22,12,34,104
01/04/2013,MVY,MA,ANE,EN,Federal Contract Tower,0,2,4,0,6,0,21,30,1,52,0,23,34,1,58,0,2,2,60
01/05/2013,MVY,MA,ANE,EN,Federal Contract Tower,0,0,0,0,0,0,14,45,0,59,0,14,45,0,59,12,0,12,71
01/06/2013,MVY,MA,ANE,EN,Federal Contract Tower,0,11,0,0,11,0,11,27,0,38,0,22,27,0,49,0,0,0,49
01/07/2013,MVY,MA,ANE,EN,Federal Contract Tower,0,3,1,0,4,0,18,19,0,37,0,21,20,0,41,8,0,8,49
01/08/2013,MVY,MA,ANE,EN,Federal Contract Tower,0,3,1,0,4,0,19,23,0,42,0,22,24,0,46,0,0,0,46
01/09/2013,MVY,MA,ANE,EN,Federal Contract Tower,0,5,2,0,7,0,17,17,0,34,0,22,19,0,41,10,0,10,51
01/10/2013,MVY,MA,ANE,EN,Federal Contract Tower,0,2,1,0,3,0,21,13,2,36,0,23,14,2,39,0,2,2,41
01/11/2013,MVY,MA,ANE,EN,Federal Contract Tower,0,5,2,0,7,0,27,32,0,59,0,32,34,0,66,8,2,10,76
01/12/2013,MVY,MA,ANE,EN,Federal Contract Tower,0,15,3,0,18,0,0,0,0,0,0,15,3,0,18,0,0,0,18
01/13/2013,MVY,MA,ANE,EN,Federal Contract Tower,0,14,7,0,21,0,0,0,0,0,0,14,7,0,21,0,0,0,21
01/14/2013,MVY,MA,ANE,EN,Federal Contract Tower,0,14,6,0,20,0,0,3,0,3,0,14,9,0,23,4,0,4,27
01/15/2013,MVY,MA,ANE,EN,Federal Contract Tower,0,8,0,0,8,0,12,22,0,34,0,20,22,0,42,0,0,0,42
01/16/2013,MVY,MA,ANE,EN,Federal Contract Tower,0,19,1,0,20,0,0,0,0,0,0,19,1,0,20,0,0,0,20
01/17/2013,MVY,MA,ANE,EN,Federal Contract Tower,0,13,1,0,14,0,26,20,0,46,0,39,21,0,60,2,0,2,62
01/18/2013,MVY,MA,ANE,EN,Federal Contract Tower,0,3,2,0,5,0,16,10,0,26,0,19,12,0,31,2,0,2,33
01/19/2013,MVY,MA,ANE,EN,Federal Contract Tower,0,9,2,0,11,0,6,22,0,28,0,15,24,0,39,10,0,10,49
01/20/2013,MVY,MA,ANE,EN,Federal Contract Tower,0,4,3,0,7,0,21,30,0,51,0,25,33,0,58,0,0,0,58
01/21/2013,MVY,MA,ANE,EN,Federal Contract Tower,0,4,3,0,7,0,24,41,0,65,0,28,44,0,72,22,0,22,94
01/22/2013,MVY,MA,ANE,EN,Federal Contract Tower,0,1,2,0,3,0,6,2,0,8,0,7,4,0,11,0,0,0,11
01/23/2013,MVY,MA,ANE,EN,Federal Contract Tower,0,2,3,0,5,0,24,5,0,29,0,26,8,0,34,2,0,2,36
01/24/2013,MVY,MA,ANE,EN,Federal Contract Tower,0,2,1,0,3,0,30,12,1,43,0,32,13,1,46,4,4,8,54
01/25/2013,MVY,MA,ANE,EN,Federal Contract Tower,0,4,3,0,7,0,22,16,0,38,0,26,19,0,45,2,0,2,47
01/26/2013,MVY,MA,ANE,EN,Federal Contract Tower,0,1,0,0,1,0,11,34,0,45,0,12,34,0,46,12,2,14,60
01/27/2013,MVY,MA,ANE,EN,Federal Contract Tower,0,2,4,0,6,0,15,47,0,62,0,17,51,0,68,0,0,0,68
01/28/2013,MVY,MA,ANE,EN,Federal Contract Tower,0,11,7,0,18,0,18,12,0,30,0,29,19,0,48,0,0,0,48
01/29/2013,MVY,MA,ANE,EN,Federal Contract Tower,0,16,7,2,25,0,2,1,3,6,0,18,8,5,31,0,8,8,39
01/30/2013,MVY,MA,ANE,EN,Federal Contract Tower,0,8,1,0,9,0,6,2,1,9,0,14,3,1,18,0,4,4,22
01/31/2013,MVY,MA,ANE,EN,Federal Contract Tower,0,2,1,0,3,0,8,1,0,9,0,10,2,0,12,0,0,0,12
02/01/2013,MVY,MA,ANE,EN,Federal Contract Tower,0,13,1,0,14,0,18,18,0,36,0,31,19,0,50,0,0,0,50
02/02/2013,MVY,MA,ANE,EN,Federal Contract Tower,0,4,4,0,8,0,30,71,0,101,0,34,75,0,109,54,0,54,163
02/03/2013,MVY,MA,ANE,EN,Federal Contract Tower,0,12,4,0,16,0,17,35,0,52,0,29,39,0,68,4,0,4,72
02/04/2013,MVY,MA,ANE,EN,Federal Contract Tower,0,5,0,0,5,0,19,21,0,40,0,24,21,0,45,16,0,16,61
02/05/2013,MVY,MA,ANE,EN,Federal Contract Tower,0,9,3,0,12,0,8,9,0,17,0,17,12,0,29,0,0,0,29
02/06/2013,MVY,MA,ANE,EN,Federal Contract Tower,0,6,1,0,7,0,16,14,0,30,0,22,15,0,37,10,0,10,47
02/07/2013,MVY,MA,ANE,EN,Federal Contract Tower,0,2,2,0,4,0,24,20,0,44,0,26,22,0,48,2,4,6,54
02/08/2013,MVY,MA,ANE,EN,Federal Contract Tower,0,2,0,0,2,0,0,0,0,0,0,2,0,0,2,0,0,0,2
02/09/2013,MVY,MA,ANE,EN,Federal Contract Tower,0,0,0,0,0,0,0,0,0,0,0,0,0,0,0,0,0,0,0
02/10/2013,MVY,MA,ANE,EN,Federal Contract Tower,0,0,0,0,0,0,5,2,0,7,0,5,2,0,7,0,0,0,7
02/11/2013,MVY,MA,ANE,EN,Federal Contract Tower,0,6,0,0,6,0,5,0,0,5,0,11,0,0,11,0,0,0,11
02/12/2013,MVY,MA,ANE,EN,Federal Contract Tower,0,1,0,0,1,0,14,7,0,21,0,15,7,0,22,14,0,14,36
02/13/2013,MVY,MA,ANE,EN,Federal Contract Tower,0,4,2,0,6,0,20,27,0,47,0,24,29,0,53,4,0,4,57
02/14/2013,MVY,MA,ANE,EN,Federal Contract Tower,0,6,2,0,8,0,20,17,0,37,0,26,19,0,45,12,2,14,59
02/15/2013,MVY,MA,ANE,EN,Federal Contract Tower,0,18,3,0,21,0,23,21,0,44,0,41,24,0,65,0,0,0,65
02/16/2013,MVY,MA,ANE,EN,Federal Contract Tower,0,9,0,0,9,0,7,0,0,7,0,16,0,0,16,0,0,0,16
02/17/2013,MVY,MA,ANE,EN,Federal Contract Tower,0,0,0,0,0,0,0,0,0,0,0,0,0,0,0,0,0,0,0
02/18/2013,MVY,MA,ANE,EN,Federal Contract Tower,0,1,0,0,1,0,26,14,0,40,0,27,14,0,41,0,0,0,41
02/19/2013,MVY,MA,ANE,EN,Federal Contract Tower,0,5,3,0,8,0,18,16,2,36,0,23,19,2,44,0,0,0,44
02/20/2013,MVY,MA,ANE,EN,Federal Contract Tower,0,6,0,0,6,0,23,4,2,29,0,29,4,2,35,0,0,0,35
02/21/2013,MVY,MA,ANE,EN,Federal Contract Tower,0,3,3,0,6,0,22,11,0,33,0,25,14,0,39,0,0,0,39
02/22/2013,MVY,MA,ANE,EN,Federal Contract Tower,0,8,8,0,16,0,27,21,0,48,0,35,29,0,64,0,0,0,64
02/23/2013,MVY,MA,ANE,EN,Federal Contract Tower,0,9,0,0,9,0,10,17,0,27,0,19,17,0,36,0,0,0,36
02/24/2013,MVY,MA,ANE,EN,Federal Contract Tower,0,9,0,0,9,0,0,0,0,0,0,9,0,0,9,0,0,0,9
02/25/2013,MVY,MA,ANE,EN,Federal Contract Tower,0,4,3,0,7,0,17,12,0,29,0,21,15,0,36,0,0,0,36
02/26/2013,MVY,MA,ANE,EN,Federal Contract Tower,0,7,2,0,9,0,19,35,5,59,0,26,37,5,68,4,0,4,72
02/27/2013,MVY,MA,ANE,EN,Federal Contract Tower,0,8,0,1,9,0,0,0,0,0,0,8,0,1,9,0,0,0,9
02/28/2013,MVY,MA,ANE,EN,Federal Contract Tower,0,13,2,0,15,0,14,2,0,16,0,27,4,0,31,0,0,0,31
03/01/2013,MVY,MA,ANE,EN,Federal Contract Tower,0,9,7,0,16,0,20,2,0,22,0,29,9,0,38,0,4,4,42
03/02/2013,MVY,MA,ANE,EN,Federal Contract Tower,0,1,0,0,1,0,6,37,0,43,0,7,37,0,44,8,0,8,52
03/03/2013,MVY,MA,ANE,EN,Federal Contract Tower,0,7,3,0,10,0,19,63,0,82,0,26,66,0,92,6,0,6,98
03/04/2013,MVY,MA,ANE,EN,Federal Contract Tower,0,3,1,0,4,0,29,46,6,81,0,32,47,6,85,10,20,30,115
03/05/2013,MVY,MA,ANE,EN,Federal Contract Tower,0,5,3,0,8,0,33,52,0,85,0,38,55,0,93,12,0,12,105
03/06/2013,MVY,MA,ANE,EN,Federal Contract Tower,0,10,3,0,13,0,9,2,0,11,0,19,5,0,24,0,0,0,24
03/07/2013,MVY,MA,ANE,EN,Federal Contract Tower,0,2,0,0,2,0,0,0,0,0,0,2,0,0,2,0,0,0,2
03/08/2013,MVY,MA,ANE,EN,Federal Contract Tower,0,2,0,0,2,0,0,0,0,0,0,2,0,0,2,0,0,0,2
03/09/2013,MVY,MA,ANE,EN,Federal Contract Tower,0,8,4,0,12,0,12,43,0,55,0,20,47,0,67,6,0,6,73
03/10/2013,MVY,MA,ANE,EN,Federal Contract Tower,0,11,5,0,16,0,20,53,6,79,0,31,58,6,95,12,0,12,107
03/11/2013,MVY,MA,ANE,EN,Federal Contract Tower,0,18,8,0,26,0,20,57,0,77,0,38,65,0,103,20,0,20,123
03/12/2013,MVY,MA,ANE,EN,Federal Contract Tower,0,17,3,0,20,0,8,12,0,20,0,25,15,0,40,6,0,6,46
03/13/2013,MVY,MA,ANE,EN,Federal Contract Tower,0,7,5,0,12,0,20,31,0,51,0,27,36,0,63,8,0,8,71
03/14/2013,MVY,MA,ANE,EN,Federal Contract Tower,0,5,0,0,5,0,24,31,0,55,0,29,31,0,60,0,0,0,60
03/15/2013,MVY,MA,ANE,EN,Federal Contract Tower,0,2,4,0,6,0,29,58,0,87,0,31,62,0,93,20,0,20,113
03/16/2013,MVY,MA,ANE,EN,Federal Contract Tower,0,0,2,0,2,0,30,91,0,121,0,30,93,0,123,30,0,30,153
03/17/2013,MVY,MA,ANE,EN,Federal Contract Tower,0,4,4,0,8,0,41,113,0,154,0,45,117,0,162,38,0,38,200
03/18/2013,MVY,MA,ANE,EN,Federal Contract Tower,0,1,4,0,5,0,28,44,5,77,0,29,48,5,82,12,2,14,96
03/19/2013,MVY,MA,ANE,EN,Federal Contract Tower,0,19,0,0,19,0,0,0,0,0,0,19,0,0,19,0,0,0,19
03/20/2013,MVY,MA,ANE,EN,Federal Contract Tower,0,1,1,0,2,0,22,27,0,49,0,23,28,0,51,4,0,4,55
03/21/2013,MVY,MA,ANE,EN,Federal Contract Tower,0,15,5,0,20,0,15,11,0,26,0,30,16,0,46,2,0,2,48
03/22/2013,MVY,MA,ANE,EN,Federal Contract Tower,0,1,2,1,4,0,30,58,0,88,0,31,60,1,92,36,2,38,130
03/23/2013,MVY,MA,ANE,EN,Federal Contract Tower,0,0,4,0,4,0,28,66,0,94,0,28,70,0,98,26,0,26,124
03/24/2013,MVY,MA,ANE,EN,Federal Contract Tower,0,2,3,0,5,0,29,125,0,154,0,31,128,0,159,36,2,38,197
03/25/2013,MVY,MA,ANE,EN,Federal Contract Tower,0,8,2,0,10,0,27,47,0,74,0,35,49,0,84,18,0,18,102
03/26/2013,MVY,MA,ANE,EN,Federal Contract Tower,0,6,1,0,7,0,27,33,0,60,0,33,34,0,67,6,0,6,73
03/27/2013,MVY,MA,ANE,EN,Federal Contract Tower,0,4,5,0,9,0,27,26,0,53,0,31,31,0,62,0,0,0,62
03/28/2013,MVY,MA,ANE,EN,Federal Contract Tower,0,18,8,0,26,0,8,13,0,21,0,26,21,0,47,14,0,14,61
03/29/2013,MVY,MA,ANE,EN,Federal Contract Tower,0,5,2,0,7,0,40,64,0,104,0,45,66,0,111,26,0,26,137
03/30/2013,MVY,MA,ANE,EN,Federal Contract Tower,0,1,5,0,6,0,25,105,0,130,0,26,110,0,136,14,0,14,150
03/31/2013,MVY,MA,ANE,EN,Federal Contract Tower,0,6,9,0,15,0,35,144,0,179,0,41,153,0,194,14,0,14,208
04/01/2013,MVY,MA,ANE,EN,Federal Contract Tower,0,14,3,1,18,0,29,79,0,108,0,43,82,1,126,13,2,15,141
04/02/2013,MVY,MA,ANE,EN,Federal Contract Tower,0,4,0,0,4,0,25,34,6,65,0,29,34,6,69,6,6,12,81
04/03/2013,MVY,MA,ANE,EN,Federal Contract Tower,0,5,4,0,9,0,29,28,4,61,0,34,32,4,70,8,0,8,78
04/04/2013,MVY,MA,ANE,EN,Federal Contract Tower,0,6,5,0,11,0,30,34,4,68,0,36,39,4,79,4,4,8,87
04/05/2013,MVY,MA,ANE,EN,Federal Contract Tower,0,7,1,0,8,0,39,60,0,99,0,46,61,0,107,14,0,14,121
04/06/2013,MVY,MA,ANE,EN,Federal Contract Tower,0,2,3,0,5,0,23,45,0,68,0,25,48,0,73,0,0,0,73
04/07/2013,MVY,MA,ANE,EN,Federal Contract Tower,0,4,2,0,6,0,39,61,2,102,0,43,63,2,108,8,2,10,118
04/08/2013,MVY,MA,ANE,EN,Federal Contract Tower,0,6,0,0,6,0,48,77,0,125,0,54,77,0,131,10,0,10,141
04/09/2013,MVY,MA,ANE,EN,Federal Contract Tower,0,9,5,0,14,0,16,13,0,29,0,25,18,0,43,8,0,8,51
04/10/2013,MVY,MA,ANE,EN,Federal Contract Tower,0,7,2,0,9,0,44,70,0,114,0,51,72,0,123,8,6,14,137
04/11/2013,MVY,MA,ANE,EN,Federal Contract Tower,0,23,5,0,28,0,10,6,0,16,0,33,11,0,44,10,0,10,54
04/12/2013,MVY,MA,ANE,EN,Federal Contract Tower,0,13,5,0,18,0,5,4,0,9,0,18,9,0,27,0,0,0,27
04/13/2013,MVY,MA,ANE,EN,Federal Contract Tower,0,10,15,0,25,0,28,54,0,82,0,38,69,0,107,14,0,14,121
04/14/2013,MVY,MA,ANE,EN,Federal Contract Tower,0,8,6,0,14,0,55,108,0,163,0,63,114,0,177,16,0,16,193
04/15/2013,MVY,MA,ANE,EN,Federal Contract Tower,0,2,6,0,8,0,58,105,0,163,0,60,111,0,171,12,0,12,183
04/16/2013,MVY,MA,ANE,EN,Federal Contract Tower,0,4,1,0,5,0,46,58,0,104,0,50,59,0,109,10,0,10,119
04/17/2013,MVY,MA,ANE,EN,Federal Contract Tower,0,11,3,0,14,0,22,50,0,72,0,33,53,0,86,8,6,14,100
04/18/2013,MVY,MA,ANE,EN,Federal Contract Tower,0,15,5,2,22,0,33,44,2,79,0,48,49,4,101,6,0,6,107
04/19/2013,MVY,MA,ANE,EN,Federal Contract Tower,0,20,8,0,28,0,0,0,0,0,0,20,8,0,28,0,0,0,28
04/20/2013,MVY,MA,ANE,EN,Federal Contract Tower,0,8,9,0,17,0,14,13,0,27,0,22,22,0,44,0,0,0,44
04/21/2013,MVY,MA,ANE,EN,Federal Contract Tower,0,12,3,0,15,0,40,103,0,143,0,52,106,0,158,0,0,0,158
04/22/2013,MVY,MA,ANE,EN,Federal Contract Tower,0,3,2,0,5,0,39,61,0,100,0,42,63,0,105,4,0,4,109
04/23/2013,MVY,MA,ANE,EN,Federal Contract Tower,0,24,4,0,28,0,0,0,0,0,0,24,4,0,28,0,0,0,28
04/24/2013,MVY,MA,ANE,EN,Federal Contract Tower,0,14,4,0,18,0,17,25,0,42,0,31,29,0,60,0,0,0,60
04/25/2013,MVY,MA,ANE,EN,Federal Contract Tower,0,15,3,5,23,0,19,29,0,48,0,34,32,5,71,0,2,2,73
04/26/2013,MVY,MA,ANE,EN,Federal Contract Tower,0,4,5,0,9,0,36,72,0,108,0,40,77,0,117,8,2,10,127
04/27/2013,MVY,MA,ANE,EN,Federal Contract Tower,0,1,4,0,5,0,24,109,2,135,0,25,113,2,140,16,0,16,156
04/28/2013,MVY,MA,ANE,EN,Federal Contract Tower,0,5,6,0,11,0,34,108,0,142,0,39,114,0,153,18,0,18,171
04/29/2013,MVY,MA,ANE,EN,Federal Contract Tower,8,6,0,0,14,0,42,97,0,139,8,48,97,0,153,8,0,8,161
04/30/2013,MVY,MA,ANE,EN,Federal Contract Tower,0,5,6,0,11,0,32,34,0,66,0,37,40,0,77,6,0,6,83
05/01/2013,MVY,MA,ANE,EN,Federal Contract Tower,0,4,4,0,8,0,29,76,0,105,0,33,80,0,113,22,0,22,135
05/02/2013,MVY,MA,ANE,EN,Federal Contract Tower,0,10,5,0,15,0,25,28,0,53,0,35,33,0,68,2,0,2,70
05/03/2013,MVY,MA,ANE,EN,Federal Contract Tower,0,14,23,0,37,0,26,29,0,55,0,40,52,0,92,10,0,10,102
05/04/2013,MVY,MA,ANE,EN,Federal Contract Tower,0,2,2,0,4,0,33,58,0,91,0,35,60,0,95,6,0,6,101
05/05/2013,MVY,MA,ANE,EN,Federal Contract Tower,0,10,9,0,19,0,25,82,0,107,0,35,91,0,126,8,0,8,134
05/06/2013,MVY,MA,ANE,EN,Federal Contract Tower,0,18,9,4,31,0,9,23,0,32,0,27,32,4,63,6,0,6,69
05/07/2013,MVY,MA,ANE,EN,Federal Contract Tower,0,16,3,0,19,0,19,21,0,40,0,35,24,0,59,6,0,6,65
05/08/2013,MVY,MA,ANE,EN,Federal Contract Tower,0,26,5,0,31,0,10,91,0,101,0,36,96,0,132,0,2,2,134
05/09/2013,MVY,MA,ANE,EN,Federal Contract Tower,0,20,14,0,34,0,0,2,0,2,0,20,16,0,36,0,0,0,36
05/10/2013,MVY,MA,ANE,EN,Federal Contract Tower,0,13,9,0,22,0,31,56,0,87,0,44,65,0,109,0,0,0,109
05/11/2013,MVY,MA,ANE,EN,Federal Contract Tower,0,15,6,0,21,0,2,6,0,8,0,17,12,0,29,0,0,0,29
05/12/2013,MVY,MA,ANE,EN,Federal Contract Tower,0,27,7,1,35,0,12,15,0,27,0,39,22,1,62,2,0,2,64
05/13/2013,MVY,MA,ANE,EN,Federal Contract Tower,0,9,5,0,14,0,31,26,0,57,0,40,31,0,71,10,0,10,81
05/14/2013,MVY,MA,ANE,EN,Federal Contract Tower,0,9,5,1,15,0,35,52,0,87,0,44,57,1,102,22,8,30,132
05/15/2013,MVY,MA,ANE,EN,Federal Contract Tower,0,12,6,6,24,0,42,34,2,78,0,54,40,8,102,0,18,18,120
05/16/2013,MVY,MA,ANE,EN,Federal Contract Tower,2,14,6,0,22,0,43,55,0,98,2,57,61,0,120,22,0,22,142
05/17/2013,MVY,MA,ANE,EN,Federal Contract Tower,2,16,10,0,28,0,66,128,1,195,2,82,138,1,223,8,0,8,231
05/18/2013,MVY,MA,ANE,EN,Federal Contract Tower,2,7,10,0,19,0,59,113,2,174,2,66,123,2,193,6,0,6,199
05/19/2013,MVY,MA,ANE,EN,Federal Contract Tower,2,12,14,0,28,0,27,43,0,70,2,39,57,0,98,16,0,16,114
05/20/2013,MVY,MA,ANE,EN,Federal Contract Tower,2,45,18,0,65,0,12,9,0,21,2,57,27,0,86,0,0,0,86
05/21/2013,MVY,MA,ANE,EN,Federal Contract Tower,0,28,14,0,42,0,9,2,0,11,0,37,16,0,53,4,0,4,57
05/22/2013,MVY,MA,ANE,EN,Federal Contract Tower,0,46,25,0,71,0,4,5,0,9,0,50,30,0,80,12,0,12,92
05/23/2013,MVY,MA,ANE,EN,Federal Contract Tower,2,77,22,4,105,0,5,2,0,7,2,82,24,4,112,0,0,0,112
05/24/2013,MVY,MA,ANE,EN,Federal Contract Tower,4,132,47,0,183,0,0,0,0,0,4,132,47,0,183,0,0,0,183
05/25/2013,MVY,MA,ANE,EN,Federal Contract Tower,2,35,24,0,61,0,0,0,0,0,2,35,24,0,61,0,0,0,61
05/26/2013,MVY,MA,ANE,EN,Federal Contract Tower,0,16,15,4,35,0,14,27,0,41,0,30,42,4,76,0,0,0,76
05/27/2013,MVY,MA,ANE,EN,Federal Contract Tower,4,36,17,0,57,0,131,201,0,332,4,167,218,0,389,4,0,4,393
05/28/2013,MVY,MA,ANE,EN,Federal Contract Tower,4,26,13,0,43,0,68,105,0,173,4,94,118,0,216,4,0,4,220
05/29/2013,MVY,MA,ANE,EN,Federal Contract Tower,3,48,11,0,62,0,1,0,0,1,3,49,11,0,63,2,0,2,65
05/30/2013,MVY,MA,ANE,EN,Federal Contract Tower,4,9,12,1,26,0,55,51,0,106,4,64,63,1,132,11,5,16,148
05/31/2013,MVY,MA,ANE,EN,Federal Contract Tower,4,22,13,0,39,0,82,131,0,213,4,104,144,0,252,12,0,12,264
06/01/2013,MVY,MA,ANE,EN,Federal Contract Tower,4,12,8,0,24,0,46,70,0,116,4,58,78,0,140,4,0,4,144
06/02/2013,MVY,MA,ANE,EN,Federal Contract Tower,2,57,50,0,109,0,14,29,0,43,2,71,79,0,152,0,0,0,152
06/03/2013,MVY,MA,ANE,EN,Federal Contract Tower,0,13,7,0,20,0,0,0,0,0,0,13,7,0,20,0,0,0,20
06/04/2013,MVY,MA,ANE,EN,Federal Contract Tower,4,13,13,0,30,0,47,67,0,114,4,60,80,0,144,8,0,8,152
06/05/2013,MVY,MA,ANE,EN,Federal Contract Tower,2,15,3,0,20,0,56,77,0,133,2,71,80,0,153,20,0,20,173
06/06/2013,MVY,MA,ANE,EN,Federal Contract Tower,4,25,10,0,39,0,62,64,0,126,4,87,74,0,165,0,0,0,165
06/07/2013,MVY,MA,ANE,EN,Federal Contract Tower,4,73,28,0,105,0,0,0,0,0,4,73,28,0,105,0,0,0,105
06/08/2013,MVY,MA,ANE,EN,Federal Contract Tower,4,30,23,0,57,0,16,25,0,41,4,46,48,0,98,4,0,4,102
06/09/2013,MVY,MA,ANE,EN,Federal Contract Tower,4,36,16,0,56,0,55,136,0,191,4,91,152,0,247,4,0,4,251
06/10/2013,MVY,MA,ANE,EN,Federal Contract Tower,6,29,8,0,43,0,42,59,0,101,6,71,67,0,144,0,0,0,144
06/11/2013,MVY,MA,ANE,EN,Federal Contract Tower,4,48,9,2,63,0,0,0,0,0,4,48,9,2,63,0,0,0,63
06/12/2013,MVY,MA,ANE,EN,Federal Contract Tower,4,22,23,0,49,0,65,47,0,112,4,87,70,0,161,6,4,10,171
06/13/2013,MVY,MA,ANE,EN,Federal Contract Tower,2,32,23,0,57,0,50,45,2,97,2,82,68,2,154,0,0,0,154
06/14/2013,MVY,MA,ANE,EN,Federal Contract Tower,4,43,28,0,75,0,58,92,0,150,4,101,120,0,225,0,0,0,225
06/15/2013,MVY,MA,ANE,EN,Federal Contract Tower,8,16,13,0,37,0,58,97,0,155,8,74,110,0,192,6,2,8,200
06/16/2013,MVY,MA,ANE,EN,Federal Contract Tower,6,24,31,0,61,0,50,95,0,145,6,74,126,0,206,0,0,0,206
06/17/2013,MVY,MA,ANE,EN,Federal Contract Tower,6,22,16,0,44,0,56,57,0,113,6,78,73,0,157,0,0,0,157
06/18/2013,MVY,MA,ANE,EN,Federal Contract Tower,4,41,15,0,60,0,27,30,0,57,4,68,45,0,117,0,2,2,119
06/19/2013,MVY,MA,ANE,EN,Federal Contract Tower,4,21,15,2,42,0,62,83,6,151,4,83,98,8,193,0,12,12,205
06/20/2013,MVY,MA,ANE,EN,Federal Contract Tower,8,24,20,0,52,0,80,94,0,174,8,104,114,0,226,28,0,28,254
06/21/2013,MVY,MA,ANE,EN,Federal Contract Tower,12,35,19,0,66,0,104,165,0,269,12,139,184,0,335,12,4,16,351
06/22/2013,MVY,MA,ANE,EN,Federal Contract Tower,12,26,16,5,59,0,66,99,0,165,12,92,115,5,224,4,0,4,228
06/23/2013,MVY,MA,ANE,EN,Federal Contract Tower,18,53,36,0,107,0,63,133,0,196,18,116,169,0,303,4,0,4,307
06/24/2013,MVY,MA,ANE,EN,Federal Contract Tower,6,52,22,0,80,0,63,98,0,161,6,115,120,0,241,0,0,0,241
06/25/2013,MVY,MA,ANE,EN,Federal Contract Tower,8,28,11,0,47,0,56,71,0,127,8,84,82,0,174,0,4,4,178
06/26/2013,MVY,MA,ANE,EN,Federal Contract Tower,8,22,13,2,45,0,67,80,0,147,8,89,93,2,192,2,2,4,196
06/27/2013,MVY,MA,ANE,EN,Federal Contract Tower,8,81,33,0,122,0,0,0,0,0,8,81,33,0,122,0,0,0,122
06/28/2013,MVY,MA,ANE,EN,Federal Contract Tower,8,123,59,0,190,0,0,0,0,0,8,123,59,0,190,0,0,0,190
06/29/2013,MVY,MA,ANE,EN,Federal Contract Tower,12,85,41,0,138,0,0,0,0,0,12,85,41,0,138,0,0,0,138
06/30/2013,MVY,MA,ANE,EN,Federal Contract Tower,12,112,59,0,183,0,0,0,0,0,12,112,59,0,183,0,0,0,183
07/01/2013,MVY,MA,ANE,EN,Federal Contract Tower,6,99,47,0,152,0,0,0,0,0,6,99,47,0,152,0,0,0,152
07/02/2013,MVY,MA,ANE,EN,Federal Contract Tower,10,103,41,0,154,0,0,0,0,0,10,103,41,0,154,0,0,0,154
07/03/2013,MVY,MA,ANE,EN,Federal Contract Tower,10,174,106,0,290,0,10,5,0,15,10,184,111,0,305,0,0,0,305
07/04/2013,MVY,MA,ANE,EN,Federal Contract Tower,4,69,28,0,101,0,32,62,0,94,4,101,90,0,195,0,0,0,195
07/05/2013,MVY,MA,ANE,EN,Federal Contract Tower,8,31,26,0,65,0,103,179,0,282,8,134,205,0,347,14,0,14,361
07/06/2013,MVY,MA,ANE,EN,Federal Contract Tower,14,17,17,0,48,0,89,114,0,203,14,106,131,0,251,0,0,0,251
07/07/2013,MVY,MA,ANE,EN,Federal Contract Tower,13,77,77,0,167,0,131,307,0,438,13,208,384,0,605,2,0,2,607
07/08/2013,MVY,MA,ANE,EN,Federal Contract Tower,8,52,27,0,87,0,66,92,0,158,8,118,119,0,245,0,0,0,245
07/09/2013,MVY,MA,ANE,EN,Federal Contract Tower,8,89,36,0,133,0,5,17,0,22,8,94,53,0,155,0,0,0,155
07/10/2013,MVY,MA,ANE,EN,Federal Contract Tower,8,86,51,0,145,0,0,2,0,2,8,86,53,0,147,0,0,0,147
07/11/2013,MVY,MA,ANE,EN,Federal Contract Tower,8,149,51,0,208,0,0,0,0,0,8,149,51,0,208,0,0,0,208
07/12/2013,MVY,MA,ANE,EN,Federal Contract Tower,12,163,69,2,246,0,0,0,0,0,12,163,69,2,246,0,2,2,248
07/13/2013,MVY,MA,ANE,EN,Federal Contract Tower,14,89,52,2,157,0,7,8,0,15,14,96,60,2,172,0,0,0,172
07/14/2013,MVY,MA,ANE,EN,Federal Contract Tower,13,89,56,0,158,0,59,143,0,202,13,148,199,0,360,18,0,18,378
07/15/2013,MVY,MA,ANE,EN,Federal Contract Tower,8,36,42,0,86,0,80,98,0,178,8,116,140,0,264,0,0,0,264
07/16/2013,MVY,MA,ANE,EN,Federal Contract Tower,8,39,16,0,63,0,54,72,0,126,8,93,88,0,189,0,0,0,189
07/17/2013,MVY,MA,ANE,EN,Federal Contract Tower,8,38,17,0,63,0,82,128,2,212,8,120,145,2,275,0,12,12,287
07/18/2013,MVY,MA,ANE,EN,Federal Contract Tower,8,44,26,0,78,0,100,93,2,195,8,144,119,2,273,0,0,0,273
07/19/2013,MVY,MA,ANE,EN,Federal Contract Tower,10,59,44,0,113,0,124,133,0,257,10,183,177,0,370,4,0,4,374
07/20/2013,MVY,MA,ANE,EN,Federal Contract Tower,14,38,27,0,79,0,91,105,0,196,14,129,132,0,275,0,0,0,275
07/21/2013,MVY,MA,ANE,EN,Federal Contract Tower,14,64,46,0,124,0,85,164,0,249,14,149,210,0,373,0,0,0,373
07/22/2013,MVY,MA,ANE,EN,Federal Contract Tower,8,78,62,2,150,0,58,62,0,120,8,136,124,2,270,8,6,14,284
07/23/2013,MVY,MA,ANE,EN,Federal Contract Tower,8,67,39,0,114,0,0,0,0,0,8,67,39,0,114,0,0,0,114
07/24/2013,MVY,MA,ANE,EN,Federal Contract Tower,8,53,34,0,95,0,82,87,1,170,8,135,121,1,265,12,2,14,279
07/25/2013,MVY,MA,ANE,EN,Federal Contract Tower,8,121,67,0,196,0,27,14,0,41,8,148,81,0,237,0,0,0,237
07/26/2013,MVY,MA,ANE,EN,Federal Contract Tower,12,134,112,0,258,0,10,10,0,20,12,144,122,0,278,0,0,0,278
07/27/2013,MVY,MA,ANE,EN,Federal Contract Tower,16,41,50,0,107,0,89,146,0,235,16,130,196,0,342,0,0,0,342
07/28/2013,MVY,MA,ANE,EN,Federal Contract Tower,14,134,95,2,245,0,23,20,0,43,14,157,115,2,288,0,0,0,288
07/29/2013,MVY,MA,ANE,EN,Federal Contract Tower,8,120,54,0,182,0,36,51,0,87,8,156,105,0,269,0,0,0,269
07/30/2013,MVY,MA,ANE,EN,Federal Contract Tower,4,23,22,2,51,0,74,101,0,175,4,97,123,2,226,14,0,14,240
07/31/2013,MVY,MA,ANE,EN,Federal Contract Tower,8,40,17,0,65,0,66,101,0,167,8,106,118,0,232,6,0,6,238
08/01/2013,MVY,MA,ANE,EN,Federal Contract Tower,8,84,27,0,119,0,109,77,0,186,8,193,104,0,305,22,0,22,327
08/02/2013,MVY,MA,ANE,EN,Federal Contract Tower,10,75,40,0,125,0,75,108,0,183,10,150,148,0,308,0,0,0,308
08/03/2013,MVY,MA,ANE,EN,Federal Contract Tower,14,46,27,0,87,0,76,87,0,163,14,122,114,0,250,2,0,2,252
08/04/2013,MVY,MA,ANE,EN,Federal Contract Tower,14,54,35,0,103,0,101,193,0,294,14,155,228,0,397,0,8,8,405
08/05/2013,MVY,MA,ANE,EN,Federal Contract Tower,8,37,27,0,72,0,81,113,0,194,8,118,140,0,266,6,0,6,272
08/06/2013,MVY,MA,ANE,EN,Federal Contract Tower,9,31,27,0,67,0,81,107,0,188,9,112,134,0,255,12,0,12,267
08/07/2013,MVY,MA,ANE,EN,Federal Contract Tower,9,45,32,3,89,0,80,109,0,189,9,125,141,3,278,40,2,42,320
08/08/2013,MVY,MA,ANE,EN,Federal Contract Tower,14,100,32,2,148,0,78,78,0,156,14,178,110,2,304,4,0,4,308
08/09/2013,MVY,MA,ANE,EN,Federal Contract Tower,12,128,78,5,223,0,26,19,6,51,12,154,97,11,274,0,6,6,280
08/10/2013,MVY,MA,ANE,EN,Federal Contract Tower,12,125,12,0,149,0,50,57,0,107,12,175,69,0,256,0,0,0,256
08/11/2013,MVY,MA,ANE,EN,Federal Contract Tower,12,129,84,2,227,0,4,3,0,7,12,133,87,2,234,0,0,0,234
08/12/2013,MVY,MA,ANE,EN,Federal Contract Tower,8,136,58,2,204,0,1,7,0,8,8,137,65,2,212,0,0,0,212
08/13/2013,MVY,MA,ANE,EN,Federal Contract Tower,8,104,27,0,139,0,0,0,0,0,8,104,27,0,139,0,0,0,139
08/14/2013,MVY,MA,ANE,EN,Federal Contract Tower,8,117,20,2,147,0,0,3,8,11,8,117,23,10,158,0,0,0,158
08/15/2013,MVY,MA,ANE,EN,Federal Contract Tower,8,124,48,2,182,0,0,14,0,14,8,124,62,2,196,0,0,0,196
08/16/2013,MVY,MA,ANE,EN,Federal Contract Tower,12,152,45,0,209,0,8,15,0,23,12,160,60,0,232,0,0,0,232
08/17/2013,MVY,MA,ANE,EN,Federal Contract Tower,16,111,38,0,165,0,4,17,0,21,16,115,55,0,186,0,0,0,186
08/18/2013,MVY,MA,ANE,EN,Federal Contract Tower,12,152,71,3,238,0,1,9,6,16,12,153,80,9,254,0,0,0,254
08/19/2013,MVY,MA,ANE,EN,Federal Contract Tower,8,48,24,0,80,0,119,160,0,279,8,167,184,0,359,8,0,8,367
08/20/2013,MVY,MA,ANE,EN,Federal Contract Tower,8,44,21,0,73,0,70,119,0,189,8,114,140,0,262,16,0,16,278
08/21/2013,MVY,MA,ANE,EN,Federal Contract Tower,0,43,17,0,60,0,74,76,0,150,0,117,93,0,210,22,8,30,240
08/22/2013,MVY,MA,ANE,EN,Federal Contract Tower,8,116,48,6,178,0,24,26,2,52,8,140,74,8,230,14,4,18,248
08/23/2013,MVY,MA,ANE,EN,Federal Contract Tower,14,61,30,2,107,0,119,136,0,255,14,180,166,2,362,2,0,2,364
08/24/2013,MVY,MA,ANE,EN,Federal Contract Tower,10,24,12,0,46,0,69,90,0,159,10,93,102,0,205,8,0,8,213
08/25/2013,MVY,MA,ANE,EN,Federal Contract Tower,12,35,28,0,75,0,95,208,0,303,12,130,236,0,378,0,0,0,378
08/26/2013,MVY,MA,ANE,EN,Federal Contract Tower,8,43,15,9,75,0,81,70,0,151,8,124,85,9,226,20,0,20,246
08/27/2013,MVY,MA,ANE,EN,Federal Contract Tower,8,62,35,4,109,0,6,8,0,14,8,68,43,4,123,0,0,0,123
08/28/2013,MVY,MA,ANE,EN,Federal Contract Tower,7,75,42,0,124,0,14,27,0,41,7,89,69,0,165,12,0,12,177
08/29/2013,MVY,MA,ANE,EN,Federal Contract Tower,10,118,49,0,177,0,0,1,0,1,10,118,50,0,178,0,0,0,178
08/30/2013,MVY,MA,ANE,EN,Federal Contract Tower,12,107,58,0,177,0,64,98,7,169,12,171,156,7,346,24,2,26,372
08/31/2013,MVY,MA,ANE,EN,Federal Contract Tower,12,76,57,0,145,0,1,0,0,1,12,77,57,0,146,0,0,0,146
09/01/2013,MVY,MA,ANE,EN,Federal Contract Tower,10,84,47,0,141,0,1,6,0,7,10,85,53,0,148,16,6,22,170
09/02/2013,MVY,MA,ANE,EN,Federal Contract Tower,8,138,88,8,242,0,4,20,0,24,8,142,108,8,266,10,0,10,276
09/03/2013,MVY,MA,ANE,EN,Federal Contract Tower,8,75,24,0,107,0,4,6,0,10,8,79,30,0,117,0,0,0,117
09/04/2013,MVY,MA,ANE,EN,Federal Contract Tower,0,18,13,4,35,0,76,74,2,152,0,94,87,6,187,11,0,11,198
09/05/2013,MVY,MA,ANE,EN,Federal Contract Tower,4,36,17,0,57,0,45,51,0,96,4,81,68,0,153,16,0,16,169
09/06/2013,MVY,MA,ANE,EN,Federal Contract Tower,4,31,19,2,56,0,88,95,0,183,4,119,114,2,239,0,8,8,247
09/07/2013,MVY,MA,ANE,EN,Federal Contract Tower,4,12,13,0,29,0,82,107,0,189,4,94,120,0,218,16,0,16,234
09/08/2013,MVY,MA,ANE,EN,Federal Contract Tower,3,29,12,1,45,0,98,105,0,203,3,127,117,1,248,14,0,14,262
09/09/2013,MVY,MA,ANE,EN,Federal Contract Tower,4,25,9,0,38,0,68,58,0,126,4,93,67,0,164,0,0,0,164
09/10/2013,MVY,MA,ANE,EN,Federal Contract Tower,0,37,17,0,54,0,33,28,0,61,0,70,45,0,115,2,0,2,117
09/11/2013,MVY,MA,ANE,EN,Federal Contract Tower,0,28,8,0,36,0,0,26,0,26,0,28,34,0,62,0,0,0,62
09/12/2013,MVY,MA,ANE,EN,Federal Contract Tower,3,66,11,0,80,0,18,17,0,35,3,84,28,0,115,22,0,22,137
09/13/2013,MVY,MA,ANE,EN,Federal Contract Tower,5,55,26,0,86,0,30,40,0,70,5,85,66,0,156,2,0,2,158
09/14/2013,MVY,MA,ANE,EN,Federal Contract Tower,4,26,28,0,58,0,58,71,0,129,4,84,99,0,187,0,0,0,187
09/15/2013,MVY,MA,ANE,EN,Federal Contract Tower,4,32,22,0,58,0,76,121,0,197,4,108,143,0,255,16,0,16,271
09/16/2013,MVY,MA,ANE,EN,Federal Contract Tower,4,26,13,0,43,0,51,45,4,100,4,77,58,4,143,22,0,22,165
09/17/2013,MVY,MA,ANE,EN,Federal Contract Tower,0,23,6,0,29,0,50,47,0,97,0,73,53,0,126,0,0,0,126
09/18/2013,MVY,MA,ANE,EN,Federal Contract Tower,0,10,9,0,19,0,76,70,1,147,0,86,79,1,166,6,8,14,180
09/19/2013,MVY,MA,ANE,EN,Federal Contract Tower,2,20,5,0,27,0,54,74,0,128,2,74,79,0,155,10,0,10,165
09/20/2013,MVY,MA,ANE,EN,Federal Contract Tower,4,26,13,0,43,0,60,76,0,136,4,86,89,0,179,12,0,12,191
09/21/2013,MVY,MA,ANE,EN,Federal Contract Tower,6,13,21,0,40,0,61,63,0,124,6,74,84,0,164,22,0,22,186
09/22/2013,MVY,MA,ANE,EN,Federal Contract Tower,4,59,24,0,87,0,22,36,0,58,4,81,60,0,145,0,0,0,145
09/23/2013,MVY,MA,ANE,EN,Federal Contract Tower,4,19,11,0,34,0,45,48,0,93,4,64,59,0,127,0,0,0,127
09/24/2013,MVY,MA,ANE,EN,Federal Contract Tower,0,15,5,2,22,0,40,68,0,108,0,55,73,2,130,2,0,2,132
09/25/2013,MVY,MA,ANE,EN,Federal Contract Tower,0,23,6,2,31,0,32,68,2,102,0,55,74,4,133,2,2,4,137
09/26/2013,MVY,MA,ANE,EN,Federal Contract Tower,4,24,6,0,34,0,43,44,0,87,4,67,50,0,121,0,0,0,121
09/27/2013,MVY,MA,ANE,EN,Federal Contract Tower,4,60,30,0,94,0,69,69,0,138,4,129,99,0,232,4,4,8,240
09/28/2013,MVY,MA,ANE,EN,Federal Contract Tower,2,15,12,0,29,0,68,87,0,155,2,83,99,0,184,24,0,24,208
09/29/2013,MVY,MA,ANE,EN,Federal Contract Tower,4,37,30,0,71,0,71,115,0,186,4,108,145,0,257,18,0,18,275
09/30/2013,MVY,MA,ANE,EN,Federal Contract Tower,4,29,14,2,49,0,37,43,0,80,4,66,57,2,129,4,0,4,133
10/01/2013,MVY,MA,ANE,EN,Federal Contract Tower,0,12,14,0,26,0,43,50,0,93,0,55,64,0,119,0,0,0,119
10/02/2013,MVY,MA,ANE,EN,Federal Contract Tower,0,14,6,0,20,0,37,52,0,89,0,51,58,0,109,2,0,2,111
10/03/2013,MVY,MA,ANE,EN,Federal Contract Tower,2,5,10,0,17,0,48,53,0,101,2,53,63,0,118,2,0,2,120
10/04/2013,MVY,MA,ANE,EN,Federal Contract Tower,2,25,16,0,43,0,54,56,0,110,2,79,72,0,153,2,0,2,155
10/05/2013,MVY,MA,ANE,EN,Federal Contract Tower,0,32,15,0,47,0,8,17,0,25,0,40,32,0,72,0,0,0,72
10/06/2013,MVY,MA,ANE,EN,Federal Contract Tower,2,51,33,4,90,0,30,22,0,52,2,81,55,4,142,0,0,0,142
10/07/2013,MVY,MA,ANE,EN,Federal Contract Tower,2,52,19,6,79,0,9,8,0,17,2,61,27,6,96,12,2,14,110
10/08/2013,MVY,MA,ANE,EN,Federal Contract Tower,0,8,7,0,15,0,47,43,0,90,0,55,50,0,105,4,0,4,109
10/09/2013,MVY,MA,ANE,EN,Federal Contract Tower,0,19,4,0,23,0,13,24,0,37,0,32,28,0,60,0,0,0,60
10/10/2013,MVY,MA,ANE,EN,Federal Contract Tower,2,39,2,0,43,0,29,19,0,48,2,68,21,0,91,2,0,2,93
10/11/2013,MVY,MA,ANE,EN,Federal Contract Tower,2,51,20,0,73,0,37,70,0,107,2,88,90,0,180,2,0,2,182
10/12/2013,MVY,MA,ANE,EN,Federal Contract Tower,0,23,18,0,41,0,23,29,0,52,0,46,47,0,93,0,0,0,93
10/13/2013,MVY,MA,ANE,EN,Federal Contract Tower,2,20,30,0,52,0,36,57,0,93,2,56,87,0,145,0,0,0,145
10/14/2013,MVY,MA,ANE,EN,Federal Contract Tower,2,18,12,0,32,0,65,73,0,138,2,83,85,0,170,0,0,0,170
10/15/2013,MVY,MA,ANE,EN,Federal Contract Tower,0,16,9,0,25,0,49,63,0,112,0,65,72,0,137,2,0,2,139
10/16/2013,MVY,MA,ANE,EN,Federal Contract Tower,0,43,7,0,50,0,0,0,0,0,0,43,7,0,50,0,0,0,50
10/17/2013,MVY,MA,ANE,EN,Federal Contract Tower,0,42,16,0,58,0,6,10,0,16,0,48,26,0,74,10,0,10,84
10/18/2013,MVY,MA,ANE,EN,Federal Contract Tower,0,15,9,0,24,0,45,51,0,96,0,60,60,0,120,16,0,16,136
10/19/2013,MVY,MA,ANE,EN,Federal Contract Tower,0,10,12,1,23,0,48,105,0,153,0,58,117,1,176,28,2,30,206
10/20/2013,MVY,MA,ANE,EN,Federal Contract Tower,0,8,12,0,20,0,40,84,0,124,0,48,96,0,144,0,0,0,144
10/21/2013,MVY,MA,ANE,EN,Federal Contract Tower,0,10,7,2,19,0,46,73,2,121,0,56,80,4,140,16,18,34,174
10/22/2013,MVY,MA,ANE,EN,Federal Contract Tower,0,14,2,0,16,0,36,38,0,74,0,50,40,0,90,6,0,6,96
10/23/2013,MVY,MA,ANE,EN,Federal Contract Tower,0,13,7,0,20,0,16,17,0,33,0,29,24,0,53,0,0,0,53
10/24/2013,MVY,MA,ANE,EN,Federal Contract Tower,0,9,3,0,12,0,28,29,0,57,0,37,32,0,69,28,4,32,101
10/25/2013,MVY,MA,ANE,EN,Federal Contract Tower,0,11,7,0,18,0,54,59,0,113,0,65,66,0,131,14,0,14,145
10/26/2013,MVY,MA,ANE,EN,Federal Contract Tower,0,8,8,0,16,0,50,53,0,103,0,58,61,0,119,6,0,6,125
10/27/2013,MVY,MA,ANE,EN,Federal Contract Tower,0,10,6,0,16,0,38,91,0,129,0,48,97,0,145,0,0,0,145
10/28/2013,MVY,MA,ANE,EN,Federal Contract Tower,0,21,6,0,27,0,44,35,0,79,0,65,41,0,106,4,0,4,110
10/29/2013,MVY,MA,ANE,EN,Federal Contract Tower,0,15,3,2,20,0,38,46,3,87,0,53,49,5,107,4,6,10,117
10/30/2013,MVY,MA,ANE,EN,Federal Contract Tower,0,20,2,0,22,0,30,32,0,62,0,50,34,0,84,8,0,8,92
10/31/2013,MVY,MA,ANE,EN,Federal Contract Tower,0,17,9,0,26,0,25,15,0,40,0,42,24,0,66,16,0,16,82
11/01/2013,MVY,MA,ANE,EN,Federal Contract Tower,0,4,3,0,7,0,3,0,0,3,0,7,3,0,10,0,0,0,10
11/02/2013,MVY,MA,ANE,EN,Federal Contract Tower,0,6,5,0,11,0,41,83,0,124,0,47,88,0,135,24,0,24,159
11/03/2013,MVY,MA,ANE,EN,Federal Contract Tower,0,21,8,0,29,0,11,8,0,19,0,32,16,0,48,0,0,0,48
11/04/2013,MVY,MA,ANE,EN,Federal Contract Tower,0,5,3,4,12,0,27,27,0,54,0,32,30,4,66,0,0,0,66
11/05/2013,MVY,MA,ANE,EN,Federal Contract Tower,0,1,2,0,3,0,24,43,1,68,0,25,45,1,71,10,0,10,81
11/06/2013,MVY,MA,ANE,EN,Federal Contract Tower,0,6,1,0,7,0,25,46,0,71,0,31,47,0,78,0,0,0,78
11/07/2013,MVY,MA,ANE,EN,Federal Contract Tower,0,17,5,0,22,0,1,0,0,1,0,18,5,0,23,0,0,0,23
11/08/2013,MVY,MA,ANE,EN,Federal Contract Tower,0,4,3,0,7,0,31,21,0,52,0,35,24,0,59,0,0,0,59
11/09/2013,MVY,MA,ANE,EN,Federal Contract Tower,0,5,3,0,8,0,22,45,2,69,0,27,48,2,77,28,2,30,107
11/10/2013,MVY,MA,ANE,EN,Federal Contract Tower,0,3,1,0,4,0,27,61,0,88,0,30,62,0,92,8,0,8,100
11/11/2013,MVY,MA,ANE,EN,Federal Contract Tower,0,4,3,0,7,0,28,44,0,72,0,32,47,0,79,4,0,4,83
11/12/2013,MVY,MA,ANE,EN,Federal Contract Tower,0,11,5,0,16,0,12,0,0,12,0,23,5,0,28,2,0,2,30
11/13/2013,MVY,MA,ANE,EN,Federal Contract Tower,0,3,0,0,3,0,24,33,0,57,0,27,33,0,60,0,0,0,60
11/14/2013,MVY,MA,ANE,EN,Federal Contract Tower,0,1,2,0,3,0,42,31,2,75,0,43,33,2,78,4,8,12,90
11/15/2013,MVY,MA,ANE,EN,Federal Contract Tower,0,6,3,2,11,0,30,39,0,69,0,36,42,2,80,0,2,2,82
11/16/2013,MVY,MA,ANE,EN,Federal Contract Tower,0,2,1,0,3,0,30,61,0,91,0,32,62,0,94,42,0,42,136
11/17/2013,MVY,MA,ANE,EN,Federal Contract Tower,0,11,17,0,28,0,0,0,0,0,0,11,17,0,28,0,0,0,28
11/18/2013,MVY,MA,ANE,EN,Federal Contract Tower,0,7,11,0,18,0,22,29,0,51,0,29,40,0,69,0,0,0,69
11/19/2013,MVY,MA,ANE,EN,Federal Contract Tower,0,6,3,3,12,0,30,31,2,63,0,36,34,5,75,4,0,4,79
11/20/2013,MVY,MA,ANE,EN,Federal Contract Tower,0,3,0,0,3,0,0,0,0,0,0,3,0,0,3,0,0,0,3
11/21/2013,MVY,MA,ANE,EN,Federal Contract Tower,0,3,5,0,8,0,23,34,0,57,0,26,39,0,65,8,0,8,73
11/22/2013,MVY,MA,ANE,EN,Federal Contract Tower,0,17,10,0,27,0,10,2,0,12,0,27,12,0,39,4,0,4,43
11/23/2013,MVY,MA,ANE,EN,Federal Contract Tower,0,1,3,0,4,0,27,25,0,52,0,28,28,0,56,0,0,0,56
11/24/2013,MVY,MA,ANE,EN,Federal Contract Tower,0,0,4,0,4,0,27,14,0,41,0,27,18,0,45,0,0,0,45
11/25/2013,MVY,MA,ANE,EN,Federal Contract Tower,0,3,5,0,8,0,32,29,2,63,0,35,34,2,71,2,0,2,73
11/26/2013,MVY,MA,ANE,EN,Federal Contract Tower,0,10,14,0,24,0,0,0,0,0,0,10,14,0,24,0,0,0,24
11/27/2013,MVY,MA,ANE,EN,Federal Contract Tower,0,11,8,0,19,0,0,0,0,0,0,11,8,0,19,0,0,0,19
11/28/2013,MVY,MA,ANE,EN,Federal Contract Tower,0,6,5,0,11,0,26,22,0,48,0,32,27,0,59,0,0,0,59
11/29/2013,MVY,MA,ANE,EN,Federal Contract Tower,0,10,4,2,16,0,49,61,2,112,0,59,65,4,128,20,0,20,148
11/30/2013,MVY,MA,ANE,EN,Federal Contract Tower,0,8,5,0,13,0,51,61,0,112,0,59,66,0,125,10,8,18,143
12/01/2013,MVY,MA,ANE,EN,Federal Contract Tower,0,43,27,0,70,0,32,44,0,76,0,75,71,0,146,0,0,0,146
12/02/2013,MVY,MA,ANE,EN,Federal Contract Tower,0,27,14,0,41,0,0,0,0,0,0,27,14,0,41,0,0,0,41
12/03/2013,MVY,MA,ANE,EN,Federal Contract Tower,0,10,4,0,14,0,12,15,0,27,0,22,19,0,41,0,0,0,41
12/04/2013,MVY,MA,ANE,EN,Federal Contract Tower,0,1,5,0,6,0,23,27,0,50,0,24,32,0,56,20,0,20,76
12/05/2013,MVY,MA,ANE,EN,Federal Contract Tower,0,16,8,0,24,0,10,12,0,22,0,26,20,0,46,8,0,8,54
12/06/2013,MVY,MA,ANE,EN,Federal Contract Tower,0,17,7,0,24,0,0,0,0,0,0,17,7,0,24,0,0,0,24
12/07/2013,MVY,MA,ANE,EN,Federal Contract Tower,0,8,3,0,11,0,19,42,0,61,0,27,45,0,72,20,0,20,92
12/08/2013,MVY,MA,ANE,EN,Federal Contract Tower,0,1,6,0,7,0,10,55,0,65,0,11,61,0,72,14,0,14,86
12/09/2013,MVY,MA,ANE,EN,Federal Contract Tower,0,18,0,0,18,0,0,0,0,0,0,18,0,0,18,0,0,0,18
12/10/2013,MVY,MA,ANE,EN,Federal Contract Tower,0,7,4,0,11,0,7,3,0,10,0,14,7,0,21,0,0,0,21
12/11/2013,MVY,MA,ANE,EN,Federal Contract Tower,0,2,3,0,5,0,10,19,0,29,0,12,22,0,34,8,0,8,42
12/12/2013,MVY,MA,ANE,EN,Federal Contract Tower,0,3,0,0,3,0,21,23,0,44,0,24,23,0,47,2,0,2,49
12/13/2013,MVY,MA,ANE,EN,Federal Contract Tower,0,8,2,0,10,0,25,29,0,54,0,33,31,0,64,0,0,0,64
12/14/2013,MVY,MA,ANE,EN,Federal Contract Tower,0,4,3,0,7,0,8,15,0,23,0,12,18,0,30,0,0,0,30
12/15/2013,MVY,MA,ANE,EN,Federal Contract Tower,0,10,0,0,10,0,0,0,0,0,0,10,0,0,10,0,0,0,10
12/16/2013,MVY,MA,ANE,EN,Federal Contract Tower,0,2,3,0,5,0,23,20,0,43,0,25,23,0,48,0,0,0,48
12/17/2013,MVY,MA,ANE,EN,Federal Contract Tower,0,14,0,0,14,0,10,1,0,11,0,24,1,0,25,0,0,0,25
12/18/2013,MVY,MA,ANE,EN,Federal Contract Tower,0,9,1,0,10,0,14,23,0,37,0,23,24,0,47,0,0,0,47
12/19/2013,MVY,MA,ANE,EN,Federal Contract Tower,0,3,6,0,9,0,19,19,0,38,0,22,25,0,47,4,0,4,51
12/20/2013,MVY,MA,ANE,EN,Federal Contract Tower,0,7,3,0,10,0,37,57,0,94,0,44,60,0,104,28,0,28,132
12/21/2013,MVY,MA,ANE,EN,Federal Contract Tower,0,10,6,0,16,0,13,43,0,56,0,23,49,0,72,12,0,12,84
12/22/2013,MVY,MA,ANE,EN,Federal Contract Tower,0,14,4,0,18,0,0,0,0,0,0,14,4,0,18,0,0,0,18
12/23/2013,MVY,MA,ANE,EN,Federal Contract Tower,0,21,2,0,23,0,0,0,0,0,0,21,2,0,23,0,0,0,23
12/24/2013,MVY,MA,ANE,EN,Federal Contract Tower,0,3,0,0,3,0,32,21,0,53,0,35,21,0,56,0,0,0,56
12/25/2013,MVY,MA,ANE,EN,Federal Contract Tower,0,1,0,0,1,0,14,4,0,18,0,15,4,0,19,0,0,0,19
12/26/2013,MVY,MA,ANE,EN,Federal Contract Tower,0,10,10,0,20,0,9,3,0,12,0,19,13,0,32,0,0,0,32
12/27/2013,MVY,MA,ANE,EN,Federal Contract Tower,0,7,5,0,12,0,24,44,0,68,0,31,49,0,80,20,0,20,100
12/28/2013,MVY,MA,ANE,EN,Federal Contract Tower,0,2,10,0,12,0,20,54,0,74,0,22,64,0,86,30,0,30,116
12/29/2013,MVY,MA,ANE,EN,Federal Contract Tower,0,10,6,0,16,0,13,34,0,47,0,23,40,0,63,0,0,0,63
12/30/2013,MVY,MA,ANE,EN,Federal Contract Tower,0,14,0,0,14,0,23,33,0,56,0,37,33,0,70,0,0,0,70
12/31/2013,MVY,MA,ANE,EN,Federal Contract Tower,0,5,5,0,10,0,15,23,0,38,0,20,28,0,48,0,0,0,48
01/01/2014,MVY,MA,ANE,EN,Federal Contract Tower,0,7,1,0,8,0,31,26,0,57,0,38,27,0,65,14,0,14,79
01/02/2014,MVY,MA,ANE,EN,Federal Contract Tower,0,7,2,0,9,0,0,0,0,0,0,7,2,0,9,0,0,0,9
01/03/2014,MVY,MA,ANE,EN,Federal Contract Tower,0,0,0,0,0,0,0,0,0,0,0,0,0,0,0,0,0,0,0
01/04/2014,MVY,MA,ANE,EN,Federal Contract Tower,0,2,3,0,5,0,14,29,0,43,0,16,32,0,48,26,0,26,74
01/05/2014,MVY,MA,ANE,EN,Federal Contract Tower,0,5,1,0,6,0,16,37,0,53,0,21,38,0,59,6,0,6,65
01/06/2014,MVY,MA,ANE,EN,Federal Contract Tower,0,7,0,0,7,0,0,0,0,0,0,7,0,0,7,0,0,0,7
01/07/2014,MVY,MA,ANE,EN,Federal Contract Tower,0,5,1,1,7,0,20,20,3,43,0,25,21,4,50,0,0,0,50
01/08/2014,MVY,MA,ANE,EN,Federal Contract Tower,0,1,3,0,4,0,12,24,0,36,0,13,27,0,40,14,0,14,54
01/09/2014,MVY,MA,ANE,EN,Federal Contract Tower,0,1,0,0,1,0,24,17,0,41,0,25,17,0,42,0,0,0,42
01/10/2014,MVY,MA,ANE,EN,Federal Contract Tower,0,16,2,0,18,0,4,3,0,7,0,20,5,0,25,4,0,4,29
01/11/2014,MVY,MA,ANE,EN,Federal Contract Tower,0,6,2,0,8,0,1,0,0,1,0,7,2,0,9,0,0,0,9
01/12/2014,MVY,MA,ANE,EN,Federal Contract Tower,0,2,0,0,2,0,24,51,0,75,0,26,51,0,77,0,0,0,77
01/13/2014,MVY,MA,ANE,EN,Federal Contract Tower,0,4,1,0,5,0,22,35,0,57,0,26,36,0,62,0,0,0,62
01/14/2014,MVY,MA,ANE,EN,Federal Contract Tower,0,13,0,0,13,0,6,5,0,11,0,19,5,0,24,0,0,0,24
01/15/2014,MVY,MA,ANE,EN,Federal Contract Tower,0,7,1,0,8,0,24,33,0,57,0,31,34,0,65,28,0,28,93
01/16/2014,MVY,MA,ANE,EN,Federal Contract Tower,0,26,6,0,32,0,0,0,0,0,0,26,6,0,32,0,0,0,32
01/17/2014,MVY,MA,ANE,EN,Federal Contract Tower,0,13,3,0,16,0,19,36,4,59,0,32,39,4,75,28,4,32,107
01/18/2014,MVY,MA,ANE,EN,Federal Contract Tower,0,9,0,0,9,0,1,0,0,1,0,10,0,0,10,0,0,0,10
01/19/2014,MVY,MA,ANE,EN,Federal Contract Tower,0,15,4,0,19,0,15,11,0,26,0,30,15,0,45,0,0,0,45
01/20/2014,MVY,MA,ANE,EN,Federal Contract Tower,0,7,1,0,8,0,19,12,0,31,0,26,13,0,39,0,0,0,39
01/21/2014,MVY,MA,ANE,EN,Federal Contract Tower,0,4,4,0,8,0,12,13,0,25,0,16,17,0,33,2,0,2,35
01/22/2014,MVY,MA,ANE,EN,Federal Contract Tower,0,1,1,0,2,0,1,0,0,1,0,2,1,0,3,0,0,0,3
01/23/2014,MVY,MA,ANE,EN,Federal Contract Tower,0,2,0,0,2,0,20,4,0,24,0,22,4,0,26,2,0,2,28
01/24/2014,MVY,MA,ANE,EN,Federal Contract Tower,0,4,1,0,5,0,30,30,0,60,0,34,31,0,65,10,0,10,75
01/25/2014,MVY,MA,ANE,EN,Federal Contract Tower,0,2,0,0,2,0,9,2,0,11,0,11,2,0,13,0,0,0,13
01/26/2014,MVY,MA,ANE,EN,Federal Contract Tower,0,0,2,0,2,0,11,5,0,16,0,11,7,0,18,0,0,0,18
01/27/2014,MVY,MA,ANE,EN,Federal Contract Tower,0,11,1,2,14,0,23,16,4,43,0,34,17,6,57,4,2,6,63
01/28/2014,MVY,MA,ANE,EN,Federal Contract Tower,0,5,0,0,5,0,18,16,0,34,0,23,16,0,39,0,0,0,39
01/29/2014,MVY,MA,ANE,EN,Federal Contract Tower,0,9,3,0,12,0,8,8,0,16,0,17,11,0,28,0,0,0,28
01/30/2014,MVY,MA,ANE,EN,Federal Contract Tower,0,1,5,1,7,0,38,30,0,68,0,39,35,1,75,10,0,10,85
01/31/2014,MVY,MA,ANE,EN,Federal Contract Tower,0,5,0,0,5,0,14,17,0,31,0,19,17,0,36,0,2,2,38
02/01/2014,MVY,MA,ANE,EN,Federal Contract Tower,0,2,1,0,3,0,32,51,0,83,0,34,52,0,86,4,0,4,90
02/02/2014,MVY,MA,ANE,EN,Federal Contract Tower,0,8,7,0,15,0,10,11,0,21,0,18,18,0,36,0,0,0,36
02/03/2014,MVY,MA,ANE,EN,Federal Contract Tower,0,10,0,0,10,0,0,0,0,0,0,10,0,0,10,0,0,0,10
02/04/2014,MVY,MA,ANE,EN,Federal Contract Tower,0,4,0,0,4,0,23,18,0,41,0,27,18,0,45,0,0,0,45
02/05/2014,MVY,MA,ANE,EN,Federal Contract Tower,0,0,0,0,0,0,0,0,0,0,0,0,0,0,0,0,0,0,0
02/06/2014,MVY,MA,ANE,EN,Federal Contract Tower,0,11,0,0,11,0,13,6,0,19,0,24,6,0,30,0,0,0,30
02/07/2014,MVY,MA,ANE,EN,Federal Contract Tower,0,4,1,0,5,0,22,27,0,49,0,26,28,0,54,2,0,2,56
02/08/2014,MVY,MA,ANE,EN,Federal Contract Tower,0,0,3,0,3,0,21,47,0,68,0,21,50,0,71,2,2,4,75
02/09/2014,MVY,MA,ANE,EN,Federal Contract Tower,0,11,0,0,11,0,19,27,0,46,0,30,27,0,57,0,0,0,57
02/10/2014,MVY,MA,ANE,EN,Federal Contract Tower,0,1,1,0,2,0,27,14,0,41,0,28,15,0,43,0,0,0,43
02/11/2014,MVY,MA,ANE,EN,Federal Contract Tower,0,2,4,0,6,0,28,23,0,51,0,30,27,0,57,0,8,8,65
02/12/2014,MVY,MA,ANE,EN,Federal Contract Tower,0,1,0,2,3,0,20,7,0,27,0,21,7,2,30,0,14,14,44
02/13/2014,MVY,MA,ANE,EN,Federal Contract Tower,0,8,0,0,8,0,1,0,0,1,0,9,0,0,9,0,0,0,9
02/14/2014,MVY,MA,ANE,EN,Federal Contract Tower,0,13,0,0,13,0,11,2,0,13,0,24,2,0,26,0,0,0,26
02/15/2014,MVY,MA,ANE,EN,Federal Contract Tower,0,1,3,0,4,0,8,9,0,17,0,9,12,0,21,8,0,8,29
02/16/2014,MVY,MA,ANE,EN,Federal Contract Tower,0,0,0,0,0,0,13,8,0,21,0,13,8,0,21,2,0,2,23
02/17/2014,MVY,MA,ANE,EN,Federal Contract Tower,0,8,8,0,16,0,22,20,0,42,0,30,28,0,58,12,0,12,70
02/18/2014,MVY,MA,ANE,EN,Federal Contract Tower,0,6,2,0,8,0,5,0,0,5,0,11,2,0,13,0,0,0,13
02/19/2014,MVY,MA,ANE,EN,Federal Contract Tower,0,5,3,0,8,0,11,0,0,11,0,16,3,0,19,0,0,0,19
02/20/2014,MVY,MA,ANE,EN,Federal Contract Tower,0,3,5,0,8,0,22,32,0,54,0,25,37,0,62,22,16,38,100
02/21/2014,MVY,MA,ANE,EN,Federal Contract Tower,0,3,2,0,5,0,0,0,0,0,0,3,2,0,5,0,0,0,5
02/22/2014,MVY,MA,ANE,EN,Federal Contract Tower,0,3,5,0,8,0,32,75,0,107,0,35,80,0,115,28,0,28,143
02/23/2014,MVY,MA,ANE,EN,Federal Contract Tower,0,1,7,3,11,0,15,66,0,81,0,16,73,3,92,2,2,4,96
02/24/2014,MVY,MA,ANE,EN,Federal Contract Tower,0,4,4,2,10,0,19,16,2,37,0,23,20,4,47,0,0,0,47
02/25/2014,MVY,MA,ANE,EN,Federal Contract Tower,0,5,2,0,7,0,24,30,0,54,0,29,32,0,61,0,0,0,61
02/26/2014,MVY,MA,ANE,EN,Federal Contract Tower,0,3,3,0,6,0,22,4,0,26,0,25,7,0,32,0,0,0,32
02/27/2014,MVY,MA,ANE,EN,Federal Contract Tower,0,3,5,0,8,0,19,8,0,27,0,22,13,0,35,14,0,14,49
02/28/2014,MVY,MA,ANE,EN,Federal Contract Tower,0,1,6,0,7,0,27,27,3,57,0,28,33,3,64,6,2,8,72
03/01/2014,MVY,MA,ANE,EN,Federal Contract Tower,0,0,3,0,3,0,21,54,0,75,0,21,57,0,78,6,0,6,84
03/02/2014,MVY,MA,ANE,EN,Federal Contract Tower,0,12,6,0,18,0,19,22,0,41,0,31,28,0,59,0,0,0,59
03/03/2014,MVY,MA,ANE,EN,Federal Contract Tower,0,12,2,0,14,0,11,0,0,11,0,23,2,0,25,0,0,0,25
03/04/2014,MVY,MA,ANE,EN,Federal Contract Tower,0,10,2,0,12,0,21,20,0,41,0,31,22,0,53,0,0,0,53
03/05/2014,MVY,MA,ANE,EN,Federal Contract Tower,0,3,1,0,4,0,27,11,0,38,0,30,12,0,42,2,0,2,44
03/06/2014,MVY,MA,ANE,EN,Federal Contract Tower,0,1,0,0,1,0,29,24,0,53,0,30,24,0,54,0,0,0,54
03/07/2014,MVY,MA,ANE,EN,Federal Contract Tower,0,1,3,0,4,0,30,26,0,56,0,31,29,0,60,0,0,0,60
03/08/2014,MVY,MA,ANE,EN,Federal Contract Tower,0,3,6,0,9,28,92,0,0,120,28,95,6,0,129,24,0,24,153
03/09/2014,MVY,MA,ANE,EN,Federal Contract Tower,0,0,6,0,6,0,29,63,0,92,0,29,69,0,98,6,0,6,104
03/10/2014,MVY,MA,ANE,EN,Federal Contract Tower,0,13,7,0,20,0,10,9,0,19,0,23,16,0,39,0,0,0,39
03/11/2014,MVY,MA,ANE,EN,Federal Contract Tower,0,6,7,0,13,0,18,15,0,33,0,24,22,0,46,0,0,0,46
03/12/2014,MVY,MA,ANE,EN,Federal Contract Tower,0,6,2,0,8,0,20,8,2,30,0,26,10,2,38,0,0,0,38
03/13/2014,MVY,MA,ANE,EN,Federal Contract Tower,0,4,1,0,5,0,2,1,0,3,0,6,2,0,8,0,0,0,8
03/14/2014,MVY,MA,ANE,EN,Federal Contract Tower,0,13,3,0,16,0,31,42,0,73,0,44,45,0,89,16,0,16,105
03/15/2014,MVY,MA,ANE,EN,Federal Contract Tower,0,7,6,0,13,0,30,20,0,50,0,37,26,0,63,6,0,6,69
03/16/2014,MVY,MA,ANE,EN,Federal Contract Tower,0,13,4,0,17,0,26,46,0,72,0,39,50,0,89,16,0,16,105
03/17/2014,MVY,MA,ANE,EN,Federal Contract Tower,0,8,3,0,11,0,30,8,0,38,0,38,11,0,49,0,0,0,49
03/18/2014,MVY,MA,ANE,EN,Federal Contract Tower,0,1,2,0,3,0,23,16,0,39,0,24,18,0,42,0,0,0,42
03/19/2014,MVY,MA,ANE,EN,Federal Contract Tower,0,1,1,0,2,0,24,22,0,46,0,25,23,0,48,24,0,24,72
03/20/2014,MVY,MA,ANE,EN,Federal Contract Tower,0,16,5,2,23,0,13,7,0,20,0,29,12,2,43,2,2,4,47
03/21/2014,MVY,MA,ANE,EN,Federal Contract Tower,0,1,2,0,3,0,30,24,2,56,0,31,26,2,59,28,2,30,89
03/22/2014,MVY,MA,ANE,EN,Federal Contract Tower,0,1,3,0,4,0,21,38,0,59,0,22,41,0,63,12,0,12,75
03/23/2014,MVY,MA,ANE,EN,Federal Contract Tower,0,2,4,0,6,0,32,54,0,86,0,34,58,0,92,28,0,28,120
03/24/2014,MVY,MA,ANE,EN,Federal Contract Tower,0,1,0,0,1,0,28,20,0,48,0,29,20,0,49,0,0,0,49
03/25/2014,MVY,MA,ANE,EN,Federal Contract Tower,0,1,3,0,4,0,22,26,0,48,0,23,29,0,52,8,8,16,68
03/26/2014,MVY,MA,ANE,EN,Federal Contract Tower,0,0,0,0,0,0,0,0,0,0,0,0,0,0,0,0,0,0,0
03/27/2014,MVY,MA,ANE,EN,Federal Contract Tower,0,3,3,0,6,0,27,25,0,52,0,30,28,0,58,12,0,12,70
03/28/2014,MVY,MA,ANE,EN,Federal Contract Tower,0,9,1,0,10,0,24,18,0,42,0,33,19,0,52,0,0,0,52
03/29/2014,MVY,MA,ANE,EN,Federal Contract Tower,0,4,1,0,5,0,17,4,0,21,0,21,5,0,26,0,0,0,26
03/30/2014,MVY,MA,ANE,EN,Federal Contract Tower,0,2,1,0,3,0,0,0,0,0,0,2,1,0,3,0,0,0,3
03/31/2014,MVY,MA,ANE,EN,Federal Contract Tower,0,25,4,0,29,0,0,2,0,2,0,25,6,0,31,0,0,0,31
04/01/2014,MVY,MA,ANE,EN,Federal Contract Tower,0,10,1,0,11,0,21,15,0,36,0,31,16,0,47,0,0,0,47
04/02/2014,MVY,MA,ANE,EN,Federal Contract Tower,0,5,2,0,7,0,26,18,1,45,0,31,20,1,52,6,2,8,60
04/03/2014,MVY,MA,ANE,EN,Federal Contract Tower,0,2,2,0,4,0,26,35,0,61,0,28,37,0,65,0,0,0,65
04/04/2014,MVY,MA,ANE,EN,Federal Contract Tower,0,13,3,0,16,0,26,32,0,58,0,39,35,0,74,6,0,6,80
04/05/2014,MVY,MA,ANE,EN,Federal Contract Tower,0,10,7,0,17,0,10,6,0,16,0,20,13,0,33,0,0,0,33
04/06/2014,MVY,MA,ANE,EN,Federal Contract Tower,0,3,4,0,7,0,25,93,0,118,0,28,97,0,125,14,0,14,139
04/07/2014,MVY,MA,ANE,EN,Federal Contract Tower,0,9,1,4,14,0,26,31,0,57,0,35,32,4,71,2,0,2,73
04/08/2014,MVY,MA,ANE,EN,Federal Contract Tower,0,6,0,0,6,0,0,0,0,0,0,6,0,0,6,0,0,0,6
04/09/2014,MVY,MA,ANE,EN,Federal Contract Tower,0,3,1,0,4,0,25,29,0,54,0,28,30,0,58,4,0,4,62
04/10/2014,MVY,MA,ANE,EN,Federal Contract Tower,0,4,3,0,7,0,33,36,0,69,0,37,39,0,76,12,2,14,90
04/11/2014,MVY,MA,ANE,EN,Federal Contract Tower,0,3,7,0,10,0,22,41,0,63,0,25,48,0,73,20,0,20,93
04/12/2014,MVY,MA,ANE,EN,Federal Contract Tower,0,0,4,0,4,0,26,39,0,65,0,26,43,0,69,10,0,10,79
04/13/2014,MVY,MA,ANE,EN,Federal Contract Tower,0,5,7,0,12,0,24,109,0,133,0,29,116,0,145,0,0,0,145
04/14/2014,MVY,MA,ANE,EN,Federal Contract Tower,0,7,2,0,9,0,20,18,0,38,0,27,20,0,47,0,0,0,47
04/15/2014,MVY,MA,ANE,EN,Federal Contract Tower,0,11,6,2,19,0,8,9,0,17,0,19,15,2,36,0,0,0,36
04/16/2014,MVY,MA,ANE,EN,Federal Contract Tower,0,5,2,0,7,0,24,8,0,32,0,29,10,0,39,0,0,0,39
04/17/2014,MVY,MA,ANE,EN,Federal Contract Tower,0,5,3,0,8,0,25,27,0,52,0,30,30,0,60,0,0,0,60
04/18/2014,MVY,MA,ANE,EN,Federal Contract Tower,0,27,21,0,48,0,48,38,0,86,0,75,59,0,134,16,0,16,150
04/19/2014,MVY,MA,ANE,EN,Federal Contract Tower,0,1,4,0,5,0,37,98,0,135,0,38,102,0,140,42,0,42,182
04/20/2014,MVY,MA,ANE,EN,Federal Contract Tower,0,7,5,0,12,0,39,97,0,136,0,46,102,0,148,24,0,24,172
04/21/2014,MVY,MA,ANE,EN,Federal Contract Tower,0,1,4,0,5,0,31,68,0,99,0,32,72,0,104,0,0,0,104
04/22/2014,MVY,MA,ANE,EN,Federal Contract Tower,0,1,1,0,2,0,29,32,0,61,0,30,33,0,63,0,0,0,63
04/23/2014,MVY,MA,ANE,EN,Federal Contract Tower,0,18,4,0,22,0,0,0,0,0,0,18,4,0,22,0,0,0,22
04/24/2014,MVY,MA,ANE,EN,Federal Contract Tower,0,2,0,0,2,0,32,1,0,33,0,34,1,0,35,8,0,8,43
04/25/2014,MVY,MA,ANE,EN,Federal Contract Tower,0,3,6,0,9,0,47,77,0,124,0,50,83,0,133,24,0,24,157
04/26/2014,MVY,MA,ANE,EN,Federal Contract Tower,0,2,11,0,13,0,43,81,0,124,0,45,92,0,137,0,0,0,137
04/27/2014,MVY,MA,ANE,EN,Federal Contract Tower,0,9,27,0,36,0,0,5,0,5,0,9,32,0,41,0,0,0,41
04/28/2014,MVY,MA,ANE,EN,Federal Contract Tower,0,5,3,0,8,0,30,32,0,62,0,35,35,0,70,0,0,0,70
04/29/2014,MVY,MA,ANE,EN,Federal Contract Tower,0,16,10,0,26,0,6,0,0,6,0,22,10,0,32,0,0,0,32
04/30/2014,MVY,MA,ANE,EN,Federal Contract Tower,0,15,8,0,23,0,9,5,0,14,0,24,13,0,37,0,0,0,37
05/01/2014,MVY,MA,ANE,EN,Federal Contract Tower,0,24,0,0,24,0,0,0,0,0,0,24,0,0,24,0,0,0,24
05/02/2014,MVY,MA,ANE,EN,Federal Contract Tower,0,9,2,0,11,0,51,75,0,126,0,60,77,0,137,8,0,8,145
05/03/2014,MVY,MA,ANE,EN,Federal Contract Tower,0,6,8,0,14,0,47,124,12,183,0,53,132,12,197,12,0,12,209
05/04/2014,MVY,MA,ANE,EN,Federal Contract Tower,0,11,10,0,21,0,26,46,0,72,0,37,56,0,93,0,0,0,93
05/05/2014,MVY,MA,ANE,EN,Federal Contract Tower,0,4,6,0,10,0,28,34,0,62,0,32,40,0,72,10,0,10,82
05/06/2014,MVY,MA,ANE,EN,Federal Contract Tower,0,4,2,0,6,0,27,39,0,66,0,31,41,0,72,0,0,0,72
05/07/2014,MVY,MA,ANE,EN,Federal Contract Tower,0,5,1,2,8,0,26,80,0,106,0,31,81,2,114,14,0,14,128
05/08/2014,MVY,MA,ANE,EN,Federal Contract Tower,0,11,14,0,25,0,33,32,0,65,0,44,46,0,90,4,0,4,94
05/09/2014,MVY,MA,ANE,EN,Federal Contract Tower,0,22,7,0,29,0,52,84,0,136,0,74,91,0,165,12,0,12,177
05/10/2014,MVY,MA,ANE,EN,Federal Contract Tower,0,19,11,0,30,0,9,23,0,32,0,28,34,0,62,0,0,0,62
05/11/2014,MVY,MA,ANE,EN,Federal Contract Tower,0,4,2,0,6,0,22,85,0,107,0,26,87,0,113,0,0,0,113
05/12/2014,MVY,MA,ANE,EN,Federal Contract Tower,0,4,3,0,7,0,28,49,0,77,0,32,52,0,84,0,0,0,84
05/13/2014,MVY,MA,ANE,EN,Federal Contract Tower,0,4,2,0,6,0,24,49,4,77,0,28,51,4,83,0,2,2,85
05/14/2014,MVY,MA,ANE,EN,Federal Contract Tower,0,8,9,0,17,0,32,44,0,76,0,40,53,0,93,10,2,12,105
05/15/2014,MVY,MA,ANE,EN,Federal Contract Tower,0,24,14,0,38,0,27,38,0,65,0,51,52,0,103,20,0,20,123
05/16/2014,MVY,MA,ANE,EN,Federal Contract Tower,0,38,16,0,54,0,14,27,2,43,0,52,43,2,97,30,4,34,131
05/17/2014,MVY,MA,ANE,EN,Federal Contract Tower,0,16,8,0,24,0,48,103,0,151,0,64,111,0,175,0,0,0,175
05/18/2014,MVY,MA,ANE,EN,Federal Contract Tower,0,8,13,0,21,0,61,198,0,259,0,69,211,0,280,42,0,42,322
05/19/2014,MVY,MA,ANE,EN,Federal Contract Tower,0,11,10,0,21,0,44,89,8,141,0,55,99,8,162,10,0,10,172
05/20/2014,MVY,MA,ANE,EN,Federal Contract Tower,0,8,10,0,18,0,43,82,0,125,0,51,92,0,143,10,0,10,153
05/21/2014,MVY,MA,ANE,EN,Federal Contract Tower,0,12,5,0,17,0,36,98,3,137,0,48,103,3,154,14,0,14,168
05/22/2014,MVY,MA,ANE,EN,Federal Contract Tower,0,47,15,0,62,0,24,29,0,53,0,71,44,0,115,0,0,0,115
05/23/2014,MVY,MA,ANE,EN,Federal Contract Tower,4,81,39,0,124,0,65,86,0,151,4,146,125,0,275,8,0,8,283
05/24/2014,MVY,MA,ANE,EN,Federal Contract Tower,3,30,29,0,62,0,38,97,0,135,3,68,126,0,197,0,0,0,197
05/25/2014,MVY,MA,ANE,EN,Federal Contract Tower,3,10,17,0,30,0,50,130,0,180,3,60,147,0,210,6,0,6,216
05/26/2014,MVY,MA,ANE,EN,Federal Contract Tower,3,55,36,0,94,0,77,144,0,221,3,132,180,0,315,0,0,0,315
05/27/2014,MVY,MA,ANE,EN,Federal Contract Tower,4,39,12,0,55,0,30,48,0,78,4,69,60,0,133,0,0,0,133
05/28/2014,MVY,MA,ANE,EN,Federal Contract Tower,4,31,14,0,49,0,0,0,0,0,4,31,14,0,49,0,0,0,49
05/29/2014,MVY,MA,ANE,EN,Federal Contract Tower,4,10,2,0,16,0,45,76,0,121,4,55,78,0,137,6,0,6,143
05/30/2014,MVY,MA,ANE,EN,Federal Contract Tower,4,12,7,0,23,0,61,139,0,200,4,73,146,0,223,6,0,6,229
05/31/2014,MVY,MA,ANE,EN,Federal Contract Tower,4,14,12,0,30,0,30,75,0,105,4,44,87,0,135,4,0,4,139
06/01/2014,MVY,MA,ANE,EN,Federal Contract Tower,4,9,9,0,22,0,72,202,0,274,4,81,211,0,296,2,0,2,298
06/02/2014,MVY,MA,ANE,EN,Federal Contract Tower,4,18,13,0,35,0,50,55,0,105,4,68,68,0,140,0,0,0,140
06/03/2014,MVY,MA,ANE,EN,Federal Contract Tower,2,13,7,0,22,0,55,78,0,133,2,68,85,0,155,8,0,8,163
06/04/2014,MVY,MA,ANE,EN,Federal Contract Tower,2,40,13,2,57,0,3,5,0,8,2,43,18,2,65,0,2,2,67
06/05/2014,MVY,MA,ANE,EN,Federal Contract Tower,6,51,16,0,73,0,0,0,0,0,6,51,16,0,73,4,0,4,77
06/06/2014,MVY,MA,ANE,EN,Federal Contract Tower,6,25,7,0,38,0,89,127,0,216,6,114,134,0,254,6,0,6,260
06/07/2014,MVY,MA,ANE,EN,Federal Contract Tower,6,8,12,0,26,0,48,186,0,234,6,56,198,0,260,10,0,10,270
06/08/2014,MVY,MA,ANE,EN,Federal Contract Tower,7,24,12,0,43,0,83,190,0,273,7,107,202,0,316,22,0,22,338
06/09/2014,MVY,MA,ANE,EN,Federal Contract Tower,6,22,13,0,41,0,38,68,0,106,6,60,81,0,147,8,0,8,155
06/10/2014,MVY,MA,ANE,EN,Federal Contract Tower,4,40,8,0,52,0,4,2,0,6,4,44,10,0,58,0,0,0,58
06/11/2014,MVY,MA,ANE,EN,Federal Contract Tower,4,18,21,1,44,0,47,60,0,107,4,65,81,1,151,0,0,0,151
06/12/2014,MVY,MA,ANE,EN,Federal Contract Tower,8,50,27,1,86,29,29,0,0,58,37,79,27,1,144,2,0,2,146
06/13/2014,MVY,MA,ANE,EN,Federal Contract Tower,6,79,25,0,110,0,0,0,0,0,6,79,25,0,110,0,0,0,110
06/14/2014,MVY,MA,ANE,EN,Federal Contract Tower,6,54,43,0,103,0,6,22,0,28,6,60,65,0,131,6,0,6,137
06/15/2014,MVY,MA,ANE,EN,Federal Contract Tower,8,19,20,0,47,0,77,167,0,244,8,96,187,0,291,10,0,10,301
06/16/2014,MVY,MA,ANE,EN,Federal Contract Tower,6,35,17,0,58,0,77,124,0,201,6,112,141,0,259,8,0,8,267
06/17/2014,MVY,MA,ANE,EN,Federal Contract Tower,2,32,23,0,57,0,32,48,1,81,2,64,71,1,138,0,0,0,138
06/18/2014,MVY,MA,ANE,EN,Federal Contract Tower,4,25,15,4,48,0,36,82,0,118,4,61,97,4,166,0,0,0,166
06/19/2014,MVY,MA,ANE,EN,Federal Contract Tower,10,37,21,0,68,0,51,69,0,120,10,88,90,0,188,14,0,14,202
06/20/2014,MVY,MA,ANE,EN,Federal Contract Tower,12,27,25,0,64,0,99,152,0,251,12,126,177,0,315,14,0,14,329
06/21/2014,MVY,MA,ANE,EN,Federal Contract Tower,14,20,16,1,51,0,102,160,1,263,14,122,176,2,314,16,0,16,330
06/22/2014,MVY,MA,ANE,EN,Federal Contract Tower,16,20,22,0,58,0,102,178,0,280,16,122,200,0,338,0,0,0,338
06/23/2014,MVY,MA,ANE,EN,Federal Contract Tower,8,17,11,0,36,0,75,95,0,170,8,92,106,0,206,8,0,8,214
06/24/2014,MVY,MA,ANE,EN,Federal Contract Tower,10,7,13,0,30,0,64,75,0,139,10,71,88,0,169,4,0,4,173
06/25/2014,MVY,MA,ANE,EN,Federal Contract Tower,8,49,31,2,90,0,31,25,0,56,8,80,56,2,146,0,0,0,146
06/26/2014,MVY,MA,ANE,EN,Federal Contract Tower,10,83,20,0,113,0,16,12,0,28,10,99,32,0,141,0,0,0,141
06/27/2014,MVY,MA,ANE,EN,Federal Contract Tower,11,50,29,0,90,0,138,168,0,306,11,188,197,0,396,0,0,0,396
06/28/2014,MVY,MA,ANE,EN,Federal Contract Tower,14,17,19,0,50,0,120,172,0,292,14,137,191,0,342,10,0,10,352
06/29/2014,MVY,MA,ANE,EN,Federal Contract Tower,14,32,33,0,79,0,134,186,0,320,14,166,219,0,399,0,0,0,399
06/30/2014,MVY,MA,ANE,EN,Federal Contract Tower,8,30,32,2,72,0,109,152,0,261,8,139,184,2,333,8,8,16,349
07/01/2014,MVY,MA,ANE,EN,Federal Contract Tower,8,71,38,0,117,0,36,58,0,94,8,107,96,0,211,8,0,8,219
07/02/2014,MVY,MA,ANE,EN,Federal Contract Tower,8,80,25,0,113,0,60,100,0,160,8,140,125,0,273,42,0,42,315
07/03/2014,MVY,MA,ANE,EN,Federal Contract Tower,7,114,65,0,186,0,34,49,0,83,7,148,114,0,269,0,0,0,269
07/04/2014,MVY,MA,ANE,EN,Federal Contract Tower,13,52,12,0,77,0,0,0,0,0,13,52,12,0,77,0,0,0,77
07/05/2014,MVY,MA,ANE,EN,Federal Contract Tower,13,23,12,1,49,0,62,96,0,158,13,85,108,1,207,4,0,4,211
07/06/2014,MVY,MA,ANE,EN,Federal Contract Tower,12,48,38,0,98,0,145,213,0,358,12,193,251,0,456,0,0,0,456
07/07/2014,MVY,MA,ANE,EN,Federal Contract Tower,8,59,31,0,98,0,121,131,0,252,8,180,162,0,350,0,0,0,350
07/08/2014,MVY,MA,ANE,EN,Federal Contract Tower,8,55,31,0,94,0,48,65,0,113,8,103,96,0,207,0,0,0,207
07/09/2014,MVY,MA,ANE,EN,Federal Contract Tower,8,33,15,0,56,0,51,58,0,109,8,84,73,0,165,8,0,8,173
07/10/2014,MVY,MA,ANE,EN,Federal Contract Tower,10,59,24,0,93,0,59,84,2,145,10,118,108,2,238,10,0,10,248
07/11/2014,MVY,MA,ANE,EN,Federal Contract Tower,12,53,33,2,100,0,133,147,0,280,12,186,180,2,380,20,0,20,400
07/12/2014,MVY,MA,ANE,EN,Federal Contract Tower,15,22,24,0,61,0,108,157,0,265,15,130,181,0,326,2,0,2,328
07/13/2014,MVY,MA,ANE,EN,Federal Contract Tower,12,65,72,0,149,0,124,182,0,306,12,189,254,0,455,2,0,2,457
07/14/2014,MVY,MA,ANE,EN,Federal Contract Tower,10,111,35,0,156,0,4,5,0,9,10,115,40,0,165,0,0,0,165
07/15/2014,MVY,MA,ANE,EN,Federal Contract Tower,6,70,34,0,110,0,0,0,0,0,6,70,34,0,110,0,0,0,110
07/16/2014,MVY,MA,ANE,EN,Federal Contract Tower,8,70,54,0,132,0,0,0,0,0,8,70,54,0,132,0,0,0,132
07/17/2014,MVY,MA,ANE,EN,Federal Contract Tower,10,52,36,0,98,0,82,104,0,186,10,134,140,0,284,2,2,4,288
07/18/2014,MVY,MA,ANE,EN,Federal Contract Tower,12,50,22,1,85,0,165,185,1,351,12,215,207,2,436,22,0,22,458
07/19/2014,MVY,MA,ANE,EN,Federal Contract Tower,14,45,36,0,95,0,126,165,0,291,14,171,201,0,386,4,0,4,390
07/20/2014,MVY,MA,ANE,EN,Federal Contract Tower,14,69,55,0,138,0,85,120,0,205,14,154,175,0,343,12,0,12,355
07/21/2014,MVY,MA,ANE,EN,Federal Contract Tower,8,78,34,0,120,0,49,89,0,138,8,127,123,0,258,0,0,0,258
07/22/2014,MVY,MA,ANE,EN,Federal Contract Tower,8,27,23,0,58,0,71,117,0,188,8,98,140,0,246,20,0,20,266
07/23/2014,MVY,MA,ANE,EN,Federal Contract Tower,8,43,19,0,70,0,55,62,0,117,8,98,81,0,187,34,6,40,227
07/24/2014,MVY,MA,ANE,EN,Federal Contract Tower,10,85,46,0,141,0,42,38,0,80,10,127,84,0,221,14,0,14,235
07/25/2014,MVY,MA,ANE,EN,Federal Contract Tower,12,45,31,0,88,0,152,178,0,330,12,197,209,0,418,26,0,26,444
07/26/2014,MVY,MA,ANE,EN,Federal Contract Tower,14,36,35,0,85,0,158,153,0,311,14,194,188,0,396,6,0,6,402
07/27/2014,MVY,MA,ANE,EN,Federal Contract Tower,11,127,57,0,195,0,71,101,0,172,11,198,158,0,367,2,0,2,369
07/28/2014,MVY,MA,ANE,EN,Federal Contract Tower,9,119,27,1,156,0,18,23,0,41,9,137,50,1,197,0,0,0,197
07/29/2014,MVY,MA,ANE,EN,Federal Contract Tower,8,21,22,0,51,0,85,106,0,191,8,106,128,0,242,26,0,26,268
07/30/2014,MVY,MA,ANE,EN,Federal Contract Tower,8,43,15,2,68,0,91,112,1,204,8,134,127,3,272,10,0,10,282
07/31/2014,MVY,MA,ANE,EN,Federal Contract Tower,10,37,26,0,73,0,91,89,0,180,10,128,115,0,253,16,0,16,269
08/01/2014,MVY,MA,ANE,EN,Federal Contract Tower,14,72,45,0,131,0,152,153,0,305,14,224,198,0,436,6,0,6,442
08/02/2014,MVY,MA,ANE,EN,Federal Contract Tower,14,77,46,0,137,0,23,17,0,40,14,100,63,0,177,0,0,0,177
08/03/2014,MVY,MA,ANE,EN,Federal Contract Tower,14,123,93,0,230,0,0,0,0,0,14,123,93,0,230,0,0,0,230
08/04/2014,MVY,MA,ANE,EN,Federal Contract Tower,8,72,56,0,136,0,48,63,1,112,8,120,119,1,248,12,0,12,260
08/05/2014,MVY,MA,ANE,EN,Federal Contract Tower,8,72,36,1,117,0,40,56,0,96,8,112,92,1,213,14,0,14,227
08/06/2014,MVY,MA,ANE,EN,Federal Contract Tower,8,51,18,2,79,0,67,87,10,164,8,118,105,12,243,18,4,22,265
08/07/2014,MVY,MA,ANE,EN,Federal Contract Tower,10,52,31,2,95,0,79,136,3,218,10,131,167,5,313,18,0,18,331
08/08/2014,MVY,MA,ANE,EN,Federal Contract Tower,14,56,40,5,115,0,139,208,0,347,14,195,248,5,462,14,0,14,476
08/09/2014,MVY,MA,ANE,EN,Federal Contract Tower,14,88,20,2,124,0,12,44,12,68,14,100,64,14,192,18,0,18,210
08/10/2014,MVY,MA,ANE,EN,Federal Contract Tower,14,125,76,0,215,0,3,8,0,11,14,128,84,0,226,0,0,0,226
08/11/2014,MVY,MA,ANE,EN,Federal Contract Tower,8,112,53,0,173,0,6,16,2,24,8,118,69,2,197,0,0,0,197
08/12/2014,MVY,MA,ANE,EN,Federal Contract Tower,8,82,43,0,133,0,2,19,1,22,8,84,62,1,155,0,0,0,155
08/13/2014,MVY,MA,ANE,EN,Federal Contract Tower,8,96,25,0,129,0,0,1,0,1,8,96,26,0,130,0,0,0,130
08/14/2014,MVY,MA,ANE,EN,Federal Contract Tower,10,118,71,1,200,0,4,30,2,36,10,122,101,3,236,0,0,0,236
08/15/2014,MVY,MA,ANE,EN,Federal Contract Tower,12,123,69,3,207,0,1,28,2,31,12,124,97,5,238,0,0,0,238
08/16/2014,MVY,MA,ANE,EN,Federal Contract Tower,14,87,42,0,143,0,0,3,4,7,14,87,45,4,150,0,0,0,150
08/17/2014,MVY,MA,ANE,EN,Federal Contract Tower,13,119,80,4,216,0,11,29,15,55,13,130,109,19,271,0,0,0,271
08/18/2014,MVY,MA,ANE,EN,Federal Contract Tower,11,49,24,0,84,0,80,101,3,184,11,129,125,3,268,10,0,10,278
08/19/2014,MVY,MA,ANE,EN,Federal Contract Tower,7,70,19,0,96,0,43,67,17,127,7,113,86,17,223,0,0,0,223
08/20/2014,MVY,MA,ANE,EN,Federal Contract Tower,8,92,34,0,134,0,8,12,1,21,8,100,46,1,155,0,0,0,155
08/21/2014,MVY,MA,ANE,EN,Federal Contract Tower,11,98,65,0,174,0,0,4,0,4,11,98,69,0,178,0,0,0,178
08/22/2014,MVY,MA,ANE,EN,Federal Contract Tower,12,119,80,1,212,0,0,3,13,16,12,119,83,14,228,0,0,0,228
08/23/2014,MVY,MA,ANE,EN,Federal Contract Tower,13,85,65,1,164,0,0,3,7,10,13,85,68,8,174,0,0,0,174
08/24/2014,MVY,MA,ANE,EN,Federal Contract Tower,14,108,57,4,183,0,3,12,8,23,14,111,69,12,206,8,0,8,214
08/25/2014,MVY,MA,ANE,EN,Federal Contract Tower,8,48,17,2,75,0,81,114,0,195,8,129,131,2,270,10,0,10,280
08/26/2014,MVY,MA,ANE,EN,Federal Contract Tower,8,21,18,0,47,0,64,82,0,146,8,85,100,0,193,0,0,0,193
08/27/2014,MVY,MA,ANE,EN,Federal Contract Tower,5,35,31,0,71,0,50,61,0,111,5,85,92,0,182,0,0,0,182
08/28/2014,MVY,MA,ANE,EN,Federal Contract Tower,16,35,16,0,67,0,87,109,0,196,16,122,125,0,263,14,0,14,277
08/29/2014,MVY,MA,ANE,EN,Federal Contract Tower,10,54,65,0,129,0,132,154,0,286,10,186,219,0,415,4,0,4,419
08/30/2014,MVY,MA,ANE,EN,Federal Contract Tower,10,24,25,0,59,0,125,171,0,296,10,149,196,0,355,12,0,12,367
08/31/2014,MVY,MA,ANE,EN,Federal Contract Tower,12,60,41,0,113,0,27,36,0,63,12,87,77,0,176,4,0,4,180
09/01/2014,MVY,MA,ANE,EN,Federal Contract Tower,10,103,91,0,204,0,46,66,0,112,10,149,157,0,316,0,0,0,316
09/02/2014,MVY,MA,ANE,EN,Federal Contract Tower,4,79,31,0,114,0,34,43,0,77,4,113,74,0,191,0,0,0,191
09/03/2014,MVY,MA,ANE,EN,Federal Contract Tower,0,18,15,0,33,0,58,70,0,128,0,76,85,0,161,14,0,14,175
09/04/2014,MVY,MA,ANE,EN,Federal Contract Tower,2,23,9,0,34,0,73,92,0,165,2,96,101,0,199,8,0,8,207
09/05/2014,MVY,MA,ANE,EN,Federal Contract Tower,2,56,45,0,103,0,35,45,0,80,2,91,90,0,183,8,0,8,191
09/06/2014,MVY,MA,ANE,EN,Federal Contract Tower,2,70,11,0,83,0,0,0,0,0,2,70,11,0,83,0,0,0,83
09/07/2014,MVY,MA,ANE,EN,Federal Contract Tower,2,19,24,0,45,0,91,145,0,236,2,110,169,0,281,26,0,26,307
09/08/2014,MVY,MA,ANE,EN,Federal Contract Tower,2,16,12,0,30,0,85,81,0,166,2,101,93,0,196,16,0,16,212
09/09/2014,MVY,MA,ANE,EN,Federal Contract Tower,0,15,7,4,26,0,68,73,0,141,0,83,80,4,167,0,0,0,167
09/10/2014,MVY,MA,ANE,EN,Federal Contract Tower,0,42,12,0,54,0,35,28,0,63,0,77,40,0,117,0,0,0,117
09/11/2014,MVY,MA,ANE,EN,Federal Contract Tower,2,34,13,0,49,0,31,29,0,60,2,65,42,0,109,0,0,0,109
09/12/2014,MVY,MA,ANE,EN,Federal Contract Tower,2,18,17,0,37,0,78,125,0,203,2,96,142,0,240,12,0,12,252
09/13/2014,MVY,MA,ANE,EN,Federal Contract Tower,2,26,29,0,57,0,73,106,0,179,2,99,135,0,236,22,0,22,258
09/14/2014,MVY,MA,ANE,EN,Federal Contract Tower,2,40,33,0,75,0,86,131,0,217,2,126,164,0,292,4,0,4,296
09/15/2014,MVY,MA,ANE,EN,Federal Contract Tower,2,22,19,0,43,0,83,81,0,164,2,105,100,0,207,10,0,10,217
09/16/2014,MVY,MA,ANE,EN,Federal Contract Tower,0,10,14,0,24,0,69,59,0,128,0,79,73,0,152,14,0,14,166
09/17/2014,MVY,MA,ANE,EN,Federal Contract Tower,0,13,9,0,22,0,64,76,2,142,0,77,85,2,164,6,2,8,172
09/18/2014,MVY,MA,ANE,EN,Federal Contract Tower,2,8,10,0,20,0,59,61,0,120,2,67,71,0,140,14,0,14,154
09/19/2014,MVY,MA,ANE,EN,Federal Contract Tower,2,23,21,0,46,0,85,127,0,212,2,108,148,0,258,2,0,2,260
09/20/2014,MVY,MA,ANE,EN,Federal Contract Tower,2,22,13,0,37,0,76,129,0,205,2,98,142,0,242,12,0,12,254
09/21/2014,MVY,MA,ANE,EN,Federal Contract Tower,2,63,47,0,112,0,24,43,0,67,2,87,90,0,179,0,0,0,179
09/22/2014,MVY,MA,ANE,EN,Federal Contract Tower,2,16,10,0,28,0,73,74,0,147,2,89,84,0,175,0,0,0,175
09/23/2014,MVY,MA,ANE,EN,Federal Contract Tower,0,3,8,0,11,1,61,59,0,121,1,64,67,0,132,10,0,10,142
09/24/2014,MVY,MA,ANE,EN,Federal Contract Tower,0,6,19,0,25,0,58,64,0,122,0,64,83,0,147,10,0,10,157
09/25/2014,MVY,MA,ANE,EN,Federal Contract Tower,2,45,17,0,64,0,8,3,0,11,2,53,20,0,75,0,0,0,75
09/26/2014,MVY,MA,ANE,EN,Federal Contract Tower,2,23,22,0,47,0,51,54,0,105,2,74,76,0,152,8,0,8,160
09/27/2014,MVY,MA,ANE,EN,Federal Contract Tower,0,5,11,0,16,0,77,125,0,202,0,82,136,0,218,0,0,0,218
09/28/2014,MVY,MA,ANE,EN,Federal Contract Tower,2,10,19,0,31,0,90,159,0,249,2,100,178,0,280,8,0,8,288
09/29/2014,MVY,MA,ANE,EN,Federal Contract Tower,2,35,12,0,49,0,37,31,0,68,2,72,43,0,117,6,0,6,123
09/30/2014,MVY,MA,ANE,EN,Federal Contract Tower,0,57,8,0,65,0,0,0,0,0,0,57,8,0,65,0,0,0,65
10/01/2014,MVY,MA,ANE,EN,Federal Contract Tower,0,42,15,0,57,0,0,0,0,0,0,42,15,0,57,0,0,0,57
10/02/2014,MVY,MA,ANE,EN,Federal Contract Tower,2,48,7,0,57,0,3,0,0,3,2,51,7,0,60,0,0,0,60
10/03/2014,MVY,MA,ANE,EN,Federal Contract Tower,2,51,51,4,108,0,9,13,0,22,2,60,64,4,130,0,4,4,134
10/04/2014,MVY,MA,ANE,EN,Federal Contract Tower,0,33,9,0,42,0,0,0,0,0,0,33,9,0,42,0,0,0,42
10/05/2014,MVY,MA,ANE,EN,Federal Contract Tower,2,14,34,0,50,0,78,96,0,174,2,92,130,0,224,0,0,0,224
10/06/2014,MVY,MA,ANE,EN,Federal Contract Tower,2,10,9,0,21,0,66,71,0,137,2,76,80,0,158,8,0,8,166
10/07/2014,MVY,MA,ANE,EN,Federal Contract Tower,0,13,14,0,27,0,61,39,0,100,0,74,53,0,127,0,0,0,127
10/08/2014,MVY,MA,ANE,EN,Federal Contract Tower,0,13,16,0,29,0,36,28,2,66,0,49,44,2,95,4,0,4,99
10/09/2014,MVY,MA,ANE,EN,Federal Contract Tower,2,10,4,0,16,0,49,43,0,92,2,59,47,0,108,16,0,16,124
10/10/2014,MVY,MA,ANE,EN,Federal Contract Tower,2,13,27,0,42,0,86,138,0,224,2,99,165,0,266,2,0,2,268
10/11/2014,MVY,MA,ANE,EN,Federal Contract Tower,2,33,19,0,54,0,12,12,0,24,2,45,31,0,78,0,0,0,78
10/12/2014,MVY,MA,ANE,EN,Federal Contract Tower,2,18,9,0,29,0,66,164,0,230,2,84,173,0,259,0,0,0,259
10/13/2014,MVY,MA,ANE,EN,Federal Contract Tower,2,23,26,0,51,0,77,102,0,179,2,100,128,0,230,6,0,6,236
10/14/2014,MVY,MA,ANE,EN,Federal Contract Tower,0,26,23,0,49,0,38,51,0,89,0,64,74,0,138,0,0,0,138
10/15/2014,MVY,MA,ANE,EN,Federal Contract Tower,0,6,9,2,17,0,34,27,4,65,0,40,36,6,82,10,0,10,92
10/16/2014,MVY,MA,ANE,EN,Federal Contract Tower,0,38,10,0,48,0,8,4,0,12,0,46,14,0,60,0,0,0,60
10/17/2014,MVY,MA,ANE,EN,Federal Contract Tower,2,16,8,0,26,0,51,76,0,127,2,67,84,0,153,0,0,0,153
10/18/2014,MVY,MA,ANE,EN,Federal Contract Tower,0,13,18,0,31,0,56,81,2,139,0,69,99,2,170,6,0,6,176
10/19/2014,MVY,MA,ANE,EN,Federal Contract Tower,2,10,15,0,27,0,40,64,0,104,2,50,79,0,131,4,0,4,135
10/20/2014,MVY,MA,ANE,EN,Federal Contract Tower,0,6,6,0,12,0,44,54,0,98,0,50,60,0,110,4,0,4,114
10/21/2014,MVY,MA,ANE,EN,Federal Contract Tower,0,17,12,0,29,0,7,15,0,22,0,24,27,0,51,4,0,4,55
10/22/2014,MVY,MA,ANE,EN,Federal Contract Tower,0,19,9,0,28,0,0,0,0,0,0,19,9,0,28,0,0,0,28
10/23/2014,MVY,MA,ANE,EN,Federal Contract Tower,0,26,10,6,42,0,0,0,0,0,0,26,10,6,42,0,0,0,42
10/24/2014,MVY,MA,ANE,EN,Federal Contract Tower,0,21,21,0,42,0,0,0,0,0,0,21,21,0,42,0,0,0,42
10/25/2014,MVY,MA,ANE,EN,Federal Contract Tower,0,0,4,0,4,0,44,66,0,110,0,44,70,0,114,6,0,6,120
10/26/2014,MVY,MA,ANE,EN,Federal Contract Tower,0,5,8,0,13,0,37,85,0,122,0,42,93,0,135,0,0,0,135
10/27/2014,MVY,MA,ANE,EN,Federal Contract Tower,0,3,7,0,10,0,32,39,1,72,0,35,46,1,82,2,0,2,84
10/28/2014,MVY,MA,ANE,EN,Federal Contract Tower,0,9,6,0,15,0,21,50,0,71,0,30,56,0,86,8,2,10,96
10/29/2014,MVY,MA,ANE,EN,Federal Contract Tower,0,16,6,0,22,0,6,10,0,16,0,22,16,0,38,4,0,4,42
10/30/2014,MVY,MA,ANE,EN,Federal Contract Tower,0,13,6,2,21,0,26,45,0,71,0,39,51,2,92,0,0,0,92
10/31/2014,MVY,MA,ANE,EN,Federal Contract Tower,0,9,15,0,24,0,36,21,0,57,0,45,36,0,81,0,0,0,81
11/01/2014,MVY,MA,ANE,EN,Federal Contract Tower,0,14,7,0,21,0,0,0,0,0,0,14,7,0,21,0,0,0,21
11/02/2014,MVY,MA,ANE,EN,Federal Contract Tower,0,0,2,0,2,0,0,0,0,0,0,0,2,0,2,0,0,0,2
11/03/2014,MVY,MA,ANE,EN,Federal Contract Tower,0,6,5,0,11,0,12,19,0,31,0,18,24,0,42,0,0,0,42
11/04/2014,MVY,MA,ANE,EN,Federal Contract Tower,0,5,5,0,10,0,16,31,0,47,0,21,36,0,57,2,0,2,59
11/05/2014,MVY,MA,ANE,EN,Federal Contract Tower,0,5,5,0,10,0,22,17,0,39,0,27,22,0,49,0,0,0,49
11/06/2014,MVY,MA,ANE,EN,Federal Contract Tower,0,8,4,0,12,0,12,0,2,14,0,20,4,2,26,0,2,2,28
11/07/2014,MVY,MA,ANE,EN,Federal Contract Tower,0,12,5,0,17,0,4,8,0,12,0,16,13,0,29,0,0,0,29
11/08/2014,MVY,MA,ANE,EN,Federal Contract Tower,0,5,5,0,10,0,30,76,0,106,0,35,81,0,116,0,0,0,116
11/09/2014,MVY,MA,ANE,EN,Federal Contract Tower,0,0,3,0,3,0,29,84,0,113,0,29,87,0,116,0,0,0,116
11/10/2014,MVY,MA,ANE,EN,Federal Contract Tower,0,13,8,0,21,0,28,44,0,72,0,41,52,0,93,14,0,14,107
11/11/2014,MVY,MA,ANE,EN,Federal Contract Tower,0,7,5,0,12,0,23,34,0,57,0,30,39,0,69,14,0,14,83
11/12/2014,MVY,MA,ANE,EN,Federal Contract Tower,0,11,5,0,16,0,0,0,0,0,0,11,5,0,16,0,0,0,16
11/13/2014,MVY,MA,ANE,EN,Federal Contract Tower,0,3,3,0,6,0,17,32,0,49,0,20,35,0,55,0,0,0,55
11/14/2014,MVY,MA,ANE,EN,Federal Contract Tower,0,11,5,0,16,0,18,20,0,38,0,29,25,0,54,0,0,0,54
11/15/2014,MVY,MA,ANE,EN,Federal Contract Tower,0,5,2,0,7,0,26,66,0,92,0,31,68,0,99,44,0,44,143
11/16/2014,MVY,MA,ANE,EN,Federal Contract Tower,0,4,1,0,5,0,26,58,0,84,0,30,59,0,89,0,0,0,89
11/17/2014,MVY,MA,ANE,EN,Federal Contract Tower,0,12,2,0,14,0,0,0,0,0,0,12,2,0,14,0,0,0,14
11/18/2014,MVY,MA,ANE,EN,Federal Contract Tower,0,4,0,0,4,0,12,4,0,16,0,16,4,0,20,0,0,0,20
11/19/2014,MVY,MA,ANE,EN,Federal Contract Tower,0,4,0,0,4,0,18,19,0,37,0,22,19,0,41,0,0,0,41
11/20/2014,MVY,MA,ANE,EN,Federal Contract Tower,0,4,5,0,9,0,16,13,0,29,0,20,18,0,38,6,0,6,44
11/21/2014,MVY,MA,ANE,EN,Federal Contract Tower,0,3,2,0,5,0,13,11,0,24,0,16,13,0,29,2,0,2,31
11/22/2014,MVY,MA,ANE,EN,Federal Contract Tower,0,4,1,0,5,0,25,48,0,73,0,29,49,0,78,0,0,0,78
11/23/2014,MVY,MA,ANE,EN,Federal Contract Tower,0,0,11,0,11,0,24,68,0,92,0,24,79,0,103,4,0,4,107
11/24/2014,MVY,MA,ANE,EN,Federal Contract Tower,0,15,7,0,22,0,0,1,0,1,0,15,8,0,23,0,0,0,23
11/25/2014,MVY,MA,ANE,EN,Federal Contract Tower,0,14,7,6,27,0,14,32,0,46,0,28,39,6,73,0,0,0,73
11/26/2014,MVY,MA,ANE,EN,Federal Contract Tower,0,20,17,0,37,0,5,2,0,7,0,25,19,0,44,0,0,0,44
11/27/2014,MVY,MA,ANE,EN,Federal Contract Tower,0,21,4,0,25,0,9,9,0,18,0,30,13,0,43,0,0,0,43
11/28/2014,MVY,MA,ANE,EN,Federal Contract Tower,0,31,7,0,38,0,13,28,0,41,0,44,35,0,79,0,0,0,79
11/29/2014,MVY,MA,ANE,EN,Federal Contract Tower,0,10,13,0,23,0,34,95,0,129,0,44,108,0,152,0,0,0,152
11/30/2014,MVY,MA,ANE,EN,Federal Contract Tower,0,20,10,0,30,0,67,94,0,161,0,87,104,0,191,0,0,0,191
12/01/2014,MVY,MA,ANE,EN,Federal Contract Tower,0,6,11,1,18,0,19,33,1,53,0,25,44,2,71,0,0,0,71
12/02/2014,MVY,MA,ANE,EN,Federal Contract Tower,0,5,0,0,5,0,15,4,0,19,0,20,4,0,24,0,0,0,24
12/03/2014,MVY,MA,ANE,EN,Federal Contract Tower,0,13,7,0,20,0,0,0,0,0,0,13,7,0,20,0,0,0,20
12/04/2014,MVY,MA,ANE,EN,Federal Contract Tower,0,1,3,0,4,0,14,27,0,41,0,15,30,0,45,0,0,0,45
12/05/2014,MVY,MA,ANE,EN,Federal Contract Tower,0,1,0,0,1,0,23,26,0,49,0,24,26,0,50,0,6,6,56
12/06/2014,MVY,MA,ANE,EN,Federal Contract Tower,0,14,3,0,17,0,1,2,0,3,0,15,5,0,20,0,0,0,20
12/07/2014,MVY,MA,ANE,EN,Federal Contract Tower,0,3,4,0,7,0,11,13,0,24,0,14,17,0,31,0,0,0,31
12/08/2014,MVY,MA,ANE,EN,Federal Contract Tower,0,8,6,0,14,0,2,11,0,13,0,10,17,0,27,6,0,6,33
12/09/2014,MVY,MA,ANE,EN,Federal Contract Tower,0,7,0,0,7,0,0,0,0,0,0,7,0,0,7,0,0,0,7
12/10/2014,MVY,MA,ANE,EN,Federal Contract Tower,0,10,5,2,17,0,0,0,0,0,0,10,5,2,17,0,0,0,17
12/11/2014,MVY,MA,ANE,EN,Federal Contract Tower,0,8,2,0,10,0,7,1,0,8,0,15,3,0,18,0,0,0,18
12/12/2014,MVY,MA,ANE,EN,Federal Contract Tower,0,15,1,0,16,0,28,48,0,76,0,43,49,0,92,10,2,12,104
12/13/2014,MVY,MA,ANE,EN,Federal Contract Tower,0,2,3,0,5,0,46,71,0,117,0,48,74,0,122,2,0,2,124
12/14/2014,MVY,MA,ANE,EN,Federal Contract Tower,0,10,7,0,17,0,27,88,0,115,0,37,95,0,132,4,0,4,136
12/15/2014,MVY,MA,ANE,EN,Federal Contract Tower,0,1,8,4,13,0,22,47,2,71,0,23,55,6,84,4,8,12,96
12/16/2014,MVY,MA,ANE,EN,Federal Contract Tower,0,11,4,2,17,0,10,19,0,29,0,21,23,2,46,14,0,14,60
12/17/2014,MVY,MA,ANE,EN,Federal Contract Tower,0,24,6,0,30,0,0,0,0,0,0,24,6,0,30,0,0,0,30
12/18/2014,MVY,MA,ANE,EN,Federal Contract Tower,0,9,3,2,14,0,21,13,0,34,0,30,16,2,48,0,0,0,48
12/19/2014,MVY,MA,ANE,EN,Federal Contract Tower,0,9,5,0,14,0,26,41,0,67,0,35,46,0,81,10,0,10,91
12/20/2014,MVY,MA,ANE,EN,Federal Contract Tower,0,9,4,0,13,0,9,20,0,29,0,18,24,0,42,0,0,0,42
12/21/2014,MVY,MA,ANE,EN,Federal Contract Tower,0,14,7,0,21,0,0,12,0,12,0,14,19,0,33,6,0,6,39
12/22/2014,MVY,MA,ANE,EN,Federal Contract Tower,0,15,7,2,24,0,0,13,0,13,0,15,20,2,37,6,0,6,43
12/23/2014,MVY,MA,ANE,EN,Federal Contract Tower,0,24,4,0,28,0,0,0,0,0,0,24,4,0,28,0,0,0,28
12/24/2014,MVY,MA,ANE,EN,Federal Contract Tower,0,15,0,0,15,0,0,0,0,0,0,15,0,0,15,0,0,0,15
12/25/2014,MVY,MA,ANE,EN,Federal Contract Tower,0,5,0,0,5,0,9,1,0,10,0,14,1,0,15,0,0,0,15
12/26/2014,MVY,MA,ANE,EN,Federal Contract Tower,0,8,4,0,12,0,25,59,0,84,0,33,63,0,96,6,0,6,102
12/27/2014,MVY,MA,ANE,EN,Federal Contract Tower,0,0,3,0,3,0,28,129,0,157,0,28,132,0,160,20,0,20,180
12/28/2014,MVY,MA,ANE,EN,Federal Contract Tower,0,9,2,0,11,0,17,23,0,40,0,26,25,0,51,12,0,12,63
12/29/2014,MVY,MA,ANE,EN,Federal Contract Tower,0,2,5,0,7,0,21,24,0,45,0,23,29,0,52,0,0,0,52
12/30/2014,MVY,MA,ANE,EN,Federal Contract Tower,0,4,6,0,10,0,23,51,0,74,0,27,57,0,84,0,0,0,84
12/31/2014,MVY,MA,ANE,EN,Federal Contract Tower,0,1,0,0,1,0,18,32,0,50,0,19,32,0,51,0,0,0,51
01/01/2015,MVY,MA,ANE,EN,Federal Contract Tower,0,2,0,0,2,0,10,24,0,34,0,12,24,0,36,8,0,8,44
01/02/2015,MVY,MA,ANE,EN,Federal Contract Tower,0,4,0,0,4,0,23,36,0,59,0,27,36,0,63,0,0,0,63
01/03/2015,MVY,MA,ANE,EN,Federal Contract Tower,0,5,6,0,11,0,15,55,0,70,0,20,61,0,81,0,0,0,81
01/04/2015,MVY,MA,ANE,EN,Federal Contract Tower,0,7,4,0,11,0,0,0,0,0,0,7,4,0,11,0,0,0,11
01/05/2015,MVY,MA,ANE,EN,Federal Contract Tower,0,1,2,0,3,0,18,14,0,32,0,19,16,0,35,0,0,0,35
01/06/2015,MVY,MA,ANE,EN,Federal Contract Tower,0,4,6,0,10,0,6,4,0,10,0,10,10,0,20,0,0,0,20
01/07/2015,MVY,MA,ANE,EN,Federal Contract Tower,0,3,4,0,7,0,8,5,0,13,0,11,9,0,20,0,0,0,20
01/08/2015,MVY,MA,ANE,EN,Federal Contract Tower,0,3,1,0,4,0,14,7,0,21,0,17,8,0,25,0,0,0,25
01/09/2015,MVY,MA,ANE,EN,Federal Contract Tower,0,1,0,0,1,0,6,0,0,6,0,7,0,0,7,0,0,0,7
01/10/2015,MVY,MA,ANE,EN,Federal Contract Tower,0,3,6,0,9,0,26,40,0,66,0,29,46,0,75,0,0,0,75
01/11/2015,MVY,MA,ANE,EN,Federal Contract Tower,0,2,1,0,3,0,0,0,0,0,0,2,1,0,3,0,0,0,3
01/12/2015,MVY,MA,ANE,EN,Federal Contract Tower,0,4,3,0,7,0,11,3,0,14,0,15,6,0,21,0,0,0,21
01/13/2015,MVY,MA,ANE,EN,Federal Contract Tower,0,3,1,2,6,0,13,4,0,17,0,16,5,2,23,0,0,0,23
01/14/2015,MVY,MA,ANE,EN,Federal Contract Tower,0,12,0,2,14,0,7,8,0,15,0,19,8,2,29,2,0,2,31
01/15/2015,MVY,MA,ANE,EN,Federal Contract Tower,0,2,2,0,4,0,0,0,0,0,0,2,2,0,4,0,0,0,4
01/16/2015,MVY,MA,ANE,EN,Federal Contract Tower,0,1,3,0,4,0,16,73,0,89,0,17,76,0,93,6,0,6,99
01/17/2015,MVY,MA,ANE,EN,Federal Contract Tower,0,0,3,0,3,0,25,44,0,69,0,25,47,0,72,4,0,4,76
01/18/2015,MVY,MA,ANE,EN,Federal Contract Tower,0,10,2,0,12,0,18,16,0,34,0,28,18,0,46,2,0,2,48
01/19/2015,MVY,MA,ANE,EN,Federal Contract Tower,0,6,2,0,8,0,24,20,0,44,0,30,22,0,52,0,0,0,52
01/20/2015,MVY,MA,ANE,EN,Federal Contract Tower,0,5,0,0,5,0,23,13,0,36,0,28,13,0,41,8,0,8,49
01/21/2015,MVY,MA,ANE,EN,Federal Contract Tower,0,3,0,0,3,0,16,24,0,40,0,19,24,0,43,0,0,0,43
01/22/2015,MVY,MA,ANE,EN,Federal Contract Tower,0,15,4,0,19,0,7,3,2,12,0,22,7,2,31,0,0,0,31
01/23/2015,MVY,MA,ANE,EN,Federal Contract Tower,0,1,4,0,5,0,22,29,0,51,0,23,33,0,56,0,0,0,56
01/24/2015,MVY,MA,ANE,EN,Federal Contract Tower,0,5,0,0,5,0,0,0,0,0,0,5,0,0,5,0,0,0,5
01/25/2015,MVY,MA,ANE,EN,Federal Contract Tower,0,2,1,0,3,0,23,19,0,42,0,25,20,0,45,0,0,0,45
01/26/2015,MVY,MA,ANE,EN,Federal Contract Tower,0,9,0,0,9,0,0,0,0,0,0,9,0,0,9,0,0,0,9
01/27/2015,MVY,MA,ANE,EN,Federal Contract Tower,0,0,0,0,0,0,0,0,0,0,0,0,0,0,0,0,0,0,0
01/28/2015,MVY,MA,ANE,EN,Federal Contract Tower,0,0,0,0,0,0,0,0,0,0,0,0,0,0,0,0,0,0,0
01/29/2015,MVY,MA,ANE,EN,Federal Contract Tower,0,3,0,0,3,0,8,14,0,22,0,11,14,0,25,0,0,0,25
01/30/2015,MVY,MA,ANE,EN,Federal Contract Tower,0,14,3,0,17,0,0,0,0,0,0,14,3,0,17,0,0,0,17
01/31/2015,MVY,MA,ANE,EN,Federal Contract Tower,0,4,0,0,4,0,5,0,0,5,0,9,0,0,9,0,0,0,9
02/01/2015,MVY,MA,ANE,EN,Federal Contract Tower,0,2,4,0,6,0,18,35,0,53,0,20,39,0,59,0,0,0,59
02/02/2015,MVY,MA,ANE,EN,Federal Contract Tower,0,0,0,0,0,0,0,0,0,0,0,0,0,0,0,0,0,0,0
02/03/2015,MVY,MA,ANE,EN,Federal Contract Tower,0,4,3,0,7,0,10,8,0,18,0,14,11,0,25,0,0,0,25
02/04/2015,MVY,MA,ANE,EN,Federal Contract Tower,0,6,6,0,12,0,7,25,2,34,0,13,31,2,46,0,0,0,46
02/05/2015,MVY,MA,ANE,EN,Federal Contract Tower,0,12,4,0,16,0,3,2,2,7,0,15,6,2,23,4,0,4,27
02/06/2015,MVY,MA,ANE,EN,Federal Contract Tower,0,2,2,0,4,0,10,22,0,32,0,12,24,0,36,0,0,0,36
02/07/2015,MVY,MA,ANE,EN,Federal Contract Tower,0,2,1,0,3,0,16,27,0,43,0,18,28,0,46,0,0,0,46
02/08/2015,MVY,MA,ANE,EN,Federal Contract Tower,0,11,4,0,15,0,0,0,0,0,0,11,4,0,15,0,0,0,15
02/09/2015,MVY,MA,ANE,EN,Federal Contract Tower,0,1,0,0,1,0,0,0,0,0,0,1,0,0,1,0,0,0,1
02/10/2015,MVY,MA,ANE,EN,Federal Contract Tower,0,7,4,0,11,0,0,0,0,0,0,7,4,0,11,0,0,0,11
02/11/2015,MVY,MA,ANE,EN,Federal Contract Tower,0,12,4,0,16,0,0,0,0,0,0,12,4,0,16,0,0,0,16
02/12/2015,MVY,MA,ANE,EN,Federal Contract Tower,0,5,3,2,10,0,5,3,0,8,0,10,6,2,18,0,0,0,18
02/13/2015,MVY,MA,ANE,EN,Federal Contract Tower,0,1,0,0,1,0,17,9,0,26,0,18,9,0,27,0,0,0,27
02/14/2015,MVY,MA,ANE,EN,Federal Contract Tower,0,7,0,0,7,0,7,5,0,12,0,14,5,0,19,0,0,0,19
02/15/2015,MVY,MA,ANE,EN,Federal Contract Tower,0,0,0,0,0,0,0,0,0,0,0,0,0,0,0,0,0,0,0
02/16/2015,MVY,MA,ANE,EN,Federal Contract Tower,0,3,0,0,3,0,8,10,0,18,0,11,10,0,21,0,0,0,21
02/17/2015,MVY,MA,ANE,EN,Federal Contract Tower,0,9,3,0,12,0,0,0,0,0,0,9,3,0,12,0,0,0,12
02/18/2015,MVY,MA,ANE,EN,Federal Contract Tower,0,7,0,0,7,0,2,5,4,11,0,9,5,4,18,0,0,0,18
02/19/2015,MVY,MA,ANE,EN,Federal Contract Tower,0,8,0,0,8,0,8,6,0,14,0,16,6,0,22,0,0,0,22
02/20/2015,MVY,MA,ANE,EN,Federal Contract Tower,0,5,0,0,5,0,20,5,0,25,0,25,5,0,30,0,0,0,30
02/21/2015,MVY,MA,ANE,EN,Federal Contract Tower,0,1,3,0,4,0,7,8,0,15,0,8,11,0,19,10,6,16,35
02/22/2015,MVY,MA,ANE,EN,Federal Contract Tower,0,8,2,0,10,0,0,0,0,0,0,8,2,0,10,0,0,0,10
02/23/2015,MVY,MA,ANE,EN,Federal Contract Tower,0,6,0,0,6,0,18,4,2,24,0,24,4,2,30,2,2,4,34
02/24/2015,MVY,MA,ANE,EN,Federal Contract Tower,0,2,0,0,2,0,16,16,0,32,0,18,16,0,34,0,0,0,34
02/25/2015,MVY,MA,ANE,EN,Federal Contract Tower,0,4,2,0,6,0,11,4,0,15,0,15,6,0,21,2,6,8,29
02/26/2015,MVY,MA,ANE,EN,Federal Contract Tower,0,8,6,0,14,0,7,2,0,9,0,15,8,0,23,0,0,0,23
02/27/2015,MVY,MA,ANE,EN,Federal Contract Tower,0,3,0,0,3,0,15,21,0,36,0,18,21,0,39,0,0,0,39
02/28/2015,MVY,MA,ANE,EN,Federal Contract Tower,0,0,6,0,6,0,17,46,0,63,0,17,52,0,69,8,0,8,77
03/01/2015,MVY,MA,ANE,EN,Federal Contract Tower,0,9,4,0,13,0,12,30,0,42,0,21,34,0,55,0,0,0,55
03/02/2015,MVY,MA,ANE,EN,Federal Contract Tower,0,3,2,0,5,0,6,20,0,26,0,9,22,0,31,0,0,0,31
03/03/2015,MVY,MA,ANE,EN,Federal Contract Tower,0,2,2,0,4,0,14,15,0,29,0,16,17,0,33,18,0,18,51
03/04/2015,MVY,MA,ANE,EN,Federal Contract Tower,0,14,6,0,20,0,0,0,0,0,0,14,6,0,20,4,0,4,24
03/05/2015,MVY,MA,ANE,EN,Federal Contract Tower,0,6,0,0,6,0,0,0,0,0,0,6,0,0,6,0,0,0,6
03/06/2015,MVY,MA,ANE,EN,Federal Contract Tower,0,3,1,0,4,0,16,28,0,44,0,19,29,0,48,0,0,0,48
03/07/2015,MVY,MA,ANE,EN,Federal Contract Tower,0,0,2,0,2,0,17,48,0,65,0,17,50,0,67,2,0,2,69
03/08/2015,MVY,MA,ANE,EN,Federal Contract Tower,0,3,6,0,9,0,7,30,0,37,0,10,36,0,46,0,0,0,46
03/09/2015,MVY,MA,ANE,EN,Federal Contract Tower,0,1,2,0,3,0,17,18,0,35,0,18,20,0,38,0,0,0,38
03/10/2015,MVY,MA,ANE,EN,Federal Contract Tower,0,7,4,5,16,0,8,17,1,26,0,15,21,6,42,0,0,0,42
03/11/2015,MVY,MA,ANE,EN,Federal Contract Tower,0,9,3,0,12,0,7,11,0,18,0,16,14,0,30,2,0,2,32
03/12/2015,MVY,MA,ANE,EN,Federal Contract Tower,0,4,0,0,4,0,14,10,0,24,0,18,10,0,28,0,12,12,40
03/13/2015,MVY,MA,ANE,EN,Federal Contract Tower,0,1,5,0,6,0,23,38,2,63,0,24,43,2,69,10,0,10,79
03/14/2015,MVY,MA,ANE,EN,Federal Contract Tower,0,10,2,0,12,0,3,0,0,3,0,13,2,0,15,0,0,0,15
03/15/2015,MVY,MA,ANE,EN,Federal Contract Tower,0,10,3,0,13,0,1,13,0,14,0,11,16,0,27,0,0,0,27
03/17/2015,MVY,MA,ANE,EN,Federal Contract Tower,0,15,5,0,20,0,1,14,0,15,0,16,19,0,35,0,0,0,35
03/18/2015,MVY,MA,ANE,EN,Federal Contract Tower,0,5,0,0,5,0,10,2,0,12,0,15,2,0,17,0,0,0,17
03/19/2015,MVY,MA,ANE,EN,Federal Contract Tower,0,2,0,0,2,0,15,11,0,26,0,17,11,0,28,0,0,0,28
03/20/2015,MVY,MA,ANE,EN,Federal Contract Tower,0,5,0,0,5,0,17,24,4,45,0,22,24,4,50,0,4,4,54
03/21/2015,MVY,MA,ANE,EN,Federal Contract Tower,0,11,6,0,17,0,0,0,0,0,0,11,6,0,17,0,0,0,17
03/22/2015,MVY,MA,ANE,EN,Federal Contract Tower,0,0,0,0,0,0,16,17,0,33,0,16,17,0,33,0,0,0,33
03/23/2015,MVY,MA,ANE,EN,Federal Contract Tower,0,3,4,0,7,0,17,56,2,75,0,20,60,2,82,28,0,28,110
03/24/2015,MVY,MA,ANE,EN,Federal Contract Tower,0,3,1,0,4,0,17,25,0,42,0,20,26,0,46,14,0,14,60
03/25/2015,MVY,MA,ANE,EN,Federal Contract Tower,0,1,2,0,3,0,22,48,0,70,0,23,50,0,73,6,0,6,79
03/26/2015,MVY,MA,ANE,EN,Federal Contract Tower,0,10,1,0,11,0,0,0,0,0,0,10,1,0,11,0,0,0,11
03/27/2015,MVY,MA,ANE,EN,Federal Contract Tower,0,13,5,0,18,0,0,0,0,0,0,13,5,0,18,0,0,0,18
03/28/2015,MVY,MA,ANE,EN,Federal Contract Tower,0,11,3,0,14,0,0,0,0,0,0,11,3,0,14,0,0,0,14
03/29/2015,MVY,MA,ANE,EN,Federal Contract Tower,0,0,6,0,6,0,0,7,32,39,0,0,13,32,45,5,0,5,50
03/30/2015,MVY,MA,ANE,EN,Federal Contract Tower,0,4,8,0,12,0,10,22,0,32,0,14,30,0,44,0,0,0,44
03/31/2015,MVY,MA,ANE,EN,Federal Contract Tower,0,3,1,0,4,0,18,19,0,37,0,21,20,0,41,0,0,0,41
04/01/2015,MVY,MA,ANE,EN,Federal Contract Tower,0,4,0,0,4,0,12,23,0,35,0,16,23,0,39,2,0,2,41
04/02/2015,MVY,MA,ANE,EN,Federal Contract Tower,0,4,0,0,4,0,12,29,0,41,0,16,29,0,45,0,0,0,45
04/03/2015,MVY,MA,ANE,EN,Federal Contract Tower,0,20,9,0,29,0,7,2,0,9,0,27,11,0,38,0,0,0,38
04/04/2015,MVY,MA,ANE,EN,Federal Contract Tower,0,6,2,0,8,0,12,20,0,32,0,18,22,0,40,0,0,0,40
04/05/2015,MVY,MA,ANE,EN,Federal Contract Tower,0,8,2,0,10,0,14,27,0,41,0,22,29,0,51,8,0,8,59
04/06/2015,MVY,MA,ANE,EN,Federal Contract Tower,0,4,4,0,8,0,12,47,0,59,0,16,51,0,67,0,0,0,67
04/07/2015,MVY,MA,ANE,EN,Federal Contract Tower,0,14,6,0,20,0,0,0,0,0,0,14,6,0,20,0,0,0,20
04/08/2015,MVY,MA,ANE,EN,Federal Contract Tower,0,8,1,0,9,0,11,7,0,18,0,19,8,0,27,0,0,0,27
04/09/2015,MVY,MA,ANE,EN,Federal Contract Tower,0,13,1,0,14,0,0,0,0,0,0,13,1,0,14,0,0,0,14
04/10/2015,MVY,MA,ANE,EN,Federal Contract Tower,0,9,4,0,13,0,0,0,0,0,0,9,4,0,13,0,0,0,13
04/11/2015,MVY,MA,ANE,EN,Federal Contract Tower,0,5,4,0,9,0,15,29,0,44,0,20,33,0,53,0,0,0,53
04/12/2015,MVY,MA,ANE,EN,Federal Contract Tower,0,0,4,0,4,0,22,162,0,184,0,22,166,0,188,4,0,4,192
04/13/2015,MVY,MA,ANE,EN,Federal Contract Tower,0,4,2,0,6,0,20,41,0,61,0,24,43,0,67,0,0,0,67
04/14/2015,MVY,MA,ANE,EN,Federal Contract Tower,0,5,2,0,7,0,9,11,0,20,0,14,13,0,27,0,0,0,27
04/15/2015,MVY,MA,ANE,EN,Federal Contract Tower,0,5,0,0,5,0,11,37,0,48,0,16,37,0,53,6,0,6,59
04/16/2015,MVY,MA,ANE,EN,Federal Contract Tower,0,6,1,0,7,0,14,46,0,60,0,20,47,0,67,0,0,0,67
04/17/2015,MVY,MA,ANE,EN,Federal Contract Tower,0,18,5,0,23,0,2,0,0,2,0,20,5,0,25,0,0,0,25
04/18/2015,MVY,MA,ANE,EN,Federal Contract Tower,0,4,7,0,11,0,29,118,0,147,0,33,125,0,158,0,0,0,158
04/19/2015,MVY,MA,ANE,EN,Federal Contract Tower,0,5,6,0,11,0,24,92,0,116,0,29,98,0,127,6,0,6,133
04/20/2015,MVY,MA,ANE,EN,Federal Contract Tower,0,10,6,0,16,0,5,12,0,17,0,15,18,0,33,0,0,0,33
04/21/2015,MVY,MA,ANE,EN,Federal Contract Tower,0,9,4,0,13,0,4,14,0,18,0,13,18,0,31,0,0,0,31
04/22/2015,MVY,MA,ANE,EN,Federal Contract Tower,0,2,1,0,3,0,13,48,2,63,0,15,49,2,66,0,0,0,66
04/23/2015,MVY,MA,ANE,EN,Federal Contract Tower,0,2,2,0,4,0,16,37,0,53,0,18,39,0,57,8,0,8,65
04/24/2015,MVY,MA,ANE,EN,Federal Contract Tower,0,1,3,0,4,0,25,36,0,61,0,26,39,0,65,16,0,16,81
04/25/2015,MVY,MA,ANE,EN,Federal Contract Tower,0,4,9,0,13,0,23,60,0,83,0,27,69,0,96,10,0,10,106
04/26/2015,MVY,MA,ANE,EN,Federal Contract Tower,0,2,7,0,9,0,24,107,0,131,0,26,114,0,140,4,0,4,144
04/27/2015,MVY,MA,ANE,EN,Federal Contract Tower,0,3,4,0,7,0,21,41,0,62,0,24,45,0,69,0,0,0,69
04/28/2015,MVY,MA,ANE,EN,Federal Contract Tower,0,4,0,0,4,0,16,44,0,60,0,20,44,0,64,0,0,0,64
04/29/2015,MVY,MA,ANE,EN,Federal Contract Tower,0,8,3,0,11,0,15,43,0,58,0,23,46,0,69,0,0,0,69
05/01/2015,MVY,MA,ANE,EN,Federal Contract Tower,0,8,9,0,17,0,10,12,0,22,0,18,21,0,39,0,0,0,39
05/02/2015,MVY,MA,ANE,EN,Federal Contract Tower,0,17,5,0,22,0,6,27,0,33,0,23,32,0,55,0,0,0,55
05/03/2015,MVY,MA,ANE,EN,Federal Contract Tower,0,3,8,0,11,0,20,154,0,174,0,23,162,0,185,0,0,0,185
05/04/2015,MVY,MA,ANE,EN,Federal Contract Tower,0,10,9,4,23,0,17,55,0,72,0,27,64,4,95,14,0,14,109
05/05/2015,MVY,MA,ANE,EN,Federal Contract Tower,0,4,7,0,11,0,19,45,0,64,0,23,52,0,75,16,0,16,91
05/06/2015,MVY,MA,ANE,EN,Federal Contract Tower,0,6,5,0,11,0,21,65,0,86,0,27,70,0,97,0,0,0,97
05/07/2015,MVY,MA,ANE,EN,Federal Contract Tower,0,9,2,0,11,0,23,59,3,85,0,32,61,3,96,0,4,4,100
05/08/2015,MVY,MA,ANE,EN,Federal Contract Tower,0,10,9,0,19,0,29,86,0,115,0,39,95,0,134,8,0,8,142
05/09/2015,MVY,MA,ANE,EN,Federal Contract Tower,0,19,25,0,44,0,0,10,0,10,0,19,35,0,54,0,0,0,54
05/10/2015,MVY,MA,ANE,EN,Federal Contract Tower,0,19,23,0,42,0,5,25,0,30,0,24,48,0,72,0,0,0,72
05/11/2015,MVY,MA,ANE,EN,Federal Contract Tower,0,16,13,0,29,0,0,0,0,0,0,16,13,0,29,0,0,0,29
05/12/2015,MVY,MA,ANE,EN,Federal Contract Tower,0,13,7,0,20,0,0,0,0,0,0,13,7,0,20,0,0,0,20
05/13/2015,MVY,MA,ANE,EN,Federal Contract Tower,0,11,7,0,18,0,15,31,2,48,0,26,38,2,66,0,0,0,66
05/14/2015,MVY,MA,ANE,EN,Federal Contract Tower,2,8,2,2,14,0,15,47,0,62,2,23,49,2,76,0,0,0,76
05/16/2015,MVY,MA,ANE,EN,Federal Contract Tower,2,19,17,0,38,0,32,55,0,87,2,51,72,0,125,6,0,6,131
05/17/2015,MVY,MA,ANE,EN,Federal Contract Tower,2,17,8,2,29,0,30,110,0,140,2,47,118,2,169,4,0,4,173
05/18/2015,MVY,MA,ANE,EN,Federal Contract Tower,2,29,12,0,43,0,10,38,1,49,2,39,50,1,92,10,0,10,102
05/19/2015,MVY,MA,ANE,EN,Federal Contract Tower,2,24,9,0,35,0,0,0,0,0,2,24,9,0,35,0,0,0,35
05/20/2015,MVY,MA,ANE,EN,Federal Contract Tower,2,10,5,3,20,0,23,54,0,77,2,33,59,3,97,0,14,14,111
05/21/2015,MVY,MA,ANE,EN,Federal Contract Tower,2,29,14,0,45,0,31,80,0,111,2,60,94,0,156,4,0,4,160
05/22/2015,MVY,MA,ANE,EN,Federal Contract Tower,4,45,24,0,73,0,93,164,2,259,4,138,188,2,332,0,2,2,334
05/23/2015,MVY,MA,ANE,EN,Federal Contract Tower,4,18,20,0,42,0,45,129,0,174,4,63,149,0,216,2,0,2,218
05/24/2015,MVY,MA,ANE,EN,Federal Contract Tower,4,11,12,0,27,0,26,99,0,125,4,37,111,0,152,6,0,6,158
05/25/2015,MVY,MA,ANE,EN,Federal Contract Tower,4,53,21,0,78,0,79,148,0,227,4,132,169,0,305,0,0,0,305
05/26/2015,MVY,MA,ANE,EN,Federal Contract Tower,4,10,8,0,22,0,42,78,0,120,4,52,86,0,142,0,0,0,142
05/27/2015,MVY,MA,ANE,EN,Federal Contract Tower,2,24,16,0,42,0,14,20,0,34,2,38,36,0,76,0,0,0,76
05/28/2015,MVY,MA,ANE,EN,Federal Contract Tower,2,41,14,0,57,0,3,7,0,10,2,44,21,0,67,0,0,0,67
05/29/2015,MVY,MA,ANE,EN,Federal Contract Tower,4,32,7,2,45,0,42,98,0,140,4,74,105,2,185,6,4,10,195
05/30/2015,MVY,MA,ANE,EN,Federal Contract Tower,2,14,22,0,38,0,11,35,0,46,2,25,57,0,84,0,0,0,84
05/31/2015,MVY,MA,ANE,EN,Federal Contract Tower,4,39,24,2,69,0,4,13,0,17,4,43,37,2,86,0,0,0,86
06/01/2015,MVY,MA,ANE,EN,Federal Contract Tower,4,41,15,0,60,0,0,0,0,0,4,41,15,0,60,0,0,0,60
06/02/2015,MVY,MA,ANE,EN,Federal Contract Tower,2,20,11,0,33,0,0,0,0,0,2,20,11,0,33,0,0,0,33
06/03/2015,MVY,MA,ANE,EN,Federal Contract Tower,2,23,20,0,45,0,4,13,2,19,2,27,33,2,64,4,0,4,68
06/04/2015,MVY,MA,ANE,EN,Federal Contract Tower,6,17,21,0,44,0,29,70,0,99,6,46,91,0,143,0,0,0,143
06/05/2015,MVY,MA,ANE,EN,Federal Contract Tower,6,34,17,0,57,0,40,94,0,134,6,74,111,0,191,0,0,0,191
06/06/2015,MVY,MA,ANE,EN,Federal Contract Tower,12,15,13,0,40,0,24,68,0,92,12,39,81,0,132,0,0,0,132
06/07/2015,MVY,MA,ANE,EN,Federal Contract Tower,10,9,21,1,41,0,43,183,1,227,10,52,204,2,268,0,0,0,268
06/08/2015,MVY,MA,ANE,EN,Federal Contract Tower,6,13,8,0,27,0,30,44,0,74,6,43,52,0,101,4,0,4,105
06/09/2015,MVY,MA,ANE,EN,Federal Contract Tower,4,19,15,0,38,0,1,8,0,9,4,20,23,0,47,0,0,0,47
06/10/2015,MVY,MA,ANE,EN,Federal Contract Tower,4,16,13,2,35,0,35,55,8,98,4,51,68,10,133,24,20,44,177
06/11/2015,MVY,MA,ANE,EN,Federal Contract Tower,6,18,8,0,32,0,41,57,0,98,6,59,65,0,130,6,0,6,136
06/12/2015,MVY,MA,ANE,EN,Federal Contract Tower,6,58,30,0,94,0,53,109,0,162,6,111,139,0,256,0,2,2,258
06/13/2015,MVY,MA,ANE,EN,Federal Contract Tower,12,16,9,0,37,0,38,82,0,120,12,54,91,0,157,0,0,0,157
06/14/2015,MVY,MA,ANE,EN,Federal Contract Tower,8,25,23,0,56,0,62,182,0,244,8,87,205,0,300,0,0,0,300
06/16/2015,MVY,MA,ANE,EN,Federal Contract Tower,4,46,14,0,64,0,0,0,0,0,4,46,14,0,64,0,0,0,64
06/17/2015,MVY,MA,ANE,EN,Federal Contract Tower,6,31,28,0,65,0,46,92,6,144,6,77,120,6,209,36,16,52,261
06/18/2015,MVY,MA,ANE,EN,Federal Contract Tower,9,24,23,0,56,0,49,74,0,123,9,73,97,0,179,2,0,2,181
06/19/2015,MVY,MA,ANE,EN,Federal Contract Tower,8,46,28,0,82,0,56,90,0,146,8,102,118,0,228,4,0,4,232
06/20/2015,MVY,MA,ANE,EN,Federal Contract Tower,15,17,25,0,57,0,47,146,0,193,15,64,171,0,250,0,0,0,250
06/21/2015,MVY,MA,ANE,EN,Federal Contract Tower,14,50,49,0,113,0,4,12,0,16,14,54,61,0,129,0,0,0,129
06/22/2015,MVY,MA,ANE,EN,Federal Contract Tower,6,39,14,0,59,0,70,128,0,198,6,109,142,0,257,18,16,34,291
06/23/2015,MVY,MA,ANE,EN,Federal Contract Tower,8,20,29,0,57,0,28,36,0,64,8,48,65,0,121,0,0,0,121
06/24/2015,MVY,MA,ANE,EN,Federal Contract Tower,8,19,12,0,39,0,37,108,0,145,8,56,120,0,184,0,0,0,184
06/25/2015,MVY,MA,ANE,EN,Federal Contract Tower,8,27,24,0,59,0,47,115,0,162,8,74,139,0,221,40,0,40,261
06/26/2015,MVY,MA,ANE,EN,Federal Contract Tower,8,43,25,0,76,0,83,113,0,196,8,126,138,0,272,0,0,0,272
06/27/2015,MVY,MA,ANE,EN,Federal Contract Tower,14,15,34,0,63,0,62,103,0,165,14,77,137,0,228,0,0,0,228
06/28/2015,MVY,MA,ANE,EN,Federal Contract Tower,11,78,44,0,133,0,0,0,0,0,11,78,44,0,133,0,0,0,133
06/29/2015,MVY,MA,ANE,EN,Federal Contract Tower,8,74,42,0,124,0,39,91,0,130,8,113,133,0,254,8,0,8,262
06/30/2015,MVY,MA,ANE,EN,Federal Contract Tower,6,35,24,1,66,0,53,131,0,184,6,88,155,1,250,10,0,10,260
07/01/2015,MVY,MA,ANE,EN,Federal Contract Tower,8,70,31,0,109,0,18,17,0,35,8,88,48,0,144,0,0,0,144
07/02/2015,MVY,MA,ANE,EN,Federal Contract Tower,8,77,52,2,139,0,69,175,0,244,8,146,227,2,383,8,0,8,391
07/03/2015,MVY,MA,ANE,EN,Federal Contract Tower,8,28,33,0,69,0,85,183,0,268,8,113,216,0,337,0,0,0,337
07/04/2015,MVY,MA,ANE,EN,Federal Contract Tower,14,16,11,0,41,0,54,93,0,147,14,70,104,0,188,0,0,0,188
07/05/2015,MVY,MA,ANE,EN,Federal Contract Tower,18,54,32,0,104,0,95,240,0,335,18,149,272,0,439,0,0,0,439
07/06/2015,MVY,MA,ANE,EN,Federal Contract Tower,8,42,37,0,87,0,75,174,4,253,8,117,211,4,340,6,14,20,360
07/07/2015,MVY,MA,ANE,EN,Federal Contract Tower,8,60,37,2,107,0,29,38,0,67,8,89,75,2,174,0,0,0,174
07/08/2015,MVY,MA,ANE,EN,Federal Contract Tower,8,48,11,0,67,0,42,56,2,100,8,90,67,2,167,36,0,36,203
07/09/2015,MVY,MA,ANE,EN,Federal Contract Tower,8,63,38,0,109,0,56,83,0,139,8,119,121,0,248,0,0,0,248
07/10/2015,MVY,MA,ANE,EN,Federal Contract Tower,10,91,54,0,155,0,66,121,0,187,10,157,175,0,342,0,0,0,342
07/11/2015,MVY,MA,ANE,EN,Federal Contract Tower,15,25,31,0,71,0,79,163,0,242,15,104,194,0,313,0,0,0,313
07/12/2015,MVY,MA,ANE,EN,Federal Contract Tower,12,48,38,0,98,0,95,189,0,284,12,143,227,0,382,0,0,0,382
07/13/2015,MVY,MA,ANE,EN,Federal Contract Tower,12,41,35,0,88,0,73,145,0,218,12,114,180,0,306,0,0,0,306
07/14/2015,MVY,MA,ANE,EN,Federal Contract Tower,7,34,22,0,63,0,41,52,0,93,7,75,74,0,156,8,0,8,164
07/15/2015,MVY,MA,ANE,EN,Federal Contract Tower,7,79,27,0,113,0,9,15,0,24,7,88,42,0,137,8,0,8,145
07/16/2015,MVY,MA,ANE,EN,Federal Contract Tower,8,49,25,0,82,0,74,138,2,214,8,123,163,2,296,0,4,4,300
07/17/2015,MVY,MA,ANE,EN,Federal Contract Tower,8,47,21,0,76,0,114,165,0,279,8,161,186,0,355,0,0,0,355
07/18/2015,MVY,MA,ANE,EN,Federal Contract Tower,13,45,19,0,77,0,70,79,0,149,13,115,98,0,226,0,0,0,226
07/19/2015,MVY,MA,ANE,EN,Federal Contract Tower,12,138,107,0,257,0,5,12,0,17,12,143,119,0,274,0,0,0,274
07/20/2015,MVY,MA,ANE,EN,Federal Contract Tower,8,49,23,0,80,0,69,78,0,147,8,118,101,0,227,18,0,18,245
07/21/2015,MVY,MA,ANE,EN,Federal Contract Tower,8,40,26,0,74,0,54,69,0,123,8,94,95,0,197,4,0,4,201
07/22/2015,MVY,MA,ANE,EN,Federal Contract Tower,8,31,11,0,50,0,62,89,0,151,8,93,100,0,201,4,0,4,205
07/23/2015,MVY,MA,ANE,EN,Federal Contract Tower,7,35,34,4,80,0,76,103,0,179,7,111,137,4,259,0,0,0,259
07/24/2015,MVY,MA,ANE,EN,Federal Contract Tower,8,50,39,4,101,0,98,133,0,231,8,148,172,4,332,4,4,8,340
07/25/2015,MVY,MA,ANE,EN,Federal Contract Tower,14,51,34,0,99,0,77,109,0,186,14,128,143,0,285,2,0,2,287
07/26/2015,MVY,MA,ANE,EN,Federal Contract Tower,12,106,60,0,178,0,67,88,0,155,12,173,148,0,333,21,0,21,354
07/27/2015,MVY,MA,ANE,EN,Federal Contract Tower,8,69,35,4,116,0,62,62,4,128,8,131,97,8,244,2,4,6,250
07/28/2015,MVY,MA,ANE,EN,Federal Contract Tower,8,58,26,0,92,0,37,40,0,77,8,95,66,0,169,4,0,4,173
07/29/2015,MVY,MA,ANE,EN,Federal Contract Tower,8,43,16,0,67,0,53,96,0,149,8,96,112,0,216,32,0,32,248
07/30/2015,MVY,MA,ANE,EN,Federal Contract Tower,7,78,57,3,145,0,25,35,1,61,7,103,92,4,206,6,2,8,214
07/31/2015,MVY,MA,ANE,EN,Federal Contract Tower,8,42,40,0,90,0,96,160,2,258,8,138,200,2,348,4,0,4,352
08/01/2015,MVY,MA,ANE,EN,Federal Contract Tower,17,26,18,0,61,0,75,168,0,243,17,101,186,0,304,0,0,0,304
08/02/2015,MVY,MA,ANE,EN,Federal Contract Tower,13,49,41,0,103,0,120,167,0,287,13,169,208,0,390,6,0,6,396
08/03/2015,MVY,MA,ANE,EN,Federal Contract Tower,8,65,32,0,105,0,95,117,0,212,8,160,149,0,317,30,0,30,347
08/04/2015,MVY,MA,ANE,EN,Federal Contract Tower,9,65,30,8,112,0,35,36,0,71,9,100,66,8,183,0,0,0,183
08/05/2015,MVY,MA,ANE,EN,Federal Contract Tower,8,43,38,0,89,0,78,164,0,242,8,121,202,0,331,64,0,64,395
08/06/2015,MVY,MA,ANE,EN,Federal Contract Tower,0,51,26,7,84,0,112,145,16,273,0,163,171,23,357,6,0,6,363
08/07/2015,MVY,MA,ANE,EN,Federal Contract Tower,9,73,28,0,110,0,83,94,0,177,9,156,122,0,287,0,0,0,287
08/08/2015,MVY,MA,ANE,EN,Federal Contract Tower,14,85,44,1,144,0,0,0,0,0,14,85,44,1,144,0,0,0,144
08/09/2015,MVY,MA,ANE,EN,Federal Contract Tower,12,127,81,0,220,0,0,0,0,0,12,127,81,0,220,0,0,0,220
08/10/2015,MVY,MA,ANE,EN,Federal Contract Tower,8,119,53,0,180,0,3,17,0,20,8,122,70,0,200,0,0,0,200
08/11/2015,MVY,MA,ANE,EN,Federal Contract Tower,7,81,36,6,130,0,2,1,1,4,7,83,37,7,134,0,0,0,134
08/12/2015,MVY,MA,ANE,EN,Federal Contract Tower,8,91,38,1,138,0,4,12,0,16,8,95,50,1,154,0,0,0,154
08/13/2015,MVY,MA,ANE,EN,Federal Contract Tower,8,95,53,0,156,0,7,14,0,21,8,102,67,0,177,0,0,0,177
08/14/2015,MVY,MA,ANE,EN,Federal Contract Tower,8,132,77,0,217,0,0,2,4,6,8,132,79,4,223,0,0,0,223
08/15/2015,MVY,MA,ANE,EN,Federal Contract Tower,8,94,42,0,144,0,0,2,0,2,8,94,44,0,146,0,0,0,146
08/16/2015,MVY,MA,ANE,EN,Federal Contract Tower,14,135,99,0,248,0,2,0,0,2,14,137,99,0,250,0,0,0,250
08/17/2015,MVY,MA,ANE,EN,Federal Contract Tower,8,109,49,1,167,0,0,0,0,0,8,109,49,1,167,0,0,0,167
08/18/2015,MVY,MA,ANE,EN,Federal Contract Tower,8,91,48,1,148,0,0,0,4,4,8,91,48,5,152,0,0,0,152
08/19/2015,MVY,MA,ANE,EN,Federal Contract Tower,8,70,47,2,127,0,0,0,5,5,8,70,47,7,132,0,0,0,132
08/20/2015,MVY,MA,ANE,EN,Federal Contract Tower,8,101,60,0,169,0,0,0,2,2,8,101,60,2,171,0,0,0,171
08/21/2015,MVY,MA,ANE,EN,Federal Contract Tower,8,123,65,0,196,0,0,0,1,1,8,123,65,1,197,0,0,0,197
08/22/2015,MVY,MA,ANE,EN,Federal Contract Tower,14,96,57,4,171,0,0,0,0,0,14,96,57,4,171,0,0,0,171
08/23/2015,MVY,MA,ANE,EN,Federal Contract Tower,12,125,63,18,218,0,0,0,0,0,12,125,63,18,218,0,0,0,218
08/24/2015,MVY,MA,ANE,EN,Federal Contract Tower,8,125,70,6,209,0,0,2,0,2,8,125,72,6,211,0,0,0,211
08/25/2015,MVY,MA,ANE,EN,Federal Contract Tower,8,56,43,4,111,0,14,22,0,36,8,70,65,4,147,4,0,4,151
08/26/2015,MVY,MA,ANE,EN,Federal Contract Tower,8,29,27,0,64,0,48,81,0,129,8,77,108,0,193,42,0,42,235
08/27/2015,MVY,MA,ANE,EN,Federal Contract Tower,8,26,26,0,60,0,71,109,0,180,8,97,135,0,240,0,4,4,244
08/28/2015,MVY,MA,ANE,EN,Federal Contract Tower,8,42,44,0,94,0,83,170,0,253,8,125,214,0,347,4,0,4,351
08/29/2015,MVY,MA,ANE,EN,Federal Contract Tower,16,15,10,0,41,0,91,198,0,289,16,106,208,0,330,6,0,6,336
08/30/2015,MVY,MA,ANE,EN,Federal Contract Tower,12,52,28,0,92,0,103,201,0,304,12,155,229,0,396,0,0,0,396
08/31/2015,MVY,MA,ANE,EN,Federal Contract Tower,8,36,18,0,62,0,81,87,2,170,8,117,105,2,232,4,0,4,236
09/01/2015,MVY,MA,ANE,EN,Federal Contract Tower,6,42,9,0,57,0,68,65,0,133,6,110,74,0,190,10,0,10,200
09/02/2015,MVY,MA,ANE,EN,Federal Contract Tower,6,47,18,0,71,0,55,80,0,135,6,102,98,0,206,14,0,14,220
09/03/2015,MVY,MA,ANE,EN,Federal Contract Tower,6,60,31,0,97,0,56,67,0,123,6,116,98,0,220,44,0,44,264
09/04/2015,MVY,MA,ANE,EN,Federal Contract Tower,6,110,59,0,175,0,53,90,0,143,6,163,149,0,318,0,0,0,318
09/05/2015,MVY,MA,ANE,EN,Federal Contract Tower,10,12,8,0,30,0,76,112,0,188,10,88,120,0,218,0,0,0,218
09/06/2015,MVY,MA,ANE,EN,Federal Contract Tower,8,31,20,0,59,0,67,175,0,242,8,98,195,0,301,0,0,0,301
09/07/2015,MVY,MA,ANE,EN,Federal Contract Tower,8,87,38,0,133,0,90,139,0,229,8,177,177,0,362,0,0,0,362
09/08/2015,MVY,MA,ANE,EN,Federal Contract Tower,4,45,14,0,63,0,71,61,0,132,4,116,75,0,195,0,0,0,195
09/09/2015,MVY,MA,ANE,EN,Federal Contract Tower,0,43,17,0,60,0,54,50,0,104,0,97,67,0,164,16,0,16,180
09/10/2015,MVY,MA,ANE,EN,Federal Contract Tower,2,54,14,0,70,0,0,0,0,0,2,54,14,0,70,0,0,0,70
09/11/2015,MVY,MA,ANE,EN,Federal Contract Tower,2,91,40,0,133,0,58,68,0,126,2,149,108,0,259,0,0,0,259
09/12/2015,MVY,MA,ANE,EN,Federal Contract Tower,0,37,36,0,73,0,65,96,0,161,0,102,132,0,234,6,0,6,240
09/13/2015,MVY,MA,ANE,EN,Federal Contract Tower,2,99,40,0,141,0,16,18,0,34,2,115,58,0,175,0,0,0,175
09/14/2015,MVY,MA,ANE,EN,Federal Contract Tower,2,19,18,0,39,0,57,61,0,118,2,76,79,0,157,8,0,8,165
09/15/2015,MVY,MA,ANE,EN,Federal Contract Tower,0,23,11,3,37,0,58,77,0,135,0,81,88,3,172,0,0,0,172
09/16/2015,MVY,MA,ANE,EN,Federal Contract Tower,0,10,13,4,27,0,52,78,0,130,0,62,91,4,157,12,0,12,169
09/17/2015,MVY,MA,ANE,EN,Federal Contract Tower,2,26,14,0,42,0,50,65,0,115,2,76,79,0,157,0,0,0,157
09/18/2015,MVY,MA,ANE,EN,Federal Contract Tower,2,33,23,0,58,0,54,76,0,130,2,87,99,0,188,2,0,2,190
09/19/2015,MVY,MA,ANE,EN,Federal Contract Tower,0,31,24,0,55,0,38,55,0,93,0,69,79,0,148,0,0,0,148
09/20/2015,MVY,MA,ANE,EN,Federal Contract Tower,2,78,53,0,133,0,54,74,0,128,2,132,127,0,261,0,0,0,261
09/21/2015,MVY,MA,ANE,EN,Federal Contract Tower,2,18,19,0,39,0,52,63,0,115,2,70,82,0,154,0,0,0,154
09/22/2015,MVY,MA,ANE,EN,Federal Contract Tower,0,14,14,0,28,0,71,37,0,108,0,85,51,0,136,0,0,0,136
09/23/2015,MVY,MA,ANE,EN,Federal Contract Tower,0,11,10,0,21,0,45,75,0,120,0,56,85,0,141,0,0,0,141
09/24/2015,MVY,MA,ANE,EN,Federal Contract Tower,2,20,6,2,30,0,42,45,4,91,2,62,51,6,121,0,4,4,125
09/25/2015,MVY,MA,ANE,EN,Federal Contract Tower,2,22,27,0,51,0,54,86,0,140,2,76,113,0,191,4,0,4,195
09/26/2015,MVY,MA,ANE,EN,Federal Contract Tower,0,18,8,0,26,0,55,76,0,131,0,73,84,0,157,0,0,0,157
09/27/2015,MVY,MA,ANE,EN,Federal Contract Tower,2,40,29,0,71,0,65,106,0,171,2,105,135,0,242,4,0,4,246
09/28/2015,MVY,MA,ANE,EN,Federal Contract Tower,2,31,13,0,46,0,43,40,0,83,2,74,53,0,129,0,0,0,129
09/29/2015,MVY,MA,ANE,EN,Federal Contract Tower,0,31,17,1,49,0,32,20,1,53,0,63,37,2,102,2,4,6,108
09/30/2015,MVY,MA,ANE,EN,Federal Contract Tower,0,33,1,0,34,0,0,0,0,0,0,33,1,0,34,0,0,0,34
10/01/2015,MVY,MA,ANE,EN,Federal Contract Tower,2,53,2,0,57,0,7,3,0,10,2,60,5,0,67,0,0,0,67
10/02/2015,MVY,MA,ANE,EN,Federal Contract Tower,2,53,3,2,60,0,0,0,0,0,2,53,3,2,60,0,0,0,60
10/04/2015,MVY,MA,ANE,EN,Federal Contract Tower,2,43,6,0,51,0,22,22,0,44,2,65,28,0,95,0,0,0,95
10/05/2015,MVY,MA,ANE,EN,Federal Contract Tower,2,41,8,0,51,0,11,10,4,25,2,52,18,4,76,0,0,0,76
10/06/2015,MVY,MA,ANE,EN,Federal Contract Tower,0,18,5,0,23,0,38,39,0,77,0,56,44,0,100,0,0,0,100
10/07/2015,MVY,MA,ANE,EN,Federal Contract Tower,0,8,2,1,11,0,37,46,1,84,0,45,48,2,95,12,0,12,107
10/08/2015,MVY,MA,ANE,EN,Federal Contract Tower,2,14,3,0,19,0,66,45,0,111,2,80,48,0,130,0,0,0,130
10/09/2015,MVY,MA,ANE,EN,Federal Contract Tower,2,67,21,0,90,0,55,48,0,103,2,122,69,0,193,4,0,4,197
10/10/2015,MVY,MA,ANE,EN,Federal Contract Tower,0,16,7,0,23,0,38,72,0,110,0,54,79,0,133,6,0,6,139
10/11/2015,MVY,MA,ANE,EN,Federal Contract Tower,2,17,10,0,29,0,64,123,0,187,2,81,133,0,216,0,0,0,216
10/12/2015,MVY,MA,ANE,EN,Federal Contract Tower,2,27,15,0,44,0,68,98,0,166,2,95,113,0,210,0,0,0,210
10/13/2015,MVY,MA,ANE,EN,Federal Contract Tower,2,26,5,0,33,0,23,16,2,41,2,49,21,2,74,6,2,8,82
10/14/2015,MVY,MA,ANE,EN,Federal Contract Tower,0,3,7,2,12,0,38,44,0,82,0,41,51,2,94,2,2,4,98
10/15/2015,MVY,MA,ANE,EN,Federal Contract Tower,0,13,9,0,22,0,36,61,0,97,0,49,70,0,119,30,0,30,149
10/17/2015,MVY,MA,ANE,EN,Federal Contract Tower,0,3,4,0,7,0,36,69,2,107,0,39,73,2,114,12,0,12,126
10/18/2015,MVY,MA,ANE,EN,Federal Contract Tower,2,16,13,0,31,0,45,71,0,116,2,61,84,0,147,0,0,0,147
10/19/2015,MVY,MA,ANE,EN,Federal Contract Tower,0,10,9,0,19,0,28,41,2,71,0,38,50,2,90,0,0,0,90
10/20/2015,MVY,MA,ANE,EN,Federal Contract Tower,0,7,3,2,12,0,17,11,0,28,0,24,14,2,40,2,0,2,42
10/21/2015,MVY,MA,ANE,EN,Federal Contract Tower,0,5,6,0,11,0,20,35,0,55,0,25,41,0,66,12,0,12,78
10/22/2015,MVY,MA,ANE,EN,Federal Contract Tower,0,11,5,0,16,0,15,21,0,36,0,26,26,0,52,0,0,0,52
10/23/2015,MVY,MA,ANE,EN,Federal Contract Tower,0,7,5,0,12,0,20,29,2,51,0,27,34,2,63,10,4,14,77
10/24/2015,MVY,MA,ANE,EN,Federal Contract Tower,0,9,5,0,14,0,21,34,4,59,0,30,39,4,73,20,0,20,93
10/25/2015,MVY,MA,ANE,EN,Federal Contract Tower,0,21,17,0,38,0,13,10,0,23,0,34,27,0,61,0,0,0,61
10/26/2015,MVY,MA,ANE,EN,Federal Contract Tower,0,9,3,0,12,0,23,41,0,64,0,32,44,0,76,0,0,0,76
10/27/2015,MVY,MA,ANE,EN,Federal Contract Tower,0,7,5,0,12,0,21,32,0,53,0,28,37,0,65,0,0,0,65
10/28/2015,MVY,MA,ANE,EN,Federal Contract Tower,0,12,2,0,14,0,8,8,0,16,0,20,10,0,30,2,0,2,32
10/29/2015,MVY,MA,ANE,EN,Federal Contract Tower,0,18,5,0,23,0,1,7,0,8,0,19,12,0,31,0,0,0,31
10/30/2015,MVY,MA,ANE,EN,Federal Contract Tower,0,5,8,0,13,0,25,60,0,85,0,30,68,0,98,0,0,0,98
10/31/2015,MVY,MA,ANE,EN,Federal Contract Tower,0,8,1,0,9,0,18,91,0,109,0,26,92,0,118,8,0,8,126
11/01/2015,MVY,MA,ANE,EN,Federal Contract Tower,0,6,6,0,12,0,8,16,0,24,0,14,22,0,36,8,0,8,44
11/02/2015,MVY,MA,ANE,EN,Federal Contract Tower,0,5,6,0,11,0,8,29,0,37,0,13,35,0,48,0,0,0,48
11/03/2015,MVY,MA,ANE,EN,Federal Contract Tower,0,3,3,0,6,0,13,35,2,50,0,16,38,2,56,2,2,4,60
11/04/2015,MVY,MA,ANE,EN,Federal Contract Tower,0,3,3,0,6,0,14,37,2,53,0,17,40,2,59,2,0,2,61
11/05/2015,MVY,MA,ANE,EN,Federal Contract Tower,0,9,7,2,18,0,10,12,2,24,0,19,19,4,42,20,6,26,68
11/06/2015,MVY,MA,ANE,EN,Federal Contract Tower,0,20,11,0,31,0,0,0,0,0,0,20,11,0,31,0,0,0,31
11/07/2015,MVY,MA,ANE,EN,Federal Contract Tower,0,4,5,0,9,0,16,57,0,73,0,20,62,0,82,8,0,8,90
11/08/2015,MVY,MA,ANE,EN,Federal Contract Tower,0,4,0,0,4,0,21,61,0,82,0,25,61,0,86,4,0,4,90
11/09/2015,MVY,MA,ANE,EN,Federal Contract Tower,0,2,2,0,4,0,16,36,0,52,0,18,38,0,56,0,0,0,56
11/10/2015,MVY,MA,ANE,EN,Federal Contract Tower,0,7,7,0,14,0,7,5,0,12,0,14,12,0,26,0,0,0,26
11/11/2015,MVY,MA,ANE,EN,Federal Contract Tower,0,14,5,0,19,0,0,0,0,0,0,14,5,0,19,0,0,0,19
11/12/2015,MVY,MA,ANE,EN,Federal Contract Tower,0,13,4,0,17,0,0,0,0,0,0,13,4,0,17,0,0,0,17
11/13/2015,MVY,MA,ANE,EN,Federal Contract Tower,0,8,7,0,15,0,21,32,0,53,0,29,39,0,68,2,0,2,70
11/14/2015,MVY,MA,ANE,EN,Federal Contract Tower,0,2,0,0,2,0,9,10,0,19,0,11,10,0,21,0,0,0,21
11/15/2015,MVY,MA,ANE,EN,Federal Contract Tower,0,1,7,0,8,0,15,91,0,106,0,16,98,0,114,10,0,10,124
11/16/2015,MVY,MA,ANE,EN,Federal Contract Tower,0,1,2,0,3,0,9,42,0,51,0,10,44,0,54,6,0,6,60
11/17/2015,MVY,MA,ANE,EN,Federal Contract Tower,0,3,3,0,6,0,19,35,4,58,0,22,38,4,64,0,0,0,64
11/18/2015,MVY,MA,ANE,EN,Federal Contract Tower,0,1,2,0,3,0,15,21,0,36,0,16,23,0,39,2,0,2,41
11/19/2015,MVY,MA,ANE,EN,Federal Contract Tower,0,8,4,0,12,0,8,7,0,15,0,16,11,0,27,0,0,0,27
11/20/2015,MVY,MA,ANE,EN,Federal Contract Tower,0,9,3,0,12,0,11,16,0,27,0,20,19,0,39,0,0,0,39
11/21/2015,MVY,MA,ANE,EN,Federal Contract Tower,0,6,7,0,13,0,13,70,0,83,0,19,77,0,96,0,0,0,96
11/22/2015,MVY,MA,ANE,EN,Federal Contract Tower,0,15,19,0,34,0,0,0,0,0,0,15,19,0,34,0,0,0,34
11/23/2015,MVY,MA,ANE,EN,Federal Contract Tower,0,7,4,3,14,0,16,31,0,47,0,23,35,3,61,0,0,0,61
11/25/2015,MVY,MA,ANE,EN,Federal Contract Tower,0,13,11,0,24,0,24,65,2,91,0,37,76,2,115,2,0,2,117
11/26/2015,MVY,MA,ANE,EN,Federal Contract Tower,0,12,6,0,18,0,17,29,0,46,0,29,35,0,64,2,0,2,66
11/27/2015,MVY,MA,ANE,EN,Federal Contract Tower,0,16,6,0,22,0,13,37,0,50,0,29,43,0,72,0,0,0,72
11/28/2015,MVY,MA,ANE,EN,Federal Contract Tower,0,12,19,0,31,0,14,40,0,54,0,26,59,0,85,0,0,0,85
11/29/2015,MVY,MA,ANE,EN,Federal Contract Tower,0,14,26,1,41,0,40,139,0,179,0,54,165,1,220,0,0,0,220
11/30/2015,MVY,MA,ANE,EN,Federal Contract Tower,0,9,5,0,14,0,31,28,0,59,0,40,33,0,73,8,0,8,81
12/01/2015,MVY,MA,ANE,EN,Federal Contract Tower,0,7,5,2,14,0,13,21,0,34,0,20,26,2,48,2,4,6,54
12/02/2015,MVY,MA,ANE,EN,Federal Contract Tower,0,23,7,0,30,0,0,0,0,0,0,23,7,0,30,0,0,0,30
12/03/2015,MVY,MA,ANE,EN,Federal Contract Tower,0,8,3,0,11,0,8,2,0,10,0,16,5,0,21,0,0,0,21
12/04/2015,MVY,MA,ANE,EN,Federal Contract Tower,0,6,5,0,11,0,14,41,0,55,0,20,46,0,66,0,0,0,66
12/05/2015,MVY,MA,ANE,EN,Federal Contract Tower,0,3,4,0,7,0,12,71,0,83,0,15,75,0,90,16,0,16,106
12/06/2015,MVY,MA,ANE,EN,Federal Contract Tower,0,2,1,0,3,0,15,67,0,82,0,17,68,0,85,6,0,6,91
12/07/2015,MVY,MA,ANE,EN,Federal Contract Tower,0,4,2,2,8,0,14,34,0,48,0,18,36,2,56,2,0,2,58
12/08/2015,MVY,MA,ANE,EN,Federal Contract Tower,0,6,2,0,8,0,3,3,0,6,0,9,5,0,14,0,0,0,14
12/09/2015,MVY,MA,ANE,EN,Federal Contract Tower,0,7,3,2,12,0,10,36,0,46,0,17,39,2,58,0,0,0,58
12/10/2015,MVY,MA,ANE,EN,Federal Contract Tower,0,8,5,8,21,0,7,11,0,18,0,15,16,8,39,0,0,0,39
12/11/2015,MVY,MA,ANE,EN,Federal Contract Tower,0,11,5,0,16,0,12,17,0,29,0,23,22,0,45,0,0,0,45
12/12/2015,MVY,MA,ANE,EN,Federal Contract Tower,0,7,9,0,16,0,12,84,0,96,0,19,93,0,112,0,0,0,112
12/13/2015,MVY,MA,ANE,EN,Federal Contract Tower,0,16,7,0,23,0,14,63,0,77,0,30,70,0,100,0,0,0,100
12/14/2015,MVY,MA,ANE,EN,Federal Contract Tower,0,6,4,0,10,0,0,2,0,2,0,6,6,0,12,0,0,0,12
12/15/2015,MVY,MA,ANE,EN,Federal Contract Tower,0,4,0,0,4,0,17,13,0,30,0,21,13,0,34,0,0,0,34
12/16/2015,MVY,MA,ANE,EN,Federal Contract Tower,0,11,6,4,21,0,5,30,0,35,0,16,36,4,56,0,0,0,56
12/17/2015,MVY,MA,ANE,EN,Federal Contract Tower,0,10,4,0,14,0,2,0,0,2,0,12,4,0,16,0,0,0,16
12/18/2015,MVY,MA,ANE,EN,Federal Contract Tower,0,11,20,2,33,0,0,1,0,1,0,11,21,2,34,0,0,0,34
12/19/2015,MVY,MA,ANE,EN,Federal Contract Tower,0,3,0,0,3,0,10,28,0,38,0,13,28,0,41,0,0,0,41
12/20/2015,MVY,MA,ANE,EN,Federal Contract Tower,0,6,3,0,9,0,10,73,0,83,0,16,76,0,92,0,0,0,92
12/21/2015,MVY,MA,ANE,EN,Federal Contract Tower,0,3,5,0,8,0,13,22,0,35,0,16,27,0,43,0,0,0,43
12/22/2015,MVY,MA,ANE,EN,Federal Contract Tower,0,12,5,0,17,0,4,5,0,9,0,16,10,0,26,0,0,0,26
12/23/2015,MVY,MA,ANE,EN,Federal Contract Tower,0,15,12,0,27,0,2,6,0,8,0,17,18,0,35,0,0,0,35
12/24/2015,MVY,MA,ANE,EN,Federal Contract Tower,0,17,7,0,24,0,1,0,0,1,0,18,7,0,25,0,0,0,25
12/25/2015,MVY,MA,ANE,EN,Federal Contract Tower,0,2,7,0,9,0,5,6,0,11,0,7,13,0,20,0,0,0,20
12/26/2015,MVY,MA,ANE,EN,Federal Contract Tower,0,4,7,0,11,0,11,57,0,68,0,15,64,0,79,0,0,0,79
12/27/2015,MVY,MA,ANE,EN,Federal Contract Tower,0,12,3,0,15,0,0,0,0,0,0,12,3,0,15,0,0,0,15
12/28/2015,MVY,MA,ANE,EN,Federal Contract Tower,0,5,3,0,8,0,11,21,2,34,0,16,24,2,42,0,0,0,42
12/29/2015,MVY,MA,ANE,EN,Federal Contract Tower,0,7,0,0,7,0,0,0,0,0,0,7,0,0,7,0,0,0,7
12/30/2015,MVY,MA,ANE,EN,Federal Contract Tower,0,23,3,0,26,0,0,0,0,0,0,23,3,0,26,0,0,0,26
12/31/2015,MVY,MA,ANE,EN,Federal Contract Tower,0,13,13,0,26,0,8,25,0,33,0,21,38,0,59,8,0,8,67
01/01/2016,MVY,MA,ANE,EN,Federal Contract Tower,0,4,3,0,7,0,9,40,0,49,0,13,43,0,56,0,0,0,56
01/02/2016,MVY,MA,ANE,EN,Federal Contract Tower,0,4,0,0,4,0,9,79,0,88,0,13,79,0,92,0,0,0,92
01/03/2016,MVY,MA,ANE,EN,Federal Contract Tower,0,1,4,0,5,0,10,39,0,49,0,11,43,0,54,0,0,0,54
01/04/2016,MVY,MA,ANE,EN,Federal Contract Tower,0,7,2,0,9,0,10,12,0,22,0,17,14,0,31,2,0,2,33
01/05/2016,MVY,MA,ANE,EN,Federal Contract Tower,0,13,3,0,16,0,0,5,0,5,0,13,8,0,21,0,0,0,21
01/06/2016,MVY,MA,ANE,EN,Federal Contract Tower,0,6,3,0,9,0,10,24,0,34,0,16,27,0,43,0,0,0,43
01/07/2016,MVY,MA,ANE,EN,Federal Contract Tower,0,6,2,0,8,0,6,30,0,36,0,12,32,0,44,10,6,16,60
01/08/2016,MVY,MA,ANE,EN,Federal Contract Tower,0,10,10,0,20,0,13,83,4,100,0,23,93,4,120,0,0,0,120
01/09/2016,MVY,MA,ANE,EN,Federal Contract Tower,0,10,5,0,15,0,12,14,0,26,0,22,19,0,41,0,0,0,41
01/10/2016,MVY,MA,ANE,EN,Federal Contract Tower,0,7,0,0,7,0,0,0,0,0,0,7,0,0,7,0,0,0,7
01/11/2016,MVY,MA,ANE,EN,Federal Contract Tower,0,9,0,0,9,0,12,14,0,26,0,21,14,0,35,0,0,0,35
01/12/2016,MVY,MA,ANE,EN,Federal Contract Tower,0,12,3,0,15,0,6,12,0,18,0,18,15,0,33,0,0,0,33
01/13/2016,MVY,MA,ANE,EN,Federal Contract Tower,0,18,0,0,18,0,3,9,0,12,0,21,9,0,30,0,0,0,30
01/14/2016,MVY,MA,ANE,EN,Federal Contract Tower,0,17,2,0,19,0,31,5,0,36,0,48,7,0,55,0,0,0,55
01/15/2016,MVY,MA,ANE,EN,Federal Contract Tower,0,6,3,0,9,0,11,25,0,36,0,17,28,0,45,0,0,0,45
01/16/2016,MVY,MA,ANE,EN,Federal Contract Tower,0,14,0,0,14,0,0,0,0,0,0,14,0,0,14,0,0,0,14
01/17/2016,MVY,MA,ANE,EN,Federal Contract Tower,0,0,2,0,2,0,12,85,0,97,0,12,87,0,99,0,0,0,99
01/18/2016,MVY,MA,ANE,EN,Federal Contract Tower,0,7,3,0,10,0,5,1,0,6,0,12,4,0,16,0,0,0,16
01/19/2016,MVY,MA,ANE,EN,Federal Contract Tower,0,7,0,0,7,0,4,5,0,9,0,11,5,0,16,0,0,0,16
01/20/2016,MVY,MA,ANE,EN,Federal Contract Tower,0,11,3,0,14,0,9,19,0,28,0,20,22,0,42,0,0,0,42
01/21/2016,MVY,MA,ANE,EN,Federal Contract Tower,0,11,6,0,17,0,3,14,0,17,0,14,20,0,34,0,0,0,34
01/22/2016,MVY,MA,ANE,EN,Federal Contract Tower,0,4,3,0,7,0,11,40,0,51,0,15,43,0,58,0,0,0,58
01/23/2016,MVY,MA,ANE,EN,Federal Contract Tower,0,6,3,0,9,0,2,0,0,2,0,8,3,0,11,0,0,0,11
01/24/2016,MVY,MA,ANE,EN,Federal Contract Tower,0,2,1,0,3,0,2,1,0,3,0,4,2,0,6,0,0,0,6
01/25/2016,MVY,MA,ANE,EN,Federal Contract Tower,0,6,7,0,13,0,13,19,0,32,0,19,26,0,45,16,0,16,61
01/26/2016,MVY,MA,ANE,EN,Federal Contract Tower,0,11,3,0,14,0,8,15,0,23,0,19,18,0,37,0,0,0,37
01/27/2016,MVY,MA,ANE,EN,Federal Contract Tower,0,8,4,0,12,0,9,22,0,31,0,17,26,0,43,10,0,10,53
01/28/2016,MVY,MA,ANE,EN,Federal Contract Tower,0,2,0,0,2,0,20,24,0,44,0,22,24,0,46,8,0,8,54
01/29/2016,MVY,MA,ANE,EN,Federal Contract Tower,0,11,4,0,15,0,0,4,0,4,0,11,8,0,19,0,0,0,19
01/30/2016,MVY,MA,ANE,EN,Federal Contract Tower,0,4,2,0,6,0,11,65,0,76,0,15,67,0,82,0,0,0,82
01/31/2016,MVY,MA,ANE,EN,Federal Contract Tower,0,2,6,0,8,0,12,55,0,67,0,14,61,0,75,0,0,0,75
02/01/2016,MVY,MA,ANE,EN,Federal Contract Tower,0,3,2,0,5,0,17,21,0,38,0,20,23,0,43,8,0,8,51
02/02/2016,MVY,MA,ANE,EN,Federal Contract Tower,0,2,0,2,4,0,10,22,0,32,0,12,22,2,36,0,0,0,36
02/03/2016,MVY,MA,ANE,EN,Federal Contract Tower,0,9,0,1,10,0,3,3,2,8,0,12,3,3,18,0,4,4,22
02/04/2016,MVY,MA,ANE,EN,Federal Contract Tower,0,12,4,0,16,0,0,2,0,2,0,12,6,0,18,0,0,0,18
02/05/2016,MVY,MA,ANE,EN,Federal Contract Tower,0,5,0,0,5,0,0,0,0,0,0,5,0,0,5,0,0,0,5
02/06/2016,MVY,MA,ANE,EN,Federal Contract Tower,0,2,0,0,2,0,11,18,0,29,0,13,18,0,31,2,0,2,33
02/07/2016,MVY,MA,ANE,EN,Federal Contract Tower,0,2,9,0,11,0,8,61,0,69,0,10,70,0,80,8,0,8,88
02/08/2016,MVY,MA,ANE,EN,Federal Contract Tower,0,0,0,0,0,0,0,0,0,0,0,0,0,0,0,0,0,0,0
02/09/2016,MVY,MA,ANE,EN,Federal Contract Tower,0,6,1,0,7,0,0,1,0,1,0,6,2,0,8,0,0,0,8
02/10/2016,MVY,MA,ANE,EN,Federal Contract Tower,0,19,2,2,23,0,0,0,0,0,0,19,2,2,23,0,0,0,23
02/11/2016,MVY,MA,ANE,EN,Federal Contract Tower,0,10,6,0,16,0,3,4,0,7,0,13,10,0,23,0,0,0,23
02/12/2016,MVY,MA,ANE,EN,Federal Contract Tower,0,8,2,0,10,0,11,16,0,27,0,19,18,0,37,0,0,0,37
02/13/2016,MVY,MA,ANE,EN,Federal Contract Tower,0,7,3,0,10,0,6,6,0,12,0,13,9,0,22,0,0,0,22
02/14/2016,MVY,MA,ANE,EN,Federal Contract Tower,0,1,3,0,4,0,8,2,0,10,0,9,5,0,14,0,0,0,14
02/15/2016,MVY,MA,ANE,EN,Federal Contract Tower,0,7,2,0,9,0,6,9,0,15,0,13,11,0,24,0,0,0,24
02/16/2016,MVY,MA,ANE,EN,Federal Contract Tower,0,15,0,0,15,0,0,0,0,0,0,15,0,0,15,0,0,0,15
02/17/2016,MVY,MA,ANE,EN,Federal Contract Tower,0,9,0,0,9,0,9,23,0,32,0,18,23,0,41,0,0,0,41
02/18/2016,MVY,MA,ANE,EN,Federal Contract Tower,0,1,0,0,1,0,15,9,0,24,0,16,9,0,25,4,0,4,29
02/19/2016,MVY,MA,ANE,EN,Federal Contract Tower,0,3,8,0,11,0,9,45,2,56,0,12,53,2,67,0,0,0,67
02/20/2016,MVY,MA,ANE,EN,Federal Contract Tower,0,5,5,0,10,0,8,16,0,24,0,13,21,0,34,0,0,0,34
02/21/2016,MVY,MA,ANE,EN,Federal Contract Tower,0,2,4,0,6,0,16,78,0,94,0,18,82,0,100,0,0,0,100
02/22/2016,MVY,MA,ANE,EN,Federal Contract Tower,0,1,4,0,5,0,14,54,0,68,0,15,58,0,73,14,0,14,87
02/23/2016,MVY,MA,ANE,EN,Federal Contract Tower,0,5,2,0,7,0,6,15,4,25,0,11,17,4,32,0,0,0,32
02/24/2016,MVY,MA,ANE,EN,Federal Contract Tower,0,8,0,0,8,0,0,0,0,0,0,8,0,0,8,0,0,0,8
02/25/2016,MVY,MA,ANE,EN,Federal Contract Tower,0,5,0,0,5,0,0,0,0,0,0,5,0,0,5,0,0,0,5
02/26/2016,MVY,MA,ANE,EN,Federal Contract Tower,0,1,7,0,8,0,11,17,0,28,0,12,24,0,36,0,0,0,36
02/27/2016,MVY,MA,ANE,EN,Federal Contract Tower,0,1,5,0,6,0,8,50,0,58,0,9,55,0,64,0,0,0,64
02/28/2016,MVY,MA,ANE,EN,Federal Contract Tower,0,4,5,0,9,0,7,70,0,77,0,11,75,0,86,0,0,0,86
02/29/2016,MVY,MA,ANE,EN,Federal Contract Tower,0,7,3,0,10,0,6,7,0,13,0,13,10,0,23,0,0,0,23
03/01/2016,MVY,MA,ANE,EN,Federal Contract Tower,0,1,0,0,1,0,11,24,0,35,0,12,24,0,36,0,0,0,36
03/02/2016,MVY,MA,ANE,EN,Federal Contract Tower,0,10,5,0,15,0,2,5,0,7,0,12,10,0,22,0,0,0,22
03/03/2016,MVY,MA,ANE,EN,Federal Contract Tower,0,9,2,2,13,0,19,19,0,38,0,28,21,2,51,0,0,0,51
03/04/2016,MVY,MA,ANE,EN,Federal Contract Tower,0,12,10,0,22,0,2,0,0,2,0,14,10,0,24,0,0,0,24
03/05/2016,MVY,MA,ANE,EN,Federal Contract Tower,0,6,2,0,8,0,10,26,0,36,0,16,28,0,44,0,0,0,44
03/06/2016,MVY,MA,ANE,EN,Federal Contract Tower,0,3,3,0,6,0,8,66,0,74,0,11,69,0,80,0,0,0,80
03/07/2016,MVY,MA,ANE,EN,Federal Contract Tower,0,11,3,0,14,0,8,49,0,57,0,19,52,0,71,10,0,10,81
03/08/2016,MVY,MA,ANE,EN,Federal Contract Tower,0,2,2,2,6,0,12,51,6,69,0,14,53,8,75,8,0,8,83
03/09/2016,MVY,MA,ANE,EN,Federal Contract Tower,0,5,0,4,9,0,17,38,6,61,0,22,38,10,70,4,16,20,90
03/10/2016,MVY,MA,ANE,EN,Federal Contract Tower,0,4,1,0,5,0,9,23,0,32,0,13,24,0,37,4,4,8,45
03/11/2016,MVY,MA,ANE,EN,Federal Contract Tower,0,12,4,4,20,0,8,26,2,36,0,20,30,6,56,4,0,4,60
03/12/2016,MVY,MA,ANE,EN,Federal Contract Tower,0,1,2,0,3,0,11,116,0,127,0,12,118,0,130,20,0,20,150
03/13/2016,MVY,MA,ANE,EN,Federal Contract Tower,0,1,1,0,2,0,14,94,0,108,0,15,95,0,110,18,0,18,128
03/14/2016,MVY,MA,ANE,EN,Federal Contract Tower,0,10,2,0,12,0,7,7,0,14,0,17,9,0,26,0,0,0,26
03/15/2016,MVY,MA,ANE,EN,Federal Contract Tower,0,16,2,0,18,0,0,0,0,0,0,16,2,0,18,0,0,0,18
03/16/2016,MVY,MA,ANE,EN,Federal Contract Tower,0,16,16,0,32,0,0,5,0,5,0,16,21,0,37,0,0,0,37
03/17/2016,MVY,MA,ANE,EN,Federal Contract Tower,0,18,2,0,20,0,6,16,0,22,0,24,18,0,42,0,8,8,50
03/18/2016,MVY,MA,ANE,EN,Federal Contract Tower,0,4,5,0,9,0,9,44,0,53,0,13,49,0,62,8,0,8,70
03/19/2016,MVY,MA,ANE,EN,Federal Contract Tower,0,7,10,0,17,0,10,120,0,130,0,17,130,0,147,4,0,4,151
03/20/2016,MVY,MA,ANE,EN,Federal Contract Tower,0,5,2,0,7,0,10,104,0,114,0,15,106,0,121,0,0,0,121
03/21/2016,MVY,MA,ANE,EN,Federal Contract Tower,0,14,2,0,16,0,0,6,0,6,0,14,8,0,22,0,0,0,22
03/22/2016,MVY,MA,ANE,EN,Federal Contract Tower,0,7,3,0,10,0,8,28,0,36,0,15,31,0,46,0,0,0,46
03/23/2016,MVY,MA,ANE,EN,Federal Contract Tower,0,2,1,0,3,0,18,29,0,47,0,20,30,0,50,0,0,0,50
03/24/2016,MVY,MA,ANE,EN,Federal Contract Tower,0,8,6,0,14,0,6,18,0,24,0,14,24,0,38,8,0,8,46
03/25/2016,MVY,MA,ANE,EN,Federal Contract Tower,0,17,8,0,25,0,0,1,0,1,0,17,9,0,26,0,0,0,26
03/26/2016,MVY,MA,ANE,EN,Federal Contract Tower,0,9,6,0,15,0,10,24,0,34,0,19,30,0,49,0,0,0,49
03/27/2016,MVY,MA,ANE,EN,Federal Contract Tower,0,18,10,0,28,0,36,73,0,109,0,54,83,0,137,4,0,4,141
03/28/2016,MVY,MA,ANE,EN,Federal Contract Tower,0,13,9,0,22,0,0,0,0,0,0,13,9,0,22,0,0,0,22
03/29/2016,MVY,MA,ANE,EN,Federal Contract Tower,0,5,1,0,6,0,9,2,0,11,0,14,3,0,17,0,2,2,19
03/30/2016,MVY,MA,ANE,EN,Federal Contract Tower,0,4,4,0,8,0,21,36,0,57,0,25,40,0,65,0,0,0,65
03/31/2016,MVY,MA,ANE,EN,Federal Contract Tower,0,9,0,0,9,0,9,16,0,25,0,18,16,0,34,0,0,0,34
04/01/2016,MVY,MA,ANE,EN,Federal Contract Tower,0,8,4,0,12,0,0,0,0,0,0,8,4,0,12,0,0,0,12
04/02/2016,MVY,MA,ANE,EN,Federal Contract Tower,0,9,3,0,12,0,3,0,0,3,0,12,3,0,15,0,0,0,15
04/03/2016,MVY,MA,ANE,EN,Federal Contract Tower,0,3,0,0,3,0,1,0,0,1,0,4,0,0,4,0,0,0,4
04/04/2016,MVY,MA,ANE,EN,Federal Contract Tower,0,8,6,0,14,0,0,0,0,0,0,8,6,0,14,0,0,0,14
04/05/2016,MVY,MA,ANE,EN,Federal Contract Tower,0,5,2,0,7,0,9,7,0,16,0,14,9,0,23,0,0,0,23
04/06/2016,MVY,MA,ANE,EN,Federal Contract Tower,0,1,1,1,3,0,12,43,0,55,0,13,44,1,58,0,2,2,60
04/07/2016,MVY,MA,ANE,EN,Federal Contract Tower,0,9,6,0,15,0,6,4,0,10,0,15,10,0,25,4,0,4,29
04/08/2016,MVY,MA,ANE,EN,Federal Contract Tower,0,13,0,0,13,0,4,14,0,18,0,17,14,0,31,2,0,2,33
04/09/2016,MVY,MA,ANE,EN,Federal Contract Tower,0,2,3,0,5,0,11,48,0,59,0,13,51,0,64,0,0,0,64
04/10/2016,MVY,MA,ANE,EN,Federal Contract Tower,0,4,3,0,7,0,17,56,2,75,0,21,59,2,82,0,0,0,82
04/11/2016,MVY,MA,ANE,EN,Federal Contract Tower,0,11,2,0,13,0,4,36,0,40,0,15,38,0,53,0,0,0,53
04/12/2016,MVY,MA,ANE,EN,Federal Contract Tower,0,7,5,0,12,0,4,0,0,4,0,11,5,0,16,0,0,0,16
04/13/2016,MVY,MA,ANE,EN,Federal Contract Tower,0,6,1,0,7,0,12,50,3,65,0,18,51,3,72,0,0,0,72
04/14/2016,MVY,MA,ANE,EN,Federal Contract Tower,0,3,2,1,6,0,14,32,2,48,0,17,34,3,54,0,0,0,54
04/15/2016,MVY,MA,ANE,EN,Federal Contract Tower,0,6,3,0,9,0,12,43,10,65,0,18,46,10,74,2,0,2,76
04/16/2016,MVY,MA,ANE,EN,Federal Contract Tower,0,5,10,0,15,0,5,15,0,20,0,10,25,0,35,0,0,0,35
04/17/2016,MVY,MA,ANE,EN,Federal Contract Tower,0,1,8,0,9,0,16,77,0,93,0,17,85,0,102,0,0,0,102
04/18/2016,MVY,MA,ANE,EN,Federal Contract Tower,0,6,2,0,8,0,12,50,0,62,0,18,52,0,70,4,0,4,74
04/19/2016,MVY,MA,ANE,EN,Federal Contract Tower,0,11,0,0,11,0,2,19,2,23,0,13,19,2,34,2,2,4,38
04/20/2016,MVY,MA,ANE,EN,Federal Contract Tower,0,4,1,1,6,0,12,51,1,64,0,16,52,2,70,4,0,4,74
04/21/2016,MVY,MA,ANE,EN,Federal Contract Tower,0,5,2,0,7,0,31,55,0,86,0,36,57,0,93,14,0,14,107
04/22/2016,MVY,MA,ANE,EN,Federal Contract Tower,0,3,7,0,10,0,13,23,0,36,0,16,30,0,46,0,0,0,46
04/23/2016,MVY,MA,ANE,EN,Federal Contract Tower,0,16,11,0,27,0,0,2,0,2,0,16,13,0,29,0,0,0,29
04/24/2016,MVY,MA,ANE,EN,Federal Contract Tower,0,3,6,0,9,0,17,121,0,138,0,20,127,0,147,18,0,18,165
04/25/2016,MVY,MA,ANE,EN,Federal Contract Tower,0,3,3,2,8,0,15,28,0,43,0,18,31,2,51,0,0,0,51
04/26/2016,MVY,MA,ANE,EN,Federal Contract Tower,0,16,7,0,23,0,2,1,0,3,0,18,8,0,26,0,0,0,26
04/27/2016,MVY,MA,ANE,EN,Federal Contract Tower,0,7,9,0,16,0,14,48,0,62,0,21,57,0,78,6,0,6,84
04/28/2016,MVY,MA,ANE,EN,Federal Contract Tower,0,3,1,2,6,0,13,27,0,40,0,16,28,2,46,0,6,6,52
04/29/2016,MVY,MA,ANE,EN,Federal Contract Tower,0,6,6,0,12,0,10,28,0,38,0,16,34,0,50,0,0,0,50
04/30/2016,MVY,MA,ANE,EN,Federal Contract Tower,0,6,10,0,16,0,18,104,0,122,0,24,114,0,138,4,0,4,142
05/01/2016,MVY,MA,ANE,EN,Federal Contract Tower,0,5,15,0,20,0,9,18,0,27,0,14,33,0,47,4,0,4,51
05/02/2016,MVY,MA,ANE,EN,Federal Contract Tower,0,14,7,0,21,0,9,0,0,9,0,23,7,0,30,0,0,0,30
05/03/2016,MVY,MA,ANE,EN,Federal Contract Tower,0,19,5,0,24,0,0,0,0,0,0,19,5,0,24,0,0,0,24
05/04/2016,MVY,MA,ANE,EN,Federal Contract Tower,0,12,8,0,20,0,0,4,0,4,0,12,12,0,24,0,0,0,24
05/05/2016,MVY,MA,ANE,EN,Federal Contract Tower,0,24,9,0,33,0,0,0,0,0,0,24,9,0,33,0,0,0,33
05/06/2016,MVY,MA,ANE,EN,Federal Contract Tower,0,23,17,0,40,0,0,0,0,0,0,23,17,0,40,0,0,0,40
05/07/2016,MVY,MA,ANE,EN,Federal Contract Tower,0,12,16,0,28,0,0,2,0,2,0,12,18,0,30,0,0,0,30
05/08/2016,MVY,MA,ANE,EN,Federal Contract Tower,0,23,23,0,46,0,0,0,0,0,0,23,23,0,46,0,0,0,46
05/09/2016,MVY,MA,ANE,EN,Federal Contract Tower,0,3,3,0,6,0,13,44,0,57,0,16,47,0,63,0,0,0,63
05/10/2016,MVY,MA,ANE,EN,Federal Contract Tower,0,5,10,1,16,0,14,48,0,62,0,19,58,1,78,0,0,0,78
05/11/2016,MVY,MA,ANE,EN,Federal Contract Tower,0,3,8,0,11,0,14,29,0,43,0,17,37,0,54,0,0,0,54
05/12/2016,MVY,MA,ANE,EN,Federal Contract Tower,2,4,5,2,13,0,24,43,0,67,2,28,48,2,80,0,0,0,80
05/13/2016,MVY,MA,ANE,EN,Federal Contract Tower,0,33,21,0,54,0,0,0,0,0,0,33,21,0,54,0,0,0,54
05/14/2016,MVY,MA,ANE,EN,Federal Contract Tower,2,3,1,0,6,0,16,105,0,121,2,19,106,0,127,4,0,4,131
05/15/2016,MVY,MA,ANE,EN,Federal Contract Tower,4,28,9,0,41,0,28,44,2,74,4,56,53,2,115,0,0,0,115
05/16/2016,MVY,MA,ANE,EN,Federal Contract Tower,4,6,3,0,13,0,21,11,0,32,4,27,14,0,45,0,0,0,45
05/17/2016,MVY,MA,ANE,EN,Federal Contract Tower,0,4,5,0,9,0,18,28,0,46,0,22,33,0,55,0,0,0,55
05/18/2016,MVY,MA,ANE,EN,Federal Contract Tower,0,7,6,0,13,0,22,73,4,99,0,29,79,4,112,2,0,2,114
05/19/2016,MVY,MA,ANE,EN,Federal Contract Tower,4,13,9,0,26,0,30,58,0,88,4,43,67,0,114,4,0,4,118
05/20/2016,MVY,MA,ANE,EN,Federal Contract Tower,4,17,10,0,31,0,41,123,0,164,4,58,133,0,195,48,0,48,243
05/21/2016,MVY,MA,ANE,EN,Federal Contract Tower,4,6,3,0,13,0,22,69,0,91,4,28,72,0,104,8,0,8,112
05/22/2016,MVY,MA,ANE,EN,Federal Contract Tower,4,24,16,0,44,0,18,35,0,53,4,42,51,0,97,14,0,14,111
05/23/2016,MVY,MA,ANE,EN,Federal Contract Tower,4,14,14,0,32,0,23,44,0,67,4,37,58,0,99,6,0,6,105
05/24/2016,MVY,MA,ANE,EN,Federal Contract Tower,0,28,14,2,44,0,0,0,0,0,0,28,14,2,44,0,0,0,44
05/25/2016,MVY,MA,ANE,EN,Federal Contract Tower,0,15,19,1,35,0,15,43,1,59,0,30,62,2,94,2,2,4,98
05/26/2016,MVY,MA,ANE,EN,Federal Contract Tower,4,26,12,0,42,0,68,87,2,157,4,94,99,2,199,6,0,6,205
05/27/2016,MVY,MA,ANE,EN,Federal Contract Tower,8,56,22,0,86,0,58,112,2,172,8,114,134,2,258,14,2,16,274
05/28/2016,MVY,MA,ANE,EN,Federal Contract Tower,4,15,8,0,27,0,60,113,0,173,4,75,121,0,200,10,0,10,210
05/29/2016,MVY,MA,ANE,EN,Federal Contract Tower,4,21,21,0,46,0,17,105,0,122,4,38,126,0,168,0,0,0,168
05/30/2016,MVY,MA,ANE,EN,Federal Contract Tower,0,4,100,58,162,0,0,0,0,0,0,4,100,58,162,0,0,0,162
05/31/2016,MVY,MA,ANE,EN,Federal Contract Tower,2,59,33,0,94,0,10,20,0,30,2,69,53,0,124,0,4,4,128
06/01/2016,MVY,MA,ANE,EN,Federal Contract Tower,4,14,13,0,31,0,34,75,0,109,4,48,88,0,140,8,0,8,148
06/02/2016,MVY,MA,ANE,EN,Federal Contract Tower,10,52,32,0,94,0,0,0,0,0,10,52,32,0,94,0,0,0,94
06/03/2016,MVY,MA,ANE,EN,Federal Contract Tower,12,53,26,2,93,0,0,0,0,0,12,53,26,2,93,0,0,0,93
06/04/2016,MVY,MA,ANE,EN,Federal Contract Tower,16,24,29,0,69,0,10,69,0,79,16,34,98,0,148,0,0,0,148
06/05/2016,MVY,MA,ANE,EN,Federal Contract Tower,13,60,32,0,105,0,0,0,0,0,13,60,32,0,105,0,0,0,105
06/06/2016,MVY,MA,ANE,EN,Federal Contract Tower,10,36,16,1,63,0,16,51,0,67,10,52,67,1,130,0,0,0,130
06/07/2016,MVY,MA,ANE,EN,Federal Contract Tower,6,33,17,2,58,0,9,5,0,14,6,42,22,2,72,0,0,0,72
06/08/2016,MVY,MA,ANE,EN,Federal Contract Tower,6,19,16,0,41,0,20,40,0,60,6,39,56,0,101,4,0,4,105
06/09/2016,MVY,MA,ANE,EN,Federal Contract Tower,10,31,9,0,50,0,43,82,4,129,10,74,91,4,179,0,6,6,185
06/10/2016,MVY,MA,ANE,EN,Federal Contract Tower,12,29,12,0,53,0,66,94,0,160,12,95,106,0,213,4,0,4,217
06/11/2016,MVY,MA,ANE,EN,Federal Contract Tower,18,21,24,0,63,0,15,47,0,62,18,36,71,0,125,4,0,4,129
06/12/2016,MVY,MA,ANE,EN,Federal Contract Tower,14,28,25,0,67,0,70,86,0,156,14,98,111,0,223,4,0,4,227
06/13/2016,MVY,MA,ANE,EN,Federal Contract Tower,10,16,10,0,36,0,50,65,2,117,10,66,75,2,153,0,0,0,153
06/15/2016,MVY,MA,ANE,EN,Federal Contract Tower,6,14,15,6,41,0,35,108,0,143,6,49,123,6,184,16,0,16,200
06/16/2016,MVY,MA,ANE,EN,Federal Contract Tower,10,14,14,0,38,0,42,86,0,128,10,56,100,0,166,2,0,2,168
06/17/2016,MVY,MA,ANE,EN,Federal Contract Tower,12,30,21,0,63,0,80,113,0,193,12,110,134,0,256,6,0,6,262
06/18/2016,MVY,MA,ANE,EN,Federal Contract Tower,16,12,18,0,46,0,61,102,0,163,16,73,120,0,209,2,0,2,211
06/19/2016,MVY,MA,ANE,EN,Federal Contract Tower,12,25,16,1,54,0,93,175,0,268,12,118,191,1,322,0,0,0,322
06/20/2016,MVY,MA,ANE,EN,Federal Contract Tower,12,21,24,0,57,0,39,53,0,92,12,60,77,0,149,0,0,0,149
06/21/2016,MVY,MA,ANE,EN,Federal Contract Tower,5,38,15,0,58,0,28,43,0,71,5,66,58,0,129,0,0,0,129
06/22/2016,MVY,MA,ANE,EN,Federal Contract Tower,7,27,29,0,63,0,30,64,6,100,7,57,93,6,163,2,2,4,167
06/23/2016,MVY,MA,ANE,EN,Federal Contract Tower,11,28,10,0,49,0,64,86,0,150,11,92,96,0,199,4,0,4,203
06/24/2016,MVY,MA,ANE,EN,Federal Contract Tower,16,26,27,0,69,0,86,155,1,242,16,112,182,1,311,18,0,18,329
06/25/2016,MVY,MA,ANE,EN,Federal Contract Tower,16,14,9,0,39,0,76,170,0,246,16,90,179,0,285,0,0,0,285
06/26/2016,MVY,MA,ANE,EN,Federal Contract Tower,14,35,28,0,77,0,91,140,0,231,14,126,168,0,308,0,0,0,308
06/27/2016,MVY,MA,ANE,EN,Federal Contract Tower,12,28,14,0,54,0,63,67,2,132,12,91,81,2,186,0,0,0,186
06/28/2016,MVY,MA,ANE,EN,Federal Contract Tower,9,55,11,0,75,0,29,48,0,77,9,84,59,0,152,0,0,0,152
06/29/2016,MVY,MA,ANE,EN,Federal Contract Tower,10,72,34,2,118,0,8,13,0,21,10,80,47,2,139,0,0,0,139
06/30/2016,MVY,MA,ANE,EN,Federal Contract Tower,12,60,38,0,110,0,124,178,0,302,12,184,216,0,412,0,0,0,412
07/01/2016,MVY,MA,ANE,EN,Federal Contract Tower,12,102,55,0,169,0,60,98,0,158,12,162,153,0,327,6,0,6,333
07/02/2016,MVY,MA,ANE,EN,Federal Contract Tower,16,37,31,2,86,0,71,147,0,218,16,108,178,2,304,0,0,0,304
07/03/2016,MVY,MA,ANE,EN,Federal Contract Tower,14,16,12,1,43,0,65,185,0,250,14,81,197,1,293,0,0,0,293
07/04/2016,MVY,MA,ANE,EN,Federal Contract Tower,8,45,33,0,86,0,78,128,0,206,8,123,161,0,292,0,0,0,292
07/05/2016,MVY,MA,ANE,EN,Federal Contract Tower,10,116,59,4,189,0,23,26,0,49,10,139,85,4,238,0,0,0,238
07/06/2016,MVY,MA,ANE,EN,Federal Contract Tower,10,33,10,2,55,0,66,116,0,182,10,99,126,2,237,10,0,10,247
07/07/2016,MVY,MA,ANE,EN,Federal Contract Tower,10,87,30,4,131,0,34,58,0,92,10,121,88,4,223,0,10,10,233
07/08/2016,MVY,MA,ANE,EN,Federal Contract Tower,10,109,67,2,188,0,4,2,0,6,10,113,69,2,194,0,0,0,194
07/09/2016,MVY,MA,ANE,EN,Federal Contract Tower,16,85,35,2,138,0,0,8,0,8,16,85,43,2,146,2,0,2,148
07/10/2016,MVY,MA,ANE,EN,Federal Contract Tower,14,121,85,0,220,0,15,31,0,46,14,136,116,0,266,6,0,6,272
07/11/2016,MVY,MA,ANE,EN,Federal Contract Tower,10,78,28,2,118,0,43,54,2,99,10,121,82,4,217,0,4,4,221
07/12/2016,MVY,MA,ANE,EN,Federal Contract Tower,10,26,25,0,61,0,50,101,2,153,10,76,126,2,214,34,2,36,250
07/13/2016,MVY,MA,ANE,EN,Federal Contract Tower,10,36,10,0,56,0,55,115,2,172,10,91,125,2,228,22,0,22,250
07/14/2016,MVY,MA,ANE,EN,Federal Contract Tower,10,90,42,0,142,0,18,32,0,50,10,108,74,0,192,4,0,4,196
07/15/2016,MVY,MA,ANE,EN,Federal Contract Tower,12,65,15,0,92,0,89,118,0,207,12,154,133,0,299,0,0,0,299
07/16/2016,MVY,MA,ANE,EN,Federal Contract Tower,16,27,20,0,63,0,82,127,0,209,16,109,147,0,272,0,0,0,272
07/17/2016,MVY,MA,ANE,EN,Federal Contract Tower,14,151,86,0,251,0,0,0,0,0,14,151,86,0,251,0,0,0,251
07/19/2016,MVY,MA,ANE,EN,Federal Contract Tower,10,22,20,2,54,0,57,85,5,147,10,79,105,7,201,0,4,4,205
07/20/2016,MVY,MA,ANE,EN,Federal Contract Tower,10,35,20,0,65,0,49,125,4,178,10,84,145,4,243,0,0,0,243
07/21/2016,MVY,MA,ANE,EN,Federal Contract Tower,10,40,37,0,87,0,93,132,3,228,10,133,169,3,315,20,0,20,335
07/22/2016,MVY,MA,ANE,EN,Federal Contract Tower,12,51,25,0,88,0,86,88,0,174,12,137,113,0,262,2,0,2,264
07/23/2016,MVY,MA,ANE,EN,Federal Contract Tower,16,27,16,0,59,0,75,112,0,187,16,102,128,0,246,0,0,0,246
07/24/2016,MVY,MA,ANE,EN,Federal Contract Tower,14,49,31,0,94,0,91,148,0,239,14,140,179,0,333,0,0,0,333
07/25/2016,MVY,MA,ANE,EN,Federal Contract Tower,10,42,32,0,84,0,81,62,0,143,10,123,94,0,227,12,0,12,239
07/26/2016,MVY,MA,ANE,EN,Federal Contract Tower,12,29,15,0,56,0,61,97,0,158,12,90,112,0,214,4,0,4,218
07/27/2016,MVY,MA,ANE,EN,Federal Contract Tower,10,28,20,0,58,0,53,108,0,161,10,81,128,0,219,24,0,24,243
07/28/2016,MVY,MA,ANE,EN,Federal Contract Tower,14,83,37,0,134,0,52,70,0,122,14,135,107,0,256,0,0,0,256
07/29/2016,MVY,MA,ANE,EN,Federal Contract Tower,12,105,50,0,167,0,45,60,0,105,12,150,110,0,272,0,0,0,272
07/30/2016,MVY,MA,ANE,EN,Federal Contract Tower,15,67,41,0,123,0,46,92,0,138,15,113,133,0,261,0,0,0,261
07/31/2016,MVY,MA,ANE,EN,Federal Contract Tower,14,109,58,4,185,0,29,39,0,68,14,138,97,4,253,0,0,0,253
08/01/2016,MVY,MA,ANE,EN,Federal Contract Tower,10,84,55,5,154,0,40,52,0,92,10,124,107,5,246,24,6,30,276
08/02/2016,MVY,MA,ANE,EN,Federal Contract Tower,10,52,28,1,91,0,48,58,2,108,10,100,86,3,199,6,0,6,205
08/03/2016,MVY,MA,ANE,EN,Federal Contract Tower,12,47,47,0,106,0,60,118,12,190,12,107,165,12,296,26,0,26,322
08/04/2016,MVY,MA,ANE,EN,Federal Contract Tower,10,39,35,1,85,0,85,118,1,204,10,124,153,2,289,38,2,40,329
08/05/2016,MVY,MA,ANE,EN,Federal Contract Tower,13,64,30,5,112,0,116,150,0,266,13,180,180,5,378,0,0,0,378
08/06/2016,MVY,MA,ANE,EN,Federal Contract Tower,17,103,32,0,152,0,8,9,14,31,17,111,41,14,183,0,0,0,183
08/07/2016,MVY,MA,ANE,EN,Federal Contract Tower,20,116,45,1,182,0,23,44,0,67,20,139,89,1,249,0,0,0,249
08/08/2016,MVY,MA,ANE,EN,Federal Contract Tower,10,125,36,0,171,0,11,36,0,47,10,136,72,0,218,0,0,0,218
08/09/2016,MVY,MA,ANE,EN,Federal Contract Tower,10,87,23,0,120,0,17,22,0,39,10,104,45,0,159,0,0,0,159
08/10/2016,MVY,MA,ANE,EN,Federal Contract Tower,10,80,17,0,107,0,2,4,2,8,10,82,21,2,115,0,0,0,115
08/11/2016,MVY,MA,ANE,EN,Federal Contract Tower,10,105,50,0,165,0,2,8,2,12,10,107,58,2,177,0,0,0,177
08/12/2016,MVY,MA,ANE,EN,Federal Contract Tower,12,131,48,0,191,0,12,9,0,21,12,143,57,0,212,0,0,0,212
08/13/2016,MVY,MA,ANE,EN,Federal Contract Tower,15,103,30,2,150,0,1,7,1,9,15,104,37,3,159,0,0,0,159
08/14/2016,MVY,MA,ANE,EN,Federal Contract Tower,15,127,72,2,216,0,14,18,2,34,15,141,90,4,250,0,0,0,250
08/15/2016,MVY,MA,ANE,EN,Federal Contract Tower,10,92,37,0,139,0,21,33,2,56,10,113,70,2,195,0,0,0,195
08/16/2016,MVY,MA,ANE,EN,Federal Contract Tower,10,87,28,0,125,0,3,11,0,14,10,90,39,0,139,0,0,0,139
08/17/2016,MVY,MA,ANE,EN,Federal Contract Tower,10,60,55,0,125,0,6,9,0,15,10,66,64,0,140,0,0,0,140
08/18/2016,MVY,MA,ANE,EN,Federal Contract Tower,10,112,37,0,159,0,13,15,0,28,10,125,52,0,187,56,0,56,243
08/19/2016,MVY,MA,ANE,EN,Federal Contract Tower,10,120,45,0,175,0,15,18,1,34,10,135,63,1,209,0,0,0,209
08/20/2016,MVY,MA,ANE,EN,Federal Contract Tower,16,92,15,0,123,0,5,29,0,34,16,97,44,0,157,0,0,0,157
08/21/2016,MVY,MA,ANE,EN,Federal Contract Tower,14,152,40,0,206,0,3,17,5,25,14,155,57,5,231,0,0,0,231
08/23/2016,MVY,MA,ANE,EN,Federal Contract Tower,6,30,18,0,54,0,55,89,0,144,6,85,107,0,198,2,0,2,200
08/24/2016,MVY,MA,ANE,EN,Federal Contract Tower,6,31,16,0,53,0,43,92,0,135,6,74,108,0,188,16,0,16,204
08/25/2016,MVY,MA,ANE,EN,Federal Contract Tower,9,51,23,0,83,0,70,87,2,159,9,121,110,2,242,4,0,4,246
08/26/2016,MVY,MA,ANE,EN,Federal Contract Tower,8,95,40,4,147,0,60,44,2,106,8,155,84,6,253,0,2,2,255
08/27/2016,MVY,MA,ANE,EN,Federal Contract Tower,11,21,21,0,53,0,62,173,0,235,11,83,194,0,288,0,0,0,288
08/28/2016,MVY,MA,ANE,EN,Federal Contract Tower,14,32,19,0,65,0,79,185,0,264,14,111,204,0,329,2,0,2,331
08/29/2016,MVY,MA,ANE,EN,Federal Contract Tower,8,25,5,0,38,0,72,92,0,164,8,97,97,0,202,8,0,8,210
08/30/2016,MVY,MA,ANE,EN,Federal Contract Tower,8,29,18,0,55,0,54,104,2,160,8,83,122,2,215,12,0,12,227
08/31/2016,MVY,MA,ANE,EN,Federal Contract Tower,8,45,18,1,72,0,49,69,2,120,8,94,87,3,192,12,2,14,206
09/01/2016,MVY,MA,ANE,EN,Federal Contract Tower,8,92,39,0,139,0,36,48,2,86,8,128,87,2,225,10,0,10,235
09/02/2016,MVY,MA,ANE,EN,Federal Contract Tower,8,52,23,0,83,0,93,113,2,208,8,145,136,2,291,0,0,0,291
09/03/2016,MVY,MA,ANE,EN,Federal Contract Tower,12,39,11,0,62,0,51,69,0,120,12,90,80,0,182,12,0,12,194
09/04/2016,MVY,MA,ANE,EN,Federal Contract Tower,12,71,27,0,110,0,58,54,0,112,12,129,81,0,222,0,0,0,222
09/05/2016,MVY,MA,ANE,EN,Federal Contract Tower,14,49,19,0,82,0,0,0,0,0,14,49,19,0,82,0,0,0,82
09/06/2016,MVY,MA,ANE,EN,Federal Contract Tower,2,99,32,0,133,0,19,5,0,24,2,118,37,0,157,0,0,0,157
09/07/2016,MVY,MA,ANE,EN,Federal Contract Tower,2,58,24,2,86,0,24,15,0,39,2,82,39,2,125,0,0,0,125
09/08/2016,MVY,MA,ANE,EN,Federal Contract Tower,2,73,31,2,108,0,17,16,0,33,2,90,47,2,141,0,4,4,145
09/09/2016,MVY,MA,ANE,EN,Federal Contract Tower,4,34,33,0,71,0,76,93,0,169,4,110,126,0,240,0,0,0,240
09/10/2016,MVY,MA,ANE,EN,Federal Contract Tower,2,45,27,0,74,0,42,68,0,110,2,87,95,0,184,0,0,0,184
09/11/2016,MVY,MA,ANE,EN,Federal Contract Tower,4,59,28,0,91,0,36,45,0,81,4,95,73,0,172,0,0,0,172
09/12/2016,MVY,MA,ANE,EN,Federal Contract Tower,4,23,23,0,50,0,57,61,4,122,4,80,84,4,172,0,4,4,176
09/13/2016,MVY,MA,ANE,EN,Federal Contract Tower,2,10,9,0,21,0,33,42,0,75,2,43,51,0,96,0,0,0,96
09/14/2016,MVY,MA,ANE,EN,Federal Contract Tower,4,17,5,2,28,0,34,56,0,90,4,51,61,2,118,2,2,4,122
09/15/2016,MVY,MA,ANE,EN,Federal Contract Tower,2,30,12,0,44,0,50,79,0,129,2,80,91,0,173,8,0,8,181
09/16/2016,MVY,MA,ANE,EN,Federal Contract Tower,4,25,22,0,51,0,85,132,0,217,4,110,154,0,268,0,0,0,268
09/17/2016,MVY,MA,ANE,EN,Federal Contract Tower,2,14,7,0,23,0,49,69,0,118,2,63,76,0,141,4,0,4,145
09/18/2016,MVY,MA,ANE,EN,Federal Contract Tower,4,75,51,0,130,0,12,20,0,32,4,87,71,0,162,0,0,0,162
09/19/2016,MVY,MA,ANE,EN,Federal Contract Tower,2,55,5,0,62,0,3,0,0,3,2,58,5,0,65,0,0,0,65
09/20/2016,MVY,MA,ANE,EN,Federal Contract Tower,0,44,20,0,64,0,3,0,0,3,0,47,20,0,67,0,0,0,67
09/21/2016,MVY,MA,ANE,EN,Federal Contract Tower,0,30,8,0,38,0,29,81,0,110,0,59,89,0,148,24,0,24,172
09/22/2016,MVY,MA,ANE,EN,Federal Contract Tower,2,34,11,0,47,0,34,89,1,124,2,68,100,1,171,0,0,0,171
09/23/2016,MVY,MA,ANE,EN,Federal Contract Tower,4,37,6,0,47,0,45,75,0,120,4,82,81,0,167,12,0,12,179
09/24/2016,MVY,MA,ANE,EN,Federal Contract Tower,0,17,8,0,25,0,40,72,0,112,0,57,80,0,137,8,0,8,145
09/25/2016,MVY,MA,ANE,EN,Federal Contract Tower,4,36,19,0,59,0,72,105,0,177,4,108,124,0,236,10,0,10,246
09/26/2016,MVY,MA,ANE,EN,Federal Contract Tower,2,27,1,0,30,0,38,38,0,76,2,65,39,0,106,0,0,0,106
09/27/2016,MVY,MA,ANE,EN,Federal Contract Tower,0,39,16,1,56,0,1,2,0,3,0,40,18,1,59,0,0,0,59
09/28/2016,MVY,MA,ANE,EN,Federal Contract Tower,0,42,16,0,58,0,2,12,0,14,0,44,28,0,72,40,0,40,112
09/29/2016,MVY,MA,ANE,EN,Federal Contract Tower,2,53,19,4,78,0,2,9,0,11,2,55,28,4,89,4,0,4,93
09/30/2016,MVY,MA,ANE,EN,Federal Contract Tower,4,60,24,0,88,0,3,1,0,4,4,63,25,0,92,0,0,0,92
10/01/2016,MVY,MA,ANE,EN,Federal Contract Tower,0,33,21,2,56,0,0,0,0,0,0,33,21,2,56,0,0,0,56
10/02/2016,MVY,MA,ANE,EN,Federal Contract Tower,4,80,19,0,103,0,0,0,0,0,4,80,19,0,103,0,0,0,103
10/03/2016,MVY,MA,ANE,EN,Federal Contract Tower,2,43,16,2,63,0,29,41,0,70,2,72,57,2,133,0,0,0,133
10/04/2016,MVY,MA,ANE,EN,Federal Contract Tower,0,33,9,0,42,0,22,18,4,44,0,55,27,4,86,2,0,2,88
10/05/2016,MVY,MA,ANE,EN,Federal Contract Tower,0,43,21,0,64,0,10,28,0,38,0,53,49,0,102,0,0,0,102
10/06/2016,MVY,MA,ANE,EN,Federal Contract Tower,2,41,7,0,50,0,22,22,0,44,2,63,29,0,94,0,0,0,94
10/07/2016,MVY,MA,ANE,EN,Federal Contract Tower,4,23,12,0,39,0,47,74,0,121,4,70,86,0,160,0,0,0,160
10/08/2016,MVY,MA,ANE,EN,Federal Contract Tower,2,24,10,0,36,0,22,50,0,72,2,46,60,0,108,10,0,10,118
10/09/2016,MVY,MA,ANE,EN,Federal Contract Tower,0,39,22,4,65,0,0,0,0,0,0,39,22,4,65,0,0,0,65
10/10/2016,MVY,MA,ANE,EN,Federal Contract Tower,0,28,3,0,31,0,54,29,0,83,0,82,32,0,114,8,0,8,122
10/11/2016,MVY,MA,ANE,EN,Federal Contract Tower,0,13,5,0,18,0,24,46,0,70,0,37,51,0,88,14,0,14,102
10/12/2016,MVY,MA,ANE,EN,Federal Contract Tower,0,15,7,0,22,0,30,36,0,66,0,45,43,0,88,18,0,18,106
10/13/2016,MVY,MA,ANE,EN,Federal Contract Tower,2,26,15,0,43,0,11,43,0,54,2,37,58,0,97,0,0,0,97
10/14/2016,MVY,MA,ANE,EN,Federal Contract Tower,2,23,11,2,38,0,32,50,0,82,2,55,61,2,120,0,0,0,120
10/15/2016,MVY,MA,ANE,EN,Federal Contract Tower,0,12,5,0,17,0,26,59,0,85,0,38,64,0,102,0,0,0,102
10/16/2016,MVY,MA,ANE,EN,Federal Contract Tower,2,31,19,0,52,0,58,92,0,150,2,89,111,0,202,0,0,0,202
10/17/2016,MVY,MA,ANE,EN,Federal Contract Tower,0,7,9,2,18,0,17,25,0,42,0,24,34,2,60,0,0,0,60
10/18/2016,MVY,MA,ANE,EN,Federal Contract Tower,0,23,7,7,37,0,4,15,7,26,0,27,22,14,63,2,0,2,65
10/19/2016,MVY,MA,ANE,EN,Federal Contract Tower,0,12,3,0,15,0,15,51,0,66,0,27,54,0,81,14,0,14,95
10/20/2016,MVY,MA,ANE,EN,Federal Contract Tower,0,20,12,2,34,0,16,27,2,45,0,36,39,4,79,0,0,0,79
10/21/2016,MVY,MA,ANE,EN,Federal Contract Tower,0,25,23,0,48,0,0,8,0,8,0,25,31,0,56,4,0,4,60
10/22/2016,MVY,MA,ANE,EN,Federal Contract Tower,0,25,15,2,42,0,1,3,0,4,0,26,18,2,46,0,0,0,46
10/23/2016,MVY,MA,ANE,EN,Federal Contract Tower,0,4,8,0,12,0,20,35,0,55,0,24,43,0,67,4,0,4,71
10/24/2016,MVY,MA,ANE,EN,Federal Contract Tower,0,10,7,2,19,0,11,10,2,23,0,21,17,4,42,0,0,0,42
10/25/2016,MVY,MA,ANE,EN,Federal Contract Tower,0,9,2,0,11,0,12,10,0,22,0,21,12,0,33,8,0,8,41
10/26/2016,MVY,MA,ANE,EN,Federal Contract Tower,0,8,8,4,20,0,0,26,33,59,0,8,34,37,79,0,0,0,79
10/27/2016,MVY,MA,ANE,EN,Federal Contract Tower,0,20,8,2,30,0,8,12,0,20,0,28,20,2,50,0,0,0,50
10/28/2016,MVY,MA,ANE,EN,Federal Contract Tower,0,37,14,2,53,0,4,1,0,5,0,41,15,2,58,0,0,0,58
10/29/2016,MVY,MA,ANE,EN,Federal Contract Tower,0,4,6,0,10,0,14,41,0,55,0,18,47,0,65,0,0,0,65
10/30/2016,MVY,MA,ANE,EN,Federal Contract Tower,0,6,10,0,16,0,28,57,0,85,0,34,67,0,101,0,0,0,101
10/31/2016,MVY,MA,ANE,EN,Federal Contract Tower,0,8,1,0,9,0,13,17,0,30,0,21,18,0,39,0,0,0,39
11/01/2016,MVY,MA,ANE,EN,Federal Contract Tower,0,2,5,0,7,0,16,46,0,62,0,18,51,0,69,0,0,0,69
11/02/2016,MVY,MA,ANE,EN,Federal Contract Tower,0,4,3,0,7,0,17,41,2,60,0,21,44,2,67,0,0,0,67
11/03/2016,MVY,MA,ANE,EN,Federal Contract Tower,0,23,3,0,26,0,0,5,0,5,0,23,8,0,31,0,0,0,31
11/04/2016,MVY,MA,ANE,EN,Federal Contract Tower,0,11,5,0,16,0,11,17,0,28,0,22,22,0,44,2,0,2,46
11/05/2016,MVY,MA,ANE,EN,Federal Contract Tower,0,11,5,0,16,0,4,39,0,43,0,15,44,0,59,2,0,2,61
11/06/2016,MVY,MA,ANE,EN,Federal Contract Tower,0,11,11,0,22,0,4,23,0,27,0,15,34,0,49,2,4,6,55
11/07/2016,MVY,MA,ANE,EN,Federal Contract Tower,0,7,7,0,14,0,10,23,0,33,0,17,30,0,47,8,0,8,55
11/08/2016,MVY,MA,ANE,EN,Federal Contract Tower,0,5,2,2,9,0,12,43,4,59,0,17,45,6,68,0,4,4,72
11/09/2016,MVY,MA,ANE,EN,Federal Contract Tower,0,11,1,0,12,0,15,18,0,33,0,26,19,0,45,4,0,4,49
11/10/2016,MVY,MA,ANE,EN,Federal Contract Tower,0,8,6,0,14,0,20,20,0,40,0,28,26,0,54,0,0,0,54
11/11/2016,MVY,MA,ANE,EN,Federal Contract Tower,0,4,2,0,6,0,9,21,0,30,0,13,23,0,36,0,0,0,36
11/12/2016,MVY,MA,ANE,EN,Federal Contract Tower,0,2,2,0,4,0,11,60,0,71,0,13,62,0,75,0,0,0,75
11/13/2016,MVY,MA,ANE,EN,Federal Contract Tower,0,8,5,0,13,0,19,136,0,155,0,27,141,0,168,0,0,0,168
11/14/2016,MVY,MA,ANE,EN,Federal Contract Tower,0,4,1,0,5,0,14,35,0,49,0,18,36,0,54,0,0,0,54
11/15/2016,MVY,MA,ANE,EN,Federal Contract Tower,0,11,4,0,15,0,5,3,0,8,0,16,7,0,23,0,0,0,23
11/16/2016,MVY,MA,ANE,EN,Federal Contract Tower,0,12,0,4,16,0,3,6,0,9,0,15,6,4,25,0,0,0,25
11/17/2016,MVY,MA,ANE,EN,Federal Contract Tower,0,10,8,0,18,0,7,13,0,20,0,17,21,0,38,0,0,0,38
11/18/2016,MVY,MA,ANE,EN,Federal Contract Tower,0,13,2,0,15,0,11,24,2,37,0,24,26,2,52,4,0,4,56
11/19/2016,MVY,MA,ANE,EN,Federal Contract Tower,0,18,19,0,37,0,0,0,0,0,0,18,19,0,37,0,0,0,37
11/20/2016,MVY,MA,ANE,EN,Federal Contract Tower,0,18,4,0,22,0,1,1,0,2,0,19,5,0,24,0,0,0,24
11/21/2016,MVY,MA,ANE,EN,Federal Contract Tower,0,2,2,0,4,0,11,4,0,15,0,13,6,0,19,0,0,0,19
11/22/2016,MVY,MA,ANE,EN,Federal Contract Tower,0,16,7,0,23,0,11,30,0,41,0,27,37,0,64,0,0,0,64
11/23/2016,MVY,MA,ANE,EN,Federal Contract Tower,0,22,12,1,35,0,22,44,0,66,0,44,56,1,101,0,2,2,103
11/24/2016,MVY,MA,ANE,EN,Federal Contract Tower,0,13,8,0,21,0,11,23,0,34,0,24,31,0,55,0,0,0,55
11/25/2016,MVY,MA,ANE,EN,Federal Contract Tower,0,27,13,0,40,0,6,7,0,13,0,33,20,0,53,0,0,0,53
11/26/2016,MVY,MA,ANE,EN,Federal Contract Tower,0,19,20,0,39,0,0,4,0,4,0,19,24,0,43,0,0,0,43
11/27/2016,MVY,MA,ANE,EN,Federal Contract Tower,0,30,10,0,40,0,34,92,0,126,0,64,102,0,166,12,0,12,178
11/28/2016,MVY,MA,ANE,EN,Federal Contract Tower,0,7,6,0,13,0,8,48,0,56,0,15,54,0,69,8,4,12,81
11/29/2016,MVY,MA,ANE,EN,Federal Contract Tower,0,16,0,0,16,0,11,16,0,27,0,27,16,0,43,0,0,0,43
11/30/2016,MVY,MA,ANE,EN,Federal Contract Tower,0,13,10,0,23,0,0,0,0,0,0,13,10,0,23,0,0,0,23
12/02/2016,MVY,MA,ANE,EN,Federal Contract Tower,0,6,3,0,9,0,13,19,0,32,0,19,22,0,41,4,0,4,45
12/03/2016,MVY,MA,ANE,EN,Federal Contract Tower,0,12,1,0,13,0,7,37,0,44,0,19,38,0,57,0,0,0,57
12/04/2016,MVY,MA,ANE,EN,Federal Contract Tower,0,1,7,0,8,0,9,77,0,86,0,10,84,0,94,20,0,20,114
12/05/2016,MVY,MA,ANE,EN,Federal Contract Tower,0,6,5,4,15,0,5,0,0,5,0,11,5,4,20,0,0,0,20
12/06/2016,MVY,MA,ANE,EN,Federal Contract Tower,0,1,4,0,5,0,13,40,0,53,0,14,44,0,58,6,0,6,64
12/07/2016,MVY,MA,ANE,EN,Federal Contract Tower,0,12,2,0,14,0,2,0,0,2,0,14,2,0,16,2,0,2,18
12/08/2016,MVY,MA,ANE,EN,Federal Contract Tower,0,11,3,0,14,0,9,21,0,30,0,20,24,0,44,0,0,0,44
12/09/2016,MVY,MA,ANE,EN,Federal Contract Tower,0,18,1,0,19,0,8,16,0,24,0,26,17,0,43,0,0,0,43
12/10/2016,MVY,MA,ANE,EN,Federal Contract Tower,0,7,4,0,11,0,5,44,0,49,0,12,48,0,60,0,0,0,60
12/11/2016,MVY,MA,ANE,EN,Federal Contract Tower,0,12,2,0,14,0,6,56,0,62,0,18,58,0,76,0,0,0,76
12/12/2016,MVY,MA,ANE,EN,Federal Contract Tower,0,17,6,0,23,0,0,0,0,0,0,17,6,0,23,0,0,0,23
12/13/2016,MVY,MA,ANE,EN,Federal Contract Tower,0,1,1,1,3,0,12,38,1,51,0,13,39,2,54,24,0,24,78
12/14/2016,MVY,MA,ANE,EN,Federal Contract Tower,0,4,2,0,6,0,16,35,0,51,0,20,37,0,57,0,0,0,57
12/15/2016,MVY,MA,ANE,EN,Federal Contract Tower,0,4,2,0,6,0,13,8,0,21,0,17,10,0,27,0,0,0,27
12/16/2016,MVY,MA,ANE,EN,Federal Contract Tower,0,13,2,0,15,0,1,27,0,28,0,14,29,0,43,0,0,0,43
12/17/2016,MVY,MA,ANE,EN,Federal Contract Tower,0,5,2,0,7,0,0,0,0,0,0,5,2,0,7,0,0,0,7
12/18/2016,MVY,MA,ANE,EN,Federal Contract Tower,0,8,2,0,10,0,0,0,0,0,0,8,2,0,10,0,0,0,10
12/19/2016,MVY,MA,ANE,EN,Federal Contract Tower,0,5,4,0,9,0,11,23,0,34,0,16,27,0,43,0,0,0,43
12/20/2016,MVY,MA,ANE,EN,Federal Contract Tower,0,5,13,0,18,0,11,35,0,46,0,16,48,0,64,0,0,0,64
12/21/2016,MVY,MA,ANE,EN,Federal Contract Tower,0,9,1,0,10,0,11,53,0,64,0,20,54,0,74,4,0,4,78
12/22/2016,MVY,MA,ANE,EN,Federal Contract Tower,0,13,3,0,16,0,4,5,0,9,0,17,8,0,25,0,0,0,25
12/23/2016,MVY,MA,ANE,EN,Federal Contract Tower,0,8,2,0,10,0,11,60,0,71,0,19,62,0,81,0,0,0,81
12/24/2016,MVY,MA,ANE,EN,Federal Contract Tower,0,10,0,0,10,0,0,2,0,2,0,10,2,0,12,0,0,0,12
12/25/2016,MVY,MA,ANE,EN,Federal Contract Tower,0,3,0,0,3,0,5,14,0,19,0,8,14,0,22,0,0,0,22
12/26/2016,MVY,MA,ANE,EN,Federal Contract Tower,0,10,1,0,11,0,9,36,2,47,0,19,37,2,58,28,2,30,88
12/27/2016,MVY,MA,ANE,EN,Federal Contract Tower,0,12,1,0,13,0,2,0,2,4,0,14,1,2,17,0,6,6,23
12/28/2016,MVY,MA,ANE,EN,Federal Contract Tower,0,1,4,0,5,0,12,36,0,48,0,13,40,0,53,0,0,0,53
12/29/2016,MVY,MA,ANE,EN,Federal Contract Tower,0,8,2,0,10,0,7,4,0,11,0,15,6,0,21,2,0,2,23
12/30/2016,MVY,MA,ANE,EN,Federal Contract Tower,0,14,1,0,15,0,0,5,0,5,0,14,6,0,20,0,0,0,20
12/31/2016,MVY,MA,ANE,EN,Federal Contract Tower,0,3,1,0,4,0,4,37,0,41,0,7,38,0,45,0,0,0,45
01/01/2017,MVY,MA,ANE,EN,Federal Contract Tower,0,5,1,0,6,0,8,33,0,41,0,13,34,0,47,0,0,0,47
01/02/2017,MVY,MA,ANE,EN,Federal Contract Tower,0,1,3,0,4,0,9,45,0,54,0,10,48,0,58,4,0,4,62
01/03/2017,MVY,MA,ANE,EN,Federal Contract Tower,0,17,0,0,17,0,0,0,0,0,0,17,0,0,17,0,0,0,17
01/04/2017,MVY,MA,ANE,EN,Federal Contract Tower,0,17,8,2,27,0,0,9,4,13,0,17,17,6,40,0,4,4,44
01/05/2017,MVY,MA,ANE,EN,Federal Contract Tower,0,13,0,0,13,0,11,11,0,22,0,24,11,0,35,0,10,10,45
01/06/2017,MVY,MA,ANE,EN,Federal Contract Tower,0,4,0,0,4,0,0,0,0,0,0,4,0,0,4,0,0,0,4
01/07/2017,MVY,MA,ANE,EN,Federal Contract Tower,0,3,0,0,3,0,0,0,0,0,0,3,0,0,3,0,0,0,3
01/08/2017,MVY,MA,ANE,EN,Federal Contract Tower,0,0,0,0,0,0,0,2,0,2,0,0,2,0,2,0,0,0,2
01/09/2017,MVY,MA,ANE,EN,Federal Contract Tower,0,1,4,2,7,0,8,11,0,19,0,9,15,2,26,0,0,0,26
01/10/2017,MVY,MA,ANE,EN,Federal Contract Tower,0,8,0,0,8,0,8,15,4,27,0,16,15,4,35,8,0,8,43
01/11/2017,MVY,MA,ANE,EN,Federal Contract Tower,0,6,2,0,8,0,6,4,0,10,0,12,6,0,18,0,0,0,18
01/12/2017,MVY,MA,ANE,EN,Federal Contract Tower,0,10,4,0,14,0,2,4,0,6,0,12,8,0,20,0,0,0,20
01/13/2017,MVY,MA,ANE,EN,Federal Contract Tower,0,1,2,0,3,0,9,18,2,29,0,10,20,2,32,0,0,0,32
01/14/2017,MVY,MA,ANE,EN,Federal Contract Tower,0,2,1,0,3,0,10,25,8,43,0,12,26,8,46,0,0,0,46
01/15/2017,MVY,MA,ANE,EN,Federal Contract Tower,0,0,0,0,0,0,13,70,0,83,0,13,70,0,83,8,0,8,91
01/16/2017,MVY,MA,ANE,EN,Federal Contract Tower,0,5,2,0,7,0,12,46,0,58,0,17,48,0,65,0,0,0,65
01/17/2017,MVY,MA,ANE,EN,Federal Contract Tower,0,4,3,0,7,0,8,11,0,19,0,12,14,0,26,0,0,0,26
01/18/2017,MVY,MA,ANE,EN,Federal Contract Tower,0,12,7,0,19,0,0,0,0,0,0,12,7,0,19,0,0,0,19
01/19/2017,MVY,MA,ANE,EN,Federal Contract Tower,0,17,0,0,17,0,0,12,0,12,0,17,12,0,29,0,0,0,29
01/20/2017,MVY,MA,ANE,EN,Federal Contract Tower,0,5,8,0,13,0,9,15,0,24,0,14,23,0,37,4,0,4,41
01/21/2017,MVY,MA,ANE,EN,Federal Contract Tower,0,9,8,0,17,0,0,0,0,0,0,9,8,0,17,2,0,2,19
01/22/2017,MVY,MA,ANE,EN,Federal Contract Tower,0,4,19,0,23,0,1,16,0,17,0,5,35,0,40,8,0,8,48
01/23/2017,MVY,MA,ANE,EN,Federal Contract Tower,0,14,0,0,14,0,0,0,0,0,0,14,0,0,14,0,0,0,14
01/24/2017,MVY,MA,ANE,EN,Federal Contract Tower,0,5,0,0,5,0,0,0,0,0,0,5,0,0,5,0,0,0,5
01/25/2017,MVY,MA,ANE,EN,Federal Contract Tower,0,11,2,10,23,0,5,10,0,15,0,16,12,10,38,0,0,0,38
01/26/2017,MVY,MA,ANE,EN,Federal Contract Tower,0,4,0,4,8,0,9,8,0,17,0,13,8,4,25,0,0,0,25
01/27/2017,MVY,MA,ANE,EN,Federal Contract Tower,0,5,4,0,9,0,6,14,2,22,0,11,18,2,31,0,0,0,31
01/28/2017,MVY,MA,ANE,EN,Federal Contract Tower,0,0,0,0,0,0,8,12,0,20,0,8,12,0,20,8,0,8,28
01/29/2017,MVY,MA,ANE,EN,Federal Contract Tower,0,4,8,0,12,0,11,46,0,57,0,15,54,0,69,10,0,10,79
01/30/2017,MVY,MA,ANE,EN,Federal Contract Tower,0,2,2,0,4,0,7,13,0,20,0,9,15,0,24,12,0,12,36
01/31/2017,MVY,MA,ANE,EN,Federal Contract Tower,0,5,1,0,6,0,4,1,0,5,0,9,2,0,11,0,0,0,11
02/01/2017,MVY,MA,ANE,EN,Federal Contract Tower,0,9,3,0,12,0,1,13,0,14,0,10,16,0,26,0,0,0,26
02/02/2017,MVY,MA,ANE,EN,Federal Contract Tower,0,7,2,0,9,0,12,19,0,31,0,19,21,0,40,0,0,0,40
02/03/2017,MVY,MA,ANE,EN,Federal Contract Tower,0,4,3,0,7,0,5,9,0,14,0,9,12,0,21,0,0,0,21
02/04/2017,MVY,MA,ANE,EN,Federal Contract Tower,0,0,3,0,3,0,9,20,0,29,0,9,23,0,32,0,0,0,32
02/05/2017,MVY,MA,ANE,EN,Federal Contract Tower,0,0,1,0,1,0,9,28,0,37,0,9,29,0,38,0,0,0,38
02/06/2017,MVY,MA,ANE,EN,Federal Contract Tower,0,2,4,0,6,0,11,12,0,23,0,13,16,0,29,0,0,0,29
02/07/2017,MVY,MA,ANE,EN,Federal Contract Tower,0,13,0,0,13,0,2,2,0,4,0,15,2,0,17,0,0,0,17
02/08/2017,MVY,MA,ANE,EN,Federal Contract Tower,0,9,9,6,24,0,4,16,0,20,0,13,25,6,44,4,0,4,48
02/09/2017,MVY,MA,ANE,EN,Federal Contract Tower,0,0,0,0,0,0,0,0,0,0,0,0,0,0,0,0,0,0,0
02/10/2017,MVY,MA,ANE,EN,Federal Contract Tower,0,0,1,0,1,0,6,2,0,8,0,6,3,0,9,0,0,0,9
02/11/2017,MVY,MA,ANE,EN,Federal Contract Tower,0,6,0,0,6,0,1,2,0,3,0,7,2,0,9,0,0,0,9
02/12/2017,MVY,MA,ANE,EN,Federal Contract Tower,0,4,4,0,8,0,0,0,0,0,0,4,4,0,8,0,0,0,8
02/13/2017,MVY,MA,ANE,EN,Federal Contract Tower,0,0,0,0,0,0,0,0,0,0,0,0,0,0,0,0,0,0,0
02/14/2017,MVY,MA,ANE,EN,Federal Contract Tower,0,3,4,0,7,0,12,29,0,41,0,15,33,0,48,2,0,2,50
02/15/2017,MVY,MA,ANE,EN,Federal Contract Tower,0,6,4,0,10,0,11,5,0,16,0,17,9,0,26,0,0,0,26
02/16/2017,MVY,MA,ANE,EN,Federal Contract Tower,0,7,2,0,9,0,6,7,0,13,0,13,9,0,22,0,0,0,22
02/17/2017,MVY,MA,ANE,EN,Federal Contract Tower,0,7,4,0,11,0,7,12,0,19,0,14,16,0,30,0,0,0,30
02/18/2017,MVY,MA,ANE,EN,Federal Contract Tower,0,1,5,0,6,0,11,30,0,41,0,12,35,0,47,2,0,2,49
02/19/2017,MVY,MA,ANE,EN,Federal Contract Tower,0,2,0,0,2,0,9,125,0,134,0,11,125,0,136,8,0,8,144
02/20/2017,MVY,MA,ANE,EN,Federal Contract Tower,0,3,5,0,8,0,9,35,0,44,0,12,40,0,52,0,0,0,52
02/21/2017,MVY,MA,ANE,EN,Federal Contract Tower,0,4,2,0,6,0,14,30,0,44,0,18,32,0,50,28,0,28,78
02/22/2017,MVY,MA,ANE,EN,Federal Contract Tower,0,9,1,0,10,0,10,22,0,32,0,19,23,0,42,4,0,4,46
02/23/2017,MVY,MA,ANE,EN,Federal Contract Tower,0,12,10,0,22,0,1,6,2,9,0,13,16,2,31,0,4,4,35
02/24/2017,MVY,MA,ANE,EN,Federal Contract Tower,0,5,1,0,6,0,17,29,0,46,0,22,30,0,52,0,0,0,52
02/25/2017,MVY,MA,ANE,EN,Federal Contract Tower,0,7,1,0,8,0,4,20,0,24,0,11,21,0,32,4,0,4,36
02/26/2017,MVY,MA,ANE,EN,Federal Contract Tower,0,0,2,0,2,0,11,32,0,43,0,11,34,0,45,12,0,12,57
02/27/2017,MVY,MA,ANE,EN,Federal Contract Tower,0,1,0,1,2,0,11,20,0,31,0,12,20,1,33,0,0,0,33
02/28/2017,MVY,MA,ANE,EN,Federal Contract Tower,0,10,6,0,16,0,5,25,2,32,0,15,31,2,48,6,2,8,56
03/01/2017,MVY,MA,ANE,EN,Federal Contract Tower,0,3,0,0,3,0,0,0,0,0,0,3,0,0,3,0,0,0,3
03/02/2017,MVY,MA,ANE,EN,Federal Contract Tower,0,3,0,0,3,0,10,3,2,15,0,13,3,2,18,0,0,0,18
03/03/2017,MVY,MA,ANE,EN,Federal Contract Tower,0,3,5,0,8,0,9,16,0,25,0,12,21,0,33,4,0,4,37
03/04/2017,MVY,MA,ANE,EN,Federal Contract Tower,0,0,2,0,2,0,7,16,0,23,0,7,18,0,25,0,0,0,25
03/05/2017,MVY,MA,ANE,EN,Federal Contract Tower,0,4,6,0,10,0,10,19,0,29,0,14,25,0,39,0,0,0,39
03/06/2017,MVY,MA,ANE,EN,Federal Contract Tower,0,6,2,0,8,0,9,29,0,38,0,15,31,0,46,20,0,20,66
03/07/2017,MVY,MA,ANE,EN,Federal Contract Tower,0,6,0,0,6,0,5,11,0,16,0,11,11,0,22,0,0,0,22
03/08/2017,MVY,MA,ANE,EN,Federal Contract Tower,0,9,5,0,14,0,5,15,0,20,0,14,20,0,34,0,0,0,34
03/09/2017,MVY,MA,ANE,EN,Federal Contract Tower,0,2,4,2,8,0,17,10,0,27,0,19,14,2,35,0,0,0,35
03/10/2017,MVY,MA,ANE,EN,Federal Contract Tower,0,0,0,0,0,0,0,0,0,0,0,0,0,0,0,0,0,0,0
03/11/2017,MVY,MA,ANE,EN,Federal Contract Tower,0,4,1,0,5,0,9,16,0,25,0,13,17,0,30,0,0,0,30
03/12/2017,MVY,MA,ANE,EN,Federal Contract Tower,0,1,2,0,3,0,8,22,0,30,0,9,24,0,33,0,0,0,33
03/13/2017,MVY,MA,ANE,EN,Federal Contract Tower,0,4,4,0,8,0,12,15,0,27,0,16,19,0,35,0,0,0,35
03/14/2017,MVY,MA,ANE,EN,Federal Contract Tower,0,0,1,0,1,0,0,0,0,0,0,0,1,0,1,0,0,0,1
03/15/2017,MVY,MA,ANE,EN,Federal Contract Tower,0,4,0,0,4,0,7,9,0,16,0,11,9,0,20,0,0,0,20
03/16/2017,MVY,MA,ANE,EN,Federal Contract Tower,0,1,0,0,1,0,9,3,0,12,0,10,3,0,13,0,0,0,13
03/17/2017,MVY,MA,ANE,EN,Federal Contract Tower,1,6,1,2,10,0,12,19,2,33,1,18,20,4,43,6,0,6,49
03/18/2017,MVY,MA,ANE,EN,Federal Contract Tower,0,1,8,0,9,0,10,61,0,71,0,11,69,0,80,18,0,18,98
03/19/2017,MVY,MA,ANE,EN,Federal Contract Tower,0,12,6,0,18,0,0,1,0,1,0,12,7,0,19,0,0,0,19
03/20/2017,MVY,MA,ANE,EN,Federal Contract Tower,0,9,2,0,11,0,11,16,0,27,0,20,18,0,38,0,0,0,38
03/21/2017,MVY,MA,ANE,EN,Federal Contract Tower,0,13,2,0,15,0,9,33,2,44,0,22,35,2,59,4,0,4,63
03/22/2017,MVY,MA,ANE,EN,Federal Contract Tower,0,3,0,0,3,0,13,3,0,16,0,16,3,0,19,0,0,0,19
03/23/2017,MVY,MA,ANE,EN,Federal Contract Tower,0,5,6,0,11,0,16,10,0,26,0,21,16,0,37,0,0,0,37
03/24/2017,MVY,MA,ANE,EN,Federal Contract Tower,0,3,3,0,6,0,10,9,0,19,0,13,12,0,25,2,0,2,27
03/25/2017,MVY,MA,ANE,EN,Federal Contract Tower,0,5,6,0,11,0,5,30,0,35,0,10,36,0,46,12,0,12,58
03/26/2017,MVY,MA,ANE,EN,Federal Contract Tower,0,8,4,0,12,0,8,73,0,81,0,16,77,0,93,0,0,0,93
03/27/2017,MVY,MA,ANE,EN,Federal Contract Tower,0,16,8,0,24,0,0,0,0,0,0,16,8,0,24,0,0,0,24
03/28/2017,MVY,MA,ANE,EN,Federal Contract Tower,0,18,2,0,20,0,0,0,0,0,0,18,2,0,20,0,0,0,20
03/29/2017,MVY,MA,ANE,EN,Federal Contract Tower,0,23,0,0,23,0,1,7,0,8,0,24,7,0,31,0,0,0,31
03/30/2017,MVY,MA,ANE,EN,Federal Contract Tower,0,10,2,0,12,0,15,37,0,52,0,25,39,0,64,2,0,2,66
03/31/2017,MVY,MA,ANE,EN,Federal Contract Tower,0,9,1,0,10,0,4,4,0,8,0,13,5,0,18,0,0,0,18
04/01/2017,MVY,MA,ANE,EN,Federal Contract Tower,0,6,2,0,8,0,0,0,0,0,0,6,2,0,8,0,0,0,8
04/02/2017,MVY,MA,ANE,EN,Federal Contract Tower,0,7,6,2,15,0,1,23,0,24,0,8,29,2,39,0,0,0,39
04/03/2017,MVY,MA,ANE,EN,Federal Contract Tower,0,4,2,0,6,0,12,35,1,48,0,16,37,1,54,0,0,0,54
04/04/2017,MVY,MA,ANE,EN,Federal Contract Tower,0,9,0,0,9,0,2,0,0,2,0,11,0,0,11,0,0,0,11
04/05/2017,MVY,MA,ANE,EN,Federal Contract Tower,0,16,3,0,19,0,0,6,0,6,0,16,9,0,25,6,0,6,31
04/06/2017,MVY,MA,ANE,EN,Federal Contract Tower,0,12,2,0,14,0,0,0,0,0,0,12,2,0,14,0,0,0,14
04/07/2017,MVY,MA,ANE,EN,Federal Contract Tower,0,4,2,0,6,0,11,14,0,25,0,15,16,0,31,0,0,0,31
04/08/2017,MVY,MA,ANE,EN,Federal Contract Tower,0,11,3,0,14,0,8,20,0,28,0,19,23,0,42,0,0,0,42
04/09/2017,MVY,MA,ANE,EN,Federal Contract Tower,0,5,4,0,9,0,12,110,0,122,0,17,114,0,131,14,0,14,145
04/10/2017,MVY,MA,ANE,EN,Federal Contract Tower,0,3,2,0,5,0,9,59,0,68,0,12,61,0,73,6,0,6,79
04/11/2017,MVY,MA,ANE,EN,Federal Contract Tower,0,7,7,0,14,0,13,54,0,67,0,20,61,0,81,4,0,4,85
04/12/2017,MVY,MA,ANE,EN,Federal Contract Tower,0,7,2,0,9,0,7,24,0,31,0,14,26,0,40,0,0,0,40
04/13/2017,MVY,MA,ANE,EN,Federal Contract Tower,0,8,7,0,15,0,16,31,0,47,0,24,38,0,62,0,0,0,62
04/14/2017,MVY,MA,ANE,EN,Federal Contract Tower,0,7,8,0,15,0,15,77,0,92,0,22,85,0,107,4,0,4,111
04/15/2017,MVY,MA,ANE,EN,Federal Contract Tower,0,4,6,0,10,0,11,46,0,57,0,15,52,0,67,0,0,0,67
04/16/2017,MVY,MA,ANE,EN,Federal Contract Tower,0,14,9,0,23,0,11,15,0,26,0,25,24,0,49,0,0,0,49
04/17/2017,MVY,MA,ANE,EN,Federal Contract Tower,0,7,3,0,10,0,15,39,0,54,0,22,42,0,64,0,0,0,64
04/18/2017,MVY,MA,ANE,EN,Federal Contract Tower,0,6,3,0,9,0,11,33,0,44,0,17,36,0,53,0,0,0,53
04/19/2017,MVY,MA,ANE,EN,Federal Contract Tower,0,7,7,0,14,0,12,26,0,38,0,19,33,0,52,6,0,6,58
04/20/2017,MVY,MA,ANE,EN,Federal Contract Tower,0,19,18,0,37,0,0,0,0,0,0,19,18,0,37,0,0,0,37
04/21/2017,MVY,MA,ANE,EN,Federal Contract Tower,0,17,14,0,31,0,0,0,0,0,0,17,14,0,31,2,0,2,33
04/22/2017,MVY,MA,ANE,EN,Federal Contract Tower,0,16,14,0,30,0,0,0,0,0,0,16,14,0,30,0,0,0,30
04/23/2017,MVY,MA,ANE,EN,Federal Contract Tower,0,4,8,0,12,0,16,148,0,164,0,20,156,0,176,14,0,14,190
04/24/2017,MVY,MA,ANE,EN,Federal Contract Tower,0,4,5,0,9,0,23,73,0,96,0,27,78,0,105,20,0,20,125
04/25/2017,MVY,MA,ANE,EN,Federal Contract Tower,0,12,7,0,19,0,0,0,0,0,0,12,7,0,19,0,0,0,19
04/26/2017,MVY,MA,ANE,EN,Federal Contract Tower,0,12,2,0,14,0,0,0,0,0,0,12,2,0,14,0,0,0,14
04/27/2017,MVY,MA,ANE,EN,Federal Contract Tower,0,19,14,0,33,0,0,2,0,2,0,19,16,0,35,0,0,0,35
04/28/2017,MVY,MA,ANE,EN,Federal Contract Tower,0,8,6,0,14,0,3,7,0,10,0,11,13,0,24,0,0,0,24
04/29/2017,MVY,MA,ANE,EN,Federal Contract Tower,0,12,4,0,16,0,7,38,0,45,0,19,42,0,61,6,0,6,67
04/30/2017,MVY,MA,ANE,EN,Federal Contract Tower,0,4,9,0,13,0,11,84,0,95,0,15,93,0,108,4,0,4,112
05/01/2017,MVY,MA,ANE,EN,Federal Contract Tower,0,13,10,2,25,0,0,0,0,0,0,13,10,2,25,0,0,0,25
05/02/2017,MVY,MA,ANE,EN,Federal Contract Tower,0,17,7,0,24,0,0,0,0,0,0,17,7,0,24,0,0,0,24
05/03/2017,MVY,MA,ANE,EN,Federal Contract Tower,0,6,1,1,8,0,13,65,1,79,0,19,66,2,87,14,2,16,103
05/04/2017,MVY,MA,ANE,EN,Federal Contract Tower,0,11,5,0,16,0,14,58,0,72,0,25,63,0,88,34,0,34,122
05/05/2017,MVY,MA,ANE,EN,Federal Contract Tower,0,8,5,0,13,0,3,1,0,4,0,11,6,0,17,0,0,0,17
05/06/2017,MVY,MA,ANE,EN,Federal Contract Tower,0,14,3,0,17,0,0,0,0,0,0,14,3,0,17,0,0,0,17
05/07/2017,MVY,MA,ANE,EN,Federal Contract Tower,0,9,5,0,14,0,9,43,4,56,0,18,48,4,70,14,0,14,84
05/08/2017,MVY,MA,ANE,EN,Federal Contract Tower,0,11,3,4,18,0,11,39,0,50,0,22,42,4,68,4,0,4,72
05/09/2017,MVY,MA,ANE,EN,Federal Contract Tower,0,8,8,2,18,0,17,39,4,60,0,25,47,6,78,0,0,0,78
05/10/2017,MVY,MA,ANE,EN,Federal Contract Tower,0,7,1,0,8,0,22,51,0,73,0,29,52,0,81,8,0,8,89
05/11/2017,MVY,MA,ANE,EN,Federal Contract Tower,0,15,7,0,22,0,22,41,0,63,0,37,48,0,85,0,0,0,85
05/12/2017,MVY,MA,ANE,EN,Federal Contract Tower,0,33,17,0,50,0,3,0,0,3,0,36,17,0,53,0,0,0,53
05/13/2017,MVY,MA,ANE,EN,Federal Contract Tower,0,15,7,0,22,0,1,5,0,6,0,16,12,0,28,0,0,0,28
05/14/2017,MVY,MA,ANE,EN,Federal Contract Tower,0,14,13,0,27,0,0,0,0,0,0,14,13,0,27,0,0,0,27
05/15/2017,MVY,MA,ANE,EN,Federal Contract Tower,0,19,9,0,28,0,16,1,0,17,0,35,10,0,45,0,0,0,45
05/16/2017,MVY,MA,ANE,EN,Federal Contract Tower,0,11,8,0,19,0,22,64,0,86,0,33,72,0,105,0,2,2,107
05/17/2017,MVY,MA,ANE,EN,Federal Contract Tower,0,10,6,1,17,0,34,57,3,94,0,44,63,4,111,0,0,0,111
05/18/2017,MVY,MA,ANE,EN,Federal Contract Tower,0,10,2,0,12,0,22,38,0,60,0,32,40,0,72,8,0,8,80
05/19/2017,MVY,MA,ANE,EN,Federal Contract Tower,2,26,7,0,35,0,22,62,8,92,2,48,69,8,127,18,8,26,153
05/20/2017,MVY,MA,ANE,EN,Federal Contract Tower,0,11,11,0,22,0,22,91,2,115,0,33,102,2,137,6,0,6,143
05/21/2017,MVY,MA,ANE,EN,Federal Contract Tower,2,18,12,0,32,0,28,103,0,131,2,46,115,0,163,0,0,0,163
05/23/2017,MVY,MA,ANE,EN,Federal Contract Tower,0,25,14,2,41,0,9,42,2,53,0,34,56,4,94,0,0,0,94
05/24/2017,MVY,MA,ANE,EN,Federal Contract Tower,0,26,10,6,42,0,14,44,0,58,0,40,54,6,100,0,0,0,100
05/25/2017,MVY,MA,ANE,EN,Federal Contract Tower,4,54,22,0,80,0,0,0,0,0,4,54,22,0,80,0,0,0,80
05/26/2017,MVY,MA,ANE,EN,Federal Contract Tower,2,138,65,0,205,0,17,25,0,42,2,155,90,0,247,0,0,0,247
05/27/2017,MVY,MA,ANE,EN,Federal Contract Tower,2,30,20,0,52,0,17,43,0,60,2,47,63,0,112,6,0,6,118
05/28/2017,MVY,MA,ANE,EN,Federal Contract Tower,2,17,11,1,31,0,21,83,0,104,2,38,94,1,135,0,0,0,135
05/29/2017,MVY,MA,ANE,EN,Federal Contract Tower,0,150,108,0,258,0,0,0,0,0,0,150,108,0,258,0,0,0,258
05/30/2017,MVY,MA,ANE,EN,Federal Contract Tower,2,57,37,0,96,0,0,0,0,0,2,57,37,0,96,0,0,0,96
05/31/2017,MVY,MA,ANE,EN,Federal Contract Tower,0,26,12,0,38,0,0,0,0,0,0,26,12,0,38,0,0,0,38
06/01/2017,MVY,MA,ANE,EN,Federal Contract Tower,0,32,23,0,55,0,9,19,0,28,0,41,42,0,83,0,0,0,83
06/02/2017,MVY,MA,ANE,EN,Federal Contract Tower,2,28,18,0,48,0,22,61,0,83,2,50,79,0,131,0,0,0,131
06/04/2017,MVY,MA,ANE,EN,Federal Contract Tower,2,38,14,0,54,0,26,89,0,115,2,64,103,0,169,4,0,4,173
06/05/2017,MVY,MA,ANE,EN,Federal Contract Tower,0,45,21,0,66,0,0,0,0,0,0,45,21,0,66,0,0,0,66
06/06/2017,MVY,MA,ANE,EN,Federal Contract Tower,0,41,16,0,57,0,0,0,0,0,0,41,16,0,57,0,0,0,57
06/07/2017,MVY,MA,ANE,EN,Federal Contract Tower,0,26,22,0,48,0,10,42,0,52,0,36,64,0,100,0,0,0,100
06/08/2017,MVY,MA,ANE,EN,Federal Contract Tower,0,22,7,0,29,0,26,55,0,81,0,48,62,0,110,0,0,0,110
06/09/2017,MVY,MA,ANE,EN,Federal Contract Tower,0,49,15,0,64,0,40,84,0,124,0,89,99,0,188,0,0,0,188
06/10/2017,MVY,MA,ANE,EN,Federal Contract Tower,0,25,20,0,45,0,28,73,0,101,0,53,93,0,146,0,0,0,146
06/11/2017,MVY,MA,ANE,EN,Federal Contract Tower,2,32,21,0,55,0,33,99,2,134,2,65,120,2,189,0,0,0,189
06/12/2017,MVY,MA,ANE,EN,Federal Contract Tower,2,30,15,0,47,0,33,63,0,96,2,63,78,0,143,0,4,4,147
06/13/2017,MVY,MA,ANE,EN,Federal Contract Tower,2,19,18,0,39,0,33,58,0,91,2,52,76,0,130,0,0,0,130
06/14/2017,MVY,MA,ANE,EN,Federal Contract Tower,0,26,10,2,38,0,21,66,0,87,0,47,76,2,125,2,0,2,127
06/15/2017,MVY,MA,ANE,EN,Federal Contract Tower,4,24,12,0,40,0,29,80,0,109,4,53,92,0,149,8,0,8,157
06/16/2017,MVY,MA,ANE,EN,Federal Contract Tower,4,67,32,2,105,0,14,20,0,34,4,81,52,2,139,0,2,2,141
06/17/2017,MVY,MA,ANE,EN,Federal Contract Tower,2,46,36,0,84,0,0,3,0,3,2,46,39,0,87,0,0,0,87
06/18/2017,MVY,MA,ANE,EN,Federal Contract Tower,6,86,48,0,140,0,0,0,0,0,6,86,48,0,140,0,0,0,140
06/19/2017,MVY,MA,ANE,EN,Federal Contract Tower,6,22,21,6,55,0,0,0,0,0,6,22,21,6,55,0,0,0,55
06/20/2017,MVY,MA,ANE,EN,Federal Contract Tower,4,46,31,0,81,0,3,5,0,8,4,49,36,0,89,0,0,0,89
06/21/2017,MVY,MA,ANE,EN,Federal Contract Tower,4,37,29,4,74,0,13,45,0,58,4,50,74,4,132,0,0,0,132
06/22/2017,MVY,MA,ANE,EN,Federal Contract Tower,6,26,22,0,54,0,29,128,0,157,6,55,150,0,211,8,0,8,219
06/23/2017,MVY,MA,ANE,EN,Federal Contract Tower,10,69,36,0,115,0,7,30,0,37,10,76,66,0,152,0,0,0,152
06/24/2017,MVY,MA,ANE,EN,Federal Contract Tower,12,54,31,0,97,0,12,37,0,49,12,66,68,0,146,0,0,0,146
06/25/2017,MVY,MA,ANE,EN,Federal Contract Tower,10,42,31,0,83,0,58,191,0,249,10,100,222,0,332,0,0,0,332
06/26/2017,MVY,MA,ANE,EN,Federal Contract Tower,6,24,15,0,45,0,31,91,2,124,6,55,106,2,169,14,0,14,183
06/27/2017,MVY,MA,ANE,EN,Federal Contract Tower,4,30,11,0,45,0,25,34,2,61,4,55,45,2,106,24,0,24,130
06/28/2017,MVY,MA,ANE,EN,Federal Contract Tower,6,36,19,0,61,0,44,94,0,138,6,80,113,0,199,14,0,14,213
06/29/2017,MVY,MA,ANE,EN,Federal Contract Tower,6,52,18,0,76,0,54,62,0,116,6,106,80,0,192,6,0,6,198
06/30/2017,MVY,MA,ANE,EN,Federal Contract Tower,14,82,38,0,134,0,81,91,0,172,14,163,129,0,306,0,0,0,306
07/01/2017,MVY,MA,ANE,EN,Federal Contract Tower,14,99,59,0,172,0,8,10,0,18,14,107,69,0,190,0,0,0,190
07/02/2017,MVY,MA,ANE,EN,Federal Contract Tower,16,37,14,4,71,0,38,73,0,111,16,75,87,4,182,0,10,10,192
07/03/2017,MVY,MA,ANE,EN,Federal Contract Tower,4,33,33,1,71,0,45,108,0,153,4,78,141,1,224,0,0,0,224
07/04/2017,MVY,MA,ANE,EN,Federal Contract Tower,8,35,16,0,59,0,51,166,0,217,8,86,182,0,276,0,0,0,276
07/05/2017,MVY,MA,ANE,EN,Federal Contract Tower,12,44,26,0,82,0,61,131,0,192,12,105,157,0,274,6,0,6,280
07/06/2017,MVY,MA,ANE,EN,Federal Contract Tower,10,48,24,0,82,0,43,115,2,160,10,91,139,2,242,0,0,0,242
07/07/2017,MVY,MA,ANE,EN,Federal Contract Tower,6,79,52,0,137,0,0,0,0,0,6,79,52,0,137,0,0,0,137
07/08/2017,MVY,MA,ANE,EN,Federal Contract Tower,16,59,33,0,108,0,17,64,0,81,16,76,97,0,189,8,0,8,197
07/09/2017,MVY,MA,ANE,EN,Federal Contract Tower,14,74,26,0,114,0,109,220,0,329,14,183,246,0,443,8,0,8,451
07/10/2017,MVY,MA,ANE,EN,Federal Contract Tower,8,28,28,0,64,0,72,98,0,170,8,100,126,0,234,10,0,10,244
07/11/2017,MVY,MA,ANE,EN,Federal Contract Tower,8,53,33,0,94,0,6,12,0,18,8,59,45,0,112,0,0,0,112
07/12/2017,MVY,MA,ANE,EN,Federal Contract Tower,8,36,32,0,76,0,10,11,0,21,8,46,43,0,97,0,0,0,97
07/13/2017,MVY,MA,ANE,EN,Federal Contract Tower,5,74,31,0,110,0,7,9,0,16,5,81,40,0,126,4,0,4,130
07/14/2017,MVY,MA,ANE,EN,Federal Contract Tower,16,124,73,0,213,0,14,15,0,29,16,138,88,0,242,0,0,0,242
07/15/2017,MVY,MA,ANE,EN,Federal Contract Tower,14,61,45,0,120,0,6,27,0,33,14,67,72,0,153,0,0,0,153
07/16/2017,MVY,MA,ANE,EN,Federal Contract Tower,16,62,31,0,109,0,58,197,0,255,16,120,228,0,364,6,0,6,370
07/17/2017,MVY,MA,ANE,EN,Federal Contract Tower,8,106,83,0,197,0,9,17,0,26,8,115,100,0,223,0,0,0,223
07/18/2017,MVY,MA,ANE,EN,Federal Contract Tower,8,55,40,3,106,0,1,7,16,24,8,56,47,19,130,0,0,0,130
07/19/2017,MVY,MA,ANE,EN,Federal Contract Tower,8,56,39,0,103,0,10,25,0,35,8,66,64,0,138,0,0,0,138
07/20/2017,MVY,MA,ANE,EN,Federal Contract Tower,8,52,22,0,82,0,43,84,2,129,8,95,106,2,211,4,2,6,217
07/21/2017,MVY,MA,ANE,EN,Federal Contract Tower,12,61,27,0,100,0,94,131,2,227,12,155,158,2,327,0,2,2,329
07/22/2017,MVY,MA,ANE,EN,Federal Contract Tower,14,24,25,0,63,0,51,98,0,149,14,75,123,0,212,0,0,0,212
07/24/2017,MVY,MA,ANE,EN,Federal Contract Tower,8,97,48,0,153,0,9,3,0,12,8,106,51,0,165,0,0,0,165
07/25/2017,MVY,MA,ANE,EN,Federal Contract Tower,8,58,42,0,108,0,5,9,0,14,8,63,51,0,122,0,0,0,122
07/26/2017,MVY,MA,ANE,EN,Federal Contract Tower,7,28,15,0,50,0,49,97,0,146,7,77,112,0,196,8,0,8,204
07/27/2017,MVY,MA,ANE,EN,Federal Contract Tower,8,84,59,0,151,0,35,67,0,102,8,119,126,0,253,2,0,2,255
07/28/2017,MVY,MA,ANE,EN,Federal Contract Tower,12,64,44,0,120,0,78,70,0,148,12,142,114,0,268,8,0,8,276
07/29/2017,MVY,MA,ANE,EN,Federal Contract Tower,14,106,37,0,157,0,0,0,0,0,14,106,37,0,157,0,0,0,157
07/30/2017,MVY,MA,ANE,EN,Federal Contract Tower,14,70,30,0,114,0,66,154,0,220,14,136,184,0,334,0,0,0,334
07/31/2017,MVY,MA,ANE,EN,Federal Contract Tower,8,43,26,0,77,0,89,120,0,209,8,132,146,0,286,16,0,16,302
08/01/2017,MVY,MA,ANE,EN,Federal Contract Tower,8,18,18,6,50,0,44,89,0,133,8,62,107,6,183,0,0,0,183
08/02/2017,MVY,MA,ANE,EN,Federal Contract Tower,6,41,13,4,64,0,31,58,2,91,6,72,71,6,155,8,2,10,165
08/03/2017,MVY,MA,ANE,EN,Federal Contract Tower,8,45,51,0,104,0,39,65,0,104,8,84,116,0,208,0,0,0,208
08/04/2017,MVY,MA,ANE,EN,Federal Contract Tower,12,122,64,0,198,0,40,33,2,75,12,162,97,2,273,2,0,2,275
08/05/2017,MVY,MA,ANE,EN,Federal Contract Tower,14,75,43,2,134,0,1,1,0,2,14,76,44,2,136,0,0,0,136
08/06/2017,MVY,MA,ANE,EN,Federal Contract Tower,14,56,39,0,109,0,98,166,0,264,14,154,205,0,373,14,0,14,387
08/07/2017,MVY,MA,ANE,EN,Federal Contract Tower,10,67,44,8,129,0,50,64,0,114,10,117,108,8,243,22,0,22,265
08/08/2017,MVY,MA,ANE,EN,Federal Contract Tower,8,72,40,0,120,0,6,31,0,37,8,78,71,0,157,14,0,14,171
08/09/2017,MVY,MA,ANE,EN,Federal Contract Tower,8,39,41,2,90,0,43,139,0,182,8,82,180,2,272,2,0,2,274
08/10/2017,MVY,MA,ANE,EN,Federal Contract Tower,8,57,51,0,116,0,68,135,0,203,8,125,186,0,319,10,0,10,329
08/11/2017,MVY,MA,ANE,EN,Federal Contract Tower,12,94,76,0,182,0,62,97,0,159,12,156,173,0,341,0,0,0,341
08/12/2017,MVY,MA,ANE,EN,Federal Contract Tower,16,99,45,0,160,0,0,0,0,0,16,99,45,0,160,0,0,0,160
08/13/2017,MVY,MA,ANE,EN,Federal Contract Tower,14,88,71,0,173,0,50,99,0,149,14,138,170,0,322,0,0,0,322
08/14/2017,MVY,MA,ANE,EN,Federal Contract Tower,8,58,25,0,91,0,74,85,0,159,8,132,110,0,250,0,0,0,250
08/15/2017,MVY,MA,ANE,EN,Federal Contract Tower,8,66,40,0,114,0,28,62,0,90,8,94,102,0,204,0,0,0,204
08/16/2017,MVY,MA,ANE,EN,Federal Contract Tower,8,52,37,0,97,0,47,113,6,166,8,99,150,6,263,38,2,40,303
08/17/2017,MVY,MA,ANE,EN,Federal Contract Tower,8,53,37,0,98,0,65,138,0,203,8,118,175,0,301,2,0,2,303
08/18/2017,MVY,MA,ANE,EN,Federal Contract Tower,10,112,43,0,165,0,9,9,0,18,10,121,52,0,183,0,0,0,183
08/19/2017,MVY,MA,ANE,EN,Federal Contract Tower,16,61,37,0,114,0,24,46,0,70,16,85,83,0,184,10,0,10,194
08/20/2017,MVY,MA,ANE,EN,Federal Contract Tower,12,59,54,1,126,0,68,156,0,224,12,127,210,1,350,0,0,0,350
08/21/2017,MVY,MA,ANE,EN,Federal Contract Tower,8,36,28,0,72,0,65,93,0,158,8,101,121,0,230,9,0,9,239
08/22/2017,MVY,MA,ANE,EN,Federal Contract Tower,0,8,60,38,106,0,0,3,0,3,0,8,63,38,109,0,0,0,109
08/23/2017,MVY,MA,ANE,EN,Federal Contract Tower,8,46,36,0,90,0,22,27,0,49,8,68,63,0,139,6,0,6,145
08/24/2017,MVY,MA,ANE,EN,Federal Contract Tower,8,29,27,0,64,0,89,123,7,219,8,118,150,7,283,0,0,0,283
08/25/2017,MVY,MA,ANE,EN,Federal Contract Tower,12,53,32,0,97,0,85,131,0,216,12,138,163,0,313,0,0,0,313
08/26/2017,MVY,MA,ANE,EN,Federal Contract Tower,15,32,21,0,68,0,53,90,0,143,15,85,111,0,211,0,0,0,211
08/27/2017,MVY,MA,ANE,EN,Federal Contract Tower,14,41,26,0,81,0,51,100,0,151,14,92,126,0,232,0,0,0,232
08/28/2017,MVY,MA,ANE,EN,Federal Contract Tower,8,33,20,0,61,0,80,78,2,160,8,113,98,2,221,10,0,10,231
08/29/2017,MVY,MA,ANE,EN,Federal Contract Tower,8,26,19,1,54,0,24,44,1,69,8,50,63,2,123,0,0,0,123
08/30/2017,MVY,MA,ANE,EN,Federal Contract Tower,8,21,14,0,43,0,27,73,2,102,8,48,87,2,145,0,2,2,147
08/31/2017,MVY,MA,ANE,EN,Federal Contract Tower,8,47,32,0,87,0,61,79,0,140,8,108,111,0,227,0,0,0,227
09/01/2017,MVY,MA,ANE,EN,Federal Contract Tower,10,33,19,0,62,0,70,96,0,166,10,103,115,0,228,0,0,0,228
09/02/2017,MVY,MA,ANE,EN,Federal Contract Tower,15,21,15,0,51,0,40,70,0,110,15,61,85,0,161,12,0,12,173
09/04/2017,MVY,MA,ANE,EN,Federal Contract Tower,6,75,37,0,118,0,90,168,0,258,6,165,205,0,376,2,0,2,378
09/05/2017,MVY,MA,ANE,EN,Federal Contract Tower,6,36,32,2,76,0,55,55,0,110,6,91,87,2,186,8,0,8,194
09/06/2017,MVY,MA,ANE,EN,Federal Contract Tower,2,36,19,1,58,0,3,2,0,5,2,39,21,1,63,0,0,0,63
09/07/2017,MVY,MA,ANE,EN,Federal Contract Tower,2,43,22,0,67,0,19,35,6,60,2,62,57,6,127,0,4,4,131
09/08/2017,MVY,MA,ANE,EN,Federal Contract Tower,4,37,16,0,57,0,68,82,0,150,4,105,98,0,207,2,0,2,209
09/09/2017,MVY,MA,ANE,EN,Federal Contract Tower,2,38,19,0,59,0,38,65,0,103,2,76,84,0,162,0,0,0,162
09/10/2017,MVY,MA,ANE,EN,Federal Contract Tower,4,42,22,0,68,0,64,123,0,187,4,106,145,0,255,12,0,12,267
09/11/2017,MVY,MA,ANE,EN,Federal Contract Tower,2,17,11,0,30,0,39,65,0,104,2,56,76,0,134,13,0,13,147
09/12/2017,MVY,MA,ANE,EN,Federal Contract Tower,2,30,7,0,39,0,33,54,0,87,2,63,61,0,126,0,0,0,126
09/13/2017,MVY,MA,ANE,EN,Federal Contract Tower,2,19,17,0,38,0,31,70,0,101,2,50,87,0,139,12,0,12,151
09/14/2017,MVY,MA,ANE,EN,Federal Contract Tower,3,47,38,0,88,0,4,3,0,7,3,51,41,0,95,0,0,0,95
09/15/2017,MVY,MA,ANE,EN,Federal Contract Tower,4,68,46,0,118,0,15,14,0,29,4,83,60,0,147,0,0,0,147
09/16/2017,MVY,MA,ANE,EN,Federal Contract Tower,2,57,28,0,87,0,13,11,0,24,2,70,39,0,111,0,0,0,111
09/17/2017,MVY,MA,ANE,EN,Federal Contract Tower,4,94,59,0,157,0,3,17,0,20,4,97,76,0,177,2,0,2,179
09/18/2017,MVY,MA,ANE,EN,Federal Contract Tower,2,57,23,0,82,0,0,0,0,0,2,57,23,0,82,0,0,0,82
09/19/2017,MVY,MA,ANE,EN,Federal Contract Tower,2,18,1,0,21,0,0,0,0,0,2,18,1,0,21,0,0,0,21
09/20/2017,MVY,MA,ANE,EN,Federal Contract Tower,0,6,4,0,10,0,0,0,0,0,0,6,4,0,10,0,0,0,10
09/21/2017,MVY,MA,ANE,EN,Federal Contract Tower,0,6,6,0,12,0,0,2,0,2,0,6,8,0,14,0,0,0,14
09/22/2017,MVY,MA,ANE,EN,Federal Contract Tower,0,15,12,0,27,0,0,0,0,0,0,15,12,0,27,0,0,0,27
09/23/2017,MVY,MA,ANE,EN,Federal Contract Tower,2,42,21,0,65,0,0,0,0,0,2,42,21,0,65,0,0,0,65
09/25/2017,MVY,MA,ANE,EN,Federal Contract Tower,2,61,27,0,90,0,8,15,0,23,2,69,42,0,113,0,0,0,113
09/26/2017,MVY,MA,ANE,EN,Federal Contract Tower,2,30,16,0,48,0,15,16,0,31,2,45,32,0,79,0,0,0,79
09/27/2017,MVY,MA,ANE,EN,Federal Contract Tower,2,37,34,0,73,0,0,1,0,1,2,37,35,0,74,0,0,0,74
09/28/2017,MVY,MA,ANE,EN,Federal Contract Tower,2,31,13,0,46,0,32,32,2,66,2,63,45,2,112,0,0,0,112
09/29/2017,MVY,MA,ANE,EN,Federal Contract Tower,2,24,9,0,35,0,42,98,0,140,2,66,107,0,175,0,0,0,175
09/30/2017,MVY,MA,ANE,EN,Federal Contract Tower,2,22,8,1,33,0,14,9,1,24,2,36,17,2,57,0,0,0,57
10/01/2017,MVY,MA,ANE,EN,Federal Contract Tower,2,21,15,0,38,0,53,142,0,195,2,74,157,0,233,0,0,0,233
10/02/2017,MVY,MA,ANE,EN,Federal Contract Tower,2,21,7,2,32,0,31,43,0,74,2,52,50,2,106,16,0,16,122
10/03/2017,MVY,MA,ANE,EN,Federal Contract Tower,4,11,2,0,17,0,29,40,0,69,4,40,42,0,86,0,0,0,86
10/04/2017,MVY,MA,ANE,EN,Federal Contract Tower,2,23,6,2,33,0,29,46,0,75,2,52,52,2,108,6,2,8,116
10/05/2017,MVY,MA,ANE,EN,Federal Contract Tower,2,19,14,0,35,0,35,52,0,87,2,54,66,0,122,2,0,2,124
10/06/2017,MVY,MA,ANE,EN,Federal Contract Tower,2,29,19,0,50,0,58,98,0,156,2,87,117,0,206,0,0,0,206
10/07/2017,MVY,MA,ANE,EN,Federal Contract Tower,2,20,23,0,45,0,21,20,0,41,2,41,43,0,86,0,0,0,86
10/08/2017,MVY,MA,ANE,EN,Federal Contract Tower,2,46,25,0,73,0,20,6,0,26,2,66,31,0,99,0,0,0,99
10/09/2017,MVY,MA,ANE,EN,Federal Contract Tower,2,69,38,0,109,0,0,0,0,0,2,69,38,0,109,0,0,0,109
10/10/2017,MVY,MA,ANE,EN,Federal Contract Tower,2,23,9,4,38,0,40,46,0,86,2,63,55,4,124,0,4,4,128
10/11/2017,MVY,MA,ANE,EN,Federal Contract Tower,0,6,5,2,13,0,23,42,1,66,0,29,47,3,79,6,0,6,85
10/12/2017,MVY,MA,ANE,EN,Federal Contract Tower,2,12,6,0,20,0,21,19,0,40,2,33,25,0,60,0,0,0,60
10/13/2017,MVY,MA,ANE,EN,Federal Contract Tower,2,15,24,0,41,0,33,65,0,98,2,48,89,0,139,0,0,0,139
10/14/2017,MVY,MA,ANE,EN,Federal Contract Tower,0,30,19,0,49,0,2,5,0,7,0,32,24,0,56,0,0,0,56
10/15/2017,MVY,MA,ANE,EN,Federal Contract Tower,2,40,29,0,71,0,0,0,0,0,2,40,29,0,71,0,0,0,71
10/16/2017,MVY,MA,ANE,EN,Federal Contract Tower,2,14,2,0,18,0,12,17,0,29,2,26,19,0,47,4,0,4,51
10/17/2017,MVY,MA,ANE,EN,Federal Contract Tower,0,9,6,0,15,0,33,41,0,74,0,42,47,0,89,0,0,0,89
10/18/2017,MVY,MA,ANE,EN,Federal Contract Tower,0,6,6,2,14,0,24,64,0,88,0,30,70,2,102,6,14,20,122
10/19/2017,MVY,MA,ANE,EN,Federal Contract Tower,0,6,3,0,9,0,24,56,0,80,0,30,59,0,89,16,0,16,105
10/20/2017,MVY,MA,ANE,EN,Federal Contract Tower,2,14,7,4,27,0,26,53,2,81,2,40,60,6,108,0,2,2,110
10/21/2017,MVY,MA,ANE,EN,Federal Contract Tower,0,8,5,0,13,0,25,86,0,111,0,33,91,0,124,0,0,0,124
10/22/2017,MVY,MA,ANE,EN,Federal Contract Tower,2,12,16,0,30,0,33,118,0,151,2,45,134,0,181,0,0,0,181
10/23/2017,MVY,MA,ANE,EN,Federal Contract Tower,0,11,5,0,16,0,18,16,0,34,0,29,21,0,50,0,0,0,50
10/24/2017,MVY,MA,ANE,EN,Federal Contract Tower,0,17,2,0,19,0,14,5,2,21,0,31,7,2,40,0,0,0,40
10/25/2017,MVY,MA,ANE,EN,Federal Contract Tower,0,20,3,0,23,0,0,0,0,0,0,20,3,0,23,0,0,0,23
10/26/2017,MVY,MA,ANE,EN,Federal Contract Tower,0,19,16,0,35,0,1,0,0,1,0,20,16,0,36,0,0,0,36
10/27/2017,MVY,MA,ANE,EN,Federal Contract Tower,0,5,4,0,9,0,27,66,0,93,0,32,70,0,102,0,0,0,102
10/28/2017,MVY,MA,ANE,EN,Federal Contract Tower,0,9,13,0,22,0,18,88,0,106,0,27,101,0,128,0,0,0,128
10/29/2017,MVY,MA,ANE,EN,Federal Contract Tower,0,7,4,0,11,0,5,20,0,25,0,12,24,0,36,0,0,0,36
10/30/2017,MVY,MA,ANE,EN,Federal Contract Tower,0,2,0,0,2,0,3,0,0,3,0,5,0,0,5,0,0,0,5
10/31/2017,MVY,MA,ANE,EN,Federal Contract Tower,0,6,2,0,8,0,20,27,0,47,0,26,29,0,55,6,0,6,61
11/01/2017,MVY,MA,ANE,EN,Federal Contract Tower,0,4,1,2,7,0,20,34,0,54,0,24,35,2,61,0,4,4,65
11/02/2017,MVY,MA,ANE,EN,Federal Contract Tower,0,14,4,0,18,0,6,23,0,29,0,20,27,0,47,0,0,0,47
11/03/2017,MVY,MA,ANE,EN,Federal Contract Tower,0,12,7,0,19,0,0,0,0,0,0,12,7,0,19,0,0,0,19
11/04/2017,MVY,MA,ANE,EN,Federal Contract Tower,0,4,4,0,8,0,23,77,0,100,0,27,81,0,108,0,0,0,108
11/05/2017,MVY,MA,ANE,EN,Federal Contract Tower,0,14,8,0,22,0,9,86,0,95,0,23,94,0,117,0,0,0,117
11/06/2017,MVY,MA,ANE,EN,Federal Contract Tower,0,22,9,0,31,0,0,1,0,1,0,22,10,0,32,0,0,0,32
11/07/2017,MVY,MA,ANE,EN,Federal Contract Tower,0,6,4,0,10,0,13,18,0,31,0,19,22,0,41,0,0,0,41
11/08/2017,MVY,MA,ANE,EN,Federal Contract Tower,0,13,7,0,20,0,3,15,0,18,0,16,22,0,38,0,0,0,38
11/09/2017,MVY,MA,ANE,EN,Federal Contract Tower,0,3,0,0,3,0,14,36,0,50,0,17,36,0,53,0,0,0,53
11/10/2017,MVY,MA,ANE,EN,Federal Contract Tower,0,5,1,0,6,0,12,17,0,29,0,17,18,0,35,4,0,4,39
11/11/2017,MVY,MA,ANE,EN,Federal Contract Tower,0,0,3,0,3,0,21,52,0,73,0,21,55,0,76,0,0,0,76
11/12/2017,MVY,MA,ANE,EN,Federal Contract Tower,0,13,10,0,23,0,11,30,0,41,0,24,40,0,64,0,0,0,64
11/13/2017,MVY,MA,ANE,EN,Federal Contract Tower,0,12,9,0,21,0,7,4,0,11,0,19,13,0,32,0,0,0,32
11/14/2017,MVY,MA,ANE,EN,Federal Contract Tower,0,5,6,0,11,0,18,22,0,40,0,23,28,0,51,0,0,0,51
11/15/2017,MVY,MA,ANE,EN,Federal Contract Tower,0,4,2,0,6,0,18,28,0,46,0,22,30,0,52,0,0,0,52
11/16/2017,MVY,MA,ANE,EN,Federal Contract Tower,0,8,3,0,11,0,9,1,0,10,0,17,4,0,21,0,0,0,21
11/17/2017,MVY,MA,ANE,EN,Federal Contract Tower,0,4,3,4,11,0,12,9,0,21,0,16,12,4,32,0,0,0,32
11/18/2017,MVY,MA,ANE,EN,Federal Contract Tower,0,6,4,0,10,0,20,59,0,79,0,26,63,0,89,2,0,2,91
11/19/2017,MVY,MA,ANE,EN,Federal Contract Tower,0,10,2,0,12,0,2,1,0,3,0,12,3,0,15,0,0,0,15
11/20/2017,MVY,MA,ANE,EN,Federal Contract Tower,0,13,1,2,16,0,10,6,0,16,0,23,7,2,32,0,0,0,32
11/21/2017,MVY,MA,ANE,EN,Federal Contract Tower,0,8,5,0,13,0,15,26,0,41,0,23,31,0,54,0,0,0,54
11/22/2017,MVY,MA,ANE,EN,Federal Contract Tower,0,37,15,0,52,0,0,0,0,0,0,37,15,0,52,0,0,0,52
11/23/2017,MVY,MA,ANE,EN,Federal Contract Tower,0,2,0,0,2,0,15,21,0,36,0,17,21,0,38,2,0,2,40
11/24/2017,MVY,MA,ANE,EN,Federal Contract Tower,0,9,9,0,18,0,31,59,0,90,0,40,68,0,108,0,0,0,108
11/25/2017,MVY,MA,ANE,EN,Federal Contract Tower,0,7,4,0,11,0,20,69,0,89,0,27,73,0,100,2,0,2,102
11/26/2017,MVY,MA,ANE,EN,Federal Contract Tower,0,28,9,0,37,0,28,56,0,84,0,56,65,0,121,0,0,0,121
11/27/2017,MVY,MA,ANE,EN,Federal Contract Tower,0,15,2,0,17,0,9,8,0,17,0,24,10,0,34,0,2,2,36
11/28/2017,MVY,MA,ANE,EN,Federal Contract Tower,0,5,0,0,5,0,16,39,2,57,0,21,39,2,62,4,0,4,66
11/29/2017,MVY,MA,ANE,EN,Federal Contract Tower,0,4,2,0,6,0,16,34,4,54,0,20,36,4,60,0,0,0,60
11/30/2017,MVY,MA,ANE,EN,Federal Contract Tower,0,7,3,0,10,0,15,23,0,38,0,22,26,0,48,0,0,0,48
12/01/2017,MVY,MA,ANE,EN,Federal Contract Tower,0,7,4,0,11,0,16,51,0,67,0,23,55,0,78,6,0,6,84
12/02/2017,MVY,MA,ANE,EN,Federal Contract Tower,0,3,0,0,3,0,12,19,0,31,0,15,19,0,34,0,0,0,34
12/03/2017,MVY,MA,ANE,EN,Federal Contract Tower,0,3,4,0,7,0,10,33,0,43,0,13,37,0,50,8,0,8,58
12/04/2017,MVY,MA,ANE,EN,Federal Contract Tower,0,10,6,2,18,0,11,34,0,45,0,21,40,2,63,10,0,10,73
12/05/2017,MVY,MA,ANE,EN,Federal Contract Tower,0,11,8,0,19,0,4,2,0,6,0,15,10,0,25,0,0,0,25
12/06/2017,MVY,MA,ANE,EN,Federal Contract Tower,0,7,1,0,8,0,0,7,15,22,0,7,8,15,30,0,0,0,30
12/07/2017,MVY,MA,ANE,EN,Federal Contract Tower,0,7,3,0,10,0,15,35,0,50,0,22,38,0,60,6,0,6,66
12/08/2017,MVY,MA,ANE,EN,Federal Contract Tower,0,4,1,0,5,0,15,18,0,33,0,19,19,0,38,0,0,0,38
12/09/2017,MVY,MA,ANE,EN,Federal Contract Tower,0,6,0,0,6,0,3,2,0,5,0,9,2,0,11,0,0,0,11
12/10/2017,MVY,MA,ANE,EN,Federal Contract Tower,0,12,6,0,18,0,9,22,0,31,0,21,28,0,49,0,0,0,49
12/11/2017,MVY,MA,ANE,EN,Federal Contract Tower,0,4,3,0,7,0,14,21,0,35,0,18,24,0,42,0,0,0,42
12/12/2017,MVY,MA,ANE,EN,Federal Contract Tower,0,9,0,2,11,0,14,8,0,22,0,23,8,2,33,0,0,0,33
12/13/2017,MVY,MA,ANE,EN,Federal Contract Tower,0,4,0,0,4,0,11,1,0,12,0,15,1,0,16,0,0,0,16
12/14/2017,MVY,MA,ANE,EN,Federal Contract Tower,0,6,0,0,6,0,6,7,0,13,0,12,7,0,19,0,0,0,19
12/15/2017,MVY,MA,ANE,EN,Federal Contract Tower,0,3,0,0,3,0,14,20,0,34,0,17,20,0,37,0,0,0,37
12/16/2017,MVY,MA,ANE,EN,Federal Contract Tower,0,0,2,0,2,0,8,5,0,13,0,8,7,0,15,0,0,0,15
12/17/2017,MVY,MA,ANE,EN,Federal Contract Tower,0,0,9,0,9,0,8,62,0,70,0,8,71,0,79,6,0,6,85
12/18/2017,MVY,MA,ANE,EN,Federal Contract Tower,0,10,0,0,10,0,9,3,0,12,0,19,3,0,22,0,0,0,22
12/19/2017,MVY,MA,ANE,EN,Federal Contract Tower,0,4,1,0,5,0,13,20,0,33,0,17,21,0,38,2,0,2,40
12/20/2017,MVY,MA,ANE,EN,Federal Contract Tower,0,5,3,0,8,0,19,29,0,48,0,24,32,0,56,0,0,0,56
12/21/2017,MVY,MA,ANE,EN,Federal Contract Tower,0,6,3,0,9,0,17,47,6,70,0,23,50,6,79,0,0,0,79
12/22/2017,MVY,MA,ANE,EN,Federal Contract Tower,0,11,4,0,15,0,9,13,0,22,0,20,17,0,37,2,0,2,39
12/23/2017,MVY,MA,ANE,EN,Federal Contract Tower,0,14,4,0,18,0,0,0,0,0,0,14,4,0,18,0,0,0,18
12/24/2017,MVY,MA,ANE,EN,Federal Contract Tower,0,1,2,0,3,0,12,22,0,34,0,13,24,0,37,0,0,0,37
12/25/2017,MVY,MA,ANE,EN,Federal Contract Tower,0,9,0,0,9,0,0,0,0,0,0,9,0,0,9,0,0,0,9
12/26/2017,MVY,MA,ANE,EN,Federal Contract Tower,0,8,2,0,10,0,17,25,0,42,0,25,27,0,52,0,0,0,52
12/27/2017,MVY,MA,ANE,EN,Federal Contract Tower,0,1,0,0,1,0,26,7,0,33,0,27,7,0,34,0,0,0,34
12/28/2017,MVY,MA,ANE,EN,Federal Contract Tower,0,11,1,0,12,0,11,6,0,17,0,22,7,0,29,0,2,2,31
12/29/2017,MVY,MA,ANE,EN,Federal Contract Tower,0,7,2,0,9,0,15,18,0,33,0,22,20,0,42,0,0,0,42
12/30/2017,MVY,MA,ANE,EN,Federal Contract Tower,0,6,3,0,9,0,6,2,0,8,0,12,5,0,17,0,0,0,17
12/31/2017,MVY,MA,ANE,EN,Federal Contract Tower,0,0,0,0,0,0,4,7,0,11,0,4,7,0,11,0,0,0,11
01/01/2018,MVY,MA,ANE,EN,Federal Contract Tower,0,8,0,0,8,0,10,4,0,14,0,18,4,0,22,0,0,0,22
01/02/2018,MVY,MA,ANE,EN,Federal Contract Tower,0,3,2,0,5,0,11,10,0,21,0,14,12,0,26,4,0,4,30
01/03/2018,MVY,MA,ANE,EN,Federal Contract Tower,0,1,4,0,5,0,10,29,0,39,0,11,33,0,44,0,0,0,44
01/04/2018,MVY,MA,ANE,EN,Federal Contract Tower,0,0,0,0,0,0,0,0,0,0,0,0,0,0,0,0,0,0,0
01/05/2018,MVY,MA,ANE,EN,Federal Contract Tower,0,0,0,0,0,0,1,0,0,1,0,1,0,0,1,0,0,0,1
01/06/2018,MVY,MA,ANE,EN,Federal Contract Tower,0,0,0,0,0,0,6,2,0,8,0,6,2,0,8,0,0,0,8
01/07/2018,MVY,MA,ANE,EN,Federal Contract Tower,0,6,0,2,8,0,6,8,0,14,0,12,8,2,22,0,0,0,22
01/08/2018,MVY,MA,ANE,EN,Federal Contract Tower,0,6,0,0,6,0,6,7,0,13,0,12,7,0,19,0,0,0,19
01/09/2018,MVY,MA,ANE,EN,Federal Contract Tower,0,6,0,2,8,0,16,32,0,48,0,22,32,2,56,0,0,0,56
01/10/2018,MVY,MA,ANE,EN,Federal Contract Tower,0,1,0,0,1,0,15,37,0,52,0,16,37,0,53,22,0,22,75
01/11/2018,MVY,MA,ANE,EN,Federal Contract Tower,0,6,4,0,10,0,11,21,0,32,0,17,25,0,42,0,0,0,42
01/12/2018,MVY,MA,ANE,EN,Federal Contract Tower,0,14,3,0,17,0,0,0,0,0,0,14,3,0,17,0,0,0,17
01/13/2018,MVY,MA,ANE,EN,Federal Contract Tower,0,3,1,0,4,0,2,0,0,2,0,5,1,0,6,0,0,0,6
01/14/2018,MVY,MA,ANE,EN,Federal Contract Tower,0,10,1,0,11,0,9,17,0,26,0,19,18,0,37,0,0,0,37
01/15/2018,MVY,MA,ANE,EN,Federal Contract Tower,0,16,7,0,23,0,2,2,0,4,0,18,9,0,27,0,0,0,27
01/16/2018,MVY,MA,ANE,EN,Federal Contract Tower,0,8,1,0,9,0,5,12,0,17,0,13,13,0,26,0,0,0,26
01/17/2018,MVY,MA,ANE,EN,Federal Contract Tower,0,9,2,0,11,0,0,0,0,0,0,9,2,0,11,0,0,0,11
01/18/2018,MVY,MA,ANE,EN,Federal Contract Tower,0,9,0,0,9,0,6,21,0,27,0,15,21,0,36,0,0,0,36
01/19/2018,MVY,MA,ANE,EN,Federal Contract Tower,0,5,4,0,9,0,13,33,0,46,0,18,37,0,55,0,0,0,55
01/20/2018,MVY,MA,ANE,EN,Federal Contract Tower,0,1,1,0,2,0,6,13,0,19,0,7,14,0,21,0,0,0,21
01/21/2018,MVY,MA,ANE,EN,Federal Contract Tower,0,4,3,0,7,0,16,122,0,138,0,20,125,0,145,0,0,0,145
01/22/2018,MVY,MA,ANE,EN,Federal Contract Tower,0,19,2,0,21,0,0,0,0,0,0,19,2,0,21,0,0,0,21
01/23/2018,MVY,MA,ANE,EN,Federal Contract Tower,0,7,0,0,7,0,0,0,0,0,0,7,0,0,7,0,0,0,7
01/24/2018,MVY,MA,ANE,EN,Federal Contract Tower,0,8,0,2,10,0,6,21,2,29,0,14,21,4,39,0,0,0,39
01/25/2018,MVY,MA,ANE,EN,Federal Contract Tower,0,8,0,0,8,0,10,25,0,35,0,18,25,0,43,0,0,0,43
01/26/2018,MVY,MA,ANE,EN,Federal Contract Tower,0,8,2,0,10,0,8,23,0,31,0,16,25,0,41,6,0,6,47
01/27/2018,MVY,MA,ANE,EN,Federal Contract Tower,0,0,4,0,4,0,12,18,0,30,0,12,22,0,34,0,0,0,34
01/28/2018,MVY,MA,ANE,EN,Federal Contract Tower,0,9,4,0,13,0,0,0,0,0,0,9,4,0,13,0,0,0,13
01/29/2018,MVY,MA,ANE,EN,Federal Contract Tower,0,7,3,0,10,0,11,8,0,19,0,18,11,0,29,0,0,0,29
01/30/2018,MVY,MA,ANE,EN,Federal Contract Tower,0,0,0,0,0,0,0,0,0,0,0,0,0,0,0,0,0,0,0
01/31/2018,MVY,MA,ANE,EN,Federal Contract Tower,0,5,0,0,5,0,5,18,0,23,0,10,18,0,28,4,0,4,32
02/01/2018,MVY,MA,ANE,EN,Federal Contract Tower,0,9,2,0,11,0,10,16,0,26,0,19,18,0,37,0,0,0,37
02/02/2018,MVY,MA,ANE,EN,Federal Contract Tower,0,5,2,0,7,0,6,11,0,17,0,11,13,0,24,0,0,0,24
02/03/2018,MVY,MA,ANE,EN,Federal Contract Tower,0,5,3,0,8,0,17,20,0,37,0,22,23,0,45,0,0,0,45
02/04/2018,MVY,MA,ANE,EN,Federal Contract Tower,0,3,2,0,5,0,4,4,0,8,0,7,6,0,13,0,0,0,13
02/05/2018,MVY,MA,ANE,EN,Federal Contract Tower,0,4,3,0,7,0,2,6,0,8,0,6,9,0,15,0,0,0,15
02/06/2018,MVY,MA,ANE,EN,Federal Contract Tower,0,10,1,0,11,0,7,6,0,13,0,17,7,0,24,0,0,0,24
02/07/2018,MVY,MA,ANE,EN,Federal Contract Tower,0,5,0,0,5,0,4,0,0,4,0,9,0,0,9,0,0,0,9
02/08/2018,MVY,MA,ANE,EN,Federal Contract Tower,0,12,0,0,12,0,11,7,2,20,0,23,7,2,32,0,0,0,32
02/09/2018,MVY,MA,ANE,EN,Federal Contract Tower,0,5,1,0,6,0,9,13,0,22,0,14,14,0,28,0,0,0,28
02/10/2018,MVY,MA,ANE,EN,Federal Contract Tower,0,7,1,0,8,0,7,5,0,12,0,14,6,0,20,6,0,6,26
02/11/2018,MVY,MA,ANE,EN,Federal Contract Tower,0,7,1,0,8,0,0,0,0,0,0,7,1,0,8,0,0,0,8
02/12/2018,MVY,MA,ANE,EN,Federal Contract Tower,0,15,2,0,17,0,3,6,0,9,0,18,8,0,26,0,0,0,26
02/13/2018,MVY,MA,ANE,EN,Federal Contract Tower,0,5,0,0,5,0,23,40,4,67,0,28,40,4,72,0,0,0,72
02/14/2018,MVY,MA,ANE,EN,Federal Contract Tower,0,20,11,0,31,0,1,2,0,3,0,21,13,0,34,0,0,0,34
02/15/2018,MVY,MA,ANE,EN,Federal Contract Tower,0,19,8,0,27,0,0,0,0,0,0,19,8,0,27,0,0,0,27
02/16/2018,MVY,MA,ANE,EN,Federal Contract Tower,0,10,8,0,18,0,0,5,3,8,0,10,13,3,26,0,0,0,26
02/17/2018,MVY,MA,ANE,EN,Federal Contract Tower,0,3,1,0,4,0,18,95,0,113,0,21,96,0,117,0,0,0,117
02/18/2018,MVY,MA,ANE,EN,Federal Contract Tower,0,7,6,0,13,0,7,17,0,24,0,14,23,0,37,6,0,6,43
02/19/2018,MVY,MA,ANE,EN,Federal Contract Tower,0,9,2,0,11,0,8,26,0,34,0,17,28,0,45,0,0,0,45
02/20/2018,MVY,MA,ANE,EN,Federal Contract Tower,0,17,10,0,27,0,0,0,0,0,0,17,10,0,27,0,0,0,27
02/21/2018,MVY,MA,ANE,EN,Federal Contract Tower,0,5,10,0,15,0,0,0,0,0,0,5,10,0,15,0,0,0,15
02/22/2018,MVY,MA,ANE,EN,Federal Contract Tower,0,12,3,0,15,0,9,1,0,10,0,21,4,0,25,0,0,0,25
02/23/2018,MVY,MA,ANE,EN,Federal Contract Tower,0,7,4,0,11,0,9,20,0,29,0,16,24,0,40,6,0,6,46
02/24/2018,MVY,MA,ANE,EN,Federal Contract Tower,0,8,3,0,11,0,9,32,0,41,0,17,35,0,52,0,0,0,52
02/25/2018,MVY,MA,ANE,EN,Federal Contract Tower,0,5,2,0,7,0,0,0,0,0,0,5,2,0,7,0,0,0,7
02/26/2018,MVY,MA,ANE,EN,Federal Contract Tower,0,9,7,0,16,0,2,19,0,21,0,11,26,0,37,0,0,0,37
02/27/2018,MVY,MA,ANE,EN,Federal Contract Tower,0,6,2,0,8,0,9,38,0,47,0,15,40,0,55,4,0,4,59
02/28/2018,MVY,MA,ANE,EN,Federal Contract Tower,0,9,7,2,18,0,6,23,2,31,0,15,30,4,49,0,0,0,49
03/01/2018,MVY,MA,ANE,EN,Federal Contract Tower,0,11,3,0,14,0,8,16,0,24,0,19,19,0,38,0,0,0,38
03/02/2018,MVY,MA,ANE,EN,Federal Contract Tower,0,0,0,0,0,0,0,0,0,0,0,0,0,0,0,0,0,0,0
03/03/2018,MVY,MA,ANE,EN,Federal Contract Tower,0,2,0,0,2,0,0,0,0,0,0,2,0,0,2,0,0,0,2
03/04/2018,MVY,MA,ANE,EN,Federal Contract Tower,0,13,3,0,16,0,0,1,0,1,0,13,4,0,17,0,0,0,17
03/05/2018,MVY,MA,ANE,EN,Federal Contract Tower,0,15,0,0,15,0,2,0,0,2,0,17,0,0,17,0,0,0,17
03/06/2018,MVY,MA,ANE,EN,Federal Contract Tower,0,12,6,0,18,0,5,14,0,19,0,17,20,0,37,0,0,0,37
03/07/2018,MVY,MA,ANE,EN,Federal Contract Tower,0,13,1,0,14,0,2,0,0,2,0,15,1,0,16,0,0,0,16
03/08/2018,MVY,MA,ANE,EN,Federal Contract Tower,0,12,2,0,14,0,0,0,0,0,0,12,2,0,14,0,0,0,14
03/09/2018,MVY,MA,ANE,EN,Federal Contract Tower,0,13,1,0,14,0,6,16,0,22,0,19,17,0,36,0,0,0,36
03/10/2018,MVY,MA,ANE,EN,Federal Contract Tower,0,3,0,0,3,0,10,13,0,23,0,13,13,0,26,0,0,0,26
03/11/2018,MVY,MA,ANE,EN,Federal Contract Tower,0,1,5,0,6,0,11,74,0,85,0,12,79,0,91,0,0,0,91
03/12/2018,MVY,MA,ANE,EN,Federal Contract Tower,0,9,2,1,12,0,4,22,1,27,0,13,24,2,39,0,0,0,39
03/13/2018,MVY,MA,ANE,EN,Federal Contract Tower,0,0,0,0,0,0,0,0,0,0,0,0,0,0,0,0,0,0,0
03/14/2018,MVY,MA,ANE,EN,Federal Contract Tower,0,2,0,0,2,0,0,0,0,0,0,2,0,0,2,0,0,0,2
03/15/2018,MVY,MA,ANE,EN,Federal Contract Tower,0,14,7,0,21,0,7,0,2,9,0,21,7,2,30,0,0,0,30
03/16/2018,MVY,MA,ANE,EN,Federal Contract Tower,0,7,1,0,8,0,15,23,1,39,0,22,24,1,47,2,0,2,49
03/17/2018,MVY,MA,ANE,EN,Federal Contract Tower,0,1,0,0,1,0,10,6,0,16,0,11,6,0,17,0,0,0,17
03/18/2018,MVY,MA,ANE,EN,Federal Contract Tower,0,1,2,0,3,0,9,41,0,50,0,10,43,0,53,6,0,6,59
03/19/2018,MVY,MA,ANE,EN,Federal Contract Tower,0,5,3,0,8,0,12,19,0,31,0,17,22,0,39,0,0,0,39
03/20/2018,MVY,MA,ANE,EN,Federal Contract Tower,0,5,4,0,9,0,9,28,0,37,0,14,32,0,46,0,0,0,46
03/21/2018,MVY,MA,ANE,EN,Federal Contract Tower,0,2,1,0,3,0,5,1,0,6,0,7,2,0,9,0,0,0,9
03/22/2018,MVY,MA,ANE,EN,Federal Contract Tower,0,0,0,0,0,0,0,0,0,0,0,0,0,0,0,0,0,0,0
03/23/2018,MVY,MA,ANE,EN,Federal Contract Tower,0,14,4,0,18,0,16,33,0,49,0,30,37,0,67,2,0,2,69
03/24/2018,MVY,MA,ANE,EN,Federal Contract Tower,0,3,0,0,3,0,16,51,0,67,0,19,51,0,70,8,0,8,78
03/25/2018,MVY,MA,ANE,EN,Federal Contract Tower,0,12,4,0,16,0,0,2,0,2,0,12,6,0,18,0,0,0,18
03/26/2018,MVY,MA,ANE,EN,Federal Contract Tower,0,3,0,0,3,0,8,14,0,22,0,11,14,0,25,0,0,0,25
03/27/2018,MVY,MA,ANE,EN,Federal Contract Tower,0,2,0,1,3,0,9,15,1,25,0,11,15,2,28,0,0,0,28
03/28/2018,MVY,MA,ANE,EN,Federal Contract Tower,0,10,2,0,12,0,10,24,2,36,0,20,26,2,48,46,2,48,96
03/29/2018,MVY,MA,ANE,EN,Federal Contract Tower,0,13,8,0,21,0,8,18,0,26,0,21,26,0,47,6,0,6,53
03/30/2018,MVY,MA,ANE,EN,Federal Contract Tower,0,19,10,0,29,0,0,0,0,0,0,19,10,0,29,0,0,0,29
03/31/2018,MVY,MA,ANE,EN,Federal Contract Tower,0,4,4,0,8,0,23,91,0,114,0,27,95,0,122,0,0,0,122
04/01/2018,MVY,MA,ANE,EN,Federal Contract Tower,0,9,2,0,11,0,9,6,0,15,0,18,8,0,26,0,0,0,26
04/02/2018,MVY,MA,ANE,EN,Federal Contract Tower,0,21,6,0,27,0,0,0,0,0,0,21,6,0,27,0,0,0,27
04/03/2018,MVY,MA,ANE,EN,Federal Contract Tower,0,15,0,0,15,0,6,3,0,9,0,21,3,0,24,0,0,0,24
04/04/2018,MVY,MA,ANE,EN,Federal Contract Tower,0,6,3,0,9,0,0,0,0,0,0,6,3,0,9,0,0,0,9
04/05/2018,MVY,MA,ANE,EN,Federal Contract Tower,0,17,5,0,22,0,11,19,0,30,0,28,24,0,52,0,0,0,52
04/06/2018,MVY,MA,ANE,EN,Federal Contract Tower,0,13,4,0,17,0,5,6,0,11,0,18,10,0,28,0,0,0,28
04/07/2018,MVY,MA,ANE,EN,Federal Contract Tower,0,10,7,0,17,0,15,18,0,33,0,25,25,0,50,0,0,0,50
04/08/2018,MVY,MA,ANE,EN,Federal Contract Tower,0,8,3,0,11,0,3,33,0,36,0,11,36,0,47,6,0,6,53
04/09/2018,MVY,MA,ANE,EN,Federal Contract Tower,0,5,5,2,12,0,14,31,2,47,0,19,36,4,59,0,0,0,59
04/10/2018,MVY,MA,ANE,EN,Federal Contract Tower,0,11,0,0,11,0,10,4,0,14,0,21,4,0,25,0,0,0,25
04/11/2018,MVY,MA,ANE,EN,Federal Contract Tower,0,12,3,0,15,0,4,36,0,40,0,16,39,0,55,0,0,0,55
04/12/2018,MVY,MA,ANE,EN,Federal Contract Tower,0,6,10,2,18,0,14,19,0,33,0,20,29,2,51,0,0,0,51
04/13/2018,MVY,MA,ANE,EN,Federal Contract Tower,0,8,7,0,15,0,15,22,0,37,0,23,29,0,52,0,0,0,52
04/14/2018,MVY,MA,ANE,EN,Federal Contract Tower,0,10,10,0,20,0,10,47,0,57,0,20,57,0,77,0,0,0,77
04/15/2018,MVY,MA,ANE,EN,Federal Contract Tower,0,5,2,0,7,0,0,1,0,1,0,5,3,0,8,0,0,0,8
04/16/2018,MVY,MA,ANE,EN,Federal Contract Tower,0,10,2,0,12,0,0,0,0,0,0,10,2,0,12,0,0,0,12
04/17/2018,MVY,MA,ANE,EN,Federal Contract Tower,0,13,0,2,15,0,11,12,0,23,0,24,12,2,38,4,0,4,42
04/18/2018,MVY,MA,ANE,EN,Federal Contract Tower,0,10,5,0,15,0,12,19,0,31,0,22,24,0,46,2,0,2,48
04/19/2018,MVY,MA,ANE,EN,Federal Contract Tower,0,16,4,0,20,0,5,1,0,6,0,21,5,0,26,0,0,0,26
04/20/2018,MVY,MA,ANE,EN,Federal Contract Tower,0,4,4,2,10,0,22,50,0,72,0,26,54,2,82,0,0,0,82
04/21/2018,MVY,MA,ANE,EN,Federal Contract Tower,0,4,2,0,6,0,21,82,0,103,0,25,84,0,109,0,0,0,109
04/22/2018,MVY,MA,ANE,EN,Federal Contract Tower,0,8,15,0,23,0,16,166,0,182,0,24,181,0,205,0,0,0,205
04/23/2018,MVY,MA,ANE,EN,Federal Contract Tower,0,9,3,0,12,0,12,32,0,44,0,21,35,0,56,0,0,0,56
04/24/2018,MVY,MA,ANE,EN,Federal Contract Tower,0,5,1,0,6,0,17,46,0,63,0,22,47,0,69,0,0,0,69
04/25/2018,MVY,MA,ANE,EN,Federal Contract Tower,0,10,3,0,13,0,2,0,0,2,0,12,3,0,15,0,0,0,15
04/26/2018,MVY,MA,ANE,EN,Federal Contract Tower,0,11,2,2,15,0,3,10,0,13,0,14,12,2,28,0,0,0,28
04/27/2018,MVY,MA,ANE,EN,Federal Contract Tower,0,8,9,0,17,0,4,21,0,25,0,12,30,0,42,0,0,0,42
04/28/2018,MVY,MA,ANE,EN,Federal Contract Tower,0,5,6,0,11,0,7,7,0,14,0,12,13,0,25,0,0,0,25
04/29/2018,MVY,MA,ANE,EN,Federal Contract Tower,0,14,9,0,23,0,10,29,0,39,0,24,38,0,62,0,0,0,62
04/30/2018,MVY,MA,ANE,EN,Federal Contract Tower,0,15,11,0,26,0,8,18,0,26,0,23,29,0,52,0,0,0,52
05/01/2018,MVY,MA,ANE,EN,Federal Contract Tower,0,3,2,0,5,0,18,33,2,53,0,21,35,2,58,0,0,0,58
05/02/2018,MVY,MA,ANE,EN,Federal Contract Tower,0,11,3,2,16,0,10,47,0,57,0,21,50,2,73,0,0,0,73
05/03/2018,MVY,MA,ANE,EN,Federal Contract Tower,0,8,6,0,14,0,7,17,26,50,0,15,23,26,64,6,2,8,72
05/04/2018,MVY,MA,ANE,EN,Federal Contract Tower,0,15,6,0,21,0,13,29,0,42,0,28,35,0,63,2,0,2,65
05/05/2018,MVY,MA,ANE,EN,Federal Contract Tower,0,15,1,0,16,0,19,51,0,70,0,34,52,0,86,0,0,0,86
05/06/2018,MVY,MA,ANE,EN,Federal Contract Tower,0,4,5,0,9,0,12,12,0,24,0,16,17,0,33,0,0,0,33
05/07/2018,MVY,MA,ANE,EN,Federal Contract Tower,0,18,7,0,25,0,12,35,0,47,0,30,42,0,72,0,0,0,72
05/08/2018,MVY,MA,ANE,EN,Federal Contract Tower,0,15,4,0,19,0,2,18,0,20,0,17,22,0,39,16,0,16,55
05/09/2018,MVY,MA,ANE,EN,Federal Contract Tower,0,17,6,0,23,0,5,22,0,27,0,22,28,0,50,0,0,0,50
05/10/2018,MVY,MA,ANE,EN,Federal Contract Tower,0,22,21,0,43,0,0,9,0,9,0,22,30,0,52,0,0,0,52
05/11/2018,MVY,MA,ANE,EN,Federal Contract Tower,0,9,11,2,22,0,16,42,2,60,0,25,53,4,82,0,0,0,82
05/12/2018,MVY,MA,ANE,EN,Federal Contract Tower,0,20,14,0,34,0,6,0,0,6,0,26,14,0,40,0,0,0,40
05/13/2018,MVY,MA,ANE,EN,Federal Contract Tower,0,17,21,0,38,0,0,4,0,4,0,17,25,0,42,0,0,0,42
05/14/2018,MVY,MA,ANE,EN,Federal Contract Tower,0,24,15,0,39,0,4,13,0,17,0,28,28,0,56,12,0,12,68
05/15/2018,MVY,MA,ANE,EN,Federal Contract Tower,0,26,14,1,41,0,5,10,0,15,0,31,24,1,56,0,0,0,56
05/16/2018,MVY,MA,ANE,EN,Federal Contract Tower,0,18,4,0,22,0,7,12,0,19,0,25,16,0,41,0,0,0,41
05/17/2018,MVY,MA,ANE,EN,Federal Contract Tower,9,26,15,2,52,0,0,1,0,1,9,26,16,2,53,0,0,0,53
05/18/2018,MVY,MA,ANE,EN,Federal Contract Tower,2,24,14,2,42,0,26,28,0,54,2,50,42,2,96,0,0,0,96
05/19/2018,MVY,MA,ANE,EN,Federal Contract Tower,0,0,0,0,0,0,0,0,0,0,0,0,0,0,0,0,0,0,0
05/20/2018,MVY,MA,ANE,EN,Federal Contract Tower,2,27,17,0,46,0,0,0,0,0,2,27,17,0,46,0,0,0,46
05/21/2018,MVY,MA,ANE,EN,Federal Contract Tower,0,14,10,0,24,0,30,81,0,111,0,44,91,0,135,6,0,6,141
05/22/2018,MVY,MA,ANE,EN,Federal Contract Tower,0,12,6,0,18,0,14,41,4,59,0,26,47,4,77,8,0,8,85
05/23/2018,MVY,MA,ANE,EN,Federal Contract Tower,0,38,15,0,53,0,22,40,0,62,0,60,55,0,115,0,0,0,115
05/24/2018,MVY,MA,ANE,EN,Federal Contract Tower,2,59,14,0,75,0,53,59,0,112,2,112,73,0,187,10,0,10,197
05/25/2018,MVY,MA,ANE,EN,Federal Contract Tower,2,56,16,0,74,0,80,124,0,204,2,136,140,0,278,0,0,0,278
05/26/2018,MVY,MA,ANE,EN,Federal Contract Tower,2,25,19,0,46,0,43,122,0,165,2,68,141,0,211,0,6,6,217
05/27/2018,MVY,MA,ANE,EN,Federal Contract Tower,2,45,22,0,69,0,0,0,0,0,2,45,22,0,69,0,0,0,69
05/28/2018,MVY,MA,ANE,EN,Federal Contract Tower,2,126,53,4,185,0,4,8,0,12,2,130,61,4,197,18,0,18,215
05/29/2018,MVY,MA,ANE,EN,Federal Contract Tower,2,54,27,0,83,0,22,47,0,69,2,76,74,0,152,0,0,0,152
05/30/2018,MVY,MA,ANE,EN,Federal Contract Tower,0,13,7,0,20,0,23,41,2,66,0,36,48,2,86,22,0,22,108
05/31/2018,MVY,MA,ANE,EN,Federal Contract Tower,0,27,7,0,34,0,36,43,0,79,0,63,50,0,113,0,0,0,113
06/01/2018,MVY,MA,ANE,EN,Federal Contract Tower,2,40,25,0,67,0,0,0,0,0,2,40,25,0,67,0,0,0,67
06/02/2018,MVY,MA,ANE,EN,Federal Contract Tower,0,26,20,0,46,0,19,31,0,50,0,45,51,0,96,0,0,0,96
06/03/2018,MVY,MA,ANE,EN,Federal Contract Tower,2,39,24,0,65,0,22,50,0,72,2,61,74,0,137,0,0,0,137
06/04/2018,MVY,MA,ANE,EN,Federal Contract Tower,0,47,11,0,58,0,0,0,0,0,0,47,11,0,58,0,0,0,58
06/05/2018,MVY,MA,ANE,EN,Federal Contract Tower,0,35,8,0,43,0,2,12,2,16,0,37,20,2,59,0,0,0,59
06/06/2018,MVY,MA,ANE,EN,Federal Contract Tower,0,30,6,2,38,0,16,14,9,39,0,46,20,11,77,0,10,10,87
06/07/2018,MVY,MA,ANE,EN,Federal Contract Tower,0,23,15,0,38,0,47,47,2,96,0,70,62,2,134,4,0,4,138
06/08/2018,MVY,MA,ANE,EN,Federal Contract Tower,4,33,17,0,54,0,53,126,0,179,4,86,143,0,233,24,0,24,257
06/09/2018,MVY,MA,ANE,EN,Federal Contract Tower,2,17,17,0,36,0,22,48,0,70,2,39,65,0,106,0,0,0,106
06/10/2018,MVY,MA,ANE,EN,Federal Contract Tower,4,33,18,0,55,0,49,91,0,140,4,82,109,0,195,2,0,2,197
06/11/2018,MVY,MA,ANE,EN,Federal Contract Tower,2,15,7,0,24,0,44,64,0,108,2,59,71,0,132,0,0,0,132
06/12/2018,MVY,MA,ANE,EN,Federal Contract Tower,2,13,11,2,28,0,34,55,0,89,2,47,66,2,117,0,0,0,117
06/13/2018,MVY,MA,ANE,EN,Federal Contract Tower,2,41,12,0,55,0,20,6,0,26,2,61,18,0,81,0,0,0,81
06/14/2018,MVY,MA,ANE,EN,Federal Contract Tower,4,42,21,0,67,0,54,57,0,111,4,96,78,0,178,0,0,0,178
06/15/2018,MVY,MA,ANE,EN,Federal Contract Tower,8,72,52,0,132,0,19,37,0,56,8,91,89,0,188,0,0,0,188
06/16/2018,MVY,MA,ANE,EN,Federal Contract Tower,4,22,13,0,39,0,35,90,0,125,4,57,103,0,164,0,0,0,164
06/17/2018,MVY,MA,ANE,EN,Federal Contract Tower,8,46,28,0,82,0,42,111,0,153,8,88,139,0,235,0,0,0,235
06/20/2018,MVY,MA,ANE,EN,Federal Contract Tower,4,20,11,0,35,0,27,34,2,63,4,47,45,2,98,0,0,0,98
06/21/2018,MVY,MA,ANE,EN,Federal Contract Tower,6,60,21,0,87,0,55,51,0,106,6,115,72,0,193,0,0,0,193
06/22/2018,MVY,MA,ANE,EN,Federal Contract Tower,12,53,33,0,98,0,74,126,0,200,12,127,159,0,298,0,0,0,298
06/23/2018,MVY,MA,ANE,EN,Federal Contract Tower,12,49,25,1,87,0,2,0,0,2,12,51,25,1,89,0,0,0,89
06/24/2018,MVY,MA,ANE,EN,Federal Contract Tower,14,100,68,0,182,0,0,0,0,0,14,100,68,0,182,0,0,0,182
06/25/2018,MVY,MA,ANE,EN,Federal Contract Tower,10,64,27,0,101,0,30,34,5,69,10,94,61,5,170,12,0,12,182
06/26/2018,MVY,MA,ANE,EN,Federal Contract Tower,8,26,13,0,47,0,50,84,0,134,8,76,97,0,181,10,0,10,191
06/27/2018,MVY,MA,ANE,EN,Federal Contract Tower,8,29,16,0,53,0,31,59,4,94,8,60,75,4,147,16,4,20,167
06/28/2018,MVY,MA,ANE,EN,Federal Contract Tower,10,87,37,0,134,0,0,0,0,0,10,87,37,0,134,0,0,0,134
06/29/2018,MVY,MA,ANE,EN,Federal Contract Tower,12,55,22,0,89,0,101,136,0,237,12,156,158,0,326,12,0,12,338
06/30/2018,MVY,MA,ANE,EN,Federal Contract Tower,14,30,26,0,70,0,79,155,0,234,14,109,181,0,304,0,0,0,304
07/01/2018,MVY,MA,ANE,EN,Federal Contract Tower,16,44,30,0,90,0,43,139,0,182,16,87,169,0,272,0,0,0,272
07/02/2018,MVY,MA,ANE,EN,Federal Contract Tower,10,36,18,0,64,0,66,87,0,153,10,102,105,0,217,8,8,16,233
07/03/2018,MVY,MA,ANE,EN,Federal Contract Tower,10,83,42,0,135,0,25,44,0,69,10,108,86,0,204,0,0,0,204
07/04/2018,MVY,MA,ANE,EN,Federal Contract Tower,10,23,27,0,60,0,48,94,0,142,10,71,121,0,202,0,0,0,202
07/05/2018,MVY,MA,ANE,EN,Federal Contract Tower,10,84,74,0,168,0,11,24,0,35,10,95,98,0,203,28,0,28,231
07/06/2018,MVY,MA,ANE,EN,Federal Contract Tower,12,82,21,0,115,0,17,14,0,31,12,99,35,0,146,0,0,0,146
07/07/2018,MVY,MA,ANE,EN,Federal Contract Tower,15,40,14,0,69,0,70,150,0,220,15,110,164,0,289,0,0,0,289
07/08/2018,MVY,MA,ANE,EN,Federal Contract Tower,14,63,36,0,113,0,103,223,0,326,14,166,259,0,439,4,0,4,443
07/09/2018,MVY,MA,ANE,EN,Federal Contract Tower,10,41,15,0,66,0,70,88,0,158,10,111,103,0,224,0,0,0,224
07/10/2018,MVY,MA,ANE,EN,Federal Contract Tower,8,37,10,4,59,0,36,89,8,133,8,73,99,12,192,40,4,44,236
07/11/2018,MVY,MA,ANE,EN,Federal Contract Tower,10,47,17,1,75,0,30,49,1,80,10,77,66,2,155,0,0,0,155
07/12/2018,MVY,MA,ANE,EN,Federal Contract Tower,10,49,28,2,89,0,61,79,0,140,10,110,107,2,229,12,0,12,241
07/13/2018,MVY,MA,ANE,EN,Federal Contract Tower,12,56,30,0,98,0,57,97,0,154,12,113,127,0,252,2,0,2,254
07/14/2018,MVY,MA,ANE,EN,Federal Contract Tower,14,33,13,0,60,0,73,145,0,218,14,106,158,0,278,0,0,0,278
07/15/2018,MVY,MA,ANE,EN,Federal Contract Tower,14,74,39,0,127,0,53,61,0,114,14,127,100,0,241,0,0,0,241
07/16/2018,MVY,MA,ANE,EN,Federal Contract Tower,8,61,27,0,96,0,38,53,0,91,8,99,80,0,187,2,0,2,189
07/17/2018,MVY,MA,ANE,EN,Federal Contract Tower,8,68,19,0,95,0,0,0,0,0,8,68,19,0,95,0,0,0,95
07/18/2018,MVY,MA,ANE,EN,Federal Contract Tower,8,74,32,0,114,0,35,68,0,103,8,109,100,0,217,0,0,0,217
07/19/2018,MVY,MA,ANE,EN,Federal Contract Tower,10,49,19,0,78,0,67,108,2,177,10,116,127,2,255,0,0,0,255
07/20/2018,MVY,MA,ANE,EN,Federal Contract Tower,12,55,23,0,90,0,95,138,0,233,12,150,161,0,323,0,0,0,323
07/21/2018,MVY,MA,ANE,EN,Federal Contract Tower,14,67,43,2,126,0,18,35,0,53,14,85,78,2,179,0,0,0,179
07/22/2018,MVY,MA,ANE,EN,Federal Contract Tower,11,105,67,0,183,0,1,9,0,10,11,106,76,0,193,0,0,0,193
07/23/2018,MVY,MA,ANE,EN,Federal Contract Tower,9,91,41,0,141,0,31,52,0,83,9,122,93,0,224,0,0,0,224
07/24/2018,MVY,MA,ANE,EN,Federal Contract Tower,8,60,12,0,80,0,23,44,0,67,8,83,56,0,147,0,0,0,147
07/25/2018,MVY,MA,ANE,EN,Federal Contract Tower,10,69,18,0,97,0,12,22,0,34,10,81,40,0,131,16,0,16,147
07/26/2018,MVY,MA,ANE,EN,Federal Contract Tower,12,105,63,0,180,0,1,1,0,2,12,106,64,0,182,0,0,0,182
07/27/2018,MVY,MA,ANE,EN,Federal Contract Tower,10,130,66,0,206,0,17,10,0,27,10,147,76,0,233,0,0,0,233
07/28/2018,MVY,MA,ANE,EN,Federal Contract Tower,14,67,56,0,137,0,10,4,0,14,14,77,60,0,151,0,0,0,151
07/29/2018,MVY,MA,ANE,EN,Federal Contract Tower,14,65,42,0,121,0,84,145,0,229,14,149,187,0,350,0,0,0,350
07/30/2018,MVY,MA,ANE,EN,Federal Contract Tower,12,55,13,0,80,0,78,77,0,155,12,133,90,0,235,6,0,6,241
07/31/2018,MVY,MA,ANE,EN,Federal Contract Tower,10,48,32,0,90,0,38,57,0,95,10,86,89,0,185,14,0,14,199
08/01/2018,MVY,MA,ANE,EN,Federal Contract Tower,10,74,56,2,142,0,8,1,0,9,10,82,57,2,151,0,0,0,151
08/02/2018,MVY,MA,ANE,EN,Federal Contract Tower,10,139,77,0,226,0,3,10,0,13,10,142,87,0,239,0,0,0,239
08/03/2018,MVY,MA,ANE,EN,Federal Contract Tower,10,134,96,0,240,0,7,3,0,10,10,141,99,0,250,0,0,0,250
08/04/2018,MVY,MA,ANE,EN,Federal Contract Tower,15,76,52,0,143,0,0,0,0,0,15,76,52,0,143,0,0,0,143
08/05/2018,MVY,MA,ANE,EN,Federal Contract Tower,14,81,42,0,137,0,86,219,0,305,14,167,261,0,442,0,0,0,442
08/06/2018,MVY,MA,ANE,EN,Federal Contract Tower,8,56,44,0,108,0,72,99,0,171,8,128,143,0,279,6,0,6,285
08/07/2018,MVY,MA,ANE,EN,Federal Contract Tower,10,59,23,3,95,0,46,77,0,123,10,105,100,3,218,30,0,30,248
08/08/2018,MVY,MA,ANE,EN,Federal Contract Tower,7,76,48,0,131,0,25,54,0,79,7,101,102,0,210,4,0,4,214
08/09/2018,MVY,MA,ANE,EN,Federal Contract Tower,10,82,46,0,138,0,55,44,0,99,10,137,90,0,237,0,0,0,237
08/10/2018,MVY,MA,ANE,EN,Federal Contract Tower,12,55,28,0,95,0,85,150,0,235,12,140,178,0,330,8,0,8,338
08/11/2018,MVY,MA,ANE,EN,Federal Contract Tower,14,70,36,0,120,0,32,37,0,69,14,102,73,0,189,10,0,10,199
08/12/2018,MVY,MA,ANE,EN,Federal Contract Tower,14,82,64,0,160,0,39,34,0,73,14,121,98,0,233,0,0,0,233
08/13/2018,MVY,MA,ANE,EN,Federal Contract Tower,14,116,57,0,187,0,0,0,0,0,14,116,57,0,187,0,0,0,187
08/14/2018,MVY,MA,ANE,EN,Federal Contract Tower,10,86,37,0,133,0,22,34,0,56,10,108,71,0,189,10,0,10,199
08/15/2018,MVY,MA,ANE,EN,Federal Contract Tower,12,80,25,0,117,0,40,51,0,91,12,120,76,0,208,10,0,10,218
08/16/2018,MVY,MA,ANE,EN,Federal Contract Tower,10,52,33,1,96,0,85,92,2,179,10,137,125,3,275,16,0,16,291
08/17/2018,MVY,MA,ANE,EN,Federal Contract Tower,11,77,45,0,133,0,51,70,0,121,11,128,115,0,254,8,0,8,262
08/18/2018,MVY,MA,ANE,EN,Federal Contract Tower,15,73,40,0,128,0,17,27,0,44,15,90,67,0,172,0,0,0,172
08/19/2018,MVY,MA,ANE,EN,Federal Contract Tower,16,115,67,0,198,0,22,21,0,43,16,137,88,0,241,0,0,0,241
08/20/2018,MVY,MA,ANE,EN,Federal Contract Tower,12,105,46,0,163,0,9,13,0,22,12,114,59,0,185,0,0,0,185
08/21/2018,MVY,MA,ANE,EN,Federal Contract Tower,10,96,59,2,167,0,3,9,0,12,10,99,68,2,179,0,0,0,179
08/22/2018,MVY,MA,ANE,EN,Federal Contract Tower,10,77,32,0,119,0,12,16,0,28,10,89,48,0,147,20,0,20,167
08/23/2018,MVY,MA,ANE,EN,Federal Contract Tower,10,58,27,0,95,0,72,110,0,182,10,130,137,0,277,2,4,6,283
08/24/2018,MVY,MA,ANE,EN,Federal Contract Tower,12,42,30,0,84,0,72,176,0,248,12,114,206,0,332,14,0,14,346
08/25/2018,MVY,MA,ANE,EN,Federal Contract Tower,16,37,29,0,82,0,50,140,0,190,16,87,169,0,272,10,0,10,282
08/26/2018,MVY,MA,ANE,EN,Federal Contract Tower,14,49,35,1,99,0,70,142,0,212,14,119,177,1,311,0,0,0,311
08/27/2018,MVY,MA,ANE,EN,Federal Contract Tower,10,39,15,0,64,0,46,58,0,104,10,85,73,0,168,0,0,0,168
08/28/2018,MVY,MA,ANE,EN,Federal Contract Tower,12,51,21,0,84,0,22,69,0,91,12,73,90,0,175,0,0,0,175
08/29/2018,MVY,MA,ANE,EN,Federal Contract Tower,10,51,15,0,76,0,39,64,0,103,10,90,79,0,179,10,0,10,189
08/30/2018,MVY,MA,ANE,EN,Federal Contract Tower,10,62,20,0,92,0,65,73,0,138,10,127,93,0,230,6,0,6,236
08/31/2018,MVY,MA,ANE,EN,Federal Contract Tower,12,60,32,0,104,0,47,56,0,103,12,107,88,0,207,2,0,2,209
09/01/2018,MVY,MA,ANE,EN,Federal Contract Tower,14,32,20,0,66,0,28,62,0,90,14,60,82,0,156,12,0,12,168
09/02/2018,MVY,MA,ANE,EN,Federal Contract Tower,12,24,27,0,63,0,33,68,0,101,12,57,95,0,164,10,0,10,174
09/03/2018,MVY,MA,ANE,EN,Federal Contract Tower,8,144,90,0,242,0,16,29,0,45,8,160,119,0,287,0,0,0,287
09/04/2018,MVY,MA,ANE,EN,Federal Contract Tower,8,69,16,0,93,0,33,41,0,74,8,102,57,0,167,12,0,12,179
09/05/2018,MVY,MA,ANE,EN,Federal Contract Tower,2,35,14,0,51,0,33,54,0,87,2,68,68,0,138,14,0,14,152
09/06/2018,MVY,MA,ANE,EN,Federal Contract Tower,2,50,51,0,103,0,5,3,0,8,2,55,54,0,111,0,0,0,111
09/07/2018,MVY,MA,ANE,EN,Federal Contract Tower,2,48,31,0,81,0,46,59,0,105,2,94,90,0,186,0,0,0,186
09/08/2018,MVY,MA,ANE,EN,Federal Contract Tower,2,22,18,0,42,0,44,83,0,127,2,66,101,0,169,18,0,18,187
09/09/2018,MVY,MA,ANE,EN,Federal Contract Tower,2,28,26,0,56,0,43,64,0,107,2,71,90,0,163,44,0,44,207
09/10/2018,MVY,MA,ANE,EN,Federal Contract Tower,2,59,24,0,85,0,17,7,0,24,2,76,31,0,109,0,0,0,109
09/11/2018,MVY,MA,ANE,EN,Federal Contract Tower,2,76,31,0,109,0,0,0,0,0,2,76,31,0,109,0,0,0,109
09/12/2018,MVY,MA,ANE,EN,Federal Contract Tower,2,42,9,0,53,0,0,0,0,0,2,42,9,0,53,0,0,0,53
09/13/2018,MVY,MA,ANE,EN,Federal Contract Tower,2,55,24,4,85,0,6,12,2,20,2,61,36,6,105,0,0,0,105
09/14/2018,MVY,MA,ANE,EN,Federal Contract Tower,2,55,34,0,91,0,45,58,0,103,2,100,92,0,194,64,0,64,258
09/15/2018,MVY,MA,ANE,EN,Federal Contract Tower,2,30,20,0,52,0,30,65,0,95,2,60,85,0,147,18,0,18,165
09/16/2018,MVY,MA,ANE,EN,Federal Contract Tower,2,56,28,0,86,0,42,87,0,129,2,98,115,0,215,6,0,6,221
09/17/2018,MVY,MA,ANE,EN,Federal Contract Tower,2,42,15,0,59,0,34,67,0,101,2,76,82,0,160,30,0,30,190
09/18/2018,MVY,MA,ANE,EN,Federal Contract Tower,0,26,7,0,33,0,14,1,0,15,0,40,8,0,48,0,0,0,48
09/19/2018,MVY,MA,ANE,EN,Federal Contract Tower,0,38,10,0,48,0,0,1,0,1,0,38,11,0,49,0,0,0,49
09/20/2018,MVY,MA,ANE,EN,Federal Contract Tower,2,61,26,0,89,0,17,28,2,47,2,78,54,2,136,14,0,14,150
09/21/2018,MVY,MA,ANE,EN,Federal Contract Tower,2,44,30,0,76,0,35,63,3,101,2,79,93,3,177,4,0,4,181
09/22/2018,MVY,MA,ANE,EN,Federal Contract Tower,2,20,7,0,29,0,17,46,0,63,2,37,53,0,92,4,4,8,100
09/23/2018,MVY,MA,ANE,EN,Federal Contract Tower,2,36,23,0,61,0,52,101,0,153,2,88,124,0,214,14,0,14,228
09/24/2018,MVY,MA,ANE,EN,Federal Contract Tower,2,37,12,0,51,0,10,11,0,21,2,47,23,0,72,0,0,0,72
09/25/2018,MVY,MA,ANE,EN,Federal Contract Tower,0,31,10,0,41,0,18,1,0,19,0,49,11,0,60,0,0,0,60
09/26/2018,MVY,MA,ANE,EN,Federal Contract Tower,0,44,15,0,59,0,0,1,2,3,0,44,16,2,62,0,2,2,64
09/27/2018,MVY,MA,ANE,EN,Federal Contract Tower,2,41,16,0,59,0,41,49,0,90,2,82,65,0,149,54,0,54,203
09/28/2018,MVY,MA,ANE,EN,Federal Contract Tower,2,76,47,0,125,0,0,0,0,0,2,76,47,0,125,0,0,0,125
09/29/2018,MVY,MA,ANE,EN,Federal Contract Tower,2,12,9,0,23,0,27,122,0,149,2,39,131,0,172,36,0,36,208
09/30/2018,MVY,MA,ANE,EN,Federal Contract Tower,2,37,28,0,67,0,78,184,0,262,2,115,212,0,329,0,0,0,329
10/01/2018,MVY,MA,ANE,EN,Federal Contract Tower,2,39,13,0,54,0,20,34,11,65,2,59,47,11,119,36,6,42,161
10/02/2018,MVY,MA,ANE,EN,Federal Contract Tower,0,47,13,0,60,0,1,1,0,2,0,48,14,0,62,0,0,0,62
10/03/2018,MVY,MA,ANE,EN,Federal Contract Tower,0,45,12,0,57,0,0,0,0,0,0,45,12,0,57,12,0,12,69
10/04/2018,MVY,MA,ANE,EN,Federal Contract Tower,2,61,24,0,87,0,3,13,0,16,2,64,37,0,103,2,0,2,105
10/05/2018,MVY,MA,ANE,EN,Federal Contract Tower,2,63,25,0,90,0,53,63,0,116,2,116,88,0,206,2,0,2,208
10/06/2018,MVY,MA,ANE,EN,Federal Contract Tower,2,24,17,3,46,0,24,67,0,91,2,48,84,3,137,24,0,24,161
10/07/2018,MVY,MA,ANE,EN,Federal Contract Tower,2,48,42,0,92,0,4,0,0,4,2,52,42,0,96,0,0,0,96
10/08/2018,MVY,MA,ANE,EN,Federal Contract Tower,2,78,51,0,131,0,11,4,0,15,2,89,55,0,146,6,0,6,152
10/09/2018,MVY,MA,ANE,EN,Federal Contract Tower,2,50,14,2,68,0,3,19,0,22,2,53,33,2,90,6,0,6,96
10/10/2018,MVY,MA,ANE,EN,Federal Contract Tower,0,32,7,0,39,0,1,6,0,7,0,33,13,0,46,0,0,0,46
10/11/2018,MVY,MA,ANE,EN,Federal Contract Tower,0,43,9,0,52,0,0,0,0,0,0,43,9,0,52,0,0,0,52
10/12/2018,MVY,MA,ANE,EN,Federal Contract Tower,2,28,15,0,45,0,12,10,0,22,2,40,25,0,67,0,0,0,67
10/13/2018,MVY,MA,ANE,EN,Federal Contract Tower,0,18,6,0,24,0,13,11,0,24,0,31,17,0,48,0,0,0,48
10/14/2018,MVY,MA,ANE,EN,Federal Contract Tower,2,25,27,0,54,0,50,102,0,152,2,75,129,0,206,2,0,2,208
10/15/2018,MVY,MA,ANE,EN,Federal Contract Tower,0,32,14,0,46,0,10,2,0,12,0,42,16,0,58,0,0,0,58
10/16/2018,MVY,MA,ANE,EN,Federal Contract Tower,0,21,4,0,25,0,28,17,2,47,0,49,21,2,72,8,0,8,80
10/17/2018,MVY,MA,ANE,EN,Federal Contract Tower,0,14,1,0,15,0,3,14,0,17,0,17,15,0,32,0,0,0,32
10/18/2018,MVY,MA,ANE,EN,Federal Contract Tower,0,9,3,0,12,0,19,17,0,36,0,28,20,0,48,16,6,22,70
10/19/2018,MVY,MA,ANE,EN,Federal Contract Tower,2,14,8,1,25,0,20,35,0,55,2,34,43,1,80,4,4,8,88
10/20/2018,MVY,MA,ANE,EN,Federal Contract Tower,0,7,10,0,17,0,6,11,0,17,0,13,21,0,34,0,0,0,34
10/22/2018,MVY,MA,ANE,EN,Federal Contract Tower,0,10,5,0,15,0,11,21,0,32,0,21,26,0,47,0,0,0,47
10/23/2018,MVY,MA,ANE,EN,Federal Contract Tower,0,14,5,2,21,0,7,12,0,19,0,21,17,2,40,0,0,0,40
10/24/2018,MVY,MA,ANE,EN,Federal Contract Tower,0,18,6,1,25,0,4,1,0,5,0,22,7,1,30,0,0,0,30
10/25/2018,MVY,MA,ANE,EN,Federal Contract Tower,0,15,10,2,27,0,0,30,4,34,0,15,40,6,61,0,0,0,61
10/26/2018,MVY,MA,ANE,EN,Federal Contract Tower,0,18,4,0,22,0,6,70,4,80,0,24,74,4,102,16,0,16,118
10/27/2018,MVY,MA,ANE,EN,Federal Contract Tower,0,7,0,0,7,0,0,0,0,0,0,7,0,0,7,0,0,0,7
10/28/2018,MVY,MA,ANE,EN,Federal Contract Tower,0,24,5,0,29,0,2,6,0,8,0,26,11,0,37,0,0,0,37
10/29/2018,MVY,MA,ANE,EN,Federal Contract Tower,0,18,4,0,22,0,4,9,0,13,0,22,13,0,35,0,0,0,35
10/31/2018,MVY,MA,ANE,EN,Federal Contract Tower,0,10,0,0,10,0,9,44,0,53,0,19,44,0,63,0,0,0,63
11/01/2018,MVY,MA,ANE,EN,Federal Contract Tower,0,14,5,0,19,0,6,24,2,32,0,20,29,2,51,2,2,4,55
11/02/2018,MVY,MA,ANE,EN,Federal Contract Tower,0,9,4,0,13,0,0,0,0,0,0,9,4,0,13,0,0,0,13
11/03/2018,MVY,MA,ANE,EN,Federal Contract Tower,0,4,0,0,4,0,5,0,0,5,0,9,0,0,9,0,0,0,9
11/04/2018,MVY,MA,ANE,EN,Federal Contract Tower,0,12,10,0,22,0,0,67,0,67,0,12,77,0,89,6,0,6,95
11/05/2018,MVY,MA,ANE,EN,Federal Contract Tower,0,12,2,0,14,0,2,4,0,6,0,14,6,0,20,0,0,0,20
11/06/2018,MVY,MA,ANE,EN,Federal Contract Tower,0,11,3,0,14,0,0,0,0,0,0,11,3,0,14,0,0,0,14
11/07/2018,MVY,MA,ANE,EN,Federal Contract Tower,0,6,1,0,7,0,8,23,0,31,0,14,24,0,38,2,0,2,40
11/08/2018,MVY,MA,ANE,EN,Federal Contract Tower,0,6,5,0,11,0,6,52,0,58,0,12,57,0,69,14,0,14,83
11/09/2018,MVY,MA,ANE,EN,Federal Contract Tower,0,9,5,0,14,0,6,15,0,21,0,15,20,0,35,0,0,0,35
11/10/2018,MVY,MA,ANE,EN,Federal Contract Tower,0,7,5,0,12,0,3,16,0,19,0,10,21,0,31,0,0,0,31
11/11/2018,MVY,MA,ANE,EN,Federal Contract Tower,0,2,2,0,4,0,10,68,0,78,0,12,70,0,82,0,0,0,82
11/12/2018,MVY,MA,ANE,EN,Federal Contract Tower,0,11,4,0,15,0,5,40,0,45,0,16,44,0,60,0,0,0,60
11/13/2018,MVY,MA,ANE,EN,Federal Contract Tower,0,11,0,0,11,0,0,0,0,0,0,11,0,0,11,0,0,0,11
11/14/2018,MVY,MA,ANE,EN,Federal Contract Tower,0,4,1,0,5,0,3,5,0,8,0,7,6,0,13,0,0,0,13
11/15/2018,MVY,MA,ANE,EN,Federal Contract Tower,0,7,1,0,8,0,11,20,0,31,0,18,21,0,39,2,0,2,41
11/16/2018,MVY,MA,ANE,EN,Federal Contract Tower,0,11,4,0,15,0,0,2,0,2,0,11,6,0,17,0,0,0,17
11/17/2018,MVY,MA,ANE,EN,Federal Contract Tower,0,10,22,0,32,0,5,37,0,42,0,15,59,0,74,0,0,0,74
11/18/2018,MVY,MA,ANE,EN,Federal Contract Tower,0,2,3,0,5,0,7,80,0,87,0,9,83,0,92,0,0,0,92
11/19/2018,MVY,MA,ANE,EN,Federal Contract Tower,0,9,5,0,14,0,8,17,0,25,0,17,22,0,39,0,0,0,39
11/20/2018,MVY,MA,ANE,EN,Federal Contract Tower,0,23,15,0,38,0,0,0,0,0,0,23,15,0,38,0,0,0,38
11/21/2018,MVY,MA,ANE,EN,Federal Contract Tower,0,32,22,0,54,0,0,0,0,0,0,32,22,0,54,0,0,0,54
11/22/2018,MVY,MA,ANE,EN,Federal Contract Tower,0,10,2,0,12,0,6,6,0,12,0,16,8,0,24,0,0,0,24
11/23/2018,MVY,MA,ANE,EN,Federal Contract Tower,0,20,6,0,26,0,0,35,0,35,0,20,41,0,61,0,0,0,61
11/24/2018,MVY,MA,ANE,EN,Federal Contract Tower,0,7,12,0,19,0,14,49,0,63,0,21,61,0,82,0,0,0,82
11/25/2018,MVY,MA,ANE,EN,Federal Contract Tower,0,50,29,0,79,0,0,1,0,1,0,50,30,0,80,0,0,0,80
11/26/2018,MVY,MA,ANE,EN,Federal Contract Tower,0,14,8,0,22,0,1,4,0,5,0,15,12,0,27,0,0,0,27
11/27/2018,MVY,MA,ANE,EN,Federal Contract Tower,0,13,0,0,13,0,0,1,0,1,0,13,1,0,14,0,0,0,14
11/28/2018,MVY,MA,ANE,EN,Federal Contract Tower,0,16,3,0,19,0,0,10,0,10,0,16,13,0,29,0,0,0,29
11/29/2018,MVY,MA,ANE,EN,Federal Contract Tower,0,9,1,0,10,0,10,13,0,23,0,19,14,0,33,0,6,6,39
11/30/2018,MVY,MA,ANE,EN,Federal Contract Tower,0,10,3,0,13,0,4,42,0,46,0,14,45,0,59,0,0,0,59
12/01/2018,MVY,MA,ANE,EN,Federal Contract Tower,0,9,7,0,16,0,2,40,0,42,0,11,47,0,58,0,0,0,58
12/02/2018,MVY,MA,ANE,EN,Federal Contract Tower,0,11,0,0,11,0,0,0,0,0,0,11,0,0,11,0,0,0,11
12/03/2018,MVY,MA,ANE,EN,Federal Contract Tower,0,13,2,0,15,0,1,11,0,12,0,14,13,0,27,0,0,0,27
12/04/2018,MVY,MA,ANE,EN,Federal Contract Tower,0,11,4,0,15,0,3,7,0,10,0,14,11,0,25,0,0,0,25
12/05/2018,MVY,MA,ANE,EN,Federal Contract Tower,0,9,2,0,11,0,0,26,0,26,0,9,28,0,37,0,0,0,37
12/06/2018,MVY,MA,ANE,EN,Federal Contract Tower,0,14,3,0,17,0,3,28,0,31,0,17,31,0,48,2,0,2,50
12/07/2018,MVY,MA,ANE,EN,Federal Contract Tower,0,9,1,0,10,0,3,18,0,21,0,12,19,0,31,0,0,0,31
12/08/2018,MVY,MA,ANE,EN,Federal Contract Tower,0,6,1,0,7,0,6,53,0,59,0,12,54,0,66,0,0,0,66
12/09/2018,MVY,MA,ANE,EN,Federal Contract Tower,0,4,2,0,6,0,3,65,0,68,0,7,67,0,74,6,0,6,80
12/10/2018,MVY,MA,ANE,EN,Federal Contract Tower,0,5,4,0,9,0,7,26,0,33,0,12,30,0,42,0,0,0,42
12/11/2018,MVY,MA,ANE,EN,Federal Contract Tower,0,8,1,0,9,0,9,41,2,52,0,17,42,2,61,4,4,8,69
12/12/2018,MVY,MA,ANE,EN,Federal Contract Tower,0,9,7,0,16,0,4,44,0,48,0,13,51,0,64,0,0,0,64
12/13/2018,MVY,MA,ANE,EN,Federal Contract Tower,0,9,3,0,12,0,2,19,0,21,0,11,22,0,33,0,0,0,33
12/14/2018,MVY,MA,ANE,EN,Federal Contract Tower,0,18,6,0,24,0,3,23,0,26,0,21,29,0,50,2,0,2,52
12/15/2018,MVY,MA,ANE,EN,Federal Contract Tower,0,11,1,0,12,0,0,2,0,2,0,11,3,0,14,0,0,0,14
12/16/2018,MVY,MA,ANE,EN,Federal Contract Tower,0,7,4,0,11,0,0,5,0,5,0,7,9,0,16,0,0,0,16
12/17/2018,MVY,MA,ANE,EN,Federal Contract Tower,0,17,3,0,20,0,3,3,0,6,0,20,6,0,26,0,0,0,26
12/18/2018,MVY,MA,ANE,EN,Federal Contract Tower,0,1,0,0,1,0,11,30,0,41,0,12,30,0,42,0,0,0,42
12/19/2018,MVY,MA,ANE,EN,Federal Contract Tower,0,7,1,0,8,0,7,28,0,35,0,14,29,0,43,6,0,6,49
12/20/2018,MVY,MA,ANE,EN,Federal Contract Tower,0,15,0,0,15,0,3,42,0,45,0,18,42,0,60,0,0,0,60
12/21/2018,MVY,MA,ANE,EN,Federal Contract Tower,0,7,1,0,8,0,1,0,0,1,0,8,1,0,9,0,0,0,9
12/22/2018,MVY,MA,ANE,EN,Federal Contract Tower,0,15,12,0,27,0,2,0,0,2,0,17,12,0,29,0,0,0,29
12/23/2018,MVY,MA,ANE,EN,Federal Contract Tower,0,3,3,0,6,0,8,47,0,55,0,11,50,0,61,8,0,8,69
12/24/2018,MVY,MA,ANE,EN,Federal Contract Tower,0,9,1,0,10,0,1,6,0,7,0,10,7,0,17,0,0,0,17
12/25/2018,MVY,MA,ANE,EN,Federal Contract Tower,0,3,1,0,4,0,5,7,0,12,0,8,8,0,16,0,0,0,16
12/26/2018,MVY,MA,ANE,EN,Federal Contract Tower,0,3,6,0,9,0,7,49,0,56,0,10,55,0,65,0,0,0,65
12/27/2018,MVY,MA,ANE,EN,Federal Contract Tower,0,5,0,0,5,0,9,52,0,61,0,14,52,0,66,0,0,0,66
12/28/2018,MVY,MA,ANE,EN,Federal Contract Tower,0,10,5,0,15,0,2,0,0,2,0,12,5,0,17,0,0,0,17
12/29/2018,MVY,MA,ANE,EN,Federal Contract Tower,0,7,5,0,12,0,0,31,0,31,0,7,36,0,43,0,0,0,43
12/30/2018,MVY,MA,ANE,EN,Federal Contract Tower,0,9,10,0,19,0,0,46,0,46,0,9,56,0,65,0,0,0,65
12/31/2018,MVY,MA,ANE,EN,Federal Contract Tower,0,8,2,0,10,0,0,25,0,25,0,8,27,0,35,0,0,0,35
01/01/2019,MVY,MA,ANE,EN,Federal Contract Tower,0,21,1,0,22,0,2,5,0,7,0,23,6,0,29,0,0,0,29
01/02/2019,MVY,MA,ANE,EN,Federal Contract Tower,0,9,0,0,9,0,1,14,0,15,0,10,14,0,24,14,0,14,38
01/03/2019,MVY,MA,ANE,EN,Federal Contract Tower,0,8,3,0,11,0,6,1,0,7,0,14,4,0,18,0,0,0,18
01/04/2019,MVY,MA,ANE,EN,Federal Contract Tower,0,9,1,0,10,0,2,21,0,23,0,11,22,0,33,0,0,0,33
01/05/2019,MVY,MA,ANE,EN,Federal Contract Tower,0,9,0,0,9,0,0,0,0,0,0,9,0,0,9,0,0,0,9
01/06/2019,MVY,MA,ANE,EN,Federal Contract Tower,0,12,4,0,16,0,1,52,0,53,0,13,56,0,69,0,0,0,69
01/07/2019,MVY,MA,ANE,EN,Federal Contract Tower,0,13,0,0,13,0,4,18,4,26,0,17,18,4,39,0,4,4,43
01/08/2019,MVY,MA,ANE,EN,Federal Contract Tower,0,15,1,0,16,0,0,0,0,0,0,15,1,0,16,0,0,0,16
01/09/2019,MVY,MA,ANE,EN,Federal Contract Tower,0,13,0,0,13,0,2,2,0,4,0,15,2,0,17,0,0,0,17
01/10/2019,MVY,MA,ANE,EN,Federal Contract Tower,0,7,0,0,7,0,5,5,0,10,0,12,5,0,17,0,0,0,17
01/11/2019,MVY,MA,ANE,EN,Federal Contract Tower,0,7,2,0,9,0,2,13,0,15,0,9,15,0,24,0,0,0,24
01/12/2019,MVY,MA,ANE,EN,Federal Contract Tower,0,5,1,0,6,0,4,26,0,30,0,9,27,0,36,0,0,0,36
01/13/2019,MVY,MA,ANE,EN,Federal Contract Tower,0,1,1,0,2,0,6,57,0,63,0,7,58,0,65,0,0,0,65
01/14/2019,MVY,MA,ANE,EN,Federal Contract Tower,0,10,7,0,17,0,0,0,0,0,0,10,7,0,17,0,0,0,17
01/15/2019,MVY,MA,ANE,EN,Federal Contract Tower,0,2,0,1,3,0,10,25,1,36,0,12,25,2,39,0,0,0,39
01/16/2019,MVY,MA,ANE,EN,Federal Contract Tower,0,6,1,0,7,0,6,8,0,14,0,12,9,0,21,0,0,0,21
01/17/2019,MVY,MA,ANE,EN,Federal Contract Tower,0,6,1,0,7,0,6,25,0,31,0,12,26,0,38,2,0,2,40
01/18/2019,MVY,MA,ANE,EN,Federal Contract Tower,0,13,2,0,15,0,0,0,0,0,0,13,2,0,15,0,0,0,15
01/19/2019,MVY,MA,ANE,EN,Federal Contract Tower,0,6,1,0,7,0,0,17,7,24,0,6,18,7,31,0,0,0,31
01/20/2019,MVY,MA,ANE,EN,Federal Contract Tower,0,0,0,2,2,0,0,0,0,0,0,0,0,2,2,0,0,0,2
01/21/2019,MVY,MA,ANE,EN,Federal Contract Tower,0,10,0,0,10,0,0,0,0,0,0,10,0,0,10,0,0,0,10
01/22/2019,MVY,MA,ANE,EN,Federal Contract Tower,0,5,0,0,5,0,6,8,0,14,0,11,8,0,19,0,0,0,19
01/23/2019,MVY,MA,ANE,EN,Federal Contract Tower,0,11,0,0,11,0,1,3,0,4,0,12,3,0,15,0,0,0,15
01/24/2019,MVY,MA,ANE,EN,Federal Contract Tower,0,0,0,0,0,0,1,0,0,1,0,1,0,0,1,0,0,0,1
01/25/2019,MVY,MA,ANE,EN,Federal Contract Tower,0,7,2,0,9,0,6,29,0,35,0,13,31,0,44,2,0,2,46
01/27/2019,MVY,MA,ANE,EN,Federal Contract Tower,0,5,1,0,6,0,1,62,0,63,0,6,63,0,69,0,0,0,69
01/28/2019,MVY,MA,ANE,EN,Federal Contract Tower,0,8,0,0,8,0,2,22,0,24,0,10,22,0,32,0,0,0,32
01/29/2019,MVY,MA,ANE,EN,Federal Contract Tower,0,10,0,0,10,0,2,0,0,2,0,12,0,0,12,0,0,0,12
01/30/2019,MVY,MA,ANE,EN,Federal Contract Tower,0,11,4,0,15,0,1,6,0,7,0,12,10,0,22,0,0,0,22
01/31/2019,MVY,MA,ANE,EN,Federal Contract Tower,0,7,0,0,7,0,2,9,0,11,0,9,9,0,18,0,0,0,18
02/01/2019,MVY,MA,ANE,EN,Federal Contract Tower,0,8,1,0,9,0,7,19,0,26,0,15,20,0,35,0,0,0,35
02/02/2019,MVY,MA,ANE,EN,Federal Contract Tower,0,1,0,0,1,0,7,15,0,22,0,8,15,0,23,0,0,0,23
02/03/2019,MVY,MA,ANE,EN,Federal Contract Tower,0,5,3,0,8,0,6,35,0,41,0,11,38,0,49,0,0,0,49
02/05/2019,MVY,MA,ANE,EN,Federal Contract Tower,0,5,2,0,7,0,3,33,0,36,0,8,35,0,43,0,0,0,43
02/06/2019,MVY,MA,ANE,EN,Federal Contract Tower,0,2,2,0,4,0,6,7,0,13,0,8,9,0,17,0,0,0,17
02/07/2019,MVY,MA,ANE,EN,Federal Contract Tower,0,9,2,0,11,0,0,0,0,0,0,9,2,0,11,2,0,2,13
02/08/2019,MVY,MA,ANE,EN,Federal Contract Tower,0,9,5,0,14,0,0,0,0,0,0,9,5,0,14,0,0,0,14
02/09/2019,MVY,MA,ANE,EN,Federal Contract Tower,0,2,1,0,3,0,5,1,0,6,0,7,2,0,9,0,0,0,9
02/10/2019,MVY,MA,ANE,EN,Federal Contract Tower,0,4,2,0,6,0,5,93,0,98,0,9,95,0,104,4,0,4,108
02/11/2019,MVY,MA,ANE,EN,Federal Contract Tower,0,10,0,0,10,0,0,28,0,28,0,10,28,0,38,0,0,0,38
02/12/2019,MVY,MA,ANE,EN,Federal Contract Tower,0,8,4,0,12,0,2,0,0,2,0,10,4,0,14,0,0,0,14
02/13/2019,MVY,MA,ANE,EN,Federal Contract Tower,0,5,2,0,7,0,0,4,0,4,0,5,6,0,11,0,0,0,11
02/14/2019,MVY,MA,ANE,EN,Federal Contract Tower,0,13,0,0,13,0,0,10,1,11,0,13,10,1,24,0,0,0,24
02/15/2019,MVY,MA,ANE,EN,Federal Contract Tower,0,9,3,0,12,0,0,8,0,8,0,9,11,0,20,0,0,0,20
02/16/2019,MVY,MA,ANE,EN,Federal Contract Tower,0,7,1,0,8,0,2,41,0,43,0,9,42,0,51,0,0,0,51
02/17/2019,MVY,MA,ANE,EN,Federal Contract Tower,0,8,1,0,9,0,0,80,0,80,0,8,81,0,89,0,0,0,89
02/18/2019,MVY,MA,ANE,EN,Federal Contract Tower,0,11,0,0,11,0,0,0,0,0,0,11,0,0,11,0,0,0,11
02/19/2019,MVY,MA,ANE,EN,Federal Contract Tower,0,7,2,0,9,0,2,41,4,47,0,9,43,4,56,16,0,16,72
02/20/2019,MVY,MA,ANE,EN,Federal Contract Tower,0,13,0,0,13,0,5,14,0,19,0,18,14,0,32,0,0,0,32
02/21/2019,MVY,MA,ANE,EN,Federal Contract Tower,0,9,2,0,11,0,1,4,0,5,0,10,6,0,16,0,0,0,16
02/22/2019,MVY,MA,ANE,EN,Federal Contract Tower,0,8,1,0,9,0,0,36,0,36,0,8,37,0,45,0,0,0,45
02/23/2019,MVY,MA,ANE,EN,Federal Contract Tower,0,7,3,0,10,0,2,76,0,78,0,9,79,0,88,0,0,0,88
02/24/2019,MVY,MA,ANE,EN,Federal Contract Tower,0,4,3,0,7,0,0,0,0,0,0,4,3,0,7,0,0,0,7
02/25/2019,MVY,MA,ANE,EN,Federal Contract Tower,0,2,0,0,2,0,0,0,0,0,0,2,0,0,2,0,0,0,2
02/26/2019,MVY,MA,ANE,EN,Federal Contract Tower,0,7,0,0,7,0,8,6,0,14,0,15,6,0,21,4,0,4,25
02/27/2019,MVY,MA,ANE,EN,Federal Contract Tower,0,4,5,0,9,0,5,11,0,16,0,9,16,0,25,0,0,0,25
02/28/2019,MVY,MA,ANE,EN,Federal Contract Tower,0,6,1,0,7,0,0,0,0,0,0,6,1,0,7,0,0,0,7
03/01/2019,MVY,MA,ANE,EN,Federal Contract Tower,0,13,3,0,16,0,0,20,0,20,0,13,23,0,36,2,0,2,38
03/02/2019,MVY,MA,ANE,EN,Federal Contract Tower,0,4,0,0,4,0,0,0,0,0,0,4,0,0,4,0,0,0,4
03/03/2019,MVY,MA,ANE,EN,Federal Contract Tower,0,5,0,0,5,0,3,48,0,51,0,8,48,0,56,6,0,6,62
03/04/2019,MVY,MA,ANE,EN,Federal Contract Tower,0,10,0,0,10,0,0,0,0,0,0,10,0,0,10,0,0,0,10
03/05/2019,MVY,MA,ANE,EN,Federal Contract Tower,0,5,6,0,11,0,9,5,0,14,0,14,11,0,25,0,0,0,25
03/06/2019,MVY,MA,ANE,EN,Federal Contract Tower,0,9,2,0,11,0,6,13,0,19,0,15,15,0,30,0,0,0,30
03/07/2019,MVY,MA,ANE,EN,Federal Contract Tower,0,6,1,0,7,0,7,15,0,22,0,13,16,0,29,0,0,0,29
03/08/2019,MVY,MA,ANE,EN,Federal Contract Tower,0,5,0,0,5,0,9,16,0,25,0,14,16,0,30,0,0,0,30
03/09/2019,MVY,MA,ANE,EN,Federal Contract Tower,0,4,6,0,10,0,2,59,0,61,0,6,65,0,71,8,0,8,79
03/10/2019,MVY,MA,ANE,EN,Federal Contract Tower,0,5,0,0,5,0,0,0,0,0,0,5,0,0,5,0,0,0,5
03/11/2019,MVY,MA,ANE,EN,Federal Contract Tower,0,11,0,0,11,0,5,25,0,30,0,16,25,0,41,0,0,0,41
03/12/2019,MVY,MA,ANE,EN,Federal Contract Tower,0,4,1,0,5,0,10,5,0,15,0,14,6,0,20,2,0,2,22
03/13/2019,MVY,MA,ANE,EN,Federal Contract Tower,0,10,0,0,10,0,4,10,0,14,0,14,10,0,24,0,0,0,24
03/15/2019,MVY,MA,ANE,EN,Federal Contract Tower,0,12,3,0,15,0,0,1,0,1,0,12,4,0,16,0,0,0,16
03/16/2019,MVY,MA,ANE,EN,Federal Contract Tower,0,1,7,0,8,0,8,25,2,35,0,9,32,2,43,0,0,0,43
03/17/2019,MVY,MA,ANE,EN,Federal Contract Tower,0,5,6,0,11,0,8,45,0,53,0,13,51,0,64,0,0,0,64
03/18/2019,MVY,MA,ANE,EN,Federal Contract Tower,0,13,1,0,14,0,1,23,0,24,0,14,24,0,38,0,0,0,38
03/19/2019,MVY,MA,ANE,EN,Federal Contract Tower,0,8,0,0,8,0,8,19,0,27,0,16,19,0,35,0,0,0,35
03/20/2019,MVY,MA,ANE,EN,Federal Contract Tower,0,8,3,0,11,0,4,20,2,26,0,12,23,2,37,0,0,0,37
03/21/2019,MVY,MA,ANE,EN,Federal Contract Tower,0,5,0,0,5,0,5,13,0,18,0,10,13,0,23,0,0,0,23
03/22/2019,MVY,MA,ANE,EN,Federal Contract Tower,0,10,0,0,10,0,0,0,0,0,0,10,0,0,10,0,0,0,10
03/23/2019,MVY,MA,ANE,EN,Federal Contract Tower,0,2,0,0,2,0,4,4,0,8,0,6,4,0,10,0,0,0,10
03/24/2019,MVY,MA,ANE,EN,Federal Contract Tower,0,2,4,0,6,0,8,64,0,72,0,10,68,0,78,0,0,0,78
03/25/2019,MVY,MA,ANE,EN,Federal Contract Tower,0,4,3,0,7,0,7,22,0,29,0,11,25,0,36,0,0,0,36
03/26/2019,MVY,MA,ANE,EN,Federal Contract Tower,0,1,2,0,3,0,12,16,0,28,0,13,18,0,31,0,0,0,31
03/27/2019,MVY,MA,ANE,EN,Federal Contract Tower,0,1,2,0,3,0,11,25,0,36,0,12,27,0,39,4,0,4,43
03/28/2019,MVY,MA,ANE,EN,Federal Contract Tower,0,5,0,0,5,0,8,16,0,24,0,13,16,0,29,0,0,0,29
03/29/2019,MVY,MA,ANE,EN,Federal Contract Tower,0,10,5,0,15,0,8,15,0,23,0,18,20,0,38,0,0,0,38
03/30/2019,MVY,MA,ANE,EN,Federal Contract Tower,0,11,1,0,12,0,0,51,0,51,0,11,52,0,63,0,0,0,63
03/31/2019,MVY,MA,ANE,EN,Federal Contract Tower,0,8,0,0,8,0,1,8,0,9,0,9,8,0,17,0,0,0,17
04/01/2019,MVY,MA,ANE,EN,Federal Contract Tower,0,5,1,0,6,0,8,32,0,40,0,13,33,0,46,0,0,0,46
04/02/2019,MVY,MA,ANE,EN,Federal Contract Tower,0,8,0,0,8,0,4,36,0,40,0,12,36,0,48,0,0,0,48
04/03/2019,MVY,MA,ANE,EN,Federal Contract Tower,0,6,0,0,6,0,0,0,0,0,0,6,0,0,6,0,0,0,6
04/04/2019,MVY,MA,ANE,EN,Federal Contract Tower,0,8,0,0,8,0,7,6,0,13,0,15,6,0,21,0,0,0,21
04/05/2019,MVY,MA,ANE,EN,Federal Contract Tower,0,10,1,0,11,0,2,26,0,28,0,12,27,0,39,0,0,0,39
04/06/2019,MVY,MA,ANE,EN,Federal Contract Tower,0,9,2,0,11,0,3,18,0,21,0,12,20,0,32,0,0,0,32
04/07/2019,MVY,MA,ANE,EN,Federal Contract Tower,0,6,2,0,8,0,6,82,0,88,0,12,84,0,96,0,0,0,96
04/08/2019,MVY,MA,ANE,EN,Federal Contract Tower,0,6,1,0,7,0,0,0,0,0,0,6,1,0,7,0,0,0,7
04/09/2019,MVY,MA,ANE,EN,Federal Contract Tower,0,0,0,0,0,0,0,0,0,0,0,0,0,0,0,0,0,0,0
04/10/2019,MVY,MA,ANE,EN,Federal Contract Tower,0,0,0,0,0,0,0,2,0,2,0,0,2,0,2,0,0,0,2
04/11/2019,MVY,MA,ANE,EN,Federal Contract Tower,0,0,0,0,0,0,0,5,0,5,0,0,5,0,5,6,0,6,11
04/12/2019,MVY,MA,ANE,EN,Federal Contract Tower,0,25,4,0,29,0,5,21,0,26,0,30,25,0,55,0,0,0,55
04/13/2019,MVY,MA,ANE,EN,Federal Contract Tower,0,8,5,0,13,0,0,0,0,0,0,8,5,0,13,0,0,0,13
04/14/2019,MVY,MA,ANE,EN,Federal Contract Tower,0,17,9,0,26,0,1,18,0,19,0,18,27,0,45,0,0,0,45
04/15/2019,MVY,MA,ANE,EN,Federal Contract Tower,0,7,3,0,10,0,0,0,0,0,0,7,3,0,10,0,0,0,10
04/16/2019,MVY,MA,ANE,EN,Federal Contract Tower,0,14,2,0,16,0,2,20,0,22,0,16,22,0,38,0,0,0,38
04/17/2019,MVY,MA,ANE,EN,Federal Contract Tower,0,7,4,0,11,0,12,49,0,61,0,19,53,0,72,0,0,0,72
04/18/2019,MVY,MA,ANE,EN,Federal Contract Tower,0,9,10,0,19,0,7,12,0,19,0,16,22,0,38,0,0,0,38
04/19/2019,MVY,MA,ANE,EN,Federal Contract Tower,0,9,2,0,11,0,1,0,0,1,0,10,2,0,12,0,0,0,12
04/20/2019,MVY,MA,ANE,EN,Federal Contract Tower,0,6,1,0,7,0,0,0,0,0,0,6,1,0,7,0,0,0,7
04/21/2019,MVY,MA,ANE,EN,Federal Contract Tower,0,12,7,0,19,0,0,0,0,0,0,12,7,0,19,0,0,0,19
04/22/2019,MVY,MA,ANE,EN,Federal Contract Tower,0,15,2,0,17,0,0,0,0,0,0,15,2,0,17,0,0,0,17
04/23/2019,MVY,MA,ANE,EN,Federal Contract Tower,0,18,5,1,24,0,0,3,2,5,0,18,8,3,29,0,0,0,29
04/24/2019,MVY,MA,ANE,EN,Federal Contract Tower,0,7,5,0,12,0,7,15,0,22,0,14,20,0,34,0,0,0,34
04/25/2019,MVY,MA,ANE,EN,Federal Contract Tower,0,9,4,0,13,0,11,64,0,75,0,20,68,0,88,0,0,0,88
04/26/2019,MVY,MA,ANE,EN,Federal Contract Tower,0,18,13,0,31,0,0,0,0,0,0,18,13,0,31,0,0,0,31
04/27/2019,MVY,MA,ANE,EN,Federal Contract Tower,0,5,7,0,12,0,6,26,0,32,0,11,33,0,44,0,0,0,44
04/28/2019,MVY,MA,ANE,EN,Federal Contract Tower,0,9,2,0,11,0,5,33,0,38,0,14,35,0,49,0,0,0,49
04/29/2019,MVY,MA,ANE,EN,Federal Contract Tower,0,2,9,0,11,0,6,52,0,58,0,8,61,0,69,16,0,16,85
04/30/2019,MVY,MA,ANE,EN,Federal Contract Tower,0,20,12,0,32,0,0,3,0,3,0,20,15,0,35,0,0,0,35
05/01/2019,MVY,MA,ANE,EN,Federal Contract Tower,0,10,4,0,14,0,0,16,0,16,0,10,20,0,30,0,0,0,30
05/02/2019,MVY,MA,ANE,EN,Federal Contract Tower,0,19,3,0,22,0,0,0,0,0,0,19,3,0,22,0,0,0,22
05/03/2019,MVY,MA,ANE,EN,Federal Contract Tower,0,14,11,0,25,0,0,1,0,1,0,14,12,0,26,0,0,0,26
05/04/2019,MVY,MA,ANE,EN,Federal Contract Tower,0,8,7,0,15,0,0,0,0,0,0,8,7,0,15,0,0,0,15
05/05/2019,MVY,MA,ANE,EN,Federal Contract Tower,0,17,14,0,31,0,0,1,2,3,0,17,15,2,34,0,0,0,34
05/06/2019,MVY,MA,ANE,EN,Federal Contract Tower,0,11,7,1,19,0,4,7,1,12,0,15,14,2,31,0,0,0,31
05/07/2019,MVY,MA,ANE,EN,Federal Contract Tower,0,3,1,0,4,0,11,38,0,49,0,14,39,0,53,0,0,0,53
05/08/2019,MVY,MA,ANE,EN,Federal Contract Tower,0,10,2,0,12,0,11,37,0,48,0,21,39,0,60,0,0,0,60
05/09/2019,MVY,MA,ANE,EN,Federal Contract Tower,0,14,3,0,17,0,14,28,0,42,0,28,31,0,59,0,0,0,59
05/10/2019,MVY,MA,ANE,EN,Federal Contract Tower,0,17,7,0,24,0,0,4,2,6,0,17,11,2,30,0,0,0,30
05/11/2019,MVY,MA,ANE,EN,Federal Contract Tower,0,7,9,0,16,0,8,71,0,79,0,15,80,0,95,0,0,0,95
05/12/2019,MVY,MA,ANE,EN,Federal Contract Tower,0,11,3,0,14,0,0,3,2,5,0,11,6,2,19,0,0,0,19
05/13/2019,MVY,MA,ANE,EN,Federal Contract Tower,0,11,9,0,20,0,9,19,0,28,0,20,28,0,48,0,0,0,48
05/14/2019,MVY,MA,ANE,EN,Federal Contract Tower,0,29,0,0,29,0,0,0,0,0,0,29,0,0,29,0,0,0,29
05/15/2019,MVY,MA,ANE,EN,Federal Contract Tower,0,13,7,0,20,0,6,26,0,32,0,19,33,0,52,0,0,0,52
05/16/2019,MVY,MA,ANE,EN,Federal Contract Tower,0,10,5,0,15,0,9,42,0,51,0,19,47,0,66,0,0,0,66
05/17/2019,MVY,MA,ANE,EN,Federal Contract Tower,2,25,9,0,36,0,13,18,0,31,2,38,27,0,67,0,0,0,67
05/18/2019,MVY,MA,ANE,EN,Federal Contract Tower,0,10,6,0,16,0,18,70,0,88,0,28,76,0,104,6,0,6,110
05/19/2019,MVY,MA,ANE,EN,Federal Contract Tower,2,16,14,0,32,0,7,46,0,53,2,23,60,0,85,2,0,2,87
05/20/2019,MVY,MA,ANE,EN,Federal Contract Tower,0,27,14,0,41,0,12,19,0,31,0,39,33,0,72,0,0,0,72
05/21/2019,MVY,MA,ANE,EN,Federal Contract Tower,0,12,2,0,14,0,9,25,0,34,0,21,27,0,48,0,0,0,48
05/22/2019,MVY,MA,ANE,EN,Federal Contract Tower,0,17,2,0,19,0,31,67,4,102,0,48,69,4,121,0,0,0,121
05/23/2019,MVY,MA,ANE,EN,Federal Contract Tower,2,70,17,0,89,0,23,30,0,53,2,93,47,0,142,0,0,0,142
05/24/2019,MVY,MA,ANE,EN,Federal Contract Tower,2,50,20,0,72,0,80,74,0,154,2,130,94,0,226,0,0,0,226
05/25/2019,MVY,MA,ANE,EN,Federal Contract Tower,2,28,10,0,40,0,25,107,0,132,2,53,117,0,172,2,0,2,174
05/26/2019,MVY,MA,ANE,EN,Federal Contract Tower,2,21,22,0,45,0,6,70,0,76,2,27,92,0,121,12,0,12,133
05/27/2019,MVY,MA,ANE,EN,Federal Contract Tower,2,78,46,0,126,0,72,166,0,238,2,150,212,0,364,0,0,0,364
05/28/2019,MVY,MA,ANE,EN,Federal Contract Tower,2,58,20,0,80,0,31,31,0,62,2,89,51,0,142,8,0,8,150
05/29/2019,MVY,MA,ANE,EN,Federal Contract Tower,0,39,11,0,50,0,0,3,0,3,0,39,14,0,53,0,0,0,53
05/30/2019,MVY,MA,ANE,EN,Federal Contract Tower,0,62,20,0,82,0,1,7,0,8,0,63,27,0,90,2,0,2,92
05/31/2019,MVY,MA,ANE,EN,Federal Contract Tower,2,37,22,0,61,0,26,40,0,66,2,63,62,0,127,0,0,0,127
06/01/2019,MVY,MA,ANE,EN,Federal Contract Tower,0,39,19,0,58,0,0,0,0,0,0,39,19,0,58,0,0,0,58
06/02/2019,MVY,MA,ANE,EN,Federal Contract Tower,2,71,27,0,100,0,12,33,0,45,2,83,60,0,145,0,0,0,145
06/03/2019,MVY,MA,ANE,EN,Federal Contract Tower,0,23,15,0,38,0,29,54,0,83,0,52,69,0,121,0,0,0,121
06/04/2019,MVY,MA,ANE,EN,Federal Contract Tower,0,26,11,0,37,0,38,81,0,119,0,64,92,0,156,0,0,0,156
06/05/2019,MVY,MA,ANE,EN,Federal Contract Tower,0,31,7,0,38,0,13,32,0,45,0,44,39,0,83,0,0,0,83
06/06/2019,MVY,MA,ANE,EN,Federal Contract Tower,0,39,16,0,55,0,18,13,0,31,0,57,29,0,86,0,0,0,86
06/07/2019,MVY,MA,ANE,EN,Federal Contract Tower,2,31,19,0,52,0,44,81,0,125,2,75,100,0,177,2,2,4,181
06/08/2019,MVY,MA,ANE,EN,Federal Contract Tower,2,19,9,0,30,0,30,76,0,106,2,49,85,0,136,0,0,0,136
06/09/2019,MVY,MA,ANE,EN,Federal Contract Tower,4,24,20,0,48,0,53,193,0,246,4,77,213,0,294,0,0,0,294
06/10/2019,MVY,MA,ANE,EN,Federal Contract Tower,0,27,16,0,43,0,52,75,0,127,0,79,91,0,170,36,0,36,206
06/11/2019,MVY,MA,ANE,EN,Federal Contract Tower,0,54,18,0,72,0,11,12,0,23,0,65,30,0,95,2,0,2,97
06/12/2019,MVY,MA,ANE,EN,Federal Contract Tower,0,31,9,2,42,0,32,76,0,108,0,63,85,2,150,2,2,4,154
06/13/2019,MVY,MA,ANE,EN,Federal Contract Tower,2,36,12,0,50,0,0,1,0,1,2,36,13,0,51,0,0,0,51
06/14/2019,MVY,MA,ANE,EN,Federal Contract Tower,6,55,25,0,86,0,49,45,0,94,6,104,70,0,180,0,2,2,182
06/15/2019,MVY,MA,ANE,EN,Federal Contract Tower,4,21,9,0,34,0,30,100,0,130,4,51,109,0,164,20,0,20,184
06/16/2019,MVY,MA,ANE,EN,Federal Contract Tower,4,60,33,0,97,0,24,39,0,63,4,84,72,0,160,0,0,0,160
06/17/2019,MVY,MA,ANE,EN,Federal Contract Tower,2,50,21,0,73,0,36,85,0,121,2,86,106,0,194,16,0,16,210
06/18/2019,MVY,MA,ANE,EN,Federal Contract Tower,2,47,14,0,63,0,0,0,0,0,2,47,14,0,63,0,0,0,63
06/19/2019,MVY,MA,ANE,EN,Federal Contract Tower,2,52,32,2,88,0,0,1,0,1,2,52,33,2,89,0,0,0,89
06/20/2019,MVY,MA,ANE,EN,Federal Contract Tower,6,52,18,0,76,0,0,0,0,0,6,52,18,0,76,0,0,0,76
06/21/2019,MVY,MA,ANE,EN,Federal Contract Tower,12,89,38,2,141,0,7,8,0,15,12,96,46,2,156,4,0,4,160
06/22/2019,MVY,MA,ANE,EN,Federal Contract Tower,12,25,20,0,57,0,29,87,0,116,12,54,107,0,173,14,0,14,187
06/23/2019,MVY,MA,ANE,EN,Federal Contract Tower,10,52,27,0,89,0,78,175,0,253,10,130,202,0,342,2,0,2,344
06/24/2019,MVY,MA,ANE,EN,Federal Contract Tower,10,15,15,0,40,0,65,100,0,165,10,80,115,0,205,0,0,0,205
06/25/2019,MVY,MA,ANE,EN,Federal Contract Tower,8,56,16,0,80,0,0,0,0,0,8,56,16,0,80,0,0,0,80
06/26/2019,MVY,MA,ANE,EN,Federal Contract Tower,10,42,17,0,69,0,15,32,0,47,10,57,49,0,116,0,0,0,116
06/27/2019,MVY,MA,ANE,EN,Federal Contract Tower,10,87,38,0,135,0,8,26,0,34,10,95,64,0,169,2,0,2,171
06/28/2019,MVY,MA,ANE,EN,Federal Contract Tower,14,37,22,0,73,0,0,2,0,2,14,37,24,0,75,0,0,0,75
06/29/2019,MVY,MA,ANE,EN,Federal Contract Tower,16,73,25,0,114,0,20,39,0,59,16,93,64,0,173,0,0,0,173
06/30/2019,MVY,MA,ANE,EN,Federal Contract Tower,16,42,26,0,84,0,62,95,0,157,16,104,121,0,241,8,0,8,249
07/01/2019,MVY,MA,ANE,EN,Federal Contract Tower,12,35,19,0,66,0,65,130,0,195,12,100,149,0,261,44,0,44,305
07/02/2019,MVY,MA,ANE,EN,Federal Contract Tower,12,52,17,0,81,0,65,111,0,176,12,117,128,0,257,50,0,50,307
07/03/2019,MVY,MA,ANE,EN,Federal Contract Tower,12,77,34,0,123,0,88,171,0,259,12,165,205,0,382,28,0,28,410
07/04/2019,MVY,MA,ANE,EN,Federal Contract Tower,11,29,9,0,49,0,26,95,0,121,11,55,104,0,170,34,0,34,204
07/05/2019,MVY,MA,ANE,EN,Federal Contract Tower,14,66,55,0,135,0,12,36,0,48,14,78,91,0,183,0,0,0,183
07/06/2019,MVY,MA,ANE,EN,Federal Contract Tower,14,78,45,0,137,0,0,0,0,0,14,78,45,0,137,0,0,0,137
07/07/2019,MVY,MA,ANE,EN,Federal Contract Tower,16,86,56,0,158,0,92,156,0,248,16,178,212,0,406,20,0,20,426
07/08/2019,MVY,MA,ANE,EN,Federal Contract Tower,10,48,22,0,80,0,84,122,6,212,10,132,144,6,292,46,0,46,338
07/09/2019,MVY,MA,ANE,EN,Federal Contract Tower,12,34,20,0,66,0,50,97,1,148,12,84,117,1,214,36,0,36,250
07/10/2019,MVY,MA,ANE,EN,Federal Contract Tower,10,22,15,0,47,0,33,94,1,128,10,55,109,1,175,26,0,26,201
07/11/2019,MVY,MA,ANE,EN,Federal Contract Tower,10,58,47,0,115,0,39,38,0,77,10,97,85,0,192,0,8,8,200
07/12/2019,MVY,MA,ANE,EN,Federal Contract Tower,12,93,45,0,150,0,0,0,0,0,12,93,45,0,150,0,0,0,150
07/13/2019,MVY,MA,ANE,EN,Federal Contract Tower,14,34,18,0,66,0,0,0,0,0,14,34,18,0,66,2,0,2,68
07/14/2019,MVY,MA,ANE,EN,Federal Contract Tower,17,56,31,0,104,0,88,178,0,266,17,144,209,0,370,0,2,2,372
07/15/2019,MVY,MA,ANE,EN,Federal Contract Tower,10,39,13,0,62,0,93,159,0,252,10,132,172,0,314,0,0,0,314
07/16/2019,MVY,MA,ANE,EN,Federal Contract Tower,10,49,20,0,79,0,54,115,0,169,10,103,135,0,248,46,0,46,294
07/17/2019,MVY,MA,ANE,EN,Federal Contract Tower,12,53,51,0,116,0,0,4,0,4,12,53,55,0,120,0,0,0,120
07/18/2019,MVY,MA,ANE,EN,Federal Contract Tower,10,121,61,0,192,0,0,0,0,0,10,121,61,0,192,0,0,0,192
07/19/2019,MVY,MA,ANE,EN,Federal Contract Tower,21,104,82,2,209,0,23,31,0,54,21,127,113,2,263,6,0,6,269
07/20/2019,MVY,MA,ANE,EN,Federal Contract Tower,15,28,19,0,62,0,44,78,0,122,15,72,97,0,184,0,0,0,184
07/22/2019,MVY,MA,ANE,EN,Federal Contract Tower,10,37,26,0,73,0,70,82,0,152,10,107,108,0,225,36,0,36,261
07/23/2019,MVY,MA,ANE,EN,Federal Contract Tower,10,59,25,0,94,0,13,6,0,19,10,72,31,0,113,0,0,0,113
07/24/2019,MVY,MA,ANE,EN,Federal Contract Tower,10,33,21,2,66,0,42,69,0,111,10,75,90,2,177,28,32,60,237
07/25/2019,MVY,MA,ANE,EN,Federal Contract Tower,10,31,17,0,58,0,72,93,0,165,10,103,110,0,223,32,0,32,255
07/26/2019,MVY,MA,ANE,EN,Federal Contract Tower,14,49,29,0,92,0,68,162,0,230,14,117,191,0,322,18,4,22,344
07/27/2019,MVY,MA,ANE,EN,Federal Contract Tower,15,37,20,0,72,0,60,100,2,162,15,97,120,2,234,0,0,0,234
07/28/2019,MVY,MA,ANE,EN,Federal Contract Tower,18,48,34,0,100,0,71,207,0,278,18,119,241,0,378,6,0,6,384
07/29/2019,MVY,MA,ANE,EN,Federal Contract Tower,10,38,26,0,74,0,81,115,0,196,10,119,141,0,270,26,0,26,296
07/30/2019,MVY,MA,ANE,EN,Federal Contract Tower,10,58,16,0,84,0,49,137,0,186,10,107,153,0,270,14,4,18,288
07/31/2019,MVY,MA,ANE,EN,Federal Contract Tower,10,51,27,3,91,0,43,98,0,141,10,94,125,3,232,18,0,18,250
08/01/2019,MVY,MA,ANE,EN,Federal Contract Tower,11,50,34,0,95,0,82,64,0,146,11,132,98,0,241,0,0,0,241
08/02/2019,MVY,MA,ANE,EN,Federal Contract Tower,14,53,25,0,92,0,92,125,2,219,14,145,150,2,311,10,2,12,323
08/03/2019,MVY,MA,ANE,EN,Federal Contract Tower,16,35,19,0,70,0,42,45,0,87,16,77,64,0,157,4,0,4,161
08/04/2019,MVY,MA,ANE,EN,Federal Contract Tower,17,61,32,3,113,0,88,174,0,262,17,149,206,3,375,0,0,0,375
08/05/2019,MVY,MA,ANE,EN,Federal Contract Tower,10,31,21,0,62,0,98,140,0,238,10,129,161,0,300,66,2,68,368
08/06/2019,MVY,MA,ANE,EN,Federal Contract Tower,13,100,49,0,162,0,4,5,0,9,13,104,54,0,171,0,0,0,171
08/07/2019,MVY,MA,ANE,EN,Federal Contract Tower,10,68,29,0,107,0,23,60,0,83,10,91,89,0,190,12,0,12,202
08/08/2019,MVY,MA,ANE,EN,Federal Contract Tower,10,87,40,0,137,0,61,71,0,132,10,148,111,0,269,6,0,6,275
08/09/2019,MVY,MA,ANE,EN,Federal Contract Tower,14,67,25,4,110,0,93,103,0,196,14,160,128,4,306,28,4,32,338
08/10/2019,MVY,MA,ANE,EN,Federal Contract Tower,16,38,20,0,74,0,45,105,0,150,16,83,125,0,224,56,0,56,280
08/11/2019,MVY,MA,ANE,EN,Federal Contract Tower,16,60,27,0,103,0,90,120,0,210,16,150,147,0,313,22,0,22,335
08/12/2019,MVY,MA,ANE,EN,Federal Contract Tower,10,34,21,0,65,0,102,137,0,239,10,136,158,0,304,62,0,62,366
08/13/2019,MVY,MA,ANE,EN,Federal Contract Tower,9,59,25,0,93,0,27,34,0,61,9,86,59,0,154,30,0,30,184
08/14/2019,MVY,MA,ANE,EN,Federal Contract Tower,10,82,59,0,151,0,0,0,0,0,10,82,59,0,151,0,0,0,151
08/15/2019,MVY,MA,ANE,EN,Federal Contract Tower,10,74,32,0,116,0,70,84,0,154,10,144,116,0,270,2,0,2,272
08/16/2019,MVY,MA,ANE,EN,Federal Contract Tower,13,114,85,1,213,0,9,23,1,33,13,123,108,2,246,0,0,0,246
08/17/2019,MVY,MA,ANE,EN,Federal Contract Tower,18,100,50,0,168,0,3,4,0,7,18,103,54,0,175,42,0,42,217
08/18/2019,MVY,MA,ANE,EN,Federal Contract Tower,16,99,53,0,168,0,61,137,0,198,16,160,190,0,366,0,0,0,366
08/19/2019,MVY,MA,ANE,EN,Federal Contract Tower,10,92,47,0,149,0,66,112,0,178,10,158,159,0,327,64,0,64,391
08/20/2019,MVY,MA,ANE,EN,Federal Contract Tower,10,35,43,5,93,0,73,127,0,200,10,108,170,5,293,38,0,38,331
08/21/2019,MVY,MA,ANE,EN,Federal Contract Tower,10,59,30,0,99,0,15,25,0,40,10,74,55,0,139,40,0,40,179
08/22/2019,MVY,MA,ANE,EN,Federal Contract Tower,9,54,54,3,120,0,40,47,0,87,9,94,101,3,207,72,0,72,279
08/23/2019,MVY,MA,ANE,EN,Federal Contract Tower,14,52,34,0,100,0,61,65,0,126,14,113,99,0,226,26,0,26,252
08/24/2019,MVY,MA,ANE,EN,Federal Contract Tower,16,30,25,0,71,0,43,139,4,186,16,73,164,4,257,36,0,36,293
08/25/2019,MVY,MA,ANE,EN,Federal Contract Tower,16,92,48,0,156,0,53,77,0,130,16,145,125,0,286,0,0,0,286
08/26/2019,MVY,MA,ANE,EN,Federal Contract Tower,10,59,25,0,94,0,69,105,0,174,10,128,130,0,268,24,0,24,292
08/27/2019,MVY,MA,ANE,EN,Federal Contract Tower,10,48,25,0,83,0,62,115,0,177,10,110,140,0,260,72,0,72,332
08/28/2019,MVY,MA,ANE,EN,Federal Contract Tower,10,75,31,0,116,0,14,19,0,33,10,89,50,0,149,0,0,0,149
08/29/2019,MVY,MA,ANE,EN,Federal Contract Tower,10,71,32,0,113,0,49,56,0,105,10,120,88,0,218,20,0,20,238
08/30/2019,MVY,MA,ANE,EN,Federal Contract Tower,15,47,32,0,94,0,78,113,0,191,15,125,145,0,285,8,2,10,295
08/31/2019,MVY,MA,ANE,EN,Federal Contract Tower,14,21,18,0,53,0,41,145,0,186,14,62,163,0,239,34,0,34,273
09/03/2019,MVY,MA,ANE,EN,Federal Contract Tower,8,64,21,0,93,0,73,97,0,170,8,137,118,0,263,62,0,62,325
09/04/2019,MVY,MA,ANE,EN,Federal Contract Tower,2,75,22,0,99,0,0,5,0,5,2,75,27,0,104,0,0,0,104
09/05/2019,MVY,MA,ANE,EN,Federal Contract Tower,4,49,13,0,66,0,41,68,2,111,4,90,81,2,177,146,0,146,323
09/06/2019,MVY,MA,ANE,EN,Federal Contract Tower,4,61,19,0,84,0,17,25,0,42,4,78,44,0,126,0,0,0,126
09/07/2019,MVY,MA,ANE,EN,Federal Contract Tower,4,16,8,0,28,0,18,13,0,31,4,34,21,0,59,4,0,4,63
09/08/2019,MVY,MA,ANE,EN,Federal Contract Tower,4,28,21,0,53,0,89,130,0,219,4,117,151,0,272,20,0,20,292
09/09/2019,MVY,MA,ANE,EN,Federal Contract Tower,4,16,6,0,26,0,62,70,0,132,4,78,76,0,158,42,0,42,200
09/10/2019,MVY,MA,ANE,EN,Federal Contract Tower,2,30,21,0,53,0,45,65,0,110,2,75,86,0,163,14,0,14,177
09/11/2019,MVY,MA,ANE,EN,Federal Contract Tower,2,37,11,0,50,0,33,42,0,75,2,70,53,0,125,26,0,26,151
09/12/2019,MVY,MA,ANE,EN,Federal Contract Tower,4,80,29,0,113,0,5,3,0,8,4,85,32,0,121,0,0,0,121
09/13/2019,MVY,MA,ANE,EN,Federal Contract Tower,4,38,22,0,64,0,49,69,0,118,4,87,91,0,182,0,0,0,182
09/14/2019,MVY,MA,ANE,EN,Federal Contract Tower,4,15,5,0,24,0,23,55,0,78,4,38,60,0,102,10,0,10,112
09/15/2019,MVY,MA,ANE,EN,Federal Contract Tower,4,43,14,0,61,0,59,92,0,151,4,102,106,0,212,0,0,0,212
09/16/2019,MVY,MA,ANE,EN,Federal Contract Tower,3,36,12,0,51,0,44,73,0,117,3,80,85,0,168,26,0,26,194
09/17/2019,MVY,MA,ANE,EN,Federal Contract Tower,2,30,11,0,43,0,82,116,0,198,2,112,127,0,241,142,0,142,383
09/18/2019,MVY,MA,ANE,EN,Federal Contract Tower,2,32,11,2,47,0,33,99,5,137,2,65,110,7,184,14,0,14,198
09/19/2019,MVY,MA,ANE,EN,Federal Contract Tower,4,28,8,2,42,0,46,53,0,99,4,74,61,2,141,18,4,22,163
09/20/2019,MVY,MA,ANE,EN,Federal Contract Tower,4,22,20,0,46,0,52,101,2,155,4,74,121,2,201,58,0,58,259
09/21/2019,MVY,MA,ANE,EN,Federal Contract Tower,2,20,14,0,36,0,33,106,0,139,2,53,120,0,175,6,0,6,181
09/22/2019,MVY,MA,ANE,EN,Federal Contract Tower,4,42,24,0,70,0,46,96,0,142,4,88,120,0,212,28,0,28,240
09/23/2019,MVY,MA,ANE,EN,Federal Contract Tower,4,20,8,0,32,0,30,25,0,55,4,50,33,0,87,0,0,0,87
09/24/2019,MVY,MA,ANE,EN,Federal Contract Tower,2,28,2,0,32,0,50,80,0,130,2,78,82,0,162,0,0,0,162
09/25/2019,MVY,MA,ANE,EN,Federal Contract Tower,2,17,11,0,30,0,40,69,0,109,2,57,80,0,139,10,0,10,149
09/26/2019,MVY,MA,ANE,EN,Federal Contract Tower,4,47,19,2,72,0,22,34,0,56,4,69,53,2,128,14,0,14,142
09/27/2019,MVY,MA,ANE,EN,Federal Contract Tower,4,42,21,0,67,0,41,62,0,103,4,83,83,0,170,24,0,24,194
09/28/2019,MVY,MA,ANE,EN,Federal Contract Tower,2,16,10,0,28,0,38,85,0,123,2,54,95,0,151,44,0,44,195
09/29/2019,MVY,MA,ANE,EN,Federal Contract Tower,4,29,17,0,50,0,52,97,0,149,4,81,114,0,199,2,0,2,201
09/30/2019,MVY,MA,ANE,EN,Federal Contract Tower,0,19,12,3,34,0,63,70,0,133,0,82,82,3,167,54,0,54,221
10/01/2019,MVY,MA,ANE,EN,Federal Contract Tower,2,45,13,0,60,0,35,45,0,80,2,80,58,0,140,60,0,60,200
10/02/2019,MVY,MA,ANE,EN,Federal Contract Tower,2,19,5,0,26,0,19,26,0,45,2,38,31,0,71,0,0,0,71
10/03/2019,MVY,MA,ANE,EN,Federal Contract Tower,2,44,9,5,60,0,14,19,0,33,2,58,28,5,93,0,0,0,93
10/04/2019,MVY,MA,ANE,EN,Federal Contract Tower,4,38,15,0,57,0,32,16,0,48,4,70,31,0,105,8,0,8,113
10/05/2019,MVY,MA,ANE,EN,Federal Contract Tower,0,10,12,0,22,0,41,64,0,105,0,51,76,0,127,0,0,0,127
10/06/2019,MVY,MA,ANE,EN,Federal Contract Tower,4,33,31,0,68,0,38,83,0,121,4,71,114,0,189,0,0,0,189
10/07/2019,MVY,MA,ANE,EN,Federal Contract Tower,2,19,8,0,29,0,46,48,0,94,2,65,56,0,123,0,0,0,123
10/08/2019,MVY,MA,ANE,EN,Federal Contract Tower,0,34,4,0,38,0,33,28,2,63,0,67,32,2,101,0,0,0,101
10/09/2019,MVY,MA,ANE,EN,Federal Contract Tower,0,32,8,0,40,0,2,0,0,2,0,34,8,0,42,0,0,0,42
10/10/2019,MVY,MA,ANE,EN,Federal Contract Tower,4,6,2,0,12,0,0,0,0,0,4,6,2,0,12,0,0,0,12
10/11/2019,MVY,MA,ANE,EN,Federal Contract Tower,3,31,9,0,43,0,0,0,0,0,3,31,9,0,43,0,0,0,43
10/12/2019,MVY,MA,ANE,EN,Federal Contract Tower,0,67,48,0,115,0,0,1,0,1,0,67,49,0,116,0,0,0,116
10/13/2019,MVY,MA,ANE,EN,Federal Contract Tower,4,17,9,0,30,0,31,89,0,120,4,48,98,0,150,0,0,0,150
10/14/2019,MVY,MA,ANE,EN,Federal Contract Tower,2,85,36,0,123,0,8,4,0,12,2,93,40,0,135,0,0,0,135
10/15/2019,MVY,MA,ANE,EN,Federal Contract Tower,2,12,10,0,24,0,65,103,0,168,2,77,113,0,192,20,0,20,212
10/16/2019,MVY,MA,ANE,EN,Federal Contract Tower,0,14,7,0,21,0,13,26,0,39,0,27,33,0,60,0,0,0,60
10/17/2019,MVY,MA,ANE,EN,Federal Contract Tower,0,3,1,0,4,0,0,0,0,0,0,3,1,0,4,0,0,0,4
10/18/2019,MVY,MA,ANE,EN,Federal Contract Tower,2,20,18,0,40,0,22,31,0,53,2,42,49,0,93,0,0,0,93
10/19/2019,MVY,MA,ANE,EN,Federal Contract Tower,0,8,2,0,10,0,22,73,0,95,0,30,75,0,105,8,0,8,113
10/20/2019,MVY,MA,ANE,EN,Federal Contract Tower,2,27,13,0,42,0,21,59,0,80,2,48,72,0,122,0,0,0,122
10/21/2019,MVY,MA,ANE,EN,Federal Contract Tower,2,15,10,0,27,0,20,27,0,47,2,35,37,0,74,0,0,0,74
10/22/2019,MVY,MA,ANE,EN,Federal Contract Tower,0,22,11,0,33,0,4,4,0,8,0,26,15,0,41,0,0,0,41
10/23/2019,MVY,MA,ANE,EN,Federal Contract Tower,0,17,6,0,23,0,6,7,2,15,0,23,13,2,38,0,0,0,38
10/24/2019,MVY,MA,ANE,EN,Federal Contract Tower,0,14,7,0,21,0,19,60,0,79,0,33,67,0,100,0,0,0,100
10/25/2019,MVY,MA,ANE,EN,Federal Contract Tower,0,17,6,0,23,0,14,52,0,66,0,31,58,0,89,14,0,14,103
10/26/2019,MVY,MA,ANE,EN,Federal Contract Tower,0,15,8,0,23,0,11,41,0,52,0,26,49,0,75,0,0,0,75
10/27/2019,MVY,MA,ANE,EN,Federal Contract Tower,0,18,6,0,24,0,0,0,0,0,0,18,6,0,24,0,0,0,24
10/28/2019,MVY,MA,ANE,EN,Federal Contract Tower,0,21,17,0,38,0,2,0,0,2,0,23,17,0,40,0,0,0,40
10/29/2019,MVY,MA,ANE,EN,Federal Contract Tower,0,23,17,0,40,0,4,0,0,4,0,27,17,0,44,0,0,0,44
10/30/2019,MVY,MA,ANE,EN,Federal Contract Tower,0,22,17,0,39,0,0,0,0,0,0,22,17,0,39,0,0,0,39
10/31/2019,MVY,MA,ANE,EN,Federal Contract Tower,0,14,11,0,25,0,0,0,0,0,0,14,11,0,25,0,0,0,25
11/01/2019,MVY,MA,ANE,EN,Federal Contract Tower,0,7,3,0,10,0,8,10,0,18,0,15,13,0,28,0,0,0,28
11/02/2019,MVY,MA,ANE,EN,Federal Contract Tower,0,3,0,0,3,0,13,51,0,64,0,16,51,0,67,0,0,0,67
11/03/2019,MVY,MA,ANE,EN,Federal Contract Tower,0,7,13,0,20,0,9,75,0,84,0,16,88,0,104,16,0,16,120
11/04/2019,MVY,MA,ANE,EN,Federal Contract Tower,0,5,3,0,8,0,11,46,0,57,0,16,49,0,65,0,0,0,65
11/05/2019,MVY,MA,ANE,EN,Federal Contract Tower,0,21,6,0,27,0,6,10,0,16,0,27,16,0,43,0,0,0,43
11/06/2019,MVY,MA,ANE,EN,Federal Contract Tower,0,5,6,0,11,0,16,50,0,66,0,21,56,0,77,0,0,0,77
11/07/2019,MVY,MA,ANE,EN,Federal Contract Tower,0,7,5,0,12,8,28,0,0,36,8,35,5,0,48,0,0,0,48
11/08/2019,MVY,MA,ANE,EN,Federal Contract Tower,0,10,5,0,15,0,6,12,0,18,0,16,17,0,33,0,0,0,33
11/09/2019,MVY,MA,ANE,EN,Federal Contract Tower,0,7,10,1,18,0,14,67,0,81,0,21,77,1,99,4,0,4,103
11/10/2019,MVY,MA,ANE,EN,Federal Contract Tower,0,8,0,0,8,0,10,71,0,81,0,18,71,0,89,8,0,8,97
11/11/2019,MVY,MA,ANE,EN,Federal Contract Tower,0,8,1,0,9,0,9,31,0,40,0,17,32,0,49,6,0,6,55
11/12/2019,MVY,MA,ANE,EN,Federal Contract Tower,0,18,2,0,20,0,2,5,0,7,0,20,7,0,27,0,0,0,27
11/13/2019,MVY,MA,ANE,EN,Federal Contract Tower,0,8,1,0,9,0,10,4,2,16,0,18,5,2,25,0,0,0,25
11/14/2019,MVY,MA,ANE,EN,Federal Contract Tower,0,15,0,0,15,0,6,6,0,12,0,21,6,0,27,0,0,0,27
11/15/2019,MVY,MA,ANE,EN,Federal Contract Tower,0,5,1,0,6,0,10,31,0,41,0,15,32,0,47,10,0,10,57
11/16/2019,MVY,MA,ANE,EN,Federal Contract Tower,0,5,3,0,8,0,13,13,0,26,0,18,16,0,34,2,0,2,36
11/17/2019,MVY,MA,ANE,EN,Federal Contract Tower,0,14,1,0,15,0,1,35,0,36,0,15,36,0,51,0,0,0,51
11/18/2019,MVY,MA,ANE,EN,Federal Contract Tower,0,13,2,0,15,0,0,0,0,0,0,13,2,0,15,0,0,0,15
11/19/2019,MVY,MA,ANE,EN,Federal Contract Tower,0,22,5,0,27,0,5,27,0,32,0,27,32,0,59,0,0,0,59
11/20/2019,MVY,MA,ANE,EN,Federal Contract Tower,0,16,8,0,24,0,0,0,0,0,0,16,8,0,24,0,0,0,24
11/21/2019,MVY,MA,ANE,EN,Federal Contract Tower,0,4,3,0,7,0,12,44,0,56,0,16,47,0,63,12,0,12,75
11/22/2019,MVY,MA,ANE,EN,Federal Contract Tower,0,12,2,0,14,0,4,5,0,9,0,16,7,0,23,0,0,0,23
11/23/2019,MVY,MA,ANE,EN,Federal Contract Tower,0,8,8,0,16,0,33,45,0,78,0,41,53,0,94,20,0,20,114
11/24/2019,MVY,MA,ANE,EN,Federal Contract Tower,0,11,6,0,17,0,0,0,0,0,0,11,6,0,17,0,0,0,17
11/25/2019,MVY,MA,ANE,EN,Federal Contract Tower,0,5,8,0,13,0,15,37,0,52,0,20,45,0,65,16,0,16,81
11/26/2019,MVY,MA,ANE,EN,Federal Contract Tower,0,12,7,0,19,0,23,25,0,48,0,35,32,0,67,4,0,4,71
11/27/2019,MVY,MA,ANE,EN,Federal Contract Tower,0,37,21,0,58,0,5,6,0,11,0,42,27,0,69,0,0,0,69
11/28/2019,MVY,MA,ANE,EN,Federal Contract Tower,0,11,4,0,15,0,0,4,0,4,0,11,8,0,19,0,0,0,19
11/29/2019,MVY,MA,ANE,EN,Federal Contract Tower,0,17,4,0,21,0,12,28,0,40,0,29,32,0,61,0,0,0,61
11/30/2019,MVY,MA,ANE,EN,Federal Contract Tower,0,9,7,0,16,0,22,32,0,54,0,31,39,0,70,2,0,2,72
12/01/2019,MVY,MA,ANE,EN,Federal Contract Tower,0,19,13,0,32,0,6,46,0,52,0,25,59,0,84,0,0,0,84
12/02/2019,MVY,MA,ANE,EN,Federal Contract Tower,0,25,2,0,27,0,0,0,0,0,0,25,2,0,27,0,0,0,27
12/03/2019,MVY,MA,ANE,EN,Federal Contract Tower,0,2,2,0,4,0,0,0,0,0,0,2,2,0,4,0,0,0,4
12/04/2019,MVY,MA,ANE,EN,Federal Contract Tower,0,9,5,0,14,0,10,12,0,22,0,19,17,0,36,0,0,0,36
12/05/2019,MVY,MA,ANE,EN,Federal Contract Tower,0,14,0,0,14,0,12,22,0,34,0,26,22,0,48,0,0,0,48
12/06/2019,MVY,MA,ANE,EN,Federal Contract Tower,0,7,1,0,8,0,12,20,0,32,0,19,21,0,40,8,0,8,48
12/07/2019,MVY,MA,ANE,EN,Federal Contract Tower,0,6,0,0,6,0,14,28,0,42,0,20,28,0,48,16,0,16,64
12/08/2019,MVY,MA,ANE,EN,Federal Contract Tower,0,6,2,0,8,0,4,85,0,89,0,10,87,0,97,0,0,0,97
12/09/2019,MVY,MA,ANE,EN,Federal Contract Tower,0,18,2,0,20,0,0,0,0,0,0,18,2,0,20,0,0,0,20
12/10/2019,MVY,MA,ANE,EN,Federal Contract Tower,0,20,6,0,26,0,0,0,0,0,0,20,6,0,26,0,0,0,26
12/11/2019,MVY,MA,ANE,EN,Federal Contract Tower,0,9,3,0,12,0,1,4,0,5,0,10,7,0,17,0,0,0,17
12/12/2019,MVY,MA,ANE,EN,Federal Contract Tower,0,11,4,0,15,0,0,0,0,0,0,11,4,0,15,8,0,8,23
12/13/2019,MVY,MA,ANE,EN,Federal Contract Tower,0,14,14,0,28,0,11,9,0,20,0,25,23,0,48,2,0,2,50
12/14/2019,MVY,MA,ANE,EN,Federal Contract Tower,0,3,0,0,3,0,0,0,0,0,0,3,0,0,3,0,0,0,3
12/15/2019,MVY,MA,ANE,EN,Federal Contract Tower,0,11,4,0,15,0,4,4,0,8,0,15,8,0,23,0,0,0,23
12/16/2019,MVY,MA,ANE,EN,Federal Contract Tower,0,17,3,0,20,0,12,48,0,60,0,29,51,0,80,18,0,18,98
12/17/2019,MVY,MA,ANE,EN,Federal Contract Tower,0,2,2,0,4,0,0,0,0,0,0,2,2,0,4,0,0,0,4
12/18/2019,MVY,MA,ANE,EN,Federal Contract Tower,0,14,0,0,14,0,12,18,0,30,0,26,18,0,44,22,0,22,66
12/19/2019,MVY,MA,ANE,EN,Federal Contract Tower,0,8,0,0,8,0,10,4,0,14,0,18,4,0,22,0,0,0,22
12/20/2019,MVY,MA,ANE,EN,Federal Contract Tower,0,4,0,0,4,0,21,10,0,31,0,25,10,0,35,4,0,4,39
12/21/2019,MVY,MA,ANE,EN,Federal Contract Tower,0,9,2,0,11,0,6,24,0,30,0,15,26,0,41,0,0,0,41
12/22/2019,MVY,MA,ANE,EN,Federal Contract Tower,0,4,3,0,7,0,4,39,0,43,0,8,42,0,50,8,0,8,58
12/23/2019,MVY,MA,ANE,EN,Federal Contract Tower,0,4,2,0,6,0,11,37,0,48,0,15,39,0,54,0,0,0,54
12/24/2019,MVY,MA,ANE,EN,Federal Contract Tower,0,2,0,0,2,0,11,21,0,32,0,13,21,0,34,0,0,0,34
12/25/2019,MVY,MA,ANE,EN,Federal Contract Tower,0,3,0,0,3,0,10,8,0,18,0,13,8,0,21,0,0,0,21
12/26/2019,MVY,MA,ANE,EN,Federal Contract Tower,0,4,5,0,9,0,10,13,0,23,0,14,18,0,32,10,0,10,42
12/27/2019,MVY,MA,ANE,EN,Federal Contract Tower,0,11,2,0,13,0,7,9,0,16,0,18,11,0,29,0,0,0,29
12/28/2019,MVY,MA,ANE,EN,Federal Contract Tower,0,9,4,0,13,0,8,43,0,51,0,17,47,0,64,14,0,14,78
12/29/2019,MVY,MA,ANE,EN,Federal Contract Tower,0,4,1,0,5,0,10,62,0,72,0,14,63,0,77,6,0,6,83
12/30/2019,MVY,MA,ANE,EN,Federal Contract Tower,0,7,0,0,7,0,0,0,0,0,0,7,0,0,7,0,0,0,7
12/31/2019,MVY,MA,ANE,EN,Federal Contract Tower,0,16,1,0,17,0,0,0,0,0,0,16,1,0,17,0,0,0,17
01/01/2020,MVY,MA,ANE,EN,Federal Contract Tower,0,11,0,0,11,0,12,15,0,27,0,23,15,0,38,0,0,0,38
01/02/2020,MVY,MA,ANE,EN,Federal Contract Tower,0,8,3,0,11,0,14,39,0,53,0,22,42,0,64,8,0,8,72
01/03/2020,MVY,MA,ANE,EN,Federal Contract Tower,0,12,4,0,16,0,3,4,0,7,0,15,8,0,23,0,0,0,23
01/04/2020,MVY,MA,ANE,EN,Federal Contract Tower,0,15,2,0,17,0,0,0,0,0,0,15,2,0,17,0,0,0,17
01/05/2020,MVY,MA,ANE,EN,Federal Contract Tower,0,11,1,0,12,0,0,7,0,7,0,11,8,0,19,0,0,0,19
01/06/2020,MVY,MA,ANE,EN,Federal Contract Tower,0,8,0,0,8,0,3,1,0,4,0,11,1,0,12,0,0,0,12
01/07/2020,MVY,MA,ANE,EN,Federal Contract Tower,0,6,4,0,10,0,8,51,0,59,0,14,55,0,69,4,0,4,73
01/08/2020,MVY,MA,ANE,EN,Federal Contract Tower,0,9,1,2,12,0,3,2,0,5,0,12,3,2,17,0,0,0,17
01/09/2020,MVY,MA,ANE,EN,Federal Contract Tower,0,2,0,0,2,0,13,34,0,47,0,15,34,0,49,23,0,23,72
01/10/2020,MVY,MA,ANE,EN,Federal Contract Tower,0,9,3,0,12,0,4,3,0,7,0,13,6,0,19,2,0,2,21
01/11/2020,MVY,MA,ANE,EN,Federal Contract Tower,0,10,13,0,23,0,4,8,0,12,0,14,21,0,35,4,0,4,39
01/12/2020,MVY,MA,ANE,EN,Federal Contract Tower,0,1,3,0,4,0,4,3,0,7,0,5,6,0,11,0,0,0,11
01/13/2020,MVY,MA,ANE,EN,Federal Contract Tower,0,14,4,0,18,0,0,6,2,8,0,14,10,2,26,4,0,4,30
01/14/2020,MVY,MA,ANE,EN,Federal Contract Tower,0,17,3,0,20,0,0,0,0,0,0,17,3,0,20,0,0,0,20
01/15/2020,MVY,MA,ANE,EN,Federal Contract Tower,0,9,3,0,12,0,6,45,0,51,0,15,48,0,63,2,0,2,65
01/16/2020,MVY,MA,ANE,EN,Federal Contract Tower,0,21,3,2,26,0,2,0,0,2,0,23,3,2,28,0,0,0,28
01/17/2020,MVY,MA,ANE,EN,Federal Contract Tower,0,5,2,0,7,0,6,6,0,12,0,11,8,0,19,10,0,10,29
01/18/2020,MVY,MA,ANE,EN,Federal Contract Tower,0,5,4,0,9,0,4,16,0,20,0,9,20,0,29,4,0,4,33
01/19/2020,MVY,MA,ANE,EN,Federal Contract Tower,0,4,1,0,5,0,5,10,0,15,0,9,11,0,20,6,0,6,26
01/20/2020,MVY,MA,ANE,EN,Federal Contract Tower,0,8,5,0,13,0,12,23,0,35,0,20,28,0,48,2,0,2,50
01/21/2020,MVY,MA,ANE,EN,Federal Contract Tower,0,10,0,0,10,0,9,10,0,19,0,19,10,0,29,0,0,0,29
01/22/2020,MVY,MA,ANE,EN,Federal Contract Tower,0,6,1,0,7,0,7,32,0,39,0,13,33,0,46,0,0,0,46
01/23/2020,MVY,MA,ANE,EN,Federal Contract Tower,0,8,2,0,10,0,4,23,0,27,0,12,25,0,37,6,0,6,43
01/24/2020,MVY,MA,ANE,EN,Federal Contract Tower,0,3,8,0,11,0,7,41,0,48,0,10,49,0,59,14,0,14,73
01/25/2020,MVY,MA,ANE,EN,Federal Contract Tower,0,12,3,0,15,0,0,0,0,0,0,12,3,0,15,0,0,0,15
01/26/2020,MVY,MA,ANE,EN,Federal Contract Tower,0,6,6,0,12,0,9,24,0,33,0,15,30,0,45,0,0,0,45
01/27/2020,MVY,MA,ANE,EN,Federal Contract Tower,0,5,3,0,8,0,10,7,0,17,0,15,10,0,25,16,0,16,41
01/28/2020,MVY,MA,ANE,EN,Federal Contract Tower,0,10,0,0,10,0,4,14,2,20,0,14,14,2,30,14,0,14,44
01/29/2020,MVY,MA,ANE,EN,Federal Contract Tower,0,6,10,0,16,0,8,51,0,59,0,14,61,0,75,8,0,8,83
01/30/2020,MVY,MA,ANE,EN,Federal Contract Tower,0,6,0,0,6,0,11,25,0,36,0,17,25,0,42,0,0,0,42
01/31/2020,MVY,MA,ANE,EN,Federal Contract Tower,0,5,4,0,9,0,6,38,0,44,0,11,42,0,53,28,0,28,81
02/01/2020,MVY,MA,ANE,EN,Federal Contract Tower,0,9,5,0,14,0,0,0,0,0,0,9,5,0,14,0,0,0,14
02/02/2020,MVY,MA,ANE,EN,Federal Contract Tower,0,11,2,0,13,0,2,16,0,18,0,13,18,0,31,0,0,0,31
02/03/2020,MVY,MA,ANE,EN,Federal Contract Tower,0,11,2,0,13,0,11,8,0,19,0,22,10,0,32,4,0,4,36
02/04/2020,MVY,MA,ANE,EN,Federal Contract Tower,0,6,7,2,15,0,4,6,0,10,0,10,13,2,25,2,0,2,27
02/05/2020,MVY,MA,ANE,EN,Federal Contract Tower,0,10,2,0,12,0,4,16,0,20,0,14,18,0,32,0,0,0,32
02/06/2020,MVY,MA,ANE,EN,Federal Contract Tower,0,14,0,0,14,0,0,0,0,0,0,14,0,0,14,0,0,0,14
02/07/2020,MVY,MA,ANE,EN,Federal Contract Tower,0,4,0,0,4,0,0,0,0,0,0,4,0,0,4,0,0,0,4
02/08/2020,MVY,MA,ANE,EN,Federal Contract Tower,0,8,11,0,19,0,7,26,0,33,0,15,37,0,52,6,0,6,58
02/09/2020,MVY,MA,ANE,EN,Federal Contract Tower,0,7,7,0,14,0,8,53,0,61,0,15,60,0,75,0,0,0,75
02/10/2020,MVY,MA,ANE,EN,Federal Contract Tower,0,13,2,0,15,0,2,0,0,2,0,15,2,0,17,0,0,0,17
02/11/2020,MVY,MA,ANE,EN,Federal Contract Tower,0,16,0,0,16,0,0,0,0,0,0,16,0,0,16,0,0,0,16
02/12/2020,MVY,MA,ANE,EN,Federal Contract Tower,0,3,6,0,9,0,12,21,0,33,0,15,27,0,42,2,0,2,44
02/13/2020,MVY,MA,ANE,EN,Federal Contract Tower,0,20,0,0,20,0,0,0,0,0,0,20,0,0,20,0,0,0,20
02/14/2020,MVY,MA,ANE,EN,Federal Contract Tower,0,8,4,0,12,0,9,12,0,21,0,17,16,0,33,0,0,0,33
02/15/2020,MVY,MA,ANE,EN,Federal Contract Tower,0,3,10,2,15,0,13,40,0,53,0,16,50,2,68,2,0,2,70
02/16/2020,MVY,MA,ANE,EN,Federal Contract Tower,0,3,8,0,11,0,9,31,0,40,0,12,39,0,51,16,0,16,67
02/17/2020,MVY,MA,ANE,EN,Federal Contract Tower,0,6,11,0,17,0,17,38,0,55,0,23,49,0,72,4,0,4,76
02/18/2020,MVY,MA,ANE,EN,Federal Contract Tower,0,12,2,0,14,0,4,3,0,7,0,16,5,0,21,0,0,0,21
02/19/2020,MVY,MA,ANE,EN,Federal Contract Tower,0,4,0,0,4,0,6,12,0,18,0,10,12,0,22,34,0,34,56
02/20/2020,MVY,MA,ANE,EN,Federal Contract Tower,0,4,3,0,7,0,11,22,0,33,0,15,25,0,40,28,0,28,68
02/21/2020,MVY,MA,ANE,EN,Federal Contract Tower,0,6,0,0,6,0,9,8,0,17,0,15,8,0,23,12,0,12,35
02/22/2020,MVY,MA,ANE,EN,Federal Contract Tower,0,7,6,0,13,0,5,48,0,53,0,12,54,0,66,0,0,0,66
02/23/2020,MVY,MA,ANE,EN,Federal Contract Tower,0,6,3,0,9,0,4,101,0,105,0,10,104,0,114,12,0,12,126
02/24/2020,MVY,MA,ANE,EN,Federal Contract Tower,0,5,9,4,18,0,12,30,0,42,0,17,39,4,60,0,0,0,60
02/25/2020,MVY,MA,ANE,EN,Federal Contract Tower,0,23,0,0,23,0,0,0,0,0,0,23,0,0,23,0,0,0,23
02/26/2020,MVY,MA,ANE,EN,Federal Contract Tower,0,18,5,0,23,0,0,0,0,0,0,18,5,0,23,0,0,0,23
02/27/2020,MVY,MA,ANE,EN,Federal Contract Tower,0,6,0,0,6,0,2,1,0,3,0,8,1,0,9,0,0,0,9
02/28/2020,MVY,MA,ANE,EN,Federal Contract Tower,0,7,2,0,9,0,11,2,0,13,0,18,4,0,22,2,0,2,24
02/29/2020,MVY,MA,ANE,EN,Federal Contract Tower,0,8,6,0,14,0,6,33,0,39,0,14,39,0,53,8,0,8,61
03/01/2020,MVY,MA,ANE,EN,Federal Contract Tower,0,4,0,0,4,0,9,62,0,71,0,13,62,0,75,16,0,16,91
03/02/2020,MVY,MA,ANE,EN,Federal Contract Tower,0,8,5,4,17,0,12,6,0,18,0,20,11,4,35,0,0,0,35
03/03/2020,MVY,MA,ANE,EN,Federal Contract Tower,0,7,3,0,10,0,9,9,0,18,0,16,12,0,28,6,0,6,34
03/04/2020,MVY,MA,ANE,EN,Federal Contract Tower,0,2,0,0,2,0,10,1,0,11,0,12,1,0,13,6,0,6,19
03/05/2020,MVY,MA,ANE,EN,Federal Contract Tower,0,3,3,4,10,0,18,22,0,40,0,21,25,4,50,36,4,40,90
03/06/2020,MVY,MA,ANE,EN,Federal Contract Tower,0,6,2,0,8,0,8,12,0,20,0,14,14,0,28,0,0,0,28
03/07/2020,MVY,MA,ANE,EN,Federal Contract Tower,0,0,2,0,2,0,3,11,0,14,0,3,13,0,16,0,4,4,20
03/08/2020,MVY,MA,ANE,EN,Federal Contract Tower,0,5,4,0,9,0,7,46,0,53,0,12,50,0,62,20,0,20,82
03/09/2020,MVY,MA,ANE,EN,Federal Contract Tower,0,4,18,0,22,0,11,18,0,29,0,15,36,0,51,30,0,30,81
03/10/2020,MVY,MA,ANE,EN,Federal Contract Tower,0,9,10,2,21,0,5,31,0,36,0,14,41,2,57,2,0,2,59
03/11/2020,MVY,MA,ANE,EN,Federal Contract Tower,0,8,4,2,14,0,12,36,0,48,0,20,40,2,62,0,0,0,62
03/12/2020,MVY,MA,ANE,EN,Federal Contract Tower,0,7,0,0,7,0,9,6,0,15,0,16,6,0,22,8,0,8,30
03/13/2020,MVY,MA,ANE,EN,Federal Contract Tower,0,9,2,0,11,0,0,0,0,0,0,9,2,0,11,0,0,0,11
03/14/2020,MVY,MA,ANE,EN,Federal Contract Tower,0,6,3,0,9,0,24,20,0,44,0,30,23,0,53,6,0,6,59
03/15/2020,MVY,MA,ANE,EN,Federal Contract Tower,0,2,3,0,5,0,9,73,0,82,0,11,76,0,87,2,0,2,89
03/16/2020,MVY,MA,ANE,EN,Federal Contract Tower,0,2,0,0,2,0,11,13,0,24,0,13,13,0,26,12,2,14,40
03/17/2020,MVY,MA,ANE,EN,Federal Contract Tower,0,16,2,0,18,0,0,0,0,0,0,16,2,0,18,0,0,0,18
03/18/2020,MVY,MA,ANE,EN,Federal Contract Tower,0,6,0,0,6,0,6,21,0,27,0,12,21,0,33,14,0,14,47
03/19/2020,MVY,MA,ANE,EN,Federal Contract Tower,0,8,2,0,10,0,0,0,0,0,0,8,2,0,10,0,0,0,10
03/20/2020,MVY,MA,ANE,EN,Federal Contract Tower,0,6,4,0,10,0,0,0,0,0,0,6,4,0,10,0,0,0,10
03/21/2020,MVY,MA,ANE,EN,Federal Contract Tower,0,1,7,0,8,0,8,13,0,21,0,9,20,0,29,6,0,6,35
03/22/2020,MVY,MA,ANE,EN,Federal Contract Tower,0,1,0,0,1,0,6,14,0,20,0,7,14,0,21,4,0,4,25
03/23/2020,MVY,MA,ANE,EN,Federal Contract Tower,0,9,0,0,9,0,3,0,0,3,0,12,0,0,12,0,0,0,12
03/24/2020,MVY,MA,ANE,EN,Federal Contract Tower,0,10,0,0,10,0,0,0,0,0,0,10,0,0,10,4,0,4,14
03/25/2020,MVY,MA,ANE,EN,Federal Contract Tower,0,7,2,0,9,0,0,0,0,0,0,7,2,0,9,0,0,0,9
03/26/2020,MVY,MA,ANE,EN,Federal Contract Tower,0,6,2,0,8,0,1,6,0,7,0,7,8,0,15,4,0,4,19
03/27/2020,MVY,MA,ANE,EN,Federal Contract Tower,0,2,1,0,3,0,5,7,0,12,0,7,8,0,15,8,0,8,23
03/28/2020,MVY,MA,ANE,EN,Federal Contract Tower,0,1,3,0,4,0,4,16,0,20,0,5,19,0,24,6,0,6,30
03/29/2020,MVY,MA,ANE,EN,Federal Contract Tower,0,2,0,0,2,0,1,0,0,1,0,3,0,0,3,0,24,24,27
03/30/2020,MVY,MA,ANE,EN,Federal Contract Tower,0,4,2,0,6,0,0,0,0,0,0,4,2,0,6,0,0,0,6
03/31/2020,MVY,MA,ANE,EN,Federal Contract Tower,0,6,2,0,8,0,2,5,0,7,0,8,7,0,15,0,0,0,15
04/01/2020,MVY,MA,ANE,EN,Federal Contract Tower,0,3,2,0,5,0,0,5,0,5,0,3,7,0,10,0,0,0,10
04/02/2020,MVY,MA,ANE,EN,Federal Contract Tower,0,4,0,0,4,0,0,0,0,0,0,4,0,0,4,0,0,0,4
04/03/2020,MVY,MA,ANE,EN,Federal Contract Tower,0,0,2,0,2,0,0,0,0,0,0,0,2,0,2,0,0,0,2
04/04/2020,MVY,MA,ANE,EN,Federal Contract Tower,0,4,2,0,6,0,0,2,0,2,0,4,4,0,8,0,0,0,8
04/05/2020,MVY,MA,ANE,EN,Federal Contract Tower,0,4,2,0,6,0,4,8,2,14,0,8,10,2,20,18,0,18,38
04/06/2020,MVY,MA,ANE,EN,Federal Contract Tower,0,4,3,0,7,0,3,23,0,26,0,7,26,0,33,8,2,10,43
04/07/2020,MVY,MA,ANE,EN,Federal Contract Tower,0,3,2,0,5,0,2,49,0,51,0,5,51,0,56,8,0,8,64
04/08/2020,MVY,MA,ANE,EN,Federal Contract Tower,0,4,2,1,7,0,0,14,1,15,0,4,16,2,22,0,0,0,22
04/09/2020,MVY,MA,ANE,EN,Federal Contract Tower,0,4,0,0,4,0,0,0,0,0,0,4,0,0,4,0,0,0,4
04/10/2020,MVY,MA,ANE,EN,Federal Contract Tower,0,3,0,0,3,0,2,2,0,4,0,5,2,0,7,0,0,0,7
04/11/2020,MVY,MA,ANE,EN,Federal Contract Tower,0,2,1,0,3,0,2,6,0,8,0,4,7,0,11,0,0,0,11
04/12/2020,MVY,MA,ANE,EN,Federal Contract Tower,0,1,2,2,5,0,3,16,0,19,0,4,18,2,24,8,0,8,32
04/13/2020,MVY,MA,ANE,EN,Federal Contract Tower,0,2,0,0,2,0,0,0,0,0,0,2,0,0,2,0,0,0,2
04/14/2020,MVY,MA,ANE,EN,Federal Contract Tower,0,1,1,0,2,0,3,33,0,36,0,4,34,0,38,6,0,6,44
04/15/2020,MVY,MA,ANE,EN,Federal Contract Tower,0,1,8,0,9,0,0,7,0,7,0,1,15,0,16,8,0,8,24
04/16/2020,MVY,MA,ANE,EN,Federal Contract Tower,0,1,2,0,3,0,0,4,0,4,0,1,6,0,7,6,0,6,13
04/17/2020,MVY,MA,ANE,EN,Federal Contract Tower,0,3,0,0,3,0,4,9,0,13,0,7,9,0,16,2,0,2,18
04/18/2020,MVY,MA,ANE,EN,Federal Contract Tower,0,3,10,0,13,0,0,0,0,0,0,3,10,0,13,0,0,0,13
04/19/2020,MVY,MA,ANE,EN,Federal Contract Tower,0,1,0,0,1,0,7,17,0,24,0,8,17,0,25,4,2,6,31
04/20/2020,MVY,MA,ANE,EN,Federal Contract Tower,0,1,0,0,1,0,0,6,0,6,0,1,6,0,7,0,0,0,7
04/21/2020,MVY,MA,ANE,EN,Federal Contract Tower,0,3,0,0,3,0,5,1,0,6,0,8,1,0,9,0,0,0,9
04/22/2020,MVY,MA,ANE,EN,Federal Contract Tower,0,1,0,0,1,0,3,0,0,3,0,4,0,0,4,0,0,0,4
04/23/2020,MVY,MA,ANE,EN,Federal Contract Tower,0,7,0,0,7,0,1,10,0,11,0,8,10,0,18,0,0,0,18
04/24/2020,MVY,MA,ANE,EN,Federal Contract Tower,0,5,0,0,5,0,0,0,0,0,0,5,0,0,5,0,0,0,5
04/25/2020,MVY,MA,ANE,EN,Federal Contract Tower,0,0,1,0,1,0,1,30,0,31,0,1,31,0,32,12,0,12,44
04/26/2020,MVY,MA,ANE,EN,Federal Contract Tower,0,4,1,0,5,0,1,4,0,5,0,5,5,0,10,2,0,2,12
04/27/2020,MVY,MA,ANE,EN,Federal Contract Tower,0,3,0,0,3,0,0,0,0,0,0,3,0,0,3,0,0,0,3
04/28/2020,MVY,MA,ANE,EN,Federal Contract Tower,0,8,5,2,15,0,0,4,0,4,0,8,9,2,19,0,0,0,19
04/29/2020,MVY,MA,ANE,EN,Federal Contract Tower,0,3,10,0,13,0,4,26,0,30,0,7,36,0,43,6,0,6,49
04/30/2020,MVY,MA,ANE,EN,Federal Contract Tower,0,5,0,0,5,0,1,3,0,4,0,6,3,0,9,0,0,0,9
05/01/2020,MVY,MA,ANE,EN,Federal Contract Tower,0,7,1,0,8,0,0,2,0,2,0,7,3,0,10,0,0,0,10
05/02/2020,MVY,MA,ANE,EN,Federal Contract Tower,0,4,2,0,6,0,5,13,0,18,0,9,15,0,24,0,0,0,24
05/03/2020,MVY,MA,ANE,EN,Federal Contract Tower,0,0,2,0,2,0,1,10,0,11,0,1,12,0,13,0,0,0,13
05/04/2020,MVY,MA,ANE,EN,Federal Contract Tower,0,7,2,0,9,0,2,7,0,9,0,9,9,0,18,6,0,6,24
05/05/2020,MVY,MA,ANE,EN,Federal Contract Tower,0,1,0,0,1,0,8,20,0,28,0,9,20,0,29,10,0,10,39
05/06/2020,MVY,MA,ANE,EN,Federal Contract Tower,0,3,3,0,6,0,7,37,0,44,0,10,40,0,50,0,0,0,50
05/07/2020,MVY,MA,ANE,EN,Federal Contract Tower,0,4,1,0,5,0,2,14,0,16,0,6,15,0,21,0,0,0,21
05/08/2020,MVY,MA,ANE,EN,Federal Contract Tower,0,3,3,0,6,0,4,12,0,16,0,7,15,0,22,2,0,2,24
05/09/2020,MVY,MA,ANE,EN,Federal Contract Tower,0,1,0,0,1,0,0,0,0,0,0,1,0,0,1,0,0,0,1
05/10/2020,MVY,MA,ANE,EN,Federal Contract Tower,0,2,2,0,4,0,2,5,0,7,0,4,7,0,11,0,0,0,11
05/11/2020,MVY,MA,ANE,EN,Federal Contract Tower,0,4,2,0,6,0,1,20,0,21,0,5,22,0,27,10,0,10,37
05/12/2020,MVY,MA,ANE,EN,Federal Contract Tower,0,1,2,0,3,0,1,12,0,13,0,2,14,0,16,4,0,4,20
05/13/2020,MVY,MA,ANE,EN,Federal Contract Tower,0,3,1,0,4,0,4,7,0,11,0,7,8,0,15,6,0,6,21
05/14/2020,MVY,MA,ANE,EN,Federal Contract Tower,0,3,2,0,5,0,4,19,0,23,0,7,21,0,28,10,0,10,38
05/15/2020,MVY,MA,ANE,EN,Federal Contract Tower,0,13,4,0,17,0,1,10,0,11,0,14,14,0,28,0,0,0,28
05/16/2020,MVY,MA,ANE,EN,Federal Contract Tower,0,8,5,0,13,0,3,31,0,34,0,11,36,0,47,6,0,6,53
05/17/2020,MVY,MA,ANE,EN,Federal Contract Tower,0,6,4,0,10,0,4,29,0,33,0,10,33,0,43,4,0,4,47
05/18/2020,MVY,MA,ANE,EN,Federal Contract Tower,0,14,4,2,20,0,2,11,0,13,0,16,15,2,33,8,0,8,41
05/19/2020,MVY,MA,ANE,EN,Federal Contract Tower,0,7,2,2,11,0,14,8,0,22,0,21,10,2,33,0,0,0,33
05/20/2020,MVY,MA,ANE,EN,Federal Contract Tower,0,12,9,0,21,0,8,33,0,41,0,20,42,0,62,4,0,4,66
05/21/2020,MVY,MA,ANE,EN,Federal Contract Tower,0,19,8,0,27,0,13,47,4,64,0,32,55,4,91,2,0,2,93
05/22/2020,MVY,MA,ANE,EN,Federal Contract Tower,0,14,2,0,16,0,11,40,0,51,0,25,42,0,67,0,4,4,71
05/23/2020,MVY,MA,ANE,EN,Federal Contract Tower,0,16,4,0,20,0,0,0,0,0,0,16,4,0,20,0,0,0,20
05/24/2020,MVY,MA,ANE,EN,Federal Contract Tower,0,11,13,0,24,0,5,7,0,12,0,16,20,0,36,4,0,4,40
05/25/2020,MVY,MA,ANE,EN,Federal Contract Tower,0,30,22,0,52,0,2,6,0,8,0,32,28,0,60,2,0,2,62
05/26/2020,MVY,MA,ANE,EN,Federal Contract Tower,0,32,12,0,44,0,1,14,0,15,0,33,26,0,59,2,0,2,61
05/27/2020,MVY,MA,ANE,EN,Federal Contract Tower,0,5,25,0,30,0,2,18,0,20,0,7,43,0,50,10,0,10,60
05/28/2020,MVY,MA,ANE,EN,Federal Contract Tower,0,21,11,0,32,0,3,18,0,21,0,24,29,0,53,18,0,18,71
05/29/2020,MVY,MA,ANE,EN,Federal Contract Tower,0,30,22,0,52,0,0,0,0,0,0,30,22,0,52,0,0,0,52
05/30/2020,MVY,MA,ANE,EN,Federal Contract Tower,0,18,16,0,34,0,9,15,0,24,0,27,31,0,58,10,0,10,68
05/31/2020,MVY,MA,ANE,EN,Federal Contract Tower,0,12,5,0,17,0,13,64,0,77,0,25,69,0,94,0,0,0,94
06/01/2020,MVY,MA,ANE,EN,Federal Contract Tower,0,20,5,3,28,0,9,23,1,33,0,29,28,4,61,16,12,28,89
06/02/2020,MVY,MA,ANE,EN,Federal Contract Tower,0,12,5,1,18,0,10,39,3,52,0,22,44,4,70,18,0,18,88
06/03/2020,MVY,MA,ANE,EN,Federal Contract Tower,0,23,5,0,28,0,6,17,0,23,0,29,22,0,51,0,0,0,51
06/04/2020,MVY,MA,ANE,EN,Federal Contract Tower,0,18,8,2,28,0,23,46,0,69,0,41,54,2,97,20,0,20,117
06/05/2020,MVY,MA,ANE,EN,Federal Contract Tower,0,39,12,0,51,0,4,6,6,16,0,43,18,6,67,0,8,8,75
06/06/2020,MVY,MA,ANE,EN,Federal Contract Tower,0,21,21,0,42,0,0,1,0,1,0,21,22,0,43,0,0,0,43
06/07/2020,MVY,MA,ANE,EN,Federal Contract Tower,0,19,12,0,31,0,10,24,0,34,0,29,36,0,65,0,0,0,65
06/08/2020,MVY,MA,ANE,EN,Federal Contract Tower,0,26,5,1,32,0,14,48,1,63,0,40,53,2,95,0,6,6,101
06/09/2020,MVY,MA,ANE,EN,Federal Contract Tower,0,15,4,0,19,0,16,38,0,54,0,31,42,0,73,4,0,4,77
06/10/2020,MVY,MA,ANE,EN,Federal Contract Tower,0,17,22,0,39,0,13,17,0,30,0,30,39,0,69,11,0,11,80
06/11/2020,MVY,MA,ANE,EN,Federal Contract Tower,0,44,13,0,57,0,4,3,0,7,0,48,16,0,64,0,0,0,64
06/12/2020,MVY,MA,ANE,EN,Federal Contract Tower,0,40,20,6,66,0,13,33,0,46,0,53,53,6,112,4,0,4,116
06/13/2020,MVY,MA,ANE,EN,Federal Contract Tower,0,15,10,0,25,0,6,75,0,81,0,21,85,0,106,24,0,24,130
06/14/2020,MVY,MA,ANE,EN,Federal Contract Tower,0,31,10,0,41,0,37,66,0,103,0,68,76,0,144,0,4,4,148
06/15/2020,MVY,MA,ANE,EN,Federal Contract Tower,0,32,11,0,43,0,4,15,0,19,0,36,26,0,62,2,0,2,64
06/16/2020,MVY,MA,ANE,EN,Federal Contract Tower,0,29,8,0,37,0,21,57,0,78,0,50,65,0,115,2,0,2,117
06/17/2020,MVY,MA,ANE,EN,Federal Contract Tower,0,34,12,6,52,0,14,68,0,82,0,48,80,6,134,20,0,20,154
06/18/2020,MVY,MA,ANE,EN,Federal Contract Tower,0,38,26,0,64,0,7,22,0,29,0,45,48,0,93,16,0,16,109
06/19/2020,MVY,MA,ANE,EN,Federal Contract Tower,2,42,27,0,71,0,25,53,0,78,2,67,80,0,149,36,0,36,185
06/20/2020,MVY,MA,ANE,EN,Federal Contract Tower,4,30,11,0,45,0,13,71,0,84,4,43,82,0,129,8,0,8,137
06/21/2020,MVY,MA,ANE,EN,Federal Contract Tower,2,54,20,0,76,0,24,38,0,62,2,78,58,0,138,0,0,0,138
06/22/2020,MVY,MA,ANE,EN,Federal Contract Tower,2,33,33,4,72,0,8,36,0,44,2,41,69,4,116,2,0,2,118
06/23/2020,MVY,MA,ANE,EN,Federal Contract Tower,2,60,22,0,84,0,0,19,0,19,2,60,41,0,103,12,0,12,115
06/24/2020,MVY,MA,ANE,EN,Federal Contract Tower,2,60,27,0,89,0,1,3,0,4,2,61,30,0,93,2,0,2,95
06/25/2020,MVY,MA,ANE,EN,Federal Contract Tower,2,34,10,0,46,0,29,69,0,98,2,63,79,0,144,26,2,28,172
06/26/2020,MVY,MA,ANE,EN,Federal Contract Tower,4,42,23,0,69,0,27,43,0,70,4,69,66,0,139,28,0,28,167
06/27/2020,MVY,MA,ANE,EN,Federal Contract Tower,4,36,17,0,57,0,17,28,0,45,4,53,45,0,102,66,0,66,168
06/28/2020,MVY,MA,ANE,EN,Federal Contract Tower,0,10,45,17,72,0,30,68,0,98,0,40,113,17,170,56,0,56,226
06/29/2020,MVY,MA,ANE,EN,Federal Contract Tower,2,59,32,0,93,0,4,10,0,14,2,63,42,0,107,0,0,0,107
06/30/2020,MVY,MA,ANE,EN,Federal Contract Tower,2,57,23,0,82,0,5,8,0,13,2,62,31,0,95,70,0,70,165
07/01/2020,MVY,MA,ANE,EN,Federal Contract Tower,4,74,40,0,118,0,8,11,0,19,4,82,51,0,137,26,0,26,163
07/02/2020,MVY,MA,ANE,EN,Federal Contract Tower,4,48,30,0,82,0,29,90,0,119,4,77,120,0,201,40,0,40,241
07/03/2020,MVY,MA,ANE,EN,Federal Contract Tower,4,48,29,0,81,0,8,4,0,12,4,56,33,0,93,6,0,6,99
07/04/2020,MVY,MA,ANE,EN,Federal Contract Tower,8,30,36,0,74,0,3,10,0,13,8,33,46,0,87,0,0,0,87
07/05/2020,MVY,MA,ANE,EN,Federal Contract Tower,6,65,64,0,135,0,0,22,0,22,6,65,86,0,157,0,0,0,157
07/06/2020,MVY,MA,ANE,EN,Federal Contract Tower,4,67,45,0,116,0,6,19,0,25,4,73,64,0,141,44,0,44,185
07/07/2020,MVY,MA,ANE,EN,Federal Contract Tower,4,52,29,0,85,0,11,46,0,57,4,63,75,0,142,36,0,36,178
07/08/2020,MVY,MA,ANE,EN,Federal Contract Tower,4,52,40,0,96,0,6,32,0,38,4,58,72,0,134,44,8,52,186
07/09/2020,MVY,MA,ANE,EN,Federal Contract Tower,6,46,34,0,86,0,27,36,0,63,6,73,70,0,149,36,6,42,191
07/10/2020,MVY,MA,ANE,EN,Federal Contract Tower,8,56,31,0,95,0,0,1,0,1,8,56,32,0,96,0,0,0,96
07/11/2020,MVY,MA,ANE,EN,Federal Contract Tower,15,62,29,0,106,0,0,6,0,6,15,62,35,0,112,0,0,0,112
07/12/2020,MVY,MA,ANE,EN,Federal Contract Tower,10,57,21,0,88,0,31,85,2,118,10,88,106,2,206,72,0,72,278
07/13/2020,MVY,MA,ANE,EN,Federal Contract Tower,6,51,33,0,90,0,11,23,0,34,6,62,56,0,124,0,0,0,124
07/14/2020,MVY,MA,ANE,EN,Federal Contract Tower,4,57,28,0,89,0,9,47,0,56,4,66,75,0,145,32,4,36,181
07/15/2020,MVY,MA,ANE,EN,Federal Contract Tower,4,52,26,0,82,0,13,67,0,80,4,65,93,0,162,106,0,106,268
07/16/2020,MVY,MA,ANE,EN,Federal Contract Tower,8,36,34,2,80,0,45,113,0,158,8,81,147,2,238,50,0,50,288
07/17/2020,MVY,MA,ANE,EN,Federal Contract Tower,10,86,24,4,124,0,5,10,0,15,10,91,34,4,139,72,0,72,211
07/18/2020,MVY,MA,ANE,EN,Federal Contract Tower,16,35,34,2,87,0,16,95,0,111,16,51,129,2,198,64,0,64,262
07/19/2020,MVY,MA,ANE,EN,Federal Contract Tower,10,82,89,0,181,0,0,4,0,4,10,82,93,0,185,0,0,0,185
07/20/2020,MVY,MA,ANE,EN,Federal Contract Tower,6,47,20,0,73,0,20,41,0,61,6,67,61,0,134,10,0,10,144
07/21/2020,MVY,MA,ANE,EN,Federal Contract Tower,4,38,9,0,51,0,23,101,0,124,4,61,110,0,175,16,0,16,191
07/22/2020,MVY,MA,ANE,EN,Federal Contract Tower,6,29,24,1,60,0,19,35,3,57,6,48,59,4,117,60,0,60,177
07/23/2020,MVY,MA,ANE,EN,Federal Contract Tower,6,41,28,0,75,0,37,46,2,85,6,78,74,2,160,46,0,46,206
07/24/2020,MVY,MA,ANE,EN,Federal Contract Tower,12,36,35,0,83,0,39,71,0,110,12,75,106,0,193,104,0,104,297
07/25/2020,MVY,MA,ANE,EN,Federal Contract Tower,20,44,36,2,102,0,23,113,0,136,20,67,149,2,238,106,0,106,344
07/26/2020,MVY,MA,ANE,EN,Federal Contract Tower,14,52,37,0,103,0,40,101,0,141,14,92,138,0,244,64,0,64,308
07/27/2020,MVY,MA,ANE,EN,Federal Contract Tower,10,23,9,0,42,0,28,90,0,118,10,51,99,0,160,56,0,56,216
07/28/2020,MVY,MA,ANE,EN,Federal Contract Tower,6,26,16,6,54,0,42,99,0,141,6,68,115,6,195,68,10,78,273
07/29/2020,MVY,MA,ANE,EN,Federal Contract Tower,8,30,17,0,55,0,31,82,0,113,8,61,99,0,168,52,0,52,220
07/30/2020,MVY,MA,ANE,EN,Federal Contract Tower,6,56,27,0,89,0,16,42,0,58,6,72,69,0,147,100,0,100,247
07/31/2020,MVY,MA,ANE,EN,Federal Contract Tower,10,53,35,0,98,0,26,56,0,82,10,79,91,0,180,78,0,78,258
08/01/2020,MVY,MA,ANE,EN,Federal Contract Tower,14,31,28,0,73,0,21,98,0,119,14,52,126,0,192,54,0,54,246
08/02/2020,MVY,MA,ANE,EN,Federal Contract Tower,14,45,19,0,78,0,16,49,0,65,14,61,68,0,143,98,0,98,241
08/03/2020,MVY,MA,ANE,EN,Federal Contract Tower,6,50,11,6,73,0,20,51,0,71,6,70,62,6,144,26,0,26,170
08/04/2020,MVY,MA,ANE,EN,Federal Contract Tower,2,29,19,0,50,0,0,1,0,1,2,29,20,0,51,0,0,0,51
08/05/2020,MVY,MA,ANE,EN,Federal Contract Tower,4,38,26,0,68,0,19,23,0,42,4,57,49,0,110,0,0,0,110
08/06/2020,MVY,MA,ANE,EN,Federal Contract Tower,6,32,32,0,70,0,44,84,0,128,6,76,116,0,198,0,0,0,198
08/07/2020,MVY,MA,ANE,EN,Federal Contract Tower,7,48,26,0,81,0,21,30,0,51,7,69,56,0,132,0,0,0,132
08/08/2020,MVY,MA,ANE,EN,Federal Contract Tower,17,48,63,4,132,0,7,28,0,35,17,55,91,4,167,34,0,34,201
08/09/2020,MVY,MA,ANE,EN,Federal Contract Tower,10,37,29,0,76,0,41,94,6,141,10,78,123,6,217,0,0,0,217
08/10/2020,MVY,MA,ANE,EN,Federal Contract Tower,4,56,41,0,101,0,18,57,0,75,4,74,98,0,176,2,0,2,178
08/11/2020,MVY,MA,ANE,EN,Federal Contract Tower,4,53,44,12,113,0,8,19,4,31,4,61,63,16,144,18,0,18,162
08/12/2020,MVY,MA,ANE,EN,Federal Contract Tower,4,31,48,0,83,0,10,29,0,39,4,41,77,0,122,2,0,2,124
08/13/2020,MVY,MA,ANE,EN,Federal Contract Tower,4,56,34,0,94,0,16,55,0,71,4,72,89,0,165,2,0,2,167
08/14/2020,MVY,MA,ANE,EN,Federal Contract Tower,10,41,19,0,70,0,36,85,0,121,10,77,104,0,191,50,0,50,241
08/15/2020,MVY,MA,ANE,EN,Federal Contract Tower,14,48,37,0,99,0,2,10,0,12,14,50,47,0,111,0,0,0,111
08/16/2020,MVY,MA,ANE,EN,Federal Contract Tower,16,55,52,0,123,0,1,3,0,4,16,56,55,0,127,0,0,0,127
08/17/2020,MVY,MA,ANE,EN,Federal Contract Tower,4,60,22,0,86,0,9,43,0,52,4,69,65,0,138,0,0,0,138
08/18/2020,MVY,MA,ANE,EN,Federal Contract Tower,4,38,27,0,69,0,21,83,0,104,4,59,110,0,173,48,0,48,221
08/19/2020,MVY,MA,ANE,EN,Federal Contract Tower,4,55,30,8,97,0,19,59,0,78,4,74,89,8,175,54,2,56,231
08/20/2020,MVY,MA,ANE,EN,Federal Contract Tower,4,41,28,0,73,0,36,86,0,122,4,77,114,0,195,42,0,42,237
08/21/2020,MVY,MA,ANE,EN,Federal Contract Tower,8,42,35,4,89,0,48,105,0,153,8,90,140,4,242,22,0,22,264
08/22/2020,MVY,MA,ANE,EN,Federal Contract Tower,14,30,26,0,70,0,27,94,0,121,14,57,120,0,191,38,0,38,229
08/23/2020,MVY,MA,ANE,EN,Federal Contract Tower,16,30,44,0,90,0,21,94,0,115,16,51,138,0,205,0,0,0,205
08/24/2020,MVY,MA,ANE,EN,Federal Contract Tower,4,62,45,0,111,0,16,33,0,49,4,78,78,0,160,112,0,112,272
08/25/2020,MVY,MA,ANE,EN,Federal Contract Tower,6,30,17,2,55,0,17,58,0,75,6,47,75,2,130,72,4,76,206
08/26/2020,MVY,MA,ANE,EN,Federal Contract Tower,4,32,21,2,59,0,31,86,0,117,4,63,107,2,176,48,0,48,224
08/27/2020,MVY,MA,ANE,EN,Federal Contract Tower,4,36,27,0,67,0,12,18,0,30,4,48,45,0,97,28,0,28,125
08/28/2020,MVY,MA,ANE,EN,Federal Contract Tower,8,45,47,0,100,0,27,63,0,90,8,72,110,0,190,2,0,2,192
08/29/2020,MVY,MA,ANE,EN,Federal Contract Tower,12,45,24,0,81,0,0,0,0,0,12,45,24,0,81,0,0,0,81
08/30/2020,MVY,MA,ANE,EN,Federal Contract Tower,12,21,27,0,60,0,37,161,0,198,12,58,188,0,258,66,0,66,324
08/31/2020,MVY,MA,ANE,EN,Federal Contract Tower,4,23,14,0,41,0,18,68,0,86,4,41,82,0,127,44,0,44,171
09/01/2020,MVY,MA,ANE,EN,Federal Contract Tower,4,32,21,4,61,0,22,66,0,88,4,54,87,4,149,30,0,30,179
09/02/2020,MVY,MA,ANE,EN,Federal Contract Tower,4,63,30,2,99,0,1,4,0,5,4,64,34,2,104,0,0,0,104
09/03/2020,MVY,MA,ANE,EN,Federal Contract Tower,6,74,49,0,129,0,5,2,0,7,6,79,51,0,136,0,0,0,136
09/04/2020,MVY,MA,ANE,EN,Federal Contract Tower,8,54,28,0,90,0,37,86,0,123,8,91,114,0,213,28,0,28,241
09/05/2020,MVY,MA,ANE,EN,Federal Contract Tower,16,20,31,0,67,0,36,88,0,124,16,56,119,0,191,36,0,36,227
09/06/2020,MVY,MA,ANE,EN,Federal Contract Tower,8,21,13,0,42,0,27,96,0,123,8,48,109,0,165,12,0,12,177
09/07/2020,MVY,MA,ANE,EN,Federal Contract Tower,16,52,32,0,100,0,61,139,0,200,16,113,171,0,300,10,0,10,310
09/08/2020,MVY,MA,ANE,EN,Federal Contract Tower,4,53,38,0,95,0,9,56,0,65,4,62,94,0,160,56,0,56,216
09/09/2020,MVY,MA,ANE,EN,Federal Contract Tower,4,61,41,0,106,0,2,7,0,9,4,63,48,0,115,16,0,16,131
09/10/2020,MVY,MA,ANE,EN,Federal Contract Tower,2,49,30,0,81,0,2,4,0,6,2,51,34,0,87,6,0,6,93
09/11/2020,MVY,MA,ANE,EN,Federal Contract Tower,2,52,28,0,82,0,13,28,0,41,2,65,56,0,123,20,0,20,143
09/12/2020,MVY,MA,ANE,EN,Federal Contract Tower,2,26,23,0,51,0,28,80,0,108,2,54,103,0,159,38,0,38,197
09/13/2020,MVY,MA,ANE,EN,Federal Contract Tower,2,35,23,0,60,0,37,39,0,76,2,72,62,0,136,36,0,36,172
09/14/2020,MVY,MA,ANE,EN,Federal Contract Tower,2,23,13,11,49,0,25,50,1,76,2,48,63,12,125,88,14,102,227
09/15/2020,MVY,MA,ANE,EN,Federal Contract Tower,2,26,9,0,37,0,25,81,3,109,2,51,90,3,146,42,0,42,188
09/16/2020,MVY,MA,ANE,EN,Federal Contract Tower,2,14,14,0,30,0,21,54,0,75,2,35,68,0,105,38,0,38,143
09/17/2020,MVY,MA,ANE,EN,Federal Contract Tower,2,36,20,2,60,0,22,47,0,69,2,58,67,2,129,0,0,0,129
09/18/2020,MVY,MA,ANE,EN,Federal Contract Tower,2,66,32,0,100,0,9,26,0,35,2,75,58,0,135,0,0,0,135
09/19/2020,MVY,MA,ANE,EN,Federal Contract Tower,4,13,8,0,25,0,31,51,0,82,4,44,59,0,107,40,0,40,147
09/20/2020,MVY,MA,ANE,EN,Federal Contract Tower,2,44,17,0,63,0,37,79,0,116,2,81,96,0,179,62,0,62,241
09/21/2020,MVY,MA,ANE,EN,Federal Contract Tower,2,20,12,2,36,0,21,60,0,81,2,41,72,2,117,26,0,26,143
09/22/2020,MVY,MA,ANE,EN,Federal Contract Tower,2,19,6,0,27,0,18,13,0,31,2,37,19,0,58,34,0,34,92
09/23/2020,MVY,MA,ANE,EN,Federal Contract Tower,2,19,5,0,26,0,21,88,0,109,2,40,93,0,135,38,0,38,173
09/24/2020,MVY,MA,ANE,EN,Federal Contract Tower,2,40,25,0,67,0,40,95,0,135,2,80,120,0,202,32,0,32,234
09/25/2020,MVY,MA,ANE,EN,Federal Contract Tower,2,57,36,0,95,0,28,88,0,116,2,85,124,0,211,0,0,0,211
09/26/2020,MVY,MA,ANE,EN,Federal Contract Tower,2,27,35,0,64,0,12,44,0,56,2,39,79,0,120,22,0,22,142
09/27/2020,MVY,MA,ANE,EN,Federal Contract Tower,2,50,52,0,104,0,15,67,0,82,2,65,119,0,186,0,0,0,186
09/28/2020,MVY,MA,ANE,EN,Federal Contract Tower,2,49,43,2,96,0,0,0,0,0,2,49,43,2,96,0,0,0,96
09/29/2020,MVY,MA,ANE,EN,Federal Contract Tower,2,26,40,4,72,0,7,13,0,20,2,33,53,4,92,20,0,20,112
09/30/2020,MVY,MA,ANE,EN,Federal Contract Tower,2,40,11,0,53,0,6,11,0,17,2,46,22,0,70,0,0,0,70
10/01/2020,MVY,MA,ANE,EN,Federal Contract Tower,2,30,28,0,60,0,18,71,0,89,2,48,99,0,149,24,0,24,173
10/02/2020,MVY,MA,ANE,EN,Federal Contract Tower,2,37,32,0,71,0,9,33,0,42,2,46,65,0,113,18,0,18,131
10/03/2020,MVY,MA,ANE,EN,Federal Contract Tower,0,27,10,0,37,0,24,67,0,91,0,51,77,0,128,14,8,22,150
10/04/2020,MVY,MA,ANE,EN,Federal Contract Tower,2,34,21,0,57,0,44,143,0,187,2,78,164,0,244,16,0,16,260
10/05/2020,MVY,MA,ANE,EN,Federal Contract Tower,2,32,29,0,63,0,5,17,0,22,2,37,46,0,85,30,0,30,115
10/06/2020,MVY,MA,ANE,EN,Federal Contract Tower,0,26,28,2,56,0,20,48,0,68,0,46,76,2,124,22,0,22,146
10/07/2020,MVY,MA,ANE,EN,Federal Contract Tower,0,20,9,0,29,0,6,16,0,22,0,26,25,0,51,6,0,6,57
10/08/2020,MVY,MA,ANE,EN,Federal Contract Tower,2,27,16,0,45,0,37,29,0,66,2,64,45,0,111,0,0,0,111
10/09/2020,MVY,MA,ANE,EN,Federal Contract Tower,2,42,10,0,54,0,38,93,0,131,2,80,103,0,185,0,0,0,185
10/10/2020,MVY,MA,ANE,EN,Federal Contract Tower,0,14,6,0,20,0,17,17,0,34,0,31,23,0,54,0,0,0,54
10/11/2020,MVY,MA,ANE,EN,Federal Contract Tower,2,29,17,0,48,0,25,72,0,97,2,54,89,0,145,20,0,20,165
10/12/2020,MVY,MA,ANE,EN,Federal Contract Tower,2,71,33,0,106,0,3,17,0,20,2,74,50,0,126,0,0,0,126
10/13/2020,MVY,MA,ANE,EN,Federal Contract Tower,0,42,11,0,53,0,0,0,0,0,0,42,11,0,53,0,0,0,53
10/14/2020,MVY,MA,ANE,EN,Federal Contract Tower,0,18,15,0,33,0,12,59,0,71,0,30,74,0,104,6,0,6,110
10/15/2020,MVY,MA,ANE,EN,Federal Contract Tower,0,21,16,0,37,0,18,62,0,80,0,39,78,0,117,0,4,4,121
10/16/2020,MVY,MA,ANE,EN,Federal Contract Tower,0,28,24,0,52,0,7,12,0,19,0,35,36,0,71,24,0,24,95
10/17/2020,MVY,MA,ANE,EN,Federal Contract Tower,0,13,11,0,24,0,6,20,0,26,0,19,31,0,50,0,0,0,50
10/18/2020,MVY,MA,ANE,EN,Federal Contract Tower,0,25,20,2,47,0,16,79,0,95,0,41,99,2,142,18,0,18,160
10/19/2020,MVY,MA,ANE,EN,Federal Contract Tower,0,17,6,0,23,0,15,30,0,45,0,32,36,0,68,8,0,8,76
10/20/2020,MVY,MA,ANE,EN,Federal Contract Tower,0,27,20,0,47,0,0,2,0,2,0,27,22,0,49,0,0,0,49
10/21/2020,MVY,MA,ANE,EN,Federal Contract Tower,0,26,25,0,51,0,0,0,0,0,0,26,25,0,51,0,0,0,51
10/22/2020,MVY,MA,ANE,EN,Federal Contract Tower,0,29,11,4,44,0,1,27,0,28,0,30,38,4,72,0,0,0,72
10/23/2020,MVY,MA,ANE,EN,Federal Contract Tower,0,23,23,0,46,0,9,30,0,39,0,32,53,0,85,14,0,14,99
10/24/2020,MVY,MA,ANE,EN,Federal Contract Tower,0,25,14,0,39,0,4,9,0,13,0,29,23,0,52,0,0,0,52
10/25/2020,MVY,MA,ANE,EN,Federal Contract Tower,0,30,21,0,51,0,15,56,0,71,0,45,77,0,122,10,2,12,134
10/26/2020,MVY,MA,ANE,EN,Federal Contract Tower,0,28,25,0,53,0,2,0,0,2,0,30,25,0,55,0,0,0,55
10/27/2020,MVY,MA,ANE,EN,Federal Contract Tower,0,21,9,0,30,0,10,10,0,20,0,31,19,0,50,14,0,14,64
10/28/2020,MVY,MA,ANE,EN,Federal Contract Tower,0,27,21,0,48,0,2,2,0,4,0,29,23,0,52,0,0,0,52
10/29/2020,MVY,MA,ANE,EN,Federal Contract Tower,0,22,23,0,45,0,3,7,0,10,0,25,30,0,55,0,0,0,55
10/30/2020,MVY,MA,ANE,EN,Federal Contract Tower,0,27,3,0,30,0,0,0,0,0,0,27,3,0,30,0,0,0,30
10/31/2020,MVY,MA,ANE,EN,Federal Contract Tower,0,13,9,0,22,0,18,64,1,83,0,31,73,1,105,12,0,12,117
11/01/2020,MVY,MA,ANE,EN,Federal Contract Tower,0,28,11,0,39,0,5,9,0,14,0,33,20,0,53,0,6,6,59
11/02/2020,MVY,MA,ANE,EN,Federal Contract Tower,0,7,1,0,8,0,7,1,0,8,0,14,2,0,16,0,0,0,16
11/03/2020,MVY,MA,ANE,EN,Federal Contract Tower,0,8,9,0,17,0,16,14,0,30,0,24,23,0,47,10,0,10,57
11/04/2020,MVY,MA,ANE,EN,Federal Contract Tower,0,12,5,0,17,0,9,50,0,59,0,21,55,0,76,24,0,24,100
11/05/2020,MVY,MA,ANE,EN,Federal Contract Tower,0,14,1,0,15,0,7,25,0,32,0,21,26,0,47,0,0,0,47
11/06/2020,MVY,MA,ANE,EN,Federal Contract Tower,0,17,23,0,40,0,6,21,0,27,0,23,44,0,67,0,0,0,67
11/07/2020,MVY,MA,ANE,EN,Federal Contract Tower,0,6,15,0,21,0,5,66,0,71,0,11,81,0,92,0,0,0,92
11/08/2020,MVY,MA,ANE,EN,Federal Contract Tower,0,8,11,0,19,0,11,105,0,116,0,19,116,0,135,6,0,6,141
11/09/2020,MVY,MA,ANE,EN,Federal Contract Tower,0,7,16,0,23,0,8,52,0,60,0,15,68,0,83,10,0,10,93
11/10/2020,MVY,MA,ANE,EN,Federal Contract Tower,0,17,8,0,25,0,8,42,0,50,0,25,50,0,75,22,0,22,97
11/11/2020,MVY,MA,ANE,EN,Federal Contract Tower,0,13,10,0,23,0,2,4,0,6,0,15,14,0,29,0,0,0,29
11/12/2020,MVY,MA,ANE,EN,Federal Contract Tower,0,16,13,0,29,0,0,3,0,3,0,16,16,0,32,0,0,0,32
11/13/2020,MVY,MA,ANE,EN,Federal Contract Tower,0,17,20,0,37,0,0,0,0,0,0,17,20,0,37,0,0,0,37
11/14/2020,MVY,MA,ANE,EN,Federal Contract Tower,0,4,6,0,10,0,6,57,0,63,0,10,63,0,73,4,0,4,77
11/15/2020,MVY,MA,ANE,EN,Federal Contract Tower,0,8,9,0,17,0,6,39,0,45,0,14,48,0,62,14,0,14,76
11/16/2020,MVY,MA,ANE,EN,Federal Contract Tower,0,7,0,0,7,0,11,12,0,23,0,18,12,0,30,0,0,0,30
11/17/2020,MVY,MA,ANE,EN,Federal Contract Tower,0,9,6,0,15,0,6,27,0,33,0,15,33,0,48,18,0,18,66
11/18/2020,MVY,MA,ANE,EN,Federal Contract Tower,0,8,2,0,10,0,12,26,0,38,0,20,28,0,48,4,0,4,52
11/19/2020,MVY,MA,ANE,EN,Federal Contract Tower,0,13,8,0,21,0,12,28,0,40,0,25,36,0,61,2,0,2,63
11/20/2020,MVY,MA,ANE,EN,Federal Contract Tower,0,13,2,0,15,0,7,21,0,28,0,20,23,0,43,0,0,0,43
11/21/2020,MVY,MA,ANE,EN,Federal Contract Tower,0,18,13,0,31,0,15,85,0,100,0,33,98,0,131,0,0,0,131
11/22/2020,MVY,MA,ANE,EN,Federal Contract Tower,0,13,14,0,27,0,4,54,0,58,0,17,68,0,85,0,0,0,85
11/23/2020,MVY,MA,ANE,EN,Federal Contract Tower,0,16,4,0,20,0,1,1,0,2,0,17,5,0,22,0,0,0,22
11/24/2020,MVY,MA,ANE,EN,Federal Contract Tower,0,17,3,0,20,0,19,22,0,41,0,36,25,0,61,26,0,26,87
11/25/2020,MVY,MA,ANE,EN,Federal Contract Tower,0,23,11,0,34,0,10,14,0,24,0,33,25,0,58,2,0,2,60
11/26/2020,MVY,MA,ANE,EN,Federal Contract Tower,0,10,3,0,13,0,3,0,0,3,0,13,3,0,16,0,0,0,16
11/27/2020,MVY,MA,ANE,EN,Federal Contract Tower,0,16,15,0,31,0,12,31,0,43,0,28,46,0,74,6,0,6,80
11/28/2020,MVY,MA,ANE,EN,Federal Contract Tower,0,17,15,0,32,0,13,53,0,66,0,30,68,0,98,12,0,12,110
11/29/2020,MVY,MA,ANE,EN,Federal Contract Tower,0,12,13,0,25,0,37,98,0,135,0,49,111,0,160,26,0,26,186
11/30/2020,MVY,MA,ANE,EN,Federal Contract Tower,0,24,4,0,28,0,3,2,0,5,0,27,6,0,33,0,0,0,33
12/01/2020,MVY,MA,ANE,EN,Federal Contract Tower,0,22,6,1,29,0,2,2,1,5,0,24,8,2,34,0,0,0,34
12/02/2020,MVY,MA,ANE,EN,Federal Contract Tower,0,6,5,0,11,0,8,13,0,21,0,14,18,0,32,0,0,0,32
12/03/2020,MVY,MA,ANE,EN,Federal Contract Tower,0,6,4,0,10,0,6,29,0,35,0,12,33,0,45,0,0,0,45
12/04/2020,MVY,MA,ANE,EN,Federal Contract Tower,0,9,7,0,16,0,5,27,0,32,0,14,34,0,48,6,0,6,54
12/05/2020,MVY,MA,ANE,EN,Federal Contract Tower,0,4,0,0,4,0,0,0,0,0,0,4,0,0,4,0,0,0,4
12/06/2020,MVY,MA,ANE,EN,Federal Contract Tower,0,4,4,0,8,0,6,13,0,19,0,10,17,0,27,0,0,0,27
12/07/2020,MVY,MA,ANE,EN,Federal Contract Tower,0,5,5,0,10,0,4,27,0,31,0,9,32,0,41,0,0,0,41
12/08/2020,MVY,MA,ANE,EN,Federal Contract Tower,0,16,1,0,17,0,2,2,0,4,0,18,3,0,21,0,0,0,21
12/09/2020,MVY,MA,ANE,EN,Federal Contract Tower,0,13,5,0,18,0,10,4,0,14,0,23,9,0,32,0,0,0,32
12/10/2020,MVY,MA,ANE,EN,Federal Contract Tower,0,8,6,0,14,0,10,26,0,36,0,18,32,0,50,0,0,0,50
12/11/2020,MVY,MA,ANE,EN,Federal Contract Tower,0,7,5,0,12,0,14,30,0,44,0,21,35,0,56,10,0,10,66
12/12/2020,MVY,MA,ANE,EN,Federal Contract Tower,0,15,4,0,19,0,0,0,0,0,0,15,4,0,19,0,0,0,19
12/13/2020,MVY,MA,ANE,EN,Federal Contract Tower,0,7,13,0,20,0,5,45,0,50,0,12,58,0,70,24,0,24,94
12/14/2020,MVY,MA,ANE,EN,Federal Contract Tower,0,8,4,0,12,0,3,2,0,5,0,11,6,0,17,0,0,0,17
12/15/2020,MVY,MA,ANE,EN,Federal Contract Tower,0,3,3,1,7,0,8,25,1,34,0,11,28,2,41,0,0,0,41
12/16/2020,MVY,MA,ANE,EN,Federal Contract Tower,0,3,1,0,4,0,4,17,0,21,0,7,18,0,25,0,0,0,25
12/17/2020,MVY,MA,ANE,EN,Federal Contract Tower,0,0,2,0,2,0,0,0,0,0,0,0,2,0,2,0,0,0,2
12/18/2020,MVY,MA,ANE,EN,Federal Contract Tower,0,10,1,0,11,0,4,2,0,6,0,14,3,0,17,2,0,2,19
12/19/2020,MVY,MA,ANE,EN,Federal Contract Tower,0,14,7,0,21,0,8,23,0,31,0,22,30,0,52,0,0,0,52
12/20/2020,MVY,MA,ANE,EN,Federal Contract Tower,0,1,1,0,2,0,6,5,0,11,0,7,6,0,13,0,0,0,13
12/21/2020,MVY,MA,ANE,EN,Federal Contract Tower,0,10,1,0,11,0,0,0,0,0,0,10,1,0,11,0,0,0,11
12/22/2020,MVY,MA,ANE,EN,Federal Contract Tower,0,7,1,0,8,0,7,28,0,35,0,14,29,0,43,8,0,8,51
12/23/2020,MVY,MA,ANE,EN,Federal Contract Tower,0,6,3,0,9,0,13,32,0,45,0,19,35,0,54,0,0,0,54
12/24/2020,MVY,MA,ANE,EN,Federal Contract Tower,0,9,0,0,9,0,10,0,0,10,0,19,0,0,19,0,0,0,19
12/25/2020,MVY,MA,ANE,EN,Federal Contract Tower,0,3,0,0,3,0,0,0,0,0,0,3,0,0,3,0,0,0,3
12/26/2020,MVY,MA,ANE,EN,Federal Contract Tower,0,3,6,4,13,0,10,15,0,25,0,13,21,4,38,0,0,0,38
12/27/2020,MVY,MA,ANE,EN,Federal Contract Tower,0,3,10,0,13,0,7,59,0,66,0,10,69,0,79,0,0,0,79
12/28/2020,MVY,MA,ANE,EN,Federal Contract Tower,0,4,3,0,7,0,8,18,0,26,0,12,21,0,33,0,0,0,33
12/29/2020,MVY,MA,ANE,EN,Federal Contract Tower,0,3,4,4,11,0,12,11,0,23,0,15,15,4,34,0,4,4,38
12/30/2020,MVY,MA,ANE,EN,Federal Contract Tower,0,7,4,0,11,0,11,49,0,60,0,18,53,0,71,6,0,6,77
12/31/2020,MVY,MA,ANE,EN,Federal Contract Tower,0,8,6,0,14,0,2,4,0,6,0,10,10,0,20,8,0,8,28
01/01/2021,MVY,MA,ANE,EN,Federal Contract Tower,0,8,1,0,9,0,4,51,2,57,0,12,52,2,66,0,0,0,66
01/02/2021,MVY,MA,ANE,EN,Federal Contract Tower,0,14,16,0,30,0,1,2,0,3,0,15,18,0,33,0,0,0,33
01/03/2021,MVY,MA,ANE,EN,Federal Contract Tower,0,8,10,0,18,0,4,2,0,6,0,12,12,0,24,0,0,0,24
01/04/2021,MVY,MA,ANE,EN,Federal Contract Tower,0,10,3,0,13,0,0,1,0,1,0,10,4,0,14,0,0,0,14
01/05/2021,MVY,MA,ANE,EN,Federal Contract Tower,0,15,3,0,18,0,0,0,0,0,0,15,3,0,18,0,0,0,18
01/06/2021,MVY,MA,ANE,EN,Federal Contract Tower,0,1,1,0,2,0,6,21,0,27,0,7,22,0,29,0,0,0,29
01/07/2021,MVY,MA,ANE,EN,Federal Contract Tower,0,7,4,0,11,0,4,19,2,25,0,11,23,2,36,0,0,0,36
01/08/2021,MVY,MA,ANE,EN,Federal Contract Tower,0,4,3,0,7,0,10,36,0,46,0,14,39,0,53,22,0,22,75
01/09/2021,MVY,MA,ANE,EN,Federal Contract Tower,0,7,0,0,7,0,5,3,0,8,0,12,3,0,15,0,0,0,15
01/10/2021,MVY,MA,ANE,EN,Federal Contract Tower,0,4,5,0,9,0,7,74,0,81,0,11,79,0,90,6,0,6,96
01/11/2021,MVY,MA,ANE,EN,Federal Contract Tower,0,7,5,1,13,0,5,11,1,17,0,12,16,2,30,0,0,0,30
01/12/2021,MVY,MA,ANE,EN,Federal Contract Tower,0,2,1,0,3,0,7,25,0,32,0,9,26,0,35,0,0,0,35
01/13/2021,MVY,MA,ANE,EN,Federal Contract Tower,0,3,2,0,5,0,1,20,0,21,0,4,22,0,26,0,0,0,26
01/14/2021,MVY,MA,ANE,EN,Federal Contract Tower,0,3,8,0,11,0,8,7,0,15,0,11,15,0,26,0,0,0,26
01/15/2021,MVY,MA,ANE,EN,Federal Contract Tower,0,10,7,3,20,0,4,11,1,16,0,14,18,4,36,0,0,0,36
01/16/2021,MVY,MA,ANE,EN,Federal Contract Tower,0,5,5,0,10,0,1,0,0,1,0,6,5,0,11,0,0,0,11
01/17/2021,MVY,MA,ANE,EN,Federal Contract Tower,0,2,3,0,5,0,3,4,0,7,0,5,7,0,12,0,0,0,12
01/18/2021,MVY,MA,ANE,EN,Federal Contract Tower,0,4,5,0,9,0,5,20,0,25,0,9,25,0,34,2,0,2,36
01/19/2021,MVY,MA,ANE,EN,Federal Contract Tower,0,5,6,2,13,0,8,18,2,28,0,13,24,4,41,14,0,14,55
01/20/2021,MVY,MA,ANE,EN,Federal Contract Tower,0,11,3,0,14,0,1,3,0,4,0,12,6,0,18,0,0,0,18
01/21/2021,MVY,MA,ANE,EN,Federal Contract Tower,0,13,2,0,15,0,3,1,0,4,0,16,3,0,19,0,0,0,19
01/22/2021,MVY,MA,ANE,EN,Federal Contract Tower,0,3,3,0,6,0,11,38,0,49,0,14,41,0,55,22,0,22,77
01/23/2021,MVY,MA,ANE,EN,Federal Contract Tower,0,3,2,0,5,0,6,4,0,10,0,9,6,0,15,6,0,6,21
01/24/2021,MVY,MA,ANE,EN,Federal Contract Tower,0,5,3,0,8,0,4,3,0,7,0,9,6,0,15,0,0,0,15
01/25/2021,MVY,MA,ANE,EN,Federal Contract Tower,0,2,4,0,6,0,5,15,0,20,0,7,19,0,26,10,0,10,36
01/26/2021,MVY,MA,ANE,EN,Federal Contract Tower,0,5,7,1,13,0,10,13,1,24,0,15,20,2,37,2,0,2,39
01/27/2021,MVY,MA,ANE,EN,Federal Contract Tower,0,12,0,0,12,0,0,0,0,0,0,12,0,0,12,0,0,0,12
01/28/2021,MVY,MA,ANE,EN,Federal Contract Tower,0,7,1,0,8,0,0,0,0,0,0,7,1,0,8,0,0,0,8
01/29/2021,MVY,MA,ANE,EN,Federal Contract Tower,0,10,1,0,11,0,4,2,0,6,0,14,3,0,17,0,0,0,17
01/30/2021,MVY,MA,ANE,EN,Federal Contract Tower,0,8,12,0,20,0,5,21,0,26,0,13,33,0,46,2,0,2,48
01/31/2021,MVY,MA,ANE,EN,Federal Contract Tower,0,1,12,0,13,0,5,49,0,54,0,6,61,0,67,2,0,2,69
02/01/2021,MVY,MA,ANE,EN,Federal Contract Tower,0,6,0,0,6,0,0,0,0,0,0,6,0,0,6,0,0,0,6
02/02/2021,MVY,MA,ANE,EN,Federal Contract Tower,0,6,3,0,9,0,0,0,0,0,0,6,3,0,9,0,0,0,9
02/03/2021,MVY,MA,ANE,EN,Federal Contract Tower,0,12,4,1,17,0,3,0,0,3,0,15,4,1,20,0,0,0,20
02/04/2021,MVY,MA,ANE,EN,Federal Contract Tower,0,8,5,0,13,0,0,15,0,15,0,8,20,0,28,0,0,0,28
02/05/2021,MVY,MA,ANE,EN,Federal Contract Tower,0,12,1,0,13,0,6,2,0,8,0,18,3,0,21,0,0,0,21
02/06/2021,MVY,MA,ANE,EN,Federal Contract Tower,0,7,11,0,18,0,4,24,0,28,0,11,35,0,46,0,0,0,46
02/07/2021,MVY,MA,ANE,EN,Federal Contract Tower,0,2,0,2,4,0,2,0,0,2,0,4,0,2,6,0,0,0,6
02/08/2021,MVY,MA,ANE,EN,Federal Contract Tower,0,7,0,0,7,0,8,5,0,13,0,15,5,0,20,0,0,0,20
02/09/2021,MVY,MA,ANE,EN,Federal Contract Tower,0,4,2,0,6,0,4,2,0,6,0,8,4,0,12,0,0,0,12
02/10/2021,MVY,MA,ANE,EN,Federal Contract Tower,0,10,1,0,11,0,12,16,0,28,0,22,17,0,39,20,0,20,59
02/11/2021,MVY,MA,ANE,EN,Federal Contract Tower,0,3,1,0,4,0,7,14,0,21,0,10,15,0,25,12,0,12,37
02/12/2021,MVY,MA,ANE,EN,Federal Contract Tower,0,13,3,2,18,0,19,6,0,25,0,32,9,2,43,22,0,22,65
02/13/2021,MVY,MA,ANE,EN,Federal Contract Tower,0,6,8,2,16,0,3,38,0,41,0,9,46,2,57,2,0,2,59
02/14/2021,MVY,MA,ANE,EN,Federal Contract Tower,0,12,1,0,13,0,0,0,0,0,0,12,1,0,13,0,0,0,13
02/15/2021,MVY,MA,ANE,EN,Federal Contract Tower,0,17,0,0,17,0,0,0,0,0,0,17,0,0,17,0,0,0,17
02/16/2021,MVY,MA,ANE,EN,Federal Contract Tower,0,13,2,0,15,0,0,0,0,0,0,13,2,0,15,0,0,0,15
02/17/2021,MVY,MA,ANE,EN,Federal Contract Tower,0,16,2,0,18,0,11,19,0,30,0,27,21,0,48,0,0,0,48
02/18/2021,MVY,MA,ANE,EN,Federal Contract Tower,0,11,0,0,11,0,5,2,0,7,0,16,2,0,18,0,0,0,18
02/19/2021,MVY,MA,ANE,EN,Federal Contract Tower,0,6,0,0,6,0,0,0,0,0,0,6,0,0,6,0,0,0,6
02/20/2021,MVY,MA,ANE,EN,Federal Contract Tower,0,7,3,0,10,0,5,5,0,10,0,12,8,0,20,0,0,0,20
02/21/2021,MVY,MA,ANE,EN,Federal Contract Tower,0,9,18,0,27,0,6,74,0,80,0,15,92,0,107,12,0,12,119
02/22/2021,MVY,MA,ANE,EN,Federal Contract Tower,0,4,3,0,7,0,4,7,0,11,0,8,10,0,18,0,0,0,18
02/23/2021,MVY,MA,ANE,EN,Federal Contract Tower,0,8,4,0,12,0,8,7,0,15,0,16,11,0,27,8,0,8,35
02/24/2021,MVY,MA,ANE,EN,Federal Contract Tower,0,19,0,1,20,0,2,32,0,34,0,21,32,1,54,10,0,10,64
02/25/2021,MVY,MA,ANE,EN,Federal Contract Tower,0,7,0,0,7,0,13,6,0,19,0,20,6,0,26,0,0,0,26
02/26/2021,MVY,MA,ANE,EN,Federal Contract Tower,0,15,8,2,25,0,10,48,0,58,0,25,56,2,83,8,0,8,91
02/27/2021,MVY,MA,ANE,EN,Federal Contract Tower,0,16,4,0,20,0,0,2,0,2,0,16,6,0,22,0,0,0,22
02/28/2021,MVY,MA,ANE,EN,Federal Contract Tower,0,8,6,0,14,0,8,55,0,63,0,16,61,0,77,0,0,0,77
03/01/2021,MVY,MA,ANE,EN,Federal Contract Tower,0,16,4,0,20,0,0,0,0,0,0,16,4,0,20,0,0,0,20
03/02/2021,MVY,MA,ANE,EN,Federal Contract Tower,0,0,2,0,2,0,0,0,0,0,0,0,2,0,2,0,0,0,2
03/03/2021,MVY,MA,ANE,EN,Federal Contract Tower,0,8,4,0,12,0,8,18,0,26,0,16,22,0,38,0,0,0,38
03/04/2021,MVY,MA,ANE,EN,Federal Contract Tower,0,6,2,0,8,0,12,10,0,22,0,18,12,0,30,42,0,42,72
03/05/2021,MVY,MA,ANE,EN,Federal Contract Tower,0,6,6,4,16,0,6,25,2,33,0,12,31,6,49,20,0,20,69
03/06/2021,MVY,MA,ANE,EN,Federal Contract Tower,0,3,8,0,11,0,11,54,0,65,0,14,62,0,76,54,0,54,130
03/07/2021,MVY,MA,ANE,EN,Federal Contract Tower,0,9,2,0,11,0,9,113,0,122,0,18,115,0,133,14,0,14,147
03/08/2021,MVY,MA,ANE,EN,Federal Contract Tower,0,10,2,0,12,0,14,23,0,37,0,24,25,0,49,0,0,0,49
03/10/2021,MVY,MA,ANE,EN,Federal Contract Tower,0,2,5,0,7,0,4,53,6,63,0,6,58,6,70,0,0,0,70
03/11/2021,MVY,MA,ANE,EN,Federal Contract Tower,0,7,8,0,15,0,8,12,0,20,0,15,20,0,35,0,0,0,35
03/12/2021,MVY,MA,ANE,EN,Federal Contract Tower,0,3,3,0,6,0,5,20,0,25,0,8,23,0,31,0,0,0,31
03/13/2021,MVY,MA,ANE,EN,Federal Contract Tower,0,6,0,0,6,0,13,24,0,37,0,19,24,0,43,0,0,0,43
03/14/2021,MVY,MA,ANE,EN,Federal Contract Tower,0,7,10,0,17,0,8,26,0,34,0,15,36,0,51,6,0,6,57
03/15/2021,MVY,MA,ANE,EN,Federal Contract Tower,0,9,0,0,9,0,10,3,0,13,0,19,3,0,22,0,0,0,22
03/16/2021,MVY,MA,ANE,EN,Federal Contract Tower,0,6,6,0,12,0,13,34,0,47,0,19,40,0,59,20,0,20,79
03/17/2021,MVY,MA,ANE,EN,Federal Contract Tower,0,9,2,0,11,0,10,17,0,27,0,19,19,0,38,0,0,0,38
03/18/2021,MVY,MA,ANE,EN,Federal Contract Tower,0,23,7,0,30,0,4,0,0,4,0,27,7,0,34,0,0,0,34
03/19/2021,MVY,MA,ANE,EN,Federal Contract Tower,0,2,0,0,2,0,2,9,0,11,0,4,9,0,13,0,0,0,13
03/20/2021,MVY,MA,ANE,EN,Federal Contract Tower,0,5,3,0,8,0,4,62,0,66,0,9,65,0,74,4,0,4,78
03/21/2021,MVY,MA,ANE,EN,Federal Contract Tower,0,9,9,0,18,0,18,42,0,60,0,27,51,0,78,12,0,12,90
03/22/2021,MVY,MA,ANE,EN,Federal Contract Tower,0,7,7,0,14,0,14,46,0,60,0,21,53,0,74,0,0,0,74
03/23/2021,MVY,MA,ANE,EN,Federal Contract Tower,0,6,5,3,14,0,5,41,1,47,0,11,46,4,61,10,4,14,75
03/24/2021,MVY,MA,ANE,EN,Federal Contract Tower,0,15,3,0,18,0,7,18,0,25,0,22,21,0,43,0,0,0,43
03/25/2021,MVY,MA,ANE,EN,Federal Contract Tower,0,11,4,0,15,0,0,0,0,0,0,11,4,0,15,0,0,0,15
03/26/2021,MVY,MA,ANE,EN,Federal Contract Tower,0,9,0,0,9,0,0,0,0,0,0,9,0,0,9,0,0,0,9
03/27/2021,MVY,MA,ANE,EN,Federal Contract Tower,0,13,4,0,17,0,18,91,0,109,0,31,95,0,126,8,0,8,134
03/28/2021,MVY,MA,ANE,EN,Federal Contract Tower,0,11,7,0,18,0,0,0,0,0,0,11,7,0,18,0,0,0,18
03/29/2021,MVY,MA,ANE,EN,Federal Contract Tower,0,13,1,0,14,0,5,8,0,13,0,18,9,0,27,0,0,0,27
03/30/2021,MVY,MA,ANE,EN,Federal Contract Tower,0,12,2,0,14,0,16,41,0,57,0,28,43,0,71,12,4,16,87
03/31/2021,MVY,MA,ANE,EN,Federal Contract Tower,0,14,1,0,15,0,4,15,0,19,0,18,16,0,34,16,0,16,50
04/01/2021,MVY,MA,ANE,EN,Federal Contract Tower,0,21,11,0,32,0,0,0,0,0,0,21,11,0,32,0,0,0,32
04/02/2021,MVY,MA,ANE,EN,Federal Contract Tower,0,11,5,0,16,0,6,41,4,51,0,17,46,4,67,4,2,6,73
04/03/2021,MVY,MA,ANE,EN,Federal Contract Tower,0,6,7,0,13,0,9,74,0,83,0,15,81,0,96,10,0,10,106
04/04/2021,MVY,MA,ANE,EN,Federal Contract Tower,0,8,0,0,8,0,5,37,0,42,0,13,37,0,50,0,0,0,50
04/05/2021,MVY,MA,ANE,EN,Federal Contract Tower,0,11,7,0,18,0,5,17,0,22,0,16,24,0,40,14,0,14,54
04/07/2021,MVY,MA,ANE,EN,Federal Contract Tower,0,13,4,5,22,0,3,30,0,33,0,16,34,5,55,0,0,0,55
04/08/2021,MVY,MA,ANE,EN,Federal Contract Tower,0,10,4,0,14,0,10,22,0,32,0,20,26,0,46,10,0,10,56
04/09/2021,MVY,MA,ANE,EN,Federal Contract Tower,0,11,5,0,16,0,10,43,0,53,0,21,48,0,69,2,0,2,71
04/10/2021,MVY,MA,ANE,EN,Federal Contract Tower,0,14,14,0,28,0,0,0,0,0,0,14,14,0,28,0,0,0,28
04/11/2021,MVY,MA,ANE,EN,Federal Contract Tower,0,20,6,0,26,0,0,0,0,0,0,20,6,0,26,0,0,0,26
04/12/2021,MVY,MA,ANE,EN,Federal Contract Tower,0,14,7,2,23,0,4,5,0,9,0,18,12,2,32,6,0,6,38
04/13/2021,MVY,MA,ANE,EN,Federal Contract Tower,0,11,5,0,16,0,8,11,0,19,0,19,16,0,35,0,0,0,35
04/14/2021,MVY,MA,ANE,EN,Federal Contract Tower,0,10,7,0,17,0,12,33,0,45,0,22,40,0,62,16,0,16,78
04/15/2021,MVY,MA,ANE,EN,Federal Contract Tower,0,6,7,0,13,0,7,11,0,18,0,13,18,0,31,0,0,0,31
04/16/2021,MVY,MA,ANE,EN,Federal Contract Tower,0,17,0,0,17,0,0,0,0,0,0,17,0,0,17,0,0,0,17
04/17/2021,MVY,MA,ANE,EN,Federal Contract Tower,0,14,5,0,19,0,3,1,0,4,0,17,6,0,23,0,0,0,23
04/18/2021,MVY,MA,ANE,EN,Federal Contract Tower,0,16,20,2,38,0,9,95,0,104,0,25,115,2,142,0,0,0,142
04/19/2021,MVY,MA,ANE,EN,Federal Contract Tower,0,4,9,0,13,0,6,42,0,48,0,10,51,0,61,8,0,8,69
04/20/2021,MVY,MA,ANE,EN,Federal Contract Tower,0,7,2,0,9,0,5,44,0,49,0,12,46,0,58,0,0,0,58
04/21/2021,MVY,MA,ANE,EN,Federal Contract Tower,0,11,2,0,13,0,7,10,0,17,0,18,12,0,30,0,0,0,30
04/22/2021,MVY,MA,ANE,EN,Federal Contract Tower,0,11,0,0,11,0,4,2,0,6,0,15,2,0,17,0,4,4,21
04/23/2021,MVY,MA,ANE,EN,Federal Contract Tower,0,11,0,0,11,0,13,36,0,49,0,24,36,0,60,0,2,2,62
04/24/2021,MVY,MA,ANE,EN,Federal Contract Tower,0,7,4,0,11,0,14,100,0,114,0,21,104,0,125,8,0,8,133
04/25/2021,MVY,MA,ANE,EN,Federal Contract Tower,0,19,10,0,29,0,0,2,0,2,0,19,12,0,31,0,0,0,31
04/26/2021,MVY,MA,ANE,EN,Federal Contract Tower,0,6,5,0,11,0,13,9,0,22,0,19,14,0,33,0,0,0,33
04/27/2021,MVY,MA,ANE,EN,Federal Contract Tower,0,10,3,0,13,0,14,33,0,47,0,24,36,0,60,0,0,0,60
04/28/2021,MVY,MA,ANE,EN,Federal Contract Tower,0,16,9,0,25,0,10,25,0,35,0,26,34,0,60,12,12,24,84
04/29/2021,MVY,MA,ANE,EN,Federal Contract Tower,0,27,4,4,35,0,0,0,0,0,0,27,4,4,35,0,0,0,35
04/30/2021,MVY,MA,ANE,EN,Federal Contract Tower,0,14,3,0,17,0,4,0,0,4,0,18,3,0,21,0,0,0,21
05/01/2021,MVY,MA,ANE,EN,Federal Contract Tower,0,7,3,0,10,0,8,29,0,37,0,15,32,0,47,0,0,0,47
05/02/2021,MVY,MA,ANE,EN,Federal Contract Tower,0,7,10,0,17,0,12,53,0,65,0,19,63,0,82,0,0,0,82
05/03/2021,MVY,MA,ANE,EN,Federal Contract Tower,0,14,15,0,29,0,13,58,0,71,0,27,73,0,100,4,0,4,104
05/04/2021,MVY,MA,ANE,EN,Federal Contract Tower,0,23,18,2,43,0,0,0,0,0,0,23,18,2,43,0,0,0,43
05/05/2021,MVY,MA,ANE,EN,Federal Contract Tower,0,19,7,0,26,0,0,0,0,0,0,19,7,0,26,0,0,0,26
05/07/2021,MVY,MA,ANE,EN,Federal Contract Tower,3,11,11,4,29,0,24,64,4,92,3,35,75,8,121,0,0,0,121
05/08/2021,MVY,MA,ANE,EN,Federal Contract Tower,3,12,9,0,24,0,6,23,0,29,3,18,32,0,53,0,0,0,53
05/09/2021,MVY,MA,ANE,EN,Federal Contract Tower,3,5,3,0,11,0,11,117,0,128,3,16,120,0,139,6,0,6,145
05/10/2021,MVY,MA,ANE,EN,Federal Contract Tower,3,22,9,0,34,0,1,13,0,14,3,23,22,0,48,0,0,0,48
05/11/2021,MVY,MA,ANE,EN,Federal Contract Tower,0,9,8,0,17,0,14,40,0,54,0,23,48,0,71,2,0,2,73
05/12/2021,MVY,MA,ANE,EN,Federal Contract Tower,0,19,3,0,22,0,14,24,0,38,0,33,27,0,60,2,0,2,62
05/13/2021,MVY,MA,ANE,EN,Federal Contract Tower,3,12,5,0,20,0,10,38,0,48,3,22,43,0,68,4,0,4,72
05/14/2021,MVY,MA,ANE,EN,Federal Contract Tower,3,5,15,0,23,0,24,72,0,96,3,29,87,0,119,8,0,8,127
05/15/2021,MVY,MA,ANE,EN,Federal Contract Tower,4,14,13,0,31,0,16,77,0,93,4,30,90,0,124,10,0,10,134
05/16/2021,MVY,MA,ANE,EN,Federal Contract Tower,6,10,14,0,30,0,28,71,0,99,6,38,85,0,129,4,0,4,133
05/17/2021,MVY,MA,ANE,EN,Federal Contract Tower,4,22,5,0,31,0,14,37,0,51,4,36,42,0,82,0,0,0,82
05/18/2021,MVY,MA,ANE,EN,Federal Contract Tower,0,14,4,0,18,0,22,32,0,54,0,36,36,0,72,2,0,2,74
05/19/2021,MVY,MA,ANE,EN,Federal Contract Tower,0,24,21,0,45,0,14,42,0,56,0,38,63,0,101,4,0,4,105
05/20/2021,MVY,MA,ANE,EN,Federal Contract Tower,4,17,15,0,36,0,15,44,0,59,4,32,59,0,95,2,0,2,97
05/21/2021,MVY,MA,ANE,EN,Federal Contract Tower,6,12,21,0,39,0,18,58,0,76,6,30,79,0,115,4,0,4,119
05/22/2021,MVY,MA,ANE,EN,Federal Contract Tower,4,20,21,0,45,0,11,28,0,39,4,31,49,0,84,0,0,0,84
05/23/2021,MVY,MA,ANE,EN,Federal Contract Tower,5,14,24,0,43,0,28,67,0,95,5,42,91,0,138,18,4,22,160
05/24/2021,MVY,MA,ANE,EN,Federal Contract Tower,4,16,12,0,32,0,17,47,0,64,4,33,59,0,96,0,0,0,96
05/25/2021,MVY,MA,ANE,EN,Federal Contract Tower,0,15,14,0,29,0,31,29,0,60,0,46,43,0,89,4,4,8,97
05/26/2021,MVY,MA,ANE,EN,Federal Contract Tower,0,45,22,0,67,0,0,0,0,0,0,45,22,0,67,0,0,0,67
05/27/2021,MVY,MA,ANE,EN,Federal Contract Tower,4,38,21,0,63,0,30,44,0,74,4,68,65,0,137,2,0,2,139
05/28/2021,MVY,MA,ANE,EN,Federal Contract Tower,8,64,25,0,97,0,43,48,0,91,8,107,73,0,188,26,0,26,214
05/29/2021,MVY,MA,ANE,EN,Federal Contract Tower,8,22,15,3,48,0,0,2,0,2,8,22,17,3,50,0,0,0,50
05/30/2021,MVY,MA,ANE,EN,Federal Contract Tower,11,50,17,0,78,0,0,0,0,0,11,50,17,0,78,0,0,0,78
05/31/2021,MVY,MA,ANE,EN,Federal Contract Tower,10,114,48,0,172,0,3,4,0,7,10,117,52,0,179,0,0,0,179
06/01/2021,MVY,MA,ANE,EN,Federal Contract Tower,6,28,13,0,47,0,49,70,0,119,6,77,83,0,166,18,0,18,184
06/02/2021,MVY,MA,ANE,EN,Federal Contract Tower,6,36,13,0,55,0,32,50,0,82,6,68,63,0,137,8,0,8,145
06/03/2021,MVY,MA,ANE,EN,Federal Contract Tower,12,57,27,0,96,0,0,0,0,0,12,57,27,0,96,0,0,0,96
06/04/2021,MVY,MA,ANE,EN,Federal Contract Tower,10,61,23,0,94,0,0,0,0,0,10,61,23,0,94,0,0,0,94
06/05/2021,MVY,MA,ANE,EN,Federal Contract Tower,14,24,22,1,61,0,44,48,3,95,14,68,70,4,156,6,0,6,162
06/06/2021,MVY,MA,ANE,EN,Federal Contract Tower,14,29,34,0,77,0,81,221,0,302,14,110,255,0,379,2,2,4,383
06/07/2021,MVY,MA,ANE,EN,Federal Contract Tower,12,42,27,0,81,0,32,48,0,80,12,74,75,0,161,14,0,14,175
06/08/2021,MVY,MA,ANE,EN,Federal Contract Tower,8,51,16,0,75,0,13,38,0,51,8,64,54,0,126,42,0,42,168
06/09/2021,MVY,MA,ANE,EN,Federal Contract Tower,6,30,17,3,56,0,20,39,2,61,6,50,56,5,117,16,0,16,133
06/10/2021,MVY,MA,ANE,EN,Federal Contract Tower,15,34,33,0,82,0,33,100,0,133,15,67,133,0,215,34,0,34,249
06/11/2021,MVY,MA,ANE,EN,Federal Contract Tower,24,49,20,0,93,0,49,67,0,116,24,98,87,0,209,10,0,10,219
06/12/2021,MVY,MA,ANE,EN,Federal Contract Tower,18,35,38,0,91,0,13,14,0,27,18,48,52,0,118,0,0,0,118
06/13/2021,MVY,MA,ANE,EN,Federal Contract Tower,21,36,41,0,98,0,46,98,0,144,21,82,139,0,242,4,0,4,246
06/14/2021,MVY,MA,ANE,EN,Federal Contract Tower,14,57,10,4,85,0,13,32,0,45,14,70,42,4,130,10,0,10,140
06/15/2021,MVY,MA,ANE,EN,Federal Contract Tower,12,51,36,2,101,0,10,19,0,29,12,61,55,2,130,0,0,0,130
06/16/2021,MVY,MA,ANE,EN,Federal Contract Tower,14,22,36,0,72,0,34,55,2,91,14,56,91,2,163,36,0,36,199
06/17/2021,MVY,MA,ANE,EN,Federal Contract Tower,16,34,22,0,72,0,51,98,0,149,16,85,120,0,221,18,0,18,239
06/18/2021,MVY,MA,ANE,EN,Federal Contract Tower,18,48,19,1,86,0,47,112,0,159,18,95,131,1,245,60,0,60,305
06/19/2021,MVY,MA,ANE,EN,Federal Contract Tower,19,42,13,0,74,0,54,52,0,106,19,96,65,0,180,16,0,16,196
06/20/2021,MVY,MA,ANE,EN,Federal Contract Tower,19,42,28,0,89,0,50,127,0,177,19,92,155,0,266,2,2,4,270
06/21/2021,MVY,MA,ANE,EN,Federal Contract Tower,14,67,47,0,128,0,0,0,0,0,14,67,47,0,128,0,0,0,128
06/22/2021,MVY,MA,ANE,EN,Federal Contract Tower,14,43,14,0,71,0,32,17,0,49,14,75,31,0,120,20,0,20,140
06/23/2021,MVY,MA,ANE,EN,Federal Contract Tower,10,32,24,6,72,0,47,98,12,157,10,79,122,18,229,6,4,10,239
06/24/2021,MVY,MA,ANE,EN,Federal Contract Tower,16,37,34,0,87,0,55,95,0,150,16,92,129,0,237,26,0,26,263
06/25/2021,MVY,MA,ANE,EN,Federal Contract Tower,19,109,41,1,170,0,0,2,0,2,19,109,43,1,172,0,0,0,172
06/26/2021,MVY,MA,ANE,EN,Federal Contract Tower,25,107,47,0,179,0,0,0,0,0,25,107,47,0,179,0,0,0,179
06/27/2021,MVY,MA,ANE,EN,Federal Contract Tower,23,72,55,0,150,0,19,24,0,43,23,91,79,0,193,0,0,0,193
06/28/2021,MVY,MA,ANE,EN,Federal Contract Tower,12,50,29,2,93,0,51,64,2,117,12,101,93,4,210,66,0,66,276
06/29/2021,MVY,MA,ANE,EN,Federal Contract Tower,14,41,34,2,91,0,44,64,1,109,14,85,98,3,200,34,0,34,234
06/30/2021,MVY,MA,ANE,EN,Federal Contract Tower,12,54,38,1,105,0,47,73,1,121,12,101,111,2,226,54,2,56,282
07/01/2021,MVY,MA,ANE,EN,Federal Contract Tower,22,84,41,10,157,0,33,42,2,77,22,117,83,12,234,38,0,38,272
07/02/2021,MVY,MA,ANE,EN,Federal Contract Tower,25,91,65,0,181,0,0,3,0,3,25,91,68,0,184,0,0,0,184
07/03/2021,MVY,MA,ANE,EN,Federal Contract Tower,27,58,28,0,113,0,0,0,0,0,27,58,28,0,113,36,0,36,149
07/04/2021,MVY,MA,ANE,EN,Federal Contract Tower,25,45,32,0,102,0,13,16,0,29,25,58,48,0,131,68,0,68,199
07/05/2021,MVY,MA,ANE,EN,Federal Contract Tower,21,102,75,0,198,0,30,49,0,79,21,132,124,0,277,56,0,56,333
07/06/2021,MVY,MA,ANE,EN,Federal Contract Tower,16,55,17,3,91,0,53,40,5,98,16,108,57,8,189,18,2,20,209
07/07/2021,MVY,MA,ANE,EN,Federal Contract Tower,14,46,42,2,104,0,31,60,0,91,14,77,102,2,195,42,0,42,237
07/08/2021,MVY,MA,ANE,EN,Federal Contract Tower,14,109,52,0,175,0,4,1,0,5,14,113,53,0,180,0,0,0,180
07/09/2021,MVY,MA,ANE,EN,Federal Contract Tower,12,21,17,0,50,0,16,20,0,36,12,37,37,0,86,0,0,0,86
07/10/2021,MVY,MA,ANE,EN,Federal Contract Tower,27,120,68,0,215,0,3,10,0,13,27,123,78,0,228,0,0,0,228
07/11/2021,MVY,MA,ANE,EN,Federal Contract Tower,25,60,35,0,120,0,66,99,0,165,25,126,134,0,285,66,0,66,351
07/12/2021,MVY,MA,ANE,EN,Federal Contract Tower,16,96,34,0,146,0,1,1,0,2,16,97,35,0,148,0,0,0,148
07/13/2021,MVY,MA,ANE,EN,Federal Contract Tower,13,68,37,0,118,0,0,0,0,0,13,68,37,0,118,0,0,0,118
07/14/2021,MVY,MA,ANE,EN,Federal Contract Tower,13,89,48,0,150,0,0,0,0,0,13,89,48,0,150,0,0,0,150
07/15/2021,MVY,MA,ANE,EN,Federal Contract Tower,20,79,53,8,160,0,38,39,0,77,20,117,92,8,237,48,0,48,285
07/16/2021,MVY,MA,ANE,EN,Federal Contract Tower,22,69,56,0,147,0,26,53,0,79,22,95,109,0,226,6,0,6,232
07/17/2021,MVY,MA,ANE,EN,Federal Contract Tower,22,63,38,0,123,0,9,57,0,66,22,72,95,0,189,44,0,44,233
07/18/2021,MVY,MA,ANE,EN,Federal Contract Tower,24,100,63,0,187,0,7,23,0,30,24,107,86,0,217,30,0,30,247
07/19/2021,MVY,MA,ANE,EN,Federal Contract Tower,14,80,40,2,136,0,23,27,0,50,14,103,67,2,186,81,0,81,267
07/20/2021,MVY,MA,ANE,EN,Federal Contract Tower,14,38,27,0,79,0,47,83,0,130,14,85,110,0,209,78,0,78,287
07/21/2021,MVY,MA,ANE,EN,Federal Contract Tower,11,53,27,6,97,0,23,26,0,49,11,76,53,6,146,52,0,52,198
07/22/2021,MVY,MA,ANE,EN,Federal Contract Tower,18,56,39,0,113,0,83,142,0,225,18,139,181,0,338,50,0,50,388
07/23/2021,MVY,MA,ANE,EN,Federal Contract Tower,22,40,28,0,90,0,60,137,0,197,22,100,165,0,287,82,0,82,369
07/24/2021,MVY,MA,ANE,EN,Federal Contract Tower,24,41,26,0,91,0,78,176,0,254,24,119,202,0,345,14,0,14,359
07/25/2021,MVY,MA,ANE,EN,Federal Contract Tower,24,92,46,0,162,0,9,23,0,32,24,101,69,0,194,0,0,0,194
07/26/2021,MVY,MA,ANE,EN,Federal Contract Tower,16,76,35,0,127,0,47,45,2,94,16,123,80,2,221,28,0,28,249
07/27/2021,MVY,MA,ANE,EN,Federal Contract Tower,14,41,29,8,92,0,66,82,0,148,14,107,111,8,240,38,0,38,278
07/28/2021,MVY,MA,ANE,EN,Federal Contract Tower,12,63,39,3,117,0,40,37,1,78,12,103,76,4,195,58,0,58,253
07/29/2021,MVY,MA,ANE,EN,Federal Contract Tower,16,65,31,2,114,0,37,49,0,86,16,102,80,2,200,16,2,18,218
07/30/2021,MVY,MA,ANE,EN,Federal Contract Tower,22,52,41,0,115,0,56,83,2,141,22,108,124,2,256,30,2,32,288
07/31/2021,MVY,MA,ANE,EN,Federal Contract Tower,28,52,23,0,103,0,56,182,0,238,28,108,205,0,341,48,0,48,389
08/01/2021,MVY,MA,ANE,EN,Federal Contract Tower,28,62,44,0,134,0,52,123,0,175,28,114,167,0,309,36,0,36,345
08/02/2021,MVY,MA,ANE,EN,Federal Contract Tower,16,74,37,0,127,0,56,125,0,181,16,130,162,0,308,40,0,40,348
08/03/2021,MVY,MA,ANE,EN,Federal Contract Tower,14,44,34,2,94,0,64,99,0,163,14,108,133,2,257,42,0,42,299
08/04/2021,MVY,MA,ANE,EN,Federal Contract Tower,11,65,39,0,115,0,36,41,0,77,11,101,80,0,192,14,0,14,206
08/05/2021,MVY,MA,ANE,EN,Federal Contract Tower,20,109,36,2,167,0,0,0,0,0,20,109,36,2,167,0,0,0,167
08/06/2021,MVY,MA,ANE,EN,Federal Contract Tower,22,94,80,0,196,0,40,50,0,90,22,134,130,0,286,21,0,21,307
08/07/2021,MVY,MA,ANE,EN,Federal Contract Tower,26,47,46,1,120,0,62,74,0,136,26,109,120,1,256,10,0,10,266
08/08/2021,MVY,MA,ANE,EN,Federal Contract Tower,24,83,48,0,155,0,65,123,0,188,24,148,171,0,343,26,0,26,369
08/09/2021,MVY,MA,ANE,EN,Federal Contract Tower,16,120,75,2,213,0,1,4,2,7,16,121,79,4,220,0,0,0,220
08/10/2021,MVY,MA,ANE,EN,Federal Contract Tower,14,89,41,0,144,0,24,13,0,37,14,113,54,0,181,36,0,36,217
08/11/2021,MVY,MA,ANE,EN,Federal Contract Tower,12,88,63,0,163,0,0,0,0,0,12,88,63,0,163,0,0,0,163
08/12/2021,MVY,MA,ANE,EN,Federal Contract Tower,18,78,48,3,147,0,53,86,0,139,18,131,134,3,286,42,0,42,328
08/13/2021,MVY,MA,ANE,EN,Federal Contract Tower,22,59,27,0,108,0,80,83,0,163,22,139,110,0,271,70,0,70,341
08/14/2021,MVY,MA,ANE,EN,Federal Contract Tower,26,56,34,0,116,0,55,41,0,96,26,111,75,0,212,0,0,0,212
08/15/2021,MVY,MA,ANE,EN,Federal Contract Tower,24,54,43,0,121,0,65,139,0,204,24,119,182,0,325,42,0,42,367
08/16/2021,MVY,MA,ANE,EN,Federal Contract Tower,16,42,28,7,93,0,63,83,0,146,16,105,111,7,239,44,0,44,283
08/17/2021,MVY,MA,ANE,EN,Federal Contract Tower,12,32,28,4,76,0,70,78,0,148,12,102,106,4,224,96,0,96,320
08/18/2021,MVY,MA,ANE,EN,Federal Contract Tower,10,49,31,0,90,0,54,71,0,125,10,103,102,0,215,122,0,122,337
08/19/2021,MVY,MA,ANE,EN,Federal Contract Tower,17,109,49,0,175,0,1,1,0,2,17,110,50,0,177,0,0,0,177
08/20/2021,MVY,MA,ANE,EN,Federal Contract Tower,24,74,45,0,143,0,61,95,0,156,24,135,140,0,299,14,0,14,313
08/21/2021,MVY,MA,ANE,EN,Federal Contract Tower,28,114,71,0,213,0,29,46,0,75,28,143,117,0,288,16,0,16,304
08/22/2021,MVY,MA,ANE,EN,Federal Contract Tower,0,2,1,0,3,0,0,0,0,0,0,2,1,0,3,0,0,0,3
08/23/2021,MVY,MA,ANE,EN,Federal Contract Tower,14,92,40,0,146,0,17,13,0,30,14,109,53,0,176,0,0,0,176
08/24/2021,MVY,MA,ANE,EN,Federal Contract Tower,12,75,52,2,141,0,35,52,0,87,12,110,104,2,228,56,0,56,284
08/25/2021,MVY,MA,ANE,EN,Federal Contract Tower,11,32,30,0,73,0,42,83,2,127,11,74,113,2,200,32,0,32,232
08/26/2021,MVY,MA,ANE,EN,Federal Contract Tower,19,53,38,0,110,0,59,97,0,156,19,112,135,0,266,68,0,68,334
08/27/2021,MVY,MA,ANE,EN,Federal Contract Tower,22,45,33,1,101,0,50,95,2,147,22,95,128,3,248,6,4,10,258
08/28/2021,MVY,MA,ANE,EN,Federal Contract Tower,24,49,36,0,109,0,48,62,0,110,24,97,98,0,219,24,0,24,243
08/29/2021,MVY,MA,ANE,EN,Federal Contract Tower,24,93,48,0,165,0,53,54,0,107,24,146,102,0,272,28,0,28,300
08/30/2021,MVY,MA,ANE,EN,Federal Contract Tower,16,76,52,0,144,0,23,30,0,53,16,99,82,0,197,28,0,28,225
09/01/2021,MVY,MA,ANE,EN,Federal Contract Tower,12,60,17,0,89,0,29,24,0,53,12,89,41,0,142,0,0,0,142
09/02/2021,MVY,MA,ANE,EN,Federal Contract Tower,14,33,24,1,72,0,35,33,0,68,14,68,57,1,140,0,0,0,140
09/03/2021,MVY,MA,ANE,EN,Federal Contract Tower,20,59,22,0,101,0,74,124,0,198,20,133,146,0,299,102,0,102,401
09/04/2021,MVY,MA,ANE,EN,Federal Contract Tower,22,36,16,0,74,0,49,113,0,162,22,85,129,0,236,50,0,50,286
09/05/2021,MVY,MA,ANE,EN,Federal Contract Tower,26,46,34,0,106,0,38,78,0,116,26,84,112,0,222,26,0,26,248
09/06/2021,MVY,MA,ANE,EN,Federal Contract Tower,18,88,48,0,154,0,39,48,0,87,18,127,96,0,241,6,0,6,247
09/07/2021,MVY,MA,ANE,EN,Federal Contract Tower,8,41,13,0,62,0,89,83,0,172,8,130,96,0,234,14,0,14,248
09/08/2021,MVY,MA,ANE,EN,Federal Contract Tower,8,49,30,2,89,0,45,56,0,101,8,94,86,2,190,48,0,48,238
09/09/2021,MVY,MA,ANE,EN,Federal Contract Tower,7,54,37,0,98,0,1,0,0,1,7,55,37,0,99,0,0,0,99
09/10/2021,MVY,MA,ANE,EN,Federal Contract Tower,10,53,16,0,79,0,55,98,0,153,10,108,114,0,232,6,2,8,240
09/11/2021,MVY,MA,ANE,EN,Federal Contract Tower,10,18,17,0,45,0,49,121,4,174,10,67,138,4,219,12,0,12,231
09/12/2021,MVY,MA,ANE,EN,Federal Contract Tower,10,42,20,0,72,0,53,37,0,90,10,95,57,0,162,0,0,0,162
09/13/2021,MVY,MA,ANE,EN,Federal Contract Tower,8,46,23,0,77,0,33,75,0,108,8,79,98,0,185,8,0,8,193
09/14/2021,MVY,MA,ANE,EN,Federal Contract Tower,4,34,17,4,59,0,48,64,0,112,4,82,81,4,171,26,0,26,197
09/15/2021,MVY,MA,ANE,EN,Federal Contract Tower,6,51,35,0,92,0,23,28,0,51,6,74,63,0,143,14,4,18,161
09/16/2021,MVY,MA,ANE,EN,Federal Contract Tower,8,49,44,0,101,0,13,13,0,26,8,62,57,0,127,20,0,20,147
09/17/2021,MVY,MA,ANE,EN,Federal Contract Tower,9,85,27,0,121,0,13,7,0,20,9,98,34,0,141,2,0,2,143
09/18/2021,MVY,MA,ANE,EN,Federal Contract Tower,11,62,30,0,103,0,12,18,0,30,11,74,48,0,133,6,0,6,139
09/19/2021,MVY,MA,ANE,EN,Federal Contract Tower,10,37,34,0,81,0,61,119,0,180,10,98,153,0,261,24,0,24,285
09/20/2021,MVY,MA,ANE,EN,Federal Contract Tower,9,28,26,0,63,0,58,64,0,122,9,86,90,0,185,20,0,20,205
09/21/2021,MVY,MA,ANE,EN,Federal Contract Tower,4,25,17,2,48,0,50,61,0,111,4,75,78,2,159,26,0,26,185
09/22/2021,MVY,MA,ANE,EN,Federal Contract Tower,6,35,20,0,61,0,33,35,0,68,6,68,55,0,129,22,0,22,151
09/23/2021,MVY,MA,ANE,EN,Federal Contract Tower,8,44,25,0,77,0,28,28,0,56,8,72,53,0,133,10,0,10,143
09/24/2021,MVY,MA,ANE,EN,Federal Contract Tower,10,52,29,0,91,0,10,17,0,27,10,62,46,0,118,4,0,4,122
09/25/2021,MVY,MA,ANE,EN,Federal Contract Tower,4,45,27,0,76,0,6,24,0,30,4,51,51,0,106,2,0,2,108
09/26/2021,MVY,MA,ANE,EN,Federal Contract Tower,10,67,33,0,110,0,46,82,0,128,10,113,115,0,238,12,0,12,250
09/27/2021,MVY,MA,ANE,EN,Federal Contract Tower,8,29,20,2,59,0,39,61,2,102,8,68,81,4,161,8,0,8,169
09/28/2021,MVY,MA,ANE,EN,Federal Contract Tower,6,36,22,2,66,0,27,15,2,44,6,63,37,4,110,8,4,12,122
09/29/2021,MVY,MA,ANE,EN,Federal Contract Tower,6,31,20,0,57,0,27,80,0,107,6,58,100,0,164,16,0,16,180
09/30/2021,MVY,MA,ANE,EN,Federal Contract Tower,9,29,18,1,57,0,28,63,1,92,9,57,81,2,149,40,0,40,189
10/01/2021,MVY,MA,ANE,EN,Federal Contract Tower,12,24,24,2,62,0,43,93,2,138,12,67,117,4,200,4,0,4,204
10/02/2021,MVY,MA,ANE,EN,Federal Contract Tower,10,15,17,0,42,0,25,110,0,135,10,40,127,0,177,8,0,8,185
10/03/2021,MVY,MA,ANE,EN,Federal Contract Tower,10,43,42,0,95,0,39,101,0,140,10,82,143,0,235,12,0,12,247
10/04/2021,MVY,MA,ANE,EN,Federal Contract Tower,8,39,35,3,85,0,0,0,0,0,8,39,35,3,85,0,0,0,85
10/05/2021,MVY,MA,ANE,EN,Federal Contract Tower,6,56,27,4,93,0,0,0,0,0,6,56,27,4,93,0,0,0,93
10/06/2021,MVY,MA,ANE,EN,Federal Contract Tower,6,30,22,0,58,0,21,43,0,64,6,51,65,0,122,16,0,16,138
10/07/2021,MVY,MA,ANE,EN,Federal Contract Tower,7,20,25,0,52,0,44,92,0,136,7,64,117,0,188,36,0,36,224
10/08/2021,MVY,MA,ANE,EN,Federal Contract Tower,10,54,29,2,95,0,44,90,0,134,10,98,119,2,229,74,0,74,303
10/09/2021,MVY,MA,ANE,EN,Federal Contract Tower,11,40,18,1,70,0,11,39,2,52,11,51,57,3,122,2,0,2,124
10/10/2021,MVY,MA,ANE,EN,Federal Contract Tower,10,45,37,0,92,0,14,47,0,61,10,59,84,0,153,0,0,0,153
10/11/2021,MVY,MA,ANE,EN,Federal Contract Tower,6,50,29,0,85,0,37,63,0,100,6,87,92,0,185,24,0,24,209
10/12/2021,MVY,MA,ANE,EN,Federal Contract Tower,7,32,13,0,52,0,32,38,0,70,7,64,51,0,122,0,0,0,122
10/13/2021,MVY,MA,ANE,EN,Federal Contract Tower,6,23,15,0,44,0,21,51,0,72,6,44,66,0,116,86,0,86,202
10/14/2021,MVY,MA,ANE,EN,Federal Contract Tower,4,22,7,0,33,0,45,81,0,126,4,67,88,0,159,40,0,40,199
10/15/2021,MVY,MA,ANE,EN,Federal Contract Tower,4,46,48,2,100,0,0,4,0,4,4,46,52,2,104,0,0,0,104
10/16/2021,MVY,MA,ANE,EN,Federal Contract Tower,4,15,16,0,35,0,10,22,0,32,4,25,38,0,67,0,0,0,67
10/17/2021,MVY,MA,ANE,EN,Federal Contract Tower,4,19,22,0,45,0,19,43,0,62,4,38,65,0,107,18,0,18,125
10/18/2021,MVY,MA,ANE,EN,Federal Contract Tower,4,21,17,0,42,0,28,50,0,78,4,49,67,0,120,0,0,0,120
10/19/2021,MVY,MA,ANE,EN,Federal Contract Tower,0,18,7,0,25,0,39,33,0,72,0,57,40,0,97,2,0,2,99
10/20/2021,MVY,MA,ANE,EN,Federal Contract Tower,0,16,13,0,29,0,21,49,0,70,0,37,62,0,99,38,0,38,137
10/21/2021,MVY,MA,ANE,EN,Federal Contract Tower,0,12,11,2,25,0,18,62,0,80,0,30,73,2,105,22,0,22,127
10/22/2021,MVY,MA,ANE,EN,Federal Contract Tower,0,29,20,2,51,0,22,46,0,68,0,51,66,2,119,2,0,2,121
10/23/2021,MVY,MA,ANE,EN,Federal Contract Tower,2,13,7,2,24,0,12,59,0,71,2,25,66,2,95,18,0,18,113
10/24/2021,MVY,MA,ANE,EN,Federal Contract Tower,0,13,12,0,25,0,15,107,0,122,0,28,119,0,147,44,0,44,191
10/25/2021,MVY,MA,ANE,EN,Federal Contract Tower,0,32,17,2,51,0,5,5,0,10,0,37,22,2,61,10,0,10,71
10/26/2021,MVY,MA,ANE,EN,Federal Contract Tower,0,5,2,1,8,0,3,1,0,4,0,8,3,1,12,0,0,0,12
10/27/2021,MVY,MA,ANE,EN,Federal Contract Tower,0,0,0,0,0,0,0,0,0,0,0,0,0,0,0,0,0,0,0
10/28/2021,MVY,MA,ANE,EN,Federal Contract Tower,0,33,24,2,59,0,8,7,4,19,0,41,31,6,78,4,0,4,82
10/29/2021,MVY,MA,ANE,EN,Federal Contract Tower,0,13,17,1,31,0,11,21,2,34,0,24,38,3,65,88,2,90,155
10/30/2021,MVY,MA,ANE,EN,Federal Contract Tower,0,20,7,0,27,0,0,2,0,2,0,20,9,0,29,0,0,0,29
10/31/2021,MVY,MA,ANE,EN,Federal Contract Tower,0,14,11,0,25,0,9,21,0,30,0,23,32,0,55,68,0,68,123
11/01/2021,MVY,MA,ANE,EN,Federal Contract Tower,0,14,7,0,21,0,20,36,0,56,0,34,43,0,77,2,0,2,79
11/02/2021,MVY,MA,ANE,EN,Federal Contract Tower,0,16,7,1,24,0,20,28,1,49,0,36,35,2,73,0,0,0,73
11/03/2021,MVY,MA,ANE,EN,Federal Contract Tower,0,6,7,2,15,0,12,43,0,55,0,18,50,2,70,0,0,0,70
11/04/2021,MVY,MA,ANE,EN,Federal Contract Tower,0,6,10,0,16,0,11,20,0,31,0,17,30,0,47,0,0,0,47
11/05/2021,MVY,MA,ANE,EN,Federal Contract Tower,0,6,12,0,18,0,22,34,0,56,0,28,46,0,74,0,0,0,74
11/06/2021,MVY,MA,ANE,EN,Federal Contract Tower,0,5,6,1,12,0,19,67,0,86,0,24,73,1,98,4,22,26,124
11/07/2021,MVY,MA,ANE,EN,Federal Contract Tower,0,10,11,0,21,0,15,67,0,82,0,25,78,0,103,6,0,6,109
11/08/2021,MVY,MA,ANE,EN,Federal Contract Tower,0,15,5,0,20,0,16,35,0,51,0,31,40,0,71,2,0,2,73
11/09/2021,MVY,MA,ANE,EN,Federal Contract Tower,0,4,9,2,15,0,13,31,0,44,0,17,40,2,59,0,0,0,59
11/10/2021,MVY,MA,ANE,EN,Federal Contract Tower,0,7,11,0,18,0,10,28,0,38,0,17,39,0,56,0,0,0,56
11/11/2021,MVY,MA,ANE,EN,Federal Contract Tower,0,7,8,0,15,0,14,42,0,56,0,21,50,0,71,10,0,10,81
11/12/2021,MVY,MA,ANE,EN,Federal Contract Tower,0,9,4,0,13,0,18,4,0,22,0,27,8,0,35,0,0,0,35
11/13/2021,MVY,MA,ANE,EN,Federal Contract Tower,0,7,3,0,10,0,11,38,0,49,0,18,41,0,59,14,0,14,73
11/14/2021,MVY,MA,ANE,EN,Federal Contract Tower,0,7,12,0,19,0,17,47,0,64,0,24,59,0,83,4,0,4,87
11/15/2021,MVY,MA,ANE,EN,Federal Contract Tower,14,1,0,0,15,0,12,13,0,25,14,13,13,0,40,0,0,0,40
11/16/2021,MVY,MA,ANE,EN,Federal Contract Tower,0,5,2,0,7,0,13,17,0,30,0,18,19,0,37,0,8,8,45
11/17/2021,MVY,MA,ANE,EN,Federal Contract Tower,0,11,7,0,18,0,13,44,0,57,0,24,51,0,75,34,0,34,109
11/18/2021,MVY,MA,ANE,EN,Federal Contract Tower,0,3,6,1,10,0,11,25,1,37,0,14,31,2,47,2,0,2,49
11/19/2021,MVY,MA,ANE,EN,Federal Contract Tower,0,10,5,0,15,0,14,12,2,28,0,24,17,2,43,4,0,4,47
11/20/2021,MVY,MA,ANE,EN,Federal Contract Tower,0,7,8,2,17,0,15,68,0,83,0,22,76,2,100,50,0,50,150
11/21/2021,MVY,MA,ANE,EN,Federal Contract Tower,0,18,9,0,27,0,11,50,0,61,0,29,59,0,88,16,0,16,104
11/22/2021,MVY,MA,ANE,EN,Federal Contract Tower,0,24,10,0,34,0,1,1,0,2,0,25,11,0,36,0,12,12,48
11/23/2021,MVY,MA,ANE,EN,Federal Contract Tower,0,12,6,0,18,0,6,6,0,12,0,18,12,0,30,24,0,24,54
11/24/2021,MVY,MA,ANE,EN,Federal Contract Tower,0,31,11,0,42,0,18,46,0,64,0,49,57,0,106,0,0,0,106
11/25/2021,MVY,MA,ANE,EN,Federal Contract Tower,0,23,2,0,25,0,4,2,0,6,0,27,4,0,31,0,0,0,31
11/26/2021,MVY,MA,ANE,EN,Federal Contract Tower,0,22,11,0,33,0,0,0,0,0,0,22,11,0,33,0,0,0,33
11/27/2021,MVY,MA,ANE,EN,Federal Contract Tower,0,29,18,0,47,0,3,18,0,21,0,32,36,0,68,0,0,0,68
11/28/2021,MVY,MA,ANE,EN,Federal Contract Tower,0,53,24,0,77,0,11,20,0,31,0,64,44,0,108,0,0,0,108
11/29/2021,MVY,MA,ANE,EN,Federal Contract Tower,0,17,6,0,23,0,6,9,0,15,0,23,15,0,38,0,0,0,38
11/30/2021,MVY,MA,ANE,EN,Federal Contract Tower,0,16,7,0,23,0,15,14,0,29,0,31,21,0,52,8,0,8,60
12/03/2021,MVY,MA,ANE,EN,Federal Contract Tower,0,9,4,0,13,0,15,10,0,25,0,24,14,0,38,0,0,0,38
12/04/2021,MVY,MA,ANE,EN,Federal Contract Tower,0,4,0,0,4,0,8,45,0,53,0,12,45,0,57,56,0,56,113
12/05/2021,MVY,MA,ANE,EN,Federal Contract Tower,0,4,6,0,10,0,15,68,0,83,0,19,74,0,93,14,0,14,107
12/06/2021,MVY,MA,ANE,EN,Federal Contract Tower,0,15,0,0,15,0,3,0,0,3,0,18,0,0,18,0,0,0,18
12/07/2021,MVY,MA,ANE,EN,Federal Contract Tower,0,9,6,0,15,0,12,25,0,37,0,21,31,0,52,6,0,6,58
12/08/2021,MVY,MA,ANE,EN,Federal Contract Tower,0,14,4,0,18,0,5,1,0,6,0,19,5,0,24,0,0,0,24
12/09/2021,MVY,MA,ANE,EN,Federal Contract Tower,0,19,4,0,23,0,10,24,0,34,0,29,28,0,57,0,0,0,57
12/10/2021,MVY,MA,ANE,EN,Federal Contract Tower,0,9,4,0,13,0,16,14,0,30,0,25,18,0,43,0,0,0,43
12/11/2021,MVY,MA,ANE,EN,Federal Contract Tower,0,10,4,0,14,0,0,0,0,0,0,10,4,0,14,0,0,0,14
12/12/2021,MVY,MA,ANE,EN,Federal Contract Tower,0,5,5,0,10,0,13,23,2,38,0,18,28,2,48,4,2,6,54
12/13/2021,MVY,MA,ANE,EN,Federal Contract Tower,0,9,12,0,21,0,22,25,0,47,0,31,37,0,68,0,0,0,68
12/14/2021,MVY,MA,ANE,EN,Federal Contract Tower,0,12,6,2,20,0,21,33,0,54,0,33,39,2,74,8,0,8,82
12/15/2021,MVY,MA,ANE,EN,Federal Contract Tower,0,3,3,0,6,0,10,34,0,44,0,13,37,0,50,0,0,0,50
12/16/2021,MVY,MA,ANE,EN,Federal Contract Tower,0,9,4,0,13,0,18,24,0,42,0,27,28,0,55,6,0,6,61
12/17/2021,MVY,MA,ANE,EN,Federal Contract Tower,0,2,0,0,2,0,19,23,0,42,0,21,23,0,44,0,8,8,52
12/18/2021,MVY,MA,ANE,EN,Federal Contract Tower,0,4,2,0,6,0,16,14,0,30,0,20,16,0,36,0,0,0,36
12/19/2021,MVY,MA,ANE,EN,Federal Contract Tower,0,11,4,0,15,0,2,5,0,7,0,13,9,0,22,0,0,0,22
12/20/2021,MVY,MA,ANE,EN,Federal Contract Tower,0,17,6,0,23,0,7,31,0,38,0,24,37,0,61,8,0,8,69
12/21/2021,MVY,MA,ANE,EN,Federal Contract Tower,0,14,9,1,24,0,15,39,1,55,0,29,48,2,79,6,0,6,85
12/22/2021,MVY,MA,ANE,EN,Federal Contract Tower,0,30,9,0,39,0,0,0,0,0,0,30,9,0,39,0,0,0,39
12/23/2021,MVY,MA,ANE,EN,Federal Contract Tower,0,14,6,0,20,0,19,48,0,67,0,33,54,0,87,12,0,12,99
12/24/2021,MVY,MA,ANE,EN,Federal Contract Tower,0,13,2,0,15,0,1,3,0,4,0,14,5,0,19,0,0,0,19
12/25/2021,MVY,MA,ANE,EN,Federal Contract Tower,0,10,4,0,14,0,0,0,0,0,0,10,4,0,14,0,0,0,14
12/26/2021,MVY,MA,ANE,EN,Federal Contract Tower,0,16,3,0,19,0,7,17,0,24,0,23,20,0,43,0,2,2,45
12/27/2021,MVY,MA,ANE,EN,Federal Contract Tower,0,8,2,0,10,0,9,36,0,45,0,17,38,0,55,0,0,0,55
12/28/2021,MVY,MA,ANE,EN,Federal Contract Tower,0,18,4,0,22,0,4,5,0,9,0,22,9,0,31,0,0,0,31
12/30/2021,MVY,MA,ANE,EN,Federal Contract Tower,0,15,6,0,21,0,2,0,0,2,0,17,6,0,23,0,0,0,23
12/31/2021,MVY,MA,ANE,EN,Federal Contract Tower,0,17,4,0,21,0,0,0,0,0,0,17,4,0,21,0,0,0,21
01/01/2022,MVY,MA,ANE,EN,Federal Contract Tower,0,13,6,1,20,0,0,0,0,0,0,13,6,1,20,0,0,0,20
01/02/2022,MVY,MA,ANE,EN,Federal Contract Tower,0,21,10,0,31,0,0,0,0,0,0,21,10,0,31,5,0,5,36
01/03/2022,MVY,MA,ANE,EN,Federal Contract Tower,0,14,1,0,15,0,2,0,0,2,0,16,1,0,17,0,0,0,17
01/04/2022,MVY,MA,ANE,EN,Federal Contract Tower,0,6,2,0,8,0,6,22,0,28,0,12,24,0,36,0,0,0,36
01/05/2022,MVY,MA,ANE,EN,Federal Contract Tower,0,10,3,0,13,0,1,0,0,1,0,11,3,0,14,0,0,0,14
01/06/2022,MVY,MA,ANE,EN,Federal Contract Tower,0,9,9,0,18,0,10,25,0,35,0,19,34,0,53,12,0,12,65
01/07/2022,MVY,MA,ANE,EN,Federal Contract Tower,0,2,1,0,3,0,0,0,0,0,0,2,1,0,3,0,0,0,3
01/08/2022,MVY,MA,ANE,EN,Federal Contract Tower,0,11,3,0,14,0,7,48,0,55,0,18,51,0,69,6,0,6,75
01/09/2022,MVY,MA,ANE,EN,Federal Contract Tower,0,8,0,0,8,0,6,2,0,8,0,14,2,0,16,0,0,0,16
01/10/2022,MVY,MA,ANE,EN,Federal Contract Tower,0,6,1,0,7,0,10,16,0,26,0,16,17,0,33,0,0,0,33
01/11/2022,MVY,MA,ANE,EN,Federal Contract Tower,0,14,0,0,14,0,9,5,0,14,0,23,5,0,28,0,0,0,28
01/12/2022,MVY,MA,ANE,EN,Federal Contract Tower,0,8,1,0,9,0,2,1,0,3,0,10,2,0,12,0,0,0,12
01/13/2022,MVY,MA,ANE,EN,Federal Contract Tower,0,7,1,0,8,0,8,33,0,41,0,15,34,0,49,0,0,0,49
01/14/2022,MVY,MA,ANE,EN,Federal Contract Tower,0,18,4,0,22,0,0,0,0,0,0,18,4,0,22,0,0,0,22
01/15/2022,MVY,MA,ANE,EN,Federal Contract Tower,0,5,0,0,5,0,10,12,0,22,0,15,12,0,27,2,0,2,29
01/16/2022,MVY,MA,ANE,EN,Federal Contract Tower,0,11,1,0,12,0,9,40,0,49,0,20,41,0,61,10,0,10,71
01/17/2022,MVY,MA,ANE,EN,Federal Contract Tower,0,3,0,0,3,0,0,0,0,0,0,3,0,0,3,6,0,6,9
01/18/2022,MVY,MA,ANE,EN,Federal Contract Tower,0,4,0,0,4,0,10,6,2,18,0,14,6,2,22,0,0,0,22
01/19/2022,MVY,MA,ANE,EN,Federal Contract Tower,0,7,1,0,8,0,15,9,4,28,0,22,10,4,36,0,0,0,36
01/20/2022,MVY,MA,ANE,EN,Federal Contract Tower,0,16,2,0,18,0,1,0,0,1,0,17,2,0,19,0,0,0,19
01/21/2022,MVY,MA,ANE,EN,Federal Contract Tower,0,18,5,0,23,0,5,0,0,5,0,23,5,0,28,0,0,0,28
01/22/2022,MVY,MA,ANE,EN,Federal Contract Tower,0,7,3,1,11,0,0,13,1,14,0,7,16,2,25,0,0,0,25
01/23/2022,MVY,MA,ANE,EN,Federal Contract Tower,0,5,3,1,9,0,13,73,0,86,0,18,76,1,95,8,0,8,103
01/24/2022,MVY,MA,ANE,EN,Federal Contract Tower,0,6,3,0,9,0,5,25,0,30,0,11,28,0,39,12,0,12,51
01/25/2022,MVY,MA,ANE,EN,Federal Contract Tower,0,14,2,0,16,0,12,14,0,26,0,26,16,0,42,6,0,6,48
01/26/2022,MVY,MA,ANE,EN,Federal Contract Tower,0,4,1,0,5,0,6,19,0,25,0,10,20,0,30,8,0,8,38
01/27/2022,MVY,MA,ANE,EN,Federal Contract Tower,0,2,2,0,4,0,13,25,0,38,0,15,27,0,42,0,0,0,42
01/28/2022,MVY,MA,ANE,EN,Federal Contract Tower,0,14,1,0,15,0,1,2,4,7,0,15,3,4,22,0,0,0,22
01/29/2022,MVY,MA,ANE,EN,Federal Contract Tower,0,0,0,0,0,0,0,0,0,0,0,0,0,0,0,0,0,0,0
01/30/2022,MVY,MA,ANE,EN,Federal Contract Tower,0,0,0,0,0,0,0,0,0,0,0,0,0,0,0,0,0,0,0
01/31/2022,MVY,MA,ANE,EN,Federal Contract Tower,0,9,2,0,11,0,2,10,0,12,0,11,12,0,23,4,0,4,27
02/01/2022,MVY,MA,ANE,EN,Federal Contract Tower,0,15,3,0,18,0,7,6,0,13,0,22,9,0,31,0,0,0,31
02/02/2022,MVY,MA,ANE,EN,Federal Contract Tower,0,20,8,0,28,0,0,0,0,0,0,20,8,0,28,0,0,0,28
02/03/2022,MVY,MA,ANE,EN,Federal Contract Tower,0,0,1,0,1,0,0,0,0,0,0,0,1,0,1,0,0,0,1
02/04/2022,MVY,MA,ANE,EN,Federal Contract Tower,0,3,3,0,6,0,0,0,0,0,0,3,3,0,6,0,0,0,6
02/05/2022,MVY,MA,ANE,EN,Federal Contract Tower,0,9,1,0,10,0,2,5,0,7,0,11,6,0,17,0,0,0,17
02/06/2022,MVY,MA,ANE,EN,Federal Contract Tower,0,8,7,0,15,0,7,46,0,53,0,15,53,0,68,4,0,4,72
02/07/2022,MVY,MA,ANE,EN,Federal Contract Tower,0,11,0,0,11,0,7,1,0,8,0,18,1,0,19,0,0,0,19
02/08/2022,MVY,MA,ANE,EN,Federal Contract Tower,0,24,6,0,30,0,0,0,0,0,0,24,6,0,30,0,0,0,30
02/09/2022,MVY,MA,ANE,EN,Federal Contract Tower,0,7,9,0,16,0,15,42,0,57,0,22,51,0,73,4,0,4,77
02/10/2022,MVY,MA,ANE,EN,Federal Contract Tower,0,5,8,0,13,0,16,31,0,47,0,21,39,0,60,0,0,0,60
02/11/2022,MVY,MA,ANE,EN,Federal Contract Tower,0,13,0,0,13,0,14,36,0,50,0,27,36,0,63,10,0,10,73
02/12/2022,MVY,MA,ANE,EN,Federal Contract Tower,0,4,4,0,8,0,14,46,0,60,0,18,50,0,68,20,0,20,88
02/13/2022,MVY,MA,ANE,EN,Federal Contract Tower,0,12,1,0,13,0,4,6,0,10,0,16,7,0,23,0,0,0,23
02/14/2022,MVY,MA,ANE,EN,Federal Contract Tower,0,6,1,0,7,0,9,1,0,10,0,15,2,0,17,0,0,0,17
02/15/2022,MVY,MA,ANE,EN,Federal Contract Tower,0,2,7,0,9,0,14,15,0,29,0,16,22,0,38,0,0,0,38
02/16/2022,MVY,MA,ANE,EN,Federal Contract Tower,0,12,6,0,18,0,8,11,0,19,0,20,17,0,37,2,0,2,39
02/17/2022,MVY,MA,ANE,EN,Federal Contract Tower,0,5,0,4,9,0,6,0,0,6,0,11,0,4,15,0,0,0,15
02/18/2022,MVY,MA,ANE,EN,Federal Contract Tower,0,7,0,0,7,0,3,4,0,7,0,10,4,0,14,0,0,0,14
02/19/2022,MVY,MA,ANE,EN,Federal Contract Tower,0,6,3,0,9,0,8,15,0,23,0,14,18,0,32,12,0,12,44
02/20/2022,MVY,MA,ANE,EN,Federal Contract Tower,0,8,7,0,15,0,10,52,1,63,0,18,59,1,78,8,0,8,86
02/21/2022,MVY,MA,ANE,EN,Federal Contract Tower,0,10,8,0,18,0,13,44,0,57,0,23,52,0,75,0,0,0,75
02/22/2022,MVY,MA,ANE,EN,Federal Contract Tower,0,34,3,0,37,0,1,1,0,2,0,35,4,0,39,0,0,0,39
02/23/2022,MVY,MA,ANE,EN,Federal Contract Tower,0,28,8,0,36,0,1,4,0,5,0,29,12,0,41,0,0,0,41
02/24/2022,MVY,MA,ANE,EN,Federal Contract Tower,0,9,4,0,13,0,11,23,0,34,0,20,27,0,47,0,0,0,47
02/25/2022,MVY,MA,ANE,EN,Federal Contract Tower,0,0,0,0,0,0,0,0,0,0,0,0,0,0,0,0,0,0,0
02/26/2022,MVY,MA,ANE,EN,Federal Contract Tower,0,10,7,1,18,0,13,10,1,24,0,23,17,2,42,2,0,2,44
02/27/2022,MVY,MA,ANE,EN,Federal Contract Tower,0,1,3,0,4,0,20,17,0,37,0,21,20,0,41,0,0,0,41
02/28/2022,MVY,MA,ANE,EN,Federal Contract Tower,0,2,1,1,4,0,7,28,1,36,0,9,29,2,40,4,0,4,44
03/01/2022,MVY,MA,ANE,EN,Federal Contract Tower,0,4,3,0,7,0,13,18,0,31,0,17,21,0,38,0,0,0,38
03/02/2022,MVY,MA,ANE,EN,Federal Contract Tower,0,5,2,0,7,0,8,28,2,38,0,13,30,2,45,0,8,8,53
03/03/2022,MVY,MA,ANE,EN,Federal Contract Tower,0,4,0,0,4,0,12,15,1,28,0,16,15,1,32,0,0,0,32
03/04/2022,MVY,MA,ANE,EN,Federal Contract Tower,0,2,4,2,8,0,11,40,0,51,0,13,44,2,59,0,0,0,59
03/05/2022,MVY,MA,ANE,EN,Federal Contract Tower,0,4,0,0,4,0,8,30,0,38,0,12,30,0,42,0,0,0,42
03/06/2022,MVY,MA,ANE,EN,Federal Contract Tower,0,4,0,0,4,0,0,0,0,0,0,4,0,0,4,0,0,0,4
03/07/2022,MVY,MA,ANE,EN,Federal Contract Tower,0,6,4,0,10,0,1,3,0,4,0,7,7,0,14,0,0,0,14
03/08/2022,MVY,MA,ANE,EN,Federal Contract Tower,0,5,7,0,12,0,9,4,0,13,0,14,11,0,25,0,0,0,25
03/09/2022,MVY,MA,ANE,EN,Federal Contract Tower,0,6,4,0,10,0,4,0,0,4,0,10,4,0,14,0,0,0,14
03/10/2022,MVY,MA,ANE,EN,Federal Contract Tower,0,7,6,0,13,0,11,25,1,37,0,18,31,1,50,0,0,0,50
03/11/2022,MVY,MA,ANE,EN,Federal Contract Tower,0,3,7,4,14,0,10,30,4,44,0,13,37,8,58,0,0,0,58
03/12/2022,MVY,MA,ANE,EN,Federal Contract Tower,0,2,0,0,2,0,0,0,0,0,0,2,0,0,2,0,0,0,2
03/13/2022,MVY,MA,ANE,EN,Federal Contract Tower,0,3,0,0,3,0,7,6,0,13,0,10,6,0,16,0,0,0,16
03/14/2022,MVY,MA,ANE,EN,Federal Contract Tower,0,13,1,0,14,0,9,14,0,23,0,22,15,0,37,0,0,0,37
03/15/2022,MVY,MA,ANE,EN,Federal Contract Tower,0,8,1,0,9,0,14,28,0,42,0,22,29,0,51,2,0,2,53
03/16/2022,MVY,MA,ANE,EN,Federal Contract Tower,0,12,4,0,16,0,3,11,0,14,0,15,15,0,30,0,0,0,30
03/17/2022,MVY,MA,ANE,EN,Federal Contract Tower,0,15,12,0,27,0,1,0,0,1,0,16,12,0,28,0,0,0,28
03/18/2022,MVY,MA,ANE,EN,Federal Contract Tower,0,13,9,0,22,0,1,10,0,11,0,14,19,0,33,0,0,0,33
03/19/2022,MVY,MA,ANE,EN,Federal Contract Tower,0,16,5,0,21,0,0,0,0,0,0,16,5,0,21,0,0,0,21
03/20/2022,MVY,MA,ANE,EN,Federal Contract Tower,0,9,3,0,12,0,4,18,0,22,0,13,21,0,34,2,0,2,36
03/21/2022,MVY,MA,ANE,EN,Federal Contract Tower,0,6,7,0,13,0,14,20,0,34,0,20,27,0,47,0,0,0,47
03/22/2022,MVY,MA,ANE,EN,Federal Contract Tower,0,5,2,0,7,0,12,20,0,32,0,17,22,0,39,0,0,0,39
03/23/2022,MVY,MA,ANE,EN,Federal Contract Tower,0,3,0,0,3,0,8,24,0,32,0,11,24,0,35,0,0,0,35
03/24/2022,MVY,MA,ANE,EN,Federal Contract Tower,0,13,1,0,14,0,0,0,0,0,0,13,1,0,14,0,0,0,14
03/25/2022,MVY,MA,ANE,EN,Federal Contract Tower,0,18,11,2,31,0,2,2,2,6,0,20,13,4,37,0,0,0,37
03/26/2022,MVY,MA,ANE,EN,Federal Contract Tower,0,8,5,0,13,0,10,31,0,41,0,18,36,0,54,8,0,8,62
03/27/2022,MVY,MA,ANE,EN,Federal Contract Tower,0,11,11,0,22,0,8,47,0,55,0,19,58,0,77,10,0,10,87
03/28/2022,MVY,MA,ANE,EN,Federal Contract Tower,0,5,2,1,8,0,10,3,1,14,0,15,5,2,22,0,0,0,22
03/29/2022,MVY,MA,ANE,EN,Federal Contract Tower,0,6,3,0,9,0,12,22,0,34,0,18,25,0,43,2,0,2,45
03/30/2022,MVY,MA,ANE,EN,Federal Contract Tower,0,2,1,2,5,0,9,16,0,25,0,11,17,2,30,4,2,6,36
03/31/2022,MVY,MA,ANE,EN,Federal Contract Tower,0,18,0,0,18,0,0,0,0,0,0,18,0,0,18,0,0,0,18
04/01/2022,MVY,MA,ANE,EN,Federal Contract Tower,0,19,7,0,26,0,4,11,0,15,0,23,18,0,41,0,0,0,41
04/02/2022,MVY,MA,ANE,EN,Federal Contract Tower,0,12,7,0,19,0,7,17,0,24,0,19,24,0,43,2,0,2,45
04/03/2022,MVY,MA,ANE,EN,Federal Contract Tower,0,15,7,0,22,0,19,74,0,93,0,34,81,0,115,4,0,4,119
04/04/2022,MVY,MA,ANE,EN,Federal Contract Tower,0,9,6,0,15,0,14,38,0,52,0,23,44,0,67,6,0,6,73
04/05/2022,MVY,MA,ANE,EN,Federal Contract Tower,0,7,4,0,11,0,20,46,0,66,0,27,50,0,77,20,0,20,97
04/06/2022,MVY,MA,ANE,EN,Federal Contract Tower,0,19,12,0,31,0,0,0,0,0,0,19,12,0,31,0,0,0,31
04/07/2022,MVY,MA,ANE,EN,Federal Contract Tower,0,15,3,0,18,0,9,3,0,12,0,24,6,0,30,0,0,0,30
04/08/2022,MVY,MA,ANE,EN,Federal Contract Tower,0,19,1,1,21,0,1,8,4,13,0,20,9,5,34,2,0,2,36
04/09/2022,MVY,MA,ANE,EN,Federal Contract Tower,0,11,6,0,17,0,8,22,0,30,0,19,28,0,47,4,0,4,51
04/10/2022,MVY,MA,ANE,EN,Federal Contract Tower,0,9,12,0,21,0,8,70,0,78,0,17,82,0,99,2,0,2,101
04/11/2022,MVY,MA,ANE,EN,Federal Contract Tower,0,6,10,0,16,0,29,49,0,78,0,35,59,0,94,10,0,10,104
04/12/2022,MVY,MA,ANE,EN,Federal Contract Tower,0,11,5,0,16,0,14,27,0,41,0,25,32,0,57,6,0,6,63
04/13/2022,MVY,MA,ANE,EN,Federal Contract Tower,0,7,13,0,20,0,18,28,0,46,0,25,41,0,66,14,0,14,80
04/14/2022,MVY,MA,ANE,EN,Federal Contract Tower,0,16,7,2,25,0,4,6,0,10,0,20,13,2,35,4,0,4,39
04/15/2022,MVY,MA,ANE,EN,Federal Contract Tower,0,13,9,0,22,0,19,64,0,83,0,32,73,0,105,16,0,16,121
04/16/2022,MVY,MA,ANE,EN,Federal Contract Tower,0,11,10,0,21,0,10,30,0,40,0,21,40,0,61,4,0,4,65
04/17/2022,MVY,MA,ANE,EN,Federal Contract Tower,0,5,4,0,9,0,12,17,0,29,0,17,21,0,38,8,0,8,46
04/18/2022,MVY,MA,ANE,EN,Federal Contract Tower,0,15,5,0,20,0,13,40,0,53,0,28,45,0,73,2,0,2,75
04/19/2022,MVY,MA,ANE,EN,Federal Contract Tower,0,15,4,2,21,0,1,3,0,4,0,16,7,2,25,0,0,0,25
04/20/2022,MVY,MA,ANE,EN,Federal Contract Tower,0,6,3,1,10,0,7,22,1,30,0,13,25,2,40,0,14,14,54
04/21/2022,MVY,MA,ANE,EN,Federal Contract Tower,0,10,2,0,12,0,17,22,0,39,0,27,24,0,51,10,0,10,61
04/22/2022,MVY,MA,ANE,EN,Federal Contract Tower,0,6,2,0,8,0,10,37,2,49,0,16,39,2,57,24,0,24,81
04/23/2022,MVY,MA,ANE,EN,Federal Contract Tower,0,5,10,0,15,0,18,76,0,94,0,23,86,0,109,26,0,26,135
04/24/2022,MVY,MA,ANE,EN,Federal Contract Tower,0,10,8,2,20,0,8,38,0,46,0,18,46,2,66,12,0,12,78
04/25/2022,MVY,MA,ANE,EN,Federal Contract Tower,0,11,2,0,13,0,13,39,0,52,0,24,41,0,65,2,0,2,67
04/26/2022,MVY,MA,ANE,EN,Federal Contract Tower,0,22,3,0,25,0,4,6,0,10,0,26,9,0,35,4,2,6,41
04/27/2022,MVY,MA,ANE,EN,Federal Contract Tower,0,8,13,0,21,0,3,13,0,16,0,11,26,0,37,2,0,2,39
04/28/2022,MVY,MA,ANE,EN,Federal Contract Tower,0,7,0,4,11,0,14,12,0,26,0,21,12,4,37,0,0,0,37
04/29/2022,MVY,MA,ANE,EN,Federal Contract Tower,0,13,6,2,21,0,15,24,0,39,0,28,30,2,60,6,0,6,66
04/30/2022,MVY,MA,ANE,EN,Federal Contract Tower,0,10,3,0,13,0,14,31,0,45,0,24,34,0,58,12,1,13,71
05/01/2022,MVY,MA,ANE,EN,Federal Contract Tower,0,11,13,0,24,0,18,66,0,84,0,29,79,0,108,14,0,14,122
05/02/2022,MVY,MA,ANE,EN,Federal Contract Tower,0,13,0,2,15,0,12,16,0,28,0,25,16,2,43,0,0,0,43
05/03/2022,MVY,MA,ANE,EN,Federal Contract Tower,0,19,19,0,38,0,2,4,0,6,0,21,23,0,44,0,0,0,44
05/04/2022,MVY,MA,ANE,EN,Federal Contract Tower,0,22,9,0,31,0,0,0,0,0,0,22,9,0,31,0,0,0,31
05/05/2022,MVY,MA,ANE,EN,Federal Contract Tower,0,5,9,0,14,0,14,33,0,47,0,19,42,0,61,10,0,10,71
05/06/2022,MVY,MA,ANE,EN,Federal Contract Tower,0,12,18,1,31,0,11,13,6,30,0,23,31,7,61,0,0,0,61
05/07/2022,MVY,MA,ANE,EN,Federal Contract Tower,0,20,6,0,26,0,2,2,0,4,0,22,8,0,30,0,0,0,30
05/08/2022,MVY,MA,ANE,EN,Federal Contract Tower,0,17,0,0,17,0,4,10,0,14,0,21,10,0,31,0,0,0,31
05/09/2022,MVY,MA,ANE,EN,Federal Contract Tower,0,11,0,0,11,0,15,3,0,18,0,26,3,0,29,0,0,0,29
05/10/2022,MVY,MA,ANE,EN,Federal Contract Tower,0,11,3,0,14,0,9,10,0,19,0,20,13,0,33,0,0,0,33
05/11/2022,MVY,MA,ANE,EN,Federal Contract Tower,0,15,12,0,27,0,0,1,0,1,0,15,13,0,28,0,0,0,28
05/12/2022,MVY,MA,ANE,EN,Federal Contract Tower,0,25,22,0,47,0,1,5,0,6,0,26,27,0,53,0,0,0,53
05/13/2022,MVY,MA,ANE,EN,Federal Contract Tower,0,29,10,0,39,0,0,0,0,0,0,29,10,0,39,0,0,0,39
05/14/2022,MVY,MA,ANE,EN,Federal Contract Tower,0,19,9,0,28,0,3,11,1,15,0,22,20,1,43,0,0,0,43
05/15/2022,MVY,MA,ANE,EN,Federal Contract Tower,0,38,29,0,67,0,1,2,0,3,0,39,31,0,70,0,0,0,70
05/16/2022,MVY,MA,ANE,EN,Federal Contract Tower,0,38,12,0,50,0,0,0,0,0,0,38,12,0,50,0,0,0,50
05/17/2022,MVY,MA,ANE,EN,Federal Contract Tower,0,21,5,0,26,0,21,47,2,70,0,42,52,2,96,2,0,2,98
05/18/2022,MVY,MA,ANE,EN,Federal Contract Tower,0,27,9,2,38,0,15,72,0,87,0,42,81,2,125,6,0,6,131
05/19/2022,MVY,MA,ANE,EN,Federal Contract Tower,0,30,31,0,61,0,1,2,0,3,0,31,33,0,64,0,0,0,64
05/20/2022,MVY,MA,ANE,EN,Federal Contract Tower,0,29,27,0,56,0,7,41,0,48,0,36,68,0,104,0,0,0,104
05/21/2022,MVY,MA,ANE,EN,Federal Contract Tower,0,30,10,0,40,0,10,24,0,34,0,40,34,0,74,8,0,8,82
05/22/2022,MVY,MA,ANE,EN,Federal Contract Tower,0,23,24,0,47,0,14,69,0,83,0,37,93,0,130,6,0,6,136
05/23/2022,MVY,MA,ANE,EN,Federal Contract Tower,0,22,10,0,32,0,21,37,0,58,0,43,47,0,90,0,0,0,90
05/24/2022,MVY,MA,ANE,EN,Federal Contract Tower,0,21,4,0,25,0,32,63,0,95,0,53,67,0,120,12,0,12,132
05/25/2022,MVY,MA,ANE,EN,Federal Contract Tower,0,36,11,4,51,0,29,78,0,107,0,65,89,4,158,12,2,14,172
05/26/2022,MVY,MA,ANE,EN,Federal Contract Tower,4,65,24,0,93,0,44,73,0,117,4,109,97,0,210,24,0,24,234
05/27/2022,MVY,MA,ANE,EN,Federal Contract Tower,10,87,49,2,148,0,0,0,0,0,10,87,49,2,148,0,0,0,148
05/28/2022,MVY,MA,ANE,EN,Federal Contract Tower,6,58,25,0,89,0,0,0,0,0,6,58,25,0,89,0,0,0,89
05/29/2022,MVY,MA,ANE,EN,Federal Contract Tower,8,28,19,0,55,0,30,120,0,150,8,58,139,0,205,12,0,12,217
05/30/2022,MVY,MA,ANE,EN,Federal Contract Tower,10,50,40,0,100,0,65,107,2,174,10,115,147,2,274,6,0,6,280
05/31/2022,MVY,MA,ANE,EN,Federal Contract Tower,8,37,19,0,64,0,47,65,0,112,8,84,84,0,176,2,0,2,178
06/01/2022,MVY,MA,ANE,EN,Federal Contract Tower,7,26,16,0,49,0,13,37,0,50,7,39,53,0,99,0,0,0,99
06/02/2022,MVY,MA,ANE,EN,Federal Contract Tower,10,72,23,0,105,0,1,0,0,1,10,73,23,0,106,26,0,26,132
06/03/2022,MVY,MA,ANE,EN,Federal Contract Tower,12,36,22,0,70,0,10,9,0,19,12,46,31,0,89,0,0,0,89
06/04/2022,MVY,MA,ANE,EN,Federal Contract Tower,10,40,20,1,71,0,3,14,4,21,10,43,34,5,92,0,2,2,94
06/05/2022,MVY,MA,ANE,EN,Federal Contract Tower,12,34,20,0,66,0,38,103,3,144,12,72,123,3,210,21,0,21,231
06/06/2022,MVY,MA,ANE,EN,Federal Contract Tower,8,36,14,0,58,0,24,78,2,104,8,60,92,2,162,22,2,24,186
06/07/2022,MVY,MA,ANE,EN,Federal Contract Tower,10,35,23,2,70,0,28,66,0,94,10,63,89,2,164,2,0,2,166
06/08/2022,MVY,MA,ANE,EN,Federal Contract Tower,8,24,24,0,56,0,0,0,0,0,8,24,24,0,56,0,0,0,56
06/09/2022,MVY,MA,ANE,EN,Federal Contract Tower,12,55,10,0,77,0,11,1,0,12,12,66,11,0,89,0,0,0,89
06/10/2022,MVY,MA,ANE,EN,Federal Contract Tower,18,31,22,0,71,0,35,88,0,123,18,66,110,0,194,6,0,6,200
06/11/2022,MVY,MA,ANE,EN,Federal Contract Tower,26,38,35,0,99,0,20,54,0,74,26,58,89,0,173,12,0,12,185
06/12/2022,MVY,MA,ANE,EN,Federal Contract Tower,14,62,21,0,97,0,31,51,0,82,14,93,72,0,179,6,0,6,185
06/13/2022,MVY,MA,ANE,EN,Federal Contract Tower,14,46,25,5,90,0,8,32,0,40,14,54,57,5,130,6,0,6,136
06/14/2022,MVY,MA,ANE,EN,Federal Contract Tower,12,30,19,6,67,0,29,106,4,139,12,59,125,10,206,0,8,8,214
06/15/2022,MVY,MA,ANE,EN,Federal Contract Tower,14,24,26,3,67,0,27,95,0,122,14,51,121,3,189,0,16,16,205
06/16/2022,MVY,MA,ANE,EN,Federal Contract Tower,8,50,37,0,95,0,49,85,2,136,8,99,122,2,231,4,0,4,235
06/17/2022,MVY,MA,ANE,EN,Federal Contract Tower,18,64,37,0,119,0,15,9,0,24,18,79,46,0,143,6,0,6,149
06/18/2022,MVY,MA,ANE,EN,Federal Contract Tower,24,39,27,0,90,0,30,55,0,85,24,69,82,0,175,12,0,12,187
06/19/2022,MVY,MA,ANE,EN,Federal Contract Tower,16,76,26,0,118,0,28,40,0,68,16,104,66,0,186,14,0,14,200
06/20/2022,MVY,MA,ANE,EN,Federal Contract Tower,16,49,17,0,82,0,45,148,0,193,16,94,165,0,275,21,10,31,306
06/21/2022,MVY,MA,ANE,EN,Federal Contract Tower,12,41,31,0,84,0,36,120,4,160,12,77,151,4,244,16,0,16,260
06/22/2022,MVY,MA,ANE,EN,Federal Contract Tower,14,43,35,1,93,0,12,30,0,42,14,55,65,1,135,22,0,22,157
06/23/2022,MVY,MA,ANE,EN,Federal Contract Tower,14,60,28,0,102,0,38,40,4,82,14,98,68,4,184,10,0,10,194
06/24/2022,MVY,MA,ANE,EN,Federal Contract Tower,18,59,28,0,105,0,48,93,0,141,18,107,121,0,246,33,4,37,283
06/25/2022,MVY,MA,ANE,EN,Federal Contract Tower,24,44,18,0,86,0,23,87,0,110,24,67,105,0,196,10,0,10,206
06/26/2022,MVY,MA,ANE,EN,Federal Contract Tower,18,43,19,0,80,0,50,107,0,157,18,93,126,0,237,30,2,32,269
06/27/2022,MVY,MA,ANE,EN,Federal Contract Tower,13,64,25,2,104,0,7,5,0,12,13,71,30,2,116,0,0,0,116
06/28/2022,MVY,MA,ANE,EN,Federal Contract Tower,16,46,22,0,84,0,41,58,0,99,16,87,80,0,183,8,0,8,191
06/29/2022,MVY,MA,ANE,EN,Federal Contract Tower,18,50,23,0,91,0,42,69,2,113,18,92,92,2,204,6,0,6,210
06/30/2022,MVY,MA,ANE,EN,Federal Contract Tower,16,91,25,0,132,0,82,133,0,215,16,173,158,0,347,12,0,12,359
07/01/2022,MVY,MA,ANE,EN,Federal Contract Tower,20,125,76,0,221,0,41,80,0,121,20,166,156,0,342,22,0,22,364
07/02/2022,MVY,MA,ANE,EN,Federal Contract Tower,23,115,53,0,191,0,1,0,0,1,23,116,53,0,192,0,0,0,192
07/03/2022,MVY,MA,ANE,EN,Federal Contract Tower,17,46,3,0,66,0,30,79,0,109,17,76,82,0,175,48,0,48,223
07/04/2022,MVY,MA,ANE,EN,Federal Contract Tower,16,50,1,0,67,0,68,98,0,166,16,118,99,0,233,6,0,6,239
07/05/2022,MVY,MA,ANE,EN,Federal Contract Tower,14,84,21,4,123,0,62,86,0,148,14,146,107,4,271,38,0,38,309
07/06/2022,MVY,MA,ANE,EN,Federal Contract Tower,14,69,13,5,101,0,26,66,2,94,14,95,79,7,195,92,0,92,287
07/07/2022,MVY,MA,ANE,EN,Federal Contract Tower,18,63,35,0,116,0,58,99,0,157,18,121,134,0,273,38,0,38,311
07/08/2022,MVY,MA,ANE,EN,Federal Contract Tower,16,79,34,0,129,0,0,0,0,0,16,79,34,0,129,10,0,10,139
07/09/2022,MVY,MA,ANE,EN,Federal Contract Tower,24,60,22,0,106,0,35,84,0,119,24,95,106,0,225,8,0,8,233
07/10/2022,MVY,MA,ANE,EN,Federal Contract Tower,18,83,29,0,130,0,60,116,0,176,18,143,145,0,306,4,0,4,310
07/11/2022,MVY,MA,ANE,EN,Federal Contract Tower,18,63,25,0,106,0,55,82,0,137,18,118,107,0,243,10,0,10,253
07/12/2022,MVY,MA,ANE,EN,Federal Contract Tower,18,47,21,2,88,0,37,60,0,97,18,84,81,2,185,0,0,0,185
07/13/2022,MVY,MA,ANE,EN,Federal Contract Tower,18,67,25,2,112,0,56,74,2,132,18,123,99,4,244,54,8,62,306
07/14/2022,MVY,MA,ANE,EN,Federal Contract Tower,18,91,31,4,144,0,66,68,0,134,18,157,99,4,278,14,30,44,322
07/15/2022,MVY,MA,ANE,EN,Federal Contract Tower,20,69,28,0,117,0,69,82,0,151,20,138,110,0,268,28,0,28,296
07/16/2022,MVY,MA,ANE,EN,Federal Contract Tower,28,59,22,14,123,0,31,75,0,106,28,90,97,14,229,52,0,52,281
07/17/2022,MVY,MA,ANE,EN,Federal Contract Tower,18,98,51,12,179,0,23,48,0,71,18,121,99,12,250,0,0,0,250
07/18/2022,MVY,MA,ANE,EN,Federal Contract Tower,18,93,26,0,137,0,0,0,0,0,18,93,26,0,137,0,0,0,137
07/19/2022,MVY,MA,ANE,EN,Federal Contract Tower,16,69,19,6,110,0,45,47,4,96,16,114,66,10,206,2,0,2,208
07/20/2022,MVY,MA,ANE,EN,Federal Contract Tower,16,45,22,4,87,0,28,56,0,84,16,73,78,4,171,22,4,26,197
07/21/2022,MVY,MA,ANE,EN,Federal Contract Tower,18,142,62,4,226,0,0,0,0,0,18,142,62,4,226,0,0,0,226
07/22/2022,MVY,MA,ANE,EN,Federal Contract Tower,18,91,32,9,150,0,40,78,0,118,18,131,110,9,268,0,2,2,270
07/23/2022,MVY,MA,ANE,EN,Federal Contract Tower,22,49,23,0,94,0,54,76,0,130,22,103,99,0,224,4,0,4,228
07/24/2022,MVY,MA,ANE,EN,Federal Contract Tower,20,129,36,0,185,0,29,30,0,59,20,158,66,0,244,2,0,2,246
07/25/2022,MVY,MA,ANE,EN,Federal Contract Tower,16,117,36,0,169,0,0,0,0,0,16,117,36,0,169,0,0,0,169
07/26/2022,MVY,MA,ANE,EN,Federal Contract Tower,16,64,29,0,109,0,43,98,0,141,16,107,127,0,250,26,0,26,276
07/27/2022,MVY,MA,ANE,EN,Federal Contract Tower,16,60,23,3,102,0,52,87,2,141,16,112,110,5,243,20,0,20,263
07/28/2022,MVY,MA,ANE,EN,Federal Contract Tower,16,118,53,4,191,0,50,57,0,107,16,168,110,4,298,30,0,30,328
07/29/2022,MVY,MA,ANE,EN,Federal Contract Tower,20,94,32,0,146,0,58,82,0,140,20,152,114,0,286,3,0,3,289
07/30/2022,MVY,MA,ANE,EN,Federal Contract Tower,24,70,27,1,122,0,57,83,2,142,24,127,110,3,264,8,0,8,272
07/31/2022,MVY,MA,ANE,EN,Federal Contract Tower,20,69,19,0,108,0,77,141,0,218,20,146,160,0,326,14,0,14,340
08/01/2022,MVY,MA,ANE,EN,Federal Contract Tower,20,113,32,1,166,0,26,22,0,48,20,139,54,1,214,2,0,2,216
08/02/2022,MVY,MA,ANE,EN,Federal Contract Tower,20,75,35,4,134,0,26,61,0,87,20,101,96,4,221,22,0,22,243
08/03/2022,MVY,MA,ANE,EN,Federal Contract Tower,18,45,21,5,89,0,40,110,1,151,18,85,131,6,240,20,0,20,260
08/04/2022,MVY,MA,ANE,EN,Federal Contract Tower,20,97,38,5,160,0,24,51,0,75,20,121,89,5,235,0,0,0,235
08/05/2022,MVY,MA,ANE,EN,Federal Contract Tower,20,109,43,3,175,0,40,53,0,93,20,149,96,3,268,0,0,0,268
08/06/2022,MVY,MA,ANE,EN,Federal Contract Tower,24,55,32,0,111,0,14,30,0,44,24,69,62,0,155,12,0,12,167
08/07/2022,MVY,MA,ANE,EN,Federal Contract Tower,21,105,35,0,161,0,66,64,0,130,21,171,99,0,291,4,0,4,295
08/08/2022,MVY,MA,ANE,EN,Federal Contract Tower,20,69,34,0,123,0,51,63,6,120,20,120,97,6,243,36,0,36,279
08/09/2022,MVY,MA,ANE,EN,Federal Contract Tower,18,62,22,3,105,0,40,66,3,109,18,102,88,6,214,6,20,26,240
08/10/2022,MVY,MA,ANE,EN,Federal Contract Tower,18,114,38,2,172,0,14,21,0,35,18,128,59,2,207,2,0,2,209
08/11/2022,MVY,MA,ANE,EN,Federal Contract Tower,19,111,54,0,184,0,2,0,0,2,19,113,54,0,186,0,0,0,186
08/12/2022,MVY,MA,ANE,EN,Federal Contract Tower,24,79,55,0,158,0,36,79,0,115,24,115,134,0,273,24,0,24,297
08/13/2022,MVY,MA,ANE,EN,Federal Contract Tower,24,55,43,0,122,0,51,132,0,183,24,106,175,0,305,2,0,2,307
08/14/2022,MVY,MA,ANE,EN,Federal Contract Tower,22,105,41,0,168,0,59,133,0,192,22,164,174,0,360,16,0,16,376
08/15/2022,MVY,MA,ANE,EN,Federal Contract Tower,22,68,15,0,105,0,70,97,0,167,22,138,112,0,272,4,0,4,276
08/16/2022,MVY,MA,ANE,EN,Federal Contract Tower,18,66,17,0,101,0,57,48,0,105,18,123,65,0,206,0,0,0,206
08/17/2022,MVY,MA,ANE,EN,Federal Contract Tower,18,71,14,0,103,0,35,39,0,74,18,106,53,0,177,14,0,14,191
08/18/2022,MVY,MA,ANE,EN,Federal Contract Tower,16,59,35,0,110,0,60,64,0,124,16,119,99,0,234,0,0,0,234
08/19/2022,MVY,MA,ANE,EN,Federal Contract Tower,20,82,22,0,124,0,70,96,0,166,20,152,118,0,290,32,0,32,322
08/20/2022,MVY,MA,ANE,EN,Federal Contract Tower,22,66,35,0,123,0,48,85,2,135,22,114,120,2,258,2,0,2,260
08/21/2022,MVY,MA,ANE,EN,Federal Contract Tower,22,85,37,1,145,0,63,100,1,164,22,148,137,2,309,6,0,6,315
08/22/2022,MVY,MA,ANE,EN,Federal Contract Tower,17,129,37,0,183,0,3,1,0,4,17,132,38,0,187,0,0,0,187
08/23/2022,MVY,MA,ANE,EN,Federal Contract Tower,18,68,25,0,111,0,1,7,2,10,18,69,32,2,121,24,8,32,153
08/24/2022,MVY,MA,ANE,EN,Federal Contract Tower,20,65,26,0,111,0,36,81,0,117,20,101,107,0,228,12,0,12,240
08/25/2022,MVY,MA,ANE,EN,Federal Contract Tower,18,68,24,0,110,0,63,87,0,150,18,131,111,0,260,10,2,12,272
08/26/2022,MVY,MA,ANE,EN,Federal Contract Tower,18,78,26,4,126,0,43,82,0,125,18,121,108,4,251,18,0,18,269
08/27/2022,MVY,MA,ANE,EN,Federal Contract Tower,20,65,29,1,115,0,29,39,1,69,20,94,68,2,184,2,0,2,186
08/28/2022,MVY,MA,ANE,EN,Federal Contract Tower,22,101,34,0,157,0,51,87,0,138,22,152,121,0,295,4,0,4,299
08/29/2022,MVY,MA,ANE,EN,Federal Contract Tower,18,85,32,2,137,0,46,64,0,110,18,131,96,2,247,32,0,32,279
08/30/2022,MVY,MA,ANE,EN,Federal Contract Tower,18,71,46,0,135,0,28,34,0,62,18,99,80,0,197,18,0,18,215
08/31/2022,MVY,MA,ANE,EN,Federal Contract Tower,18,72,34,2,126,0,24,74,2,100,18,96,108,4,226,18,0,18,244
09/01/2022,MVY,MA,ANE,EN,Federal Contract Tower,22,63,32,0,117,0,48,64,0,112,22,111,96,0,229,10,0,10,239
09/02/2022,MVY,MA,ANE,EN,Federal Contract Tower,22,80,31,0,133,0,73,103,0,176,22,153,134,0,309,48,0,48,357
09/03/2022,MVY,MA,ANE,EN,Federal Contract Tower,19,36,19,0,74,0,48,92,0,140,19,84,111,0,214,8,0,8,222
09/04/2022,MVY,MA,ANE,EN,Federal Contract Tower,24,76,21,0,121,0,74,80,0,154,24,150,101,0,275,0,0,0,275
09/05/2022,MVY,MA,ANE,EN,Federal Contract Tower,21,141,62,0,224,0,24,57,0,81,21,165,119,0,305,18,0,18,323
09/06/2022,MVY,MA,ANE,EN,Federal Contract Tower,10,116,31,4,161,0,7,9,0,16,10,123,40,4,177,0,0,0,177
09/07/2022,MVY,MA,ANE,EN,Federal Contract Tower,6,60,29,0,95,0,10,32,0,42,6,70,61,0,137,0,0,0,137
09/08/2022,MVY,MA,ANE,EN,Federal Contract Tower,6,87,22,0,115,0,28,55,2,85,6,115,77,2,200,0,0,0,200
09/09/2022,MVY,MA,ANE,EN,Federal Contract Tower,7,62,32,0,101,0,50,95,0,145,7,112,127,0,246,0,0,0,246
09/10/2022,MVY,MA,ANE,EN,Federal Contract Tower,2,38,20,0,60,0,32,90,0,122,2,70,110,0,182,0,0,0,182
09/11/2022,MVY,MA,ANE,EN,Federal Contract Tower,8,108,23,0,139,0,42,55,0,97,8,150,78,0,236,8,0,8,244
09/12/2022,MVY,MA,ANE,EN,Federal Contract Tower,6,57,18,0,81,0,0,0,0,0,6,57,18,0,81,0,0,0,81
09/13/2022,MVY,MA,ANE,EN,Federal Contract Tower,5,52,22,0,79,0,2,0,0,2,5,54,22,0,81,0,0,0,81
09/14/2022,MVY,MA,ANE,EN,Federal Contract Tower,6,32,16,0,54,0,40,72,0,112,6,72,88,0,166,0,0,0,166
09/15/2022,MVY,MA,ANE,EN,Federal Contract Tower,6,43,30,2,81,0,35,74,0,109,6,78,104,2,190,4,0,4,194
09/16/2022,MVY,MA,ANE,EN,Federal Contract Tower,8,43,15,0,66,0,33,55,0,88,8,76,70,0,154,8,0,8,162
09/17/2022,MVY,MA,ANE,EN,Federal Contract Tower,4,44,9,0,57,0,29,78,0,107,4,73,87,0,164,10,0,10,174
09/18/2022,MVY,MA,ANE,EN,Federal Contract Tower,8,55,16,0,79,0,54,107,0,161,8,109,123,0,240,4,0,4,244
09/19/2022,MVY,MA,ANE,EN,Federal Contract Tower,6,66,18,0,90,0,1,0,0,1,6,67,18,0,91,0,0,0,91
09/20/2022,MVY,MA,ANE,EN,Federal Contract Tower,6,48,12,1,67,0,8,9,1,18,6,56,21,2,85,0,0,0,85
09/21/2022,MVY,MA,ANE,EN,Federal Contract Tower,7,44,16,2,69,0,9,35,0,44,7,53,51,2,113,2,0,2,115
09/22/2022,MVY,MA,ANE,EN,Federal Contract Tower,1,27,23,2,53,0,2,3,0,5,1,29,26,2,58,0,0,0,58
09/23/2022,MVY,MA,ANE,EN,Federal Contract Tower,9,49,15,0,73,0,29,28,0,57,9,78,43,0,130,0,10,10,140
09/24/2022,MVY,MA,ANE,EN,Federal Contract Tower,6,41,13,0,60,0,37,50,0,87,6,78,63,0,147,2,0,2,149
09/25/2022,MVY,MA,ANE,EN,Federal Contract Tower,8,61,22,0,91,0,32,74,0,106,8,93,96,0,197,18,0,18,215
09/26/2022,MVY,MA,ANE,EN,Federal Contract Tower,6,50,18,4,78,0,19,32,2,53,6,69,50,6,131,0,0,0,131
09/27/2022,MVY,MA,ANE,EN,Federal Contract Tower,7,23,13,1,44,0,20,58,3,81,7,43,71,4,125,18,6,24,149
09/28/2022,MVY,MA,ANE,EN,Federal Contract Tower,5,32,13,0,50,0,34,44,0,78,5,66,57,0,128,8,0,8,136
09/29/2022,MVY,MA,ANE,EN,Federal Contract Tower,6,41,13,0,60,0,29,69,0,98,6,70,82,0,158,2,6,8,166
09/30/2022,MVY,MA,ANE,EN,Federal Contract Tower,6,34,17,0,57,0,23,34,0,57,6,57,51,0,114,2,0,2,116
10/01/2022,MVY,MA,ANE,EN,Federal Contract Tower,4,38,14,0,56,0,1,0,0,1,4,39,14,0,57,0,0,0,57
10/02/2022,MVY,MA,ANE,EN,Federal Contract Tower,8,47,4,0,59,0,4,3,0,7,8,51,7,0,66,0,0,0,66
10/03/2022,MVY,MA,ANE,EN,Federal Contract Tower,6,32,7,4,49,0,16,7,0,23,6,48,14,4,72,0,12,12,84
10/04/2022,MVY,MA,ANE,EN,Federal Contract Tower,6,34,14,4,58,0,1,0,0,1,6,35,14,4,59,0,0,0,59
10/05/2022,MVY,MA,ANE,EN,Federal Contract Tower,6,22,9,0,37,0,0,0,0,0,6,22,9,0,37,0,0,0,37
10/06/2022,MVY,MA,ANE,EN,Federal Contract Tower,4,37,35,0,76,0,16,19,0,35,4,53,54,0,111,0,0,0,111
10/07/2022,MVY,MA,ANE,EN,Federal Contract Tower,8,45,22,0,75,0,52,122,0,174,8,97,144,0,249,14,0,14,263
10/08/2022,MVY,MA,ANE,EN,Federal Contract Tower,4,27,12,0,43,0,31,67,0,98,4,58,79,0,141,4,0,4,145
10/09/2022,MVY,MA,ANE,EN,Federal Contract Tower,8,34,7,0,49,0,15,60,0,75,8,49,67,0,124,8,0,8,132
10/10/2022,MVY,MA,ANE,EN,Federal Contract Tower,8,33,20,0,61,0,38,82,0,120,8,71,102,0,181,6,0,6,187
10/11/2022,MVY,MA,ANE,EN,Federal Contract Tower,2,19,14,0,35,0,0,0,0,0,2,19,14,0,35,0,0,0,35
10/12/2022,MVY,MA,ANE,EN,Federal Contract Tower,2,14,9,0,25,0,24,53,0,77,2,38,62,0,102,2,0,2,104
10/13/2022,MVY,MA,ANE,EN,Federal Contract Tower,2,28,8,0,38,0,7,12,0,19,2,35,20,0,57,2,0,2,59
10/14/2022,MVY,MA,ANE,EN,Federal Contract Tower,2,37,11,0,50,0,4,3,0,7,2,41,14,0,57,0,0,0,57
10/15/2022,MVY,MA,ANE,EN,Federal Contract Tower,0,19,8,0,27,0,13,76,0,89,0,32,84,0,116,88,0,88,204
10/16/2022,MVY,MA,ANE,EN,Federal Contract Tower,2,8,16,2,28,0,15,65,0,80,2,23,81,2,108,62,0,62,170
10/17/2022,MVY,MA,ANE,EN,Federal Contract Tower,2,17,7,2,28,0,9,8,0,17,2,26,15,2,45,0,0,0,45
10/18/2022,MVY,MA,ANE,EN,Federal Contract Tower,2,26,5,0,33,0,22,0,0,22,2,48,5,0,55,0,0,0,55
10/19/2022,MVY,MA,ANE,EN,Federal Contract Tower,2,14,4,0,20,0,28,41,0,69,2,42,45,0,89,0,6,6,95
10/20/2022,MVY,MA,ANE,EN,Federal Contract Tower,2,17,7,0,26,0,20,29,0,49,2,37,36,0,75,0,0,0,75
10/21/2022,MVY,MA,ANE,EN,Federal Contract Tower,2,22,8,0,32,0,19,63,0,82,2,41,71,0,114,20,2,22,136
10/22/2022,MVY,MA,ANE,EN,Federal Contract Tower,0,11,11,0,22,0,25,63,0,88,0,36,74,0,110,8,0,8,118
10/23/2022,MVY,MA,ANE,EN,Federal Contract Tower,2,28,12,0,42,0,5,11,0,16,2,33,23,0,58,0,0,0,58
10/24/2022,MVY,MA,ANE,EN,Federal Contract Tower,2,13,3,0,18,0,0,0,0,0,2,13,3,0,18,0,0,0,18
10/25/2022,MVY,MA,ANE,EN,Federal Contract Tower,0,12,3,0,15,0,0,0,0,0,0,12,3,0,15,0,0,0,15
10/26/2022,MVY,MA,ANE,EN,Federal Contract Tower,2,23,3,0,28,0,0,0,0,0,2,23,3,0,28,0,0,0,28
10/27/2022,MVY,MA,ANE,EN,Federal Contract Tower,2,17,5,0,24,0,23,40,0,63,2,40,45,0,87,0,0,0,87
10/28/2022,MVY,MA,ANE,EN,Federal Contract Tower,2,19,8,0,29,0,19,42,0,61,2,38,50,0,90,0,0,0,90
10/29/2022,MVY,MA,ANE,EN,Federal Contract Tower,0,2,5,0,7,0,31,81,0,112,0,33,86,0,119,22,0,22,141
10/30/2022,MVY,MA,ANE,EN,Federal Contract Tower,0,17,6,0,23,0,16,93,0,109,0,33,99,0,132,22,0,22,154
10/31/2022,MVY,MA,ANE,EN,Federal Contract Tower,0,20,33,6,59,0,1,1,0,2,0,21,34,6,61,0,12,12,73
11/01/2022,MVY,MA,ANE,EN,Federal Contract Tower,0,25,8,0,33,0,0,0,0,0,0,25,8,0,33,0,0,0,33
11/02/2022,MVY,MA,ANE,EN,Federal Contract Tower,0,12,1,0,13,0,10,13,0,23,0,22,14,0,36,2,0,2,38
11/03/2022,MVY,MA,ANE,EN,Federal Contract Tower,0,9,4,2,15,0,15,40,0,55,0,24,44,2,70,24,0,24,94
11/04/2022,MVY,MA,ANE,EN,Federal Contract Tower,0,11,11,0,22,0,12,52,0,64,0,23,63,0,86,4,0,4,90
11/05/2022,MVY,MA,ANE,EN,Federal Contract Tower,0,7,12,0,19,0,21,68,0,89,0,28,80,0,108,0,0,0,108
11/06/2022,MVY,MA,ANE,EN,Federal Contract Tower,0,21,7,0,28,0,9,62,0,71,0,30,69,0,99,4,0,4,103
11/07/2022,MVY,MA,ANE,EN,Federal Contract Tower,0,13,6,1,20,0,13,27,1,41,0,26,33,2,61,0,0,0,61
11/08/2022,MVY,MA,ANE,EN,Federal Contract Tower,0,15,5,0,20,0,19,32,0,51,0,34,37,0,71,4,0,4,75
11/09/2022,MVY,MA,ANE,EN,Federal Contract Tower,0,3,6,0,9,0,19,31,0,50,0,22,37,0,59,0,0,0,59
11/10/2022,MVY,MA,ANE,EN,Federal Contract Tower,0,19,4,0,23,0,10,35,0,45,0,29,39,0,68,0,0,0,68
11/11/2022,MVY,MA,ANE,EN,Federal Contract Tower,0,15,9,0,24,0,23,21,0,44,0,38,30,0,68,14,0,14,82
11/12/2022,MVY,MA,ANE,EN,Federal Contract Tower,0,12,5,0,17,0,8,8,0,16,0,20,13,0,33,0,0,0,33
11/13/2022,MVY,MA,ANE,EN,Federal Contract Tower,0,26,9,0,35,0,1,0,0,1,0,27,9,0,36,0,0,0,36
11/14/2022,MVY,MA,ANE,EN,Federal Contract Tower,0,10,5,0,15,0,16,25,0,41,0,26,30,0,56,0,0,0,56
11/15/2022,MVY,MA,ANE,EN,Federal Contract Tower,0,8,4,0,12,0,12,46,0,58,0,20,50,0,70,20,0,20,90
11/16/2022,MVY,MA,ANE,EN,Federal Contract Tower,0,18,1,0,19,0,0,0,0,0,0,18,1,0,19,0,0,0,19
11/17/2022,MVY,MA,ANE,EN,Federal Contract Tower,0,8,3,0,11,0,24,32,0,56,0,32,35,0,67,0,0,0,67
11/18/2022,MVY,MA,ANE,EN,Federal Contract Tower,0,11,4,0,15,0,16,36,0,52,0,27,40,0,67,18,6,24,91
11/19/2022,MVY,MA,ANE,EN,Federal Contract Tower,0,13,12,0,25,0,28,88,0,116,0,41,100,0,141,28,0,28,169
11/20/2022,MVY,MA,ANE,EN,Federal Contract Tower,0,14,3,0,17,0,14,12,0,26,0,28,15,0,43,0,0,0,43
11/21/2022,MVY,MA,ANE,EN,Federal Contract Tower,0,12,0,0,12,0,17,23,2,42,0,29,23,2,54,0,0,0,54
11/22/2022,MVY,MA,ANE,EN,Federal Contract Tower,0,23,7,0,30,0,18,52,0,70,0,41,59,0,100,0,0,0,100
11/23/2022,MVY,MA,ANE,EN,Federal Contract Tower,0,33,19,0,52,0,28,52,0,80,0,61,71,0,132,0,0,0,132
11/24/2022,MVY,MA,ANE,EN,Federal Contract Tower,0,17,0,0,17,0,11,4,0,15,0,28,4,0,32,0,0,0,32
11/25/2022,MVY,MA,ANE,EN,Federal Contract Tower,0,30,15,0,45,0,0,4,0,4,0,30,19,0,49,0,0,0,49
11/26/2022,MVY,MA,ANE,EN,Federal Contract Tower,0,28,15,0,43,0,26,23,0,49,0,54,38,0,92,0,0,0,92
11/27/2022,MVY,MA,ANE,EN,Federal Contract Tower,0,48,15,0,63,0,27,33,0,60,0,75,48,0,123,0,0,0,123
11/28/2022,MVY,MA,ANE,EN,Federal Contract Tower,0,22,2,0,24,0,20,22,0,42,0,42,24,0,66,0,0,0,66
11/29/2022,MVY,MA,ANE,EN,Federal Contract Tower,0,7,4,0,11,0,25,40,0,65,0,32,44,0,76,4,0,4,80
11/30/2022,MVY,MA,ANE,EN,Federal Contract Tower,0,21,5,1,27,0,0,0,0,0,0,21,5,1,27,0,0,0,27
12/01/2022,MVY,MA,ANE,EN,Federal Contract Tower,0,8,0,0,8,0,9,7,0,16,0,17,7,0,24,0,0,0,24
12/02/2022,MVY,MA,ANE,EN,Federal Contract Tower,0,13,14,0,27,0,23,43,0,66,0,36,57,0,93,18,0,18,111
12/03/2022,MVY,MA,ANE,EN,Federal Contract Tower,0,8,0,0,8,0,8,0,0,8,0,16,0,0,16,0,0,0,16
12/04/2022,MVY,MA,ANE,EN,Federal Contract Tower,0,10,6,0,16,0,8,74,0,82,0,18,80,0,98,6,0,6,104
12/05/2022,MVY,MA,ANE,EN,Federal Contract Tower,0,10,10,0,20,0,8,27,0,35,0,18,37,0,55,0,0,0,55
12/06/2022,MVY,MA,ANE,EN,Federal Contract Tower,0,13,3,2,18,0,22,32,0,54,0,35,35,2,72,4,12,16,88
12/07/2022,MVY,MA,ANE,EN,Federal Contract Tower,0,18,5,0,23,0,0,0,0,0,0,18,5,0,23,0,0,0,23
12/08/2022,MVY,MA,ANE,EN,Federal Contract Tower,0,8,1,0,9,0,14,26,0,40,0,22,27,0,49,0,0,0,49
12/09/2022,MVY,MA,ANE,EN,Federal Contract Tower,0,15,7,0,22,0,8,38,0,46,0,23,45,0,68,14,0,14,82
12/10/2022,MVY,MA,ANE,EN,Federal Contract Tower,0,21,8,0,29,0,0,0,0,0,0,21,8,0,29,0,0,0,29
12/11/2022,MVY,MA,ANE,EN,Federal Contract Tower,0,20,5,0,25,0,11,10,0,21,0,31,15,0,46,6,0,6,52
12/12/2022,MVY,MA,ANE,EN,Federal Contract Tower,0,20,3,0,23,0,8,5,0,13,0,28,8,0,36,0,0,0,36
12/13/2022,MVY,MA,ANE,EN,Federal Contract Tower,0,4,3,1,8,0,23,30,0,53,0,27,33,1,61,6,0,6,67
12/14/2022,MVY,MA,ANE,EN,Federal Contract Tower,0,9,0,0,9,0,21,19,0,40,0,30,19,0,49,0,0,0,49
12/15/2022,MVY,MA,ANE,EN,Federal Contract Tower,0,18,10,0,28,0,12,11,0,23,0,30,21,0,51,0,0,0,51
12/17/2022,MVY,MA,ANE,EN,Federal Contract Tower,0,15,3,0,18,0,2,2,0,4,0,17,5,0,22,0,0,0,22
12/18/2022,MVY,MA,ANE,EN,Federal Contract Tower,0,3,3,0,6,0,16,66,1,83,0,19,69,1,89,12,4,16,105
12/19/2022,MVY,MA,ANE,EN,Federal Contract Tower,0,13,4,2,19,0,12,21,0,33,0,25,25,2,52,2,0,2,54
12/20/2022,MVY,MA,ANE,EN,Federal Contract Tower,0,8,4,0,12,0,18,37,0,55,0,26,41,0,67,0,0,0,67
12/21/2022,MVY,MA,ANE,EN,Federal Contract Tower,0,14,16,0,30,0,19,76,0,95,0,33,92,0,125,10,0,10,135
12/22/2022,MVY,MA,ANE,EN,Federal Contract Tower,0,11,3,0,14,0,10,15,0,25,0,21,18,0,39,18,0,18,57
12/23/2022,MVY,MA,ANE,EN,Federal Contract Tower,0,0,0,0,0,0,0,0,0,0,0,0,0,0,0,0,0,0,0
12/24/2022,MVY,MA,ANE,EN,Federal Contract Tower,0,14,1,0,15,0,0,0,0,0,0,14,1,0,15,0,0,0,15
12/25/2022,MVY,MA,ANE,EN,Federal Contract Tower,0,16,1,0,17,0,3,0,0,3,0,19,1,0,20,0,0,0,20
12/26/2022,MVY,MA,ANE,EN,Federal Contract Tower,0,4,9,0,13,0,11,50,0,61,0,15,59,0,74,10,0,10,84
12/27/2022,MVY,MA,ANE,EN,Federal Contract Tower,0,15,5,0,20,0,12,18,0,30,0,27,23,0,50,28,0,28,78
12/28/2022,MVY,MA,ANE,EN,Federal Contract Tower,0,10,10,0,20,0,24,44,0,68,0,34,54,0,88,18,14,32,120
12/29/2022,MVY,MA,ANE,EN,Federal Contract Tower,0,7,0,0,7,0,24,32,0,56,0,31,32,0,63,14,2,16,79
12/30/2022,MVY,MA,ANE,EN,Federal Contract Tower,0,11,8,0,19,0,22,78,0,100,0,33,86,0,119,24,0,24,143
12/31/2022,MVY,MA,ANE,EN,Federal Contract Tower,0,11,1,0,12,0,0,0,0,0,0,11,1,0,12,0,0,0,12
01/01/2023,MVY,MA,ANE,EN,Federal Contract Tower,0,8,1,0,9,0,7,19,0,26,0,15,20,0,35,4,0,4,39
01/02/2023,MVY,MA,ANE,EN,Federal Contract Tower,0,8,14,0,22,0,15,85,0,100,0,23,99,0,122,22,0,22,144
01/03/2023,MVY,MA,ANE,EN,Federal Contract Tower,0,15,4,0,19,0,3,2,0,5,0,18,6,0,24,0,0,0,24
01/04/2023,MVY,MA,ANE,EN,Federal Contract Tower,0,18,2,0,20,0,0,0,0,0,0,18,2,0,20,0,0,0,20
01/05/2023,MVY,MA,ANE,EN,Federal Contract Tower,0,16,8,0,24,0,0,0,0,0,0,16,8,0,24,0,0,0,24
01/06/2023,MVY,MA,ANE,EN,Federal Contract Tower,0,18,3,0,21,0,0,0,0,0,0,18,3,0,21,0,0,0,21
01/07/2023,MVY,MA,ANE,EN,Federal Contract Tower,0,10,3,0,13,0,9,20,0,29,0,19,23,0,42,4,0,4,46
01/08/2023,MVY,MA,ANE,EN,Federal Contract Tower,0,3,1,0,4,0,12,78,0,90,0,15,79,0,94,42,0,42,136
01/09/2023,MVY,MA,ANE,EN,Federal Contract Tower,0,12,0,0,12,0,5,3,0,8,0,17,3,0,20,0,0,0,20
01/10/2023,MVY,MA,ANE,EN,Federal Contract Tower,0,7,9,2,18,0,14,33,2,49,0,21,42,4,67,2,2,4,71
01/11/2023,MVY,MA,ANE,EN,Federal Contract Tower,0,10,6,0,16,0,9,30,0,39,0,19,36,0,55,30,0,30,85
01/12/2023,MVY,MA,ANE,EN,Federal Contract Tower,0,7,1,0,8,0,4,3,0,7,0,11,4,0,15,0,0,0,15
01/13/2023,MVY,MA,ANE,EN,Federal Contract Tower,0,12,0,0,12,0,0,0,0,0,0,12,0,0,12,0,0,0,12
01/14/2023,MVY,MA,ANE,EN,Federal Contract Tower,0,15,2,0,17,0,0,0,0,0,0,15,2,0,17,0,0,0,17
01/15/2023,MVY,MA,ANE,EN,Federal Contract Tower,0,6,0,0,6,0,0,0,0,0,0,6,0,0,6,0,0,0,6
01/16/2023,MVY,MA,ANE,EN,Federal Contract Tower,0,17,4,0,21,0,0,0,0,0,0,17,4,0,21,0,0,0,21
01/17/2023,MVY,MA,ANE,EN,Federal Contract Tower,0,15,0,2,17,0,29,10,0,39,0,44,10,2,56,4,0,4,60
01/18/2023,MVY,MA,ANE,EN,Federal Contract Tower,0,6,4,0,10,0,16,24,0,40,0,22,28,0,50,0,0,0,50
01/19/2023,MVY,MA,ANE,EN,Federal Contract Tower,0,9,2,0,11,0,9,16,0,25,0,18,18,0,36,0,0,0,36
01/20/2023,MVY,MA,ANE,EN,Federal Contract Tower,0,16,5,0,21,0,0,0,0,0,0,16,5,0,21,0,0,0,21
01/21/2023,MVY,MA,ANE,EN,Federal Contract Tower,0,12,7,0,19,1,14,2,0,17,1,26,9,0,36,10,0,10,46
01/22/2023,MVY,MA,ANE,EN,Federal Contract Tower,0,15,2,0,17,0,1,24,0,25,0,16,26,0,42,4,0,4,46
01/23/2023,MVY,MA,ANE,EN,Federal Contract Tower,0,10,5,0,15,0,0,0,0,0,0,10,5,0,15,0,0,0,15
01/24/2023,MVY,MA,ANE,EN,Federal Contract Tower,0,7,3,0,10,0,14,13,0,27,0,21,16,0,37,0,0,0,37
01/25/2023,MVY,MA,ANE,EN,Federal Contract Tower,0,8,0,0,8,0,10,16,0,26,0,18,16,0,34,22,0,22,56
01/26/2023,MVY,MA,ANE,EN,Federal Contract Tower,0,13,0,0,13,0,3,3,0,6,0,16,3,0,19,0,0,0,19
01/27/2023,MVY,MA,ANE,EN,Federal Contract Tower,0,8,5,0,13,0,13,41,0,54,0,21,46,0,67,0,0,0,67
01/28/2023,MVY,MA,ANE,EN,Federal Contract Tower,0,3,3,0,6,0,12,52,2,66,0,15,55,2,72,8,18,26,98
01/29/2023,MVY,MA,ANE,EN,Federal Contract Tower,0,7,1,0,8,0,10,45,0,55,0,17,46,0,63,14,0,14,77
01/30/2023,MVY,MA,ANE,EN,Federal Contract Tower,0,7,9,2,18,0,9,11,2,22,0,16,20,4,40,8,0,8,48
01/31/2023,MVY,MA,ANE,EN,Federal Contract Tower,0,27,3,0,30,0,5,1,0,6,0,32,4,0,36,0,0,0,36
02/01/2023,MVY,MA,ANE,EN,Federal Contract Tower,0,11,3,0,14,0,16,26,0,42,0,27,29,0,56,18,0,18,74
02/02/2023,MVY,MA,ANE,EN,Federal Contract Tower,0,11,2,2,15,0,7,14,0,21,0,18,16,2,36,16,0,16,52
02/03/2023,MVY,MA,ANE,EN,Federal Contract Tower,0,9,0,4,13,0,9,0,0,9,0,18,0,4,22,0,0,0,22
02/04/2023,MVY,MA,ANE,EN,Federal Contract Tower,0,8,0,0,8,0,5,0,0,5,0,13,0,0,13,0,0,0,13
02/05/2023,MVY,MA,ANE,EN,Federal Contract Tower,0,8,0,0,8,0,15,1,0,16,0,23,1,0,24,0,0,0,24
02/06/2023,MVY,MA,ANE,EN,Federal Contract Tower,0,14,1,0,15,0,5,17,0,22,0,19,18,0,37,0,0,0,37
02/07/2023,MVY,MA,ANE,EN,Federal Contract Tower,0,12,1,6,19,0,7,11,4,22,0,19,12,10,41,0,0,0,41
02/08/2023,MVY,MA,ANE,EN,Federal Contract Tower,0,1,10,0,11,0,8,45,0,53,0,9,55,0,64,0,0,0,64
02/09/2023,MVY,MA,ANE,EN,Federal Contract Tower,0,8,1,0,9,0,18,32,0,50,0,26,33,0,59,10,0,10,69
02/10/2023,MVY,MA,ANE,EN,Federal Contract Tower,0,9,1,0,10,0,10,26,0,36,0,19,27,0,46,0,0,0,46
02/11/2023,MVY,MA,ANE,EN,Federal Contract Tower,0,3,4,0,7,0,7,25,0,32,0,10,29,0,39,8,6,14,53
02/12/2023,MVY,MA,ANE,EN,Federal Contract Tower,0,3,7,0,10,0,13,68,0,81,0,16,75,0,91,20,0,20,111
02/13/2023,MVY,MA,ANE,EN,Federal Contract Tower,0,16,5,0,21,0,1,5,0,6,0,17,10,0,27,0,0,0,27
02/14/2023,MVY,MA,ANE,EN,Federal Contract Tower,0,13,4,0,17,0,9,18,0,27,0,22,22,0,44,34,0,34,78
02/15/2023,MVY,MA,ANE,EN,Federal Contract Tower,0,11,1,0,12,0,10,12,0,22,0,21,13,0,34,0,0,0,34
02/16/2023,MVY,MA,ANE,EN,Federal Contract Tower,0,8,2,0,10,0,11,27,0,38,0,19,29,0,48,2,0,2,50
02/17/2023,MVY,MA,ANE,EN,Federal Contract Tower,0,11,0,0,11,0,0,0,0,0,0,11,0,0,11,0,0,0,11
02/18/2023,MVY,MA,ANE,EN,Federal Contract Tower,0,8,3,0,11,0,8,41,5,54,0,16,44,5,65,4,0,4,69
02/19/2023,MVY,MA,ANE,EN,Federal Contract Tower,0,4,6,0,10,0,12,87,0,99,0,16,93,0,109,22,0,22,131
02/20/2023,MVY,MA,ANE,EN,Federal Contract Tower,0,16,8,0,24,0,0,1,0,1,0,16,9,0,25,0,0,0,25
02/21/2023,MVY,MA,ANE,EN,Federal Contract Tower,0,24,0,0,24,0,2,0,0,2,0,26,0,0,26,0,0,0,26
02/22/2023,MVY,MA,ANE,EN,Federal Contract Tower,0,4,0,2,6,0,16,32,2,50,0,20,32,4,56,22,0,22,78
02/23/2023,MVY,MA,ANE,EN,Federal Contract Tower,0,9,5,0,14,0,0,0,0,0,0,9,5,0,14,0,0,0,14
02/24/2023,MVY,MA,ANE,EN,Federal Contract Tower,0,6,1,0,7,0,10,6,0,16,0,16,7,0,23,0,0,0,23
02/25/2023,MVY,MA,ANE,EN,Federal Contract Tower,0,4,7,0,11,0,6,19,0,25,0,10,26,0,36,10,0,10,46
02/26/2023,MVY,MA,ANE,EN,Federal Contract Tower,0,7,2,0,9,0,4,3,0,7,0,11,5,0,16,0,6,6,22
02/27/2023,MVY,MA,ANE,EN,Federal Contract Tower,0,11,0,0,11,0,10,41,0,51,0,21,41,0,62,0,0,0,62
02/28/2023,MVY,MA,ANE,EN,Federal Contract Tower,0,9,0,0,9,0,0,0,0,0,0,9,0,0,9,0,0,0,9
03/01/2023,MVY,MA,ANE,EN,Federal Contract Tower,0,6,3,0,9,0,12,33,0,45,0,18,36,0,54,0,0,0,54
03/02/2023,MVY,MA,ANE,EN,Federal Contract Tower,0,14,10,0,24,0,2,0,0,2,0,16,10,0,26,0,0,0,26
03/03/2023,MVY,MA,ANE,EN,Federal Contract Tower,0,8,0,0,8,0,12,22,0,34,0,20,22,0,42,6,0,6,48
03/04/2023,MVY,MA,ANE,EN,Federal Contract Tower,0,2,0,0,2,0,0,0,0,0,0,2,0,0,2,0,0,0,2
03/05/2023,MVY,MA,ANE,EN,Federal Contract Tower,0,9,2,0,11,0,11,42,0,53,0,20,44,0,64,18,0,18,82
03/06/2023,MVY,MA,ANE,EN,Federal Contract Tower,0,7,4,0,11,0,13,15,0,28,0,20,19,0,39,0,0,0,39
03/07/2023,MVY,MA,ANE,EN,Federal Contract Tower,0,11,4,5,20,0,13,14,1,28,0,24,18,6,48,0,0,0,48
03/08/2023,MVY,MA,ANE,EN,Federal Contract Tower,0,11,3,0,14,0,9,9,0,18,0,20,12,0,32,0,0,0,32
03/09/2023,MVY,MA,ANE,EN,Federal Contract Tower,0,13,2,0,15,0,12,21,2,35,0,25,23,2,50,6,8,14,64
03/10/2023,MVY,MA,ANE,EN,Federal Contract Tower,0,9,4,0,13,0,12,62,0,74,0,21,66,0,87,4,0,4,91
03/11/2023,MVY,MA,ANE,EN,Federal Contract Tower,0,11,6,0,17,0,0,0,0,0,0,11,6,0,17,0,0,0,17
03/12/2023,MVY,MA,ANE,EN,Federal Contract Tower,0,11,10,2,23,0,5,7,2,14,0,16,17,4,37,0,0,0,37
03/13/2023,MVY,MA,ANE,EN,Federal Contract Tower,0,9,3,0,12,0,3,3,0,6,0,12,6,0,18,0,0,0,18
03/14/2023,MVY,MA,ANE,EN,Federal Contract Tower,0,2,0,0,2,0,0,0,0,0,0,2,0,0,2,0,0,0,2
03/15/2023,MVY,MA,ANE,EN,Federal Contract Tower,0,13,0,4,17,0,7,1,4,12,0,20,1,8,29,0,0,0,29
03/16/2023,MVY,MA,ANE,EN,Federal Contract Tower,0,10,8,0,18,0,14,27,2,43,0,24,35,2,61,20,0,20,81
03/17/2023,MVY,MA,ANE,EN,Federal Contract Tower,0,10,3,0,13,0,16,36,0,52,0,26,39,0,65,2,0,2,67
03/18/2023,MVY,MA,ANE,EN,Federal Contract Tower,0,11,15,0,26,0,6,27,0,33,0,17,42,0,59,2,0,2,61
03/19/2023,MVY,MA,ANE,EN,Federal Contract Tower,0,4,2,0,6,0,10,24,0,34,0,14,26,0,40,2,0,2,42
03/20/2023,MVY,MA,ANE,EN,Federal Contract Tower,0,7,4,0,11,0,10,24,0,34,0,17,28,0,45,8,0,8,53
03/21/2023,MVY,MA,ANE,EN,Federal Contract Tower,0,4,6,0,10,0,16,31,0,47,0,20,37,0,57,2,0,2,59
03/22/2023,MVY,MA,ANE,EN,Federal Contract Tower,0,6,11,0,17,0,11,28,4,43,0,17,39,4,60,6,14,20,80
03/23/2023,MVY,MA,ANE,EN,Federal Contract Tower,0,14,2,0,16,0,1,0,0,1,0,15,2,0,17,0,0,0,17
03/24/2023,MVY,MA,ANE,EN,Federal Contract Tower,0,10,4,0,14,0,16,29,0,45,0,26,33,0,59,6,0,6,65
03/25/2023,MVY,MA,ANE,EN,Federal Contract Tower,0,12,0,0,12,0,6,3,0,9,0,18,3,0,21,0,0,0,21
03/26/2023,MVY,MA,ANE,EN,Federal Contract Tower,0,15,8,0,23,0,6,20,0,26,0,21,28,0,49,0,0,0,49
03/27/2023,MVY,MA,ANE,EN,Federal Contract Tower,0,15,3,0,18,0,14,59,0,73,0,29,62,0,91,2,4,6,97
03/28/2023,MVY,MA,ANE,EN,Federal Contract Tower,0,19,4,0,23,0,1,0,0,1,0,20,4,0,24,0,0,0,24
03/29/2023,MVY,MA,ANE,EN,Federal Contract Tower,0,7,7,0,14,0,11,38,0,49,0,18,45,0,63,18,0,18,81
03/30/2023,MVY,MA,ANE,EN,Federal Contract Tower,0,7,0,0,7,0,14,30,0,44,0,21,30,0,51,0,0,0,51
03/31/2023,MVY,MA,ANE,EN,Federal Contract Tower,0,13,2,0,15,0,13,24,2,39,0,26,26,2,54,2,0,2,56
04/01/2023,MVY,MA,ANE,EN,Federal Contract Tower,0,6,1,0,7,0,0,0,0,0,0,6,1,0,7,0,0,0,7
04/02/2023,MVY,MA,ANE,EN,Federal Contract Tower,0,3,2,0,5,0,21,27,0,48,0,24,29,0,53,0,0,0,53
04/03/2023,MVY,MA,ANE,EN,Federal Contract Tower,0,10,2,0,12,0,14,49,0,63,0,24,51,0,75,10,0,10,85
04/04/2023,MVY,MA,ANE,EN,Federal Contract Tower,0,12,8,0,20,0,10,9,0,19,0,22,17,0,39,0,0,0,39
04/05/2023,MVY,MA,ANE,EN,Federal Contract Tower,0,13,4,2,19,0,5,6,2,13,0,18,10,4,32,0,0,0,32
04/06/2023,MVY,MA,ANE,EN,Federal Contract Tower,0,18,2,0,20,0,2,4,0,6,0,20,6,0,26,0,0,0,26
04/07/2023,MVY,MA,ANE,EN,Federal Contract Tower,0,23,4,0,27,0,16,39,0,55,0,39,43,0,82,22,0,22,104
04/08/2023,MVY,MA,ANE,EN,Federal Contract Tower,0,4,3,0,7,0,18,82,0,100,0,22,85,0,107,8,0,8,115
04/09/2023,MVY,MA,ANE,EN,Federal Contract Tower,0,15,5,2,22,0,25,75,0,100,0,40,80,2,122,10,0,10,132
04/10/2023,MVY,MA,ANE,EN,Federal Contract Tower,0,5,6,0,11,0,12,32,0,44,0,17,38,0,55,0,0,0,55
04/11/2023,MVY,MA,ANE,EN,Federal Contract Tower,0,10,4,6,20,0,7,47,4,58,0,17,51,10,78,24,0,24,102
04/12/2023,MVY,MA,ANE,EN,Federal Contract Tower,0,8,5,0,13,0,9,36,0,45,0,17,41,0,58,10,0,10,68
04/13/2023,MVY,MA,ANE,EN,Federal Contract Tower,0,6,17,0,23,0,9,65,0,74,0,15,82,0,97,4,0,4,101
04/14/2023,MVY,MA,ANE,EN,Federal Contract Tower,0,16,8,2,26,0,15,75,0,90,0,31,83,2,116,2,0,2,118
04/15/2023,MVY,MA,ANE,EN,Federal Contract Tower,0,23,23,0,46,0,0,0,0,0,0,23,23,0,46,0,0,0,46
04/16/2023,MVY,MA,ANE,EN,Federal Contract Tower,0,32,7,0,39,0,0,0,0,0,0,32,7,0,39,0,0,0,39
04/17/2023,MVY,MA,ANE,EN,Federal Contract Tower,0,24,2,0,26,0,0,0,0,0,0,24,2,0,26,0,0,0,26
04/18/2023,MVY,MA,ANE,EN,Federal Contract Tower,0,12,5,0,17,0,13,16,0,29,0,25,21,0,46,0,0,0,46
04/19/2023,MVY,MA,ANE,EN,Federal Contract Tower,0,8,2,0,10,0,14,17,0,31,0,22,19,0,41,0,0,0,41
04/20/2023,MVY,MA,ANE,EN,Federal Contract Tower,0,11,1,0,12,0,17,30,0,47,0,28,31,0,59,10,0,10,69
04/21/2023,MVY,MA,ANE,EN,Federal Contract Tower,0,14,3,0,17,0,13,74,2,89,0,27,77,2,106,2,0,2,108
04/22/2023,MVY,MA,ANE,EN,Federal Contract Tower,0,22,3,0,25,0,4,14,0,18,0,26,17,0,43,0,0,0,43
04/23/2023,MVY,MA,ANE,EN,Federal Contract Tower,0,19,0,0,19,0,4,0,0,4,0,23,0,0,23,0,0,0,23
04/24/2023,MVY,MA,ANE,EN,Federal Contract Tower,0,15,4,0,19,0,3,19,0,22,0,18,23,0,41,8,0,8,49
04/25/2023,MVY,MA,ANE,EN,Federal Contract Tower,0,17,3,0,20,0,14,40,2,56,0,31,43,2,76,2,0,2,78
04/26/2023,MVY,MA,ANE,EN,Federal Contract Tower,0,15,5,0,20,0,6,14,0,20,0,21,19,0,40,0,0,0,40
04/27/2023,MVY,MA,ANE,EN,Federal Contract Tower,0,17,1,2,20,0,6,14,2,22,0,23,15,4,42,6,0,6,48
04/28/2023,MVY,MA,ANE,EN,Federal Contract Tower,0,23,8,0,31,0,5,38,2,45,0,28,46,2,76,4,0,4,80
04/29/2023,MVY,MA,ANE,EN,Federal Contract Tower,0,19,1,0,20,0,5,9,0,14,0,24,10,0,34,2,0,2,36
04/30/2023,MVY,MA,ANE,EN,Federal Contract Tower,0,8,3,0,11,0,0,0,0,0,0,8,3,0,11,0,0,0,11
05/01/2023,MVY,MA,ANE,EN,Federal Contract Tower,0,15,6,0,21,0,10,20,0,30,0,25,26,0,51,0,0,0,51
05/02/2023,MVY,MA,ANE,EN,Federal Contract Tower,0,15,3,0,18,0,11,5,0,16,0,26,8,0,34,0,0,0,34
05/03/2023,MVY,MA,ANE,EN,Federal Contract Tower,0,11,5,3,19,0,15,20,1,36,0,26,25,4,55,8,0,8,63
05/04/2023,MVY,MA,ANE,EN,Federal Contract Tower,0,31,8,0,39,0,4,2,0,6,0,35,10,0,45,0,0,0,45
05/05/2023,MVY,MA,ANE,EN,Federal Contract Tower,0,18,14,0,32,0,2,15,0,17,0,20,29,0,49,10,0,10,59
05/06/2023,MVY,MA,ANE,EN,Federal Contract Tower,0,7,2,0,9,0,14,77,0,91,0,21,79,0,100,36,0,36,136
05/07/2023,MVY,MA,ANE,EN,Federal Contract Tower,0,6,9,0,15,0,24,114,0,138,0,30,123,0,153,0,0,0,153
05/08/2023,MVY,MA,ANE,EN,Federal Contract Tower,0,10,5,0,15,0,12,28,0,40,0,22,33,0,55,0,0,0,55
05/09/2023,MVY,MA,ANE,EN,Federal Contract Tower,0,8,3,4,15,0,18,52,2,72,0,26,55,6,87,8,0,8,95
05/10/2023,MVY,MA,ANE,EN,Federal Contract Tower,0,9,8,0,17,0,18,48,0,66,0,27,56,0,83,10,0,10,93
05/11/2023,MVY,MA,ANE,EN,Federal Contract Tower,0,20,8,0,28,0,20,30,4,54,0,40,38,4,82,0,0,0,82
05/12/2023,MVY,MA,ANE,EN,Federal Contract Tower,0,24,4,0,28,0,12,71,0,83,0,36,75,0,111,10,0,10,121
05/13/2023,MVY,MA,ANE,EN,Federal Contract Tower,0,7,7,0,14,0,21,72,0,93,0,28,79,0,107,0,0,0,107
05/14/2023,MVY,MA,ANE,EN,Federal Contract Tower,0,19,15,0,34,0,19,101,0,120,0,38,116,0,154,28,0,28,182
05/15/2023,MVY,MA,ANE,EN,Federal Contract Tower,0,15,3,1,19,0,17,43,3,63,0,32,46,4,82,2,0,2,84
05/16/2023,MVY,MA,ANE,EN,Federal Contract Tower,0,20,4,0,24,0,18,38,0,56,0,38,42,0,80,18,0,18,98
05/17/2023,MVY,MA,ANE,EN,Federal Contract Tower,0,29,2,0,31,0,19,40,0,59,0,48,42,0,90,8,0,8,98
05/18/2023,MVY,MA,ANE,EN,Federal Contract Tower,0,15,8,0,23,0,18,84,0,102,0,33,92,0,125,2,0,2,127
05/19/2023,MVY,MA,ANE,EN,Federal Contract Tower,0,24,18,1,43,0,25,70,1,96,0,49,88,2,139,16,0,16,155
05/20/2023,MVY,MA,ANE,EN,Federal Contract Tower,0,15,9,0,24,0,1,2,0,3,0,16,11,0,27,0,0,0,27
05/21/2023,MVY,MA,ANE,EN,Federal Contract Tower,0,30,27,0,57,0,23,60,0,83,0,53,87,0,140,12,0,12,152
05/22/2023,MVY,MA,ANE,EN,Federal Contract Tower,0,24,7,0,31,0,17,46,0,63,0,41,53,0,94,0,0,0,94
05/23/2023,MVY,MA,ANE,EN,Federal Contract Tower,0,26,6,2,34,0,25,57,10,92,0,51,63,12,126,12,0,12,138
05/24/2023,MVY,MA,ANE,EN,Federal Contract Tower,0,36,14,0,50,0,27,44,6,77,0,63,58,6,127,16,0,16,143
05/25/2023,MVY,MA,ANE,EN,Federal Contract Tower,14,40,16,0,70,0,44,92,0,136,14,84,108,0,206,0,0,0,206
05/26/2023,MVY,MA,ANE,EN,Federal Contract Tower,14,61,29,0,104,0,68,105,0,173,14,129,134,0,277,18,0,18,295
05/27/2023,MVY,MA,ANE,EN,Federal Contract Tower,14,19,10,0,43,0,38,95,0,133,14,57,105,0,176,8,0,8,184
05/28/2023,MVY,MA,ANE,EN,Federal Contract Tower,16,10,10,0,36,0,33,89,0,122,16,43,99,0,158,8,0,8,166
05/29/2023,MVY,MA,ANE,EN,Federal Contract Tower,10,85,29,0,124,0,81,91,2,174,10,166,120,2,298,0,8,8,306
05/30/2023,MVY,MA,ANE,EN,Federal Contract Tower,12,33,15,0,60,0,49,76,2,127,12,82,91,2,187,40,6,46,233
05/31/2023,MVY,MA,ANE,EN,Federal Contract Tower,14,35,7,0,56,0,22,59,0,81,14,57,66,0,137,4,0,4,141
06/01/2023,MVY,MA,ANE,EN,Federal Contract Tower,12,25,11,0,48,0,36,63,0,99,12,61,74,0,147,14,0,14,161
06/02/2023,MVY,MA,ANE,EN,Federal Contract Tower,16,17,12,3,48,0,29,64,4,97,16,46,76,7,145,2,4,6,151
06/03/2023,MVY,MA,ANE,EN,Federal Contract Tower,14,29,26,0,69,0,0,1,0,1,14,29,27,0,70,0,0,0,70
06/04/2023,MVY,MA,ANE,EN,Federal Contract Tower,16,33,29,0,78,0,5,13,0,18,16,38,42,0,96,0,0,0,96
06/05/2023,MVY,MA,ANE,EN,Federal Contract Tower,16,31,15,0,62,0,4,2,0,6,16,35,17,0,68,6,0,6,74
06/06/2023,MVY,MA,ANE,EN,Federal Contract Tower,12,27,21,0,60,0,21,13,0,34,12,48,34,0,94,0,0,0,94
06/07/2023,MVY,MA,ANE,EN,Federal Contract Tower,13,32,17,1,63,0,19,31,1,51,13,51,48,2,114,16,0,16,130
06/08/2023,MVY,MA,ANE,EN,Federal Contract Tower,12,33,17,2,64,0,16,17,4,37,12,49,34,6,101,0,0,0,101
06/09/2023,MVY,MA,ANE,EN,Federal Contract Tower,14,52,18,0,84,0,13,9,0,22,14,65,27,0,106,0,0,0,106
06/10/2023,MVY,MA,ANE,EN,Federal Contract Tower,16,42,21,0,79,0,11,59,2,72,16,53,80,2,151,18,0,18,169
06/11/2023,MVY,MA,ANE,EN,Federal Contract Tower,18,37,16,0,71,0,63,114,0,177,18,100,130,0,248,10,0,10,258
06/12/2023,MVY,MA,ANE,EN,Federal Contract Tower,18,36,13,1,68,0,18,28,9,55,18,54,41,10,123,6,8,14,137
06/13/2023,MVY,MA,ANE,EN,Federal Contract Tower,14,36,9,4,63,0,12,18,2,32,14,48,27,6,95,0,6,6,101
06/14/2023,MVY,MA,ANE,EN,Federal Contract Tower,12,23,18,2,55,0,18,34,4,56,12,41,52,6,111,0,4,4,115
06/15/2023,MVY,MA,ANE,EN,Federal Contract Tower,14,38,35,1,88,0,33,94,10,137,14,71,129,11,225,4,4,8,233
06/16/2023,MVY,MA,ANE,EN,Federal Contract Tower,20,37,20,0,77,0,40,83,0,123,20,77,103,0,200,20,0,20,220
06/17/2023,MVY,MA,ANE,EN,Federal Contract Tower,16,50,18,0,84,0,0,1,0,1,16,50,19,0,85,0,2,2,87
06/18/2023,MVY,MA,ANE,EN,Federal Contract Tower,18,86,42,0,146,0,27,62,3,92,18,113,104,3,238,2,0,2,240
06/19/2023,MVY,MA,ANE,EN,Federal Contract Tower,16,57,24,0,97,0,44,82,0,126,16,101,106,0,223,26,0,26,249
06/20/2023,MVY,MA,ANE,EN,Federal Contract Tower,16,30,18,0,64,0,33,36,2,71,16,63,54,2,135,14,2,16,151
06/21/2023,MVY,MA,ANE,EN,Federal Contract Tower,17,31,10,0,58,0,24,69,5,98,17,55,79,5,156,6,0,6,162
06/22/2023,MVY,MA,ANE,EN,Federal Contract Tower,16,73,31,2,122,0,10,38,2,50,16,83,69,4,172,0,0,0,172
06/23/2023,MVY,MA,ANE,EN,Federal Contract Tower,22,61,37,0,120,0,7,26,3,36,22,68,63,3,156,2,0,2,158
06/24/2023,MVY,MA,ANE,EN,Federal Contract Tower,26,46,27,0,99,0,5,3,0,8,26,51,30,0,107,0,0,0,107
06/25/2023,MVY,MA,ANE,EN,Federal Contract Tower,22,92,47,0,161,0,7,16,0,23,22,99,63,0,184,0,0,0,184
06/26/2023,MVY,MA,ANE,EN,Federal Contract Tower,18,62,30,0,110,0,0,1,0,1,18,62,31,0,111,0,0,0,111
06/27/2023,MVY,MA,ANE,EN,Federal Contract Tower,14,36,19,0,69,0,8,8,0,16,14,44,27,0,85,12,0,12,97
06/28/2023,MVY,MA,ANE,EN,Federal Contract Tower,18,84,43,3,148,0,0,0,0,0,18,84,43,3,148,0,0,0,148
06/29/2023,MVY,MA,ANE,EN,Federal Contract Tower,22,68,59,0,149,0,16,26,0,42,22,84,85,0,191,0,0,0,191
06/30/2023,MVY,MA,ANE,EN,Federal Contract Tower,22,98,53,0,173,0,51,111,0,162,22,149,164,0,335,14,0,14,349
07/01/2023,MVY,MA,ANE,EN,Federal Contract Tower,26,129,29,0,184,0,35,58,8,101,26,164,87,8,285,0,0,0,285
07/02/2023,MVY,MA,ANE,EN,Federal Contract Tower,18,91,39,0,148,0,16,8,0,24,18,107,47,0,172,0,0,0,172
07/03/2023,MVY,MA,ANE,EN,Federal Contract Tower,20,64,27,4,115,0,10,11,2,23,20,74,38,6,138,0,0,0,138
07/04/2023,MVY,MA,ANE,EN,Federal Contract Tower,20,39,18,0,77,0,12,10,0,22,20,51,28,0,99,0,0,0,99
07/05/2023,MVY,MA,ANE,EN,Federal Contract Tower,20,92,52,0,164,0,11,46,0,57,20,103,98,0,221,4,0,4,225
07/06/2023,MVY,MA,ANE,EN,Federal Contract Tower,20,61,43,2,126,0,16,35,0,51,20,77,78,2,177,0,0,0,177
07/07/2023,MVY,MA,ANE,EN,Federal Contract Tower,22,74,46,0,142,0,12,38,2,52,22,86,84,2,194,0,0,0,194
07/08/2023,MVY,MA,ANE,EN,Federal Contract Tower,28,92,45,3,168,0,11,25,0,36,28,103,70,3,204,2,0,2,206
07/09/2023,MVY,MA,ANE,EN,Federal Contract Tower,24,190,85,0,299,0,0,0,0,0,24,190,85,0,299,0,0,0,299
07/10/2023,MVY,MA,ANE,EN,Federal Contract Tower,26,88,24,0,138,0,0,0,0,0,26,88,24,0,138,0,0,0,138
07/11/2023,MVY,MA,ANE,EN,Federal Contract Tower,20,46,22,3,91,0,58,108,6,172,20,104,130,9,263,32,0,32,295
07/12/2023,MVY,MA,ANE,EN,Federal Contract Tower,20,30,16,2,68,0,45,97,0,142,20,75,113,2,210,32,0,32,242
07/13/2023,MVY,MA,ANE,EN,Federal Contract Tower,20,56,15,3,94,0,58,99,1,158,20,114,114,4,252,22,0,22,274
07/14/2023,MVY,MA,ANE,EN,Federal Contract Tower,20,79,34,0,133,0,23,43,0,66,20,102,77,0,199,6,0,6,205
07/15/2023,MVY,MA,ANE,EN,Federal Contract Tower,26,71,18,0,115,0,5,13,0,18,26,76,31,0,133,8,0,8,141
07/16/2023,MVY,MA,ANE,EN,Federal Contract Tower,16,115,37,0,168,0,7,3,0,10,16,122,40,0,178,0,0,0,178
07/17/2023,MVY,MA,ANE,EN,Federal Contract Tower,22,71,42,0,135,0,29,35,0,64,22,100,77,0,199,6,0,6,205
07/18/2023,MVY,MA,ANE,EN,Federal Contract Tower,18,71,23,0,112,0,0,0,0,0,18,71,23,0,112,0,0,0,112
07/19/2023,MVY,MA,ANE,EN,Federal Contract Tower,21,53,30,2,106,0,31,66,0,97,21,84,96,2,203,50,0,50,253
07/20/2023,MVY,MA,ANE,EN,Federal Contract Tower,22,66,27,0,115,0,47,91,4,142,22,113,118,4,257,56,2,58,315
07/21/2023,MVY,MA,ANE,EN,Federal Contract Tower,18,98,44,8,168,0,23,37,0,60,18,121,81,8,228,12,0,12,240
07/22/2023,MVY,MA,ANE,EN,Federal Contract Tower,24,58,31,2,115,0,36,68,0,104,24,94,99,2,219,0,0,0,219
07/23/2023,MVY,MA,ANE,EN,Federal Contract Tower,26,84,27,0,137,0,83,154,0,237,26,167,181,0,374,28,0,28,402
07/24/2023,MVY,MA,ANE,EN,Federal Contract Tower,22,47,21,0,90,0,95,74,2,171,22,142,95,2,261,10,0,10,271
07/25/2023,MVY,MA,ANE,EN,Federal Contract Tower,16,56,25,0,97,0,39,54,0,93,16,95,79,0,190,14,0,14,204
07/26/2023,MVY,MA,ANE,EN,Federal Contract Tower,21,41,27,0,89,0,54,70,0,124,21,95,97,0,213,6,0,6,219
07/27/2023,MVY,MA,ANE,EN,Federal Contract Tower,14,69,34,0,117,0,27,20,0,47,14,96,54,0,164,0,0,0,164
07/28/2023,MVY,MA,ANE,EN,Federal Contract Tower,22,92,26,0,140,0,63,97,0,160,22,155,123,0,300,8,0,8,308
07/29/2023,MVY,MA,ANE,EN,Federal Contract Tower,23,71,21,0,115,0,28,42,0,70,23,99,63,0,185,2,0,2,187
07/30/2023,MVY,MA,ANE,EN,Federal Contract Tower,22,115,31,2,170,0,69,166,0,235,22,184,197,2,405,14,0,14,419
07/31/2023,MVY,MA,ANE,EN,Federal Contract Tower,20,73,23,0,116,0,61,95,0,156,20,134,118,0,272,20,0,20,292
08/01/2023,MVY,MA,ANE,EN,Federal Contract Tower,22,44,17,0,83,0,55,70,0,125,22,99,87,0,208,2,0,2,210
08/02/2023,MVY,MA,ANE,EN,Federal Contract Tower,20,70,29,0,119,0,64,99,0,163,20,134,128,0,282,0,0,0,282
08/03/2023,MVY,MA,ANE,EN,Federal Contract Tower,18,85,27,0,130,0,57,90,0,147,18,142,117,0,277,6,0,6,283
08/04/2023,MVY,MA,ANE,EN,Federal Contract Tower,27,156,52,2,237,0,39,63,0,102,27,195,115,2,339,0,0,0,339
08/05/2023,MVY,MA,ANE,EN,Federal Contract Tower,24,73,28,0,125,0,30,82,0,112,24,103,110,0,237,0,0,0,237
08/06/2023,MVY,MA,ANE,EN,Federal Contract Tower,24,92,24,0,140,0,99,211,0,310,24,191,235,0,450,28,0,28,478
08/07/2023,MVY,MA,ANE,EN,Federal Contract Tower,18,96,26,2,142,0,14,18,2,34,18,110,44,4,176,4,0,4,180
08/08/2023,MVY,MA,ANE,EN,Federal Contract Tower,20,69,25,0,114,0,12,13,0,25,20,81,38,0,139,0,0,0,139
08/09/2023,MVY,MA,ANE,EN,Federal Contract Tower,21,57,14,0,92,0,44,115,0,159,21,101,129,0,251,32,0,32,283
08/10/2023,MVY,MA,ANE,EN,Federal Contract Tower,21,99,22,6,148,0,34,67,0,101,21,133,89,6,249,20,0,20,269
08/11/2023,MVY,MA,ANE,EN,Federal Contract Tower,24,97,29,3,153,0,71,116,0,187,24,168,145,3,340,4,0,4,344
08/12/2023,MVY,MA,ANE,EN,Federal Contract Tower,28,111,48,2,189,0,34,83,0,117,28,145,131,2,306,0,0,0,306
08/13/2023,MVY,MA,ANE,EN,Federal Contract Tower,26,146,56,8,236,0,30,60,0,90,26,176,116,8,326,0,0,0,326
08/14/2023,MVY,MA,ANE,EN,Federal Contract Tower,20,74,18,4,116,0,59,97,1,157,20,133,115,5,273,40,0,40,313
08/15/2023,MVY,MA,ANE,EN,Federal Contract Tower,18,108,28,2,156,0,1,7,0,8,18,109,35,2,164,0,0,0,164
08/16/2023,MVY,MA,ANE,EN,Federal Contract Tower,18,153,70,0,241,0,0,0,0,0,18,153,70,0,241,0,0,0,241
08/17/2023,MVY,MA,ANE,EN,Federal Contract Tower,20,166,71,0,257,0,0,0,0,0,20,166,71,0,257,0,0,0,257
08/18/2023,MVY,MA,ANE,EN,Federal Contract Tower,22,106,43,0,171,0,21,13,0,34,22,127,56,0,205,0,0,0,205
08/19/2023,MVY,MA,ANE,EN,Federal Contract Tower,30,68,20,2,120,0,60,125,0,185,30,128,145,2,305,0,0,0,305
08/20/2023,MVY,MA,ANE,EN,Federal Contract Tower,22,81,36,0,139,0,78,172,0,250,22,159,208,0,389,6,0,6,395
08/21/2023,MVY,MA,ANE,EN,Federal Contract Tower,18,78,21,0,117,0,51,73,0,124,18,129,94,0,241,8,0,8,249
08/22/2023,MVY,MA,ANE,EN,Federal Contract Tower,18,66,23,0,107,0,48,79,0,127,18,114,102,0,234,2,0,2,236
08/23/2023,MVY,MA,ANE,EN,Federal Contract Tower,18,63,18,2,101,0,38,118,6,162,18,101,136,8,263,4,0,4,267
08/24/2023,MVY,MA,ANE,EN,Federal Contract Tower,18,106,21,0,145,0,50,100,0,150,18,156,121,0,295,6,0,6,301
08/25/2023,MVY,MA,ANE,EN,Federal Contract Tower,20,119,39,0,178,0,2,3,0,5,20,121,42,0,183,0,0,0,183
08/26/2023,MVY,MA,ANE,EN,Federal Contract Tower,30,80,33,0,143,0,18,15,0,33,30,98,48,0,176,0,0,0,176
08/27/2023,MVY,MA,ANE,EN,Federal Contract Tower,22,125,36,2,185,0,32,20,0,52,22,157,56,2,237,0,0,0,237
08/28/2023,MVY,MA,ANE,EN,Federal Contract Tower,18,86,23,2,129,0,31,36,0,67,18,117,59,2,196,0,0,0,196
08/29/2023,MVY,MA,ANE,EN,Federal Contract Tower,18,68,18,2,106,0,0,0,0,0,18,68,18,2,106,0,0,0,106
08/30/2023,MVY,MA,ANE,EN,Federal Contract Tower,16,47,18,4,85,0,5,9,0,14,16,52,27,4,99,0,6,6,105
08/31/2023,MVY,MA,ANE,EN,Federal Contract Tower,18,44,8,0,70,0,52,69,0,121,18,96,77,0,191,8,0,8,199
