01/01/2000,MWA,IL,AGL,CE,Federal Contract Tower,0,3,0,0,3,0,1,14,0,15,0,4,14,0,18,68,0,68,86
01/02/2000,MWA,IL,AGL,CE,Federal Contract Tower,0,7,4,0,11,0,2,7,0,9,0,9,11,0,20,4,0,4,24
01/03/2000,MWA,IL,AGL,CE,Federal Contract Tower,0,7,3,0,10,0,4,4,0,8,0,11,7,0,18,6,0,6,24
01/04/2000,MWA,IL,AGL,CE,Federal Contract Tower,0,7,3,0,10,0,3,5,0,8,0,10,8,0,18,14,0,14,32
01/05/2000,MWA,IL,AGL,CE,Federal Contract Tower,0,7,4,0,11,0,9,43,0,52,0,16,47,0,63,66,0,66,129
01/06/2000,MWA,IL,AGL,CE,Federal Contract Tower,0,10,4,0,14,0,6,33,0,39,0,16,37,0,53,198,0,198,251
01/07/2000,MWA,IL,AGL,CE,Federal Contract Tower,0,7,3,1,11,0,6,42,1,49,0,13,45,2,60,220,0,220,280
01/08/2000,MWA,IL,AGL,CE,Federal Contract Tower,0,9,4,0,13,0,0,21,0,21,0,9,25,0,34,116,0,116,150
01/09/2000,MWA,IL,AGL,CE,Federal Contract Tower,0,8,6,0,14,0,0,11,0,11,0,8,17,0,25,0,0,0,25
01/10/2000,MWA,IL,AGL,CE,Federal Contract Tower,0,10,4,0,14,0,0,45,5,50,0,10,49,5,64,98,8,106,170
01/11/2000,MWA,IL,AGL,CE,Federal Contract Tower,0,17,5,0,22,0,2,57,0,59,0,19,62,0,81,72,0,72,153
01/12/2000,MWA,IL,AGL,CE,Federal Contract Tower,0,18,5,0,23,0,4,30,0,34,0,22,35,0,57,92,0,92,149
01/13/2000,MWA,IL,AGL,CE,Federal Contract Tower,0,21,6,0,27,0,2,52,0,54,0,23,58,0,81,166,0,166,247
01/14/2000,MWA,IL,AGL,CE,Federal Contract Tower,0,14,4,0,18,0,3,40,0,43,0,17,44,0,61,168,0,168,229
01/15/2000,MWA,IL,AGL,CE,Federal Contract Tower,0,9,2,0,11,0,2,6,0,8,0,11,8,0,19,8,0,8,27
01/16/2000,MWA,IL,AGL,CE,Federal Contract Tower,0,11,4,0,15,0,0,18,0,18,0,11,22,0,33,56,0,56,89
01/17/2000,MWA,IL,AGL,CE,Federal Contract Tower,0,7,2,0,9,0,1,31,0,32,0,8,33,0,41,112,0,112,153
01/18/2000,MWA,IL,AGL,CE,Federal Contract Tower,0,13,3,0,16,0,1,0,0,1,0,14,3,0,17,0,0,0,17
01/19/2000,MWA,IL,AGL,CE,Federal Contract Tower,0,14,4,0,18,0,0,0,0,0,0,14,4,0,18,0,0,0,18
01/20/2000,MWA,IL,AGL,CE,Federal Contract Tower,0,17,5,0,22,0,6,25,0,31,0,23,30,0,53,114,0,114,167
01/21/2000,MWA,IL,AGL,CE,Federal Contract Tower,0,12,3,0,15,0,2,18,0,20,0,14,21,0,35,148,0,148,183
01/22/2000,MWA,IL,AGL,CE,Federal Contract Tower,0,5,0,0,5,0,1,0,0,1,0,6,0,0,6,0,0,0,6
01/23/2000,MWA,IL,AGL,CE,Federal Contract Tower,0,7,0,0,7,0,1,0,0,1,0,8,0,0,8,0,0,0,8
01/24/2000,MWA,IL,AGL,CE,Federal Contract Tower,0,9,3,0,12,0,1,16,0,17,0,10,19,0,29,78,0,78,107
01/25/2000,MWA,IL,AGL,CE,Federal Contract Tower,0,11,3,0,14,0,1,20,0,21,0,12,23,0,35,38,0,38,73
01/26/2000,MWA,IL,AGL,CE,Federal Contract Tower,0,8,2,0,10,0,2,33,0,35,0,10,35,0,45,114,0,114,159
01/27/2000,MWA,IL,AGL,CE,Federal Contract Tower,0,10,3,0,13,0,4,30,0,34,0,14,33,0,47,170,0,170,217
01/28/2000,MWA,IL,AGL,CE,Federal Contract Tower,0,12,4,0,16,0,0,47,2,49,0,12,51,2,65,158,0,158,223
01/29/2000,MWA,IL,AGL,CE,Federal Contract Tower,0,4,1,0,5,0,1,9,0,10,0,5,10,0,15,0,0,0,15
01/30/2000,MWA,IL,AGL,CE,Federal Contract Tower,0,6,2,0,8,0,0,1,0,1,0,6,3,0,9,0,0,0,9
01/31/2000,MWA,IL,AGL,CE,Federal Contract Tower,0,8,2,0,10,0,7,55,0,62,0,15,57,0,72,234,0,234,306
02/01/2000,MWA,IL,AGL,CE,Federal Contract Tower,0,9,4,0,13,0,2,14,0,16,0,11,18,0,29,68,0,68,97
02/02/2000,MWA,IL,AGL,CE,Federal Contract Tower,0,13,6,0,19,0,6,39,0,45,0,19,45,0,64,230,0,230,294
02/03/2000,MWA,IL,AGL,CE,Federal Contract Tower,0,8,4,0,12,0,8,42,0,50,0,16,46,0,62,110,0,110,172
02/04/2000,MWA,IL,AGL,CE,Federal Contract Tower,0,12,7,0,19,0,1,25,0,26,0,13,32,0,45,22,0,22,67
02/05/2000,MWA,IL,AGL,CE,Federal Contract Tower,0,6,5,0,11,0,7,46,0,53,0,13,51,0,64,152,0,152,216
02/06/2000,MWA,IL,AGL,CE,Federal Contract Tower,0,8,5,0,13,0,5,51,0,56,0,13,56,0,69,196,0,196,265
02/07/2000,MWA,IL,AGL,CE,Federal Contract Tower,0,10,6,0,16,0,7,38,0,45,0,17,44,0,61,271,0,271,332
02/08/2000,MWA,IL,AGL,CE,Federal Contract Tower,0,24,10,0,34,0,4,15,0,19,0,28,25,0,53,104,0,104,157
02/09/2000,MWA,IL,AGL,CE,Federal Contract Tower,0,6,3,0,9,0,4,45,0,49,0,10,48,0,58,192,0,192,250
02/10/2000,MWA,IL,AGL,CE,Federal Contract Tower,0,12,6,0,18,0,2,45,0,47,0,14,51,0,65,122,0,122,187
02/11/2000,MWA,IL,AGL,CE,Federal Contract Tower,0,12,4,0,16,0,2,29,0,31,0,14,33,0,47,110,0,110,157
02/12/2000,MWA,IL,AGL,CE,Federal Contract Tower,0,13,4,0,17,3,1,52,0,56,3,14,56,0,73,267,0,267,340
02/13/2000,MWA,IL,AGL,CE,Federal Contract Tower,0,4,0,0,4,0,1,0,0,1,0,5,0,0,5,0,0,0,5
02/14/2000,MWA,IL,AGL,CE,Federal Contract Tower,0,21,7,0,28,0,4,0,0,4,0,25,7,0,32,0,0,0,32
02/15/2000,MWA,IL,AGL,CE,Federal Contract Tower,0,13,5,0,18,0,5,74,0,79,0,18,79,0,97,162,0,162,259
02/16/2000,MWA,IL,AGL,CE,Federal Contract Tower,0,18,6,0,24,0,3,61,0,64,0,21,67,0,88,148,0,148,236
02/17/2000,MWA,IL,AGL,CE,Federal Contract Tower,0,16,6,0,22,0,6,35,0,41,0,22,41,0,63,92,0,92,155
02/18/2000,MWA,IL,AGL,CE,Federal Contract Tower,0,10,3,0,13,0,4,9,0,13,0,14,12,0,26,0,0,0,26
02/19/2000,MWA,IL,AGL,CE,Federal Contract Tower,0,8,3,0,11,0,0,6,0,6,0,8,9,0,17,84,0,84,101
02/20/2000,MWA,IL,AGL,CE,Federal Contract Tower,0,8,3,0,11,0,1,66,0,67,0,9,69,0,78,262,0,262,340
02/21/2000,MWA,IL,AGL,CE,Federal Contract Tower,0,15,6,0,21,0,0,90,0,90,0,15,96,0,111,206,0,206,317
02/22/2000,MWA,IL,AGL,CE,Federal Contract Tower,0,10,3,0,13,0,3,65,0,68,0,13,68,0,81,168,0,168,249
02/23/2000,MWA,IL,AGL,CE,Federal Contract Tower,0,10,3,0,13,0,3,7,0,10,0,13,10,0,23,16,0,16,39
02/24/2000,MWA,IL,AGL,CE,Federal Contract Tower,0,11,4,0,15,0,0,22,0,22,0,11,26,0,37,58,0,58,95
02/25/2000,MWA,IL,AGL,CE,Federal Contract Tower,0,12,4,0,16,0,6,29,0,35,0,18,33,0,51,144,0,144,195
02/26/2000,MWA,IL,AGL,CE,Federal Contract Tower,0,7,2,0,9,0,0,0,0,0,0,7,2,0,9,0,0,0,9
02/27/2000,MWA,IL,AGL,CE,Federal Contract Tower,0,6,2,0,8,0,2,50,0,52,0,8,52,0,60,120,0,120,180
02/28/2000,MWA,IL,AGL,CE,Federal Contract Tower,0,8,2,0,10,0,4,53,0,57,0,12,55,0,67,124,0,124,191
02/29/2000,MWA,IL,AGL,CE,Federal Contract Tower,0,8,3,0,11,0,4,59,0,63,0,12,62,0,74,152,0,152,226
03/01/2000,MWA,IL,AGL,CE,Federal Contract Tower,0,8,2,0,10,0,4,82,0,86,0,12,84,0,96,264,0,264,360
03/02/2000,MWA,IL,AGL,CE,Federal Contract Tower,0,13,6,0,19,1,5,33,0,39,1,18,39,0,58,86,0,86,144
03/03/2000,MWA,IL,AGL,CE,Federal Contract Tower,0,8,4,0,12,0,0,0,0,0,0,8,4,0,12,26,0,26,38
03/04/2000,MWA,IL,AGL,CE,Federal Contract Tower,0,10,5,0,15,0,7,67,1,75,0,17,72,1,90,232,6,238,328
03/05/2000,MWA,IL,AGL,CE,Federal Contract Tower,0,6,4,0,10,0,4,48,1,53,0,10,52,1,63,88,0,88,151
03/06/2000,MWA,IL,AGL,CE,Federal Contract Tower,0,13,6,0,19,0,9,56,0,65,0,22,62,0,84,278,0,278,362
03/07/2000,MWA,IL,AGL,CE,Federal Contract Tower,0,9,5,0,14,0,6,43,0,49,0,15,48,0,63,218,0,218,281
03/08/2000,MWA,IL,AGL,CE,Federal Contract Tower,0,10,4,0,14,0,5,45,0,50,0,15,49,0,64,122,0,122,186
03/09/2000,MWA,IL,AGL,CE,Federal Contract Tower,0,12,5,0,17,0,7,30,0,37,0,19,35,0,54,148,0,148,202
03/10/2000,MWA,IL,AGL,CE,Federal Contract Tower,0,15,6,0,21,0,2,56,2,60,0,17,62,2,81,82,0,82,163
03/11/2000,MWA,IL,AGL,CE,Federal Contract Tower,0,5,2,0,7,0,1,0,0,1,0,6,2,0,8,0,0,0,8
03/12/2000,MWA,IL,AGL,CE,Federal Contract Tower,0,5,1,0,6,0,4,22,0,26,0,9,23,0,32,120,0,120,152
03/13/2000,MWA,IL,AGL,CE,Federal Contract Tower,0,11,3,0,14,0,3,31,0,34,0,14,34,0,48,94,0,94,142
03/14/2000,MWA,IL,AGL,CE,Federal Contract Tower,0,14,4,0,18,0,6,34,0,40,0,20,38,0,58,132,0,132,190
03/15/2000,MWA,IL,AGL,CE,Federal Contract Tower,0,5,1,0,6,0,5,29,0,34,0,10,30,0,40,102,0,102,142
03/16/2000,MWA,IL,AGL,CE,Federal Contract Tower,0,8,4,0,12,0,0,5,0,5,0,8,9,0,17,0,0,0,17
03/17/2000,MWA,IL,AGL,CE,Federal Contract Tower,0,11,3,0,14,0,5,52,0,57,0,16,55,0,71,146,0,146,217
03/18/2000,MWA,IL,AGL,CE,Federal Contract Tower,0,6,1,0,7,0,5,8,4,17,0,11,9,4,24,40,18,58,82
03/19/2000,MWA,IL,AGL,CE,Federal Contract Tower,0,11,4,0,15,0,0,18,0,18,0,11,22,0,33,10,0,10,43
03/20/2000,MWA,IL,AGL,CE,Federal Contract Tower,0,18,5,0,23,0,0,3,0,3,0,18,8,0,26,4,0,4,30
03/21/2000,MWA,IL,AGL,CE,Federal Contract Tower,0,17,5,0,22,0,0,7,0,7,0,17,12,0,29,30,0,30,59
03/22/2000,MWA,IL,AGL,CE,Federal Contract Tower,0,14,4,0,18,0,0,70,0,70,0,14,74,0,88,154,0,154,242
03/23/2000,MWA,IL,AGL,CE,Federal Contract Tower,0,9,2,0,11,0,7,51,0,58,0,16,53,0,69,122,0,122,191
03/24/2000,MWA,IL,AGL,CE,Federal Contract Tower,0,13,4,0,17,0,5,35,0,40,0,18,39,0,57,120,0,120,177
03/25/2000,MWA,IL,AGL,CE,Federal Contract Tower,0,7,2,0,9,0,5,34,0,39,0,12,36,0,48,180,0,180,228
03/26/2000,MWA,IL,AGL,CE,Federal Contract Tower,0,7,1,0,8,0,0,44,0,44,0,7,45,0,52,120,0,120,172
03/27/2000,MWA,IL,AGL,CE,Federal Contract Tower,0,12,3,0,15,0,3,54,0,57,0,15,57,0,72,138,0,138,210
03/28/2000,MWA,IL,AGL,CE,Federal Contract Tower,0,12,3,0,15,0,6,43,0,49,0,18,46,0,64,112,0,112,176
03/29/2000,MWA,IL,AGL,CE,Federal Contract Tower,0,12,3,0,15,0,1,62,4,67,0,13,65,4,82,144,0,144,226
03/30/2000,MWA,IL,AGL,CE,Federal Contract Tower,0,9,2,0,11,0,7,45,0,52,0,16,47,0,63,188,0,188,251
03/31/2000,MWA,IL,AGL,CE,Federal Contract Tower,0,11,3,0,14,0,2,51,0,53,0,13,54,0,67,238,0,238,305
04/01/2000,MWA,IL,AGL,CE,Federal Contract Tower,0,4,2,0,6,0,4,41,0,45,0,8,43,0,51,188,0,188,239
04/02/2000,MWA,IL,AGL,CE,Federal Contract Tower,0,7,5,0,12,0,3,7,0,10,0,10,12,0,22,8,8,16,38
04/03/2000,MWA,IL,AGL,CE,Federal Contract Tower,0,9,7,0,16,0,5,46,2,53,0,14,53,2,69,44,0,44,113
04/04/2000,MWA,IL,AGL,CE,Federal Contract Tower,0,9,7,0,16,0,8,25,0,33,0,17,32,0,49,76,0,76,125
04/05/2000,MWA,IL,AGL,CE,Federal Contract Tower,0,7,4,0,11,0,7,40,0,47,0,14,44,0,58,102,0,102,160
04/06/2000,MWA,IL,AGL,CE,Federal Contract Tower,0,8,4,0,12,0,8,58,0,66,0,16,62,0,78,192,0,192,270
04/07/2000,MWA,IL,AGL,CE,Federal Contract Tower,0,10,6,0,16,0,5,4,0,9,0,15,10,0,25,48,0,48,73
04/08/2000,MWA,IL,AGL,CE,Federal Contract Tower,0,15,7,0,22,0,5,13,0,18,0,20,20,0,40,48,0,48,88
04/09/2000,MWA,IL,AGL,CE,Federal Contract Tower,0,9,5,0,14,0,8,37,4,49,0,17,42,4,63,72,0,72,135
04/10/2000,MWA,IL,AGL,CE,Federal Contract Tower,0,8,7,0,15,0,0,70,0,70,0,8,77,0,85,172,0,172,257
04/11/2000,MWA,IL,AGL,CE,Federal Contract Tower,0,15,7,0,22,0,1,4,0,5,0,16,11,0,27,34,0,34,61
04/12/2000,MWA,IL,AGL,CE,Federal Contract Tower,0,12,6,0,18,0,8,64,0,72,0,20,70,0,90,286,0,286,376
04/13/2000,MWA,IL,AGL,CE,Federal Contract Tower,0,5,2,0,7,0,3,45,0,48,0,8,47,0,55,153,0,153,208
04/14/2000,MWA,IL,AGL,CE,Federal Contract Tower,0,11,4,0,15,0,4,25,0,29,0,15,29,0,44,140,0,140,184
04/15/2000,MWA,IL,AGL,CE,Federal Contract Tower,0,11,5,0,16,0,0,43,0,43,0,11,48,0,59,52,0,52,111
04/16/2000,MWA,IL,AGL,CE,Federal Contract Tower,0,14,6,0,20,0,0,20,0,20,0,14,26,0,40,36,0,36,76
04/17/2000,MWA,IL,AGL,CE,Federal Contract Tower,0,14,6,0,20,0,3,32,0,35,0,17,38,0,55,66,0,66,121
04/18/2000,MWA,IL,AGL,CE,Federal Contract Tower,0,14,5,0,19,0,3,28,0,31,0,17,33,0,50,274,0,274,324
04/19/2000,MWA,IL,AGL,CE,Federal Contract Tower,0,14,6,0,20,0,6,28,0,34,0,20,34,0,54,94,0,94,148
04/20/2000,MWA,IL,AGL,CE,Federal Contract Tower,0,9,3,0,12,0,4,0,0,4,0,13,3,0,16,0,0,0,16
04/21/2000,MWA,IL,AGL,CE,Federal Contract Tower,0,16,7,0,23,0,5,29,0,34,0,21,36,0,57,132,0,132,189
04/22/2000,MWA,IL,AGL,CE,Federal Contract Tower,0,7,3,0,10,0,9,61,0,70,0,16,64,0,80,258,0,258,338
04/23/2000,MWA,IL,AGL,CE,Federal Contract Tower,0,10,4,0,14,0,6,30,0,36,0,16,34,0,50,98,0,98,148
04/24/2000,MWA,IL,AGL,CE,Federal Contract Tower,0,21,9,0,30,0,2,19,0,21,0,23,28,0,51,16,0,16,67
04/25/2000,MWA,IL,AGL,CE,Federal Contract Tower,0,8,3,0,11,0,3,64,0,67,0,11,67,0,78,192,0,192,270
04/26/2000,MWA,IL,AGL,CE,Federal Contract Tower,0,14,5,0,19,0,5,83,0,88,0,19,88,0,107,316,0,316,423
04/27/2000,MWA,IL,AGL,CE,Federal Contract Tower,0,13,5,0,18,0,2,26,0,28,0,15,31,0,46,78,0,78,124
04/28/2000,MWA,IL,AGL,CE,Federal Contract Tower,0,13,5,0,18,0,0,53,0,53,0,13,58,0,71,108,0,108,179
04/29/2000,MWA,IL,AGL,CE,Federal Contract Tower,0,5,2,0,7,0,5,52,0,57,0,10,54,0,64,194,0,194,258
04/30/2000,MWA,IL,AGL,CE,Federal Contract Tower,0,8,3,0,11,0,3,27,0,30,0,11,30,0,41,130,0,130,171
05/01/2000,MWA,IL,AGL,CE,Federal Contract Tower,0,8,3,0,11,0,3,45,0,48,0,11,48,0,59,220,0,220,279
05/02/2000,MWA,IL,AGL,CE,Federal Contract Tower,0,10,6,0,16,0,5,32,0,37,0,15,38,0,53,216,0,216,269
05/03/2000,MWA,IL,AGL,CE,Federal Contract Tower,0,15,7,0,22,0,3,39,0,42,0,18,46,0,64,106,0,106,170
05/04/2000,MWA,IL,AGL,CE,Federal Contract Tower,0,15,7,0,22,0,1,31,0,32,0,16,38,0,54,136,0,136,190
05/05/2000,MWA,IL,AGL,CE,Federal Contract Tower,0,16,8,0,24,0,0,37,0,37,0,16,45,0,61,158,0,158,219
05/06/2000,MWA,IL,AGL,CE,Federal Contract Tower,0,7,4,0,11,0,3,40,0,43,0,10,44,0,54,152,0,152,206
05/07/2000,MWA,IL,AGL,CE,Federal Contract Tower,0,5,3,0,8,0,2,6,0,8,0,7,9,0,16,0,0,0,16
05/08/2000,MWA,IL,AGL,CE,Federal Contract Tower,0,17,6,0,23,0,2,8,0,10,0,19,14,0,33,14,0,14,47
05/09/2000,MWA,IL,AGL,CE,Federal Contract Tower,0,11,5,0,16,0,3,28,0,31,0,14,33,0,47,142,0,142,189
05/10/2000,MWA,IL,AGL,CE,Federal Contract Tower,0,14,4,0,18,0,4,44,0,48,0,18,48,0,66,102,0,102,168
05/11/2000,MWA,IL,AGL,CE,Federal Contract Tower,0,11,3,0,14,0,3,14,0,17,0,14,17,0,31,128,0,128,159
05/12/2000,MWA,IL,AGL,CE,Federal Contract Tower,0,11,3,0,14,0,0,19,0,19,0,11,22,0,33,190,0,190,223
05/13/2000,MWA,IL,AGL,CE,Federal Contract Tower,0,12,3,0,15,0,2,32,0,34,0,14,35,0,49,146,0,146,195
05/14/2000,MWA,IL,AGL,CE,Federal Contract Tower,0,9,3,0,12,0,4,44,0,48,0,13,47,0,60,186,0,186,246
05/15/2000,MWA,IL,AGL,CE,Federal Contract Tower,0,13,4,0,17,0,4,68,0,72,0,17,72,0,89,122,0,122,211
05/16/2000,MWA,IL,AGL,CE,Federal Contract Tower,0,12,4,0,16,0,3,41,0,44,0,15,45,0,60,188,0,188,248
05/17/2000,MWA,IL,AGL,CE,Federal Contract Tower,0,12,3,0,15,0,7,33,0,40,0,19,36,0,55,98,0,98,153
05/18/2000,MWA,IL,AGL,CE,Federal Contract Tower,0,20,6,0,26,0,14,12,0,26,0,34,18,0,52,18,0,18,70
05/19/2000,MWA,IL,AGL,CE,Federal Contract Tower,0,20,6,0,26,0,0,29,0,29,0,20,35,0,55,50,0,50,105
05/20/2000,MWA,IL,AGL,CE,Federal Contract Tower,0,8,2,0,10,0,2,13,0,15,0,10,15,0,25,8,0,8,33
05/21/2000,MWA,IL,AGL,CE,Federal Contract Tower,0,6,1,0,7,0,6,43,0,49,0,12,44,0,56,138,0,138,194
05/22/2000,MWA,IL,AGL,CE,Federal Contract Tower,0,12,3,0,15,0,3,45,0,48,0,15,48,0,63,94,0,94,157
05/23/2000,MWA,IL,AGL,CE,Federal Contract Tower,0,10,3,0,13,0,8,39,0,47,0,18,42,0,60,224,0,224,284
05/24/2000,MWA,IL,AGL,CE,Federal Contract Tower,0,12,3,0,15,0,5,27,0,32,0,17,30,0,47,158,0,158,205
05/25/2000,MWA,IL,AGL,CE,Federal Contract Tower,0,10,3,0,13,0,8,65,0,73,0,18,68,0,86,148,0,148,234
05/26/2000,MWA,IL,AGL,CE,Federal Contract Tower,0,12,4,0,16,0,5,10,0,15,0,17,14,0,31,6,0,6,37
05/27/2000,MWA,IL,AGL,CE,Federal Contract Tower,0,5,1,0,6,0,4,29,0,33,0,9,30,0,39,14,0,14,53
05/28/2000,MWA,IL,AGL,CE,Federal Contract Tower,0,9,2,0,11,0,33,65,0,98,0,42,67,0,109,38,0,38,147
05/29/2000,MWA,IL,AGL,CE,Federal Contract Tower,0,13,4,0,17,0,35,38,0,73,0,48,42,0,90,62,0,62,152
05/30/2000,MWA,IL,AGL,CE,Federal Contract Tower,0,9,3,0,12,0,5,51,0,56,0,14,54,0,68,134,0,134,202
05/31/2000,MWA,IL,AGL,CE,Federal Contract Tower,0,15,5,0,20,0,5,49,0,54,0,20,54,0,74,124,0,124,198
06/01/2000,MWA,IL,AGL,CE,Federal Contract Tower,0,15,6,0,21,0,5,42,0,47,0,20,48,0,68,144,0,144,212
06/02/2000,MWA,IL,AGL,CE,Federal Contract Tower,0,10,4,0,14,0,4,38,2,44,0,14,42,2,58,68,0,68,126
06/03/2000,MWA,IL,AGL,CE,Federal Contract Tower,0,5,2,0,7,0,3,35,0,38,0,8,37,0,45,54,0,54,99
06/04/2000,MWA,IL,AGL,CE,Federal Contract Tower,0,10,4,0,14,0,5,49,4,58,0,15,53,4,72,148,4,152,224
06/05/2000,MWA,IL,AGL,CE,Federal Contract Tower,0,15,6,0,21,0,5,32,0,37,0,20,38,0,58,84,0,84,142
06/06/2000,MWA,IL,AGL,CE,Federal Contract Tower,0,13,5,0,18,0,5,84,0,89,0,18,89,0,107,178,0,178,285
06/07/2000,MWA,IL,AGL,CE,Federal Contract Tower,0,14,6,0,20,0,6,33,0,39,0,20,39,0,59,132,0,132,191
06/08/2000,MWA,IL,AGL,CE,Federal Contract Tower,0,8,3,0,11,0,6,55,0,61,0,14,58,0,72,134,0,134,206
06/09/2000,MWA,IL,AGL,CE,Federal Contract Tower,0,14,5,0,19,0,7,30,0,37,0,21,35,0,56,82,0,82,138
06/10/2000,MWA,IL,AGL,CE,Federal Contract Tower,0,7,3,0,10,0,3,32,0,35,0,10,35,0,45,84,0,84,129
06/11/2000,MWA,IL,AGL,CE,Federal Contract Tower,0,12,5,0,17,0,2,8,0,10,0,14,13,0,27,54,0,54,81
06/12/2000,MWA,IL,AGL,CE,Federal Contract Tower,0,8,4,0,12,0,4,21,0,25,0,12,25,0,37,66,0,66,103
06/13/2000,MWA,IL,AGL,CE,Federal Contract Tower,0,14,6,0,20,0,6,45,0,51,0,20,51,0,71,210,0,210,281
06/14/2000,MWA,IL,AGL,CE,Federal Contract Tower,0,13,6,0,19,0,0,25,0,25,0,13,31,0,44,62,0,62,106
06/15/2000,MWA,IL,AGL,CE,Federal Contract Tower,0,9,3,0,12,0,9,53,0,62,0,18,56,0,74,90,0,90,164
06/16/2000,MWA,IL,AGL,CE,Federal Contract Tower,0,12,4,0,16,0,0,14,0,14,0,12,18,0,30,40,0,40,70
06/17/2000,MWA,IL,AGL,CE,Federal Contract Tower,0,9,3,0,12,0,0,8,0,8,0,9,11,0,20,0,0,0,20
06/18/2000,MWA,IL,AGL,CE,Federal Contract Tower,0,13,3,0,16,0,3,0,0,3,0,16,3,0,19,0,0,0,19
06/19/2000,MWA,IL,AGL,CE,Federal Contract Tower,0,15,5,0,20,0,5,21,0,26,0,20,26,0,46,132,0,132,178
06/20/2000,MWA,IL,AGL,CE,Federal Contract Tower,0,9,2,0,11,0,4,27,0,31,0,13,29,0,42,56,0,56,98
06/21/2000,MWA,IL,AGL,CE,Federal Contract Tower,0,16,5,0,21,0,6,67,0,73,0,22,72,0,94,58,0,58,152
06/22/2000,MWA,IL,AGL,CE,Federal Contract Tower,0,15,5,0,20,0,0,57,0,57,0,15,62,0,77,214,0,214,291
06/23/2000,MWA,IL,AGL,CE,Federal Contract Tower,0,11,3,0,14,0,11,37,0,48,0,22,40,0,62,108,0,108,170
06/24/2000,MWA,IL,AGL,CE,Federal Contract Tower,0,9,2,0,11,0,6,16,0,22,0,15,18,0,33,56,0,56,89
06/25/2000,MWA,IL,AGL,CE,Federal Contract Tower,0,12,3,0,15,0,3,18,2,23,0,15,21,2,38,72,0,72,110
06/26/2000,MWA,IL,AGL,CE,Federal Contract Tower,0,10,3,0,13,0,2,33,0,35,0,12,36,0,48,66,0,66,114
06/27/2000,MWA,IL,AGL,CE,Federal Contract Tower,0,19,6,0,25,0,8,38,0,46,0,27,44,0,71,58,0,58,129
06/28/2000,MWA,IL,AGL,CE,Federal Contract Tower,0,16,5,0,21,0,0,45,0,45,0,16,50,0,66,108,0,108,174
06/29/2000,MWA,IL,AGL,CE,Federal Contract Tower,0,12,3,0,15,0,3,54,0,57,0,15,57,0,72,218,0,218,290
06/30/2000,MWA,IL,AGL,CE,Federal Contract Tower,0,12,4,0,16,0,2,31,0,33,0,14,35,0,49,102,0,102,151
07/01/2000,MWA,IL,AGL,CE,Federal Contract Tower,0,9,4,0,13,0,0,18,0,18,0,9,22,0,31,66,0,66,97
07/02/2000,MWA,IL,AGL,CE,Federal Contract Tower,0,4,3,0,7,0,4,25,0,29,0,8,28,0,36,132,0,132,168
07/03/2000,MWA,IL,AGL,CE,Federal Contract Tower,0,5,4,0,9,0,9,53,0,62,0,14,57,0,71,162,0,162,233
07/04/2000,MWA,IL,AGL,CE,Federal Contract Tower,0,9,4,0,13,0,13,32,0,45,0,22,36,0,58,120,0,120,178
07/05/2000,MWA,IL,AGL,CE,Federal Contract Tower,0,14,5,0,19,0,6,66,0,72,0,20,71,0,91,192,0,192,283
07/06/2000,MWA,IL,AGL,CE,Federal Contract Tower,0,15,5,0,20,0,6,13,0,19,0,21,18,0,39,150,0,150,189
07/07/2000,MWA,IL,AGL,CE,Federal Contract Tower,0,21,6,0,27,0,5,30,0,35,0,26,36,0,62,62,0,62,124
07/08/2000,MWA,IL,AGL,CE,Federal Contract Tower,0,6,2,0,8,0,6,63,0,69,0,12,65,0,77,166,0,166,243
07/09/2000,MWA,IL,AGL,CE,Federal Contract Tower,0,10,3,1,14,0,0,28,1,29,0,10,31,2,43,140,0,140,183
07/10/2000,MWA,IL,AGL,CE,Federal Contract Tower,0,9,2,0,11,0,11,46,0,57,0,20,48,0,68,94,0,94,162
07/11/2000,MWA,IL,AGL,CE,Federal Contract Tower,0,9,2,0,11,0,8,39,0,47,0,17,41,0,58,132,0,132,190
07/12/2000,MWA,IL,AGL,CE,Federal Contract Tower,0,25,7,0,32,0,2,23,0,25,0,27,30,0,57,202,0,202,259
07/13/2000,MWA,IL,AGL,CE,Federal Contract Tower,0,24,7,1,32,0,0,13,0,13,0,24,20,1,45,124,0,124,169
07/14/2000,MWA,IL,AGL,CE,Federal Contract Tower,0,11,3,0,14,0,4,44,2,50,0,15,47,2,64,58,0,58,122
07/15/2000,MWA,IL,AGL,CE,Federal Contract Tower,0,9,2,0,11,0,3,64,0,67,0,12,66,0,78,152,0,152,230
07/16/2000,MWA,IL,AGL,CE,Federal Contract Tower,0,9,2,0,11,0,0,34,0,34,0,9,36,0,45,92,0,92,137
07/17/2000,MWA,IL,AGL,CE,Federal Contract Tower,0,14,4,0,18,0,5,68,0,73,0,19,72,0,91,184,0,184,275
07/18/2000,MWA,IL,AGL,CE,Federal Contract Tower,0,12,3,0,15,0,2,53,0,55,0,14,56,0,70,98,0,98,168
07/19/2000,MWA,IL,AGL,CE,Federal Contract Tower,0,15,4,0,19,0,0,32,0,32,0,15,36,0,51,174,0,174,225
07/20/2000,MWA,IL,AGL,CE,Federal Contract Tower,0,17,4,0,21,0,8,40,2,50,0,25,44,2,71,208,0,208,279
07/21/2000,MWA,IL,AGL,CE,Federal Contract Tower,0,13,3,0,16,0,2,55,0,57,0,15,58,0,73,174,0,174,247
07/22/2000,MWA,IL,AGL,CE,Federal Contract Tower,0,8,2,0,10,0,5,30,0,35,0,13,32,0,45,194,0,194,239
07/23/2000,MWA,IL,AGL,CE,Federal Contract Tower,0,7,1,0,8,0,4,50,2,56,0,11,51,2,64,170,2,172,236
07/24/2000,MWA,IL,AGL,CE,Federal Contract Tower,0,9,4,0,13,0,0,33,0,33,0,9,37,0,46,120,0,120,166
07/25/2000,MWA,IL,AGL,CE,Federal Contract Tower,0,10,3,0,13,0,10,30,0,40,0,20,33,0,53,178,0,178,231
07/26/2000,MWA,IL,AGL,CE,Federal Contract Tower,0,18,5,0,23,0,3,80,0,83,0,21,85,0,106,172,0,172,278
07/27/2000,MWA,IL,AGL,CE,Federal Contract Tower,0,8,2,0,10,0,20,56,0,76,0,28,58,0,86,184,0,184,270
07/28/2000,MWA,IL,AGL,CE,Federal Contract Tower,0,8,2,0,10,0,1,6,0,7,0,9,8,0,17,2,0,2,19
07/29/2000,MWA,IL,AGL,CE,Federal Contract Tower,0,6,1,0,7,0,1,3,0,4,0,7,4,0,11,6,0,6,17
07/30/2000,MWA,IL,AGL,CE,Federal Contract Tower,0,10,2,0,12,0,0,23,0,23,0,10,25,0,35,42,0,42,77
07/31/2000,MWA,IL,AGL,CE,Federal Contract Tower,0,13,3,0,16,0,4,31,1,36,0,17,34,1,52,86,0,86,138
08/01/2000,MWA,IL,AGL,CE,Federal Contract Tower,0,12,5,0,17,0,9,49,2,60,0,21,54,2,77,46,0,46,123
08/02/2000,MWA,IL,AGL,CE,Federal Contract Tower,0,8,5,0,13,0,6,59,0,65,0,14,64,0,78,144,0,144,222
08/03/2000,MWA,IL,AGL,CE,Federal Contract Tower,0,13,7,0,20,0,1,35,0,36,0,14,42,0,56,124,0,124,180
08/04/2000,MWA,IL,AGL,CE,Federal Contract Tower,0,10,6,0,16,0,6,29,0,35,0,16,35,0,51,90,0,90,141
08/05/2000,MWA,IL,AGL,CE,Federal Contract Tower,0,6,5,0,11,0,4,33,0,37,0,10,38,0,48,126,0,126,174
08/06/2000,MWA,IL,AGL,CE,Federal Contract Tower,0,7,3,0,10,0,3,41,4,48,0,10,44,4,58,124,0,124,182
08/07/2000,MWA,IL,AGL,CE,Federal Contract Tower,0,8,4,0,12,0,4,31,0,35,0,12,35,0,47,36,0,36,83
08/08/2000,MWA,IL,AGL,CE,Federal Contract Tower,0,12,5,0,17,0,8,44,0,52,0,20,49,0,69,64,0,64,133
08/09/2000,MWA,IL,AGL,CE,Federal Contract Tower,0,12,5,0,17,0,2,27,0,29,0,14,32,0,46,92,0,92,138
08/10/2000,MWA,IL,AGL,CE,Federal Contract Tower,0,9,5,0,14,0,10,55,0,65,0,19,60,0,79,86,0,86,165
08/11/2000,MWA,IL,AGL,CE,Federal Contract Tower,0,7,4,0,11,0,5,22,0,27,0,12,26,0,38,80,0,80,118
08/12/2000,MWA,IL,AGL,CE,Federal Contract Tower,0,5,3,0,8,0,1,40,0,41,0,6,43,0,49,102,0,102,151
08/13/2000,MWA,IL,AGL,CE,Federal Contract Tower,0,6,2,0,8,0,4,27,0,31,0,10,29,0,39,58,0,58,97
08/14/2000,MWA,IL,AGL,CE,Federal Contract Tower,0,11,4,0,15,0,7,55,0,62,0,18,59,0,77,130,0,130,207
08/15/2000,MWA,IL,AGL,CE,Federal Contract Tower,0,8,3,0,11,0,5,30,0,35,0,13,33,0,46,90,0,90,136
08/16/2000,MWA,IL,AGL,CE,Federal Contract Tower,0,8,3,0,11,0,5,26,0,31,0,13,29,0,42,72,0,72,114
08/17/2000,MWA,IL,AGL,CE,Federal Contract Tower,0,12,4,0,16,0,6,8,0,14,0,18,12,0,30,28,0,28,58
08/18/2000,MWA,IL,AGL,CE,Federal Contract Tower,0,14,6,0,20,0,0,14,0,14,0,14,20,0,34,30,0,30,64
08/19/2000,MWA,IL,AGL,CE,Federal Contract Tower,0,10,3,0,13,0,1,40,0,41,0,11,43,0,54,62,0,62,116
08/20/2000,MWA,IL,AGL,CE,Federal Contract Tower,0,9,3,0,12,0,1,38,0,39,0,10,41,0,51,68,0,68,119
08/21/2000,MWA,IL,AGL,CE,Federal Contract Tower,0,9,3,0,12,0,3,28,0,31,0,12,31,0,43,90,0,90,133
08/22/2000,MWA,IL,AGL,CE,Federal Contract Tower,0,12,5,0,17,0,0,25,0,25,0,12,30,0,42,12,0,12,54
08/23/2000,MWA,IL,AGL,CE,Federal Contract Tower,0,8,3,0,11,0,4,19,0,23,0,12,22,0,34,36,0,36,70
08/24/2000,MWA,IL,AGL,CE,Federal Contract Tower,0,18,7,0,25,0,5,38,8,51,0,23,45,8,76,134,0,134,210
08/25/2000,MWA,IL,AGL,CE,Federal Contract Tower,0,9,3,0,12,0,7,38,8,53,0,16,41,8,65,56,0,56,121
08/26/2000,MWA,IL,AGL,CE,Federal Contract Tower,0,10,4,0,14,0,3,64,0,67,0,13,68,0,81,58,0,58,139
08/27/2000,MWA,IL,AGL,CE,Federal Contract Tower,0,9,3,0,12,0,0,18,0,18,0,9,21,0,30,74,0,74,104
08/28/2000,MWA,IL,AGL,CE,Federal Contract Tower,0,10,3,0,13,0,1,28,0,29,0,11,31,0,42,138,0,138,180
08/29/2000,MWA,IL,AGL,CE,Federal Contract Tower,0,15,5,0,20,0,5,39,0,44,0,20,44,0,64,108,0,108,172
08/30/2000,MWA,IL,AGL,CE,Federal Contract Tower,0,14,5,0,19,0,6,60,0,66,0,20,65,0,85,122,0,122,207
08/31/2000,MWA,IL,AGL,CE,Federal Contract Tower,0,15,5,0,20,0,0,42,8,50,0,15,47,8,70,94,0,94,164
09/01/2000,MWA,IL,AGL,CE,Federal Contract Tower,0,12,7,0,19,0,2,38,0,40,0,14,45,0,59,72,0,72,131
09/02/2000,MWA,IL,AGL,CE,Federal Contract Tower,0,3,3,0,6,0,0,36,0,36,0,3,39,0,42,110,0,110,152
09/03/2000,MWA,IL,AGL,CE,Federal Contract Tower,0,4,3,0,7,0,3,28,0,31,0,7,31,0,38,162,0,162,200
09/04/2000,MWA,IL,AGL,CE,Federal Contract Tower,0,7,4,0,11,0,6,22,0,28,0,13,26,0,39,32,0,32,71
09/05/2000,MWA,IL,AGL,CE,Federal Contract Tower,0,10,6,0,16,0,3,22,2,27,0,13,28,2,43,42,0,42,85
09/06/2000,MWA,IL,AGL,CE,Federal Contract Tower,0,7,5,0,12,0,7,32,0,39,0,14,37,0,51,36,0,36,87
09/07/2000,MWA,IL,AGL,CE,Federal Contract Tower,0,7,4,0,11,0,4,63,0,67,0,11,67,0,78,124,0,124,202
09/08/2000,MWA,IL,AGL,CE,Federal Contract Tower,0,14,9,0,23,0,0,27,0,27,0,14,36,0,50,132,0,132,182
09/09/2000,MWA,IL,AGL,CE,Federal Contract Tower,0,11,9,0,20,0,0,11,0,11,0,11,20,0,31,12,0,12,43
09/10/2000,MWA,IL,AGL,CE,Federal Contract Tower,0,7,5,0,12,0,5,26,0,31,0,12,31,0,43,21,0,21,64
09/11/2000,MWA,IL,AGL,CE,Federal Contract Tower,0,9,5,0,14,0,1,22,0,23,0,10,27,0,37,88,0,88,125
09/12/2000,MWA,IL,AGL,CE,Federal Contract Tower,0,12,7,0,19,0,4,38,0,42,0,16,45,0,61,54,0,54,115
09/13/2000,MWA,IL,AGL,CE,Federal Contract Tower,0,11,6,0,17,0,10,63,0,73,0,21,69,0,90,114,0,114,204
09/14/2000,MWA,IL,AGL,CE,Federal Contract Tower,0,11,5,0,16,0,6,43,0,49,0,17,48,0,65,218,0,218,283
09/15/2000,MWA,IL,AGL,CE,Federal Contract Tower,0,10,5,0,15,0,3,46,0,49,0,13,51,0,64,208,0,208,272
09/16/2000,MWA,IL,AGL,CE,Federal Contract Tower,0,6,3,0,9,0,5,48,0,53,0,11,51,0,62,90,0,90,152
09/17/2000,MWA,IL,AGL,CE,Federal Contract Tower,0,7,4,0,11,0,0,48,0,48,0,7,52,0,59,100,0,100,159
09/18/2000,MWA,IL,AGL,CE,Federal Contract Tower,0,10,5,0,15,0,4,60,0,64,0,14,65,0,79,94,0,94,173
09/19/2000,MWA,IL,AGL,CE,Federal Contract Tower,0,8,3,0,11,0,5,34,0,39,0,13,37,0,50,66,0,66,116
09/20/2000,MWA,IL,AGL,CE,Federal Contract Tower,0,14,6,0,20,0,1,25,0,26,0,15,31,0,46,54,0,54,100
09/21/2000,MWA,IL,AGL,CE,Federal Contract Tower,0,12,6,0,18,0,4,42,0,46,0,16,48,0,64,220,0,220,284
09/22/2000,MWA,IL,AGL,CE,Federal Contract Tower,0,8,6,0,14,0,0,48,0,48,0,8,54,0,62,140,0,140,202
09/23/2000,MWA,IL,AGL,CE,Federal Contract Tower,0,6,2,0,8,0,3,20,0,23,0,9,22,0,31,36,0,36,67
09/24/2000,MWA,IL,AGL,CE,Federal Contract Tower,0,6,3,0,9,0,0,0,0,0,0,6,3,0,9,0,0,0,9
09/25/2000,MWA,IL,AGL,CE,Federal Contract Tower,0,13,4,0,17,0,2,0,0,2,0,15,4,0,19,0,0,0,19
09/26/2000,MWA,IL,AGL,CE,Federal Contract Tower,0,14,6,0,20,0,12,31,0,43,0,26,37,0,63,120,0,120,183
09/27/2000,MWA,IL,AGL,CE,Federal Contract Tower,0,12,5,0,17,0,2,45,0,47,0,14,50,0,64,194,0,194,258
09/28/2000,MWA,IL,AGL,CE,Federal Contract Tower,0,10,4,0,14,0,2,49,0,51,0,12,53,0,65,134,0,134,199
09/29/2000,MWA,IL,AGL,CE,Federal Contract Tower,0,18,8,0,26,0,3,48,0,51,0,21,56,0,77,140,0,140,217
09/30/2000,MWA,IL,AGL,CE,Federal Contract Tower,0,5,2,0,7,0,5,41,0,46,0,10,43,0,53,64,0,64,117
10/01/2000,MWA,IL,AGL,CE,Federal Contract Tower,0,9,3,0,12,0,4,50,0,54,0,13,53,0,66,48,0,48,114
10/02/2000,MWA,IL,AGL,CE,Federal Contract Tower,0,11,6,0,17,0,5,33,0,38,0,16,39,0,55,94,0,94,149
10/03/2000,MWA,IL,AGL,CE,Federal Contract Tower,0,10,6,0,16,0,5,29,0,34,0,15,35,0,50,140,0,140,190
10/04/2000,MWA,IL,AGL,CE,Federal Contract Tower,0,10,6,0,16,0,2,33,0,35,0,12,39,0,51,124,0,124,175
10/05/2000,MWA,IL,AGL,CE,Federal Contract Tower,0,14,9,0,23,0,9,18,0,27,0,23,27,0,50,80,0,80,130
10/06/2000,MWA,IL,AGL,CE,Federal Contract Tower,0,14,8,0,22,2,12,38,0,52,2,26,46,0,74,66,0,66,140
10/07/2000,MWA,IL,AGL,CE,Federal Contract Tower,0,8,4,0,12,0,9,51,0,60,0,17,55,0,72,34,0,34,106
10/08/2000,MWA,IL,AGL,CE,Federal Contract Tower,0,4,3,0,7,0,4,19,0,23,0,8,22,0,30,22,0,22,52
10/09/2000,MWA,IL,AGL,CE,Federal Contract Tower,0,10,5,0,15,0,4,26,0,30,0,14,31,0,45,64,0,64,109
10/10/2000,MWA,IL,AGL,CE,Federal Contract Tower,0,6,3,0,9,0,2,27,0,29,0,8,30,0,38,72,0,72,110
10/11/2000,MWA,IL,AGL,CE,Federal Contract Tower,0,8,3,0,11,0,3,27,0,30,0,11,30,0,41,116,2,118,159
10/12/2000,MWA,IL,AGL,CE,Federal Contract Tower,0,18,7,0,25,0,0,49,2,51,0,18,56,2,76,108,6,114,190
10/13/2000,MWA,IL,AGL,CE,Federal Contract Tower,0,13,5,0,18,0,2,45,0,47,0,15,50,0,65,86,0,86,151
10/14/2000,MWA,IL,AGL,CE,Federal Contract Tower,0,7,3,0,10,0,6,48,0,54,0,13,51,0,64,140,0,140,204
10/15/2000,MWA,IL,AGL,CE,Federal Contract Tower,0,13,5,0,18,0,5,44,0,49,0,18,49,0,67,64,0,64,131
10/16/2000,MWA,IL,AGL,CE,Federal Contract Tower,0,13,3,0,16,0,4,0,0,4,0,17,3,0,20,0,0,0,20
10/17/2000,MWA,IL,AGL,CE,Federal Contract Tower,0,17,7,0,24,0,3,13,0,16,0,20,20,0,40,22,0,22,62
10/18/2000,MWA,IL,AGL,CE,Federal Contract Tower,0,10,3,0,13,0,6,51,0,57,0,16,54,0,70,108,0,108,178
10/19/2000,MWA,IL,AGL,CE,Federal Contract Tower,0,12,4,0,16,0,3,46,0,49,0,15,50,0,65,92,0,92,157
10/20/2000,MWA,IL,AGL,CE,Federal Contract Tower,0,15,6,0,21,0,2,47,0,49,0,17,53,0,70,194,0,194,264
10/21/2000,MWA,IL,AGL,CE,Federal Contract Tower,0,7,3,0,10,0,6,42,0,48,0,13,45,0,58,118,0,118,176
10/22/2000,MWA,IL,AGL,CE,Federal Contract Tower,0,15,6,0,21,0,0,22,0,22,0,15,28,0,43,20,0,20,63
10/23/2000,MWA,IL,AGL,CE,Federal Contract Tower,0,8,4,0,12,0,0,22,0,22,0,8,26,0,34,52,0,52,86
10/24/2000,MWA,IL,AGL,CE,Federal Contract Tower,0,10,4,0,14,0,2,42,0,44,0,12,46,0,58,106,0,106,164
10/25/2000,MWA,IL,AGL,CE,Federal Contract Tower,0,12,5,0,17,0,2,23,0,25,0,14,28,0,42,58,0,58,100
10/26/2000,MWA,IL,AGL,CE,Federal Contract Tower,0,11,4,0,15,0,2,21,0,23,0,13,25,0,38,68,0,68,106
10/27/2000,MWA,IL,AGL,CE,Federal Contract Tower,0,11,4,0,15,0,2,48,0,50,0,13,52,0,65,152,0,152,217
10/28/2000,MWA,IL,AGL,CE,Federal Contract Tower,0,8,3,0,11,0,2,36,0,38,0,10,39,0,49,44,0,44,93
10/29/2000,MWA,IL,AGL,CE,Federal Contract Tower,0,8,3,0,11,0,3,18,0,21,0,11,21,0,32,40,0,40,72
10/30/2000,MWA,IL,AGL,CE,Federal Contract Tower,0,12,4,0,16,0,2,55,0,57,0,14,59,0,73,74,0,74,147
10/31/2000,MWA,IL,AGL,CE,Federal Contract Tower,0,8,3,0,11,0,9,44,0,53,0,17,47,0,64,92,0,92,156
11/01/2000,MWA,IL,AGL,CE,Federal Contract Tower,0,12,5,0,17,0,6,42,0,48,0,18,47,0,65,154,0,154,219
11/02/2000,MWA,IL,AGL,CE,Federal Contract Tower,0,13,6,0,19,0,3,20,0,23,0,16,26,0,42,52,0,52,94
11/03/2000,MWA,IL,AGL,CE,Federal Contract Tower,0,6,4,0,10,0,4,35,0,39,0,10,39,0,49,90,0,90,139
11/04/2000,MWA,IL,AGL,CE,Federal Contract Tower,0,6,4,0,10,0,6,35,0,41,0,12,39,0,51,100,0,100,151
11/05/2000,MWA,IL,AGL,CE,Federal Contract Tower,0,6,3,0,9,0,0,36,0,36,0,6,39,0,45,30,0,30,75
11/06/2000,MWA,IL,AGL,CE,Federal Contract Tower,0,6,3,0,9,0,0,3,0,3,0,6,6,0,12,0,0,0,12
11/07/2000,MWA,IL,AGL,CE,Federal Contract Tower,0,15,6,0,21,0,6,50,0,56,0,21,56,0,77,144,0,144,221
11/08/2000,MWA,IL,AGL,CE,Federal Contract Tower,0,16,6,0,22,0,1,22,0,23,0,17,28,0,45,86,0,86,131
11/09/2000,MWA,IL,AGL,CE,Federal Contract Tower,0,11,3,0,14,0,1,0,0,1,0,12,3,0,15,0,0,0,15
11/10/2000,MWA,IL,AGL,CE,Federal Contract Tower,0,13,5,0,18,0,2,42,0,44,0,15,47,0,62,178,0,178,240
11/11/2000,MWA,IL,AGL,CE,Federal Contract Tower,0,10,4,0,14,0,7,54,0,61,0,17,58,0,75,64,0,64,139
11/12/2000,MWA,IL,AGL,CE,Federal Contract Tower,0,7,3,0,10,0,5,66,0,71,0,12,69,0,81,122,0,122,203
11/13/2000,MWA,IL,AGL,CE,Federal Contract Tower,0,6,3,0,9,0,6,46,0,52,0,12,49,0,61,132,0,132,193
11/14/2000,MWA,IL,AGL,CE,Federal Contract Tower,0,8,3,0,11,0,0,45,0,45,0,8,48,0,56,128,0,128,184
11/15/2000,MWA,IL,AGL,CE,Federal Contract Tower,0,9,2,0,11,0,1,23,0,24,0,10,25,0,35,80,0,80,115
11/16/2000,MWA,IL,AGL,CE,Federal Contract Tower,0,14,4,0,18,0,5,36,0,41,0,19,40,0,59,102,0,102,161
11/17/2000,MWA,IL,AGL,CE,Federal Contract Tower,0,17,5,0,22,0,6,51,0,57,0,23,56,0,79,92,0,92,171
11/18/2000,MWA,IL,AGL,CE,Federal Contract Tower,0,5,1,0,6,0,7,52,0,59,0,12,53,0,65,56,0,56,121
11/19/2000,MWA,IL,AGL,CE,Federal Contract Tower,0,10,2,0,12,0,4,47,0,51,0,14,49,0,63,132,0,132,195
11/20/2000,MWA,IL,AGL,CE,Federal Contract Tower,0,11,3,0,14,0,0,14,0,14,0,11,17,0,28,38,0,38,66
11/21/2000,MWA,IL,AGL,CE,Federal Contract Tower,0,12,3,0,15,0,0,52,0,52,0,12,55,0,67,110,2,112,179
11/22/2000,MWA,IL,AGL,CE,Federal Contract Tower,0,10,3,0,13,0,2,50,0,52,0,12,53,0,65,148,0,148,213
11/23/2000,MWA,IL,AGL,CE,Federal Contract Tower,0,3,0,0,3,0,0,9,0,9,0,3,9,0,12,20,0,20,32
11/24/2000,MWA,IL,AGL,CE,Federal Contract Tower,0,5,1,0,6,0,2,23,0,25,0,7,24,0,31,34,0,34,65
11/25/2000,MWA,IL,AGL,CE,Federal Contract Tower,0,7,2,0,9,0,5,3,0,8,0,12,5,0,17,0,0,0,17
11/26/2000,MWA,IL,AGL,CE,Federal Contract Tower,0,15,4,0,19,0,6,34,0,40,0,21,38,0,59,82,0,82,141
11/27/2000,MWA,IL,AGL,CE,Federal Contract Tower,0,10,3,0,13,0,0,23,0,23,0,10,26,0,36,60,0,60,96
11/28/2000,MWA,IL,AGL,CE,Federal Contract Tower,0,15,4,0,19,0,4,34,0,38,0,19,38,0,57,76,0,76,133
11/29/2000,MWA,IL,AGL,CE,Federal Contract Tower,0,13,4,0,17,0,2,55,0,57,0,15,59,0,74,96,0,96,170
11/30/2000,MWA,IL,AGL,CE,Federal Contract Tower,0,9,2,0,11,0,3,62,0,65,0,12,64,0,76,124,0,124,200
12/01/2000,MWA,IL,AGL,CE,Federal Contract Tower,0,8,2,0,10,0,3,19,0,22,0,11,21,0,32,64,0,64,96
12/02/2000,MWA,IL,AGL,CE,Federal Contract Tower,0,5,3,0,8,0,3,2,0,5,0,8,5,0,13,0,0,0,13
12/03/2000,MWA,IL,AGL,CE,Federal Contract Tower,0,9,4,0,13,0,1,32,0,33,0,10,36,0,46,50,0,50,96
12/04/2000,MWA,IL,AGL,CE,Federal Contract Tower,0,5,3,0,8,0,5,39,0,44,0,10,42,0,52,142,0,142,194
12/05/2000,MWA,IL,AGL,CE,Federal Contract Tower,0,8,3,0,11,0,5,46,0,51,0,13,49,0,62,70,0,70,132
12/06/2000,MWA,IL,AGL,CE,Federal Contract Tower,0,10,4,0,14,0,2,28,0,30,0,12,32,0,44,48,0,48,92
12/07/2000,MWA,IL,AGL,CE,Federal Contract Tower,0,15,6,1,22,0,12,46,1,59,0,27,52,2,81,122,0,122,203
12/08/2000,MWA,IL,AGL,CE,Federal Contract Tower,0,7,3,0,10,0,4,31,0,35,0,11,34,0,45,72,0,72,117
12/09/2000,MWA,IL,AGL,CE,Federal Contract Tower,0,9,2,1,12,0,4,36,3,43,0,13,38,4,55,138,0,138,193
12/10/2000,MWA,IL,AGL,CE,Federal Contract Tower,0,6,1,0,7,0,0,17,0,17,0,6,18,0,24,30,0,30,54
12/11/2000,MWA,IL,AGL,CE,Federal Contract Tower,0,6,3,0,9,0,0,4,0,4,0,6,7,0,13,4,0,4,17
12/12/2000,MWA,IL,AGL,CE,Federal Contract Tower,0,9,3,0,12,0,0,11,0,11,0,9,14,0,23,16,0,16,39
12/13/2000,MWA,IL,AGL,CE,Federal Contract Tower,0,2,0,0,2,0,0,1,0,1,0,2,1,0,3,0,0,0,3
12/14/2000,MWA,IL,AGL,CE,Federal Contract Tower,0,11,2,0,13,0,1,0,0,1,0,12,2,0,14,0,0,0,14
12/15/2000,MWA,IL,AGL,CE,Federal Contract Tower,0,6,0,0,6,0,0,0,6,6,0,6,0,6,12,0,0,0,12
12/16/2000,MWA,IL,AGL,CE,Federal Contract Tower,0,2,0,0,2,0,0,0,2,2,0,2,0,2,4,0,0,0,4
12/17/2000,MWA,IL,AGL,CE,Federal Contract Tower,0,10,2,0,12,0,1,5,0,6,0,11,7,0,18,0,0,0,18
12/18/2000,MWA,IL,AGL,CE,Federal Contract Tower,0,7,1,0,8,0,3,3,0,6,0,10,4,0,14,0,0,0,14
12/19/2000,MWA,IL,AGL,CE,Federal Contract Tower,0,11,3,0,14,0,0,8,0,8,0,11,11,0,22,0,0,0,22
12/20/2000,MWA,IL,AGL,CE,Federal Contract Tower,0,11,3,0,14,0,3,28,0,31,0,14,31,0,45,34,0,34,79
12/21/2000,MWA,IL,AGL,CE,Federal Contract Tower,0,10,2,0,12,0,2,21,0,23,0,12,23,0,35,14,0,14,49
12/22/2000,MWA,IL,AGL,CE,Federal Contract Tower,0,16,4,0,20,0,6,27,0,33,0,22,31,0,53,40,0,40,93
12/23/2000,MWA,IL,AGL,CE,Federal Contract Tower,0,9,2,0,11,0,5,36,0,41,0,14,38,0,52,62,0,62,114
12/24/2000,MWA,IL,AGL,CE,Federal Contract Tower,0,5,1,0,6,0,2,11,0,13,0,7,12,0,19,0,0,0,19
12/25/2000,MWA,IL,AGL,CE,Federal Contract Tower,0,2,0,0,2,0,0,1,0,1,0,2,1,0,3,0,0,0,3
12/26/2000,MWA,IL,AGL,CE,Federal Contract Tower,0,10,3,0,13,0,4,7,0,11,0,14,10,0,24,22,0,22,46
12/27/2000,MWA,IL,AGL,CE,Federal Contract Tower,0,10,2,0,12,0,1,16,0,17,0,11,18,0,29,4,0,4,33
12/28/2000,MWA,IL,AGL,CE,Federal Contract Tower,0,8,2,0,10,0,0,23,0,23,0,8,25,0,33,16,0,16,49
12/29/2000,MWA,IL,AGL,CE,Federal Contract Tower,0,6,1,0,7,0,0,1,0,1,0,6,2,0,8,0,0,0,8
12/30/2000,MWA,IL,AGL,CE,Federal Contract Tower,0,9,2,0,11,0,3,8,0,11,0,12,10,0,22,0,0,0,22
12/31/2000,MWA,IL,AGL,CE,Federal Contract Tower,0,5,1,0,6,0,0,7,0,7,0,5,8,0,13,10,0,10,23
01/01/2001,MWA,IL,AGL,CE,Federal Contract Tower,0,3,0,0,3,0,1,12,0,13,0,4,12,0,16,0,0,0,16
01/02/2001,MWA,IL,AGL,CE,Federal Contract Tower,0,9,3,0,12,0,5,27,0,32,0,14,30,0,44,24,0,24,68
01/03/2001,MWA,IL,AGL,CE,Federal Contract Tower,0,5,2,0,7,0,3,15,0,18,0,8,17,0,25,56,0,56,81
01/04/2001,MWA,IL,AGL,CE,Federal Contract Tower,0,10,3,0,13,0,3,33,0,36,0,13,36,0,49,52,0,52,101
01/05/2001,MWA,IL,AGL,CE,Federal Contract Tower,0,10,3,0,13,0,8,39,0,47,0,18,42,0,60,48,0,48,108
01/06/2001,MWA,IL,AGL,CE,Federal Contract Tower,0,5,1,0,6,0,3,29,0,32,0,8,30,0,38,16,0,16,54
01/07/2001,MWA,IL,AGL,CE,Federal Contract Tower,0,6,2,0,8,0,4,33,0,37,0,10,35,0,45,116,0,116,161
01/08/2001,MWA,IL,AGL,CE,Federal Contract Tower,0,12,5,2,19,0,0,13,0,13,0,12,18,2,32,46,0,46,78
01/09/2001,MWA,IL,AGL,CE,Federal Contract Tower,0,9,3,0,12,0,0,37,0,37,0,9,40,0,49,38,0,38,87
01/10/2001,MWA,IL,AGL,CE,Federal Contract Tower,0,14,5,2,21,0,0,51,0,51,0,14,56,2,72,76,0,76,148
01/11/2001,MWA,IL,AGL,CE,Federal Contract Tower,0,12,3,0,15,0,0,31,0,31,0,12,34,0,46,48,0,48,94
01/12/2001,MWA,IL,AGL,CE,Federal Contract Tower,0,13,3,0,16,0,7,8,0,15,0,20,11,0,31,0,0,0,31
01/13/2001,MWA,IL,AGL,CE,Federal Contract Tower,0,10,3,0,13,0,0,9,0,9,0,10,12,0,22,0,0,0,22
01/14/2001,MWA,IL,AGL,CE,Federal Contract Tower,0,9,1,0,10,0,1,0,0,1,0,10,1,0,11,0,0,0,11
01/15/2001,MWA,IL,AGL,CE,Federal Contract Tower,0,11,3,0,14,0,2,31,0,33,0,13,34,0,47,130,0,130,177
01/16/2001,MWA,IL,AGL,CE,Federal Contract Tower,0,11,4,0,15,0,7,37,0,44,0,18,41,0,59,52,0,52,111
01/17/2001,MWA,IL,AGL,CE,Federal Contract Tower,0,10,3,0,13,0,5,34,2,41,0,15,37,2,54,78,0,78,132
01/18/2001,MWA,IL,AGL,CE,Federal Contract Tower,0,13,3,2,18,0,5,40,4,49,0,18,43,6,67,86,0,86,153
01/19/2001,MWA,IL,AGL,CE,Federal Contract Tower,0,9,2,0,11,0,5,5,0,10,0,14,7,0,21,32,0,32,53
01/20/2001,MWA,IL,AGL,CE,Federal Contract Tower,0,6,1,0,7,0,4,29,0,33,0,10,30,0,40,18,0,18,58
01/21/2001,MWA,IL,AGL,CE,Federal Contract Tower,0,9,3,0,12,0,3,100,0,103,0,12,103,0,115,108,0,108,223
01/22/2001,MWA,IL,AGL,CE,Federal Contract Tower,0,11,4,0,15,0,5,49,0,54,0,16,53,0,69,116,0,116,185
01/23/2001,MWA,IL,AGL,CE,Federal Contract Tower,0,10,3,0,13,0,5,38,0,43,0,15,41,0,56,96,0,96,152
01/24/2001,MWA,IL,AGL,CE,Federal Contract Tower,0,10,3,0,13,0,4,44,0,48,0,14,47,0,61,162,0,162,223
01/25/2001,MWA,IL,AGL,CE,Federal Contract Tower,0,7,2,0,9,0,0,51,1,52,0,7,53,1,61,98,0,98,159
01/26/2001,MWA,IL,AGL,CE,Federal Contract Tower,0,9,3,0,12,0,4,12,0,16,0,13,15,0,28,26,0,26,54
01/27/2001,MWA,IL,AGL,CE,Federal Contract Tower,0,8,2,0,10,0,0,47,0,47,0,8,49,0,57,108,0,108,165
01/28/2001,MWA,IL,AGL,CE,Federal Contract Tower,0,8,2,0,10,0,3,30,1,34,0,11,32,1,44,52,0,52,96
01/29/2001,MWA,IL,AGL,CE,Federal Contract Tower,0,7,3,0,10,0,0,15,0,15,0,7,18,0,25,6,0,6,31
01/30/2001,MWA,IL,AGL,CE,Federal Contract Tower,0,16,5,0,21,0,0,44,0,44,0,16,49,0,65,28,0,28,93
01/31/2001,MWA,IL,AGL,CE,Federal Contract Tower,0,9,2,0,11,0,0,27,0,27,0,9,29,0,38,68,0,68,106
02/01/2001,MWA,IL,AGL,CE,Federal Contract Tower,0,14,4,0,18,0,6,40,2,48,0,20,44,2,66,100,0,100,166
02/02/2001,MWA,IL,AGL,CE,Federal Contract Tower,0,8,3,0,11,0,3,25,0,28,0,11,28,0,39,50,0,50,89
02/03/2001,MWA,IL,AGL,CE,Federal Contract Tower,0,5,2,0,7,0,4,43,0,47,0,9,45,0,54,66,0,66,120
02/04/2001,MWA,IL,AGL,CE,Federal Contract Tower,0,5,2,0,7,0,3,39,0,42,0,8,41,0,49,58,0,58,107
02/05/2001,MWA,IL,AGL,CE,Federal Contract Tower,0,9,3,0,12,0,2,38,0,40,0,11,41,0,52,146,0,146,198
02/06/2001,MWA,IL,AGL,CE,Federal Contract Tower,0,12,4,0,16,0,0,52,0,52,0,12,56,0,68,156,0,156,224
02/07/2001,MWA,IL,AGL,CE,Federal Contract Tower,0,10,4,0,14,0,8,41,0,49,0,18,45,0,63,192,0,192,255
02/08/2001,MWA,IL,AGL,CE,Federal Contract Tower,0,14,5,0,19,0,7,23,0,30,0,21,28,0,49,76,0,76,125
02/09/2001,MWA,IL,AGL,CE,Federal Contract Tower,0,7,2,0,9,0,1,0,0,1,0,8,2,0,10,0,0,0,10
02/10/2001,MWA,IL,AGL,CE,Federal Contract Tower,0,7,2,0,9,0,7,37,0,44,0,14,39,0,53,74,0,74,127
02/11/2001,MWA,IL,AGL,CE,Federal Contract Tower,0,4,2,0,6,0,1,29,0,30,0,5,31,0,36,98,0,98,134
02/12/2001,MWA,IL,AGL,CE,Federal Contract Tower,0,13,3,0,16,0,2,42,0,44,0,15,45,0,60,172,0,172,232
02/13/2001,MWA,IL,AGL,CE,Federal Contract Tower,0,10,0,0,10,0,3,0,0,3,0,13,0,0,13,0,0,0,13
02/14/2001,MWA,IL,AGL,CE,Federal Contract Tower,0,10,0,0,10,0,3,0,0,3,0,13,0,0,13,0,0,0,13
02/15/2001,MWA,IL,AGL,CE,Federal Contract Tower,0,7,1,0,8,0,0,1,0,1,0,7,2,0,9,0,0,0,9
02/16/2001,MWA,IL,AGL,CE,Federal Contract Tower,0,14,3,0,17,0,1,2,0,3,0,15,5,0,20,0,0,0,20
02/17/2001,MWA,IL,AGL,CE,Federal Contract Tower,0,7,1,0,8,0,3,56,0,59,0,10,57,0,67,186,0,186,253
02/18/2001,MWA,IL,AGL,CE,Federal Contract Tower,0,10,3,0,13,0,0,46,0,46,0,10,49,0,59,88,0,88,147
02/19/2001,MWA,IL,AGL,CE,Federal Contract Tower,0,7,1,0,8,0,1,26,0,27,0,8,27,0,35,118,0,118,153
02/20/2001,MWA,IL,AGL,CE,Federal Contract Tower,0,10,2,0,12,0,1,32,0,33,0,11,34,0,45,106,0,106,151
02/21/2001,MWA,IL,AGL,CE,Federal Contract Tower,0,11,2,0,13,0,4,61,2,67,0,15,63,2,80,160,0,160,240
02/22/2001,MWA,IL,AGL,CE,Federal Contract Tower,0,10,2,0,12,0,0,24,1,25,0,10,26,1,37,46,0,46,83
02/23/2001,MWA,IL,AGL,CE,Federal Contract Tower,0,14,4,0,18,0,0,6,0,6,0,14,10,0,24,16,0,16,40
02/24/2001,MWA,IL,AGL,CE,Federal Contract Tower,0,4,0,0,4,0,0,4,0,4,0,4,4,0,8,8,0,8,16
02/25/2001,MWA,IL,AGL,CE,Federal Contract Tower,0,7,1,0,8,0,1,37,0,38,0,8,38,0,46,94,0,94,140
02/26/2001,MWA,IL,AGL,CE,Federal Contract Tower,0,11,3,0,14,0,4,40,0,44,0,15,43,0,58,160,0,160,218
02/27/2001,MWA,IL,AGL,CE,Federal Contract Tower,0,12,3,0,15,0,2,35,0,37,0,14,38,0,52,52,0,52,104
02/28/2001,MWA,IL,AGL,CE,Federal Contract Tower,0,12,3,0,15,0,1,56,0,57,0,13,59,0,72,148,0,148,220
03/01/2001,MWA,IL,AGL,CE,Federal Contract Tower,0,11,4,0,15,0,7,58,0,65,0,18,62,0,80,188,0,188,268
03/02/2001,MWA,IL,AGL,CE,Federal Contract Tower,0,12,6,0,18,0,0,44,2,46,0,12,50,2,64,148,0,148,212
03/03/2001,MWA,IL,AGL,CE,Federal Contract Tower,0,5,4,0,9,0,3,33,0,36,0,8,37,0,45,74,0,74,119
03/04/2001,MWA,IL,AGL,CE,Federal Contract Tower,0,6,4,0,10,0,2,4,0,6,0,8,8,0,16,22,0,22,38
03/05/2001,MWA,IL,AGL,CE,Federal Contract Tower,0,7,3,0,10,0,7,33,0,40,0,14,36,0,50,78,0,78,128
03/06/2001,MWA,IL,AGL,CE,Federal Contract Tower,0,11,5,0,16,0,6,33,0,39,0,17,38,0,55,126,0,126,181
03/07/2001,MWA,IL,AGL,CE,Federal Contract Tower,0,10,4,1,15,0,4,50,2,56,0,14,54,3,71,174,0,174,245
03/08/2001,MWA,IL,AGL,CE,Federal Contract Tower,0,19,6,0,25,0,0,42,0,42,0,19,48,0,67,148,0,148,215
03/09/2001,MWA,IL,AGL,CE,Federal Contract Tower,0,9,3,0,12,0,3,35,0,38,0,12,38,0,50,114,0,114,164
03/10/2001,MWA,IL,AGL,CE,Federal Contract Tower,0,6,2,0,8,0,2,34,0,36,0,8,36,0,44,62,0,62,106
03/11/2001,MWA,IL,AGL,CE,Federal Contract Tower,0,4,1,0,5,0,6,32,0,38,0,10,33,0,43,38,0,38,81
03/12/2001,MWA,IL,AGL,CE,Federal Contract Tower,0,12,4,0,16,0,6,10,0,16,0,18,14,0,32,0,0,0,32
03/13/2001,MWA,IL,AGL,CE,Federal Contract Tower,0,13,3,0,16,0,4,30,0,34,0,17,33,0,50,52,0,52,102
03/14/2001,MWA,IL,AGL,CE,Federal Contract Tower,0,9,2,0,11,0,1,41,0,42,0,10,43,0,53,148,0,148,201
03/15/2001,MWA,IL,AGL,CE,Federal Contract Tower,0,10,2,0,12,0,0,13,0,13,0,10,15,0,25,70,0,70,95
03/16/2001,MWA,IL,AGL,CE,Federal Contract Tower,0,13,4,0,17,0,7,5,0,12,0,20,9,0,29,30,0,30,59
03/17/2001,MWA,IL,AGL,CE,Federal Contract Tower,0,10,2,0,12,0,0,47,0,47,0,10,49,0,59,62,0,62,121
03/18/2001,MWA,IL,AGL,CE,Federal Contract Tower,0,10,3,0,13,0,3,48,0,51,0,13,51,0,64,78,0,78,142
03/19/2001,MWA,IL,AGL,CE,Federal Contract Tower,0,10,3,0,13,0,4,41,0,45,0,14,44,0,58,138,0,138,196
03/20/2001,MWA,IL,AGL,CE,Federal Contract Tower,0,13,3,0,16,0,5,58,0,63,0,18,61,0,79,160,0,160,239
03/21/2001,MWA,IL,AGL,CE,Federal Contract Tower,0,10,2,0,12,0,3,54,0,57,0,13,56,0,69,200,0,200,269
03/22/2001,MWA,IL,AGL,CE,Federal Contract Tower,0,10,3,0,13,0,1,31,0,32,0,11,34,0,45,188,0,188,233
03/23/2001,MWA,IL,AGL,CE,Federal Contract Tower,0,10,2,0,12,0,6,50,0,56,0,16,52,0,68,190,0,190,258
03/24/2001,MWA,IL,AGL,CE,Federal Contract Tower,0,13,3,0,16,0,2,31,2,35,0,15,34,2,51,42,0,42,93
03/25/2001,MWA,IL,AGL,CE,Federal Contract Tower,0,7,2,0,9,0,1,19,0,20,0,8,21,0,29,88,0,88,117
03/26/2001,MWA,IL,AGL,CE,Federal Contract Tower,0,10,2,0,12,0,2,42,0,44,0,12,44,0,56,110,0,110,166
03/27/2001,MWA,IL,AGL,CE,Federal Contract Tower,0,11,3,0,14,0,5,34,0,39,0,16,37,0,53,146,0,146,199
03/28/2001,MWA,IL,AGL,CE,Federal Contract Tower,0,11,3,0,14,0,6,40,0,46,0,17,43,0,60,170,0,170,230
03/29/2001,MWA,IL,AGL,CE,Federal Contract Tower,0,14,4,0,18,0,0,24,4,28,0,14,28,4,46,76,0,76,122
03/30/2001,MWA,IL,AGL,CE,Federal Contract Tower,0,16,6,0,22,0,0,3,0,3,0,16,9,0,25,0,0,0,25
03/31/2001,MWA,IL,AGL,CE,Federal Contract Tower,0,9,2,0,11,0,0,19,0,19,0,9,21,0,30,42,0,42,72
04/01/2001,MWA,IL,AGL,CE,Federal Contract Tower,0,16,1,0,17,0,3,57,0,60,0,19,58,0,77,170,0,170,247
04/02/2001,MWA,IL,AGL,CE,Federal Contract Tower,0,8,2,0,10,0,0,20,0,20,0,8,22,0,30,70,0,70,100
04/03/2001,MWA,IL,AGL,CE,Federal Contract Tower,0,8,3,0,11,0,0,2,0,2,0,8,5,0,13,0,0,0,13
04/04/2001,MWA,IL,AGL,CE,Federal Contract Tower,0,7,2,0,9,0,8,45,0,53,0,15,47,0,62,128,0,128,190
04/05/2001,MWA,IL,AGL,CE,Federal Contract Tower,0,12,3,0,15,0,6,64,0,70,0,18,67,0,85,126,0,126,211
04/06/2001,MWA,IL,AGL,CE,Federal Contract Tower,0,8,6,0,14,0,3,46,0,49,0,11,52,0,63,90,0,90,153
04/07/2001,MWA,IL,AGL,CE,Federal Contract Tower,0,6,1,0,7,0,0,40,0,40,0,6,41,0,47,30,0,30,77
04/08/2001,MWA,IL,AGL,CE,Federal Contract Tower,0,7,6,0,13,0,2,36,12,50,0,9,42,12,63,138,0,138,201
04/09/2001,MWA,IL,AGL,CE,Federal Contract Tower,0,14,4,2,20,0,0,38,0,38,0,14,42,2,58,132,0,132,190
04/10/2001,MWA,IL,AGL,CE,Federal Contract Tower,0,8,6,0,14,0,9,40,0,49,0,17,46,0,63,94,0,94,157
04/11/2001,MWA,IL,AGL,CE,Federal Contract Tower,0,8,7,0,15,0,4,28,0,32,0,12,35,0,47,82,0,82,129
04/12/2001,MWA,IL,AGL,CE,Federal Contract Tower,0,9,2,1,12,0,5,72,0,77,0,14,74,1,89,194,0,194,283
04/13/2001,MWA,IL,AGL,CE,Federal Contract Tower,0,16,3,0,19,0,5,64,0,69,0,21,67,0,88,190,0,190,278
04/14/2001,MWA,IL,AGL,CE,Federal Contract Tower,0,8,0,0,8,0,1,20,0,21,0,9,20,0,29,66,0,66,95
04/15/2001,MWA,IL,AGL,CE,Federal Contract Tower,0,5,0,0,5,0,0,5,0,5,0,5,5,0,10,36,0,36,46
04/16/2001,MWA,IL,AGL,CE,Federal Contract Tower,0,11,11,0,22,0,11,36,0,47,0,22,47,0,69,68,0,68,137
04/17/2001,MWA,IL,AGL,CE,Federal Contract Tower,0,12,7,0,19,0,9,39,0,48,0,21,46,0,67,122,0,122,189
04/18/2001,MWA,IL,AGL,CE,Federal Contract Tower,0,13,5,0,18,0,3,57,0,60,0,16,62,0,78,132,0,132,210
04/19/2001,MWA,IL,AGL,CE,Federal Contract Tower,0,9,3,0,12,0,5,41,0,46,0,14,44,0,58,94,0,94,152
04/20/2001,MWA,IL,AGL,CE,Federal Contract Tower,0,16,2,0,18,0,2,7,0,9,0,18,9,0,27,36,0,36,63
04/21/2001,MWA,IL,AGL,CE,Federal Contract Tower,0,10,0,0,10,0,4,3,0,7,0,14,3,0,17,16,0,16,33
04/22/2001,MWA,IL,AGL,CE,Federal Contract Tower,0,6,5,0,11,0,5,37,0,42,0,11,42,0,53,84,0,84,137
04/23/2001,MWA,IL,AGL,CE,Federal Contract Tower,0,6,1,0,7,0,3,27,0,30,0,9,28,0,37,34,0,34,71
04/24/2001,MWA,IL,AGL,CE,Federal Contract Tower,0,10,4,0,14,0,4,41,0,45,0,14,45,0,59,138,0,138,197
04/25/2001,MWA,IL,AGL,CE,Federal Contract Tower,0,19,5,0,24,0,4,48,0,52,0,23,53,0,76,148,0,148,224
04/26/2001,MWA,IL,AGL,CE,Federal Contract Tower,0,12,6,0,18,0,5,80,0,85,0,17,86,0,103,230,0,230,333
04/27/2001,MWA,IL,AGL,CE,Federal Contract Tower,0,16,4,0,20,0,0,68,0,68,0,16,72,0,88,142,0,142,230
04/28/2001,MWA,IL,AGL,CE,Federal Contract Tower,0,11,5,0,16,0,7,38,0,45,0,18,43,0,61,92,0,92,153
04/29/2001,MWA,IL,AGL,CE,Federal Contract Tower,0,11,8,0,19,0,4,40,0,44,0,15,48,0,63,58,0,58,121
04/30/2001,MWA,IL,AGL,CE,Federal Contract Tower,0,10,2,0,12,0,4,37,0,41,0,14,39,0,53,98,0,98,151
05/01/2001,MWA,IL,AGL,CE,Federal Contract Tower,0,17,6,0,23,0,4,52,0,56,0,21,58,0,79,132,0,132,211
05/02/2001,MWA,IL,AGL,CE,Federal Contract Tower,0,13,1,0,14,0,3,25,0,28,0,16,26,0,42,124,0,124,166
05/03/2001,MWA,IL,AGL,CE,Federal Contract Tower,0,11,2,1,14,0,5,29,2,36,0,16,31,3,50,56,2,58,108
05/04/2001,MWA,IL,AGL,CE,Federal Contract Tower,0,10,2,0,12,0,7,42,0,49,0,17,44,0,61,88,0,88,149
05/05/2001,MWA,IL,AGL,CE,Federal Contract Tower,0,6,2,0,8,0,5,39,0,44,0,11,41,0,52,56,0,56,108
05/06/2001,MWA,IL,AGL,CE,Federal Contract Tower,0,7,0,0,7,0,0,13,0,13,0,7,13,0,20,42,0,42,62
05/07/2001,MWA,IL,AGL,CE,Federal Contract Tower,0,9,5,0,14,0,3,24,0,27,0,12,29,0,41,4,0,4,45
05/08/2001,MWA,IL,AGL,CE,Federal Contract Tower,0,13,0,0,13,0,0,59,0,59,0,13,59,0,72,130,0,130,202
05/09/2001,MWA,IL,AGL,CE,Federal Contract Tower,0,19,1,0,20,0,1,41,0,42,0,20,42,0,62,68,0,68,130
05/10/2001,MWA,IL,AGL,CE,Federal Contract Tower,0,11,0,0,11,0,4,45,0,49,0,15,45,0,60,72,0,72,132
05/11/2001,MWA,IL,AGL,CE,Federal Contract Tower,0,11,1,0,12,0,5,37,0,42,0,16,38,0,54,64,0,64,118
05/12/2001,MWA,IL,AGL,CE,Federal Contract Tower,0,6,4,0,10,0,5,42,0,47,0,11,46,0,57,126,0,126,183
05/13/2001,MWA,IL,AGL,CE,Federal Contract Tower,0,7,3,0,10,0,3,35,0,38,0,10,38,0,48,112,0,112,160
05/14/2001,MWA,IL,AGL,CE,Federal Contract Tower,0,20,2,0,22,0,1,42,0,43,0,21,44,0,65,90,0,90,155
05/15/2001,MWA,IL,AGL,CE,Federal Contract Tower,0,14,1,0,15,0,0,30,0,30,0,14,31,0,45,48,0,48,93
05/16/2001,MWA,IL,AGL,CE,Federal Contract Tower,0,9,4,0,13,0,6,29,0,35,0,15,33,0,48,44,0,44,92
05/17/2001,MWA,IL,AGL,CE,Federal Contract Tower,0,9,4,0,13,0,3,23,0,26,0,12,27,0,39,28,0,28,67
05/18/2001,MWA,IL,AGL,CE,Federal Contract Tower,0,14,1,0,15,0,0,13,0,13,0,14,14,0,28,30,0,30,58
05/19/2001,MWA,IL,AGL,CE,Federal Contract Tower,0,8,1,0,9,0,2,24,0,26,0,10,25,0,35,82,0,82,117
05/20/2001,MWA,IL,AGL,CE,Federal Contract Tower,0,11,2,0,13,0,0,17,0,17,0,11,19,0,30,56,0,56,86
05/21/2001,MWA,IL,AGL,CE,Federal Contract Tower,0,15,3,0,18,0,2,15,0,17,0,17,18,0,35,36,0,36,71
05/22/2001,MWA,IL,AGL,CE,Federal Contract Tower,0,12,7,0,19,0,10,41,0,51,0,22,48,0,70,136,0,136,206
05/23/2001,MWA,IL,AGL,CE,Federal Contract Tower,0,9,8,1,18,0,6,53,1,60,0,15,61,2,78,152,0,152,230
05/24/2001,MWA,IL,AGL,CE,Federal Contract Tower,0,15,3,0,18,0,3,51,0,54,0,18,54,0,72,142,0,142,214
05/25/2001,MWA,IL,AGL,CE,Federal Contract Tower,0,10,3,0,13,0,2,38,2,42,0,12,41,2,55,104,0,104,159
05/26/2001,MWA,IL,AGL,CE,Federal Contract Tower,0,5,3,0,8,0,2,29,0,31,0,7,32,0,39,94,0,94,133
05/27/2001,MWA,IL,AGL,CE,Federal Contract Tower,0,4,1,0,5,0,0,23,0,23,0,4,24,0,28,62,0,62,90
05/28/2001,MWA,IL,AGL,CE,Federal Contract Tower,0,7,3,0,10,0,4,57,0,61,0,11,60,0,71,68,0,68,139
05/29/2001,MWA,IL,AGL,CE,Federal Contract Tower,0,10,2,0,12,0,6,37,0,43,0,16,39,0,55,96,0,96,151
05/30/2001,MWA,IL,AGL,CE,Federal Contract Tower,0,14,12,0,26,0,3,37,0,40,0,17,49,0,66,58,0,58,124
05/31/2001,MWA,IL,AGL,CE,Federal Contract Tower,0,9,7,2,18,0,3,41,6,50,0,12,48,8,68,90,8,98,166
06/01/2001,MWA,IL,AGL,CE,Federal Contract Tower,0,13,3,0,16,0,0,33,0,33,0,13,36,0,49,82,0,82,131
06/02/2001,MWA,IL,AGL,CE,Federal Contract Tower,0,8,1,0,9,0,0,31,0,31,0,8,32,0,40,84,0,84,124
06/03/2001,MWA,IL,AGL,CE,Federal Contract Tower,0,5,4,0,9,0,0,21,0,21,0,5,25,0,30,76,0,76,106
06/04/2001,MWA,IL,AGL,CE,Federal Contract Tower,2,10,3,0,15,0,6,35,0,41,2,16,38,0,56,64,0,64,120
06/05/2001,MWA,IL,AGL,CE,Federal Contract Tower,0,11,4,0,15,0,3,45,0,48,0,14,49,0,63,122,0,122,185
06/06/2001,MWA,IL,AGL,CE,Federal Contract Tower,0,18,3,0,21,0,5,54,0,59,0,23,57,0,80,168,0,168,248
06/07/2001,MWA,IL,AGL,CE,Federal Contract Tower,0,14,4,0,18,0,1,30,0,31,0,15,34,0,49,102,0,102,151
06/08/2001,MWA,IL,AGL,CE,Federal Contract Tower,0,15,1,0,16,0,2,31,0,33,0,17,32,0,49,92,0,92,141
06/09/2001,MWA,IL,AGL,CE,Federal Contract Tower,0,7,8,0,15,0,5,33,0,38,0,12,41,0,53,80,0,80,133
06/10/2001,MWA,IL,AGL,CE,Federal Contract Tower,0,6,3,0,9,0,5,42,0,47,0,11,45,0,56,64,0,64,120
06/11/2001,MWA,IL,AGL,CE,Federal Contract Tower,0,13,4,0,17,0,4,59,0,63,0,17,63,0,80,166,0,166,246
06/12/2001,MWA,IL,AGL,CE,Federal Contract Tower,0,16,6,0,22,0,2,44,0,46,0,18,50,0,68,128,0,128,196
06/13/2001,MWA,IL,AGL,CE,Federal Contract Tower,0,15,0,0,15,0,1,37,0,38,0,16,37,0,53,74,0,74,127
06/14/2001,MWA,IL,AGL,CE,Federal Contract Tower,0,12,3,1,16,0,0,29,1,30,0,12,32,2,46,56,2,58,104
06/15/2001,MWA,IL,AGL,CE,Federal Contract Tower,0,6,13,0,19,0,4,39,0,43,0,10,52,0,62,82,0,82,144
06/16/2001,MWA,IL,AGL,CE,Federal Contract Tower,0,5,5,2,12,0,3,44,0,47,0,8,49,2,59,64,0,64,123
06/17/2001,MWA,IL,AGL,CE,Federal Contract Tower,0,7,2,0,9,0,3,59,0,62,0,10,61,0,71,144,0,144,215
06/18/2001,MWA,IL,AGL,CE,Federal Contract Tower,0,14,2,0,16,0,3,51,0,54,0,17,53,0,70,176,0,176,246
06/19/2001,MWA,IL,AGL,CE,Federal Contract Tower,0,13,7,0,20,0,2,53,0,55,0,15,60,0,75,126,0,126,201
06/20/2001,MWA,IL,AGL,CE,Federal Contract Tower,0,12,0,0,12,0,0,25,0,25,0,12,25,0,37,52,0,52,89
06/21/2001,MWA,IL,AGL,CE,Federal Contract Tower,0,11,6,0,17,0,1,36,0,37,0,12,42,0,54,68,0,68,122
06/22/2001,MWA,IL,AGL,CE,Federal Contract Tower,0,6,3,0,9,0,2,34,0,36,0,8,37,0,45,62,0,62,107
06/23/2001,MWA,IL,AGL,CE,Federal Contract Tower,0,6,3,0,9,0,3,29,0,32,0,9,32,0,41,92,0,92,133
06/24/2001,MWA,IL,AGL,CE,Federal Contract Tower,0,8,1,0,9,0,0,40,0,40,0,8,41,0,49,76,0,76,125
06/25/2001,MWA,IL,AGL,CE,Federal Contract Tower,0,14,0,0,14,0,2,35,0,37,0,16,35,0,51,112,0,112,163
06/26/2001,MWA,IL,AGL,CE,Federal Contract Tower,0,18,0,0,18,0,0,79,0,79,0,18,79,0,97,138,0,138,235
06/27/2001,MWA,IL,AGL,CE,Federal Contract Tower,0,10,5,0,15,0,5,28,0,33,0,15,33,0,48,64,0,64,112
06/28/2001,MWA,IL,AGL,CE,Federal Contract Tower,0,22,2,0,24,0,1,69,0,70,0,23,71,0,94,132,0,132,226
06/29/2001,MWA,IL,AGL,CE,Federal Contract Tower,0,18,2,0,20,0,5,58,0,63,0,23,60,0,83,162,0,162,245
06/30/2001,MWA,IL,AGL,CE,Federal Contract Tower,0,8,4,0,12,0,2,35,0,37,0,10,39,0,49,38,0,38,87
07/01/2001,MWA,IL,AGL,CE,Federal Contract Tower,0,8,3,0,11,0,3,38,0,41,0,11,41,0,52,72,0,72,124
07/02/2001,MWA,IL,AGL,CE,Federal Contract Tower,0,8,4,0,12,0,1,38,0,39,0,9,42,0,51,96,0,96,147
07/03/2001,MWA,IL,AGL,CE,Federal Contract Tower,0,6,2,3,11,0,6,35,1,42,0,12,37,4,53,58,6,64,117
07/04/2001,MWA,IL,AGL,CE,Federal Contract Tower,0,6,5,0,11,0,4,29,0,33,0,10,34,0,44,34,0,34,78
07/05/2001,MWA,IL,AGL,CE,Federal Contract Tower,0,10,3,0,13,0,4,38,0,42,0,14,41,0,55,92,0,92,147
07/06/2001,MWA,IL,AGL,CE,Federal Contract Tower,0,9,1,0,10,0,3,56,0,59,0,12,57,0,69,164,0,164,233
07/07/2001,MWA,IL,AGL,CE,Federal Contract Tower,0,6,5,0,11,0,0,28,0,28,0,6,33,0,39,58,0,58,97
07/08/2001,MWA,IL,AGL,CE,Federal Contract Tower,0,13,0,0,13,0,2,27,0,29,0,15,27,0,42,40,0,40,82
07/09/2001,MWA,IL,AGL,CE,Federal Contract Tower,0,9,4,0,13,0,4,38,0,42,0,13,42,0,55,172,0,172,227
07/10/2001,MWA,IL,AGL,CE,Federal Contract Tower,0,10,1,0,11,0,6,50,0,56,0,16,51,0,67,234,0,234,301
07/11/2001,MWA,IL,AGL,CE,Federal Contract Tower,0,14,4,0,18,0,3,58,0,61,0,17,62,0,79,156,0,156,235
07/12/2001,MWA,IL,AGL,CE,Federal Contract Tower,0,12,1,0,13,0,4,41,0,45,0,16,42,0,58,88,0,88,146
07/13/2001,MWA,IL,AGL,CE,Federal Contract Tower,0,16,4,0,20,0,5,68,2,75,0,21,72,2,95,210,0,210,305
07/14/2001,MWA,IL,AGL,CE,Federal Contract Tower,0,11,0,0,11,0,9,53,0,62,0,20,53,0,73,92,0,92,165
07/15/2001,MWA,IL,AGL,CE,Federal Contract Tower,0,5,4,0,9,0,4,32,0,36,0,9,36,0,45,48,0,48,93
07/16/2001,MWA,IL,AGL,CE,Federal Contract Tower,0,10,7,0,17,0,4,25,0,29,0,14,32,0,46,78,0,78,124
07/17/2001,MWA,IL,AGL,CE,Federal Contract Tower,0,17,4,0,21,0,3,53,0,56,0,20,57,0,77,180,0,180,257
07/18/2001,MWA,IL,AGL,CE,Federal Contract Tower,2,11,5,0,18,0,3,37,0,40,2,14,42,0,58,78,0,78,136
07/19/2001,MWA,IL,AGL,CE,Federal Contract Tower,0,10,6,0,16,0,1,13,0,14,0,11,19,0,30,22,0,22,52
07/20/2001,MWA,IL,AGL,CE,Federal Contract Tower,0,7,2,0,9,0,0,17,0,17,0,7,19,0,26,16,0,16,42
07/21/2001,MWA,IL,AGL,CE,Federal Contract Tower,0,12,3,0,15,0,2,31,0,33,0,14,34,0,48,38,0,38,86
07/22/2001,MWA,IL,AGL,CE,Federal Contract Tower,0,6,4,0,10,0,5,44,0,49,0,11,48,0,59,56,0,56,115
07/23/2001,MWA,IL,AGL,CE,Federal Contract Tower,0,11,6,0,17,0,4,41,0,45,0,15,47,0,62,94,0,94,156
07/24/2001,MWA,IL,AGL,CE,Federal Contract Tower,0,21,12,0,33,0,0,70,0,70,0,21,82,0,103,94,0,94,197
07/25/2001,MWA,IL,AGL,CE,Federal Contract Tower,0,10,0,0,10,0,1,48,5,54,0,11,48,5,64,102,0,102,166
07/26/2001,MWA,IL,AGL,CE,Federal Contract Tower,0,9,3,0,12,0,0,5,0,5,0,9,8,0,17,0,0,0,17
07/27/2001,MWA,IL,AGL,CE,Federal Contract Tower,0,16,13,0,29,0,4,19,0,23,0,20,32,0,52,54,0,54,106
07/28/2001,MWA,IL,AGL,CE,Federal Contract Tower,0,9,6,0,15,0,3,21,0,24,0,12,27,0,39,26,0,26,65
07/29/2001,MWA,IL,AGL,CE,Federal Contract Tower,0,7,8,0,15,0,2,35,0,37,0,9,43,0,52,62,0,62,114
07/30/2001,MWA,IL,AGL,CE,Federal Contract Tower,0,12,4,1,17,0,3,51,1,55,0,15,55,2,72,134,2,136,208
07/31/2001,MWA,IL,AGL,CE,Federal Contract Tower,0,17,4,1,22,0,1,52,1,54,0,18,56,2,76,154,0,154,230
08/01/2001,MWA,IL,AGL,CE,Federal Contract Tower,0,18,3,0,21,0,0,40,0,40,0,18,43,0,61,118,0,118,179
08/02/2001,MWA,IL,AGL,CE,Federal Contract Tower,0,16,11,0,27,0,6,31,0,37,0,22,42,0,64,104,0,104,168
08/03/2001,MWA,IL,AGL,CE,Federal Contract Tower,0,10,8,0,18,0,5,49,0,54,0,15,57,0,72,86,0,86,158
08/04/2001,MWA,IL,AGL,CE,Federal Contract Tower,0,8,5,0,13,0,2,47,0,49,0,10,52,0,62,136,0,136,198
08/05/2001,MWA,IL,AGL,CE,Federal Contract Tower,0,8,1,0,9,0,1,41,2,44,0,9,42,2,53,88,2,90,143
08/06/2001,MWA,IL,AGL,CE,Federal Contract Tower,0,16,2,2,20,0,4,53,7,64,0,20,55,9,84,118,6,124,208
08/07/2001,MWA,IL,AGL,CE,Federal Contract Tower,0,21,4,0,25,0,3,60,0,63,0,24,64,0,88,162,0,162,250
08/08/2001,MWA,IL,AGL,CE,Federal Contract Tower,0,17,2,1,20,0,9,25,1,35,0,26,27,2,55,36,0,36,91
08/09/2001,MWA,IL,AGL,CE,Federal Contract Tower,0,19,7,2,28,0,8,44,2,54,0,27,51,4,82,106,0,106,188
08/10/2001,MWA,IL,AGL,CE,Federal Contract Tower,0,19,13,0,32,0,4,32,4,40,0,23,45,4,72,88,0,88,160
08/11/2001,MWA,IL,AGL,CE,Federal Contract Tower,0,5,1,0,6,0,0,19,4,23,0,5,20,4,29,14,0,14,43
08/12/2001,MWA,IL,AGL,CE,Federal Contract Tower,0,8,7,0,15,0,3,35,0,38,0,11,42,0,53,24,0,24,77
08/13/2001,MWA,IL,AGL,CE,Federal Contract Tower,0,11,1,0,12,0,1,19,0,20,0,12,20,0,32,54,0,54,86
08/14/2001,MWA,IL,AGL,CE,Federal Contract Tower,0,11,0,0,11,0,7,52,0,59,0,18,52,0,70,122,0,122,192
08/15/2001,MWA,IL,AGL,CE,Federal Contract Tower,0,13,11,0,24,0,10,54,0,64,0,23,65,0,88,104,0,104,192
08/16/2001,MWA,IL,AGL,CE,Federal Contract Tower,0,24,1,0,25,0,2,65,0,67,0,26,66,0,92,178,0,178,270
08/17/2001,MWA,IL,AGL,CE,Federal Contract Tower,0,12,3,0,15,0,12,75,0,87,0,24,78,0,102,214,0,214,316
08/18/2001,MWA,IL,AGL,CE,Federal Contract Tower,0,5,2,0,7,0,10,44,0,54,0,15,46,0,61,122,0,122,183
08/19/2001,MWA,IL,AGL,CE,Federal Contract Tower,0,9,2,0,11,0,0,35,0,35,0,9,37,0,46,64,0,64,110
08/20/2001,MWA,IL,AGL,CE,Federal Contract Tower,0,10,8,0,18,0,4,24,0,28,0,14,32,0,46,56,0,56,102
08/21/2001,MWA,IL,AGL,CE,Federal Contract Tower,0,10,2,0,12,0,5,42,0,47,0,15,44,0,59,64,0,64,123
08/22/2001,MWA,IL,AGL,CE,Federal Contract Tower,0,12,3,0,15,0,3,46,0,49,0,15,49,0,64,94,0,94,158
08/23/2001,MWA,IL,AGL,CE,Federal Contract Tower,0,18,9,0,27,0,3,50,0,53,0,21,59,0,80,76,0,76,156
08/24/2001,MWA,IL,AGL,CE,Federal Contract Tower,0,13,4,0,17,0,1,34,0,35,0,14,38,0,52,90,0,90,142
08/25/2001,MWA,IL,AGL,CE,Federal Contract Tower,0,5,0,0,5,0,3,20,0,23,0,8,20,0,28,38,0,38,66
08/26/2001,MWA,IL,AGL,CE,Federal Contract Tower,0,7,4,0,11,0,3,25,0,28,0,10,29,0,39,50,0,50,89
08/27/2001,MWA,IL,AGL,CE,Federal Contract Tower,0,8,10,0,18,0,5,52,4,61,0,13,62,4,79,126,0,126,205
08/28/2001,MWA,IL,AGL,CE,Federal Contract Tower,0,12,2,0,14,0,3,55,2,60,0,15,57,2,74,148,0,148,222
08/29/2001,MWA,IL,AGL,CE,Federal Contract Tower,0,11,1,0,12,0,2,48,0,50,0,13,49,0,62,162,0,162,224
08/30/2001,MWA,IL,AGL,CE,Federal Contract Tower,0,14,8,0,22,0,1,17,0,18,0,15,25,0,40,56,2,58,98
08/31/2001,MWA,IL,AGL,CE,Federal Contract Tower,0,14,4,0,18,0,1,10,0,11,0,15,14,0,29,34,0,34,63
09/01/2001,MWA,IL,AGL,CE,Federal Contract Tower,0,6,6,0,12,0,6,28,0,34,0,12,34,0,46,58,0,58,104
09/02/2001,MWA,IL,AGL,CE,Federal Contract Tower,0,6,3,0,9,0,3,33,0,36,0,9,36,0,45,32,0,32,77
09/03/2001,MWA,IL,AGL,CE,Federal Contract Tower,0,12,4,0,16,0,3,37,0,40,0,15,41,0,56,146,0,146,202
09/04/2001,MWA,IL,AGL,CE,Federal Contract Tower,0,8,4,0,12,0,3,38,0,41,0,11,42,0,53,112,0,112,165
09/05/2001,MWA,IL,AGL,CE,Federal Contract Tower,0,13,0,0,13,0,3,56,0,59,0,16,56,0,72,124,0,124,196
09/06/2001,MWA,IL,AGL,CE,Federal Contract Tower,0,12,6,0,18,0,1,27,0,28,0,13,33,0,46,114,0,114,160
09/07/2001,MWA,IL,AGL,CE,Federal Contract Tower,0,13,3,0,16,0,6,38,0,44,0,19,41,0,60,46,0,46,106
09/08/2001,MWA,IL,AGL,CE,Federal Contract Tower,0,9,0,0,9,0,2,39,0,41,0,11,39,0,50,212,0,212,262
09/09/2001,MWA,IL,AGL,CE,Federal Contract Tower,0,12,5,0,17,0,0,33,0,33,0,12,38,0,50,88,0,88,138
09/10/2001,MWA,IL,AGL,CE,Federal Contract Tower,0,10,7,0,17,0,3,26,0,29,0,13,33,0,46,80,0,80,126
09/11/2001,MWA,IL,AGL,CE,Federal Contract Tower,0,4,1,0,5,0,0,1,0,1,0,4,2,0,6,0,0,0,6
09/12/2001,MWA,IL,AGL,CE,Federal Contract Tower,0,0,0,0,0,0,0,0,0,0,0,0,0,0,0,0,0,0,0
09/13/2001,MWA,IL,AGL,CE,Federal Contract Tower,0,8,0,0,8,0,0,0,0,0,0,8,0,0,8,0,0,0,8
09/14/2001,MWA,IL,AGL,CE,Federal Contract Tower,0,13,2,0,15,0,0,0,0,0,0,13,2,0,15,0,0,0,15
09/15/2001,MWA,IL,AGL,CE,Federal Contract Tower,0,9,13,1,23,0,0,0,1,1,0,9,13,2,24,2,2,4,28
09/16/2001,MWA,IL,AGL,CE,Federal Contract Tower,0,5,8,0,13,0,0,0,0,0,0,5,8,0,13,0,0,0,13
09/17/2001,MWA,IL,AGL,CE,Federal Contract Tower,0,15,5,0,20,0,0,0,0,0,0,15,5,0,20,0,0,0,20
09/18/2001,MWA,IL,AGL,CE,Federal Contract Tower,0,21,1,0,22,0,0,0,0,0,0,21,1,0,22,0,0,0,22
09/19/2001,MWA,IL,AGL,CE,Federal Contract Tower,0,20,5,0,25,0,0,0,0,0,0,20,5,0,25,0,0,0,25
09/20/2001,MWA,IL,AGL,CE,Federal Contract Tower,0,13,8,0,21,0,6,30,0,36,0,19,38,0,57,8,0,8,65
09/21/2001,MWA,IL,AGL,CE,Federal Contract Tower,0,12,5,0,17,0,0,24,0,24,0,12,29,0,41,0,0,0,41
09/22/2001,MWA,IL,AGL,CE,Federal Contract Tower,0,8,5,0,13,0,0,52,0,52,0,8,57,0,65,74,0,74,139
09/23/2001,MWA,IL,AGL,CE,Federal Contract Tower,0,8,0,0,8,0,0,22,0,22,0,8,22,0,30,92,0,92,122
09/24/2001,MWA,IL,AGL,CE,Federal Contract Tower,0,11,4,0,15,0,2,15,0,17,0,13,19,0,32,90,0,90,122
09/25/2001,MWA,IL,AGL,CE,Federal Contract Tower,0,14,2,0,16,0,8,64,0,72,0,22,66,0,88,94,0,94,182
09/26/2001,MWA,IL,AGL,CE,Federal Contract Tower,0,20,6,0,26,0,4,67,0,71,0,24,73,0,97,164,0,164,261
09/27/2001,MWA,IL,AGL,CE,Federal Contract Tower,0,16,9,2,27,0,11,66,0,77,0,27,75,2,104,186,0,186,290
09/28/2001,MWA,IL,AGL,CE,Federal Contract Tower,0,14,6,0,20,0,5,68,0,73,0,19,74,0,93,174,0,174,267
09/29/2001,MWA,IL,AGL,CE,Federal Contract Tower,0,10,0,3,13,0,0,113,21,134,0,10,113,24,147,252,10,262,409
09/30/2001,MWA,IL,AGL,CE,Federal Contract Tower,0,10,3,0,13,0,0,153,0,153,0,10,156,0,166,256,0,256,422
10/01/2001,MWA,IL,AGL,CE,Federal Contract Tower,0,13,6,0,19,0,5,42,0,47,0,18,48,0,66,78,0,78,144
10/02/2001,MWA,IL,AGL,CE,Federal Contract Tower,0,8,4,0,12,0,6,38,0,44,0,14,42,0,56,122,0,122,178
10/03/2001,MWA,IL,AGL,CE,Federal Contract Tower,0,13,7,0,20,0,5,45,0,50,0,18,52,0,70,138,0,138,208
10/04/2001,MWA,IL,AGL,CE,Federal Contract Tower,0,21,4,0,25,0,4,37,0,41,0,25,41,0,66,162,0,162,228
10/05/2001,MWA,IL,AGL,CE,Federal Contract Tower,0,16,6,0,22,0,0,10,0,10,0,16,16,0,32,14,0,14,46
10/06/2001,MWA,IL,AGL,CE,Federal Contract Tower,0,9,4,0,13,0,3,46,0,49,0,12,50,0,62,100,0,100,162
10/07/2001,MWA,IL,AGL,CE,Federal Contract Tower,0,7,3,0,10,0,7,31,2,40,0,14,34,2,50,36,0,36,86
10/08/2001,MWA,IL,AGL,CE,Federal Contract Tower,0,12,9,0,21,0,6,54,0,60,0,18,63,0,81,106,0,106,187
10/09/2001,MWA,IL,AGL,CE,Federal Contract Tower,0,19,6,0,25,0,4,65,0,69,0,23,71,0,94,122,0,122,216
10/10/2001,MWA,IL,AGL,CE,Federal Contract Tower,0,8,0,0,8,0,1,32,0,33,0,9,32,0,41,44,0,44,85
10/11/2001,MWA,IL,AGL,CE,Federal Contract Tower,0,17,12,0,29,0,0,3,0,3,0,17,15,0,32,0,0,0,32
10/12/2001,MWA,IL,AGL,CE,Federal Contract Tower,0,15,10,0,25,0,0,8,0,8,0,15,18,0,33,4,0,4,37
10/13/2001,MWA,IL,AGL,CE,Federal Contract Tower,2,7,0,0,9,0,0,1,0,1,2,7,1,0,10,0,0,0,10
10/14/2001,MWA,IL,AGL,CE,Federal Contract Tower,0,5,6,0,11,0,3,29,0,32,0,8,35,0,43,36,0,36,79
10/15/2001,MWA,IL,AGL,CE,Federal Contract Tower,0,15,2,0,17,0,4,47,0,51,0,19,49,0,68,126,0,126,194
10/16/2001,MWA,IL,AGL,CE,Federal Contract Tower,0,10,1,0,11,0,1,44,0,45,0,11,45,0,56,88,0,88,144
10/17/2001,MWA,IL,AGL,CE,Federal Contract Tower,0,15,2,0,17,0,2,49,0,51,0,17,51,0,68,176,0,176,244
10/18/2001,MWA,IL,AGL,CE,Federal Contract Tower,0,16,0,0,16,0,0,48,0,48,0,16,48,0,64,188,0,188,252
10/19/2001,MWA,IL,AGL,CE,Federal Contract Tower,0,18,8,0,26,0,6,49,0,55,0,24,57,0,81,156,0,156,237
10/20/2001,MWA,IL,AGL,CE,Federal Contract Tower,0,8,5,0,13,0,6,68,0,74,0,14,73,0,87,124,0,124,211
10/21/2001,MWA,IL,AGL,CE,Federal Contract Tower,0,8,1,0,9,0,2,61,0,63,0,10,62,0,72,112,0,112,184
10/22/2001,MWA,IL,AGL,CE,Federal Contract Tower,0,11,4,0,15,0,3,54,0,57,0,14,58,0,72,186,0,186,258
10/23/2001,MWA,IL,AGL,CE,Federal Contract Tower,0,17,1,0,18,0,0,21,0,21,0,17,22,0,39,34,0,34,73
10/24/2001,MWA,IL,AGL,CE,Federal Contract Tower,0,21,2,0,23,0,0,8,0,8,0,21,10,0,31,4,0,4,35
10/25/2001,MWA,IL,AGL,CE,Federal Contract Tower,0,8,0,0,8,0,7,29,0,36,0,15,29,0,44,52,0,52,96
10/26/2001,MWA,IL,AGL,CE,Federal Contract Tower,0,13,4,0,17,0,6,28,0,34,0,19,32,0,51,44,0,44,95
10/27/2001,MWA,IL,AGL,CE,Federal Contract Tower,0,6,4,0,10,0,6,37,0,43,0,12,41,0,53,68,0,68,121
10/28/2001,MWA,IL,AGL,CE,Federal Contract Tower,0,6,2,0,8,0,1,46,0,47,0,7,48,0,55,120,0,120,175
10/29/2001,MWA,IL,AGL,CE,Federal Contract Tower,0,15,0,2,17,0,0,54,0,54,0,15,54,2,71,82,0,82,153
10/30/2001,MWA,IL,AGL,CE,Federal Contract Tower,0,14,1,0,15,0,0,23,0,23,0,14,24,0,38,94,0,94,132
10/31/2001,MWA,IL,AGL,CE,Federal Contract Tower,0,13,14,0,27,0,7,24,2,33,0,20,38,2,60,56,0,56,116
11/01/2001,MWA,IL,AGL,CE,Federal Contract Tower,0,14,1,0,15,0,8,25,0,33,0,22,26,0,48,28,0,28,76
11/02/2001,MWA,IL,AGL,CE,Federal Contract Tower,1,11,6,0,18,0,1,32,0,33,1,12,38,0,51,124,0,124,175
11/03/2001,MWA,IL,AGL,CE,Federal Contract Tower,1,4,9,0,14,0,3,33,0,36,1,7,42,0,50,166,0,166,216
11/04/2001,MWA,IL,AGL,CE,Federal Contract Tower,0,8,4,0,12,0,0,68,0,68,0,8,72,0,80,60,0,60,140
11/05/2001,MWA,IL,AGL,CE,Federal Contract Tower,0,10,5,0,15,0,0,51,0,51,0,10,56,0,66,114,2,116,182
11/06/2001,MWA,IL,AGL,CE,Federal Contract Tower,0,10,4,0,14,0,2,38,0,40,0,12,42,0,54,76,0,76,130
11/07/2001,MWA,IL,AGL,CE,Federal Contract Tower,0,8,4,0,12,0,6,39,0,45,0,14,43,0,57,80,0,80,137
11/08/2001,MWA,IL,AGL,CE,Federal Contract Tower,0,13,6,0,19,0,3,45,0,48,0,16,51,0,67,182,0,182,249
11/09/2001,MWA,IL,AGL,CE,Federal Contract Tower,0,17,4,0,21,0,1,50,0,51,0,18,54,0,72,196,0,196,268
11/10/2001,MWA,IL,AGL,CE,Federal Contract Tower,0,12,1,0,13,0,0,69,0,69,0,12,70,0,82,94,0,94,176
11/11/2001,MWA,IL,AGL,CE,Federal Contract Tower,0,4,5,0,9,0,3,66,0,69,0,7,71,0,78,116,0,116,194
11/12/2001,MWA,IL,AGL,CE,Federal Contract Tower,0,15,6,0,21,0,8,52,0,60,0,23,58,0,81,110,0,110,191
11/13/2001,MWA,IL,AGL,CE,Federal Contract Tower,0,11,3,0,14,0,7,39,0,46,0,18,42,0,60,64,0,64,124
11/14/2001,MWA,IL,AGL,CE,Federal Contract Tower,0,10,4,0,14,0,0,45,0,45,0,10,49,0,59,148,0,148,207
11/15/2001,MWA,IL,AGL,CE,Federal Contract Tower,0,19,3,0,22,0,1,59,0,60,0,20,62,0,82,202,0,202,284
11/16/2001,MWA,IL,AGL,CE,Federal Contract Tower,0,17,7,0,24,0,0,54,0,54,0,17,61,0,78,84,0,84,162
11/17/2001,MWA,IL,AGL,CE,Federal Contract Tower,0,8,3,0,11,0,1,41,0,42,0,9,44,0,53,90,0,90,143
11/18/2001,MWA,IL,AGL,CE,Federal Contract Tower,0,14,10,0,24,0,4,28,0,32,0,18,38,0,56,74,0,74,130
11/19/2001,MWA,IL,AGL,CE,Federal Contract Tower,0,14,3,0,17,0,5,23,0,28,0,19,26,0,45,42,0,42,87
11/20/2001,MWA,IL,AGL,CE,Federal Contract Tower,0,14,4,0,18,0,0,58,0,58,0,14,62,0,76,146,0,146,222
11/21/2001,MWA,IL,AGL,CE,Federal Contract Tower,0,10,5,0,15,0,2,54,0,56,0,12,59,0,71,169,0,169,240
11/22/2001,MWA,IL,AGL,CE,Federal Contract Tower,0,5,1,0,6,0,0,19,0,19,0,5,20,0,25,8,0,8,33
11/23/2001,MWA,IL,AGL,CE,Federal Contract Tower,2,11,3,0,16,0,0,36,0,36,2,11,39,0,52,30,0,30,82
11/24/2001,MWA,IL,AGL,CE,Federal Contract Tower,1,5,0,0,6,0,0,2,0,2,1,5,2,0,8,0,0,0,8
11/25/2001,MWA,IL,AGL,CE,Federal Contract Tower,0,7,3,0,10,0,3,52,0,55,0,10,55,0,65,56,0,56,121
11/26/2001,MWA,IL,AGL,CE,Federal Contract Tower,0,15,8,0,23,0,5,31,0,36,0,20,39,0,59,148,0,148,207
11/27/2001,MWA,IL,AGL,CE,Federal Contract Tower,0,11,2,0,13,0,3,50,0,53,0,14,52,0,66,178,0,178,244
11/28/2001,MWA,IL,AGL,CE,Federal Contract Tower,0,11,0,0,11,0,0,0,0,0,0,11,0,0,11,0,0,0,11
11/29/2001,MWA,IL,AGL,CE,Federal Contract Tower,0,12,0,0,12,0,0,0,0,0,0,12,0,0,12,0,0,0,12
11/30/2001,MWA,IL,AGL,CE,Federal Contract Tower,0,16,17,0,33,0,0,11,0,11,0,16,28,0,44,24,0,24,68
12/01/2001,MWA,IL,AGL,CE,Federal Contract Tower,0,7,3,0,10,0,3,62,0,65,0,10,65,0,75,112,0,112,187
12/02/2001,MWA,IL,AGL,CE,Federal Contract Tower,0,13,0,0,13,0,0,70,0,70,0,13,70,0,83,164,0,164,247
12/03/2001,MWA,IL,AGL,CE,Federal Contract Tower,0,12,0,0,12,0,2,75,0,77,0,14,75,0,89,177,0,177,266
12/04/2001,MWA,IL,AGL,CE,Federal Contract Tower,0,16,7,0,23,0,1,42,0,43,0,17,49,0,66,86,0,86,152
12/05/2001,MWA,IL,AGL,CE,Federal Contract Tower,0,16,0,0,16,0,1,27,0,28,0,17,27,0,44,28,0,28,72
12/06/2001,MWA,IL,AGL,CE,Federal Contract Tower,0,15,8,0,23,0,0,0,0,0,0,15,8,0,23,0,0,0,23
12/07/2001,MWA,IL,AGL,CE,Federal Contract Tower,0,7,13,0,20,0,3,1,0,4,0,10,14,0,24,24,0,24,48
12/08/2001,MWA,IL,AGL,CE,Federal Contract Tower,0,13,2,0,15,0,0,3,0,3,0,13,5,0,18,9,0,9,27
12/09/2001,MWA,IL,AGL,CE,Federal Contract Tower,0,10,2,0,12,0,0,81,0,81,0,10,83,0,93,92,0,92,185
12/10/2001,MWA,IL,AGL,CE,Federal Contract Tower,0,14,2,0,16,0,1,66,0,67,0,15,68,0,83,126,0,126,209
12/11/2001,MWA,IL,AGL,CE,Federal Contract Tower,0,16,2,0,18,0,0,52,2,54,0,16,54,2,72,84,0,84,156
12/12/2001,MWA,IL,AGL,CE,Federal Contract Tower,0,17,8,0,25,0,0,0,0,0,0,17,8,0,25,6,0,6,31
12/13/2001,MWA,IL,AGL,CE,Federal Contract Tower,0,19,11,0,30,0,0,3,0,3,0,19,14,0,33,24,0,24,57
12/14/2001,MWA,IL,AGL,CE,Federal Contract Tower,0,12,6,0,18,0,6,6,0,12,0,18,12,0,30,16,0,16,46
12/15/2001,MWA,IL,AGL,CE,Federal Contract Tower,0,8,5,0,13,0,0,74,0,74,0,8,79,0,87,146,0,146,233
12/16/2001,MWA,IL,AGL,CE,Federal Contract Tower,0,12,0,0,12,0,0,0,0,0,0,12,0,0,12,0,0,0,12
12/17/2001,MWA,IL,AGL,CE,Federal Contract Tower,0,16,1,0,17,0,0,1,0,1,0,16,2,0,18,4,0,4,22
12/18/2001,MWA,IL,AGL,CE,Federal Contract Tower,0,10,7,0,17,0,4,49,0,53,0,14,56,0,70,80,0,80,150
12/19/2001,MWA,IL,AGL,CE,Federal Contract Tower,0,16,5,0,21,0,4,19,0,23,0,20,24,0,44,38,0,38,82
12/20/2001,MWA,IL,AGL,CE,Federal Contract Tower,0,7,2,0,9,0,2,50,0,52,0,9,52,0,61,124,0,124,185
12/21/2001,MWA,IL,AGL,CE,Federal Contract Tower,0,11,2,0,13,0,2,38,0,40,0,13,40,0,53,84,0,84,137
12/22/2001,MWA,IL,AGL,CE,Federal Contract Tower,0,7,0,0,7,0,0,15,0,15,0,7,15,0,22,0,0,0,22
12/23/2001,MWA,IL,AGL,CE,Federal Contract Tower,0,6,2,0,8,0,0,7,0,7,0,6,9,0,15,10,0,10,25
12/24/2001,MWA,IL,AGL,CE,Federal Contract Tower,0,4,2,0,6,0,2,22,0,24,0,6,24,0,30,22,0,22,52
12/25/2001,MWA,IL,AGL,CE,Federal Contract Tower,0,6,1,0,7,0,0,2,0,2,0,6,3,0,9,0,0,0,9
12/26/2001,MWA,IL,AGL,CE,Federal Contract Tower,0,11,2,0,13,0,1,3,0,4,0,12,5,0,17,12,0,12,29
12/27/2001,MWA,IL,AGL,CE,Federal Contract Tower,0,13,0,0,13,0,0,36,0,36,0,13,36,0,49,84,0,84,133
12/28/2001,MWA,IL,AGL,CE,Federal Contract Tower,0,11,3,0,14,0,0,26,0,26,0,11,29,0,40,34,0,34,74
12/29/2001,MWA,IL,AGL,CE,Federal Contract Tower,0,7,2,0,9,0,0,31,0,31,0,7,33,0,40,50,0,50,90
12/30/2001,MWA,IL,AGL,CE,Federal Contract Tower,0,9,0,0,9,0,0,31,0,31,0,9,31,0,40,28,0,28,68
12/31/2001,MWA,IL,AGL,CE,Federal Contract Tower,0,6,1,0,7,0,4,33,0,37,0,10,34,0,44,38,0,38,82
01/01/2002,MWA,IL,AGL,CE,Federal Contract Tower,0,3,1,0,4,0,1,19,0,20,0,4,20,0,24,36,0,36,60
01/02/2002,MWA,IL,AGL,CE,Federal Contract Tower,0,15,2,0,17,0,1,36,0,37,0,16,38,0,54,38,0,38,92
01/03/2002,MWA,IL,AGL,CE,Federal Contract Tower,0,16,3,0,19,0,1,19,0,20,0,17,22,0,39,88,0,88,127
01/04/2002,MWA,IL,AGL,CE,Federal Contract Tower,0,10,4,0,14,0,1,35,0,36,0,11,39,0,50,76,0,76,126
01/05/2002,MWA,IL,AGL,CE,Federal Contract Tower,0,5,1,0,6,0,0,25,0,25,0,5,26,0,31,68,0,68,99
01/06/2002,MWA,IL,AGL,CE,Federal Contract Tower,0,9,0,0,9,0,0,0,0,0,0,9,0,0,9,0,0,0,9
01/07/2002,MWA,IL,AGL,CE,Federal Contract Tower,0,8,2,0,10,0,0,21,0,21,0,8,23,0,31,54,0,54,85
01/08/2002,MWA,IL,AGL,CE,Federal Contract Tower,0,11,0,0,11,0,1,36,0,37,0,12,36,0,48,104,0,104,152
01/09/2002,MWA,IL,AGL,CE,Federal Contract Tower,0,18,0,0,18,0,4,66,0,70,0,22,66,0,88,84,0,84,172
01/10/2002,MWA,IL,AGL,CE,Federal Contract Tower,0,13,1,0,14,0,3,30,0,33,0,16,31,0,47,36,0,36,83
01/11/2002,MWA,IL,AGL,CE,Federal Contract Tower,0,13,0,0,13,0,6,32,0,38,0,19,32,0,51,122,0,122,173
01/12/2002,MWA,IL,AGL,CE,Federal Contract Tower,0,5,3,0,8,0,5,26,0,31,0,10,29,0,39,66,0,66,105
01/13/2002,MWA,IL,AGL,CE,Federal Contract Tower,0,9,2,0,11,0,0,27,0,27,0,9,29,0,38,24,0,24,62
01/14/2002,MWA,IL,AGL,CE,Federal Contract Tower,0,18,5,0,23,0,0,29,0,29,0,18,34,0,52,42,0,42,94
01/15/2002,MWA,IL,AGL,CE,Federal Contract Tower,0,10,1,0,11,0,5,43,0,48,0,15,44,0,59,38,0,38,97
01/16/2002,MWA,IL,AGL,CE,Federal Contract Tower,0,17,1,0,18,0,2,35,0,37,0,19,36,0,55,78,0,78,133
01/17/2002,MWA,IL,AGL,CE,Federal Contract Tower,0,17,2,0,19,0,3,31,0,34,0,20,33,0,53,108,0,108,161
01/18/2002,MWA,IL,AGL,CE,Federal Contract Tower,0,17,0,0,17,0,6,36,0,42,0,23,36,0,59,58,0,58,117
01/19/2002,MWA,IL,AGL,CE,Federal Contract Tower,0,10,0,0,10,0,0,0,0,0,0,10,0,0,10,22,0,22,32
01/20/2002,MWA,IL,AGL,CE,Federal Contract Tower,0,9,5,0,14,0,0,0,0,0,0,9,5,0,14,0,0,0,14
01/21/2002,MWA,IL,AGL,CE,Federal Contract Tower,0,13,3,0,16,0,1,38,0,39,0,14,41,0,55,64,0,64,119
01/22/2002,MWA,IL,AGL,CE,Federal Contract Tower,0,18,2,0,20,0,4,20,0,24,0,22,22,0,44,20,0,20,64
01/23/2002,MWA,IL,AGL,CE,Federal Contract Tower,0,17,0,0,17,0,3,6,0,9,0,20,6,0,26,32,0,32,58
01/24/2002,MWA,IL,AGL,CE,Federal Contract Tower,0,9,4,0,13,0,4,20,0,24,0,13,24,0,37,46,0,46,83
01/25/2002,MWA,IL,AGL,CE,Federal Contract Tower,0,18,2,0,20,0,1,57,0,58,0,19,59,0,78,96,0,96,174
01/26/2002,MWA,IL,AGL,CE,Federal Contract Tower,0,7,0,0,7,0,1,81,0,82,0,8,81,0,89,84,0,84,173
01/27/2002,MWA,IL,AGL,CE,Federal Contract Tower,0,6,2,0,8,0,0,43,0,43,0,6,45,0,51,60,0,60,111
01/28/2002,MWA,IL,AGL,CE,Federal Contract Tower,0,20,1,0,21,0,1,42,0,43,0,21,43,0,64,76,0,76,140
01/29/2002,MWA,IL,AGL,CE,Federal Contract Tower,0,20,4,0,24,0,4,23,0,27,0,24,27,0,51,22,0,22,73
01/30/2002,MWA,IL,AGL,CE,Federal Contract Tower,0,11,4,0,15,0,0,0,0,0,0,11,4,0,15,0,0,0,15
01/31/2002,MWA,IL,AGL,CE,Federal Contract Tower,0,9,0,0,9,0,1,1,0,2,0,10,1,0,11,0,0,0,11
02/01/2002,MWA,IL,AGL,CE,Federal Contract Tower,0,10,3,1,14,0,0,26,1,27,0,10,29,2,41,62,2,64,105
02/02/2002,MWA,IL,AGL,CE,Federal Contract Tower,0,8,1,0,9,0,0,52,0,52,0,8,53,0,61,124,0,124,185
02/03/2002,MWA,IL,AGL,CE,Federal Contract Tower,0,7,1,0,8,0,0,19,0,19,0,7,20,0,27,20,0,20,47
02/04/2002,MWA,IL,AGL,CE,Federal Contract Tower,0,8,2,0,10,0,4,53,0,57,0,12,55,0,67,76,0,76,143
02/05/2002,MWA,IL,AGL,CE,Federal Contract Tower,0,10,4,0,14,0,3,30,0,33,0,13,34,0,47,62,0,62,109
02/06/2002,MWA,IL,AGL,CE,Federal Contract Tower,0,14,0,0,14,0,0,37,0,37,0,14,37,0,51,126,0,126,177
02/07/2002,MWA,IL,AGL,CE,Federal Contract Tower,0,20,3,0,23,0,0,80,1,81,0,20,83,1,104,96,2,98,202
02/08/2002,MWA,IL,AGL,CE,Federal Contract Tower,0,10,2,0,12,0,0,51,0,51,0,10,53,0,63,146,0,146,209
02/09/2002,MWA,IL,AGL,CE,Federal Contract Tower,0,9,0,0,9,0,0,27,0,27,0,9,27,0,36,16,0,16,52
02/10/2002,MWA,IL,AGL,CE,Federal Contract Tower,0,8,5,0,13,0,3,10,0,13,0,11,15,0,26,0,0,0,26
02/11/2002,MWA,IL,AGL,CE,Federal Contract Tower,0,6,4,0,10,0,6,49,0,55,0,12,53,0,65,142,0,142,207
02/12/2002,MWA,IL,AGL,CE,Federal Contract Tower,0,13,3,0,16,0,0,55,0,55,0,13,58,0,71,98,0,98,169
02/13/2002,MWA,IL,AGL,CE,Federal Contract Tower,0,13,1,0,14,0,8,61,0,69,0,21,62,0,83,122,0,122,205
02/14/2002,MWA,IL,AGL,CE,Federal Contract Tower,0,13,2,0,15,0,1,36,0,37,0,14,38,0,52,58,0,58,110
02/15/2002,MWA,IL,AGL,CE,Federal Contract Tower,0,10,0,0,10,0,3,70,0,73,0,13,70,0,83,228,0,228,311
02/16/2002,MWA,IL,AGL,CE,Federal Contract Tower,0,8,1,0,9,0,0,46,0,46,0,8,47,0,55,74,0,74,129
02/17/2002,MWA,IL,AGL,CE,Federal Contract Tower,0,5,2,0,7,0,4,41,0,45,0,9,43,0,52,44,0,44,96
02/18/2002,MWA,IL,AGL,CE,Federal Contract Tower,0,15,0,0,15,0,0,54,0,54,0,15,54,0,69,86,0,86,155
02/19/2002,MWA,IL,AGL,CE,Federal Contract Tower,0,14,3,0,17,0,3,6,0,9,0,17,9,0,26,27,0,27,53
02/20/2002,MWA,IL,AGL,CE,Federal Contract Tower,0,17,2,0,19,0,1,8,0,9,0,18,10,0,28,10,0,10,38
02/21/2002,MWA,IL,AGL,CE,Federal Contract Tower,0,13,6,0,19,0,0,19,0,19,0,13,25,0,38,64,0,64,102
02/22/2002,MWA,IL,AGL,CE,Federal Contract Tower,0,9,10,0,19,0,5,37,0,42,0,14,47,0,61,102,0,102,163
02/23/2002,MWA,IL,AGL,CE,Federal Contract Tower,0,9,5,0,14,0,8,37,0,45,0,17,42,0,59,106,0,106,165
02/24/2002,MWA,IL,AGL,CE,Federal Contract Tower,0,6,3,0,9,0,0,34,0,34,0,6,37,0,43,44,0,44,87
02/25/2002,MWA,IL,AGL,CE,Federal Contract Tower,0,15,1,0,16,0,0,61,0,61,0,15,62,0,77,82,0,82,159
02/26/2002,MWA,IL,AGL,CE,Federal Contract Tower,0,10,2,0,12,0,0,2,0,2,0,10,4,0,14,0,0,0,14
02/27/2002,MWA,IL,AGL,CE,Federal Contract Tower,0,13,2,0,15,0,2,23,0,25,0,15,25,0,40,86,0,86,126
02/28/2002,MWA,IL,AGL,CE,Federal Contract Tower,0,15,7,0,22,0,8,75,0,83,0,23,82,0,105,148,0,148,253
03/01/2002,MWA,IL,AGL,CE,Federal Contract Tower,0,7,2,0,9,0,7,62,0,69,0,14,64,0,78,116,0,116,194
03/02/2002,MWA,IL,AGL,CE,Federal Contract Tower,0,9,0,0,9,0,1,0,0,1,0,10,0,0,10,0,0,0,10
03/03/2002,MWA,IL,AGL,CE,Federal Contract Tower,0,6,1,0,7,0,5,33,0,38,0,11,34,0,45,28,0,28,73
03/04/2002,MWA,IL,AGL,CE,Federal Contract Tower,0,9,5,0,14,0,9,27,0,36,0,18,32,0,50,68,0,68,118
03/05/2002,MWA,IL,AGL,CE,Federal Contract Tower,0,14,4,0,18,0,8,50,0,58,0,22,54,0,76,78,0,78,154
03/06/2002,MWA,IL,AGL,CE,Federal Contract Tower,0,8,6,0,14,0,6,54,0,60,0,14,60,0,74,94,0,94,168
03/07/2002,MWA,IL,AGL,CE,Federal Contract Tower,0,8,2,0,10,0,7,50,0,57,0,15,52,0,67,140,0,140,207
03/08/2002,MWA,IL,AGL,CE,Federal Contract Tower,0,11,3,0,14,0,2,15,0,17,0,13,18,0,31,14,0,14,45
03/09/2002,MWA,IL,AGL,CE,Federal Contract Tower,0,8,1,0,9,0,2,10,0,12,0,10,11,0,21,0,0,0,21
03/10/2002,MWA,IL,AGL,CE,Federal Contract Tower,0,6,4,0,10,0,0,43,0,43,0,6,47,0,53,32,0,32,85
03/11/2002,MWA,IL,AGL,CE,Federal Contract Tower,0,19,2,0,21,0,1,30,0,31,0,20,32,0,52,44,0,44,96
03/12/2002,MWA,IL,AGL,CE,Federal Contract Tower,0,11,8,0,19,0,5,15,0,20,0,16,23,0,39,24,0,24,63
03/13/2002,MWA,IL,AGL,CE,Federal Contract Tower,2,12,4,0,18,0,6,45,0,51,2,18,49,0,69,128,0,128,197
03/14/2002,MWA,IL,AGL,CE,Federal Contract Tower,0,9,2,0,11,0,0,28,0,28,0,9,30,0,39,62,0,62,101
03/15/2002,MWA,IL,AGL,CE,Federal Contract Tower,0,13,8,0,21,0,0,0,0,0,0,13,8,0,21,0,0,0,21
03/16/2002,MWA,IL,AGL,CE,Federal Contract Tower,0,14,2,0,16,0,3,6,0,9,0,17,8,0,25,0,0,0,25
03/17/2002,MWA,IL,AGL,CE,Federal Contract Tower,0,8,4,0,12,0,0,2,0,2,0,8,6,0,14,0,0,0,14
03/18/2002,MWA,IL,AGL,CE,Federal Contract Tower,0,16,4,0,20,0,8,58,0,66,0,24,62,0,86,80,0,80,166
03/19/2002,MWA,IL,AGL,CE,Federal Contract Tower,0,10,5,0,15,0,0,3,0,3,0,10,8,0,18,4,0,4,22
03/20/2002,MWA,IL,AGL,CE,Federal Contract Tower,2,12,5,0,19,0,1,13,0,14,2,13,18,0,33,8,0,8,41
03/21/2002,MWA,IL,AGL,CE,Federal Contract Tower,0,18,0,0,18,0,0,43,2,45,0,18,43,2,63,94,0,94,157
03/22/2002,MWA,IL,AGL,CE,Federal Contract Tower,0,15,4,0,19,0,6,73,0,79,0,21,77,0,98,146,2,148,246
03/23/2002,MWA,IL,AGL,CE,Federal Contract Tower,2,18,1,0,21,0,6,64,6,76,2,24,65,6,97,68,2,70,167
03/24/2002,MWA,IL,AGL,CE,Federal Contract Tower,0,6,8,0,14,0,11,27,0,38,0,17,35,0,52,52,0,52,104
03/25/2002,MWA,IL,AGL,CE,Federal Contract Tower,0,7,7,0,14,0,0,16,0,16,0,7,23,0,30,0,0,0,30
03/26/2002,MWA,IL,AGL,CE,Federal Contract Tower,0,13,2,0,15,0,0,12,0,12,0,13,14,0,27,48,0,48,75
03/27/2002,MWA,IL,AGL,CE,Federal Contract Tower,0,15,4,0,19,0,6,108,0,114,0,21,112,0,133,205,0,205,338
03/28/2002,MWA,IL,AGL,CE,Federal Contract Tower,0,12,1,0,13,0,1,19,0,20,0,13,20,0,33,44,0,44,77
03/29/2002,MWA,IL,AGL,CE,Federal Contract Tower,0,13,8,0,21,0,0,20,0,20,0,13,28,0,41,48,0,48,89
03/30/2002,MWA,IL,AGL,CE,Federal Contract Tower,0,7,0,0,7,0,3,61,0,64,0,10,61,0,71,178,0,178,249
03/31/2002,MWA,IL,AGL,CE,Federal Contract Tower,0,5,2,0,7,0,2,52,0,54,0,7,54,0,61,162,0,162,223
04/01/2002,MWA,IL,AGL,CE,Federal Contract Tower,0,14,1,0,15,0,1,92,0,93,0,15,93,0,108,146,0,146,254
04/02/2002,MWA,IL,AGL,CE,Federal Contract Tower,0,5,8,0,13,0,1,41,0,42,0,6,49,0,55,133,0,133,188
04/03/2002,MWA,IL,AGL,CE,Federal Contract Tower,0,14,7,0,21,0,3,34,0,37,0,17,41,0,58,172,0,172,230
04/04/2002,MWA,IL,AGL,CE,Federal Contract Tower,0,11,2,0,13,0,5,76,0,81,0,16,78,0,94,202,0,202,296
04/05/2002,MWA,IL,AGL,CE,Federal Contract Tower,0,11,7,0,18,0,7,39,0,46,0,18,46,0,64,104,0,104,168
04/06/2002,MWA,IL,AGL,CE,Federal Contract Tower,0,5,3,0,8,0,9,50,0,59,0,14,53,0,67,112,0,112,179
04/07/2002,MWA,IL,AGL,CE,Federal Contract Tower,0,13,4,0,17,0,0,32,0,32,0,13,36,0,49,52,0,52,101
04/08/2002,MWA,IL,AGL,CE,Federal Contract Tower,0,13,3,0,16,0,6,44,0,50,0,19,47,0,66,94,0,94,160
04/09/2002,MWA,IL,AGL,CE,Federal Contract Tower,0,15,4,0,19,0,1,19,0,20,0,16,23,0,39,64,0,64,103
04/10/2002,MWA,IL,AGL,CE,Federal Contract Tower,0,20,3,0,23,0,4,100,0,104,0,24,103,0,127,186,0,186,313
04/11/2002,MWA,IL,AGL,CE,Federal Contract Tower,0,16,8,0,24,0,6,67,0,73,0,22,75,0,97,192,0,192,289
04/12/2002,MWA,IL,AGL,CE,Federal Contract Tower,0,11,4,0,15,0,6,32,0,38,0,17,36,0,53,86,0,86,139
04/13/2002,MWA,IL,AGL,CE,Federal Contract Tower,0,11,6,2,19,0,1,8,0,9,0,12,14,2,28,0,0,0,28
04/14/2002,MWA,IL,AGL,CE,Federal Contract Tower,0,7,9,0,16,0,0,63,0,63,0,7,72,0,79,84,0,84,163
04/15/2002,MWA,IL,AGL,CE,Federal Contract Tower,0,13,2,2,17,0,0,81,0,81,0,13,83,2,98,254,0,254,352
04/16/2002,MWA,IL,AGL,CE,Federal Contract Tower,0,13,1,0,14,0,2,54,0,56,0,15,55,0,70,114,0,114,184
04/17/2002,MWA,IL,AGL,CE,Federal Contract Tower,0,22,0,0,22,0,15,59,0,74,0,37,59,0,96,148,0,148,244
04/18/2002,MWA,IL,AGL,CE,Federal Contract Tower,0,18,5,0,23,0,8,43,0,51,0,26,48,0,74,142,0,142,216
04/19/2002,MWA,IL,AGL,CE,Federal Contract Tower,0,14,3,0,17,0,1,39,0,40,0,15,42,0,57,96,0,96,153
04/20/2002,MWA,IL,AGL,CE,Federal Contract Tower,0,6,1,0,7,0,0,45,0,45,0,6,46,0,52,114,0,114,166
04/21/2002,MWA,IL,AGL,CE,Federal Contract Tower,0,11,1,0,12,0,0,7,0,7,0,11,8,0,19,8,0,8,27
04/22/2002,MWA,IL,AGL,CE,Federal Contract Tower,0,9,3,0,12,0,2,67,0,69,0,11,70,0,81,104,0,104,185
04/23/2002,MWA,IL,AGL,CE,Federal Contract Tower,0,10,3,0,13,0,7,79,0,86,0,17,82,0,99,194,0,194,293
04/24/2002,MWA,IL,AGL,CE,Federal Contract Tower,0,9,1,0,10,0,4,46,0,50,0,13,47,0,60,92,0,92,152
04/25/2002,MWA,IL,AGL,CE,Federal Contract Tower,0,15,1,0,16,0,4,73,0,77,0,19,74,0,93,194,0,194,287
04/26/2002,MWA,IL,AGL,CE,Federal Contract Tower,0,17,7,0,24,0,0,64,0,64,0,17,71,0,88,182,0,182,270
04/27/2002,MWA,IL,AGL,CE,Federal Contract Tower,0,9,0,0,9,0,0,0,0,0,0,9,0,0,9,0,0,0,9
04/28/2002,MWA,IL,AGL,CE,Federal Contract Tower,0,12,3,0,15,0,0,33,0,33,0,12,36,0,48,32,0,32,80
04/29/2002,MWA,IL,AGL,CE,Federal Contract Tower,0,11,0,0,11,0,5,34,0,39,0,16,34,0,50,94,0,94,144
04/30/2002,MWA,IL,AGL,CE,Federal Contract Tower,0,14,2,0,16,0,3,31,0,34,0,17,33,0,50,70,0,70,120
05/01/2002,MWA,IL,AGL,CE,Federal Contract Tower,0,21,7,0,28,0,0,1,0,1,0,21,8,0,29,12,0,12,41
05/02/2002,MWA,IL,AGL,CE,Federal Contract Tower,0,21,0,0,21,0,3,79,0,82,0,24,79,0,103,124,0,124,227
05/03/2002,MWA,IL,AGL,CE,Federal Contract Tower,0,13,2,0,15,0,1,52,0,53,0,14,54,0,68,116,0,116,184
05/04/2002,MWA,IL,AGL,CE,Federal Contract Tower,0,10,0,0,10,0,1,64,0,65,0,11,64,0,75,96,0,96,171
05/05/2002,MWA,IL,AGL,CE,Federal Contract Tower,0,6,3,0,9,0,3,37,0,40,0,9,40,0,49,62,0,62,111
05/06/2002,MWA,IL,AGL,CE,Federal Contract Tower,0,10,2,0,12,0,5,21,0,26,0,15,23,0,38,54,0,54,92
05/07/2002,MWA,IL,AGL,CE,Federal Contract Tower,0,10,2,0,12,0,0,47,0,47,0,10,49,0,59,126,0,126,185
05/08/2002,MWA,IL,AGL,CE,Federal Contract Tower,0,13,3,0,16,0,0,36,0,36,0,13,39,0,52,88,0,88,140
05/09/2002,MWA,IL,AGL,CE,Federal Contract Tower,0,18,5,0,23,0,2,23,0,25,0,20,28,0,48,30,0,30,78
05/10/2002,MWA,IL,AGL,CE,Federal Contract Tower,0,17,4,0,21,0,0,48,0,48,0,17,52,0,69,142,0,142,211
05/11/2002,MWA,IL,AGL,CE,Federal Contract Tower,0,8,0,0,8,0,0,55,0,55,0,8,55,0,63,68,0,68,131
05/12/2002,MWA,IL,AGL,CE,Federal Contract Tower,0,6,2,0,8,0,3,12,0,15,0,9,14,0,23,0,0,0,23
05/13/2002,MWA,IL,AGL,CE,Federal Contract Tower,0,11,1,0,12,0,0,13,0,13,0,11,14,0,25,16,0,16,41
05/14/2002,MWA,IL,AGL,CE,Federal Contract Tower,0,10,6,0,16,0,4,73,0,77,0,14,79,0,93,120,0,120,213
05/15/2002,MWA,IL,AGL,CE,Federal Contract Tower,0,16,2,0,18,0,0,55,0,55,0,16,57,0,73,78,0,78,151
05/16/2002,MWA,IL,AGL,CE,Federal Contract Tower,0,10,2,0,12,0,2,19,0,21,0,12,21,0,33,44,0,44,77
05/17/2002,MWA,IL,AGL,CE,Federal Contract Tower,0,12,1,0,13,0,0,0,0,0,0,12,1,0,13,0,0,0,13
05/18/2002,MWA,IL,AGL,CE,Federal Contract Tower,0,6,7,0,13,0,3,40,0,43,0,9,47,0,56,54,0,54,110
05/19/2002,MWA,IL,AGL,CE,Federal Contract Tower,0,9,4,8,21,0,4,45,0,49,0,13,49,8,70,64,0,64,134
05/20/2002,MWA,IL,AGL,CE,Federal Contract Tower,0,10,7,0,17,0,4,76,0,80,0,14,83,0,97,118,0,118,215
05/21/2002,MWA,IL,AGL,CE,Federal Contract Tower,0,16,3,0,19,0,1,82,0,83,0,17,85,0,102,122,0,122,224
05/22/2002,MWA,IL,AGL,CE,Federal Contract Tower,0,13,3,0,16,0,5,82,0,87,0,18,85,0,103,114,0,114,217
05/23/2002,MWA,IL,AGL,CE,Federal Contract Tower,0,20,2,0,22,0,2,77,0,79,0,22,79,0,101,144,0,144,245
05/24/2002,MWA,IL,AGL,CE,Federal Contract Tower,0,10,4,0,14,0,6,57,0,63,0,16,61,0,77,96,0,96,173
05/25/2002,MWA,IL,AGL,CE,Federal Contract Tower,0,6,2,0,8,0,0,7,0,7,0,6,9,0,15,0,0,0,15
05/26/2002,MWA,IL,AGL,CE,Federal Contract Tower,0,9,3,0,12,0,0,45,0,45,0,9,48,0,57,64,0,64,121
05/27/2002,MWA,IL,AGL,CE,Federal Contract Tower,0,13,2,0,15,0,2,35,0,37,0,15,37,0,52,50,0,50,102
05/28/2002,MWA,IL,AGL,CE,Federal Contract Tower,0,11,2,0,13,0,2,18,0,20,0,13,20,0,33,26,0,26,59
05/29/2002,MWA,IL,AGL,CE,Federal Contract Tower,0,18,12,0,30,0,8,26,0,34,0,26,38,0,64,32,0,32,96
05/30/2002,MWA,IL,AGL,CE,Federal Contract Tower,0,7,8,0,15,0,5,27,0,32,0,12,35,0,47,78,0,78,125
05/31/2002,MWA,IL,AGL,CE,Federal Contract Tower,0,18,2,0,20,0,0,52,0,52,0,18,54,0,72,134,0,134,206
06/01/2002,MWA,IL,AGL,CE,Federal Contract Tower,0,4,2,0,6,0,6,60,0,66,0,10,62,0,72,112,0,112,184
06/02/2002,MWA,IL,AGL,CE,Federal Contract Tower,0,9,2,0,11,0,0,14,0,14,0,9,16,0,25,6,0,6,31
06/03/2002,MWA,IL,AGL,CE,Federal Contract Tower,0,8,4,0,12,0,1,52,0,53,0,9,56,0,65,108,0,108,173
06/04/2002,MWA,IL,AGL,CE,Federal Contract Tower,0,13,4,0,17,0,5,30,0,35,0,18,34,0,52,78,0,78,130
06/05/2002,MWA,IL,AGL,CE,Federal Contract Tower,0,19,6,0,25,0,5,48,0,53,0,24,54,0,78,88,0,88,166
06/06/2002,MWA,IL,AGL,CE,Federal Contract Tower,0,11,1,0,12,0,2,48,0,50,0,13,49,0,62,89,0,89,151
06/07/2002,MWA,IL,AGL,CE,Federal Contract Tower,0,11,3,0,14,0,0,39,0,39,0,11,42,0,53,96,0,96,149
06/08/2002,MWA,IL,AGL,CE,Federal Contract Tower,0,12,3,0,15,0,1,26,0,27,0,13,29,0,42,38,0,38,80
06/09/2002,MWA,IL,AGL,CE,Federal Contract Tower,0,12,2,0,14,0,2,22,0,24,0,14,24,0,38,12,0,12,50
06/10/2002,MWA,IL,AGL,CE,Federal Contract Tower,0,11,8,0,19,0,4,25,0,29,0,15,33,0,48,32,0,32,80
06/11/2002,MWA,IL,AGL,CE,Federal Contract Tower,0,12,4,0,16,0,4,41,0,45,0,16,45,0,61,74,0,74,135
06/12/2002,MWA,IL,AGL,CE,Federal Contract Tower,0,22,0,0,22,0,0,76,0,76,0,22,76,0,98,104,0,104,202
06/13/2002,MWA,IL,AGL,CE,Federal Contract Tower,0,20,2,0,22,0,0,53,0,53,0,20,55,0,75,94,0,94,169
06/14/2002,MWA,IL,AGL,CE,Federal Contract Tower,0,11,4,0,15,0,3,37,0,40,0,14,41,0,55,60,0,60,115
06/15/2002,MWA,IL,AGL,CE,Federal Contract Tower,0,6,0,0,6,0,5,51,0,56,0,11,51,0,62,82,0,82,144
06/16/2002,MWA,IL,AGL,CE,Federal Contract Tower,0,8,3,0,11,0,5,29,0,34,0,13,32,0,45,22,0,22,67
06/17/2002,MWA,IL,AGL,CE,Federal Contract Tower,0,11,8,0,19,0,4,36,6,46,0,15,44,6,65,94,0,94,159
06/18/2002,MWA,IL,AGL,CE,Federal Contract Tower,0,10,4,0,14,0,0,41,6,47,0,10,45,6,61,118,0,118,179
06/19/2002,MWA,IL,AGL,CE,Federal Contract Tower,0,13,2,0,15,0,3,53,0,56,0,16,55,0,71,144,0,144,215
06/20/2002,MWA,IL,AGL,CE,Federal Contract Tower,0,21,0,0,21,0,2,43,0,45,0,23,43,0,66,68,0,68,134
06/21/2002,MWA,IL,AGL,CE,Federal Contract Tower,0,13,2,0,15,0,1,26,0,27,0,14,28,0,42,96,0,96,138
06/22/2002,MWA,IL,AGL,CE,Federal Contract Tower,0,6,4,0,10,0,6,34,0,40,0,12,38,0,50,58,0,58,108
06/23/2002,MWA,IL,AGL,CE,Federal Contract Tower,0,12,6,0,18,0,5,35,0,40,0,17,41,0,58,42,0,42,100
06/24/2002,MWA,IL,AGL,CE,Federal Contract Tower,0,8,2,0,10,0,2,50,0,52,0,10,52,0,62,86,0,86,148
06/25/2002,MWA,IL,AGL,CE,Federal Contract Tower,0,21,4,0,25,0,0,69,0,69,0,21,73,0,94,96,0,96,190
06/26/2002,MWA,IL,AGL,CE,Federal Contract Tower,0,13,1,0,14,0,3,69,0,72,0,16,70,0,86,94,0,94,180
06/27/2002,MWA,IL,AGL,CE,Federal Contract Tower,0,23,2,0,25,0,2,46,4,52,0,25,48,4,77,116,0,116,193
06/28/2002,MWA,IL,AGL,CE,Federal Contract Tower,0,18,4,1,23,0,10,62,0,72,0,28,66,1,95,124,0,124,219
06/29/2002,MWA,IL,AGL,CE,Federal Contract Tower,0,5,4,0,9,0,4,45,0,49,0,9,49,0,58,58,0,58,116
06/30/2002,MWA,IL,AGL,CE,Federal Contract Tower,0,7,1,0,8,0,0,24,0,24,0,7,25,0,32,28,0,28,60
07/01/2002,MWA,IL,AGL,CE,Federal Contract Tower,0,10,2,0,12,0,1,51,0,52,0,11,53,0,64,112,0,112,176
07/02/2002,MWA,IL,AGL,CE,Federal Contract Tower,0,7,5,0,12,0,3,30,0,33,0,10,35,0,45,104,0,104,149
07/03/2002,MWA,IL,AGL,CE,Federal Contract Tower,0,15,3,0,18,0,1,47,0,48,0,16,50,0,66,88,0,88,154
07/04/2002,MWA,IL,AGL,CE,Federal Contract Tower,0,3,3,0,6,0,4,32,0,36,0,7,35,0,42,48,0,48,90
07/05/2002,MWA,IL,AGL,CE,Federal Contract Tower,0,4,3,0,7,0,5,35,0,40,0,9,38,0,47,36,0,36,83
07/06/2002,MWA,IL,AGL,CE,Federal Contract Tower,0,9,3,0,12,0,0,30,0,30,0,9,33,0,42,48,0,48,90
07/07/2002,MWA,IL,AGL,CE,Federal Contract Tower,0,7,6,0,13,0,3,48,0,51,0,10,54,0,64,68,0,68,132
07/08/2002,MWA,IL,AGL,CE,Federal Contract Tower,0,9,3,0,12,0,1,38,0,39,0,10,41,0,51,134,0,134,185
07/09/2002,MWA,IL,AGL,CE,Federal Contract Tower,0,12,4,0,16,0,2,65,0,67,0,14,69,0,83,116,0,116,199
07/10/2002,MWA,IL,AGL,CE,Federal Contract Tower,0,12,17,0,29,0,1,56,0,57,0,13,73,0,86,162,0,162,248
07/11/2002,MWA,IL,AGL,CE,Federal Contract Tower,0,29,4,0,33,0,3,58,0,61,0,32,62,0,94,182,0,182,276
07/12/2002,MWA,IL,AGL,CE,Federal Contract Tower,0,13,3,0,16,0,9,42,0,51,0,22,45,0,67,68,0,68,135
07/13/2002,MWA,IL,AGL,CE,Federal Contract Tower,0,10,1,0,11,0,0,56,0,56,0,10,57,0,67,76,0,76,143
07/14/2002,MWA,IL,AGL,CE,Federal Contract Tower,0,7,5,0,12,0,0,17,0,17,0,7,22,0,29,14,0,14,43
07/15/2002,MWA,IL,AGL,CE,Federal Contract Tower,0,13,2,0,15,0,1,40,0,41,0,14,42,0,56,136,0,136,192
07/16/2002,MWA,IL,AGL,CE,Federal Contract Tower,0,8,0,0,8,0,5,28,0,33,0,13,28,0,41,48,0,48,89
07/17/2002,MWA,IL,AGL,CE,Federal Contract Tower,0,14,0,0,14,0,3,48,0,51,0,17,48,0,65,192,0,192,257
07/18/2002,MWA,IL,AGL,CE,Federal Contract Tower,2,24,0,0,26,0,0,53,0,53,2,24,53,0,79,146,0,146,225
07/19/2002,MWA,IL,AGL,CE,Federal Contract Tower,0,12,2,0,14,0,0,80,0,80,0,12,82,0,94,166,0,166,260
07/20/2002,MWA,IL,AGL,CE,Federal Contract Tower,0,10,4,0,14,0,0,58,0,58,0,10,62,0,72,84,0,84,156
07/21/2002,MWA,IL,AGL,CE,Federal Contract Tower,0,10,1,0,11,0,0,29,0,29,0,10,30,0,40,26,0,26,66
07/22/2002,MWA,IL,AGL,CE,Federal Contract Tower,0,9,3,0,12,0,6,28,0,34,0,15,31,0,46,48,0,48,94
07/23/2002,MWA,IL,AGL,CE,Federal Contract Tower,0,10,5,0,15,0,6,39,0,45,0,16,44,0,60,64,0,64,124
07/24/2002,MWA,IL,AGL,CE,Federal Contract Tower,0,18,3,0,21,0,0,44,0,44,0,18,47,0,65,116,0,116,181
07/25/2002,MWA,IL,AGL,CE,Federal Contract Tower,0,15,2,0,17,0,0,56,0,56,0,15,58,0,73,142,0,142,215
07/26/2002,MWA,IL,AGL,CE,Federal Contract Tower,0,18,1,0,19,0,8,46,0,54,0,26,47,0,73,76,0,76,149
07/27/2002,MWA,IL,AGL,CE,Federal Contract Tower,0,7,3,0,10,0,1,38,0,39,0,8,41,0,49,52,0,52,101
07/28/2002,MWA,IL,AGL,CE,Federal Contract Tower,0,7,4,0,11,0,4,31,0,35,0,11,35,0,46,48,0,48,94
07/29/2002,MWA,IL,AGL,CE,Federal Contract Tower,0,13,6,0,19,0,4,33,0,37,0,17,39,0,56,58,0,58,114
07/30/2002,MWA,IL,AGL,CE,Federal Contract Tower,0,11,3,0,14,0,6,60,0,66,0,17,63,0,80,94,0,94,174
07/31/2002,MWA,IL,AGL,CE,Federal Contract Tower,0,12,7,0,19,0,0,75,0,75,0,12,82,0,94,164,0,164,258
08/01/2002,MWA,IL,AGL,CE,Federal Contract Tower,0,16,1,0,17,0,1,76,0,77,0,17,77,0,94,110,0,110,204
08/02/2002,MWA,IL,AGL,CE,Federal Contract Tower,0,14,2,0,16,0,1,41,0,42,0,15,43,0,58,68,0,68,126
08/03/2002,MWA,IL,AGL,CE,Federal Contract Tower,0,6,6,0,12,0,6,26,0,32,0,12,32,0,44,38,0,38,82
08/04/2002,MWA,IL,AGL,CE,Federal Contract Tower,0,6,5,0,11,0,4,30,0,34,0,10,35,0,45,32,0,32,77
08/05/2002,MWA,IL,AGL,CE,Federal Contract Tower,0,9,1,0,10,0,1,41,0,42,0,10,42,0,52,86,0,86,138
08/06/2002,MWA,IL,AGL,CE,Federal Contract Tower,0,15,3,0,18,0,3,47,0,50,0,18,50,0,68,133,0,133,201
08/07/2002,MWA,IL,AGL,CE,Federal Contract Tower,0,10,0,0,10,0,4,66,0,70,0,14,66,0,80,110,0,110,190
08/08/2002,MWA,IL,AGL,CE,Federal Contract Tower,0,27,0,0,27,0,5,52,0,57,0,32,52,0,84,90,0,90,174
08/09/2002,MWA,IL,AGL,CE,Federal Contract Tower,0,13,3,0,16,0,3,41,2,46,0,16,44,2,62,76,0,76,138
08/10/2002,MWA,IL,AGL,CE,Federal Contract Tower,0,8,7,0,15,0,5,29,0,34,0,13,36,0,49,38,0,38,87
08/11/2002,MWA,IL,AGL,CE,Federal Contract Tower,0,10,2,0,12,0,0,35,0,35,0,10,37,0,47,92,0,92,139
08/12/2002,MWA,IL,AGL,CE,Federal Contract Tower,0,12,5,0,17,0,0,38,0,38,0,12,43,0,55,118,0,118,173
08/13/2002,MWA,IL,AGL,CE,Federal Contract Tower,0,11,0,0,11,0,1,7,0,8,0,12,7,0,19,22,0,22,41
08/14/2002,MWA,IL,AGL,CE,Federal Contract Tower,0,12,5,0,17,0,0,13,0,13,0,12,18,0,30,56,0,56,86
08/15/2002,MWA,IL,AGL,CE,Federal Contract Tower,0,9,3,0,12,0,4,22,0,26,0,13,25,0,38,24,0,24,62
08/16/2002,MWA,IL,AGL,CE,Federal Contract Tower,0,10,5,0,15,0,4,28,0,32,0,14,33,0,47,42,0,42,89
08/17/2002,MWA,IL,AGL,CE,Federal Contract Tower,0,10,5,0,15,0,0,28,0,28,0,10,33,0,43,66,0,66,109
08/18/2002,MWA,IL,AGL,CE,Federal Contract Tower,0,10,2,0,12,0,2,27,0,29,0,12,29,0,41,18,0,18,59
08/19/2002,MWA,IL,AGL,CE,Federal Contract Tower,0,11,7,0,18,0,1,9,0,10,0,12,16,0,28,18,0,18,46
08/20/2002,MWA,IL,AGL,CE,Federal Contract Tower,0,15,3,0,18,0,4,46,0,50,0,19,49,0,68,66,0,66,134
08/21/2002,MWA,IL,AGL,CE,Federal Contract Tower,0,12,7,0,19,0,4,35,0,39,0,16,42,0,58,42,0,42,100
08/22/2002,MWA,IL,AGL,CE,Federal Contract Tower,0,12,7,0,19,0,5,41,0,46,0,17,48,0,65,68,0,68,133
08/23/2002,MWA,IL,AGL,CE,Federal Contract Tower,0,11,3,0,14,0,3,43,0,46,0,14,46,0,60,92,0,92,152
08/24/2002,MWA,IL,AGL,CE,Federal Contract Tower,0,8,1,0,9,0,2,63,0,65,0,10,64,0,74,84,0,84,158
08/25/2002,MWA,IL,AGL,CE,Federal Contract Tower,0,11,2,0,13,0,1,25,0,26,0,12,27,0,39,52,0,52,91
08/26/2002,MWA,IL,AGL,CE,Federal Contract Tower,0,11,4,0,15,0,2,47,0,49,0,13,51,0,64,154,0,154,218
08/27/2002,MWA,IL,AGL,CE,Federal Contract Tower,0,12,7,0,19,0,6,27,0,33,0,18,34,0,52,82,0,82,134
08/28/2002,MWA,IL,AGL,CE,Federal Contract Tower,0,13,4,0,17,0,4,58,0,62,0,17,62,0,79,94,0,94,173
08/29/2002,MWA,IL,AGL,CE,Federal Contract Tower,0,20,2,0,22,0,4,36,0,40,0,24,38,0,62,64,0,64,126
08/30/2002,MWA,IL,AGL,CE,Federal Contract Tower,0,13,11,0,24,0,0,53,0,53,0,13,64,0,77,108,0,108,185
08/31/2002,MWA,IL,AGL,CE,Federal Contract Tower,0,7,7,0,14,0,2,52,0,54,0,9,59,0,68,108,0,108,176
09/01/2002,MWA,IL,AGL,CE,Federal Contract Tower,0,7,2,0,9,0,1,36,0,37,0,8,38,0,46,8,0,8,54
09/02/2002,MWA,IL,AGL,CE,Federal Contract Tower,0,7,1,0,8,0,3,35,0,38,0,10,36,0,46,34,0,34,80
09/03/2002,MWA,IL,AGL,CE,Federal Contract Tower,0,9,2,0,11,0,4,66,2,72,0,13,68,2,83,98,0,98,181
09/04/2002,MWA,IL,AGL,CE,Federal Contract Tower,0,17,5,0,22,0,4,52,0,56,0,21,57,0,78,84,0,84,162
09/05/2002,MWA,IL,AGL,CE,Federal Contract Tower,0,12,2,0,14,0,0,102,0,102,0,12,104,0,116,122,0,122,238
09/06/2002,MWA,IL,AGL,CE,Federal Contract Tower,0,11,3,0,14,0,2,120,1,123,0,13,123,1,137,208,8,216,353
09/07/2002,MWA,IL,AGL,CE,Federal Contract Tower,0,6,0,0,6,0,1,104,0,105,0,7,104,0,111,76,0,76,187
09/08/2002,MWA,IL,AGL,CE,Federal Contract Tower,0,6,1,0,7,0,6,67,9,82,0,12,68,9,89,72,12,84,173
09/09/2002,MWA,IL,AGL,CE,Federal Contract Tower,0,14,4,0,18,0,5,55,2,62,0,19,59,2,80,68,2,70,150
09/10/2002,MWA,IL,AGL,CE,Federal Contract Tower,0,8,4,0,12,0,1,14,0,15,0,9,18,0,27,74,0,74,101
09/11/2002,MWA,IL,AGL,CE,Federal Contract Tower,0,11,4,0,15,0,1,84,0,85,0,12,88,0,100,194,0,194,294
09/12/2002,MWA,IL,AGL,CE,Federal Contract Tower,0,13,4,0,17,0,2,60,0,62,0,15,64,0,79,136,0,136,215
09/13/2002,MWA,IL,AGL,CE,Federal Contract Tower,0,9,8,0,17,0,2,76,0,78,0,11,84,0,95,132,0,132,227
09/14/2002,MWA,IL,AGL,CE,Federal Contract Tower,0,9,1,0,10,0,6,33,0,39,0,15,34,0,49,54,0,54,103
09/15/2002,MWA,IL,AGL,CE,Federal Contract Tower,0,9,0,0,9,0,2,28,0,30,0,11,28,0,39,26,0,26,65
09/16/2002,MWA,IL,AGL,CE,Federal Contract Tower,0,18,8,0,26,0,0,57,0,57,0,18,65,0,83,118,0,118,201
09/17/2002,MWA,IL,AGL,CE,Federal Contract Tower,0,25,0,0,25,0,0,12,0,12,0,25,12,0,37,46,0,46,83
09/18/2002,MWA,IL,AGL,CE,Federal Contract Tower,0,18,11,0,29,0,1,15,0,16,0,19,26,0,45,20,0,20,65
09/19/2002,MWA,IL,AGL,CE,Federal Contract Tower,0,14,3,0,17,0,2,5,0,7,0,16,8,0,24,0,0,0,24
09/20/2002,MWA,IL,AGL,CE,Federal Contract Tower,0,13,12,0,25,0,0,0,0,0,0,13,12,0,25,10,0,10,35
09/21/2002,MWA,IL,AGL,CE,Federal Contract Tower,0,8,3,0,11,0,7,46,0,53,0,15,49,0,64,154,0,154,218
09/22/2002,MWA,IL,AGL,CE,Federal Contract Tower,0,11,6,0,17,0,1,47,0,48,0,12,53,0,65,48,0,48,113
09/23/2002,MWA,IL,AGL,CE,Federal Contract Tower,0,12,0,0,12,0,3,86,0,89,0,15,86,0,101,156,0,156,257
09/24/2002,MWA,IL,AGL,CE,Federal Contract Tower,0,15,0,0,15,0,3,89,0,92,0,18,89,0,107,214,0,214,321
09/25/2002,MWA,IL,AGL,CE,Federal Contract Tower,0,16,2,0,18,0,2,75,0,77,0,18,77,0,95,212,0,212,307
09/26/2002,MWA,IL,AGL,CE,Federal Contract Tower,0,17,5,0,22,0,3,24,0,27,0,20,29,0,49,42,0,42,91
09/27/2002,MWA,IL,AGL,CE,Federal Contract Tower,2,15,15,0,32,0,9,47,0,56,2,24,62,0,88,178,0,178,266
09/28/2002,MWA,IL,AGL,CE,Federal Contract Tower,0,12,3,0,15,0,2,73,0,75,0,14,76,0,90,156,0,156,246
09/29/2002,MWA,IL,AGL,CE,Federal Contract Tower,0,11,4,0,15,0,1,87,0,88,0,12,91,0,103,142,0,142,245
09/30/2002,MWA,IL,AGL,CE,Federal Contract Tower,0,10,2,0,12,0,5,64,0,69,0,15,66,0,81,178,0,178,259
10/01/2002,MWA,IL,AGL,CE,Federal Contract Tower,0,16,0,0,16,0,0,58,0,58,0,16,58,0,74,108,0,108,182
10/02/2002,MWA,IL,AGL,CE,Federal Contract Tower,0,23,9,0,32,0,6,65,0,71,0,29,74,0,103,84,0,84,187
10/03/2002,MWA,IL,AGL,CE,Federal Contract Tower,0,15,0,0,15,0,3,61,0,64,0,18,61,0,79,136,0,136,215
10/04/2002,MWA,IL,AGL,CE,Federal Contract Tower,0,12,2,0,14,0,0,32,0,32,0,12,34,0,46,58,0,58,104
10/05/2002,MWA,IL,AGL,CE,Federal Contract Tower,0,9,0,0,9,0,2,77,0,79,0,11,77,0,88,124,0,124,212
10/06/2002,MWA,IL,AGL,CE,Federal Contract Tower,0,11,1,0,12,0,0,15,0,15,0,11,16,0,27,8,0,8,35
10/07/2002,MWA,IL,AGL,CE,Federal Contract Tower,0,14,3,0,17,0,1,77,0,78,0,15,80,0,95,176,0,176,271
10/08/2002,MWA,IL,AGL,CE,Federal Contract Tower,0,11,4,0,15,0,6,52,0,58,0,17,56,0,73,148,0,148,221
10/09/2002,MWA,IL,AGL,CE,Federal Contract Tower,0,11,7,0,18,0,11,96,0,107,0,22,103,0,125,164,0,164,289
10/10/2002,MWA,IL,AGL,CE,Federal Contract Tower,0,10,11,1,22,0,0,16,0,16,0,10,27,1,38,42,0,42,80
10/11/2002,MWA,IL,AGL,CE,Federal Contract Tower,0,19,7,0,26,0,0,9,0,9,0,19,16,0,35,18,0,18,53
10/12/2002,MWA,IL,AGL,CE,Federal Contract Tower,3,12,3,1,19,0,4,58,0,62,3,16,61,1,81,108,0,108,189
10/13/2002,MWA,IL,AGL,CE,Federal Contract Tower,0,8,7,0,15,0,0,36,0,36,0,8,43,0,51,58,0,58,109
10/14/2002,MWA,IL,AGL,CE,Federal Contract Tower,0,12,8,0,20,0,5,73,0,78,0,17,81,0,98,188,0,188,286
10/15/2002,MWA,IL,AGL,CE,Federal Contract Tower,0,10,5,0,15,0,4,59,0,63,0,14,64,0,78,156,0,156,234
10/16/2002,MWA,IL,AGL,CE,Federal Contract Tower,0,17,0,0,17,0,1,84,0,85,0,18,84,0,102,184,0,184,286
10/17/2002,MWA,IL,AGL,CE,Federal Contract Tower,0,17,0,0,17,0,1,76,0,77,0,18,76,0,94,158,0,158,252
10/18/2002,MWA,IL,AGL,CE,Federal Contract Tower,0,20,2,0,22,0,5,64,0,69,0,25,66,0,91,92,0,92,183
10/19/2002,MWA,IL,AGL,CE,Federal Contract Tower,0,16,4,0,20,0,5,7,0,12,0,21,11,0,32,4,0,4,36
10/20/2002,MWA,IL,AGL,CE,Federal Contract Tower,0,7,4,0,11,0,0,84,0,84,0,7,88,0,95,142,0,142,237
10/21/2002,MWA,IL,AGL,CE,Federal Contract Tower,0,10,1,0,11,0,5,51,0,56,0,15,52,0,67,194,0,194,261
10/22/2002,MWA,IL,AGL,CE,Federal Contract Tower,0,13,1,0,14,0,1,60,0,61,0,14,61,0,75,188,0,188,263
10/23/2002,MWA,IL,AGL,CE,Federal Contract Tower,0,17,0,0,17,0,1,53,0,54,0,18,53,0,71,144,4,148,219
10/24/2002,MWA,IL,AGL,CE,Federal Contract Tower,0,12,7,0,19,0,7,25,0,32,0,19,32,0,51,104,0,104,155
10/25/2002,MWA,IL,AGL,CE,Federal Contract Tower,0,12,4,0,16,0,5,0,0,5,0,17,4,0,21,10,0,10,31
10/26/2002,MWA,IL,AGL,CE,Federal Contract Tower,0,5,7,0,12,0,0,10,0,10,0,5,17,0,22,24,0,24,46
10/27/2002,MWA,IL,AGL,CE,Federal Contract Tower,0,10,4,0,14,0,5,34,0,39,0,15,38,0,53,56,0,56,109
10/28/2002,MWA,IL,AGL,CE,Federal Contract Tower,0,10,6,0,16,0,4,10,0,14,0,14,16,0,30,34,0,34,64
10/29/2002,MWA,IL,AGL,CE,Federal Contract Tower,0,11,11,0,22,0,2,0,0,2,0,13,11,0,24,0,0,0,24
10/30/2002,MWA,IL,AGL,CE,Federal Contract Tower,0,11,15,0,26,0,5,10,0,15,0,16,25,0,41,34,0,34,75
10/31/2002,MWA,IL,AGL,CE,Federal Contract Tower,0,15,4,0,19,0,0,22,0,22,0,15,26,0,41,76,0,76,117
11/01/2002,MWA,IL,AGL,CE,Federal Contract Tower,2,13,5,0,20,0,5,59,0,64,2,18,64,0,84,122,0,122,206
11/02/2002,MWA,IL,AGL,CE,Federal Contract Tower,0,6,0,0,6,0,4,71,0,75,0,10,71,0,81,72,0,72,153
11/03/2002,MWA,IL,AGL,CE,Federal Contract Tower,0,8,3,0,11,0,0,0,0,0,0,8,3,0,11,0,0,0,11
11/04/2002,MWA,IL,AGL,CE,Federal Contract Tower,0,23,11,0,34,0,6,47,0,53,0,29,58,0,87,96,0,96,183
11/05/2002,MWA,IL,AGL,CE,Federal Contract Tower,0,11,3,0,14,0,0,3,0,3,0,11,6,0,17,0,0,0,17
11/06/2002,MWA,IL,AGL,CE,Federal Contract Tower,1,19,5,0,25,0,5,34,0,39,1,24,39,0,64,84,0,84,148
11/07/2002,MWA,IL,AGL,CE,Federal Contract Tower,0,27,6,2,35,0,8,99,0,107,0,35,105,2,142,152,0,152,294
11/08/2002,MWA,IL,AGL,CE,Federal Contract Tower,0,12,3,0,15,0,6,50,0,56,0,18,53,0,71,64,0,64,135
11/09/2002,MWA,IL,AGL,CE,Federal Contract Tower,0,8,0,0,8,0,0,15,0,15,0,8,15,0,23,18,0,18,41
11/10/2002,MWA,IL,AGL,CE,Federal Contract Tower,0,7,0,0,7,0,0,3,0,3,0,7,3,0,10,12,0,12,22
11/11/2002,MWA,IL,AGL,CE,Federal Contract Tower,0,13,1,0,14,0,0,71,0,71,0,13,72,0,85,156,0,156,241
11/12/2002,MWA,IL,AGL,CE,Federal Contract Tower,0,13,2,0,15,0,0,32,0,32,0,13,34,0,47,166,0,166,213
11/13/2002,MWA,IL,AGL,CE,Federal Contract Tower,0,14,2,0,16,0,5,71,0,76,0,19,73,0,92,148,0,148,240
11/14/2002,MWA,IL,AGL,CE,Federal Contract Tower,0,19,3,0,22,0,5,53,0,58,0,24,56,0,80,124,0,124,204
11/15/2002,MWA,IL,AGL,CE,Federal Contract Tower,0,10,8,0,18,0,0,0,0,0,0,10,8,0,18,2,0,2,20
11/16/2002,MWA,IL,AGL,CE,Federal Contract Tower,0,14,6,0,20,0,10,87,0,97,0,24,93,0,117,136,0,136,253
11/17/2002,MWA,IL,AGL,CE,Federal Contract Tower,0,9,1,0,10,0,0,47,0,47,0,9,48,0,57,92,0,92,149
11/18/2002,MWA,IL,AGL,CE,Federal Contract Tower,0,12,0,0,12,0,2,49,0,51,0,14,49,0,63,90,0,90,153
11/19/2002,MWA,IL,AGL,CE,Federal Contract Tower,0,10,2,0,12,0,5,63,0,68,0,15,65,0,80,112,0,112,192
11/20/2002,MWA,IL,AGL,CE,Federal Contract Tower,0,18,6,0,24,0,8,58,0,66,0,26,64,0,90,154,0,154,244
11/21/2002,MWA,IL,AGL,CE,Federal Contract Tower,0,13,5,0,18,0,0,42,0,42,0,13,47,0,60,98,0,98,158
11/22/2002,MWA,IL,AGL,CE,Federal Contract Tower,0,14,4,0,18,0,0,57,0,57,0,14,61,0,75,104,0,104,179
11/23/2002,MWA,IL,AGL,CE,Federal Contract Tower,0,5,6,0,11,0,0,88,0,88,0,5,94,0,99,118,0,118,217
11/24/2002,MWA,IL,AGL,CE,Federal Contract Tower,0,9,6,0,15,0,0,60,0,60,0,9,66,0,75,70,0,70,145
11/25/2002,MWA,IL,AGL,CE,Federal Contract Tower,0,6,5,0,11,0,8,39,0,47,0,14,44,0,58,66,0,66,124
11/26/2002,MWA,IL,AGL,CE,Federal Contract Tower,0,14,2,0,16,0,7,67,0,74,0,21,69,0,90,158,0,158,248
11/27/2002,MWA,IL,AGL,CE,Federal Contract Tower,0,14,10,0,24,0,5,37,0,42,0,19,47,0,66,110,0,110,176
11/28/2002,MWA,IL,AGL,CE,Federal Contract Tower,0,4,2,0,6,0,0,7,0,7,0,4,9,0,13,4,0,4,17
11/29/2002,MWA,IL,AGL,CE,Federal Contract Tower,0,7,0,0,7,0,0,20,0,20,0,7,20,0,27,28,0,28,55
11/30/2002,MWA,IL,AGL,CE,Federal Contract Tower,0,10,3,0,13,0,1,12,0,13,0,11,15,0,26,0,0,0,26
12/01/2002,MWA,IL,AGL,CE,Federal Contract Tower,0,6,6,0,12,0,6,48,0,54,0,12,54,0,66,22,0,22,88
12/02/2002,MWA,IL,AGL,CE,Federal Contract Tower,0,13,3,0,16,0,10,43,0,53,0,23,46,0,69,116,0,116,185
12/03/2002,MWA,IL,AGL,CE,Federal Contract Tower,0,13,1,0,14,0,6,56,0,62,0,19,57,0,76,128,0,128,204
12/04/2002,MWA,IL,AGL,CE,Federal Contract Tower,0,10,0,0,10,0,1,0,0,1,0,11,0,0,11,0,0,0,11
12/05/2002,MWA,IL,AGL,CE,Federal Contract Tower,0,11,3,0,14,0,6,20,0,26,0,17,23,0,40,4,4,8,48
12/06/2002,MWA,IL,AGL,CE,Federal Contract Tower,0,11,1,0,12,0,2,43,0,45,0,13,44,0,57,76,0,76,133
12/07/2002,MWA,IL,AGL,CE,Federal Contract Tower,0,7,0,0,7,0,3,51,0,54,0,10,51,0,61,212,0,212,273
12/08/2002,MWA,IL,AGL,CE,Federal Contract Tower,0,13,0,0,13,0,1,44,0,45,0,14,44,0,58,198,0,198,256
12/09/2002,MWA,IL,AGL,CE,Federal Contract Tower,0,11,5,0,16,0,0,73,0,73,0,11,78,0,89,166,0,166,255
12/10/2002,MWA,IL,AGL,CE,Federal Contract Tower,0,17,1,0,18,0,0,43,0,43,0,17,44,0,61,132,0,132,193
12/11/2002,MWA,IL,AGL,CE,Federal Contract Tower,0,16,3,0,19,0,0,56,0,56,0,16,59,0,75,182,0,182,257
12/12/2002,MWA,IL,AGL,CE,Federal Contract Tower,0,12,3,0,15,0,2,33,0,35,0,14,36,0,50,104,0,104,154
12/13/2002,MWA,IL,AGL,CE,Federal Contract Tower,0,6,3,0,9,0,0,0,0,0,0,6,3,0,9,0,0,0,9
12/14/2002,MWA,IL,AGL,CE,Federal Contract Tower,0,9,1,0,10,0,4,52,0,56,0,13,53,0,66,82,0,82,148
12/15/2002,MWA,IL,AGL,CE,Federal Contract Tower,0,8,1,0,9,0,0,83,0,83,0,8,84,0,92,124,0,124,216
12/16/2002,MWA,IL,AGL,CE,Federal Contract Tower,0,8,0,0,8,0,0,3,0,3,0,8,3,0,11,0,0,0,11
12/17/2002,MWA,IL,AGL,CE,Federal Contract Tower,0,5,10,0,15,0,3,3,0,6,0,8,13,0,21,6,0,6,27
12/18/2002,MWA,IL,AGL,CE,Federal Contract Tower,0,10,0,0,10,0,0,0,0,0,0,10,0,0,10,0,0,0,10
12/19/2002,MWA,IL,AGL,CE,Federal Contract Tower,0,10,8,0,18,0,0,2,0,2,0,10,10,0,20,2,0,2,22
12/20/2002,MWA,IL,AGL,CE,Federal Contract Tower,0,17,4,0,21,0,6,68,0,74,0,23,72,0,95,88,0,88,183
12/21/2002,MWA,IL,AGL,CE,Federal Contract Tower,0,12,0,0,12,0,0,74,0,74,0,12,74,0,86,116,0,116,202
12/22/2002,MWA,IL,AGL,CE,Federal Contract Tower,0,8,0,0,8,0,0,43,0,43,0,8,43,0,51,52,0,52,103
12/23/2002,MWA,IL,AGL,CE,Federal Contract Tower,0,8,2,0,10,0,0,23,0,23,0,8,25,0,33,40,0,40,73
12/24/2002,MWA,IL,AGL,CE,Federal Contract Tower,0,2,0,0,2,0,3,1,0,4,0,5,1,0,6,0,0,0,6
12/25/2002,MWA,IL,AGL,CE,Federal Contract Tower,0,8,1,0,9,0,0,17,0,17,0,8,18,0,26,0,0,0,26
12/26/2002,MWA,IL,AGL,CE,Federal Contract Tower,0,14,11,0,25,0,4,36,0,40,0,18,47,0,65,12,0,12,77
12/27/2002,MWA,IL,AGL,CE,Federal Contract Tower,0,15,3,0,18,0,2,22,0,24,0,17,25,0,42,34,0,34,76
12/28/2002,MWA,IL,AGL,CE,Federal Contract Tower,0,5,3,0,8,0,0,45,0,45,0,5,48,0,53,118,0,118,171
12/29/2002,MWA,IL,AGL,CE,Federal Contract Tower,0,7,1,0,8,0,4,43,0,47,0,11,44,0,55,62,0,62,117
12/30/2002,MWA,IL,AGL,CE,Federal Contract Tower,0,11,0,0,11,0,0,6,0,6,0,11,6,0,17,0,0,0,17
12/31/2002,MWA,IL,AGL,CE,Federal Contract Tower,0,4,1,0,5,0,0,0,0,0,0,4,1,0,5,0,0,0,5
01/01/2003,MWA,IL,AGL,CE,Federal Contract Tower,0,6,0,0,6,0,0,2,0,2,0,6,2,0,8,0,0,0,8
01/02/2003,MWA,IL,AGL,CE,Federal Contract Tower,0,7,2,0,9,0,0,1,0,1,0,7,3,0,10,0,0,0,10
01/03/2003,MWA,IL,AGL,CE,Federal Contract Tower,0,8,7,0,15,0,2,5,0,7,0,10,12,0,22,36,0,36,58
01/04/2003,MWA,IL,AGL,CE,Federal Contract Tower,0,7,8,0,15,0,1,39,0,40,0,8,47,0,55,90,0,90,145
01/05/2003,MWA,IL,AGL,CE,Federal Contract Tower,0,6,6,0,12,0,4,0,0,4,0,10,6,0,16,8,0,8,24
01/06/2003,MWA,IL,AGL,CE,Federal Contract Tower,0,9,6,0,15,0,5,35,0,40,0,14,41,0,55,52,0,52,107
01/07/2003,MWA,IL,AGL,CE,Federal Contract Tower,0,15,4,0,19,0,6,54,0,60,0,21,58,0,79,98,0,98,177
01/08/2003,MWA,IL,AGL,CE,Federal Contract Tower,0,7,5,0,12,0,1,51,0,52,0,8,56,0,64,102,0,102,166
01/09/2003,MWA,IL,AGL,CE,Federal Contract Tower,0,11,3,0,14,0,1,61,0,62,0,12,64,0,76,174,0,174,250
01/10/2003,MWA,IL,AGL,CE,Federal Contract Tower,0,11,4,0,15,0,0,22,0,22,0,11,26,0,37,48,0,48,85
01/11/2003,MWA,IL,AGL,CE,Federal Contract Tower,0,6,2,0,8,0,1,38,0,39,0,7,40,0,47,68,0,68,115
01/12/2003,MWA,IL,AGL,CE,Federal Contract Tower,0,0,0,0,0,0,12,35,0,47,0,12,35,0,47,44,0,44,91
01/13/2003,MWA,IL,AGL,CE,Federal Contract Tower,0,8,4,0,12,0,5,62,0,67,0,13,66,0,79,86,0,86,165
01/14/2003,MWA,IL,AGL,CE,Federal Contract Tower,0,9,3,0,12,0,3,43,0,46,0,12,46,0,58,142,0,142,200
01/15/2003,MWA,IL,AGL,CE,Federal Contract Tower,0,10,3,0,13,0,2,81,0,83,0,12,84,0,96,166,0,166,262
01/16/2003,MWA,IL,AGL,CE,Federal Contract Tower,0,6,2,0,8,0,0,2,0,2,0,6,4,0,10,10,0,10,20
01/17/2003,MWA,IL,AGL,CE,Federal Contract Tower,0,12,0,0,12,0,0,30,0,30,0,12,30,0,42,36,0,36,78
01/18/2003,MWA,IL,AGL,CE,Federal Contract Tower,0,6,0,0,6,0,0,3,0,3,0,6,3,0,9,10,0,10,19
01/19/2003,MWA,IL,AGL,CE,Federal Contract Tower,0,7,5,0,12,0,3,40,0,43,0,10,45,0,55,114,0,114,169
01/20/2003,MWA,IL,AGL,CE,Federal Contract Tower,0,8,2,0,10,0,2,59,0,61,0,10,61,0,71,192,0,192,263
01/21/2003,MWA,IL,AGL,CE,Federal Contract Tower,0,19,0,0,19,0,4,72,0,76,0,23,72,0,95,186,0,186,281
01/22/2003,MWA,IL,AGL,CE,Federal Contract Tower,0,16,1,0,17,0,0,22,0,22,0,16,23,0,39,32,0,32,71
01/23/2003,MWA,IL,AGL,CE,Federal Contract Tower,0,12,0,0,12,0,1,14,2,17,0,13,14,2,29,14,0,14,43
01/24/2003,MWA,IL,AGL,CE,Federal Contract Tower,0,8,5,0,13,0,3,33,0,36,0,11,38,0,49,76,0,76,125
01/25/2003,MWA,IL,AGL,CE,Federal Contract Tower,0,5,3,0,8,0,3,44,0,47,0,8,47,0,55,64,0,64,119
01/26/2003,MWA,IL,AGL,CE,Federal Contract Tower,0,5,1,0,6,0,0,42,0,42,0,5,43,0,48,86,0,86,134
01/27/2003,MWA,IL,AGL,CE,Federal Contract Tower,0,11,3,0,14,0,1,83,0,84,0,12,86,0,98,142,0,142,240
01/28/2003,MWA,IL,AGL,CE,Federal Contract Tower,0,8,2,0,10,0,2,39,0,41,0,10,41,0,51,102,0,102,153
01/29/2003,MWA,IL,AGL,CE,Federal Contract Tower,0,19,3,0,22,0,0,5,0,5,0,19,8,0,27,12,0,12,39
01/30/2003,MWA,IL,AGL,CE,Federal Contract Tower,0,12,3,0,15,0,5,79,0,84,0,17,82,0,99,164,0,164,263
01/31/2003,MWA,IL,AGL,CE,Federal Contract Tower,0,8,2,0,10,0,0,0,0,0,0,8,2,0,10,0,0,0,10
02/01/2003,MWA,IL,AGL,CE,Federal Contract Tower,0,7,2,0,9,0,2,70,0,72,0,9,72,0,81,144,0,144,225
02/02/2003,MWA,IL,AGL,CE,Federal Contract Tower,0,8,0,0,8,0,3,82,4,89,0,11,82,4,97,196,0,196,293
02/03/2003,MWA,IL,AGL,CE,Federal Contract Tower,0,10,2,0,12,0,0,12,0,12,0,10,14,0,24,0,0,0,24
02/04/2003,MWA,IL,AGL,CE,Federal Contract Tower,0,17,0,0,17,0,0,55,0,55,0,17,55,0,72,148,0,148,220
02/05/2003,MWA,IL,AGL,CE,Federal Contract Tower,0,8,6,0,14,0,3,48,0,51,0,11,54,0,65,102,0,102,167
02/06/2003,MWA,IL,AGL,CE,Federal Contract Tower,0,12,0,0,12,0,0,0,0,0,0,12,0,0,12,0,0,0,12
02/07/2003,MWA,IL,AGL,CE,Federal Contract Tower,0,11,3,0,14,0,2,49,0,51,0,13,52,0,65,88,0,88,153
02/08/2003,MWA,IL,AGL,CE,Federal Contract Tower,0,7,2,0,9,0,4,46,0,50,0,11,48,0,59,76,0,76,135
02/09/2003,MWA,IL,AGL,CE,Federal Contract Tower,0,6,1,0,7,0,1,11,0,12,0,7,12,0,19,20,0,20,39
02/10/2003,MWA,IL,AGL,CE,Federal Contract Tower,0,17,3,2,22,0,0,32,0,32,0,17,35,2,54,164,0,164,218
02/11/2003,MWA,IL,AGL,CE,Federal Contract Tower,0,16,7,0,23,0,7,50,0,57,0,23,57,0,80,118,0,118,198
02/12/2003,MWA,IL,AGL,CE,Federal Contract Tower,0,12,3,0,15,0,6,67,0,73,0,18,70,0,88,134,0,134,222
02/13/2003,MWA,IL,AGL,CE,Federal Contract Tower,0,17,5,0,22,0,3,90,2,95,0,20,95,2,117,244,0,244,361
02/14/2003,MWA,IL,AGL,CE,Federal Contract Tower,0,13,2,0,15,0,0,0,0,0,0,13,2,0,15,0,0,0,15
02/15/2003,MWA,IL,AGL,CE,Federal Contract Tower,0,2,1,0,3,0,0,0,0,0,0,2,1,0,3,0,0,0,3
02/16/2003,MWA,IL,AGL,CE,Federal Contract Tower,0,0,0,0,0,0,0,0,0,0,0,0,0,0,0,0,0,0,0
02/17/2003,MWA,IL,AGL,CE,Federal Contract Tower,0,12,4,0,16,0,4,23,2,29,0,16,27,2,45,0,0,0,45
02/18/2003,MWA,IL,AGL,CE,Federal Contract Tower,0,9,6,0,15,0,6,45,0,51,0,15,51,0,66,112,0,112,178
02/19/2003,MWA,IL,AGL,CE,Federal Contract Tower,0,13,5,0,18,0,0,0,0,0,0,13,5,0,18,0,0,0,18
02/20/2003,MWA,IL,AGL,CE,Federal Contract Tower,0,15,4,0,19,0,1,57,0,58,0,16,61,0,77,168,0,168,245
02/21/2003,MWA,IL,AGL,CE,Federal Contract Tower,0,12,4,0,16,0,0,0,0,0,0,12,4,0,16,0,0,0,16
02/22/2003,MWA,IL,AGL,CE,Federal Contract Tower,0,5,0,0,5,0,0,0,0,0,0,5,0,0,5,0,0,0,5
02/23/2003,MWA,IL,AGL,CE,Federal Contract Tower,0,6,2,0,8,0,2,30,0,32,0,8,32,0,40,72,0,72,112
02/24/2003,MWA,IL,AGL,CE,Federal Contract Tower,0,8,3,0,11,0,6,44,0,50,0,14,47,0,61,76,0,76,137
02/25/2003,MWA,IL,AGL,CE,Federal Contract Tower,0,8,3,0,11,0,1,78,0,79,0,9,81,0,90,128,0,128,218
02/26/2003,MWA,IL,AGL,CE,Federal Contract Tower,0,13,0,0,13,0,0,24,0,24,0,13,24,0,37,64,0,64,101
02/27/2003,MWA,IL,AGL,CE,Federal Contract Tower,0,9,0,0,9,0,1,2,0,3,0,10,2,0,12,0,0,0,12
02/28/2003,MWA,IL,AGL,CE,Federal Contract Tower,0,18,1,0,19,0,0,10,0,10,0,18,11,0,29,54,0,54,83
03/01/2003,MWA,IL,AGL,CE,Federal Contract Tower,0,7,4,0,11,0,3,28,0,31,0,10,32,0,42,64,0,64,106
03/02/2003,MWA,IL,AGL,CE,Federal Contract Tower,0,10,5,0,15,0,3,50,0,53,0,13,55,0,68,78,0,78,146
03/03/2003,MWA,IL,AGL,CE,Federal Contract Tower,0,10,4,0,14,0,0,69,0,69,0,10,73,0,83,188,0,188,271
03/04/2003,MWA,IL,AGL,CE,Federal Contract Tower,0,9,1,0,10,0,0,51,0,51,0,9,52,0,61,146,0,146,207
03/05/2003,MWA,IL,AGL,CE,Federal Contract Tower,0,15,1,0,16,0,0,2,0,2,0,15,3,0,18,2,0,2,20
03/06/2003,MWA,IL,AGL,CE,Federal Contract Tower,0,14,1,0,15,0,0,38,0,38,0,14,39,0,53,112,0,112,165
03/07/2003,MWA,IL,AGL,CE,Federal Contract Tower,0,12,5,0,17,0,5,61,0,66,0,17,66,0,83,162,0,162,245
03/08/2003,MWA,IL,AGL,CE,Federal Contract Tower,0,6,3,0,9,0,5,34,0,39,0,11,37,0,48,34,0,34,82
03/09/2003,MWA,IL,AGL,CE,Federal Contract Tower,0,5,1,0,6,0,0,19,0,19,0,5,20,0,25,12,0,12,37
03/10/2003,MWA,IL,AGL,CE,Federal Contract Tower,0,8,1,0,9,0,3,31,0,34,0,11,32,0,43,84,0,84,127
03/11/2003,MWA,IL,AGL,CE,Federal Contract Tower,0,10,1,0,11,0,0,42,0,42,0,10,43,0,53,112,0,112,165
03/12/2003,MWA,IL,AGL,CE,Federal Contract Tower,0,15,0,0,15,0,4,25,0,29,0,19,25,0,44,28,0,28,72
03/13/2003,MWA,IL,AGL,CE,Federal Contract Tower,0,14,8,0,22,0,8,45,0,53,0,22,53,0,75,62,0,62,137
03/14/2003,MWA,IL,AGL,CE,Federal Contract Tower,0,10,6,0,16,0,3,16,0,19,0,13,22,0,35,10,0,10,45
03/15/2003,MWA,IL,AGL,CE,Federal Contract Tower,0,13,1,1,15,0,0,58,0,58,0,13,59,1,73,78,0,78,151
03/16/2003,MWA,IL,AGL,CE,Federal Contract Tower,0,9,3,0,12,0,2,54,0,56,0,11,57,0,68,124,0,124,192
03/17/2003,MWA,IL,AGL,CE,Federal Contract Tower,0,16,5,0,21,0,0,28,0,28,0,16,33,0,49,134,0,134,183
03/18/2003,MWA,IL,AGL,CE,Federal Contract Tower,0,13,3,0,16,0,0,0,0,0,0,13,3,0,16,0,0,0,16
03/19/2003,MWA,IL,AGL,CE,Federal Contract Tower,0,7,8,0,15,0,7,33,0,40,0,14,41,0,55,46,0,46,101
03/20/2003,MWA,IL,AGL,CE,Federal Contract Tower,0,10,4,0,14,0,1,51,0,52,0,11,55,0,66,122,0,122,188
03/21/2003,MWA,IL,AGL,CE,Federal Contract Tower,0,15,8,0,23,0,1,55,0,56,0,16,63,0,79,112,0,112,191
03/22/2003,MWA,IL,AGL,CE,Federal Contract Tower,0,9,2,0,11,0,4,85,4,93,0,13,87,4,104,166,0,166,270
03/23/2003,MWA,IL,AGL,CE,Federal Contract Tower,0,8,1,0,9,0,0,56,0,56,0,8,57,0,65,74,0,74,139
03/24/2003,MWA,IL,AGL,CE,Federal Contract Tower,0,11,2,0,13,0,3,38,0,41,0,14,40,0,54,114,0,114,168
03/25/2003,MWA,IL,AGL,CE,Federal Contract Tower,0,10,7,0,17,0,2,41,0,43,0,12,48,0,60,64,0,64,124
03/26/2003,MWA,IL,AGL,CE,Federal Contract Tower,0,10,7,0,17,0,0,60,0,60,0,10,67,0,77,156,0,156,233
03/27/2003,MWA,IL,AGL,CE,Federal Contract Tower,0,13,5,1,19,0,6,42,1,49,0,19,47,2,68,166,0,166,234
03/28/2003,MWA,IL,AGL,CE,Federal Contract Tower,0,8,3,0,11,0,0,5,0,5,0,8,8,0,16,10,0,10,26
03/29/2003,MWA,IL,AGL,CE,Federal Contract Tower,0,6,2,0,8,0,0,38,0,38,0,6,40,0,46,98,0,98,144
03/30/2003,MWA,IL,AGL,CE,Federal Contract Tower,0,6,3,0,9,0,1,30,0,31,0,7,33,0,40,70,0,70,110
03/31/2003,MWA,IL,AGL,CE,Federal Contract Tower,0,10,5,0,15,0,4,62,0,66,0,14,67,0,81,168,0,168,249
04/01/2003,MWA,IL,AGL,CE,Federal Contract Tower,0,15,1,0,16,0,6,52,0,58,0,21,53,0,74,76,0,76,150
04/02/2003,MWA,IL,AGL,CE,Federal Contract Tower,0,11,0,0,11,0,0,25,0,25,0,11,25,0,36,20,0,20,56
04/03/2003,MWA,IL,AGL,CE,Federal Contract Tower,0,18,0,0,18,0,0,28,0,28,0,18,28,0,46,48,0,48,94
04/04/2003,MWA,IL,AGL,CE,Federal Contract Tower,0,10,2,0,12,0,1,0,0,1,0,11,2,0,13,4,0,4,17
04/05/2003,MWA,IL,AGL,CE,Federal Contract Tower,0,9,2,0,11,0,1,34,0,35,0,10,36,0,46,86,0,86,132
04/06/2003,MWA,IL,AGL,CE,Federal Contract Tower,0,9,0,0,9,0,0,0,0,0,0,9,0,0,9,4,0,4,13
04/07/2003,MWA,IL,AGL,CE,Federal Contract Tower,0,10,13,0,23,0,0,39,2,41,0,10,52,2,64,128,0,128,192
04/08/2003,MWA,IL,AGL,CE,Federal Contract Tower,0,13,8,2,23,0,3,19,0,22,0,16,27,2,45,78,0,78,123
04/09/2003,MWA,IL,AGL,CE,Federal Contract Tower,0,10,12,0,22,0,3,35,0,38,0,13,47,0,60,62,0,62,122
04/10/2003,MWA,IL,AGL,CE,Federal Contract Tower,0,10,2,0,12,0,0,46,0,46,0,10,48,0,58,152,0,152,210
04/11/2003,MWA,IL,AGL,CE,Federal Contract Tower,0,10,3,0,13,0,5,51,0,56,0,15,54,0,69,190,0,190,259
04/12/2003,MWA,IL,AGL,CE,Federal Contract Tower,0,7,7,0,14,0,4,66,0,70,0,11,73,0,84,144,0,144,228
04/13/2003,MWA,IL,AGL,CE,Federal Contract Tower,0,6,0,1,7,0,3,61,1,65,0,9,61,2,72,102,0,102,174
04/14/2003,MWA,IL,AGL,CE,Federal Contract Tower,0,14,8,0,22,0,0,78,0,78,0,14,86,0,100,154,0,154,254
04/15/2003,MWA,IL,AGL,CE,Federal Contract Tower,0,12,2,0,14,0,4,60,0,64,0,16,62,0,78,124,0,124,202
04/16/2003,MWA,IL,AGL,CE,Federal Contract Tower,0,13,1,0,14,0,0,14,0,14,0,13,15,0,28,46,0,46,74
04/17/2003,MWA,IL,AGL,CE,Federal Contract Tower,0,22,4,0,26,0,0,4,0,4,0,22,8,0,30,28,0,28,58
04/18/2003,MWA,IL,AGL,CE,Federal Contract Tower,0,12,2,0,14,0,2,34,0,36,0,14,36,0,50,172,0,172,222
04/19/2003,MWA,IL,AGL,CE,Federal Contract Tower,0,6,1,0,7,0,2,30,0,32,0,8,31,0,39,148,0,148,187
04/20/2003,MWA,IL,AGL,CE,Federal Contract Tower,0,8,2,0,10,0,0,45,0,45,0,8,47,0,55,48,0,48,103
04/21/2003,MWA,IL,AGL,CE,Federal Contract Tower,0,21,5,0,26,0,1,71,0,72,0,22,76,0,98,244,0,244,342
04/22/2003,MWA,IL,AGL,CE,Federal Contract Tower,0,10,1,0,11,0,0,63,0,63,0,10,64,0,74,136,0,136,210
04/23/2003,MWA,IL,AGL,CE,Federal Contract Tower,0,13,2,0,15,0,0,79,0,79,0,13,81,0,94,158,0,158,252
04/24/2003,MWA,IL,AGL,CE,Federal Contract Tower,0,9,6,0,15,0,7,37,0,44,0,16,43,0,59,72,0,72,131
04/25/2003,MWA,IL,AGL,CE,Federal Contract Tower,0,12,7,0,19,0,3,21,0,24,0,15,28,0,43,24,0,24,67
04/26/2003,MWA,IL,AGL,CE,Federal Contract Tower,0,9,4,0,13,0,1,54,0,55,0,10,58,0,68,82,0,82,150
04/27/2003,MWA,IL,AGL,CE,Federal Contract Tower,0,4,8,0,12,0,1,53,0,54,0,5,61,0,66,116,0,116,182
04/28/2003,MWA,IL,AGL,CE,Federal Contract Tower,0,9,0,0,9,0,0,32,0,32,0,9,32,0,41,56,0,56,97
04/29/2003,MWA,IL,AGL,CE,Federal Contract Tower,0,16,0,0,16,0,0,29,0,29,0,16,29,0,45,104,0,104,149
04/30/2003,MWA,IL,AGL,CE,Federal Contract Tower,0,13,4,0,17,0,5,37,0,42,0,18,41,0,59,70,0,70,129
05/01/2003,MWA,IL,AGL,CE,Federal Contract Tower,0,16,4,0,20,0,4,38,0,42,0,20,42,0,62,48,0,48,110
05/02/2003,MWA,IL,AGL,CE,Federal Contract Tower,0,14,6,2,22,0,0,4,0,4,0,14,10,2,26,4,0,4,30
05/03/2003,MWA,IL,AGL,CE,Federal Contract Tower,0,6,3,0,9,0,3,85,0,88,0,9,88,0,97,144,0,144,241
05/04/2003,MWA,IL,AGL,CE,Federal Contract Tower,0,11,1,0,12,0,0,5,0,5,0,11,6,0,17,0,0,0,17
05/05/2003,MWA,IL,AGL,CE,Federal Contract Tower,0,5,1,0,6,0,2,36,0,38,0,7,37,0,44,168,0,168,212
05/06/2003,MWA,IL,AGL,CE,Federal Contract Tower,1,12,9,2,24,0,6,54,0,60,1,18,63,2,84,86,0,86,170
05/07/2003,MWA,IL,AGL,CE,Federal Contract Tower,0,12,11,0,23,0,3,37,0,40,0,15,48,0,63,42,0,42,105
05/08/2003,MWA,IL,AGL,CE,Federal Contract Tower,0,11,1,0,12,0,0,48,0,48,0,11,49,0,60,132,0,132,192
05/09/2003,MWA,IL,AGL,CE,Federal Contract Tower,0,11,2,0,13,0,0,55,0,55,0,11,57,0,68,144,0,144,212
05/10/2003,MWA,IL,AGL,CE,Federal Contract Tower,0,10,1,0,11,0,0,2,0,2,0,10,3,0,13,24,0,24,37
05/11/2003,MWA,IL,AGL,CE,Federal Contract Tower,0,5,1,0,6,0,1,17,0,18,0,6,18,0,24,14,0,14,38
05/12/2003,MWA,IL,AGL,CE,Federal Contract Tower,0,9,5,0,14,0,6,57,2,65,0,15,62,2,79,116,0,116,195
05/13/2003,MWA,IL,AGL,CE,Federal Contract Tower,0,13,0,0,13,0,4,68,0,72,0,17,68,0,85,168,0,168,253
05/14/2003,MWA,IL,AGL,CE,Federal Contract Tower,0,11,16,0,27,0,5,49,0,54,0,16,65,0,81,156,0,156,237
05/15/2003,MWA,IL,AGL,CE,Federal Contract Tower,0,20,8,0,28,0,0,54,0,54,0,20,62,0,82,158,0,158,240
05/16/2003,MWA,IL,AGL,CE,Federal Contract Tower,0,9,0,0,9,0,1,12,0,13,0,10,12,0,22,0,0,0,22
05/17/2003,MWA,IL,AGL,CE,Federal Contract Tower,0,7,0,0,7,0,0,0,0,0,0,7,0,0,7,0,0,0,7
05/18/2003,MWA,IL,AGL,CE,Federal Contract Tower,0,11,2,0,13,0,3,22,0,25,0,14,24,0,38,8,0,8,46
05/19/2003,MWA,IL,AGL,CE,Federal Contract Tower,0,12,8,0,20,0,3,30,0,33,0,15,38,0,53,24,0,24,77
05/20/2003,MWA,IL,AGL,CE,Federal Contract Tower,0,11,6,0,17,0,0,17,0,17,0,11,23,0,34,36,0,36,70
05/21/2003,MWA,IL,AGL,CE,Federal Contract Tower,0,14,3,0,17,0,0,68,0,68,0,14,71,0,85,128,0,128,213
05/22/2003,MWA,IL,AGL,CE,Federal Contract Tower,0,14,0,0,14,0,3,72,0,75,0,17,72,0,89,136,0,136,225
05/23/2003,MWA,IL,AGL,CE,Federal Contract Tower,0,18,2,0,20,0,1,46,0,47,0,19,48,0,67,83,0,83,150
05/24/2003,MWA,IL,AGL,CE,Federal Contract Tower,0,9,2,0,11,0,4,43,0,47,0,13,45,0,58,50,0,50,108
05/25/2003,MWA,IL,AGL,CE,Federal Contract Tower,0,8,6,0,14,0,8,31,0,39,0,16,37,0,53,10,0,10,63
05/26/2003,MWA,IL,AGL,CE,Federal Contract Tower,0,12,4,0,16,0,1,60,0,61,0,13,64,0,77,112,0,112,189
05/27/2003,MWA,IL,AGL,CE,Federal Contract Tower,0,14,2,0,16,0,0,67,0,67,0,14,69,0,83,146,0,146,229
05/28/2003,MWA,IL,AGL,CE,Federal Contract Tower,0,20,1,0,21,0,2,55,0,57,0,22,56,0,78,164,0,164,242
05/29/2003,MWA,IL,AGL,CE,Federal Contract Tower,0,21,2,0,23,0,0,50,0,50,0,21,52,0,73,112,0,112,185
05/30/2003,MWA,IL,AGL,CE,Federal Contract Tower,0,18,3,0,21,0,7,55,0,62,0,25,58,0,83,124,0,124,207
05/31/2003,MWA,IL,AGL,CE,Federal Contract Tower,0,8,6,0,14,0,3,59,2,64,0,11,65,2,78,52,0,52,130
06/01/2003,MWA,IL,AGL,CE,Federal Contract Tower,0,12,5,0,17,0,2,81,0,83,0,14,86,0,100,64,0,64,164
06/02/2003,MWA,IL,AGL,CE,Federal Contract Tower,0,8,4,0,12,0,0,32,0,32,0,8,36,0,44,58,0,58,102
06/03/2003,MWA,IL,AGL,CE,Federal Contract Tower,0,13,6,0,19,0,1,10,0,11,0,14,16,0,30,24,0,24,54
06/04/2003,MWA,IL,AGL,CE,Federal Contract Tower,0,15,0,0,15,0,1,28,0,29,0,16,28,0,44,62,0,62,106
06/05/2003,MWA,IL,AGL,CE,Federal Contract Tower,0,13,4,0,17,0,5,38,0,43,0,18,42,0,60,44,0,44,104
06/06/2003,MWA,IL,AGL,CE,Federal Contract Tower,0,7,2,0,9,0,5,36,0,41,0,12,38,0,50,74,0,74,124
06/07/2003,MWA,IL,AGL,CE,Federal Contract Tower,0,8,3,0,11,0,0,44,0,44,0,8,47,0,55,68,0,68,123
06/08/2003,MWA,IL,AGL,CE,Federal Contract Tower,0,14,1,0,15,0,2,53,0,55,0,16,54,0,70,108,0,108,178
06/09/2003,MWA,IL,AGL,CE,Federal Contract Tower,0,16,4,0,20,0,0,63,0,63,0,16,67,0,83,128,0,128,211
06/10/2003,MWA,IL,AGL,CE,Federal Contract Tower,0,9,1,0,10,0,1,5,0,6,0,10,6,0,16,0,0,0,16
06/11/2003,MWA,IL,AGL,CE,Federal Contract Tower,0,7,3,0,10,0,0,0,0,0,0,7,3,0,10,2,0,2,12
06/12/2003,MWA,IL,AGL,CE,Federal Contract Tower,0,11,9,0,20,0,3,23,0,26,0,14,32,0,46,64,0,64,110
06/13/2003,MWA,IL,AGL,CE,Federal Contract Tower,0,10,2,0,12,0,0,12,0,12,0,10,14,0,24,0,0,0,24
06/14/2003,MWA,IL,AGL,CE,Federal Contract Tower,0,10,7,0,17,0,2,19,0,21,0,12,26,0,38,12,0,12,50
06/15/2003,MWA,IL,AGL,CE,Federal Contract Tower,0,12,2,0,14,0,0,19,0,19,0,12,21,0,33,16,0,16,49
06/16/2003,MWA,IL,AGL,CE,Federal Contract Tower,0,8,3,0,11,0,0,40,0,40,0,8,43,0,51,138,0,138,189
06/17/2003,MWA,IL,AGL,CE,Federal Contract Tower,0,15,2,0,17,0,4,52,0,56,0,19,54,0,73,94,0,94,167
06/18/2003,MWA,IL,AGL,CE,Federal Contract Tower,0,19,3,0,22,0,7,57,0,64,0,26,60,0,86,106,0,106,192
06/19/2003,MWA,IL,AGL,CE,Federal Contract Tower,0,9,3,0,12,0,0,44,0,44,0,9,47,0,56,144,0,144,200
06/20/2003,MWA,IL,AGL,CE,Federal Contract Tower,0,12,2,0,14,0,0,51,0,51,0,12,53,0,65,96,0,96,161
06/21/2003,MWA,IL,AGL,CE,Federal Contract Tower,0,8,0,0,8,0,0,38,0,38,0,8,38,0,46,18,0,18,64
06/22/2003,MWA,IL,AGL,CE,Federal Contract Tower,0,11,0,0,11,0,0,16,0,16,0,11,16,0,27,10,0,10,37
06/23/2003,MWA,IL,AGL,CE,Federal Contract Tower,0,8,5,0,13,0,10,46,0,56,0,18,51,0,69,92,0,92,161
06/24/2003,MWA,IL,AGL,CE,Federal Contract Tower,0,10,7,0,17,0,3,37,0,40,0,13,44,0,57,86,0,86,143
06/25/2003,MWA,IL,AGL,CE,Federal Contract Tower,0,14,6,0,20,0,0,47,0,47,0,14,53,0,67,98,0,98,165
06/26/2003,MWA,IL,AGL,CE,Federal Contract Tower,0,16,9,0,25,0,0,45,0,45,0,16,54,0,70,46,0,46,116
06/27/2003,MWA,IL,AGL,CE,Federal Contract Tower,0,14,4,0,18,0,0,77,0,77,0,14,81,0,95,182,0,182,277
06/28/2003,MWA,IL,AGL,CE,Federal Contract Tower,0,11,3,0,14,0,0,29,0,29,0,11,32,0,43,32,0,32,75
06/29/2003,MWA,IL,AGL,CE,Federal Contract Tower,0,6,3,0,9,0,4,51,0,55,0,10,54,0,64,48,0,48,112
06/30/2003,MWA,IL,AGL,CE,Federal Contract Tower,0,16,0,0,16,0,6,41,0,47,0,22,41,0,63,54,0,54,117
07/01/2003,MWA,IL,AGL,CE,Federal Contract Tower,0,12,1,0,13,0,6,63,0,69,0,18,64,0,82,168,0,168,250
07/02/2003,MWA,IL,AGL,CE,Federal Contract Tower,0,10,3,0,13,0,5,72,0,77,0,15,75,0,90,142,0,142,232
07/03/2003,MWA,IL,AGL,CE,Federal Contract Tower,0,10,2,0,12,0,5,49,0,54,0,15,51,0,66,133,0,133,199
07/04/2003,MWA,IL,AGL,CE,Federal Contract Tower,0,6,1,0,7,0,0,13,0,13,0,6,14,0,20,4,0,4,24
07/05/2003,MWA,IL,AGL,CE,Federal Contract Tower,0,9,3,0,12,0,7,44,0,51,0,16,47,0,63,36,0,36,99
07/06/2003,MWA,IL,AGL,CE,Federal Contract Tower,0,9,2,0,11,0,4,40,0,44,0,13,42,0,55,24,0,24,79
07/07/2003,MWA,IL,AGL,CE,Federal Contract Tower,0,8,4,0,12,0,0,48,0,48,0,8,52,0,60,86,0,86,146
07/08/2003,MWA,IL,AGL,CE,Federal Contract Tower,0,7,0,0,7,0,0,55,0,55,0,7,55,0,62,108,0,108,170
07/09/2003,MWA,IL,AGL,CE,Federal Contract Tower,0,19,1,0,20,0,0,41,0,41,0,19,42,0,61,48,0,48,109
07/10/2003,MWA,IL,AGL,CE,Federal Contract Tower,0,19,9,0,28,0,1,53,2,56,0,20,62,2,84,54,0,54,138
07/11/2003,MWA,IL,AGL,CE,Federal Contract Tower,0,8,7,0,15,0,6,77,0,83,0,14,84,0,98,116,0,116,214
07/12/2003,MWA,IL,AGL,CE,Federal Contract Tower,0,7,1,0,8,0,6,52,0,58,0,13,53,0,66,68,0,68,134
07/13/2003,MWA,IL,AGL,CE,Federal Contract Tower,0,9,1,0,10,0,2,51,0,53,0,11,52,0,63,86,0,86,149
07/14/2003,MWA,IL,AGL,CE,Federal Contract Tower,0,6,6,0,12,0,2,57,0,59,0,8,63,0,71,94,0,94,165
07/15/2003,MWA,IL,AGL,CE,Federal Contract Tower,0,13,1,0,14,0,1,35,0,36,0,14,36,0,50,84,0,84,134
07/16/2003,MWA,IL,AGL,CE,Federal Contract Tower,0,13,7,0,20,0,1,38,0,39,0,14,45,0,59,112,0,112,171
07/17/2003,MWA,IL,AGL,CE,Federal Contract Tower,0,12,2,0,14,0,4,60,0,64,0,16,62,0,78,108,0,108,186
07/18/2003,MWA,IL,AGL,CE,Federal Contract Tower,0,12,1,0,13,0,1,14,0,15,0,13,15,0,28,12,0,12,40
07/19/2003,MWA,IL,AGL,CE,Federal Contract Tower,0,6,4,0,10,0,1,49,0,50,0,7,53,0,60,48,0,48,108
07/20/2003,MWA,IL,AGL,CE,Federal Contract Tower,0,11,5,0,16,0,0,57,0,57,0,11,62,0,73,86,0,86,159
07/21/2003,MWA,IL,AGL,CE,Federal Contract Tower,0,16,0,2,18,0,0,47,0,47,0,16,47,2,65,120,0,120,185
07/22/2003,MWA,IL,AGL,CE,Federal Contract Tower,0,8,1,0,9,0,0,66,0,66,0,8,67,0,75,102,0,102,177
07/23/2003,MWA,IL,AGL,CE,Federal Contract Tower,0,12,8,0,20,0,6,77,0,83,0,18,85,0,103,192,0,192,295
07/24/2003,MWA,IL,AGL,CE,Federal Contract Tower,0,12,1,0,13,0,5,87,0,92,0,17,88,0,105,184,0,184,289
07/25/2003,MWA,IL,AGL,CE,Federal Contract Tower,0,15,2,0,17,0,1,70,0,71,0,16,72,0,88,146,0,146,234
07/26/2003,MWA,IL,AGL,CE,Federal Contract Tower,0,6,4,0,10,0,0,62,0,62,0,6,66,0,72,132,0,132,204
07/27/2003,MWA,IL,AGL,CE,Federal Contract Tower,0,5,6,0,11,0,0,34,0,34,0,5,40,0,45,36,0,36,81
07/28/2003,MWA,IL,AGL,CE,Federal Contract Tower,0,10,1,1,12,0,2,31,1,34,0,12,32,2,46,116,0,116,162
07/29/2003,MWA,IL,AGL,CE,Federal Contract Tower,0,12,3,0,15,0,7,58,12,77,0,19,61,12,92,120,0,120,212
07/30/2003,MWA,IL,AGL,CE,Federal Contract Tower,0,9,7,0,16,0,5,69,12,86,0,14,76,12,102,112,0,112,214
07/31/2003,MWA,IL,AGL,CE,Federal Contract Tower,0,14,8,0,22,0,7,76,18,101,0,21,84,18,123,146,0,146,269
08/01/2003,MWA,IL,AGL,CE,Federal Contract Tower,0,11,4,0,15,0,3,63,14,80,0,14,67,14,95,164,0,164,259
08/02/2003,MWA,IL,AGL,CE,Federal Contract Tower,0,6,2,0,8,0,3,50,4,57,0,9,52,4,65,122,0,122,187
08/03/2003,MWA,IL,AGL,CE,Federal Contract Tower,0,8,3,0,11,0,3,23,0,26,0,11,26,0,37,64,0,64,101
08/04/2003,MWA,IL,AGL,CE,Federal Contract Tower,0,12,9,0,21,0,6,54,0,60,0,18,63,0,81,148,0,148,229
08/05/2003,MWA,IL,AGL,CE,Federal Contract Tower,0,8,8,0,16,0,5,57,0,62,0,13,65,0,78,120,0,120,198
08/06/2003,MWA,IL,AGL,CE,Federal Contract Tower,0,9,5,0,14,0,2,54,0,56,0,11,59,0,70,86,0,86,156
08/07/2003,MWA,IL,AGL,CE,Federal Contract Tower,0,9,3,0,12,0,5,61,0,66,0,14,64,0,78,132,0,132,210
08/08/2003,MWA,IL,AGL,CE,Federal Contract Tower,0,10,2,0,12,0,0,41,0,41,0,10,43,0,53,86,0,86,139
08/09/2003,MWA,IL,AGL,CE,Federal Contract Tower,0,7,10,0,17,0,0,14,0,14,0,7,24,0,31,40,0,40,71
08/10/2003,MWA,IL,AGL,CE,Federal Contract Tower,0,5,13,0,18,0,4,35,0,39,0,9,48,0,57,54,0,54,111
08/11/2003,MWA,IL,AGL,CE,Federal Contract Tower,0,10,12,0,22,0,5,51,0,56,0,15,63,0,78,96,0,96,174
08/12/2003,MWA,IL,AGL,CE,Federal Contract Tower,0,17,9,0,26,0,1,69,0,70,0,18,78,0,96,184,0,184,280
08/13/2003,MWA,IL,AGL,CE,Federal Contract Tower,0,18,6,0,24,0,1,61,0,62,0,19,67,0,86,172,0,172,258
08/14/2003,MWA,IL,AGL,CE,Federal Contract Tower,0,24,0,0,24,0,3,31,0,34,0,27,31,0,58,86,0,86,144
08/15/2003,MWA,IL,AGL,CE,Federal Contract Tower,0,10,2,0,12,0,6,60,0,66,0,16,62,0,78,202,0,202,280
08/16/2003,MWA,IL,AGL,CE,Federal Contract Tower,0,5,2,0,7,0,6,57,0,63,0,11,59,0,70,88,0,88,158
08/17/2003,MWA,IL,AGL,CE,Federal Contract Tower,0,11,3,0,14,0,6,55,0,61,0,17,58,0,75,70,0,70,145
08/18/2003,MWA,IL,AGL,CE,Federal Contract Tower,0,12,6,0,18,0,2,46,0,48,0,14,52,0,66,108,0,108,174
08/19/2003,MWA,IL,AGL,CE,Federal Contract Tower,0,14,7,0,21,0,0,61,0,61,0,14,68,0,82,166,0,166,248
08/20/2003,MWA,IL,AGL,CE,Federal Contract Tower,0,11,3,0,14,0,2,25,0,27,0,13,28,0,41,48,0,48,89
08/21/2003,MWA,IL,AGL,CE,Federal Contract Tower,0,14,9,0,23,0,2,20,0,22,0,16,29,0,45,56,0,56,101
08/22/2003,MWA,IL,AGL,CE,Federal Contract Tower,0,12,3,0,15,0,6,39,0,45,0,18,42,0,60,84,0,84,144
08/23/2003,MWA,IL,AGL,CE,Federal Contract Tower,0,10,9,0,19,0,7,39,0,46,0,17,48,0,65,62,0,62,127
08/24/2003,MWA,IL,AGL,CE,Federal Contract Tower,0,9,7,0,16,0,3,36,0,39,0,12,43,0,55,86,0,86,141
08/25/2003,MWA,IL,AGL,CE,Federal Contract Tower,0,11,3,0,14,0,1,48,0,49,0,12,51,0,63,118,0,118,181
08/26/2003,MWA,IL,AGL,CE,Federal Contract Tower,0,9,4,0,13,0,0,37,0,37,0,9,41,0,50,52,0,52,102
08/27/2003,MWA,IL,AGL,CE,Federal Contract Tower,0,9,2,0,11,0,1,20,0,21,0,10,22,0,32,72,0,72,104
08/28/2003,MWA,IL,AGL,CE,Federal Contract Tower,0,10,10,0,20,0,9,57,0,66,0,19,67,0,86,84,0,84,170
08/29/2003,MWA,IL,AGL,CE,Federal Contract Tower,0,8,5,0,13,0,4,33,4,41,0,12,38,4,54,58,4,62,116
08/30/2003,MWA,IL,AGL,CE,Federal Contract Tower,0,8,5,0,13,0,0,8,0,8,0,8,13,0,21,0,0,0,21
08/31/2003,MWA,IL,AGL,CE,Federal Contract Tower,0,6,6,0,12,0,2,6,0,8,0,8,12,0,20,24,0,24,44
09/01/2003,MWA,IL,AGL,CE,Federal Contract Tower,0,6,4,0,10,0,0,10,0,10,0,6,14,0,20,6,0,6,26
09/02/2003,MWA,IL,AGL,CE,Federal Contract Tower,0,13,0,0,13,0,0,1,1,2,0,13,1,1,15,0,0,0,15
09/03/2003,MWA,IL,AGL,CE,Federal Contract Tower,0,19,12,0,31,0,4,8,0,12,0,23,20,0,43,10,0,10,53
09/04/2003,MWA,IL,AGL,CE,Federal Contract Tower,0,15,5,0,20,0,11,53,0,64,0,26,58,0,84,98,0,98,182
09/05/2003,MWA,IL,AGL,CE,Federal Contract Tower,0,8,2,0,10,0,4,54,0,58,0,12,56,0,68,124,0,124,192
09/06/2003,MWA,IL,AGL,CE,Federal Contract Tower,0,9,1,0,10,0,13,85,0,98,0,22,86,0,108,132,0,132,240
09/07/2003,MWA,IL,AGL,CE,Federal Contract Tower,0,10,1,0,11,0,1,67,0,68,0,11,68,0,79,94,0,94,173
09/08/2003,MWA,IL,AGL,CE,Federal Contract Tower,0,12,5,0,17,0,2,28,0,30,0,14,33,0,47,74,0,74,121
09/09/2003,MWA,IL,AGL,CE,Federal Contract Tower,0,19,3,0,22,0,7,49,0,56,0,26,52,0,78,76,0,76,154
09/10/2003,MWA,IL,AGL,CE,Federal Contract Tower,0,15,5,0,20,0,7,42,4,53,0,22,47,4,73,82,0,82,155
09/11/2003,MWA,IL,AGL,CE,Federal Contract Tower,0,13,1,0,14,0,5,75,0,80,0,18,76,0,94,142,0,142,236
09/12/2003,MWA,IL,AGL,CE,Federal Contract Tower,0,11,3,0,14,0,0,35,0,35,0,11,38,0,49,88,0,88,137
09/13/2003,MWA,IL,AGL,CE,Federal Contract Tower,0,9,4,0,13,0,0,16,0,16,0,9,20,0,29,46,0,46,75
09/14/2003,MWA,IL,AGL,CE,Federal Contract Tower,0,6,7,0,13,0,0,4,0,4,0,6,11,0,17,34,0,34,51
09/15/2003,MWA,IL,AGL,CE,Federal Contract Tower,0,13,2,0,15,0,8,39,0,47,0,21,41,0,62,138,0,138,200
09/16/2003,MWA,IL,AGL,CE,Federal Contract Tower,0,16,4,0,20,0,8,51,0,59,0,24,55,0,79,72,0,72,151
09/17/2003,MWA,IL,AGL,CE,Federal Contract Tower,0,18,2,0,20,0,14,61,0,75,0,32,63,0,95,148,0,148,243
09/18/2003,MWA,IL,AGL,CE,Federal Contract Tower,0,8,6,0,14,0,10,61,0,71,0,18,67,0,85,136,0,136,221
09/19/2003,MWA,IL,AGL,CE,Federal Contract Tower,0,11,5,0,16,0,2,57,2,61,0,13,62,2,77,86,0,86,163
09/20/2003,MWA,IL,AGL,CE,Federal Contract Tower,0,11,0,4,15,0,0,128,16,144,0,11,128,20,159,144,0,144,303
09/21/2003,MWA,IL,AGL,CE,Federal Contract Tower,0,6,5,0,11,0,10,137,15,162,0,16,142,15,173,174,0,174,347
09/22/2003,MWA,IL,AGL,CE,Federal Contract Tower,0,9,12,0,21,0,10,42,0,52,0,19,54,0,73,80,0,80,153
09/23/2003,MWA,IL,AGL,CE,Federal Contract Tower,0,9,5,0,14,0,1,73,0,74,0,10,78,0,88,214,0,214,302
09/24/2003,MWA,IL,AGL,CE,Federal Contract Tower,0,11,2,0,13,0,7,60,0,67,0,18,62,0,80,146,0,146,226
09/25/2003,MWA,IL,AGL,CE,Federal Contract Tower,0,18,7,0,25,0,2,100,0,102,0,20,107,0,127,172,0,172,299
09/26/2003,MWA,IL,AGL,CE,Federal Contract Tower,0,21,0,0,21,0,1,48,0,49,0,22,48,0,70,168,0,168,238
09/27/2003,MWA,IL,AGL,CE,Federal Contract Tower,0,8,6,0,14,0,10,73,2,85,0,18,79,2,99,102,0,102,201
09/28/2003,MWA,IL,AGL,CE,Federal Contract Tower,0,7,2,0,9,0,0,32,2,34,0,7,34,2,43,42,0,42,85
09/29/2003,MWA,IL,AGL,CE,Federal Contract Tower,0,12,3,0,15,0,1,65,2,68,0,13,68,2,83,212,0,212,295
09/30/2003,MWA,IL,AGL,CE,Federal Contract Tower,0,12,2,0,14,0,3,25,6,34,0,15,27,6,48,116,0,116,164
10/01/2003,MWA,IL,AGL,CE,Federal Contract Tower,0,16,4,0,20,0,4,19,8,31,0,20,23,8,51,128,0,128,179
10/02/2003,MWA,IL,AGL,CE,Federal Contract Tower,0,15,4,0,19,0,2,64,0,66,0,17,68,0,85,196,0,196,281
10/03/2003,MWA,IL,AGL,CE,Federal Contract Tower,0,9,3,0,12,0,7,41,0,48,0,16,44,0,60,84,0,84,144
10/04/2003,MWA,IL,AGL,CE,Federal Contract Tower,0,10,4,0,14,0,9,65,0,74,0,19,69,0,88,172,0,172,260
10/05/2003,MWA,IL,AGL,CE,Federal Contract Tower,0,6,2,0,8,0,0,59,0,59,0,6,61,0,67,82,0,82,149
10/06/2003,MWA,IL,AGL,CE,Federal Contract Tower,0,19,6,0,25,0,2,68,0,70,0,21,74,0,95,124,0,124,219
10/07/2003,MWA,IL,AGL,CE,Federal Contract Tower,0,24,8,0,32,0,3,90,0,93,0,27,98,0,125,180,0,180,305
10/08/2003,MWA,IL,AGL,CE,Federal Contract Tower,0,11,4,0,15,0,3,69,0,72,0,14,73,0,87,96,0,96,183
10/09/2003,MWA,IL,AGL,CE,Federal Contract Tower,0,12,4,0,16,0,3,31,0,34,0,15,35,0,50,48,0,48,98
10/10/2003,MWA,IL,AGL,CE,Federal Contract Tower,0,11,4,0,15,0,1,37,0,38,0,12,41,0,53,80,0,80,133
10/11/2003,MWA,IL,AGL,CE,Federal Contract Tower,0,7,3,0,10,2,0,86,0,88,2,7,89,0,98,126,0,126,224
10/12/2003,MWA,IL,AGL,CE,Federal Contract Tower,0,13,4,0,17,0,3,47,0,50,0,16,51,0,67,82,0,82,149
10/13/2003,MWA,IL,AGL,CE,Federal Contract Tower,0,13,3,0,16,0,0,34,0,34,0,13,37,0,50,52,0,52,102
10/14/2003,MWA,IL,AGL,CE,Federal Contract Tower,0,18,5,0,23,0,5,0,0,5,0,23,5,0,28,10,0,10,38
10/15/2003,MWA,IL,AGL,CE,Federal Contract Tower,0,12,3,0,15,0,6,53,0,59,0,18,56,0,74,114,0,114,188
10/16/2003,MWA,IL,AGL,CE,Federal Contract Tower,0,14,3,0,17,0,6,46,0,52,0,20,49,0,69,94,0,94,163
10/17/2003,MWA,IL,AGL,CE,Federal Contract Tower,0,20,5,0,25,0,0,13,0,13,0,20,18,0,38,94,0,94,132
10/18/2003,MWA,IL,AGL,CE,Federal Contract Tower,0,8,2,0,10,0,4,64,0,68,0,12,66,0,78,132,0,132,210
10/19/2003,MWA,IL,AGL,CE,Federal Contract Tower,0,11,3,0,14,0,1,43,0,44,0,12,46,0,58,92,0,92,150
10/20/2003,MWA,IL,AGL,CE,Federal Contract Tower,0,15,4,0,19,0,3,28,0,31,0,18,32,0,50,44,0,44,94
10/21/2003,MWA,IL,AGL,CE,Federal Contract Tower,0,13,3,0,16,0,10,45,0,55,0,23,48,0,71,80,0,80,151
10/22/2003,MWA,IL,AGL,CE,Federal Contract Tower,0,15,3,0,18,0,5,39,0,44,0,20,42,0,62,58,0,58,120
10/23/2003,MWA,IL,AGL,CE,Federal Contract Tower,0,16,4,0,20,0,0,63,0,63,0,16,67,0,83,144,0,144,227
10/24/2003,MWA,IL,AGL,CE,Federal Contract Tower,0,11,2,0,13,0,8,49,0,57,0,19,51,0,70,106,0,106,176
10/25/2003,MWA,IL,AGL,CE,Federal Contract Tower,0,9,2,0,11,0,0,9,0,9,0,9,11,0,20,80,0,80,100
10/26/2003,MWA,IL,AGL,CE,Federal Contract Tower,0,7,1,0,8,0,3,11,0,14,0,10,12,0,22,10,0,10,32
10/27/2003,MWA,IL,AGL,CE,Federal Contract Tower,0,12,3,0,15,0,6,53,0,59,0,18,56,0,74,138,0,138,212
10/28/2003,MWA,IL,AGL,CE,Federal Contract Tower,0,13,3,0,16,0,9,31,0,40,0,22,34,0,56,36,0,36,92
10/29/2003,MWA,IL,AGL,CE,Federal Contract Tower,0,10,2,0,12,0,10,53,0,63,0,20,55,0,75,134,0,134,209
10/30/2003,MWA,IL,AGL,CE,Federal Contract Tower,0,7,1,0,8,0,2,16,0,18,0,9,17,0,26,48,0,48,74
10/31/2003,MWA,IL,AGL,CE,Federal Contract Tower,0,18,5,0,23,0,0,17,0,17,0,18,22,0,40,16,0,16,56
11/01/2003,MWA,IL,AGL,CE,Federal Contract Tower,0,14,3,0,17,0,0,5,0,5,0,14,8,0,22,6,0,6,28
11/02/2003,MWA,IL,AGL,CE,Federal Contract Tower,0,6,3,0,9,0,13,39,0,52,0,19,42,0,61,66,0,66,127
11/03/2003,MWA,IL,AGL,CE,Federal Contract Tower,0,14,3,0,17,0,9,54,0,63,0,23,57,0,80,144,0,144,224
11/04/2003,MWA,IL,AGL,CE,Federal Contract Tower,0,11,2,0,13,0,8,43,0,51,0,19,45,0,64,86,0,86,150
11/05/2003,MWA,IL,AGL,CE,Federal Contract Tower,0,18,6,0,24,0,0,18,0,18,0,18,24,0,42,64,16,80,122
11/06/2003,MWA,IL,AGL,CE,Federal Contract Tower,0,25,7,0,32,0,3,0,0,3,0,28,7,0,35,2,0,2,37
11/07/2003,MWA,IL,AGL,CE,Federal Contract Tower,0,18,6,0,24,0,0,40,0,40,0,18,46,0,64,106,0,106,170
11/08/2003,MWA,IL,AGL,CE,Federal Contract Tower,0,4,1,0,5,0,9,47,0,56,0,13,48,0,61,82,0,82,143
11/09/2003,MWA,IL,AGL,CE,Federal Contract Tower,0,6,2,0,8,0,11,34,0,45,0,17,36,0,53,32,0,32,85
11/10/2003,MWA,IL,AGL,CE,Federal Contract Tower,0,11,3,0,14,0,7,41,0,48,0,18,44,0,62,96,0,96,158
11/11/2003,MWA,IL,AGL,CE,Federal Contract Tower,0,12,4,0,16,0,6,19,0,25,0,18,23,0,41,12,0,12,53
11/12/2003,MWA,IL,AGL,CE,Federal Contract Tower,0,8,3,0,11,0,5,1,0,6,0,13,4,0,17,16,0,16,33
11/13/2003,MWA,IL,AGL,CE,Federal Contract Tower,0,10,3,0,13,0,3,49,0,52,0,13,52,0,65,144,0,144,209
11/14/2003,MWA,IL,AGL,CE,Federal Contract Tower,0,15,3,0,18,2,4,50,0,56,2,19,53,0,74,68,0,68,142
11/15/2003,MWA,IL,AGL,CE,Federal Contract Tower,0,6,1,0,7,0,0,1,0,1,0,6,2,0,8,0,0,0,8
11/16/2003,MWA,IL,AGL,CE,Federal Contract Tower,0,11,2,0,13,0,3,3,0,6,0,14,5,0,19,0,0,0,19
11/17/2003,MWA,IL,AGL,CE,Federal Contract Tower,0,14,4,0,18,0,0,10,0,10,0,14,14,0,28,0,0,0,28
11/18/2003,MWA,IL,AGL,CE,Federal Contract Tower,0,15,2,0,17,0,1,0,0,1,0,16,2,0,18,0,0,0,18
11/19/2003,MWA,IL,AGL,CE,Federal Contract Tower,0,19,5,0,24,0,1,52,0,53,0,20,57,0,77,152,0,152,229
11/20/2003,MWA,IL,AGL,CE,Federal Contract Tower,0,15,3,0,18,0,8,58,2,68,0,23,61,2,86,122,0,122,208
11/21/2003,MWA,IL,AGL,CE,Federal Contract Tower,0,13,3,0,16,0,8,46,0,54,0,21,49,0,70,80,0,80,150
11/22/2003,MWA,IL,AGL,CE,Federal Contract Tower,0,12,3,0,15,0,9,46,0,55,0,21,49,0,70,68,0,68,138
11/23/2003,MWA,IL,AGL,CE,Federal Contract Tower,0,10,1,0,11,0,9,0,0,9,0,19,1,0,20,0,0,0,20
11/24/2003,MWA,IL,AGL,CE,Federal Contract Tower,0,5,1,0,6,0,3,16,0,19,0,8,17,0,25,28,0,28,53
11/25/2003,MWA,IL,AGL,CE,Federal Contract Tower,0,12,3,0,15,0,6,38,0,44,0,18,41,0,59,52,0,52,111
11/26/2003,MWA,IL,AGL,CE,Federal Contract Tower,0,16,4,0,20,0,3,42,0,45,0,19,46,0,65,60,0,60,125
11/27/2003,MWA,IL,AGL,CE,Federal Contract Tower,0,5,0,0,5,0,0,0,0,0,0,5,0,0,5,0,0,0,5
11/28/2003,MWA,IL,AGL,CE,Federal Contract Tower,0,9,1,0,10,2,3,0,0,5,2,12,1,0,15,0,0,0,15
11/29/2003,MWA,IL,AGL,CE,Federal Contract Tower,0,12,2,0,14,0,6,52,0,58,0,18,54,0,72,168,0,168,240
11/30/2003,MWA,IL,AGL,CE,Federal Contract Tower,0,16,4,0,20,0,2,16,0,18,0,18,20,0,38,8,0,8,46
12/01/2003,MWA,IL,AGL,CE,Federal Contract Tower,0,7,2,0,9,0,3,20,0,23,0,10,22,0,32,88,0,88,120
12/02/2003,MWA,IL,AGL,CE,Federal Contract Tower,0,15,5,0,20,0,9,63,0,72,0,24,68,0,92,106,0,106,198
12/03/2003,MWA,IL,AGL,CE,Federal Contract Tower,0,14,5,0,19,0,7,19,0,26,0,21,24,0,45,64,0,64,109
12/04/2003,MWA,IL,AGL,CE,Federal Contract Tower,0,12,1,0,13,0,4,0,0,4,0,16,1,0,17,0,0,0,17
12/05/2003,MWA,IL,AGL,CE,Federal Contract Tower,0,9,3,0,12,0,5,1,0,6,0,14,4,0,18,0,0,0,18
12/06/2003,MWA,IL,AGL,CE,Federal Contract Tower,0,4,2,0,6,0,5,50,0,55,0,9,52,0,61,74,0,74,135
12/07/2003,MWA,IL,AGL,CE,Federal Contract Tower,0,13,4,0,17,0,0,27,0,27,0,13,31,0,44,92,0,92,136
12/08/2003,MWA,IL,AGL,CE,Federal Contract Tower,0,13,4,0,17,0,4,33,0,37,0,17,37,0,54,68,0,68,122
12/09/2003,MWA,IL,AGL,CE,Federal Contract Tower,0,11,3,0,14,0,5,31,0,36,0,16,34,0,50,44,0,44,94
12/10/2003,MWA,IL,AGL,CE,Federal Contract Tower,0,16,5,0,21,0,3,3,0,6,0,19,8,0,27,0,0,0,27
12/11/2003,MWA,IL,AGL,CE,Federal Contract Tower,0,10,3,0,13,0,2,53,0,55,0,12,56,0,68,142,0,142,210
12/12/2003,MWA,IL,AGL,CE,Federal Contract Tower,0,14,3,0,17,0,1,17,2,20,0,15,20,2,37,58,4,62,99
12/13/2003,MWA,IL,AGL,CE,Federal Contract Tower,0,0,1,0,1,0,0,7,0,7,0,0,8,0,8,0,0,0,8
12/14/2003,MWA,IL,AGL,CE,Federal Contract Tower,0,24,6,0,30,0,10,8,4,22,0,34,14,4,52,46,0,46,98
12/15/2003,MWA,IL,AGL,CE,Federal Contract Tower,0,11,2,0,13,0,5,36,0,41,0,16,38,0,54,94,0,94,148
12/16/2003,MWA,IL,AGL,CE,Federal Contract Tower,0,15,3,0,18,0,0,9,2,11,0,15,12,2,29,0,0,0,29
12/17/2003,MWA,IL,AGL,CE,Federal Contract Tower,0,16,4,0,20,0,11,58,0,69,0,27,62,0,89,86,0,86,175
12/18/2003,MWA,IL,AGL,CE,Federal Contract Tower,0,11,0,0,11,0,2,0,0,2,0,13,0,0,13,0,0,0,13
12/19/2003,MWA,IL,AGL,CE,Federal Contract Tower,0,11,2,0,13,0,2,42,0,44,0,13,44,0,57,92,0,92,149
12/20/2003,MWA,IL,AGL,CE,Federal Contract Tower,0,7,1,0,8,0,8,65,0,73,0,15,66,0,81,98,0,98,179
12/21/2003,MWA,IL,AGL,CE,Federal Contract Tower,0,7,1,0,8,0,4,33,0,37,0,11,34,0,45,42,0,42,87
12/22/2003,MWA,IL,AGL,CE,Federal Contract Tower,0,25,7,0,32,0,0,21,0,21,0,25,28,0,53,34,0,34,87
12/23/2003,MWA,IL,AGL,CE,Federal Contract Tower,0,16,3,0,19,0,4,13,0,17,0,20,16,0,36,12,0,12,48
12/24/2003,MWA,IL,AGL,CE,Federal Contract Tower,0,10,2,0,12,0,0,14,0,14,0,10,16,0,26,14,0,14,40
12/25/2003,MWA,IL,AGL,CE,Federal Contract Tower,0,5,1,0,6,0,1,8,0,9,0,6,9,0,15,0,0,0,15
12/26/2003,MWA,IL,AGL,CE,Federal Contract Tower,0,9,2,0,11,0,3,70,0,73,0,12,72,0,84,72,0,72,156
12/27/2003,MWA,IL,AGL,CE,Federal Contract Tower,0,17,4,0,21,0,6,37,0,43,0,23,41,0,64,38,0,38,102
12/28/2003,MWA,IL,AGL,CE,Federal Contract Tower,0,5,0,0,5,0,0,0,0,0,0,5,0,0,5,0,0,0,5
12/29/2003,MWA,IL,AGL,CE,Federal Contract Tower,0,8,1,0,9,0,2,2,0,4,0,10,3,0,13,68,0,68,81
12/30/2003,MWA,IL,AGL,CE,Federal Contract Tower,0,10,2,0,12,0,2,24,0,26,0,12,26,0,38,94,0,94,132
12/31/2003,MWA,IL,AGL,CE,Federal Contract Tower,0,6,1,0,7,0,2,19,0,21,0,8,20,0,28,62,0,62,90
01/01/2004,MWA,IL,AGL,CE,Federal Contract Tower,0,6,1,0,7,0,4,3,0,7,0,10,4,0,14,16,0,16,30
01/02/2004,MWA,IL,AGL,CE,Federal Contract Tower,0,6,2,0,8,0,5,13,0,18,0,11,15,0,26,0,0,0,26
01/03/2004,MWA,IL,AGL,CE,Federal Contract Tower,0,7,3,0,10,0,4,29,0,33,0,11,32,0,43,78,0,78,121
01/04/2004,MWA,IL,AGL,CE,Federal Contract Tower,0,7,3,0,10,0,3,18,0,21,0,10,21,0,31,64,0,64,95
01/05/2004,MWA,IL,AGL,CE,Federal Contract Tower,0,8,4,0,12,0,5,7,0,12,0,13,11,0,24,18,0,18,42
01/06/2004,MWA,IL,AGL,CE,Federal Contract Tower,0,10,4,0,14,0,6,32,0,38,0,16,36,0,52,66,0,66,118
01/07/2004,MWA,IL,AGL,CE,Federal Contract Tower,0,11,4,0,15,0,4,38,0,42,0,15,42,0,57,78,0,78,135
01/08/2004,MWA,IL,AGL,CE,Federal Contract Tower,0,14,4,0,18,0,5,29,0,34,0,19,33,0,52,74,0,74,126
01/09/2004,MWA,IL,AGL,CE,Federal Contract Tower,0,13,4,0,17,0,1,54,0,55,0,14,58,0,72,126,0,126,198
01/10/2004,MWA,IL,AGL,CE,Federal Contract Tower,0,13,2,0,15,0,5,79,0,84,0,18,81,0,99,164,0,164,263
01/11/2004,MWA,IL,AGL,CE,Federal Contract Tower,0,10,2,0,12,0,1,37,0,38,0,11,39,0,50,66,0,66,116
01/12/2004,MWA,IL,AGL,CE,Federal Contract Tower,0,11,2,0,13,0,4,20,0,24,0,15,22,0,37,58,0,58,95
01/13/2004,MWA,IL,AGL,CE,Federal Contract Tower,0,16,3,0,19,0,5,54,0,59,0,21,57,0,78,96,0,96,174
01/14/2004,MWA,IL,AGL,CE,Federal Contract Tower,0,13,2,0,15,0,5,49,2,56,0,18,51,2,71,88,0,88,159
01/15/2004,MWA,IL,AGL,CE,Federal Contract Tower,0,13,2,0,15,0,11,61,0,72,0,24,63,0,87,152,0,152,239
01/16/2004,MWA,IL,AGL,CE,Federal Contract Tower,0,15,3,0,18,0,6,58,0,64,0,21,61,0,82,128,0,128,210
01/17/2004,MWA,IL,AGL,CE,Federal Contract Tower,0,8,1,0,9,0,3,4,0,7,0,11,5,0,16,0,0,0,16
01/18/2004,MWA,IL,AGL,CE,Federal Contract Tower,0,8,1,0,9,0,2,5,0,7,0,10,6,0,16,14,0,14,30
01/19/2004,MWA,IL,AGL,CE,Federal Contract Tower,0,14,3,0,17,0,5,30,0,35,0,19,33,0,52,66,0,66,118
01/20/2004,MWA,IL,AGL,CE,Federal Contract Tower,0,8,1,0,9,0,4,58,0,62,0,12,59,0,71,132,0,132,203
01/21/2004,MWA,IL,AGL,CE,Federal Contract Tower,0,12,2,0,14,0,6,55,0,61,0,18,57,0,75,154,0,154,229
01/22/2004,MWA,IL,AGL,CE,Federal Contract Tower,0,13,2,0,15,0,1,43,0,44,0,14,45,0,59,116,0,116,175
01/23/2004,MWA,IL,AGL,CE,Federal Contract Tower,0,15,3,0,18,0,10,29,0,39,0,25,32,0,57,44,0,44,101
01/24/2004,MWA,IL,AGL,CE,Federal Contract Tower,0,11,2,0,13,0,2,35,0,37,0,13,37,0,50,54,0,54,104
01/25/2004,MWA,IL,AGL,CE,Federal Contract Tower,0,3,0,0,3,0,0,0,0,0,0,3,0,0,3,0,0,0,3
01/26/2004,MWA,IL,AGL,CE,Federal Contract Tower,0,1,0,0,1,0,0,2,0,2,0,1,2,0,3,0,0,0,3
01/27/2004,MWA,IL,AGL,CE,Federal Contract Tower,0,11,2,0,13,0,3,16,0,19,0,14,18,0,32,44,0,44,76
01/28/2004,MWA,IL,AGL,CE,Federal Contract Tower,0,13,2,0,15,0,3,66,0,69,0,16,68,0,84,156,0,156,240
01/29/2004,MWA,IL,AGL,CE,Federal Contract Tower,0,19,3,0,22,0,7,6,0,13,0,26,9,0,35,8,0,8,43
01/30/2004,MWA,IL,AGL,CE,Federal Contract Tower,0,17,3,0,20,0,2,23,0,25,0,19,26,0,45,38,0,38,83
01/31/2004,MWA,IL,AGL,CE,Federal Contract Tower,0,14,3,0,17,2,0,41,0,43,2,14,44,0,60,124,0,124,184
02/01/2004,MWA,IL,AGL,CE,Federal Contract Tower,0,4,1,0,5,0,6,43,0,49,0,10,44,0,54,140,0,140,194
02/02/2004,MWA,IL,AGL,CE,Federal Contract Tower,0,10,4,0,14,0,5,14,0,19,0,15,18,0,33,76,0,76,109
02/03/2004,MWA,IL,AGL,CE,Federal Contract Tower,0,9,5,0,14,0,7,39,0,46,0,16,44,0,60,88,0,88,148
02/04/2004,MWA,IL,AGL,CE,Federal Contract Tower,0,11,5,0,16,0,8,25,0,33,0,19,30,0,49,90,0,90,139
02/05/2004,MWA,IL,AGL,CE,Federal Contract Tower,0,7,0,0,7,0,4,0,0,4,0,11,0,0,11,0,0,0,11
02/06/2004,MWA,IL,AGL,CE,Federal Contract Tower,0,15,5,0,20,0,8,2,0,10,0,23,7,0,30,8,0,8,38
02/07/2004,MWA,IL,AGL,CE,Federal Contract Tower,0,6,3,0,9,0,5,10,0,15,0,11,13,0,24,4,0,4,28
02/08/2004,MWA,IL,AGL,CE,Federal Contract Tower,0,9,4,0,13,0,2,32,0,34,0,11,36,0,47,82,0,82,129
02/09/2004,MWA,IL,AGL,CE,Federal Contract Tower,0,13,5,0,18,0,1,50,0,51,0,14,55,0,69,118,0,118,187
02/10/2004,MWA,IL,AGL,CE,Federal Contract Tower,0,16,6,0,22,0,6,36,2,44,0,22,42,2,66,86,0,86,152
02/11/2004,MWA,IL,AGL,CE,Federal Contract Tower,0,13,5,0,18,0,7,21,0,28,0,20,26,0,46,64,0,64,110
02/12/2004,MWA,IL,AGL,CE,Federal Contract Tower,0,13,4,0,17,0,1,53,0,54,0,14,57,0,71,134,0,134,205
02/13/2004,MWA,IL,AGL,CE,Federal Contract Tower,0,16,4,0,20,0,5,40,0,45,0,21,44,0,65,88,0,88,153
02/14/2004,MWA,IL,AGL,CE,Federal Contract Tower,0,7,1,0,8,0,3,52,0,55,0,10,53,0,63,92,0,92,155
02/15/2004,MWA,IL,AGL,CE,Federal Contract Tower,0,6,1,0,7,0,6,60,0,66,0,12,61,0,73,128,0,128,201
02/16/2004,MWA,IL,AGL,CE,Federal Contract Tower,0,15,4,0,19,0,2,33,0,35,0,17,37,0,54,76,0,76,130
02/17/2004,MWA,IL,AGL,CE,Federal Contract Tower,0,9,2,0,11,0,3,28,0,31,0,12,30,0,42,44,0,44,86
02/18/2004,MWA,IL,AGL,CE,Federal Contract Tower,0,15,4,0,19,0,7,42,0,49,0,22,46,0,68,62,0,62,130
02/19/2004,MWA,IL,AGL,CE,Federal Contract Tower,0,10,3,0,13,0,4,36,0,40,0,14,39,0,53,88,0,88,141
02/20/2004,MWA,IL,AGL,CE,Federal Contract Tower,0,7,4,0,11,0,0,21,0,21,0,7,25,0,32,64,0,64,96
02/21/2004,MWA,IL,AGL,CE,Federal Contract Tower,0,6,3,0,9,0,0,45,0,45,0,6,48,0,54,134,0,134,188
02/22/2004,MWA,IL,AGL,CE,Federal Contract Tower,0,6,1,0,7,0,3,32,0,35,0,9,33,0,42,40,0,40,82
02/23/2004,MWA,IL,AGL,CE,Federal Contract Tower,0,6,1,0,7,0,5,45,0,50,0,11,46,0,57,144,0,144,201
02/24/2004,MWA,IL,AGL,CE,Federal Contract Tower,0,10,2,0,12,0,5,40,0,45,0,15,42,0,57,72,0,72,129
02/25/2004,MWA,IL,AGL,CE,Federal Contract Tower,0,9,2,0,11,0,7,49,0,56,0,16,51,0,67,34,0,34,101
02/26/2004,MWA,IL,AGL,CE,Federal Contract Tower,0,12,3,0,15,0,6,75,0,81,0,18,78,0,96,94,0,94,190
02/27/2004,MWA,IL,AGL,CE,Federal Contract Tower,0,14,4,0,18,0,4,98,2,104,0,18,102,2,122,186,0,186,308
02/28/2004,MWA,IL,AGL,CE,Federal Contract Tower,0,12,3,0,15,0,6,63,0,69,0,18,66,0,84,80,0,80,164
02/29/2004,MWA,IL,AGL,CE,Federal Contract Tower,0,10,3,0,13,2,1,20,0,23,2,11,23,0,36,22,0,22,58
03/01/2004,MWA,IL,AGL,CE,Federal Contract Tower,0,13,3,0,16,0,10,44,0,54,0,23,47,0,70,52,0,52,122
03/02/2004,MWA,IL,AGL,CE,Federal Contract Tower,1,12,4,0,17,0,8,99,0,107,1,20,103,0,124,114,0,114,238
03/03/2004,MWA,IL,AGL,CE,Federal Contract Tower,0,13,3,0,16,0,0,5,0,5,0,13,8,0,21,0,0,0,21
03/04/2004,MWA,IL,AGL,CE,Federal Contract Tower,0,14,4,0,18,0,4,8,0,12,0,18,12,0,30,4,0,4,34
03/05/2004,MWA,IL,AGL,CE,Federal Contract Tower,0,8,2,0,10,0,5,6,0,11,0,13,8,0,21,0,0,0,21
03/06/2004,MWA,IL,AGL,CE,Federal Contract Tower,0,8,2,0,10,0,1,5,0,6,0,9,7,0,16,30,0,30,46
03/07/2004,MWA,IL,AGL,CE,Federal Contract Tower,0,9,3,0,12,0,2,30,0,32,0,11,33,0,44,36,0,36,80
03/08/2004,MWA,IL,AGL,CE,Federal Contract Tower,0,12,4,0,16,0,6,41,0,47,0,18,45,0,63,64,0,64,127
03/09/2004,MWA,IL,AGL,CE,Federal Contract Tower,0,11,3,0,14,0,1,15,0,16,0,12,18,0,30,20,0,20,50
03/10/2004,MWA,IL,AGL,CE,Federal Contract Tower,0,12,3,0,15,0,5,37,0,42,0,17,40,0,57,86,0,86,143
03/11/2004,MWA,IL,AGL,CE,Federal Contract Tower,0,13,3,0,16,0,2,12,0,14,0,15,15,0,30,16,0,16,46
03/12/2004,MWA,IL,AGL,CE,Federal Contract Tower,0,14,3,0,17,0,1,38,0,39,0,15,41,0,56,24,0,24,80
03/13/2004,MWA,IL,AGL,CE,Federal Contract Tower,0,12,2,0,14,0,6,44,0,50,0,18,46,0,64,38,0,38,102
03/14/2004,MWA,IL,AGL,CE,Federal Contract Tower,0,8,1,0,9,0,3,31,0,34,0,11,32,0,43,22,0,22,65
03/15/2004,MWA,IL,AGL,CE,Federal Contract Tower,0,16,3,0,19,0,1,29,0,30,0,17,32,0,49,60,0,60,109
03/16/2004,MWA,IL,AGL,CE,Federal Contract Tower,0,21,4,0,25,2,3,14,0,19,2,24,18,0,44,0,0,0,44
03/17/2004,MWA,IL,AGL,CE,Federal Contract Tower,0,26,5,0,31,0,3,17,0,20,0,29,22,0,51,78,0,78,129
03/18/2004,MWA,IL,AGL,CE,Federal Contract Tower,0,20,4,0,24,0,6,19,0,25,0,26,23,0,49,54,0,54,103
03/19/2004,MWA,IL,AGL,CE,Federal Contract Tower,0,22,5,0,27,0,5,75,0,80,0,27,80,0,107,126,0,126,233
03/20/2004,MWA,IL,AGL,CE,Federal Contract Tower,0,6,1,0,7,0,0,6,0,6,0,6,7,0,13,24,0,24,37
03/21/2004,MWA,IL,AGL,CE,Federal Contract Tower,0,12,2,0,14,0,2,37,0,39,0,14,39,0,53,60,0,60,113
03/22/2004,MWA,IL,AGL,CE,Federal Contract Tower,0,11,2,0,13,0,5,67,0,72,0,16,69,0,85,78,0,78,163
03/23/2004,MWA,IL,AGL,CE,Federal Contract Tower,0,14,3,0,17,0,7,31,0,38,0,21,34,0,55,64,0,64,119
03/24/2004,MWA,IL,AGL,CE,Federal Contract Tower,0,8,1,0,9,0,3,41,0,44,0,11,42,0,53,54,0,54,107
03/25/2004,MWA,IL,AGL,CE,Federal Contract Tower,0,21,4,0,25,0,3,48,4,55,0,24,52,4,80,86,8,94,174
03/26/2004,MWA,IL,AGL,CE,Federal Contract Tower,0,9,2,0,11,0,6,34,0,40,0,15,36,0,51,42,0,42,93
03/27/2004,MWA,IL,AGL,CE,Federal Contract Tower,0,7,1,0,8,0,4,41,0,45,0,11,42,0,53,38,0,38,91
03/28/2004,MWA,IL,AGL,CE,Federal Contract Tower,0,8,1,0,9,0,2,27,0,29,0,10,28,0,38,16,0,16,54
03/29/2004,MWA,IL,AGL,CE,Federal Contract Tower,0,13,3,0,16,0,5,30,0,35,0,18,33,0,51,72,0,72,123
03/30/2004,MWA,IL,AGL,CE,Federal Contract Tower,0,7,1,0,8,0,2,10,2,14,0,9,11,2,22,18,0,18,40
03/31/2004,MWA,IL,AGL,CE,Federal Contract Tower,0,18,4,0,22,0,6,58,0,64,0,24,62,0,86,38,0,38,124
04/01/2004,MWA,IL,AGL,CE,Federal Contract Tower,0,16,4,0,20,0,5,52,2,59,0,21,56,2,79,80,2,82,161
04/02/2004,MWA,IL,AGL,CE,Federal Contract Tower,0,7,2,0,9,0,11,33,0,44,0,18,35,0,53,54,0,54,107
04/03/2004,MWA,IL,AGL,CE,Federal Contract Tower,0,6,2,0,8,0,6,37,0,43,0,12,39,0,51,86,0,86,137
04/04/2004,MWA,IL,AGL,CE,Federal Contract Tower,0,9,3,0,12,0,6,19,0,25,0,15,22,0,37,20,0,20,57
04/05/2004,MWA,IL,AGL,CE,Federal Contract Tower,0,8,2,0,10,0,0,31,0,31,0,8,33,0,41,56,0,56,97
04/06/2004,MWA,IL,AGL,CE,Federal Contract Tower,0,9,2,0,11,0,6,62,0,68,0,15,64,0,79,166,0,166,245
04/07/2004,MWA,IL,AGL,CE,Federal Contract Tower,0,9,3,0,12,0,7,82,0,89,0,16,85,0,101,188,0,188,289
04/08/2004,MWA,IL,AGL,CE,Federal Contract Tower,0,11,3,0,14,0,9,78,0,87,0,20,81,0,101,148,0,148,249
04/09/2004,MWA,IL,AGL,CE,Federal Contract Tower,0,18,4,0,22,0,7,68,0,75,0,25,72,0,97,176,0,176,273
04/10/2004,MWA,IL,AGL,CE,Federal Contract Tower,0,10,3,0,13,0,1,20,0,21,0,11,23,0,34,70,0,70,104
04/11/2004,MWA,IL,AGL,CE,Federal Contract Tower,0,6,2,0,8,0,2,9,0,11,0,8,11,0,19,24,0,24,43
04/12/2004,MWA,IL,AGL,CE,Federal Contract Tower,0,17,4,0,21,0,5,40,0,45,0,22,44,0,66,130,0,130,196
04/13/2004,MWA,IL,AGL,CE,Federal Contract Tower,0,11,2,0,13,0,4,30,0,34,0,15,32,0,47,38,0,38,85
04/14/2004,MWA,IL,AGL,CE,Federal Contract Tower,0,10,2,0,12,0,7,43,0,50,0,17,45,0,62,88,0,88,150
04/15/2004,MWA,IL,AGL,CE,Federal Contract Tower,0,15,3,0,18,0,4,60,0,64,0,19,63,0,82,96,0,96,178
04/16/2004,MWA,IL,AGL,CE,Federal Contract Tower,0,10,2,0,12,0,1,25,0,26,0,11,27,0,38,94,0,94,132
04/17/2004,MWA,IL,AGL,CE,Federal Contract Tower,0,11,2,0,13,0,4,28,0,32,0,15,30,0,45,22,0,22,67
04/18/2004,MWA,IL,AGL,CE,Federal Contract Tower,0,5,1,0,6,0,0,10,0,10,0,5,11,0,16,22,0,22,38
04/19/2004,MWA,IL,AGL,CE,Federal Contract Tower,0,9,1,0,10,0,3,14,0,17,0,12,15,0,27,28,0,28,55
04/20/2004,MWA,IL,AGL,CE,Federal Contract Tower,0,11,2,0,13,0,0,8,0,8,0,11,10,0,21,8,0,8,29
04/21/2004,MWA,IL,AGL,CE,Federal Contract Tower,0,18,3,0,21,0,0,10,0,10,0,18,13,0,31,30,0,30,61
04/22/2004,MWA,IL,AGL,CE,Federal Contract Tower,0,20,3,0,23,0,3,0,0,3,0,23,3,0,26,0,0,0,26
04/23/2004,MWA,IL,AGL,CE,Federal Contract Tower,0,14,2,0,16,0,0,0,0,0,0,14,2,0,16,0,0,0,16
04/24/2004,MWA,IL,AGL,CE,Federal Contract Tower,0,5,0,0,5,0,0,2,0,2,0,5,2,0,7,0,0,0,7
04/25/2004,MWA,IL,AGL,CE,Federal Contract Tower,0,10,1,0,11,0,2,22,0,24,0,12,23,0,35,6,0,6,41
04/26/2004,MWA,IL,AGL,CE,Federal Contract Tower,0,10,1,0,11,0,1,27,0,28,0,11,28,0,39,42,0,42,81
04/27/2004,MWA,IL,AGL,CE,Federal Contract Tower,0,9,1,0,10,0,0,22,0,22,0,9,23,0,32,34,0,34,66
04/28/2004,MWA,IL,AGL,CE,Federal Contract Tower,0,8,1,0,9,0,1,26,0,27,0,9,27,0,36,18,0,18,54
04/29/2004,MWA,IL,AGL,CE,Federal Contract Tower,0,12,2,0,14,0,0,14,0,14,0,12,16,0,28,32,0,32,60
04/30/2004,MWA,IL,AGL,CE,Federal Contract Tower,0,12,2,0,14,0,4,7,0,11,0,16,9,0,25,12,0,12,37
05/01/2004,MWA,IL,AGL,CE,Federal Contract Tower,0,5,2,0,7,0,0,3,0,3,0,5,5,0,10,0,0,0,10
05/02/2004,MWA,IL,AGL,CE,Federal Contract Tower,0,12,6,0,18,0,6,11,0,17,0,18,17,0,35,8,0,8,43
05/03/2004,MWA,IL,AGL,CE,Federal Contract Tower,0,13,6,0,19,0,4,12,0,16,0,17,18,0,35,36,0,36,71
05/04/2004,MWA,IL,AGL,CE,Federal Contract Tower,0,7,5,0,12,0,3,7,0,10,0,10,12,0,22,50,0,50,72
05/05/2004,MWA,IL,AGL,CE,Federal Contract Tower,0,7,5,0,12,0,0,16,0,16,0,7,21,0,28,70,0,70,98
05/06/2004,MWA,IL,AGL,CE,Federal Contract Tower,0,12,6,0,18,0,3,37,0,40,0,15,43,0,58,52,0,52,110
05/07/2004,MWA,IL,AGL,CE,Federal Contract Tower,0,14,7,0,21,0,10,24,0,34,0,24,31,0,55,46,0,46,101
05/08/2004,MWA,IL,AGL,CE,Federal Contract Tower,0,4,3,0,7,0,11,24,0,35,0,15,27,0,42,12,0,12,54
05/09/2004,MWA,IL,AGL,CE,Federal Contract Tower,0,5,3,0,8,0,2,12,0,14,0,7,15,0,22,0,0,0,22
05/10/2004,MWA,IL,AGL,CE,Federal Contract Tower,0,8,3,0,11,0,0,17,0,17,0,8,20,0,28,34,0,34,62
05/11/2004,MWA,IL,AGL,CE,Federal Contract Tower,0,10,3,0,13,0,3,14,0,17,0,13,17,0,30,32,0,32,62
05/12/2004,MWA,IL,AGL,CE,Federal Contract Tower,0,15,5,0,20,0,3,9,0,12,0,18,14,0,32,14,0,14,46
05/13/2004,MWA,IL,AGL,CE,Federal Contract Tower,0,16,5,0,21,0,1,10,0,11,0,17,15,0,32,8,0,8,40
05/14/2004,MWA,IL,AGL,CE,Federal Contract Tower,0,15,4,0,19,0,1,3,0,4,0,16,7,0,23,0,0,0,23
05/15/2004,MWA,IL,AGL,CE,Federal Contract Tower,0,8,2,0,10,0,3,9,4,16,0,11,11,4,26,2,0,2,28
05/16/2004,MWA,IL,AGL,CE,Federal Contract Tower,0,9,3,0,12,0,0,11,0,11,0,9,14,0,23,4,0,4,27
05/17/2004,MWA,IL,AGL,CE,Federal Contract Tower,0,10,3,0,13,0,6,27,0,33,0,16,30,0,46,26,0,26,72
05/18/2004,MWA,IL,AGL,CE,Federal Contract Tower,0,12,3,0,15,1,5,9,5,20,1,17,12,5,35,4,8,12,47
05/19/2004,MWA,IL,AGL,CE,Federal Contract Tower,0,8,2,0,10,0,6,4,2,12,0,14,6,2,22,8,6,14,36
05/20/2004,MWA,IL,AGL,CE,Federal Contract Tower,0,11,3,0,14,0,3,18,0,21,0,14,21,0,35,22,0,22,57
05/21/2004,MWA,IL,AGL,CE,Federal Contract Tower,0,9,2,0,11,0,6,22,0,28,0,15,24,0,39,46,0,46,85
05/22/2004,MWA,IL,AGL,CE,Federal Contract Tower,0,6,2,0,8,0,4,18,0,22,0,10,20,0,30,22,0,22,52
05/23/2004,MWA,IL,AGL,CE,Federal Contract Tower,0,10,3,0,13,0,1,12,0,13,0,11,15,0,26,30,0,30,56
05/24/2004,MWA,IL,AGL,CE,Federal Contract Tower,0,10,3,0,13,0,8,13,0,21,0,18,16,0,34,38,0,38,72
05/25/2004,MWA,IL,AGL,CE,Federal Contract Tower,0,10,3,0,13,0,5,14,0,19,0,15,17,0,32,16,0,16,48
05/26/2004,MWA,IL,AGL,CE,Federal Contract Tower,0,8,2,0,10,0,0,1,0,1,0,8,3,0,11,0,0,0,11
05/27/2004,MWA,IL,AGL,CE,Federal Contract Tower,0,10,3,0,13,0,0,13,0,13,0,10,16,0,26,30,0,30,56
05/28/2004,MWA,IL,AGL,CE,Federal Contract Tower,0,12,4,0,16,0,4,22,0,26,0,16,26,0,42,60,0,60,102
05/29/2004,MWA,IL,AGL,CE,Federal Contract Tower,0,9,3,0,12,0,3,41,0,44,0,12,44,0,56,52,0,52,108
05/30/2004,MWA,IL,AGL,CE,Federal Contract Tower,0,10,3,0,13,0,4,9,0,13,0,14,12,0,26,6,0,6,32
05/31/2004,MWA,IL,AGL,CE,Federal Contract Tower,0,10,3,0,13,0,7,15,0,22,0,17,18,0,35,34,0,34,69
06/01/2004,MWA,IL,AGL,CE,Federal Contract Tower,0,8,3,0,11,0,6,6,3,15,0,14,9,3,26,24,0,24,50
06/02/2004,MWA,IL,AGL,CE,Federal Contract Tower,0,10,5,0,15,0,5,15,11,31,0,15,20,11,46,14,2,16,62
06/03/2004,MWA,IL,AGL,CE,Federal Contract Tower,0,8,5,0,13,0,5,13,0,18,0,13,18,0,31,24,0,24,55
06/04/2004,MWA,IL,AGL,CE,Federal Contract Tower,0,8,5,0,13,0,6,32,0,38,0,14,37,0,51,52,0,52,103
06/05/2004,MWA,IL,AGL,CE,Federal Contract Tower,0,4,4,0,8,0,13,13,0,26,0,17,17,0,34,14,0,14,48
06/06/2004,MWA,IL,AGL,CE,Federal Contract Tower,0,10,5,0,15,0,8,10,0,18,0,18,15,0,33,22,0,22,55
06/07/2004,MWA,IL,AGL,CE,Federal Contract Tower,0,10,3,0,13,0,4,2,0,6,0,14,5,0,19,0,0,0,19
06/08/2004,MWA,IL,AGL,CE,Federal Contract Tower,0,10,3,0,13,0,3,17,0,20,0,13,20,0,33,2,0,2,35
06/09/2004,MWA,IL,AGL,CE,Federal Contract Tower,0,8,2,1,11,0,3,8,3,14,0,11,10,4,25,22,0,22,47
06/10/2004,MWA,IL,AGL,CE,Federal Contract Tower,0,10,3,0,13,0,7,11,0,18,0,17,14,0,31,34,0,34,65
06/11/2004,MWA,IL,AGL,CE,Federal Contract Tower,0,12,3,0,15,0,6,15,0,21,0,18,18,0,36,24,0,24,60
06/12/2004,MWA,IL,AGL,CE,Federal Contract Tower,0,7,2,0,9,0,4,8,0,12,0,11,10,0,21,0,0,0,21
06/13/2004,MWA,IL,AGL,CE,Federal Contract Tower,0,7,3,0,10,0,0,7,0,7,0,7,10,0,17,0,0,0,17
06/14/2004,MWA,IL,AGL,CE,Federal Contract Tower,0,11,3,0,14,0,9,18,0,27,0,20,21,0,41,26,0,26,67
06/15/2004,MWA,IL,AGL,CE,Federal Contract Tower,0,5,1,0,6,0,2,17,0,19,0,7,18,0,25,48,0,48,73
06/16/2004,MWA,IL,AGL,CE,Federal Contract Tower,0,12,4,0,16,0,1,13,2,16,0,13,17,2,32,30,0,30,62
06/17/2004,MWA,IL,AGL,CE,Federal Contract Tower,0,10,3,0,13,0,7,15,2,24,0,17,18,2,37,14,0,14,51
06/18/2004,MWA,IL,AGL,CE,Federal Contract Tower,0,11,3,0,14,0,1,11,0,12,0,12,14,0,26,22,0,22,48
06/19/2004,MWA,IL,AGL,CE,Federal Contract Tower,0,11,3,0,14,0,4,26,2,32,0,15,29,2,46,24,0,24,70
06/20/2004,MWA,IL,AGL,CE,Federal Contract Tower,0,8,2,0,10,0,2,17,0,19,0,10,19,0,29,10,0,10,39
06/21/2004,MWA,IL,AGL,CE,Federal Contract Tower,0,9,2,0,11,0,0,23,0,23,0,9,25,0,34,42,0,42,76
06/22/2004,MWA,IL,AGL,CE,Federal Contract Tower,0,11,3,0,14,0,0,12,2,14,0,11,15,2,28,14,0,14,42
06/23/2004,MWA,IL,AGL,CE,Federal Contract Tower,0,18,5,0,23,0,6,21,8,35,0,24,26,8,58,68,0,68,126
06/24/2004,MWA,IL,AGL,CE,Federal Contract Tower,0,11,3,0,14,0,1,29,2,32,0,12,32,2,46,34,0,34,80
06/25/2004,MWA,IL,AGL,CE,Federal Contract Tower,0,21,7,0,28,0,1,19,2,22,0,22,26,2,50,14,0,14,64
06/26/2004,MWA,IL,AGL,CE,Federal Contract Tower,0,9,2,0,11,0,4,53,0,57,0,13,55,0,68,64,0,64,132
06/27/2004,MWA,IL,AGL,CE,Federal Contract Tower,0,14,4,0,18,0,6,14,0,20,0,20,18,0,38,18,0,18,56
06/28/2004,MWA,IL,AGL,CE,Federal Contract Tower,0,16,5,0,21,0,3,22,0,25,0,19,27,0,46,26,0,26,72
06/29/2004,MWA,IL,AGL,CE,Federal Contract Tower,0,13,4,0,17,0,9,28,0,37,0,22,32,0,54,18,0,18,72
06/30/2004,MWA,IL,AGL,CE,Federal Contract Tower,0,12,4,0,16,0,2,22,0,24,0,14,26,0,40,64,0,64,104
07/01/2004,MWA,IL,AGL,CE,Federal Contract Tower,0,11,4,0,15,0,0,4,0,4,0,11,8,0,19,12,0,12,31
07/02/2004,MWA,IL,AGL,CE,Federal Contract Tower,0,12,5,0,17,0,3,6,0,9,0,15,11,0,26,10,0,10,36
07/03/2004,MWA,IL,AGL,CE,Federal Contract Tower,0,10,3,0,13,0,4,7,0,11,0,14,10,0,24,14,6,20,44
07/04/2004,MWA,IL,AGL,CE,Federal Contract Tower,0,3,2,0,5,0,2,6,0,8,0,5,8,0,13,4,0,4,17
07/05/2004,MWA,IL,AGL,CE,Federal Contract Tower,0,9,3,0,12,0,1,11,0,12,0,10,14,0,24,8,0,8,32
07/06/2004,MWA,IL,AGL,CE,Federal Contract Tower,0,9,3,0,12,0,3,2,2,7,0,12,5,2,19,10,0,10,29
07/07/2004,MWA,IL,AGL,CE,Federal Contract Tower,0,12,4,0,16,0,5,18,0,23,0,17,22,0,39,36,0,36,75
07/08/2004,MWA,IL,AGL,CE,Federal Contract Tower,0,11,4,0,15,0,4,24,0,28,0,15,28,0,43,34,0,34,77
07/09/2004,MWA,IL,AGL,CE,Federal Contract Tower,0,10,3,0,13,0,1,27,0,28,0,11,30,0,41,58,0,58,99
07/10/2004,MWA,IL,AGL,CE,Federal Contract Tower,0,6,2,0,8,0,1,22,0,23,0,7,24,0,31,18,0,18,49
07/11/2004,MWA,IL,AGL,CE,Federal Contract Tower,0,7,2,0,9,0,3,30,0,33,0,10,32,0,42,8,0,8,50
07/12/2004,MWA,IL,AGL,CE,Federal Contract Tower,0,7,2,0,9,0,2,3,0,5,0,9,5,0,14,20,0,20,34
07/13/2004,MWA,IL,AGL,CE,Federal Contract Tower,0,8,2,0,10,0,7,18,0,25,0,15,20,0,35,64,0,64,99
07/14/2004,MWA,IL,AGL,CE,Federal Contract Tower,0,12,3,0,15,0,3,44,6,53,0,15,47,6,68,21,0,21,89
07/15/2004,MWA,IL,AGL,CE,Federal Contract Tower,0,13,3,0,16,0,0,57,0,57,0,13,60,0,73,58,0,58,131
07/16/2004,MWA,IL,AGL,CE,Federal Contract Tower,0,13,3,0,16,0,1,19,0,20,0,14,22,0,36,40,0,40,76
07/17/2004,MWA,IL,AGL,CE,Federal Contract Tower,0,6,1,0,7,0,0,10,0,10,0,6,11,0,17,26,0,26,43
07/18/2004,MWA,IL,AGL,CE,Federal Contract Tower,0,12,2,0,14,0,2,18,0,20,0,14,20,0,34,12,0,12,46
07/19/2004,MWA,IL,AGL,CE,Federal Contract Tower,0,15,3,0,18,0,12,43,0,55,0,27,46,0,73,22,0,22,95
07/20/2004,MWA,IL,AGL,CE,Federal Contract Tower,0,12,3,0,15,0,11,26,0,37,0,23,29,0,52,32,0,32,84
07/21/2004,MWA,IL,AGL,CE,Federal Contract Tower,0,12,2,0,14,0,3,24,2,29,0,15,26,2,43,24,0,24,67
07/22/2004,MWA,IL,AGL,CE,Federal Contract Tower,0,14,3,0,17,0,3,13,0,16,0,17,16,0,33,0,0,0,33
07/23/2004,MWA,IL,AGL,CE,Federal Contract Tower,0,11,3,0,14,0,0,26,0,26,0,11,29,0,40,10,0,10,50
07/24/2004,MWA,IL,AGL,CE,Federal Contract Tower,0,5,1,0,6,0,0,34,0,34,0,5,35,0,40,42,0,42,82
07/25/2004,MWA,IL,AGL,CE,Federal Contract Tower,0,12,4,0,16,0,0,9,0,9,0,12,13,0,25,0,0,0,25
07/26/2004,MWA,IL,AGL,CE,Federal Contract Tower,0,12,3,0,15,0,5,30,12,47,0,17,33,12,62,36,0,36,98
07/27/2004,MWA,IL,AGL,CE,Federal Contract Tower,0,6,1,0,7,0,4,57,12,73,0,10,58,12,80,76,0,76,156
07/28/2004,MWA,IL,AGL,CE,Federal Contract Tower,0,11,2,0,13,0,8,42,5,55,0,19,44,5,68,52,0,52,120
07/29/2004,MWA,IL,AGL,CE,Federal Contract Tower,0,21,5,0,26,0,4,29,12,45,0,25,34,12,71,24,0,24,95
07/30/2004,MWA,IL,AGL,CE,Federal Contract Tower,0,11,2,0,13,0,0,2,2,4,0,11,4,2,17,0,0,0,17
07/31/2004,MWA,IL,AGL,CE,Federal Contract Tower,0,7,1,0,8,0,0,18,0,18,0,7,19,0,26,18,0,18,44
08/01/2004,MWA,IL,AGL,CE,Federal Contract Tower,0,7,2,0,9,0,0,24,0,24,0,7,26,0,33,10,0,10,43
08/02/2004,MWA,IL,AGL,CE,Federal Contract Tower,0,5,3,0,8,0,3,16,0,19,0,8,19,0,27,16,0,16,43
08/03/2004,MWA,IL,AGL,CE,Federal Contract Tower,0,11,4,0,15,0,2,21,0,23,0,13,25,0,38,42,0,42,80
08/04/2004,MWA,IL,AGL,CE,Federal Contract Tower,0,6,3,0,9,0,3,16,0,19,0,9,19,0,28,12,0,12,40
08/05/2004,MWA,IL,AGL,CE,Federal Contract Tower,0,2,1,0,3,0,20,27,0,47,0,22,28,0,50,36,0,36,86
08/06/2004,MWA,IL,AGL,CE,Federal Contract Tower,0,7,3,0,10,0,2,18,0,20,0,9,21,0,30,14,0,14,44
08/07/2004,MWA,IL,AGL,CE,Federal Contract Tower,0,14,3,0,17,0,5,28,0,33,0,19,31,0,50,16,0,16,66
08/08/2004,MWA,IL,AGL,CE,Federal Contract Tower,0,6,2,0,8,0,0,17,0,17,0,6,19,0,25,22,0,22,47
08/09/2004,MWA,IL,AGL,CE,Federal Contract Tower,0,6,1,1,8,0,2,15,3,20,0,8,16,4,28,28,0,28,56
08/10/2004,MWA,IL,AGL,CE,Federal Contract Tower,0,8,1,0,9,0,3,32,0,35,0,11,33,0,44,16,2,18,62
08/11/2004,MWA,IL,AGL,CE,Federal Contract Tower,0,11,2,0,13,0,5,17,0,22,0,16,19,0,35,12,0,12,47
08/12/2004,MWA,IL,AGL,CE,Federal Contract Tower,0,21,3,0,24,0,3,24,2,29,0,24,27,2,53,14,0,14,67
08/13/2004,MWA,IL,AGL,CE,Federal Contract Tower,0,11,2,0,13,0,3,43,0,46,0,14,45,0,59,24,0,24,83
08/14/2004,MWA,IL,AGL,CE,Federal Contract Tower,0,11,2,0,13,0,0,27,2,29,0,11,29,2,42,24,0,24,66
08/15/2004,MWA,IL,AGL,CE,Federal Contract Tower,0,7,1,0,8,0,1,14,0,15,0,8,15,0,23,2,0,2,25
08/16/2004,MWA,IL,AGL,CE,Federal Contract Tower,0,12,2,0,14,0,2,28,0,30,0,14,30,0,44,18,0,18,62
08/17/2004,MWA,IL,AGL,CE,Federal Contract Tower,0,12,2,0,14,0,2,22,4,28,0,14,24,4,42,20,0,20,62
08/18/2004,MWA,IL,AGL,CE,Federal Contract Tower,0,10,1,0,11,0,5,17,0,22,0,15,18,0,33,14,0,14,47
08/19/2004,MWA,IL,AGL,CE,Federal Contract Tower,0,16,2,0,18,0,2,19,2,23,0,18,21,2,41,28,0,28,69
08/20/2004,MWA,IL,AGL,CE,Federal Contract Tower,0,18,0,0,18,0,3,0,0,3,0,21,0,0,21,0,0,0,21
08/21/2004,MWA,IL,AGL,CE,Federal Contract Tower,0,9,1,0,10,0,1,28,2,31,0,10,29,2,41,18,0,18,59
08/22/2004,MWA,IL,AGL,CE,Federal Contract Tower,0,9,1,0,10,0,6,15,0,21,0,15,16,0,31,6,0,6,37
08/23/2004,MWA,IL,AGL,CE,Federal Contract Tower,0,12,2,0,14,0,5,10,1,16,0,17,12,1,30,0,0,0,30
08/24/2004,MWA,IL,AGL,CE,Federal Contract Tower,0,16,2,0,18,0,8,7,0,15,0,24,9,0,33,0,0,0,33
08/25/2004,MWA,IL,AGL,CE,Federal Contract Tower,0,17,3,0,20,0,1,13,0,14,0,18,16,0,34,0,0,0,34
08/26/2004,MWA,IL,AGL,CE,Federal Contract Tower,0,14,2,0,16,0,0,10,1,11,0,14,12,1,27,12,0,12,39
08/27/2004,MWA,IL,AGL,CE,Federal Contract Tower,0,12,2,0,14,0,2,16,0,18,0,14,18,0,32,98,0,98,130
08/28/2004,MWA,IL,AGL,CE,Federal Contract Tower,0,8,1,0,9,0,0,8,0,8,0,8,9,0,17,10,0,10,27
08/29/2004,MWA,IL,AGL,CE,Federal Contract Tower,0,13,2,0,15,0,0,4,0,4,0,13,6,0,19,0,0,0,19
08/30/2004,MWA,IL,AGL,CE,Federal Contract Tower,0,14,2,0,16,0,12,38,0,50,0,26,40,0,66,36,0,36,102
08/31/2004,MWA,IL,AGL,CE,Federal Contract Tower,0,13,2,0,15,0,5,43,6,54,0,18,45,6,69,30,0,30,99
09/01/2004,MWA,IL,AGL,CE,Federal Contract Tower,0,11,2,0,13,0,1,24,0,25,0,12,26,0,38,82,0,82,120
09/02/2004,MWA,IL,AGL,CE,Federal Contract Tower,0,11,4,0,15,0,3,26,1,30,0,14,30,1,45,52,0,52,97
09/03/2004,MWA,IL,AGL,CE,Federal Contract Tower,0,12,4,0,16,0,3,29,2,34,0,15,33,2,50,28,0,28,78
09/04/2004,MWA,IL,AGL,CE,Federal Contract Tower,0,6,4,0,10,0,6,17,0,23,0,12,21,0,33,28,0,28,61
09/05/2004,MWA,IL,AGL,CE,Federal Contract Tower,0,5,3,0,8,0,3,10,0,13,0,8,13,0,21,0,0,0,21
09/06/2004,MWA,IL,AGL,CE,Federal Contract Tower,0,7,3,0,10,0,6,8,0,14,0,13,11,0,24,16,0,16,40
09/07/2004,MWA,IL,AGL,CE,Federal Contract Tower,0,10,2,1,13,0,0,15,1,16,0,10,17,2,29,32,8,40,69
09/08/2004,MWA,IL,AGL,CE,Federal Contract Tower,0,6,1,0,7,0,0,35,0,35,0,6,36,0,42,50,0,50,92
09/09/2004,MWA,IL,AGL,CE,Federal Contract Tower,0,14,4,1,19,0,3,33,0,36,0,17,37,1,55,22,0,22,77
09/10/2004,MWA,IL,AGL,CE,Federal Contract Tower,0,14,4,1,19,1,6,47,0,54,1,20,51,1,73,68,0,68,141
09/11/2004,MWA,IL,AGL,CE,Federal Contract Tower,0,7,2,1,10,0,8,88,0,96,0,15,90,1,106,148,0,148,254
09/12/2004,MWA,IL,AGL,CE,Federal Contract Tower,0,7,1,1,9,0,40,149,1,190,0,47,150,2,199,230,1,231,430
09/13/2004,MWA,IL,AGL,CE,Federal Contract Tower,0,14,3,0,17,0,2,21,0,23,0,16,24,0,40,44,0,44,84
09/14/2004,MWA,IL,AGL,CE,Federal Contract Tower,0,11,2,0,13,0,6,18,0,24,0,17,20,0,37,12,0,12,49
09/15/2004,MWA,IL,AGL,CE,Federal Contract Tower,0,19,5,0,24,0,0,41,0,41,0,19,46,0,65,58,0,58,123
09/16/2004,MWA,IL,AGL,CE,Federal Contract Tower,0,14,3,0,17,0,5,14,1,20,0,19,17,1,37,22,0,22,59
09/17/2004,MWA,IL,AGL,CE,Federal Contract Tower,0,11,3,0,14,0,0,35,1,36,0,11,38,1,50,24,0,24,74
09/18/2004,MWA,IL,AGL,CE,Federal Contract Tower,0,13,3,0,16,0,6,42,0,48,0,19,45,0,64,20,0,20,84
09/19/2004,MWA,IL,AGL,CE,Federal Contract Tower,0,5,1,0,6,0,3,42,0,45,0,8,43,0,51,30,0,30,81
09/20/2004,MWA,IL,AGL,CE,Federal Contract Tower,0,9,2,0,11,0,1,15,0,16,0,10,17,0,27,32,0,32,59
09/21/2004,MWA,IL,AGL,CE,Federal Contract Tower,0,14,3,0,17,0,2,37,3,42,0,16,40,3,59,32,0,32,91
09/22/2004,MWA,IL,AGL,CE,Federal Contract Tower,0,18,4,0,22,0,8,44,0,52,0,26,48,0,74,62,0,62,136
09/23/2004,MWA,IL,AGL,CE,Federal Contract Tower,0,21,5,0,26,0,34,57,3,94,0,55,62,3,120,84,0,84,204
09/24/2004,MWA,IL,AGL,CE,Federal Contract Tower,0,13,3,0,16,2,11,28,0,41,2,24,31,0,57,56,0,56,113
09/25/2004,MWA,IL,AGL,CE,Federal Contract Tower,0,11,2,0,13,0,0,29,0,29,0,11,31,0,42,44,0,44,86
09/26/2004,MWA,IL,AGL,CE,Federal Contract Tower,0,8,2,0,10,0,1,11,0,12,0,9,13,0,22,10,0,10,32
09/27/2004,MWA,IL,AGL,CE,Federal Contract Tower,0,12,2,0,14,0,9,10,0,19,0,21,12,0,33,36,8,44,77
09/28/2004,MWA,IL,AGL,CE,Federal Contract Tower,0,12,2,0,14,0,5,29,0,34,0,17,31,0,48,16,0,16,64
09/29/2004,MWA,IL,AGL,CE,Federal Contract Tower,0,12,2,0,14,0,9,42,4,55,0,21,44,4,69,8,0,8,77
09/30/2004,MWA,IL,AGL,CE,Federal Contract Tower,0,12,2,0,14,0,9,51,0,60,0,21,53,0,74,36,0,36,110
10/01/2004,MWA,IL,AGL,CE,Federal Contract Tower,0,12,0,0,12,0,1,20,0,21,0,13,20,0,33,48,0,48,81
10/02/2004,MWA,IL,AGL,CE,Federal Contract Tower,0,8,3,0,11,0,1,13,0,14,0,9,16,0,25,8,2,10,35
10/03/2004,MWA,IL,AGL,CE,Federal Contract Tower,0,7,4,0,11,0,5,16,0,21,0,12,20,0,32,20,0,20,52
10/04/2004,MWA,IL,AGL,CE,Federal Contract Tower,0,12,1,0,13,0,6,22,0,28,0,18,23,0,41,18,0,18,59
10/05/2004,MWA,IL,AGL,CE,Federal Contract Tower,0,15,4,0,19,0,10,29,0,39,0,25,33,0,58,20,0,20,78
10/06/2004,MWA,IL,AGL,CE,Federal Contract Tower,0,22,2,0,24,0,5,51,0,56,0,27,53,0,80,34,0,34,114
10/07/2004,MWA,IL,AGL,CE,Federal Contract Tower,0,12,2,0,14,0,4,38,0,42,0,16,40,0,56,58,2,60,116
10/08/2004,MWA,IL,AGL,CE,Federal Contract Tower,2,22,4,0,28,0,2,9,0,11,2,24,13,0,39,2,0,2,41
10/09/2004,MWA,IL,AGL,CE,Federal Contract Tower,0,8,4,0,12,0,3,3,0,6,0,11,7,0,18,4,0,4,22
10/10/2004,MWA,IL,AGL,CE,Federal Contract Tower,0,9,7,0,16,0,0,10,0,10,0,9,17,0,26,2,0,2,28
10/11/2004,MWA,IL,AGL,CE,Federal Contract Tower,0,7,0,0,7,0,2,14,0,16,0,9,14,0,23,12,0,12,35
10/12/2004,MWA,IL,AGL,CE,Federal Contract Tower,0,11,1,0,12,0,2,0,0,2,0,13,1,0,14,0,0,0,14
10/13/2004,MWA,IL,AGL,CE,Federal Contract Tower,0,18,5,0,23,0,2,1,0,3,0,20,6,0,26,2,0,2,28
10/14/2004,MWA,IL,AGL,CE,Federal Contract Tower,0,21,5,0,26,0,0,2,0,2,0,21,7,0,28,0,0,0,28
10/15/2004,MWA,IL,AGL,CE,Federal Contract Tower,0,15,5,0,20,0,3,15,0,18,0,18,20,0,38,52,0,52,90
10/16/2004,MWA,IL,AGL,CE,Federal Contract Tower,0,10,3,0,13,0,11,46,0,57,0,21,49,0,70,10,0,10,80
10/17/2004,MWA,IL,AGL,CE,Federal Contract Tower,0,7,6,0,13,0,11,13,0,24,0,18,19,0,37,6,0,6,43
10/18/2004,MWA,IL,AGL,CE,Federal Contract Tower,0,4,2,0,6,0,3,0,0,3,0,7,2,0,9,0,0,0,9
10/19/2004,MWA,IL,AGL,CE,Federal Contract Tower,0,8,2,0,10,0,0,0,0,0,0,8,2,0,10,0,0,0,10
10/20/2004,MWA,IL,AGL,CE,Federal Contract Tower,0,10,8,0,18,0,0,1,0,1,0,10,9,0,19,0,0,0,19
10/21/2004,MWA,IL,AGL,CE,Federal Contract Tower,0,11,5,0,16,0,0,0,0,0,0,11,5,0,16,0,0,0,16
10/22/2004,MWA,IL,AGL,CE,Federal Contract Tower,0,7,3,0,10,0,5,8,0,13,0,12,11,0,23,16,0,16,39
10/23/2004,MWA,IL,AGL,CE,Federal Contract Tower,0,8,0,0,8,0,0,2,0,2,0,8,2,0,10,4,0,4,14
10/24/2004,MWA,IL,AGL,CE,Federal Contract Tower,0,12,2,0,14,0,6,43,4,53,0,18,45,4,67,38,0,38,105
10/25/2004,MWA,IL,AGL,CE,Federal Contract Tower,0,11,1,0,12,0,1,28,0,29,0,12,29,0,41,36,0,36,77
10/26/2004,MWA,IL,AGL,CE,Federal Contract Tower,0,12,0,0,12,0,1,5,0,6,0,13,5,0,18,4,0,4,22
10/27/2004,MWA,IL,AGL,CE,Federal Contract Tower,0,13,4,0,17,0,0,1,0,1,0,13,5,0,18,0,0,0,18
10/28/2004,MWA,IL,AGL,CE,Federal Contract Tower,0,8,2,0,10,0,0,0,0,0,0,8,2,0,10,0,0,0,10
10/29/2004,MWA,IL,AGL,CE,Federal Contract Tower,0,14,1,0,15,0,11,35,0,46,0,25,36,0,61,52,0,52,113
10/30/2004,MWA,IL,AGL,CE,Federal Contract Tower,0,10,3,0,13,0,2,19,0,21,0,12,22,0,34,16,0,16,50
10/31/2004,MWA,IL,AGL,CE,Federal Contract Tower,0,7,3,0,10,0,2,11,3,16,0,9,14,3,26,0,0,0,26
11/01/2004,MWA,IL,AGL,CE,Federal Contract Tower,0,11,2,0,13,0,0,0,0,0,0,11,2,0,13,0,0,0,13
11/02/2004,MWA,IL,AGL,CE,Federal Contract Tower,0,7,4,0,11,0,0,0,0,0,0,7,4,0,11,0,0,0,11
11/03/2004,MWA,IL,AGL,CE,Federal Contract Tower,0,12,5,0,17,0,0,0,0,0,0,12,5,0,17,0,0,0,17
11/04/2004,MWA,IL,AGL,CE,Federal Contract Tower,0,11,4,0,15,0,3,26,0,29,0,14,30,0,44,28,0,28,72
11/05/2004,MWA,IL,AGL,CE,Federal Contract Tower,0,20,0,0,20,0,6,63,0,69,0,26,63,0,89,66,0,66,155
11/06/2004,MWA,IL,AGL,CE,Federal Contract Tower,0,11,5,0,16,0,5,49,0,54,0,16,54,0,70,71,0,71,141
11/07/2004,MWA,IL,AGL,CE,Federal Contract Tower,0,6,4,0,10,0,2,19,2,23,0,8,23,2,33,6,0,6,39
11/08/2004,MWA,IL,AGL,CE,Federal Contract Tower,0,19,1,0,20,0,3,10,0,13,0,22,11,0,33,22,0,22,55
11/09/2004,MWA,IL,AGL,CE,Federal Contract Tower,0,15,2,0,17,0,6,27,0,33,0,21,29,0,50,12,0,12,62
11/10/2004,MWA,IL,AGL,CE,Federal Contract Tower,0,25,10,0,35,0,6,17,0,23,0,31,27,0,58,8,0,8,66
11/11/2004,MWA,IL,AGL,CE,Federal Contract Tower,0,16,2,0,18,0,0,3,0,3,0,16,5,0,21,0,0,0,21
11/12/2004,MWA,IL,AGL,CE,Federal Contract Tower,0,12,2,0,14,0,1,15,0,16,0,13,17,0,30,18,0,18,48
11/13/2004,MWA,IL,AGL,CE,Federal Contract Tower,0,7,2,0,9,0,0,30,0,30,0,7,32,0,39,36,0,36,75
11/14/2004,MWA,IL,AGL,CE,Federal Contract Tower,0,11,0,0,11,0,1,17,0,18,0,12,17,0,29,10,0,10,39
11/15/2004,MWA,IL,AGL,CE,Federal Contract Tower,0,7,1,0,8,0,5,26,0,31,0,12,27,0,39,54,0,54,93
11/16/2004,MWA,IL,AGL,CE,Federal Contract Tower,0,13,1,3,17,0,1,28,0,29,0,14,29,3,46,20,4,24,70
11/17/2004,MWA,IL,AGL,CE,Federal Contract Tower,0,10,3,0,13,0,8,20,0,28,0,18,23,0,41,30,0,30,71
11/18/2004,MWA,IL,AGL,CE,Federal Contract Tower,0,14,3,0,17,0,3,8,0,11,0,17,11,0,28,12,0,12,40
11/19/2004,MWA,IL,AGL,CE,Federal Contract Tower,0,18,2,0,20,0,0,2,0,2,0,18,4,0,22,0,0,0,22
11/20/2004,MWA,IL,AGL,CE,Federal Contract Tower,0,8,3,0,11,0,1,4,0,5,0,9,7,0,16,6,0,6,22
11/21/2004,MWA,IL,AGL,CE,Federal Contract Tower,0,10,2,0,12,0,0,0,0,0,0,10,2,0,12,0,0,0,12
11/22/2004,MWA,IL,AGL,CE,Federal Contract Tower,0,14,2,0,16,0,0,0,0,0,0,14,2,0,16,0,0,0,16
11/23/2004,MWA,IL,AGL,CE,Federal Contract Tower,0,12,0,0,12,0,2,6,0,8,0,14,6,0,20,2,0,2,22
11/24/2004,MWA,IL,AGL,CE,Federal Contract Tower,0,15,0,0,15,0,0,0,0,0,0,15,0,0,15,0,0,0,15
11/25/2004,MWA,IL,AGL,CE,Federal Contract Tower,0,8,0,0,8,0,8,3,0,11,0,16,3,0,19,2,0,2,21
11/26/2004,MWA,IL,AGL,CE,Federal Contract Tower,2,8,0,0,10,0,3,9,0,12,2,11,9,0,22,2,0,2,24
11/27/2004,MWA,IL,AGL,CE,Federal Contract Tower,2,3,0,0,5,0,3,0,0,3,2,6,0,0,8,0,0,0,8
11/28/2004,MWA,IL,AGL,CE,Federal Contract Tower,0,12,2,0,14,0,4,18,2,24,0,16,20,2,38,2,0,2,40
11/29/2004,MWA,IL,AGL,CE,Federal Contract Tower,0,16,1,0,17,0,2,0,0,2,0,18,1,0,19,0,0,0,19
11/30/2004,MWA,IL,AGL,CE,Federal Contract Tower,0,6,0,0,6,0,0,0,0,0,0,6,0,0,6,0,0,0,6
12/01/2004,MWA,IL,AGL,CE,Federal Contract Tower,0,18,0,0,18,0,8,26,0,34,0,26,26,0,52,80,0,80,132
12/02/2004,MWA,IL,AGL,CE,Federal Contract Tower,0,10,4,0,14,0,7,19,0,26,0,17,23,0,40,48,0,48,88
12/03/2004,MWA,IL,AGL,CE,Federal Contract Tower,0,12,2,0,14,0,9,33,0,42,0,21,35,0,56,22,0,22,78
12/04/2004,MWA,IL,AGL,CE,Federal Contract Tower,0,14,1,0,15,0,2,31,0,33,0,16,32,0,48,58,0,58,106
12/05/2004,MWA,IL,AGL,CE,Federal Contract Tower,0,8,2,0,10,0,3,6,0,9,0,11,8,0,19,2,0,2,21
12/06/2004,MWA,IL,AGL,CE,Federal Contract Tower,0,10,7,0,17,0,2,0,0,2,0,12,7,0,19,2,0,2,21
12/07/2004,MWA,IL,AGL,CE,Federal Contract Tower,0,12,5,0,17,0,5,17,0,22,0,17,22,0,39,28,0,28,67
12/08/2004,MWA,IL,AGL,CE,Federal Contract Tower,0,17,2,0,19,0,5,24,0,29,0,22,26,0,48,52,2,54,102
12/09/2004,MWA,IL,AGL,CE,Federal Contract Tower,0,12,9,0,21,0,0,22,0,22,0,12,31,0,43,44,0,44,87
12/10/2004,MWA,IL,AGL,CE,Federal Contract Tower,0,15,8,0,23,0,2,0,0,2,0,17,8,0,25,0,0,0,25
12/11/2004,MWA,IL,AGL,CE,Federal Contract Tower,0,11,1,0,12,0,2,9,2,13,0,13,10,2,25,14,0,14,39
12/12/2004,MWA,IL,AGL,CE,Federal Contract Tower,0,8,0,0,8,0,0,12,0,12,0,8,12,0,20,34,0,34,54
12/13/2004,MWA,IL,AGL,CE,Federal Contract Tower,0,12,3,0,15,0,5,6,0,11,0,17,9,0,26,10,0,10,36
12/14/2004,MWA,IL,AGL,CE,Federal Contract Tower,0,20,7,0,27,0,6,22,0,28,0,26,29,0,55,74,0,74,129
12/15/2004,MWA,IL,AGL,CE,Federal Contract Tower,0,11,2,0,13,0,9,29,0,38,0,20,31,0,51,58,0,58,109
12/16/2004,MWA,IL,AGL,CE,Federal Contract Tower,0,8,3,0,11,0,6,37,0,43,0,14,40,0,54,50,0,50,104
12/17/2004,MWA,IL,AGL,CE,Federal Contract Tower,0,7,2,0,9,0,8,22,0,30,0,15,24,0,39,44,0,44,83
12/18/2004,MWA,IL,AGL,CE,Federal Contract Tower,0,12,0,0,12,0,5,26,0,31,0,17,26,0,43,30,0,30,73
12/19/2004,MWA,IL,AGL,CE,Federal Contract Tower,0,7,0,0,7,0,1,0,0,1,0,8,0,0,8,0,0,0,8
12/20/2004,MWA,IL,AGL,CE,Federal Contract Tower,0,9,0,0,9,0,6,9,0,15,0,15,9,0,24,4,0,4,28
12/21/2004,MWA,IL,AGL,CE,Federal Contract Tower,0,10,5,0,15,0,3,9,0,12,0,13,14,0,27,8,0,8,35
12/22/2004,MWA,IL,AGL,CE,Federal Contract Tower,0,5,0,0,5,0,0,5,0,5,0,5,5,0,10,0,0,0,10
12/23/2004,MWA,IL,AGL,CE,Federal Contract Tower,0,11,2,0,13,0,5,3,0,8,0,16,5,0,21,0,0,0,21
12/24/2004,MWA,IL,AGL,CE,Federal Contract Tower,0,8,5,0,13,0,7,14,0,21,0,15,19,0,34,4,0,4,38
12/25/2004,MWA,IL,AGL,CE,Federal Contract Tower,0,8,0,0,8,0,7,4,0,11,0,15,4,0,19,0,0,0,19
12/26/2004,MWA,IL,AGL,CE,Federal Contract Tower,0,13,6,0,19,0,1,7,0,8,0,14,13,0,27,0,0,0,27
12/27/2004,MWA,IL,AGL,CE,Federal Contract Tower,0,11,1,0,12,0,3,8,0,11,0,14,9,0,23,0,0,0,23
12/28/2004,MWA,IL,AGL,CE,Federal Contract Tower,0,8,4,0,12,0,5,9,0,14,0,13,13,0,26,8,0,8,34
12/29/2004,MWA,IL,AGL,CE,Federal Contract Tower,0,9,8,0,17,0,0,26,0,26,0,9,34,0,43,6,0,6,49
12/30/2004,MWA,IL,AGL,CE,Federal Contract Tower,0,10,1,0,11,0,5,7,0,12,0,15,8,0,23,6,0,6,29
12/31/2004,MWA,IL,AGL,CE,Federal Contract Tower,0,11,5,0,16,0,0,0,0,0,0,11,5,0,16,0,0,0,16
01/01/2005,MWA,IL,AGL,CE,Federal Contract Tower,0,5,3,0,8,0,0,5,0,5,0,5,8,0,13,14,0,14,27
01/02/2005,MWA,IL,AGL,CE,Federal Contract Tower,0,11,0,0,11,0,0,0,0,0,0,11,0,0,11,0,0,0,11
01/03/2005,MWA,IL,AGL,CE,Federal Contract Tower,0,14,1,0,15,0,0,0,0,0,0,14,1,0,15,0,0,0,15
01/04/2005,MWA,IL,AGL,CE,Federal Contract Tower,0,11,0,0,11,0,0,0,0,0,0,11,0,0,11,0,0,0,11
01/05/2005,MWA,IL,AGL,CE,Federal Contract Tower,0,6,2,0,8,0,0,0,0,0,0,6,2,0,8,0,0,0,8
01/06/2005,MWA,IL,AGL,CE,Federal Contract Tower,0,6,2,0,8,0,0,7,0,7,0,6,9,0,15,32,0,32,47
01/07/2005,MWA,IL,AGL,CE,Federal Contract Tower,0,9,0,0,9,0,0,4,0,4,0,9,4,0,13,0,0,0,13
01/08/2005,MWA,IL,AGL,CE,Federal Contract Tower,0,9,10,0,19,0,7,12,0,19,0,16,22,0,38,24,0,24,62
01/09/2005,MWA,IL,AGL,CE,Federal Contract Tower,0,6,2,0,8,0,0,11,0,11,0,6,13,0,19,4,0,4,23
01/10/2005,MWA,IL,AGL,CE,Federal Contract Tower,0,11,4,0,15,0,0,0,0,0,0,11,4,0,15,0,0,0,15
01/11/2005,MWA,IL,AGL,CE,Federal Contract Tower,0,16,0,0,16,0,0,3,0,3,0,16,3,0,19,2,0,2,21
01/12/2005,MWA,IL,AGL,CE,Federal Contract Tower,0,6,1,0,7,0,4,0,0,4,0,10,1,0,11,2,0,2,13
01/13/2005,MWA,IL,AGL,CE,Federal Contract Tower,0,9,0,0,9,0,2,0,0,2,0,11,0,0,11,0,0,0,11
01/14/2005,MWA,IL,AGL,CE,Federal Contract Tower,0,12,0,0,12,0,1,41,0,42,0,13,41,0,54,64,0,64,118
01/15/2005,MWA,IL,AGL,CE,Federal Contract Tower,0,8,2,0,10,0,1,18,3,22,0,9,20,3,32,0,0,0,32
01/16/2005,MWA,IL,AGL,CE,Federal Contract Tower,0,12,2,0,14,0,3,15,0,18,0,15,17,0,32,6,0,6,38
01/17/2005,MWA,IL,AGL,CE,Federal Contract Tower,0,8,0,0,8,0,2,9,0,11,0,10,9,0,19,20,0,20,39
01/18/2005,MWA,IL,AGL,CE,Federal Contract Tower,1,9,1,0,11,0,5,9,0,14,1,14,10,0,25,10,0,10,35
01/19/2005,MWA,IL,AGL,CE,Federal Contract Tower,0,11,1,0,12,0,5,22,0,27,0,16,23,0,39,32,0,32,71
01/20/2005,MWA,IL,AGL,CE,Federal Contract Tower,0,10,0,0,10,0,9,15,0,24,0,19,15,0,34,18,0,18,52
01/21/2005,MWA,IL,AGL,CE,Federal Contract Tower,0,9,2,0,11,0,7,0,0,7,0,16,2,0,18,0,0,0,18
01/22/2005,MWA,IL,AGL,CE,Federal Contract Tower,0,11,0,0,11,0,0,0,0,0,0,11,0,0,11,0,0,0,11
01/23/2005,MWA,IL,AGL,CE,Federal Contract Tower,1,11,0,0,12,0,4,9,0,13,1,15,9,0,25,18,0,18,43
01/24/2005,MWA,IL,AGL,CE,Federal Contract Tower,0,10,1,0,11,0,5,19,0,24,0,15,20,0,35,26,0,26,61
01/25/2005,MWA,IL,AGL,CE,Federal Contract Tower,0,12,1,0,13,0,5,29,0,34,0,17,30,0,47,66,0,66,113
01/26/2005,MWA,IL,AGL,CE,Federal Contract Tower,0,11,5,0,16,0,8,12,0,20,0,19,17,0,36,26,0,26,62
01/27/2005,MWA,IL,AGL,CE,Federal Contract Tower,0,9,0,0,9,0,5,32,0,37,0,14,32,0,46,56,0,56,102
01/28/2005,MWA,IL,AGL,CE,Federal Contract Tower,0,10,0,0,10,0,0,23,0,23,0,10,23,0,33,4,0,4,37
01/29/2005,MWA,IL,AGL,CE,Federal Contract Tower,0,6,0,0,6,0,0,0,0,0,0,6,0,0,6,0,0,0,6
01/30/2005,MWA,IL,AGL,CE,Federal Contract Tower,0,10,4,0,14,0,2,10,0,12,0,12,14,0,26,4,0,4,30
01/31/2005,MWA,IL,AGL,CE,Federal Contract Tower,0,10,2,0,12,0,0,0,0,0,0,10,2,0,12,0,0,0,12
02/01/2005,MWA,IL,AGL,CE,Federal Contract Tower,0,10,1,2,13,0,6,8,0,14,0,16,9,2,27,12,20,32,59
02/02/2005,MWA,IL,AGL,CE,Federal Contract Tower,0,10,1,0,11,0,0,0,0,0,0,10,1,0,11,0,0,0,11
02/03/2005,MWA,IL,AGL,CE,Federal Contract Tower,0,9,3,0,12,0,3,15,0,18,0,12,18,0,30,68,0,68,98
02/04/2005,MWA,IL,AGL,CE,Federal Contract Tower,2,20,3,0,25,0,3,27,0,30,2,23,30,0,55,12,0,12,67
02/05/2005,MWA,IL,AGL,CE,Federal Contract Tower,0,6,1,0,7,0,0,31,1,32,0,6,32,1,39,26,0,26,65
02/06/2005,MWA,IL,AGL,CE,Federal Contract Tower,0,6,1,0,7,0,4,7,0,11,0,10,8,0,18,0,0,0,18
02/07/2005,MWA,IL,AGL,CE,Federal Contract Tower,0,15,2,0,17,0,4,0,0,4,0,19,2,0,21,0,0,0,21
02/08/2005,MWA,IL,AGL,CE,Federal Contract Tower,1,9,3,0,13,0,0,0,0,0,1,9,3,0,13,0,0,0,13
02/09/2005,MWA,IL,AGL,CE,Federal Contract Tower,0,9,2,0,11,0,0,0,0,0,0,9,2,0,11,0,0,0,11
02/10/2005,MWA,IL,AGL,CE,Federal Contract Tower,0,19,2,0,21,0,3,26,2,31,0,22,28,2,52,54,0,54,106
02/11/2005,MWA,IL,AGL,CE,Federal Contract Tower,0,9,2,0,11,0,7,35,0,42,0,16,37,0,53,56,0,56,109
02/12/2005,MWA,IL,AGL,CE,Federal Contract Tower,0,8,1,0,9,0,5,39,0,44,0,13,40,0,53,26,0,26,79
02/13/2005,MWA,IL,AGL,CE,Federal Contract Tower,0,10,2,0,12,0,0,0,0,0,0,10,2,0,12,0,0,0,12
02/14/2005,MWA,IL,AGL,CE,Federal Contract Tower,0,10,5,0,15,0,7,30,0,37,0,17,35,0,52,64,0,64,116
02/15/2005,MWA,IL,AGL,CE,Federal Contract Tower,0,16,3,0,19,0,2,31,0,33,0,18,34,0,52,26,0,26,78
02/16/2005,MWA,IL,AGL,CE,Federal Contract Tower,0,19,5,0,24,0,4,26,0,30,0,23,31,0,54,66,0,66,120
02/17/2005,MWA,IL,AGL,CE,Federal Contract Tower,0,14,4,0,18,0,6,42,0,48,0,20,46,0,66,30,0,30,96
02/18/2005,MWA,IL,AGL,CE,Federal Contract Tower,0,23,0,0,23,1,1,51,0,53,1,24,51,0,76,26,0,26,102
02/19/2005,MWA,IL,AGL,CE,Federal Contract Tower,0,8,2,0,10,0,11,7,0,18,0,19,9,0,28,4,0,4,32
02/20/2005,MWA,IL,AGL,CE,Federal Contract Tower,0,9,1,0,10,0,0,0,0,0,0,9,1,0,10,0,0,0,10
02/21/2005,MWA,IL,AGL,CE,Federal Contract Tower,0,12,7,0,19,0,7,3,0,10,0,19,10,0,29,0,0,0,29
02/22/2005,MWA,IL,AGL,CE,Federal Contract Tower,0,13,2,0,15,0,0,1,0,1,0,13,3,0,16,2,0,2,18
02/23/2005,MWA,IL,AGL,CE,Federal Contract Tower,0,7,1,0,8,0,2,5,0,7,0,9,6,0,15,4,0,4,19
02/24/2005,MWA,IL,AGL,CE,Federal Contract Tower,0,9,0,0,9,0,5,20,0,25,0,14,20,0,34,16,0,16,50
02/25/2005,MWA,IL,AGL,CE,Federal Contract Tower,1,13,5,0,19,0,9,49,0,58,1,22,54,0,77,38,0,38,115
02/26/2005,MWA,IL,AGL,CE,Federal Contract Tower,0,7,3,0,10,0,2,52,2,56,0,9,55,2,66,62,0,62,128
02/27/2005,MWA,IL,AGL,CE,Federal Contract Tower,0,7,2,0,9,0,0,14,1,15,0,7,16,1,24,24,0,24,48
02/28/2005,MWA,IL,AGL,CE,Federal Contract Tower,0,12,0,0,12,0,2,0,0,2,0,14,0,0,14,0,0,0,14
03/01/2005,MWA,IL,AGL,CE,Federal Contract Tower,0,12,1,0,13,0,0,19,0,19,0,12,20,0,32,28,0,28,60
03/02/2005,MWA,IL,AGL,CE,Federal Contract Tower,0,6,2,0,8,0,7,48,0,55,0,13,50,0,63,22,0,22,85
03/03/2005,MWA,IL,AGL,CE,Federal Contract Tower,0,9,1,0,10,0,4,45,0,49,0,13,46,0,59,40,0,40,99
03/04/2005,MWA,IL,AGL,CE,Federal Contract Tower,0,9,4,0,13,0,7,25,0,32,0,16,29,0,45,48,0,48,93
03/05/2005,MWA,IL,AGL,CE,Federal Contract Tower,0,10,7,0,17,0,5,19,0,24,0,15,26,0,41,2,0,2,43
03/06/2005,MWA,IL,AGL,CE,Federal Contract Tower,0,5,1,0,6,0,9,14,0,23,0,14,15,0,29,54,0,54,83
03/07/2005,MWA,IL,AGL,CE,Federal Contract Tower,0,13,1,0,14,0,4,4,0,8,0,17,5,0,22,12,0,12,34
03/08/2005,MWA,IL,AGL,CE,Federal Contract Tower,0,10,0,0,10,0,4,24,0,28,0,14,24,0,38,36,0,36,74
03/09/2005,MWA,IL,AGL,CE,Federal Contract Tower,0,13,1,0,14,0,2,23,0,25,0,15,24,0,39,16,0,16,55
03/10/2005,MWA,IL,AGL,CE,Federal Contract Tower,0,7,3,0,10,0,6,29,0,35,0,13,32,0,45,26,0,26,71
03/11/2005,MWA,IL,AGL,CE,Federal Contract Tower,0,7,0,0,7,0,4,2,0,6,0,11,2,0,13,4,0,4,17
03/12/2005,MWA,IL,AGL,CE,Federal Contract Tower,0,6,7,0,13,0,10,44,0,54,0,16,51,0,67,10,0,10,77
03/13/2005,MWA,IL,AGL,CE,Federal Contract Tower,0,7,4,0,11,0,0,7,0,7,0,7,11,0,18,26,0,26,44
03/14/2005,MWA,IL,AGL,CE,Federal Contract Tower,0,14,1,0,15,0,6,30,0,36,0,20,31,0,51,0,0,0,51
03/15/2005,MWA,IL,AGL,CE,Federal Contract Tower,0,14,2,0,16,0,15,21,0,36,0,29,23,0,52,12,0,12,64
03/16/2005,MWA,IL,AGL,CE,Federal Contract Tower,0,11,1,0,12,0,21,20,0,41,0,32,21,0,53,22,0,22,75
03/17/2005,MWA,IL,AGL,CE,Federal Contract Tower,0,19,2,0,21,0,26,30,0,56,0,45,32,0,77,68,0,68,145
03/18/2005,MWA,IL,AGL,CE,Federal Contract Tower,0,13,1,0,14,0,5,11,0,16,0,18,12,0,30,6,0,6,36
03/19/2005,MWA,IL,AGL,CE,Federal Contract Tower,0,7,3,0,10,0,3,24,0,27,0,10,27,0,37,24,0,24,61
03/20/2005,MWA,IL,AGL,CE,Federal Contract Tower,0,13,2,0,15,0,7,21,0,28,0,20,23,0,43,30,0,30,73
03/21/2005,MWA,IL,AGL,CE,Federal Contract Tower,0,7,0,0,7,0,11,23,0,34,0,18,23,0,41,52,0,52,93
03/22/2005,MWA,IL,AGL,CE,Federal Contract Tower,0,10,8,0,18,0,0,0,0,0,0,10,8,0,18,0,0,0,18
03/23/2005,MWA,IL,AGL,CE,Federal Contract Tower,0,14,8,0,22,0,4,5,0,9,0,18,13,0,31,2,0,2,33
03/24/2005,MWA,IL,AGL,CE,Federal Contract Tower,0,15,4,0,19,0,10,12,0,22,0,25,16,0,41,42,0,42,83
03/25/2005,MWA,IL,AGL,CE,Federal Contract Tower,0,8,6,0,14,0,1,24,0,25,0,9,30,0,39,80,0,80,119
03/26/2005,MWA,IL,AGL,CE,Federal Contract Tower,0,7,7,0,14,0,1,2,0,3,0,8,9,0,17,2,0,2,19
03/27/2005,MWA,IL,AGL,CE,Federal Contract Tower,0,5,0,0,5,0,0,0,0,0,0,5,0,0,5,0,0,0,5
03/28/2005,MWA,IL,AGL,CE,Federal Contract Tower,0,15,5,0,20,0,3,24,0,27,0,18,29,0,47,16,0,16,63
03/29/2005,MWA,IL,AGL,CE,Federal Contract Tower,0,12,0,0,12,0,6,52,0,58,0,18,52,0,70,66,0,66,136
03/30/2005,MWA,IL,AGL,CE,Federal Contract Tower,0,8,2,0,10,0,4,5,0,9,0,12,7,0,19,6,0,6,25
03/31/2005,MWA,IL,AGL,CE,Federal Contract Tower,0,11,3,0,14,0,3,41,0,44,0,14,44,0,58,78,0,78,136
04/01/2005,MWA,IL,AGL,CE,Federal Contract Tower,0,10,4,0,14,0,4,23,0,27,0,14,27,0,41,62,0,62,103
04/02/2005,MWA,IL,AGL,CE,Federal Contract Tower,0,5,1,0,6,0,7,16,0,23,0,12,17,0,29,8,0,8,37
04/03/2005,MWA,IL,AGL,CE,Federal Contract Tower,0,8,9,0,17,0,5,37,0,42,0,13,46,0,59,16,0,16,75
04/04/2005,MWA,IL,AGL,CE,Federal Contract Tower,0,12,2,0,14,0,7,42,0,49,0,19,44,0,63,40,0,40,103
04/05/2005,MWA,IL,AGL,CE,Federal Contract Tower,0,11,3,0,14,0,2,35,0,37,0,13,38,0,51,36,0,36,87
04/06/2005,MWA,IL,AGL,CE,Federal Contract Tower,0,12,3,0,15,0,5,0,0,5,0,17,3,0,20,8,0,8,28
04/07/2005,MWA,IL,AGL,CE,Federal Contract Tower,0,7,0,0,7,0,0,2,0,2,0,7,2,0,9,0,0,0,9
04/08/2005,MWA,IL,AGL,CE,Federal Contract Tower,0,10,7,0,17,0,4,47,15,66,0,14,54,15,83,18,0,18,101
04/09/2005,MWA,IL,AGL,CE,Federal Contract Tower,0,5,4,0,9,0,4,64,4,72,0,9,68,4,81,36,0,36,117
04/10/2005,MWA,IL,AGL,CE,Federal Contract Tower,0,4,2,0,6,0,0,28,0,28,0,4,30,0,34,20,0,20,54
04/11/2005,MWA,IL,AGL,CE,Federal Contract Tower,0,10,0,0,10,0,5,13,0,18,0,15,13,0,28,14,0,14,42
04/12/2005,MWA,IL,AGL,CE,Federal Contract Tower,0,8,3,0,11,0,2,6,0,8,0,10,9,0,19,18,0,18,37
04/13/2005,MWA,IL,AGL,CE,Federal Contract Tower,0,11,18,0,29,0,0,3,0,3,0,11,21,0,32,0,0,0,32
04/14/2005,MWA,IL,AGL,CE,Federal Contract Tower,0,7,5,0,12,0,5,57,0,62,0,12,62,0,74,96,0,96,170
04/15/2005,MWA,IL,AGL,CE,Federal Contract Tower,0,18,3,0,21,0,10,62,0,72,0,28,65,0,93,72,0,72,165
04/16/2005,MWA,IL,AGL,CE,Federal Contract Tower,0,8,1,0,9,0,2,52,0,54,0,10,53,0,63,64,0,64,127
04/17/2005,MWA,IL,AGL,CE,Federal Contract Tower,0,8,4,0,12,0,2,24,0,26,0,10,28,0,38,48,0,48,86
04/18/2005,MWA,IL,AGL,CE,Federal Contract Tower,0,10,1,2,13,0,10,29,0,39,0,20,30,2,52,100,0,100,152
04/19/2005,MWA,IL,AGL,CE,Federal Contract Tower,0,9,0,0,9,0,5,50,0,55,0,14,50,0,64,76,0,76,140
04/20/2005,MWA,IL,AGL,CE,Federal Contract Tower,0,11,0,0,11,0,7,59,0,66,0,18,59,0,77,108,0,108,185
04/21/2005,MWA,IL,AGL,CE,Federal Contract Tower,0,13,3,0,16,0,4,18,0,22,0,17,21,0,38,24,0,24,62
04/22/2005,MWA,IL,AGL,CE,Federal Contract Tower,0,13,4,0,17,0,3,16,0,19,0,16,20,0,36,26,0,26,62
04/23/2005,MWA,IL,AGL,CE,Federal Contract Tower,0,10,1,2,13,0,1,0,0,1,0,11,1,2,14,0,0,0,14
04/24/2005,MWA,IL,AGL,CE,Federal Contract Tower,0,9,5,0,14,0,2,22,1,25,0,11,27,1,39,8,0,8,47
04/25/2005,MWA,IL,AGL,CE,Federal Contract Tower,0,13,2,0,15,0,6,36,0,42,0,19,38,0,57,54,0,54,111
04/26/2005,MWA,IL,AGL,CE,Federal Contract Tower,0,17,1,0,18,0,3,51,0,54,0,20,52,0,72,97,0,97,169
04/27/2005,MWA,IL,AGL,CE,Federal Contract Tower,0,17,3,0,20,0,5,56,0,61,0,22,59,0,81,76,0,76,157
04/28/2005,MWA,IL,AGL,CE,Federal Contract Tower,0,14,8,0,22,0,2,1,0,3,0,16,9,0,25,0,0,0,25
04/29/2005,MWA,IL,AGL,CE,Federal Contract Tower,0,14,7,0,21,0,0,0,0,0,0,14,7,0,21,6,0,6,27
04/30/2005,MWA,IL,AGL,CE,Federal Contract Tower,0,9,3,0,12,0,2,11,0,13,0,11,14,0,25,12,0,12,37
05/01/2005,MWA,IL,AGL,CE,Federal Contract Tower,0,9,5,0,14,0,6,39,0,45,0,15,44,0,59,94,0,94,153
05/02/2005,MWA,IL,AGL,CE,Federal Contract Tower,0,11,1,0,12,0,3,51,0,54,0,14,52,0,66,110,2,112,178
05/03/2005,MWA,IL,AGL,CE,Federal Contract Tower,1,14,2,0,17,0,3,40,3,46,1,17,42,3,63,78,0,78,141
05/04/2005,MWA,IL,AGL,CE,Federal Contract Tower,1,16,7,0,24,0,9,58,0,67,1,25,65,0,91,60,0,60,151
05/05/2005,MWA,IL,AGL,CE,Federal Contract Tower,0,13,3,0,16,0,6,29,0,35,0,19,32,0,51,38,0,38,89
05/06/2005,MWA,IL,AGL,CE,Federal Contract Tower,0,17,3,0,20,0,3,28,0,31,0,20,31,0,51,51,0,51,102
05/07/2005,MWA,IL,AGL,CE,Federal Contract Tower,0,6,1,0,7,0,3,16,0,19,0,9,17,0,26,38,0,38,64
05/08/2005,MWA,IL,AGL,CE,Federal Contract Tower,0,8,2,0,10,0,0,13,0,13,0,8,15,0,23,0,0,0,23
05/09/2005,MWA,IL,AGL,CE,Federal Contract Tower,0,13,3,0,16,0,4,5,0,9,0,17,8,0,25,4,0,4,29
05/10/2005,MWA,IL,AGL,CE,Federal Contract Tower,0,12,0,0,12,0,7,45,0,52,0,19,45,0,64,84,0,84,148
05/11/2005,MWA,IL,AGL,CE,Federal Contract Tower,0,8,2,0,10,0,6,27,0,33,0,14,29,0,43,52,0,52,95
05/12/2005,MWA,IL,AGL,CE,Federal Contract Tower,0,20,4,0,24,0,2,29,0,31,0,22,33,0,55,70,0,70,125
05/13/2005,MWA,IL,AGL,CE,Federal Contract Tower,0,13,2,0,15,0,2,25,0,27,0,15,27,0,42,80,0,80,122
05/14/2005,MWA,IL,AGL,CE,Federal Contract Tower,0,6,2,0,8,0,2,7,1,10,0,8,9,1,18,0,0,0,18
05/15/2005,MWA,IL,AGL,CE,Federal Contract Tower,0,7,2,0,9,0,5,21,0,26,0,12,23,0,35,8,0,8,43
05/16/2005,MWA,IL,AGL,CE,Federal Contract Tower,0,9,4,0,13,0,2,41,0,43,0,11,45,0,56,68,0,68,124
05/17/2005,MWA,IL,AGL,CE,Federal Contract Tower,0,12,0,0,12,0,3,34,2,39,0,15,34,2,51,66,0,66,117
05/18/2005,MWA,IL,AGL,CE,Federal Contract Tower,0,12,3,0,15,0,6,43,0,49,0,18,46,0,64,64,0,64,128
05/19/2005,MWA,IL,AGL,CE,Federal Contract Tower,0,9,1,0,10,0,0,36,0,36,0,9,37,0,46,126,0,126,172
05/20/2005,MWA,IL,AGL,CE,Federal Contract Tower,0,15,2,0,17,0,4,29,0,33,0,19,31,0,50,74,0,74,124
05/21/2005,MWA,IL,AGL,CE,Federal Contract Tower,0,8,4,0,12,0,1,21,0,22,0,9,25,0,34,64,0,64,98
05/22/2005,MWA,IL,AGL,CE,Federal Contract Tower,0,7,4,0,11,0,3,22,0,25,0,10,26,0,36,0,0,0,36
05/23/2005,MWA,IL,AGL,CE,Federal Contract Tower,0,7,1,2,10,0,5,30,0,35,0,12,31,2,45,78,2,80,125
05/24/2005,MWA,IL,AGL,CE,Federal Contract Tower,0,13,3,0,16,0,4,19,0,23,0,17,22,0,39,62,0,62,101
05/25/2005,MWA,IL,AGL,CE,Federal Contract Tower,0,13,3,0,16,0,2,43,0,45,0,15,46,0,61,120,0,120,181
05/26/2005,MWA,IL,AGL,CE,Federal Contract Tower,0,16,6,0,22,0,10,28,0,38,0,26,34,0,60,28,0,28,88
05/27/2005,MWA,IL,AGL,CE,Federal Contract Tower,0,16,5,0,21,0,8,39,0,47,0,24,44,0,68,46,0,46,114
05/28/2005,MWA,IL,AGL,CE,Federal Contract Tower,0,12,1,0,13,0,1,24,0,25,0,13,25,0,38,32,0,32,70
05/29/2005,MWA,IL,AGL,CE,Federal Contract Tower,0,11,4,0,15,0,8,19,0,27,0,19,23,0,42,18,0,18,60
05/30/2005,MWA,IL,AGL,CE,Federal Contract Tower,0,6,5,0,11,0,0,24,0,24,0,6,29,0,35,12,0,12,47
05/31/2005,MWA,IL,AGL,CE,Federal Contract Tower,0,12,2,0,14,0,9,23,2,34,0,21,25,2,48,64,4,68,116
06/01/2005,MWA,IL,AGL,CE,Federal Contract Tower,0,20,2,0,22,0,5,18,0,23,0,25,20,0,45,44,0,44,89
06/02/2005,MWA,IL,AGL,CE,Federal Contract Tower,0,12,7,0,19,0,1,2,0,3,0,13,9,0,22,0,0,0,22
06/03/2005,MWA,IL,AGL,CE,Federal Contract Tower,0,17,0,2,19,0,2,9,0,11,0,19,9,2,30,4,0,4,34
06/04/2005,MWA,IL,AGL,CE,Federal Contract Tower,0,5,4,1,10,0,10,19,0,29,0,15,23,1,39,8,0,8,47
06/05/2005,MWA,IL,AGL,CE,Federal Contract Tower,0,12,3,0,15,0,5,11,0,16,0,17,14,0,31,12,0,12,43
06/06/2005,MWA,IL,AGL,CE,Federal Contract Tower,0,10,0,0,10,0,0,12,0,12,0,10,12,0,22,46,0,46,68
06/07/2005,MWA,IL,AGL,CE,Federal Contract Tower,0,9,0,0,9,0,1,27,1,29,0,10,27,1,38,34,0,34,72
06/08/2005,MWA,IL,AGL,CE,Federal Contract Tower,0,13,2,2,17,0,12,44,0,56,0,25,46,2,73,34,6,40,113
06/09/2005,MWA,IL,AGL,CE,Federal Contract Tower,0,11,4,0,15,0,7,24,1,32,0,18,28,1,47,46,0,46,93
06/10/2005,MWA,IL,AGL,CE,Federal Contract Tower,0,16,3,0,19,0,6,16,0,22,0,22,19,0,41,14,0,14,55
06/11/2005,MWA,IL,AGL,CE,Federal Contract Tower,0,7,0,0,7,0,2,2,0,4,0,9,2,0,11,0,0,0,11
06/12/2005,MWA,IL,AGL,CE,Federal Contract Tower,0,9,4,0,13,0,2,0,0,2,0,11,4,0,15,0,0,0,15
06/13/2005,MWA,IL,AGL,CE,Federal Contract Tower,0,15,2,0,17,0,3,15,2,20,0,18,17,2,37,12,0,12,49
06/14/2005,MWA,IL,AGL,CE,Federal Contract Tower,0,19,3,0,22,0,2,32,0,34,0,21,35,0,56,22,0,22,78
06/15/2005,MWA,IL,AGL,CE,Federal Contract Tower,0,22,0,0,22,0,6,39,2,47,0,28,39,2,69,48,0,48,117
06/16/2005,MWA,IL,AGL,CE,Federal Contract Tower,0,19,4,0,23,0,4,25,4,33,0,23,29,4,56,46,0,46,102
06/17/2005,MWA,IL,AGL,CE,Federal Contract Tower,0,19,0,0,19,0,3,40,2,45,0,22,40,2,64,78,0,78,142
06/18/2005,MWA,IL,AGL,CE,Federal Contract Tower,0,5,1,0,6,0,7,24,0,31,0,12,25,0,37,4,0,4,41
06/19/2005,MWA,IL,AGL,CE,Federal Contract Tower,0,8,6,0,14,0,2,26,0,28,0,10,32,0,42,10,0,10,52
06/20/2005,MWA,IL,AGL,CE,Federal Contract Tower,0,12,2,0,14,0,10,35,0,45,0,22,37,0,59,28,0,28,87
06/21/2005,MWA,IL,AGL,CE,Federal Contract Tower,0,12,0,0,12,0,11,44,0,55,0,23,44,0,67,24,0,24,91
06/22/2005,MWA,IL,AGL,CE,Federal Contract Tower,0,7,2,0,9,0,6,18,2,26,0,13,20,2,35,34,0,34,69
06/23/2005,MWA,IL,AGL,CE,Federal Contract Tower,0,17,6,0,23,0,5,26,2,33,0,22,32,2,56,74,0,74,130
06/24/2005,MWA,IL,AGL,CE,Federal Contract Tower,0,16,4,0,20,0,2,31,0,33,0,18,35,0,53,46,0,46,99
06/25/2005,MWA,IL,AGL,CE,Federal Contract Tower,0,11,3,0,14,0,5,12,2,19,0,16,15,2,33,6,0,6,39
06/26/2005,MWA,IL,AGL,CE,Federal Contract Tower,0,5,6,0,11,0,6,13,0,19,0,11,19,0,30,4,0,4,34
06/27/2005,MWA,IL,AGL,CE,Federal Contract Tower,0,15,5,0,20,0,1,34,0,35,0,16,39,0,55,32,0,32,87
06/28/2005,MWA,IL,AGL,CE,Federal Contract Tower,0,16,0,0,16,0,4,25,7,36,0,20,25,7,52,34,0,34,86
06/29/2005,MWA,IL,AGL,CE,Federal Contract Tower,0,12,0,0,12,0,10,26,3,39,0,22,26,3,51,54,0,54,105
06/30/2005,MWA,IL,AGL,CE,Federal Contract Tower,0,9,3,0,12,0,3,5,1,9,0,12,8,1,21,70,0,70,91
07/01/2005,MWA,IL,AGL,CE,Federal Contract Tower,0,20,0,0,20,0,10,24,0,34,0,30,24,0,54,42,0,42,96
07/02/2005,MWA,IL,AGL,CE,Federal Contract Tower,0,9,2,0,11,0,5,23,0,28,0,14,25,0,39,30,0,30,69
07/03/2005,MWA,IL,AGL,CE,Federal Contract Tower,0,5,2,0,7,0,0,12,0,12,0,5,14,0,19,6,0,6,25
07/04/2005,MWA,IL,AGL,CE,Federal Contract Tower,0,7,1,0,8,0,2,15,0,17,0,9,16,0,25,8,0,8,33
07/05/2005,MWA,IL,AGL,CE,Federal Contract Tower,0,16,3,0,19,0,5,17,0,22,0,21,20,0,41,10,0,10,51
07/06/2005,MWA,IL,AGL,CE,Federal Contract Tower,0,16,1,0,17,0,3,24,4,31,0,19,25,4,48,66,0,66,114
07/07/2005,MWA,IL,AGL,CE,Federal Contract Tower,0,8,2,0,10,0,5,27,0,32,0,13,29,0,42,56,0,56,98
07/08/2005,MWA,IL,AGL,CE,Federal Contract Tower,0,12,2,0,14,0,9,44,1,54,0,21,46,1,68,30,0,30,98
07/09/2005,MWA,IL,AGL,CE,Federal Contract Tower,0,7,4,0,11,0,3,25,0,28,0,10,29,0,39,26,0,26,65
07/10/2005,MWA,IL,AGL,CE,Federal Contract Tower,0,12,1,0,13,0,2,11,0,13,0,14,12,0,26,16,0,16,42
07/11/2005,MWA,IL,AGL,CE,Federal Contract Tower,0,11,9,0,20,0,0,1,0,1,0,11,10,0,21,0,0,0,21
07/12/2005,MWA,IL,AGL,CE,Federal Contract Tower,0,11,4,0,15,0,2,3,0,5,0,13,7,0,20,0,0,0,20
07/13/2005,MWA,IL,AGL,CE,Federal Contract Tower,0,10,10,0,20,0,1,10,0,11,0,11,20,0,31,8,0,8,39
07/14/2005,MWA,IL,AGL,CE,Federal Contract Tower,0,15,7,0,22,0,4,13,0,17,0,19,20,0,39,24,0,24,63
07/15/2005,MWA,IL,AGL,CE,Federal Contract Tower,0,16,7,0,23,0,1,10,0,11,0,17,17,0,34,0,0,0,34
07/16/2005,MWA,IL,AGL,CE,Federal Contract Tower,0,8,7,0,15,0,6,7,3,16,0,14,14,3,31,14,0,14,45
07/17/2005,MWA,IL,AGL,CE,Federal Contract Tower,0,11,3,0,14,0,1,15,0,16,0,12,18,0,30,32,0,32,62
07/18/2005,MWA,IL,AGL,CE,Federal Contract Tower,0,15,1,0,16,0,4,24,0,28,0,19,25,0,44,38,0,38,82
07/19/2005,MWA,IL,AGL,CE,Federal Contract Tower,0,21,4,0,25,0,4,33,6,43,0,25,37,6,68,66,3,69,137
07/20/2005,MWA,IL,AGL,CE,Federal Contract Tower,0,14,8,0,22,0,4,43,9,56,0,18,51,9,78,62,0,62,140
07/21/2005,MWA,IL,AGL,CE,Federal Contract Tower,0,16,2,0,18,0,10,42,4,56,0,26,44,4,74,38,0,38,112
07/22/2005,MWA,IL,AGL,CE,Federal Contract Tower,0,14,5,0,19,0,4,26,0,30,0,18,31,0,49,52,0,52,101
07/23/2005,MWA,IL,AGL,CE,Federal Contract Tower,0,7,1,0,8,0,2,22,4,28,0,9,23,4,36,42,0,42,78
07/24/2005,MWA,IL,AGL,CE,Federal Contract Tower,0,8,1,0,9,0,5,15,0,20,0,13,16,0,29,0,0,0,29
07/25/2005,MWA,IL,AGL,CE,Federal Contract Tower,0,15,1,0,16,0,6,39,12,57,0,21,40,12,73,97,0,97,170
07/26/2005,MWA,IL,AGL,CE,Federal Contract Tower,0,9,0,0,9,0,3,44,20,67,0,12,44,20,76,54,0,54,130
07/27/2005,MWA,IL,AGL,CE,Federal Contract Tower,0,16,5,5,26,0,0,28,20,48,0,16,33,25,74,0,0,0,74
07/28/2005,MWA,IL,AGL,CE,Federal Contract Tower,0,16,6,0,22,0,7,51,34,92,0,23,57,34,114,84,8,92,206
07/29/2005,MWA,IL,AGL,CE,Federal Contract Tower,0,11,0,0,11,0,3,31,0,34,0,14,31,0,45,40,0,40,85
07/30/2005,MWA,IL,AGL,CE,Federal Contract Tower,0,7,4,0,11,0,4,35,3,42,0,11,39,3,53,28,0,28,81
07/31/2005,MWA,IL,AGL,CE,Federal Contract Tower,0,14,2,0,16,0,2,22,0,24,0,16,24,0,40,8,0,8,48
08/01/2005,MWA,IL,AGL,CE,Federal Contract Tower,0,15,2,0,17,0,0,26,3,29,0,15,28,3,46,20,0,20,66
08/02/2005,MWA,IL,AGL,CE,Federal Contract Tower,0,8,2,0,10,0,2,32,0,34,0,10,34,0,44,22,0,22,66
08/03/2005,MWA,IL,AGL,CE,Federal Contract Tower,0,15,3,0,18,0,3,29,0,32,0,18,32,0,50,42,0,42,92
08/04/2005,MWA,IL,AGL,CE,Federal Contract Tower,0,18,5,0,23,0,16,37,0,53,0,34,42,0,76,40,0,40,116
08/05/2005,MWA,IL,AGL,CE,Federal Contract Tower,0,15,4,0,19,0,1,21,2,24,0,16,25,2,43,4,0,4,47
08/06/2005,MWA,IL,AGL,CE,Federal Contract Tower,0,11,1,0,12,0,6,5,5,16,0,17,6,5,28,4,0,4,32
08/07/2005,MWA,IL,AGL,CE,Federal Contract Tower,0,10,0,0,10,0,0,4,0,4,0,10,4,0,14,0,0,0,14
08/08/2005,MWA,IL,AGL,CE,Federal Contract Tower,0,26,1,0,27,0,2,14,0,16,0,28,15,0,43,32,0,32,75
08/09/2005,MWA,IL,AGL,CE,Federal Contract Tower,0,10,1,1,12,0,6,14,0,20,0,16,15,1,32,22,0,22,54
08/10/2005,MWA,IL,AGL,CE,Federal Contract Tower,0,9,0,0,9,0,4,10,0,14,0,13,10,0,23,8,2,10,33
08/11/2005,MWA,IL,AGL,CE,Federal Contract Tower,0,14,4,2,20,0,3,29,3,35,0,17,33,5,55,36,0,36,91
08/12/2005,MWA,IL,AGL,CE,Federal Contract Tower,0,13,1,0,14,0,8,32,0,40,0,21,33,0,54,18,0,18,72
08/13/2005,MWA,IL,AGL,CE,Federal Contract Tower,1,9,4,0,14,0,4,10,10,24,1,13,14,10,38,4,0,4,42
08/14/2005,MWA,IL,AGL,CE,Federal Contract Tower,0,7,1,0,8,0,1,10,0,11,0,8,11,0,19,22,0,22,41
08/15/2005,MWA,IL,AGL,CE,Federal Contract Tower,0,12,5,0,17,0,1,12,0,13,0,13,17,0,30,0,0,0,30
08/16/2005,MWA,IL,AGL,CE,Federal Contract Tower,0,12,2,0,14,0,4,3,0,7,0,16,5,0,21,12,0,12,33
08/17/2005,MWA,IL,AGL,CE,Federal Contract Tower,0,15,7,0,22,0,1,7,0,8,0,16,14,0,30,22,0,22,52
08/18/2005,MWA,IL,AGL,CE,Federal Contract Tower,0,22,5,0,27,0,7,3,4,14,0,29,8,4,41,24,0,24,65
08/19/2005,MWA,IL,AGL,CE,Federal Contract Tower,0,20,1,0,21,0,5,22,0,27,0,25,23,0,48,40,0,40,88
08/20/2005,MWA,IL,AGL,CE,Federal Contract Tower,0,8,3,0,11,0,2,14,0,16,0,10,17,0,27,12,0,12,39
08/21/2005,MWA,IL,AGL,CE,Federal Contract Tower,0,8,6,0,14,0,8,40,0,48,0,16,46,0,62,8,4,12,74
08/22/2005,MWA,IL,AGL,CE,Federal Contract Tower,0,12,3,0,15,0,6,9,0,15,0,18,12,0,30,12,0,12,42
08/23/2005,MWA,IL,AGL,CE,Federal Contract Tower,0,19,1,0,20,0,5,25,5,35,0,24,26,5,55,38,0,38,93
08/24/2005,MWA,IL,AGL,CE,Federal Contract Tower,0,9,0,0,9,0,5,13,0,18,0,14,13,0,27,6,0,6,33
08/25/2005,MWA,IL,AGL,CE,Federal Contract Tower,0,10,4,2,16,0,1,20,1,22,0,11,24,3,38,18,0,18,56
08/26/2005,MWA,IL,AGL,CE,Federal Contract Tower,0,12,0,0,12,0,1,2,0,3,0,13,2,0,15,2,0,2,17
08/27/2005,MWA,IL,AGL,CE,Federal Contract Tower,0,9,0,0,9,0,6,1,0,7,0,15,1,0,16,0,0,0,16
08/28/2005,MWA,IL,AGL,CE,Federal Contract Tower,0,10,0,0,10,0,4,5,0,9,0,14,5,0,19,2,0,2,21
08/29/2005,MWA,IL,AGL,CE,Federal Contract Tower,0,12,4,0,16,0,7,27,0,34,0,19,31,0,50,4,0,4,54
08/30/2005,MWA,IL,AGL,CE,Federal Contract Tower,0,15,0,0,15,0,0,0,0,0,0,15,0,0,15,0,0,0,15
08/31/2005,MWA,IL,AGL,CE,Federal Contract Tower,0,10,4,0,14,0,4,35,0,39,0,14,39,0,53,38,0,38,91
09/01/2005,MWA,IL,AGL,CE,Federal Contract Tower,0,9,1,2,12,0,5,34,2,41,0,14,35,4,53,40,0,40,93
09/02/2005,MWA,IL,AGL,CE,Federal Contract Tower,0,11,5,0,16,0,6,29,0,35,0,17,34,0,51,68,0,68,119
09/03/2005,MWA,IL,AGL,CE,Federal Contract Tower,0,8,0,0,8,0,3,18,0,21,0,11,18,0,29,0,0,0,29
09/04/2005,MWA,IL,AGL,CE,Federal Contract Tower,0,6,0,0,6,0,9,16,0,25,0,15,16,0,31,0,0,0,31
09/05/2005,MWA,IL,AGL,CE,Federal Contract Tower,0,7,2,0,9,1,3,12,0,16,1,10,14,0,25,18,0,18,43
09/06/2005,MWA,IL,AGL,CE,Federal Contract Tower,0,14,1,6,21,0,4,39,4,47,0,18,40,10,68,120,0,120,188
09/07/2005,MWA,IL,AGL,CE,Federal Contract Tower,0,7,3,0,10,0,4,35,1,40,0,11,38,1,50,66,4,70,120
09/08/2005,MWA,IL,AGL,CE,Federal Contract Tower,0,15,5,0,20,0,0,13,0,13,0,15,18,0,33,58,0,58,91
09/09/2005,MWA,IL,AGL,CE,Federal Contract Tower,0,10,3,0,13,0,5,22,0,27,0,15,25,0,40,24,0,24,64
09/10/2005,MWA,IL,AGL,CE,Federal Contract Tower,0,11,2,0,13,0,4,16,0,20,0,15,18,0,33,18,0,18,51
09/11/2005,MWA,IL,AGL,CE,Federal Contract Tower,0,11,1,0,12,0,2,23,0,25,0,13,24,0,37,0,0,0,37
09/12/2005,MWA,IL,AGL,CE,Federal Contract Tower,0,9,4,0,13,0,3,17,0,20,0,12,21,0,33,34,0,34,67
09/13/2005,MWA,IL,AGL,CE,Federal Contract Tower,0,9,1,0,10,0,2,31,0,33,0,11,32,0,43,78,0,78,121
09/14/2005,MWA,IL,AGL,CE,Federal Contract Tower,0,19,4,0,23,0,9,20,0,29,0,28,24,0,52,50,0,50,102
09/15/2005,MWA,IL,AGL,CE,Federal Contract Tower,0,11,2,0,13,0,0,1,0,1,0,11,3,0,14,0,0,0,14
09/16/2005,MWA,IL,AGL,CE,Federal Contract Tower,2,19,6,0,27,0,2,0,0,2,2,21,6,0,29,0,0,0,29
09/17/2005,MWA,IL,AGL,CE,Federal Contract Tower,0,9,5,2,16,0,4,12,0,16,0,13,17,2,32,0,0,0,32
09/18/2005,MWA,IL,AGL,CE,Federal Contract Tower,0,5,0,0,5,0,0,5,0,5,0,5,5,0,10,2,0,2,12
09/19/2005,MWA,IL,AGL,CE,Federal Contract Tower,0,12,2,0,14,0,2,29,0,31,0,14,31,0,45,30,0,30,75
09/20/2005,MWA,IL,AGL,CE,Federal Contract Tower,0,14,10,0,24,0,2,23,0,25,0,16,33,0,49,46,0,46,95
09/21/2005,MWA,IL,AGL,CE,Federal Contract Tower,0,12,4,0,16,0,2,16,0,18,0,14,20,0,34,42,0,42,76
09/22/2005,MWA,IL,AGL,CE,Federal Contract Tower,0,12,2,0,14,0,0,14,0,14,0,12,16,0,28,48,0,48,76
09/23/2005,MWA,IL,AGL,CE,Federal Contract Tower,0,12,1,0,13,0,5,15,3,23,0,17,16,3,36,66,0,66,102
09/24/2005,MWA,IL,AGL,CE,Federal Contract Tower,0,7,5,0,12,0,2,19,5,26,0,9,24,5,38,44,0,44,82
09/25/2005,MWA,IL,AGL,CE,Federal Contract Tower,0,7,2,0,9,0,0,0,0,0,0,7,2,0,9,0,0,0,9
09/26/2005,MWA,IL,AGL,CE,Federal Contract Tower,0,11,5,0,16,0,3,3,0,6,0,14,8,0,22,20,0,20,42
09/27/2005,MWA,IL,AGL,CE,Federal Contract Tower,0,19,0,0,19,0,4,18,0,22,0,23,18,0,41,60,0,60,101
09/28/2005,MWA,IL,AGL,CE,Federal Contract Tower,0,7,6,0,13,0,1,37,2,40,0,8,43,2,53,68,14,82,135
09/29/2005,MWA,IL,AGL,CE,Federal Contract Tower,0,14,0,0,14,0,6,39,0,45,0,20,39,0,59,144,0,144,203
09/30/2005,MWA,IL,AGL,CE,Federal Contract Tower,0,14,3,0,17,0,5,36,0,41,0,19,39,0,58,54,0,54,112
10/01/2005,MWA,IL,AGL,CE,Federal Contract Tower,0,8,0,0,8,0,10,68,0,78,0,18,68,0,86,26,0,26,112
10/02/2005,MWA,IL,AGL,CE,Federal Contract Tower,0,10,1,0,11,0,4,16,0,20,0,14,17,0,31,4,0,4,35
10/03/2005,MWA,IL,AGL,CE,Federal Contract Tower,0,12,3,0,15,0,14,15,0,29,0,26,18,0,44,94,0,94,138
10/04/2005,MWA,IL,AGL,CE,Federal Contract Tower,0,26,5,0,31,0,4,40,0,44,0,30,45,0,75,132,0,132,207
10/05/2005,MWA,IL,AGL,CE,Federal Contract Tower,0,11,2,0,13,0,15,26,0,41,0,26,28,0,54,162,0,162,216
10/06/2005,MWA,IL,AGL,CE,Federal Contract Tower,0,16,2,0,18,0,7,20,0,27,0,23,22,0,45,50,0,50,95
10/07/2005,MWA,IL,AGL,CE,Federal Contract Tower,0,13,3,0,16,0,7,47,0,54,0,20,50,0,70,69,0,69,139
10/08/2005,MWA,IL,AGL,CE,Federal Contract Tower,1,10,4,0,15,0,4,20,0,24,1,14,24,0,39,6,0,6,45
10/09/2005,MWA,IL,AGL,CE,Federal Contract Tower,0,10,0,0,10,0,2,7,0,9,0,12,7,0,19,30,0,30,49
10/10/2005,MWA,IL,AGL,CE,Federal Contract Tower,0,14,1,0,15,0,5,18,0,23,0,19,19,0,38,78,0,78,116
10/11/2005,MWA,IL,AGL,CE,Federal Contract Tower,0,14,4,0,18,0,7,6,0,13,0,21,10,0,31,2,0,2,33
10/12/2005,MWA,IL,AGL,CE,Federal Contract Tower,0,16,3,0,19,0,6,25,2,33,0,22,28,2,52,116,0,116,168
10/13/2005,MWA,IL,AGL,CE,Federal Contract Tower,0,17,0,0,17,0,11,35,4,50,0,28,35,4,67,104,0,104,171
10/14/2005,MWA,IL,AGL,CE,Federal Contract Tower,0,8,1,0,9,0,1,39,0,40,0,9,40,0,49,122,0,122,171
10/15/2005,MWA,IL,AGL,CE,Federal Contract Tower,0,12,0,0,12,0,5,30,1,36,0,17,30,1,48,42,0,42,90
10/16/2005,MWA,IL,AGL,CE,Federal Contract Tower,0,11,0,0,11,0,3,17,0,20,0,14,17,0,31,26,0,26,57
10/17/2005,MWA,IL,AGL,CE,Federal Contract Tower,0,19,3,0,22,0,4,33,0,37,0,23,36,0,59,144,2,146,205
10/18/2005,MWA,IL,AGL,CE,Federal Contract Tower,0,15,3,0,18,0,8,28,0,36,0,23,31,0,54,94,0,94,148
10/19/2005,MWA,IL,AGL,CE,Federal Contract Tower,0,8,2,0,10,0,10,32,0,42,0,18,34,0,52,98,0,98,150
10/20/2005,MWA,IL,AGL,CE,Federal Contract Tower,0,11,2,0,13,0,2,8,0,10,0,13,10,0,23,20,0,20,43
10/21/2005,MWA,IL,AGL,CE,Federal Contract Tower,0,23,4,0,27,0,0,0,0,0,0,23,4,0,27,0,0,0,27
10/22/2005,MWA,IL,AGL,CE,Federal Contract Tower,0,18,5,0,23,0,1,63,0,64,0,19,68,0,87,100,0,100,187
10/23/2005,MWA,IL,AGL,CE,Federal Contract Tower,0,8,3,0,11,0,3,10,0,13,0,11,13,0,24,2,0,2,26
10/24/2005,MWA,IL,AGL,CE,Federal Contract Tower,0,10,5,0,15,0,10,9,0,19,0,20,14,0,34,18,0,18,52
10/25/2005,MWA,IL,AGL,CE,Federal Contract Tower,0,16,3,0,19,0,7,45,0,52,0,23,48,0,71,51,0,51,122
10/26/2005,MWA,IL,AGL,CE,Federal Contract Tower,0,18,2,0,20,0,2,46,2,50,0,20,48,2,70,140,0,140,210
10/27/2005,MWA,IL,AGL,CE,Federal Contract Tower,0,18,4,0,22,0,7,46,0,53,0,25,50,0,75,102,0,102,177
10/28/2005,MWA,IL,AGL,CE,Federal Contract Tower,0,11,3,0,14,0,10,21,0,31,0,21,24,0,45,60,0,60,105
10/29/2005,MWA,IL,AGL,CE,Federal Contract Tower,0,7,1,0,8,0,6,35,21,62,0,13,36,21,70,26,0,26,96
10/30/2005,MWA,IL,AGL,CE,Federal Contract Tower,0,6,4,0,10,0,6,26,0,32,0,12,30,0,42,16,0,16,58
10/31/2005,MWA,IL,AGL,CE,Federal Contract Tower,0,13,2,0,15,0,1,30,0,31,0,14,32,0,46,76,0,76,122
11/01/2005,MWA,IL,AGL,CE,Federal Contract Tower,0,12,0,0,12,0,2,28,0,30,0,14,28,0,42,98,0,98,140
11/02/2005,MWA,IL,AGL,CE,Federal Contract Tower,0,10,2,0,12,0,11,23,0,34,0,21,25,0,46,42,0,42,88
11/03/2005,MWA,IL,AGL,CE,Federal Contract Tower,0,11,2,0,13,0,5,8,0,13,0,16,10,0,26,10,0,10,36
11/04/2005,MWA,IL,AGL,CE,Federal Contract Tower,0,18,0,0,18,0,7,14,0,21,0,25,14,0,39,22,0,22,61
11/05/2005,MWA,IL,AGL,CE,Federal Contract Tower,0,7,0,0,7,0,3,9,4,16,0,10,9,4,23,18,0,18,41
11/06/2005,MWA,IL,AGL,CE,Federal Contract Tower,0,6,2,0,8,0,10,19,0,29,0,16,21,0,37,18,0,18,55
11/07/2005,MWA,IL,AGL,CE,Federal Contract Tower,0,16,2,0,18,0,2,17,0,19,0,18,19,0,37,74,0,74,111
11/08/2005,MWA,IL,AGL,CE,Federal Contract Tower,0,9,2,0,11,0,0,43,0,43,0,9,45,0,54,116,0,116,170
11/09/2005,MWA,IL,AGL,CE,Federal Contract Tower,0,10,3,0,13,0,10,29,0,39,0,20,32,0,52,34,0,34,86
11/10/2005,MWA,IL,AGL,CE,Federal Contract Tower,0,16,0,0,16,0,7,30,0,37,0,23,30,0,53,60,0,60,113
11/11/2005,MWA,IL,AGL,CE,Federal Contract Tower,2,8,5,1,16,0,5,29,3,37,2,13,34,4,53,18,16,34,87
11/12/2005,MWA,IL,AGL,CE,Federal Contract Tower,0,13,1,0,14,0,5,17,2,24,0,18,18,2,38,8,0,8,46
11/13/2005,MWA,IL,AGL,CE,Federal Contract Tower,0,13,1,0,14,0,1,10,0,11,0,14,11,0,25,4,0,4,29
11/14/2005,MWA,IL,AGL,CE,Federal Contract Tower,0,12,3,0,15,0,1,11,0,12,0,13,14,0,27,44,0,44,71
11/15/2005,MWA,IL,AGL,CE,Federal Contract Tower,0,7,1,0,8,0,1,0,0,1,0,8,1,0,9,0,0,0,9
11/16/2005,MWA,IL,AGL,CE,Federal Contract Tower,0,11,4,5,20,0,1,12,0,13,0,12,16,5,33,26,6,32,65
11/17/2005,MWA,IL,AGL,CE,Federal Contract Tower,0,18,7,0,25,0,1,34,0,35,0,19,41,0,60,64,0,64,124
11/18/2005,MWA,IL,AGL,CE,Federal Contract Tower,1,14,1,0,16,0,3,34,0,37,1,17,35,0,53,55,0,55,108
11/19/2005,MWA,IL,AGL,CE,Federal Contract Tower,0,6,1,0,7,0,0,12,0,12,0,6,13,0,19,26,0,26,45
11/20/2005,MWA,IL,AGL,CE,Federal Contract Tower,0,6,1,0,7,0,1,10,0,11,0,7,11,0,18,12,0,12,30
11/21/2005,MWA,IL,AGL,CE,Federal Contract Tower,0,11,0,0,11,0,3,11,0,14,0,14,11,0,25,38,0,38,63
11/22/2005,MWA,IL,AGL,CE,Federal Contract Tower,0,16,5,0,21,0,3,8,0,11,0,19,13,0,32,24,0,24,56
11/23/2005,MWA,IL,AGL,CE,Federal Contract Tower,0,17,2,0,19,0,4,10,0,14,0,21,12,0,33,2,0,2,35
11/24/2005,MWA,IL,AGL,CE,Federal Contract Tower,0,6,2,0,8,0,8,2,0,10,0,14,4,0,18,0,0,0,18
11/25/2005,MWA,IL,AGL,CE,Federal Contract Tower,0,13,2,0,15,0,1,13,0,14,0,14,15,0,29,24,0,24,53
11/26/2005,MWA,IL,AGL,CE,Federal Contract Tower,0,7,2,0,9,0,0,11,0,11,0,7,13,0,20,22,0,22,42
11/27/2005,MWA,IL,AGL,CE,Federal Contract Tower,0,16,2,0,18,0,1,0,0,1,0,17,2,0,19,0,0,0,19
11/28/2005,MWA,IL,AGL,CE,Federal Contract Tower,0,9,1,0,10,0,2,4,0,6,0,11,5,0,16,2,0,2,18
11/29/2005,MWA,IL,AGL,CE,Federal Contract Tower,0,9,0,0,9,0,4,21,0,25,0,13,21,0,34,18,0,18,52
11/30/2005,MWA,IL,AGL,CE,Federal Contract Tower,0,13,3,1,17,0,10,55,3,68,0,23,58,4,85,46,0,46,131
12/01/2005,MWA,IL,AGL,CE,Federal Contract Tower,0,8,3,0,11,0,2,7,0,9,0,10,10,0,20,14,0,14,34
12/02/2005,MWA,IL,AGL,CE,Federal Contract Tower,2,14,3,0,19,0,4,23,0,27,2,18,26,0,46,36,0,36,82
12/03/2005,MWA,IL,AGL,CE,Federal Contract Tower,0,12,2,0,14,0,2,7,2,11,0,14,9,2,25,6,12,18,43
12/04/2005,MWA,IL,AGL,CE,Federal Contract Tower,0,7,0,0,7,0,5,2,0,7,0,12,2,0,14,6,0,6,20
12/05/2005,MWA,IL,AGL,CE,Federal Contract Tower,0,11,4,0,15,0,7,42,0,49,0,18,46,0,64,60,0,60,124
12/06/2005,MWA,IL,AGL,CE,Federal Contract Tower,0,17,5,0,22,0,3,39,2,44,0,20,44,2,66,66,0,66,132
12/07/2005,MWA,IL,AGL,CE,Federal Contract Tower,0,28,2,0,30,0,3,44,0,47,0,31,46,0,77,58,0,58,135
12/08/2005,MWA,IL,AGL,CE,Federal Contract Tower,0,9,1,0,10,0,0,0,0,0,0,9,1,0,10,0,0,0,10
12/09/2005,MWA,IL,AGL,CE,Federal Contract Tower,0,16,0,0,16,0,3,24,0,27,0,19,24,0,43,36,0,36,79
12/10/2005,MWA,IL,AGL,CE,Federal Contract Tower,0,5,5,0,10,0,0,37,10,47,0,5,42,10,57,56,0,56,113
12/11/2005,MWA,IL,AGL,CE,Federal Contract Tower,0,9,2,0,11,0,0,16,5,21,0,9,18,5,32,32,0,32,64
12/12/2005,MWA,IL,AGL,CE,Federal Contract Tower,0,11,0,0,11,0,2,11,0,13,0,13,11,0,24,10,0,10,34
12/13/2005,MWA,IL,AGL,CE,Federal Contract Tower,0,15,4,0,19,0,1,30,0,31,0,16,34,0,50,76,0,76,126
12/14/2005,MWA,IL,AGL,CE,Federal Contract Tower,0,12,2,0,14,0,0,0,0,0,0,12,2,0,14,0,0,0,14
12/15/2005,MWA,IL,AGL,CE,Federal Contract Tower,0,11,0,0,11,0,4,28,0,32,0,15,28,0,43,62,0,62,105
12/16/2005,MWA,IL,AGL,CE,Federal Contract Tower,0,11,2,0,13,0,3,35,0,38,0,14,37,0,51,70,0,70,121
12/17/2005,MWA,IL,AGL,CE,Federal Contract Tower,0,5,10,0,15,0,0,10,0,10,0,5,20,0,25,4,0,4,29
12/18/2005,MWA,IL,AGL,CE,Federal Contract Tower,0,11,0,0,11,0,3,13,0,16,0,14,13,0,27,50,0,50,77
12/19/2005,MWA,IL,AGL,CE,Federal Contract Tower,0,13,5,0,18,0,4,24,0,28,0,17,29,0,46,32,0,32,78
12/20/2005,MWA,IL,AGL,CE,Federal Contract Tower,0,17,2,0,19,0,2,21,0,23,0,19,23,0,42,26,0,26,68
12/21/2005,MWA,IL,AGL,CE,Federal Contract Tower,0,19,1,0,20,0,11,13,0,24,0,30,14,0,44,34,0,34,78
12/22/2005,MWA,IL,AGL,CE,Federal Contract Tower,0,21,2,0,23,0,6,11,2,19,0,27,13,2,42,4,12,16,58
12/23/2005,MWA,IL,AGL,CE,Federal Contract Tower,0,11,1,0,12,0,5,9,0,14,0,16,10,0,26,14,0,14,40
12/24/2005,MWA,IL,AGL,CE,Federal Contract Tower,0,6,0,0,6,0,1,0,0,1,0,7,0,0,7,0,0,0,7
12/25/2005,MWA,IL,AGL,CE,Federal Contract Tower,0,14,1,0,15,0,0,0,0,0,0,14,1,0,15,0,0,0,15
12/26/2005,MWA,IL,AGL,CE,Federal Contract Tower,0,10,2,0,12,0,0,2,0,2,0,10,4,0,14,12,0,12,26
12/27/2005,MWA,IL,AGL,CE,Federal Contract Tower,0,13,1,0,14,0,5,2,0,7,0,18,3,0,21,0,0,0,21
12/28/2005,MWA,IL,AGL,CE,Federal Contract Tower,0,10,0,0,10,0,0,0,0,0,0,10,0,0,10,0,0,0,10
12/29/2005,MWA,IL,AGL,CE,Federal Contract Tower,0,13,5,0,18,0,3,11,0,14,0,16,16,0,32,8,0,8,40
12/30/2005,MWA,IL,AGL,CE,Federal Contract Tower,0,9,5,0,14,0,1,8,0,9,0,10,13,0,23,0,0,0,23
12/31/2005,MWA,IL,AGL,CE,Federal Contract Tower,0,6,1,0,7,0,0,21,0,21,0,6,22,0,28,46,0,46,74
01/01/2006,MWA,IL,AGL,CE,Federal Contract Tower,0,3,1,0,4,0,1,4,0,5,0,4,5,0,9,0,0,0,9
01/02/2006,MWA,IL,AGL,CE,Federal Contract Tower,0,11,0,0,11,0,3,3,0,6,0,14,3,0,17,12,0,12,29
01/03/2006,MWA,IL,AGL,CE,Federal Contract Tower,0,15,0,0,15,0,2,0,0,2,0,17,0,0,17,18,0,18,35
01/04/2006,MWA,IL,AGL,CE,Federal Contract Tower,0,17,2,0,19,0,3,15,0,18,0,20,17,0,37,14,0,14,51
01/05/2006,MWA,IL,AGL,CE,Federal Contract Tower,0,11,3,0,14,0,4,1,0,5,0,15,4,0,19,10,0,10,29
01/06/2006,MWA,IL,AGL,CE,Federal Contract Tower,0,16,1,0,17,0,1,15,0,16,0,17,16,0,33,52,0,52,85
01/07/2006,MWA,IL,AGL,CE,Federal Contract Tower,2,11,2,0,15,0,1,28,1,30,2,12,30,1,45,50,10,60,105
01/08/2006,MWA,IL,AGL,CE,Federal Contract Tower,2,11,0,0,13,0,2,0,0,2,2,13,0,0,15,0,0,0,15
01/09/2006,MWA,IL,AGL,CE,Federal Contract Tower,0,11,3,0,14,0,6,13,0,19,0,17,16,0,33,8,0,8,41
01/10/2006,MWA,IL,AGL,CE,Federal Contract Tower,0,7,2,0,9,0,0,0,0,0,0,7,2,0,9,0,0,0,9
01/11/2006,MWA,IL,AGL,CE,Federal Contract Tower,0,14,0,0,14,0,5,28,0,33,0,19,28,0,47,28,0,28,75
01/12/2006,MWA,IL,AGL,CE,Federal Contract Tower,0,11,1,0,12,0,1,21,0,22,0,12,22,0,34,42,0,42,76
01/13/2006,MWA,IL,AGL,CE,Federal Contract Tower,2,8,1,0,11,0,0,0,0,0,2,8,1,0,11,0,0,0,11
01/14/2006,MWA,IL,AGL,CE,Federal Contract Tower,0,11,4,0,15,0,12,29,0,41,0,23,33,0,56,20,0,20,76
01/15/2006,MWA,IL,AGL,CE,Federal Contract Tower,0,10,1,0,11,0,4,6,0,10,0,14,7,0,21,2,0,2,23
01/16/2006,MWA,IL,AGL,CE,Federal Contract Tower,0,10,1,0,11,0,5,8,0,13,0,15,9,0,24,0,0,0,24
01/17/2006,MWA,IL,AGL,CE,Federal Contract Tower,0,9,1,0,10,0,2,0,0,2,0,11,1,0,12,0,0,0,12
01/18/2006,MWA,IL,AGL,CE,Federal Contract Tower,2,14,1,0,17,0,3,26,0,29,2,17,27,0,46,34,0,34,80
01/19/2006,MWA,IL,AGL,CE,Federal Contract Tower,0,12,1,0,13,0,4,0,0,4,0,16,1,0,17,0,0,0,17
01/20/2006,MWA,IL,AGL,CE,Federal Contract Tower,0,15,0,0,15,0,1,5,0,6,0,16,5,0,21,32,0,32,53
01/21/2006,MWA,IL,AGL,CE,Federal Contract Tower,0,13,6,0,19,0,2,3,0,5,0,15,9,0,24,0,0,0,24
01/22/2006,MWA,IL,AGL,CE,Federal Contract Tower,0,6,4,0,10,0,0,2,0,2,0,6,6,0,12,4,0,4,16
01/23/2006,MWA,IL,AGL,CE,Federal Contract Tower,0,21,2,0,23,0,1,14,0,15,0,22,16,0,38,24,0,24,62
01/24/2006,MWA,IL,AGL,CE,Federal Contract Tower,0,8,1,0,9,0,4,11,0,15,0,12,12,0,24,24,0,24,48
01/25/2006,MWA,IL,AGL,CE,Federal Contract Tower,0,22,2,2,26,0,4,58,0,62,0,26,60,2,88,132,0,132,220
01/26/2006,MWA,IL,AGL,CE,Federal Contract Tower,0,12,4,0,16,0,7,52,2,61,0,19,56,2,77,98,0,98,175
01/27/2006,MWA,IL,AGL,CE,Federal Contract Tower,0,8,2,0,10,0,5,31,0,36,0,13,33,0,46,68,18,86,132
01/28/2006,MWA,IL,AGL,CE,Federal Contract Tower,0,7,1,0,8,0,1,7,0,8,0,8,8,0,16,20,0,20,36
01/29/2006,MWA,IL,AGL,CE,Federal Contract Tower,0,6,0,0,6,0,2,10,0,12,0,8,10,0,18,12,0,12,30
01/30/2006,MWA,IL,AGL,CE,Federal Contract Tower,0,12,1,0,13,0,2,15,0,17,0,14,16,0,30,54,0,54,84
01/31/2006,MWA,IL,AGL,CE,Federal Contract Tower,0,9,3,0,12,0,5,51,0,56,0,14,54,0,68,104,0,104,172
02/01/2006,MWA,IL,AGL,CE,Federal Contract Tower,0,9,1,0,10,0,7,30,0,37,0,16,31,0,47,82,0,82,129
02/02/2006,MWA,IL,AGL,CE,Federal Contract Tower,0,15,1,0,16,0,2,0,0,2,0,17,1,0,18,0,0,0,18
02/03/2006,MWA,IL,AGL,CE,Federal Contract Tower,0,12,6,0,18,0,0,14,0,14,0,12,20,0,32,22,0,22,54
02/04/2006,MWA,IL,AGL,CE,Federal Contract Tower,0,11,1,0,12,0,4,14,0,18,0,15,15,0,30,18,0,18,48
02/05/2006,MWA,IL,AGL,CE,Federal Contract Tower,0,5,6,0,11,0,6,16,0,22,0,11,22,0,33,56,0,56,89
02/06/2006,MWA,IL,AGL,CE,Federal Contract Tower,0,11,0,2,13,0,3,20,2,25,0,14,20,4,38,130,0,130,168
02/07/2006,MWA,IL,AGL,CE,Federal Contract Tower,0,15,2,0,17,0,5,17,0,22,0,20,19,0,39,20,0,20,59
02/08/2006,MWA,IL,AGL,CE,Federal Contract Tower,0,11,0,0,11,0,0,0,0,0,0,11,0,0,11,0,0,0,11
02/09/2006,MWA,IL,AGL,CE,Federal Contract Tower,0,19,0,0,19,0,6,27,0,33,0,25,27,0,52,44,0,44,96
02/10/2006,MWA,IL,AGL,CE,Federal Contract Tower,0,8,2,0,10,0,3,18,0,21,0,11,20,0,31,28,0,28,59
02/11/2006,MWA,IL,AGL,CE,Federal Contract Tower,0,9,0,0,9,0,0,0,0,0,0,9,0,0,9,0,0,0,9
02/12/2006,MWA,IL,AGL,CE,Federal Contract Tower,0,6,0,0,6,0,1,0,0,1,0,7,0,0,7,0,0,0,7
02/13/2006,MWA,IL,AGL,CE,Federal Contract Tower,0,7,0,0,7,0,3,37,0,40,0,10,37,0,47,60,0,60,107
02/14/2006,MWA,IL,AGL,CE,Federal Contract Tower,0,7,0,0,7,0,5,36,0,41,0,12,36,0,48,80,0,80,128
02/15/2006,MWA,IL,AGL,CE,Federal Contract Tower,0,14,6,0,20,0,7,9,4,20,0,21,15,4,40,16,0,16,56
02/16/2006,MWA,IL,AGL,CE,Federal Contract Tower,0,9,0,0,9,0,0,2,0,2,0,9,2,0,11,20,0,20,31
02/17/2006,MWA,IL,AGL,CE,Federal Contract Tower,0,9,1,0,10,0,2,4,0,6,0,11,5,0,16,32,0,32,48
02/18/2006,MWA,IL,AGL,CE,Federal Contract Tower,0,9,1,0,10,0,1,5,0,6,0,10,6,0,16,10,0,10,26
02/19/2006,MWA,IL,AGL,CE,Federal Contract Tower,0,8,0,0,8,0,2,8,0,10,0,10,8,0,18,32,0,32,50
02/20/2006,MWA,IL,AGL,CE,Federal Contract Tower,0,9,3,0,12,0,5,38,0,43,0,14,41,0,55,112,0,112,167
02/21/2006,MWA,IL,AGL,CE,Federal Contract Tower,0,12,1,0,13,0,0,39,0,39,0,12,40,0,52,74,0,74,126
02/22/2006,MWA,IL,AGL,CE,Federal Contract Tower,0,6,0,0,6,0,1,30,0,31,0,7,30,0,37,46,0,46,83
02/23/2006,MWA,IL,AGL,CE,Federal Contract Tower,0,14,2,0,16,0,2,30,0,32,0,16,32,0,48,120,2,122,170
02/24/2006,MWA,IL,AGL,CE,Federal Contract Tower,2,9,1,0,12,0,5,27,0,32,2,14,28,0,44,72,0,72,116
02/25/2006,MWA,IL,AGL,CE,Federal Contract Tower,2,8,5,0,15,0,5,36,2,43,2,13,41,2,58,38,0,38,96
02/26/2006,MWA,IL,AGL,CE,Federal Contract Tower,0,6,1,0,7,0,2,25,0,27,0,8,26,0,34,22,0,22,56
02/27/2006,MWA,IL,AGL,CE,Federal Contract Tower,0,13,2,0,15,0,2,43,0,45,0,15,45,0,60,65,0,65,125
02/28/2006,MWA,IL,AGL,CE,Federal Contract Tower,0,13,2,0,15,0,5,39,0,44,0,18,41,0,59,114,0,114,173
03/01/2006,MWA,IL,AGL,CE,Federal Contract Tower,0,8,0,0,8,0,5,29,0,34,0,13,29,0,42,48,0,48,90
03/02/2006,MWA,IL,AGL,CE,Federal Contract Tower,0,11,0,0,11,0,2,29,0,31,0,13,29,0,42,60,0,60,102
03/03/2006,MWA,IL,AGL,CE,Federal Contract Tower,0,11,5,0,16,0,1,13,0,14,0,12,18,0,30,78,0,78,108
03/04/2006,MWA,IL,AGL,CE,Federal Contract Tower,0,6,6,0,12,0,2,21,0,23,0,8,27,0,35,20,0,20,55
03/05/2006,MWA,IL,AGL,CE,Federal Contract Tower,0,9,2,0,11,0,0,2,0,2,0,9,4,0,13,0,0,0,13
03/06/2006,MWA,IL,AGL,CE,Federal Contract Tower,0,16,7,0,23,0,6,17,0,23,0,22,24,0,46,56,0,56,102
03/07/2006,MWA,IL,AGL,CE,Federal Contract Tower,0,18,7,0,25,0,3,36,0,39,0,21,43,0,64,106,0,106,170
03/08/2006,MWA,IL,AGL,CE,Federal Contract Tower,0,10,0,0,10,0,0,0,0,0,0,10,0,0,10,4,0,4,14
03/09/2006,MWA,IL,AGL,CE,Federal Contract Tower,0,11,0,0,11,0,0,0,0,0,0,11,0,0,11,0,0,0,11
03/10/2006,MWA,IL,AGL,CE,Federal Contract Tower,0,16,5,0,21,0,6,43,2,51,0,22,48,2,72,46,0,46,118
03/11/2006,MWA,IL,AGL,CE,Federal Contract Tower,0,7,3,0,10,0,2,5,0,7,0,9,8,0,17,8,0,8,25
03/12/2006,MWA,IL,AGL,CE,Federal Contract Tower,0,6,0,0,6,0,6,3,1,10,0,12,3,1,16,12,0,12,28
03/13/2006,MWA,IL,AGL,CE,Federal Contract Tower,0,14,0,0,14,0,2,4,0,6,0,16,4,0,20,0,0,0,20
03/14/2006,MWA,IL,AGL,CE,Federal Contract Tower,0,6,0,0,6,0,2,13,0,15,0,8,13,0,21,26,0,26,47
03/15/2006,MWA,IL,AGL,CE,Federal Contract Tower,2,9,7,0,18,0,5,40,2,47,2,14,47,2,65,20,0,20,85
03/16/2006,MWA,IL,AGL,CE,Federal Contract Tower,0,9,0,0,9,0,2,10,0,12,0,11,10,0,21,0,0,0,21
03/17/2006,MWA,IL,AGL,CE,Federal Contract Tower,0,14,6,0,20,0,13,8,0,21,0,27,14,0,41,4,0,4,45
03/18/2006,MWA,IL,AGL,CE,Federal Contract Tower,2,8,3,0,13,0,3,24,4,31,2,11,27,4,44,24,0,24,68
03/19/2006,MWA,IL,AGL,CE,Federal Contract Tower,0,5,1,0,6,0,9,10,0,19,0,14,11,0,25,6,0,6,31
03/20/2006,MWA,IL,AGL,CE,Federal Contract Tower,0,15,2,0,17,0,0,0,0,0,0,15,2,0,17,0,0,0,17
03/21/2006,MWA,IL,AGL,CE,Federal Contract Tower,0,11,0,0,11,0,0,0,0,0,0,11,0,0,11,0,0,0,11
03/22/2006,MWA,IL,AGL,CE,Federal Contract Tower,0,13,5,0,18,0,10,48,0,58,0,23,53,0,76,142,0,142,218
03/23/2006,MWA,IL,AGL,CE,Federal Contract Tower,0,13,7,0,20,0,2,24,0,26,0,15,31,0,46,64,0,64,110
03/24/2006,MWA,IL,AGL,CE,Federal Contract Tower,0,14,3,1,18,0,2,36,1,39,0,16,39,2,57,40,4,44,101
03/25/2006,MWA,IL,AGL,CE,Federal Contract Tower,0,10,4,0,14,0,6,30,2,38,0,16,34,2,52,34,0,34,86
03/26/2006,MWA,IL,AGL,CE,Federal Contract Tower,0,14,6,0,20,0,3,31,0,34,0,17,37,0,54,42,0,42,96
03/27/2006,MWA,IL,AGL,CE,Federal Contract Tower,0,12,0,0,12,0,1,14,0,15,0,13,14,0,27,38,0,38,65
03/28/2006,MWA,IL,AGL,CE,Federal Contract Tower,0,13,6,0,19,0,1,12,0,13,0,14,18,0,32,90,0,90,122
03/29/2006,MWA,IL,AGL,CE,Federal Contract Tower,0,15,5,0,20,0,6,37,0,43,0,21,42,0,63,100,0,100,163
03/30/2006,MWA,IL,AGL,CE,Federal Contract Tower,0,11,2,0,13,0,5,26,0,31,0,16,28,0,44,66,0,66,110
03/31/2006,MWA,IL,AGL,CE,Federal Contract Tower,0,19,3,0,22,0,4,7,0,11,0,23,10,0,33,38,0,38,71
04/01/2006,MWA,IL,AGL,CE,Federal Contract Tower,0,12,3,0,15,0,4,28,5,37,0,16,31,5,52,50,0,50,102
04/02/2006,MWA,IL,AGL,CE,Federal Contract Tower,0,9,2,0,11,0,1,0,0,1,0,10,2,0,12,4,0,4,16
04/03/2006,MWA,IL,AGL,CE,Federal Contract Tower,0,12,0,0,12,0,2,12,2,16,0,14,12,2,28,34,0,34,62
04/04/2006,MWA,IL,AGL,CE,Federal Contract Tower,0,12,1,2,15,0,8,63,0,71,0,20,64,2,86,58,0,58,144
04/05/2006,MWA,IL,AGL,CE,Federal Contract Tower,0,14,2,0,16,0,8,32,0,40,0,22,34,0,56,66,0,66,122
04/06/2006,MWA,IL,AGL,CE,Federal Contract Tower,0,11,6,0,17,0,4,3,2,9,0,15,9,2,26,12,0,12,38
04/07/2006,MWA,IL,AGL,CE,Federal Contract Tower,0,15,3,2,20,0,2,0,0,2,0,17,3,2,22,0,0,0,22
04/08/2006,MWA,IL,AGL,CE,Federal Contract Tower,0,11,2,0,13,0,7,7,0,14,0,18,9,0,27,10,0,10,37
04/09/2006,MWA,IL,AGL,CE,Federal Contract Tower,0,8,2,2,12,0,8,43,0,51,0,16,45,2,63,30,0,30,93
04/10/2006,MWA,IL,AGL,CE,Federal Contract Tower,0,10,4,0,14,0,12,41,0,53,0,22,45,0,67,62,0,62,129
04/11/2006,MWA,IL,AGL,CE,Federal Contract Tower,0,16,1,2,19,0,7,18,0,25,0,23,19,2,44,32,8,40,84
04/12/2006,MWA,IL,AGL,CE,Federal Contract Tower,0,19,0,0,19,0,4,24,0,28,0,23,24,0,47,68,0,68,115
04/13/2006,MWA,IL,AGL,CE,Federal Contract Tower,0,15,0,0,15,0,7,30,0,37,0,22,30,0,52,52,0,52,104
04/14/2006,MWA,IL,AGL,CE,Federal Contract Tower,0,15,0,0,15,0,9,17,2,28,0,24,17,2,43,18,0,18,61
04/15/2006,MWA,IL,AGL,CE,Federal Contract Tower,0,8,1,0,9,0,5,13,0,18,0,13,14,0,27,22,0,22,49
04/16/2006,MWA,IL,AGL,CE,Federal Contract Tower,0,10,2,0,12,0,2,7,0,9,0,12,9,0,21,0,0,0,21
04/17/2006,MWA,IL,AGL,CE,Federal Contract Tower,0,11,5,0,16,0,3,10,0,13,0,14,15,0,29,12,0,12,41
04/18/2006,MWA,IL,AGL,CE,Federal Contract Tower,0,9,0,0,9,0,8,38,0,46,0,17,38,0,55,108,0,108,163
04/19/2006,MWA,IL,AGL,CE,Federal Contract Tower,0,20,4,0,24,0,4,26,0,30,0,24,30,0,54,92,0,92,146
04/20/2006,MWA,IL,AGL,CE,Federal Contract Tower,0,14,2,0,16,0,0,29,0,29,0,14,31,0,45,88,0,88,133
04/21/2006,MWA,IL,AGL,CE,Federal Contract Tower,0,14,0,0,14,0,7,33,0,40,0,21,33,0,54,50,0,50,104
04/22/2006,MWA,IL,AGL,CE,Federal Contract Tower,0,6,3,0,9,0,5,36,4,45,0,11,39,4,54,32,0,32,86
04/23/2006,MWA,IL,AGL,CE,Federal Contract Tower,0,7,8,0,15,0,1,11,0,12,0,8,19,0,27,15,0,15,42
04/24/2006,MWA,IL,AGL,CE,Federal Contract Tower,0,17,1,0,18,0,3,4,0,7,0,20,5,0,25,32,0,32,57
04/25/2006,MWA,IL,AGL,CE,Federal Contract Tower,0,11,0,0,11,0,6,5,0,11,0,17,5,0,22,36,0,36,58
04/26/2006,MWA,IL,AGL,CE,Federal Contract Tower,2,18,5,0,25,0,4,16,1,21,2,22,21,1,46,16,0,16,62
04/27/2006,MWA,IL,AGL,CE,Federal Contract Tower,0,12,0,0,12,0,4,39,0,43,0,16,39,0,55,83,0,83,138
04/28/2006,MWA,IL,AGL,CE,Federal Contract Tower,0,14,2,0,16,0,1,26,0,27,0,15,28,0,43,32,0,32,75
04/29/2006,MWA,IL,AGL,CE,Federal Contract Tower,0,7,1,0,8,0,4,11,0,15,0,11,12,0,23,10,0,10,33
04/30/2006,MWA,IL,AGL,CE,Federal Contract Tower,0,6,1,0,7,0,6,0,0,6,0,12,1,0,13,0,0,0,13
05/01/2006,MWA,IL,AGL,CE,Federal Contract Tower,0,12,3,0,15,0,0,9,0,9,0,12,12,0,24,30,0,30,54
05/02/2006,MWA,IL,AGL,CE,Federal Contract Tower,0,12,8,0,20,0,6,23,0,29,0,18,31,0,49,58,0,58,107
05/03/2006,MWA,IL,AGL,CE,Federal Contract Tower,0,11,0,0,11,0,3,22,0,25,0,14,22,0,36,50,0,50,86
05/04/2006,MWA,IL,AGL,CE,Federal Contract Tower,0,16,6,0,22,0,7,21,0,28,0,23,27,0,50,20,0,20,70
05/05/2006,MWA,IL,AGL,CE,Federal Contract Tower,0,10,2,0,12,0,0,41,0,41,0,10,43,0,53,68,0,68,121
05/06/2006,MWA,IL,AGL,CE,Federal Contract Tower,0,5,7,0,12,0,2,18,5,25,0,7,25,5,37,16,0,16,53
05/07/2006,MWA,IL,AGL,CE,Federal Contract Tower,0,9,2,0,11,0,10,18,1,29,0,19,20,1,40,6,0,6,46
05/08/2006,MWA,IL,AGL,CE,Federal Contract Tower,0,6,0,0,6,0,6,18,0,24,0,12,18,0,30,26,0,26,56
05/09/2006,MWA,IL,AGL,CE,Federal Contract Tower,0,20,1,0,21,0,3,4,0,7,0,23,5,0,28,18,0,18,46
05/10/2006,MWA,IL,AGL,CE,Federal Contract Tower,0,18,0,0,18,0,0,0,0,0,0,18,0,0,18,14,0,14,32
05/11/2006,MWA,IL,AGL,CE,Federal Contract Tower,0,13,4,0,17,0,18,33,1,52,0,31,37,1,69,68,0,68,137
05/12/2006,MWA,IL,AGL,CE,Federal Contract Tower,0,11,0,0,11,0,2,13,3,18,0,13,13,3,29,58,2,60,89
05/13/2006,MWA,IL,AGL,CE,Federal Contract Tower,0,7,2,0,9,0,2,15,0,17,0,9,17,0,26,34,0,34,60
05/14/2006,MWA,IL,AGL,CE,Federal Contract Tower,0,19,0,0,19,0,1,3,0,4,0,20,3,0,23,0,0,0,23
05/15/2006,MWA,IL,AGL,CE,Federal Contract Tower,0,9,3,0,12,0,0,3,0,3,0,9,6,0,15,0,0,0,15
05/16/2006,MWA,IL,AGL,CE,Federal Contract Tower,0,10,6,0,16,0,1,3,0,4,0,11,9,0,20,0,0,0,20
05/17/2006,MWA,IL,AGL,CE,Federal Contract Tower,0,6,2,0,8,0,5,42,0,47,0,11,44,0,55,28,0,28,83
05/18/2006,MWA,IL,AGL,CE,Federal Contract Tower,0,18,2,1,21,0,2,26,3,31,0,20,28,4,52,46,8,54,106
05/19/2006,MWA,IL,AGL,CE,Federal Contract Tower,0,17,1,0,18,0,6,25,0,31,0,23,26,0,49,40,0,40,89
05/20/2006,MWA,IL,AGL,CE,Federal Contract Tower,0,8,0,0,8,0,0,29,0,29,0,8,29,0,37,20,0,20,57
05/21/2006,MWA,IL,AGL,CE,Federal Contract Tower,0,12,2,0,14,0,2,13,0,15,0,14,15,0,29,8,8,16,45
05/22/2006,MWA,IL,AGL,CE,Federal Contract Tower,0,13,0,0,13,0,1,26,0,27,0,14,26,0,40,46,0,46,86
05/23/2006,MWA,IL,AGL,CE,Federal Contract Tower,0,24,4,0,28,0,1,42,0,43,0,25,46,0,71,52,0,52,123
05/24/2006,MWA,IL,AGL,CE,Federal Contract Tower,0,14,0,0,14,0,11,11,0,22,0,25,11,0,36,26,0,26,62
05/25/2006,MWA,IL,AGL,CE,Federal Contract Tower,0,10,0,0,10,0,6,24,0,30,0,16,24,0,40,38,0,38,78
05/26/2006,MWA,IL,AGL,CE,Federal Contract Tower,0,13,1,0,14,0,6,31,0,37,0,19,32,0,51,48,0,48,99
05/27/2006,MWA,IL,AGL,CE,Federal Contract Tower,0,9,0,0,9,0,2,16,0,18,0,11,16,0,27,20,0,20,47
05/28/2006,MWA,IL,AGL,CE,Federal Contract Tower,0,4,2,2,8,0,5,33,0,38,0,9,35,2,46,18,10,28,74
05/29/2006,MWA,IL,AGL,CE,Federal Contract Tower,0,9,3,1,13,0,3,20,1,24,0,12,23,2,37,4,0,4,41
05/30/2006,MWA,IL,AGL,CE,Federal Contract Tower,0,12,4,0,16,0,0,10,2,12,0,12,14,2,28,10,0,10,38
05/31/2006,MWA,IL,AGL,CE,Federal Contract Tower,0,12,8,0,20,0,5,18,4,27,0,17,26,4,47,26,0,26,73
06/01/2006,MWA,IL,AGL,CE,Federal Contract Tower,0,10,3,0,13,0,7,8,0,15,0,17,11,0,28,8,0,8,36
06/02/2006,MWA,IL,AGL,CE,Federal Contract Tower,0,13,4,0,17,0,9,13,0,22,0,22,17,0,39,44,0,44,83
06/03/2006,MWA,IL,AGL,CE,Federal Contract Tower,0,11,1,0,12,0,14,64,4,82,0,25,65,4,94,62,0,62,156
06/04/2006,MWA,IL,AGL,CE,Federal Contract Tower,0,7,2,0,9,0,7,39,0,46,0,14,41,0,55,18,0,18,73
06/05/2006,MWA,IL,AGL,CE,Federal Contract Tower,0,15,0,0,15,0,11,19,0,30,0,26,19,0,45,28,0,28,73
06/06/2006,MWA,IL,AGL,CE,Federal Contract Tower,0,15,1,0,16,0,7,27,11,45,0,22,28,11,61,40,0,40,101
06/07/2006,MWA,IL,AGL,CE,Federal Contract Tower,0,18,0,0,18,0,2,22,9,33,0,20,22,9,51,32,0,32,83
06/08/2006,MWA,IL,AGL,CE,Federal Contract Tower,0,10,2,0,12,0,8,34,1,43,0,18,36,1,55,68,0,68,123
06/09/2006,MWA,IL,AGL,CE,Federal Contract Tower,0,10,3,0,13,0,9,17,2,28,0,19,20,2,41,20,0,20,61
06/10/2006,MWA,IL,AGL,CE,Federal Contract Tower,0,5,1,0,6,0,9,33,0,42,0,14,34,0,48,44,0,44,92
06/11/2006,MWA,IL,AGL,CE,Federal Contract Tower,0,13,1,0,14,0,3,2,0,5,0,16,3,0,19,2,0,2,21
06/12/2006,MWA,IL,AGL,CE,Federal Contract Tower,0,5,1,0,6,0,2,13,0,15,0,7,14,0,21,24,0,24,45
06/13/2006,MWA,IL,AGL,CE,Federal Contract Tower,0,11,1,0,12,0,8,18,0,26,0,19,19,0,38,64,0,64,102
06/14/2006,MWA,IL,AGL,CE,Federal Contract Tower,0,12,2,0,14,0,5,23,0,28,0,17,25,0,42,44,0,44,86
06/15/2006,MWA,IL,AGL,CE,Federal Contract Tower,0,18,3,0,21,0,8,33,0,41,0,26,36,0,62,36,0,36,98
06/16/2006,MWA,IL,AGL,CE,Federal Contract Tower,0,28,12,0,40,0,5,21,3,29,0,33,33,3,69,24,0,24,93
06/17/2006,MWA,IL,AGL,CE,Federal Contract Tower,0,8,1,0,9,0,2,16,0,18,0,10,17,0,27,22,0,22,49
06/18/2006,MWA,IL,AGL,CE,Federal Contract Tower,0,8,3,0,11,0,1,5,0,6,0,9,8,0,17,0,0,0,17
06/19/2006,MWA,IL,AGL,CE,Federal Contract Tower,0,15,0,0,15,0,10,24,0,34,0,25,24,0,49,16,0,16,65
06/20/2006,MWA,IL,AGL,CE,Federal Contract Tower,0,14,0,0,14,0,3,16,2,21,0,17,16,2,35,44,0,44,79
06/21/2006,MWA,IL,AGL,CE,Federal Contract Tower,0,17,0,0,17,0,3,30,0,33,0,20,30,0,50,34,0,34,84
06/22/2006,MWA,IL,AGL,CE,Federal Contract Tower,0,12,8,0,20,0,7,25,5,37,0,19,33,5,57,24,0,24,81
06/23/2006,MWA,IL,AGL,CE,Federal Contract Tower,0,14,3,0,17,0,1,17,0,18,0,15,20,0,35,66,0,66,101
06/24/2006,MWA,IL,AGL,CE,Federal Contract Tower,0,5,3,0,8,0,2,21,0,23,0,7,24,0,31,18,0,18,49
06/25/2006,MWA,IL,AGL,CE,Federal Contract Tower,0,6,1,0,7,0,6,22,1,29,0,12,23,1,36,40,0,40,76
06/26/2006,MWA,IL,AGL,CE,Federal Contract Tower,0,7,3,1,11,0,6,18,1,25,0,13,21,2,36,38,2,40,76
06/27/2006,MWA,IL,AGL,CE,Federal Contract Tower,0,10,7,0,17,0,9,39,6,54,0,19,46,6,71,32,0,32,103
06/28/2006,MWA,IL,AGL,CE,Federal Contract Tower,0,8,3,0,11,0,9,37,0,46,0,17,40,0,57,22,0,22,79
06/29/2006,MWA,IL,AGL,CE,Federal Contract Tower,0,11,1,0,12,0,7,21,8,36,0,18,22,8,48,42,0,42,90
06/30/2006,MWA,IL,AGL,CE,Federal Contract Tower,0,12,3,0,15,0,4,18,0,22,0,16,21,0,37,28,0,28,65
07/01/2006,MWA,IL,AGL,CE,Federal Contract Tower,0,5,4,0,9,0,8,21,7,36,0,13,25,7,45,16,8,24,69
07/02/2006,MWA,IL,AGL,CE,Federal Contract Tower,0,7,1,0,8,0,4,9,0,13,0,11,10,0,21,4,0,4,25
07/03/2006,MWA,IL,AGL,CE,Federal Contract Tower,0,8,2,0,10,0,3,22,0,25,0,11,24,0,35,30,0,30,65
07/04/2006,MWA,IL,AGL,CE,Federal Contract Tower,0,9,0,0,9,0,0,10,2,12,0,9,10,2,21,6,4,10,31
07/05/2006,MWA,IL,AGL,CE,Federal Contract Tower,0,15,1,0,16,0,5,18,6,29,0,20,19,6,45,58,0,58,103
07/06/2006,MWA,IL,AGL,CE,Federal Contract Tower,0,12,1,0,13,0,3,23,4,30,0,15,24,4,43,48,0,48,91
07/07/2006,MWA,IL,AGL,CE,Federal Contract Tower,0,11,1,0,12,0,11,25,2,38,0,22,26,2,50,70,0,70,120
07/08/2006,MWA,IL,AGL,CE,Federal Contract Tower,0,8,2,0,10,0,2,23,0,25,0,10,25,0,35,12,0,12,47
07/09/2006,MWA,IL,AGL,CE,Federal Contract Tower,0,14,0,0,14,0,3,9,0,12,0,17,9,0,26,0,0,0,26
07/10/2006,MWA,IL,AGL,CE,Federal Contract Tower,0,11,1,0,12,0,4,14,9,27,0,15,15,9,39,38,0,38,77
07/11/2006,MWA,IL,AGL,CE,Federal Contract Tower,0,13,3,0,16,0,0,2,0,2,0,13,5,0,18,0,0,0,18
07/12/2006,MWA,IL,AGL,CE,Federal Contract Tower,0,12,5,0,17,0,6,7,12,25,0,18,12,12,42,2,6,8,50
07/13/2006,MWA,IL,AGL,CE,Federal Contract Tower,0,6,4,0,10,0,16,14,13,43,0,22,18,13,53,38,0,38,91
07/14/2006,MWA,IL,AGL,CE,Federal Contract Tower,0,10,0,1,11,0,3,8,2,13,0,13,8,3,24,26,0,26,50
07/15/2006,MWA,IL,AGL,CE,Federal Contract Tower,0,8,4,0,12,0,0,30,2,32,0,8,34,2,44,10,0,10,54
07/16/2006,MWA,IL,AGL,CE,Federal Contract Tower,0,11,1,0,12,0,1,29,1,31,0,12,30,1,43,30,8,38,81
07/17/2006,MWA,IL,AGL,CE,Federal Contract Tower,0,14,0,0,14,0,4,29,0,33,0,18,29,0,47,28,0,28,75
07/18/2006,MWA,IL,AGL,CE,Federal Contract Tower,0,13,1,0,14,0,9,18,3,30,0,22,19,3,44,32,0,32,76
07/19/2006,MWA,IL,AGL,CE,Federal Contract Tower,0,15,9,0,24,0,6,28,12,46,0,21,37,12,70,48,0,48,118
07/20/2006,MWA,IL,AGL,CE,Federal Contract Tower,0,16,1,0,17,0,3,23,2,28,0,19,24,2,45,46,0,46,91
07/21/2006,MWA,IL,AGL,CE,Federal Contract Tower,0,15,1,0,16,0,3,15,0,18,0,18,16,0,34,6,0,6,40
07/22/2006,MWA,IL,AGL,CE,Federal Contract Tower,0,6,2,2,10,0,8,30,1,39,0,14,32,3,49,40,28,68,117
07/23/2006,MWA,IL,AGL,CE,Federal Contract Tower,0,9,4,0,13,0,1,19,0,20,0,10,23,0,33,6,0,6,39
07/24/2006,MWA,IL,AGL,CE,Federal Contract Tower,0,13,4,0,17,0,10,39,14,63,0,23,43,14,80,122,0,122,202
07/25/2006,MWA,IL,AGL,CE,Federal Contract Tower,0,14,13,0,27,0,4,35,20,59,0,18,48,20,86,72,0,72,158
07/26/2006,MWA,IL,AGL,CE,Federal Contract Tower,0,20,15,0,35,0,5,27,24,56,0,25,42,24,91,100,0,100,191
07/27/2006,MWA,IL,AGL,CE,Federal Contract Tower,0,14,5,1,20,0,13,21,22,56,0,27,26,23,76,48,0,48,124
07/28/2006,MWA,IL,AGL,CE,Federal Contract Tower,0,15,3,1,19,0,4,7,6,17,0,19,10,7,36,22,0,22,58
07/29/2006,MWA,IL,AGL,CE,Federal Contract Tower,0,8,1,0,9,0,1,7,0,8,0,9,8,0,17,0,0,0,17
07/30/2006,MWA,IL,AGL,CE,Federal Contract Tower,0,5,3,0,8,0,1,14,0,15,0,6,17,0,23,6,0,6,29
07/31/2006,MWA,IL,AGL,CE,Federal Contract Tower,0,10,7,3,20,0,4,31,1,36,0,14,38,4,56,44,24,68,124
08/01/2006,MWA,IL,AGL,CE,Federal Contract Tower,0,18,12,0,30,0,1,32,2,35,0,19,44,2,65,68,0,68,133
08/02/2006,MWA,IL,AGL,CE,Federal Contract Tower,0,14,4,0,18,0,14,17,2,33,0,28,21,2,51,40,0,40,91
08/03/2006,MWA,IL,AGL,CE,Federal Contract Tower,0,13,0,0,13,0,0,20,0,20,0,13,20,0,33,26,0,26,59
08/04/2006,MWA,IL,AGL,CE,Federal Contract Tower,0,11,1,0,12,0,2,19,0,21,0,13,20,0,33,28,0,28,61
08/05/2006,MWA,IL,AGL,CE,Federal Contract Tower,0,7,0,0,7,0,4,10,0,14,0,11,10,0,21,2,0,2,23
08/06/2006,MWA,IL,AGL,CE,Federal Contract Tower,0,9,0,0,9,9,16,0,0,25,9,25,0,0,34,0,0,0,34
08/07/2006,MWA,IL,AGL,CE,Federal Contract Tower,0,9,0,0,9,0,6,9,0,15,0,15,9,0,24,12,0,12,36
08/08/2006,MWA,IL,AGL,CE,Federal Contract Tower,0,20,2,0,22,0,7,9,0,16,0,27,11,0,38,2,0,2,40
08/09/2006,MWA,IL,AGL,CE,Federal Contract Tower,0,10,1,0,11,0,3,10,2,15,0,13,11,2,26,8,0,8,34
08/10/2006,MWA,IL,AGL,CE,Federal Contract Tower,0,13,2,0,15,0,5,12,1,18,0,18,14,1,33,8,0,8,41
08/11/2006,MWA,IL,AGL,CE,Federal Contract Tower,0,18,1,0,19,0,4,4,0,8,0,22,5,0,27,0,0,0,27
08/12/2006,MWA,IL,AGL,CE,Federal Contract Tower,0,13,2,0,15,0,3,21,0,24,0,16,23,0,39,2,0,2,41
08/13/2006,MWA,IL,AGL,CE,Federal Contract Tower,0,13,2,0,15,0,5,28,1,34,0,18,30,1,49,46,0,46,95
08/14/2006,MWA,IL,AGL,CE,Federal Contract Tower,0,8,2,0,10,0,0,0,0,0,0,8,2,0,10,0,0,0,10
08/15/2006,MWA,IL,AGL,CE,Federal Contract Tower,0,13,6,0,19,0,10,19,2,31,0,23,25,2,50,38,0,38,88
08/16/2006,MWA,IL,AGL,CE,Federal Contract Tower,0,15,0,5,20,0,3,31,0,34,0,18,31,5,54,90,12,102,156
08/17/2006,MWA,IL,AGL,CE,Federal Contract Tower,0,15,0,0,15,0,2,26,2,30,0,17,26,2,45,30,0,30,75
08/18/2006,MWA,IL,AGL,CE,Federal Contract Tower,0,18,4,0,22,0,5,12,0,17,0,23,16,0,39,32,0,32,71
08/19/2006,MWA,IL,AGL,CE,Federal Contract Tower,0,7,1,0,8,0,2,16,0,18,0,9,17,0,26,18,0,18,44
08/20/2006,MWA,IL,AGL,CE,Federal Contract Tower,0,7,2,0,9,0,1,1,0,2,0,8,3,0,11,0,0,0,11
08/21/2006,MWA,IL,AGL,CE,Federal Contract Tower,0,16,3,2,21,0,4,15,2,21,0,20,18,4,42,0,8,8,50
08/22/2006,MWA,IL,AGL,CE,Federal Contract Tower,0,17,1,0,18,0,5,9,2,16,0,22,10,2,34,2,0,2,36
08/23/2006,MWA,IL,AGL,CE,Federal Contract Tower,0,8,2,0,10,0,3,18,0,21,0,11,20,0,31,38,0,38,69
08/24/2006,MWA,IL,AGL,CE,Federal Contract Tower,0,14,3,0,17,0,8,39,0,47,0,22,42,0,64,116,0,116,180
08/25/2006,MWA,IL,AGL,CE,Federal Contract Tower,0,13,4,0,17,0,5,15,0,20,0,18,19,0,37,62,0,62,99
08/26/2006,MWA,IL,AGL,CE,Federal Contract Tower,0,8,0,0,8,0,5,8,0,13,0,13,8,0,21,10,0,10,31
08/27/2006,MWA,IL,AGL,CE,Federal Contract Tower,0,6,3,0,9,0,1,2,0,3,0,7,5,0,12,4,0,4,16
08/28/2006,MWA,IL,AGL,CE,Federal Contract Tower,0,13,0,0,13,0,1,1,0,2,0,14,1,0,15,2,0,2,17
08/29/2006,MWA,IL,AGL,CE,Federal Contract Tower,0,12,5,0,17,0,4,12,0,16,0,16,17,0,33,46,0,46,79
08/30/2006,MWA,IL,AGL,CE,Federal Contract Tower,0,14,1,0,15,0,12,2,0,14,0,26,3,0,29,22,0,22,51
08/31/2006,MWA,IL,AGL,CE,Federal Contract Tower,0,20,7,0,27,0,2,19,0,21,0,22,26,0,48,36,0,36,84
09/01/2006,MWA,IL,AGL,CE,Federal Contract Tower,0,19,6,0,25,0,5,12,2,19,0,24,18,2,44,4,0,4,48
09/02/2006,MWA,IL,AGL,CE,Federal Contract Tower,0,5,2,0,7,0,2,15,9,26,0,7,17,9,33,2,0,2,35
09/03/2006,MWA,IL,AGL,CE,Federal Contract Tower,0,9,0,0,9,0,7,21,0,28,0,16,21,0,37,28,0,28,65
09/04/2006,MWA,IL,AGL,CE,Federal Contract Tower,0,12,3,0,15,0,5,13,0,18,0,17,16,0,33,36,0,36,69
09/05/2006,MWA,IL,AGL,CE,Federal Contract Tower,0,18,11,0,29,0,3,7,0,10,0,21,18,0,39,10,0,10,49
09/06/2006,MWA,IL,AGL,CE,Federal Contract Tower,0,16,16,0,32,0,5,29,2,36,0,21,45,2,68,80,0,80,148
09/07/2006,MWA,IL,AGL,CE,Federal Contract Tower,0,19,1,0,20,0,6,49,6,61,0,25,50,6,81,80,0,80,161
09/08/2006,MWA,IL,AGL,CE,Federal Contract Tower,0,11,1,3,15,0,2,41,6,49,0,13,42,9,64,60,10,70,134
09/09/2006,MWA,IL,AGL,CE,Federal Contract Tower,0,13,1,0,14,0,7,137,3,147,0,20,138,3,161,338,0,338,499
09/10/2006,MWA,IL,AGL,CE,Federal Contract Tower,0,6,2,0,8,0,74,113,3,190,0,80,115,3,198,548,2,550,748
09/11/2006,MWA,IL,AGL,CE,Federal Contract Tower,0,15,2,0,17,0,2,6,1,9,0,17,8,1,26,12,4,16,42
09/12/2006,MWA,IL,AGL,CE,Federal Contract Tower,0,20,5,0,25,0,0,9,0,9,0,20,14,0,34,0,0,0,34
09/13/2006,MWA,IL,AGL,CE,Federal Contract Tower,0,13,6,0,19,0,4,24,0,28,0,17,30,0,47,72,0,72,119
09/14/2006,MWA,IL,AGL,CE,Federal Contract Tower,0,13,2,0,15,0,6,32,1,39,0,19,34,1,54,62,0,62,116
09/15/2006,MWA,IL,AGL,CE,Federal Contract Tower,0,13,2,0,15,0,7,22,6,35,0,20,24,6,50,26,8,34,84
09/16/2006,MWA,IL,AGL,CE,Federal Contract Tower,0,8,2,0,10,0,0,21,2,23,0,8,23,2,33,20,0,20,53
09/17/2006,MWA,IL,AGL,CE,Federal Contract Tower,0,11,0,0,11,0,2,8,2,12,0,13,8,2,23,48,0,48,71
09/18/2006,MWA,IL,AGL,CE,Federal Contract Tower,0,10,8,0,18,0,4,4,2,10,0,14,12,2,28,22,0,22,50
09/19/2006,MWA,IL,AGL,CE,Federal Contract Tower,0,10,4,0,14,0,3,29,8,40,0,13,33,8,54,40,2,42,96
09/20/2006,MWA,IL,AGL,CE,Federal Contract Tower,0,10,1,0,11,0,2,36,5,43,0,12,37,5,54,28,0,28,82
09/21/2006,MWA,IL,AGL,CE,Federal Contract Tower,0,14,1,0,15,0,2,43,2,47,0,16,44,2,62,52,0,52,114
09/22/2006,MWA,IL,AGL,CE,Federal Contract Tower,0,15,1,0,16,0,5,4,0,9,0,20,5,0,25,0,0,0,25
09/23/2006,MWA,IL,AGL,CE,Federal Contract Tower,0,8,0,0,8,0,0,0,0,0,0,8,0,0,8,0,0,0,8
09/24/2006,MWA,IL,AGL,CE,Federal Contract Tower,0,10,4,0,14,0,5,15,0,20,0,15,19,0,34,0,0,0,34
09/25/2006,MWA,IL,AGL,CE,Federal Contract Tower,0,12,4,0,16,0,6,30,0,36,0,18,34,0,52,66,0,66,118
09/26/2006,MWA,IL,AGL,CE,Federal Contract Tower,0,15,6,0,21,0,2,41,2,45,0,17,47,2,66,38,0,38,104
09/27/2006,MWA,IL,AGL,CE,Federal Contract Tower,0,16,4,2,22,0,5,40,0,45,0,21,44,2,67,76,0,76,143
09/28/2006,MWA,IL,AGL,CE,Federal Contract Tower,0,16,0,0,16,0,4,15,1,20,0,20,15,1,36,22,0,22,58
09/29/2006,MWA,IL,AGL,CE,Federal Contract Tower,0,17,14,0,31,0,5,10,0,15,0,22,24,0,46,130,0,130,176
09/30/2006,MWA,IL,AGL,CE,Federal Contract Tower,0,7,4,0,11,0,4,14,0,18,0,11,18,0,29,0,0,0,29
10/01/2006,MWA,IL,AGL,CE,Federal Contract Tower,0,12,2,0,14,0,4,27,0,31,0,16,29,0,45,28,0,28,73
10/02/2006,MWA,IL,AGL,CE,Federal Contract Tower,0,19,1,0,20,0,6,62,0,68,0,25,63,0,88,40,0,40,128
10/03/2006,MWA,IL,AGL,CE,Federal Contract Tower,0,10,5,0,15,0,31,48,0,79,0,41,53,0,94,82,0,82,176
10/04/2006,MWA,IL,AGL,CE,Federal Contract Tower,0,17,2,0,19,0,10,28,0,38,0,27,30,0,57,64,0,64,121
10/05/2006,MWA,IL,AGL,CE,Federal Contract Tower,0,19,6,0,25,0,3,6,0,9,0,22,12,0,34,0,0,0,34
10/06/2006,MWA,IL,AGL,CE,Federal Contract Tower,0,16,5,0,21,0,9,37,4,50,0,25,42,4,71,60,0,60,131
10/07/2006,MWA,IL,AGL,CE,Federal Contract Tower,0,7,0,0,7,0,3,21,0,24,0,10,21,0,31,36,0,36,67
10/08/2006,MWA,IL,AGL,CE,Federal Contract Tower,0,17,4,0,21,0,5,32,0,37,0,22,36,0,58,8,0,8,66
10/09/2006,MWA,IL,AGL,CE,Federal Contract Tower,0,9,5,0,14,0,6,24,0,30,0,15,29,0,44,72,0,72,116
10/10/2006,MWA,IL,AGL,CE,Federal Contract Tower,0,15,0,0,15,0,3,18,0,21,0,18,18,0,36,52,0,52,88
10/11/2006,MWA,IL,AGL,CE,Federal Contract Tower,0,14,9,0,23,0,2,10,0,12,0,16,19,0,35,21,0,21,56
10/12/2006,MWA,IL,AGL,CE,Federal Contract Tower,0,21,11,0,32,0,10,26,0,36,0,31,37,0,68,80,0,80,148
10/13/2006,MWA,IL,AGL,CE,Federal Contract Tower,0,13,5,0,18,0,4,43,0,47,0,17,48,0,65,86,0,86,151
10/14/2006,MWA,IL,AGL,CE,Federal Contract Tower,0,10,1,0,11,0,3,82,0,85,0,13,83,0,96,92,0,92,188
10/15/2006,MWA,IL,AGL,CE,Federal Contract Tower,0,13,5,0,18,0,2,18,0,20,0,15,23,0,38,36,0,36,74
10/16/2006,MWA,IL,AGL,CE,Federal Contract Tower,0,12,5,0,17,0,0,0,0,0,0,12,5,0,17,0,0,0,17
10/17/2006,MWA,IL,AGL,CE,Federal Contract Tower,0,14,6,0,20,0,4,5,0,9,0,18,11,0,29,6,0,6,35
10/18/2006,MWA,IL,AGL,CE,Federal Contract Tower,0,18,0,0,18,0,3,6,2,11,0,21,6,2,29,16,10,26,55
10/19/2006,MWA,IL,AGL,CE,Federal Contract Tower,0,15,3,0,18,0,2,2,0,4,0,17,5,0,22,0,0,0,22
10/20/2006,MWA,IL,AGL,CE,Federal Contract Tower,0,23,20,0,43,0,6,25,0,31,0,29,45,0,74,68,0,68,142
10/21/2006,MWA,IL,AGL,CE,Federal Contract Tower,0,5,4,0,9,0,6,16,20,42,0,11,20,20,51,28,0,28,79
10/22/2006,MWA,IL,AGL,CE,Federal Contract Tower,0,11,5,0,16,0,0,16,0,16,0,11,21,0,32,18,0,18,50
10/23/2006,MWA,IL,AGL,CE,Federal Contract Tower,0,10,18,0,28,0,7,31,0,38,0,17,49,0,66,126,0,126,192
10/24/2006,MWA,IL,AGL,CE,Federal Contract Tower,0,14,19,2,35,0,8,53,4,65,0,22,72,6,100,106,10,116,216
10/25/2006,MWA,IL,AGL,CE,Federal Contract Tower,0,26,2,2,30,0,6,31,5,42,0,32,33,7,72,44,12,56,128
10/26/2006,MWA,IL,AGL,CE,Federal Contract Tower,0,19,0,0,19,0,0,0,0,0,0,19,0,0,19,0,0,0,19
10/27/2006,MWA,IL,AGL,CE,Federal Contract Tower,0,14,1,0,15,0,0,0,0,0,0,14,1,0,15,0,0,0,15
10/28/2006,MWA,IL,AGL,CE,Federal Contract Tower,0,10,1,0,11,0,3,20,6,29,0,13,21,6,40,8,0,8,48
10/29/2006,MWA,IL,AGL,CE,Federal Contract Tower,0,11,3,0,14,0,5,31,4,40,0,16,34,4,54,38,0,38,92
10/30/2006,MWA,IL,AGL,CE,Federal Contract Tower,0,12,0,0,12,0,4,8,0,12,0,16,8,0,24,34,0,34,58
10/31/2006,MWA,IL,AGL,CE,Federal Contract Tower,0,17,4,0,21,0,0,10,0,10,0,17,14,0,31,26,0,26,57
11/01/2006,MWA,IL,AGL,CE,Federal Contract Tower,0,20,11,0,31,0,5,20,0,25,0,25,31,0,56,84,0,84,140
11/02/2006,MWA,IL,AGL,CE,Federal Contract Tower,0,15,1,0,16,0,6,27,0,33,0,21,28,0,49,56,0,56,105
11/03/2006,MWA,IL,AGL,CE,Federal Contract Tower,2,13,4,0,19,0,6,40,5,51,2,19,44,5,70,110,0,110,180
11/04/2006,MWA,IL,AGL,CE,Federal Contract Tower,1,6,2,0,9,0,2,37,27,66,1,8,39,27,75,56,0,56,131
11/05/2006,MWA,IL,AGL,CE,Federal Contract Tower,0,9,2,0,11,0,1,13,5,19,0,10,15,5,30,16,0,16,46
11/06/2006,MWA,IL,AGL,CE,Federal Contract Tower,0,16,0,0,16,0,2,3,0,5,0,18,3,0,21,0,0,0,21
11/07/2006,MWA,IL,AGL,CE,Federal Contract Tower,0,15,0,0,15,0,0,0,0,0,0,15,0,0,15,0,0,0,15
11/08/2006,MWA,IL,AGL,CE,Federal Contract Tower,0,10,0,0,10,0,3,34,0,37,0,13,34,0,47,78,0,78,125
11/09/2006,MWA,IL,AGL,CE,Federal Contract Tower,0,16,3,0,19,0,11,36,2,49,0,27,39,2,68,106,0,106,174
11/10/2006,MWA,IL,AGL,CE,Federal Contract Tower,2,14,11,0,27,0,0,3,0,3,2,14,14,0,30,38,0,38,68
11/11/2006,MWA,IL,AGL,CE,Federal Contract Tower,1,8,0,0,9,0,8,21,0,29,1,16,21,0,38,22,0,22,60
11/12/2006,MWA,IL,AGL,CE,Federal Contract Tower,0,8,1,0,9,0,5,57,1,63,0,13,58,1,72,68,0,68,140
11/13/2006,MWA,IL,AGL,CE,Federal Contract Tower,0,22,1,0,23,0,3,46,0,49,0,25,47,0,72,110,0,110,182
11/14/2006,MWA,IL,AGL,CE,Federal Contract Tower,0,18,2,0,20,0,2,11,0,13,0,20,13,0,33,14,0,14,47
11/15/2006,MWA,IL,AGL,CE,Federal Contract Tower,0,14,1,0,15,0,0,0,0,0,0,14,1,0,15,0,0,0,15
11/16/2006,MWA,IL,AGL,CE,Federal Contract Tower,0,8,0,0,8,0,0,3,0,3,0,8,3,0,11,0,0,0,11
11/17/2006,MWA,IL,AGL,CE,Federal Contract Tower,0,22,6,0,28,0,9,15,0,24,0,31,21,0,52,34,0,34,86
11/18/2006,MWA,IL,AGL,CE,Federal Contract Tower,0,15,5,0,20,0,2,17,2,21,0,17,22,2,41,22,0,22,63
11/19/2006,MWA,IL,AGL,CE,Federal Contract Tower,0,8,4,0,12,0,1,5,4,10,0,9,9,4,22,2,0,2,24
11/20/2006,MWA,IL,AGL,CE,Federal Contract Tower,0,13,0,0,13,0,2,23,0,25,0,15,23,0,38,24,0,24,62
11/21/2006,MWA,IL,AGL,CE,Federal Contract Tower,0,10,3,0,13,0,4,25,0,29,0,14,28,0,42,0,0,0,42
11/22/2006,MWA,IL,AGL,CE,Federal Contract Tower,0,16,6,0,22,0,6,34,0,40,0,22,40,0,62,16,0,16,78
11/23/2006,MWA,IL,AGL,CE,Federal Contract Tower,0,5,0,0,5,0,0,6,0,6,0,5,6,0,11,0,0,0,11
11/24/2006,MWA,IL,AGL,CE,Federal Contract Tower,0,8,0,0,8,0,8,17,0,25,0,16,17,0,33,28,0,28,61
11/25/2006,MWA,IL,AGL,CE,Federal Contract Tower,0,5,3,0,8,0,3,22,5,30,0,8,25,5,38,4,0,4,42
11/26/2006,MWA,IL,AGL,CE,Federal Contract Tower,0,18,5,0,23,0,2,8,0,10,0,20,13,0,33,16,0,16,49
11/27/2006,MWA,IL,AGL,CE,Federal Contract Tower,0,12,3,2,17,0,4,10,0,14,0,16,13,2,31,42,0,42,73
11/28/2006,MWA,IL,AGL,CE,Federal Contract Tower,0,20,1,0,21,0,5,25,0,30,0,25,26,0,51,42,0,42,93
11/29/2006,MWA,IL,AGL,CE,Federal Contract Tower,0,13,3,0,16,0,12,0,0,12,0,25,3,0,28,0,0,0,28
11/30/2006,MWA,IL,AGL,CE,Federal Contract Tower,0,6,0,0,6,0,0,0,0,0,0,6,0,0,6,0,0,0,6
12/01/2006,MWA,IL,AGL,CE,Federal Contract Tower,2,2,1,0,5,0,5,5,0,10,2,7,6,0,15,14,0,14,29
12/02/2006,MWA,IL,AGL,CE,Federal Contract Tower,0,7,3,0,10,0,6,21,0,27,0,13,24,0,37,22,0,22,59
12/03/2006,MWA,IL,AGL,CE,Federal Contract Tower,0,8,3,0,11,0,5,11,0,16,0,13,14,0,27,18,0,18,45
12/04/2006,MWA,IL,AGL,CE,Federal Contract Tower,0,23,8,0,31,0,8,29,0,37,0,31,37,0,68,102,0,102,170
12/05/2006,MWA,IL,AGL,CE,Federal Contract Tower,0,10,4,0,14,0,5,23,0,28,0,15,27,0,42,72,0,72,114
12/06/2006,MWA,IL,AGL,CE,Federal Contract Tower,0,8,1,0,9,0,11,38,3,52,0,19,39,3,61,54,0,54,115
12/07/2006,MWA,IL,AGL,CE,Federal Contract Tower,0,12,2,0,14,0,9,9,0,18,0,21,11,0,32,28,0,28,60
12/08/2006,MWA,IL,AGL,CE,Federal Contract Tower,0,15,2,4,21,0,3,34,0,37,0,18,36,4,58,62,20,82,140
12/09/2006,MWA,IL,AGL,CE,Federal Contract Tower,0,7,2,0,9,0,3,31,0,34,0,10,33,0,43,28,0,28,71
12/10/2006,MWA,IL,AGL,CE,Federal Contract Tower,0,14,2,0,16,0,6,26,0,32,0,20,28,0,48,80,0,80,128
12/11/2006,MWA,IL,AGL,CE,Federal Contract Tower,0,22,4,0,26,0,1,8,0,9,0,23,12,0,35,12,0,12,47
12/12/2006,MWA,IL,AGL,CE,Federal Contract Tower,0,15,3,0,18,0,6,1,0,7,0,21,4,0,25,0,0,0,25
12/13/2006,MWA,IL,AGL,CE,Federal Contract Tower,0,10,1,0,11,0,6,39,0,45,0,16,40,0,56,82,0,82,138
12/14/2006,MWA,IL,AGL,CE,Federal Contract Tower,0,11,2,0,13,0,0,27,0,27,0,11,29,0,40,44,0,44,84
12/15/2006,MWA,IL,AGL,CE,Federal Contract Tower,0,15,7,1,23,0,2,24,1,27,0,17,31,2,50,58,6,64,114
12/16/2006,MWA,IL,AGL,CE,Federal Contract Tower,0,8,1,0,9,0,1,0,0,1,0,9,1,0,10,2,0,2,12
12/17/2006,MWA,IL,AGL,CE,Federal Contract Tower,0,13,1,0,14,0,3,2,0,5,0,16,3,0,19,4,0,4,23
12/18/2006,MWA,IL,AGL,CE,Federal Contract Tower,0,15,3,0,18,0,3,7,0,10,0,18,10,0,28,8,0,8,36
12/19/2006,MWA,IL,AGL,CE,Federal Contract Tower,0,20,2,0,22,0,4,21,0,25,0,24,23,0,47,16,0,16,63
12/20/2006,MWA,IL,AGL,CE,Federal Contract Tower,0,13,0,1,14,0,1,7,0,8,0,14,7,1,22,0,0,0,22
12/21/2006,MWA,IL,AGL,CE,Federal Contract Tower,0,21,0,0,21,0,0,0,0,0,0,21,0,0,21,0,0,0,21
12/22/2006,MWA,IL,AGL,CE,Federal Contract Tower,0,18,3,0,21,0,9,18,0,27,0,27,21,0,48,0,0,0,48
12/23/2006,MWA,IL,AGL,CE,Federal Contract Tower,0,15,3,0,18,0,4,13,0,17,0,19,16,0,35,18,0,18,53
12/24/2006,MWA,IL,AGL,CE,Federal Contract Tower,0,10,3,0,13,0,0,13,0,13,0,10,16,0,26,16,0,16,42
12/25/2006,MWA,IL,AGL,CE,Federal Contract Tower,0,4,0,0,4,0,0,0,0,0,0,4,0,0,4,0,0,0,4
12/26/2006,MWA,IL,AGL,CE,Federal Contract Tower,0,9,4,0,13,0,6,4,0,10,0,15,8,0,23,2,0,2,25
12/27/2006,MWA,IL,AGL,CE,Federal Contract Tower,0,11,3,0,14,0,14,19,0,33,0,25,22,0,47,10,0,10,57
12/28/2006,MWA,IL,AGL,CE,Federal Contract Tower,0,12,2,0,14,0,9,12,0,21,0,21,14,0,35,6,0,6,41
12/29/2006,MWA,IL,AGL,CE,Federal Contract Tower,0,10,4,0,14,0,4,6,0,10,0,14,10,0,24,2,0,2,26
12/30/2006,MWA,IL,AGL,CE,Federal Contract Tower,0,6,4,0,10,0,3,16,0,19,0,9,20,0,29,22,0,22,51
12/31/2006,MWA,IL,AGL,CE,Federal Contract Tower,0,7,0,0,7,0,0,5,0,5,0,7,5,0,12,2,0,2,14
01/01/2007,MWA,IL,AGL,CE,Federal Contract Tower,0,8,1,0,9,0,2,6,0,8,0,10,7,0,17,0,0,0,17
01/02/2007,MWA,IL,AGL,CE,Federal Contract Tower,0,9,1,0,10,0,1,11,0,12,0,10,12,0,22,20,0,20,42
01/03/2007,MWA,IL,AGL,CE,Federal Contract Tower,2,12,1,0,15,0,10,21,0,31,2,22,22,0,46,16,0,16,62
01/04/2007,MWA,IL,AGL,CE,Federal Contract Tower,0,4,0,0,4,0,1,0,1,2,0,5,0,1,6,0,0,0,6
01/05/2007,MWA,IL,AGL,CE,Federal Contract Tower,0,5,2,0,7,0,0,0,0,0,0,5,2,0,7,0,0,0,7
01/06/2007,MWA,IL,AGL,CE,Federal Contract Tower,2,7,1,0,10,0,4,13,1,18,2,11,14,1,28,0,0,0,28
01/07/2007,MWA,IL,AGL,CE,Federal Contract Tower,0,5,7,0,12,0,0,0,0,0,0,5,7,0,12,0,0,0,12
01/08/2007,MWA,IL,AGL,CE,Federal Contract Tower,0,11,2,0,13,0,4,6,0,10,0,15,8,0,23,4,0,4,27
01/09/2007,MWA,IL,AGL,CE,Federal Contract Tower,0,8,0,0,8,0,7,11,0,18,0,15,11,0,26,24,0,24,50
01/10/2007,MWA,IL,AGL,CE,Federal Contract Tower,0,13,1,0,14,0,4,24,0,28,0,17,25,0,42,34,0,34,76
01/11/2007,MWA,IL,AGL,CE,Federal Contract Tower,0,9,0,0,9,0,5,7,0,12,0,14,7,0,21,14,0,14,35
01/12/2007,MWA,IL,AGL,CE,Federal Contract Tower,0,10,4,0,14,0,0,0,0,0,0,10,4,0,14,0,0,0,14
01/13/2007,MWA,IL,AGL,CE,Federal Contract Tower,2,3,0,0,5,0,0,0,0,0,2,3,0,0,5,0,0,0,5
01/14/2007,MWA,IL,AGL,CE,Federal Contract Tower,1,4,0,0,5,0,0,0,0,0,1,4,0,0,5,0,0,0,5
01/15/2007,MWA,IL,AGL,CE,Federal Contract Tower,0,8,0,0,8,0,0,0,0,0,0,8,0,0,8,12,0,12,20
01/16/2007,MWA,IL,AGL,CE,Federal Contract Tower,0,16,0,0,16,0,2,6,0,8,0,18,6,0,24,0,0,0,24
01/17/2007,MWA,IL,AGL,CE,Federal Contract Tower,0,12,0,0,12,0,6,21,0,27,0,18,21,0,39,18,0,18,57
01/18/2007,MWA,IL,AGL,CE,Federal Contract Tower,0,10,0,0,10,0,2,22,2,26,0,12,22,2,36,8,0,8,44
01/19/2007,MWA,IL,AGL,CE,Federal Contract Tower,0,16,2,0,18,0,1,25,0,26,0,17,27,0,44,56,0,56,100
01/20/2007,MWA,IL,AGL,CE,Federal Contract Tower,2,7,1,0,10,0,3,23,0,26,2,10,24,0,36,34,0,34,70
01/21/2007,MWA,IL,AGL,CE,Federal Contract Tower,0,8,0,0,8,0,1,0,0,1,0,9,0,0,9,0,0,0,9
01/22/2007,MWA,IL,AGL,CE,Federal Contract Tower,0,9,0,0,9,0,1,5,0,6,0,10,5,0,15,0,0,0,15
01/23/2007,MWA,IL,AGL,CE,Federal Contract Tower,0,7,0,0,7,0,10,27,6,43,0,17,27,6,50,64,0,64,114
01/24/2007,MWA,IL,AGL,CE,Federal Contract Tower,0,10,2,0,12,0,3,23,0,26,0,13,25,0,38,41,0,41,79
01/25/2007,MWA,IL,AGL,CE,Federal Contract Tower,0,14,0,0,14,0,1,20,0,21,0,15,20,0,35,50,0,50,85
01/26/2007,MWA,IL,AGL,CE,Federal Contract Tower,0,10,0,0,10,0,5,44,0,49,0,15,44,0,59,94,0,94,153
01/27/2007,MWA,IL,AGL,CE,Federal Contract Tower,0,7,0,0,7,0,1,8,0,9,0,8,8,0,16,24,0,24,40
01/28/2007,MWA,IL,AGL,CE,Federal Contract Tower,0,3,0,0,3,0,0,2,0,2,0,3,2,0,5,10,0,10,15
01/29/2007,MWA,IL,AGL,CE,Federal Contract Tower,0,10,0,0,10,0,1,47,0,48,0,11,47,0,58,96,0,96,154
01/30/2007,MWA,IL,AGL,CE,Federal Contract Tower,0,8,2,0,10,0,7,9,0,16,0,15,11,0,26,12,0,12,38
01/31/2007,MWA,IL,AGL,CE,Federal Contract Tower,0,10,1,0,11,0,9,16,0,25,0,19,17,0,36,30,0,30,66
02/01/2007,MWA,IL,AGL,CE,Federal Contract Tower,0,14,0,0,14,0,2,3,0,5,0,16,3,0,19,0,0,0,19
02/02/2007,MWA,IL,AGL,CE,Federal Contract Tower,0,19,2,0,21,0,2,20,0,22,0,21,22,0,43,56,0,56,99
02/03/2007,MWA,IL,AGL,CE,Federal Contract Tower,0,12,2,0,14,0,2,20,0,22,0,14,22,0,36,34,0,34,70
02/04/2007,MWA,IL,AGL,CE,Federal Contract Tower,0,7,0,0,7,0,0,16,0,16,0,7,16,0,23,40,0,40,63
02/05/2007,MWA,IL,AGL,CE,Federal Contract Tower,0,19,3,0,22,0,2,1,0,3,0,21,4,0,25,0,0,0,25
02/06/2007,MWA,IL,AGL,CE,Federal Contract Tower,6,12,0,0,18,0,1,11,0,12,6,13,11,0,30,32,0,32,62
02/07/2007,MWA,IL,AGL,CE,Federal Contract Tower,2,14,0,0,16,0,3,26,0,29,2,17,26,0,45,48,0,48,93
02/08/2007,MWA,IL,AGL,CE,Federal Contract Tower,1,11,0,2,14,0,3,15,2,20,1,14,15,4,34,50,0,50,84
02/09/2007,MWA,IL,AGL,CE,Federal Contract Tower,1,13,0,0,14,0,9,30,0,39,1,22,30,0,53,88,0,88,141
02/10/2007,MWA,IL,AGL,CE,Federal Contract Tower,0,7,3,0,10,0,3,30,3,36,0,10,33,3,46,53,0,53,99
02/11/2007,MWA,IL,AGL,CE,Federal Contract Tower,0,8,3,0,11,0,2,47,4,53,0,10,50,4,64,34,0,34,98
02/12/2007,MWA,IL,AGL,CE,Federal Contract Tower,5,7,1,0,13,0,0,0,0,0,5,7,1,0,13,0,0,0,13
02/13/2007,MWA,IL,AGL,CE,Federal Contract Tower,0,8,1,0,9,0,0,0,0,0,0,8,1,0,9,0,0,0,9
02/14/2007,MWA,IL,AGL,CE,Federal Contract Tower,0,20,0,0,20,0,16,20,1,37,0,36,20,1,57,18,0,18,75
02/15/2007,MWA,IL,AGL,CE,Federal Contract Tower,0,15,1,0,16,0,4,25,0,29,0,19,26,0,45,42,0,42,87
02/16/2007,MWA,IL,AGL,CE,Federal Contract Tower,0,14,0,2,16,0,5,38,0,43,0,19,38,2,59,78,0,78,137
02/17/2007,MWA,IL,AGL,CE,Federal Contract Tower,0,7,0,0,7,0,0,0,0,0,0,7,0,0,7,0,0,0,7
02/18/2007,MWA,IL,AGL,CE,Federal Contract Tower,0,10,0,0,10,0,3,21,0,24,0,13,21,0,34,32,0,32,66
02/19/2007,MWA,IL,AGL,CE,Federal Contract Tower,0,14,0,0,14,0,8,12,0,20,0,22,12,0,34,20,0,20,54
02/20/2007,MWA,IL,AGL,CE,Federal Contract Tower,0,11,0,0,11,0,1,3,0,4,0,12,3,0,15,18,0,18,33
02/21/2007,MWA,IL,AGL,CE,Federal Contract Tower,0,19,1,0,20,0,7,56,2,65,0,26,57,2,85,108,0,108,193
02/22/2007,MWA,IL,AGL,CE,Federal Contract Tower,0,18,0,0,18,0,4,45,0,49,0,22,45,0,67,53,0,53,120
02/23/2007,MWA,IL,AGL,CE,Federal Contract Tower,0,8,0,0,8,0,0,45,0,45,0,8,45,0,53,40,0,40,93
02/24/2007,MWA,IL,AGL,CE,Federal Contract Tower,0,7,0,0,7,0,0,0,0,0,0,7,0,0,7,0,0,0,7
02/25/2007,MWA,IL,AGL,CE,Federal Contract Tower,0,12,0,0,12,0,1,2,0,3,0,13,2,0,15,0,0,0,15
02/26/2007,MWA,IL,AGL,CE,Federal Contract Tower,0,18,1,0,19,0,6,13,0,19,0,24,14,0,38,66,0,66,104
02/27/2007,MWA,IL,AGL,CE,Federal Contract Tower,0,18,4,0,22,0,6,31,0,37,0,24,35,0,59,126,0,126,185
02/28/2007,MWA,IL,AGL,CE,Federal Contract Tower,0,14,1,0,15,0,4,34,0,38,0,18,35,0,53,108,0,108,161
03/01/2007,MWA,IL,AGL,CE,Federal Contract Tower,1,12,0,0,13,0,0,0,0,0,1,12,0,0,13,0,0,0,13
03/02/2007,MWA,IL,AGL,CE,Federal Contract Tower,0,15,1,0,16,0,7,5,0,12,0,22,6,0,28,20,0,20,48
03/03/2007,MWA,IL,AGL,CE,Federal Contract Tower,0,5,2,0,7,0,4,6,0,10,0,9,8,0,17,2,0,2,19
03/04/2007,MWA,IL,AGL,CE,Federal Contract Tower,0,11,2,1,14,0,7,28,13,48,0,18,30,14,62,84,0,84,146
03/05/2007,MWA,IL,AGL,CE,Federal Contract Tower,0,18,0,0,18,0,6,37,0,43,0,24,37,0,61,108,0,108,169
03/06/2007,MWA,IL,AGL,CE,Federal Contract Tower,0,22,0,0,22,0,6,43,0,49,0,28,43,0,71,70,0,70,141
03/07/2007,MWA,IL,AGL,CE,Federal Contract Tower,0,16,1,8,25,0,2,48,2,52,0,18,49,10,77,50,10,60,137
03/08/2007,MWA,IL,AGL,CE,Federal Contract Tower,0,10,1,6,17,0,6,24,2,32,0,16,25,8,49,70,8,78,127
03/09/2007,MWA,IL,AGL,CE,Federal Contract Tower,0,12,1,0,13,0,5,34,0,39,0,17,35,0,52,50,0,50,102
03/10/2007,MWA,IL,AGL,CE,Federal Contract Tower,0,9,0,0,9,0,4,18,0,22,0,13,18,0,31,28,0,28,59
03/11/2007,MWA,IL,AGL,CE,Federal Contract Tower,0,5,0,0,5,0,6,6,0,12,0,11,6,0,17,10,0,10,27
03/12/2007,MWA,IL,AGL,CE,Federal Contract Tower,0,13,0,0,13,0,8,22,0,30,0,21,22,0,43,36,0,36,79
03/13/2007,MWA,IL,AGL,CE,Federal Contract Tower,0,6,4,0,10,0,4,16,1,21,0,10,20,1,31,36,0,36,67
03/14/2007,MWA,IL,AGL,CE,Federal Contract Tower,2,15,0,0,17,0,1,5,0,6,2,16,5,0,23,0,0,0,23
03/15/2007,MWA,IL,AGL,CE,Federal Contract Tower,0,16,1,0,17,0,2,0,0,2,0,18,1,0,19,0,0,0,19
03/16/2007,MWA,IL,AGL,CE,Federal Contract Tower,0,13,4,4,21,0,5,12,2,19,0,18,16,6,40,12,2,14,54
03/17/2007,MWA,IL,AGL,CE,Federal Contract Tower,0,3,2,0,5,0,0,12,2,14,0,3,14,2,19,0,0,0,19
03/18/2007,MWA,IL,AGL,CE,Federal Contract Tower,0,3,8,0,11,0,10,17,0,27,0,13,25,0,38,10,0,10,48
03/19/2007,MWA,IL,AGL,CE,Federal Contract Tower,0,11,2,0,13,0,1,5,0,6,0,12,7,0,19,4,0,4,23
03/20/2007,MWA,IL,AGL,CE,Federal Contract Tower,2,11,0,0,13,0,1,10,0,11,2,12,10,0,24,34,0,34,58
03/21/2007,MWA,IL,AGL,CE,Federal Contract Tower,0,7,1,0,8,0,6,18,0,24,0,13,19,0,32,46,0,46,78
03/22/2007,MWA,IL,AGL,CE,Federal Contract Tower,0,13,1,0,14,0,0,2,0,2,0,13,3,0,16,8,0,8,24
03/23/2007,MWA,IL,AGL,CE,Federal Contract Tower,2,9,1,3,15,0,1,18,1,20,2,10,19,4,35,53,2,55,90
03/24/2007,MWA,IL,AGL,CE,Federal Contract Tower,0,5,6,0,11,0,2,28,0,30,0,7,34,0,41,54,0,54,95
03/25/2007,MWA,IL,AGL,CE,Federal Contract Tower,0,5,5,0,10,0,4,31,0,35,0,9,36,0,45,26,0,26,71
03/26/2007,MWA,IL,AGL,CE,Federal Contract Tower,0,7,0,0,7,0,5,12,0,17,0,12,12,0,24,38,0,38,62
03/27/2007,MWA,IL,AGL,CE,Federal Contract Tower,0,6,1,1,8,0,8,28,1,37,0,14,29,2,45,26,18,44,89
03/28/2007,MWA,IL,AGL,CE,Federal Contract Tower,0,10,1,0,11,0,4,8,0,12,0,14,9,0,23,30,0,30,53
03/29/2007,MWA,IL,AGL,CE,Federal Contract Tower,0,10,0,0,10,0,12,12,0,24,0,22,12,0,34,26,0,26,60
03/30/2007,MWA,IL,AGL,CE,Federal Contract Tower,0,9,2,4,15,0,3,27,5,35,0,12,29,9,50,30,12,42,92
03/31/2007,MWA,IL,AGL,CE,Federal Contract Tower,0,2,2,0,4,0,1,10,1,12,0,3,12,1,16,6,0,6,22
04/01/2007,MWA,IL,AGL,CE,Federal Contract Tower,0,8,1,0,9,0,6,29,0,35,0,14,30,0,44,18,0,18,62
04/02/2007,MWA,IL,AGL,CE,Federal Contract Tower,0,15,1,0,16,0,4,35,0,39,0,19,36,0,55,42,0,42,97
04/03/2007,MWA,IL,AGL,CE,Federal Contract Tower,0,18,0,0,18,0,5,12,0,17,0,23,12,0,35,12,0,12,47
04/04/2007,MWA,IL,AGL,CE,Federal Contract Tower,0,13,2,0,15,0,2,22,0,24,0,15,24,0,39,48,0,48,87
04/05/2007,MWA,IL,AGL,CE,Federal Contract Tower,0,7,5,0,12,0,10,15,2,27,0,17,20,2,39,26,0,26,65
04/06/2007,MWA,IL,AGL,CE,Federal Contract Tower,0,7,3,2,12,0,1,26,0,27,0,8,29,2,39,32,0,32,71
04/07/2007,MWA,IL,AGL,CE,Federal Contract Tower,0,15,1,0,16,0,4,35,0,39,0,19,36,0,55,42,0,42,97
04/08/2007,MWA,IL,AGL,CE,Federal Contract Tower,0,3,0,0,3,0,2,11,0,13,0,5,11,0,16,6,0,6,22
04/09/2007,MWA,IL,AGL,CE,Federal Contract Tower,0,9,1,0,10,0,7,25,0,32,0,16,26,0,42,54,0,54,96
04/10/2007,MWA,IL,AGL,CE,Federal Contract Tower,0,3,2,0,5,0,0,15,0,15,0,3,17,0,20,52,0,52,72
04/11/2007,MWA,IL,AGL,CE,Federal Contract Tower,0,8,2,0,10,0,0,3,0,3,0,8,5,0,13,2,0,2,15
04/12/2007,MWA,IL,AGL,CE,Federal Contract Tower,0,14,2,0,16,0,10,15,3,28,0,24,17,3,44,20,0,20,64
04/13/2007,MWA,IL,AGL,CE,Federal Contract Tower,0,10,0,0,10,0,0,21,0,21,0,10,21,0,31,24,0,24,55
04/14/2007,MWA,IL,AGL,CE,Federal Contract Tower,0,7,0,0,7,0,0,0,0,0,0,7,0,0,7,0,0,0,7
04/15/2007,MWA,IL,AGL,CE,Federal Contract Tower,0,6,4,0,10,0,6,64,0,70,0,12,68,0,80,34,0,34,114
04/16/2007,MWA,IL,AGL,CE,Federal Contract Tower,0,9,2,3,14,0,6,35,1,42,0,15,37,4,56,64,2,66,122
04/17/2007,MWA,IL,AGL,CE,Federal Contract Tower,0,11,6,0,17,0,8,62,1,71,0,19,68,1,88,128,0,128,216
04/18/2007,MWA,IL,AGL,CE,Federal Contract Tower,0,17,1,0,18,0,3,39,0,42,0,20,40,0,60,48,0,48,108
04/19/2007,MWA,IL,AGL,CE,Federal Contract Tower,0,13,4,0,17,0,14,39,0,53,0,27,43,0,70,126,0,126,196
04/20/2007,MWA,IL,AGL,CE,Federal Contract Tower,0,16,0,0,16,0,10,40,2,52,0,26,40,2,68,110,0,110,178
04/21/2007,MWA,IL,AGL,CE,Federal Contract Tower,0,4,0,0,4,0,4,38,4,46,0,8,38,4,50,44,0,44,94
04/22/2007,MWA,IL,AGL,CE,Federal Contract Tower,0,8,0,0,8,0,6,25,2,33,0,14,25,2,41,22,4,26,67
04/23/2007,MWA,IL,AGL,CE,Federal Contract Tower,0,8,1,1,10,0,3,30,3,36,0,11,31,4,46,32,0,32,78
04/24/2007,MWA,IL,AGL,CE,Federal Contract Tower,0,16,2,0,18,0,5,16,0,21,0,21,18,0,39,12,0,12,51
04/25/2007,MWA,IL,AGL,CE,Federal Contract Tower,0,4,0,0,4,0,2,13,0,15,0,6,13,0,19,28,0,28,47
04/26/2007,MWA,IL,AGL,CE,Federal Contract Tower,0,8,0,0,8,0,5,4,0,9,0,13,4,0,17,46,0,46,63
04/27/2007,MWA,IL,AGL,CE,Federal Contract Tower,0,10,4,0,14,0,11,33,0,44,0,21,37,0,58,114,0,114,172
04/28/2007,MWA,IL,AGL,CE,Federal Contract Tower,0,3,2,0,5,0,10,37,0,47,0,13,39,0,52,54,0,54,106
04/29/2007,MWA,IL,AGL,CE,Federal Contract Tower,0,6,3,0,9,0,4,23,0,27,0,10,26,0,36,54,0,54,90
04/30/2007,MWA,IL,AGL,CE,Federal Contract Tower,0,11,2,0,13,0,9,42,0,51,0,20,44,0,64,48,0,48,112
05/01/2007,MWA,IL,AGL,CE,Federal Contract Tower,0,7,2,2,11,0,3,24,0,27,0,10,26,2,38,42,0,42,80
05/02/2007,MWA,IL,AGL,CE,Federal Contract Tower,0,13,1,0,14,0,5,4,0,9,0,18,5,0,23,2,0,2,25
05/03/2007,MWA,IL,AGL,CE,Federal Contract Tower,0,17,0,0,17,0,0,2,0,2,0,17,2,0,19,0,0,0,19
05/04/2007,MWA,IL,AGL,CE,Federal Contract Tower,0,10,0,4,14,0,4,0,1,5,0,14,0,5,19,10,4,14,33
05/05/2007,MWA,IL,AGL,CE,Federal Contract Tower,0,4,6,10,20,0,0,6,6,12,0,4,12,16,32,16,0,16,48
05/06/2007,MWA,IL,AGL,CE,Federal Contract Tower,0,9,12,7,28,0,3,24,9,36,0,12,36,16,64,26,0,26,90
05/07/2007,MWA,IL,AGL,CE,Federal Contract Tower,0,6,0,0,6,0,4,16,0,20,0,10,16,0,26,26,0,26,52
05/08/2007,MWA,IL,AGL,CE,Federal Contract Tower,0,7,1,0,8,0,3,15,0,18,0,10,16,0,26,52,0,52,78
05/09/2007,MWA,IL,AGL,CE,Federal Contract Tower,0,11,0,4,15,0,3,36,3,42,0,14,36,7,57,84,2,86,143
05/10/2007,MWA,IL,AGL,CE,Federal Contract Tower,0,14,5,0,19,0,3,11,0,14,0,17,16,0,33,60,0,60,93
05/11/2007,MWA,IL,AGL,CE,Federal Contract Tower,0,9,13,0,22,0,6,24,0,30,0,15,37,0,52,52,0,52,104
05/12/2007,MWA,IL,AGL,CE,Federal Contract Tower,0,5,4,0,9,0,7,19,4,30,0,12,23,4,39,12,24,36,75
05/13/2007,MWA,IL,AGL,CE,Federal Contract Tower,0,4,2,0,6,0,1,17,0,18,0,5,19,0,24,22,0,22,46
05/14/2007,MWA,IL,AGL,CE,Federal Contract Tower,0,4,5,0,9,0,6,32,0,38,0,10,37,0,47,56,0,56,103
05/15/2007,MWA,IL,AGL,CE,Federal Contract Tower,0,2,1,0,3,0,6,5,0,11,0,8,6,0,14,56,0,56,70
05/16/2007,MWA,IL,AGL,CE,Federal Contract Tower,0,10,4,0,14,0,14,31,1,46,0,24,35,1,60,70,26,96,156
05/17/2007,MWA,IL,AGL,CE,Federal Contract Tower,0,6,2,4,12,0,1,27,1,29,0,7,29,5,41,50,4,54,95
05/18/2007,MWA,IL,AGL,CE,Federal Contract Tower,0,5,3,0,8,0,5,44,0,49,0,10,47,0,57,52,0,52,109
05/19/2007,MWA,IL,AGL,CE,Federal Contract Tower,0,1,2,0,3,0,3,28,0,31,0,4,30,0,34,46,0,46,80
05/20/2007,MWA,IL,AGL,CE,Federal Contract Tower,0,5,3,0,8,0,0,30,0,30,0,5,33,0,38,40,0,40,78
05/21/2007,MWA,IL,AGL,CE,Federal Contract Tower,0,7,0,0,7,0,2,17,0,19,0,9,17,0,26,14,0,14,40
05/22/2007,MWA,IL,AGL,CE,Federal Contract Tower,0,10,2,4,16,0,8,24,0,32,0,18,26,4,48,54,0,54,102
05/23/2007,MWA,IL,AGL,CE,Federal Contract Tower,0,9,3,0,12,0,6,25,0,31,0,15,28,0,43,40,0,40,83
05/24/2007,MWA,IL,AGL,CE,Federal Contract Tower,0,9,3,2,14,0,3,21,0,24,0,12,24,2,38,28,10,38,76
05/25/2007,MWA,IL,AGL,CE,Federal Contract Tower,0,8,3,0,11,0,3,23,2,28,0,11,26,2,39,54,0,54,93
05/26/2007,MWA,IL,AGL,CE,Federal Contract Tower,0,2,2,0,4,0,8,26,0,34,0,10,28,0,38,34,0,34,72
05/27/2007,MWA,IL,AGL,CE,Federal Contract Tower,0,2,2,0,4,0,5,14,0,19,0,7,16,0,23,10,0,10,33
05/28/2007,MWA,IL,AGL,CE,Federal Contract Tower,0,3,3,0,6,0,4,17,0,21,0,7,20,0,27,62,0,62,89
05/29/2007,MWA,IL,AGL,CE,Federal Contract Tower,0,12,2,0,14,0,2,30,0,32,0,14,32,0,46,66,0,66,112
05/30/2007,MWA,IL,AGL,CE,Federal Contract Tower,0,19,6,0,25,0,6,20,0,26,0,25,26,0,51,24,0,24,75
05/31/2007,MWA,IL,AGL,CE,Federal Contract Tower,0,13,5,2,20,0,7,9,4,20,0,20,14,6,40,4,0,4,44
06/01/2007,MWA,IL,AGL,CE,Federal Contract Tower,0,16,2,0,18,0,2,12,2,16,0,18,14,2,34,16,0,16,50
06/02/2007,MWA,IL,AGL,CE,Federal Contract Tower,0,4,4,0,8,0,4,36,6,46,0,8,40,6,54,26,24,50,104
06/03/2007,MWA,IL,AGL,CE,Federal Contract Tower,0,2,5,0,7,0,3,6,5,14,0,5,11,5,21,20,0,20,41
06/04/2007,MWA,IL,AGL,CE,Federal Contract Tower,0,4,3,0,7,0,3,24,0,27,0,7,27,0,34,46,0,46,80
06/05/2007,MWA,IL,AGL,CE,Federal Contract Tower,0,8,2,0,10,0,4,31,5,40,0,12,33,5,50,60,0,60,110
06/06/2007,MWA,IL,AGL,CE,Federal Contract Tower,0,9,6,0,15,0,8,25,0,33,0,17,31,0,48,68,0,68,116
06/07/2007,MWA,IL,AGL,CE,Federal Contract Tower,0,9,3,0,12,0,0,2,0,2,0,9,5,0,14,2,0,2,16
06/08/2007,MWA,IL,AGL,CE,Federal Contract Tower,0,8,0,0,8,0,6,11,0,17,0,14,11,0,25,0,0,0,25
06/09/2007,MWA,IL,AGL,CE,Federal Contract Tower,0,3,0,0,3,0,3,26,7,36,0,6,26,7,39,24,0,24,63
06/10/2007,MWA,IL,AGL,CE,Federal Contract Tower,0,8,3,2,13,0,8,26,0,34,0,16,29,2,47,54,0,54,101
06/11/2007,MWA,IL,AGL,CE,Federal Contract Tower,0,9,1,0,10,0,3,21,0,24,0,12,22,0,34,0,0,0,34
06/12/2007,MWA,IL,AGL,CE,Federal Contract Tower,0,16,1,0,17,0,7,35,2,44,0,23,36,2,61,68,0,68,129
06/13/2007,MWA,IL,AGL,CE,Federal Contract Tower,0,4,4,0,8,0,5,34,2,41,0,9,38,2,49,66,0,66,115
06/14/2007,MWA,IL,AGL,CE,Federal Contract Tower,0,12,6,0,18,0,7,23,2,32,0,19,29,2,50,34,0,34,84
06/15/2007,MWA,IL,AGL,CE,Federal Contract Tower,0,6,0,0,6,0,20,23,0,43,0,26,23,0,49,52,0,52,101
06/16/2007,MWA,IL,AGL,CE,Federal Contract Tower,0,2,0,0,2,1,9,30,0,40,1,11,30,0,42,58,0,58,100
06/17/2007,MWA,IL,AGL,CE,Federal Contract Tower,0,5,0,0,5,0,10,13,0,23,0,15,13,0,28,6,0,6,34
06/18/2007,MWA,IL,AGL,CE,Federal Contract Tower,0,8,3,0,11,0,2,13,0,15,0,10,16,0,26,18,0,18,44
06/19/2007,MWA,IL,AGL,CE,Federal Contract Tower,0,6,3,0,9,0,2,16,5,23,0,8,19,5,32,36,2,38,70
06/20/2007,MWA,IL,AGL,CE,Federal Contract Tower,0,19,2,0,21,0,5,15,0,20,0,24,17,0,41,40,4,44,85
06/21/2007,MWA,IL,AGL,CE,Federal Contract Tower,0,18,4,0,22,0,4,32,0,36,0,22,36,0,58,90,0,90,148
06/22/2007,MWA,IL,AGL,CE,Federal Contract Tower,0,11,2,2,15,0,2,16,0,18,0,13,18,2,33,48,2,50,83
06/23/2007,MWA,IL,AGL,CE,Federal Contract Tower,0,3,2,0,5,0,4,5,2,11,0,7,7,2,16,12,0,12,28
06/24/2007,MWA,IL,AGL,CE,Federal Contract Tower,0,1,1,0,2,0,1,19,0,20,0,2,20,0,22,0,0,0,22
06/25/2007,MWA,IL,AGL,CE,Federal Contract Tower,0,13,1,0,14,0,3,6,0,9,0,16,7,0,23,12,0,12,35
06/26/2007,MWA,IL,AGL,CE,Federal Contract Tower,0,13,2,1,16,0,0,17,5,22,0,13,19,6,38,30,2,32,70
06/27/2007,MWA,IL,AGL,CE,Federal Contract Tower,0,21,0,0,21,0,0,20,2,22,0,21,20,2,43,34,0,34,77
06/28/2007,MWA,IL,AGL,CE,Federal Contract Tower,0,13,5,0,18,0,4,12,4,20,0,17,17,4,38,46,0,46,84
06/29/2007,MWA,IL,AGL,CE,Federal Contract Tower,0,9,0,0,9,0,2,4,0,6,0,11,4,0,15,6,0,6,21
07/01/2007,MWA,IL,AGL,CE,Federal Contract Tower,0,3,0,0,3,0,2,4,0,6,0,5,4,0,9,0,0,0,9
07/02/2007,MWA,IL,AGL,CE,Federal Contract Tower,0,5,0,2,7,0,6,29,2,37,0,11,29,4,44,64,2,66,110
07/03/2007,MWA,IL,AGL,CE,Federal Contract Tower,0,7,0,0,7,0,4,39,1,44,0,11,39,1,51,90,0,90,141
07/04/2007,MWA,IL,AGL,CE,Federal Contract Tower,0,7,0,0,7,0,3,18,2,23,0,10,18,2,30,30,0,30,60
07/05/2007,MWA,IL,AGL,CE,Federal Contract Tower,0,9,0,0,9,0,1,21,2,24,0,10,21,2,33,25,0,25,58
07/06/2007,MWA,IL,AGL,CE,Federal Contract Tower,0,4,7,2,13,0,5,43,0,48,0,9,50,2,61,72,6,78,139
07/07/2007,MWA,IL,AGL,CE,Federal Contract Tower,0,9,1,0,10,0,4,24,0,28,0,13,25,0,38,26,0,26,64
07/08/2007,MWA,IL,AGL,CE,Federal Contract Tower,0,4,1,0,5,0,5,11,0,16,0,9,12,0,21,6,0,6,27
07/09/2007,MWA,IL,AGL,CE,Federal Contract Tower,0,9,0,0,9,0,3,20,12,35,0,12,20,12,44,28,0,28,72
07/10/2007,MWA,IL,AGL,CE,Federal Contract Tower,0,12,0,0,12,0,2,20,9,31,0,14,20,9,43,24,0,24,67
07/11/2007,MWA,IL,AGL,CE,Federal Contract Tower,0,18,0,0,18,0,11,33,8,52,0,29,33,8,70,58,0,58,128
07/12/2007,MWA,IL,AGL,CE,Federal Contract Tower,0,4,1,1,6,0,5,21,8,34,0,9,22,9,40,70,0,70,110
07/13/2007,MWA,IL,AGL,CE,Federal Contract Tower,0,6,1,0,7,0,2,36,7,45,0,8,37,7,52,86,0,86,138
07/14/2007,MWA,IL,AGL,CE,Federal Contract Tower,0,3,2,0,5,0,3,18,0,21,0,6,20,0,26,62,0,62,88
07/15/2007,MWA,IL,AGL,CE,Federal Contract Tower,0,5,2,0,7,0,1,24,0,25,0,6,26,0,32,16,0,16,48
07/16/2007,MWA,IL,AGL,CE,Federal Contract Tower,0,10,0,0,10,0,8,34,0,42,0,18,34,0,52,60,0,60,112
07/17/2007,MWA,IL,AGL,CE,Federal Contract Tower,0,5,3,0,8,0,3,13,2,18,0,8,16,2,26,18,0,18,44
07/18/2007,MWA,IL,AGL,CE,Federal Contract Tower,0,10,4,0,14,0,1,22,0,23,0,11,26,0,37,50,0,50,87
07/19/2007,MWA,IL,AGL,CE,Federal Contract Tower,0,9,3,0,12,0,0,15,2,17,0,9,18,2,29,26,0,26,55
07/20/2007,MWA,IL,AGL,CE,Federal Contract Tower,0,9,1,0,10,0,7,30,8,45,0,16,31,8,55,106,0,106,161
07/21/2007,MWA,IL,AGL,CE,Federal Contract Tower,0,1,5,0,6,0,5,26,0,31,0,6,31,0,37,32,0,32,69
07/22/2007,MWA,IL,AGL,CE,Federal Contract Tower,0,7,4,0,11,0,4,19,4,27,0,11,23,4,38,36,0,36,74
07/23/2007,MWA,IL,AGL,CE,Federal Contract Tower,0,7,1,0,8,0,7,33,0,40,0,14,34,0,48,22,0,22,70
07/24/2007,MWA,IL,AGL,CE,Federal Contract Tower,0,10,1,0,11,0,4,14,0,18,0,14,15,0,29,42,0,42,71
07/25/2007,MWA,IL,AGL,CE,Federal Contract Tower,0,5,5,0,10,0,5,24,0,29,0,10,29,0,39,22,0,22,61
07/26/2007,MWA,IL,AGL,CE,Federal Contract Tower,0,11,1,0,12,0,4,29,4,37,0,15,30,4,49,30,0,30,79
07/27/2007,MWA,IL,AGL,CE,Federal Contract Tower,0,4,2,0,6,0,5,6,0,11,0,9,8,0,17,2,0,2,19
07/28/2007,MWA,IL,AGL,CE,Federal Contract Tower,0,3,0,0,3,0,4,9,0,13,0,7,9,0,16,0,0,0,16
07/29/2007,MWA,IL,AGL,CE,Federal Contract Tower,0,6,2,0,8,0,4,9,0,13,0,10,11,0,21,24,0,24,45
07/30/2007,MWA,IL,AGL,CE,Federal Contract Tower,0,4,1,0,5,0,7,28,8,43,0,11,29,8,48,46,0,46,94
07/31/2007,MWA,IL,AGL,CE,Federal Contract Tower,0,9,5,0,14,0,16,38,8,62,0,25,43,8,76,62,0,62,138
08/01/2007,MWA,IL,AGL,CE,Federal Contract Tower,0,10,0,0,10,0,18,20,8,46,0,28,20,8,56,58,0,58,114
08/02/2007,MWA,IL,AGL,CE,Federal Contract Tower,0,8,0,0,8,0,10,25,14,49,0,18,25,14,57,45,0,45,102
08/03/2007,MWA,IL,AGL,CE,Federal Contract Tower,0,11,0,0,11,0,8,6,1,15,0,19,6,1,26,0,0,0,26
08/04/2007,MWA,IL,AGL,CE,Federal Contract Tower,0,1,0,0,1,0,2,16,0,18,0,3,16,0,19,40,0,40,59
08/05/2007,MWA,IL,AGL,CE,Federal Contract Tower,0,3,1,0,4,0,3,17,0,20,0,6,18,0,24,2,0,2,26
08/06/2007,MWA,IL,AGL,CE,Federal Contract Tower,0,8,2,0,10,0,5,25,0,30,0,13,27,0,40,2,0,2,42
08/07/2007,MWA,IL,AGL,CE,Federal Contract Tower,0,13,4,1,18,0,10,20,4,34,0,23,24,5,52,32,0,32,84
08/08/2007,MWA,IL,AGL,CE,Federal Contract Tower,2,8,0,0,10,0,4,28,9,41,2,12,28,9,51,20,0,20,71
08/09/2007,MWA,IL,AGL,CE,Federal Contract Tower,0,6,0,1,7,0,3,23,1,27,0,9,23,2,34,46,0,46,80
08/10/2007,MWA,IL,AGL,CE,Federal Contract Tower,2,6,0,0,8,0,7,17,0,24,2,13,17,0,32,24,0,24,56
08/11/2007,MWA,IL,AGL,CE,Federal Contract Tower,0,2,1,0,3,0,18,25,0,43,0,20,26,0,46,38,0,38,84
08/12/2007,MWA,IL,AGL,CE,Federal Contract Tower,0,5,1,0,6,0,5,21,4,30,0,10,22,4,36,30,0,30,66
08/13/2007,MWA,IL,AGL,CE,Federal Contract Tower,0,3,3,0,6,0,3,8,0,11,0,6,11,0,17,8,0,8,25
08/14/2007,MWA,IL,AGL,CE,Federal Contract Tower,0,10,2,1,13,0,0,20,5,25,0,10,22,6,38,14,0,14,52
08/15/2007,MWA,IL,AGL,CE,Federal Contract Tower,0,9,2,3,14,0,3,23,3,29,0,12,25,6,43,18,0,18,61
08/16/2007,MWA,IL,AGL,CE,Federal Contract Tower,0,11,0,0,11,0,10,3,1,14,0,21,3,1,25,36,0,36,61
08/17/2007,MWA,IL,AGL,CE,Federal Contract Tower,0,9,1,0,10,0,1,16,0,17,0,10,17,0,27,8,0,8,35
08/18/2007,MWA,IL,AGL,CE,Federal Contract Tower,0,3,1,0,4,0,15,13,0,28,0,18,14,0,32,42,0,42,74
08/19/2007,MWA,IL,AGL,CE,Federal Contract Tower,0,12,0,0,12,0,3,7,0,10,0,15,7,0,22,0,0,0,22
08/20/2007,MWA,IL,AGL,CE,Federal Contract Tower,0,9,0,0,9,0,0,4,0,4,0,9,4,0,13,2,0,2,15
08/21/2007,MWA,IL,AGL,CE,Federal Contract Tower,0,10,2,0,12,0,5,14,4,23,0,15,16,4,35,14,0,14,49
08/22/2007,MWA,IL,AGL,CE,Federal Contract Tower,0,8,2,0,10,0,4,21,3,28,0,12,23,3,38,16,0,16,54
08/23/2007,MWA,IL,AGL,CE,Federal Contract Tower,0,9,2,0,11,0,6,12,3,21,0,15,14,3,32,16,0,16,48
08/24/2007,MWA,IL,AGL,CE,Federal Contract Tower,0,14,3,0,17,0,3,22,1,26,0,17,25,1,43,38,0,38,81
08/25/2007,MWA,IL,AGL,CE,Federal Contract Tower,0,3,1,0,4,0,3,14,4,21,0,6,15,4,25,2,0,2,27
08/26/2007,MWA,IL,AGL,CE,Federal Contract Tower,0,8,0,0,8,0,5,15,3,23,0,13,15,3,31,16,2,18,49
08/27/2007,MWA,IL,AGL,CE,Federal Contract Tower,0,4,2,2,8,0,7,23,0,30,0,11,25,2,38,24,4,28,66
08/28/2007,MWA,IL,AGL,CE,Federal Contract Tower,0,9,2,0,11,0,8,30,2,40,0,17,32,2,51,52,0,52,103
08/29/2007,MWA,IL,AGL,CE,Federal Contract Tower,0,3,3,0,6,0,7,9,2,18,0,10,12,2,24,38,0,38,62
08/30/2007,MWA,IL,AGL,CE,Federal Contract Tower,0,6,3,0,9,0,4,11,2,17,0,10,14,2,26,46,0,46,72
08/31/2007,MWA,IL,AGL,CE,Federal Contract Tower,0,8,2,0,10,0,17,39,1,57,0,25,41,1,67,134,0,134,201
09/01/2007,MWA,IL,AGL,CE,Federal Contract Tower,0,3,0,0,3,0,5,19,0,24,0,8,19,0,27,36,0,36,63
09/02/2007,MWA,IL,AGL,CE,Federal Contract Tower,0,1,0,0,1,0,6,14,0,20,0,7,14,0,21,14,0,14,35
09/03/2007,MWA,IL,AGL,CE,Federal Contract Tower,0,4,1,0,5,0,1,12,0,13,0,5,13,0,18,20,0,20,38
09/04/2007,MWA,IL,AGL,CE,Federal Contract Tower,0,8,1,0,9,0,5,31,2,38,0,13,32,2,47,42,0,42,89
09/05/2007,MWA,IL,AGL,CE,Federal Contract Tower,0,5,3,0,8,0,7,8,2,17,0,12,11,2,25,40,0,40,65
09/06/2007,MWA,IL,AGL,CE,Federal Contract Tower,0,14,0,0,14,0,1,4,0,5,0,15,4,0,19,0,0,0,19
09/07/2007,MWA,IL,AGL,CE,Federal Contract Tower,0,16,0,0,16,0,2,6,0,8,0,18,6,0,24,6,0,6,30
09/08/2007,MWA,IL,AGL,CE,Federal Contract Tower,0,6,1,0,7,0,5,1,0,6,0,11,2,0,13,14,0,14,27
09/09/2007,MWA,IL,AGL,CE,Federal Contract Tower,0,1,3,0,4,0,3,7,0,10,0,4,10,0,14,0,0,0,14
09/10/2007,MWA,IL,AGL,CE,Federal Contract Tower,0,7,1,0,8,0,3,23,0,26,0,10,24,0,34,42,0,42,76
09/11/2007,MWA,IL,AGL,CE,Federal Contract Tower,0,11,12,0,23,0,3,13,0,16,0,14,25,0,39,48,0,48,87
09/12/2007,MWA,IL,AGL,CE,Federal Contract Tower,0,6,0,0,6,0,6,36,3,45,0,12,36,3,51,40,0,40,91
09/13/2007,MWA,IL,AGL,CE,Federal Contract Tower,0,11,0,0,11,0,0,39,2,41,0,11,39,2,52,60,0,60,112
09/14/2007,MWA,IL,AGL,CE,Federal Contract Tower,2,13,2,0,17,0,5,34,1,40,2,18,36,1,57,26,0,26,83
09/15/2007,MWA,IL,AGL,CE,Federal Contract Tower,0,5,4,0,9,0,4,45,0,49,0,9,49,0,58,38,0,38,96
09/16/2007,MWA,IL,AGL,CE,Federal Contract Tower,0,6,4,0,10,0,0,20,0,20,0,6,24,0,30,30,0,30,60
09/17/2007,MWA,IL,AGL,CE,Federal Contract Tower,0,9,0,0,9,0,3,14,1,18,0,12,14,1,27,50,0,50,77
09/18/2007,MWA,IL,AGL,CE,Federal Contract Tower,0,7,3,0,10,0,7,15,5,27,0,14,18,5,37,54,0,54,91
09/19/2007,MWA,IL,AGL,CE,Federal Contract Tower,0,7,6,0,13,0,6,24,2,32,0,13,30,2,45,56,0,56,101
09/20/2007,MWA,IL,AGL,CE,Federal Contract Tower,0,10,3,0,13,0,0,39,6,45,0,10,42,6,58,52,0,52,110
09/21/2007,MWA,IL,AGL,CE,Federal Contract Tower,0,12,0,0,12,0,9,22,0,31,0,21,22,0,43,36,0,36,79
09/22/2007,MWA,IL,AGL,CE,Federal Contract Tower,0,1,4,0,5,0,7,27,28,62,0,8,31,28,67,46,0,46,113
09/23/2007,MWA,IL,AGL,CE,Federal Contract Tower,0,7,3,0,10,0,6,14,1,21,0,13,17,1,31,6,0,6,37
09/24/2007,MWA,IL,AGL,CE,Federal Contract Tower,0,7,2,0,9,0,5,13,0,18,0,12,15,0,27,12,0,12,39
09/25/2007,MWA,IL,AGL,CE,Federal Contract Tower,0,9,5,0,14,0,16,3,0,19,0,25,8,0,33,20,0,20,53
09/26/2007,MWA,IL,AGL,CE,Federal Contract Tower,0,8,6,0,14,0,7,9,0,16,0,15,15,0,30,4,0,4,34
09/27/2007,MWA,IL,AGL,CE,Federal Contract Tower,0,11,9,1,21,0,7,14,1,22,0,18,23,2,43,30,0,30,73
09/28/2007,MWA,IL,AGL,CE,Federal Contract Tower,0,9,1,0,10,0,8,32,7,47,0,17,33,7,57,34,0,34,91
09/29/2007,MWA,IL,AGL,CE,Federal Contract Tower,0,2,4,0,6,0,13,18,0,31,0,15,22,0,37,18,0,18,55
09/30/2007,MWA,IL,AGL,CE,Federal Contract Tower,0,5,3,0,8,0,2,14,12,28,0,7,17,12,36,10,0,10,46
10/01/2007,MWA,IL,AGL,CE,Federal Contract Tower,0,9,0,0,9,0,5,11,0,16,0,14,11,0,25,28,0,28,53
10/02/2007,MWA,IL,AGL,CE,Federal Contract Tower,0,11,2,0,13,0,10,39,6,55,0,21,41,6,68,88,0,88,156
10/03/2007,MWA,IL,AGL,CE,Federal Contract Tower,0,15,7,0,22,0,28,12,0,40,0,43,19,0,62,18,0,18,80
10/04/2007,MWA,IL,AGL,CE,Federal Contract Tower,0,9,3,1,13,0,51,30,1,82,0,60,33,2,95,110,0,110,205
10/05/2007,MWA,IL,AGL,CE,Federal Contract Tower,2,10,1,0,13,0,7,15,2,24,2,17,16,2,37,80,0,80,117
10/06/2007,MWA,IL,AGL,CE,Federal Contract Tower,0,9,3,0,12,0,11,16,0,27,0,20,19,0,39,22,0,22,61
10/07/2007,MWA,IL,AGL,CE,Federal Contract Tower,0,4,4,0,8,0,3,13,0,16,0,7,17,0,24,18,0,18,42
10/08/2007,MWA,IL,AGL,CE,Federal Contract Tower,0,6,0,0,6,0,4,16,0,20,0,10,16,0,26,34,0,34,60
10/09/2007,MWA,IL,AGL,CE,Federal Contract Tower,1,11,4,0,16,0,4,30,6,40,1,15,34,6,56,80,0,80,136
10/10/2007,MWA,IL,AGL,CE,Federal Contract Tower,0,8,0,0,8,0,1,16,3,20,0,9,16,3,28,60,0,60,88
10/11/2007,MWA,IL,AGL,CE,Federal Contract Tower,0,11,4,0,15,0,2,34,6,42,0,13,38,6,57,64,0,64,121
10/12/2007,MWA,IL,AGL,CE,Federal Contract Tower,1,0,8,0,9,0,12,16,0,28,1,12,24,0,37,3,8,11,48
10/13/2007,MWA,IL,AGL,CE,Federal Contract Tower,0,6,8,0,14,0,5,44,0,49,0,11,52,0,63,30,0,30,93
10/14/2007,MWA,IL,AGL,CE,Federal Contract Tower,0,4,3,0,7,0,2,30,0,32,0,6,33,0,39,50,0,50,89
10/15/2007,MWA,IL,AGL,CE,Federal Contract Tower,0,5,2,0,7,0,1,20,0,21,0,6,22,0,28,28,0,28,56
10/16/2007,MWA,IL,AGL,CE,Federal Contract Tower,0,12,6,0,18,0,5,9,0,14,0,17,15,0,32,30,0,30,62
10/17/2007,MWA,IL,AGL,CE,Federal Contract Tower,0,11,0,0,11,0,3,2,0,5,0,14,2,0,16,14,0,14,30
10/18/2007,MWA,IL,AGL,CE,Federal Contract Tower,0,10,1,0,11,0,4,0,0,4,0,14,1,0,15,0,0,0,15
10/19/2007,MWA,IL,AGL,CE,Federal Contract Tower,0,3,2,0,5,0,1,10,0,11,0,4,12,0,16,86,0,86,102
10/20/2007,MWA,IL,AGL,CE,Federal Contract Tower,0,4,5,0,9,0,8,24,0,32,0,12,29,0,41,26,0,26,67
10/21/2007,MWA,IL,AGL,CE,Federal Contract Tower,0,6,4,0,10,0,1,8,2,11,0,7,12,2,21,0,0,0,21
10/22/2007,MWA,IL,AGL,CE,Federal Contract Tower,0,6,8,0,14,0,2,8,0,10,0,8,16,0,24,42,0,42,66
10/23/2007,MWA,IL,AGL,CE,Federal Contract Tower,0,5,2,0,7,0,1,0,0,1,0,6,2,0,8,0,0,0,8
10/24/2007,MWA,IL,AGL,CE,Federal Contract Tower,0,8,4,0,12,0,1,5,0,6,0,9,9,0,18,42,0,42,60
10/25/2007,MWA,IL,AGL,CE,Federal Contract Tower,0,8,18,0,26,0,0,2,0,2,0,8,20,0,28,0,0,0,28
10/26/2007,MWA,IL,AGL,CE,Federal Contract Tower,0,14,0,0,14,0,2,3,0,5,0,16,3,0,19,12,0,12,31
10/27/2007,MWA,IL,AGL,CE,Federal Contract Tower,0,3,4,3,10,0,2,14,0,16,0,5,18,3,26,22,2,24,50
10/28/2007,MWA,IL,AGL,CE,Federal Contract Tower,0,8,3,0,11,0,3,38,2,43,0,11,41,2,54,62,0,62,116
10/29/2007,MWA,IL,AGL,CE,Federal Contract Tower,0,16,5,0,21,0,0,35,0,35,0,16,40,0,56,106,0,106,162
10/30/2007,MWA,IL,AGL,CE,Federal Contract Tower,0,7,2,0,9,0,6,11,0,17,0,13,13,0,26,32,0,32,58
10/31/2007,MWA,IL,AGL,CE,Federal Contract Tower,0,11,0,3,14,0,5,18,0,23,0,16,18,3,37,34,0,34,71
11/01/2007,MWA,IL,AGL,CE,Federal Contract Tower,0,11,4,0,15,0,7,39,0,46,0,18,43,0,61,98,0,98,159
11/02/2007,MWA,IL,AGL,CE,Federal Contract Tower,0,7,2,0,9,0,0,34,2,36,0,7,36,2,45,34,0,34,79
11/03/2007,MWA,IL,AGL,CE,Federal Contract Tower,0,8,2,0,10,0,1,25,0,26,0,9,27,0,36,30,0,30,66
11/04/2007,MWA,IL,AGL,CE,Federal Contract Tower,0,3,2,0,5,0,1,28,0,29,0,4,30,0,34,38,0,38,72
11/05/2007,MWA,IL,AGL,CE,Federal Contract Tower,0,7,0,0,7,0,3,9,0,12,0,10,9,0,19,12,0,12,31
11/06/2007,MWA,IL,AGL,CE,Federal Contract Tower,0,14,3,0,17,0,6,11,0,17,0,20,14,0,34,12,0,12,46
11/07/2007,MWA,IL,AGL,CE,Federal Contract Tower,0,16,2,0,18,0,9,26,0,35,0,25,28,0,53,58,0,58,111
11/08/2007,MWA,IL,AGL,CE,Federal Contract Tower,0,16,3,0,19,0,2,40,1,43,0,18,43,1,62,108,0,108,170
11/09/2007,MWA,IL,AGL,CE,Federal Contract Tower,0,8,5,0,13,0,7,36,0,43,0,15,41,0,56,68,0,68,124
11/10/2007,MWA,IL,AGL,CE,Federal Contract Tower,0,4,4,2,10,0,2,24,3,29,0,6,28,5,39,32,0,32,71
11/11/2007,MWA,IL,AGL,CE,Federal Contract Tower,0,5,7,0,12,0,3,4,0,7,0,8,11,0,19,0,0,0,19
11/12/2007,MWA,IL,AGL,CE,Federal Contract Tower,0,6,0,0,6,0,6,5,0,11,0,12,5,0,17,20,0,20,37
11/13/2007,MWA,IL,AGL,CE,Federal Contract Tower,0,7,6,0,13,0,0,0,0,0,0,7,6,0,13,0,0,0,13
11/14/2007,MWA,IL,AGL,CE,Federal Contract Tower,0,14,4,0,18,0,6,11,0,17,0,20,15,0,35,16,0,16,51
11/15/2007,MWA,IL,AGL,CE,Federal Contract Tower,0,10,3,2,15,0,7,39,3,49,0,17,42,5,64,60,0,60,124
11/16/2007,MWA,IL,AGL,CE,Federal Contract Tower,1,8,3,0,12,0,10,26,0,36,1,18,29,0,48,94,0,94,142
11/17/2007,MWA,IL,AGL,CE,Federal Contract Tower,0,6,1,0,7,0,1,29,0,30,0,7,30,0,37,60,0,60,97
11/18/2007,MWA,IL,AGL,CE,Federal Contract Tower,0,7,2,0,9,0,2,9,0,11,0,9,11,0,20,0,0,0,20
11/19/2007,MWA,IL,AGL,CE,Federal Contract Tower,0,8,4,0,12,0,4,5,0,9,0,12,9,0,21,0,0,0,21
11/20/2007,MWA,IL,AGL,CE,Federal Contract Tower,0,8,0,4,12,0,6,6,0,12,0,14,6,4,24,2,8,10,34
11/21/2007,MWA,IL,AGL,CE,Federal Contract Tower,0,5,0,0,5,0,0,0,0,0,0,5,0,0,5,0,0,0,5
11/22/2007,MWA,IL,AGL,CE,Federal Contract Tower,0,1,0,0,1,0,4,1,0,5,0,5,1,0,6,2,0,2,8
11/23/2007,MWA,IL,AGL,CE,Federal Contract Tower,0,5,4,0,9,0,1,27,0,28,0,6,31,0,37,20,0,20,57
11/24/2007,MWA,IL,AGL,CE,Federal Contract Tower,0,2,1,0,3,0,0,14,0,14,0,2,15,0,17,30,0,30,47
11/25/2007,MWA,IL,AGL,CE,Federal Contract Tower,0,6,0,0,6,0,0,0,0,0,0,6,0,0,6,0,0,0,6
11/26/2007,MWA,IL,AGL,CE,Federal Contract Tower,0,9,2,0,11,0,1,0,0,1,0,10,2,0,12,0,0,0,12
11/27/2007,MWA,IL,AGL,CE,Federal Contract Tower,0,7,3,0,10,0,9,26,0,35,0,16,29,0,45,68,0,68,113
11/28/2007,MWA,IL,AGL,CE,Federal Contract Tower,0,14,1,0,15,0,5,19,0,24,0,19,20,0,39,112,0,112,151
11/29/2007,MWA,IL,AGL,CE,Federal Contract Tower,0,12,2,0,14,0,9,22,4,35,0,21,24,4,49,90,0,90,139
11/30/2007,MWA,IL,AGL,CE,Federal Contract Tower,2,13,3,0,18,0,0,31,0,31,2,13,34,0,49,30,0,30,79
12/01/2007,MWA,IL,AGL,CE,Federal Contract Tower,1,7,2,0,10,0,7,21,9,37,1,14,23,9,47,18,0,18,65
12/02/2007,MWA,IL,AGL,CE,Federal Contract Tower,0,5,0,0,5,0,0,0,0,0,0,5,0,0,5,0,0,0,5
12/03/2007,MWA,IL,AGL,CE,Federal Contract Tower,0,7,1,0,8,0,2,17,0,19,0,9,18,0,27,44,0,44,71
12/04/2007,MWA,IL,AGL,CE,Federal Contract Tower,0,11,2,1,14,0,4,29,0,33,0,15,31,1,47,82,0,82,129
12/05/2007,MWA,IL,AGL,CE,Federal Contract Tower,0,21,1,0,22,0,2,0,2,4,0,23,1,2,26,0,0,0,26
12/06/2007,MWA,IL,AGL,CE,Federal Contract Tower,0,38,1,0,39,0,2,11,0,13,0,40,12,0,52,12,0,12,64
12/07/2007,MWA,IL,AGL,CE,Federal Contract Tower,0,15,0,0,15,0,3,7,0,10,0,18,7,0,25,12,0,12,37
12/08/2007,MWA,IL,AGL,CE,Federal Contract Tower,0,4,0,0,4,0,0,0,0,0,0,4,0,0,4,0,0,0,4
12/09/2007,MWA,IL,AGL,CE,Federal Contract Tower,0,6,1,0,7,0,0,0,0,0,0,6,1,0,7,0,0,0,7
12/10/2007,MWA,IL,AGL,CE,Federal Contract Tower,0,3,0,0,3,0,0,0,0,0,0,3,0,0,3,0,0,0,3
12/11/2007,MWA,IL,AGL,CE,Federal Contract Tower,0,4,1,0,5,0,0,1,0,1,0,4,2,0,6,0,0,0,6
12/12/2007,MWA,IL,AGL,CE,Federal Contract Tower,0,5,0,0,5,0,0,0,0,0,0,5,0,0,5,0,0,0,5
12/13/2007,MWA,IL,AGL,CE,Federal Contract Tower,0,9,0,0,9,0,2,4,0,6,0,11,4,0,15,0,0,0,15
12/14/2007,MWA,IL,AGL,CE,Federal Contract Tower,0,11,7,0,18,0,4,20,0,24,0,15,27,0,42,38,0,38,80
12/15/2007,MWA,IL,AGL,CE,Federal Contract Tower,0,5,0,0,5,0,0,0,0,0,0,5,0,0,5,0,0,0,5
12/16/2007,MWA,IL,AGL,CE,Federal Contract Tower,0,6,0,0,6,0,3,8,0,11,0,9,8,0,17,26,0,26,43
12/17/2007,MWA,IL,AGL,CE,Federal Contract Tower,2,18,0,0,20,0,6,16,16,38,2,24,16,16,58,42,0,42,100
12/18/2007,MWA,IL,AGL,CE,Federal Contract Tower,0,6,1,2,9,0,9,16,0,25,0,15,17,2,34,83,0,83,117
12/19/2007,MWA,IL,AGL,CE,Federal Contract Tower,0,12,2,0,14,0,5,20,0,25,0,17,22,0,39,20,0,20,59
12/20/2007,MWA,IL,AGL,CE,Federal Contract Tower,0,8,0,0,8,0,0,0,0,0,0,8,0,0,8,0,0,0,8
12/21/2007,MWA,IL,AGL,CE,Federal Contract Tower,0,6,3,0,9,0,0,0,0,0,0,6,3,0,9,0,0,0,9
12/22/2007,MWA,IL,AGL,CE,Federal Contract Tower,0,5,0,0,5,0,0,0,0,0,0,5,0,0,5,0,0,0,5
12/23/2007,MWA,IL,AGL,CE,Federal Contract Tower,0,1,0,0,1,0,3,4,0,7,0,4,4,0,8,0,0,0,8
12/24/2007,MWA,IL,AGL,CE,Federal Contract Tower,0,1,0,0,1,0,2,12,0,14,0,3,12,0,15,20,0,20,35
12/25/2007,MWA,IL,AGL,CE,Federal Contract Tower,0,2,0,0,2,0,0,4,0,4,0,2,4,0,6,16,0,16,22
12/26/2007,MWA,IL,AGL,CE,Federal Contract Tower,0,3,2,0,5,0,4,14,0,18,0,7,16,0,23,8,0,8,31
12/27/2007,MWA,IL,AGL,CE,Federal Contract Tower,0,10,0,0,10,0,0,4,0,4,0,10,4,0,14,6,0,6,20
12/28/2007,MWA,IL,AGL,CE,Federal Contract Tower,0,7,0,0,7,0,2,2,0,4,0,9,2,0,11,4,0,4,15
12/29/2007,MWA,IL,AGL,CE,Federal Contract Tower,0,8,1,0,9,0,3,12,0,15,0,11,13,0,24,4,0,4,28
12/30/2007,MWA,IL,AGL,CE,Federal Contract Tower,0,6,1,0,7,0,9,11,0,20,0,15,12,0,27,28,0,28,55
12/31/2007,MWA,IL,AGL,CE,Federal Contract Tower,0,5,1,0,6,0,4,1,0,5,0,9,2,0,11,0,0,0,11
01/01/2008,MWA,IL,AGL,CE,Federal Contract Tower,0,9,0,0,9,0,0,3,0,3,0,9,3,0,12,0,0,0,12
01/02/2008,MWA,IL,AGL,CE,Federal Contract Tower,0,9,0,0,9,0,4,2,0,6,0,13,2,0,15,6,0,6,21
01/03/2008,MWA,IL,AGL,CE,Federal Contract Tower,0,7,3,0,10,0,7,4,0,11,0,14,7,0,21,6,0,6,27
01/04/2008,MWA,IL,AGL,CE,Federal Contract Tower,0,4,0,0,4,0,9,12,0,21,0,13,12,0,25,6,0,6,31
01/05/2008,MWA,IL,AGL,CE,Federal Contract Tower,0,5,3,0,8,0,2,0,0,2,0,7,3,0,10,0,0,0,10
01/06/2008,MWA,IL,AGL,CE,Federal Contract Tower,0,3,2,0,5,0,5,1,0,6,0,8,3,0,11,0,0,0,11
01/07/2008,MWA,IL,AGL,CE,Federal Contract Tower,0,5,0,0,5,0,2,0,0,2,0,7,0,0,7,0,0,0,7
01/08/2008,MWA,IL,AGL,CE,Federal Contract Tower,0,3,2,0,5,0,0,0,0,0,0,3,2,0,5,0,0,0,5
01/09/2008,MWA,IL,AGL,CE,Federal Contract Tower,0,9,0,0,9,0,1,21,0,22,0,10,21,0,31,22,0,22,53
01/10/2008,MWA,IL,AGL,CE,Federal Contract Tower,0,9,0,0,9,0,0,0,0,0,0,9,0,0,9,0,0,0,9
01/11/2008,MWA,IL,AGL,CE,Federal Contract Tower,0,3,1,0,4,0,9,18,0,27,0,12,19,0,31,32,0,32,63
01/12/2008,MWA,IL,AGL,CE,Federal Contract Tower,0,2,2,0,4,0,0,22,4,26,0,2,24,4,30,38,0,38,68
01/13/2008,MWA,IL,AGL,CE,Federal Contract Tower,0,6,0,0,6,0,2,4,0,6,0,8,4,0,12,8,0,8,20
01/14/2008,MWA,IL,AGL,CE,Federal Contract Tower,0,4,2,0,6,0,0,4,0,4,0,4,6,0,10,2,0,2,12
01/15/2008,MWA,IL,AGL,CE,Federal Contract Tower,0,8,1,0,9,0,3,22,2,27,0,11,23,2,36,30,0,30,66
01/16/2008,MWA,IL,AGL,CE,Federal Contract Tower,0,12,2,0,14,0,10,16,5,31,0,22,18,5,45,44,0,44,89
01/17/2008,MWA,IL,AGL,CE,Federal Contract Tower,0,6,0,0,6,0,0,0,0,0,0,6,0,0,6,0,0,0,6
01/18/2008,MWA,IL,AGL,CE,Federal Contract Tower,0,8,0,0,8,0,1,18,6,25,0,9,18,6,33,48,10,58,91
01/19/2008,MWA,IL,AGL,CE,Federal Contract Tower,0,8,0,0,8,0,2,12,5,19,0,10,12,5,27,18,0,18,45
01/20/2008,MWA,IL,AGL,CE,Federal Contract Tower,0,2,2,0,4,0,5,7,0,12,0,7,9,0,16,14,0,14,30
01/21/2008,MWA,IL,AGL,CE,Federal Contract Tower,0,3,3,0,6,0,4,10,1,15,0,7,13,1,21,4,0,4,25
01/22/2008,MWA,IL,AGL,CE,Federal Contract Tower,0,5,1,0,6,0,7,0,0,7,0,12,1,0,13,4,0,4,17
01/23/2008,MWA,IL,AGL,CE,Federal Contract Tower,0,7,0,0,7,0,4,15,0,19,0,11,15,0,26,38,0,38,64
01/24/2008,MWA,IL,AGL,CE,Federal Contract Tower,0,15,2,0,17,0,0,13,0,13,0,15,15,0,30,16,0,16,46
01/25/2008,MWA,IL,AGL,CE,Federal Contract Tower,0,7,0,0,7,0,4,13,0,17,0,11,13,0,24,44,0,44,68
01/26/2008,MWA,IL,AGL,CE,Federal Contract Tower,0,7,1,0,8,0,4,7,0,11,0,11,8,0,19,2,0,2,21
01/27/2008,MWA,IL,AGL,CE,Federal Contract Tower,0,4,0,0,4,0,0,21,0,21,0,4,21,0,25,22,0,22,47
01/28/2008,MWA,IL,AGL,CE,Federal Contract Tower,0,9,0,0,9,0,2,6,0,8,0,11,6,0,17,38,0,38,55
01/29/2008,MWA,IL,AGL,CE,Federal Contract Tower,2,11,0,0,13,0,0,0,0,0,2,11,0,0,13,0,0,0,13
01/30/2008,MWA,IL,AGL,CE,Federal Contract Tower,0,9,3,0,12,0,2,20,0,22,0,11,23,0,34,46,0,46,80
01/31/2008,MWA,IL,AGL,CE,Federal Contract Tower,0,8,0,0,8,0,0,4,0,4,0,8,4,0,12,30,0,30,42
02/01/2008,MWA,IL,AGL,CE,Federal Contract Tower,0,11,0,0,11,0,1,4,0,5,0,12,4,0,16,12,0,12,28
02/02/2008,MWA,IL,AGL,CE,Federal Contract Tower,0,3,2,0,5,0,5,8,2,15,0,8,10,2,20,26,0,26,46
02/03/2008,MWA,IL,AGL,CE,Federal Contract Tower,1,2,0,0,3,0,2,6,0,8,1,4,6,0,11,12,0,12,23
02/04/2008,MWA,IL,AGL,CE,Federal Contract Tower,0,6,0,0,6,0,0,2,0,2,0,6,2,0,8,0,0,0,8
02/05/2008,MWA,IL,AGL,CE,Federal Contract Tower,0,3,0,0,3,0,0,0,0,0,0,3,0,0,3,0,0,0,3
02/06/2008,MWA,IL,AGL,CE,Federal Contract Tower,0,11,1,0,12,0,1,10,10,21,0,12,11,10,33,22,0,22,55
02/07/2008,MWA,IL,AGL,CE,Federal Contract Tower,0,21,3,0,24,0,4,26,2,32,0,25,29,2,56,94,0,94,150
02/08/2008,MWA,IL,AGL,CE,Federal Contract Tower,0,3,0,0,3,0,0,39,0,39,0,3,39,0,42,118,0,118,160
02/09/2008,MWA,IL,AGL,CE,Federal Contract Tower,1,1,0,0,2,0,0,20,6,26,1,1,20,6,28,64,0,64,92
02/10/2008,MWA,IL,AGL,CE,Federal Contract Tower,0,4,0,0,4,0,3,21,0,24,0,7,21,0,28,14,0,14,42
02/11/2008,MWA,IL,AGL,CE,Federal Contract Tower,0,4,0,0,4,0,3,2,0,5,0,7,2,0,9,6,0,6,15
02/12/2008,MWA,IL,AGL,CE,Federal Contract Tower,0,2,0,0,2,0,7,0,0,7,0,9,0,0,9,0,0,0,9
02/13/2008,MWA,IL,AGL,CE,Federal Contract Tower,0,11,0,2,13,0,5,5,2,12,0,16,5,4,25,0,0,0,25
02/14/2008,MWA,IL,AGL,CE,Federal Contract Tower,0,16,0,0,16,0,13,6,0,19,0,29,6,0,35,6,0,6,41
02/15/2008,MWA,IL,AGL,CE,Federal Contract Tower,0,4,0,0,4,0,2,3,0,5,0,6,3,0,9,14,0,14,23
02/16/2008,MWA,IL,AGL,CE,Federal Contract Tower,0,4,0,0,4,0,4,2,0,6,0,8,2,0,10,14,0,14,24
02/17/2008,MWA,IL,AGL,CE,Federal Contract Tower,0,3,0,0,3,0,0,0,0,0,0,3,0,0,3,0,0,0,3
02/18/2008,MWA,IL,AGL,CE,Federal Contract Tower,0,5,0,0,5,0,4,8,0,12,0,9,8,0,17,12,0,12,29
02/19/2008,MWA,IL,AGL,CE,Federal Contract Tower,2,8,1,0,11,0,3,23,0,26,2,11,24,0,37,80,0,80,117
02/20/2008,MWA,IL,AGL,CE,Federal Contract Tower,0,3,0,0,3,0,6,12,0,18,0,9,12,0,21,44,0,44,65
02/21/2008,MWA,IL,AGL,CE,Federal Contract Tower,0,3,0,0,3,0,0,0,0,0,0,3,0,0,3,0,0,0,3
02/22/2008,MWA,IL,AGL,CE,Federal Contract Tower,0,3,0,0,3,0,0,0,0,0,0,3,0,0,3,0,0,0,3
02/23/2008,MWA,IL,AGL,CE,Federal Contract Tower,0,5,0,0,5,0,4,5,0,9,0,9,5,0,14,24,0,24,38
02/24/2008,MWA,IL,AGL,CE,Federal Contract Tower,0,4,2,0,6,0,0,0,0,0,0,4,2,0,6,0,0,0,6
02/25/2008,MWA,IL,AGL,CE,Federal Contract Tower,0,8,0,0,8,0,0,4,0,4,0,8,4,0,12,0,0,0,12
02/26/2008,MWA,IL,AGL,CE,Federal Contract Tower,0,7,0,0,7,0,2,0,0,2,0,9,0,0,9,0,0,0,9
02/27/2008,MWA,IL,AGL,CE,Federal Contract Tower,0,19,4,0,23,0,2,7,0,9,0,21,11,0,32,66,0,66,98
02/28/2008,MWA,IL,AGL,CE,Federal Contract Tower,0,17,0,2,19,0,12,5,5,22,0,29,5,7,41,78,0,78,119
02/29/2008,MWA,IL,AGL,CE,Federal Contract Tower,0,5,0,0,5,0,2,31,3,36,0,7,31,3,41,84,0,84,125
03/01/2008,MWA,IL,AGL,CE,Federal Contract Tower,0,4,1,0,5,0,3,56,10,69,0,7,57,10,74,102,0,102,176
03/02/2008,MWA,IL,AGL,CE,Federal Contract Tower,0,4,3,0,7,0,4,14,5,23,0,8,17,5,30,12,0,12,42
03/03/2008,MWA,IL,AGL,CE,Federal Contract Tower,0,4,1,0,5,0,0,0,0,0,0,4,1,0,5,0,0,0,5
03/04/2008,MWA,IL,AGL,CE,Federal Contract Tower,0,1,0,0,1,0,0,0,0,0,0,1,0,0,1,0,0,0,1
03/05/2008,MWA,IL,AGL,CE,Federal Contract Tower,0,7,0,0,7,0,4,29,0,33,0,11,29,0,40,52,0,52,92
03/06/2008,MWA,IL,AGL,CE,Federal Contract Tower,0,10,0,2,12,0,3,14,0,17,0,13,14,2,29,56,0,56,85
03/07/2008,MWA,IL,AGL,CE,Federal Contract Tower,0,4,0,0,4,0,0,1,0,1,0,4,1,0,5,0,0,0,5
03/08/2008,MWA,IL,AGL,CE,Federal Contract Tower,0,5,0,0,5,0,4,17,0,21,0,9,17,0,26,22,0,22,48
03/09/2008,MWA,IL,AGL,CE,Federal Contract Tower,0,8,3,0,11,0,5,18,0,23,0,13,21,0,34,30,0,30,64
03/10/2008,MWA,IL,AGL,CE,Federal Contract Tower,0,8,2,0,10,0,2,6,0,8,0,10,8,0,18,0,0,0,18
03/11/2008,MWA,IL,AGL,CE,Federal Contract Tower,0,6,0,0,6,0,4,15,0,19,0,10,15,0,25,28,0,28,53
03/12/2008,MWA,IL,AGL,CE,Federal Contract Tower,0,11,0,0,11,0,15,45,0,60,0,26,45,0,71,38,0,38,109
03/13/2008,MWA,IL,AGL,CE,Federal Contract Tower,0,8,2,0,10,0,14,29,3,46,0,22,31,3,56,50,0,50,106
03/14/2008,MWA,IL,AGL,CE,Federal Contract Tower,0,7,0,2,9,0,1,7,0,8,0,8,7,2,17,0,0,0,17
03/15/2008,MWA,IL,AGL,CE,Federal Contract Tower,0,3,1,0,4,0,0,2,0,2,0,3,3,0,6,0,0,0,6
03/16/2008,MWA,IL,AGL,CE,Federal Contract Tower,0,6,2,0,8,0,7,13,0,20,0,13,15,0,28,18,0,18,46
03/17/2008,MWA,IL,AGL,CE,Federal Contract Tower,0,5,2,0,7,0,2,7,2,11,0,7,9,2,18,60,0,60,78
03/18/2008,MWA,IL,AGL,CE,Federal Contract Tower,0,4,0,0,4,0,0,0,0,0,0,4,0,0,4,0,0,0,4
03/19/2008,MWA,IL,AGL,CE,Federal Contract Tower,2,6,0,0,8,0,0,3,0,3,2,6,3,0,11,0,0,0,11
03/20/2008,MWA,IL,AGL,CE,Federal Contract Tower,0,10,2,7,19,0,5,41,4,50,0,15,43,11,69,72,10,82,151
03/21/2008,MWA,IL,AGL,CE,Federal Contract Tower,0,4,0,1,5,0,5,21,1,27,0,9,21,2,32,20,0,20,52
03/22/2008,MWA,IL,AGL,CE,Federal Contract Tower,0,2,2,0,4,0,7,14,0,21,0,9,16,0,25,34,0,34,59
03/23/2008,MWA,IL,AGL,CE,Federal Contract Tower,0,2,0,0,2,0,1,2,0,3,0,3,2,0,5,8,0,8,13
03/24/2008,MWA,IL,AGL,CE,Federal Contract Tower,0,9,2,4,15,0,3,38,2,43,0,12,40,6,58,34,12,46,104
03/25/2008,MWA,IL,AGL,CE,Federal Contract Tower,0,4,0,17,21,0,1,0,2,3,0,5,0,19,24,0,14,14,38
03/26/2008,MWA,IL,AGL,CE,Federal Contract Tower,0,6,1,0,7,0,4,25,0,29,0,10,26,0,36,50,0,50,86
03/27/2008,MWA,IL,AGL,CE,Federal Contract Tower,0,8,2,0,10,0,1,0,0,1,0,9,2,0,11,0,0,0,11
03/28/2008,MWA,IL,AGL,CE,Federal Contract Tower,0,8,1,0,9,0,7,0,0,7,0,15,1,0,16,20,0,20,36
03/29/2008,MWA,IL,AGL,CE,Federal Contract Tower,0,4,1,0,5,0,0,29,5,34,0,4,30,5,39,22,0,22,61
03/30/2008,MWA,IL,AGL,CE,Federal Contract Tower,0,3,0,0,3,0,0,0,0,0,0,3,0,0,3,0,0,0,3
03/31/2008,MWA,IL,AGL,CE,Federal Contract Tower,0,4,1,0,5,0,0,0,0,0,0,4,1,0,5,0,0,0,5
04/01/2008,MWA,IL,AGL,CE,Federal Contract Tower,0,4,0,0,4,0,21,52,0,73,0,25,52,0,77,90,0,90,167
04/02/2008,MWA,IL,AGL,CE,Federal Contract Tower,0,10,0,3,13,0,9,67,3,79,0,19,67,6,92,114,0,114,206
04/03/2008,MWA,IL,AGL,CE,Federal Contract Tower,0,11,1,1,13,0,0,0,0,0,0,11,1,1,13,0,0,0,13
04/04/2008,MWA,IL,AGL,CE,Federal Contract Tower,2,1,0,0,3,0,3,34,2,39,2,4,34,2,42,44,2,46,88
04/05/2008,MWA,IL,AGL,CE,Federal Contract Tower,0,0,0,0,0,2,12,45,1,60,2,12,45,1,60,46,0,46,106
04/06/2008,MWA,IL,AGL,CE,Federal Contract Tower,0,8,3,0,11,0,2,44,4,50,0,10,47,4,61,36,0,36,97
04/07/2008,MWA,IL,AGL,CE,Federal Contract Tower,0,7,1,2,10,0,11,64,0,75,0,18,65,2,85,74,0,74,159
04/08/2008,MWA,IL,AGL,CE,Federal Contract Tower,0,8,3,2,13,0,5,18,0,23,0,13,21,2,36,38,0,38,74
04/09/2008,MWA,IL,AGL,CE,Federal Contract Tower,0,8,2,0,10,0,4,21,0,25,0,12,23,0,35,16,0,16,51
04/10/2008,MWA,IL,AGL,CE,Federal Contract Tower,0,9,0,0,9,0,0,0,0,0,0,9,0,0,9,0,0,0,9
04/11/2008,MWA,IL,AGL,CE,Federal Contract Tower,0,15,0,0,15,0,3,15,0,18,0,18,15,0,33,4,0,4,37
04/12/2008,MWA,IL,AGL,CE,Federal Contract Tower,0,6,0,0,6,0,1,15,0,16,0,7,15,0,22,22,0,22,44
04/13/2008,MWA,IL,AGL,CE,Federal Contract Tower,0,12,0,0,12,0,0,0,0,0,0,12,0,0,12,0,0,0,12
04/14/2008,MWA,IL,AGL,CE,Federal Contract Tower,0,5,0,6,11,0,11,43,2,56,0,16,43,8,67,130,4,134,201
04/15/2008,MWA,IL,AGL,CE,Federal Contract Tower,0,14,3,2,19,0,8,15,5,28,0,22,18,7,47,82,2,84,131
04/16/2008,MWA,IL,AGL,CE,Federal Contract Tower,0,9,0,7,16,0,12,10,0,22,0,21,10,7,38,42,0,42,80
04/17/2008,MWA,IL,AGL,CE,Federal Contract Tower,0,9,1,0,10,0,12,28,0,40,0,21,29,0,50,28,0,28,78
04/18/2008,MWA,IL,AGL,CE,Federal Contract Tower,0,11,3,4,18,0,2,5,0,7,0,13,8,4,25,30,2,32,57
04/19/2008,MWA,IL,AGL,CE,Federal Contract Tower,0,2,6,0,8,0,6,11,2,19,0,8,17,2,27,4,0,4,31
04/20/2008,MWA,IL,AGL,CE,Federal Contract Tower,0,4,0,0,4,0,3,29,4,36,0,7,29,4,40,76,0,76,116
04/21/2008,MWA,IL,AGL,CE,Federal Contract Tower,0,8,3,4,15,0,8,17,0,25,0,16,20,4,40,72,0,72,112
04/22/2008,MWA,IL,AGL,CE,Federal Contract Tower,0,5,0,0,5,0,1,12,0,13,0,6,12,0,18,50,0,50,68
04/23/2008,MWA,IL,AGL,CE,Federal Contract Tower,0,8,0,2,10,0,7,32,1,40,0,15,32,3,50,44,14,58,108
04/24/2008,MWA,IL,AGL,CE,Federal Contract Tower,0,12,2,2,16,0,13,12,0,25,0,25,14,2,41,2,0,2,43
04/25/2008,MWA,IL,AGL,CE,Federal Contract Tower,0,15,1,0,16,0,3,20,0,23,0,18,21,0,39,40,0,40,79
04/26/2008,MWA,IL,AGL,CE,Federal Contract Tower,0,6,4,1,11,0,3,21,2,26,0,9,25,3,37,46,0,46,83
04/27/2008,MWA,IL,AGL,CE,Federal Contract Tower,0,7,3,0,10,0,2,25,0,27,0,9,28,0,37,8,0,8,45
04/28/2008,MWA,IL,AGL,CE,Federal Contract Tower,0,5,0,0,5,0,3,15,0,18,0,8,15,0,23,72,0,72,95
04/29/2008,MWA,IL,AGL,CE,Federal Contract Tower,0,9,0,2,11,0,12,28,0,40,0,21,28,2,51,74,0,74,125
04/30/2008,MWA,IL,AGL,CE,Federal Contract Tower,0,11,3,4,18,0,11,29,0,40,0,22,32,4,58,18,4,22,80
05/01/2008,MWA,IL,AGL,CE,Federal Contract Tower,0,13,1,2,16,0,6,2,2,10,0,19,3,4,26,6,0,6,32
05/02/2008,MWA,IL,AGL,CE,Federal Contract Tower,0,7,1,0,8,0,0,1,0,1,0,7,2,0,9,0,0,0,9
05/03/2008,MWA,IL,AGL,CE,Federal Contract Tower,0,6,0,0,6,0,6,21,0,27,0,12,21,0,33,40,0,40,73
05/04/2008,MWA,IL,AGL,CE,Federal Contract Tower,0,4,0,0,4,0,11,25,1,37,0,15,25,1,41,57,0,57,98
05/05/2008,MWA,IL,AGL,CE,Federal Contract Tower,0,9,4,0,13,0,7,22,0,29,0,16,26,0,42,36,0,36,78
05/06/2008,MWA,IL,AGL,CE,Federal Contract Tower,0,5,0,3,8,0,3,22,1,26,0,8,22,4,34,46,25,71,105
05/07/2008,MWA,IL,AGL,CE,Federal Contract Tower,0,12,1,2,15,0,1,9,0,10,0,13,10,2,25,2,0,2,27
05/08/2008,MWA,IL,AGL,CE,Federal Contract Tower,0,22,6,1,29,0,0,0,0,0,0,22,6,1,29,0,0,0,29
05/09/2008,MWA,IL,AGL,CE,Federal Contract Tower,0,12,1,0,13,0,0,0,0,0,0,12,1,0,13,0,0,0,13
05/10/2008,MWA,IL,AGL,CE,Federal Contract Tower,0,11,2,0,13,0,0,22,0,22,0,11,24,0,35,40,0,40,75
05/11/2008,MWA,IL,AGL,CE,Federal Contract Tower,0,5,9,0,14,0,2,0,0,2,0,7,9,0,16,0,0,0,16
05/12/2008,MWA,IL,AGL,CE,Federal Contract Tower,0,6,2,1,9,0,11,46,1,58,0,17,48,2,67,64,0,64,131
05/13/2008,MWA,IL,AGL,CE,Federal Contract Tower,0,16,0,5,21,0,8,18,12,38,0,24,18,17,59,32,12,44,103
05/14/2008,MWA,IL,AGL,CE,Federal Contract Tower,0,11,7,2,20,0,2,4,0,6,0,13,11,2,26,14,0,14,40
05/15/2008,MWA,IL,AGL,CE,Federal Contract Tower,0,7,3,0,10,0,1,0,0,1,0,8,3,0,11,0,0,0,11
05/16/2008,MWA,IL,AGL,CE,Federal Contract Tower,0,7,2,0,9,0,9,17,0,26,0,16,19,0,35,62,0,62,97
05/17/2008,MWA,IL,AGL,CE,Federal Contract Tower,0,4,3,0,7,0,5,15,2,22,0,9,18,2,29,8,4,12,41
05/18/2008,MWA,IL,AGL,CE,Federal Contract Tower,0,13,2,0,15,0,8,10,0,18,0,21,12,0,33,6,0,6,39
05/19/2008,MWA,IL,AGL,CE,Federal Contract Tower,0,7,2,2,11,0,0,7,0,7,0,7,9,2,18,32,0,32,50
05/20/2008,MWA,IL,AGL,CE,Federal Contract Tower,0,11,1,0,12,0,8,17,0,25,0,19,18,0,37,52,0,52,89
05/21/2008,MWA,IL,AGL,CE,Federal Contract Tower,0,11,4,7,22,0,8,14,1,23,0,19,18,8,45,70,4,74,119
05/22/2008,MWA,IL,AGL,CE,Federal Contract Tower,0,8,5,2,15,0,4,18,0,22,0,12,23,2,37,24,0,24,61
05/23/2008,MWA,IL,AGL,CE,Federal Contract Tower,0,7,1,0,8,0,2,18,0,20,0,9,19,0,28,14,0,14,42
05/24/2008,MWA,IL,AGL,CE,Federal Contract Tower,0,5,4,0,9,0,4,3,0,7,0,9,7,0,16,8,0,8,24
05/25/2008,MWA,IL,AGL,CE,Federal Contract Tower,0,4,0,0,4,0,2,9,0,11,0,6,9,0,15,6,0,6,21
05/26/2008,MWA,IL,AGL,CE,Federal Contract Tower,0,6,3,0,9,0,1,0,0,1,0,7,3,0,10,0,0,0,10
05/27/2008,MWA,IL,AGL,CE,Federal Contract Tower,0,9,0,2,11,0,0,2,0,2,0,9,2,2,13,4,0,4,17
05/28/2008,MWA,IL,AGL,CE,Federal Contract Tower,0,16,0,0,16,0,3,10,0,13,0,19,10,0,29,36,0,36,65
05/29/2008,MWA,IL,AGL,CE,Federal Contract Tower,0,26,0,2,28,0,0,33,0,33,0,26,33,2,61,32,0,32,93
05/30/2008,MWA,IL,AGL,CE,Federal Contract Tower,0,11,3,7,21,0,3,14,2,19,0,14,17,9,40,23,10,33,73
05/31/2008,MWA,IL,AGL,CE,Federal Contract Tower,0,8,0,0,8,0,8,21,0,29,0,16,21,0,37,30,0,30,67
06/01/2008,MWA,IL,AGL,CE,Federal Contract Tower,0,7,3,0,10,0,5,22,0,27,0,12,25,0,37,30,0,30,67
06/02/2008,MWA,IL,AGL,CE,Federal Contract Tower,0,12,0,0,12,0,4,6,0,10,0,16,6,0,22,22,0,22,44
06/03/2008,MWA,IL,AGL,CE,Federal Contract Tower,0,11,2,1,14,0,8,5,0,13,0,19,7,1,27,16,0,16,43
06/04/2008,MWA,IL,AGL,CE,Federal Contract Tower,0,11,2,0,13,0,0,11,0,11,0,11,13,0,24,12,0,12,36
06/05/2008,MWA,IL,AGL,CE,Federal Contract Tower,0,16,5,7,28,0,2,11,2,15,0,18,16,9,43,8,10,18,61
06/06/2008,MWA,IL,AGL,CE,Federal Contract Tower,0,9,1,0,10,0,3,3,0,6,0,12,4,0,16,2,0,2,18
06/07/2008,MWA,IL,AGL,CE,Federal Contract Tower,0,5,1,0,6,0,3,4,0,7,0,8,5,0,13,10,0,10,23
06/08/2008,MWA,IL,AGL,CE,Federal Contract Tower,0,3,1,0,4,0,7,15,0,22,0,10,16,0,26,6,0,6,32
06/09/2008,MWA,IL,AGL,CE,Federal Contract Tower,0,4,2,0,6,0,3,11,0,14,0,7,13,0,20,28,0,28,48
06/10/2008,MWA,IL,AGL,CE,Federal Contract Tower,0,7,1,2,10,0,4,15,3,22,0,11,16,5,32,24,0,24,56
06/11/2008,MWA,IL,AGL,CE,Federal Contract Tower,0,4,2,0,6,0,9,31,0,40,0,13,33,0,46,36,0,36,82
06/12/2008,MWA,IL,AGL,CE,Federal Contract Tower,0,5,3,0,8,0,6,8,3,17,0,11,11,3,25,14,0,14,39
06/13/2008,MWA,IL,AGL,CE,Federal Contract Tower,0,7,2,0,9,0,1,11,0,12,0,8,13,0,21,30,0,30,51
06/14/2008,MWA,IL,AGL,CE,Federal Contract Tower,0,4,12,0,16,0,12,26,0,38,0,16,38,0,54,34,0,34,88
06/15/2008,MWA,IL,AGL,CE,Federal Contract Tower,0,12,1,0,13,0,4,13,0,17,0,16,14,0,30,8,0,8,38
06/16/2008,MWA,IL,AGL,CE,Federal Contract Tower,0,4,2,0,6,0,4,30,0,34,0,8,32,0,40,12,0,12,52
06/17/2008,MWA,IL,AGL,CE,Federal Contract Tower,0,7,2,8,17,0,5,33,0,38,0,12,35,8,55,16,0,16,71
06/18/2008,MWA,IL,AGL,CE,Federal Contract Tower,0,10,4,5,19,0,3,38,0,41,0,13,42,5,60,32,4,36,96
06/19/2008,MWA,IL,AGL,CE,Federal Contract Tower,0,14,3,6,23,0,7,24,2,33,0,21,27,8,56,52,14,66,122
06/20/2008,MWA,IL,AGL,CE,Federal Contract Tower,0,11,1,0,12,0,6,0,0,6,0,17,1,0,18,0,0,0,18
06/21/2008,MWA,IL,AGL,CE,Federal Contract Tower,0,8,3,0,11,0,9,6,0,15,0,17,9,0,26,10,0,10,36
06/22/2008,MWA,IL,AGL,CE,Federal Contract Tower,0,7,3,0,10,0,5,9,0,14,0,12,12,0,24,14,0,14,38
06/23/2008,MWA,IL,AGL,CE,Federal Contract Tower,0,12,34,6,52,0,0,0,0,0,0,12,34,6,52,50,0,50,102
06/24/2008,MWA,IL,AGL,CE,Federal Contract Tower,0,7,4,1,12,0,7,22,4,33,0,14,26,5,45,44,6,50,95
06/25/2008,MWA,IL,AGL,CE,Federal Contract Tower,0,17,4,8,29,0,7,19,8,34,0,24,23,16,63,48,38,86,149
06/26/2008,MWA,IL,AGL,CE,Federal Contract Tower,0,13,2,0,15,0,6,12,7,25,0,19,14,7,40,10,0,10,50
06/27/2008,MWA,IL,AGL,CE,Federal Contract Tower,0,6,6,0,12,0,2,3,6,11,0,8,9,6,23,16,0,16,39
06/28/2008,MWA,IL,AGL,CE,Federal Contract Tower,0,7,1,0,8,0,7,12,0,19,0,14,13,0,27,14,0,14,41
06/29/2008,MWA,IL,AGL,CE,Federal Contract Tower,0,4,2,0,6,0,2,8,2,12,0,6,10,2,18,2,0,2,20
06/30/2008,MWA,IL,AGL,CE,Federal Contract Tower,0,0,0,6,6,0,17,16,5,38,0,17,16,11,44,52,12,64,108
07/01/2008,MWA,IL,AGL,CE,Federal Contract Tower,0,9,2,9,20,0,5,38,0,43,0,14,40,9,63,74,10,84,147
07/02/2008,MWA,IL,AGL,CE,Federal Contract Tower,0,16,2,5,23,0,0,16,13,29,0,16,18,18,52,82,20,102,154
07/03/2008,MWA,IL,AGL,CE,Federal Contract Tower,0,6,0,0,6,0,2,10,4,16,0,8,10,4,22,44,0,44,66
07/04/2008,MWA,IL,AGL,CE,Federal Contract Tower,0,1,0,0,1,0,1,0,0,1,0,2,0,0,2,0,0,0,2
07/05/2008,MWA,IL,AGL,CE,Federal Contract Tower,0,2,10,0,12,0,2,10,0,12,0,4,20,0,24,4,0,4,28
07/06/2008,MWA,IL,AGL,CE,Federal Contract Tower,0,10,4,0,14,0,0,18,0,18,0,10,22,0,32,20,0,20,52
07/07/2008,MWA,IL,AGL,CE,Federal Contract Tower,0,10,0,0,10,0,1,26,0,27,0,11,26,0,37,68,0,68,105
07/08/2008,MWA,IL,AGL,CE,Federal Contract Tower,0,9,0,2,11,0,5,14,0,19,0,14,14,2,30,30,0,30,60
07/09/2008,MWA,IL,AGL,CE,Federal Contract Tower,0,13,0,0,13,0,4,0,0,4,0,17,0,0,17,10,0,10,27
07/10/2008,MWA,IL,AGL,CE,Federal Contract Tower,0,7,2,8,17,0,2,19,2,23,0,9,21,10,40,64,2,66,106
07/11/2008,MWA,IL,AGL,CE,Federal Contract Tower,0,10,2,0,12,0,3,23,0,26,0,13,25,0,38,42,0,42,80
07/12/2008,MWA,IL,AGL,CE,Federal Contract Tower,0,7,0,0,7,0,5,12,0,17,0,12,12,0,24,10,0,10,34
07/13/2008,MWA,IL,AGL,CE,Federal Contract Tower,0,9,1,0,10,0,1,25,5,31,0,10,26,5,41,4,0,4,45
07/14/2008,MWA,IL,AGL,CE,Federal Contract Tower,0,8,2,15,25,0,6,29,4,39,0,14,31,19,64,70,26,96,160
07/15/2008,MWA,IL,AGL,CE,Federal Contract Tower,0,4,0,5,9,0,10,21,1,32,0,14,21,6,41,34,8,42,83
07/16/2008,MWA,IL,AGL,CE,Federal Contract Tower,0,12,0,4,16,0,10,34,2,46,0,22,34,6,62,50,4,54,116
07/17/2008,MWA,IL,AGL,CE,Federal Contract Tower,0,4,2,2,8,0,9,33,5,47,0,13,35,7,55,86,8,94,149
07/18/2008,MWA,IL,AGL,CE,Federal Contract Tower,0,14,2,3,19,0,4,18,1,23,0,18,20,4,42,32,0,32,74
07/19/2008,MWA,IL,AGL,CE,Federal Contract Tower,0,11,2,0,13,0,2,13,0,15,0,13,15,0,28,22,0,22,50
07/20/2008,MWA,IL,AGL,CE,Federal Contract Tower,0,11,4,0,15,0,5,11,0,16,0,16,15,0,31,22,0,22,53
07/21/2008,MWA,IL,AGL,CE,Federal Contract Tower,0,7,2,3,12,0,5,3,5,13,0,12,5,8,25,10,10,20,45
07/22/2008,MWA,IL,AGL,CE,Federal Contract Tower,0,10,0,1,11,0,7,9,1,17,0,17,9,2,28,0,0,0,28
07/23/2008,MWA,IL,AGL,CE,Federal Contract Tower,0,12,1,2,15,0,17,58,6,81,0,29,59,8,96,86,6,92,188
07/24/2008,MWA,IL,AGL,CE,Federal Contract Tower,0,8,2,10,20,0,5,21,11,37,0,13,23,21,57,64,24,88,145
07/25/2008,MWA,IL,AGL,CE,Federal Contract Tower,0,11,2,0,13,0,0,5,0,5,0,11,7,0,18,26,0,26,44
07/26/2008,MWA,IL,AGL,CE,Federal Contract Tower,0,8,9,1,18,0,1,14,3,18,0,9,23,4,36,28,0,28,64
07/27/2008,MWA,IL,AGL,CE,Federal Contract Tower,0,14,7,0,21,0,6,9,0,15,0,20,16,0,36,0,0,0,36
07/28/2008,MWA,IL,AGL,CE,Federal Contract Tower,0,8,6,5,19,0,3,13,0,16,0,11,19,5,35,4,2,6,41
07/29/2008,MWA,IL,AGL,CE,Federal Contract Tower,0,6,2,4,12,0,14,35,1,50,0,20,37,5,62,68,4,72,134
07/30/2008,MWA,IL,AGL,CE,Federal Contract Tower,0,15,4,3,22,0,4,14,1,19,0,19,18,4,41,18,0,18,59
07/31/2008,MWA,IL,AGL,CE,Federal Contract Tower,0,12,1,8,21,0,2,17,5,24,0,14,18,13,45,18,26,44,89
08/01/2008,MWA,IL,AGL,CE,Federal Contract Tower,0,13,0,5,18,0,2,12,4,18,0,15,12,9,36,26,6,32,68
08/02/2008,MWA,IL,AGL,CE,Federal Contract Tower,0,7,6,0,13,0,4,14,0,18,0,11,20,0,31,22,0,22,53
08/03/2008,MWA,IL,AGL,CE,Federal Contract Tower,0,8,3,0,11,0,14,13,0,27,0,22,16,0,38,6,0,6,44
08/04/2008,MWA,IL,AGL,CE,Federal Contract Tower,0,7,4,6,17,0,5,7,2,14,0,12,11,8,31,6,2,8,39
08/05/2008,MWA,IL,AGL,CE,Federal Contract Tower,0,12,4,3,19,0,0,5,7,12,0,12,9,10,31,2,0,2,33
08/06/2008,MWA,IL,AGL,CE,Federal Contract Tower,0,11,0,6,17,0,0,1,8,9,0,11,1,14,26,6,6,12,38
08/07/2008,MWA,IL,AGL,CE,Federal Contract Tower,0,12,1,3,16,0,2,12,5,19,0,14,13,8,35,12,2,14,49
08/08/2008,MWA,IL,AGL,CE,Federal Contract Tower,0,4,3,12,19,0,3,13,5,21,0,7,16,17,40,18,14,32,72
08/09/2008,MWA,IL,AGL,CE,Federal Contract Tower,0,12,6,1,19,0,5,30,3,38,0,17,36,4,57,28,18,46,103
08/10/2008,MWA,IL,AGL,CE,Federal Contract Tower,0,6,1,7,14,0,4,24,1,29,0,10,25,8,43,10,0,10,53
08/11/2008,MWA,IL,AGL,CE,Federal Contract Tower,0,13,0,4,17,0,11,19,2,32,0,24,19,6,49,24,12,36,85
08/12/2008,MWA,IL,AGL,CE,Federal Contract Tower,0,11,1,8,20,0,1,12,13,26,0,12,13,21,46,12,36,48,94
08/13/2008,MWA,IL,AGL,CE,Federal Contract Tower,0,16,0,7,23,0,2,12,6,20,0,18,12,13,43,8,22,30,73
08/14/2008,MWA,IL,AGL,CE,Federal Contract Tower,0,9,0,5,14,0,1,18,2,21,0,10,18,7,35,22,12,34,69
08/15/2008,MWA,IL,AGL,CE,Federal Contract Tower,0,10,2,4,16,0,4,15,4,23,0,14,17,8,39,16,8,24,63
08/16/2008,MWA,IL,AGL,CE,Federal Contract Tower,0,7,5,0,12,0,9,17,1,27,0,16,22,1,39,4,0,4,43
08/17/2008,MWA,IL,AGL,CE,Federal Contract Tower,0,2,7,4,13,0,1,13,1,15,0,3,20,5,28,4,0,4,32
08/18/2008,MWA,IL,AGL,CE,Federal Contract Tower,0,12,6,15,33,0,0,17,4,21,0,12,23,19,54,12,20,32,86
08/19/2008,MWA,IL,AGL,CE,Federal Contract Tower,0,9,0,11,20,0,7,16,9,32,0,16,16,20,52,22,32,54,106
08/20/2008,MWA,IL,AGL,CE,Federal Contract Tower,0,8,4,5,17,0,0,12,4,16,0,8,16,9,33,30,4,34,67
08/21/2008,MWA,IL,AGL,CE,Federal Contract Tower,0,11,0,9,20,0,2,5,1,8,0,13,5,10,28,8,28,36,64
08/22/2008,MWA,IL,AGL,CE,Federal Contract Tower,0,5,1,0,6,0,14,5,1,20,0,19,6,1,26,6,0,6,32
08/23/2008,MWA,IL,AGL,CE,Federal Contract Tower,0,7,2,0,9,0,3,7,19,29,0,10,9,19,38,14,0,14,52
08/24/2008,MWA,IL,AGL,CE,Federal Contract Tower,0,8,1,0,9,0,1,20,5,26,0,9,21,5,35,14,0,14,49
08/25/2008,MWA,IL,AGL,CE,Federal Contract Tower,0,7,0,0,7,0,7,14,0,21,0,14,14,0,28,94,0,94,122
08/26/2008,MWA,IL,AGL,CE,Federal Contract Tower,0,10,2,3,15,0,4,16,1,21,0,14,18,4,36,24,0,24,60
08/27/2008,MWA,IL,AGL,CE,Federal Contract Tower,0,12,5,0,17,0,10,32,3,45,0,22,37,3,62,78,0,78,140
08/28/2008,MWA,IL,AGL,CE,Federal Contract Tower,0,8,5,3,16,0,9,22,3,34,0,17,27,6,50,26,6,32,82
08/29/2008,MWA,IL,AGL,CE,Federal Contract Tower,0,15,11,3,29,0,4,19,3,26,0,19,30,6,55,22,2,24,79
08/30/2008,MWA,IL,AGL,CE,Federal Contract Tower,0,5,6,0,11,0,1,13,0,14,0,6,19,0,25,10,0,10,35
08/31/2008,MWA,IL,AGL,CE,Federal Contract Tower,0,9,0,1,10,0,0,19,0,19,0,9,19,1,29,42,0,42,71
09/01/2008,MWA,IL,AGL,CE,Federal Contract Tower,0,6,1,0,7,0,0,7,0,7,0,6,8,0,14,10,0,10,24
09/02/2008,MWA,IL,AGL,CE,Federal Contract Tower,0,6,1,11,18,0,0,22,2,24,0,6,23,13,42,58,4,62,104
09/03/2008,MWA,IL,AGL,CE,Federal Contract Tower,0,8,0,8,16,0,8,26,11,45,0,16,26,19,61,30,14,44,105
09/04/2008,MWA,IL,AGL,CE,Federal Contract Tower,0,6,0,0,6,0,0,0,0,0,0,6,0,0,6,0,0,0,6
09/05/2008,MWA,IL,AGL,CE,Federal Contract Tower,0,11,12,1,24,0,0,2,0,2,0,11,14,1,26,14,0,14,40
09/06/2008,MWA,IL,AGL,CE,Federal Contract Tower,0,5,2,0,7,0,0,12,3,15,0,5,14,3,22,4,0,4,26
09/07/2008,MWA,IL,AGL,CE,Federal Contract Tower,0,6,0,0,6,0,5,7,4,16,0,11,7,4,22,12,0,12,34
09/08/2008,MWA,IL,AGL,CE,Federal Contract Tower,0,11,1,6,18,0,11,25,2,38,0,22,26,8,56,20,0,20,76
09/09/2008,MWA,IL,AGL,CE,Federal Contract Tower,0,4,2,4,10,0,6,10,7,23,0,10,12,11,33,12,6,18,51
09/10/2008,MWA,IL,AGL,CE,Federal Contract Tower,0,10,3,11,24,0,13,39,10,62,0,23,42,21,86,90,34,124,210
09/11/2008,MWA,IL,AGL,CE,Federal Contract Tower,0,5,0,7,12,0,6,14,9,29,0,11,14,16,41,26,0,26,67
09/12/2008,MWA,IL,AGL,CE,Federal Contract Tower,0,7,2,8,17,0,4,6,5,15,0,11,8,13,32,16,4,20,52
09/13/2008,MWA,IL,AGL,CE,Federal Contract Tower,0,7,1,1,9,0,2,11,3,16,0,9,12,4,25,12,0,12,37
09/14/2008,MWA,IL,AGL,CE,Federal Contract Tower,0,10,0,0,10,0,0,2,0,2,0,10,2,0,12,0,0,0,12
09/15/2008,MWA,IL,AGL,CE,Federal Contract Tower,0,7,3,10,20,0,7,12,4,23,0,14,15,14,43,22,22,44,87
09/16/2008,MWA,IL,AGL,CE,Federal Contract Tower,0,8,2,5,15,0,3,29,10,42,0,11,31,15,57,56,24,80,137
09/17/2008,MWA,IL,AGL,CE,Federal Contract Tower,0,17,0,6,23,0,4,42,6,52,0,21,42,12,75,84,14,98,173
09/18/2008,MWA,IL,AGL,CE,Federal Contract Tower,0,11,2,4,17,0,8,17,0,25,0,19,19,4,42,64,0,64,106
09/19/2008,MWA,IL,AGL,CE,Federal Contract Tower,0,10,2,0,12,0,3,32,2,37,0,13,34,2,49,46,0,46,95
09/20/2008,MWA,IL,AGL,CE,Federal Contract Tower,0,12,0,0,12,0,2,9,2,13,0,14,9,2,25,14,8,22,47
09/21/2008,MWA,IL,AGL,CE,Federal Contract Tower,0,5,0,0,5,0,4,10,0,14,0,9,10,0,19,2,0,2,21
09/22/2008,MWA,IL,AGL,CE,Federal Contract Tower,0,9,1,2,12,0,5,21,2,28,0,14,22,4,40,52,14,66,106
09/23/2008,MWA,IL,AGL,CE,Federal Contract Tower,0,11,2,4,17,0,8,21,7,36,0,19,23,11,53,34,12,46,99
09/24/2008,MWA,IL,AGL,CE,Federal Contract Tower,0,7,2,2,11,0,2,10,2,14,0,9,12,4,25,36,6,42,67
09/25/2008,MWA,IL,AGL,CE,Federal Contract Tower,0,11,2,14,27,0,8,23,4,35,0,19,25,18,62,28,24,52,114
09/26/2008,MWA,IL,AGL,CE,Federal Contract Tower,0,8,5,8,21,0,3,39,1,43,0,11,44,9,64,36,2,38,102
09/27/2008,MWA,IL,AGL,CE,Federal Contract Tower,0,10,2,0,12,0,11,39,6,56,0,21,41,6,68,30,0,30,98
09/28/2008,MWA,IL,AGL,CE,Federal Contract Tower,0,8,2,0,10,0,5,23,0,28,0,13,25,0,38,34,0,34,72
09/29/2008,MWA,IL,AGL,CE,Federal Contract Tower,0,7,1,6,14,0,14,13,2,29,0,21,14,8,43,48,8,56,99
09/30/2008,MWA,IL,AGL,CE,Federal Contract Tower,0,9,4,3,16,0,4,16,7,27,0,13,20,10,43,56,0,56,99
10/01/2008,MWA,IL,AGL,CE,Federal Contract Tower,0,11,2,8,21,0,8,10,3,21,0,19,12,11,42,38,0,38,80
10/02/2008,MWA,IL,AGL,CE,Federal Contract Tower,0,13,3,2,18,0,24,20,7,51,0,37,23,9,69,62,0,62,131
10/03/2008,MWA,IL,AGL,CE,Federal Contract Tower,2,8,3,1,14,0,7,25,1,33,2,15,28,2,47,32,10,42,89
10/04/2008,MWA,IL,AGL,CE,Federal Contract Tower,0,6,1,2,9,0,4,13,2,19,0,10,14,4,28,22,20,42,70
10/05/2008,MWA,IL,AGL,CE,Federal Contract Tower,0,7,2,2,11,0,2,12,0,14,0,9,14,2,25,14,0,14,39
10/06/2008,MWA,IL,AGL,CE,Federal Contract Tower,0,11,11,5,27,0,9,17,1,27,0,20,28,6,54,60,6,66,120
10/07/2008,MWA,IL,AGL,CE,Federal Contract Tower,0,12,2,0,14,0,4,0,0,4,0,16,2,0,18,0,0,0,18
10/08/2008,MWA,IL,AGL,CE,Federal Contract Tower,0,14,3,0,17,0,2,15,0,17,0,16,18,0,34,46,0,46,80
10/09/2008,MWA,IL,AGL,CE,Federal Contract Tower,0,10,7,0,17,0,8,57,2,67,0,18,64,2,84,54,0,54,138
10/10/2008,MWA,IL,AGL,CE,Federal Contract Tower,0,12,5,8,25,0,7,27,7,41,0,19,32,15,66,50,2,52,118
10/11/2008,MWA,IL,AGL,CE,Federal Contract Tower,0,8,2,0,10,0,2,46,0,48,0,10,48,0,58,18,0,18,76
10/12/2008,MWA,IL,AGL,CE,Federal Contract Tower,0,6,3,1,10,0,1,16,0,17,0,7,19,1,27,18,0,18,45
10/13/2008,MWA,IL,AGL,CE,Federal Contract Tower,0,8,0,0,8,0,0,8,0,8,0,8,8,0,16,48,0,48,64
10/14/2008,MWA,IL,AGL,CE,Federal Contract Tower,0,11,8,6,25,0,1,1,0,2,0,12,9,6,27,8,0,8,35
10/15/2008,MWA,IL,AGL,CE,Federal Contract Tower,0,11,2,7,20,0,5,21,1,27,0,16,23,8,47,36,2,38,85
10/16/2008,MWA,IL,AGL,CE,Federal Contract Tower,0,9,1,5,15,0,11,18,1,30,0,20,19,6,45,72,2,74,119
10/17/2008,MWA,IL,AGL,CE,Federal Contract Tower,1,11,5,0,17,0,1,21,2,24,1,12,26,2,41,38,2,40,81
10/18/2008,MWA,IL,AGL,CE,Federal Contract Tower,0,15,1,0,16,0,9,28,0,37,0,24,29,0,53,40,0,40,93
10/19/2008,MWA,IL,AGL,CE,Federal Contract Tower,0,7,3,0,10,0,9,20,0,29,0,16,23,0,39,22,0,22,61
10/20/2008,MWA,IL,AGL,CE,Federal Contract Tower,0,8,1,2,11,0,9,40,0,49,0,17,41,2,60,51,0,51,111
10/21/2008,MWA,IL,AGL,CE,Federal Contract Tower,0,5,0,4,9,0,1,35,0,36,0,6,35,4,45,68,0,68,113
10/22/2008,MWA,IL,AGL,CE,Federal Contract Tower,0,5,1,4,10,0,4,30,3,37,0,9,31,7,47,48,24,72,119
10/23/2008,MWA,IL,AGL,CE,Federal Contract Tower,0,7,0,0,7,0,0,2,0,2,0,7,2,0,9,4,0,4,13
10/24/2008,MWA,IL,AGL,CE,Federal Contract Tower,0,10,3,4,17,0,1,7,0,8,0,11,10,4,25,8,0,8,33
10/25/2008,MWA,IL,AGL,CE,Federal Contract Tower,0,4,9,0,13,0,2,19,4,25,0,6,28,4,38,30,0,30,68
10/26/2008,MWA,IL,AGL,CE,Federal Contract Tower,0,8,0,0,8,0,6,20,0,26,0,14,20,0,34,18,0,18,52
10/27/2008,MWA,IL,AGL,CE,Federal Contract Tower,0,11,3,4,18,0,13,32,0,45,0,24,35,4,63,88,0,88,151
10/28/2008,MWA,IL,AGL,CE,Federal Contract Tower,0,9,3,6,18,0,3,32,1,36,0,12,35,7,54,172,0,172,226
10/29/2008,MWA,IL,AGL,CE,Federal Contract Tower,0,8,2,6,16,0,3,21,0,24,0,11,23,6,40,96,2,98,138
10/30/2008,MWA,IL,AGL,CE,Federal Contract Tower,0,10,5,0,15,0,1,16,0,17,0,11,21,0,32,22,0,22,54
10/31/2008,MWA,IL,AGL,CE,Federal Contract Tower,1,20,1,7,29,0,8,11,0,19,1,28,12,7,48,26,2,28,76
11/01/2008,MWA,IL,AGL,CE,Federal Contract Tower,0,10,5,0,15,0,3,24,0,27,0,13,29,0,42,8,0,8,50
11/02/2008,MWA,IL,AGL,CE,Federal Contract Tower,0,6,1,4,11,0,6,27,0,33,0,12,28,4,44,42,0,42,86
11/03/2008,MWA,IL,AGL,CE,Federal Contract Tower,0,8,6,2,16,0,8,36,0,44,0,16,42,2,60,54,0,54,114
11/04/2008,MWA,IL,AGL,CE,Federal Contract Tower,0,13,2,0,15,0,7,34,0,41,0,20,36,0,56,56,0,56,112
11/05/2008,MWA,IL,AGL,CE,Federal Contract Tower,0,13,1,3,17,0,0,21,2,23,0,13,22,5,40,36,2,38,78
11/06/2008,MWA,IL,AGL,CE,Federal Contract Tower,0,10,0,4,14,0,1,0,0,1,0,11,0,4,15,0,0,0,15
11/07/2008,MWA,IL,AGL,CE,Federal Contract Tower,0,13,3,2,18,0,1,26,1,28,0,14,29,3,46,54,0,54,100
11/08/2008,MWA,IL,AGL,CE,Federal Contract Tower,0,7,0,0,7,0,0,24,0,24,0,7,24,0,31,64,0,64,95
11/09/2008,MWA,IL,AGL,CE,Federal Contract Tower,0,7,0,0,7,0,0,3,0,3,0,7,3,0,10,18,0,18,28
11/10/2008,MWA,IL,AGL,CE,Federal Contract Tower,0,7,2,4,13,0,5,23,1,29,0,12,25,5,42,78,2,80,122
11/11/2008,MWA,IL,AGL,CE,Federal Contract Tower,0,13,0,0,13,0,0,2,0,2,0,13,2,0,15,2,0,2,17
11/12/2008,MWA,IL,AGL,CE,Federal Contract Tower,0,11,7,2,20,0,0,0,0,0,0,11,7,2,20,0,0,0,20
11/13/2008,MWA,IL,AGL,CE,Federal Contract Tower,0,11,4,2,17,0,1,0,0,1,0,12,4,2,18,0,0,0,18
11/14/2008,MWA,IL,AGL,CE,Federal Contract Tower,2,10,7,6,25,0,0,0,0,0,2,10,7,6,25,0,4,4,29
11/15/2008,MWA,IL,AGL,CE,Federal Contract Tower,1,9,0,0,10,0,0,2,4,6,1,9,2,4,16,0,0,0,16
11/16/2008,MWA,IL,AGL,CE,Federal Contract Tower,0,8,3,0,11,0,2,15,1,18,0,10,18,1,29,26,0,26,55
11/17/2008,MWA,IL,AGL,CE,Federal Contract Tower,0,8,4,6,18,0,10,22,0,32,0,18,26,6,50,60,2,62,112
11/18/2008,MWA,IL,AGL,CE,Federal Contract Tower,0,8,0,5,13,0,8,19,1,28,0,16,19,6,41,48,8,56,97
11/19/2008,MWA,IL,AGL,CE,Federal Contract Tower,0,11,2,10,23,0,1,21,1,23,0,12,23,11,46,40,4,44,90
11/20/2008,MWA,IL,AGL,CE,Federal Contract Tower,0,16,3,4,23,0,5,23,6,34,0,21,26,10,57,48,0,48,105
11/21/2008,MWA,IL,AGL,CE,Federal Contract Tower,0,10,0,2,12,0,2,23,0,25,0,12,23,2,37,54,0,54,91
11/22/2008,MWA,IL,AGL,CE,Federal Contract Tower,0,8,2,0,10,0,4,7,3,14,0,12,9,3,24,14,0,14,38
11/23/2008,MWA,IL,AGL,CE,Federal Contract Tower,0,4,3,0,7,0,0,17,0,17,0,4,20,0,24,16,0,16,40
11/24/2008,MWA,IL,AGL,CE,Federal Contract Tower,0,6,0,0,6,0,0,3,0,3,0,6,3,0,9,0,0,0,9
11/25/2008,MWA,IL,AGL,CE,Federal Contract Tower,0,10,1,5,16,0,1,13,2,16,0,11,14,7,32,20,16,36,68
11/26/2008,MWA,IL,AGL,CE,Federal Contract Tower,0,8,3,0,11,0,4,20,0,24,0,12,23,0,35,34,0,34,69
11/27/2008,MWA,IL,AGL,CE,Federal Contract Tower,0,1,3,0,4,0,11,8,0,19,0,12,11,0,23,4,0,4,27
11/28/2008,MWA,IL,AGL,CE,Federal Contract Tower,2,9,1,0,12,0,8,15,0,23,2,17,16,0,35,12,0,12,47
11/29/2008,MWA,IL,AGL,CE,Federal Contract Tower,1,9,6,0,16,0,1,17,0,18,1,10,23,0,34,42,0,42,76
11/30/2008,MWA,IL,AGL,CE,Federal Contract Tower,0,11,0,0,11,0,0,0,0,0,0,11,0,0,11,0,0,0,11
12/01/2008,MWA,IL,AGL,CE,Federal Contract Tower,0,4,0,0,4,0,0,0,0,0,0,4,0,0,4,0,0,0,4
12/02/2008,MWA,IL,AGL,CE,Federal Contract Tower,0,9,0,13,22,0,10,20,8,38,0,19,20,21,60,42,20,62,122
12/03/2008,MWA,IL,AGL,CE,Federal Contract Tower,0,17,1,2,20,0,2,4,0,6,0,19,5,2,26,6,0,6,32
12/04/2008,MWA,IL,AGL,CE,Federal Contract Tower,0,7,0,8,15,0,5,25,1,31,0,12,25,9,46,64,4,68,114
12/05/2008,MWA,IL,AGL,CE,Federal Contract Tower,0,14,1,2,17,0,1,13,0,14,0,15,14,2,31,46,0,46,77
12/06/2008,MWA,IL,AGL,CE,Federal Contract Tower,0,6,0,0,6,0,9,10,0,19,0,15,10,0,25,8,0,8,33
12/07/2008,MWA,IL,AGL,CE,Federal Contract Tower,0,9,4,0,13,0,2,25,0,27,0,11,29,0,40,58,0,58,98
12/08/2008,MWA,IL,AGL,CE,Federal Contract Tower,0,7,3,8,18,0,4,6,4,14,0,11,9,12,32,26,0,26,58
12/09/2008,MWA,IL,AGL,CE,Federal Contract Tower,0,5,2,0,7,0,0,0,0,0,0,5,2,0,7,0,0,0,7
12/10/2008,MWA,IL,AGL,CE,Federal Contract Tower,0,17,0,2,19,0,0,0,0,0,0,17,0,2,19,0,0,0,19
12/11/2008,MWA,IL,AGL,CE,Federal Contract Tower,0,8,3,2,13,0,2,24,0,26,0,10,27,2,39,54,2,56,95
12/12/2008,MWA,IL,AGL,CE,Federal Contract Tower,0,3,3,4,10,0,1,16,0,17,0,4,19,4,27,18,26,44,71
12/13/2008,MWA,IL,AGL,CE,Federal Contract Tower,0,6,2,0,8,0,0,2,0,2,0,6,4,0,10,8,0,8,18
12/14/2008,MWA,IL,AGL,CE,Federal Contract Tower,0,9,0,0,9,0,2,1,0,3,0,11,1,0,12,8,0,8,20
12/15/2008,MWA,IL,AGL,CE,Federal Contract Tower,0,7,0,0,7,0,2,2,0,4,0,9,2,0,11,12,0,12,23
12/16/2008,MWA,IL,AGL,CE,Federal Contract Tower,0,8,0,0,8,0,0,0,0,0,0,8,0,0,8,0,0,0,8
12/17/2008,MWA,IL,AGL,CE,Federal Contract Tower,0,14,0,0,14,0,0,0,0,0,0,14,0,0,14,0,0,0,14
12/18/2008,MWA,IL,AGL,CE,Federal Contract Tower,0,14,0,0,14,0,0,0,0,0,0,14,0,0,14,0,0,0,14
12/19/2008,MWA,IL,AGL,CE,Federal Contract Tower,0,7,0,0,7,0,0,11,0,11,0,7,11,0,18,16,0,16,34
12/20/2008,MWA,IL,AGL,CE,Federal Contract Tower,0,6,2,0,8,0,4,8,0,12,0,10,10,0,20,36,0,36,56
12/21/2008,MWA,IL,AGL,CE,Federal Contract Tower,0,10,0,0,10,0,5,0,0,5,0,15,0,0,15,0,0,0,15
12/22/2008,MWA,IL,AGL,CE,Federal Contract Tower,0,8,2,1,11,0,3,13,4,20,0,11,15,5,31,28,6,34,65
12/23/2008,MWA,IL,AGL,CE,Federal Contract Tower,0,3,0,0,3,0,0,0,0,0,0,3,0,0,3,0,0,0,3
12/24/2008,MWA,IL,AGL,CE,Federal Contract Tower,0,2,0,0,2,0,4,2,0,6,0,6,2,0,8,6,0,6,14
12/25/2008,MWA,IL,AGL,CE,Federal Contract Tower,0,3,0,0,3,0,2,1,0,3,0,5,1,0,6,0,0,0,6
12/26/2008,MWA,IL,AGL,CE,Federal Contract Tower,0,7,0,0,7,0,0,0,0,0,0,7,0,0,7,0,0,0,7
12/27/2008,MWA,IL,AGL,CE,Federal Contract Tower,0,3,0,0,3,0,0,0,0,0,0,3,0,0,3,0,0,0,3
12/28/2008,MWA,IL,AGL,CE,Federal Contract Tower,0,11,4,0,15,0,3,3,2,8,0,14,7,2,23,0,0,0,23
12/29/2008,MWA,IL,AGL,CE,Federal Contract Tower,0,4,4,2,10,0,5,14,4,23,0,9,18,6,33,36,2,38,71
12/30/2008,MWA,IL,AGL,CE,Federal Contract Tower,0,7,4,0,11,0,5,14,5,24,0,12,18,5,35,4,0,4,39
12/31/2008,MWA,IL,AGL,CE,Federal Contract Tower,0,3,1,0,4,0,0,20,0,20,0,3,21,0,24,16,0,16,40
01/01/2009,MWA,IL,AGL,CE,Federal Contract Tower,0,4,0,0,4,0,4,10,0,14,0,8,10,0,18,20,0,20,38
01/02/2009,MWA,IL,AGL,CE,Federal Contract Tower,0,4,0,0,4,0,2,17,1,20,0,6,17,1,24,32,0,32,56
01/03/2009,MWA,IL,AGL,CE,Federal Contract Tower,1,8,1,0,10,0,0,0,0,0,1,8,1,0,10,0,0,0,10
01/04/2009,MWA,IL,AGL,CE,Federal Contract Tower,0,9,0,0,9,0,2,1,0,3,0,11,1,0,12,0,0,0,12
01/05/2009,MWA,IL,AGL,CE,Federal Contract Tower,0,5,3,2,10,0,5,7,0,12,0,10,10,2,22,4,0,4,26
01/06/2009,MWA,IL,AGL,CE,Federal Contract Tower,0,4,0,0,4,0,0,0,0,0,0,4,0,0,4,0,0,0,4
01/07/2009,MWA,IL,AGL,CE,Federal Contract Tower,0,15,0,2,17,0,3,8,1,12,0,18,8,3,29,18,6,24,53
01/08/2009,MWA,IL,AGL,CE,Federal Contract Tower,0,19,2,4,25,0,7,8,1,16,0,26,10,5,41,36,8,44,85
01/09/2009,MWA,IL,AGL,CE,Federal Contract Tower,0,6,2,4,12,0,3,4,1,8,0,9,6,5,20,6,0,6,26
01/10/2009,MWA,IL,AGL,CE,Federal Contract Tower,0,7,0,0,7,0,0,0,0,0,0,7,0,0,7,0,0,0,7
01/11/2009,MWA,IL,AGL,CE,Federal Contract Tower,0,8,1,0,9,0,2,9,0,11,0,10,10,0,20,32,0,32,52
01/12/2009,MWA,IL,AGL,CE,Federal Contract Tower,0,4,0,4,8,0,3,7,0,10,0,7,7,4,18,12,0,12,30
01/13/2009,MWA,IL,AGL,CE,Federal Contract Tower,2,5,0,2,9,0,7,8,0,15,2,12,8,2,24,4,0,4,28
01/14/2009,MWA,IL,AGL,CE,Federal Contract Tower,0,16,0,3,19,0,3,9,1,13,0,19,9,4,32,14,0,14,46
01/15/2009,MWA,IL,AGL,CE,Federal Contract Tower,0,5,0,2,7,0,3,9,1,13,0,8,9,3,20,0,4,4,24
01/16/2009,MWA,IL,AGL,CE,Federal Contract Tower,0,7,3,5,15,0,2,4,0,6,0,9,7,5,21,12,0,12,33
01/17/2009,MWA,IL,AGL,CE,Federal Contract Tower,1,5,0,0,6,0,2,5,0,7,1,7,5,0,13,0,0,0,13
01/18/2009,MWA,IL,AGL,CE,Federal Contract Tower,0,6,1,0,7,0,2,11,0,13,0,8,12,0,20,18,0,18,38
01/19/2009,MWA,IL,AGL,CE,Federal Contract Tower,0,12,0,0,12,0,7,1,0,8,0,19,1,0,20,6,0,6,26
01/20/2009,MWA,IL,AGL,CE,Federal Contract Tower,0,6,0,4,10,0,8,3,0,11,0,14,3,4,21,34,0,34,55
01/21/2009,MWA,IL,AGL,CE,Federal Contract Tower,0,16,1,4,21,0,1,31,1,33,0,17,32,5,54,56,0,56,110
01/22/2009,MWA,IL,AGL,CE,Federal Contract Tower,0,7,1,6,14,0,3,30,3,36,0,10,31,9,50,82,2,84,134
01/23/2009,MWA,IL,AGL,CE,Federal Contract Tower,0,1,2,6,9,0,9,20,2,31,0,10,22,8,40,68,16,84,124
01/24/2009,MWA,IL,AGL,CE,Federal Contract Tower,0,9,0,0,9,0,1,7,0,8,0,10,7,0,17,29,0,29,46
01/25/2009,MWA,IL,AGL,CE,Federal Contract Tower,0,10,3,0,13,0,6,0,0,6,0,16,3,0,19,14,0,14,33
01/26/2009,MWA,IL,AGL,CE,Federal Contract Tower,0,9,0,8,17,0,1,11,0,12,0,10,11,8,29,34,0,34,63
01/27/2009,MWA,IL,AGL,CE,Federal Contract Tower,0,3,0,0,3,0,11,0,0,11,0,14,0,0,14,0,0,0,14
01/28/2009,MWA,IL,AGL,CE,Federal Contract Tower,1,5,2,4,12,0,0,0,0,0,1,5,2,4,12,0,0,0,12
01/29/2009,MWA,IL,AGL,CE,Federal Contract Tower,1,10,0,0,11,0,4,6,0,10,1,14,6,0,21,12,0,12,33
01/30/2009,MWA,IL,AGL,CE,Federal Contract Tower,0,10,0,0,10,0,0,5,0,5,0,10,5,0,15,0,0,0,15
01/31/2009,MWA,IL,AGL,CE,Federal Contract Tower,0,15,1,0,16,0,3,18,1,22,0,18,19,1,38,20,0,20,58
02/01/2009,MWA,IL,AGL,CE,Federal Contract Tower,0,5,0,1,6,0,2,7,0,9,0,7,7,1,15,24,0,24,39
02/02/2009,MWA,IL,AGL,CE,Federal Contract Tower,0,10,1,4,15,0,7,14,1,22,0,17,15,5,37,28,2,30,67
02/03/2009,MWA,IL,AGL,CE,Federal Contract Tower,0,8,2,0,10,0,1,11,0,12,0,9,13,0,22,42,0,42,64
02/04/2009,MWA,IL,AGL,CE,Federal Contract Tower,0,16,3,0,19,0,2,14,2,18,0,18,17,2,37,82,0,82,119
02/05/2009,MWA,IL,AGL,CE,Federal Contract Tower,0,10,1,0,11,0,3,14,0,17,0,13,15,0,28,80,0,80,108
02/06/2009,MWA,IL,AGL,CE,Federal Contract Tower,2,5,9,0,16,0,0,22,1,23,2,5,31,1,39,80,0,80,119
02/07/2009,MWA,IL,AGL,CE,Federal Contract Tower,0,5,0,0,5,0,0,3,0,3,0,5,3,0,8,0,0,0,8
02/08/2009,MWA,IL,AGL,CE,Federal Contract Tower,0,10,0,0,10,0,0,14,0,14,0,10,14,0,24,40,0,40,64
02/09/2009,MWA,IL,AGL,CE,Federal Contract Tower,0,8,0,3,11,0,0,0,0,0,0,8,0,3,11,18,0,18,29
02/10/2009,MWA,IL,AGL,CE,Federal Contract Tower,0,14,4,2,20,0,0,0,0,0,0,14,4,2,20,0,0,0,20
02/11/2009,MWA,IL,AGL,CE,Federal Contract Tower,0,13,0,0,13,0,0,0,0,0,0,13,0,0,13,0,0,0,13
02/12/2009,MWA,IL,AGL,CE,Federal Contract Tower,0,9,7,3,19,0,4,47,3,54,0,13,54,6,73,84,12,96,169
02/13/2009,MWA,IL,AGL,CE,Federal Contract Tower,2,6,2,3,13,0,3,21,4,28,2,9,23,7,41,34,4,38,79
02/14/2009,MWA,IL,AGL,CE,Federal Contract Tower,3,10,9,0,22,0,2,3,0,5,3,12,12,0,27,2,0,2,29
02/15/2009,MWA,IL,AGL,CE,Federal Contract Tower,0,5,3,0,8,0,9,8,0,17,0,14,11,0,25,14,0,14,39
02/16/2009,MWA,IL,AGL,CE,Federal Contract Tower,0,5,0,0,5,0,4,16,0,20,0,9,16,0,25,50,0,50,75
02/17/2009,MWA,IL,AGL,CE,Federal Contract Tower,0,4,0,0,4,0,9,11,0,20,0,13,11,0,24,22,0,22,46
02/18/2009,MWA,IL,AGL,CE,Federal Contract Tower,0,12,3,4,19,0,1,1,0,2,0,13,4,4,21,4,0,4,25
02/19/2009,MWA,IL,AGL,CE,Federal Contract Tower,0,9,3,2,14,0,3,9,0,12,0,12,12,2,26,58,0,58,84
02/20/2009,MWA,IL,AGL,CE,Federal Contract Tower,0,10,0,1,11,0,2,36,1,39,0,12,36,2,50,60,32,92,142
02/21/2009,MWA,IL,AGL,CE,Federal Contract Tower,0,7,0,0,7,0,0,0,0,0,0,7,0,0,7,0,0,0,7
02/22/2009,MWA,IL,AGL,CE,Federal Contract Tower,0,7,2,0,9,0,4,21,6,31,0,11,23,6,40,18,0,18,58
02/23/2009,MWA,IL,AGL,CE,Federal Contract Tower,0,11,1,12,24,0,7,34,1,42,0,18,35,13,66,98,10,108,174
02/24/2009,MWA,IL,AGL,CE,Federal Contract Tower,2,11,2,3,18,0,10,26,4,40,2,21,28,7,58,38,10,48,106
02/25/2009,MWA,IL,AGL,CE,Federal Contract Tower,0,9,2,5,16,0,2,17,4,23,0,11,19,9,39,28,8,36,75
02/26/2009,MWA,IL,AGL,CE,Federal Contract Tower,2,6,2,4,14,0,5,7,0,12,2,11,9,4,26,4,0,4,30
02/27/2009,MWA,IL,AGL,CE,Federal Contract Tower,0,6,0,0,6,0,4,0,0,4,0,10,0,0,10,12,0,12,22
02/28/2009,MWA,IL,AGL,CE,Federal Contract Tower,0,3,0,0,3,0,0,0,0,0,0,3,0,0,3,0,0,0,3
03/01/2009,MWA,IL,AGL,CE,Federal Contract Tower,0,6,1,0,7,0,4,9,4,17,0,10,10,4,24,4,0,4,28
03/02/2009,MWA,IL,AGL,CE,Federal Contract Tower,0,7,4,11,22,0,5,17,3,25,0,12,21,14,47,34,54,88,135
03/03/2009,MWA,IL,AGL,CE,Federal Contract Tower,0,12,4,1,17,0,7,26,3,36,0,19,30,4,53,64,0,64,117
03/04/2009,MWA,IL,AGL,CE,Federal Contract Tower,0,14,2,6,22,0,9,21,4,34,0,23,23,10,56,76,6,82,138
03/05/2009,MWA,IL,AGL,CE,Federal Contract Tower,0,13,2,9,24,0,7,0,4,11,0,20,2,13,35,0,4,4,39
03/06/2009,MWA,IL,AGL,CE,Federal Contract Tower,0,7,2,0,9,0,8,3,0,11,0,15,5,0,20,6,0,6,26
03/07/2009,MWA,IL,AGL,CE,Federal Contract Tower,0,7,0,0,7,0,2,0,0,2,0,9,0,0,9,0,0,0,9
03/08/2009,MWA,IL,AGL,CE,Federal Contract Tower,0,10,0,0,10,0,0,1,0,1,0,10,1,0,11,0,0,0,11
03/09/2009,MWA,IL,AGL,CE,Federal Contract Tower,0,11,4,5,20,0,3,8,6,17,0,14,12,11,37,14,4,18,55
03/10/2009,MWA,IL,AGL,CE,Federal Contract Tower,0,5,2,0,7,0,2,0,0,2,0,7,2,0,9,0,0,0,9
03/11/2009,MWA,IL,AGL,CE,Federal Contract Tower,0,12,4,10,26,0,7,2,3,12,0,19,6,13,38,20,6,26,64
03/12/2009,MWA,IL,AGL,CE,Federal Contract Tower,0,5,1,0,6,0,8,10,0,18,0,13,11,0,24,28,0,28,52
03/13/2009,MWA,IL,AGL,CE,Federal Contract Tower,0,7,4,4,15,0,1,11,0,12,0,8,15,4,27,28,8,36,63
03/14/2009,MWA,IL,AGL,CE,Federal Contract Tower,0,9,0,0,9,0,7,1,0,8,0,16,1,0,17,6,0,6,23
03/15/2009,MWA,IL,AGL,CE,Federal Contract Tower,0,7,0,1,8,0,2,6,0,8,0,9,6,1,16,6,0,6,22
03/16/2009,MWA,IL,AGL,CE,Federal Contract Tower,0,2,3,5,10,0,1,18,1,20,0,3,21,6,30,32,0,32,62
03/17/2009,MWA,IL,AGL,CE,Federal Contract Tower,0,9,4,2,15,0,1,29,0,30,0,10,33,2,45,138,0,138,183
03/18/2009,MWA,IL,AGL,CE,Federal Contract Tower,0,5,4,5,14,0,7,13,2,22,0,12,17,7,36,84,0,84,120
03/19/2009,MWA,IL,AGL,CE,Federal Contract Tower,0,8,0,1,9,0,4,30,3,37,0,12,30,4,46,74,0,74,120
03/20/2009,MWA,IL,AGL,CE,Federal Contract Tower,0,16,2,0,18,0,0,24,0,24,0,16,26,0,42,56,0,56,98
03/21/2009,MWA,IL,AGL,CE,Federal Contract Tower,0,3,0,0,3,0,11,11,0,22,0,14,11,0,25,36,0,36,61
03/22/2009,MWA,IL,AGL,CE,Federal Contract Tower,0,12,0,0,12,0,2,23,0,25,0,14,23,0,37,16,0,16,53
03/23/2009,MWA,IL,AGL,CE,Federal Contract Tower,0,10,0,0,10,0,1,10,0,11,0,11,10,0,21,50,0,50,71
03/24/2009,MWA,IL,AGL,CE,Federal Contract Tower,0,11,1,0,12,0,1,2,0,3,0,12,3,0,15,4,0,4,19
03/25/2009,MWA,IL,AGL,CE,Federal Contract Tower,0,13,4,0,17,0,6,18,0,24,0,19,22,0,41,44,0,44,85
03/26/2009,MWA,IL,AGL,CE,Federal Contract Tower,0,8,5,10,23,0,3,35,5,43,0,11,40,15,66,62,16,78,144
03/27/2009,MWA,IL,AGL,CE,Federal Contract Tower,0,7,1,16,24,0,5,7,2,14,0,12,8,18,38,26,8,34,72
03/28/2009,MWA,IL,AGL,CE,Federal Contract Tower,0,6,4,0,10,0,0,0,0,0,0,6,4,0,10,0,0,0,10
03/29/2009,MWA,IL,AGL,CE,Federal Contract Tower,0,3,0,0,3,0,0,0,4,4,0,3,0,4,7,0,0,0,7
03/30/2009,MWA,IL,AGL,CE,Federal Contract Tower,0,7,5,0,12,0,13,11,0,24,0,20,16,0,36,54,0,54,90
03/31/2009,MWA,IL,AGL,CE,Federal Contract Tower,0,7,0,7,14,0,2,0,0,2,0,9,0,7,16,0,2,2,18
04/01/2009,MWA,IL,AGL,CE,Federal Contract Tower,0,11,5,12,28,0,6,26,4,36,0,17,31,16,64,28,12,40,104
04/02/2009,MWA,IL,AGL,CE,Federal Contract Tower,0,9,0,2,11,0,1,8,1,10,0,10,8,3,21,14,4,18,39
04/03/2009,MWA,IL,AGL,CE,Federal Contract Tower,0,20,3,0,23,0,5,21,0,26,0,25,24,0,49,56,0,56,105
04/04/2009,MWA,IL,AGL,CE,Federal Contract Tower,0,6,5,0,11,0,3,24,2,29,0,9,29,2,40,28,0,28,68
04/05/2009,MWA,IL,AGL,CE,Federal Contract Tower,0,9,0,0,9,0,3,0,0,3,0,12,0,0,12,6,0,6,18
04/06/2009,MWA,IL,AGL,CE,Federal Contract Tower,0,8,0,0,8,0,2,0,0,2,0,10,0,0,10,0,0,0,10
04/07/2009,MWA,IL,AGL,CE,Federal Contract Tower,0,5,2,2,9,0,13,24,3,40,0,18,26,5,49,90,6,96,145
04/08/2009,MWA,IL,AGL,CE,Federal Contract Tower,0,9,4,0,13,0,6,37,0,43,0,15,41,0,56,80,0,80,136
04/09/2009,MWA,IL,AGL,CE,Federal Contract Tower,0,9,3,6,18,0,3,19,1,23,0,12,22,7,41,56,0,56,97
04/10/2009,MWA,IL,AGL,CE,Federal Contract Tower,0,4,1,4,9,0,0,0,0,0,0,4,1,4,9,0,0,0,9
04/11/2009,MWA,IL,AGL,CE,Federal Contract Tower,0,4,0,0,4,0,6,17,1,24,0,10,17,1,28,44,0,44,72
04/12/2009,MWA,IL,AGL,CE,Federal Contract Tower,0,6,1,2,9,0,0,2,0,2,0,6,3,2,11,0,0,0,11
04/13/2009,MWA,IL,AGL,CE,Federal Contract Tower,0,13,6,2,21,0,6,0,0,6,0,19,6,2,27,0,0,0,27
04/14/2009,MWA,IL,AGL,CE,Federal Contract Tower,0,4,8,4,16,0,6,0,0,6,0,10,8,4,22,0,0,0,22
04/15/2009,MWA,IL,AGL,CE,Federal Contract Tower,0,14,4,5,23,0,2,24,7,33,0,16,28,12,56,84,14,98,154
04/16/2009,MWA,IL,AGL,CE,Federal Contract Tower,0,9,3,13,25,0,10,15,0,25,0,19,18,13,50,94,0,94,144
04/17/2009,MWA,IL,AGL,CE,Federal Contract Tower,0,7,1,2,10,0,10,27,0,37,0,17,28,2,47,80,0,80,127
04/18/2009,MWA,IL,AGL,CE,Federal Contract Tower,0,1,1,2,4,0,4,9,0,13,0,5,10,2,17,15,0,15,32
04/19/2009,MWA,IL,AGL,CE,Federal Contract Tower,0,4,1,0,5,0,0,3,0,3,0,4,4,0,8,0,0,0,8
04/20/2009,MWA,IL,AGL,CE,Federal Contract Tower,0,6,0,2,8,0,1,7,0,8,0,7,7,2,16,10,0,10,26
04/21/2009,MWA,IL,AGL,CE,Federal Contract Tower,0,10,1,7,18,0,8,17,3,28,0,18,18,10,46,74,10,84,130
04/22/2009,MWA,IL,AGL,CE,Federal Contract Tower,0,19,4,6,29,0,2,26,0,28,0,21,30,6,57,112,4,116,173
04/23/2009,MWA,IL,AGL,CE,Federal Contract Tower,0,12,0,4,16,0,3,20,0,23,0,15,20,4,39,80,0,80,119
04/24/2009,MWA,IL,AGL,CE,Federal Contract Tower,0,10,0,10,20,0,3,11,1,15,0,13,11,11,35,56,0,56,91
04/25/2009,MWA,IL,AGL,CE,Federal Contract Tower,0,4,2,0,6,0,2,4,0,6,0,6,6,0,12,0,0,0,12
04/26/2009,MWA,IL,AGL,CE,Federal Contract Tower,0,4,2,0,6,0,8,2,0,10,0,12,4,0,16,0,0,0,16
04/27/2009,MWA,IL,AGL,CE,Federal Contract Tower,0,8,0,0,8,0,0,4,0,4,0,8,4,0,12,4,0,4,16
04/28/2009,MWA,IL,AGL,CE,Federal Contract Tower,0,8,0,0,8,0,3,3,0,6,0,11,3,0,14,2,0,2,16
04/29/2009,MWA,IL,AGL,CE,Federal Contract Tower,0,16,7,5,28,0,10,17,1,28,0,26,24,6,56,30,6,36,92
04/30/2009,MWA,IL,AGL,CE,Federal Contract Tower,0,11,4,0,15,0,0,6,0,6,0,11,10,0,21,18,0,18,39
05/01/2009,MWA,IL,AGL,CE,Federal Contract Tower,0,8,1,0,9,0,2,0,0,2,0,10,1,0,11,0,0,0,11
05/02/2009,MWA,IL,AGL,CE,Federal Contract Tower,0,5,0,0,5,0,4,6,0,10,0,9,6,0,15,2,0,2,17
05/03/2009,MWA,IL,AGL,CE,Federal Contract Tower,0,3,0,0,3,0,4,2,0,6,0,7,2,0,9,4,0,4,13
05/04/2009,MWA,IL,AGL,CE,Federal Contract Tower,0,10,2,12,24,0,14,13,3,30,0,24,15,15,54,54,6,60,114
05/05/2009,MWA,IL,AGL,CE,Federal Contract Tower,0,20,2,7,29,0,7,25,5,37,0,27,27,12,66,64,18,82,148
05/06/2009,MWA,IL,AGL,CE,Federal Contract Tower,0,11,2,4,17,0,2,0,2,4,0,13,2,6,21,0,0,0,21
05/07/2009,MWA,IL,AGL,CE,Federal Contract Tower,0,10,4,10,24,0,9,13,5,27,0,19,17,15,51,27,16,43,94
05/08/2009,MWA,IL,AGL,CE,Federal Contract Tower,0,11,0,2,13,0,7,1,0,8,0,18,1,2,21,8,0,8,29
05/09/2009,MWA,IL,AGL,CE,Federal Contract Tower,0,11,1,0,12,0,18,13,2,33,0,29,14,2,45,2,0,2,47
05/10/2009,MWA,IL,AGL,CE,Federal Contract Tower,0,5,5,0,10,0,5,15,0,20,0,10,20,0,30,14,0,14,44
05/11/2009,MWA,IL,AGL,CE,Federal Contract Tower,0,6,4,3,13,0,10,9,10,29,0,16,13,13,42,18,2,20,62
05/12/2009,MWA,IL,AGL,CE,Federal Contract Tower,0,19,4,0,23,0,29,28,0,57,0,48,32,0,80,30,0,30,110
05/13/2009,MWA,IL,AGL,CE,Federal Contract Tower,0,17,2,0,19,0,3,1,0,4,0,20,3,0,23,0,0,0,23
05/14/2009,MWA,IL,AGL,CE,Federal Contract Tower,0,11,4,4,19,0,3,11,6,20,0,14,15,10,39,52,0,52,91
05/15/2009,MWA,IL,AGL,CE,Federal Contract Tower,0,13,3,1,17,0,8,21,1,30,0,21,24,2,47,40,0,40,87
05/16/2009,MWA,IL,AGL,CE,Federal Contract Tower,0,1,0,0,1,0,1,0,0,1,0,2,0,0,2,0,0,0,2
05/17/2009,MWA,IL,AGL,CE,Federal Contract Tower,0,7,1,0,8,0,0,7,0,7,0,7,8,0,15,6,0,6,21
05/18/2009,MWA,IL,AGL,CE,Federal Contract Tower,0,9,2,1,12,0,6,12,3,21,0,15,14,4,33,6,4,10,43
05/19/2009,MWA,IL,AGL,CE,Federal Contract Tower,0,5,2,0,7,0,5,16,7,28,0,10,18,7,35,40,12,52,87
05/20/2009,MWA,IL,AGL,CE,Federal Contract Tower,0,17,5,9,31,0,15,38,8,61,0,32,43,17,92,94,12,106,198
05/21/2009,MWA,IL,AGL,CE,Federal Contract Tower,0,16,7,0,23,0,9,21,2,32,0,25,28,2,55,64,0,64,119
05/22/2009,MWA,IL,AGL,CE,Federal Contract Tower,0,10,3,3,16,0,4,24,4,32,0,14,27,7,48,38,0,38,86
05/23/2009,MWA,IL,AGL,CE,Federal Contract Tower,0,3,0,1,4,0,7,8,3,18,0,10,8,4,22,12,0,12,34
05/24/2009,MWA,IL,AGL,CE,Federal Contract Tower,0,3,2,0,5,0,2,3,0,5,0,5,5,0,10,0,0,0,10
05/25/2009,MWA,IL,AGL,CE,Federal Contract Tower,0,4,1,0,5,0,0,0,0,0,0,4,1,0,5,0,0,0,5
05/26/2009,MWA,IL,AGL,CE,Federal Contract Tower,0,9,2,0,11,0,0,1,0,1,0,9,3,0,12,0,0,0,12
05/27/2009,MWA,IL,AGL,CE,Federal Contract Tower,0,10,4,11,25,0,2,16,6,24,0,12,20,17,49,48,12,60,109
05/28/2009,MWA,IL,AGL,CE,Federal Contract Tower,0,11,1,10,22,0,2,4,1,7,0,13,5,11,29,0,4,4,33
05/29/2009,MWA,IL,AGL,CE,Federal Contract Tower,0,16,6,26,48,0,10,19,6,35,0,26,25,32,83,42,10,52,135
05/30/2009,MWA,IL,AGL,CE,Federal Contract Tower,0,10,3,0,13,0,5,8,0,13,0,15,11,0,26,2,0,2,28
05/31/2009,MWA,IL,AGL,CE,Federal Contract Tower,0,4,0,3,7,0,5,33,11,49,0,9,33,14,56,2,2,4,60
06/01/2009,MWA,IL,AGL,CE,Federal Contract Tower,0,13,3,8,24,0,1,33,1,35,0,14,36,9,59,52,0,52,111
06/02/2009,MWA,IL,AGL,CE,Federal Contract Tower,0,9,0,0,9,0,6,11,2,19,0,15,11,2,28,2,0,2,30
06/03/2009,MWA,IL,AGL,CE,Federal Contract Tower,0,7,3,5,15,0,2,6,0,8,0,9,9,5,23,24,0,24,47
06/04/2009,MWA,IL,AGL,CE,Federal Contract Tower,0,15,9,4,28,0,6,7,0,13,0,21,16,4,41,10,0,10,51
06/05/2009,MWA,IL,AGL,CE,Federal Contract Tower,0,6,4,3,13,0,7,27,2,36,0,13,31,5,49,34,8,42,91
06/06/2009,MWA,IL,AGL,CE,Federal Contract Tower,0,4,0,0,4,0,7,23,0,30,0,11,23,0,34,42,0,42,76
06/07/2009,MWA,IL,AGL,CE,Federal Contract Tower,0,4,3,0,7,0,3,13,0,16,0,7,16,0,23,8,0,8,31
06/08/2009,MWA,IL,AGL,CE,Federal Contract Tower,0,8,3,0,11,0,1,4,0,5,0,9,7,0,16,20,0,20,36
06/09/2009,MWA,IL,AGL,CE,Federal Contract Tower,0,8,0,4,12,0,4,22,1,27,0,12,22,5,39,46,8,54,93
06/10/2009,MWA,IL,AGL,CE,Federal Contract Tower,0,10,1,0,11,0,3,8,0,11,0,13,9,0,22,16,0,16,38
06/11/2009,MWA,IL,AGL,CE,Federal Contract Tower,0,6,0,0,6,0,1,12,3,16,0,7,12,3,22,20,0,20,42
06/12/2009,MWA,IL,AGL,CE,Federal Contract Tower,0,12,5,0,17,0,0,7,0,7,0,12,12,0,24,12,0,12,36
06/13/2009,MWA,IL,AGL,CE,Federal Contract Tower,0,7,0,0,7,0,0,17,0,17,0,7,17,0,24,28,0,28,52
06/14/2009,MWA,IL,AGL,CE,Federal Contract Tower,0,6,3,2,11,0,1,5,0,6,0,7,8,2,17,6,0,6,23
06/15/2009,MWA,IL,AGL,CE,Federal Contract Tower,0,7,2,0,9,0,0,2,0,2,0,7,4,0,11,0,0,0,11
06/16/2009,MWA,IL,AGL,CE,Federal Contract Tower,0,2,1,0,3,0,2,12,0,14,0,4,13,0,17,14,0,14,31
06/17/2009,MWA,IL,AGL,CE,Federal Contract Tower,0,12,5,6,23,0,3,16,2,21,0,15,21,8,44,14,6,20,64
06/18/2009,MWA,IL,AGL,CE,Federal Contract Tower,0,12,1,0,13,0,5,27,0,32,0,17,28,0,45,20,0,20,65
06/19/2009,MWA,IL,AGL,CE,Federal Contract Tower,0,12,0,13,25,0,3,17,2,22,0,15,17,15,47,48,2,50,97
06/20/2009,MWA,IL,AGL,CE,Federal Contract Tower,0,4,1,0,5,0,3,4,1,8,0,7,5,1,13,0,20,20,33
06/21/2009,MWA,IL,AGL,CE,Federal Contract Tower,0,5,1,0,6,0,1,8,0,9,0,6,9,0,15,8,0,8,23
06/22/2009,MWA,IL,AGL,CE,Federal Contract Tower,0,8,3,0,11,0,9,28,0,37,0,17,31,0,48,12,0,12,60
06/23/2009,MWA,IL,AGL,CE,Federal Contract Tower,0,9,1,1,11,0,3,21,4,28,0,12,22,5,39,44,0,44,83
06/24/2009,MWA,IL,AGL,CE,Federal Contract Tower,0,10,3,0,13,0,14,22,9,45,0,24,25,9,58,34,6,40,98
06/25/2009,MWA,IL,AGL,CE,Federal Contract Tower,0,5,3,4,12,0,0,15,2,17,0,5,18,6,29,48,4,52,81
06/26/2009,MWA,IL,AGL,CE,Federal Contract Tower,0,8,2,5,15,0,4,0,2,6,0,12,2,7,21,50,0,50,71
06/27/2009,MWA,IL,AGL,CE,Federal Contract Tower,0,3,1,0,4,0,9,6,0,15,0,12,7,0,19,4,0,4,23
06/28/2009,MWA,IL,AGL,CE,Federal Contract Tower,0,7,4,6,17,0,0,10,0,10,0,7,14,6,27,12,0,12,39
06/29/2009,MWA,IL,AGL,CE,Federal Contract Tower,0,2,2,8,12,0,2,20,0,22,0,4,22,8,34,28,8,36,70
06/30/2009,MWA,IL,AGL,CE,Federal Contract Tower,0,6,2,18,26,0,2,12,1,15,0,8,14,19,41,50,18,68,109
07/01/2009,MWA,IL,AGL,CE,Federal Contract Tower,0,11,3,12,26,0,2,17,9,28,0,13,20,21,54,32,38,70,124
07/02/2009,MWA,IL,AGL,CE,Federal Contract Tower,0,15,1,7,23,0,5,18,5,28,0,20,19,12,51,46,4,50,101
07/03/2009,MWA,IL,AGL,CE,Federal Contract Tower,0,6,0,0,6,0,8,9,1,18,0,14,9,1,24,16,0,16,40
07/04/2009,MWA,IL,AGL,CE,Federal Contract Tower,0,2,0,0,2,0,4,0,0,4,0,6,0,0,6,0,0,0,6
07/05/2009,MWA,IL,AGL,CE,Federal Contract Tower,0,8,2,0,10,0,0,1,0,1,0,8,3,0,11,6,0,6,17
07/06/2009,MWA,IL,AGL,CE,Federal Contract Tower,0,9,3,0,12,0,7,21,0,28,0,16,24,0,40,12,0,12,52
07/07/2009,MWA,IL,AGL,CE,Federal Contract Tower,0,8,0,5,13,0,9,29,5,43,0,17,29,10,56,38,0,38,94
07/08/2009,MWA,IL,AGL,CE,Federal Contract Tower,0,11,1,9,21,0,1,17,6,24,0,12,18,15,45,18,18,36,81
07/09/2009,MWA,IL,AGL,CE,Federal Contract Tower,0,13,1,7,21,0,13,7,2,22,0,26,8,9,43,6,4,10,53
07/10/2009,MWA,IL,AGL,CE,Federal Contract Tower,0,3,0,14,17,0,8,9,5,22,0,11,9,19,39,36,8,44,83
07/11/2009,MWA,IL,AGL,CE,Federal Contract Tower,0,0,0,0,0,0,1,0,0,1,0,1,0,0,1,0,0,0,1
07/12/2009,MWA,IL,AGL,CE,Federal Contract Tower,0,5,0,8,13,0,0,0,3,3,0,5,0,11,16,0,4,4,20
07/13/2009,MWA,IL,AGL,CE,Federal Contract Tower,0,17,1,3,21,0,1,18,3,22,0,18,19,6,43,48,2,50,93
07/14/2009,MWA,IL,AGL,CE,Federal Contract Tower,0,21,4,6,31,0,10,24,3,37,0,31,28,9,68,62,30,92,160
07/15/2009,MWA,IL,AGL,CE,Federal Contract Tower,0,6,3,0,9,0,8,4,4,16,0,14,7,4,25,16,0,16,41
07/16/2009,MWA,IL,AGL,CE,Federal Contract Tower,0,8,3,0,11,0,8,26,7,41,0,16,29,7,52,64,0,64,116
07/17/2009,MWA,IL,AGL,CE,Federal Contract Tower,0,2,13,16,31,0,8,17,10,35,0,10,30,26,66,26,14,40,106
07/18/2009,MWA,IL,AGL,CE,Federal Contract Tower,0,3,5,0,8,0,3,36,0,39,0,6,41,0,47,32,0,32,79
07/19/2009,MWA,IL,AGL,CE,Federal Contract Tower,0,3,2,4,9,0,0,9,2,11,0,3,11,6,20,6,0,6,26
07/20/2009,MWA,IL,AGL,CE,Federal Contract Tower,0,8,0,4,12,0,5,13,1,19,0,13,13,5,31,40,2,42,73
07/21/2009,MWA,IL,AGL,CE,Federal Contract Tower,0,8,0,3,11,0,5,7,3,15,0,13,7,6,26,32,2,34,60
07/22/2009,MWA,IL,AGL,CE,Federal Contract Tower,0,20,3,7,30,0,2,0,0,2,0,22,3,7,32,0,0,0,32
07/23/2009,MWA,IL,AGL,CE,Federal Contract Tower,0,6,2,1,9,0,4,21,2,27,0,10,23,3,36,24,0,24,60
07/24/2009,MWA,IL,AGL,CE,Federal Contract Tower,2,8,3,13,26,0,11,28,6,45,2,19,31,19,71,10,3,13,84
07/25/2009,MWA,IL,AGL,CE,Federal Contract Tower,0,6,1,2,9,0,1,7,0,8,0,7,8,2,17,0,0,0,17
07/26/2009,MWA,IL,AGL,CE,Federal Contract Tower,0,5,2,0,7,0,5,24,0,29,0,10,26,0,36,40,0,40,76
07/27/2009,MWA,IL,AGL,CE,Federal Contract Tower,0,5,2,8,15,0,2,15,7,24,0,7,17,15,39,20,22,42,81
07/28/2009,MWA,IL,AGL,CE,Federal Contract Tower,0,6,3,12,21,0,0,4,8,12,0,6,7,20,33,16,2,18,51
07/29/2009,MWA,IL,AGL,CE,Federal Contract Tower,0,12,4,4,20,0,1,12,3,16,0,13,16,7,36,8,16,24,60
07/30/2009,MWA,IL,AGL,CE,Federal Contract Tower,0,11,0,0,11,0,1,6,0,7,0,12,6,0,18,16,0,16,34
07/31/2009,MWA,IL,AGL,CE,Federal Contract Tower,0,15,4,30,49,0,5,29,17,51,0,20,33,47,100,46,14,60,160
08/01/2009,MWA,IL,AGL,CE,Federal Contract Tower,0,4,1,2,7,0,3,22,4,29,0,7,23,6,36,22,6,28,64
08/02/2009,MWA,IL,AGL,CE,Federal Contract Tower,0,5,5,19,29,0,4,6,16,26,0,9,11,35,55,4,10,14,69
08/03/2009,MWA,IL,AGL,CE,Federal Contract Tower,0,8,0,2,10,0,2,13,4,19,0,10,13,6,29,64,0,64,93
08/04/2009,MWA,IL,AGL,CE,Federal Contract Tower,0,20,0,3,23,0,9,10,2,21,0,29,10,5,44,42,0,42,86
08/05/2009,MWA,IL,AGL,CE,Federal Contract Tower,0,10,5,2,17,0,6,14,0,20,0,16,19,2,37,26,0,26,63
08/06/2009,MWA,IL,AGL,CE,Federal Contract Tower,0,11,1,0,12,0,5,27,2,34,0,16,28,2,46,40,16,56,102
08/07/2009,MWA,IL,AGL,CE,Federal Contract Tower,0,11,2,0,13,0,4,22,2,28,0,15,24,2,41,74,0,74,115
08/08/2009,MWA,IL,AGL,CE,Federal Contract Tower,0,3,0,2,5,0,7,6,0,13,0,10,6,2,18,26,0,26,44
08/09/2009,MWA,IL,AGL,CE,Federal Contract Tower,0,6,1,0,7,0,4,4,1,9,0,10,5,1,16,8,0,8,24
08/10/2009,MWA,IL,AGL,CE,Federal Contract Tower,0,10,0,0,10,0,5,0,0,5,0,15,0,0,15,0,0,0,15
08/11/2009,MWA,IL,AGL,CE,Federal Contract Tower,0,5,2,3,10,0,7,2,1,10,0,12,4,4,20,0,2,2,22
08/12/2009,MWA,IL,AGL,CE,Federal Contract Tower,0,5,3,9,17,0,3,11,3,17,0,8,14,12,34,18,8,26,60
08/13/2009,MWA,IL,AGL,CE,Federal Contract Tower,0,11,3,4,18,0,7,33,3,43,0,18,36,7,61,34,6,40,101
08/14/2009,MWA,IL,AGL,CE,Federal Contract Tower,0,10,7,9,26,0,6,31,16,53,0,16,38,25,79,64,18,82,161
08/15/2009,MWA,IL,AGL,CE,Federal Contract Tower,0,0,2,0,2,0,6,20,0,26,0,6,22,0,28,36,0,36,64
08/16/2009,MWA,IL,AGL,CE,Federal Contract Tower,0,1,4,8,13,0,3,17,2,22,0,4,21,10,35,44,12,56,91
08/17/2009,MWA,IL,AGL,CE,Federal Contract Tower,0,9,2,0,11,0,4,1,0,5,0,13,3,0,16,0,0,0,16
08/18/2009,MWA,IL,AGL,CE,Federal Contract Tower,0,6,0,6,12,0,0,4,2,6,0,6,4,8,18,6,0,6,24
08/19/2009,MWA,IL,AGL,CE,Federal Contract Tower,0,11,2,11,24,0,12,24,6,42,0,23,26,17,66,80,8,88,154
08/20/2009,MWA,IL,AGL,CE,Federal Contract Tower,0,9,0,0,9,0,6,10,0,16,0,15,10,0,25,16,0,16,41
08/21/2009,MWA,IL,AGL,CE,Federal Contract Tower,0,7,2,6,15,0,0,16,8,24,0,7,18,14,39,76,0,76,115
08/22/2009,MWA,IL,AGL,CE,Federal Contract Tower,0,3,5,0,8,0,1,12,0,13,0,4,17,0,21,0,0,0,21
08/23/2009,MWA,IL,AGL,CE,Federal Contract Tower,0,3,1,5,9,0,1,21,6,28,0,4,22,11,37,6,10,16,53
08/24/2009,MWA,IL,AGL,CE,Federal Contract Tower,0,8,2,33,43,0,1,16,9,26,0,9,18,42,69,20,44,64,133
08/25/2009,MWA,IL,AGL,CE,Federal Contract Tower,0,7,0,0,7,0,0,17,1,18,0,7,17,1,25,6,0,6,31
08/26/2009,MWA,IL,AGL,CE,Federal Contract Tower,0,10,3,2,15,0,14,6,1,21,0,24,9,3,36,22,0,22,58
08/27/2009,MWA,IL,AGL,CE,Federal Contract Tower,0,7,3,11,21,0,8,8,4,20,0,15,11,15,41,32,8,40,81
08/28/2009,MWA,IL,AGL,CE,Federal Contract Tower,0,5,1,2,8,0,0,25,0,25,0,5,26,2,33,42,0,42,75
08/29/2009,MWA,IL,AGL,CE,Federal Contract Tower,0,5,3,8,16,0,3,4,4,11,0,8,7,12,27,4,20,24,51
08/30/2009,MWA,IL,AGL,CE,Federal Contract Tower,0,5,0,3,8,0,2,28,0,30,0,7,28,3,38,80,0,80,118
08/31/2009,MWA,IL,AGL,CE,Federal Contract Tower,0,4,4,6,14,0,10,16,0,26,0,14,20,6,40,64,0,64,104
09/01/2009,MWA,IL,AGL,CE,Federal Contract Tower,0,13,0,14,27,1,7,11,3,22,1,20,11,17,49,96,8,104,153
09/02/2009,MWA,IL,AGL,CE,Federal Contract Tower,0,13,1,2,16,0,5,20,3,28,0,18,21,5,44,58,0,58,102
09/03/2009,MWA,IL,AGL,CE,Federal Contract Tower,0,17,1,4,22,0,11,24,2,37,0,28,25,6,59,30,2,32,91
09/04/2009,MWA,IL,AGL,CE,Federal Contract Tower,2,15,6,1,24,0,4,14,1,19,2,19,20,2,43,32,0,32,75
09/05/2009,MWA,IL,AGL,CE,Federal Contract Tower,0,4,1,0,5,0,0,9,0,9,0,4,10,0,14,10,0,10,24
09/06/2009,MWA,IL,AGL,CE,Federal Contract Tower,1,3,3,2,9,0,4,1,0,5,1,7,4,2,14,0,0,0,14
09/07/2009,MWA,IL,AGL,CE,Federal Contract Tower,0,5,2,0,7,0,3,5,0,8,0,8,7,0,15,28,0,28,43
09/08/2009,MWA,IL,AGL,CE,Federal Contract Tower,0,13,2,8,23,0,4,11,2,17,0,17,13,10,40,24,0,24,64
09/09/2009,MWA,IL,AGL,CE,Federal Contract Tower,0,8,2,10,20,0,4,22,1,27,0,12,24,11,47,58,10,68,115
09/10/2009,MWA,IL,AGL,CE,Federal Contract Tower,0,7,0,10,17,0,5,33,2,40,0,12,33,12,57,96,4,100,157
09/11/2009,MWA,IL,AGL,CE,Federal Contract Tower,0,13,0,2,15,0,10,17,2,29,0,23,17,4,44,72,6,78,122
09/12/2009,MWA,IL,AGL,CE,Federal Contract Tower,0,3,0,0,3,0,1,154,0,155,0,4,154,0,158,28,0,28,186
09/13/2009,MWA,IL,AGL,CE,Federal Contract Tower,0,0,0,0,0,0,2,11,0,13,0,2,11,0,13,0,0,0,13
09/14/2009,MWA,IL,AGL,CE,Federal Contract Tower,0,6,2,0,8,0,9,5,0,14,0,15,7,0,22,42,0,42,64
09/15/2009,MWA,IL,AGL,CE,Federal Contract Tower,0,6,2,2,10,0,10,7,0,17,0,16,9,2,27,20,0,20,47
09/16/2009,MWA,IL,AGL,CE,Federal Contract Tower,0,13,3,0,16,0,1,15,6,22,0,14,18,6,38,12,0,12,50
09/17/2009,MWA,IL,AGL,CE,Federal Contract Tower,0,13,1,0,14,0,8,16,2,26,0,21,17,2,40,16,0,16,56
09/18/2009,MWA,IL,AGL,CE,Federal Contract Tower,0,4,6,0,10,0,8,13,3,24,0,12,19,3,34,56,0,56,90
09/19/2009,MWA,IL,AGL,CE,Federal Contract Tower,0,6,5,0,11,0,3,7,2,12,0,9,12,2,23,10,0,10,33
09/20/2009,MWA,IL,AGL,CE,Federal Contract Tower,0,3,0,0,3,0,3,0,0,3,0,6,0,0,6,0,0,0,6
09/21/2009,MWA,IL,AGL,CE,Federal Contract Tower,0,11,2,0,13,0,0,1,0,1,0,11,3,0,14,0,0,0,14
09/22/2009,MWA,IL,AGL,CE,Federal Contract Tower,0,7,1,1,9,0,2,12,0,14,0,9,13,1,23,26,0,26,49
09/23/2009,MWA,IL,AGL,CE,Federal Contract Tower,0,13,5,0,18,0,2,0,2,4,0,15,5,2,22,0,0,0,22
09/24/2009,MWA,IL,AGL,CE,Federal Contract Tower,0,10,0,0,10,0,0,0,0,0,0,10,0,0,10,0,0,0,10
09/25/2009,MWA,IL,AGL,CE,Federal Contract Tower,2,6,2,0,10,0,11,3,0,14,2,17,5,0,24,24,0,24,48
09/26/2009,MWA,IL,AGL,CE,Federal Contract Tower,0,7,0,0,7,0,2,3,0,5,0,9,3,0,12,2,0,2,14
09/27/2009,MWA,IL,AGL,CE,Federal Contract Tower,0,4,1,0,5,0,3,7,0,10,0,7,8,0,15,24,0,24,39
09/28/2009,MWA,IL,AGL,CE,Federal Contract Tower,0,7,4,0,11,0,8,10,0,18,0,15,14,0,29,30,0,30,59
09/29/2009,MWA,IL,AGL,CE,Federal Contract Tower,0,17,7,0,24,0,3,24,1,28,0,20,31,1,52,122,0,122,174
09/30/2009,MWA,IL,AGL,CE,Federal Contract Tower,0,10,5,0,15,0,4,27,0,31,0,14,32,0,46,106,0,106,152
10/01/2009,MWA,IL,AGL,CE,Federal Contract Tower,0,7,1,0,8,0,8,14,0,22,0,15,15,0,30,78,0,78,108
10/02/2009,MWA,IL,AGL,CE,Federal Contract Tower,0,7,2,0,9,0,5,8,0,13,0,12,10,0,22,44,0,44,66
10/03/2009,MWA,IL,AGL,CE,Federal Contract Tower,0,2,0,0,2,0,14,6,0,20,0,16,6,0,22,4,0,4,26
10/04/2009,MWA,IL,AGL,CE,Federal Contract Tower,0,7,4,0,11,0,19,27,0,46,0,26,31,0,57,36,0,36,93
10/05/2009,MWA,IL,AGL,CE,Federal Contract Tower,0,15,0,0,15,0,13,14,0,27,0,28,14,0,42,110,0,110,152
10/06/2009,MWA,IL,AGL,CE,Federal Contract Tower,0,5,0,0,5,0,2,9,0,11,0,7,9,0,16,18,0,18,34
10/07/2009,MWA,IL,AGL,CE,Federal Contract Tower,0,3,6,0,9,0,9,15,4,28,0,12,21,4,37,108,0,108,145
10/08/2009,MWA,IL,AGL,CE,Federal Contract Tower,0,2,2,0,4,0,0,0,0,0,0,2,2,0,4,0,0,0,4
10/09/2009,MWA,IL,AGL,CE,Federal Contract Tower,0,8,8,1,17,0,0,0,0,0,0,8,8,1,17,0,0,0,17
10/10/2009,MWA,IL,AGL,CE,Federal Contract Tower,0,6,1,0,7,0,6,17,3,26,0,12,18,3,33,98,0,98,131
10/11/2009,MWA,IL,AGL,CE,Federal Contract Tower,0,4,1,0,5,0,0,11,0,11,0,4,12,0,16,10,0,10,26
10/12/2009,MWA,IL,AGL,CE,Federal Contract Tower,0,11,2,0,13,0,3,37,0,40,0,14,39,0,53,84,0,84,137
10/13/2009,MWA,IL,AGL,CE,Federal Contract Tower,0,7,13,0,20,0,2,13,0,15,0,9,26,0,35,26,0,26,61
10/14/2009,MWA,IL,AGL,CE,Federal Contract Tower,0,9,6,0,15,0,0,0,0,0,0,9,6,0,15,0,0,0,15
10/15/2009,MWA,IL,AGL,CE,Federal Contract Tower,0,12,3,0,15,0,6,2,0,8,0,18,5,0,23,0,0,0,23
10/16/2009,MWA,IL,AGL,CE,Federal Contract Tower,1,7,3,0,11,0,8,2,0,10,1,15,5,0,21,2,0,2,23
10/17/2009,MWA,IL,AGL,CE,Federal Contract Tower,0,8,0,0,8,0,10,14,18,42,0,18,14,18,50,26,4,30,80
10/18/2009,MWA,IL,AGL,CE,Federal Contract Tower,0,3,0,0,3,0,6,23,0,29,0,9,23,0,32,28,0,28,60
10/19/2009,MWA,IL,AGL,CE,Federal Contract Tower,0,12,1,0,13,0,1,13,0,14,0,13,14,0,27,64,0,64,91
10/20/2009,MWA,IL,AGL,CE,Federal Contract Tower,0,14,0,0,14,0,8,7,0,15,0,22,7,0,29,106,0,106,135
10/21/2009,MWA,IL,AGL,CE,Federal Contract Tower,0,14,4,0,18,0,35,21,2,58,0,49,25,2,76,60,0,60,136
10/22/2009,MWA,IL,AGL,CE,Federal Contract Tower,0,15,2,0,17,0,4,3,0,7,0,19,5,0,24,0,0,0,24
10/23/2009,MWA,IL,AGL,CE,Federal Contract Tower,2,6,3,0,11,0,3,0,0,3,2,9,3,0,14,4,0,4,18
10/24/2009,MWA,IL,AGL,CE,Federal Contract Tower,0,6,2,0,8,0,3,11,0,14,0,9,13,0,22,24,0,24,46
10/25/2009,MWA,IL,AGL,CE,Federal Contract Tower,0,4,5,0,9,0,0,6,0,6,0,4,11,0,15,10,0,10,25
10/26/2009,MWA,IL,AGL,CE,Federal Contract Tower,0,10,6,0,16,0,2,17,0,19,0,12,23,0,35,68,0,68,103
10/27/2009,MWA,IL,AGL,CE,Federal Contract Tower,0,7,5,0,12,0,0,0,0,0,0,7,5,0,12,0,0,0,12
10/28/2009,MWA,IL,AGL,CE,Federal Contract Tower,0,13,6,0,19,0,1,3,0,4,0,14,9,0,23,2,0,2,25
10/29/2009,MWA,IL,AGL,CE,Federal Contract Tower,0,5,8,4,17,0,2,4,0,6,0,7,12,4,23,22,0,22,45
10/30/2009,MWA,IL,AGL,CE,Federal Contract Tower,0,8,0,0,8,0,0,2,0,2,0,8,2,0,10,0,0,0,10
10/31/2009,MWA,IL,AGL,CE,Federal Contract Tower,0,4,1,0,5,0,9,13,5,27,0,13,14,5,32,38,4,42,74
11/01/2009,MWA,IL,AGL,CE,Federal Contract Tower,0,6,2,0,8,0,9,21,0,30,0,15,23,0,38,58,0,58,96
11/02/2009,MWA,IL,AGL,CE,Federal Contract Tower,0,5,3,0,8,0,11,29,2,42,0,16,32,2,50,54,6,60,110
11/03/2009,MWA,IL,AGL,CE,Federal Contract Tower,0,8,3,2,13,0,4,27,2,33,0,12,30,4,46,112,14,126,172
11/04/2009,MWA,IL,AGL,CE,Federal Contract Tower,0,13,3,0,16,0,6,31,0,37,0,19,34,0,53,108,0,108,161
11/05/2009,MWA,IL,AGL,CE,Federal Contract Tower,0,6,4,0,10,0,3,27,0,30,0,9,31,0,40,112,0,112,152
11/06/2009,MWA,IL,AGL,CE,Federal Contract Tower,1,11,2,2,16,0,7,10,8,25,1,18,12,10,41,26,8,34,75
11/07/2009,MWA,IL,AGL,CE,Federal Contract Tower,0,9,1,1,11,0,6,13,4,23,0,15,14,5,34,2,2,4,38
11/08/2009,MWA,IL,AGL,CE,Federal Contract Tower,0,3,1,0,4,0,9,9,0,18,0,12,10,0,22,30,0,30,52
11/09/2009,MWA,IL,AGL,CE,Federal Contract Tower,0,16,2,0,18,0,8,27,2,37,0,24,29,2,55,86,8,94,149
11/10/2009,MWA,IL,AGL,CE,Federal Contract Tower,0,16,2,0,18,0,4,17,0,21,0,20,19,0,39,54,0,54,93
11/11/2009,MWA,IL,AGL,CE,Federal Contract Tower,0,8,4,0,12,0,2,17,0,19,0,10,21,0,31,20,0,20,51
11/12/2009,MWA,IL,AGL,CE,Federal Contract Tower,0,19,0,0,19,0,2,8,0,10,0,21,8,0,29,72,0,72,101
11/13/2009,MWA,IL,AGL,CE,Federal Contract Tower,0,15,3,0,18,0,7,19,0,26,0,22,22,0,44,52,0,52,96
11/14/2009,MWA,IL,AGL,CE,Federal Contract Tower,0,9,1,0,10,0,4,16,0,20,0,13,17,0,30,20,0,20,50
11/15/2009,MWA,IL,AGL,CE,Federal Contract Tower,0,7,3,0,10,0,0,2,0,2,0,7,5,0,12,8,0,8,20
11/16/2009,MWA,IL,AGL,CE,Federal Contract Tower,0,9,2,0,11,0,0,0,0,0,0,9,2,0,11,0,0,0,11
11/17/2009,MWA,IL,AGL,CE,Federal Contract Tower,0,14,4,0,18,0,0,0,0,0,0,14,4,0,18,0,0,0,18
11/18/2009,MWA,IL,AGL,CE,Federal Contract Tower,0,8,2,0,10,0,1,0,0,1,0,9,2,0,11,0,0,0,11
11/19/2009,MWA,IL,AGL,CE,Federal Contract Tower,0,14,1,0,15,0,9,13,0,22,0,23,14,0,37,46,0,46,83
11/20/2009,MWA,IL,AGL,CE,Federal Contract Tower,0,15,2,0,17,0,17,22,0,39,0,32,24,0,56,32,0,32,88
11/21/2009,MWA,IL,AGL,CE,Federal Contract Tower,0,8,1,0,9,0,4,11,0,15,0,12,12,0,24,20,0,20,44
11/22/2009,MWA,IL,AGL,CE,Federal Contract Tower,0,4,1,0,5,0,1,7,0,8,0,5,8,0,13,12,0,12,25
11/23/2009,MWA,IL,AGL,CE,Federal Contract Tower,0,10,8,0,18,0,4,0,0,4,0,14,8,0,22,0,0,0,22
11/24/2009,MWA,IL,AGL,CE,Federal Contract Tower,0,14,3,0,17,0,0,0,0,0,0,14,3,0,17,0,0,0,17
11/25/2009,MWA,IL,AGL,CE,Federal Contract Tower,0,16,6,0,22,0,4,6,0,10,0,20,12,0,32,30,0,30,62
11/26/2009,MWA,IL,AGL,CE,Federal Contract Tower,0,10,0,0,10,0,6,0,0,6,0,16,0,0,16,0,0,0,16
11/27/2009,MWA,IL,AGL,CE,Federal Contract Tower,0,11,4,0,15,0,5,24,0,29,0,16,28,0,44,6,0,6,50
11/28/2009,MWA,IL,AGL,CE,Federal Contract Tower,0,9,2,0,11,0,0,24,0,24,0,9,26,0,35,10,0,10,45
11/29/2009,MWA,IL,AGL,CE,Federal Contract Tower,0,5,1,0,6,0,0,1,6,7,0,5,2,6,13,0,0,0,13
11/30/2009,MWA,IL,AGL,CE,Federal Contract Tower,0,13,0,0,13,0,8,8,6,22,0,21,8,6,35,28,0,28,63
12/01/2009,MWA,IL,AGL,CE,Federal Contract Tower,0,13,4,2,19,0,5,21,0,26,0,18,25,2,45,72,0,72,117
12/02/2009,MWA,IL,AGL,CE,Federal Contract Tower,0,15,2,4,21,0,0,0,0,0,0,15,2,4,21,0,0,0,21
12/03/2009,MWA,IL,AGL,CE,Federal Contract Tower,0,18,1,0,19,0,6,26,2,34,0,24,27,2,53,74,0,74,127
12/04/2009,MWA,IL,AGL,CE,Federal Contract Tower,1,17,1,0,19,0,6,33,0,39,1,23,34,0,58,124,0,124,182
12/05/2009,MWA,IL,AGL,CE,Federal Contract Tower,1,6,7,0,14,0,0,16,0,16,1,6,23,0,30,32,0,32,62
12/06/2009,MWA,IL,AGL,CE,Federal Contract Tower,0,11,2,2,15,0,0,4,0,4,0,11,6,2,19,14,0,14,33
12/07/2009,MWA,IL,AGL,CE,Federal Contract Tower,0,12,4,0,16,0,2,6,0,8,0,14,10,0,24,14,0,14,38
12/08/2009,MWA,IL,AGL,CE,Federal Contract Tower,0,16,0,0,16,0,0,0,0,0,0,16,0,0,16,0,0,0,16
12/09/2009,MWA,IL,AGL,CE,Federal Contract Tower,0,13,0,0,13,0,2,0,0,2,0,15,0,0,15,0,0,0,15
12/10/2009,MWA,IL,AGL,CE,Federal Contract Tower,0,10,0,0,10,0,16,13,0,29,0,26,13,0,39,56,0,56,95
12/11/2009,MWA,IL,AGL,CE,Federal Contract Tower,0,12,2,0,14,0,8,19,0,27,0,20,21,0,41,80,0,80,121
12/12/2009,MWA,IL,AGL,CE,Federal Contract Tower,0,6,0,0,6,0,0,15,0,15,0,6,15,0,21,90,0,90,111
12/13/2009,MWA,IL,AGL,CE,Federal Contract Tower,0,5,0,0,5,0,0,6,0,6,0,5,6,0,11,28,0,28,39
12/14/2009,MWA,IL,AGL,CE,Federal Contract Tower,0,14,2,0,16,0,3,4,0,7,0,17,6,0,23,6,0,6,29
12/15/2009,MWA,IL,AGL,CE,Federal Contract Tower,0,16,2,0,18,0,3,15,0,18,0,19,17,0,36,28,0,28,64
12/16/2009,MWA,IL,AGL,CE,Federal Contract Tower,0,15,6,0,21,0,5,13,0,18,0,20,19,0,39,42,0,42,81
12/17/2009,MWA,IL,AGL,CE,Federal Contract Tower,0,12,0,0,12,0,4,14,0,18,0,16,14,0,30,22,0,22,52
12/18/2009,MWA,IL,AGL,CE,Federal Contract Tower,0,14,5,0,19,0,7,10,0,17,0,21,15,0,36,52,0,52,88
12/19/2009,MWA,IL,AGL,CE,Federal Contract Tower,0,9,0,0,9,0,0,0,0,0,0,9,0,0,9,0,0,0,9
12/20/2009,MWA,IL,AGL,CE,Federal Contract Tower,0,4,0,0,4,0,4,0,0,4,0,8,0,0,8,0,0,0,8
12/21/2009,MWA,IL,AGL,CE,Federal Contract Tower,0,11,3,0,14,0,2,2,0,4,0,13,5,0,18,0,0,0,18
12/22/2009,MWA,IL,AGL,CE,Federal Contract Tower,0,13,0,0,13,0,0,5,0,5,0,13,5,0,18,12,0,12,30
12/23/2009,MWA,IL,AGL,CE,Federal Contract Tower,0,12,2,0,14,0,5,0,0,5,0,17,2,0,19,0,0,0,19
12/24/2009,MWA,IL,AGL,CE,Federal Contract Tower,0,0,1,0,1,0,0,0,0,0,0,0,1,0,1,0,0,0,1
12/25/2009,MWA,IL,AGL,CE,Federal Contract Tower,0,4,0,0,4,0,0,0,0,0,0,4,0,0,4,0,0,0,4
12/26/2009,MWA,IL,AGL,CE,Federal Contract Tower,0,10,0,0,10,0,4,0,0,4,0,14,0,0,14,0,0,0,14
12/27/2009,MWA,IL,AGL,CE,Federal Contract Tower,0,3,0,0,3,0,2,0,0,2,0,5,0,0,5,0,0,0,5
12/28/2009,MWA,IL,AGL,CE,Federal Contract Tower,0,13,0,0,13,0,0,6,0,6,0,13,6,0,19,8,0,8,27
12/29/2009,MWA,IL,AGL,CE,Federal Contract Tower,0,9,0,0,9,0,1,4,2,7,0,10,4,2,16,2,0,2,18
12/30/2009,MWA,IL,AGL,CE,Federal Contract Tower,0,11,0,0,11,0,3,4,0,7,0,14,4,0,18,12,0,12,30
12/31/2009,MWA,IL,AGL,CE,Federal Contract Tower,0,15,0,0,15,0,0,0,0,0,0,15,0,0,15,0,0,0,15
01/01/2010,MWA,IL,AGL,CE,Federal Contract Tower,0,8,0,0,8,0,2,7,0,9,0,10,7,0,17,2,0,2,19
01/02/2010,MWA,IL,AGL,CE,Federal Contract Tower,0,5,0,0,5,0,2,6,0,8,0,7,6,0,13,8,0,8,21
01/03/2010,MWA,IL,AGL,CE,Federal Contract Tower,0,6,1,0,7,0,5,3,0,8,0,11,4,0,15,0,0,0,15
01/04/2010,MWA,IL,AGL,CE,Federal Contract Tower,0,8,2,0,10,0,7,6,0,13,0,15,8,0,23,10,0,10,33
01/05/2010,MWA,IL,AGL,CE,Federal Contract Tower,0,7,2,0,9,0,4,2,0,6,0,11,4,0,15,0,0,0,15
01/06/2010,MWA,IL,AGL,CE,Federal Contract Tower,0,16,0,0,16,0,4,2,0,6,0,20,2,0,22,18,0,18,40
01/07/2010,MWA,IL,AGL,CE,Federal Contract Tower,0,9,0,0,9,0,0,0,0,0,0,9,0,0,9,0,0,0,9
01/08/2010,MWA,IL,AGL,CE,Federal Contract Tower,1,13,0,0,14,0,2,0,0,2,1,15,0,0,16,0,0,0,16
01/09/2010,MWA,IL,AGL,CE,Federal Contract Tower,0,6,2,0,8,0,3,0,0,3,0,9,2,0,11,0,0,0,11
01/10/2010,MWA,IL,AGL,CE,Federal Contract Tower,0,3,2,0,5,0,5,6,0,11,0,8,8,0,16,6,0,6,22
01/11/2010,MWA,IL,AGL,CE,Federal Contract Tower,0,0,11,0,11,0,4,0,0,4,0,4,11,0,15,0,0,0,15
01/12/2010,MWA,IL,AGL,CE,Federal Contract Tower,0,13,3,0,16,0,7,7,0,14,0,20,10,0,30,0,0,0,30
01/13/2010,MWA,IL,AGL,CE,Federal Contract Tower,0,12,4,0,16,0,9,7,0,16,0,21,11,0,32,4,0,4,36
01/14/2010,MWA,IL,AGL,CE,Federal Contract Tower,0,16,0,0,16,0,2,3,0,5,0,18,3,0,21,2,0,2,23
01/15/2010,MWA,IL,AGL,CE,Federal Contract Tower,0,14,0,0,14,0,0,2,0,2,0,14,2,0,16,0,0,0,16
01/16/2010,MWA,IL,AGL,CE,Federal Contract Tower,0,4,0,0,4,0,2,1,0,3,0,6,1,0,7,0,0,0,7
01/17/2010,MWA,IL,AGL,CE,Federal Contract Tower,0,5,0,0,5,0,1,0,0,1,0,6,0,0,6,0,0,0,6
01/18/2010,MWA,IL,AGL,CE,Federal Contract Tower,0,15,0,0,15,0,2,5,0,7,0,17,5,0,22,46,0,46,68
01/19/2010,MWA,IL,AGL,CE,Federal Contract Tower,0,10,0,0,10,0,0,3,0,3,0,10,3,0,13,2,0,2,15
01/20/2010,MWA,IL,AGL,CE,Federal Contract Tower,0,5,0,0,5,0,0,0,0,0,0,5,0,0,5,0,0,0,5
01/21/2010,MWA,IL,AGL,CE,Federal Contract Tower,0,14,0,0,14,0,0,0,0,0,0,14,0,0,14,0,0,0,14
01/22/2010,MWA,IL,AGL,CE,Federal Contract Tower,0,16,6,0,22,0,0,5,0,5,0,16,11,0,27,40,0,40,67
01/23/2010,MWA,IL,AGL,CE,Federal Contract Tower,0,13,7,0,20,0,0,2,1,3,0,13,9,1,23,0,0,0,23
01/24/2010,MWA,IL,AGL,CE,Federal Contract Tower,0,4,2,0,6,0,3,0,0,3,0,7,2,0,9,0,0,0,9
01/25/2010,MWA,IL,AGL,CE,Federal Contract Tower,0,12,1,0,13,0,3,10,0,13,0,15,11,0,26,26,0,26,52
01/26/2010,MWA,IL,AGL,CE,Federal Contract Tower,0,20,1,0,21,0,2,13,0,15,0,22,14,0,36,44,0,44,80
01/27/2010,MWA,IL,AGL,CE,Federal Contract Tower,0,10,2,0,12,0,0,20,0,20,0,10,22,0,32,44,0,44,76
01/28/2010,MWA,IL,AGL,CE,Federal Contract Tower,0,12,1,0,13,0,7,11,0,18,0,19,12,0,31,94,0,94,125
01/29/2010,MWA,IL,AGL,CE,Federal Contract Tower,0,11,1,0,12,0,0,0,0,0,0,11,1,0,12,0,0,0,12
01/30/2010,MWA,IL,AGL,CE,Federal Contract Tower,1,12,0,0,13,0,1,1,0,2,1,13,1,0,15,2,0,2,17
01/31/2010,MWA,IL,AGL,CE,Federal Contract Tower,1,6,4,0,11,0,0,7,0,7,1,6,11,0,18,0,0,0,18
02/01/2010,MWA,IL,AGL,CE,Federal Contract Tower,0,14,4,0,18,0,4,31,0,35,0,18,35,0,53,48,0,48,101
02/02/2010,MWA,IL,AGL,CE,Federal Contract Tower,0,12,0,0,12,0,8,19,0,27,0,20,19,0,39,74,0,74,113
02/03/2010,MWA,IL,AGL,CE,Federal Contract Tower,0,11,8,1,20,0,9,26,0,35,0,20,34,1,55,106,24,130,185
02/04/2010,MWA,IL,AGL,CE,Federal Contract Tower,0,16,0,0,16,0,8,5,2,15,0,24,5,2,31,26,8,34,65
02/05/2010,MWA,IL,AGL,CE,Federal Contract Tower,1,12,0,0,13,0,0,0,0,0,1,12,0,0,13,0,0,0,13
02/06/2010,MWA,IL,AGL,CE,Federal Contract Tower,0,6,0,0,6,0,2,1,0,3,0,8,1,0,9,0,0,0,9
02/07/2010,MWA,IL,AGL,CE,Federal Contract Tower,0,6,3,0,9,0,0,11,4,15,0,6,14,4,24,18,0,18,42
02/08/2010,MWA,IL,AGL,CE,Federal Contract Tower,0,10,0,0,10,0,2,6,0,8,0,12,6,0,18,26,0,26,44
02/09/2010,MWA,IL,AGL,CE,Federal Contract Tower,1,9,0,0,10,0,5,2,0,7,1,14,2,0,17,18,0,18,35
02/10/2010,MWA,IL,AGL,CE,Federal Contract Tower,0,17,1,0,18,0,5,2,0,7,0,22,3,0,25,4,0,4,29
02/11/2010,MWA,IL,AGL,CE,Federal Contract Tower,0,10,2,0,12,0,14,20,0,34,0,24,22,0,46,58,0,58,104
02/12/2010,MWA,IL,AGL,CE,Federal Contract Tower,0,9,5,0,14,0,6,18,0,24,0,15,23,0,38,38,0,38,76
02/13/2010,MWA,IL,AGL,CE,Federal Contract Tower,0,6,2,0,8,0,1,2,3,6,0,7,4,3,14,4,0,4,18
02/14/2010,MWA,IL,AGL,CE,Federal Contract Tower,0,2,0,0,2,0,0,0,0,0,0,2,0,0,2,0,0,0,2
02/15/2010,MWA,IL,AGL,CE,Federal Contract Tower,0,0,22,0,22,0,1,0,0,1,0,1,22,0,23,0,0,0,23
02/16/2010,MWA,IL,AGL,CE,Federal Contract Tower,0,11,2,0,13,0,6,9,0,15,0,17,11,0,28,22,0,22,50
02/17/2010,MWA,IL,AGL,CE,Federal Contract Tower,0,18,3,0,21,0,12,11,0,23,0,30,14,0,44,54,0,54,98
02/18/2010,MWA,IL,AGL,CE,Federal Contract Tower,0,20,0,0,20,0,3,13,2,18,0,23,13,2,38,50,0,50,88
02/19/2010,MWA,IL,AGL,CE,Federal Contract Tower,0,13,5,0,18,0,5,15,0,20,0,18,20,0,38,50,0,50,88
02/20/2010,MWA,IL,AGL,CE,Federal Contract Tower,0,6,2,0,8,0,5,16,2,23,0,11,18,2,31,14,0,14,45
02/21/2010,MWA,IL,AGL,CE,Federal Contract Tower,0,3,5,0,8,0,1,5,0,6,0,4,10,0,14,10,0,10,24
02/22/2010,MWA,IL,AGL,CE,Federal Contract Tower,0,12,0,0,12,0,0,7,0,7,0,12,7,0,19,0,0,0,19
02/23/2010,MWA,IL,AGL,CE,Federal Contract Tower,0,13,0,1,14,0,6,17,1,24,0,19,17,2,38,44,0,44,82
02/24/2010,MWA,IL,AGL,CE,Federal Contract Tower,0,8,0,0,8,0,1,15,0,16,0,9,15,0,24,24,0,24,48
02/25/2010,MWA,IL,AGL,CE,Federal Contract Tower,0,15,3,0,18,0,2,27,2,31,0,17,30,2,49,84,0,84,133
02/26/2010,MWA,IL,AGL,CE,Federal Contract Tower,0,9,2,0,11,0,5,6,0,11,0,14,8,0,22,38,0,38,60
02/27/2010,MWA,IL,AGL,CE,Federal Contract Tower,0,12,1,0,13,0,5,34,3,42,0,17,35,3,55,38,0,38,93
02/28/2010,MWA,IL,AGL,CE,Federal Contract Tower,0,8,2,0,10,0,9,22,0,31,0,17,24,0,41,68,0,68,109
03/01/2010,MWA,IL,AGL,CE,Federal Contract Tower,0,9,4,0,13,0,10,19,0,29,0,19,23,0,42,114,0,114,156
03/02/2010,MWA,IL,AGL,CE,Federal Contract Tower,0,10,4,0,14,0,6,2,7,15,0,16,6,7,29,48,0,48,77
03/03/2010,MWA,IL,AGL,CE,Federal Contract Tower,0,10,1,0,11,0,18,14,0,32,0,28,15,0,43,34,0,34,77
03/04/2010,MWA,IL,AGL,CE,Federal Contract Tower,0,14,2,0,16,0,4,28,0,32,0,18,30,0,48,48,0,48,96
03/05/2010,MWA,IL,AGL,CE,Federal Contract Tower,0,15,3,0,18,0,6,16,2,24,0,21,19,2,42,26,0,26,68
03/06/2010,MWA,IL,AGL,CE,Federal Contract Tower,0,8,5,0,13,0,10,25,0,35,0,18,30,0,48,42,0,42,90
03/07/2010,MWA,IL,AGL,CE,Federal Contract Tower,0,3,0,0,3,0,8,6,0,14,0,11,6,0,17,22,0,22,39
03/08/2010,MWA,IL,AGL,CE,Federal Contract Tower,0,11,3,2,16,0,1,6,2,9,0,12,9,4,25,14,10,24,49
03/09/2010,MWA,IL,AGL,CE,Federal Contract Tower,0,13,0,0,13,0,0,0,0,0,0,13,0,0,13,0,0,0,13
03/10/2010,MWA,IL,AGL,CE,Federal Contract Tower,0,15,1,0,16,0,2,2,0,4,0,17,3,0,20,0,0,0,20
03/11/2010,MWA,IL,AGL,CE,Federal Contract Tower,0,15,1,0,16,0,0,2,0,2,0,15,3,0,18,0,0,0,18
03/12/2010,MWA,IL,AGL,CE,Federal Contract Tower,0,9,0,0,9,0,0,0,0,0,0,9,0,0,9,0,0,0,9
03/13/2010,MWA,IL,AGL,CE,Federal Contract Tower,0,7,0,0,7,0,2,1,0,3,0,9,1,0,10,12,0,12,22
03/14/2010,MWA,IL,AGL,CE,Federal Contract Tower,0,6,2,0,8,0,0,0,0,0,0,6,2,0,8,0,0,0,8
03/15/2010,MWA,IL,AGL,CE,Federal Contract Tower,0,17,3,0,20,0,2,8,0,10,0,19,11,0,30,10,0,10,40
03/16/2010,MWA,IL,AGL,CE,Federal Contract Tower,0,10,0,0,10,0,2,13,0,15,0,12,13,0,25,38,0,38,63
03/17/2010,MWA,IL,AGL,CE,Federal Contract Tower,0,13,1,0,14,0,5,5,0,10,0,18,6,0,24,32,0,32,56
03/18/2010,MWA,IL,AGL,CE,Federal Contract Tower,0,13,4,0,17,0,5,17,0,22,0,18,21,0,39,12,0,12,51
03/19/2010,MWA,IL,AGL,CE,Federal Contract Tower,0,15,3,0,18,0,3,19,0,22,0,18,22,0,40,64,0,64,104
03/20/2010,MWA,IL,AGL,CE,Federal Contract Tower,0,9,2,0,11,0,3,3,0,6,0,12,5,0,17,0,0,0,17
03/21/2010,MWA,IL,AGL,CE,Federal Contract Tower,0,4,0,0,4,0,0,0,0,0,0,4,0,0,4,0,0,0,4
03/22/2010,MWA,IL,AGL,CE,Federal Contract Tower,0,12,3,0,15,0,0,0,0,0,0,12,3,0,15,0,0,0,15
03/23/2010,MWA,IL,AGL,CE,Federal Contract Tower,0,11,1,0,12,0,7,15,0,22,0,18,16,0,34,90,0,90,124
03/24/2010,MWA,IL,AGL,CE,Federal Contract Tower,0,10,1,0,11,0,7,11,0,18,0,17,12,0,29,72,0,72,101
03/25/2010,MWA,IL,AGL,CE,Federal Contract Tower,0,11,5,0,16,0,0,0,0,0,0,11,5,0,16,0,0,0,16
03/26/2010,MWA,IL,AGL,CE,Federal Contract Tower,0,11,6,0,17,0,9,27,0,36,0,20,33,0,53,84,0,84,137
03/27/2010,MWA,IL,AGL,CE,Federal Contract Tower,0,8,1,0,9,0,7,10,0,17,0,15,11,0,26,24,0,24,50
03/28/2010,MWA,IL,AGL,CE,Federal Contract Tower,0,10,3,0,13,0,0,0,0,0,0,10,3,0,13,4,0,4,17
03/29/2010,MWA,IL,AGL,CE,Federal Contract Tower,0,14,4,1,19,0,6,17,0,23,0,20,21,1,42,62,0,62,104
03/30/2010,MWA,IL,AGL,CE,Federal Contract Tower,0,14,1,0,15,0,9,8,0,17,0,23,9,0,32,78,0,78,110
03/31/2010,MWA,IL,AGL,CE,Federal Contract Tower,0,12,1,0,13,0,14,9,0,23,0,26,10,0,36,50,0,50,86
04/01/2010,MWA,IL,AGL,CE,Federal Contract Tower,0,14,4,0,18,0,8,18,0,26,0,22,22,0,44,59,0,59,103
04/02/2010,MWA,IL,AGL,CE,Federal Contract Tower,0,8,1,0,9,0,8,14,0,22,0,16,15,0,31,36,0,36,67
04/03/2010,MWA,IL,AGL,CE,Federal Contract Tower,0,8,0,0,8,0,11,6,0,17,0,19,6,0,25,14,0,14,39
04/04/2010,MWA,IL,AGL,CE,Federal Contract Tower,0,8,0,0,8,0,4,4,0,8,0,12,4,0,16,26,0,26,42
04/05/2010,MWA,IL,AGL,CE,Federal Contract Tower,0,13,0,0,13,0,8,3,0,11,0,21,3,0,24,62,0,62,86
04/06/2010,MWA,IL,AGL,CE,Federal Contract Tower,0,10,0,6,16,0,5,5,0,10,0,15,5,6,26,0,0,0,26
04/07/2010,MWA,IL,AGL,CE,Federal Contract Tower,0,8,0,0,8,0,0,0,0,0,0,8,0,0,8,0,0,0,8
04/08/2010,MWA,IL,AGL,CE,Federal Contract Tower,0,12,5,0,17,0,6,21,0,27,0,18,26,0,44,70,0,70,114
04/09/2010,MWA,IL,AGL,CE,Federal Contract Tower,0,12,3,0,15,0,1,18,0,19,0,13,21,0,34,36,0,36,70
04/10/2010,MWA,IL,AGL,CE,Federal Contract Tower,0,6,1,0,7,0,3,23,0,26,0,9,24,0,33,30,0,30,63
04/11/2010,MWA,IL,AGL,CE,Federal Contract Tower,0,3,3,0,6,0,5,12,0,17,0,8,15,0,23,32,0,32,55
04/12/2010,MWA,IL,AGL,CE,Federal Contract Tower,0,15,0,0,15,0,7,22,0,29,0,22,22,0,44,90,0,90,134
04/13/2010,MWA,IL,AGL,CE,Federal Contract Tower,0,17,1,0,18,0,11,25,0,36,0,28,26,0,54,40,0,40,94
04/14/2010,MWA,IL,AGL,CE,Federal Contract Tower,0,16,2,0,18,0,9,33,4,46,0,25,35,4,64,78,0,78,142
04/15/2010,MWA,IL,AGL,CE,Federal Contract Tower,0,18,0,0,18,0,11,22,2,35,0,29,22,2,53,86,0,86,139
04/16/2010,MWA,IL,AGL,CE,Federal Contract Tower,0,13,0,0,13,0,5,7,0,12,0,18,7,0,25,66,0,66,91
04/17/2010,MWA,IL,AGL,CE,Federal Contract Tower,0,7,3,0,10,0,7,29,0,36,0,14,32,0,46,54,0,54,100
04/18/2010,MWA,IL,AGL,CE,Federal Contract Tower,0,3,3,0,6,0,4,22,0,26,0,7,25,0,32,52,0,52,84
04/19/2010,MWA,IL,AGL,CE,Federal Contract Tower,0,10,4,0,14,0,6,14,0,20,0,16,18,0,34,76,0,76,110
04/20/2010,MWA,IL,AGL,CE,Federal Contract Tower,0,11,4,0,15,0,8,22,0,30,0,19,26,0,45,6,0,6,51
04/21/2010,MWA,IL,AGL,CE,Federal Contract Tower,0,14,1,0,15,0,6,11,0,17,0,20,12,0,32,18,0,18,50
04/22/2010,MWA,IL,AGL,CE,Federal Contract Tower,0,19,1,0,20,0,1,11,0,12,0,20,12,0,32,48,0,48,80
04/23/2010,MWA,IL,AGL,CE,Federal Contract Tower,0,14,2,0,16,0,2,13,0,15,0,16,15,0,31,52,0,52,83
04/24/2010,MWA,IL,AGL,CE,Federal Contract Tower,0,7,0,0,7,0,1,0,0,1,0,8,0,0,8,0,0,0,8
04/25/2010,MWA,IL,AGL,CE,Federal Contract Tower,0,8,2,0,10,0,0,1,0,1,0,8,3,0,11,2,0,2,13
04/26/2010,MWA,IL,AGL,CE,Federal Contract Tower,0,12,6,0,18,0,4,3,0,7,0,16,9,0,25,4,0,4,29
04/27/2010,MWA,IL,AGL,CE,Federal Contract Tower,0,10,9,0,19,0,3,6,1,10,0,13,15,1,29,12,2,14,43
04/28/2010,MWA,IL,AGL,CE,Federal Contract Tower,0,17,1,0,18,0,3,28,2,33,0,20,29,2,51,104,4,108,159
04/29/2010,MWA,IL,AGL,CE,Federal Contract Tower,0,16,1,0,17,0,0,10,0,10,0,16,11,0,27,24,0,24,51
04/30/2010,MWA,IL,AGL,CE,Federal Contract Tower,0,18,0,0,18,0,0,0,0,0,0,18,0,0,18,0,0,0,18
05/01/2010,MWA,IL,AGL,CE,Federal Contract Tower,0,7,0,0,7,0,1,0,0,1,0,8,0,0,8,0,0,0,8
05/02/2010,MWA,IL,AGL,CE,Federal Contract Tower,0,7,2,0,9,0,2,6,0,8,0,9,8,0,17,8,0,8,25
05/03/2010,MWA,IL,AGL,CE,Federal Contract Tower,0,16,2,0,18,0,0,17,0,17,0,16,19,0,35,54,0,54,89
05/04/2010,MWA,IL,AGL,CE,Federal Contract Tower,0,14,2,0,16,0,5,36,0,41,0,19,38,0,57,102,0,102,159
05/05/2010,MWA,IL,AGL,CE,Federal Contract Tower,0,19,0,0,19,0,6,24,0,30,0,25,24,0,49,112,0,112,161
05/06/2010,MWA,IL,AGL,CE,Federal Contract Tower,0,20,1,0,21,0,8,32,0,40,0,28,33,0,61,130,0,130,191
05/07/2010,MWA,IL,AGL,CE,Federal Contract Tower,0,13,1,0,14,0,2,1,0,3,0,15,2,0,17,2,0,2,19
05/08/2010,MWA,IL,AGL,CE,Federal Contract Tower,0,7,4,0,11,0,3,7,0,10,0,10,11,0,21,14,0,14,35
05/09/2010,MWA,IL,AGL,CE,Federal Contract Tower,0,9,2,0,11,0,5,15,0,20,0,14,17,0,31,34,0,34,65
05/10/2010,MWA,IL,AGL,CE,Federal Contract Tower,0,15,1,0,16,0,0,5,0,5,0,15,6,0,21,16,0,16,37
05/11/2010,MWA,IL,AGL,CE,Federal Contract Tower,0,10,5,0,15,0,0,7,0,7,0,10,12,0,22,26,0,26,48
05/12/2010,MWA,IL,AGL,CE,Federal Contract Tower,0,14,0,0,14,0,5,5,0,10,0,19,5,0,24,6,0,6,30
05/13/2010,MWA,IL,AGL,CE,Federal Contract Tower,0,14,1,2,17,0,0,9,0,9,0,14,10,2,26,12,12,24,50
05/14/2010,MWA,IL,AGL,CE,Federal Contract Tower,0,10,2,0,12,0,4,10,0,14,0,14,12,0,26,26,0,26,52
05/15/2010,MWA,IL,AGL,CE,Federal Contract Tower,0,9,9,0,18,0,0,21,0,21,0,9,30,0,39,40,0,40,79
05/16/2010,MWA,IL,AGL,CE,Federal Contract Tower,0,8,1,0,9,0,5,0,0,5,0,13,1,0,14,0,0,0,14
05/17/2010,MWA,IL,AGL,CE,Federal Contract Tower,0,8,0,0,8,0,2,1,0,3,0,10,1,0,11,0,0,0,11
05/18/2010,MWA,IL,AGL,CE,Federal Contract Tower,0,12,2,0,14,0,9,14,2,25,0,21,16,2,39,70,0,70,109
05/19/2010,MWA,IL,AGL,CE,Federal Contract Tower,0,8,2,0,10,0,6,23,1,30,0,14,25,1,40,38,0,38,78
05/20/2010,MWA,IL,AGL,CE,Federal Contract Tower,0,26,0,0,26,0,6,0,0,6,0,32,0,0,32,6,0,6,38
05/21/2010,MWA,IL,AGL,CE,Federal Contract Tower,0,28,0,0,28,0,0,0,0,0,0,28,0,0,28,50,0,50,78
05/22/2010,MWA,IL,AGL,CE,Federal Contract Tower,0,8,0,0,8,0,7,19,0,26,0,15,19,0,34,38,0,38,72
05/23/2010,MWA,IL,AGL,CE,Federal Contract Tower,0,3,1,0,4,0,1,21,0,22,0,4,22,0,26,36,0,36,62
05/24/2010,MWA,IL,AGL,CE,Federal Contract Tower,0,11,2,0,13,0,0,3,0,3,0,11,5,0,16,38,0,38,54
05/25/2010,MWA,IL,AGL,CE,Federal Contract Tower,0,13,0,2,15,0,10,21,4,35,0,23,21,6,50,66,0,66,116
05/26/2010,MWA,IL,AGL,CE,Federal Contract Tower,0,15,1,0,16,0,6,11,4,21,0,21,12,4,37,4,0,4,41
05/27/2010,MWA,IL,AGL,CE,Federal Contract Tower,0,20,4,0,24,0,2,16,0,18,0,22,20,0,42,28,0,28,70
05/28/2010,MWA,IL,AGL,CE,Federal Contract Tower,0,14,1,0,15,0,8,20,0,28,0,22,21,0,43,56,0,56,99
05/29/2010,MWA,IL,AGL,CE,Federal Contract Tower,0,5,3,0,8,0,0,11,2,13,0,5,14,2,21,8,8,16,37
05/30/2010,MWA,IL,AGL,CE,Federal Contract Tower,0,3,0,0,3,0,2,8,0,10,0,5,8,0,13,24,0,24,37
05/31/2010,MWA,IL,AGL,CE,Federal Contract Tower,0,9,3,0,12,0,0,10,0,10,0,9,13,0,22,6,0,6,28
06/01/2010,MWA,IL,AGL,CE,Federal Contract Tower,0,13,4,0,17,0,9,22,2,33,0,22,26,2,50,54,0,54,104
06/02/2010,MWA,IL,AGL,CE,Federal Contract Tower,0,16,1,0,17,0,0,8,1,9,0,16,9,1,26,28,0,28,54
06/03/2010,MWA,IL,AGL,CE,Federal Contract Tower,0,20,0,0,20,0,3,13,0,16,0,23,13,0,36,46,0,46,82
06/04/2010,MWA,IL,AGL,CE,Federal Contract Tower,0,11,2,0,13,0,3,21,0,24,0,14,23,0,37,80,0,80,117
06/05/2010,MWA,IL,AGL,CE,Federal Contract Tower,0,8,0,0,8,0,5,18,0,23,0,13,18,0,31,0,0,0,31
06/06/2010,MWA,IL,AGL,CE,Federal Contract Tower,0,5,0,0,5,0,0,1,0,1,0,5,1,0,6,6,0,6,12
06/07/2010,MWA,IL,AGL,CE,Federal Contract Tower,0,10,2,0,12,0,3,23,0,26,0,13,25,0,38,46,0,46,84
06/08/2010,MWA,IL,AGL,CE,Federal Contract Tower,0,13,1,0,14,0,2,10,0,12,0,15,11,0,26,20,0,20,46
06/09/2010,MWA,IL,AGL,CE,Federal Contract Tower,0,11,2,0,13,0,4,4,0,8,0,15,6,0,21,0,0,0,21
06/10/2010,MWA,IL,AGL,CE,Federal Contract Tower,0,15,2,0,17,0,8,16,0,24,0,23,18,0,41,52,0,52,93
06/11/2010,MWA,IL,AGL,CE,Federal Contract Tower,0,9,2,0,11,0,0,2,0,2,0,9,4,0,13,2,0,2,15
06/12/2010,MWA,IL,AGL,CE,Federal Contract Tower,0,7,2,0,9,0,12,5,1,18,0,19,7,1,27,0,0,0,27
06/13/2010,MWA,IL,AGL,CE,Federal Contract Tower,0,4,3,0,7,0,4,1,0,5,0,8,4,0,12,0,0,0,12
06/14/2010,MWA,IL,AGL,CE,Federal Contract Tower,0,15,1,0,16,0,2,3,0,5,0,17,4,0,21,8,0,8,29
06/15/2010,MWA,IL,AGL,CE,Federal Contract Tower,0,14,2,0,16,0,4,12,2,18,0,18,14,2,34,16,0,16,50
06/16/2010,MWA,IL,AGL,CE,Federal Contract Tower,0,11,3,0,14,0,8,8,0,16,0,19,11,0,30,76,0,76,106
06/17/2010,MWA,IL,AGL,CE,Federal Contract Tower,0,8,0,0,8,0,2,15,0,17,0,10,15,0,25,88,0,88,113
06/18/2010,MWA,IL,AGL,CE,Federal Contract Tower,0,13,2,0,15,0,2,28,5,35,0,15,30,5,50,44,0,44,94
06/19/2010,MWA,IL,AGL,CE,Federal Contract Tower,0,7,3,0,10,0,6,26,0,32,0,13,29,0,42,40,0,40,82
06/20/2010,MWA,IL,AGL,CE,Federal Contract Tower,0,4,0,0,4,0,2,9,0,11,0,6,9,0,15,10,0,10,25
06/21/2010,MWA,IL,AGL,CE,Federal Contract Tower,0,13,0,0,13,0,8,8,0,16,0,21,8,0,29,12,0,12,41
06/22/2010,MWA,IL,AGL,CE,Federal Contract Tower,0,13,4,0,17,0,14,4,3,21,0,27,8,3,38,36,0,36,74
06/23/2010,MWA,IL,AGL,CE,Federal Contract Tower,0,13,0,0,13,0,5,16,5,26,0,18,16,5,39,62,0,62,101
06/24/2010,MWA,IL,AGL,CE,Federal Contract Tower,0,19,1,0,20,0,9,15,6,30,0,28,16,6,50,92,0,92,142
06/25/2010,MWA,IL,AGL,CE,Federal Contract Tower,0,13,2,1,16,0,3,19,2,24,0,16,21,3,40,44,0,44,84
06/26/2010,MWA,IL,AGL,CE,Federal Contract Tower,0,8,1,0,9,0,2,6,0,8,0,10,7,0,17,26,0,26,43
06/27/2010,MWA,IL,AGL,CE,Federal Contract Tower,0,11,0,0,11,0,4,3,0,7,0,15,3,0,18,0,0,0,18
06/28/2010,MWA,IL,AGL,CE,Federal Contract Tower,0,12,1,1,14,0,3,14,2,19,0,15,15,3,33,42,0,42,75
06/29/2010,MWA,IL,AGL,CE,Federal Contract Tower,0,13,3,0,16,0,0,26,0,26,0,13,29,0,42,80,0,80,122
06/30/2010,MWA,IL,AGL,CE,Federal Contract Tower,0,19,3,0,22,0,3,16,2,21,0,22,19,2,43,36,0,36,79
07/01/2010,MWA,IL,AGL,CE,Federal Contract Tower,0,16,2,0,18,0,6,22,0,28,0,22,24,0,46,44,0,44,90
07/02/2010,MWA,IL,AGL,CE,Federal Contract Tower,0,15,0,0,15,0,7,20,0,27,0,22,20,0,42,16,0,16,58
07/03/2010,MWA,IL,AGL,CE,Federal Contract Tower,0,6,2,0,8,0,4,18,2,24,0,10,20,2,32,12,0,12,44
07/04/2010,MWA,IL,AGL,CE,Federal Contract Tower,0,4,2,0,6,0,0,5,0,5,0,4,7,0,11,8,0,8,19
07/05/2010,MWA,IL,AGL,CE,Federal Contract Tower,0,15,3,0,18,0,3,13,0,16,0,18,16,0,34,24,0,24,58
07/06/2010,MWA,IL,AGL,CE,Federal Contract Tower,0,11,2,0,13,0,5,23,1,29,0,16,25,1,42,38,0,38,80
07/07/2010,MWA,IL,AGL,CE,Federal Contract Tower,0,17,4,0,21,0,4,35,1,40,0,21,39,1,61,106,0,106,167
07/08/2010,MWA,IL,AGL,CE,Federal Contract Tower,0,14,0,0,14,0,3,22,5,30,0,17,22,5,44,32,0,32,76
07/09/2010,MWA,IL,AGL,CE,Federal Contract Tower,0,10,0,0,10,0,2,8,0,10,0,12,8,0,20,20,0,20,40
07/10/2010,MWA,IL,AGL,CE,Federal Contract Tower,0,7,5,0,12,0,0,8,0,8,0,7,13,0,20,62,0,62,82
07/11/2010,MWA,IL,AGL,CE,Federal Contract Tower,0,12,7,0,19,0,10,5,0,15,0,22,12,0,34,80,0,80,114
07/12/2010,MWA,IL,AGL,CE,Federal Contract Tower,0,14,2,0,16,0,2,15,0,17,0,16,17,0,33,22,0,22,55
07/13/2010,MWA,IL,AGL,CE,Federal Contract Tower,0,9,0,0,9,0,2,21,4,27,0,11,21,4,36,42,0,42,78
07/14/2010,MWA,IL,AGL,CE,Federal Contract Tower,0,8,0,0,8,0,2,14,3,19,0,10,14,3,27,28,0,28,55
07/15/2010,MWA,IL,AGL,CE,Federal Contract Tower,0,18,3,0,21,0,4,10,4,18,0,22,13,4,39,38,0,38,77
07/16/2010,MWA,IL,AGL,CE,Federal Contract Tower,0,14,4,0,18,0,9,7,3,19,0,23,11,3,37,60,0,60,97
07/17/2010,MWA,IL,AGL,CE,Federal Contract Tower,0,9,2,0,11,0,12,29,0,41,0,21,31,0,52,96,0,96,148
07/18/2010,MWA,IL,AGL,CE,Federal Contract Tower,0,4,1,0,5,0,6,3,0,9,0,10,4,0,14,0,0,0,14
07/19/2010,MWA,IL,AGL,CE,Federal Contract Tower,0,13,1,0,14,0,5,9,0,14,0,18,10,0,28,34,0,34,62
07/20/2010,MWA,IL,AGL,CE,Federal Contract Tower,0,15,1,0,16,0,4,8,0,12,0,19,9,0,28,16,0,16,44
07/21/2010,MWA,IL,AGL,CE,Federal Contract Tower,0,8,3,0,11,0,12,17,2,31,0,20,20,2,42,68,0,68,110
07/22/2010,MWA,IL,AGL,CE,Federal Contract Tower,0,15,1,0,16,0,11,18,2,31,0,26,19,2,47,92,0,92,139
07/23/2010,MWA,IL,AGL,CE,Federal Contract Tower,0,12,1,1,14,0,9,19,5,33,0,21,20,6,47,78,0,78,125
07/24/2010,MWA,IL,AGL,CE,Federal Contract Tower,0,11,5,0,16,0,2,23,0,25,0,13,28,0,41,38,0,38,79
07/25/2010,MWA,IL,AGL,CE,Federal Contract Tower,0,5,2,0,7,0,4,12,0,16,0,9,14,0,23,0,24,24,47
07/26/2010,MWA,IL,AGL,CE,Federal Contract Tower,0,8,2,0,10,0,4,13,0,17,0,12,15,0,27,10,0,10,37
07/27/2010,MWA,IL,AGL,CE,Federal Contract Tower,0,15,3,0,18,0,1,3,1,5,0,16,6,1,23,22,0,22,45
07/28/2010,MWA,IL,AGL,CE,Federal Contract Tower,0,8,4,0,12,0,3,8,7,18,0,11,12,7,30,10,0,10,40
07/29/2010,MWA,IL,AGL,CE,Federal Contract Tower,0,15,3,0,18,0,4,8,3,15,0,19,11,3,33,40,0,40,73
07/30/2010,MWA,IL,AGL,CE,Federal Contract Tower,0,12,0,4,16,0,1,7,0,8,0,13,7,4,24,102,0,102,126
07/31/2010,MWA,IL,AGL,CE,Federal Contract Tower,0,6,3,0,9,0,0,15,0,15,0,6,18,0,24,64,0,64,88
08/01/2010,MWA,IL,AGL,CE,Federal Contract Tower,0,9,0,0,9,0,4,13,0,17,0,13,13,0,26,26,0,26,52
08/02/2010,MWA,IL,AGL,CE,Federal Contract Tower,0,10,0,0,10,0,2,12,0,14,0,12,12,0,24,48,0,48,72
08/03/2010,MWA,IL,AGL,CE,Federal Contract Tower,0,11,0,0,11,0,11,35,2,48,0,22,35,2,59,100,0,100,159
08/04/2010,MWA,IL,AGL,CE,Federal Contract Tower,0,12,2,0,14,0,7,15,6,28,0,19,17,6,42,82,0,82,124
08/05/2010,MWA,IL,AGL,CE,Federal Contract Tower,0,10,5,0,15,0,6,11,0,17,0,16,16,0,32,24,0,24,56
08/06/2010,MWA,IL,AGL,CE,Federal Contract Tower,0,13,1,0,14,0,7,34,4,45,0,20,35,4,59,36,0,36,95
08/07/2010,MWA,IL,AGL,CE,Federal Contract Tower,0,12,2,0,14,0,3,22,3,28,0,15,24,3,42,32,0,32,74
08/08/2010,MWA,IL,AGL,CE,Federal Contract Tower,0,3,1,0,4,0,1,17,0,18,0,4,18,0,22,0,4,4,26
08/09/2010,MWA,IL,AGL,CE,Federal Contract Tower,0,11,1,0,12,0,1,31,0,32,0,12,32,0,44,36,0,36,80
08/10/2010,MWA,IL,AGL,CE,Federal Contract Tower,0,9,1,0,10,0,7,9,0,16,0,16,10,0,26,10,0,10,36
08/11/2010,MWA,IL,AGL,CE,Federal Contract Tower,0,9,1,1,11,0,6,10,3,19,0,15,11,4,30,30,4,34,64
08/12/2010,MWA,IL,AGL,CE,Federal Contract Tower,0,9,0,0,9,0,7,9,2,18,0,16,9,2,27,2,0,2,29
08/13/2010,MWA,IL,AGL,CE,Federal Contract Tower,0,18,7,0,25,0,4,22,2,28,0,22,29,2,53,68,0,68,121
08/14/2010,MWA,IL,AGL,CE,Federal Contract Tower,0,11,5,0,16,0,0,20,0,20,0,11,25,0,36,48,0,48,84
08/15/2010,MWA,IL,AGL,CE,Federal Contract Tower,0,3,1,0,4,0,7,19,0,26,0,10,20,0,30,44,0,44,74
08/16/2010,MWA,IL,AGL,CE,Federal Contract Tower,0,11,6,0,17,0,14,21,0,35,0,25,27,0,52,58,0,58,110
08/17/2010,MWA,IL,AGL,CE,Federal Contract Tower,0,11,2,0,13,0,5,19,2,26,0,16,21,2,39,28,0,28,67
08/18/2010,MWA,IL,AGL,CE,Federal Contract Tower,0,15,1,0,16,0,1,15,4,20,0,16,16,4,36,24,2,26,62
08/19/2010,MWA,IL,AGL,CE,Federal Contract Tower,0,16,5,0,21,0,4,11,2,17,0,20,16,2,38,48,0,48,86
08/20/2010,MWA,IL,AGL,CE,Federal Contract Tower,0,7,2,0,9,0,1,13,2,16,0,8,15,2,25,34,0,34,59
08/21/2010,MWA,IL,AGL,CE,Federal Contract Tower,0,6,0,0,6,0,3,0,0,3,0,9,0,0,9,0,0,0,9
08/22/2010,MWA,IL,AGL,CE,Federal Contract Tower,0,8,0,0,8,0,10,14,0,24,0,18,14,0,32,14,0,14,46
08/23/2010,MWA,IL,AGL,CE,Federal Contract Tower,0,11,6,0,17,0,2,18,0,20,0,13,24,0,37,38,0,38,75
08/24/2010,MWA,IL,AGL,CE,Federal Contract Tower,0,8,0,0,8,0,3,5,1,9,0,11,5,1,17,36,0,36,53
08/25/2010,MWA,IL,AGL,CE,Federal Contract Tower,0,15,0,0,15,0,6,22,0,28,0,21,22,0,43,40,2,42,85
08/26/2010,MWA,IL,AGL,CE,Federal Contract Tower,0,12,0,0,12,0,4,22,1,27,0,16,22,1,39,68,0,68,107
08/27/2010,MWA,IL,AGL,CE,Federal Contract Tower,0,16,4,0,20,0,8,24,7,39,0,24,28,7,59,130,0,130,189
08/28/2010,MWA,IL,AGL,CE,Federal Contract Tower,0,5,3,0,8,0,6,29,0,35,0,11,32,0,43,72,0,72,115
08/29/2010,MWA,IL,AGL,CE,Federal Contract Tower,0,11,0,0,11,0,8,24,0,32,0,19,24,0,43,56,0,56,99
08/30/2010,MWA,IL,AGL,CE,Federal Contract Tower,0,14,2,0,16,0,2,9,2,13,0,16,11,2,29,20,0,20,49
08/31/2010,MWA,IL,AGL,CE,Federal Contract Tower,0,12,1,0,13,0,6,5,1,12,0,18,6,1,25,30,0,30,55
09/01/2010,MWA,IL,AGL,CE,Federal Contract Tower,0,18,2,0,20,0,4,16,6,26,0,22,18,6,46,14,0,14,60
09/02/2010,MWA,IL,AGL,CE,Federal Contract Tower,0,15,0,0,15,0,4,9,1,14,0,19,9,1,29,72,0,72,101
09/03/2010,MWA,IL,AGL,CE,Federal Contract Tower,0,13,4,1,18,0,4,23,4,31,0,17,27,5,49,126,2,128,177
09/04/2010,MWA,IL,AGL,CE,Federal Contract Tower,0,6,1,0,7,0,0,11,0,11,0,6,12,0,18,32,0,32,50
09/05/2010,MWA,IL,AGL,CE,Federal Contract Tower,0,5,5,0,10,0,3,6,0,9,0,8,11,0,19,30,0,30,49
09/06/2010,MWA,IL,AGL,CE,Federal Contract Tower,9,0,0,0,9,0,0,17,0,17,9,0,17,0,26,30,0,30,56
09/07/2010,MWA,IL,AGL,CE,Federal Contract Tower,0,12,0,0,12,0,1,5,3,9,0,13,5,3,21,40,0,40,61
09/08/2010,MWA,IL,AGL,CE,Federal Contract Tower,0,9,6,0,15,0,8,14,10,32,0,17,20,10,47,68,2,70,117
09/09/2010,MWA,IL,AGL,CE,Federal Contract Tower,0,16,2,0,18,0,2,5,3,10,0,18,7,3,28,24,0,24,52
09/10/2010,MWA,IL,AGL,CE,Federal Contract Tower,0,12,5,0,17,0,0,0,0,0,0,12,5,0,17,0,0,0,17
09/11/2010,MWA,IL,AGL,CE,Federal Contract Tower,0,6,1,0,7,0,2,1,0,3,0,8,2,0,10,0,0,0,10
09/12/2010,MWA,IL,AGL,CE,Federal Contract Tower,0,4,1,0,5,0,3,40,0,43,0,7,41,0,48,58,0,58,106
09/13/2010,MWA,IL,AGL,CE,Federal Contract Tower,0,14,2,0,16,0,7,21,0,28,0,21,23,0,44,108,0,108,152
09/14/2010,MWA,IL,AGL,CE,Federal Contract Tower,0,20,1,1,22,0,21,28,3,52,0,41,29,4,74,82,0,82,156
09/15/2010,MWA,IL,AGL,CE,Federal Contract Tower,0,10,3,0,13,0,8,23,12,43,0,18,26,12,56,132,0,132,188
09/16/2010,MWA,IL,AGL,CE,Federal Contract Tower,0,10,2,0,12,0,2,12,0,14,0,12,14,0,26,42,0,42,68
09/17/2010,MWA,IL,AGL,CE,Federal Contract Tower,0,13,0,0,13,0,5,22,2,29,0,18,22,2,42,68,0,68,110
09/18/2010,MWA,IL,AGL,CE,Federal Contract Tower,0,8,0,0,8,0,5,37,2,44,0,13,37,2,52,40,0,40,92
09/19/2010,MWA,IL,AGL,CE,Federal Contract Tower,0,7,0,0,7,0,2,11,0,13,0,9,11,0,20,16,0,16,36
09/20/2010,MWA,IL,AGL,CE,Federal Contract Tower,0,6,13,2,21,0,8,12,4,24,0,14,25,6,45,90,0,90,135
09/21/2010,MWA,IL,AGL,CE,Federal Contract Tower,0,13,0,0,13,0,9,8,4,21,0,22,8,4,34,106,0,106,140
09/22/2010,MWA,IL,AGL,CE,Federal Contract Tower,0,13,1,0,14,0,4,13,0,17,0,17,14,0,31,28,0,28,59
09/23/2010,MWA,IL,AGL,CE,Federal Contract Tower,0,10,2,0,12,0,12,21,5,38,0,22,23,5,50,52,0,52,102
09/24/2010,MWA,IL,AGL,CE,Federal Contract Tower,2,14,1,0,17,0,3,14,0,17,2,17,15,0,34,14,0,14,48
09/25/2010,MWA,IL,AGL,CE,Federal Contract Tower,0,14,5,0,19,0,5,20,0,25,0,19,25,0,44,2,0,2,46
09/26/2010,MWA,IL,AGL,CE,Federal Contract Tower,0,10,4,8,22,0,3,6,0,9,0,13,10,8,31,16,6,22,53
09/27/2010,MWA,IL,AGL,CE,Federal Contract Tower,0,10,2,2,14,0,6,17,0,23,0,16,19,2,37,114,0,114,151
09/28/2010,MWA,IL,AGL,CE,Federal Contract Tower,0,8,1,0,9,0,27,35,2,64,0,35,36,2,73,78,0,78,151
09/29/2010,MWA,IL,AGL,CE,Federal Contract Tower,0,11,0,0,11,0,6,22,0,28,0,17,22,0,39,72,0,72,111
09/30/2010,MWA,IL,AGL,CE,Federal Contract Tower,0,17,0,0,17,0,2,21,5,28,0,19,21,5,45,90,0,90,135
10/01/2010,MWA,IL,AGL,CE,Federal Contract Tower,0,13,0,0,13,0,0,19,0,19,0,13,19,0,32,30,0,30,62
10/02/2010,MWA,IL,AGL,CE,Federal Contract Tower,0,9,0,0,9,0,4,4,0,8,0,13,4,0,17,0,0,0,17
10/03/2010,MWA,IL,AGL,CE,Federal Contract Tower,0,7,0,7,14,0,3,7,12,22,0,10,7,19,36,38,0,38,74
10/04/2010,MWA,IL,AGL,CE,Federal Contract Tower,0,12,1,0,13,0,8,26,0,34,0,20,27,0,47,58,0,58,105
10/05/2010,MWA,IL,AGL,CE,Federal Contract Tower,0,7,6,0,13,0,7,20,2,29,0,14,26,2,42,108,0,108,150
10/06/2010,MWA,IL,AGL,CE,Federal Contract Tower,0,11,1,0,12,0,3,15,4,22,0,14,16,4,34,78,0,78,112
10/07/2010,MWA,IL,AGL,CE,Federal Contract Tower,0,10,1,0,11,0,4,29,5,38,0,14,30,5,49,58,0,58,107
10/08/2010,MWA,IL,AGL,CE,Federal Contract Tower,3,11,3,0,17,0,7,15,0,22,3,18,18,0,39,148,0,148,187
10/09/2010,MWA,IL,AGL,CE,Federal Contract Tower,0,6,2,0,8,0,6,17,0,23,0,12,19,0,31,74,0,74,105
10/10/2010,MWA,IL,AGL,CE,Federal Contract Tower,0,9,2,0,11,0,10,23,2,35,0,19,25,2,46,38,0,38,84
10/11/2010,MWA,IL,AGL,CE,Federal Contract Tower,0,16,4,0,20,0,2,29,0,31,0,18,33,0,51,78,0,78,129
10/12/2010,MWA,IL,AGL,CE,Federal Contract Tower,0,15,1,0,16,0,5,20,1,26,0,20,21,1,42,82,0,82,124
10/13/2010,MWA,IL,AGL,CE,Federal Contract Tower,0,16,0,0,16,0,2,7,0,9,0,18,7,0,25,68,0,68,93
10/14/2010,MWA,IL,AGL,CE,Federal Contract Tower,0,23,3,0,26,0,12,22,2,36,0,35,25,2,62,144,0,144,206
10/15/2010,MWA,IL,AGL,CE,Federal Contract Tower,2,15,8,0,25,0,8,18,8,34,2,23,26,8,59,66,0,66,125
10/16/2010,MWA,IL,AGL,CE,Federal Contract Tower,0,8,2,0,10,0,8,76,0,84,0,16,78,0,94,86,0,86,180
10/17/2010,MWA,IL,AGL,CE,Federal Contract Tower,0,8,3,0,11,0,3,18,0,21,0,11,21,0,32,26,0,26,58
10/18/2010,MWA,IL,AGL,CE,Federal Contract Tower,0,9,21,0,30,0,12,16,0,28,0,21,37,0,58,50,30,80,138
10/19/2010,MWA,IL,AGL,CE,Federal Contract Tower,0,10,2,0,12,0,3,17,0,20,0,13,19,0,32,88,0,88,120
10/20/2010,MWA,IL,AGL,CE,Federal Contract Tower,0,10,0,0,10,0,4,27,0,31,0,14,27,0,41,108,0,108,149
10/21/2010,MWA,IL,AGL,CE,Federal Contract Tower,0,9,0,0,9,0,9,21,2,32,0,18,21,2,41,136,0,136,177
10/22/2010,MWA,IL,AGL,CE,Federal Contract Tower,0,15,0,0,15,0,6,19,0,25,0,21,19,0,40,68,0,68,108
10/23/2010,MWA,IL,AGL,CE,Federal Contract Tower,0,8,0,0,8,0,6,8,20,34,0,14,8,20,42,14,0,14,56
10/24/2010,MWA,IL,AGL,CE,Federal Contract Tower,0,6,0,0,6,0,3,1,0,4,0,9,1,0,10,0,0,0,10
10/25/2010,MWA,IL,AGL,CE,Federal Contract Tower,0,10,0,0,10,0,1,10,1,12,0,11,10,1,22,20,10,30,52
10/26/2010,MWA,IL,AGL,CE,Federal Contract Tower,0,13,1,0,14,0,4,4,0,8,0,17,5,0,22,22,0,22,44
10/27/2010,MWA,IL,AGL,CE,Federal Contract Tower,0,11,0,0,11,0,11,9,0,20,0,22,9,0,31,42,0,42,73
10/28/2010,MWA,IL,AGL,CE,Federal Contract Tower,0,14,3,0,17,0,2,28,0,30,0,16,31,0,47,64,0,64,111
10/29/2010,MWA,IL,AGL,CE,Federal Contract Tower,0,19,3,0,22,0,7,34,0,41,0,26,37,0,63,120,0,120,183
10/30/2010,MWA,IL,AGL,CE,Federal Contract Tower,0,7,4,0,11,0,5,15,0,20,0,12,19,0,31,22,0,22,53
10/31/2010,MWA,IL,AGL,CE,Federal Contract Tower,0,6,3,0,9,0,2,16,0,18,0,8,19,0,27,16,0,16,43
11/01/2010,MWA,IL,AGL,CE,Federal Contract Tower,0,16,10,0,26,0,7,25,0,32,0,23,35,0,58,140,0,140,198
11/02/2010,MWA,IL,AGL,CE,Federal Contract Tower,0,13,1,0,14,0,8,20,0,28,0,21,21,0,42,122,0,122,164
11/03/2010,MWA,IL,AGL,CE,Federal Contract Tower,0,9,0,0,9,0,2,13,0,15,0,11,13,0,24,38,0,38,62
11/04/2010,MWA,IL,AGL,CE,Federal Contract Tower,1,8,5,0,14,0,3,9,0,12,1,11,14,0,26,12,0,12,38
11/05/2010,MWA,IL,AGL,CE,Federal Contract Tower,1,11,2,2,16,0,1,8,1,10,1,12,10,3,26,54,8,62,88
11/06/2010,MWA,IL,AGL,CE,Federal Contract Tower,0,6,0,1,7,0,1,21,0,22,0,7,21,1,29,6,0,6,35
11/07/2010,MWA,IL,AGL,CE,Federal Contract Tower,0,2,2,0,4,0,1,16,0,17,0,3,18,0,21,4,4,8,29
11/08/2010,MWA,IL,AGL,CE,Federal Contract Tower,0,10,0,0,10,0,10,22,0,32,0,20,22,0,42,116,0,116,158
11/09/2010,MWA,IL,AGL,CE,Federal Contract Tower,0,12,6,0,18,0,5,33,2,40,0,17,39,2,58,60,4,64,122
11/10/2010,MWA,IL,AGL,CE,Federal Contract Tower,0,20,3,2,25,0,9,38,0,47,0,29,41,2,72,70,10,80,152
11/11/2010,MWA,IL,AGL,CE,Federal Contract Tower,0,15,2,0,17,0,3,19,0,22,0,18,21,0,39,24,0,24,63
11/12/2010,MWA,IL,AGL,CE,Federal Contract Tower,0,16,1,2,19,0,5,35,0,40,0,21,36,2,59,132,0,132,191
11/13/2010,MWA,IL,AGL,CE,Federal Contract Tower,0,7,7,0,14,0,4,6,0,10,0,11,13,0,24,50,0,50,74
11/14/2010,MWA,IL,AGL,CE,Federal Contract Tower,0,2,1,0,3,0,3,10,0,13,0,5,11,0,16,0,0,0,16
11/15/2010,MWA,IL,AGL,CE,Federal Contract Tower,0,10,1,0,11,0,2,15,0,17,0,12,16,0,28,42,0,42,70
11/16/2010,MWA,IL,AGL,CE,Federal Contract Tower,0,12,1,0,13,0,1,5,0,6,0,13,6,0,19,56,0,56,75
11/17/2010,MWA,IL,AGL,CE,Federal Contract Tower,0,10,8,0,18,0,2,6,2,10,0,12,14,2,28,20,0,20,48
11/18/2010,MWA,IL,AGL,CE,Federal Contract Tower,0,14,9,0,23,0,1,0,0,1,0,15,9,0,24,2,0,2,26
11/19/2010,MWA,IL,AGL,CE,Federal Contract Tower,0,13,2,4,19,0,7,9,4,20,0,20,11,8,39,78,44,122,161
11/20/2010,MWA,IL,AGL,CE,Federal Contract Tower,0,10,0,2,12,0,3,7,0,10,0,13,7,2,22,14,4,18,40
11/21/2010,MWA,IL,AGL,CE,Federal Contract Tower,0,6,1,0,7,0,0,4,0,4,0,6,5,0,11,0,0,0,11
11/22/2010,MWA,IL,AGL,CE,Federal Contract Tower,0,13,2,0,15,0,0,1,0,1,0,13,3,0,16,0,0,0,16
11/23/2010,MWA,IL,AGL,CE,Federal Contract Tower,0,11,1,2,14,0,4,9,0,13,0,15,10,2,27,66,10,76,103
11/24/2010,MWA,IL,AGL,CE,Federal Contract Tower,0,11,1,0,12,0,0,0,0,0,0,11,1,0,12,0,0,0,12
11/25/2010,MWA,IL,AGL,CE,Federal Contract Tower,0,5,0,0,5,0,0,0,0,0,0,5,0,0,5,0,0,0,5
11/26/2010,MWA,IL,AGL,CE,Federal Contract Tower,0,9,0,0,9,0,13,20,0,33,0,22,20,0,42,16,0,16,58
11/27/2010,MWA,IL,AGL,CE,Federal Contract Tower,0,8,2,0,10,0,2,15,0,17,0,10,17,0,27,6,0,6,33
11/28/2010,MWA,IL,AGL,CE,Federal Contract Tower,0,7,1,0,8,0,1,20,0,21,0,8,21,0,29,14,0,14,43
11/29/2010,MWA,IL,AGL,CE,Federal Contract Tower,0,10,1,0,11,0,3,5,0,8,0,13,6,0,19,6,0,6,25
11/30/2010,MWA,IL,AGL,CE,Federal Contract Tower,0,11,1,6,18,0,6,7,0,13,0,17,8,6,31,40,0,40,71
12/01/2010,MWA,IL,AGL,CE,Federal Contract Tower,0,22,4,0,26,0,5,17,0,22,0,27,21,0,48,110,0,110,158
12/02/2010,MWA,IL,AGL,CE,Federal Contract Tower,0,14,1,0,15,0,9,17,2,28,0,23,18,2,43,94,0,94,137
12/03/2010,MWA,IL,AGL,CE,Federal Contract Tower,0,9,0,0,9,0,3,16,0,19,0,12,16,0,28,20,0,20,48
12/04/2010,MWA,IL,AGL,CE,Federal Contract Tower,0,13,1,0,14,0,13,8,0,21,0,26,9,0,35,52,0,52,87
12/05/2010,MWA,IL,AGL,CE,Federal Contract Tower,0,7,3,0,10,0,7,6,0,13,0,14,9,0,23,6,0,6,29
12/06/2010,MWA,IL,AGL,CE,Federal Contract Tower,0,12,3,0,15,0,4,23,0,27,0,16,26,0,42,58,0,58,100
12/07/2010,MWA,IL,AGL,CE,Federal Contract Tower,0,13,2,0,15,0,19,8,0,27,0,32,10,0,42,76,0,76,118
12/08/2010,MWA,IL,AGL,CE,Federal Contract Tower,0,19,5,0,24,0,10,17,0,27,0,29,22,0,51,98,0,98,149
12/09/2010,MWA,IL,AGL,CE,Federal Contract Tower,0,23,1,0,24,0,1,21,0,22,0,24,22,0,46,38,0,38,84
12/10/2010,MWA,IL,AGL,CE,Federal Contract Tower,0,17,3,0,20,0,4,32,0,36,0,21,35,0,56,104,0,104,160
12/11/2010,MWA,IL,AGL,CE,Federal Contract Tower,0,8,1,1,10,0,0,0,3,3,0,8,1,4,13,0,0,0,13
12/12/2010,MWA,IL,AGL,CE,Federal Contract Tower,0,7,0,0,7,0,0,0,0,0,0,7,0,0,7,0,0,0,7
12/13/2010,MWA,IL,AGL,CE,Federal Contract Tower,0,9,3,0,12,0,8,17,0,25,0,17,20,0,37,62,0,62,99
12/14/2010,MWA,IL,AGL,CE,Federal Contract Tower,0,9,1,0,10,0,9,17,0,26,0,18,18,0,36,58,0,58,94
12/15/2010,MWA,IL,AGL,CE,Federal Contract Tower,0,9,2,0,11,0,2,9,0,11,0,11,11,0,22,10,0,10,32
12/16/2010,MWA,IL,AGL,CE,Federal Contract Tower,0,13,0,0,13,0,0,1,0,1,0,13,1,0,14,2,0,2,16
12/17/2010,MWA,IL,AGL,CE,Federal Contract Tower,0,8,1,0,9,0,3,9,0,12,0,11,10,0,21,38,0,38,59
12/18/2010,MWA,IL,AGL,CE,Federal Contract Tower,0,9,2,0,11,0,2,9,0,11,0,11,11,0,22,18,0,18,40
12/19/2010,MWA,IL,AGL,CE,Federal Contract Tower,0,3,4,0,7,0,3,3,0,6,0,6,7,0,13,16,0,16,29
12/20/2010,MWA,IL,AGL,CE,Federal Contract Tower,0,8,4,0,12,0,5,7,0,12,0,13,11,0,24,6,0,6,30
12/21/2010,MWA,IL,AGL,CE,Federal Contract Tower,0,8,0,0,8,0,3,5,0,8,0,11,5,0,16,34,0,34,50
12/22/2010,MWA,IL,AGL,CE,Federal Contract Tower,0,11,3,0,14,0,3,13,0,16,0,14,16,0,30,22,0,22,52
12/23/2010,MWA,IL,AGL,CE,Federal Contract Tower,0,12,0,0,12,0,1,8,0,9,0,13,8,0,21,22,0,22,43
12/24/2010,MWA,IL,AGL,CE,Federal Contract Tower,0,9,0,0,9,0,0,0,0,0,0,9,0,0,9,0,0,0,9
12/25/2010,MWA,IL,AGL,CE,Federal Contract Tower,0,8,0,0,8,0,4,0,0,4,0,12,0,0,12,0,0,0,12
12/26/2010,MWA,IL,AGL,CE,Federal Contract Tower,0,9,0,0,9,0,0,0,0,0,0,9,0,0,9,0,0,0,9
12/27/2010,MWA,IL,AGL,CE,Federal Contract Tower,0,8,0,0,8,0,0,0,0,0,0,8,0,0,8,0,0,0,8
12/28/2010,MWA,IL,AGL,CE,Federal Contract Tower,0,12,0,0,12,0,5,13,0,18,0,17,13,0,30,20,0,20,50
12/29/2010,MWA,IL,AGL,CE,Federal Contract Tower,0,19,1,0,20,0,0,0,0,0,0,19,1,0,20,0,0,0,20
12/30/2010,MWA,IL,AGL,CE,Federal Contract Tower,0,10,0,0,10,0,0,0,0,0,0,10,0,0,10,0,0,0,10
12/31/2010,MWA,IL,AGL,CE,Federal Contract Tower,0,5,0,0,5,0,0,0,0,0,0,5,0,0,5,0,0,0,5
01/01/2011,MWA,IL,AGL,CE,Federal Contract Tower,0,7,0,0,7,0,0,2,0,2,0,7,2,0,9,6,0,6,15
01/02/2011,MWA,IL,AGL,CE,Federal Contract Tower,0,7,7,0,14,0,0,11,0,11,0,7,18,0,25,8,0,8,33
01/03/2011,MWA,IL,AGL,CE,Federal Contract Tower,0,10,0,0,10,0,5,15,0,20,0,15,15,0,30,14,0,14,44
01/04/2011,MWA,IL,AGL,CE,Federal Contract Tower,0,8,0,0,8,0,1,13,0,14,0,9,13,0,22,84,0,84,106
01/05/2011,MWA,IL,AGL,CE,Federal Contract Tower,0,14,2,0,16,0,7,4,2,13,0,21,6,2,29,4,2,6,35
01/06/2011,MWA,IL,AGL,CE,Federal Contract Tower,0,17,2,0,19,0,0,14,1,15,0,17,16,1,34,18,0,18,52
01/07/2011,MWA,IL,AGL,CE,Federal Contract Tower,0,9,0,0,9,0,0,2,0,2,0,9,2,0,11,52,0,52,63
01/08/2011,MWA,IL,AGL,CE,Federal Contract Tower,0,6,0,0,6,0,0,2,0,2,0,6,2,0,8,4,0,4,12
01/09/2011,MWA,IL,AGL,CE,Federal Contract Tower,0,5,1,0,6,0,0,1,0,1,0,5,2,0,7,2,0,2,9
01/10/2011,MWA,IL,AGL,CE,Federal Contract Tower,0,8,1,0,9,0,1,6,0,7,0,9,7,0,16,6,0,6,22
01/11/2011,MWA,IL,AGL,CE,Federal Contract Tower,0,8,0,0,8,0,0,0,0,0,0,8,0,0,8,0,0,0,8
01/12/2011,MWA,IL,AGL,CE,Federal Contract Tower,0,14,0,0,14,0,3,9,0,12,0,17,9,0,26,78,0,78,104
01/13/2011,MWA,IL,AGL,CE,Federal Contract Tower,0,11,5,2,18,0,1,4,0,5,0,12,9,2,23,40,0,40,63
01/14/2011,MWA,IL,AGL,CE,Federal Contract Tower,2,12,1,0,15,0,0,13,0,13,2,12,14,0,28,28,0,28,56
01/15/2011,MWA,IL,AGL,CE,Federal Contract Tower,0,6,0,0,6,0,0,11,0,11,0,6,11,0,17,88,0,88,105
01/16/2011,MWA,IL,AGL,CE,Federal Contract Tower,0,5,0,0,5,0,0,5,0,5,0,5,5,0,10,0,0,0,10
01/17/2011,MWA,IL,AGL,CE,Federal Contract Tower,0,10,0,0,10,0,0,0,0,0,0,10,0,0,10,0,0,0,10
01/18/2011,MWA,IL,AGL,CE,Federal Contract Tower,0,10,0,0,10,0,0,0,0,0,0,10,0,0,10,0,0,0,10
01/19/2011,MWA,IL,AGL,CE,Federal Contract Tower,0,12,0,0,12,0,3,1,2,6,0,15,1,2,18,0,0,0,18
01/20/2011,MWA,IL,AGL,CE,Federal Contract Tower,0,4,0,0,4,0,0,0,0,0,0,4,0,0,4,0,0,0,4
01/21/2011,MWA,IL,AGL,CE,Federal Contract Tower,0,13,0,0,13,0,1,16,0,17,0,14,16,0,30,34,0,34,64
01/22/2011,MWA,IL,AGL,CE,Federal Contract Tower,0,5,0,0,5,0,3,12,0,15,0,8,12,0,20,6,0,6,26
01/23/2011,MWA,IL,AGL,CE,Federal Contract Tower,0,4,0,0,4,0,0,3,0,3,0,4,3,0,7,0,0,0,7
01/24/2011,MWA,IL,AGL,CE,Federal Contract Tower,0,15,0,0,15,0,1,1,0,2,0,16,1,0,17,0,0,0,17
01/25/2011,MWA,IL,AGL,CE,Federal Contract Tower,0,10,0,0,10,0,1,8,0,9,0,11,8,0,19,92,0,92,111
01/26/2011,MWA,IL,AGL,CE,Federal Contract Tower,0,10,1,0,11,0,0,11,0,11,0,10,12,0,22,32,0,32,54
01/27/2011,MWA,IL,AGL,CE,Federal Contract Tower,0,10,0,0,10,0,2,10,1,13,0,12,10,1,23,56,0,56,79
01/28/2011,MWA,IL,AGL,CE,Federal Contract Tower,0,12,0,0,12,0,0,36,0,36,0,12,36,0,48,108,0,108,156
01/29/2011,MWA,IL,AGL,CE,Federal Contract Tower,0,6,2,2,10,0,0,27,0,27,0,6,29,2,37,56,0,56,93
01/30/2011,MWA,IL,AGL,CE,Federal Contract Tower,0,6,0,0,6,0,3,7,0,10,0,9,7,0,16,6,0,6,22
01/31/2011,MWA,IL,AGL,CE,Federal Contract Tower,0,6,0,0,6,0,0,0,0,0,0,6,0,0,6,32,0,32,38
02/01/2011,MWA,IL,AGL,CE,Federal Contract Tower,0,1,0,0,1,0,0,0,0,0,0,1,0,0,1,0,0,0,1
02/02/2011,MWA,IL,AGL,CE,Federal Contract Tower,0,2,0,0,2,0,0,2,0,2,0,2,2,0,4,4,0,4,8
02/03/2011,MWA,IL,AGL,CE,Federal Contract Tower,0,12,1,0,13,0,3,14,0,17,0,15,15,0,30,42,0,42,72
02/04/2011,MWA,IL,AGL,CE,Federal Contract Tower,0,13,2,0,15,0,1,13,0,14,0,14,15,0,29,48,10,58,87
02/05/2011,MWA,IL,AGL,CE,Federal Contract Tower,0,6,0,0,6,0,2,0,0,2,0,8,0,0,8,0,0,0,8
02/06/2011,MWA,IL,AGL,CE,Federal Contract Tower,0,3,0,0,3,0,13,2,0,15,0,16,2,0,18,80,0,80,98
02/07/2011,MWA,IL,AGL,CE,Federal Contract Tower,0,20,0,0,20,0,0,4,0,4,0,20,4,0,24,14,0,14,38
02/08/2011,MWA,IL,AGL,CE,Federal Contract Tower,0,16,0,0,16,0,2,3,0,5,0,18,3,0,21,4,0,4,25
02/09/2011,MWA,IL,AGL,CE,Federal Contract Tower,0,15,0,0,15,0,0,3,0,3,0,15,3,0,18,0,0,0,18
02/10/2011,MWA,IL,AGL,CE,Federal Contract Tower,0,11,0,0,11,0,0,10,0,10,0,11,10,0,21,56,0,56,77
02/11/2011,MWA,IL,AGL,CE,Federal Contract Tower,0,11,2,0,13,0,8,20,0,28,0,19,22,0,41,184,0,184,225
02/12/2011,MWA,IL,AGL,CE,Federal Contract Tower,0,8,0,0,8,0,5,25,7,37,0,13,25,7,45,116,0,116,161
02/13/2011,MWA,IL,AGL,CE,Federal Contract Tower,0,3,0,0,3,0,2,13,0,15,0,5,13,0,18,6,0,6,24
02/14/2011,MWA,IL,AGL,CE,Federal Contract Tower,0,10,2,0,12,0,1,21,0,22,0,11,23,0,34,86,0,86,120
02/15/2011,MWA,IL,AGL,CE,Federal Contract Tower,0,11,0,0,11,0,5,24,0,29,0,16,24,0,40,96,0,96,136
02/16/2011,MWA,IL,AGL,CE,Federal Contract Tower,0,12,0,0,12,0,1,10,0,11,0,13,10,0,23,106,0,106,129
02/17/2011,MWA,IL,AGL,CE,Federal Contract Tower,0,12,0,0,12,0,5,7,0,12,0,17,7,0,24,8,0,8,32
02/18/2011,MWA,IL,AGL,CE,Federal Contract Tower,0,15,3,0,18,0,7,18,0,25,0,22,21,0,43,166,0,166,209
02/19/2011,MWA,IL,AGL,CE,Federal Contract Tower,0,9,1,0,10,0,0,11,0,11,0,9,12,0,21,8,0,8,29
02/20/2011,MWA,IL,AGL,CE,Federal Contract Tower,0,6,0,0,6,0,2,8,0,10,0,8,8,0,16,42,0,42,58
02/21/2011,MWA,IL,AGL,CE,Federal Contract Tower,0,14,0,0,14,0,0,1,0,1,0,14,1,0,15,10,0,10,25
02/22/2011,MWA,IL,AGL,CE,Federal Contract Tower,0,11,1,0,12,0,1,15,0,16,0,12,16,0,28,84,0,84,112
02/23/2011,MWA,IL,AGL,CE,Federal Contract Tower,0,21,0,0,21,0,4,9,0,13,0,25,9,0,34,44,0,44,78
02/24/2011,MWA,IL,AGL,CE,Federal Contract Tower,0,14,0,0,14,0,0,0,0,0,0,14,0,0,14,2,0,2,16
02/25/2011,MWA,IL,AGL,CE,Federal Contract Tower,0,12,4,0,16,0,2,6,0,8,0,14,10,0,24,34,0,34,58
02/26/2011,MWA,IL,AGL,CE,Federal Contract Tower,0,6,0,0,6,0,4,26,0,30,0,10,26,0,36,36,0,36,72
02/27/2011,MWA,IL,AGL,CE,Federal Contract Tower,0,4,1,0,5,0,1,3,3,7,0,5,4,3,12,0,0,0,12
02/28/2011,MWA,IL,AGL,CE,Federal Contract Tower,0,14,6,0,20,0,0,16,2,18,0,14,22,2,38,34,0,34,72
03/01/2011,MWA,IL,AGL,CE,Federal Contract Tower,0,8,0,2,10,0,5,24,1,30,0,13,24,3,40,128,22,150,190
03/02/2011,MWA,IL,AGL,CE,Federal Contract Tower,0,19,2,0,21,0,7,35,1,43,0,26,37,1,64,142,0,142,206
03/03/2011,MWA,IL,AGL,CE,Federal Contract Tower,0,9,2,0,11,0,3,35,2,40,0,12,37,2,51,110,0,110,161
03/04/2011,MWA,IL,AGL,CE,Federal Contract Tower,0,9,2,0,11,0,0,2,0,2,0,9,4,0,13,2,0,2,15
03/05/2011,MWA,IL,AGL,CE,Federal Contract Tower,0,8,2,0,10,0,0,1,0,1,0,8,3,0,11,2,0,2,13
03/06/2011,MWA,IL,AGL,CE,Federal Contract Tower,0,3,1,0,4,0,0,1,0,1,0,3,2,0,5,0,0,0,5
03/07/2011,MWA,IL,AGL,CE,Federal Contract Tower,0,10,0,0,10,0,6,10,0,16,0,16,10,0,26,130,0,130,156
03/08/2011,MWA,IL,AGL,CE,Federal Contract Tower,0,8,2,0,10,0,0,8,0,8,0,8,10,0,18,46,0,46,64
03/09/2011,MWA,IL,AGL,CE,Federal Contract Tower,0,10,2,0,12,0,0,0,0,0,0,10,2,0,12,0,0,0,12
03/10/2011,MWA,IL,AGL,CE,Federal Contract Tower,0,8,0,0,8,0,0,3,0,3,0,8,3,0,11,12,0,12,23
03/11/2011,MWA,IL,AGL,CE,Federal Contract Tower,0,9,6,0,15,0,3,25,0,28,0,12,31,0,43,74,0,74,117
03/12/2011,MWA,IL,AGL,CE,Federal Contract Tower,0,6,0,0,6,0,3,17,0,20,0,9,17,0,26,24,0,24,50
03/13/2011,MWA,IL,AGL,CE,Federal Contract Tower,0,4,0,0,4,0,3,11,0,14,0,7,11,0,18,30,0,30,48
03/14/2011,MWA,IL,AGL,CE,Federal Contract Tower,0,11,0,0,11,0,0,0,0,0,0,11,0,0,11,0,0,0,11
03/15/2011,MWA,IL,AGL,CE,Federal Contract Tower,0,11,0,0,11,0,0,2,0,2,0,11,2,0,13,6,0,6,19
03/16/2011,MWA,IL,AGL,CE,Federal Contract Tower,0,15,4,0,19,0,5,18,0,23,0,20,22,0,42,97,0,97,139
03/17/2011,MWA,IL,AGL,CE,Federal Contract Tower,0,9,1,0,10,0,5,12,0,17,0,14,13,0,27,16,0,16,43
03/18/2011,MWA,IL,AGL,CE,Federal Contract Tower,0,12,0,0,12,0,0,9,0,9,0,12,9,0,21,30,0,30,51
03/19/2011,MWA,IL,AGL,CE,Federal Contract Tower,0,8,2,0,10,0,4,18,0,22,0,12,20,0,32,78,0,78,110
03/20/2011,MWA,IL,AGL,CE,Federal Contract Tower,0,3,1,0,4,0,11,11,0,22,0,14,12,0,26,12,0,12,38
03/21/2011,MWA,IL,AGL,CE,Federal Contract Tower,0,15,1,0,16,0,2,30,0,32,0,17,31,0,48,62,0,62,110
03/22/2011,MWA,IL,AGL,CE,Federal Contract Tower,0,10,0,0,10,0,1,12,0,13,0,11,12,0,23,20,0,20,43
03/23/2011,MWA,IL,AGL,CE,Federal Contract Tower,0,16,2,0,18,0,0,11,0,11,0,16,13,0,29,42,0,42,71
03/24/2011,MWA,IL,AGL,CE,Federal Contract Tower,11,0,0,0,11,0,2,6,0,8,11,2,6,0,19,56,0,56,75
03/25/2011,MWA,IL,AGL,CE,Federal Contract Tower,0,15,0,0,15,0,2,4,0,6,0,17,4,0,21,0,0,0,21
03/26/2011,MWA,IL,AGL,CE,Federal Contract Tower,0,5,1,0,6,0,0,0,0,0,0,5,1,0,6,2,0,2,8
03/27/2011,MWA,IL,AGL,CE,Federal Contract Tower,0,5,1,0,6,0,6,13,0,19,0,11,14,0,25,36,0,36,61
03/28/2011,MWA,IL,AGL,CE,Federal Contract Tower,0,16,0,0,16,0,5,27,0,32,0,21,27,0,48,66,0,66,114
03/29/2011,MWA,IL,AGL,CE,Federal Contract Tower,0,11,0,0,11,0,1,11,0,12,0,12,11,0,23,90,0,90,113
03/30/2011,MWA,IL,AGL,CE,Federal Contract Tower,0,16,1,0,17,0,0,10,0,10,0,16,11,0,27,34,0,34,61
03/31/2011,MWA,IL,AGL,CE,Federal Contract Tower,0,14,0,2,16,0,9,17,2,28,0,23,17,4,44,168,16,184,228
04/01/2011,MWA,IL,AGL,CE,Federal Contract Tower,0,10,1,0,11,0,12,4,0,16,0,22,5,0,27,70,0,70,97
04/02/2011,MWA,IL,AGL,CE,Federal Contract Tower,0,7,6,0,13,0,4,18,4,26,0,11,24,4,39,10,0,10,49
04/03/2011,MWA,IL,AGL,CE,Federal Contract Tower,0,6,0,0,6,0,2,3,4,9,0,8,3,4,15,0,0,0,15
04/04/2011,MWA,IL,AGL,CE,Federal Contract Tower,2,9,0,0,11,0,5,0,0,5,2,14,0,0,16,0,0,0,16
04/05/2011,MWA,IL,AGL,CE,Federal Contract Tower,0,15,0,1,16,0,5,13,2,20,0,20,13,3,36,76,32,108,144
04/06/2011,MWA,IL,AGL,CE,Federal Contract Tower,0,20,0,2,22,0,17,2,2,21,0,37,2,4,43,26,28,54,97
04/07/2011,MWA,IL,AGL,CE,Federal Contract Tower,0,11,0,6,17,0,11,11,0,22,0,22,11,6,39,124,0,124,163
04/08/2011,MWA,IL,AGL,CE,Federal Contract Tower,0,11,0,2,13,0,5,22,3,30,0,16,22,5,43,108,2,110,153
04/09/2011,MWA,IL,AGL,CE,Federal Contract Tower,0,8,0,0,8,0,0,15,2,17,0,8,15,2,25,4,0,4,29
04/10/2011,MWA,IL,AGL,CE,Federal Contract Tower,0,4,0,0,4,0,0,1,4,5,0,4,1,4,9,0,0,0,9
04/11/2011,MWA,IL,AGL,CE,Federal Contract Tower,0,10,6,0,16,0,0,1,0,1,0,10,7,0,17,6,0,6,23
04/12/2011,MWA,IL,AGL,CE,Federal Contract Tower,0,11,1,0,12,0,9,8,0,17,0,20,9,0,29,102,0,102,131
04/13/2011,MWA,IL,AGL,CE,Federal Contract Tower,0,17,1,4,22,0,8,24,2,34,0,25,25,6,56,74,4,78,134
04/14/2011,MWA,IL,AGL,CE,Federal Contract Tower,0,8,1,0,9,0,2,19,0,21,0,10,20,0,30,56,0,56,86
04/15/2011,MWA,IL,AGL,CE,Federal Contract Tower,0,14,1,0,15,0,0,1,0,1,0,14,2,0,16,0,0,0,16
04/16/2011,MWA,IL,AGL,CE,Federal Contract Tower,0,9,1,0,10,0,0,2,0,2,0,9,3,0,12,0,0,0,12
04/17/2011,MWA,IL,AGL,CE,Federal Contract Tower,0,3,5,0,8,0,0,8,6,14,0,3,13,6,22,22,0,22,44
04/18/2011,MWA,IL,AGL,CE,Federal Contract Tower,0,16,2,1,19,0,4,4,0,8,0,20,6,1,27,102,2,104,131
04/19/2011,MWA,IL,AGL,CE,Federal Contract Tower,0,10,0,0,10,0,1,1,0,2,0,11,1,0,12,0,0,0,12
04/20/2011,MWA,IL,AGL,CE,Federal Contract Tower,0,17,1,0,18,0,0,3,0,3,0,17,4,0,21,24,0,24,45
04/21/2011,MWA,IL,AGL,CE,Federal Contract Tower,0,10,2,0,12,0,12,20,2,34,0,22,22,2,46,72,0,72,118
04/22/2011,MWA,IL,AGL,CE,Federal Contract Tower,0,9,2,0,11,0,0,0,0,0,0,9,2,0,11,0,0,0,11
04/23/2011,MWA,IL,AGL,CE,Federal Contract Tower,0,0,1,0,1,0,0,0,0,0,0,0,1,0,1,0,0,0,1
04/24/2011,MWA,IL,AGL,CE,Federal Contract Tower,0,1,1,0,2,0,0,0,0,0,0,1,1,0,2,0,0,0,2
04/25/2011,MWA,IL,AGL,CE,Federal Contract Tower,0,10,3,0,13,0,0,0,0,0,0,10,3,0,13,0,0,0,13
04/26/2011,MWA,IL,AGL,CE,Federal Contract Tower,0,15,1,0,16,0,2,6,0,8,0,17,7,0,24,14,0,14,38
04/27/2011,MWA,IL,AGL,CE,Federal Contract Tower,0,17,0,0,17,0,1,0,0,1,0,18,0,0,18,0,8,8,26
04/28/2011,MWA,IL,AGL,CE,Federal Contract Tower,0,20,1,1,22,0,21,28,1,50,0,41,29,2,72,68,2,70,142
04/29/2011,MWA,IL,AGL,CE,Federal Contract Tower,0,12,2,1,15,0,21,33,1,55,0,33,35,2,70,80,0,80,150
04/30/2011,MWA,IL,AGL,CE,Federal Contract Tower,0,5,3,1,9,0,5,0,11,16,0,10,3,12,25,8,0,8,33
05/01/2011,MWA,IL,AGL,CE,Federal Contract Tower,0,9,2,1,12,0,4,0,0,4,0,13,2,1,16,0,0,0,16
05/02/2011,MWA,IL,AGL,CE,Federal Contract Tower,0,18,0,0,18,0,2,1,0,3,0,20,1,0,21,0,0,0,21
05/03/2011,MWA,IL,AGL,CE,Federal Contract Tower,0,10,2,1,13,0,8,23,1,32,0,18,25,2,45,26,2,28,73
05/04/2011,MWA,IL,AGL,CE,Federal Contract Tower,0,22,1,1,24,0,7,27,1,35,0,29,28,2,59,52,2,54,113
05/05/2011,MWA,IL,AGL,CE,Federal Contract Tower,0,12,1,0,13,0,2,23,0,25,0,14,24,0,38,62,0,62,100
05/06/2011,MWA,IL,AGL,CE,Federal Contract Tower,0,11,4,0,15,0,7,28,2,37,0,18,32,2,52,114,8,122,174
05/07/2011,MWA,IL,AGL,CE,Federal Contract Tower,0,7,2,0,9,0,7,8,4,19,0,14,10,4,28,0,0,0,28
05/08/2011,MWA,IL,AGL,CE,Federal Contract Tower,0,3,2,0,5,0,4,20,2,26,0,7,22,2,31,2,0,2,33
05/09/2011,MWA,IL,AGL,CE,Federal Contract Tower,0,10,2,0,12,0,4,15,7,26,0,14,17,7,38,52,0,52,90
05/10/2011,MWA,IL,AGL,CE,Federal Contract Tower,0,14,2,0,16,0,2,13,0,15,0,16,15,0,31,36,0,36,67
05/11/2011,MWA,IL,AGL,CE,Federal Contract Tower,0,20,11,0,31,0,1,23,0,24,0,21,34,0,55,42,0,42,97
05/12/2011,MWA,IL,AGL,CE,Federal Contract Tower,0,14,3,0,17,0,1,13,0,14,0,15,16,0,31,88,0,88,119
05/13/2011,MWA,IL,AGL,CE,Federal Contract Tower,0,11,0,0,11,0,2,8,2,12,0,13,8,2,23,22,0,22,45
05/14/2011,MWA,IL,AGL,CE,Federal Contract Tower,0,6,0,0,6,0,0,0,0,0,0,6,0,0,6,0,0,0,6
05/15/2011,MWA,IL,AGL,CE,Federal Contract Tower,0,7,0,0,7,0,0,0,4,4,0,7,0,4,11,0,0,0,11
05/16/2011,MWA,IL,AGL,CE,Federal Contract Tower,0,12,3,0,15,0,1,18,0,19,0,13,21,0,34,34,0,34,68
05/17/2011,MWA,IL,AGL,CE,Federal Contract Tower,0,20,6,0,26,0,2,24,2,28,0,22,30,2,54,64,0,64,118
05/18/2011,MWA,IL,AGL,CE,Federal Contract Tower,0,21,3,0,24,0,2,14,5,21,0,23,17,5,45,56,0,56,101
05/19/2011,MWA,IL,AGL,CE,Federal Contract Tower,0,16,0,2,18,0,1,10,1,12,0,17,10,3,30,0,0,0,30
05/20/2011,MWA,IL,AGL,CE,Federal Contract Tower,0,10,2,0,12,0,5,10,0,15,0,15,12,0,27,8,0,8,35
05/21/2011,MWA,IL,AGL,CE,Federal Contract Tower,0,10,4,0,14,0,6,21,0,27,0,16,25,0,41,16,0,16,57
05/22/2011,MWA,IL,AGL,CE,Federal Contract Tower,0,3,1,0,4,0,0,1,0,1,0,3,2,0,5,0,0,0,5
05/23/2011,MWA,IL,AGL,CE,Federal Contract Tower,0,16,0,0,16,0,2,5,0,7,0,18,5,0,23,18,0,18,41
05/24/2011,MWA,IL,AGL,CE,Federal Contract Tower,0,14,1,0,15,0,6,3,0,9,0,20,4,0,24,0,0,0,24
05/25/2011,MWA,IL,AGL,CE,Federal Contract Tower,0,8,3,0,11,0,2,4,1,7,0,10,7,1,18,0,0,0,18
05/26/2011,MWA,IL,AGL,CE,Federal Contract Tower,0,13,0,0,13,0,1,1,0,2,0,14,1,0,15,0,0,0,15
05/27/2011,MWA,IL,AGL,CE,Federal Contract Tower,0,13,4,0,17,0,4,17,0,21,0,17,21,0,38,54,0,54,92
05/28/2011,MWA,IL,AGL,CE,Federal Contract Tower,0,10,1,0,11,0,3,11,0,14,0,13,12,0,25,30,0,30,55
05/29/2011,MWA,IL,AGL,CE,Federal Contract Tower,0,5,4,0,9,0,0,6,0,6,0,5,10,0,15,0,0,0,15
05/30/2011,MWA,IL,AGL,CE,Federal Contract Tower,0,16,1,0,17,0,4,3,0,7,0,20,4,0,24,2,0,2,26
05/31/2011,MWA,IL,AGL,CE,Federal Contract Tower,0,12,0,0,12,0,10,5,0,15,0,22,5,0,27,26,0,26,53
06/01/2011,MWA,IL,AGL,CE,Federal Contract Tower,0,15,0,1,16,0,4,17,0,21,0,19,17,1,37,28,10,38,75
06/02/2011,MWA,IL,AGL,CE,Federal Contract Tower,0,17,0,0,17,0,8,14,2,24,0,25,14,2,41,18,0,18,59
06/03/2011,MWA,IL,AGL,CE,Federal Contract Tower,0,11,0,2,13,0,1,13,1,15,0,12,13,3,28,4,0,4,32
06/04/2011,MWA,IL,AGL,CE,Federal Contract Tower,0,9,3,0,12,0,0,13,0,13,0,9,16,0,25,2,0,2,27
06/05/2011,MWA,IL,AGL,CE,Federal Contract Tower,0,5,0,4,9,0,2,0,0,2,0,7,0,4,11,0,8,8,19
06/06/2011,MWA,IL,AGL,CE,Federal Contract Tower,0,14,0,6,20,0,10,8,9,27,0,24,8,15,47,8,8,16,63
06/07/2011,MWA,IL,AGL,CE,Federal Contract Tower,0,11,0,1,12,0,8,11,3,22,0,19,11,4,34,10,2,12,46
06/08/2011,MWA,IL,AGL,CE,Federal Contract Tower,0,14,1,0,15,0,2,10,2,14,0,16,11,2,29,2,0,2,31
06/09/2011,MWA,IL,AGL,CE,Federal Contract Tower,0,20,7,0,27,0,0,28,1,29,0,20,35,1,56,58,0,58,114
06/10/2011,MWA,IL,AGL,CE,Federal Contract Tower,0,16,2,0,18,0,0,10,0,10,0,16,12,0,28,18,0,18,46
06/11/2011,MWA,IL,AGL,CE,Federal Contract Tower,0,7,0,0,7,0,3,2,0,5,0,10,2,0,12,0,0,0,12
06/12/2011,MWA,IL,AGL,CE,Federal Contract Tower,0,6,6,0,12,0,4,13,0,17,0,10,19,0,29,0,0,0,29
06/13/2011,MWA,IL,AGL,CE,Federal Contract Tower,0,11,1,0,12,0,0,3,0,3,0,11,4,0,15,10,0,10,25
06/14/2011,MWA,IL,AGL,CE,Federal Contract Tower,0,14,0,3,17,0,2,4,0,6,0,16,4,3,23,4,4,8,31
06/15/2011,MWA,IL,AGL,CE,Federal Contract Tower,0,21,0,0,21,0,1,9,0,10,0,22,9,0,31,6,0,6,37
06/16/2011,MWA,IL,AGL,CE,Federal Contract Tower,0,13,1,0,14,0,1,20,0,21,0,14,21,0,35,26,0,26,61
06/17/2011,MWA,IL,AGL,CE,Federal Contract Tower,0,10,1,0,11,0,5,3,0,8,0,15,4,0,19,8,0,8,27
06/18/2011,MWA,IL,AGL,CE,Federal Contract Tower,0,6,1,0,7,0,7,3,1,11,0,13,4,1,18,4,0,4,22
06/19/2011,MWA,IL,AGL,CE,Federal Contract Tower,0,7,2,0,9,0,1,10,0,11,0,8,12,0,20,14,0,14,34
06/20/2011,MWA,IL,AGL,CE,Federal Contract Tower,0,15,0,0,15,0,20,5,4,29,0,35,5,4,44,52,0,52,96
06/21/2011,MWA,IL,AGL,CE,Federal Contract Tower,0,11,0,0,11,0,4,11,0,15,0,15,11,0,26,10,0,10,36
06/22/2011,MWA,IL,AGL,CE,Federal Contract Tower,0,18,2,2,22,0,0,9,0,9,0,18,11,2,31,36,8,44,75
06/23/2011,MWA,IL,AGL,CE,Federal Contract Tower,0,13,0,0,13,0,2,8,4,14,0,15,8,4,27,122,0,122,149
06/24/2011,MWA,IL,AGL,CE,Federal Contract Tower,0,14,0,0,14,0,3,17,13,33,0,17,17,13,47,40,0,40,87
06/25/2011,MWA,IL,AGL,CE,Federal Contract Tower,0,11,0,5,16,0,2,1,1,4,0,13,1,6,20,0,6,6,26
06/26/2011,MWA,IL,AGL,CE,Federal Contract Tower,0,3,0,4,7,0,0,3,1,4,0,3,3,5,11,0,12,12,23
06/27/2011,MWA,IL,AGL,CE,Federal Contract Tower,0,9,0,0,9,0,0,6,0,6,0,9,6,0,15,10,0,10,25
06/28/2011,MWA,IL,AGL,CE,Federal Contract Tower,0,17,0,2,19,0,5,11,0,16,0,22,11,2,35,22,20,42,77
06/29/2011,MWA,IL,AGL,CE,Federal Contract Tower,0,24,6,0,30,0,0,24,0,24,0,24,30,0,54,38,2,40,94
06/30/2011,MWA,IL,AGL,CE,Federal Contract Tower,0,13,2,0,15,0,1,21,4,26,0,14,23,4,41,52,0,52,93
07/01/2011,MWA,IL,AGL,CE,Federal Contract Tower,0,11,1,0,12,0,11,4,2,17,0,22,5,2,29,12,0,12,41
07/02/2011,MWA,IL,AGL,CE,Federal Contract Tower,0,7,0,0,7,0,26,21,0,47,0,33,21,0,54,16,0,16,70
07/03/2011,MWA,IL,AGL,CE,Federal Contract Tower,0,4,0,0,4,0,0,7,0,7,0,4,7,0,11,4,0,4,15
07/04/2011,MWA,IL,AGL,CE,Federal Contract Tower,0,10,1,0,11,0,0,4,0,4,0,10,5,0,15,4,0,4,19
07/05/2011,MWA,IL,AGL,CE,Federal Contract Tower,0,10,0,0,10,0,5,9,0,14,0,15,9,0,24,60,0,60,84
07/06/2011,MWA,IL,AGL,CE,Federal Contract Tower,0,18,0,0,18,0,7,13,4,24,0,25,13,4,42,64,0,64,106
07/07/2011,MWA,IL,AGL,CE,Federal Contract Tower,0,12,0,0,12,0,1,8,4,13,0,13,8,4,25,44,0,44,69
07/08/2011,MWA,IL,AGL,CE,Federal Contract Tower,0,9,2,0,11,0,3,8,0,11,0,12,10,0,22,42,0,42,64
07/09/2011,MWA,IL,AGL,CE,Federal Contract Tower,0,8,1,0,9,0,3,17,2,22,0,11,18,2,31,44,0,44,75
07/10/2011,MWA,IL,AGL,CE,Federal Contract Tower,0,8,4,0,12,0,0,14,0,14,0,8,18,0,26,0,0,0,26
07/11/2011,MWA,IL,AGL,CE,Federal Contract Tower,0,9,1,2,12,0,10,6,0,16,0,19,7,2,28,4,6,10,38
07/12/2011,MWA,IL,AGL,CE,Federal Contract Tower,0,15,2,0,17,0,1,2,0,3,0,16,4,0,20,10,0,10,30
07/13/2011,MWA,IL,AGL,CE,Federal Contract Tower,0,19,4,2,25,0,0,2,0,2,0,19,6,2,27,2,0,2,29
07/14/2011,MWA,IL,AGL,CE,Federal Contract Tower,0,13,1,7,21,0,0,13,3,16,0,13,14,10,37,18,22,40,77
07/15/2011,MWA,IL,AGL,CE,Federal Contract Tower,0,13,0,14,27,0,3,16,7,26,0,16,16,21,53,28,14,42,95
07/16/2011,MWA,IL,AGL,CE,Federal Contract Tower,0,7,4,2,13,0,0,26,8,34,0,7,30,10,47,54,0,54,101
07/17/2011,MWA,IL,AGL,CE,Federal Contract Tower,0,4,2,0,6,0,3,5,1,9,0,7,7,1,15,8,0,8,23
07/18/2011,MWA,IL,AGL,CE,Federal Contract Tower,0,11,0,0,11,0,6,7,0,13,0,17,7,0,24,18,0,18,42
07/19/2011,MWA,IL,AGL,CE,Federal Contract Tower,0,10,0,0,10,0,3,10,5,18,0,13,10,5,28,20,0,20,48
07/20/2011,MWA,IL,AGL,CE,Federal Contract Tower,0,16,0,2,18,0,4,26,2,32,0,20,26,4,50,12,0,12,62
07/21/2011,MWA,IL,AGL,CE,Federal Contract Tower,0,15,1,0,16,0,2,10,2,14,0,17,11,2,30,24,0,24,54
07/22/2011,MWA,IL,AGL,CE,Federal Contract Tower,0,9,0,1,10,0,0,4,2,6,0,9,4,3,16,28,0,28,44
07/23/2011,MWA,IL,AGL,CE,Federal Contract Tower,0,6,0,0,6,0,5,9,0,14,0,11,9,0,20,72,0,72,92
07/24/2011,MWA,IL,AGL,CE,Federal Contract Tower,0,5,1,2,8,0,3,7,0,10,0,8,8,2,18,24,0,24,42
07/25/2011,MWA,IL,AGL,CE,Federal Contract Tower,0,16,0,2,18,0,4,15,1,20,0,20,15,3,38,0,2,2,40
07/26/2011,MWA,IL,AGL,CE,Federal Contract Tower,0,8,5,2,15,0,4,10,8,22,0,12,15,10,37,32,22,54,91
07/27/2011,MWA,IL,AGL,CE,Federal Contract Tower,0,17,2,4,23,0,0,20,5,25,0,17,22,9,48,23,22,45,93
07/28/2011,MWA,IL,AGL,CE,Federal Contract Tower,0,15,2,0,17,0,0,16,4,20,0,15,18,4,37,20,0,20,57
07/29/2011,MWA,IL,AGL,CE,Federal Contract Tower,0,14,0,2,16,0,1,7,2,10,0,15,7,4,26,46,0,46,72
07/30/2011,MWA,IL,AGL,CE,Federal Contract Tower,0,6,2,0,8,0,3,13,0,16,0,9,15,0,24,0,0,0,24
07/31/2011,MWA,IL,AGL,CE,Federal Contract Tower,0,3,3,0,6,0,1,9,0,10,0,4,12,0,16,8,0,8,24
08/01/2011,MWA,IL,AGL,CE,Federal Contract Tower,0,13,1,6,20,0,4,17,14,35,0,17,18,20,55,14,10,24,79
08/02/2011,MWA,IL,AGL,CE,Federal Contract Tower,0,9,4,0,13,0,8,26,16,50,0,17,30,16,63,16,8,24,87
08/03/2011,MWA,IL,AGL,CE,Federal Contract Tower,0,14,2,0,16,0,7,15,18,40,0,21,17,18,56,2,0,2,58
08/04/2011,MWA,IL,AGL,CE,Federal Contract Tower,0,11,1,1,13,0,11,9,10,30,0,22,10,11,43,14,2,16,59
08/05/2011,MWA,IL,AGL,CE,Federal Contract Tower,0,16,0,0,16,0,7,4,0,11,0,23,4,0,27,16,0,16,43
08/06/2011,MWA,IL,AGL,CE,Federal Contract Tower,0,9,4,0,13,0,0,3,0,3,0,9,7,0,16,6,0,6,22
08/07/2011,MWA,IL,AGL,CE,Federal Contract Tower,0,9,3,0,12,0,1,8,0,9,0,10,11,0,21,0,0,0,21
08/08/2011,MWA,IL,AGL,CE,Federal Contract Tower,0,11,2,0,13,0,0,2,0,2,0,11,4,0,15,0,0,0,15
08/09/2011,MWA,IL,AGL,CE,Federal Contract Tower,0,21,11,2,34,0,2,21,2,25,0,23,32,4,59,24,0,24,83
08/10/2011,MWA,IL,AGL,CE,Federal Contract Tower,0,23,2,0,25,0,4,21,2,27,0,27,23,2,52,82,0,82,134
08/11/2011,MWA,IL,AGL,CE,Federal Contract Tower,0,16,3,0,19,0,10,29,2,41,0,26,32,2,60,36,0,36,96
08/12/2011,MWA,IL,AGL,CE,Federal Contract Tower,0,13,1,0,14,0,3,26,0,29,0,16,27,0,43,18,0,18,61
08/13/2011,MWA,IL,AGL,CE,Federal Contract Tower,0,6,0,0,6,0,5,13,0,18,0,11,13,0,24,10,0,10,34
08/14/2011,MWA,IL,AGL,CE,Federal Contract Tower,0,8,5,0,13,0,0,5,0,5,0,8,10,0,18,0,0,0,18
08/15/2011,MWA,IL,AGL,CE,Federal Contract Tower,0,11,0,0,11,0,0,9,0,9,0,11,9,0,20,2,0,2,22
08/16/2011,MWA,IL,AGL,CE,Federal Contract Tower,0,9,1,0,10,0,11,10,4,25,0,20,11,4,35,0,0,0,35
08/17/2011,MWA,IL,AGL,CE,Federal Contract Tower,0,12,0,0,12,0,9,15,2,26,0,21,15,2,38,104,0,104,142
08/18/2011,MWA,IL,AGL,CE,Federal Contract Tower,0,10,0,0,10,0,4,5,2,11,0,14,5,2,21,52,0,52,73
08/19/2011,MWA,IL,AGL,CE,Federal Contract Tower,0,12,0,0,12,0,0,12,0,12,0,12,12,0,24,22,0,22,46
08/20/2011,MWA,IL,AGL,CE,Federal Contract Tower,0,7,1,0,8,0,0,8,0,8,0,7,9,0,16,0,0,0,16
08/21/2011,MWA,IL,AGL,CE,Federal Contract Tower,0,4,3,0,7,0,0,8,0,8,0,4,11,0,15,12,0,12,27
08/22/2011,MWA,IL,AGL,CE,Federal Contract Tower,0,12,2,0,14,0,8,8,0,16,0,20,10,0,30,42,0,42,72
08/23/2011,MWA,IL,AGL,CE,Federal Contract Tower,0,13,0,0,13,0,10,10,2,22,0,23,10,2,35,46,0,46,81
08/24/2011,MWA,IL,AGL,CE,Federal Contract Tower,0,10,3,0,13,0,2,9,3,14,0,12,12,3,27,32,0,32,59
08/25/2011,MWA,IL,AGL,CE,Federal Contract Tower,0,15,0,0,15,0,4,14,2,20,0,19,14,2,35,50,0,50,85
08/26/2011,MWA,IL,AGL,CE,Federal Contract Tower,0,13,3,0,16,0,6,25,3,34,0,19,28,3,50,24,0,24,74
08/27/2011,MWA,IL,AGL,CE,Federal Contract Tower,0,10,3,0,13,0,1,21,0,22,0,11,24,0,35,30,0,30,65
08/28/2011,MWA,IL,AGL,CE,Federal Contract Tower,0,4,0,1,5,0,17,17,3,37,0,21,17,4,42,50,0,50,92
08/29/2011,MWA,IL,AGL,CE,Federal Contract Tower,0,17,0,0,17,0,5,7,8,20,0,22,7,8,37,56,0,56,93
08/30/2011,MWA,IL,AGL,CE,Federal Contract Tower,0,11,2,0,13,0,3,19,2,24,0,14,21,2,37,36,0,36,73
08/31/2011,MWA,IL,AGL,CE,Federal Contract Tower,0,15,0,0,15,0,2,19,0,21,0,17,19,0,36,26,0,26,62
09/01/2011,MWA,IL,AGL,CE,Federal Contract Tower,0,20,2,0,22,0,0,25,0,25,0,20,27,0,47,50,0,50,97
09/02/2011,MWA,IL,AGL,CE,Federal Contract Tower,0,16,3,0,19,0,0,23,1,24,0,16,26,1,43,20,0,20,63
09/03/2011,MWA,IL,AGL,CE,Federal Contract Tower,0,6,0,0,6,0,1,12,0,13,0,7,12,0,19,48,0,48,67
09/04/2011,MWA,IL,AGL,CE,Federal Contract Tower,0,4,0,0,4,0,0,0,0,0,0,4,0,0,4,0,0,0,4
09/05/2011,MWA,IL,AGL,CE,Federal Contract Tower,0,8,1,4,13,0,0,10,0,10,0,8,11,4,23,0,0,0,23
09/06/2011,MWA,IL,AGL,CE,Federal Contract Tower,0,11,0,0,11,0,4,10,4,18,0,15,10,4,29,12,0,12,41
09/07/2011,MWA,IL,AGL,CE,Federal Contract Tower,0,16,0,0,16,0,1,11,3,15,0,17,11,3,31,38,0,38,69
09/08/2011,MWA,IL,AGL,CE,Federal Contract Tower,0,10,2,1,13,0,1,9,2,12,0,11,11,3,25,38,4,42,67
09/09/2011,MWA,IL,AGL,CE,Federal Contract Tower,0,16,3,0,19,0,0,9,0,9,0,16,12,0,28,0,0,0,28
09/10/2011,MWA,IL,AGL,CE,Federal Contract Tower,0,6,0,0,6,0,1,7,0,8,0,7,7,0,14,22,0,22,36
09/11/2011,MWA,IL,AGL,CE,Federal Contract Tower,0,6,0,0,6,0,0,28,0,28,0,6,28,0,34,52,0,52,86
09/12/2011,MWA,IL,AGL,CE,Federal Contract Tower,0,12,3,0,15,0,9,26,0,35,0,21,29,0,50,62,0,62,112
09/13/2011,MWA,IL,AGL,CE,Federal Contract Tower,0,15,3,0,18,0,3,16,8,27,0,18,19,8,45,32,0,32,77
09/14/2011,MWA,IL,AGL,CE,Federal Contract Tower,23,0,0,0,23,0,0,0,0,0,23,0,0,0,23,0,0,0,23
09/15/2011,MWA,IL,AGL,CE,Federal Contract Tower,0,15,0,0,15,0,9,9,4,22,0,24,9,4,37,72,0,72,109
09/16/2011,MWA,IL,AGL,CE,Federal Contract Tower,0,14,2,0,16,0,4,11,0,15,0,18,13,0,31,48,0,48,79
09/17/2011,MWA,IL,AGL,CE,Federal Contract Tower,0,15,1,0,16,0,13,14,2,29,0,28,15,2,45,28,2,30,75
09/18/2011,MWA,IL,AGL,CE,Federal Contract Tower,0,4,1,0,5,0,0,0,0,0,0,4,1,0,5,0,0,0,5
09/19/2011,MWA,IL,AGL,CE,Federal Contract Tower,0,12,1,2,15,0,1,6,0,7,0,13,7,2,22,0,0,0,22
09/20/2011,MWA,IL,AGL,CE,Federal Contract Tower,0,10,3,0,13,0,0,7,0,7,0,10,10,0,20,40,0,40,60
09/21/2011,MWA,IL,AGL,CE,Federal Contract Tower,0,17,3,1,21,0,12,9,7,28,0,29,12,8,49,82,28,110,159
09/22/2011,MWA,IL,AGL,CE,Federal Contract Tower,0,14,0,0,14,0,6,5,0,11,0,20,5,0,25,52,0,52,77
09/23/2011,MWA,IL,AGL,CE,Federal Contract Tower,0,11,1,6,18,0,3,14,4,21,0,14,15,10,39,20,22,42,81
09/24/2011,MWA,IL,AGL,CE,Federal Contract Tower,0,7,1,0,8,0,1,3,0,4,0,8,4,0,12,0,0,0,12
09/25/2011,MWA,IL,AGL,CE,Federal Contract Tower,0,5,0,0,5,0,0,1,0,1,0,5,1,0,6,0,0,0,6
09/26/2011,MWA,IL,AGL,CE,Federal Contract Tower,0,9,2,0,11,0,0,25,0,25,0,9,27,0,36,54,0,54,90
09/27/2011,MWA,IL,AGL,CE,Federal Contract Tower,0,16,0,0,16,0,5,32,0,37,0,21,32,0,53,134,0,134,187
09/28/2011,MWA,IL,AGL,CE,Federal Contract Tower,0,16,1,0,17,0,4,20,0,24,0,20,21,0,41,142,0,142,183
09/29/2011,MWA,IL,AGL,CE,Federal Contract Tower,0,11,0,0,11,0,30,35,0,65,0,41,35,0,76,138,0,138,214
09/30/2011,MWA,IL,AGL,CE,Federal Contract Tower,0,9,1,0,10,0,8,15,0,23,0,17,16,0,33,26,0,26,59
10/01/2011,MWA,IL,AGL,CE,Federal Contract Tower,0,9,0,0,9,0,0,26,0,26,0,9,26,0,35,64,0,64,99
10/02/2011,MWA,IL,AGL,CE,Federal Contract Tower,0,4,2,0,6,0,0,8,9,17,0,4,10,9,23,10,0,10,33
10/03/2011,MWA,IL,AGL,CE,Federal Contract Tower,0,11,0,0,11,0,6,19,0,25,0,17,19,0,36,76,0,76,112
10/04/2011,MWA,IL,AGL,CE,Federal Contract Tower,0,13,2,0,15,0,10,34,0,44,0,23,36,0,59,192,0,192,251
10/05/2011,MWA,IL,AGL,CE,Federal Contract Tower,0,14,2,0,16,0,1,43,0,44,0,15,45,0,60,164,0,164,224
10/06/2011,MWA,IL,AGL,CE,Federal Contract Tower,0,14,3,0,17,0,0,22,0,22,0,14,25,0,39,162,0,162,201
10/07/2011,MWA,IL,AGL,CE,Federal Contract Tower,2,13,0,0,15,0,2,21,0,23,2,15,21,0,38,54,0,54,92
10/08/2011,MWA,IL,AGL,CE,Federal Contract Tower,1,7,0,0,8,0,0,28,0,28,1,7,28,0,36,6,0,6,42
10/09/2011,MWA,IL,AGL,CE,Federal Contract Tower,0,7,4,0,11,0,9,16,0,25,0,16,20,0,36,4,0,4,40
10/10/2011,MWA,IL,AGL,CE,Federal Contract Tower,0,9,0,0,9,0,12,22,0,34,0,21,22,0,43,122,0,122,165
10/11/2011,MWA,IL,AGL,CE,Federal Contract Tower,0,14,4,1,19,0,8,16,2,26,0,22,20,3,45,66,18,84,129
10/12/2011,MWA,IL,AGL,CE,Federal Contract Tower,0,15,1,0,16,0,1,10,0,11,0,16,11,0,27,6,0,6,33
10/13/2011,MWA,IL,AGL,CE,Federal Contract Tower,0,16,2,0,18,0,1,14,0,15,0,17,16,0,33,50,0,50,83
10/14/2011,MWA,IL,AGL,CE,Federal Contract Tower,0,16,2,0,18,0,2,23,2,27,0,18,25,2,45,38,0,38,83
10/15/2011,MWA,IL,AGL,CE,Federal Contract Tower,1,9,2,0,12,0,8,25,0,33,1,17,27,0,45,48,0,48,93
10/16/2011,MWA,IL,AGL,CE,Federal Contract Tower,0,5,1,0,6,0,0,10,0,10,0,5,11,0,16,0,0,0,16
10/17/2011,MWA,IL,AGL,CE,Federal Contract Tower,0,9,0,0,9,0,8,25,0,33,0,17,25,0,42,158,0,158,200
10/18/2011,MWA,IL,AGL,CE,Federal Contract Tower,0,8,0,0,8,0,0,0,0,0,0,8,0,0,8,0,0,0,8
10/19/2011,MWA,IL,AGL,CE,Federal Contract Tower,0,11,3,0,14,0,4,0,0,4,0,15,3,0,18,0,0,0,18
10/20/2011,MWA,IL,AGL,CE,Federal Contract Tower,1,12,0,0,13,0,0,9,0,9,1,12,9,0,22,36,0,36,58
10/21/2011,MWA,IL,AGL,CE,Federal Contract Tower,1,12,0,0,13,0,5,32,0,37,1,17,32,0,50,188,0,188,238
10/22/2011,MWA,IL,AGL,CE,Federal Contract Tower,0,8,0,0,8,0,4,16,17,37,0,12,16,17,45,38,6,44,89
10/23/2011,MWA,IL,AGL,CE,Federal Contract Tower,0,7,4,0,11,0,2,15,0,17,0,9,19,0,28,0,0,0,28
10/24/2011,MWA,IL,AGL,CE,Federal Contract Tower,0,14,0,0,14,0,9,23,0,32,0,23,23,0,46,133,0,133,179
10/25/2011,MWA,IL,AGL,CE,Federal Contract Tower,0,19,6,0,25,0,0,18,0,18,0,19,24,0,43,32,0,32,75
10/26/2011,MWA,IL,AGL,CE,Federal Contract Tower,0,10,0,0,10,0,0,7,0,7,0,10,7,0,17,12,0,12,29
10/27/2011,MWA,IL,AGL,CE,Federal Contract Tower,0,13,4,0,17,0,3,9,0,12,0,16,13,0,29,126,0,126,155
10/28/2011,MWA,IL,AGL,CE,Federal Contract Tower,0,11,3,0,14,0,1,9,0,10,0,12,12,0,24,48,0,48,72
10/29/2011,MWA,IL,AGL,CE,Federal Contract Tower,0,10,2,6,18,0,4,17,2,23,0,14,19,8,41,10,8,18,59
10/30/2011,MWA,IL,AGL,CE,Federal Contract Tower,0,3,2,0,5,0,0,7,0,7,0,3,9,0,12,0,0,0,12
10/31/2011,MWA,IL,AGL,CE,Federal Contract Tower,0,10,0,0,10,0,5,24,0,29,0,15,24,0,39,94,0,94,133
11/01/2011,MWA,IL,AGL,CE,Federal Contract Tower,0,16,1,0,17,0,0,23,0,23,0,16,24,0,40,70,0,70,110
11/02/2011,MWA,IL,AGL,CE,Federal Contract Tower,0,12,0,0,12,0,3,20,1,24,0,15,20,1,36,76,0,76,112
11/03/2011,MWA,IL,AGL,CE,Federal Contract Tower,0,12,0,0,12,0,2,0,0,2,0,14,0,0,14,24,0,24,38
11/04/2011,MWA,IL,AGL,CE,Federal Contract Tower,1,13,9,0,23,0,0,14,0,14,1,13,23,0,37,100,0,100,137
11/05/2011,MWA,IL,AGL,CE,Federal Contract Tower,0,1,4,0,5,0,1,13,0,14,0,2,17,0,19,34,0,34,53
11/06/2011,MWA,IL,AGL,CE,Federal Contract Tower,0,5,1,0,6,0,0,1,0,1,0,5,2,0,7,0,0,0,7
11/07/2011,MWA,IL,AGL,CE,Federal Contract Tower,0,10,0,0,10,0,0,23,0,23,0,10,23,0,33,112,0,112,145
11/08/2011,MWA,IL,AGL,CE,Federal Contract Tower,0,14,0,0,14,0,6,0,2,8,0,20,0,2,22,32,0,32,54
11/09/2011,MWA,IL,AGL,CE,Federal Contract Tower,0,14,1,0,15,0,4,4,0,8,0,18,5,0,23,28,0,28,51
11/10/2011,MWA,IL,AGL,CE,Federal Contract Tower,0,14,3,0,17,0,0,24,0,24,0,14,27,0,41,124,0,124,165
11/11/2011,MWA,IL,AGL,CE,Federal Contract Tower,0,7,5,0,12,0,0,14,0,14,0,7,19,0,26,2,0,2,28
11/12/2011,MWA,IL,AGL,CE,Federal Contract Tower,0,7,0,0,7,0,0,2,14,16,0,7,2,14,23,4,0,4,27
11/13/2011,MWA,IL,AGL,CE,Federal Contract Tower,0,3,2,2,7,0,0,0,2,2,0,3,2,4,9,2,32,34,43
11/14/2011,MWA,IL,AGL,CE,Federal Contract Tower,0,9,0,0,9,0,1,0,0,1,0,10,0,0,10,0,0,0,10
11/15/2011,MWA,IL,AGL,CE,Federal Contract Tower,0,13,0,0,13,0,0,0,0,0,0,13,0,0,13,0,0,0,13
11/16/2011,MWA,IL,AGL,CE,Federal Contract Tower,0,13,0,0,13,0,0,21,0,21,0,13,21,0,34,68,0,68,102
11/17/2011,MWA,IL,AGL,CE,Federal Contract Tower,0,12,0,0,12,0,5,44,0,49,0,17,44,0,61,162,0,162,223
11/18/2011,MWA,IL,AGL,CE,Federal Contract Tower,0,14,0,0,14,0,2,14,0,16,0,16,14,0,30,36,0,36,66
11/19/2011,MWA,IL,AGL,CE,Federal Contract Tower,0,9,0,0,9,0,1,1,0,2,0,10,1,0,11,2,0,2,13
11/20/2011,MWA,IL,AGL,CE,Federal Contract Tower,0,3,3,0,6,0,0,0,0,0,0,3,3,0,6,0,0,0,6
11/21/2011,MWA,IL,AGL,CE,Federal Contract Tower,0,8,0,0,8,0,0,0,0,0,0,8,0,0,8,0,0,0,8
11/22/2011,MWA,IL,AGL,CE,Federal Contract Tower,0,13,3,0,16,0,0,0,0,0,0,13,3,0,16,2,0,2,18
11/23/2011,MWA,IL,AGL,CE,Federal Contract Tower,0,9,4,0,13,0,0,11,0,11,0,9,15,0,24,24,0,24,48
11/24/2011,MWA,IL,AGL,CE,Federal Contract Tower,0,14,4,0,18,0,0,0,0,0,0,14,4,0,18,0,0,0,18
11/25/2011,MWA,IL,AGL,CE,Federal Contract Tower,0,10,0,0,10,0,7,18,0,25,0,17,18,0,35,0,0,0,35
11/26/2011,MWA,IL,AGL,CE,Federal Contract Tower,0,10,0,0,10,0,0,6,0,6,0,10,6,0,16,0,0,0,16
11/27/2011,MWA,IL,AGL,CE,Federal Contract Tower,0,5,1,0,6,0,0,0,0,0,0,5,1,0,6,0,0,0,6
11/28/2011,MWA,IL,AGL,CE,Federal Contract Tower,0,12,0,0,12,0,0,0,0,0,0,12,0,0,12,0,0,0,12
11/29/2011,MWA,IL,AGL,CE,Federal Contract Tower,0,14,0,0,14,0,1,0,0,1,0,15,0,0,15,0,0,0,15
11/30/2011,MWA,IL,AGL,CE,Federal Contract Tower,0,12,5,2,19,0,6,38,0,44,0,18,43,2,63,122,18,140,203
12/01/2011,MWA,IL,AGL,CE,Federal Contract Tower,0,17,7,0,24,0,4,28,0,32,0,21,35,0,56,154,42,196,252
12/02/2011,MWA,IL,AGL,CE,Federal Contract Tower,0,12,1,26,39,0,1,49,6,56,0,13,50,32,95,178,2,180,275
12/03/2011,MWA,IL,AGL,CE,Federal Contract Tower,0,6,0,0,6,0,5,19,0,24,0,11,19,0,30,10,0,10,40
12/04/2011,MWA,IL,AGL,CE,Federal Contract Tower,0,3,0,0,3,0,0,0,0,0,0,3,0,0,3,0,0,0,3
12/05/2011,MWA,IL,AGL,CE,Federal Contract Tower,0,12,0,0,12,0,0,0,0,0,0,12,0,0,12,0,0,0,12
12/06/2011,MWA,IL,AGL,CE,Federal Contract Tower,0,16,0,0,16,0,0,0,0,0,0,16,0,0,16,0,0,0,16
12/07/2011,MWA,IL,AGL,CE,Federal Contract Tower,0,11,2,0,13,0,3,8,0,11,0,14,10,0,24,12,0,12,36
12/08/2011,MWA,IL,AGL,CE,Federal Contract Tower,0,11,3,0,14,0,8,24,4,36,0,19,27,4,50,112,0,112,162
12/09/2011,MWA,IL,AGL,CE,Federal Contract Tower,0,10,4,0,14,0,7,5,2,14,0,17,9,2,28,88,0,88,116
12/10/2011,MWA,IL,AGL,CE,Federal Contract Tower,0,16,3,0,19,0,7,37,0,44,0,23,40,0,63,34,0,34,97
12/11/2011,MWA,IL,AGL,CE,Federal Contract Tower,2,3,2,0,7,0,5,16,0,21,2,8,18,0,28,2,0,2,30
12/12/2011,MWA,IL,AGL,CE,Federal Contract Tower,0,14,0,0,14,0,4,16,0,20,0,18,16,0,34,60,0,60,94
12/13/2011,MWA,IL,AGL,CE,Federal Contract Tower,0,14,7,0,21,0,0,0,0,0,0,14,7,0,21,0,0,0,21
12/14/2011,MWA,IL,AGL,CE,Federal Contract Tower,0,18,6,0,24,0,0,0,0,0,0,18,6,0,24,0,0,0,24
12/15/2011,MWA,IL,AGL,CE,Federal Contract Tower,0,10,0,0,10,0,13,2,0,15,0,23,2,0,25,34,0,34,59
12/16/2011,MWA,IL,AGL,CE,Federal Contract Tower,0,11,2,2,15,0,6,22,0,28,0,17,24,2,43,48,32,80,123
12/17/2011,MWA,IL,AGL,CE,Federal Contract Tower,0,0,0,0,0,0,7,15,0,22,0,7,15,0,22,36,0,36,58
12/18/2011,MWA,IL,AGL,CE,Federal Contract Tower,0,2,0,0,2,0,5,18,0,23,0,7,18,0,25,10,0,10,35
12/19/2011,MWA,IL,AGL,CE,Federal Contract Tower,0,14,0,0,14,0,0,3,0,3,0,14,3,0,17,0,0,0,17
12/20/2011,MWA,IL,AGL,CE,Federal Contract Tower,0,17,0,0,17,0,0,0,0,0,0,17,0,0,17,0,0,0,17
12/21/2011,MWA,IL,AGL,CE,Federal Contract Tower,0,16,0,0,16,0,0,2,0,2,0,16,2,0,18,20,0,20,38
12/22/2011,MWA,IL,AGL,CE,Federal Contract Tower,0,8,3,0,11,0,2,1,0,3,0,10,4,0,14,2,0,2,16
12/23/2011,MWA,IL,AGL,CE,Federal Contract Tower,0,12,2,0,14,0,0,0,0,0,0,12,2,0,14,0,0,0,14
12/24/2011,MWA,IL,AGL,CE,Federal Contract Tower,0,8,0,0,8,0,0,17,0,17,0,8,17,0,25,36,0,36,61
12/25/2011,MWA,IL,AGL,CE,Federal Contract Tower,0,3,0,0,3,0,0,0,0,0,0,3,0,0,3,0,0,0,3
12/26/2011,MWA,IL,AGL,CE,Federal Contract Tower,0,7,0,0,7,0,0,5,0,5,0,7,5,0,12,40,0,40,52
12/27/2011,MWA,IL,AGL,CE,Federal Contract Tower,0,12,0,0,12,0,0,0,0,0,0,12,0,0,12,0,0,0,12
12/28/2011,MWA,IL,AGL,CE,Federal Contract Tower,0,18,2,0,20,0,0,16,0,16,0,18,18,0,36,0,0,0,36
12/29/2011,MWA,IL,AGL,CE,Federal Contract Tower,0,9,2,0,11,0,2,23,0,25,0,11,25,0,36,20,0,20,56
12/30/2011,MWA,IL,AGL,CE,Federal Contract Tower,0,10,0,0,10,0,1,3,0,4,0,11,3,0,14,4,0,4,18
12/31/2011,MWA,IL,AGL,CE,Federal Contract Tower,0,6,0,0,6,0,3,19,0,22,0,9,19,0,28,16,0,16,44
01/01/2012,MWA,IL,AGL,CE,Federal Contract Tower,0,5,0,0,5,0,0,0,0,0,0,5,0,0,5,0,0,0,5
01/02/2012,MWA,IL,AGL,CE,Federal Contract Tower,0,8,0,0,8,0,0,0,0,0,0,8,0,0,8,0,0,0,8
01/03/2012,MWA,IL,AGL,CE,Federal Contract Tower,0,16,0,0,16,0,4,11,0,15,0,20,11,0,31,12,0,12,43
01/04/2012,MWA,IL,AGL,CE,Federal Contract Tower,0,10,0,0,10,0,2,8,1,11,0,12,8,1,21,24,0,24,45
01/05/2012,MWA,IL,AGL,CE,Federal Contract Tower,0,3,0,0,3,0,8,8,1,17,0,11,8,1,20,0,0,0,20
01/06/2012,MWA,IL,AGL,CE,Federal Contract Tower,1,5,0,2,8,0,3,6,2,11,1,8,6,4,19,12,20,32,51
01/07/2012,MWA,IL,AGL,CE,Federal Contract Tower,2,6,1,0,9,0,1,13,0,14,2,7,14,0,23,114,0,114,137
01/08/2012,MWA,IL,AGL,CE,Federal Contract Tower,0,6,0,1,7,0,2,14,1,17,0,8,14,2,24,44,4,48,72
01/09/2012,MWA,IL,AGL,CE,Federal Contract Tower,0,12,0,0,12,0,3,11,0,14,0,15,11,0,26,0,0,0,26
01/10/2012,MWA,IL,AGL,CE,Federal Contract Tower,0,15,0,0,15,0,1,16,2,19,0,16,16,2,34,6,0,6,40
01/11/2012,MWA,IL,AGL,CE,Federal Contract Tower,0,10,0,0,10,0,0,0,0,0,0,10,0,0,10,0,0,0,10
01/12/2012,MWA,IL,AGL,CE,Federal Contract Tower,0,14,0,0,14,0,0,0,0,0,0,14,0,0,14,0,0,0,14
01/13/2012,MWA,IL,AGL,CE,Federal Contract Tower,0,11,0,0,11,0,0,4,0,4,0,11,4,0,15,62,0,62,77
01/14/2012,MWA,IL,AGL,CE,Federal Contract Tower,1,4,4,0,9,0,1,24,4,29,1,5,28,4,38,62,0,62,100
01/15/2012,MWA,IL,AGL,CE,Federal Contract Tower,0,7,2,0,9,0,6,13,0,19,0,13,15,0,28,2,0,2,30
01/16/2012,MWA,IL,AGL,CE,Federal Contract Tower,0,14,0,0,14,0,0,0,0,0,0,14,0,0,14,0,0,0,14
01/17/2012,MWA,IL,AGL,CE,Federal Contract Tower,0,16,0,0,16,0,0,0,0,0,0,16,0,0,16,4,0,4,20
01/18/2012,MWA,IL,AGL,CE,Federal Contract Tower,0,13,0,0,13,0,4,17,0,21,0,17,17,0,34,44,0,44,78
01/19/2012,MWA,IL,AGL,CE,Federal Contract Tower,0,15,1,0,16,0,2,11,0,13,0,17,12,0,29,110,0,110,139
01/20/2012,MWA,IL,AGL,CE,Federal Contract Tower,0,14,1,0,15,0,2,3,0,5,0,16,4,0,20,30,0,30,50
01/21/2012,MWA,IL,AGL,CE,Federal Contract Tower,2,8,0,0,10,0,0,2,0,2,2,8,2,0,12,22,0,22,34
01/22/2012,MWA,IL,AGL,CE,Federal Contract Tower,0,4,1,0,5,0,0,0,0,0,0,4,1,0,5,0,0,0,5
01/23/2012,MWA,IL,AGL,CE,Federal Contract Tower,0,16,0,0,16,0,0,0,0,0,0,16,0,0,16,46,0,46,62
01/24/2012,MWA,IL,AGL,CE,Federal Contract Tower,0,15,0,0,15,0,3,18,0,21,0,18,18,0,36,48,0,48,84
01/25/2012,MWA,IL,AGL,CE,Federal Contract Tower,0,9,0,0,9,0,0,0,0,0,0,9,0,0,9,0,0,0,9
01/26/2012,MWA,IL,AGL,CE,Federal Contract Tower,0,13,2,0,15,0,0,0,0,0,0,13,2,0,15,0,0,0,15
01/27/2012,MWA,IL,AGL,CE,Federal Contract Tower,0,13,3,0,16,0,0,22,0,22,0,13,25,0,38,89,0,89,127
01/28/2012,MWA,IL,AGL,CE,Federal Contract Tower,0,6,0,0,6,0,4,9,0,13,0,10,9,0,19,10,0,10,29
01/29/2012,MWA,IL,AGL,CE,Federal Contract Tower,0,7,3,0,10,0,0,11,0,11,0,7,14,0,21,0,0,0,21
01/30/2012,MWA,IL,AGL,CE,Federal Contract Tower,2,15,0,0,17,0,0,26,0,26,2,15,26,0,43,74,0,74,117
01/31/2012,MWA,IL,AGL,CE,Federal Contract Tower,0,20,0,4,24,0,1,13,0,14,0,21,13,4,38,68,0,68,106
02/01/2012,MWA,IL,AGL,CE,Federal Contract Tower,1,13,2,0,16,0,3,10,0,13,1,16,12,0,29,102,0,102,131
02/02/2012,MWA,IL,AGL,CE,Federal Contract Tower,0,13,0,0,13,0,1,28,0,29,0,14,28,0,42,80,0,80,122
02/03/2012,MWA,IL,AGL,CE,Federal Contract Tower,0,17,0,0,17,0,0,15,0,15,0,17,15,0,32,98,0,98,130
02/04/2012,MWA,IL,AGL,CE,Federal Contract Tower,0,7,3,0,10,0,0,0,0,0,0,7,3,0,10,0,0,0,10
02/05/2012,MWA,IL,AGL,CE,Federal Contract Tower,0,3,2,0,5,0,0,2,0,2,0,3,4,0,7,2,0,2,9
02/06/2012,MWA,IL,AGL,CE,Federal Contract Tower,0,11,2,3,16,0,7,27,1,35,0,18,29,4,51,92,0,92,143
02/07/2012,MWA,IL,AGL,CE,Federal Contract Tower,0,19,2,6,27,0,1,19,0,20,0,20,21,6,47,94,10,104,151
02/08/2012,MWA,IL,AGL,CE,Federal Contract Tower,0,17,1,0,18,0,0,0,0,0,0,17,1,0,18,0,0,0,18
02/09/2012,MWA,IL,AGL,CE,Federal Contract Tower,0,12,0,0,12,0,5,25,2,32,0,17,25,2,44,84,0,84,128
02/10/2012,MWA,IL,AGL,CE,Federal Contract Tower,0,10,0,0,10,0,0,2,0,2,0,10,2,0,12,0,0,0,12
02/11/2012,MWA,IL,AGL,CE,Federal Contract Tower,0,7,1,0,8,0,1,1,0,2,0,8,2,0,10,0,0,0,10
02/12/2012,MWA,IL,AGL,CE,Federal Contract Tower,0,6,3,0,9,0,0,10,0,10,0,6,13,0,19,52,0,52,71
02/13/2012,MWA,IL,AGL,CE,Federal Contract Tower,1,10,0,0,11,0,8,0,0,8,1,18,0,0,19,78,0,78,97
02/14/2012,MWA,IL,AGL,CE,Federal Contract Tower,0,8,1,0,9,0,2,3,0,5,0,10,4,0,14,22,0,22,36
02/15/2012,MWA,IL,AGL,CE,Federal Contract Tower,0,15,2,0,17,0,0,0,0,0,0,15,2,0,17,0,0,0,17
02/16/2012,MWA,IL,AGL,CE,Federal Contract Tower,1,19,5,0,25,0,0,0,0,0,1,19,5,0,25,42,0,42,67
02/17/2012,MWA,IL,AGL,CE,Federal Contract Tower,0,11,2,2,15,0,1,15,2,18,0,12,17,4,33,44,6,50,83
02/18/2012,MWA,IL,AGL,CE,Federal Contract Tower,0,14,3,0,17,0,1,16,12,29,0,15,19,12,46,64,0,64,110
02/19/2012,MWA,IL,AGL,CE,Federal Contract Tower,0,5,2,0,7,0,4,11,0,15,0,9,13,0,22,42,0,42,64
02/20/2012,MWA,IL,AGL,CE,Federal Contract Tower,1,13,0,0,14,0,8,11,0,19,1,21,11,0,33,48,0,48,81
02/21/2012,MWA,IL,AGL,CE,Federal Contract Tower,1,12,0,0,13,0,1,2,0,3,1,13,2,0,16,10,0,10,26
02/22/2012,MWA,IL,AGL,CE,Federal Contract Tower,0,13,4,2,19,0,1,9,0,10,0,14,13,2,29,70,2,72,101
02/23/2012,MWA,IL,AGL,CE,Federal Contract Tower,0,14,4,0,18,0,0,2,2,4,0,14,6,2,22,26,14,40,62
02/24/2012,MWA,IL,AGL,CE,Federal Contract Tower,0,12,3,1,16,0,6,0,0,6,0,18,3,1,22,14,0,14,36
02/25/2012,MWA,IL,AGL,CE,Federal Contract Tower,1,4,1,1,7,0,1,15,0,16,1,5,16,1,23,12,0,12,35
02/26/2012,MWA,IL,AGL,CE,Federal Contract Tower,0,5,0,0,5,0,1,12,0,13,0,6,12,0,18,6,0,6,24
02/27/2012,MWA,IL,AGL,CE,Federal Contract Tower,0,15,0,0,15,0,3,28,0,31,0,18,28,0,46,74,0,74,120
02/28/2012,MWA,IL,AGL,CE,Federal Contract Tower,0,17,0,0,17,0,2,20,0,22,0,19,20,0,39,114,0,114,153
02/29/2012,MWA,IL,AGL,CE,Federal Contract Tower,0,14,0,0,14,0,16,5,0,21,0,30,5,0,35,38,0,38,73
03/01/2012,MWA,IL,AGL,CE,Federal Contract Tower,0,11,5,0,16,0,2,21,0,23,0,13,26,0,39,186,0,186,225
03/02/2012,MWA,IL,AGL,CE,Federal Contract Tower,0,12,0,0,12,0,0,0,0,0,0,12,0,0,12,0,0,0,12
03/03/2012,MWA,IL,AGL,CE,Federal Contract Tower,0,12,0,0,12,0,6,26,0,32,0,18,26,0,44,36,0,36,80
03/04/2012,MWA,IL,AGL,CE,Federal Contract Tower,0,10,2,0,12,0,0,13,0,13,0,10,15,0,25,24,0,24,49
03/05/2012,MWA,IL,AGL,CE,Federal Contract Tower,0,14,0,4,18,0,3,24,0,27,0,17,24,4,45,90,0,90,135
03/06/2012,MWA,IL,AGL,CE,Federal Contract Tower,0,10,4,0,14,0,0,1,0,1,0,10,5,0,15,12,0,12,27
03/07/2012,MWA,IL,AGL,CE,Federal Contract Tower,0,24,0,23,47,0,6,0,2,8,0,30,0,25,55,0,36,36,91
03/08/2012,MWA,IL,AGL,CE,Federal Contract Tower,0,11,1,0,12,0,2,2,0,4,0,13,3,0,16,10,0,10,26
03/09/2012,MWA,IL,AGL,CE,Federal Contract Tower,0,11,0,0,11,0,10,26,0,36,0,21,26,0,47,80,0,80,127
03/10/2012,MWA,IL,AGL,CE,Federal Contract Tower,0,8,1,1,10,0,3,22,14,39,0,11,23,15,49,20,0,20,69
03/11/2012,MWA,IL,AGL,CE,Federal Contract Tower,0,4,0,0,4,0,2,2,0,4,0,6,2,0,8,4,0,4,12
03/12/2012,MWA,IL,AGL,CE,Federal Contract Tower,0,16,0,0,16,0,2,0,0,2,0,18,0,0,18,0,0,0,18
03/13/2012,MWA,IL,AGL,CE,Federal Contract Tower,0,13,5,2,20,0,3,13,0,16,0,16,18,2,36,42,0,42,78
03/14/2012,MWA,IL,AGL,CE,Federal Contract Tower,0,12,2,0,14,0,9,2,3,14,0,21,4,3,28,6,6,12,40
03/15/2012,MWA,IL,AGL,CE,Federal Contract Tower,0,8,0,0,8,0,0,3,0,3,0,8,3,0,11,30,0,30,41
03/16/2012,MWA,IL,AGL,CE,Federal Contract Tower,0,10,1,0,11,0,0,0,0,0,0,10,1,0,11,1,0,1,12
03/17/2012,MWA,IL,AGL,CE,Federal Contract Tower,0,10,2,0,12,0,0,13,0,13,0,10,15,0,25,10,0,10,35
03/18/2012,MWA,IL,AGL,CE,Federal Contract Tower,0,5,0,0,5,0,0,6,2,8,0,5,6,2,13,2,2,4,17
03/19/2012,MWA,IL,AGL,CE,Federal Contract Tower,0,17,0,0,17,0,5,41,0,46,0,22,41,0,63,86,0,86,149
03/20/2012,MWA,IL,AGL,CE,Federal Contract Tower,0,14,2,0,16,0,3,0,0,3,0,17,2,0,19,36,0,36,55
03/21/2012,MWA,IL,AGL,CE,Federal Contract Tower,0,16,0,0,16,0,2,13,0,15,0,18,13,0,31,20,0,20,51
03/22/2012,MWA,IL,AGL,CE,Federal Contract Tower,0,13,0,0,13,0,1,0,0,1,0,14,0,0,14,0,0,0,14
03/23/2012,MWA,IL,AGL,CE,Federal Contract Tower,0,13,0,0,13,0,1,0,0,1,0,14,0,0,14,0,0,0,14
03/24/2012,MWA,IL,AGL,CE,Federal Contract Tower,0,6,0,0,6,0,1,3,0,4,0,7,3,0,10,10,0,10,20
03/25/2012,MWA,IL,AGL,CE,Federal Contract Tower,0,7,3,0,10,0,12,1,0,13,0,19,4,0,23,80,0,80,103
03/26/2012,MWA,IL,AGL,CE,Federal Contract Tower,0,9,0,0,9,0,5,29,0,34,0,14,29,0,43,62,0,62,105
03/27/2012,MWA,IL,AGL,CE,Federal Contract Tower,0,10,6,0,16,0,4,26,0,30,0,14,32,0,46,78,0,78,124
03/28/2012,MWA,IL,AGL,CE,Federal Contract Tower,0,19,0,0,19,0,5,15,0,20,0,24,15,0,39,46,0,46,85
03/29/2012,MWA,IL,AGL,CE,Federal Contract Tower,0,12,2,0,14,0,2,18,1,21,0,14,20,1,35,42,0,42,77
03/30/2012,MWA,IL,AGL,CE,Federal Contract Tower,0,12,0,0,12,0,3,20,0,23,0,15,20,0,35,42,0,42,77
03/31/2012,MWA,IL,AGL,CE,Federal Contract Tower,0,9,0,1,10,0,0,30,0,30,0,9,30,1,40,96,0,96,136
04/01/2012,MWA,IL,AGL,CE,Federal Contract Tower,0,3,1,0,4,0,5,25,0,30,0,8,26,0,34,18,0,18,52
04/02/2012,MWA,IL,AGL,CE,Federal Contract Tower,0,10,0,0,10,0,3,16,0,19,0,13,16,0,29,38,0,38,67
04/03/2012,MWA,IL,AGL,CE,Federal Contract Tower,0,10,2,2,14,0,2,20,0,22,0,12,22,2,36,100,0,100,136
04/04/2012,MWA,IL,AGL,CE,Federal Contract Tower,0,16,1,0,17,0,2,0,0,2,0,18,1,0,19,0,0,0,19
04/05/2012,MWA,IL,AGL,CE,Federal Contract Tower,0,10,0,0,10,0,2,0,0,2,0,12,0,0,12,6,0,6,18
04/06/2012,MWA,IL,AGL,CE,Federal Contract Tower,0,12,3,0,15,0,14,16,0,30,0,26,19,0,45,8,0,8,53
04/07/2012,MWA,IL,AGL,CE,Federal Contract Tower,0,6,1,0,7,0,7,26,0,33,0,13,27,0,40,20,0,20,60
04/08/2012,MWA,IL,AGL,CE,Federal Contract Tower,0,2,3,0,5,0,2,11,0,13,0,4,14,0,18,26,0,26,44
04/09/2012,MWA,IL,AGL,CE,Federal Contract Tower,0,10,1,1,12,0,4,27,1,32,0,14,28,2,44,68,8,76,120
04/10/2012,MWA,IL,AGL,CE,Federal Contract Tower,0,16,2,0,18,0,6,13,0,19,0,22,15,0,37,26,0,26,63
04/11/2012,MWA,IL,AGL,CE,Federal Contract Tower,0,14,0,0,14,0,11,20,0,31,0,25,20,0,45,56,0,56,101
04/12/2012,MWA,IL,AGL,CE,Federal Contract Tower,0,14,1,0,15,0,7,12,0,19,0,21,13,0,34,84,0,84,118
04/13/2012,MWA,IL,AGL,CE,Federal Contract Tower,0,15,2,0,17,0,4,2,0,6,0,19,4,0,23,34,0,34,57
04/14/2012,MWA,IL,AGL,CE,Federal Contract Tower,0,8,2,0,10,0,0,2,0,2,0,8,4,0,12,4,0,4,16
04/15/2012,MWA,IL,AGL,CE,Federal Contract Tower,0,3,0,0,3,0,0,5,0,5,0,3,5,0,8,0,0,0,8
04/16/2012,MWA,IL,AGL,CE,Federal Contract Tower,0,14,0,1,15,0,1,5,1,7,0,15,5,2,22,36,0,36,58
04/17/2012,MWA,IL,AGL,CE,Federal Contract Tower,0,15,2,6,23,0,1,25,1,27,0,16,27,7,50,56,8,64,114
04/18/2012,MWA,IL,AGL,CE,Federal Contract Tower,0,14,0,0,14,0,2,17,0,19,0,16,17,0,33,24,0,24,57
04/19/2012,MWA,IL,AGL,CE,Federal Contract Tower,0,11,0,9,20,0,2,26,0,28,0,13,26,9,48,134,8,142,190
04/20/2012,MWA,IL,AGL,CE,Federal Contract Tower,0,11,7,9,27,0,0,8,0,8,0,11,15,9,35,52,0,52,87
04/21/2012,MWA,IL,AGL,CE,Federal Contract Tower,0,9,4,0,13,0,2,21,0,23,0,11,25,0,36,100,0,100,136
04/22/2012,MWA,IL,AGL,CE,Federal Contract Tower,0,4,3,0,7,0,0,13,0,13,0,4,16,0,20,2,0,2,22
04/23/2012,MWA,IL,AGL,CE,Federal Contract Tower,0,15,0,0,15,0,2,20,3,25,0,17,20,3,40,42,0,42,82
04/24/2012,MWA,IL,AGL,CE,Federal Contract Tower,0,17,1,0,18,0,10,14,0,24,0,27,15,0,42,80,0,80,122
04/25/2012,MWA,IL,AGL,CE,Federal Contract Tower,0,14,1,0,15,0,9,14,0,23,0,23,15,0,38,24,0,24,62
04/26/2012,MWA,IL,AGL,CE,Federal Contract Tower,0,15,0,0,15,0,7,27,4,38,0,22,27,4,53,52,0,52,105
04/27/2012,MWA,IL,AGL,CE,Federal Contract Tower,0,13,2,0,15,0,3,25,0,28,0,16,27,0,43,60,0,60,103
04/28/2012,MWA,IL,AGL,CE,Federal Contract Tower,0,5,1,0,6,0,0,5,0,5,0,5,6,0,11,14,0,14,25
04/29/2012,MWA,IL,AGL,CE,Federal Contract Tower,0,4,1,0,5,0,0,8,0,8,0,4,9,0,13,24,0,24,37
04/30/2012,MWA,IL,AGL,CE,Federal Contract Tower,0,10,0,0,10,0,0,0,0,0,0,10,0,0,10,38,0,38,48
05/01/2012,MWA,IL,AGL,CE,Federal Contract Tower,0,19,0,0,19,0,3,6,0,9,0,22,6,0,28,60,0,60,88
05/02/2012,MWA,IL,AGL,CE,Federal Contract Tower,0,25,0,5,30,0,1,12,1,14,0,26,12,6,44,36,18,54,98
05/03/2012,MWA,IL,AGL,CE,Federal Contract Tower,0,12,0,2,14,0,1,39,0,40,0,13,39,2,54,150,0,150,204
05/04/2012,MWA,IL,AGL,CE,Federal Contract Tower,0,10,8,0,18,0,0,9,0,9,0,10,17,0,27,52,0,52,79
05/05/2012,MWA,IL,AGL,CE,Federal Contract Tower,0,11,0,1,12,0,18,3,0,21,0,29,3,1,33,12,0,12,45
05/06/2012,MWA,IL,AGL,CE,Federal Contract Tower,0,3,1,0,4,0,10,13,2,25,0,13,14,2,29,34,0,34,63
05/07/2012,MWA,IL,AGL,CE,Federal Contract Tower,0,10,2,0,12,0,7,4,0,11,0,17,6,0,23,74,0,74,97
05/08/2012,MWA,IL,AGL,CE,Federal Contract Tower,1,19,0,1,21,0,0,23,1,24,1,19,23,2,45,178,2,180,225
05/09/2012,MWA,IL,AGL,CE,Federal Contract Tower,0,21,3,2,26,0,9,29,3,41,0,30,32,5,67,48,14,62,129
05/10/2012,MWA,IL,AGL,CE,Federal Contract Tower,0,13,3,1,17,0,0,23,1,24,0,13,26,2,41,92,0,92,133
05/11/2012,MWA,IL,AGL,CE,Federal Contract Tower,0,14,0,0,14,0,2,21,0,23,0,16,21,0,37,16,0,16,53
05/12/2012,MWA,IL,AGL,CE,Federal Contract Tower,0,13,0,0,13,0,2,17,1,20,0,15,17,1,33,16,0,16,49
05/13/2012,MWA,IL,AGL,CE,Federal Contract Tower,0,5,3,0,8,0,2,7,7,16,0,7,10,7,24,28,0,28,52
05/14/2012,MWA,IL,AGL,CE,Federal Contract Tower,0,18,4,0,22,0,6,24,0,30,0,24,28,0,52,64,0,64,116
05/15/2012,MWA,IL,AGL,CE,Federal Contract Tower,0,13,1,2,16,0,2,19,0,21,0,15,20,2,37,22,2,24,61
05/16/2012,MWA,IL,AGL,CE,Federal Contract Tower,0,22,2,0,24,0,1,14,2,17,0,23,16,2,41,4,2,6,47
05/17/2012,MWA,IL,AGL,CE,Federal Contract Tower,0,11,5,2,18,0,1,23,0,24,0,12,28,2,42,16,2,18,60
05/18/2012,MWA,IL,AGL,CE,Federal Contract Tower,0,10,1,0,11,0,13,20,0,33,0,23,21,0,44,76,0,76,120
05/19/2012,MWA,IL,AGL,CE,Federal Contract Tower,0,9,0,0,9,0,12,41,0,53,0,21,41,0,62,92,0,92,154
05/20/2012,MWA,IL,AGL,CE,Federal Contract Tower,0,7,2,0,9,0,2,6,0,8,0,9,8,0,17,0,0,0,17
05/21/2012,MWA,IL,AGL,CE,Federal Contract Tower,0,12,2,0,14,0,3,20,0,23,0,15,22,0,37,52,0,52,89
05/22/2012,MWA,IL,AGL,CE,Federal Contract Tower,0,11,0,0,11,0,5,13,1,19,0,16,13,1,30,28,0,28,58
05/23/2012,MWA,IL,AGL,CE,Federal Contract Tower,0,16,2,0,18,0,3,21,0,24,0,19,23,0,42,66,0,66,108
05/24/2012,MWA,IL,AGL,CE,Federal Contract Tower,0,14,2,3,19,0,5,16,0,21,0,19,18,3,40,70,32,102,142
05/25/2012,MWA,IL,AGL,CE,Federal Contract Tower,0,18,6,0,24,0,1,22,0,23,0,19,28,0,47,76,0,76,123
05/26/2012,MWA,IL,AGL,CE,Federal Contract Tower,0,9,0,0,9,0,9,5,0,14,0,18,5,0,23,10,0,10,33
05/27/2012,MWA,IL,AGL,CE,Federal Contract Tower,0,7,3,0,10,0,2,7,0,9,0,9,10,0,19,32,0,32,51
05/28/2012,MWA,IL,AGL,CE,Federal Contract Tower,0,8,4,0,12,0,0,17,0,17,0,8,21,0,29,16,0,16,45
05/29/2012,MWA,IL,AGL,CE,Federal Contract Tower,0,13,2,4,19,0,0,15,2,17,0,13,17,6,36,38,8,46,82
05/30/2012,MWA,IL,AGL,CE,Federal Contract Tower,0,16,0,2,18,0,9,11,0,20,0,25,11,2,38,66,30,96,134
05/31/2012,MWA,IL,AGL,CE,Federal Contract Tower,0,10,0,0,10,0,5,3,0,8,0,15,3,0,18,16,0,16,34
06/01/2012,MWA,IL,AGL,CE,Federal Contract Tower,0,14,3,0,17,0,1,6,0,7,0,15,9,0,24,14,0,14,38
06/02/2012,MWA,IL,AGL,CE,Federal Contract Tower,0,9,1,0,10,0,1,18,0,19,0,10,19,0,29,66,0,66,95
06/03/2012,MWA,IL,AGL,CE,Federal Contract Tower,0,5,1,0,6,0,0,4,0,4,0,5,5,0,10,20,0,20,30
06/04/2012,MWA,IL,AGL,CE,Federal Contract Tower,0,13,1,0,14,0,3,17,0,20,0,16,18,0,34,44,0,44,78
06/05/2012,MWA,IL,AGL,CE,Federal Contract Tower,0,18,1,0,19,0,11,10,2,23,0,29,11,2,42,44,0,44,86
06/06/2012,MWA,IL,AGL,CE,Federal Contract Tower,0,17,3,0,20,0,13,16,0,29,0,30,19,0,49,76,0,76,125
06/07/2012,MWA,IL,AGL,CE,Federal Contract Tower,0,12,0,2,14,0,2,29,6,37,0,14,29,8,51,92,0,92,143
06/08/2012,MWA,IL,AGL,CE,Federal Contract Tower,0,14,2,4,20,0,8,26,3,37,0,22,28,7,57,68,2,70,127
06/09/2012,MWA,IL,AGL,CE,Federal Contract Tower,0,9,1,0,10,0,0,38,0,38,0,9,39,0,48,38,0,38,86
06/10/2012,MWA,IL,AGL,CE,Federal Contract Tower,0,13,3,0,16,0,0,28,0,28,0,13,31,0,44,54,0,54,98
06/11/2012,MWA,IL,AGL,CE,Federal Contract Tower,0,12,7,0,19,0,1,0,2,3,0,13,7,2,22,0,0,0,22
06/12/2012,MWA,IL,AGL,CE,Federal Contract Tower,0,29,3,2,34,0,8,17,6,31,0,37,20,8,65,70,6,76,141
06/13/2012,MWA,IL,AGL,CE,Federal Contract Tower,0,16,1,2,19,0,4,17,2,23,0,20,18,4,42,36,24,60,102
06/14/2012,MWA,IL,AGL,CE,Federal Contract Tower,0,12,2,0,14,0,11,28,0,39,0,23,30,0,53,78,0,78,131
06/15/2012,MWA,IL,AGL,CE,Federal Contract Tower,0,14,0,3,17,0,2,14,0,16,0,16,14,3,33,22,0,22,55
06/16/2012,MWA,IL,AGL,CE,Federal Contract Tower,0,6,1,4,11,0,3,83,0,86,0,9,84,4,97,6,0,6,103
06/17/2012,MWA,IL,AGL,CE,Federal Contract Tower,0,4,2,0,6,0,8,11,0,19,0,12,13,0,25,8,0,8,33
06/18/2012,MWA,IL,AGL,CE,Federal Contract Tower,0,13,0,0,13,0,8,12,0,20,0,21,12,0,33,104,0,104,137
06/19/2012,MWA,IL,AGL,CE,Federal Contract Tower,0,12,0,0,12,0,3,18,0,21,0,15,18,0,33,48,0,48,81
06/20/2012,MWA,IL,AGL,CE,Federal Contract Tower,0,18,0,0,18,0,3,14,0,17,0,21,14,0,35,22,0,22,57
06/21/2012,MWA,IL,AGL,CE,Federal Contract Tower,0,10,1,0,11,0,2,21,0,23,0,12,22,0,34,52,0,52,86
06/22/2012,MWA,IL,AGL,CE,Federal Contract Tower,0,13,2,3,18,0,1,17,2,20,0,14,19,5,38,27,2,29,67
06/23/2012,MWA,IL,AGL,CE,Federal Contract Tower,0,5,0,9,14,0,12,22,2,36,0,17,22,11,50,34,2,36,86
06/24/2012,MWA,IL,AGL,CE,Federal Contract Tower,0,12,2,0,14,0,3,22,0,25,0,15,24,0,39,34,0,34,73
06/25/2012,MWA,IL,AGL,CE,Federal Contract Tower,0,16,0,2,18,0,1,44,0,45,0,17,44,2,63,122,0,122,185
06/26/2012,MWA,IL,AGL,CE,Federal Contract Tower,0,24,0,0,24,0,0,38,0,38,0,24,38,0,62,148,0,148,210
06/27/2012,MWA,IL,AGL,CE,Federal Contract Tower,0,14,0,0,14,0,2,24,3,29,0,16,24,3,43,34,0,34,77
06/28/2012,MWA,IL,AGL,CE,Federal Contract Tower,0,15,1,0,16,0,4,19,2,25,0,19,20,2,41,60,0,60,101
06/29/2012,MWA,IL,AGL,CE,Federal Contract Tower,0,11,5,0,16,0,4,11,1,16,0,15,16,1,32,50,0,50,82
06/30/2012,MWA,IL,AGL,CE,Federal Contract Tower,0,10,7,0,17,0,8,10,0,18,0,18,17,0,35,54,0,54,89
07/01/2012,MWA,IL,AGL,CE,Federal Contract Tower,0,5,1,0,6,0,2,7,0,9,0,7,8,0,15,0,0,0,15
07/02/2012,MWA,IL,AGL,CE,Federal Contract Tower,0,11,0,0,11,0,0,8,0,8,0,11,8,0,19,42,0,42,61
07/03/2012,MWA,IL,AGL,CE,Federal Contract Tower,0,11,1,2,14,0,0,11,0,11,0,11,12,2,25,56,10,66,91
07/04/2012,MWA,IL,AGL,CE,Federal Contract Tower,0,9,1,0,10,0,2,6,0,8,0,11,7,0,18,0,0,0,18
07/05/2012,MWA,IL,AGL,CE,Federal Contract Tower,0,19,1,0,20,0,7,12,3,22,0,26,13,3,42,76,0,76,118
07/06/2012,MWA,IL,AGL,CE,Federal Contract Tower,0,9,5,2,16,0,8,20,3,31,0,17,25,5,47,60,0,60,107
07/07/2012,MWA,IL,AGL,CE,Federal Contract Tower,0,8,0,0,8,0,0,12,0,12,0,8,12,0,20,20,0,20,40
07/08/2012,MWA,IL,AGL,CE,Federal Contract Tower,0,5,2,0,7,0,0,2,0,2,0,5,4,0,9,16,0,16,25
07/09/2012,MWA,IL,AGL,CE,Federal Contract Tower,0,12,3,0,15,0,3,9,0,12,0,15,12,0,27,78,0,78,105
07/10/2012,MWA,IL,AGL,CE,Federal Contract Tower,0,17,1,0,18,0,3,42,0,45,0,20,43,0,63,68,0,68,131
07/11/2012,MWA,IL,AGL,CE,Federal Contract Tower,0,17,0,0,17,0,3,26,0,29,0,20,26,0,46,80,0,80,126
07/12/2012,MWA,IL,AGL,CE,Federal Contract Tower,0,19,0,7,26,0,12,32,1,45,0,31,32,8,71,130,0,130,201
07/13/2012,MWA,IL,AGL,CE,Federal Contract Tower,0,13,2,0,15,0,3,15,0,18,0,16,17,0,33,10,0,10,43
07/14/2012,MWA,IL,AGL,CE,Federal Contract Tower,0,6,1,0,7,0,0,3,0,3,0,6,4,0,10,20,0,20,30
07/15/2012,MWA,IL,AGL,CE,Federal Contract Tower,0,13,1,0,14,0,0,22,6,28,0,13,23,6,42,94,0,94,136
07/16/2012,MWA,IL,AGL,CE,Federal Contract Tower,0,8,1,0,9,0,4,10,0,14,0,12,11,0,23,108,0,108,131
07/17/2012,MWA,IL,AGL,CE,Federal Contract Tower,0,15,0,0,15,0,7,15,1,23,0,22,15,1,38,78,0,78,116
07/18/2012,MWA,IL,AGL,CE,Federal Contract Tower,0,15,0,0,15,0,1,33,0,34,0,16,33,0,49,76,0,76,125
07/19/2012,MWA,IL,AGL,CE,Federal Contract Tower,0,13,2,2,17,0,2,15,5,22,0,15,17,7,39,14,32,46,85
07/20/2012,MWA,IL,AGL,CE,Federal Contract Tower,0,16,2,3,21,0,2,26,2,30,0,18,28,5,51,86,0,86,137
07/21/2012,MWA,IL,AGL,CE,Federal Contract Tower,0,15,4,0,19,0,11,36,4,51,0,26,40,4,70,106,14,120,190
07/22/2012,MWA,IL,AGL,CE,Federal Contract Tower,0,6,1,3,10,0,2,15,2,19,0,8,16,5,29,36,22,58,87
07/23/2012,MWA,IL,AGL,CE,Federal Contract Tower,0,10,0,2,12,0,5,19,0,24,0,15,19,2,36,82,4,86,122
07/24/2012,MWA,IL,AGL,CE,Federal Contract Tower,0,13,0,0,13,0,2,27,0,29,0,15,27,0,42,64,0,64,106
07/25/2012,MWA,IL,AGL,CE,Federal Contract Tower,0,10,0,0,10,0,0,2,2,4,0,10,2,2,14,16,0,16,30
07/26/2012,MWA,IL,AGL,CE,Federal Contract Tower,0,13,1,0,14,0,5,6,0,11,0,18,7,0,25,2,0,2,27
07/27/2012,MWA,IL,AGL,CE,Federal Contract Tower,0,14,0,4,18,0,1,32,5,38,0,15,32,9,56,6,0,6,62
07/28/2012,MWA,IL,AGL,CE,Federal Contract Tower,0,3,0,0,3,0,2,13,0,15,0,5,13,0,18,30,0,30,48
07/29/2012,MWA,IL,AGL,CE,Federal Contract Tower,0,5,1,0,6,0,7,2,0,9,0,12,3,0,15,0,0,0,15
07/30/2012,MWA,IL,AGL,CE,Federal Contract Tower,0,7,6,0,13,0,4,10,0,14,0,11,16,0,27,74,0,74,101
07/31/2012,MWA,IL,AGL,CE,Federal Contract Tower,0,15,0,0,15,0,4,12,2,18,0,19,12,2,33,22,0,22,55
08/01/2012,MWA,IL,AGL,CE,Federal Contract Tower,0,11,2,0,13,0,7,14,0,21,0,18,16,0,34,38,0,38,72
08/02/2012,MWA,IL,AGL,CE,Federal Contract Tower,0,12,2,0,14,0,0,33,2,35,0,12,35,2,49,110,0,110,159
08/03/2012,MWA,IL,AGL,CE,Federal Contract Tower,0,11,0,0,11,0,1,18,1,20,0,12,18,1,31,40,0,40,71
08/04/2012,MWA,IL,AGL,CE,Federal Contract Tower,0,5,2,0,7,0,1,16,0,17,0,6,18,0,24,14,0,14,38
08/05/2012,MWA,IL,AGL,CE,Federal Contract Tower,0,5,0,4,9,0,7,7,0,14,0,12,7,4,23,32,0,32,55
08/06/2012,MWA,IL,AGL,CE,Federal Contract Tower,0,11,1,0,12,0,7,15,6,28,0,18,16,6,40,86,0,86,126
08/07/2012,MWA,IL,AGL,CE,Federal Contract Tower,0,13,2,2,17,0,5,9,0,14,0,18,11,2,31,46,0,46,77
08/08/2012,MWA,IL,AGL,CE,Federal Contract Tower,0,13,2,0,15,0,3,14,0,17,0,16,16,0,32,2,0,2,34
08/09/2012,MWA,IL,AGL,CE,Federal Contract Tower,0,17,3,0,20,0,0,8,6,14,0,17,11,6,34,0,0,0,34
08/10/2012,MWA,IL,AGL,CE,Federal Contract Tower,0,14,0,2,16,0,6,5,3,14,0,20,5,5,30,16,0,16,46
08/11/2012,MWA,IL,AGL,CE,Federal Contract Tower,0,10,2,0,12,0,8,8,0,16,0,18,10,0,28,0,0,0,28
08/12/2012,MWA,IL,AGL,CE,Federal Contract Tower,0,5,2,0,7,0,1,15,0,16,0,6,17,0,23,52,0,52,75
08/13/2012,MWA,IL,AGL,CE,Federal Contract Tower,0,11,0,0,11,0,3,5,0,8,0,14,5,0,19,0,0,0,19
08/14/2012,MWA,IL,AGL,CE,Federal Contract Tower,2,17,0,0,19,0,1,12,0,13,2,18,12,0,32,38,2,40,72
08/15/2012,MWA,IL,AGL,CE,Federal Contract Tower,0,9,1,0,10,0,5,21,0,26,0,14,22,0,36,38,0,38,74
08/16/2012,MWA,IL,AGL,CE,Federal Contract Tower,0,12,2,0,14,0,2,4,2,8,0,14,6,2,22,0,0,0,22
08/17/2012,MWA,IL,AGL,CE,Federal Contract Tower,0,16,0,2,18,0,10,18,1,29,0,26,18,3,47,40,0,40,87
08/18/2012,MWA,IL,AGL,CE,Federal Contract Tower,0,8,0,0,8,0,7,41,2,50,0,15,41,2,58,58,0,58,116
08/19/2012,MWA,IL,AGL,CE,Federal Contract Tower,0,5,2,0,7,0,6,8,0,14,0,11,10,0,21,4,0,4,25
08/20/2012,MWA,IL,AGL,CE,Federal Contract Tower,0,15,0,2,17,0,0,35,0,35,0,15,35,2,52,54,6,60,112
08/21/2012,MWA,IL,AGL,CE,Federal Contract Tower,0,14,0,2,16,0,1,10,5,16,0,15,10,7,32,8,0,8,40
08/22/2012,MWA,IL,AGL,CE,Federal Contract Tower,0,10,3,0,13,0,9,20,0,29,0,19,23,0,42,44,0,44,86
08/23/2012,MWA,IL,AGL,CE,Federal Contract Tower,0,18,2,0,20,0,16,20,6,42,0,34,22,6,62,80,0,80,142
08/24/2012,MWA,IL,AGL,CE,Federal Contract Tower,0,12,0,2,14,0,8,33,2,43,0,20,33,4,57,26,0,26,83
08/25/2012,MWA,IL,AGL,CE,Federal Contract Tower,0,9,1,0,10,0,1,19,0,20,0,10,20,0,30,12,0,12,42
08/26/2012,MWA,IL,AGL,CE,Federal Contract Tower,0,5,0,0,5,0,2,7,0,9,0,7,7,0,14,0,0,0,14
08/27/2012,MWA,IL,AGL,CE,Federal Contract Tower,2,9,2,0,13,0,0,15,0,15,2,9,17,0,28,76,0,76,104
08/28/2012,MWA,IL,AGL,CE,Federal Contract Tower,0,12,0,3,15,0,6,13,2,21,0,18,13,5,36,66,34,100,136
08/29/2012,MWA,IL,AGL,CE,Federal Contract Tower,0,11,0,4,15,0,10,5,4,19,0,21,5,8,34,150,0,150,184
08/30/2012,MWA,IL,AGL,CE,Federal Contract Tower,0,11,2,0,13,0,10,23,2,35,0,21,25,2,48,78,0,78,126
08/31/2012,MWA,IL,AGL,CE,Federal Contract Tower,0,12,1,2,15,0,4,12,0,16,0,16,13,2,31,20,0,20,51
09/01/2012,MWA,IL,AGL,CE,Federal Contract Tower,0,3,0,0,3,0,0,4,0,4,0,3,4,0,7,0,0,0,7
09/02/2012,MWA,IL,AGL,CE,Federal Contract Tower,0,4,2,0,6,0,0,0,0,0,0,4,2,0,6,0,0,0,6
09/03/2012,MWA,IL,AGL,CE,Federal Contract Tower,0,12,3,0,15,0,3,2,0,5,0,15,5,0,20,2,0,2,22
09/04/2012,MWA,IL,AGL,CE,Federal Contract Tower,0,19,0,1,20,0,5,11,4,20,0,24,11,5,40,72,0,72,112
09/05/2012,MWA,IL,AGL,CE,Federal Contract Tower,0,14,0,0,14,0,2,19,0,21,0,16,19,0,35,20,0,20,55
09/06/2012,MWA,IL,AGL,CE,Federal Contract Tower,0,10,0,0,10,0,1,11,2,14,0,11,11,2,24,26,0,26,50
09/07/2012,MWA,IL,AGL,CE,Federal Contract Tower,0,14,2,0,16,0,3,20,0,23,0,17,22,0,39,34,0,34,73
09/08/2012,MWA,IL,AGL,CE,Federal Contract Tower,0,6,2,2,10,0,0,41,5,46,0,6,43,7,56,82,0,82,138
09/09/2012,MWA,IL,AGL,CE,Federal Contract Tower,0,3,0,0,3,0,3,27,2,32,0,6,27,2,35,28,0,28,63
09/10/2012,MWA,IL,AGL,CE,Federal Contract Tower,0,13,1,2,16,0,10,23,0,33,0,23,24,2,49,92,2,94,143
09/11/2012,MWA,IL,AGL,CE,Federal Contract Tower,0,14,0,0,14,0,3,15,0,18,0,17,15,0,32,22,0,22,54
09/12/2012,MWA,IL,AGL,CE,Federal Contract Tower,0,10,1,0,11,0,4,23,2,29,0,14,24,2,40,100,0,100,140
09/13/2012,MWA,IL,AGL,CE,Federal Contract Tower,1,11,3,0,15,0,2,15,3,20,1,13,18,3,35,52,0,52,87
09/14/2012,MWA,IL,AGL,CE,Federal Contract Tower,0,15,1,0,16,0,0,1,0,1,0,15,2,0,17,0,0,0,17
09/15/2012,MWA,IL,AGL,CE,Federal Contract Tower,0,6,1,0,7,0,12,20,0,32,0,18,21,0,39,24,4,28,67
09/16/2012,MWA,IL,AGL,CE,Federal Contract Tower,0,7,3,0,10,0,3,6,0,9,0,10,9,0,19,30,0,30,49
09/17/2012,MWA,IL,AGL,CE,Federal Contract Tower,0,10,3,0,13,0,2,0,0,2,0,12,3,0,15,0,0,0,15
09/18/2012,MWA,IL,AGL,CE,Federal Contract Tower,0,14,0,2,16,0,1,9,1,11,0,15,9,3,27,46,12,58,85
09/19/2012,MWA,IL,AGL,CE,Federal Contract Tower,0,10,2,7,19,0,0,10,5,15,0,10,12,12,34,48,22,70,104
09/20/2012,MWA,IL,AGL,CE,Federal Contract Tower,8,0,0,0,8,0,0,10,0,10,8,0,10,0,18,14,0,14,32
09/21/2012,MWA,IL,AGL,CE,Federal Contract Tower,0,13,4,4,21,0,2,9,0,11,0,15,13,4,32,66,0,66,98
09/22/2012,MWA,IL,AGL,CE,Federal Contract Tower,0,8,1,0,9,0,56,2,0,58,0,64,3,0,67,0,0,0,67
09/23/2012,MWA,IL,AGL,CE,Federal Contract Tower,0,5,0,0,5,0,92,25,0,117,0,97,25,0,122,76,0,76,198
09/24/2012,MWA,IL,AGL,CE,Federal Contract Tower,0,9,2,0,11,0,1,26,0,27,0,10,28,0,38,74,0,74,112
09/25/2012,MWA,IL,AGL,CE,Federal Contract Tower,0,15,0,2,17,0,1,4,1,6,0,16,4,3,23,38,0,38,61
09/26/2012,MWA,IL,AGL,CE,Federal Contract Tower,0,9,3,0,12,0,2,1,0,3,0,11,4,0,15,0,0,0,15
09/27/2012,MWA,IL,AGL,CE,Federal Contract Tower,0,17,1,0,18,0,0,0,0,0,0,17,1,0,18,0,0,0,18
09/28/2012,MWA,IL,AGL,CE,Federal Contract Tower,0,9,2,0,11,0,7,18,0,25,0,16,20,0,36,78,0,78,114
09/29/2012,MWA,IL,AGL,CE,Federal Contract Tower,0,7,1,0,8,0,1,15,0,16,0,8,16,0,24,20,0,20,44
09/30/2012,MWA,IL,AGL,CE,Federal Contract Tower,0,6,3,0,9,0,2,9,0,11,0,8,12,0,20,30,0,30,50
10/01/2012,MWA,IL,AGL,CE,Federal Contract Tower,0,13,4,0,17,0,4,6,0,10,0,17,10,0,27,12,0,12,39
10/02/2012,MWA,IL,AGL,CE,Federal Contract Tower,0,20,1,0,21,0,4,17,0,21,0,24,18,0,42,46,0,46,88
10/03/2012,MWA,IL,AGL,CE,Federal Contract Tower,0,15,0,0,15,0,23,21,2,46,0,38,21,2,61,156,0,156,217
10/04/2012,MWA,IL,AGL,CE,Federal Contract Tower,0,20,3,0,23,0,8,29,0,37,0,28,32,0,60,78,0,78,138
10/05/2012,MWA,IL,AGL,CE,Federal Contract Tower,0,11,2,2,15,0,11,12,0,23,0,22,14,2,38,36,20,56,94
10/06/2012,MWA,IL,AGL,CE,Federal Contract Tower,0,7,3,0,10,0,1,25,0,26,0,8,28,0,36,0,0,0,36
10/07/2012,MWA,IL,AGL,CE,Federal Contract Tower,0,9,6,0,15,0,0,16,0,16,0,9,22,0,31,6,0,6,37
10/08/2012,MWA,IL,AGL,CE,Federal Contract Tower,0,8,3,0,11,0,0,13,0,13,0,8,16,0,24,50,0,50,74
10/09/2012,MWA,IL,AGL,CE,Federal Contract Tower,0,22,0,0,22,0,10,12,0,22,0,32,12,0,44,88,0,88,132
10/10/2012,MWA,IL,AGL,CE,Federal Contract Tower,0,15,3,0,18,0,10,0,0,10,0,25,3,0,28,90,0,90,118
10/11/2012,MWA,IL,AGL,CE,Federal Contract Tower,0,12,1,0,13,0,5,35,0,40,0,17,36,0,53,94,0,94,147
10/12/2012,MWA,IL,AGL,CE,Federal Contract Tower,2,9,2,2,15,0,9,33,2,44,2,18,35,4,59,80,4,84,143
10/13/2012,MWA,IL,AGL,CE,Federal Contract Tower,1,8,1,0,10,0,0,3,0,3,1,8,4,0,13,12,0,12,25
10/14/2012,MWA,IL,AGL,CE,Federal Contract Tower,0,8,1,0,9,0,0,4,0,4,0,8,5,0,13,10,0,10,23
10/15/2012,MWA,IL,AGL,CE,Federal Contract Tower,0,10,4,0,14,0,9,16,0,25,0,19,20,0,39,78,0,78,117
10/16/2012,MWA,IL,AGL,CE,Federal Contract Tower,0,19,1,0,20,0,11,22,0,33,0,30,23,0,53,130,0,130,183
10/17/2012,MWA,IL,AGL,CE,Federal Contract Tower,0,11,0,1,12,0,2,3,8,13,0,13,3,9,25,0,0,0,25
10/18/2012,MWA,IL,AGL,CE,Federal Contract Tower,0,12,1,0,13,0,7,9,0,16,0,19,10,0,29,6,0,6,35
10/19/2012,MWA,IL,AGL,CE,Federal Contract Tower,2,8,0,4,14,0,0,15,1,16,2,8,15,5,30,26,12,38,68
10/20/2012,MWA,IL,AGL,CE,Federal Contract Tower,0,3,4,2,9,0,1,27,0,28,0,4,31,2,37,78,0,78,115
10/21/2012,MWA,IL,AGL,CE,Federal Contract Tower,0,8,6,0,14,0,10,6,15,31,0,18,12,15,45,0,0,0,45
10/22/2012,MWA,IL,AGL,CE,Federal Contract Tower,0,9,0,4,13,0,6,12,2,20,0,15,12,6,33,66,28,94,127
10/23/2012,MWA,IL,AGL,CE,Federal Contract Tower,0,12,2,0,14,0,0,20,0,20,0,12,22,0,34,34,0,34,68
10/24/2012,MWA,IL,AGL,CE,Federal Contract Tower,0,8,0,0,8,0,9,31,0,40,0,17,31,0,48,132,0,132,180
10/25/2012,MWA,IL,AGL,CE,Federal Contract Tower,0,10,0,0,10,0,0,21,0,21,0,10,21,0,31,50,0,50,81
10/26/2012,MWA,IL,AGL,CE,Federal Contract Tower,2,16,1,0,19,0,3,10,0,13,2,19,11,0,32,20,0,20,52
10/27/2012,MWA,IL,AGL,CE,Federal Contract Tower,0,8,0,1,9,0,4,54,0,58,0,12,54,1,67,82,0,82,149
10/28/2012,MWA,IL,AGL,CE,Federal Contract Tower,0,11,1,0,12,0,6,6,0,12,0,17,7,0,24,0,0,0,24
10/29/2012,MWA,IL,AGL,CE,Federal Contract Tower,0,14,4,0,18,0,3,25,0,28,0,17,29,0,46,40,0,40,86
10/30/2012,MWA,IL,AGL,CE,Federal Contract Tower,0,17,0,0,17,0,6,4,0,10,0,23,4,0,27,22,0,22,49
10/31/2012,MWA,IL,AGL,CE,Federal Contract Tower,0,14,0,2,16,0,2,23,0,25,0,16,23,2,41,68,0,68,109
11/01/2012,MWA,IL,AGL,CE,Federal Contract Tower,0,12,0,0,12,0,3,27,0,30,0,15,27,0,42,104,0,104,146
11/02/2012,MWA,IL,AGL,CE,Federal Contract Tower,2,18,1,0,21,0,10,19,0,29,2,28,20,0,50,104,4,108,158
11/03/2012,MWA,IL,AGL,CE,Federal Contract Tower,1,13,3,0,17,0,0,22,1,23,1,13,25,1,40,82,0,82,122
11/04/2012,MWA,IL,AGL,CE,Federal Contract Tower,0,10,2,0,12,0,2,32,0,34,0,12,34,0,46,52,0,52,98
11/05/2012,MWA,IL,AGL,CE,Federal Contract Tower,0,10,3,0,13,0,10,24,0,34,0,20,27,0,47,80,0,80,127
11/06/2012,MWA,IL,AGL,CE,Federal Contract Tower,0,14,0,0,14,0,0,25,0,25,0,14,25,0,39,116,0,116,155
11/07/2012,MWA,IL,AGL,CE,Federal Contract Tower,0,12,4,0,16,0,3,23,0,26,0,15,27,0,42,108,0,108,150
11/08/2012,MWA,IL,AGL,CE,Federal Contract Tower,0,12,11,0,23,0,0,30,0,30,0,12,41,0,53,96,0,96,149
11/09/2012,MWA,IL,AGL,CE,Federal Contract Tower,0,12,2,0,14,0,1,25,0,26,0,13,27,0,40,82,0,82,122
11/10/2012,MWA,IL,AGL,CE,Federal Contract Tower,0,6,2,0,8,0,0,24,0,24,0,6,26,0,32,30,0,30,62
11/11/2012,MWA,IL,AGL,CE,Federal Contract Tower,0,6,0,0,6,0,2,0,0,2,0,8,0,0,8,0,0,0,8
11/12/2012,MWA,IL,AGL,CE,Federal Contract Tower,0,14,0,0,14,0,2,10,0,12,0,16,10,0,26,40,0,40,66
11/13/2012,MWA,IL,AGL,CE,Federal Contract Tower,0,10,0,0,10,0,0,18,0,18,0,10,18,0,28,46,0,46,74
11/14/2012,MWA,IL,AGL,CE,Federal Contract Tower,0,11,4,0,15,0,20,20,0,40,0,31,24,0,55,144,0,144,199
11/15/2012,MWA,IL,AGL,CE,Federal Contract Tower,0,15,2,0,17,0,7,20,0,27,0,22,22,0,44,102,0,102,146
11/16/2012,MWA,IL,AGL,CE,Federal Contract Tower,0,15,0,0,15,0,1,35,0,36,0,16,35,0,51,70,0,70,121
11/17/2012,MWA,IL,AGL,CE,Federal Contract Tower,0,11,2,0,13,0,0,27,0,27,0,11,29,0,40,72,0,72,112
11/18/2012,MWA,IL,AGL,CE,Federal Contract Tower,0,5,0,4,9,0,0,28,0,28,0,5,28,4,37,12,6,18,55
11/19/2012,MWA,IL,AGL,CE,Federal Contract Tower,0,11,1,4,16,0,3,43,2,48,0,14,44,6,64,96,24,120,184
11/20/2012,MWA,IL,AGL,CE,Federal Contract Tower,0,15,1,0,16,0,17,11,0,28,0,32,12,0,44,82,0,82,126
11/21/2012,MWA,IL,AGL,CE,Federal Contract Tower,0,8,0,0,8,0,5,6,0,11,0,13,6,0,19,42,0,42,61
11/22/2012,MWA,IL,AGL,CE,Federal Contract Tower,0,8,0,0,8,0,1,2,0,3,0,9,2,0,11,0,0,0,11
11/23/2012,MWA,IL,AGL,CE,Federal Contract Tower,0,8,1,0,9,0,4,10,0,14,0,12,11,0,23,0,0,0,23
11/24/2012,MWA,IL,AGL,CE,Federal Contract Tower,0,3,5,0,8,0,0,13,0,13,0,3,18,0,21,32,0,32,53
11/25/2012,MWA,IL,AGL,CE,Federal Contract Tower,0,5,3,0,8,0,0,15,0,15,0,5,18,0,23,0,0,0,23
11/26/2012,MWA,IL,AGL,CE,Federal Contract Tower,0,8,5,2,15,0,5,16,0,21,0,13,21,2,36,74,2,76,112
11/27/2012,MWA,IL,AGL,CE,Federal Contract Tower,0,13,1,0,14,0,4,16,0,20,0,17,17,0,34,120,0,120,154
11/28/2012,MWA,IL,AGL,CE,Federal Contract Tower,0,14,0,1,15,0,0,34,0,34,0,14,34,1,49,76,2,78,127
11/29/2012,MWA,IL,AGL,CE,Federal Contract Tower,0,9,0,2,11,0,4,22,0,26,0,13,22,2,37,58,4,62,99
11/30/2012,MWA,IL,AGL,CE,Federal Contract Tower,0,12,6,1,19,0,2,14,0,16,0,14,20,1,35,56,2,58,93
12/01/2012,MWA,IL,AGL,CE,Federal Contract Tower,0,6,3,2,11,0,0,14,1,15,0,6,17,3,26,26,6,32,58
12/02/2012,MWA,IL,AGL,CE,Federal Contract Tower,0,6,2,0,8,0,5,2,0,7,0,11,4,0,15,0,0,0,15
12/03/2012,MWA,IL,AGL,CE,Federal Contract Tower,0,7,1,0,8,0,0,4,0,4,0,7,5,0,12,46,0,46,58
12/04/2012,MWA,IL,AGL,CE,Federal Contract Tower,0,12,2,0,14,0,1,0,0,1,0,13,2,0,15,4,0,4,19
12/05/2012,MWA,IL,AGL,CE,Federal Contract Tower,0,16,1,0,17,0,5,40,2,47,0,21,41,2,64,134,0,134,198
12/06/2012,MWA,IL,AGL,CE,Federal Contract Tower,0,17,1,0,18,0,0,51,0,51,0,17,52,0,69,98,0,98,167
12/07/2012,MWA,IL,AGL,CE,Federal Contract Tower,0,11,4,4,19,0,0,0,0,0,0,11,4,4,19,8,0,8,27
12/08/2012,MWA,IL,AGL,CE,Federal Contract Tower,0,6,0,0,6,0,0,3,0,3,0,6,3,0,9,16,0,16,25
12/09/2012,MWA,IL,AGL,CE,Federal Contract Tower,0,2,0,0,2,0,0,0,0,0,0,2,0,0,2,0,0,0,2
12/10/2012,MWA,IL,AGL,CE,Federal Contract Tower,0,11,0,0,11,0,0,5,0,5,0,11,5,0,16,12,0,12,28
12/11/2012,MWA,IL,AGL,CE,Federal Contract Tower,0,8,1,0,9,0,3,30,0,33,0,11,31,0,42,110,0,110,152
12/12/2012,MWA,IL,AGL,CE,Federal Contract Tower,0,20,0,0,20,0,7,39,0,46,0,27,39,0,66,60,0,60,126
12/13/2012,MWA,IL,AGL,CE,Federal Contract Tower,0,17,5,0,22,0,3,38,0,41,0,20,43,0,63,82,0,82,145
12/14/2012,MWA,IL,AGL,CE,Federal Contract Tower,0,16,2,0,18,0,7,24,0,31,0,23,26,0,49,128,0,128,177
12/15/2012,MWA,IL,AGL,CE,Federal Contract Tower,0,12,2,0,14,0,5,4,0,9,0,17,6,0,23,8,0,8,31
12/16/2012,MWA,IL,AGL,CE,Federal Contract Tower,0,9,2,0,11,0,0,12,0,12,0,9,14,0,23,26,0,26,49
12/17/2012,MWA,IL,AGL,CE,Federal Contract Tower,0,14,0,0,14,0,0,0,0,0,0,14,0,0,14,0,0,0,14
12/18/2012,MWA,IL,AGL,CE,Federal Contract Tower,0,11,0,0,11,0,3,11,0,14,0,14,11,0,25,16,0,16,41
12/19/2012,MWA,IL,AGL,CE,Federal Contract Tower,0,14,1,0,15,0,2,19,0,21,0,16,20,0,36,52,4,56,92
12/20/2012,MWA,IL,AGL,CE,Federal Contract Tower,0,1,0,0,1,0,0,0,0,0,0,1,0,0,1,0,0,0,1
12/21/2012,MWA,IL,AGL,CE,Federal Contract Tower,0,13,1,0,14,0,5,3,0,8,0,18,4,0,22,0,0,0,22
12/22/2012,MWA,IL,AGL,CE,Federal Contract Tower,0,7,0,0,7,0,2,28,4,34,0,9,28,4,41,14,0,14,55
12/23/2012,MWA,IL,AGL,CE,Federal Contract Tower,0,6,3,0,9,0,1,23,0,24,0,7,26,0,33,30,0,30,63
12/24/2012,MWA,IL,AGL,CE,Federal Contract Tower,0,10,5,0,15,0,0,5,0,5,0,10,10,0,20,4,0,4,24
12/25/2012,MWA,IL,AGL,CE,Federal Contract Tower,0,11,0,0,11,0,0,0,0,0,0,11,0,0,11,0,0,0,11
12/26/2012,MWA,IL,AGL,CE,Federal Contract Tower,0,5,0,0,5,0,0,0,0,0,0,5,0,0,5,0,0,0,5
12/27/2012,MWA,IL,AGL,CE,Federal Contract Tower,0,13,2,0,15,0,6,4,0,10,0,19,6,0,25,0,0,0,25
12/28/2012,MWA,IL,AGL,CE,Federal Contract Tower,0,11,2,1,14,0,3,14,0,17,0,14,16,1,31,38,1,39,70
12/29/2012,MWA,IL,AGL,CE,Federal Contract Tower,0,10,1,0,11,0,0,0,0,0,0,10,1,0,11,0,0,0,11
12/30/2012,MWA,IL,AGL,CE,Federal Contract Tower,0,8,2,0,10,0,1,6,0,7,0,9,8,0,17,0,0,0,17
12/31/2012,MWA,IL,AGL,CE,Federal Contract Tower,0,8,1,0,9,0,0,0,0,0,0,8,1,0,9,0,0,0,9
01/01/2013,MWA,IL,AGL,CE,Federal Contract Tower,0,8,0,0,8,0,0,2,0,2,0,8,2,0,10,0,0,0,10
01/02/2013,MWA,IL,AGL,CE,Federal Contract Tower,0,15,3,0,18,0,8,17,0,25,0,23,20,0,43,8,0,8,51
01/03/2013,MWA,IL,AGL,CE,Federal Contract Tower,0,11,2,2,15,0,1,7,0,8,0,12,9,2,23,0,0,0,23
01/04/2013,MWA,IL,AGL,CE,Federal Contract Tower,0,10,0,0,10,0,1,15,0,16,0,11,15,0,26,40,0,40,66
01/05/2013,MWA,IL,AGL,CE,Federal Contract Tower,0,7,2,0,9,0,0,14,0,14,0,7,16,0,23,10,0,10,33
01/06/2013,MWA,IL,AGL,CE,Federal Contract Tower,0,7,0,0,7,0,0,7,0,7,0,7,7,0,14,0,0,0,14
01/07/2013,MWA,IL,AGL,CE,Federal Contract Tower,0,9,1,0,10,0,14,10,0,24,0,23,11,0,34,40,0,40,74
01/08/2013,MWA,IL,AGL,CE,Federal Contract Tower,0,13,0,0,13,0,12,11,0,23,0,25,11,0,36,94,0,94,130
01/09/2013,MWA,IL,AGL,CE,Federal Contract Tower,0,14,3,0,17,0,1,10,0,11,0,15,13,0,28,20,0,20,48
01/10/2013,MWA,IL,AGL,CE,Federal Contract Tower,0,15,0,0,15,0,0,0,0,0,0,15,0,0,15,0,0,0,15
01/11/2013,MWA,IL,AGL,CE,Federal Contract Tower,0,10,0,0,10,0,1,13,1,15,0,11,13,1,25,4,2,6,31
01/12/2013,MWA,IL,AGL,CE,Federal Contract Tower,0,10,0,2,12,0,0,3,2,5,0,10,3,4,17,0,0,0,17
01/13/2013,MWA,IL,AGL,CE,Federal Contract Tower,0,3,0,0,3,0,0,0,0,0,0,3,0,0,3,0,0,0,3
01/14/2013,MWA,IL,AGL,CE,Federal Contract Tower,0,8,0,0,8,0,9,4,0,13,0,17,4,0,21,0,0,0,21
01/15/2013,MWA,IL,AGL,CE,Federal Contract Tower,0,11,1,2,14,0,6,3,1,10,0,17,4,3,24,58,2,60,84
01/16/2013,MWA,IL,AGL,CE,Federal Contract Tower,0,14,2,0,16,0,2,17,0,19,0,16,19,0,35,46,0,46,81
01/17/2013,MWA,IL,AGL,CE,Federal Contract Tower,0,7,0,0,7,0,3,29,0,32,0,10,29,0,39,42,0,42,81
01/18/2013,MWA,IL,AGL,CE,Federal Contract Tower,0,15,1,6,22,0,0,29,2,31,0,15,30,8,53,84,0,84,137
01/19/2013,MWA,IL,AGL,CE,Federal Contract Tower,0,9,2,0,11,0,0,10,0,10,0,9,12,0,21,4,0,4,25
01/20/2013,MWA,IL,AGL,CE,Federal Contract Tower,0,5,1,0,6,0,0,21,0,21,0,5,22,0,27,64,0,64,91
01/21/2013,MWA,IL,AGL,CE,Federal Contract Tower,0,8,0,0,8,0,0,14,0,14,0,8,14,0,22,44,0,44,66
01/22/2013,MWA,IL,AGL,CE,Federal Contract Tower,0,16,0,0,16,0,1,10,0,11,0,17,10,0,27,48,0,48,75
01/23/2013,MWA,IL,AGL,CE,Federal Contract Tower,0,15,0,0,15,0,0,23,0,23,0,15,23,0,38,72,0,72,110
01/24/2013,MWA,IL,AGL,CE,Federal Contract Tower,0,10,0,0,10,0,2,21,2,25,0,12,21,2,35,104,0,104,139
01/25/2013,MWA,IL,AGL,CE,Federal Contract Tower,0,13,1,0,14,0,3,13,0,16,0,16,14,0,30,86,0,86,116
01/26/2013,MWA,IL,AGL,CE,Federal Contract Tower,0,6,1,0,7,0,11,27,0,38,0,17,28,0,45,34,0,34,79
01/27/2013,MWA,IL,AGL,CE,Federal Contract Tower,0,9,2,0,11,0,0,0,0,0,0,9,2,0,11,0,0,0,11
01/28/2013,MWA,IL,AGL,CE,Federal Contract Tower,0,9,1,0,10,0,0,0,0,0,0,9,1,0,10,0,0,0,10
01/29/2013,MWA,IL,AGL,CE,Federal Contract Tower,0,7,0,0,7,0,0,0,0,0,0,7,0,0,7,0,0,0,7
01/30/2013,MWA,IL,AGL,CE,Federal Contract Tower,0,8,0,0,8,0,0,0,0,0,0,8,0,0,8,0,0,0,8
01/31/2013,MWA,IL,AGL,CE,Federal Contract Tower,0,8,2,0,10,0,8,11,0,19,0,16,13,0,29,54,0,54,83
02/01/2013,MWA,IL,AGL,CE,Federal Contract Tower,0,7,0,7,14,0,17,15,0,32,0,24,15,7,46,142,24,166,212
02/02/2013,MWA,IL,AGL,CE,Federal Contract Tower,0,7,0,0,7,0,23,41,0,64,0,30,41,0,71,12,0,12,83
02/03/2013,MWA,IL,AGL,CE,Federal Contract Tower,0,6,1,0,7,0,2,10,0,12,0,8,11,0,19,25,0,25,44
02/04/2013,MWA,IL,AGL,CE,Federal Contract Tower,0,8,0,0,8,0,0,19,0,19,0,8,19,0,27,54,0,54,81
02/05/2013,MWA,IL,AGL,CE,Federal Contract Tower,0,11,0,0,11,0,2,32,0,34,0,13,32,0,45,168,16,184,229
02/06/2013,MWA,IL,AGL,CE,Federal Contract Tower,0,14,1,4,19,0,8,43,0,51,0,22,44,4,70,188,0,188,258
02/07/2013,MWA,IL,AGL,CE,Federal Contract Tower,0,11,2,0,13,0,4,20,0,24,0,15,22,0,37,90,0,90,127
02/08/2013,MWA,IL,AGL,CE,Federal Contract Tower,0,11,6,0,17,0,1,4,0,5,0,12,10,0,22,0,0,0,22
02/09/2013,MWA,IL,AGL,CE,Federal Contract Tower,0,6,0,0,6,0,0,20,0,20,0,6,20,0,26,82,0,82,108
02/10/2013,MWA,IL,AGL,CE,Federal Contract Tower,0,6,0,0,6,0,0,0,0,0,0,6,0,0,6,0,0,0,6
02/11/2013,MWA,IL,AGL,CE,Federal Contract Tower,0,15,0,0,15,0,0,11,0,11,0,15,11,0,26,56,0,56,82
02/12/2013,MWA,IL,AGL,CE,Federal Contract Tower,0,9,1,7,17,0,9,23,0,32,0,18,24,7,49,182,8,190,239
02/13/2013,MWA,IL,AGL,CE,Federal Contract Tower,0,8,0,0,8,0,14,18,0,32,0,22,18,0,40,82,0,82,122
02/14/2013,MWA,IL,AGL,CE,Federal Contract Tower,0,13,0,0,13,0,11,28,1,40,0,24,28,1,53,142,0,142,195
02/15/2013,MWA,IL,AGL,CE,Federal Contract Tower,0,14,3,0,17,0,8,20,0,28,0,22,23,0,45,102,0,102,147
02/16/2013,MWA,IL,AGL,CE,Federal Contract Tower,0,9,1,0,10,0,3,17,0,20,0,12,18,0,30,52,0,52,82
02/17/2013,MWA,IL,AGL,CE,Federal Contract Tower,0,6,2,0,8,0,0,13,0,13,0,6,15,0,21,20,0,20,41
02/18/2013,MWA,IL,AGL,CE,Federal Contract Tower,0,10,0,0,10,0,0,0,0,0,0,10,0,0,10,0,0,0,10
02/19/2013,MWA,IL,AGL,CE,Federal Contract Tower,0,14,0,0,14,0,12,17,0,29,0,26,17,0,43,192,0,192,235
02/20/2013,MWA,IL,AGL,CE,Federal Contract Tower,0,12,1,0,13,0,12,24,1,37,0,24,25,1,50,88,0,88,138
02/21/2013,MWA,IL,AGL,CE,Federal Contract Tower,0,3,0,0,3,0,0,0,0,0,0,3,0,0,3,0,0,0,3
02/22/2013,MWA,IL,AGL,CE,Federal Contract Tower,0,11,0,0,11,0,0,3,0,3,0,11,3,0,14,14,0,14,28
02/23/2013,MWA,IL,AGL,CE,Federal Contract Tower,0,7,1,0,8,0,0,20,6,26,0,7,21,6,34,94,0,94,128
02/24/2013,MWA,IL,AGL,CE,Federal Contract Tower,0,4,4,1,9,0,8,19,0,27,0,12,23,1,36,88,0,88,124
02/25/2013,MWA,IL,AGL,CE,Federal Contract Tower,0,9,0,2,11,0,10,22,1,33,0,19,22,3,44,190,0,190,234
02/26/2013,MWA,IL,AGL,CE,Federal Contract Tower,0,15,4,0,19,0,0,4,0,4,0,15,8,0,23,24,0,24,47
02/27/2013,MWA,IL,AGL,CE,Federal Contract Tower,0,10,0,0,10,0,8,0,0,8,0,18,0,0,18,0,0,0,18
02/28/2013,MWA,IL,AGL,CE,Federal Contract Tower,0,10,2,0,12,0,0,3,0,3,0,10,5,0,15,16,0,16,31
03/01/2013,MWA,IL,AGL,CE,Federal Contract Tower,0,13,1,0,14,0,0,0,0,0,0,13,1,0,14,0,0,0,14
03/02/2013,MWA,IL,AGL,CE,Federal Contract Tower,0,6,0,0,6,0,6,0,0,6,0,12,0,0,12,0,0,0,12
03/03/2013,MWA,IL,AGL,CE,Federal Contract Tower,0,8,2,0,10,0,10,19,0,29,0,18,21,0,39,28,0,28,67
03/04/2013,MWA,IL,AGL,CE,Federal Contract Tower,0,17,3,0,20,0,4,14,0,18,0,21,17,0,38,44,0,44,82
03/05/2013,MWA,IL,AGL,CE,Federal Contract Tower,0,14,0,0,14,0,0,0,0,0,0,14,0,0,14,26,0,26,40
03/06/2013,MWA,IL,AGL,CE,Federal Contract Tower,0,14,0,0,14,0,4,27,0,31,0,18,27,0,45,96,0,96,141
03/07/2013,MWA,IL,AGL,CE,Federal Contract Tower,0,15,2,0,17,0,2,56,1,59,0,17,58,1,76,118,0,118,194
03/08/2013,MWA,IL,AGL,CE,Federal Contract Tower,0,15,1,0,16,0,5,24,6,35,0,20,25,6,51,120,0,120,171
03/09/2013,MWA,IL,AGL,CE,Federal Contract Tower,0,9,5,0,14,0,3,18,2,23,0,12,23,2,37,88,0,88,125
03/10/2013,MWA,IL,AGL,CE,Federal Contract Tower,0,5,0,0,5,0,0,0,0,0,0,5,0,0,5,0,0,0,5
03/11/2013,MWA,IL,AGL,CE,Federal Contract Tower,0,13,0,0,13,0,0,18,0,18,0,13,18,0,31,24,0,24,55
03/12/2013,MWA,IL,AGL,CE,Federal Contract Tower,0,14,3,0,17,0,0,22,0,22,0,14,25,0,39,68,0,68,107
03/13/2013,MWA,IL,AGL,CE,Federal Contract Tower,0,18,1,0,19,0,4,20,0,24,0,22,21,0,43,60,0,60,103
03/14/2013,MWA,IL,AGL,CE,Federal Contract Tower,0,12,0,0,12,0,6,4,0,10,0,18,4,0,22,16,0,16,38
03/15/2013,MWA,IL,AGL,CE,Federal Contract Tower,0,12,2,0,14,0,7,21,0,28,0,19,23,0,42,36,0,36,78
03/16/2013,MWA,IL,AGL,CE,Federal Contract Tower,0,10,2,0,12,0,6,13,2,21,0,16,15,2,33,59,0,59,92
03/17/2013,MWA,IL,AGL,CE,Federal Contract Tower,0,5,1,0,6,0,0,0,0,0,0,5,1,0,6,0,0,0,6
03/18/2013,MWA,IL,AGL,CE,Federal Contract Tower,0,13,0,0,13,0,1,2,0,3,0,14,2,0,16,0,0,0,16
03/19/2013,MWA,IL,AGL,CE,Federal Contract Tower,0,19,1,0,20,0,1,65,0,66,0,20,66,0,86,136,0,136,222
03/20/2013,MWA,IL,AGL,CE,Federal Contract Tower,0,17,4,0,21,0,2,11,0,13,0,19,15,0,34,76,0,76,110
03/21/2013,MWA,IL,AGL,CE,Federal Contract Tower,0,12,0,0,12,0,14,21,0,35,0,26,21,0,47,222,0,222,269
03/22/2013,MWA,IL,AGL,CE,Federal Contract Tower,0,10,2,2,14,0,2,18,0,20,0,12,20,2,34,78,0,78,112
03/23/2013,MWA,IL,AGL,CE,Federal Contract Tower,0,7,0,0,7,0,3,18,0,21,0,10,18,0,28,66,0,66,94
03/24/2013,MWA,IL,AGL,CE,Federal Contract Tower,0,3,0,0,3,0,0,0,0,0,0,3,0,0,3,0,0,0,3
03/25/2013,MWA,IL,AGL,CE,Federal Contract Tower,0,9,0,0,9,0,0,0,0,0,0,9,0,0,9,0,0,0,9
03/26/2013,MWA,IL,AGL,CE,Federal Contract Tower,0,14,0,0,14,0,9,5,0,14,0,23,5,0,28,112,0,112,140
03/27/2013,MWA,IL,AGL,CE,Federal Contract Tower,0,18,1,0,19,0,5,17,0,22,0,23,18,0,41,166,0,166,207
03/28/2013,MWA,IL,AGL,CE,Federal Contract Tower,0,14,0,0,14,0,4,24,1,29,0,18,24,1,43,72,0,72,115
03/29/2013,MWA,IL,AGL,CE,Federal Contract Tower,0,13,4,0,17,0,1,5,0,6,0,14,9,0,23,22,0,22,45
03/30/2013,MWA,IL,AGL,CE,Federal Contract Tower,0,17,1,0,18,0,0,15,0,15,0,17,16,0,33,12,0,12,45
03/31/2013,MWA,IL,AGL,CE,Federal Contract Tower,0,6,1,0,7,0,0,8,0,8,0,6,9,0,15,20,0,20,35
04/01/2013,MWA,IL,AGL,CE,Federal Contract Tower,0,15,0,0,15,0,10,14,0,24,0,25,14,0,39,110,0,110,149
04/02/2013,MWA,IL,AGL,CE,Federal Contract Tower,0,14,1,0,15,0,12,16,0,28,0,26,17,0,43,170,0,170,213
04/03/2013,MWA,IL,AGL,CE,Federal Contract Tower,0,18,2,0,20,0,3,29,0,32,0,21,31,0,52,56,0,56,108
04/04/2013,MWA,IL,AGL,CE,Federal Contract Tower,0,10,2,0,12,0,6,23,0,29,0,16,25,0,41,112,0,112,153
04/05/2013,MWA,IL,AGL,CE,Federal Contract Tower,0,14,0,0,14,0,0,54,0,54,0,14,54,0,68,114,0,114,182
04/06/2013,MWA,IL,AGL,CE,Federal Contract Tower,0,12,5,0,17,1,21,0,0,22,1,33,5,0,39,18,0,18,57
04/07/2013,MWA,IL,AGL,CE,Federal Contract Tower,0,7,2,0,9,0,2,5,0,7,0,9,7,0,16,22,0,22,38
04/08/2013,MWA,IL,AGL,CE,Federal Contract Tower,0,12,0,0,12,0,5,2,0,7,0,17,2,0,19,12,0,12,31
04/09/2013,MWA,IL,AGL,CE,Federal Contract Tower,0,24,0,0,24,0,5,18,0,23,0,29,18,0,47,90,0,90,137
04/10/2013,MWA,IL,AGL,CE,Federal Contract Tower,0,17,0,0,17,0,6,3,0,9,0,23,3,0,26,0,0,0,26
04/11/2013,MWA,IL,AGL,CE,Federal Contract Tower,0,15,0,0,15,0,1,0,0,1,0,16,0,0,16,0,0,0,16
04/12/2013,MWA,IL,AGL,CE,Federal Contract Tower,0,16,1,2,19,0,4,39,1,44,0,20,40,3,63,202,0,202,265
04/13/2013,MWA,IL,AGL,CE,Federal Contract Tower,0,9,3,0,12,0,15,17,5,37,0,24,20,5,49,138,0,138,187
04/14/2013,MWA,IL,AGL,CE,Federal Contract Tower,0,6,2,0,8,0,9,9,0,18,0,15,11,0,26,74,0,74,100
04/15/2013,MWA,IL,AGL,CE,Federal Contract Tower,0,10,4,0,14,0,6,18,0,24,0,16,22,0,38,42,0,42,80
04/16/2013,MWA,IL,AGL,CE,Federal Contract Tower,0,20,0,0,20,0,5,15,0,20,0,25,15,0,40,10,0,10,50
04/17/2013,MWA,IL,AGL,CE,Federal Contract Tower,0,23,0,0,23,0,0,4,0,4,0,23,4,0,27,28,0,28,55
04/18/2013,MWA,IL,AGL,CE,Federal Contract Tower,0,3,0,0,3,0,0,0,0,0,0,3,0,0,3,0,0,0,3
04/19/2013,MWA,IL,AGL,CE,Federal Contract Tower,0,13,1,0,14,0,9,7,0,16,0,22,8,0,30,132,0,132,162
04/20/2013,MWA,IL,AGL,CE,Federal Contract Tower,0,8,2,0,10,0,17,31,0,48,0,25,33,0,58,214,0,214,272
04/21/2013,MWA,IL,AGL,CE,Federal Contract Tower,0,15,1,2,18,0,6,21,0,27,0,21,22,2,45,76,2,78,123
04/22/2013,MWA,IL,AGL,CE,Federal Contract Tower,0,16,1,0,17,0,15,35,0,50,0,31,36,0,67,140,0,140,207
04/23/2013,MWA,IL,AGL,CE,Federal Contract Tower,0,16,0,2,18,0,0,3,0,3,0,16,3,2,21,14,22,36,57
04/24/2013,MWA,IL,AGL,CE,Federal Contract Tower,0,10,0,0,10,0,0,24,0,24,0,10,24,0,34,86,0,86,120
04/25/2013,MWA,IL,AGL,CE,Federal Contract Tower,0,15,1,0,16,0,14,32,2,48,0,29,33,2,64,134,0,134,198
04/26/2013,MWA,IL,AGL,CE,Federal Contract Tower,0,12,0,0,12,0,2,9,0,11,0,14,9,0,23,98,0,98,121
04/27/2013,MWA,IL,AGL,CE,Federal Contract Tower,0,7,0,0,7,0,0,0,0,0,0,7,0,0,7,0,0,0,7
04/28/2013,MWA,IL,AGL,CE,Federal Contract Tower,0,8,5,0,13,0,1,1,0,2,0,9,6,0,15,2,0,2,17
04/29/2013,MWA,IL,AGL,CE,Federal Contract Tower,0,11,1,0,12,0,3,17,2,22,0,14,18,2,34,94,0,94,128
04/30/2013,MWA,IL,AGL,CE,Federal Contract Tower,0,11,6,0,17,0,0,12,2,14,0,11,18,2,31,34,2,36,67
05/01/2013,MWA,IL,AGL,CE,Federal Contract Tower,0,13,0,0,13,0,13,3,2,18,0,26,3,2,31,134,0,134,165
05/02/2013,MWA,IL,AGL,CE,Federal Contract Tower,0,16,0,0,16,0,10,7,3,20,0,26,7,3,36,66,0,66,102
05/03/2013,MWA,IL,AGL,CE,Federal Contract Tower,0,9,2,0,11,0,0,0,0,0,0,9,2,0,11,0,0,0,11
05/04/2013,MWA,IL,AGL,CE,Federal Contract Tower,0,12,2,0,14,0,0,12,0,12,0,12,14,0,26,10,0,10,36
05/05/2013,MWA,IL,AGL,CE,Federal Contract Tower,0,10,3,0,13,0,0,0,0,0,0,10,3,0,13,0,0,0,13
05/06/2013,MWA,IL,AGL,CE,Federal Contract Tower,0,13,4,0,17,0,1,1,0,2,0,14,5,0,19,6,0,6,25
05/07/2013,MWA,IL,AGL,CE,Federal Contract Tower,0,13,4,0,17,0,15,31,0,46,0,28,35,0,63,116,0,116,179
05/08/2013,MWA,IL,AGL,CE,Federal Contract Tower,0,15,0,0,15,0,11,21,0,32,0,26,21,0,47,152,0,152,199
05/09/2013,MWA,IL,AGL,CE,Federal Contract Tower,0,15,0,0,15,0,3,5,0,8,0,18,5,0,23,40,0,40,63
05/10/2013,MWA,IL,AGL,CE,Federal Contract Tower,0,10,4,0,14,0,1,1,0,2,0,11,5,0,16,4,0,4,20
05/11/2013,MWA,IL,AGL,CE,Federal Contract Tower,0,8,3,0,11,0,2,10,5,17,0,10,13,5,28,22,0,22,50
05/12/2013,MWA,IL,AGL,CE,Federal Contract Tower,0,7,2,0,9,0,3,25,0,28,0,10,27,0,37,22,0,22,59
05/13/2013,MWA,IL,AGL,CE,Federal Contract Tower,0,11,0,0,11,0,10,24,0,34,0,21,24,0,45,124,0,124,169
05/14/2013,MWA,IL,AGL,CE,Federal Contract Tower,0,18,0,0,18,0,18,9,0,27,0,36,9,0,45,52,0,52,97
05/15/2013,MWA,IL,AGL,CE,Federal Contract Tower,0,15,0,0,15,0,6,14,2,22,0,21,14,2,37,56,0,56,93
05/16/2013,MWA,IL,AGL,CE,Federal Contract Tower,0,13,2,0,15,0,6,21,0,27,0,19,23,0,42,24,0,24,66
05/17/2013,MWA,IL,AGL,CE,Federal Contract Tower,0,13,0,0,13,0,2,3,0,5,0,15,3,0,18,6,0,6,24
05/18/2013,MWA,IL,AGL,CE,Federal Contract Tower,0,7,6,1,14,0,1,30,2,33,0,8,36,3,47,8,0,8,55
05/19/2013,MWA,IL,AGL,CE,Federal Contract Tower,0,20,6,0,26,0,3,19,0,22,0,23,25,0,48,80,0,80,128
05/20/2013,MWA,IL,AGL,CE,Federal Contract Tower,0,20,7,0,27,0,4,23,0,27,0,24,30,0,54,42,0,42,96
05/21/2013,MWA,IL,AGL,CE,Federal Contract Tower,0,17,0,0,17,0,1,7,0,8,0,18,7,0,25,24,0,24,49
05/22/2013,MWA,IL,AGL,CE,Federal Contract Tower,0,12,0,0,12,0,10,10,0,20,0,22,10,0,32,18,0,18,50
05/23/2013,MWA,IL,AGL,CE,Federal Contract Tower,0,17,4,0,21,0,10,27,0,37,0,27,31,0,58,128,0,128,186
05/24/2013,MWA,IL,AGL,CE,Federal Contract Tower,0,19,9,0,28,0,5,32,0,37,0,24,41,0,65,82,0,82,147
05/25/2013,MWA,IL,AGL,CE,Federal Contract Tower,0,19,1,0,20,0,7,14,0,21,0,26,15,0,41,56,0,56,97
05/26/2013,MWA,IL,AGL,CE,Federal Contract Tower,0,5,1,0,6,0,13,24,0,37,0,18,25,0,43,16,0,16,59
05/27/2013,MWA,IL,AGL,CE,Federal Contract Tower,0,7,3,0,10,0,4,16,0,20,0,11,19,0,30,24,0,24,54
05/28/2013,MWA,IL,AGL,CE,Federal Contract Tower,0,15,0,4,19,0,2,16,3,21,0,17,16,7,40,20,14,34,74
05/29/2013,MWA,IL,AGL,CE,Federal Contract Tower,0,15,2,0,17,0,4,11,0,15,0,19,13,0,32,60,0,60,92
05/30/2013,MWA,IL,AGL,CE,Federal Contract Tower,0,16,0,0,16,0,5,2,0,7,0,21,2,0,23,4,0,4,27
05/31/2013,MWA,IL,AGL,CE,Federal Contract Tower,0,12,0,0,12,0,12,11,0,23,0,24,11,0,35,62,0,62,97
06/01/2013,MWA,IL,AGL,CE,Federal Contract Tower,0,6,16,0,22,0,1,0,0,1,0,7,16,0,23,0,0,0,23
06/02/2013,MWA,IL,AGL,CE,Federal Contract Tower,0,7,5,2,14,0,1,14,3,18,0,8,19,5,32,0,4,4,36
06/03/2013,MWA,IL,AGL,CE,Federal Contract Tower,0,14,2,0,16,0,2,16,1,19,0,16,18,1,35,32,0,32,67
06/04/2013,MWA,IL,AGL,CE,Federal Contract Tower,0,22,0,0,22,0,3,21,0,24,0,25,21,0,46,68,0,68,114
06/05/2013,MWA,IL,AGL,CE,Federal Contract Tower,0,13,2,0,15,0,1,21,0,22,0,14,23,0,37,38,0,38,75
06/06/2013,MWA,IL,AGL,CE,Federal Contract Tower,0,12,2,0,14,0,9,11,2,22,0,21,13,2,36,62,0,62,98
06/07/2013,MWA,IL,AGL,CE,Federal Contract Tower,0,7,1,2,10,0,7,6,3,16,0,14,7,5,26,58,0,58,84
06/08/2013,MWA,IL,AGL,CE,Federal Contract Tower,0,8,1,1,10,0,10,27,4,41,0,18,28,5,51,10,2,12,63
06/09/2013,MWA,IL,AGL,CE,Federal Contract Tower,0,4,2,0,6,0,7,2,0,9,0,11,4,0,15,0,0,0,15
06/10/2013,MWA,IL,AGL,CE,Federal Contract Tower,0,14,1,0,15,0,3,17,0,20,0,17,18,0,35,18,0,18,53
06/11/2013,MWA,IL,AGL,CE,Federal Contract Tower,0,9,2,0,11,0,9,21,6,36,0,18,23,6,47,34,0,34,81
06/12/2013,MWA,IL,AGL,CE,Federal Contract Tower,0,17,0,0,17,0,14,22,2,38,0,31,22,2,55,90,0,90,145
06/13/2013,MWA,IL,AGL,CE,Federal Contract Tower,0,20,0,1,21,0,16,23,1,40,0,36,23,2,61,66,0,66,127
06/14/2013,MWA,IL,AGL,CE,Federal Contract Tower,0,8,6,2,16,0,12,29,5,46,0,20,35,7,62,68,0,68,130
06/15/2013,MWA,IL,AGL,CE,Federal Contract Tower,0,10,1,0,11,0,14,39,0,53,0,24,40,0,64,66,0,66,130
06/16/2013,MWA,IL,AGL,CE,Federal Contract Tower,0,7,0,0,7,0,1,8,0,9,0,8,8,0,16,22,0,22,38
06/17/2013,MWA,IL,AGL,CE,Federal Contract Tower,0,19,5,0,24,0,2,8,1,11,0,21,13,1,35,18,0,18,53
06/18/2013,MWA,IL,AGL,CE,Federal Contract Tower,0,16,2,0,18,0,6,24,0,30,0,22,26,0,48,68,0,68,116
06/19/2013,MWA,IL,AGL,CE,Federal Contract Tower,0,20,7,0,27,0,9,25,0,34,0,29,32,0,61,96,0,96,157
06/20/2013,MWA,IL,AGL,CE,Federal Contract Tower,0,9,0,2,11,0,11,16,3,30,0,20,16,5,41,14,0,14,55
06/21/2013,MWA,IL,AGL,CE,Federal Contract Tower,0,12,1,5,18,0,5,22,2,29,0,17,23,7,47,38,0,38,85
06/22/2013,MWA,IL,AGL,CE,Federal Contract Tower,0,9,1,0,10,0,0,27,0,27,0,9,28,0,37,30,0,30,67
06/23/2013,MWA,IL,AGL,CE,Federal Contract Tower,0,6,0,0,6,0,2,14,0,16,0,8,14,0,22,14,0,14,36
06/24/2013,MWA,IL,AGL,CE,Federal Contract Tower,0,12,0,0,12,0,9,22,0,31,0,21,22,0,43,64,0,64,107
06/25/2013,MWA,IL,AGL,CE,Federal Contract Tower,0,9,0,0,9,0,9,13,2,24,0,18,13,2,33,108,0,108,141
06/26/2013,MWA,IL,AGL,CE,Federal Contract Tower,0,16,0,0,16,0,5,16,0,21,0,21,16,0,37,6,0,6,43
06/27/2013,MWA,IL,AGL,CE,Federal Contract Tower,0,21,1,0,22,0,21,29,1,51,0,42,30,1,73,54,0,54,127
06/28/2013,MWA,IL,AGL,CE,Federal Contract Tower,0,13,1,0,14,0,1,19,2,22,0,14,20,2,36,6,4,10,46
06/29/2013,MWA,IL,AGL,CE,Federal Contract Tower,0,6,0,0,6,0,0,21,3,24,0,6,21,3,30,6,0,6,36
06/30/2013,MWA,IL,AGL,CE,Federal Contract Tower,0,10,2,0,12,0,5,3,0,8,0,15,5,0,20,0,0,0,20
07/01/2013,MWA,IL,AGL,CE,Federal Contract Tower,0,15,0,0,15,0,0,0,2,2,0,15,0,2,17,12,0,12,29
07/02/2013,MWA,IL,AGL,CE,Federal Contract Tower,0,15,0,0,15,0,0,0,0,0,0,15,0,0,15,0,0,0,15
07/03/2013,MWA,IL,AGL,CE,Federal Contract Tower,0,14,0,0,14,0,1,19,0,20,0,15,19,0,34,38,0,38,72
07/04/2013,MWA,IL,AGL,CE,Federal Contract Tower,0,8,1,0,9,0,0,17,0,17,0,8,18,0,26,34,0,34,60
07/05/2013,MWA,IL,AGL,CE,Federal Contract Tower,0,10,3,0,13,0,0,4,0,4,0,10,7,0,17,16,0,16,33
07/06/2013,MWA,IL,AGL,CE,Federal Contract Tower,0,8,0,0,8,0,32,7,0,39,0,40,7,0,47,66,0,66,113
07/07/2013,MWA,IL,AGL,CE,Federal Contract Tower,0,12,1,0,13,0,0,5,0,5,0,12,6,0,18,0,0,0,18
07/08/2013,MWA,IL,AGL,CE,Federal Contract Tower,0,9,1,0,10,0,15,20,0,35,0,24,21,0,45,50,0,50,95
07/09/2013,MWA,IL,AGL,CE,Federal Contract Tower,0,16,1,0,17,0,7,19,2,28,0,23,20,2,45,34,0,34,79
07/10/2013,MWA,IL,AGL,CE,Federal Contract Tower,0,15,1,0,16,0,0,1,0,1,0,15,2,0,17,2,0,2,19
07/11/2013,MWA,IL,AGL,CE,Federal Contract Tower,0,18,0,0,18,0,6,28,0,34,0,24,28,0,52,46,0,46,98
07/12/2013,MWA,IL,AGL,CE,Federal Contract Tower,0,12,0,0,12,0,12,8,0,20,0,24,8,0,32,72,0,72,104
07/13/2013,MWA,IL,AGL,CE,Federal Contract Tower,0,9,0,0,9,0,6,22,0,28,0,15,22,0,37,44,0,44,81
07/14/2013,MWA,IL,AGL,CE,Federal Contract Tower,0,8,0,0,8,0,1,8,2,11,0,9,8,2,19,0,0,0,19
07/15/2013,MWA,IL,AGL,CE,Federal Contract Tower,0,20,5,0,25,0,8,28,0,36,0,28,33,0,61,104,0,104,165
07/16/2013,MWA,IL,AGL,CE,Federal Contract Tower,0,27,9,0,36,0,2,40,2,44,0,29,49,2,80,128,0,128,208
07/17/2013,MWA,IL,AGL,CE,Federal Contract Tower,0,16,3,0,19,0,2,12,4,18,0,18,15,4,37,54,0,54,91
07/18/2013,MWA,IL,AGL,CE,Federal Contract Tower,0,17,0,1,18,0,6,20,4,30,0,23,20,5,48,106,12,118,166
07/19/2013,MWA,IL,AGL,CE,Federal Contract Tower,0,14,1,0,15,0,9,11,9,29,0,23,12,9,44,102,4,106,150
07/20/2013,MWA,IL,AGL,CE,Federal Contract Tower,0,7,4,0,11,1,122,131,0,254,1,129,135,0,265,46,0,46,311
07/21/2013,MWA,IL,AGL,CE,Federal Contract Tower,0,8,0,0,8,0,101,36,0,137,0,109,36,0,145,36,0,36,181
07/22/2013,MWA,IL,AGL,CE,Federal Contract Tower,0,15,0,0,15,0,0,24,0,24,0,15,24,0,39,94,0,94,133
07/23/2013,MWA,IL,AGL,CE,Federal Contract Tower,0,12,2,0,14,0,2,15,0,17,0,14,17,0,31,26,0,26,57
07/24/2013,MWA,IL,AGL,CE,Federal Contract Tower,0,15,4,0,19,0,5,16,0,21,0,20,20,0,40,100,0,100,140
07/25/2013,MWA,IL,AGL,CE,Federal Contract Tower,0,16,0,2,18,0,11,21,6,38,0,27,21,8,56,100,0,100,156
07/26/2013,MWA,IL,AGL,CE,Federal Contract Tower,0,14,0,2,16,0,3,18,3,24,0,17,18,5,40,20,0,20,60
07/27/2013,MWA,IL,AGL,CE,Federal Contract Tower,0,9,2,0,11,0,0,27,0,27,0,9,29,0,38,46,0,46,84
07/28/2013,MWA,IL,AGL,CE,Federal Contract Tower,0,9,0,0,9,0,0,13,0,13,0,9,13,0,22,2,0,2,24
07/29/2013,MWA,IL,AGL,CE,Federal Contract Tower,0,19,1,0,20,0,1,35,0,36,0,20,36,0,56,58,0,58,114
07/30/2013,MWA,IL,AGL,CE,Federal Contract Tower,0,13,1,0,14,0,0,1,0,1,0,13,2,0,15,0,0,0,15
07/31/2013,MWA,IL,AGL,CE,Federal Contract Tower,0,11,7,0,18,0,19,0,4,23,0,30,7,4,41,22,0,22,63
08/01/2013,MWA,IL,AGL,CE,Federal Contract Tower,0,13,4,2,19,0,6,34,8,48,0,19,38,10,67,114,0,114,181
08/02/2013,MWA,IL,AGL,CE,Federal Contract Tower,0,14,1,2,17,0,7,11,8,26,0,21,12,10,43,20,0,20,63
08/03/2013,MWA,IL,AGL,CE,Federal Contract Tower,0,9,1,2,12,0,0,5,0,5,0,9,6,2,17,24,0,24,41
08/04/2013,MWA,IL,AGL,CE,Federal Contract Tower,0,10,3,0,13,0,0,22,0,22,0,10,25,0,35,20,0,20,55
08/05/2013,MWA,IL,AGL,CE,Federal Contract Tower,0,12,0,0,12,0,1,0,0,1,0,13,0,0,13,0,0,0,13
08/06/2013,MWA,IL,AGL,CE,Federal Contract Tower,0,19,0,0,19,0,17,9,0,26,0,36,9,0,45,60,0,60,105
08/07/2013,MWA,IL,AGL,CE,Federal Contract Tower,0,11,2,1,14,0,3,4,3,10,0,14,6,4,24,0,0,0,24
08/08/2013,MWA,IL,AGL,CE,Federal Contract Tower,0,15,5,0,20,0,0,24,0,24,0,15,29,0,44,94,0,94,138
08/09/2013,MWA,IL,AGL,CE,Federal Contract Tower,0,0,14,0,14,0,1,2,3,6,0,1,16,3,20,8,0,8,28
08/10/2013,MWA,IL,AGL,CE,Federal Contract Tower,0,6,2,0,8,0,0,22,1,23,0,6,24,1,31,78,0,78,109
08/11/2013,MWA,IL,AGL,CE,Federal Contract Tower,0,9,1,0,10,0,18,6,0,24,0,27,7,0,34,70,0,70,104
08/12/2013,MWA,IL,AGL,CE,Federal Contract Tower,0,12,2,0,14,0,13,7,0,20,0,25,9,0,34,72,0,72,106
08/13/2013,MWA,IL,AGL,CE,Federal Contract Tower,0,10,2,0,12,0,9,13,2,24,0,19,15,2,36,36,0,36,72
08/14/2013,MWA,IL,AGL,CE,Federal Contract Tower,0,10,7,0,17,0,4,21,0,25,0,14,28,0,42,30,0,30,72
08/15/2013,MWA,IL,AGL,CE,Federal Contract Tower,0,11,0,0,11,0,2,23,0,25,0,13,23,0,36,14,0,14,50
08/16/2013,MWA,IL,AGL,CE,Federal Contract Tower,0,11,3,2,16,0,3,19,3,25,0,14,22,5,41,20,0,20,61
08/17/2013,MWA,IL,AGL,CE,Federal Contract Tower,0,6,0,0,6,0,15,3,0,18,0,21,3,0,24,46,0,46,70
08/18/2013,MWA,IL,AGL,CE,Federal Contract Tower,0,7,1,0,8,0,12,4,0,16,0,19,5,0,24,50,0,50,74
08/19/2013,MWA,IL,AGL,CE,Federal Contract Tower,0,12,1,0,13,0,0,9,0,9,0,12,10,0,22,10,0,10,32
08/20/2013,MWA,IL,AGL,CE,Federal Contract Tower,0,15,2,0,17,0,3,15,1,19,0,18,17,1,36,4,0,4,40
08/21/2013,MWA,IL,AGL,CE,Federal Contract Tower,0,21,5,0,26,0,2,9,0,11,0,23,14,0,37,30,0,30,67
08/22/2013,MWA,IL,AGL,CE,Federal Contract Tower,0,12,1,0,13,0,12,0,0,12,0,24,1,0,25,60,0,60,85
08/23/2013,MWA,IL,AGL,CE,Federal Contract Tower,0,8,0,2,10,0,4,21,1,26,0,12,21,3,36,54,0,54,90
08/24/2013,MWA,IL,AGL,CE,Federal Contract Tower,0,9,1,11,21,0,10,22,0,32,0,19,23,11,53,78,2,80,133
08/25/2013,MWA,IL,AGL,CE,Federal Contract Tower,0,13,0,0,13,0,2,23,0,25,0,15,23,0,38,14,0,14,52
08/26/2013,MWA,IL,AGL,CE,Federal Contract Tower,0,13,1,0,14,0,0,10,0,10,0,13,11,0,24,34,0,34,58
08/27/2013,MWA,IL,AGL,CE,Federal Contract Tower,0,19,0,0,19,0,1,20,1,22,0,20,20,1,41,88,0,88,129
08/28/2013,MWA,IL,AGL,CE,Federal Contract Tower,0,11,0,1,12,0,4,20,2,26,0,15,20,3,38,82,0,82,120
08/29/2013,MWA,IL,AGL,CE,Federal Contract Tower,0,13,3,0,16,0,9,15,0,24,0,22,18,0,40,146,0,146,186
08/30/2013,MWA,IL,AGL,CE,Federal Contract Tower,0,14,6,0,20,0,9,15,4,28,0,23,21,4,48,142,0,142,190
08/31/2013,MWA,IL,AGL,CE,Federal Contract Tower,0,6,0,0,6,0,3,8,0,11,0,9,8,0,17,58,0,58,75
09/01/2013,MWA,IL,AGL,CE,Federal Contract Tower,0,6,2,0,8,0,1,6,0,7,0,7,8,0,15,0,0,0,15
09/02/2013,MWA,IL,AGL,CE,Federal Contract Tower,0,9,1,0,10,0,1,15,0,16,0,10,16,0,26,12,0,12,38
09/03/2013,MWA,IL,AGL,CE,Federal Contract Tower,0,11,1,0,12,0,0,22,2,24,0,11,23,2,36,60,0,60,96
09/04/2013,MWA,IL,AGL,CE,Federal Contract Tower,0,16,3,0,19,0,12,17,0,29,0,28,20,0,48,66,0,66,114
09/05/2013,MWA,IL,AGL,CE,Federal Contract Tower,0,16,2,0,18,0,2,34,2,38,0,18,36,2,56,184,0,184,240
09/06/2013,MWA,IL,AGL,CE,Federal Contract Tower,1,9,5,1,16,0,4,15,3,22,1,13,20,4,38,54,0,54,92
09/07/2013,MWA,IL,AGL,CE,Federal Contract Tower,0,7,1,0,8,0,9,25,0,34,0,16,26,0,42,28,0,28,70
09/08/2013,MWA,IL,AGL,CE,Federal Contract Tower,0,5,0,0,5,0,0,10,0,10,0,5,10,0,15,26,0,26,41
09/09/2013,MWA,IL,AGL,CE,Federal Contract Tower,0,10,0,0,10,0,0,10,2,12,0,10,10,2,22,32,0,32,54
09/10/2013,MWA,IL,AGL,CE,Federal Contract Tower,0,18,1,0,19,0,10,28,0,38,0,28,29,0,57,74,0,74,131
09/11/2013,MWA,IL,AGL,CE,Federal Contract Tower,0,17,0,0,17,0,18,21,0,39,0,35,21,0,56,106,0,106,162
09/12/2013,MWA,IL,AGL,CE,Federal Contract Tower,0,12,1,0,13,0,10,22,0,32,0,22,23,0,45,30,0,30,75
09/13/2013,MWA,IL,AGL,CE,Federal Contract Tower,0,8,1,1,10,0,4,25,4,33,0,12,26,5,43,42,2,44,87
09/14/2013,MWA,IL,AGL,CE,Federal Contract Tower,0,9,0,0,9,0,0,26,5,31,0,9,26,5,40,28,0,28,68
09/15/2013,MWA,IL,AGL,CE,Federal Contract Tower,0,6,0,0,6,0,0,28,0,28,0,6,28,0,34,98,0,98,132
09/16/2013,MWA,IL,AGL,CE,Federal Contract Tower,0,8,0,0,8,0,15,35,0,50,0,23,35,0,58,150,0,150,208
09/17/2013,MWA,IL,AGL,CE,Federal Contract Tower,0,7,1,0,8,0,8,33,1,42,0,15,34,1,50,122,0,122,172
09/18/2013,MWA,IL,AGL,CE,Federal Contract Tower,0,20,2,0,22,0,2,22,8,32,0,22,24,8,54,66,6,72,126
09/19/2013,MWA,IL,AGL,CE,Federal Contract Tower,0,12,3,0,15,0,6,11,0,17,0,18,14,0,32,36,0,36,68
09/20/2013,MWA,IL,AGL,CE,Federal Contract Tower,0,12,5,0,17,0,0,1,2,3,0,12,6,2,20,0,0,0,20
09/21/2013,MWA,IL,AGL,CE,Federal Contract Tower,0,12,0,0,12,0,0,22,1,23,0,12,22,1,35,36,0,36,71
09/22/2013,MWA,IL,AGL,CE,Federal Contract Tower,0,17,3,0,20,0,2,29,0,31,0,19,32,0,51,82,0,82,133
09/23/2013,MWA,IL,AGL,CE,Federal Contract Tower,0,21,5,0,26,0,5,27,0,32,0,26,32,0,58,160,0,160,218
09/24/2013,MWA,IL,AGL,CE,Federal Contract Tower,0,15,0,0,15,0,1,28,3,32,0,16,28,3,47,34,0,34,81
09/25/2013,MWA,IL,AGL,CE,Federal Contract Tower,0,16,2,0,18,0,0,32,0,32,0,16,34,0,50,64,0,64,114
09/26/2013,MWA,IL,AGL,CE,Federal Contract Tower,0,12,1,0,13,0,3,38,1,42,0,15,39,1,55,78,0,78,133
09/27/2013,MWA,IL,AGL,CE,Federal Contract Tower,3,15,1,2,21,0,0,33,4,37,3,15,34,6,58,112,0,112,170
09/28/2013,MWA,IL,AGL,CE,Federal Contract Tower,0,4,0,0,4,0,39,13,0,52,0,43,13,0,56,24,0,24,80
09/29/2013,MWA,IL,AGL,CE,Federal Contract Tower,0,7,1,0,8,0,1,0,0,1,0,8,1,0,9,0,0,0,9
09/30/2013,MWA,IL,AGL,CE,Federal Contract Tower,0,13,0,0,13,0,9,2,0,11,0,22,2,0,24,14,0,14,38
10/01/2013,MWA,IL,AGL,CE,Federal Contract Tower,0,11,2,0,13,0,3,9,0,12,0,14,11,0,25,0,0,0,25
10/02/2013,MWA,IL,AGL,CE,Federal Contract Tower,0,14,1,0,15,0,5,3,0,8,0,19,4,0,23,4,0,4,27
10/03/2013,MWA,IL,AGL,CE,Federal Contract Tower,1,14,4,0,19,0,2,19,0,21,1,16,23,0,40,56,18,74,114
10/04/2013,MWA,IL,AGL,CE,Federal Contract Tower,1,11,8,0,20,0,12,6,0,18,1,23,14,0,38,58,0,58,96
10/05/2013,MWA,IL,AGL,CE,Federal Contract Tower,0,4,1,0,5,0,0,4,0,4,0,4,5,0,9,28,0,28,37
10/06/2013,MWA,IL,AGL,CE,Federal Contract Tower,0,7,2,0,9,0,2,18,0,20,0,9,20,0,29,32,0,32,61
10/07/2013,MWA,IL,AGL,CE,Federal Contract Tower,1,8,0,0,9,0,29,26,0,55,1,37,26,0,64,130,0,130,194
10/08/2013,MWA,IL,AGL,CE,Federal Contract Tower,0,10,1,0,11,0,36,38,0,74,0,46,39,0,85,114,0,114,199
10/09/2013,MWA,IL,AGL,CE,Federal Contract Tower,0,8,3,0,11,0,12,40,0,52,0,20,43,0,63,132,0,132,195
10/10/2013,MWA,IL,AGL,CE,Federal Contract Tower,1,9,3,0,13,0,34,25,0,59,1,43,28,0,72,112,0,112,184
10/11/2013,MWA,IL,AGL,CE,Federal Contract Tower,1,15,1,0,17,0,25,26,0,51,1,40,27,0,68,132,0,132,200
10/12/2013,MWA,IL,AGL,CE,Federal Contract Tower,0,6,2,0,8,0,0,6,0,6,0,6,8,0,14,94,0,94,108
10/13/2013,MWA,IL,AGL,CE,Federal Contract Tower,0,12,0,0,12,0,3,13,2,18,0,15,13,2,30,16,6,22,52
10/14/2013,MWA,IL,AGL,CE,Federal Contract Tower,0,12,0,0,12,0,0,10,0,10,0,12,10,0,22,24,0,24,46
10/15/2013,MWA,IL,AGL,CE,Federal Contract Tower,0,13,0,1,14,0,0,1,0,1,0,13,1,1,15,0,0,0,15
10/16/2013,MWA,IL,AGL,CE,Federal Contract Tower,0,14,3,0,17,0,6,19,0,25,0,20,22,0,42,138,0,138,180
10/17/2013,MWA,IL,AGL,CE,Federal Contract Tower,0,16,2,0,18,0,1,25,0,26,0,17,27,0,44,100,0,100,144
10/18/2013,MWA,IL,AGL,CE,Federal Contract Tower,1,12,3,1,17,0,6,19,2,27,1,18,22,3,44,73,1,74,118
10/19/2013,MWA,IL,AGL,CE,Federal Contract Tower,1,5,1,0,7,0,12,6,0,18,1,17,7,0,25,28,0,28,53
10/20/2013,MWA,IL,AGL,CE,Federal Contract Tower,0,12,1,0,13,0,0,4,0,4,0,12,5,0,17,0,0,0,17
10/21/2013,MWA,IL,AGL,CE,Federal Contract Tower,0,14,0,0,14,0,0,29,0,29,0,14,29,0,43,78,0,78,121
10/22/2013,MWA,IL,AGL,CE,Federal Contract Tower,0,14,0,0,14,0,8,10,0,18,0,22,10,0,32,128,0,128,160
10/23/2013,MWA,IL,AGL,CE,Federal Contract Tower,0,21,0,5,26,0,5,26,1,32,0,26,26,6,58,170,4,174,232
10/24/2013,MWA,IL,AGL,CE,Federal Contract Tower,0,10,2,0,12,0,0,19,0,19,0,10,21,0,31,46,0,46,77
10/25/2013,MWA,IL,AGL,CE,Federal Contract Tower,0,20,0,2,22,0,2,19,2,23,0,22,19,4,45,80,0,80,125
10/26/2013,MWA,IL,AGL,CE,Federal Contract Tower,0,7,1,0,8,0,0,1,0,1,0,7,2,0,9,0,0,0,9
10/27/2013,MWA,IL,AGL,CE,Federal Contract Tower,0,6,0,0,6,0,0,30,0,30,0,6,30,0,36,58,0,58,94
10/28/2013,MWA,IL,AGL,CE,Federal Contract Tower,0,11,2,0,13,0,7,15,0,22,0,18,17,0,35,114,0,114,149
10/29/2013,MWA,IL,AGL,CE,Federal Contract Tower,0,9,3,4,16,0,0,2,0,2,0,9,5,4,18,44,0,44,62
10/30/2013,MWA,IL,AGL,CE,Federal Contract Tower,0,14,2,0,16,0,3,25,0,28,0,17,27,0,44,122,0,122,166
10/31/2013,MWA,IL,AGL,CE,Federal Contract Tower,0,12,0,0,12,0,0,0,0,0,0,12,0,0,12,0,0,0,12
11/01/2013,MWA,IL,AGL,CE,Federal Contract Tower,0,8,3,4,15,0,0,9,0,9,0,8,12,4,24,66,6,72,96
11/02/2013,MWA,IL,AGL,CE,Federal Contract Tower,0,11,4,2,17,0,0,7,1,8,0,11,11,3,25,12,0,12,37
11/03/2013,MWA,IL,AGL,CE,Federal Contract Tower,0,8,1,0,9,0,8,28,0,36,0,16,29,0,45,78,0,78,123
11/04/2013,MWA,IL,AGL,CE,Federal Contract Tower,0,10,1,0,11,0,10,15,0,25,0,20,16,0,36,160,0,160,196
11/05/2013,MWA,IL,AGL,CE,Federal Contract Tower,0,15,1,0,16,0,3,7,0,10,0,18,8,0,26,26,0,26,52
11/06/2013,MWA,IL,AGL,CE,Federal Contract Tower,0,18,0,0,18,0,0,0,0,0,0,18,0,0,18,0,0,0,18
11/07/2013,MWA,IL,AGL,CE,Federal Contract Tower,0,7,1,0,8,0,2,34,0,36,0,9,35,0,44,152,0,152,196
11/08/2013,MWA,IL,AGL,CE,Federal Contract Tower,0,13,2,0,15,0,4,34,0,38,0,17,36,0,53,92,0,92,145
11/09/2013,MWA,IL,AGL,CE,Federal Contract Tower,0,8,3,0,11,0,0,21,0,21,0,8,24,0,32,62,0,62,94
11/10/2013,MWA,IL,AGL,CE,Federal Contract Tower,0,13,11,0,24,0,2,34,0,36,0,15,45,0,60,86,0,86,146
11/11/2013,MWA,IL,AGL,CE,Federal Contract Tower,0,12,0,0,12,0,2,20,0,22,0,14,20,0,34,16,0,16,50
11/12/2013,MWA,IL,AGL,CE,Federal Contract Tower,0,10,0,1,11,0,4,17,2,23,0,14,17,3,34,102,2,104,138
11/13/2013,MWA,IL,AGL,CE,Federal Contract Tower,0,10,1,0,11,0,0,25,0,25,0,10,26,0,36,62,0,62,98
11/14/2013,MWA,IL,AGL,CE,Federal Contract Tower,0,14,3,2,19,0,0,16,0,16,0,14,19,2,35,22,0,22,57
11/15/2013,MWA,IL,AGL,CE,Federal Contract Tower,0,9,1,0,10,0,5,14,2,21,0,14,15,2,31,44,0,44,75
11/16/2013,MWA,IL,AGL,CE,Federal Contract Tower,0,9,1,0,10,0,0,8,0,8,0,9,9,0,18,44,0,44,62
11/17/2013,MWA,IL,AGL,CE,Federal Contract Tower,0,6,2,0,8,0,0,4,0,4,0,6,6,0,12,0,0,0,12
11/18/2013,MWA,IL,AGL,CE,Federal Contract Tower,0,10,0,0,10,0,3,26,0,29,0,13,26,0,39,118,0,118,157
11/19/2013,MWA,IL,AGL,CE,Federal Contract Tower,0,11,1,1,13,0,0,31,0,31,0,11,32,1,44,128,0,128,172
11/20/2013,MWA,IL,AGL,CE,Federal Contract Tower,0,14,0,0,14,0,0,28,0,28,0,14,28,0,42,114,0,114,156
11/21/2013,MWA,IL,AGL,CE,Federal Contract Tower,0,11,1,0,12,0,0,12,0,12,0,11,13,0,24,24,0,24,48
11/22/2013,MWA,IL,AGL,CE,Federal Contract Tower,0,9,7,0,16,0,0,1,0,1,0,9,8,0,17,0,0,0,17
11/23/2013,MWA,IL,AGL,CE,Federal Contract Tower,0,9,0,0,9,0,4,12,4,20,0,13,12,4,29,14,0,14,43
11/24/2013,MWA,IL,AGL,CE,Federal Contract Tower,0,9,0,0,9,0,0,16,0,16,0,9,16,0,25,46,0,46,71
11/25/2013,MWA,IL,AGL,CE,Federal Contract Tower,0,10,0,0,10,0,0,17,0,17,0,10,17,0,27,40,0,40,67
11/26/2013,MWA,IL,AGL,CE,Federal Contract Tower,0,10,2,0,12,0,2,19,0,21,0,12,21,0,33,54,0,54,87
11/27/2013,MWA,IL,AGL,CE,Federal Contract Tower,0,12,0,0,12,0,8,25,0,33,0,20,25,0,45,70,0,70,115
11/28/2013,MWA,IL,AGL,CE,Federal Contract Tower,0,8,3,0,11,0,0,1,0,1,0,8,4,0,12,44,0,44,56
11/29/2013,MWA,IL,AGL,CE,Federal Contract Tower,0,10,0,0,10,0,7,28,0,35,0,17,28,0,45,92,0,92,137
11/30/2013,MWA,IL,AGL,CE,Federal Contract Tower,0,12,2,0,14,0,8,50,0,58,0,20,52,0,72,112,0,112,184
12/01/2013,MWA,IL,AGL,CE,Federal Contract Tower,0,4,5,0,9,0,1,15,0,16,0,5,20,0,25,38,0,38,63
12/02/2013,MWA,IL,AGL,CE,Federal Contract Tower,0,8,0,0,8,0,2,21,0,23,0,10,21,0,31,74,2,76,107
12/03/2013,MWA,IL,AGL,CE,Federal Contract Tower,0,8,1,0,9,0,5,0,0,5,0,13,1,0,14,14,0,14,28
12/04/2013,MWA,IL,AGL,CE,Federal Contract Tower,0,16,11,0,27,0,24,4,0,28,0,40,15,0,55,112,0,112,167
12/05/2013,MWA,IL,AGL,CE,Federal Contract Tower,0,1,0,0,1,0,0,0,0,0,0,1,0,0,1,0,0,0,1
12/06/2013,MWA,IL,AGL,CE,Federal Contract Tower,0,0,0,0,0,0,0,0,0,0,0,0,0,0,0,0,0,0,0
12/07/2013,MWA,IL,AGL,CE,Federal Contract Tower,0,6,0,0,6,0,4,11,0,15,0,10,11,0,21,0,0,0,21
12/08/2013,MWA,IL,AGL,CE,Federal Contract Tower,0,3,0,0,3,0,0,0,0,0,0,3,0,0,3,0,0,0,3
12/09/2013,MWA,IL,AGL,CE,Federal Contract Tower,0,14,1,2,17,0,0,7,0,7,0,14,8,2,24,34,0,34,58
12/10/2013,MWA,IL,AGL,CE,Federal Contract Tower,0,14,1,2,17,0,13,10,4,27,0,27,11,6,44,88,0,88,132
12/11/2013,MWA,IL,AGL,CE,Federal Contract Tower,0,17,1,0,18,0,7,14,0,21,0,24,15,0,39,46,0,46,85
12/12/2013,MWA,IL,AGL,CE,Federal Contract Tower,0,8,3,2,13,0,3,19,0,22,0,11,22,2,35,50,0,50,85
12/13/2013,MWA,IL,AGL,CE,Federal Contract Tower,0,9,0,0,9,0,0,3,0,3,0,9,3,0,12,0,0,0,12
12/14/2013,MWA,IL,AGL,CE,Federal Contract Tower,0,5,1,0,6,0,0,0,0,0,0,5,1,0,6,20,0,20,26
12/15/2013,MWA,IL,AGL,CE,Federal Contract Tower,0,8,0,0,8,0,8,0,0,8,0,16,0,0,16,0,0,0,16
12/16/2013,MWA,IL,AGL,CE,Federal Contract Tower,0,8,2,0,10,0,13,9,0,22,0,21,11,0,32,112,0,112,144
12/17/2013,MWA,IL,AGL,CE,Federal Contract Tower,0,10,0,0,10,0,0,12,0,12,0,10,12,0,22,14,0,14,36
12/18/2013,MWA,IL,AGL,CE,Federal Contract Tower,0,15,1,0,16,0,10,16,0,26,0,25,17,0,42,58,0,58,100
12/19/2013,MWA,IL,AGL,CE,Federal Contract Tower,0,20,2,0,22,0,8,17,0,25,0,28,19,0,47,48,0,48,95
12/20/2013,MWA,IL,AGL,CE,Federal Contract Tower,0,10,0,0,10,0,0,1,0,1,0,10,1,0,11,0,0,0,11
12/21/2013,MWA,IL,AGL,CE,Federal Contract Tower,0,4,0,0,4,0,0,0,0,0,0,4,0,0,4,0,0,0,4
12/22/2013,MWA,IL,AGL,CE,Federal Contract Tower,0,3,0,0,3,0,0,2,0,2,0,3,2,0,5,0,0,0,5
12/23/2013,MWA,IL,AGL,CE,Federal Contract Tower,0,12,4,0,16,0,8,15,0,23,0,20,19,0,39,100,0,100,139
12/24/2013,MWA,IL,AGL,CE,Federal Contract Tower,0,7,0,0,7,0,2,25,0,27,0,9,25,0,34,36,0,36,70
12/25/2013,MWA,IL,AGL,CE,Federal Contract Tower,0,13,0,0,13,0,4,14,0,18,0,17,14,0,31,34,0,34,65
12/26/2013,MWA,IL,AGL,CE,Federal Contract Tower,0,17,4,0,21,0,0,20,0,20,0,17,24,0,41,60,0,60,101
12/27/2013,MWA,IL,AGL,CE,Federal Contract Tower,0,15,4,0,19,0,7,17,0,24,0,22,21,0,43,20,0,20,63
12/28/2013,MWA,IL,AGL,CE,Federal Contract Tower,0,7,2,0,9,0,9,20,0,29,0,16,22,0,38,52,0,52,90
12/29/2013,MWA,IL,AGL,CE,Federal Contract Tower,0,8,0,0,8,0,0,3,0,3,0,8,3,0,11,10,0,10,21
12/30/2013,MWA,IL,AGL,CE,Federal Contract Tower,0,8,0,0,8,0,4,15,0,19,0,12,15,0,27,30,0,30,57
12/31/2013,MWA,IL,AGL,CE,Federal Contract Tower,0,7,0,0,7,0,4,15,0,19,0,11,15,0,26,22,0,22,48
01/01/2014,MWA,IL,AGL,CE,Federal Contract Tower,0,9,0,0,9,0,0,10,0,10,0,9,10,0,19,46,0,46,65
01/02/2014,MWA,IL,AGL,CE,Federal Contract Tower,0,11,0,0,11,0,2,0,0,2,0,13,0,0,13,4,0,4,17
01/03/2014,MWA,IL,AGL,CE,Federal Contract Tower,0,8,4,2,14,0,2,15,0,17,0,10,19,2,31,90,2,92,123
01/04/2014,MWA,IL,AGL,CE,Federal Contract Tower,0,10,0,0,10,0,1,13,0,14,0,11,13,0,24,6,0,6,30
01/05/2014,MWA,IL,AGL,CE,Federal Contract Tower,0,2,0,0,2,0,0,0,0,0,0,2,0,0,2,0,0,0,2
01/06/2014,MWA,IL,AGL,CE,Federal Contract Tower,0,10,0,0,10,0,5,1,0,6,0,15,1,0,16,0,0,0,16
01/07/2014,MWA,IL,AGL,CE,Federal Contract Tower,0,9,1,1,11,0,1,5,0,6,0,10,6,1,17,0,0,0,17
01/08/2014,MWA,IL,AGL,CE,Federal Contract Tower,0,16,1,0,17,0,9,8,0,17,0,25,9,0,34,26,0,26,60
01/09/2014,MWA,IL,AGL,CE,Federal Contract Tower,0,8,1,0,9,0,0,0,0,0,0,8,1,0,9,0,0,0,9
01/10/2014,MWA,IL,AGL,CE,Federal Contract Tower,0,15,2,0,17,0,0,0,0,0,0,15,2,0,17,0,0,0,17
01/11/2014,MWA,IL,AGL,CE,Federal Contract Tower,0,9,3,0,12,0,4,13,0,17,0,13,16,0,29,40,0,40,69
01/12/2014,MWA,IL,AGL,CE,Federal Contract Tower,0,12,0,0,12,0,0,15,0,15,0,12,15,0,27,18,0,18,45
01/13/2014,MWA,IL,AGL,CE,Federal Contract Tower,0,11,1,0,12,0,0,16,0,16,0,11,17,0,28,54,0,54,82
01/14/2014,MWA,IL,AGL,CE,Federal Contract Tower,0,8,0,0,8,0,1,18,6,25,0,9,18,6,33,126,0,126,159
01/15/2014,MWA,IL,AGL,CE,Federal Contract Tower,0,13,2,2,17,0,14,16,0,30,0,27,18,2,47,112,0,112,159
01/16/2014,MWA,IL,AGL,CE,Federal Contract Tower,0,11,2,0,13,0,0,12,0,12,0,11,14,0,25,32,0,32,57
01/17/2014,MWA,IL,AGL,CE,Federal Contract Tower,0,11,0,0,11,0,0,8,0,8,0,11,8,0,19,18,0,18,37
01/18/2014,MWA,IL,AGL,CE,Federal Contract Tower,0,14,0,0,14,0,0,1,0,1,0,14,1,0,15,0,0,0,15
01/19/2014,MWA,IL,AGL,CE,Federal Contract Tower,0,7,0,0,7,0,4,16,0,20,0,11,16,0,27,38,0,38,65
01/20/2014,MWA,IL,AGL,CE,Federal Contract Tower,0,10,0,0,10,0,9,26,0,35,0,19,26,0,45,80,0,80,125
01/21/2014,MWA,IL,AGL,CE,Federal Contract Tower,0,9,3,0,12,0,1,1,0,2,0,10,4,0,14,0,0,0,14
01/22/2014,MWA,IL,AGL,CE,Federal Contract Tower,0,12,0,0,12,0,4,28,4,36,0,16,28,4,48,104,0,104,152
01/23/2014,MWA,IL,AGL,CE,Federal Contract Tower,0,11,1,0,12,0,3,4,0,7,0,14,5,0,19,0,0,0,19
01/24/2014,MWA,IL,AGL,CE,Federal Contract Tower,0,10,0,0,10,0,0,9,0,9,0,10,9,0,19,6,0,6,25
01/25/2014,MWA,IL,AGL,CE,Federal Contract Tower,0,8,0,0,8,0,1,5,0,6,0,9,5,0,14,16,0,16,30
01/26/2014,MWA,IL,AGL,CE,Federal Contract Tower,0,5,1,0,6,0,0,8,0,8,0,5,9,0,14,26,0,26,40
01/27/2014,MWA,IL,AGL,CE,Federal Contract Tower,0,18,0,1,19,0,3,14,0,17,0,21,14,1,36,62,0,62,98
01/28/2014,MWA,IL,AGL,CE,Federal Contract Tower,0,11,0,0,11,0,3,11,1,15,0,14,11,1,26,46,0,46,72
01/29/2014,MWA,IL,AGL,CE,Federal Contract Tower,0,13,0,0,13,0,4,27,4,35,0,17,27,4,48,62,0,62,110
01/30/2014,MWA,IL,AGL,CE,Federal Contract Tower,0,17,2,0,19,0,0,10,0,10,0,17,12,0,29,4,0,4,33
01/31/2014,MWA,IL,AGL,CE,Federal Contract Tower,0,15,4,0,19,0,1,24,0,25,0,16,28,0,44,44,0,44,88
02/01/2014,MWA,IL,AGL,CE,Federal Contract Tower,0,7,0,0,7,0,6,2,0,8,0,13,2,0,15,0,0,0,15
02/02/2014,MWA,IL,AGL,CE,Federal Contract Tower,0,7,0,0,7,0,8,0,0,8,0,15,0,0,15,0,0,0,15
02/03/2014,MWA,IL,AGL,CE,Federal Contract Tower,0,13,1,0,14,0,6,25,0,31,0,19,26,0,45,114,0,114,159
02/04/2014,MWA,IL,AGL,CE,Federal Contract Tower,0,12,0,0,12,0,0,6,0,6,0,12,6,0,18,28,0,28,46
02/05/2014,MWA,IL,AGL,CE,Federal Contract Tower,0,10,2,0,12,0,0,0,0,0,0,10,2,0,12,0,0,0,12
02/06/2014,MWA,IL,AGL,CE,Federal Contract Tower,0,11,0,0,11,0,0,0,2,2,0,11,0,2,13,0,0,0,13
02/07/2014,MWA,IL,AGL,CE,Federal Contract Tower,0,9,0,1,10,0,8,20,1,29,0,17,20,2,39,88,0,88,127
02/08/2014,MWA,IL,AGL,CE,Federal Contract Tower,0,9,2,0,11,0,17,3,6,26,0,26,5,6,37,106,2,108,145
02/09/2014,MWA,IL,AGL,CE,Federal Contract Tower,0,7,0,0,7,0,0,1,0,1,0,7,1,0,8,0,0,0,8
02/10/2014,MWA,IL,AGL,CE,Federal Contract Tower,0,16,0,0,16,0,1,14,0,15,0,17,14,0,31,28,0,28,59
02/11/2014,MWA,IL,AGL,CE,Federal Contract Tower,0,14,0,0,14,0,0,3,0,3,0,14,3,0,17,28,0,28,45
02/12/2014,MWA,IL,AGL,CE,Federal Contract Tower,0,21,1,0,22,0,0,12,0,12,0,21,13,0,34,86,0,86,120
02/13/2014,MWA,IL,AGL,CE,Federal Contract Tower,0,13,0,0,13,0,10,20,0,30,0,23,20,0,43,210,0,210,253
02/14/2014,MWA,IL,AGL,CE,Federal Contract Tower,0,10,0,0,10,0,4,0,0,4,0,14,0,0,14,4,0,4,18
02/15/2014,MWA,IL,AGL,CE,Federal Contract Tower,0,11,1,0,12,0,8,21,0,29,0,19,22,0,41,12,0,12,53
02/16/2014,MWA,IL,AGL,CE,Federal Contract Tower,0,11,0,0,11,0,1,9,0,10,0,12,9,0,21,6,0,6,27
02/17/2014,MWA,IL,AGL,CE,Federal Contract Tower,0,9,1,0,10,0,0,6,0,6,0,9,7,0,16,42,0,42,58
02/18/2014,MWA,IL,AGL,CE,Federal Contract Tower,1,17,1,0,19,0,0,20,0,20,1,17,21,0,39,84,0,84,123
02/19/2014,MWA,IL,AGL,CE,Federal Contract Tower,0,14,0,0,14,0,12,32,0,44,0,26,32,0,58,230,0,230,288
02/20/2014,MWA,IL,AGL,CE,Federal Contract Tower,0,6,0,0,6,0,0,0,0,0,0,6,0,0,6,0,0,0,6
02/21/2014,MWA,IL,AGL,CE,Federal Contract Tower,0,12,0,1,13,0,4,26,1,31,0,16,26,2,44,72,2,74,118
02/22/2014,MWA,IL,AGL,CE,Federal Contract Tower,0,4,2,0,6,0,4,24,0,28,0,8,26,0,34,40,0,40,74
02/23/2014,MWA,IL,AGL,CE,Federal Contract Tower,0,6,2,0,8,0,0,3,0,3,0,6,5,0,11,0,0,0,11
02/24/2014,MWA,IL,AGL,CE,Federal Contract Tower,0,11,0,1,12,0,1,24,1,26,0,12,24,2,38,140,0,140,178
02/25/2014,MWA,IL,AGL,CE,Federal Contract Tower,0,14,0,0,14,0,10,14,0,24,0,24,14,0,38,106,0,106,144
02/26/2014,MWA,IL,AGL,CE,Federal Contract Tower,0,16,0,0,16,0,9,17,0,26,0,25,17,0,42,120,0,120,162
02/27/2014,MWA,IL,AGL,CE,Federal Contract Tower,0,13,0,1,14,0,1,23,0,24,0,14,23,1,38,104,0,104,142
02/28/2014,MWA,IL,AGL,CE,Federal Contract Tower,0,7,1,0,8,0,4,31,0,35,0,11,32,0,43,108,0,108,151
03/01/2014,MWA,IL,AGL,CE,Federal Contract Tower,0,7,0,0,7,0,0,16,2,18,0,7,16,2,25,42,0,42,67
03/02/2014,MWA,IL,AGL,CE,Federal Contract Tower,0,0,0,0,0,0,0,0,0,0,0,0,0,0,0,0,0,0,0
03/03/2014,MWA,IL,AGL,CE,Federal Contract Tower,0,6,0,0,6,0,16,0,0,16,0,22,0,0,22,30,0,30,52
03/04/2014,MWA,IL,AGL,CE,Federal Contract Tower,0,13,0,0,13,0,9,8,0,17,0,22,8,0,30,34,0,34,64
03/05/2014,MWA,IL,AGL,CE,Federal Contract Tower,0,16,3,0,19,0,0,13,0,13,0,16,16,0,32,20,0,20,52
03/06/2014,MWA,IL,AGL,CE,Federal Contract Tower,0,9,3,0,12,0,3,36,0,39,0,12,39,0,51,142,0,142,193
03/07/2014,MWA,IL,AGL,CE,Federal Contract Tower,0,16,3,0,19,0,0,35,0,35,0,16,38,0,54,58,0,58,112
03/08/2014,MWA,IL,AGL,CE,Federal Contract Tower,0,9,1,0,10,0,0,1,0,1,0,9,2,0,11,0,0,0,11
03/09/2014,MWA,IL,AGL,CE,Federal Contract Tower,0,11,0,0,11,0,5,12,0,17,0,16,12,0,28,14,0,14,42
03/10/2014,MWA,IL,AGL,CE,Federal Contract Tower,0,12,1,0,13,0,6,24,0,30,0,18,25,0,43,96,0,96,139
03/11/2014,MWA,IL,AGL,CE,Federal Contract Tower,0,10,0,0,10,0,3,13,0,16,0,13,13,0,26,18,0,18,44
03/12/2014,MWA,IL,AGL,CE,Federal Contract Tower,2,15,0,0,17,0,0,0,0,0,2,15,0,0,17,0,0,0,17
03/13/2014,MWA,IL,AGL,CE,Federal Contract Tower,0,17,0,2,19,0,0,18,0,18,0,17,18,2,37,20,0,20,57
03/14/2014,MWA,IL,AGL,CE,Federal Contract Tower,0,14,2,0,16,0,0,3,0,3,0,14,5,0,19,10,0,10,29
03/15/2014,MWA,IL,AGL,CE,Federal Contract Tower,0,13,3,0,16,0,8,13,3,24,0,21,16,3,40,36,0,36,76
03/16/2014,MWA,IL,AGL,CE,Federal Contract Tower,0,4,0,0,4,0,0,0,0,0,0,4,0,0,4,0,0,0,4
03/17/2014,MWA,IL,AGL,CE,Federal Contract Tower,0,17,0,0,17,0,0,11,0,11,0,17,11,0,28,68,0,68,96
03/18/2014,MWA,IL,AGL,CE,Federal Contract Tower,0,13,2,0,15,0,2,7,0,9,0,15,9,0,24,22,0,22,46
03/19/2014,MWA,IL,AGL,CE,Federal Contract Tower,0,19,2,0,21,0,0,6,0,6,0,19,8,0,27,28,0,28,55
03/20/2014,MWA,IL,AGL,CE,Federal Contract Tower,0,14,0,0,14,0,1,37,0,38,0,15,37,0,52,110,0,110,162
03/21/2014,MWA,IL,AGL,CE,Federal Contract Tower,0,10,0,0,10,0,7,21,0,28,0,17,21,0,38,70,0,70,108
03/22/2014,MWA,IL,AGL,CE,Federal Contract Tower,0,10,4,2,16,0,3,10,0,13,0,13,14,2,29,34,4,38,67
03/23/2014,MWA,IL,AGL,CE,Federal Contract Tower,0,7,1,0,8,0,4,16,0,20,0,11,17,0,28,42,0,42,70
03/24/2014,MWA,IL,AGL,CE,Federal Contract Tower,0,14,4,0,18,0,10,29,0,39,0,24,33,0,57,194,0,194,251
03/25/2014,MWA,IL,AGL,CE,Federal Contract Tower,0,11,2,0,13,0,2,13,0,15,0,13,15,0,28,48,0,48,76
03/26/2014,MWA,IL,AGL,CE,Federal Contract Tower,0,11,1,0,12,0,0,16,2,18,0,11,17,2,30,82,0,82,112
03/27/2014,MWA,IL,AGL,CE,Federal Contract Tower,0,10,0,0,10,0,0,0,0,0,0,10,0,0,10,0,0,0,10
03/28/2014,MWA,IL,AGL,CE,Federal Contract Tower,0,11,0,0,11,0,8,37,4,49,0,19,37,4,60,170,6,176,236
03/29/2014,MWA,IL,AGL,CE,Federal Contract Tower,0,11,6,0,17,0,5,1,0,6,0,16,7,0,23,0,0,0,23
03/30/2014,MWA,IL,AGL,CE,Federal Contract Tower,0,7,12,0,19,0,2,22,0,24,0,9,34,0,43,82,0,82,125
03/31/2014,MWA,IL,AGL,CE,Federal Contract Tower,0,10,0,0,10,0,0,16,0,16,0,10,16,0,26,80,0,80,106
04/01/2014,MWA,IL,AGL,CE,Federal Contract Tower,0,14,0,0,14,0,0,27,0,27,0,14,27,0,41,86,0,86,127
04/02/2014,MWA,IL,AGL,CE,Federal Contract Tower,0,10,1,0,11,0,0,4,0,4,0,10,5,0,15,14,0,14,29
04/03/2014,MWA,IL,AGL,CE,Federal Contract Tower,0,6,1,0,7,0,0,0,0,0,0,6,1,0,7,0,0,0,7
04/04/2014,MWA,IL,AGL,CE,Federal Contract Tower,0,12,1,0,13,0,5,7,0,12,0,17,8,0,25,16,0,16,41
04/05/2014,MWA,IL,AGL,CE,Federal Contract Tower,0,12,3,0,15,0,3,31,1,35,0,15,34,1,50,119,0,119,169
04/06/2014,MWA,IL,AGL,CE,Federal Contract Tower,0,10,1,0,11,0,0,16,0,16,0,10,17,0,27,54,0,54,81
04/07/2014,MWA,IL,AGL,CE,Federal Contract Tower,0,9,6,0,15,0,0,0,0,0,0,9,6,0,15,0,0,0,15
04/08/2014,MWA,IL,AGL,CE,Federal Contract Tower,0,13,0,0,13,0,0,8,2,10,0,13,8,2,23,52,0,52,75
04/09/2014,MWA,IL,AGL,CE,Federal Contract Tower,0,9,1,0,10,0,7,30,0,37,0,16,31,0,47,144,0,144,191
04/10/2014,MWA,IL,AGL,CE,Federal Contract Tower,0,12,0,0,12,0,0,2,0,2,0,12,2,0,14,0,0,0,14
04/11/2014,MWA,IL,AGL,CE,Federal Contract Tower,0,13,2,0,15,0,0,31,0,31,0,13,33,0,46,66,0,66,112
04/12/2014,MWA,IL,AGL,CE,Federal Contract Tower,0,8,2,0,10,0,11,2,0,13,0,19,4,0,23,11,0,11,34
04/13/2014,MWA,IL,AGL,CE,Federal Contract Tower,0,11,0,0,11,0,5,0,0,5,0,16,0,0,16,0,0,0,16
04/14/2014,MWA,IL,AGL,CE,Federal Contract Tower,0,11,0,0,11,0,0,0,0,0,0,11,0,0,11,0,0,0,11
04/15/2014,MWA,IL,AGL,CE,Federal Contract Tower,0,9,0,0,9,0,4,20,0,24,0,13,20,0,33,76,0,76,109
04/16/2014,MWA,IL,AGL,CE,Federal Contract Tower,0,12,1,0,13,0,3,30,0,33,0,15,31,0,46,52,0,52,98
04/17/2014,MWA,IL,AGL,CE,Federal Contract Tower,0,12,3,0,15,0,3,26,0,29,0,15,29,0,44,54,0,54,98
04/18/2014,MWA,IL,AGL,CE,Federal Contract Tower,0,11,0,0,11,0,0,23,0,23,0,11,23,0,34,22,0,22,56
04/19/2014,MWA,IL,AGL,CE,Federal Contract Tower,0,9,1,0,10,0,1,49,6,56,0,10,50,6,66,52,0,52,118
04/20/2014,MWA,IL,AGL,CE,Federal Contract Tower,0,8,0,0,8,0,2,14,0,16,0,10,14,0,24,0,0,0,24
04/21/2014,MWA,IL,AGL,CE,Federal Contract Tower,0,15,0,0,15,0,26,8,2,36,0,41,8,2,51,118,0,118,169
04/22/2014,MWA,IL,AGL,CE,Federal Contract Tower,0,15,1,6,22,0,6,14,0,20,0,21,15,6,42,52,8,60,102
04/23/2014,MWA,IL,AGL,CE,Federal Contract Tower,0,9,3,3,15,0,13,27,2,42,0,22,30,5,57,96,4,100,157
04/24/2014,MWA,IL,AGL,CE,Federal Contract Tower,0,14,0,0,14,0,3,14,0,17,0,17,14,0,31,40,0,40,71
04/25/2014,MWA,IL,AGL,CE,Federal Contract Tower,0,10,0,0,10,0,5,14,0,19,0,15,14,0,29,38,0,38,67
04/26/2014,MWA,IL,AGL,CE,Federal Contract Tower,0,7,4,1,12,0,11,27,1,39,0,18,31,2,51,54,6,60,111
04/27/2014,MWA,IL,AGL,CE,Federal Contract Tower,0,7,1,0,8,0,0,0,0,0,0,7,1,0,8,0,0,0,8
04/28/2014,MWA,IL,AGL,CE,Federal Contract Tower,0,11,2,0,13,0,1,3,0,4,0,12,5,0,17,12,0,12,29
04/29/2014,MWA,IL,AGL,CE,Federal Contract Tower,0,11,0,0,11,0,13,10,0,23,0,24,10,0,34,62,0,62,96
04/30/2014,MWA,IL,AGL,CE,Federal Contract Tower,0,17,1,1,19,0,0,8,2,10,0,17,9,3,29,46,0,46,75
05/01/2014,MWA,IL,AGL,CE,Federal Contract Tower,0,16,3,0,19,0,0,14,0,14,0,16,17,0,33,46,0,46,79
05/02/2014,MWA,IL,AGL,CE,Federal Contract Tower,0,8,2,0,10,0,9,11,0,20,0,17,13,0,30,104,0,104,134
05/03/2014,MWA,IL,AGL,CE,Federal Contract Tower,0,9,3,0,12,0,3,11,0,14,0,12,14,0,26,48,0,48,74
05/04/2014,MWA,IL,AGL,CE,Federal Contract Tower,0,7,4,0,11,0,2,15,0,17,0,9,19,0,28,10,0,10,38
05/05/2014,MWA,IL,AGL,CE,Federal Contract Tower,0,10,1,0,11,0,6,25,0,31,0,16,26,0,42,108,0,108,150
05/06/2014,MWA,IL,AGL,CE,Federal Contract Tower,0,12,2,0,14,0,7,13,2,22,0,19,15,2,36,4,0,4,40
05/07/2014,MWA,IL,AGL,CE,Federal Contract Tower,0,15,3,0,18,0,3,12,1,16,0,18,15,1,34,54,0,54,88
05/08/2014,MWA,IL,AGL,CE,Federal Contract Tower,0,10,2,0,12,0,11,0,0,11,0,21,2,0,23,28,0,28,51
05/09/2014,MWA,IL,AGL,CE,Federal Contract Tower,0,15,1,0,16,0,0,0,0,0,0,15,1,0,16,2,0,2,18
05/10/2014,MWA,IL,AGL,CE,Federal Contract Tower,0,10,0,0,10,0,2,7,0,9,0,12,7,0,19,14,0,14,33
05/11/2014,MWA,IL,AGL,CE,Federal Contract Tower,0,9,3,0,12,0,0,1,0,1,0,9,4,0,13,0,0,0,13
05/12/2014,MWA,IL,AGL,CE,Federal Contract Tower,0,11,2,0,13,0,0,0,0,0,0,11,2,0,13,2,0,2,15
05/13/2014,MWA,IL,AGL,CE,Federal Contract Tower,0,14,0,0,14,0,0,0,0,0,0,14,0,0,14,0,0,0,14
05/14/2014,MWA,IL,AGL,CE,Federal Contract Tower,0,12,1,0,13,0,0,0,0,0,0,12,1,0,13,0,0,0,13
05/15/2014,MWA,IL,AGL,CE,Federal Contract Tower,0,12,3,0,15,0,6,7,0,13,0,18,10,0,28,82,0,82,110
05/16/2014,MWA,IL,AGL,CE,Federal Contract Tower,0,23,0,0,23,0,7,8,0,15,0,30,8,0,38,22,0,22,60
05/17/2014,MWA,IL,AGL,CE,Federal Contract Tower,0,11,0,0,11,0,5,9,2,16,0,16,9,2,27,0,0,0,27
05/18/2014,MWA,IL,AGL,CE,Federal Contract Tower,0,5,3,0,8,0,0,31,0,31,0,5,34,0,39,16,0,16,55
05/19/2014,MWA,IL,AGL,CE,Federal Contract Tower,0,15,7,8,30,0,4,21,1,26,0,19,28,9,56,84,0,84,140
05/20/2014,MWA,IL,AGL,CE,Federal Contract Tower,0,7,1,0,8,0,9,8,0,17,0,16,9,0,25,22,0,22,47
05/21/2014,MWA,IL,AGL,CE,Federal Contract Tower,0,15,2,0,17,0,2,24,0,26,0,17,26,0,43,92,0,92,135
05/22/2014,MWA,IL,AGL,CE,Federal Contract Tower,0,16,2,2,20,0,3,10,1,14,0,19,12,3,34,24,0,24,58
05/23/2014,MWA,IL,AGL,CE,Federal Contract Tower,0,14,0,0,14,0,12,19,0,31,0,26,19,0,45,56,0,56,101
05/24/2014,MWA,IL,AGL,CE,Federal Contract Tower,0,0,1,0,1,0,6,16,0,22,0,6,17,0,23,14,0,14,37
05/25/2014,MWA,IL,AGL,CE,Federal Contract Tower,0,7,2,0,9,0,0,2,0,2,0,7,4,0,11,20,0,20,31
05/26/2014,MWA,IL,AGL,CE,Federal Contract Tower,0,8,0,0,8,0,8,14,0,22,0,16,14,0,30,8,0,8,38
05/27/2014,MWA,IL,AGL,CE,Federal Contract Tower,0,11,2,0,13,0,2,6,0,8,0,13,8,0,21,44,0,44,65
05/28/2014,MWA,IL,AGL,CE,Federal Contract Tower,0,11,1,0,12,0,6,13,0,19,0,17,14,0,31,10,0,10,41
05/29/2014,MWA,IL,AGL,CE,Federal Contract Tower,0,18,1,0,19,0,0,7,0,7,0,18,8,0,26,4,0,4,30
05/30/2014,MWA,IL,AGL,CE,Federal Contract Tower,0,13,0,3,16,0,0,21,0,21,0,13,21,3,37,40,0,40,77
05/31/2014,MWA,IL,AGL,CE,Federal Contract Tower,0,9,2,1,12,0,0,4,0,4,0,9,6,1,16,76,0,76,92
06/01/2014,MWA,IL,AGL,CE,Federal Contract Tower,0,9,0,0,9,0,0,7,0,7,0,9,7,0,16,0,0,0,16
06/02/2014,MWA,IL,AGL,CE,Federal Contract Tower,0,12,1,0,13,0,2,0,0,2,0,14,1,0,15,0,0,0,15
06/03/2014,MWA,IL,AGL,CE,Federal Contract Tower,0,8,3,0,11,0,0,10,0,10,0,8,13,0,21,38,0,38,59
06/04/2014,MWA,IL,AGL,CE,Federal Contract Tower,0,11,0,0,11,0,0,0,0,0,0,11,0,0,11,0,0,0,11
06/05/2014,MWA,IL,AGL,CE,Federal Contract Tower,0,17,6,0,23,0,0,21,1,22,0,17,27,1,45,58,0,58,103
06/06/2014,MWA,IL,AGL,CE,Federal Contract Tower,0,17,8,1,26,0,0,21,4,25,0,17,29,5,51,90,0,90,141
06/07/2014,MWA,IL,AGL,CE,Federal Contract Tower,0,8,0,0,8,0,1,8,0,9,0,9,8,0,17,0,0,0,17
06/08/2014,MWA,IL,AGL,CE,Federal Contract Tower,0,5,0,0,5,0,0,8,0,8,0,5,8,0,13,14,0,14,27
06/09/2014,MWA,IL,AGL,CE,Federal Contract Tower,0,9,0,0,9,0,2,4,0,6,0,11,4,0,15,2,0,2,17
06/10/2014,MWA,IL,AGL,CE,Federal Contract Tower,0,16,0,0,16,0,0,0,0,0,0,16,0,0,16,0,0,0,16
06/11/2014,MWA,IL,AGL,CE,Federal Contract Tower,0,15,2,2,19,0,0,8,5,13,0,15,10,7,32,8,0,8,40
06/12/2014,MWA,IL,AGL,CE,Federal Contract Tower,0,18,0,0,18,0,0,14,0,14,0,18,14,0,32,62,0,62,94
06/13/2014,MWA,IL,AGL,CE,Federal Contract Tower,0,9,6,0,15,0,15,28,0,43,0,24,34,0,58,76,0,76,134
06/14/2014,MWA,IL,AGL,CE,Federal Contract Tower,0,7,3,0,10,0,19,19,0,38,0,26,22,0,48,48,0,48,96
06/15/2014,MWA,IL,AGL,CE,Federal Contract Tower,0,0,3,2,5,0,8,9,0,17,0,8,12,2,22,0,2,2,24
06/16/2014,MWA,IL,AGL,CE,Federal Contract Tower,0,10,1,2,13,0,6,24,2,32,0,16,25,4,45,68,0,68,113
06/17/2014,MWA,IL,AGL,CE,Federal Contract Tower,0,10,0,0,10,0,11,12,0,23,0,21,12,0,33,46,0,46,79
06/18/2014,MWA,IL,AGL,CE,Federal Contract Tower,0,15,0,2,17,0,2,26,4,32,0,17,26,6,49,36,0,36,85
06/19/2014,MWA,IL,AGL,CE,Federal Contract Tower,0,12,0,0,12,0,6,15,0,21,0,18,15,0,33,78,0,78,111
06/20/2014,MWA,IL,AGL,CE,Federal Contract Tower,0,14,1,2,17,0,6,14,5,25,0,20,15,7,42,76,0,76,118
06/21/2014,MWA,IL,AGL,CE,Federal Contract Tower,0,13,3,0,16,0,9,22,0,31,0,22,25,0,47,78,0,78,125
06/22/2014,MWA,IL,AGL,CE,Federal Contract Tower,0,12,11,0,23,0,15,22,0,37,0,27,33,0,60,100,0,100,160
06/23/2014,MWA,IL,AGL,CE,Federal Contract Tower,0,15,1,3,19,0,2,10,0,12,0,17,11,3,31,52,0,52,83
06/24/2014,MWA,IL,AGL,CE,Federal Contract Tower,0,14,6,3,23,0,1,12,0,13,0,15,18,3,36,20,0,20,56
06/25/2014,MWA,IL,AGL,CE,Federal Contract Tower,0,11,0,0,11,0,6,20,4,30,0,17,20,4,41,86,0,86,127
06/26/2014,MWA,IL,AGL,CE,Federal Contract Tower,0,19,4,0,23,0,9,5,0,14,0,28,9,0,37,58,0,58,95
06/27/2014,MWA,IL,AGL,CE,Federal Contract Tower,0,10,2,3,15,0,6,9,1,16,0,16,11,4,31,38,0,38,69
06/28/2014,MWA,IL,AGL,CE,Federal Contract Tower,0,8,0,0,8,0,4,11,0,15,0,12,11,0,23,8,0,8,31
06/29/2014,MWA,IL,AGL,CE,Federal Contract Tower,0,6,2,0,8,0,0,0,2,2,0,6,2,2,10,0,0,0,10
06/30/2014,MWA,IL,AGL,CE,Federal Contract Tower,0,9,2,0,11,0,2,2,1,5,0,11,4,1,16,0,0,0,16
07/01/2014,MWA,IL,AGL,CE,Federal Contract Tower,0,12,0,1,13,0,9,16,5,30,0,21,16,6,43,62,0,62,105
07/02/2014,MWA,IL,AGL,CE,Federal Contract Tower,0,15,0,0,15,0,11,27,4,42,0,26,27,4,57,118,0,118,175
07/03/2014,MWA,IL,AGL,CE,Federal Contract Tower,0,10,2,0,12,0,2,27,1,30,0,12,29,1,42,16,0,16,58
07/04/2014,MWA,IL,AGL,CE,Federal Contract Tower,0,3,0,0,3,0,7,12,0,19,0,10,12,0,22,12,0,12,34
07/05/2014,MWA,IL,AGL,CE,Federal Contract Tower,0,2,0,0,2,0,4,20,0,24,0,6,20,0,26,16,0,16,42
07/06/2014,MWA,IL,AGL,CE,Federal Contract Tower,0,5,0,0,5,0,6,4,0,10,0,11,4,0,15,8,0,8,23
07/07/2014,MWA,IL,AGL,CE,Federal Contract Tower,0,9,3,0,12,0,2,11,0,13,0,11,14,0,25,164,0,164,189
07/08/2014,MWA,IL,AGL,CE,Federal Contract Tower,0,12,1,0,13,0,8,3,0,11,0,20,4,0,24,64,0,64,88
07/09/2014,MWA,IL,AGL,CE,Federal Contract Tower,0,14,1,0,15,0,4,29,3,36,0,18,30,3,51,48,0,48,99
07/10/2014,MWA,IL,AGL,CE,Federal Contract Tower,0,8,0,0,8,0,15,26,8,49,0,23,26,8,57,54,0,54,111
07/11/2014,MWA,IL,AGL,CE,Federal Contract Tower,0,12,8,0,20,0,0,29,0,29,0,12,37,0,49,66,0,66,115
07/12/2014,MWA,IL,AGL,CE,Federal Contract Tower,0,9,3,0,12,0,3,17,2,22,0,12,20,2,34,44,4,48,82
07/13/2014,MWA,IL,AGL,CE,Federal Contract Tower,0,8,5,0,13,0,5,11,1,17,0,13,16,1,30,46,0,46,76
07/14/2014,MWA,IL,AGL,CE,Federal Contract Tower,0,12,0,0,12,0,4,3,0,7,0,16,3,0,19,0,0,0,19
07/15/2014,MWA,IL,AGL,CE,Federal Contract Tower,0,9,4,0,13,0,0,14,6,20,0,9,18,6,33,30,0,30,63
07/16/2014,MWA,IL,AGL,CE,Federal Contract Tower,0,11,4,0,15,0,10,15,5,30,0,21,19,5,45,44,0,44,89
07/17/2014,MWA,IL,AGL,CE,Federal Contract Tower,0,14,1,0,15,0,0,11,0,11,0,14,12,0,26,20,0,20,46
07/18/2014,MWA,IL,AGL,CE,Federal Contract Tower,0,12,1,2,15,0,0,22,4,26,0,12,23,6,41,90,0,90,131
07/19/2014,MWA,IL,AGL,CE,Federal Contract Tower,0,8,0,0,8,0,17,70,0,87,0,25,70,0,95,22,0,22,117
07/20/2014,MWA,IL,AGL,CE,Federal Contract Tower,0,10,0,0,10,0,3,5,0,8,0,13,5,0,18,2,0,2,20
07/21/2014,MWA,IL,AGL,CE,Federal Contract Tower,0,11,1,0,12,0,6,40,0,46,0,17,41,0,58,46,0,46,104
07/22/2014,MWA,IL,AGL,CE,Federal Contract Tower,0,17,0,0,17,0,15,6,2,23,0,32,6,2,40,20,0,20,60
07/23/2014,MWA,IL,AGL,CE,Federal Contract Tower,0,10,0,0,10,0,1,2,2,5,0,11,2,2,15,20,0,20,35
07/24/2014,MWA,IL,AGL,CE,Federal Contract Tower,0,10,1,0,11,0,2,21,16,39,0,12,22,16,50,62,0,62,112
07/25/2014,MWA,IL,AGL,CE,Federal Contract Tower,0,8,2,2,12,0,9,7,1,17,0,17,9,3,29,24,14,38,67
07/26/2014,MWA,IL,AGL,CE,Federal Contract Tower,0,11,6,0,17,0,6,13,0,19,0,17,19,0,36,54,0,54,90
07/27/2014,MWA,IL,AGL,CE,Federal Contract Tower,0,10,5,0,15,0,0,17,0,17,0,10,22,0,32,48,0,48,80
07/28/2014,MWA,IL,AGL,CE,Federal Contract Tower,0,17,4,0,21,0,5,20,0,25,0,22,24,0,46,128,0,128,174
07/29/2014,MWA,IL,AGL,CE,Federal Contract Tower,0,9,3,0,12,0,5,19,0,24,0,14,22,0,36,58,0,58,94
07/30/2014,MWA,IL,AGL,CE,Federal Contract Tower,0,11,2,0,13,0,0,16,0,16,0,11,18,0,29,56,0,56,85
07/31/2014,MWA,IL,AGL,CE,Federal Contract Tower,0,10,2,0,12,0,9,11,0,20,0,19,13,0,32,124,0,124,156
08/01/2014,MWA,IL,AGL,CE,Federal Contract Tower,0,12,0,4,16,0,4,6,1,11,0,16,6,5,27,48,40,88,115
08/02/2014,MWA,IL,AGL,CE,Federal Contract Tower,0,12,3,0,15,0,8,24,0,32,0,20,27,0,47,106,0,106,153
08/03/2014,MWA,IL,AGL,CE,Federal Contract Tower,0,13,11,0,24,0,12,19,0,31,0,25,30,0,55,50,0,50,105
08/04/2014,MWA,IL,AGL,CE,Federal Contract Tower,0,8,0,0,8,0,0,14,0,14,0,8,14,0,22,36,0,36,58
08/05/2014,MWA,IL,AGL,CE,Federal Contract Tower,0,13,1,0,14,0,0,9,0,9,0,13,10,0,23,22,0,22,45
08/06/2014,MWA,IL,AGL,CE,Federal Contract Tower,0,17,0,0,17,0,11,0,0,11,0,28,0,0,28,0,0,0,28
08/07/2014,MWA,IL,AGL,CE,Federal Contract Tower,0,11,0,0,11,0,0,0,0,0,0,11,0,0,11,0,0,0,11
08/08/2014,MWA,IL,AGL,CE,Federal Contract Tower,0,11,3,2,16,0,0,7,3,10,0,11,10,5,26,4,0,4,30
08/09/2014,MWA,IL,AGL,CE,Federal Contract Tower,0,6,2,0,8,0,0,15,0,15,0,6,17,0,23,46,0,46,69
08/10/2014,MWA,IL,AGL,CE,Federal Contract Tower,0,11,2,2,15,0,0,7,0,7,0,11,9,2,22,18,0,18,40
08/11/2014,MWA,IL,AGL,CE,Federal Contract Tower,0,16,2,0,18,0,3,7,0,10,0,19,9,0,28,8,0,8,36
08/12/2014,MWA,IL,AGL,CE,Federal Contract Tower,0,15,0,3,18,0,19,14,3,36,0,34,14,6,54,78,0,78,132
08/13/2014,MWA,IL,AGL,CE,Federal Contract Tower,0,7,13,3,23,0,26,6,2,34,0,33,19,5,57,70,0,70,127
08/14/2014,MWA,IL,AGL,CE,Federal Contract Tower,0,16,6,1,23,0,6,20,3,29,0,22,26,4,52,22,0,22,74
08/15/2014,MWA,IL,AGL,CE,Federal Contract Tower,0,12,3,0,15,0,8,16,1,25,0,20,19,1,40,62,0,62,102
08/16/2014,MWA,IL,AGL,CE,Federal Contract Tower,0,6,0,0,6,0,0,0,0,0,0,6,0,0,6,12,0,12,18
08/17/2014,MWA,IL,AGL,CE,Federal Contract Tower,0,14,1,0,15,0,0,0,0,0,0,14,1,0,15,0,0,0,15
08/18/2014,MWA,IL,AGL,CE,Federal Contract Tower,0,12,1,8,21,0,3,1,2,6,0,15,2,10,27,0,0,0,27
08/19/2014,MWA,IL,AGL,CE,Federal Contract Tower,0,9,0,2,11,0,6,10,4,20,0,15,10,6,31,0,0,0,31
08/20/2014,MWA,IL,AGL,CE,Federal Contract Tower,0,10,0,0,10,0,11,7,2,20,0,21,7,2,30,2,0,2,32
08/21/2014,MWA,IL,AGL,CE,Federal Contract Tower,0,13,3,0,16,0,7,7,2,16,0,20,10,2,32,20,0,20,52
08/22/2014,MWA,IL,AGL,CE,Federal Contract Tower,0,12,0,0,12,0,0,3,4,7,0,12,3,4,19,0,0,0,19
08/23/2014,MWA,IL,AGL,CE,Federal Contract Tower,0,8,0,0,8,0,9,9,0,18,0,17,9,0,26,40,0,40,66
08/24/2014,MWA,IL,AGL,CE,Federal Contract Tower,0,9,1,0,10,0,2,9,0,11,0,11,10,0,21,6,0,6,27
08/25/2014,MWA,IL,AGL,CE,Federal Contract Tower,0,14,1,0,15,0,21,6,1,28,0,35,7,1,43,70,0,70,113
08/26/2014,MWA,IL,AGL,CE,Federal Contract Tower,0,13,0,0,13,0,25,14,2,41,0,38,14,2,54,60,0,60,114
08/27/2014,MWA,IL,AGL,CE,Federal Contract Tower,0,14,0,0,14,0,36,13,1,50,0,50,13,1,64,70,0,70,134
08/28/2014,MWA,IL,AGL,CE,Federal Contract Tower,0,11,2,0,13,0,14,7,1,22,0,25,9,1,35,22,0,22,57
08/29/2014,MWA,IL,AGL,CE,Federal Contract Tower,0,10,2,0,12,0,7,14,0,21,0,17,16,0,33,24,0,24,57
08/30/2014,MWA,IL,AGL,CE,Federal Contract Tower,0,8,1,0,9,0,0,1,0,1,0,8,2,0,10,22,0,22,32
08/31/2014,MWA,IL,AGL,CE,Federal Contract Tower,0,9,4,0,13,0,18,8,0,26,0,27,12,0,39,14,0,14,53
09/01/2014,MWA,IL,AGL,CE,Federal Contract Tower,0,12,2,0,14,0,0,6,0,6,0,12,8,0,20,0,0,0,20
09/02/2014,MWA,IL,AGL,CE,Federal Contract Tower,0,13,0,0,13,0,7,6,0,13,0,20,6,0,26,22,0,22,48
09/03/2014,MWA,IL,AGL,CE,Federal Contract Tower,0,15,0,0,15,0,19,5,3,27,0,34,5,3,42,68,0,68,110
09/04/2014,MWA,IL,AGL,CE,Federal Contract Tower,0,11,2,0,13,0,17,12,5,34,0,28,14,5,47,12,0,12,59
09/05/2014,MWA,IL,AGL,CE,Federal Contract Tower,0,14,1,0,15,0,24,6,2,32,0,38,7,2,47,70,0,70,117
09/06/2014,MWA,IL,AGL,CE,Federal Contract Tower,0,10,1,2,13,0,30,5,0,35,0,40,6,2,48,20,0,20,68
09/07/2014,MWA,IL,AGL,CE,Federal Contract Tower,0,14,2,0,16,0,2,17,0,19,0,16,19,0,35,26,0,26,61
09/08/2014,MWA,IL,AGL,CE,Federal Contract Tower,0,19,0,0,19,0,14,24,2,40,0,33,24,2,59,54,0,54,113
09/09/2014,MWA,IL,AGL,CE,Federal Contract Tower,0,8,0,0,8,0,28,20,2,50,0,36,20,2,58,80,0,80,138
09/10/2014,MWA,IL,AGL,CE,Federal Contract Tower,0,18,0,0,18,0,11,8,0,19,0,29,8,0,37,44,0,44,81
09/11/2014,MWA,IL,AGL,CE,Federal Contract Tower,0,17,3,0,20,0,0,3,0,3,0,17,6,0,23,0,0,0,23
09/12/2014,MWA,IL,AGL,CE,Federal Contract Tower,0,14,2,0,16,0,9,0,0,9,0,23,2,0,25,0,0,0,25
09/13/2014,MWA,IL,AGL,CE,Federal Contract Tower,0,15,8,7,30,0,4,18,3,25,0,19,26,10,55,70,0,70,125
09/14/2014,MWA,IL,AGL,CE,Federal Contract Tower,0,8,4,0,12,0,26,16,0,42,0,34,20,0,54,60,0,60,114
09/15/2014,MWA,IL,AGL,CE,Federal Contract Tower,0,10,1,0,11,0,31,18,1,50,0,41,19,1,61,74,0,74,135
09/16/2014,MWA,IL,AGL,CE,Federal Contract Tower,0,15,2,0,17,0,3,3,2,8,0,18,5,2,25,18,0,18,43
09/17/2014,MWA,IL,AGL,CE,Federal Contract Tower,0,13,3,0,16,0,27,2,4,33,0,40,5,4,49,64,0,64,113
09/18/2014,MWA,IL,AGL,CE,Federal Contract Tower,0,13,1,2,16,0,25,7,5,37,0,38,8,7,53,120,0,120,173
09/19/2014,MWA,IL,AGL,CE,Federal Contract Tower,0,15,6,0,21,0,34,7,5,46,0,49,13,5,67,72,32,104,171
09/20/2014,MWA,IL,AGL,CE,Federal Contract Tower,0,11,0,0,11,0,32,18,0,50,0,43,18,0,61,44,0,44,105
09/21/2014,MWA,IL,AGL,CE,Federal Contract Tower,0,9,1,0,10,0,0,11,0,11,0,9,12,0,21,10,0,10,31
09/22/2014,MWA,IL,AGL,CE,Federal Contract Tower,0,16,0,0,16,0,21,21,2,44,0,37,21,2,60,90,0,90,150
09/23/2014,MWA,IL,AGL,CE,Federal Contract Tower,0,9,0,0,9,0,26,19,2,47,0,35,19,2,56,100,0,100,156
09/24/2014,MWA,IL,AGL,CE,Federal Contract Tower,0,15,4,0,19,0,35,6,4,45,0,50,10,4,64,98,0,98,162
09/25/2014,MWA,IL,AGL,CE,Federal Contract Tower,0,13,0,0,13,0,21,25,4,50,0,34,25,4,63,16,0,16,79
09/26/2014,MWA,IL,AGL,CE,Federal Contract Tower,0,17,3,1,21,0,24,15,2,41,0,41,18,3,62,90,0,90,152
09/27/2014,MWA,IL,AGL,CE,Federal Contract Tower,0,10,1,2,13,0,16,24,3,43,0,26,25,5,56,20,2,22,78
09/28/2014,MWA,IL,AGL,CE,Federal Contract Tower,0,11,1,0,12,0,5,21,0,26,0,16,22,0,38,8,0,8,46
09/29/2014,MWA,IL,AGL,CE,Federal Contract Tower,0,19,0,0,19,0,11,14,1,26,0,30,14,1,45,114,0,114,159
09/30/2014,MWA,IL,AGL,CE,Federal Contract Tower,0,14,0,0,14,0,14,19,1,34,0,28,19,1,48,94,0,94,142
10/01/2014,MWA,IL,AGL,CE,Federal Contract Tower,0,14,5,0,19,0,11,15,0,26,0,25,20,0,45,22,0,22,67
10/02/2014,MWA,IL,AGL,CE,Federal Contract Tower,0,13,1,0,14,0,1,7,0,8,0,14,8,0,22,8,0,8,30
10/03/2014,MWA,IL,AGL,CE,Federal Contract Tower,2,15,3,1,21,0,1,5,0,6,2,16,8,1,27,0,4,4,31
10/04/2014,MWA,IL,AGL,CE,Federal Contract Tower,0,8,1,4,13,0,3,12,9,24,0,11,13,13,37,50,6,56,93
10/05/2014,MWA,IL,AGL,CE,Federal Contract Tower,0,9,0,0,9,0,5,18,4,27,0,14,18,4,36,18,0,18,54
10/06/2014,MWA,IL,AGL,CE,Federal Contract Tower,0,11,0,0,11,0,19,6,0,25,0,30,6,0,36,48,0,48,84
10/07/2014,MWA,IL,AGL,CE,Federal Contract Tower,0,11,1,0,12,0,7,12,0,19,0,18,13,0,31,48,0,48,79
10/08/2014,MWA,IL,AGL,CE,Federal Contract Tower,0,19,0,0,19,0,68,19,0,87,0,87,19,0,106,40,0,40,146
10/09/2014,MWA,IL,AGL,CE,Federal Contract Tower,1,13,0,0,14,0,31,14,0,45,1,44,14,0,59,42,0,42,101
10/10/2014,MWA,IL,AGL,CE,Federal Contract Tower,1,19,2,0,22,0,0,0,0,0,1,19,2,0,22,0,0,0,22
10/11/2014,MWA,IL,AGL,CE,Federal Contract Tower,0,4,3,0,7,0,2,0,0,2,0,6,3,0,9,0,0,0,9
10/12/2014,MWA,IL,AGL,CE,Federal Contract Tower,0,8,7,2,17,0,0,0,0,0,0,8,7,2,17,0,0,0,17
10/13/2014,MWA,IL,AGL,CE,Federal Contract Tower,0,11,0,0,11,10,0,0,0,10,10,11,0,0,21,0,0,0,21
10/14/2014,MWA,IL,AGL,CE,Federal Contract Tower,0,24,1,0,25,0,5,3,0,8,0,29,4,0,33,12,0,12,45
10/15/2014,MWA,IL,AGL,CE,Federal Contract Tower,0,16,1,0,17,0,0,0,0,0,0,16,1,0,17,0,0,0,17
10/16/2014,MWA,IL,AGL,CE,Federal Contract Tower,1,19,0,0,20,0,22,18,2,42,1,41,18,2,62,24,0,24,86
10/17/2014,MWA,IL,AGL,CE,Federal Contract Tower,1,17,1,0,19,0,24,19,0,43,1,41,20,0,62,90,0,90,152
10/18/2014,MWA,IL,AGL,CE,Federal Contract Tower,0,9,3,0,12,0,19,29,11,59,0,28,32,11,71,106,0,106,177
10/19/2014,MWA,IL,AGL,CE,Federal Contract Tower,0,10,0,0,10,0,7,17,0,24,0,17,17,0,34,46,0,46,80
10/20/2014,MWA,IL,AGL,CE,Federal Contract Tower,0,13,0,0,13,0,32,19,4,55,0,45,19,4,68,96,0,96,164
10/21/2014,MWA,IL,AGL,CE,Federal Contract Tower,0,8,2,0,10,0,10,19,0,29,0,18,21,0,39,18,0,18,57
10/22/2014,MWA,IL,AGL,CE,Federal Contract Tower,0,14,0,0,14,0,23,14,2,39,0,37,14,2,53,98,0,98,151
10/23/2014,MWA,IL,AGL,CE,Federal Contract Tower,0,11,5,0,16,0,23,14,0,37,0,34,19,0,53,108,0,108,161
10/24/2014,MWA,IL,AGL,CE,Federal Contract Tower,0,10,2,0,12,0,7,10,0,17,0,17,12,0,29,12,0,12,41
10/25/2014,MWA,IL,AGL,CE,Federal Contract Tower,0,11,0,0,11,0,11,21,0,32,0,22,21,0,43,66,0,66,109
10/26/2014,MWA,IL,AGL,CE,Federal Contract Tower,0,11,4,0,15,0,15,25,0,40,0,26,29,0,55,108,0,108,163
10/27/2014,MWA,IL,AGL,CE,Federal Contract Tower,0,8,2,0,10,0,5,7,0,12,0,13,9,0,22,22,0,22,44
10/28/2014,MWA,IL,AGL,CE,Federal Contract Tower,0,10,2,0,12,0,6,0,0,6,0,16,2,0,18,58,0,58,76
10/29/2014,MWA,IL,AGL,CE,Federal Contract Tower,0,15,4,0,19,0,29,9,0,38,0,44,13,0,57,108,0,108,165
10/30/2014,MWA,IL,AGL,CE,Federal Contract Tower,0,13,0,0,13,0,30,9,0,39,0,43,9,0,52,168,0,168,220
10/31/2014,MWA,IL,AGL,CE,Federal Contract Tower,0,14,1,0,15,0,0,4,0,4,0,14,5,0,19,0,0,0,19
11/01/2014,MWA,IL,AGL,CE,Federal Contract Tower,0,7,0,0,7,0,9,21,0,30,0,16,21,0,37,48,0,48,85
11/02/2014,MWA,IL,AGL,CE,Federal Contract Tower,0,10,1,0,11,0,5,15,0,20,0,15,16,0,31,50,0,50,81
11/03/2014,MWA,IL,AGL,CE,Federal Contract Tower,0,14,0,0,14,0,15,6,0,21,0,29,6,0,35,42,0,42,77
11/04/2014,MWA,IL,AGL,CE,Federal Contract Tower,0,18,0,0,18,0,0,0,0,0,0,18,0,0,18,0,0,0,18
11/05/2014,MWA,IL,AGL,CE,Federal Contract Tower,0,17,3,0,20,0,2,1,0,3,0,19,4,0,23,0,0,0,23
11/06/2014,MWA,IL,AGL,CE,Federal Contract Tower,0,12,0,0,12,0,11,4,1,16,0,23,4,1,28,40,0,40,68
11/07/2014,MWA,IL,AGL,CE,Federal Contract Tower,0,14,2,0,16,0,33,22,0,55,0,47,24,0,71,124,0,124,195
11/08/2014,MWA,IL,AGL,CE,Federal Contract Tower,0,7,0,0,7,0,1,2,0,3,0,8,2,0,10,2,0,2,12
11/09/2014,MWA,IL,AGL,CE,Federal Contract Tower,0,11,3,0,14,0,19,14,0,33,0,30,17,0,47,76,0,76,123
11/10/2014,MWA,IL,AGL,CE,Federal Contract Tower,0,13,0,0,13,0,15,0,0,15,0,28,0,0,28,24,0,24,52
11/11/2014,MWA,IL,AGL,CE,Federal Contract Tower,0,11,0,0,11,0,3,0,0,3,0,14,0,0,14,0,0,0,14
11/12/2014,MWA,IL,AGL,CE,Federal Contract Tower,0,13,0,0,13,0,31,12,0,43,0,44,12,0,56,70,0,70,126
11/13/2014,MWA,IL,AGL,CE,Federal Contract Tower,0,17,1,0,18,0,13,17,0,30,0,30,18,0,48,82,0,82,130
11/14/2014,MWA,IL,AGL,CE,Federal Contract Tower,1,15,2,0,18,0,25,11,0,36,1,40,13,0,54,70,0,70,124
11/15/2014,MWA,IL,AGL,CE,Federal Contract Tower,0,9,0,0,9,0,2,10,0,12,0,11,10,0,21,6,0,6,27
11/16/2014,MWA,IL,AGL,CE,Federal Contract Tower,0,4,0,0,4,0,3,2,0,5,0,7,2,0,9,28,0,28,37
11/17/2014,MWA,IL,AGL,CE,Federal Contract Tower,0,9,1,0,10,0,15,2,0,17,0,24,3,0,27,44,0,44,71
11/18/2014,MWA,IL,AGL,CE,Federal Contract Tower,0,12,5,1,18,0,27,3,2,32,0,39,8,3,50,94,8,102,152
11/19/2014,MWA,IL,AGL,CE,Federal Contract Tower,0,13,0,0,13,0,19,4,0,23,0,32,4,0,36,38,0,38,74
11/20/2014,MWA,IL,AGL,CE,Federal Contract Tower,0,15,4,0,19,0,31,9,0,40,0,46,13,0,59,132,0,132,191
11/21/2014,MWA,IL,AGL,CE,Federal Contract Tower,0,16,0,0,16,0,50,9,2,61,0,66,9,2,77,130,0,130,207
11/22/2014,MWA,IL,AGL,CE,Federal Contract Tower,0,13,4,3,20,0,9,26,0,35,0,22,30,3,55,74,0,74,129
11/23/2014,MWA,IL,AGL,CE,Federal Contract Tower,0,6,0,0,6,0,0,0,0,0,0,6,0,0,6,0,0,0,6
11/24/2014,MWA,IL,AGL,CE,Federal Contract Tower,0,9,1,0,10,0,1,3,2,6,0,10,4,2,16,6,0,6,22
11/25/2014,MWA,IL,AGL,CE,Federal Contract Tower,0,6,0,0,6,0,42,16,0,58,0,48,16,0,64,220,0,220,284
11/26/2014,MWA,IL,AGL,CE,Federal Contract Tower,0,21,0,0,21,0,7,1,0,8,0,28,1,0,29,8,0,8,37
11/27/2014,MWA,IL,AGL,CE,Federal Contract Tower,0,8,1,0,9,0,0,1,0,1,0,8,2,0,10,0,0,0,10
11/28/2014,MWA,IL,AGL,CE,Federal Contract Tower,0,6,0,2,8,0,18,2,0,20,0,24,2,2,28,0,0,0,28
11/29/2014,MWA,IL,AGL,CE,Federal Contract Tower,0,6,6,0,12,0,10,5,0,15,0,16,11,0,27,12,0,12,39
11/30/2014,MWA,IL,AGL,CE,Federal Contract Tower,0,14,1,0,15,0,1,5,0,6,0,15,6,0,21,0,0,0,21
12/01/2014,MWA,IL,AGL,CE,Federal Contract Tower,0,7,0,0,7,0,0,0,0,0,0,7,0,0,7,0,0,0,7
12/02/2014,MWA,IL,AGL,CE,Federal Contract Tower,0,10,2,0,12,0,0,0,0,0,0,10,2,0,12,0,0,0,12
12/03/2014,MWA,IL,AGL,CE,Federal Contract Tower,0,11,2,9,22,0,29,23,4,56,0,40,25,13,78,94,8,102,180
12/04/2014,MWA,IL,AGL,CE,Federal Contract Tower,0,12,1,0,13,0,0,0,0,0,0,12,1,0,13,0,0,0,13
12/05/2014,MWA,IL,AGL,CE,Federal Contract Tower,0,12,0,0,12,0,0,0,0,0,0,12,0,0,12,0,0,0,12
12/06/2014,MWA,IL,AGL,CE,Federal Contract Tower,0,13,1,0,14,0,4,2,0,6,0,17,3,0,20,14,0,14,34
12/07/2014,MWA,IL,AGL,CE,Federal Contract Tower,0,11,0,0,11,0,17,9,0,26,0,28,9,0,37,90,0,90,127
12/08/2014,MWA,IL,AGL,CE,Federal Contract Tower,0,13,0,0,13,0,22,17,0,39,0,35,17,0,52,110,0,110,162
12/09/2014,MWA,IL,AGL,CE,Federal Contract Tower,0,10,2,0,12,0,13,5,0,18,0,23,7,0,30,0,0,0,30
12/10/2014,MWA,IL,AGL,CE,Federal Contract Tower,0,18,0,0,18,0,14,2,0,16,0,32,2,0,34,50,0,50,84
12/11/2014,MWA,IL,AGL,CE,Federal Contract Tower,0,16,5,0,21,0,19,19,0,38,0,35,24,0,59,88,0,88,147
12/12/2014,MWA,IL,AGL,CE,Federal Contract Tower,0,20,3,0,23,0,22,14,0,36,0,42,17,0,59,108,0,108,167
12/13/2014,MWA,IL,AGL,CE,Federal Contract Tower,0,10,1,0,11,0,9,2,0,11,0,19,3,0,22,0,0,0,22
12/14/2014,MWA,IL,AGL,CE,Federal Contract Tower,0,7,0,0,7,0,6,4,0,10,0,13,4,0,17,24,0,24,41
12/15/2014,MWA,IL,AGL,CE,Federal Contract Tower,0,15,0,0,15,0,0,0,0,0,0,15,0,0,15,0,0,0,15
12/16/2014,MWA,IL,AGL,CE,Federal Contract Tower,0,16,0,0,16,0,5,0,0,5,0,21,0,0,21,0,0,0,21
12/17/2014,MWA,IL,AGL,CE,Federal Contract Tower,0,14,4,0,18,0,24,10,0,34,0,38,14,0,52,94,0,94,146
12/18/2014,MWA,IL,AGL,CE,Federal Contract Tower,0,16,6,0,22,0,1,0,0,1,0,17,6,0,23,0,0,0,23
12/19/2014,MWA,IL,AGL,CE,Federal Contract Tower,0,17,1,0,18,0,11,17,0,28,0,28,18,0,46,16,0,16,62
12/20/2014,MWA,IL,AGL,CE,Federal Contract Tower,0,6,0,0,6,0,0,1,0,1,0,6,1,0,7,8,0,8,15
12/21/2014,MWA,IL,AGL,CE,Federal Contract Tower,0,9,0,0,9,0,0,13,1,14,0,9,13,1,23,16,0,16,39
12/22/2014,MWA,IL,AGL,CE,Federal Contract Tower,0,14,2,0,16,0,0,0,0,0,0,14,2,0,16,0,0,0,16
12/23/2014,MWA,IL,AGL,CE,Federal Contract Tower,0,10,0,1,11,4,7,3,0,14,4,17,3,1,25,62,0,62,87
12/24/2014,MWA,IL,AGL,CE,Federal Contract Tower,0,11,0,0,11,0,0,0,0,0,0,11,0,0,11,0,0,0,11
12/25/2014,MWA,IL,AGL,CE,Federal Contract Tower,0,8,0,0,8,0,1,4,0,5,0,9,4,0,13,0,0,0,13
12/26/2014,MWA,IL,AGL,CE,Federal Contract Tower,0,12,2,0,14,0,3,6,0,9,0,15,8,0,23,36,0,36,59
12/27/2014,MWA,IL,AGL,CE,Federal Contract Tower,0,10,1,0,11,0,0,0,0,0,0,10,1,0,11,0,0,0,11
12/28/2014,MWA,IL,AGL,CE,Federal Contract Tower,0,7,0,0,7,0,0,2,0,2,0,7,2,0,9,2,0,2,11
12/29/2014,MWA,IL,AGL,CE,Federal Contract Tower,0,8,1,0,9,0,9,6,0,15,0,17,7,0,24,38,0,38,62
12/30/2014,MWA,IL,AGL,CE,Federal Contract Tower,0,10,0,0,10,0,3,3,0,6,0,13,3,0,16,4,0,4,20
12/31/2014,MWA,IL,AGL,CE,Federal Contract Tower,0,8,0,0,8,0,0,3,0,3,0,8,3,0,11,8,0,8,19
01/01/2015,MWA,IL,AGL,CE,Federal Contract Tower,0,10,1,0,11,0,0,0,0,0,0,10,1,0,11,0,0,0,11
01/02/2015,MWA,IL,AGL,CE,Federal Contract Tower,0,10,1,0,11,0,0,0,0,0,0,10,1,0,11,0,0,0,11
01/03/2015,MWA,IL,AGL,CE,Federal Contract Tower,0,10,0,0,10,0,0,0,0,0,0,10,0,0,10,0,0,0,10
01/04/2015,MWA,IL,AGL,CE,Federal Contract Tower,0,9,0,0,9,0,5,0,0,5,0,14,0,0,14,0,0,0,14
01/05/2015,MWA,IL,AGL,CE,Federal Contract Tower,0,8,0,0,8,0,7,17,0,24,0,15,17,0,32,32,0,32,64
01/06/2015,MWA,IL,AGL,CE,Federal Contract Tower,0,8,3,0,11,0,0,6,0,6,0,8,9,0,17,20,0,20,37
01/07/2015,MWA,IL,AGL,CE,Federal Contract Tower,0,20,2,0,22,0,0,1,0,1,0,20,3,0,23,6,0,6,29
01/08/2015,MWA,IL,AGL,CE,Federal Contract Tower,0,21,1,0,22,0,0,4,0,4,0,21,5,0,26,0,0,0,26
01/09/2015,MWA,IL,AGL,CE,Federal Contract Tower,0,15,0,0,15,0,13,1,0,14,0,28,1,0,29,14,0,14,43
01/10/2015,MWA,IL,AGL,CE,Federal Contract Tower,0,10,1,0,11,0,16,19,0,35,0,26,20,0,46,68,0,68,114
01/11/2015,MWA,IL,AGL,CE,Federal Contract Tower,0,13,0,0,13,0,0,2,0,2,0,13,2,0,15,0,0,0,15
01/12/2015,MWA,IL,AGL,CE,Federal Contract Tower,0,13,1,0,14,0,0,1,0,1,0,13,2,0,15,8,0,8,23
01/13/2015,MWA,IL,AGL,CE,Federal Contract Tower,2,12,0,0,14,0,2,4,0,6,2,14,4,0,20,16,0,16,36
01/14/2015,MWA,IL,AGL,CE,Federal Contract Tower,0,21,0,0,21,0,16,10,0,26,0,37,10,0,47,34,0,34,81
01/15/2015,MWA,IL,AGL,CE,Federal Contract Tower,1,14,0,0,15,0,24,3,0,27,1,38,3,0,42,58,0,58,100
01/16/2015,MWA,IL,AGL,CE,Federal Contract Tower,0,10,0,0,10,0,13,8,0,21,0,23,8,0,31,96,0,96,127
01/17/2015,MWA,IL,AGL,CE,Federal Contract Tower,0,6,1,0,7,0,6,17,4,27,0,12,18,4,34,46,0,46,80
01/18/2015,MWA,IL,AGL,CE,Federal Contract Tower,0,6,0,0,6,0,5,21,0,26,0,11,21,0,32,52,0,52,84
01/19/2015,MWA,IL,AGL,CE,Federal Contract Tower,0,8,0,0,8,0,10,9,0,19,0,18,9,0,27,6,0,6,33
01/20/2015,MWA,IL,AGL,CE,Federal Contract Tower,0,8,0,0,8,0,1,2,2,5,0,9,2,2,13,16,2,18,31
01/21/2015,MWA,IL,AGL,CE,Federal Contract Tower,0,8,2,8,18,0,15,3,0,18,0,23,5,8,36,38,0,38,74
01/22/2015,MWA,IL,AGL,CE,Federal Contract Tower,0,18,0,0,18,0,9,2,0,11,0,27,2,0,29,32,0,32,61
01/23/2015,MWA,IL,AGL,CE,Federal Contract Tower,0,10,3,0,13,0,7,4,0,11,0,17,7,0,24,18,0,18,42
01/24/2015,MWA,IL,AGL,CE,Federal Contract Tower,0,9,1,0,10,0,6,20,2,28,0,15,21,2,38,36,0,36,74
01/25/2015,MWA,IL,AGL,CE,Federal Contract Tower,0,8,0,0,8,0,0,0,0,0,0,8,0,0,8,0,0,0,8
01/26/2015,MWA,IL,AGL,CE,Federal Contract Tower,0,9,2,0,11,0,2,3,0,5,0,11,5,0,16,40,0,40,56
01/27/2015,MWA,IL,AGL,CE,Federal Contract Tower,1,18,0,0,19,0,28,4,0,32,1,46,4,0,51,54,0,54,105
01/28/2015,MWA,IL,AGL,CE,Federal Contract Tower,0,13,1,2,16,0,36,5,1,42,0,49,6,3,58,152,0,152,210
01/29/2015,MWA,IL,AGL,CE,Federal Contract Tower,0,11,0,0,11,0,0,3,0,3,0,11,3,0,14,32,0,32,46
01/30/2015,MWA,IL,AGL,CE,Federal Contract Tower,0,14,1,0,15,0,20,9,0,29,0,34,10,0,44,52,0,52,96
01/31/2015,MWA,IL,AGL,CE,Federal Contract Tower,0,6,1,0,7,0,10,9,0,19,0,16,10,0,26,54,0,54,80
02/01/2015,MWA,IL,AGL,CE,Federal Contract Tower,0,7,1,0,8,0,0,1,0,1,0,7,2,0,9,0,0,0,9
02/02/2015,MWA,IL,AGL,CE,Federal Contract Tower,0,9,0,0,9,0,3,0,0,3,0,12,0,0,12,24,0,24,36
02/03/2015,MWA,IL,AGL,CE,Federal Contract Tower,1,12,0,0,13,0,16,6,0,22,1,28,6,0,35,58,0,58,93
02/04/2015,MWA,IL,AGL,CE,Federal Contract Tower,0,8,0,0,8,0,24,5,0,29,0,32,5,0,37,98,0,98,135
02/05/2015,MWA,IL,AGL,CE,Federal Contract Tower,0,11,0,2,13,0,15,5,0,20,0,26,5,2,33,28,0,28,61
02/06/2015,MWA,IL,AGL,CE,Federal Contract Tower,0,22,0,0,22,0,27,6,0,33,0,49,6,0,55,74,0,74,129
02/07/2015,MWA,IL,AGL,CE,Federal Contract Tower,0,10,0,0,10,0,5,18,0,23,0,15,18,0,33,48,0,48,81
02/08/2015,MWA,IL,AGL,CE,Federal Contract Tower,0,8,0,0,8,0,8,1,0,9,0,16,1,0,17,40,0,40,57
02/09/2015,MWA,IL,AGL,CE,Federal Contract Tower,0,16,1,0,17,0,2,1,0,3,0,18,2,0,20,0,0,0,20
02/10/2015,MWA,IL,AGL,CE,Federal Contract Tower,0,20,0,0,20,0,5,7,0,12,0,25,7,0,32,16,0,16,48
02/11/2015,MWA,IL,AGL,CE,Federal Contract Tower,0,17,0,0,17,0,15,6,0,21,0,32,6,0,38,58,0,58,96
02/12/2015,MWA,IL,AGL,CE,Federal Contract Tower,0,14,0,1,15,0,5,3,2,10,0,19,3,3,25,64,0,64,89
02/13/2015,MWA,IL,AGL,CE,Federal Contract Tower,0,8,3,0,11,0,20,11,0,31,0,28,14,0,42,52,0,52,94
02/14/2015,MWA,IL,AGL,CE,Federal Contract Tower,0,6,0,0,6,0,7,9,0,16,0,13,9,0,22,34,0,34,56
02/15/2015,MWA,IL,AGL,CE,Federal Contract Tower,0,5,0,0,5,0,10,10,0,20,0,15,10,0,25,78,0,78,103
02/16/2015,MWA,IL,AGL,CE,Federal Contract Tower,0,3,0,0,3,0,0,0,0,0,0,3,0,0,3,0,0,0,3
02/17/2015,MWA,IL,AGL,CE,Federal Contract Tower,1,8,0,0,9,0,13,4,0,17,1,21,4,0,26,22,0,22,48
02/18/2015,MWA,IL,AGL,CE,Federal Contract Tower,0,12,0,0,12,0,3,1,0,4,0,15,1,0,16,0,0,0,16
02/19/2015,MWA,IL,AGL,CE,Federal Contract Tower,0,12,0,4,16,0,0,3,0,3,0,12,3,4,19,2,8,10,29
02/20/2015,MWA,IL,AGL,CE,Federal Contract Tower,0,12,0,0,12,0,7,1,0,8,0,19,1,0,20,8,0,8,28
02/21/2015,MWA,IL,AGL,CE,Federal Contract Tower,0,6,0,0,6,0,0,0,0,0,0,6,0,0,6,0,0,0,6
02/22/2015,MWA,IL,AGL,CE,Federal Contract Tower,2,7,0,0,9,0,6,0,0,6,2,13,0,0,15,12,0,12,27
02/23/2015,MWA,IL,AGL,CE,Federal Contract Tower,0,12,1,0,13,0,6,9,0,15,0,18,10,0,28,24,0,24,52
02/24/2015,MWA,IL,AGL,CE,Federal Contract Tower,0,10,2,0,12,0,7,8,4,19,0,17,10,4,31,24,28,52,83
02/25/2015,MWA,IL,AGL,CE,Federal Contract Tower,0,11,0,0,11,0,20,2,0,22,0,31,2,0,33,44,0,44,77
02/26/2015,MWA,IL,AGL,CE,Federal Contract Tower,0,13,0,0,13,0,0,0,0,0,0,13,0,0,13,0,0,0,13
02/27/2015,MWA,IL,AGL,CE,Federal Contract Tower,0,13,1,0,14,0,19,2,2,23,0,32,3,2,37,122,0,122,159
02/28/2015,MWA,IL,AGL,CE,Federal Contract Tower,1,4,0,2,7,0,14,10,0,24,1,18,10,2,31,64,0,64,95
03/01/2015,MWA,IL,AGL,CE,Federal Contract Tower,1,10,0,0,11,0,0,0,0,0,1,10,0,0,11,0,0,0,11
03/02/2015,MWA,IL,AGL,CE,Federal Contract Tower,0,13,0,0,13,0,21,4,0,25,0,34,4,0,38,64,0,64,102
03/03/2015,MWA,IL,AGL,CE,Federal Contract Tower,0,16,3,0,19,0,0,0,0,0,0,16,3,0,19,0,0,0,19
03/04/2015,MWA,IL,AGL,CE,Federal Contract Tower,0,1,0,0,1,0,0,0,0,0,0,1,0,0,1,0,0,0,1
03/05/2015,MWA,IL,AGL,CE,Federal Contract Tower,0,12,4,0,16,0,6,4,0,10,0,18,8,0,26,0,0,0,26
03/06/2015,MWA,IL,AGL,CE,Federal Contract Tower,0,17,3,0,20,0,33,20,0,53,0,50,23,0,73,42,0,42,115
03/07/2015,MWA,IL,AGL,CE,Federal Contract Tower,0,6,0,0,6,0,12,6,2,20,0,18,6,2,26,42,0,42,68
03/08/2015,MWA,IL,AGL,CE,Federal Contract Tower,0,8,0,0,8,0,4,2,2,8,0,12,2,2,16,38,0,38,54
03/09/2015,MWA,IL,AGL,CE,Federal Contract Tower,0,14,3,0,17,0,0,2,0,2,0,14,5,0,19,0,0,0,19
03/10/2015,MWA,IL,AGL,CE,Federal Contract Tower,0,9,0,0,9,0,0,0,0,0,0,9,0,0,9,0,0,0,9
03/11/2015,MWA,IL,AGL,CE,Federal Contract Tower,0,14,0,0,14,0,7,3,0,10,0,21,3,0,24,18,0,18,42
03/12/2015,MWA,IL,AGL,CE,Federal Contract Tower,0,20,2,0,22,0,9,8,0,17,0,29,10,0,39,10,0,10,49
03/13/2015,MWA,IL,AGL,CE,Federal Contract Tower,0,8,0,0,8,0,0,0,0,0,0,8,0,0,8,0,0,0,8
03/14/2015,MWA,IL,AGL,CE,Federal Contract Tower,0,9,3,0,12,0,0,1,0,1,0,9,4,0,13,22,0,22,35
03/15/2015,MWA,IL,AGL,CE,Federal Contract Tower,0,6,0,0,6,0,9,20,0,29,0,15,20,0,35,32,0,32,67
03/16/2015,MWA,IL,AGL,CE,Federal Contract Tower,0,7,1,0,8,0,24,6,0,30,0,31,7,0,38,100,0,100,138
03/17/2015,MWA,IL,AGL,CE,Federal Contract Tower,0,8,0,0,8,0,14,2,0,16,0,22,2,0,24,64,0,64,88
03/18/2015,MWA,IL,AGL,CE,Federal Contract Tower,0,17,0,0,17,0,22,15,0,37,0,39,15,0,54,40,0,40,94
03/19/2015,MWA,IL,AGL,CE,Federal Contract Tower,0,11,0,0,11,0,2,1,0,3,0,13,1,0,14,20,0,20,34
03/20/2015,MWA,IL,AGL,CE,Federal Contract Tower,0,12,3,0,15,0,6,0,0,6,0,18,3,0,21,0,0,0,21
03/21/2015,MWA,IL,AGL,CE,Federal Contract Tower,0,7,1,0,8,0,6,12,2,20,0,13,13,2,28,24,0,24,52
03/22/2015,MWA,IL,AGL,CE,Federal Contract Tower,0,7,0,0,7,0,18,7,0,25,0,25,7,0,32,12,0,12,44
03/23/2015,MWA,IL,AGL,CE,Federal Contract Tower,0,5,0,0,5,0,33,3,0,36,0,38,3,0,41,100,0,100,141
03/24/2015,MWA,IL,AGL,CE,Federal Contract Tower,0,16,2,0,18,0,4,5,3,12,0,20,7,3,30,8,16,24,54
03/25/2015,MWA,IL,AGL,CE,Federal Contract Tower,0,8,5,0,13,0,20,9,0,29,0,28,14,0,42,42,0,42,84
03/26/2015,MWA,IL,AGL,CE,Federal Contract Tower,0,10,1,0,11,0,6,0,0,6,0,16,1,0,17,8,0,8,25
03/27/2015,MWA,IL,AGL,CE,Federal Contract Tower,0,10,2,0,12,0,11,3,0,14,0,21,5,0,26,20,0,20,46
03/28/2015,MWA,IL,AGL,CE,Federal Contract Tower,0,9,3,0,12,0,17,16,1,34,0,26,19,1,46,56,0,56,102
03/29/2015,MWA,IL,AGL,CE,Federal Contract Tower,0,5,5,0,10,0,12,10,0,22,0,17,15,0,32,42,0,42,74
03/30/2015,MWA,IL,AGL,CE,Federal Contract Tower,0,9,0,1,10,0,21,12,0,33,0,30,12,1,43,32,0,32,75
03/31/2015,MWA,IL,AGL,CE,Federal Contract Tower,0,11,0,0,11,0,17,21,0,38,0,28,21,0,49,16,0,16,65
04/01/2015,MWA,IL,AGL,CE,Federal Contract Tower,0,10,0,0,10,0,20,3,0,23,0,30,3,0,33,60,0,60,93
04/02/2015,MWA,IL,AGL,CE,Federal Contract Tower,0,8,0,0,8,0,0,0,0,0,0,8,0,0,8,0,0,0,8
04/03/2015,MWA,IL,AGL,CE,Federal Contract Tower,0,8,3,0,11,0,3,0,0,3,0,11,3,0,14,0,0,0,14
04/04/2015,MWA,IL,AGL,CE,Federal Contract Tower,0,8,2,0,10,0,17,18,0,35,0,25,20,0,45,106,0,106,151
04/06/2015,MWA,IL,AGL,CE,Federal Contract Tower,0,10,0,0,10,0,7,0,0,7,0,17,0,0,17,40,0,40,57
04/07/2015,MWA,IL,AGL,CE,Federal Contract Tower,0,5,0,0,5,0,2,0,0,2,0,7,0,0,7,0,0,0,7
04/08/2015,MWA,IL,AGL,CE,Federal Contract Tower,0,10,0,0,10,0,15,2,0,17,0,25,2,0,27,20,0,20,47
04/09/2015,MWA,IL,AGL,CE,Federal Contract Tower,0,8,1,0,9,0,12,0,0,12,0,20,1,0,21,0,0,0,21
04/10/2015,MWA,IL,AGL,CE,Federal Contract Tower,0,9,1,0,10,0,39,10,0,49,0,48,11,0,59,158,0,158,217
04/11/2015,MWA,IL,AGL,CE,Federal Contract Tower,0,14,7,0,21,0,23,25,2,50,0,37,32,2,71,98,0,98,169
04/12/2015,MWA,IL,AGL,CE,Federal Contract Tower,0,10,3,0,13,0,9,4,0,13,0,19,7,0,26,60,0,60,86
04/13/2015,MWA,IL,AGL,CE,Federal Contract Tower,0,16,2,0,18,0,3,0,0,3,0,19,2,0,21,0,0,0,21
04/14/2015,MWA,IL,AGL,CE,Federal Contract Tower,0,20,5,0,25,0,22,11,2,35,0,42,16,2,60,80,10,90,150
04/15/2015,MWA,IL,AGL,CE,Federal Contract Tower,0,8,0,0,8,0,28,4,0,32,0,36,4,0,40,98,0,98,138
04/16/2015,MWA,IL,AGL,CE,Federal Contract Tower,0,10,0,0,10,0,4,3,0,7,0,14,3,0,17,0,0,0,17
04/17/2015,MWA,IL,AGL,CE,Federal Contract Tower,0,8,0,0,8,0,17,4,0,21,0,25,4,0,29,12,0,12,41
04/18/2015,MWA,IL,AGL,CE,Federal Contract Tower,0,6,0,2,8,0,6,13,2,21,0,12,13,4,29,18,4,22,51
04/19/2015,MWA,IL,AGL,CE,Federal Contract Tower,0,10,0,0,10,0,0,0,0,0,0,10,0,0,10,0,0,0,10
04/20/2015,MWA,IL,AGL,CE,Federal Contract Tower,0,9,0,0,9,0,3,4,0,7,0,12,4,0,16,44,0,44,60
04/21/2015,MWA,IL,AGL,CE,Federal Contract Tower,0,14,0,0,14,0,26,0,0,26,0,40,0,0,40,92,0,92,132
04/22/2015,MWA,IL,AGL,CE,Federal Contract Tower,0,16,0,0,16,0,37,1,0,38,0,53,1,0,54,126,0,126,180
04/23/2015,MWA,IL,AGL,CE,Federal Contract Tower,0,11,1,0,12,0,26,18,1,45,0,37,19,1,57,42,0,42,99
04/24/2015,MWA,IL,AGL,CE,Federal Contract Tower,0,14,1,0,15,0,18,6,0,24,0,32,7,0,39,46,0,46,85
04/25/2015,MWA,IL,AGL,CE,Federal Contract Tower,0,10,0,0,10,0,4,2,0,6,0,14,2,0,16,4,0,4,20
04/26/2015,MWA,IL,AGL,CE,Federal Contract Tower,0,7,3,0,10,0,0,0,4,4,0,7,3,4,14,0,0,0,14
04/27/2015,MWA,IL,AGL,CE,Federal Contract Tower,0,9,0,0,9,0,31,9,0,40,0,40,9,0,49,94,0,94,143
04/28/2015,MWA,IL,AGL,CE,Federal Contract Tower,0,10,1,0,11,0,24,9,0,33,0,34,10,0,44,80,0,80,124
04/29/2015,MWA,IL,AGL,CE,Federal Contract Tower,0,9,0,2,11,0,26,14,0,40,0,35,14,2,51,80,0,80,131
04/30/2015,MWA,IL,AGL,CE,Federal Contract Tower,0,11,6,0,17,0,20,14,0,34,0,31,20,0,51,46,0,46,97
05/01/2015,MWA,IL,AGL,CE,Federal Contract Tower,0,11,3,0,14,0,14,15,0,29,0,25,18,0,43,136,0,136,179
05/02/2015,MWA,IL,AGL,CE,Federal Contract Tower,0,9,3,0,12,0,16,27,0,43,0,25,30,0,55,142,0,142,197
05/03/2015,MWA,IL,AGL,CE,Federal Contract Tower,0,6,1,0,7,0,11,15,0,26,0,17,16,0,33,116,0,116,149
05/04/2015,MWA,IL,AGL,CE,Federal Contract Tower,0,13,3,0,16,0,10,7,0,17,0,23,10,0,33,92,0,92,125
05/05/2015,MWA,IL,AGL,CE,Federal Contract Tower,0,13,2,0,15,0,10,11,4,25,0,23,13,4,40,36,0,36,76
05/06/2015,MWA,IL,AGL,CE,Federal Contract Tower,0,14,0,0,14,0,24,13,0,37,0,38,13,0,51,128,0,128,179
05/07/2015,MWA,IL,AGL,CE,Federal Contract Tower,0,10,0,1,11,0,9,16,1,26,0,19,16,2,37,24,0,24,61
05/08/2015,MWA,IL,AGL,CE,Federal Contract Tower,0,10,2,0,12,0,6,5,0,11,0,16,7,0,23,44,0,44,67
05/09/2015,MWA,IL,AGL,CE,Federal Contract Tower,0,5,0,0,5,0,0,0,0,0,0,5,0,0,5,0,0,0,5
05/10/2015,MWA,IL,AGL,CE,Federal Contract Tower,0,7,0,0,7,0,5,0,0,5,0,12,0,0,12,56,0,56,68
05/12/2015,MWA,IL,AGL,CE,Federal Contract Tower,0,9,1,0,10,0,21,13,0,34,0,30,14,0,44,70,0,70,114
05/13/2015,MWA,IL,AGL,CE,Federal Contract Tower,0,12,2,0,14,0,13,8,0,21,0,25,10,0,35,6,0,6,41
05/14/2015,MWA,IL,AGL,CE,Federal Contract Tower,0,12,4,0,16,0,0,1,0,1,0,12,5,0,17,0,0,0,17
05/15/2015,MWA,IL,AGL,CE,Federal Contract Tower,0,11,0,4,15,0,4,4,0,8,0,15,4,4,23,0,0,0,23
05/16/2015,MWA,IL,AGL,CE,Federal Contract Tower,0,6,0,4,10,0,0,0,0,0,0,6,0,4,10,0,0,0,10
05/17/2015,MWA,IL,AGL,CE,Federal Contract Tower,0,7,2,0,9,0,1,9,0,10,0,8,11,0,19,4,0,4,23
05/18/2015,MWA,IL,AGL,CE,Federal Contract Tower,0,8,1,0,9,0,3,3,0,6,0,11,4,0,15,0,0,0,15
05/19/2015,MWA,IL,AGL,CE,Federal Contract Tower,0,10,1,0,11,0,6,23,0,29,0,16,24,0,40,16,0,16,56
05/20/2015,MWA,IL,AGL,CE,Federal Contract Tower,0,14,0,0,14,0,4,1,0,5,0,18,1,0,19,14,0,14,33
05/21/2015,MWA,IL,AGL,CE,Federal Contract Tower,0,8,1,0,9,0,16,11,0,27,0,24,12,0,36,34,0,34,70
05/22/2015,MWA,IL,AGL,CE,Federal Contract Tower,0,13,3,2,18,0,10,14,2,26,0,23,17,4,44,58,8,66,110
05/23/2015,MWA,IL,AGL,CE,Federal Contract Tower,0,7,0,0,7,0,9,11,0,20,0,16,11,0,27,16,0,16,43
05/24/2015,MWA,IL,AGL,CE,Federal Contract Tower,0,5,2,0,7,0,1,2,0,3,0,6,4,0,10,0,0,0,10
05/25/2015,MWA,IL,AGL,CE,Federal Contract Tower,0,10,1,0,11,0,1,2,0,3,0,11,3,0,14,0,0,0,14
05/26/2015,MWA,IL,AGL,CE,Federal Contract Tower,0,12,0,0,12,0,4,0,0,4,0,16,0,0,16,12,0,12,28
05/27/2015,MWA,IL,AGL,CE,Federal Contract Tower,0,12,1,0,13,0,13,14,0,27,0,25,15,0,40,54,0,54,94
05/28/2015,MWA,IL,AGL,CE,Federal Contract Tower,0,21,5,0,26,0,8,13,0,21,0,29,18,0,47,54,0,54,101
05/29/2015,MWA,IL,AGL,CE,Federal Contract Tower,0,14,6,0,20,0,8,14,1,23,0,22,20,1,43,52,0,52,95
05/30/2015,MWA,IL,AGL,CE,Federal Contract Tower,0,7,0,0,7,0,5,0,3,8,0,12,0,3,15,18,0,18,33
05/31/2015,MWA,IL,AGL,CE,Federal Contract Tower,0,7,4,0,11,0,4,2,0,6,0,11,6,0,17,32,0,32,49
06/01/2015,MWA,IL,AGL,CE,Federal Contract Tower,0,9,1,0,10,0,0,0,0,0,0,9,1,0,10,2,0,2,12
06/02/2015,MWA,IL,AGL,CE,Federal Contract Tower,0,20,8,0,28,0,8,6,0,14,0,28,14,0,42,24,0,24,66
06/03/2015,MWA,IL,AGL,CE,Federal Contract Tower,0,17,0,0,17,0,15,9,4,28,0,32,9,4,45,102,2,104,149
06/04/2015,MWA,IL,AGL,CE,Federal Contract Tower,0,15,0,1,16,0,21,15,1,37,0,36,15,2,53,50,8,58,111
06/05/2015,MWA,IL,AGL,CE,Federal Contract Tower,0,8,0,1,9,0,9,5,0,14,0,17,5,1,23,34,0,34,57
06/06/2015,MWA,IL,AGL,CE,Federal Contract Tower,0,13,4,0,17,0,0,18,0,18,0,13,22,0,35,88,0,88,123
06/07/2015,MWA,IL,AGL,CE,Federal Contract Tower,0,16,2,0,18,0,3,17,0,20,0,19,19,0,38,46,0,46,84
06/08/2015,MWA,IL,AGL,CE,Federal Contract Tower,0,7,0,1,8,0,2,0,2,4,0,9,0,3,12,0,4,4,16
06/09/2015,MWA,IL,AGL,CE,Federal Contract Tower,0,16,3,2,21,0,9,21,2,32,0,25,24,4,53,104,0,104,157
06/10/2015,MWA,IL,AGL,CE,Federal Contract Tower,0,11,3,0,14,0,17,10,1,28,0,28,13,1,42,34,0,34,76
06/11/2015,MWA,IL,AGL,CE,Federal Contract Tower,0,12,1,3,16,0,18,5,0,23,0,30,6,3,39,36,8,44,83
06/12/2015,MWA,IL,AGL,CE,Federal Contract Tower,0,9,0,3,12,0,8,6,4,18,0,17,6,7,30,12,6,18,48
06/13/2015,MWA,IL,AGL,CE,Federal Contract Tower,0,9,1,0,10,0,2,5,0,7,0,11,6,0,17,0,0,0,17
06/14/2015,MWA,IL,AGL,CE,Federal Contract Tower,0,7,1,0,8,0,4,6,0,10,0,11,7,0,18,14,0,14,32
06/15/2015,MWA,IL,AGL,CE,Federal Contract Tower,0,9,0,4,13,0,14,14,4,32,0,23,14,8,45,86,0,86,131
06/16/2015,MWA,IL,AGL,CE,Federal Contract Tower,0,14,0,2,16,0,5,3,3,11,0,19,3,5,27,12,0,12,39
06/17/2015,MWA,IL,AGL,CE,Federal Contract Tower,0,10,0,0,10,0,7,3,0,10,0,17,3,0,20,12,0,12,32
06/18/2015,MWA,IL,AGL,CE,Federal Contract Tower,0,15,1,0,16,0,11,9,0,20,0,26,10,0,36,28,0,28,64
06/19/2015,MWA,IL,AGL,CE,Federal Contract Tower,0,11,0,0,11,0,0,0,0,0,0,11,0,0,11,0,0,0,11
06/20/2015,MWA,IL,AGL,CE,Federal Contract Tower,0,8,1,0,9,0,20,1,0,21,0,28,2,0,30,0,0,0,30
06/21/2015,MWA,IL,AGL,CE,Federal Contract Tower,0,8,0,0,8,0,13,2,0,15,0,21,2,0,23,10,0,10,33
06/22/2015,MWA,IL,AGL,CE,Federal Contract Tower,0,9,1,2,12,0,17,6,5,28,0,26,7,7,40,34,0,34,74
06/23/2015,MWA,IL,AGL,CE,Federal Contract Tower,0,15,0,0,15,0,0,13,3,16,0,15,13,3,31,0,0,0,31
06/24/2015,MWA,IL,AGL,CE,Federal Contract Tower,0,11,5,0,16,0,12,10,0,22,0,23,15,0,38,38,0,38,76
06/25/2015,MWA,IL,AGL,CE,Federal Contract Tower,0,7,9,0,16,0,9,13,0,22,0,16,22,0,38,76,0,76,114
06/26/2015,MWA,IL,AGL,CE,Federal Contract Tower,0,9,2,0,11,0,14,0,0,14,0,23,2,0,25,48,0,48,73
06/27/2015,MWA,IL,AGL,CE,Federal Contract Tower,0,11,1,0,12,0,14,8,4,26,0,25,9,4,38,0,0,0,38
06/28/2015,MWA,IL,AGL,CE,Federal Contract Tower,0,10,0,0,10,0,13,20,0,33,0,23,20,0,43,92,0,92,135
06/29/2015,MWA,IL,AGL,CE,Federal Contract Tower,0,11,2,0,13,0,19,11,0,30,0,30,13,0,43,114,0,114,157
06/30/2015,MWA,IL,AGL,CE,Federal Contract Tower,0,9,0,0,9,0,15,6,2,23,0,24,6,2,32,88,0,88,120
07/01/2015,MWA,IL,AGL,CE,Federal Contract Tower,0,18,1,0,19,0,5,6,0,11,0,23,7,0,30,20,0,20,50
07/02/2015,MWA,IL,AGL,CE,Federal Contract Tower,0,12,0,0,12,0,5,0,0,5,0,17,0,0,17,30,0,30,47
07/03/2015,MWA,IL,AGL,CE,Federal Contract Tower,0,10,1,3,14,0,13,9,2,24,0,23,10,5,38,14,0,14,52
07/04/2015,MWA,IL,AGL,CE,Federal Contract Tower,0,7,0,0,7,0,1,3,0,4,0,8,3,0,11,4,0,4,15
07/05/2015,MWA,IL,AGL,CE,Federal Contract Tower,0,11,2,0,13,0,2,14,0,16,0,13,16,0,29,14,0,14,43
07/06/2015,MWA,IL,AGL,CE,Federal Contract Tower,0,9,4,0,13,0,4,6,0,10,0,13,10,0,23,22,0,22,45
07/07/2015,MWA,IL,AGL,CE,Federal Contract Tower,0,18,0,0,18,0,0,0,0,0,0,18,0,0,18,0,0,0,18
07/08/2015,MWA,IL,AGL,CE,Federal Contract Tower,0,14,0,0,14,0,1,0,0,1,0,15,0,0,15,0,0,0,15
07/09/2015,MWA,IL,AGL,CE,Federal Contract Tower,0,11,1,0,12,0,3,0,0,3,0,14,1,0,15,0,0,0,15
07/10/2015,MWA,IL,AGL,CE,Federal Contract Tower,0,15,3,5,23,0,17,4,0,21,0,32,7,5,44,8,0,8,52
07/11/2015,MWA,IL,AGL,CE,Federal Contract Tower,0,12,4,0,16,0,14,15,1,30,0,26,19,1,46,70,0,70,116
07/12/2015,MWA,IL,AGL,CE,Federal Contract Tower,0,8,1,0,9,0,3,5,2,10,0,11,6,2,19,0,0,0,19
07/13/2015,MWA,IL,AGL,CE,Federal Contract Tower,0,8,2,2,12,0,21,12,0,33,0,29,14,2,45,90,0,90,135
07/14/2015,MWA,IL,AGL,CE,Federal Contract Tower,0,10,4,0,14,0,15,22,2,39,0,25,26,2,53,100,0,100,153
07/15/2015,MWA,IL,AGL,CE,Federal Contract Tower,0,10,3,0,13,0,30,7,0,37,0,40,10,0,50,132,0,132,182
07/16/2015,MWA,IL,AGL,CE,Federal Contract Tower,0,8,3,2,13,0,10,15,0,25,0,18,18,2,38,42,0,42,80
07/17/2015,MWA,IL,AGL,CE,Federal Contract Tower,0,8,0,2,10,0,23,20,2,45,0,31,20,4,55,78,0,78,133
07/18/2015,MWA,IL,AGL,CE,Federal Contract Tower,0,6,3,2,11,0,5,38,3,46,0,11,41,5,57,52,0,52,109
07/19/2015,MWA,IL,AGL,CE,Federal Contract Tower,0,7,0,0,7,0,5,9,0,14,0,12,9,0,21,0,0,0,21
07/20/2015,MWA,IL,AGL,CE,Federal Contract Tower,0,10,2,0,12,0,9,3,0,12,0,19,5,0,24,14,0,14,38
07/21/2015,MWA,IL,AGL,CE,Federal Contract Tower,0,14,2,2,18,0,28,13,5,46,0,42,15,7,64,84,0,84,148
07/22/2015,MWA,IL,AGL,CE,Federal Contract Tower,0,8,3,0,11,0,19,13,0,32,0,27,16,0,43,42,0,42,85
07/23/2015,MWA,IL,AGL,CE,Federal Contract Tower,0,19,3,0,22,0,28,27,0,55,0,47,30,0,77,108,0,108,185
07/24/2015,MWA,IL,AGL,CE,Federal Contract Tower,0,20,2,2,24,0,8,5,0,13,0,28,7,2,37,118,10,128,165
07/25/2015,MWA,IL,AGL,CE,Federal Contract Tower,0,7,0,0,7,0,1,10,0,11,0,8,10,0,18,28,0,28,46
07/26/2015,MWA,IL,AGL,CE,Federal Contract Tower,0,5,0,0,5,0,0,0,0,0,0,5,0,0,5,0,0,0,5
07/27/2015,MWA,IL,AGL,CE,Federal Contract Tower,0,10,0,0,10,0,4,2,0,6,0,14,2,0,16,54,0,54,70
07/28/2015,MWA,IL,AGL,CE,Federal Contract Tower,0,16,0,2,18,0,14,21,2,37,0,30,21,4,55,90,0,90,145
07/29/2015,MWA,IL,AGL,CE,Federal Contract Tower,0,9,0,0,9,0,17,8,0,25,0,26,8,0,34,82,0,82,116
07/30/2015,MWA,IL,AGL,CE,Federal Contract Tower,0,20,6,0,26,0,27,21,0,48,0,47,27,0,74,108,0,108,182
07/31/2015,MWA,IL,AGL,CE,Federal Contract Tower,0,20,2,1,23,0,22,25,0,47,0,42,27,1,70,104,0,104,174
08/01/2015,MWA,IL,AGL,CE,Federal Contract Tower,0,10,0,1,11,0,12,29,4,45,0,22,29,5,56,10,10,20,76
08/02/2015,MWA,IL,AGL,CE,Federal Contract Tower,0,8,1,1,10,0,21,17,0,38,0,29,18,1,48,90,0,90,138
08/03/2015,MWA,IL,AGL,CE,Federal Contract Tower,0,11,1,1,13,0,15,10,0,25,0,26,11,1,38,28,0,28,66
08/04/2015,MWA,IL,AGL,CE,Federal Contract Tower,0,11,1,0,12,0,24,13,0,37,0,35,14,0,49,128,0,128,177
08/05/2015,MWA,IL,AGL,CE,Federal Contract Tower,0,10,1,0,11,0,8,0,0,8,0,18,1,0,19,20,0,20,39
08/06/2015,MWA,IL,AGL,CE,Federal Contract Tower,0,15,1,1,17,0,4,5,2,11,0,19,6,3,28,60,0,60,88
08/07/2015,MWA,IL,AGL,CE,Federal Contract Tower,0,14,2,0,16,0,9,4,7,20,0,23,6,7,36,20,0,20,56
08/08/2015,MWA,IL,AGL,CE,Federal Contract Tower,0,7,2,1,10,0,16,5,0,21,0,23,7,1,31,4,0,4,35
08/09/2015,MWA,IL,AGL,CE,Federal Contract Tower,0,8,1,0,9,0,3,12,0,15,0,11,13,0,24,14,0,14,38
08/10/2015,MWA,IL,AGL,CE,Federal Contract Tower,0,21,0,3,24,0,29,3,6,38,0,50,3,9,62,0,0,0,62
08/11/2015,MWA,IL,AGL,CE,Federal Contract Tower,0,11,1,0,12,0,2,11,4,17,0,13,12,4,29,14,0,14,43
08/12/2015,MWA,IL,AGL,CE,Federal Contract Tower,0,12,3,0,15,0,2,5,0,7,0,14,8,0,22,10,0,10,32
08/13/2015,MWA,IL,AGL,CE,Federal Contract Tower,0,9,0,1,10,0,10,9,0,19,0,19,9,1,29,24,0,24,53
08/14/2015,MWA,IL,AGL,CE,Federal Contract Tower,0,10,3,2,15,0,8,5,0,13,0,18,8,2,28,2,0,2,30
08/15/2015,MWA,IL,AGL,CE,Federal Contract Tower,0,7,3,0,10,0,7,19,4,30,0,14,22,4,40,4,0,4,44
08/16/2015,MWA,IL,AGL,CE,Federal Contract Tower,0,5,2,0,7,0,0,6,0,6,0,5,8,0,13,10,0,10,23
08/17/2015,MWA,IL,AGL,CE,Federal Contract Tower,0,12,0,0,12,0,0,2,0,2,0,12,2,0,14,2,0,2,16
08/19/2015,MWA,IL,AGL,CE,Federal Contract Tower,0,16,0,0,16,0,9,3,0,12,0,25,3,0,28,10,0,10,38
08/20/2015,MWA,IL,AGL,CE,Federal Contract Tower,0,17,0,2,19,0,23,7,3,33,0,40,7,5,52,78,16,94,146
08/21/2015,MWA,IL,AGL,CE,Federal Contract Tower,0,13,1,3,17,0,8,9,4,21,0,21,10,7,38,8,0,8,46
08/22/2015,MWA,IL,AGL,CE,Federal Contract Tower,0,6,2,2,10,0,4,10,24,38,0,10,12,26,48,8,0,8,56
08/23/2015,MWA,IL,AGL,CE,Federal Contract Tower,0,9,3,0,12,0,0,3,0,3,0,9,6,0,15,14,0,14,29
08/24/2015,MWA,IL,AGL,CE,Federal Contract Tower,0,11,2,0,13,0,5,10,3,18,0,16,12,3,31,42,0,42,73
08/25/2015,MWA,IL,AGL,CE,Federal Contract Tower,0,13,0,0,13,0,10,5,1,16,0,23,5,1,29,24,0,24,53
08/26/2015,MWA,IL,AGL,CE,Federal Contract Tower,0,21,6,1,28,0,20,8,4,32,0,41,14,5,60,42,0,42,102
08/27/2015,MWA,IL,AGL,CE,Federal Contract Tower,0,11,1,1,13,0,12,18,0,30,0,23,19,1,43,10,0,10,53
08/28/2015,MWA,IL,AGL,CE,Federal Contract Tower,0,18,5,2,25,0,18,11,3,32,0,36,16,5,57,14,0,14,71
08/30/2015,MWA,IL,AGL,CE,Federal Contract Tower,0,11,0,0,11,0,4,9,0,13,0,15,9,0,24,16,0,16,40
08/31/2015,MWA,IL,AGL,CE,Federal Contract Tower,0,10,2,0,12,0,18,10,4,32,0,28,12,4,44,62,0,62,106
09/01/2015,MWA,IL,AGL,CE,Federal Contract Tower,0,10,4,0,14,0,22,4,0,26,0,32,8,0,40,62,0,62,102
09/02/2015,MWA,IL,AGL,CE,Federal Contract Tower,0,15,2,2,19,0,17,15,4,36,0,32,17,6,55,52,0,52,107
09/03/2015,MWA,IL,AGL,CE,Federal Contract Tower,0,15,1,0,16,0,20,10,0,30,0,35,11,0,46,60,0,60,106
09/04/2015,MWA,IL,AGL,CE,Federal Contract Tower,0,11,0,1,12,0,8,4,0,12,0,19,4,1,24,52,0,52,76
09/05/2015,MWA,IL,AGL,CE,Federal Contract Tower,0,7,1,1,9,0,9,19,1,29,0,16,20,2,38,50,12,62,100
09/06/2015,MWA,IL,AGL,CE,Federal Contract Tower,0,5,1,0,6,0,11,6,2,19,0,16,7,2,25,10,6,16,41
09/07/2015,MWA,IL,AGL,CE,Federal Contract Tower,0,9,5,0,14,0,8,10,0,18,0,17,15,0,32,38,0,38,70
09/08/2015,MWA,IL,AGL,CE,Federal Contract Tower,0,10,1,0,11,0,12,10,1,23,0,22,11,1,34,46,0,46,80
09/09/2015,MWA,IL,AGL,CE,Federal Contract Tower,0,10,1,0,11,0,0,1,0,1,0,10,2,0,12,6,0,6,18
09/10/2015,MWA,IL,AGL,CE,Federal Contract Tower,0,10,0,0,10,0,8,7,0,15,0,18,7,0,25,30,0,30,55
09/11/2015,MWA,IL,AGL,CE,Federal Contract Tower,0,18,2,0,20,0,4,12,0,16,0,22,14,0,36,38,0,38,74
09/12/2015,MWA,IL,AGL,CE,Federal Contract Tower,0,10,5,1,16,0,22,14,0,36,0,32,19,1,52,36,0,36,88
09/13/2015,MWA,IL,AGL,CE,Federal Contract Tower,0,6,0,1,7,0,22,14,1,37,0,28,14,2,44,34,16,50,94
09/14/2015,MWA,IL,AGL,CE,Federal Contract Tower,0,9,0,2,11,0,32,19,2,53,0,41,19,4,64,56,2,58,122
09/15/2015,MWA,IL,AGL,CE,Federal Contract Tower,0,17,0,0,17,0,30,17,5,52,0,47,17,5,69,56,0,56,125
09/16/2015,MWA,IL,AGL,CE,Federal Contract Tower,0,17,0,0,17,0,26,15,0,41,0,43,15,0,58,92,0,92,150
09/17/2015,MWA,IL,AGL,CE,Federal Contract Tower,0,10,0,0,10,0,10,13,7,30,0,20,13,7,40,68,14,82,122
09/18/2015,MWA,IL,AGL,CE,Federal Contract Tower,0,15,1,2,18,0,18,9,3,30,0,33,10,5,48,56,0,56,104
09/19/2015,MWA,IL,AGL,CE,Federal Contract Tower,0,9,3,3,15,0,8,20,6,34,0,17,23,9,49,26,0,26,75
09/20/2015,MWA,IL,AGL,CE,Federal Contract Tower,0,9,1,0,10,0,14,20,0,34,0,23,21,0,44,30,0,30,74
09/21/2015,MWA,IL,AGL,CE,Federal Contract Tower,0,11,0,0,11,0,13,26,0,39,0,24,26,0,50,112,0,112,162
09/22/2015,MWA,IL,AGL,CE,Federal Contract Tower,0,12,1,0,13,0,5,18,1,24,0,17,19,1,37,58,0,58,95
09/23/2015,MWA,IL,AGL,CE,Federal Contract Tower,0,17,3,0,20,0,22,21,0,43,0,39,24,0,63,104,0,104,167
09/24/2015,MWA,IL,AGL,CE,Federal Contract Tower,0,9,1,0,10,0,22,14,2,38,0,31,15,2,48,114,8,122,170
09/25/2015,MWA,IL,AGL,CE,Federal Contract Tower,0,8,0,3,11,0,36,9,2,47,0,44,9,5,58,204,0,204,262
09/26/2015,MWA,IL,AGL,CE,Federal Contract Tower,0,8,0,0,8,0,4,1,0,5,0,12,1,0,13,2,0,2,15
09/27/2015,MWA,IL,AGL,CE,Federal Contract Tower,0,9,0,0,9,0,5,6,4,15,0,14,6,4,24,10,4,14,38
09/28/2015,MWA,IL,AGL,CE,Federal Contract Tower,0,15,2,0,17,0,14,6,4,24,0,29,8,4,41,84,0,84,125
09/29/2015,MWA,IL,AGL,CE,Federal Contract Tower,0,20,1,1,22,0,2,0,0,2,0,22,1,1,24,2,0,2,26
09/30/2015,MWA,IL,AGL,CE,Federal Contract Tower,0,13,0,0,13,0,26,2,0,28,0,39,2,0,41,76,0,76,117
10/01/2015,MWA,IL,AGL,CE,Federal Contract Tower,0,23,0,0,23,0,18,4,0,22,0,41,4,0,45,22,0,22,67
10/02/2015,MWA,IL,AGL,CE,Federal Contract Tower,0,12,0,0,12,0,31,6,0,37,0,43,6,0,49,76,0,76,125
10/03/2015,MWA,IL,AGL,CE,Federal Contract Tower,0,8,1,0,9,0,5,0,0,5,0,13,1,0,14,12,0,12,26
10/04/2015,MWA,IL,AGL,CE,Federal Contract Tower,0,7,1,0,8,0,5,0,0,5,0,12,1,0,13,38,0,38,51
10/05/2015,MWA,IL,AGL,CE,Federal Contract Tower,0,12,0,1,13,0,22,10,0,32,0,34,10,1,45,58,0,58,103
10/06/2015,MWA,IL,AGL,CE,Federal Contract Tower,0,17,4,0,21,0,47,15,0,62,0,64,19,0,83,32,0,32,115
10/07/2015,MWA,IL,AGL,CE,Federal Contract Tower,0,18,1,0,19,0,56,19,1,76,0,74,20,1,95,82,0,82,177
10/08/2015,MWA,IL,AGL,CE,Federal Contract Tower,0,15,0,0,15,0,19,17,0,36,0,34,17,0,51,58,0,58,109
10/09/2015,MWA,IL,AGL,CE,Federal Contract Tower,0,12,1,2,15,0,19,6,0,25,0,31,7,2,40,60,0,60,100
10/10/2015,MWA,IL,AGL,CE,Federal Contract Tower,0,10,1,0,11,0,5,27,0,32,0,15,28,0,43,64,0,64,107
10/11/2015,MWA,IL,AGL,CE,Federal Contract Tower,0,12,1,0,13,0,1,16,0,17,0,13,17,0,30,24,0,24,54
10/12/2015,MWA,IL,AGL,CE,Federal Contract Tower,0,10,0,0,10,0,1,17,0,18,0,11,17,0,28,46,2,48,76
10/13/2015,MWA,IL,AGL,CE,Federal Contract Tower,0,10,0,0,10,0,18,17,4,39,0,28,17,4,49,96,0,96,145
10/14/2015,MWA,IL,AGL,CE,Federal Contract Tower,0,11,1,3,15,0,20,6,0,26,0,31,7,3,41,44,2,46,87
10/15/2015,MWA,IL,AGL,CE,Federal Contract Tower,0,4,1,0,5,0,13,3,0,16,0,17,4,0,21,2,0,2,23
10/16/2015,MWA,IL,AGL,CE,Federal Contract Tower,0,8,1,0,9,0,18,9,0,27,0,26,10,0,36,58,0,58,94
10/17/2015,MWA,IL,AGL,CE,Federal Contract Tower,0,3,2,0,5,0,8,19,0,27,0,11,21,0,32,36,0,36,68
10/18/2015,MWA,IL,AGL,CE,Federal Contract Tower,0,9,1,0,10,0,17,14,0,31,0,26,15,0,41,8,0,8,49
10/19/2015,MWA,IL,AGL,CE,Federal Contract Tower,0,8,1,0,9,0,26,2,0,28,0,34,3,0,37,70,0,70,107
10/20/2015,MWA,IL,AGL,CE,Federal Contract Tower,0,8,0,0,8,0,18,5,0,23,0,26,5,0,31,44,0,44,75
10/21/2015,MWA,IL,AGL,CE,Federal Contract Tower,0,11,0,2,13,0,32,7,0,39,0,43,7,2,52,58,0,58,110
10/22/2015,MWA,IL,AGL,CE,Federal Contract Tower,0,9,2,0,11,0,27,12,0,39,0,36,14,0,50,54,0,54,104
10/23/2015,MWA,IL,AGL,CE,Federal Contract Tower,2,17,7,2,28,0,10,11,0,21,2,27,18,2,49,62,0,62,111
10/24/2015,MWA,IL,AGL,CE,Federal Contract Tower,0,10,0,0,10,0,2,0,0,2,0,12,0,0,12,0,0,0,12
10/25/2015,MWA,IL,AGL,CE,Federal Contract Tower,0,12,2,0,14,0,7,23,0,30,0,19,25,0,44,0,0,0,44
10/26/2015,MWA,IL,AGL,CE,Federal Contract Tower,0,8,0,0,8,0,26,2,2,30,0,34,2,2,38,52,0,52,90
10/27/2015,MWA,IL,AGL,CE,Federal Contract Tower,0,8,0,0,8,0,0,0,0,0,0,8,0,0,8,0,0,0,8
10/28/2015,MWA,IL,AGL,CE,Federal Contract Tower,0,13,0,0,13,0,8,0,0,8,0,21,0,0,21,30,0,30,51
10/29/2015,MWA,IL,AGL,CE,Federal Contract Tower,0,12,1,0,13,0,22,12,0,34,0,34,13,0,47,104,0,104,151
10/30/2015,MWA,IL,AGL,CE,Federal Contract Tower,2,15,0,0,17,0,18,17,0,35,2,33,17,0,52,92,0,92,144
10/31/2015,MWA,IL,AGL,CE,Federal Contract Tower,1,7,1,0,9,0,2,3,0,5,1,9,4,0,14,4,0,4,18
11/01/2015,MWA,IL,AGL,CE,Federal Contract Tower,0,6,0,0,6,0,7,12,0,19,0,13,12,0,25,20,0,20,45
11/02/2015,MWA,IL,AGL,CE,Federal Contract Tower,0,9,0,0,9,0,0,0,0,0,0,9,0,0,9,0,0,0,9
11/03/2015,MWA,IL,AGL,CE,Federal Contract Tower,0,13,3,0,16,0,4,2,0,6,0,17,5,0,22,26,0,26,48
11/04/2015,MWA,IL,AGL,CE,Federal Contract Tower,0,9,0,0,9,0,21,10,3,34,0,30,10,3,43,88,10,98,141
11/05/2015,MWA,IL,AGL,CE,Federal Contract Tower,0,15,0,0,15,0,5,0,0,5,0,20,0,0,20,10,0,10,30
11/06/2015,MWA,IL,AGL,CE,Federal Contract Tower,1,13,1,2,17,0,16,14,0,30,1,29,15,2,47,102,0,102,149
11/07/2015,MWA,IL,AGL,CE,Federal Contract Tower,0,6,0,0,6,0,23,17,0,40,0,29,17,0,46,74,0,74,120
11/08/2015,MWA,IL,AGL,CE,Federal Contract Tower,0,6,2,2,10,0,32,25,0,57,0,38,27,2,67,68,0,68,135
11/09/2015,MWA,IL,AGL,CE,Federal Contract Tower,0,16,1,0,17,0,23,17,0,40,0,39,18,0,57,126,0,126,183
11/10/2015,MWA,IL,AGL,CE,Federal Contract Tower,0,8,2,0,10,0,20,10,0,30,0,28,12,0,40,48,0,48,88
11/11/2015,MWA,IL,AGL,CE,Federal Contract Tower,0,10,3,0,13,0,8,1,0,9,0,18,4,0,22,0,0,0,22
11/12/2015,MWA,IL,AGL,CE,Federal Contract Tower,0,10,2,0,12,0,28,7,0,35,0,38,9,0,47,32,0,32,79
11/13/2015,MWA,IL,AGL,CE,Federal Contract Tower,0,8,0,0,8,0,26,11,0,37,0,34,11,0,45,58,0,58,103
11/14/2015,MWA,IL,AGL,CE,Federal Contract Tower,0,12,0,0,12,0,21,17,4,42,0,33,17,4,54,94,0,94,148
11/15/2015,MWA,IL,AGL,CE,Federal Contract Tower,0,8,5,0,13,0,12,18,0,30,0,20,23,0,43,68,0,68,111
11/16/2015,MWA,IL,AGL,CE,Federal Contract Tower,0,11,0,0,11,0,2,2,0,4,0,13,2,0,15,4,0,4,19
11/17/2015,MWA,IL,AGL,CE,Federal Contract Tower,0,12,0,0,12,0,0,0,0,0,0,12,0,0,12,0,0,0,12
11/18/2015,MWA,IL,AGL,CE,Federal Contract Tower,0,15,0,0,15,0,0,0,0,0,0,15,0,0,15,0,0,0,15
11/19/2015,MWA,IL,AGL,CE,Federal Contract Tower,0,10,2,0,12,0,31,9,0,40,0,41,11,0,52,234,0,234,286
11/20/2015,MWA,IL,AGL,CE,Federal Contract Tower,1,11,3,2,17,0,19,17,0,36,1,30,20,2,53,68,2,70,123
11/21/2015,MWA,IL,AGL,CE,Federal Contract Tower,0,8,0,0,8,0,0,0,0,0,0,8,0,0,8,0,0,0,8
11/22/2015,MWA,IL,AGL,CE,Federal Contract Tower,0,5,4,0,9,0,9,11,0,20,0,14,15,0,29,46,0,46,75
11/23/2015,MWA,IL,AGL,CE,Federal Contract Tower,0,19,2,0,21,0,30,9,0,39,0,49,11,0,60,164,0,164,224
11/24/2015,MWA,IL,AGL,CE,Federal Contract Tower,0,9,4,1,14,0,12,13,4,29,0,21,17,5,43,40,0,40,83
11/25/2015,MWA,IL,AGL,CE,Federal Contract Tower,0,11,3,0,14,0,4,8,0,12,0,15,11,0,26,0,0,0,26
11/26/2015,MWA,IL,AGL,CE,Federal Contract Tower,0,8,1,0,9,0,0,0,0,0,0,8,1,0,9,0,0,0,9
11/27/2015,MWA,IL,AGL,CE,Federal Contract Tower,0,9,0,0,9,0,0,0,0,0,0,9,0,0,9,0,0,0,9
11/28/2015,MWA,IL,AGL,CE,Federal Contract Tower,0,8,3,0,11,0,0,0,0,0,0,8,3,0,11,0,0,0,11
11/29/2015,MWA,IL,AGL,CE,Federal Contract Tower,0,13,2,0,15,0,0,0,0,0,0,13,2,0,15,0,0,0,15
11/30/2015,MWA,IL,AGL,CE,Federal Contract Tower,0,8,1,0,9,0,0,0,0,0,0,8,1,0,9,0,0,0,9
12/01/2015,MWA,IL,AGL,CE,Federal Contract Tower,0,12,0,0,12,0,15,12,0,27,0,27,12,0,39,68,0,68,107
12/02/2015,MWA,IL,AGL,CE,Federal Contract Tower,0,9,1,0,10,0,23,15,0,38,0,32,16,0,48,84,0,84,132
12/03/2015,MWA,IL,AGL,CE,Federal Contract Tower,0,9,0,1,10,0,10,12,1,23,0,19,12,2,33,24,0,24,57
12/04/2015,MWA,IL,AGL,CE,Federal Contract Tower,0,13,3,0,16,0,13,5,0,18,0,26,8,0,34,46,0,46,80
12/05/2015,MWA,IL,AGL,CE,Federal Contract Tower,0,8,0,0,8,0,1,16,0,17,0,9,16,0,25,30,0,30,55
12/06/2015,MWA,IL,AGL,CE,Federal Contract Tower,0,11,1,0,12,0,9,13,0,22,0,20,14,0,34,70,0,70,104
12/07/2015,MWA,IL,AGL,CE,Federal Contract Tower,0,11,0,5,16,0,7,8,1,16,0,18,8,6,32,22,2,24,56
12/08/2015,MWA,IL,AGL,CE,Federal Contract Tower,0,9,1,0,10,0,12,8,5,25,0,21,9,5,35,100,20,120,155
12/09/2015,MWA,IL,AGL,CE,Federal Contract Tower,0,9,0,0,9,0,26,19,0,45,0,35,19,0,54,66,0,66,120
12/10/2015,MWA,IL,AGL,CE,Federal Contract Tower,0,8,2,0,10,0,9,14,0,23,0,17,16,0,33,22,0,22,55
12/11/2015,MWA,IL,AGL,CE,Federal Contract Tower,0,15,3,0,18,0,0,2,0,2,0,15,5,0,20,0,0,0,20
12/12/2015,MWA,IL,AGL,CE,Federal Contract Tower,0,14,0,3,17,0,13,4,0,17,0,27,4,3,34,10,0,10,44
12/13/2015,MWA,IL,AGL,CE,Federal Contract Tower,0,6,1,0,7,0,2,4,0,6,0,8,5,0,13,4,0,4,17
12/14/2015,MWA,IL,AGL,CE,Federal Contract Tower,0,9,1,0,10,0,5,8,0,13,0,14,9,0,23,14,0,14,37
12/15/2015,MWA,IL,AGL,CE,Federal Contract Tower,0,18,2,0,20,0,13,12,0,25,0,31,14,0,45,76,0,76,121
12/16/2015,MWA,IL,AGL,CE,Federal Contract Tower,0,15,2,0,17,0,16,3,0,19,0,31,5,0,36,66,0,66,102
12/17/2015,MWA,IL,AGL,CE,Federal Contract Tower,0,13,2,0,15,0,13,5,0,18,0,26,7,0,33,126,0,126,159
12/18/2015,MWA,IL,AGL,CE,Federal Contract Tower,0,8,0,0,8,0,25,8,0,33,0,33,8,0,41,100,0,100,141
12/19/2015,MWA,IL,AGL,CE,Federal Contract Tower,0,5,5,0,10,0,3,13,0,16,0,8,18,0,26,24,0,24,50
12/20/2015,MWA,IL,AGL,CE,Federal Contract Tower,0,7,1,0,8,0,1,1,0,2,0,8,2,0,10,0,0,0,10
12/22/2015,MWA,IL,AGL,CE,Federal Contract Tower,0,12,0,0,12,0,0,3,0,3,0,12,3,0,15,10,0,10,25
12/23/2015,MWA,IL,AGL,CE,Federal Contract Tower,0,7,0,0,7,0,0,0,0,0,0,7,0,0,7,0,0,0,7
12/24/2015,MWA,IL,AGL,CE,Federal Contract Tower,0,8,1,0,9,0,7,8,0,15,0,15,9,0,24,8,0,8,32
12/25/2015,MWA,IL,AGL,CE,Federal Contract Tower,0,8,0,0,8,0,3,4,0,7,0,11,4,0,15,0,0,0,15
12/26/2015,MWA,IL,AGL,CE,Federal Contract Tower,0,9,0,0,9,0,0,0,0,0,0,9,0,0,9,0,0,0,9
12/27/2015,MWA,IL,AGL,CE,Federal Contract Tower,0,11,0,0,11,0,0,0,0,0,0,11,0,0,11,0,0,0,11
12/28/2015,MWA,IL,AGL,CE,Federal Contract Tower,0,6,0,0,6,0,1,0,0,1,0,7,0,0,7,0,0,0,7
12/29/2015,MWA,IL,AGL,CE,Federal Contract Tower,0,8,0,0,8,0,12,5,0,17,0,20,5,0,25,14,0,14,39
12/30/2015,MWA,IL,AGL,CE,Federal Contract Tower,0,10,1,0,11,0,2,0,0,2,0,12,1,0,13,0,0,0,13
12/31/2015,MWA,IL,AGL,CE,Federal Contract Tower,0,10,0,0,10,0,2,7,0,9,0,12,7,0,19,4,0,4,23
01/01/2016,MWA,IL,AGL,CE,Federal Contract Tower,1,9,0,0,10,0,1,14,0,15,1,10,14,0,25,24,0,24,49
01/02/2016,MWA,IL,AGL,CE,Federal Contract Tower,0,7,3,0,10,0,0,20,0,20,0,7,23,0,30,2,0,2,32
01/03/2016,MWA,IL,AGL,CE,Federal Contract Tower,0,7,1,0,8,0,0,11,0,11,0,7,12,0,19,2,0,2,21
01/04/2016,MWA,IL,AGL,CE,Federal Contract Tower,0,8,2,0,10,0,13,4,0,17,0,21,6,0,27,4,0,4,31
01/05/2016,MWA,IL,AGL,CE,Federal Contract Tower,0,13,0,0,13,0,13,10,0,23,0,26,10,0,36,0,0,0,36
01/06/2016,MWA,IL,AGL,CE,Federal Contract Tower,0,7,0,0,7,0,2,4,0,6,0,9,4,0,13,2,0,2,15
01/07/2016,MWA,IL,AGL,CE,Federal Contract Tower,0,10,2,0,12,0,12,13,0,25,0,22,15,0,37,20,0,20,57
01/08/2016,MWA,IL,AGL,CE,Federal Contract Tower,1,13,0,0,14,0,0,0,0,0,1,13,0,0,14,0,0,0,14
01/09/2016,MWA,IL,AGL,CE,Federal Contract Tower,0,12,1,0,13,0,0,0,0,0,0,12,1,0,13,0,0,0,13
01/10/2016,MWA,IL,AGL,CE,Federal Contract Tower,0,5,2,0,7,0,3,1,0,4,0,8,3,0,11,0,0,0,11
01/11/2016,MWA,IL,AGL,CE,Federal Contract Tower,0,11,2,0,13,0,13,4,0,17,0,24,6,0,30,62,0,62,92
01/12/2016,MWA,IL,AGL,CE,Federal Contract Tower,0,4,2,0,6,0,5,4,0,9,0,9,6,0,15,0,0,0,15
01/13/2016,MWA,IL,AGL,CE,Federal Contract Tower,0,13,0,0,13,0,6,13,0,19,0,19,13,0,32,22,0,22,54
01/14/2016,MWA,IL,AGL,CE,Federal Contract Tower,0,10,4,0,14,0,5,8,0,13,0,15,12,0,27,54,0,54,81
01/15/2016,MWA,IL,AGL,CE,Federal Contract Tower,0,9,0,0,9,0,0,0,0,0,0,9,0,0,9,18,0,18,27
01/16/2016,MWA,IL,AGL,CE,Federal Contract Tower,0,7,0,2,9,0,4,1,0,5,0,11,1,2,14,8,0,8,22
01/17/2016,MWA,IL,AGL,CE,Federal Contract Tower,0,3,1,0,4,0,4,0,0,4,0,7,1,0,8,12,0,12,20
01/18/2016,MWA,IL,AGL,CE,Federal Contract Tower,0,9,0,0,9,0,10,9,0,19,0,19,9,0,28,2,0,2,30
01/19/2016,MWA,IL,AGL,CE,Federal Contract Tower,0,8,3,0,11,0,5,9,0,14,0,13,12,0,25,26,0,26,51
01/20/2016,MWA,IL,AGL,CE,Federal Contract Tower,0,16,0,0,16,0,1,2,0,3,0,17,2,0,19,0,0,0,19
01/21/2016,MWA,IL,AGL,CE,Federal Contract Tower,0,10,0,0,10,0,0,2,0,2,0,10,2,0,12,0,0,0,12
01/22/2016,MWA,IL,AGL,CE,Federal Contract Tower,0,13,0,0,13,0,7,4,0,11,0,20,4,0,24,18,0,18,42
01/23/2016,MWA,IL,AGL,CE,Federal Contract Tower,0,5,3,2,10,0,1,8,1,10,0,6,11,3,20,6,0,6,26
01/24/2016,MWA,IL,AGL,CE,Federal Contract Tower,0,9,0,0,9,0,4,8,3,15,0,13,8,3,24,32,32,64,88
01/25/2016,MWA,IL,AGL,CE,Federal Contract Tower,0,10,0,2,12,0,7,4,0,11,0,17,4,2,23,16,0,16,39
01/26/2016,MWA,IL,AGL,CE,Federal Contract Tower,0,10,1,0,11,0,11,10,2,23,0,21,11,2,34,58,0,58,92
01/27/2016,MWA,IL,AGL,CE,Federal Contract Tower,0,12,1,0,13,0,17,13,0,30,0,29,14,0,43,88,0,88,131
01/28/2016,MWA,IL,AGL,CE,Federal Contract Tower,0,7,1,0,8,0,18,14,0,32,0,25,15,0,40,134,0,134,174
01/29/2016,MWA,IL,AGL,CE,Federal Contract Tower,0,8,3,2,13,0,26,9,1,36,0,34,12,3,49,158,0,158,207
01/30/2016,MWA,IL,AGL,CE,Federal Contract Tower,0,8,0,0,8,0,12,12,5,29,0,20,12,5,37,38,0,38,75
01/31/2016,MWA,IL,AGL,CE,Federal Contract Tower,0,7,1,0,8,0,3,2,0,5,0,10,3,0,13,4,0,4,17
02/01/2016,MWA,IL,AGL,CE,Federal Contract Tower,0,10,2,0,12,0,11,6,0,17,0,21,8,0,29,78,0,78,107
02/02/2016,MWA,IL,AGL,CE,Federal Contract Tower,0,15,0,0,15,0,2,0,0,2,0,17,0,0,17,8,0,8,25
02/03/2016,MWA,IL,AGL,CE,Federal Contract Tower,0,10,1,0,11,0,32,2,0,34,0,42,3,0,45,150,0,150,195
02/04/2016,MWA,IL,AGL,CE,Federal Contract Tower,0,13,2,3,18,0,10,2,0,12,0,23,4,3,30,38,0,38,68
02/05/2016,MWA,IL,AGL,CE,Federal Contract Tower,0,10,1,0,11,0,24,16,0,40,0,34,17,0,51,100,0,100,151
02/06/2016,MWA,IL,AGL,CE,Federal Contract Tower,0,3,1,0,4,0,23,18,5,46,0,26,19,5,50,18,0,18,68
02/07/2016,MWA,IL,AGL,CE,Federal Contract Tower,0,5,1,0,6,0,0,0,0,0,0,5,1,0,6,28,0,28,34
02/08/2016,MWA,IL,AGL,CE,Federal Contract Tower,0,8,0,0,8,0,0,0,0,0,0,8,0,0,8,0,0,0,8
02/09/2016,MWA,IL,AGL,CE,Federal Contract Tower,0,12,2,0,14,0,0,1,0,1,0,12,3,0,15,0,0,0,15
02/10/2016,MWA,IL,AGL,CE,Federal Contract Tower,0,16,0,0,16,0,6,2,0,8,0,22,2,0,24,22,0,22,46
02/11/2016,MWA,IL,AGL,CE,Federal Contract Tower,0,15,0,0,15,0,26,6,2,34,0,41,6,2,49,114,0,114,163
02/12/2016,MWA,IL,AGL,CE,Federal Contract Tower,0,15,0,0,15,0,3,4,0,7,0,18,4,0,22,16,0,16,38
02/13/2016,MWA,IL,AGL,CE,Federal Contract Tower,0,3,0,0,3,0,15,16,3,34,0,18,16,3,37,8,0,8,45
02/14/2016,MWA,IL,AGL,CE,Federal Contract Tower,0,3,0,0,3,0,0,2,0,2,0,3,2,0,5,0,0,0,5
02/15/2016,MWA,IL,AGL,CE,Federal Contract Tower,0,13,0,0,13,0,18,0,0,18,0,31,0,0,31,50,0,50,81
02/16/2016,MWA,IL,AGL,CE,Federal Contract Tower,0,10,0,0,10,0,0,0,0,0,0,10,0,0,10,0,0,0,10
02/17/2016,MWA,IL,AGL,CE,Federal Contract Tower,0,7,0,0,7,0,18,2,0,20,0,25,2,0,27,46,0,46,73
02/18/2016,MWA,IL,AGL,CE,Federal Contract Tower,0,6,0,0,6,0,21,11,0,32,0,27,11,0,38,96,0,96,134
02/19/2016,MWA,IL,AGL,CE,Federal Contract Tower,0,8,1,0,9,0,1,0,0,1,0,9,1,0,10,0,0,0,10
02/20/2016,MWA,IL,AGL,CE,Federal Contract Tower,0,7,2,0,9,0,4,11,0,15,0,11,13,0,24,68,0,68,92
02/21/2016,MWA,IL,AGL,CE,Federal Contract Tower,0,9,0,0,9,0,11,0,0,11,0,20,0,0,20,16,0,16,36
02/22/2016,MWA,IL,AGL,CE,Federal Contract Tower,0,12,0,4,16,0,15,4,0,19,0,27,4,4,35,116,0,116,151
02/23/2016,MWA,IL,AGL,CE,Federal Contract Tower,0,9,0,0,9,0,9,1,0,10,0,18,1,0,19,25,0,25,44
02/24/2016,MWA,IL,AGL,CE,Federal Contract Tower,0,11,0,0,11,0,0,0,0,0,0,11,0,0,11,0,0,0,11
02/25/2016,MWA,IL,AGL,CE,Federal Contract Tower,0,10,1,0,11,0,6,1,2,9,0,16,2,2,20,40,0,40,60
02/26/2016,MWA,IL,AGL,CE,Federal Contract Tower,0,9,0,2,11,0,27,10,0,37,0,36,10,2,48,100,0,100,148
02/27/2016,MWA,IL,AGL,CE,Federal Contract Tower,0,8,3,5,16,0,10,15,5,30,0,18,18,10,46,24,24,48,94
02/28/2016,MWA,IL,AGL,CE,Federal Contract Tower,0,4,0,0,4,0,2,7,0,9,0,6,7,0,13,4,0,4,17
02/29/2016,MWA,IL,AGL,CE,Federal Contract Tower,0,7,2,2,11,0,42,21,1,64,0,49,23,3,75,112,14,126,201
03/01/2016,MWA,IL,AGL,CE,Federal Contract Tower,0,11,0,0,11,0,3,0,0,3,0,14,0,0,14,0,0,0,14
03/02/2016,MWA,IL,AGL,CE,Federal Contract Tower,0,11,2,0,13,0,25,13,2,40,0,36,15,2,53,106,0,106,159
03/03/2016,MWA,IL,AGL,CE,Federal Contract Tower,0,9,5,0,14,0,2,0,0,2,0,11,5,0,16,2,0,2,18
03/04/2016,MWA,IL,AGL,CE,Federal Contract Tower,0,12,1,0,13,0,2,1,0,3,0,14,2,0,16,0,0,0,16
03/05/2016,MWA,IL,AGL,CE,Federal Contract Tower,0,6,0,2,8,0,16,10,0,26,0,22,10,2,34,48,0,48,82
03/06/2016,MWA,IL,AGL,CE,Federal Contract Tower,0,10,1,0,11,0,14,11,0,25,0,24,12,0,36,36,0,36,72
03/07/2016,MWA,IL,AGL,CE,Federal Contract Tower,0,8,3,0,11,0,4,3,0,7,0,12,6,0,18,2,0,2,20
03/08/2016,MWA,IL,AGL,CE,Federal Contract Tower,0,12,0,0,12,0,7,9,3,19,0,19,9,3,31,52,4,56,87
03/09/2016,MWA,IL,AGL,CE,Federal Contract Tower,0,12,3,0,15,0,0,1,0,1,0,12,4,0,16,0,0,0,16
03/10/2016,MWA,IL,AGL,CE,Federal Contract Tower,0,11,0,0,11,0,0,0,0,0,0,11,0,0,11,0,0,0,11
03/11/2016,MWA,IL,AGL,CE,Federal Contract Tower,0,13,3,2,18,0,20,10,0,30,0,33,13,2,48,150,0,150,198
03/12/2016,MWA,IL,AGL,CE,Federal Contract Tower,0,8,2,2,12,0,0,5,0,5,0,8,7,2,17,8,0,8,25
03/13/2016,MWA,IL,AGL,CE,Federal Contract Tower,0,5,1,0,6,0,1,0,0,1,0,6,1,0,7,0,0,0,7
03/14/2016,MWA,IL,AGL,CE,Federal Contract Tower,0,7,0,0,7,0,10,2,0,12,0,17,2,0,19,18,0,18,37
03/15/2016,MWA,IL,AGL,CE,Federal Contract Tower,0,13,0,0,13,0,5,2,0,7,0,18,2,0,20,12,0,12,32
03/16/2016,MWA,IL,AGL,CE,Federal Contract Tower,0,8,0,0,8,0,0,0,0,0,0,8,0,0,8,26,0,26,34
03/17/2016,MWA,IL,AGL,CE,Federal Contract Tower,0,10,0,2,12,0,8,14,0,22,0,18,14,2,34,40,0,40,74
03/18/2016,MWA,IL,AGL,CE,Federal Contract Tower,0,8,0,0,8,0,16,26,0,42,0,24,26,0,50,64,0,64,114
03/19/2016,MWA,IL,AGL,CE,Federal Contract Tower,0,10,2,0,12,0,7,12,0,19,0,17,14,0,31,100,0,100,131
03/20/2016,MWA,IL,AGL,CE,Federal Contract Tower,0,7,0,0,7,0,3,0,0,3,0,10,0,0,10,0,0,0,10
03/21/2016,MWA,IL,AGL,CE,Federal Contract Tower,0,9,0,0,9,0,27,15,0,42,0,36,15,0,51,130,0,130,181
03/22/2016,MWA,IL,AGL,CE,Federal Contract Tower,0,10,0,0,10,0,9,1,0,10,0,19,1,0,20,4,0,4,24
03/23/2016,MWA,IL,AGL,CE,Federal Contract Tower,0,10,1,0,11,0,2,0,0,2,0,12,1,0,13,0,0,0,13
03/24/2016,MWA,IL,AGL,CE,Federal Contract Tower,0,11,4,0,15,0,8,1,3,12,0,19,5,3,27,32,14,46,73
03/25/2016,MWA,IL,AGL,CE,Federal Contract Tower,0,10,1,0,11,0,18,13,6,37,0,28,14,6,48,78,0,78,126
03/26/2016,MWA,IL,AGL,CE,Federal Contract Tower,0,7,3,0,10,0,7,18,1,26,0,14,21,1,36,56,0,56,92
03/27/2016,MWA,IL,AGL,CE,Federal Contract Tower,0,6,0,0,6,0,0,0,0,0,0,6,0,0,6,0,0,0,6
03/28/2016,MWA,IL,AGL,CE,Federal Contract Tower,0,10,1,0,11,0,17,11,6,34,0,27,12,6,45,108,0,108,153
03/29/2016,MWA,IL,AGL,CE,Federal Contract Tower,0,11,0,3,14,0,16,1,0,17,0,27,1,3,31,96,0,96,127
03/30/2016,MWA,IL,AGL,CE,Federal Contract Tower,0,12,1,0,13,0,17,8,0,25,0,29,9,0,38,82,0,82,120
03/31/2016,MWA,IL,AGL,CE,Federal Contract Tower,0,17,2,0,19,0,2,4,0,6,0,19,6,0,25,10,0,10,35
04/01/2016,MWA,IL,AGL,CE,Federal Contract Tower,0,11,0,0,11,0,19,2,9,30,0,30,2,9,41,88,2,90,131
04/02/2016,MWA,IL,AGL,CE,Federal Contract Tower,0,5,0,0,5,0,0,9,1,10,0,5,9,1,15,52,0,52,67
04/03/2016,MWA,IL,AGL,CE,Federal Contract Tower,0,8,0,0,8,0,14,7,0,21,0,22,7,0,29,62,0,62,91
04/04/2016,MWA,IL,AGL,CE,Federal Contract Tower,0,11,0,0,11,0,62,4,0,66,0,73,4,0,77,122,0,122,199
04/05/2016,MWA,IL,AGL,CE,Federal Contract Tower,0,10,0,0,10,0,23,11,0,34,0,33,11,0,44,100,0,100,144
04/06/2016,MWA,IL,AGL,CE,Federal Contract Tower,0,12,0,0,12,0,4,2,0,6,0,16,2,0,18,4,0,4,22
04/07/2016,MWA,IL,AGL,CE,Federal Contract Tower,0,12,2,0,14,0,14,1,0,15,0,26,3,0,29,58,0,58,87
04/08/2016,MWA,IL,AGL,CE,Federal Contract Tower,0,6,1,0,7,0,13,1,0,14,0,19,2,0,21,34,0,34,55
04/09/2016,MWA,IL,AGL,CE,Federal Contract Tower,0,7,2,3,12,0,20,15,0,35,0,27,17,3,47,96,6,102,149
04/10/2016,MWA,IL,AGL,CE,Federal Contract Tower,0,8,2,0,10,0,2,0,0,2,0,10,2,0,12,0,0,0,12
04/11/2016,MWA,IL,AGL,CE,Federal Contract Tower,0,20,0,0,20,0,1,1,0,2,0,21,1,0,22,2,0,2,24
04/12/2016,MWA,IL,AGL,CE,Federal Contract Tower,0,16,1,0,17,0,38,20,2,60,0,54,21,2,77,76,0,76,153
04/13/2016,MWA,IL,AGL,CE,Federal Contract Tower,0,15,4,0,19,0,11,19,0,30,0,26,23,0,49,106,0,106,155
04/14/2016,MWA,IL,AGL,CE,Federal Contract Tower,0,8,2,0,10,0,23,21,2,46,0,31,23,2,56,86,8,94,150
04/15/2016,MWA,IL,AGL,CE,Federal Contract Tower,0,13,4,0,17,0,21,21,0,42,0,34,25,0,59,124,0,124,183
04/16/2016,MWA,IL,AGL,CE,Federal Contract Tower,0,13,2,0,15,0,12,18,0,30,0,25,20,0,45,116,0,116,161
04/17/2016,MWA,IL,AGL,CE,Federal Contract Tower,0,5,1,0,6,0,6,15,0,21,0,11,16,0,27,20,0,20,47
04/18/2016,MWA,IL,AGL,CE,Federal Contract Tower,0,9,2,0,11,0,20,16,0,36,0,29,18,0,47,30,0,30,77
04/19/2016,MWA,IL,AGL,CE,Federal Contract Tower,0,15,3,0,18,0,24,6,0,30,0,39,9,0,48,70,0,70,118
04/20/2016,MWA,IL,AGL,CE,Federal Contract Tower,0,10,1,0,11,0,7,5,0,12,0,17,6,0,23,18,0,18,41
04/21/2016,MWA,IL,AGL,CE,Federal Contract Tower,0,14,6,0,20,0,6,0,0,6,0,20,6,0,26,28,0,28,54
04/22/2016,MWA,IL,AGL,CE,Federal Contract Tower,0,18,3,0,21,0,29,14,0,43,0,47,17,0,64,92,0,92,156
04/23/2016,MWA,IL,AGL,CE,Federal Contract Tower,0,6,3,0,9,0,5,8,0,13,0,11,11,0,22,16,0,16,38
04/24/2016,MWA,IL,AGL,CE,Federal Contract Tower,0,8,2,0,10,0,13,23,0,36,0,21,25,0,46,4,0,4,50
04/25/2016,MWA,IL,AGL,CE,Federal Contract Tower,0,9,0,0,9,0,19,6,0,25,0,28,6,0,34,38,0,38,72
04/26/2016,MWA,IL,AGL,CE,Federal Contract Tower,0,6,1,0,7,0,11,11,0,22,0,17,12,0,29,34,0,34,63
04/27/2016,MWA,IL,AGL,CE,Federal Contract Tower,0,13,0,2,15,0,17,0,0,17,0,30,0,2,32,22,0,22,54
04/28/2016,MWA,IL,AGL,CE,Federal Contract Tower,0,13,1,0,14,0,25,11,0,36,0,38,12,0,50,78,0,78,128
04/29/2016,MWA,IL,AGL,CE,Federal Contract Tower,0,10,2,0,12,0,22,15,2,39,0,32,17,2,51,72,4,76,127
04/30/2016,MWA,IL,AGL,CE,Federal Contract Tower,0,7,2,2,11,0,0,0,0,0,0,7,2,2,11,0,0,0,11
05/01/2016,MWA,IL,AGL,CE,Federal Contract Tower,0,5,0,2,7,0,0,9,0,9,0,5,9,2,16,10,0,10,26
05/02/2016,MWA,IL,AGL,CE,Federal Contract Tower,0,11,1,0,12,0,14,5,0,19,0,25,6,0,31,52,0,52,83
05/03/2016,MWA,IL,AGL,CE,Federal Contract Tower,0,11,1,0,12,0,20,4,0,24,0,31,5,0,36,78,0,78,114
05/04/2016,MWA,IL,AGL,CE,Federal Contract Tower,0,16,0,0,16,0,22,7,0,29,0,38,7,0,45,90,0,90,135
05/05/2016,MWA,IL,AGL,CE,Federal Contract Tower,0,12,2,0,14,0,16,8,0,24,0,28,10,0,38,22,0,22,60
05/06/2016,MWA,IL,AGL,CE,Federal Contract Tower,0,13,1,0,14,0,32,19,0,51,0,45,20,0,65,30,0,30,95
05/07/2016,MWA,IL,AGL,CE,Federal Contract Tower,0,8,2,0,10,0,15,12,0,27,0,23,14,0,37,14,0,14,51
05/08/2016,MWA,IL,AGL,CE,Federal Contract Tower,0,9,2,0,11,0,6,5,0,11,0,15,7,0,22,0,0,0,22
05/09/2016,MWA,IL,AGL,CE,Federal Contract Tower,0,12,0,0,12,0,13,6,0,19,0,25,6,0,31,68,0,68,99
05/10/2016,MWA,IL,AGL,CE,Federal Contract Tower,1,11,2,0,14,0,10,1,1,12,1,21,3,1,26,0,0,0,26
05/11/2016,MWA,IL,AGL,CE,Federal Contract Tower,0,11,2,0,13,0,2,2,0,4,0,13,4,0,17,4,0,4,21
05/12/2016,MWA,IL,AGL,CE,Federal Contract Tower,0,10,1,0,11,0,12,6,0,18,0,22,7,0,29,8,0,8,37
05/13/2016,MWA,IL,AGL,CE,Federal Contract Tower,0,13,0,4,17,0,18,17,1,36,0,31,17,5,53,60,4,64,117
05/14/2016,MWA,IL,AGL,CE,Federal Contract Tower,0,13,1,0,14,0,8,16,0,24,0,21,17,0,38,44,0,44,82
05/15/2016,MWA,IL,AGL,CE,Federal Contract Tower,0,10,2,0,12,0,34,21,0,55,0,44,23,0,67,66,0,66,133
05/16/2016,MWA,IL,AGL,CE,Federal Contract Tower,0,14,3,0,17,0,29,4,0,33,0,43,7,0,50,40,0,40,90
05/17/2016,MWA,IL,AGL,CE,Federal Contract Tower,0,9,0,0,9,0,0,0,0,0,0,9,0,0,9,0,0,0,9
05/18/2016,MWA,IL,AGL,CE,Federal Contract Tower,0,9,3,0,12,0,17,16,0,33,0,26,19,0,45,34,0,34,79
05/19/2016,MWA,IL,AGL,CE,Federal Contract Tower,0,15,3,1,19,0,22,19,2,43,0,37,22,3,62,66,0,66,128
05/20/2016,MWA,IL,AGL,CE,Federal Contract Tower,0,9,0,1,10,0,20,20,2,42,0,29,20,3,52,8,4,12,64
05/21/2016,MWA,IL,AGL,CE,Federal Contract Tower,0,7,0,0,7,0,29,7,0,36,0,36,7,0,43,66,0,66,109
05/22/2016,MWA,IL,AGL,CE,Federal Contract Tower,0,4,2,0,6,0,28,17,0,45,0,32,19,0,51,34,0,34,85
05/23/2016,MWA,IL,AGL,CE,Federal Contract Tower,0,10,5,0,15,0,17,29,0,46,0,27,34,0,61,76,0,76,137
05/24/2016,MWA,IL,AGL,CE,Federal Contract Tower,0,8,1,0,9,0,11,1,0,12,0,19,2,0,21,4,0,4,25
05/25/2016,MWA,IL,AGL,CE,Federal Contract Tower,0,25,0,0,25,0,0,0,0,0,0,25,0,0,25,0,0,0,25
05/26/2016,MWA,IL,AGL,CE,Federal Contract Tower,0,10,1,0,11,0,0,0,0,0,0,10,1,0,11,0,0,0,11
05/27/2016,MWA,IL,AGL,CE,Federal Contract Tower,0,11,3,0,14,0,0,3,0,3,0,11,6,0,17,0,0,0,17
05/28/2016,MWA,IL,AGL,CE,Federal Contract Tower,0,8,6,0,14,0,11,6,1,18,0,19,12,1,32,0,0,0,32
05/29/2016,MWA,IL,AGL,CE,Federal Contract Tower,0,4,2,0,6,0,1,7,0,8,0,5,9,0,14,2,0,2,16
05/30/2016,MWA,IL,AGL,CE,Federal Contract Tower,0,10,3,0,13,0,2,10,0,12,0,12,13,0,25,6,0,6,31
05/31/2016,MWA,IL,AGL,CE,Federal Contract Tower,0,8,5,0,13,0,18,18,4,40,0,26,23,4,53,66,0,66,119
06/01/2016,MWA,IL,AGL,CE,Federal Contract Tower,0,13,1,0,14,0,6,5,0,11,0,19,6,0,25,14,0,14,39
06/02/2016,MWA,IL,AGL,CE,Federal Contract Tower,0,12,1,2,15,0,31,7,0,38,0,43,8,2,53,108,0,108,161
06/03/2016,MWA,IL,AGL,CE,Federal Contract Tower,0,12,3,3,18,0,35,4,2,41,0,47,7,5,59,44,10,54,113
06/04/2016,MWA,IL,AGL,CE,Federal Contract Tower,0,10,0,0,10,0,9,3,0,12,0,19,3,0,22,0,0,0,22
06/05/2016,MWA,IL,AGL,CE,Federal Contract Tower,0,5,4,0,9,0,5,9,0,14,0,10,13,0,23,6,0,6,29
06/06/2016,MWA,IL,AGL,CE,Federal Contract Tower,0,10,1,0,11,0,8,17,0,25,0,18,18,0,36,72,0,72,108
06/07/2016,MWA,IL,AGL,CE,Federal Contract Tower,0,16,2,4,22,0,9,12,12,33,0,25,14,16,55,30,0,30,85
06/08/2016,MWA,IL,AGL,CE,Federal Contract Tower,0,7,1,0,8,0,40,12,0,52,0,47,13,0,60,118,0,118,178
06/09/2016,MWA,IL,AGL,CE,Federal Contract Tower,0,13,3,1,17,0,22,15,1,38,0,35,18,2,55,66,0,66,121
06/10/2016,MWA,IL,AGL,CE,Federal Contract Tower,0,6,3,0,9,0,31,6,0,37,0,37,9,0,46,46,0,46,92
06/11/2016,MWA,IL,AGL,CE,Federal Contract Tower,0,6,2,0,8,0,14,8,0,22,0,20,10,0,30,6,24,30,60
06/12/2016,MWA,IL,AGL,CE,Federal Contract Tower,0,9,0,0,9,0,3,1,2,6,0,12,1,2,15,8,2,10,25
06/13/2016,MWA,IL,AGL,CE,Federal Contract Tower,0,8,2,0,10,0,11,8,0,19,0,19,10,0,29,42,0,42,71
06/14/2016,MWA,IL,AGL,CE,Federal Contract Tower,0,6,2,0,8,0,14,3,2,19,0,20,5,2,27,10,0,10,37
06/15/2016,MWA,IL,AGL,CE,Federal Contract Tower,0,10,5,0,15,0,21,1,4,26,0,31,6,4,41,60,0,60,101
06/16/2016,MWA,IL,AGL,CE,Federal Contract Tower,0,19,0,0,19,0,23,7,0,30,0,42,7,0,49,66,0,66,115
06/17/2016,MWA,IL,AGL,CE,Federal Contract Tower,0,12,1,0,13,0,26,5,10,41,0,38,6,10,54,32,0,32,86
06/18/2016,MWA,IL,AGL,CE,Federal Contract Tower,0,7,1,14,22,0,7,21,2,30,0,14,22,16,52,12,24,36,88
06/19/2016,MWA,IL,AGL,CE,Federal Contract Tower,0,9,2,0,11,0,8,14,0,22,0,17,16,0,33,6,0,6,39
06/20/2016,MWA,IL,AGL,CE,Federal Contract Tower,0,11,2,0,13,0,14,0,0,14,0,25,2,0,27,54,0,54,81
06/21/2016,MWA,IL,AGL,CE,Federal Contract Tower,0,10,1,0,11,0,13,0,2,15,0,23,1,2,26,66,0,66,92
06/22/2016,MWA,IL,AGL,CE,Federal Contract Tower,0,9,0,0,9,0,27,8,3,38,0,36,8,3,47,48,0,48,95
06/23/2016,MWA,IL,AGL,CE,Federal Contract Tower,0,14,2,0,16,0,21,3,0,24,0,35,5,0,40,62,0,62,102
06/24/2016,MWA,IL,AGL,CE,Federal Contract Tower,0,9,2,2,13,0,16,14,3,33,0,25,16,5,46,46,0,46,92
06/25/2016,MWA,IL,AGL,CE,Federal Contract Tower,0,6,0,0,6,0,10,12,0,22,0,16,12,0,28,40,0,40,68
06/26/2016,MWA,IL,AGL,CE,Federal Contract Tower,0,11,0,2,13,0,6,8,3,17,0,17,8,5,30,20,6,26,56
06/27/2016,MWA,IL,AGL,CE,Federal Contract Tower,0,8,0,0,8,0,20,11,0,31,0,28,11,0,39,50,0,50,89
06/28/2016,MWA,IL,AGL,CE,Federal Contract Tower,0,10,1,0,11,0,18,3,7,28,0,28,4,7,39,48,0,48,87
06/29/2016,MWA,IL,AGL,CE,Federal Contract Tower,0,14,1,2,17,0,19,18,10,47,0,33,19,12,64,74,6,80,144
06/30/2016,MWA,IL,AGL,CE,Federal Contract Tower,0,7,2,0,9,0,16,11,9,36,0,23,13,9,45,44,6,50,95
07/01/2016,MWA,IL,AGL,CE,Federal Contract Tower,0,10,0,2,12,0,13,8,5,26,0,23,8,7,38,46,22,68,106
07/02/2016,MWA,IL,AGL,CE,Federal Contract Tower,0,8,1,2,11,0,11,3,0,14,0,19,4,2,25,0,0,0,25
07/03/2016,MWA,IL,AGL,CE,Federal Contract Tower,0,8,0,0,8,0,8,0,0,8,0,16,0,0,16,0,0,0,16
07/04/2016,MWA,IL,AGL,CE,Federal Contract Tower,0,7,0,0,7,0,4,10,0,14,0,11,10,0,21,8,0,8,29
07/05/2016,MWA,IL,AGL,CE,Federal Contract Tower,0,13,4,4,21,0,15,12,4,31,0,28,16,8,52,20,8,28,80
07/06/2016,MWA,IL,AGL,CE,Federal Contract Tower,0,6,0,0,6,0,2,1,0,3,0,8,1,0,9,0,0,0,9
07/07/2016,MWA,IL,AGL,CE,Federal Contract Tower,0,11,0,0,11,0,5,1,2,8,0,16,1,2,19,18,0,18,37
07/08/2016,MWA,IL,AGL,CE,Federal Contract Tower,0,12,0,2,14,0,14,8,3,25,0,26,8,5,39,80,0,80,119
07/09/2016,MWA,IL,AGL,CE,Federal Contract Tower,0,7,3,0,10,0,15,2,0,17,0,22,5,0,27,34,0,34,61
07/10/2016,MWA,IL,AGL,CE,Federal Contract Tower,0,11,1,0,12,0,11,14,0,25,0,22,15,0,37,2,0,2,39
07/11/2016,MWA,IL,AGL,CE,Federal Contract Tower,0,8,2,1,11,0,34,9,0,43,0,42,11,1,54,56,0,56,110
07/12/2016,MWA,IL,AGL,CE,Federal Contract Tower,0,10,2,0,12,0,13,5,0,18,0,23,7,0,30,0,0,0,30
07/13/2016,MWA,IL,AGL,CE,Federal Contract Tower,0,12,2,0,14,0,25,9,0,34,0,37,11,0,48,44,0,44,92
07/14/2016,MWA,IL,AGL,CE,Federal Contract Tower,0,15,5,1,21,0,30,2,4,36,0,45,7,5,57,68,0,68,125
07/15/2016,MWA,IL,AGL,CE,Federal Contract Tower,0,17,1,0,18,0,36,16,0,52,0,53,17,0,70,92,0,92,162
07/16/2016,MWA,IL,AGL,CE,Federal Contract Tower,0,6,0,0,6,0,20,32,0,52,0,26,32,0,58,78,0,78,136
07/17/2016,MWA,IL,AGL,CE,Federal Contract Tower,0,9,3,0,12,0,10,15,0,25,0,19,18,0,37,72,0,72,109
07/18/2016,MWA,IL,AGL,CE,Federal Contract Tower,0,6,0,0,6,0,8,15,0,23,0,14,15,0,29,20,0,20,49
07/19/2016,MWA,IL,AGL,CE,Federal Contract Tower,0,13,0,1,14,0,20,5,7,32,0,33,5,8,46,92,0,92,138
07/20/2016,MWA,IL,AGL,CE,Federal Contract Tower,0,13,1,0,14,0,35,3,0,38,0,48,4,0,52,102,0,102,154
07/21/2016,MWA,IL,AGL,CE,Federal Contract Tower,0,9,0,0,9,0,37,4,0,41,0,46,4,0,50,98,0,98,148
07/22/2016,MWA,IL,AGL,CE,Federal Contract Tower,0,17,1,0,18,0,8,0,0,8,0,25,1,0,26,0,0,0,26
07/23/2016,MWA,IL,AGL,CE,Federal Contract Tower,0,11,7,0,18,0,6,17,0,23,0,17,24,0,41,64,0,64,105
07/24/2016,MWA,IL,AGL,CE,Federal Contract Tower,0,8,1,0,9,0,2,15,0,17,0,10,16,0,26,32,0,32,58
07/25/2016,MWA,IL,AGL,CE,Federal Contract Tower,0,8,0,0,8,0,4,5,0,9,0,12,5,0,17,10,0,10,27
07/26/2016,MWA,IL,AGL,CE,Federal Contract Tower,0,15,0,2,17,0,10,7,2,19,0,25,7,4,36,0,0,0,36
07/27/2016,MWA,IL,AGL,CE,Federal Contract Tower,0,10,2,0,12,0,21,12,0,33,0,31,14,0,45,134,0,134,179
07/28/2016,MWA,IL,AGL,CE,Federal Contract Tower,0,18,3,6,27,0,9,6,0,15,0,27,9,6,42,28,0,28,70
07/29/2016,MWA,IL,AGL,CE,Federal Contract Tower,0,13,14,1,28,0,10,7,1,18,0,23,21,2,46,18,0,18,64
07/30/2016,MWA,IL,AGL,CE,Federal Contract Tower,0,6,2,0,8,0,4,15,0,19,0,10,17,0,27,36,0,36,63
07/31/2016,MWA,IL,AGL,CE,Federal Contract Tower,0,10,2,10,22,0,1,24,1,26,0,11,26,11,48,60,0,60,108
08/01/2016,MWA,IL,AGL,CE,Federal Contract Tower,0,25,0,0,25,0,5,10,0,15,0,30,10,0,40,74,0,74,114
08/02/2016,MWA,IL,AGL,CE,Federal Contract Tower,0,13,0,2,15,0,7,6,3,16,0,20,6,5,31,2,0,2,33
08/03/2016,MWA,IL,AGL,CE,Federal Contract Tower,0,16,3,0,19,0,13,9,0,22,0,29,12,0,41,32,0,32,73
08/04/2016,MWA,IL,AGL,CE,Federal Contract Tower,0,8,1,2,11,0,45,9,2,56,0,53,10,4,67,84,0,84,151
08/05/2016,MWA,IL,AGL,CE,Federal Contract Tower,0,9,2,0,11,0,7,8,0,15,0,16,10,0,26,14,0,14,40
08/06/2016,MWA,IL,AGL,CE,Federal Contract Tower,0,6,0,0,6,0,2,11,0,13,0,8,11,0,19,32,0,32,51
08/07/2016,MWA,IL,AGL,CE,Federal Contract Tower,0,12,1,0,13,0,0,11,2,13,0,12,12,2,26,82,0,82,108
08/08/2016,MWA,IL,AGL,CE,Federal Contract Tower,0,12,0,2,14,0,8,9,0,17,0,20,9,2,31,42,0,42,73
08/09/2016,MWA,IL,AGL,CE,Federal Contract Tower,0,10,1,0,11,0,17,12,0,29,0,27,13,0,40,10,0,10,50
08/10/2016,MWA,IL,AGL,CE,Federal Contract Tower,0,15,0,2,17,0,16,3,2,21,0,31,3,4,38,0,0,0,38
08/11/2016,MWA,IL,AGL,CE,Federal Contract Tower,0,14,2,0,16,0,18,23,0,41,0,32,25,0,57,26,0,26,83
08/12/2016,MWA,IL,AGL,CE,Federal Contract Tower,0,17,4,0,21,0,21,15,1,37,0,38,19,1,58,60,0,60,118
08/13/2016,MWA,IL,AGL,CE,Federal Contract Tower,0,4,0,0,4,0,0,0,0,0,0,4,0,0,4,0,0,0,4
08/14/2016,MWA,IL,AGL,CE,Federal Contract Tower,0,6,0,0,6,0,1,0,0,1,0,7,0,0,7,0,0,0,7
08/15/2016,MWA,IL,AGL,CE,Federal Contract Tower,0,13,1,0,14,0,5,0,0,5,0,18,1,0,19,0,0,0,19
08/16/2016,MWA,IL,AGL,CE,Federal Contract Tower,0,11,3,0,14,0,5,0,0,5,0,16,3,0,19,0,0,0,19
08/17/2016,MWA,IL,AGL,CE,Federal Contract Tower,0,14,2,0,16,0,0,4,0,4,0,14,6,0,20,0,0,0,20
08/18/2016,MWA,IL,AGL,CE,Federal Contract Tower,0,17,2,0,19,0,4,17,0,21,0,21,19,0,40,52,0,52,92
08/19/2016,MWA,IL,AGL,CE,Federal Contract Tower,0,14,12,0,26,0,6,3,0,9,0,20,15,0,35,0,0,0,35
08/20/2016,MWA,IL,AGL,CE,Federal Contract Tower,0,6,0,0,6,0,9,3,0,12,0,15,3,0,18,0,0,0,18
08/21/2016,MWA,IL,AGL,CE,Federal Contract Tower,0,9,3,0,12,0,5,21,0,26,0,14,24,0,38,8,0,8,46
08/22/2016,MWA,IL,AGL,CE,Federal Contract Tower,0,11,1,0,12,0,6,19,0,25,0,17,20,0,37,40,0,40,77
08/23/2016,MWA,IL,AGL,CE,Federal Contract Tower,0,14,2,0,16,0,31,18,0,49,0,45,20,0,65,110,0,110,175
08/24/2016,MWA,IL,AGL,CE,Federal Contract Tower,0,10,0,0,10,0,16,4,0,20,0,26,4,0,30,66,0,66,96
08/25/2016,MWA,IL,AGL,CE,Federal Contract Tower,0,13,3,0,16,0,17,14,4,35,0,30,17,4,51,62,0,62,113
08/26/2016,MWA,IL,AGL,CE,Federal Contract Tower,0,13,0,3,16,0,9,5,3,17,0,22,5,6,33,14,0,14,47
08/27/2016,MWA,IL,AGL,CE,Federal Contract Tower,0,10,2,0,12,0,22,10,0,32,0,32,12,0,44,26,0,26,70
08/28/2016,MWA,IL,AGL,CE,Federal Contract Tower,0,7,5,0,12,0,11,9,0,20,0,18,14,0,32,36,0,36,68
08/29/2016,MWA,IL,AGL,CE,Federal Contract Tower,0,8,0,0,8,0,9,10,0,19,0,17,10,0,27,34,0,34,61
08/30/2016,MWA,IL,AGL,CE,Federal Contract Tower,0,11,0,0,11,0,22,14,5,41,0,33,14,5,52,82,8,90,142
08/31/2016,MWA,IL,AGL,CE,Federal Contract Tower,0,11,4,0,15,0,15,2,0,17,0,26,6,0,32,38,0,38,70
09/01/2016,MWA,IL,AGL,CE,Federal Contract Tower,0,14,3,0,17,0,23,5,0,28,0,37,8,0,45,22,0,22,67
09/02/2016,MWA,IL,AGL,CE,Federal Contract Tower,1,14,4,0,19,0,27,21,2,50,1,41,25,2,69,114,0,114,183
09/03/2016,MWA,IL,AGL,CE,Federal Contract Tower,0,9,2,0,11,0,13,30,1,44,0,22,32,1,55,8,0,8,63
09/04/2016,MWA,IL,AGL,CE,Federal Contract Tower,0,7,2,0,9,0,2,8,0,10,0,9,10,0,19,14,0,14,33
09/05/2016,MWA,IL,AGL,CE,Federal Contract Tower,0,12,3,0,15,0,2,9,0,11,0,14,12,0,26,10,0,10,36
09/06/2016,MWA,IL,AGL,CE,Federal Contract Tower,2,9,0,0,11,0,9,0,4,13,2,18,0,4,24,70,0,70,94
09/07/2016,MWA,IL,AGL,CE,Federal Contract Tower,0,12,0,5,17,0,22,3,0,25,0,34,3,5,42,26,0,26,68
09/08/2016,MWA,IL,AGL,CE,Federal Contract Tower,0,11,2,0,13,0,14,5,1,20,0,25,7,1,33,36,0,36,69
09/09/2016,MWA,IL,AGL,CE,Federal Contract Tower,0,15,3,2,20,0,11,12,1,24,0,26,15,3,44,20,0,20,64
09/10/2016,MWA,IL,AGL,CE,Federal Contract Tower,0,8,0,0,8,0,6,12,1,19,0,14,12,1,27,2,0,2,29
09/11/2016,MWA,IL,AGL,CE,Federal Contract Tower,0,6,0,0,6,0,9,16,0,25,0,15,16,0,31,30,0,30,61
09/12/2016,MWA,IL,AGL,CE,Federal Contract Tower,0,13,2,0,15,0,34,16,0,50,0,47,18,0,65,142,0,142,207
09/13/2016,MWA,IL,AGL,CE,Federal Contract Tower,0,7,4,0,11,0,26,5,2,33,0,33,9,2,44,72,0,72,116
09/14/2016,MWA,IL,AGL,CE,Federal Contract Tower,0,10,1,0,11,0,19,4,0,23,0,29,5,0,34,38,0,38,72
09/15/2016,MWA,IL,AGL,CE,Federal Contract Tower,0,9,0,0,9,0,18,0,0,18,0,27,0,0,27,12,0,12,39
09/16/2016,MWA,IL,AGL,CE,Federal Contract Tower,0,10,0,0,10,0,9,3,1,13,0,19,3,1,23,8,0,8,31
09/17/2016,MWA,IL,AGL,CE,Federal Contract Tower,0,6,2,1,9,0,0,9,0,9,0,6,11,1,18,0,0,0,18
09/18/2016,MWA,IL,AGL,CE,Federal Contract Tower,0,10,0,0,10,0,5,6,0,11,0,15,6,0,21,4,0,4,25
09/19/2016,MWA,IL,AGL,CE,Federal Contract Tower,0,9,2,0,11,0,23,0,0,23,0,32,2,0,34,116,0,116,150
09/20/2016,MWA,IL,AGL,CE,Federal Contract Tower,0,12,0,0,12,0,24,8,6,38,0,36,8,6,50,68,0,68,118
09/21/2016,MWA,IL,AGL,CE,Federal Contract Tower,0,13,4,0,17,0,23,17,0,40,0,36,21,0,57,86,0,86,143
09/22/2016,MWA,IL,AGL,CE,Federal Contract Tower,0,11,1,0,12,0,24,12,0,36,0,35,13,0,48,76,0,76,124
09/23/2016,MWA,IL,AGL,CE,Federal Contract Tower,0,13,3,0,16,0,23,17,0,40,0,36,20,0,56,32,0,32,88
09/24/2016,MWA,IL,AGL,CE,Federal Contract Tower,0,8,4,19,31,0,28,19,5,52,0,36,23,24,83,130,10,140,223
09/25/2016,MWA,IL,AGL,CE,Federal Contract Tower,0,8,2,0,10,0,36,0,2,38,0,44,2,2,48,20,0,20,68
09/26/2016,MWA,IL,AGL,CE,Federal Contract Tower,0,12,0,0,12,0,32,17,1,50,0,44,17,1,62,50,0,50,112
09/27/2016,MWA,IL,AGL,CE,Federal Contract Tower,0,10,1,0,11,0,46,12,2,60,0,56,13,2,71,76,0,76,147
09/28/2016,MWA,IL,AGL,CE,Federal Contract Tower,0,17,0,0,17,0,22,1,0,23,0,39,1,0,40,46,0,46,86
09/29/2016,MWA,IL,AGL,CE,Federal Contract Tower,0,10,2,0,12,0,1,3,0,4,0,11,5,0,16,2,0,2,18
09/30/2016,MWA,IL,AGL,CE,Federal Contract Tower,0,25,0,0,25,0,1,0,0,1,0,26,0,0,26,10,0,10,36
10/01/2016,MWA,IL,AGL,CE,Federal Contract Tower,0,11,0,0,11,0,10,2,0,12,0,21,2,0,23,18,0,18,41
10/02/2016,MWA,IL,AGL,CE,Federal Contract Tower,0,12,4,0,16,0,10,4,1,15,0,22,8,1,31,24,0,24,55
10/03/2016,MWA,IL,AGL,CE,Federal Contract Tower,0,12,2,0,14,0,26,12,0,38,0,38,14,0,52,42,0,42,94
10/04/2016,MWA,IL,AGL,CE,Federal Contract Tower,0,10,1,0,11,0,11,0,2,13,0,21,1,2,24,22,0,22,46
10/05/2016,MWA,IL,AGL,CE,Federal Contract Tower,0,16,2,0,18,0,26,12,0,38,0,42,14,0,56,78,0,78,134
10/06/2016,MWA,IL,AGL,CE,Federal Contract Tower,0,13,0,0,13,0,20,9,0,29,0,33,9,0,42,60,0,60,102
10/07/2016,MWA,IL,AGL,CE,Federal Contract Tower,0,8,4,0,12,0,27,25,2,54,0,35,29,2,66,38,8,46,112
10/08/2016,MWA,IL,AGL,CE,Federal Contract Tower,0,7,0,0,7,0,11,11,0,22,0,18,11,0,29,54,0,54,83
10/09/2016,MWA,IL,AGL,CE,Federal Contract Tower,0,5,0,0,5,0,0,27,0,27,0,5,27,0,32,58,0,58,90
10/10/2016,MWA,IL,AGL,CE,Federal Contract Tower,0,17,3,2,22,0,63,20,0,83,0,80,23,2,105,48,0,48,153
10/11/2016,MWA,IL,AGL,CE,Federal Contract Tower,0,9,1,0,10,0,37,24,0,61,0,46,25,0,71,74,0,74,145
10/12/2016,MWA,IL,AGL,CE,Federal Contract Tower,0,10,5,0,15,0,27,6,0,33,0,37,11,0,48,40,0,40,88
10/13/2016,MWA,IL,AGL,CE,Federal Contract Tower,0,12,1,0,13,0,13,4,0,17,0,25,5,0,30,28,0,28,58
10/14/2016,MWA,IL,AGL,CE,Federal Contract Tower,0,8,7,0,15,0,9,12,0,21,0,17,19,0,36,8,0,8,44
10/15/2016,MWA,IL,AGL,CE,Federal Contract Tower,0,14,2,0,16,0,4,5,0,9,0,18,7,0,25,46,0,46,71
10/16/2016,MWA,IL,AGL,CE,Federal Contract Tower,0,9,2,0,11,0,16,7,0,23,0,25,9,0,34,16,0,16,50
10/17/2016,MWA,IL,AGL,CE,Federal Contract Tower,0,10,3,0,13,0,19,3,0,22,0,29,6,0,35,52,0,52,87
10/18/2016,MWA,IL,AGL,CE,Federal Contract Tower,0,16,0,0,16,0,14,2,0,16,0,30,2,0,32,14,0,14,46
10/19/2016,MWA,IL,AGL,CE,Federal Contract Tower,0,10,1,0,11,0,2,5,0,7,0,12,6,0,18,70,0,70,88
10/20/2016,MWA,IL,AGL,CE,Federal Contract Tower,0,13,6,0,19,0,0,0,0,0,0,13,6,0,19,0,0,0,19
10/21/2016,MWA,IL,AGL,CE,Federal Contract Tower,0,9,4,0,13,0,63,10,0,73,0,72,14,0,86,166,0,166,252
10/22/2016,MWA,IL,AGL,CE,Federal Contract Tower,0,1,5,12,18,0,25,33,1,59,0,26,38,13,77,28,8,36,113
10/23/2016,MWA,IL,AGL,CE,Federal Contract Tower,0,6,4,0,10,0,2,6,0,8,0,8,10,0,18,0,0,0,18
10/24/2016,MWA,IL,AGL,CE,Federal Contract Tower,0,9,7,0,16,0,33,6,1,40,0,42,13,1,56,66,0,66,122
10/25/2016,MWA,IL,AGL,CE,Federal Contract Tower,0,13,0,0,13,0,8,6,0,14,0,21,6,0,27,32,0,32,59
10/26/2016,MWA,IL,AGL,CE,Federal Contract Tower,0,10,2,0,12,0,11,8,0,19,0,21,10,0,31,10,0,10,41
10/27/2016,MWA,IL,AGL,CE,Federal Contract Tower,0,9,0,0,9,0,28,1,0,29,0,37,1,0,38,43,0,43,81
10/28/2016,MWA,IL,AGL,CE,Federal Contract Tower,0,10,2,0,12,0,18,12,2,32,0,28,14,2,44,76,0,76,120
10/29/2016,MWA,IL,AGL,CE,Federal Contract Tower,0,8,2,0,10,0,12,8,2,22,0,20,10,2,32,10,0,10,42
10/30/2016,MWA,IL,AGL,CE,Federal Contract Tower,0,9,0,0,9,0,23,14,2,39,0,32,14,2,48,28,0,28,76
10/31/2016,MWA,IL,AGL,CE,Federal Contract Tower,0,11,0,1,12,0,19,10,4,33,0,30,10,5,45,108,24,132,177
11/01/2016,MWA,IL,AGL,CE,Federal Contract Tower,0,11,3,0,14,0,26,10,2,38,0,37,13,2,52,38,0,38,90
11/02/2016,MWA,IL,AGL,CE,Federal Contract Tower,0,9,5,2,16,0,37,17,2,56,0,46,22,4,72,102,0,102,174
11/03/2016,MWA,IL,AGL,CE,Federal Contract Tower,0,15,1,0,16,0,11,6,0,17,0,26,7,0,33,22,0,22,55
11/04/2016,MWA,IL,AGL,CE,Federal Contract Tower,2,14,0,1,17,0,64,13,0,77,2,78,13,1,94,98,0,98,192
11/05/2016,MWA,IL,AGL,CE,Federal Contract Tower,1,6,0,0,7,0,33,4,0,37,1,39,4,0,44,30,0,30,74
11/06/2016,MWA,IL,AGL,CE,Federal Contract Tower,0,14,1,4,19,0,29,22,1,52,0,43,23,5,71,80,6,86,157
11/07/2016,MWA,IL,AGL,CE,Federal Contract Tower,0,8,0,0,8,0,54,10,0,64,0,62,10,0,72,126,0,126,198
11/08/2016,MWA,IL,AGL,CE,Federal Contract Tower,0,12,0,0,12,0,96,19,0,115,0,108,19,0,127,144,0,144,271
11/09/2016,MWA,IL,AGL,CE,Federal Contract Tower,0,8,0,0,8,0,61,10,0,71,0,69,10,0,79,118,0,118,197
11/10/2016,MWA,IL,AGL,CE,Federal Contract Tower,0,9,0,0,9,0,37,22,0,59,0,46,22,0,68,84,0,84,152
11/11/2016,MWA,IL,AGL,CE,Federal Contract Tower,2,13,0,1,16,0,6,21,2,29,2,19,21,3,45,23,0,23,68
11/12/2016,MWA,IL,AGL,CE,Federal Contract Tower,3,12,0,0,15,0,17,18,0,35,3,29,18,0,50,56,0,56,106
11/13/2016,MWA,IL,AGL,CE,Federal Contract Tower,0,77,0,0,77,0,30,25,0,55,0,107,25,0,132,52,0,52,184
11/14/2016,MWA,IL,AGL,CE,Federal Contract Tower,0,12,0,0,12,0,51,26,0,77,0,63,26,0,89,174,0,174,263
11/15/2016,MWA,IL,AGL,CE,Federal Contract Tower,0,7,1,2,10,0,43,4,0,47,0,50,5,2,57,54,0,54,111
11/16/2016,MWA,IL,AGL,CE,Federal Contract Tower,0,12,0,0,12,0,34,10,0,44,0,46,10,0,56,32,0,32,88
11/17/2016,MWA,IL,AGL,CE,Federal Contract Tower,2,10,0,8,20,0,101,21,0,122,2,111,21,8,142,124,0,124,266
11/18/2016,MWA,IL,AGL,CE,Federal Contract Tower,0,5,0,0,5,0,0,4,0,4,0,5,4,0,9,0,0,0,9
11/20/2016,MWA,IL,AGL,CE,Federal Contract Tower,0,5,5,1,11,0,6,45,0,51,0,11,50,1,62,36,0,36,98
11/21/2016,MWA,IL,AGL,CE,Federal Contract Tower,0,11,0,0,11,0,15,13,0,28,0,26,13,0,39,68,0,68,107
11/22/2016,MWA,IL,AGL,CE,Federal Contract Tower,0,14,0,4,18,0,36,17,0,53,0,50,17,4,71,66,0,66,137
11/23/2016,MWA,IL,AGL,CE,Federal Contract Tower,0,11,1,0,12,0,0,0,0,0,0,11,1,0,12,0,0,0,12
11/24/2016,MWA,IL,AGL,CE,Federal Contract Tower,0,10,1,0,11,0,0,0,0,0,0,10,1,0,11,0,0,0,11
11/25/2016,MWA,IL,AGL,CE,Federal Contract Tower,0,12,3,0,15,0,0,9,0,9,0,12,12,0,24,0,0,0,24
11/26/2016,MWA,IL,AGL,CE,Federal Contract Tower,0,7,3,0,10,0,5,18,0,23,0,12,21,0,33,34,0,34,67
11/27/2016,MWA,IL,AGL,CE,Federal Contract Tower,0,9,1,0,10,0,0,6,0,6,0,9,7,0,16,4,0,4,20
11/28/2016,MWA,IL,AGL,CE,Federal Contract Tower,0,8,0,0,8,0,3,0,0,3,0,11,0,0,11,0,0,0,11
11/29/2016,MWA,IL,AGL,CE,Federal Contract Tower,0,22,5,0,27,0,18,17,0,35,0,40,22,0,62,82,0,82,144
11/30/2016,MWA,IL,AGL,CE,Federal Contract Tower,0,22,2,0,24,0,26,38,0,64,0,48,40,0,88,184,0,184,272
12/01/2016,MWA,IL,AGL,CE,Federal Contract Tower,0,7,0,0,7,0,54,34,0,88,0,61,34,0,95,196,0,196,291
12/02/2016,MWA,IL,AGL,CE,Federal Contract Tower,0,6,2,0,8,0,39,16,0,55,0,45,18,0,63,118,0,118,181
12/03/2016,MWA,IL,AGL,CE,Federal Contract Tower,0,5,1,0,6,0,19,8,1,28,0,24,9,1,34,62,0,62,96
12/04/2016,MWA,IL,AGL,CE,Federal Contract Tower,0,6,0,0,6,0,2,0,0,2,0,8,0,0,8,0,0,0,8
12/05/2016,MWA,IL,AGL,CE,Federal Contract Tower,0,9,0,1,10,0,18,11,0,29,0,27,11,1,39,68,0,68,107
12/06/2016,MWA,IL,AGL,CE,Federal Contract Tower,0,11,2,0,13,0,0,0,0,0,0,11,2,0,13,0,0,0,13
12/07/2016,MWA,IL,AGL,CE,Federal Contract Tower,0,4,0,0,4,0,31,5,0,36,0,35,5,0,40,26,0,26,66
12/08/2016,MWA,IL,AGL,CE,Federal Contract Tower,0,9,1,0,10,0,20,2,0,22,0,29,3,0,32,42,0,42,74
12/09/2016,MWA,IL,AGL,CE,Federal Contract Tower,0,8,3,0,11,0,5,11,0,16,0,13,14,0,27,34,0,34,61
12/10/2016,MWA,IL,AGL,CE,Federal Contract Tower,0,5,1,0,6,0,7,12,1,20,0,12,13,1,26,40,0,40,66
12/11/2016,MWA,IL,AGL,CE,Federal Contract Tower,0,8,1,0,9,0,1,1,0,2,0,9,2,0,11,4,0,4,15
12/12/2016,MWA,IL,AGL,CE,Federal Contract Tower,0,15,1,0,16,0,2,17,0,19,0,17,18,0,35,60,0,60,95
12/13/2016,MWA,IL,AGL,CE,Federal Contract Tower,0,11,1,0,12,0,19,13,0,32,0,30,14,0,44,74,0,74,118
12/14/2016,MWA,IL,AGL,CE,Federal Contract Tower,0,9,3,0,12,0,26,28,2,56,0,35,31,2,68,110,8,118,186
12/15/2016,MWA,IL,AGL,CE,Federal Contract Tower,0,6,3,0,9,0,11,4,0,15,0,17,7,0,24,40,0,40,64
12/16/2016,MWA,IL,AGL,CE,Federal Contract Tower,0,11,2,0,13,0,9,24,0,33,0,20,26,0,46,106,0,106,152
12/17/2016,MWA,IL,AGL,CE,Federal Contract Tower,0,2,0,0,2,0,1,0,0,1,0,3,0,0,3,0,0,0,3
12/18/2016,MWA,IL,AGL,CE,Federal Contract Tower,0,10,1,0,11,0,3,0,0,3,0,13,1,0,14,0,0,0,14
12/19/2016,MWA,IL,AGL,CE,Federal Contract Tower,0,4,0,0,4,0,14,18,0,32,0,18,18,0,36,116,0,116,152
12/20/2016,MWA,IL,AGL,CE,Federal Contract Tower,0,11,4,0,15,0,22,36,0,58,0,33,40,0,73,152,0,152,225
12/21/2016,MWA,IL,AGL,CE,Federal Contract Tower,0,4,0,0,4,0,8,23,3,34,0,12,23,3,38,62,4,66,104
12/22/2016,MWA,IL,AGL,CE,Federal Contract Tower,0,3,1,0,4,0,6,5,0,11,0,9,6,0,15,2,0,2,17
12/23/2016,MWA,IL,AGL,CE,Federal Contract Tower,0,12,1,0,13,0,2,1,0,3,0,14,2,0,16,10,0,10,26
12/24/2016,MWA,IL,AGL,CE,Federal Contract Tower,0,10,0,0,10,0,0,0,0,0,0,10,0,0,10,0,0,0,10
12/25/2016,MWA,IL,AGL,CE,Federal Contract Tower,0,3,0,0,3,0,0,0,0,0,0,3,0,0,3,0,0,0,3
12/26/2016,MWA,IL,AGL,CE,Federal Contract Tower,0,10,0,0,10,0,2,0,0,2,0,12,0,0,12,0,0,0,12
12/27/2016,MWA,IL,AGL,CE,Federal Contract Tower,0,8,0,0,8,0,12,11,0,23,0,20,11,0,31,12,0,12,43
12/28/2016,MWA,IL,AGL,CE,Federal Contract Tower,0,8,0,0,8,0,4,4,0,8,0,12,4,0,16,0,0,0,16
12/29/2016,MWA,IL,AGL,CE,Federal Contract Tower,0,18,1,0,19,0,2,9,0,11,0,20,10,0,30,0,0,0,30
12/30/2016,MWA,IL,AGL,CE,Federal Contract Tower,0,18,6,0,24,0,7,27,0,34,0,25,33,0,58,64,0,64,122
12/31/2016,MWA,IL,AGL,CE,Federal Contract Tower,0,9,0,0,9,0,6,0,0,6,0,15,0,0,15,0,0,0,15
01/01/2017,MWA,IL,AGL,CE,Federal Contract Tower,0,7,1,0,8,0,0,3,0,3,0,7,4,0,11,2,0,2,13
01/02/2017,MWA,IL,AGL,CE,Federal Contract Tower,0,10,0,0,10,0,0,0,0,0,0,10,0,0,10,0,0,0,10
01/03/2017,MWA,IL,AGL,CE,Federal Contract Tower,0,8,0,0,8,0,0,0,0,0,0,8,0,0,8,0,0,0,8
01/04/2017,MWA,IL,AGL,CE,Federal Contract Tower,0,6,0,0,6,0,13,24,0,37,0,19,24,0,43,90,0,90,133
01/05/2017,MWA,IL,AGL,CE,Federal Contract Tower,0,17,2,0,19,0,5,0,0,5,0,22,2,0,24,0,0,0,24
01/06/2017,MWA,IL,AGL,CE,Federal Contract Tower,0,9,0,0,9,0,6,10,0,16,0,15,10,0,25,14,0,14,39
01/07/2017,MWA,IL,AGL,CE,Federal Contract Tower,0,8,1,0,9,0,4,12,0,16,0,12,13,0,25,64,0,64,89
01/08/2017,MWA,IL,AGL,CE,Federal Contract Tower,0,8,0,0,8,0,0,4,0,4,0,8,4,0,12,6,0,6,18
01/09/2017,MWA,IL,AGL,CE,Federal Contract Tower,0,4,1,2,7,0,9,24,8,41,0,13,25,10,48,96,0,96,144
01/10/2017,MWA,IL,AGL,CE,Federal Contract Tower,0,9,0,0,9,0,0,0,0,0,0,9,0,0,9,0,0,0,9
01/11/2017,MWA,IL,AGL,CE,Federal Contract Tower,0,16,1,0,17,0,4,0,0,4,0,20,1,0,21,0,0,0,21
01/12/2017,MWA,IL,AGL,CE,Federal Contract Tower,1,14,0,0,15,0,0,0,0,0,1,14,0,0,15,0,0,0,15
01/13/2017,MWA,IL,AGL,CE,Federal Contract Tower,0,0,0,0,0,0,0,0,0,0,0,0,0,0,0,0,0,0,0
01/14/2017,MWA,IL,AGL,CE,Federal Contract Tower,0,8,0,0,8,0,0,0,0,0,0,8,0,0,8,0,0,0,8
01/15/2017,MWA,IL,AGL,CE,Federal Contract Tower,0,3,0,0,3,0,0,0,0,0,0,3,0,0,3,0,0,0,3
01/16/2017,MWA,IL,AGL,CE,Federal Contract Tower,0,9,0,0,9,0,2,4,0,6,0,11,4,0,15,6,0,6,21
01/17/2017,MWA,IL,AGL,CE,Federal Contract Tower,0,13,0,1,14,0,3,8,4,15,0,16,8,5,29,40,0,40,69
01/18/2017,MWA,IL,AGL,CE,Federal Contract Tower,0,17,3,1,21,0,10,24,2,36,0,27,27,3,57,92,0,92,149
01/19/2017,MWA,IL,AGL,CE,Federal Contract Tower,0,13,0,0,13,0,0,0,0,0,0,13,0,0,13,0,0,0,13
01/20/2017,MWA,IL,AGL,CE,Federal Contract Tower,1,18,0,0,19,0,4,0,0,4,1,22,0,0,23,44,0,44,67
01/21/2017,MWA,IL,AGL,CE,Federal Contract Tower,0,3,2,0,5,0,4,7,0,11,0,7,9,0,16,10,0,10,26
01/22/2017,MWA,IL,AGL,CE,Federal Contract Tower,0,7,1,0,8,0,2,10,0,12,0,9,11,0,20,26,0,26,46
01/23/2017,MWA,IL,AGL,CE,Federal Contract Tower,0,13,0,0,13,0,10,1,0,11,0,23,1,0,24,0,0,0,24
01/24/2017,MWA,IL,AGL,CE,Federal Contract Tower,0,9,1,1,11,0,13,34,0,47,0,22,35,1,58,216,0,216,274
01/25/2017,MWA,IL,AGL,CE,Federal Contract Tower,0,16,0,0,16,0,14,19,1,34,0,30,19,1,50,96,0,96,146
01/26/2017,MWA,IL,AGL,CE,Federal Contract Tower,0,13,0,0,13,0,9,31,0,40,0,22,31,0,53,138,0,138,191
01/27/2017,MWA,IL,AGL,CE,Federal Contract Tower,0,16,0,0,16,0,1,25,0,26,0,17,25,0,42,142,0,142,184
01/28/2017,MWA,IL,AGL,CE,Federal Contract Tower,0,8,0,0,8,0,14,7,0,21,0,22,7,0,29,0,0,0,29
01/29/2017,MWA,IL,AGL,CE,Federal Contract Tower,0,7,3,0,10,0,0,3,2,5,0,7,6,2,15,0,0,0,15
01/30/2017,MWA,IL,AGL,CE,Federal Contract Tower,0,11,2,0,13,0,17,26,0,43,0,28,28,0,56,194,0,194,250
01/31/2017,MWA,IL,AGL,CE,Federal Contract Tower,0,11,0,0,11,0,20,34,0,54,0,31,34,0,65,228,0,228,293
02/01/2017,MWA,IL,AGL,CE,Federal Contract Tower,0,8,0,0,8,0,4,26,5,35,0,12,26,5,43,134,0,134,177
02/02/2017,MWA,IL,AGL,CE,Federal Contract Tower,0,3,0,0,3,0,6,31,2,39,0,9,31,2,42,168,0,168,210
02/03/2017,MWA,IL,AGL,CE,Federal Contract Tower,0,8,0,0,8,0,16,22,6,44,0,24,22,6,52,270,0,270,322
02/04/2017,MWA,IL,AGL,CE,Federal Contract Tower,0,12,2,0,14,0,17,27,9,53,0,29,29,9,67,180,0,180,247
02/05/2017,MWA,IL,AGL,CE,Federal Contract Tower,0,5,0,0,5,0,7,17,2,26,0,12,17,2,31,42,0,42,73
02/06/2017,MWA,IL,AGL,CE,Federal Contract Tower,0,14,1,0,15,0,0,0,0,0,0,14,1,0,15,0,0,0,15
02/07/2017,MWA,IL,AGL,CE,Federal Contract Tower,2,20,0,2,24,0,7,16,4,27,2,27,16,6,51,32,0,32,83
02/08/2017,MWA,IL,AGL,CE,Federal Contract Tower,0,10,0,0,10,0,4,17,0,21,0,14,17,0,31,138,0,138,169
02/09/2017,MWA,IL,AGL,CE,Federal Contract Tower,0,9,0,0,9,0,33,28,0,61,0,42,28,0,70,308,0,308,378
02/10/2017,MWA,IL,AGL,CE,Federal Contract Tower,0,10,3,1,14,0,10,13,1,24,0,20,16,2,38,76,0,76,114
02/11/2017,MWA,IL,AGL,CE,Federal Contract Tower,0,9,2,2,13,0,4,2,2,8,0,13,4,4,21,0,0,0,21
02/12/2017,MWA,IL,AGL,CE,Federal Contract Tower,1,5,0,0,6,0,2,2,0,4,1,7,2,0,10,0,0,0,10
02/13/2017,MWA,IL,AGL,CE,Federal Contract Tower,0,10,4,0,14,0,12,22,0,34,0,22,26,0,48,214,0,214,262
02/14/2017,MWA,IL,AGL,CE,Federal Contract Tower,0,5,3,0,8,0,13,34,0,47,0,18,37,0,55,160,0,160,215
02/15/2017,MWA,IL,AGL,CE,Federal Contract Tower,0,9,1,2,12,0,28,12,0,40,0,37,13,2,52,222,0,222,274
02/16/2017,MWA,IL,AGL,CE,Federal Contract Tower,0,7,1,0,8,0,28,27,0,55,0,35,28,0,63,290,0,290,353
02/17/2017,MWA,IL,AGL,CE,Federal Contract Tower,0,10,0,2,12,0,22,21,0,43,0,32,21,2,55,190,6,196,251
02/18/2017,MWA,IL,AGL,CE,Federal Contract Tower,0,10,1,0,11,0,10,5,0,15,0,20,6,0,26,12,0,12,38
02/19/2017,MWA,IL,AGL,CE,Federal Contract Tower,0,9,1,0,10,0,2,3,0,5,0,11,4,0,15,0,0,0,15
02/20/2017,MWA,IL,AGL,CE,Federal Contract Tower,0,9,0,0,9,0,2,37,0,39,0,11,37,0,48,210,0,210,258
02/21/2017,MWA,IL,AGL,CE,Federal Contract Tower,0,11,2,0,13,0,7,17,0,24,0,18,19,0,37,198,0,198,235
02/22/2017,MWA,IL,AGL,CE,Federal Contract Tower,0,11,0,3,14,0,13,20,2,35,0,24,20,5,49,168,0,168,217
02/23/2017,MWA,IL,AGL,CE,Federal Contract Tower,0,12,2,1,15,0,9,14,1,24,0,21,16,2,39,74,0,74,113
02/24/2017,MWA,IL,AGL,CE,Federal Contract Tower,0,9,4,1,14,0,7,6,11,24,0,16,10,12,38,46,0,46,84
02/25/2017,MWA,IL,AGL,CE,Federal Contract Tower,0,8,0,2,10,0,2,8,2,12,0,10,8,4,22,8,8,16,38
02/26/2017,MWA,IL,AGL,CE,Federal Contract Tower,0,5,1,0,6,0,1,13,0,14,0,6,14,0,20,6,0,6,26
02/27/2017,MWA,IL,AGL,CE,Federal Contract Tower,0,5,0,1,6,0,28,42,2,72,0,33,42,3,78,218,0,218,296
02/28/2017,MWA,IL,AGL,CE,Federal Contract Tower,0,12,0,0,12,0,0,0,0,0,0,12,0,0,12,8,0,8,20
03/01/2017,MWA,IL,AGL,CE,Federal Contract Tower,0,7,0,2,9,0,4,7,0,11,0,11,7,2,20,0,0,0,20
03/02/2017,MWA,IL,AGL,CE,Federal Contract Tower,0,9,1,0,10,0,11,42,0,53,0,20,43,0,63,190,0,190,253
03/03/2017,MWA,IL,AGL,CE,Federal Contract Tower,0,15,2,1,18,0,41,37,4,82,0,56,39,5,100,156,0,156,256
03/04/2017,MWA,IL,AGL,CE,Federal Contract Tower,0,15,5,0,20,0,15,33,0,48,0,30,38,0,68,96,0,96,164
03/05/2017,MWA,IL,AGL,CE,Federal Contract Tower,0,5,1,0,6,0,20,3,0,23,0,25,4,0,29,6,0,6,35
03/06/2017,MWA,IL,AGL,CE,Federal Contract Tower,0,11,0,0,11,0,0,0,0,0,0,11,0,0,11,0,0,0,11
03/07/2017,MWA,IL,AGL,CE,Federal Contract Tower,0,10,2,0,12,0,8,16,0,24,0,18,18,0,36,52,0,52,88
03/08/2017,MWA,IL,AGL,CE,Federal Contract Tower,0,17,0,2,19,0,20,20,0,40,0,37,20,2,59,106,0,106,165
03/09/2017,MWA,IL,AGL,CE,Federal Contract Tower,0,8,2,0,10,0,16,44,0,60,0,24,46,0,70,142,0,142,212
03/10/2017,MWA,IL,AGL,CE,Federal Contract Tower,0,9,2,0,11,0,6,22,0,28,0,15,24,0,39,130,0,130,169
03/11/2017,MWA,IL,AGL,CE,Federal Contract Tower,0,14,0,2,16,0,5,2,0,7,0,19,2,2,23,0,0,0,23
03/12/2017,MWA,IL,AGL,CE,Federal Contract Tower,0,4,2,0,6,0,7,18,0,25,0,11,20,0,31,0,0,0,31
03/13/2017,MWA,IL,AGL,CE,Federal Contract Tower,0,10,0,0,10,0,0,0,0,0,0,10,0,0,10,0,0,0,10
03/14/2017,MWA,IL,AGL,CE,Federal Contract Tower,0,8,0,0,8,0,1,29,0,30,0,9,29,0,38,64,0,64,102
03/15/2017,MWA,IL,AGL,CE,Federal Contract Tower,0,9,1,0,10,0,4,47,4,55,0,13,48,4,65,82,4,86,151
03/16/2017,MWA,IL,AGL,CE,Federal Contract Tower,0,14,0,0,14,0,1,34,2,37,0,15,34,2,51,74,6,80,131
03/17/2017,MWA,IL,AGL,CE,Federal Contract Tower,0,13,1,0,14,0,2,2,0,4,0,15,3,0,18,16,0,16,34
03/18/2017,MWA,IL,AGL,CE,Federal Contract Tower,0,11,1,0,12,0,9,22,0,31,0,20,23,0,43,64,0,64,107
03/19/2017,MWA,IL,AGL,CE,Federal Contract Tower,0,10,2,0,12,0,16,44,2,62,0,26,46,2,74,132,0,132,206
03/20/2017,MWA,IL,AGL,CE,Federal Contract Tower,0,8,0,0,8,0,18,31,0,49,0,26,31,0,57,174,0,174,231
03/21/2017,MWA,IL,AGL,CE,Federal Contract Tower,0,11,1,0,12,0,10,7,0,17,0,21,8,0,29,20,0,20,49
03/22/2017,MWA,IL,AGL,CE,Federal Contract Tower,0,6,0,0,6,0,21,28,4,53,0,27,28,4,59,118,14,132,191
03/23/2017,MWA,IL,AGL,CE,Federal Contract Tower,0,10,0,0,10,0,7,10,2,19,0,17,10,2,29,136,0,136,165
03/24/2017,MWA,IL,AGL,CE,Federal Contract Tower,0,11,1,0,12,0,8,11,2,21,0,19,12,2,33,16,6,22,55
03/25/2017,MWA,IL,AGL,CE,Federal Contract Tower,0,9,0,0,9,0,4,5,0,9,0,13,5,0,18,24,0,24,42
03/26/2017,MWA,IL,AGL,CE,Federal Contract Tower,0,6,3,0,9,0,4,26,1,31,0,10,29,1,40,240,0,240,280
03/27/2017,MWA,IL,AGL,CE,Federal Contract Tower,0,6,0,0,6,0,0,7,0,7,0,6,7,0,13,34,0,34,47
03/28/2017,MWA,IL,AGL,CE,Federal Contract Tower,0,11,8,0,19,0,0,2,0,2,0,11,10,0,21,2,0,2,23
03/29/2017,MWA,IL,AGL,CE,Federal Contract Tower,0,14,4,0,18,0,23,35,0,58,0,37,39,0,76,248,0,248,324
03/30/2017,MWA,IL,AGL,CE,Federal Contract Tower,0,10,2,0,12,1,6,2,0,9,1,16,4,0,21,12,0,12,33
03/31/2017,MWA,IL,AGL,CE,Federal Contract Tower,0,10,5,0,15,0,11,4,0,15,0,21,9,0,30,28,0,28,58
04/01/2017,MWA,IL,AGL,CE,Federal Contract Tower,0,6,0,0,6,0,13,38,2,53,0,19,38,2,59,124,0,124,183
04/02/2017,MWA,IL,AGL,CE,Federal Contract Tower,0,8,3,0,11,0,7,23,1,31,0,15,26,1,42,58,0,58,100
04/03/2017,MWA,IL,AGL,CE,Federal Contract Tower,0,11,0,0,11,0,5,9,0,14,0,16,9,0,25,20,0,20,45
04/04/2017,MWA,IL,AGL,CE,Federal Contract Tower,0,15,4,0,19,0,32,35,0,67,0,47,39,0,86,290,0,290,376
04/05/2017,MWA,IL,AGL,CE,Federal Contract Tower,0,12,0,0,12,0,3,2,0,5,0,15,2,0,17,10,0,10,27
04/06/2017,MWA,IL,AGL,CE,Federal Contract Tower,0,8,0,0,8,0,8,0,0,8,0,16,0,0,16,22,0,22,38
04/07/2017,MWA,IL,AGL,CE,Federal Contract Tower,0,10,0,0,10,0,40,36,0,76,0,50,36,0,86,222,0,222,308
04/08/2017,MWA,IL,AGL,CE,Federal Contract Tower,0,7,0,1,8,0,0,11,6,17,0,7,11,7,25,78,12,90,115
04/09/2017,MWA,IL,AGL,CE,Federal Contract Tower,0,4,0,0,4,0,2,8,0,10,0,6,8,0,14,18,0,18,32
04/10/2017,MWA,IL,AGL,CE,Federal Contract Tower,0,10,1,2,13,0,3,1,2,6,0,13,2,4,19,0,20,20,39
04/11/2017,MWA,IL,AGL,CE,Federal Contract Tower,0,11,0,4,15,0,18,41,8,67,0,29,41,12,82,216,36,252,334
04/12/2017,MWA,IL,AGL,CE,Federal Contract Tower,0,15,2,2,19,0,31,32,0,63,0,46,34,2,82,238,0,238,320
04/13/2017,MWA,IL,AGL,CE,Federal Contract Tower,0,10,4,0,14,0,31,49,0,80,0,41,53,0,94,286,0,286,380
04/14/2017,MWA,IL,AGL,CE,Federal Contract Tower,0,10,0,5,15,0,19,44,1,64,0,29,44,6,79,204,10,214,293
04/15/2017,MWA,IL,AGL,CE,Federal Contract Tower,0,7,1,0,8,0,4,8,1,13,0,11,9,1,21,0,0,0,21
04/16/2017,MWA,IL,AGL,CE,Federal Contract Tower,0,6,1,0,7,0,3,1,0,4,0,9,2,0,11,6,0,6,17
04/17/2017,MWA,IL,AGL,CE,Federal Contract Tower,0,10,2,0,12,0,3,20,0,23,0,13,22,0,35,210,0,210,245
04/18/2017,MWA,IL,AGL,CE,Federal Contract Tower,0,13,2,0,15,0,26,50,0,76,0,39,52,0,91,304,0,304,395
04/19/2017,MWA,IL,AGL,CE,Federal Contract Tower,0,25,4,2,31,0,40,63,0,103,0,65,67,2,134,352,6,358,492
04/20/2017,MWA,IL,AGL,CE,Federal Contract Tower,0,20,2,2,24,0,42,38,0,80,0,62,40,2,104,190,0,190,294
04/21/2017,MWA,IL,AGL,CE,Federal Contract Tower,0,19,0,0,19,0,2,0,0,2,0,21,0,0,21,8,0,8,29
04/22/2017,MWA,IL,AGL,CE,Federal Contract Tower,0,10,2,0,12,0,2,0,0,2,0,12,2,0,14,0,0,0,14
04/23/2017,MWA,IL,AGL,CE,Federal Contract Tower,0,8,0,0,8,0,11,22,3,36,0,19,22,3,44,92,0,92,136
04/24/2017,MWA,IL,AGL,CE,Federal Contract Tower,0,14,1,0,15,0,38,51,0,89,0,52,52,0,104,418,0,418,522
04/25/2017,MWA,IL,AGL,CE,Federal Contract Tower,0,8,1,0,9,0,35,80,2,117,0,43,81,2,126,350,0,350,476
04/26/2017,MWA,IL,AGL,CE,Federal Contract Tower,0,9,0,0,9,0,13,33,0,46,0,22,33,0,55,174,0,174,229
04/27/2017,MWA,IL,AGL,CE,Federal Contract Tower,0,8,1,0,9,0,11,1,0,12,0,19,2,0,21,86,0,86,107
04/28/2017,MWA,IL,AGL,CE,Federal Contract Tower,0,10,4,0,14,0,10,21,0,31,0,20,25,0,45,208,0,208,253
04/29/2017,MWA,IL,AGL,CE,Federal Contract Tower,0,3,1,0,4,0,20,8,0,28,0,23,9,0,32,70,0,70,102
04/30/2017,MWA,IL,AGL,CE,Federal Contract Tower,0,8,0,0,8,0,0,0,0,0,0,8,0,0,8,0,0,0,8
05/01/2017,MWA,IL,AGL,CE,Federal Contract Tower,0,14,0,0,14,0,0,2,0,2,0,14,2,0,16,0,0,0,16
05/02/2017,MWA,IL,AGL,CE,Federal Contract Tower,0,11,2,0,13,0,26,71,0,97,0,37,73,0,110,422,0,422,532
05/03/2017,MWA,IL,AGL,CE,Federal Contract Tower,0,10,0,0,10,0,4,25,0,29,0,14,25,0,39,152,0,152,191
05/04/2017,MWA,IL,AGL,CE,Federal Contract Tower,0,10,0,0,10,0,0,0,0,0,0,10,0,0,10,0,0,0,10
05/05/2017,MWA,IL,AGL,CE,Federal Contract Tower,0,11,0,0,11,0,22,24,0,46,0,33,24,0,57,132,0,132,189
05/06/2017,MWA,IL,AGL,CE,Federal Contract Tower,0,5,0,0,5,0,112,9,0,121,0,117,9,0,126,2,0,2,128
05/07/2017,MWA,IL,AGL,CE,Federal Contract Tower,0,12,2,0,14,0,17,38,0,55,0,29,40,0,69,236,0,236,305
05/08/2017,MWA,IL,AGL,CE,Federal Contract Tower,0,13,1,0,14,0,20,54,0,74,0,33,55,0,88,356,0,356,444
05/09/2017,MWA,IL,AGL,CE,Federal Contract Tower,0,9,0,0,9,0,26,50,0,76,0,35,50,0,85,158,0,158,243
05/10/2017,MWA,IL,AGL,CE,Federal Contract Tower,0,15,0,0,15,0,31,75,0,106,0,46,75,0,121,428,0,428,549
05/11/2017,MWA,IL,AGL,CE,Federal Contract Tower,0,16,1,0,17,0,20,51,0,71,0,36,52,0,88,376,0,376,464
05/12/2017,MWA,IL,AGL,CE,Federal Contract Tower,0,16,0,2,18,0,8,5,0,13,0,24,5,2,31,66,0,66,97
05/13/2017,MWA,IL,AGL,CE,Federal Contract Tower,0,8,1,0,9,0,10,25,0,35,0,18,26,0,44,84,0,84,128
05/14/2017,MWA,IL,AGL,CE,Federal Contract Tower,0,9,0,0,9,0,2,16,0,18,0,11,16,0,27,50,0,50,77
05/15/2017,MWA,IL,AGL,CE,Federal Contract Tower,0,12,0,0,12,0,34,64,0,98,0,46,64,0,110,360,0,360,470
05/16/2017,MWA,IL,AGL,CE,Federal Contract Tower,0,14,0,0,14,0,14,36,0,50,0,28,36,0,64,214,0,214,278
05/17/2017,MWA,IL,AGL,CE,Federal Contract Tower,0,12,3,0,15,0,5,3,0,8,0,17,6,0,23,2,0,2,25
05/18/2017,MWA,IL,AGL,CE,Federal Contract Tower,0,17,3,0,20,0,12,22,0,34,0,29,25,0,54,156,0,156,210
05/19/2017,MWA,IL,AGL,CE,Federal Contract Tower,0,14,2,0,16,0,15,38,0,53,0,29,40,0,69,258,0,258,327
05/20/2017,MWA,IL,AGL,CE,Federal Contract Tower,0,12,0,0,12,0,0,23,0,23,0,12,23,0,35,0,0,0,35
05/21/2017,MWA,IL,AGL,CE,Federal Contract Tower,0,10,1,0,11,0,2,25,3,30,0,12,26,3,41,68,4,72,113
05/22/2017,MWA,IL,AGL,CE,Federal Contract Tower,0,11,1,0,12,0,23,35,0,58,0,34,36,0,70,186,0,186,256
05/23/2017,MWA,IL,AGL,CE,Federal Contract Tower,0,11,1,0,12,0,23,43,0,66,0,34,44,0,78,270,0,270,348
05/24/2017,MWA,IL,AGL,CE,Federal Contract Tower,0,21,0,0,21,0,15,15,2,32,0,36,15,2,53,126,0,126,179
05/25/2017,MWA,IL,AGL,CE,Federal Contract Tower,0,19,1,0,20,0,40,66,2,108,0,59,67,2,128,260,0,260,388
05/26/2017,MWA,IL,AGL,CE,Federal Contract Tower,0,15,1,0,16,0,0,25,0,25,0,15,26,0,41,66,0,66,107
05/27/2017,MWA,IL,AGL,CE,Federal Contract Tower,0,3,0,0,3,0,0,3,0,3,0,3,3,0,6,0,0,0,6
05/28/2017,MWA,IL,AGL,CE,Federal Contract Tower,0,7,0,0,7,0,1,1,0,2,0,8,1,0,9,0,0,0,9
05/29/2017,MWA,IL,AGL,CE,Federal Contract Tower,0,11,4,0,15,0,3,28,0,31,0,14,32,0,46,120,0,120,166
05/30/2017,MWA,IL,AGL,CE,Federal Contract Tower,0,14,6,0,20,0,26,39,0,65,0,40,45,0,85,150,0,150,235
05/31/2017,MWA,IL,AGL,CE,Federal Contract Tower,0,18,0,0,18,0,17,37,0,54,0,35,37,0,72,220,0,220,292
06/01/2017,MWA,IL,AGL,CE,Federal Contract Tower,0,15,0,0,15,0,26,51,0,77,0,41,51,0,92,206,0,206,298
06/02/2017,MWA,IL,AGL,CE,Federal Contract Tower,0,10,3,0,13,0,16,63,0,79,0,26,66,0,92,196,0,196,288
06/03/2017,MWA,IL,AGL,CE,Federal Contract Tower,0,8,4,0,12,0,7,19,2,28,0,15,23,2,40,72,6,78,118
06/04/2017,MWA,IL,AGL,CE,Federal Contract Tower,0,14,0,1,15,0,5,9,1,15,0,19,9,2,30,0,0,0,30
06/05/2017,MWA,IL,AGL,CE,Federal Contract Tower,0,20,4,0,24,0,23,46,0,69,0,43,50,0,93,234,0,234,327
06/06/2017,MWA,IL,AGL,CE,Federal Contract Tower,0,11,0,0,11,0,16,29,2,47,0,27,29,2,58,170,0,170,228
06/07/2017,MWA,IL,AGL,CE,Federal Contract Tower,0,11,0,0,11,0,18,44,1,63,0,29,44,1,74,172,0,172,246
06/08/2017,MWA,IL,AGL,CE,Federal Contract Tower,0,12,3,2,17,0,16,41,7,64,0,28,44,9,81,178,0,178,259
06/09/2017,MWA,IL,AGL,CE,Federal Contract Tower,0,12,2,2,16,0,8,35,9,52,0,20,37,11,68,124,0,124,192
06/10/2017,MWA,IL,AGL,CE,Federal Contract Tower,0,11,0,0,11,0,2,11,3,16,0,13,11,3,27,6,0,6,33
06/11/2017,MWA,IL,AGL,CE,Federal Contract Tower,0,13,0,2,15,0,14,12,0,26,0,27,12,2,41,24,0,24,65
06/12/2017,MWA,IL,AGL,CE,Federal Contract Tower,0,9,0,2,11,0,8,35,2,45,0,17,35,4,56,142,8,150,206
06/13/2017,MWA,IL,AGL,CE,Federal Contract Tower,0,8,0,2,10,0,18,40,0,58,0,26,40,2,68,130,0,130,198
06/14/2017,MWA,IL,AGL,CE,Federal Contract Tower,0,17,3,4,24,0,17,31,0,48,0,34,34,4,72,116,10,126,198
06/15/2017,MWA,IL,AGL,CE,Federal Contract Tower,0,10,1,0,11,0,20,40,0,60,0,30,41,0,71,100,0,100,171
06/16/2017,MWA,IL,AGL,CE,Federal Contract Tower,0,14,0,1,15,0,3,42,2,47,0,17,42,3,62,134,4,138,200
06/17/2017,MWA,IL,AGL,CE,Federal Contract Tower,0,12,0,0,12,0,1,9,5,15,0,13,9,5,27,18,0,18,45
06/18/2017,MWA,IL,AGL,CE,Federal Contract Tower,0,14,1,0,15,0,2,3,0,5,0,16,4,0,20,0,0,0,20
06/19/2017,MWA,IL,AGL,CE,Federal Contract Tower,0,10,0,0,10,0,6,31,0,37,0,16,31,0,47,136,0,136,183
06/20/2017,MWA,IL,AGL,CE,Federal Contract Tower,0,8,3,0,11,0,7,34,2,43,0,15,37,2,54,116,2,118,172
06/21/2017,MWA,IL,AGL,CE,Federal Contract Tower,0,10,0,0,10,0,8,28,0,36,0,18,28,0,46,120,0,120,166
06/22/2017,MWA,IL,AGL,CE,Federal Contract Tower,0,18,0,0,18,0,3,7,0,10,0,21,7,0,28,22,0,22,50
06/23/2017,MWA,IL,AGL,CE,Federal Contract Tower,0,10,0,0,10,0,0,0,0,0,0,10,0,0,10,0,0,0,10
06/24/2017,MWA,IL,AGL,CE,Federal Contract Tower,0,6,2,0,8,0,10,31,0,41,0,16,33,0,49,184,0,184,233
06/25/2017,MWA,IL,AGL,CE,Federal Contract Tower,0,7,1,0,8,0,0,10,0,10,0,7,11,0,18,0,0,0,18
06/26/2017,MWA,IL,AGL,CE,Federal Contract Tower,0,14,1,0,15,0,11,55,0,66,0,25,56,0,81,186,0,186,267
06/27/2017,MWA,IL,AGL,CE,Federal Contract Tower,0,14,5,0,19,0,24,45,0,69,0,38,50,0,88,236,0,236,324
06/28/2017,MWA,IL,AGL,CE,Federal Contract Tower,0,14,2,0,16,0,18,39,2,59,0,32,41,2,75,210,4,214,289
06/29/2017,MWA,IL,AGL,CE,Federal Contract Tower,0,10,0,0,10,0,25,23,0,48,0,35,23,0,58,172,0,172,230
06/30/2017,MWA,IL,AGL,CE,Federal Contract Tower,0,16,5,2,23,0,6,1,0,7,0,22,6,2,30,0,0,0,30
07/01/2017,MWA,IL,AGL,CE,Federal Contract Tower,0,9,0,0,9,0,10,21,0,31,0,19,21,0,40,50,0,50,90
07/02/2017,MWA,IL,AGL,CE,Federal Contract Tower,0,8,2,0,10,0,1,10,0,11,0,9,12,0,21,2,0,2,23
07/03/2017,MWA,IL,AGL,CE,Federal Contract Tower,0,11,2,0,13,0,5,16,0,21,0,16,18,0,34,106,0,106,140
07/04/2017,MWA,IL,AGL,CE,Federal Contract Tower,0,12,2,0,14,0,11,10,0,21,0,23,12,0,35,0,0,0,35
07/05/2017,MWA,IL,AGL,CE,Federal Contract Tower,0,17,2,0,19,0,4,3,0,7,0,21,5,0,26,72,0,72,98
07/06/2017,MWA,IL,AGL,CE,Federal Contract Tower,0,15,4,2,21,0,1,15,2,18,0,16,19,4,39,52,0,52,91
07/07/2017,MWA,IL,AGL,CE,Federal Contract Tower,0,13,4,3,20,0,13,61,4,78,0,26,65,7,98,162,2,164,262
07/08/2017,MWA,IL,AGL,CE,Federal Contract Tower,0,5,0,0,5,0,5,21,2,28,0,10,21,2,33,24,0,24,57
07/09/2017,MWA,IL,AGL,CE,Federal Contract Tower,0,7,2,0,9,0,3,9,0,12,0,10,11,0,21,0,0,0,21
07/10/2017,MWA,IL,AGL,CE,Federal Contract Tower,0,11,1,0,12,0,16,34,8,58,0,27,35,8,70,122,6,128,198
07/11/2017,MWA,IL,AGL,CE,Federal Contract Tower,0,7,3,0,10,0,18,34,2,54,0,25,37,2,64,234,0,234,298
07/12/2017,MWA,IL,AGL,CE,Federal Contract Tower,0,19,5,0,24,0,17,44,8,69,0,36,49,8,93,148,8,156,249
07/14/2017,MWA,IL,AGL,CE,Federal Contract Tower,0,13,2,0,15,0,17,53,0,70,0,30,55,0,85,170,0,170,255
07/15/2017,MWA,IL,AGL,CE,Federal Contract Tower,0,8,1,2,11,0,22,14,1,37,0,30,15,3,48,48,0,48,96
07/16/2017,MWA,IL,AGL,CE,Federal Contract Tower,0,10,4,0,14,0,2,8,0,10,0,12,12,0,24,0,0,0,24
07/17/2017,MWA,IL,AGL,CE,Federal Contract Tower,0,16,0,2,18,0,32,18,2,52,0,48,18,4,70,146,12,158,228
07/18/2017,MWA,IL,AGL,CE,Federal Contract Tower,0,14,1,4,19,0,23,40,1,64,0,37,41,5,83,98,4,102,185
07/19/2017,MWA,IL,AGL,CE,Federal Contract Tower,0,13,1,2,16,0,21,36,1,58,0,34,37,3,74,114,2,116,190
07/20/2017,MWA,IL,AGL,CE,Federal Contract Tower,0,9,0,0,9,0,16,28,1,45,0,25,28,1,54,92,0,92,146
07/21/2017,MWA,IL,AGL,CE,Federal Contract Tower,0,14,2,8,24,0,13,28,0,41,0,27,30,8,65,172,0,172,237
07/22/2017,MWA,IL,AGL,CE,Federal Contract Tower,0,12,4,0,16,0,10,8,0,18,0,22,12,0,34,0,0,0,34
07/23/2017,MWA,IL,AGL,CE,Federal Contract Tower,0,8,1,0,9,0,6,3,0,9,0,14,4,0,18,0,0,0,18
07/24/2017,MWA,IL,AGL,CE,Federal Contract Tower,0,7,2,0,9,0,39,34,0,73,0,46,36,0,82,110,0,110,192
07/25/2017,MWA,IL,AGL,CE,Federal Contract Tower,0,13,2,0,15,0,7,37,1,45,0,20,39,1,60,106,0,106,166
07/26/2017,MWA,IL,AGL,CE,Federal Contract Tower,0,15,0,0,15,0,18,23,3,44,0,33,23,3,59,102,0,102,161
07/27/2017,MWA,IL,AGL,CE,Federal Contract Tower,0,17,0,0,17,0,1,13,1,15,0,18,13,1,32,98,0,98,130
07/28/2017,MWA,IL,AGL,CE,Federal Contract Tower,0,17,1,0,18,0,8,17,0,25,0,25,18,0,43,110,0,110,153
07/29/2017,MWA,IL,AGL,CE,Federal Contract Tower,0,8,2,0,10,0,13,14,0,27,0,21,16,0,37,18,0,18,55
07/30/2017,MWA,IL,AGL,CE,Federal Contract Tower,0,10,2,0,12,0,5,17,0,22,0,15,19,0,34,20,0,20,54
07/31/2017,MWA,IL,AGL,CE,Federal Contract Tower,0,12,1,1,14,0,24,26,10,60,0,36,27,11,74,104,2,106,180
08/01/2017,MWA,IL,AGL,CE,Federal Contract Tower,0,7,0,0,7,0,5,27,12,44,0,12,27,12,51,100,2,102,153
08/02/2017,MWA,IL,AGL,CE,Federal Contract Tower,0,12,2,0,14,0,2,7,2,11,0,14,9,2,25,86,0,86,111
08/03/2017,MWA,IL,AGL,CE,Federal Contract Tower,0,17,0,0,17,0,11,13,4,28,0,28,13,4,45,54,0,54,99
08/04/2017,MWA,IL,AGL,CE,Federal Contract Tower,0,11,0,0,11,0,23,33,0,56,0,34,33,0,67,104,0,104,171
08/05/2017,MWA,IL,AGL,CE,Federal Contract Tower,0,7,0,0,7,0,32,25,0,57,0,39,25,0,64,88,0,88,152
08/06/2017,MWA,IL,AGL,CE,Federal Contract Tower,0,5,1,0,6,0,0,0,0,0,0,5,1,0,6,0,0,0,6
08/07/2017,MWA,IL,AGL,CE,Federal Contract Tower,0,12,0,2,14,0,1,14,0,15,0,13,14,2,29,76,0,76,105
08/08/2017,MWA,IL,AGL,CE,Federal Contract Tower,0,15,3,0,18,0,9,37,0,46,0,24,40,0,64,188,12,200,264
08/09/2017,MWA,IL,AGL,CE,Federal Contract Tower,0,17,1,2,20,0,15,32,6,53,0,32,33,8,73,164,6,170,243
08/10/2017,MWA,IL,AGL,CE,Federal Contract Tower,0,14,2,0,16,0,13,47,5,65,0,27,49,5,81,198,4,202,283
08/11/2017,MWA,IL,AGL,CE,Federal Contract Tower,0,15,1,0,16,0,7,11,0,18,0,22,12,0,34,40,0,40,74
08/12/2017,MWA,IL,AGL,CE,Federal Contract Tower,0,8,0,0,8,0,2,8,0,10,0,10,8,0,18,6,0,6,24
08/13/2017,MWA,IL,AGL,CE,Federal Contract Tower,0,9,2,0,11,0,8,10,0,18,0,17,12,0,29,0,0,0,29
08/14/2017,MWA,IL,AGL,CE,Federal Contract Tower,0,16,0,0,16,0,6,38,4,48,0,22,38,4,64,146,14,160,224
08/15/2017,MWA,IL,AGL,CE,Federal Contract Tower,0,17,2,1,20,0,6,22,8,36,0,23,24,9,56,108,0,108,164
08/16/2017,MWA,IL,AGL,CE,Federal Contract Tower,0,12,2,0,14,0,7,18,0,25,0,19,20,0,39,48,0,48,87
08/17/2017,MWA,IL,AGL,CE,Federal Contract Tower,0,16,0,0,16,0,5,24,0,29,0,21,24,0,45,86,0,86,131
08/18/2017,MWA,IL,AGL,CE,Federal Contract Tower,0,14,3,0,17,0,9,41,0,50,0,23,44,0,67,136,0,136,203
08/19/2017,MWA,IL,AGL,CE,Federal Contract Tower,0,10,1,0,11,0,5,8,1,14,0,15,9,1,25,28,0,28,53
08/20/2017,MWA,IL,AGL,CE,Federal Contract Tower,0,7,5,0,12,0,24,12,1,37,0,31,17,1,49,0,0,0,49
08/21/2017,MWA,IL,AGL,CE,Federal Contract Tower,0,105,100,0,205,0,68,285,0,353,0,173,385,0,558,0,0,0,558
08/22/2017,MWA,IL,AGL,CE,Federal Contract Tower,0,16,0,4,20,0,3,29,2,34,0,19,29,6,54,88,0,88,142
08/23/2017,MWA,IL,AGL,CE,Federal Contract Tower,0,14,2,5,21,0,10,35,2,47,0,24,37,7,68,98,12,110,178
08/24/2017,MWA,IL,AGL,CE,Federal Contract Tower,0,17,2,0,19,0,14,53,6,73,0,31,55,6,92,108,8,116,208
08/25/2017,MWA,IL,AGL,CE,Federal Contract Tower,0,12,1,1,14,0,1,45,1,47,0,13,46,2,61,146,0,146,207
08/26/2017,MWA,IL,AGL,CE,Federal Contract Tower,0,7,1,0,8,0,13,6,6,25,0,20,7,6,33,8,0,8,41
08/27/2017,MWA,IL,AGL,CE,Federal Contract Tower,0,5,1,0,6,0,3,6,0,9,0,8,7,0,15,2,12,14,29
08/28/2017,MWA,IL,AGL,CE,Federal Contract Tower,0,15,1,1,17,0,10,21,2,33,0,25,22,3,50,50,0,50,100
08/29/2017,MWA,IL,AGL,CE,Federal Contract Tower,0,18,1,0,19,0,12,29,2,43,0,30,30,2,62,26,0,26,88
08/30/2017,MWA,IL,AGL,CE,Federal Contract Tower,0,15,1,2,18,0,8,39,0,47,0,23,40,2,65,156,0,156,221
08/31/2017,MWA,IL,AGL,CE,Federal Contract Tower,0,11,2,2,15,0,14,18,0,32,0,25,20,2,47,58,0,58,105
09/01/2017,MWA,IL,AGL,CE,Federal Contract Tower,0,11,3,0,14,0,8,29,0,37,0,19,32,0,51,82,0,82,133
09/02/2017,MWA,IL,AGL,CE,Federal Contract Tower,0,7,0,0,7,0,41,75,12,128,0,48,75,12,135,32,0,32,167
09/03/2017,MWA,IL,AGL,CE,Federal Contract Tower,0,6,3,0,9,0,30,29,0,59,0,36,32,0,68,72,0,72,140
09/04/2017,MWA,IL,AGL,CE,Federal Contract Tower,0,11,1,0,12,0,7,10,0,17,0,18,11,0,29,16,0,16,45
09/05/2017,MWA,IL,AGL,CE,Federal Contract Tower,0,15,1,0,16,0,3,22,8,33,0,18,23,8,49,42,12,54,103
09/06/2017,MWA,IL,AGL,CE,Federal Contract Tower,0,11,1,1,13,0,11,25,6,42,0,22,26,7,55,60,0,60,115
09/07/2017,MWA,IL,AGL,CE,Federal Contract Tower,0,15,7,1,23,0,9,24,0,33,0,24,31,1,56,80,0,80,136
09/08/2017,MWA,IL,AGL,CE,Federal Contract Tower,0,12,0,1,13,0,7,43,0,50,0,19,43,1,63,94,0,94,157
09/09/2017,MWA,IL,AGL,CE,Federal Contract Tower,0,10,0,0,10,0,6,15,0,21,0,16,15,0,31,30,0,30,61
09/10/2017,MWA,IL,AGL,CE,Federal Contract Tower,0,10,1,0,11,0,10,15,0,25,0,20,16,0,36,12,0,12,48
09/11/2017,MWA,IL,AGL,CE,Federal Contract Tower,0,9,0,0,9,0,18,45,0,63,0,27,45,0,72,136,0,136,208
09/12/2017,MWA,IL,AGL,CE,Federal Contract Tower,0,14,3,0,17,0,3,0,0,3,0,17,3,0,20,2,0,2,22
09/13/2017,MWA,IL,AGL,CE,Federal Contract Tower,0,16,2,0,18,0,4,2,0,6,0,20,4,0,24,22,0,22,46
09/14/2017,MWA,IL,AGL,CE,Federal Contract Tower,0,11,1,0,12,0,9,33,0,42,0,20,34,0,54,136,0,136,190
09/15/2017,MWA,IL,AGL,CE,Federal Contract Tower,0,15,3,7,25,0,20,46,5,71,0,35,49,12,96,110,8,118,214
09/16/2017,MWA,IL,AGL,CE,Federal Contract Tower,0,10,2,0,12,0,8,21,0,29,0,18,23,0,41,32,0,32,73
09/17/2017,MWA,IL,AGL,CE,Federal Contract Tower,0,5,0,0,5,0,1,12,0,13,0,6,12,0,18,10,0,10,28
09/18/2017,MWA,IL,AGL,CE,Federal Contract Tower,0,9,0,0,9,0,10,32,2,44,0,19,32,2,53,154,0,154,207
09/19/2017,MWA,IL,AGL,CE,Federal Contract Tower,0,7,2,2,11,0,16,34,0,50,0,23,36,2,61,118,0,118,179
09/20/2017,MWA,IL,AGL,CE,Federal Contract Tower,0,14,0,0,14,0,35,36,2,73,0,49,36,2,87,126,2,128,215
09/21/2017,MWA,IL,AGL,CE,Federal Contract Tower,0,8,5,0,13,0,27,38,0,65,0,35,43,0,78,92,0,92,170
09/22/2017,MWA,IL,AGL,CE,Federal Contract Tower,0,11,1,0,12,0,13,29,0,42,0,24,30,0,54,84,0,84,138
09/23/2017,MWA,IL,AGL,CE,Federal Contract Tower,0,4,4,1,9,0,13,30,0,43,0,17,34,1,52,68,0,68,120
09/24/2017,MWA,IL,AGL,CE,Federal Contract Tower,0,8,0,0,8,0,4,26,0,30,0,12,26,0,38,66,0,66,104
09/25/2017,MWA,IL,AGL,CE,Federal Contract Tower,0,11,0,0,11,0,12,35,0,47,0,23,35,0,58,98,0,98,156
09/26/2017,MWA,IL,AGL,CE,Federal Contract Tower,0,10,1,0,11,0,18,30,0,48,0,28,31,0,59,80,0,80,139
09/27/2017,MWA,IL,AGL,CE,Federal Contract Tower,0,16,2,0,18,0,26,20,0,46,0,42,22,0,64,70,0,70,134
09/28/2017,MWA,IL,AGL,CE,Federal Contract Tower,0,7,3,0,10,0,51,18,0,69,0,58,21,0,79,50,0,50,129
09/29/2017,MWA,IL,AGL,CE,Federal Contract Tower,0,14,2,0,16,0,17,32,0,49,0,31,34,0,65,76,0,76,141
09/30/2017,MWA,IL,AGL,CE,Federal Contract Tower,0,10,1,0,11,0,7,12,4,23,0,17,13,4,34,14,0,14,48
10/01/2017,MWA,IL,AGL,CE,Federal Contract Tower,0,11,0,0,11,0,3,2,0,5,0,14,2,0,16,12,0,12,28
10/02/2017,MWA,IL,AGL,CE,Federal Contract Tower,2,18,0,0,20,0,25,32,0,57,2,43,32,0,77,144,0,144,221
10/03/2017,MWA,IL,AGL,CE,Federal Contract Tower,0,10,2,0,12,0,10,13,0,23,0,20,15,0,35,60,0,60,95
10/04/2017,MWA,IL,AGL,CE,Federal Contract Tower,0,17,1,0,18,0,34,23,4,61,0,51,24,4,79,58,0,58,137
10/05/2017,MWA,IL,AGL,CE,Federal Contract Tower,0,11,1,0,12,0,15,31,0,46,0,26,32,0,58,112,0,112,170
10/06/2017,MWA,IL,AGL,CE,Federal Contract Tower,4,12,0,8,24,0,15,44,0,59,4,27,44,8,83,106,0,106,189
10/07/2017,MWA,IL,AGL,CE,Federal Contract Tower,0,8,1,0,9,0,1,1,0,2,0,9,2,0,11,2,0,2,13
10/08/2017,MWA,IL,AGL,CE,Federal Contract Tower,1,10,4,0,15,0,4,1,0,5,1,14,5,0,20,20,0,20,40
10/09/2017,MWA,IL,AGL,CE,Federal Contract Tower,0,13,0,0,13,0,5,10,0,15,0,18,10,0,28,56,0,56,84
10/10/2017,MWA,IL,AGL,CE,Federal Contract Tower,0,21,1,0,22,0,1,21,0,22,0,22,22,0,44,130,0,130,174
10/11/2017,MWA,IL,AGL,CE,Federal Contract Tower,0,18,4,0,22,0,7,14,3,24,0,25,18,3,46,60,12,72,118
10/12/2017,MWA,IL,AGL,CE,Federal Contract Tower,0,18,11,0,29,0,7,17,0,24,0,25,28,0,53,76,0,76,129
10/13/2017,MWA,IL,AGL,CE,Federal Contract Tower,0,13,0,0,13,0,19,36,2,57,0,32,36,2,70,142,0,142,212
10/14/2017,MWA,IL,AGL,CE,Federal Contract Tower,0,7,0,0,7,0,9,26,2,37,0,16,26,2,44,76,0,76,120
10/15/2017,MWA,IL,AGL,CE,Federal Contract Tower,0,7,5,0,12,0,2,5,0,7,0,9,10,0,19,8,0,8,27
10/16/2017,MWA,IL,AGL,CE,Federal Contract Tower,0,13,3,0,16,0,26,23,0,49,0,39,26,0,65,120,0,120,185
10/17/2017,MWA,IL,AGL,CE,Federal Contract Tower,0,11,2,0,13,0,15,40,0,55,0,26,42,0,68,150,0,150,218
10/18/2017,MWA,IL,AGL,CE,Federal Contract Tower,0,6,0,0,6,0,16,34,0,50,0,22,34,0,56,144,0,144,200
10/19/2017,MWA,IL,AGL,CE,Federal Contract Tower,0,12,0,0,12,0,22,50,2,74,0,34,50,2,86,230,0,230,316
10/20/2017,MWA,IL,AGL,CE,Federal Contract Tower,0,9,1,0,10,0,14,27,0,41,0,23,28,0,51,176,0,176,227
10/21/2017,MWA,IL,AGL,CE,Federal Contract Tower,0,7,0,6,13,0,1,10,2,13,0,8,10,8,26,32,0,32,58
10/22/2017,MWA,IL,AGL,CE,Federal Contract Tower,0,8,1,0,9,0,0,0,0,0,0,8,1,0,9,0,0,0,9
10/23/2017,MWA,IL,AGL,CE,Federal Contract Tower,0,13,1,0,14,0,10,22,0,32,0,23,23,0,46,136,0,136,182
10/24/2017,MWA,IL,AGL,CE,Federal Contract Tower,0,12,0,0,12,0,4,12,0,16,0,16,12,0,28,30,0,30,58
10/25/2017,MWA,IL,AGL,CE,Federal Contract Tower,0,8,2,0,10,0,21,36,0,57,0,29,38,0,67,126,0,126,193
10/26/2017,MWA,IL,AGL,CE,Federal Contract Tower,0,11,0,1,12,0,11,25,0,36,0,22,25,1,48,38,0,38,86
10/27/2017,MWA,IL,AGL,CE,Federal Contract Tower,1,15,0,0,16,0,4,4,0,8,1,19,4,0,24,26,0,26,50
10/28/2017,MWA,IL,AGL,CE,Federal Contract Tower,0,8,1,0,9,0,7,11,0,18,0,15,12,0,27,64,0,64,91
10/29/2017,MWA,IL,AGL,CE,Federal Contract Tower,0,15,1,0,16,0,3,14,0,17,0,18,15,0,33,4,0,4,37
10/30/2017,MWA,IL,AGL,CE,Federal Contract Tower,0,11,0,0,11,0,7,40,0,47,0,18,40,0,58,134,0,134,192
10/31/2017,MWA,IL,AGL,CE,Federal Contract Tower,0,3,3,0,6,0,27,19,0,46,0,30,22,0,52,176,0,176,228
11/01/2017,MWA,IL,AGL,CE,Federal Contract Tower,0,11,0,0,11,0,0,0,0,0,0,11,0,0,11,0,0,0,11
11/02/2017,MWA,IL,AGL,CE,Federal Contract Tower,0,18,4,1,23,0,6,1,0,7,0,24,5,1,30,18,0,18,48
11/03/2017,MWA,IL,AGL,CE,Federal Contract Tower,0,9,6,0,15,0,15,20,1,36,0,24,26,1,51,100,0,100,151
11/04/2017,MWA,IL,AGL,CE,Federal Contract Tower,0,10,2,5,17,0,0,6,1,7,0,10,8,6,24,20,0,20,44
11/05/2017,MWA,IL,AGL,CE,Federal Contract Tower,0,13,3,0,16,0,0,2,0,2,0,13,5,0,18,22,0,22,40
11/06/2017,MWA,IL,AGL,CE,Federal Contract Tower,0,16,3,0,19,0,3,17,0,20,0,19,20,0,39,202,0,202,241
11/07/2017,MWA,IL,AGL,CE,Federal Contract Tower,0,11,3,2,16,0,4,3,0,7,0,15,6,2,23,0,0,0,23
11/08/2017,MWA,IL,AGL,CE,Federal Contract Tower,0,10,1,0,11,0,30,32,0,62,0,40,33,0,73,76,0,76,149
11/09/2017,MWA,IL,AGL,CE,Federal Contract Tower,0,13,2,0,15,0,20,32,2,54,0,33,34,2,69,98,0,98,167
11/10/2017,MWA,IL,AGL,CE,Federal Contract Tower,2,11,2,0,15,0,4,53,0,57,2,15,55,0,72,170,0,170,242
11/11/2017,MWA,IL,AGL,CE,Federal Contract Tower,2,8,0,0,10,0,3,37,0,40,2,11,37,0,50,46,0,46,96
11/12/2017,MWA,IL,AGL,CE,Federal Contract Tower,0,9,0,0,9,0,10,1,2,13,0,19,1,2,22,14,0,14,36
11/13/2017,MWA,IL,AGL,CE,Federal Contract Tower,0,7,0,0,7,0,24,38,0,62,0,31,38,0,69,192,0,192,261
11/14/2017,MWA,IL,AGL,CE,Federal Contract Tower,0,15,0,0,15,0,18,38,0,56,0,33,38,0,71,70,0,70,141
11/15/2017,MWA,IL,AGL,CE,Federal Contract Tower,0,19,0,0,19,0,2,2,0,4,0,21,2,0,23,0,0,0,23
11/16/2017,MWA,IL,AGL,CE,Federal Contract Tower,0,12,5,0,17,0,11,25,0,36,0,23,30,0,53,214,0,214,267
11/17/2017,MWA,IL,AGL,CE,Federal Contract Tower,0,12,2,0,14,0,1,22,0,23,0,13,24,0,37,82,0,82,119
11/18/2017,MWA,IL,AGL,CE,Federal Contract Tower,0,12,2,0,14,0,0,0,0,0,0,12,2,0,14,0,0,0,14
11/19/2017,MWA,IL,AGL,CE,Federal Contract Tower,0,7,2,0,9,0,8,9,0,17,0,15,11,0,26,40,0,40,66
11/20/2017,MWA,IL,AGL,CE,Federal Contract Tower,0,5,1,0,6,0,27,21,0,48,0,32,22,0,54,108,0,108,162
11/21/2017,MWA,IL,AGL,CE,Federal Contract Tower,0,10,0,1,11,0,21,22,2,45,0,31,22,3,56,136,0,136,192
11/22/2017,MWA,IL,AGL,CE,Federal Contract Tower,0,5,3,0,8,0,10,42,0,52,0,15,45,0,60,144,0,144,204
11/23/2017,MWA,IL,AGL,CE,Federal Contract Tower,0,8,2,0,10,0,2,21,0,23,0,10,23,0,33,28,0,28,61
11/24/2017,MWA,IL,AGL,CE,Federal Contract Tower,0,9,2,0,11,0,10,21,0,31,0,19,23,0,42,88,0,88,130
11/25/2017,MWA,IL,AGL,CE,Federal Contract Tower,0,3,1,0,4,0,18,17,0,35,0,21,18,0,39,16,0,16,55
11/26/2017,MWA,IL,AGL,CE,Federal Contract Tower,0,7,1,0,8,0,14,8,0,22,0,21,9,0,30,4,0,4,34
11/27/2017,MWA,IL,AGL,CE,Federal Contract Tower,0,5,0,0,5,0,33,22,0,55,0,38,22,0,60,116,0,116,176
11/28/2017,MWA,IL,AGL,CE,Federal Contract Tower,0,5,0,1,6,0,14,36,0,50,0,19,36,1,56,88,0,88,144
11/29/2017,MWA,IL,AGL,CE,Federal Contract Tower,0,16,5,1,22,0,16,41,2,59,0,32,46,3,81,184,0,184,265
11/30/2017,MWA,IL,AGL,CE,Federal Contract Tower,0,15,0,0,15,0,21,17,0,38,0,36,17,0,53,142,0,142,195
12/01/2017,MWA,IL,AGL,CE,Federal Contract Tower,0,10,3,0,13,0,22,33,0,55,0,32,36,0,68,150,0,150,218
12/02/2017,MWA,IL,AGL,CE,Federal Contract Tower,0,7,1,1,9,0,27,16,4,47,0,34,17,5,56,38,0,38,94
12/03/2017,MWA,IL,AGL,CE,Federal Contract Tower,0,5,0,0,5,0,14,13,0,27,0,19,13,0,32,26,0,26,58
12/04/2017,MWA,IL,AGL,CE,Federal Contract Tower,0,11,0,2,13,0,4,7,0,11,0,15,7,2,24,18,0,18,42
12/05/2017,MWA,IL,AGL,CE,Federal Contract Tower,0,14,0,0,14,0,19,0,0,19,0,33,0,0,33,62,0,62,95
12/06/2017,MWA,IL,AGL,CE,Federal Contract Tower,0,11,1,0,12,0,24,25,0,49,0,35,26,0,61,90,0,90,151
12/07/2017,MWA,IL,AGL,CE,Federal Contract Tower,0,15,0,0,15,0,11,14,0,25,0,26,14,0,40,82,0,82,122
12/08/2017,MWA,IL,AGL,CE,Federal Contract Tower,0,11,1,0,12,0,29,21,0,50,0,40,22,0,62,50,0,50,112
12/09/2017,MWA,IL,AGL,CE,Federal Contract Tower,0,6,0,0,6,0,1,0,0,1,0,7,0,0,7,0,0,0,7
12/10/2017,MWA,IL,AGL,CE,Federal Contract Tower,0,6,1,0,7,0,3,10,0,13,0,9,11,0,20,4,0,4,24
12/11/2017,MWA,IL,AGL,CE,Federal Contract Tower,0,11,2,4,17,0,8,10,3,21,0,19,12,7,38,20,6,26,64
12/12/2017,MWA,IL,AGL,CE,Federal Contract Tower,0,6,3,0,9,0,12,7,0,19,0,18,10,0,28,48,0,48,76
12/13/2017,MWA,IL,AGL,CE,Federal Contract Tower,0,15,2,0,17,0,15,34,0,49,0,30,36,0,66,108,0,108,174
12/14/2017,MWA,IL,AGL,CE,Federal Contract Tower,0,15,1,0,16,0,10,21,3,34,0,25,22,3,50,144,0,144,194
12/15/2017,MWA,IL,AGL,CE,Federal Contract Tower,0,13,3,0,16,0,9,30,0,39,0,22,33,0,55,112,0,112,167
12/16/2017,MWA,IL,AGL,CE,Federal Contract Tower,0,7,2,0,9,0,5,2,6,13,0,12,4,6,22,4,0,4,26
12/17/2017,MWA,IL,AGL,CE,Federal Contract Tower,0,8,1,0,9,0,1,0,0,1,0,9,1,0,10,0,0,0,10
12/18/2017,MWA,IL,AGL,CE,Federal Contract Tower,0,10,6,0,16,0,0,2,0,2,0,10,8,0,18,4,0,4,22
12/19/2017,MWA,IL,AGL,CE,Federal Contract Tower,0,22,7,3,32,0,2,0,0,2,0,24,7,3,34,0,0,0,34
12/20/2017,MWA,IL,AGL,CE,Federal Contract Tower,0,8,0,0,8,0,20,31,0,51,0,28,31,0,59,88,0,88,147
12/21/2017,MWA,IL,AGL,CE,Federal Contract Tower,0,15,4,0,19,0,3,24,0,27,0,18,28,0,46,130,0,130,176
12/22/2017,MWA,IL,AGL,CE,Federal Contract Tower,0,14,5,0,19,0,0,0,0,0,0,14,5,0,19,0,0,0,19
12/23/2017,MWA,IL,AGL,CE,Federal Contract Tower,0,10,2,0,12,0,1,0,0,1,0,11,2,0,13,0,0,0,13
12/24/2017,MWA,IL,AGL,CE,Federal Contract Tower,0,5,1,0,6,0,0,0,0,0,0,5,1,0,6,0,0,0,6
12/25/2017,MWA,IL,AGL,CE,Federal Contract Tower,0,4,0,0,4,0,2,4,0,6,0,6,4,0,10,8,0,8,18
12/26/2017,MWA,IL,AGL,CE,Federal Contract Tower,0,11,0,0,11,0,2,9,0,11,0,13,9,0,22,154,0,154,176
12/27/2017,MWA,IL,AGL,CE,Federal Contract Tower,2,7,0,0,9,0,10,33,0,43,2,17,33,0,52,40,0,40,92
12/28/2017,MWA,IL,AGL,CE,Federal Contract Tower,0,10,3,1,14,0,5,26,0,31,0,15,29,1,45,52,0,52,97
12/29/2017,MWA,IL,AGL,CE,Federal Contract Tower,0,10,1,0,11,0,6,23,0,29,0,16,24,0,40,124,0,124,164
12/30/2017,MWA,IL,AGL,CE,Federal Contract Tower,0,10,2,0,12,0,7,4,0,11,0,17,6,0,23,16,0,16,39
12/31/2017,MWA,IL,AGL,CE,Federal Contract Tower,0,7,0,0,7,0,2,0,0,2,0,9,0,0,9,0,0,0,9
01/01/2018,MWA,IL,AGL,CE,Federal Contract Tower,0,11,1,0,12,0,16,4,0,20,0,27,5,0,32,2,0,2,34
01/02/2018,MWA,IL,AGL,CE,Federal Contract Tower,0,7,0,0,7,0,12,18,0,30,0,19,18,0,37,50,0,50,87
01/03/2018,MWA,IL,AGL,CE,Federal Contract Tower,0,12,1,0,13,0,1,21,2,24,0,13,22,2,37,56,6,62,99
01/04/2018,MWA,IL,AGL,CE,Federal Contract Tower,0,7,0,0,7,0,11,24,4,39,0,18,24,4,46,108,0,108,154
01/05/2018,MWA,IL,AGL,CE,Federal Contract Tower,0,10,0,0,10,0,2,16,0,18,0,12,16,0,28,6,0,6,34
01/06/2018,MWA,IL,AGL,CE,Federal Contract Tower,0,11,1,0,12,0,8,9,0,17,0,19,10,0,29,6,0,6,35
01/07/2018,MWA,IL,AGL,CE,Federal Contract Tower,0,6,0,0,6,0,0,2,0,2,0,6,2,0,8,0,0,0,8
01/08/2018,MWA,IL,AGL,CE,Federal Contract Tower,0,12,0,0,12,0,0,0,0,0,0,12,0,0,12,0,0,0,12
01/09/2018,MWA,IL,AGL,CE,Federal Contract Tower,0,11,0,0,11,0,0,0,0,0,0,11,0,0,11,0,0,0,11
01/10/2018,MWA,IL,AGL,CE,Federal Contract Tower,0,14,1,6,21,0,0,0,0,0,0,14,1,6,21,0,0,0,21
01/11/2018,MWA,IL,AGL,CE,Federal Contract Tower,0,15,0,0,15,0,1,0,0,1,0,16,0,0,16,0,0,0,16
01/12/2018,MWA,IL,AGL,CE,Federal Contract Tower,0,11,0,0,11,0,0,0,0,0,0,11,0,0,11,0,0,0,11
01/13/2018,MWA,IL,AGL,CE,Federal Contract Tower,0,10,0,0,10,0,1,5,4,10,0,11,5,4,20,8,0,8,28
01/14/2018,MWA,IL,AGL,CE,Federal Contract Tower,0,6,1,0,7,0,8,6,0,14,0,14,7,0,21,0,0,0,21
01/15/2018,MWA,IL,AGL,CE,Federal Contract Tower,0,12,0,0,12,0,0,0,0,0,0,12,0,0,12,0,0,0,12
01/16/2018,MWA,IL,AGL,CE,Federal Contract Tower,2,11,1,0,14,0,3,0,4,7,2,14,1,4,21,6,0,6,27
01/17/2018,MWA,IL,AGL,CE,Federal Contract Tower,0,12,1,0,13,0,5,17,10,32,0,17,18,10,45,38,0,38,83
01/18/2018,MWA,IL,AGL,CE,Federal Contract Tower,0,13,3,0,16,0,6,14,0,20,0,19,17,0,36,68,0,68,104
01/19/2018,MWA,IL,AGL,CE,Federal Contract Tower,0,14,0,2,16,0,13,19,0,32,0,27,19,2,48,34,0,34,82
01/20/2018,MWA,IL,AGL,CE,Federal Contract Tower,0,8,1,0,9,0,7,6,1,14,0,15,7,1,23,22,0,22,45
01/21/2018,MWA,IL,AGL,CE,Federal Contract Tower,0,6,0,0,6,0,0,0,0,0,0,6,0,0,6,0,0,0,6
01/22/2018,MWA,IL,AGL,CE,Federal Contract Tower,0,14,1,0,15,0,4,0,0,4,0,18,1,0,19,0,0,0,19
01/23/2018,MWA,IL,AGL,CE,Federal Contract Tower,0,13,0,0,13,0,14,4,2,20,0,27,4,2,33,14,0,14,47
01/24/2018,MWA,IL,AGL,CE,Federal Contract Tower,0,11,1,0,12,0,27,19,0,46,0,38,20,0,58,56,0,56,114
01/25/2018,MWA,IL,AGL,CE,Federal Contract Tower,0,7,0,0,7,0,19,25,0,44,0,26,25,0,51,132,0,132,183
01/26/2018,MWA,IL,AGL,CE,Federal Contract Tower,0,7,0,4,11,0,6,6,0,12,0,13,6,4,23,26,20,46,69
01/27/2018,MWA,IL,AGL,CE,Federal Contract Tower,0,8,0,2,10,0,0,0,0,0,0,8,0,2,10,0,0,0,10
01/28/2018,MWA,IL,AGL,CE,Federal Contract Tower,0,7,0,0,7,0,14,22,0,36,0,21,22,0,43,28,0,28,71
01/29/2018,MWA,IL,AGL,CE,Federal Contract Tower,0,13,0,0,13,0,5,2,0,7,0,18,2,0,20,14,0,14,34
01/30/2018,MWA,IL,AGL,CE,Federal Contract Tower,0,8,0,0,8,0,16,34,0,50,0,24,34,0,58,104,0,104,162
01/31/2018,MWA,IL,AGL,CE,Federal Contract Tower,0,8,0,0,8,0,12,8,2,22,0,20,8,2,30,34,0,34,64
02/01/2018,MWA,IL,AGL,CE,Federal Contract Tower,0,11,0,0,11,0,6,4,0,10,0,17,4,0,21,2,0,2,23
02/02/2018,MWA,IL,AGL,CE,Federal Contract Tower,0,6,3,2,11,0,19,31,4,54,0,25,34,6,65,118,0,118,183
02/03/2018,MWA,IL,AGL,CE,Federal Contract Tower,0,8,3,0,11,0,3,2,0,5,0,11,5,0,16,6,0,6,22
02/04/2018,MWA,IL,AGL,CE,Federal Contract Tower,0,10,0,0,10,0,0,2,0,2,0,10,2,0,12,6,0,6,18
02/05/2018,MWA,IL,AGL,CE,Federal Contract Tower,0,12,0,2,14,0,23,19,3,45,0,35,19,5,59,82,0,82,141
02/06/2018,MWA,IL,AGL,CE,Federal Contract Tower,0,16,4,0,20,0,5,4,2,11,0,21,8,2,31,10,0,10,41
02/07/2018,MWA,IL,AGL,CE,Federal Contract Tower,0,11,0,0,11,0,6,6,10,22,0,17,6,10,33,40,0,40,73
02/08/2018,MWA,IL,AGL,CE,Federal Contract Tower,0,9,1,0,10,0,18,25,0,43,0,27,26,0,53,94,0,94,147
02/09/2018,MWA,IL,AGL,CE,Federal Contract Tower,0,11,2,0,13,0,10,12,2,24,0,21,14,2,37,30,6,36,73
02/10/2018,MWA,IL,AGL,CE,Federal Contract Tower,2,7,2,0,11,0,0,0,0,0,2,7,2,0,11,0,0,0,11
02/11/2018,MWA,IL,AGL,CE,Federal Contract Tower,0,2,1,0,3,0,0,0,0,0,0,2,1,0,3,0,0,0,3
02/12/2018,MWA,IL,AGL,CE,Federal Contract Tower,0,12,1,1,14,0,10,2,0,12,0,22,3,1,26,28,0,28,54
02/13/2018,MWA,IL,AGL,CE,Federal Contract Tower,0,14,0,0,14,0,7,10,3,20,0,21,10,3,34,10,0,10,44
02/14/2018,MWA,IL,AGL,CE,Federal Contract Tower,0,13,0,0,13,0,0,0,0,0,0,13,0,0,13,0,0,0,13
02/15/2018,MWA,IL,AGL,CE,Federal Contract Tower,0,11,3,0,14,0,8,4,0,12,0,19,7,0,26,12,0,12,38
02/16/2018,MWA,IL,AGL,CE,Federal Contract Tower,0,16,0,0,16,0,1,1,0,2,0,17,1,0,18,0,0,0,18
02/17/2018,MWA,IL,AGL,CE,Federal Contract Tower,0,8,0,0,8,0,1,0,1,2,0,9,0,1,10,0,0,0,10
02/18/2018,MWA,IL,AGL,CE,Federal Contract Tower,0,9,0,1,10,0,8,13,1,22,0,17,13,2,32,40,0,40,72
02/19/2018,MWA,IL,AGL,CE,Federal Contract Tower,0,16,2,0,18,0,7,0,0,7,0,23,2,0,25,10,0,10,35
02/20/2018,MWA,IL,AGL,CE,Federal Contract Tower,0,10,2,0,12,0,0,0,0,0,0,10,2,0,12,0,0,0,12
02/21/2018,MWA,IL,AGL,CE,Federal Contract Tower,0,12,0,0,12,0,0,0,0,0,0,12,0,0,12,0,0,0,12
02/22/2018,MWA,IL,AGL,CE,Federal Contract Tower,0,14,3,1,18,0,0,0,0,0,0,14,3,1,18,0,0,0,18
02/23/2018,MWA,IL,AGL,CE,Federal Contract Tower,0,10,2,0,12,0,5,0,0,5,0,15,2,0,17,0,0,0,17
02/24/2018,MWA,IL,AGL,CE,Federal Contract Tower,0,0,0,0,0,0,0,0,0,0,0,0,0,0,0,0,0,0,0
02/25/2018,MWA,IL,AGL,CE,Federal Contract Tower,0,6,3,0,9,0,17,16,0,33,0,23,19,0,42,74,0,74,116
02/26/2018,MWA,IL,AGL,CE,Federal Contract Tower,0,13,1,0,14,0,23,20,0,43,0,36,21,0,57,124,0,124,181
02/27/2018,MWA,IL,AGL,CE,Federal Contract Tower,0,13,0,1,14,0,18,60,0,78,0,31,60,1,92,142,0,142,234
02/28/2018,MWA,IL,AGL,CE,Federal Contract Tower,0,16,2,0,18,0,0,0,0,0,0,16,2,0,18,0,0,0,18
03/01/2018,MWA,IL,AGL,CE,Federal Contract Tower,0,22,0,0,22,0,9,1,0,10,0,31,1,0,32,12,0,12,44
03/02/2018,MWA,IL,AGL,CE,Federal Contract Tower,0,8,1,0,9,0,60,12,0,72,0,68,13,0,81,74,0,74,155
03/03/2018,MWA,IL,AGL,CE,Federal Contract Tower,0,6,5,0,11,0,29,20,6,55,0,35,25,6,66,20,1,21,87
03/04/2018,MWA,IL,AGL,CE,Federal Contract Tower,0,6,4,0,10,0,4,11,10,25,0,10,15,10,35,66,0,66,101
03/05/2018,MWA,IL,AGL,CE,Federal Contract Tower,0,11,0,2,13,0,0,0,0,0,0,11,0,2,13,0,0,0,13
03/06/2018,MWA,IL,AGL,CE,Federal Contract Tower,0,15,0,0,15,0,29,12,2,43,0,44,12,2,58,66,0,66,124
03/07/2018,MWA,IL,AGL,CE,Federal Contract Tower,0,17,1,0,18,0,30,5,0,35,0,47,6,0,53,32,0,32,85
03/08/2018,MWA,IL,AGL,CE,Federal Contract Tower,0,9,0,0,9,0,29,15,0,44,0,38,15,0,53,34,0,34,87
03/09/2018,MWA,IL,AGL,CE,Federal Contract Tower,0,11,1,0,12,0,27,13,0,40,0,38,14,0,52,16,0,16,68
03/10/2018,MWA,IL,AGL,CE,Federal Contract Tower,0,9,3,0,12,0,0,9,0,9,0,9,12,0,21,12,0,12,33
03/11/2018,MWA,IL,AGL,CE,Federal Contract Tower,0,7,0,0,7,0,1,0,0,1,0,8,0,0,8,0,0,0,8
03/12/2018,MWA,IL,AGL,CE,Federal Contract Tower,0,18,0,0,18,0,3,8,0,11,0,21,8,0,29,6,0,6,35
03/13/2018,MWA,IL,AGL,CE,Federal Contract Tower,0,15,2,0,17,0,6,3,2,11,0,21,5,2,28,0,12,12,40
03/14/2018,MWA,IL,AGL,CE,Federal Contract Tower,0,8,0,0,8,0,4,8,1,13,0,12,8,1,21,6,0,6,27
03/15/2018,MWA,IL,AGL,CE,Federal Contract Tower,0,11,5,0,16,0,13,13,0,26,0,24,18,0,42,12,0,12,54
03/16/2018,MWA,IL,AGL,CE,Federal Contract Tower,0,9,1,2,12,0,14,3,2,19,0,23,4,4,31,28,6,34,65
03/17/2018,MWA,IL,AGL,CE,Federal Contract Tower,0,8,1,0,9,0,6,4,0,10,0,14,5,0,19,6,0,6,25
03/18/2018,MWA,IL,AGL,CE,Federal Contract Tower,0,10,2,2,14,0,3,0,0,3,0,13,2,2,17,0,0,0,17
03/19/2018,MWA,IL,AGL,CE,Federal Contract Tower,0,8,1,0,9,0,2,0,0,2,0,10,1,0,11,0,0,0,11
03/20/2018,MWA,IL,AGL,CE,Federal Contract Tower,0,12,1,0,13,0,3,4,0,7,0,15,5,0,20,4,0,4,24
03/21/2018,MWA,IL,AGL,CE,Federal Contract Tower,0,12,0,0,12,0,16,18,0,34,0,28,18,0,46,16,0,16,62
03/22/2018,MWA,IL,AGL,CE,Federal Contract Tower,0,7,2,0,9,0,14,10,2,26,0,21,12,2,35,76,8,84,119
03/23/2018,MWA,IL,AGL,CE,Federal Contract Tower,0,11,2,0,13,0,9,9,0,18,0,20,11,0,31,52,0,52,83
03/24/2018,MWA,IL,AGL,CE,Federal Contract Tower,0,7,0,0,7,0,0,0,0,0,0,7,0,0,7,0,0,0,7
03/25/2018,MWA,IL,AGL,CE,Federal Contract Tower,0,5,2,0,7,0,1,1,4,6,0,6,3,4,13,16,10,26,39
03/26/2018,MWA,IL,AGL,CE,Federal Contract Tower,0,8,6,0,14,0,3,1,1,5,0,11,7,1,19,0,0,0,19
03/27/2018,MWA,IL,AGL,CE,Federal Contract Tower,0,10,0,3,13,0,0,0,0,0,0,10,0,3,13,0,0,0,13
03/28/2018,MWA,IL,AGL,CE,Federal Contract Tower,0,11,0,0,11,0,0,0,0,0,0,11,0,0,11,0,0,0,11
03/29/2018,MWA,IL,AGL,CE,Federal Contract Tower,0,13,1,0,14,0,0,0,0,0,0,13,1,0,14,0,0,0,14
03/30/2018,MWA,IL,AGL,CE,Federal Contract Tower,0,10,1,0,11,0,30,12,2,44,0,40,13,2,55,102,12,114,169
03/31/2018,MWA,IL,AGL,CE,Federal Contract Tower,0,5,0,0,5,0,4,7,0,11,0,9,7,0,16,14,4,18,34
04/01/2018,MWA,IL,AGL,CE,Federal Contract Tower,0,6,1,0,7,0,0,6,0,6,0,6,7,0,13,12,0,12,25
04/02/2018,MWA,IL,AGL,CE,Federal Contract Tower,0,13,1,0,14,0,0,0,0,0,0,13,1,0,14,0,0,0,14
04/03/2018,MWA,IL,AGL,CE,Federal Contract Tower,0,11,1,6,18,0,1,0,0,1,0,12,1,6,19,0,0,0,19
04/04/2018,MWA,IL,AGL,CE,Federal Contract Tower,0,12,1,0,13,0,22,23,0,45,0,34,24,0,58,90,0,90,148
04/05/2018,MWA,IL,AGL,CE,Federal Contract Tower,0,17,2,0,19,0,35,21,3,59,0,52,23,3,78,104,0,104,182
04/06/2018,MWA,IL,AGL,CE,Federal Contract Tower,0,12,0,0,12,0,22,15,0,37,0,34,15,0,49,88,0,88,137
04/07/2018,MWA,IL,AGL,CE,Federal Contract Tower,0,6,2,1,9,0,13,17,1,31,0,19,19,2,40,26,0,26,66
04/08/2018,MWA,IL,AGL,CE,Federal Contract Tower,0,14,2,0,16,0,2,8,2,12,0,16,10,2,28,30,10,40,68
04/09/2018,MWA,IL,AGL,CE,Federal Contract Tower,0,11,0,0,11,0,12,8,0,20,0,23,8,0,31,56,0,56,87
04/10/2018,MWA,IL,AGL,CE,Federal Contract Tower,0,11,2,0,13,0,22,14,1,37,0,33,16,1,50,78,0,78,128
04/11/2018,MWA,IL,AGL,CE,Federal Contract Tower,0,10,0,0,10,0,12,1,0,13,0,22,1,0,23,0,14,14,37
04/12/2018,MWA,IL,AGL,CE,Federal Contract Tower,0,7,4,0,11,0,8,9,0,17,0,15,13,0,28,0,0,0,28
04/13/2018,MWA,IL,AGL,CE,Federal Contract Tower,0,9,0,0,9,0,8,1,0,9,0,17,1,0,18,0,0,0,18
04/14/2018,MWA,IL,AGL,CE,Federal Contract Tower,0,4,1,0,5,0,3,1,0,4,0,7,2,0,9,0,0,0,9
04/15/2018,MWA,IL,AGL,CE,Federal Contract Tower,0,5,0,0,5,0,0,1,0,1,0,5,1,0,6,0,0,0,6
04/16/2018,MWA,IL,AGL,CE,Federal Contract Tower,0,13,0,0,13,0,13,0,0,13,0,26,0,0,26,12,0,12,38
04/17/2018,MWA,IL,AGL,CE,Federal Contract Tower,0,3,3,0,6,0,37,19,8,64,0,40,22,8,70,108,0,108,178
04/18/2018,MWA,IL,AGL,CE,Federal Contract Tower,0,12,3,0,15,0,16,12,0,28,0,28,15,0,43,58,0,58,101
04/19/2018,MWA,IL,AGL,CE,Federal Contract Tower,0,13,0,0,13,0,32,17,0,49,0,45,17,0,62,30,0,30,92
04/20/2018,MWA,IL,AGL,CE,Federal Contract Tower,0,8,1,0,9,0,22,6,3,31,0,30,7,3,40,30,0,30,70
04/21/2018,MWA,IL,AGL,CE,Federal Contract Tower,0,7,0,0,7,0,7,14,4,25,0,14,14,4,32,6,0,6,38
04/22/2018,MWA,IL,AGL,CE,Federal Contract Tower,2,5,3,0,10,0,5,2,0,7,2,10,5,0,17,6,0,6,23
04/23/2018,MWA,IL,AGL,CE,Federal Contract Tower,0,8,0,0,8,0,3,0,0,3,0,11,0,0,11,0,0,0,11
04/24/2018,MWA,IL,AGL,CE,Federal Contract Tower,0,18,4,4,26,0,5,1,2,8,0,23,5,6,34,0,0,0,34
04/25/2018,MWA,IL,AGL,CE,Federal Contract Tower,0,12,1,2,15,0,53,8,3,64,0,65,9,5,79,46,0,46,125
04/26/2018,MWA,IL,AGL,CE,Federal Contract Tower,0,10,3,0,13,0,25,19,0,44,0,35,22,0,57,36,0,36,93
04/27/2018,MWA,IL,AGL,CE,Federal Contract Tower,0,9,0,0,9,0,16,25,0,41,0,25,25,0,50,70,0,70,120
04/28/2018,MWA,IL,AGL,CE,Federal Contract Tower,0,8,0,0,8,0,2,10,10,22,0,10,10,10,30,0,0,0,30
04/29/2018,MWA,IL,AGL,CE,Federal Contract Tower,0,6,5,0,11,0,6,14,2,22,0,12,19,2,33,10,12,22,55
04/30/2018,MWA,IL,AGL,CE,Federal Contract Tower,0,14,2,0,16,0,18,9,2,29,0,32,11,2,45,50,2,52,97
05/01/2018,MWA,IL,AGL,CE,Federal Contract Tower,0,7,0,0,7,0,17,4,0,21,0,24,4,0,28,10,0,10,38
05/02/2018,MWA,IL,AGL,CE,Federal Contract Tower,0,13,0,0,13,0,11,4,0,15,0,24,4,0,28,6,0,6,34
05/03/2018,MWA,IL,AGL,CE,Federal Contract Tower,0,7,0,0,7,0,2,0,0,2,0,9,0,0,9,0,0,0,9
05/04/2018,MWA,IL,AGL,CE,Federal Contract Tower,0,9,2,0,11,0,5,2,0,7,0,14,4,0,18,6,0,6,24
05/05/2018,MWA,IL,AGL,CE,Federal Contract Tower,0,10,0,0,10,0,8,8,4,20,0,18,8,4,30,12,0,12,42
05/06/2018,MWA,IL,AGL,CE,Federal Contract Tower,0,5,3,1,9,0,19,5,4,28,0,24,8,5,37,56,0,56,93
05/07/2018,MWA,IL,AGL,CE,Federal Contract Tower,0,9,1,0,10,0,42,20,0,62,0,51,21,0,72,38,0,38,110
05/08/2018,MWA,IL,AGL,CE,Federal Contract Tower,0,7,0,0,7,0,20,8,0,28,0,27,8,0,35,32,0,32,67
05/09/2018,MWA,IL,AGL,CE,Federal Contract Tower,0,10,0,0,10,0,9,2,0,11,0,19,2,0,21,28,0,28,49
05/10/2018,MWA,IL,AGL,CE,Federal Contract Tower,0,7,3,0,10,0,10,23,2,35,0,17,26,2,45,74,0,74,119
05/11/2018,MWA,IL,AGL,CE,Federal Contract Tower,0,10,2,0,12,0,13,7,0,20,0,23,9,0,32,26,0,26,58
05/12/2018,MWA,IL,AGL,CE,Federal Contract Tower,0,8,1,1,10,0,6,4,4,14,0,14,5,5,24,0,8,8,32
05/13/2018,MWA,IL,AGL,CE,Federal Contract Tower,0,8,0,0,8,0,2,0,0,2,0,10,0,0,10,16,0,16,26
05/14/2018,MWA,IL,AGL,CE,Federal Contract Tower,0,5,2,0,7,0,9,8,4,21,0,14,10,4,28,12,0,12,40
05/15/2018,MWA,IL,AGL,CE,Federal Contract Tower,0,10,1,1,12,0,8,13,8,29,0,18,14,9,41,26,0,26,67
05/16/2018,MWA,IL,AGL,CE,Federal Contract Tower,0,14,0,0,14,0,1,2,0,3,0,15,2,0,17,4,0,4,21
05/17/2018,MWA,IL,AGL,CE,Federal Contract Tower,0,9,2,0,11,0,6,0,0,6,0,15,2,0,17,12,0,12,29
05/18/2018,MWA,IL,AGL,CE,Federal Contract Tower,0,15,0,0,15,0,4,0,0,4,0,19,0,0,19,0,0,0,19
05/19/2018,MWA,IL,AGL,CE,Federal Contract Tower,0,4,4,1,9,0,5,2,0,7,0,9,6,1,16,2,0,2,18
05/20/2018,MWA,IL,AGL,CE,Federal Contract Tower,0,10,0,0,10,0,15,0,0,15,0,25,0,0,25,0,0,0,25
05/21/2018,MWA,IL,AGL,CE,Federal Contract Tower,0,14,0,0,14,0,2,1,0,3,0,16,1,0,17,0,0,0,17
05/22/2018,MWA,IL,AGL,CE,Federal Contract Tower,0,17,0,0,17,0,17,15,0,32,0,34,15,0,49,98,0,98,147
05/23/2018,MWA,IL,AGL,CE,Federal Contract Tower,0,15,0,0,15,0,14,6,0,20,0,29,6,0,35,38,0,38,73
05/24/2018,MWA,IL,AGL,CE,Federal Contract Tower,0,10,0,0,10,0,13,13,3,29,0,23,13,3,39,96,8,104,143
05/25/2018,MWA,IL,AGL,CE,Federal Contract Tower,0,12,2,0,14,0,18,10,2,30,0,30,12,2,44,28,2,30,74
05/26/2018,MWA,IL,AGL,CE,Federal Contract Tower,0,9,1,0,10,0,8,7,8,23,0,17,8,8,33,18,2,20,53
05/27/2018,MWA,IL,AGL,CE,Federal Contract Tower,0,6,0,0,6,0,8,10,0,18,0,14,10,0,24,22,0,22,46
05/28/2018,MWA,IL,AGL,CE,Federal Contract Tower,0,10,2,0,12,0,4,8,0,12,0,14,10,0,24,30,0,30,54
05/29/2018,MWA,IL,AGL,CE,Federal Contract Tower,0,16,1,0,17,0,2,0,0,2,0,18,1,0,19,4,0,4,23
05/30/2018,MWA,IL,AGL,CE,Federal Contract Tower,0,17,1,0,18,0,1,1,4,6,0,18,2,4,24,0,4,4,28
05/31/2018,MWA,IL,AGL,CE,Federal Contract Tower,0,16,0,0,16,0,5,0,2,7,0,21,0,2,23,6,4,10,33
06/01/2018,MWA,IL,AGL,CE,Federal Contract Tower,0,14,1,0,15,0,22,9,3,34,0,36,10,3,49,24,0,24,73
06/02/2018,MWA,IL,AGL,CE,Federal Contract Tower,0,11,0,0,11,0,5,7,4,16,0,16,7,4,27,6,0,6,33
06/03/2018,MWA,IL,AGL,CE,Federal Contract Tower,0,13,2,0,15,0,4,6,3,13,0,17,8,3,28,6,0,6,34
06/04/2018,MWA,IL,AGL,CE,Federal Contract Tower,0,13,2,2,17,0,7,12,2,21,0,20,14,4,38,50,0,50,88
06/05/2018,MWA,IL,AGL,CE,Federal Contract Tower,0,8,0,1,9,0,17,18,3,38,0,25,18,4,47,40,0,40,87
06/06/2018,MWA,IL,AGL,CE,Federal Contract Tower,0,14,0,0,14,0,12,14,0,26,0,26,14,0,40,24,0,24,64
06/07/2018,MWA,IL,AGL,CE,Federal Contract Tower,0,7,1,1,9,0,14,13,8,35,0,21,14,9,44,26,14,40,84
06/08/2018,MWA,IL,AGL,CE,Federal Contract Tower,0,11,1,0,12,0,3,5,0,8,0,14,6,0,20,20,0,20,40
06/09/2018,MWA,IL,AGL,CE,Federal Contract Tower,0,8,0,0,8,0,3,5,0,8,0,11,5,0,16,12,0,12,28
06/10/2018,MWA,IL,AGL,CE,Federal Contract Tower,0,7,1,0,8,0,2,8,0,10,0,9,9,0,18,6,0,6,24
06/11/2018,MWA,IL,AGL,CE,Federal Contract Tower,0,12,0,0,12,0,6,4,2,12,0,18,4,2,24,8,0,8,32
06/12/2018,MWA,IL,AGL,CE,Federal Contract Tower,0,10,0,0,10,0,2,0,0,2,0,12,0,0,12,0,0,0,12
06/13/2018,MWA,IL,AGL,CE,Federal Contract Tower,0,11,2,0,13,0,15,12,0,27,0,26,14,0,40,40,0,40,80
06/14/2018,MWA,IL,AGL,CE,Federal Contract Tower,0,14,3,0,17,0,8,15,0,23,0,22,18,0,40,24,0,24,64
06/15/2018,MWA,IL,AGL,CE,Federal Contract Tower,0,13,4,0,17,0,8,3,3,14,0,21,7,3,31,10,0,10,41
06/16/2018,MWA,IL,AGL,CE,Federal Contract Tower,0,9,0,0,9,0,8,14,0,22,0,17,14,0,31,20,0,20,51
06/17/2018,MWA,IL,AGL,CE,Federal Contract Tower,0,8,1,0,9,0,8,5,0,13,0,16,6,0,22,4,0,4,26
06/18/2018,MWA,IL,AGL,CE,Federal Contract Tower,0,12,0,0,12,0,13,9,0,22,0,25,9,0,34,22,0,22,56
06/19/2018,MWA,IL,AGL,CE,Federal Contract Tower,0,12,1,0,13,0,18,2,4,24,0,30,3,4,37,24,0,24,61
06/20/2018,MWA,IL,AGL,CE,Federal Contract Tower,0,11,4,2,17,0,11,3,1,15,0,22,7,3,32,26,0,26,58
06/21/2018,MWA,IL,AGL,CE,Federal Contract Tower,0,10,0,1,11,0,3,3,0,6,0,13,3,1,17,0,0,0,17
06/22/2018,MWA,IL,AGL,CE,Federal Contract Tower,0,14,4,8,26,0,2,3,1,6,0,16,7,9,32,0,4,4,36
06/23/2018,MWA,IL,AGL,CE,Federal Contract Tower,0,8,3,1,12,0,10,3,4,17,0,18,6,5,29,28,0,28,57
06/24/2018,MWA,IL,AGL,CE,Federal Contract Tower,0,10,0,0,10,0,8,2,3,13,0,18,2,3,23,12,0,12,35
06/25/2018,MWA,IL,AGL,CE,Federal Contract Tower,0,14,5,0,19,0,8,4,0,12,0,22,9,0,31,10,0,10,41
06/26/2018,MWA,IL,AGL,CE,Federal Contract Tower,0,16,0,0,16,0,1,0,2,3,0,17,0,2,19,0,10,10,29
06/27/2018,MWA,IL,AGL,CE,Federal Contract Tower,0,16,1,0,17,0,7,5,0,12,0,23,6,0,29,10,0,10,39
06/28/2018,MWA,IL,AGL,CE,Federal Contract Tower,0,16,0,0,16,0,12,3,0,15,0,28,3,0,31,8,0,8,39
06/29/2018,MWA,IL,AGL,CE,Federal Contract Tower,0,17,1,0,18,0,19,5,3,27,0,36,6,3,45,48,0,48,93
06/30/2018,MWA,IL,AGL,CE,Federal Contract Tower,0,9,0,0,9,0,8,10,6,24,0,17,10,6,33,10,0,10,43
07/01/2018,MWA,IL,AGL,CE,Federal Contract Tower,0,10,2,1,13,0,10,6,0,16,0,20,8,1,29,14,0,14,43
07/02/2018,MWA,IL,AGL,CE,Federal Contract Tower,0,14,5,0,19,0,12,18,3,33,0,26,23,3,52,32,8,40,92
07/03/2018,MWA,IL,AGL,CE,Federal Contract Tower,0,12,1,0,13,0,18,2,4,24,0,30,3,4,37,46,10,56,93
07/04/2018,MWA,IL,AGL,CE,Federal Contract Tower,0,9,1,0,10,0,2,6,0,8,0,11,7,0,18,0,0,0,18
07/05/2018,MWA,IL,AGL,CE,Federal Contract Tower,0,11,0,0,11,0,21,5,4,30,0,32,5,4,41,52,12,64,105
07/06/2018,MWA,IL,AGL,CE,Federal Contract Tower,0,11,3,2,16,0,14,5,1,20,0,25,8,3,36,32,4,36,72
07/07/2018,MWA,IL,AGL,CE,Federal Contract Tower,0,7,1,0,8,0,19,9,0,28,0,26,10,0,36,14,0,14,50
07/08/2018,MWA,IL,AGL,CE,Federal Contract Tower,0,7,1,0,8,0,0,4,0,4,0,7,5,0,12,2,0,2,14
07/09/2018,MWA,IL,AGL,CE,Federal Contract Tower,0,11,5,0,16,0,4,14,0,18,0,15,19,0,34,16,0,16,50
07/10/2018,MWA,IL,AGL,CE,Federal Contract Tower,0,10,0,0,10,0,8,6,4,18,0,18,6,4,28,10,6,16,44
07/11/2018,MWA,IL,AGL,CE,Federal Contract Tower,0,1,11,1,13,0,21,2,0,23,0,22,13,1,36,24,0,24,60
07/12/2018,MWA,IL,AGL,CE,Federal Contract Tower,0,13,2,0,15,0,22,19,0,41,0,35,21,0,56,18,0,18,74
07/13/2018,MWA,IL,AGL,CE,Federal Contract Tower,0,8,1,0,9,0,29,9,3,41,0,37,10,3,50,26,0,26,76
07/14/2018,MWA,IL,AGL,CE,Federal Contract Tower,0,9,1,0,10,0,8,4,0,12,0,17,5,0,22,6,0,6,28
07/15/2018,MWA,IL,AGL,CE,Federal Contract Tower,0,12,2,0,14,0,4,2,0,6,0,16,4,0,20,4,0,4,24
07/16/2018,MWA,IL,AGL,CE,Federal Contract Tower,0,18,0,0,18,0,4,8,0,12,0,22,8,0,30,26,0,26,56
07/17/2018,MWA,IL,AGL,CE,Federal Contract Tower,0,11,1,0,12,0,10,5,1,16,0,21,6,1,28,0,0,0,28
07/18/2018,MWA,IL,AGL,CE,Federal Contract Tower,0,9,3,4,16,0,16,8,2,26,0,25,11,6,42,26,0,26,68
07/19/2018,MWA,IL,AGL,CE,Federal Contract Tower,0,8,2,0,10,0,19,6,2,27,0,27,8,2,37,18,0,18,55
07/20/2018,MWA,IL,AGL,CE,Federal Contract Tower,0,11,0,0,11,0,10,3,0,13,0,21,3,0,24,22,0,22,46
07/21/2018,MWA,IL,AGL,CE,Federal Contract Tower,0,10,4,2,16,0,12,12,2,26,0,22,16,4,42,10,0,10,52
07/22/2018,MWA,IL,AGL,CE,Federal Contract Tower,0,16,3,2,21,0,11,1,1,13,0,27,4,3,34,2,0,2,36
07/23/2018,MWA,IL,AGL,CE,Federal Contract Tower,0,10,2,0,12,0,9,5,0,14,0,19,7,0,26,24,0,24,50
07/24/2018,MWA,IL,AGL,CE,Federal Contract Tower,0,9,1,2,12,0,11,3,12,26,0,20,4,14,38,2,4,6,44
07/25/2018,MWA,IL,AGL,CE,Federal Contract Tower,0,14,4,0,18,0,21,17,2,40,0,35,21,2,58,30,0,30,88
07/26/2018,MWA,IL,AGL,CE,Federal Contract Tower,0,7,0,0,7,0,4,0,0,4,0,11,0,0,11,0,2,2,13
07/27/2018,MWA,IL,AGL,CE,Federal Contract Tower,0,9,2,0,11,0,7,2,2,11,0,16,4,2,22,20,0,20,42
07/28/2018,MWA,IL,AGL,CE,Federal Contract Tower,0,10,0,0,10,0,4,12,0,16,0,14,12,0,26,0,0,0,26
07/29/2018,MWA,IL,AGL,CE,Federal Contract Tower,0,6,3,0,9,0,9,7,0,16,0,15,10,0,25,16,0,16,41
07/30/2018,MWA,IL,AGL,CE,Federal Contract Tower,0,16,1,0,17,0,0,1,0,1,0,16,2,0,18,0,0,0,18
07/31/2018,MWA,IL,AGL,CE,Federal Contract Tower,0,11,1,0,12,0,3,4,2,9,0,14,5,2,21,0,4,4,25
08/01/2018,MWA,IL,AGL,CE,Federal Contract Tower,0,14,2,0,16,0,1,5,6,12,0,15,7,6,28,4,0,4,32
08/02/2018,MWA,IL,AGL,CE,Federal Contract Tower,0,11,2,2,15,0,9,16,11,36,0,20,18,13,51,40,0,40,91
08/03/2018,MWA,IL,AGL,CE,Federal Contract Tower,0,10,2,0,12,0,7,9,0,16,0,17,11,0,28,18,0,18,46
08/04/2018,MWA,IL,AGL,CE,Federal Contract Tower,0,15,3,0,18,0,12,11,0,23,0,27,14,0,41,8,0,8,49
08/05/2018,MWA,IL,AGL,CE,Federal Contract Tower,0,8,0,0,8,0,4,2,0,6,0,12,2,0,14,4,0,4,18
08/06/2018,MWA,IL,AGL,CE,Federal Contract Tower,0,9,0,0,9,0,15,1,0,16,0,24,1,0,25,18,0,18,43
08/07/2018,MWA,IL,AGL,CE,Federal Contract Tower,0,11,2,2,15,0,1,0,0,1,0,12,2,2,16,0,0,0,16
08/08/2018,MWA,IL,AGL,CE,Federal Contract Tower,0,20,1,0,21,0,8,5,1,14,0,28,6,1,35,34,0,34,69
08/09/2018,MWA,IL,AGL,CE,Federal Contract Tower,0,18,0,0,18,0,3,2,0,5,0,21,2,0,23,0,0,0,23
08/10/2018,MWA,IL,AGL,CE,Federal Contract Tower,0,8,0,0,8,0,8,1,4,13,0,16,1,4,21,14,4,18,39
08/11/2018,MWA,IL,AGL,CE,Federal Contract Tower,0,6,0,0,6,0,7,6,0,13,0,13,6,0,19,0,0,0,19
08/12/2018,MWA,IL,AGL,CE,Federal Contract Tower,0,7,3,0,10,0,6,7,0,13,0,13,10,0,23,6,0,6,29
08/13/2018,MWA,IL,AGL,CE,Federal Contract Tower,0,14,0,0,14,0,6,8,0,14,0,20,8,0,28,10,0,10,38
08/14/2018,MWA,IL,AGL,CE,Federal Contract Tower,0,13,0,0,13,0,2,2,0,4,0,15,2,0,17,0,0,0,17
08/15/2018,MWA,IL,AGL,CE,Federal Contract Tower,0,12,2,0,14,0,4,1,0,5,0,16,3,0,19,0,0,0,19
08/16/2018,MWA,IL,AGL,CE,Federal Contract Tower,0,14,1,0,15,0,7,0,0,7,0,21,1,0,22,0,0,0,22
08/17/2018,MWA,IL,AGL,CE,Federal Contract Tower,0,14,3,0,17,0,11,8,0,19,0,25,11,0,36,8,0,8,44
08/18/2018,MWA,IL,AGL,CE,Federal Contract Tower,0,9,3,0,12,0,5,0,0,5,0,14,3,0,17,2,0,2,19
08/19/2018,MWA,IL,AGL,CE,Federal Contract Tower,0,8,2,0,10,0,3,5,14,22,0,11,7,14,32,10,24,34,66
08/21/2018,MWA,IL,AGL,CE,Federal Contract Tower,0,9,1,0,10,0,5,1,2,8,0,14,2,2,18,24,4,28,46
08/22/2018,MWA,IL,AGL,CE,Federal Contract Tower,0,11,2,4,17,0,7,3,1,11,0,18,5,5,28,2,0,2,30
08/23/2018,MWA,IL,AGL,CE,Federal Contract Tower,0,12,2,0,14,0,9,15,0,24,0,21,17,0,38,12,0,12,50
08/24/2018,MWA,IL,AGL,CE,Federal Contract Tower,0,14,1,0,15,0,2,3,0,5,0,16,4,0,20,0,0,0,20
08/25/2018,MWA,IL,AGL,CE,Federal Contract Tower,0,6,5,0,11,0,3,5,3,11,0,9,10,3,22,0,4,4,26
08/26/2018,MWA,IL,AGL,CE,Federal Contract Tower,0,11,2,0,13,0,2,5,0,7,0,13,7,0,20,2,0,2,22
08/27/2018,MWA,IL,AGL,CE,Federal Contract Tower,0,12,0,0,12,0,9,15,2,26,0,21,15,2,38,10,6,16,54
08/28/2018,MWA,IL,AGL,CE,Federal Contract Tower,0,11,0,0,11,0,15,7,2,24,0,26,7,2,35,18,4,22,57
08/29/2018,MWA,IL,AGL,CE,Federal Contract Tower,0,12,1,0,13,0,6,3,0,9,0,18,4,0,22,4,0,4,26
08/30/2018,MWA,IL,AGL,CE,Federal Contract Tower,0,13,7,0,20,0,22,10,0,32,0,35,17,0,52,36,0,36,88
08/31/2018,MWA,IL,AGL,CE,Federal Contract Tower,0,11,1,1,13,0,6,8,2,16,0,17,9,3,29,28,6,34,63
09/01/2018,MWA,IL,AGL,CE,Federal Contract Tower,0,9,0,5,14,0,9,13,5,27,0,18,13,10,41,34,12,46,87
09/02/2018,MWA,IL,AGL,CE,Federal Contract Tower,0,7,0,0,7,0,8,3,0,11,0,15,3,0,18,12,0,12,30
09/03/2018,MWA,IL,AGL,CE,Federal Contract Tower,0,11,0,0,11,0,7,5,0,12,0,18,5,0,23,0,0,0,23
09/04/2018,MWA,IL,AGL,CE,Federal Contract Tower,0,7,0,0,7,0,11,12,3,26,0,18,12,3,33,10,6,16,49
09/05/2018,MWA,IL,AGL,CE,Federal Contract Tower,0,17,0,2,19,0,16,14,4,34,0,33,14,6,53,36,4,40,93
09/06/2018,MWA,IL,AGL,CE,Federal Contract Tower,0,13,0,2,15,0,8,7,0,15,0,21,7,2,30,54,0,54,84
09/07/2018,MWA,IL,AGL,CE,Federal Contract Tower,0,14,0,2,16,0,3,1,2,6,0,17,1,4,22,2,20,22,44
09/08/2018,MWA,IL,AGL,CE,Federal Contract Tower,0,7,0,0,7,0,0,0,0,0,0,7,0,0,7,0,0,0,7
09/09/2018,MWA,IL,AGL,CE,Federal Contract Tower,0,11,2,0,13,0,6,0,10,16,0,17,2,10,29,6,0,6,35
09/10/2018,MWA,IL,AGL,CE,Federal Contract Tower,0,11,2,0,13,0,23,9,2,34,0,34,11,2,47,66,4,70,117
09/11/2018,MWA,IL,AGL,CE,Federal Contract Tower,0,19,2,0,21,0,16,8,2,26,0,35,10,2,47,50,0,50,97
09/12/2018,MWA,IL,AGL,CE,Federal Contract Tower,0,10,1,1,12,0,8,9,2,19,0,18,10,3,31,52,2,54,85
09/13/2018,MWA,IL,AGL,CE,Federal Contract Tower,0,11,1,0,12,0,18,15,0,33,0,29,16,0,45,14,0,14,59
09/14/2018,MWA,IL,AGL,CE,Federal Contract Tower,0,11,4,0,15,0,13,6,0,19,0,24,10,0,34,48,0,48,82
09/15/2018,MWA,IL,AGL,CE,Federal Contract Tower,0,5,0,0,5,0,15,12,1,28,0,20,12,1,33,28,0,28,61
09/16/2018,MWA,IL,AGL,CE,Federal Contract Tower,0,6,0,0,6,0,9,6,2,17,0,15,6,2,23,2,0,2,25
09/17/2018,MWA,IL,AGL,CE,Federal Contract Tower,0,8,2,0,10,0,18,8,0,26,0,26,10,0,36,12,0,12,48
09/18/2018,MWA,IL,AGL,CE,Federal Contract Tower,0,11,0,0,11,0,8,0,2,10,0,19,0,2,21,16,0,16,37
09/19/2018,MWA,IL,AGL,CE,Federal Contract Tower,0,14,4,0,18,0,5,3,0,8,0,19,7,0,26,4,0,4,30
09/20/2018,MWA,IL,AGL,CE,Federal Contract Tower,0,11,0,0,11,0,16,8,1,25,0,27,8,1,36,68,0,68,104
09/21/2018,MWA,IL,AGL,CE,Federal Contract Tower,0,16,1,0,17,0,8,4,2,14,0,24,5,2,31,6,0,6,37
09/22/2018,MWA,IL,AGL,CE,Federal Contract Tower,0,7,3,5,15,0,0,0,1,1,0,7,3,6,16,0,2,2,18
09/23/2018,MWA,IL,AGL,CE,Federal Contract Tower,0,12,1,0,13,0,5,1,0,6,0,17,2,0,19,14,0,14,33
09/24/2018,MWA,IL,AGL,CE,Federal Contract Tower,0,12,2,0,14,0,2,0,0,2,0,14,2,0,16,4,0,4,20
09/25/2018,MWA,IL,AGL,CE,Federal Contract Tower,0,24,1,0,25,0,6,2,2,10,0,30,3,2,35,22,0,22,57
09/26/2018,MWA,IL,AGL,CE,Federal Contract Tower,0,14,0,0,14,0,18,4,0,22,0,32,4,0,36,18,0,18,54
09/27/2018,MWA,IL,AGL,CE,Federal Contract Tower,0,19,1,0,20,0,7,7,0,14,0,26,8,0,34,10,0,10,44
09/28/2018,MWA,IL,AGL,CE,Federal Contract Tower,1,15,1,0,17,0,28,15,2,45,1,43,16,2,62,22,0,22,84
09/29/2018,MWA,IL,AGL,CE,Federal Contract Tower,0,7,0,0,7,0,14,12,0,26,0,21,12,0,33,0,0,0,33
09/30/2018,MWA,IL,AGL,CE,Federal Contract Tower,0,20,3,0,23,0,7,14,0,21,0,27,17,0,44,66,0,66,110
10/01/2018,MWA,IL,AGL,CE,Federal Contract Tower,0,12,1,0,13,0,5,12,0,17,0,17,13,0,30,90,0,90,120
10/02/2018,MWA,IL,AGL,CE,Federal Contract Tower,0,9,3,0,12,0,11,4,3,18,0,20,7,3,30,36,6,42,72
10/03/2018,MWA,IL,AGL,CE,Federal Contract Tower,0,12,0,0,12,0,15,10,0,25,0,27,10,0,37,16,0,16,53
10/04/2018,MWA,IL,AGL,CE,Federal Contract Tower,0,13,8,0,21,0,6,3,2,11,0,19,11,2,32,20,0,20,52
10/05/2018,MWA,IL,AGL,CE,Federal Contract Tower,1,15,5,0,21,0,10,10,0,20,1,25,15,0,41,16,0,16,57
10/06/2018,MWA,IL,AGL,CE,Federal Contract Tower,0,13,11,0,24,0,28,27,0,55,0,41,38,0,79,6,0,6,85
10/07/2018,MWA,IL,AGL,CE,Federal Contract Tower,0,9,11,0,20,0,16,21,0,37,0,25,32,0,57,110,0,110,167
10/08/2018,MWA,IL,AGL,CE,Federal Contract Tower,0,10,1,1,12,0,9,5,2,16,0,19,6,3,28,12,0,12,40
10/09/2018,MWA,IL,AGL,CE,Federal Contract Tower,0,15,2,0,17,0,11,8,0,19,0,26,10,0,36,32,0,32,68
10/10/2018,MWA,IL,AGL,CE,Federal Contract Tower,0,21,0,0,21,0,4,3,0,7,0,25,3,0,28,0,0,0,28
10/11/2018,MWA,IL,AGL,CE,Federal Contract Tower,0,13,0,0,13,0,18,19,0,37,0,31,19,0,50,12,0,12,62
10/12/2018,MWA,IL,AGL,CE,Federal Contract Tower,0,11,2,0,13,0,27,11,0,38,0,38,13,0,51,14,0,14,65
10/13/2018,MWA,IL,AGL,CE,Federal Contract Tower,0,7,1,3,11,0,17,14,5,36,0,24,15,8,47,2,0,2,49
10/14/2018,MWA,IL,AGL,CE,Federal Contract Tower,0,11,2,0,13,0,0,0,0,0,0,11,2,0,13,0,0,0,13
10/15/2018,MWA,IL,AGL,CE,Federal Contract Tower,0,15,3,0,18,0,4,3,0,7,0,19,6,0,25,0,0,0,25
10/16/2018,MWA,IL,AGL,CE,Federal Contract Tower,0,15,0,0,15,0,17,8,0,25,0,32,8,0,40,36,0,36,76
10/17/2018,MWA,IL,AGL,CE,Federal Contract Tower,0,12,0,0,12,0,22,8,0,30,0,34,8,0,42,36,0,36,78
10/18/2018,MWA,IL,AGL,CE,Federal Contract Tower,0,13,4,0,17,0,13,7,0,20,0,26,11,0,37,16,0,16,53
10/19/2018,MWA,IL,AGL,CE,Federal Contract Tower,0,11,1,0,12,0,8,5,0,13,0,19,6,0,25,26,0,26,51
10/20/2018,MWA,IL,AGL,CE,Federal Contract Tower,0,11,4,0,15,0,4,9,0,13,0,15,13,0,28,0,0,0,28
10/21/2018,MWA,IL,AGL,CE,Federal Contract Tower,0,11,2,0,13,0,3,12,0,15,0,14,14,0,28,22,0,22,50
10/22/2018,MWA,IL,AGL,CE,Federal Contract Tower,0,14,0,0,14,0,18,12,2,32,0,32,12,2,46,6,0,6,52
10/23/2018,MWA,IL,AGL,CE,Federal Contract Tower,0,14,2,0,16,0,16,11,0,27,0,30,13,0,43,52,0,52,95
10/24/2018,MWA,IL,AGL,CE,Federal Contract Tower,0,16,0,0,16,0,7,7,0,14,0,23,7,0,30,60,0,60,90
10/25/2018,MWA,IL,AGL,CE,Federal Contract Tower,0,10,5,0,15,0,11,4,0,15,0,21,9,0,30,52,0,52,82
10/26/2018,MWA,IL,AGL,CE,Federal Contract Tower,0,18,2,0,20,0,0,0,0,0,0,18,2,0,20,0,0,0,20
10/27/2018,MWA,IL,AGL,CE,Federal Contract Tower,0,9,2,0,11,0,7,6,2,15,0,16,8,2,26,10,0,10,36
10/28/2018,MWA,IL,AGL,CE,Federal Contract Tower,0,10,2,0,12,0,6,8,1,15,0,16,10,1,27,6,0,6,33
10/29/2018,MWA,IL,AGL,CE,Federal Contract Tower,0,11,0,0,11,0,23,11,1,35,0,34,11,1,46,10,0,10,56
10/30/2018,MWA,IL,AGL,CE,Federal Contract Tower,0,15,0,0,15,0,11,4,0,15,0,26,4,0,30,30,0,30,60
10/31/2018,MWA,IL,AGL,CE,Federal Contract Tower,0,16,1,0,17,0,1,0,0,1,0,17,1,0,18,0,0,0,18
11/01/2018,MWA,IL,AGL,CE,Federal Contract Tower,0,18,4,0,22,0,0,0,0,0,0,18,4,0,22,0,0,0,22
11/02/2018,MWA,IL,AGL,CE,Federal Contract Tower,0,11,1,3,15,0,7,2,2,11,0,18,3,5,26,10,0,10,36
11/03/2018,MWA,IL,AGL,CE,Federal Contract Tower,0,5,2,2,9,0,9,17,0,26,0,14,19,2,35,4,0,4,39
11/04/2018,MWA,IL,AGL,CE,Federal Contract Tower,0,8,5,0,13,0,0,0,0,0,0,8,5,0,13,0,0,0,13
11/05/2018,MWA,IL,AGL,CE,Federal Contract Tower,0,18,1,0,19,0,3,1,0,4,0,21,2,0,23,10,0,10,33
11/06/2018,MWA,IL,AGL,CE,Federal Contract Tower,0,8,2,0,10,0,21,3,0,24,0,29,5,0,34,34,0,34,68
11/07/2018,MWA,IL,AGL,CE,Federal Contract Tower,0,11,1,0,12,0,17,15,0,32,0,28,16,0,44,56,0,56,100
11/08/2018,MWA,IL,AGL,CE,Federal Contract Tower,0,15,0,0,15,0,8,4,0,12,0,23,4,0,27,36,0,36,63
11/09/2018,MWA,IL,AGL,CE,Federal Contract Tower,0,11,1,0,12,0,3,2,0,5,0,14,3,0,17,0,0,0,17
11/10/2018,MWA,IL,AGL,CE,Federal Contract Tower,0,10,2,0,12,0,7,10,3,20,0,17,12,3,32,8,0,8,40
11/11/2018,MWA,IL,AGL,CE,Federal Contract Tower,0,8,0,0,8,0,2,10,0,12,0,10,10,0,20,20,0,20,40
11/12/2018,MWA,IL,AGL,CE,Federal Contract Tower,0,13,0,2,15,0,4,0,2,6,0,17,0,4,21,16,4,20,41
11/13/2018,MWA,IL,AGL,CE,Federal Contract Tower,0,15,3,0,18,0,0,0,0,0,0,15,3,0,18,6,0,6,24
11/14/2018,MWA,IL,AGL,CE,Federal Contract Tower,0,19,1,0,20,0,6,1,0,7,0,25,2,0,27,18,0,18,45
11/15/2018,MWA,IL,AGL,CE,Federal Contract Tower,1,10,0,0,11,0,2,0,0,2,1,12,0,0,13,0,0,0,13
11/16/2018,MWA,IL,AGL,CE,Federal Contract Tower,0,12,0,0,12,0,25,8,1,34,0,37,8,1,46,44,0,44,90
11/17/2018,MWA,IL,AGL,CE,Federal Contract Tower,0,8,0,0,8,5,29,6,0,40,5,37,6,0,48,16,0,16,64
11/18/2018,MWA,IL,AGL,CE,Federal Contract Tower,1,14,1,0,16,0,0,0,0,0,1,14,1,0,16,0,0,0,16
11/19/2018,MWA,IL,AGL,CE,Federal Contract Tower,0,14,0,0,14,0,0,0,0,0,0,14,0,0,14,0,0,0,14
11/20/2018,MWA,IL,AGL,CE,Federal Contract Tower,0,15,1,0,16,0,6,4,2,12,0,21,5,2,28,0,32,32,60
11/21/2018,MWA,IL,AGL,CE,Federal Contract Tower,0,6,0,0,6,0,25,12,0,37,0,31,12,0,43,18,16,34,77
11/22/2018,MWA,IL,AGL,CE,Federal Contract Tower,0,12,0,0,12,0,10,7,0,17,0,22,7,0,29,2,0,2,31
11/23/2018,MWA,IL,AGL,CE,Federal Contract Tower,0,12,1,0,13,0,0,1,0,1,0,12,2,0,14,0,0,0,14
11/24/2018,MWA,IL,AGL,CE,Federal Contract Tower,0,10,0,0,10,0,3,12,0,15,0,13,12,0,25,38,0,38,63
11/25/2018,MWA,IL,AGL,CE,Federal Contract Tower,0,7,1,0,8,0,6,3,0,9,0,13,4,0,17,0,0,0,17
11/26/2018,MWA,IL,AGL,CE,Federal Contract Tower,0,14,0,0,14,0,0,0,0,0,0,14,0,0,14,0,0,0,14
11/27/2018,MWA,IL,AGL,CE,Federal Contract Tower,0,14,1,0,15,0,12,6,0,18,0,26,7,0,33,8,0,8,41
11/28/2018,MWA,IL,AGL,CE,Federal Contract Tower,0,8,3,0,11,0,17,17,0,34,0,25,20,0,45,12,0,12,57
11/29/2018,MWA,IL,AGL,CE,Federal Contract Tower,0,12,2,0,14,0,3,1,0,4,0,15,3,0,18,8,0,8,26
11/30/2018,MWA,IL,AGL,CE,Federal Contract Tower,0,10,2,0,12,0,0,0,0,0,0,10,2,0,12,0,0,0,12
12/01/2018,MWA,IL,AGL,CE,Federal Contract Tower,0,5,0,0,5,0,4,0,0,4,0,9,0,0,9,0,0,0,9
12/02/2018,MWA,IL,AGL,CE,Federal Contract Tower,0,9,0,0,9,0,12,4,0,16,0,21,4,0,25,72,0,72,97
12/03/2018,MWA,IL,AGL,CE,Federal Contract Tower,0,11,0,0,11,0,29,11,0,40,0,40,11,0,51,94,0,94,145
12/04/2018,MWA,IL,AGL,CE,Federal Contract Tower,0,7,0,0,7,0,0,0,0,0,0,7,0,0,7,0,0,0,7
12/05/2018,MWA,IL,AGL,CE,Federal Contract Tower,0,9,0,0,9,0,15,4,0,19,0,24,4,0,28,52,0,52,80
12/06/2018,MWA,IL,AGL,CE,Federal Contract Tower,0,12,0,0,12,0,5,2,0,7,0,17,2,0,19,16,0,16,35
12/07/2018,MWA,IL,AGL,CE,Federal Contract Tower,0,13,0,0,13,0,17,7,2,26,0,30,7,2,39,38,2,40,79
12/08/2018,MWA,IL,AGL,CE,Federal Contract Tower,0,7,0,0,7,0,5,6,3,14,0,12,6,3,21,34,0,34,55
12/09/2018,MWA,IL,AGL,CE,Federal Contract Tower,0,5,0,0,5,0,12,5,0,17,0,17,5,0,22,24,0,24,46
12/10/2018,MWA,IL,AGL,CE,Federal Contract Tower,0,14,1,0,15,0,9,11,0,20,0,23,12,0,35,38,0,38,73
12/11/2018,MWA,IL,AGL,CE,Federal Contract Tower,0,10,0,0,10,0,7,10,0,17,0,17,10,0,27,32,0,32,59
12/12/2018,MWA,IL,AGL,CE,Federal Contract Tower,0,11,2,0,13,0,16,5,0,21,0,27,7,0,34,16,0,16,50
12/13/2018,MWA,IL,AGL,CE,Federal Contract Tower,0,14,5,0,19,0,0,0,0,0,0,14,5,0,19,0,0,0,19
12/14/2018,MWA,IL,AGL,CE,Federal Contract Tower,0,13,2,0,15,0,0,0,0,0,0,13,2,0,15,0,0,0,15
12/15/2018,MWA,IL,AGL,CE,Federal Contract Tower,0,9,4,0,13,0,0,0,0,0,0,9,4,0,13,0,0,0,13
12/16/2018,MWA,IL,AGL,CE,Federal Contract Tower,0,9,4,0,13,0,15,21,0,36,0,24,25,0,49,36,0,36,85
12/17/2018,MWA,IL,AGL,CE,Federal Contract Tower,0,11,2,0,13,0,9,14,6,29,0,20,16,6,42,10,10,20,62
12/18/2018,MWA,IL,AGL,CE,Federal Contract Tower,0,10,2,1,13,0,4,5,3,12,0,14,7,4,25,20,0,20,45
12/19/2018,MWA,IL,AGL,CE,Federal Contract Tower,0,10,0,2,12,0,7,10,2,19,0,17,10,4,31,34,0,34,65
12/20/2018,MWA,IL,AGL,CE,Federal Contract Tower,0,11,4,0,15,0,0,0,0,0,0,11,4,0,15,0,0,0,15
12/21/2018,MWA,IL,AGL,CE,Federal Contract Tower,0,12,2,0,14,0,2,0,0,2,0,14,2,0,16,0,0,0,16
12/22/2018,MWA,IL,AGL,CE,Federal Contract Tower,0,8,7,0,15,0,9,7,0,16,0,17,14,0,31,2,0,2,33
12/23/2018,MWA,IL,AGL,CE,Federal Contract Tower,0,6,0,0,6,0,0,2,2,4,0,6,2,2,10,4,0,4,14
12/24/2018,MWA,IL,AGL,CE,Federal Contract Tower,0,13,0,0,13,0,2,11,2,15,0,15,11,2,28,2,0,2,30
12/25/2018,MWA,IL,AGL,CE,Federal Contract Tower,0,10,0,0,10,0,5,3,0,8,0,15,3,0,18,0,0,0,18
12/26/2018,MWA,IL,AGL,CE,Federal Contract Tower,0,17,4,0,21,0,5,9,2,16,0,22,13,2,37,12,2,14,51
12/27/2018,MWA,IL,AGL,CE,Federal Contract Tower,0,8,4,0,12,0,0,0,0,0,0,8,4,0,12,0,0,0,12
12/28/2018,MWA,IL,AGL,CE,Federal Contract Tower,0,11,0,0,11,0,6,9,2,17,0,17,9,2,28,44,4,48,76
12/29/2018,MWA,IL,AGL,CE,Federal Contract Tower,0,7,1,0,8,0,2,8,11,21,0,9,9,11,29,10,10,20,49
12/30/2018,MWA,IL,AGL,CE,Federal Contract Tower,0,6,1,0,7,0,0,8,0,8,0,6,9,0,15,0,0,0,15
12/31/2018,MWA,IL,AGL,CE,Federal Contract Tower,0,9,0,0,9,0,0,0,0,0,0,9,0,0,9,0,0,0,9
01/01/2019,MWA,IL,AGL,CE,Federal Contract Tower,0,10,0,0,10,0,0,0,0,0,0,10,0,0,10,0,0,0,10
01/02/2019,MWA,IL,AGL,CE,Federal Contract Tower,0,15,2,0,17,0,6,2,0,8,0,21,4,0,25,14,0,14,39
01/03/2019,MWA,IL,AGL,CE,Federal Contract Tower,0,9,0,0,9,0,14,7,4,25,0,23,7,4,34,0,0,0,34
01/04/2019,MWA,IL,AGL,CE,Federal Contract Tower,0,10,0,0,10,0,0,0,0,0,0,10,0,0,10,0,0,0,10
01/05/2019,MWA,IL,AGL,CE,Federal Contract Tower,0,5,4,0,9,0,7,19,4,30,0,12,23,4,39,16,8,24,63
01/06/2019,MWA,IL,AGL,CE,Federal Contract Tower,0,4,3,0,7,0,15,8,0,23,0,19,11,0,30,26,0,26,56
01/07/2019,MWA,IL,AGL,CE,Federal Contract Tower,0,11,0,0,11,0,0,0,0,0,0,11,0,0,11,0,0,0,11
01/08/2019,MWA,IL,AGL,CE,Federal Contract Tower,0,12,0,0,12,0,12,5,0,17,0,24,5,0,29,10,0,10,39
01/09/2019,MWA,IL,AGL,CE,Federal Contract Tower,0,10,1,0,11,0,6,6,0,12,0,16,7,0,23,2,0,2,25
01/10/2019,MWA,IL,AGL,CE,Federal Contract Tower,0,12,0,0,12,0,13,6,1,20,0,25,6,1,32,20,0,20,52
01/11/2019,MWA,IL,AGL,CE,Federal Contract Tower,0,6,0,0,6,0,0,0,0,0,0,6,0,0,6,0,0,0,6
01/12/2019,MWA,IL,AGL,CE,Federal Contract Tower,2,0,0,0,2,0,0,0,0,0,2,0,0,0,2,0,0,0,2
01/13/2019,MWA,IL,AGL,CE,Federal Contract Tower,0,8,0,0,8,0,0,0,0,0,0,8,0,0,8,0,0,0,8
01/14/2019,MWA,IL,AGL,CE,Federal Contract Tower,0,9,0,0,9,0,3,0,0,3,0,12,0,0,12,0,0,0,12
01/15/2019,MWA,IL,AGL,CE,Federal Contract Tower,0,11,0,0,11,0,13,0,0,13,0,24,0,0,24,16,0,16,40
01/16/2019,MWA,IL,AGL,CE,Federal Contract Tower,0,0,12,2,14,0,0,0,0,0,0,0,12,2,14,34,0,34,48
01/17/2019,MWA,IL,AGL,CE,Federal Contract Tower,0,10,0,0,10,0,0,0,0,0,0,10,0,0,10,0,0,0,10
01/18/2019,MWA,IL,AGL,CE,Federal Contract Tower,0,14,2,0,16,0,2,0,0,2,0,16,2,0,18,0,0,0,18
01/19/2019,MWA,IL,AGL,CE,Federal Contract Tower,0,3,0,0,3,0,0,0,0,0,0,3,0,0,3,0,0,0,3
01/20/2019,MWA,IL,AGL,CE,Federal Contract Tower,0,6,0,0,6,0,8,0,0,8,0,14,0,0,14,6,0,6,20
01/21/2019,MWA,IL,AGL,CE,Federal Contract Tower,0,15,0,0,15,0,3,4,0,7,0,18,4,0,22,4,0,4,26
01/22/2019,MWA,IL,AGL,CE,Federal Contract Tower,0,13,0,0,13,0,5,0,0,5,0,18,0,0,18,6,0,6,24
01/23/2019,MWA,IL,AGL,CE,Federal Contract Tower,0,7,0,0,7,0,0,0,0,0,0,7,0,0,7,0,0,0,7
01/24/2019,MWA,IL,AGL,CE,Federal Contract Tower,0,18,1,0,19,0,9,9,3,21,0,27,10,3,40,70,0,70,110
01/25/2019,MWA,IL,AGL,CE,Federal Contract Tower,0,7,2,0,9,0,18,14,3,35,0,25,16,3,44,50,0,50,94
01/26/2019,MWA,IL,AGL,CE,Federal Contract Tower,0,9,2,0,11,0,12,16,1,29,0,21,18,1,40,62,0,62,102
01/27/2019,MWA,IL,AGL,CE,Federal Contract Tower,0,6,0,0,6,0,9,9,0,18,0,15,9,0,24,0,0,0,24
01/28/2019,MWA,IL,AGL,CE,Federal Contract Tower,0,13,0,0,13,0,2,0,0,2,0,15,0,0,15,22,0,22,37
01/29/2019,MWA,IL,AGL,CE,Federal Contract Tower,0,18,0,0,18,0,14,5,4,23,0,32,5,4,41,86,0,86,127
01/30/2019,MWA,IL,AGL,CE,Federal Contract Tower,0,13,2,0,15,0,2,0,0,2,0,15,2,0,17,0,0,0,17
01/31/2019,MWA,IL,AGL,CE,Federal Contract Tower,2,13,0,0,15,0,20,4,0,24,2,33,4,0,39,18,0,18,57
02/01/2019,MWA,IL,AGL,CE,Federal Contract Tower,0,9,2,0,11,0,16,14,2,32,0,25,16,2,43,58,0,58,101
02/02/2019,MWA,IL,AGL,CE,Federal Contract Tower,0,9,0,0,9,0,2,2,0,4,0,11,2,0,13,0,0,0,13
02/03/2019,MWA,IL,AGL,CE,Federal Contract Tower,0,9,4,0,13,0,2,13,2,17,0,11,17,2,30,22,6,28,58
02/04/2019,MWA,IL,AGL,CE,Federal Contract Tower,0,13,0,0,13,0,0,0,0,0,0,13,0,0,13,0,0,0,13
02/05/2019,MWA,IL,AGL,CE,Federal Contract Tower,0,16,2,0,18,0,0,0,0,0,0,16,2,0,18,0,0,0,18
02/06/2019,MWA,IL,AGL,CE,Federal Contract Tower,0,14,0,0,14,0,0,0,0,0,0,14,0,0,14,0,0,0,14
02/07/2019,MWA,IL,AGL,CE,Federal Contract Tower,0,11,0,0,11,0,5,0,0,5,0,16,0,0,16,0,0,0,16
02/08/2019,MWA,IL,AGL,CE,Federal Contract Tower,0,12,3,0,15,0,34,12,2,48,0,46,15,2,63,84,8,92,155
02/09/2019,MWA,IL,AGL,CE,Federal Contract Tower,0,13,2,0,15,0,22,26,2,50,0,35,28,2,65,100,0,100,165
02/10/2019,MWA,IL,AGL,CE,Federal Contract Tower,0,4,1,0,5,0,0,0,0,0,0,4,1,0,5,0,0,0,5
02/11/2019,MWA,IL,AGL,CE,Federal Contract Tower,0,13,0,0,13,0,0,0,0,0,0,13,0,0,13,0,0,0,13
02/12/2019,MWA,IL,AGL,CE,Federal Contract Tower,0,13,0,0,13,0,6,0,0,6,0,19,0,0,19,16,0,16,35
02/13/2019,MWA,IL,AGL,CE,Federal Contract Tower,0,9,2,0,11,0,39,12,0,51,0,48,14,0,62,110,0,110,172
02/14/2019,MWA,IL,AGL,CE,Federal Contract Tower,0,8,0,4,12,0,7,0,2,9,0,15,0,6,21,16,0,16,37
02/15/2019,MWA,IL,AGL,CE,Federal Contract Tower,0,13,2,0,15,0,1,0,0,1,0,14,2,0,16,0,0,0,16
02/16/2019,MWA,IL,AGL,CE,Federal Contract Tower,0,7,2,0,9,0,1,11,0,12,0,8,13,0,21,8,0,8,29
02/17/2019,MWA,IL,AGL,CE,Federal Contract Tower,0,6,0,0,6,0,0,0,0,0,0,6,0,0,6,0,0,0,6
02/18/2019,MWA,IL,AGL,CE,Federal Contract Tower,0,12,2,0,14,0,15,5,0,20,0,27,7,0,34,58,0,58,92
02/19/2019,MWA,IL,AGL,CE,Federal Contract Tower,0,12,0,0,12,0,28,8,0,36,0,40,8,0,48,62,0,62,110
02/20/2019,MWA,IL,AGL,CE,Federal Contract Tower,0,15,2,1,18,0,4,3,1,8,0,19,5,2,26,0,0,0,26
02/21/2019,MWA,IL,AGL,CE,Federal Contract Tower,0,12,0,0,12,0,11,20,0,31,0,23,20,0,43,66,0,66,109
02/22/2019,MWA,IL,AGL,CE,Federal Contract Tower,0,16,0,0,16,0,2,2,0,4,0,18,2,0,20,36,0,36,56
02/23/2019,MWA,IL,AGL,CE,Federal Contract Tower,2,6,3,0,11,0,0,1,0,1,2,6,4,0,12,0,0,0,12
02/24/2019,MWA,IL,AGL,CE,Federal Contract Tower,4,2,0,0,6,0,9,2,0,11,4,11,2,0,17,2,0,2,19
02/25/2019,MWA,IL,AGL,CE,Federal Contract Tower,0,11,2,0,13,0,26,23,0,49,0,37,25,0,62,108,0,108,170
02/26/2019,MWA,IL,AGL,CE,Federal Contract Tower,0,9,1,0,10,0,28,24,0,52,0,37,25,0,62,86,0,86,148
02/27/2019,MWA,IL,AGL,CE,Federal Contract Tower,0,11,3,0,14,0,10,2,0,12,0,21,5,0,26,46,0,46,72
02/28/2019,MWA,IL,AGL,CE,Federal Contract Tower,0,14,0,0,14,0,0,0,0,0,0,14,0,0,14,0,0,0,14
03/01/2019,MWA,IL,AGL,CE,Federal Contract Tower,0,11,3,0,14,0,4,0,0,4,0,15,3,0,18,0,0,0,18
03/02/2019,MWA,IL,AGL,CE,Federal Contract Tower,0,6,0,0,6,0,5,1,6,12,0,11,1,6,18,0,0,0,18
03/03/2019,MWA,IL,AGL,CE,Federal Contract Tower,0,3,0,0,3,0,2,0,0,2,0,5,0,0,5,0,0,0,5
03/04/2019,MWA,IL,AGL,CE,Federal Contract Tower,0,12,0,0,12,0,18,3,2,23,0,30,3,2,35,34,0,34,69
03/05/2019,MWA,IL,AGL,CE,Federal Contract Tower,0,15,0,0,15,0,9,5,0,14,0,24,5,0,29,58,0,58,87
03/06/2019,MWA,IL,AGL,CE,Federal Contract Tower,0,9,0,0,9,0,17,12,1,30,0,26,12,1,39,86,0,86,125
03/07/2019,MWA,IL,AGL,CE,Federal Contract Tower,0,12,2,0,14,0,12,6,0,18,0,24,8,0,32,24,0,24,56
03/08/2019,MWA,IL,AGL,CE,Federal Contract Tower,0,20,0,0,20,0,0,0,0,0,0,20,0,0,20,0,0,0,20
03/09/2019,MWA,IL,AGL,CE,Federal Contract Tower,0,4,0,0,4,0,0,0,0,0,0,4,0,0,4,0,0,0,4
03/10/2019,MWA,IL,AGL,CE,Federal Contract Tower,0,8,2,0,10,0,11,21,0,32,0,19,23,0,42,86,0,86,128
03/11/2019,MWA,IL,AGL,CE,Federal Contract Tower,0,8,0,0,8,0,15,16,0,31,0,23,16,0,39,82,0,82,121
03/12/2019,MWA,IL,AGL,CE,Federal Contract Tower,0,14,1,0,15,0,1,17,1,19,0,15,18,1,34,36,0,36,70
03/13/2019,MWA,IL,AGL,CE,Federal Contract Tower,0,14,1,0,15,0,6,4,0,10,0,20,5,0,25,20,0,20,45
03/14/2019,MWA,IL,AGL,CE,Federal Contract Tower,0,11,0,0,11,0,0,0,0,0,0,11,0,0,11,2,0,2,13
03/15/2019,MWA,IL,AGL,CE,Federal Contract Tower,0,13,1,0,14,0,10,1,2,13,0,23,2,2,27,0,0,0,27
03/16/2019,MWA,IL,AGL,CE,Federal Contract Tower,0,10,3,0,13,0,24,18,4,46,0,34,21,4,59,10,0,10,69
03/17/2019,MWA,IL,AGL,CE,Federal Contract Tower,0,5,0,0,5,0,11,14,2,27,0,16,14,2,32,18,0,18,50
03/18/2019,MWA,IL,AGL,CE,Federal Contract Tower,0,9,4,0,13,0,13,14,0,27,0,22,18,0,40,46,0,46,86
03/19/2019,MWA,IL,AGL,CE,Federal Contract Tower,0,7,2,0,9,0,34,9,2,45,0,41,11,2,54,28,0,28,82
03/20/2019,MWA,IL,AGL,CE,Federal Contract Tower,0,11,0,0,11,0,14,2,0,16,0,25,2,0,27,18,0,18,45
03/21/2019,MWA,IL,AGL,CE,Federal Contract Tower,0,12,1,0,13,0,16,3,0,19,0,28,4,0,32,12,0,12,44
03/22/2019,MWA,IL,AGL,CE,Federal Contract Tower,0,9,7,0,16,0,26,8,2,36,0,35,15,2,52,48,0,48,100
03/23/2019,MWA,IL,AGL,CE,Federal Contract Tower,0,11,2,1,14,0,6,38,1,45,0,17,40,2,59,62,0,62,121
03/24/2019,MWA,IL,AGL,CE,Federal Contract Tower,0,8,2,0,10,0,3,12,2,17,0,11,14,2,27,24,4,28,55
03/25/2019,MWA,IL,AGL,CE,Federal Contract Tower,0,19,0,0,19,0,7,1,0,8,0,26,1,0,27,8,0,8,35
03/26/2019,MWA,IL,AGL,CE,Federal Contract Tower,0,9,5,0,14,0,43,9,2,54,0,52,14,2,68,56,8,64,132
03/27/2019,MWA,IL,AGL,CE,Federal Contract Tower,0,14,3,0,17,0,42,6,6,54,0,56,9,6,71,34,0,34,105
03/28/2019,MWA,IL,AGL,CE,Federal Contract Tower,0,13,2,0,15,0,22,5,4,31,0,35,7,4,46,26,0,26,72
03/29/2019,MWA,IL,AGL,CE,Federal Contract Tower,0,15,2,3,20,0,3,3,1,7,0,18,5,4,27,2,2,4,31
03/30/2019,MWA,IL,AGL,CE,Federal Contract Tower,0,9,1,0,10,0,0,0,0,0,0,9,1,0,10,0,0,0,10
03/31/2019,MWA,IL,AGL,CE,Federal Contract Tower,0,6,0,0,6,0,6,10,5,21,0,12,10,5,27,2,4,6,33
04/01/2019,MWA,IL,AGL,CE,Federal Contract Tower,0,13,1,0,14,0,20,22,2,44,0,33,23,2,58,22,20,42,100
04/02/2019,MWA,IL,AGL,CE,Federal Contract Tower,0,10,5,0,15,0,18,20,6,44,0,28,25,6,59,20,6,26,85
04/03/2019,MWA,IL,AGL,CE,Federal Contract Tower,0,12,1,0,13,0,31,15,0,46,0,43,16,0,59,88,0,88,147
04/04/2019,MWA,IL,AGL,CE,Federal Contract Tower,0,12,3,0,15,0,11,4,0,15,0,23,7,0,30,2,0,2,32
04/05/2019,MWA,IL,AGL,CE,Federal Contract Tower,0,15,2,12,29,0,4,0,4,8,0,19,2,16,37,0,8,8,45
04/06/2019,MWA,IL,AGL,CE,Federal Contract Tower,0,5,3,0,8,0,10,12,0,22,0,15,15,0,30,18,0,18,48
04/07/2019,MWA,IL,AGL,CE,Federal Contract Tower,0,7,0,3,10,0,12,0,0,12,0,19,0,3,22,0,0,0,22
04/08/2019,MWA,IL,AGL,CE,Federal Contract Tower,0,9,1,0,10,0,10,7,0,17,0,19,8,0,27,4,0,4,31
04/09/2019,MWA,IL,AGL,CE,Federal Contract Tower,0,15,0,0,15,0,30,16,0,46,0,45,16,0,61,48,0,48,109
04/10/2019,MWA,IL,AGL,CE,Federal Contract Tower,0,9,1,0,10,0,15,5,0,20,0,24,6,0,30,26,0,26,56
04/11/2019,MWA,IL,AGL,CE,Federal Contract Tower,0,14,0,0,14,0,3,3,0,6,0,17,3,0,20,2,0,2,22
04/12/2019,MWA,IL,AGL,CE,Federal Contract Tower,0,9,0,0,9,0,15,11,2,28,0,24,11,2,37,22,20,42,79
04/13/2019,MWA,IL,AGL,CE,Federal Contract Tower,0,7,2,0,9,0,7,23,2,32,0,14,25,2,41,82,0,82,123
04/14/2019,MWA,IL,AGL,CE,Federal Contract Tower,0,7,3,0,10,0,2,0,0,2,0,9,3,0,12,0,0,0,12
04/15/2019,MWA,IL,AGL,CE,Federal Contract Tower,0,14,2,0,16,0,26,20,7,53,0,40,22,7,69,26,12,38,107
04/16/2019,MWA,IL,AGL,CE,Federal Contract Tower,0,9,4,0,13,0,16,1,0,17,0,25,5,0,30,18,0,18,48
04/18/2019,MWA,IL,AGL,CE,Federal Contract Tower,0,14,0,0,14,0,0,0,0,0,0,14,0,0,14,0,0,0,14
04/19/2019,MWA,IL,AGL,CE,Federal Contract Tower,0,9,1,0,10,0,8,2,0,10,0,17,3,0,20,0,0,0,20
04/20/2019,MWA,IL,AGL,CE,Federal Contract Tower,0,11,0,0,11,0,14,3,0,17,0,25,3,0,28,14,0,14,42
04/21/2019,MWA,IL,AGL,CE,Federal Contract Tower,0,5,2,0,7,0,10,6,0,16,0,15,8,0,23,12,0,12,35
04/22/2019,MWA,IL,AGL,CE,Federal Contract Tower,0,12,0,0,12,0,39,24,0,63,0,51,24,0,75,98,0,98,173
04/23/2019,MWA,IL,AGL,CE,Federal Contract Tower,0,13,2,0,15,0,11,3,1,15,0,24,5,1,30,34,0,34,64
04/24/2019,MWA,IL,AGL,CE,Federal Contract Tower,0,15,0,0,15,0,2,3,0,5,0,17,3,0,20,14,0,14,34
04/25/2019,MWA,IL,AGL,CE,Federal Contract Tower,0,16,0,0,16,0,4,0,0,4,0,20,0,0,20,0,0,0,20
04/26/2019,MWA,IL,AGL,CE,Federal Contract Tower,0,13,0,0,13,0,26,12,3,41,0,39,12,3,54,76,0,76,130
04/27/2019,MWA,IL,AGL,CE,Federal Contract Tower,0,6,1,0,7,0,5,2,0,7,0,11,3,0,14,6,0,6,20
04/28/2019,MWA,IL,AGL,CE,Federal Contract Tower,0,7,5,0,12,0,1,11,6,18,0,8,16,6,30,16,10,26,56
04/29/2019,MWA,IL,AGL,CE,Federal Contract Tower,0,13,0,0,13,0,9,2,0,11,0,22,2,0,24,36,0,36,60
04/30/2019,MWA,IL,AGL,CE,Federal Contract Tower,0,13,0,0,13,0,13,3,0,16,0,26,3,0,29,36,0,36,65
05/01/2019,MWA,IL,AGL,CE,Federal Contract Tower,0,15,1,1,17,0,4,0,1,5,0,19,1,2,22,4,0,4,26
05/02/2019,MWA,IL,AGL,CE,Federal Contract Tower,0,14,0,0,14,0,0,0,0,0,0,14,0,0,14,0,0,0,14
05/03/2019,MWA,IL,AGL,CE,Federal Contract Tower,0,10,4,0,14,0,3,0,0,3,0,13,4,0,17,0,0,0,17
05/04/2019,MWA,IL,AGL,CE,Federal Contract Tower,0,8,3,0,11,0,1,0,0,1,0,9,3,0,12,0,0,0,12
05/05/2019,MWA,IL,AGL,CE,Federal Contract Tower,0,3,1,2,6,0,10,19,21,50,0,13,20,23,56,72,26,98,154
05/06/2019,MWA,IL,AGL,CE,Federal Contract Tower,0,12,1,0,13,0,30,3,7,40,0,42,4,7,53,80,6,86,139
05/07/2019,MWA,IL,AGL,CE,Federal Contract Tower,0,12,2,0,14,0,18,13,2,33,0,30,15,2,47,82,4,86,133
05/08/2019,MWA,IL,AGL,CE,Federal Contract Tower,0,15,5,0,20,0,31,1,0,32,0,46,6,0,52,36,0,36,88
05/09/2019,MWA,IL,AGL,CE,Federal Contract Tower,0,13,2,0,15,0,9,4,0,13,0,22,6,0,28,14,0,14,42
05/10/2019,MWA,IL,AGL,CE,Federal Contract Tower,0,13,2,0,15,0,13,7,3,23,0,26,9,3,38,36,4,40,78
05/11/2019,MWA,IL,AGL,CE,Federal Contract Tower,0,5,3,1,9,0,0,2,0,2,0,5,5,1,11,0,0,0,11
05/12/2019,MWA,IL,AGL,CE,Federal Contract Tower,0,6,0,0,6,0,2,0,0,2,0,8,0,0,8,0,0,0,8
05/13/2019,MWA,IL,AGL,CE,Federal Contract Tower,0,14,3,0,17,0,5,13,2,20,0,19,16,2,37,8,2,10,47
05/14/2019,MWA,IL,AGL,CE,Federal Contract Tower,0,9,1,0,10,0,17,8,4,29,0,26,9,4,39,26,0,26,65
05/15/2019,MWA,IL,AGL,CE,Federal Contract Tower,0,18,5,0,23,0,3,5,0,8,0,21,10,0,31,20,0,20,51
05/16/2019,MWA,IL,AGL,CE,Federal Contract Tower,0,11,6,0,17,0,6,11,0,17,0,17,17,0,34,26,0,26,60
05/17/2019,MWA,IL,AGL,CE,Federal Contract Tower,0,19,0,0,19,0,11,9,2,22,0,30,9,2,41,32,0,32,73
05/18/2019,MWA,IL,AGL,CE,Federal Contract Tower,0,9,3,0,12,0,9,9,0,18,0,18,12,0,30,32,0,32,62
05/19/2019,MWA,IL,AGL,CE,Federal Contract Tower,0,4,0,0,4,0,6,0,2,8,0,10,0,2,12,0,0,0,12
05/20/2019,MWA,IL,AGL,CE,Federal Contract Tower,0,8,1,0,9,0,15,21,0,36,0,23,22,0,45,36,0,36,81
05/21/2019,MWA,IL,AGL,CE,Federal Contract Tower,0,14,3,0,17,0,7,3,0,10,0,21,6,0,27,0,0,0,27
05/22/2019,MWA,IL,AGL,CE,Federal Contract Tower,0,15,4,2,21,0,6,15,0,21,0,21,19,2,42,70,0,70,112
05/23/2019,MWA,IL,AGL,CE,Federal Contract Tower,0,9,2,0,11,0,2,8,0,10,0,11,10,0,21,24,0,24,45
05/24/2019,MWA,IL,AGL,CE,Federal Contract Tower,0,7,4,2,13,0,20,13,0,33,0,27,17,2,46,18,0,18,64
05/25/2019,MWA,IL,AGL,CE,Federal Contract Tower,0,5,0,0,5,0,10,16,2,28,0,15,16,2,33,12,0,12,45
05/26/2019,MWA,IL,AGL,CE,Federal Contract Tower,0,7,1,0,8,0,5,9,0,14,0,12,10,0,22,0,0,0,22
05/27/2019,MWA,IL,AGL,CE,Federal Contract Tower,0,11,4,0,15,0,7,8,0,15,0,18,12,0,30,10,0,10,40
05/28/2019,MWA,IL,AGL,CE,Federal Contract Tower,0,13,4,0,17,0,9,5,0,14,0,22,9,0,31,18,0,18,49
05/29/2019,MWA,IL,AGL,CE,Federal Contract Tower,0,14,2,0,16,0,6,3,0,9,0,20,5,0,25,38,0,38,63
05/30/2019,MWA,IL,AGL,CE,Federal Contract Tower,0,13,2,0,15,0,7,4,0,11,0,20,6,0,26,0,0,0,26
05/31/2019,MWA,IL,AGL,CE,Federal Contract Tower,0,13,3,0,16,0,6,9,3,18,0,19,12,3,34,14,2,16,50
06/01/2019,MWA,IL,AGL,CE,Federal Contract Tower,0,8,2,0,10,0,2,6,4,12,0,10,8,4,22,0,0,0,22
06/02/2019,MWA,IL,AGL,CE,Federal Contract Tower,0,5,0,0,5,0,9,26,0,35,0,14,26,0,40,8,0,8,48
06/03/2019,MWA,IL,AGL,CE,Federal Contract Tower,0,14,6,0,20,0,10,12,9,31,0,24,18,9,51,46,0,46,97
06/04/2019,MWA,IL,AGL,CE,Federal Contract Tower,0,16,1,1,18,0,16,25,11,52,0,32,26,12,70,38,0,38,108
06/05/2019,MWA,IL,AGL,CE,Federal Contract Tower,0,12,1,0,13,0,16,14,1,31,0,28,15,1,44,36,0,36,80
06/06/2019,MWA,IL,AGL,CE,Federal Contract Tower,0,13,3,0,16,0,7,2,0,9,0,20,5,0,25,0,0,0,25
06/07/2019,MWA,IL,AGL,CE,Federal Contract Tower,0,11,5,0,16,0,6,2,0,8,0,17,7,0,24,14,0,14,38
06/08/2019,MWA,IL,AGL,CE,Federal Contract Tower,0,6,2,0,8,0,0,0,0,0,0,6,2,0,8,0,0,0,8
06/09/2019,MWA,IL,AGL,CE,Federal Contract Tower,0,10,6,0,16,0,10,3,0,13,0,20,9,0,29,2,0,2,31
06/10/2019,MWA,IL,AGL,CE,Federal Contract Tower,0,13,0,0,13,0,5,2,0,7,0,18,2,0,20,24,0,24,44
06/11/2019,MWA,IL,AGL,CE,Federal Contract Tower,0,13,2,0,15,0,23,9,0,32,0,36,11,0,47,24,0,24,71
06/12/2019,MWA,IL,AGL,CE,Federal Contract Tower,0,13,0,0,13,0,28,12,0,40,0,41,12,0,53,38,0,38,91
06/13/2019,MWA,IL,AGL,CE,Federal Contract Tower,0,12,0,0,12,0,20,8,0,28,0,32,8,0,40,24,0,24,64
06/14/2019,MWA,IL,AGL,CE,Federal Contract Tower,0,1,1,4,6,0,20,8,0,28,0,21,9,4,34,8,0,8,42
06/15/2019,MWA,IL,AGL,CE,Federal Contract Tower,0,5,0,0,5,0,8,4,0,12,0,13,4,0,17,0,0,0,17
06/16/2019,MWA,IL,AGL,CE,Federal Contract Tower,0,4,2,0,6,0,0,3,0,3,0,4,5,0,9,0,0,0,9
06/17/2019,MWA,IL,AGL,CE,Federal Contract Tower,0,12,0,0,12,0,13,1,0,14,0,25,1,0,26,26,0,26,52
06/18/2019,MWA,IL,AGL,CE,Federal Contract Tower,0,12,1,0,13,0,8,4,0,12,0,20,5,0,25,4,0,4,29
06/19/2019,MWA,IL,AGL,CE,Federal Contract Tower,0,15,3,0,18,0,15,3,0,18,0,30,6,0,36,10,0,10,46
06/20/2019,MWA,IL,AGL,CE,Federal Contract Tower,0,9,10,3,22,0,22,14,1,37,0,31,24,4,59,24,2,26,85
06/21/2019,MWA,IL,AGL,CE,Federal Contract Tower,0,7,1,0,8,0,9,0,0,9,0,16,1,0,17,4,0,4,21
06/22/2019,MWA,IL,AGL,CE,Federal Contract Tower,0,4,1,0,5,0,11,0,0,11,0,15,1,0,16,0,0,0,16
06/23/2019,MWA,IL,AGL,CE,Federal Contract Tower,0,6,0,0,6,0,2,2,0,4,0,8,2,0,10,2,0,2,12
06/24/2019,MWA,IL,AGL,CE,Federal Contract Tower,0,10,0,0,10,0,9,4,0,13,0,19,4,0,23,12,0,12,35
06/25/2019,MWA,IL,AGL,CE,Federal Contract Tower,0,8,1,0,9,0,24,17,0,41,0,32,18,0,50,34,0,34,84
06/26/2019,MWA,IL,AGL,CE,Federal Contract Tower,0,7,2,0,9,0,18,13,0,31,0,25,15,0,40,76,0,76,116
06/27/2019,MWA,IL,AGL,CE,Federal Contract Tower,0,9,1,0,10,0,10,5,0,15,0,19,6,0,25,10,0,10,35
06/28/2019,MWA,IL,AGL,CE,Federal Contract Tower,0,13,1,2,16,0,11,7,0,18,0,24,8,2,34,30,0,30,64
06/29/2019,MWA,IL,AGL,CE,Federal Contract Tower,0,9,4,0,13,0,15,11,0,26,0,24,15,0,39,44,0,44,83
06/30/2019,MWA,IL,AGL,CE,Federal Contract Tower,0,6,2,0,8,0,8,11,0,19,0,14,13,0,27,28,0,28,55
07/01/2019,MWA,IL,AGL,CE,Federal Contract Tower,0,10,6,0,16,0,20,12,0,32,0,30,18,0,48,16,0,16,64
07/02/2019,MWA,IL,AGL,CE,Federal Contract Tower,0,15,2,0,17,0,27,11,2,40,0,42,13,2,57,42,0,42,99
07/03/2019,MWA,IL,AGL,CE,Federal Contract Tower,0,16,0,0,16,0,15,6,0,21,0,31,6,0,37,30,0,30,67
07/04/2019,MWA,IL,AGL,CE,Federal Contract Tower,0,9,1,0,10,0,7,7,0,14,0,16,8,0,24,18,0,18,42
07/05/2019,MWA,IL,AGL,CE,Federal Contract Tower,0,11,5,0,16,0,5,10,2,17,0,16,15,2,33,24,0,24,57
07/06/2019,MWA,IL,AGL,CE,Federal Contract Tower,0,6,1,0,7,0,2,4,0,6,0,8,5,0,13,0,0,0,13
07/07/2019,MWA,IL,AGL,CE,Federal Contract Tower,0,5,1,0,6,0,8,7,4,19,0,13,8,4,25,12,4,16,41
07/08/2019,MWA,IL,AGL,CE,Federal Contract Tower,0,13,3,0,16,0,17,3,0,20,0,30,6,0,36,16,0,16,52
07/09/2019,MWA,IL,AGL,CE,Federal Contract Tower,0,14,3,0,17,0,23,16,0,39,0,37,19,0,56,54,0,54,110
07/10/2019,MWA,IL,AGL,CE,Federal Contract Tower,0,15,2,2,19,0,32,11,0,43,0,47,13,2,62,104,6,110,172
07/11/2019,MWA,IL,AGL,CE,Federal Contract Tower,0,15,3,0,18,0,19,17,0,36,0,34,20,0,54,50,0,50,104
07/12/2019,MWA,IL,AGL,CE,Federal Contract Tower,0,11,1,2,14,0,26,19,8,53,0,37,20,10,67,78,0,78,145
07/13/2019,MWA,IL,AGL,CE,Federal Contract Tower,0,11,2,1,14,0,13,13,0,26,0,24,15,1,40,28,0,28,68
07/14/2019,MWA,IL,AGL,CE,Federal Contract Tower,0,10,3,0,13,0,9,10,0,19,0,19,13,0,32,22,0,22,54
07/15/2019,MWA,IL,AGL,CE,Federal Contract Tower,0,15,2,0,17,0,0,0,0,0,0,15,2,0,17,0,0,0,17
07/16/2019,MWA,IL,AGL,CE,Federal Contract Tower,0,11,0,0,11,0,1,0,2,3,0,12,0,2,14,0,0,0,14
07/17/2019,MWA,IL,AGL,CE,Federal Contract Tower,0,16,3,0,19,0,19,18,0,37,0,35,21,0,56,100,0,100,156
07/18/2019,MWA,IL,AGL,CE,Federal Contract Tower,3,14,0,0,17,0,16,18,2,36,3,30,18,2,53,120,8,128,181
07/19/2019,MWA,IL,AGL,CE,Federal Contract Tower,0,16,5,0,21,0,26,24,2,52,0,42,29,2,73,92,0,92,165
07/20/2019,MWA,IL,AGL,CE,Federal Contract Tower,0,6,3,0,9,0,10,14,3,27,0,16,17,3,36,24,4,28,64
07/21/2019,MWA,IL,AGL,CE,Federal Contract Tower,0,8,1,0,9,0,3,9,1,13,0,11,10,1,22,0,0,0,22
07/22/2019,MWA,IL,AGL,CE,Federal Contract Tower,0,10,1,2,13,0,1,1,0,2,0,11,2,2,15,8,0,8,23
07/23/2019,MWA,IL,AGL,CE,Federal Contract Tower,0,12,0,0,12,0,16,18,3,37,0,28,18,3,49,100,0,100,149
07/24/2019,MWA,IL,AGL,CE,Federal Contract Tower,0,14,1,0,15,0,15,22,8,45,0,29,23,8,60,58,0,58,118
07/25/2019,MWA,IL,AGL,CE,Federal Contract Tower,0,14,0,0,14,0,17,22,0,39,0,31,22,0,53,58,0,58,111
07/26/2019,MWA,IL,AGL,CE,Federal Contract Tower,0,13,3,0,16,0,20,20,2,42,0,33,23,2,58,46,0,46,104
07/27/2019,MWA,IL,AGL,CE,Federal Contract Tower,0,7,4,0,11,0,2,18,0,20,0,9,22,0,31,28,0,28,59
07/28/2019,MWA,IL,AGL,CE,Federal Contract Tower,0,7,3,0,10,0,8,11,0,19,0,15,14,0,29,0,0,0,29
07/29/2019,MWA,IL,AGL,CE,Federal Contract Tower,0,12,2,0,14,0,12,9,0,21,0,24,11,0,35,18,0,18,53
07/30/2019,MWA,IL,AGL,CE,Federal Contract Tower,0,13,3,0,16,0,28,7,0,35,0,41,10,0,51,26,0,26,77
07/31/2019,MWA,IL,AGL,CE,Federal Contract Tower,0,15,0,0,15,0,18,12,0,30,0,33,12,0,45,24,0,24,69
08/01/2019,MWA,IL,AGL,CE,Federal Contract Tower,0,12,1,2,15,0,29,9,0,38,0,41,10,2,53,4,2,6,59
08/02/2019,MWA,IL,AGL,CE,Federal Contract Tower,0,8,2,0,10,0,12,16,10,38,0,20,18,10,48,34,0,34,82
08/03/2019,MWA,IL,AGL,CE,Federal Contract Tower,0,6,1,0,7,0,6,11,0,17,0,12,12,0,24,2,0,2,26
08/04/2019,MWA,IL,AGL,CE,Federal Contract Tower,0,5,0,0,5,0,10,7,0,17,0,15,7,0,22,42,0,42,64
08/05/2019,MWA,IL,AGL,CE,Federal Contract Tower,0,12,1,0,13,0,8,6,0,14,0,20,7,0,27,8,0,8,35
08/06/2019,MWA,IL,AGL,CE,Federal Contract Tower,0,14,1,0,15,0,5,3,3,11,0,19,4,3,26,2,0,2,28
08/07/2019,MWA,IL,AGL,CE,Federal Contract Tower,0,8,2,0,10,0,19,13,0,32,0,27,15,0,42,38,0,38,80
08/08/2019,MWA,IL,AGL,CE,Federal Contract Tower,0,16,3,0,19,0,12,20,0,32,0,28,23,0,51,82,0,82,133
08/09/2019,MWA,IL,AGL,CE,Federal Contract Tower,0,10,1,0,11,0,14,14,1,29,0,24,15,1,40,70,0,70,110
08/10/2019,MWA,IL,AGL,CE,Federal Contract Tower,0,9,0,0,9,0,4,17,0,21,0,13,17,0,30,10,0,10,40
08/11/2019,MWA,IL,AGL,CE,Federal Contract Tower,0,7,0,0,7,0,10,12,0,22,0,17,12,0,29,24,0,24,53
08/12/2019,MWA,IL,AGL,CE,Federal Contract Tower,0,11,1,0,12,0,11,9,0,20,0,22,10,0,32,0,0,0,32
08/13/2019,MWA,IL,AGL,CE,Federal Contract Tower,0,10,1,0,11,0,8,14,0,22,0,18,15,0,33,22,0,22,55
08/14/2019,MWA,IL,AGL,CE,Federal Contract Tower,0,13,1,1,15,0,13,7,2,22,0,26,8,3,37,42,0,42,79
08/15/2019,MWA,IL,AGL,CE,Federal Contract Tower,0,15,1,0,16,0,11,19,0,30,0,26,20,0,46,44,0,44,90
08/16/2019,MWA,IL,AGL,CE,Federal Contract Tower,0,14,1,0,15,0,12,4,0,16,0,26,5,0,31,12,0,12,43
08/17/2019,MWA,IL,AGL,CE,Federal Contract Tower,0,4,0,0,4,0,4,10,0,14,0,8,10,0,18,2,0,2,20
08/18/2019,MWA,IL,AGL,CE,Federal Contract Tower,0,9,1,0,10,0,0,19,0,19,0,9,20,0,29,2,0,2,31
08/19/2019,MWA,IL,AGL,CE,Federal Contract Tower,0,8,1,0,9,0,1,7,4,12,0,9,8,4,21,6,0,6,27
08/20/2019,MWA,IL,AGL,CE,Federal Contract Tower,0,12,0,0,12,0,0,7,0,7,0,12,7,0,19,4,0,4,23
08/21/2019,MWA,IL,AGL,CE,Federal Contract Tower,0,14,0,0,14,0,5,6,0,11,0,19,6,0,25,60,0,60,85
08/22/2019,MWA,IL,AGL,CE,Federal Contract Tower,0,40,1,1,42,0,4,0,0,4,0,44,1,1,46,24,0,24,70
08/23/2019,MWA,IL,AGL,CE,Federal Contract Tower,0,13,1,0,14,0,14,9,0,23,0,27,10,0,37,26,0,26,63
08/24/2019,MWA,IL,AGL,CE,Federal Contract Tower,0,5,6,0,11,0,20,11,12,43,0,25,17,12,54,24,6,30,84
08/25/2019,MWA,IL,AGL,CE,Federal Contract Tower,0,9,1,0,10,0,12,8,1,21,0,21,9,1,31,26,0,26,57
08/26/2019,MWA,IL,AGL,CE,Federal Contract Tower,0,22,1,0,23,0,2,0,0,2,0,24,1,0,25,2,0,2,27
08/27/2019,MWA,IL,AGL,CE,Federal Contract Tower,0,13,5,2,20,0,0,5,0,5,0,13,10,2,25,28,0,28,53
08/28/2019,MWA,IL,AGL,CE,Federal Contract Tower,0,9,0,0,9,0,13,9,0,22,0,22,9,0,31,32,0,32,63
08/29/2019,MWA,IL,AGL,CE,Federal Contract Tower,0,7,1,0,8,0,24,6,0,30,0,31,7,0,38,60,0,60,98
08/30/2019,MWA,IL,AGL,CE,Federal Contract Tower,0,9,1,0,10,0,21,12,2,35,0,30,13,2,45,22,0,22,67
08/31/2019,MWA,IL,AGL,CE,Federal Contract Tower,0,8,2,0,10,0,12,14,0,26,0,20,16,0,36,30,0,30,66
09/01/2019,MWA,IL,AGL,CE,Federal Contract Tower,0,7,4,0,11,0,3,9,0,12,0,10,13,0,23,10,0,10,33
09/02/2019,MWA,IL,AGL,CE,Federal Contract Tower,0,11,4,2,17,0,1,13,0,14,0,12,17,2,31,0,0,0,31
09/03/2019,MWA,IL,AGL,CE,Federal Contract Tower,0,10,0,0,10,0,12,11,0,23,0,22,11,0,33,22,0,22,55
09/04/2019,MWA,IL,AGL,CE,Federal Contract Tower,0,9,0,0,9,0,7,10,0,17,0,16,10,0,26,8,0,8,34
09/05/2019,MWA,IL,AGL,CE,Federal Contract Tower,1,16,2,0,19,0,21,17,0,38,1,37,19,0,57,90,0,90,147
09/06/2019,MWA,IL,AGL,CE,Federal Contract Tower,1,9,3,0,13,0,20,25,0,45,1,29,28,0,58,26,0,26,84
09/07/2019,MWA,IL,AGL,CE,Federal Contract Tower,0,6,1,0,7,0,1,12,0,13,0,7,13,0,20,2,0,2,22
09/08/2019,MWA,IL,AGL,CE,Federal Contract Tower,0,3,1,0,4,0,3,3,0,6,0,6,4,0,10,0,0,0,10
09/09/2019,MWA,IL,AGL,CE,Federal Contract Tower,0,13,0,0,13,0,7,11,0,18,0,20,11,0,31,14,0,14,45
09/10/2019,MWA,IL,AGL,CE,Federal Contract Tower,0,10,1,1,12,0,11,10,5,26,0,21,11,6,38,32,0,32,70
09/11/2019,MWA,IL,AGL,CE,Federal Contract Tower,0,14,1,0,15,0,22,10,0,32,0,36,11,0,47,36,0,36,83
09/12/2019,MWA,IL,AGL,CE,Federal Contract Tower,0,17,0,0,17,0,13,0,2,15,0,30,0,2,32,0,0,0,32
09/13/2019,MWA,IL,AGL,CE,Federal Contract Tower,0,11,2,0,13,0,8,13,0,21,0,19,15,0,34,32,0,32,66
09/14/2019,MWA,IL,AGL,CE,Federal Contract Tower,0,7,4,0,11,0,3,15,0,18,0,10,19,0,29,8,0,8,37
09/15/2019,MWA,IL,AGL,CE,Federal Contract Tower,0,5,0,0,5,0,2,10,0,12,0,7,10,0,17,10,0,10,27
09/16/2019,MWA,IL,AGL,CE,Federal Contract Tower,0,7,4,0,11,0,17,6,0,23,0,24,10,0,34,72,0,72,106
09/17/2019,MWA,IL,AGL,CE,Federal Contract Tower,0,16,1,0,17,0,19,12,0,31,0,35,13,0,48,76,0,76,124
09/18/2019,MWA,IL,AGL,CE,Federal Contract Tower,0,15,0,0,15,0,27,11,0,38,0,42,11,0,53,46,0,46,99
09/19/2019,MWA,IL,AGL,CE,Federal Contract Tower,0,12,0,0,12,0,10,10,0,20,0,22,10,0,32,50,0,50,82
09/20/2019,MWA,IL,AGL,CE,Federal Contract Tower,0,8,0,0,8,0,6,16,0,22,0,14,16,0,30,38,0,38,68
09/21/2019,MWA,IL,AGL,CE,Federal Contract Tower,0,6,0,0,6,0,9,16,26,51,0,15,16,26,57,0,0,0,57
09/22/2019,MWA,IL,AGL,CE,Federal Contract Tower,0,9,6,0,15,0,11,7,0,18,0,20,13,0,33,0,0,0,33
09/23/2019,MWA,IL,AGL,CE,Federal Contract Tower,0,14,0,0,14,0,16,10,1,27,0,30,10,1,41,50,2,52,93
09/24/2019,MWA,IL,AGL,CE,Federal Contract Tower,0,15,1,0,16,0,15,18,0,33,0,30,19,0,49,20,0,20,69
09/25/2019,MWA,IL,AGL,CE,Federal Contract Tower,0,15,0,0,15,0,16,9,0,25,0,31,9,0,40,38,0,38,78
09/26/2019,MWA,IL,AGL,CE,Federal Contract Tower,0,17,1,0,18,0,15,8,0,23,0,32,9,0,41,62,0,62,103
09/27/2019,MWA,IL,AGL,CE,Federal Contract Tower,0,10,1,0,11,0,8,8,0,16,0,18,9,0,27,0,0,0,27
09/28/2019,MWA,IL,AGL,CE,Federal Contract Tower,0,5,1,0,6,0,12,6,0,18,0,17,7,0,24,4,0,4,28
09/29/2019,MWA,IL,AGL,CE,Federal Contract Tower,0,3,3,0,6,0,13,12,0,25,0,16,15,0,31,0,0,0,31
09/30/2019,MWA,IL,AGL,CE,Federal Contract Tower,0,11,0,0,11,0,8,6,0,14,0,19,6,0,25,10,0,10,35
10/01/2019,MWA,IL,AGL,CE,Federal Contract Tower,0,14,0,0,14,0,21,10,0,31,0,35,10,0,45,56,0,56,101
10/02/2019,MWA,IL,AGL,CE,Federal Contract Tower,0,9,0,2,11,0,5,11,1,17,0,14,11,3,28,76,8,84,112
10/03/2019,MWA,IL,AGL,CE,Federal Contract Tower,0,11,0,0,11,0,15,6,0,21,0,26,6,0,32,54,0,54,86
10/04/2019,MWA,IL,AGL,CE,Federal Contract Tower,2,4,2,0,8,0,10,6,0,16,2,14,8,0,24,36,0,36,60
10/05/2019,MWA,IL,AGL,CE,Federal Contract Tower,0,5,0,0,5,0,5,7,0,12,0,10,7,0,17,2,0,2,19
10/06/2019,MWA,IL,AGL,CE,Federal Contract Tower,0,7,2,0,9,0,1,0,0,1,0,8,2,0,10,0,0,0,10
10/07/2019,MWA,IL,AGL,CE,Federal Contract Tower,0,5,1,0,6,0,20,9,0,29,0,25,10,0,35,54,0,54,89
10/08/2019,MWA,IL,AGL,CE,Federal Contract Tower,0,11,0,0,11,0,34,13,0,47,0,45,13,0,58,60,0,60,118
10/09/2019,MWA,IL,AGL,CE,Federal Contract Tower,0,7,0,0,7,0,20,14,0,34,0,27,14,0,41,42,0,42,83
10/10/2019,MWA,IL,AGL,CE,Federal Contract Tower,0,13,1,0,14,0,12,11,0,23,0,25,12,0,37,28,0,28,65
10/11/2019,MWA,IL,AGL,CE,Federal Contract Tower,0,13,0,0,13,0,0,0,0,0,0,13,0,0,13,0,0,0,13
10/12/2019,MWA,IL,AGL,CE,Federal Contract Tower,0,2,1,0,3,0,25,12,0,37,0,27,13,0,40,30,0,30,70
10/13/2019,MWA,IL,AGL,CE,Federal Contract Tower,0,4,0,0,4,0,8,10,0,18,0,12,10,0,22,0,0,0,22
10/14/2019,MWA,IL,AGL,CE,Federal Contract Tower,0,8,1,0,9,0,13,8,0,21,0,21,9,0,30,26,0,26,56
10/15/2019,MWA,IL,AGL,CE,Federal Contract Tower,0,11,7,0,18,0,4,1,0,5,0,15,8,0,23,50,0,50,73
10/16/2019,MWA,IL,AGL,CE,Federal Contract Tower,0,10,1,0,11,0,9,6,4,19,0,19,7,4,30,44,0,44,74
10/17/2019,MWA,IL,AGL,CE,Federal Contract Tower,0,8,1,0,9,0,29,19,2,50,0,37,20,2,59,40,0,40,99
10/18/2019,MWA,IL,AGL,CE,Federal Contract Tower,1,6,5,0,12,0,44,10,0,54,1,50,15,0,66,14,0,14,80
10/19/2019,MWA,IL,AGL,CE,Federal Contract Tower,0,3,1,1,5,0,7,19,2,28,0,10,20,3,33,8,8,16,49
10/20/2019,MWA,IL,AGL,CE,Federal Contract Tower,0,8,1,0,9,0,7,8,0,15,0,15,9,0,24,18,0,18,42
10/21/2019,MWA,IL,AGL,CE,Federal Contract Tower,0,14,1,0,15,0,0,0,0,0,0,14,1,0,15,0,0,0,15
10/22/2019,MWA,IL,AGL,CE,Federal Contract Tower,0,14,1,0,15,0,21,11,3,35,0,35,12,3,50,106,0,106,156
10/23/2019,MWA,IL,AGL,CE,Federal Contract Tower,0,17,1,0,18,0,16,4,0,20,0,33,5,0,38,0,0,0,38
10/24/2019,MWA,IL,AGL,CE,Federal Contract Tower,0,12,0,0,12,0,19,0,0,19,0,31,0,0,31,60,0,60,91
10/25/2019,MWA,IL,AGL,CE,Federal Contract Tower,2,5,5,0,12,0,35,10,2,47,2,40,15,2,59,46,0,46,105
10/26/2019,MWA,IL,AGL,CE,Federal Contract Tower,0,8,0,0,8,0,0,0,0,0,0,8,0,0,8,0,0,0,8
10/27/2019,MWA,IL,AGL,CE,Federal Contract Tower,0,9,2,2,13,14,21,4,0,39,14,30,6,2,52,116,2,118,170
10/28/2019,MWA,IL,AGL,CE,Federal Contract Tower,0,16,2,0,18,0,0,0,0,0,0,16,2,0,18,0,0,0,18
10/29/2019,MWA,IL,AGL,CE,Federal Contract Tower,0,11,1,0,12,0,0,0,0,0,0,11,1,0,12,0,0,0,12
10/30/2019,MWA,IL,AGL,CE,Federal Contract Tower,0,11,0,0,11,0,0,0,0,0,0,11,0,0,11,0,0,0,11
10/31/2019,MWA,IL,AGL,CE,Federal Contract Tower,0,10,0,0,10,0,1,0,0,1,0,11,0,0,11,0,0,0,11
11/01/2019,MWA,IL,AGL,CE,Federal Contract Tower,0,3,1,0,4,0,13,7,3,23,0,16,8,3,27,64,0,64,91
11/02/2019,MWA,IL,AGL,CE,Federal Contract Tower,0,6,2,0,8,0,18,13,10,41,0,24,15,10,49,46,22,68,117
11/03/2019,MWA,IL,AGL,CE,Federal Contract Tower,0,3,1,0,4,0,9,13,0,22,0,12,14,0,26,4,0,4,30
11/04/2019,MWA,IL,AGL,CE,Federal Contract Tower,0,10,0,0,10,0,29,16,1,46,0,39,16,1,56,64,0,64,120
11/05/2019,MWA,IL,AGL,CE,Federal Contract Tower,0,11,0,0,11,0,16,14,4,34,0,27,14,4,45,34,0,34,79
11/06/2019,MWA,IL,AGL,CE,Federal Contract Tower,0,12,6,0,18,0,9,4,0,13,0,21,10,0,31,12,0,12,43
11/07/2019,MWA,IL,AGL,CE,Federal Contract Tower,0,14,1,0,15,0,2,0,0,2,0,16,1,0,17,4,0,4,21
11/08/2019,MWA,IL,AGL,CE,Federal Contract Tower,0,12,0,0,12,0,9,8,5,22,0,21,8,5,34,50,10,60,94
11/09/2019,MWA,IL,AGL,CE,Federal Contract Tower,0,4,3,0,7,0,10,8,0,18,0,14,11,0,25,8,0,8,33
11/10/2019,MWA,IL,AGL,CE,Federal Contract Tower,0,4,2,0,6,0,17,8,0,25,0,21,10,0,31,10,0,10,41
11/11/2019,MWA,IL,AGL,CE,Federal Contract Tower,0,8,0,0,8,0,0,0,0,0,0,8,0,0,8,0,0,0,8
11/12/2019,MWA,IL,AGL,CE,Federal Contract Tower,0,13,1,0,14,0,2,0,4,6,0,15,1,4,20,0,0,0,20
11/13/2019,MWA,IL,AGL,CE,Federal Contract Tower,0,10,0,0,10,0,13,1,0,14,0,23,1,0,24,36,0,36,60
11/14/2019,MWA,IL,AGL,CE,Federal Contract Tower,0,10,0,0,10,0,18,9,0,27,0,28,9,0,37,18,0,18,55
11/15/2019,MWA,IL,AGL,CE,Federal Contract Tower,0,9,0,0,9,0,14,11,0,25,0,23,11,0,34,34,0,34,68
11/16/2019,MWA,IL,AGL,CE,Federal Contract Tower,0,8,1,0,9,0,10,10,6,26,0,18,11,6,35,8,0,8,43
11/17/2019,MWA,IL,AGL,CE,Federal Contract Tower,0,7,0,0,7,0,5,6,0,11,0,12,6,0,18,4,0,4,22
11/18/2019,MWA,IL,AGL,CE,Federal Contract Tower,0,12,0,0,12,0,16,6,0,22,0,28,6,0,34,22,0,22,56
11/19/2019,MWA,IL,AGL,CE,Federal Contract Tower,2,15,2,0,19,0,1,1,4,6,2,16,3,4,25,2,0,2,27
11/20/2019,MWA,IL,AGL,CE,Federal Contract Tower,2,8,1,0,11,0,27,11,0,38,2,35,12,0,49,70,0,70,119
11/21/2019,MWA,IL,AGL,CE,Federal Contract Tower,0,12,2,0,14,0,0,0,0,0,0,12,2,0,14,0,0,0,14
11/22/2019,MWA,IL,AGL,CE,Federal Contract Tower,4,9,2,0,15,0,17,7,0,24,4,26,9,0,39,36,0,36,75
11/23/2019,MWA,IL,AGL,CE,Federal Contract Tower,2,6,1,0,9,0,0,0,0,0,2,6,1,0,9,0,0,0,9
11/24/2019,MWA,IL,AGL,CE,Federal Contract Tower,0,8,0,0,8,0,10,10,4,24,0,18,10,4,32,18,0,18,50
11/25/2019,MWA,IL,AGL,CE,Federal Contract Tower,0,12,2,0,14,0,13,11,8,32,0,25,13,8,46,50,6,56,102
11/26/2019,MWA,IL,AGL,CE,Federal Contract Tower,0,18,4,0,22,0,1,1,0,2,0,19,5,0,24,20,0,20,44
11/27/2019,MWA,IL,AGL,CE,Federal Contract Tower,0,11,0,0,11,0,7,2,0,9,0,18,2,0,20,0,0,0,20
11/28/2019,MWA,IL,AGL,CE,Federal Contract Tower,0,10,1,0,11,0,1,0,0,1,0,11,1,0,12,0,0,0,12
11/29/2019,MWA,IL,AGL,CE,Federal Contract Tower,0,9,2,0,11,0,2,0,0,2,0,11,2,0,13,0,0,0,13
11/30/2019,MWA,IL,AGL,CE,Federal Contract Tower,0,11,0,0,11,0,0,0,0,0,0,11,0,0,11,0,0,0,11
12/01/2019,MWA,IL,AGL,CE,Federal Contract Tower,0,8,4,0,12,0,2,0,0,2,0,10,4,0,14,0,0,0,14
12/02/2019,MWA,IL,AGL,CE,Federal Contract Tower,0,13,0,0,13,0,2,2,4,8,0,15,2,4,21,8,0,8,29
12/03/2019,MWA,IL,AGL,CE,Federal Contract Tower,0,12,0,0,12,0,15,12,0,27,0,27,12,0,39,26,0,26,65
12/04/2019,MWA,IL,AGL,CE,Federal Contract Tower,0,10,1,0,11,0,24,12,0,36,0,34,13,0,47,34,0,34,81
12/05/2019,MWA,IL,AGL,CE,Federal Contract Tower,0,8,0,2,10,0,31,6,0,37,0,39,6,2,47,26,0,26,73
12/06/2019,MWA,IL,AGL,CE,Federal Contract Tower,0,7,0,0,7,0,2,3,4,9,0,9,3,4,16,2,4,6,22
12/07/2019,MWA,IL,AGL,CE,Federal Contract Tower,0,5,3,0,8,0,11,21,0,32,0,16,24,0,40,16,0,16,56
12/08/2019,MWA,IL,AGL,CE,Federal Contract Tower,0,6,0,0,6,0,3,3,0,6,0,9,3,0,12,6,0,6,18
12/09/2019,MWA,IL,AGL,CE,Federal Contract Tower,0,14,2,2,18,0,0,0,0,0,0,14,2,2,18,0,0,0,18
12/10/2019,MWA,IL,AGL,CE,Federal Contract Tower,0,9,2,0,11,0,10,9,0,19,0,19,11,0,30,10,0,10,40
12/11/2019,MWA,IL,AGL,CE,Federal Contract Tower,0,11,0,0,11,0,18,8,0,26,0,29,8,0,37,22,0,22,59
12/12/2019,MWA,IL,AGL,CE,Federal Contract Tower,0,18,4,2,24,0,25,32,2,59,0,43,36,4,83,76,2,78,161
12/13/2019,MWA,IL,AGL,CE,Federal Contract Tower,0,12,4,0,16,0,26,24,0,50,0,38,28,0,66,90,0,90,156
12/14/2019,MWA,IL,AGL,CE,Federal Contract Tower,0,12,0,0,12,0,2,0,0,2,0,14,0,0,14,0,0,0,14
12/15/2019,MWA,IL,AGL,CE,Federal Contract Tower,0,8,0,0,8,0,2,0,0,2,0,10,0,0,10,0,0,0,10
12/16/2019,MWA,IL,AGL,CE,Federal Contract Tower,0,9,0,0,9,0,0,0,0,0,0,9,0,0,9,0,0,0,9
12/17/2019,MWA,IL,AGL,CE,Federal Contract Tower,0,13,0,0,13,0,13,21,2,36,0,26,21,2,49,12,0,12,61
12/18/2019,MWA,IL,AGL,CE,Federal Contract Tower,0,14,1,0,15,0,0,2,0,2,0,14,3,0,17,0,0,0,17
12/19/2019,MWA,IL,AGL,CE,Federal Contract Tower,0,7,0,3,10,0,15,30,0,45,0,22,30,3,55,20,0,20,75
12/20/2019,MWA,IL,AGL,CE,Federal Contract Tower,0,14,6,0,20,0,15,20,0,35,0,29,26,0,55,106,0,106,161
12/21/2019,MWA,IL,AGL,CE,Federal Contract Tower,0,5,3,0,8,0,3,15,0,18,0,8,18,0,26,0,0,0,26
12/22/2019,MWA,IL,AGL,CE,Federal Contract Tower,0,6,0,0,6,0,7,13,0,20,0,13,13,0,26,10,0,10,36
12/23/2019,MWA,IL,AGL,CE,Federal Contract Tower,0,11,2,0,13,0,8,15,0,23,0,19,17,0,36,20,0,20,56
12/25/2019,MWA,IL,AGL,CE,Federal Contract Tower,0,7,0,0,7,0,5,3,0,8,0,12,3,0,15,0,0,0,15
12/26/2019,MWA,IL,AGL,CE,Federal Contract Tower,0,10,0,0,10,0,2,10,0,12,0,12,10,0,22,0,0,0,22
12/27/2019,MWA,IL,AGL,CE,Federal Contract Tower,0,11,3,0,14,0,0,0,0,0,0,11,3,0,14,0,0,0,14
12/28/2019,MWA,IL,AGL,CE,Federal Contract Tower,0,6,3,0,9,0,0,0,0,0,0,6,3,0,9,0,0,0,9
12/29/2019,MWA,IL,AGL,CE,Federal Contract Tower,0,5,2,0,7,0,0,1,0,1,0,5,3,0,8,0,0,0,8
12/30/2019,MWA,IL,AGL,CE,Federal Contract Tower,0,11,3,0,14,0,6,4,0,10,0,17,7,0,24,0,0,0,24
12/31/2019,MWA,IL,AGL,CE,Federal Contract Tower,0,14,1,0,15,0,3,20,0,23,0,17,21,0,38,10,0,10,48
01/01/2020,MWA,IL,AGL,CE,Federal Contract Tower,0,8,2,0,10,0,7,13,0,20,0,15,15,0,30,12,0,12,42
01/02/2020,MWA,IL,AGL,CE,Federal Contract Tower,2,16,1,0,19,0,0,2,0,2,2,16,3,0,21,12,0,12,33
01/03/2020,MWA,IL,AGL,CE,Federal Contract Tower,0,12,0,0,12,0,0,0,0,0,0,12,0,0,12,0,0,0,12
01/04/2020,MWA,IL,AGL,CE,Federal Contract Tower,0,6,0,0,6,0,5,2,0,7,0,11,2,0,13,0,0,0,13
01/05/2020,MWA,IL,AGL,CE,Federal Contract Tower,0,9,0,0,9,0,1,18,0,19,0,10,18,0,28,10,0,10,38
01/06/2020,MWA,IL,AGL,CE,Federal Contract Tower,0,10,0,0,10,0,11,16,0,27,0,21,16,0,37,50,0,50,87
01/07/2020,MWA,IL,AGL,CE,Federal Contract Tower,0,8,0,0,8,0,13,23,0,36,0,21,23,0,44,78,0,78,122
01/08/2020,MWA,IL,AGL,CE,Federal Contract Tower,0,13,0,0,13,0,16,16,0,32,0,29,16,0,45,22,0,22,67
01/09/2020,MWA,IL,AGL,CE,Federal Contract Tower,0,10,0,2,12,0,5,1,0,6,0,15,1,2,18,0,0,0,18
01/10/2020,MWA,IL,AGL,CE,Federal Contract Tower,0,10,0,0,10,0,0,0,0,0,0,10,0,0,10,0,0,0,10
01/11/2020,MWA,IL,AGL,CE,Federal Contract Tower,0,3,0,0,3,0,0,0,0,0,0,3,0,0,3,0,0,0,3
01/12/2020,MWA,IL,AGL,CE,Federal Contract Tower,0,6,0,0,6,0,0,2,0,2,0,6,2,0,8,0,0,0,8
01/13/2020,MWA,IL,AGL,CE,Federal Contract Tower,0,11,1,0,12,0,1,1,0,2,0,12,2,0,14,0,0,0,14
01/14/2020,MWA,IL,AGL,CE,Federal Contract Tower,0,15,0,12,27,0,3,7,0,10,0,18,7,12,37,58,4,62,99
01/15/2020,MWA,IL,AGL,CE,Federal Contract Tower,0,14,0,0,14,0,0,1,0,1,0,14,1,0,15,0,0,0,15
01/16/2020,MWA,IL,AGL,CE,Federal Contract Tower,0,7,0,0,7,0,27,17,0,44,0,34,17,0,51,24,0,24,75
01/17/2020,MWA,IL,AGL,CE,Federal Contract Tower,0,5,0,0,5,0,3,8,0,11,0,8,8,0,16,10,0,10,26
01/18/2020,MWA,IL,AGL,CE,Federal Contract Tower,0,4,0,0,4,0,1,0,0,1,0,5,0,0,5,0,0,0,5
01/19/2020,MWA,IL,AGL,CE,Federal Contract Tower,0,7,3,8,18,0,2,7,0,9,0,9,10,8,27,4,0,4,31
01/20/2020,MWA,IL,AGL,CE,Federal Contract Tower,0,12,2,0,14,0,6,2,0,8,0,18,4,0,22,0,0,0,22
01/21/2020,MWA,IL,AGL,CE,Federal Contract Tower,0,15,1,0,16,0,10,8,6,24,0,25,9,6,40,14,4,18,58
01/22/2020,MWA,IL,AGL,CE,Federal Contract Tower,0,15,0,0,15,0,17,25,0,42,0,32,25,0,57,36,0,36,93
01/23/2020,MWA,IL,AGL,CE,Federal Contract Tower,0,10,0,0,10,0,0,0,0,0,0,10,0,0,10,0,0,0,10
01/24/2020,MWA,IL,AGL,CE,Federal Contract Tower,0,16,6,0,22,0,0,0,0,0,0,16,6,0,22,0,0,0,22
01/25/2020,MWA,IL,AGL,CE,Federal Contract Tower,0,5,0,0,5,0,1,1,0,2,0,6,1,0,7,0,0,0,7
01/26/2020,MWA,IL,AGL,CE,Federal Contract Tower,0,6,0,0,6,0,7,8,0,15,0,13,8,0,21,14,0,14,35
01/27/2020,MWA,IL,AGL,CE,Federal Contract Tower,0,12,6,0,18,0,0,0,0,0,0,12,6,0,18,0,0,0,18
01/28/2020,MWA,IL,AGL,CE,Federal Contract Tower,0,19,0,0,19,0,0,0,0,0,0,19,0,0,19,0,0,0,19
01/29/2020,MWA,IL,AGL,CE,Federal Contract Tower,0,15,0,0,15,0,0,0,0,0,0,15,0,0,15,0,0,0,15
01/30/2020,MWA,IL,AGL,CE,Federal Contract Tower,0,11,3,0,14,0,3,0,0,3,0,14,3,0,17,0,0,0,17
01/31/2020,MWA,IL,AGL,CE,Federal Contract Tower,2,10,2,0,14,0,1,0,0,1,2,11,2,0,15,0,0,0,15
02/01/2020,MWA,IL,AGL,CE,Federal Contract Tower,0,6,2,0,8,0,6,6,0,12,0,12,8,0,20,2,0,2,22
02/02/2020,MWA,IL,AGL,CE,Federal Contract Tower,0,6,3,0,9,0,20,25,0,45,0,26,28,0,54,74,0,74,128
02/03/2020,MWA,IL,AGL,CE,Federal Contract Tower,0,13,0,0,13,0,32,11,0,43,0,45,11,0,56,60,0,60,116
02/04/2020,MWA,IL,AGL,CE,Federal Contract Tower,0,15,0,0,15,0,0,0,0,0,0,15,0,0,15,0,0,0,15
02/05/2020,MWA,IL,AGL,CE,Federal Contract Tower,0,8,0,0,8,0,0,0,0,0,0,8,0,0,8,0,0,0,8
02/06/2020,MWA,IL,AGL,CE,Federal Contract Tower,0,17,0,0,17,0,0,1,0,1,0,17,1,0,18,0,0,0,18
02/07/2020,MWA,IL,AGL,CE,Federal Contract Tower,0,15,2,0,17,0,22,20,2,44,0,37,22,2,61,180,0,180,241
02/08/2020,MWA,IL,AGL,CE,Federal Contract Tower,0,7,0,0,7,0,24,24,2,50,0,31,24,2,57,76,16,92,149
02/09/2020,MWA,IL,AGL,CE,Federal Contract Tower,0,10,2,0,12,0,2,10,0,12,0,12,12,0,24,0,0,0,24
02/10/2020,MWA,IL,AGL,CE,Federal Contract Tower,0,13,1,0,14,0,0,0,0,0,0,13,1,0,14,0,0,0,14
02/11/2020,MWA,IL,AGL,CE,Federal Contract Tower,0,14,0,0,14,0,13,11,0,24,0,27,11,0,38,76,0,76,114
02/12/2020,MWA,IL,AGL,CE,Federal Contract Tower,0,14,0,0,14,0,0,0,0,0,0,14,0,0,14,0,0,0,14
02/13/2020,MWA,IL,AGL,CE,Federal Contract Tower,0,13,1,2,16,0,10,1,0,11,0,23,2,2,27,42,0,42,69
02/14/2020,MWA,IL,AGL,CE,Federal Contract Tower,0,14,0,0,14,0,18,12,0,30,0,32,12,0,44,112,0,112,156
02/15/2020,MWA,IL,AGL,CE,Federal Contract Tower,0,6,0,0,6,0,15,5,0,20,0,21,5,0,26,14,0,14,40
02/16/2020,MWA,IL,AGL,CE,Federal Contract Tower,0,10,0,0,10,0,15,22,4,41,0,25,22,4,51,78,8,86,137
02/17/2020,MWA,IL,AGL,CE,Federal Contract Tower,0,15,0,0,15,0,1,2,0,3,0,16,2,0,18,32,0,32,50
02/18/2020,MWA,IL,AGL,CE,Federal Contract Tower,0,10,0,2,12,0,4,0,0,4,0,14,0,2,16,8,0,8,24
02/19/2020,MWA,IL,AGL,CE,Federal Contract Tower,0,13,5,0,18,0,21,9,2,32,0,34,14,2,50,62,0,62,112
02/20/2020,MWA,IL,AGL,CE,Federal Contract Tower,0,7,3,0,10,0,45,9,0,54,0,52,12,0,64,68,0,68,132
02/21/2020,MWA,IL,AGL,CE,Federal Contract Tower,0,4,2,0,6,0,25,22,0,47,0,29,24,0,53,34,12,46,99
02/22/2020,MWA,IL,AGL,CE,Federal Contract Tower,0,7,2,0,9,0,6,22,2,30,0,13,24,2,39,52,0,52,91
02/23/2020,MWA,IL,AGL,CE,Federal Contract Tower,1,9,1,0,11,0,1,9,0,10,1,10,10,0,21,0,0,0,21
02/24/2020,MWA,IL,AGL,CE,Federal Contract Tower,0,18,0,0,18,0,0,0,0,0,0,18,0,0,18,0,0,0,18
02/25/2020,MWA,IL,AGL,CE,Federal Contract Tower,0,21,0,0,21,0,1,0,0,1,0,22,0,0,22,0,0,0,22
02/26/2020,MWA,IL,AGL,CE,Federal Contract Tower,0,10,0,0,10,0,0,0,0,0,0,10,0,0,10,0,0,0,10
02/27/2020,MWA,IL,AGL,CE,Federal Contract Tower,0,14,1,0,15,0,38,10,0,48,0,52,11,0,63,88,0,88,151
02/28/2020,MWA,IL,AGL,CE,Federal Contract Tower,0,10,0,0,10,0,19,14,0,33,0,29,14,0,43,58,0,58,101
02/29/2020,MWA,IL,AGL,CE,Federal Contract Tower,0,4,6,0,10,0,7,44,0,51,0,11,50,0,61,50,0,50,111
03/01/2020,MWA,IL,AGL,CE,Federal Contract Tower,0,3,0,0,3,0,12,4,2,18,0,15,4,2,21,10,8,18,39
03/02/2020,MWA,IL,AGL,CE,Federal Contract Tower,0,16,4,1,21,0,3,0,0,3,0,19,4,1,24,2,0,2,26
03/03/2020,MWA,IL,AGL,CE,Federal Contract Tower,0,9,5,0,14,0,55,23,0,78,0,64,28,0,92,86,0,86,178
03/04/2020,MWA,IL,AGL,CE,Federal Contract Tower,0,17,3,0,20,0,22,23,7,52,0,39,26,7,72,62,0,62,134
03/05/2020,MWA,IL,AGL,CE,Federal Contract Tower,0,13,1,0,14,0,34,30,0,64,0,47,31,0,78,86,0,86,164
03/06/2020,MWA,IL,AGL,CE,Federal Contract Tower,0,10,0,0,10,0,24,3,0,27,0,34,3,0,37,10,0,10,47
03/07/2020,MWA,IL,AGL,CE,Federal Contract Tower,0,10,5,7,22,0,18,21,5,44,0,28,26,12,66,38,26,64,130
03/08/2020,MWA,IL,AGL,CE,Federal Contract Tower,0,6,2,0,8,0,15,9,0,24,0,21,11,0,32,50,0,50,82
03/09/2020,MWA,IL,AGL,CE,Federal Contract Tower,0,11,1,0,12,0,1,2,0,3,0,12,3,0,15,0,0,0,15
03/10/2020,MWA,IL,AGL,CE,Federal Contract Tower,0,23,0,0,23,0,6,0,0,6,0,29,0,0,29,0,0,0,29
03/11/2020,MWA,IL,AGL,CE,Federal Contract Tower,0,17,1,0,18,0,1,7,0,8,0,18,8,0,26,14,0,14,40
03/12/2020,MWA,IL,AGL,CE,Federal Contract Tower,0,13,1,0,14,0,0,0,0,0,0,13,1,0,14,0,0,0,14
03/13/2020,MWA,IL,AGL,CE,Federal Contract Tower,0,17,1,2,20,0,5,13,0,18,0,22,14,2,38,16,0,16,54
03/14/2020,MWA,IL,AGL,CE,Federal Contract Tower,0,9,0,0,9,0,0,0,0,0,0,9,0,0,9,0,0,0,9
03/15/2020,MWA,IL,AGL,CE,Federal Contract Tower,0,7,6,1,14,0,2,1,3,6,0,9,7,4,20,0,0,0,20
03/16/2020,MWA,IL,AGL,CE,Federal Contract Tower,0,9,1,7,17,0,1,3,2,6,0,10,4,9,23,20,10,30,53
03/17/2020,MWA,IL,AGL,CE,Federal Contract Tower,0,12,1,0,13,0,8,7,0,15,0,20,8,0,28,70,0,70,98
03/18/2020,MWA,IL,AGL,CE,Federal Contract Tower,0,14,0,0,14,0,0,0,0,0,0,14,0,0,14,0,0,0,14
03/19/2020,MWA,IL,AGL,CE,Federal Contract Tower,0,14,0,0,14,0,1,0,0,1,0,15,0,0,15,0,0,0,15
03/20/2020,MWA,IL,AGL,CE,Federal Contract Tower,0,11,0,0,11,0,2,3,0,5,0,13,3,0,16,18,0,18,34
03/21/2020,MWA,IL,AGL,CE,Federal Contract Tower,0,7,1,0,8,0,1,9,2,12,0,8,10,2,20,26,0,26,46
03/22/2020,MWA,IL,AGL,CE,Federal Contract Tower,0,6,0,0,6,0,4,0,0,4,0,10,0,0,10,0,0,0,10
03/23/2020,MWA,IL,AGL,CE,Federal Contract Tower,0,12,0,0,12,0,2,1,0,3,0,14,1,0,15,0,0,0,15
03/24/2020,MWA,IL,AGL,CE,Federal Contract Tower,0,8,0,0,8,0,1,0,0,1,0,9,0,0,9,0,0,0,9
03/25/2020,MWA,IL,AGL,CE,Federal Contract Tower,0,14,1,0,15,0,6,6,0,12,0,20,7,0,27,22,0,22,49
03/26/2020,MWA,IL,AGL,CE,Federal Contract Tower,0,5,0,0,5,0,7,4,0,11,0,12,4,0,16,0,0,0,16
03/28/2020,MWA,IL,AGL,CE,Federal Contract Tower,0,3,0,0,3,0,3,0,0,3,0,6,0,0,6,0,0,0,6
03/29/2020,MWA,IL,AGL,CE,Federal Contract Tower,0,5,0,0,5,0,1,0,0,1,0,6,0,0,6,0,0,0,6
03/30/2020,MWA,IL,AGL,CE,Federal Contract Tower,0,5,0,0,5,0,8,6,0,14,0,13,6,0,19,0,0,0,19
03/31/2020,MWA,IL,AGL,CE,Federal Contract Tower,0,10,0,0,10,0,5,4,0,9,0,15,4,0,19,0,0,0,19
04/01/2020,MWA,IL,AGL,CE,Federal Contract Tower,0,7,0,0,7,0,12,7,0,19,0,19,7,0,26,30,0,30,56
04/02/2020,MWA,IL,AGL,CE,Federal Contract Tower,0,1,0,1,2,0,13,3,1,17,0,14,3,2,19,0,3,3,22
04/03/2020,MWA,IL,AGL,CE,Federal Contract Tower,0,7,1,0,8,0,2,5,0,7,0,9,6,0,15,2,0,2,17
04/04/2020,MWA,IL,AGL,CE,Federal Contract Tower,0,6,1,0,7,0,0,0,5,5,0,6,1,5,12,0,0,0,12
04/05/2020,MWA,IL,AGL,CE,Federal Contract Tower,0,8,4,0,12,0,0,0,1,1,0,8,4,1,13,0,0,0,13
04/06/2020,MWA,IL,AGL,CE,Federal Contract Tower,0,11,1,0,12,0,2,5,1,8,0,13,6,1,20,0,0,0,20
04/07/2020,MWA,IL,AGL,CE,Federal Contract Tower,0,9,0,0,9,0,3,2,0,5,0,12,2,0,14,0,0,0,14
04/08/2020,MWA,IL,AGL,CE,Federal Contract Tower,0,8,5,0,13,0,6,6,0,12,0,14,11,0,25,20,0,20,45
04/09/2020,MWA,IL,AGL,CE,Federal Contract Tower,0,8,1,0,9,0,3,3,0,6,0,11,4,0,15,0,0,0,15
04/10/2020,MWA,IL,AGL,CE,Federal Contract Tower,0,12,0,0,12,0,5,8,0,13,0,17,8,0,25,6,0,6,31
04/11/2020,MWA,IL,AGL,CE,Federal Contract Tower,0,6,0,0,6,0,1,0,0,1,0,7,0,0,7,0,0,0,7
04/12/2020,MWA,IL,AGL,CE,Federal Contract Tower,0,5,0,0,5,0,2,0,0,2,0,7,0,0,7,0,0,0,7
04/13/2020,MWA,IL,AGL,CE,Federal Contract Tower,0,11,0,0,11,0,3,0,0,3,0,14,0,0,14,0,0,0,14
04/14/2020,MWA,IL,AGL,CE,Federal Contract Tower,0,8,3,0,11,0,4,2,0,6,0,12,5,0,17,6,0,6,23
04/15/2020,MWA,IL,AGL,CE,Federal Contract Tower,0,7,4,0,11,0,12,2,0,14,0,19,6,0,25,16,0,16,41
04/16/2020,MWA,IL,AGL,CE,Federal Contract Tower,0,6,0,0,6,0,6,14,0,20,0,12,14,0,26,4,0,4,30
04/17/2020,MWA,IL,AGL,CE,Federal Contract Tower,0,12,1,0,13,0,5,2,0,7,0,17,3,0,20,14,0,14,34
04/18/2020,MWA,IL,AGL,CE,Federal Contract Tower,0,4,0,2,6,0,5,5,0,10,0,9,5,2,16,34,0,34,50
04/19/2020,MWA,IL,AGL,CE,Federal Contract Tower,0,8,0,0,8,0,2,0,0,2,0,10,0,0,10,0,0,0,10
04/20/2020,MWA,IL,AGL,CE,Federal Contract Tower,0,10,0,0,10,0,2,3,0,5,0,12,3,0,15,14,0,14,29
04/21/2020,MWA,IL,AGL,CE,Federal Contract Tower,0,12,0,0,12,0,4,3,0,7,0,16,3,0,19,8,0,8,27
04/22/2020,MWA,IL,AGL,CE,Federal Contract Tower,0,12,4,0,16,0,6,5,0,11,0,18,9,0,27,6,0,6,33
04/23/2020,MWA,IL,AGL,CE,Federal Contract Tower,0,15,0,0,15,0,0,0,0,0,0,15,0,0,15,0,0,0,15
04/24/2020,MWA,IL,AGL,CE,Federal Contract Tower,0,11,1,0,12,0,7,6,0,13,0,18,7,0,25,8,0,8,33
04/25/2020,MWA,IL,AGL,CE,Federal Contract Tower,0,6,0,0,6,0,0,0,0,0,0,6,0,0,6,0,0,0,6
04/26/2020,MWA,IL,AGL,CE,Federal Contract Tower,0,7,0,0,7,0,2,4,0,6,0,9,4,0,13,0,0,0,13
04/27/2020,MWA,IL,AGL,CE,Federal Contract Tower,0,12,0,0,12,0,3,7,0,10,0,15,7,0,22,4,0,4,26
04/28/2020,MWA,IL,AGL,CE,Federal Contract Tower,0,8,0,0,8,0,5,1,0,6,0,13,1,0,14,0,0,0,14
04/29/2020,MWA,IL,AGL,CE,Federal Contract Tower,0,10,1,0,11,0,0,6,0,6,0,10,7,0,17,0,0,0,17
04/30/2020,MWA,IL,AGL,CE,Federal Contract Tower,0,11,1,0,12,0,5,2,0,7,0,16,3,0,19,0,0,0,19
05/01/2020,MWA,IL,AGL,CE,Federal Contract Tower,0,9,1,0,10,0,7,11,0,18,0,16,12,0,28,0,0,0,28
05/02/2020,MWA,IL,AGL,CE,Federal Contract Tower,0,4,0,0,4,0,1,12,0,13,0,5,12,0,17,2,0,2,19
05/03/2020,MWA,IL,AGL,CE,Federal Contract Tower,0,4,0,0,4,0,1,4,0,5,0,5,4,0,9,6,0,6,15
05/04/2020,MWA,IL,AGL,CE,Federal Contract Tower,0,12,1,0,13,0,2,15,0,17,0,14,16,0,30,18,0,18,48
05/05/2020,MWA,IL,AGL,CE,Federal Contract Tower,0,14,2,0,16,0,3,8,0,11,0,17,10,0,27,0,0,0,27
05/06/2020,MWA,IL,AGL,CE,Federal Contract Tower,0,12,1,0,13,0,1,8,0,9,0,13,9,0,22,4,0,4,26
05/07/2020,MWA,IL,AGL,CE,Federal Contract Tower,0,10,0,0,10,0,12,18,0,30,0,22,18,0,40,30,0,30,70
05/08/2020,MWA,IL,AGL,CE,Federal Contract Tower,0,11,0,0,11,0,0,0,0,0,0,11,0,0,11,0,0,0,11
05/09/2020,MWA,IL,AGL,CE,Federal Contract Tower,0,6,0,0,6,0,1,18,0,19,0,7,18,0,25,0,0,0,25
05/10/2020,MWA,IL,AGL,CE,Federal Contract Tower,0,5,0,0,5,0,10,4,0,14,0,15,4,0,19,0,0,0,19
05/11/2020,MWA,IL,AGL,CE,Federal Contract Tower,0,15,0,0,15,0,7,14,0,21,0,22,14,0,36,28,0,28,64
05/12/2020,MWA,IL,AGL,CE,Federal Contract Tower,0,11,3,0,14,0,10,12,0,22,0,21,15,0,36,48,0,48,84
05/13/2020,MWA,IL,AGL,CE,Federal Contract Tower,0,14,1,0,15,0,0,0,0,0,0,14,1,0,15,0,0,0,15
05/14/2020,MWA,IL,AGL,CE,Federal Contract Tower,0,11,0,0,11,0,5,0,0,5,0,16,0,0,16,2,0,2,18
05/15/2020,MWA,IL,AGL,CE,Federal Contract Tower,0,9,0,0,9,0,2,0,0,2,0,11,0,0,11,0,0,0,11
05/16/2020,MWA,IL,AGL,CE,Federal Contract Tower,0,4,0,0,4,0,2,4,0,6,0,6,4,0,10,0,0,0,10
05/17/2020,MWA,IL,AGL,CE,Federal Contract Tower,0,8,0,0,8,0,2,0,0,2,0,10,0,0,10,0,0,0,10
05/18/2020,MWA,IL,AGL,CE,Federal Contract Tower,0,10,2,0,12,0,3,11,0,14,0,13,13,0,26,58,0,58,84
05/19/2020,MWA,IL,AGL,CE,Federal Contract Tower,0,15,2,0,17,0,0,0,0,0,0,15,2,0,17,0,0,0,17
05/20/2020,MWA,IL,AGL,CE,Federal Contract Tower,0,15,0,0,15,0,1,6,0,7,0,16,6,0,22,0,0,0,22
05/21/2020,MWA,IL,AGL,CE,Federal Contract Tower,0,11,0,0,11,0,4,0,0,4,0,15,0,0,15,0,0,0,15
05/22/2020,MWA,IL,AGL,CE,Federal Contract Tower,0,7,2,0,9,0,0,7,0,7,0,7,9,0,16,4,0,4,20
05/23/2020,MWA,IL,AGL,CE,Federal Contract Tower,0,9,2,0,11,0,7,10,0,17,0,16,12,0,28,2,0,2,30
05/24/2020,MWA,IL,AGL,CE,Federal Contract Tower,0,3,0,0,3,0,3,10,0,13,0,6,10,0,16,24,0,24,40
05/25/2020,MWA,IL,AGL,CE,Federal Contract Tower,0,7,0,0,7,0,6,6,0,12,0,13,6,0,19,8,0,8,27
05/26/2020,MWA,IL,AGL,CE,Federal Contract Tower,0,14,0,0,14,0,2,11,0,13,0,16,11,0,27,0,0,0,27
05/27/2020,MWA,IL,AGL,CE,Federal Contract Tower,0,14,1,0,15,0,0,0,0,0,0,14,1,0,15,0,0,0,15
05/28/2020,MWA,IL,AGL,CE,Federal Contract Tower,0,11,0,0,11,0,0,5,0,5,0,11,5,0,16,12,0,12,28
05/29/2020,MWA,IL,AGL,CE,Federal Contract Tower,0,14,2,0,16,0,1,14,0,15,0,15,16,0,31,0,0,0,31
05/31/2020,MWA,IL,AGL,CE,Federal Contract Tower,0,6,0,0,6,0,0,11,0,11,0,6,11,0,17,10,0,10,27
06/01/2020,MWA,IL,AGL,CE,Federal Contract Tower,0,9,0,0,9,0,11,22,0,33,0,20,22,0,42,82,0,82,124
06/02/2020,MWA,IL,AGL,CE,Federal Contract Tower,0,10,1,0,11,0,14,17,0,31,0,24,18,0,42,62,0,62,104
06/03/2020,MWA,IL,AGL,CE,Federal Contract Tower,0,12,3,0,15,0,7,12,0,19,0,19,15,0,34,36,0,36,70
06/04/2020,MWA,IL,AGL,CE,Federal Contract Tower,0,11,0,0,11,0,1,3,0,4,0,12,3,0,15,0,0,0,15
06/05/2020,MWA,IL,AGL,CE,Federal Contract Tower,0,10,0,0,10,0,14,22,0,36,0,24,22,0,46,10,0,10,56
06/06/2020,MWA,IL,AGL,CE,Federal Contract Tower,0,9,3,0,12,0,5,23,0,28,0,14,26,0,40,4,0,4,44
06/07/2020,MWA,IL,AGL,CE,Federal Contract Tower,0,8,0,0,8,0,4,10,0,14,0,12,10,0,22,0,0,0,22
06/08/2020,MWA,IL,AGL,CE,Federal Contract Tower,0,14,1,0,15,0,4,4,0,8,0,18,5,0,23,32,0,32,55
06/09/2020,MWA,IL,AGL,CE,Federal Contract Tower,0,14,1,0,15,0,0,0,0,0,0,14,1,0,15,0,0,0,15
06/10/2020,MWA,IL,AGL,CE,Federal Contract Tower,0,14,3,0,17,0,1,0,0,1,0,15,3,0,18,0,0,0,18
06/11/2020,MWA,IL,AGL,CE,Federal Contract Tower,0,7,0,0,7,0,20,19,0,39,0,27,19,0,46,50,0,50,96
06/12/2020,MWA,IL,AGL,CE,Federal Contract Tower,0,7,0,0,7,0,12,20,0,32,0,19,20,0,39,18,0,18,57
06/13/2020,MWA,IL,AGL,CE,Federal Contract Tower,0,6,1,0,7,0,14,13,0,27,0,20,14,0,34,52,0,52,86
06/14/2020,MWA,IL,AGL,CE,Federal Contract Tower,0,9,1,0,10,0,2,16,0,18,0,11,17,0,28,4,0,4,32
06/15/2020,MWA,IL,AGL,CE,Federal Contract Tower,0,11,2,0,13,0,17,10,0,27,0,28,12,0,40,20,0,20,60
06/16/2020,MWA,IL,AGL,CE,Federal Contract Tower,0,11,1,0,12,0,5,14,0,19,0,16,15,0,31,30,0,30,61
06/17/2020,MWA,IL,AGL,CE,Federal Contract Tower,0,11,7,0,18,0,14,10,0,24,0,25,17,0,42,34,0,34,76
06/18/2020,MWA,IL,AGL,CE,Federal Contract Tower,0,10,0,0,10,0,19,24,2,45,0,29,24,2,55,98,0,98,153
06/19/2020,MWA,IL,AGL,CE,Federal Contract Tower,0,8,2,0,10,0,8,18,0,26,0,16,20,0,36,28,0,28,64
06/20/2020,MWA,IL,AGL,CE,Federal Contract Tower,0,9,1,0,10,0,9,13,0,22,0,18,14,0,32,30,0,30,62
06/21/2020,MWA,IL,AGL,CE,Federal Contract Tower,0,8,0,0,8,0,0,6,0,6,0,8,6,0,14,0,0,0,14
06/22/2020,MWA,IL,AGL,CE,Federal Contract Tower,0,14,2,0,16,0,1,4,0,5,0,15,6,0,21,12,0,12,33
06/23/2020,MWA,IL,AGL,CE,Federal Contract Tower,0,17,4,0,21,0,14,9,3,26,0,31,13,3,47,40,0,40,87
06/24/2020,MWA,IL,AGL,CE,Federal Contract Tower,0,17,2,0,19,0,22,17,0,39,0,39,19,0,58,74,0,74,132
06/25/2020,MWA,IL,AGL,CE,Federal Contract Tower,0,16,5,0,21,0,11,13,0,24,0,27,18,0,45,4,0,4,49
06/26/2020,MWA,IL,AGL,CE,Federal Contract Tower,0,16,1,0,17,0,3,13,0,16,0,19,14,0,33,26,0,26,59
06/27/2020,MWA,IL,AGL,CE,Federal Contract Tower,0,6,2,0,8,0,3,9,0,12,0,9,11,0,20,32,0,32,52
06/28/2020,MWA,IL,AGL,CE,Federal Contract Tower,0,8,4,0,12,0,0,2,0,2,0,8,6,0,14,0,0,0,14
06/29/2020,MWA,IL,AGL,CE,Federal Contract Tower,0,13,1,0,14,0,9,19,0,28,0,22,20,0,42,70,0,70,112
06/30/2020,MWA,IL,AGL,CE,Federal Contract Tower,0,7,1,0,8,0,0,2,0,2,0,7,3,0,10,0,0,0,10
07/01/2020,MWA,IL,AGL,CE,Federal Contract Tower,0,7,0,0,7,0,0,3,0,3,0,7,3,0,10,0,0,0,10
07/02/2020,MWA,IL,AGL,CE,Federal Contract Tower,0,12,0,0,12,0,6,14,0,20,0,18,14,0,32,40,0,40,72
07/03/2020,MWA,IL,AGL,CE,Federal Contract Tower,0,13,1,0,14,0,3,19,0,22,0,16,20,0,36,8,0,8,44
07/04/2020,MWA,IL,AGL,CE,Federal Contract Tower,0,8,0,0,8,0,0,13,0,13,0,8,13,0,21,6,0,6,27
07/05/2020,MWA,IL,AGL,CE,Federal Contract Tower,0,8,0,0,8,0,1,6,0,7,0,9,6,0,15,0,0,0,15
07/06/2020,MWA,IL,AGL,CE,Federal Contract Tower,0,11,2,0,13,0,6,14,1,21,0,17,16,1,34,34,0,34,68
07/07/2020,MWA,IL,AGL,CE,Federal Contract Tower,0,17,1,1,19,0,6,24,3,33,0,23,25,4,52,74,0,74,126
07/08/2020,MWA,IL,AGL,CE,Federal Contract Tower,0,15,2,1,18,0,13,5,3,21,0,28,7,4,39,50,0,50,89
07/09/2020,MWA,IL,AGL,CE,Federal Contract Tower,0,16,1,0,17,0,17,18,0,35,0,33,19,0,52,32,0,32,84
07/10/2020,MWA,IL,AGL,CE,Federal Contract Tower,0,12,3,0,15,0,12,6,0,18,0,24,9,0,33,10,0,10,43
07/11/2020,MWA,IL,AGL,CE,Federal Contract Tower,0,11,2,0,13,0,1,5,0,6,0,12,7,0,19,0,0,0,19
07/12/2020,MWA,IL,AGL,CE,Federal Contract Tower,0,7,2,0,9,0,13,3,0,16,0,20,5,0,25,76,0,76,101
07/13/2020,MWA,IL,AGL,CE,Federal Contract Tower,0,13,2,0,15,0,3,10,0,13,0,16,12,0,28,28,0,28,56
07/14/2020,MWA,IL,AGL,CE,Federal Contract Tower,0,10,2,0,12,0,17,7,0,24,0,27,9,0,36,52,0,52,88
07/15/2020,MWA,IL,AGL,CE,Federal Contract Tower,0,14,2,0,16,0,11,4,4,19,0,25,6,4,35,10,0,10,45
07/16/2020,MWA,IL,AGL,CE,Federal Contract Tower,0,10,3,0,13,0,8,0,0,8,0,18,3,0,21,0,0,0,21
07/17/2020,MWA,IL,AGL,CE,Federal Contract Tower,0,12,4,0,16,0,2,11,0,13,0,14,15,0,29,18,0,18,47
07/18/2020,MWA,IL,AGL,CE,Federal Contract Tower,0,4,4,0,8,0,8,8,0,16,0,12,12,0,24,4,0,4,28
07/19/2020,MWA,IL,AGL,CE,Federal Contract Tower,0,6,0,0,6,0,2,5,0,7,0,8,5,0,13,0,0,0,13
07/20/2020,MWA,IL,AGL,CE,Federal Contract Tower,0,8,2,0,10,0,14,2,0,16,0,22,4,0,26,0,0,0,26
07/21/2020,MWA,IL,AGL,CE,Federal Contract Tower,0,8,2,0,10,0,11,15,0,26,0,19,17,0,36,32,0,32,68
07/22/2020,MWA,IL,AGL,CE,Federal Contract Tower,0,8,0,0,8,0,11,10,0,21,0,19,10,0,29,40,0,40,69
07/23/2020,MWA,IL,AGL,CE,Federal Contract Tower,0,16,2,0,18,0,7,2,0,9,0,23,4,0,27,20,0,20,47
07/24/2020,MWA,IL,AGL,CE,Federal Contract Tower,0,10,4,0,14,0,9,11,0,20,0,19,15,0,34,30,0,30,64
07/25/2020,MWA,IL,AGL,CE,Federal Contract Tower,0,9,1,0,10,0,4,12,0,16,0,13,13,0,26,0,0,0,26
07/26/2020,MWA,IL,AGL,CE,Federal Contract Tower,0,11,2,0,13,0,4,7,0,11,0,15,9,0,24,0,0,0,24
07/27/2020,MWA,IL,AGL,CE,Federal Contract Tower,0,14,3,0,17,0,16,4,0,20,0,30,7,0,37,34,0,34,71
07/28/2020,MWA,IL,AGL,CE,Federal Contract Tower,0,19,5,0,24,0,1,2,0,3,0,20,7,0,27,24,0,24,51
07/29/2020,MWA,IL,AGL,CE,Federal Contract Tower,0,15,0,0,15,0,0,4,0,4,0,15,4,0,19,10,0,10,29
07/30/2020,MWA,IL,AGL,CE,Federal Contract Tower,6,16,1,0,23,0,0,0,0,0,6,16,1,0,23,4,0,4,27
07/31/2020,MWA,IL,AGL,CE,Federal Contract Tower,2,12,1,0,15,0,0,1,0,1,2,12,2,0,16,0,0,0,16
08/01/2020,MWA,IL,AGL,CE,Federal Contract Tower,0,7,3,0,10,0,0,0,0,0,0,7,3,0,10,0,0,0,10
08/02/2020,MWA,IL,AGL,CE,Federal Contract Tower,0,6,0,0,6,0,2,7,0,9,0,8,7,0,15,2,0,2,17
08/03/2020,MWA,IL,AGL,CE,Federal Contract Tower,0,16,11,0,27,0,10,9,0,19,0,26,20,0,46,30,0,30,76
08/04/2020,MWA,IL,AGL,CE,Federal Contract Tower,0,10,0,0,10,0,15,5,0,20,0,25,5,0,30,8,0,8,38
08/05/2020,MWA,IL,AGL,CE,Federal Contract Tower,2,16,0,0,18,0,21,11,0,32,2,37,11,0,50,60,0,60,110
08/06/2020,MWA,IL,AGL,CE,Federal Contract Tower,0,10,2,0,12,0,11,11,0,22,0,21,13,0,34,14,0,14,48
08/07/2020,MWA,IL,AGL,CE,Federal Contract Tower,0,10,0,0,10,0,6,9,0,15,0,16,9,0,25,1,0,1,26
08/08/2020,MWA,IL,AGL,CE,Federal Contract Tower,2,9,1,0,12,0,5,10,0,15,2,14,11,0,27,36,0,36,63
08/09/2020,MWA,IL,AGL,CE,Federal Contract Tower,0,6,0,0,6,0,6,10,0,16,0,12,10,0,22,24,0,24,46
08/10/2020,MWA,IL,AGL,CE,Federal Contract Tower,0,14,0,0,14,0,2,17,0,19,0,16,17,0,33,24,0,24,57
08/11/2020,MWA,IL,AGL,CE,Federal Contract Tower,4,18,0,0,22,0,6,12,0,18,4,24,12,0,40,52,0,52,92
08/12/2020,MWA,IL,AGL,CE,Federal Contract Tower,0,17,1,0,18,0,1,2,0,3,0,18,3,0,21,4,0,4,25
08/13/2020,MWA,IL,AGL,CE,Federal Contract Tower,0,13,3,0,16,0,2,2,0,4,0,15,5,0,20,0,0,0,20
08/14/2020,MWA,IL,AGL,CE,Federal Contract Tower,0,11,1,0,12,0,2,2,0,4,0,13,3,0,16,10,0,10,26
08/15/2020,MWA,IL,AGL,CE,Federal Contract Tower,0,6,2,2,10,0,2,8,1,11,0,8,10,3,21,16,10,26,47
08/16/2020,MWA,IL,AGL,CE,Federal Contract Tower,0,8,0,0,8,0,9,13,0,22,0,17,13,0,30,6,0,6,36
08/17/2020,MWA,IL,AGL,CE,Federal Contract Tower,0,8,2,0,10,0,11,7,0,18,0,19,9,0,28,26,0,26,54
08/18/2020,MWA,IL,AGL,CE,Federal Contract Tower,0,23,2,0,25,0,6,3,0,9,0,29,5,0,34,0,0,0,34
08/19/2020,MWA,IL,AGL,CE,Federal Contract Tower,0,14,0,0,14,0,12,14,3,29,0,26,14,3,43,20,4,24,67
08/20/2020,MWA,IL,AGL,CE,Federal Contract Tower,0,12,1,0,13,0,19,29,0,48,0,31,30,0,61,78,0,78,139
08/21/2020,MWA,IL,AGL,CE,Federal Contract Tower,0,10,1,0,11,0,17,15,0,32,0,27,16,0,43,78,0,78,121
08/22/2020,MWA,IL,AGL,CE,Federal Contract Tower,0,5,0,0,5,0,6,10,5,21,0,11,10,5,26,14,0,14,40
08/23/2020,MWA,IL,AGL,CE,Federal Contract Tower,0,6,0,0,6,0,6,7,0,13,0,12,7,0,19,0,0,0,19
08/24/2020,MWA,IL,AGL,CE,Federal Contract Tower,0,9,1,0,10,0,30,8,0,38,0,39,9,0,48,38,0,38,86
08/25/2020,MWA,IL,AGL,CE,Federal Contract Tower,0,13,3,0,16,0,26,32,0,58,0,39,35,0,74,82,0,82,156
08/26/2020,MWA,IL,AGL,CE,Federal Contract Tower,0,25,0,0,25,0,3,5,0,8,0,28,5,0,33,6,0,6,39
08/27/2020,MWA,IL,AGL,CE,Federal Contract Tower,0,14,0,0,14,0,7,11,0,18,0,21,11,0,32,28,0,28,60
08/28/2020,MWA,IL,AGL,CE,Federal Contract Tower,0,12,0,0,12,0,2,0,0,2,0,14,0,0,14,0,0,0,14
08/29/2020,MWA,IL,AGL,CE,Federal Contract Tower,0,5,0,0,5,0,8,9,0,17,0,13,9,0,22,18,0,18,40
08/30/2020,MWA,IL,AGL,CE,Federal Contract Tower,0,9,0,0,9,0,4,0,0,4,0,13,0,0,13,2,0,2,15
08/31/2020,MWA,IL,AGL,CE,Federal Contract Tower,0,17,0,0,17,0,10,1,0,11,0,27,1,0,28,24,0,24,52
09/01/2020,MWA,IL,AGL,CE,Federal Contract Tower,0,28,0,0,28,0,3,3,0,6,0,31,3,0,34,22,0,22,56
09/02/2020,MWA,IL,AGL,CE,Federal Contract Tower,0,18,1,0,19,0,0,1,0,1,0,18,2,0,20,0,0,0,20
09/03/2020,MWA,IL,AGL,CE,Federal Contract Tower,0,15,2,1,18,0,18,0,0,18,0,33,2,1,36,18,0,18,54
09/05/2020,MWA,IL,AGL,CE,Federal Contract Tower,0,8,0,0,8,0,14,18,0,32,0,22,18,0,40,4,0,4,44
09/06/2020,MWA,IL,AGL,CE,Federal Contract Tower,0,5,0,0,5,0,5,10,0,15,0,10,10,0,20,12,0,12,32
09/07/2020,MWA,IL,AGL,CE,Federal Contract Tower,0,8,1,0,9,0,10,26,0,36,0,18,27,0,45,34,0,34,79
09/08/2020,MWA,IL,AGL,CE,Federal Contract Tower,0,11,1,0,12,0,19,18,0,37,0,30,19,0,49,116,0,116,165
09/09/2020,MWA,IL,AGL,CE,Federal Contract Tower,0,14,2,0,16,0,10,9,0,19,0,24,11,0,35,78,0,78,113
09/10/2020,MWA,IL,AGL,CE,Federal Contract Tower,0,17,2,0,19,0,18,15,0,33,0,35,17,0,52,106,0,106,158
09/11/2020,MWA,IL,AGL,CE,Federal Contract Tower,0,14,0,0,14,0,13,10,0,23,0,27,10,0,37,16,0,16,53
09/12/2020,MWA,IL,AGL,CE,Federal Contract Tower,0,9,3,0,12,0,4,2,5,11,0,13,5,5,23,2,4,6,29
09/13/2020,MWA,IL,AGL,CE,Federal Contract Tower,0,7,3,3,13,3,3,8,0,14,3,10,11,3,27,40,6,46,73
09/14/2020,MWA,IL,AGL,CE,Federal Contract Tower,0,12,0,0,12,0,23,14,0,37,0,35,14,0,49,52,0,52,101
09/15/2020,MWA,IL,AGL,CE,Federal Contract Tower,0,11,1,0,12,0,18,19,0,37,0,29,20,0,49,100,0,100,149
09/16/2020,MWA,IL,AGL,CE,Federal Contract Tower,0,19,0,0,19,0,11,9,0,20,0,30,9,0,39,74,0,74,113
09/17/2020,MWA,IL,AGL,CE,Federal Contract Tower,0,15,3,0,18,0,17,11,0,28,0,32,14,0,46,16,0,16,62
09/18/2020,MWA,IL,AGL,CE,Federal Contract Tower,0,11,3,0,14,0,25,6,0,31,0,36,9,0,45,82,0,82,127
09/19/2020,MWA,IL,AGL,CE,Federal Contract Tower,0,4,2,0,6,0,16,13,2,31,0,20,15,2,37,18,0,18,55
09/20/2020,MWA,IL,AGL,CE,Federal Contract Tower,0,9,3,1,13,0,11,10,4,25,0,20,13,5,38,48,0,48,86
09/21/2020,MWA,IL,AGL,CE,Federal Contract Tower,0,12,2,0,14,0,22,9,4,35,0,34,11,4,49,24,0,24,73
09/22/2020,MWA,IL,AGL,CE,Federal Contract Tower,0,15,3,0,18,0,21,10,2,33,0,36,13,2,51,56,4,60,111
09/23/2020,MWA,IL,AGL,CE,Federal Contract Tower,0,18,5,0,23,0,18,9,2,29,0,36,14,2,52,10,0,10,62
09/24/2020,MWA,IL,AGL,CE,Federal Contract Tower,0,13,3,0,16,0,32,7,5,44,0,45,10,5,60,88,10,98,158
09/25/2020,MWA,IL,AGL,CE,Federal Contract Tower,0,20,1,0,21,0,1,5,0,6,0,21,6,0,27,2,0,2,29
09/26/2020,MWA,IL,AGL,CE,Federal Contract Tower,0,7,3,0,10,0,1,18,0,19,0,8,21,0,29,0,0,0,29
09/27/2020,MWA,IL,AGL,CE,Federal Contract Tower,0,5,3,0,8,0,2,4,2,8,0,7,7,2,16,0,0,0,16
09/28/2020,MWA,IL,AGL,CE,Federal Contract Tower,0,13,2,0,15,0,1,4,0,5,0,14,6,0,20,0,0,0,20
09/29/2020,MWA,IL,AGL,CE,Federal Contract Tower,0,17,2,0,19,0,15,7,0,22,0,32,9,0,41,42,0,42,83
09/30/2020,MWA,IL,AGL,CE,Federal Contract Tower,0,13,0,0,13,0,31,6,0,37,0,44,6,0,50,50,0,50,100
10/01/2020,MWA,IL,AGL,CE,Federal Contract Tower,0,8,0,0,8,0,14,1,0,15,0,22,1,0,23,38,0,38,61
10/02/2020,MWA,IL,AGL,CE,Federal Contract Tower,0,12,2,0,14,0,14,6,0,20,0,26,8,0,34,32,0,32,66
10/03/2020,MWA,IL,AGL,CE,Federal Contract Tower,0,10,0,0,10,0,2,8,0,10,0,12,8,0,20,10,0,10,30
10/04/2020,MWA,IL,AGL,CE,Federal Contract Tower,0,4,1,0,5,0,9,4,2,15,0,13,5,2,20,0,0,0,20
10/05/2020,MWA,IL,AGL,CE,Federal Contract Tower,0,14,0,0,14,0,35,16,0,51,0,49,16,0,65,52,0,52,117
10/06/2020,MWA,IL,AGL,CE,Federal Contract Tower,0,13,0,0,13,0,16,6,4,26,0,29,6,4,39,49,2,51,90
10/07/2020,MWA,IL,AGL,CE,Federal Contract Tower,0,16,1,0,17,0,8,9,0,17,0,24,10,0,34,60,0,60,94
10/08/2020,MWA,IL,AGL,CE,Federal Contract Tower,0,13,1,0,14,0,12,23,0,35,0,25,24,0,49,74,0,74,123
10/09/2020,MWA,IL,AGL,CE,Federal Contract Tower,0,14,2,0,16,0,3,20,0,23,0,17,22,0,39,36,0,36,75
10/10/2020,MWA,IL,AGL,CE,Federal Contract Tower,0,10,4,0,14,0,6,2,0,8,0,16,6,0,22,0,0,0,22
10/11/2020,MWA,IL,AGL,CE,Federal Contract Tower,0,6,0,4,10,0,7,6,0,13,0,13,6,4,23,8,0,8,31
10/12/2020,MWA,IL,AGL,CE,Federal Contract Tower,0,15,3,0,18,0,5,2,0,7,0,20,5,0,25,4,0,4,29
10/13/2020,MWA,IL,AGL,CE,Federal Contract Tower,0,9,2,0,11,0,33,26,0,59,0,42,28,0,70,62,0,62,132
10/14/2020,MWA,IL,AGL,CE,Federal Contract Tower,0,12,0,0,12,0,22,37,0,59,0,34,37,0,71,48,0,48,119
10/15/2020,MWA,IL,AGL,CE,Federal Contract Tower,0,12,0,0,12,0,12,4,0,16,0,24,4,0,28,56,0,56,84
10/16/2020,MWA,IL,AGL,CE,Federal Contract Tower,0,14,1,0,15,0,24,19,0,43,0,38,20,0,58,110,0,110,168
10/17/2020,MWA,IL,AGL,CE,Federal Contract Tower,0,6,0,0,6,0,10,6,0,16,0,16,6,0,22,46,0,46,68
10/18/2020,MWA,IL,AGL,CE,Federal Contract Tower,0,5,1,0,6,0,11,1,0,12,0,16,2,0,18,20,0,20,38
10/19/2020,MWA,IL,AGL,CE,Federal Contract Tower,0,12,1,0,13,0,0,0,0,0,0,12,1,0,13,0,0,0,13
10/20/2020,MWA,IL,AGL,CE,Federal Contract Tower,0,11,2,0,13,0,0,0,0,0,0,11,2,0,13,0,0,0,13
10/21/2020,MWA,IL,AGL,CE,Federal Contract Tower,0,29,3,0,32,0,9,0,0,9,0,38,3,0,41,50,0,50,91
10/22/2020,MWA,IL,AGL,CE,Federal Contract Tower,0,14,0,0,14,0,23,24,0,47,0,37,24,0,61,138,0,138,199
10/23/2020,MWA,IL,AGL,CE,Federal Contract Tower,0,10,2,0,12,0,9,6,0,15,0,19,8,0,27,48,0,48,75
10/24/2020,MWA,IL,AGL,CE,Federal Contract Tower,0,8,5,0,13,0,22,5,0,27,0,30,10,0,40,20,0,20,60
10/25/2020,MWA,IL,AGL,CE,Federal Contract Tower,0,8,1,0,9,0,8,6,0,14,0,16,7,0,23,12,0,12,35
10/26/2020,MWA,IL,AGL,CE,Federal Contract Tower,0,19,0,0,19,0,5,4,0,9,0,24,4,0,28,20,0,20,48
10/27/2020,MWA,IL,AGL,CE,Federal Contract Tower,0,17,0,0,17,0,0,0,0,0,0,17,0,0,17,0,0,0,17
10/28/2020,MWA,IL,AGL,CE,Federal Contract Tower,0,10,0,0,10,0,0,0,0,0,0,10,0,0,10,0,0,0,10
10/29/2020,MWA,IL,AGL,CE,Federal Contract Tower,0,13,0,0,13,0,0,0,0,0,0,13,0,0,13,0,0,0,13
10/30/2020,MWA,IL,AGL,CE,Federal Contract Tower,0,12,2,0,14,0,25,8,0,33,0,37,10,0,47,46,0,46,93
10/31/2020,MWA,IL,AGL,CE,Federal Contract Tower,0,9,0,0,9,0,16,9,0,25,0,25,9,0,34,24,0,24,58
11/01/2020,MWA,IL,AGL,CE,Federal Contract Tower,0,9,0,0,9,0,9,11,2,22,0,18,11,2,31,20,0,20,51
11/02/2020,MWA,IL,AGL,CE,Federal Contract Tower,0,12,0,0,12,0,45,15,0,60,0,57,15,0,72,116,0,116,188
11/03/2020,MWA,IL,AGL,CE,Federal Contract Tower,0,13,0,1,14,0,1,16,0,17,0,14,16,1,31,42,0,42,73
11/04/2020,MWA,IL,AGL,CE,Federal Contract Tower,0,18,0,1,19,0,31,20,0,51,0,49,20,1,70,96,0,96,166
11/05/2020,MWA,IL,AGL,CE,Federal Contract Tower,0,12,1,0,13,0,44,7,0,51,0,56,8,0,64,146,0,146,210
11/06/2020,MWA,IL,AGL,CE,Federal Contract Tower,0,11,0,0,11,0,10,10,0,20,0,21,10,0,31,58,0,58,89
11/07/2020,MWA,IL,AGL,CE,Federal Contract Tower,0,9,0,0,9,0,10,13,2,25,0,19,13,2,34,50,0,50,84
11/08/2020,MWA,IL,AGL,CE,Federal Contract Tower,0,6,0,0,6,0,13,6,2,21,0,19,6,2,27,96,6,102,129
11/09/2020,MWA,IL,AGL,CE,Federal Contract Tower,0,15,0,0,15,0,12,8,2,22,0,27,8,2,37,54,0,54,91
11/10/2020,MWA,IL,AGL,CE,Federal Contract Tower,0,11,2,0,13,0,2,4,0,6,0,13,6,0,19,0,0,0,19
11/11/2020,MWA,IL,AGL,CE,Federal Contract Tower,0,10,4,0,14,0,6,9,0,15,0,16,13,0,29,28,0,28,57
11/12/2020,MWA,IL,AGL,CE,Federal Contract Tower,0,17,2,0,19,0,8,12,0,20,0,25,14,0,39,88,0,88,127
11/13/2020,MWA,IL,AGL,CE,Federal Contract Tower,0,10,2,0,12,0,13,10,0,23,0,23,12,0,35,14,0,14,49
11/14/2020,MWA,IL,AGL,CE,Federal Contract Tower,0,7,0,0,7,0,1,0,0,1,0,8,0,0,8,0,0,0,8
11/15/2020,MWA,IL,AGL,CE,Federal Contract Tower,0,7,0,0,7,0,3,0,0,3,0,10,0,0,10,0,0,0,10
11/16/2020,MWA,IL,AGL,CE,Federal Contract Tower,0,5,1,0,6,0,32,5,4,41,0,37,6,4,47,90,0,90,137
11/17/2020,MWA,IL,AGL,CE,Federal Contract Tower,0,10,0,0,10,0,23,26,0,49,0,33,26,0,59,62,0,62,121
11/18/2020,MWA,IL,AGL,CE,Federal Contract Tower,0,19,2,0,21,0,20,6,2,28,0,39,8,2,49,102,14,116,165
11/19/2020,MWA,IL,AGL,CE,Federal Contract Tower,0,12,1,0,13,0,0,1,2,3,0,12,2,2,16,12,0,12,28
11/20/2020,MWA,IL,AGL,CE,Federal Contract Tower,0,12,3,0,15,0,20,2,0,22,0,32,5,0,37,94,0,94,131
11/21/2020,MWA,IL,AGL,CE,Federal Contract Tower,0,6,2,0,8,0,0,0,0,0,0,6,2,0,8,0,0,0,8
11/22/2020,MWA,IL,AGL,CE,Federal Contract Tower,0,10,0,0,10,0,1,0,0,1,0,11,0,0,11,0,0,0,11
11/23/2020,MWA,IL,AGL,CE,Federal Contract Tower,0,12,0,0,12,0,5,28,2,35,0,17,28,2,47,78,0,78,125
11/24/2020,MWA,IL,AGL,CE,Federal Contract Tower,0,11,0,0,11,0,4,7,0,11,0,15,7,0,22,66,4,70,92
11/25/2020,MWA,IL,AGL,CE,Federal Contract Tower,0,10,2,0,12,0,0,1,0,1,0,10,3,0,13,0,0,0,13
11/26/2020,MWA,IL,AGL,CE,Federal Contract Tower,0,10,1,0,11,0,0,2,0,2,0,10,3,0,13,0,0,0,13
11/27/2020,MWA,IL,AGL,CE,Federal Contract Tower,0,8,3,0,11,0,12,16,0,28,0,20,19,0,39,26,0,26,65
11/28/2020,MWA,IL,AGL,CE,Federal Contract Tower,0,6,4,0,10,0,3,14,0,17,0,9,18,0,27,14,0,14,41
11/29/2020,MWA,IL,AGL,CE,Federal Contract Tower,0,8,2,0,10,0,4,9,0,13,0,12,11,0,23,18,0,18,41
11/30/2020,MWA,IL,AGL,CE,Federal Contract Tower,0,10,0,0,10,0,0,1,0,1,0,10,1,0,11,0,0,0,11
12/01/2020,MWA,IL,AGL,CE,Federal Contract Tower,0,16,8,0,24,0,44,19,5,68,0,60,27,5,92,88,0,88,180
12/02/2020,MWA,IL,AGL,CE,Federal Contract Tower,0,15,0,0,15,0,22,11,0,33,0,37,11,0,48,122,0,122,170
12/03/2020,MWA,IL,AGL,CE,Federal Contract Tower,0,16,0,0,16,0,5,3,0,8,0,21,3,0,24,52,0,52,76
12/04/2020,MWA,IL,AGL,CE,Federal Contract Tower,0,11,2,0,13,0,13,5,0,18,0,24,7,0,31,30,0,30,61
12/05/2020,MWA,IL,AGL,CE,Federal Contract Tower,0,8,0,2,10,0,0,22,0,22,0,8,22,2,32,8,0,8,40
12/06/2020,MWA,IL,AGL,CE,Federal Contract Tower,0,6,1,0,7,0,0,2,0,2,0,6,3,0,9,8,0,8,17
12/07/2020,MWA,IL,AGL,CE,Federal Contract Tower,0,15,4,0,19,0,21,10,0,31,0,36,14,0,50,70,0,70,120
12/08/2020,MWA,IL,AGL,CE,Federal Contract Tower,0,16,1,0,17,0,14,7,0,21,0,30,8,0,38,110,0,110,148
12/09/2020,MWA,IL,AGL,CE,Federal Contract Tower,0,10,2,0,12,0,2,25,8,35,0,12,27,8,47,106,0,106,153
12/10/2020,MWA,IL,AGL,CE,Federal Contract Tower,0,13,3,0,16,0,20,30,0,50,0,33,33,0,66,86,0,86,152
12/11/2020,MWA,IL,AGL,CE,Federal Contract Tower,0,10,1,0,11,0,12,1,0,13,0,22,2,0,24,6,0,6,30
12/12/2020,MWA,IL,AGL,CE,Federal Contract Tower,0,9,3,0,12,0,0,0,0,0,0,9,3,0,12,0,0,0,12
12/13/2020,MWA,IL,AGL,CE,Federal Contract Tower,0,8,4,0,12,0,0,0,0,0,0,8,4,0,12,0,0,0,12
12/14/2020,MWA,IL,AGL,CE,Federal Contract Tower,0,18,0,0,18,0,15,16,0,31,0,33,16,0,49,74,0,74,123
12/15/2020,MWA,IL,AGL,CE,Federal Contract Tower,0,11,0,0,11,0,6,13,0,19,0,17,13,0,30,112,0,112,142
12/16/2020,MWA,IL,AGL,CE,Federal Contract Tower,0,14,0,0,14,0,4,2,0,6,0,18,2,0,20,40,0,40,60
12/17/2020,MWA,IL,AGL,CE,Federal Contract Tower,0,10,2,0,12,0,32,15,0,47,0,42,17,0,59,68,0,68,127
12/18/2020,MWA,IL,AGL,CE,Federal Contract Tower,0,11,3,0,14,7,13,0,0,20,7,24,3,0,34,34,0,34,68
12/19/2020,MWA,IL,AGL,CE,Federal Contract Tower,0,6,0,0,6,0,0,0,0,0,0,6,0,0,6,0,0,0,6
12/20/2020,MWA,IL,AGL,CE,Federal Contract Tower,0,8,2,0,10,0,7,5,0,12,0,15,7,0,22,0,0,0,22
12/21/2020,MWA,IL,AGL,CE,Federal Contract Tower,0,11,0,0,11,0,2,1,0,3,0,13,1,0,14,8,0,8,22
12/22/2020,MWA,IL,AGL,CE,Federal Contract Tower,0,9,2,0,11,0,4,20,0,24,0,13,22,0,35,10,0,10,45
12/23/2020,MWA,IL,AGL,CE,Federal Contract Tower,0,13,1,0,14,0,0,0,0,0,0,13,1,0,14,0,0,0,14
12/24/2020,MWA,IL,AGL,CE,Federal Contract Tower,0,11,0,0,11,0,0,0,0,0,0,11,0,0,11,0,0,0,11
12/25/2020,MWA,IL,AGL,CE,Federal Contract Tower,0,11,0,0,11,0,1,0,0,1,0,12,0,0,12,0,0,0,12
12/26/2020,MWA,IL,AGL,CE,Federal Contract Tower,0,9,3,0,12,0,9,7,0,16,0,18,10,0,28,14,0,14,42
12/27/2020,MWA,IL,AGL,CE,Federal Contract Tower,0,8,0,0,8,0,2,1,0,3,0,10,1,0,11,0,0,0,11
12/28/2020,MWA,IL,AGL,CE,Federal Contract Tower,0,10,7,2,19,0,0,3,4,7,0,10,10,6,26,0,6,6,32
12/29/2020,MWA,IL,AGL,CE,Federal Contract Tower,0,10,2,0,12,0,2,8,0,10,0,12,10,0,22,4,0,4,26
12/30/2020,MWA,IL,AGL,CE,Federal Contract Tower,0,9,0,0,9,0,0,0,0,0,0,9,0,0,9,0,0,0,9
12/31/2020,MWA,IL,AGL,CE,Federal Contract Tower,0,11,0,0,11,0,0,0,0,0,0,11,0,0,11,0,0,0,11
01/01/2021,MWA,IL,AGL,CE,Federal Contract Tower,0,10,0,0,10,0,0,0,0,0,0,10,0,0,10,0,0,0,10
01/02/2021,MWA,IL,AGL,CE,Federal Contract Tower,2,5,1,0,8,0,2,0,0,2,2,7,1,0,10,0,0,0,10
01/03/2021,MWA,IL,AGL,CE,Federal Contract Tower,0,8,0,0,8,0,5,5,0,10,0,13,5,0,18,6,0,6,24
01/04/2021,MWA,IL,AGL,CE,Federal Contract Tower,0,17,0,0,17,0,3,0,0,3,0,20,0,0,20,0,0,0,20
01/05/2021,MWA,IL,AGL,CE,Federal Contract Tower,0,12,0,0,12,0,0,5,0,5,0,12,5,0,17,26,0,26,43
01/06/2021,MWA,IL,AGL,CE,Federal Contract Tower,0,12,3,0,15,0,1,4,0,5,0,13,7,0,20,26,0,26,46
01/07/2021,MWA,IL,AGL,CE,Federal Contract Tower,0,12,0,0,12,0,0,0,0,0,0,12,0,0,12,0,0,0,12
01/08/2021,MWA,IL,AGL,CE,Federal Contract Tower,0,18,1,0,19,0,6,1,3,10,0,24,2,3,29,0,0,0,29
01/09/2021,MWA,IL,AGL,CE,Federal Contract Tower,0,6,0,0,6,0,4,1,0,5,0,10,1,0,11,0,0,0,11
01/10/2021,MWA,IL,AGL,CE,Federal Contract Tower,0,6,0,0,6,0,2,0,0,2,0,8,0,0,8,0,0,0,8
01/11/2021,MWA,IL,AGL,CE,Federal Contract Tower,0,9,0,0,9,0,0,1,0,1,0,9,1,0,10,0,0,0,10
01/12/2021,MWA,IL,AGL,CE,Federal Contract Tower,0,15,4,0,19,0,5,7,0,12,0,20,11,0,31,36,0,36,67
01/13/2021,MWA,IL,AGL,CE,Federal Contract Tower,0,8,0,0,8,0,19,14,0,33,0,27,14,0,41,112,0,112,153
01/14/2021,MWA,IL,AGL,CE,Federal Contract Tower,0,11,0,0,11,0,7,10,3,20,0,18,10,3,31,96,0,96,127
01/15/2021,MWA,IL,AGL,CE,Federal Contract Tower,0,8,1,0,9,0,3,0,5,8,0,11,1,5,17,0,6,6,23
01/16/2021,MWA,IL,AGL,CE,Federal Contract Tower,0,8,0,0,8,0,0,1,0,1,0,8,1,0,9,0,0,0,9
01/17/2021,MWA,IL,AGL,CE,Federal Contract Tower,0,11,0,0,11,0,0,0,0,0,0,11,0,0,11,0,0,0,11
01/18/2021,MWA,IL,AGL,CE,Federal Contract Tower,0,10,3,0,13,0,8,21,0,29,0,18,24,0,42,48,0,48,90
01/19/2021,MWA,IL,AGL,CE,Federal Contract Tower,0,11,0,0,11,0,5,3,0,8,0,16,3,0,19,6,0,6,25
01/20/2021,MWA,IL,AGL,CE,Federal Contract Tower,0,8,0,0,8,0,11,6,0,17,0,19,6,0,25,26,0,26,51
01/21/2021,MWA,IL,AGL,CE,Federal Contract Tower,0,10,0,0,10,0,15,7,2,24,0,25,7,2,34,38,0,38,72
01/22/2021,MWA,IL,AGL,CE,Federal Contract Tower,0,9,2,0,11,0,15,16,0,31,0,24,18,0,42,58,0,58,100
01/23/2021,MWA,IL,AGL,CE,Federal Contract Tower,0,5,0,0,5,0,2,12,0,14,0,7,12,0,19,20,0,20,39
01/24/2021,MWA,IL,AGL,CE,Federal Contract Tower,0,9,0,0,9,0,0,0,0,0,0,9,0,0,9,0,0,0,9
01/25/2021,MWA,IL,AGL,CE,Federal Contract Tower,0,12,0,0,12,0,0,0,0,0,0,12,0,0,12,0,0,0,12
01/26/2021,MWA,IL,AGL,CE,Federal Contract Tower,0,10,0,0,10,0,0,4,0,4,0,10,4,0,14,20,0,20,34
01/27/2021,MWA,IL,AGL,CE,Federal Contract Tower,0,11,0,0,11,0,1,2,0,3,0,12,2,0,14,0,0,0,14
01/28/2021,MWA,IL,AGL,CE,Federal Contract Tower,0,9,4,0,13,0,24,24,0,48,0,33,28,0,61,108,0,108,169
01/29/2021,MWA,IL,AGL,CE,Federal Contract Tower,0,12,0,0,12,0,18,16,0,34,0,30,16,0,46,94,0,94,140
01/30/2021,MWA,IL,AGL,CE,Federal Contract Tower,0,6,0,0,6,0,0,0,2,2,0,6,0,2,8,0,6,6,14
01/31/2021,MWA,IL,AGL,CE,Federal Contract Tower,0,7,2,0,9,0,0,4,0,4,0,7,6,0,13,0,0,0,13
02/01/2021,MWA,IL,AGL,CE,Federal Contract Tower,0,18,1,0,19,0,9,10,0,19,0,27,11,0,38,40,0,40,78
02/02/2021,MWA,IL,AGL,CE,Federal Contract Tower,0,12,0,0,12,0,9,13,0,22,0,21,13,0,34,44,0,44,78
02/03/2021,MWA,IL,AGL,CE,Federal Contract Tower,0,12,2,0,14,0,27,32,0,59,0,39,34,0,73,118,0,118,191
02/04/2021,MWA,IL,AGL,CE,Federal Contract Tower,0,11,1,0,12,0,2,0,0,2,0,13,1,0,14,6,0,6,20
02/05/2021,MWA,IL,AGL,CE,Federal Contract Tower,0,8,0,0,8,0,9,6,0,15,0,17,6,0,23,32,0,32,55
02/06/2021,MWA,IL,AGL,CE,Federal Contract Tower,0,10,2,0,12,0,17,9,0,26,0,27,11,0,38,38,0,38,76
02/07/2021,MWA,IL,AGL,CE,Federal Contract Tower,0,7,1,2,10,0,5,13,0,18,0,12,14,2,28,42,0,42,70
02/08/2021,MWA,IL,AGL,CE,Federal Contract Tower,0,11,0,0,11,0,15,6,0,21,0,26,6,0,32,50,0,50,82
02/09/2021,MWA,IL,AGL,CE,Federal Contract Tower,1,13,0,0,14,0,0,0,0,0,1,13,0,0,14,0,0,0,14
02/10/2021,MWA,IL,AGL,CE,Federal Contract Tower,0,0,0,0,0,0,0,0,0,0,0,0,0,0,0,0,0,0,0
02/11/2021,MWA,IL,AGL,CE,Federal Contract Tower,0,8,0,0,8,0,0,0,0,0,0,8,0,0,8,0,0,0,8
02/12/2021,MWA,IL,AGL,CE,Federal Contract Tower,0,13,0,0,13,0,0,0,0,0,0,13,0,0,13,0,0,0,13
02/13/2021,MWA,IL,AGL,CE,Federal Contract Tower,0,6,0,0,6,0,0,0,0,0,0,6,0,0,6,0,0,0,6
02/14/2021,MWA,IL,AGL,CE,Federal Contract Tower,0,3,0,0,3,0,1,1,0,2,0,4,1,0,5,0,0,0,5
02/15/2021,MWA,IL,AGL,CE,Federal Contract Tower,0,4,0,0,4,0,0,0,0,0,0,4,0,0,4,0,0,0,4
02/16/2021,MWA,IL,AGL,CE,Federal Contract Tower,0,6,0,0,6,0,4,0,0,4,0,10,0,0,10,0,0,0,10
02/17/2021,MWA,IL,AGL,CE,Federal Contract Tower,0,10,0,0,10,0,0,0,0,0,0,10,0,0,10,0,0,0,10
02/18/2021,MWA,IL,AGL,CE,Federal Contract Tower,0,7,0,0,7,0,7,0,0,7,0,14,0,0,14,6,0,6,20
02/19/2021,MWA,IL,AGL,CE,Federal Contract Tower,2,15,0,0,17,0,21,2,0,23,2,36,2,0,40,32,0,32,72
02/20/2021,MWA,IL,AGL,CE,Federal Contract Tower,0,9,3,0,12,0,18,8,0,26,0,27,11,0,38,20,0,20,58
02/21/2021,MWA,IL,AGL,CE,Federal Contract Tower,0,7,2,0,9,0,4,0,0,4,0,11,2,0,13,0,0,0,13
02/22/2021,MWA,IL,AGL,CE,Federal Contract Tower,0,13,0,0,13,0,5,13,0,18,0,18,13,0,31,94,0,94,125
02/23/2021,MWA,IL,AGL,CE,Federal Contract Tower,0,10,1,0,11,0,11,19,0,30,0,21,20,0,41,100,0,100,141
02/24/2021,MWA,IL,AGL,CE,Federal Contract Tower,0,7,0,0,7,0,12,10,0,22,0,19,10,0,29,70,6,76,105
02/25/2021,MWA,IL,AGL,CE,Federal Contract Tower,0,10,2,0,12,0,29,22,0,51,0,39,24,0,63,68,0,68,131
02/26/2021,MWA,IL,AGL,CE,Federal Contract Tower,2,12,1,0,15,0,17,10,2,29,2,29,11,2,44,64,0,64,108
02/27/2021,MWA,IL,AGL,CE,Federal Contract Tower,2,6,0,0,8,0,10,11,0,21,2,16,11,0,29,12,0,12,41
02/28/2021,MWA,IL,AGL,CE,Federal Contract Tower,0,4,0,0,4,0,0,0,0,0,0,4,0,0,4,0,0,0,4
03/01/2021,MWA,IL,AGL,CE,Federal Contract Tower,0,11,2,0,13,0,16,5,0,21,0,27,7,0,34,62,0,62,96
03/02/2021,MWA,IL,AGL,CE,Federal Contract Tower,0,7,1,0,8,0,16,15,0,31,0,23,16,0,39,122,0,122,161
03/03/2021,MWA,IL,AGL,CE,Federal Contract Tower,0,12,1,0,13,0,24,24,0,48,0,36,25,0,61,168,0,168,229
03/04/2021,MWA,IL,AGL,CE,Federal Contract Tower,0,8,0,0,8,0,44,9,0,53,0,52,9,0,61,146,0,146,207
03/05/2021,MWA,IL,AGL,CE,Federal Contract Tower,2,7,4,0,13,0,31,12,0,43,2,38,16,0,56,24,0,24,80
03/06/2021,MWA,IL,AGL,CE,Federal Contract Tower,2,7,2,0,11,0,5,23,0,28,2,12,25,0,39,8,0,8,47
03/07/2021,MWA,IL,AGL,CE,Federal Contract Tower,0,7,2,0,9,0,5,13,0,18,0,12,15,0,27,28,0,28,55
03/08/2021,MWA,IL,AGL,CE,Federal Contract Tower,0,17,0,0,17,0,15,13,0,28,0,32,13,0,45,76,0,76,121
03/09/2021,MWA,IL,AGL,CE,Federal Contract Tower,0,11,0,0,11,0,12,3,0,15,0,23,3,0,26,28,0,28,54
03/10/2021,MWA,IL,AGL,CE,Federal Contract Tower,0,9,0,2,11,0,10,2,0,12,0,19,2,2,23,42,0,42,65
03/11/2021,MWA,IL,AGL,CE,Federal Contract Tower,0,9,0,0,9,0,1,0,0,1,0,10,0,0,10,0,0,0,10
03/12/2021,MWA,IL,AGL,CE,Federal Contract Tower,0,9,0,1,10,0,16,5,16,37,0,25,5,17,47,46,0,46,93
03/13/2021,MWA,IL,AGL,CE,Federal Contract Tower,0,7,1,1,9,0,3,1,0,4,0,10,2,1,13,0,0,0,13
03/14/2021,MWA,IL,AGL,CE,Federal Contract Tower,0,9,0,0,9,0,4,2,0,6,0,13,2,0,15,0,0,0,15
03/15/2021,MWA,IL,AGL,CE,Federal Contract Tower,0,16,0,0,16,0,0,2,0,2,0,16,2,0,18,0,0,0,18
03/16/2021,MWA,IL,AGL,CE,Federal Contract Tower,0,20,0,0,20,0,0,1,0,1,0,20,1,0,21,0,0,0,21
03/17/2021,MWA,IL,AGL,CE,Federal Contract Tower,0,5,0,0,5,0,6,0,0,6,0,11,0,0,11,0,0,0,11
03/18/2021,MWA,IL,AGL,CE,Federal Contract Tower,0,23,6,0,29,0,0,0,0,0,0,23,6,0,29,4,0,4,33
03/19/2021,MWA,IL,AGL,CE,Federal Contract Tower,2,11,1,1,15,0,31,22,0,53,2,42,23,1,68,104,0,104,172
03/20/2021,MWA,IL,AGL,CE,Federal Contract Tower,2,7,1,0,10,0,13,16,0,29,2,20,17,0,39,22,0,22,61
03/21/2021,MWA,IL,AGL,CE,Federal Contract Tower,0,7,0,0,7,0,4,10,0,14,0,11,10,0,21,0,0,0,21
03/22/2021,MWA,IL,AGL,CE,Federal Contract Tower,0,13,1,0,14,0,20,2,0,22,0,33,3,0,36,26,0,26,62
03/23/2021,MWA,IL,AGL,CE,Federal Contract Tower,0,10,2,0,12,0,2,0,0,2,0,12,2,0,14,0,0,0,14
03/24/2021,MWA,IL,AGL,CE,Federal Contract Tower,0,11,8,0,19,0,15,10,2,27,0,26,18,2,46,46,0,46,92
03/25/2021,MWA,IL,AGL,CE,Federal Contract Tower,0,16,0,0,16,0,0,0,0,0,0,16,0,0,16,0,0,0,16
03/26/2021,MWA,IL,AGL,CE,Federal Contract Tower,0,13,0,0,13,0,22,8,0,30,0,35,8,0,43,64,0,64,107
03/27/2021,MWA,IL,AGL,CE,Federal Contract Tower,0,8,4,0,12,0,6,23,0,29,0,14,27,0,41,8,0,8,49
03/28/2021,MWA,IL,AGL,CE,Federal Contract Tower,0,6,0,0,6,0,7,2,0,9,0,13,2,0,15,0,0,0,15
03/29/2021,MWA,IL,AGL,CE,Federal Contract Tower,0,10,2,0,12,0,35,14,2,51,0,45,16,2,63,70,0,70,133
03/30/2021,MWA,IL,AGL,CE,Federal Contract Tower,0,10,7,0,17,0,13,10,0,23,0,23,17,0,40,26,0,26,66
03/31/2021,MWA,IL,AGL,CE,Federal Contract Tower,0,11,0,0,11,0,23,4,0,27,0,34,4,0,38,78,0,78,116
04/01/2021,MWA,IL,AGL,CE,Federal Contract Tower,0,14,1,0,15,0,12,0,0,12,0,26,1,0,27,44,0,44,71
04/02/2021,MWA,IL,AGL,CE,Federal Contract Tower,0,9,3,0,12,0,33,24,0,57,0,42,27,0,69,124,0,124,193
04/03/2021,MWA,IL,AGL,CE,Federal Contract Tower,0,11,0,0,11,0,20,12,0,32,0,31,12,0,43,82,0,82,125
04/04/2021,MWA,IL,AGL,CE,Federal Contract Tower,0,10,3,0,13,0,19,15,0,34,0,29,18,0,47,80,0,80,127
04/05/2021,MWA,IL,AGL,CE,Federal Contract Tower,0,11,1,0,12,0,11,8,0,19,0,22,9,0,31,48,0,48,79
04/06/2021,MWA,IL,AGL,CE,Federal Contract Tower,0,7,2,0,9,0,20,9,0,29,0,27,11,0,38,56,0,56,94
04/07/2021,MWA,IL,AGL,CE,Federal Contract Tower,0,10,0,0,10,0,13,2,2,17,0,23,2,2,27,28,0,28,55
04/08/2021,MWA,IL,AGL,CE,Federal Contract Tower,0,13,2,2,17,0,28,5,0,33,0,41,7,2,50,116,0,116,166
04/09/2021,MWA,IL,AGL,CE,Federal Contract Tower,0,10,0,0,10,0,20,9,0,29,0,30,9,0,39,24,0,24,63
04/10/2021,MWA,IL,AGL,CE,Federal Contract Tower,0,6,0,0,6,0,1,2,0,3,0,7,2,0,9,0,0,0,9
04/11/2021,MWA,IL,AGL,CE,Federal Contract Tower,0,6,0,0,6,0,13,10,0,23,0,19,10,0,29,40,0,40,69
04/12/2021,MWA,IL,AGL,CE,Federal Contract Tower,0,10,0,0,10,0,42,27,0,69,0,52,27,0,79,154,0,154,233
04/13/2021,MWA,IL,AGL,CE,Federal Contract Tower,0,13,1,0,14,0,27,21,0,48,0,40,22,0,62,118,0,118,180
04/14/2021,MWA,IL,AGL,CE,Federal Contract Tower,0,10,0,0,10,0,22,13,0,35,0,32,13,0,45,98,0,98,143
04/15/2021,MWA,IL,AGL,CE,Federal Contract Tower,0,11,2,0,13,0,30,12,2,44,0,41,14,2,57,74,0,74,131
04/16/2021,MWA,IL,AGL,CE,Federal Contract Tower,0,9,2,0,11,0,35,14,0,49,0,44,16,0,60,94,0,94,154
04/17/2021,MWA,IL,AGL,CE,Federal Contract Tower,0,8,0,0,8,0,0,1,0,1,0,8,1,0,9,2,0,2,11
04/18/2021,MWA,IL,AGL,CE,Federal Contract Tower,0,7,0,0,7,0,0,5,0,5,0,7,5,0,12,2,0,2,14
04/19/2021,MWA,IL,AGL,CE,Federal Contract Tower,0,15,2,0,17,0,18,21,0,39,0,33,23,0,56,150,0,150,206
04/20/2021,MWA,IL,AGL,CE,Federal Contract Tower,0,11,0,0,11,0,3,7,0,10,0,14,7,0,21,10,0,10,31
04/21/2021,MWA,IL,AGL,CE,Federal Contract Tower,0,12,0,0,12,0,22,6,2,30,0,34,6,2,42,68,0,68,110
04/22/2021,MWA,IL,AGL,CE,Federal Contract Tower,2,8,3,0,13,0,20,5,0,25,2,28,8,0,38,24,0,24,62
04/23/2021,MWA,IL,AGL,CE,Federal Contract Tower,0,12,3,0,15,0,9,12,0,21,0,21,15,0,36,38,0,38,74
04/24/2021,MWA,IL,AGL,CE,Federal Contract Tower,0,8,0,0,8,0,1,0,0,1,0,9,0,0,9,0,0,0,9
04/25/2021,MWA,IL,AGL,CE,Federal Contract Tower,0,9,3,0,12,0,9,13,0,22,0,18,16,0,34,26,0,26,60
04/26/2021,MWA,IL,AGL,CE,Federal Contract Tower,0,12,0,0,12,0,19,7,0,26,0,31,7,0,38,64,0,64,102
04/27/2021,MWA,IL,AGL,CE,Federal Contract Tower,0,14,2,0,16,0,12,2,0,14,0,26,4,0,30,22,0,22,52
04/28/2021,MWA,IL,AGL,CE,Federal Contract Tower,0,13,1,0,14,0,4,0,0,4,0,17,1,0,18,2,0,2,20
04/29/2021,MWA,IL,AGL,CE,Federal Contract Tower,0,21,3,0,24,0,4,3,0,7,0,25,6,0,31,22,0,22,53
04/30/2021,MWA,IL,AGL,CE,Federal Contract Tower,2,20,7,0,29,0,34,29,0,63,2,54,36,0,92,82,0,82,174
05/01/2021,MWA,IL,AGL,CE,Federal Contract Tower,0,7,2,0,9,0,14,10,0,24,0,21,12,0,33,38,0,38,71
05/03/2021,MWA,IL,AGL,CE,Federal Contract Tower,0,16,0,0,16,0,26,11,0,37,0,42,11,0,53,30,0,30,83
05/04/2021,MWA,IL,AGL,CE,Federal Contract Tower,0,18,2,0,20,0,0,0,0,0,0,18,2,0,20,0,0,0,20
05/05/2021,MWA,IL,AGL,CE,Federal Contract Tower,0,13,4,0,17,0,33,25,0,58,0,46,29,0,75,92,0,92,167
05/06/2021,MWA,IL,AGL,CE,Federal Contract Tower,0,9,3,0,12,0,14,3,1,18,0,23,6,1,30,10,0,10,40
05/07/2021,MWA,IL,AGL,CE,Federal Contract Tower,0,17,3,1,21,0,27,30,1,58,0,44,33,2,79,128,0,128,207
05/08/2021,MWA,IL,AGL,CE,Federal Contract Tower,0,6,0,0,6,0,6,4,0,10,0,12,4,0,16,0,0,0,16
05/09/2021,MWA,IL,AGL,CE,Federal Contract Tower,0,6,0,0,6,0,0,0,0,0,0,6,0,0,6,0,0,0,6
05/10/2021,MWA,IL,AGL,CE,Federal Contract Tower,0,15,4,0,19,0,16,10,0,26,0,31,14,0,45,48,0,48,93
05/11/2021,MWA,IL,AGL,CE,Federal Contract Tower,0,10,0,0,10,0,3,11,0,14,0,13,11,0,24,56,0,56,80
05/12/2021,MWA,IL,AGL,CE,Federal Contract Tower,0,13,0,1,14,0,17,18,7,42,0,30,18,8,56,72,6,78,134
05/13/2021,MWA,IL,AGL,CE,Federal Contract Tower,0,8,5,0,13,0,22,16,0,38,0,30,21,0,51,74,0,74,125
05/14/2021,MWA,IL,AGL,CE,Federal Contract Tower,0,8,0,0,8,0,37,13,0,50,0,45,13,0,58,84,0,84,142
05/15/2021,MWA,IL,AGL,CE,Federal Contract Tower,0,7,0,0,7,0,2,2,0,4,0,9,2,0,11,0,0,0,11
05/16/2021,MWA,IL,AGL,CE,Federal Contract Tower,0,6,3,0,9,0,0,7,0,7,0,6,10,0,16,10,0,10,26
05/17/2021,MWA,IL,AGL,CE,Federal Contract Tower,0,8,1,0,9,0,12,4,0,16,0,20,5,0,25,6,0,6,31
05/18/2021,MWA,IL,AGL,CE,Federal Contract Tower,2,11,2,0,15,0,2,0,0,2,2,13,2,0,17,14,0,14,31
05/19/2021,MWA,IL,AGL,CE,Federal Contract Tower,0,11,0,0,11,0,12,6,9,27,0,23,6,9,38,20,0,20,58
05/20/2021,MWA,IL,AGL,CE,Federal Contract Tower,0,10,0,0,10,0,14,26,0,40,0,24,26,0,50,28,0,28,78
05/21/2021,MWA,IL,AGL,CE,Federal Contract Tower,0,11,4,0,15,0,14,6,0,20,0,25,10,0,35,2,0,2,37
05/22/2021,MWA,IL,AGL,CE,Federal Contract Tower,0,5,4,0,9,0,23,15,0,38,0,28,19,0,47,0,0,0,47
05/23/2021,MWA,IL,AGL,CE,Federal Contract Tower,0,7,2,0,9,0,1,19,0,20,0,8,21,0,29,4,0,4,33
05/24/2021,MWA,IL,AGL,CE,Federal Contract Tower,0,13,4,0,17,0,2,15,0,17,0,15,19,0,34,20,0,20,54
05/25/2021,MWA,IL,AGL,CE,Federal Contract Tower,0,8,2,0,10,0,25,6,0,31,0,33,8,0,41,40,0,40,81
05/26/2021,MWA,IL,AGL,CE,Federal Contract Tower,0,15,0,0,15,0,0,10,0,10,0,15,10,0,25,6,0,6,31
05/27/2021,MWA,IL,AGL,CE,Federal Contract Tower,0,10,1,0,11,0,25,7,0,32,0,35,8,0,43,60,0,60,103
05/28/2021,MWA,IL,AGL,CE,Federal Contract Tower,0,20,9,0,29,0,0,0,0,0,0,20,9,0,29,0,0,0,29
05/29/2021,MWA,IL,AGL,CE,Federal Contract Tower,0,8,2,0,10,0,0,3,0,3,0,8,5,0,13,0,0,0,13
05/30/2021,MWA,IL,AGL,CE,Federal Contract Tower,0,11,3,0,14,0,1,12,1,14,0,12,15,1,28,2,0,2,30
05/31/2021,MWA,IL,AGL,CE,Federal Contract Tower,0,11,4,0,15,0,3,21,0,24,0,14,25,0,39,0,0,0,39
06/01/2021,MWA,IL,AGL,CE,Federal Contract Tower,0,12,2,0,14,0,7,1,0,8,0,19,3,0,22,6,0,6,28
06/02/2021,MWA,IL,AGL,CE,Federal Contract Tower,0,20,6,0,26,0,0,0,0,0,0,20,6,0,26,0,0,0,26
06/03/2021,MWA,IL,AGL,CE,Federal Contract Tower,0,11,1,0,12,0,14,15,0,29,0,25,16,0,41,18,0,18,59
06/04/2021,MWA,IL,AGL,CE,Federal Contract Tower,0,9,1,0,10,0,5,9,0,14,0,14,10,0,24,12,0,12,36
06/05/2021,MWA,IL,AGL,CE,Federal Contract Tower,0,6,0,4,10,0,0,20,1,21,0,6,20,5,31,14,0,14,45
06/06/2021,MWA,IL,AGL,CE,Federal Contract Tower,0,5,0,0,5,0,5,0,0,5,0,10,0,0,10,0,0,0,10
06/07/2021,MWA,IL,AGL,CE,Federal Contract Tower,0,18,0,0,18,0,7,2,5,14,0,25,2,5,32,32,0,32,64
06/08/2021,MWA,IL,AGL,CE,Federal Contract Tower,0,12,0,0,12,0,9,4,0,13,0,21,4,0,25,14,0,14,39
06/09/2021,MWA,IL,AGL,CE,Federal Contract Tower,0,14,0,0,14,0,1,0,0,1,0,15,0,0,15,0,0,0,15
06/10/2021,MWA,IL,AGL,CE,Federal Contract Tower,0,12,4,1,17,0,8,9,2,19,0,20,13,3,36,64,4,68,104
06/11/2021,MWA,IL,AGL,CE,Federal Contract Tower,0,10,4,0,14,0,28,9,0,37,0,38,13,0,51,72,0,72,123
06/13/2021,MWA,IL,AGL,CE,Federal Contract Tower,0,9,2,0,11,0,5,9,0,14,0,14,11,0,25,0,0,0,25
06/14/2021,MWA,IL,AGL,CE,Federal Contract Tower,0,12,2,0,14,0,25,6,0,31,0,37,8,0,45,74,0,74,119
06/15/2021,MWA,IL,AGL,CE,Federal Contract Tower,0,9,0,0,9,0,34,15,0,49,0,43,15,0,58,72,0,72,130
06/16/2021,MWA,IL,AGL,CE,Federal Contract Tower,0,11,2,0,13,0,22,10,0,32,0,33,12,0,45,58,0,58,103
06/17/2021,MWA,IL,AGL,CE,Federal Contract Tower,0,5,0,0,5,0,28,14,0,42,0,33,14,0,47,100,0,100,147
06/18/2021,MWA,IL,AGL,CE,Federal Contract Tower,0,13,3,4,20,0,4,4,0,8,0,17,7,4,28,10,0,10,38
06/19/2021,MWA,IL,AGL,CE,Federal Contract Tower,0,10,0,0,10,0,0,13,0,13,0,10,13,0,23,6,0,6,29
06/20/2021,MWA,IL,AGL,CE,Federal Contract Tower,0,14,1,0,15,0,1,14,0,15,0,15,15,0,30,0,0,0,30
06/21/2021,MWA,IL,AGL,CE,Federal Contract Tower,0,10,3,0,13,0,1,2,0,3,0,11,5,0,16,0,0,0,16
06/22/2021,MWA,IL,AGL,CE,Federal Contract Tower,0,6,3,0,9,0,24,15,0,39,0,30,18,0,48,46,0,46,94
06/23/2021,MWA,IL,AGL,CE,Federal Contract Tower,0,10,1,0,11,0,19,21,0,40,0,29,22,0,51,100,0,100,151
06/24/2021,MWA,IL,AGL,CE,Federal Contract Tower,0,9,2,0,11,0,20,16,0,36,0,29,18,0,47,12,0,12,59
06/25/2021,MWA,IL,AGL,CE,Federal Contract Tower,0,12,1,0,13,0,5,0,0,5,0,17,1,0,18,20,0,20,38
06/26/2021,MWA,IL,AGL,CE,Federal Contract Tower,0,9,2,0,11,0,32,0,0,32,0,41,2,0,43,0,0,0,43
06/27/2021,MWA,IL,AGL,CE,Federal Contract Tower,0,7,5,0,12,0,1,4,0,5,0,8,9,0,17,4,0,4,21
06/28/2021,MWA,IL,AGL,CE,Federal Contract Tower,0,13,1,0,14,0,4,11,0,15,0,17,12,0,29,60,0,60,89
06/29/2021,MWA,IL,AGL,CE,Federal Contract Tower,0,10,0,0,10,0,10,16,0,26,0,20,16,0,36,62,0,62,98
06/30/2021,MWA,IL,AGL,CE,Federal Contract Tower,0,13,0,0,13,0,6,20,0,26,0,19,20,0,39,30,0,30,69
07/01/2021,MWA,IL,AGL,CE,Federal Contract Tower,0,15,2,0,17,0,0,0,0,0,0,15,2,0,17,18,0,18,35
07/02/2021,MWA,IL,AGL,CE,Federal Contract Tower,0,8,5,0,13,0,9,16,0,25,0,17,21,0,38,10,0,10,48
07/03/2021,MWA,IL,AGL,CE,Federal Contract Tower,0,7,2,0,9,0,0,4,0,4,0,7,6,0,13,0,0,0,13
07/04/2021,MWA,IL,AGL,CE,Federal Contract Tower,0,9,0,0,9,0,1,10,0,11,0,10,10,0,20,4,0,4,24
07/05/2021,MWA,IL,AGL,CE,Federal Contract Tower,0,12,5,0,17,0,2,14,0,16,0,14,19,0,33,0,0,0,33
07/06/2021,MWA,IL,AGL,CE,Federal Contract Tower,0,15,3,0,18,0,16,13,0,29,0,31,16,0,47,56,0,56,103
07/07/2021,MWA,IL,AGL,CE,Federal Contract Tower,0,11,0,0,11,0,5,9,0,14,0,16,9,0,25,42,0,42,67
07/08/2021,MWA,IL,AGL,CE,Federal Contract Tower,0,6,0,0,6,0,11,13,0,24,0,17,13,0,30,36,0,36,66
07/09/2021,MWA,IL,AGL,CE,Federal Contract Tower,0,10,2,0,12,0,20,4,3,27,0,30,6,3,39,42,8,50,89
07/10/2021,MWA,IL,AGL,CE,Federal Contract Tower,0,11,0,0,11,0,0,3,0,3,0,11,3,0,14,0,0,0,14
07/11/2021,MWA,IL,AGL,CE,Federal Contract Tower,0,9,6,0,15,0,0,0,0,0,0,9,6,0,15,0,0,0,15
07/12/2021,MWA,IL,AGL,CE,Federal Contract Tower,0,17,0,0,17,0,4,1,0,5,0,21,1,0,22,8,0,8,30
07/13/2021,MWA,IL,AGL,CE,Federal Contract Tower,0,20,0,0,20,0,15,5,0,20,0,35,5,0,40,74,0,74,114
07/14/2021,MWA,IL,AGL,CE,Federal Contract Tower,0,13,3,0,16,0,20,16,0,36,0,33,19,0,52,88,0,88,140
07/15/2021,MWA,IL,AGL,CE,Federal Contract Tower,0,8,1,0,9,0,23,12,0,35,0,31,13,0,44,70,0,70,114
07/16/2021,MWA,IL,AGL,CE,Federal Contract Tower,0,5,1,2,8,0,0,0,0,0,0,5,1,2,8,0,0,0,8
07/17/2021,MWA,IL,AGL,CE,Federal Contract Tower,0,7,0,0,7,0,0,5,0,5,0,7,5,0,12,14,0,14,26
07/18/2021,MWA,IL,AGL,CE,Federal Contract Tower,0,9,1,0,10,0,0,0,0,0,0,9,1,0,10,0,0,0,10
07/19/2021,MWA,IL,AGL,CE,Federal Contract Tower,0,16,1,0,17,0,16,14,0,30,0,32,15,0,47,126,0,126,173
07/20/2021,MWA,IL,AGL,CE,Federal Contract Tower,0,14,1,0,15,0,37,10,0,47,0,51,11,0,62,108,0,108,170
07/21/2021,MWA,IL,AGL,CE,Federal Contract Tower,0,16,5,0,21,0,28,9,0,37,0,44,14,0,58,92,0,92,150
07/22/2021,MWA,IL,AGL,CE,Federal Contract Tower,0,22,6,0,28,0,4,25,0,29,0,26,31,0,57,52,0,52,109
07/23/2021,MWA,IL,AGL,CE,Federal Contract Tower,0,17,5,0,22,0,20,11,0,31,0,37,16,0,53,70,0,70,123
07/24/2021,MWA,IL,AGL,CE,Federal Contract Tower,0,8,2,2,12,0,9,15,0,24,0,17,17,2,36,0,0,0,36
07/25/2021,MWA,IL,AGL,CE,Federal Contract Tower,0,7,2,0,9,0,4,2,2,8,0,11,4,2,17,0,0,0,17
07/26/2021,MWA,IL,AGL,CE,Federal Contract Tower,0,12,3,0,15,0,14,3,0,17,0,26,6,0,32,30,0,30,62
07/27/2021,MWA,IL,AGL,CE,Federal Contract Tower,0,14,2,0,16,0,25,8,0,33,0,39,10,0,49,12,0,12,61
07/28/2021,MWA,IL,AGL,CE,Federal Contract Tower,0,8,2,0,10,0,8,7,0,15,0,16,9,0,25,6,0,6,31
07/29/2021,MWA,IL,AGL,CE,Federal Contract Tower,0,15,1,0,16,0,6,12,0,18,0,21,13,0,34,32,0,32,66
07/30/2021,MWA,IL,AGL,CE,Federal Contract Tower,0,15,2,0,17,0,6,3,0,9,0,21,5,0,26,4,0,4,30
07/31/2021,MWA,IL,AGL,CE,Federal Contract Tower,0,7,1,0,8,0,15,0,0,15,0,22,1,0,23,10,0,10,33
08/01/2021,MWA,IL,AGL,CE,Federal Contract Tower,0,8,1,0,9,0,5,8,0,13,0,13,9,0,22,24,0,24,46
08/02/2021,MWA,IL,AGL,CE,Federal Contract Tower,0,12,2,0,14,0,6,25,0,31,0,18,27,0,45,38,0,38,83
08/03/2021,MWA,IL,AGL,CE,Federal Contract Tower,0,11,3,0,14,0,13,24,0,37,0,24,27,0,51,50,0,50,101
08/04/2021,MWA,IL,AGL,CE,Federal Contract Tower,0,11,2,0,13,0,11,24,0,35,0,22,26,0,48,80,0,80,128
08/05/2021,MWA,IL,AGL,CE,Federal Contract Tower,0,16,6,0,22,0,17,25,0,42,0,33,31,0,64,84,0,84,148
08/06/2021,MWA,IL,AGL,CE,Federal Contract Tower,0,11,2,0,13,0,12,9,0,21,0,23,11,0,34,32,0,32,66
08/07/2021,MWA,IL,AGL,CE,Federal Contract Tower,0,6,2,3,11,0,9,12,8,29,0,15,14,11,40,22,10,32,72
08/08/2021,MWA,IL,AGL,CE,Federal Contract Tower,0,5,1,0,6,0,5,12,4,21,0,10,13,4,27,8,0,8,35
08/09/2021,MWA,IL,AGL,CE,Federal Contract Tower,0,10,0,0,10,0,0,2,0,2,0,10,2,0,12,6,0,6,18
08/10/2021,MWA,IL,AGL,CE,Federal Contract Tower,0,9,1,0,10,0,4,6,0,10,0,13,7,0,20,22,0,22,42
08/11/2021,MWA,IL,AGL,CE,Federal Contract Tower,0,11,1,0,12,0,3,12,0,15,0,14,13,0,27,22,0,22,49
08/12/2021,MWA,IL,AGL,CE,Federal Contract Tower,0,11,0,0,11,0,13,4,0,17,0,24,4,0,28,46,0,46,74
08/13/2021,MWA,IL,AGL,CE,Federal Contract Tower,0,16,4,0,20,0,5,11,0,16,0,21,15,0,36,0,0,0,36
08/14/2021,MWA,IL,AGL,CE,Federal Contract Tower,0,6,2,0,8,0,2,19,0,21,0,8,21,0,29,0,0,0,29
08/15/2021,MWA,IL,AGL,CE,Federal Contract Tower,0,12,4,0,16,0,0,7,2,9,0,12,11,2,25,12,0,12,37
08/16/2021,MWA,IL,AGL,CE,Federal Contract Tower,0,15,2,0,17,0,5,9,0,14,0,20,11,0,31,74,0,74,105
08/17/2021,MWA,IL,AGL,CE,Federal Contract Tower,0,13,2,0,15,0,4,10,0,14,0,17,12,0,29,38,0,38,67
08/18/2021,MWA,IL,AGL,CE,Federal Contract Tower,0,15,0,0,15,0,8,16,0,24,0,23,16,0,39,32,0,32,71
08/19/2021,MWA,IL,AGL,CE,Federal Contract Tower,0,10,2,0,12,0,11,4,0,15,0,21,6,0,27,16,0,16,43
08/20/2021,MWA,IL,AGL,CE,Federal Contract Tower,0,15,2,0,17,0,6,9,0,15,0,21,11,0,32,0,0,0,32
08/21/2021,MWA,IL,AGL,CE,Federal Contract Tower,0,8,0,0,8,0,0,1,0,1,0,8,1,0,9,0,0,0,9
08/22/2021,MWA,IL,AGL,CE,Federal Contract Tower,0,10,5,0,15,0,0,6,0,6,0,10,11,0,21,8,0,8,29
08/23/2021,MWA,IL,AGL,CE,Federal Contract Tower,0,10,3,0,13,0,17,9,0,26,0,27,12,0,39,52,0,52,91
08/24/2021,MWA,IL,AGL,CE,Federal Contract Tower,0,17,0,0,17,0,29,19,0,48,0,46,19,0,65,90,0,90,155
08/25/2021,MWA,IL,AGL,CE,Federal Contract Tower,0,9,1,0,10,0,15,14,0,29,0,24,15,0,39,44,0,44,83
08/26/2021,MWA,IL,AGL,CE,Federal Contract Tower,0,13,2,0,15,0,17,14,0,31,0,30,16,0,46,70,0,70,116
08/27/2021,MWA,IL,AGL,CE,Federal Contract Tower,0,9,0,0,9,0,11,9,0,20,0,20,9,0,29,34,0,34,63
08/28/2021,MWA,IL,AGL,CE,Federal Contract Tower,0,7,2,0,9,0,1,13,0,14,0,8,15,0,23,18,0,18,41
08/29/2021,MWA,IL,AGL,CE,Federal Contract Tower,0,8,0,0,8,0,9,2,5,16,0,17,2,5,24,20,0,20,44
08/30/2021,MWA,IL,AGL,CE,Federal Contract Tower,0,8,0,0,8,0,14,8,0,22,0,22,8,0,30,50,0,50,80
08/31/2021,MWA,IL,AGL,CE,Federal Contract Tower,0,16,3,0,19,0,5,4,0,9,0,21,7,0,28,22,0,22,50
09/01/2021,MWA,IL,AGL,CE,Federal Contract Tower,0,15,2,1,18,0,7,5,1,13,0,22,7,2,31,18,0,18,49
09/02/2021,MWA,IL,AGL,CE,Federal Contract Tower,0,6,3,0,9,0,10,12,0,22,0,16,15,0,31,32,0,32,63
09/03/2021,MWA,IL,AGL,CE,Federal Contract Tower,0,13,1,0,14,0,19,19,0,38,0,32,20,0,52,38,0,38,90
09/04/2021,MWA,IL,AGL,CE,Federal Contract Tower,0,6,2,0,8,0,0,0,0,0,0,6,2,0,8,0,0,0,8
09/05/2021,MWA,IL,AGL,CE,Federal Contract Tower,0,10,1,0,11,0,9,7,0,16,0,19,8,0,27,0,0,0,27
09/06/2021,MWA,IL,AGL,CE,Federal Contract Tower,0,13,1,0,14,0,2,15,0,17,0,15,16,0,31,8,0,8,39
09/07/2021,MWA,IL,AGL,CE,Federal Contract Tower,0,10,2,0,12,0,26,18,1,45,0,36,20,1,57,54,0,54,111
09/08/2021,MWA,IL,AGL,CE,Federal Contract Tower,0,9,4,0,13,0,9,7,0,16,0,18,11,0,29,26,0,26,55
09/09/2021,MWA,IL,AGL,CE,Federal Contract Tower,0,10,3,0,13,0,7,11,0,18,0,17,14,0,31,28,0,28,59
09/10/2021,MWA,IL,AGL,CE,Federal Contract Tower,0,16,1,0,17,0,30,36,2,68,0,46,37,2,85,118,0,118,203
09/11/2021,MWA,IL,AGL,CE,Federal Contract Tower,0,11,4,0,15,0,9,14,0,23,0,20,18,0,38,34,0,34,72
09/12/2021,MWA,IL,AGL,CE,Federal Contract Tower,0,7,0,0,7,0,6,9,7,22,0,13,9,7,29,0,16,16,45
09/13/2021,MWA,IL,AGL,CE,Federal Contract Tower,0,12,3,2,17,0,15,12,1,28,0,27,15,3,45,44,2,46,91
09/14/2021,MWA,IL,AGL,CE,Federal Contract Tower,0,9,0,0,9,0,5,12,0,17,0,14,12,0,26,38,0,38,64
09/15/2021,MWA,IL,AGL,CE,Federal Contract Tower,0,20,3,0,23,0,1,10,0,11,0,21,13,0,34,36,0,36,70
09/16/2021,MWA,IL,AGL,CE,Federal Contract Tower,0,17,1,0,18,0,17,11,0,28,0,34,12,0,46,86,0,86,132
09/17/2021,MWA,IL,AGL,CE,Federal Contract Tower,0,15,4,0,19,0,6,1,0,7,0,21,5,0,26,30,0,30,56
09/18/2021,MWA,IL,AGL,CE,Federal Contract Tower,0,6,0,0,6,0,0,3,0,3,0,6,3,0,9,0,0,0,9
09/19/2021,MWA,IL,AGL,CE,Federal Contract Tower,0,11,2,0,13,0,7,1,0,8,0,18,3,0,21,14,0,14,35
09/20/2021,MWA,IL,AGL,CE,Federal Contract Tower,0,14,1,0,15,0,0,4,4,8,0,14,5,4,23,28,8,36,59
09/21/2021,MWA,IL,AGL,CE,Federal Contract Tower,0,16,1,0,17,0,0,0,0,0,0,16,1,0,17,0,0,0,17
09/22/2021,MWA,IL,AGL,CE,Federal Contract Tower,0,13,3,0,16,0,7,3,0,10,0,20,6,0,26,84,0,84,110
09/23/2021,MWA,IL,AGL,CE,Federal Contract Tower,0,13,1,0,14,0,19,10,0,29,0,32,11,0,43,94,0,94,137
09/24/2021,MWA,IL,AGL,CE,Federal Contract Tower,0,9,0,0,9,0,42,4,0,46,0,51,4,0,55,92,0,92,147
09/25/2021,MWA,IL,AGL,CE,Federal Contract Tower,0,11,2,0,13,0,2,12,0,14,0,13,14,0,27,4,0,4,31
09/26/2021,MWA,IL,AGL,CE,Federal Contract Tower,0,9,5,0,14,0,5,16,0,21,0,14,21,0,35,10,0,10,45
09/27/2021,MWA,IL,AGL,CE,Federal Contract Tower,0,11,3,0,14,0,11,10,0,21,0,22,13,0,35,92,0,92,127
09/28/2021,MWA,IL,AGL,CE,Federal Contract Tower,0,10,1,0,11,0,29,15,0,44,0,39,16,0,55,132,0,132,187
09/29/2021,MWA,IL,AGL,CE,Federal Contract Tower,0,20,5,0,25,0,17,16,0,33,0,37,21,0,58,178,0,178,236
09/30/2021,MWA,IL,AGL,CE,Federal Contract Tower,0,14,2,0,16,0,47,9,0,56,0,61,11,0,72,122,0,122,194
10/01/2021,MWA,IL,AGL,CE,Federal Contract Tower,0,18,3,2,23,0,45,12,0,57,0,63,15,2,80,103,0,103,183
10/02/2021,MWA,IL,AGL,CE,Federal Contract Tower,0,8,1,0,9,0,0,0,0,0,0,8,1,0,9,0,0,0,9
10/03/2021,MWA,IL,AGL,CE,Federal Contract Tower,0,8,3,0,11,0,0,3,0,3,0,8,6,0,14,0,0,0,14
10/04/2021,MWA,IL,AGL,CE,Federal Contract Tower,0,15,0,2,17,0,31,13,0,44,0,46,13,2,61,174,0,174,235
10/05/2021,MWA,IL,AGL,CE,Federal Contract Tower,0,17,1,0,18,0,14,2,0,16,0,31,3,0,34,82,0,82,116
10/06/2021,MWA,IL,AGL,CE,Federal Contract Tower,0,14,2,0,16,0,18,10,0,28,0,32,12,0,44,62,0,62,106
10/07/2021,MWA,IL,AGL,CE,Federal Contract Tower,0,19,1,0,20,0,14,8,2,24,0,33,9,2,44,26,0,26,70
10/08/2021,MWA,IL,AGL,CE,Federal Contract Tower,2,13,3,0,18,0,19,11,0,30,2,32,14,0,48,106,0,106,154
10/09/2021,MWA,IL,AGL,CE,Federal Contract Tower,0,13,2,0,15,0,40,13,0,53,0,53,15,0,68,32,0,32,100
10/10/2021,MWA,IL,AGL,CE,Federal Contract Tower,0,8,1,0,9,0,8,4,0,12,0,16,5,0,21,0,0,0,21
10/11/2021,MWA,IL,AGL,CE,Federal Contract Tower,0,6,0,0,6,0,2,1,0,3,0,8,1,0,9,0,0,0,9
10/12/2021,MWA,IL,AGL,CE,Federal Contract Tower,0,7,1,0,8,0,71,19,0,90,0,78,20,0,98,144,0,144,242
10/13/2021,MWA,IL,AGL,CE,Federal Contract Tower,0,18,3,0,21,0,51,4,0,55,0,69,7,0,76,88,0,88,164
10/14/2021,MWA,IL,AGL,CE,Federal Contract Tower,0,14,0,0,14,0,34,8,0,42,0,48,8,0,56,60,0,60,116
10/15/2021,MWA,IL,AGL,CE,Federal Contract Tower,1,16,3,0,20,0,1,3,0,4,1,17,6,0,24,0,0,0,24
10/16/2021,MWA,IL,AGL,CE,Federal Contract Tower,0,13,1,2,16,0,27,10,0,37,0,40,11,2,53,36,0,36,89
10/17/2021,MWA,IL,AGL,CE,Federal Contract Tower,0,11,4,0,15,0,4,29,0,33,0,15,33,0,48,56,0,56,104
10/18/2021,MWA,IL,AGL,CE,Federal Contract Tower,0,12,3,2,17,0,54,29,0,83,0,66,32,2,100,134,12,146,246
10/19/2021,MWA,IL,AGL,CE,Federal Contract Tower,0,8,1,0,9,0,40,42,0,82,0,48,43,0,91,112,0,112,203
10/20/2021,MWA,IL,AGL,CE,Federal Contract Tower,0,19,3,6,28,0,22,28,0,50,0,41,31,6,78,128,8,136,214
10/21/2021,MWA,IL,AGL,CE,Federal Contract Tower,0,11,1,0,12,0,53,13,0,66,0,64,14,0,78,80,0,80,158
10/22/2021,MWA,IL,AGL,CE,Federal Contract Tower,0,14,1,0,15,0,32,9,0,41,0,46,10,0,56,94,0,94,150
10/23/2021,MWA,IL,AGL,CE,Federal Contract Tower,0,8,2,0,10,0,0,1,0,1,0,8,3,0,11,0,0,0,11
10/24/2021,MWA,IL,AGL,CE,Federal Contract Tower,0,3,1,0,4,0,5,0,0,5,0,8,1,0,9,0,0,0,9
10/25/2021,MWA,IL,AGL,CE,Federal Contract Tower,0,20,0,0,20,0,7,0,0,7,0,27,0,0,27,2,0,2,29
10/26/2021,MWA,IL,AGL,CE,Federal Contract Tower,0,9,2,0,11,0,50,17,0,67,0,59,19,0,78,120,0,120,198
10/27/2021,MWA,IL,AGL,CE,Federal Contract Tower,0,10,1,0,11,0,30,19,0,49,0,40,20,0,60,66,0,66,126
10/28/2021,MWA,IL,AGL,CE,Federal Contract Tower,1,18,0,0,19,0,9,0,0,9,1,27,0,0,28,8,0,8,36
10/29/2021,MWA,IL,AGL,CE,Federal Contract Tower,1,16,0,0,17,0,4,0,0,4,1,20,0,0,21,4,0,4,25
10/30/2021,MWA,IL,AGL,CE,Federal Contract Tower,1,6,3,0,10,0,3,0,0,3,1,9,3,0,13,0,0,0,13
10/31/2021,MWA,IL,AGL,CE,Federal Contract Tower,0,5,2,0,7,0,11,6,0,17,0,16,8,0,24,22,0,22,46
11/01/2021,MWA,IL,AGL,CE,Federal Contract Tower,0,11,1,0,12,0,23,5,0,28,0,34,6,0,40,82,0,82,122
11/02/2021,MWA,IL,AGL,CE,Federal Contract Tower,0,9,1,0,10,0,37,9,0,46,0,46,10,0,56,68,0,68,124
11/03/2021,MWA,IL,AGL,CE,Federal Contract Tower,0,13,0,0,13,0,22,18,0,40,0,35,18,0,53,96,0,96,149
11/04/2021,MWA,IL,AGL,CE,Federal Contract Tower,0,11,0,0,11,0,39,14,4,57,0,50,14,4,68,164,0,164,232
11/05/2021,MWA,IL,AGL,CE,Federal Contract Tower,0,16,2,0,18,0,31,9,0,40,0,47,11,0,58,87,0,87,145
11/06/2021,MWA,IL,AGL,CE,Federal Contract Tower,0,7,0,0,7,0,14,14,0,28,0,21,14,0,35,56,0,56,91
11/07/2021,MWA,IL,AGL,CE,Federal Contract Tower,0,10,2,0,12,0,3,12,0,15,0,13,14,0,27,36,0,36,63
11/08/2021,MWA,IL,AGL,CE,Federal Contract Tower,0,13,5,0,18,0,27,9,0,36,0,40,14,0,54,68,0,68,122
11/09/2021,MWA,IL,AGL,CE,Federal Contract Tower,0,9,3,0,12,0,22,6,1,29,0,31,9,1,41,108,0,108,149
11/10/2021,MWA,IL,AGL,CE,Federal Contract Tower,0,10,1,0,11,0,20,12,5,37,0,30,13,5,48,106,0,106,154
11/11/2021,MWA,IL,AGL,CE,Federal Contract Tower,0,11,2,0,13,0,2,1,0,3,0,13,3,0,16,2,0,2,18
11/12/2021,MWA,IL,AGL,CE,Federal Contract Tower,0,11,1,0,12,0,9,0,0,9,0,20,1,0,21,0,0,0,21
11/13/2021,MWA,IL,AGL,CE,Federal Contract Tower,0,7,1,0,8,0,0,14,0,14,0,7,15,0,22,0,0,0,22
11/14/2021,MWA,IL,AGL,CE,Federal Contract Tower,0,8,0,0,8,0,2,0,0,2,0,10,0,0,10,4,0,4,14
11/15/2021,MWA,IL,AGL,CE,Federal Contract Tower,0,15,0,0,15,0,36,4,0,40,0,51,4,0,55,110,0,110,165
11/16/2021,MWA,IL,AGL,CE,Federal Contract Tower,0,15,1,0,16,0,13,8,0,21,0,28,9,0,37,38,0,38,75
11/17/2021,MWA,IL,AGL,CE,Federal Contract Tower,0,15,2,0,17,0,1,0,1,2,0,16,2,1,19,0,0,0,19
11/18/2021,MWA,IL,AGL,CE,Federal Contract Tower,0,10,2,0,12,0,39,9,1,49,0,49,11,1,61,160,0,160,221
11/19/2021,MWA,IL,AGL,CE,Federal Contract Tower,2,16,3,0,21,0,27,24,0,51,2,43,27,0,72,126,0,126,198
11/20/2021,MWA,IL,AGL,CE,Federal Contract Tower,2,8,1,0,11,0,8,11,0,19,2,16,12,0,30,56,0,56,86
11/21/2021,MWA,IL,AGL,CE,Federal Contract Tower,0,9,5,0,14,0,3,2,0,5,0,12,7,0,19,8,0,8,27
11/22/2021,MWA,IL,AGL,CE,Federal Contract Tower,0,13,3,0,16,0,16,24,0,40,0,29,27,0,56,52,0,52,108
11/23/2021,MWA,IL,AGL,CE,Federal Contract Tower,0,8,1,0,9,0,23,18,0,41,0,31,19,0,50,26,0,26,76
11/24/2021,MWA,IL,AGL,CE,Federal Contract Tower,0,6,0,0,6,0,4,4,0,8,0,10,4,0,14,0,0,0,14
11/25/2021,MWA,IL,AGL,CE,Federal Contract Tower,0,11,0,0,11,0,0,1,0,1,0,11,1,0,12,0,0,0,12
11/26/2021,MWA,IL,AGL,CE,Federal Contract Tower,2,10,4,0,16,0,2,14,0,16,2,12,18,0,32,4,0,4,36
11/27/2021,MWA,IL,AGL,CE,Federal Contract Tower,0,3,0,0,3,0,23,24,0,47,0,26,24,0,50,20,0,20,70
11/28/2021,MWA,IL,AGL,CE,Federal Contract Tower,1,5,4,0,10,0,4,20,0,24,1,9,24,0,34,0,0,0,34
11/29/2021,MWA,IL,AGL,CE,Federal Contract Tower,0,7,2,0,9,0,18,23,0,41,0,25,25,0,50,50,0,50,100
11/30/2021,MWA,IL,AGL,CE,Federal Contract Tower,0,11,4,0,15,0,17,13,0,30,0,28,17,0,45,48,0,48,93
12/01/2021,MWA,IL,AGL,CE,Federal Contract Tower,0,16,1,0,17,0,18,11,0,29,0,34,12,0,46,20,0,20,66
12/02/2021,MWA,IL,AGL,CE,Federal Contract Tower,0,16,2,0,18,0,21,13,0,34,0,37,15,0,52,116,0,116,168
12/03/2021,MWA,IL,AGL,CE,Federal Contract Tower,2,24,0,0,26,0,18,23,0,41,2,42,23,0,67,98,0,98,165
12/04/2021,MWA,IL,AGL,CE,Federal Contract Tower,0,14,4,2,20,0,6,33,4,43,0,20,37,6,63,10,0,10,73
12/05/2021,MWA,IL,AGL,CE,Federal Contract Tower,0,6,0,0,6,0,6,0,0,6,0,12,0,0,12,0,0,0,12
12/06/2021,MWA,IL,AGL,CE,Federal Contract Tower,0,8,0,0,8,0,15,2,0,17,0,23,2,0,25,6,0,6,31
12/07/2021,MWA,IL,AGL,CE,Federal Contract Tower,0,7,2,0,9,0,21,17,0,38,0,28,19,0,47,14,0,14,61
12/08/2021,MWA,IL,AGL,CE,Federal Contract Tower,0,9,4,0,13,0,10,11,0,21,0,19,15,0,34,20,0,20,54
12/09/2021,MWA,IL,AGL,CE,Federal Contract Tower,0,16,3,0,19,0,2,11,0,13,0,18,14,0,32,28,0,28,60
12/11/2021,MWA,IL,AGL,CE,Federal Contract Tower,0,8,0,0,8,0,2,4,0,6,0,10,4,0,14,0,0,0,14
12/12/2021,MWA,IL,AGL,CE,Federal Contract Tower,0,5,1,0,6,0,2,12,0,14,0,7,13,0,20,4,0,4,24
12/13/2021,MWA,IL,AGL,CE,Federal Contract Tower,0,15,5,0,20,0,13,16,0,29,0,28,21,0,49,38,0,38,87
12/14/2021,MWA,IL,AGL,CE,Federal Contract Tower,0,16,4,0,20,0,9,15,0,24,0,25,19,0,44,52,0,52,96
12/15/2021,MWA,IL,AGL,CE,Federal Contract Tower,0,7,0,0,7,0,0,0,0,0,0,7,0,0,7,0,0,0,7
12/16/2021,MWA,IL,AGL,CE,Federal Contract Tower,0,11,0,0,11,0,7,3,0,10,0,18,3,0,21,0,0,0,21
12/18/2021,MWA,IL,AGL,CE,Federal Contract Tower,0,0,0,0,0,0,2,1,0,3,0,2,1,0,3,6,0,6,9
12/19/2021,MWA,IL,AGL,CE,Federal Contract Tower,0,7,1,0,8,0,0,11,0,11,0,7,12,0,19,0,0,0,19
12/20/2021,MWA,IL,AGL,CE,Federal Contract Tower,0,14,5,2,21,0,7,23,6,36,0,21,28,8,57,60,10,70,127
12/21/2021,MWA,IL,AGL,CE,Federal Contract Tower,0,10,0,0,10,0,12,17,0,29,0,22,17,0,39,14,0,14,53
12/22/2021,MWA,IL,AGL,CE,Federal Contract Tower,0,10,0,0,10,0,22,5,0,27,0,32,5,0,37,16,0,16,53
12/23/2021,MWA,IL,AGL,CE,Federal Contract Tower,0,8,3,0,11,0,6,8,0,14,0,14,11,0,25,0,0,0,25
12/24/2021,MWA,IL,AGL,CE,Federal Contract Tower,0,6,3,0,9,0,6,0,0,6,0,12,3,0,15,0,0,0,15
12/25/2021,MWA,IL,AGL,CE,Federal Contract Tower,0,4,1,0,5,0,2,2,0,4,0,6,3,0,9,0,0,0,9
12/26/2021,MWA,IL,AGL,CE,Federal Contract Tower,0,6,2,0,8,0,0,1,0,1,0,6,3,0,9,0,0,0,9
12/27/2021,MWA,IL,AGL,CE,Federal Contract Tower,0,18,0,0,18,0,0,7,0,7,0,18,7,0,25,14,0,14,39
12/28/2021,MWA,IL,AGL,CE,Federal Contract Tower,0,11,1,0,12,0,1,0,0,1,0,12,1,0,13,0,0,0,13
12/29/2021,MWA,IL,AGL,CE,Federal Contract Tower,0,4,0,0,4,0,0,1,0,1,0,4,1,0,5,0,0,0,5
12/30/2021,MWA,IL,AGL,CE,Federal Contract Tower,0,12,2,0,14,0,0,0,0,0,0,12,2,0,14,0,0,0,14
12/31/2021,MWA,IL,AGL,CE,Federal Contract Tower,0,12,2,0,14,0,2,2,0,4,0,14,4,0,18,0,0,0,18
01/01/2022,MWA,IL,AGL,CE,Federal Contract Tower,0,4,0,0,4,0,0,0,0,0,0,4,0,0,4,0,0,0,4
01/02/2022,MWA,IL,AGL,CE,Federal Contract Tower,0,9,0,0,9,0,0,0,0,0,0,9,0,0,9,6,0,6,15
01/03/2022,MWA,IL,AGL,CE,Federal Contract Tower,0,14,3,0,17,0,9,2,0,11,0,23,5,0,28,2,0,2,30
01/04/2022,MWA,IL,AGL,CE,Federal Contract Tower,0,11,0,0,11,0,3,4,0,7,0,14,4,0,18,0,0,0,18
01/05/2022,MWA,IL,AGL,CE,Federal Contract Tower,0,8,1,0,9,0,23,3,0,26,0,31,4,0,35,10,0,10,45
01/06/2022,MWA,IL,AGL,CE,Federal Contract Tower,0,8,0,0,8,0,1,0,0,1,0,9,0,0,9,0,0,0,9
01/07/2022,MWA,IL,AGL,CE,Federal Contract Tower,0,14,2,0,16,0,0,7,0,7,0,14,9,0,23,0,0,0,23
01/08/2022,MWA,IL,AGL,CE,Federal Contract Tower,0,8,0,0,8,0,0,2,0,2,0,8,2,0,10,0,0,0,10
01/09/2022,MWA,IL,AGL,CE,Federal Contract Tower,0,10,0,0,10,0,1,8,0,9,0,11,8,0,19,20,0,20,39
01/10/2022,MWA,IL,AGL,CE,Federal Contract Tower,0,8,1,0,9,0,17,19,0,36,0,25,20,0,45,48,0,48,93
01/11/2022,MWA,IL,AGL,CE,Federal Contract Tower,0,11,0,0,11,0,14,18,0,32,0,25,18,0,43,48,0,48,91
01/12/2022,MWA,IL,AGL,CE,Federal Contract Tower,0,9,1,0,10,0,12,5,0,17,0,21,6,0,27,12,0,12,39
01/13/2022,MWA,IL,AGL,CE,Federal Contract Tower,0,7,0,0,7,0,26,6,0,32,0,33,6,0,39,60,0,60,99
01/14/2022,MWA,IL,AGL,CE,Federal Contract Tower,0,14,2,0,16,0,0,0,0,0,0,14,2,0,16,0,0,0,16
01/15/2022,MWA,IL,AGL,CE,Federal Contract Tower,2,6,0,0,8,0,0,0,0,0,2,6,0,0,8,0,0,0,8
01/16/2022,MWA,IL,AGL,CE,Federal Contract Tower,0,7,1,0,8,0,2,12,0,14,0,9,13,0,22,12,0,12,34
01/17/2022,MWA,IL,AGL,CE,Federal Contract Tower,0,6,0,0,6,0,6,6,0,12,0,12,6,0,18,0,0,0,18
01/18/2022,MWA,IL,AGL,CE,Federal Contract Tower,0,1,0,0,1,0,17,4,0,21,0,18,4,0,22,16,0,16,38
01/19/2022,MWA,IL,AGL,CE,Federal Contract Tower,0,5,4,0,9,0,6,4,0,10,0,11,8,0,19,26,0,26,45
01/20/2022,MWA,IL,AGL,CE,Federal Contract Tower,0,13,0,0,13,0,24,19,0,43,0,37,19,0,56,130,0,130,186
01/21/2022,MWA,IL,AGL,CE,Federal Contract Tower,0,14,3,0,17,0,17,16,0,33,0,31,19,0,50,150,0,150,200
01/22/2022,MWA,IL,AGL,CE,Federal Contract Tower,0,6,2,0,8,0,12,16,0,28,0,18,18,0,36,36,0,36,72
01/23/2022,MWA,IL,AGL,CE,Federal Contract Tower,0,5,2,0,7,0,10,5,0,15,0,15,7,0,22,36,0,36,58
01/24/2022,MWA,IL,AGL,CE,Federal Contract Tower,0,8,0,0,8,0,11,5,0,16,0,19,5,0,24,136,0,136,160
01/25/2022,MWA,IL,AGL,CE,Federal Contract Tower,0,8,4,0,12,0,1,7,0,8,0,9,11,0,20,86,0,86,106
01/26/2022,MWA,IL,AGL,CE,Federal Contract Tower,1,10,0,0,11,0,26,14,0,40,1,36,14,0,51,18,0,18,69
01/27/2022,MWA,IL,AGL,CE,Federal Contract Tower,0,7,0,0,7,0,15,4,0,19,0,22,4,0,26,50,0,50,76
01/28/2022,MWA,IL,AGL,CE,Federal Contract Tower,0,5,0,0,5,0,9,1,0,10,0,14,1,0,15,30,0,30,45
01/29/2022,MWA,IL,AGL,CE,Federal Contract Tower,0,9,5,0,14,0,12,23,0,35,0,21,28,0,49,0,0,0,49
01/30/2022,MWA,IL,AGL,CE,Federal Contract Tower,1,6,0,0,7,0,13,13,0,26,1,19,13,0,33,18,0,18,51
01/31/2022,MWA,IL,AGL,CE,Federal Contract Tower,0,9,0,0,9,0,11,17,0,28,0,20,17,0,37,74,0,74,111
02/01/2022,MWA,IL,AGL,CE,Federal Contract Tower,0,9,2,0,11,0,51,10,0,61,0,60,12,0,72,54,0,54,126
02/02/2022,MWA,IL,AGL,CE,Federal Contract Tower,0,2,0,0,2,0,0,0,0,0,0,2,0,0,2,0,0,0,2
02/03/2022,MWA,IL,AGL,CE,Federal Contract Tower,0,8,0,0,8,0,10,8,2,20,0,18,8,2,28,32,0,32,60
02/04/2022,MWA,IL,AGL,CE,Federal Contract Tower,0,3,0,0,3,0,8,0,0,8,0,11,0,0,11,0,0,0,11
02/05/2022,MWA,IL,AGL,CE,Federal Contract Tower,3,8,12,0,23,0,0,0,0,0,3,8,12,0,23,0,0,0,23
02/06/2022,MWA,IL,AGL,CE,Federal Contract Tower,0,16,3,0,19,0,0,9,0,9,0,16,12,0,28,0,0,0,28
02/07/2022,MWA,IL,AGL,CE,Federal Contract Tower,0,12,2,0,14,0,27,10,0,37,0,39,12,0,51,160,0,160,211
02/08/2022,MWA,IL,AGL,CE,Federal Contract Tower,2,9,3,0,14,0,38,15,0,53,2,47,18,0,67,148,0,148,215
02/09/2022,MWA,IL,AGL,CE,Federal Contract Tower,0,12,0,0,12,0,35,13,0,48,0,47,13,0,60,116,0,116,176
02/10/2022,MWA,IL,AGL,CE,Federal Contract Tower,1,18,0,0,19,0,37,11,0,48,1,55,11,0,67,118,0,118,185
02/11/2022,MWA,IL,AGL,CE,Federal Contract Tower,2,13,2,0,17,0,11,6,0,17,2,24,8,0,34,14,0,14,48
02/12/2022,MWA,IL,AGL,CE,Federal Contract Tower,0,6,0,0,6,0,2,1,0,3,0,8,1,0,9,0,0,0,9
02/13/2022,MWA,IL,AGL,CE,Federal Contract Tower,2,17,2,0,21,0,7,6,1,14,2,24,8,1,35,20,0,20,55
02/14/2022,MWA,IL,AGL,CE,Federal Contract Tower,0,6,0,0,6,0,38,7,0,45,0,44,7,0,51,150,0,150,201
02/15/2022,MWA,IL,AGL,CE,Federal Contract Tower,0,15,4,0,19,0,25,7,0,32,0,40,11,0,51,16,0,16,67
02/16/2022,MWA,IL,AGL,CE,Federal Contract Tower,0,11,3,0,14,0,5,2,0,7,0,16,5,0,21,0,0,0,21
02/17/2022,MWA,IL,AGL,CE,Federal Contract Tower,0,5,0,0,5,0,0,0,0,0,0,5,0,0,5,0,0,0,5
02/18/2022,MWA,IL,AGL,CE,Federal Contract Tower,0,9,1,2,12,0,13,18,1,32,0,22,19,3,44,58,0,58,102
02/19/2022,MWA,IL,AGL,CE,Federal Contract Tower,0,4,2,0,6,0,6,10,0,16,0,10,12,0,22,16,0,16,38
02/20/2022,MWA,IL,AGL,CE,Federal Contract Tower,0,8,1,0,9,0,20,3,0,23,0,28,4,0,32,0,0,0,32
02/21/2022,MWA,IL,AGL,CE,Federal Contract Tower,0,10,9,0,19,0,25,1,0,26,0,35,10,0,45,50,0,50,95
02/22/2022,MWA,IL,AGL,CE,Federal Contract Tower,0,14,1,0,15,0,0,0,0,0,0,14,1,0,15,0,0,0,15
02/23/2022,MWA,IL,AGL,CE,Federal Contract Tower,0,4,0,0,4,0,4,4,0,8,0,8,4,0,12,34,0,34,46
02/24/2022,MWA,IL,AGL,CE,Federal Contract Tower,0,0,0,0,0,0,0,0,0,0,0,0,0,0,0,0,0,0,0
02/25/2022,MWA,IL,AGL,CE,Federal Contract Tower,2,11,0,0,13,0,4,0,0,4,2,15,0,0,17,0,0,0,17
02/26/2022,MWA,IL,AGL,CE,Federal Contract Tower,0,6,1,0,7,0,20,5,0,25,0,26,6,0,32,8,0,8,40
02/27/2022,MWA,IL,AGL,CE,Federal Contract Tower,0,7,2,4,13,0,13,11,2,26,0,20,13,6,39,20,0,20,59
02/28/2022,MWA,IL,AGL,CE,Federal Contract Tower,0,5,6,0,11,0,65,14,0,79,0,70,20,0,90,138,0,138,228
03/01/2022,MWA,IL,AGL,CE,Federal Contract Tower,0,10,2,0,12,0,28,19,0,47,0,38,21,0,59,72,0,72,131
03/02/2022,MWA,IL,AGL,CE,Federal Contract Tower,0,16,2,0,18,0,21,24,3,48,0,37,26,3,66,56,0,56,122
03/03/2022,MWA,IL,AGL,CE,Federal Contract Tower,0,8,0,0,8,0,30,13,2,45,0,38,13,2,53,98,6,104,157
03/04/2022,MWA,IL,AGL,CE,Federal Contract Tower,0,10,1,0,11,0,19,15,0,34,0,29,16,0,45,26,0,26,71
03/05/2022,MWA,IL,AGL,CE,Federal Contract Tower,0,9,0,0,9,0,6,1,0,7,0,15,1,0,16,0,0,0,16
03/06/2022,MWA,IL,AGL,CE,Federal Contract Tower,0,11,1,0,12,0,4,0,0,4,0,15,1,0,16,0,0,0,16
03/07/2022,MWA,IL,AGL,CE,Federal Contract Tower,0,6,5,0,11,0,2,0,0,2,0,8,5,0,13,0,0,0,13
03/08/2022,MWA,IL,AGL,CE,Federal Contract Tower,0,14,5,0,19,0,6,12,0,18,0,20,17,0,37,20,0,20,57
03/09/2022,MWA,IL,AGL,CE,Federal Contract Tower,0,10,0,0,10,0,10,22,0,32,0,20,22,0,42,30,0,30,72
03/10/2022,MWA,IL,AGL,CE,Federal Contract Tower,0,14,0,0,14,0,10,17,0,27,0,24,17,0,41,28,0,28,69
03/11/2022,MWA,IL,AGL,CE,Federal Contract Tower,0,10,0,0,10,0,0,1,0,1,0,10,1,0,11,0,0,0,11
03/12/2022,MWA,IL,AGL,CE,Federal Contract Tower,0,2,1,0,3,0,12,6,0,18,0,14,7,0,21,6,0,6,27
03/13/2022,MWA,IL,AGL,CE,Federal Contract Tower,0,6,3,0,9,0,6,4,0,10,0,12,7,0,19,0,0,0,19
03/14/2022,MWA,IL,AGL,CE,Federal Contract Tower,0,8,0,0,8,0,11,8,0,19,0,19,8,0,27,32,0,32,59
03/15/2022,MWA,IL,AGL,CE,Federal Contract Tower,0,9,0,0,9,0,22,3,0,25,0,31,3,0,34,62,16,78,112
03/16/2022,MWA,IL,AGL,CE,Federal Contract Tower,0,16,0,0,16,0,45,21,2,68,0,61,21,2,84,158,8,166,250
03/17/2022,MWA,IL,AGL,CE,Federal Contract Tower,0,17,0,1,18,0,30,18,0,48,0,47,18,1,66,108,0,108,174
03/18/2022,MWA,IL,AGL,CE,Federal Contract Tower,0,7,1,0,8,0,8,0,0,8,0,15,1,0,16,0,0,0,16
03/19/2022,MWA,IL,AGL,CE,Federal Contract Tower,0,2,1,0,3,0,2,1,0,3,0,4,2,0,6,4,0,4,10
03/20/2022,MWA,IL,AGL,CE,Federal Contract Tower,2,4,2,0,8,0,5,3,0,8,2,9,5,0,16,22,0,22,38
03/21/2022,MWA,IL,AGL,CE,Federal Contract Tower,0,6,0,0,6,0,23,9,5,37,0,29,9,5,43,62,0,62,105
03/22/2022,MWA,IL,AGL,CE,Federal Contract Tower,0,8,3,0,11,0,0,0,0,0,0,8,3,0,11,0,0,0,11
03/23/2022,MWA,IL,AGL,CE,Federal Contract Tower,0,14,0,0,14,0,0,0,0,0,0,14,0,0,14,0,0,0,14
03/24/2022,MWA,IL,AGL,CE,Federal Contract Tower,0,9,1,0,10,0,13,3,0,16,0,22,4,0,26,18,0,18,44
03/25/2022,MWA,IL,AGL,CE,Federal Contract Tower,0,7,2,0,9,0,12,8,0,20,0,19,10,0,29,88,0,88,117
03/26/2022,MWA,IL,AGL,CE,Federal Contract Tower,0,5,0,0,5,0,8,0,6,14,0,13,0,6,19,0,6,6,25
03/27/2022,MWA,IL,AGL,CE,Federal Contract Tower,0,5,0,0,5,0,8,7,0,15,0,13,7,0,20,0,0,0,20
03/28/2022,MWA,IL,AGL,CE,Federal Contract Tower,0,5,0,0,5,0,28,11,1,40,0,33,11,1,45,80,4,84,129
03/29/2022,MWA,IL,AGL,CE,Federal Contract Tower,0,6,3,0,9,0,41,5,0,46,0,47,8,0,55,20,0,20,75
03/30/2022,MWA,IL,AGL,CE,Federal Contract Tower,0,9,2,0,11,0,1,0,0,1,0,10,2,0,12,0,0,0,12
03/31/2022,MWA,IL,AGL,CE,Federal Contract Tower,0,9,1,0,10,0,29,12,0,41,0,38,13,0,51,104,0,104,155
04/01/2022,MWA,IL,AGL,CE,Federal Contract Tower,0,3,2,0,5,0,24,26,3,53,0,27,28,3,58,156,0,156,214
04/02/2022,MWA,IL,AGL,CE,Federal Contract Tower,0,3,0,0,3,0,30,1,0,31,0,33,1,0,34,8,0,8,42
04/03/2022,MWA,IL,AGL,CE,Federal Contract Tower,0,6,0,1,7,0,16,7,2,25,0,22,7,3,32,8,0,8,40
04/04/2022,MWA,IL,AGL,CE,Federal Contract Tower,0,8,0,0,8,0,27,5,0,32,0,35,5,0,40,18,0,18,58
04/05/2022,MWA,IL,AGL,CE,Federal Contract Tower,0,10,2,0,12,0,36,9,0,45,0,46,11,0,57,54,0,54,111
04/06/2022,MWA,IL,AGL,CE,Federal Contract Tower,0,13,3,0,16,0,16,8,0,24,0,29,11,0,40,76,0,76,116
04/07/2022,MWA,IL,AGL,CE,Federal Contract Tower,0,8,1,0,9,0,21,8,0,29,0,29,9,0,38,38,0,38,76
04/08/2022,MWA,IL,AGL,CE,Federal Contract Tower,0,5,0,0,5,0,3,0,0,3,0,8,0,0,8,0,0,0,8
04/09/2022,MWA,IL,AGL,CE,Federal Contract Tower,0,3,0,0,3,0,20,8,1,29,0,23,8,1,32,50,0,50,82
04/10/2022,MWA,IL,AGL,CE,Federal Contract Tower,0,8,0,0,8,0,2,6,1,9,0,10,6,1,17,4,0,4,21
04/11/2022,MWA,IL,AGL,CE,Federal Contract Tower,0,4,0,0,4,0,8,2,0,10,0,12,2,0,14,16,0,16,30
04/12/2022,MWA,IL,AGL,CE,Federal Contract Tower,0,13,1,0,14,0,0,0,0,0,0,13,1,0,14,0,0,0,14
04/13/2022,MWA,IL,AGL,CE,Federal Contract Tower,0,3,1,0,4,0,1,0,0,1,0,4,1,0,5,0,0,0,5
04/14/2022,MWA,IL,AGL,CE,Federal Contract Tower,0,12,0,0,12,0,48,26,0,74,0,60,26,0,86,206,0,206,292
04/15/2022,MWA,IL,AGL,CE,Federal Contract Tower,0,7,2,0,9,0,5,5,0,10,0,12,7,0,19,52,0,52,71
04/16/2022,MWA,IL,AGL,CE,Federal Contract Tower,0,7,2,0,9,0,16,2,0,18,0,23,4,0,27,18,0,18,45
04/17/2022,MWA,IL,AGL,CE,Federal Contract Tower,0,8,2,0,10,0,15,2,0,17,0,23,4,0,27,0,0,0,27
04/18/2022,MWA,IL,AGL,CE,Federal Contract Tower,0,4,0,0,4,0,2,3,0,5,0,6,3,0,9,22,0,22,31
04/19/2022,MWA,IL,AGL,CE,Federal Contract Tower,0,8,1,2,11,0,49,22,1,72,0,57,23,3,83,146,0,146,229
04/20/2022,MWA,IL,AGL,CE,Federal Contract Tower,0,10,0,0,10,0,19,8,0,27,0,29,8,0,37,64,0,64,101
04/21/2022,MWA,IL,AGL,CE,Federal Contract Tower,0,20,0,0,20,0,6,0,0,6,0,26,0,0,26,22,0,22,48
04/22/2022,MWA,IL,AGL,CE,Federal Contract Tower,0,9,0,0,9,0,23,9,0,32,0,32,9,0,41,48,0,48,89
04/23/2022,MWA,IL,AGL,CE,Federal Contract Tower,0,8,0,0,8,0,8,0,0,8,0,16,0,0,16,0,0,0,16
04/24/2022,MWA,IL,AGL,CE,Federal Contract Tower,0,9,0,0,9,0,0,0,0,0,0,9,0,0,9,0,0,0,9
04/25/2022,MWA,IL,AGL,CE,Federal Contract Tower,0,11,6,0,17,0,0,8,0,8,0,11,14,0,25,14,0,14,39
04/26/2022,MWA,IL,AGL,CE,Federal Contract Tower,0,13,2,0,15,0,27,10,0,37,0,40,12,0,52,86,0,86,138
04/27/2022,MWA,IL,AGL,CE,Federal Contract Tower,0,11,0,0,11,0,31,21,0,52,0,42,21,0,63,138,0,138,201
04/28/2022,MWA,IL,AGL,CE,Federal Contract Tower,0,11,1,0,12,0,32,9,0,41,0,43,10,0,53,70,0,70,123
04/29/2022,MWA,IL,AGL,CE,Federal Contract Tower,0,12,1,0,13,0,16,4,2,22,0,28,5,2,35,12,6,18,53
04/30/2022,MWA,IL,AGL,CE,Federal Contract Tower,0,5,0,0,5,0,2,0,0,2,0,7,0,0,7,0,0,0,7
05/01/2022,MWA,IL,AGL,CE,Federal Contract Tower,0,11,1,0,12,0,4,8,0,12,0,15,9,0,24,0,0,0,24
05/02/2022,MWA,IL,AGL,CE,Federal Contract Tower,0,12,0,0,12,0,17,9,0,26,0,29,9,0,38,80,0,80,118
05/03/2022,MWA,IL,AGL,CE,Federal Contract Tower,0,15,0,0,15,0,40,4,0,44,0,55,4,0,59,74,0,74,133
05/04/2022,MWA,IL,AGL,CE,Federal Contract Tower,0,19,3,0,22,0,3,1,0,4,0,22,4,0,26,0,0,0,26
05/05/2022,MWA,IL,AGL,CE,Federal Contract Tower,0,15,3,0,18,0,1,0,0,1,0,16,3,0,19,0,0,0,19
05/06/2022,MWA,IL,AGL,CE,Federal Contract Tower,0,15,0,0,15,0,0,0,0,0,0,15,0,0,15,0,0,0,15
05/07/2022,MWA,IL,AGL,CE,Federal Contract Tower,0,9,3,0,12,0,6,15,0,21,0,15,18,0,33,30,0,30,63
05/08/2022,MWA,IL,AGL,CE,Federal Contract Tower,0,11,0,0,11,0,2,14,0,16,0,13,14,0,27,18,0,18,45
05/09/2022,MWA,IL,AGL,CE,Federal Contract Tower,0,8,2,0,10,0,26,12,0,38,0,34,14,0,48,84,0,84,132
05/10/2022,MWA,IL,AGL,CE,Federal Contract Tower,0,13,5,0,18,0,6,8,0,14,0,19,13,0,32,30,0,30,62
05/11/2022,MWA,IL,AGL,CE,Federal Contract Tower,0,10,4,0,14,0,33,11,0,44,0,43,15,0,58,44,0,44,102
05/12/2022,MWA,IL,AGL,CE,Federal Contract Tower,0,13,3,0,16,0,15,23,0,38,0,28,26,0,54,132,0,132,186
05/13/2022,MWA,IL,AGL,CE,Federal Contract Tower,0,14,5,0,19,0,17,17,0,34,0,31,22,0,53,80,0,80,133
05/14/2022,MWA,IL,AGL,CE,Federal Contract Tower,0,9,5,0,14,0,3,12,0,15,0,12,17,0,29,54,0,54,83
05/15/2022,MWA,IL,AGL,CE,Federal Contract Tower,0,13,7,0,20,0,12,7,0,19,0,25,14,0,39,34,0,34,73
05/16/2022,MWA,IL,AGL,CE,Federal Contract Tower,0,9,3,0,12,0,24,10,0,34,0,33,13,0,46,11,0,11,57
05/17/2022,MWA,IL,AGL,CE,Federal Contract Tower,0,7,0,0,7,0,26,10,0,36,0,33,10,0,43,54,0,54,97
05/18/2022,MWA,IL,AGL,CE,Federal Contract Tower,0,9,6,0,15,0,15,18,0,33,0,24,24,0,48,86,0,86,134
05/19/2022,MWA,IL,AGL,CE,Federal Contract Tower,0,11,3,0,14,0,16,16,0,32,0,27,19,0,46,82,0,82,128
05/20/2022,MWA,IL,AGL,CE,Federal Contract Tower,0,15,2,0,17,0,3,0,0,3,0,18,2,0,20,0,0,0,20
05/21/2022,MWA,IL,AGL,CE,Federal Contract Tower,0,8,0,0,8,0,0,2,0,2,0,8,2,0,10,0,0,0,10
05/22/2022,MWA,IL,AGL,CE,Federal Contract Tower,0,5,0,0,5,0,2,0,0,2,0,7,0,0,7,0,0,0,7
05/23/2022,MWA,IL,AGL,CE,Federal Contract Tower,0,3,4,0,7,0,28,13,3,44,0,31,17,3,51,80,0,80,131
05/24/2022,MWA,IL,AGL,CE,Federal Contract Tower,0,18,8,0,26,0,3,9,0,12,0,21,17,0,38,24,0,24,62
05/25/2022,MWA,IL,AGL,CE,Federal Contract Tower,0,0,12,0,12,0,1,0,0,1,0,1,12,0,13,2,0,2,15
05/26/2022,MWA,IL,AGL,CE,Federal Contract Tower,0,16,1,0,17,0,21,2,0,23,0,37,3,0,40,6,0,6,46
05/27/2022,MWA,IL,AGL,CE,Federal Contract Tower,0,30,2,0,32,0,0,2,0,2,0,30,4,0,34,2,0,2,36
05/28/2022,MWA,IL,AGL,CE,Federal Contract Tower,0,6,0,0,6,0,8,6,0,14,0,14,6,0,20,2,0,2,22
05/29/2022,MWA,IL,AGL,CE,Federal Contract Tower,0,5,0,0,5,0,2,11,0,13,0,7,11,0,18,2,0,2,20
05/30/2022,MWA,IL,AGL,CE,Federal Contract Tower,0,6,2,0,8,0,3,4,0,7,0,9,6,0,15,0,0,0,15
05/31/2022,MWA,IL,AGL,CE,Federal Contract Tower,0,7,2,0,9,0,14,25,0,39,0,21,27,0,48,32,0,32,80
06/01/2022,MWA,IL,AGL,CE,Federal Contract Tower,0,9,0,0,9,0,22,4,0,26,0,31,4,0,35,74,0,74,109
06/02/2022,MWA,IL,AGL,CE,Federal Contract Tower,0,11,1,0,12,0,9,8,0,17,0,20,9,0,29,30,0,30,59
06/03/2022,MWA,IL,AGL,CE,Federal Contract Tower,0,14,3,0,17,0,25,11,0,36,0,39,14,0,53,60,0,60,113
06/04/2022,MWA,IL,AGL,CE,Federal Contract Tower,0,8,3,0,11,0,20,11,0,31,0,28,14,0,42,50,0,50,92
06/05/2022,MWA,IL,AGL,CE,Federal Contract Tower,0,12,0,5,17,0,4,18,0,22,0,16,18,5,39,50,8,58,97
06/06/2022,MWA,IL,AGL,CE,Federal Contract Tower,0,2,0,0,2,0,6,1,0,7,0,8,1,0,9,43,0,43,52
06/07/2022,MWA,IL,AGL,CE,Federal Contract Tower,0,14,2,0,16,0,15,14,0,29,0,29,16,0,45,84,0,84,129
06/08/2022,MWA,IL,AGL,CE,Federal Contract Tower,0,14,1,0,15,0,12,0,0,12,0,26,1,0,27,70,0,70,97
06/09/2022,MWA,IL,AGL,CE,Federal Contract Tower,0,9,2,0,11,0,16,13,0,29,0,25,15,0,40,80,0,80,120
06/10/2022,MWA,IL,AGL,CE,Federal Contract Tower,0,14,3,0,17,0,27,14,0,41,0,41,17,0,58,138,0,138,196
06/11/2022,MWA,IL,AGL,CE,Federal Contract Tower,0,12,5,1,18,0,1,13,0,14,0,13,18,1,32,34,0,34,66
06/12/2022,MWA,IL,AGL,CE,Federal Contract Tower,0,13,0,0,13,0,5,8,0,13,0,18,8,0,26,14,0,14,40
06/13/2022,MWA,IL,AGL,CE,Federal Contract Tower,0,11,1,0,12,0,39,20,0,59,0,50,21,0,71,136,0,136,207
06/14/2022,MWA,IL,AGL,CE,Federal Contract Tower,0,10,5,0,15,0,39,16,0,55,0,49,21,0,70,122,0,122,192
06/15/2022,MWA,IL,AGL,CE,Federal Contract Tower,0,4,0,0,4,0,20,3,0,23,0,24,3,0,27,30,0,30,57
06/16/2022,MWA,IL,AGL,CE,Federal Contract Tower,0,10,0,0,10,0,37,5,0,42,0,47,5,0,52,90,0,90,142
06/17/2022,MWA,IL,AGL,CE,Federal Contract Tower,0,13,6,0,19,0,24,19,4,47,0,37,25,4,66,142,0,142,208
06/18/2022,MWA,IL,AGL,CE,Federal Contract Tower,0,9,4,0,13,0,14,19,2,35,0,23,23,2,48,78,6,84,132
06/19/2022,MWA,IL,AGL,CE,Federal Contract Tower,0,8,3,0,11,0,6,7,0,13,0,14,10,0,24,30,0,30,54
06/20/2022,MWA,IL,AGL,CE,Federal Contract Tower,0,6,2,0,8,0,9,21,0,30,0,15,23,0,38,60,0,60,98
06/21/2022,MWA,IL,AGL,CE,Federal Contract Tower,0,10,1,0,11,0,12,17,0,29,0,22,18,0,40,24,0,24,64
06/22/2022,MWA,IL,AGL,CE,Federal Contract Tower,0,6,1,0,7,0,22,7,0,29,0,28,8,0,36,18,0,18,54
06/23/2022,MWA,IL,AGL,CE,Federal Contract Tower,0,16,1,0,17,0,10,3,0,13,0,26,4,0,30,6,0,6,36
06/24/2022,MWA,IL,AGL,CE,Federal Contract Tower,0,7,1,0,8,0,10,25,0,35,0,17,26,0,43,56,0,56,99
06/25/2022,MWA,IL,AGL,CE,Federal Contract Tower,0,7,0,0,7,0,1,5,0,6,0,8,5,0,13,0,0,0,13
06/26/2022,MWA,IL,AGL,CE,Federal Contract Tower,0,6,2,0,8,0,0,6,0,6,0,6,8,0,14,0,0,0,14
06/27/2022,MWA,IL,AGL,CE,Federal Contract Tower,0,7,0,0,7,0,8,13,0,21,0,15,13,0,28,14,0,14,42
06/28/2022,MWA,IL,AGL,CE,Federal Contract Tower,0,9,0,0,9,0,24,9,0,33,0,33,9,0,42,34,0,34,76
06/29/2022,MWA,IL,AGL,CE,Federal Contract Tower,0,11,1,0,12,0,25,10,0,35,0,36,11,0,47,100,0,100,147
06/30/2022,MWA,IL,AGL,CE,Federal Contract Tower,0,13,2,0,15,0,9,9,0,18,0,22,11,0,33,28,0,28,61
07/01/2022,MWA,IL,AGL,CE,Federal Contract Tower,0,11,2,0,13,0,16,21,0,37,0,27,23,0,50,144,0,144,194
07/02/2022,MWA,IL,AGL,CE,Federal Contract Tower,0,7,0,0,7,0,0,4,0,4,0,7,4,0,11,0,0,0,11
07/03/2022,MWA,IL,AGL,CE,Federal Contract Tower,0,12,1,0,13,0,2,4,0,6,0,14,5,0,19,28,0,28,47
07/04/2022,MWA,IL,AGL,CE,Federal Contract Tower,0,6,0,0,6,0,24,6,0,30,0,30,6,0,36,0,0,0,36
07/05/2022,MWA,IL,AGL,CE,Federal Contract Tower,0,8,0,0,8,0,13,16,0,29,0,21,16,0,37,64,0,64,101
07/06/2022,MWA,IL,AGL,CE,Federal Contract Tower,0,11,2,0,13,0,11,15,0,26,0,22,17,0,39,102,0,102,141
07/07/2022,MWA,IL,AGL,CE,Federal Contract Tower,0,8,0,0,8,0,27,9,0,36,0,35,9,0,44,68,0,68,112
07/08/2022,MWA,IL,AGL,CE,Federal Contract Tower,0,12,0,0,12,0,20,8,0,28,0,32,8,0,40,48,0,48,88
07/09/2022,MWA,IL,AGL,CE,Federal Contract Tower,0,9,0,0,9,0,0,2,0,2,0,9,2,0,11,0,0,0,11
07/10/2022,MWA,IL,AGL,CE,Federal Contract Tower,0,8,0,0,8,0,2,9,0,11,0,10,9,0,19,2,0,2,21
07/11/2022,MWA,IL,AGL,CE,Federal Contract Tower,0,7,2,0,9,0,10,13,0,23,0,17,15,0,32,78,0,78,110
07/12/2022,MWA,IL,AGL,CE,Federal Contract Tower,0,10,2,0,12,0,10,9,0,19,0,20,11,0,31,24,0,24,55
07/13/2022,MWA,IL,AGL,CE,Federal Contract Tower,0,14,0,0,14,0,18,6,0,24,0,32,6,0,38,60,0,60,98
07/14/2022,MWA,IL,AGL,CE,Federal Contract Tower,0,12,0,0,12,0,25,8,0,33,0,37,8,0,45,106,0,106,151
07/15/2022,MWA,IL,AGL,CE,Federal Contract Tower,0,10,2,0,12,0,21,12,0,33,0,31,14,0,45,50,0,50,95
07/16/2022,MWA,IL,AGL,CE,Federal Contract Tower,0,9,2,0,11,0,5,7,0,12,0,14,9,0,23,20,0,20,43
07/17/2022,MWA,IL,AGL,CE,Federal Contract Tower,0,14,0,0,14,0,0,0,0,0,0,14,0,0,14,0,0,0,14
07/18/2022,MWA,IL,AGL,CE,Federal Contract Tower,0,11,2,0,13,0,0,4,0,4,0,11,6,0,17,26,0,26,43
07/19/2022,MWA,IL,AGL,CE,Federal Contract Tower,0,12,1,0,13,0,59,15,2,76,0,71,16,2,89,162,2,164,253
07/20/2022,MWA,IL,AGL,CE,Federal Contract Tower,0,12,0,0,12,0,9,16,0,25,0,21,16,0,37,54,0,54,91
07/21/2022,MWA,IL,AGL,CE,Federal Contract Tower,0,15,0,0,15,0,15,11,0,26,0,30,11,0,41,54,0,54,95
07/22/2022,MWA,IL,AGL,CE,Federal Contract Tower,0,11,0,0,11,0,17,12,0,29,0,28,12,0,40,56,0,56,96
07/23/2022,MWA,IL,AGL,CE,Federal Contract Tower,0,10,1,0,11,0,0,6,0,6,0,10,7,0,17,0,0,0,17
07/24/2022,MWA,IL,AGL,CE,Federal Contract Tower,0,9,4,0,13,0,4,3,0,7,0,13,7,0,20,0,0,0,20
07/25/2022,MWA,IL,AGL,CE,Federal Contract Tower,0,10,0,0,10,0,7,2,0,9,0,17,2,0,19,0,0,0,19
07/26/2022,MWA,IL,AGL,CE,Federal Contract Tower,0,9,0,0,9,0,18,7,0,25,0,27,7,0,34,10,0,10,44
07/27/2022,MWA,IL,AGL,CE,Federal Contract Tower,0,9,2,0,11,0,17,19,0,36,0,26,21,0,47,86,0,86,133
07/28/2022,MWA,IL,AGL,CE,Federal Contract Tower,0,6,4,0,10,0,1,3,0,4,0,7,7,0,14,18,0,18,32
07/29/2022,MWA,IL,AGL,CE,Federal Contract Tower,0,16,2,0,18,0,6,7,0,13,0,22,9,0,31,20,0,20,51
07/30/2022,MWA,IL,AGL,CE,Federal Contract Tower,0,6,1,0,7,0,0,4,0,4,0,6,5,0,11,2,0,2,13
07/31/2022,MWA,IL,AGL,CE,Federal Contract Tower,0,13,2,0,15,0,4,1,2,7,0,17,3,2,22,0,0,0,22
08/01/2022,MWA,IL,AGL,CE,Federal Contract Tower,0,6,1,0,7,0,6,0,0,6,0,12,1,0,13,6,0,6,19
08/02/2022,MWA,IL,AGL,CE,Federal Contract Tower,0,10,1,0,11,0,7,6,0,13,0,17,7,0,24,0,0,0,24
08/03/2022,MWA,IL,AGL,CE,Federal Contract Tower,3,11,2,0,16,0,9,4,0,13,3,20,6,0,29,62,0,62,91
08/04/2022,MWA,IL,AGL,CE,Federal Contract Tower,0,18,3,0,21,0,0,0,0,0,0,18,3,0,21,0,0,0,21
08/05/2022,MWA,IL,AGL,CE,Federal Contract Tower,0,13,2,0,15,0,1,1,0,2,0,14,3,0,17,0,0,0,17
08/06/2022,MWA,IL,AGL,CE,Federal Contract Tower,0,7,3,0,10,0,5,12,0,17,0,12,15,0,27,44,0,44,71
08/07/2022,MWA,IL,AGL,CE,Federal Contract Tower,0,10,0,0,10,0,3,0,0,3,0,13,0,0,13,0,0,0,13
08/08/2022,MWA,IL,AGL,CE,Federal Contract Tower,0,6,3,0,9,0,6,6,0,12,0,12,9,0,21,0,0,0,21
08/09/2022,MWA,IL,AGL,CE,Federal Contract Tower,0,14,0,0,14,0,2,0,0,2,0,16,0,0,16,0,0,0,16
08/10/2022,MWA,IL,AGL,CE,Federal Contract Tower,0,16,1,0,17,0,1,9,0,10,0,17,10,0,27,14,0,14,41
08/11/2022,MWA,IL,AGL,CE,Federal Contract Tower,0,13,4,0,17,0,11,15,2,28,0,24,19,2,45,16,0,16,61
08/12/2022,MWA,IL,AGL,CE,Federal Contract Tower,0,13,0,0,13,0,6,10,0,16,0,19,10,0,29,18,0,18,47
08/13/2022,MWA,IL,AGL,CE,Federal Contract Tower,0,6,1,0,7,0,6,8,0,14,0,12,9,0,21,30,0,30,51
08/14/2022,MWA,IL,AGL,CE,Federal Contract Tower,0,7,2,0,9,0,3,3,12,18,0,10,5,12,27,0,0,0,27
08/15/2022,MWA,IL,AGL,CE,Federal Contract Tower,0,6,3,0,9,0,2,3,0,5,0,8,6,0,14,4,0,4,18
08/16/2022,MWA,IL,AGL,CE,Federal Contract Tower,0,11,0,0,11,0,2,4,0,6,0,13,4,0,17,2,0,2,19
08/17/2022,MWA,IL,AGL,CE,Federal Contract Tower,0,16,1,0,17,0,10,8,0,18,0,26,9,0,35,10,0,10,45
08/18/2022,MWA,IL,AGL,CE,Federal Contract Tower,0,13,2,0,15,0,4,2,0,6,0,17,4,0,21,8,0,8,29
08/19/2022,MWA,IL,AGL,CE,Federal Contract Tower,0,12,1,0,13,0,13,9,0,22,0,25,10,0,35,16,0,16,51
08/20/2022,MWA,IL,AGL,CE,Federal Contract Tower,0,8,0,1,9,0,1,8,0,9,0,9,8,1,18,6,0,6,24
08/21/2022,MWA,IL,AGL,CE,Federal Contract Tower,0,8,3,0,11,0,0,4,0,4,0,8,7,0,15,0,0,0,15
08/22/2022,MWA,IL,AGL,CE,Federal Contract Tower,0,7,0,0,7,0,9,3,0,12,0,16,3,0,19,30,0,30,49
08/23/2022,MWA,IL,AGL,CE,Federal Contract Tower,0,16,3,0,19,0,13,5,0,18,0,29,8,0,37,22,0,22,59
08/24/2022,MWA,IL,AGL,CE,Federal Contract Tower,0,19,0,0,19,0,20,10,0,30,0,39,10,0,49,26,0,26,75
08/25/2022,MWA,IL,AGL,CE,Federal Contract Tower,0,11,2,0,13,0,3,13,0,16,0,14,15,0,29,14,0,14,43
08/26/2022,MWA,IL,AGL,CE,Federal Contract Tower,0,8,3,0,11,0,9,8,0,17,0,17,11,0,28,0,0,0,28
08/27/2022,MWA,IL,AGL,CE,Federal Contract Tower,0,8,3,0,11,0,10,13,0,23,0,18,16,0,34,18,0,18,52
08/28/2022,MWA,IL,AGL,CE,Federal Contract Tower,0,9,1,0,10,0,3,3,0,6,0,12,4,0,16,10,0,10,26
08/29/2022,MWA,IL,AGL,CE,Federal Contract Tower,0,12,1,0,13,0,21,9,0,30,0,33,10,0,43,38,0,38,81
08/30/2022,MWA,IL,AGL,CE,Federal Contract Tower,0,9,2,0,11,0,7,10,6,23,0,16,12,6,34,34,0,34,68
08/31/2022,MWA,IL,AGL,CE,Federal Contract Tower,0,11,3,0,14,0,20,8,0,28,0,31,11,0,42,26,0,26,68
09/01/2022,MWA,IL,AGL,CE,Federal Contract Tower,0,9,2,0,11,0,21,3,0,24,0,30,5,0,35,16,0,16,51
09/02/2022,MWA,IL,AGL,CE,Federal Contract Tower,2,10,2,0,14,0,25,16,0,41,2,35,18,0,55,56,0,56,111
09/03/2022,MWA,IL,AGL,CE,Federal Contract Tower,0,6,0,0,6,0,0,7,0,7,0,6,7,0,13,12,0,12,25
09/04/2022,MWA,IL,AGL,CE,Federal Contract Tower,0,12,2,0,14,0,0,0,0,0,0,12,2,0,14,0,0,0,14
09/05/2022,MWA,IL,AGL,CE,Federal Contract Tower,0,10,0,0,10,0,3,0,0,3,0,13,0,0,13,0,0,0,13
09/06/2022,MWA,IL,AGL,CE,Federal Contract Tower,0,13,0,1,14,0,16,2,0,18,0,29,2,1,32,36,0,36,68
09/07/2022,MWA,IL,AGL,CE,Federal Contract Tower,0,15,1,0,16,0,9,13,5,27,0,24,14,5,43,8,4,12,55
09/08/2022,MWA,IL,AGL,CE,Federal Contract Tower,0,17,0,0,17,0,17,9,0,26,0,34,9,0,43,28,0,28,71
09/09/2022,MWA,IL,AGL,CE,Federal Contract Tower,0,10,4,0,14,0,14,24,8,46,0,24,28,8,60,26,0,26,86
09/10/2022,MWA,IL,AGL,CE,Federal Contract Tower,0,4,3,0,7,0,6,2,0,8,0,10,5,0,15,10,0,10,25
09/11/2022,MWA,IL,AGL,CE,Federal Contract Tower,0,7,3,0,10,0,13,4,0,17,0,20,7,0,27,42,0,42,69
09/12/2022,MWA,IL,AGL,CE,Federal Contract Tower,0,9,0,0,9,0,13,12,0,25,0,22,12,0,34,56,0,56,90
09/13/2022,MWA,IL,AGL,CE,Federal Contract Tower,0,14,0,0,14,0,19,15,0,34,0,33,15,0,48,36,0,36,84
09/14/2022,MWA,IL,AGL,CE,Federal Contract Tower,0,21,2,0,23,0,36,22,0,58,0,57,24,0,81,54,0,54,135
09/15/2022,MWA,IL,AGL,CE,Federal Contract Tower,0,12,2,0,14,0,11,15,0,26,0,23,17,0,40,54,0,54,94
09/16/2022,MWA,IL,AGL,CE,Federal Contract Tower,0,11,1,0,12,0,18,18,0,36,0,29,19,0,48,50,0,50,98
09/17/2022,MWA,IL,AGL,CE,Federal Contract Tower,0,6,0,0,6,0,4,10,0,14,0,10,10,0,20,36,0,36,56
09/18/2022,MWA,IL,AGL,CE,Federal Contract Tower,0,13,0,0,13,0,6,4,0,10,0,19,4,0,23,24,0,24,47
09/19/2022,MWA,IL,AGL,CE,Federal Contract Tower,0,9,1,0,10,0,16,5,0,21,0,25,6,0,31,30,0,30,61
09/20/2022,MWA,IL,AGL,CE,Federal Contract Tower,0,11,0,0,11,0,20,10,0,30,0,31,10,0,41,74,0,74,115
09/21/2022,MWA,IL,AGL,CE,Federal Contract Tower,0,11,1,0,12,0,18,8,0,26,0,29,9,0,38,60,0,60,98
09/22/2022,MWA,IL,AGL,CE,Federal Contract Tower,0,19,4,0,23,0,23,17,0,40,0,42,21,0,63,62,0,62,125
09/23/2022,MWA,IL,AGL,CE,Federal Contract Tower,1,15,2,0,18,0,19,11,0,30,1,34,13,0,48,116,0,116,164
09/24/2022,MWA,IL,AGL,CE,Federal Contract Tower,2,6,3,0,11,0,19,14,0,33,2,25,17,0,44,134,0,134,178
09/25/2022,MWA,IL,AGL,CE,Federal Contract Tower,0,10,2,0,12,0,1,1,0,2,0,11,3,0,14,0,0,0,14
09/26/2022,MWA,IL,AGL,CE,Federal Contract Tower,0,10,0,0,10,0,14,6,0,20,0,24,6,0,30,6,0,6,36
09/27/2022,MWA,IL,AGL,CE,Federal Contract Tower,0,13,0,0,13,0,24,7,0,31,0,37,7,0,44,42,0,42,86
09/28/2022,MWA,IL,AGL,CE,Federal Contract Tower,0,11,4,0,15,0,27,22,0,49,0,38,26,0,64,68,0,68,132
09/29/2022,MWA,IL,AGL,CE,Federal Contract Tower,0,11,7,0,18,0,20,29,0,49,0,31,36,0,67,174,0,174,241
09/30/2022,MWA,IL,AGL,CE,Federal Contract Tower,0,7,2,0,9,0,48,12,0,60,0,55,14,0,69,130,0,130,199
10/01/2022,MWA,IL,AGL,CE,Federal Contract Tower,0,4,1,0,5,0,6,17,0,23,0,10,18,0,28,48,0,48,76
10/02/2022,MWA,IL,AGL,CE,Federal Contract Tower,0,9,1,0,10,0,5,9,0,14,0,14,10,0,24,0,0,0,24
10/03/2022,MWA,IL,AGL,CE,Federal Contract Tower,0,8,3,0,11,0,20,17,0,37,0,28,20,0,48,44,0,44,92
10/04/2022,MWA,IL,AGL,CE,Federal Contract Tower,0,10,1,0,11,0,19,5,0,24,0,29,6,0,35,54,0,54,89
10/05/2022,MWA,IL,AGL,CE,Federal Contract Tower,0,15,1,0,16,0,15,21,0,36,0,30,22,0,52,156,0,156,208
10/06/2022,MWA,IL,AGL,CE,Federal Contract Tower,0,15,5,0,20,0,28,22,0,50,0,43,27,0,70,178,0,178,248
10/07/2022,MWA,IL,AGL,CE,Federal Contract Tower,0,13,1,0,14,0,36,11,0,47,0,49,12,0,61,74,0,74,135
10/08/2022,MWA,IL,AGL,CE,Federal Contract Tower,0,4,3,0,7,0,8,18,0,26,0,12,21,0,33,74,0,74,107
10/09/2022,MWA,IL,AGL,CE,Federal Contract Tower,0,9,0,0,9,0,3,6,0,9,0,12,6,0,18,8,0,8,26
10/10/2022,MWA,IL,AGL,CE,Federal Contract Tower,0,8,2,0,10,0,12,9,0,21,0,20,11,0,31,70,0,70,101
10/11/2022,MWA,IL,AGL,CE,Federal Contract Tower,0,12,3,0,15,0,62,22,0,84,0,74,25,0,99,178,0,178,277
10/12/2022,MWA,IL,AGL,CE,Federal Contract Tower,0,18,2,0,20,0,4,0,0,4,0,22,2,0,24,12,0,12,36
10/13/2022,MWA,IL,AGL,CE,Federal Contract Tower,0,10,3,0,13,0,27,7,0,34,0,37,10,0,47,64,0,64,111
10/14/2022,MWA,IL,AGL,CE,Federal Contract Tower,0,9,2,0,11,0,52,3,0,55,0,61,5,0,66,110,0,110,176
10/15/2022,MWA,IL,AGL,CE,Federal Contract Tower,0,4,0,0,4,0,4,6,0,10,0,8,6,0,14,2,0,2,16
10/16/2022,MWA,IL,AGL,CE,Federal Contract Tower,0,13,0,0,13,0,2,3,0,5,0,15,3,0,18,20,0,20,38
10/17/2022,MWA,IL,AGL,CE,Federal Contract Tower,0,8,2,0,10,0,19,1,1,21,0,27,3,1,31,98,0,98,129
10/18/2022,MWA,IL,AGL,CE,Federal Contract Tower,0,15,0,0,15,0,22,0,0,22,0,37,0,0,37,140,0,140,177
10/19/2022,MWA,IL,AGL,CE,Federal Contract Tower,0,11,0,0,11,0,52,20,4,76,0,63,20,4,87,220,0,220,307
10/20/2022,MWA,IL,AGL,CE,Federal Contract Tower,0,20,0,1,21,0,55,14,5,74,0,75,14,6,95,236,4,240,335
10/21/2022,MWA,IL,AGL,CE,Federal Contract Tower,2,14,5,0,21,0,21,20,0,41,2,35,25,0,62,126,0,126,188
10/22/2022,MWA,IL,AGL,CE,Federal Contract Tower,0,9,3,0,12,0,7,5,0,12,0,16,8,0,24,16,0,16,40
10/23/2022,MWA,IL,AGL,CE,Federal Contract Tower,0,19,2,0,21,0,5,4,0,9,0,24,6,0,30,2,0,2,32
10/24/2022,MWA,IL,AGL,CE,Federal Contract Tower,0,5,5,0,10,0,13,11,0,24,0,18,16,0,34,24,0,24,58
10/25/2022,MWA,IL,AGL,CE,Federal Contract Tower,0,19,1,0,20,0,5,2,0,7,0,24,3,0,27,12,0,12,39
10/26/2022,MWA,IL,AGL,CE,Federal Contract Tower,0,19,1,0,20,0,7,7,0,14,0,26,8,0,34,32,0,32,66
10/27/2022,MWA,IL,AGL,CE,Federal Contract Tower,0,13,4,0,17,0,18,35,0,53,0,31,39,0,70,196,0,196,266
10/28/2022,MWA,IL,AGL,CE,Federal Contract Tower,1,11,1,0,13,0,12,25,0,37,1,23,26,0,50,90,0,90,140
10/29/2022,MWA,IL,AGL,CE,Federal Contract Tower,0,12,0,0,12,0,13,18,0,31,0,25,18,0,43,8,0,8,51
10/30/2022,MWA,IL,AGL,CE,Federal Contract Tower,0,11,3,0,14,0,6,0,0,6,0,17,3,0,20,0,0,0,20
10/31/2022,MWA,IL,AGL,CE,Federal Contract Tower,0,27,0,0,27,0,9,0,0,9,0,36,0,0,36,14,0,14,50
11/01/2022,MWA,IL,AGL,CE,Federal Contract Tower,0,22,2,0,24,0,38,15,0,53,0,60,17,0,77,140,0,140,217
11/02/2022,MWA,IL,AGL,CE,Federal Contract Tower,0,12,0,0,12,0,21,17,0,38,0,33,17,0,50,146,0,146,196
11/03/2022,MWA,IL,AGL,CE,Federal Contract Tower,0,10,1,0,11,0,18,19,4,41,0,28,20,4,52,116,0,116,168
11/04/2022,MWA,IL,AGL,CE,Federal Contract Tower,0,10,0,0,10,0,4,2,0,6,0,14,2,0,16,44,0,44,60
11/05/2022,MWA,IL,AGL,CE,Federal Contract Tower,0,4,2,0,6,0,4,0,0,4,0,8,2,0,10,0,0,0,10
11/06/2022,MWA,IL,AGL,CE,Federal Contract Tower,0,6,1,2,9,0,0,6,0,6,0,6,7,2,15,8,0,8,23
11/07/2022,MWA,IL,AGL,CE,Federal Contract Tower,0,9,1,0,10,0,49,13,0,62,0,58,14,0,72,126,0,126,198
11/08/2022,MWA,IL,AGL,CE,Federal Contract Tower,0,16,1,0,17,0,4,10,0,14,0,20,11,0,31,32,0,32,63
11/09/2022,MWA,IL,AGL,CE,Federal Contract Tower,0,14,0,0,14,0,41,14,0,55,0,55,14,0,69,128,0,128,197
11/10/2022,MWA,IL,AGL,CE,Federal Contract Tower,0,9,2,0,11,0,11,15,0,26,0,20,17,0,37,88,0,88,125
11/11/2022,MWA,IL,AGL,CE,Federal Contract Tower,3,7,2,0,12,0,5,1,0,6,3,12,3,0,18,0,0,0,18
11/12/2022,MWA,IL,AGL,CE,Federal Contract Tower,2,13,0,0,15,0,1,3,0,4,2,14,3,0,19,0,0,0,19
11/13/2022,MWA,IL,AGL,CE,Federal Contract Tower,0,14,6,0,20,0,20,22,0,42,0,34,28,0,62,60,0,60,122
11/14/2022,MWA,IL,AGL,CE,Federal Contract Tower,0,12,0,0,12,0,40,22,0,62,0,52,22,0,74,122,0,122,196
11/15/2022,MWA,IL,AGL,CE,Federal Contract Tower,0,15,0,0,15,0,0,3,0,3,0,15,3,0,18,4,0,4,22
11/16/2022,MWA,IL,AGL,CE,Federal Contract Tower,0,14,3,0,17,0,23,3,0,26,0,37,6,0,43,34,0,34,77
11/17/2022,MWA,IL,AGL,CE,Federal Contract Tower,0,18,1,0,19,0,33,13,2,48,0,51,14,2,67,130,2,132,199
11/18/2022,MWA,IL,AGL,CE,Federal Contract Tower,2,14,4,0,20,0,27,9,0,36,2,41,13,0,56,40,0,40,96
11/19/2022,MWA,IL,AGL,CE,Federal Contract Tower,1,11,0,0,12,0,16,6,1,23,1,27,6,1,35,44,0,44,79
11/20/2022,MWA,IL,AGL,CE,Federal Contract Tower,0,13,3,0,16,0,13,22,0,35,0,26,25,0,51,64,0,64,115
11/21/2022,MWA,IL,AGL,CE,Federal Contract Tower,0,12,0,0,12,0,20,18,0,38,0,32,18,0,50,78,0,78,128
11/22/2022,MWA,IL,AGL,CE,Federal Contract Tower,0,17,2,0,19,0,36,20,0,56,0,53,22,0,75,26,0,26,101
11/23/2022,MWA,IL,AGL,CE,Federal Contract Tower,0,9,1,0,10,0,12,19,0,31,0,21,20,0,41,48,0,48,89
11/24/2022,MWA,IL,AGL,CE,Federal Contract Tower,0,8,0,0,8,0,0,0,0,0,0,8,0,0,8,0,0,0,8
11/25/2022,MWA,IL,AGL,CE,Federal Contract Tower,0,7,2,0,9,0,4,7,0,11,0,11,9,0,20,8,0,8,28
11/26/2022,MWA,IL,AGL,CE,Federal Contract Tower,0,9,5,0,14,0,0,2,0,2,0,9,7,0,16,0,0,0,16
11/27/2022,MWA,IL,AGL,CE,Federal Contract Tower,0,11,3,0,14,0,0,1,0,1,0,11,4,0,15,0,0,0,15
11/28/2022,MWA,IL,AGL,CE,Federal Contract Tower,0,5,4,0,9,0,8,0,0,8,0,13,4,0,17,0,0,0,17
11/29/2022,MWA,IL,AGL,CE,Federal Contract Tower,0,16,4,0,20,0,0,2,0,2,0,16,6,0,22,0,0,0,22
11/30/2022,MWA,IL,AGL,CE,Federal Contract Tower,0,5,0,0,5,0,34,5,0,39,0,39,5,0,44,118,0,118,162
12/01/2022,MWA,IL,AGL,CE,Federal Contract Tower,0,15,1,1,17,0,54,19,0,73,0,69,20,1,90,176,0,176,266
12/02/2022,MWA,IL,AGL,CE,Federal Contract Tower,0,15,2,0,17,0,10,9,0,19,0,25,11,0,36,26,0,26,62
12/03/2022,MWA,IL,AGL,CE,Federal Contract Tower,0,8,0,0,8,0,7,6,0,13,0,15,6,0,21,26,0,26,47
12/04/2022,MWA,IL,AGL,CE,Federal Contract Tower,0,12,0,0,12,0,1,12,0,13,0,13,12,0,25,26,0,26,51
12/05/2022,MWA,IL,AGL,CE,Federal Contract Tower,0,15,0,0,15,0,7,3,0,10,0,22,3,0,25,28,0,28,53
12/06/2022,MWA,IL,AGL,CE,Federal Contract Tower,0,14,1,0,15,0,0,0,0,0,0,14,1,0,15,0,0,0,15
12/07/2022,MWA,IL,AGL,CE,Federal Contract Tower,0,22,3,0,25,0,3,1,0,4,0,25,4,0,29,14,0,14,43
12/08/2022,MWA,IL,AGL,CE,Federal Contract Tower,0,25,4,0,29,0,0,0,0,0,0,25,4,0,29,0,0,0,29
12/09/2022,MWA,IL,AGL,CE,Federal Contract Tower,0,11,2,0,13,0,11,1,0,12,0,22,3,0,25,56,0,56,81
12/10/2022,MWA,IL,AGL,CE,Federal Contract Tower,0,7,0,0,7,0,0,0,0,0,0,7,0,0,7,0,0,0,7
12/11/2022,MWA,IL,AGL,CE,Federal Contract Tower,0,13,0,0,13,0,0,0,0,0,0,13,0,0,13,0,0,0,13
12/12/2022,MWA,IL,AGL,CE,Federal Contract Tower,0,17,1,0,18,0,27,6,0,33,0,44,7,0,51,72,0,72,123
12/13/2022,MWA,IL,AGL,CE,Federal Contract Tower,0,14,2,0,16,0,2,0,0,2,0,16,2,0,18,0,0,0,18
12/14/2022,MWA,IL,AGL,CE,Federal Contract Tower,0,17,0,0,17,0,0,0,0,0,0,17,0,0,17,0,0,0,17
12/15/2022,MWA,IL,AGL,CE,Federal Contract Tower,0,15,2,0,17,0,17,8,0,25,0,32,10,0,42,90,0,90,132
12/16/2022,MWA,IL,AGL,CE,Federal Contract Tower,0,11,0,0,11,0,11,14,0,25,0,22,14,0,36,84,0,84,120
12/17/2022,MWA,IL,AGL,CE,Federal Contract Tower,0,9,1,0,10,0,8,15,0,23,0,17,16,0,33,10,0,10,43
12/18/2022,MWA,IL,AGL,CE,Federal Contract Tower,0,14,0,0,14,0,9,21,0,30,0,23,21,0,44,78,0,78,122
12/19/2022,MWA,IL,AGL,CE,Federal Contract Tower,0,9,2,0,11,0,19,18,0,37,0,28,20,0,48,62,0,62,110
12/20/2022,MWA,IL,AGL,CE,Federal Contract Tower,0,27,3,0,30,0,22,23,0,45,0,49,26,0,75,58,0,58,133
12/21/2022,MWA,IL,AGL,CE,Federal Contract Tower,0,19,0,0,19,0,13,24,0,37,0,32,24,0,56,20,0,20,76
12/22/2022,MWA,IL,AGL,CE,Federal Contract Tower,0,3,0,0,3,0,0,0,0,0,0,3,0,0,3,0,0,0,3
12/23/2022,MWA,IL,AGL,CE,Federal Contract Tower,0,8,1,0,9,0,1,0,0,1,0,9,1,0,10,0,0,0,10
12/24/2022,MWA,IL,AGL,CE,Federal Contract Tower,0,5,0,0,5,0,5,3,0,8,0,10,3,0,13,0,0,0,13
12/25/2022,MWA,IL,AGL,CE,Federal Contract Tower,0,9,0,0,9,0,5,8,0,13,0,14,8,0,22,2,0,2,24
12/26/2022,MWA,IL,AGL,CE,Federal Contract Tower,0,9,0,0,9,0,3,0,0,3,0,12,0,0,12,0,0,0,12
12/27/2022,MWA,IL,AGL,CE,Federal Contract Tower,0,13,0,0,13,0,5,3,0,8,0,18,3,0,21,0,0,0,21
12/28/2022,MWA,IL,AGL,CE,Federal Contract Tower,0,7,1,0,8,0,14,5,0,19,0,21,6,0,27,18,0,18,45
12/29/2022,MWA,IL,AGL,CE,Federal Contract Tower,0,11,3,0,14,0,0,0,0,0,0,11,3,0,14,0,0,0,14
12/30/2022,MWA,IL,AGL,CE,Federal Contract Tower,0,11,0,0,11,0,0,0,0,0,0,11,0,0,11,0,0,0,11
12/31/2022,MWA,IL,AGL,CE,Federal Contract Tower,0,7,3,0,10,0,0,0,0,0,0,7,3,0,10,0,0,0,10
01/01/2023,MWA,IL,AGL,CE,Federal Contract Tower,0,5,0,0,5,0,0,0,0,0,0,5,0,0,5,0,0,0,5
01/02/2023,MWA,IL,AGL,CE,Federal Contract Tower,0,3,0,0,3,0,0,0,0,0,0,3,0,0,3,0,0,0,3
01/03/2023,MWA,IL,AGL,CE,Federal Contract Tower,0,9,0,0,9,0,0,0,0,0,0,9,0,0,9,0,0,0,9
01/04/2023,MWA,IL,AGL,CE,Federal Contract Tower,0,10,1,0,11,0,4,11,4,19,0,14,12,4,30,24,0,24,54
01/05/2023,MWA,IL,AGL,CE,Federal Contract Tower,0,10,2,2,14,0,16,25,0,41,0,26,27,2,55,70,6,76,131
01/06/2023,MWA,IL,AGL,CE,Federal Contract Tower,2,14,2,0,18,0,4,18,0,22,2,18,20,0,40,30,0,30,70
01/07/2023,MWA,IL,AGL,CE,Federal Contract Tower,2,13,2,0,17,0,4,7,4,15,2,17,9,4,32,20,0,20,52
01/08/2023,MWA,IL,AGL,CE,Federal Contract Tower,0,12,0,0,12,0,0,1,0,1,0,12,1,0,13,0,0,0,13
01/09/2023,MWA,IL,AGL,CE,Federal Contract Tower,0,11,4,0,15,0,14,26,0,40,0,25,30,0,55,30,0,30,85
01/10/2023,MWA,IL,AGL,CE,Federal Contract Tower,0,12,1,0,13,0,9,12,0,21,0,21,13,0,34,46,0,46,80
01/11/2023,MWA,IL,AGL,CE,Federal Contract Tower,0,16,2,0,18,0,13,21,0,34,0,29,23,0,52,82,0,82,134
01/12/2023,MWA,IL,AGL,CE,Federal Contract Tower,2,11,2,0,15,0,0,0,0,0,2,11,2,0,15,0,0,0,15
01/13/2023,MWA,IL,AGL,CE,Federal Contract Tower,0,12,1,0,13,0,0,0,0,0,0,12,1,0,13,0,0,0,13
01/14/2023,MWA,IL,AGL,CE,Federal Contract Tower,0,8,2,0,10,0,0,1,0,1,0,8,3,0,11,0,0,0,11
01/15/2023,MWA,IL,AGL,CE,Federal Contract Tower,0,7,1,0,8,0,7,7,0,14,0,14,8,0,22,12,0,12,34
01/16/2023,MWA,IL,AGL,CE,Federal Contract Tower,0,17,0,0,17,0,0,0,0,0,0,17,0,0,17,0,0,0,17
01/17/2023,MWA,IL,AGL,CE,Federal Contract Tower,2,8,7,0,17,0,35,31,0,66,2,43,38,0,83,104,0,104,187
01/18/2023,MWA,IL,AGL,CE,Federal Contract Tower,0,14,4,0,18,0,0,0,0,0,0,14,4,0,18,0,0,0,18
01/19/2023,MWA,IL,AGL,CE,Federal Contract Tower,0,13,2,1,16,0,27,3,0,30,0,40,5,1,46,42,0,42,88
01/20/2023,MWA,IL,AGL,CE,Federal Contract Tower,0,11,3,0,14,0,23,13,2,38,0,34,16,2,52,94,0,94,146
01/21/2023,MWA,IL,AGL,CE,Federal Contract Tower,0,4,1,0,5,0,16,14,0,30,0,20,15,0,35,6,0,6,41
01/22/2023,MWA,IL,AGL,CE,Federal Contract Tower,0,7,0,0,7,0,1,0,0,1,0,8,0,0,8,0,0,0,8
01/23/2023,MWA,IL,AGL,CE,Federal Contract Tower,0,17,2,0,19,0,33,16,0,49,0,50,18,0,68,120,0,120,188
01/24/2023,MWA,IL,AGL,CE,Federal Contract Tower,0,17,1,0,18,0,56,22,0,78,0,73,23,0,96,188,0,188,284
01/25/2023,MWA,IL,AGL,CE,Federal Contract Tower,2,5,0,0,7,0,0,0,0,0,2,5,0,0,7,0,0,0,7
01/26/2023,MWA,IL,AGL,CE,Federal Contract Tower,0,12,0,0,12,0,14,10,0,24,0,26,10,0,36,96,0,96,132
01/27/2023,MWA,IL,AGL,CE,Federal Contract Tower,0,7,1,0,8,0,11,3,0,14,0,18,4,0,22,18,0,18,40
01/28/2023,MWA,IL,AGL,CE,Federal Contract Tower,0,10,0,0,10,0,11,10,0,21,0,21,10,0,31,8,0,8,39
01/29/2023,MWA,IL,AGL,CE,Federal Contract Tower,0,8,0,0,8,0,0,0,0,0,0,8,0,0,8,0,0,0,8
01/30/2023,MWA,IL,AGL,CE,Federal Contract Tower,0,7,0,0,7,0,0,0,0,0,0,7,0,0,7,0,0,0,7
01/31/2023,MWA,IL,AGL,CE,Federal Contract Tower,0,24,0,0,24,0,1,2,0,3,0,25,2,0,27,0,0,0,27
02/01/2023,MWA,IL,AGL,CE,Federal Contract Tower,0,16,0,0,16,0,2,11,1,14,0,18,11,1,30,2,0,2,32
02/02/2023,MWA,IL,AGL,CE,Federal Contract Tower,0,7,0,0,7,0,20,15,1,36,0,27,15,1,43,80,0,80,123
02/03/2023,MWA,IL,AGL,CE,Federal Contract Tower,0,18,0,0,18,0,23,10,0,33,0,41,10,0,51,98,0,98,149
02/04/2023,MWA,IL,AGL,CE,Federal Contract Tower,0,9,3,0,12,16,10,0,0,26,16,19,3,0,38,30,0,30,68
02/05/2023,MWA,IL,AGL,CE,Federal Contract Tower,0,10,2,0,12,0,15,19,0,34,0,25,21,0,46,24,0,24,70
02/06/2023,MWA,IL,AGL,CE,Federal Contract Tower,0,10,1,0,11,0,21,13,0,34,0,31,14,0,45,70,0,70,115
02/07/2023,MWA,IL,AGL,CE,Federal Contract Tower,0,18,1,0,19,0,18,10,0,28,0,36,11,0,47,66,0,66,113
02/08/2023,MWA,IL,AGL,CE,Federal Contract Tower,0,10,0,0,10,0,0,0,0,0,0,10,0,0,10,4,0,4,14
02/09/2023,MWA,IL,AGL,CE,Federal Contract Tower,0,8,2,0,10,0,8,0,0,8,0,16,2,0,18,8,0,8,26
02/10/2023,MWA,IL,AGL,CE,Federal Contract Tower,2,14,0,0,16,0,6,8,0,14,2,20,8,0,30,10,0,10,40
02/11/2023,MWA,IL,AGL,CE,Federal Contract Tower,2,9,3,0,14,0,25,8,0,33,2,34,11,0,47,67,0,67,114
02/12/2023,MWA,IL,AGL,CE,Federal Contract Tower,0,7,3,0,10,0,6,21,0,27,0,13,24,0,37,34,0,34,71
02/13/2023,MWA,IL,AGL,CE,Federal Contract Tower,0,12,0,0,12,0,25,34,0,59,0,37,34,0,71,170,0,170,241
02/14/2023,MWA,IL,AGL,CE,Federal Contract Tower,0,10,0,0,10,0,10,0,0,10,0,20,0,0,20,14,0,14,34
02/15/2023,MWA,IL,AGL,CE,Federal Contract Tower,1,18,0,0,19,0,24,15,0,39,1,42,15,0,58,100,0,100,158
02/16/2023,MWA,IL,AGL,CE,Federal Contract Tower,0,17,0,0,17,0,0,0,0,0,0,17,0,0,17,0,0,0,17
02/17/2023,MWA,IL,AGL,CE,Federal Contract Tower,0,14,3,0,17,0,30,10,0,40,0,44,13,0,57,62,0,62,119
02/18/2023,MWA,IL,AGL,CE,Federal Contract Tower,0,11,1,0,12,0,19,6,0,25,0,30,7,0,37,84,0,84,121
02/19/2023,MWA,IL,AGL,CE,Federal Contract Tower,0,13,0,0,13,0,9,8,0,17,0,22,8,0,30,12,0,12,42
02/20/2023,MWA,IL,AGL,CE,Federal Contract Tower,0,10,1,0,11,0,43,16,0,59,0,53,17,0,70,168,0,168,238
02/21/2023,MWA,IL,AGL,CE,Federal Contract Tower,0,11,0,0,11,0,36,4,0,40,0,47,4,0,51,126,0,126,177
02/22/2023,MWA,IL,AGL,CE,Federal Contract Tower,0,11,0,0,11,0,0,0,0,0,0,11,0,0,11,0,0,0,11
02/23/2023,MWA,IL,AGL,CE,Federal Contract Tower,0,22,4,0,26,0,44,14,0,58,0,66,18,0,84,156,0,156,240
02/24/2023,MWA,IL,AGL,CE,Federal Contract Tower,0,10,1,0,11,0,14,8,0,22,0,24,9,0,33,98,0,98,131
02/25/2023,MWA,IL,AGL,CE,Federal Contract Tower,0,6,1,0,7,0,9,13,0,22,0,15,14,0,29,32,0,32,61
02/26/2023,MWA,IL,AGL,CE,Federal Contract Tower,0,10,3,0,13,0,3,0,0,3,0,13,3,0,16,8,0,8,24
02/27/2023,MWA,IL,AGL,CE,Federal Contract Tower,0,11,0,0,11,0,0,0,0,0,0,11,0,0,11,0,0,0,11
02/28/2023,MWA,IL,AGL,CE,Federal Contract Tower,0,10,2,0,12,0,39,18,0,57,0,49,20,0,69,104,0,104,173
03/01/2023,MWA,IL,AGL,CE,Federal Contract Tower,2,15,1,0,18,0,59,19,0,78,2,74,20,0,96,168,0,168,264
03/02/2023,MWA,IL,AGL,CE,Federal Contract Tower,0,11,3,0,14,0,19,13,0,32,0,30,16,0,46,112,0,112,158
03/03/2023,MWA,IL,AGL,CE,Federal Contract Tower,0,6,0,0,6,0,0,0,0,0,0,6,0,0,6,0,0,0,6
03/04/2023,MWA,IL,AGL,CE,Federal Contract Tower,0,9,1,0,10,0,5,10,0,15,0,14,11,0,25,8,0,8,33
03/05/2023,MWA,IL,AGL,CE,Federal Contract Tower,0,5,5,0,10,0,13,5,0,18,0,18,10,0,28,48,0,48,76
03/06/2023,MWA,IL,AGL,CE,Federal Contract Tower,0,3,0,0,3,0,54,8,1,63,0,57,8,1,66,48,0,48,114
03/07/2023,MWA,IL,AGL,CE,Federal Contract Tower,0,20,1,0,21,0,23,3,0,26,0,43,4,0,47,32,0,32,79
03/08/2023,MWA,IL,AGL,CE,Federal Contract Tower,0,11,1,0,12,0,6,0,0,6,0,17,1,0,18,30,0,30,48
03/09/2023,MWA,IL,AGL,CE,Federal Contract Tower,0,24,1,0,25,0,22,2,0,24,0,46,3,0,49,52,0,52,101
03/10/2023,MWA,IL,AGL,CE,Federal Contract Tower,0,13,0,0,13,0,21,12,0,33,0,34,12,0,46,22,0,22,68
03/11/2023,MWA,IL,AGL,CE,Federal Contract Tower,1,7,0,0,8,0,3,4,0,7,1,10,4,0,15,8,0,8,23
03/12/2023,MWA,IL,AGL,CE,Federal Contract Tower,0,10,1,0,11,0,8,6,0,14,0,18,7,0,25,12,0,12,37
03/13/2023,MWA,IL,AGL,CE,Federal Contract Tower,0,6,0,0,6,0,8,3,0,11,0,14,3,0,17,16,0,16,33
03/14/2023,MWA,IL,AGL,CE,Federal Contract Tower,0,14,1,2,17,0,17,5,0,22,0,31,6,2,39,50,2,52,91
03/15/2023,MWA,IL,AGL,CE,Federal Contract Tower,0,20,1,0,21,0,9,9,0,18,0,29,10,0,39,8,0,8,47
03/16/2023,MWA,IL,AGL,CE,Federal Contract Tower,0,7,2,0,9,0,2,0,0,2,0,9,2,0,11,4,0,4,15
03/17/2023,MWA,IL,AGL,CE,Federal Contract Tower,0,19,0,0,19,0,2,6,0,8,0,21,6,0,27,0,0,0,27
03/18/2023,MWA,IL,AGL,CE,Federal Contract Tower,0,7,0,0,7,0,8,4,0,12,0,15,4,0,19,0,0,0,19
03/19/2023,MWA,IL,AGL,CE,Federal Contract Tower,0,17,0,0,17,0,9,12,0,21,0,26,12,0,38,22,0,22,60
03/20/2023,MWA,IL,AGL,CE,Federal Contract Tower,0,8,0,0,8,0,13,3,4,20,0,21,3,4,28,22,0,22,50
03/21/2023,MWA,IL,AGL,CE,Federal Contract Tower,0,10,1,0,11,0,4,3,0,7,0,14,4,0,18,8,0,8,26
03/22/2023,MWA,IL,AGL,CE,Federal Contract Tower,0,17,1,0,18,0,0,0,0,0,0,17,1,0,18,0,0,0,18
03/23/2023,MWA,IL,AGL,CE,Federal Contract Tower,0,19,2,0,21,0,0,2,2,4,0,19,4,2,25,6,0,6,31
03/24/2023,MWA,IL,AGL,CE,Federal Contract Tower,0,9,0,0,9,0,0,0,0,0,0,9,0,0,9,0,0,0,9
03/25/2023,MWA,IL,AGL,CE,Federal Contract Tower,0,11,1,0,12,0,7,5,0,12,0,18,6,0,24,0,0,0,24
03/26/2023,MWA,IL,AGL,CE,Federal Contract Tower,0,12,2,0,14,0,4,3,0,7,0,16,5,0,21,20,0,20,41
03/27/2023,MWA,IL,AGL,CE,Federal Contract Tower,0,6,0,0,6,0,1,17,0,18,0,7,17,0,24,86,0,86,110
03/28/2023,MWA,IL,AGL,CE,Federal Contract Tower,0,12,2,0,14,0,34,26,0,60,0,46,28,0,74,88,0,88,162
03/29/2023,MWA,IL,AGL,CE,Federal Contract Tower,0,18,0,0,18,0,44,16,0,60,0,62,16,0,78,128,0,128,206
03/30/2023,MWA,IL,AGL,CE,Federal Contract Tower,0,15,0,0,15,0,37,19,0,56,0,52,19,0,71,134,0,134,205
03/31/2023,MWA,IL,AGL,CE,Federal Contract Tower,0,9,2,0,11,0,2,0,0,2,0,11,2,0,13,0,0,0,13
04/01/2023,MWA,IL,AGL,CE,Federal Contract Tower,0,0,1,0,1,0,0,2,0,2,0,0,3,0,3,0,0,0,3
04/02/2023,MWA,IL,AGL,CE,Federal Contract Tower,0,15,2,0,17,0,0,15,0,15,0,15,17,0,32,16,0,16,48
04/03/2023,MWA,IL,AGL,CE,Federal Contract Tower,0,9,0,0,9,0,44,12,5,61,0,53,12,5,70,92,0,92,162
04/04/2023,MWA,IL,AGL,CE,Federal Contract Tower,0,10,1,0,11,0,13,0,0,13,0,23,1,0,24,26,0,26,50
04/05/2023,MWA,IL,AGL,CE,Federal Contract Tower,0,4,1,0,5,0,3,1,0,4,0,7,2,0,9,0,0,0,9
04/06/2023,MWA,IL,AGL,CE,Federal Contract Tower,0,10,0,0,10,0,74,12,0,86,0,84,12,0,96,154,0,154,250
04/07/2023,MWA,IL,AGL,CE,Federal Contract Tower,0,16,0,0,16,0,25,9,0,34,0,41,9,0,50,110,0,110,160
04/08/2023,MWA,IL,AGL,CE,Federal Contract Tower,0,9,0,0,9,0,6,5,0,11,0,15,5,0,20,4,0,4,24
04/09/2023,MWA,IL,AGL,CE,Federal Contract Tower,0,8,0,0,8,0,8,7,0,15,0,16,7,0,23,0,0,0,23
04/10/2023,MWA,IL,AGL,CE,Federal Contract Tower,0,10,3,0,13,0,25,20,0,45,0,35,23,0,58,158,0,158,216
04/11/2023,MWA,IL,AGL,CE,Federal Contract Tower,0,8,1,0,9,0,61,27,0,88,0,69,28,0,97,158,0,158,255
04/12/2023,MWA,IL,AGL,CE,Federal Contract Tower,0,13,2,0,15,0,53,14,0,67,0,66,16,0,82,122,0,122,204
04/13/2023,MWA,IL,AGL,CE,Federal Contract Tower,0,11,1,0,12,0,51,17,0,68,0,62,18,0,80,120,0,120,200
04/14/2023,MWA,IL,AGL,CE,Federal Contract Tower,0,12,1,0,13,0,0,21,0,21,0,12,22,0,34,32,0,32,66
04/16/2023,MWA,IL,AGL,CE,Federal Contract Tower,0,9,0,0,9,0,1,0,0,1,0,10,0,0,10,0,0,0,10
04/17/2023,MWA,IL,AGL,CE,Federal Contract Tower,0,7,0,0,7,0,11,14,0,25,0,18,14,0,32,22,0,22,54
04/18/2023,MWA,IL,AGL,CE,Federal Contract Tower,0,10,0,0,10,0,43,21,0,64,0,53,21,0,74,134,0,134,208
04/19/2023,MWA,IL,AGL,CE,Federal Contract Tower,0,16,0,0,16,0,25,13,0,38,0,41,13,0,54,58,0,58,112
04/20/2023,MWA,IL,AGL,CE,Federal Contract Tower,0,11,3,0,14,0,3,4,0,7,0,14,7,0,21,6,0,6,27
04/21/2023,MWA,IL,AGL,CE,Federal Contract Tower,0,18,0,0,18,0,19,10,0,29,0,37,10,0,47,114,0,114,161
04/22/2023,MWA,IL,AGL,CE,Federal Contract Tower,0,7,1,0,8,0,8,2,0,10,0,15,3,0,18,0,0,0,18
04/23/2023,MWA,IL,AGL,CE,Federal Contract Tower,0,12,2,0,14,0,0,6,0,6,0,12,8,0,20,0,0,0,20
04/24/2023,MWA,IL,AGL,CE,Federal Contract Tower,0,13,2,0,15,0,30,18,0,48,0,43,20,0,63,122,0,122,185
04/25/2023,MWA,IL,AGL,CE,Federal Contract Tower,0,12,2,0,14,0,36,20,0,56,0,48,22,0,70,128,0,128,198
04/26/2023,MWA,IL,AGL,CE,Federal Contract Tower,0,10,0,0,10,0,21,9,0,30,0,31,9,0,40,90,0,90,130
04/27/2023,MWA,IL,AGL,CE,Federal Contract Tower,0,11,0,0,11,0,1,2,0,3,0,12,2,0,14,24,0,24,38
04/28/2023,MWA,IL,AGL,CE,Federal Contract Tower,0,12,1,0,13,0,10,7,0,17,0,22,8,0,30,6,0,6,36
04/29/2023,MWA,IL,AGL,CE,Federal Contract Tower,0,11,4,0,15,0,12,4,0,16,0,23,8,0,31,4,0,4,35
04/30/2023,MWA,IL,AGL,CE,Federal Contract Tower,0,9,2,0,11,0,10,4,0,14,0,19,6,0,25,10,0,10,35
05/01/2023,MWA,IL,AGL,CE,Federal Contract Tower,0,5,0,0,5,0,16,0,0,16,0,21,0,0,21,38,0,38,59
05/02/2023,MWA,IL,AGL,CE,Federal Contract Tower,0,13,0,0,13,0,7,2,0,9,0,20,2,0,22,20,0,20,42
05/03/2023,MWA,IL,AGL,CE,Federal Contract Tower,0,11,1,0,12,0,4,22,0,26,0,15,23,0,38,88,0,88,126
05/04/2023,MWA,IL,AGL,CE,Federal Contract Tower,0,15,4,0,19,0,26,22,0,48,0,41,26,0,67,174,0,174,241
05/05/2023,MWA,IL,AGL,CE,Federal Contract Tower,0,8,2,0,10,0,43,7,0,50,0,51,9,0,60,136,0,136,196
05/06/2023,MWA,IL,AGL,CE,Federal Contract Tower,0,7,1,0,8,0,1,8,0,9,0,8,9,0,17,4,0,4,21
05/07/2023,MWA,IL,AGL,CE,Federal Contract Tower,0,7,1,0,8,0,0,0,0,0,0,7,1,0,8,0,0,0,8
05/08/2023,MWA,IL,AGL,CE,Federal Contract Tower,0,7,0,0,7,0,8,3,0,11,0,15,3,0,18,10,0,10,28
05/09/2023,MWA,IL,AGL,CE,Federal Contract Tower,0,16,3,0,19,0,9,4,0,13,0,25,7,0,32,46,0,46,78
05/10/2023,MWA,IL,AGL,CE,Federal Contract Tower,0,4,1,0,5,0,13,3,0,16,0,17,4,0,21,50,0,50,71
05/11/2023,MWA,IL,AGL,CE,Federal Contract Tower,0,11,0,0,11,0,11,18,0,29,0,22,18,0,40,116,0,116,156
05/12/2023,MWA,IL,AGL,CE,Federal Contract Tower,0,12,12,0,24,0,0,3,0,3,0,12,15,0,27,0,0,0,27
05/13/2023,MWA,IL,AGL,CE,Federal Contract Tower,0,12,1,0,13,0,4,0,0,4,0,16,1,0,17,16,0,16,33
05/14/2023,MWA,IL,AGL,CE,Federal Contract Tower,0,5,2,0,7,0,0,5,0,5,0,5,7,0,12,8,0,8,20
05/15/2023,MWA,IL,AGL,CE,Federal Contract Tower,0,15,2,0,17,0,2,7,0,9,0,17,9,0,26,16,0,16,42
05/16/2023,MWA,IL,AGL,CE,Federal Contract Tower,0,16,6,0,22,0,0,0,0,0,0,16,6,0,22,0,0,0,22
05/17/2023,MWA,IL,AGL,CE,Federal Contract Tower,0,13,2,2,17,0,34,17,0,51,0,47,19,2,68,96,0,96,164
05/18/2023,MWA,IL,AGL,CE,Federal Contract Tower,0,11,2,0,13,0,22,26,0,48,0,33,28,0,61,38,0,38,99
05/19/2023,MWA,IL,AGL,CE,Federal Contract Tower,0,8,0,0,8,0,19,16,0,35,0,27,16,0,43,34,0,34,77
05/20/2023,MWA,IL,AGL,CE,Federal Contract Tower,0,9,1,0,10,0,2,13,0,15,0,11,14,0,25,2,0,2,27
05/21/2023,MWA,IL,AGL,CE,Federal Contract Tower,0,6,0,0,6,0,11,12,0,23,0,17,12,0,29,2,0,2,31
05/22/2023,MWA,IL,AGL,CE,Federal Contract Tower,0,6,3,0,9,0,17,9,0,26,0,23,12,0,35,106,0,106,141
05/23/2023,MWA,IL,AGL,CE,Federal Contract Tower,0,11,1,0,12,0,48,10,0,58,0,59,11,0,70,110,0,110,180
05/24/2023,MWA,IL,AGL,CE,Federal Contract Tower,0,17,0,0,17,0,21,20,3,44,0,38,20,3,61,78,0,78,139
05/25/2023,MWA,IL,AGL,CE,Federal Contract Tower,0,13,1,0,14,0,16,22,0,38,0,29,23,0,52,44,0,44,96
05/26/2023,MWA,IL,AGL,CE,Federal Contract Tower,0,7,1,0,8,0,9,17,0,26,0,16,18,0,34,66,0,66,100
05/27/2023,MWA,IL,AGL,CE,Federal Contract Tower,0,5,2,0,7,0,10,7,0,17,0,15,9,0,24,0,0,0,24
05/29/2023,MWA,IL,AGL,CE,Federal Contract Tower,0,5,0,0,5,0,5,30,0,35,0,10,30,0,40,54,0,54,94
05/30/2023,MWA,IL,AGL,CE,Federal Contract Tower,0,20,0,0,20,0,21,24,0,45,0,41,24,0,65,50,0,50,115
05/31/2023,MWA,IL,AGL,CE,Federal Contract Tower,0,11,4,0,15,0,17,6,0,23,0,28,10,0,38,38,0,38,76
06/01/2023,MWA,IL,AGL,CE,Federal Contract Tower,0,15,0,0,15,0,7,7,0,14,0,22,7,0,29,56,0,56,85
06/02/2023,MWA,IL,AGL,CE,Federal Contract Tower,0,14,1,0,15,0,19,15,0,34,0,33,16,0,49,40,0,40,89
06/03/2023,MWA,IL,AGL,CE,Federal Contract Tower,0,10,2,0,12,0,19,14,0,33,0,29,16,0,45,84,0,84,129
06/04/2023,MWA,IL,AGL,CE,Federal Contract Tower,0,8,0,0,8,0,3,7,0,10,0,11,7,0,18,30,0,30,48
06/05/2023,MWA,IL,AGL,CE,Federal Contract Tower,0,7,0,0,7,0,14,8,2,24,0,21,8,2,31,10,0,10,41
06/06/2023,MWA,IL,AGL,CE,Federal Contract Tower,0,14,1,0,15,0,14,10,3,27,0,28,11,3,42,74,0,74,116
06/07/2023,MWA,IL,AGL,CE,Federal Contract Tower,0,14,5,0,19,0,6,13,0,19,0,20,18,0,38,28,0,28,66
06/08/2023,MWA,IL,AGL,CE,Federal Contract Tower,0,8,1,0,9,0,13,22,0,35,0,21,23,0,44,58,0,58,102
06/09/2023,MWA,IL,AGL,CE,Federal Contract Tower,0,10,1,0,11,0,13,15,3,31,0,23,16,3,42,50,0,50,92
06/10/2023,MWA,IL,AGL,CE,Federal Contract Tower,0,7,1,0,8,0,17,20,2,39,0,24,21,2,47,70,0,70,117
06/11/2023,MWA,IL,AGL,CE,Federal Contract Tower,0,8,1,0,9,0,0,1,0,1,0,8,2,0,10,0,0,0,10
06/12/2023,MWA,IL,AGL,CE,Federal Contract Tower,0,7,11,0,18,0,4,10,0,14,0,11,21,0,32,38,0,38,70
06/13/2023,MWA,IL,AGL,CE,Federal Contract Tower,0,13,4,0,17,0,5,6,0,11,0,18,10,0,28,98,0,98,126
06/14/2023,MWA,IL,AGL,CE,Federal Contract Tower,0,13,2,0,15,0,14,7,0,21,0,27,9,0,36,38,0,38,74
06/15/2023,MWA,IL,AGL,CE,Federal Contract Tower,0,11,0,0,11,0,12,16,0,28,0,23,16,0,39,106,0,106,145
06/16/2023,MWA,IL,AGL,CE,Federal Contract Tower,0,11,0,0,11,0,21,23,0,44,0,32,23,0,55,86,0,86,141
06/17/2023,MWA,IL,AGL,CE,Federal Contract Tower,0,6,0,0,6,0,3,12,0,15,0,9,12,0,21,4,0,4,25
06/18/2023,MWA,IL,AGL,CE,Federal Contract Tower,0,8,2,0,10,0,4,2,0,6,0,12,4,0,16,0,0,0,16
06/19/2023,MWA,IL,AGL,CE,Federal Contract Tower,0,11,0,0,11,0,0,6,0,6,0,11,6,0,17,0,0,0,17
06/20/2023,MWA,IL,AGL,CE,Federal Contract Tower,0,13,0,0,13,0,24,6,0,30,0,37,6,0,43,82,0,82,125
06/21/2023,MWA,IL,AGL,CE,Federal Contract Tower,0,33,1,0,34,0,39,12,0,51,0,72,13,0,85,136,0,136,221
06/22/2023,MWA,IL,AGL,CE,Federal Contract Tower,0,12,0,0,12,0,38,30,0,68,0,50,30,0,80,78,0,78,158
06/23/2023,MWA,IL,AGL,CE,Federal Contract Tower,0,13,3,0,16,0,40,23,4,67,0,53,26,4,83,114,10,124,207
06/24/2023,MWA,IL,AGL,CE,Federal Contract Tower,0,8,0,0,8,0,39,11,8,58,0,47,11,8,66,84,2,86,152
06/25/2023,MWA,IL,AGL,CE,Federal Contract Tower,0,12,2,0,14,0,9,1,0,10,0,21,3,0,24,8,0,8,32
06/26/2023,MWA,IL,AGL,CE,Federal Contract Tower,0,13,0,0,13,0,19,17,0,36,0,32,17,0,49,82,0,82,131
06/27/2023,MWA,IL,AGL,CE,Federal Contract Tower,0,9,0,0,9,0,20,9,0,29,0,29,9,0,38,60,0,60,98
06/28/2023,MWA,IL,AGL,CE,Federal Contract Tower,0,5,0,0,5,0,4,18,0,22,0,9,18,0,27,26,0,26,53
06/29/2023,MWA,IL,AGL,CE,Federal Contract Tower,0,10,0,0,10,0,58,20,1,79,0,68,20,1,89,156,0,156,245
06/30/2023,MWA,IL,AGL,CE,Federal Contract Tower,0,11,0,0,11,0,22,14,0,36,0,33,14,0,47,58,0,58,105
07/01/2023,MWA,IL,AGL,CE,Federal Contract Tower,0,13,0,0,13,0,7,9,0,16,0,20,9,0,29,0,0,0,29
07/02/2023,MWA,IL,AGL,CE,Federal Contract Tower,0,12,0,0,12,0,2,14,0,16,0,14,14,0,28,16,0,16,44
07/03/2023,MWA,IL,AGL,CE,Federal Contract Tower,0,9,7,0,16,0,22,25,0,47,0,31,32,0,63,74,0,74,137
07/04/2023,MWA,IL,AGL,CE,Federal Contract Tower,0,11,2,0,13,0,1,8,0,9,0,12,10,0,22,0,0,0,22
07/05/2023,MWA,IL,AGL,CE,Federal Contract Tower,0,11,2,0,13,0,11,14,0,25,0,22,16,0,38,20,0,20,58
07/06/2023,MWA,IL,AGL,CE,Federal Contract Tower,0,16,5,0,21,0,17,15,0,32,0,33,20,0,53,84,0,84,137
07/07/2023,MWA,IL,AGL,CE,Federal Contract Tower,0,17,7,0,24,0,48,21,0,69,0,65,28,0,93,198,0,198,291
07/08/2023,MWA,IL,AGL,CE,Federal Contract Tower,0,7,0,0,7,0,21,2,0,23,0,28,2,0,30,24,0,24,54
07/09/2023,MWA,IL,AGL,CE,Federal Contract Tower,0,10,0,0,10,0,7,12,0,19,0,17,12,0,29,6,0,6,35
07/10/2023,MWA,IL,AGL,CE,Federal Contract Tower,0,12,1,0,13,0,27,11,0,38,0,39,12,0,51,48,0,48,99
07/11/2023,MWA,IL,AGL,CE,Federal Contract Tower,0,10,2,0,12,0,49,25,0,74,0,59,27,0,86,152,0,152,238
07/12/2023,MWA,IL,AGL,CE,Federal Contract Tower,0,20,3,0,23,0,58,18,0,76,0,78,21,0,99,142,0,142,241
07/13/2023,MWA,IL,AGL,CE,Federal Contract Tower,0,16,1,0,17,0,33,24,0,57,0,49,25,0,74,146,0,146,220
07/14/2023,MWA,IL,AGL,CE,Federal Contract Tower,0,15,3,0,18,0,45,25,0,70,0,60,28,0,88,160,0,160,248
07/15/2023,MWA,IL,AGL,CE,Federal Contract Tower,0,10,0,0,10,0,13,7,0,20,0,23,7,0,30,0,0,0,30
07/16/2023,MWA,IL,AGL,CE,Federal Contract Tower,0,11,4,0,15,0,4,4,0,8,0,15,8,0,23,0,0,0,23
07/17/2023,MWA,IL,AGL,CE,Federal Contract Tower,0,10,1,0,11,0,12,6,0,18,0,22,7,0,29,8,0,8,37
07/18/2023,MWA,IL,AGL,CE,Federal Contract Tower,0,10,0,0,10,0,26,4,0,30,0,36,4,0,40,42,0,42,82
07/19/2023,MWA,IL,AGL,CE,Federal Contract Tower,0,11,1,0,12,0,0,3,6,9,0,11,4,6,21,0,0,0,21
07/20/2023,MWA,IL,AGL,CE,Federal Contract Tower,10,0,2,0,12,0,22,7,2,31,10,22,9,2,43,36,0,36,79
07/21/2023,MWA,IL,AGL,CE,Federal Contract Tower,0,7,0,0,7,0,22,17,0,39,0,29,17,0,46,102,0,102,148
07/22/2023,MWA,IL,AGL,CE,Federal Contract Tower,0,10,4,0,14,0,12,8,0,20,0,22,12,0,34,12,0,12,46
07/23/2023,MWA,IL,AGL,CE,Federal Contract Tower,0,13,4,0,17,0,15,25,0,40,0,28,29,0,57,68,0,68,125
07/24/2023,MWA,IL,AGL,CE,Federal Contract Tower,0,5,1,0,6,0,6,10,0,16,0,11,11,0,22,52,0,52,74
07/25/2023,MWA,IL,AGL,CE,Federal Contract Tower,0,9,1,0,10,0,25,15,0,40,0,34,16,0,50,64,0,64,114
07/26/2023,MWA,IL,AGL,CE,Federal Contract Tower,0,8,2,0,10,0,5,0,0,5,0,13,2,0,15,6,0,6,21
07/27/2023,MWA,IL,AGL,CE,Federal Contract Tower,0,10,0,0,10,0,17,12,0,29,0,27,12,0,39,68,0,68,107
07/28/2023,MWA,IL,AGL,CE,Federal Contract Tower,0,7,2,0,9,0,34,12,0,46,0,41,14,0,55,56,0,56,111
07/29/2023,MWA,IL,AGL,CE,Federal Contract Tower,0,12,3,0,15,0,0,1,0,1,0,12,4,0,16,0,0,0,16
07/30/2023,MWA,IL,AGL,CE,Federal Contract Tower,0,6,2,2,10,0,0,8,1,9,0,6,10,3,19,0,0,0,19
07/31/2023,MWA,IL,AGL,CE,Federal Contract Tower,0,9,1,0,10,0,26,13,0,39,0,35,14,0,49,100,0,100,149
08/01/2023,MWA,IL,AGL,CE,Federal Contract Tower,3,4,0,0,7,16,2,4,0,22,19,6,4,0,29,28,0,28,57
08/02/2023,MWA,IL,AGL,CE,Federal Contract Tower,2,12,1,0,15,0,14,2,0,16,2,26,3,0,31,14,0,14,45
08/03/2023,MWA,IL,AGL,CE,Federal Contract Tower,2,5,0,0,7,0,0,0,0,0,2,5,0,0,7,0,0,0,7
08/04/2023,MWA,IL,AGL,CE,Federal Contract Tower,4,10,0,0,14,0,2,1,0,3,4,12,1,0,17,0,0,0,17
08/05/2023,MWA,IL,AGL,CE,Federal Contract Tower,0,1,1,0,2,0,0,1,0,1,0,1,2,0,3,0,0,0,3
08/06/2023,MWA,IL,AGL,CE,Federal Contract Tower,0,6,3,0,9,0,2,10,0,12,0,8,13,0,21,20,0,20,41
08/07/2023,MWA,IL,AGL,CE,Federal Contract Tower,3,4,0,0,7,0,16,4,0,20,3,20,4,0,27,46,0,46,73
08/09/2023,MWA,IL,AGL,CE,Federal Contract Tower,0,4,0,0,4,0,4,2,0,6,0,8,2,0,10,6,0,6,16
08/10/2023,MWA,IL,AGL,CE,Federal Contract Tower,5,10,0,0,15,0,11,12,0,23,5,21,12,0,38,62,0,62,100
08/11/2023,MWA,IL,AGL,CE,Federal Contract Tower,4,5,0,0,9,0,3,17,0,20,4,8,17,0,29,44,0,44,73
08/12/2023,MWA,IL,AGL,CE,Federal Contract Tower,1,1,0,0,2,0,0,2,0,2,1,1,2,0,4,2,0,2,6
08/14/2023,MWA,IL,AGL,CE,Federal Contract Tower,3,4,1,0,8,0,4,2,0,6,3,8,3,0,14,0,0,0,14
08/15/2023,MWA,IL,AGL,CE,Federal Contract Tower,4,0,2,0,6,0,6,2,0,8,4,6,4,0,14,2,0,2,16
08/16/2023,MWA,IL,AGL,CE,Federal Contract Tower,4,4,0,0,8,0,13,27,0,40,4,17,27,0,48,76,0,76,124
08/17/2023,MWA,IL,AGL,CE,Federal Contract Tower,3,2,4,0,9,0,19,24,0,43,3,21,28,0,52,82,0,82,134
08/18/2023,MWA,IL,AGL,CE,Federal Contract Tower,4,6,1,0,11,0,13,16,4,33,4,19,17,4,44,46,6,52,96
08/19/2023,MWA,IL,AGL,CE,Federal Contract Tower,1,1,4,0,6,0,16,12,0,28,1,17,16,0,34,54,0,54,88
08/20/2023,MWA,IL,AGL,CE,Federal Contract Tower,1,3,0,0,4,0,8,11,0,19,1,11,11,0,23,0,0,0,23
08/21/2023,MWA,IL,AGL,CE,Federal Contract Tower,3,0,6,0,9,0,16,4,0,20,3,16,10,0,29,6,0,6,35
08/22/2023,MWA,IL,AGL,CE,Federal Contract Tower,4,0,5,0,9,0,21,11,0,32,4,21,16,0,41,50,0,50,91
08/23/2023,MWA,IL,AGL,CE,Federal Contract Tower,4,9,1,0,14,0,27,18,0,45,4,36,19,0,59,86,0,86,145
08/24/2023,MWA,IL,AGL,CE,Federal Contract Tower,4,6,5,0,15,0,32,16,0,48,4,38,21,0,63,116,0,116,179
08/25/2023,MWA,IL,AGL,CE,Federal Contract Tower,3,6,3,0,12,0,18,17,0,35,3,24,20,0,47,90,0,90,137
08/26/2023,MWA,IL,AGL,CE,Federal Contract Tower,1,1,1,0,3,0,6,8,0,14,1,7,9,0,17,0,0,0,17
08/27/2023,MWA,IL,AGL,CE,Federal Contract Tower,2,8,0,0,10,0,0,3,0,3,2,8,3,0,13,0,0,0,13
08/28/2023,MWA,IL,AGL,CE,Federal Contract Tower,3,2,1,0,6,0,32,23,0,55,3,34,24,0,61,134,0,134,195
08/29/2023,MWA,IL,AGL,CE,Federal Contract Tower,3,0,1,0,4,0,15,10,0,25,3,15,11,0,29,52,0,52,81
08/30/2023,MWA,IL,AGL,CE,Federal Contract Tower,4,4,1,0,9,0,25,17,0,42,4,29,18,0,51,44,0,44,95
08/31/2023,MWA,IL,AGL,CE,Federal Contract Tower,4,6,1,2,13,0,23,30,0,53,4,29,31,2,66,132,0,132,198
