01/01/2000,MWH,WA,ANM,WE,Towers with Radar,0,3,1,0,4,0,1,0,0,1,0,4,1,0,5,0,0,0,5
01/02/2000,MWH,WA,ANM,WE,Towers with Radar,0,5,1,0,6,0,0,3,0,3,0,5,4,0,9,18,0,18,27
01/03/2000,MWH,WA,ANM,WE,Towers with Radar,0,10,8,11,29,0,0,12,2,14,0,10,20,13,43,26,1,27,70
01/04/2000,MWH,WA,ANM,WE,Towers with Radar,0,12,18,4,34,0,3,71,0,74,0,15,89,4,108,152,16,168,276
01/05/2000,MWH,WA,ANM,WE,Towers with Radar,13,11,41,18,83,17,6,72,16,111,30,17,113,34,194,303,40,343,537
01/06/2000,MWH,WA,ANM,WE,Towers with Radar,26,19,34,19,98,0,5,91,0,96,26,24,125,19,194,345,103,448,642
01/07/2000,MWH,WA,ANM,WE,Towers with Radar,22,14,26,15,77,0,0,2,3,5,22,14,28,18,82,0,30,30,112
01/08/2000,MWH,WA,ANM,WE,Towers with Radar,2,9,15,8,34,4,3,4,0,11,6,12,19,8,45,8,51,59,104
01/09/2000,MWH,WA,ANM,WE,Towers with Radar,1,5,1,12,19,3,0,0,0,3,4,5,1,12,22,0,30,30,52
01/10/2000,MWH,WA,ANM,WE,Towers with Radar,11,14,52,18,95,3,0,11,0,14,14,14,63,18,109,88,10,98,207
01/11/2000,MWH,WA,ANM,WE,Towers with Radar,8,11,20,10,49,0,9,2,0,11,8,20,22,10,60,2,2,4,64
01/12/2000,MWH,WA,ANM,WE,Towers with Radar,6,15,28,17,66,0,12,116,0,128,6,27,144,17,194,371,28,399,593
01/13/2000,MWH,WA,ANM,WE,Towers with Radar,18,17,30,14,79,0,0,38,0,38,18,17,68,14,117,140,6,146,263
01/14/2000,MWH,WA,ANM,WE,Towers with Radar,2,7,6,0,15,0,6,0,0,6,2,13,6,0,21,8,0,8,29
01/15/2000,MWH,WA,ANM,WE,Towers with Radar,6,6,10,0,22,49,1,15,0,65,55,7,25,0,87,30,0,30,117
01/16/2000,MWH,WA,ANM,WE,Towers with Radar,0,4,4,0,8,2,0,10,0,12,2,4,14,0,20,16,0,16,36
01/17/2000,MWH,WA,ANM,WE,Towers with Radar,15,7,5,0,27,7,5,33,0,45,22,12,38,0,72,20,0,20,92
01/18/2000,MWH,WA,ANM,WE,Towers with Radar,21,10,19,6,56,25,4,178,1,208,46,14,197,7,264,353,6,359,623
01/19/2000,MWH,WA,ANM,WE,Towers with Radar,12,12,14,16,54,17,1,83,0,101,29,13,97,16,155,245,38,283,438
01/20/2000,MWH,WA,ANM,WE,Towers with Radar,31,16,33,7,87,0,0,56,0,56,31,16,89,7,143,220,16,236,379
01/21/2000,MWH,WA,ANM,WE,Towers with Radar,43,19,25,2,89,90,0,0,0,90,133,19,25,2,179,0,0,0,179
01/22/2000,MWH,WA,ANM,WE,Towers with Radar,74,7,0,2,83,91,1,2,0,94,165,8,2,2,177,0,0,0,177
01/23/2000,MWH,WA,ANM,WE,Towers with Radar,44,3,2,0,49,105,0,3,0,108,149,3,5,0,157,1,0,1,158
01/24/2000,MWH,WA,ANM,WE,Towers with Radar,54,9,36,25,124,116,1,29,0,146,170,10,65,25,270,294,27,321,591
01/25/2000,MWH,WA,ANM,WE,Towers with Radar,112,20,44,0,176,3,0,11,0,14,115,20,55,0,190,196,0,196,386
01/26/2000,MWH,WA,ANM,WE,Towers with Radar,36,9,10,4,59,57,0,0,0,57,93,9,10,4,116,14,0,14,130
01/27/2000,MWH,WA,ANM,WE,Towers with Radar,37,12,55,22,126,9,2,57,0,68,46,14,112,22,194,262,22,284,478
01/28/2000,MWH,WA,ANM,WE,Towers with Radar,23,13,14,9,59,21,0,2,0,23,44,13,16,9,82,40,34,74,156
01/29/2000,MWH,WA,ANM,WE,Towers with Radar,20,9,18,0,47,36,0,28,0,64,56,9,46,0,111,48,0,48,159
01/30/2000,MWH,WA,ANM,WE,Towers with Radar,0,3,1,0,4,0,2,18,0,20,0,5,19,0,24,20,0,20,44
01/31/2000,MWH,WA,ANM,WE,Towers with Radar,4,11,7,11,33,0,0,1,0,1,4,11,8,11,34,28,20,48,82
02/01/2000,MWH,WA,ANM,WE,Towers with Radar,19,20,16,6,61,57,0,8,0,65,76,20,24,6,126,80,6,86,212
02/02/2000,MWH,WA,ANM,WE,Towers with Radar,22,11,30,2,65,29,0,143,0,172,51,11,173,2,237,300,0,300,537
02/03/2000,MWH,WA,ANM,WE,Towers with Radar,13,13,31,15,72,39,7,106,5,157,52,20,137,20,229,192,10,202,431
02/04/2000,MWH,WA,ANM,WE,Towers with Radar,20,12,28,20,80,54,3,13,3,73,74,15,41,23,153,50,8,58,211
02/05/2000,MWH,WA,ANM,WE,Towers with Radar,9,7,28,2,46,33,3,31,0,67,42,10,59,2,113,109,8,117,230
02/06/2000,MWH,WA,ANM,WE,Towers with Radar,5,4,11,0,20,38,0,8,0,46,43,4,19,0,66,18,0,18,84
02/07/2000,MWH,WA,ANM,WE,Towers with Radar,42,13,36,11,102,115,2,98,0,215,157,15,134,11,317,352,10,362,679
02/08/2000,MWH,WA,ANM,WE,Towers with Radar,23,13,15,7,58,47,3,0,0,50,70,16,15,7,108,0,0,0,108
02/09/2000,MWH,WA,ANM,WE,Towers with Radar,16,11,29,12,68,87,6,161,0,254,103,17,190,12,322,403,27,430,752
02/10/2000,MWH,WA,ANM,WE,Towers with Radar,16,10,56,8,90,65,3,168,1,237,81,13,224,9,327,476,33,509,836
02/11/2000,MWH,WA,ANM,WE,Towers with Radar,20,17,30,10,77,75,0,6,0,81,95,17,36,10,158,88,22,110,268
02/12/2000,MWH,WA,ANM,WE,Towers with Radar,40,8,8,0,56,29,0,4,0,33,69,8,12,0,89,64,0,64,153
02/13/2000,MWH,WA,ANM,WE,Towers with Radar,17,4,6,0,27,21,0,5,0,26,38,4,11,0,53,8,0,8,61
02/14/2000,MWH,WA,ANM,WE,Towers with Radar,4,12,10,23,49,0,0,0,1,1,4,12,10,24,50,0,12,12,62
02/15/2000,MWH,WA,ANM,WE,Towers with Radar,27,11,63,24,125,116,5,87,0,208,143,16,150,24,333,185,30,215,548
02/16/2000,MWH,WA,ANM,WE,Towers with Radar,22,11,33,26,92,62,5,128,0,195,84,16,161,26,287,266,70,336,623
02/17/2000,MWH,WA,ANM,WE,Towers with Radar,29,8,19,17,73,41,7,189,9,246,70,15,208,26,319,484,22,506,825
02/18/2000,MWH,WA,ANM,WE,Towers with Radar,30,11,14,19,74,77,3,14,9,103,107,14,28,28,177,52,68,120,297
02/19/2000,MWH,WA,ANM,WE,Towers with Radar,5,7,17,2,31,109,2,31,4,146,114,9,48,6,177,32,0,32,209
02/20/2000,MWH,WA,ANM,WE,Towers with Radar,14,5,30,4,53,0,0,15,42,57,14,5,45,46,110,40,12,52,162
02/21/2000,MWH,WA,ANM,WE,Towers with Radar,8,6,30,0,44,36,8,95,0,139,44,14,125,0,183,396,0,396,579
02/22/2000,MWH,WA,ANM,WE,Towers with Radar,32,12,19,18,81,52,0,43,0,95,84,12,62,18,176,200,24,224,400
02/23/2000,MWH,WA,ANM,WE,Towers with Radar,18,11,24,16,69,92,0,132,1,225,110,11,156,17,294,295,2,297,591
02/24/2000,MWH,WA,ANM,WE,Towers with Radar,22,12,29,15,78,45,4,162,3,214,67,16,191,18,292,307,43,350,642
02/25/2000,MWH,WA,ANM,WE,Towers with Radar,35,9,39,16,99,35,0,0,9,44,70,9,39,25,143,78,51,129,272
02/26/2000,MWH,WA,ANM,WE,Towers with Radar,15,7,14,6,42,39,0,0,0,39,54,7,14,6,81,36,10,46,127
02/27/2000,MWH,WA,ANM,WE,Towers with Radar,0,5,10,17,32,0,0,13,0,13,0,5,23,17,45,12,19,31,76
02/28/2000,MWH,WA,ANM,WE,Towers with Radar,19,7,24,14,64,67,0,35,6,108,86,7,59,20,172,180,57,237,409
02/29/2000,MWH,WA,ANM,WE,Towers with Radar,30,17,25,15,87,33,2,61,0,96,63,19,86,15,183,422,20,442,625
03/01/2000,MWH,WA,ANM,WE,Towers with Radar,18,21,41,8,88,0,0,110,0,110,18,21,151,8,198,284,6,290,488
03/02/2000,MWH,WA,ANM,WE,Towers with Radar,21,14,34,14,83,31,2,107,0,140,52,16,141,14,223,482,26,508,731
03/03/2000,MWH,WA,ANM,WE,Towers with Radar,12,14,21,12,59,37,0,0,0,37,49,14,21,12,96,14,1,15,111
03/04/2000,MWH,WA,ANM,WE,Towers with Radar,15,7,8,1,31,0,0,0,0,0,15,7,8,1,31,32,0,32,63
03/05/2000,MWH,WA,ANM,WE,Towers with Radar,1,5,28,0,34,1,0,23,0,24,2,5,51,0,58,32,0,32,90
03/06/2000,MWH,WA,ANM,WE,Towers with Radar,17,10,33,12,72,47,0,118,6,171,64,10,151,18,243,291,34,325,568
03/07/2000,MWH,WA,ANM,WE,Towers with Radar,37,11,55,8,111,29,8,132,0,169,66,19,187,8,280,328,6,334,614
03/08/2000,MWH,WA,ANM,WE,Towers with Radar,16,13,32,2,63,102,4,110,0,216,118,17,142,2,279,322,14,336,615
03/09/2000,MWH,WA,ANM,WE,Towers with Radar,26,15,50,14,105,68,0,119,0,187,94,15,169,14,292,504,28,532,824
03/10/2000,MWH,WA,ANM,WE,Towers with Radar,20,10,24,4,58,76,0,20,3,99,96,10,44,7,157,40,28,68,225
03/11/2000,MWH,WA,ANM,WE,Towers with Radar,7,7,14,0,28,62,0,7,0,69,69,7,21,0,97,64,0,64,161
03/12/2000,MWH,WA,ANM,WE,Towers with Radar,1,4,10,2,17,0,0,18,0,18,1,4,28,2,35,12,10,22,57
03/13/2000,MWH,WA,ANM,WE,Towers with Radar,17,11,31,3,62,52,3,144,0,199,69,14,175,3,261,237,4,241,502
03/14/2000,MWH,WA,ANM,WE,Towers with Radar,26,11,20,0,57,24,5,18,4,51,50,16,38,4,108,56,0,56,164
03/15/2000,MWH,WA,ANM,WE,Towers with Radar,8,12,40,8,68,145,0,101,0,246,153,12,141,8,314,258,19,277,591
03/16/2000,MWH,WA,ANM,WE,Towers with Radar,27,12,31,16,86,23,0,26,1,50,50,12,57,17,136,64,10,74,210
03/17/2000,MWH,WA,ANM,WE,Towers with Radar,7,10,27,13,57,19,0,12,0,31,26,10,39,13,88,92,30,122,210
03/18/2000,MWH,WA,ANM,WE,Towers with Radar,9,5,1,0,15,40,2,9,0,51,49,7,10,0,66,6,0,6,72
03/19/2000,MWH,WA,ANM,WE,Towers with Radar,0,4,20,0,24,0,2,25,0,27,0,6,45,0,51,64,0,64,115
03/20/2000,MWH,WA,ANM,WE,Towers with Radar,12,7,21,7,47,146,1,39,2,188,158,8,60,9,235,28,26,54,289
03/21/2000,MWH,WA,ANM,WE,Towers with Radar,18,12,32,8,70,161,4,39,0,204,179,16,71,8,274,60,34,94,368
03/22/2000,MWH,WA,ANM,WE,Towers with Radar,0,5,9,10,24,62,10,29,4,105,62,15,38,14,129,46,54,100,229
03/23/2000,MWH,WA,ANM,WE,Towers with Radar,4,9,12,4,29,45,7,11,1,64,49,16,23,5,93,28,8,36,129
03/24/2000,MWH,WA,ANM,WE,Towers with Radar,12,12,21,10,55,58,6,30,4,98,70,18,51,14,153,52,26,78,231
03/25/2000,MWH,WA,ANM,WE,Towers with Radar,2,4,9,1,16,48,1,22,1,72,50,5,31,2,88,29,0,29,117
03/26/2000,MWH,WA,ANM,WE,Towers with Radar,4,8,8,0,20,2,2,24,0,28,6,10,32,0,48,60,0,60,108
03/27/2000,MWH,WA,ANM,WE,Towers with Radar,4,9,29,3,45,111,4,71,4,190,115,13,100,7,235,364,2,366,601
03/28/2000,MWH,WA,ANM,WE,Towers with Radar,8,14,34,43,99,108,2,78,25,213,116,16,112,68,312,472,110,582,894
03/29/2000,MWH,WA,ANM,WE,Towers with Radar,30,9,41,10,90,69,1,68,0,138,99,10,109,10,228,218,25,243,471
03/30/2000,MWH,WA,ANM,WE,Towers with Radar,26,8,18,12,64,96,6,270,0,372,122,14,288,12,436,250,42,292,728
03/31/2000,MWH,WA,ANM,WE,Towers with Radar,20,5,9,12,46,81,10,75,0,166,101,15,84,12,212,176,19,195,407
04/01/2000,MWH,WA,ANM,WE,Towers with Radar,9,8,11,0,28,101,1,33,0,135,110,9,44,0,163,55,0,55,218
04/02/2000,MWH,WA,ANM,WE,Towers with Radar,6,6,14,1,27,85,0,20,1,106,91,6,34,2,133,46,0,46,179
04/03/2000,MWH,WA,ANM,WE,Towers with Radar,24,9,17,12,62,98,5,271,0,374,122,14,288,12,436,250,42,292,728
04/04/2000,MWH,WA,ANM,WE,Towers with Radar,7,11,8,8,34,53,3,53,0,109,60,14,61,8,143,193,28,221,364
04/05/2000,MWH,WA,ANM,WE,Towers with Radar,20,14,36,16,86,48,3,136,2,189,68,17,172,18,275,282,90,372,647
04/06/2000,MWH,WA,ANM,WE,Towers with Radar,22,11,46,22,101,95,4,44,0,143,117,15,90,22,244,106,64,170,414
04/07/2000,MWH,WA,ANM,WE,Towers with Radar,19,10,29,1,59,77,4,38,0,119,96,14,67,1,178,80,1,81,259
04/08/2000,MWH,WA,ANM,WE,Towers with Radar,6,5,13,1,25,66,3,16,0,85,72,8,29,1,110,64,0,64,174
04/09/2000,MWH,WA,ANM,WE,Towers with Radar,5,4,8,5,22,5,0,26,1,32,10,4,34,6,54,78,14,92,146
04/10/2000,MWH,WA,ANM,WE,Towers with Radar,14,10,27,12,63,100,5,148,0,253,114,15,175,12,316,293,4,297,613
04/11/2000,MWH,WA,ANM,WE,Towers with Radar,18,10,32,6,66,25,11,168,0,204,43,21,200,6,270,385,30,415,685
04/12/2000,MWH,WA,ANM,WE,Towers with Radar,17,7,28,11,63,25,4,163,0,192,42,11,191,11,255,465,52,517,772
04/13/2000,MWH,WA,ANM,WE,Towers with Radar,23,12,40,17,92,40,2,107,19,168,63,14,147,36,260,340,26,366,626
04/14/2000,MWH,WA,ANM,WE,Towers with Radar,23,12,40,17,92,58,11,26,5,100,81,23,66,22,192,115,31,146,338
04/15/2000,MWH,WA,ANM,WE,Towers with Radar,10,2,23,6,41,54,4,21,6,85,64,6,44,12,126,38,6,44,170
04/16/2000,MWH,WA,ANM,WE,Towers with Radar,3,4,4,1,12,1,3,15,0,19,4,7,19,1,31,70,0,70,101
04/17/2000,MWH,WA,ANM,WE,Towers with Radar,26,8,40,3,77,86,10,131,0,227,112,18,171,3,304,210,0,210,514
04/18/2000,MWH,WA,ANM,WE,Towers with Radar,27,8,48,6,89,49,12,135,9,205,76,20,183,15,294,294,14,308,602
04/19/2000,MWH,WA,ANM,WE,Towers with Radar,16,11,42,11,80,109,13,141,0,263,125,24,183,11,343,382,55,437,780
04/20/2000,MWH,WA,ANM,WE,Towers with Radar,16,11,31,19,77,18,7,134,5,164,34,18,165,24,241,240,10,250,491
04/21/2000,MWH,WA,ANM,WE,Towers with Radar,16,11,13,8,48,18,4,73,0,95,34,15,86,8,143,78,4,82,225
04/22/2000,MWH,WA,ANM,WE,Towers with Radar,1,4,11,0,16,0,4,24,0,28,1,8,35,0,44,52,0,52,96
04/23/2000,MWH,WA,ANM,WE,Towers with Radar,3,5,0,0,8,1,2,11,0,14,4,7,11,0,22,4,0,4,26
04/24/2000,MWH,WA,ANM,WE,Towers with Radar,16,10,26,9,61,4,12,124,0,140,20,22,150,9,201,262,6,268,469
04/25/2000,MWH,WA,ANM,WE,Towers with Radar,19,11,40,10,80,15,6,85,15,121,34,17,125,25,201,246,44,290,491
04/26/2000,MWH,WA,ANM,WE,Towers with Radar,6,10,46,4,66,2,5,162,7,176,8,15,208,11,242,454,14,468,710
04/27/2000,MWH,WA,ANM,WE,Towers with Radar,11,12,46,26,95,1,6,87,17,111,12,18,133,43,206,396,54,450,656
04/28/2000,MWH,WA,ANM,WE,Towers with Radar,14,11,12,9,46,6,6,43,0,55,20,17,55,9,101,50,14,64,165
04/29/2000,MWH,WA,ANM,WE,Towers with Radar,12,5,5,0,22,0,0,21,0,21,12,5,26,0,43,36,0,36,79
04/30/2000,MWH,WA,ANM,WE,Towers with Radar,14,5,9,0,28,10,0,30,0,40,24,5,39,0,68,36,0,36,104
05/01/2000,MWH,WA,ANM,WE,Towers with Radar,13,8,42,8,71,17,9,130,0,156,30,17,172,8,227,368,41,409,636
05/02/2000,MWH,WA,ANM,WE,Towers with Radar,22,8,35,10,75,18,10,137,0,165,40,18,172,10,240,240,36,276,516
05/03/2000,MWH,WA,ANM,WE,Towers with Radar,39,11,59,4,113,52,1,60,0,113,91,12,119,4,226,254,10,264,490
05/04/2000,MWH,WA,ANM,WE,Towers with Radar,17,13,51,15,96,0,4,81,5,90,17,17,132,20,186,162,20,182,368
05/05/2000,MWH,WA,ANM,WE,Towers with Radar,17,11,20,15,63,10,4,21,5,40,27,15,41,20,103,28,27,55,158
05/06/2000,MWH,WA,ANM,WE,Towers with Radar,10,5,20,2,37,0,6,29,0,35,10,11,49,2,72,30,0,30,102
05/07/2000,MWH,WA,ANM,WE,Towers with Radar,7,3,7,3,20,10,1,30,0,41,17,4,37,3,61,54,0,54,115
05/08/2000,MWH,WA,ANM,WE,Towers with Radar,23,10,52,9,94,62,7,111,0,180,85,17,163,9,274,288,34,322,596
05/09/2000,MWH,WA,ANM,WE,Towers with Radar,32,11,54,16,113,6,9,28,1,44,38,20,82,17,157,129,36,165,322
05/10/2000,MWH,WA,ANM,WE,Towers with Radar,31,11,50,3,95,19,7,60,0,86,50,18,110,3,181,216,6,222,403
05/11/2000,MWH,WA,ANM,WE,Towers with Radar,32,14,56,15,117,0,5,136,15,156,32,19,192,30,273,326,158,484,757
05/12/2000,MWH,WA,ANM,WE,Towers with Radar,36,10,27,2,75,0,2,24,0,26,36,12,51,2,101,19,1,20,121
05/13/2000,MWH,WA,ANM,WE,Towers with Radar,14,5,20,2,41,0,4,18,2,24,14,9,38,4,65,60,4,64,129
05/14/2000,MWH,WA,ANM,WE,Towers with Radar,2,6,15,0,23,1,3,25,0,29,3,9,40,0,52,46,0,46,98
05/15/2000,MWH,WA,ANM,WE,Towers with Radar,28,8,37,14,87,4,7,164,0,175,32,15,201,14,262,299,8,307,569
05/16/2000,MWH,WA,ANM,WE,Towers with Radar,44,9,73,22,148,45,13,99,4,161,89,22,172,26,309,188,20,208,517
05/17/2000,MWH,WA,ANM,WE,Towers with Radar,40,10,49,14,113,32,2,124,3,161,72,12,173,17,274,210,46,256,530
05/18/2000,MWH,WA,ANM,WE,Towers with Radar,45,13,56,6,120,67,3,174,0,244,112,16,230,6,364,412,40,452,816
05/19/2000,MWH,WA,ANM,WE,Towers with Radar,26,9,12,24,71,2,2,62,4,70,28,11,74,28,141,120,48,168,309
05/20/2000,MWH,WA,ANM,WE,Towers with Radar,13,3,16,5,37,13,5,38,0,56,26,8,54,5,93,46,25,71,164
05/21/2000,MWH,WA,ANM,WE,Towers with Radar,17,6,14,1,38,4,0,28,0,32,21,6,42,1,70,91,0,91,161
05/22/2000,MWH,WA,ANM,WE,Towers with Radar,79,10,42,6,137,72,5,155,45,277,151,15,197,51,414,380,17,397,811
05/23/2000,MWH,WA,ANM,WE,Towers with Radar,28,11,82,4,125,41,16,124,0,181,69,27,206,4,306,226,2,228,534
05/24/2000,MWH,WA,ANM,WE,Towers with Radar,59,18,75,17,169,209,2,99,0,310,268,20,174,17,479,272,30,302,781
05/25/2000,MWH,WA,ANM,WE,Towers with Radar,35,11,57,8,111,135,8,153,4,300,170,19,210,12,411,310,14,324,735
05/26/2000,MWH,WA,ANM,WE,Towers with Radar,107,11,51,8,177,95,5,35,3,138,202,16,86,11,315,76,28,104,419
05/27/2000,MWH,WA,ANM,WE,Towers with Radar,17,6,11,2,36,122,2,2,2,128,139,8,13,4,164,8,2,10,174
05/28/2000,MWH,WA,ANM,WE,Towers with Radar,4,3,16,0,23,0,2,18,0,20,4,5,34,0,43,64,0,64,107
05/29/2000,MWH,WA,ANM,WE,Towers with Radar,0,6,9,0,15,1,0,21,0,22,1,6,30,0,37,12,0,12,49
05/30/2000,MWH,WA,ANM,WE,Towers with Radar,7,10,25,9,51,139,5,45,7,196,146,15,70,16,247,142,16,158,405
05/31/2000,MWH,WA,ANM,WE,Towers with Radar,20,9,32,20,81,186,3,96,4,289,206,12,128,24,370,282,8,290,660
06/01/2000,MWH,WA,ANM,WE,Towers with Radar,30,9,46,12,97,116,6,195,3,320,146,15,241,15,417,401,12,413,830
06/02/2000,MWH,WA,ANM,WE,Towers with Radar,15,9,37,13,74,149,8,37,7,201,164,17,74,20,275,111,23,134,409
06/03/2000,MWH,WA,ANM,WE,Towers with Radar,41,6,21,7,75,167,3,45,1,216,208,9,66,8,291,38,4,42,333
06/04/2000,MWH,WA,ANM,WE,Towers with Radar,9,5,29,0,43,47,0,25,0,72,56,5,54,0,115,56,0,56,171
06/05/2000,MWH,WA,ANM,WE,Towers with Radar,45,12,44,24,125,239,0,118,0,357,284,12,162,24,482,302,10,312,794
06/06/2000,MWH,WA,ANM,WE,Towers with Radar,29,11,56,14,110,186,5,134,4,329,215,16,190,18,439,350,10,360,799
06/07/2000,MWH,WA,ANM,WE,Towers with Radar,30,9,69,14,122,275,6,141,7,429,305,15,210,21,551,145,46,191,742
06/08/2000,MWH,WA,ANM,WE,Towers with Radar,16,10,17,44,87,164,3,53,5,225,180,13,70,49,312,130,46,176,488
06/09/2000,MWH,WA,ANM,WE,Towers with Radar,37,10,31,19,97,182,4,56,0,242,219,14,87,19,339,57,17,74,413
06/10/2000,MWH,WA,ANM,WE,Towers with Radar,7,5,30,11,53,165,8,6,0,179,172,13,36,11,232,19,10,29,261
06/11/2000,MWH,WA,ANM,WE,Towers with Radar,1,6,16,4,27,2,0,27,0,29,3,6,43,4,56,48,2,50,106
06/12/2000,MWH,WA,ANM,WE,Towers with Radar,45,13,30,6,94,209,5,3,6,223,254,18,33,12,317,26,20,46,363
06/13/2000,MWH,WA,ANM,WE,Towers with Radar,16,11,8,9,44,154,4,31,0,189,170,15,39,9,233,32,5,37,270
06/14/2000,MWH,WA,ANM,WE,Towers with Radar,30,12,29,14,85,235,10,0,5,250,265,22,29,19,335,53,43,96,431
06/15/2000,MWH,WA,ANM,WE,Towers with Radar,20,15,24,11,70,238,3,34,0,275,258,18,58,11,345,26,13,39,384
06/16/2000,MWH,WA,ANM,WE,Towers with Radar,26,10,12,2,50,156,5,34,5,200,182,15,46,7,250,18,3,21,271
06/17/2000,MWH,WA,ANM,WE,Towers with Radar,21,7,2,1,31,256,0,50,1,307,277,7,52,2,338,44,6,50,388
06/18/2000,MWH,WA,ANM,WE,Towers with Radar,12,3,2,0,17,2,2,30,0,34,14,5,32,0,51,32,0,32,83
06/19/2000,MWH,WA,ANM,WE,Towers with Radar,47,9,21,24,101,171,12,112,0,295,218,21,133,24,396,290,26,316,712
06/20/2000,MWH,WA,ANM,WE,Towers with Radar,17,9,20,13,59,181,9,155,12,357,198,18,175,25,416,299,36,335,751
06/21/2000,MWH,WA,ANM,WE,Towers with Radar,21,8,24,10,63,316,22,197,7,542,337,30,221,17,605,376,38,414,1019
06/22/2000,MWH,WA,ANM,WE,Towers with Radar,42,12,25,28,107,183,3,32,1,219,225,15,57,29,326,66,66,132,458
06/23/2000,MWH,WA,ANM,WE,Towers with Radar,13,8,45,4,70,97,23,291,3,414,110,31,336,7,484,688,9,697,1181
06/24/2000,MWH,WA,ANM,WE,Towers with Radar,24,7,5,0,36,142,3,27,0,172,166,10,32,0,208,12,0,12,220
06/25/2000,MWH,WA,ANM,WE,Towers with Radar,16,6,8,1,31,125,3,134,1,263,141,9,142,2,294,55,0,55,349
06/26/2000,MWH,WA,ANM,WE,Towers with Radar,36,8,34,0,78,182,5,180,0,367,218,13,214,0,445,331,0,331,776
06/27/2000,MWH,WA,ANM,WE,Towers with Radar,31,7,36,14,88,220,0,160,15,395,251,7,196,29,483,264,36,300,783
06/28/2000,MWH,WA,ANM,WE,Towers with Radar,29,11,34,13,87,77,2,195,14,288,106,13,229,27,375,372,97,469,844
06/29/2000,MWH,WA,ANM,WE,Towers with Radar,21,9,67,6,103,67,8,135,0,210,88,17,202,6,313,260,20,280,593
06/30/2000,MWH,WA,ANM,WE,Towers with Radar,27,14,45,7,93,181,2,132,1,316,208,16,177,8,409,252,2,254,663
07/01/2000,MWH,WA,ANM,WE,Towers with Radar,18,8,9,0,35,171,2,24,0,197,189,10,33,0,232,42,0,42,274
07/02/2000,MWH,WA,ANM,WE,Towers with Radar,0,3,15,0,18,1,2,16,0,19,1,5,31,0,37,8,0,8,45
07/03/2000,MWH,WA,ANM,WE,Towers with Radar,28,9,40,0,77,184,1,59,0,244,212,10,99,0,321,80,0,80,401
07/04/2000,MWH,WA,ANM,WE,Towers with Radar,0,5,7,0,12,0,0,16,0,16,0,5,23,0,28,16,0,16,44
07/05/2000,MWH,WA,ANM,WE,Towers with Radar,27,10,59,10,106,201,8,119,1,329,228,18,178,11,435,306,25,331,766
07/06/2000,MWH,WA,ANM,WE,Towers with Radar,21,12,69,10,112,107,5,127,6,245,128,17,196,16,357,274,22,296,653
07/07/2000,MWH,WA,ANM,WE,Towers with Radar,31,8,71,6,116,113,14,211,0,338,144,22,282,6,454,300,14,314,768
07/08/2000,MWH,WA,ANM,WE,Towers with Radar,7,7,3,2,19,73,1,21,0,95,80,8,24,2,114,35,0,35,149
07/09/2000,MWH,WA,ANM,WE,Towers with Radar,0,4,2,0,6,1,0,21,0,22,1,4,23,0,28,32,0,32,60
07/10/2000,MWH,WA,ANM,WE,Towers with Radar,19,10,80,34,143,97,5,127,3,232,116,15,207,37,375,408,36,444,819
07/11/2000,MWH,WA,ANM,WE,Towers with Radar,14,12,82,15,123,68,8,128,0,204,82,20,210,15,327,218,19,237,564
07/12/2000,MWH,WA,ANM,WE,Towers with Radar,38,10,53,7,108,64,2,147,8,221,102,12,200,15,329,361,8,369,698
07/13/2000,MWH,WA,ANM,WE,Towers with Radar,10,10,52,27,99,50,7,144,5,206,60,17,196,32,305,250,26,276,581
07/14/2000,MWH,WA,ANM,WE,Towers with Radar,14,11,57,18,100,15,2,117,11,145,29,13,174,29,245,275,32,307,552
07/15/2000,MWH,WA,ANM,WE,Towers with Radar,9,7,15,2,33,25,1,27,0,53,34,8,42,2,86,35,0,35,121
07/16/2000,MWH,WA,ANM,WE,Towers with Radar,0,4,10,0,14,0,0,61,0,61,0,4,71,0,75,64,0,64,139
07/17/2000,MWH,WA,ANM,WE,Towers with Radar,21,7,43,5,76,71,2,167,1,241,92,9,210,6,317,286,2,288,605
07/18/2000,MWH,WA,ANM,WE,Towers with Radar,20,25,22,6,73,32,2,153,1,188,52,27,175,7,261,200,10,210,471
07/19/2000,MWH,WA,ANM,WE,Towers with Radar,11,8,38,39,96,4,5,145,0,154,15,13,183,39,250,271,51,322,572
07/20/2000,MWH,WA,ANM,WE,Towers with Radar,12,8,39,15,74,5,6,197,2,210,17,14,236,17,284,400,34,434,718
07/21/2000,MWH,WA,ANM,WE,Towers with Radar,17,10,46,29,102,6,5,182,15,208,23,15,228,44,310,402,26,428,738
07/22/2000,MWH,WA,ANM,WE,Towers with Radar,0,7,4,10,21,0,1,21,2,24,0,8,25,12,45,0,66,66,111
07/23/2000,MWH,WA,ANM,WE,Towers with Radar,0,4,0,0,4,0,10,24,0,34,0,14,24,0,38,26,0,26,64
07/24/2000,MWH,WA,ANM,WE,Towers with Radar,26,10,18,38,92,0,7,154,0,161,26,17,172,38,253,400,60,460,713
07/25/2000,MWH,WA,ANM,WE,Towers with Radar,35,8,22,8,73,6,7,135,5,153,41,15,157,13,226,245,8,253,479
07/26/2000,MWH,WA,ANM,WE,Towers with Radar,0,10,34,15,59,0,5,123,0,128,0,15,157,15,187,304,18,322,509
07/27/2000,MWH,WA,ANM,WE,Towers with Radar,0,11,10,23,44,0,13,116,0,129,0,24,126,23,173,130,50,180,353
07/28/2000,MWH,WA,ANM,WE,Towers with Radar,8,10,13,17,48,2,2,51,18,73,10,12,64,35,121,14,108,122,243
07/29/2000,MWH,WA,ANM,WE,Towers with Radar,0,8,9,0,17,0,3,23,0,26,0,11,32,0,43,30,4,34,77
07/30/2000,MWH,WA,ANM,WE,Towers with Radar,0,4,5,2,11,0,0,31,10,41,0,4,36,12,52,12,14,26,78
07/31/2000,MWH,WA,ANM,WE,Towers with Radar,0,9,7,5,21,0,5,31,0,36,0,14,38,5,57,12,26,38,95
08/01/2000,MWH,WA,ANM,WE,Towers with Radar,2,10,5,19,36,14,18,28,2,62,16,28,33,21,98,56,16,72,170
08/02/2000,MWH,WA,ANM,WE,Towers with Radar,0,11,9,15,35,0,5,47,23,75,0,16,56,38,110,68,94,162,272
08/03/2000,MWH,WA,ANM,WE,Towers with Radar,0,14,2,16,32,2,3,51,0,56,2,17,53,16,88,34,14,48,136
08/04/2000,MWH,WA,ANM,WE,Towers with Radar,0,8,1,14,23,0,7,35,0,42,0,15,36,14,65,36,42,78,143
08/05/2000,MWH,WA,ANM,WE,Towers with Radar,1,7,4,1,13,1,4,31,0,36,2,11,35,1,49,18,0,18,67
08/06/2000,MWH,WA,ANM,WE,Towers with Radar,1,4,3,0,8,27,1,26,0,54,28,5,29,0,62,12,0,12,74
08/07/2000,MWH,WA,ANM,WE,Towers with Radar,0,8,8,5,21,10,3,34,0,47,10,11,42,5,68,25,23,48,116
08/08/2000,MWH,WA,ANM,WE,Towers with Radar,0,8,6,21,35,1,7,38,18,64,1,15,44,39,99,60,44,104,203
08/09/2000,MWH,WA,ANM,WE,Towers with Radar,0,8,11,9,28,0,1,51,3,55,0,9,62,12,83,26,59,85,168
08/10/2000,MWH,WA,ANM,WE,Towers with Radar,0,12,8,12,32,2,1,45,1,49,2,13,53,13,81,48,16,64,145
08/11/2000,MWH,WA,ANM,WE,Towers with Radar,3,8,10,19,40,51,4,86,1,142,54,12,96,20,182,58,90,148,330
08/12/2000,MWH,WA,ANM,WE,Towers with Radar,5,8,8,0,21,47,2,51,0,100,52,10,59,0,121,60,0,60,181
08/13/2000,MWH,WA,ANM,WE,Towers with Radar,7,5,0,0,12,27,0,39,0,66,34,5,39,0,78,78,0,78,156
08/14/2000,MWH,WA,ANM,WE,Towers with Radar,3,8,6,9,26,37,8,18,3,66,40,16,24,12,92,20,8,28,120
08/15/2000,MWH,WA,ANM,WE,Towers with Radar,5,16,2,11,34,56,0,103,0,159,61,16,105,11,193,70,18,88,281
08/16/2000,MWH,WA,ANM,WE,Towers with Radar,2,9,9,8,28,26,7,58,0,91,28,16,67,8,119,86,22,108,227
08/17/2000,MWH,WA,ANM,WE,Towers with Radar,10,10,12,23,55,4,8,50,7,69,14,18,62,30,124,78,20,98,222
08/18/2000,MWH,WA,ANM,WE,Towers with Radar,14,11,12,17,54,3,1,65,6,75,17,12,77,23,129,86,24,110,239
08/19/2000,MWH,WA,ANM,WE,Towers with Radar,7,9,13,2,31,1,0,34,0,35,8,9,47,2,66,52,19,71,137
08/20/2000,MWH,WA,ANM,WE,Towers with Radar,5,5,6,0,16,3,2,26,0,31,8,7,32,0,47,68,0,68,115
08/21/2000,MWH,WA,ANM,WE,Towers with Radar,13,10,6,27,56,7,4,40,3,54,20,14,46,30,110,42,84,126,236
08/22/2000,MWH,WA,ANM,WE,Towers with Radar,11,11,9,4,35,17,2,66,0,85,28,13,75,4,120,45,17,62,182
08/23/2000,MWH,WA,ANM,WE,Towers with Radar,26,9,14,16,65,0,7,33,0,40,26,16,47,16,105,48,20,68,173
08/24/2000,MWH,WA,ANM,WE,Towers with Radar,13,10,12,7,42,6,7,27,0,40,19,17,39,7,82,16,40,56,138
08/25/2000,MWH,WA,ANM,WE,Towers with Radar,15,8,19,26,68,10,4,51,0,65,25,12,70,26,133,49,74,123,256
08/26/2000,MWH,WA,ANM,WE,Towers with Radar,0,5,4,2,11,0,3,28,0,31,0,8,32,2,42,42,0,42,84
08/27/2000,MWH,WA,ANM,WE,Towers with Radar,3,10,7,2,22,47,0,26,0,73,50,10,33,2,95,18,2,20,115
08/28/2000,MWH,WA,ANM,WE,Towers with Radar,6,9,5,19,39,47,5,27,0,79,53,14,32,19,118,4,21,25,143
08/29/2000,MWH,WA,ANM,WE,Towers with Radar,10,9,8,20,47,29,5,44,8,86,39,14,52,28,133,94,44,138,271
08/30/2000,MWH,WA,ANM,WE,Towers with Radar,9,12,27,34,82,19,3,14,1,37,28,15,41,35,119,83,25,108,227
08/31/2000,MWH,WA,ANM,WE,Towers with Radar,9,14,13,17,53,25,8,25,0,58,34,22,38,17,111,30,46,76,187
09/01/2000,MWH,WA,ANM,WE,Towers with Radar,13,15,17,12,57,38,8,37,0,83,51,23,54,12,140,44,44,88,228
09/02/2000,MWH,WA,ANM,WE,Towers with Radar,1,7,6,3,17,35,4,34,1,74,36,11,40,4,91,28,22,50,141
09/03/2000,MWH,WA,ANM,WE,Towers with Radar,0,5,5,0,10,1,0,31,0,32,1,5,36,0,42,48,0,48,90
09/04/2000,MWH,WA,ANM,WE,Towers with Radar,0,5,12,0,17,0,5,55,0,60,0,10,67,0,77,84,2,86,163
09/05/2000,MWH,WA,ANM,WE,Towers with Radar,15,10,8,4,37,1,5,67,2,75,16,15,75,6,112,12,6,18,130
09/06/2000,MWH,WA,ANM,WE,Towers with Radar,16,10,12,30,68,18,12,38,11,79,34,22,50,41,147,44,78,122,269
09/07/2000,MWH,WA,ANM,WE,Towers with Radar,0,9,2,5,16,0,4,35,8,47,0,13,37,13,63,56,14,70,133
09/08/2000,MWH,WA,ANM,WE,Towers with Radar,0,10,3,1,14,0,3,26,4,33,0,13,29,5,47,0,1,1,48
09/09/2000,MWH,WA,ANM,WE,Towers with Radar,0,5,21,8,34,0,0,19,0,19,0,5,40,8,53,26,8,34,87
09/10/2000,MWH,WA,ANM,WE,Towers with Radar,0,4,13,2,19,0,0,1,0,1,0,4,14,2,20,39,11,50,70
09/11/2000,MWH,WA,ANM,WE,Towers with Radar,12,8,5,0,25,2,0,42,0,44,14,8,47,0,69,25,0,25,94
09/12/2000,MWH,WA,ANM,WE,Towers with Radar,12,5,7,9,33,11,13,38,14,76,23,18,45,23,109,24,44,68,177
09/13/2000,MWH,WA,ANM,WE,Towers with Radar,26,11,6,38,81,23,2,43,0,68,49,13,49,38,149,30,18,48,197
09/14/2000,MWH,WA,ANM,WE,Towers with Radar,32,10,10,5,57,50,8,39,1,98,82,18,49,6,155,36,6,42,197
09/15/2000,MWH,WA,ANM,WE,Towers with Radar,15,10,1,22,48,100,15,37,0,152,115,25,38,22,200,14,56,70,270
09/16/2000,MWH,WA,ANM,WE,Towers with Radar,12,6,4,8,30,90,7,23,0,120,102,13,27,8,150,10,23,33,183
09/17/2000,MWH,WA,ANM,WE,Towers with Radar,4,5,3,2,14,2,0,45,0,47,6,5,48,2,61,123,0,123,184
09/18/2000,MWH,WA,ANM,WE,Towers with Radar,18,10,18,28,74,95,13,29,0,137,113,23,47,28,211,10,65,75,286
09/19/2000,MWH,WA,ANM,WE,Towers with Radar,33,8,10,23,74,49,4,67,5,125,82,12,77,28,199,122,58,180,379
09/20/2000,MWH,WA,ANM,WE,Towers with Radar,23,14,2,16,55,6,4,118,13,141,29,18,120,29,196,68,14,82,278
09/21/2000,MWH,WA,ANM,WE,Towers with Radar,28,11,6,6,51,91,7,141,30,269,119,18,147,36,320,28,64,92,412
09/22/2000,MWH,WA,ANM,WE,Towers with Radar,24,11,14,19,68,104,10,124,0,238,128,21,138,19,306,64,74,138,444
09/23/2000,MWH,WA,ANM,WE,Towers with Radar,18,7,16,2,43,58,2,40,0,100,76,9,56,2,143,70,10,80,223
09/24/2000,MWH,WA,ANM,WE,Towers with Radar,6,5,5,0,16,0,0,20,0,20,6,5,25,0,36,28,0,28,64
09/25/2000,MWH,WA,ANM,WE,Towers with Radar,13,9,12,12,46,76,3,167,4,250,89,12,179,16,296,250,24,274,570
09/26/2000,MWH,WA,ANM,WE,Towers with Radar,15,6,15,4,40,54,6,123,0,183,69,12,138,4,223,254,2,256,479
09/27/2000,MWH,WA,ANM,WE,Towers with Radar,31,15,12,15,73,50,4,234,12,300,81,19,246,27,373,343,30,373,746
09/28/2000,MWH,WA,ANM,WE,Towers with Radar,61,9,12,39,121,147,7,207,0,361,208,16,219,39,482,193,88,281,763
09/29/2000,MWH,WA,ANM,WE,Towers with Radar,50,10,16,45,121,116,7,23,1,147,166,17,39,46,268,47,34,81,349
09/30/2000,MWH,WA,ANM,WE,Towers with Radar,28,9,2,3,42,140,2,24,0,166,168,11,26,3,208,24,20,44,252
10/01/2000,MWH,WA,ANM,WE,Towers with Radar,12,5,7,0,24,86,9,17,0,112,98,14,24,0,136,38,0,38,174
10/02/2000,MWH,WA,ANM,WE,Towers with Radar,58,8,12,4,82,166,4,146,0,316,224,12,158,4,398,232,0,232,630
10/03/2000,MWH,WA,ANM,WE,Towers with Radar,11,9,10,12,42,87,8,206,2,303,98,17,216,14,345,340,6,346,691
10/04/2000,MWH,WA,ANM,WE,Towers with Radar,30,8,12,31,81,59,9,163,3,234,89,17,175,34,315,236,76,312,627
10/05/2000,MWH,WA,ANM,WE,Towers with Radar,29,10,22,11,72,29,6,164,0,199,58,16,186,11,271,217,19,236,507
10/06/2000,MWH,WA,ANM,WE,Towers with Radar,38,11,2,14,65,132,6,25,8,171,170,17,27,22,236,24,46,70,306
10/07/2000,MWH,WA,ANM,WE,Towers with Radar,26,6,7,4,43,84,0,13,0,97,110,6,20,4,140,22,20,42,182
10/08/2000,MWH,WA,ANM,WE,Towers with Radar,1,5,7,0,13,61,0,34,0,95,62,5,41,0,108,26,0,26,134
10/09/2000,MWH,WA,ANM,WE,Towers with Radar,18,8,22,0,48,94,1,150,0,245,112,9,172,0,293,373,0,373,666
10/10/2000,MWH,WA,ANM,WE,Towers with Radar,52,10,14,28,104,146,6,136,0,288,198,16,150,28,392,450,42,492,884
10/11/2000,MWH,WA,ANM,WE,Towers with Radar,45,13,43,18,119,73,1,135,4,213,118,14,178,22,332,481,8,489,821
10/12/2000,MWH,WA,ANM,WE,Towers with Radar,24,14,16,10,64,68,1,93,0,162,92,15,109,10,226,218,16,234,460
10/13/2000,MWH,WA,ANM,WE,Towers with Radar,50,16,2,34,102,60,6,14,0,80,110,22,16,34,182,23,46,69,251
10/14/2000,MWH,WA,ANM,WE,Towers with Radar,10,6,24,11,51,65,2,5,0,72,75,8,29,11,123,33,63,96,219
10/15/2000,MWH,WA,ANM,WE,Towers with Radar,0,4,13,11,28,2,0,35,33,70,2,4,48,44,98,112,2,114,212
10/16/2000,MWH,WA,ANM,WE,Towers with Radar,40,9,17,14,80,164,9,113,0,286,204,18,130,14,366,350,6,356,722
10/17/2000,MWH,WA,ANM,WE,Towers with Radar,11,14,10,15,50,105,1,183,13,302,116,15,193,28,352,332,17,349,701
10/18/2000,MWH,WA,ANM,WE,Towers with Radar,25,10,18,26,79,152,7,215,0,374,177,17,233,26,453,326,62,388,841
10/19/2000,MWH,WA,ANM,WE,Towers with Radar,25,7,14,1,47,80,4,148,1,233,105,11,162,2,280,405,0,405,685
10/20/2000,MWH,WA,ANM,WE,Towers with Radar,30,11,19,36,96,20,4,24,0,48,50,15,43,36,144,84,44,128,272
10/21/2000,MWH,WA,ANM,WE,Towers with Radar,29,4,10,6,49,175,4,12,0,191,204,8,22,6,240,34,10,44,284
10/22/2000,MWH,WA,ANM,WE,Towers with Radar,3,4,6,0,13,1,0,20,0,21,4,4,26,0,34,16,0,16,50
10/23/2000,MWH,WA,ANM,WE,Towers with Radar,21,10,11,7,49,224,0,169,0,393,245,10,180,7,442,264,16,280,722
10/24/2000,MWH,WA,ANM,WE,Towers with Radar,23,9,10,7,49,46,11,188,2,247,69,20,198,9,296,490,4,494,790
10/25/2000,MWH,WA,ANM,WE,Towers with Radar,14,10,18,15,57,149,10,171,5,335,163,20,189,20,392,287,8,295,687
10/26/2000,MWH,WA,ANM,WE,Towers with Radar,29,11,15,19,74,111,8,174,0,293,140,19,189,19,367,426,20,446,813
10/27/2000,MWH,WA,ANM,WE,Towers with Radar,32,12,19,14,77,84,0,18,0,102,116,12,37,14,179,37,34,71,250
10/28/2000,MWH,WA,ANM,WE,Towers with Radar,22,7,4,5,38,177,1,12,0,190,199,8,16,5,228,6,18,24,252
10/29/2000,MWH,WA,ANM,WE,Towers with Radar,3,5,6,0,14,1,1,23,0,25,4,6,29,0,39,62,0,62,101
10/30/2000,MWH,WA,ANM,WE,Towers with Radar,36,6,21,16,79,92,5,168,0,265,128,11,189,16,344,436,15,451,795
10/31/2000,MWH,WA,ANM,WE,Towers with Radar,14,15,26,15,70,64,2,24,0,90,78,17,50,15,160,94,26,120,280
11/01/2000,MWH,WA,ANM,WE,Towers with Radar,34,6,20,19,79,91,10,158,0,259,125,16,178,19,338,479,26,505,843
11/02/2000,MWH,WA,ANM,WE,Towers with Radar,32,15,16,11,74,83,10,176,0,269,115,25,192,11,343,308,22,330,673
11/03/2000,MWH,WA,ANM,WE,Towers with Radar,17,10,22,19,68,61,3,61,3,128,78,13,83,22,196,74,20,94,290
11/04/2000,MWH,WA,ANM,WE,Towers with Radar,11,7,9,24,51,19,7,19,0,45,30,14,28,24,96,15,26,41,137
11/05/2000,MWH,WA,ANM,WE,Towers with Radar,11,3,10,2,26,18,3,36,0,57,29,6,46,2,83,41,6,47,130
11/06/2000,MWH,WA,ANM,WE,Towers with Radar,20,8,17,14,59,3,4,166,0,173,23,12,183,14,232,460,42,502,734
11/07/2000,MWH,WA,ANM,WE,Towers with Radar,16,10,22,3,51,4,5,151,0,160,20,15,173,3,211,317,31,348,559
11/08/2000,MWH,WA,ANM,WE,Towers with Radar,18,19,18,12,67,3,0,2,0,5,21,19,20,12,72,6,32,38,110
11/09/2000,MWH,WA,ANM,WE,Towers with Radar,22,10,27,25,84,2,0,0,0,2,24,10,27,25,86,18,40,58,144
11/10/2000,MWH,WA,ANM,WE,Towers with Radar,24,12,23,7,66,0,7,30,2,39,24,19,53,9,105,28,40,68,173
11/11/2000,MWH,WA,ANM,WE,Towers with Radar,4,6,19,1,30,0,4,24,5,33,4,10,43,6,63,34,2,36,99
11/12/2000,MWH,WA,ANM,WE,Towers with Radar,8,2,10,0,20,4,0,22,0,26,12,2,32,0,46,19,0,19,65
11/13/2000,MWH,WA,ANM,WE,Towers with Radar,31,4,36,34,105,0,3,164,0,167,31,7,200,34,272,448,68,516,788
11/14/2000,MWH,WA,ANM,WE,Towers with Radar,6,11,20,16,53,33,8,233,12,286,39,19,253,28,339,487,36,523,862
11/15/2000,MWH,WA,ANM,WE,Towers with Radar,13,10,33,36,92,5,7,162,0,174,18,17,195,36,266,210,42,252,518
11/16/2000,MWH,WA,ANM,WE,Towers with Radar,43,11,16,18,88,15,2,165,0,182,58,13,181,18,270,422,44,466,736
11/17/2000,MWH,WA,ANM,WE,Towers with Radar,8,9,12,35,64,0,6,44,0,50,8,15,56,35,114,130,94,224,338
11/18/2000,MWH,WA,ANM,WE,Towers with Radar,10,6,0,1,17,2,5,27,0,34,12,11,27,1,51,36,0,36,87
11/19/2000,MWH,WA,ANM,WE,Towers with Radar,7,5,12,2,26,1,2,45,0,48,8,7,57,2,74,45,20,65,139
11/20/2000,MWH,WA,ANM,WE,Towers with Radar,15,6,21,23,65,7,6,151,0,164,22,12,172,23,229,439,20,459,688
11/21/2000,MWH,WA,ANM,WE,Towers with Radar,31,13,33,20,97,3,8,133,0,144,34,21,166,20,241,526,20,546,787
11/22/2000,MWH,WA,ANM,WE,Towers with Radar,2,18,5,6,31,0,0,0,2,2,2,18,5,8,33,0,0,0,33
11/23/2000,MWH,WA,ANM,WE,Towers with Radar,0,7,3,0,10,0,1,0,0,1,0,8,3,0,11,0,0,0,11
11/24/2000,MWH,WA,ANM,WE,Towers with Radar,0,14,3,0,17,0,2,0,0,2,0,16,3,0,19,0,0,0,19
11/25/2000,MWH,WA,ANM,WE,Towers with Radar,0,6,0,0,6,4,0,0,4,8,4,6,0,4,14,0,0,0,14
11/26/2000,MWH,WA,ANM,WE,Towers with Radar,0,4,3,0,7,0,0,0,0,0,0,4,3,0,7,0,0,0,7
11/27/2000,MWH,WA,ANM,WE,Towers with Radar,0,0,8,0,8,0,0,0,0,0,0,0,8,0,8,16,0,16,24
11/28/2000,MWH,WA,ANM,WE,Towers with Radar,14,14,33,7,68,4,6,22,0,32,18,20,55,7,100,132,3,135,235
11/29/2000,MWH,WA,ANM,WE,Towers with Radar,10,14,10,9,43,4,21,3,0,28,14,35,13,9,71,22,8,30,101
11/30/2000,MWH,WA,ANM,WE,Towers with Radar,13,16,102,23,154,2,4,0,0,6,15,20,102,23,160,206,8,214,374
12/01/2000,MWH,WA,ANM,WE,Towers with Radar,31,12,26,20,89,3,0,32,0,35,34,12,58,20,124,262,62,324,448
12/02/2000,MWH,WA,ANM,WE,Towers with Radar,0,3,6,8,17,0,0,0,0,0,0,3,6,8,17,4,16,20,37
12/03/2000,MWH,WA,ANM,WE,Towers with Radar,12,4,1,2,19,2,0,1,0,3,14,4,2,2,22,0,6,6,28
12/04/2000,MWH,WA,ANM,WE,Towers with Radar,4,8,34,30,76,13,2,89,0,104,17,10,123,30,180,407,30,437,617
12/05/2000,MWH,WA,ANM,WE,Towers with Radar,17,11,26,22,76,32,0,93,0,125,49,11,119,22,201,588,22,610,811
12/06/2000,MWH,WA,ANM,WE,Towers with Radar,28,16,36,25,105,0,3,4,0,7,28,19,40,25,112,84,8,92,204
12/07/2000,MWH,WA,ANM,WE,Towers with Radar,38,12,23,17,90,23,1,33,0,57,61,13,56,17,147,228,38,266,413
12/08/2000,MWH,WA,ANM,WE,Towers with Radar,48,12,6,10,76,0,0,0,1,1,48,12,6,11,77,0,0,0,77
12/09/2000,MWH,WA,ANM,WE,Towers with Radar,6,8,17,7,38,2,0,12,1,15,8,8,29,8,53,52,6,58,111
12/10/2000,MWH,WA,ANM,WE,Towers with Radar,4,4,1,13,22,4,2,3,1,10,8,6,4,14,32,48,4,52,84
12/11/2000,MWH,WA,ANM,WE,Towers with Radar,5,6,10,24,45,40,2,74,0,116,45,8,84,24,161,113,28,141,302
12/12/2000,MWH,WA,ANM,WE,Towers with Radar,13,13,42,7,75,9,7,78,0,94,22,20,120,7,169,230,18,248,417
12/13/2000,MWH,WA,ANM,WE,Towers with Radar,16,14,22,27,79,8,0,21,3,32,24,14,43,30,111,38,50,88,199
12/14/2000,MWH,WA,ANM,WE,Towers with Radar,12,17,12,36,77,0,0,0,17,17,12,17,12,53,94,6,35,41,135
12/15/2000,MWH,WA,ANM,WE,Towers with Radar,8,11,16,11,46,0,16,11,0,27,8,27,27,11,73,20,12,32,105
12/16/2000,MWH,WA,ANM,WE,Towers with Radar,15,6,6,8,35,1,8,4,0,13,16,14,10,8,48,4,2,6,54
12/17/2000,MWH,WA,ANM,WE,Towers with Radar,2,5,3,3,13,2,0,10,0,12,4,5,13,3,25,30,4,34,59
12/18/2000,MWH,WA,ANM,WE,Towers with Radar,22,13,5,22,62,30,1,0,0,31,52,14,5,22,93,12,22,34,127
12/19/2000,MWH,WA,ANM,WE,Towers with Radar,15,15,12,12,54,25,8,24,0,57,40,23,36,12,111,7,56,63,174
12/20/2000,MWH,WA,ANM,WE,Towers with Radar,15,15,20,28,78,4,5,16,19,44,19,20,36,47,122,36,89,125,247
12/21/2000,MWH,WA,ANM,WE,Towers with Radar,3,12,8,29,52,0,0,1,0,1,3,12,9,29,53,0,71,71,124
12/22/2000,MWH,WA,ANM,WE,Towers with Radar,0,18,1,8,27,0,2,3,0,5,0,20,4,8,32,24,4,28,60
12/23/2000,MWH,WA,ANM,WE,Towers with Radar,0,11,5,1,17,0,1,0,0,1,0,12,5,1,18,0,0,0,18
12/24/2000,MWH,WA,ANM,WE,Towers with Radar,0,0,10,0,10,0,0,0,0,0,0,0,10,0,10,0,0,0,10
12/25/2000,MWH,WA,ANM,WE,Towers with Radar,0,8,0,0,8,0,1,0,0,1,0,9,0,0,9,0,0,0,9
12/26/2000,MWH,WA,ANM,WE,Towers with Radar,0,8,4,0,12,0,1,0,0,1,0,9,4,0,13,0,0,0,13
12/27/2000,MWH,WA,ANM,WE,Towers with Radar,0,17,8,25,50,0,4,0,0,4,0,21,8,25,54,0,10,10,64
12/28/2000,MWH,WA,ANM,WE,Towers with Radar,0,18,7,9,34,0,2,0,1,3,0,20,7,10,37,0,12,12,49
12/29/2000,MWH,WA,ANM,WE,Towers with Radar,0,12,10,8,30,0,1,0,0,1,0,13,10,8,31,0,10,10,41
12/30/2000,MWH,WA,ANM,WE,Towers with Radar,0,9,16,4,29,0,0,0,0,0,0,9,16,4,29,0,1,1,30
12/31/2000,MWH,WA,ANM,WE,Towers with Radar,0,2,2,0,4,0,1,0,0,1,0,3,2,0,5,0,0,0,5
01/01/2001,MWH,WA,ANM,WE,Towers with Radar,0,3,3,0,6,0,1,0,0,1,0,4,3,0,7,6,0,6,13
01/02/2001,MWH,WA,ANM,WE,Towers with Radar,0,11,2,1,14,0,0,1,1,2,0,11,3,2,16,0,0,0,16
01/03/2001,MWH,WA,ANM,WE,Towers with Radar,4,13,18,5,40,0,2,0,1,3,4,15,18,6,43,2,0,2,45
01/04/2001,MWH,WA,ANM,WE,Towers with Radar,17,12,20,18,67,19,3,12,0,34,36,15,32,18,101,8,20,28,129
01/05/2001,MWH,WA,ANM,WE,Towers with Radar,26,13,8,31,78,18,2,16,13,49,44,15,24,44,127,2,42,44,171
01/06/2001,MWH,WA,ANM,WE,Towers with Radar,5,8,24,6,43,3,3,30,0,36,8,11,54,6,79,54,32,86,165
01/07/2001,MWH,WA,ANM,WE,Towers with Radar,4,7,6,8,25,0,1,29,4,34,4,8,35,12,59,65,14,79,138
01/08/2001,MWH,WA,ANM,WE,Towers with Radar,10,9,7,16,42,6,3,89,1,99,16,12,96,17,141,302,6,308,449
01/09/2001,MWH,WA,ANM,WE,Towers with Radar,23,12,15,22,72,0,4,14,0,18,23,16,29,22,90,71,20,91,181
01/10/2001,MWH,WA,ANM,WE,Towers with Radar,13,18,22,25,78,5,6,0,7,18,18,24,22,32,96,0,6,6,102
01/11/2001,MWH,WA,ANM,WE,Towers with Radar,13,16,26,38,93,1,3,92,0,96,14,19,118,38,189,300,48,348,537
01/12/2001,MWH,WA,ANM,WE,Towers with Radar,9,12,9,76,106,9,0,19,0,28,18,12,28,76,134,8,83,91,225
01/13/2001,MWH,WA,ANM,WE,Towers with Radar,22,10,3,4,39,0,1,4,0,5,22,11,7,4,44,6,4,10,54
01/14/2001,MWH,WA,ANM,WE,Towers with Radar,6,9,2,0,17,2,1,10,2,15,8,10,12,2,32,23,0,23,55
01/15/2001,MWH,WA,ANM,WE,Towers with Radar,18,7,13,1,39,20,0,16,1,37,38,7,29,2,76,15,0,15,91
01/16/2001,MWH,WA,ANM,WE,Towers with Radar,19,16,14,8,57,0,0,0,1,1,19,16,14,9,58,0,0,0,58
01/17/2001,MWH,WA,ANM,WE,Towers with Radar,20,14,16,13,63,3,0,22,0,25,23,14,38,13,88,110,6,116,204
01/18/2001,MWH,WA,ANM,WE,Towers with Radar,18,13,25,25,81,0,1,66,4,71,18,14,91,29,152,398,34,432,584
01/19/2001,MWH,WA,ANM,WE,Towers with Radar,16,15,7,4,42,0,0,0,0,0,16,15,7,4,42,0,6,6,48
01/20/2001,MWH,WA,ANM,WE,Towers with Radar,16,9,15,0,40,9,1,0,0,10,25,10,15,0,50,12,0,12,62
01/21/2001,MWH,WA,ANM,WE,Towers with Radar,0,3,9,0,12,0,0,0,0,0,0,3,9,0,12,1,0,1,13
01/22/2001,MWH,WA,ANM,WE,Towers with Radar,19,14,34,17,84,44,0,77,0,121,63,14,111,17,205,466,46,512,717
01/23/2001,MWH,WA,ANM,WE,Towers with Radar,19,12,39,22,92,30,3,118,12,163,49,15,157,34,255,376,52,428,683
01/24/2001,MWH,WA,ANM,WE,Towers with Radar,14,13,29,29,85,50,0,123,1,174,64,13,152,30,259,400,66,466,725
01/25/2001,MWH,WA,ANM,WE,Towers with Radar,32,14,41,22,109,8,0,0,0,8,40,14,41,22,117,0,12,12,129
01/26/2001,MWH,WA,ANM,WE,Towers with Radar,32,12,33,8,85,31,5,28,0,64,63,17,61,8,149,34,28,62,211
01/27/2001,MWH,WA,ANM,WE,Towers with Radar,4,6,3,0,13,0,4,0,0,4,4,10,3,0,17,0,0,0,17
01/28/2001,MWH,WA,ANM,WE,Towers with Radar,4,4,5,0,13,2,11,1,0,14,6,15,6,0,27,0,0,0,27
01/29/2001,MWH,WA,ANM,WE,Towers with Radar,32,8,20,11,71,58,2,60,3,123,90,10,80,14,194,86,4,90,284
01/30/2001,MWH,WA,ANM,WE,Towers with Radar,12,19,39,32,102,77,6,121,18,222,89,25,160,50,324,476,56,532,856
01/31/2001,MWH,WA,ANM,WE,Towers with Radar,20,14,42,40,116,31,9,113,0,153,51,23,155,40,269,373,71,444,713
02/01/2001,MWH,WA,ANM,WE,Towers with Radar,28,17,41,25,111,0,8,155,0,163,28,25,196,25,274,532,108,640,914
02/02/2001,MWH,WA,ANM,WE,Towers with Radar,29,13,36,14,92,69,2,9,0,80,98,15,45,14,172,20,46,66,238
02/03/2001,MWH,WA,ANM,WE,Towers with Radar,0,7,4,13,24,36,1,26,3,66,36,8,30,16,90,30,20,50,140
02/04/2001,MWH,WA,ANM,WE,Towers with Radar,0,1,5,18,24,0,1,0,0,1,0,2,5,18,25,0,0,0,25
02/05/2001,MWH,WA,ANM,WE,Towers with Radar,13,9,34,12,68,49,2,69,12,132,62,11,103,24,200,212,12,224,424
02/06/2001,MWH,WA,ANM,WE,Towers with Radar,37,12,28,16,93,31,0,94,0,125,68,12,122,16,218,306,47,353,571
02/07/2001,MWH,WA,ANM,WE,Towers with Radar,27,14,34,20,95,51,2,168,0,221,78,16,202,20,316,350,52,402,718
02/08/2001,MWH,WA,ANM,WE,Towers with Radar,22,11,31,39,103,30,0,52,0,82,52,11,83,39,185,420,48,468,653
02/09/2001,MWH,WA,ANM,WE,Towers with Radar,50,11,17,47,125,6,1,0,0,7,56,12,17,47,132,4,42,46,178
02/10/2001,MWH,WA,ANM,WE,Towers with Radar,23,8,7,2,40,13,0,0,0,13,36,8,7,2,53,6,0,6,59
02/11/2001,MWH,WA,ANM,WE,Towers with Radar,3,5,6,2,16,1,3,27,5,36,4,8,33,7,52,49,14,63,115
02/12/2001,MWH,WA,ANM,WE,Towers with Radar,33,10,37,34,114,143,5,151,0,299,176,15,188,34,413,407,62,469,882
02/13/2001,MWH,WA,ANM,WE,Towers with Radar,29,9,48,11,97,61,7,160,0,228,90,16,208,11,325,398,11,409,734
02/14/2001,MWH,WA,ANM,WE,Towers with Radar,14,14,29,54,111,68,2,111,0,181,82,16,140,54,292,377,128,505,797
02/15/2001,MWH,WA,ANM,WE,Towers with Radar,25,11,20,50,106,64,3,20,0,87,89,14,40,50,193,91,77,168,361
02/16/2001,MWH,WA,ANM,WE,Towers with Radar,3,12,10,2,27,1,0,0,0,1,4,12,10,2,28,0,0,0,28
02/17/2001,MWH,WA,ANM,WE,Towers with Radar,14,12,5,7,38,88,5,14,0,107,102,17,19,7,145,12,0,12,157
02/18/2001,MWH,WA,ANM,WE,Towers with Radar,1,2,1,0,4,53,2,11,0,66,54,4,12,0,70,8,0,8,78
02/19/2001,MWH,WA,ANM,WE,Towers with Radar,12,8,32,0,52,3,0,36,0,39,15,8,68,0,91,99,0,99,190
02/20/2001,MWH,WA,ANM,WE,Towers with Radar,26,9,40,27,102,114,0,93,0,207,140,9,133,27,309,359,90,449,758
02/21/2001,MWH,WA,ANM,WE,Towers with Radar,38,14,18,48,118,85,4,73,0,162,123,18,91,48,280,463,153,616,896
02/22/2001,MWH,WA,ANM,WE,Towers with Radar,39,16,37,40,132,1,0,4,0,5,40,16,41,40,137,2,10,12,149
02/23/2001,MWH,WA,ANM,WE,Towers with Radar,24,15,10,36,85,110,1,30,7,148,134,16,40,43,233,54,60,114,347
02/24/2001,MWH,WA,ANM,WE,Towers with Radar,3,5,17,3,28,47,0,12,1,60,50,5,29,4,88,4,20,24,112
02/25/2001,MWH,WA,ANM,WE,Towers with Radar,7,2,10,4,23,51,1,30,0,82,58,3,40,4,105,58,12,70,175
02/26/2001,MWH,WA,ANM,WE,Towers with Radar,25,7,43,12,87,91,9,121,0,221,116,16,164,12,308,332,32,364,672
02/27/2001,MWH,WA,ANM,WE,Towers with Radar,47,15,41,22,125,101,7,140,0,248,148,22,181,22,373,26,36,62,435
02/28/2001,MWH,WA,ANM,WE,Towers with Radar,15,8,28,43,94,85,2,166,0,253,100,10,194,43,347,252,92,344,691
03/01/2001,MWH,WA,ANM,WE,Towers with Radar,7,11,21,32,71,99,0,116,0,215,106,11,137,32,286,295,22,317,603
03/02/2001,MWH,WA,ANM,WE,Towers with Radar,3,9,18,34,64,60,2,33,5,100,63,11,51,39,164,39,9,48,212
03/03/2001,MWH,WA,ANM,WE,Towers with Radar,22,7,19,7,55,72,2,41,50,165,94,9,60,57,220,45,35,80,300
03/04/2001,MWH,WA,ANM,WE,Towers with Radar,4,4,4,4,16,8,1,15,0,24,12,5,19,4,40,0,12,12,52
03/05/2001,MWH,WA,ANM,WE,Towers with Radar,12,16,28,13,69,118,4,139,4,265,130,20,167,17,334,235,14,249,583
03/06/2001,MWH,WA,ANM,WE,Towers with Radar,36,14,21,22,93,136,0,174,0,310,172,14,195,22,403,378,55,433,836
03/07/2001,MWH,WA,ANM,WE,Towers with Radar,24,20,33,23,100,55,14,119,0,188,79,34,152,23,288,320,55,375,663
03/08/2001,MWH,WA,ANM,WE,Towers with Radar,44,14,49,36,143,8,0,35,0,43,52,14,84,36,186,200,17,217,403
03/09/2001,MWH,WA,ANM,WE,Towers with Radar,30,17,18,17,82,192,12,44,9,257,222,29,62,26,339,66,22,88,427
03/10/2001,MWH,WA,ANM,WE,Towers with Radar,7,6,9,22,44,73,3,30,10,116,80,9,39,32,160,60,58,118,278
03/11/2001,MWH,WA,ANM,WE,Towers with Radar,0,2,9,9,20,0,1,15,7,23,0,3,24,16,43,8,14,22,65
03/12/2001,MWH,WA,ANM,WE,Towers with Radar,24,10,32,21,87,77,2,110,0,189,101,12,142,21,276,230,97,327,603
03/13/2001,MWH,WA,ANM,WE,Towers with Radar,11,8,13,29,61,14,8,49,1,72,25,16,62,30,133,56,33,89,222
03/14/2001,MWH,WA,ANM,WE,Towers with Radar,19,8,72,20,119,69,8,143,0,220,88,16,215,20,339,398,57,455,794
03/15/2001,MWH,WA,ANM,WE,Towers with Radar,36,15,45,39,135,11,0,98,0,109,47,15,143,39,244,418,55,473,717
03/16/2001,MWH,WA,ANM,WE,Towers with Radar,15,9,14,35,73,35,3,28,0,66,50,12,42,35,139,94,24,118,257
03/17/2001,MWH,WA,ANM,WE,Towers with Radar,9,4,13,10,36,59,4,11,0,74,68,8,24,10,110,2,48,50,160
03/18/2001,MWH,WA,ANM,WE,Towers with Radar,7,1,6,0,14,13,2,12,0,27,20,3,18,0,41,14,4,18,59
03/19/2001,MWH,WA,ANM,WE,Towers with Radar,40,9,23,18,90,50,1,78,0,129,90,10,101,18,219,182,20,202,421
03/20/2001,MWH,WA,ANM,WE,Towers with Radar,37,8,44,4,93,29,5,134,12,180,66,13,178,16,273,304,33,337,610
03/21/2001,MWH,WA,ANM,WE,Towers with Radar,20,10,36,7,73,59,4,110,0,173,79,14,146,7,246,254,14,268,514
03/22/2001,MWH,WA,ANM,WE,Towers with Radar,10,12,21,12,55,47,3,76,0,126,57,15,97,12,181,106,16,122,303
03/23/2001,MWH,WA,ANM,WE,Towers with Radar,10,7,10,20,47,0,11,32,0,43,10,18,42,20,90,22,48,70,160
03/24/2001,MWH,WA,ANM,WE,Towers with Radar,18,2,1,4,25,42,2,20,0,64,60,4,21,4,89,12,10,22,111
03/25/2001,MWH,WA,ANM,WE,Towers with Radar,0,2,6,0,8,0,0,6,0,6,0,2,12,0,14,12,1,13,27
03/26/2001,MWH,WA,ANM,WE,Towers with Radar,12,9,14,8,43,67,7,17,0,91,79,16,31,8,134,2,8,10,144
03/27/2001,MWH,WA,ANM,WE,Towers with Radar,12,11,12,10,45,8,1,9,0,18,20,12,21,10,63,2,12,14,77
03/28/2001,MWH,WA,ANM,WE,Towers with Radar,29,13,20,10,72,71,0,4,0,75,100,13,24,10,147,12,18,30,177
03/29/2001,MWH,WA,ANM,WE,Towers with Radar,16,7,13,16,52,22,5,20,18,65,38,12,33,34,117,10,13,23,140
03/30/2001,MWH,WA,ANM,WE,Towers with Radar,15,8,17,16,56,69,2,38,2,111,84,10,55,18,167,6,18,24,191
03/31/2001,MWH,WA,ANM,WE,Towers with Radar,7,3,9,8,27,23,6,15,6,50,30,9,24,14,77,18,26,44,121
04/01/2001,MWH,WA,ANM,WE,Towers with Radar,0,1,12,9,22,0,3,23,0,26,0,4,35,9,48,32,21,53,101
04/02/2001,MWH,WA,ANM,WE,Towers with Radar,21,3,30,7,61,89,3,65,0,157,110,6,95,7,218,265,63,328,546
04/03/2001,MWH,WA,ANM,WE,Towers with Radar,4,11,32,25,72,9,4,69,0,82,13,15,101,25,154,357,66,423,577
04/04/2001,MWH,WA,ANM,WE,Towers with Radar,17,11,48,23,99,74,5,112,12,203,91,16,160,35,302,310,59,369,671
04/05/2001,MWH,WA,ANM,WE,Towers with Radar,14,10,41,36,101,43,3,107,0,153,57,13,148,36,254,229,116,345,599
04/06/2001,MWH,WA,ANM,WE,Towers with Radar,32,9,13,21,75,36,7,17,7,67,68,16,30,28,142,86,136,222,364
04/07/2001,MWH,WA,ANM,WE,Towers with Radar,5,5,12,14,36,43,8,18,0,69,48,13,30,14,105,39,63,102,207
04/08/2001,MWH,WA,ANM,WE,Towers with Radar,5,2,4,6,17,3,2,16,8,29,8,4,20,14,46,28,5,33,79
04/09/2001,MWH,WA,ANM,WE,Towers with Radar,11,7,58,31,107,40,0,69,0,109,51,7,127,31,216,246,100,346,562
04/10/2001,MWH,WA,ANM,WE,Towers with Radar,18,10,38,27,93,39,8,92,0,139,57,18,130,27,232,391,68,459,691
04/11/2001,MWH,WA,ANM,WE,Towers with Radar,41,12,49,22,124,43,5,44,0,92,84,17,93,22,216,192,54,246,462
04/12/2001,MWH,WA,ANM,WE,Towers with Radar,24,11,70,42,147,14,6,81,0,101,38,17,151,42,248,171,91,262,510
04/13/2001,MWH,WA,ANM,WE,Towers with Radar,28,10,14,13,65,0,1,14,7,22,28,11,28,20,87,16,40,56,143
04/14/2001,MWH,WA,ANM,WE,Towers with Radar,8,4,15,14,41,1,4,13,4,22,9,8,28,18,63,60,20,80,143
04/15/2001,MWH,WA,ANM,WE,Towers with Radar,0,2,6,0,8,0,0,33,0,33,0,2,39,0,41,19,0,19,60
04/16/2001,MWH,WA,ANM,WE,Towers with Radar,7,9,90,43,149,4,7,82,0,93,11,16,172,43,242,232,200,432,674
04/17/2001,MWH,WA,ANM,WE,Towers with Radar,20,12,57,27,116,6,10,93,0,109,26,22,150,27,225,294,85,379,604
04/18/2001,MWH,WA,ANM,WE,Towers with Radar,11,13,57,22,103,0,1,113,0,114,11,14,170,22,217,232,10,242,459
04/19/2001,MWH,WA,ANM,WE,Towers with Radar,10,12,61,31,114,0,6,137,7,150,10,18,198,38,264,395,44,439,703
04/20/2001,MWH,WA,ANM,WE,Towers with Radar,22,15,6,53,96,0,4,23,0,27,22,19,29,53,123,21,61,82,205
04/21/2001,MWH,WA,ANM,WE,Towers with Radar,3,4,16,14,37,1,3,29,4,37,4,7,45,18,74,42,0,42,116
04/22/2001,MWH,WA,ANM,WE,Towers with Radar,0,2,18,0,20,0,3,7,3,13,0,5,25,3,33,34,0,34,67
04/23/2001,MWH,WA,ANM,WE,Towers with Radar,20,18,76,16,130,0,4,46,0,50,20,22,122,16,180,249,16,265,445
04/24/2001,MWH,WA,ANM,WE,Towers with Radar,16,11,49,12,88,0,5,136,0,141,16,16,185,12,229,250,127,377,606
04/25/2001,MWH,WA,ANM,WE,Towers with Radar,18,11,75,12,116,6,3,113,0,122,24,14,188,12,238,411,54,465,703
04/26/2001,MWH,WA,ANM,WE,Towers with Radar,15,9,46,14,84,3,0,85,0,88,18,9,131,14,172,262,29,291,463
04/27/2001,MWH,WA,ANM,WE,Towers with Radar,6,7,30,18,61,0,9,12,0,21,6,16,42,18,82,20,17,37,119
04/28/2001,MWH,WA,ANM,WE,Towers with Radar,0,6,4,7,17,0,0,8,1,9,0,6,12,8,26,13,12,25,51
04/29/2001,MWH,WA,ANM,WE,Towers with Radar,0,2,15,0,17,0,1,0,0,1,0,3,15,0,18,30,0,30,48
04/30/2001,MWH,WA,ANM,WE,Towers with Radar,6,9,38,52,105,0,0,31,0,31,6,9,69,52,136,128,40,168,304
05/01/2001,MWH,WA,ANM,WE,Towers with Radar,9,5,48,50,112,0,6,64,0,70,9,11,112,50,182,165,111,276,458
05/02/2001,MWH,WA,ANM,WE,Towers with Radar,29,9,79,30,147,6,2,100,1,109,35,11,179,31,256,208,52,260,516
05/03/2001,MWH,WA,ANM,WE,Towers with Radar,5,9,62,43,119,0,4,106,0,110,5,13,168,43,229,271,132,403,632
05/04/2001,MWH,WA,ANM,WE,Towers with Radar,8,11,18,29,66,0,2,47,0,49,8,13,65,29,115,46,48,94,209
05/05/2001,MWH,WA,ANM,WE,Towers with Radar,25,4,6,15,50,17,1,11,7,36,42,5,17,22,86,4,24,28,114
05/06/2001,MWH,WA,ANM,WE,Towers with Radar,8,2,22,5,37,0,1,26,4,31,8,3,48,9,68,92,22,114,182
05/07/2001,MWH,WA,ANM,WE,Towers with Radar,9,6,46,36,97,3,3,142,0,148,12,9,188,36,245,286,57,343,588
05/08/2001,MWH,WA,ANM,WE,Towers with Radar,24,13,56,22,115,0,2,72,0,74,24,15,128,22,189,194,84,278,467
05/09/2001,MWH,WA,ANM,WE,Towers with Radar,13,6,60,18,97,0,9,98,0,107,13,15,158,18,204,413,66,479,683
05/10/2001,MWH,WA,ANM,WE,Towers with Radar,22,13,41,9,85,0,1,146,0,147,22,14,187,9,232,338,38,376,608
05/11/2001,MWH,WA,ANM,WE,Towers with Radar,6,10,29,53,98,0,8,38,0,46,6,18,67,53,144,48,128,176,320
05/12/2001,MWH,WA,ANM,WE,Towers with Radar,9,4,7,5,25,1,3,41,0,45,10,7,48,5,70,29,4,33,103
05/13/2001,MWH,WA,ANM,WE,Towers with Radar,0,2,4,0,6,1,0,0,0,1,1,2,4,0,7,24,0,24,31
05/14/2001,MWH,WA,ANM,WE,Towers with Radar,14,12,50,17,93,0,0,14,0,14,14,12,64,17,107,92,134,226,333
05/15/2001,MWH,WA,ANM,WE,Towers with Radar,18,10,71,12,111,18,2,80,0,100,36,12,151,12,211,252,58,310,521
05/16/2001,MWH,WA,ANM,WE,Towers with Radar,1,13,33,29,76,33,2,42,10,87,34,15,75,39,163,132,44,176,339
05/17/2001,MWH,WA,ANM,WE,Towers with Radar,26,9,46,36,117,40,9,113,0,162,66,18,159,36,279,340,138,478,757
05/18/2001,MWH,WA,ANM,WE,Towers with Radar,40,11,38,32,121,0,2,25,0,27,40,13,63,32,148,34,156,190,338
05/19/2001,MWH,WA,ANM,WE,Towers with Radar,3,6,13,24,46,69,1,29,22,121,72,7,42,46,167,20,86,106,273
05/20/2001,MWH,WA,ANM,WE,Towers with Radar,7,2,10,16,35,7,0,27,4,38,14,2,37,20,73,28,16,44,117
05/21/2001,MWH,WA,ANM,WE,Towers with Radar,31,10,64,16,121,37,5,110,0,152,68,15,174,16,273,334,54,388,661
05/22/2001,MWH,WA,ANM,WE,Towers with Radar,36,10,54,12,112,100,5,140,0,245,136,15,194,12,357,240,80,320,677
05/23/2001,MWH,WA,ANM,WE,Towers with Radar,34,11,63,13,121,116,3,114,0,233,150,14,177,13,354,241,18,259,613
05/24/2001,MWH,WA,ANM,WE,Towers with Radar,24,9,40,20,93,136,6,72,0,214,160,15,112,20,307,199,59,258,565
05/25/2001,MWH,WA,ANM,WE,Towers with Radar,21,9,41,31,102,75,6,28,7,116,96,15,69,38,218,51,43,94,312
05/26/2001,MWH,WA,ANM,WE,Towers with Radar,18,7,1,6,32,130,0,37,4,171,148,7,38,10,203,22,24,46,249
05/27/2001,MWH,WA,ANM,WE,Towers with Radar,0,3,0,0,3,1,1,30,0,32,1,4,30,0,35,20,0,20,55
05/28/2001,MWH,WA,ANM,WE,Towers with Radar,0,5,2,0,7,0,0,8,0,8,0,5,10,0,15,3,0,3,18
05/29/2001,MWH,WA,ANM,WE,Towers with Radar,17,13,41,4,75,205,0,77,10,292,222,13,118,14,367,202,28,230,597
05/30/2001,MWH,WA,ANM,WE,Towers with Radar,16,11,38,29,94,104,5,100,0,209,120,16,138,29,303,196,58,254,557
05/31/2001,MWH,WA,ANM,WE,Towers with Radar,23,14,38,19,94,161,2,125,0,288,184,16,163,19,382,199,87,286,668
06/01/2001,MWH,WA,ANM,WE,Towers with Radar,21,10,30,25,86,63,4,5,0,72,84,14,35,25,158,26,44,70,228
06/02/2001,MWH,WA,ANM,WE,Towers with Radar,3,6,17,1,27,95,3,37,3,138,98,9,54,4,165,38,12,50,215
06/03/2001,MWH,WA,ANM,WE,Towers with Radar,10,2,23,7,42,0,1,19,8,28,10,3,42,15,70,28,1,29,99
06/04/2001,MWH,WA,ANM,WE,Towers with Radar,34,9,43,16,102,225,8,90,0,323,259,17,133,16,425,135,34,169,594
06/05/2001,MWH,WA,ANM,WE,Towers with Radar,27,13,61,11,112,46,4,41,0,91,73,17,102,11,203,292,5,297,500
06/06/2001,MWH,WA,ANM,WE,Towers with Radar,32,10,74,25,141,156,14,141,0,311,188,24,215,25,452,420,50,470,922
06/07/2001,MWH,WA,ANM,WE,Towers with Radar,35,13,47,47,142,187,0,154,0,341,222,13,201,47,483,260,73,333,816
06/08/2001,MWH,WA,ANM,WE,Towers with Radar,44,10,19,8,81,139,7,77,0,223,183,17,96,8,304,80,8,88,392
06/09/2001,MWH,WA,ANM,WE,Towers with Radar,30,5,4,11,50,158,5,11,1,175,188,10,15,12,225,6,0,6,231
06/10/2001,MWH,WA,ANM,WE,Towers with Radar,2,2,0,0,4,1,0,0,0,1,3,2,0,0,5,0,0,0,5
06/11/2001,MWH,WA,ANM,WE,Towers with Radar,29,13,40,38,120,133,0,69,0,202,162,13,109,38,322,174,62,236,558
06/12/2001,MWH,WA,ANM,WE,Towers with Radar,23,11,33,26,93,42,21,36,0,99,65,32,69,26,192,175,20,195,387
06/13/2001,MWH,WA,ANM,WE,Towers with Radar,19,12,31,25,87,75,0,127,0,202,94,12,158,25,289,257,50,307,596
06/14/2001,MWH,WA,ANM,WE,Towers with Radar,31,10,17,32,90,46,5,65,0,116,77,15,82,32,206,96,48,144,350
06/15/2001,MWH,WA,ANM,WE,Towers with Radar,46,10,28,31,115,86,5,33,0,124,132,15,61,31,239,46,40,86,325
06/16/2001,MWH,WA,ANM,WE,Towers with Radar,15,4,20,2,41,96,4,22,1,123,111,8,42,3,164,4,2,6,170
06/17/2001,MWH,WA,ANM,WE,Towers with Radar,0,5,4,3,12,1,0,27,0,28,1,5,31,3,40,18,0,18,58
06/18/2001,MWH,WA,ANM,WE,Towers with Radar,17,7,18,37,79,67,7,20,0,94,84,14,38,37,173,26,76,102,275
06/19/2001,MWH,WA,ANM,WE,Towers with Radar,18,10,7,50,85,50,1,32,0,83,68,11,39,50,168,69,114,183,351
06/20/2001,MWH,WA,ANM,WE,Towers with Radar,39,14,44,26,123,23,10,20,0,53,62,24,64,26,176,60,70,130,306
06/21/2001,MWH,WA,ANM,WE,Towers with Radar,10,11,32,36,89,1,4,61,0,66,11,15,93,36,155,56,70,126,281
06/22/2001,MWH,WA,ANM,WE,Towers with Radar,16,11,15,24,66,19,7,40,0,66,35,18,55,24,132,9,47,56,188
06/23/2001,MWH,WA,ANM,WE,Towers with Radar,12,3,3,14,32,26,4,26,8,64,38,7,29,22,96,10,30,40,136
06/24/2001,MWH,WA,ANM,WE,Towers with Radar,8,2,14,6,30,0,4,9,0,13,8,6,23,6,43,28,0,28,71
06/25/2001,MWH,WA,ANM,WE,Towers with Radar,22,9,29,32,92,5,9,123,9,146,27,18,152,41,238,358,47,405,643
06/26/2001,MWH,WA,ANM,WE,Towers with Radar,15,7,30,44,96,2,0,102,0,104,17,7,132,44,200,414,83,497,697
06/27/2001,MWH,WA,ANM,WE,Towers with Radar,19,23,51,56,149,50,3,84,0,137,69,26,135,56,286,184,108,292,578
06/28/2001,MWH,WA,ANM,WE,Towers with Radar,27,11,35,39,112,13,6,145,30,194,40,17,180,69,306,302,60,362,668
06/29/2001,MWH,WA,ANM,WE,Towers with Radar,10,9,40,32,91,2,21,130,0,153,12,30,170,32,244,261,98,359,603
06/30/2001,MWH,WA,ANM,WE,Towers with Radar,2,4,8,31,45,74,3,51,8,136,76,7,59,39,181,10,30,40,221
07/01/2001,MWH,WA,ANM,WE,Towers with Radar,0,2,0,2,4,19,3,20,0,42,19,5,20,2,46,6,12,18,64
07/02/2001,MWH,WA,ANM,WE,Towers with Radar,8,11,32,33,84,7,46,133,0,186,15,57,165,33,270,279,106,385,655
07/03/2001,MWH,WA,ANM,WE,Towers with Radar,6,17,37,23,83,23,7,111,0,141,29,24,148,23,224,202,56,258,482
07/04/2001,MWH,WA,ANM,WE,Towers with Radar,0,8,13,16,37,1,11,30,0,42,1,19,43,16,79,24,24,48,127
07/05/2001,MWH,WA,ANM,WE,Towers with Radar,16,11,51,23,101,45,6,118,0,169,61,17,169,23,270,240,22,262,532
07/06/2001,MWH,WA,ANM,WE,Towers with Radar,15,11,37,30,93,40,6,98,0,144,55,17,135,30,237,120,38,158,395
07/07/2001,MWH,WA,ANM,WE,Towers with Radar,19,4,13,15,51,55,3,18,6,82,74,7,31,21,133,8,44,52,185
07/08/2001,MWH,WA,ANM,WE,Towers with Radar,3,3,9,10,25,5,2,13,4,24,8,5,22,14,49,28,22,50,99
07/09/2001,MWH,WA,ANM,WE,Towers with Radar,12,8,52,37,109,49,5,85,2,141,61,13,137,39,250,272,102,374,624
07/10/2001,MWH,WA,ANM,WE,Towers with Radar,7,9,78,36,130,34,3,116,0,153,41,12,194,36,283,276,48,324,607
07/11/2001,MWH,WA,ANM,WE,Towers with Radar,17,11,61,22,111,92,12,117,0,221,109,23,178,22,332,185,38,223,555
07/12/2001,MWH,WA,ANM,WE,Towers with Radar,23,14,48,62,147,13,15,122,0,150,36,29,170,62,297,142,120,262,559
07/13/2001,MWH,WA,ANM,WE,Towers with Radar,24,10,38,33,105,74,2,112,8,196,98,12,150,41,301,208,64,272,573
07/14/2001,MWH,WA,ANM,WE,Towers with Radar,13,3,0,31,47,9,12,59,5,85,22,15,59,36,132,12,96,108,240
07/15/2001,MWH,WA,ANM,WE,Towers with Radar,5,2,9,11,27,1,0,22,4,27,6,2,31,15,54,9,31,40,94
07/16/2001,MWH,WA,ANM,WE,Towers with Radar,16,9,26,13,64,10,5,104,0,119,26,14,130,13,183,186,101,287,470
07/17/2001,MWH,WA,ANM,WE,Towers with Radar,17,11,39,43,110,9,4,123,8,144,26,15,162,51,254,283,191,474,728
07/18/2001,MWH,WA,ANM,WE,Towers with Radar,24,11,61,17,113,8,0,99,0,107,32,11,160,17,220,170,86,256,476
07/19/2001,MWH,WA,ANM,WE,Towers with Radar,19,11,47,20,97,1,9,132,0,142,20,20,179,20,239,406,55,461,700
07/20/2001,MWH,WA,ANM,WE,Towers with Radar,29,10,22,29,90,11,8,83,0,102,40,18,105,29,192,297,130,427,619
07/21/2001,MWH,WA,ANM,WE,Towers with Radar,0,3,1,29,33,0,3,63,14,80,0,6,64,43,113,18,76,94,207
07/22/2001,MWH,WA,ANM,WE,Towers with Radar,10,2,12,1,25,4,5,30,0,39,14,7,42,1,64,22,0,22,86
07/23/2001,MWH,WA,ANM,WE,Towers with Radar,10,9,60,29,108,10,5,109,0,124,20,14,169,29,232,255,24,279,511
07/24/2001,MWH,WA,ANM,WE,Towers with Radar,30,11,37,25,103,11,5,79,0,95,41,16,116,25,198,210,52,262,460
07/25/2001,MWH,WA,ANM,WE,Towers with Radar,14,11,22,45,92,2,5,99,0,106,16,16,121,45,198,336,81,417,615
07/26/2001,MWH,WA,ANM,WE,Towers with Radar,12,12,29,19,72,0,0,117,0,117,12,12,146,19,189,406,32,438,627
07/27/2001,MWH,WA,ANM,WE,Towers with Radar,8,6,18,31,63,1,10,89,0,100,9,16,107,31,163,259,84,343,506
07/28/2001,MWH,WA,ANM,WE,Towers with Radar,4,8,4,38,54,22,1,23,0,46,26,9,27,38,100,4,30,34,134
07/29/2001,MWH,WA,ANM,WE,Towers with Radar,0,5,5,0,10,86,2,41,1,130,86,7,46,1,140,8,0,8,148
07/30/2001,MWH,WA,ANM,WE,Towers with Radar,4,12,24,12,52,37,5,99,0,141,41,17,123,12,193,242,10,252,445
07/31/2001,MWH,WA,ANM,WE,Towers with Radar,24,12,36,30,102,5,1,98,0,104,29,13,134,30,206,90,122,212,418
08/01/2001,MWH,WA,ANM,WE,Towers with Radar,44,10,25,18,97,0,9,75,0,84,44,19,100,18,181,39,32,71,252
08/02/2001,MWH,WA,ANM,WE,Towers with Radar,18,12,2,39,71,0,3,41,0,44,18,15,43,39,115,42,72,114,229
08/03/2001,MWH,WA,ANM,WE,Towers with Radar,13,10,15,16,54,3,6,30,0,39,16,16,45,16,93,45,20,65,158
08/04/2001,MWH,WA,ANM,WE,Towers with Radar,0,6,8,18,32,0,7,13,0,20,0,13,21,18,52,13,38,51,103
08/05/2001,MWH,WA,ANM,WE,Towers with Radar,0,4,8,5,17,0,4,17,1,22,0,8,25,6,39,10,30,40,79
08/06/2001,MWH,WA,ANM,WE,Towers with Radar,21,11,17,25,74,3,4,17,0,24,24,15,34,25,98,50,100,150,248
08/07/2001,MWH,WA,ANM,WE,Towers with Radar,16,11,12,46,85,0,9,43,30,82,16,20,55,76,167,84,22,106,273
08/08/2001,MWH,WA,ANM,WE,Towers with Radar,18,12,13,39,82,0,4,27,0,31,18,16,40,39,113,24,104,128,241
08/09/2001,MWH,WA,ANM,WE,Towers with Radar,1,12,17,43,73,3,5,18,0,26,4,17,35,43,99,28,88,116,215
08/10/2001,MWH,WA,ANM,WE,Towers with Radar,22,15,13,40,90,49,2,34,0,85,71,17,47,40,175,2,61,63,238
08/11/2001,MWH,WA,ANM,WE,Towers with Radar,6,5,5,14,30,0,5,17,2,24,6,10,22,16,54,0,14,14,68
08/12/2001,MWH,WA,ANM,WE,Towers with Radar,1,5,3,6,15,13,0,24,0,37,14,5,27,6,52,0,24,24,76
08/13/2001,MWH,WA,ANM,WE,Towers with Radar,18,12,13,29,72,23,9,29,2,63,41,21,42,31,135,22,68,90,225
08/14/2001,MWH,WA,ANM,WE,Towers with Radar,29,20,19,21,89,13,4,38,0,55,42,24,57,21,144,38,110,148,292
08/15/2001,MWH,WA,ANM,WE,Towers with Radar,23,16,2,19,60,32,0,29,0,61,55,16,31,19,121,0,48,48,169
08/16/2001,MWH,WA,ANM,WE,Towers with Radar,33,12,18,23,86,32,6,81,0,119,65,18,99,23,205,16,22,38,243
08/17/2001,MWH,WA,ANM,WE,Towers with Radar,22,13,11,19,65,25,5,44,4,78,47,18,55,23,143,22,43,65,208
08/18/2001,MWH,WA,ANM,WE,Towers with Radar,1,6,8,6,21,49,2,36,1,88,50,8,44,7,109,0,6,6,115
08/19/2001,MWH,WA,ANM,WE,Towers with Radar,9,5,6,12,32,52,0,40,0,92,61,5,46,12,124,14,32,46,170
08/20/2001,MWH,WA,ANM,WE,Towers with Radar,25,8,11,21,65,13,13,91,0,117,38,21,102,21,182,16,40,56,238
08/21/2001,MWH,WA,ANM,WE,Towers with Radar,15,14,10,41,80,13,0,30,0,43,28,14,40,41,123,8,73,81,204
08/22/2001,MWH,WA,ANM,WE,Towers with Radar,14,13,15,56,98,10,10,19,0,39,24,23,34,56,137,7,88,95,232
08/23/2001,MWH,WA,ANM,WE,Towers with Radar,16,15,18,50,99,0,5,29,0,34,16,20,47,50,133,14,135,149,282
08/24/2001,MWH,WA,ANM,WE,Towers with Radar,34,13,25,13,85,2,6,52,1,61,36,19,77,14,146,32,33,65,211
08/25/2001,MWH,WA,ANM,WE,Towers with Radar,2,9,10,8,29,0,0,48,2,50,2,9,58,10,79,46,12,58,137
08/26/2001,MWH,WA,ANM,WE,Towers with Radar,8,6,3,18,35,2,4,41,0,47,10,10,44,18,82,22,16,38,120
08/27/2001,MWH,WA,ANM,WE,Towers with Radar,15,10,9,16,50,16,4,42,0,62,31,14,51,16,112,9,28,37,149
08/28/2001,MWH,WA,ANM,WE,Towers with Radar,23,12,3,29,67,3,0,21,0,24,26,12,24,29,91,8,15,23,114
08/29/2001,MWH,WA,ANM,WE,Towers with Radar,24,12,5,25,66,1,6,32,0,39,25,18,37,25,105,24,79,103,208
08/30/2001,MWH,WA,ANM,WE,Towers with Radar,20,14,2,41,77,6,7,26,5,44,26,21,28,46,121,19,61,80,201
08/31/2001,MWH,WA,ANM,WE,Towers with Radar,13,19,14,12,58,9,2,65,7,83,22,21,79,19,141,28,0,28,169
09/01/2001,MWH,WA,ANM,WE,Towers with Radar,0,8,1,10,19,16,3,63,7,89,16,11,64,17,108,10,20,30,138
09/02/2001,MWH,WA,ANM,WE,Towers with Radar,3,4,5,7,19,0,4,28,4,36,3,8,33,11,55,10,30,40,95
09/03/2001,MWH,WA,ANM,WE,Towers with Radar,6,7,5,9,27,0,1,14,1,16,6,8,19,10,43,32,12,44,87
09/04/2001,MWH,WA,ANM,WE,Towers with Radar,12,9,16,19,56,4,1,22,0,27,16,10,38,19,83,29,63,92,175
09/05/2001,MWH,WA,ANM,WE,Towers with Radar,29,26,7,24,86,0,2,27,6,35,29,28,34,30,121,30,34,64,185
09/06/2001,MWH,WA,ANM,WE,Towers with Radar,24,21,16,23,84,28,1,25,0,54,52,22,41,23,138,11,33,44,182
09/07/2001,MWH,WA,ANM,WE,Towers with Radar,30,10,6,16,62,51,6,22,4,83,81,16,28,20,145,18,16,34,179
09/08/2001,MWH,WA,ANM,WE,Towers with Radar,5,8,13,22,48,67,9,73,0,149,72,17,86,22,197,28,14,42,239
09/09/2001,MWH,WA,ANM,WE,Towers with Radar,5,5,5,7,22,5,4,42,4,55,10,9,47,11,77,48,2,50,127
09/10/2001,MWH,WA,ANM,WE,Towers with Radar,23,12,15,39,89,36,3,43,0,82,59,15,58,39,171,21,55,76,247
09/11/2001,MWH,WA,ANM,WE,Towers with Radar,0,4,1,4,9,0,0,4,0,4,0,4,5,4,13,0,2,2,15
09/12/2001,MWH,WA,ANM,WE,Towers with Radar,0,0,0,0,0,2,3,0,0,5,2,3,0,0,5,0,0,0,5
09/13/2001,MWH,WA,ANM,WE,Towers with Radar,0,4,0,2,6,0,4,1,0,5,0,8,1,2,11,0,0,0,11
09/14/2001,MWH,WA,ANM,WE,Towers with Radar,17,13,4,2,36,0,6,9,0,15,17,19,13,2,51,0,0,0,51
09/15/2001,MWH,WA,ANM,WE,Towers with Radar,16,11,1,28,56,71,3,11,10,95,87,14,12,38,151,0,24,24,175
09/16/2001,MWH,WA,ANM,WE,Towers with Radar,0,4,59,49,112,8,1,3,4,16,8,5,62,53,128,2,70,72,200
09/17/2001,MWH,WA,ANM,WE,Towers with Radar,20,15,19,24,78,149,9,1,0,159,169,24,20,24,237,20,50,70,307
09/18/2001,MWH,WA,ANM,WE,Towers with Radar,36,19,43,14,112,119,0,9,0,128,155,19,52,14,240,10,24,34,274
09/19/2001,MWH,WA,ANM,WE,Towers with Radar,52,20,45,53,170,130,0,33,3,166,182,20,78,56,336,2,54,56,392
09/20/2001,MWH,WA,ANM,WE,Towers with Radar,74,13,72,11,170,134,4,54,0,192,208,17,126,11,362,2,30,32,394
09/21/2001,MWH,WA,ANM,WE,Towers with Radar,33,14,41,6,94,93,9,29,14,145,126,23,70,20,239,122,35,157,396
09/22/2001,MWH,WA,ANM,WE,Towers with Radar,38,9,3,8,58,162,1,33,14,210,200,10,36,22,268,24,14,38,306
09/23/2001,MWH,WA,ANM,WE,Towers with Radar,4,5,6,4,19,2,3,8,0,13,6,8,14,4,32,0,0,0,32
09/24/2001,MWH,WA,ANM,WE,Towers with Radar,15,14,18,10,57,145,6,106,0,257,160,20,124,10,314,2,289,291,605
09/25/2001,MWH,WA,ANM,WE,Towers with Radar,18,11,7,30,66,72,19,163,0,254,90,30,170,30,320,230,50,280,600
09/26/2001,MWH,WA,ANM,WE,Towers with Radar,30,13,8,6,57,100,5,146,0,251,130,18,154,6,308,186,40,226,534
09/27/2001,MWH,WA,ANM,WE,Towers with Radar,20,13,23,23,79,139,4,138,15,296,159,17,161,38,375,151,32,183,558
09/28/2001,MWH,WA,ANM,WE,Towers with Radar,32,12,30,12,86,46,8,29,10,93,78,20,59,22,179,4,16,20,199
09/29/2001,MWH,WA,ANM,WE,Towers with Radar,24,10,7,9,50,102,9,32,0,143,126,19,39,9,193,10,32,42,235
09/30/2001,MWH,WA,ANM,WE,Towers with Radar,0,5,3,33,41,1,2,19,0,22,1,7,22,33,63,8,46,54,117
10/01/2001,MWH,WA,ANM,WE,Towers with Radar,17,11,9,4,41,61,10,172,0,243,78,21,181,4,284,204,8,212,496
10/02/2001,MWH,WA,ANM,WE,Towers with Radar,18,15,35,1,69,105,1,147,0,253,123,16,182,1,322,270,4,274,596
10/03/2001,MWH,WA,ANM,WE,Towers with Radar,20,12,7,2,41,76,5,133,0,214,96,17,140,2,255,194,0,194,449
10/04/2001,MWH,WA,ANM,WE,Towers with Radar,5,12,21,14,52,14,6,96,0,116,19,18,117,14,168,154,0,154,322
10/05/2001,MWH,WA,ANM,WE,Towers with Radar,38,14,11,13,76,72,2,29,7,110,110,16,40,20,186,28,52,80,266
10/06/2001,MWH,WA,ANM,WE,Towers with Radar,5,8,1,21,35,3,3,22,10,38,8,11,23,31,73,0,50,50,123
10/07/2001,MWH,WA,ANM,WE,Towers with Radar,6,7,9,12,34,0,0,9,0,9,6,7,18,12,43,16,12,28,71
10/08/2001,MWH,WA,ANM,WE,Towers with Radar,31,15,19,3,68,95,1,61,0,157,126,16,80,3,225,89,5,94,319
10/09/2001,MWH,WA,ANM,WE,Towers with Radar,14,13,2,3,32,48,8,141,0,197,62,21,143,3,229,123,0,123,352
10/10/2001,MWH,WA,ANM,WE,Towers with Radar,21,14,22,22,79,49,0,122,0,171,70,14,144,22,250,242,30,272,522
10/11/2001,MWH,WA,ANM,WE,Towers with Radar,23,14,12,12,61,20,3,112,0,135,43,17,124,12,196,148,14,162,358
10/12/2001,MWH,WA,ANM,WE,Towers with Radar,9,11,11,17,48,1,6,5,1,13,10,17,16,18,61,12,56,68,129
10/13/2001,MWH,WA,ANM,WE,Towers with Radar,5,7,9,1,22,11,8,14,3,36,16,15,23,4,58,0,4,4,62
10/14/2001,MWH,WA,ANM,WE,Towers with Radar,5,8,0,4,17,2,1,22,2,27,7,9,22,6,44,87,2,89,133
10/15/2001,MWH,WA,ANM,WE,Towers with Radar,14,9,10,5,38,16,4,140,0,160,30,13,150,5,198,222,8,230,428
10/16/2001,MWH,WA,ANM,WE,Towers with Radar,14,16,6,8,44,0,0,168,5,173,14,16,174,13,217,352,40,392,609
10/17/2001,MWH,WA,ANM,WE,Towers with Radar,16,13,15,11,55,0,1,75,0,76,16,14,90,11,131,208,22,230,361
10/18/2001,MWH,WA,ANM,WE,Towers with Radar,13,13,13,18,57,0,6,123,4,133,13,19,136,22,190,347,40,387,577
10/19/2001,MWH,WA,ANM,WE,Towers with Radar,20,13,9,34,76,12,1,12,0,25,32,14,21,34,101,14,74,88,189
10/20/2001,MWH,WA,ANM,WE,Towers with Radar,8,6,8,5,27,6,0,27,3,36,14,6,35,8,63,49,8,57,120
10/21/2001,MWH,WA,ANM,WE,Towers with Radar,0,5,15,0,20,0,0,0,0,0,0,5,15,0,20,32,0,32,52
10/22/2001,MWH,WA,ANM,WE,Towers with Radar,12,13,15,25,65,3,0,139,4,146,15,13,154,29,211,278,67,345,556
10/23/2001,MWH,WA,ANM,WE,Towers with Radar,13,12,4,17,46,9,6,2,0,17,22,18,6,17,63,0,36,36,99
10/24/2001,MWH,WA,ANM,WE,Towers with Radar,27,15,11,29,82,40,22,129,23,214,67,37,140,52,296,314,157,471,767
10/25/2001,MWH,WA,ANM,WE,Towers with Radar,24,13,13,41,91,7,5,136,0,148,31,18,149,41,239,298,98,396,635
10/26/2001,MWH,WA,ANM,WE,Towers with Radar,15,12,8,31,66,1,1,34,0,36,16,13,42,31,102,2,95,97,199
10/27/2001,MWH,WA,ANM,WE,Towers with Radar,8,11,0,18,37,0,6,11,9,26,8,17,11,27,63,16,38,54,117
10/28/2001,MWH,WA,ANM,WE,Towers with Radar,27,4,6,19,56,6,3,21,4,34,33,7,27,23,90,16,36,52,142
10/29/2001,MWH,WA,ANM,WE,Towers with Radar,23,9,20,33,85,0,0,92,0,92,23,9,112,33,177,396,25,421,598
10/30/2001,MWH,WA,ANM,WE,Towers with Radar,15,11,31,19,76,4,0,2,0,6,19,11,33,19,82,0,44,44,126
10/31/2001,MWH,WA,ANM,WE,Towers with Radar,4,9,10,16,39,0,5,115,4,124,4,14,125,20,163,252,54,306,469
11/01/2001,MWH,WA,ANM,WE,Towers with Radar,13,21,12,52,98,10,7,126,0,143,23,28,138,52,241,354,88,442,683
11/02/2001,MWH,WA,ANM,WE,Towers with Radar,20,18,4,13,55,9,18,13,0,40,29,36,17,13,95,24,38,62,157
11/03/2001,MWH,WA,ANM,WE,Towers with Radar,18,10,1,22,51,16,1,19,11,47,34,11,20,33,98,10,42,52,150
11/04/2001,MWH,WA,ANM,WE,Towers with Radar,0,5,12,8,25,0,1,0,2,3,0,6,12,10,28,0,2,2,30
11/05/2001,MWH,WA,ANM,WE,Towers with Radar,14,15,5,30,64,9,3,87,6,105,23,18,92,36,169,309,94,403,572
11/06/2001,MWH,WA,ANM,WE,Towers with Radar,12,13,18,27,70,1,4,159,13,177,13,17,177,40,247,462,43,505,752
11/07/2001,MWH,WA,ANM,WE,Towers with Radar,10,12,16,24,62,4,0,160,5,169,14,12,176,29,231,674,114,788,1019
11/08/2001,MWH,WA,ANM,WE,Towers with Radar,20,19,7,24,70,0,7,96,3,106,20,26,103,27,176,394,38,432,608
11/09/2001,MWH,WA,ANM,WE,Towers with Radar,44,14,7,29,94,19,4,33,2,58,63,18,40,31,152,2,55,57,209
11/10/2001,MWH,WA,ANM,WE,Towers with Radar,0,9,13,9,31,0,1,27,5,33,0,10,40,14,64,34,20,54,118
11/11/2001,MWH,WA,ANM,WE,Towers with Radar,0,7,6,0,13,0,2,29,1,32,0,9,35,1,45,64,0,64,109
11/12/2001,MWH,WA,ANM,WE,Towers with Radar,4,13,15,6,38,0,2,17,2,21,4,15,32,8,59,36,58,94,153
11/13/2001,MWH,WA,ANM,WE,Towers with Radar,21,13,8,3,45,11,0,107,3,121,32,13,115,6,166,536,14,550,716
11/14/2001,MWH,WA,ANM,WE,Towers with Radar,5,18,4,2,29,3,0,14,0,17,8,18,18,2,46,58,2,60,106
11/15/2001,MWH,WA,ANM,WE,Towers with Radar,16,17,11,16,60,6,2,91,0,99,22,19,102,16,159,363,54,417,576
11/16/2001,MWH,WA,ANM,WE,Towers with Radar,32,17,10,36,95,1,0,29,5,35,33,17,39,41,130,248,24,272,402
11/17/2001,MWH,WA,ANM,WE,Towers with Radar,6,8,5,31,50,2,1,24,11,38,8,9,29,42,88,32,40,72,160
11/18/2001,MWH,WA,ANM,WE,Towers with Radar,4,5,1,0,10,0,1,9,0,10,4,6,10,0,20,0,0,0,20
11/19/2001,MWH,WA,ANM,WE,Towers with Radar,8,12,9,23,52,2,0,137,0,139,10,12,146,23,191,363,45,408,599
11/20/2001,MWH,WA,ANM,WE,Towers with Radar,22,17,17,19,75,9,0,96,0,105,31,17,113,19,180,256,45,301,481
11/21/2001,MWH,WA,ANM,WE,Towers with Radar,34,15,1,27,77,2,3,21,0,26,36,18,22,27,103,48,104,152,255
11/22/2001,MWH,WA,ANM,WE,Towers with Radar,0,7,1,10,18,0,0,1,1,2,0,7,2,11,20,0,4,4,24
11/23/2001,MWH,WA,ANM,WE,Towers with Radar,0,12,0,0,12,0,4,15,0,19,0,16,15,0,31,4,0,4,35
11/24/2001,MWH,WA,ANM,WE,Towers with Radar,0,8,0,4,12,0,1,14,2,17,0,9,14,6,29,2,21,23,52
11/25/2001,MWH,WA,ANM,WE,Towers with Radar,0,6,1,15,22,0,0,4,0,4,0,6,5,15,26,0,8,8,34
11/26/2001,MWH,WA,ANM,WE,Towers with Radar,13,13,12,6,44,1,0,0,0,1,14,13,12,6,45,5,6,11,56
11/27/2001,MWH,WA,ANM,WE,Towers with Radar,17,17,46,26,106,3,0,0,2,5,20,17,46,28,111,38,5,43,154
11/28/2001,MWH,WA,ANM,WE,Towers with Radar,6,7,2,2,17,4,17,0,0,21,10,24,2,2,38,0,0,0,38
11/29/2001,MWH,WA,ANM,WE,Towers with Radar,18,18,13,13,62,4,30,105,0,139,22,48,118,13,201,339,35,374,575
11/30/2001,MWH,WA,ANM,WE,Towers with Radar,22,15,8,10,55,3,3,42,7,55,25,18,50,17,110,170,8,178,288
12/01/2001,MWH,WA,ANM,WE,Towers with Radar,0,10,3,0,13,0,4,4,0,8,0,14,7,0,21,12,0,12,33
12/02/2001,MWH,WA,ANM,WE,Towers with Radar,0,7,16,3,26,0,3,7,1,11,0,10,23,4,37,34,2,36,73
12/03/2001,MWH,WA,ANM,WE,Towers with Radar,12,16,15,6,49,14,3,57,3,77,26,19,72,9,126,169,6,175,301
12/04/2001,MWH,WA,ANM,WE,Towers with Radar,10,10,15,26,61,0,0,98,0,98,10,10,113,26,159,398,42,440,599
12/05/2001,MWH,WA,ANM,WE,Towers with Radar,14,18,26,38,96,14,6,100,15,135,28,24,126,53,231,328,68,396,627
12/06/2001,MWH,WA,ANM,WE,Towers with Radar,15,18,12,37,82,47,3,89,1,140,62,21,101,38,222,290,141,431,653
12/07/2001,MWH,WA,ANM,WE,Towers with Radar,36,17,8,16,77,56,8,29,0,93,92,25,37,16,170,16,78,94,264
12/08/2001,MWH,WA,ANM,WE,Towers with Radar,20,9,2,0,31,14,8,0,12,34,34,17,2,12,65,0,0,0,65
12/09/2001,MWH,WA,ANM,WE,Towers with Radar,4,7,7,7,25,1,4,21,5,31,5,11,28,12,56,32,4,36,92
12/10/2001,MWH,WA,ANM,WE,Towers with Radar,3,12,2,10,27,3,0,0,0,3,6,12,2,10,30,0,10,10,40
12/11/2001,MWH,WA,ANM,WE,Towers with Radar,16,13,8,39,76,0,0,6,0,6,16,13,14,39,82,0,29,29,111
12/12/2001,MWH,WA,ANM,WE,Towers with Radar,42,16,7,25,90,0,0,0,0,0,42,16,7,25,90,0,17,17,107
12/13/2001,MWH,WA,ANM,WE,Towers with Radar,24,19,20,24,87,0,5,9,0,14,24,24,29,24,101,50,36,86,187
12/14/2001,MWH,WA,ANM,WE,Towers with Radar,7,19,3,17,46,3,1,7,6,17,10,20,10,23,63,2,28,30,93
12/15/2001,MWH,WA,ANM,WE,Towers with Radar,6,8,8,2,24,4,1,17,0,22,10,9,25,2,46,28,0,28,74
12/16/2001,MWH,WA,ANM,WE,Towers with Radar,0,6,11,0,17,0,3,7,0,10,0,9,18,0,27,26,0,26,53
12/17/2001,MWH,WA,ANM,WE,Towers with Radar,12,14,20,31,77,6,2,0,0,8,18,16,20,31,85,18,50,68,153
12/18/2001,MWH,WA,ANM,WE,Towers with Radar,29,16,19,33,97,3,2,0,0,5,32,18,19,33,102,10,56,66,168
12/19/2001,MWH,WA,ANM,WE,Towers with Radar,21,24,12,24,81,0,1,12,0,13,21,25,24,24,94,2,56,58,152
12/20/2001,MWH,WA,ANM,WE,Towers with Radar,17,20,4,45,86,0,0,9,0,9,17,20,13,45,95,0,73,73,168
12/21/2001,MWH,WA,ANM,WE,Towers with Radar,18,17,5,9,49,0,1,3,0,4,18,18,8,9,53,0,21,21,74
12/22/2001,MWH,WA,ANM,WE,Towers with Radar,0,11,12,3,26,0,0,13,0,13,0,11,25,3,39,10,0,10,49
12/23/2001,MWH,WA,ANM,WE,Towers with Radar,0,5,3,0,8,0,1,18,0,19,0,6,21,0,27,6,0,6,33
12/24/2001,MWH,WA,ANM,WE,Towers with Radar,0,13,7,0,20,0,7,10,0,17,0,20,17,0,37,0,0,0,37
12/25/2001,MWH,WA,ANM,WE,Towers with Radar,0,7,1,0,8,0,1,2,0,3,0,8,3,0,11,0,0,0,11
12/26/2001,MWH,WA,ANM,WE,Towers with Radar,0,15,11,19,45,0,4,0,0,4,0,19,11,19,49,5,64,69,118
12/27/2001,MWH,WA,ANM,WE,Towers with Radar,0,15,10,46,71,0,4,7,0,11,0,19,17,46,82,3,107,110,192
12/28/2001,MWH,WA,ANM,WE,Towers with Radar,0,17,5,33,55,0,0,0,0,0,0,17,5,33,55,2,44,46,101
12/29/2001,MWH,WA,ANM,WE,Towers with Radar,0,10,2,14,26,0,1,3,1,5,0,11,5,15,31,0,4,4,35
12/30/2001,MWH,WA,ANM,WE,Towers with Radar,0,6,9,0,15,0,0,0,0,0,0,6,9,0,15,0,0,0,15
12/31/2001,MWH,WA,ANM,WE,Towers with Radar,0,10,1,8,19,0,2,7,0,9,0,12,8,8,28,0,22,22,50
01/01/2002,MWH,WA,ANM,WE,Towers with Radar,0,4,2,0,6,0,1,3,0,4,0,5,5,0,10,4,0,4,14
01/02/2002,MWH,WA,ANM,WE,Towers with Radar,0,14,13,25,52,0,0,4,0,4,0,14,17,25,56,0,48,48,104
01/03/2002,MWH,WA,ANM,WE,Towers with Radar,6,19,11,18,54,0,1,0,0,1,6,20,11,18,55,4,8,12,67
01/04/2002,MWH,WA,ANM,WE,Towers with Radar,8,16,14,69,107,0,3,0,0,3,8,19,14,69,110,0,4,4,114
01/05/2002,MWH,WA,ANM,WE,Towers with Radar,0,9,21,4,34,0,0,1,2,3,0,9,22,6,37,0,0,0,37
01/06/2002,MWH,WA,ANM,WE,Towers with Radar,0,5,0,1,6,0,0,2,1,3,0,5,2,2,9,0,0,0,9
01/07/2002,MWH,WA,ANM,WE,Towers with Radar,4,13,12,41,70,0,3,86,16,105,4,16,98,57,175,292,104,396,571
01/08/2002,MWH,WA,ANM,WE,Towers with Radar,10,13,25,22,70,0,1,95,2,98,10,14,120,24,168,342,116,458,626
01/09/2002,MWH,WA,ANM,WE,Towers with Radar,20,18,18,25,81,10,0,100,0,110,30,18,118,25,191,331,144,475,666
01/10/2002,MWH,WA,ANM,WE,Towers with Radar,17,20,16,43,96,0,0,96,0,96,17,20,112,43,192,285,63,348,540
01/11/2002,MWH,WA,ANM,WE,Towers with Radar,14,17,26,64,121,0,2,3,8,13,14,19,29,72,134,18,170,188,322
01/12/2002,MWH,WA,ANM,WE,Towers with Radar,0,10,4,22,36,0,1,9,10,20,0,11,13,32,56,14,34,48,104
01/13/2002,MWH,WA,ANM,WE,Towers with Radar,5,5,7,6,23,12,0,35,2,49,17,5,42,8,72,24,4,28,100
01/14/2002,MWH,WA,ANM,WE,Towers with Radar,23,13,24,10,70,9,1,110,0,120,32,14,134,10,190,366,115,481,671
01/15/2002,MWH,WA,ANM,WE,Towers with Radar,34,16,23,8,81,8,2,131,0,141,42,18,154,8,222,478,14,492,714
01/16/2002,MWH,WA,ANM,WE,Towers with Radar,7,15,52,58,132,0,0,3,0,3,7,15,55,58,135,92,36,128,263
01/17/2002,MWH,WA,ANM,WE,Towers with Radar,23,11,36,51,121,1,7,130,10,148,24,18,166,61,269,406,101,507,776
01/18/2002,MWH,WA,ANM,WE,Towers with Radar,24,16,22,46,108,7,4,15,0,26,31,20,37,46,134,8,94,102,236
01/19/2002,MWH,WA,ANM,WE,Towers with Radar,0,9,12,6,27,0,4,1,12,17,0,13,13,18,44,0,20,20,64
01/20/2002,MWH,WA,ANM,WE,Towers with Radar,0,5,4,0,9,0,0,4,0,4,0,5,8,0,13,0,0,0,13
01/21/2002,MWH,WA,ANM,WE,Towers with Radar,12,14,6,2,34,0,2,9,0,11,12,16,15,2,45,52,12,64,109
01/22/2002,MWH,WA,ANM,WE,Towers with Radar,13,11,42,32,98,4,2,84,0,90,17,13,126,32,188,405,125,530,718
01/23/2002,MWH,WA,ANM,WE,Towers with Radar,12,13,17,21,63,14,4,81,0,99,26,17,98,21,162,236,138,374,536
01/24/2002,MWH,WA,ANM,WE,Towers with Radar,17,25,19,23,84,31,1,66,0,98,48,26,85,23,182,64,180,244,426
01/25/2002,MWH,WA,ANM,WE,Towers with Radar,2,13,5,28,48,0,7,6,11,24,2,20,11,39,72,1,153,154,226
01/26/2002,MWH,WA,ANM,WE,Towers with Radar,8,11,10,1,30,37,3,17,1,58,45,14,27,2,88,26,4,30,118
01/27/2002,MWH,WA,ANM,WE,Towers with Radar,0,6,9,5,20,0,1,10,6,17,0,7,19,11,37,2,26,28,65
01/28/2002,MWH,WA,ANM,WE,Towers with Radar,13,14,22,35,84,111,0,90,0,201,124,14,112,35,285,263,127,390,675
01/29/2002,MWH,WA,ANM,WE,Towers with Radar,13,13,19,28,73,54,0,102,0,156,67,13,121,28,229,194,102,296,525
01/30/2002,MWH,WA,ANM,WE,Towers with Radar,18,16,17,44,95,28,3,112,2,145,46,19,129,46,240,300,70,370,610
01/31/2002,MWH,WA,ANM,WE,Towers with Radar,24,16,30,53,123,4,2,55,0,61,28,18,85,53,184,168,204,372,556
02/01/2002,MWH,WA,ANM,WE,Towers with Radar,1,18,8,22,49,2,2,8,11,23,3,20,16,33,72,4,52,56,128
02/02/2002,MWH,WA,ANM,WE,Towers with Radar,2,15,12,14,43,82,1,18,9,110,84,16,30,23,153,11,22,33,186
02/03/2002,MWH,WA,ANM,WE,Towers with Radar,0,6,8,0,14,0,1,6,0,7,0,7,14,0,21,4,0,4,25
02/04/2002,MWH,WA,ANM,WE,Towers with Radar,13,6,21,41,81,3,0,1,0,4,16,6,22,41,85,8,16,24,109
02/05/2002,MWH,WA,ANM,WE,Towers with Radar,12,9,10,4,35,22,3,0,0,25,34,12,10,4,60,4,11,15,75
02/06/2002,MWH,WA,ANM,WE,Towers with Radar,37,16,54,47,154,25,0,7,0,32,62,16,61,47,186,58,45,103,289
02/07/2002,MWH,WA,ANM,WE,Towers with Radar,76,15,36,20,147,68,2,86,0,156,144,17,122,20,303,246,92,338,641
02/08/2002,MWH,WA,ANM,WE,Towers with Radar,43,11,7,44,105,73,9,19,7,108,116,20,26,51,213,14,126,140,353
02/09/2002,MWH,WA,ANM,WE,Towers with Radar,5,8,20,25,58,83,2,36,0,121,88,10,56,25,179,44,22,66,245
02/10/2002,MWH,WA,ANM,WE,Towers with Radar,0,5,2,9,16,0,0,25,6,31,0,5,27,15,47,68,16,84,131
02/11/2002,MWH,WA,ANM,WE,Towers with Radar,29,12,20,16,77,84,1,142,0,227,113,13,162,16,304,336,68,404,708
02/12/2002,MWH,WA,ANM,WE,Towers with Radar,21,12,36,20,89,99,3,142,0,244,120,15,178,20,333,317,12,329,662
02/13/2002,MWH,WA,ANM,WE,Towers with Radar,2,13,21,20,56,21,5,151,13,190,23,18,172,33,246,446,59,505,751
02/14/2002,MWH,WA,ANM,WE,Towers with Radar,19,14,37,34,104,75,3,120,14,212,94,17,157,48,316,484,52,536,852
02/15/2002,MWH,WA,ANM,WE,Towers with Radar,16,17,15,3,51,42,4,26,0,72,58,21,41,3,123,61,8,69,192
02/16/2002,MWH,WA,ANM,WE,Towers with Radar,1,7,3,0,11,54,2,31,0,87,55,9,34,0,98,124,0,124,222
02/17/2002,MWH,WA,ANM,WE,Towers with Radar,4,6,10,0,20,28,2,7,0,37,32,8,17,0,57,14,0,14,71
02/18/2002,MWH,WA,ANM,WE,Towers with Radar,6,13,12,10,41,6,0,120,0,126,12,13,132,10,167,345,14,359,526
02/19/2002,MWH,WA,ANM,WE,Towers with Radar,24,16,16,31,87,29,4,92,0,125,53,20,108,31,212,167,64,231,443
02/20/2002,MWH,WA,ANM,WE,Towers with Radar,37,12,19,46,114,59,3,124,5,191,96,15,143,51,305,281,87,368,673
02/21/2002,MWH,WA,ANM,WE,Towers with Radar,33,18,47,24,122,13,0,60,0,73,46,18,107,24,195,236,76,312,507
02/22/2002,MWH,WA,ANM,WE,Towers with Radar,12,10,3,36,61,16,8,20,12,56,28,18,23,48,117,18,190,208,325
02/23/2002,MWH,WA,ANM,WE,Towers with Radar,9,7,14,10,40,7,3,16,2,28,16,10,30,12,68,2,32,34,102
02/24/2002,MWH,WA,ANM,WE,Towers with Radar,2,7,1,0,10,15,3,5,0,23,17,10,6,0,33,2,0,2,35
02/25/2002,MWH,WA,ANM,WE,Towers with Radar,14,13,22,31,80,0,0,134,3,137,14,13,156,34,217,384,84,468,685
02/26/2002,MWH,WA,ANM,WE,Towers with Radar,24,15,24,34,97,11,0,138,2,151,35,15,162,36,248,111,292,403,651
02/27/2002,MWH,WA,ANM,WE,Towers with Radar,43,13,40,43,139,2,0,121,7,130,45,13,161,50,269,184,77,261,530
02/28/2002,MWH,WA,ANM,WE,Towers with Radar,15,11,8,28,62,0,3,70,13,86,15,14,78,41,148,144,151,295,443
03/01/2002,MWH,WA,ANM,WE,Towers with Radar,7,13,13,23,56,3,0,61,13,77,10,13,74,36,133,54,24,78,211
03/02/2002,MWH,WA,ANM,WE,Towers with Radar,0,9,8,9,26,2,6,25,4,37,2,15,33,13,63,102,8,110,173
03/03/2002,MWH,WA,ANM,WE,Towers with Radar,0,3,10,0,13,0,1,23,5,29,0,4,33,5,42,44,0,44,86
03/04/2002,MWH,WA,ANM,WE,Towers with Radar,20,8,2,41,71,1,6,105,0,112,21,14,107,41,183,124,82,206,389
03/05/2002,MWH,WA,ANM,WE,Towers with Radar,29,15,10,20,74,4,0,6,3,13,33,15,16,23,87,18,26,44,131
03/06/2002,MWH,WA,ANM,WE,Towers with Radar,1,18,10,21,50,3,0,3,0,6,4,18,13,21,56,0,38,38,94
03/07/2002,MWH,WA,ANM,WE,Towers with Radar,17,16,22,24,79,0,0,124,0,124,17,16,146,24,203,340,32,372,575
03/08/2002,MWH,WA,ANM,WE,Towers with Radar,11,8,34,38,91,5,2,0,0,7,16,10,34,38,98,21,42,63,161
03/09/2002,MWH,WA,ANM,WE,Towers with Radar,3,9,14,13,39,2,2,5,9,18,5,11,19,22,57,36,24,60,117
03/10/2002,MWH,WA,ANM,WE,Towers with Radar,0,7,24,4,35,0,4,0,0,4,0,11,24,4,39,9,2,11,50
03/11/2002,MWH,WA,ANM,WE,Towers with Radar,3,14,7,24,48,7,4,13,0,24,10,18,20,24,72,27,42,69,141
03/12/2002,MWH,WA,ANM,WE,Towers with Radar,26,9,64,41,140,60,3,44,0,107,86,12,108,41,247,319,146,465,712
03/13/2002,MWH,WA,ANM,WE,Towers with Radar,17,12,41,36,106,32,5,94,8,139,49,17,135,44,245,220,74,294,539
03/14/2002,MWH,WA,ANM,WE,Towers with Radar,23,10,11,45,89,37,4,117,4,162,60,14,128,49,251,244,106,350,601
03/15/2002,MWH,WA,ANM,WE,Towers with Radar,36,10,13,64,123,106,2,4,1,113,142,12,17,65,236,40,174,214,450
03/16/2002,MWH,WA,ANM,WE,Towers with Radar,14,7,1,15,37,38,3,11,12,64,52,10,12,27,101,6,37,43,144
03/17/2002,MWH,WA,ANM,WE,Towers with Radar,0,5,4,0,9,0,0,10,0,10,0,5,14,0,19,18,0,18,37
03/18/2002,MWH,WA,ANM,WE,Towers with Radar,27,14,29,45,115,57,0,37,0,94,84,14,66,45,209,200,80,280,489
03/19/2002,MWH,WA,ANM,WE,Towers with Radar,18,11,6,35,70,37,9,22,3,71,55,20,28,38,141,66,105,171,312
03/20/2002,MWH,WA,ANM,WE,Towers with Radar,38,12,4,33,87,75,0,11,9,95,113,12,15,42,182,12,76,88,270
03/21/2002,MWH,WA,ANM,WE,Towers with Radar,42,11,9,22,84,55,2,26,5,88,97,13,35,27,172,72,80,152,324
03/22/2002,MWH,WA,ANM,WE,Towers with Radar,27,13,15,5,60,109,6,31,1,147,136,19,46,6,207,110,22,132,339
03/23/2002,MWH,WA,ANM,WE,Towers with Radar,18,7,8,16,49,38,4,29,11,82,56,11,37,27,131,56,20,76,207
03/24/2002,MWH,WA,ANM,WE,Towers with Radar,4,12,3,11,30,0,4,10,3,17,4,16,13,14,47,40,0,40,87
03/25/2002,MWH,WA,ANM,WE,Towers with Radar,21,16,16,18,71,54,2,15,0,71,75,18,31,18,142,84,42,126,268
03/26/2002,MWH,WA,ANM,WE,Towers with Radar,11,9,15,43,78,26,0,10,0,36,37,9,25,43,114,46,109,155,269
03/27/2002,MWH,WA,ANM,WE,Towers with Radar,8,10,5,42,65,86,9,11,7,113,94,19,16,49,178,24,139,163,341
03/28/2002,MWH,WA,ANM,WE,Towers with Radar,21,17,22,72,132,42,0,8,0,50,63,17,30,72,182,16,92,108,290
03/29/2002,MWH,WA,ANM,WE,Towers with Radar,0,7,6,0,13,0,0,0,0,0,0,7,6,0,13,0,0,0,13
03/30/2002,MWH,WA,ANM,WE,Towers with Radar,3,5,3,4,15,43,5,17,5,70,46,10,20,9,85,10,16,26,111
03/31/2002,MWH,WA,ANM,WE,Towers with Radar,0,7,2,0,9,50,10,43,49,152,50,17,45,49,161,46,112,158,319
04/01/2002,MWH,WA,ANM,WE,Towers with Radar,19,10,33,37,99,75,3,103,5,186,94,13,136,42,285,209,75,284,569
04/02/2002,MWH,WA,ANM,WE,Towers with Radar,22,11,7,26,66,28,2,143,0,173,50,13,150,26,239,402,70,472,711
04/03/2002,MWH,WA,ANM,WE,Towers with Radar,12,10,42,35,99,51,4,103,0,158,63,14,145,35,257,331,70,401,658
04/04/2002,MWH,WA,ANM,WE,Towers with Radar,21,11,31,13,76,101,6,150,0,257,122,17,181,13,333,382,38,420,753
04/05/2002,MWH,WA,ANM,WE,Towers with Radar,11,13,8,28,60,1,5,29,12,47,12,18,37,40,107,32,88,120,227
04/06/2002,MWH,WA,ANM,WE,Towers with Radar,8,9,6,13,36,32,4,1,0,37,40,13,7,13,73,2,22,24,97
04/07/2002,MWH,WA,ANM,WE,Towers with Radar,0,5,12,10,27,0,1,2,1,4,0,6,14,11,31,16,18,34,65
04/08/2002,MWH,WA,ANM,WE,Towers with Radar,9,6,12,12,39,62,10,68,0,140,71,16,80,12,179,222,28,250,429
04/09/2002,MWH,WA,ANM,WE,Towers with Radar,12,14,38,38,102,6,1,106,0,113,18,15,144,38,215,321,119,440,655
04/10/2002,MWH,WA,ANM,WE,Towers with Radar,24,12,42,32,110,7,2,70,3,82,31,14,112,35,192,152,115,267,459
04/11/2002,MWH,WA,ANM,WE,Towers with Radar,20,10,38,48,116,0,8,102,4,114,20,18,140,52,230,319,122,441,671
04/12/2002,MWH,WA,ANM,WE,Towers with Radar,9,10,13,28,60,5,2,39,14,60,14,12,52,42,120,53,90,143,263
04/13/2002,MWH,WA,ANM,WE,Towers with Radar,0,9,4,6,19,0,2,8,1,11,0,11,12,7,30,0,3,3,33
04/14/2002,MWH,WA,ANM,WE,Towers with Radar,0,4,4,0,8,0,3,1,0,4,0,7,5,0,12,0,0,0,12
04/15/2002,MWH,WA,ANM,WE,Towers with Radar,6,14,27,44,91,11,5,66,0,82,17,19,93,44,173,55,178,233,406
04/16/2002,MWH,WA,ANM,WE,Towers with Radar,24,17,33,46,120,30,0,50,38,118,54,17,83,84,238,290,275,565,803
04/17/2002,MWH,WA,ANM,WE,Towers with Radar,11,10,23,42,86,7,2,87,12,108,18,12,110,54,194,311,191,502,696
04/18/2002,MWH,WA,ANM,WE,Towers with Radar,37,10,28,15,90,55,12,134,6,207,92,22,162,21,297,375,82,457,754
04/19/2002,MWH,WA,ANM,WE,Towers with Radar,15,11,5,38,69,36,7,61,17,121,51,18,66,55,190,136,114,250,440
04/20/2002,MWH,WA,ANM,WE,Towers with Radar,0,9,8,7,24,0,2,40,0,42,0,11,48,7,66,18,12,30,96
04/21/2002,MWH,WA,ANM,WE,Towers with Radar,4,4,5,2,15,0,0,31,0,31,4,4,36,2,46,4,0,4,50
04/22/2002,MWH,WA,ANM,WE,Towers with Radar,8,12,19,33,72,5,0,52,0,57,13,12,71,33,129,58,48,106,235
04/23/2002,MWH,WA,ANM,WE,Towers with Radar,15,11,19,23,68,12,0,77,1,90,27,11,96,24,158,131,63,194,352
04/24/2002,MWH,WA,ANM,WE,Towers with Radar,21,5,15,17,58,0,5,146,0,151,21,10,161,17,209,301,27,328,537
04/25/2002,MWH,WA,ANM,WE,Towers with Radar,12,12,11,26,61,1,4,144,3,152,13,16,155,29,213,304,50,354,567
04/26/2002,MWH,WA,ANM,WE,Towers with Radar,21,15,2,51,89,22,3,72,13,110,43,18,74,64,199,117,41,158,357
04/27/2002,MWH,WA,ANM,WE,Towers with Radar,6,9,11,2,28,6,2,4,3,15,12,11,15,5,43,10,6,16,59
04/28/2002,MWH,WA,ANM,WE,Towers with Radar,6,6,11,2,25,2,1,16,0,19,8,7,27,2,44,8,0,8,52
04/29/2002,MWH,WA,ANM,WE,Towers with Radar,21,14,27,30,92,12,0,165,0,177,33,14,192,30,269,362,55,417,686
04/30/2002,MWH,WA,ANM,WE,Towers with Radar,20,10,26,39,95,28,3,108,0,139,48,13,134,39,234,325,100,425,659
05/01/2002,MWH,WA,ANM,WE,Towers with Radar,19,12,59,3,93,8,3,79,0,90,27,15,138,3,183,310,22,332,515
05/02/2002,MWH,WA,ANM,WE,Towers with Radar,9,12,25,68,114,21,7,82,0,110,30,19,107,68,224,109,206,315,539
05/03/2002,MWH,WA,ANM,WE,Towers with Radar,46,11,11,38,106,24,6,16,5,51,70,17,27,43,157,10,90,100,257
05/04/2002,MWH,WA,ANM,WE,Towers with Radar,8,9,2,16,35,0,2,24,15,41,8,11,26,31,76,0,102,102,178
05/05/2002,MWH,WA,ANM,WE,Towers with Radar,0,4,4,1,9,4,6,2,9,21,4,10,6,10,30,0,18,18,48
05/06/2002,MWH,WA,ANM,WE,Towers with Radar,11,9,35,32,87,0,9,35,3,47,11,18,70,35,134,88,74,162,296
05/07/2002,MWH,WA,ANM,WE,Towers with Radar,12,12,32,57,113,0,2,64,0,66,12,14,96,57,179,234,96,330,509
05/08/2002,MWH,WA,ANM,WE,Towers with Radar,16,13,35,37,101,20,6,141,6,173,36,19,176,43,274,282,76,358,632
05/09/2002,MWH,WA,ANM,WE,Towers with Radar,26,9,44,54,133,0,1,108,26,135,26,10,152,80,268,302,149,451,719
05/10/2002,MWH,WA,ANM,WE,Towers with Radar,19,7,3,30,59,37,10,40,1,88,56,17,43,31,147,16,51,67,214
05/11/2002,MWH,WA,ANM,WE,Towers with Radar,3,11,2,11,27,1,0,33,0,34,4,11,35,11,61,9,48,57,118
05/12/2002,MWH,WA,ANM,WE,Towers with Radar,9,6,0,0,15,1,3,24,0,28,10,9,24,0,43,16,0,16,59
05/13/2002,MWH,WA,ANM,WE,Towers with Radar,14,11,33,12,70,0,0,62,10,72,14,11,95,22,142,196,45,241,383
05/14/2002,MWH,WA,ANM,WE,Towers with Radar,20,10,47,49,126,0,0,77,23,100,20,10,124,72,226,202,182,384,610
05/15/2002,MWH,WA,ANM,WE,Towers with Radar,6,12,29,15,62,0,1,103,0,104,6,13,132,15,166,291,35,326,492
05/16/2002,MWH,WA,ANM,WE,Towers with Radar,10,12,42,30,94,8,1,173,23,205,18,13,215,53,299,374,97,471,770
05/17/2002,MWH,WA,ANM,WE,Towers with Radar,21,11,14,14,60,17,6,33,4,60,38,17,47,18,120,120,36,156,276
05/18/2002,MWH,WA,ANM,WE,Towers with Radar,0,5,12,5,22,0,6,16,0,22,0,11,28,5,44,0,78,78,122
05/19/2002,MWH,WA,ANM,WE,Towers with Radar,0,5,1,6,12,0,2,21,0,23,0,7,22,6,35,6,68,74,109
05/20/2002,MWH,WA,ANM,WE,Towers with Radar,3,12,44,31,90,2,0,40,0,42,5,12,84,31,132,204,55,259,391
05/21/2002,MWH,WA,ANM,WE,Towers with Radar,21,12,51,53,137,8,0,59,35,102,29,12,110,88,239,196,122,318,557
05/22/2002,MWH,WA,ANM,WE,Towers with Radar,9,8,42,18,77,16,4,85,0,105,25,12,127,18,182,279,34,313,495
05/23/2002,MWH,WA,ANM,WE,Towers with Radar,14,10,20,27,71,3,5,154,7,169,17,15,174,34,240,282,96,378,618
05/24/2002,MWH,WA,ANM,WE,Towers with Radar,12,15,15,4,46,6,7,46,0,59,18,22,61,4,105,45,4,49,154
05/25/2002,MWH,WA,ANM,WE,Towers with Radar,0,10,2,6,18,0,3,39,0,42,0,13,41,6,60,12,0,12,72
05/26/2002,MWH,WA,ANM,WE,Towers with Radar,0,12,7,2,21,0,0,34,0,34,0,12,41,2,55,6,0,6,61
05/27/2002,MWH,WA,ANM,WE,Towers with Radar,0,4,12,0,16,0,2,23,0,25,0,6,35,0,41,60,0,60,101
05/28/2002,MWH,WA,ANM,WE,Towers with Radar,14,13,57,43,127,4,6,54,9,73,18,19,111,52,200,166,135,301,501
05/29/2002,MWH,WA,ANM,WE,Towers with Radar,8,10,57,27,102,6,9,109,0,124,14,19,166,27,226,232,39,271,497
05/30/2002,MWH,WA,ANM,WE,Towers with Radar,8,12,37,38,95,10,12,0,8,30,18,24,37,46,125,328,173,501,626
05/31/2002,MWH,WA,ANM,WE,Towers with Radar,12,8,30,23,73,2,9,37,0,48,14,17,67,23,121,34,70,104,225
06/01/2002,MWH,WA,ANM,WE,Towers with Radar,0,9,3,14,26,0,2,38,6,46,0,11,41,20,72,18,74,92,164
06/02/2002,MWH,WA,ANM,WE,Towers with Radar,0,5,4,2,11,0,1,12,2,15,0,6,16,4,26,28,6,34,60
06/03/2002,MWH,WA,ANM,WE,Towers with Radar,14,10,26,28,78,7,4,105,0,116,21,14,131,28,194,252,72,324,518
06/04/2002,MWH,WA,ANM,WE,Towers with Radar,16,22,31,45,114,6,0,93,278,377,22,22,124,323,491,270,83,353,844
06/05/2002,MWH,WA,ANM,WE,Towers with Radar,4,10,11,30,55,7,6,34,4,51,11,16,45,34,106,84,75,159,265
06/06/2002,MWH,WA,ANM,WE,Towers with Radar,32,9,37,56,134,10,6,105,28,149,42,15,142,84,283,134,136,270,553
06/07/2002,MWH,WA,ANM,WE,Towers with Radar,51,19,20,32,122,11,6,35,0,52,62,25,55,32,174,34,124,158,332
06/08/2002,MWH,WA,ANM,WE,Towers with Radar,14,15,3,3,35,1,5,6,0,12,15,20,9,3,47,59,10,69,116
06/09/2002,MWH,WA,ANM,WE,Towers with Radar,17,3,4,3,27,13,0,9,0,22,30,3,13,3,49,0,2,2,51
06/10/2002,MWH,WA,ANM,WE,Towers with Radar,10,11,52,28,101,0,20,95,0,115,10,31,147,28,216,218,78,296,512
06/11/2002,MWH,WA,ANM,WE,Towers with Radar,4,10,99,28,141,0,2,118,0,120,4,12,217,28,261,302,66,368,629
06/12/2002,MWH,WA,ANM,WE,Towers with Radar,27,9,28,35,99,39,9,92,0,140,66,18,120,35,239,128,38,166,405
06/13/2002,MWH,WA,ANM,WE,Towers with Radar,10,7,9,49,75,0,5,0,4,9,10,12,9,53,84,102,164,266,350
06/14/2002,MWH,WA,ANM,WE,Towers with Radar,9,13,5,33,60,3,7,52,2,64,12,20,57,35,124,30,142,172,296
06/15/2002,MWH,WA,ANM,WE,Towers with Radar,13,6,19,1,39,13,4,17,4,38,26,10,36,5,77,82,14,96,173
06/16/2002,MWH,WA,ANM,WE,Towers with Radar,9,5,5,0,19,5,3,18,0,26,14,8,23,0,45,24,0,24,69
06/17/2002,MWH,WA,ANM,WE,Towers with Radar,5,11,9,30,55,1,1,13,0,15,6,12,22,30,70,58,128,186,256
06/18/2002,MWH,WA,ANM,WE,Towers with Radar,20,14,11,74,119,2,1,13,6,22,22,15,24,80,141,10,135,145,286
06/19/2002,MWH,WA,ANM,WE,Towers with Radar,10,12,30,33,85,0,3,9,25,37,10,15,39,58,122,72,184,256,378
06/20/2002,MWH,WA,ANM,WE,Towers with Radar,13,11,16,41,81,1,3,27,0,31,14,14,43,41,112,46,153,199,311
06/21/2002,MWH,WA,ANM,WE,Towers with Radar,4,12,1,44,61,0,9,37,7,53,4,21,38,51,114,97,117,214,328
06/22/2002,MWH,WA,ANM,WE,Towers with Radar,8,11,9,10,38,28,5,27,0,60,36,16,36,10,98,42,46,88,186
06/23/2002,MWH,WA,ANM,WE,Towers with Radar,5,6,5,0,16,30,1,10,0,41,35,7,15,0,57,32,0,32,89
06/24/2002,MWH,WA,ANM,WE,Towers with Radar,16,11,36,0,63,7,4,96,0,107,23,15,132,0,170,378,0,378,548
06/25/2002,MWH,WA,ANM,WE,Towers with Radar,2,10,40,32,84,0,4,108,5,117,2,14,148,37,201,280,111,391,592
06/26/2002,MWH,WA,ANM,WE,Towers with Radar,15,11,54,31,111,10,2,95,15,122,25,13,149,46,233,168,139,307,540
06/27/2002,MWH,WA,ANM,WE,Towers with Radar,6,8,62,48,124,1,3,98,2,104,7,11,160,50,228,108,211,319,547
06/28/2002,MWH,WA,ANM,WE,Towers with Radar,23,13,46,41,123,1,0,97,0,98,24,13,143,41,221,370,59,429,650
06/29/2002,MWH,WA,ANM,WE,Towers with Radar,6,9,55,4,74,0,3,19,3,25,6,12,74,7,99,47,40,87,186
06/30/2002,MWH,WA,ANM,WE,Towers with Radar,1,3,21,0,25,0,4,27,0,31,1,7,48,0,56,14,0,14,70
07/01/2002,MWH,WA,ANM,WE,Towers with Radar,14,10,82,32,138,47,3,120,0,170,61,13,202,32,308,38,112,150,458
07/02/2002,MWH,WA,ANM,WE,Towers with Radar,17,11,40,33,101,52,7,163,0,222,69,18,203,33,323,466,52,518,841
07/03/2002,MWH,WA,ANM,WE,Towers with Radar,21,13,53,34,121,25,15,134,0,174,46,28,187,34,295,373,50,423,718
07/04/2002,MWH,WA,ANM,WE,Towers with Radar,0,5,0,17,22,0,4,21,3,28,0,9,21,20,50,36,58,94,144
07/05/2002,MWH,WA,ANM,WE,Towers with Radar,0,7,36,0,43,62,6,63,0,131,62,13,99,0,174,162,0,162,336
07/06/2002,MWH,WA,ANM,WE,Towers with Radar,21,19,4,0,44,101,5,35,0,141,122,24,39,0,185,14,0,14,199
07/07/2002,MWH,WA,ANM,WE,Towers with Radar,0,5,2,0,7,0,2,22,0,24,0,7,24,0,31,16,0,16,47
07/08/2002,MWH,WA,ANM,WE,Towers with Radar,27,8,41,28,104,128,9,64,0,201,155,17,105,28,305,168,84,252,557
07/09/2002,MWH,WA,ANM,WE,Towers with Radar,1,12,51,52,116,1,3,104,0,108,2,15,155,52,224,444,114,558,782
07/10/2002,MWH,WA,ANM,WE,Towers with Radar,17,10,34,35,96,67,4,101,0,172,84,14,135,35,268,196,43,239,507
07/11/2002,MWH,WA,ANM,WE,Towers with Radar,24,10,31,24,89,59,2,101,5,167,83,12,132,29,256,232,151,383,639
07/12/2002,MWH,WA,ANM,WE,Towers with Radar,18,11,31,25,85,63,1,63,3,130,81,12,94,28,215,159,92,251,466
07/13/2002,MWH,WA,ANM,WE,Towers with Radar,10,8,1,14,33,159,8,25,1,193,169,16,26,15,226,36,40,76,302
07/14/2002,MWH,WA,ANM,WE,Towers with Radar,3,3,1,9,16,9,4,15,2,30,12,7,16,11,46,0,19,19,65
07/15/2002,MWH,WA,ANM,WE,Towers with Radar,22,19,39,25,105,172,0,124,0,296,194,19,163,25,401,340,48,388,789
07/16/2002,MWH,WA,ANM,WE,Towers with Radar,33,11,37,16,97,41,6,126,0,173,74,17,163,16,270,214,92,306,576
07/17/2002,MWH,WA,ANM,WE,Towers with Radar,43,10,27,26,106,86,3,91,0,180,129,13,118,26,286,110,52,162,448
07/18/2002,MWH,WA,ANM,WE,Towers with Radar,47,14,36,32,129,55,7,166,0,228,102,21,202,32,357,284,95,379,736
07/19/2002,MWH,WA,ANM,WE,Towers with Radar,12,13,27,23,75,74,8,103,0,185,86,21,130,23,260,130,60,190,450
07/20/2002,MWH,WA,ANM,WE,Towers with Radar,22,9,4,11,46,118,4,23,3,148,140,13,27,14,194,20,74,94,288
07/21/2002,MWH,WA,ANM,WE,Towers with Radar,4,4,6,0,14,0,2,30,0,32,4,6,36,0,46,25,0,25,71
07/22/2002,MWH,WA,ANM,WE,Towers with Radar,56,14,45,17,132,50,2,75,0,127,106,16,120,17,259,165,51,216,475
07/23/2002,MWH,WA,ANM,WE,Towers with Radar,29,11,29,25,94,96,4,108,0,208,125,15,137,25,302,235,13,248,550
07/24/2002,MWH,WA,ANM,WE,Towers with Radar,21,11,46,14,92,27,6,106,0,139,48,17,152,14,231,204,34,238,469
07/25/2002,MWH,WA,ANM,WE,Towers with Radar,14,13,49,21,97,80,10,83,4,177,94,23,132,25,274,186,121,307,581
07/26/2002,MWH,WA,ANM,WE,Towers with Radar,10,13,31,26,80,14,12,77,4,107,24,25,108,30,187,140,62,202,389
07/27/2002,MWH,WA,ANM,WE,Towers with Radar,14,7,3,2,26,40,5,0,40,85,54,12,3,42,111,46,24,70,181
07/28/2002,MWH,WA,ANM,WE,Towers with Radar,0,8,1,0,9,1,3,12,0,16,1,11,13,0,25,0,0,0,25
07/29/2002,MWH,WA,ANM,WE,Towers with Radar,12,9,24,11,56,10,3,46,0,59,22,12,70,11,115,112,68,180,295
07/30/2002,MWH,WA,ANM,WE,Towers with Radar,18,10,45,14,87,0,2,61,0,63,18,12,106,14,150,174,58,232,382
07/31/2002,MWH,WA,ANM,WE,Towers with Radar,17,12,41,32,102,24,4,52,0,80,41,16,93,32,182,110,64,174,356
08/01/2002,MWH,WA,ANM,WE,Towers with Radar,6,10,4,28,48,4,10,49,0,63,10,20,53,28,111,100,157,257,368
08/02/2002,MWH,WA,ANM,WE,Towers with Radar,15,11,6,15,47,5,7,28,6,46,20,18,34,21,93,8,12,20,113
08/03/2002,MWH,WA,ANM,WE,Towers with Radar,0,9,2,4,15,1,1,31,1,34,1,10,33,5,49,71,51,122,171
08/04/2002,MWH,WA,ANM,WE,Towers with Radar,0,5,2,0,7,0,2,19,0,21,0,7,21,0,28,20,0,20,48
08/05/2002,MWH,WA,ANM,WE,Towers with Radar,22,13,9,45,89,37,1,15,21,74,59,14,24,66,163,2,120,122,285
08/06/2002,MWH,WA,ANM,WE,Towers with Radar,5,13,12,29,59,0,0,27,12,39,5,13,39,41,98,35,61,96,194
08/07/2002,MWH,WA,ANM,WE,Towers with Radar,7,16,26,26,75,2,0,12,0,14,9,16,38,26,89,38,58,96,185
08/08/2002,MWH,WA,ANM,WE,Towers with Radar,4,12,17,16,49,4,5,25,5,39,8,17,42,21,88,18,129,147,235
08/09/2002,MWH,WA,ANM,WE,Towers with Radar,13,10,4,15,42,0,3,34,2,39,13,13,38,17,81,42,18,60,141
08/10/2002,MWH,WA,ANM,WE,Towers with Radar,0,6,6,2,14,0,5,40,5,50,0,11,46,7,64,28,6,34,98
08/11/2002,MWH,WA,ANM,WE,Towers with Radar,0,7,2,0,9,20,1,25,2,48,20,8,27,2,57,6,0,6,63
08/12/2002,MWH,WA,ANM,WE,Towers with Radar,6,12,13,20,51,20,5,32,0,57,26,17,45,20,108,26,78,104,212
08/13/2002,MWH,WA,ANM,WE,Towers with Radar,50,13,21,16,100,27,1,29,17,74,77,14,50,33,174,24,42,66,240
08/14/2002,MWH,WA,ANM,WE,Towers with Radar,14,12,9,21,56,1,10,53,9,73,15,22,62,30,129,32,52,84,213
08/15/2002,MWH,WA,ANM,WE,Towers with Radar,21,11,5,28,65,17,13,39,1,70,38,24,44,29,135,10,155,165,300
08/16/2002,MWH,WA,ANM,WE,Towers with Radar,20,11,2,9,42,6,21,53,1,81,26,32,55,10,123,20,27,47,170
08/17/2002,MWH,WA,ANM,WE,Towers with Radar,1,9,2,4,16,5,3,40,0,48,6,12,42,4,64,36,24,60,124
08/18/2002,MWH,WA,ANM,WE,Towers with Radar,7,4,8,0,19,4,4,53,0,61,11,8,61,0,80,24,0,24,104
08/19/2002,MWH,WA,ANM,WE,Towers with Radar,15,7,6,26,54,33,10,26,2,71,48,17,32,28,125,66,34,100,225
08/20/2002,MWH,WA,ANM,WE,Towers with Radar,34,13,11,19,77,2,0,33,0,35,36,13,44,19,112,28,102,130,242
08/21/2002,MWH,WA,ANM,WE,Towers with Radar,33,14,12,49,108,9,1,23,0,33,42,15,35,49,141,18,59,77,218
08/22/2002,MWH,WA,ANM,WE,Towers with Radar,13,10,8,15,46,21,8,44,0,73,34,18,52,15,119,21,14,35,154
08/23/2002,MWH,WA,ANM,WE,Towers with Radar,7,11,8,19,45,0,4,52,3,59,7,15,60,22,104,58,108,166,270
08/24/2002,MWH,WA,ANM,WE,Towers with Radar,7,6,4,2,19,3,5,24,0,32,10,11,28,2,51,6,0,6,57
08/25/2002,MWH,WA,ANM,WE,Towers with Radar,0,6,4,11,21,0,4,15,0,19,0,10,19,11,40,10,8,18,58
08/26/2002,MWH,WA,ANM,WE,Towers with Radar,9,13,7,15,44,7,18,31,5,61,16,31,38,20,105,36,30,66,171
08/27/2002,MWH,WA,ANM,WE,Towers with Radar,0,12,8,40,60,2,4,27,0,33,2,16,35,40,93,32,53,85,178
08/28/2002,MWH,WA,ANM,WE,Towers with Radar,4,12,14,15,45,0,6,33,8,47,4,18,47,23,92,0,88,88,180
08/29/2002,MWH,WA,ANM,WE,Towers with Radar,37,12,9,26,84,2,0,35,0,37,39,12,44,26,121,20,96,116,237
08/30/2002,MWH,WA,ANM,WE,Towers with Radar,12,10,7,2,31,16,19,39,0,74,28,29,46,2,105,0,3,3,108
08/31/2002,MWH,WA,ANM,WE,Towers with Radar,6,5,3,0,14,0,5,27,0,32,6,10,30,0,46,0,0,0,46
09/01/2002,MWH,WA,ANM,WE,Towers with Radar,0,9,3,0,12,3,1,11,0,15,3,10,14,0,27,2,0,2,29
09/02/2002,MWH,WA,ANM,WE,Towers with Radar,1,4,2,0,7,0,0,25,0,25,1,4,27,0,32,34,0,34,66
09/03/2002,MWH,WA,ANM,WE,Towers with Radar,17,12,0,23,52,3,5,27,0,35,20,17,27,23,87,22,75,97,184
09/04/2002,MWH,WA,ANM,WE,Towers with Radar,39,11,4,46,100,3,4,41,0,48,42,15,45,46,148,32,63,95,243
09/05/2002,MWH,WA,ANM,WE,Towers with Radar,12,10,1,48,71,17,8,31,18,74,29,18,32,66,145,14,59,73,218
09/06/2002,MWH,WA,ANM,WE,Towers with Radar,13,10,9,23,55,12,2,31,0,45,25,12,40,23,100,14,54,68,168
09/07/2002,MWH,WA,ANM,WE,Towers with Radar,0,9,4,16,29,0,1,28,4,33,0,10,32,20,62,14,32,46,108
09/08/2002,MWH,WA,ANM,WE,Towers with Radar,0,4,3,4,11,0,0,10,0,10,0,4,13,4,21,2,19,21,42
09/09/2002,MWH,WA,ANM,WE,Towers with Radar,7,12,4,12,35,5,2,33,0,40,12,14,37,12,75,30,46,76,151
09/10/2002,MWH,WA,ANM,WE,Towers with Radar,40,13,19,26,98,17,11,25,1,54,57,24,44,27,152,18,52,70,222
09/11/2002,MWH,WA,ANM,WE,Towers with Radar,4,8,4,14,30,0,3,17,15,35,4,11,21,29,65,8,17,25,90
09/12/2002,MWH,WA,ANM,WE,Towers with Radar,0,10,8,16,34,0,4,32,0,36,0,14,40,16,70,54,32,86,156
09/13/2002,MWH,WA,ANM,WE,Towers with Radar,11,11,14,15,51,6,10,57,4,77,17,21,71,19,128,2,22,24,152
09/14/2002,MWH,WA,ANM,WE,Towers with Radar,3,11,2,14,30,1,1,34,7,43,4,12,36,21,73,6,36,42,115
09/15/2002,MWH,WA,ANM,WE,Towers with Radar,6,6,0,0,12,8,0,28,0,36,14,6,28,0,48,116,0,116,164
09/16/2002,MWH,WA,ANM,WE,Towers with Radar,5,12,3,40,60,0,4,21,0,25,5,16,24,40,85,0,108,108,193
09/17/2002,MWH,WA,ANM,WE,Towers with Radar,25,10,3,17,55,7,7,86,5,105,32,17,89,22,160,38,45,83,243
09/18/2002,MWH,WA,ANM,WE,Towers with Radar,23,16,5,21,65,1,9,81,6,97,24,25,86,27,162,46,73,119,281
09/19/2002,MWH,WA,ANM,WE,Towers with Radar,4,14,16,30,64,2,13,93,5,113,6,27,109,35,177,60,112,172,349
09/20/2002,MWH,WA,ANM,WE,Towers with Radar,3,10,8,21,42,1,2,57,1,61,4,12,65,22,103,38,27,65,168
09/21/2002,MWH,WA,ANM,WE,Towers with Radar,8,10,1,14,33,2,0,39,0,41,10,10,40,14,74,0,58,58,132
09/22/2002,MWH,WA,ANM,WE,Towers with Radar,0,6,4,2,12,0,3,23,2,28,0,9,27,4,40,14,2,16,56
09/23/2002,MWH,WA,ANM,WE,Towers with Radar,41,9,12,19,81,0,9,141,0,150,41,18,153,19,231,247,114,361,592
09/24/2002,MWH,WA,ANM,WE,Towers with Radar,2,12,25,5,44,0,2,154,15,171,2,14,179,20,215,233,21,254,469
09/25/2002,MWH,WA,ANM,WE,Towers with Radar,8,9,2,11,30,2,5,123,3,133,10,14,125,14,163,228,41,269,432
09/26/2002,MWH,WA,ANM,WE,Towers with Radar,21,13,24,28,86,34,7,122,2,165,55,20,146,30,251,278,94,372,623
09/27/2002,MWH,WA,ANM,WE,Towers with Radar,15,11,4,17,47,54,6,43,0,103,69,17,47,17,150,78,64,142,292
09/28/2002,MWH,WA,ANM,WE,Towers with Radar,8,7,1,1,17,40,3,31,0,74,48,10,32,1,91,14,6,20,111
09/29/2002,MWH,WA,ANM,WE,Towers with Radar,0,5,0,10,15,0,7,4,0,11,0,12,4,10,26,6,42,48,74
09/30/2002,MWH,WA,ANM,WE,Towers with Radar,16,9,16,30,71,74,8,125,13,220,90,17,141,43,291,228,94,322,613
10/01/2002,MWH,WA,ANM,WE,Towers with Radar,9,14,9,13,45,46,4,134,34,218,55,18,143,47,263,304,100,404,667
10/02/2002,MWH,WA,ANM,WE,Towers with Radar,29,12,5,50,96,80,3,134,0,217,109,15,139,50,313,261,88,349,662
10/03/2002,MWH,WA,ANM,WE,Towers with Radar,18,14,14,46,92,33,1,106,18,158,51,15,120,64,250,352,74,426,676
10/04/2002,MWH,WA,ANM,WE,Towers with Radar,21,16,8,33,78,29,2,8,11,50,50,18,16,44,128,0,60,60,188
10/05/2002,MWH,WA,ANM,WE,Towers with Radar,10,8,4,8,30,104,1,12,3,120,114,9,16,11,150,8,55,63,213
10/06/2002,MWH,WA,ANM,WE,Towers with Radar,27,7,0,13,47,11,1,15,9,36,38,8,15,22,83,4,25,29,112
10/07/2002,MWH,WA,ANM,WE,Towers with Radar,25,11,5,55,96,129,4,113,0,246,154,15,118,55,342,292,74,366,708
10/08/2002,MWH,WA,ANM,WE,Towers with Radar,28,10,6,31,75,94,4,167,11,276,122,14,173,42,351,352,124,476,827
10/09/2002,MWH,WA,ANM,WE,Towers with Radar,14,13,13,32,72,68,10,165,6,249,82,23,178,38,321,408,63,471,792
10/10/2002,MWH,WA,ANM,WE,Towers with Radar,51,12,14,43,120,91,3,77,0,171,142,15,91,43,291,198,114,312,603
10/11/2002,MWH,WA,ANM,WE,Towers with Radar,22,8,5,23,58,34,6,39,1,80,56,14,44,24,138,72,58,130,268
10/12/2002,MWH,WA,ANM,WE,Towers with Radar,15,8,7,7,37,123,5,27,0,155,138,13,34,7,192,6,35,41,233
10/13/2002,MWH,WA,ANM,WE,Towers with Radar,2,1,3,0,6,0,7,29,0,36,2,8,32,0,42,12,0,12,54
10/14/2002,MWH,WA,ANM,WE,Towers with Radar,24,10,19,0,53,107,1,131,0,239,131,11,150,0,292,374,0,374,666
10/15/2002,MWH,WA,ANM,WE,Towers with Radar,44,10,28,23,105,106,1,145,11,263,150,11,173,34,368,306,72,378,746
10/16/2002,MWH,WA,ANM,WE,Towers with Radar,55,13,17,33,118,94,0,143,0,237,149,13,160,33,355,420,42,462,817
10/17/2002,MWH,WA,ANM,WE,Towers with Radar,11,12,19,42,84,0,6,124,12,142,11,18,143,54,226,288,132,420,646
10/18/2002,MWH,WA,ANM,WE,Towers with Radar,37,12,4,23,76,122,5,55,0,182,159,17,59,23,258,134,42,176,434
10/19/2002,MWH,WA,ANM,WE,Towers with Radar,19,8,4,17,48,81,2,21,13,117,100,10,25,30,165,4,61,65,230
10/20/2002,MWH,WA,ANM,WE,Towers with Radar,8,6,7,22,43,4,1,14,14,33,12,7,21,36,76,6,38,44,120
10/21/2002,MWH,WA,ANM,WE,Towers with Radar,33,14,13,14,74,5,5,107,0,117,38,19,120,14,191,248,48,296,487
10/22/2002,MWH,WA,ANM,WE,Towers with Radar,20,10,19,39,88,59,9,85,9,162,79,19,104,48,250,298,133,431,681
10/23/2002,MWH,WA,ANM,WE,Towers with Radar,43,8,24,41,116,80,9,109,0,198,123,17,133,41,314,286,50,336,650
10/24/2002,MWH,WA,ANM,WE,Towers with Radar,10,11,15,30,66,28,3,122,16,169,38,14,137,46,235,412,74,486,721
10/25/2002,MWH,WA,ANM,WE,Towers with Radar,18,10,4,37,69,67,2,37,11,117,85,12,41,48,186,119,90,209,395
10/26/2002,MWH,WA,ANM,WE,Towers with Radar,11,5,6,5,27,75,5,23,0,103,86,10,29,5,130,28,8,36,166
10/27/2002,MWH,WA,ANM,WE,Towers with Radar,6,6,21,0,33,0,2,1,0,3,6,8,22,0,36,16,0,16,52
10/28/2002,MWH,WA,ANM,WE,Towers with Radar,32,12,22,2,68,25,4,154,0,183,57,16,176,2,251,488,2,490,741
10/29/2002,MWH,WA,ANM,WE,Towers with Radar,8,10,5,41,64,0,1,24,0,25,8,11,29,41,89,20,160,180,269
10/30/2002,MWH,WA,ANM,WE,Towers with Radar,24,11,10,34,79,6,6,108,41,161,30,17,118,75,240,385,123,508,748
10/31/2002,MWH,WA,ANM,WE,Towers with Radar,31,10,21,43,105,10,7,139,21,177,41,17,160,64,282,355,138,493,775
11/01/2002,MWH,WA,ANM,WE,Towers with Radar,3,10,2,28,43,1,6,46,0,53,4,16,48,28,96,62,100,162,258
11/02/2002,MWH,WA,ANM,WE,Towers with Radar,5,8,0,20,33,1,1,19,0,21,6,9,19,20,54,17,76,93,147
11/03/2002,MWH,WA,ANM,WE,Towers with Radar,0,7,4,16,27,0,5,25,13,43,0,12,29,29,70,6,112,118,188
11/04/2002,MWH,WA,ANM,WE,Towers with Radar,11,9,34,16,70,1,5,144,0,150,12,14,178,16,220,500,30,530,750
11/05/2002,MWH,WA,ANM,WE,Towers with Radar,38,4,10,12,64,0,6,120,0,126,38,10,130,12,190,482,142,624,814
11/06/2002,MWH,WA,ANM,WE,Towers with Radar,24,9,10,20,63,3,3,102,10,118,27,12,112,30,181,434,62,496,677
11/07/2002,MWH,WA,ANM,WE,Towers with Radar,0,12,31,43,86,0,7,127,8,142,0,19,158,51,228,294,100,394,622
11/08/2002,MWH,WA,ANM,WE,Towers with Radar,9,6,11,24,50,3,4,32,4,43,12,10,43,28,93,68,88,156,249
11/09/2002,MWH,WA,ANM,WE,Towers with Radar,4,7,9,11,31,4,3,17,0,24,8,10,26,11,55,28,40,68,123
11/10/2002,MWH,WA,ANM,WE,Towers with Radar,0,6,0,0,6,0,0,12,0,12,0,6,12,0,18,8,0,8,26
11/11/2002,MWH,WA,ANM,WE,Towers with Radar,8,12,21,0,41,0,8,16,1,25,8,20,37,1,66,40,0,40,106
11/12/2002,MWH,WA,ANM,WE,Towers with Radar,26,9,21,9,65,0,0,92,0,92,26,9,113,9,157,364,70,434,591
11/13/2002,MWH,WA,ANM,WE,Towers with Radar,16,10,19,31,76,26,0,154,5,185,42,10,173,36,261,498,214,712,973
11/14/2002,MWH,WA,ANM,WE,Towers with Radar,18,9,6,31,64,7,2,94,2,105,25,11,100,33,169,346,88,434,603
11/15/2002,MWH,WA,ANM,WE,Towers with Radar,37,11,12,11,71,0,0,49,11,60,37,11,61,22,131,42,80,122,253
11/16/2002,MWH,WA,ANM,WE,Towers with Radar,3,11,0,12,26,4,0,23,14,41,7,11,23,26,67,28,68,96,163
11/17/2002,MWH,WA,ANM,WE,Towers with Radar,0,7,4,11,22,0,1,14,0,15,0,8,18,11,37,16,32,48,85
11/18/2002,MWH,WA,ANM,WE,Towers with Radar,6,10,8,31,55,1,4,22,72,99,7,14,30,103,154,104,354,458,612
11/19/2002,MWH,WA,ANM,WE,Towers with Radar,22,10,16,14,62,10,0,117,20,147,32,10,133,34,209,216,155,371,580
11/20/2002,MWH,WA,ANM,WE,Towers with Radar,4,19,56,37,116,0,3,40,2,45,4,22,96,39,161,190,36,226,387
11/21/2002,MWH,WA,ANM,WE,Towers with Radar,2,11,14,26,53,0,5,125,2,132,2,16,139,28,185,444,96,540,725
11/22/2002,MWH,WA,ANM,WE,Towers with Radar,4,9,5,20,38,0,0,0,18,18,4,9,5,38,56,0,92,92,148
11/23/2002,MWH,WA,ANM,WE,Towers with Radar,11,5,7,23,46,3,3,21,0,27,14,8,28,23,73,18,70,88,161
11/24/2002,MWH,WA,ANM,WE,Towers with Radar,6,6,10,1,23,0,0,28,1,29,6,6,38,2,52,40,0,40,92
11/25/2002,MWH,WA,ANM,WE,Towers with Radar,7,10,17,20,54,3,1,113,0,117,10,11,130,20,171,258,30,288,459
11/26/2002,MWH,WA,ANM,WE,Towers with Radar,4,9,20,35,68,0,4,100,2,106,4,13,120,37,174,286,108,394,568
11/27/2002,MWH,WA,ANM,WE,Towers with Radar,5,10,4,42,61,3,4,21,0,28,8,14,25,42,89,20,150,170,259
11/28/2002,MWH,WA,ANM,WE,Towers with Radar,0,6,6,12,24,0,1,3,10,14,0,7,9,22,38,0,58,58,96
11/29/2002,MWH,WA,ANM,WE,Towers with Radar,0,9,14,0,23,0,0,0,0,0,0,9,14,0,23,6,0,6,29
11/30/2002,MWH,WA,ANM,WE,Towers with Radar,0,1,9,0,10,0,0,6,0,6,0,1,15,0,16,0,0,0,16
12/01/2002,MWH,WA,ANM,WE,Towers with Radar,0,6,8,0,14,0,0,4,0,4,0,6,12,0,18,0,0,0,18
12/02/2002,MWH,WA,ANM,WE,Towers with Radar,4,8,1,2,15,0,4,33,4,41,4,12,34,6,56,224,12,236,292
12/03/2002,MWH,WA,ANM,WE,Towers with Radar,22,16,15,54,107,0,2,8,0,10,22,18,23,54,117,58,36,94,211
12/04/2002,MWH,WA,ANM,WE,Towers with Radar,14,18,0,14,46,0,0,21,0,21,14,18,21,14,67,84,46,130,197
12/05/2002,MWH,WA,ANM,WE,Towers with Radar,11,15,20,1,47,0,1,62,4,67,11,16,82,5,114,307,1,308,422
12/06/2002,MWH,WA,ANM,WE,Towers with Radar,4,14,13,16,47,0,2,0,0,2,4,16,13,16,49,2,2,4,53
12/07/2002,MWH,WA,ANM,WE,Towers with Radar,0,10,4,19,33,0,2,0,1,3,0,12,4,20,36,4,8,12,48
12/08/2002,MWH,WA,ANM,WE,Towers with Radar,0,5,10,2,17,0,1,0,14,15,0,6,10,16,32,2,18,20,52
12/09/2002,MWH,WA,ANM,WE,Towers with Radar,2,13,23,26,64,0,3,13,0,16,2,16,36,26,80,115,88,203,283
12/10/2002,MWH,WA,ANM,WE,Towers with Radar,4,21,23,27,75,0,1,17,0,18,4,22,40,27,93,56,18,74,167
12/11/2002,MWH,WA,ANM,WE,Towers with Radar,8,12,4,52,76,1,8,20,0,29,9,20,24,52,105,40,142,182,287
12/12/2002,MWH,WA,ANM,WE,Towers with Radar,2,14,3,20,39,0,0,2,0,2,2,14,5,20,41,0,26,26,67
12/13/2002,MWH,WA,ANM,WE,Towers with Radar,0,14,24,59,97,0,2,11,0,13,0,16,35,59,110,13,72,85,195
12/14/2002,MWH,WA,ANM,WE,Towers with Radar,15,9,1,12,37,0,0,8,1,9,15,9,9,13,46,4,48,52,98
12/15/2002,MWH,WA,ANM,WE,Towers with Radar,0,4,5,8,17,0,1,5,0,6,0,5,10,8,23,0,16,16,39
12/16/2002,MWH,WA,ANM,WE,Towers with Radar,0,12,3,35,50,0,2,5,26,33,0,14,8,61,83,12,92,104,187
12/17/2002,MWH,WA,ANM,WE,Towers with Radar,24,12,12,46,94,8,1,16,2,27,32,13,28,48,121,18,142,160,281
12/18/2002,MWH,WA,ANM,WE,Towers with Radar,18,15,7,31,71,0,0,3,0,3,18,15,10,31,74,1,6,7,81
12/19/2002,MWH,WA,ANM,WE,Towers with Radar,6,13,17,36,72,0,2,8,2,12,6,15,25,38,84,8,52,60,144
12/20/2002,MWH,WA,ANM,WE,Towers with Radar,6,10,7,17,40,17,11,6,5,39,23,21,13,22,79,2,36,38,117
12/21/2002,MWH,WA,ANM,WE,Towers with Radar,0,8,12,2,22,0,0,16,2,18,0,8,28,4,40,30,38,68,108
12/22/2002,MWH,WA,ANM,WE,Towers with Radar,6,7,7,0,20,30,0,31,0,61,36,7,38,0,81,2,2,4,85
12/23/2002,MWH,WA,ANM,WE,Towers with Radar,12,13,2,40,67,34,10,18,14,76,46,23,20,54,143,6,129,135,278
12/24/2002,MWH,WA,ANM,WE,Towers with Radar,0,17,14,0,31,0,2,0,10,12,0,19,14,10,43,0,0,0,43
12/25/2002,MWH,WA,ANM,WE,Towers with Radar,0,8,0,0,8,0,0,0,0,0,0,8,0,0,8,0,0,0,8
12/26/2002,MWH,WA,ANM,WE,Towers with Radar,0,12,11,13,36,0,1,20,1,22,0,13,31,14,58,22,26,48,106
12/27/2002,MWH,WA,ANM,WE,Towers with Radar,0,15,2,28,45,0,1,0,9,10,0,16,2,37,55,0,72,72,127
12/28/2002,MWH,WA,ANM,WE,Towers with Radar,0,11,0,16,27,0,0,4,4,8,0,11,4,20,35,2,40,42,77
12/29/2002,MWH,WA,ANM,WE,Towers with Radar,0,5,12,7,24,0,0,23,5,28,0,5,35,12,52,7,0,7,59
12/30/2002,MWH,WA,ANM,WE,Towers with Radar,0,21,4,29,54,0,0,0,0,0,0,21,4,29,54,0,0,0,54
12/31/2002,MWH,WA,ANM,WE,Towers with Radar,0,17,10,18,45,0,3,12,0,15,0,20,22,18,60,0,78,78,138
01/01/2003,MWH,WA,ANM,WE,Towers with Radar,0,3,1,0,4,0,2,1,0,3,0,5,2,0,7,0,0,0,7
01/02/2003,MWH,WA,ANM,WE,Towers with Radar,0,15,12,16,43,0,1,8,3,12,0,16,20,19,55,18,30,48,103
01/03/2003,MWH,WA,ANM,WE,Towers with Radar,3,12,10,61,86,3,2,23,9,37,6,14,33,70,123,32,122,154,277
01/04/2003,MWH,WA,ANM,WE,Towers with Radar,0,9,3,24,36,0,0,0,6,6,0,9,3,30,42,0,93,93,135
01/05/2003,MWH,WA,ANM,WE,Towers with Radar,0,6,5,3,14,0,0,2,26,28,0,6,7,29,42,0,3,3,45
01/06/2003,MWH,WA,ANM,WE,Towers with Radar,9,14,4,51,78,7,10,70,0,87,16,24,74,51,165,162,142,304,469
01/07/2003,MWH,WA,ANM,WE,Towers with Radar,4,22,7,26,59,0,4,0,0,4,4,26,7,26,63,2,20,22,85
01/08/2003,MWH,WA,ANM,WE,Towers with Radar,13,18,9,31,71,5,26,5,14,50,18,44,14,45,121,2,28,30,151
01/09/2003,MWH,WA,ANM,WE,Towers with Radar,4,18,38,36,96,4,0,113,14,131,8,18,151,50,227,272,102,374,601
01/10/2003,MWH,WA,ANM,WE,Towers with Radar,3,11,8,41,63,3,0,29,9,41,6,11,37,50,104,76,138,214,318
01/11/2003,MWH,WA,ANM,WE,Towers with Radar,9,11,6,8,34,10,0,12,13,35,19,11,18,21,69,30,20,50,119
01/12/2003,MWH,WA,ANM,WE,Towers with Radar,0,8,0,2,10,0,0,2,3,5,0,8,2,5,15,0,4,4,19
01/13/2003,MWH,WA,ANM,WE,Towers with Radar,18,19,15,32,84,0,3,24,0,27,18,22,39,32,111,298,2,300,411
01/14/2003,MWH,WA,ANM,WE,Towers with Radar,27,15,56,26,124,0,0,20,0,20,27,15,76,26,144,188,67,255,399
01/15/2003,MWH,WA,ANM,WE,Towers with Radar,14,13,17,26,70,4,0,0,0,4,18,13,17,26,74,2,22,24,98
01/16/2003,MWH,WA,ANM,WE,Towers with Radar,27,13,45,12,97,0,11,39,0,50,27,24,84,12,147,290,40,330,477
01/17/2003,MWH,WA,ANM,WE,Towers with Radar,8,10,3,1,22,2,2,0,0,4,10,12,3,1,26,14,2,16,42
01/18/2003,MWH,WA,ANM,WE,Towers with Radar,10,12,13,23,58,51,4,3,0,58,61,16,16,23,116,2,16,18,134
01/19/2003,MWH,WA,ANM,WE,Towers with Radar,0,6,7,2,15,0,0,1,0,1,0,6,8,2,16,2,0,2,18
01/20/2003,MWH,WA,ANM,WE,Towers with Radar,3,13,6,0,22,1,0,3,0,4,4,13,9,0,26,24,0,24,50
01/21/2003,MWH,WA,ANM,WE,Towers with Radar,0,12,0,38,50,0,0,3,12,15,0,12,3,50,65,0,6,6,71
01/22/2003,MWH,WA,ANM,WE,Towers with Radar,0,11,0,4,15,0,7,0,0,7,0,18,0,4,22,0,18,18,40
01/23/2003,MWH,WA,ANM,WE,Towers with Radar,12,10,14,24,60,54,0,113,9,176,66,10,127,33,236,252,44,296,532
01/24/2003,MWH,WA,ANM,WE,Towers with Radar,47,15,4,40,106,0,0,19,0,19,47,15,23,40,125,36,108,144,269
01/25/2003,MWH,WA,ANM,WE,Towers with Radar,0,6,2,1,9,0,0,0,3,3,0,6,2,4,12,0,22,22,34
01/26/2003,MWH,WA,ANM,WE,Towers with Radar,0,6,11,0,17,78,0,3,0,81,78,6,14,0,98,12,0,12,110
01/27/2003,MWH,WA,ANM,WE,Towers with Radar,10,9,10,30,59,67,1,96,20,184,77,10,106,50,243,275,110,385,628
01/28/2003,MWH,WA,ANM,WE,Towers with Radar,21,8,32,34,95,63,3,101,10,177,84,11,133,44,272,335,117,452,724
01/29/2003,MWH,WA,ANM,WE,Towers with Radar,23,11,13,25,72,33,0,35,0,68,56,11,48,25,140,38,23,61,201
01/30/2003,MWH,WA,ANM,WE,Towers with Radar,10,15,22,33,80,0,0,19,0,19,10,15,41,33,99,22,28,50,149
01/31/2003,MWH,WA,ANM,WE,Towers with Radar,50,21,11,15,97,32,0,4,3,39,82,21,15,18,136,0,38,38,174
02/01/2003,MWH,WA,ANM,WE,Towers with Radar,41,5,7,10,63,114,2,34,0,150,155,7,41,10,213,28,62,90,303
02/02/2003,MWH,WA,ANM,WE,Towers with Radar,0,7,17,23,47,0,0,30,6,36,0,7,47,29,83,40,26,66,149
02/03/2003,MWH,WA,ANM,WE,Towers with Radar,15,14,26,31,86,81,4,115,0,200,96,18,141,31,286,236,86,322,608
02/04/2003,MWH,WA,ANM,WE,Towers with Radar,33,9,34,38,114,98,6,89,7,200,131,15,123,45,314,230,74,304,618
02/05/2003,MWH,WA,ANM,WE,Towers with Radar,1,16,25,12,54,34,7,112,12,165,35,23,137,24,219,232,42,274,493
02/06/2003,MWH,WA,ANM,WE,Towers with Radar,12,11,59,18,100,16,2,86,0,104,28,13,145,18,204,281,60,341,545
02/07/2003,MWH,WA,ANM,WE,Towers with Radar,8,10,5,17,40,51,2,26,1,80,59,12,31,18,120,45,46,91,211
02/08/2003,MWH,WA,ANM,WE,Towers with Radar,8,9,15,44,76,34,0,29,0,63,42,9,44,44,139,30,122,152,291
02/09/2003,MWH,WA,ANM,WE,Towers with Radar,0,6,2,13,21,0,0,23,6,29,0,6,25,19,50,18,28,46,96
02/10/2003,MWH,WA,ANM,WE,Towers with Radar,25,9,21,23,78,41,3,33,9,86,66,12,54,32,164,168,84,252,416
02/11/2003,MWH,WA,ANM,WE,Towers with Radar,15,14,10,9,48,48,3,113,22,186,63,17,123,31,234,216,42,258,492
02/12/2003,MWH,WA,ANM,WE,Towers with Radar,24,14,26,0,64,17,4,125,20,166,41,18,151,20,230,204,1,205,435
02/13/2003,MWH,WA,ANM,WE,Towers with Radar,14,10,7,12,43,33,6,102,8,149,47,16,109,20,192,302,76,378,570
02/14/2003,MWH,WA,ANM,WE,Towers with Radar,17,14,10,6,47,11,0,0,4,15,28,14,10,10,62,24,0,24,86
02/15/2003,MWH,WA,ANM,WE,Towers with Radar,12,9,11,5,37,38,0,15,7,60,50,9,26,12,97,10,18,28,125
02/16/2003,MWH,WA,ANM,WE,Towers with Radar,0,6,3,0,9,0,3,0,2,5,0,9,3,2,14,0,0,0,14
02/17/2003,MWH,WA,ANM,WE,Towers with Radar,9,13,16,0,38,4,2,47,0,53,13,15,63,0,91,156,0,156,247
02/18/2003,MWH,WA,ANM,WE,Towers with Radar,19,15,26,6,66,59,4,56,0,119,78,19,82,6,185,388,6,394,579
02/19/2003,MWH,WA,ANM,WE,Towers with Radar,18,15,11,12,56,52,3,120,13,188,70,18,131,25,244,256,24,280,524
02/20/2003,MWH,WA,ANM,WE,Towers with Radar,6,11,12,20,49,18,0,59,5,82,24,11,71,25,131,188,55,243,374
02/21/2003,MWH,WA,ANM,WE,Towers with Radar,5,10,8,7,30,77,2,24,0,103,82,12,32,7,133,0,38,38,171
02/22/2003,MWH,WA,ANM,WE,Towers with Radar,0,8,12,8,28,0,1,16,0,17,0,9,28,8,45,24,18,42,87
02/23/2003,MWH,WA,ANM,WE,Towers with Radar,0,8,3,24,35,2,0,10,0,12,2,8,13,24,47,20,60,80,127
02/24/2003,MWH,WA,ANM,WE,Towers with Radar,28,10,28,26,92,56,5,82,0,143,84,15,110,26,235,214,56,270,505
02/25/2003,MWH,WA,ANM,WE,Towers with Radar,16,15,26,29,86,74,3,145,0,222,90,18,171,29,308,227,35,262,570
02/26/2003,MWH,WA,ANM,WE,Towers with Radar,18,14,24,17,73,56,8,104,0,168,74,22,128,17,241,264,40,304,545
02/27/2003,MWH,WA,ANM,WE,Towers with Radar,23,12,50,9,94,79,2,85,4,170,102,14,135,13,264,192,30,222,486
02/28/2003,MWH,WA,ANM,WE,Towers with Radar,18,13,17,15,63,76,0,28,8,112,94,13,45,23,175,70,38,108,283
03/01/2003,MWH,WA,ANM,WE,Towers with Radar,1,5,8,23,37,71,4,19,16,110,72,9,27,39,147,20,52,72,219
03/02/2003,MWH,WA,ANM,WE,Towers with Radar,2,6,2,23,33,12,2,16,7,37,14,8,18,30,70,26,42,68,138
03/03/2003,MWH,WA,ANM,WE,Towers with Radar,23,13,50,7,93,89,6,48,0,143,112,19,98,7,236,98,17,115,351
03/04/2003,MWH,WA,ANM,WE,Towers with Radar,14,14,22,18,68,48,9,102,18,177,62,23,124,36,245,164,55,219,464
03/05/2003,MWH,WA,ANM,WE,Towers with Radar,2,9,10,8,29,0,6,0,0,6,2,15,10,8,35,4,30,34,69
03/06/2003,MWH,WA,ANM,WE,Towers with Radar,8,7,11,8,34,7,7,16,0,30,15,14,27,8,64,84,24,108,172
03/07/2003,MWH,WA,ANM,WE,Towers with Radar,21,13,4,8,46,118,0,12,0,130,139,13,16,8,176,11,43,54,230
03/08/2003,MWH,WA,ANM,WE,Towers with Radar,11,7,1,0,19,95,3,20,0,118,106,10,21,0,137,12,0,12,149
03/09/2003,MWH,WA,ANM,WE,Towers with Radar,2,7,0,2,11,0,1,7,0,8,2,8,7,2,19,0,0,0,19
03/10/2003,MWH,WA,ANM,WE,Towers with Radar,16,14,39,2,71,46,0,64,1,111,62,14,103,3,182,150,2,152,334
03/11/2003,MWH,WA,ANM,WE,Towers with Radar,24,14,7,24,69,57,5,102,4,168,81,19,109,28,237,168,43,211,448
03/12/2003,MWH,WA,ANM,WE,Towers with Radar,14,13,37,32,96,54,2,104,19,179,68,15,141,51,275,214,145,359,634
03/13/2003,MWH,WA,ANM,WE,Towers with Radar,11,12,53,7,83,28,0,104,4,136,39,12,157,11,219,350,16,366,585
03/14/2003,MWH,WA,ANM,WE,Towers with Radar,10,16,24,3,53,27,2,33,0,62,37,18,57,3,115,40,22,62,177
03/15/2003,MWH,WA,ANM,WE,Towers with Radar,20,14,31,21,86,30,0,17,7,54,50,14,48,28,140,36,74,110,250
03/16/2003,MWH,WA,ANM,WE,Towers with Radar,11,7,16,12,46,12,2,30,1,45,23,9,46,13,91,44,48,92,183
03/17/2003,MWH,WA,ANM,WE,Towers with Radar,8,14,31,23,76,0,1,87,5,93,8,15,118,28,169,146,78,224,393
03/18/2003,MWH,WA,ANM,WE,Towers with Radar,8,11,36,20,75,1,4,81,9,95,9,15,117,29,170,178,68,246,416
03/19/2003,MWH,WA,ANM,WE,Towers with Radar,8,14,16,12,50,6,5,66,9,86,14,19,82,21,136,62,46,108,244
03/20/2003,MWH,WA,ANM,WE,Towers with Radar,2,8,0,0,10,0,6,40,0,46,2,14,40,0,56,56,2,58,114
03/21/2003,MWH,WA,ANM,WE,Towers with Radar,8,12,16,13,49,0,5,8,3,16,8,17,24,16,65,34,70,104,169
03/22/2003,MWH,WA,ANM,WE,Towers with Radar,0,10,13,9,32,0,0,3,0,3,0,10,16,9,35,0,18,18,53
03/23/2003,MWH,WA,ANM,WE,Towers with Radar,0,7,1,0,8,0,1,11,0,12,0,8,12,0,20,10,0,10,30
03/24/2003,MWH,WA,ANM,WE,Towers with Radar,6,8,10,2,26,2,7,11,0,20,8,15,21,2,46,4,0,4,50
03/25/2003,MWH,WA,ANM,WE,Towers with Radar,21,12,5,19,57,23,0,12,1,36,44,12,17,20,93,16,0,16,109
03/26/2003,MWH,WA,ANM,WE,Towers with Radar,23,5,13,9,50,24,2,12,0,38,47,7,25,9,88,11,34,45,133
03/27/2003,MWH,WA,ANM,WE,Towers with Radar,6,13,20,23,62,9,0,21,7,37,15,13,41,30,99,72,46,118,217
03/28/2003,MWH,WA,ANM,WE,Towers with Radar,0,9,4,5,18,0,1,21,3,25,0,10,25,8,43,12,10,22,65
03/29/2003,MWH,WA,ANM,WE,Towers with Radar,2,9,2,1,14,0,3,11,2,16,2,12,13,3,30,8,10,18,48
03/30/2003,MWH,WA,ANM,WE,Towers with Radar,2,6,5,14,27,0,2,16,0,18,2,8,21,14,45,8,34,42,87
03/31/2003,MWH,WA,ANM,WE,Towers with Radar,0,12,21,4,37,0,2,38,0,40,0,14,59,4,77,204,56,260,337
04/01/2003,MWH,WA,ANM,WE,Towers with Radar,3,11,19,18,51,12,1,49,0,62,15,12,68,18,113,80,13,93,206
04/02/2003,MWH,WA,ANM,WE,Towers with Radar,9,10,39,5,63,0,4,28,0,32,9,14,67,5,95,92,11,103,198
04/03/2003,MWH,WA,ANM,WE,Towers with Radar,10,12,33,19,74,7,4,21,3,35,17,16,54,22,109,94,10,104,213
04/04/2003,MWH,WA,ANM,WE,Towers with Radar,21,12,26,35,94,8,17,9,0,34,29,29,35,35,128,36,76,112,240
04/05/2003,MWH,WA,ANM,WE,Towers with Radar,0,7,2,10,19,0,3,19,0,22,0,10,21,10,41,30,56,86,127
04/06/2003,MWH,WA,ANM,WE,Towers with Radar,4,7,8,0,19,0,0,1,0,1,4,7,9,0,20,8,0,8,28
04/07/2003,MWH,WA,ANM,WE,Towers with Radar,0,16,39,8,63,0,4,52,0,56,0,20,91,8,119,135,13,148,267
04/08/2003,MWH,WA,ANM,WE,Towers with Radar,9,11,34,11,65,5,4,71,5,85,14,15,105,16,150,150,46,196,346
04/09/2003,MWH,WA,ANM,WE,Towers with Radar,15,10,28,0,53,1,5,76,0,82,16,15,104,0,135,225,0,225,360
04/10/2003,MWH,WA,ANM,WE,Towers with Radar,11,6,33,32,82,37,3,104,17,161,48,9,137,49,243,232,112,344,587
04/11/2003,MWH,WA,ANM,WE,Towers with Radar,14,13,18,9,54,66,6,22,5,99,80,19,40,14,153,63,69,132,285
04/12/2003,MWH,WA,ANM,WE,Towers with Radar,0,7,1,1,9,0,2,12,1,15,0,9,13,2,24,24,6,30,54
04/13/2003,MWH,WA,ANM,WE,Towers with Radar,0,4,11,0,15,0,0,17,0,17,0,4,28,0,32,4,0,4,36
04/14/2003,MWH,WA,ANM,WE,Towers with Radar,2,11,26,4,43,0,0,30,0,30,2,11,56,4,73,114,0,114,187
04/15/2003,MWH,WA,ANM,WE,Towers with Radar,12,12,24,5,53,2,1,69,7,79,14,13,93,12,132,250,21,271,403
04/16/2003,MWH,WA,ANM,WE,Towers with Radar,22,10,52,17,101,14,9,109,0,132,36,19,161,17,233,206,62,268,501
04/17/2003,MWH,WA,ANM,WE,Towers with Radar,20,13,26,14,73,14,0,67,0,81,34,13,93,14,154,244,75,319,473
04/18/2003,MWH,WA,ANM,WE,Towers with Radar,3,11,20,11,45,2,3,50,7,62,5,14,70,18,107,48,38,86,193
04/19/2003,MWH,WA,ANM,WE,Towers with Radar,8,3,12,11,34,0,4,21,8,33,8,7,33,19,67,6,82,88,155
04/20/2003,MWH,WA,ANM,WE,Towers with Radar,4,5,1,0,10,6,2,7,0,15,10,7,8,0,25,0,0,0,25
04/21/2003,MWH,WA,ANM,WE,Towers with Radar,0,14,19,21,54,10,6,78,0,94,10,20,97,21,148,133,61,194,342
04/22/2003,MWH,WA,ANM,WE,Towers with Radar,11,9,39,33,92,2,7,93,18,120,13,16,132,51,212,235,268,503,715
04/23/2003,MWH,WA,ANM,WE,Towers with Radar,8,11,34,25,78,0,5,60,26,91,8,16,94,51,169,100,132,232,401
04/24/2003,MWH,WA,ANM,WE,Towers with Radar,5,11,28,9,53,1,5,33,7,46,6,16,61,16,99,78,13,91,190
04/25/2003,MWH,WA,ANM,WE,Towers with Radar,6,13,17,19,55,0,7,21,9,37,6,20,38,28,92,30,88,118,210
04/26/2003,MWH,WA,ANM,WE,Towers with Radar,0,5,5,2,12,0,10,23,1,34,0,15,28,3,46,66,36,102,148
04/27/2003,MWH,WA,ANM,WE,Towers with Radar,0,6,6,4,16,0,1,17,1,19,0,7,23,5,35,6,8,14,49
04/28/2003,MWH,WA,ANM,WE,Towers with Radar,4,10,30,35,79,2,0,46,1,49,6,10,76,36,128,94,122,216,344
04/29/2003,MWH,WA,ANM,WE,Towers with Radar,27,9,53,16,105,12,2,86,24,124,39,11,139,40,229,313,29,342,571
04/30/2003,MWH,WA,ANM,WE,Towers with Radar,0,11,40,23,74,0,9,106,3,118,0,20,146,26,192,250,46,296,488
05/01/2003,MWH,WA,ANM,WE,Towers with Radar,16,9,20,16,61,9,4,102,12,127,25,13,122,28,188,173,125,298,486
05/02/2003,MWH,WA,ANM,WE,Towers with Radar,3,11,11,13,38,3,4,36,15,58,6,15,47,28,96,44,96,140,236
05/03/2003,MWH,WA,ANM,WE,Towers with Radar,8,8,9,12,37,0,2,20,5,27,8,10,29,17,64,40,72,112,176
05/04/2003,MWH,WA,ANM,WE,Towers with Radar,4,6,5,50,65,1,2,30,0,33,5,8,35,50,98,20,108,128,226
05/05/2003,MWH,WA,ANM,WE,Towers with Radar,2,11,26,21,60,0,2,67,5,74,2,13,93,26,134,118,48,166,300
05/06/2003,MWH,WA,ANM,WE,Towers with Radar,3,13,59,14,89,2,8,86,0,96,5,21,145,14,185,156,67,223,408
05/07/2003,MWH,WA,ANM,WE,Towers with Radar,12,11,55,20,98,8,0,99,0,107,20,11,154,20,205,256,140,396,601
05/08/2003,MWH,WA,ANM,WE,Towers with Radar,12,11,27,28,78,2,7,93,13,115,14,18,120,41,193,216,111,327,520
05/09/2003,MWH,WA,ANM,WE,Towers with Radar,4,11,15,17,47,3,1,30,8,42,7,12,45,25,89,10,84,94,183
05/10/2003,MWH,WA,ANM,WE,Towers with Radar,0,12,23,9,44,0,0,50,2,52,0,12,73,11,96,88,42,130,226
05/11/2003,MWH,WA,ANM,WE,Towers with Radar,0,8,8,2,18,0,3,8,2,13,0,11,16,4,31,6,18,24,55
05/12/2003,MWH,WA,ANM,WE,Towers with Radar,18,10,29,17,74,1,11,89,7,108,19,21,118,24,182,148,72,220,402
05/13/2003,MWH,WA,ANM,WE,Towers with Radar,12,10,11,10,43,2,4,106,0,112,14,14,117,10,155,226,28,254,409
05/14/2003,MWH,WA,ANM,WE,Towers with Radar,2,10,23,39,74,1,7,76,23,107,3,17,99,62,181,203,120,323,504
05/15/2003,MWH,WA,ANM,WE,Towers with Radar,7,10,21,10,48,8,6,44,12,70,15,16,65,22,118,224,92,316,434
05/16/2003,MWH,WA,ANM,WE,Towers with Radar,11,12,11,12,46,8,7,20,8,43,19,19,31,20,89,80,92,172,261
05/17/2003,MWH,WA,ANM,WE,Towers with Radar,6,12,9,23,50,0,13,28,18,59,6,25,37,41,109,24,76,100,209
05/18/2003,MWH,WA,ANM,WE,Towers with Radar,0,9,1,28,38,0,5,14,11,30,0,14,15,39,68,10,74,84,152
05/19/2003,MWH,WA,ANM,WE,Towers with Radar,20,10,6,29,65,13,6,102,0,121,33,16,108,29,186,228,97,325,511
05/20/2003,MWH,WA,ANM,WE,Towers with Radar,0,8,20,22,50,0,7,94,0,101,0,15,114,22,151,174,26,200,351
05/21/2003,MWH,WA,ANM,WE,Towers with Radar,9,14,48,35,106,3,10,84,0,97,12,24,132,35,203,170,139,309,512
05/22/2003,MWH,WA,ANM,WE,Towers with Radar,8,7,55,14,84,4,10,77,7,98,12,17,132,21,182,150,190,340,522
05/23/2003,MWH,WA,ANM,WE,Towers with Radar,10,11,12,8,41,0,2,45,1,48,10,13,57,9,89,24,14,38,127
05/24/2003,MWH,WA,ANM,WE,Towers with Radar,0,7,6,0,13,0,3,18,0,21,0,10,24,0,34,0,0,0,34
05/25/2003,MWH,WA,ANM,WE,Towers with Radar,0,8,0,0,8,0,1,24,0,25,0,9,24,0,33,4,0,4,37
05/26/2003,MWH,WA,ANM,WE,Towers with Radar,0,10,10,0,20,0,0,16,0,16,0,10,26,0,36,2,0,2,38
05/27/2003,MWH,WA,ANM,WE,Towers with Radar,11,8,14,19,52,20,7,96,2,125,31,15,110,21,177,156,54,210,387
05/28/2003,MWH,WA,ANM,WE,Towers with Radar,0,11,29,13,53,0,6,72,1,79,0,17,101,14,132,226,50,276,408
05/29/2003,MWH,WA,ANM,WE,Towers with Radar,7,12,22,19,60,4,2,78,2,86,11,14,100,21,146,92,126,218,364
05/30/2003,MWH,WA,ANM,WE,Towers with Radar,0,15,12,9,36,0,8,27,7,42,0,23,39,16,78,4,8,12,90
05/31/2003,MWH,WA,ANM,WE,Towers with Radar,0,5,13,19,37,0,5,17,5,27,0,10,30,24,64,6,54,60,124
06/01/2003,MWH,WA,ANM,WE,Towers with Radar,2,5,13,12,32,0,1,22,4,27,2,6,35,16,59,8,28,36,95
06/02/2003,MWH,WA,ANM,WE,Towers with Radar,2,12,23,4,41,0,6,57,1,64,2,18,80,5,105,130,11,141,246
06/03/2003,MWH,WA,ANM,WE,Towers with Radar,7,9,14,9,39,7,5,78,4,94,14,14,92,13,133,110,20,130,263
06/04/2003,MWH,WA,ANM,WE,Towers with Radar,3,9,19,29,60,3,3,117,14,137,6,12,136,43,197,85,195,280,477
06/05/2003,MWH,WA,ANM,WE,Towers with Radar,13,11,16,22,62,8,2,86,5,101,21,13,102,27,163,117,62,179,342
06/06/2003,MWH,WA,ANM,WE,Towers with Radar,14,12,12,6,44,0,5,34,1,40,14,17,46,7,84,16,30,46,130
06/07/2003,MWH,WA,ANM,WE,Towers with Radar,24,7,8,18,57,9,6,35,7,57,33,13,43,25,114,16,104,120,234
06/08/2003,MWH,WA,ANM,WE,Towers with Radar,0,6,0,9,15,0,2,22,1,25,0,8,22,10,40,2,23,25,65
06/09/2003,MWH,WA,ANM,WE,Towers with Radar,5,11,25,17,58,31,3,56,12,102,36,14,81,29,160,86,78,164,324
06/10/2003,MWH,WA,ANM,WE,Towers with Radar,28,9,20,37,94,37,2,64,10,113,65,11,84,47,207,170,131,301,508
06/11/2003,MWH,WA,ANM,WE,Towers with Radar,16,15,21,29,81,69,2,33,13,117,85,17,54,42,198,44,131,175,373
06/12/2003,MWH,WA,ANM,WE,Towers with Radar,4,8,9,62,83,31,6,37,9,83,35,14,46,71,166,22,164,186,352
06/13/2003,MWH,WA,ANM,WE,Towers with Radar,12,13,9,32,66,78,2,13,6,99,90,15,22,38,165,8,62,70,235
06/14/2003,MWH,WA,ANM,WE,Towers with Radar,16,12,3,22,53,72,7,14,24,117,88,19,17,46,170,8,120,128,298
06/15/2003,MWH,WA,ANM,WE,Towers with Radar,0,6,0,10,16,0,1,17,9,27,0,7,17,19,43,0,20,20,63
06/16/2003,MWH,WA,ANM,WE,Towers with Radar,4,13,12,14,43,29,2,16,0,47,33,15,28,14,90,8,14,22,112
06/17/2003,MWH,WA,ANM,WE,Towers with Radar,22,9,20,19,70,138,7,44,1,190,160,16,64,20,260,34,36,70,330
06/18/2003,MWH,WA,ANM,WE,Towers with Radar,26,10,27,14,77,82,4,10,13,109,108,14,37,27,186,18,162,180,366
06/19/2003,MWH,WA,ANM,WE,Towers with Radar,18,10,7,16,51,115,4,54,7,180,133,14,61,23,231,18,70,88,319
06/20/2003,MWH,WA,ANM,WE,Towers with Radar,11,9,3,19,42,83,3,15,2,103,94,12,18,21,145,8,56,64,209
06/21/2003,MWH,WA,ANM,WE,Towers with Radar,8,9,9,24,50,68,2,18,4,92,76,11,27,28,142,14,76,90,232
06/22/2003,MWH,WA,ANM,WE,Towers with Radar,0,7,4,8,19,0,1,9,10,20,0,8,13,18,39,12,16,28,67
06/23/2003,MWH,WA,ANM,WE,Towers with Radar,7,13,34,18,72,0,3,97,10,110,7,16,131,28,182,146,80,226,408
06/24/2003,MWH,WA,ANM,WE,Towers with Radar,4,9,7,29,49,0,5,145,19,169,4,14,152,48,218,328,88,416,634
06/25/2003,MWH,WA,ANM,WE,Towers with Radar,24,10,32,22,88,133,6,83,0,222,157,16,115,22,310,182,62,244,554
06/26/2003,MWH,WA,ANM,WE,Towers with Radar,14,13,50,18,95,137,9,68,4,218,151,22,118,22,313,191,45,236,549
06/27/2003,MWH,WA,ANM,WE,Towers with Radar,26,10,33,17,86,66,1,64,0,131,92,11,97,17,217,128,36,164,381
06/28/2003,MWH,WA,ANM,WE,Towers with Radar,8,9,3,6,26,102,3,30,2,137,110,12,33,8,163,2,12,14,177
06/29/2003,MWH,WA,ANM,WE,Towers with Radar,0,12,0,13,25,0,0,14,0,14,0,12,14,13,39,6,62,68,107
06/30/2003,MWH,WA,ANM,WE,Towers with Radar,4,14,21,13,52,143,4,73,0,220,147,18,94,13,272,424,46,470,742
07/01/2003,MWH,WA,ANM,WE,Towers with Radar,12,13,57,62,144,112,3,91,4,210,124,16,148,66,354,278,78,356,710
07/02/2003,MWH,WA,ANM,WE,Towers with Radar,0,10,34,20,64,95,5,130,5,235,95,15,164,25,299,126,61,187,486
07/03/2003,MWH,WA,ANM,WE,Towers with Radar,8,12,48,5,73,116,20,87,0,223,124,32,135,5,296,166,14,180,476
07/04/2003,MWH,WA,ANM,WE,Towers with Radar,0,7,3,0,10,1,0,71,0,72,1,7,74,0,82,18,0,18,100
07/05/2003,MWH,WA,ANM,WE,Towers with Radar,5,9,6,0,20,99,5,64,0,168,104,14,70,0,188,70,0,70,258
07/06/2003,MWH,WA,ANM,WE,Towers with Radar,0,6,0,0,6,0,2,34,0,36,0,8,34,0,42,2,0,2,44
07/07/2003,MWH,WA,ANM,WE,Towers with Radar,12,10,53,12,87,110,1,80,0,191,122,11,133,12,278,112,22,134,412
07/08/2003,MWH,WA,ANM,WE,Towers with Radar,6,13,12,21,52,57,0,56,0,113,63,13,68,21,165,150,50,200,365
07/09/2003,MWH,WA,ANM,WE,Towers with Radar,11,10,17,12,50,31,12,95,1,139,42,22,112,13,189,264,51,315,504
07/10/2003,MWH,WA,ANM,WE,Towers with Radar,10,10,26,18,64,76,6,105,6,193,86,16,131,24,257,180,60,240,497
07/11/2003,MWH,WA,ANM,WE,Towers with Radar,25,11,46,18,100,59,1,85,2,147,84,12,131,20,247,103,17,120,367
07/12/2003,MWH,WA,ANM,WE,Towers with Radar,15,9,7,3,34,61,3,24,2,90,76,12,31,5,124,2,20,22,146
07/13/2003,MWH,WA,ANM,WE,Towers with Radar,4,6,2,0,12,14,2,29,1,46,18,8,31,1,58,58,2,60,118
07/14/2003,MWH,WA,ANM,WE,Towers with Radar,33,10,62,7,112,29,8,85,0,122,62,18,147,7,234,152,16,168,402
07/15/2003,MWH,WA,ANM,WE,Towers with Radar,17,10,49,20,96,19,7,104,2,132,36,17,153,22,228,242,54,296,524
07/16/2003,MWH,WA,ANM,WE,Towers with Radar,4,12,33,11,60,17,9,110,15,151,21,21,143,26,211,230,33,263,474
07/17/2003,MWH,WA,ANM,WE,Towers with Radar,1,9,28,19,57,2,8,164,0,174,3,17,192,19,231,238,77,315,546
07/18/2003,MWH,WA,ANM,WE,Towers with Radar,13,14,21,11,59,0,2,101,0,103,13,16,122,11,162,184,42,226,388
07/19/2003,MWH,WA,ANM,WE,Towers with Radar,4,9,1,25,39,0,1,51,7,59,4,10,52,32,98,24,84,108,206
07/20/2003,MWH,WA,ANM,WE,Towers with Radar,12,6,4,23,45,0,0,67,0,67,12,6,71,23,112,18,70,88,200
07/21/2003,MWH,WA,ANM,WE,Towers with Radar,6,8,14,17,45,4,5,112,2,123,10,13,126,19,168,234,86,320,488
07/22/2003,MWH,WA,ANM,WE,Towers with Radar,19,11,24,13,67,27,16,142,8,193,46,27,166,21,260,307,96,403,663
07/23/2003,MWH,WA,ANM,WE,Towers with Radar,12,9,14,9,44,4,14,124,1,143,16,23,138,10,187,332,30,362,549
07/24/2003,MWH,WA,ANM,WE,Towers with Radar,0,11,17,14,42,1,6,143,7,157,1,17,160,21,199,260,40,300,499
07/25/2003,MWH,WA,ANM,WE,Towers with Radar,0,13,26,49,88,0,6,58,0,64,0,19,84,49,152,50,86,136,288
07/26/2003,MWH,WA,ANM,WE,Towers with Radar,1,13,16,0,30,30,21,29,0,80,31,34,45,0,110,16,0,16,126
07/27/2003,MWH,WA,ANM,WE,Towers with Radar,4,6,5,2,17,2,11,42,2,57,6,17,47,4,74,12,30,42,116
07/28/2003,MWH,WA,ANM,WE,Towers with Radar,16,14,0,13,43,11,4,126,4,145,27,18,126,17,188,216,38,254,442
07/29/2003,MWH,WA,ANM,WE,Towers with Radar,21,9,25,15,70,4,0,102,0,106,25,9,127,15,176,235,66,301,477
07/30/2003,MWH,WA,ANM,WE,Towers with Radar,8,11,30,5,54,0,11,74,2,87,8,22,104,7,141,106,5,111,252
07/31/2003,MWH,WA,ANM,WE,Towers with Radar,5,14,26,10,55,5,7,66,0,78,10,21,92,10,133,72,18,90,223
08/01/2003,MWH,WA,ANM,WE,Towers with Radar,29,11,3,37,80,3,0,72,5,80,32,11,75,42,160,10,76,86,246
08/02/2003,MWH,WA,ANM,WE,Towers with Radar,2,9,6,27,44,2,2,30,8,42,4,11,36,35,86,23,87,110,196
08/03/2003,MWH,WA,ANM,WE,Towers with Radar,0,5,3,6,14,0,2,18,1,21,0,7,21,7,35,10,16,26,61
08/04/2003,MWH,WA,ANM,WE,Towers with Radar,8,9,7,10,34,14,3,18,0,35,22,12,25,10,69,36,14,50,119
08/05/2003,MWH,WA,ANM,WE,Towers with Radar,3,13,11,28,55,0,0,16,3,19,3,13,27,31,74,44,74,118,192
08/06/2003,MWH,WA,ANM,WE,Towers with Radar,7,11,5,18,41,7,8,32,2,49,14,19,37,20,90,12,42,54,144
08/07/2003,MWH,WA,ANM,WE,Towers with Radar,17,11,6,36,70,2,10,36,40,88,19,21,42,76,158,6,150,156,314
08/08/2003,MWH,WA,ANM,WE,Towers with Radar,9,10,14,33,66,2,4,51,8,65,11,14,65,41,131,26,118,144,275
08/09/2003,MWH,WA,ANM,WE,Towers with Radar,0,11,4,10,25,0,2,35,4,41,0,13,39,14,66,8,18,26,92
08/10/2003,MWH,WA,ANM,WE,Towers with Radar,7,5,3,9,24,0,1,0,27,28,7,6,3,36,52,22,8,30,82
08/11/2003,MWH,WA,ANM,WE,Towers with Radar,4,12,9,36,61,4,1,25,14,44,8,13,34,50,105,26,82,108,213
08/12/2003,MWH,WA,ANM,WE,Towers with Radar,6,5,13,8,32,6,18,45,26,95,12,23,58,34,127,32,28,60,187
08/13/2003,MWH,WA,ANM,WE,Towers with Radar,8,12,5,24,49,4,15,41,0,60,12,27,46,24,109,18,98,116,225
08/14/2003,MWH,WA,ANM,WE,Towers with Radar,7,8,17,16,48,9,4,75,7,95,16,12,92,23,143,26,44,70,213
08/15/2003,MWH,WA,ANM,WE,Towers with Radar,6,10,21,16,53,0,10,33,15,58,6,20,54,31,111,20,52,72,183
08/16/2003,MWH,WA,ANM,WE,Towers with Radar,7,8,1,37,53,5,2,30,3,40,12,10,31,40,93,0,62,62,155
08/17/2003,MWH,WA,ANM,WE,Towers with Radar,0,7,1,22,30,0,12,44,5,61,0,19,45,27,91,0,84,84,175
08/18/2003,MWH,WA,ANM,WE,Towers with Radar,16,10,8,14,48,0,3,26,0,29,16,13,34,14,77,4,32,36,113
08/19/2003,MWH,WA,ANM,WE,Towers with Radar,21,11,5,17,54,15,4,21,17,57,36,15,26,34,111,8,41,49,160
08/20/2003,MWH,WA,ANM,WE,Towers with Radar,14,10,8,41,73,0,3,18,0,21,14,13,26,41,94,10,74,84,178
08/21/2003,MWH,WA,ANM,WE,Towers with Radar,19,12,6,16,53,15,0,50,14,79,34,12,56,30,132,69,24,93,225
08/22/2003,MWH,WA,ANM,WE,Towers with Radar,6,11,12,38,67,10,0,22,0,32,16,11,34,38,99,26,69,95,194
08/23/2003,MWH,WA,ANM,WE,Towers with Radar,0,7,5,5,17,0,2,19,8,29,0,9,24,13,46,2,36,38,84
08/24/2003,MWH,WA,ANM,WE,Towers with Radar,10,6,4,1,21,0,0,26,5,31,10,6,30,6,52,12,0,12,64
08/25/2003,MWH,WA,ANM,WE,Towers with Radar,4,12,6,15,37,6,5,41,1,53,10,17,47,16,90,18,34,52,142
08/26/2003,MWH,WA,ANM,WE,Towers with Radar,29,9,27,11,76,3,6,23,7,39,32,15,50,18,115,3,49,52,167
08/27/2003,MWH,WA,ANM,WE,Towers with Radar,9,11,11,15,46,2,10,38,6,56,11,21,49,21,102,8,33,41,143
08/28/2003,MWH,WA,ANM,WE,Towers with Radar,4,10,7,13,34,0,2,36,2,40,4,12,43,15,74,22,32,54,128
08/29/2003,MWH,WA,ANM,WE,Towers with Radar,12,11,21,8,52,0,3,25,1,29,12,14,46,9,81,26,12,38,119
08/30/2003,MWH,WA,ANM,WE,Towers with Radar,0,8,2,0,10,0,0,15,0,15,0,8,17,0,25,4,0,4,29
08/31/2003,MWH,WA,ANM,WE,Towers with Radar,4,6,2,0,12,0,6,16,0,22,4,12,18,0,34,0,0,0,34
09/01/2003,MWH,WA,ANM,WE,Towers with Radar,0,5,5,0,10,0,3,20,1,24,0,8,25,1,34,44,0,44,78
09/02/2003,MWH,WA,ANM,WE,Towers with Radar,0,10,7,15,32,0,8,18,0,26,0,18,25,15,58,16,56,72,130
09/03/2003,MWH,WA,ANM,WE,Towers with Radar,0,10,0,9,19,0,7,26,1,34,0,17,26,10,53,28,12,40,93
09/04/2003,MWH,WA,ANM,WE,Towers with Radar,0,7,4,11,22,0,16,24,0,40,0,23,28,11,62,34,19,53,115
09/05/2003,MWH,WA,ANM,WE,Towers with Radar,0,11,4,21,36,0,12,34,10,56,0,23,38,31,92,28,62,90,182
09/06/2003,MWH,WA,ANM,WE,Towers with Radar,8,7,0,6,21,7,14,22,1,44,15,21,22,7,65,34,20,54,119
09/07/2003,MWH,WA,ANM,WE,Towers with Radar,0,8,0,11,19,0,0,15,4,19,0,8,15,15,38,4,38,42,80
09/08/2003,MWH,WA,ANM,WE,Towers with Radar,0,12,4,44,60,9,2,21,1,33,9,14,25,45,93,0,34,34,127
09/09/2003,MWH,WA,ANM,WE,Towers with Radar,7,9,6,13,35,0,7,27,2,36,7,16,33,15,71,31,60,91,162
09/10/2003,MWH,WA,ANM,WE,Towers with Radar,0,11,5,26,42,0,5,30,13,48,0,16,35,39,90,58,88,146,236
09/11/2003,MWH,WA,ANM,WE,Towers with Radar,0,11,10,19,40,0,4,24,1,29,0,15,34,20,69,2,44,46,115
09/12/2003,MWH,WA,ANM,WE,Towers with Radar,6,13,10,27,56,0,1,23,14,38,6,14,33,41,94,4,98,102,196
09/13/2003,MWH,WA,ANM,WE,Towers with Radar,0,10,2,9,21,0,7,48,3,58,0,17,50,12,79,10,24,34,113
09/14/2003,MWH,WA,ANM,WE,Towers with Radar,1,6,2,16,25,1,2,32,4,39,2,8,34,20,64,44,20,64,128
09/15/2003,MWH,WA,ANM,WE,Towers with Radar,27,10,10,16,63,5,11,7,2,25,32,21,17,18,88,48,50,98,186
09/16/2003,MWH,WA,ANM,WE,Towers with Radar,24,10,6,24,64,17,6,66,19,108,41,16,72,43,172,112,24,136,308
09/17/2003,MWH,WA,ANM,WE,Towers with Radar,21,13,10,38,82,10,4,95,13,122,31,17,105,51,204,22,112,134,338
09/18/2003,MWH,WA,ANM,WE,Towers with Radar,10,10,16,27,63,2,1,127,18,148,12,11,143,45,211,76,111,187,398
09/19/2003,MWH,WA,ANM,WE,Towers with Radar,2,13,5,24,44,6,5,18,4,33,8,18,23,28,77,34,60,94,171
09/20/2003,MWH,WA,ANM,WE,Towers with Radar,21,9,4,23,57,0,3,7,22,32,21,12,11,45,89,2,72,74,163
09/21/2003,MWH,WA,ANM,WE,Towers with Radar,22,7,3,21,53,0,5,20,17,42,22,12,23,38,95,6,80,86,181
09/22/2003,MWH,WA,ANM,WE,Towers with Radar,5,10,15,22,52,62,17,161,51,291,67,27,176,73,343,170,122,292,635
09/23/2003,MWH,WA,ANM,WE,Towers with Radar,29,10,13,32,84,20,3,119,24,166,49,13,132,56,250,270,166,436,686
09/24/2003,MWH,WA,ANM,WE,Towers with Radar,10,9,19,33,71,19,2,114,11,146,29,11,133,44,217,232,143,375,592
09/25/2003,MWH,WA,ANM,WE,Towers with Radar,8,19,7,19,53,60,8,121,3,192,68,27,128,22,245,216,78,294,539
09/26/2003,MWH,WA,ANM,WE,Towers with Radar,9,9,2,25,45,39,3,41,2,85,48,12,43,27,130,24,32,56,186
09/27/2003,MWH,WA,ANM,WE,Towers with Radar,5,8,0,2,15,38,1,26,0,65,43,9,26,2,80,6,4,10,90
09/28/2003,MWH,WA,ANM,WE,Towers with Radar,32,5,4,6,47,2,2,19,0,23,34,7,23,6,70,2,0,2,72
09/29/2003,MWH,WA,ANM,WE,Towers with Radar,19,11,33,39,102,37,5,71,0,113,56,16,104,39,215,178,98,276,491
09/30/2003,MWH,WA,ANM,WE,Towers with Radar,24,12,14,24,74,46,11,105,10,172,70,23,119,34,246,170,63,233,479
10/01/2003,MWH,WA,ANM,WE,Towers with Radar,22,15,14,53,104,71,18,117,6,212,93,33,131,59,316,286,109,395,711
10/02/2003,MWH,WA,ANM,WE,Towers with Radar,23,13,15,55,106,57,0,111,9,177,80,13,126,64,283,237,239,476,759
10/03/2003,MWH,WA,ANM,WE,Towers with Radar,18,13,12,30,73,73,2,64,0,139,91,15,76,30,212,10,104,114,326
10/04/2003,MWH,WA,ANM,WE,Towers with Radar,12,9,9,27,57,41,20,29,0,90,53,29,38,27,147,14,150,164,311
10/05/2003,MWH,WA,ANM,WE,Towers with Radar,14,5,9,33,61,8,0,10,9,27,22,5,19,42,88,42,86,128,216
10/06/2003,MWH,WA,ANM,WE,Towers with Radar,13,9,9,30,61,41,8,99,19,167,54,17,108,49,228,230,74,304,532
10/07/2003,MWH,WA,ANM,WE,Towers with Radar,4,8,7,26,45,0,11,113,30,154,4,19,120,56,199,218,106,324,523
10/08/2003,MWH,WA,ANM,WE,Towers with Radar,24,16,16,56,112,1,0,91,10,102,25,16,107,66,214,188,128,316,530
10/09/2003,MWH,WA,ANM,WE,Towers with Radar,8,9,8,26,51,0,7,167,0,174,8,16,175,26,225,182,92,274,499
10/10/2003,MWH,WA,ANM,WE,Towers with Radar,4,7,5,21,37,0,6,26,5,37,4,13,31,26,74,2,24,26,100
10/11/2003,MWH,WA,ANM,WE,Towers with Radar,6,5,4,2,17,20,4,16,0,40,26,9,20,2,57,24,12,36,93
10/12/2003,MWH,WA,ANM,WE,Towers with Radar,2,2,2,0,6,0,8,12,0,20,2,10,14,0,26,0,0,0,26
10/13/2003,MWH,WA,ANM,WE,Towers with Radar,8,7,6,2,23,0,9,111,0,120,8,16,117,2,143,238,10,248,391
10/14/2003,MWH,WA,ANM,WE,Towers with Radar,18,13,13,43,87,9,3,103,18,133,27,16,116,61,220,286,64,350,570
10/15/2003,MWH,WA,ANM,WE,Towers with Radar,24,17,16,56,113,10,2,109,9,130,34,19,125,65,243,257,157,414,657
10/16/2003,MWH,WA,ANM,WE,Towers with Radar,8,14,13,45,80,0,0,107,13,120,8,14,120,58,200,480,180,660,860
10/17/2003,MWH,WA,ANM,WE,Towers with Radar,7,12,11,39,69,0,4,0,20,24,7,16,11,59,93,0,146,146,239
10/18/2003,MWH,WA,ANM,WE,Towers with Radar,0,6,6,22,34,0,0,7,24,31,0,6,13,46,65,16,120,136,201
10/19/2003,MWH,WA,ANM,WE,Towers with Radar,4,8,7,28,47,0,1,15,3,19,4,9,22,31,66,4,80,84,150
10/20/2003,MWH,WA,ANM,WE,Towers with Radar,9,9,8,31,57,0,8,104,3,115,9,17,112,34,172,142,110,252,424
10/21/2003,MWH,WA,ANM,WE,Towers with Radar,6,11,10,33,60,0,2,102,0,104,6,13,112,33,164,366,126,492,656
10/22/2003,MWH,WA,ANM,WE,Towers with Radar,14,9,8,27,58,1,8,96,0,105,15,17,104,27,163,418,42,460,623
10/23/2003,MWH,WA,ANM,WE,Towers with Radar,13,8,8,25,54,1,11,100,0,112,14,19,108,25,166,324,46,370,536
10/24/2003,MWH,WA,ANM,WE,Towers with Radar,15,9,10,26,60,48,9,8,0,65,63,18,18,26,125,22,88,110,235
10/25/2003,MWH,WA,ANM,WE,Towers with Radar,9,6,6,21,42,55,2,43,5,105,64,8,49,26,147,4,54,58,205
10/26/2003,MWH,WA,ANM,WE,Towers with Radar,10,6,6,24,46,0,3,36,18,57,10,9,42,42,103,4,122,126,229
10/27/2003,MWH,WA,ANM,WE,Towers with Radar,21,12,13,49,95,69,0,105,7,181,90,12,118,56,276,404,168,572,848
10/28/2003,MWH,WA,ANM,WE,Towers with Radar,16,9,10,27,62,55,0,5,0,60,71,9,15,27,122,44,70,114,236
10/29/2003,MWH,WA,ANM,WE,Towers with Radar,20,12,13,15,60,40,2,82,0,124,60,14,95,15,184,249,34,283,467
10/30/2003,MWH,WA,ANM,WE,Towers with Radar,19,12,12,44,87,19,0,59,10,88,38,12,71,54,175,216,52,268,443
10/31/2003,MWH,WA,ANM,WE,Towers with Radar,16,10,10,13,49,40,7,32,0,79,56,17,42,13,128,16,66,82,210
11/01/2003,MWH,WA,ANM,WE,Towers with Radar,1,4,10,40,55,0,0,0,5,5,1,4,10,45,60,12,90,102,162
11/02/2003,MWH,WA,ANM,WE,Towers with Radar,2,5,12,40,59,0,0,28,38,66,2,5,40,78,125,0,0,0,125
11/03/2003,MWH,WA,ANM,WE,Towers with Radar,8,12,16,53,89,11,0,82,0,93,19,12,98,53,182,324,108,432,614
11/04/2003,MWH,WA,ANM,WE,Towers with Radar,7,13,13,35,68,17,2,171,0,190,24,15,184,35,258,402,92,494,752
11/05/2003,MWH,WA,ANM,WE,Towers with Radar,0,14,15,42,71,0,2,146,0,148,0,16,161,42,219,580,70,650,869
11/06/2003,MWH,WA,ANM,WE,Towers with Radar,4,10,11,39,64,0,2,108,6,116,4,12,119,45,180,536,72,608,788
11/07/2003,MWH,WA,ANM,WE,Towers with Radar,1,10,11,32,54,0,5,12,0,17,1,15,23,32,71,16,92,108,179
11/08/2003,MWH,WA,ANM,WE,Towers with Radar,0,2,3,2,7,0,5,9,0,14,0,7,12,2,21,0,12,12,33
11/09/2003,MWH,WA,ANM,WE,Towers with Radar,1,5,6,20,32,0,1,11,4,16,1,6,17,24,48,0,0,0,48
11/10/2003,MWH,WA,ANM,WE,Towers with Radar,0,10,12,42,64,0,0,72,7,79,0,10,84,49,143,250,138,388,531
11/11/2003,MWH,WA,ANM,WE,Towers with Radar,0,7,9,26,42,0,8,14,0,22,0,15,23,26,64,6,20,26,90
11/12/2003,MWH,WA,ANM,WE,Towers with Radar,4,13,12,46,75,8,4,101,10,123,12,17,113,56,198,400,122,522,720
11/13/2003,MWH,WA,ANM,WE,Towers with Radar,6,12,16,60,94,20,0,141,22,183,26,12,157,82,277,426,174,600,877
11/14/2003,MWH,WA,ANM,WE,Towers with Radar,3,10,10,38,61,21,7,0,2,30,24,17,10,40,91,8,120,128,219
11/15/2003,MWH,WA,ANM,WE,Towers with Radar,0,6,7,28,41,0,0,14,32,46,0,6,21,60,87,6,148,154,241
11/16/2003,MWH,WA,ANM,WE,Towers with Radar,0,6,10,37,53,0,0,2,22,24,0,6,12,59,77,4,98,102,179
11/17/2003,MWH,WA,ANM,WE,Towers with Radar,7,13,18,66,104,6,0,68,14,88,13,13,86,80,192,212,148,360,552
11/18/2003,MWH,WA,ANM,WE,Towers with Radar,4,11,12,21,48,2,0,17,0,19,6,11,29,21,67,26,112,138,205
11/19/2003,MWH,WA,ANM,WE,Towers with Radar,0,14,14,52,80,0,1,72,9,82,0,15,86,61,162,112,122,234,396
11/20/2003,MWH,WA,ANM,WE,Towers with Radar,4,11,12,42,69,14,0,53,0,67,18,11,65,42,136,155,44,199,335
11/21/2003,MWH,WA,ANM,WE,Towers with Radar,0,11,12,42,65,0,0,12,0,12,0,11,24,42,77,8,56,64,141
11/22/2003,MWH,WA,ANM,WE,Towers with Radar,0,6,6,22,34,0,2,18,3,23,0,8,24,25,57,8,22,30,87
11/23/2003,MWH,WA,ANM,WE,Towers with Radar,0,6,6,24,36,0,0,0,1,1,0,6,6,25,37,2,26,28,65
11/24/2003,MWH,WA,ANM,WE,Towers with Radar,2,14,15,53,84,0,0,88,11,99,2,14,103,64,183,342,116,458,641
11/25/2003,MWH,WA,ANM,WE,Towers with Radar,5,13,15,40,73,10,0,82,0,92,15,13,97,40,165,208,208,416,581
11/26/2003,MWH,WA,ANM,WE,Towers with Radar,2,11,12,27,52,0,8,16,0,24,2,19,28,27,76,14,45,59,135
11/27/2003,MWH,WA,ANM,WE,Towers with Radar,0,3,3,0,6,0,8,1,0,9,0,11,4,0,15,0,0,0,15
11/28/2003,MWH,WA,ANM,WE,Towers with Radar,2,4,4,0,10,30,12,12,0,54,32,16,16,0,64,4,0,4,68
11/29/2003,MWH,WA,ANM,WE,Towers with Radar,1,4,4,0,9,69,2,15,0,86,70,6,19,0,95,8,0,8,103
11/30/2003,MWH,WA,ANM,WE,Towers with Radar,0,3,3,6,12,0,3,12,0,15,0,6,15,6,27,4,10,14,41
12/01/2003,MWH,WA,ANM,WE,Towers with Radar,9,15,8,43,75,44,1,0,14,59,53,16,8,57,134,0,32,32,166
12/02/2003,MWH,WA,ANM,WE,Towers with Radar,9,17,9,30,65,37,10,0,0,47,46,27,9,30,112,0,51,51,163
12/03/2003,MWH,WA,ANM,WE,Towers with Radar,6,13,7,37,63,111,37,130,11,289,117,50,137,48,352,288,174,462,814
12/04/2003,MWH,WA,ANM,WE,Towers with Radar,8,15,9,42,74,9,3,114,9,135,17,18,123,51,209,120,158,278,487
12/05/2003,MWH,WA,ANM,WE,Towers with Radar,7,15,9,41,72,38,0,4,12,54,45,15,13,53,126,0,114,114,240
12/06/2003,MWH,WA,ANM,WE,Towers with Radar,6,5,6,28,45,14,0,9,8,31,20,5,15,36,76,6,108,114,190
12/07/2003,MWH,WA,ANM,WE,Towers with Radar,0,6,5,25,36,0,0,1,17,18,0,6,6,42,54,0,54,54,108
12/08/2003,MWH,WA,ANM,WE,Towers with Radar,10,16,4,47,77,38,0,0,1,39,48,16,4,48,116,0,28,28,144
12/09/2003,MWH,WA,ANM,WE,Towers with Radar,11,15,11,39,76,99,0,79,0,178,110,15,90,39,254,130,80,210,464
12/10/2003,MWH,WA,ANM,WE,Towers with Radar,12,15,3,41,71,12,0,0,0,12,24,15,3,41,83,0,130,130,213
12/11/2003,MWH,WA,ANM,WE,Towers with Radar,17,16,16,71,120,30,0,4,0,34,47,16,20,71,154,4,42,46,200
12/12/2003,MWH,WA,ANM,WE,Towers with Radar,14,20,4,47,85,13,7,0,0,20,27,27,4,47,105,2,2,4,109
12/13/2003,MWH,WA,ANM,WE,Towers with Radar,10,9,5,41,65,18,0,0,42,60,28,9,5,83,125,0,10,10,135
12/14/2003,MWH,WA,ANM,WE,Towers with Radar,0,6,4,18,28,0,2,14,3,19,0,8,18,21,47,8,38,46,93
12/15/2003,MWH,WA,ANM,WE,Towers with Radar,12,12,12,53,89,6,0,14,31,51,18,12,26,84,140,26,154,180,320
12/16/2003,MWH,WA,ANM,WE,Towers with Radar,4,16,11,46,77,0,0,5,1,6,4,16,16,47,83,4,129,133,216
12/17/2003,MWH,WA,ANM,WE,Towers with Radar,13,18,12,53,96,9,1,14,19,43,22,19,26,72,139,6,58,64,203
12/18/2003,MWH,WA,ANM,WE,Towers with Radar,4,13,9,40,66,0,0,15,19,34,4,13,24,59,100,10,102,112,212
12/19/2003,MWH,WA,ANM,WE,Towers with Radar,8,13,9,37,67,0,6,6,2,14,8,19,15,39,81,2,112,114,195
12/20/2003,MWH,WA,ANM,WE,Towers with Radar,0,5,2,6,13,0,1,0,0,1,0,6,2,6,14,0,0,0,14
12/21/2003,MWH,WA,ANM,WE,Towers with Radar,0,2,1,0,3,0,4,2,0,6,0,6,3,0,9,0,0,0,9
12/22/2003,MWH,WA,ANM,WE,Towers with Radar,8,18,6,62,94,0,0,0,31,31,8,18,6,93,125,0,51,51,176
12/23/2003,MWH,WA,ANM,WE,Towers with Radar,0,15,9,43,67,0,4,18,8,30,0,19,27,51,97,10,174,184,281
12/24/2003,MWH,WA,ANM,WE,Towers with Radar,0,17,7,41,65,0,9,0,0,9,0,26,7,41,74,0,81,81,155
12/25/2003,MWH,WA,ANM,WE,Towers with Radar,0,2,0,0,2,0,5,0,0,5,0,7,0,0,7,0,0,0,7
12/26/2003,MWH,WA,ANM,WE,Towers with Radar,0,6,3,0,9,0,20,9,0,29,0,26,12,0,38,0,0,0,38
12/27/2003,MWH,WA,ANM,WE,Towers with Radar,0,5,2,0,7,0,3,11,0,14,0,8,13,0,21,2,0,2,23
12/28/2003,MWH,WA,ANM,WE,Towers with Radar,0,2,0,0,2,0,3,6,0,9,0,5,6,0,11,0,0,0,11
12/29/2003,MWH,WA,ANM,WE,Towers with Radar,0,11,5,30,46,0,3,5,12,20,0,14,10,42,66,6,98,104,170
12/30/2003,MWH,WA,ANM,WE,Towers with Radar,0,11,10,38,59,0,0,3,0,3,0,11,13,38,62,1,54,55,117
12/31/2003,MWH,WA,ANM,WE,Towers with Radar,0,8,3,19,30,0,5,0,0,5,0,13,3,19,35,0,32,32,67
01/01/2004,MWH,WA,ANM,WE,Towers with Radar,0,1,0,0,1,0,2,0,0,2,0,3,0,0,3,0,0,0,3
01/02/2004,MWH,WA,ANM,WE,Towers with Radar,0,2,1,6,9,0,6,0,2,8,0,8,1,8,17,0,22,22,39
01/03/2004,MWH,WA,ANM,WE,Towers with Radar,0,7,3,15,25,0,0,0,23,23,0,7,3,38,48,2,70,72,120
01/04/2004,MWH,WA,ANM,WE,Towers with Radar,0,9,8,18,35,0,4,5,36,45,0,13,13,54,80,12,140,152,232
01/05/2004,MWH,WA,ANM,WE,Towers with Radar,4,16,15,29,64,0,0,30,43,73,4,16,45,72,137,132,148,280,417
01/06/2004,MWH,WA,ANM,WE,Towers with Radar,4,9,3,5,21,0,1,0,0,1,4,10,3,5,22,0,2,2,24
01/07/2004,MWH,WA,ANM,WE,Towers with Radar,2,5,5,0,12,2,5,2,0,9,4,10,7,0,21,4,0,4,25
01/08/2004,MWH,WA,ANM,WE,Towers with Radar,5,9,10,12,36,3,0,32,0,35,8,9,42,12,71,208,14,222,293
01/09/2004,MWH,WA,ANM,WE,Towers with Radar,0,11,11,16,38,0,0,1,0,1,0,11,12,16,39,12,76,88,127
01/10/2004,MWH,WA,ANM,WE,Towers with Radar,6,11,2,25,44,0,0,0,19,19,6,11,2,44,63,0,14,14,77
01/11/2004,MWH,WA,ANM,WE,Towers with Radar,6,6,0,26,38,4,0,0,20,24,10,6,0,46,62,0,10,10,72
01/12/2004,MWH,WA,ANM,WE,Towers with Radar,6,9,3,18,36,15,0,0,0,15,21,9,3,18,51,0,0,0,51
01/13/2004,MWH,WA,ANM,WE,Towers with Radar,5,11,9,3,28,11,4,0,0,15,16,15,9,3,43,0,0,0,43
01/14/2004,MWH,WA,ANM,WE,Towers with Radar,6,14,11,5,36,2,1,0,0,3,8,15,11,5,39,0,4,4,43
01/15/2004,MWH,WA,ANM,WE,Towers with Radar,2,12,3,15,32,0,2,0,0,2,2,14,3,15,34,0,4,4,38
01/16/2004,MWH,WA,ANM,WE,Towers with Radar,7,15,12,27,61,7,4,4,6,21,14,19,16,33,82,0,6,6,88
01/17/2004,MWH,WA,ANM,WE,Towers with Radar,2,1,5,7,15,0,0,0,0,0,2,1,5,7,15,0,0,0,15
01/18/2004,MWH,WA,ANM,WE,Towers with Radar,0,5,1,8,14,0,0,0,6,6,0,5,1,14,20,0,0,0,20
01/19/2004,MWH,WA,ANM,WE,Towers with Radar,4,9,5,5,23,0,10,0,0,10,4,19,5,5,33,0,6,6,39
01/20/2004,MWH,WA,ANM,WE,Towers with Radar,10,15,17,22,64,8,0,69,0,77,18,15,86,22,141,313,85,398,539
01/21/2004,MWH,WA,ANM,WE,Towers with Radar,4,14,1,26,45,0,0,0,0,0,4,14,1,26,45,0,92,92,137
01/22/2004,MWH,WA,ANM,WE,Towers with Radar,7,15,12,27,61,17,2,7,4,30,24,17,19,31,91,110,34,144,235
01/23/2004,MWH,WA,ANM,WE,Towers with Radar,0,16,13,22,51,0,1,4,0,5,0,17,17,22,56,0,10,10,66
01/24/2004,MWH,WA,ANM,WE,Towers with Radar,0,5,7,16,28,0,0,13,3,16,0,5,20,19,44,30,44,74,118
01/25/2004,MWH,WA,ANM,WE,Towers with Radar,5,5,7,17,34,18,0,22,28,68,23,5,29,45,102,28,90,118,220
01/26/2004,MWH,WA,ANM,WE,Towers with Radar,8,17,14,30,69,9,5,97,0,111,17,22,111,30,180,262,108,370,550
01/27/2004,MWH,WA,ANM,WE,Towers with Radar,6,16,21,41,84,0,0,108,0,108,6,16,129,41,192,212,124,336,528
01/28/2004,MWH,WA,ANM,WE,Towers with Radar,9,14,16,34,73,9,0,84,1,94,18,14,100,35,167,288,166,454,621
01/29/2004,MWH,WA,ANM,WE,Towers with Radar,8,15,19,38,80,0,0,87,28,115,8,15,106,66,195,262,231,493,688
01/30/2004,MWH,WA,ANM,WE,Towers with Radar,6,12,8,20,46,1,1,0,1,3,7,13,8,21,49,0,50,50,99
01/31/2004,MWH,WA,ANM,WE,Towers with Radar,0,6,7,9,22,0,0,35,0,35,0,6,42,9,57,16,52,68,125
02/01/2004,MWH,WA,ANM,WE,Towers with Radar,0,5,9,5,19,0,0,2,6,8,0,5,11,11,27,22,30,52,79
02/02/2004,MWH,WA,ANM,WE,Towers with Radar,5,12,24,14,55,3,0,45,10,58,8,12,69,24,113,170,93,263,376
02/03/2004,MWH,WA,ANM,WE,Towers with Radar,9,17,38,17,81,2,0,68,0,70,11,17,106,17,151,283,56,339,490
02/04/2004,MWH,WA,ANM,WE,Towers with Radar,9,18,34,12,73,2,2,27,0,31,11,20,61,12,104,114,58,172,276
02/05/2004,MWH,WA,ANM,WE,Towers with Radar,0,13,35,20,68,0,0,33,21,54,0,13,68,41,122,66,12,78,200
02/06/2004,MWH,WA,ANM,WE,Towers with Radar,7,13,9,15,44,5,1,0,35,41,12,14,9,50,85,0,34,34,119
02/07/2004,MWH,WA,ANM,WE,Towers with Radar,0,2,2,4,8,0,1,0,4,5,0,3,2,8,13,0,10,10,23
02/08/2004,MWH,WA,ANM,WE,Towers with Radar,0,3,9,7,19,0,3,0,11,14,0,6,9,18,33,4,15,19,52
02/09/2004,MWH,WA,ANM,WE,Towers with Radar,9,14,28,8,59,16,0,102,0,118,25,14,130,8,177,346,8,354,531
02/10/2004,MWH,WA,ANM,WE,Towers with Radar,8,12,27,2,49,10,0,17,0,27,18,12,44,2,76,0,0,0,76
02/11/2004,MWH,WA,ANM,WE,Towers with Radar,6,10,20,0,36,30,23,130,0,183,36,33,150,0,219,452,0,452,671
02/12/2004,MWH,WA,ANM,WE,Towers with Radar,9,16,31,13,69,4,8,103,0,115,13,24,134,13,184,298,4,302,486
02/13/2004,MWH,WA,ANM,WE,Towers with Radar,6,11,21,4,42,12,4,2,0,18,18,15,23,4,60,34,10,44,104
02/14/2004,MWH,WA,ANM,WE,Towers with Radar,0,5,3,2,10,0,1,0,0,1,0,6,3,2,11,0,6,6,17
02/15/2004,MWH,WA,ANM,WE,Towers with Radar,0,4,0,0,4,0,5,0,0,5,0,9,0,0,9,0,0,0,9
02/16/2004,MWH,WA,ANM,WE,Towers with Radar,4,11,19,0,34,0,6,51,0,57,4,17,70,0,91,214,0,214,305
02/17/2004,MWH,WA,ANM,WE,Towers with Radar,0,10,19,0,29,0,7,17,0,24,0,17,36,0,53,0,0,0,53
02/18/2004,MWH,WA,ANM,WE,Towers with Radar,8,16,30,8,62,0,5,15,0,20,8,21,45,8,82,0,2,2,84
02/19/2004,MWH,WA,ANM,WE,Towers with Radar,9,17,32,2,60,4,1,30,0,35,13,18,62,2,95,272,0,272,367
02/20/2004,MWH,WA,ANM,WE,Towers with Radar,9,17,31,5,62,1,1,15,0,17,10,18,46,5,79,12,8,20,99
02/21/2004,MWH,WA,ANM,WE,Towers with Radar,5,5,16,5,31,1,0,21,0,22,6,5,37,5,53,44,29,73,126
02/22/2004,MWH,WA,ANM,WE,Towers with Radar,0,6,14,6,26,0,0,25,20,45,0,6,39,26,71,14,32,46,117
02/23/2004,MWH,WA,ANM,WE,Towers with Radar,6,12,21,6,45,0,1,159,0,160,6,13,180,6,205,210,58,268,473
02/24/2004,MWH,WA,ANM,WE,Towers with Radar,0,13,28,13,54,0,0,44,0,44,0,13,72,13,98,78,14,92,190
02/25/2004,MWH,WA,ANM,WE,Towers with Radar,4,15,27,16,62,0,0,63,12,75,4,15,90,28,137,128,88,216,353
02/26/2004,MWH,WA,ANM,WE,Towers with Radar,2,11,33,19,65,0,0,67,11,78,2,11,100,30,143,326,128,454,597
02/27/2004,MWH,WA,ANM,WE,Towers with Radar,0,7,13,7,27,0,7,26,10,43,0,14,39,17,70,88,32,120,190
02/28/2004,MWH,WA,ANM,WE,Towers with Radar,1,6,11,1,19,0,1,31,0,32,1,7,42,1,51,24,36,60,111
02/29/2004,MWH,WA,ANM,WE,Towers with Radar,5,5,8,9,27,6,0,0,8,14,11,5,8,17,41,48,32,80,121
03/01/2004,MWH,WA,ANM,WE,Towers with Radar,9,8,14,4,35,19,6,109,0,134,28,14,123,4,169,254,16,270,439
03/02/2004,MWH,WA,ANM,WE,Towers with Radar,6,7,14,0,27,0,9,105,0,114,6,16,119,0,141,400,0,400,541
03/03/2004,MWH,WA,ANM,WE,Towers with Radar,12,10,19,28,69,6,0,0,0,6,18,10,19,28,75,62,72,134,209
03/04/2004,MWH,WA,ANM,WE,Towers with Radar,13,10,24,36,83,47,0,124,0,171,60,10,148,36,254,340,86,426,680
03/05/2004,MWH,WA,ANM,WE,Towers with Radar,10,10,19,25,64,18,3,61,0,82,28,13,80,25,146,48,34,82,228
03/06/2004,MWH,WA,ANM,WE,Towers with Radar,6,7,13,22,48,94,1,8,4,107,100,8,21,26,155,90,32,122,277
03/07/2004,MWH,WA,ANM,WE,Towers with Radar,2,5,11,18,36,0,5,12,14,31,2,10,23,32,67,34,100,134,201
03/08/2004,MWH,WA,ANM,WE,Towers with Radar,16,13,27,46,102,27,3,181,33,244,43,16,208,79,346,421,174,595,941
03/09/2004,MWH,WA,ANM,WE,Towers with Radar,10,10,18,31,69,94,4,125,10,233,104,14,143,41,302,368,113,481,783
03/10/2004,MWH,WA,ANM,WE,Towers with Radar,10,11,22,38,81,0,3,142,13,158,10,14,164,51,239,370,116,486,725
03/11/2004,MWH,WA,ANM,WE,Towers with Radar,12,9,20,34,75,30,3,146,21,200,42,12,166,55,275,230,200,430,705
03/12/2004,MWH,WA,ANM,WE,Towers with Radar,12,9,19,32,72,41,4,29,6,80,53,13,48,38,152,42,74,116,268
03/13/2004,MWH,WA,ANM,WE,Towers with Radar,11,9,18,31,69,58,3,12,17,90,69,12,30,48,159,52,110,162,321
03/14/2004,MWH,WA,ANM,WE,Towers with Radar,0,6,13,21,40,0,0,3,17,20,0,6,16,38,60,6,84,90,150
03/15/2004,MWH,WA,ANM,WE,Towers with Radar,12,9,20,31,72,24,2,77,0,103,36,11,97,31,175,52,130,182,357
03/16/2004,MWH,WA,ANM,WE,Towers with Radar,13,9,21,23,66,73,2,30,0,105,86,11,51,23,171,24,118,142,313
03/17/2004,MWH,WA,ANM,WE,Towers with Radar,15,11,24,40,90,14,0,60,0,74,29,11,84,40,164,230,120,350,514
03/18/2004,MWH,WA,ANM,WE,Towers with Radar,10,7,16,24,57,74,6,3,0,83,84,13,19,24,140,28,92,120,260
03/19/2004,MWH,WA,ANM,WE,Towers with Radar,11,10,17,27,65,115,2,23,0,140,126,12,40,27,205,14,72,86,291
03/20/2004,MWH,WA,ANM,WE,Towers with Radar,6,6,9,16,37,70,1,36,6,113,76,7,45,22,150,28,112,140,290
03/21/2004,MWH,WA,ANM,WE,Towers with Radar,0,4,8,15,27,0,1,13,25,39,0,5,21,40,66,10,146,156,222
03/22/2004,MWH,WA,ANM,WE,Towers with Radar,8,7,12,21,48,134,7,16,9,166,142,14,28,30,214,66,50,116,330
03/23/2004,MWH,WA,ANM,WE,Towers with Radar,9,7,13,10,39,43,4,6,0,53,52,11,19,10,92,14,16,30,122
03/24/2004,MWH,WA,ANM,WE,Towers with Radar,13,9,19,34,75,76,0,28,9,113,89,9,47,43,188,28,100,128,316
03/25/2004,MWH,WA,ANM,WE,Towers with Radar,11,10,17,24,62,101,0,23,0,124,112,10,40,24,186,0,88,88,274
03/26/2004,MWH,WA,ANM,WE,Towers with Radar,10,9,16,27,62,82,4,7,5,98,92,13,23,32,160,22,150,172,332
03/27/2004,MWH,WA,ANM,WE,Towers with Radar,7,6,10,18,41,129,0,10,9,148,136,6,20,27,189,6,122,128,317
03/28/2004,MWH,WA,ANM,WE,Towers with Radar,0,6,14,25,45,0,0,12,59,71,0,6,26,84,116,0,221,221,337
03/29/2004,MWH,WA,ANM,WE,Towers with Radar,15,13,24,42,94,143,5,101,12,261,158,18,125,54,355,148,230,378,733
03/30/2004,MWH,WA,ANM,WE,Towers with Radar,14,11,22,39,86,67,0,53,7,127,81,11,75,46,213,154,190,344,557
03/31/2004,MWH,WA,ANM,WE,Towers with Radar,14,11,21,20,66,118,1,73,0,192,132,12,94,20,258,98,72,170,428
04/01/2004,MWH,WA,ANM,WE,Towers with Radar,11,9,21,32,73,37,0,87,15,139,48,9,108,47,212,140,132,272,484
04/02/2004,MWH,WA,ANM,WE,Towers with Radar,8,10,18,28,64,63,6,3,22,94,71,16,21,50,158,2,120,122,280
04/03/2004,MWH,WA,ANM,WE,Towers with Radar,6,7,14,22,49,100,3,30,8,141,106,10,44,30,190,106,40,146,336
04/04/2004,MWH,WA,ANM,WE,Towers with Radar,0,4,9,15,28,0,1,7,25,33,0,5,16,40,61,46,96,142,203
04/05/2004,MWH,WA,ANM,WE,Towers with Radar,10,10,20,30,70,108,3,48,18,177,118,13,68,48,247,156,120,276,523
04/06/2004,MWH,WA,ANM,WE,Towers with Radar,13,12,25,33,83,107,4,99,0,210,120,16,124,33,293,100,50,150,443
04/07/2004,MWH,WA,ANM,WE,Towers with Radar,12,11,23,33,79,2,1,95,4,102,14,12,118,37,181,262,61,323,504
04/08/2004,MWH,WA,ANM,WE,Towers with Radar,12,11,24,34,81,64,5,82,12,163,76,16,106,46,244,238,94,332,576
04/09/2004,MWH,WA,ANM,WE,Towers with Radar,7,6,15,21,49,99,9,26,23,157,106,15,41,44,206,12,94,106,312
04/10/2004,MWH,WA,ANM,WE,Towers with Radar,2,3,6,7,18,33,6,15,3,57,35,9,21,10,75,0,70,70,145
04/11/2004,MWH,WA,ANM,WE,Towers with Radar,0,1,3,2,6,0,4,4,0,8,0,5,7,2,14,0,0,0,14
04/12/2004,MWH,WA,ANM,WE,Towers with Radar,11,11,22,32,76,101,6,63,19,189,112,17,85,51,265,126,129,255,520
04/13/2004,MWH,WA,ANM,WE,Towers with Radar,20,15,36,52,123,80,0,57,7,144,100,15,93,59,267,110,123,233,500
04/14/2004,MWH,WA,ANM,WE,Towers with Radar,14,11,25,25,75,105,4,98,0,207,119,15,123,25,282,218,98,316,598
04/15/2004,MWH,WA,ANM,WE,Towers with Radar,12,9,21,30,72,34,7,77,1,119,46,16,98,31,191,140,116,256,447
04/16/2004,MWH,WA,ANM,WE,Towers with Radar,9,7,17,24,57,64,4,7,5,80,73,11,24,29,137,4,90,94,231
04/17/2004,MWH,WA,ANM,WE,Towers with Radar,11,6,20,28,65,91,0,17,19,127,102,6,37,47,192,26,86,112,304
04/18/2004,MWH,WA,ANM,WE,Towers with Radar,6,4,11,15,36,3,2,8,17,30,9,6,19,32,66,20,58,78,144
04/19/2004,MWH,WA,ANM,WE,Towers with Radar,14,11,26,31,82,46,3,90,0,139,60,14,116,31,221,79,85,164,385
04/20/2004,MWH,WA,ANM,WE,Towers with Radar,12,13,28,28,81,0,8,36,0,44,12,21,64,28,125,142,82,224,349
04/21/2004,MWH,WA,ANM,WE,Towers with Radar,13,11,22,30,76,57,1,68,0,126,70,12,90,30,202,300,40,340,542
04/22/2004,MWH,WA,ANM,WE,Towers with Radar,9,8,16,25,58,35,10,101,9,155,44,18,117,34,213,70,135,205,418
04/23/2004,MWH,WA,ANM,WE,Towers with Radar,9,7,15,24,55,48,4,8,10,70,57,11,23,34,125,12,154,166,291
04/24/2004,MWH,WA,ANM,WE,Towers with Radar,8,6,14,21,49,58,2,46,9,115,66,8,60,30,164,26,130,156,320
04/25/2004,MWH,WA,ANM,WE,Towers with Radar,0,4,6,11,21,0,2,18,3,23,0,6,24,14,44,8,2,10,54
04/26/2004,MWH,WA,ANM,WE,Towers with Radar,12,11,21,32,76,33,4,82,11,130,45,15,103,43,206,144,78,222,428
04/27/2004,MWH,WA,ANM,WE,Towers with Radar,1,10,20,30,61,0,2,15,6,23,1,12,35,36,84,154,61,215,299
04/28/2004,MWH,WA,ANM,WE,Towers with Radar,4,10,20,27,61,0,14,16,0,30,4,24,36,27,91,114,54,168,259
04/29/2004,MWH,WA,ANM,WE,Towers with Radar,6,11,22,34,73,0,6,118,29,153,6,17,140,63,226,248,124,372,598
04/30/2004,MWH,WA,ANM,WE,Towers with Radar,0,7,12,20,39,0,1,43,9,53,0,8,55,29,92,14,50,64,156
05/01/2004,MWH,WA,ANM,WE,Towers with Radar,0,8,16,15,39,0,11,56,16,83,0,19,72,31,122,44,74,118,240
05/02/2004,MWH,WA,ANM,WE,Towers with Radar,0,3,9,8,20,0,3,12,6,21,0,6,21,14,41,10,36,46,87
05/03/2004,MWH,WA,ANM,WE,Towers with Radar,6,8,20,10,44,6,4,137,0,147,12,12,157,10,191,119,33,152,343
05/04/2004,MWH,WA,ANM,WE,Towers with Radar,7,9,21,16,53,7,2,72,0,81,14,11,93,16,134,190,53,243,377
05/05/2004,MWH,WA,ANM,WE,Towers with Radar,8,9,22,14,53,8,1,67,0,76,16,10,89,14,129,121,39,160,289
05/06/2004,MWH,WA,ANM,WE,Towers with Radar,10,10,26,19,65,3,7,103,0,113,13,17,129,19,178,230,52,282,460
05/07/2004,MWH,WA,ANM,WE,Towers with Radar,6,5,15,8,34,3,6,7,0,16,9,11,22,8,50,16,10,26,76
05/08/2004,MWH,WA,ANM,WE,Towers with Radar,0,6,18,17,41,0,7,4,24,35,0,13,22,41,76,40,56,96,172
05/09/2004,MWH,WA,ANM,WE,Towers with Radar,6,4,16,15,41,3,0,4,19,26,9,4,20,34,67,14,101,115,182
05/10/2004,MWH,WA,ANM,WE,Towers with Radar,9,7,25,25,66,0,0,65,4,69,9,7,90,29,135,222,188,410,545
05/11/2004,MWH,WA,ANM,WE,Towers with Radar,12,12,31,31,86,24,0,60,3,87,36,12,91,34,173,235,64,299,472
05/12/2004,MWH,WA,ANM,WE,Towers with Radar,2,10,23,12,47,0,1,88,0,89,2,11,111,12,136,168,36,204,340
05/13/2004,MWH,WA,ANM,WE,Towers with Radar,9,9,25,20,63,5,0,117,0,122,14,9,142,20,185,229,6,235,420
05/14/2004,MWH,WA,ANM,WE,Towers with Radar,6,7,15,8,36,1,4,40,0,45,7,11,55,8,81,22,32,54,135
05/15/2004,MWH,WA,ANM,WE,Towers with Radar,0,4,10,10,24,0,2,25,12,39,0,6,35,22,63,0,66,66,129
05/16/2004,MWH,WA,ANM,WE,Towers with Radar,6,6,6,24,42,0,0,0,48,48,6,6,6,72,90,0,42,42,132
05/17/2004,MWH,WA,ANM,WE,Towers with Radar,10,13,28,22,73,7,4,44,0,55,17,17,72,22,128,181,32,213,341
05/18/2004,MWH,WA,ANM,WE,Towers with Radar,11,14,30,30,85,2,5,118,0,125,13,19,148,30,210,182,109,291,501
05/19/2004,MWH,WA,ANM,WE,Towers with Radar,6,11,23,24,64,0,3,88,11,102,6,14,111,35,166,282,117,399,565
05/20/2004,MWH,WA,ANM,WE,Towers with Radar,6,9,17,12,44,1,7,75,0,83,7,16,92,12,127,185,20,205,332
05/21/2004,MWH,WA,ANM,WE,Towers with Radar,5,8,16,17,46,10,3,0,1,14,15,11,16,18,60,2,54,56,116
05/22/2004,MWH,WA,ANM,WE,Towers with Radar,1,6,16,17,40,0,0,23,14,37,1,6,39,31,77,24,110,134,211
05/23/2004,MWH,WA,ANM,WE,Towers with Radar,0,6,10,13,29,0,5,0,17,22,0,11,10,30,51,12,60,72,123
05/24/2004,MWH,WA,ANM,WE,Towers with Radar,10,14,28,30,82,20,8,91,5,124,30,22,119,35,206,326,118,444,650
05/25/2004,MWH,WA,ANM,WE,Towers with Radar,9,12,24,25,70,35,1,85,9,130,44,13,109,34,200,155,107,262,462
05/26/2004,MWH,WA,ANM,WE,Towers with Radar,0,10,21,22,53,0,3,63,4,70,0,13,84,26,123,239,49,288,411
05/27/2004,MWH,WA,ANM,WE,Towers with Radar,7,10,20,22,59,7,3,67,6,83,14,13,87,28,142,88,85,173,315
05/28/2004,MWH,WA,ANM,WE,Towers with Radar,9,12,24,5,50,1,9,23,0,33,10,21,47,5,83,12,18,30,113
05/29/2004,MWH,WA,ANM,WE,Towers with Radar,0,5,10,2,17,0,5,60,0,65,0,10,70,2,82,20,4,24,106
05/30/2004,MWH,WA,ANM,WE,Towers with Radar,2,3,6,2,13,3,8,13,0,24,5,11,19,2,37,16,0,16,53
05/31/2004,MWH,WA,ANM,WE,Towers with Radar,0,3,6,1,10,0,3,19,0,22,0,6,25,1,32,7,2,9,41
06/01/2004,MWH,WA,ANM,WE,Towers with Radar,0,8,22,22,52,0,14,81,26,121,0,22,103,48,173,255,122,377,550
06/02/2004,MWH,WA,ANM,WE,Towers with Radar,7,8,21,11,47,0,3,131,0,134,7,11,152,11,181,290,20,310,491
06/03/2004,MWH,WA,ANM,WE,Towers with Radar,10,11,27,18,66,3,2,125,0,130,13,13,152,18,196,148,76,224,420
06/04/2004,MWH,WA,ANM,WE,Towers with Radar,0,5,12,11,28,0,10,12,6,28,0,15,24,17,56,10,19,29,85
06/05/2004,MWH,WA,ANM,WE,Towers with Radar,3,5,11,11,30,1,0,7,7,15,4,5,18,18,45,0,6,6,51
06/06/2004,MWH,WA,ANM,WE,Towers with Radar,0,3,5,11,19,0,0,0,24,24,0,3,5,35,43,0,66,66,109
06/07/2004,MWH,WA,ANM,WE,Towers with Radar,10,12,29,21,72,12,0,95,0,107,22,12,124,21,179,206,80,286,465
06/08/2004,MWH,WA,ANM,WE,Towers with Radar,13,11,37,37,98,0,0,78,31,109,13,11,115,68,207,288,96,384,591
06/09/2004,MWH,WA,ANM,WE,Towers with Radar,11,11,27,23,72,12,5,59,0,76,23,16,86,23,148,76,18,94,242
06/10/2004,MWH,WA,ANM,WE,Towers with Radar,15,10,36,34,95,1,0,2,0,3,16,10,38,34,98,22,84,106,204
06/11/2004,MWH,WA,ANM,WE,Towers with Radar,9,7,20,20,56,1,8,28,0,37,10,15,48,20,93,8,56,64,157
06/12/2004,MWH,WA,ANM,WE,Towers with Radar,4,6,31,31,72,0,0,12,48,60,4,6,43,79,132,34,106,140,272
06/13/2004,MWH,WA,ANM,WE,Towers with Radar,0,8,22,21,51,0,0,3,29,32,0,8,25,50,83,8,109,117,200
06/14/2004,MWH,WA,ANM,WE,Towers with Radar,9,8,22,22,61,50,6,8,2,66,59,14,30,24,127,0,74,74,201
06/15/2004,MWH,WA,ANM,WE,Towers with Radar,8,7,18,18,51,52,4,18,0,74,60,11,36,18,125,2,36,38,163
06/16/2004,MWH,WA,ANM,WE,Towers with Radar,8,6,17,19,50,8,8,5,15,36,16,14,22,34,86,16,100,116,202
06/17/2004,MWH,WA,ANM,WE,Towers with Radar,6,6,14,15,41,88,5,15,4,112,94,11,29,19,153,50,52,102,255
06/18/2004,MWH,WA,ANM,WE,Towers with Radar,9,7,14,20,50,45,6,0,0,51,54,13,14,20,101,8,52,60,161
06/19/2004,MWH,WA,ANM,WE,Towers with Radar,6,5,13,15,39,69,7,5,19,100,75,12,18,34,139,6,52,58,197
06/20/2004,MWH,WA,ANM,WE,Towers with Radar,0,5,13,14,32,0,5,15,24,44,0,10,28,38,76,6,118,124,200
06/21/2004,MWH,WA,ANM,WE,Towers with Radar,10,9,22,24,65,71,2,128,0,201,81,11,150,24,266,371,56,427,693
06/22/2004,MWH,WA,ANM,WE,Towers with Radar,12,8,27,27,74,53,0,112,0,165,65,8,139,27,239,228,68,296,535
06/23/2004,MWH,WA,ANM,WE,Towers with Radar,14,13,33,35,95,84,3,113,1,201,98,16,146,36,296,232,108,340,636
06/24/2004,MWH,WA,ANM,WE,Towers with Radar,11,9,25,27,72,41,8,110,5,164,52,17,135,32,236,204,42,246,482
06/25/2004,MWH,WA,ANM,WE,Towers with Radar,12,11,28,30,81,62,11,132,0,205,74,22,160,30,286,200,80,280,566
06/26/2004,MWH,WA,ANM,WE,Towers with Radar,4,3,7,7,21,26,3,11,0,40,30,6,18,7,61,14,6,20,81
06/27/2004,MWH,WA,ANM,WE,Towers with Radar,0,4,10,12,26,0,2,4,26,32,0,6,14,38,58,10,84,94,152
06/28/2004,MWH,WA,ANM,WE,Towers with Radar,11,10,24,20,65,66,4,109,0,179,77,14,133,20,244,166,20,186,430
06/29/2004,MWH,WA,ANM,WE,Towers with Radar,16,14,37,27,94,28,0,109,0,137,44,14,146,27,231,270,85,355,586
06/30/2004,MWH,WA,ANM,WE,Towers with Radar,8,13,33,34,88,0,3,133,4,140,8,16,166,38,228,290,80,370,598
07/01/2004,MWH,WA,ANM,WE,Towers with Radar,6,8,22,25,61,0,3,88,11,102,6,11,110,36,163,238,100,338,501
07/02/2004,MWH,WA,ANM,WE,Towers with Radar,7,5,17,7,36,1,8,73,0,82,8,13,90,7,118,304,12,316,434
07/03/2004,MWH,WA,ANM,WE,Towers with Radar,2,0,4,0,6,0,4,15,0,19,2,4,19,0,25,18,0,18,43
07/04/2004,MWH,WA,ANM,WE,Towers with Radar,1,0,4,0,5,0,5,12,0,17,1,5,16,0,22,0,0,0,22
07/05/2004,MWH,WA,ANM,WE,Towers with Radar,1,1,5,1,8,0,8,26,0,34,1,9,31,1,42,18,0,18,60
07/06/2004,MWH,WA,ANM,WE,Towers with Radar,11,12,32,37,92,7,10,113,4,134,18,22,145,41,226,374,120,494,720
07/07/2004,MWH,WA,ANM,WE,Towers with Radar,8,9,24,27,68,14,9,41,27,91,22,18,65,54,159,456,62,518,677
07/08/2004,MWH,WA,ANM,WE,Towers with Radar,10,14,34,40,98,26,2,167,13,208,36,16,201,53,306,400,164,564,870
07/09/2004,MWH,WA,ANM,WE,Towers with Radar,2,14,35,41,92,0,2,122,31,155,2,16,157,72,247,260,126,386,633
07/10/2004,MWH,WA,ANM,WE,Towers with Radar,0,6,20,24,50,0,0,34,16,50,0,6,54,40,100,24,128,152,252
07/11/2004,MWH,WA,ANM,WE,Towers with Radar,5,2,15,20,42,1,0,13,16,30,6,2,28,36,72,6,184,190,262
07/12/2004,MWH,WA,ANM,WE,Towers with Radar,6,8,18,10,42,9,1,118,0,128,15,9,136,10,170,160,46,206,376
07/13/2004,MWH,WA,ANM,WE,Towers with Radar,9,13,28,35,85,0,9,132,18,159,9,22,160,53,244,279,141,420,664
07/14/2004,MWH,WA,ANM,WE,Towers with Radar,11,15,35,43,104,18,0,93,0,111,29,15,128,43,215,188,43,231,446
07/15/2004,MWH,WA,ANM,WE,Towers with Radar,13,10,40,49,112,11,0,121,28,160,24,10,161,77,272,180,100,280,552
07/16/2004,MWH,WA,ANM,WE,Towers with Radar,7,10,22,28,67,98,2,124,26,250,105,12,146,54,317,318,55,373,690
07/17/2004,MWH,WA,ANM,WE,Towers with Radar,7,5,21,26,59,3,0,13,37,53,10,5,34,63,112,38,108,146,258
07/18/2004,MWH,WA,ANM,WE,Towers with Radar,0,6,16,21,43,0,0,7,36,43,0,6,23,57,86,46,170,216,302
07/19/2004,MWH,WA,ANM,WE,Towers with Radar,11,14,32,24,81,63,11,74,0,148,74,25,106,24,229,154,60,214,443
07/20/2004,MWH,WA,ANM,WE,Towers with Radar,7,10,22,5,44,141,8,110,0,259,148,18,132,5,303,236,8,244,547
07/21/2004,MWH,WA,ANM,WE,Towers with Radar,6,8,18,19,51,48,11,106,0,165,54,19,124,19,216,230,78,308,524
07/22/2004,MWH,WA,ANM,WE,Towers with Radar,1,11,25,31,68,0,9,128,11,148,1,20,153,42,216,216,26,242,458
07/23/2004,MWH,WA,ANM,WE,Towers with Radar,4,10,22,28,64,0,5,128,7,140,4,15,150,35,204,200,50,250,454
07/24/2004,MWH,WA,ANM,WE,Towers with Radar,0,9,20,25,54,0,0,24,26,50,0,9,44,51,104,15,86,101,205
07/25/2004,MWH,WA,ANM,WE,Towers with Radar,3,7,17,19,46,0,2,31,12,45,3,9,48,31,91,0,62,62,153
07/26/2004,MWH,WA,ANM,WE,Towers with Radar,10,13,30,35,88,0,3,81,30,114,10,16,111,65,202,206,139,345,547
07/27/2004,MWH,WA,ANM,WE,Towers with Radar,1,10,24,9,44,0,17,90,0,107,1,27,114,9,151,120,25,145,296
07/28/2004,MWH,WA,ANM,WE,Towers with Radar,9,12,29,33,83,8,3,83,7,101,17,15,112,40,184,177,87,264,448
07/29/2004,MWH,WA,ANM,WE,Towers with Radar,7,10,23,25,65,0,6,65,0,71,7,16,88,25,136,90,87,177,313
07/30/2004,MWH,WA,ANM,WE,Towers with Radar,4,7,15,0,26,12,15,50,0,77,16,22,65,0,103,22,0,22,125
07/31/2004,MWH,WA,ANM,WE,Towers with Radar,2,4,8,0,14,62,3,68,0,133,64,7,76,0,147,32,0,32,179
08/01/2004,MWH,WA,ANM,WE,Towers with Radar,1,3,2,0,6,1,2,19,0,22,2,5,21,0,28,0,0,0,28
08/02/2004,MWH,WA,ANM,WE,Towers with Radar,12,16,12,15,55,9,0,13,14,36,21,16,25,29,91,23,28,51,142
08/03/2004,MWH,WA,ANM,WE,Towers with Radar,9,10,9,8,36,12,2,22,0,36,21,12,31,8,72,14,0,14,86
08/04/2004,MWH,WA,ANM,WE,Towers with Radar,8,8,8,8,32,4,10,24,0,38,12,18,32,8,70,0,4,4,74
08/05/2004,MWH,WA,ANM,WE,Towers with Radar,9,9,9,10,37,1,9,30,1,41,10,18,39,11,78,8,32,40,118
08/06/2004,MWH,WA,ANM,WE,Towers with Radar,7,10,7,10,34,0,5,12,1,18,7,15,19,11,52,12,52,64,116
08/07/2004,MWH,WA,ANM,WE,Towers with Radar,10,5,8,2,25,19,0,41,0,60,29,5,49,2,85,4,0,4,89
08/08/2004,MWH,WA,ANM,WE,Towers with Radar,0,4,3,3,10,0,4,18,3,25,0,8,21,6,35,48,32,80,115
08/09/2004,MWH,WA,ANM,WE,Towers with Radar,7,7,6,6,26,5,22,31,1,59,12,29,37,7,85,11,31,42,127
08/10/2004,MWH,WA,ANM,WE,Towers with Radar,10,13,11,4,38,16,6,28,0,50,26,19,39,4,88,50,0,50,138
08/11/2004,MWH,WA,ANM,WE,Towers with Radar,8,10,8,1,27,21,25,27,0,73,29,35,35,1,100,16,3,19,119
08/12/2004,MWH,WA,ANM,WE,Towers with Radar,7,8,7,8,30,2,17,34,13,66,9,25,41,21,96,20,44,64,160
08/13/2004,MWH,WA,ANM,WE,Towers with Radar,8,10,8,9,35,31,13,35,1,80,39,23,43,10,115,2,30,32,147
08/14/2004,MWH,WA,ANM,WE,Towers with Radar,6,8,6,8,28,0,0,66,5,71,6,8,72,13,99,82,46,128,227
08/15/2004,MWH,WA,ANM,WE,Towers with Radar,3,6,4,2,15,7,1,37,0,45,10,7,41,2,60,102,0,102,162
08/16/2004,MWH,WA,ANM,WE,Towers with Radar,7,13,9,5,34,0,3,63,0,66,7,16,72,5,100,90,14,104,204
08/17/2004,MWH,WA,ANM,WE,Towers with Radar,10,16,12,14,52,0,24,19,8,51,10,40,31,22,103,10,38,48,151
08/18/2004,MWH,WA,ANM,WE,Towers with Radar,6,10,7,5,28,2,12,40,0,54,8,22,47,5,82,16,8,24,106
08/19/2004,MWH,WA,ANM,WE,Towers with Radar,8,11,9,9,37,57,8,34,5,104,65,19,43,14,141,8,28,36,177
08/20/2004,MWH,WA,ANM,WE,Towers with Radar,11,12,12,9,44,72,0,32,0,104,83,12,44,9,148,2,15,17,165
08/21/2004,MWH,WA,ANM,WE,Towers with Radar,6,7,6,0,19,18,2,34,0,54,24,9,40,0,73,12,0,12,85
08/22/2004,MWH,WA,ANM,WE,Towers with Radar,0,8,6,4,18,0,0,14,0,14,0,8,20,4,32,0,8,8,40
08/23/2004,MWH,WA,ANM,WE,Towers with Radar,5,13,9,10,37,0,6,45,6,57,5,19,54,16,94,26,45,71,165
08/24/2004,MWH,WA,ANM,WE,Towers with Radar,17,17,18,4,56,19,0,20,0,39,36,17,38,4,95,36,8,44,139
08/25/2004,MWH,WA,ANM,WE,Towers with Radar,12,17,13,14,56,23,2,5,6,36,35,19,18,20,92,3,4,7,99
08/26/2004,MWH,WA,ANM,WE,Towers with Radar,10,15,12,12,49,82,2,46,3,133,92,17,58,15,182,10,52,62,244
08/27/2004,MWH,WA,ANM,WE,Towers with Radar,9,13,10,10,42,64,2,38,4,108,73,15,48,14,150,15,9,24,174
08/28/2004,MWH,WA,ANM,WE,Towers with Radar,6,6,7,8,27,0,0,21,14,35,6,6,28,22,62,6,40,46,108
08/29/2004,MWH,WA,ANM,WE,Towers with Radar,1,8,6,4,19,0,2,27,0,29,1,10,33,4,48,10,48,58,106
08/30/2004,MWH,WA,ANM,WE,Towers with Radar,10,14,11,11,46,10,3,36,4,53,20,17,47,15,99,13,15,28,127
08/31/2004,MWH,WA,ANM,WE,Towers with Radar,12,18,13,6,49,5,5,29,0,39,17,23,42,6,88,49,52,101,189
09/01/2004,MWH,WA,ANM,WE,Towers with Radar,13,13,13,23,62,21,8,28,0,57,34,21,41,23,119,16,42,58,177
09/02/2004,MWH,WA,ANM,WE,Towers with Radar,11,10,11,13,45,52,2,22,0,76,63,12,33,13,121,4,43,47,168
09/03/2004,MWH,WA,ANM,WE,Towers with Radar,13,12,11,24,60,102,13,24,0,139,115,25,35,24,199,44,54,98,297
09/04/2004,MWH,WA,ANM,WE,Towers with Radar,0,7,9,22,38,0,0,38,16,54,0,7,47,38,92,4,98,102,194
09/05/2004,MWH,WA,ANM,WE,Towers with Radar,5,8,7,19,39,0,2,15,9,26,5,10,22,28,65,0,82,82,147
09/06/2004,MWH,WA,ANM,WE,Towers with Radar,0,5,4,5,14,0,0,20,0,20,0,5,24,5,34,6,60,66,100
09/07/2004,MWH,WA,ANM,WE,Towers with Radar,0,8,7,19,34,0,14,33,10,57,0,22,40,29,91,24,73,97,188
09/08/2004,MWH,WA,ANM,WE,Towers with Radar,15,15,15,31,76,23,0,36,0,59,38,15,51,31,135,44,104,148,283
09/09/2004,MWH,WA,ANM,WE,Towers with Radar,0,10,10,20,40,0,13,22,0,35,0,23,32,20,75,2,78,80,155
09/10/2004,MWH,WA,ANM,WE,Towers with Radar,10,11,10,26,57,25,5,41,18,89,35,16,51,44,146,6,68,74,220
09/11/2004,MWH,WA,ANM,WE,Towers with Radar,8,6,9,11,34,20,0,9,0,29,28,6,18,11,63,2,56,58,121
09/12/2004,MWH,WA,ANM,WE,Towers with Radar,10,6,12,25,53,2,0,29,13,44,12,6,41,38,97,72,162,234,331
09/13/2004,MWH,WA,ANM,WE,Towers with Radar,20,14,21,36,91,39,0,5,0,44,59,14,26,36,135,58,76,134,269
09/14/2004,MWH,WA,ANM,WE,Towers with Radar,11,10,11,25,57,12,8,54,19,93,23,18,65,44,150,22,112,134,284
09/15/2004,MWH,WA,ANM,WE,Towers with Radar,11,10,12,25,58,9,2,68,1,80,20,12,80,26,138,42,94,136,274
09/16/2004,MWH,WA,ANM,WE,Towers with Radar,11,10,12,25,58,1,8,91,22,122,12,18,103,47,180,64,148,212,392
09/17/2004,MWH,WA,ANM,WE,Towers with Radar,15,13,15,33,76,16,6,3,6,31,31,19,18,39,107,8,236,244,351
09/18/2004,MWH,WA,ANM,WE,Towers with Radar,0,6,8,17,31,0,0,30,13,43,0,6,38,30,74,18,72,90,164
09/19/2004,MWH,WA,ANM,WE,Towers with Radar,1,6,7,15,29,0,5,11,22,38,1,11,18,37,67,4,114,118,185
09/20/2004,MWH,WA,ANM,WE,Towers with Radar,10,7,10,21,48,51,13,117,14,195,61,20,127,35,243,208,74,282,525
09/21/2004,MWH,WA,ANM,WE,Towers with Radar,8,7,8,17,40,86,7,122,3,218,94,14,130,20,258,171,57,228,486
09/22/2004,MWH,WA,ANM,WE,Towers with Radar,17,15,17,32,81,71,0,140,0,211,88,15,157,32,292,200,100,300,592
09/23/2004,MWH,WA,ANM,WE,Towers with Radar,9,9,11,24,53,0,11,109,13,133,9,20,120,37,186,210,104,314,500
09/24/2004,MWH,WA,ANM,WE,Towers with Radar,13,11,13,25,62,2,3,50,0,55,15,14,63,25,117,76,82,158,275
09/25/2004,MWH,WA,ANM,WE,Towers with Radar,4,5,10,21,40,0,0,17,45,62,4,5,27,66,102,10,90,100,202
09/26/2004,MWH,WA,ANM,WE,Towers with Radar,2,6,10,22,40,0,0,12,34,46,2,6,22,56,86,8,162,170,256
09/27/2004,MWH,WA,ANM,WE,Towers with Radar,7,6,6,16,35,1,12,129,14,156,8,18,135,30,191,240,90,330,521
09/28/2004,MWH,WA,ANM,WE,Towers with Radar,13,12,12,21,58,13,4,129,0,146,26,16,141,21,204,136,52,188,392
09/29/2004,MWH,WA,ANM,WE,Towers with Radar,11,10,10,25,56,16,10,108,4,138,27,20,118,29,194,254,92,346,540
09/30/2004,MWH,WA,ANM,WE,Towers with Radar,12,11,11,27,61,28,10,90,13,141,40,21,101,40,202,156,93,249,451
10/01/2004,MWH,WA,ANM,WE,Towers with Radar,10,10,0,14,34,17,0,27,1,45,27,10,27,15,79,72,56,128,207
10/02/2004,MWH,WA,ANM,WE,Towers with Radar,8,39,1,46,94,8,18,18,29,73,16,57,19,75,167,26,140,166,333
10/03/2004,MWH,WA,ANM,WE,Towers with Radar,2,20,2,24,48,1,9,16,16,42,3,29,18,40,90,32,92,124,214
10/04/2004,MWH,WA,ANM,WE,Towers with Radar,10,13,5,16,44,1,6,81,12,100,11,19,86,28,144,230,56,286,430
10/05/2004,MWH,WA,ANM,WE,Towers with Radar,21,8,17,21,67,1,1,76,3,81,22,9,93,24,148,172,48,220,368
10/06/2004,MWH,WA,ANM,WE,Towers with Radar,22,8,3,22,55,58,2,44,21,125,80,10,47,43,180,344,160,504,684
10/07/2004,MWH,WA,ANM,WE,Towers with Radar,19,11,4,22,56,9,16,114,5,144,28,27,118,27,200,189,62,251,451
10/08/2004,MWH,WA,ANM,WE,Towers with Radar,15,11,5,17,48,22,5,14,8,49,37,16,19,25,97,10,66,76,173
10/09/2004,MWH,WA,ANM,WE,Towers with Radar,0,3,4,12,19,0,3,13,0,16,0,6,17,12,35,6,58,64,99
10/10/2004,MWH,WA,ANM,WE,Towers with Radar,0,5,15,37,57,0,0,13,1,14,0,5,28,38,71,11,104,115,186
10/11/2004,MWH,WA,ANM,WE,Towers with Radar,9,7,3,29,48,0,5,99,0,104,9,12,102,29,152,194,108,302,454
10/12/2004,MWH,WA,ANM,WE,Towers with Radar,18,13,19,28,78,32,7,80,11,130,50,20,99,39,208,190,72,262,470
10/13/2004,MWH,WA,ANM,WE,Towers with Radar,11,11,6,15,43,4,5,97,3,109,15,16,103,18,152,222,90,312,464
10/14/2004,MWH,WA,ANM,WE,Towers with Radar,8,14,18,52,92,0,5,95,6,106,8,19,113,58,198,185,104,289,487
10/15/2004,MWH,WA,ANM,WE,Towers with Radar,2,13,3,33,51,1,3,9,0,13,3,16,12,33,64,20,40,60,124
10/16/2004,MWH,WA,ANM,WE,Towers with Radar,4,7,10,11,32,0,0,16,0,16,4,7,26,11,48,6,14,20,68
10/17/2004,MWH,WA,ANM,WE,Towers with Radar,0,8,3,1,12,0,2,1,1,4,0,10,4,2,16,0,2,2,18
10/18/2004,MWH,WA,ANM,WE,Towers with Radar,10,15,17,6,48,4,0,77,10,91,14,15,94,16,139,271,26,297,436
10/19/2004,MWH,WA,ANM,WE,Towers with Radar,3,21,35,14,73,3,0,61,0,64,6,21,96,14,137,264,64,328,465
10/20/2004,MWH,WA,ANM,WE,Towers with Radar,4,15,7,15,41,3,3,124,0,130,7,18,131,15,171,286,22,308,479
10/21/2004,MWH,WA,ANM,WE,Towers with Radar,12,14,17,14,57,24,7,137,1,169,36,21,154,15,226,198,18,216,442
10/22/2004,MWH,WA,ANM,WE,Towers with Radar,2,12,15,11,40,3,3,30,0,36,5,15,45,11,76,10,18,28,104
10/23/2004,MWH,WA,ANM,WE,Towers with Radar,0,3,7,1,11,0,3,12,1,16,0,6,19,2,27,2,0,2,29
10/24/2004,MWH,WA,ANM,WE,Towers with Radar,0,5,4,10,19,0,0,9,10,19,0,5,13,20,38,0,49,49,87
10/25/2004,MWH,WA,ANM,WE,Towers with Radar,8,14,11,40,73,7,1,106,21,135,15,15,117,61,208,158,47,205,413
10/26/2004,MWH,WA,ANM,WE,Towers with Radar,0,12,27,27,66,0,7,59,4,70,0,19,86,31,136,152,42,194,330
10/27/2004,MWH,WA,ANM,WE,Towers with Radar,17,11,21,21,70,0,3,98,0,101,17,14,119,21,171,308,56,364,535
10/28/2004,MWH,WA,ANM,WE,Towers with Radar,12,11,4,21,48,2,2,83,4,91,14,13,87,25,139,190,78,268,407
10/29/2004,MWH,WA,ANM,WE,Towers with Radar,0,14,4,16,34,0,4,23,0,27,0,18,27,16,61,36,42,78,139
10/30/2004,MWH,WA,ANM,WE,Towers with Radar,0,7,7,22,36,0,2,11,3,16,0,9,18,25,52,4,60,64,116
10/31/2004,MWH,WA,ANM,WE,Towers with Radar,0,5,4,31,40,0,0,9,2,11,0,5,13,33,51,10,114,124,175
11/01/2004,MWH,WA,ANM,WE,Combined TRACON& Tower with Radar,4,15,12,34,65,0,1,13,53,67,4,16,25,87,132,389,277,666,798
11/02/2004,MWH,WA,ANM,WE,Combined TRACON& Tower with Radar,0,13,41,26,80,1,0,52,0,53,1,13,93,26,133,243,140,383,516
11/03/2004,MWH,WA,ANM,WE,Combined TRACON& Tower with Radar,9,11,11,40,71,0,3,102,0,105,9,14,113,40,176,252,105,357,533
11/04/2004,MWH,WA,ANM,WE,Combined TRACON& Tower with Radar,15,12,26,12,65,1,1,84,2,88,16,13,110,14,153,234,72,306,459
11/05/2004,MWH,WA,ANM,WE,Combined TRACON& Tower with Radar,12,13,14,31,70,28,6,28,0,62,40,19,42,31,132,110,98,208,340
11/06/2004,MWH,WA,ANM,WE,Combined TRACON& Tower with Radar,4,3,0,20,27,0,1,4,10,15,4,4,4,30,42,4,150,154,196
11/07/2004,MWH,WA,ANM,WE,Combined TRACON& Tower with Radar,2,6,0,25,33,3,0,0,81,84,5,6,0,106,117,18,48,66,183
11/08/2004,MWH,WA,ANM,WE,Combined TRACON& Tower with Radar,3,9,28,29,69,0,0,106,0,106,3,9,134,29,175,305,85,390,565
11/09/2004,MWH,WA,ANM,WE,Combined TRACON& Tower with Radar,19,14,25,36,94,21,0,72,0,93,40,14,97,36,187,225,92,317,504
11/10/2004,MWH,WA,ANM,WE,Combined TRACON& Tower with Radar,10,9,26,32,77,10,4,94,0,108,20,13,120,32,185,236,119,355,540
11/11/2004,MWH,WA,ANM,WE,Combined TRACON& Tower with Radar,8,9,16,4,37,0,2,24,0,26,8,11,40,4,63,46,10,56,119
11/12/2004,MWH,WA,ANM,WE,Combined TRACON& Tower with Radar,18,11,4,0,33,20,0,5,0,25,38,11,9,0,58,30,0,30,88
11/13/2004,MWH,WA,ANM,WE,Combined TRACON& Tower with Radar,6,5,14,15,40,68,0,0,0,68,74,5,14,15,108,6,22,28,136
11/14/2004,MWH,WA,ANM,WE,Combined TRACON& Tower with Radar,0,2,3,26,31,0,2,12,0,14,0,4,15,26,45,18,96,114,159
11/15/2004,MWH,WA,ANM,WE,Combined TRACON& Tower with Radar,8,17,12,59,96,24,0,40,0,64,32,17,52,59,160,94,163,257,417
11/16/2004,MWH,WA,ANM,WE,Combined TRACON& Tower with Radar,31,14,15,30,90,0,0,0,0,0,31,14,15,30,90,0,46,46,136
11/17/2004,MWH,WA,ANM,WE,Combined TRACON& Tower with Radar,6,14,10,20,50,56,14,40,38,148,62,28,50,58,198,68,60,128,326
11/18/2004,MWH,WA,ANM,WE,Combined TRACON& Tower with Radar,25,13,11,24,73,42,6,55,12,115,67,19,66,36,188,214,74,288,476
11/19/2004,MWH,WA,ANM,WE,Combined TRACON& Tower with Radar,40,13,32,29,114,113,2,27,22,164,153,15,59,51,278,12,130,142,420
11/20/2004,MWH,WA,ANM,WE,Combined TRACON& Tower with Radar,2,5,4,23,34,38,0,10,4,52,40,5,14,27,86,4,56,60,146
11/21/2004,MWH,WA,ANM,WE,Combined TRACON& Tower with Radar,7,5,21,42,75,1,0,13,23,37,8,5,34,65,112,8,126,134,246
11/22/2004,MWH,WA,ANM,WE,Combined TRACON& Tower with Radar,6,13,29,49,97,67,0,67,1,135,73,13,96,50,232,190,171,361,593
11/23/2004,MWH,WA,ANM,WE,Combined TRACON& Tower with Radar,9,12,23,15,59,47,0,69,0,116,56,12,92,15,175,216,68,284,459
11/24/2004,MWH,WA,ANM,WE,Combined TRACON& Tower with Radar,20,11,4,27,62,54,4,5,4,67,74,15,9,31,129,0,136,136,265
11/25/2004,MWH,WA,ANM,WE,Combined TRACON& Tower with Radar,0,8,0,2,10,0,0,1,8,9,0,8,1,10,19,0,0,0,19
11/26/2004,MWH,WA,ANM,WE,Combined TRACON& Tower with Radar,11,10,10,0,31,57,0,12,0,69,68,10,22,0,100,14,0,14,114
11/27/2004,MWH,WA,ANM,WE,Combined TRACON& Tower with Radar,6,5,2,30,43,16,0,21,7,44,22,5,23,37,87,4,37,41,128
11/28/2004,MWH,WA,ANM,WE,Combined TRACON& Tower with Radar,0,8,3,25,36,0,0,10,10,20,0,8,13,35,56,2,106,108,164
11/29/2004,MWH,WA,ANM,WE,Combined TRACON& Tower with Radar,20,16,19,17,72,63,7,71,7,148,83,23,90,24,220,176,70,246,466
11/30/2004,MWH,WA,ANM,WE,Combined TRACON& Tower with Radar,15,10,40,33,98,49,2,38,4,93,64,12,78,37,191,88,84,172,363
12/01/2004,MWH,WA,ANM,WE,Combined TRACON& Tower with Radar,13,12,20,31,76,45,2,72,4,123,58,14,92,35,199,140,120,260,459
12/02/2004,MWH,WA,ANM,WE,Combined TRACON& Tower with Radar,0,16,2,29,47,0,0,1,0,1,0,16,3,29,48,0,32,32,80
12/03/2004,MWH,WA,ANM,WE,Combined TRACON& Tower with Radar,17,24,4,6,51,0,0,0,0,0,17,24,4,6,51,0,0,0,51
12/04/2004,MWH,WA,ANM,WE,Combined TRACON& Tower with Radar,0,4,2,21,27,33,0,3,11,47,33,4,5,32,74,4,66,70,144
12/05/2004,MWH,WA,ANM,WE,Combined TRACON& Tower with Radar,10,5,1,54,70,78,1,15,6,100,88,6,16,60,170,18,232,250,420
12/06/2004,MWH,WA,ANM,WE,Combined TRACON& Tower with Radar,23,14,16,56,109,47,0,6,0,53,70,14,22,56,162,4,35,39,201
12/07/2004,MWH,WA,ANM,WE,Combined TRACON& Tower with Radar,0,20,3,13,36,0,0,7,0,7,0,20,10,13,43,12,7,19,62
12/08/2004,MWH,WA,ANM,WE,Combined TRACON& Tower with Radar,12,12,1,29,54,74,8,3,5,90,86,20,4,34,144,0,72,72,216
12/09/2004,MWH,WA,ANM,WE,Combined TRACON& Tower with Radar,6,11,12,32,61,80,1,0,8,89,86,12,12,40,150,2,128,130,280
12/10/2004,MWH,WA,ANM,WE,Combined TRACON& Tower with Radar,7,23,1,22,53,29,0,0,0,29,36,23,1,22,82,0,66,66,148
12/11/2004,MWH,WA,ANM,WE,Combined TRACON& Tower with Radar,6,3,8,24,41,90,0,6,24,120,96,3,14,48,161,6,82,88,249
12/12/2004,MWH,WA,ANM,WE,Combined TRACON& Tower with Radar,8,5,11,16,40,4,1,7,3,15,12,6,18,19,55,32,94,126,181
12/13/2004,MWH,WA,ANM,WE,Combined TRACON& Tower with Radar,30,10,16,32,88,83,0,15,0,98,113,10,31,32,186,4,98,102,288
12/14/2004,MWH,WA,ANM,WE,Combined TRACON& Tower with Radar,4,13,11,42,70,64,2,9,4,79,68,15,20,46,149,10,87,97,246
12/15/2004,MWH,WA,ANM,WE,Combined TRACON& Tower with Radar,5,20,6,22,53,0,0,0,0,0,5,20,6,22,53,0,26,26,79
12/16/2004,MWH,WA,ANM,WE,Combined TRACON& Tower with Radar,12,20,18,34,84,25,0,0,0,25,37,20,18,34,109,8,82,90,199
12/17/2004,MWH,WA,ANM,WE,Combined TRACON& Tower with Radar,10,27,14,16,67,2,7,0,3,12,12,34,14,19,79,6,24,30,109
12/18/2004,MWH,WA,ANM,WE,Combined TRACON& Tower with Radar,20,7,1,46,74,20,0,1,0,21,40,7,2,46,95,0,2,2,97
12/19/2004,MWH,WA,ANM,WE,Combined TRACON& Tower with Radar,16,5,20,15,56,34,0,1,0,35,50,5,21,15,91,2,14,16,107
12/20/2004,MWH,WA,ANM,WE,Combined TRACON& Tower with Radar,12,12,21,25,70,17,4,19,0,40,29,16,40,25,110,2,74,76,186
12/21/2004,MWH,WA,ANM,WE,Combined TRACON& Tower with Radar,4,17,3,33,57,28,5,11,0,44,32,22,14,33,101,2,176,178,279
12/22/2004,MWH,WA,ANM,WE,Combined TRACON& Tower with Radar,5,10,11,40,66,0,4,27,0,31,5,14,38,40,97,0,86,86,183
12/23/2004,MWH,WA,ANM,WE,Combined TRACON& Tower with Radar,0,18,0,30,48,0,0,14,0,14,0,18,14,30,62,14,149,163,225
12/24/2004,MWH,WA,ANM,WE,Combined TRACON& Tower with Radar,0,17,0,5,22,0,0,7,7,14,0,17,7,12,36,0,74,74,110
12/25/2004,MWH,WA,ANM,WE,Combined TRACON& Tower with Radar,0,3,0,0,3,0,0,0,0,0,0,3,0,0,3,0,0,0,3
12/26/2004,MWH,WA,ANM,WE,Combined TRACON& Tower with Radar,0,5,3,0,8,0,0,3,0,3,0,5,6,0,11,4,0,4,15
12/27/2004,MWH,WA,ANM,WE,Combined TRACON& Tower with Radar,0,15,2,7,24,0,5,13,1,19,0,20,15,8,43,2,2,4,47
12/28/2004,MWH,WA,ANM,WE,Combined TRACON& Tower with Radar,1,21,1,6,29,0,0,3,4,7,1,21,4,10,36,0,4,4,40
12/29/2004,MWH,WA,ANM,WE,Combined TRACON& Tower with Radar,1,14,2,0,17,0,0,0,0,0,1,14,2,0,17,0,0,0,17
12/30/2004,MWH,WA,ANM,WE,Combined TRACON& Tower with Radar,0,19,5,10,34,0,0,0,0,0,0,19,5,10,34,0,0,0,34
12/31/2004,MWH,WA,ANM,WE,Combined TRACON& Tower with Radar,0,14,3,0,17,0,4,8,0,12,0,18,11,0,29,12,0,12,41
01/01/2005,MWH,WA,ANM,WE,Combined TRACON& Tower with Radar,0,6,7,0,13,0,1,0,0,1,0,7,7,0,14,0,0,0,14
01/02/2005,MWH,WA,ANM,WE,Combined TRACON& Tower with Radar,0,5,5,0,10,0,0,1,0,1,0,5,6,0,11,0,0,0,11
01/03/2005,MWH,WA,ANM,WE,Combined TRACON& Tower with Radar,0,14,7,18,39,0,0,0,0,0,0,14,7,18,39,20,54,74,113
01/04/2005,MWH,WA,ANM,WE,Combined TRACON& Tower with Radar,11,10,22,14,57,7,7,44,2,60,18,17,66,16,117,87,48,135,252
01/05/2005,MWH,WA,ANM,WE,Combined TRACON& Tower with Radar,1,15,17,18,51,0,4,51,0,55,1,19,68,18,106,140,80,220,326
01/06/2005,MWH,WA,ANM,WE,Combined TRACON& Tower with Radar,10,19,8,42,79,0,0,0,0,0,10,19,8,42,79,0,2,2,81
01/07/2005,MWH,WA,ANM,WE,Combined TRACON& Tower with Radar,4,15,2,9,30,0,0,0,0,0,4,15,2,9,30,0,0,0,30
01/08/2005,MWH,WA,ANM,WE,Combined TRACON& Tower with Radar,0,3,0,8,11,0,0,0,3,3,0,3,0,11,14,0,2,2,16
01/09/2005,MWH,WA,ANM,WE,Combined TRACON& Tower with Radar,0,10,5,9,24,0,0,1,0,1,0,10,6,9,25,0,20,20,45
01/10/2005,MWH,WA,ANM,WE,Combined TRACON& Tower with Radar,8,14,8,24,54,0,0,41,2,43,8,14,49,26,97,94,23,117,214
01/11/2005,MWH,WA,ANM,WE,Combined TRACON& Tower with Radar,0,19,13,16,48,0,0,37,0,37,0,19,50,16,85,272,26,298,383
01/12/2005,MWH,WA,ANM,WE,Combined TRACON& Tower with Radar,4,11,24,29,68,0,6,46,9,61,4,17,70,38,129,166,136,302,431
01/13/2005,MWH,WA,ANM,WE,Combined TRACON& Tower with Radar,8,9,31,23,71,0,5,72,2,79,8,14,103,25,150,210,46,256,406
01/14/2005,MWH,WA,ANM,WE,Combined TRACON& Tower with Radar,19,11,13,44,87,1,5,14,9,29,20,16,27,53,116,4,56,60,176
01/15/2005,MWH,WA,ANM,WE,Combined TRACON& Tower with Radar,13,4,10,10,37,0,2,5,13,20,13,6,15,23,57,0,7,7,64
01/16/2005,MWH,WA,ANM,WE,Combined TRACON& Tower with Radar,2,5,0,18,25,0,0,2,0,2,2,5,2,18,27,2,0,2,29
01/17/2005,MWH,WA,ANM,WE,Combined TRACON& Tower with Radar,4,10,0,0,14,0,0,1,0,1,4,10,1,0,15,0,0,0,15
01/18/2005,MWH,WA,ANM,WE,Combined TRACON& Tower with Radar,11,18,8,12,49,4,1,10,0,15,15,19,18,12,64,40,3,43,107
01/19/2005,MWH,WA,ANM,WE,Combined TRACON& Tower with Radar,14,14,31,26,85,67,4,58,0,129,81,18,89,26,214,169,34,203,417
01/20/2005,MWH,WA,ANM,WE,Combined TRACON& Tower with Radar,14,11,29,28,82,68,7,90,35,200,82,18,119,63,282,140,135,275,557
01/21/2005,MWH,WA,ANM,WE,Combined TRACON& Tower with Radar,0,14,3,11,28,0,0,1,0,1,0,14,4,11,29,0,8,8,37
01/22/2005,MWH,WA,ANM,WE,Combined TRACON& Tower with Radar,14,2,12,4,32,0,0,0,0,0,14,2,12,4,32,0,0,0,32
01/23/2005,MWH,WA,ANM,WE,Combined TRACON& Tower with Radar,4,4,7,12,27,55,0,8,12,75,59,4,15,24,102,2,42,44,146
01/24/2005,MWH,WA,ANM,WE,Combined TRACON& Tower with Radar,4,9,3,4,20,0,0,0,0,0,4,9,3,4,20,0,18,18,38
01/25/2005,MWH,WA,ANM,WE,Combined TRACON& Tower with Radar,12,16,16,21,65,61,0,64,0,125,73,16,80,21,190,128,55,183,373
01/26/2005,MWH,WA,ANM,WE,Combined TRACON& Tower with Radar,13,13,28,28,82,37,3,80,0,120,50,16,108,28,202,146,86,232,434
01/27/2005,MWH,WA,ANM,WE,Combined TRACON& Tower with Radar,1,15,1,8,25,0,0,3,2,5,1,15,4,10,30,0,64,64,94
01/28/2005,MWH,WA,ANM,WE,Combined TRACON& Tower with Radar,18,13,1,23,55,64,1,9,0,74,82,14,10,23,129,28,76,104,233
01/29/2005,MWH,WA,ANM,WE,Combined TRACON& Tower with Radar,15,7,4,44,70,1,0,0,0,1,16,7,4,44,71,0,22,22,93
01/30/2005,MWH,WA,ANM,WE,Combined TRACON& Tower with Radar,1,5,2,6,14,0,0,0,0,0,1,5,2,6,14,0,0,0,14
01/31/2005,MWH,WA,ANM,WE,Combined TRACON& Tower with Radar,0,13,21,6,40,0,0,51,0,51,0,13,72,6,91,150,8,158,249
02/01/2005,MWH,WA,ANM,WE,Combined TRACON& Tower with Radar,7,13,17,23,60,2,0,120,9,131,9,13,137,32,191,238,54,292,483
02/02/2005,MWH,WA,ANM,WE,Combined TRACON& Tower with Radar,0,10,9,16,35,0,5,99,4,108,0,15,108,20,143,144,62,206,349
02/03/2005,MWH,WA,ANM,WE,Combined TRACON& Tower with Radar,0,10,11,20,41,1,7,95,0,103,1,17,106,20,144,212,80,292,436
02/04/2005,MWH,WA,ANM,WE,Combined TRACON& Tower with Radar,0,12,6,30,48,0,3,9,10,22,0,15,15,40,70,12,82,94,164
02/05/2005,MWH,WA,ANM,WE,Combined TRACON& Tower with Radar,10,5,7,27,49,0,0,14,17,31,10,5,21,44,80,2,56,58,138
02/06/2005,MWH,WA,ANM,WE,Combined TRACON& Tower with Radar,0,3,5,36,44,0,0,3,6,9,0,3,8,42,53,6,48,54,107
02/07/2005,MWH,WA,ANM,WE,Combined TRACON& Tower with Radar,7,9,32,16,64,4,2,82,16,104,11,11,114,32,168,148,92,240,408
02/08/2005,MWH,WA,ANM,WE,Combined TRACON& Tower with Radar,12,10,30,15,67,0,22,90,10,122,12,32,120,25,189,196,33,229,418
02/09/2005,MWH,WA,ANM,WE,Combined TRACON& Tower with Radar,0,8,17,29,54,0,4,79,0,83,0,12,96,29,137,102,54,156,293
02/10/2005,MWH,WA,ANM,WE,Combined TRACON& Tower with Radar,7,6,22,31,66,5,5,102,5,117,12,11,124,36,183,136,124,260,443
02/11/2005,MWH,WA,ANM,WE,Combined TRACON& Tower with Radar,16,8,18,40,82,2,5,8,6,21,18,13,26,46,103,18,102,120,223
02/12/2005,MWH,WA,ANM,WE,Combined TRACON& Tower with Radar,0,4,14,21,39,0,4,10,18,32,0,8,24,39,71,18,102,120,191
02/13/2005,MWH,WA,ANM,WE,Combined TRACON& Tower with Radar,0,3,0,12,15,0,2,15,0,17,0,5,15,12,32,8,86,94,126
02/14/2005,MWH,WA,ANM,WE,Combined TRACON& Tower with Radar,5,11,17,24,57,0,9,77,0,86,5,20,94,24,143,214,33,247,390
02/15/2005,MWH,WA,ANM,WE,Combined TRACON& Tower with Radar,4,14,17,26,61,1,0,89,11,101,5,14,106,37,162,196,98,294,456
02/16/2005,MWH,WA,ANM,WE,Combined TRACON& Tower with Radar,6,9,14,20,49,0,11,112,6,129,6,20,126,26,178,282,68,350,528
02/17/2005,MWH,WA,ANM,WE,Combined TRACON& Tower with Radar,12,10,7,12,41,0,4,103,0,107,12,14,110,12,148,180,28,208,356
02/18/2005,MWH,WA,ANM,WE,Combined TRACON& Tower with Radar,2,8,6,28,44,0,4,27,7,38,2,12,33,35,82,6,54,60,142
02/19/2005,MWH,WA,ANM,WE,Combined TRACON& Tower with Radar,4,3,4,36,47,0,2,20,5,27,4,5,24,41,74,22,92,114,188
02/20/2005,MWH,WA,ANM,WE,Combined TRACON& Tower with Radar,10,8,6,12,36,5,5,28,23,61,15,13,34,35,97,8,74,82,179
02/21/2005,MWH,WA,ANM,WE,Combined TRACON& Tower with Radar,8,9,14,2,33,0,3,98,1,102,8,12,112,3,135,256,32,288,423
02/22/2005,MWH,WA,ANM,WE,Combined TRACON& Tower with Radar,18,16,20,21,75,7,1,123,0,131,25,17,143,21,206,204,32,236,442
02/23/2005,MWH,WA,ANM,WE,Combined TRACON& Tower with Radar,0,9,21,51,81,0,4,100,0,104,0,13,121,51,185,276,68,344,529
02/24/2005,MWH,WA,ANM,WE,Combined TRACON& Tower with Radar,7,9,21,53,90,1,7,67,4,79,8,16,88,57,169,106,82,188,357
02/25/2005,MWH,WA,ANM,WE,Combined TRACON& Tower with Radar,6,8,21,26,61,0,9,25,0,34,6,17,46,26,95,28,84,112,207
02/26/2005,MWH,WA,ANM,WE,Combined TRACON& Tower with Radar,0,4,21,2,27,0,2,16,0,18,0,6,37,2,45,18,0,18,63
02/27/2005,MWH,WA,ANM,WE,Combined TRACON& Tower with Radar,0,3,13,5,21,0,0,32,0,32,0,3,45,5,53,32,10,42,95
02/28/2005,MWH,WA,ANM,WE,Combined TRACON& Tower with Radar,10,15,33,8,66,0,4,31,0,35,10,19,64,8,101,242,22,264,365
03/01/2005,MWH,WA,ANM,WE,Combined TRACON& Tower with Radar,8,10,23,33,74,0,9,64,2,75,8,19,87,35,149,92,61,153,302
03/02/2005,MWH,WA,ANM,WE,Combined TRACON& Tower with Radar,10,8,22,16,56,0,7,69,0,76,10,15,91,16,132,192,66,258,390
03/03/2005,MWH,WA,ANM,WE,Combined TRACON& Tower with Radar,4,8,58,33,103,4,6,83,0,93,8,14,141,33,196,125,74,199,395
03/04/2005,MWH,WA,ANM,WE,Combined TRACON& Tower with Radar,6,11,26,22,65,4,0,13,0,17,10,11,39,22,82,18,52,70,152
03/05/2005,MWH,WA,ANM,WE,Combined TRACON& Tower with Radar,0,5,24,7,36,0,0,13,0,13,0,5,37,7,49,28,30,58,107
03/06/2005,MWH,WA,ANM,WE,Combined TRACON& Tower with Radar,0,2,4,4,10,0,2,7,10,19,0,4,11,14,29,12,38,50,79
03/07/2005,MWH,WA,ANM,WE,Combined TRACON& Tower with Radar,16,12,25,22,75,0,0,62,0,62,16,12,87,22,137,130,71,201,338
03/08/2005,MWH,WA,ANM,WE,Combined TRACON& Tower with Radar,9,11,40,16,76,3,9,72,0,84,12,20,112,16,160,92,52,144,304
03/09/2005,MWH,WA,ANM,WE,Combined TRACON& Tower with Radar,10,11,13,15,49,0,8,66,4,78,10,19,79,19,127,232,70,302,429
03/10/2005,MWH,WA,ANM,WE,Combined TRACON& Tower with Radar,10,19,15,12,56,0,4,50,0,54,10,23,65,12,110,82,50,132,242
03/11/2005,MWH,WA,ANM,WE,Combined TRACON& Tower with Radar,2,8,4,18,32,0,6,29,7,42,2,14,33,25,74,38,90,128,202
03/12/2005,MWH,WA,ANM,WE,Combined TRACON& Tower with Radar,0,9,1,28,38,0,5,10,6,21,0,14,11,34,59,0,40,40,99
03/13/2005,MWH,WA,ANM,WE,Combined TRACON& Tower with Radar,0,3,3,16,22,0,1,17,7,25,0,4,20,23,47,4,88,92,139
03/14/2005,MWH,WA,ANM,WE,Combined TRACON& Tower with Radar,10,10,20,19,59,1,4,45,10,60,11,14,65,29,119,104,52,156,275
03/15/2005,MWH,WA,ANM,WE,Combined TRACON& Tower with Radar,15,8,25,16,64,12,6,67,5,90,27,14,92,21,154,208,116,324,478
03/16/2005,MWH,WA,ANM,WE,Combined TRACON& Tower with Radar,10,9,6,4,29,7,9,16,2,34,17,18,22,6,63,12,0,12,75
03/17/2005,MWH,WA,ANM,WE,Combined TRACON& Tower with Radar,0,10,43,6,59,0,4,28,7,39,0,14,71,13,98,33,16,49,147
03/18/2005,MWH,WA,ANM,WE,Combined TRACON& Tower with Radar,9,8,6,30,53,0,5,6,0,11,9,13,12,30,64,6,36,42,106
03/19/2005,MWH,WA,ANM,WE,Combined TRACON& Tower with Radar,0,4,4,12,20,0,0,4,7,11,0,4,8,19,31,0,55,55,86
03/20/2005,MWH,WA,ANM,WE,Combined TRACON& Tower with Radar,0,4,4,18,26,0,2,10,4,16,0,6,14,22,42,18,76,94,136
03/21/2005,MWH,WA,ANM,WE,Combined TRACON& Tower with Radar,14,11,7,20,52,0,4,8,10,22,14,15,15,30,74,0,108,108,182
03/22/2005,MWH,WA,ANM,WE,Combined TRACON& Tower with Radar,4,8,7,5,24,6,4,3,4,17,10,12,10,9,41,13,30,43,84
03/23/2005,MWH,WA,ANM,WE,Combined TRACON& Tower with Radar,12,11,14,22,59,0,6,12,0,18,12,17,26,22,77,2,14,16,93
03/24/2005,MWH,WA,ANM,WE,Combined TRACON& Tower with Radar,0,9,14,19,42,0,6,16,4,26,0,15,30,23,68,34,52,86,154
03/25/2005,MWH,WA,ANM,WE,Combined TRACON& Tower with Radar,18,8,11,14,51,2,3,12,9,26,20,11,23,23,77,42,122,164,241
03/26/2005,MWH,WA,ANM,WE,Combined TRACON& Tower with Radar,4,5,2,23,34,0,1,8,0,9,4,6,10,23,43,0,42,42,85
03/27/2005,MWH,WA,ANM,WE,Combined TRACON& Tower with Radar,0,2,2,4,8,0,0,0,0,0,0,2,2,4,8,0,84,84,92
03/28/2005,MWH,WA,ANM,WE,Combined TRACON& Tower with Radar,2,9,15,39,65,0,5,49,14,68,2,14,64,53,133,142,217,359,492
03/29/2005,MWH,WA,ANM,WE,Combined TRACON& Tower with Radar,4,8,6,9,27,0,4,28,5,37,4,12,34,14,64,130,65,195,259
03/30/2005,MWH,WA,ANM,WE,Combined TRACON& Tower with Radar,0,8,18,11,37,0,12,79,5,96,0,20,97,16,133,496,10,506,639
03/31/2005,MWH,WA,ANM,WE,Combined TRACON& Tower with Radar,4,12,39,46,101,0,3,49,0,52,4,15,88,46,153,132,46,178,331
04/01/2005,MWH,WA,ANM,WE,Combined TRACON& Tower with Radar,26,10,7,30,73,0,4,4,21,29,26,14,11,51,102,6,96,102,204
04/02/2005,MWH,WA,ANM,WE,Combined TRACON& Tower with Radar,5,4,5,6,20,0,2,45,5,52,5,6,50,11,72,30,38,68,140
04/03/2005,MWH,WA,ANM,WE,Combined TRACON& Tower with Radar,0,6,9,33,48,0,2,14,11,27,0,8,23,44,75,32,86,118,193
04/04/2005,MWH,WA,ANM,WE,Combined TRACON& Tower with Radar,13,8,27,14,62,51,4,55,4,114,64,12,82,18,176,212,35,247,423
04/05/2005,MWH,WA,ANM,WE,Combined TRACON& Tower with Radar,35,7,16,17,75,69,6,71,3,149,104,13,87,20,224,124,42,166,390
04/06/2005,MWH,WA,ANM,WE,Combined TRACON& Tower with Radar,10,10,39,26,85,0,1,50,0,51,10,11,89,26,136,126,76,202,338
04/07/2005,MWH,WA,ANM,WE,Combined TRACON& Tower with Radar,1,9,42,26,78,1,6,74,9,90,2,15,116,35,168,122,94,216,384
04/08/2005,MWH,WA,ANM,WE,Combined TRACON& Tower with Radar,39,10,15,2,66,0,18,18,0,36,39,28,33,2,102,8,0,8,110
04/09/2005,MWH,WA,ANM,WE,Combined TRACON& Tower with Radar,2,5,7,1,15,0,1,5,2,8,2,6,12,3,23,0,22,22,45
04/10/2005,MWH,WA,ANM,WE,Combined TRACON& Tower with Radar,0,3,2,12,17,0,2,13,6,21,0,5,15,18,38,0,98,98,136
04/11/2005,MWH,WA,ANM,WE,Combined TRACON& Tower with Radar,6,15,15,18,54,4,4,41,2,51,10,19,56,20,105,64,102,166,271
04/12/2005,MWH,WA,ANM,WE,Combined TRACON& Tower with Radar,28,21,37,18,104,3,8,0,0,11,31,29,37,18,115,36,11,47,162
04/13/2005,MWH,WA,ANM,WE,Combined TRACON& Tower with Radar,6,8,51,13,78,4,4,66,10,84,10,12,117,23,162,124,72,196,358
04/14/2005,MWH,WA,ANM,WE,Combined TRACON& Tower with Radar,10,7,24,21,62,0,4,53,37,94,10,11,77,58,156,212,114,326,482
04/15/2005,MWH,WA,ANM,WE,Combined TRACON& Tower with Radar,22,10,21,33,86,1,2,14,8,25,23,12,35,41,111,25,76,101,212
04/16/2005,MWH,WA,ANM,WE,Combined TRACON& Tower with Radar,2,3,6,20,31,0,2,8,9,19,2,5,14,29,50,8,36,44,94
04/17/2005,MWH,WA,ANM,WE,Combined TRACON& Tower with Radar,6,3,3,9,21,0,1,15,5,21,6,4,18,14,42,2,51,53,95
04/18/2005,MWH,WA,ANM,WE,Combined TRACON& Tower with Radar,15,11,26,24,76,13,2,62,16,93,28,13,88,40,169,102,80,182,351
04/19/2005,MWH,WA,ANM,WE,Combined TRACON& Tower with Radar,8,5,24,8,45,87,5,83,2,177,95,10,107,10,222,154,0,154,376
04/20/2005,MWH,WA,ANM,WE,Combined TRACON& Tower with Radar,13,4,22,23,62,20,6,77,0,103,33,10,99,23,165,190,66,256,421
04/21/2005,MWH,WA,ANM,WE,Combined TRACON& Tower with Radar,36,9,35,44,124,41,2,94,0,137,77,11,129,44,261,120,54,174,435
04/22/2005,MWH,WA,ANM,WE,Combined TRACON& Tower with Radar,12,9,6,29,56,16,9,42,0,67,28,18,48,29,123,40,112,152,275
04/23/2005,MWH,WA,ANM,WE,Combined TRACON& Tower with Radar,0,5,6,6,17,8,0,17,6,31,8,5,23,12,48,24,32,56,104
04/24/2005,MWH,WA,ANM,WE,Combined TRACON& Tower with Radar,13,3,1,11,28,13,2,17,3,35,26,5,18,14,63,12,46,58,121
04/25/2005,MWH,WA,ANM,WE,Combined TRACON& Tower with Radar,0,10,38,28,76,0,3,51,10,64,0,13,89,38,140,188,116,304,444
04/26/2005,MWH,WA,ANM,WE,Combined TRACON& Tower with Radar,24,10,39,12,85,93,7,109,1,210,117,17,148,13,295,251,42,293,588
04/27/2005,MWH,WA,ANM,WE,Combined TRACON& Tower with Radar,0,16,5,7,28,0,7,6,0,13,0,23,11,7,41,22,10,32,73
04/28/2005,MWH,WA,ANM,WE,Combined TRACON& Tower with Radar,0,6,32,16,54,0,4,121,10,135,0,10,153,26,189,164,64,228,417
04/29/2005,MWH,WA,ANM,WE,Combined TRACON& Tower with Radar,0,6,7,27,40,0,6,43,0,49,0,12,50,27,89,54,112,166,255
04/30/2005,MWH,WA,ANM,WE,Combined TRACON& Tower with Radar,0,4,1,10,15,69,1,48,6,124,69,5,49,16,139,30,74,104,243
05/01/2005,MWH,WA,ANM,WE,Combined TRACON& Tower with Radar,0,3,1,10,14,0,3,10,2,15,0,6,11,12,29,0,16,16,45
05/02/2005,MWH,WA,ANM,WE,Combined TRACON& Tower with Radar,0,14,38,17,69,56,11,69,7,143,56,25,107,24,212,167,86,253,465
05/03/2005,MWH,WA,ANM,WE,Combined TRACON& Tower with Radar,2,8,19,9,38,64,6,81,0,151,66,14,100,9,189,170,35,205,394
05/04/2005,MWH,WA,ANM,WE,Combined TRACON& Tower with Radar,0,11,12,10,33,0,2,54,0,56,0,13,66,10,89,96,18,114,203
05/05/2005,MWH,WA,ANM,WE,Combined TRACON& Tower with Radar,3,8,9,2,22,5,5,92,0,102,8,13,101,2,124,170,0,170,294
05/06/2005,MWH,WA,ANM,WE,Combined TRACON& Tower with Radar,2,10,1,9,22,0,6,25,12,43,2,16,26,21,65,0,42,42,107
05/07/2005,MWH,WA,ANM,WE,Combined TRACON& Tower with Radar,0,5,4,5,14,63,2,42,0,107,63,7,46,5,121,40,36,76,197
05/08/2005,MWH,WA,ANM,WE,Combined TRACON& Tower with Radar,0,3,3,4,10,0,3,14,2,19,0,6,17,6,29,8,18,26,55
05/09/2005,MWH,WA,ANM,WE,Combined TRACON& Tower with Radar,5,13,28,13,59,0,1,19,0,20,5,14,47,13,79,90,20,110,189
05/10/2005,MWH,WA,ANM,WE,Combined TRACON& Tower with Radar,0,11,21,5,37,0,6,39,4,49,0,17,60,9,86,144,10,154,240
05/11/2005,MWH,WA,ANM,WE,Combined TRACON& Tower with Radar,1,11,35,12,59,1,2,64,0,67,2,13,99,12,126,151,29,180,306
05/12/2005,MWH,WA,ANM,WE,Combined TRACON& Tower with Radar,0,7,21,5,33,62,8,88,2,160,62,15,109,7,193,138,12,150,343
05/13/2005,MWH,WA,ANM,WE,Combined TRACON& Tower with Radar,0,9,2,3,14,88,3,42,2,135,88,12,44,5,149,20,22,42,191
05/14/2005,MWH,WA,ANM,WE,Combined TRACON& Tower with Radar,0,2,7,3,12,7,4,26,8,45,7,6,33,11,57,34,58,92,149
05/15/2005,MWH,WA,ANM,WE,Combined TRACON& Tower with Radar,0,3,4,6,13,0,1,10,4,15,0,4,14,10,28,4,10,14,42
05/16/2005,MWH,WA,ANM,WE,Combined TRACON& Tower with Radar,0,13,8,12,33,0,5,47,6,58,0,18,55,18,91,84,18,102,193
05/17/2005,MWH,WA,ANM,WE,Combined TRACON& Tower with Radar,0,9,9,4,22,16,5,58,5,84,16,14,67,9,106,199,33,232,338
05/18/2005,MWH,WA,ANM,WE,Combined TRACON& Tower with Radar,0,8,24,13,45,0,7,44,0,51,0,15,68,13,96,100,56,156,252
05/19/2005,MWH,WA,ANM,WE,Combined TRACON& Tower with Radar,6,9,12,4,31,1,4,46,0,51,7,13,58,4,82,160,0,160,242
05/20/2005,MWH,WA,ANM,WE,Combined TRACON& Tower with Radar,0,9,5,4,18,11,1,29,3,44,11,10,34,7,62,10,24,34,96
05/21/2005,MWH,WA,ANM,WE,Combined TRACON& Tower with Radar,0,4,0,7,11,0,4,10,1,15,0,8,10,8,26,0,24,24,50
05/22/2005,MWH,WA,ANM,WE,Combined TRACON& Tower with Radar,0,3,0,14,17,0,2,15,5,22,0,5,15,19,39,0,72,72,111
05/23/2005,MWH,WA,ANM,WE,Combined TRACON& Tower with Radar,0,9,8,8,25,0,2,80,3,85,0,11,88,11,110,156,18,174,284
05/24/2005,MWH,WA,ANM,WE,Combined TRACON& Tower with Radar,2,8,10,5,25,0,6,80,5,91,2,14,90,10,116,118,11,129,245
05/25/2005,MWH,WA,ANM,WE,Combined TRACON& Tower with Radar,0,6,15,3,24,0,13,60,4,77,0,19,75,7,101,114,0,114,215
05/26/2005,MWH,WA,ANM,WE,Combined TRACON& Tower with Radar,0,9,6,2,17,0,4,76,2,82,0,13,82,4,99,110,6,116,215
05/27/2005,MWH,WA,ANM,WE,Combined TRACON& Tower with Radar,0,13,7,6,26,0,3,17,5,25,0,16,24,11,51,2,62,64,115
05/28/2005,MWH,WA,ANM,WE,Combined TRACON& Tower with Radar,0,4,0,18,22,0,2,20,5,27,0,6,20,23,49,4,44,48,97
05/29/2005,MWH,WA,ANM,WE,Combined TRACON& Tower with Radar,0,5,0,1,6,0,0,10,3,13,0,5,10,4,19,0,10,10,29
05/30/2005,MWH,WA,ANM,WE,Combined TRACON& Tower with Radar,0,6,0,0,6,0,18,0,0,18,0,24,0,0,24,36,0,36,60
05/31/2005,MWH,WA,ANM,WE,Combined TRACON& Tower with Radar,0,8,9,10,27,0,11,37,4,52,0,19,46,14,79,70,92,162,241
06/01/2005,MWH,WA,ANM,WE,Combined TRACON& Tower with Radar,4,10,22,12,48,0,8,49,0,57,4,18,71,12,105,100,50,150,255
06/02/2005,MWH,WA,ANM,WE,Combined TRACON& Tower with Radar,1,7,21,7,36,0,6,45,0,51,1,13,66,7,87,78,20,98,185
06/03/2005,MWH,WA,ANM,WE,Combined TRACON& Tower with Radar,0,9,11,13,33,0,3,19,13,35,0,12,30,26,68,14,66,80,148
06/04/2005,MWH,WA,ANM,WE,Combined TRACON& Tower with Radar,0,3,5,7,15,0,5,28,5,38,0,8,33,12,53,6,40,46,99
06/05/2005,MWH,WA,ANM,WE,Combined TRACON& Tower with Radar,0,3,2,5,10,0,9,38,23,70,0,12,40,28,80,18,70,88,168
06/06/2005,MWH,WA,ANM,WE,Combined TRACON& Tower with Radar,0,9,9,21,39,0,4,46,1,51,0,13,55,22,90,116,42,158,248
06/07/2005,MWH,WA,ANM,WE,Combined TRACON& Tower with Radar,0,8,33,7,48,0,9,30,0,39,0,17,63,7,87,50,22,72,159
06/08/2005,MWH,WA,ANM,WE,Combined TRACON& Tower with Radar,7,9,8,13,37,6,1,33,0,40,13,10,41,13,77,33,62,95,172
06/09/2005,MWH,WA,ANM,WE,Combined TRACON& Tower with Radar,15,8,22,9,54,6,5,29,8,48,21,13,51,17,102,10,24,34,136
06/10/2005,MWH,WA,ANM,WE,Combined TRACON& Tower with Radar,27,9,8,19,63,31,4,15,8,58,58,13,23,27,121,2,62,64,185
06/11/2005,MWH,WA,ANM,WE,Combined TRACON& Tower with Radar,3,4,4,21,32,16,7,15,7,45,19,11,19,28,77,14,80,94,171
06/12/2005,MWH,WA,ANM,WE,Combined TRACON& Tower with Radar,0,4,1,4,9,0,0,11,0,11,0,4,12,4,20,10,0,10,30
06/13/2005,MWH,WA,ANM,WE,Combined TRACON& Tower with Radar,16,10,2,28,56,25,4,14,1,44,41,14,16,29,100,2,54,56,156
06/14/2005,MWH,WA,ANM,WE,Combined TRACON& Tower with Radar,10,10,3,22,45,30,10,48,0,88,40,20,51,22,133,6,72,78,211
06/15/2005,MWH,WA,ANM,WE,Combined TRACON& Tower with Radar,10,9,6,11,36,0,0,12,2,14,10,9,18,13,50,68,20,88,138
06/16/2005,MWH,WA,ANM,WE,Combined TRACON& Tower with Radar,8,8,8,23,47,30,7,12,0,49,38,15,20,23,96,10,88,98,194
06/17/2005,MWH,WA,ANM,WE,Combined TRACON& Tower with Radar,18,9,3,32,62,54,4,25,0,83,72,13,28,32,145,8,80,88,233
06/18/2005,MWH,WA,ANM,WE,Combined TRACON& Tower with Radar,6,4,2,24,36,88,2,23,2,115,94,6,25,26,151,4,34,38,189
06/19/2005,MWH,WA,ANM,WE,Combined TRACON& Tower with Radar,0,4,0,16,20,0,0,23,1,24,0,4,23,17,44,26,86,112,156
06/20/2005,MWH,WA,ANM,WE,Combined TRACON& Tower with Radar,26,10,28,32,96,61,6,114,12,193,87,16,142,44,289,152,9,161,450
06/21/2005,MWH,WA,ANM,WE,Combined TRACON& Tower with Radar,12,11,53,27,103,31,6,81,4,122,43,17,134,31,225,134,15,149,374
06/22/2005,MWH,WA,ANM,WE,Combined TRACON& Tower with Radar,10,10,31,28,79,7,7,94,2,110,17,17,125,30,189,187,14,201,390
06/23/2005,MWH,WA,ANM,WE,Combined TRACON& Tower with Radar,20,8,66,29,123,67,5,60,4,136,87,13,126,33,259,100,56,156,415
06/24/2005,MWH,WA,ANM,WE,Combined TRACON& Tower with Radar,12,12,24,8,56,30,3,53,7,93,42,15,77,15,149,106,54,160,309
06/25/2005,MWH,WA,ANM,WE,Combined TRACON& Tower with Radar,10,5,10,5,30,0,3,25,4,32,10,8,35,9,62,35,0,35,97
06/26/2005,MWH,WA,ANM,WE,Combined TRACON& Tower with Radar,0,5,1,1,7,0,7,0,32,39,0,12,1,33,46,2,4,6,52
06/27/2005,MWH,WA,ANM,WE,Combined TRACON& Tower with Radar,37,13,46,17,113,70,3,71,1,145,107,16,117,18,258,196,0,196,454
06/28/2005,MWH,WA,ANM,WE,Combined TRACON& Tower with Radar,9,11,38,27,85,77,9,90,9,185,86,20,128,36,270,179,70,249,519
06/29/2005,MWH,WA,ANM,WE,Combined TRACON& Tower with Radar,29,10,48,14,101,15,13,65,15,108,44,23,113,29,209,106,88,194,403
06/30/2005,MWH,WA,ANM,WE,Combined TRACON& Tower with Radar,14,15,38,12,79,65,0,73,0,138,79,15,111,12,217,106,36,142,359
07/01/2005,MWH,WA,ANM,WE,Combined TRACON& Tower with Radar,6,11,33,1,51,36,3,67,0,106,42,14,100,1,157,144,2,146,303
07/02/2005,MWH,WA,ANM,WE,Combined TRACON& Tower with Radar,4,3,2,0,9,90,1,23,0,114,94,4,25,0,123,2,0,2,125
07/03/2005,MWH,WA,ANM,WE,Combined TRACON& Tower with Radar,6,3,5,2,16,0,6,20,0,26,6,9,25,2,42,2,20,22,64
07/04/2005,MWH,WA,ANM,WE,Combined TRACON& Tower with Radar,0,6,8,0,14,0,1,19,0,20,0,7,27,0,34,3,0,3,37
07/05/2005,MWH,WA,ANM,WE,Combined TRACON& Tower with Radar,4,8,18,14,44,42,27,49,18,136,46,35,67,32,180,86,52,138,318
07/06/2005,MWH,WA,ANM,WE,Combined TRACON& Tower with Radar,0,9,45,28,82,60,3,11,0,74,60,12,56,28,156,110,92,202,358
07/07/2005,MWH,WA,ANM,WE,Combined TRACON& Tower with Radar,0,9,20,26,55,33,4,73,0,110,33,13,93,26,165,172,60,232,397
07/08/2005,MWH,WA,ANM,WE,Combined TRACON& Tower with Radar,11,10,41,30,92,26,6,47,0,79,37,16,88,30,171,140,78,218,389
07/09/2005,MWH,WA,ANM,WE,Combined TRACON& Tower with Radar,17,4,9,18,48,91,0,18,4,113,108,4,27,22,161,26,50,76,237
07/10/2005,MWH,WA,ANM,WE,Combined TRACON& Tower with Radar,0,3,11,14,28,1,1,17,7,26,1,4,28,21,54,6,58,64,118
07/11/2005,MWH,WA,ANM,WE,Combined TRACON& Tower with Radar,24,10,59,18,111,55,9,109,13,186,79,19,168,31,297,230,23,253,550
07/12/2005,MWH,WA,ANM,WE,Combined TRACON& Tower with Radar,26,8,61,15,110,47,4,59,18,128,73,12,120,33,238,104,36,140,378
07/13/2005,MWH,WA,ANM,WE,Combined TRACON& Tower with Radar,9,8,34,6,57,57,22,76,0,155,66,30,110,6,212,184,22,206,418
07/14/2005,MWH,WA,ANM,WE,Combined TRACON& Tower with Radar,19,8,48,8,83,13,9,49,0,71,32,17,97,8,154,138,34,172,326
07/15/2005,MWH,WA,ANM,WE,Combined TRACON& Tower with Radar,8,8,18,20,54,7,7,65,2,81,15,15,83,22,135,68,44,112,247
07/16/2005,MWH,WA,ANM,WE,Combined TRACON& Tower with Radar,4,4,2,3,13,8,2,11,4,25,12,6,13,7,38,0,11,11,49
07/17/2005,MWH,WA,ANM,WE,Combined TRACON& Tower with Radar,1,3,4,16,24,0,1,10,0,11,1,4,14,16,35,2,65,67,102
07/18/2005,MWH,WA,ANM,WE,Combined TRACON& Tower with Radar,4,6,45,28,83,4,6,37,0,47,8,12,82,28,130,230,60,290,420
07/19/2005,MWH,WA,ANM,WE,Combined TRACON& Tower with Radar,14,10,33,15,72,2,11,106,0,119,16,21,139,15,191,240,26,266,457
07/20/2005,MWH,WA,ANM,WE,Combined TRACON& Tower with Radar,11,10,25,3,49,0,18,83,11,112,11,28,108,14,161,304,30,334,495
07/21/2005,MWH,WA,ANM,WE,Combined TRACON& Tower with Radar,18,8,33,3,62,0,3,61,0,64,18,11,94,3,126,220,24,244,370
07/22/2005,MWH,WA,ANM,WE,Combined TRACON& Tower with Radar,4,8,23,31,66,0,5,55,2,62,4,13,78,33,128,118,40,158,286
07/23/2005,MWH,WA,ANM,WE,Combined TRACON& Tower with Radar,4,4,24,13,45,0,1,37,5,43,4,5,61,18,88,67,60,127,215
07/24/2005,MWH,WA,ANM,WE,Combined TRACON& Tower with Radar,0,7,1,19,27,1,3,26,4,34,1,10,27,23,61,20,36,56,117
07/25/2005,MWH,WA,ANM,WE,Combined TRACON& Tower with Radar,27,10,41,15,93,0,4,105,19,128,27,14,146,34,221,354,89,443,664
07/26/2005,MWH,WA,ANM,WE,Combined TRACON& Tower with Radar,17,9,62,9,97,0,3,48,3,54,17,12,110,12,151,301,7,308,459
07/27/2005,MWH,WA,ANM,WE,Combined TRACON& Tower with Radar,15,12,27,23,77,0,3,43,0,46,15,15,70,23,123,144,92,236,359
07/28/2005,MWH,WA,ANM,WE,Combined TRACON& Tower with Radar,4,9,29,33,75,0,6,5,0,11,4,15,34,33,86,38,100,138,224
07/29/2005,MWH,WA,ANM,WE,Combined TRACON& Tower with Radar,4,9,8,20,41,0,12,36,0,48,4,21,44,20,89,10,26,36,125
07/30/2005,MWH,WA,ANM,WE,Combined TRACON& Tower with Radar,0,4,5,2,11,0,2,20,0,22,0,6,25,2,33,14,0,14,47
07/31/2005,MWH,WA,ANM,WE,Combined TRACON& Tower with Radar,2,2,3,0,7,2,46,66,2,116,4,48,69,2,123,28,0,28,151
08/01/2005,MWH,WA,ANM,WE,Combined TRACON& Tower with Radar,8,14,6,31,59,5,31,16,0,52,13,45,22,31,111,0,55,55,166
08/02/2005,MWH,WA,ANM,WE,Combined TRACON& Tower with Radar,8,10,3,33,54,0,24,23,0,47,8,34,26,33,101,2,88,90,191
08/03/2005,MWH,WA,ANM,WE,Combined TRACON& Tower with Radar,5,6,9,24,44,0,16,20,14,50,5,22,29,38,94,26,92,118,212
08/04/2005,MWH,WA,ANM,WE,Combined TRACON& Tower with Radar,0,8,1,10,19,1,9,23,4,37,1,17,24,14,56,14,78,92,148
08/05/2005,MWH,WA,ANM,WE,Combined TRACON& Tower with Radar,8,9,5,15,37,5,36,30,13,84,13,45,35,28,121,40,60,100,221
08/06/2005,MWH,WA,ANM,WE,Combined TRACON& Tower with Radar,0,3,4,10,17,0,42,54,1,97,0,45,58,11,114,48,54,102,216
08/07/2005,MWH,WA,ANM,WE,Combined TRACON& Tower with Radar,2,3,3,6,14,0,6,14,8,28,2,9,17,14,42,8,46,54,96
08/08/2005,MWH,WA,ANM,WE,Combined TRACON& Tower with Radar,12,8,0,25,45,4,19,28,19,70,16,27,28,44,115,32,96,128,243
08/09/2005,MWH,WA,ANM,WE,Combined TRACON& Tower with Radar,14,9,14,29,66,10,11,18,0,39,24,20,32,29,105,8,66,74,179
08/10/2005,MWH,WA,ANM,WE,Combined TRACON& Tower with Radar,0,8,0,10,18,4,14,26,4,48,4,22,26,14,66,2,30,32,98
08/11/2005,MWH,WA,ANM,WE,Combined TRACON& Tower with Radar,6,6,4,9,25,6,11,26,6,49,12,17,30,15,74,26,14,40,114
08/12/2005,MWH,WA,ANM,WE,Combined TRACON& Tower with Radar,26,14,16,6,62,8,1,29,12,50,34,15,45,18,112,22,66,88,200
08/13/2005,MWH,WA,ANM,WE,Combined TRACON& Tower with Radar,2,7,4,0,13,3,0,31,0,34,5,7,35,0,47,90,0,90,137
08/14/2005,MWH,WA,ANM,WE,Combined TRACON& Tower with Radar,0,3,2,2,7,0,9,23,5,37,0,12,25,7,44,24,64,88,132
08/15/2005,MWH,WA,ANM,WE,Combined TRACON& Tower with Radar,18,14,14,13,59,12,31,12,13,68,30,45,26,26,127,6,64,70,197
08/16/2005,MWH,WA,ANM,WE,Combined TRACON& Tower with Radar,2,9,9,20,40,4,9,20,7,40,6,18,29,27,80,18,105,123,203
08/17/2005,MWH,WA,ANM,WE,Combined TRACON& Tower with Radar,10,12,4,18,44,2,20,8,5,35,12,32,12,23,79,6,70,76,155
08/18/2005,MWH,WA,ANM,WE,Combined TRACON& Tower with Radar,2,12,0,27,41,1,8,28,0,37,3,20,28,27,78,2,22,24,102
08/19/2005,MWH,WA,ANM,WE,Combined TRACON& Tower with Radar,0,14,5,14,33,0,10,27,7,44,0,24,32,21,77,8,103,111,188
08/20/2005,MWH,WA,ANM,WE,Combined TRACON& Tower with Radar,0,3,2,17,22,0,2,52,9,63,0,5,54,26,85,12,97,109,194
08/21/2005,MWH,WA,ANM,WE,Combined TRACON& Tower with Radar,0,3,3,11,17,1,0,32,17,50,1,3,35,28,67,8,73,81,148
08/22/2005,MWH,WA,ANM,WE,Combined TRACON& Tower with Radar,8,6,17,8,39,3,8,9,17,37,11,14,26,25,76,28,60,88,164
08/23/2005,MWH,WA,ANM,WE,Combined TRACON& Tower with Radar,20,7,11,10,48,0,9,30,0,39,20,16,41,10,87,10,37,47,134
08/24/2005,MWH,WA,ANM,WE,Combined TRACON& Tower with Radar,10,9,16,20,55,10,16,35,2,63,20,25,51,22,118,20,24,44,162
08/25/2005,MWH,WA,ANM,WE,Combined TRACON& Tower with Radar,11,8,2,10,31,3,8,11,1,23,14,16,13,11,54,16,12,28,82
08/26/2005,MWH,WA,ANM,WE,Combined TRACON& Tower with Radar,15,11,8,9,43,7,3,52,21,83,22,14,60,30,126,4,96,100,226
08/27/2005,MWH,WA,ANM,WE,Combined TRACON& Tower with Radar,4,8,24,7,43,30,9,18,0,57,34,17,42,7,100,2,62,64,164
08/28/2005,MWH,WA,ANM,WE,Combined TRACON& Tower with Radar,0,3,10,20,33,10,4,29,10,53,10,7,39,30,86,8,112,120,206
08/29/2005,MWH,WA,ANM,WE,Combined TRACON& Tower with Radar,16,26,4,33,79,32,0,21,0,53,48,26,25,33,132,14,100,114,246
08/30/2005,MWH,WA,ANM,WE,Combined TRACON& Tower with Radar,3,11,25,7,46,15,22,26,0,63,18,33,51,7,109,18,8,26,135
08/31/2005,MWH,WA,ANM,WE,Combined TRACON& Tower with Radar,8,11,27,12,58,18,8,12,3,41,26,19,39,15,99,16,62,78,177
09/01/2005,MWH,WA,ANM,WE,Combined TRACON& Tower with Radar,6,8,10,22,46,0,1,11,0,12,6,9,21,22,58,18,68,86,144
09/02/2005,MWH,WA,ANM,WE,Combined TRACON& Tower with Radar,0,10,17,7,34,0,5,25,3,33,0,15,42,10,67,8,36,44,111
09/03/2005,MWH,WA,ANM,WE,Combined TRACON& Tower with Radar,0,4,2,6,12,0,4,20,0,24,0,8,22,6,36,0,0,0,36
09/04/2005,MWH,WA,ANM,WE,Combined TRACON& Tower with Radar,0,3,0,0,3,0,2,12,0,14,0,5,12,0,17,10,0,10,27
09/05/2005,MWH,WA,ANM,WE,Combined TRACON& Tower with Radar,2,4,0,0,6,1,0,22,0,23,3,4,22,0,29,36,0,36,65
09/06/2005,MWH,WA,ANM,WE,Combined TRACON& Tower with Radar,4,9,5,12,30,0,9,10,0,19,4,18,15,12,49,2,48,50,99
09/07/2005,MWH,WA,ANM,WE,Combined TRACON& Tower with Radar,0,8,10,7,25,0,11,18,9,38,0,19,28,16,63,34,76,110,173
09/08/2005,MWH,WA,ANM,WE,Combined TRACON& Tower with Radar,4,9,20,16,49,2,2,24,2,30,6,11,44,18,79,18,78,96,175
09/09/2005,MWH,WA,ANM,WE,Combined TRACON& Tower with Radar,0,8,6,22,36,0,6,11,2,19,0,14,17,24,55,4,75,79,134
09/10/2005,MWH,WA,ANM,WE,Combined TRACON& Tower with Radar,0,5,16,9,30,0,2,20,8,30,0,7,36,17,60,1,24,25,85
09/11/2005,MWH,WA,ANM,WE,Combined TRACON& Tower with Radar,0,3,11,18,32,0,5,10,0,15,0,8,21,18,47,2,44,46,93
09/12/2005,MWH,WA,ANM,WE,Combined TRACON& Tower with Radar,2,12,10,12,36,1,13,15,0,29,3,25,25,12,65,10,26,36,101
09/13/2005,MWH,WA,ANM,WE,Combined TRACON& Tower with Radar,4,11,9,9,33,19,16,77,14,126,23,27,86,23,159,20,85,105,264
09/14/2005,MWH,WA,ANM,WE,Combined TRACON& Tower with Radar,0,11,18,26,55,0,0,68,0,68,0,11,86,26,123,24,94,118,241
09/15/2005,MWH,WA,ANM,WE,Combined TRACON& Tower with Radar,0,8,19,14,41,0,6,39,2,47,0,14,58,16,88,52,58,110,198
09/16/2005,MWH,WA,ANM,WE,Combined TRACON& Tower with Radar,0,11,23,5,39,0,3,5,5,13,0,14,28,10,52,6,18,24,76
09/17/2005,MWH,WA,ANM,WE,Combined TRACON& Tower with Radar,0,5,10,0,15,0,0,24,0,24,0,5,34,0,39,10,0,10,49
09/18/2005,MWH,WA,ANM,WE,Combined TRACON& Tower with Radar,0,2,4,10,16,0,0,25,4,29,0,2,29,14,45,29,48,77,122
09/19/2005,MWH,WA,ANM,WE,Combined TRACON& Tower with Radar,0,11,5,1,17,0,8,77,0,85,0,19,82,1,102,66,0,66,168
09/20/2005,MWH,WA,ANM,WE,Combined TRACON& Tower with Radar,0,10,5,8,23,0,2,75,0,77,0,12,80,8,100,169,24,193,293
09/21/2005,MWH,WA,ANM,WE,Combined TRACON& Tower with Radar,0,11,17,4,32,0,11,5,0,16,0,22,22,4,48,42,8,50,98
09/22/2005,MWH,WA,ANM,WE,Combined TRACON& Tower with Radar,0,9,8,1,18,0,19,178,10,207,0,28,186,11,225,360,42,402,627
09/23/2005,MWH,WA,ANM,WE,Combined TRACON& Tower with Radar,0,12,14,9,35,0,2,21,2,25,0,14,35,11,60,32,22,54,114
09/24/2005,MWH,WA,ANM,WE,Combined TRACON& Tower with Radar,0,3,7,6,16,0,4,20,0,24,0,7,27,6,40,7,30,37,77
09/25/2005,MWH,WA,ANM,WE,Combined TRACON& Tower with Radar,0,6,6,6,18,0,4,11,2,17,0,10,17,8,35,4,38,42,77
09/26/2005,MWH,WA,ANM,WE,Combined TRACON& Tower with Radar,1,10,10,17,38,0,18,84,9,111,1,28,94,26,149,160,70,230,379
09/27/2005,MWH,WA,ANM,WE,Combined TRACON& Tower with Radar,0,8,6,28,42,0,7,92,26,125,0,15,98,54,167,122,50,172,339
09/28/2005,MWH,WA,ANM,WE,Combined TRACON& Tower with Radar,12,9,24,14,59,9,6,74,0,89,21,15,98,14,148,142,38,180,328
09/29/2005,MWH,WA,ANM,WE,Combined TRACON& Tower with Radar,4,10,22,35,71,10,2,55,0,67,14,12,77,35,138,124,58,182,320
09/30/2005,MWH,WA,ANM,WE,Combined TRACON& Tower with Radar,4,11,4,17,36,25,1,11,1,38,29,12,15,18,74,24,86,110,184
10/01/2005,MWH,WA,ANM,WE,Combined TRACON& Tower with Radar,0,5,8,4,17,0,0,11,0,11,0,5,19,4,28,6,0,6,34
10/02/2005,MWH,WA,ANM,WE,Combined TRACON& Tower with Radar,0,2,0,16,18,0,1,13,11,25,0,3,13,27,43,4,34,38,81
10/03/2005,MWH,WA,ANM,WE,Combined TRACON& Tower with Radar,16,15,16,17,64,65,4,45,2,116,81,19,61,19,180,109,34,143,323
10/04/2005,MWH,WA,ANM,WE,Combined TRACON& Tower with Radar,14,8,11,55,88,95,6,66,0,167,109,14,77,55,255,158,66,224,479
10/05/2005,MWH,WA,ANM,WE,Combined TRACON& Tower with Radar,17,9,28,18,72,20,4,19,57,100,37,13,47,75,172,120,66,186,358
10/06/2005,MWH,WA,ANM,WE,Combined TRACON& Tower with Radar,31,7,22,20,80,105,0,64,0,169,136,7,86,20,249,194,114,308,557
10/07/2005,MWH,WA,ANM,WE,Combined TRACON& Tower with Radar,14,9,4,44,71,26,6,15,38,85,40,15,19,82,156,32,34,66,222
10/08/2005,MWH,WA,ANM,WE,Combined TRACON& Tower with Radar,23,3,5,23,54,63,4,22,18,107,86,7,27,41,161,4,72,76,237
10/09/2005,MWH,WA,ANM,WE,Combined TRACON& Tower with Radar,0,2,6,1,9,0,0,37,0,37,0,2,43,1,46,24,0,24,70
10/10/2005,MWH,WA,ANM,WE,Combined TRACON& Tower with Radar,40,9,10,1,60,23,3,116,1,143,63,12,126,2,203,98,0,98,301
10/11/2005,MWH,WA,ANM,WE,Combined TRACON& Tower with Radar,37,9,25,5,76,103,7,84,10,204,140,16,109,15,280,51,14,65,345
10/12/2005,MWH,WA,ANM,WE,Combined TRACON& Tower with Radar,42,8,24,43,117,38,8,54,12,112,80,16,78,55,229,246,92,338,567
10/13/2005,MWH,WA,ANM,WE,Combined TRACON& Tower with Radar,41,18,34,10,103,70,0,51,12,133,111,18,85,22,236,148,22,170,406
10/14/2005,MWH,WA,ANM,WE,Combined TRACON& Tower with Radar,16,10,20,6,52,36,7,17,5,65,52,17,37,11,117,6,40,46,163
10/15/2005,MWH,WA,ANM,WE,Combined TRACON& Tower with Radar,0,4,3,7,14,68,0,14,2,84,68,4,17,9,98,28,12,40,138
10/16/2005,MWH,WA,ANM,WE,Combined TRACON& Tower with Radar,0,3,0,10,13,0,0,26,2,28,0,3,26,12,41,10,54,64,105
10/17/2005,MWH,WA,ANM,WE,Combined TRACON& Tower with Radar,46,13,20,19,98,68,0,37,29,134,114,13,57,48,232,117,47,164,396
10/18/2005,MWH,WA,ANM,WE,Combined TRACON& Tower with Radar,44,18,18,19,99,95,8,62,3,168,139,26,80,22,267,192,40,232,499
10/19/2005,MWH,WA,ANM,WE,Combined TRACON& Tower with Radar,17,23,28,31,99,38,3,39,0,80,55,26,67,31,179,272,46,318,497
10/20/2005,MWH,WA,ANM,WE,Combined TRACON& Tower with Radar,28,13,17,10,68,61,5,97,8,171,89,18,114,18,239,188,60,248,487
10/21/2005,MWH,WA,ANM,WE,Combined TRACON& Tower with Radar,20,9,16,18,63,43,7,22,0,72,63,16,38,18,135,46,26,72,207
10/22/2005,MWH,WA,ANM,WE,Combined TRACON& Tower with Radar,4,4,13,6,27,46,1,14,8,69,50,5,27,14,96,32,32,64,160
10/23/2005,MWH,WA,ANM,WE,Combined TRACON& Tower with Radar,0,4,3,14,21,0,0,34,21,55,0,4,37,35,76,3,56,59,135
10/24/2005,MWH,WA,ANM,WE,Combined TRACON& Tower with Radar,25,12,24,22,83,97,1,60,0,158,122,13,84,22,241,220,90,310,551
10/25/2005,MWH,WA,ANM,WE,Combined TRACON& Tower with Radar,8,13,42,3,66,0,7,64,0,71,8,20,106,3,137,135,8,143,280
10/26/2005,MWH,WA,ANM,WE,Combined TRACON& Tower with Radar,10,7,38,8,63,115,9,66,2,192,125,16,104,10,255,176,20,196,451
10/27/2005,MWH,WA,ANM,WE,Combined TRACON& Tower with Radar,19,13,14,37,83,31,3,52,4,90,50,16,66,41,173,212,50,262,435
10/28/2005,MWH,WA,ANM,WE,Combined TRACON& Tower with Radar,25,10,21,16,72,58,3,17,0,78,83,13,38,16,150,26,56,82,232
10/29/2005,MWH,WA,ANM,WE,Combined TRACON& Tower with Radar,11,3,4,8,26,73,2,11,4,90,84,5,15,12,116,38,3,41,157
10/30/2005,MWH,WA,ANM,WE,Combined TRACON& Tower with Radar,29,3,0,11,43,7,0,6,6,19,36,3,6,17,62,20,37,57,119
10/31/2005,MWH,WA,ANM,WE,Combined TRACON& Tower with Radar,11,20,18,5,54,12,0,74,0,86,23,20,92,5,140,276,13,289,429
11/01/2005,MWH,WA,ANM,WE,Combined TRACON& Tower with Radar,16,12,16,8,52,8,0,6,0,14,24,12,22,8,66,31,15,46,112
11/02/2005,MWH,WA,ANM,WE,Combined TRACON& Tower with Radar,0,7,28,20,55,0,6,90,2,98,0,13,118,22,153,280,90,370,523
11/03/2005,MWH,WA,ANM,WE,Combined TRACON& Tower with Radar,1,8,33,22,64,4,8,12,5,29,5,16,45,27,93,128,28,156,249
11/04/2005,MWH,WA,ANM,WE,Combined TRACON& Tower with Radar,16,11,6,18,51,0,1,9,0,10,16,12,15,18,61,0,88,88,149
11/05/2005,MWH,WA,ANM,WE,Combined TRACON& Tower with Radar,2,4,1,23,30,2,4,19,0,25,4,8,20,23,55,18,82,100,155
11/06/2005,MWH,WA,ANM,WE,Combined TRACON& Tower with Radar,0,3,1,15,19,0,0,6,0,6,0,3,7,15,25,12,20,32,57
11/07/2005,MWH,WA,ANM,WE,Combined TRACON& Tower with Radar,0,12,46,22,80,10,0,12,35,57,10,12,58,57,137,133,36,169,306
11/08/2005,MWH,WA,ANM,WE,Combined TRACON& Tower with Radar,6,10,11,32,59,0,4,49,0,53,6,14,60,32,112,169,38,207,319
11/09/2005,MWH,WA,ANM,WE,Combined TRACON& Tower with Radar,0,10,29,24,63,0,3,74,5,82,0,13,103,29,145,224,77,301,446
11/10/2005,MWH,WA,ANM,WE,Combined TRACON& Tower with Radar,0,11,13,20,44,0,6,97,0,103,0,17,110,20,147,280,106,386,533
11/11/2005,MWH,WA,ANM,WE,Combined TRACON& Tower with Radar,8,7,21,3,39,6,2,3,1,12,14,9,24,4,51,40,12,52,103
11/12/2005,MWH,WA,ANM,WE,Combined TRACON& Tower with Radar,4,4,8,14,30,0,0,9,7,16,4,4,17,21,46,14,42,56,102
11/13/2005,MWH,WA,ANM,WE,Combined TRACON& Tower with Radar,4,5,8,50,67,0,0,7,9,16,4,5,15,59,83,6,137,143,226
11/14/2005,MWH,WA,ANM,WE,Combined TRACON& Tower with Radar,20,10,34,19,83,0,3,98,15,116,20,13,132,34,199,177,74,251,450
11/15/2005,MWH,WA,ANM,WE,Combined TRACON& Tower with Radar,18,9,17,26,70,3,7,67,0,77,21,16,84,26,147,155,156,311,458
11/16/2005,MWH,WA,ANM,WE,Combined TRACON& Tower with Radar,29,10,17,38,94,3,5,115,0,123,32,15,132,38,217,162,120,282,499
11/17/2005,MWH,WA,ANM,WE,Combined TRACON& Tower with Radar,12,10,23,20,65,12,9,83,0,104,24,19,106,20,169,194,108,302,471
11/18/2005,MWH,WA,ANM,WE,Combined TRACON& Tower with Radar,12,16,6,16,50,0,0,0,0,0,12,16,6,16,50,0,26,26,76
11/19/2005,MWH,WA,ANM,WE,Combined TRACON& Tower with Radar,2,8,11,62,83,0,0,0,0,0,2,8,11,62,83,0,4,4,87
11/20/2005,MWH,WA,ANM,WE,Combined TRACON& Tower with Radar,0,3,6,18,27,0,0,0,0,0,0,3,6,18,27,0,0,0,27
11/21/2005,MWH,WA,ANM,WE,Combined TRACON& Tower with Radar,14,19,24,19,76,0,1,0,4,5,14,20,24,23,81,26,8,34,115
11/22/2005,MWH,WA,ANM,WE,Combined TRACON& Tower with Radar,10,19,32,60,121,5,0,8,0,13,15,19,40,60,134,144,42,186,320
11/23/2005,MWH,WA,ANM,WE,Combined TRACON& Tower with Radar,14,11,25,0,50,2,0,5,0,7,16,11,30,0,57,0,0,0,57
11/24/2005,MWH,WA,ANM,WE,Combined TRACON& Tower with Radar,0,6,2,2,10,0,1,0,0,1,0,7,2,2,11,0,0,0,11
11/25/2005,MWH,WA,ANM,WE,Combined TRACON& Tower with Radar,1,15,1,0,17,0,4,1,0,5,1,19,2,0,22,0,0,0,22
11/26/2005,MWH,WA,ANM,WE,Combined TRACON& Tower with Radar,0,4,1,12,17,0,1,16,7,24,0,5,17,19,41,24,61,85,126
11/27/2005,MWH,WA,ANM,WE,Combined TRACON& Tower with Radar,0,2,4,11,17,0,0,8,19,27,0,2,12,30,44,20,89,109,153
11/28/2005,MWH,WA,ANM,WE,Combined TRACON& Tower with Radar,3,15,25,16,59,0,2,40,0,42,3,17,65,16,101,143,28,171,272
11/29/2005,MWH,WA,ANM,WE,Combined TRACON& Tower with Radar,0,12,22,27,61,0,1,38,8,47,0,13,60,35,108,152,64,216,324
11/30/2005,MWH,WA,ANM,WE,Combined TRACON& Tower with Radar,4,11,18,22,55,0,0,41,0,41,4,11,59,22,96,100,100,200,296
12/01/2005,MWH,WA,ANM,WE,Combined TRACON& Tower with Radar,10,11,11,14,46,0,3,11,36,50,10,14,22,50,96,42,22,64,160
12/02/2005,MWH,WA,ANM,WE,Combined TRACON& Tower with Radar,0,15,5,0,20,0,0,4,0,4,0,15,9,0,24,0,0,0,24
12/03/2005,MWH,WA,ANM,WE,Combined TRACON& Tower with Radar,0,6,1,31,38,0,0,15,2,17,0,6,16,33,55,10,108,118,173
12/04/2005,MWH,WA,ANM,WE,Combined TRACON& Tower with Radar,0,4,1,50,55,0,0,3,6,9,0,4,4,56,64,8,182,190,254
12/05/2005,MWH,WA,ANM,WE,Combined TRACON& Tower with Radar,4,9,8,9,30,0,0,1,0,1,4,9,9,9,31,0,0,0,31
12/06/2005,MWH,WA,ANM,WE,Combined TRACON& Tower with Radar,8,12,23,12,55,0,1,44,12,57,8,13,67,24,112,70,85,155,267
12/07/2005,MWH,WA,ANM,WE,Combined TRACON& Tower with Radar,11,9,6,16,42,5,5,25,1,36,16,14,31,17,78,28,104,132,210
12/08/2005,MWH,WA,ANM,WE,Combined TRACON& Tower with Radar,9,11,11,9,40,0,8,13,0,21,9,19,24,9,61,32,62,94,155
12/09/2005,MWH,WA,ANM,WE,Combined TRACON& Tower with Radar,7,9,10,11,37,0,7,7,0,14,7,16,17,11,51,6,54,60,111
12/10/2005,MWH,WA,ANM,WE,Combined TRACON& Tower with Radar,3,4,6,0,13,1,1,4,0,6,4,5,10,0,19,0,0,0,19
12/11/2005,MWH,WA,ANM,WE,Combined TRACON& Tower with Radar,0,3,4,11,18,0,0,15,12,27,0,3,19,23,45,8,56,64,109
12/12/2005,MWH,WA,ANM,WE,Combined TRACON& Tower with Radar,6,13,11,6,36,0,0,0,0,0,6,13,11,6,36,6,2,8,44
12/13/2005,MWH,WA,ANM,WE,Combined TRACON& Tower with Radar,9,18,3,0,30,1,3,2,0,6,10,21,5,0,36,0,0,0,36
12/14/2005,MWH,WA,ANM,WE,Combined TRACON& Tower with Radar,8,14,10,14,46,0,0,0,0,0,8,14,10,14,46,0,28,28,74
12/15/2005,MWH,WA,ANM,WE,Combined TRACON& Tower with Radar,18,20,13,10,61,0,0,0,0,0,18,20,13,10,61,0,2,2,63
12/16/2005,MWH,WA,ANM,WE,Combined TRACON& Tower with Radar,4,9,9,20,42,0,0,0,0,0,4,9,9,20,42,0,0,0,42
12/17/2005,MWH,WA,ANM,WE,Combined TRACON& Tower with Radar,12,2,12,10,36,0,3,13,2,18,12,5,25,12,54,6,34,40,94
12/18/2005,MWH,WA,ANM,WE,Combined TRACON& Tower with Radar,0,4,8,4,16,0,0,21,3,24,0,4,29,7,40,6,50,56,96
12/19/2005,MWH,WA,ANM,WE,Combined TRACON& Tower with Radar,24,12,3,16,55,0,0,0,0,0,24,12,3,16,55,0,40,40,95
12/20/2005,MWH,WA,ANM,WE,Combined TRACON& Tower with Radar,4,12,0,10,26,0,0,0,0,0,4,12,0,10,26,0,2,2,28
12/21/2005,MWH,WA,ANM,WE,Combined TRACON& Tower with Radar,11,19,0,26,56,3,0,2,0,5,14,19,2,26,61,0,6,6,67
12/22/2005,MWH,WA,ANM,WE,Combined TRACON& Tower with Radar,0,16,9,3,28,0,0,0,0,0,0,16,9,3,28,0,2,2,30
12/23/2005,MWH,WA,ANM,WE,Combined TRACON& Tower with Radar,0,13,10,5,28,0,3,6,0,9,0,16,16,5,37,32,0,32,69
12/24/2005,MWH,WA,ANM,WE,Combined TRACON& Tower with Radar,0,3,1,0,4,0,0,0,0,0,0,3,1,0,4,0,0,0,4
12/25/2005,MWH,WA,ANM,WE,Combined TRACON& Tower with Radar,0,3,1,0,4,0,0,3,0,3,0,3,4,0,7,0,0,0,7
12/26/2005,MWH,WA,ANM,WE,Combined TRACON& Tower with Radar,0,3,8,0,11,0,1,0,0,1,0,4,8,0,12,0,0,0,12
12/27/2005,MWH,WA,ANM,WE,Combined TRACON& Tower with Radar,0,24,0,30,54,0,3,0,0,3,0,27,0,30,57,0,13,13,70
12/28/2005,MWH,WA,ANM,WE,Combined TRACON& Tower with Radar,0,16,3,45,64,0,0,3,0,3,0,16,6,45,67,0,20,20,87
12/29/2005,MWH,WA,ANM,WE,Combined TRACON& Tower with Radar,0,9,0,35,44,0,2,3,16,21,0,11,3,51,65,4,38,42,107
12/30/2005,MWH,WA,ANM,WE,Combined TRACON& Tower with Radar,0,20,1,2,23,0,0,0,0,0,0,20,1,2,23,0,0,0,23
12/31/2005,MWH,WA,ANM,WE,Combined TRACON& Tower with Radar,0,6,1,0,7,0,0,0,0,0,0,6,1,0,7,0,0,0,7
01/01/2006,MWH,WA,ANM,WE,Combined TRACON& Tower with Radar,0,6,1,0,7,0,0,0,0,0,0,6,1,0,7,0,0,0,7
01/02/2006,MWH,WA,ANM,WE,Combined TRACON& Tower with Radar,0,7,6,0,13,0,0,4,0,4,0,7,10,0,17,0,0,0,17
01/03/2006,MWH,WA,ANM,WE,Combined TRACON& Tower with Radar,0,17,13,16,46,0,1,1,0,2,0,18,14,16,48,0,0,0,48
01/04/2006,MWH,WA,ANM,WE,Combined TRACON& Tower with Radar,0,8,3,25,36,0,0,11,0,11,0,8,14,25,47,66,38,104,151
01/05/2006,MWH,WA,ANM,WE,Combined TRACON& Tower with Radar,6,9,18,68,101,0,7,16,0,23,6,16,34,68,124,46,144,190,314
01/06/2006,MWH,WA,ANM,WE,Combined TRACON& Tower with Radar,4,17,17,25,63,2,0,4,9,15,6,17,21,34,78,74,12,86,164
01/07/2006,MWH,WA,ANM,WE,Combined TRACON& Tower with Radar,0,5,3,15,23,0,0,2,4,6,0,5,5,19,29,0,17,17,46
01/08/2006,MWH,WA,ANM,WE,Combined TRACON& Tower with Radar,0,3,4,24,31,0,5,19,2,26,0,8,23,26,57,10,26,36,93
01/09/2006,MWH,WA,ANM,WE,Combined TRACON& Tower with Radar,8,10,9,20,47,0,3,26,0,29,8,13,35,20,76,198,104,302,378
01/10/2006,MWH,WA,ANM,WE,Combined TRACON& Tower with Radar,1,10,15,19,45,0,0,40,0,40,1,10,55,19,85,236,69,305,390
01/11/2006,MWH,WA,ANM,WE,Combined TRACON& Tower with Radar,1,10,9,20,40,0,14,26,0,40,1,24,35,20,80,188,70,258,338
01/12/2006,MWH,WA,ANM,WE,Combined TRACON& Tower with Radar,8,14,20,22,64,27,14,66,6,113,35,28,86,28,177,180,118,298,475
01/13/2006,MWH,WA,ANM,WE,Combined TRACON& Tower with Radar,22,12,4,36,74,6,4,1,0,11,28,16,5,36,85,0,78,78,163
01/14/2006,MWH,WA,ANM,WE,Combined TRACON& Tower with Radar,4,7,2,4,17,0,0,0,0,0,4,7,2,4,17,0,0,0,17
01/15/2006,MWH,WA,ANM,WE,Combined TRACON& Tower with Radar,12,3,13,23,51,68,0,8,7,83,80,3,21,30,134,32,44,76,210
01/16/2006,MWH,WA,ANM,WE,Combined TRACON& Tower with Radar,4,16,8,2,30,0,2,0,0,2,4,18,8,2,32,0,16,16,48
01/17/2006,MWH,WA,ANM,WE,Combined TRACON& Tower with Radar,4,4,5,8,21,0,0,0,0,0,4,4,5,8,21,0,0,0,21
01/18/2006,MWH,WA,ANM,WE,Combined TRACON& Tower with Radar,10,15,8,0,33,6,3,7,8,24,16,18,15,8,57,0,0,0,57
01/19/2006,MWH,WA,ANM,WE,Combined TRACON& Tower with Radar,4,12,4,0,20,0,0,0,5,5,4,12,4,5,25,0,4,4,29
01/20/2006,MWH,WA,ANM,WE,Combined TRACON& Tower with Radar,24,10,6,17,57,111,6,11,6,134,135,16,17,23,191,38,26,64,255
01/21/2006,MWH,WA,ANM,WE,Combined TRACON& Tower with Radar,10,4,6,10,30,87,0,16,5,108,97,4,22,15,138,48,16,64,202
01/22/2006,MWH,WA,ANM,WE,Combined TRACON& Tower with Radar,0,5,11,20,36,24,0,0,6,30,24,5,11,26,66,40,30,70,136
01/23/2006,MWH,WA,ANM,WE,Combined TRACON& Tower with Radar,38,14,21,28,101,131,2,54,11,198,169,16,75,39,299,188,58,246,545
01/24/2006,MWH,WA,ANM,WE,Combined TRACON& Tower with Radar,38,16,17,8,79,126,0,44,1,171,164,16,61,9,250,154,16,170,420
01/25/2006,MWH,WA,ANM,WE,Combined TRACON& Tower with Radar,26,14,17,45,102,93,7,77,0,177,119,21,94,45,279,256,100,356,635
01/26/2006,MWH,WA,ANM,WE,Combined TRACON& Tower with Radar,14,12,22,20,68,64,1,44,0,109,78,13,66,20,177,172,72,244,421
01/27/2006,MWH,WA,ANM,WE,Combined TRACON& Tower with Radar,31,10,5,8,54,123,1,7,3,134,154,11,12,11,188,34,8,42,230
01/28/2006,MWH,WA,ANM,WE,Combined TRACON& Tower with Radar,18,5,5,15,43,132,0,3,6,141,150,5,8,21,184,0,56,56,240
01/29/2006,MWH,WA,ANM,WE,Combined TRACON& Tower with Radar,4,4,3,36,47,0,0,5,11,16,4,4,8,47,63,2,100,102,165
01/30/2006,MWH,WA,ANM,WE,Combined TRACON& Tower with Radar,4,7,7,28,46,63,0,11,0,74,67,7,18,28,120,21,62,83,203
01/31/2006,MWH,WA,ANM,WE,Combined TRACON& Tower with Radar,16,11,23,23,73,181,3,38,0,222,197,14,61,23,295,81,95,176,471
02/01/2006,MWH,WA,ANM,WE,Combined TRACON& Tower with Radar,4,12,2,21,39,93,4,24,1,122,97,16,26,22,161,124,78,202,363
02/02/2006,MWH,WA,ANM,WE,Combined TRACON& Tower with Radar,25,10,10,33,78,139,2,44,10,195,164,12,54,43,273,100,88,188,461
02/03/2006,MWH,WA,ANM,WE,Combined TRACON& Tower with Radar,12,9,12,24,57,67,5,12,16,100,79,14,24,40,157,60,44,104,261
02/04/2006,MWH,WA,ANM,WE,Combined TRACON& Tower with Radar,8,1,1,0,10,52,2,1,0,55,60,3,2,0,65,6,0,6,71
02/05/2006,MWH,WA,ANM,WE,Combined TRACON& Tower with Radar,0,3,1,4,8,0,0,12,1,13,0,3,13,5,21,1,44,45,66
02/06/2006,MWH,WA,ANM,WE,Combined TRACON& Tower with Radar,21,12,16,38,87,148,0,61,1,210,169,12,77,39,297,239,107,346,643
02/07/2006,MWH,WA,ANM,WE,Combined TRACON& Tower with Radar,19,7,17,26,69,84,4,43,8,139,103,11,60,34,208,158,68,226,434
02/08/2006,MWH,WA,ANM,WE,Combined TRACON& Tower with Radar,13,11,28,20,72,142,6,62,0,210,155,17,90,20,282,174,24,198,480
02/09/2006,MWH,WA,ANM,WE,Combined TRACON& Tower with Radar,20,10,20,25,75,82,7,49,0,138,102,17,69,25,213,44,108,152,365
02/10/2006,MWH,WA,ANM,WE,Combined TRACON& Tower with Radar,27,14,9,9,59,75,2,19,3,99,102,16,28,12,158,10,30,40,198
02/11/2006,MWH,WA,ANM,WE,Combined TRACON& Tower with Radar,18,3,9,21,51,117,1,39,5,162,135,4,48,26,213,12,44,56,269
02/12/2006,MWH,WA,ANM,WE,Combined TRACON& Tower with Radar,0,3,3,23,29,8,0,11,1,20,8,3,14,24,49,12,56,68,117
02/13/2006,MWH,WA,ANM,WE,Combined TRACON& Tower with Radar,30,12,10,17,69,58,1,54,18,131,88,13,64,35,200,140,102,242,442
02/14/2006,MWH,WA,ANM,WE,Combined TRACON& Tower with Radar,45,10,22,8,85,35,0,40,0,75,80,10,62,8,160,68,58,126,286
02/15/2006,MWH,WA,ANM,WE,Combined TRACON& Tower with Radar,32,10,8,27,77,37,2,58,6,103,69,12,66,33,180,98,118,216,396
02/16/2006,MWH,WA,ANM,WE,Combined TRACON& Tower with Radar,18,10,32,22,82,11,2,33,4,50,29,12,65,26,132,70,80,150,282
02/17/2006,MWH,WA,ANM,WE,Combined TRACON& Tower with Radar,6,12,14,12,44,0,5,0,0,5,6,17,14,12,49,10,26,36,85
02/18/2006,MWH,WA,ANM,WE,Combined TRACON& Tower with Radar,4,3,3,18,28,0,2,8,11,21,4,5,11,29,49,10,80,90,139
02/19/2006,MWH,WA,ANM,WE,Combined TRACON& Tower with Radar,4,3,3,27,37,0,1,5,6,12,4,4,8,33,49,0,98,98,147
02/20/2006,MWH,WA,ANM,WE,Combined TRACON& Tower with Radar,15,9,34,3,61,1,7,34,12,54,16,16,68,15,115,190,36,226,341
02/21/2006,MWH,WA,ANM,WE,Combined TRACON& Tower with Radar,16,10,35,2,63,0,12,45,0,57,16,22,80,2,120,94,0,94,214
02/22/2006,MWH,WA,ANM,WE,Combined TRACON& Tower with Radar,12,10,12,10,44,0,4,45,8,57,12,14,57,18,101,78,145,223,324
02/23/2006,MWH,WA,ANM,WE,Combined TRACON& Tower with Radar,16,11,21,16,64,8,4,15,0,27,24,15,36,16,91,20,44,64,155
02/24/2006,MWH,WA,ANM,WE,Combined TRACON& Tower with Radar,0,9,31,15,55,0,3,17,0,20,0,12,48,15,75,8,29,37,112
02/25/2006,MWH,WA,ANM,WE,Combined TRACON& Tower with Radar,16,4,16,7,43,0,0,12,9,21,16,4,28,16,64,2,34,36,100
02/26/2006,MWH,WA,ANM,WE,Combined TRACON& Tower with Radar,4,2,8,6,20,1,1,13,4,19,5,3,21,10,39,8,36,44,83
02/27/2006,MWH,WA,ANM,WE,Combined TRACON& Tower with Radar,3,8,16,8,35,1,4,74,12,91,4,12,90,20,126,164,50,214,340
02/28/2006,MWH,WA,ANM,WE,Combined TRACON& Tower with Radar,21,11,13,25,70,6,4,16,0,26,27,15,29,25,96,100,13,113,209
03/01/2006,MWH,WA,ANM,WE,Combined TRACON& Tower with Radar,6,13,46,13,78,0,4,80,0,84,6,17,126,13,162,112,27,139,301
03/02/2006,MWH,WA,ANM,WE,Combined TRACON& Tower with Radar,0,14,13,18,45,0,11,36,6,53,0,25,49,24,98,136,28,164,262
03/03/2006,MWH,WA,ANM,WE,Combined TRACON& Tower with Radar,2,11,22,24,59,0,7,12,4,23,2,18,34,28,82,20,100,120,202
03/04/2006,MWH,WA,ANM,WE,Combined TRACON& Tower with Radar,1,5,13,13,32,1,0,18,6,25,2,5,31,19,57,20,48,68,125
03/05/2006,MWH,WA,ANM,WE,Combined TRACON& Tower with Radar,4,3,0,7,14,1,1,6,3,11,5,4,6,10,25,18,42,60,85
03/06/2006,MWH,WA,ANM,WE,Combined TRACON& Tower with Radar,16,13,14,15,58,23,7,46,12,88,39,20,60,27,146,148,36,184,330
03/07/2006,MWH,WA,ANM,WE,Combined TRACON& Tower with Radar,21,10,25,28,84,23,5,50,4,82,44,15,75,32,166,147,177,324,490
03/08/2006,MWH,WA,ANM,WE,Combined TRACON& Tower with Radar,5,14,24,58,101,3,2,2,0,7,8,16,26,58,108,17,125,142,250
03/09/2006,MWH,WA,ANM,WE,Combined TRACON& Tower with Radar,19,9,30,20,78,44,6,35,8,93,63,15,65,28,171,218,32,250,421
03/10/2006,MWH,WA,ANM,WE,Combined TRACON& Tower with Radar,25,9,20,12,66,23,17,9,1,50,48,26,29,13,116,28,54,82,198
03/11/2006,MWH,WA,ANM,WE,Combined TRACON& Tower with Radar,6,8,12,13,39,46,0,16,7,69,52,8,28,20,108,20,74,94,202
03/12/2006,MWH,WA,ANM,WE,Combined TRACON& Tower with Radar,0,3,2,12,17,0,0,23,8,31,0,3,25,20,48,4,95,99,147
03/13/2006,MWH,WA,ANM,WE,Combined TRACON& Tower with Radar,8,10,30,30,78,37,6,57,13,113,45,16,87,43,191,82,86,168,359
03/14/2006,MWH,WA,ANM,WE,Combined TRACON& Tower with Radar,43,15,11,10,79,24,0,30,0,54,67,15,41,10,133,96,17,113,246
03/15/2006,MWH,WA,ANM,WE,Combined TRACON& Tower with Radar,11,11,3,35,60,26,0,18,11,55,37,11,21,46,115,48,68,116,231
03/16/2006,MWH,WA,ANM,WE,Combined TRACON& Tower with Radar,7,18,14,13,52,89,1,25,0,115,96,19,39,13,167,18,62,80,247
03/17/2006,MWH,WA,ANM,WE,Combined TRACON& Tower with Radar,15,14,8,49,86,52,0,4,2,58,67,14,12,51,144,2,51,53,197
03/18/2006,MWH,WA,ANM,WE,Combined TRACON& Tower with Radar,8,5,18,0,31,36,0,24,10,70,44,5,42,10,101,14,0,14,115
03/19/2006,MWH,WA,ANM,WE,Combined TRACON& Tower with Radar,0,4,2,0,6,0,0,21,0,21,0,4,23,0,27,2,0,2,29
03/20/2006,MWH,WA,ANM,WE,Combined TRACON& Tower with Radar,20,12,9,27,68,63,1,19,2,85,83,13,28,29,153,7,14,21,174
03/21/2006,MWH,WA,ANM,WE,Combined TRACON& Tower with Radar,22,10,16,6,54,75,2,14,2,93,97,12,30,8,147,0,8,8,155
03/22/2006,MWH,WA,ANM,WE,Combined TRACON& Tower with Radar,7,8,12,16,43,88,4,10,2,104,95,12,22,18,147,14,80,94,241
03/23/2006,MWH,WA,ANM,WE,Combined TRACON& Tower with Radar,19,20,10,4,53,42,13,16,0,71,61,33,26,4,124,12,0,12,136
03/24/2006,MWH,WA,ANM,WE,Combined TRACON& Tower with Radar,0,10,1,19,30,19,4,3,12,38,19,14,4,31,68,0,4,4,72
03/25/2006,MWH,WA,ANM,WE,Combined TRACON& Tower with Radar,14,5,0,12,31,48,0,4,12,64,62,5,4,24,95,26,52,78,173
03/26/2006,MWH,WA,ANM,WE,Combined TRACON& Tower with Radar,10,4,1,25,40,4,0,7,7,18,14,4,8,32,58,10,168,178,236
03/27/2006,MWH,WA,ANM,WE,Combined TRACON& Tower with Radar,6,12,14,11,43,14,2,56,0,72,20,14,70,11,115,97,55,152,267
03/28/2006,MWH,WA,ANM,WE,Combined TRACON& Tower with Radar,29,9,7,31,76,76,8,35,0,119,105,17,42,31,195,217,116,333,528
03/29/2006,MWH,WA,ANM,WE,Combined TRACON& Tower with Radar,0,10,17,37,64,0,7,40,19,66,0,17,57,56,130,120,124,244,374
03/30/2006,MWH,WA,ANM,WE,Combined TRACON& Tower with Radar,12,10,36,12,70,19,4,62,1,86,31,14,98,13,156,150,40,190,346
03/31/2006,MWH,WA,ANM,WE,Combined TRACON& Tower with Radar,15,11,3,18,47,53,4,13,4,74,68,15,16,22,121,30,44,74,195
04/01/2006,MWH,WA,ANM,WE,Combined TRACON& Tower with Radar,10,7,8,9,34,17,0,7,1,25,27,7,15,10,59,0,0,0,59
04/02/2006,MWH,WA,ANM,WE,Combined TRACON& Tower with Radar,0,3,4,10,17,0,0,13,12,25,0,3,17,22,42,22,70,92,134
04/03/2006,MWH,WA,ANM,WE,Combined TRACON& Tower with Radar,14,11,10,14,49,66,2,38,0,106,80,13,48,14,155,70,100,170,325
04/04/2006,MWH,WA,ANM,WE,Combined TRACON& Tower with Radar,2,11,23,14,50,40,2,33,6,81,42,13,56,20,131,106,32,138,269
04/05/2006,MWH,WA,ANM,WE,Combined TRACON& Tower with Radar,2,15,37,33,87,58,6,19,1,84,60,21,56,34,171,76,72,148,319
04/06/2006,MWH,WA,ANM,WE,Combined TRACON& Tower with Radar,18,10,11,22,61,49,4,52,0,105,67,14,63,22,166,110,30,140,306
04/07/2006,MWH,WA,ANM,WE,Combined TRACON& Tower with Radar,7,15,8,14,44,2,6,33,44,85,9,21,41,58,129,16,17,33,162
04/08/2006,MWH,WA,ANM,WE,Combined TRACON& Tower with Radar,6,4,10,37,57,14,0,11,2,27,20,4,21,39,84,26,10,36,120
04/09/2006,MWH,WA,ANM,WE,Combined TRACON& Tower with Radar,11,3,4,6,24,22,0,21,11,54,33,3,25,17,78,16,46,62,140
04/10/2006,MWH,WA,ANM,WE,Combined TRACON& Tower with Radar,20,17,32,9,78,0,0,21,0,21,20,17,53,9,99,75,8,83,182
04/11/2006,MWH,WA,ANM,WE,Combined TRACON& Tower with Radar,14,11,28,16,69,3,3,53,5,64,17,14,81,21,133,109,36,145,278
04/12/2006,MWH,WA,ANM,WE,Combined TRACON& Tower with Radar,16,10,24,22,72,2,2,29,3,36,18,12,53,25,108,142,30,172,280
04/13/2006,MWH,WA,ANM,WE,Combined TRACON& Tower with Radar,4,12,15,14,45,0,4,62,1,67,4,16,77,15,112,84,44,128,240
04/14/2006,MWH,WA,ANM,WE,Combined TRACON& Tower with Radar,8,10,0,14,32,0,2,6,5,13,8,12,6,19,45,0,38,38,83
04/15/2006,MWH,WA,ANM,WE,Combined TRACON& Tower with Radar,4,5,1,12,22,32,1,2,6,41,36,6,3,18,63,0,58,58,121
04/16/2006,MWH,WA,ANM,WE,Combined TRACON& Tower with Radar,2,3,1,4,10,0,1,7,4,12,2,4,8,8,22,0,60,60,82
04/17/2006,MWH,WA,ANM,WE,Combined TRACON& Tower with Radar,12,10,10,29,61,0,10,44,15,69,12,20,54,44,130,60,149,209,339
04/18/2006,MWH,WA,ANM,WE,Combined TRACON& Tower with Radar,14,8,16,28,66,1,4,61,0,66,15,12,77,28,132,132,146,278,410
04/19/2006,MWH,WA,ANM,WE,Combined TRACON& Tower with Radar,16,15,14,19,64,0,2,62,0,64,16,17,76,19,128,142,89,231,359
04/20/2006,MWH,WA,ANM,WE,Combined TRACON& Tower with Radar,7,8,22,18,55,13,7,70,14,104,20,15,92,32,159,106,118,224,383
04/21/2006,MWH,WA,ANM,WE,Combined TRACON& Tower with Radar,15,8,8,18,49,9,3,12,7,31,24,11,20,25,80,4,52,56,136
04/22/2006,MWH,WA,ANM,WE,Combined TRACON& Tower with Radar,0,5,2,15,22,0,4,19,7,30,0,9,21,22,52,0,78,78,130
04/23/2006,MWH,WA,ANM,WE,Combined TRACON& Tower with Radar,0,3,3,1,7,0,0,23,7,30,0,3,26,8,37,6,18,24,61
04/24/2006,MWH,WA,ANM,WE,Combined TRACON& Tower with Radar,18,13,13,11,55,0,0,47,0,47,18,13,60,11,102,146,64,210,312
04/25/2006,MWH,WA,ANM,WE,Combined TRACON& Tower with Radar,28,9,16,12,65,0,7,71,10,88,28,16,87,22,153,122,56,178,331
04/26/2006,MWH,WA,ANM,WE,Combined TRACON& Tower with Radar,11,15,27,10,63,9,2,45,6,62,20,17,72,16,125,90,60,150,275
04/27/2006,MWH,WA,ANM,WE,Combined TRACON& Tower with Radar,4,18,31,21,74,1,3,59,4,67,5,21,90,25,141,54,72,126,267
04/28/2006,MWH,WA,ANM,WE,Combined TRACON& Tower with Radar,0,18,7,13,38,0,2,21,7,30,0,20,28,20,68,22,82,104,172
04/29/2006,MWH,WA,ANM,WE,Combined TRACON& Tower with Radar,0,3,3,2,8,0,1,8,0,9,0,4,11,2,17,0,0,0,17
04/30/2006,MWH,WA,ANM,WE,Combined TRACON& Tower with Radar,69,3,3,10,85,0,0,13,0,13,69,3,16,10,98,18,42,60,158
05/01/2006,MWH,WA,ANM,WE,Combined TRACON& Tower with Radar,41,11,11,15,78,1,5,20,5,31,42,16,31,20,109,80,60,140,249
05/02/2006,MWH,WA,ANM,WE,Combined TRACON& Tower with Radar,3,11,15,10,39,9,1,65,4,79,12,12,80,14,118,105,19,124,242
05/03/2006,MWH,WA,ANM,WE,Combined TRACON& Tower with Radar,8,10,10,37,65,0,6,54,12,72,8,16,64,49,137,39,97,136,273
05/04/2006,MWH,WA,ANM,WE,Combined TRACON& Tower with Radar,10,14,24,37,85,7,2,49,0,58,17,16,73,37,143,146,78,224,367
05/05/2006,MWH,WA,ANM,WE,Combined TRACON& Tower with Radar,17,10,2,14,43,6,3,24,9,42,23,13,26,23,85,12,126,138,223
05/06/2006,MWH,WA,ANM,WE,Combined TRACON& Tower with Radar,0,5,2,2,9,26,0,5,0,31,26,5,7,2,40,2,2,4,44
05/07/2006,MWH,WA,ANM,WE,Combined TRACON& Tower with Radar,0,3,1,2,6,0,0,1,0,1,0,3,2,2,7,0,0,0,7
05/08/2006,MWH,WA,ANM,WE,Combined TRACON& Tower with Radar,4,7,9,6,26,0,11,36,0,47,4,18,45,6,73,236,6,242,315
05/09/2006,MWH,WA,ANM,WE,Combined TRACON& Tower with Radar,17,9,17,6,49,30,4,69,12,115,47,13,86,18,164,82,22,104,268
05/10/2006,MWH,WA,ANM,WE,Combined TRACON& Tower with Radar,0,8,36,22,66,0,0,64,0,64,0,8,100,22,130,102,24,126,256
05/11/2006,MWH,WA,ANM,WE,Combined TRACON& Tower with Radar,27,11,28,16,82,8,5,39,0,52,35,16,67,16,134,160,76,236,370
05/12/2006,MWH,WA,ANM,WE,Combined TRACON& Tower with Radar,17,9,9,13,48,5,3,28,0,36,22,12,37,13,84,34,12,46,130
05/13/2006,MWH,WA,ANM,WE,Combined TRACON& Tower with Radar,0,2,10,18,30,0,0,22,4,26,0,2,32,22,56,38,40,78,134
05/14/2006,MWH,WA,ANM,WE,Combined TRACON& Tower with Radar,0,3,10,11,24,0,0,42,7,49,0,3,52,18,73,32,50,82,155
05/15/2006,MWH,WA,ANM,WE,Combined TRACON& Tower with Radar,24,8,24,29,85,5,5,50,0,60,29,13,74,29,145,54,121,175,320
05/16/2006,MWH,WA,ANM,WE,Combined TRACON& Tower with Radar,44,13,32,4,93,19,8,64,2,93,63,21,96,6,186,93,21,114,300
05/17/2006,MWH,WA,ANM,WE,Combined TRACON& Tower with Radar,16,9,27,6,58,5,2,42,6,55,21,11,69,12,113,74,14,88,201
05/18/2006,MWH,WA,ANM,WE,Combined TRACON& Tower with Radar,37,8,25,20,90,9,7,51,0,67,46,15,76,20,157,60,22,82,239
05/19/2006,MWH,WA,ANM,WE,Combined TRACON& Tower with Radar,20,10,11,13,54,3,2,12,11,28,23,12,23,24,82,0,62,62,144
05/20/2006,MWH,WA,ANM,WE,Combined TRACON& Tower with Radar,13,5,6,9,33,27,0,1,4,32,40,5,7,13,65,4,30,34,99
05/21/2006,MWH,WA,ANM,WE,Combined TRACON& Tower with Radar,0,3,6,16,25,0,0,26,14,40,0,3,32,30,65,8,60,68,133
05/22/2006,MWH,WA,ANM,WE,Combined TRACON& Tower with Radar,9,17,41,47,114,11,2,29,0,42,20,19,70,47,156,84,115,199,355
05/23/2006,MWH,WA,ANM,WE,Combined TRACON& Tower with Radar,16,10,20,28,74,24,10,61,1,96,40,20,81,29,170,119,69,188,358
05/24/2006,MWH,WA,ANM,WE,Combined TRACON& Tower with Radar,11,11,41,9,72,5,5,55,9,74,16,16,96,18,146,120,56,176,322
05/25/2006,MWH,WA,ANM,WE,Combined TRACON& Tower with Radar,2,10,12,18,42,5,9,64,0,78,7,19,76,18,120,62,90,152,272
05/26/2006,MWH,WA,ANM,WE,Combined TRACON& Tower with Radar,16,13,6,6,41,1,3,27,8,39,17,16,33,14,80,72,14,86,166
05/27/2006,MWH,WA,ANM,WE,Combined TRACON& Tower with Radar,0,3,15,0,18,0,1,14,0,15,0,4,29,0,33,2,0,2,35
05/28/2006,MWH,WA,ANM,WE,Combined TRACON& Tower with Radar,0,3,2,1,6,0,2,13,1,16,0,5,15,2,22,8,24,32,54
05/29/2006,MWH,WA,ANM,WE,Combined TRACON& Tower with Radar,0,8,9,1,18,0,4,27,2,33,0,12,36,3,51,16,24,40,91
05/30/2006,MWH,WA,ANM,WE,Combined TRACON& Tower with Radar,0,12,21,16,49,6,7,49,0,62,6,19,70,16,111,88,31,119,230
05/31/2006,MWH,WA,ANM,WE,Combined TRACON& Tower with Radar,20,10,30,44,104,5,1,54,17,77,25,11,84,61,181,54,32,86,267
06/01/2006,MWH,WA,ANM,WE,Combined TRACON& Tower with Radar,0,11,13,27,51,0,5,55,10,70,0,16,68,37,121,80,104,184,305
06/02/2006,MWH,WA,ANM,WE,Combined TRACON& Tower with Radar,6,10,6,42,64,0,3,25,0,28,6,13,31,42,92,4,36,40,132
06/03/2006,MWH,WA,ANM,WE,Combined TRACON& Tower with Radar,0,3,8,12,23,1,2,23,8,34,1,5,31,20,57,20,41,61,118
06/04/2006,MWH,WA,ANM,WE,Combined TRACON& Tower with Radar,4,3,2,2,11,0,0,2,0,2,4,3,4,2,13,0,28,28,41
06/05/2006,MWH,WA,ANM,WE,Combined TRACON& Tower with Radar,16,13,32,34,95,1,1,66,38,106,17,14,98,72,201,55,43,98,299
06/06/2006,MWH,WA,ANM,WE,Combined TRACON& Tower with Radar,0,10,25,11,46,0,7,57,4,68,0,17,82,15,114,65,88,153,267
06/07/2006,MWH,WA,ANM,WE,Combined TRACON& Tower with Radar,5,11,25,14,55,4,5,51,5,65,9,16,76,19,120,104,152,256,376
06/08/2006,MWH,WA,ANM,WE,Combined TRACON& Tower with Radar,0,12,16,22,50,0,5,13,3,21,0,17,29,25,71,12,62,74,145
06/09/2006,MWH,WA,ANM,WE,Combined TRACON& Tower with Radar,18,9,8,6,41,9,5,10,0,24,27,14,18,6,65,4,54,58,123
06/10/2006,MWH,WA,ANM,WE,Combined TRACON& Tower with Radar,14,4,41,2,61,25,1,29,0,55,39,5,70,2,116,9,0,9,125
06/11/2006,MWH,WA,ANM,WE,Combined TRACON& Tower with Radar,0,3,9,17,29,0,1,85,8,94,0,4,94,25,123,0,10,10,133
06/12/2006,MWH,WA,ANM,WE,Combined TRACON& Tower with Radar,6,16,7,6,35,45,2,5,1,53,51,18,12,7,88,2,5,7,95
06/13/2006,MWH,WA,ANM,WE,Combined TRACON& Tower with Radar,17,14,17,23,71,38,2,18,1,59,55,16,35,24,130,16,21,37,167
06/14/2006,MWH,WA,ANM,WE,Combined TRACON& Tower with Radar,2,9,21,31,63,89,5,15,7,116,91,14,36,38,179,46,86,132,311
06/15/2006,MWH,WA,ANM,WE,Combined TRACON& Tower with Radar,11,7,23,30,71,47,5,20,7,79,58,12,43,37,150,42,48,90,240
06/16/2006,MWH,WA,ANM,WE,Combined TRACON& Tower with Radar,9,19,11,11,50,55,10,27,1,93,64,29,38,12,143,4,70,74,217
06/17/2006,MWH,WA,ANM,WE,Combined TRACON& Tower with Radar,16,3,1,0,20,59,1,20,0,80,75,4,21,0,100,14,0,14,114
06/18/2006,MWH,WA,ANM,WE,Combined TRACON& Tower with Radar,0,3,6,21,30,0,1,16,0,17,0,4,22,21,47,24,8,32,79
06/19/2006,MWH,WA,ANM,WE,Combined TRACON& Tower with Radar,19,10,42,20,91,57,5,56,0,118,76,15,98,20,209,62,34,96,305
06/20/2006,MWH,WA,ANM,WE,Combined TRACON& Tower with Radar,20,10,29,8,67,64,1,58,1,124,84,11,87,9,191,102,28,130,321
06/21/2006,MWH,WA,ANM,WE,Combined TRACON& Tower with Radar,16,9,24,24,73,31,2,59,28,120,47,11,83,52,193,146,82,228,421
06/22/2006,MWH,WA,ANM,WE,Combined TRACON& Tower with Radar,24,10,12,15,61,68,10,74,13,165,92,20,86,28,226,98,82,180,406
06/23/2006,MWH,WA,ANM,WE,Combined TRACON& Tower with Radar,21,9,27,17,74,43,7,89,5,144,64,16,116,22,218,158,22,180,398
06/24/2006,MWH,WA,ANM,WE,Combined TRACON& Tower with Radar,2,4,0,8,14,0,2,29,5,36,2,6,29,13,50,18,44,62,112
06/25/2006,MWH,WA,ANM,WE,Combined TRACON& Tower with Radar,9,2,0,10,21,1,2,14,17,34,10,4,14,27,55,16,50,66,121
06/26/2006,MWH,WA,ANM,WE,Combined TRACON& Tower with Radar,20,11,19,20,70,98,6,65,0,169,118,17,84,20,239,82,104,186,425
06/27/2006,MWH,WA,ANM,WE,Combined TRACON& Tower with Radar,27,11,19,15,72,75,4,45,5,129,102,15,64,20,201,110,38,148,349
06/28/2006,MWH,WA,ANM,WE,Combined TRACON& Tower with Radar,8,9,31,25,73,86,0,61,18,165,94,9,92,43,238,134,72,206,444
06/29/2006,MWH,WA,ANM,WE,Combined TRACON& Tower with Radar,0,11,18,24,53,0,12,72,4,88,0,23,90,28,141,158,58,216,357
06/30/2006,MWH,WA,ANM,WE,Combined TRACON& Tower with Radar,14,11,15,18,58,66,5,45,6,122,80,16,60,24,180,58,100,158,338
07/01/2006,MWH,WA,ANM,WE,Combined TRACON& Tower with Radar,5,3,12,0,20,47,1,23,1,72,52,4,35,1,92,6,14,20,112
07/02/2006,MWH,WA,ANM,WE,Combined TRACON& Tower with Radar,0,4,5,0,9,0,0,38,0,38,0,4,43,0,47,6,0,6,53
07/03/2006,MWH,WA,ANM,WE,Combined TRACON& Tower with Radar,2,9,27,0,38,93,8,40,2,143,95,17,67,2,181,22,0,22,203
07/04/2006,MWH,WA,ANM,WE,Combined TRACON& Tower with Radar,0,6,2,0,8,0,2,10,0,12,0,8,12,0,20,0,0,0,20
07/05/2006,MWH,WA,ANM,WE,Combined TRACON& Tower with Radar,11,10,27,43,91,48,3,29,5,85,59,13,56,48,176,57,112,169,345
07/06/2006,MWH,WA,ANM,WE,Combined TRACON& Tower with Radar,20,9,48,39,116,49,4,30,0,83,69,13,78,39,199,108,68,176,375
07/07/2006,MWH,WA,ANM,WE,Combined TRACON& Tower with Radar,20,9,19,12,60,51,7,71,3,132,71,16,90,15,192,58,31,89,281
07/08/2006,MWH,WA,ANM,WE,Combined TRACON& Tower with Radar,15,4,0,9,28,65,5,29,7,106,80,9,29,16,134,12,40,52,186
07/09/2006,MWH,WA,ANM,WE,Combined TRACON& Tower with Radar,0,3,2,7,12,0,0,23,4,27,0,3,25,11,39,0,30,30,69
07/10/2006,MWH,WA,ANM,WE,Combined TRACON& Tower with Radar,10,9,39,58,116,49,3,27,0,79,59,12,66,58,195,152,50,202,397
07/11/2006,MWH,WA,ANM,WE,Combined TRACON& Tower with Radar,26,9,25,28,88,68,4,84,10,166,94,13,109,38,254,104,55,159,413
07/12/2006,MWH,WA,ANM,WE,Combined TRACON& Tower with Radar,8,10,34,30,82,27,1,53,0,81,35,11,87,30,163,180,117,297,460
07/13/2006,MWH,WA,ANM,WE,Combined TRACON& Tower with Radar,15,8,42,30,95,31,4,82,0,117,46,12,124,30,212,124,90,214,426
07/14/2006,MWH,WA,ANM,WE,Combined TRACON& Tower with Radar,44,9,23,2,78,11,5,65,11,92,55,14,88,13,170,126,21,147,317
07/15/2006,MWH,WA,ANM,WE,Combined TRACON& Tower with Radar,5,5,5,4,19,0,0,22,6,28,5,5,27,10,47,8,18,26,73
07/16/2006,MWH,WA,ANM,WE,Combined TRACON& Tower with Radar,0,4,1,12,17,0,0,15,3,18,0,4,16,15,35,2,32,34,69
07/17/2006,MWH,WA,ANM,WE,Combined TRACON& Tower with Radar,31,10,17,38,96,5,0,76,12,93,36,10,93,50,189,167,97,264,453
07/18/2006,MWH,WA,ANM,WE,Combined TRACON& Tower with Radar,0,11,21,27,59,8,4,63,0,75,8,15,84,27,134,85,58,143,277
07/19/2006,MWH,WA,ANM,WE,Combined TRACON& Tower with Radar,21,10,35,18,84,15,3,101,0,119,36,13,136,18,203,152,40,192,395
07/20/2006,MWH,WA,ANM,WE,Combined TRACON& Tower with Radar,23,12,18,12,65,12,5,0,81,98,35,17,18,93,163,30,114,144,307
07/21/2006,MWH,WA,ANM,WE,Combined TRACON& Tower with Radar,26,9,18,17,70,0,3,34,17,54,26,12,52,34,124,122,18,140,264
07/22/2006,MWH,WA,ANM,WE,Combined TRACON& Tower with Radar,4,4,4,15,27,0,0,33,7,40,4,4,37,22,67,20,40,60,127
07/23/2006,MWH,WA,ANM,WE,Combined TRACON& Tower with Radar,0,3,9,11,23,0,0,27,1,28,0,3,36,12,51,0,0,0,51
07/24/2006,MWH,WA,ANM,WE,Combined TRACON& Tower with Radar,22,8,13,14,57,5,6,58,10,79,27,14,71,24,136,214,37,251,387
07/25/2006,MWH,WA,ANM,WE,Combined TRACON& Tower with Radar,18,17,18,36,89,5,0,66,7,78,23,17,84,43,167,73,36,109,276
07/26/2006,MWH,WA,ANM,WE,Combined TRACON& Tower with Radar,13,9,12,36,70,3,6,54,10,73,16,15,66,46,143,101,62,163,306
07/27/2006,MWH,WA,ANM,WE,Combined TRACON& Tower with Radar,8,26,16,42,92,0,1,34,2,37,8,27,50,44,129,74,100,174,303
07/28/2006,MWH,WA,ANM,WE,Combined TRACON& Tower with Radar,6,10,8,19,43,2,5,20,16,43,8,15,28,35,86,24,88,112,198
07/29/2006,MWH,WA,ANM,WE,Combined TRACON& Tower with Radar,6,4,4,9,23,0,4,19,6,29,6,8,23,15,52,4,49,53,105
07/30/2006,MWH,WA,ANM,WE,Combined TRACON& Tower with Radar,4,3,3,16,26,1,0,17,7,25,5,3,20,23,51,2,112,114,165
07/31/2006,MWH,WA,ANM,WE,Combined TRACON& Tower with Radar,11,13,5,27,56,2,8,24,11,45,13,21,29,38,101,8,101,109,210
08/01/2006,MWH,WA,ANM,WE,Combined TRACON& Tower with Radar,8,9,14,30,61,0,7,25,16,48,8,16,39,46,109,6,110,116,225
08/02/2006,MWH,WA,ANM,WE,Combined TRACON& Tower with Radar,12,9,4,42,67,3,12,23,11,49,15,21,27,53,116,4,133,137,253
08/03/2006,MWH,WA,ANM,WE,Combined TRACON& Tower with Radar,16,12,9,46,83,2,10,44,2,58,18,22,53,48,141,8,160,168,309
08/04/2006,MWH,WA,ANM,WE,Combined TRACON& Tower with Radar,15,11,12,29,67,1,8,31,23,63,16,19,43,52,130,10,86,96,226
08/05/2006,MWH,WA,ANM,WE,Combined TRACON& Tower with Radar,2,4,10,5,21,22,1,25,4,52,24,5,35,9,73,16,26,42,115
08/06/2006,MWH,WA,ANM,WE,Combined TRACON& Tower with Radar,4,3,6,8,21,2,0,24,3,29,6,3,30,11,50,0,18,18,68
08/07/2006,MWH,WA,ANM,WE,Combined TRACON& Tower with Radar,8,10,6,28,52,2,5,32,12,51,10,15,38,40,103,8,108,116,219
08/08/2006,MWH,WA,ANM,WE,Combined TRACON& Tower with Radar,16,7,5,22,50,3,9,23,9,44,19,16,28,31,94,0,119,119,213
08/09/2006,MWH,WA,ANM,WE,Combined TRACON& Tower with Radar,46,13,11,24,94,0,11,55,12,78,46,24,66,36,172,4,91,95,267
08/10/2006,MWH,WA,ANM,WE,Combined TRACON& Tower with Radar,19,8,9,25,61,3,16,30,1,50,22,24,39,26,111,44,50,94,205
08/11/2006,MWH,WA,ANM,WE,Combined TRACON& Tower with Radar,8,9,6,26,49,0,6,16,14,36,8,15,22,40,85,0,80,80,165
08/12/2006,MWH,WA,ANM,WE,Combined TRACON& Tower with Radar,5,7,0,3,15,0,1,17,0,18,5,8,17,3,33,0,3,3,36
08/13/2006,MWH,WA,ANM,WE,Combined TRACON& Tower with Radar,6,7,1,7,21,0,0,26,7,33,6,7,27,14,54,7,82,89,143
08/14/2006,MWH,WA,ANM,WE,Combined TRACON& Tower with Radar,15,9,19,54,97,0,6,40,0,46,15,15,59,54,143,17,110,127,270
08/15/2006,MWH,WA,ANM,WE,Combined TRACON& Tower with Radar,8,8,9,22,47,3,7,14,0,24,11,15,23,22,71,6,69,75,146
08/16/2006,MWH,WA,ANM,WE,Combined TRACON& Tower with Radar,42,8,15,50,115,0,19,62,7,88,42,27,77,57,203,14,136,150,353
08/17/2006,MWH,WA,ANM,WE,Combined TRACON& Tower with Radar,10,9,8,22,49,3,12,60,5,80,13,21,68,27,129,2,62,64,193
08/18/2006,MWH,WA,ANM,WE,Combined TRACON& Tower with Radar,53,10,7,28,98,83,4,42,0,129,136,14,49,28,227,6,35,41,268
08/19/2006,MWH,WA,ANM,WE,Combined TRACON& Tower with Radar,20,5,2,0,27,2,1,25,6,34,22,6,27,6,61,2,38,40,101
08/20/2006,MWH,WA,ANM,WE,Combined TRACON& Tower with Radar,2,3,4,4,13,1,5,6,0,12,3,8,10,4,25,0,62,62,87
08/21/2006,MWH,WA,ANM,WE,Combined TRACON& Tower with Radar,0,11,5,16,32,0,10,43,16,69,0,21,48,32,101,6,86,92,193
08/22/2006,MWH,WA,ANM,WE,Combined TRACON& Tower with Radar,52,10,6,53,121,30,16,23,4,73,82,26,29,57,194,0,106,106,300
08/23/2006,MWH,WA,ANM,WE,Combined TRACON& Tower with Radar,15,8,6,33,62,0,1,24,8,33,15,9,30,41,95,10,56,66,161
08/24/2006,MWH,WA,ANM,WE,Combined TRACON& Tower with Radar,21,12,7,28,68,63,13,45,1,122,84,25,52,29,190,0,98,98,288
08/25/2006,MWH,WA,ANM,WE,Combined TRACON& Tower with Radar,26,9,6,5,46,7,5,35,1,48,33,14,41,6,94,4,6,10,104
08/26/2006,MWH,WA,ANM,WE,Combined TRACON& Tower with Radar,7,4,0,1,12,18,1,23,0,42,25,5,23,1,54,0,5,5,59
08/27/2006,MWH,WA,ANM,WE,Combined TRACON& Tower with Radar,16,0,10,4,30,2,1,13,2,18,18,1,23,6,48,1,8,9,57
08/28/2006,MWH,WA,ANM,WE,Combined TRACON& Tower with Radar,15,7,1,37,60,7,5,20,4,36,22,12,21,41,96,4,62,66,162
08/29/2006,MWH,WA,ANM,WE,Combined TRACON& Tower with Radar,20,10,14,14,58,4,8,22,11,45,24,18,36,25,103,10,52,62,165
08/30/2006,MWH,WA,ANM,WE,Combined TRACON& Tower with Radar,10,8,1,58,77,2,5,28,0,35,12,13,29,58,112,2,82,84,196
08/31/2006,MWH,WA,ANM,WE,Combined TRACON& Tower with Radar,19,8,13,12,52,5,16,30,0,51,24,24,43,12,103,30,30,60,163
09/01/2006,MWH,WA,ANM,WE,Combined TRACON& Tower with Radar,15,8,7,2,32,46,14,24,3,87,61,22,31,5,119,18,0,18,137
09/02/2006,MWH,WA,ANM,WE,Combined TRACON& Tower with Radar,0,0,8,0,8,0,1,23,0,24,0,1,31,0,32,0,0,0,32
09/03/2006,MWH,WA,ANM,WE,Combined TRACON& Tower with Radar,2,0,1,0,3,0,9,18,0,27,2,9,19,0,30,0,0,0,30
09/04/2006,MWH,WA,ANM,WE,Combined TRACON& Tower with Radar,3,2,8,0,13,2,9,19,0,30,5,11,27,0,43,0,0,0,43
09/05/2006,MWH,WA,ANM,WE,Combined TRACON& Tower with Radar,0,7,6,10,23,0,18,24,5,47,0,25,30,15,70,2,46,48,118
09/06/2006,MWH,WA,ANM,WE,Combined TRACON& Tower with Radar,14,7,5,25,51,13,4,34,7,58,27,11,39,32,109,0,50,50,159
09/07/2006,MWH,WA,ANM,WE,Combined TRACON& Tower with Radar,9,5,8,51,73,32,4,33,9,78,41,9,41,60,151,20,100,120,271
09/08/2006,MWH,WA,ANM,WE,Combined TRACON& Tower with Radar,2,18,11,7,38,0,0,23,8,31,2,18,34,15,69,0,64,64,133
09/09/2006,MWH,WA,ANM,WE,Combined TRACON& Tower with Radar,6,0,5,10,21,0,13,10,3,26,6,13,15,13,47,0,39,39,86
09/10/2006,MWH,WA,ANM,WE,Combined TRACON& Tower with Radar,2,0,5,16,23,0,5,9,0,14,2,5,14,16,37,2,30,32,69
09/11/2006,MWH,WA,ANM,WE,Combined TRACON& Tower with Radar,30,5,9,41,85,0,3,16,26,45,30,8,25,67,130,3,39,42,172
09/12/2006,MWH,WA,ANM,WE,Combined TRACON& Tower with Radar,26,4,2,30,62,0,16,43,19,78,26,20,45,49,140,4,94,98,238
09/13/2006,MWH,WA,ANM,WE,Combined TRACON& Tower with Radar,7,5,16,19,47,0,14,47,30,91,7,19,63,49,138,25,84,109,247
09/14/2006,MWH,WA,ANM,WE,Combined TRACON& Tower with Radar,9,4,2,47,62,23,8,49,8,88,32,12,51,55,150,26,36,62,212
09/15/2006,MWH,WA,ANM,WE,Combined TRACON& Tower with Radar,29,2,6,37,74,35,9,17,28,89,64,11,23,65,163,0,68,68,231
09/16/2006,MWH,WA,ANM,WE,Combined TRACON& Tower with Radar,6,1,8,24,39,0,2,28,3,33,6,3,36,27,72,2,73,75,147
09/17/2006,MWH,WA,ANM,WE,Combined TRACON& Tower with Radar,0,0,4,12,16,0,0,26,8,34,0,0,30,20,50,12,70,82,132
09/18/2006,MWH,WA,ANM,WE,Combined TRACON& Tower with Radar,37,5,7,49,98,39,4,49,31,123,76,9,56,80,221,50,123,173,394
09/19/2006,MWH,WA,ANM,WE,Combined TRACON& Tower with Radar,22,6,7,6,41,43,2,57,12,114,65,8,64,18,155,107,9,116,271
09/20/2006,MWH,WA,ANM,WE,Combined TRACON& Tower with Radar,9,5,9,17,40,0,4,54,30,88,9,9,63,47,128,186,12,198,326
09/21/2006,MWH,WA,ANM,WE,Combined TRACON& Tower with Radar,21,7,12,42,82,1,2,38,12,53,22,9,50,54,135,70,102,172,307
09/22/2006,MWH,WA,ANM,WE,Combined TRACON& Tower with Radar,6,5,11,12,34,0,8,16,4,28,6,13,27,16,62,20,40,60,122
09/23/2006,MWH,WA,ANM,WE,Combined TRACON& Tower with Radar,4,1,10,13,28,0,3,28,0,31,4,4,38,13,59,2,32,34,93
09/24/2006,MWH,WA,ANM,WE,Combined TRACON& Tower with Radar,8,0,2,17,27,2,0,12,5,19,10,0,14,22,46,2,100,102,148
09/25/2006,MWH,WA,ANM,WE,Combined TRACON& Tower with Radar,10,9,8,31,58,0,3,35,13,51,10,12,43,44,109,60,83,143,252
09/26/2006,MWH,WA,ANM,WE,Combined TRACON& Tower with Radar,16,5,19,20,60,3,6,69,0,78,19,11,88,20,138,95,73,168,306
09/27/2006,MWH,WA,ANM,WE,Combined TRACON& Tower with Radar,4,4,6,21,35,8,3,77,6,94,12,7,83,27,129,94,80,174,303
09/28/2006,MWH,WA,ANM,WE,Combined TRACON& Tower with Radar,13,7,24,16,60,77,3,66,4,150,90,10,90,20,210,144,44,188,398
09/29/2006,MWH,WA,ANM,WE,Combined TRACON& Tower with Radar,10,3,1,13,27,45,5,20,17,87,55,8,21,30,114,2,60,62,176
09/30/2006,MWH,WA,ANM,WE,Combined TRACON& Tower with Radar,1,2,5,22,30,0,0,21,8,29,1,2,26,30,59,4,74,78,137
10/01/2006,MWH,WA,ANM,WE,Combined TRACON& Tower with Radar,2,0,0,22,24,0,1,21,8,30,2,1,21,30,54,19,150,169,223
10/02/2006,MWH,WA,ANM,WE,Combined TRACON& Tower with Radar,14,6,13,0,33,18,0,31,44,93,32,6,44,44,126,80,75,155,281
10/03/2006,MWH,WA,ANM,WE,Combined TRACON& Tower with Radar,8,5,32,5,50,0,3,47,4,54,8,8,79,9,104,142,25,167,271
10/04/2006,MWH,WA,ANM,WE,Combined TRACON& Tower with Radar,4,3,13,22,42,4,2,54,3,63,8,5,67,25,105,142,11,153,258
10/05/2006,MWH,WA,ANM,WE,Combined TRACON& Tower with Radar,27,9,21,30,87,11,3,41,3,58,38,12,62,33,145,82,46,128,273
10/06/2006,MWH,WA,ANM,WE,Combined TRACON& Tower with Radar,16,5,20,14,55,28,8,6,10,52,44,13,26,24,107,2,118,120,227
10/07/2006,MWH,WA,ANM,WE,Combined TRACON& Tower with Radar,5,1,1,14,21,0,1,11,5,17,5,2,12,19,38,20,71,91,129
10/08/2006,MWH,WA,ANM,WE,Combined TRACON& Tower with Radar,0,0,3,12,15,0,0,13,0,13,0,0,16,12,28,22,50,72,100
10/09/2006,MWH,WA,ANM,WE,Combined TRACON& Tower with Radar,0,6,15,1,22,0,2,54,1,57,0,8,69,2,79,220,36,256,335
10/10/2006,MWH,WA,ANM,WE,Combined TRACON& Tower with Radar,15,4,22,7,48,12,5,71,0,88,27,9,93,7,136,113,86,199,335
10/11/2006,MWH,WA,ANM,WE,Combined TRACON& Tower with Radar,4,3,27,24,58,0,4,67,9,80,4,7,94,33,138,186,122,308,446
10/12/2006,MWH,WA,ANM,WE,Combined TRACON& Tower with Radar,19,3,27,14,63,5,3,80,7,95,24,6,107,21,158,178,58,236,394
10/13/2006,MWH,WA,ANM,WE,Combined TRACON& Tower with Radar,29,3,8,4,44,1,3,31,5,40,30,6,39,9,84,22,10,32,116
10/14/2006,MWH,WA,ANM,WE,Combined TRACON& Tower with Radar,0,0,1,21,22,0,2,25,15,42,0,2,26,36,64,6,63,69,133
10/15/2006,MWH,WA,ANM,WE,Combined TRACON& Tower with Radar,0,0,4,16,20,0,0,3,7,10,0,0,7,23,30,2,32,34,64
10/16/2006,MWH,WA,ANM,WE,Combined TRACON& Tower with Radar,16,6,9,28,59,0,1,57,48,106,16,7,66,76,165,150,85,235,400
10/17/2006,MWH,WA,ANM,WE,Combined TRACON& Tower with Radar,4,6,22,22,54,0,4,77,3,84,4,10,99,25,138,107,62,169,307
10/18/2006,MWH,WA,ANM,WE,Combined TRACON& Tower with Radar,24,4,25,35,88,5,5,39,13,62,29,9,64,48,150,128,170,298,448
10/19/2006,MWH,WA,ANM,WE,Combined TRACON& Tower with Radar,6,8,10,24,48,4,2,45,9,60,10,10,55,33,108,282,60,342,450
10/20/2006,MWH,WA,ANM,WE,Combined TRACON& Tower with Radar,8,4,13,19,44,0,4,17,14,35,8,8,30,33,79,150,118,268,347
10/21/2006,MWH,WA,ANM,WE,Combined TRACON& Tower with Radar,12,0,11,22,45,2,2,29,5,38,14,2,40,27,83,2,121,123,206
10/22/2006,MWH,WA,ANM,WE,Combined TRACON& Tower with Radar,1,0,1,0,2,0,1,11,0,12,1,1,12,0,14,8,0,8,22
10/23/2006,MWH,WA,ANM,WE,Combined TRACON& Tower with Radar,18,5,3,16,42,0,2,68,18,88,18,7,71,34,130,148,31,179,309
10/24/2006,MWH,WA,ANM,WE,Combined TRACON& Tower with Radar,24,15,11,36,86,0,3,45,18,66,24,18,56,54,152,180,73,253,405
10/25/2006,MWH,WA,ANM,WE,Combined TRACON& Tower with Radar,2,5,22,27,56,0,4,43,0,47,2,9,65,27,103,118,44,162,265
10/26/2006,MWH,WA,ANM,WE,Combined TRACON& Tower with Radar,4,4,18,20,46,1,4,90,2,97,5,8,108,22,143,146,52,198,341
10/27/2006,MWH,WA,ANM,WE,Combined TRACON& Tower with Radar,10,3,2,20,35,2,4,6,8,20,12,7,8,28,55,15,21,36,91
10/28/2006,MWH,WA,ANM,WE,Combined TRACON& Tower with Radar,10,0,2,19,31,0,3,21,16,40,10,3,23,35,71,30,161,191,262
10/29/2006,MWH,WA,ANM,WE,Combined TRACON& Tower with Radar,4,0,11,4,19,2,2,6,4,14,6,2,17,8,33,0,30,30,63
10/30/2006,MWH,WA,ANM,WE,Combined TRACON& Tower with Radar,4,4,7,30,45,0,5,63,8,76,4,9,70,38,121,60,125,185,306
10/31/2006,MWH,WA,ANM,WE,Combined TRACON& Tower with Radar,17,4,16,22,59,0,4,73,3,80,17,8,89,25,139,238,67,305,444
11/01/2006,MWH,WA,ANM,WE,Combined TRACON& Tower with Radar,0,3,13,25,41,2,3,51,3,59,2,6,64,28,100,95,77,172,272
11/02/2006,MWH,WA,ANM,WE,Combined TRACON& Tower with Radar,22,7,14,27,70,4,4,25,2,35,26,11,39,29,105,72,2,74,179
11/03/2006,MWH,WA,ANM,WE,Combined TRACON& Tower with Radar,16,10,7,12,45,0,0,0,0,0,16,10,7,12,45,0,0,0,45
11/04/2006,MWH,WA,ANM,WE,Combined TRACON& Tower with Radar,8,1,1,10,20,39,0,0,5,44,47,1,1,15,64,0,26,26,90
11/05/2006,MWH,WA,ANM,WE,Combined TRACON& Tower with Radar,22,0,3,19,44,54,2,7,7,70,76,2,10,26,114,8,68,76,190
11/06/2006,MWH,WA,ANM,WE,Combined TRACON& Tower with Radar,2,9,0,9,20,0,1,14,6,21,2,10,14,15,41,102,26,128,169
11/07/2006,MWH,WA,ANM,WE,Combined TRACON& Tower with Radar,0,6,4,25,35,0,5,45,13,63,0,11,49,38,98,138,45,183,281
11/08/2006,MWH,WA,ANM,WE,Combined TRACON& Tower with Radar,10,3,10,65,88,5,2,66,27,100,15,5,76,92,188,276,108,384,572
11/09/2006,MWH,WA,ANM,WE,Combined TRACON& Tower with Radar,16,4,17,48,85,1,5,76,18,100,17,9,93,66,185,240,52,292,477
11/10/2006,MWH,WA,ANM,WE,Combined TRACON& Tower with Radar,15,7,8,4,34,0,1,5,0,6,15,8,13,4,40,0,30,30,70
11/11/2006,MWH,WA,ANM,WE,Combined TRACON& Tower with Radar,0,0,4,13,17,0,2,8,0,10,0,2,12,13,27,2,22,24,51
11/12/2006,MWH,WA,ANM,WE,Combined TRACON& Tower with Radar,3,0,3,24,30,0,1,6,3,10,3,1,9,27,40,0,56,56,96
11/13/2006,MWH,WA,ANM,WE,Combined TRACON& Tower with Radar,4,7,9,12,32,0,3,51,5,59,4,10,60,17,91,158,96,254,345
11/14/2006,MWH,WA,ANM,WE,Combined TRACON& Tower with Radar,14,4,9,10,37,17,4,74,8,103,31,8,83,18,140,237,48,285,425
11/15/2006,MWH,WA,ANM,WE,Combined TRACON& Tower with Radar,16,5,14,5,40,78,3,42,1,124,94,8,56,6,164,86,11,97,261
11/16/2006,MWH,WA,ANM,WE,Combined TRACON& Tower with Radar,17,5,14,34,70,21,6,82,17,126,38,11,96,51,196,226,64,290,486
11/17/2006,MWH,WA,ANM,WE,Combined TRACON& Tower with Radar,21,3,7,12,43,84,8,9,0,101,105,11,16,12,144,4,26,30,174
11/18/2006,MWH,WA,ANM,WE,Combined TRACON& Tower with Radar,16,3,4,4,27,22,0,17,8,47,38,3,21,12,74,2,40,42,116
11/19/2006,MWH,WA,ANM,WE,Combined TRACON& Tower with Radar,2,0,2,23,27,0,0,8,5,13,2,0,10,28,40,28,50,78,118
11/20/2006,MWH,WA,ANM,WE,Combined TRACON& Tower with Radar,13,9,12,10,44,24,0,24,0,48,37,9,36,10,92,60,65,125,217
11/21/2006,MWH,WA,ANM,WE,Combined TRACON& Tower with Radar,0,0,0,0,0,63,10,46,36,155,63,10,46,36,155,124,15,139,294
11/22/2006,MWH,WA,ANM,WE,Combined TRACON& Tower with Radar,8,7,10,23,48,0,2,4,3,9,8,9,14,26,57,13,40,53,110
11/23/2006,MWH,WA,ANM,WE,Combined TRACON& Tower with Radar,0,0,6,0,6,0,0,0,9,9,0,0,6,9,15,0,0,0,15
11/24/2006,MWH,WA,ANM,WE,Combined TRACON& Tower with Radar,0,3,11,2,16,0,5,9,0,14,0,8,20,2,30,0,0,0,30
11/25/2006,MWH,WA,ANM,WE,Combined TRACON& Tower with Radar,8,0,2,18,28,0,2,6,12,20,8,2,8,30,48,10,85,95,143
11/26/2006,MWH,WA,ANM,WE,Combined TRACON& Tower with Radar,0,0,12,10,22,2,1,0,6,9,2,1,12,16,31,0,42,42,73
11/27/2006,MWH,WA,ANM,WE,Combined TRACON& Tower with Radar,15,8,16,15,54,65,1,36,0,102,80,9,52,15,156,100,63,163,319
11/28/2006,MWH,WA,ANM,WE,Combined TRACON& Tower with Radar,18,4,4,9,35,42,7,43,10,102,60,11,47,19,137,260,60,320,457
11/29/2006,MWH,WA,ANM,WE,Combined TRACON& Tower with Radar,32,6,12,12,62,72,5,17,6,100,104,11,29,18,162,162,44,206,368
11/30/2006,MWH,WA,ANM,WE,Combined TRACON& Tower with Radar,20,6,10,26,62,59,5,41,19,124,79,11,51,45,186,82,72,154,340
12/01/2006,MWH,WA,ANM,WE,Combined TRACON& Tower with Radar,8,18,2,7,35,0,0,0,0,0,8,18,2,7,35,0,4,4,39
12/02/2006,MWH,WA,ANM,WE,Combined TRACON& Tower with Radar,4,2,0,20,26,80,1,6,0,87,84,3,6,20,113,6,92,98,211
12/03/2006,MWH,WA,ANM,WE,Combined TRACON& Tower with Radar,2,0,3,29,34,0,0,7,20,27,2,0,10,49,61,0,68,68,129
12/04/2006,MWH,WA,ANM,WE,Combined TRACON& Tower with Radar,10,10,2,25,47,0,1,0,0,1,10,11,2,25,48,0,40,40,88
12/05/2006,MWH,WA,ANM,WE,Combined TRACON& Tower with Radar,29,11,9,15,64,21,1,12,0,34,50,12,21,15,98,50,14,64,162
12/06/2006,MWH,WA,ANM,WE,Combined TRACON& Tower with Radar,8,8,18,39,73,97,0,18,8,123,105,8,36,47,196,2,48,50,246
12/07/2006,MWH,WA,ANM,WE,Combined TRACON& Tower with Radar,4,18,17,30,69,0,0,0,0,0,4,18,17,30,69,0,0,0,69
12/08/2006,MWH,WA,ANM,WE,Combined TRACON& Tower with Radar,10,13,0,35,58,18,5,5,4,32,28,18,5,39,90,6,0,6,96
12/09/2006,MWH,WA,ANM,WE,Combined TRACON& Tower with Radar,6,3,4,0,13,0,1,0,0,1,6,4,4,0,14,0,0,0,14
12/10/2006,MWH,WA,ANM,WE,Combined TRACON& Tower with Radar,15,0,2,16,33,29,0,0,0,29,44,0,2,16,62,0,2,2,64
12/11/2006,MWH,WA,ANM,WE,Combined TRACON& Tower with Radar,18,10,5,4,37,68,0,0,0,68,86,10,5,4,105,12,28,40,145
12/12/2006,MWH,WA,ANM,WE,Combined TRACON& Tower with Radar,32,8,40,25,105,36,8,2,22,68,68,16,42,47,173,9,54,63,236
12/13/2006,MWH,WA,ANM,WE,Combined TRACON& Tower with Radar,12,7,13,39,71,61,3,1,1,66,73,10,14,40,137,2,162,164,301
12/14/2006,MWH,WA,ANM,WE,Combined TRACON& Tower with Radar,14,6,11,33,64,27,3,1,0,31,41,9,12,33,95,0,16,16,111
12/15/2006,MWH,WA,ANM,WE,Combined TRACON& Tower with Radar,9,6,2,0,17,11,5,0,0,16,20,11,2,0,33,0,0,0,33
12/16/2006,MWH,WA,ANM,WE,Combined TRACON& Tower with Radar,13,0,0,19,32,63,2,11,1,77,76,2,11,20,109,28,64,92,201
12/17/2006,MWH,WA,ANM,WE,Combined TRACON& Tower with Radar,24,0,3,6,33,21,1,8,4,34,45,1,11,10,67,0,21,21,88
12/18/2006,MWH,WA,ANM,WE,Combined TRACON& Tower with Radar,32,7,7,70,116,1,0,0,7,8,33,7,7,77,124,0,32,32,156
12/19/2006,MWH,WA,ANM,WE,Combined TRACON& Tower with Radar,13,9,14,18,54,3,0,0,1,4,16,9,14,19,58,0,0,0,58
12/20/2006,MWH,WA,ANM,WE,Combined TRACON& Tower with Radar,18,10,10,17,55,0,0,0,0,0,18,10,10,17,55,0,0,0,55
12/21/2006,MWH,WA,ANM,WE,Combined TRACON& Tower with Radar,4,10,4,23,41,2,0,0,0,2,6,10,4,23,43,2,0,2,45
12/22/2006,MWH,WA,ANM,WE,Combined TRACON& Tower with Radar,7,12,1,0,20,0,0,1,0,1,7,12,2,0,21,0,0,0,21
12/23/2006,MWH,WA,ANM,WE,Combined TRACON& Tower with Radar,0,4,4,2,10,0,0,1,2,3,0,4,5,4,13,0,6,6,19
12/24/2006,MWH,WA,ANM,WE,Combined TRACON& Tower with Radar,0,0,0,0,0,0,0,0,0,0,0,0,0,0,0,0,0,0,0
12/25/2006,MWH,WA,ANM,WE,Combined TRACON& Tower with Radar,0,0,0,0,0,0,0,0,0,0,0,0,0,0,0,0,0,0,0
12/26/2006,MWH,WA,ANM,WE,Combined TRACON& Tower with Radar,4,6,5,3,18,0,0,0,0,0,4,6,5,3,18,0,0,0,18
12/27/2006,MWH,WA,ANM,WE,Combined TRACON& Tower with Radar,0,3,5,16,24,0,3,0,8,11,0,6,5,24,35,0,36,36,71
12/28/2006,MWH,WA,ANM,WE,Combined TRACON& Tower with Radar,4,3,4,29,40,3,5,10,13,31,7,8,14,42,71,2,70,72,143
12/29/2006,MWH,WA,ANM,WE,Combined TRACON& Tower with Radar,0,4,10,16,30,0,4,5,4,13,0,8,15,20,43,4,76,80,123
12/30/2006,MWH,WA,ANM,WE,Combined TRACON& Tower with Radar,0,2,4,2,8,0,0,4,0,4,0,2,8,2,12,10,2,12,24
12/31/2006,MWH,WA,ANM,WE,Combined TRACON& Tower with Radar,0,4,0,0,4,0,0,0,5,5,0,4,0,5,9,0,10,10,19
01/01/2007,MWH,WA,ANM,WE,Combined TRACON& Tower with Radar,2,0,0,0,2,0,0,0,0,0,2,0,0,0,2,0,0,0,2
01/02/2007,MWH,WA,ANM,WE,Combined TRACON& Tower with Radar,0,9,1,3,13,2,2,4,13,21,2,11,5,16,34,64,37,101,135
01/03/2007,MWH,WA,ANM,WE,Combined TRACON& Tower with Radar,4,4,4,38,50,2,2,17,13,34,6,6,21,51,84,30,70,100,184
01/04/2007,MWH,WA,ANM,WE,Combined TRACON& Tower with Radar,20,4,21,45,90,0,3,33,13,49,20,7,54,58,139,120,94,214,353
01/05/2007,MWH,WA,ANM,WE,Combined TRACON& Tower with Radar,6,8,0,26,40,0,4,29,5,38,6,12,29,31,78,120,43,163,241
01/06/2007,MWH,WA,ANM,WE,Combined TRACON& Tower with Radar,0,0,1,19,20,0,2,3,8,13,0,2,4,27,33,0,22,22,55
01/07/2007,MWH,WA,ANM,WE,Combined TRACON& Tower with Radar,0,0,0,5,5,0,0,1,0,1,0,0,1,5,6,0,21,21,27
01/08/2007,MWH,WA,ANM,WE,Combined TRACON& Tower with Radar,10,5,8,12,35,0,1,56,6,63,10,6,64,18,98,113,108,221,319
01/09/2007,MWH,WA,ANM,WE,Combined TRACON& Tower with Radar,9,8,10,38,65,0,0,13,6,19,9,8,23,44,84,28,48,76,160
01/10/2007,MWH,WA,ANM,WE,Combined TRACON& Tower with Radar,5,9,10,31,55,0,3,26,5,34,5,12,36,36,89,174,114,288,377
01/11/2007,MWH,WA,ANM,WE,Combined TRACON& Tower with Radar,13,6,11,27,57,2,4,22,0,28,15,10,33,27,85,140,10,150,235
01/12/2007,MWH,WA,ANM,WE,Combined TRACON& Tower with Radar,14,3,5,25,47,4,7,8,29,48,18,10,13,54,95,22,80,102,197
01/13/2007,MWH,WA,ANM,WE,Combined TRACON& Tower with Radar,5,1,8,12,26,0,2,6,5,13,5,3,14,17,39,2,56,58,97
01/14/2007,MWH,WA,ANM,WE,Combined TRACON& Tower with Radar,12,0,9,20,41,5,1,16,12,34,17,1,25,32,75,12,38,50,125
01/15/2007,MWH,WA,ANM,WE,Combined TRACON& Tower with Radar,21,6,10,3,40,5,0,7,14,26,26,6,17,17,66,0,10,10,76
01/16/2007,MWH,WA,ANM,WE,Combined TRACON& Tower with Radar,0,5,2,6,13,0,2,12,1,15,0,7,14,7,28,58,0,58,86
01/17/2007,MWH,WA,ANM,WE,Combined TRACON& Tower with Radar,8,10,14,52,84,1,0,0,1,2,9,10,14,53,86,0,0,0,86
01/18/2007,MWH,WA,ANM,WE,Combined TRACON& Tower with Radar,10,6,0,0,16,0,0,0,0,0,10,6,0,0,16,0,0,0,16
01/19/2007,MWH,WA,ANM,WE,Combined TRACON& Tower with Radar,25,5,17,35,82,5,0,4,0,9,30,5,21,35,91,0,0,0,91
01/20/2007,MWH,WA,ANM,WE,Combined TRACON& Tower with Radar,10,2,6,8,26,0,0,0,0,0,10,2,6,8,26,0,0,0,26
01/21/2007,MWH,WA,ANM,WE,Combined TRACON& Tower with Radar,0,0,0,6,6,1,0,0,0,1,1,0,0,6,7,0,8,8,15
01/22/2007,MWH,WA,ANM,WE,Combined TRACON& Tower with Radar,11,6,21,16,54,8,1,41,13,63,19,7,62,29,117,114,17,131,248
01/23/2007,MWH,WA,ANM,WE,Combined TRACON& Tower with Radar,14,4,20,15,53,3,0,26,20,49,17,4,46,35,102,48,63,111,213
01/24/2007,MWH,WA,ANM,WE,Combined TRACON& Tower with Radar,17,3,17,42,79,25,6,60,12,103,42,9,77,54,182,244,58,302,484
01/25/2007,MWH,WA,ANM,WE,Combined TRACON& Tower with Radar,6,2,4,0,12,0,0,2,0,2,6,2,6,0,14,0,0,0,14
01/26/2007,MWH,WA,ANM,WE,Combined TRACON& Tower with Radar,7,7,3,6,23,1,0,0,2,3,8,7,3,8,26,0,0,0,26
01/27/2007,MWH,WA,ANM,WE,Combined TRACON& Tower with Radar,14,5,1,19,39,52,0,12,10,74,66,5,13,29,113,12,64,76,189
01/28/2007,MWH,WA,ANM,WE,Combined TRACON& Tower with Radar,10,0,10,30,50,0,0,0,0,0,10,0,10,30,50,88,20,108,158
01/29/2007,MWH,WA,ANM,WE,Combined TRACON& Tower with Radar,6,9,10,14,39,0,0,4,0,4,6,9,14,14,43,12,8,20,63
01/30/2007,MWH,WA,ANM,WE,Combined TRACON& Tower with Radar,20,13,30,27,90,30,9,71,6,116,50,22,101,33,206,107,68,175,381
01/31/2007,MWH,WA,ANM,WE,Combined TRACON& Tower with Radar,6,16,7,23,52,0,0,3,21,24,6,16,10,44,76,0,0,0,76
02/01/2007,MWH,WA,ANM,WE,Combined TRACON& Tower with Radar,44,13,17,49,123,60,1,33,30,124,104,14,50,79,247,180,46,226,473
02/02/2007,MWH,WA,ANM,WE,Combined TRACON& Tower with Radar,8,13,15,37,73,0,0,0,7,7,8,13,15,44,80,0,0,0,80
02/03/2007,MWH,WA,ANM,WE,Combined TRACON& Tower with Radar,17,0,18,13,48,69,0,5,4,78,86,0,23,17,126,0,18,18,144
02/04/2007,MWH,WA,ANM,WE,Combined TRACON& Tower with Radar,0,0,6,8,14,0,0,0,0,0,0,0,6,8,14,0,11,11,25
02/05/2007,MWH,WA,ANM,WE,Combined TRACON& Tower with Radar,24,6,40,30,100,13,0,0,8,21,37,6,40,38,121,2,8,10,131
02/06/2007,MWH,WA,ANM,WE,Combined TRACON& Tower with Radar,26,2,22,49,99,44,0,5,0,49,70,2,27,49,148,57,74,131,279
02/07/2007,MWH,WA,ANM,WE,Combined TRACON& Tower with Radar,24,5,6,52,87,35,0,6,7,48,59,5,12,59,135,0,84,84,219
02/08/2007,MWH,WA,ANM,WE,Combined TRACON& Tower with Radar,12,4,2,34,52,2,0,0,0,2,14,4,2,34,54,0,2,2,56
02/09/2007,MWH,WA,ANM,WE,Combined TRACON& Tower with Radar,18,7,4,33,62,43,1,0,5,49,61,8,4,38,111,0,10,10,121
02/10/2007,MWH,WA,ANM,WE,Combined TRACON& Tower with Radar,10,4,5,0,19,70,1,1,0,72,80,5,6,0,91,4,0,4,95
02/11/2007,MWH,WA,ANM,WE,Combined TRACON& Tower with Radar,10,0,2,28,40,0,0,0,0,0,10,0,2,28,40,0,0,0,40
02/12/2007,MWH,WA,ANM,WE,Combined TRACON& Tower with Radar,18,11,5,10,44,2,1,1,0,4,20,12,6,10,48,0,0,0,48
02/13/2007,MWH,WA,ANM,WE,Combined TRACON& Tower with Radar,20,10,15,32,77,86,0,20,6,112,106,10,35,38,189,150,39,189,378
02/14/2007,MWH,WA,ANM,WE,Combined TRACON& Tower with Radar,16,4,10,45,75,1,0,2,0,3,17,4,12,45,78,0,2,2,80
02/15/2007,MWH,WA,ANM,WE,Combined TRACON& Tower with Radar,30,10,5,37,82,43,0,1,0,44,73,10,6,37,126,0,38,38,164
02/16/2007,MWH,WA,ANM,WE,Combined TRACON& Tower with Radar,18,6,18,11,53,106,1,21,9,137,124,7,39,20,190,6,24,30,220
02/17/2007,MWH,WA,ANM,WE,Combined TRACON& Tower with Radar,6,2,14,4,26,80,1,16,4,101,86,3,30,8,127,0,6,6,133
02/18/2007,MWH,WA,ANM,WE,Combined TRACON& Tower with Radar,6,0,2,7,15,30,0,4,6,40,36,0,6,13,55,8,50,58,113
02/19/2007,MWH,WA,ANM,WE,Combined TRACON& Tower with Radar,4,8,15,4,31,2,0,50,3,55,6,8,65,7,86,122,16,138,224
02/20/2007,MWH,WA,ANM,WE,Combined TRACON& Tower with Radar,2,5,12,14,33,4,3,31,5,43,6,8,43,19,76,100,82,182,258
02/21/2007,MWH,WA,ANM,WE,Combined TRACON& Tower with Radar,18,10,20,34,82,128,2,99,19,248,146,12,119,53,330,304,120,424,754
02/22/2007,MWH,WA,ANM,WE,Combined TRACON& Tower with Radar,23,5,23,72,123,38,0,42,20,100,61,5,65,92,223,158,88,246,469
02/23/2007,MWH,WA,ANM,WE,Combined TRACON& Tower with Radar,24,7,9,42,82,26,0,3,2,31,50,7,12,44,113,24,38,62,175
02/24/2007,MWH,WA,ANM,WE,Combined TRACON& Tower with Radar,5,3,2,18,28,7,1,0,9,17,12,4,2,27,45,0,42,42,87
02/25/2007,MWH,WA,ANM,WE,Combined TRACON& Tower with Radar,8,1,5,16,30,40,0,6,5,51,48,1,11,21,81,22,18,40,121
02/26/2007,MWH,WA,ANM,WE,Combined TRACON& Tower with Radar,24,7,13,14,58,45,0,50,3,98,69,7,63,17,156,204,30,234,390
02/27/2007,MWH,WA,ANM,WE,Combined TRACON& Tower with Radar,19,6,19,30,74,33,1,21,7,62,52,7,40,37,136,98,20,118,254
02/28/2007,MWH,WA,ANM,WE,Combined TRACON& Tower with Radar,10,4,12,14,40,24,0,53,3,80,34,4,65,17,120,206,0,206,326
03/01/2007,MWH,WA,ANM,WE,Combined TRACON& Tower with Radar,22,6,16,16,60,16,3,48,4,71,38,9,64,20,131,60,16,76,207
03/02/2007,MWH,WA,ANM,WE,Combined TRACON& Tower with Radar,12,6,22,2,42,8,0,11,8,27,20,6,33,10,69,30,36,66,135
03/03/2007,MWH,WA,ANM,WE,Combined TRACON& Tower with Radar,11,3,7,16,37,0,0,9,5,14,11,3,16,21,51,0,10,10,61
03/04/2007,MWH,WA,ANM,WE,Combined TRACON& Tower with Radar,22,0,10,9,41,4,0,4,0,8,26,0,14,9,49,16,62,78,127
03/05/2007,MWH,WA,ANM,WE,Combined TRACON& Tower with Radar,27,4,6,36,73,2,4,28,8,42,29,8,34,44,115,45,59,104,219
03/06/2007,MWH,WA,ANM,WE,Combined TRACON& Tower with Radar,15,5,23,12,55,0,1,67,2,70,15,6,90,14,125,119,2,121,246
03/07/2007,MWH,WA,ANM,WE,Combined TRACON& Tower with Radar,4,7,20,16,47,0,1,70,29,100,4,8,90,45,147,248,120,368,515
03/08/2007,MWH,WA,ANM,WE,Combined TRACON& Tower with Radar,6,3,23,51,83,13,1,49,4,67,19,4,72,55,150,78,114,192,342
03/09/2007,MWH,WA,ANM,WE,Combined TRACON& Tower with Radar,34,3,11,36,84,4,2,33,41,80,38,5,44,77,164,12,124,136,300
03/10/2007,MWH,WA,ANM,WE,Combined TRACON& Tower with Radar,13,0,19,29,61,0,3,12,8,23,13,3,31,37,84,4,175,179,263
03/11/2007,MWH,WA,ANM,WE,Combined TRACON& Tower with Radar,0,0,7,6,13,0,0,13,0,13,0,0,20,6,26,5,52,57,83
03/12/2007,MWH,WA,ANM,WE,Combined TRACON& Tower with Radar,11,6,13,20,50,2,1,26,39,68,13,7,39,59,118,72,71,143,261
03/13/2007,MWH,WA,ANM,WE,Combined TRACON& Tower with Radar,40,6,15,7,68,11,3,49,10,73,51,9,64,17,141,58,2,60,201
03/14/2007,MWH,WA,ANM,WE,Combined TRACON& Tower with Radar,4,6,9,19,38,8,4,45,15,72,12,10,54,34,110,76,22,98,208
03/15/2007,MWH,WA,ANM,WE,Combined TRACON& Tower with Radar,15,5,4,2,26,3,3,23,18,47,18,8,27,20,73,32,0,32,105
03/16/2007,MWH,WA,ANM,WE,Combined TRACON& Tower with Radar,8,5,10,35,58,4,9,10,7,30,12,14,20,42,88,0,64,64,152
03/17/2007,MWH,WA,ANM,WE,Combined TRACON& Tower with Radar,0,3,7,13,23,1,1,23,17,42,1,4,30,30,65,48,96,144,209
03/18/2007,MWH,WA,ANM,WE,Combined TRACON& Tower with Radar,8,0,4,8,20,0,0,9,5,14,8,0,13,13,34,6,68,74,108
03/19/2007,MWH,WA,ANM,WE,Combined TRACON& Tower with Radar,10,8,7,16,41,0,1,0,26,27,10,9,7,42,68,2,48,50,118
03/20/2007,MWH,WA,ANM,WE,Combined TRACON& Tower with Radar,5,7,15,19,46,1,0,6,10,17,6,7,21,29,63,10,28,38,101
03/21/2007,MWH,WA,ANM,WE,Combined TRACON& Tower with Radar,9,5,15,14,43,0,5,20,14,39,9,10,35,28,82,8,36,44,126
03/22/2007,MWH,WA,ANM,WE,Combined TRACON& Tower with Radar,37,5,11,31,84,29,8,5,18,60,66,13,16,49,144,6,38,44,188
03/23/2007,MWH,WA,ANM,WE,Combined TRACON& Tower with Radar,13,10,10,18,51,3,1,0,9,13,16,11,10,27,64,24,98,122,186
03/24/2007,MWH,WA,ANM,WE,Combined TRACON& Tower with Radar,10,2,4,5,21,47,2,3,5,57,57,4,7,10,78,4,60,64,142
03/25/2007,MWH,WA,ANM,WE,Combined TRACON& Tower with Radar,4,0,2,29,35,0,3,12,3,18,4,3,14,32,53,0,120,120,173
03/26/2007,MWH,WA,ANM,WE,Combined TRACON& Tower with Radar,19,5,11,27,62,38,0,32,36,106,57,5,43,63,168,26,26,52,220
03/27/2007,MWH,WA,ANM,WE,Combined TRACON& Tower with Radar,20,9,14,31,74,74,7,9,12,102,94,16,23,43,176,60,13,73,249
03/28/2007,MWH,WA,ANM,WE,Combined TRACON& Tower with Radar,19,11,31,21,82,60,2,71,38,171,79,13,102,59,253,96,4,100,353
03/29/2007,MWH,WA,ANM,WE,Combined TRACON& Tower with Radar,0,8,15,14,37,65,4,83,56,208,65,12,98,70,245,90,28,118,363
03/30/2007,MWH,WA,ANM,WE,Combined TRACON& Tower with Radar,19,8,5,18,50,73,6,25,0,104,92,14,30,18,154,26,106,132,286
03/31/2007,MWH,WA,ANM,WE,Combined TRACON& Tower with Radar,0,0,8,9,17,0,4,10,17,31,0,4,18,26,48,36,99,135,183
04/01/2007,MWH,WA,ANM,WE,Combined TRACON& Tower with Radar,0,0,7,19,26,0,0,15,135,150,0,0,22,154,176,4,20,24,200
04/02/2007,MWH,WA,ANM,WE,Combined TRACON& Tower with Radar,15,5,14,14,48,69,4,29,44,146,84,9,43,58,194,69,44,113,307
04/03/2007,MWH,WA,ANM,WE,Combined TRACON& Tower with Radar,16,7,23,15,61,2,4,80,24,110,18,11,103,39,171,102,19,121,292
04/04/2007,MWH,WA,ANM,WE,Combined TRACON& Tower with Radar,17,5,21,26,69,69,3,57,26,155,86,8,78,52,224,56,48,104,328
04/05/2007,MWH,WA,ANM,WE,Combined TRACON& Tower with Radar,18,3,22,19,62,59,4,79,1,143,77,7,101,20,205,78,48,126,331
04/06/2007,MWH,WA,ANM,WE,Combined TRACON& Tower with Radar,18,3,6,26,53,99,3,28,29,159,117,6,34,55,212,32,112,144,356
04/07/2007,MWH,WA,ANM,WE,Combined TRACON& Tower with Radar,11,2,2,26,41,69,0,17,10,96,80,2,19,36,137,12,137,149,286
04/08/2007,MWH,WA,ANM,WE,Combined TRACON& Tower with Radar,0,0,0,4,4,0,0,3,12,15,0,0,3,16,19,0,34,34,53
04/09/2007,MWH,WA,ANM,WE,Combined TRACON& Tower with Radar,12,5,7,18,42,28,0,5,52,85,40,5,12,70,127,0,40,40,167
04/10/2007,MWH,WA,ANM,WE,Combined TRACON& Tower with Radar,10,3,13,16,42,109,4,24,36,173,119,7,37,52,215,106,32,138,353
04/11/2007,MWH,WA,ANM,WE,Combined TRACON& Tower with Radar,15,3,35,7,60,136,9,49,0,194,151,12,84,7,254,112,12,124,378
04/12/2007,MWH,WA,ANM,WE,Combined TRACON& Tower with Radar,10,3,23,17,53,60,6,70,12,148,70,9,93,29,201,148,106,254,455
04/13/2007,MWH,WA,ANM,WE,Combined TRACON& Tower with Radar,11,4,6,4,25,73,4,13,6,96,84,8,19,10,121,48,18,66,187
04/14/2007,MWH,WA,ANM,WE,Combined TRACON& Tower with Radar,11,0,9,55,75,17,2,10,0,29,28,2,19,55,104,2,42,44,148
04/15/2007,MWH,WA,ANM,WE,Combined TRACON& Tower with Radar,4,0,10,16,30,64,2,28,17,111,68,2,38,33,141,26,106,132,273
04/16/2007,MWH,WA,ANM,WE,Combined TRACON& Tower with Radar,25,7,26,3,61,66,2,26,0,94,91,9,52,3,155,30,32,62,217
04/17/2007,MWH,WA,ANM,WE,Combined TRACON& Tower with Radar,32,3,35,15,85,63,1,36,52,152,95,4,71,67,237,22,76,98,335
04/18/2007,MWH,WA,ANM,WE,Combined TRACON& Tower with Radar,19,8,15,27,69,38,2,36,0,76,57,10,51,27,145,22,52,74,219
04/19/2007,MWH,WA,ANM,WE,Combined TRACON& Tower with Radar,15,8,15,12,50,85,14,66,8,173,100,22,81,20,223,108,38,146,369
04/20/2007,MWH,WA,ANM,WE,Combined TRACON& Tower with Radar,9,7,13,6,35,23,1,26,5,55,32,8,39,11,90,26,40,66,156
04/21/2007,MWH,WA,ANM,WE,Combined TRACON& Tower with Radar,22,0,4,13,39,38,2,19,7,66,60,2,23,20,105,54,43,97,202
04/22/2007,MWH,WA,ANM,WE,Combined TRACON& Tower with Radar,4,0,15,24,43,0,1,15,11,27,4,1,30,35,70,0,84,84,154
04/23/2007,MWH,WA,ANM,WE,Combined TRACON& Tower with Radar,24,10,11,11,56,29,0,91,8,128,53,10,102,19,184,95,84,179,363
04/24/2007,MWH,WA,ANM,WE,Combined TRACON& Tower with Radar,16,4,11,37,68,13,2,34,18,67,29,6,45,55,135,136,30,166,301
04/25/2007,MWH,WA,ANM,WE,Combined TRACON& Tower with Radar,12,6,31,19,68,2,5,23,23,53,14,11,54,42,121,50,60,110,231
04/26/2007,MWH,WA,ANM,WE,Combined TRACON& Tower with Radar,38,8,9,13,68,3,2,42,9,56,41,10,51,22,124,56,70,126,250
04/27/2007,MWH,WA,ANM,WE,Combined TRACON& Tower with Radar,10,7,19,3,39,0,6,29,9,44,10,13,48,12,83,0,30,30,113
04/28/2007,MWH,WA,ANM,WE,Combined TRACON& Tower with Radar,0,1,11,7,19,0,3,19,4,26,0,4,30,11,45,2,42,44,89
04/29/2007,MWH,WA,ANM,WE,Combined TRACON& Tower with Radar,0,0,3,9,12,0,0,6,12,18,0,0,9,21,30,0,94,94,124
04/30/2007,MWH,WA,ANM,WE,Combined TRACON& Tower with Radar,23,4,24,10,61,21,2,55,4,82,44,6,79,14,143,17,61,78,221
05/01/2007,MWH,WA,ANM,WE,Combined TRACON& Tower with Radar,13,8,21,30,72,0,1,51,1,53,13,9,72,31,125,150,68,218,343
05/02/2007,MWH,WA,ANM,WE,Combined TRACON& Tower with Radar,13,8,16,33,70,1,0,16,55,72,14,8,32,88,142,30,46,76,218
05/03/2007,MWH,WA,ANM,WE,Combined TRACON& Tower with Radar,15,5,27,31,78,1,0,53,3,57,16,5,80,34,135,50,40,90,225
05/04/2007,MWH,WA,ANM,WE,Combined TRACON& Tower with Radar,24,3,5,4,36,0,1,12,10,23,24,4,17,14,59,10,12,22,81
05/05/2007,MWH,WA,ANM,WE,Combined TRACON& Tower with Radar,0,0,8,4,12,0,4,13,0,17,0,4,21,4,29,20,44,64,93
05/06/2007,MWH,WA,ANM,WE,Combined TRACON& Tower with Radar,0,0,8,25,33,0,0,24,0,24,0,0,32,25,57,8,38,46,103
05/07/2007,MWH,WA,ANM,WE,Combined TRACON& Tower with Radar,20,7,31,18,76,11,2,74,13,100,31,9,105,31,176,81,105,186,362
05/08/2007,MWH,WA,ANM,WE,Combined TRACON& Tower with Radar,9,4,10,16,39,13,4,49,26,92,22,8,59,42,131,54,55,109,240
05/09/2007,MWH,WA,ANM,WE,Combined TRACON& Tower with Radar,0,5,21,26,52,1,3,89,25,118,1,8,110,51,170,43,84,127,297
05/10/2007,MWH,WA,ANM,WE,Combined TRACON& Tower with Radar,9,4,22,26,61,0,2,0,0,2,9,6,22,26,63,124,60,184,247
05/11/2007,MWH,WA,ANM,WE,Combined TRACON& Tower with Radar,14,4,20,16,54,0,1,28,8,37,14,5,48,24,91,14,26,40,131
05/12/2007,MWH,WA,ANM,WE,Combined TRACON& Tower with Radar,12,1,11,3,27,2,1,45,1,49,14,2,56,4,76,2,12,14,90
05/13/2007,MWH,WA,ANM,WE,Combined TRACON& Tower with Radar,8,0,3,2,13,0,0,4,12,16,8,0,7,14,29,14,18,32,61
05/14/2007,MWH,WA,ANM,WE,Combined TRACON& Tower with Radar,19,6,31,15,71,1,2,50,15,68,20,8,81,30,139,70,81,151,290
05/15/2007,MWH,WA,ANM,WE,Combined TRACON& Tower with Radar,13,4,24,29,70,0,4,22,44,70,13,8,46,73,140,100,104,204,344
05/16/2007,MWH,WA,ANM,WE,Combined TRACON& Tower with Radar,0,4,23,20,47,0,1,58,44,103,0,5,81,64,150,118,76,194,344
05/17/2007,MWH,WA,ANM,WE,Combined TRACON& Tower with Radar,3,4,47,27,81,1,2,34,15,52,4,6,81,42,133,92,50,142,275
05/18/2007,MWH,WA,ANM,WE,Combined TRACON& Tower with Radar,20,3,14,12,49,0,4,31,31,66,20,7,45,43,115,6,48,54,169
05/19/2007,MWH,WA,ANM,WE,Combined TRACON& Tower with Radar,10,1,0,4,15,0,1,2,0,3,10,2,2,4,18,28,8,36,54
05/20/2007,MWH,WA,ANM,WE,Combined TRACON& Tower with Radar,4,0,16,15,35,0,0,20,3,23,4,0,36,18,58,10,24,34,92
05/21/2007,MWH,WA,ANM,WE,Combined TRACON& Tower with Radar,8,5,22,11,46,0,0,17,18,35,8,5,39,29,81,56,40,96,177
05/22/2007,MWH,WA,ANM,WE,Combined TRACON& Tower with Radar,34,4,22,59,119,0,3,38,10,51,34,7,60,69,170,64,50,114,284
05/23/2007,MWH,WA,ANM,WE,Combined TRACON& Tower with Radar,12,3,30,4,49,0,1,53,8,62,12,4,83,12,111,112,6,118,229
05/24/2007,MWH,WA,ANM,WE,Combined TRACON& Tower with Radar,19,4,28,8,59,5,3,43,2,53,24,7,71,10,112,124,8,132,244
05/25/2007,MWH,WA,ANM,WE,Combined TRACON& Tower with Radar,16,5,9,0,30,0,3,39,4,46,16,8,48,4,76,22,2,24,100
05/26/2007,MWH,WA,ANM,WE,Combined TRACON& Tower with Radar,0,1,7,0,8,0,1,22,0,23,0,2,29,0,31,4,0,4,35
05/27/2007,MWH,WA,ANM,WE,Combined TRACON& Tower with Radar,6,0,1,0,7,0,0,4,0,4,6,0,5,0,11,0,0,0,11
05/28/2007,MWH,WA,ANM,WE,Combined TRACON& Tower with Radar,4,0,11,0,15,0,0,18,0,18,4,0,29,0,33,7,0,7,40
05/29/2007,MWH,WA,ANM,WE,Combined TRACON& Tower with Radar,11,4,9,20,44,0,3,63,17,83,11,7,72,37,127,69,50,119,246
05/30/2007,MWH,WA,ANM,WE,Combined TRACON& Tower with Radar,2,4,8,29,43,0,4,40,6,50,2,8,48,35,93,110,100,210,303
05/31/2007,MWH,WA,ANM,WE,Combined TRACON& Tower with Radar,20,8,9,40,77,0,3,36,7,46,20,11,45,47,123,26,66,92,215
06/01/2007,MWH,WA,ANM,WE,Combined TRACON& Tower with Radar,0,3,7,19,29,0,3,15,25,43,0,6,22,44,72,2,110,112,184
06/02/2007,MWH,WA,ANM,WE,Combined TRACON& Tower with Radar,6,2,0,12,20,0,0,5,2,7,6,2,5,14,27,0,29,29,56
06/03/2007,MWH,WA,ANM,WE,Combined TRACON& Tower with Radar,8,0,4,0,12,1,0,11,0,12,9,0,15,0,24,2,0,2,26
06/04/2007,MWH,WA,ANM,WE,Combined TRACON& Tower with Radar,15,5,16,12,48,0,1,35,4,40,15,6,51,16,88,213,43,256,344
06/05/2007,MWH,WA,ANM,WE,Combined TRACON& Tower with Radar,0,0,0,0,0,15,10,30,17,72,15,10,30,17,72,84,4,88,160
06/06/2007,MWH,WA,ANM,WE,Combined TRACON& Tower with Radar,4,5,29,29,67,3,1,21,12,37,7,6,50,41,104,60,34,94,198
06/07/2007,MWH,WA,ANM,WE,Combined TRACON& Tower with Radar,4,4,14,20,42,0,4,14,15,33,4,8,28,35,75,18,46,64,139
06/08/2007,MWH,WA,ANM,WE,Combined TRACON& Tower with Radar,16,2,7,17,42,0,0,0,0,0,16,2,7,17,42,8,111,119,161
06/09/2007,MWH,WA,ANM,WE,Combined TRACON& Tower with Radar,4,2,5,9,20,0,0,6,30,36,4,2,11,39,56,5,158,163,219
06/10/2007,MWH,WA,ANM,WE,Combined TRACON& Tower with Radar,4,0,3,12,19,2,0,5,29,36,6,0,8,41,55,21,106,127,182
06/11/2007,MWH,WA,ANM,WE,Combined TRACON& Tower with Radar,4,3,18,29,54,12,4,22,9,47,16,7,40,38,101,2,118,120,221
06/12/2007,MWH,WA,ANM,WE,Combined TRACON& Tower with Radar,16,1,9,17,43,2,4,18,2,26,18,5,27,19,69,0,13,13,82
06/13/2007,MWH,WA,ANM,WE,Combined TRACON& Tower with Radar,17,2,9,23,51,7,2,10,3,22,24,4,19,26,73,3,59,62,135
06/14/2007,MWH,WA,ANM,WE,Combined TRACON& Tower with Radar,22,4,25,45,96,0,5,28,49,82,22,9,53,94,178,35,104,139,317
06/15/2007,MWH,WA,ANM,WE,Combined TRACON& Tower with Radar,11,4,7,43,65,0,2,14,17,33,11,6,21,60,98,4,72,76,174
06/16/2007,MWH,WA,ANM,WE,Combined TRACON& Tower with Radar,4,0,7,6,17,2,2,10,11,25,6,2,17,17,42,2,6,8,50
06/17/2007,MWH,WA,ANM,WE,Combined TRACON& Tower with Radar,0,0,2,0,2,0,0,4,0,4,0,0,6,0,6,0,0,0,6
06/18/2007,MWH,WA,ANM,WE,Combined TRACON& Tower with Radar,10,5,17,12,44,0,1,58,12,71,10,6,75,24,115,73,111,184,299
06/19/2007,MWH,WA,ANM,WE,Combined TRACON& Tower with Radar,37,3,16,12,68,0,5,62,59,126,37,8,78,71,194,142,50,192,386
06/20/2007,MWH,WA,ANM,WE,Combined TRACON& Tower with Radar,0,3,32,21,56,0,3,57,11,71,0,6,89,32,127,76,130,206,333
06/21/2007,MWH,WA,ANM,WE,Combined TRACON& Tower with Radar,14,3,34,10,61,0,3,59,7,69,14,6,93,17,130,154,46,200,330
06/22/2007,MWH,WA,ANM,WE,Combined TRACON& Tower with Radar,20,4,47,9,80,0,4,60,10,74,20,8,107,19,154,113,125,238,392
06/23/2007,MWH,WA,ANM,WE,Combined TRACON& Tower with Radar,2,0,10,0,12,0,2,20,0,22,2,2,30,0,34,0,0,0,34
06/24/2007,MWH,WA,ANM,WE,Combined TRACON& Tower with Radar,0,0,1,0,1,0,0,12,0,12,0,0,13,0,13,7,0,7,20
06/25/2007,MWH,WA,ANM,WE,Combined TRACON& Tower with Radar,16,5,29,28,78,10,4,53,16,83,26,9,82,44,161,42,78,120,281
06/26/2007,MWH,WA,ANM,WE,Combined TRACON& Tower with Radar,31,4,16,9,60,0,14,70,1,85,31,18,86,10,145,153,38,191,336
06/27/2007,MWH,WA,ANM,WE,Combined TRACON& Tower with Radar,2,4,24,20,50,0,4,54,7,65,2,8,78,27,115,50,66,116,231
06/28/2007,MWH,WA,ANM,WE,Combined TRACON& Tower with Radar,4,3,11,6,24,0,4,50,16,70,4,7,61,22,94,69,67,136,230
06/29/2007,MWH,WA,ANM,WE,Combined TRACON& Tower with Radar,12,3,25,6,46,0,3,38,7,48,12,6,63,13,94,64,40,104,198
06/30/2007,MWH,WA,ANM,WE,Combined TRACON& Tower with Radar,0,1,9,0,10,0,3,28,0,31,0,4,37,0,41,26,0,26,67
07/01/2007,MWH,WA,ANM,WE,Combined TRACON& Tower with Radar,0,0,0,0,0,0,0,12,0,12,0,0,12,0,12,8,0,8,20
07/02/2007,MWH,WA,ANM,WE,Combined TRACON& Tower with Radar,21,9,18,18,66,2,1,39,23,65,23,10,57,41,131,53,138,191,322
07/03/2007,MWH,WA,ANM,WE,Combined TRACON& Tower with Radar,12,4,17,24,57,8,5,58,3,74,20,9,75,27,131,50,32,82,213
07/04/2007,MWH,WA,ANM,WE,Combined TRACON& Tower with Radar,0,0,2,1,3,0,0,10,1,11,0,0,12,2,14,0,3,3,17
07/05/2007,MWH,WA,ANM,WE,Combined TRACON& Tower with Radar,8,10,13,14,45,0,4,42,9,55,8,14,55,23,100,47,85,132,232
07/06/2007,MWH,WA,ANM,WE,Combined TRACON& Tower with Radar,8,4,12,19,43,0,7,45,14,66,8,11,57,33,109,100,110,210,319
07/07/2007,MWH,WA,ANM,WE,Combined TRACON& Tower with Radar,0,2,6,8,16,0,2,16,7,25,0,4,22,15,41,60,18,78,119
07/08/2007,MWH,WA,ANM,WE,Combined TRACON& Tower with Radar,0,0,3,8,11,0,8,15,8,31,0,8,18,16,42,16,62,78,120
07/09/2007,MWH,WA,ANM,WE,Combined TRACON& Tower with Radar,9,7,26,34,76,0,6,55,23,84,9,13,81,57,160,103,84,187,347
07/10/2007,MWH,WA,ANM,WE,Combined TRACON& Tower with Radar,7,6,8,51,72,33,3,36,27,99,40,9,44,78,171,72,142,214,385
07/11/2007,MWH,WA,ANM,WE,Combined TRACON& Tower with Radar,20,6,15,28,69,9,4,84,13,110,29,10,99,41,179,106,86,192,371
07/12/2007,MWH,WA,ANM,WE,Combined TRACON& Tower with Radar,17,7,17,41,82,0,5,137,40,182,17,12,154,81,264,176,166,342,606
07/13/2007,MWH,WA,ANM,WE,Combined TRACON& Tower with Radar,8,5,26,28,67,0,3,28,10,41,8,8,54,38,108,45,42,87,195
07/14/2007,MWH,WA,ANM,WE,Combined TRACON& Tower with Radar,0,3,7,21,31,0,1,19,9,29,0,4,26,30,60,56,22,78,138
07/15/2007,MWH,WA,ANM,WE,Combined TRACON& Tower with Radar,8,0,13,0,21,3,0,19,0,22,11,0,32,0,43,4,0,4,47
07/16/2007,MWH,WA,ANM,WE,Combined TRACON& Tower with Radar,0,9,21,29,59,0,10,70,10,90,0,19,91,39,149,100,69,169,318
07/17/2007,MWH,WA,ANM,WE,Combined TRACON& Tower with Radar,16,7,38,22,83,1,17,55,10,83,17,24,93,32,166,112,60,172,338
07/18/2007,MWH,WA,ANM,WE,Combined TRACON& Tower with Radar,10,3,10,26,49,0,2,14,18,34,10,5,24,44,83,11,135,146,229
07/19/2007,MWH,WA,ANM,WE,Combined TRACON& Tower with Radar,16,8,10,29,63,0,2,41,12,55,16,10,51,41,118,135,99,234,352
07/20/2007,MWH,WA,ANM,WE,Combined TRACON& Tower with Radar,0,5,21,5,31,0,4,42,2,48,0,9,63,7,79,48,12,60,139
07/21/2007,MWH,WA,ANM,WE,Combined TRACON& Tower with Radar,0,1,4,4,9,0,3,22,0,25,0,4,26,4,34,70,0,70,104
07/22/2007,MWH,WA,ANM,WE,Combined TRACON& Tower with Radar,0,0,0,0,0,5,3,13,0,21,5,3,13,0,21,0,0,0,21
07/23/2007,MWH,WA,ANM,WE,Combined TRACON& Tower with Radar,18,6,25,31,80,1,0,106,10,117,19,6,131,41,197,39,56,95,292
07/24/2007,MWH,WA,ANM,WE,Combined TRACON& Tower with Radar,32,12,44,18,106,2,6,54,4,66,34,18,98,22,172,180,35,215,387
07/25/2007,MWH,WA,ANM,WE,Combined TRACON& Tower with Radar,15,10,26,14,65,0,0,0,0,0,15,10,26,14,65,0,0,0,65
07/26/2007,MWH,WA,ANM,WE,Combined TRACON& Tower with Radar,10,7,14,23,54,0,2,21,13,36,10,9,35,36,90,17,54,71,161
07/27/2007,MWH,WA,ANM,WE,Combined TRACON& Tower with Radar,13,4,14,8,39,0,4,36,11,51,13,8,50,19,90,30,92,122,212
07/28/2007,MWH,WA,ANM,WE,Combined TRACON& Tower with Radar,6,0,12,0,18,0,2,14,0,16,6,2,26,0,34,14,0,14,48
07/29/2007,MWH,WA,ANM,WE,Combined TRACON& Tower with Radar,4,0,21,4,29,0,0,25,0,25,4,0,46,4,54,15,0,15,69
07/30/2007,MWH,WA,ANM,WE,Combined TRACON& Tower with Radar,4,4,35,10,53,0,2,36,10,48,4,6,71,20,101,52,42,94,195
07/31/2007,MWH,WA,ANM,WE,Combined TRACON& Tower with Radar,12,2,20,7,41,0,6,15,2,23,12,8,35,9,64,20,17,37,101
08/01/2007,MWH,WA,ANM,WE,Combined TRACON& Tower with Radar,22,4,12,19,57,2,4,11,10,27,24,8,23,29,84,4,43,47,131
08/02/2007,MWH,WA,ANM,WE,Combined TRACON& Tower with Radar,16,4,18,10,48,6,6,22,8,42,22,10,40,18,90,4,36,40,130
08/03/2007,MWH,WA,ANM,WE,Combined TRACON& Tower with Radar,15,3,6,14,38,2,6,13,16,37,17,9,19,30,75,2,57,59,134
08/04/2007,MWH,WA,ANM,WE,Combined TRACON& Tower with Radar,8,2,2,32,44,0,2,8,10,20,8,4,10,42,64,2,38,40,104
08/05/2007,MWH,WA,ANM,WE,Combined TRACON& Tower with Radar,0,0,4,21,25,0,0,6,2,8,0,0,10,23,33,0,10,10,43
08/06/2007,MWH,WA,ANM,WE,Combined TRACON& Tower with Radar,0,8,6,9,23,0,1,11,17,29,0,9,17,26,52,14,71,85,137
08/07/2007,MWH,WA,ANM,WE,Combined TRACON& Tower with Radar,0,4,16,20,40,0,3,7,11,21,0,7,23,31,61,0,93,93,154
08/08/2007,MWH,WA,ANM,WE,Combined TRACON& Tower with Radar,17,5,11,16,49,0,2,14,12,28,17,7,25,28,77,6,90,96,173
08/09/2007,MWH,WA,ANM,WE,Combined TRACON& Tower with Radar,4,4,11,63,82,1,5,10,25,41,5,9,21,88,123,2,128,130,253
08/10/2007,MWH,WA,ANM,WE,Combined TRACON& Tower with Radar,19,4,5,16,44,0,3,16,29,48,19,7,21,45,92,6,74,80,172
08/11/2007,MWH,WA,ANM,WE,Combined TRACON& Tower with Radar,0,1,15,1,17,0,7,16,0,23,0,8,31,1,40,2,0,2,42
08/12/2007,MWH,WA,ANM,WE,Combined TRACON& Tower with Radar,6,0,0,2,8,0,1,22,6,29,6,1,22,8,37,17,36,53,90
08/13/2007,MWH,WA,ANM,WE,Combined TRACON& Tower with Radar,22,3,13,9,47,6,13,34,18,71,28,16,47,27,118,12,52,64,182
08/14/2007,MWH,WA,ANM,WE,Combined TRACON& Tower with Radar,18,3,11,10,42,0,9,23,21,53,18,12,34,31,95,2,42,44,139
08/15/2007,MWH,WA,ANM,WE,Combined TRACON& Tower with Radar,5,4,24,7,40,2,3,22,18,45,7,7,46,25,85,3,6,9,94
08/16/2007,MWH,WA,ANM,WE,Combined TRACON& Tower with Radar,12,2,8,16,38,2,8,39,25,74,14,10,47,41,112,9,25,34,146
08/17/2007,MWH,WA,ANM,WE,Combined TRACON& Tower with Radar,9,5,6,18,38,0,4,21,7,32,9,9,27,25,70,5,24,29,99
08/18/2007,MWH,WA,ANM,WE,Combined TRACON& Tower with Radar,0,2,3,2,7,0,0,11,4,15,0,2,14,6,22,4,40,44,66
08/19/2007,MWH,WA,ANM,WE,Combined TRACON& Tower with Radar,4,0,2,0,6,0,0,3,0,3,4,0,5,0,9,0,0,0,9
08/20/2007,MWH,WA,ANM,WE,Combined TRACON& Tower with Radar,21,4,18,17,60,0,0,9,15,24,21,4,27,32,84,0,29,29,113
08/21/2007,MWH,WA,ANM,WE,Combined TRACON& Tower with Radar,14,2,4,26,46,0,3,14,5,22,14,5,18,31,68,16,92,108,176
08/22/2007,MWH,WA,ANM,WE,Combined TRACON& Tower with Radar,10,8,29,29,76,4,2,13,8,27,14,10,42,37,103,0,52,52,155
08/23/2007,MWH,WA,ANM,WE,Combined TRACON& Tower with Radar,24,5,15,17,61,5,3,16,13,37,29,8,31,30,98,24,44,68,166
08/24/2007,MWH,WA,ANM,WE,Combined TRACON& Tower with Radar,4,6,4,6,20,0,5,30,3,38,4,11,34,9,58,71,17,88,146
08/25/2007,MWH,WA,ANM,WE,Combined TRACON& Tower with Radar,0,0,5,4,9,0,1,15,11,27,0,1,20,15,36,0,81,81,117
08/26/2007,MWH,WA,ANM,WE,Combined TRACON& Tower with Radar,2,0,6,0,8,0,0,17,0,17,2,0,23,0,25,0,0,0,25
08/27/2007,MWH,WA,ANM,WE,Combined TRACON& Tower with Radar,2,8,17,6,33,0,1,20,4,25,2,9,37,10,58,28,9,37,95
08/28/2007,MWH,WA,ANM,WE,Combined TRACON& Tower with Radar,6,4,1,9,20,0,3,13,3,19,6,7,14,12,39,20,20,40,79
08/29/2007,MWH,WA,ANM,WE,Combined TRACON& Tower with Radar,26,3,13,4,46,1,4,15,32,52,27,7,28,36,98,2,40,42,140
08/30/2007,MWH,WA,ANM,WE,Combined TRACON& Tower with Radar,17,3,5,30,55,6,4,4,9,23,23,7,9,39,78,14,59,73,151
08/31/2007,MWH,WA,ANM,WE,Combined TRACON& Tower with Radar,14,9,7,9,39,0,7,6,0,13,14,16,13,9,52,6,0,6,58
09/01/2007,MWH,WA,ANM,WE,Combined TRACON& Tower with Radar,10,3,4,4,21,2,1,8,10,21,12,4,12,14,42,6,56,62,104
09/02/2007,MWH,WA,ANM,WE,Combined TRACON& Tower with Radar,9,3,2,3,17,2,3,16,3,24,11,6,18,6,41,8,36,44,85
09/03/2007,MWH,WA,ANM,WE,Combined TRACON& Tower with Radar,0,3,28,2,33,0,0,20,2,22,0,3,48,4,55,16,28,44,99
09/04/2007,MWH,WA,ANM,WE,Combined TRACON& Tower with Radar,16,6,11,4,37,29,4,12,3,48,45,10,23,7,85,28,21,49,134
09/05/2007,MWH,WA,ANM,WE,Combined TRACON& Tower with Radar,16,4,13,38,71,5,3,18,14,40,21,7,31,52,111,20,92,112,223
09/06/2007,MWH,WA,ANM,WE,Combined TRACON& Tower with Radar,14,3,14,60,91,22,4,19,17,62,36,7,33,77,153,54,149,203,356
09/07/2007,MWH,WA,ANM,WE,Combined TRACON& Tower with Radar,4,4,6,15,29,2,4,13,12,31,6,8,19,27,60,5,110,115,175
09/08/2007,MWH,WA,ANM,WE,Combined TRACON& Tower with Radar,4,2,0,59,65,42,4,10,14,70,46,6,10,73,135,46,44,90,225
09/09/2007,MWH,WA,ANM,WE,Combined TRACON& Tower with Radar,1,0,9,15,25,0,0,12,6,18,1,0,21,21,43,0,81,81,124
09/10/2007,MWH,WA,ANM,WE,Combined TRACON& Tower with Radar,16,7,6,24,53,61,32,14,11,118,77,39,20,35,171,42,98,140,311
09/11/2007,MWH,WA,ANM,WE,Combined TRACON& Tower with Radar,8,3,0,17,28,33,13,23,11,80,41,16,23,28,108,22,44,66,174
09/12/2007,MWH,WA,ANM,WE,Combined TRACON& Tower with Radar,14,4,8,19,45,141,32,22,8,203,155,36,30,27,248,28,50,78,326
09/13/2007,MWH,WA,ANM,WE,Combined TRACON& Tower with Radar,5,8,9,27,49,75,20,12,14,121,80,28,21,41,170,38,66,104,274
09/14/2007,MWH,WA,ANM,WE,Combined TRACON& Tower with Radar,10,5,18,30,63,65,7,28,28,128,75,12,46,58,191,6,41,47,238
09/15/2007,MWH,WA,ANM,WE,Combined TRACON& Tower with Radar,8,2,13,8,31,28,12,16,1,57,36,14,29,9,88,4,24,28,116
09/16/2007,MWH,WA,ANM,WE,Combined TRACON& Tower with Radar,0,0,25,6,31,0,2,24,4,30,0,2,49,10,61,8,13,21,82
09/17/2007,MWH,WA,ANM,WE,Combined TRACON& Tower with Radar,16,6,7,27,56,55,0,18,8,81,71,6,25,35,137,44,39,83,220
09/18/2007,MWH,WA,ANM,WE,Combined TRACON& Tower with Radar,12,5,14,16,47,52,2,81,9,144,64,7,95,25,191,88,35,123,314
09/19/2007,MWH,WA,ANM,WE,Combined TRACON& Tower with Radar,27,4,14,4,49,103,5,50,2,160,130,9,64,6,209,42,10,52,261
09/20/2007,MWH,WA,ANM,WE,Combined TRACON& Tower with Radar,8,8,15,14,45,5,9,44,15,73,13,17,59,29,118,81,98,179,297
09/21/2007,MWH,WA,ANM,WE,Combined TRACON& Tower with Radar,18,4,9,4,35,49,4,26,2,81,67,8,35,6,116,26,88,114,230
09/22/2007,MWH,WA,ANM,WE,Combined TRACON& Tower with Radar,0,1,3,2,6,2,0,15,5,22,2,1,18,7,28,27,85,112,140
09/23/2007,MWH,WA,ANM,WE,Combined TRACON& Tower with Radar,4,0,16,1,21,2,0,15,1,18,6,0,31,2,39,0,48,48,87
09/24/2007,MWH,WA,ANM,WE,Combined TRACON& Tower with Radar,22,6,23,23,74,51,2,68,12,133,73,8,91,35,207,109,93,202,409
09/25/2007,MWH,WA,ANM,WE,Combined TRACON& Tower with Radar,6,6,15,7,34,0,3,72,6,81,6,9,87,13,115,151,51,202,317
09/26/2007,MWH,WA,ANM,WE,Combined TRACON& Tower with Radar,18,5,2,2,27,71,5,65,2,143,89,10,67,4,170,200,8,208,378
09/27/2007,MWH,WA,ANM,WE,Combined TRACON& Tower with Radar,10,5,17,8,40,0,2,80,5,87,10,7,97,13,127,204,16,220,347
09/28/2007,MWH,WA,ANM,WE,Combined TRACON& Tower with Radar,8,17,5,19,49,49,1,7,15,72,57,18,12,34,121,18,86,104,225
09/29/2007,MWH,WA,ANM,WE,Combined TRACON& Tower with Radar,4,2,7,3,16,0,2,13,2,17,4,4,20,5,33,2,38,40,73
09/30/2007,MWH,WA,ANM,WE,Combined TRACON& Tower with Radar,7,1,2,0,10,2,0,6,0,8,9,1,8,0,18,2,0,2,20
10/01/2007,MWH,WA,ANM,WE,Combined TRACON& Tower with Radar,18,3,18,33,72,78,1,43,15,137,96,4,61,48,209,133,57,190,399
10/02/2007,MWH,WA,ANM,WE,Combined TRACON& Tower with Radar,4,5,6,32,47,0,3,47,19,69,4,8,53,51,116,108,115,223,339
10/03/2007,MWH,WA,ANM,WE,Combined TRACON& Tower with Radar,16,3,3,19,41,54,4,58,15,131,70,7,61,34,172,123,70,193,365
10/04/2007,MWH,WA,ANM,WE,Combined TRACON& Tower with Radar,10,5,21,27,63,0,4,71,20,95,10,9,92,47,158,97,162,259,417
10/05/2007,MWH,WA,ANM,WE,Combined TRACON& Tower with Radar,32,4,5,12,53,20,4,10,5,39,52,8,15,17,92,20,58,78,170
10/06/2007,MWH,WA,ANM,WE,Combined TRACON& Tower with Radar,14,1,3,0,18,56,1,15,1,73,70,2,18,1,91,36,0,36,127
10/07/2007,MWH,WA,ANM,WE,Combined TRACON& Tower with Radar,0,0,0,2,2,0,0,1,3,4,0,0,1,5,6,0,22,22,28
10/08/2007,MWH,WA,ANM,WE,Combined TRACON& Tower with Radar,7,4,28,6,45,33,2,70,5,110,40,6,98,11,155,187,12,199,354
10/09/2007,MWH,WA,ANM,WE,Combined TRACON& Tower with Radar,22,4,13,34,73,21,3,77,16,117,43,7,90,50,190,265,100,365,555
10/10/2007,MWH,WA,ANM,WE,Combined TRACON& Tower with Radar,29,4,7,19,59,10,2,38,6,56,39,6,45,25,115,106,21,127,242
10/11/2007,MWH,WA,ANM,WE,Combined TRACON& Tower with Radar,17,8,20,49,94,8,4,81,6,99,25,12,101,55,193,180,99,279,472
10/12/2007,MWH,WA,ANM,WE,Combined TRACON& Tower with Radar,4,6,21,2,33,0,3,22,0,25,4,9,43,2,58,24,0,24,82
10/13/2007,MWH,WA,ANM,WE,Combined TRACON& Tower with Radar,13,2,1,0,16,0,1,11,0,12,13,3,12,0,28,4,0,4,32
10/14/2007,MWH,WA,ANM,WE,Combined TRACON& Tower with Radar,7,0,9,18,34,0,0,15,1,16,7,0,24,19,50,0,5,5,55
10/15/2007,MWH,WA,ANM,WE,Combined TRACON& Tower with Radar,13,5,16,6,40,6,2,76,15,99,19,7,92,21,139,239,73,312,451
10/16/2007,MWH,WA,ANM,WE,Combined TRACON& Tower with Radar,8,7,5,7,27,5,5,63,15,88,13,12,68,22,115,284,63,347,462
10/17/2007,MWH,WA,ANM,WE,Combined TRACON& Tower with Radar,6,8,22,0,36,2,6,59,0,67,8,14,81,0,103,250,0,250,353
10/18/2007,MWH,WA,ANM,WE,Combined TRACON& Tower with Radar,0,6,6,4,16,0,1,58,0,59,0,7,64,4,75,202,0,202,277
10/19/2007,MWH,WA,ANM,WE,Combined TRACON& Tower with Radar,4,3,15,12,34,0,3,9,8,20,4,6,24,20,54,0,100,100,154
10/20/2007,MWH,WA,ANM,WE,Combined TRACON& Tower with Radar,8,0,0,4,12,0,3,2,3,8,8,3,2,7,20,2,30,32,52
10/21/2007,MWH,WA,ANM,WE,Combined TRACON& Tower with Radar,20,0,5,5,30,6,0,7,2,15,26,0,12,7,45,2,12,14,59
10/22/2007,MWH,WA,ANM,WE,Combined TRACON& Tower with Radar,6,6,20,24,56,0,1,50,12,63,6,7,70,36,119,146,91,237,356
10/23/2007,MWH,WA,ANM,WE,Combined TRACON& Tower with Radar,4,4,17,16,41,2,3,72,15,92,6,7,89,31,133,278,16,294,427
10/24/2007,MWH,WA,ANM,WE,Combined TRACON& Tower with Radar,25,3,8,32,68,0,3,72,18,93,25,6,80,50,161,182,74,256,417
10/25/2007,MWH,WA,ANM,WE,Combined TRACON& Tower with Radar,26,9,25,14,74,1,2,56,14,73,27,11,81,28,147,220,32,252,399
10/26/2007,MWH,WA,ANM,WE,Combined TRACON& Tower with Radar,9,3,2,3,17,4,3,9,3,19,13,6,11,6,36,4,10,14,50
10/27/2007,MWH,WA,ANM,WE,Combined TRACON& Tower with Radar,12,2,1,8,23,0,0,24,0,24,12,2,25,8,47,44,16,60,107
10/28/2007,MWH,WA,ANM,WE,Combined TRACON& Tower with Radar,6,0,5,24,35,2,0,19,0,21,8,0,24,24,56,22,8,30,86
10/29/2007,MWH,WA,ANM,WE,Combined TRACON& Tower with Radar,16,6,19,18,59,1,1,59,35,96,17,7,78,53,155,189,137,326,481
10/30/2007,MWH,WA,ANM,WE,Combined TRACON& Tower with Radar,2,4,13,26,45,0,2,71,6,79,2,6,84,32,124,305,27,332,456
10/31/2007,MWH,WA,ANM,WE,Combined TRACON& Tower with Radar,13,3,0,27,43,0,6,77,36,119,13,9,77,63,162,208,114,322,484
11/01/2007,MWH,WA,ANM,WE,Combined TRACON& Tower with Radar,6,4,21,5,36,0,2,51,3,56,6,6,72,8,92,152,13,165,257
11/02/2007,MWH,WA,ANM,WE,Combined TRACON& Tower with Radar,0,4,12,11,27,0,2,20,8,30,0,6,32,19,57,12,22,34,91
11/03/2007,MWH,WA,ANM,WE,Combined TRACON& Tower with Radar,10,0,5,16,31,14,2,11,4,31,24,2,16,20,62,6,24,30,92
11/04/2007,MWH,WA,ANM,WE,Combined TRACON& Tower with Radar,8,0,10,8,26,0,0,6,2,8,8,0,16,10,34,0,2,2,36
11/05/2007,MWH,WA,ANM,WE,Combined TRACON& Tower with Radar,21,7,11,32,71,0,2,83,4,89,21,9,94,36,160,275,32,307,467
11/06/2007,MWH,WA,ANM,WE,Combined TRACON& Tower with Radar,0,4,12,42,58,0,1,70,17,88,0,5,82,59,146,224,144,368,514
11/07/2007,MWH,WA,ANM,WE,Combined TRACON& Tower with Radar,8,4,17,36,65,3,3,51,35,92,11,7,68,71,157,106,144,250,407
11/08/2007,MWH,WA,ANM,WE,Combined TRACON& Tower with Radar,9,7,8,52,76,0,2,69,21,92,9,9,77,73,168,234,222,456,624
11/09/2007,MWH,WA,ANM,WE,Combined TRACON& Tower with Radar,16,5,25,15,61,0,1,3,0,4,16,6,28,15,65,2,10,12,77
11/10/2007,MWH,WA,ANM,WE,Combined TRACON& Tower with Radar,4,1,2,6,13,0,1,3,1,5,4,2,5,7,18,0,0,0,18
11/11/2007,MWH,WA,ANM,WE,Combined TRACON& Tower with Radar,0,0,2,1,3,0,0,3,5,8,0,0,5,6,11,0,20,20,31
11/12/2007,MWH,WA,ANM,WE,Combined TRACON& Tower with Radar,0,6,12,2,20,0,0,0,0,0,0,6,12,2,20,0,0,0,20
11/13/2007,MWH,WA,ANM,WE,Combined TRACON& Tower with Radar,13,3,19,10,45,4,1,64,3,72,17,4,83,13,117,136,20,156,273
11/14/2007,MWH,WA,ANM,WE,Combined TRACON& Tower with Radar,24,8,23,20,75,0,1,71,8,80,24,9,94,28,155,207,75,282,437
11/15/2007,MWH,WA,ANM,WE,Combined TRACON& Tower with Radar,1,7,16,30,54,0,4,79,6,89,1,11,95,36,143,280,52,332,475
11/16/2007,MWH,WA,ANM,WE,Combined TRACON& Tower with Radar,6,3,1,11,21,0,3,0,15,18,6,6,1,26,39,0,52,52,91
11/17/2007,MWH,WA,ANM,WE,Combined TRACON& Tower with Radar,18,2,2,14,36,30,1,1,0,32,48,3,3,14,68,0,0,0,68
11/18/2007,MWH,WA,ANM,WE,Combined TRACON& Tower with Radar,0,1,1,22,24,0,1,1,1,3,0,2,2,23,27,0,6,6,33
11/19/2007,MWH,WA,ANM,WE,Combined TRACON& Tower with Radar,9,5,27,56,97,70,0,27,6,103,79,5,54,62,200,160,26,186,386
11/20/2007,MWH,WA,ANM,WE,Combined TRACON& Tower with Radar,30,5,7,6,48,35,2,48,6,91,65,7,55,12,139,143,24,167,306
11/21/2007,MWH,WA,ANM,WE,Combined TRACON& Tower with Radar,16,2,18,24,60,40,0,4,8,52,56,2,22,32,112,0,15,15,127
11/22/2007,MWH,WA,ANM,WE,Combined TRACON& Tower with Radar,0,0,0,0,0,0,0,1,0,1,0,0,1,0,1,2,0,2,3
11/23/2007,MWH,WA,ANM,WE,Combined TRACON& Tower with Radar,0,8,4,0,12,0,0,0,0,0,0,8,4,0,12,0,0,0,12
11/24/2007,MWH,WA,ANM,WE,Combined TRACON& Tower with Radar,10,4,0,0,14,3,0,0,0,3,13,4,0,0,17,93,0,93,110
11/25/2007,MWH,WA,ANM,WE,Combined TRACON& Tower with Radar,8,0,2,2,12,0,0,0,0,0,8,0,2,2,12,0,0,0,12
11/26/2007,MWH,WA,ANM,WE,Combined TRACON& Tower with Radar,19,4,20,39,82,46,0,6,0,52,65,4,26,39,134,90,0,90,224
11/27/2007,MWH,WA,ANM,WE,Combined TRACON& Tower with Radar,17,3,11,18,49,0,0,31,2,33,17,3,42,20,82,92,0,92,174
11/28/2007,MWH,WA,ANM,WE,Combined TRACON& Tower with Radar,6,4,3,19,32,47,0,28,4,79,53,4,31,23,111,59,0,59,170
11/29/2007,MWH,WA,ANM,WE,Combined TRACON& Tower with Radar,10,3,6,15,34,0,0,1,1,2,10,3,7,16,36,0,16,16,52
11/30/2007,MWH,WA,ANM,WE,Combined TRACON& Tower with Radar,21,2,22,48,93,46,2,9,23,80,67,4,31,71,173,26,196,222,395
12/01/2007,MWH,WA,ANM,WE,Combined TRACON& Tower with Radar,18,4,1,20,43,32,2,0,0,34,50,6,1,20,77,11,2,13,90
12/02/2007,MWH,WA,ANM,WE,Combined TRACON& Tower with Radar,4,1,1,0,6,0,0,0,0,0,4,1,1,0,6,0,0,0,6
12/03/2007,MWH,WA,ANM,WE,Combined TRACON& Tower with Radar,8,4,13,5,30,107,0,23,1,131,115,4,36,6,161,124,6,130,291
12/04/2007,MWH,WA,ANM,WE,Combined TRACON& Tower with Radar,9,2,26,24,61,69,0,26,15,110,78,2,52,39,171,57,53,110,281
12/05/2007,MWH,WA,ANM,WE,Combined TRACON& Tower with Radar,20,2,16,38,76,105,1,95,12,213,125,3,111,50,289,302,99,401,690
12/06/2007,MWH,WA,ANM,WE,Combined TRACON& Tower with Radar,6,3,16,51,76,0,0,3,10,13,6,3,19,61,89,12,34,46,135
12/07/2007,MWH,WA,ANM,WE,Combined TRACON& Tower with Radar,16,4,4,27,51,13,1,24,3,41,29,5,28,30,92,79,38,117,209
12/08/2007,MWH,WA,ANM,WE,Combined TRACON& Tower with Radar,12,2,4,7,25,101,0,22,4,127,113,2,26,11,152,6,18,24,176
12/09/2007,MWH,WA,ANM,WE,Combined TRACON& Tower with Radar,4,1,8,0,13,0,0,3,0,3,4,1,11,0,16,0,0,0,16
12/10/2007,MWH,WA,ANM,WE,Combined TRACON& Tower with Radar,2,2,15,16,35,1,0,31,10,42,3,2,46,26,77,182,14,196,273
12/11/2007,MWH,WA,ANM,WE,Combined TRACON& Tower with Radar,40,3,28,13,84,21,0,22,1,44,61,3,50,14,128,93,4,97,225
12/12/2007,MWH,WA,ANM,WE,Combined TRACON& Tower with Radar,3,2,5,6,16,0,0,1,0,1,3,2,6,6,17,0,0,0,17
12/13/2007,MWH,WA,ANM,WE,Combined TRACON& Tower with Radar,29,8,2,3,42,0,0,0,0,0,29,8,2,3,42,0,0,0,42
12/14/2007,MWH,WA,ANM,WE,Combined TRACON& Tower with Radar,45,3,2,15,65,18,0,0,0,18,63,3,2,15,83,0,0,0,83
12/15/2007,MWH,WA,ANM,WE,Combined TRACON& Tower with Radar,10,6,7,10,33,44,1,7,0,52,54,7,14,10,85,29,0,29,114
12/16/2007,MWH,WA,ANM,WE,Combined TRACON& Tower with Radar,24,0,6,0,30,84,0,4,0,88,108,0,10,0,118,0,0,0,118
12/17/2007,MWH,WA,ANM,WE,Combined TRACON& Tower with Radar,6,2,1,0,9,9,0,3,0,12,15,2,4,0,21,0,0,0,21
12/18/2007,MWH,WA,ANM,WE,Combined TRACON& Tower with Radar,32,6,8,29,75,1,0,0,0,1,33,6,8,29,76,0,0,0,76
12/19/2007,MWH,WA,ANM,WE,Combined TRACON& Tower with Radar,12,1,6,25,44,43,0,7,23,73,55,1,13,48,117,6,89,95,212
12/20/2007,MWH,WA,ANM,WE,Combined TRACON& Tower with Radar,4,4,9,45,62,5,1,11,18,35,9,5,20,63,97,0,158,158,255
12/21/2007,MWH,WA,ANM,WE,Combined TRACON& Tower with Radar,0,1,3,51,55,0,1,11,21,33,0,2,14,72,88,0,186,186,274
12/22/2007,MWH,WA,ANM,WE,Combined TRACON& Tower with Radar,1,0,2,0,3,0,0,0,0,0,1,0,2,0,3,0,0,0,3
12/23/2007,MWH,WA,ANM,WE,Combined TRACON& Tower with Radar,2,0,0,16,18,0,0,0,0,0,2,0,0,16,18,0,0,0,18
12/24/2007,MWH,WA,ANM,WE,Combined TRACON& Tower with Radar,0,0,0,0,0,0,4,0,0,4,0,4,0,0,4,0,0,0,4
12/25/2007,MWH,WA,ANM,WE,Combined TRACON& Tower with Radar,0,0,1,0,1,2,0,5,0,7,2,0,6,0,8,0,0,0,8
12/26/2007,MWH,WA,ANM,WE,Combined TRACON& Tower with Radar,0,4,1,0,5,0,0,0,0,0,0,4,1,0,5,0,0,0,5
12/27/2007,MWH,WA,ANM,WE,Combined TRACON& Tower with Radar,5,8,0,8,21,0,0,0,0,0,5,8,0,8,21,0,0,0,21
12/28/2007,MWH,WA,ANM,WE,Combined TRACON& Tower with Radar,0,5,2,2,9,0,0,0,0,0,0,5,2,2,9,0,0,0,9
12/29/2007,MWH,WA,ANM,WE,Combined TRACON& Tower with Radar,0,2,0,0,2,0,0,0,0,0,0,2,0,0,2,0,0,0,2
12/30/2007,MWH,WA,ANM,WE,Combined TRACON& Tower with Radar,0,0,0,2,2,0,0,0,2,2,0,0,0,4,4,0,12,12,16
12/31/2007,MWH,WA,ANM,WE,Combined TRACON& Tower with Radar,0,7,2,0,9,0,7,4,0,11,0,14,6,0,20,0,0,0,20
01/01/2008,MWH,WA,ANM,WE,Combined TRACON& Tower with Radar,0,0,2,0,2,0,0,0,0,0,0,0,2,0,2,0,0,0,2
01/02/2008,MWH,WA,ANM,WE,Combined TRACON& Tower with Radar,0,4,13,20,37,0,0,4,18,22,0,4,17,38,59,0,91,91,150
01/03/2008,MWH,WA,ANM,WE,Combined TRACON& Tower with Radar,0,5,11,29,45,0,0,3,2,5,0,5,14,31,50,0,55,55,105
01/04/2008,MWH,WA,ANM,WE,Combined TRACON& Tower with Radar,4,8,17,32,61,2,4,3,7,16,6,12,20,39,77,0,80,80,157
01/05/2008,MWH,WA,ANM,WE,Combined TRACON& Tower with Radar,4,4,2,8,18,0,0,0,1,1,4,4,2,9,19,0,2,2,21
01/06/2008,MWH,WA,ANM,WE,Combined TRACON& Tower with Radar,0,0,2,0,2,0,0,0,0,0,0,0,2,0,2,0,0,0,2
01/07/2008,MWH,WA,ANM,WE,Combined TRACON& Tower with Radar,10,6,15,12,43,0,1,2,5,8,10,7,17,17,51,0,10,10,61
01/08/2008,MWH,WA,ANM,WE,Combined TRACON& Tower with Radar,2,10,2,22,36,0,0,0,0,0,2,10,2,22,36,0,0,0,36
01/09/2008,MWH,WA,ANM,WE,Combined TRACON& Tower with Radar,25,4,15,15,59,4,0,20,1,25,29,4,35,16,84,162,20,182,266
01/10/2008,MWH,WA,ANM,WE,Combined TRACON& Tower with Radar,0,4,6,0,10,0,0,0,0,0,0,4,6,0,10,0,0,0,10
01/11/2008,MWH,WA,ANM,WE,Combined TRACON& Tower with Radar,0,4,3,5,12,0,0,0,0,0,0,4,3,5,12,0,0,0,12
01/12/2008,MWH,WA,ANM,WE,Combined TRACON& Tower with Radar,0,2,0,0,2,0,0,0,0,0,0,2,0,0,2,0,0,0,2
01/13/2008,MWH,WA,ANM,WE,Combined TRACON& Tower with Radar,0,0,0,0,0,0,0,0,0,0,0,0,0,0,0,0,0,0,0
01/14/2008,MWH,WA,ANM,WE,Combined TRACON& Tower with Radar,0,6,1,2,9,0,0,0,0,0,0,6,1,2,9,0,0,0,9
01/15/2008,MWH,WA,ANM,WE,Combined TRACON& Tower with Radar,6,4,14,20,44,0,1,68,10,79,6,5,82,30,123,194,38,232,355
01/16/2008,MWH,WA,ANM,WE,Combined TRACON& Tower with Radar,8,4,21,34,67,4,2,84,16,106,12,6,105,50,173,242,32,274,447
01/17/2008,MWH,WA,ANM,WE,Combined TRACON& Tower with Radar,20,5,33,38,96,2,5,73,38,118,22,10,106,76,214,294,186,480,694
01/18/2008,MWH,WA,ANM,WE,Combined TRACON& Tower with Radar,21,5,4,18,48,8,5,4,12,29,29,10,8,30,77,0,172,172,249
01/19/2008,MWH,WA,ANM,WE,Combined TRACON& Tower with Radar,4,2,1,0,7,0,0,0,0,0,4,2,1,0,7,0,0,0,7
01/20/2008,MWH,WA,ANM,WE,Combined TRACON& Tower with Radar,0,0,1,10,11,0,0,2,7,9,0,0,3,17,20,0,16,16,36
01/21/2008,MWH,WA,ANM,WE,Combined TRACON& Tower with Radar,37,5,9,12,63,2,0,12,0,14,39,5,21,12,77,6,0,6,83
01/22/2008,MWH,WA,ANM,WE,Combined TRACON& Tower with Radar,7,6,23,18,54,0,9,54,12,75,7,15,77,30,129,194,54,248,377
01/23/2008,MWH,WA,ANM,WE,Combined TRACON& Tower with Radar,0,4,26,21,51,0,17,55,21,93,0,21,81,42,144,212,82,294,438
01/24/2008,MWH,WA,ANM,WE,Combined TRACON& Tower with Radar,19,6,16,15,56,9,5,62,23,99,28,11,78,38,155,118,32,150,305
01/25/2008,MWH,WA,ANM,WE,Combined TRACON& Tower with Radar,21,8,11,12,52,0,2,10,10,22,21,10,21,22,74,6,15,21,95
01/26/2008,MWH,WA,ANM,WE,Combined TRACON& Tower with Radar,0,2,2,2,6,0,0,2,3,5,0,2,4,5,11,0,22,22,33
01/27/2008,MWH,WA,ANM,WE,Combined TRACON& Tower with Radar,0,2,4,0,6,0,0,1,0,1,0,2,5,0,7,0,0,0,7
01/28/2008,MWH,WA,ANM,WE,Combined TRACON& Tower with Radar,0,2,6,2,10,0,1,14,0,15,0,3,20,2,25,44,0,44,69
01/29/2008,MWH,WA,ANM,WE,Combined TRACON& Tower with Radar,11,1,20,8,40,0,0,29,3,32,11,1,49,11,72,205,7,212,284
01/30/2008,MWH,WA,ANM,WE,Combined TRACON& Tower with Radar,19,4,30,23,76,2,1,61,4,68,21,5,91,27,144,178,90,268,412
01/31/2008,MWH,WA,ANM,WE,Combined TRACON& Tower with Radar,11,6,27,11,55,4,2,22,2,30,15,8,49,13,85,76,6,82,167
02/01/2008,MWH,WA,ANM,WE,Combined TRACON& Tower with Radar,8,3,7,18,36,2,4,7,1,14,10,7,14,19,50,4,17,21,71
02/02/2008,MWH,WA,ANM,WE,Combined TRACON& Tower with Radar,20,8,5,10,43,2,1,0,6,9,22,9,5,16,52,0,0,0,52
02/03/2008,MWH,WA,ANM,WE,Combined TRACON& Tower with Radar,4,4,1,0,9,0,0,0,0,0,4,4,1,0,9,0,0,0,9
02/04/2008,MWH,WA,ANM,WE,Combined TRACON& Tower with Radar,10,5,36,21,72,0,0,33,7,40,10,5,69,28,112,99,57,156,268
02/05/2008,MWH,WA,ANM,WE,Combined TRACON& Tower with Radar,8,5,14,56,83,2,0,9,6,17,10,5,23,62,100,10,15,25,125
02/06/2008,MWH,WA,ANM,WE,Combined TRACON& Tower with Radar,23,3,29,21,76,0,3,38,9,50,23,6,67,30,126,160,26,186,312
02/07/2008,MWH,WA,ANM,WE,Combined TRACON& Tower with Radar,18,4,11,36,69,2,2,11,18,33,20,6,22,54,102,46,68,114,216
02/08/2008,MWH,WA,ANM,WE,Combined TRACON& Tower with Radar,7,3,4,5,19,1,2,3,10,16,8,5,7,15,35,0,42,42,77
02/09/2008,MWH,WA,ANM,WE,Combined TRACON& Tower with Radar,8,3,4,4,19,0,2,7,6,15,8,5,11,10,34,6,36,42,76
02/10/2008,MWH,WA,ANM,WE,Combined TRACON& Tower with Radar,5,0,0,6,11,0,0,3,2,5,5,0,3,8,16,0,0,0,16
02/11/2008,MWH,WA,ANM,WE,Combined TRACON& Tower with Radar,4,4,11,18,37,0,1,60,14,75,4,5,71,32,112,98,72,170,282
02/12/2008,MWH,WA,ANM,WE,Combined TRACON& Tower with Radar,10,2,19,10,41,0,5,61,5,71,10,7,80,15,112,132,48,180,292
02/13/2008,MWH,WA,ANM,WE,Combined TRACON& Tower with Radar,4,4,19,4,31,4,9,43,3,59,8,13,62,7,90,162,6,168,258
02/14/2008,MWH,WA,ANM,WE,Combined TRACON& Tower with Radar,6,3,7,27,43,0,3,61,8,72,6,6,68,35,115,94,56,150,265
02/15/2008,MWH,WA,ANM,WE,Combined TRACON& Tower with Radar,0,3,9,14,26,0,2,7,13,22,0,5,16,27,48,15,126,141,189
02/16/2008,MWH,WA,ANM,WE,Combined TRACON& Tower with Radar,4,3,13,0,20,0,1,10,0,11,4,4,23,0,31,14,2,16,47
02/17/2008,MWH,WA,ANM,WE,Combined TRACON& Tower with Radar,0,0,0,15,15,0,2,4,0,6,0,2,4,15,21,18,0,18,39
02/18/2008,MWH,WA,ANM,WE,Combined TRACON& Tower with Radar,18,3,11,0,32,4,3,62,0,69,22,6,73,0,101,185,0,185,286
02/19/2008,MWH,WA,ANM,WE,Combined TRACON& Tower with Radar,24,4,18,9,55,5,1,56,25,87,29,5,74,34,142,146,62,208,350
02/20/2008,MWH,WA,ANM,WE,Combined TRACON& Tower with Radar,16,4,22,12,54,0,2,8,10,20,16,6,30,22,74,28,46,74,148
02/21/2008,MWH,WA,ANM,WE,Combined TRACON& Tower with Radar,8,8,19,12,47,4,4,58,11,77,12,12,77,23,124,160,18,178,302
02/22/2008,MWH,WA,ANM,WE,Combined TRACON& Tower with Radar,8,4,12,17,41,0,2,7,14,23,8,6,19,31,64,4,24,28,92
02/23/2008,MWH,WA,ANM,WE,Combined TRACON& Tower with Radar,2,2,6,1,11,0,0,4,0,4,2,2,10,1,15,2,6,8,23
02/24/2008,MWH,WA,ANM,WE,Combined TRACON& Tower with Radar,0,0,4,0,4,0,0,2,0,2,0,0,6,0,6,0,0,0,6
02/25/2008,MWH,WA,ANM,WE,Combined TRACON& Tower with Radar,17,11,7,15,50,2,2,62,8,74,19,13,69,23,124,220,43,263,387
02/26/2008,MWH,WA,ANM,WE,Combined TRACON& Tower with Radar,18,3,9,4,34,3,0,46,0,49,21,3,55,4,83,156,0,156,239
02/27/2008,MWH,WA,ANM,WE,Combined TRACON& Tower with Radar,10,6,12,55,83,0,1,48,6,55,10,7,60,61,138,100,56,156,294
02/28/2008,MWH,WA,ANM,WE,Combined TRACON& Tower with Radar,12,6,19,27,64,0,4,66,7,77,12,10,85,34,141,54,38,92,233
02/29/2008,MWH,WA,ANM,WE,Combined TRACON& Tower with Radar,8,4,8,19,39,0,2,6,15,23,8,6,14,34,62,18,98,116,178
03/01/2008,MWH,WA,ANM,WE,Combined TRACON& Tower with Radar,4,2,0,11,17,9,1,0,1,11,13,3,0,12,28,0,18,18,46
03/02/2008,MWH,WA,ANM,WE,Combined TRACON& Tower with Radar,0,0,2,0,2,0,0,10,0,10,0,0,12,0,12,0,0,0,12
03/03/2008,MWH,WA,ANM,WE,Combined TRACON& Tower with Radar,6,4,7,14,31,0,3,33,2,38,6,7,40,16,69,136,24,160,229
03/04/2008,MWH,WA,ANM,WE,Combined TRACON& Tower with Radar,18,6,24,10,58,0,3,56,6,65,18,9,80,16,123,88,10,98,221
03/05/2008,MWH,WA,ANM,WE,Combined TRACON& Tower with Radar,4,6,13,18,41,4,4,94,8,110,8,10,107,26,151,138,60,198,349
03/06/2008,MWH,WA,ANM,WE,Combined TRACON& Tower with Radar,14,3,3,15,35,0,4,81,19,104,14,7,84,34,139,140,88,228,367
03/07/2008,MWH,WA,ANM,WE,Combined TRACON& Tower with Radar,10,3,1,20,34,1,8,20,7,36,11,11,21,27,70,18,18,36,106
03/08/2008,MWH,WA,ANM,WE,Combined TRACON& Tower with Radar,11,2,8,9,30,4,1,6,5,16,15,3,14,14,46,6,44,50,96
03/09/2008,MWH,WA,ANM,WE,Combined TRACON& Tower with Radar,0,0,3,0,3,0,0,5,0,5,0,0,8,0,8,0,0,0,8
03/10/2008,MWH,WA,ANM,WE,Combined TRACON& Tower with Radar,8,3,19,37,67,0,1,50,21,72,8,4,69,58,139,47,163,210,349
03/11/2008,MWH,WA,ANM,WE,Combined TRACON& Tower with Radar,17,6,9,13,45,0,2,29,4,35,17,8,38,17,80,136,41,177,257
03/12/2008,MWH,WA,ANM,WE,Combined TRACON& Tower with Radar,11,3,8,13,35,2,4,78,10,94,13,7,86,23,129,146,74,220,349
03/13/2008,MWH,WA,ANM,WE,Combined TRACON& Tower with Radar,8,10,0,44,62,0,3,1,5,9,8,13,1,49,71,0,10,10,81
03/14/2008,MWH,WA,ANM,WE,Combined TRACON& Tower with Radar,12,5,6,60,83,11,1,8,23,43,23,6,14,83,126,8,158,166,292
03/15/2008,MWH,WA,ANM,WE,Combined TRACON& Tower with Radar,0,0,0,0,0,0,0,0,0,0,0,0,0,0,0,0,0,0,0
03/16/2008,MWH,WA,ANM,WE,Combined TRACON& Tower with Radar,0,0,11,3,14,0,0,13,5,18,0,0,24,8,32,8,20,28,60
03/17/2008,MWH,WA,ANM,WE,Combined TRACON& Tower with Radar,12,4,2,29,47,0,3,32,8,43,12,7,34,37,90,56,118,174,264
03/18/2008,MWH,WA,ANM,WE,Combined TRACON& Tower with Radar,26,3,22,11,62,2,4,48,7,61,28,7,70,18,123,102,33,135,258
03/19/2008,MWH,WA,ANM,WE,Combined TRACON& Tower with Radar,0,3,8,37,48,0,2,32,12,46,0,5,40,49,94,58,64,122,216
03/20/2008,MWH,WA,ANM,WE,Combined TRACON& Tower with Radar,19,5,12,15,51,2,2,30,7,41,21,7,42,22,92,24,112,136,228
03/21/2008,MWH,WA,ANM,WE,Combined TRACON& Tower with Radar,12,6,14,18,50,1,3,6,16,26,13,9,20,34,76,22,122,144,220
03/22/2008,MWH,WA,ANM,WE,Combined TRACON& Tower with Radar,6,2,20,3,31,2,2,10,5,19,8,4,30,8,50,2,70,72,122
03/23/2008,MWH,WA,ANM,WE,Combined TRACON& Tower with Radar,0,0,2,2,4,0,0,0,3,3,0,0,2,5,7,0,32,32,39
03/24/2008,MWH,WA,ANM,WE,Combined TRACON& Tower with Radar,2,5,8,9,24,0,2,20,10,32,2,7,28,19,56,8,72,80,136
03/25/2008,MWH,WA,ANM,WE,Combined TRACON& Tower with Radar,4,4,5,18,31,0,1,27,1,29,4,5,32,19,60,4,76,80,140
03/26/2008,MWH,WA,ANM,WE,Combined TRACON& Tower with Radar,16,10,6,17,49,0,5,4,3,12,16,15,10,20,61,6,34,40,101
03/27/2008,MWH,WA,ANM,WE,Combined TRACON& Tower with Radar,19,5,19,28,71,2,2,10,32,46,21,7,29,60,117,2,141,143,260
03/28/2008,MWH,WA,ANM,WE,Combined TRACON& Tower with Radar,12,4,14,22,52,0,2,0,2,4,12,6,14,24,56,0,34,34,90
03/29/2008,MWH,WA,ANM,WE,Combined TRACON& Tower with Radar,0,0,9,4,13,0,2,12,2,16,0,2,21,6,29,2,2,4,33
03/30/2008,MWH,WA,ANM,WE,Combined TRACON& Tower with Radar,0,1,3,0,4,0,0,1,0,1,0,1,4,0,5,0,0,0,5
03/31/2008,MWH,WA,ANM,WE,Combined TRACON& Tower with Radar,0,5,13,15,33,1,7,19,13,40,1,12,32,28,73,46,78,124,197
04/01/2008,MWH,WA,ANM,WE,Combined TRACON& Tower with Radar,19,5,20,16,60,8,2,39,6,55,27,7,59,22,115,72,57,129,244
04/02/2008,MWH,WA,ANM,WE,Combined TRACON& Tower with Radar,2,6,26,30,64,14,9,66,17,106,16,15,92,47,170,90,56,146,316
04/03/2008,MWH,WA,ANM,WE,Combined TRACON& Tower with Radar,8,5,24,11,48,2,6,48,6,62,10,11,72,17,110,66,30,96,206
04/04/2008,MWH,WA,ANM,WE,Combined TRACON& Tower with Radar,8,4,3,19,34,0,1,18,12,31,8,5,21,31,65,14,72,86,151
04/05/2008,MWH,WA,ANM,WE,Combined TRACON& Tower with Radar,0,0,9,8,17,0,1,6,8,15,0,1,15,16,32,0,38,38,70
04/06/2008,MWH,WA,ANM,WE,Combined TRACON& Tower with Radar,0,0,6,0,6,0,0,0,0,0,0,0,6,0,6,0,0,0,6
04/07/2008,MWH,WA,ANM,WE,Combined TRACON& Tower with Radar,14,5,21,28,68,0,0,26,5,31,14,5,47,33,99,64,25,89,188
04/08/2008,MWH,WA,ANM,WE,Combined TRACON& Tower with Radar,0,4,29,2,35,0,1,39,3,43,0,5,68,5,78,86,2,88,166
04/09/2008,MWH,WA,ANM,WE,Combined TRACON& Tower with Radar,13,4,10,14,41,12,3,48,4,67,25,7,58,18,108,66,84,150,258
04/10/2008,MWH,WA,ANM,WE,Combined TRACON& Tower with Radar,6,7,20,19,52,2,3,22,11,38,8,10,42,30,90,74,38,112,202
04/11/2008,MWH,WA,ANM,WE,Combined TRACON& Tower with Radar,8,4,10,21,43,1,2,31,11,45,9,6,41,32,88,16,90,106,194
04/12/2008,MWH,WA,ANM,WE,Combined TRACON& Tower with Radar,4,0,1,1,6,0,2,18,0,20,4,2,19,1,26,2,0,2,28
04/13/2008,MWH,WA,ANM,WE,Combined TRACON& Tower with Radar,4,0,9,0,13,0,0,6,0,6,4,0,15,0,19,4,0,4,23
04/14/2008,MWH,WA,ANM,WE,Combined TRACON& Tower with Radar,7,5,7,18,37,0,4,29,15,48,7,9,36,33,85,144,72,216,301
04/15/2008,MWH,WA,ANM,WE,Combined TRACON& Tower with Radar,4,3,33,9,49,0,2,28,6,36,4,5,61,15,85,208,26,234,319
04/16/2008,MWH,WA,ANM,WE,Combined TRACON& Tower with Radar,8,4,19,22,53,0,3,57,22,82,8,7,76,44,135,124,126,250,385
04/17/2008,MWH,WA,ANM,WE,Combined TRACON& Tower with Radar,9,8,52,11,80,0,15,58,19,92,9,23,110,30,172,160,84,244,416
04/18/2008,MWH,WA,ANM,WE,Combined TRACON& Tower with Radar,12,4,3,19,38,0,4,5,14,23,12,8,8,33,61,0,68,68,129
04/19/2008,MWH,WA,ANM,WE,Combined TRACON& Tower with Radar,4,1,2,8,15,0,3,2,2,7,4,4,4,10,22,0,36,36,58
04/20/2008,MWH,WA,ANM,WE,Combined TRACON& Tower with Radar,17,0,11,0,28,0,0,3,0,3,17,0,14,0,31,0,0,0,31
04/21/2008,MWH,WA,ANM,WE,Combined TRACON& Tower with Radar,17,12,38,6,73,1,2,44,8,55,18,14,82,14,128,92,14,106,234
04/22/2008,MWH,WA,ANM,WE,Combined TRACON& Tower with Radar,11,4,36,22,73,0,3,78,8,89,11,7,114,30,162,179,36,215,377
04/23/2008,MWH,WA,ANM,WE,Combined TRACON& Tower with Radar,14,5,44,37,100,1,3,32,6,42,15,8,76,43,142,132,68,200,342
04/24/2008,MWH,WA,ANM,WE,Combined TRACON& Tower with Radar,8,5,22,7,42,2,4,29,6,41,10,9,51,13,83,58,36,94,177
04/25/2008,MWH,WA,ANM,WE,Combined TRACON& Tower with Radar,16,2,8,10,36,0,4,7,2,13,16,6,15,12,49,0,10,10,59
04/26/2008,MWH,WA,ANM,WE,Combined TRACON& Tower with Radar,0,0,0,0,0,0,2,16,0,18,0,2,16,0,18,1,0,1,19
04/27/2008,MWH,WA,ANM,WE,Combined TRACON& Tower with Radar,4,0,4,4,12,0,0,6,0,6,4,0,10,4,18,8,0,8,26
04/28/2008,MWH,WA,ANM,WE,Combined TRACON& Tower with Radar,23,3,16,22,64,2,3,59,17,81,25,6,75,39,145,76,131,207,352
04/29/2008,MWH,WA,ANM,WE,Combined TRACON& Tower with Radar,4,6,28,10,48,0,8,30,1,39,4,14,58,11,87,62,36,98,185
04/30/2008,MWH,WA,ANM,WE,Combined TRACON& Tower with Radar,0,18,26,39,83,0,2,43,7,52,0,20,69,46,135,152,27,179,314
05/01/2008,MWH,WA,ANM,WE,Combined TRACON& Tower with Radar,12,4,19,17,52,0,5,49,6,60,12,9,68,23,112,62,62,124,236
05/02/2008,MWH,WA,ANM,WE,Combined TRACON& Tower with Radar,4,4,10,23,41,0,3,17,35,55,4,7,27,58,96,20,98,118,214
05/03/2008,MWH,WA,ANM,WE,Combined TRACON& Tower with Radar,4,0,0,20,24,0,2,4,14,20,4,2,4,34,44,4,35,39,83
05/04/2008,MWH,WA,ANM,WE,Combined TRACON& Tower with Radar,4,1,2,0,7,2,0,16,0,18,6,1,18,0,25,14,0,14,39
05/05/2008,MWH,WA,ANM,WE,Combined TRACON& Tower with Radar,9,3,23,22,57,0,3,44,16,63,9,6,67,38,120,74,44,118,238
05/06/2008,MWH,WA,ANM,WE,Combined TRACON& Tower with Radar,15,2,23,0,40,17,3,49,0,69,32,5,72,0,109,91,100,191,300
05/07/2008,MWH,WA,ANM,WE,Combined TRACON& Tower with Radar,9,2,20,13,44,1,3,23,10,37,10,5,43,23,81,130,52,182,263
05/08/2008,MWH,WA,ANM,WE,Combined TRACON& Tower with Radar,5,5,27,12,49,0,3,46,9,58,5,8,73,21,107,89,46,135,242
05/09/2008,MWH,WA,ANM,WE,Combined TRACON& Tower with Radar,11,3,22,1,37,2,3,23,2,30,13,6,45,3,67,18,0,18,85
05/10/2008,MWH,WA,ANM,WE,Combined TRACON& Tower with Radar,8,2,2,0,12,0,2,5,0,7,8,4,7,0,19,2,0,2,21
05/11/2008,MWH,WA,ANM,WE,Combined TRACON& Tower with Radar,4,0,0,0,4,0,0,1,0,1,4,0,1,0,5,0,0,0,5
05/12/2008,MWH,WA,ANM,WE,Combined TRACON& Tower with Radar,6,3,33,13,55,0,4,33,11,48,6,7,66,24,103,64,68,132,235
05/13/2008,MWH,WA,ANM,WE,Combined TRACON& Tower with Radar,13,4,22,21,60,8,4,48,21,81,21,8,70,42,141,112,128,240,381
05/14/2008,MWH,WA,ANM,WE,Combined TRACON& Tower with Radar,10,2,37,9,58,4,3,48,14,69,14,5,85,23,127,32,66,98,225
05/15/2008,MWH,WA,ANM,WE,Combined TRACON& Tower with Radar,16,5,5,9,35,9,7,64,0,80,25,12,69,9,115,100,4,104,219
05/16/2008,MWH,WA,ANM,WE,Combined TRACON& Tower with Radar,0,3,10,0,13,0,6,29,2,37,0,9,39,2,50,4,0,4,54
05/17/2008,MWH,WA,ANM,WE,Combined TRACON& Tower with Radar,4,0,1,0,5,0,2,18,0,20,4,2,19,0,25,8,0,8,33
05/18/2008,MWH,WA,ANM,WE,Combined TRACON& Tower with Radar,6,0,4,0,10,0,0,9,0,9,6,0,13,0,19,0,0,0,19
05/19/2008,MWH,WA,ANM,WE,Combined TRACON& Tower with Radar,1,2,11,13,27,0,3,55,13,71,1,5,66,26,98,73,61,134,232
05/20/2008,MWH,WA,ANM,WE,Combined TRACON& Tower with Radar,0,3,21,7,31,0,1,28,0,29,0,4,49,7,60,124,28,152,212
05/21/2008,MWH,WA,ANM,WE,Combined TRACON& Tower with Radar,15,2,16,4,37,56,3,34,2,95,71,5,50,6,132,131,26,157,289
05/22/2008,MWH,WA,ANM,WE,Combined TRACON& Tower with Radar,30,5,19,20,74,52,2,34,7,95,82,7,53,27,169,90,27,117,286
05/23/2008,MWH,WA,ANM,WE,Combined TRACON& Tower with Radar,24,6,12,0,42,39,2,10,0,51,63,8,22,0,93,0,0,0,93
05/24/2008,MWH,WA,ANM,WE,Combined TRACON& Tower with Radar,4,1,9,0,14,14,1,21,0,36,18,2,30,0,50,0,0,0,50
05/25/2008,MWH,WA,ANM,WE,Combined TRACON& Tower with Radar,6,0,1,0,7,2,0,3,0,5,8,0,4,0,12,0,0,0,12
05/26/2008,MWH,WA,ANM,WE,Combined TRACON& Tower with Radar,4,0,4,0,8,2,0,6,0,8,6,0,10,0,16,0,0,0,16
05/27/2008,MWH,WA,ANM,WE,Combined TRACON& Tower with Radar,42,3,20,11,76,61,6,41,3,111,103,9,61,14,187,97,83,180,367
05/28/2008,MWH,WA,ANM,WE,Combined TRACON& Tower with Radar,28,4,31,21,84,66,2,52,37,157,94,6,83,58,241,134,108,242,483
05/29/2008,MWH,WA,ANM,WE,Combined TRACON& Tower with Radar,36,8,27,15,86,104,1,51,10,166,140,9,78,25,252,92,40,132,384
05/30/2008,MWH,WA,ANM,WE,Combined TRACON& Tower with Radar,35,7,12,24,78,90,3,22,11,126,125,10,34,35,204,4,78,82,286
05/31/2008,MWH,WA,ANM,WE,Combined TRACON& Tower with Radar,9,1,8,3,21,32,2,20,4,58,41,3,28,7,79,8,18,26,105
06/01/2008,MWH,WA,ANM,WE,Combined TRACON& Tower with Radar,6,4,7,3,20,0,0,13,0,13,6,4,20,3,33,8,0,8,41
06/02/2008,MWH,WA,ANM,WE,Combined TRACON& Tower with Radar,4,5,11,24,44,46,3,38,8,95,50,8,49,32,139,42,53,95,234
06/03/2008,MWH,WA,ANM,WE,Combined TRACON& Tower with Radar,16,4,18,45,83,36,3,40,22,101,52,7,58,67,184,73,106,179,363
06/04/2008,MWH,WA,ANM,WE,Combined TRACON& Tower with Radar,16,3,29,49,97,0,2,27,28,57,16,5,56,77,154,96,120,216,370
06/05/2008,MWH,WA,ANM,WE,Combined TRACON& Tower with Radar,10,4,32,38,84,42,2,41,3,88,52,6,73,41,172,110,72,182,354
06/06/2008,MWH,WA,ANM,WE,Combined TRACON& Tower with Radar,10,4,9,17,40,21,2,1,7,31,31,6,10,24,71,6,55,61,132
06/07/2008,MWH,WA,ANM,WE,Combined TRACON& Tower with Radar,6,1,3,8,18,46,1,5,0,52,52,2,8,8,70,0,0,0,70
06/08/2008,MWH,WA,ANM,WE,Combined TRACON& Tower with Radar,6,0,6,13,25,0,0,13,0,13,6,0,19,13,38,22,10,32,70
06/09/2008,MWH,WA,ANM,WE,Combined TRACON& Tower with Radar,23,3,18,27,71,68,3,23,9,103,91,6,41,36,174,84,90,174,348
06/10/2008,MWH,WA,ANM,WE,Combined TRACON& Tower with Radar,6,4,9,31,50,9,3,17,10,39,15,7,26,41,89,52,71,123,212
06/11/2008,MWH,WA,ANM,WE,Combined TRACON& Tower with Radar,7,4,33,49,93,2,4,21,31,58,9,8,54,80,151,54,148,202,353
06/12/2008,MWH,WA,ANM,WE,Combined TRACON& Tower with Radar,25,1,2,26,54,58,3,39,21,121,83,4,41,47,175,88,104,192,367
06/13/2008,MWH,WA,ANM,WE,Combined TRACON& Tower with Radar,4,6,5,22,37,40,1,29,17,87,44,7,34,39,124,0,100,100,224
06/14/2008,MWH,WA,ANM,WE,Combined TRACON& Tower with Radar,10,0,5,0,15,81,0,14,0,95,91,0,19,0,110,2,0,2,112
06/15/2008,MWH,WA,ANM,WE,Combined TRACON& Tower with Radar,4,0,3,0,7,2,1,12,0,15,6,1,15,0,22,2,0,2,24
06/16/2008,MWH,WA,ANM,WE,Combined TRACON& Tower with Radar,20,6,9,7,42,60,3,17,8,88,80,9,26,15,130,10,59,69,199
06/17/2008,MWH,WA,ANM,WE,Combined TRACON& Tower with Radar,11,4,12,6,33,25,4,23,5,57,36,8,35,11,90,24,10,34,124
06/18/2008,MWH,WA,ANM,WE,Combined TRACON& Tower with Radar,4,3,10,31,48,46,2,14,15,77,50,5,24,46,125,22,97,119,244
06/19/2008,MWH,WA,ANM,WE,Combined TRACON& Tower with Radar,26,3,6,23,58,32,3,14,3,52,58,6,20,26,110,28,26,54,164
06/20/2008,MWH,WA,ANM,WE,Combined TRACON& Tower with Radar,21,5,2,32,60,49,8,7,29,93,70,13,9,61,153,24,124,148,301
06/21/2008,MWH,WA,ANM,WE,Combined TRACON& Tower with Radar,12,1,4,0,17,49,1,7,0,57,61,2,11,0,74,93,0,93,167
06/22/2008,MWH,WA,ANM,WE,Combined TRACON& Tower with Radar,6,0,4,0,10,0,0,4,0,4,6,0,8,0,14,0,0,0,14
06/23/2008,MWH,WA,ANM,WE,Combined TRACON& Tower with Radar,29,7,27,12,75,61,1,47,26,135,90,8,74,38,210,111,52,163,373
06/24/2008,MWH,WA,ANM,WE,Combined TRACON& Tower with Radar,19,3,33,2,57,33,4,49,4,90,52,7,82,6,147,92,1,93,240
06/25/2008,MWH,WA,ANM,WE,Combined TRACON& Tower with Radar,26,3,31,23,83,9,1,56,24,90,35,4,87,47,173,81,126,207,380
06/26/2008,MWH,WA,ANM,WE,Combined TRACON& Tower with Radar,9,5,10,36,60,8,4,48,14,74,17,9,58,50,134,162,72,234,368
06/27/2008,MWH,WA,ANM,WE,Combined TRACON& Tower with Radar,10,3,27,27,67,14,3,67,20,104,24,6,94,47,171,77,135,212,383
06/28/2008,MWH,WA,ANM,WE,Combined TRACON& Tower with Radar,14,3,5,6,28,4,1,102,3,110,18,4,107,9,138,12,20,32,170
06/29/2008,MWH,WA,ANM,WE,Combined TRACON& Tower with Radar,10,0,4,4,18,0,0,34,10,44,10,0,38,14,62,14,32,46,108
06/30/2008,MWH,WA,ANM,WE,Combined TRACON& Tower with Radar,0,1,20,19,40,0,2,37,9,48,0,3,57,28,88,198,40,238,326
07/01/2008,MWH,WA,ANM,WE,Combined TRACON& Tower with Radar,0,0,0,0,0,16,10,60,49,135,16,10,60,49,135,84,89,173,308
07/02/2008,MWH,WA,ANM,WE,Combined TRACON& Tower with Radar,21,4,33,24,82,12,8,51,12,83,33,12,84,36,165,56,74,130,295
07/03/2008,MWH,WA,ANM,WE,Combined TRACON& Tower with Radar,12,4,27,10,53,38,9,77,15,139,50,13,104,25,192,204,12,216,408
07/04/2008,MWH,WA,ANM,WE,Combined TRACON& Tower with Radar,0,0,0,0,0,0,1,5,0,6,0,1,5,0,6,0,0,0,6
07/05/2008,MWH,WA,ANM,WE,Combined TRACON& Tower with Radar,0,3,8,0,11,0,0,8,4,12,0,3,16,4,23,0,34,34,57
07/06/2008,MWH,WA,ANM,WE,Combined TRACON& Tower with Radar,0,0,6,0,6,0,5,11,0,16,0,5,17,0,22,2,0,2,24
07/07/2008,MWH,WA,ANM,WE,Combined TRACON& Tower with Radar,4,5,20,15,44,0,1,34,16,51,4,6,54,31,95,78,36,114,209
07/08/2008,MWH,WA,ANM,WE,Combined TRACON& Tower with Radar,17,9,22,16,64,16,6,84,5,111,33,15,106,21,175,88,42,130,305
07/09/2008,MWH,WA,ANM,WE,Combined TRACON& Tower with Radar,12,3,53,28,96,0,18,45,19,82,12,21,98,47,178,70,130,200,378
07/10/2008,MWH,WA,ANM,WE,Combined TRACON& Tower with Radar,17,1,41,14,73,17,33,67,14,131,34,34,108,28,204,92,38,130,334
07/11/2008,MWH,WA,ANM,WE,Combined TRACON& Tower with Radar,9,4,12,14,39,12,26,43,4,85,21,30,55,18,124,54,16,70,194
07/12/2008,MWH,WA,ANM,WE,Combined TRACON& Tower with Radar,2,2,4,16,24,0,48,41,8,97,2,50,45,24,121,22,30,52,173
07/13/2008,MWH,WA,ANM,WE,Combined TRACON& Tower with Radar,0,0,1,6,7,0,39,19,4,62,0,39,20,10,69,0,0,0,69
07/14/2008,MWH,WA,ANM,WE,Combined TRACON& Tower with Radar,14,5,12,14,45,3,9,47,35,94,17,14,59,49,139,14,112,126,265
07/15/2008,MWH,WA,ANM,WE,Combined TRACON& Tower with Radar,14,4,21,19,58,0,7,59,11,77,14,11,80,30,135,68,91,159,294
07/16/2008,MWH,WA,ANM,WE,Combined TRACON& Tower with Radar,0,4,19,7,30,0,6,47,6,59,0,10,66,13,89,108,30,138,227
07/17/2008,MWH,WA,ANM,WE,Combined TRACON& Tower with Radar,5,4,39,2,50,1,3,59,0,63,6,7,98,2,113,168,0,168,281
07/18/2008,MWH,WA,ANM,WE,Combined TRACON& Tower with Radar,11,4,37,8,60,2,3,48,6,59,13,7,85,14,119,158,28,186,305
07/19/2008,MWH,WA,ANM,WE,Combined TRACON& Tower with Radar,6,1,0,4,11,5,5,5,0,15,11,6,5,4,26,0,0,0,26
07/20/2008,MWH,WA,ANM,WE,Combined TRACON& Tower with Radar,0,0,1,0,1,0,2,16,0,18,0,2,17,0,19,0,0,0,19
07/21/2008,MWH,WA,ANM,WE,Combined TRACON& Tower with Radar,30,4,28,13,75,0,27,28,9,64,30,31,56,22,139,66,42,108,247
07/22/2008,MWH,WA,ANM,WE,Combined TRACON& Tower with Radar,8,7,19,14,48,0,2,32,14,48,8,9,51,28,96,123,80,203,299
07/23/2008,MWH,WA,ANM,WE,Combined TRACON& Tower with Radar,4,3,32,30,69,0,1,43,34,78,4,4,75,64,147,55,118,173,320
07/24/2008,MWH,WA,ANM,WE,Combined TRACON& Tower with Radar,14,5,44,24,87,0,4,44,29,77,14,9,88,53,164,90,152,242,406
07/25/2008,MWH,WA,ANM,WE,Combined TRACON& Tower with Radar,21,3,49,13,86,18,5,57,16,96,39,8,106,29,182,126,90,216,398
07/26/2008,MWH,WA,ANM,WE,Combined TRACON& Tower with Radar,15,1,2,13,31,7,2,11,14,34,22,3,13,27,65,2,80,82,147
07/27/2008,MWH,WA,ANM,WE,Combined TRACON& Tower with Radar,8,0,10,8,26,7,0,17,9,33,15,0,27,17,59,0,40,40,99
07/28/2008,MWH,WA,ANM,WE,Combined TRACON& Tower with Radar,42,5,5,7,59,0,2,42,9,53,42,7,47,16,112,108,51,159,271
07/29/2008,MWH,WA,ANM,WE,Combined TRACON& Tower with Radar,18,7,19,18,62,0,4,26,13,43,18,11,45,31,105,24,22,46,151
07/30/2008,MWH,WA,ANM,WE,Combined TRACON& Tower with Radar,10,3,11,32,56,0,4,33,33,70,10,7,44,65,126,78,120,198,324
07/31/2008,MWH,WA,ANM,WE,Combined TRACON& Tower with Radar,0,3,9,21,33,0,3,16,20,39,0,6,25,41,72,6,66,72,144
08/01/2008,MWH,WA,ANM,WE,Combined TRACON& Tower with Radar,0,3,4,20,27,0,10,17,29,56,0,13,21,49,83,0,170,170,253
08/02/2008,MWH,WA,ANM,WE,Combined TRACON& Tower with Radar,0,2,4,4,10,0,3,17,2,22,0,5,21,6,32,0,26,26,58
08/03/2008,MWH,WA,ANM,WE,Combined TRACON& Tower with Radar,11,1,6,0,18,0,0,23,0,23,11,1,29,0,41,0,0,0,41
08/04/2008,MWH,WA,ANM,WE,Combined TRACON& Tower with Radar,34,5,6,37,82,4,3,20,36,63,38,8,26,73,145,4,56,60,205
08/05/2008,MWH,WA,ANM,WE,Combined TRACON& Tower with Radar,18,4,5,18,45,0,4,32,18,54,18,8,37,36,99,13,52,65,164
08/06/2008,MWH,WA,ANM,WE,Combined TRACON& Tower with Radar,17,3,5,14,39,1,5,34,12,52,18,8,39,26,91,0,48,48,139
08/07/2008,MWH,WA,ANM,WE,Combined TRACON& Tower with Radar,12,4,5,28,49,3,27,53,34,117,15,31,58,62,166,12,110,122,288
08/08/2008,MWH,WA,ANM,WE,Combined TRACON& Tower with Radar,11,3,5,10,29,3,19,17,6,45,14,22,22,16,74,0,58,58,132
08/09/2008,MWH,WA,ANM,WE,Combined TRACON& Tower with Radar,8,2,7,0,17,22,11,33,0,66,30,13,40,0,83,10,10,20,103
08/10/2008,MWH,WA,ANM,WE,Combined TRACON& Tower with Radar,4,1,10,13,28,12,5,13,3,33,16,6,23,16,61,30,0,30,91
08/11/2008,MWH,WA,ANM,WE,Combined TRACON& Tower with Radar,17,7,11,24,59,3,5,26,10,44,20,12,37,34,103,12,41,53,156
08/12/2008,MWH,WA,ANM,WE,Combined TRACON& Tower with Radar,0,4,17,20,41,0,8,31,7,46,0,12,48,27,87,22,34,56,143
08/13/2008,MWH,WA,ANM,WE,Combined TRACON& Tower with Radar,22,6,30,12,70,0,9,41,4,54,22,15,71,16,124,30,55,85,209
08/14/2008,MWH,WA,ANM,WE,Combined TRACON& Tower with Radar,8,3,15,8,34,0,5,21,9,35,8,8,36,17,69,52,35,87,156
08/15/2008,MWH,WA,ANM,WE,Combined TRACON& Tower with Radar,6,4,7,13,30,16,4,22,4,46,22,8,29,17,76,6,26,32,108
08/16/2008,MWH,WA,ANM,WE,Combined TRACON& Tower with Radar,1,2,3,2,8,1,2,19,6,28,2,4,22,8,36,0,30,30,66
08/17/2008,MWH,WA,ANM,WE,Combined TRACON& Tower with Radar,12,0,7,0,19,0,6,15,0,21,12,6,22,0,40,2,0,2,42
08/18/2008,MWH,WA,ANM,WE,Combined TRACON& Tower with Radar,14,5,2,23,44,0,4,9,15,28,14,9,11,38,72,2,72,74,146
08/19/2008,MWH,WA,ANM,WE,Combined TRACON& Tower with Radar,8,3,4,25,40,0,9,3,24,36,8,12,7,49,76,7,181,188,264
08/20/2008,MWH,WA,ANM,WE,Combined TRACON& Tower with Radar,4,3,11,31,49,0,3,2,21,26,4,6,13,52,75,0,140,140,215
08/21/2008,MWH,WA,ANM,WE,Combined TRACON& Tower with Radar,0,6,33,31,70,0,7,21,13,41,0,13,54,44,111,20,50,70,181
08/22/2008,MWH,WA,ANM,WE,Combined TRACON& Tower with Radar,10,3,12,38,63,0,10,17,24,51,10,13,29,62,114,5,89,94,208
08/23/2008,MWH,WA,ANM,WE,Combined TRACON& Tower with Radar,6,2,1,13,22,0,1,14,9,24,6,3,15,22,46,2,26,28,74
08/24/2008,MWH,WA,ANM,WE,Combined TRACON& Tower with Radar,5,0,9,0,14,0,0,21,0,21,5,0,30,0,35,8,0,8,43
08/25/2008,MWH,WA,ANM,WE,Combined TRACON& Tower with Radar,9,4,25,9,47,1,2,3,6,12,10,6,28,15,59,0,38,38,97
08/26/2008,MWH,WA,ANM,WE,Combined TRACON& Tower with Radar,20,4,12,5,41,9,3,15,6,33,29,7,27,11,74,14,30,44,118
08/27/2008,MWH,WA,ANM,WE,Combined TRACON& Tower with Radar,10,2,15,18,45,0,4,15,18,37,10,6,30,36,82,12,44,56,138
08/28/2008,MWH,WA,ANM,WE,Combined TRACON& Tower with Radar,16,2,10,10,38,0,6,31,13,50,16,8,41,23,88,92,18,110,198
08/29/2008,MWH,WA,ANM,WE,Combined TRACON& Tower with Radar,26,3,4,0,33,0,3,14,0,17,26,6,18,0,50,76,0,76,126
08/30/2008,MWH,WA,ANM,WE,Combined TRACON& Tower with Radar,0,2,4,0,6,0,1,21,0,22,0,3,25,0,28,8,0,8,36
08/31/2008,MWH,WA,ANM,WE,Combined TRACON& Tower with Radar,0,0,3,0,3,0,2,5,0,7,0,2,8,0,10,0,0,0,10
09/01/2008,MWH,WA,ANM,WE,Combined TRACON& Tower with Radar,0,1,5,0,6,0,0,12,0,12,0,1,17,0,18,13,0,13,31
09/02/2008,MWH,WA,ANM,WE,Combined TRACON& Tower with Radar,20,4,9,6,39,4,5,12,3,24,24,9,21,9,63,0,12,12,75
09/03/2008,MWH,WA,ANM,WE,Combined TRACON& Tower with Radar,5,2,4,20,31,7,1,23,5,36,12,3,27,25,67,2,64,66,133
09/04/2008,MWH,WA,ANM,WE,Combined TRACON& Tower with Radar,5,4,6,31,46,8,5,19,26,58,13,9,25,57,104,0,126,126,230
09/05/2008,MWH,WA,ANM,WE,Combined TRACON& Tower with Radar,8,2,8,8,26,8,4,10,5,27,16,6,18,13,53,11,27,38,91
09/06/2008,MWH,WA,ANM,WE,Combined TRACON& Tower with Radar,0,2,9,18,29,0,2,16,19,37,0,4,25,37,66,14,68,82,148
09/07/2008,MWH,WA,ANM,WE,Combined TRACON& Tower with Radar,0,1,2,2,5,0,0,14,8,22,0,1,16,10,27,34,32,66,93
09/08/2008,MWH,WA,ANM,WE,Combined TRACON& Tower with Radar,0,3,3,19,25,0,1,11,3,15,0,4,14,22,40,2,39,41,81
09/09/2008,MWH,WA,ANM,WE,Combined TRACON& Tower with Radar,0,5,8,7,20,0,2,24,7,33,0,7,32,14,53,0,4,4,57
09/10/2008,MWH,WA,ANM,WE,Combined TRACON& Tower with Radar,5,3,9,22,39,0,4,16,22,42,5,7,25,44,81,6,80,86,167
09/11/2008,MWH,WA,ANM,WE,Combined TRACON& Tower with Radar,0,2,13,6,21,0,4,27,5,36,0,6,40,11,57,28,27,55,112
09/12/2008,MWH,WA,ANM,WE,Combined TRACON& Tower with Radar,8,4,13,17,42,6,7,20,11,44,14,11,33,28,86,17,47,64,150
09/13/2008,MWH,WA,ANM,WE,Combined TRACON& Tower with Radar,4,1,27,0,32,2,2,30,0,34,6,3,57,0,66,36,0,36,102
09/14/2008,MWH,WA,ANM,WE,Combined TRACON& Tower with Radar,2,0,12,0,14,2,2,31,0,35,4,2,43,0,49,22,0,22,71
09/15/2008,MWH,WA,ANM,WE,Combined TRACON& Tower with Radar,6,4,2,13,25,0,11,26,6,43,6,15,28,19,68,46,50,96,164
09/16/2008,MWH,WA,ANM,WE,Combined TRACON& Tower with Radar,6,3,9,21,39,8,3,78,0,89,14,6,87,21,128,43,8,51,179
09/17/2008,MWH,WA,ANM,WE,Combined TRACON& Tower with Radar,2,3,18,18,41,9,4,62,8,83,11,7,80,26,124,42,64,106,230
09/18/2008,MWH,WA,ANM,WE,Combined TRACON& Tower with Radar,0,2,18,26,46,0,4,85,17,106,0,6,103,43,152,50,122,172,324
09/19/2008,MWH,WA,ANM,WE,Combined TRACON& Tower with Radar,0,3,22,12,37,0,5,14,10,29,0,8,36,22,66,4,74,78,144
09/20/2008,MWH,WA,ANM,WE,Combined TRACON& Tower with Radar,0,2,6,20,28,0,1,20,5,26,0,3,26,25,54,40,64,104,158
09/21/2008,MWH,WA,ANM,WE,Combined TRACON& Tower with Radar,0,0,8,4,12,0,0,9,3,12,0,0,17,7,24,6,4,10,34
09/22/2008,MWH,WA,ANM,WE,Combined TRACON& Tower with Radar,2,6,40,32,80,0,2,51,19,72,2,8,91,51,152,128,133,261,413
09/23/2008,MWH,WA,ANM,WE,Combined TRACON& Tower with Radar,8,3,41,5,57,0,2,92,1,95,8,5,133,6,152,108,20,128,280
09/24/2008,MWH,WA,ANM,WE,Combined TRACON& Tower with Radar,0,4,37,20,61,0,3,96,30,129,0,7,133,50,190,192,116,308,498
09/25/2008,MWH,WA,ANM,WE,Combined TRACON& Tower with Radar,7,6,30,15,58,4,2,91,12,109,11,8,121,27,167,186,48,234,401
09/26/2008,MWH,WA,ANM,WE,Combined TRACON& Tower with Radar,2,4,2,24,32,0,5,20,12,37,2,9,22,36,69,18,74,92,161
09/27/2008,MWH,WA,ANM,WE,Combined TRACON& Tower with Radar,0,2,1,18,21,0,1,8,7,16,0,3,9,25,37,0,50,50,87
09/28/2008,MWH,WA,ANM,WE,Combined TRACON& Tower with Radar,0,0,7,0,7,0,0,18,0,18,0,0,25,0,25,30,0,30,55
09/29/2008,MWH,WA,ANM,WE,Combined TRACON& Tower with Radar,0,5,32,25,62,2,1,100,17,120,2,6,132,42,182,290,70,360,542
09/30/2008,MWH,WA,ANM,WE,Combined TRACON& Tower with Radar,4,2,14,20,40,0,7,73,4,84,4,9,87,24,124,187,13,200,324
10/01/2008,MWH,WA,ANM,WE,Combined TRACON& Tower with Radar,25,5,24,44,98,5,4,95,32,136,30,9,119,76,234,176,110,286,520
10/02/2008,MWH,WA,ANM,WE,Combined TRACON& Tower with Radar,0,4,40,28,72,0,6,71,17,94,0,10,111,45,166,176,142,318,484
10/03/2008,MWH,WA,ANM,WE,Combined TRACON& Tower with Radar,6,4,13,23,46,4,4,14,15,37,10,8,27,38,83,0,69,69,152
10/04/2008,MWH,WA,ANM,WE,Combined TRACON& Tower with Radar,8,0,13,8,29,1,2,9,1,13,9,2,22,9,42,4,6,10,52
10/05/2008,MWH,WA,ANM,WE,Combined TRACON& Tower with Radar,0,0,5,7,12,0,0,7,2,9,0,0,12,9,21,0,16,16,37
10/06/2008,MWH,WA,ANM,WE,Combined TRACON& Tower with Radar,8,6,33,11,58,0,2,56,6,64,8,8,89,17,122,178,34,212,334
10/07/2008,MWH,WA,ANM,WE,Combined TRACON& Tower with Radar,0,3,21,12,36,0,5,13,7,25,0,8,34,19,61,74,28,102,163
10/08/2008,MWH,WA,ANM,WE,Combined TRACON& Tower with Radar,6,2,27,7,42,0,6,102,5,113,6,8,129,12,155,222,84,306,461
10/09/2008,MWH,WA,ANM,WE,Combined TRACON& Tower with Radar,0,4,31,11,46,0,4,99,12,115,0,8,130,23,161,148,50,198,359
10/10/2008,MWH,WA,ANM,WE,Combined TRACON& Tower with Radar,5,3,20,17,45,2,5,9,8,24,7,8,29,25,69,0,24,24,93
10/11/2008,MWH,WA,ANM,WE,Combined TRACON& Tower with Radar,0,2,8,13,23,0,1,13,2,16,0,3,21,15,39,6,28,34,73
10/12/2008,MWH,WA,ANM,WE,Combined TRACON& Tower with Radar,2,0,3,1,6,0,0,5,0,5,2,0,8,1,11,0,0,0,11
10/13/2008,MWH,WA,ANM,WE,Combined TRACON& Tower with Radar,4,6,11,5,26,0,0,74,1,75,4,6,85,6,101,266,10,276,377
10/14/2008,MWH,WA,ANM,WE,Combined TRACON& Tower with Radar,17,3,48,22,90,7,3,76,24,110,24,6,124,46,200,209,82,291,491
10/15/2008,MWH,WA,ANM,WE,Combined TRACON& Tower with Radar,12,1,23,18,54,1,3,69,27,100,13,4,92,45,154,258,86,344,498
10/16/2008,MWH,WA,ANM,WE,Combined TRACON& Tower with Radar,2,4,42,26,74,1,5,84,16,106,3,9,126,42,180,252,34,286,466
10/17/2008,MWH,WA,ANM,WE,Combined TRACON& Tower with Radar,0,2,9,11,22,0,5,12,8,25,0,7,21,19,47,34,22,56,103
10/18/2008,MWH,WA,ANM,WE,Combined TRACON& Tower with Radar,0,2,20,0,22,0,1,16,0,17,0,3,36,0,39,0,0,0,39
10/19/2008,MWH,WA,ANM,WE,Combined TRACON& Tower with Radar,0,0,1,5,6,0,0,18,4,22,0,0,19,9,28,28,22,50,78
10/20/2008,MWH,WA,ANM,WE,Combined TRACON& Tower with Radar,4,5,16,8,33,0,3,56,2,61,4,8,72,10,94,198,8,206,300
10/21/2008,MWH,WA,ANM,WE,Combined TRACON& Tower with Radar,0,2,26,10,38,0,2,66,7,75,0,4,92,17,113,388,27,415,528
10/22/2008,MWH,WA,ANM,WE,Combined TRACON& Tower with Radar,2,3,26,14,45,0,7,80,9,96,2,10,106,23,141,340,54,394,535
10/23/2008,MWH,WA,ANM,WE,Combined TRACON& Tower with Radar,2,3,25,23,53,9,1,76,7,93,11,4,101,30,146,362,18,380,526
10/24/2008,MWH,WA,ANM,WE,Combined TRACON& Tower with Radar,4,2,9,0,15,2,3,6,0,11,6,5,15,0,26,0,0,0,26
10/25/2008,MWH,WA,ANM,WE,Combined TRACON& Tower with Radar,0,2,2,0,4,0,1,20,0,21,0,3,22,0,25,18,0,18,43
10/26/2008,MWH,WA,ANM,WE,Combined TRACON& Tower with Radar,0,0,6,0,6,0,0,12,0,12,0,0,18,0,18,0,0,0,18
10/27/2008,MWH,WA,ANM,WE,Combined TRACON& Tower with Radar,2,2,11,19,34,4,3,78,5,90,6,5,89,24,124,314,18,332,456
10/28/2008,MWH,WA,ANM,WE,Combined TRACON& Tower with Radar,15,2,16,2,35,2,3,58,1,64,17,5,74,3,99,552,0,552,651
10/29/2008,MWH,WA,ANM,WE,Combined TRACON& Tower with Radar,1,2,12,17,32,0,3,64,23,90,1,5,76,40,122,220,88,308,430
10/30/2008,MWH,WA,ANM,WE,Combined TRACON& Tower with Radar,5,2,37,10,54,2,4,80,5,91,7,6,117,15,145,394,10,404,549
10/31/2008,MWH,WA,ANM,WE,Combined TRACON& Tower with Radar,4,3,6,11,24,20,4,5,7,36,24,7,11,18,60,0,30,30,90
11/01/2008,MWH,WA,ANM,WE,Combined TRACON& Tower with Radar,0,2,2,0,4,0,1,3,0,4,0,3,5,0,8,0,0,0,8
11/02/2008,MWH,WA,ANM,WE,Combined TRACON& Tower with Radar,0,0,3,0,3,0,0,1,0,1,0,0,4,0,4,0,0,0,4
11/03/2008,MWH,WA,ANM,WE,Combined TRACON& Tower with Radar,6,5,19,19,49,30,3,58,13,104,36,8,77,32,153,286,84,370,523
11/04/2008,MWH,WA,ANM,WE,Combined TRACON& Tower with Radar,19,5,26,21,71,18,3,30,9,60,37,8,56,30,131,340,0,340,471
11/05/2008,MWH,WA,ANM,WE,Combined TRACON& Tower with Radar,4,6,14,16,40,62,3,69,13,147,66,9,83,29,187,338,66,404,591
11/06/2008,MWH,WA,ANM,WE,Combined TRACON& Tower with Radar,0,6,38,30,74,0,2,48,1,51,0,8,86,31,125,380,2,382,507
11/07/2008,MWH,WA,ANM,WE,Combined TRACON& Tower with Radar,6,6,19,15,46,0,0,2,0,2,6,6,21,15,48,0,0,0,48
11/08/2008,MWH,WA,ANM,WE,Combined TRACON& Tower with Radar,0,2,4,13,19,0,0,0,0,0,0,2,4,13,19,0,0,0,19
11/09/2008,MWH,WA,ANM,WE,Combined TRACON& Tower with Radar,0,0,6,0,6,0,0,9,0,9,0,0,15,0,15,0,0,0,15
11/10/2008,MWH,WA,ANM,WE,Combined TRACON& Tower with Radar,16,7,4,15,42,33,0,19,5,57,49,7,23,20,99,84,13,97,196
11/11/2008,MWH,WA,ANM,WE,Combined TRACON& Tower with Radar,2,5,15,0,22,31,5,4,0,40,33,10,19,0,62,42,0,42,104
11/12/2008,MWH,WA,ANM,WE,Combined TRACON& Tower with Radar,3,2,15,33,53,32,2,36,10,80,35,4,51,43,133,138,54,192,325
11/13/2008,MWH,WA,ANM,WE,Combined TRACON& Tower with Radar,6,3,25,18,52,62,2,37,17,118,68,5,62,35,170,72,102,174,344
11/14/2008,MWH,WA,ANM,WE,Combined TRACON& Tower with Radar,4,5,20,31,60,30,6,15,13,64,34,11,35,44,124,4,50,54,178
11/15/2008,MWH,WA,ANM,WE,Combined TRACON& Tower with Radar,6,1,2,15,24,68,3,15,15,101,74,4,17,30,125,10,28,38,163
11/16/2008,MWH,WA,ANM,WE,Combined TRACON& Tower with Radar,0,0,4,7,11,0,0,6,12,18,0,0,10,19,29,0,26,26,55
11/17/2008,MWH,WA,ANM,WE,Combined TRACON& Tower with Radar,4,6,31,22,63,62,3,83,16,164,66,9,114,38,227,352,73,425,652
11/18/2008,MWH,WA,ANM,WE,Combined TRACON& Tower with Radar,16,5,49,4,74,53,2,79,8,142,69,7,128,12,216,498,28,526,742
11/19/2008,MWH,WA,ANM,WE,Combined TRACON& Tower with Radar,4,5,33,7,49,23,3,67,5,98,27,8,100,12,147,376,52,428,575
11/20/2008,MWH,WA,ANM,WE,Combined TRACON& Tower with Radar,5,11,22,27,65,26,2,53,11,92,31,13,75,38,157,361,66,427,584
11/21/2008,MWH,WA,ANM,WE,Combined TRACON& Tower with Radar,10,4,6,35,55,57,3,18,17,95,67,7,24,52,150,2,108,110,260
11/22/2008,MWH,WA,ANM,WE,Combined TRACON& Tower with Radar,6,1,3,6,16,37,1,4,9,51,43,2,7,15,67,0,48,48,115
11/23/2008,MWH,WA,ANM,WE,Combined TRACON& Tower with Radar,4,3,9,0,16,0,0,17,0,17,4,3,26,0,33,10,0,10,43
11/24/2008,MWH,WA,ANM,WE,Combined TRACON& Tower with Radar,4,4,19,24,51,28,0,65,16,109,32,4,84,40,160,322,103,425,585
11/25/2008,MWH,WA,ANM,WE,Combined TRACON& Tower with Radar,12,1,23,23,59,37,0,63,42,142,49,1,86,65,201,444,58,502,703
11/26/2008,MWH,WA,ANM,WE,Combined TRACON& Tower with Radar,4,2,3,0,9,26,0,1,0,27,30,2,4,0,36,0,0,0,36
11/27/2008,MWH,WA,ANM,WE,Combined TRACON& Tower with Radar,0,0,0,0,0,0,0,0,0,0,0,0,0,0,0,0,0,0,0
11/28/2008,MWH,WA,ANM,WE,Combined TRACON& Tower with Radar,2,5,1,0,8,0,0,1,0,1,2,5,2,0,9,0,0,0,9
11/29/2008,MWH,WA,ANM,WE,Combined TRACON& Tower with Radar,14,2,4,0,20,70,0,0,0,70,84,2,4,0,90,0,0,0,90
11/30/2008,MWH,WA,ANM,WE,Combined TRACON& Tower with Radar,4,0,4,0,8,0,0,0,0,0,4,0,4,0,8,0,0,0,8
12/01/2008,MWH,WA,ANM,WE,Combined TRACON& Tower with Radar,6,13,4,42,65,0,0,0,0,0,6,13,4,42,65,0,0,0,65
12/02/2008,MWH,WA,ANM,WE,Combined TRACON& Tower with Radar,30,3,22,34,89,32,1,73,22,128,62,4,95,56,217,346,78,424,641
12/03/2008,MWH,WA,ANM,WE,Combined TRACON& Tower with Radar,15,1,38,40,94,15,0,55,4,74,30,1,93,44,168,358,38,396,564
12/04/2008,MWH,WA,ANM,WE,Combined TRACON& Tower with Radar,10,2,30,23,65,7,0,87,5,99,17,2,117,28,164,218,28,246,410
12/05/2008,MWH,WA,ANM,WE,Combined TRACON& Tower with Radar,11,2,13,8,34,12,1,12,3,28,23,3,25,11,62,8,54,62,124
12/06/2008,MWH,WA,ANM,WE,Combined TRACON& Tower with Radar,13,2,8,4,27,0,2,7,11,20,13,4,15,15,47,0,32,32,79
12/07/2008,MWH,WA,ANM,WE,Combined TRACON& Tower with Radar,4,4,9,2,19,0,0,7,2,9,4,4,16,4,28,0,12,12,40
12/08/2008,MWH,WA,ANM,WE,Combined TRACON& Tower with Radar,37,3,18,23,81,8,0,59,2,69,45,3,77,25,150,178,68,246,396
12/09/2008,MWH,WA,ANM,WE,Combined TRACON& Tower with Radar,18,2,17,38,75,0,0,61,9,70,18,2,78,47,145,130,88,218,363
12/10/2008,MWH,WA,ANM,WE,Combined TRACON& Tower with Radar,30,4,17,20,71,1,2,20,10,33,31,6,37,30,104,24,41,65,169
12/11/2008,MWH,WA,ANM,WE,Combined TRACON& Tower with Radar,11,4,9,15,39,0,0,5,18,23,11,4,14,33,62,0,62,62,124
12/12/2008,MWH,WA,ANM,WE,Combined TRACON& Tower with Radar,0,3,4,1,8,0,0,0,0,0,0,3,4,1,8,0,0,0,8
12/13/2008,MWH,WA,ANM,WE,Combined TRACON& Tower with Radar,0,6,1,0,7,0,0,0,0,0,0,6,1,0,7,0,0,0,7
12/14/2008,MWH,WA,ANM,WE,Combined TRACON& Tower with Radar,0,0,3,0,3,0,0,2,0,2,0,0,5,0,5,0,0,0,5
12/15/2008,MWH,WA,ANM,WE,Combined TRACON& Tower with Radar,43,4,9,10,66,0,0,4,5,9,43,4,13,15,75,28,32,60,135
12/16/2008,MWH,WA,ANM,WE,Combined TRACON& Tower with Radar,0,5,4,36,45,0,1,2,2,5,0,6,6,38,50,2,24,26,76
12/17/2008,MWH,WA,ANM,WE,Combined TRACON& Tower with Radar,0,4,3,13,20,0,0,2,0,2,0,4,5,13,22,0,0,0,22
12/18/2008,MWH,WA,ANM,WE,Combined TRACON& Tower with Radar,0,2,2,29,33,0,0,0,0,0,0,2,2,29,33,0,0,0,33
12/19/2008,MWH,WA,ANM,WE,Combined TRACON& Tower with Radar,0,3,3,6,12,0,1,4,7,12,0,4,7,13,24,10,28,38,62
12/20/2008,MWH,WA,ANM,WE,Combined TRACON& Tower with Radar,0,2,2,0,4,0,2,3,0,5,0,4,5,0,9,0,0,0,9
12/21/2008,MWH,WA,ANM,WE,Combined TRACON& Tower with Radar,0,2,0,0,2,0,0,0,0,0,0,2,0,0,2,0,0,0,2
12/22/2008,MWH,WA,ANM,WE,Combined TRACON& Tower with Radar,0,3,3,10,16,0,0,0,0,0,0,3,3,10,16,0,0,0,16
12/23/2008,MWH,WA,ANM,WE,Combined TRACON& Tower with Radar,0,3,2,2,7,0,0,0,0,0,0,3,2,2,7,0,0,0,7
12/24/2008,MWH,WA,ANM,WE,Combined TRACON& Tower with Radar,0,6,0,0,6,0,0,0,0,0,0,6,0,0,6,0,0,0,6
12/25/2008,MWH,WA,ANM,WE,Combined TRACON& Tower with Radar,0,0,0,0,0,0,0,0,0,0,0,0,0,0,0,0,0,0,0
12/26/2008,MWH,WA,ANM,WE,Combined TRACON& Tower with Radar,0,6,0,0,6,0,0,0,0,0,0,6,0,0,6,0,0,0,6
12/27/2008,MWH,WA,ANM,WE,Combined TRACON& Tower with Radar,0,4,0,0,4,0,0,0,0,0,0,4,0,0,4,0,0,0,4
12/28/2008,MWH,WA,ANM,WE,Combined TRACON& Tower with Radar,0,2,0,0,2,0,0,0,0,0,0,2,0,0,2,0,0,0,2
12/29/2008,MWH,WA,ANM,WE,Combined TRACON& Tower with Radar,0,2,0,8,10,0,0,0,0,0,0,2,0,8,10,0,0,0,10
12/30/2008,MWH,WA,ANM,WE,Combined TRACON& Tower with Radar,0,4,5,3,12,0,1,0,6,7,0,5,5,9,19,0,6,6,25
12/31/2008,MWH,WA,ANM,WE,Combined TRACON& Tower with Radar,0,10,0,5,15,0,4,2,0,6,0,14,2,5,21,0,0,0,21
01/01/2009,MWH,WA,ANM,WE,Combined TRACON& Tower with Radar,0,0,0,0,0,0,0,0,0,0,0,0,0,0,0,0,0,0,0
01/02/2009,MWH,WA,ANM,WE,Combined TRACON& Tower with Radar,0,8,5,1,14,0,4,5,0,9,0,12,10,1,23,0,0,0,23
01/03/2009,MWH,WA,ANM,WE,Combined TRACON& Tower with Radar,0,2,2,10,14,0,1,6,0,7,0,3,8,10,21,0,0,0,21
01/04/2009,MWH,WA,ANM,WE,Combined TRACON& Tower with Radar,0,0,3,0,3,0,0,0,0,0,0,0,3,0,3,0,0,0,3
01/05/2009,MWH,WA,ANM,WE,Combined TRACON& Tower with Radar,2,6,4,14,26,0,2,23,7,32,2,8,27,21,58,52,0,52,110
01/06/2009,MWH,WA,ANM,WE,Combined TRACON& Tower with Radar,0,4,10,42,56,0,1,3,3,7,0,5,13,45,63,0,50,50,113
01/07/2009,MWH,WA,ANM,WE,Combined TRACON& Tower with Radar,0,4,4,22,30,0,2,55,19,76,0,6,59,41,106,280,148,428,534
01/08/2009,MWH,WA,ANM,WE,Combined TRACON& Tower with Radar,0,3,22,25,50,0,3,79,9,91,0,6,101,34,141,222,58,280,421
01/09/2009,MWH,WA,ANM,WE,Combined TRACON& Tower with Radar,1,6,11,12,30,1,3,10,7,21,2,9,21,19,51,0,52,52,103
01/10/2009,MWH,WA,ANM,WE,Combined TRACON& Tower with Radar,0,2,0,4,6,0,0,0,3,3,0,2,0,7,9,8,40,48,57
01/11/2009,MWH,WA,ANM,WE,Combined TRACON& Tower with Radar,2,0,4,15,21,0,0,2,11,13,2,0,6,26,34,0,44,44,78
01/12/2009,MWH,WA,ANM,WE,Combined TRACON& Tower with Radar,0,2,12,14,28,35,0,22,4,61,35,2,34,18,89,98,16,114,203
01/13/2009,MWH,WA,ANM,WE,Combined TRACON& Tower with Radar,0,6,8,2,16,0,0,0,0,0,0,6,8,2,16,0,0,0,16
01/14/2009,MWH,WA,ANM,WE,Combined TRACON& Tower with Radar,14,11,17,9,51,36,1,35,3,75,50,12,52,12,126,186,20,206,332
01/15/2009,MWH,WA,ANM,WE,Combined TRACON& Tower with Radar,17,6,7,0,30,0,0,0,0,0,17,6,7,0,30,0,0,0,30
01/16/2009,MWH,WA,ANM,WE,Combined TRACON& Tower with Radar,0,15,9,28,52,0,0,0,0,0,0,15,9,28,52,0,0,0,52
01/17/2009,MWH,WA,ANM,WE,Combined TRACON& Tower with Radar,6,4,0,0,10,64,1,0,0,65,70,5,0,0,75,0,0,0,75
01/18/2009,MWH,WA,ANM,WE,Combined TRACON& Tower with Radar,18,0,5,1,24,0,0,1,0,1,18,0,6,1,25,0,0,0,25
01/19/2009,MWH,WA,ANM,WE,Combined TRACON& Tower with Radar,14,6,9,0,29,0,0,0,0,0,14,6,9,0,29,0,0,0,29
01/20/2009,MWH,WA,ANM,WE,Combined TRACON& Tower with Radar,16,13,0,53,82,0,0,0,0,0,16,13,0,53,82,0,0,0,82
01/21/2009,MWH,WA,ANM,WE,Combined TRACON& Tower with Radar,1,8,5,4,18,26,0,2,0,28,27,8,7,4,46,6,0,6,52
01/22/2009,MWH,WA,ANM,WE,Combined TRACON& Tower with Radar,16,4,9,13,42,13,0,0,0,13,29,4,9,13,55,0,0,0,55
01/23/2009,MWH,WA,ANM,WE,Combined TRACON& Tower with Radar,6,6,19,4,35,0,0,1,3,4,6,6,20,7,39,0,4,4,43
01/24/2009,MWH,WA,ANM,WE,Combined TRACON& Tower with Radar,0,2,7,0,9,0,0,8,0,8,0,2,15,0,17,0,0,0,17
01/25/2009,MWH,WA,ANM,WE,Combined TRACON& Tower with Radar,5,0,0,17,22,0,0,4,6,10,5,0,4,23,32,0,18,18,50
01/26/2009,MWH,WA,ANM,WE,Combined TRACON& Tower with Radar,0,8,14,6,28,151,5,80,3,239,151,13,94,9,267,270,14,284,551
01/27/2009,MWH,WA,ANM,WE,Combined TRACON& Tower with Radar,5,7,21,41,74,114,5,94,34,247,119,12,115,75,321,290,190,480,801
01/28/2009,MWH,WA,ANM,WE,Combined TRACON& Tower with Radar,22,5,13,12,52,72,2,65,14,153,94,7,78,26,205,282,42,324,529
01/29/2009,MWH,WA,ANM,WE,Combined TRACON& Tower with Radar,21,3,24,27,75,70,1,105,6,182,91,4,129,33,257,256,188,444,701
01/30/2009,MWH,WA,ANM,WE,Combined TRACON& Tower with Radar,17,4,4,24,49,154,0,10,13,177,171,4,14,37,226,0,108,108,334
01/31/2009,MWH,WA,ANM,WE,Combined TRACON& Tower with Radar,0,2,3,4,9,128,1,13,1,143,128,3,16,5,152,0,6,6,158
02/01/2009,MWH,WA,ANM,WE,Combined TRACON& Tower with Radar,4,0,2,0,6,0,0,7,0,7,4,0,9,0,13,0,0,0,13
02/02/2009,MWH,WA,ANM,WE,Combined TRACON& Tower with Radar,12,4,14,8,38,74,4,68,2,148,86,8,82,10,186,170,6,176,362
02/03/2009,MWH,WA,ANM,WE,Combined TRACON& Tower with Radar,21,4,17,15,57,77,3,65,16,161,98,7,82,31,218,116,30,146,364
02/04/2009,MWH,WA,ANM,WE,Combined TRACON& Tower with Radar,12,4,9,41,66,42,3,79,23,147,54,7,88,64,213,174,118,292,505
02/05/2009,MWH,WA,ANM,WE,Combined TRACON& Tower with Radar,14,7,10,15,46,71,4,47,12,134,85,11,57,27,180,159,62,221,401
02/06/2009,MWH,WA,ANM,WE,Combined TRACON& Tower with Radar,0,3,5,6,14,0,2,1,3,6,0,5,6,9,20,0,10,10,30
02/07/2009,MWH,WA,ANM,WE,Combined TRACON& Tower with Radar,18,1,5,13,37,72,1,14,14,101,90,2,19,27,138,34,36,70,208
02/08/2009,MWH,WA,ANM,WE,Combined TRACON& Tower with Radar,4,0,2,0,6,27,0,0,0,27,31,0,2,0,33,0,0,0,33
02/09/2009,MWH,WA,ANM,WE,Combined TRACON& Tower with Radar,26,8,17,25,76,59,0,24,14,97,85,8,41,39,173,54,78,132,305
02/10/2009,MWH,WA,ANM,WE,Combined TRACON& Tower with Radar,16,6,19,72,113,45,4,52,29,130,61,10,71,101,243,94,67,161,404
02/11/2009,MWH,WA,ANM,WE,Combined TRACON& Tower with Radar,8,4,8,24,44,61,1,45,18,125,69,5,53,42,169,168,72,240,409
02/12/2009,MWH,WA,ANM,WE,Combined TRACON& Tower with Radar,12,9,23,21,65,36,4,33,25,98,48,13,56,46,163,292,84,376,539
02/13/2009,MWH,WA,ANM,WE,Combined TRACON& Tower with Radar,23,4,5,15,47,12,2,15,10,39,35,6,20,25,86,30,16,46,132
02/14/2009,MWH,WA,ANM,WE,Combined TRACON& Tower with Radar,13,5,0,0,18,8,3,2,0,13,21,8,2,0,31,8,0,8,39
02/15/2009,MWH,WA,ANM,WE,Combined TRACON& Tower with Radar,0,0,6,0,6,0,0,2,0,2,0,0,8,0,8,0,0,0,8
02/16/2009,MWH,WA,ANM,WE,Combined TRACON& Tower with Radar,8,6,21,10,45,0,0,28,0,28,8,6,49,10,73,158,0,158,231
02/17/2009,MWH,WA,ANM,WE,Combined TRACON& Tower with Radar,12,8,16,13,49,0,5,92,11,108,12,13,108,24,157,226,18,244,401
02/18/2009,MWH,WA,ANM,WE,Combined TRACON& Tower with Radar,6,6,11,35,58,0,0,1,6,7,6,6,12,41,65,0,6,6,71
02/19/2009,MWH,WA,ANM,WE,Combined TRACON& Tower with Radar,11,6,20,15,52,0,0,0,0,0,11,6,20,15,52,0,0,0,52
02/20/2009,MWH,WA,ANM,WE,Combined TRACON& Tower with Radar,20,5,7,2,34,2,27,0,3,32,22,32,7,5,66,0,16,16,82
02/21/2009,MWH,WA,ANM,WE,Combined TRACON& Tower with Radar,4,2,6,4,16,0,0,10,9,19,4,2,16,13,35,10,36,46,81
02/22/2009,MWH,WA,ANM,WE,Combined TRACON& Tower with Radar,0,2,2,0,4,0,0,0,0,0,0,2,2,0,4,0,0,0,4
02/23/2009,MWH,WA,ANM,WE,Combined TRACON& Tower with Radar,19,11,23,34,87,0,0,0,0,0,19,11,23,34,87,0,0,0,87
02/24/2009,MWH,WA,ANM,WE,Combined TRACON& Tower with Radar,4,4,23,21,52,2,2,64,9,77,6,6,87,30,129,120,50,170,299
02/25/2009,MWH,WA,ANM,WE,Combined TRACON& Tower with Radar,6,5,23,33,67,0,3,49,56,108,6,8,72,89,175,149,278,427,602
02/26/2009,MWH,WA,ANM,WE,Combined TRACON& Tower with Radar,0,5,8,21,34,0,2,28,30,60,0,7,36,51,94,40,218,258,352
02/27/2009,MWH,WA,ANM,WE,Combined TRACON& Tower with Radar,21,3,5,15,44,11,5,16,13,45,32,8,21,28,89,10,31,41,130
02/28/2009,MWH,WA,ANM,WE,Combined TRACON& Tower with Radar,0,2,4,0,6,0,1,10,0,11,0,3,14,0,17,0,0,0,17
03/01/2009,MWH,WA,ANM,WE,Combined TRACON& Tower with Radar,4,0,8,0,12,0,0,5,0,5,4,0,13,0,17,0,0,0,17
03/02/2009,MWH,WA,ANM,WE,Combined TRACON& Tower with Radar,16,8,15,14,53,2,0,48,8,58,18,8,63,22,111,178,62,240,351
03/03/2009,MWH,WA,ANM,WE,Combined TRACON& Tower with Radar,14,5,17,11,47,0,1,34,6,41,14,6,51,17,88,180,40,220,308
03/04/2009,MWH,WA,ANM,WE,Combined TRACON& Tower with Radar,4,6,26,13,49,0,0,24,14,38,4,6,50,27,87,90,44,134,221
03/05/2009,MWH,WA,ANM,WE,Combined TRACON& Tower with Radar,22,5,11,5,43,2,1,39,2,44,24,6,50,7,87,192,24,216,303
03/06/2009,MWH,WA,ANM,WE,Combined TRACON& Tower with Radar,8,3,7,10,28,0,3,40,0,43,8,6,47,10,71,10,0,10,81
03/07/2009,MWH,WA,ANM,WE,Combined TRACON& Tower with Radar,0,3,0,20,23,0,4,11,8,23,0,7,11,28,46,6,54,60,106
03/08/2009,MWH,WA,ANM,WE,Combined TRACON& Tower with Radar,0,0,3,4,7,0,0,4,4,8,0,0,7,8,15,0,0,0,15
03/09/2009,MWH,WA,ANM,WE,Combined TRACON& Tower with Radar,11,5,26,7,49,0,0,63,9,72,11,5,89,16,121,202,12,214,335
03/10/2009,MWH,WA,ANM,WE,Combined TRACON& Tower with Radar,4,9,17,28,58,2,2,75,7,86,6,11,92,35,144,120,74,194,338
03/11/2009,MWH,WA,ANM,WE,Combined TRACON& Tower with Radar,10,6,17,7,40,0,3,63,7,73,10,9,80,14,113,136,38,174,287
03/12/2009,MWH,WA,ANM,WE,Combined TRACON& Tower with Radar,18,4,19,29,70,0,1,129,10,140,18,5,148,39,210,132,34,166,376
03/13/2009,MWH,WA,ANM,WE,Combined TRACON& Tower with Radar,4,3,7,0,14,0,2,25,0,27,4,5,32,0,41,12,0,12,53
03/14/2009,MWH,WA,ANM,WE,Combined TRACON& Tower with Radar,10,4,7,4,25,0,1,7,9,17,10,5,14,13,42,0,46,46,88
03/15/2009,MWH,WA,ANM,WE,Combined TRACON& Tower with Radar,0,0,3,6,9,0,0,1,1,2,0,0,4,7,11,0,6,6,17
03/16/2009,MWH,WA,ANM,WE,Combined TRACON& Tower with Radar,4,3,18,11,36,3,7,21,16,47,7,10,39,27,83,132,70,202,285
03/17/2009,MWH,WA,ANM,WE,Combined TRACON& Tower with Radar,13,6,11,20,50,0,3,44,11,58,13,9,55,31,108,100,110,210,318
03/18/2009,MWH,WA,ANM,WE,Combined TRACON& Tower with Radar,8,3,37,20,68,0,4,43,10,57,8,7,80,30,125,72,74,146,271
03/19/2009,MWH,WA,ANM,WE,Combined TRACON& Tower with Radar,8,4,23,21,56,0,6,23,11,40,8,10,46,32,96,54,76,130,226
03/20/2009,MWH,WA,ANM,WE,Combined TRACON& Tower with Radar,27,4,28,17,76,7,4,21,10,42,34,8,49,27,118,6,101,107,225
03/21/2009,MWH,WA,ANM,WE,Combined TRACON& Tower with Radar,4,2,17,0,23,8,3,4,0,15,12,5,21,0,38,0,0,0,38
03/22/2009,MWH,WA,ANM,WE,Combined TRACON& Tower with Radar,4,0,0,0,4,0,0,8,0,8,4,0,8,0,12,0,0,0,12
03/23/2009,MWH,WA,ANM,WE,Combined TRACON& Tower with Radar,16,3,23,14,56,0,2,14,16,32,16,5,37,30,88,6,88,94,182
03/24/2009,MWH,WA,ANM,WE,Combined TRACON& Tower with Radar,15,5,14,15,49,0,5,7,20,32,15,10,21,35,81,14,90,104,185
03/25/2009,MWH,WA,ANM,WE,Combined TRACON& Tower with Radar,15,5,10,27,57,6,5,11,21,43,21,10,21,48,100,4,136,140,240
03/26/2009,MWH,WA,ANM,WE,Combined TRACON& Tower with Radar,0,5,29,11,45,0,2,7,11,20,0,7,36,22,65,16,82,98,163
03/27/2009,MWH,WA,ANM,WE,Combined TRACON& Tower with Radar,12,4,4,18,38,1,3,11,8,23,13,7,15,26,61,6,34,40,101
03/28/2009,MWH,WA,ANM,WE,Combined TRACON& Tower with Radar,8,2,3,0,13,2,0,4,0,6,10,2,7,0,19,0,0,0,19
03/29/2009,MWH,WA,ANM,WE,Combined TRACON& Tower with Radar,8,1,25,0,34,4,1,2,0,7,12,2,27,0,41,0,0,0,41
03/30/2009,MWH,WA,ANM,WE,Combined TRACON& Tower with Radar,30,2,30,20,82,2,3,48,13,66,32,5,78,33,148,70,98,168,316
03/31/2009,MWH,WA,ANM,WE,Combined TRACON& Tower with Radar,0,8,1,3,12,0,9,18,2,29,0,17,19,5,41,30,4,34,75
04/01/2009,MWH,WA,ANM,WE,Combined TRACON& Tower with Radar,17,4,37,31,89,0,1,14,6,21,17,5,51,37,110,56,0,56,166
04/02/2009,MWH,WA,ANM,WE,Combined TRACON& Tower with Radar,2,3,13,21,39,0,1,17,9,27,2,4,30,30,66,76,20,96,162
04/03/2009,MWH,WA,ANM,WE,Combined TRACON& Tower with Radar,4,4,10,12,30,2,2,11,13,28,6,6,21,25,58,0,58,58,116
04/04/2009,MWH,WA,ANM,WE,Combined TRACON& Tower with Radar,0,5,8,1,14,0,2,25,3,30,0,7,33,4,44,16,0,16,60
04/05/2009,MWH,WA,ANM,WE,Combined TRACON& Tower with Radar,0,0,1,0,1,0,2,18,0,20,0,2,19,0,21,0,0,0,21
04/06/2009,MWH,WA,ANM,WE,Combined TRACON& Tower with Radar,19,4,38,40,101,12,1,73,14,100,31,5,111,54,201,158,62,220,421
04/07/2009,MWH,WA,ANM,WE,Combined TRACON& Tower with Radar,9,3,43,5,60,5,1,111,0,117,14,4,154,5,177,362,0,362,539
04/08/2009,MWH,WA,ANM,WE,Combined TRACON& Tower with Radar,13,6,46,5,70,0,4,49,20,73,13,10,95,25,143,146,57,203,346
04/09/2009,MWH,WA,ANM,WE,Combined TRACON& Tower with Radar,4,4,53,38,99,0,2,63,16,81,4,6,116,54,180,98,106,204,384
04/10/2009,MWH,WA,ANM,WE,Combined TRACON& Tower with Radar,17,3,21,12,53,6,3,16,22,47,23,6,37,34,100,20,118,138,238
04/11/2009,MWH,WA,ANM,WE,Combined TRACON& Tower with Radar,5,2,0,4,11,0,0,5,0,5,5,2,5,4,16,6,10,16,32
04/12/2009,MWH,WA,ANM,WE,Combined TRACON& Tower with Radar,0,0,5,5,10,0,0,0,0,0,0,0,5,5,10,0,0,0,10
04/13/2009,MWH,WA,ANM,WE,Combined TRACON& Tower with Radar,10,2,7,21,40,0,2,38,22,62,10,4,45,43,102,168,60,228,330
04/14/2009,MWH,WA,ANM,WE,Combined TRACON& Tower with Radar,4,5,22,6,37,1,1,19,5,26,5,6,41,11,63,46,16,62,125
04/15/2009,MWH,WA,ANM,WE,Combined TRACON& Tower with Radar,10,3,68,7,88,2,2,96,12,112,12,5,164,19,200,138,58,196,396
04/16/2009,MWH,WA,ANM,WE,Combined TRACON& Tower with Radar,23,4,9,13,49,0,4,95,9,108,23,8,104,22,157,218,16,234,391
04/17/2009,MWH,WA,ANM,WE,Combined TRACON& Tower with Radar,20,3,11,11,45,7,3,17,5,32,27,6,28,16,77,4,44,48,125
04/18/2009,MWH,WA,ANM,WE,Combined TRACON& Tower with Radar,5,6,2,2,15,0,0,25,3,28,5,6,27,5,43,10,34,44,87
04/19/2009,MWH,WA,ANM,WE,Combined TRACON& Tower with Radar,0,0,2,0,2,0,0,15,0,15,0,0,17,0,17,8,0,8,25
04/20/2009,MWH,WA,ANM,WE,Combined TRACON& Tower with Radar,24,4,37,6,71,0,6,84,2,92,24,10,121,8,163,221,16,237,400
04/21/2009,MWH,WA,ANM,WE,Combined TRACON& Tower with Radar,11,3,31,12,57,0,3,62,2,67,11,6,93,14,124,214,16,230,354
04/22/2009,MWH,WA,ANM,WE,Combined TRACON& Tower with Radar,16,2,21,12,51,0,3,36,14,53,16,5,57,26,104,228,58,286,390
04/23/2009,MWH,WA,ANM,WE,Combined TRACON& Tower with Radar,27,5,16,8,56,5,2,28,1,36,32,7,44,9,92,97,14,111,203
04/24/2009,MWH,WA,ANM,WE,Combined TRACON& Tower with Radar,7,4,13,24,48,6,3,14,11,34,13,7,27,35,82,10,154,164,246
04/25/2009,MWH,WA,ANM,WE,Combined TRACON& Tower with Radar,15,2,2,4,23,2,0,14,2,18,17,2,16,6,41,0,0,0,41
04/26/2009,MWH,WA,ANM,WE,Combined TRACON& Tower with Radar,0,0,7,0,7,0,0,21,0,21,0,0,28,0,28,42,0,42,70
04/27/2009,MWH,WA,ANM,WE,Combined TRACON& Tower with Radar,12,4,32,18,66,2,2,24,7,35,14,6,56,25,101,92,32,124,225
04/28/2009,MWH,WA,ANM,WE,Combined TRACON& Tower with Radar,9,4,9,23,45,0,0,22,6,28,9,4,31,29,73,118,66,184,257
04/29/2009,MWH,WA,ANM,WE,Combined TRACON& Tower with Radar,8,4,27,33,72,0,2,47,5,54,8,6,74,38,126,106,74,180,306
04/30/2009,MWH,WA,ANM,WE,Combined TRACON& Tower with Radar,12,5,17,8,42,0,4,70,10,84,12,9,87,18,126,130,32,162,288
05/01/2009,MWH,WA,ANM,WE,Combined TRACON& Tower with Radar,5,5,8,20,38,2,2,23,13,40,7,7,31,33,78,6,104,110,188
05/02/2009,MWH,WA,ANM,WE,Combined TRACON& Tower with Radar,8,1,5,18,32,0,1,7,3,11,8,2,12,21,43,0,10,10,53
05/03/2009,MWH,WA,ANM,WE,Combined TRACON& Tower with Radar,15,2,4,0,21,0,0,19,0,19,15,2,23,0,40,4,0,4,44
05/04/2009,MWH,WA,ANM,WE,Combined TRACON& Tower with Radar,22,6,20,0,48,0,1,45,0,46,22,7,65,0,94,105,0,105,199
05/05/2009,MWH,WA,ANM,WE,Combined TRACON& Tower with Radar,5,25,19,9,58,1,8,36,4,49,6,33,55,13,107,140,20,160,267
05/06/2009,MWH,WA,ANM,WE,Combined TRACON& Tower with Radar,14,26,10,5,55,2,20,43,9,74,16,46,53,14,129,168,6,174,303
05/07/2009,MWH,WA,ANM,WE,Combined TRACON& Tower with Radar,7,6,12,23,48,0,14,33,34,81,7,20,45,57,129,86,79,165,294
05/08/2009,MWH,WA,ANM,WE,Combined TRACON& Tower with Radar,4,3,12,6,25,0,1,11,5,17,4,4,23,11,42,0,46,46,88
05/09/2009,MWH,WA,ANM,WE,Combined TRACON& Tower with Radar,0,2,3,0,5,0,0,9,0,9,0,2,12,0,14,6,0,6,20
05/10/2009,MWH,WA,ANM,WE,Combined TRACON& Tower with Radar,0,2,1,0,3,0,0,18,0,18,0,2,19,0,21,0,0,0,21
05/11/2009,MWH,WA,ANM,WE,Combined TRACON& Tower with Radar,0,6,37,7,50,0,8,60,5,73,0,14,97,12,123,260,14,274,397
05/12/2009,MWH,WA,ANM,WE,Combined TRACON& Tower with Radar,10,3,13,0,26,0,0,12,0,12,10,3,25,0,38,10,0,10,48
05/13/2009,MWH,WA,ANM,WE,Combined TRACON& Tower with Radar,0,3,28,39,70,0,1,64,9,74,0,4,92,48,144,188,81,269,413
05/14/2009,MWH,WA,ANM,WE,Combined TRACON& Tower with Radar,0,4,7,28,39,0,1,23,4,28,0,5,30,32,67,51,18,69,136
05/15/2009,MWH,WA,ANM,WE,Combined TRACON& Tower with Radar,22,3,10,18,53,0,1,37,4,42,22,4,47,22,95,62,28,90,185
05/16/2009,MWH,WA,ANM,WE,Combined TRACON& Tower with Radar,2,3,0,0,5,0,1,36,0,37,2,4,36,0,42,0,0,0,42
05/17/2009,MWH,WA,ANM,WE,Combined TRACON& Tower with Radar,3,0,6,4,13,0,0,29,5,34,3,0,35,9,47,14,16,30,77
05/18/2009,MWH,WA,ANM,WE,Combined TRACON& Tower with Radar,25,4,26,22,77,7,4,77,14,102,32,8,103,36,179,138,92,230,409
05/19/2009,MWH,WA,ANM,WE,Combined TRACON& Tower with Radar,0,2,14,8,24,0,0,17,9,26,0,2,31,17,50,24,28,52,102
05/20/2009,MWH,WA,ANM,WE,Combined TRACON& Tower with Radar,41,5,23,2,71,12,1,34,4,51,53,6,57,6,122,24,74,98,220
05/21/2009,MWH,WA,ANM,WE,Combined TRACON& Tower with Radar,15,4,20,24,63,11,0,71,11,93,26,4,91,35,156,166,58,224,380
05/22/2009,MWH,WA,ANM,WE,Combined TRACON& Tower with Radar,15,4,5,18,42,10,1,25,3,39,25,5,30,21,81,14,28,42,123
05/23/2009,MWH,WA,ANM,WE,Combined TRACON& Tower with Radar,4,4,0,13,21,0,1,14,0,15,4,5,14,13,36,12,0,12,48
05/24/2009,MWH,WA,ANM,WE,Combined TRACON& Tower with Radar,0,0,1,0,1,0,0,21,0,21,0,0,22,0,22,30,0,30,52
05/25/2009,MWH,WA,ANM,WE,Combined TRACON& Tower with Radar,0,0,5,0,5,0,0,13,0,13,0,0,18,0,18,0,0,0,18
05/26/2009,MWH,WA,ANM,WE,Combined TRACON& Tower with Radar,0,3,39,15,57,0,4,50,3,57,0,7,89,18,114,134,80,214,328
05/27/2009,MWH,WA,ANM,WE,Combined TRACON& Tower with Radar,4,2,32,10,48,4,5,67,8,84,8,7,99,18,132,40,128,168,300
05/28/2009,MWH,WA,ANM,WE,Combined TRACON& Tower with Radar,4,3,25,4,36,0,1,87,6,94,4,4,112,10,130,166,36,202,332
05/29/2009,MWH,WA,ANM,WE,Combined TRACON& Tower with Radar,4,4,7,6,21,0,0,13,16,29,4,4,20,22,50,0,44,44,94
05/30/2009,MWH,WA,ANM,WE,Combined TRACON& Tower with Radar,4,2,6,0,12,0,1,19,0,20,4,3,25,0,32,52,0,52,84
05/31/2009,MWH,WA,ANM,WE,Combined TRACON& Tower with Radar,0,0,6,0,6,0,0,24,0,24,0,0,30,0,30,14,0,14,44
06/01/2009,MWH,WA,ANM,WE,Combined TRACON& Tower with Radar,3,6,18,6,33,0,2,33,3,38,3,8,51,9,71,82,14,96,167
06/02/2009,MWH,WA,ANM,WE,Combined TRACON& Tower with Radar,12,3,20,15,50,0,0,50,5,55,12,3,70,20,105,88,28,116,221
06/03/2009,MWH,WA,ANM,WE,Combined TRACON& Tower with Radar,4,2,40,18,64,9,4,46,19,78,13,6,86,37,142,60,84,144,286
06/04/2009,MWH,WA,ANM,WE,Combined TRACON& Tower with Radar,4,7,37,9,57,0,2,60,11,73,4,9,97,20,130,124,46,170,300
06/05/2009,MWH,WA,ANM,WE,Combined TRACON& Tower with Radar,22,6,6,4,38,0,0,11,7,18,22,6,17,11,56,6,30,36,92
06/06/2009,MWH,WA,ANM,WE,Combined TRACON& Tower with Radar,2,4,0,10,16,0,2,5,1,8,2,6,5,11,24,2,0,2,26
06/07/2009,MWH,WA,ANM,WE,Combined TRACON& Tower with Radar,0,8,7,12,27,0,0,9,0,9,0,8,16,12,36,12,14,26,62
06/08/2009,MWH,WA,ANM,WE,Combined TRACON& Tower with Radar,21,10,13,34,78,2,4,45,15,66,23,14,58,49,144,60,45,105,249
06/09/2009,MWH,WA,ANM,WE,Combined TRACON& Tower with Radar,10,8,22,9,49,6,3,73,6,88,16,11,95,15,137,92,60,152,289
06/10/2009,MWH,WA,ANM,WE,Combined TRACON& Tower with Radar,4,7,27,10,48,0,1,62,0,63,4,8,89,10,111,96,4,100,211
06/11/2009,MWH,WA,ANM,WE,Combined TRACON& Tower with Radar,16,10,11,22,59,1,2,37,0,40,17,12,48,22,99,36,68,104,203
06/12/2009,MWH,WA,ANM,WE,Combined TRACON& Tower with Radar,0,7,17,10,34,0,2,26,1,29,0,9,43,11,63,22,20,42,105
06/13/2009,MWH,WA,ANM,WE,Combined TRACON& Tower with Radar,0,5,1,12,18,0,4,10,10,24,0,9,11,22,42,0,108,108,150
06/14/2009,MWH,WA,ANM,WE,Combined TRACON& Tower with Radar,0,4,1,6,11,0,0,10,6,16,0,4,11,12,27,0,36,36,63
06/15/2009,MWH,WA,ANM,WE,Combined TRACON& Tower with Radar,15,7,75,35,132,0,1,13,27,41,15,8,88,62,173,2,136,138,311
06/16/2009,MWH,WA,ANM,WE,Combined TRACON& Tower with Radar,17,8,6,3,34,0,1,15,3,19,17,9,21,6,53,4,20,24,77
06/17/2009,MWH,WA,ANM,WE,Combined TRACON& Tower with Radar,14,5,24,23,66,0,0,18,21,39,14,5,42,44,105,4,127,131,236
06/18/2009,MWH,WA,ANM,WE,Combined TRACON& Tower with Radar,19,9,6,14,48,0,0,19,20,39,19,9,25,34,87,0,82,82,169
06/19/2009,MWH,WA,ANM,WE,Combined TRACON& Tower with Radar,4,8,9,26,47,0,1,8,23,32,4,9,17,49,79,0,88,88,167
06/20/2009,MWH,WA,ANM,WE,Combined TRACON& Tower with Radar,4,6,4,8,22,0,1,11,2,14,4,7,15,10,36,6,6,12,48
06/21/2009,MWH,WA,ANM,WE,Combined TRACON& Tower with Radar,8,4,3,0,15,2,0,8,0,10,10,4,11,0,25,0,0,0,25
06/22/2009,MWH,WA,ANM,WE,Combined TRACON& Tower with Radar,9,12,12,22,55,2,0,26,8,36,11,12,38,30,91,20,26,46,137
06/23/2009,MWH,WA,ANM,WE,Combined TRACON& Tower with Radar,15,8,23,14,60,19,1,56,8,84,34,9,79,22,144,90,22,112,256
06/24/2009,MWH,WA,ANM,WE,Combined TRACON& Tower with Radar,16,6,8,0,30,5,2,71,0,78,21,8,79,0,108,144,0,144,252
06/25/2009,MWH,WA,ANM,WE,Combined TRACON& Tower with Radar,14,7,25,6,52,0,1,54,5,60,14,8,79,11,112,134,44,178,290
06/26/2009,MWH,WA,ANM,WE,Combined TRACON& Tower with Radar,29,8,16,3,56,1,3,44,0,48,30,11,60,3,104,22,16,38,142
06/27/2009,MWH,WA,ANM,WE,Combined TRACON& Tower with Radar,16,6,0,0,22,0,2,15,0,17,16,8,15,0,39,2,0,2,41
06/28/2009,MWH,WA,ANM,WE,Combined TRACON& Tower with Radar,6,4,2,2,14,0,0,21,1,22,6,4,23,3,36,0,0,0,36
06/29/2009,MWH,WA,ANM,WE,Combined TRACON& Tower with Radar,0,5,12,18,35,0,1,54,4,59,0,6,66,22,94,132,102,234,328
06/30/2009,MWH,WA,ANM,WE,Combined TRACON& Tower with Radar,25,8,21,18,72,2,0,47,0,49,27,8,68,18,121,78,52,130,251
07/01/2009,MWH,WA,ANM,WE,Combined TRACON& Tower with Radar,4,10,16,53,83,0,0,28,4,32,4,10,44,57,115,116,52,168,283
07/02/2009,MWH,WA,ANM,WE,Combined TRACON& Tower with Radar,20,6,23,46,95,0,0,19,1,20,20,6,42,47,115,110,34,144,259
07/03/2009,MWH,WA,ANM,WE,Combined TRACON& Tower with Radar,2,7,0,0,9,0,1,19,0,20,2,8,19,0,29,24,0,24,53
07/04/2009,MWH,WA,ANM,WE,Combined TRACON& Tower with Radar,0,4,7,1,12,0,0,2,0,2,0,4,9,1,14,10,0,10,24
07/05/2009,MWH,WA,ANM,WE,Combined TRACON& Tower with Radar,0,4,8,0,12,0,0,12,0,12,0,4,20,0,24,10,0,10,34
07/06/2009,MWH,WA,ANM,WE,Combined TRACON& Tower with Radar,0,7,17,37,61,0,2,3,0,5,0,9,20,37,66,174,17,191,257
07/07/2009,MWH,WA,ANM,WE,Combined TRACON& Tower with Radar,2,8,43,19,72,0,0,18,0,18,2,8,61,19,90,81,2,83,173
07/08/2009,MWH,WA,ANM,WE,Combined TRACON& Tower with Radar,10,7,29,55,101,0,1,19,0,20,10,8,48,55,121,171,52,223,344
07/09/2009,MWH,WA,ANM,WE,Combined TRACON& Tower with Radar,6,8,22,97,133,0,0,28,0,28,6,8,50,97,161,159,92,251,412
07/10/2009,MWH,WA,ANM,WE,Combined TRACON& Tower with Radar,24,10,24,71,129,4,0,63,9,76,28,10,87,80,205,104,78,182,387
07/11/2009,MWH,WA,ANM,WE,Combined TRACON& Tower with Radar,0,18,3,5,26,0,8,7,1,16,0,26,10,6,42,0,8,8,50
07/12/2009,MWH,WA,ANM,WE,Combined TRACON& Tower with Radar,14,4,3,2,23,0,0,6,0,6,14,4,9,2,29,14,14,28,57
07/13/2009,MWH,WA,ANM,WE,Combined TRACON& Tower with Radar,8,7,40,57,112,0,2,12,5,19,8,9,52,62,131,72,110,182,313
07/14/2009,MWH,WA,ANM,WE,Combined TRACON& Tower with Radar,3,9,30,18,60,1,0,48,5,54,4,9,78,23,114,88,30,118,232
07/15/2009,MWH,WA,ANM,WE,Combined TRACON& Tower with Radar,20,13,14,23,70,0,5,48,14,67,20,18,62,37,137,160,54,214,351
07/16/2009,MWH,WA,ANM,WE,Combined TRACON& Tower with Radar,10,7,12,2,31,0,2,52,0,54,10,9,64,2,85,174,0,174,259
07/17/2009,MWH,WA,ANM,WE,Combined TRACON& Tower with Radar,22,10,6,2,40,2,1,40,0,43,24,11,46,2,83,104,26,130,213
07/18/2009,MWH,WA,ANM,WE,Combined TRACON& Tower with Radar,6,6,2,8,22,0,0,3,0,3,6,6,5,8,25,0,0,0,25
07/19/2009,MWH,WA,ANM,WE,Combined TRACON& Tower with Radar,8,4,2,4,18,0,0,9,1,10,8,4,11,5,28,4,18,22,50
07/20/2009,MWH,WA,ANM,WE,Combined TRACON& Tower with Radar,0,6,13,34,53,0,1,37,4,42,0,7,50,38,95,248,12,260,355
07/21/2009,MWH,WA,ANM,WE,Combined TRACON& Tower with Radar,9,5,20,14,48,0,3,55,5,63,9,8,75,19,111,102,40,142,253
07/22/2009,MWH,WA,ANM,WE,Combined TRACON& Tower with Radar,5,6,24,9,44,0,2,17,0,19,5,8,41,9,63,156,0,156,219
07/23/2009,MWH,WA,ANM,WE,Combined TRACON& Tower with Radar,12,11,25,34,82,0,0,19,7,26,12,11,44,41,108,126,24,150,258
07/24/2009,MWH,WA,ANM,WE,Combined TRACON& Tower with Radar,8,9,32,18,67,0,2,35,5,42,8,11,67,23,109,85,78,163,272
07/25/2009,MWH,WA,ANM,WE,Combined TRACON& Tower with Radar,3,4,8,2,17,0,2,9,0,11,3,6,17,2,28,0,0,0,28
07/26/2009,MWH,WA,ANM,WE,Combined TRACON& Tower with Radar,0,5,1,0,6,0,4,6,0,10,0,9,7,0,16,0,0,0,16
07/27/2009,MWH,WA,ANM,WE,Combined TRACON& Tower with Radar,13,7,40,44,104,0,3,46,5,54,13,10,86,49,158,134,28,162,320
07/28/2009,MWH,WA,ANM,WE,Combined TRACON& Tower with Radar,20,16,32,46,114,0,6,40,2,48,20,22,72,48,162,64,74,138,300
07/29/2009,MWH,WA,ANM,WE,Combined TRACON& Tower with Radar,9,6,52,26,93,0,2,33,7,42,9,8,85,33,135,28,5,33,168
07/30/2009,MWH,WA,ANM,WE,Combined TRACON& Tower with Radar,12,7,12,77,108,0,3,10,10,23,12,10,22,87,131,6,93,99,230
07/31/2009,MWH,WA,ANM,WE,Combined TRACON& Tower with Radar,9,8,24,45,86,0,10,31,36,77,9,18,55,81,163,2,67,69,232
08/01/2009,MWH,WA,ANM,WE,Combined TRACON& Tower with Radar,3,11,3,2,19,0,0,7,7,14,3,11,10,9,33,10,0,10,43
08/02/2009,MWH,WA,ANM,WE,Combined TRACON& Tower with Radar,0,15,3,8,26,0,2,2,1,5,0,17,5,9,31,0,26,26,57
08/03/2009,MWH,WA,ANM,WE,Combined TRACON& Tower with Radar,4,6,7,16,33,0,1,7,1,9,4,7,14,17,42,0,24,24,66
08/04/2009,MWH,WA,ANM,WE,Combined TRACON& Tower with Radar,8,7,4,23,42,0,0,17,0,17,8,7,21,23,59,0,36,36,95
08/05/2009,MWH,WA,ANM,WE,Combined TRACON& Tower with Radar,0,8,3,89,100,0,1,12,4,17,0,9,15,93,117,1,37,38,155
08/06/2009,MWH,WA,ANM,WE,Combined TRACON& Tower with Radar,12,9,4,66,91,2,0,4,5,11,14,9,8,71,102,4,87,91,193
08/07/2009,MWH,WA,ANM,WE,Combined TRACON& Tower with Radar,10,8,18,54,90,6,0,9,2,17,16,8,27,56,107,3,59,62,169
08/08/2009,MWH,WA,ANM,WE,Combined TRACON& Tower with Radar,0,6,7,0,13,0,0,5,0,5,0,6,12,0,18,10,0,10,28
08/09/2009,MWH,WA,ANM,WE,Combined TRACON& Tower with Radar,0,4,17,17,38,0,0,9,1,10,0,4,26,18,48,10,26,36,84
08/10/2009,MWH,WA,ANM,WE,Combined TRACON& Tower with Radar,39,6,1,91,137,0,2,4,9,15,39,8,5,100,152,0,110,110,262
08/11/2009,MWH,WA,ANM,WE,Combined TRACON& Tower with Radar,52,8,8,61,129,0,0,19,5,24,52,8,27,66,153,6,24,30,183
08/12/2009,MWH,WA,ANM,WE,Combined TRACON& Tower with Radar,4,7,5,68,84,0,1,16,7,24,4,8,21,75,108,14,74,88,196
08/13/2009,MWH,WA,ANM,WE,Combined TRACON& Tower with Radar,36,11,21,93,161,6,0,4,1,11,42,11,25,94,172,3,131,134,306
08/14/2009,MWH,WA,ANM,WE,Combined TRACON& Tower with Radar,8,6,10,75,99,0,1,6,3,10,8,7,16,78,109,12,36,48,157
08/15/2009,MWH,WA,ANM,WE,Combined TRACON& Tower with Radar,10,5,12,0,27,0,2,16,1,19,10,7,28,1,46,0,0,0,46
08/16/2009,MWH,WA,ANM,WE,Combined TRACON& Tower with Radar,0,4,1,0,5,0,0,7,0,7,0,4,8,0,12,10,0,10,22
08/17/2009,MWH,WA,ANM,WE,Combined TRACON& Tower with Radar,12,6,10,12,40,0,2,9,1,12,12,8,19,13,52,4,71,75,127
08/18/2009,MWH,WA,ANM,WE,Combined TRACON& Tower with Radar,22,9,6,15,52,1,1,15,8,25,23,10,21,23,77,8,22,30,107
08/19/2009,MWH,WA,ANM,WE,Combined TRACON& Tower with Radar,4,10,11,11,36,0,0,8,0,8,4,10,19,11,44,6,0,6,50
08/20/2009,MWH,WA,ANM,WE,Combined TRACON& Tower with Radar,15,9,21,4,49,0,3,1,4,8,15,12,22,8,57,0,18,18,75
08/21/2009,MWH,WA,ANM,WE,Combined TRACON& Tower with Radar,22,10,17,16,65,0,1,3,1,5,22,11,20,17,70,3,20,23,93
08/22/2009,MWH,WA,ANM,WE,Combined TRACON& Tower with Radar,8,20,7,14,49,0,0,5,12,17,8,20,12,26,66,0,0,0,66
08/23/2009,MWH,WA,ANM,WE,Combined TRACON& Tower with Radar,0,27,6,18,51,0,0,7,0,7,0,27,13,18,58,10,0,10,68
08/24/2009,MWH,WA,ANM,WE,Combined TRACON& Tower with Radar,41,11,24,23,99,2,3,7,10,22,43,14,31,33,121,2,48,50,171
08/25/2009,MWH,WA,ANM,WE,Combined TRACON& Tower with Radar,26,9,5,21,61,3,0,6,1,10,29,9,11,22,71,0,20,20,91
08/26/2009,MWH,WA,ANM,WE,Combined TRACON& Tower with Radar,30,8,4,23,65,5,0,16,5,26,35,8,20,28,91,16,24,40,131
08/27/2009,MWH,WA,ANM,WE,Combined TRACON& Tower with Radar,12,7,15,7,41,1,2,25,5,33,13,9,40,12,74,6,39,45,119
08/28/2009,MWH,WA,ANM,WE,Combined TRACON& Tower with Radar,13,8,0,3,24,0,0,10,3,13,13,8,10,6,37,12,0,12,49
08/29/2009,MWH,WA,ANM,WE,Combined TRACON& Tower with Radar,10,6,1,0,17,1,0,6,0,7,11,6,7,0,24,0,0,0,24
08/30/2009,MWH,WA,ANM,WE,Combined TRACON& Tower with Radar,0,4,0,4,8,0,0,4,0,4,0,4,4,4,12,0,0,0,12
08/31/2009,MWH,WA,ANM,WE,Combined TRACON& Tower with Radar,19,8,3,2,32,1,0,4,0,5,20,8,7,2,37,0,2,2,39
09/01/2009,MWH,WA,ANM,WE,Combined TRACON& Tower with Radar,25,8,9,9,51,1,1,7,1,10,26,9,16,10,61,0,26,26,87
09/02/2009,MWH,WA,ANM,WE,Combined TRACON& Tower with Radar,24,13,7,21,65,2,0,10,9,21,26,13,17,30,86,0,40,40,126
09/03/2009,MWH,WA,ANM,WE,Combined TRACON& Tower with Radar,14,9,7,22,52,0,1,8,2,11,14,10,15,24,63,3,10,13,76
09/04/2009,MWH,WA,ANM,WE,Combined TRACON& Tower with Radar,18,10,3,3,34,2,0,17,1,20,20,10,20,4,54,0,0,0,54
09/05/2009,MWH,WA,ANM,WE,Combined TRACON& Tower with Radar,8,7,5,0,20,0,1,0,1,2,8,8,5,1,22,0,0,0,22
09/06/2009,MWH,WA,ANM,WE,Combined TRACON& Tower with Radar,0,4,2,0,6,0,0,1,0,1,0,4,3,0,7,0,0,0,7
09/07/2009,MWH,WA,ANM,WE,Combined TRACON& Tower with Radar,0,9,3,0,12,0,1,6,0,7,0,10,9,0,19,8,0,8,27
09/08/2009,MWH,WA,ANM,WE,Combined TRACON& Tower with Radar,33,9,0,19,61,0,0,10,1,11,33,9,10,20,72,12,6,18,90
09/09/2009,MWH,WA,ANM,WE,Combined TRACON& Tower with Radar,11,8,24,9,52,1,1,2,5,9,12,9,26,14,61,0,40,40,101
09/10/2009,MWH,WA,ANM,WE,Combined TRACON& Tower with Radar,6,9,5,29,49,0,0,12,2,14,6,9,17,31,63,2,48,50,113
09/11/2009,MWH,WA,ANM,WE,Combined TRACON& Tower with Radar,4,8,9,30,51,0,0,9,1,10,4,8,18,31,61,1,42,43,104
09/12/2009,MWH,WA,ANM,WE,Combined TRACON& Tower with Radar,3,6,10,0,19,0,0,6,0,6,3,6,16,0,25,0,0,0,25
09/13/2009,MWH,WA,ANM,WE,Combined TRACON& Tower with Radar,18,4,0,6,28,3,0,5,0,8,21,4,5,6,36,32,8,40,76
09/14/2009,MWH,WA,ANM,WE,Combined TRACON& Tower with Radar,22,7,28,4,61,0,2,20,0,22,22,9,48,4,83,32,11,43,126
09/15/2009,MWH,WA,ANM,WE,Combined TRACON& Tower with Radar,55,15,23,16,109,0,1,19,0,20,55,16,42,16,129,30,0,30,159
09/16/2009,MWH,WA,ANM,WE,Combined TRACON& Tower with Radar,33,6,3,8,50,0,0,15,1,16,33,6,18,9,66,28,0,28,94
09/17/2009,MWH,WA,ANM,WE,Combined TRACON& Tower with Radar,34,8,10,5,57,0,0,38,1,39,34,8,48,6,96,68,20,88,184
09/18/2009,MWH,WA,ANM,WE,Combined TRACON& Tower with Radar,42,7,13,3,65,3,0,13,4,20,45,7,26,7,85,0,10,10,95
09/19/2009,MWH,WA,ANM,WE,Combined TRACON& Tower with Radar,8,6,0,0,14,0,0,9,0,9,8,6,9,0,23,0,0,0,23
09/20/2009,MWH,WA,ANM,WE,Combined TRACON& Tower with Radar,0,3,2,0,5,0,0,4,0,4,0,3,6,0,9,0,0,0,9
09/21/2009,MWH,WA,ANM,WE,Combined TRACON& Tower with Radar,21,4,7,67,99,6,2,35,7,50,27,6,42,74,149,146,29,175,324
09/22/2009,MWH,WA,ANM,WE,Combined TRACON& Tower with Radar,22,7,41,23,93,0,0,26,1,27,22,7,67,24,120,58,2,60,180
09/23/2009,MWH,WA,ANM,WE,Combined TRACON& Tower with Radar,19,6,36,45,106,0,0,65,2,67,19,6,101,47,173,146,48,194,367
09/24/2009,MWH,WA,ANM,WE,Combined TRACON& Tower with Radar,20,23,30,27,100,1,1,79,2,83,21,24,109,29,183,187,24,211,394
09/25/2009,MWH,WA,ANM,WE,Combined TRACON& Tower with Radar,19,8,15,43,85,0,0,5,3,8,19,8,20,46,93,2,20,22,115
09/26/2009,MWH,WA,ANM,WE,Combined TRACON& Tower with Radar,5,6,1,2,14,0,0,10,0,10,5,6,11,2,24,4,52,56,80
09/27/2009,MWH,WA,ANM,WE,Combined TRACON& Tower with Radar,4,4,5,6,19,0,0,19,1,20,4,4,24,7,39,2,44,46,85
09/28/2009,MWH,WA,ANM,WE,Combined TRACON& Tower with Radar,19,5,16,77,117,0,2,65,5,72,19,7,81,82,189,178,28,206,395
09/29/2009,MWH,WA,ANM,WE,Combined TRACON& Tower with Radar,16,8,16,66,106,2,0,66,2,70,18,8,82,68,176,190,26,216,392
09/30/2009,MWH,WA,ANM,WE,Combined TRACON& Tower with Radar,12,7,20,118,157,0,2,59,3,64,12,9,79,121,221,107,80,187,408
10/01/2009,MWH,WA,ANM,WE,Combined TRACON& Tower with Radar,8,6,5,18,37,0,1,50,0,51,8,7,55,18,88,221,26,247,335
10/02/2009,MWH,WA,ANM,WE,Combined TRACON& Tower with Radar,4,9,3,23,39,0,0,7,0,7,4,9,10,23,46,0,0,0,46
10/03/2009,MWH,WA,ANM,WE,Combined TRACON& Tower with Radar,0,4,5,3,12,0,0,7,0,7,0,4,12,3,19,56,18,74,93
10/04/2009,MWH,WA,ANM,WE,Combined TRACON& Tower with Radar,0,5,7,4,16,0,1,2,0,3,0,6,9,4,19,0,0,0,19
10/05/2009,MWH,WA,ANM,WE,Combined TRACON& Tower with Radar,4,6,13,39,62,0,3,58,3,64,4,9,71,42,126,187,27,214,340
10/06/2009,MWH,WA,ANM,WE,Combined TRACON& Tower with Radar,16,7,25,80,128,2,0,49,0,51,18,7,74,80,179,91,34,125,304
10/07/2009,MWH,WA,ANM,WE,Combined TRACON& Tower with Radar,4,10,14,32,60,0,2,79,2,83,4,12,93,34,143,157,40,197,340
10/08/2009,MWH,WA,ANM,WE,Combined TRACON& Tower with Radar,18,7,18,38,81,0,0,95,2,97,18,7,113,40,178,235,54,289,467
10/09/2009,MWH,WA,ANM,WE,Combined TRACON& Tower with Radar,4,7,15,80,106,0,2,9,2,13,4,9,24,82,119,32,58,90,209
10/10/2009,MWH,WA,ANM,WE,Combined TRACON& Tower with Radar,0,6,0,0,6,0,0,5,0,5,0,6,5,0,11,0,0,0,11
10/11/2009,MWH,WA,ANM,WE,Combined TRACON& Tower with Radar,0,7,3,0,10,0,0,1,0,1,0,7,4,0,11,0,0,0,11
10/12/2009,MWH,WA,ANM,WE,Combined TRACON& Tower with Radar,22,5,16,0,43,0,4,56,0,60,22,9,72,0,103,100,0,100,203
10/13/2009,MWH,WA,ANM,WE,Combined TRACON& Tower with Radar,26,6,16,39,87,0,1,37,2,40,26,7,53,41,127,108,28,136,263
10/14/2009,MWH,WA,ANM,WE,Combined TRACON& Tower with Radar,14,6,52,15,87,0,0,3,0,3,14,6,55,15,90,50,12,62,152
10/15/2009,MWH,WA,ANM,WE,Combined TRACON& Tower with Radar,24,6,21,33,84,2,0,12,5,19,26,6,33,38,103,35,30,65,168
10/16/2009,MWH,WA,ANM,WE,Combined TRACON& Tower with Radar,24,6,5,43,78,0,0,7,3,10,24,6,12,46,88,36,45,81,169
10/17/2009,MWH,WA,ANM,WE,Combined TRACON& Tower with Radar,5,6,6,2,19,0,0,2,0,2,5,6,8,2,21,0,0,0,21
10/18/2009,MWH,WA,ANM,WE,Combined TRACON& Tower with Radar,4,3,6,0,13,0,0,4,0,4,4,3,10,0,17,12,0,12,29
10/19/2009,MWH,WA,ANM,WE,Combined TRACON& Tower with Radar,15,6,26,5,52,0,2,38,0,40,15,8,64,5,92,252,0,252,344
10/20/2009,MWH,WA,ANM,WE,Combined TRACON& Tower with Radar,12,7,15,8,42,0,0,7,1,8,12,7,22,9,50,3,9,12,62
10/21/2009,MWH,WA,ANM,WE,Combined TRACON& Tower with Radar,8,7,43,51,109,0,0,42,1,43,8,7,85,52,152,229,49,278,430
10/22/2009,MWH,WA,ANM,WE,Combined TRACON& Tower with Radar,13,8,40,27,88,0,0,70,1,71,13,8,110,28,159,198,84,282,441
10/23/2009,MWH,WA,ANM,WE,Combined TRACON& Tower with Radar,8,14,5,17,44,0,0,4,4,8,8,14,9,21,52,0,70,70,122
10/24/2009,MWH,WA,ANM,WE,Combined TRACON& Tower with Radar,0,6,4,0,10,0,0,9,0,9,0,6,13,0,19,0,0,0,19
10/25/2009,MWH,WA,ANM,WE,Combined TRACON& Tower with Radar,0,4,7,0,11,0,0,9,0,9,0,4,16,0,20,12,0,12,32
10/26/2009,MWH,WA,ANM,WE,Combined TRACON& Tower with Radar,16,8,8,11,43,0,2,45,0,47,16,10,53,11,90,152,40,192,282
10/27/2009,MWH,WA,ANM,WE,Combined TRACON& Tower with Radar,10,8,21,5,44,0,0,65,0,65,10,8,86,5,109,256,10,266,375
10/28/2009,MWH,WA,ANM,WE,Combined TRACON& Tower with Radar,1,12,15,36,64,1,2,93,0,96,2,14,108,36,160,191,94,285,445
10/29/2009,MWH,WA,ANM,WE,Combined TRACON& Tower with Radar,0,10,41,23,74,0,0,2,0,2,0,10,43,23,76,0,0,0,76
10/30/2009,MWH,WA,ANM,WE,Combined TRACON& Tower with Radar,0,8,7,1,16,0,0,1,0,1,0,8,8,1,17,0,0,0,17
10/31/2009,MWH,WA,ANM,WE,Combined TRACON& Tower with Radar,0,3,2,0,5,0,0,1,0,1,0,3,3,0,6,0,0,0,6
11/01/2009,MWH,WA,ANM,WE,Combined TRACON& Tower with Radar,0,3,0,1,4,0,0,5,0,5,0,3,5,1,9,0,0,0,9
11/02/2009,MWH,WA,ANM,WE,Combined TRACON& Tower with Radar,19,23,9,56,107,0,1,80,3,84,19,24,89,59,191,262,116,378,569
11/03/2009,MWH,WA,ANM,WE,Combined TRACON& Tower with Radar,2,7,6,52,67,0,1,75,13,89,2,8,81,65,156,218,91,309,465
11/04/2009,MWH,WA,ANM,WE,Combined TRACON& Tower with Radar,16,8,23,63,110,0,0,67,5,72,16,8,90,68,182,278,80,358,540
11/05/2009,MWH,WA,ANM,WE,Combined TRACON& Tower with Radar,14,8,33,42,97,0,0,90,9,99,14,8,123,51,196,196,54,250,446
11/06/2009,MWH,WA,ANM,WE,Combined TRACON& Tower with Radar,14,8,2,45,69,0,2,4,5,11,14,10,6,50,80,0,72,72,152
11/07/2009,MWH,WA,ANM,WE,Combined TRACON& Tower with Radar,0,4,2,1,7,0,0,2,0,2,0,4,4,1,9,0,0,0,9
11/08/2009,MWH,WA,ANM,WE,Combined TRACON& Tower with Radar,12,3,10,1,26,0,0,1,0,1,12,3,11,1,27,38,2,40,67
11/09/2009,MWH,WA,ANM,WE,Combined TRACON& Tower with Radar,20,7,32,36,95,0,1,46,11,58,20,8,78,47,153,192,30,222,375
11/10/2009,MWH,WA,ANM,WE,Combined TRACON& Tower with Radar,10,9,39,41,99,0,1,57,17,75,10,10,96,58,174,175,53,228,402
11/11/2009,MWH,WA,ANM,WE,Combined TRACON& Tower with Radar,4,7,1,18,30,0,1,6,0,7,4,8,7,18,37,6,0,6,43
11/12/2009,MWH,WA,ANM,WE,Combined TRACON& Tower with Radar,0,7,12,4,23,0,0,1,0,1,0,7,13,4,24,0,0,0,24
11/13/2009,MWH,WA,ANM,WE,Combined TRACON& Tower with Radar,0,8,0,11,19,0,1,0,0,1,0,9,0,11,20,0,0,0,20
11/14/2009,MWH,WA,ANM,WE,Combined TRACON& Tower with Radar,0,2,4,0,6,0,1,0,0,1,0,3,4,0,7,0,0,0,7
11/15/2009,MWH,WA,ANM,WE,Combined TRACON& Tower with Radar,0,5,0,0,5,0,0,2,0,2,0,5,2,0,7,0,0,0,7
11/16/2009,MWH,WA,ANM,WE,Combined TRACON& Tower with Radar,12,7,24,117,160,0,1,55,20,76,12,8,79,137,236,241,112,353,589
11/17/2009,MWH,WA,ANM,WE,Combined TRACON& Tower with Radar,26,8,24,29,87,3,2,53,8,66,29,10,77,37,153,246,85,331,484
11/18/2009,MWH,WA,ANM,WE,Combined TRACON& Tower with Radar,0,9,16,26,51,0,0,78,4,82,0,9,94,30,133,221,49,270,403
11/19/2009,MWH,WA,ANM,WE,Combined TRACON& Tower with Radar,24,7,32,28,91,0,1,37,2,40,24,8,69,30,131,154,20,174,305
11/20/2009,MWH,WA,ANM,WE,Combined TRACON& Tower with Radar,14,8,8,32,62,0,0,0,1,1,14,8,8,33,63,0,17,17,80
11/21/2009,MWH,WA,ANM,WE,Combined TRACON& Tower with Radar,6,3,0,22,31,0,0,0,0,0,6,3,0,22,31,0,0,0,31
11/22/2009,MWH,WA,ANM,WE,Combined TRACON& Tower with Radar,0,4,1,8,13,0,1,1,0,2,0,5,2,8,15,0,12,12,27
11/23/2009,MWH,WA,ANM,WE,Combined TRACON& Tower with Radar,6,6,14,20,46,2,0,49,4,55,8,6,63,24,101,359,30,389,490
11/24/2009,MWH,WA,ANM,WE,Combined TRACON& Tower with Radar,15,5,22,24,66,0,0,79,5,84,15,5,101,29,150,274,41,315,465
11/25/2009,MWH,WA,ANM,WE,Combined TRACON& Tower with Radar,12,5,1,27,45,2,1,4,2,9,14,6,5,29,54,0,26,26,80
11/26/2009,MWH,WA,ANM,WE,Combined TRACON& Tower with Radar,0,6,0,0,6,0,0,0,0,0,0,6,0,0,6,0,0,0,6
11/27/2009,MWH,WA,ANM,WE,Combined TRACON& Tower with Radar,0,5,0,18,23,0,0,1,0,1,0,5,1,18,24,2,0,2,26
11/28/2009,MWH,WA,ANM,WE,Combined TRACON& Tower with Radar,2,3,1,0,6,0,0,1,0,1,2,3,2,0,7,0,0,0,7
11/29/2009,MWH,WA,ANM,WE,Combined TRACON& Tower with Radar,0,3,4,0,7,0,1,1,0,2,0,4,5,0,9,8,0,8,17
11/30/2009,MWH,WA,ANM,WE,Combined TRACON& Tower with Radar,0,6,3,19,28,0,0,1,0,1,0,6,4,19,29,0,0,0,29
12/01/2009,MWH,WA,ANM,WE,Combined TRACON& Tower with Radar,4,5,15,35,59,0,0,62,1,63,4,5,77,36,122,146,24,170,292
12/02/2009,MWH,WA,ANM,WE,Combined TRACON& Tower with Radar,5,6,17,41,69,0,0,74,4,78,5,6,91,45,147,230,82,312,459
12/03/2009,MWH,WA,ANM,WE,Combined TRACON& Tower with Radar,2,5,13,26,46,0,1,68,2,71,2,6,81,28,117,345,36,381,498
12/04/2009,MWH,WA,ANM,WE,Combined TRACON& Tower with Radar,8,7,8,32,55,0,0,0,3,3,8,7,8,35,58,0,30,30,88
12/05/2009,MWH,WA,ANM,WE,Combined TRACON& Tower with Radar,0,4,11,0,15,0,0,7,0,7,0,4,18,0,22,0,0,0,22
12/06/2009,MWH,WA,ANM,WE,Combined TRACON& Tower with Radar,0,3,0,0,3,0,0,0,0,0,0,3,0,0,3,0,0,0,3
12/07/2009,MWH,WA,ANM,WE,Combined TRACON& Tower with Radar,15,6,16,22,59,0,0,25,0,25,15,6,41,22,84,34,12,46,130
12/08/2009,MWH,WA,ANM,WE,Combined TRACON& Tower with Radar,14,5,29,28,76,0,1,32,2,35,14,6,61,30,111,71,23,94,205
12/09/2009,MWH,WA,ANM,WE,Combined TRACON& Tower with Radar,11,4,24,16,55,0,0,18,4,22,11,4,42,20,77,40,12,52,129
12/10/2009,MWH,WA,ANM,WE,Combined TRACON& Tower with Radar,22,7,9,33,71,0,1,7,0,8,22,8,16,33,79,12,0,12,91
12/11/2009,MWH,WA,ANM,WE,Combined TRACON& Tower with Radar,26,5,14,59,104,0,2,6,0,8,26,7,20,59,112,2,0,2,114
12/12/2009,MWH,WA,ANM,WE,Combined TRACON& Tower with Radar,0,7,1,4,12,0,0,0,0,0,0,7,1,4,12,0,0,0,12
12/13/2009,MWH,WA,ANM,WE,Combined TRACON& Tower with Radar,0,3,0,0,3,0,0,2,0,2,0,3,2,0,5,0,0,0,5
12/14/2009,MWH,WA,ANM,WE,Combined TRACON& Tower with Radar,18,6,15,34,73,0,0,3,2,5,18,6,18,36,78,0,38,38,116
12/15/2009,MWH,WA,ANM,WE,Combined TRACON& Tower with Radar,0,5,6,1,12,0,0,0,0,0,0,5,6,1,12,0,0,0,12
12/16/2009,MWH,WA,ANM,WE,Combined TRACON& Tower with Radar,0,9,3,0,12,0,0,0,0,0,0,9,3,0,12,0,0,0,12
12/17/2009,MWH,WA,ANM,WE,Combined TRACON& Tower with Radar,0,9,6,1,16,0,0,0,0,0,0,9,6,1,16,0,0,0,16
12/18/2009,MWH,WA,ANM,WE,Combined TRACON& Tower with Radar,0,4,5,0,9,0,0,0,0,0,0,4,5,0,9,0,0,0,9
12/19/2009,MWH,WA,ANM,WE,Combined TRACON& Tower with Radar,0,0,1,0,1,0,0,0,0,0,0,0,1,0,1,0,0,0,1
12/20/2009,MWH,WA,ANM,WE,Combined TRACON& Tower with Radar,0,1,0,0,1,0,0,0,0,0,0,1,0,0,1,0,0,0,1
12/21/2009,MWH,WA,ANM,WE,Combined TRACON& Tower with Radar,0,6,2,2,10,0,0,0,0,0,0,6,2,2,10,0,0,0,10
12/22/2009,MWH,WA,ANM,WE,Combined TRACON& Tower with Radar,5,7,0,40,52,5,0,2,11,18,10,7,2,51,70,10,16,26,96
12/23/2009,MWH,WA,ANM,WE,Combined TRACON& Tower with Radar,11,6,9,52,78,0,0,0,14,14,11,6,9,66,92,0,56,56,148
12/24/2009,MWH,WA,ANM,WE,Combined TRACON& Tower with Radar,0,7,6,0,13,0,2,0,0,2,0,9,6,0,15,0,0,0,15
12/25/2009,MWH,WA,ANM,WE,Combined TRACON& Tower with Radar,0,3,0,0,3,0,0,0,0,0,0,3,0,0,3,0,0,0,3
12/26/2009,MWH,WA,ANM,WE,Combined TRACON& Tower with Radar,4,2,2,0,8,0,0,2,0,2,4,2,4,0,10,0,0,0,10
12/27/2009,MWH,WA,ANM,WE,Combined TRACON& Tower with Radar,0,3,3,1,7,0,0,6,0,6,0,3,9,1,13,6,0,6,19
12/28/2009,MWH,WA,ANM,WE,Combined TRACON& Tower with Radar,5,8,13,16,42,0,0,0,0,0,5,8,13,16,42,0,0,0,42
12/29/2009,MWH,WA,ANM,WE,Combined TRACON& Tower with Radar,0,7,11,19,37,0,0,0,0,0,0,7,11,19,37,0,0,0,37
12/30/2009,MWH,WA,ANM,WE,Combined TRACON& Tower with Radar,1,7,8,34,50,0,0,0,0,0,1,7,8,34,50,0,0,0,50
12/31/2009,MWH,WA,ANM,WE,Combined TRACON& Tower with Radar,0,9,2,0,11,0,0,0,0,0,0,9,2,0,11,0,0,0,11
01/01/2010,MWH,WA,ANM,WE,Combined TRACON& Tower with Radar,0,3,0,0,3,0,0,0,0,0,0,3,0,0,3,0,0,0,3
01/02/2010,MWH,WA,ANM,WE,Combined TRACON& Tower with Radar,0,5,0,0,5,0,0,0,0,0,0,5,0,0,5,0,0,0,5
01/03/2010,MWH,WA,ANM,WE,Combined TRACON& Tower with Radar,0,3,0,0,3,0,0,0,0,0,0,3,0,0,3,0,0,0,3
01/04/2010,MWH,WA,ANM,WE,Combined TRACON& Tower with Radar,0,9,3,0,12,0,0,0,0,0,0,9,3,0,12,0,0,0,12
01/05/2010,MWH,WA,ANM,WE,Combined TRACON& Tower with Radar,7,7,4,36,54,0,0,42,2,44,7,7,46,38,98,156,4,160,258
01/06/2010,MWH,WA,ANM,WE,Combined TRACON& Tower with Radar,17,7,4,140,168,3,0,48,3,54,20,7,52,143,222,100,92,192,414
01/07/2010,MWH,WA,ANM,WE,Combined TRACON& Tower with Radar,17,6,27,28,78,1,0,54,3,58,18,6,81,31,136,90,32,122,258
01/08/2010,MWH,WA,ANM,WE,Combined TRACON& Tower with Radar,15,6,15,42,78,2,1,0,0,3,17,7,15,42,81,0,38,38,119
01/09/2010,MWH,WA,ANM,WE,Combined TRACON& Tower with Radar,0,1,1,4,6,0,0,0,0,0,0,1,1,4,6,0,0,0,6
01/10/2010,MWH,WA,ANM,WE,Combined TRACON& Tower with Radar,0,2,3,0,5,0,0,0,0,0,0,2,3,0,5,0,0,0,5
01/11/2010,MWH,WA,ANM,WE,Combined TRACON& Tower with Radar,0,13,8,17,38,0,0,21,1,22,0,13,29,18,60,100,22,122,182
01/12/2010,MWH,WA,ANM,WE,Combined TRACON& Tower with Radar,6,7,34,18,65,0,0,37,0,37,6,7,71,18,102,108,11,119,221
01/13/2010,MWH,WA,ANM,WE,Combined TRACON& Tower with Radar,6,6,15,39,66,0,0,7,1,8,6,6,22,40,74,20,14,34,108
01/14/2010,MWH,WA,ANM,WE,Combined TRACON& Tower with Radar,27,6,22,57,112,3,1,61,7,72,30,7,83,64,184,90,52,142,326
01/15/2010,MWH,WA,ANM,WE,Combined TRACON& Tower with Radar,17,9,8,106,140,0,0,6,3,9,17,9,14,109,149,0,62,62,211
01/16/2010,MWH,WA,ANM,WE,Combined TRACON& Tower with Radar,0,5,1,4,10,0,0,0,0,0,0,5,1,4,10,0,8,8,18
01/17/2010,MWH,WA,ANM,WE,Combined TRACON& Tower with Radar,0,5,0,0,5,0,0,0,0,0,0,5,0,0,5,0,0,0,5
01/18/2010,MWH,WA,ANM,WE,Combined TRACON& Tower with Radar,11,6,2,10,29,9,1,3,0,13,20,7,5,10,42,0,0,0,42
01/19/2010,MWH,WA,ANM,WE,Combined TRACON& Tower with Radar,9,7,25,15,56,8,0,79,2,89,17,7,104,17,145,196,24,220,365
01/20/2010,MWH,WA,ANM,WE,Combined TRACON& Tower with Radar,12,5,18,43,78,0,2,79,3,84,12,7,97,46,162,148,24,172,334
01/21/2010,MWH,WA,ANM,WE,Combined TRACON& Tower with Radar,16,7,24,42,89,2,0,90,7,99,18,7,114,49,188,151,30,181,369
01/22/2010,MWH,WA,ANM,WE,Combined TRACON& Tower with Radar,3,6,13,21,43,0,0,8,0,8,3,6,21,21,51,7,0,7,58
01/23/2010,MWH,WA,ANM,WE,Combined TRACON& Tower with Radar,3,2,21,6,32,0,0,4,0,4,3,2,25,6,36,10,0,10,46
01/24/2010,MWH,WA,ANM,WE,Combined TRACON& Tower with Radar,0,3,0,6,9,0,0,3,0,3,0,3,3,6,12,4,0,4,16
01/25/2010,MWH,WA,ANM,WE,Combined TRACON& Tower with Radar,12,8,3,4,27,0,0,0,0,0,12,8,3,4,27,0,0,0,27
01/26/2010,MWH,WA,ANM,WE,Combined TRACON& Tower with Radar,10,6,18,12,46,2,0,44,0,46,12,6,62,12,92,148,0,148,240
01/27/2010,MWH,WA,ANM,WE,Combined TRACON& Tower with Radar,17,7,32,29,85,0,0,61,2,63,17,7,93,31,148,142,8,150,298
01/28/2010,MWH,WA,ANM,WE,Combined TRACON& Tower with Radar,4,13,21,21,59,0,0,75,6,81,4,13,96,27,140,370,25,395,535
01/29/2010,MWH,WA,ANM,WE,Combined TRACON& Tower with Radar,7,12,15,21,55,0,0,5,2,7,7,12,20,23,62,0,0,0,62
01/30/2010,MWH,WA,ANM,WE,Combined TRACON& Tower with Radar,0,9,1,8,18,0,0,12,0,12,0,9,13,8,30,0,0,0,30
01/31/2010,MWH,WA,ANM,WE,Combined TRACON& Tower with Radar,0,3,1,3,7,0,0,2,0,2,0,3,3,3,9,16,0,16,25
02/01/2010,MWH,WA,ANM,WE,Combined TRACON& Tower with Radar,14,7,14,42,77,0,0,0,0,0,14,7,14,42,77,0,0,0,77
02/02/2010,MWH,WA,ANM,WE,Combined TRACON& Tower with Radar,0,6,16,24,46,0,0,0,1,1,0,6,16,25,47,0,8,8,55
02/03/2010,MWH,WA,ANM,WE,Combined TRACON& Tower with Radar,2,8,19,56,85,0,0,39,2,41,2,8,58,58,126,162,54,216,342
02/04/2010,MWH,WA,ANM,WE,Combined TRACON& Tower with Radar,5,6,12,42,65,0,0,49,2,51,5,6,61,44,116,247,44,291,407
02/05/2010,MWH,WA,ANM,WE,Combined TRACON& Tower with Radar,14,9,7,2,32,0,0,0,0,0,14,9,7,2,32,0,0,0,32
02/06/2010,MWH,WA,ANM,WE,Combined TRACON& Tower with Radar,8,3,11,11,33,0,0,2,0,2,8,3,13,11,35,0,0,0,35
02/07/2010,MWH,WA,ANM,WE,Combined TRACON& Tower with Radar,34,2,15,14,65,16,0,2,1,19,50,2,17,15,84,20,16,36,120
02/08/2010,MWH,WA,ANM,WE,Combined TRACON& Tower with Radar,37,10,8,18,73,0,0,11,0,11,37,10,19,18,84,102,16,118,202
02/09/2010,MWH,WA,ANM,WE,Combined TRACON& Tower with Radar,15,7,16,69,107,0,0,70,0,70,15,7,86,69,177,134,56,190,367
02/10/2010,MWH,WA,ANM,WE,Combined TRACON& Tower with Radar,26,7,16,113,162,1,2,67,48,118,27,9,83,161,280,119,154,273,553
02/11/2010,MWH,WA,ANM,WE,Combined TRACON& Tower with Radar,21,11,4,30,66,0,0,0,0,0,21,11,4,30,66,0,0,0,66
02/12/2010,MWH,WA,ANM,WE,Combined TRACON& Tower with Radar,5,7,6,28,46,0,0,0,0,0,5,7,6,28,46,0,0,0,46
02/13/2010,MWH,WA,ANM,WE,Combined TRACON& Tower with Radar,0,2,0,0,2,0,0,0,0,0,0,2,0,0,2,0,0,0,2
02/14/2010,MWH,WA,ANM,WE,Combined TRACON& Tower with Radar,0,3,6,2,11,0,0,0,0,0,0,3,6,2,11,0,0,0,11
02/15/2010,MWH,WA,ANM,WE,Combined TRACON& Tower with Radar,8,6,11,1,26,0,0,2,1,3,8,6,13,2,29,0,0,0,29
02/16/2010,MWH,WA,ANM,WE,Combined TRACON& Tower with Radar,0,14,8,27,49,0,3,10,3,16,0,17,18,30,65,35,2,37,102
02/17/2010,MWH,WA,ANM,WE,Combined TRACON& Tower with Radar,38,6,26,34,104,0,1,41,9,51,38,7,67,43,155,145,25,170,325
02/18/2010,MWH,WA,ANM,WE,Combined TRACON& Tower with Radar,10,6,10,36,62,0,8,75,5,88,10,14,85,41,150,108,80,188,338
02/19/2010,MWH,WA,ANM,WE,Combined TRACON& Tower with Radar,7,5,16,24,52,0,4,29,2,35,7,9,45,26,87,4,60,64,151
02/20/2010,MWH,WA,ANM,WE,Combined TRACON& Tower with Radar,16,1,17,1,35,0,1,10,0,11,16,2,27,1,46,0,0,0,46
02/21/2010,MWH,WA,ANM,WE,Combined TRACON& Tower with Radar,1,3,3,0,7,0,0,14,0,14,1,3,17,0,21,0,0,0,21
02/22/2010,MWH,WA,ANM,WE,Combined TRACON& Tower with Radar,17,13,23,47,100,1,4,102,0,107,18,17,125,47,207,118,28,146,353
02/23/2010,MWH,WA,ANM,WE,Combined TRACON& Tower with Radar,4,7,27,7,45,0,1,67,2,70,4,8,94,9,115,113,12,125,240
02/24/2010,MWH,WA,ANM,WE,Combined TRACON& Tower with Radar,33,8,17,66,124,13,0,39,9,61,46,8,56,75,185,215,42,257,442
02/25/2010,MWH,WA,ANM,WE,Combined TRACON& Tower with Radar,23,12,8,36,79,5,0,57,4,66,28,12,65,40,145,97,69,166,311
02/26/2010,MWH,WA,ANM,WE,Combined TRACON& Tower with Radar,15,10,15,31,71,0,0,1,0,1,15,10,16,31,72,0,0,0,72
02/27/2010,MWH,WA,ANM,WE,Combined TRACON& Tower with Radar,5,10,6,6,27,0,2,5,0,7,5,12,11,6,34,0,0,0,34
02/28/2010,MWH,WA,ANM,WE,Combined TRACON& Tower with Radar,6,3,6,3,18,3,0,9,0,12,9,3,15,3,30,0,0,0,30
03/01/2010,MWH,WA,ANM,WE,Combined TRACON& Tower with Radar,13,5,20,81,119,5,2,72,16,95,18,7,92,97,214,76,62,138,352
03/02/2010,MWH,WA,ANM,WE,Combined TRACON& Tower with Radar,15,9,16,40,80,4,1,76,2,83,19,10,92,42,163,242,26,268,431
03/03/2010,MWH,WA,ANM,WE,Combined TRACON& Tower with Radar,10,6,18,21,55,2,0,12,1,15,12,6,30,22,70,24,0,24,94
03/04/2010,MWH,WA,ANM,WE,Combined TRACON& Tower with Radar,5,7,20,61,93,3,0,55,13,71,8,7,75,74,164,168,52,220,384
03/05/2010,MWH,WA,ANM,WE,Combined TRACON& Tower with Radar,25,7,16,35,83,0,0,19,2,21,25,7,35,37,104,64,56,120,224
03/06/2010,MWH,WA,ANM,WE,Combined TRACON& Tower with Radar,1,1,17,0,19,10,1,14,0,25,11,2,31,0,44,0,0,0,44
03/07/2010,MWH,WA,ANM,WE,Combined TRACON& Tower with Radar,0,3,4,16,23,2,0,22,3,27,2,3,26,19,50,20,4,24,74
03/08/2010,MWH,WA,ANM,WE,Combined TRACON& Tower with Radar,26,5,18,57,106,0,2,16,2,20,26,7,34,59,126,62,26,88,214
03/09/2010,MWH,WA,ANM,WE,Combined TRACON& Tower with Radar,18,7,27,21,73,0,0,77,0,77,18,7,104,21,150,179,14,193,343
03/10/2010,MWH,WA,ANM,WE,Combined TRACON& Tower with Radar,21,7,27,23,78,3,2,58,1,64,24,9,85,24,142,138,8,146,288
03/11/2010,MWH,WA,ANM,WE,Combined TRACON& Tower with Radar,4,14,21,63,102,0,0,16,8,24,4,14,37,71,126,122,38,160,286
03/12/2010,MWH,WA,ANM,WE,Combined TRACON& Tower with Radar,19,10,14,22,65,0,1,0,1,2,19,11,14,23,67,0,4,4,71
03/13/2010,MWH,WA,ANM,WE,Combined TRACON& Tower with Radar,6,2,22,3,33,0,0,16,0,16,6,2,38,3,49,0,0,0,49
03/14/2010,MWH,WA,ANM,WE,Combined TRACON& Tower with Radar,23,4,6,4,37,6,0,6,7,19,29,4,12,11,56,0,12,12,68
03/15/2010,MWH,WA,ANM,WE,Combined TRACON& Tower with Radar,30,5,24,12,71,2,5,34,0,41,32,10,58,12,112,66,0,66,178
03/16/2010,MWH,WA,ANM,WE,Combined TRACON& Tower with Radar,22,5,18,9,54,5,1,51,3,60,27,6,69,12,114,78,24,102,216
03/17/2010,MWH,WA,ANM,WE,Combined TRACON& Tower with Radar,15,6,8,36,65,5,2,38,2,47,20,8,46,38,112,58,2,60,172
03/18/2010,MWH,WA,ANM,WE,Combined TRACON& Tower with Radar,10,6,19,6,41,2,4,24,3,33,12,10,43,9,74,82,40,122,196
03/19/2010,MWH,WA,ANM,WE,Combined TRACON& Tower with Radar,20,7,6,14,47,2,0,14,0,16,22,7,20,14,63,0,0,0,63
03/20/2010,MWH,WA,ANM,WE,Combined TRACON& Tower with Radar,32,7,6,23,68,3,0,6,0,9,35,7,12,23,77,0,0,0,77
03/21/2010,MWH,WA,ANM,WE,Combined TRACON& Tower with Radar,2,3,0,0,5,0,0,4,0,4,2,3,4,0,9,0,0,0,9
03/22/2010,MWH,WA,ANM,WE,Combined TRACON& Tower with Radar,13,4,9,41,67,0,2,4,1,7,13,6,13,42,74,0,8,8,82
03/23/2010,MWH,WA,ANM,WE,Combined TRACON& Tower with Radar,13,7,31,15,66,3,2,5,3,13,16,9,36,18,79,24,0,24,103
03/24/2010,MWH,WA,ANM,WE,Combined TRACON& Tower with Radar,21,8,14,17,60,0,1,6,1,8,21,9,20,18,68,0,0,0,68
03/25/2010,MWH,WA,ANM,WE,Combined TRACON& Tower with Radar,11,7,5,2,25,2,1,1,1,5,13,8,6,3,30,0,0,0,30
03/26/2010,MWH,WA,ANM,WE,Combined TRACON& Tower with Radar,8,6,6,42,62,0,1,7,0,8,8,7,13,42,70,2,8,10,80
03/27/2010,MWH,WA,ANM,WE,Combined TRACON& Tower with Radar,18,2,1,0,21,0,0,13,0,13,18,2,14,0,34,0,0,0,34
03/28/2010,MWH,WA,ANM,WE,Combined TRACON& Tower with Radar,8,3,0,0,11,0,0,1,0,1,8,3,1,0,12,0,0,0,12
03/29/2010,MWH,WA,ANM,WE,Combined TRACON& Tower with Radar,8,6,24,44,82,2,3,29,0,34,10,9,53,44,116,173,40,213,329
03/30/2010,MWH,WA,ANM,WE,Combined TRACON& Tower with Radar,8,7,16,31,62,0,0,39,4,43,8,7,55,35,105,190,66,256,361
03/31/2010,MWH,WA,ANM,WE,Combined TRACON& Tower with Radar,1,9,27,51,88,1,1,38,0,40,2,10,65,51,128,128,45,173,301
04/01/2010,MWH,WA,ANM,WE,Combined TRACON& Tower with Radar,20,6,20,34,80,0,1,56,0,57,20,7,76,34,137,160,62,222,359
04/02/2010,MWH,WA,ANM,WE,Combined TRACON& Tower with Radar,0,9,6,16,31,0,0,0,0,0,0,9,6,16,31,0,12,12,43
04/03/2010,MWH,WA,ANM,WE,Combined TRACON& Tower with Radar,4,2,0,0,6,0,0,0,0,0,4,2,0,0,6,0,0,0,6
04/04/2010,MWH,WA,ANM,WE,Combined TRACON& Tower with Radar,0,2,0,0,2,0,0,0,0,0,0,2,0,0,2,0,0,0,2
04/05/2010,MWH,WA,ANM,WE,Combined TRACON& Tower with Radar,12,5,6,40,63,0,2,28,19,49,12,7,34,59,112,70,45,115,227
04/06/2010,MWH,WA,ANM,WE,Combined TRACON& Tower with Radar,14,6,22,83,125,0,1,47,0,48,14,7,69,83,173,277,57,334,507
04/07/2010,MWH,WA,ANM,WE,Combined TRACON& Tower with Radar,6,9,31,111,157,0,0,85,15,100,6,9,116,126,257,152,40,192,449
04/08/2010,MWH,WA,ANM,WE,Combined TRACON& Tower with Radar,0,5,16,10,31,0,0,1,0,1,0,5,17,10,32,16,4,20,52
04/09/2010,MWH,WA,ANM,WE,Combined TRACON& Tower with Radar,29,7,21,2,59,13,0,15,0,28,42,7,36,2,87,2,0,2,89
04/10/2010,MWH,WA,ANM,WE,Combined TRACON& Tower with Radar,2,2,6,19,29,0,1,9,0,10,2,3,15,19,39,0,0,0,39
04/11/2010,MWH,WA,ANM,WE,Combined TRACON& Tower with Radar,4,3,10,2,19,0,0,14,0,14,4,3,24,2,33,0,0,0,33
04/12/2010,MWH,WA,ANM,WE,Combined TRACON& Tower with Radar,30,6,21,41,98,10,1,65,0,76,40,7,86,41,174,88,18,106,280
04/13/2010,MWH,WA,ANM,WE,Combined TRACON& Tower with Radar,16,7,10,42,75,0,1,8,0,9,16,8,18,42,84,26,0,26,110
04/14/2010,MWH,WA,ANM,WE,Combined TRACON& Tower with Radar,64,7,27,19,117,14,0,77,1,92,78,7,104,20,209,146,12,158,367
04/15/2010,MWH,WA,ANM,WE,Combined TRACON& Tower with Radar,16,7,44,66,133,0,0,78,5,83,16,7,122,71,216,176,10,186,402
04/16/2010,MWH,WA,ANM,WE,Combined TRACON& Tower with Radar,7,6,2,16,31,0,0,20,0,20,7,6,22,16,51,2,62,64,115
04/17/2010,MWH,WA,ANM,WE,Combined TRACON& Tower with Radar,6,0,3,2,11,0,2,8,0,10,6,2,11,2,21,0,0,0,21
04/18/2010,MWH,WA,ANM,WE,Combined TRACON& Tower with Radar,0,3,0,14,17,0,0,12,0,12,0,3,12,14,29,6,0,6,35
04/19/2010,MWH,WA,ANM,WE,Combined TRACON& Tower with Radar,46,5,33,56,140,3,2,65,6,76,49,7,98,62,216,178,46,224,440
04/20/2010,MWH,WA,ANM,WE,Combined TRACON& Tower with Radar,24,8,16,38,86,0,0,55,6,61,24,8,71,44,147,118,28,146,293
04/21/2010,MWH,WA,ANM,WE,Combined TRACON& Tower with Radar,8,10,5,69,92,0,0,23,6,29,8,10,28,75,121,92,54,146,267
04/22/2010,MWH,WA,ANM,WE,Combined TRACON& Tower with Radar,6,6,29,35,76,0,1,34,2,37,6,7,63,37,113,152,0,152,265
04/23/2010,MWH,WA,ANM,WE,Combined TRACON& Tower with Radar,5,8,8,59,80,0,1,16,2,19,5,9,24,61,99,5,16,21,120
04/24/2010,MWH,WA,ANM,WE,Combined TRACON& Tower with Radar,4,2,0,26,32,0,0,2,0,2,4,2,2,26,34,0,0,0,34
04/25/2010,MWH,WA,ANM,WE,Combined TRACON& Tower with Radar,0,3,26,3,32,0,0,11,0,11,0,3,37,3,43,0,0,0,43
04/26/2010,MWH,WA,ANM,WE,Combined TRACON& Tower with Radar,4,6,13,53,76,3,3,55,6,67,7,9,68,59,143,52,50,102,245
04/27/2010,MWH,WA,ANM,WE,Combined TRACON& Tower with Radar,0,6,4,31,41,0,1,16,1,18,0,7,20,32,59,68,34,102,161
04/28/2010,MWH,WA,ANM,WE,Combined TRACON& Tower with Radar,0,6,30,49,85,0,2,30,0,32,0,8,60,49,117,121,69,190,307
04/29/2010,MWH,WA,ANM,WE,Combined TRACON& Tower with Radar,13,5,10,20,48,0,0,37,0,37,13,5,47,20,85,52,42,94,179
04/30/2010,MWH,WA,ANM,WE,Combined TRACON& Tower with Radar,8,6,3,0,17,1,1,6,0,8,9,7,9,0,25,0,0,0,25
05/01/2010,MWH,WA,ANM,WE,Combined TRACON& Tower with Radar,4,2,2,0,8,0,0,1,0,1,4,2,3,0,9,0,0,0,9
05/02/2010,MWH,WA,ANM,WE,Combined TRACON& Tower with Radar,61,3,4,0,68,0,0,6,0,6,61,3,10,0,74,0,0,0,74
05/03/2010,MWH,WA,ANM,WE,Combined TRACON& Tower with Radar,0,2,3,41,46,0,2,0,4,6,0,4,3,45,52,0,32,32,84
05/04/2010,MWH,WA,ANM,WE,Combined TRACON& Tower with Radar,29,7,15,48,99,6,0,37,1,44,35,7,52,49,143,28,34,62,205
05/05/2010,MWH,WA,ANM,WE,Combined TRACON& Tower with Radar,62,7,52,55,176,7,1,49,6,63,69,8,101,61,239,81,26,107,346
05/06/2010,MWH,WA,ANM,WE,Combined TRACON& Tower with Radar,33,9,40,55,137,18,0,31,1,50,51,9,71,56,187,156,0,156,343
05/07/2010,MWH,WA,ANM,WE,Combined TRACON& Tower with Radar,48,7,39,72,166,36,3,21,0,60,84,10,60,72,226,10,36,46,272
05/08/2010,MWH,WA,ANM,WE,Combined TRACON& Tower with Radar,16,1,7,14,38,0,0,1,2,3,16,1,8,16,41,0,17,17,58
05/09/2010,MWH,WA,ANM,WE,Combined TRACON& Tower with Radar,26,2,2,0,30,8,0,8,0,16,34,2,10,0,46,6,0,6,52
05/10/2010,MWH,WA,ANM,WE,Combined TRACON& Tower with Radar,15,4,28,0,47,1,3,28,0,32,16,7,56,0,79,48,2,50,129
05/11/2010,MWH,WA,ANM,WE,Combined TRACON& Tower with Radar,2,5,25,33,65,0,1,78,0,79,2,6,103,33,144,43,18,61,205
05/12/2010,MWH,WA,ANM,WE,Combined TRACON& Tower with Radar,9,7,28,41,85,5,0,85,14,104,14,7,113,55,189,132,92,224,413
05/13/2010,MWH,WA,ANM,WE,Combined TRACON& Tower with Radar,11,7,14,14,46,1,1,68,0,70,12,8,82,14,116,174,6,180,296
05/14/2010,MWH,WA,ANM,WE,Combined TRACON& Tower with Radar,10,6,7,28,51,0,3,20,0,23,10,9,27,28,74,4,0,4,78
05/15/2010,MWH,WA,ANM,WE,Combined TRACON& Tower with Radar,7,2,9,7,25,1,0,17,1,19,8,2,26,8,44,0,0,0,44
05/16/2010,MWH,WA,ANM,WE,Combined TRACON& Tower with Radar,12,3,7,10,32,0,0,1,0,1,12,3,8,10,33,0,0,0,33
05/17/2010,MWH,WA,ANM,WE,Combined TRACON& Tower with Radar,16,6,32,36,90,2,2,26,1,31,18,8,58,37,121,138,22,160,281
05/18/2010,MWH,WA,ANM,WE,Combined TRACON& Tower with Radar,40,7,10,39,96,35,0,11,2,48,75,7,21,41,144,6,26,32,176
05/19/2010,MWH,WA,ANM,WE,Combined TRACON& Tower with Radar,4,6,4,24,38,1,1,48,1,51,5,7,52,25,89,85,0,85,174
05/20/2010,MWH,WA,ANM,WE,Combined TRACON& Tower with Radar,11,7,22,25,65,16,0,25,18,59,27,7,47,43,124,50,16,66,190
05/21/2010,MWH,WA,ANM,WE,Combined TRACON& Tower with Radar,32,6,2,15,55,6,1,6,0,13,38,7,8,15,68,0,0,0,68
05/22/2010,MWH,WA,ANM,WE,Combined TRACON& Tower with Radar,12,2,2,0,16,0,0,4,0,4,12,2,6,0,20,0,0,0,20
05/23/2010,MWH,WA,ANM,WE,Combined TRACON& Tower with Radar,43,3,1,0,47,14,0,4,0,18,57,3,5,0,65,0,0,0,65
05/24/2010,MWH,WA,ANM,WE,Combined TRACON& Tower with Radar,16,5,13,109,143,3,2,42,3,50,19,7,55,112,193,70,65,135,328
05/25/2010,MWH,WA,ANM,WE,Combined TRACON& Tower with Radar,16,7,16,14,53,0,0,65,0,65,16,7,81,14,118,134,0,134,252
05/26/2010,MWH,WA,ANM,WE,Combined TRACON& Tower with Radar,10,7,24,25,66,2,0,30,0,32,12,7,54,25,98,98,10,108,206
05/27/2010,MWH,WA,ANM,WE,Combined TRACON& Tower with Radar,8,7,17,61,93,0,0,30,7,37,8,7,47,68,130,82,16,98,228
05/28/2010,MWH,WA,ANM,WE,Combined TRACON& Tower with Radar,10,9,4,5,28,0,0,9,3,12,10,9,13,8,40,16,20,36,76
05/29/2010,MWH,WA,ANM,WE,Combined TRACON& Tower with Radar,6,3,1,1,11,0,0,4,0,4,6,3,5,1,15,0,0,0,15
05/30/2010,MWH,WA,ANM,WE,Combined TRACON& Tower with Radar,10,4,10,0,24,6,0,7,0,13,16,4,17,0,37,0,0,0,37
05/31/2010,MWH,WA,ANM,WE,Combined TRACON& Tower with Radar,0,5,2,0,7,0,0,2,0,2,0,5,4,0,9,0,0,0,9
06/01/2010,MWH,WA,ANM,WE,Combined TRACON& Tower with Radar,10,16,59,33,118,0,2,68,18,88,10,18,127,51,206,152,46,198,404
06/02/2010,MWH,WA,ANM,WE,Combined TRACON& Tower with Radar,8,9,11,44,72,0,0,0,0,0,8,9,11,44,72,0,0,0,72
06/03/2010,MWH,WA,ANM,WE,Combined TRACON& Tower with Radar,9,7,31,53,100,1,0,55,2,58,10,7,86,55,158,80,56,136,294
06/04/2010,MWH,WA,ANM,WE,Combined TRACON& Tower with Radar,6,11,3,58,78,0,0,4,3,7,6,11,7,61,85,8,22,30,115
06/05/2010,MWH,WA,ANM,WE,Combined TRACON& Tower with Radar,10,1,5,0,16,0,1,19,0,20,10,2,24,0,36,0,0,0,36
06/06/2010,MWH,WA,ANM,WE,Combined TRACON& Tower with Radar,4,3,0,3,10,0,0,3,2,5,4,3,3,5,15,0,6,6,21
06/07/2010,MWH,WA,ANM,WE,Combined TRACON& Tower with Radar,24,5,40,17,86,5,2,53,2,62,29,7,93,19,148,58,8,66,214
06/08/2010,MWH,WA,ANM,WE,Combined TRACON& Tower with Radar,16,8,17,6,47,0,0,83,0,83,16,8,100,6,130,142,4,146,276
06/09/2010,MWH,WA,ANM,WE,Combined TRACON& Tower with Radar,14,5,26,17,62,4,1,28,0,33,18,6,54,17,95,63,6,69,164
06/10/2010,MWH,WA,ANM,WE,Combined TRACON& Tower with Radar,13,5,20,17,55,0,0,21,0,21,13,5,41,17,76,56,0,56,132
06/11/2010,MWH,WA,ANM,WE,Combined TRACON& Tower with Radar,15,8,10,41,74,0,0,18,4,22,15,8,28,45,96,8,36,44,140
06/12/2010,MWH,WA,ANM,WE,Combined TRACON& Tower with Radar,3,3,1,0,7,2,1,11,0,14,5,4,12,0,21,0,0,0,21
06/13/2010,MWH,WA,ANM,WE,Combined TRACON& Tower with Radar,0,0,1,14,15,0,0,7,0,7,0,0,8,14,22,0,8,8,30
06/14/2010,MWH,WA,ANM,WE,Combined TRACON& Tower with Radar,0,2,0,2,4,0,3,11,0,14,0,5,11,2,18,0,14,14,32
06/15/2010,MWH,WA,ANM,WE,Combined TRACON& Tower with Radar,4,6,24,44,78,0,0,6,2,8,4,6,30,46,86,0,50,50,136
06/16/2010,MWH,WA,ANM,WE,Combined TRACON& Tower with Radar,17,6,11,28,62,0,0,13,5,18,17,6,24,33,80,14,28,42,122
06/17/2010,MWH,WA,ANM,WE,Combined TRACON& Tower with Radar,15,4,9,39,67,0,2,6,5,13,15,6,15,44,80,0,32,32,112
06/18/2010,MWH,WA,ANM,WE,Combined TRACON& Tower with Radar,8,4,1,8,21,0,1,14,1,16,8,5,15,9,37,6,8,14,51
06/19/2010,MWH,WA,ANM,WE,Combined TRACON& Tower with Radar,0,2,5,0,7,0,4,2,0,6,0,6,7,0,13,0,0,0,13
06/20/2010,MWH,WA,ANM,WE,Combined TRACON& Tower with Radar,16,0,5,0,21,0,0,8,0,8,16,0,13,0,29,0,0,0,29
06/21/2010,MWH,WA,ANM,WE,Combined TRACON& Tower with Radar,49,4,24,35,112,1,3,47,3,54,50,7,71,38,166,112,18,130,296
06/22/2010,MWH,WA,ANM,WE,Combined TRACON& Tower with Radar,11,4,28,5,48,0,3,66,0,69,11,7,94,5,117,223,0,223,340
06/23/2010,MWH,WA,ANM,WE,Combined TRACON& Tower with Radar,19,3,22,40,84,1,1,74,0,76,20,4,96,40,160,89,35,124,284
06/24/2010,MWH,WA,ANM,WE,Combined TRACON& Tower with Radar,4,5,21,15,45,0,0,54,1,55,4,5,75,16,100,151,2,153,253
06/25/2010,MWH,WA,ANM,WE,Combined TRACON& Tower with Radar,16,8,17,33,74,0,3,58,3,64,16,11,75,36,138,88,56,144,282
06/26/2010,MWH,WA,ANM,WE,Combined TRACON& Tower with Radar,2,1,3,1,7,0,1,7,0,8,2,2,10,1,15,0,0,0,15
06/27/2010,MWH,WA,ANM,WE,Combined TRACON& Tower with Radar,12,0,3,6,21,0,0,3,0,3,12,0,6,6,24,0,0,0,24
06/28/2010,MWH,WA,ANM,WE,Combined TRACON& Tower with Radar,54,1,15,53,123,0,3,52,2,57,54,4,67,55,180,108,30,138,318
06/29/2010,MWH,WA,ANM,WE,Combined TRACON& Tower with Radar,42,4,26,22,94,6,1,51,4,62,48,5,77,26,156,207,22,229,385
06/30/2010,MWH,WA,ANM,WE,Combined TRACON& Tower with Radar,0,3,15,24,42,0,1,49,4,54,0,4,64,28,96,99,12,111,207
07/01/2010,MWH,WA,ANM,WE,Combined TRACON& Tower with Radar,0,4,24,31,59,0,0,40,0,40,0,4,64,31,99,134,66,200,299
07/02/2010,MWH,WA,ANM,WE,Combined TRACON& Tower with Radar,57,4,8,19,88,0,0,31,0,31,57,4,39,19,119,86,16,102,221
07/03/2010,MWH,WA,ANM,WE,Combined TRACON& Tower with Radar,1,1,3,2,7,1,3,15,0,19,2,4,18,2,26,0,0,0,26
07/04/2010,MWH,WA,ANM,WE,Combined TRACON& Tower with Radar,0,0,0,0,0,0,0,1,0,1,0,0,1,0,1,0,0,0,1
07/05/2010,MWH,WA,ANM,WE,Combined TRACON& Tower with Radar,0,0,0,0,0,0,0,13,0,13,0,0,13,0,13,0,0,0,13
07/06/2010,MWH,WA,ANM,WE,Combined TRACON& Tower with Radar,4,3,18,103,128,2,1,53,7,63,6,4,71,110,191,88,74,162,353
07/07/2010,MWH,WA,ANM,WE,Combined TRACON& Tower with Radar,24,3,19,127,173,4,1,33,3,41,28,4,52,130,214,96,22,118,332
07/08/2010,MWH,WA,ANM,WE,Combined TRACON& Tower with Radar,2,5,15,72,94,0,0,47,9,56,2,5,62,81,150,70,28,98,248
07/09/2010,MWH,WA,ANM,WE,Combined TRACON& Tower with Radar,4,7,13,91,115,0,3,47,17,67,4,10,60,108,182,77,48,125,307
07/10/2010,MWH,WA,ANM,WE,Combined TRACON& Tower with Radar,16,7,8,34,65,0,2,24,3,29,16,9,32,37,94,6,56,62,156
07/11/2010,MWH,WA,ANM,WE,Combined TRACON& Tower with Radar,0,2,3,0,5,0,0,9,0,9,0,2,12,0,14,0,0,0,14
07/12/2010,MWH,WA,ANM,WE,Combined TRACON& Tower with Radar,16,4,10,38,68,0,2,22,3,27,16,6,32,41,95,130,30,160,255
07/13/2010,MWH,WA,ANM,WE,Combined TRACON& Tower with Radar,11,4,25,19,59,1,0,59,0,60,12,4,84,19,119,126,0,126,245
07/14/2010,MWH,WA,ANM,WE,Combined TRACON& Tower with Radar,12,3,44,61,120,3,3,39,7,52,15,6,83,68,172,110,26,136,308
07/15/2010,MWH,WA,ANM,WE,Combined TRACON& Tower with Radar,2,6,31,12,51,0,2,46,8,56,2,8,77,20,107,76,42,118,225
07/16/2010,MWH,WA,ANM,WE,Combined TRACON& Tower with Radar,2,3,24,35,64,0,1,63,2,66,2,4,87,37,130,196,52,248,378
07/17/2010,MWH,WA,ANM,WE,Combined TRACON& Tower with Radar,2,0,4,2,8,0,2,8,0,10,2,2,12,2,18,0,0,0,18
07/18/2010,MWH,WA,ANM,WE,Combined TRACON& Tower with Radar,2,4,4,6,16,0,0,10,1,11,2,4,14,7,27,0,0,0,27
07/19/2010,MWH,WA,ANM,WE,Combined TRACON& Tower with Radar,19,1,24,40,84,2,3,27,5,37,21,4,51,45,121,40,32,72,193
07/20/2010,MWH,WA,ANM,WE,Combined TRACON& Tower with Radar,14,6,11,34,65,5,5,43,15,68,19,11,54,49,133,178,36,214,347
07/21/2010,MWH,WA,ANM,WE,Combined TRACON& Tower with Radar,4,6,16,11,37,0,0,31,2,33,4,6,47,13,70,100,10,110,180
07/22/2010,MWH,WA,ANM,WE,Combined TRACON& Tower with Radar,4,4,12,18,38,0,0,48,0,48,4,4,60,18,86,256,0,256,342
07/23/2010,MWH,WA,ANM,WE,Combined TRACON& Tower with Radar,3,4,14,28,49,0,4,52,6,62,3,8,66,34,111,136,12,148,259
07/24/2010,MWH,WA,ANM,WE,Combined TRACON& Tower with Radar,63,1,1,2,67,1,0,9,0,10,64,1,10,2,77,0,0,0,77
07/25/2010,MWH,WA,ANM,WE,Combined TRACON& Tower with Radar,62,0,6,1,69,14,0,8,1,23,76,0,14,2,92,0,0,0,92
07/26/2010,MWH,WA,ANM,WE,Combined TRACON& Tower with Radar,13,2,11,62,88,9,2,28,5,44,22,4,39,67,132,108,42,150,282
07/27/2010,MWH,WA,ANM,WE,Combined TRACON& Tower with Radar,4,3,5,5,17,11,3,37,4,55,15,6,42,9,72,158,21,179,251
07/28/2010,MWH,WA,ANM,WE,Combined TRACON& Tower with Radar,0,6,12,41,59,0,1,35,8,44,0,7,47,49,103,94,54,148,251
07/29/2010,MWH,WA,ANM,WE,Combined TRACON& Tower with Radar,2,4,25,24,55,1,0,22,2,25,3,4,47,26,80,39,0,39,119
07/30/2010,MWH,WA,ANM,WE,Combined TRACON& Tower with Radar,0,4,25,85,114,2,0,12,11,25,2,4,37,96,139,2,38,40,179
07/31/2010,MWH,WA,ANM,WE,Combined TRACON& Tower with Radar,0,2,5,0,7,0,0,4,0,4,0,2,9,0,11,0,0,0,11
08/01/2010,MWH,WA,ANM,WE,Combined TRACON& Tower with Radar,17,0,1,12,30,7,0,11,0,18,24,0,12,12,48,0,0,0,48
08/02/2010,MWH,WA,ANM,WE,Combined TRACON& Tower with Radar,22,2,8,108,140,0,2,8,5,15,22,4,16,113,155,1,26,27,182
08/03/2010,MWH,WA,ANM,WE,Combined TRACON& Tower with Radar,36,4,10,51,101,16,0,14,0,30,52,4,24,51,131,0,54,54,185
08/04/2010,MWH,WA,ANM,WE,Combined TRACON& Tower with Radar,18,10,8,130,166,1,0,7,1,9,19,10,15,131,175,0,46,46,221
08/05/2010,MWH,WA,ANM,WE,Combined TRACON& Tower with Radar,2,3,25,33,63,1,1,10,4,16,3,4,35,37,79,4,22,26,105
08/06/2010,MWH,WA,ANM,WE,Combined TRACON& Tower with Radar,9,5,20,4,38,1,2,14,2,19,10,7,34,6,57,0,8,8,65
08/07/2010,MWH,WA,ANM,WE,Combined TRACON& Tower with Radar,5,2,5,0,12,0,0,6,0,6,5,2,11,0,18,0,0,0,18
08/08/2010,MWH,WA,ANM,WE,Combined TRACON& Tower with Radar,4,2,3,2,11,0,0,7,0,7,4,2,10,2,18,0,0,0,18
08/09/2010,MWH,WA,ANM,WE,Combined TRACON& Tower with Radar,23,2,21,94,140,0,2,8,5,15,23,4,29,99,155,0,38,38,193
08/10/2010,MWH,WA,ANM,WE,Combined TRACON& Tower with Radar,2,3,8,27,40,0,1,5,0,6,2,4,13,27,46,0,8,8,54
08/11/2010,MWH,WA,ANM,WE,Combined TRACON& Tower with Radar,48,3,13,44,108,3,1,15,3,22,51,4,28,47,130,3,8,11,141
08/12/2010,MWH,WA,ANM,WE,Combined TRACON& Tower with Radar,38,4,9,89,140,8,0,23,3,34,46,4,32,92,174,4,46,50,224
08/13/2010,MWH,WA,ANM,WE,Combined TRACON& Tower with Radar,49,4,7,14,74,3,0,6,2,11,52,4,13,16,85,0,4,4,89
08/14/2010,MWH,WA,ANM,WE,Combined TRACON& Tower with Radar,14,2,10,26,52,0,0,7,0,7,14,2,17,26,59,0,0,0,59
08/15/2010,MWH,WA,ANM,WE,Combined TRACON& Tower with Radar,4,0,5,0,9,2,0,4,2,8,6,0,9,2,17,0,0,0,17
08/16/2010,MWH,WA,ANM,WE,Combined TRACON& Tower with Radar,0,3,10,37,50,0,2,5,1,8,0,5,15,38,58,14,8,22,80
08/17/2010,MWH,WA,ANM,WE,Combined TRACON& Tower with Radar,1,7,19,19,46,0,1,12,0,13,1,8,31,19,59,2,12,14,73
08/18/2010,MWH,WA,ANM,WE,Combined TRACON& Tower with Radar,6,4,14,28,52,0,2,11,0,13,6,6,25,28,65,8,0,8,73
08/19/2010,MWH,WA,ANM,WE,Combined TRACON& Tower with Radar,18,9,10,61,98,0,1,10,2,13,18,10,20,63,111,4,73,77,188
08/20/2010,MWH,WA,ANM,WE,Combined TRACON& Tower with Radar,10,4,0,12,26,3,3,14,3,23,13,7,14,15,49,4,3,7,56
08/21/2010,MWH,WA,ANM,WE,Combined TRACON& Tower with Radar,18,2,11,17,48,0,0,0,0,0,18,2,11,17,48,0,0,0,48
08/22/2010,MWH,WA,ANM,WE,Combined TRACON& Tower with Radar,7,1,3,12,23,0,1,4,0,5,7,2,7,12,28,0,0,0,28
08/23/2010,MWH,WA,ANM,WE,Combined TRACON& Tower with Radar,24,2,8,42,76,10,4,11,0,25,34,6,19,42,101,0,18,18,119
08/24/2010,MWH,WA,ANM,WE,Combined TRACON& Tower with Radar,4,5,10,7,26,0,1,11,0,12,4,6,21,7,38,0,0,0,38
08/25/2010,MWH,WA,ANM,WE,Combined TRACON& Tower with Radar,84,8,9,26,127,0,2,15,2,19,84,10,24,28,146,9,24,33,179
08/26/2010,MWH,WA,ANM,WE,Combined TRACON& Tower with Radar,36,10,37,48,131,0,3,4,4,11,36,13,41,52,142,4,32,36,178
08/27/2010,MWH,WA,ANM,WE,Combined TRACON& Tower with Radar,9,6,6,57,78,2,0,10,13,25,11,6,16,70,103,14,56,70,173
08/28/2010,MWH,WA,ANM,WE,Combined TRACON& Tower with Radar,0,1,0,6,7,0,1,5,0,6,0,2,5,6,13,0,0,0,13
08/29/2010,MWH,WA,ANM,WE,Combined TRACON& Tower with Radar,28,0,2,0,30,2,0,2,0,4,30,0,4,0,34,0,0,0,34
08/30/2010,MWH,WA,ANM,WE,Combined TRACON& Tower with Radar,12,2,16,44,74,0,2,8,8,18,12,4,24,52,92,10,28,38,130
08/31/2010,MWH,WA,ANM,WE,Combined TRACON& Tower with Radar,22,4,13,93,132,18,0,5,54,77,40,4,18,147,209,16,32,48,257
09/01/2010,MWH,WA,ANM,WE,Combined TRACON& Tower with Radar,20,4,10,92,126,12,0,14,4,30,32,4,24,96,156,4,12,16,172
09/02/2010,MWH,WA,ANM,WE,Combined TRACON& Tower with Radar,9,2,11,39,61,3,2,6,1,12,12,4,17,40,73,0,20,20,93
09/03/2010,MWH,WA,ANM,WE,Combined TRACON& Tower with Radar,12,6,9,1,28,0,0,11,0,11,12,6,20,1,39,0,0,0,39
09/04/2010,MWH,WA,ANM,WE,Combined TRACON& Tower with Radar,4,0,2,0,6,0,2,3,0,5,4,2,5,0,11,0,0,0,11
09/05/2010,MWH,WA,ANM,WE,Combined TRACON& Tower with Radar,7,3,6,0,16,1,0,6,0,7,8,3,12,0,23,0,0,0,23
09/06/2010,MWH,WA,ANM,WE,Combined TRACON& Tower with Radar,2,2,0,0,4,16,0,3,0,19,18,2,3,0,23,1,0,1,24
09/07/2010,MWH,WA,ANM,WE,Combined TRACON& Tower with Radar,8,8,11,36,63,0,2,3,1,6,8,10,14,37,69,0,8,8,77
09/08/2010,MWH,WA,ANM,WE,Combined TRACON& Tower with Radar,48,4,6,27,85,0,0,8,2,10,48,4,14,29,95,0,10,10,105
09/09/2010,MWH,WA,ANM,WE,Combined TRACON& Tower with Radar,28,4,17,27,76,14,0,12,0,26,42,4,29,27,102,6,2,8,110
09/10/2010,MWH,WA,ANM,WE,Combined TRACON& Tower with Radar,4,4,13,19,40,0,0,1,1,2,4,4,14,20,42,0,18,18,60
09/11/2010,MWH,WA,ANM,WE,Combined TRACON& Tower with Radar,16,2,1,2,21,0,0,11,6,17,16,2,12,8,38,24,20,44,82
09/12/2010,MWH,WA,ANM,WE,Combined TRACON& Tower with Radar,38,0,8,2,48,0,0,7,0,7,38,0,15,2,55,0,0,0,55
09/13/2010,MWH,WA,ANM,WE,Combined TRACON& Tower with Radar,50,4,15,57,126,0,2,11,3,16,50,6,26,60,142,2,4,6,148
09/14/2010,MWH,WA,ANM,WE,Combined TRACON& Tower with Radar,14,4,4,38,60,0,0,52,6,58,14,4,56,44,118,16,40,56,174
09/15/2010,MWH,WA,ANM,WE,Combined TRACON& Tower with Radar,12,6,9,86,113,0,0,39,1,40,12,6,48,87,153,18,13,31,184
09/16/2010,MWH,WA,ANM,WE,Combined TRACON& Tower with Radar,12,6,8,30,56,0,0,39,4,43,12,6,47,34,99,84,12,96,195
09/17/2010,MWH,WA,ANM,WE,Combined TRACON& Tower with Radar,16,5,5,26,52,1,1,15,1,18,17,6,20,27,70,10,28,38,108
09/18/2010,MWH,WA,ANM,WE,Combined TRACON& Tower with Radar,18,1,12,0,31,0,1,4,0,5,18,2,16,0,36,0,0,0,36
09/19/2010,MWH,WA,ANM,WE,Combined TRACON& Tower with Radar,6,2,1,1,10,0,0,0,0,0,6,2,1,1,10,0,0,0,10
09/20/2010,MWH,WA,ANM,WE,Combined TRACON& Tower with Radar,6,3,10,74,93,0,3,51,6,60,6,6,61,80,153,76,34,110,263
09/21/2010,MWH,WA,ANM,WE,Combined TRACON& Tower with Radar,32,4,9,44,89,18,0,55,1,74,50,4,64,45,163,96,16,112,275
09/22/2010,MWH,WA,ANM,WE,Combined TRACON& Tower with Radar,14,5,34,45,98,2,2,75,1,80,16,7,109,46,178,309,34,343,521
09/23/2010,MWH,WA,ANM,WE,Combined TRACON& Tower with Radar,29,4,19,50,102,1,0,42,6,49,30,4,61,56,151,160,34,194,345
09/24/2010,MWH,WA,ANM,WE,Combined TRACON& Tower with Radar,8,4,9,43,64,0,0,4,1,5,8,4,13,44,69,0,18,18,87
09/25/2010,MWH,WA,ANM,WE,Combined TRACON& Tower with Radar,9,6,11,0,26,0,0,6,0,6,9,6,17,0,32,0,0,0,32
09/26/2010,MWH,WA,ANM,WE,Combined TRACON& Tower with Radar,12,0,13,3,28,0,0,6,0,6,12,0,19,3,34,0,0,0,34
09/27/2010,MWH,WA,ANM,WE,Combined TRACON& Tower with Radar,20,3,29,55,107,1,3,56,6,66,21,6,85,61,173,118,76,194,367
09/28/2010,MWH,WA,ANM,WE,Combined TRACON& Tower with Radar,3,4,26,67,100,1,0,39,13,53,4,4,65,80,153,96,50,146,299
09/29/2010,MWH,WA,ANM,WE,Combined TRACON& Tower with Radar,6,17,77,75,175,0,3,68,6,77,6,20,145,81,252,112,24,136,388
09/30/2010,MWH,WA,ANM,WE,Combined TRACON& Tower with Radar,6,3,11,35,55,5,7,88,4,104,11,10,99,39,159,174,32,206,365
10/01/2010,MWH,WA,ANM,WE,Combined TRACON& Tower with Radar,17,6,7,22,52,0,0,4,1,5,17,6,11,23,57,0,12,12,69
10/02/2010,MWH,WA,ANM,WE,Combined TRACON& Tower with Radar,4,0,12,3,19,0,2,8,0,10,4,2,20,3,29,0,0,0,29
10/03/2010,MWH,WA,ANM,WE,Combined TRACON& Tower with Radar,0,2,3,0,5,0,0,2,0,2,0,2,5,0,7,0,0,0,7
10/04/2010,MWH,WA,ANM,WE,Combined TRACON& Tower with Radar,4,0,12,56,72,1,5,59,3,68,5,5,71,59,140,132,30,162,302
10/05/2010,MWH,WA,ANM,WE,Combined TRACON& Tower with Radar,37,3,26,28,94,0,4,66,7,77,37,7,92,35,171,142,52,194,365
10/06/2010,MWH,WA,ANM,WE,Combined TRACON& Tower with Radar,16,3,10,69,98,0,3,84,5,92,16,6,94,74,190,334,52,386,576
10/07/2010,MWH,WA,ANM,WE,Combined TRACON& Tower with Radar,26,10,8,51,95,2,0,62,0,64,28,10,70,51,159,204,0,204,363
10/08/2010,MWH,WA,ANM,WE,Combined TRACON& Tower with Radar,0,6,9,42,57,0,0,7,5,12,0,6,16,47,69,0,34,34,103
10/09/2010,MWH,WA,ANM,WE,Combined TRACON& Tower with Radar,12,2,4,0,18,0,0,0,0,0,12,2,4,0,18,0,0,0,18
10/10/2010,MWH,WA,ANM,WE,Combined TRACON& Tower with Radar,4,0,6,0,10,0,0,3,0,3,4,0,9,0,13,0,0,0,13
10/11/2010,MWH,WA,ANM,WE,Combined TRACON& Tower with Radar,10,2,17,0,29,2,2,48,0,52,12,4,65,0,81,276,0,276,357
10/12/2010,MWH,WA,ANM,WE,Combined TRACON& Tower with Radar,20,10,26,65,121,0,2,64,0,66,20,12,90,65,187,243,25,268,455
10/13/2010,MWH,WA,ANM,WE,Combined TRACON& Tower with Radar,14,12,24,30,80,4,0,72,15,91,18,12,96,45,171,326,44,370,541
10/14/2010,MWH,WA,ANM,WE,Combined TRACON& Tower with Radar,25,19,6,22,72,0,3,50,4,57,25,22,56,26,129,217,6,223,352
10/15/2010,MWH,WA,ANM,WE,Combined TRACON& Tower with Radar,3,4,2,37,46,1,0,14,0,15,4,4,16,37,61,0,6,6,67
10/16/2010,MWH,WA,ANM,WE,Combined TRACON& Tower with Radar,5,2,0,0,7,1,0,6,0,7,6,2,6,0,14,0,0,0,14
10/17/2010,MWH,WA,ANM,WE,Combined TRACON& Tower with Radar,7,2,2,0,11,0,0,5,0,5,7,2,7,0,16,0,0,0,16
10/18/2010,MWH,WA,ANM,WE,Combined TRACON& Tower with Radar,18,4,6,17,45,0,2,61,1,64,18,6,67,18,109,336,24,360,469
10/19/2010,MWH,WA,ANM,WE,Combined TRACON& Tower with Radar,21,8,13,7,49,0,1,75,0,76,21,9,88,7,125,264,0,264,389
10/20/2010,MWH,WA,ANM,WE,Combined TRACON& Tower with Radar,9,12,15,107,143,0,3,70,7,80,9,15,85,114,223,320,92,412,635
10/21/2010,MWH,WA,ANM,WE,Combined TRACON& Tower with Radar,8,5,24,16,53,0,0,59,5,64,8,5,83,21,117,218,42,260,377
10/22/2010,MWH,WA,ANM,WE,Combined TRACON& Tower with Radar,30,6,10,11,57,6,0,10,4,20,36,6,20,15,77,2,10,12,89
10/23/2010,MWH,WA,ANM,WE,Combined TRACON& Tower with Radar,2,1,2,0,5,0,1,0,0,1,2,2,2,0,6,0,0,0,6
10/24/2010,MWH,WA,ANM,WE,Combined TRACON& Tower with Radar,2,2,0,0,4,0,0,0,0,0,2,2,0,0,4,0,0,0,4
10/25/2010,MWH,WA,ANM,WE,Combined TRACON& Tower with Radar,10,2,12,37,61,1,2,40,9,52,11,4,52,46,113,206,32,238,351
10/26/2010,MWH,WA,ANM,WE,Combined TRACON& Tower with Radar,10,5,30,2,47,0,1,54,0,55,10,6,84,2,102,211,0,211,313
10/27/2010,MWH,WA,ANM,WE,Combined TRACON& Tower with Radar,24,6,23,41,94,0,5,49,6,60,24,11,72,47,154,154,34,188,342
10/28/2010,MWH,WA,ANM,WE,Combined TRACON& Tower with Radar,10,4,25,25,64,0,0,45,3,48,10,4,70,28,112,188,0,188,300
10/29/2010,MWH,WA,ANM,WE,Combined TRACON& Tower with Radar,2,7,13,24,46,0,0,2,0,2,2,7,15,24,48,0,0,0,48
10/30/2010,MWH,WA,ANM,WE,Combined TRACON& Tower with Radar,0,3,2,0,5,0,0,0,0,0,0,3,2,0,5,0,0,0,5
10/31/2010,MWH,WA,ANM,WE,Combined TRACON& Tower with Radar,14,0,0,12,26,0,1,0,0,1,14,1,0,12,27,0,0,0,27
11/01/2010,MWH,WA,ANM,WE,Combined TRACON& Tower with Radar,55,3,7,51,116,1,1,50,6,58,56,4,57,57,174,212,10,222,396
11/02/2010,MWH,WA,ANM,WE,Combined TRACON& Tower with Radar,36,3,9,0,48,0,1,70,0,71,36,4,79,0,119,394,0,394,513
11/03/2010,MWH,WA,ANM,WE,Combined TRACON& Tower with Radar,19,12,10,93,134,0,0,66,8,74,19,12,76,101,208,137,32,169,377
11/04/2010,MWH,WA,ANM,WE,Combined TRACON& Tower with Radar,10,5,28,30,73,0,0,27,0,27,10,5,55,30,100,70,8,78,178
11/05/2010,MWH,WA,ANM,WE,Combined TRACON& Tower with Radar,19,6,7,64,96,0,0,0,2,2,19,6,7,66,98,0,30,30,128
11/06/2010,MWH,WA,ANM,WE,Combined TRACON& Tower with Radar,0,4,0,12,16,0,0,3,0,3,0,4,3,12,19,0,0,0,19
11/07/2010,MWH,WA,ANM,WE,Combined TRACON& Tower with Radar,1,0,0,0,1,1,0,2,0,3,2,0,2,0,4,0,0,0,4
11/08/2010,MWH,WA,ANM,WE,Combined TRACON& Tower with Radar,21,2,26,38,87,0,2,45,7,54,21,4,71,45,141,156,8,164,305
11/09/2010,MWH,WA,ANM,WE,Combined TRACON& Tower with Radar,12,4,21,58,95,17,4,43,3,67,29,8,64,61,162,255,26,281,443
11/10/2010,MWH,WA,ANM,WE,Combined TRACON& Tower with Radar,6,16,14,51,87,11,6,59,5,81,17,22,73,56,168,206,34,240,408
11/11/2010,MWH,WA,ANM,WE,Combined TRACON& Tower with Radar,8,18,13,2,41,0,2,2,0,4,8,20,15,2,45,0,0,0,45
11/12/2010,MWH,WA,ANM,WE,Combined TRACON& Tower with Radar,2,5,11,0,18,0,0,1,0,1,2,5,12,0,19,0,0,0,19
11/13/2010,MWH,WA,ANM,WE,Combined TRACON& Tower with Radar,6,1,11,10,28,0,3,0,0,3,6,4,11,10,31,0,0,0,31
11/14/2010,MWH,WA,ANM,WE,Combined TRACON& Tower with Radar,0,0,5,12,17,0,0,0,0,0,0,0,5,12,17,0,0,0,17
11/15/2010,MWH,WA,ANM,WE,Combined TRACON& Tower with Radar,24,8,16,51,99,9,2,47,1,59,33,10,63,52,158,170,36,206,364
11/16/2010,MWH,WA,ANM,WE,Combined TRACON& Tower with Radar,0,17,16,36,69,0,1,57,5,63,0,18,73,41,132,224,59,283,415
11/17/2010,MWH,WA,ANM,WE,Combined TRACON& Tower with Radar,12,4,7,25,48,0,3,86,8,97,12,7,93,33,145,170,72,242,387
11/18/2010,MWH,WA,ANM,WE,Combined TRACON& Tower with Radar,42,7,23,17,89,9,3,48,4,64,51,10,71,21,153,168,4,172,325
11/19/2010,MWH,WA,ANM,WE,Combined TRACON& Tower with Radar,20,5,11,5,41,0,2,1,0,3,20,7,12,5,44,0,0,0,44
11/20/2010,MWH,WA,ANM,WE,Combined TRACON& Tower with Radar,29,2,8,12,51,0,0,0,0,0,29,2,8,12,51,6,25,31,82
11/21/2010,MWH,WA,ANM,WE,Combined TRACON& Tower with Radar,12,3,7,0,22,0,0,0,0,0,12,3,7,0,22,0,0,0,22
11/22/2010,MWH,WA,ANM,WE,Combined TRACON& Tower with Radar,5,3,11,24,43,0,1,42,0,43,5,4,53,24,86,104,0,104,190
11/23/2010,MWH,WA,ANM,WE,Combined TRACON& Tower with Radar,0,1,1,0,2,0,1,1,0,2,0,2,2,0,4,0,0,0,4
11/24/2010,MWH,WA,ANM,WE,Combined TRACON& Tower with Radar,17,0,2,2,21,0,1,2,0,3,17,1,4,2,24,8,0,8,32
11/25/2010,MWH,WA,ANM,WE,Combined TRACON& Tower with Radar,0,0,0,0,0,0,0,0,0,0,0,0,0,0,0,0,0,0,0
11/26/2010,MWH,WA,ANM,WE,Combined TRACON& Tower with Radar,0,4,3,0,7,0,0,0,0,0,0,4,3,0,7,0,0,0,7
11/27/2010,MWH,WA,ANM,WE,Combined TRACON& Tower with Radar,0,2,2,0,4,0,0,0,0,0,0,2,2,0,4,0,0,0,4
11/28/2010,MWH,WA,ANM,WE,Combined TRACON& Tower with Radar,0,2,0,0,2,0,0,0,0,0,0,2,0,0,2,0,0,0,2
11/29/2010,MWH,WA,ANM,WE,Combined TRACON& Tower with Radar,8,7,4,5,24,0,0,0,0,0,8,7,4,5,24,0,0,0,24
11/30/2010,MWH,WA,ANM,WE,Combined TRACON& Tower with Radar,2,4,1,2,9,0,0,0,0,0,2,4,1,2,9,0,0,0,9
12/01/2010,MWH,WA,ANM,WE,Combined TRACON& Tower with Radar,0,3,1,9,13,0,1,0,0,1,0,4,1,9,14,0,0,0,14
12/02/2010,MWH,WA,ANM,WE,Combined TRACON& Tower with Radar,4,4,4,12,24,0,1,2,0,3,4,5,6,12,27,24,0,24,51
12/03/2010,MWH,WA,ANM,WE,Combined TRACON& Tower with Radar,4,5,4,5,18,0,1,0,0,1,4,6,4,5,19,0,0,0,19
12/04/2010,MWH,WA,ANM,WE,Combined TRACON& Tower with Radar,2,28,6,40,76,4,4,3,0,11,6,32,9,40,87,0,0,0,87
12/05/2010,MWH,WA,ANM,WE,Combined TRACON& Tower with Radar,0,0,4,6,10,0,0,1,0,1,0,0,5,6,11,0,0,0,11
12/06/2010,MWH,WA,ANM,WE,Combined TRACON& Tower with Radar,15,2,15,80,112,2,2,36,8,48,17,4,51,88,160,144,26,170,330
12/07/2010,MWH,WA,ANM,WE,Combined TRACON& Tower with Radar,0,0,7,39,46,0,3,15,0,18,0,3,22,39,64,84,29,113,177
12/08/2010,MWH,WA,ANM,WE,Combined TRACON& Tower with Radar,11,0,31,4,46,0,2,3,0,5,11,2,34,4,51,8,0,8,59
12/09/2010,MWH,WA,ANM,WE,Combined TRACON& Tower with Radar,4,6,5,10,25,0,0,0,1,1,4,6,5,11,26,2,6,8,34
12/10/2010,MWH,WA,ANM,WE,Combined TRACON& Tower with Radar,18,1,11,49,79,14,3,9,2,28,32,4,20,51,107,20,38,58,165
12/11/2010,MWH,WA,ANM,WE,Combined TRACON& Tower with Radar,0,2,1,0,3,0,0,0,0,0,0,2,1,0,3,0,0,0,3
12/12/2010,MWH,WA,ANM,WE,Combined TRACON& Tower with Radar,0,0,0,0,0,0,0,0,0,0,0,0,0,0,0,0,0,0,0
12/13/2010,MWH,WA,ANM,WE,Combined TRACON& Tower with Radar,0,0,1,0,1,0,0,0,0,0,0,0,1,0,1,0,0,0,1
12/14/2010,MWH,WA,ANM,WE,Combined TRACON& Tower with Radar,16,1,22,10,49,0,3,1,0,4,16,4,23,10,53,2,2,4,57
12/15/2010,MWH,WA,ANM,WE,Combined TRACON& Tower with Radar,30,1,10,38,79,0,1,1,3,5,30,2,11,41,84,0,14,14,98
12/16/2010,MWH,WA,ANM,WE,Combined TRACON& Tower with Radar,22,3,2,22,49,1,0,3,0,4,23,3,5,22,53,0,0,0,53
12/17/2010,MWH,WA,ANM,WE,Combined TRACON& Tower with Radar,8,2,14,131,155,0,0,5,0,5,8,2,19,131,160,0,0,0,160
12/18/2010,MWH,WA,ANM,WE,Combined TRACON& Tower with Radar,2,0,0,0,2,0,0,0,0,0,2,0,0,0,2,0,0,0,2
12/19/2010,MWH,WA,ANM,WE,Combined TRACON& Tower with Radar,0,0,2,0,2,0,0,0,0,0,0,0,2,0,2,0,0,0,2
12/20/2010,MWH,WA,ANM,WE,Combined TRACON& Tower with Radar,0,2,2,6,10,0,0,2,0,2,0,2,4,6,12,0,0,0,12
12/21/2010,MWH,WA,ANM,WE,Combined TRACON& Tower with Radar,0,2,1,7,10,0,0,1,0,1,0,2,2,7,11,0,0,0,11
12/22/2010,MWH,WA,ANM,WE,Combined TRACON& Tower with Radar,0,5,0,15,20,0,0,0,0,0,0,5,0,15,20,0,0,0,20
12/23/2010,MWH,WA,ANM,WE,Combined TRACON& Tower with Radar,0,6,16,3,25,0,0,0,0,0,0,6,16,3,25,0,0,0,25
12/24/2010,MWH,WA,ANM,WE,Combined TRACON& Tower with Radar,0,3,0,0,3,0,1,0,0,1,0,4,0,0,4,0,0,0,4
12/25/2010,MWH,WA,ANM,WE,Combined TRACON& Tower with Radar,0,0,0,0,0,0,0,0,0,0,0,0,0,0,0,0,0,0,0
12/26/2010,MWH,WA,ANM,WE,Combined TRACON& Tower with Radar,0,1,9,0,10,0,0,0,0,0,0,1,9,0,10,0,0,0,10
12/27/2010,MWH,WA,ANM,WE,Combined TRACON& Tower with Radar,8,3,0,0,11,0,3,2,0,5,8,6,2,0,16,0,0,0,16
12/28/2010,MWH,WA,ANM,WE,Combined TRACON& Tower with Radar,0,1,5,20,26,0,3,1,0,4,0,4,6,20,30,0,4,4,34
12/29/2010,MWH,WA,ANM,WE,Combined TRACON& Tower with Radar,0,8,0,12,20,0,4,0,0,4,0,12,0,12,24,0,0,0,24
12/30/2010,MWH,WA,ANM,WE,Combined TRACON& Tower with Radar,0,1,10,19,30,0,3,1,1,5,0,4,11,20,35,0,8,8,43
12/31/2010,MWH,WA,ANM,WE,Combined TRACON& Tower with Radar,0,5,0,0,5,0,2,3,0,5,0,7,3,0,10,0,0,0,10
01/01/2011,MWH,WA,ANM,WE,Combined TRACON& Tower with Radar,0,3,0,0,3,0,0,0,0,0,0,3,0,0,3,0,0,0,3
01/02/2011,MWH,WA,ANM,WE,Combined TRACON& Tower with Radar,0,0,2,0,2,0,0,4,0,4,0,0,6,0,6,0,0,0,6
01/03/2011,MWH,WA,ANM,WE,Combined TRACON& Tower with Radar,2,6,11,67,86,0,1,24,9,34,2,7,35,76,120,48,24,72,192
01/04/2011,MWH,WA,ANM,WE,Combined TRACON& Tower with Radar,11,6,0,20,37,0,1,23,0,24,11,7,23,20,61,32,8,40,101
01/05/2011,MWH,WA,ANM,WE,Combined TRACON& Tower with Radar,4,6,5,27,42,0,0,0,0,0,4,6,5,27,42,0,0,0,42
01/06/2011,MWH,WA,ANM,WE,Combined TRACON& Tower with Radar,4,4,5,12,25,0,2,28,1,31,4,6,33,13,56,86,6,92,148
01/07/2011,MWH,WA,ANM,WE,Combined TRACON& Tower with Radar,16,8,5,17,46,0,1,0,0,1,16,9,5,17,47,0,0,0,47
01/08/2011,MWH,WA,ANM,WE,Combined TRACON& Tower with Radar,12,0,4,8,24,0,2,4,0,6,12,2,8,8,30,0,0,0,30
01/09/2011,MWH,WA,ANM,WE,Combined TRACON& Tower with Radar,14,0,0,3,17,8,0,3,0,11,22,0,3,3,28,0,0,0,28
01/10/2011,MWH,WA,ANM,WE,Combined TRACON& Tower with Radar,11,2,51,29,93,0,2,95,10,107,11,4,146,39,200,152,0,152,352
01/11/2011,MWH,WA,ANM,WE,Combined TRACON& Tower with Radar,27,2,7,47,83,0,2,47,12,61,27,4,54,59,144,141,46,187,331
01/12/2011,MWH,WA,ANM,WE,Combined TRACON& Tower with Radar,4,6,4,4,18,0,2,2,2,6,4,8,6,6,24,0,14,14,38
01/13/2011,MWH,WA,ANM,WE,Combined TRACON& Tower with Radar,2,4,2,6,14,0,1,0,0,1,2,5,2,6,15,0,0,0,15
01/14/2011,MWH,WA,ANM,WE,Combined TRACON& Tower with Radar,43,2,9,39,93,1,2,3,3,9,44,4,12,42,102,24,6,30,132
01/15/2011,MWH,WA,ANM,WE,Combined TRACON& Tower with Radar,29,1,1,34,65,0,1,2,0,3,29,2,3,34,68,0,0,0,68
01/16/2011,MWH,WA,ANM,WE,Combined TRACON& Tower with Radar,29,0,0,0,29,0,0,0,0,0,29,0,0,0,29,0,0,0,29
01/17/2011,MWH,WA,ANM,WE,Combined TRACON& Tower with Radar,16,3,6,0,25,4,4,2,0,10,20,7,8,0,35,0,0,0,35
01/18/2011,MWH,WA,ANM,WE,Combined TRACON& Tower with Radar,8,12,7,111,138,1,0,42,0,43,9,12,49,111,181,176,33,209,390
01/19/2011,MWH,WA,ANM,WE,Combined TRACON& Tower with Radar,4,4,12,46,66,2,3,53,2,60,6,7,65,48,126,90,12,102,228
01/20/2011,MWH,WA,ANM,WE,Combined TRACON& Tower with Radar,0,3,50,83,136,0,4,2,0,6,0,7,52,83,142,0,0,0,142
01/21/2011,MWH,WA,ANM,WE,Combined TRACON& Tower with Radar,22,13,0,3,38,0,2,0,0,2,22,15,0,3,40,0,0,0,40
01/22/2011,MWH,WA,ANM,WE,Combined TRACON& Tower with Radar,41,0,11,50,102,1,2,18,0,21,42,2,29,50,123,0,0,0,123
01/23/2011,MWH,WA,ANM,WE,Combined TRACON& Tower with Radar,15,0,3,7,25,0,0,5,0,5,15,0,8,7,30,0,0,0,30
01/24/2011,MWH,WA,ANM,WE,Combined TRACON& Tower with Radar,12,4,61,134,211,0,0,26,0,26,12,4,87,134,237,98,0,98,335
01/25/2011,MWH,WA,ANM,WE,Combined TRACON& Tower with Radar,7,15,8,16,46,0,1,0,0,1,7,16,8,16,47,0,0,0,47
01/26/2011,MWH,WA,ANM,WE,Combined TRACON& Tower with Radar,2,5,6,4,17,0,2,0,0,2,2,7,6,4,19,0,0,0,19
01/27/2011,MWH,WA,ANM,WE,Combined TRACON& Tower with Radar,0,4,27,27,58,0,2,0,0,2,0,6,27,27,60,0,0,0,60
01/28/2011,MWH,WA,ANM,WE,Combined TRACON& Tower with Radar,0,11,3,5,19,0,1,0,0,1,0,12,3,5,20,0,0,0,20
01/29/2011,MWH,WA,ANM,WE,Combined TRACON& Tower with Radar,12,2,5,1,20,0,0,1,0,1,12,2,6,1,21,0,0,0,21
01/30/2011,MWH,WA,ANM,WE,Combined TRACON& Tower with Radar,12,0,7,0,19,0,0,4,0,4,12,0,11,0,23,0,0,0,23
01/31/2011,MWH,WA,ANM,WE,Combined TRACON& Tower with Radar,10,0,44,99,153,0,4,50,34,88,10,4,94,133,241,150,84,234,475
02/01/2011,MWH,WA,ANM,WE,Combined TRACON& Tower with Radar,7,1,13,44,65,1,6,61,7,75,8,7,74,51,140,208,22,230,370
02/02/2011,MWH,WA,ANM,WE,Combined TRACON& Tower with Radar,41,1,22,47,111,0,3,65,14,82,41,4,87,61,193,92,44,136,329
02/03/2011,MWH,WA,ANM,WE,Combined TRACON& Tower with Radar,21,3,11,13,48,1,4,47,0,52,22,7,58,13,100,126,22,148,248
02/04/2011,MWH,WA,ANM,WE,Combined TRACON& Tower with Radar,49,1,11,93,154,0,3,0,0,3,49,4,11,93,157,0,0,0,157
02/05/2011,MWH,WA,ANM,WE,Combined TRACON& Tower with Radar,0,0,25,46,71,0,2,5,0,7,0,2,30,46,78,0,0,0,78
02/06/2011,MWH,WA,ANM,WE,Combined TRACON& Tower with Radar,0,0,0,0,0,0,0,0,0,0,0,0,0,0,0,0,0,0,0
02/07/2011,MWH,WA,ANM,WE,Combined TRACON& Tower with Radar,35,13,36,102,186,24,3,39,21,87,59,16,75,123,273,56,68,124,397
02/08/2011,MWH,WA,ANM,WE,Combined TRACON& Tower with Radar,10,12,29,60,111,0,2,15,3,20,10,14,44,63,131,62,18,80,211
02/09/2011,MWH,WA,ANM,WE,Combined TRACON& Tower with Radar,30,9,24,47,110,17,3,119,1,140,47,12,143,48,250,62,4,66,316
02/10/2011,MWH,WA,ANM,WE,Combined TRACON& Tower with Radar,13,8,13,28,62,4,3,50,4,61,17,11,63,32,123,84,6,90,213
02/11/2011,MWH,WA,ANM,WE,Combined TRACON& Tower with Radar,58,8,5,72,143,0,2,10,0,12,58,10,15,72,155,0,0,0,155
02/12/2011,MWH,WA,ANM,WE,Combined TRACON& Tower with Radar,12,1,4,17,34,0,2,1,0,3,12,3,5,17,37,0,0,0,37
02/13/2011,MWH,WA,ANM,WE,Combined TRACON& Tower with Radar,2,0,16,11,29,0,0,1,0,1,2,0,17,11,30,0,0,0,30
02/14/2011,MWH,WA,ANM,WE,Combined TRACON& Tower with Radar,27,3,20,51,101,4,4,47,6,61,31,7,67,57,162,112,24,136,298
02/15/2011,MWH,WA,ANM,WE,Combined TRACON& Tower with Radar,57,2,5,38,102,0,1,0,0,1,57,3,5,38,103,0,0,0,103
02/16/2011,MWH,WA,ANM,WE,Combined TRACON& Tower with Radar,2,2,19,52,75,1,1,33,0,35,3,3,52,52,110,82,0,82,192
02/17/2011,MWH,WA,ANM,WE,Combined TRACON& Tower with Radar,46,2,24,79,151,0,2,48,4,54,46,4,72,83,205,146,18,164,369
02/18/2011,MWH,WA,ANM,WE,Combined TRACON& Tower with Radar,20,3,13,16,52,0,1,2,0,3,20,4,15,16,55,0,0,0,55
02/19/2011,MWH,WA,ANM,WE,Combined TRACON& Tower with Radar,20,1,1,1,23,0,1,2,0,3,20,2,3,1,26,0,0,0,26
02/20/2011,MWH,WA,ANM,WE,Combined TRACON& Tower with Radar,5,0,6,13,24,1,0,2,0,3,6,0,8,13,27,0,0,0,27
02/21/2011,MWH,WA,ANM,WE,Combined TRACON& Tower with Radar,44,5,21,0,70,0,5,34,0,39,44,10,55,0,109,74,0,74,183
02/22/2011,MWH,WA,ANM,WE,Combined TRACON& Tower with Radar,39,10,14,33,96,0,4,21,0,25,39,14,35,33,121,118,28,146,267
02/23/2011,MWH,WA,ANM,WE,Combined TRACON& Tower with Radar,8,15,16,9,48,0,2,19,0,21,8,17,35,9,69,38,0,38,107
02/24/2011,MWH,WA,ANM,WE,Combined TRACON& Tower with Radar,5,13,13,6,37,0,1,1,0,2,5,14,14,6,39,0,0,0,39
02/25/2011,MWH,WA,ANM,WE,Combined TRACON& Tower with Radar,32,13,4,17,66,0,7,5,0,12,32,20,9,17,78,0,0,0,78
02/26/2011,MWH,WA,ANM,WE,Combined TRACON& Tower with Radar,18,0,3,57,78,0,2,0,0,2,18,2,3,57,80,0,0,0,80
02/27/2011,MWH,WA,ANM,WE,Combined TRACON& Tower with Radar,4,2,4,10,20,0,0,1,2,3,4,2,5,12,23,10,22,32,55
02/28/2011,MWH,WA,ANM,WE,Combined TRACON& Tower with Radar,16,8,3,38,65,0,3,12,0,15,16,11,15,38,80,26,0,26,106
03/01/2011,MWH,WA,ANM,WE,Combined TRACON& Tower with Radar,31,4,3,41,79,0,0,0,0,0,31,4,3,41,79,0,0,0,79
03/02/2011,MWH,WA,ANM,WE,Combined TRACON& Tower with Radar,24,9,11,61,105,7,1,60,1,69,31,10,71,62,174,166,52,218,392
03/03/2011,MWH,WA,ANM,WE,Combined TRACON& Tower with Radar,24,2,15,9,50,0,3,53,0,56,24,5,68,9,106,110,0,110,216
03/04/2011,MWH,WA,ANM,WE,Combined TRACON& Tower with Radar,49,2,22,23,96,0,1,5,0,6,49,3,27,23,102,0,0,0,102
03/05/2011,MWH,WA,ANM,WE,Combined TRACON& Tower with Radar,19,0,4,10,33,2,2,5,0,9,21,2,9,10,42,0,0,0,42
03/06/2011,MWH,WA,ANM,WE,Combined TRACON& Tower with Radar,2,0,2,13,17,1,0,2,1,4,3,0,4,14,21,0,6,6,27
03/07/2011,MWH,WA,ANM,WE,Combined TRACON& Tower with Radar,5,0,48,69,122,2,4,64,2,72,7,4,112,71,194,82,6,88,282
03/08/2011,MWH,WA,ANM,WE,Combined TRACON& Tower with Radar,10,5,6,16,37,6,1,27,0,34,16,6,33,16,71,118,0,118,189
03/09/2011,MWH,WA,ANM,WE,Combined TRACON& Tower with Radar,6,4,12,59,81,0,2,18,2,22,6,6,30,61,103,56,20,76,179
03/10/2011,MWH,WA,ANM,WE,Combined TRACON& Tower with Radar,8,3,7,46,64,0,1,14,4,19,8,4,21,50,83,95,26,121,204
03/11/2011,MWH,WA,ANM,WE,Combined TRACON& Tower with Radar,0,1,18,18,37,0,3,8,0,11,0,4,26,18,48,8,10,18,66
03/12/2011,MWH,WA,ANM,WE,Combined TRACON& Tower with Radar,4,3,27,5,39,0,1,2,0,3,4,4,29,5,42,0,0,0,42
03/13/2011,MWH,WA,ANM,WE,Combined TRACON& Tower with Radar,6,0,6,3,15,0,0,0,0,0,6,0,6,3,15,0,0,0,15
03/14/2011,MWH,WA,ANM,WE,Combined TRACON& Tower with Radar,4,0,39,80,123,0,4,13,0,17,4,4,52,80,140,62,14,76,216
03/15/2011,MWH,WA,ANM,WE,Combined TRACON& Tower with Radar,4,4,22,39,69,0,0,16,4,20,4,4,38,43,89,88,24,112,201
03/16/2011,MWH,WA,ANM,WE,Combined TRACON& Tower with Radar,8,1,12,31,52,0,3,22,0,25,8,4,34,31,77,10,0,10,87
03/17/2011,MWH,WA,ANM,WE,Combined TRACON& Tower with Radar,14,3,22,21,60,0,1,17,0,18,14,4,39,21,78,14,2,16,94
03/18/2011,MWH,WA,ANM,WE,Combined TRACON& Tower with Radar,6,3,2,49,60,0,1,4,0,5,6,4,6,49,65,16,48,64,129
03/19/2011,MWH,WA,ANM,WE,Combined TRACON& Tower with Radar,37,0,4,18,59,1,0,1,0,2,38,0,5,18,61,0,0,0,61
03/20/2011,MWH,WA,ANM,WE,Combined TRACON& Tower with Radar,10,1,4,1,16,2,1,0,0,3,12,2,4,1,19,0,0,0,19
03/21/2011,MWH,WA,ANM,WE,Combined TRACON& Tower with Radar,19,7,4,17,47,0,1,0,0,1,19,8,4,17,48,0,0,0,48
03/22/2011,MWH,WA,ANM,WE,Combined TRACON& Tower with Radar,19,2,4,45,70,1,2,0,0,3,20,4,4,45,73,0,20,20,93
03/23/2011,MWH,WA,ANM,WE,Combined TRACON& Tower with Radar,48,1,8,27,84,3,3,4,1,11,51,4,12,28,95,0,0,0,95
03/24/2011,MWH,WA,ANM,WE,Combined TRACON& Tower with Radar,27,4,10,32,73,1,2,6,4,13,28,6,16,36,86,0,30,30,116
03/25/2011,MWH,WA,ANM,WE,Combined TRACON& Tower with Radar,77,4,1,26,108,1,0,1,1,3,78,4,2,27,111,0,0,0,111
03/26/2011,MWH,WA,ANM,WE,Combined TRACON& Tower with Radar,56,2,8,22,88,0,0,1,0,1,56,2,9,22,89,0,0,0,89
03/27/2011,MWH,WA,ANM,WE,Combined TRACON& Tower with Radar,18,2,6,2,28,0,0,1,0,1,18,2,7,2,29,0,0,0,29
03/28/2011,MWH,WA,ANM,WE,Combined TRACON& Tower with Radar,16,2,29,16,63,0,2,19,0,21,16,4,48,16,84,110,0,110,194
03/29/2011,MWH,WA,ANM,WE,Combined TRACON& Tower with Radar,30,10,25,33,98,0,0,14,0,14,30,10,39,33,112,139,0,139,251
03/30/2011,MWH,WA,ANM,WE,Combined TRACON& Tower with Radar,6,5,24,30,65,0,1,27,1,29,6,6,51,31,94,188,16,204,298
03/31/2011,MWH,WA,ANM,WE,Combined TRACON& Tower with Radar,4,4,26,10,44,0,2,17,0,19,4,6,43,10,63,136,16,152,215
04/01/2011,MWH,WA,ANM,WE,Combined TRACON& Tower with Radar,12,4,18,86,120,0,0,4,5,9,12,4,22,91,129,0,28,28,157
04/02/2011,MWH,WA,ANM,WE,Combined TRACON& Tower with Radar,9,2,3,59,73,2,0,0,1,3,11,2,3,60,76,0,0,0,76
04/03/2011,MWH,WA,ANM,WE,Combined TRACON& Tower with Radar,14,0,10,11,35,2,0,7,0,9,16,0,17,11,44,0,0,0,44
04/04/2011,MWH,WA,ANM,WE,Combined TRACON& Tower with Radar,34,3,22,69,128,0,1,46,4,51,34,4,68,73,179,92,16,108,287
04/05/2011,MWH,WA,ANM,WE,Combined TRACON& Tower with Radar,10,6,22,54,92,0,0,31,3,34,10,6,53,57,126,66,14,80,206
04/06/2011,MWH,WA,ANM,WE,Combined TRACON& Tower with Radar,25,4,43,95,167,0,0,32,16,48,25,4,75,111,215,48,0,48,263
04/07/2011,MWH,WA,ANM,WE,Combined TRACON& Tower with Radar,33,6,35,74,148,1,0,39,3,43,34,6,74,77,191,30,0,30,221
04/08/2011,MWH,WA,ANM,WE,Combined TRACON& Tower with Radar,18,4,28,98,148,5,2,46,0,53,23,6,74,98,201,28,8,36,237
04/09/2011,MWH,WA,ANM,WE,Combined TRACON& Tower with Radar,12,2,7,39,60,0,0,9,0,9,12,2,16,39,69,0,0,0,69
04/10/2011,MWH,WA,ANM,WE,Combined TRACON& Tower with Radar,0,0,12,24,36,0,0,1,0,1,0,0,13,24,37,0,0,0,37
04/11/2011,MWH,WA,ANM,WE,Combined TRACON& Tower with Radar,18,0,12,110,140,1,2,18,3,24,19,2,30,113,164,48,72,120,284
04/12/2011,MWH,WA,ANM,WE,Combined TRACON& Tower with Radar,21,4,14,74,113,2,8,73,3,86,23,12,87,77,199,55,94,149,348
04/13/2011,MWH,WA,ANM,WE,Combined TRACON& Tower with Radar,21,5,8,42,76,0,0,27,0,27,21,5,35,42,103,90,0,90,193
04/14/2011,MWH,WA,ANM,WE,Combined TRACON& Tower with Radar,16,5,26,184,231,0,0,31,15,46,16,5,57,199,277,42,40,82,359
04/15/2011,MWH,WA,ANM,WE,Combined TRACON& Tower with Radar,6,5,6,65,82,0,0,6,2,8,6,5,12,67,90,38,22,60,150
04/16/2011,MWH,WA,ANM,WE,Combined TRACON& Tower with Radar,9,4,1,37,51,3,0,2,1,6,12,4,3,38,57,0,0,0,57
04/17/2011,MWH,WA,ANM,WE,Combined TRACON& Tower with Radar,11,11,4,16,42,0,0,6,0,6,11,11,10,16,48,0,0,0,48
04/18/2011,MWH,WA,ANM,WE,Combined TRACON& Tower with Radar,39,6,60,56,161,0,2,31,0,33,39,8,91,56,194,54,0,54,248
04/19/2011,MWH,WA,ANM,WE,Combined TRACON& Tower with Radar,54,9,18,37,118,6,2,64,1,73,60,11,82,38,191,62,8,70,261
04/20/2011,MWH,WA,ANM,WE,Combined TRACON& Tower with Radar,74,6,26,53,159,17,2,43,2,64,91,8,69,55,223,42,36,78,301
04/21/2011,MWH,WA,ANM,WE,Combined TRACON& Tower with Radar,8,4,17,39,68,0,0,6,2,8,8,4,23,41,76,62,8,70,146
04/22/2011,MWH,WA,ANM,WE,Combined TRACON& Tower with Radar,38,3,15,90,146,0,1,4,1,6,38,4,19,91,152,0,0,0,152
04/23/2011,MWH,WA,ANM,WE,Combined TRACON& Tower with Radar,11,3,11,27,52,0,0,6,0,6,11,3,17,27,58,0,0,0,58
04/24/2011,MWH,WA,ANM,WE,Combined TRACON& Tower with Radar,0,2,11,0,13,0,0,2,0,2,0,2,13,0,15,0,0,0,15
04/25/2011,MWH,WA,ANM,WE,Combined TRACON& Tower with Radar,10,6,42,90,148,0,1,24,2,27,10,7,66,92,175,4,8,12,187
04/26/2011,MWH,WA,ANM,WE,Combined TRACON& Tower with Radar,13,5,27,79,124,0,0,26,3,29,13,5,53,82,153,88,38,126,279
04/27/2011,MWH,WA,ANM,WE,Combined TRACON& Tower with Radar,23,6,18,53,100,0,0,39,5,44,23,6,57,58,144,58,16,74,218
04/28/2011,MWH,WA,ANM,WE,Combined TRACON& Tower with Radar,18,20,31,47,116,0,2,37,5,44,18,22,68,52,160,36,26,62,222
04/29/2011,MWH,WA,ANM,WE,Combined TRACON& Tower with Radar,11,3,22,67,103,0,1,4,3,8,11,4,26,70,111,0,0,0,111
04/30/2011,MWH,WA,ANM,WE,Combined TRACON& Tower with Radar,10,3,2,38,53,1,0,7,1,9,11,3,9,39,62,0,0,0,62
05/01/2011,MWH,WA,ANM,WE,Combined TRACON& Tower with Radar,30,2,4,30,66,0,0,8,0,8,30,2,12,30,74,0,0,0,74
05/02/2011,MWH,WA,ANM,WE,Combined TRACON& Tower with Radar,64,9,24,94,191,3,2,38,1,44,67,11,62,95,235,94,8,102,337
05/03/2011,MWH,WA,ANM,WE,Combined TRACON& Tower with Radar,93,8,11,58,170,31,1,27,1,60,124,9,38,59,230,46,22,68,298
05/04/2011,MWH,WA,ANM,WE,Combined TRACON& Tower with Radar,82,7,15,112,216,1,1,64,14,80,83,8,79,126,296,60,90,150,446
05/05/2011,MWH,WA,ANM,WE,Combined TRACON& Tower with Radar,59,5,20,130,214,1,0,19,0,20,60,5,39,130,234,22,1,23,257
05/06/2011,MWH,WA,ANM,WE,Combined TRACON& Tower with Radar,36,9,3,80,128,0,0,3,0,3,36,9,6,80,131,0,30,30,161
05/07/2011,MWH,WA,ANM,WE,Combined TRACON& Tower with Radar,15,2,2,40,59,2,0,1,0,3,17,2,3,40,62,0,0,0,62
05/08/2011,MWH,WA,ANM,WE,Combined TRACON& Tower with Radar,0,0,0,2,2,0,0,2,0,2,0,0,2,2,4,0,0,0,4
05/09/2011,MWH,WA,ANM,WE,Combined TRACON& Tower with Radar,0,8,26,97,131,0,3,34,4,41,0,11,60,101,172,114,12,126,298
05/10/2011,MWH,WA,ANM,WE,Combined TRACON& Tower with Radar,16,6,27,71,120,0,1,54,0,55,16,7,81,71,175,44,48,92,267
05/11/2011,MWH,WA,ANM,WE,Combined TRACON& Tower with Radar,22,5,25,65,117,1,2,49,7,59,23,7,74,72,176,50,32,82,258
05/12/2011,MWH,WA,ANM,WE,Combined TRACON& Tower with Radar,20,17,13,35,85,0,0,47,0,47,20,17,60,35,132,100,0,100,232
05/13/2011,MWH,WA,ANM,WE,Combined TRACON& Tower with Radar,38,6,3,56,103,0,0,6,0,6,38,6,9,56,109,0,0,0,109
05/14/2011,MWH,WA,ANM,WE,Combined TRACON& Tower with Radar,4,4,4,15,27,0,0,1,0,1,4,4,5,15,28,0,0,0,28
05/15/2011,MWH,WA,ANM,WE,Combined TRACON& Tower with Radar,8,3,0,29,40,0,1,0,0,1,8,4,0,29,41,0,0,0,41
05/16/2011,MWH,WA,ANM,WE,Combined TRACON& Tower with Radar,44,2,43,45,134,9,3,20,4,36,53,5,63,49,170,34,12,46,216
05/17/2011,MWH,WA,ANM,WE,Combined TRACON& Tower with Radar,25,5,28,53,111,4,1,47,3,55,29,6,75,56,166,74,1,75,241
05/18/2011,MWH,WA,ANM,WE,Combined TRACON& Tower with Radar,13,5,28,14,60,12,0,51,2,65,25,5,79,16,125,74,24,98,223
05/19/2011,MWH,WA,ANM,WE,Combined TRACON& Tower with Radar,45,6,22,46,119,2,4,40,4,50,47,10,62,50,169,90,14,104,273
05/20/2011,MWH,WA,ANM,WE,Combined TRACON& Tower with Radar,6,4,8,99,117,0,0,18,22,40,6,4,26,121,157,0,25,25,182
05/21/2011,MWH,WA,ANM,WE,Combined TRACON& Tower with Radar,11,3,8,74,96,0,2,3,0,5,11,5,11,74,101,0,0,0,101
05/22/2011,MWH,WA,ANM,WE,Combined TRACON& Tower with Radar,4,0,9,36,49,2,0,1,0,3,6,0,10,36,52,0,0,0,52
05/23/2011,MWH,WA,ANM,WE,Combined TRACON& Tower with Radar,30,2,25,84,141,1,2,48,3,54,31,4,73,87,195,105,60,165,360
05/24/2011,MWH,WA,ANM,WE,Combined TRACON& Tower with Radar,20,4,13,72,109,2,0,34,9,45,22,4,47,81,154,54,44,98,252
05/25/2011,MWH,WA,ANM,WE,Combined TRACON& Tower with Radar,44,6,23,42,115,0,0,46,0,46,44,6,69,42,161,136,12,148,309
05/26/2011,MWH,WA,ANM,WE,Combined TRACON& Tower with Radar,0,8,9,97,114,0,1,11,6,18,0,9,20,103,132,1,0,1,133
05/27/2011,MWH,WA,ANM,WE,Combined TRACON& Tower with Radar,21,8,41,9,79,0,1,7,0,8,21,9,48,9,87,0,0,0,87
05/28/2011,MWH,WA,ANM,WE,Combined TRACON& Tower with Radar,4,9,6,1,20,0,0,3,0,3,4,9,9,1,23,0,0,0,23
05/29/2011,MWH,WA,ANM,WE,Combined TRACON& Tower with Radar,0,4,3,0,7,0,1,7,0,8,0,5,10,0,15,0,0,0,15
05/30/2011,MWH,WA,ANM,WE,Combined TRACON& Tower with Radar,0,0,7,2,9,0,0,7,0,7,0,0,14,2,16,40,0,40,56
05/31/2011,MWH,WA,ANM,WE,Combined TRACON& Tower with Radar,4,3,36,29,72,0,1,26,0,27,4,4,62,29,99,42,4,46,145
06/01/2011,MWH,WA,ANM,WE,Combined TRACON& Tower with Radar,14,5,28,59,106,0,0,53,1,54,14,5,81,60,160,180,12,192,352
06/02/2011,MWH,WA,ANM,WE,Combined TRACON& Tower with Radar,10,5,9,54,78,0,0,19,6,25,10,5,28,60,103,46,38,84,187
06/03/2011,MWH,WA,ANM,WE,Combined TRACON& Tower with Radar,23,5,8,88,124,0,0,14,4,18,23,5,22,92,142,10,22,32,174
06/04/2011,MWH,WA,ANM,WE,Combined TRACON& Tower with Radar,12,2,4,50,68,0,1,5,1,7,12,3,9,51,75,0,14,14,89
06/05/2011,MWH,WA,ANM,WE,Combined TRACON& Tower with Radar,18,0,1,24,43,0,0,5,0,5,18,0,6,24,48,0,0,0,48
06/06/2011,MWH,WA,ANM,WE,Combined TRACON& Tower with Radar,26,7,24,175,232,0,2,35,4,41,26,9,59,179,273,134,42,176,449
06/07/2011,MWH,WA,ANM,WE,Combined TRACON& Tower with Radar,5,4,28,89,126,1,0,21,0,22,6,4,49,89,148,22,38,60,208
06/08/2011,MWH,WA,ANM,WE,Combined TRACON& Tower with Radar,16,6,36,99,157,0,0,35,2,37,16,6,71,101,194,116,22,138,332
06/09/2011,MWH,WA,ANM,WE,Combined TRACON& Tower with Radar,42,5,25,35,107,0,1,23,2,26,42,6,48,37,133,46,12,58,191
06/10/2011,MWH,WA,ANM,WE,Combined TRACON& Tower with Radar,16,6,45,91,158,5,3,13,1,22,21,9,58,92,180,0,47,47,227
06/11/2011,MWH,WA,ANM,WE,Combined TRACON& Tower with Radar,0,3,56,14,73,0,0,13,1,14,0,3,69,15,87,0,0,0,87
06/12/2011,MWH,WA,ANM,WE,Combined TRACON& Tower with Radar,12,3,20,8,43,2,0,5,0,7,14,3,25,8,50,0,0,0,50
06/13/2011,MWH,WA,ANM,WE,Combined TRACON& Tower with Radar,33,12,9,89,143,0,2,1,0,3,33,14,10,89,146,0,14,14,160
06/14/2011,MWH,WA,ANM,WE,Combined TRACON& Tower with Radar,30,10,5,68,113,5,2,1,4,12,35,12,6,72,125,0,16,16,141
06/15/2011,MWH,WA,ANM,WE,Combined TRACON& Tower with Radar,10,7,15,94,126,0,3,20,5,28,10,10,35,99,154,3,52,55,209
06/16/2011,MWH,WA,ANM,WE,Combined TRACON& Tower with Radar,16,8,10,129,163,0,0,7,8,15,16,8,17,137,178,0,0,0,178
06/17/2011,MWH,WA,ANM,WE,Combined TRACON& Tower with Radar,4,8,7,23,42,0,1,10,3,14,4,9,17,26,56,4,20,24,80
06/18/2011,MWH,WA,ANM,WE,Combined TRACON& Tower with Radar,13,2,1,45,61,0,0,0,0,0,13,2,1,45,61,0,0,0,61
06/19/2011,MWH,WA,ANM,WE,Combined TRACON& Tower with Radar,6,4,8,6,24,0,0,6,2,8,6,4,14,8,32,0,0,0,32
06/20/2011,MWH,WA,ANM,WE,Combined TRACON& Tower with Radar,22,3,28,25,78,0,2,70,3,75,22,5,98,28,153,150,0,150,303
06/21/2011,MWH,WA,ANM,WE,Combined TRACON& Tower with Radar,21,6,38,35,100,0,0,80,5,85,21,6,118,40,185,158,0,158,343
06/22/2011,MWH,WA,ANM,WE,Combined TRACON& Tower with Radar,9,9,28,31,77,1,1,86,1,89,10,10,114,32,166,178,20,198,364
06/23/2011,MWH,WA,ANM,WE,Combined TRACON& Tower with Radar,4,4,33,59,100,0,1,61,16,78,4,5,94,75,178,366,69,435,613
06/24/2011,MWH,WA,ANM,WE,Combined TRACON& Tower with Radar,6,4,16,44,70,0,1,78,3,82,6,5,94,47,152,127,0,127,279
06/25/2011,MWH,WA,ANM,WE,Combined TRACON& Tower with Radar,13,1,5,27,46,3,2,4,0,9,16,3,9,27,55,0,0,0,55
06/26/2011,MWH,WA,ANM,WE,Combined TRACON& Tower with Radar,12,4,0,19,35,0,0,1,7,8,12,4,1,26,43,0,0,0,43
06/27/2011,MWH,WA,ANM,WE,Combined TRACON& Tower with Radar,91,2,36,113,242,12,2,67,0,81,103,4,103,113,323,158,16,174,497
06/28/2011,MWH,WA,ANM,WE,Combined TRACON& Tower with Radar,21,26,59,75,181,0,0,55,1,56,21,26,114,76,237,168,46,214,451
06/29/2011,MWH,WA,ANM,WE,Combined TRACON& Tower with Radar,26,7,43,117,193,0,2,58,8,68,26,9,101,125,261,188,14,202,463
06/30/2011,MWH,WA,ANM,WE,Combined TRACON& Tower with Radar,8,5,24,107,144,0,0,63,0,63,8,5,87,107,207,96,8,104,311
07/01/2011,MWH,WA,ANM,WE,Combined TRACON& Tower with Radar,12,6,12,71,101,0,0,44,0,44,12,6,56,71,145,74,34,108,253
07/02/2011,MWH,WA,ANM,WE,Combined TRACON& Tower with Radar,0,4,3,7,14,0,1,2,0,3,0,5,5,7,17,0,0,0,17
07/03/2011,MWH,WA,ANM,WE,Combined TRACON& Tower with Radar,0,1,14,0,15,0,0,3,0,3,0,1,17,0,18,0,0,0,18
07/04/2011,MWH,WA,ANM,WE,Combined TRACON& Tower with Radar,0,0,4,2,6,0,0,5,0,5,0,0,9,2,11,0,0,0,11
07/05/2011,MWH,WA,ANM,WE,Combined TRACON& Tower with Radar,4,10,27,92,133,0,1,49,2,52,4,11,76,94,185,66,46,112,297
07/06/2011,MWH,WA,ANM,WE,Combined TRACON& Tower with Radar,12,9,15,78,114,0,3,79,6,88,12,12,94,84,202,142,56,198,400
07/07/2011,MWH,WA,ANM,WE,Combined TRACON& Tower with Radar,15,8,11,67,101,3,0,56,4,63,18,8,67,71,164,88,32,120,284
07/08/2011,MWH,WA,ANM,WE,Combined TRACON& Tower with Radar,10,4,22,41,77,0,1,50,10,61,10,5,72,51,138,182,12,194,332
07/09/2011,MWH,WA,ANM,WE,Combined TRACON& Tower with Radar,2,7,20,65,94,0,1,2,0,3,2,8,22,65,97,0,0,0,97
07/10/2011,MWH,WA,ANM,WE,Combined TRACON& Tower with Radar,12,7,3,20,42,0,0,5,1,6,12,7,8,21,48,0,0,0,48
07/11/2011,MWH,WA,ANM,WE,Combined TRACON& Tower with Radar,19,7,36,65,127,1,2,72,2,77,20,9,108,67,204,172,8,180,384
07/12/2011,MWH,WA,ANM,WE,Combined TRACON& Tower with Radar,18,8,35,99,160,0,1,49,8,58,18,9,84,107,218,132,70,202,420
07/13/2011,MWH,WA,ANM,WE,Combined TRACON& Tower with Radar,14,9,43,145,211,0,0,54,7,61,14,9,97,152,272,86,25,111,383
07/14/2011,MWH,WA,ANM,WE,Combined TRACON& Tower with Radar,10,20,29,63,122,1,1,59,4,65,11,21,88,67,187,166,13,179,366
07/15/2011,MWH,WA,ANM,WE,Combined TRACON& Tower with Radar,26,5,24,93,148,0,3,43,14,60,26,8,67,107,208,89,68,157,365
07/16/2011,MWH,WA,ANM,WE,Combined TRACON& Tower with Radar,6,5,4,37,52,0,2,3,2,7,6,7,7,39,59,0,10,10,69
07/17/2011,MWH,WA,ANM,WE,Combined TRACON& Tower with Radar,15,6,7,5,33,1,4,8,0,13,16,10,15,5,46,0,0,0,46
07/18/2011,MWH,WA,ANM,WE,Combined TRACON& Tower with Radar,15,2,45,55,117,0,4,49,2,55,15,6,94,57,172,164,24,188,360
07/19/2011,MWH,WA,ANM,WE,Combined TRACON& Tower with Radar,12,7,14,105,138,2,3,27,2,34,14,10,41,107,172,136,16,152,324
07/20/2011,MWH,WA,ANM,WE,Combined TRACON& Tower with Radar,0,10,42,56,108,1,0,65,1,67,1,10,107,57,175,212,36,248,423
07/21/2011,MWH,WA,ANM,WE,Combined TRACON& Tower with Radar,31,11,33,54,129,0,0,31,2,33,31,11,64,56,162,73,15,88,250
07/22/2011,MWH,WA,ANM,WE,Combined TRACON& Tower with Radar,33,7,21,18,79,0,2,51,3,56,33,9,72,21,135,221,8,229,364
07/23/2011,MWH,WA,ANM,WE,Combined TRACON& Tower with Radar,31,9,5,2,47,0,7,6,0,13,31,16,11,2,60,0,0,0,60
07/24/2011,MWH,WA,ANM,WE,Combined TRACON& Tower with Radar,14,7,0,1,22,0,4,6,0,10,14,11,6,1,32,0,0,0,32
07/25/2011,MWH,WA,ANM,WE,Combined TRACON& Tower with Radar,14,5,31,40,90,0,2,16,7,25,14,7,47,47,115,48,0,48,163
07/26/2011,MWH,WA,ANM,WE,Combined TRACON& Tower with Radar,17,8,56,25,106,1,0,83,17,101,18,8,139,42,207,230,4,234,441
07/27/2011,MWH,WA,ANM,WE,Combined TRACON& Tower with Radar,23,8,33,33,97,1,0,58,26,85,24,8,91,59,182,158,0,158,340
07/28/2011,MWH,WA,ANM,WE,Combined TRACON& Tower with Radar,1,16,47,47,111,1,1,40,15,57,2,17,87,62,168,170,10,180,348
07/29/2011,MWH,WA,ANM,WE,Combined TRACON& Tower with Radar,23,10,24,32,89,3,2,11,7,23,26,12,35,39,112,20,0,20,132
07/30/2011,MWH,WA,ANM,WE,Combined TRACON& Tower with Radar,13,5,3,5,26,12,4,3,1,20,25,9,6,6,46,0,0,0,46
07/31/2011,MWH,WA,ANM,WE,Combined TRACON& Tower with Radar,20,4,7,21,52,0,8,1,2,11,20,12,8,23,63,0,0,0,63
08/01/2011,MWH,WA,ANM,WE,Combined TRACON& Tower with Radar,16,18,37,59,130,0,4,11,0,15,16,22,48,59,145,13,6,19,164
08/02/2011,MWH,WA,ANM,WE,Combined TRACON& Tower with Radar,13,13,31,47,104,1,6,7,0,14,14,19,38,47,118,0,0,0,118
08/03/2011,MWH,WA,ANM,WE,Combined TRACON& Tower with Radar,50,8,15,48,121,1,0,15,2,18,51,8,30,50,139,0,0,0,139
08/04/2011,MWH,WA,ANM,WE,Combined TRACON& Tower with Radar,72,7,35,87,201,0,0,12,2,14,72,7,47,89,215,4,10,14,229
08/05/2011,MWH,WA,ANM,WE,Combined TRACON& Tower with Radar,20,16,21,53,110,0,0,9,0,9,20,16,30,53,119,0,0,0,119
08/06/2011,MWH,WA,ANM,WE,Combined TRACON& Tower with Radar,3,7,15,6,31,1,1,5,0,7,4,8,20,6,38,0,0,0,38
08/07/2011,MWH,WA,ANM,WE,Combined TRACON& Tower with Radar,24,1,1,11,37,0,0,4,0,4,24,1,5,11,41,0,0,0,41
08/08/2011,MWH,WA,ANM,WE,Combined TRACON& Tower with Radar,6,4,11,33,54,0,3,6,0,9,6,7,17,33,63,18,42,60,123
08/09/2011,MWH,WA,ANM,WE,Combined TRACON& Tower with Radar,4,6,9,37,56,0,1,9,2,12,4,7,18,39,68,6,45,51,119
08/10/2011,MWH,WA,ANM,WE,Combined TRACON& Tower with Radar,52,6,16,68,142,0,2,6,4,12,52,8,22,72,154,0,0,0,154
08/11/2011,MWH,WA,ANM,WE,Combined TRACON& Tower with Radar,9,6,15,40,70,2,0,9,1,12,11,6,24,41,82,0,0,0,82
08/12/2011,MWH,WA,ANM,WE,Combined TRACON& Tower with Radar,10,8,6,66,90,0,0,8,1,9,10,8,14,67,99,0,0,0,99
08/13/2011,MWH,WA,ANM,WE,Combined TRACON& Tower with Radar,2,2,4,7,15,0,1,6,1,8,2,3,10,8,23,0,0,0,23
08/14/2011,MWH,WA,ANM,WE,Combined TRACON& Tower with Radar,0,4,13,4,21,0,0,8,0,8,0,4,21,4,29,0,0,0,29
08/15/2011,MWH,WA,ANM,WE,Combined TRACON& Tower with Radar,17,8,8,73,106,1,2,5,0,8,18,10,13,73,114,0,0,0,114
08/16/2011,MWH,WA,ANM,WE,Combined TRACON& Tower with Radar,29,14,16,100,159,2,0,14,0,16,31,14,30,100,175,0,0,0,175
08/17/2011,MWH,WA,ANM,WE,Combined TRACON& Tower with Radar,14,6,8,63,91,0,1,16,0,17,14,7,24,63,108,0,0,0,108
08/18/2011,MWH,WA,ANM,WE,Combined TRACON& Tower with Radar,18,18,4,48,88,0,1,5,8,14,18,19,9,56,102,0,0,0,102
08/19/2011,MWH,WA,ANM,WE,Combined TRACON& Tower with Radar,31,7,14,53,105,0,0,6,1,7,31,7,20,54,112,0,0,0,112
08/20/2011,MWH,WA,ANM,WE,Combined TRACON& Tower with Radar,4,4,11,20,39,0,0,8,0,8,4,4,19,20,47,0,0,0,47
08/21/2011,MWH,WA,ANM,WE,Combined TRACON& Tower with Radar,6,2,3,15,26,0,0,5,2,7,6,2,8,17,33,0,0,0,33
08/22/2011,MWH,WA,ANM,WE,Combined TRACON& Tower with Radar,16,5,23,38,82,0,1,3,0,4,16,6,26,38,86,0,0,0,86
08/23/2011,MWH,WA,ANM,WE,Combined TRACON& Tower with Radar,20,9,21,26,76,0,1,4,1,6,20,10,25,27,82,0,0,0,82
08/24/2011,MWH,WA,ANM,WE,Combined TRACON& Tower with Radar,36,10,20,38,104,1,2,8,1,12,37,12,28,39,116,0,0,0,116
08/25/2011,MWH,WA,ANM,WE,Combined TRACON& Tower with Radar,28,11,11,52,102,0,0,10,0,10,28,11,21,52,112,0,0,0,112
08/26/2011,MWH,WA,ANM,WE,Combined TRACON& Tower with Radar,38,4,2,59,103,0,1,3,0,4,38,5,5,59,107,0,0,0,107
08/27/2011,MWH,WA,ANM,WE,Combined TRACON& Tower with Radar,8,7,4,26,45,0,0,3,0,3,8,7,7,26,48,0,0,0,48
08/28/2011,MWH,WA,ANM,WE,Combined TRACON& Tower with Radar,2,6,4,14,26,0,2,2,0,4,2,8,6,14,30,0,0,0,30
08/29/2011,MWH,WA,ANM,WE,Combined TRACON& Tower with Radar,3,7,14,40,64,2,2,0,0,4,5,9,14,40,68,0,12,12,80
08/30/2011,MWH,WA,ANM,WE,Combined TRACON& Tower with Radar,3,9,15,90,117,0,4,9,5,18,3,13,24,95,135,0,23,23,158
08/31/2011,MWH,WA,ANM,WE,Combined TRACON& Tower with Radar,8,13,18,57,96,0,0,4,0,4,8,13,22,57,100,0,0,0,100
09/01/2011,MWH,WA,ANM,WE,Combined TRACON& Tower with Radar,52,9,11,25,97,0,0,4,0,4,52,9,15,25,101,0,39,39,140
09/02/2011,MWH,WA,ANM,WE,Combined TRACON& Tower with Radar,30,8,5,0,43,0,2,6,0,8,30,10,11,0,51,0,0,0,51
09/03/2011,MWH,WA,ANM,WE,Combined TRACON& Tower with Radar,0,4,3,2,9,0,1,6,0,7,0,5,9,2,16,0,0,0,16
09/04/2011,MWH,WA,ANM,WE,Combined TRACON& Tower with Radar,0,7,1,0,8,0,0,0,0,0,0,7,1,0,8,0,0,0,8
09/05/2011,MWH,WA,ANM,WE,Combined TRACON& Tower with Radar,0,6,1,10,17,0,0,5,0,5,0,6,6,10,22,0,0,0,22
09/06/2011,MWH,WA,ANM,WE,Combined TRACON& Tower with Radar,7,6,4,60,77,0,0,4,1,5,7,6,8,61,82,0,0,0,82
09/07/2011,MWH,WA,ANM,WE,Combined TRACON& Tower with Radar,45,7,15,53,120,0,2,1,3,6,45,9,16,56,126,0,0,0,126
09/08/2011,MWH,WA,ANM,WE,Combined TRACON& Tower with Radar,6,5,8,55,74,0,2,4,0,6,6,7,12,55,80,0,0,0,80
09/09/2011,MWH,WA,ANM,WE,Combined TRACON& Tower with Radar,55,10,11,25,101,0,0,2,0,2,55,10,13,25,103,0,0,0,103
09/10/2011,MWH,WA,ANM,WE,Combined TRACON& Tower with Radar,0,3,2,7,12,0,2,2,0,4,0,5,4,7,16,0,0,0,16
09/11/2011,MWH,WA,ANM,WE,Combined TRACON& Tower with Radar,4,6,3,9,22,0,1,5,0,6,4,7,8,9,28,0,0,0,28
09/12/2011,MWH,WA,ANM,WE,Combined TRACON& Tower with Radar,10,16,12,55,93,0,2,6,0,8,10,18,18,55,101,0,0,0,101
09/13/2011,MWH,WA,ANM,WE,Combined TRACON& Tower with Radar,27,24,11,97,159,1,0,38,0,39,28,24,49,97,198,60,32,92,290
09/14/2011,MWH,WA,ANM,WE,Combined TRACON& Tower with Radar,0,8,20,63,91,0,0,15,1,16,0,8,35,64,107,0,0,0,107
09/15/2011,MWH,WA,ANM,WE,Combined TRACON& Tower with Radar,28,6,13,67,114,0,0,3,3,6,28,6,16,70,120,0,0,0,120
09/16/2011,MWH,WA,ANM,WE,Combined TRACON& Tower with Radar,8,5,2,32,47,0,0,6,0,6,8,5,8,32,53,0,0,0,53
09/17/2011,MWH,WA,ANM,WE,Combined TRACON& Tower with Radar,10,3,3,0,16,0,1,5,0,6,10,4,8,0,22,0,0,0,22
09/18/2011,MWH,WA,ANM,WE,Combined TRACON& Tower with Radar,0,5,3,3,11,0,0,6,0,6,0,5,9,3,17,0,0,0,17
09/19/2011,MWH,WA,ANM,WE,Combined TRACON& Tower with Radar,32,2,28,43,105,0,2,24,1,27,32,4,52,44,132,46,16,62,194
09/20/2011,MWH,WA,ANM,WE,Combined TRACON& Tower with Radar,32,4,21,22,79,1,1,10,1,13,33,5,31,23,92,42,4,46,138
09/21/2011,MWH,WA,ANM,WE,Combined TRACON& Tower with Radar,20,6,33,51,110,0,0,39,0,39,20,6,72,51,149,72,0,72,221
09/22/2011,MWH,WA,ANM,WE,Combined TRACON& Tower with Radar,23,5,14,43,85,0,3,32,1,36,23,8,46,44,121,30,18,48,169
09/23/2011,MWH,WA,ANM,WE,Combined TRACON& Tower with Radar,17,10,7,13,47,0,0,4,0,4,17,10,11,13,51,0,0,0,51
09/24/2011,MWH,WA,ANM,WE,Combined TRACON& Tower with Radar,4,6,10,34,54,0,0,1,0,1,4,6,11,34,55,0,24,24,79
09/25/2011,MWH,WA,ANM,WE,Combined TRACON& Tower with Radar,4,3,6,15,28,0,0,1,9,10,4,3,7,24,38,0,0,0,38
09/26/2011,MWH,WA,ANM,WE,Combined TRACON& Tower with Radar,20,4,57,66,147,0,2,47,2,51,20,6,104,68,198,94,0,94,292
09/27/2011,MWH,WA,ANM,WE,Combined TRACON& Tower with Radar,21,6,29,64,120,0,1,32,0,33,21,7,61,64,153,87,0,87,240
09/28/2011,MWH,WA,ANM,WE,Combined TRACON& Tower with Radar,6,5,32,39,82,0,1,24,1,26,6,6,56,40,108,7,0,7,115
09/29/2011,MWH,WA,ANM,WE,Combined TRACON& Tower with Radar,16,6,20,60,102,0,2,40,0,42,16,8,60,60,144,30,0,30,174
09/30/2011,MWH,WA,ANM,WE,Combined TRACON& Tower with Radar,18,6,10,21,55,0,0,11,1,12,18,6,21,22,67,0,0,0,67
10/01/2011,MWH,WA,ANM,WE,Combined TRACON& Tower with Radar,0,2,3,26,31,0,1,2,0,3,0,3,5,26,34,0,0,0,34
10/02/2011,MWH,WA,ANM,WE,Combined TRACON& Tower with Radar,6,4,3,14,27,0,1,5,0,6,6,5,8,14,33,0,0,0,33
10/03/2011,MWH,WA,ANM,WE,Combined TRACON& Tower with Radar,4,5,24,36,69,0,2,22,0,24,4,7,46,36,93,32,3,35,128
10/04/2011,MWH,WA,ANM,WE,Combined TRACON& Tower with Radar,9,12,13,43,77,0,1,38,0,39,9,13,51,43,116,60,8,68,184
10/05/2011,MWH,WA,ANM,WE,Combined TRACON& Tower with Radar,22,8,41,35,106,0,0,0,0,0,22,8,41,35,106,0,0,0,106
10/06/2011,MWH,WA,ANM,WE,Combined TRACON& Tower with Radar,22,5,43,33,103,0,1,46,0,47,22,6,89,33,150,81,0,81,231
10/07/2011,MWH,WA,ANM,WE,Combined TRACON& Tower with Radar,8,4,1,49,62,0,4,2,7,13,8,8,3,56,75,22,40,62,137
10/08/2011,MWH,WA,ANM,WE,Combined TRACON& Tower with Radar,16,0,2,9,27,0,0,5,0,5,16,0,7,9,32,0,0,0,32
10/09/2011,MWH,WA,ANM,WE,Combined TRACON& Tower with Radar,4,1,1,3,9,0,0,3,0,3,4,1,4,3,12,0,0,0,12
10/10/2011,MWH,WA,ANM,WE,Combined TRACON& Tower with Radar,20,9,17,1,47,0,0,22,0,22,20,9,39,1,69,124,0,124,193
10/11/2011,MWH,WA,ANM,WE,Combined TRACON& Tower with Radar,5,7,27,70,109,1,0,7,0,8,6,7,34,70,117,0,45,45,162
10/12/2011,MWH,WA,ANM,WE,Combined TRACON& Tower with Radar,24,10,41,43,118,1,0,28,4,33,25,10,69,47,151,51,0,51,202
10/13/2011,MWH,WA,ANM,WE,Combined TRACON& Tower with Radar,12,8,20,43,83,0,3,35,0,38,12,11,55,43,121,0,0,0,121
10/14/2011,MWH,WA,ANM,WE,Combined TRACON& Tower with Radar,8,10,1,30,49,0,0,2,0,2,8,10,3,30,51,0,0,0,51
10/15/2011,MWH,WA,ANM,WE,Combined TRACON& Tower with Radar,28,8,2,2,40,0,2,6,0,8,28,10,8,2,48,0,0,0,48
10/16/2011,MWH,WA,ANM,WE,Combined TRACON& Tower with Radar,0,2,12,0,14,0,0,1,0,1,0,2,13,0,15,0,0,0,15
10/17/2011,MWH,WA,ANM,WE,Combined TRACON& Tower with Radar,8,4,23,11,46,0,2,16,1,19,8,6,39,12,65,98,20,118,183
10/18/2011,MWH,WA,ANM,WE,Combined TRACON& Tower with Radar,11,3,18,31,63,1,0,44,0,45,12,3,62,31,108,76,0,76,184
10/19/2011,MWH,WA,ANM,WE,Combined TRACON& Tower with Radar,14,10,30,39,93,0,1,69,0,70,14,11,99,39,163,152,8,160,323
10/20/2011,MWH,WA,ANM,WE,Combined TRACON& Tower with Radar,4,11,15,22,52,0,1,33,2,36,4,12,48,24,88,64,53,117,205
10/21/2011,MWH,WA,ANM,WE,Combined TRACON& Tower with Radar,19,6,1,26,52,0,0,6,0,6,19,6,7,26,58,0,0,0,58
10/22/2011,MWH,WA,ANM,WE,Combined TRACON& Tower with Radar,4,7,3,15,29,0,0,3,0,3,4,7,6,15,32,0,0,0,32
10/23/2011,MWH,WA,ANM,WE,Combined TRACON& Tower with Radar,0,4,0,4,8,0,0,2,1,3,0,4,2,5,11,0,0,0,11
10/24/2011,MWH,WA,ANM,WE,Combined TRACON& Tower with Radar,13,5,45,64,127,0,4,30,11,45,13,9,75,75,172,98,16,114,286
10/25/2011,MWH,WA,ANM,WE,Combined TRACON& Tower with Radar,51,7,25,64,147,0,4,40,0,44,51,11,65,64,191,66,0,66,257
10/26/2011,MWH,WA,ANM,WE,Combined TRACON& Tower with Radar,32,8,38,52,130,0,2,39,0,41,32,10,77,52,171,0,0,0,171
10/27/2011,MWH,WA,ANM,WE,Combined TRACON& Tower with Radar,29,7,36,36,108,0,2,23,0,25,29,9,59,36,133,100,0,100,233
10/28/2011,MWH,WA,ANM,WE,Combined TRACON& Tower with Radar,8,9,23,67,107,0,2,6,0,8,8,11,29,67,115,0,0,0,115
10/29/2011,MWH,WA,ANM,WE,Combined TRACON& Tower with Radar,0,2,21,5,28,0,1,12,0,13,0,3,33,5,41,0,0,0,41
10/30/2011,MWH,WA,ANM,WE,Combined TRACON& Tower with Radar,3,1,12,1,17,0,0,0,0,0,3,1,12,1,17,0,0,0,17
10/31/2011,MWH,WA,ANM,WE,Combined TRACON& Tower with Radar,17,4,21,67,109,0,2,16,0,18,17,6,37,67,127,0,0,0,127
11/01/2011,MWH,WA,ANM,WE,Combined TRACON& Tower with Radar,0,7,14,39,60,0,1,28,0,29,0,8,42,39,89,64,8,72,161
11/02/2011,MWH,WA,ANM,WE,Combined TRACON& Tower with Radar,15,6,38,43,102,0,0,20,7,27,15,6,58,50,129,14,0,14,143
11/03/2011,MWH,WA,ANM,WE,Combined TRACON& Tower with Radar,27,6,14,14,61,0,0,20,0,20,27,6,34,14,81,72,0,72,153
11/04/2011,MWH,WA,ANM,WE,Combined TRACON& Tower with Radar,6,6,10,20,42,0,1,3,0,4,6,7,13,20,46,0,0,0,46
11/05/2011,MWH,WA,ANM,WE,Combined TRACON& Tower with Radar,4,10,14,3,31,0,2,5,0,7,4,12,19,3,38,0,0,0,38
11/06/2011,MWH,WA,ANM,WE,Combined TRACON& Tower with Radar,2,4,3,4,13,0,0,7,0,7,2,4,10,4,20,0,0,0,20
11/07/2011,MWH,WA,ANM,WE,Combined TRACON& Tower with Radar,12,8,49,67,136,0,2,22,0,24,12,10,71,67,160,84,26,110,270
11/08/2011,MWH,WA,ANM,WE,Combined TRACON& Tower with Radar,8,7,13,41,69,0,1,20,0,21,8,8,33,41,90,66,6,72,162
11/09/2011,MWH,WA,ANM,WE,Combined TRACON& Tower with Radar,14,5,36,90,145,0,4,20,0,24,14,9,56,90,169,44,0,44,213
11/10/2011,MWH,WA,ANM,WE,Combined TRACON& Tower with Radar,20,6,26,87,139,0,0,20,0,20,20,6,46,87,159,8,0,8,167
11/11/2011,MWH,WA,ANM,WE,Combined TRACON& Tower with Radar,22,4,5,12,43,0,0,1,0,1,22,4,6,12,44,0,0,0,44
11/12/2011,MWH,WA,ANM,WE,Combined TRACON& Tower with Radar,10,4,2,6,22,0,0,0,0,0,10,4,2,6,22,0,0,0,22
11/13/2011,MWH,WA,ANM,WE,Combined TRACON& Tower with Radar,0,1,3,0,4,0,0,0,0,0,0,1,3,0,4,0,0,0,4
11/14/2011,MWH,WA,ANM,WE,Combined TRACON& Tower with Radar,20,5,42,56,123,0,0,19,0,19,20,5,61,56,142,0,0,0,142
11/15/2011,MWH,WA,ANM,WE,Combined TRACON& Tower with Radar,10,6,27,17,60,0,0,16,0,16,10,6,43,17,76,10,0,10,86
11/16/2011,MWH,WA,ANM,WE,Combined TRACON& Tower with Radar,4,6,27,7,44,0,0,28,0,28,4,6,55,7,72,6,0,6,78
11/17/2011,MWH,WA,ANM,WE,Combined TRACON& Tower with Radar,22,5,33,29,89,0,0,7,1,8,22,5,40,30,97,0,0,0,97
11/18/2011,MWH,WA,ANM,WE,Combined TRACON& Tower with Radar,16,4,4,0,24,0,0,3,0,3,16,4,7,0,27,0,0,0,27
11/19/2011,MWH,WA,ANM,WE,Combined TRACON& Tower with Radar,0,4,0,20,24,0,0,0,0,0,0,4,0,20,24,0,0,0,24
11/20/2011,MWH,WA,ANM,WE,Combined TRACON& Tower with Radar,0,2,4,16,22,0,0,0,0,0,0,2,4,16,22,0,0,0,22
11/21/2011,MWH,WA,ANM,WE,Combined TRACON& Tower with Radar,12,2,3,45,62,0,0,1,0,1,12,2,4,45,63,0,8,8,71
11/22/2011,MWH,WA,ANM,WE,Combined TRACON& Tower with Radar,8,2,18,10,38,0,1,1,0,2,8,3,19,10,40,0,0,0,40
11/23/2011,MWH,WA,ANM,WE,Combined TRACON& Tower with Radar,4,7,4,18,33,0,0,0,0,0,4,7,4,18,33,0,0,0,33
11/24/2011,MWH,WA,ANM,WE,Combined TRACON& Tower with Radar,0,1,0,0,1,0,0,2,0,2,0,1,2,0,3,9,0,9,12
11/25/2011,MWH,WA,ANM,WE,Combined TRACON& Tower with Radar,0,3,6,0,9,0,0,5,0,5,0,3,11,0,14,0,0,0,14
11/26/2011,MWH,WA,ANM,WE,Combined TRACON& Tower with Radar,2,19,9,0,30,0,2,3,0,5,2,21,12,0,35,0,0,0,35
11/27/2011,MWH,WA,ANM,WE,Combined TRACON& Tower with Radar,4,0,0,0,4,0,0,0,0,0,4,0,0,0,4,0,0,0,4
11/28/2011,MWH,WA,ANM,WE,Combined TRACON& Tower with Radar,11,4,39,19,73,0,2,10,0,12,11,6,49,19,85,0,0,0,85
11/29/2011,MWH,WA,ANM,WE,Combined TRACON& Tower with Radar,17,5,23,14,59,0,1,14,0,15,17,6,37,14,74,0,0,0,74
11/30/2011,MWH,WA,ANM,WE,Combined TRACON& Tower with Radar,23,2,27,12,64,0,0,10,0,10,23,2,37,12,74,0,0,0,74
12/01/2011,MWH,WA,ANM,WE,Combined TRACON& Tower with Radar,12,5,47,16,80,0,0,16,0,16,12,5,63,16,96,0,0,0,96
12/02/2011,MWH,WA,ANM,WE,Combined TRACON& Tower with Radar,28,6,5,12,51,0,0,1,1,2,28,6,6,13,53,0,0,0,53
12/03/2011,MWH,WA,ANM,WE,Combined TRACON& Tower with Radar,12,2,1,13,28,0,0,4,0,4,12,2,5,13,32,0,0,0,32
12/04/2011,MWH,WA,ANM,WE,Combined TRACON& Tower with Radar,0,4,0,2,6,0,0,1,0,1,0,4,1,2,7,0,0,0,7
12/05/2011,MWH,WA,ANM,WE,Combined TRACON& Tower with Radar,16,2,51,18,87,0,2,17,0,19,16,4,68,18,106,0,0,0,106
12/06/2011,MWH,WA,ANM,WE,Combined TRACON& Tower with Radar,7,3,12,19,41,0,1,5,0,6,7,4,17,19,47,0,0,0,47
12/07/2011,MWH,WA,ANM,WE,Combined TRACON& Tower with Radar,16,5,24,31,76,0,0,13,0,13,16,5,37,31,89,0,0,0,89
12/08/2011,MWH,WA,ANM,WE,Combined TRACON& Tower with Radar,4,4,24,63,95,0,0,7,0,7,4,4,31,63,102,0,0,0,102
12/09/2011,MWH,WA,ANM,WE,Combined TRACON& Tower with Radar,9,4,11,14,38,1,0,0,0,1,10,4,11,14,39,0,0,0,39
12/10/2011,MWH,WA,ANM,WE,Combined TRACON& Tower with Radar,0,2,4,0,6,0,0,0,0,0,0,2,4,0,6,0,0,0,6
12/11/2011,MWH,WA,ANM,WE,Combined TRACON& Tower with Radar,6,0,1,0,7,0,0,0,0,0,6,0,1,0,7,0,0,0,7
12/12/2011,MWH,WA,ANM,WE,Combined TRACON& Tower with Radar,18,2,2,38,60,0,0,0,0,0,18,2,2,38,60,0,0,0,60
12/13/2011,MWH,WA,ANM,WE,Combined TRACON& Tower with Radar,11,2,8,5,26,0,0,0,0,0,11,2,8,5,26,0,0,0,26
12/14/2011,MWH,WA,ANM,WE,Combined TRACON& Tower with Radar,14,1,7,13,35,0,0,3,0,3,14,1,10,13,38,0,0,0,38
12/15/2011,MWH,WA,ANM,WE,Combined TRACON& Tower with Radar,2,4,22,24,52,0,0,3,0,3,2,4,25,24,55,0,0,0,55
12/16/2011,MWH,WA,ANM,WE,Combined TRACON& Tower with Radar,17,4,18,6,45,0,0,0,0,0,17,4,18,6,45,0,0,0,45
12/17/2011,MWH,WA,ANM,WE,Combined TRACON& Tower with Radar,2,0,4,7,13,0,0,0,0,0,2,0,4,7,13,0,0,0,13
12/18/2011,MWH,WA,ANM,WE,Combined TRACON& Tower with Radar,2,0,8,17,27,0,0,0,0,0,2,0,8,17,27,0,0,0,27
12/19/2011,MWH,WA,ANM,WE,Combined TRACON& Tower with Radar,1,10,7,5,23,0,0,0,0,0,1,10,7,5,23,0,0,0,23
12/20/2011,MWH,WA,ANM,WE,Combined TRACON& Tower with Radar,0,6,7,2,15,0,0,0,0,0,0,6,7,2,15,0,0,0,15
12/21/2011,MWH,WA,ANM,WE,Combined TRACON& Tower with Radar,57,7,14,75,153,0,1,3,1,5,57,8,17,76,158,0,0,0,158
12/22/2011,MWH,WA,ANM,WE,Combined TRACON& Tower with Radar,20,5,6,28,59,0,0,5,0,5,20,5,11,28,64,0,0,0,64
12/23/2011,MWH,WA,ANM,WE,Combined TRACON& Tower with Radar,4,13,4,0,21,0,0,0,0,0,4,13,4,0,21,0,0,0,21
12/24/2011,MWH,WA,ANM,WE,Combined TRACON& Tower with Radar,0,2,0,0,2,0,0,4,0,4,0,2,4,0,6,0,0,0,6
12/25/2011,MWH,WA,ANM,WE,Combined TRACON& Tower with Radar,0,1,0,0,1,0,0,0,0,0,0,1,0,0,1,0,0,0,1
12/26/2011,MWH,WA,ANM,WE,Combined TRACON& Tower with Radar,8,3,5,0,16,0,0,8,0,8,8,3,13,0,24,0,0,0,24
12/27/2011,MWH,WA,ANM,WE,Combined TRACON& Tower with Radar,4,5,10,28,47,0,0,1,0,1,4,5,11,28,48,0,0,0,48
12/28/2011,MWH,WA,ANM,WE,Combined TRACON& Tower with Radar,4,7,12,20,43,0,1,0,0,1,4,8,12,20,44,0,0,0,44
12/29/2011,MWH,WA,ANM,WE,Combined TRACON& Tower with Radar,0,7,14,16,37,0,0,0,0,0,0,7,14,16,37,0,0,0,37
12/30/2011,MWH,WA,ANM,WE,Combined TRACON& Tower with Radar,4,4,5,16,29,0,0,2,0,2,4,4,7,16,31,0,0,0,31
12/31/2011,MWH,WA,ANM,WE,Combined TRACON& Tower with Radar,0,6,9,0,15,0,1,6,0,7,0,7,15,0,22,0,0,0,22
01/01/2012,MWH,WA,ANM,WE,Combined TRACON& Tower with Radar,0,2,0,0,2,0,0,1,0,1,0,2,1,0,3,0,0,0,3
01/02/2012,MWH,WA,ANM,WE,Combined TRACON& Tower with Radar,0,1,2,0,3,0,0,3,0,3,0,1,5,0,6,0,0,0,6
01/03/2012,MWH,WA,ANM,WE,Combined TRACON& Tower with Radar,0,9,2,27,38,0,1,5,0,6,0,10,7,27,44,0,0,0,44
01/04/2012,MWH,WA,ANM,WE,Combined TRACON& Tower with Radar,5,6,7,35,53,0,1,4,0,5,5,7,11,35,58,0,0,0,58
01/05/2012,MWH,WA,ANM,WE,Combined TRACON& Tower with Radar,9,6,23,25,63,0,0,13,0,13,9,6,36,25,76,0,0,0,76
01/06/2012,MWH,WA,ANM,WE,Combined TRACON& Tower with Radar,14,8,26,37,85,0,0,10,0,10,14,8,36,37,95,0,0,0,95
01/07/2012,MWH,WA,ANM,WE,Combined TRACON& Tower with Radar,4,5,23,13,45,0,1,3,0,4,4,6,26,13,49,0,0,0,49
01/08/2012,MWH,WA,ANM,WE,Combined TRACON& Tower with Radar,1,1,2,2,6,0,0,0,0,0,1,1,2,2,6,0,0,0,6
01/09/2012,MWH,WA,ANM,WE,Combined TRACON& Tower with Radar,0,5,5,18,28,0,0,0,0,0,0,5,5,18,28,0,0,0,28
01/10/2012,MWH,WA,ANM,WE,Combined TRACON& Tower with Radar,18,4,13,26,61,0,1,4,0,5,18,5,17,26,66,0,0,0,66
01/11/2012,MWH,WA,ANM,WE,Combined TRACON& Tower with Radar,12,7,25,19,63,0,0,42,0,42,12,7,67,19,105,220,0,220,325
01/12/2012,MWH,WA,ANM,WE,Combined TRACON& Tower with Radar,14,5,18,30,67,0,0,26,0,26,14,5,44,30,93,0,0,0,93
01/13/2012,MWH,WA,ANM,WE,Combined TRACON& Tower with Radar,10,6,12,54,82,0,0,2,0,2,10,6,14,54,84,0,0,0,84
01/14/2012,MWH,WA,ANM,WE,Combined TRACON& Tower with Radar,0,6,0,0,6,0,0,1,0,1,0,6,1,0,7,0,0,0,7
01/15/2012,MWH,WA,ANM,WE,Combined TRACON& Tower with Radar,2,5,0,0,7,1,0,0,0,1,3,5,0,0,8,0,0,0,8
01/16/2012,MWH,WA,ANM,WE,Combined TRACON& Tower with Radar,2,1,7,0,10,0,3,5,0,8,2,4,12,0,18,0,0,0,18
01/17/2012,MWH,WA,ANM,WE,Combined TRACON& Tower with Radar,14,6,3,2,25,0,0,5,0,5,14,6,8,2,30,0,0,0,30
01/18/2012,MWH,WA,ANM,WE,Combined TRACON& Tower with Radar,0,5,0,0,5,0,1,0,0,1,0,6,0,0,6,0,0,0,6
01/19/2012,MWH,WA,ANM,WE,Combined TRACON& Tower with Radar,0,4,2,0,6,0,0,0,0,0,0,4,2,0,6,0,0,0,6
01/20/2012,MWH,WA,ANM,WE,Combined TRACON& Tower with Radar,14,3,4,0,21,0,0,0,0,0,14,3,4,0,21,0,0,0,21
01/21/2012,MWH,WA,ANM,WE,Combined TRACON& Tower with Radar,13,5,2,12,32,0,0,0,0,0,13,5,2,12,32,0,0,0,32
01/22/2012,MWH,WA,ANM,WE,Combined TRACON& Tower with Radar,0,0,0,4,4,0,0,0,0,0,0,0,0,4,4,0,0,0,4
01/23/2012,MWH,WA,ANM,WE,Combined TRACON& Tower with Radar,0,2,3,10,15,0,2,0,0,2,0,4,3,10,17,0,0,0,17
01/24/2012,MWH,WA,ANM,WE,Combined TRACON& Tower with Radar,14,6,3,10,33,0,0,4,0,4,14,6,7,10,37,0,0,0,37
01/25/2012,MWH,WA,ANM,WE,Combined TRACON& Tower with Radar,0,6,9,30,45,0,1,14,0,15,0,7,23,30,60,24,16,40,100
01/26/2012,MWH,WA,ANM,WE,Combined TRACON& Tower with Radar,3,6,25,37,71,0,1,56,0,57,3,7,81,37,128,131,15,146,274
01/27/2012,MWH,WA,ANM,WE,Combined TRACON& Tower with Radar,4,5,8,0,17,1,0,3,0,4,5,5,11,0,21,0,0,0,21
01/28/2012,MWH,WA,ANM,WE,Combined TRACON& Tower with Radar,16,5,4,27,52,0,0,6,0,6,16,5,10,27,58,0,0,0,58
01/29/2012,MWH,WA,ANM,WE,Combined TRACON& Tower with Radar,5,0,5,0,10,0,0,0,0,0,5,0,5,0,10,0,0,0,10
01/30/2012,MWH,WA,ANM,WE,Combined TRACON& Tower with Radar,15,2,9,28,54,0,2,13,0,15,15,4,22,28,69,0,0,0,69
01/31/2012,MWH,WA,ANM,WE,Combined TRACON& Tower with Radar,5,3,23,32,63,0,1,38,1,40,5,4,61,33,103,0,0,0,103
02/01/2012,MWH,WA,ANM,WE,Combined TRACON& Tower with Radar,1,3,12,21,37,0,0,9,0,9,1,3,21,21,46,0,0,0,46
02/02/2012,MWH,WA,ANM,WE,Combined TRACON& Tower with Radar,2,7,16,28,53,0,0,34,0,34,2,7,50,28,87,0,0,0,87
02/03/2012,MWH,WA,ANM,WE,Combined TRACON& Tower with Radar,12,6,20,54,92,0,0,2,0,2,12,6,22,54,94,0,0,0,94
02/04/2012,MWH,WA,ANM,WE,Combined TRACON& Tower with Radar,0,2,19,0,21,0,1,17,0,18,0,3,36,0,39,0,0,0,39
02/05/2012,MWH,WA,ANM,WE,Combined TRACON& Tower with Radar,20,1,12,0,33,0,1,1,0,2,20,2,13,0,35,0,0,0,35
02/06/2012,MWH,WA,ANM,WE,Combined TRACON& Tower with Radar,6,3,12,44,65,0,3,11,1,15,6,6,23,45,80,0,0,0,80
02/07/2012,MWH,WA,ANM,WE,Combined TRACON& Tower with Radar,5,7,26,30,68,0,2,19,1,22,5,9,45,31,90,0,0,0,90
02/08/2012,MWH,WA,ANM,WE,Combined TRACON& Tower with Radar,5,4,8,23,40,0,0,2,0,2,5,4,10,23,42,0,0,0,42
02/09/2012,MWH,WA,ANM,WE,Combined TRACON& Tower with Radar,0,6,20,21,47,0,0,1,0,1,0,6,21,21,48,0,0,0,48
02/10/2012,MWH,WA,ANM,WE,Combined TRACON& Tower with Radar,7,6,18,16,47,0,0,0,0,0,7,6,18,16,47,0,0,0,47
02/11/2012,MWH,WA,ANM,WE,Combined TRACON& Tower with Radar,8,2,2,0,12,0,0,0,0,0,8,2,2,0,12,0,0,0,12
02/12/2012,MWH,WA,ANM,WE,Combined TRACON& Tower with Radar,0,4,1,0,5,0,0,0,0,0,0,4,1,0,5,0,0,0,5
02/13/2012,MWH,WA,ANM,WE,Combined TRACON& Tower with Radar,1,2,17,27,47,0,2,18,0,20,1,4,35,27,67,0,0,0,67
02/14/2012,MWH,WA,ANM,WE,Combined TRACON& Tower with Radar,10,6,4,31,51,0,0,0,0,0,10,6,4,31,51,0,0,0,51
02/15/2012,MWH,WA,ANM,WE,Combined TRACON& Tower with Radar,1,8,26,10,45,0,0,15,0,15,1,8,41,10,60,6,0,6,66
02/16/2012,MWH,WA,ANM,WE,Combined TRACON& Tower with Radar,15,5,19,18,57,0,0,13,0,13,15,5,32,18,70,0,0,0,70
02/17/2012,MWH,WA,ANM,WE,Combined TRACON& Tower with Radar,1,6,7,27,41,1,0,0,0,1,2,6,7,27,42,0,0,0,42
02/18/2012,MWH,WA,ANM,WE,Combined TRACON& Tower with Radar,0,3,2,11,16,0,0,3,0,3,0,3,5,11,19,0,0,0,19
02/19/2012,MWH,WA,ANM,WE,Combined TRACON& Tower with Radar,1,1,6,0,8,0,0,2,0,2,1,1,8,0,10,0,0,0,10
02/20/2012,MWH,WA,ANM,WE,Combined TRACON& Tower with Radar,0,4,16,0,20,0,0,5,0,5,0,4,21,0,25,0,0,0,25
02/21/2012,MWH,WA,ANM,WE,Combined TRACON& Tower with Radar,8,6,17,16,47,0,0,4,0,4,8,6,21,16,51,0,0,0,51
02/22/2012,MWH,WA,ANM,WE,Combined TRACON& Tower with Radar,2,6,18,41,67,0,1,2,0,3,2,7,20,41,70,0,0,0,70
02/23/2012,MWH,WA,ANM,WE,Combined TRACON& Tower with Radar,3,7,40,5,55,0,0,18,0,18,3,7,58,5,73,0,0,0,73
02/24/2012,MWH,WA,ANM,WE,Combined TRACON& Tower with Radar,5,5,8,28,46,0,0,8,0,8,5,5,16,28,54,0,0,0,54
02/25/2012,MWH,WA,ANM,WE,Combined TRACON& Tower with Radar,0,3,0,7,10,0,1,1,0,2,0,4,1,7,12,0,0,0,12
02/26/2012,MWH,WA,ANM,WE,Combined TRACON& Tower with Radar,0,7,7,2,16,0,0,0,0,0,0,7,7,2,16,0,0,0,16
02/27/2012,MWH,WA,ANM,WE,Combined TRACON& Tower with Radar,2,3,37,18,60,0,2,32,0,34,2,5,69,18,94,0,0,0,94
02/28/2012,MWH,WA,ANM,WE,Combined TRACON& Tower with Radar,2,6,20,12,40,0,0,16,0,16,2,6,36,12,56,0,0,0,56
02/29/2012,MWH,WA,ANM,WE,Combined TRACON& Tower with Radar,2,5,25,35,67,0,1,11,0,12,2,6,36,35,79,0,0,0,79
03/01/2012,MWH,WA,ANM,WE,Combined TRACON& Tower with Radar,7,6,19,35,67,0,0,28,0,28,7,6,47,35,95,0,0,0,95
03/02/2012,MWH,WA,ANM,WE,Combined TRACON& Tower with Radar,4,6,15,18,43,0,0,3,0,3,4,6,18,18,46,0,0,0,46
03/03/2012,MWH,WA,ANM,WE,Combined TRACON& Tower with Radar,0,1,0,3,4,0,1,0,0,1,0,2,0,3,5,0,0,0,5
03/04/2012,MWH,WA,ANM,WE,Combined TRACON& Tower with Radar,0,2,4,4,10,0,0,4,0,4,0,2,8,4,14,0,0,0,14
03/05/2012,MWH,WA,ANM,WE,Combined TRACON& Tower with Radar,1,3,11,27,42,0,3,2,0,5,1,6,13,27,47,0,0,0,47
03/06/2012,MWH,WA,ANM,WE,Combined TRACON& Tower with Radar,11,4,32,28,75,0,0,12,0,12,11,4,44,28,87,0,0,0,87
03/07/2012,MWH,WA,ANM,WE,Combined TRACON& Tower with Radar,0,7,18,28,53,0,0,52,0,52,0,7,70,28,105,14,0,14,119
03/08/2012,MWH,WA,ANM,WE,Combined TRACON& Tower with Radar,7,5,44,50,106,0,0,45,0,45,7,5,89,50,151,0,0,0,151
03/09/2012,MWH,WA,ANM,WE,Combined TRACON& Tower with Radar,1,8,18,30,57,0,1,8,0,9,1,9,26,30,66,0,0,0,66
03/10/2012,MWH,WA,ANM,WE,Combined TRACON& Tower with Radar,0,2,13,18,33,0,0,3,0,3,0,2,16,18,36,0,0,0,36
03/11/2012,MWH,WA,ANM,WE,Combined TRACON& Tower with Radar,4,0,1,14,19,0,0,0,0,0,4,0,1,14,19,0,0,0,19
03/12/2012,MWH,WA,ANM,WE,Combined TRACON& Tower with Radar,2,6,6,22,36,0,0,0,0,0,2,6,6,22,36,0,0,0,36
03/13/2012,MWH,WA,ANM,WE,Combined TRACON& Tower with Radar,2,8,19,34,63,0,0,2,0,2,2,8,21,34,65,0,0,0,65
03/14/2012,MWH,WA,ANM,WE,Combined TRACON& Tower with Radar,4,6,19,34,63,0,2,3,0,5,4,8,22,34,68,0,0,0,68
03/15/2012,MWH,WA,ANM,WE,Combined TRACON& Tower with Radar,1,6,16,30,53,0,0,4,0,4,1,6,20,30,57,0,0,0,57
03/16/2012,MWH,WA,ANM,WE,Combined TRACON& Tower with Radar,11,8,48,4,71,0,0,3,1,4,11,8,51,5,75,0,0,0,75
03/17/2012,MWH,WA,ANM,WE,Combined TRACON& Tower with Radar,9,2,1,2,14,0,0,1,0,1,9,2,2,2,15,0,0,0,15
03/18/2012,MWH,WA,ANM,WE,Combined TRACON& Tower with Radar,0,6,0,5,11,0,0,1,0,1,0,6,1,5,12,0,0,0,12
03/19/2012,MWH,WA,ANM,WE,Combined TRACON& Tower with Radar,4,2,32,49,87,0,2,14,0,16,4,4,46,49,103,0,0,0,103
03/20/2012,MWH,WA,ANM,WE,Combined TRACON& Tower with Radar,4,6,13,41,64,0,0,0,0,0,4,6,13,41,64,0,0,0,64
03/21/2012,MWH,WA,ANM,WE,Combined TRACON& Tower with Radar,5,6,5,11,27,0,0,6,0,6,5,6,11,11,33,0,0,0,33
03/22/2012,MWH,WA,ANM,WE,Combined TRACON& Tower with Radar,3,8,22,28,61,0,0,0,0,0,3,8,22,28,61,0,0,0,61
03/23/2012,MWH,WA,ANM,WE,Combined TRACON& Tower with Radar,0,5,10,21,36,0,0,6,0,6,0,5,16,21,42,0,0,0,42
03/24/2012,MWH,WA,ANM,WE,Combined TRACON& Tower with Radar,4,15,1,2,22,0,0,6,0,6,4,15,7,2,28,0,0,0,28
03/25/2012,MWH,WA,ANM,WE,Combined TRACON& Tower with Radar,0,0,3,0,3,0,0,2,0,2,0,0,5,0,5,0,0,0,5
03/26/2012,MWH,WA,ANM,WE,Combined TRACON& Tower with Radar,3,2,20,22,47,0,2,0,0,2,3,4,20,22,49,0,0,0,49
03/27/2012,MWH,WA,ANM,WE,Combined TRACON& Tower with Radar,4,6,16,6,32,0,0,2,0,2,4,6,18,6,34,0,0,0,34
03/28/2012,MWH,WA,ANM,WE,Combined TRACON& Tower with Radar,0,8,13,6,27,0,0,3,0,3,0,8,16,6,30,0,0,0,30
03/29/2012,MWH,WA,ANM,WE,Combined TRACON& Tower with Radar,4,4,5,5,18,0,0,0,1,1,4,4,5,6,19,0,0,0,19
03/30/2012,MWH,WA,ANM,WE,Combined TRACON& Tower with Radar,1,9,5,15,30,0,0,0,0,0,1,9,5,15,30,0,0,0,30
03/31/2012,MWH,WA,ANM,WE,Combined TRACON& Tower with Radar,4,4,9,6,23,0,0,0,0,0,4,4,9,6,23,0,0,0,23
04/01/2012,MWH,WA,ANM,WE,Combined TRACON& Tower with Radar,0,2,0,0,2,0,0,1,0,1,0,2,1,0,3,0,0,0,3
04/02/2012,MWH,WA,ANM,WE,Combined TRACON& Tower with Radar,8,4,21,48,81,0,2,8,0,10,8,6,29,48,91,0,0,0,91
04/03/2012,MWH,WA,ANM,WE,Combined TRACON& Tower with Radar,18,6,16,20,60,1,0,15,0,16,19,6,31,20,76,0,0,0,76
04/04/2012,MWH,WA,ANM,WE,Combined TRACON& Tower with Radar,8,4,23,30,65,0,0,15,0,15,8,4,38,30,80,0,0,0,80
04/05/2012,MWH,WA,ANM,WE,Combined TRACON& Tower with Radar,3,10,24,34,71,0,0,19,0,19,3,10,43,34,90,0,0,0,90
04/06/2012,MWH,WA,ANM,WE,Combined TRACON& Tower with Radar,2,5,9,8,24,0,1,10,0,11,2,6,19,8,35,0,0,0,35
04/07/2012,MWH,WA,ANM,WE,Combined TRACON& Tower with Radar,2,5,8,0,15,0,1,7,0,8,2,6,15,0,23,0,0,0,23
04/08/2012,MWH,WA,ANM,WE,Combined TRACON& Tower with Radar,1,0,6,0,7,0,0,1,0,1,1,0,7,0,8,0,0,0,8
04/09/2012,MWH,WA,ANM,WE,Combined TRACON& Tower with Radar,11,5,65,39,120,0,2,31,0,33,11,7,96,39,153,0,0,0,153
04/10/2012,MWH,WA,ANM,WE,Combined TRACON& Tower with Radar,2,7,13,18,40,0,0,34,0,34,2,7,47,18,74,0,0,0,74
04/11/2012,MWH,WA,ANM,WE,Combined TRACON& Tower with Radar,2,10,33,37,82,0,0,19,0,19,2,10,52,37,101,0,0,0,101
04/12/2012,MWH,WA,ANM,WE,Combined TRACON& Tower with Radar,6,5,34,12,57,0,1,19,1,21,6,6,53,13,78,0,0,0,78
04/13/2012,MWH,WA,ANM,WE,Combined TRACON& Tower with Radar,10,8,23,17,58,0,2,14,1,17,10,10,37,18,75,0,0,0,75
04/14/2012,MWH,WA,ANM,WE,Combined TRACON& Tower with Radar,1,2,13,0,16,0,0,3,0,3,1,2,16,0,19,0,0,0,19
04/15/2012,MWH,WA,ANM,WE,Combined TRACON& Tower with Radar,1,2,8,2,13,0,0,5,0,5,1,2,13,2,18,0,0,0,18
04/16/2012,MWH,WA,ANM,WE,Combined TRACON& Tower with Radar,0,2,27,42,71,0,1,1,0,2,0,3,28,42,73,0,0,0,73
04/17/2012,MWH,WA,ANM,WE,Combined TRACON& Tower with Radar,2,7,44,11,64,0,0,22,1,23,2,7,66,12,87,0,0,0,87
04/18/2012,MWH,WA,ANM,WE,Combined TRACON& Tower with Radar,0,16,23,27,66,0,3,9,0,12,0,19,32,27,78,0,0,0,78
04/19/2012,MWH,WA,ANM,WE,Combined TRACON& Tower with Radar,9,9,23,16,57,0,0,13,0,13,9,9,36,16,70,0,0,0,70
04/20/2012,MWH,WA,ANM,WE,Combined TRACON& Tower with Radar,2,15,22,25,64,0,0,3,0,3,2,15,25,25,67,0,0,0,67
04/21/2012,MWH,WA,ANM,WE,Combined TRACON& Tower with Radar,2,5,0,5,12,0,3,5,1,9,2,8,5,6,21,0,0,0,21
04/22/2012,MWH,WA,ANM,WE,Combined TRACON& Tower with Radar,2,6,0,2,10,0,1,7,0,8,2,7,7,2,18,0,0,0,18
04/23/2012,MWH,WA,ANM,WE,Combined TRACON& Tower with Radar,0,6,42,20,68,0,4,34,1,39,0,10,76,21,107,0,0,0,107
04/24/2012,MWH,WA,ANM,WE,Combined TRACON& Tower with Radar,3,5,62,21,91,0,1,23,0,24,3,6,85,21,115,0,0,0,115
04/25/2012,MWH,WA,ANM,WE,Combined TRACON& Tower with Radar,1,9,41,23,74,0,0,14,0,14,1,9,55,23,88,0,0,0,88
04/26/2012,MWH,WA,ANM,WE,Combined TRACON& Tower with Radar,2,4,76,32,114,0,0,2,0,2,2,4,78,32,116,0,0,0,116
04/27/2012,MWH,WA,ANM,WE,Combined TRACON& Tower with Radar,1,5,28,25,59,0,1,3,1,5,1,6,31,26,64,0,0,0,64
04/28/2012,MWH,WA,ANM,WE,Combined TRACON& Tower with Radar,25,4,13,0,42,0,0,19,0,19,25,4,32,0,61,0,0,0,61
04/29/2012,MWH,WA,ANM,WE,Combined TRACON& Tower with Radar,27,1,3,0,31,0,0,5,0,5,27,1,8,0,36,0,0,0,36
04/30/2012,MWH,WA,ANM,WE,Combined TRACON& Tower with Radar,2,4,15,65,86,0,2,4,0,6,2,6,19,65,92,0,0,0,92
05/01/2012,MWH,WA,ANM,WE,Combined TRACON& Tower with Radar,8,4,32,41,85,0,0,21,0,21,8,4,53,41,106,0,0,0,106
05/02/2012,MWH,WA,ANM,WE,Combined TRACON& Tower with Radar,6,19,68,33,126,0,0,26,0,26,6,19,94,33,152,0,0,0,152
05/03/2012,MWH,WA,ANM,WE,Combined TRACON& Tower with Radar,7,4,30,35,76,0,0,7,0,7,7,4,37,35,83,0,0,0,83
05/04/2012,MWH,WA,ANM,WE,Combined TRACON& Tower with Radar,13,5,17,4,39,0,1,7,0,8,13,6,24,4,47,0,0,0,47
05/05/2012,MWH,WA,ANM,WE,Combined TRACON& Tower with Radar,3,5,8,0,16,0,3,0,0,3,3,8,8,0,19,0,0,0,19
05/06/2012,MWH,WA,ANM,WE,Combined TRACON& Tower with Radar,6,2,9,4,21,0,0,3,0,3,6,2,12,4,24,0,0,0,24
05/07/2012,MWH,WA,ANM,WE,Combined TRACON& Tower with Radar,4,5,87,7,103,0,6,47,0,53,4,11,134,7,156,0,0,0,156
05/08/2012,MWH,WA,ANM,WE,Combined TRACON& Tower with Radar,6,6,40,20,72,0,5,24,1,30,6,11,64,21,102,0,0,0,102
05/09/2012,MWH,WA,ANM,WE,Combined TRACON& Tower with Radar,6,7,25,14,52,0,0,14,0,14,6,7,39,14,66,0,0,0,66
05/10/2012,MWH,WA,ANM,WE,Combined TRACON& Tower with Radar,5,10,36,7,58,0,0,18,0,18,5,10,54,7,76,0,0,0,76
05/11/2012,MWH,WA,ANM,WE,Combined TRACON& Tower with Radar,3,7,12,0,22,0,5,23,0,28,3,12,35,0,50,0,0,0,50
05/12/2012,MWH,WA,ANM,WE,Combined TRACON& Tower with Radar,3,0,10,8,21,0,0,5,0,5,3,0,15,8,26,0,0,0,26
05/13/2012,MWH,WA,ANM,WE,Combined TRACON& Tower with Radar,2,7,2,0,11,0,6,4,0,10,2,13,6,0,21,0,0,0,21
05/14/2012,MWH,WA,ANM,WE,Combined TRACON& Tower with Radar,8,4,50,36,98,0,2,26,2,30,8,6,76,38,128,30,0,30,158
05/15/2012,MWH,WA,ANM,WE,Combined TRACON& Tower with Radar,4,7,30,15,56,0,3,16,0,19,4,10,46,15,75,0,0,0,75
05/16/2012,MWH,WA,ANM,WE,Combined TRACON& Tower with Radar,4,5,42,40,91,0,2,13,1,16,4,7,55,41,107,0,0,0,107
05/17/2012,MWH,WA,ANM,WE,Combined TRACON& Tower with Radar,9,11,57,15,92,0,0,28,0,28,9,11,85,15,120,0,0,0,120
05/18/2012,MWH,WA,ANM,WE,Combined TRACON& Tower with Radar,5,7,24,0,36,0,0,5,0,5,5,7,29,0,41,0,0,0,41
05/19/2012,MWH,WA,ANM,WE,Combined TRACON& Tower with Radar,5,4,21,0,30,0,2,15,0,17,5,6,36,0,47,0,0,0,47
05/20/2012,MWH,WA,ANM,WE,Combined TRACON& Tower with Radar,1,0,23,0,24,0,0,3,0,3,1,0,26,0,27,0,0,0,27
05/21/2012,MWH,WA,ANM,WE,Combined TRACON& Tower with Radar,2,9,50,59,120,0,1,12,0,13,2,10,62,59,133,0,0,0,133
05/22/2012,MWH,WA,ANM,WE,Combined TRACON& Tower with Radar,4,6,38,38,86,0,0,13,3,16,4,6,51,41,102,0,0,0,102
05/23/2012,MWH,WA,ANM,WE,Combined TRACON& Tower with Radar,2,6,54,10,72,0,1,10,0,11,2,7,64,10,83,0,0,0,83
05/24/2012,MWH,WA,ANM,WE,Combined TRACON& Tower with Radar,4,20,18,15,57,0,0,7,0,7,4,20,25,15,64,0,0,0,64
05/25/2012,MWH,WA,ANM,WE,Combined TRACON& Tower with Radar,4,5,14,0,23,0,0,0,0,0,4,5,14,0,23,0,0,0,23
05/26/2012,MWH,WA,ANM,WE,Combined TRACON& Tower with Radar,8,3,4,0,15,0,2,3,0,5,8,5,7,0,20,0,0,0,20
05/27/2012,MWH,WA,ANM,WE,Combined TRACON& Tower with Radar,0,6,0,0,6,0,0,1,0,1,0,6,1,0,7,0,0,0,7
05/28/2012,MWH,WA,ANM,WE,Combined TRACON& Tower with Radar,0,2,4,3,9,0,0,2,0,2,0,2,6,3,11,0,0,0,11
05/29/2012,MWH,WA,ANM,WE,Combined TRACON& Tower with Radar,3,5,37,10,55,0,0,11,2,13,3,5,48,12,68,0,0,0,68
05/30/2012,MWH,WA,ANM,WE,Combined TRACON& Tower with Radar,4,14,39,20,77,0,2,27,0,29,4,16,66,20,106,0,0,0,106
05/31/2012,MWH,WA,ANM,WE,Combined TRACON& Tower with Radar,0,16,33,31,80,0,1,15,0,16,0,17,48,31,96,0,0,0,96
06/01/2012,MWH,WA,ANM,WE,Combined TRACON& Tower with Radar,5,6,26,55,92,0,1,5,1,7,5,7,31,56,99,0,0,0,99
06/02/2012,MWH,WA,ANM,WE,Combined TRACON& Tower with Radar,0,8,0,9,17,0,1,0,0,1,0,9,0,9,18,0,0,0,18
06/03/2012,MWH,WA,ANM,WE,Combined TRACON& Tower with Radar,0,1,2,4,7,0,0,6,0,6,0,1,8,4,13,0,0,0,13
06/04/2012,MWH,WA,ANM,WE,Combined TRACON& Tower with Radar,7,10,60,13,90,0,0,0,0,0,7,10,60,13,90,0,0,0,90
06/05/2012,MWH,WA,ANM,WE,Combined TRACON& Tower with Radar,4,8,16,13,41,0,0,1,1,2,4,8,17,14,43,0,0,0,43
06/06/2012,MWH,WA,ANM,WE,Combined TRACON& Tower with Radar,10,3,42,0,55,0,1,5,0,6,10,4,47,0,61,0,0,0,61
06/07/2012,MWH,WA,ANM,WE,Combined TRACON& Tower with Radar,14,7,45,12,78,0,0,9,0,9,14,7,54,12,87,0,0,0,87
06/08/2012,MWH,WA,ANM,WE,Combined TRACON& Tower with Radar,9,11,26,41,87,0,1,4,0,5,9,12,30,41,92,0,0,0,92
06/09/2012,MWH,WA,ANM,WE,Combined TRACON& Tower with Radar,1,5,8,6,20,0,3,1,0,4,1,8,9,6,24,0,0,0,24
06/10/2012,MWH,WA,ANM,WE,Combined TRACON& Tower with Radar,4,8,7,0,19,0,0,1,0,1,4,8,8,0,20,0,0,0,20
06/11/2012,MWH,WA,ANM,WE,Combined TRACON& Tower with Radar,8,3,36,11,58,0,1,20,0,21,8,4,56,11,79,0,0,0,79
06/12/2012,MWH,WA,ANM,WE,Combined TRACON& Tower with Radar,5,7,46,17,75,0,0,19,0,19,5,7,65,17,94,0,0,0,94
06/13/2012,MWH,WA,ANM,WE,Combined TRACON& Tower with Radar,2,7,48,13,70,0,1,15,0,16,2,8,63,13,86,0,0,0,86
06/14/2012,MWH,WA,ANM,WE,Combined TRACON& Tower with Radar,22,8,36,22,88,0,1,13,0,14,22,9,49,22,102,0,0,0,102
06/15/2012,MWH,WA,ANM,WE,Combined TRACON& Tower with Radar,11,8,38,15,72,0,0,5,0,5,11,8,43,15,77,0,0,0,77
06/16/2012,MWH,WA,ANM,WE,Combined TRACON& Tower with Radar,0,3,8,7,18,0,2,1,0,3,0,5,9,7,21,0,0,0,21
06/17/2012,MWH,WA,ANM,WE,Combined TRACON& Tower with Radar,0,3,2,2,7,0,0,0,0,0,0,3,2,2,7,0,0,0,7
06/18/2012,MWH,WA,ANM,WE,Combined TRACON& Tower with Radar,1,4,11,43,59,0,2,4,1,7,1,6,15,44,66,0,0,0,66
06/19/2012,MWH,WA,ANM,WE,Combined TRACON& Tower with Radar,1,6,42,8,57,0,1,4,0,5,1,7,46,8,62,0,0,0,62
06/20/2012,MWH,WA,ANM,WE,Combined TRACON& Tower with Radar,10,4,33,35,82,0,1,6,0,7,10,5,39,35,89,0,0,0,89
06/21/2012,MWH,WA,ANM,WE,Combined TRACON& Tower with Radar,2,9,27,33,71,1,2,12,0,15,3,11,39,33,86,0,0,0,86
06/22/2012,MWH,WA,ANM,WE,Combined TRACON& Tower with Radar,4,9,31,45,89,0,2,1,0,3,4,11,32,45,92,0,0,0,92
06/23/2012,MWH,WA,ANM,WE,Combined TRACON& Tower with Radar,4,7,3,0,14,0,0,1,1,2,4,7,4,1,16,0,0,0,16
06/24/2012,MWH,WA,ANM,WE,Combined TRACON& Tower with Radar,3,4,5,2,14,0,0,2,0,2,3,4,7,2,16,0,0,0,16
06/25/2012,MWH,WA,ANM,WE,Combined TRACON& Tower with Radar,8,6,25,15,54,0,4,9,10,23,8,10,34,25,77,0,0,0,77
06/26/2012,MWH,WA,ANM,WE,Combined TRACON& Tower with Radar,4,19,17,14,54,0,0,4,0,4,4,19,21,14,58,0,0,0,58
06/27/2012,MWH,WA,ANM,WE,Combined TRACON& Tower with Radar,2,3,43,17,65,1,5,5,0,11,3,8,48,17,76,0,0,0,76
06/28/2012,MWH,WA,ANM,WE,Combined TRACON& Tower with Radar,4,15,28,23,70,0,4,4,0,8,4,19,32,23,78,0,0,0,78
06/29/2012,MWH,WA,ANM,WE,Combined TRACON& Tower with Radar,4,14,8,38,64,0,4,12,3,19,4,18,20,41,83,0,0,0,83
06/30/2012,MWH,WA,ANM,WE,Combined TRACON& Tower with Radar,0,0,5,0,5,0,3,5,1,9,0,3,10,1,14,0,0,0,14
07/01/2012,MWH,WA,ANM,WE,Combined TRACON& Tower with Radar,0,2,3,0,5,0,0,3,0,3,0,2,6,0,8,0,0,0,8
07/02/2012,MWH,WA,ANM,WE,Combined TRACON& Tower with Radar,19,5,14,50,88,0,2,19,1,22,19,7,33,51,110,0,0,0,110
07/03/2012,MWH,WA,ANM,WE,Combined TRACON& Tower with Radar,9,13,12,33,67,0,2,4,6,12,9,15,16,39,79,0,29,29,108
07/04/2012,MWH,WA,ANM,WE,Combined TRACON& Tower with Radar,6,0,4,0,10,0,2,9,0,11,6,2,13,0,21,0,0,0,21
07/05/2012,MWH,WA,ANM,WE,Combined TRACON& Tower with Radar,8,3,40,4,55,0,1,54,0,55,8,4,94,4,110,141,0,141,251
07/06/2012,MWH,WA,ANM,WE,Combined TRACON& Tower with Radar,11,4,38,8,61,0,2,67,3,72,11,6,105,11,133,82,21,103,236
07/07/2012,MWH,WA,ANM,WE,Combined TRACON& Tower with Radar,4,1,0,0,5,0,1,5,2,8,4,2,5,2,13,0,0,0,13
07/08/2012,MWH,WA,ANM,WE,Combined TRACON& Tower with Radar,4,0,3,0,7,0,2,6,0,8,4,2,9,0,15,0,0,0,15
07/09/2012,MWH,WA,ANM,WE,Combined TRACON& Tower with Radar,50,4,38,23,115,1,9,51,0,61,51,13,89,23,176,200,9,209,385
07/10/2012,MWH,WA,ANM,WE,Combined TRACON& Tower with Radar,34,4,22,15,75,1,1,47,2,51,35,5,69,17,126,118,8,126,252
07/11/2012,MWH,WA,ANM,WE,Combined TRACON& Tower with Radar,5,4,20,30,59,0,0,76,2,78,5,4,96,32,137,246,10,256,393
07/12/2012,MWH,WA,ANM,WE,Combined TRACON& Tower with Radar,26,4,43,37,110,0,0,51,4,55,26,4,94,41,165,86,11,97,262
07/13/2012,MWH,WA,ANM,WE,Combined TRACON& Tower with Radar,9,6,23,15,53,0,5,48,5,58,9,11,71,20,111,168,18,186,297
07/14/2012,MWH,WA,ANM,WE,Combined TRACON& Tower with Radar,4,1,0,0,5,0,1,0,0,1,4,2,0,0,6,0,0,0,6
07/15/2012,MWH,WA,ANM,WE,Combined TRACON& Tower with Radar,4,0,2,0,6,0,0,3,1,4,4,0,5,1,10,8,0,8,18
07/16/2012,MWH,WA,ANM,WE,Combined TRACON& Tower with Radar,9,2,25,12,48,0,4,61,8,73,9,6,86,20,121,155,41,196,317
07/17/2012,MWH,WA,ANM,WE,Combined TRACON& Tower with Radar,18,6,47,2,73,0,1,28,0,29,18,7,75,2,102,122,0,122,224
07/18/2012,MWH,WA,ANM,WE,Combined TRACON& Tower with Radar,8,10,62,58,138,2,2,58,28,90,10,12,120,86,228,32,40,72,300
07/19/2012,MWH,WA,ANM,WE,Combined TRACON& Tower with Radar,20,4,40,4,68,0,0,45,0,45,20,4,85,4,113,54,0,54,167
07/20/2012,MWH,WA,ANM,WE,Combined TRACON& Tower with Radar,14,4,31,0,49,0,0,21,1,22,14,4,52,1,71,30,0,30,101
07/21/2012,MWH,WA,ANM,WE,Combined TRACON& Tower with Radar,12,2,1,2,17,0,0,7,0,7,12,2,8,2,24,0,0,0,24
07/22/2012,MWH,WA,ANM,WE,Combined TRACON& Tower with Radar,0,0,3,4,7,0,0,5,1,6,0,0,8,5,13,0,0,0,13
07/23/2012,MWH,WA,ANM,WE,Combined TRACON& Tower with Radar,25,3,49,21,98,6,4,63,3,76,31,7,112,24,174,143,32,175,349
07/24/2012,MWH,WA,ANM,WE,Combined TRACON& Tower with Radar,7,4,47,22,80,0,2,50,1,53,7,6,97,23,133,209,101,310,443
07/25/2012,MWH,WA,ANM,WE,Combined TRACON& Tower with Radar,37,4,83,13,137,1,2,26,0,29,38,6,109,13,166,52,0,52,218
07/26/2012,MWH,WA,ANM,WE,Combined TRACON& Tower with Radar,18,3,38,12,71,3,1,35,0,39,21,4,73,12,110,71,3,74,184
07/27/2012,MWH,WA,ANM,WE,Combined TRACON& Tower with Radar,24,6,18,6,54,2,3,57,8,70,26,9,75,14,124,75,60,135,259
07/28/2012,MWH,WA,ANM,WE,Combined TRACON& Tower with Radar,0,1,5,0,6,0,1,3,0,4,0,2,8,0,10,0,0,0,10
07/29/2012,MWH,WA,ANM,WE,Combined TRACON& Tower with Radar,0,0,7,2,9,0,0,3,1,4,0,0,10,3,13,0,0,0,13
07/30/2012,MWH,WA,ANM,WE,Combined TRACON& Tower with Radar,21,2,29,15,67,0,5,37,1,43,21,7,66,16,110,86,6,92,202
07/31/2012,MWH,WA,ANM,WE,Combined TRACON& Tower with Radar,12,5,80,12,109,0,1,50,1,52,12,6,130,13,161,152,12,164,325
08/01/2012,MWH,WA,ANM,WE,Combined TRACON& Tower with Radar,18,4,38,25,85,1,0,31,0,32,19,4,69,25,117,91,2,93,210
08/02/2012,MWH,WA,ANM,WE,Combined TRACON& Tower with Radar,32,4,56,50,142,5,1,32,8,46,37,5,88,58,188,170,20,190,378
08/03/2012,MWH,WA,ANM,WE,Combined TRACON& Tower with Radar,10,6,23,7,46,2,0,30,1,33,12,6,53,8,79,58,10,68,147
08/04/2012,MWH,WA,ANM,WE,Combined TRACON& Tower with Radar,0,2,9,0,11,0,0,2,0,2,0,2,11,0,13,0,0,0,13
08/05/2012,MWH,WA,ANM,WE,Combined TRACON& Tower with Radar,0,8,5,5,18,0,3,5,5,13,0,11,10,10,31,0,0,0,31
08/06/2012,MWH,WA,ANM,WE,Combined TRACON& Tower with Radar,14,3,58,35,110,4,2,42,17,65,18,5,100,52,175,102,14,116,291
08/07/2012,MWH,WA,ANM,WE,Combined TRACON& Tower with Radar,22,3,23,9,57,0,1,29,3,33,22,4,52,12,90,74,6,80,170
08/08/2012,MWH,WA,ANM,WE,Combined TRACON& Tower with Radar,25,4,30,25,84,0,3,34,0,37,25,7,64,25,121,108,10,118,239
08/09/2012,MWH,WA,ANM,WE,Combined TRACON& Tower with Radar,8,4,19,24,55,1,4,13,0,18,9,8,32,24,73,22,0,22,95
08/10/2012,MWH,WA,ANM,WE,Combined TRACON& Tower with Radar,20,4,21,27,72,1,0,5,6,12,21,4,26,33,84,0,34,34,118
08/11/2012,MWH,WA,ANM,WE,Combined TRACON& Tower with Radar,7,1,6,0,14,0,1,2,0,3,7,2,8,0,17,0,0,0,17
08/12/2012,MWH,WA,ANM,WE,Combined TRACON& Tower with Radar,5,0,3,0,8,0,2,5,2,9,5,2,8,2,17,0,0,0,17
08/13/2012,MWH,WA,ANM,WE,Combined TRACON& Tower with Radar,14,8,17,29,68,0,2,8,10,20,14,10,25,39,88,0,24,24,112
08/14/2012,MWH,WA,ANM,WE,Combined TRACON& Tower with Radar,15,17,24,35,91,3,6,10,4,23,18,23,34,39,114,0,8,8,122
08/15/2012,MWH,WA,ANM,WE,Combined TRACON& Tower with Radar,35,7,7,6,55,1,8,8,1,18,36,15,15,7,73,0,0,0,73
08/16/2012,MWH,WA,ANM,WE,Combined TRACON& Tower with Radar,28,3,16,19,66,0,3,9,2,14,28,6,25,21,80,9,1,10,90
08/17/2012,MWH,WA,ANM,WE,Combined TRACON& Tower with Radar,29,5,23,19,76,1,1,5,4,11,30,6,28,23,87,0,2,2,89
08/18/2012,MWH,WA,ANM,WE,Combined TRACON& Tower with Radar,16,1,13,0,30,0,1,4,2,7,16,2,17,2,37,0,0,0,37
08/19/2012,MWH,WA,ANM,WE,Combined TRACON& Tower with Radar,4,4,23,6,37,1,1,2,4,8,5,5,25,10,45,0,0,0,45
08/20/2012,MWH,WA,ANM,WE,Combined TRACON& Tower with Radar,44,6,30,21,101,14,4,19,6,43,58,10,49,27,144,16,17,33,177
08/21/2012,MWH,WA,ANM,WE,Combined TRACON& Tower with Radar,57,13,22,52,144,5,9,12,12,38,62,22,34,64,182,4,32,36,218
08/22/2012,MWH,WA,ANM,WE,Combined TRACON& Tower with Radar,21,3,9,30,63,0,3,8,1,12,21,6,17,31,75,0,22,22,97
08/23/2012,MWH,WA,ANM,WE,Combined TRACON& Tower with Radar,51,4,5,35,95,0,3,10,3,16,51,7,15,38,111,0,40,40,151
08/24/2012,MWH,WA,ANM,WE,Combined TRACON& Tower with Radar,42,5,1,11,59,0,1,6,1,8,42,6,7,12,67,0,0,0,67
08/25/2012,MWH,WA,ANM,WE,Combined TRACON& Tower with Radar,4,3,14,7,28,0,1,7,0,8,4,4,21,7,36,0,0,0,36
08/26/2012,MWH,WA,ANM,WE,Combined TRACON& Tower with Radar,3,0,35,0,38,0,0,5,0,5,3,0,40,0,43,0,0,0,43
08/27/2012,MWH,WA,ANM,WE,Combined TRACON& Tower with Radar,14,2,27,35,78,3,2,5,5,15,17,4,32,40,93,0,34,34,127
08/28/2012,MWH,WA,ANM,WE,Combined TRACON& Tower with Radar,43,5,30,35,113,0,0,3,1,4,43,5,33,36,117,34,50,84,201
08/29/2012,MWH,WA,ANM,WE,Combined TRACON& Tower with Radar,47,3,25,28,103,0,1,5,2,8,47,4,30,30,111,0,4,4,115
08/30/2012,MWH,WA,ANM,WE,Combined TRACON& Tower with Radar,26,4,16,17,63,1,4,5,2,12,27,8,21,19,75,0,0,0,75
08/31/2012,MWH,WA,ANM,WE,Combined TRACON& Tower with Radar,22,8,6,21,57,1,1,5,5,12,23,9,11,26,69,0,0,0,69
09/01/2012,MWH,WA,ANM,WE,Combined TRACON& Tower with Radar,0,1,5,0,6,0,3,7,2,12,0,4,12,2,18,0,0,0,18
09/02/2012,MWH,WA,ANM,WE,Combined TRACON& Tower with Radar,0,1,12,0,13,0,0,8,0,8,0,1,20,0,21,0,0,0,21
09/03/2012,MWH,WA,ANM,WE,Combined TRACON& Tower with Radar,0,3,1,1,5,0,1,9,0,10,0,4,10,1,15,0,0,0,15
09/04/2012,MWH,WA,ANM,WE,Combined TRACON& Tower with Radar,8,4,20,26,58,0,0,7,2,9,8,4,27,28,67,0,0,0,67
09/05/2012,MWH,WA,ANM,WE,Combined TRACON& Tower with Radar,16,6,10,9,41,0,0,14,0,14,16,6,24,9,55,0,0,0,55
09/06/2012,MWH,WA,ANM,WE,Combined TRACON& Tower with Radar,23,6,4,34,67,0,2,10,0,12,23,8,14,34,79,0,0,0,79
09/07/2012,MWH,WA,ANM,WE,Combined TRACON& Tower with Radar,18,4,15,1,38,0,2,5,1,8,18,6,20,2,46,0,0,0,46
09/08/2012,MWH,WA,ANM,WE,Combined TRACON& Tower with Radar,13,0,2,12,27,0,0,5,0,5,13,0,7,12,32,0,0,0,32
09/09/2012,MWH,WA,ANM,WE,Combined TRACON& Tower with Radar,0,0,0,25,25,0,2,3,0,5,0,2,3,25,30,0,0,0,30
09/10/2012,MWH,WA,ANM,WE,Combined TRACON& Tower with Radar,31,12,0,3,46,0,2,5,0,7,31,14,5,3,53,0,0,0,53
09/11/2012,MWH,WA,ANM,WE,Combined TRACON& Tower with Radar,5,29,0,7,41,0,2,6,0,8,5,31,6,7,49,0,0,0,49
09/12/2012,MWH,WA,ANM,WE,Combined TRACON& Tower with Radar,36,9,9,7,61,0,1,7,0,8,36,10,16,7,69,0,0,0,69
09/13/2012,MWH,WA,ANM,WE,Combined TRACON& Tower with Radar,14,17,15,11,57,0,1,8,2,11,14,18,23,13,68,0,0,0,68
09/14/2012,MWH,WA,ANM,WE,Combined TRACON& Tower with Radar,31,24,26,10,91,0,2,0,1,3,31,26,26,11,94,0,0,0,94
09/15/2012,MWH,WA,ANM,WE,Combined TRACON& Tower with Radar,8,33,29,0,70,0,3,11,0,14,8,36,40,0,84,0,0,0,84
09/16/2012,MWH,WA,ANM,WE,Combined TRACON& Tower with Radar,21,24,8,2,55,0,0,5,2,7,21,24,13,4,62,0,0,0,62
09/17/2012,MWH,WA,ANM,WE,Combined TRACON& Tower with Radar,26,19,12,24,81,1,5,5,12,23,27,24,17,36,104,0,18,18,122
09/18/2012,MWH,WA,ANM,WE,Combined TRACON& Tower with Radar,21,5,8,6,40,1,1,24,1,27,22,6,32,7,67,34,2,36,103
09/19/2012,MWH,WA,ANM,WE,Combined TRACON& Tower with Radar,26,23,18,30,97,0,9,34,1,44,26,32,52,31,141,0,0,0,141
09/20/2012,MWH,WA,ANM,WE,Combined TRACON& Tower with Radar,11,12,15,23,61,0,4,24,2,30,11,16,39,25,91,12,2,14,105
09/21/2012,MWH,WA,ANM,WE,Combined TRACON& Tower with Radar,17,4,7,12,40,0,3,7,1,11,17,7,14,13,51,0,19,19,70
09/22/2012,MWH,WA,ANM,WE,Combined TRACON& Tower with Radar,13,2,2,4,21,0,1,12,0,13,13,3,14,4,34,0,0,0,34
09/23/2012,MWH,WA,ANM,WE,Combined TRACON& Tower with Radar,17,0,5,0,22,0,0,8,0,8,17,0,13,0,30,0,0,0,30
09/24/2012,MWH,WA,ANM,WE,Combined TRACON& Tower with Radar,51,38,18,18,125,30,7,39,0,76,81,45,57,18,201,109,4,113,314
09/25/2012,MWH,WA,ANM,WE,Combined TRACON& Tower with Radar,62,7,13,4,86,16,26,52,1,95,78,33,65,5,181,101,2,103,284
09/26/2012,MWH,WA,ANM,WE,Combined TRACON& Tower with Radar,35,7,20,9,71,15,10,67,0,92,50,17,87,9,163,216,0,216,379
09/27/2012,MWH,WA,ANM,WE,Combined TRACON& Tower with Radar,27,8,15,8,58,5,0,63,0,68,32,8,78,8,126,190,0,190,316
09/28/2012,MWH,WA,ANM,WE,Combined TRACON& Tower with Radar,42,14,21,17,94,1,1,6,0,8,43,15,27,17,102,0,0,0,102
09/29/2012,MWH,WA,ANM,WE,Combined TRACON& Tower with Radar,18,2,1,0,21,0,0,4,0,4,18,2,5,0,25,0,0,0,25
09/30/2012,MWH,WA,ANM,WE,Combined TRACON& Tower with Radar,0,0,12,2,14,0,4,4,0,8,0,4,16,2,22,0,0,0,22
10/01/2012,MWH,WA,ANM,WE,Combined TRACON& Tower with Radar,22,6,16,12,56,0,2,44,0,46,22,8,60,12,102,75,1,76,178
10/02/2012,MWH,WA,ANM,WE,Combined TRACON& Tower with Radar,46,12,23,31,112,2,4,51,0,57,48,16,74,31,169,148,32,180,349
10/03/2012,MWH,WA,ANM,WE,Combined TRACON& Tower with Radar,8,6,10,7,31,8,3,70,6,87,16,9,80,13,118,174,4,178,296
10/04/2012,MWH,WA,ANM,WE,Combined TRACON& Tower with Radar,51,4,19,2,76,22,0,101,0,123,73,4,120,2,199,186,0,186,385
10/05/2012,MWH,WA,ANM,WE,Combined TRACON& Tower with Radar,44,4,7,11,66,70,0,10,0,80,114,4,17,11,146,4,6,10,156
10/06/2012,MWH,WA,ANM,WE,Combined TRACON& Tower with Radar,0,1,1,0,2,0,1,7,0,8,0,2,8,0,10,0,0,0,10
10/07/2012,MWH,WA,ANM,WE,Combined TRACON& Tower with Radar,5,0,2,0,7,0,8,6,0,14,5,8,8,0,21,0,0,0,21
10/08/2012,MWH,WA,ANM,WE,Combined TRACON& Tower with Radar,9,3,17,1,30,7,2,42,0,51,16,5,59,1,81,162,0,162,243
10/09/2012,MWH,WA,ANM,WE,Combined TRACON& Tower with Radar,41,5,11,12,69,0,1,63,1,65,41,6,74,13,134,156,32,188,322
10/10/2012,MWH,WA,ANM,WE,Combined TRACON& Tower with Radar,41,7,43,45,136,24,8,210,1,243,65,15,253,46,379,307,144,451,830
10/11/2012,MWH,WA,ANM,WE,Combined TRACON& Tower with Radar,29,4,18,17,68,0,1,71,0,72,29,5,89,17,140,170,19,189,329
10/12/2012,MWH,WA,ANM,WE,Combined TRACON& Tower with Radar,40,5,11,17,73,2,1,1,0,4,42,6,12,17,77,0,0,0,77
10/13/2012,MWH,WA,ANM,WE,Combined TRACON& Tower with Radar,13,0,2,5,20,0,2,1,1,4,13,2,3,6,24,0,0,0,24
10/14/2012,MWH,WA,ANM,WE,Combined TRACON& Tower with Radar,0,0,5,0,5,0,0,0,0,0,0,0,5,0,5,0,0,0,5
10/15/2012,MWH,WA,ANM,WE,Combined TRACON& Tower with Radar,18,2,11,30,61,0,2,55,7,64,18,4,66,37,125,148,30,178,303
10/16/2012,MWH,WA,ANM,WE,Combined TRACON& Tower with Radar,20,5,3,16,44,0,1,1,0,2,20,6,4,16,46,0,0,0,46
10/17/2012,MWH,WA,ANM,WE,Combined TRACON& Tower with Radar,18,6,26,17,67,0,0,83,10,93,18,6,109,27,160,193,62,255,415
10/18/2012,MWH,WA,ANM,WE,Combined TRACON& Tower with Radar,75,14,16,25,130,47,1,126,5,179,122,15,142,30,309,416,50,466,775
10/19/2012,MWH,WA,ANM,WE,Combined TRACON& Tower with Radar,23,12,13,0,48,2,0,1,0,3,25,12,14,0,51,0,0,0,51
10/20/2012,MWH,WA,ANM,WE,Combined TRACON& Tower with Radar,16,3,6,0,25,0,1,5,0,6,16,4,11,0,31,0,0,0,31
10/21/2012,MWH,WA,ANM,WE,Combined TRACON& Tower with Radar,5,0,3,0,8,0,0,2,0,2,5,0,5,0,10,0,0,0,10
10/22/2012,MWH,WA,ANM,WE,Combined TRACON& Tower with Radar,34,3,34,32,103,7,0,34,0,41,41,3,68,32,144,236,2,238,382
10/23/2012,MWH,WA,ANM,WE,Combined TRACON& Tower with Radar,29,4,4,42,79,0,0,8,0,8,29,4,12,42,87,28,0,28,115
10/24/2012,MWH,WA,ANM,WE,Combined TRACON& Tower with Radar,14,4,30,21,69,0,0,63,4,67,14,4,93,25,136,270,21,291,427
10/25/2012,MWH,WA,ANM,WE,Combined TRACON& Tower with Radar,33,5,20,27,85,0,1,33,2,36,33,6,53,29,121,110,36,146,267
10/26/2012,MWH,WA,ANM,WE,Combined TRACON& Tower with Radar,14,8,6,38,66,0,0,0,0,0,14,8,6,38,66,0,0,0,66
10/27/2012,MWH,WA,ANM,WE,Combined TRACON& Tower with Radar,12,2,0,0,14,0,0,0,0,0,12,2,0,0,14,0,0,0,14
10/28/2012,MWH,WA,ANM,WE,Combined TRACON& Tower with Radar,0,0,4,0,4,0,0,0,0,0,0,0,4,0,4,0,0,0,4
10/29/2012,MWH,WA,ANM,WE,Combined TRACON& Tower with Radar,12,2,16,22,52,0,2,56,0,58,12,4,72,22,110,100,17,117,227
10/30/2012,MWH,WA,ANM,WE,Combined TRACON& Tower with Radar,21,4,21,47,93,10,1,73,3,87,31,5,94,50,180,284,63,347,527
10/31/2012,MWH,WA,ANM,WE,Combined TRACON& Tower with Radar,19,4,17,40,80,6,11,65,8,90,25,15,82,48,170,311,26,337,507
11/01/2012,MWH,WA,ANM,WE,Combined TRACON& Tower with Radar,10,4,40,35,89,0,1,47,0,48,10,5,87,35,137,208,38,246,383
11/02/2012,MWH,WA,ANM,WE,Combined TRACON& Tower with Radar,2,4,5,10,21,0,0,0,0,0,2,4,5,10,21,0,0,0,21
11/03/2012,MWH,WA,ANM,WE,Combined TRACON& Tower with Radar,62,4,3,14,83,0,0,1,0,1,62,4,4,14,84,0,0,0,84
11/04/2012,MWH,WA,ANM,WE,Combined TRACON& Tower with Radar,14,2,6,0,22,0,0,5,0,5,14,2,11,0,27,42,0,42,69
11/05/2012,MWH,WA,ANM,WE,Combined TRACON& Tower with Radar,15,2,21,20,58,0,3,96,12,111,15,5,117,32,169,449,52,501,670
11/06/2012,MWH,WA,ANM,WE,Combined TRACON& Tower with Radar,29,7,22,50,108,2,0,90,16,108,31,7,112,66,216,356,81,437,653
11/07/2012,MWH,WA,ANM,WE,Combined TRACON& Tower with Radar,11,4,47,70,132,1,0,113,10,124,12,4,160,80,256,331,121,452,708
11/08/2012,MWH,WA,ANM,WE,Combined TRACON& Tower with Radar,23,5,29,32,89,8,1,83,0,92,31,6,112,32,181,220,10,230,411
11/09/2012,MWH,WA,ANM,WE,Combined TRACON& Tower with Radar,14,4,1,14,33,0,0,0,0,0,14,4,1,14,33,0,22,22,55
11/10/2012,MWH,WA,ANM,WE,Combined TRACON& Tower with Radar,5,2,0,0,7,1,0,0,0,1,6,2,0,0,8,0,0,0,8
11/11/2012,MWH,WA,ANM,WE,Combined TRACON& Tower with Radar,0,0,3,0,3,0,0,0,0,0,0,0,3,0,3,0,0,0,3
11/12/2012,MWH,WA,ANM,WE,Combined TRACON& Tower with Radar,26,7,18,2,53,6,0,0,0,6,32,7,18,2,59,0,0,0,59
11/13/2012,MWH,WA,ANM,WE,Combined TRACON& Tower with Radar,4,5,35,29,73,0,1,2,0,3,4,6,37,29,76,4,24,28,104
11/14/2012,MWH,WA,ANM,WE,Combined TRACON& Tower with Radar,17,4,12,26,59,0,0,0,0,0,17,4,12,26,59,0,10,10,69
11/15/2012,MWH,WA,ANM,WE,Combined TRACON& Tower with Radar,30,6,33,38,107,0,2,6,8,16,30,8,39,46,123,89,18,107,230
11/16/2012,MWH,WA,ANM,WE,Combined TRACON& Tower with Radar,54,8,11,15,88,7,1,2,0,10,61,9,13,15,98,2,14,16,114
11/17/2012,MWH,WA,ANM,WE,Combined TRACON& Tower with Radar,10,2,3,17,32,10,1,0,4,15,20,3,3,21,47,0,34,34,81
11/18/2012,MWH,WA,ANM,WE,Combined TRACON& Tower with Radar,6,0,0,0,6,2,0,2,0,4,8,0,2,0,10,0,0,0,10
11/19/2012,MWH,WA,ANM,WE,Combined TRACON& Tower with Radar,0,2,3,42,47,0,1,5,7,13,0,3,8,49,60,8,92,100,160
11/20/2012,MWH,WA,ANM,WE,Combined TRACON& Tower with Radar,18,3,8,10,39,8,6,1,0,15,26,9,9,10,54,2,34,36,90
11/21/2012,MWH,WA,ANM,WE,Combined TRACON& Tower with Radar,11,6,6,22,45,3,5,8,7,23,14,11,14,29,68,0,24,24,92
11/22/2012,MWH,WA,ANM,WE,Combined TRACON& Tower with Radar,0,0,1,0,1,0,4,7,0,11,0,4,8,0,12,0,0,0,12
11/23/2012,MWH,WA,ANM,WE,Combined TRACON& Tower with Radar,6,4,0,0,10,0,3,6,0,9,6,7,6,0,19,0,0,0,19
11/24/2012,MWH,WA,ANM,WE,Combined TRACON& Tower with Radar,0,4,6,0,10,0,0,2,0,2,0,4,8,0,12,6,0,6,18
11/25/2012,MWH,WA,ANM,WE,Combined TRACON& Tower with Radar,0,1,3,0,4,0,4,0,0,4,0,5,3,0,8,0,0,0,8
11/26/2012,MWH,WA,ANM,WE,Combined TRACON& Tower with Radar,17,5,27,12,61,0,0,43,2,45,17,5,70,14,106,390,33,423,529
11/27/2012,MWH,WA,ANM,WE,Combined TRACON& Tower with Radar,6,3,30,14,53,0,0,2,2,4,6,3,32,16,57,0,0,0,57
11/28/2012,MWH,WA,ANM,WE,Combined TRACON& Tower with Radar,7,8,34,50,99,0,2,55,10,67,7,10,89,60,166,230,70,300,466
11/29/2012,MWH,WA,ANM,WE,Combined TRACON& Tower with Radar,9,5,33,22,69,0,0,25,0,25,9,5,58,22,94,116,0,116,210
11/30/2012,MWH,WA,ANM,WE,Combined TRACON& Tower with Radar,14,4,1,1,20,0,3,4,0,7,14,7,5,1,27,0,4,4,31
12/01/2012,MWH,WA,ANM,WE,Combined TRACON& Tower with Radar,4,2,19,1,26,0,0,9,0,9,4,2,28,1,35,6,0,6,41
12/02/2012,MWH,WA,ANM,WE,Combined TRACON& Tower with Radar,4,0,3,2,9,0,2,2,5,9,4,2,5,7,18,0,0,0,18
12/03/2012,MWH,WA,ANM,WE,Combined TRACON& Tower with Radar,12,1,29,7,49,3,2,73,6,84,15,3,102,13,133,204,52,256,389
12/04/2012,MWH,WA,ANM,WE,Combined TRACON& Tower with Radar,14,4,28,15,61,4,0,73,0,77,18,4,101,15,138,342,22,364,502
12/05/2012,MWH,WA,ANM,WE,Combined TRACON& Tower with Radar,10,2,30,10,52,2,6,85,3,96,12,8,115,13,148,300,28,328,476
12/06/2012,MWH,WA,ANM,WE,Combined TRACON& Tower with Radar,37,2,38,56,133,7,0,85,13,105,44,2,123,69,238,186,120,306,544
12/07/2012,MWH,WA,ANM,WE,Combined TRACON& Tower with Radar,21,2,9,14,46,2,0,0,2,4,23,2,9,16,50,2,24,26,76
12/08/2012,MWH,WA,ANM,WE,Combined TRACON& Tower with Radar,6,2,3,6,17,2,0,17,0,19,8,2,20,6,36,8,8,16,52
12/09/2012,MWH,WA,ANM,WE,Combined TRACON& Tower with Radar,10,2,4,0,16,0,0,0,0,0,10,2,4,0,16,0,0,0,16
12/10/2012,MWH,WA,ANM,WE,Combined TRACON& Tower with Radar,19,4,15,8,46,0,0,12,0,12,19,4,27,8,58,48,0,48,106
12/11/2012,MWH,WA,ANM,WE,Combined TRACON& Tower with Radar,8,1,5,0,14,0,1,9,0,10,8,2,14,0,24,26,0,26,50
12/12/2012,MWH,WA,ANM,WE,Combined TRACON& Tower with Radar,9,2,14,18,43,0,1,24,0,25,9,3,38,18,68,146,0,146,214
12/13/2012,MWH,WA,ANM,WE,Combined TRACON& Tower with Radar,38,4,2,0,44,0,0,0,0,0,38,4,2,0,44,0,0,0,44
12/14/2012,MWH,WA,ANM,WE,Combined TRACON& Tower with Radar,31,2,6,0,39,0,0,0,0,0,31,2,6,0,39,0,0,0,39
12/15/2012,MWH,WA,ANM,WE,Combined TRACON& Tower with Radar,16,2,0,0,18,0,0,0,0,0,16,2,0,0,18,0,0,0,18
12/16/2012,MWH,WA,ANM,WE,Combined TRACON& Tower with Radar,6,2,1,0,9,0,0,0,0,0,6,2,1,0,9,0,0,0,9
12/17/2012,MWH,WA,ANM,WE,Combined TRACON& Tower with Radar,7,2,6,14,29,2,0,1,3,6,9,2,7,17,35,0,0,0,35
12/18/2012,MWH,WA,ANM,WE,Combined TRACON& Tower with Radar,8,4,11,25,48,2,5,16,10,33,10,9,27,35,81,20,94,114,195
12/19/2012,MWH,WA,ANM,WE,Combined TRACON& Tower with Radar,14,3,8,13,38,0,1,1,0,2,14,4,9,13,40,0,2,2,42
12/20/2012,MWH,WA,ANM,WE,Combined TRACON& Tower with Radar,4,4,2,59,69,0,1,5,18,24,4,5,7,77,93,0,110,110,203
12/21/2012,MWH,WA,ANM,WE,Combined TRACON& Tower with Radar,0,2,4,14,20,0,0,0,4,4,0,2,4,18,24,0,28,28,52
12/22/2012,MWH,WA,ANM,WE,Combined TRACON& Tower with Radar,0,2,2,0,4,0,2,0,0,2,0,4,2,0,6,0,0,0,6
12/23/2012,MWH,WA,ANM,WE,Combined TRACON& Tower with Radar,0,1,1,0,2,0,0,0,0,0,0,1,1,0,2,0,0,0,2
12/24/2012,MWH,WA,ANM,WE,Combined TRACON& Tower with Radar,0,4,0,0,4,0,0,4,0,4,0,4,4,0,8,2,0,2,10
12/25/2012,MWH,WA,ANM,WE,Combined TRACON& Tower with Radar,0,6,1,0,7,0,1,0,0,1,0,7,1,0,8,0,0,0,8
12/26/2012,MWH,WA,ANM,WE,Combined TRACON& Tower with Radar,0,6,1,0,7,0,0,0,0,0,0,6,1,0,7,0,0,0,7
12/27/2012,MWH,WA,ANM,WE,Combined TRACON& Tower with Radar,0,10,6,10,26,0,0,0,0,0,0,10,6,10,26,0,0,0,26
12/28/2012,MWH,WA,ANM,WE,Combined TRACON& Tower with Radar,0,6,6,14,26,0,0,2,0,2,0,6,8,14,28,0,0,0,28
12/29/2012,MWH,WA,ANM,WE,Combined TRACON& Tower with Radar,0,2,0,0,2,0,0,0,0,0,0,2,0,0,2,0,0,0,2
12/30/2012,MWH,WA,ANM,WE,Combined TRACON& Tower with Radar,0,0,2,0,2,0,0,4,0,4,0,0,6,0,6,0,0,0,6
12/31/2012,MWH,WA,ANM,WE,Combined TRACON& Tower with Radar,0,6,0,0,6,0,2,2,0,4,0,8,2,0,10,0,0,0,10
01/01/2013,MWH,WA,ANM,WE,Combined TRACON& Tower with Radar,0,3,0,0,3,0,0,1,0,1,0,3,1,0,4,0,1,1,5
01/02/2013,MWH,WA,ANM,WE,Combined TRACON& Tower with Radar,0,4,16,24,44,0,2,34,3,39,0,6,50,27,83,118,48,166,249
01/03/2013,MWH,WA,ANM,WE,Combined TRACON& Tower with Radar,9,4,10,20,43,0,0,46,9,55,9,4,56,29,98,182,9,191,289
01/04/2013,MWH,WA,ANM,WE,Combined TRACON& Tower with Radar,32,8,6,32,78,0,0,0,6,6,32,8,6,38,84,0,26,26,110
01/05/2013,MWH,WA,ANM,WE,Combined TRACON& Tower with Radar,0,4,1,2,7,0,0,1,0,1,0,4,2,2,8,0,0,0,8
01/06/2013,MWH,WA,ANM,WE,Combined TRACON& Tower with Radar,0,4,0,5,9,0,0,0,0,0,0,4,0,5,9,0,0,0,9
01/07/2013,MWH,WA,ANM,WE,Combined TRACON& Tower with Radar,5,4,3,0,12,0,0,0,0,0,5,4,3,0,12,0,0,0,12
01/08/2013,MWH,WA,ANM,WE,Combined TRACON& Tower with Radar,17,4,0,7,28,0,0,7,0,7,17,4,7,7,35,12,0,12,47
01/09/2013,MWH,WA,ANM,WE,Combined TRACON& Tower with Radar,9,7,17,33,66,6,0,77,1,84,15,7,94,34,150,194,10,204,354
01/10/2013,MWH,WA,ANM,WE,Combined TRACON& Tower with Radar,21,4,11,11,47,0,0,68,3,71,21,4,79,14,118,232,16,248,366
01/11/2013,MWH,WA,ANM,WE,Combined TRACON& Tower with Radar,20,8,14,0,42,4,0,8,2,14,24,8,22,2,56,2,0,2,58
01/12/2013,MWH,WA,ANM,WE,Combined TRACON& Tower with Radar,8,2,2,6,18,4,0,7,8,19,12,2,9,14,37,24,0,24,61
01/13/2013,MWH,WA,ANM,WE,Combined TRACON& Tower with Radar,5,0,6,0,11,0,0,4,0,4,5,0,10,0,15,0,0,0,15
01/14/2013,MWH,WA,ANM,WE,Combined TRACON& Tower with Radar,14,4,8,12,38,0,0,47,6,53,14,4,55,18,91,340,6,346,437
01/15/2013,MWH,WA,ANM,WE,Combined TRACON& Tower with Radar,7,6,22,18,53,4,1,74,0,79,11,7,96,18,132,224,48,272,404
01/16/2013,MWH,WA,ANM,WE,Combined TRACON& Tower with Radar,2,5,8,20,35,4,0,7,0,11,6,5,15,20,46,108,19,127,173
01/17/2013,MWH,WA,ANM,WE,Combined TRACON& Tower with Radar,6,3,6,4,19,0,0,0,0,0,6,3,6,4,19,0,0,0,19
01/18/2013,MWH,WA,ANM,WE,Combined TRACON& Tower with Radar,19,5,4,6,34,0,0,0,0,0,19,5,4,6,34,0,0,0,34
01/19/2013,MWH,WA,ANM,WE,Combined TRACON& Tower with Radar,4,2,2,0,8,0,0,0,0,0,4,2,2,0,8,0,0,0,8
01/20/2013,MWH,WA,ANM,WE,Combined TRACON& Tower with Radar,0,3,1,0,4,0,0,0,0,0,0,3,1,0,4,0,0,0,4
01/21/2013,MWH,WA,ANM,WE,Combined TRACON& Tower with Radar,19,6,11,14,50,0,0,0,0,0,19,6,11,14,50,0,0,0,50
01/22/2013,MWH,WA,ANM,WE,Combined TRACON& Tower with Radar,27,7,5,11,50,0,0,7,0,7,27,7,12,11,57,38,0,38,95
01/23/2013,MWH,WA,ANM,WE,Combined TRACON& Tower with Radar,30,14,24,23,91,2,8,41,5,56,32,22,65,28,147,164,53,217,364
01/24/2013,MWH,WA,ANM,WE,Combined TRACON& Tower with Radar,14,6,8,44,72,0,0,0,0,0,14,6,8,44,72,0,0,0,72
01/25/2013,MWH,WA,ANM,WE,Combined TRACON& Tower with Radar,27,6,7,1,41,0,0,0,0,0,27,6,7,1,41,0,0,0,41
01/26/2013,MWH,WA,ANM,WE,Combined TRACON& Tower with Radar,2,3,2,9,16,0,0,0,0,0,2,3,2,9,16,0,0,0,16
01/27/2013,MWH,WA,ANM,WE,Combined TRACON& Tower with Radar,5,0,1,5,11,0,0,0,0,0,5,0,1,5,11,0,0,0,11
01/28/2013,MWH,WA,ANM,WE,Combined TRACON& Tower with Radar,13,5,5,22,45,0,1,20,4,25,13,6,25,26,70,80,4,84,154
01/29/2013,MWH,WA,ANM,WE,Combined TRACON& Tower with Radar,28,3,37,10,78,10,3,104,0,117,38,6,141,10,195,314,16,330,525
01/30/2013,MWH,WA,ANM,WE,Combined TRACON& Tower with Radar,12,7,42,71,132,0,1,132,24,157,12,8,174,95,289,302,150,452,741
01/31/2013,MWH,WA,ANM,WE,Combined TRACON& Tower with Radar,98,6,25,9,138,56,2,94,12,164,154,8,119,21,302,195,8,203,505
02/01/2013,MWH,WA,ANM,WE,Combined TRACON& Tower with Radar,17,3,10,42,72,0,2,18,10,30,17,5,28,52,102,2,100,102,204
02/02/2013,MWH,WA,ANM,WE,Combined TRACON& Tower with Radar,2,2,14,1,19,0,1,27,0,28,2,3,41,1,47,4,0,4,51
02/03/2013,MWH,WA,ANM,WE,Combined TRACON& Tower with Radar,1,2,2,1,6,0,0,0,0,0,1,2,2,1,6,0,0,0,6
02/04/2013,MWH,WA,ANM,WE,Combined TRACON& Tower with Radar,2,3,2,11,18,0,1,0,0,1,2,4,2,11,19,0,0,0,19
02/05/2013,MWH,WA,ANM,WE,Combined TRACON& Tower with Radar,3,11,5,30,49,0,0,2,0,2,3,11,7,30,51,68,3,71,122
02/06/2013,MWH,WA,ANM,WE,Combined TRACON& Tower with Radar,28,2,28,28,86,0,1,104,13,118,28,3,132,41,204,259,85,344,548
02/07/2013,MWH,WA,ANM,WE,Combined TRACON& Tower with Radar,16,8,21,23,68,5,8,86,5,104,21,16,107,28,172,187,62,249,421
02/08/2013,MWH,WA,ANM,WE,Combined TRACON& Tower with Radar,4,5,4,32,45,0,1,20,3,24,4,6,24,35,69,9,26,35,104
02/09/2013,MWH,WA,ANM,WE,Combined TRACON& Tower with Radar,4,2,2,26,34,0,0,6,3,9,4,2,8,29,43,2,48,50,93
02/10/2013,MWH,WA,ANM,WE,Combined TRACON& Tower with Radar,11,0,7,8,26,0,0,12,11,23,11,0,19,19,49,10,20,30,79
02/11/2013,MWH,WA,ANM,WE,Combined TRACON& Tower with Radar,22,3,13,49,87,0,2,120,12,134,22,5,133,61,221,280,147,427,648
02/12/2013,MWH,WA,ANM,WE,Combined TRACON& Tower with Radar,23,8,34,62,127,2,0,61,59,122,25,8,95,121,249,238,168,406,655
02/13/2013,MWH,WA,ANM,WE,Combined TRACON& Tower with Radar,17,5,25,77,124,0,1,85,26,112,17,6,110,103,236,213,146,359,595
02/14/2013,MWH,WA,ANM,WE,Combined TRACON& Tower with Radar,14,7,9,65,95,2,3,51,44,100,16,10,60,109,195,90,122,212,407
02/15/2013,MWH,WA,ANM,WE,Combined TRACON& Tower with Radar,14,5,1,24,44,0,1,13,11,25,14,6,14,35,69,2,33,35,104
02/16/2013,MWH,WA,ANM,WE,Combined TRACON& Tower with Radar,2,1,0,0,3,0,3,7,0,10,2,4,7,0,13,0,0,0,13
02/17/2013,MWH,WA,ANM,WE,Combined TRACON& Tower with Radar,4,1,8,2,15,0,3,6,1,10,4,4,14,3,25,0,16,16,41
02/18/2013,MWH,WA,ANM,WE,Combined TRACON& Tower with Radar,4,2,12,2,20,0,8,81,0,89,4,10,93,2,109,122,6,128,237
02/19/2013,MWH,WA,ANM,WE,Combined TRACON& Tower with Radar,22,7,27,23,79,2,3,59,16,80,24,10,86,39,159,234,72,306,465
02/20/2013,MWH,WA,ANM,WE,Combined TRACON& Tower with Radar,13,15,19,41,88,2,3,107,8,120,15,18,126,49,208,166,38,204,412
02/21/2013,MWH,WA,ANM,WE,Combined TRACON& Tower with Radar,28,3,22,41,94,6,1,76,15,98,34,4,98,56,192,178,44,222,414
02/22/2013,MWH,WA,ANM,WE,Combined TRACON& Tower with Radar,4,4,27,7,42,0,2,6,0,8,4,6,33,7,50,18,28,46,96
02/23/2013,MWH,WA,ANM,WE,Combined TRACON& Tower with Radar,8,0,14,0,22,0,2,7,0,9,8,2,21,0,31,0,0,0,31
02/24/2013,MWH,WA,ANM,WE,Combined TRACON& Tower with Radar,10,0,1,3,14,0,1,12,0,13,10,1,13,3,27,18,0,18,45
02/25/2013,MWH,WA,ANM,WE,Combined TRACON& Tower with Radar,4,2,28,33,67,0,2,23,6,31,4,4,51,39,98,100,66,166,264
02/26/2013,MWH,WA,ANM,WE,Combined TRACON& Tower with Radar,6,4,26,41,77,1,3,97,14,115,7,7,123,55,192,154,99,253,445
02/27/2013,MWH,WA,ANM,WE,Combined TRACON& Tower with Radar,8,7,20,41,76,4,2,90,15,111,12,9,110,56,187,184,128,312,499
02/28/2013,MWH,WA,ANM,WE,Combined TRACON& Tower with Radar,19,4,5,29,57,0,0,3,0,3,19,4,8,29,60,22,0,22,82
03/01/2013,MWH,WA,ANM,WE,Combined TRACON& Tower with Radar,11,4,1,27,43,0,1,19,5,25,11,5,20,32,68,31,42,73,141
03/02/2013,MWH,WA,ANM,WE,Combined TRACON& Tower with Radar,0,3,6,0,9,0,6,7,0,13,0,9,13,0,22,4,0,4,26
03/03/2013,MWH,WA,ANM,WE,Combined TRACON& Tower with Radar,6,0,2,0,8,0,0,4,0,4,6,0,6,0,12,0,0,0,12
03/04/2013,MWH,WA,ANM,WE,Combined TRACON& Tower with Radar,11,2,13,53,79,0,7,109,19,135,11,9,122,72,214,162,94,256,470
03/05/2013,MWH,WA,ANM,WE,Combined TRACON& Tower with Radar,14,6,9,15,44,0,0,69,8,77,14,6,78,23,121,246,10,256,377
03/06/2013,MWH,WA,ANM,WE,Combined TRACON& Tower with Radar,16,9,19,3,47,0,2,39,0,41,16,11,58,3,88,224,0,224,312
03/07/2013,MWH,WA,ANM,WE,Combined TRACON& Tower with Radar,24,21,16,25,86,0,0,86,15,101,24,21,102,40,187,166,70,236,423
03/08/2013,MWH,WA,ANM,WE,Combined TRACON& Tower with Radar,0,13,15,32,60,0,1,13,11,25,0,14,28,43,85,2,12,14,99
03/09/2013,MWH,WA,ANM,WE,Combined TRACON& Tower with Radar,4,2,13,0,19,0,0,18,0,18,4,2,31,0,37,8,0,8,45
03/10/2013,MWH,WA,ANM,WE,Combined TRACON& Tower with Radar,8,0,3,0,11,2,2,11,0,15,10,2,14,0,26,24,0,24,50
03/11/2013,MWH,WA,ANM,WE,Combined TRACON& Tower with Radar,17,2,23,38,80,4,9,91,7,111,21,11,114,45,191,256,99,355,546
03/12/2013,MWH,WA,ANM,WE,Combined TRACON& Tower with Radar,28,7,26,18,79,8,0,89,11,108,36,7,115,29,187,130,74,204,391
03/13/2013,MWH,WA,ANM,WE,Combined TRACON& Tower with Radar,27,11,9,36,83,2,5,83,23,113,29,16,92,59,196,143,137,280,476
03/14/2013,MWH,WA,ANM,WE,Combined TRACON& Tower with Radar,18,6,47,23,94,8,10,60,18,96,26,16,107,41,190,151,76,227,417
03/15/2013,MWH,WA,ANM,WE,Combined TRACON& Tower with Radar,17,14,22,30,83,0,6,23,21,50,17,20,45,51,133,12,28,40,173
03/16/2013,MWH,WA,ANM,WE,Combined TRACON& Tower with Radar,12,5,27,9,53,2,1,10,2,15,14,6,37,11,68,2,22,24,92
03/17/2013,MWH,WA,ANM,WE,Combined TRACON& Tower with Radar,0,0,7,0,7,0,0,3,0,3,0,0,10,0,10,0,0,0,10
03/18/2013,MWH,WA,ANM,WE,Combined TRACON& Tower with Radar,21,1,11,24,57,0,8,24,6,38,21,9,35,30,95,30,48,78,173
03/19/2013,MWH,WA,ANM,WE,Combined TRACON& Tower with Radar,31,4,28,10,73,6,0,48,4,58,37,4,76,14,131,128,22,150,281
03/20/2013,MWH,WA,ANM,WE,Combined TRACON& Tower with Radar,8,10,17,20,55,2,0,25,8,35,10,10,42,28,90,80,34,114,204
03/21/2013,MWH,WA,ANM,WE,Combined TRACON& Tower with Radar,8,6,0,33,47,2,0,15,15,32,10,6,15,48,79,10,46,56,135
03/22/2013,MWH,WA,ANM,WE,Combined TRACON& Tower with Radar,24,12,6,7,49,2,0,12,10,24,26,12,18,17,73,4,86,90,163
03/23/2013,MWH,WA,ANM,WE,Combined TRACON& Tower with Radar,9,2,5,0,16,0,2,8,1,11,9,4,13,1,27,4,0,4,31
03/24/2013,MWH,WA,ANM,WE,Combined TRACON& Tower with Radar,0,0,0,0,0,2,0,4,0,6,2,0,4,0,6,0,0,0,6
03/25/2013,MWH,WA,ANM,WE,Combined TRACON& Tower with Radar,22,1,5,29,57,2,4,16,7,29,24,5,21,36,86,9,34,43,129
03/26/2013,MWH,WA,ANM,WE,Combined TRACON& Tower with Radar,18,4,13,29,64,14,2,15,7,38,32,6,28,36,102,4,67,71,173
03/27/2013,MWH,WA,ANM,WE,Combined TRACON& Tower with Radar,19,5,18,35,77,0,3,11,14,28,19,8,29,49,105,10,57,67,172
03/28/2013,MWH,WA,ANM,WE,Combined TRACON& Tower with Radar,9,4,17,2,32,0,0,12,0,12,9,4,29,2,44,16,0,16,60
03/29/2013,MWH,WA,ANM,WE,Combined TRACON& Tower with Radar,17,4,6,9,36,4,0,15,2,21,21,4,21,11,57,22,26,48,105
03/30/2013,MWH,WA,ANM,WE,Combined TRACON& Tower with Radar,5,2,5,0,12,0,0,19,0,19,5,2,24,0,31,6,0,6,37
03/31/2013,MWH,WA,ANM,WE,Combined TRACON& Tower with Radar,4,0,0,0,4,0,0,4,0,4,4,0,4,0,8,0,0,0,8
04/01/2013,MWH,WA,ANM,WE,Combined TRACON& Tower with Radar,21,3,11,30,65,1,10,48,26,85,22,13,59,56,150,184,84,268,418
04/02/2013,MWH,WA,ANM,WE,Combined TRACON& Tower with Radar,33,8,22,15,78,2,0,84,16,102,35,8,106,31,180,124,69,193,373
04/03/2013,MWH,WA,ANM,WE,Combined TRACON& Tower with Radar,14,6,20,27,67,0,0,85,7,92,14,6,105,34,159,169,40,209,368
04/04/2013,MWH,WA,ANM,WE,Combined TRACON& Tower with Radar,19,4,18,35,76,0,2,43,16,61,19,6,61,51,137,165,82,247,384
04/05/2013,MWH,WA,ANM,WE,Combined TRACON& Tower with Radar,8,12,7,12,39,0,2,2,1,5,8,14,9,13,44,0,18,18,62
04/06/2013,MWH,WA,ANM,WE,Combined TRACON& Tower with Radar,6,2,2,0,10,4,1,0,2,7,10,3,2,2,17,8,0,8,25
04/07/2013,MWH,WA,ANM,WE,Combined TRACON& Tower with Radar,5,1,5,0,11,0,0,0,0,0,5,1,5,0,11,0,0,0,11
04/08/2013,MWH,WA,ANM,WE,Combined TRACON& Tower with Radar,18,4,21,63,106,0,4,58,3,65,18,8,79,66,171,175,87,262,433
04/09/2013,MWH,WA,ANM,WE,Combined TRACON& Tower with Radar,6,4,29,41,80,0,2,115,7,124,6,6,144,48,204,230,64,294,498
04/10/2013,MWH,WA,ANM,WE,Combined TRACON& Tower with Radar,32,4,21,31,88,4,0,29,14,47,36,4,50,45,135,150,54,204,339
04/11/2013,MWH,WA,ANM,WE,Combined TRACON& Tower with Radar,9,8,27,16,60,0,0,61,4,65,9,8,88,20,125,96,24,120,245
04/12/2013,MWH,WA,ANM,WE,Combined TRACON& Tower with Radar,15,3,4,12,34,0,3,9,3,15,15,6,13,15,49,14,38,52,101
04/13/2013,MWH,WA,ANM,WE,Combined TRACON& Tower with Radar,8,2,0,6,16,0,4,6,0,10,8,6,6,6,26,0,6,6,32
04/14/2013,MWH,WA,ANM,WE,Combined TRACON& Tower with Radar,4,0,5,5,14,0,0,5,0,5,4,0,10,5,19,6,0,6,25
04/15/2013,MWH,WA,ANM,WE,Combined TRACON& Tower with Radar,21,4,30,31,86,7,4,57,4,72,28,8,87,35,158,123,72,195,353
04/16/2013,MWH,WA,ANM,WE,Combined TRACON& Tower with Radar,11,7,35,22,75,0,3,57,11,71,11,10,92,33,146,264,78,342,488
04/17/2013,MWH,WA,ANM,WE,Combined TRACON& Tower with Radar,30,4,30,38,102,5,3,84,10,102,35,7,114,48,204,167,32,199,403
04/18/2013,MWH,WA,ANM,WE,Combined TRACON& Tower with Radar,41,3,39,41,124,2,1,70,27,100,43,4,109,68,224,148,76,224,448
04/19/2013,MWH,WA,ANM,WE,Combined TRACON& Tower with Radar,21,4,6,53,84,0,0,7,8,15,21,4,13,61,99,25,91,116,215
04/20/2013,MWH,WA,ANM,WE,Combined TRACON& Tower with Radar,0,2,9,1,12,0,0,20,0,20,0,2,29,1,32,0,0,0,32
04/21/2013,MWH,WA,ANM,WE,Combined TRACON& Tower with Radar,0,0,11,0,11,0,0,8,0,8,0,0,19,0,19,28,0,28,47
04/22/2013,MWH,WA,ANM,WE,Combined TRACON& Tower with Radar,31,2,20,21,74,4,2,83,3,92,35,4,103,24,166,146,34,180,346
04/23/2013,MWH,WA,ANM,WE,Combined TRACON& Tower with Radar,32,4,36,29,101,2,3,84,8,97,34,7,120,37,198,159,94,253,451
04/24/2013,MWH,WA,ANM,WE,Combined TRACON& Tower with Radar,8,6,27,26,67,0,2,94,4,100,8,8,121,30,167,142,20,162,329
04/25/2013,MWH,WA,ANM,WE,Combined TRACON& Tower with Radar,30,4,26,18,78,4,2,68,3,77,34,6,94,21,155,134,16,150,305
04/26/2013,MWH,WA,ANM,WE,Combined TRACON& Tower with Radar,24,4,13,19,60,2,1,32,8,43,26,5,45,27,103,2,122,124,227
04/27/2013,MWH,WA,ANM,WE,Combined TRACON& Tower with Radar,16,4,7,0,27,2,0,3,0,5,18,4,10,0,32,0,0,0,32
04/28/2013,MWH,WA,ANM,WE,Combined TRACON& Tower with Radar,6,0,3,2,11,2,2,6,4,14,8,2,9,6,25,1,6,7,32
04/29/2013,MWH,WA,ANM,WE,Combined TRACON& Tower with Radar,22,2,4,21,49,2,4,5,8,19,24,6,9,29,68,2,22,24,92
04/30/2013,MWH,WA,ANM,WE,Combined TRACON& Tower with Radar,55,8,17,74,154,14,1,78,23,116,69,9,95,97,270,107,86,193,463
05/01/2013,MWH,WA,ANM,WE,Combined TRACON& Tower with Radar,28,3,32,33,96,0,2,127,8,137,28,5,159,41,233,157,46,203,436
05/02/2013,MWH,WA,ANM,WE,Combined TRACON& Tower with Radar,59,5,32,28,124,22,5,89,17,133,81,10,121,45,257,109,54,163,420
05/03/2013,MWH,WA,ANM,WE,Combined TRACON& Tower with Radar,21,5,9,7,42,2,0,17,2,21,23,5,26,9,63,12,8,20,83
05/04/2013,MWH,WA,ANM,WE,Combined TRACON& Tower with Radar,0,1,15,3,19,0,2,18,1,21,0,3,33,4,40,12,16,28,68
05/05/2013,MWH,WA,ANM,WE,Combined TRACON& Tower with Radar,0,0,0,0,0,0,0,7,0,7,0,0,7,0,7,0,0,0,7
05/06/2013,MWH,WA,ANM,WE,Combined TRACON& Tower with Radar,8,2,34,58,102,0,7,62,7,76,8,9,96,65,178,198,67,265,443
05/07/2013,MWH,WA,ANM,WE,Combined TRACON& Tower with Radar,12,4,67,44,127,0,0,92,18,110,12,4,159,62,237,171,177,348,585
05/08/2013,MWH,WA,ANM,WE,Combined TRACON& Tower with Radar,30,4,58,18,110,15,4,72,11,102,45,8,130,29,212,254,18,272,484
05/09/2013,MWH,WA,ANM,WE,Combined TRACON& Tower with Radar,32,4,34,12,82,1,0,60,8,69,33,4,94,20,151,81,74,155,306
05/10/2013,MWH,WA,ANM,WE,Combined TRACON& Tower with Radar,25,4,4,3,36,0,3,12,0,15,25,7,16,3,51,8,8,16,67
05/11/2013,MWH,WA,ANM,WE,Combined TRACON& Tower with Radar,13,2,7,0,22,1,0,8,0,9,14,2,15,0,31,10,0,10,41
05/12/2013,MWH,WA,ANM,WE,Combined TRACON& Tower with Radar,7,0,2,0,9,12,1,8,0,21,19,1,10,0,30,0,0,0,30
05/13/2013,MWH,WA,ANM,WE,Combined TRACON& Tower with Radar,14,2,40,22,78,2,3,35,7,47,16,5,75,29,125,126,56,182,307
05/14/2013,MWH,WA,ANM,WE,Combined TRACON& Tower with Radar,56,5,34,10,105,50,2,55,8,115,106,7,89,18,220,66,4,70,290
05/15/2013,MWH,WA,ANM,WE,Combined TRACON& Tower with Radar,39,4,47,32,122,2,0,87,3,92,41,4,134,35,214,160,16,176,390
05/16/2013,MWH,WA,ANM,WE,Combined TRACON& Tower with Radar,14,8,63,11,96,6,10,79,2,97,20,18,142,13,193,136,24,160,353
05/17/2013,MWH,WA,ANM,WE,Combined TRACON& Tower with Radar,26,5,4,18,53,4,1,6,8,19,30,6,10,26,72,0,74,74,146
05/18/2013,MWH,WA,ANM,WE,Combined TRACON& Tower with Radar,28,2,0,0,30,18,0,6,0,24,46,2,6,0,54,62,0,62,116
05/19/2013,MWH,WA,ANM,WE,Combined TRACON& Tower with Radar,46,0,9,0,55,73,0,9,0,82,119,0,18,0,137,12,0,12,149
05/20/2013,MWH,WA,ANM,WE,Combined TRACON& Tower with Radar,38,7,39,27,111,2,4,54,7,67,40,11,93,34,178,162,66,228,406
05/21/2013,MWH,WA,ANM,WE,Combined TRACON& Tower with Radar,23,10,34,23,90,0,5,61,16,82,23,15,95,39,172,182,54,236,408
05/22/2013,MWH,WA,ANM,WE,Combined TRACON& Tower with Radar,21,6,57,25,109,28,0,24,7,59,49,6,81,32,168,164,28,192,360
05/23/2013,MWH,WA,ANM,WE,Combined TRACON& Tower with Radar,37,4,33,23,97,24,1,72,9,106,61,5,105,32,203,254,27,281,484
05/24/2013,MWH,WA,ANM,WE,Combined TRACON& Tower with Radar,37,4,27,12,80,11,0,11,1,23,48,4,38,13,103,0,36,36,139
05/25/2013,MWH,WA,ANM,WE,Combined TRACON& Tower with Radar,16,4,9,0,29,14,2,15,0,31,30,6,24,0,60,14,0,14,74
05/26/2013,MWH,WA,ANM,WE,Combined TRACON& Tower with Radar,10,1,3,0,14,0,4,1,0,5,10,5,4,0,19,0,0,0,19
05/27/2013,MWH,WA,ANM,WE,Combined TRACON& Tower with Radar,0,0,29,0,29,0,0,7,0,7,0,0,36,0,36,0,0,0,36
05/28/2013,MWH,WA,ANM,WE,Combined TRACON& Tower with Radar,12,4,43,23,82,0,4,41,4,49,12,8,84,27,131,294,54,348,479
05/29/2013,MWH,WA,ANM,WE,Combined TRACON& Tower with Radar,27,3,46,20,96,0,0,53,2,55,27,3,99,22,151,342,68,410,561
05/30/2013,MWH,WA,ANM,WE,Combined TRACON& Tower with Radar,51,6,47,17,121,2,2,61,4,69,53,8,108,21,190,122,26,148,338
05/31/2013,MWH,WA,ANM,WE,Combined TRACON& Tower with Radar,35,4,100,27,166,86,0,15,6,107,121,4,115,33,273,28,74,102,375
06/01/2013,MWH,WA,ANM,WE,Combined TRACON& Tower with Radar,0,2,2,18,22,0,0,6,6,12,0,2,8,24,34,14,96,110,144
06/02/2013,MWH,WA,ANM,WE,Combined TRACON& Tower with Radar,4,1,4,17,26,0,0,5,4,9,4,1,9,21,35,14,64,78,113
06/03/2013,MWH,WA,ANM,WE,Combined TRACON& Tower with Radar,26,4,24,28,82,1,4,64,2,71,27,8,88,30,153,90,90,180,333
06/04/2013,MWH,WA,ANM,WE,Combined TRACON& Tower with Radar,35,4,16,5,60,11,1,78,3,93,46,5,94,8,153,102,16,118,271
06/05/2013,MWH,WA,ANM,WE,Combined TRACON& Tower with Radar,49,4,17,14,84,5,6,65,4,80,54,10,82,18,164,230,32,262,426
06/06/2013,MWH,WA,ANM,WE,Combined TRACON& Tower with Radar,31,6,20,3,60,16,3,74,0,93,47,9,94,3,153,65,6,71,224
06/07/2013,MWH,WA,ANM,WE,Combined TRACON& Tower with Radar,16,6,10,19,51,0,7,24,8,39,16,13,34,27,90,0,21,21,111
06/08/2013,MWH,WA,ANM,WE,Combined TRACON& Tower with Radar,8,2,4,0,14,0,1,5,3,9,8,3,9,3,23,0,0,0,23
06/09/2013,MWH,WA,ANM,WE,Combined TRACON& Tower with Radar,1,1,16,1,19,2,0,13,0,15,3,1,29,1,34,0,0,0,34
06/10/2013,MWH,WA,ANM,WE,Combined TRACON& Tower with Radar,38,2,18,25,83,2,4,67,9,82,40,6,85,34,165,82,44,126,291
06/11/2013,MWH,WA,ANM,WE,Combined TRACON& Tower with Radar,38,5,16,29,88,1,1,51,3,56,39,6,67,32,144,312,67,379,523
06/12/2013,MWH,WA,ANM,WE,Combined TRACON& Tower with Radar,23,4,19,30,76,1,4,58,4,67,24,8,77,34,143,136,38,174,317
06/13/2013,MWH,WA,ANM,WE,Combined TRACON& Tower with Radar,38,3,27,7,75,3,2,51,0,56,41,5,78,7,131,110,28,138,269
06/14/2013,MWH,WA,ANM,WE,Combined TRACON& Tower with Radar,11,4,11,18,44,47,2,12,3,64,58,6,23,21,108,54,44,98,206
06/15/2013,MWH,WA,ANM,WE,Combined TRACON& Tower with Radar,4,11,9,1,25,3,4,16,0,23,7,15,25,1,48,8,0,8,56
06/16/2013,MWH,WA,ANM,WE,Combined TRACON& Tower with Radar,0,0,5,1,6,0,1,14,20,35,0,1,19,21,41,20,12,32,73
06/17/2013,MWH,WA,ANM,WE,Combined TRACON& Tower with Radar,18,2,2,9,31,0,2,11,0,13,18,4,13,9,44,0,0,0,44
06/18/2013,MWH,WA,ANM,WE,Combined TRACON& Tower with Radar,32,4,16,1,53,0,1,18,1,20,32,5,34,2,73,14,0,14,87
06/19/2013,MWH,WA,ANM,WE,Combined TRACON& Tower with Radar,45,6,5,15,71,2,2,0,6,10,47,8,5,21,81,2,28,30,111
06/20/2013,MWH,WA,ANM,WE,Combined TRACON& Tower with Radar,18,6,5,48,77,0,0,14,2,16,18,6,19,50,93,6,12,18,111
06/21/2013,MWH,WA,ANM,WE,Combined TRACON& Tower with Radar,20,4,5,5,34,3,0,13,0,16,23,4,18,5,50,4,0,4,54
06/22/2013,MWH,WA,ANM,WE,Combined TRACON& Tower with Radar,31,1,3,0,35,6,2,16,2,26,37,3,19,2,61,2,0,2,63
06/23/2013,MWH,WA,ANM,WE,Combined TRACON& Tower with Radar,32,0,1,0,33,7,0,23,0,30,39,0,24,0,63,12,0,12,75
06/24/2013,MWH,WA,ANM,WE,Combined TRACON& Tower with Radar,16,2,6,44,68,0,3,0,2,5,16,5,6,46,73,0,0,0,73
06/25/2013,MWH,WA,ANM,WE,Combined TRACON& Tower with Radar,53,6,7,57,123,13,0,4,1,18,66,6,11,58,141,16,112,128,269
06/26/2013,MWH,WA,ANM,WE,Combined TRACON& Tower with Radar,4,3,9,3,19,0,1,13,0,14,4,4,22,3,33,64,0,64,97
06/27/2013,MWH,WA,ANM,WE,Combined TRACON& Tower with Radar,16,6,0,26,48,0,0,27,0,27,16,6,27,26,75,20,38,58,133
06/28/2013,MWH,WA,ANM,WE,Combined TRACON& Tower with Radar,39,7,18,10,74,4,0,17,1,22,43,7,35,11,96,12,12,24,120
06/29/2013,MWH,WA,ANM,WE,Combined TRACON& Tower with Radar,6,3,9,0,18,5,2,1,0,8,11,5,10,0,26,4,0,4,30
06/30/2013,MWH,WA,ANM,WE,Combined TRACON& Tower with Radar,11,0,13,0,24,2,2,25,0,29,13,2,38,0,53,6,0,6,59
07/01/2013,MWH,WA,ANM,WE,Combined TRACON& Tower with Radar,12,3,15,18,48,2,7,58,4,71,14,10,73,22,119,154,12,166,285
07/02/2013,MWH,WA,ANM,WE,Combined TRACON& Tower with Radar,29,4,25,18,76,1,2,67,2,72,30,6,92,20,148,182,8,190,338
07/03/2013,MWH,WA,ANM,WE,Combined TRACON& Tower with Radar,30,10,21,14,75,6,6,75,6,93,36,16,96,20,168,152,33,185,353
07/04/2013,MWH,WA,ANM,WE,Combined TRACON& Tower with Radar,0,0,1,0,1,0,2,4,0,6,0,2,5,0,7,0,0,0,7
07/05/2013,MWH,WA,ANM,WE,Combined TRACON& Tower with Radar,31,4,14,0,49,59,3,64,0,126,90,7,78,0,175,174,0,174,349
07/06/2013,MWH,WA,ANM,WE,Combined TRACON& Tower with Radar,3,2,0,0,5,0,2,11,0,13,3,4,11,0,18,2,0,2,20
07/07/2013,MWH,WA,ANM,WE,Combined TRACON& Tower with Radar,12,0,12,0,24,0,0,18,0,18,12,0,30,0,42,20,0,20,62
07/08/2013,MWH,WA,ANM,WE,Combined TRACON& Tower with Radar,30,4,25,38,97,15,2,63,25,105,45,6,88,63,202,355,102,457,659
07/09/2013,MWH,WA,ANM,WE,Combined TRACON& Tower with Radar,6,4,9,33,52,0,1,65,19,85,6,5,74,52,137,72,50,122,259
07/10/2013,MWH,WA,ANM,WE,Combined TRACON& Tower with Radar,35,6,24,15,80,0,0,68,4,72,35,6,92,19,152,344,46,390,542
07/11/2013,MWH,WA,ANM,WE,Combined TRACON& Tower with Radar,53,4,26,10,93,27,0,62,8,97,80,4,88,18,190,116,12,128,318
07/12/2013,MWH,WA,ANM,WE,Combined TRACON& Tower with Radar,20,5,18,8,51,7,7,71,2,87,27,12,89,10,138,203,34,237,375
07/13/2013,MWH,WA,ANM,WE,Combined TRACON& Tower with Radar,11,2,9,0,22,0,1,13,0,14,11,3,22,0,36,2,0,2,38
07/14/2013,MWH,WA,ANM,WE,Combined TRACON& Tower with Radar,15,0,4,2,21,2,0,16,1,19,17,0,20,3,40,12,0,12,52
07/15/2013,MWH,WA,ANM,WE,Combined TRACON& Tower with Radar,13,2,25,36,76,0,2,57,11,70,13,4,82,47,146,290,64,354,500
07/16/2013,MWH,WA,ANM,WE,Combined TRACON& Tower with Radar,50,4,34,33,121,38,0,56,14,108,88,4,90,47,229,217,66,283,512
07/17/2013,MWH,WA,ANM,WE,Combined TRACON& Tower with Radar,20,4,52,20,96,4,2,53,12,71,24,6,105,32,167,168,24,192,359
07/18/2013,MWH,WA,ANM,WE,Combined TRACON& Tower with Radar,14,4,29,17,64,0,2,85,10,97,14,6,114,27,161,125,64,189,350
07/19/2013,MWH,WA,ANM,WE,Combined TRACON& Tower with Radar,23,6,9,15,53,4,5,102,10,121,27,11,111,25,174,204,44,248,422
07/20/2013,MWH,WA,ANM,WE,Combined TRACON& Tower with Radar,6,3,0,0,9,0,1,12,0,13,6,4,12,0,22,12,0,12,34
07/21/2013,MWH,WA,ANM,WE,Combined TRACON& Tower with Radar,6,1,9,0,16,0,0,16,0,16,6,1,25,0,32,18,0,18,50
07/22/2013,MWH,WA,ANM,WE,Combined TRACON& Tower with Radar,36,3,18,39,96,3,2,72,19,96,39,5,90,58,192,157,80,237,429
07/23/2013,MWH,WA,ANM,WE,Combined TRACON& Tower with Radar,26,4,33,29,92,3,1,77,16,97,29,5,110,45,189,268,44,312,501
07/24/2013,MWH,WA,ANM,WE,Combined TRACON& Tower with Radar,16,4,22,9,51,0,0,78,15,93,16,4,100,24,144,208,44,252,396
07/25/2013,MWH,WA,ANM,WE,Combined TRACON& Tower with Radar,34,4,27,17,82,5,1,75,14,95,39,5,102,31,177,162,28,190,367
07/26/2013,MWH,WA,ANM,WE,Combined TRACON& Tower with Radar,22,5,35,9,71,0,0,74,12,86,22,5,109,21,157,294,20,314,471
07/27/2013,MWH,WA,ANM,WE,Combined TRACON& Tower with Radar,0,9,12,2,23,9,18,28,23,78,9,27,40,25,101,12,6,18,119
07/28/2013,MWH,WA,ANM,WE,Combined TRACON& Tower with Radar,12,2,0,1,15,0,0,13,3,16,12,2,13,4,31,12,0,12,43
07/29/2013,MWH,WA,ANM,WE,Combined TRACON& Tower with Radar,24,2,34,46,106,45,3,57,7,112,69,5,91,53,218,154,34,188,406
07/30/2013,MWH,WA,ANM,WE,Combined TRACON& Tower with Radar,5,4,21,19,49,19,3,103,9,134,24,7,124,28,183,276,69,345,528
07/31/2013,MWH,WA,ANM,WE,Combined TRACON& Tower with Radar,30,4,23,16,73,18,2,94,8,122,48,6,117,24,195,118,13,131,326
08/01/2013,MWH,WA,ANM,WE,Combined TRACON& Tower with Radar,21,6,10,31,68,1,0,65,14,80,22,6,75,45,148,196,20,216,364
08/02/2013,MWH,WA,ANM,WE,Combined TRACON& Tower with Radar,35,11,22,15,83,8,0,46,10,64,43,11,68,25,147,96,50,146,293
08/03/2013,MWH,WA,ANM,WE,Combined TRACON& Tower with Radar,12,2,4,0,18,7,0,17,1,25,19,2,21,1,43,64,0,64,107
08/04/2013,MWH,WA,ANM,WE,Combined TRACON& Tower with Radar,12,0,1,0,13,4,2,5,2,13,16,2,6,2,26,8,0,8,34
08/05/2013,MWH,WA,ANM,WE,Combined TRACON& Tower with Radar,20,2,29,50,101,21,4,45,21,91,41,6,74,71,192,112,124,236,428
08/06/2013,MWH,WA,ANM,WE,Combined TRACON& Tower with Radar,28,6,28,21,83,10,0,46,5,61,38,6,74,26,144,96,24,120,264
08/07/2013,MWH,WA,ANM,WE,Combined TRACON& Tower with Radar,32,6,13,34,85,16,1,60,6,83,48,7,73,40,168,150,51,201,369
08/08/2013,MWH,WA,ANM,WE,Combined TRACON& Tower with Radar,33,6,47,42,128,15,5,52,15,87,48,11,99,57,215,64,76,140,355
08/09/2013,MWH,WA,ANM,WE,Combined TRACON& Tower with Radar,67,4,9,19,99,14,3,31,16,64,81,7,40,35,163,44,40,84,247
08/10/2013,MWH,WA,ANM,WE,Combined TRACON& Tower with Radar,8,1,1,0,10,20,19,4,0,43,28,20,5,0,53,1,0,1,54
08/11/2013,MWH,WA,ANM,WE,Combined TRACON& Tower with Radar,17,0,1,3,21,2,6,6,4,18,19,6,7,7,39,0,4,4,43
08/12/2013,MWH,WA,ANM,WE,Combined TRACON& Tower with Radar,59,2,20,44,125,16,3,22,17,58,75,5,42,61,183,41,64,105,288
08/13/2013,MWH,WA,ANM,WE,Combined TRACON& Tower with Radar,48,4,12,25,89,43,0,16,4,63,91,4,28,29,152,62,24,86,238
08/14/2013,MWH,WA,ANM,WE,Combined TRACON& Tower with Radar,4,4,7,24,39,0,2,14,13,29,4,6,21,37,68,9,42,51,119
08/15/2013,MWH,WA,ANM,WE,Combined TRACON& Tower with Radar,27,4,4,14,49,5,3,12,5,25,32,7,16,19,74,0,20,20,94
08/16/2013,MWH,WA,ANM,WE,Combined TRACON& Tower with Radar,43,10,4,30,87,16,0,7,14,37,59,10,11,44,124,2,82,84,208
08/17/2013,MWH,WA,ANM,WE,Combined TRACON& Tower with Radar,11,2,5,0,18,3,0,16,2,21,14,2,21,2,39,1,0,1,40
08/18/2013,MWH,WA,ANM,WE,Combined TRACON& Tower with Radar,1,3,6,12,22,1,0,20,11,32,2,3,26,23,54,8,12,20,74
08/19/2013,MWH,WA,ANM,WE,Combined TRACON& Tower with Radar,19,4,4,25,52,11,10,23,16,60,30,14,27,41,112,2,58,60,172
08/20/2013,MWH,WA,ANM,WE,Combined TRACON& Tower with Radar,5,5,3,48,61,3,15,38,22,78,8,20,41,70,139,4,59,63,202
08/21/2013,MWH,WA,ANM,WE,Combined TRACON& Tower with Radar,31,7,11,32,81,3,7,26,12,48,34,14,37,44,129,53,28,81,210
08/22/2013,MWH,WA,ANM,WE,Combined TRACON& Tower with Radar,46,4,6,14,70,0,4,19,5,28,46,8,25,19,98,14,18,32,130
08/23/2013,MWH,WA,ANM,WE,Combined TRACON& Tower with Radar,8,3,7,17,35,0,9,9,6,24,8,12,16,23,59,38,42,80,139
08/24/2013,MWH,WA,ANM,WE,Combined TRACON& Tower with Radar,6,2,1,0,9,0,3,5,0,8,6,5,6,0,17,88,0,88,105
08/25/2013,MWH,WA,ANM,WE,Combined TRACON& Tower with Radar,8,0,2,3,13,0,2,3,1,6,8,2,5,4,19,0,16,16,35
08/26/2013,MWH,WA,ANM,WE,Combined TRACON& Tower with Radar,22,2,0,16,40,1,3,7,5,16,23,5,7,21,56,19,20,39,95
08/27/2013,MWH,WA,ANM,WE,Combined TRACON& Tower with Radar,30,4,7,25,66,4,2,12,7,25,34,6,19,32,91,59,40,99,190
08/28/2013,MWH,WA,ANM,WE,Combined TRACON& Tower with Radar,32,4,9,12,57,3,1,19,15,38,35,5,28,27,95,30,10,40,135
08/29/2013,MWH,WA,ANM,WE,Combined TRACON& Tower with Radar,31,4,8,13,56,8,2,18,7,35,39,6,26,20,91,7,42,49,140
08/30/2013,MWH,WA,ANM,WE,Combined TRACON& Tower with Radar,9,6,2,0,17,0,0,20,0,20,9,6,22,0,37,2,0,2,39
08/31/2013,MWH,WA,ANM,WE,Combined TRACON& Tower with Radar,10,4,10,0,24,0,2,23,0,25,10,6,33,0,49,2,0,2,51
09/01/2013,MWH,WA,ANM,WE,Combined TRACON& Tower with Radar,4,1,5,0,10,0,0,17,0,17,4,1,22,0,27,0,0,0,27
09/02/2013,MWH,WA,ANM,WE,Combined TRACON& Tower with Radar,2,1,1,0,4,0,0,6,0,6,2,1,7,0,10,84,0,84,94
09/03/2013,MWH,WA,ANM,WE,Combined TRACON& Tower with Radar,7,4,5,22,38,1,0,18,18,37,8,4,23,40,75,0,90,90,165
09/04/2013,MWH,WA,ANM,WE,Combined TRACON& Tower with Radar,26,4,19,27,76,2,1,4,12,19,28,5,23,39,95,2,84,86,181
09/05/2013,MWH,WA,ANM,WE,Combined TRACON& Tower with Radar,9,6,7,5,27,5,0,9,7,21,14,6,16,12,48,0,6,6,54
09/06/2013,MWH,WA,ANM,WE,Combined TRACON& Tower with Radar,22,6,8,19,55,0,0,5,7,12,22,6,13,26,67,0,24,24,91
09/07/2013,MWH,WA,ANM,WE,Combined TRACON& Tower with Radar,8,1,14,20,43,0,4,12,8,24,8,5,26,28,67,18,46,64,131
09/08/2013,MWH,WA,ANM,WE,Combined TRACON& Tower with Radar,8,3,6,0,17,0,2,8,0,10,8,5,14,0,27,6,0,6,33
09/09/2013,MWH,WA,ANM,WE,Combined TRACON& Tower with Radar,12,2,6,14,34,0,2,11,2,15,12,4,17,16,49,2,0,2,51
09/10/2013,MWH,WA,ANM,WE,Combined TRACON& Tower with Radar,31,4,9,24,68,2,1,17,16,36,33,5,26,40,104,20,50,70,174
09/11/2013,MWH,WA,ANM,WE,Combined TRACON& Tower with Radar,21,9,22,14,66,3,2,11,10,26,24,11,33,24,92,6,34,40,132
09/12/2013,MWH,WA,ANM,WE,Combined TRACON& Tower with Radar,34,4,3,29,70,4,0,11,10,25,38,4,14,39,95,14,30,44,139
09/13/2013,MWH,WA,ANM,WE,Combined TRACON& Tower with Radar,24,2,12,48,86,5,1,20,17,43,29,3,32,65,129,17,114,131,260
09/14/2013,MWH,WA,ANM,WE,Combined TRACON& Tower with Radar,4,1,9,3,17,2,3,14,4,23,6,4,23,7,40,1,22,23,63
09/15/2013,MWH,WA,ANM,WE,Combined TRACON& Tower with Radar,3,1,9,3,16,0,0,1,1,2,3,1,10,4,18,14,0,14,32
09/16/2013,MWH,WA,ANM,WE,Combined TRACON& Tower with Radar,59,3,24,54,140,9,2,11,6,28,68,5,35,60,168,22,114,136,304
09/17/2013,MWH,WA,ANM,WE,Combined TRACON& Tower with Radar,30,6,27,41,104,2,1,41,6,50,32,7,68,47,154,32,44,76,230
09/18/2013,MWH,WA,ANM,WE,Combined TRACON& Tower with Radar,8,4,26,15,53,0,0,54,0,54,8,4,80,15,107,78,10,88,195
09/19/2013,MWH,WA,ANM,WE,Combined TRACON& Tower with Radar,33,9,15,13,70,0,0,61,12,73,33,9,76,25,143,116,18,134,277
09/20/2013,MWH,WA,ANM,WE,Combined TRACON& Tower with Radar,28,6,12,23,69,9,2,16,3,30,37,8,28,26,99,46,32,78,177
09/21/2013,MWH,WA,ANM,WE,Combined TRACON& Tower with Radar,30,2,1,0,33,14,0,7,0,21,44,2,8,0,54,0,0,0,54
09/22/2013,MWH,WA,ANM,WE,Combined TRACON& Tower with Radar,29,1,1,0,31,1,5,5,0,11,30,6,6,0,42,0,0,0,42
09/23/2013,MWH,WA,ANM,WE,Combined TRACON& Tower with Radar,35,2,7,32,76,3,2,54,9,68,38,4,61,41,144,92,25,117,261
09/24/2013,MWH,WA,ANM,WE,Combined TRACON& Tower with Radar,10,4,12,9,35,0,2,106,6,114,10,6,118,15,149,238,30,268,417
09/25/2013,MWH,WA,ANM,WE,Combined TRACON& Tower with Radar,18,7,4,27,56,0,1,101,4,106,18,8,105,31,162,206,20,226,388
09/26/2013,MWH,WA,ANM,WE,Combined TRACON& Tower with Radar,16,4,17,24,61,12,0,76,7,95,28,4,93,31,156,216,60,276,432
09/27/2013,MWH,WA,ANM,WE,Combined TRACON& Tower with Radar,35,4,3,12,54,23,3,9,11,46,58,7,12,23,100,6,62,68,168
09/28/2013,MWH,WA,ANM,WE,Combined TRACON& Tower with Radar,0,2,9,0,11,0,0,15,0,15,0,2,24,0,26,0,0,0,26
09/29/2013,MWH,WA,ANM,WE,Combined TRACON& Tower with Radar,0,2,6,0,8,0,2,7,0,9,0,4,13,0,17,6,0,6,23
09/30/2013,MWH,WA,ANM,WE,Combined TRACON& Tower with Radar,4,2,2,10,18,0,6,48,1,55,4,8,50,11,73,126,10,136,209
10/01/2013,MWH,WA,ANM,WE,Combined TRACON& Tower with Radar,38,6,6,26,76,11,0,100,1,112,49,6,106,27,188,285,38,323,511
10/02/2013,MWH,WA,ANM,WE,Combined TRACON& Tower with Radar,27,5,15,15,62,2,1,90,29,122,29,6,105,44,184,251,77,328,512
10/03/2013,MWH,WA,ANM,WE,Combined TRACON& Tower with Radar,24,3,9,9,45,2,8,80,3,93,26,11,89,12,138,310,6,316,454
10/04/2013,MWH,WA,ANM,WE,Combined TRACON& Tower with Radar,29,6,5,9,49,2,0,36,6,44,31,6,41,15,93,0,34,34,127
10/05/2013,MWH,WA,ANM,WE,Combined TRACON& Tower with Radar,20,2,4,0,26,9,1,5,0,15,29,3,9,0,41,20,0,20,61
10/06/2013,MWH,WA,ANM,WE,Combined TRACON& Tower with Radar,0,0,0,3,3,0,0,7,0,7,0,0,7,3,10,2,0,2,12
10/07/2013,MWH,WA,ANM,WE,Combined TRACON& Tower with Radar,14,3,13,15,45,1,6,64,9,80,15,9,77,24,125,196,72,268,393
10/08/2013,MWH,WA,ANM,WE,Combined TRACON& Tower with Radar,23,5,10,1,39,2,1,68,2,73,25,6,78,3,112,216,0,216,328
10/09/2013,MWH,WA,ANM,WE,Combined TRACON& Tower with Radar,12,4,15,12,43,9,2,108,10,129,21,6,123,22,172,402,38,440,612
10/10/2013,MWH,WA,ANM,WE,Combined TRACON& Tower with Radar,11,4,12,31,58,0,0,92,22,114,11,4,104,53,172,198,76,274,446
10/11/2013,MWH,WA,ANM,WE,Combined TRACON& Tower with Radar,17,3,6,19,45,0,2,8,8,18,17,5,14,27,63,20,46,66,129
10/12/2013,MWH,WA,ANM,WE,Combined TRACON& Tower with Radar,15,2,8,0,25,24,0,1,0,25,39,2,9,0,50,0,0,0,50
10/13/2013,MWH,WA,ANM,WE,Combined TRACON& Tower with Radar,16,1,4,0,21,37,1,7,0,45,53,2,11,0,66,6,0,6,72
10/14/2013,MWH,WA,ANM,WE,Combined TRACON& Tower with Radar,17,4,24,1,46,9,2,102,0,113,26,6,126,1,159,296,0,296,455
10/15/2013,MWH,WA,ANM,WE,Combined TRACON& Tower with Radar,39,4,15,16,74,0,0,93,3,96,39,4,108,19,170,297,6,303,473
10/16/2013,MWH,WA,ANM,WE,Combined TRACON& Tower with Radar,15,6,22,16,59,5,5,122,5,137,20,11,144,21,196,322,49,371,567
10/17/2013,MWH,WA,ANM,WE,Combined TRACON& Tower with Radar,9,4,10,9,32,0,0,22,0,22,9,4,32,9,54,12,88,100,154
10/18/2013,MWH,WA,ANM,WE,Combined TRACON& Tower with Radar,0,6,4,37,47,0,0,58,3,61,0,6,62,40,108,342,28,370,478
10/19/2013,MWH,WA,ANM,WE,Combined TRACON& Tower with Radar,7,1,0,0,8,0,3,4,0,7,7,4,4,0,15,12,0,12,27
10/20/2013,MWH,WA,ANM,WE,Combined TRACON& Tower with Radar,4,0,0,0,4,0,0,1,0,1,4,0,1,0,5,8,0,8,13
10/21/2013,MWH,WA,ANM,WE,Combined TRACON& Tower with Radar,7,2,42,49,100,4,8,82,19,113,11,10,124,68,213,326,104,430,643
10/22/2013,MWH,WA,ANM,WE,Combined TRACON& Tower with Radar,28,7,11,13,59,0,0,73,0,73,28,7,84,13,132,422,80,502,634
10/23/2013,MWH,WA,ANM,WE,Combined TRACON& Tower with Radar,25,4,7,17,53,1,0,113,6,120,26,4,120,23,173,362,12,374,547
10/24/2013,MWH,WA,ANM,WE,Combined TRACON& Tower with Radar,9,7,11,14,41,0,3,98,6,107,9,10,109,20,148,360,12,372,520
10/25/2013,MWH,WA,ANM,WE,Combined TRACON& Tower with Radar,37,4,15,54,110,15,0,40,26,81,52,4,55,80,191,24,92,116,307
10/26/2013,MWH,WA,ANM,WE,Combined TRACON& Tower with Radar,4,2,4,1,11,0,1,8,1,10,4,3,12,2,21,18,10,28,49
10/27/2013,MWH,WA,ANM,WE,Combined TRACON& Tower with Radar,13,0,0,3,16,0,0,0,0,0,13,0,0,3,16,0,0,0,16
10/28/2013,MWH,WA,ANM,WE,Combined TRACON& Tower with Radar,23,3,4,24,54,1,3,27,2,33,24,6,31,26,87,166,80,246,333
10/29/2013,MWH,WA,ANM,WE,Combined TRACON& Tower with Radar,35,4,24,6,69,3,2,85,0,90,38,6,109,6,159,394,18,412,571
10/30/2013,MWH,WA,ANM,WE,Combined TRACON& Tower with Radar,14,6,9,12,41,1,0,65,4,70,15,6,74,16,111,274,32,306,417
10/31/2013,MWH,WA,ANM,WE,Combined TRACON& Tower with Radar,2,8,18,41,69,0,0,68,18,86,2,8,86,59,155,394,134,528,683
11/01/2013,MWH,WA,ANM,WE,Combined TRACON& Tower with Radar,18,3,2,46,69,0,2,16,12,30,18,5,18,58,99,12,120,132,231
11/02/2013,MWH,WA,ANM,WE,Combined TRACON& Tower with Radar,6,1,0,0,7,1,1,0,0,2,7,2,0,0,9,0,0,0,9
11/03/2013,MWH,WA,ANM,WE,Combined TRACON& Tower with Radar,8,0,5,4,17,4,0,4,1,9,12,0,9,5,26,0,10,10,36
11/04/2013,MWH,WA,ANM,WE,Combined TRACON& Tower with Radar,29,5,18,28,80,2,2,71,5,80,31,7,89,33,160,392,52,444,604
11/05/2013,MWH,WA,ANM,WE,Combined TRACON& Tower with Radar,24,4,2,30,60,0,0,0,0,0,24,4,2,30,60,0,0,0,60
11/06/2013,MWH,WA,ANM,WE,Combined TRACON& Tower with Radar,17,10,9,32,68,1,0,55,8,64,18,10,64,40,132,250,46,296,428
11/07/2013,MWH,WA,ANM,WE,Combined TRACON& Tower with Radar,25,8,28,6,67,0,0,0,0,0,25,8,28,6,67,0,0,0,67
11/08/2013,MWH,WA,ANM,WE,Combined TRACON& Tower with Radar,6,4,12,17,39,2,0,5,7,14,8,4,17,24,53,2,30,32,85
11/09/2013,MWH,WA,ANM,WE,Combined TRACON& Tower with Radar,10,4,14,0,28,0,0,7,0,7,10,4,21,0,35,2,0,2,37
11/10/2013,MWH,WA,ANM,WE,Combined TRACON& Tower with Radar,11,0,7,0,18,0,0,0,0,0,11,0,7,0,18,0,0,0,18
11/11/2013,MWH,WA,ANM,WE,Combined TRACON& Tower with Radar,15,3,4,1,23,0,2,16,0,18,15,5,20,1,41,74,0,74,115
11/12/2013,MWH,WA,ANM,WE,Combined TRACON& Tower with Radar,16,4,16,32,68,0,1,17,8,26,16,5,33,40,94,120,10,130,224
11/13/2013,MWH,WA,ANM,WE,Combined TRACON& Tower with Radar,8,14,9,18,49,1,0,8,2,11,9,14,17,20,60,135,54,189,249
11/14/2013,MWH,WA,ANM,WE,Combined TRACON& Tower with Radar,19,6,20,51,96,0,3,44,6,53,19,9,64,57,149,122,20,142,291
11/15/2013,MWH,WA,ANM,WE,Combined TRACON& Tower with Radar,6,4,1,19,30,8,0,12,11,31,14,4,13,30,61,32,32,64,125
11/16/2013,MWH,WA,ANM,WE,Combined TRACON& Tower with Radar,4,5,8,1,18,3,1,0,0,4,7,6,8,1,22,0,0,0,22
11/17/2013,MWH,WA,ANM,WE,Combined TRACON& Tower with Radar,6,0,0,0,6,32,0,2,0,34,38,0,2,0,40,6,0,6,46
11/18/2013,MWH,WA,ANM,WE,Combined TRACON& Tower with Radar,5,2,30,22,59,10,3,84,5,102,15,5,114,27,161,382,48,430,591
11/19/2013,MWH,WA,ANM,WE,Combined TRACON& Tower with Radar,20,5,34,21,80,3,2,56,4,65,23,7,90,25,145,254,0,254,399
11/20/2013,MWH,WA,ANM,WE,Combined TRACON& Tower with Radar,20,7,23,40,90,5,1,78,1,85,25,8,101,41,175,180,52,232,407
11/21/2013,MWH,WA,ANM,WE,Combined TRACON& Tower with Radar,12,4,19,39,74,34,2,86,31,153,46,6,105,70,227,334,36,370,597
11/22/2013,MWH,WA,ANM,WE,Combined TRACON& Tower with Radar,18,4,3,20,45,44,2,15,10,71,62,6,18,30,116,139,28,167,283
11/23/2013,MWH,WA,ANM,WE,Combined TRACON& Tower with Radar,11,1,12,0,24,18,1,13,2,34,29,2,25,2,58,28,0,28,86
11/24/2013,MWH,WA,ANM,WE,Combined TRACON& Tower with Radar,10,0,3,0,13,0,0,6,0,6,10,0,9,0,19,0,0,0,19
11/25/2013,MWH,WA,ANM,WE,Combined TRACON& Tower with Radar,36,3,8,39,86,0,2,8,21,31,36,5,16,60,117,0,102,102,219
11/26/2013,MWH,WA,ANM,WE,Combined TRACON& Tower with Radar,47,6,1,37,91,23,6,7,0,36,70,12,8,37,127,0,134,134,261
11/27/2013,MWH,WA,ANM,WE,Combined TRACON& Tower with Radar,29,2,4,18,53,44,0,9,3,56,73,2,13,21,109,40,21,61,170
11/28/2013,MWH,WA,ANM,WE,Combined TRACON& Tower with Radar,0,0,1,0,1,0,0,0,0,0,0,0,1,0,1,0,0,0,1
11/29/2013,MWH,WA,ANM,WE,Combined TRACON& Tower with Radar,0,2,1,0,3,0,0,0,0,0,0,2,1,0,3,0,0,0,3
11/30/2013,MWH,WA,ANM,WE,Combined TRACON& Tower with Radar,0,0,0,0,0,0,0,2,0,2,0,0,2,0,2,0,0,0,2
12/01/2013,MWH,WA,ANM,WE,Combined TRACON& Tower with Radar,4,1,7,1,13,0,0,4,0,4,4,1,11,1,17,0,0,0,17
12/02/2013,MWH,WA,ANM,WE,Combined TRACON& Tower with Radar,16,2,20,60,98,0,1,71,13,85,16,3,91,73,183,346,130,476,659
12/03/2013,MWH,WA,ANM,WE,Combined TRACON& Tower with Radar,21,2,21,26,70,0,0,50,2,52,21,2,71,28,122,290,8,298,420
12/04/2013,MWH,WA,ANM,WE,Combined TRACON& Tower with Radar,44,2,35,37,118,36,0,78,0,114,80,2,113,37,232,362,50,412,644
12/05/2013,MWH,WA,ANM,WE,Combined TRACON& Tower with Radar,10,3,14,11,38,0,1,69,2,72,10,4,83,13,110,214,55,269,379
12/06/2013,MWH,WA,ANM,WE,Combined TRACON& Tower with Radar,15,4,8,9,36,0,0,4,13,17,15,4,12,22,53,30,62,92,145
12/07/2013,MWH,WA,ANM,WE,Combined TRACON& Tower with Radar,2,2,1,10,15,0,0,2,0,2,2,2,3,10,17,6,14,20,37
12/08/2013,MWH,WA,ANM,WE,Combined TRACON& Tower with Radar,18,0,8,3,29,0,0,2,0,2,18,0,10,3,31,0,0,0,31
12/09/2013,MWH,WA,ANM,WE,Combined TRACON& Tower with Radar,7,2,19,40,68,0,0,48,7,55,7,2,67,47,123,150,86,236,359
12/10/2013,MWH,WA,ANM,WE,Combined TRACON& Tower with Radar,58,2,39,27,126,36,0,59,2,97,94,2,98,29,223,154,90,244,467
12/11/2013,MWH,WA,ANM,WE,Combined TRACON& Tower with Radar,50,4,12,30,96,16,2,45,2,65,66,6,57,32,161,176,92,268,429
12/12/2013,MWH,WA,ANM,WE,Combined TRACON& Tower with Radar,22,4,17,18,61,8,0,28,10,46,30,4,45,28,107,134,64,198,305
12/13/2013,MWH,WA,ANM,WE,Combined TRACON& Tower with Radar,33,4,3,12,52,0,1,7,6,14,33,5,10,18,66,117,56,173,239
12/14/2013,MWH,WA,ANM,WE,Combined TRACON& Tower with Radar,12,0,0,0,12,0,2,2,0,4,12,2,2,0,16,0,0,0,16
12/15/2013,MWH,WA,ANM,WE,Combined TRACON& Tower with Radar,3,0,9,0,12,0,2,0,0,2,3,2,9,0,14,0,0,0,14
12/16/2013,MWH,WA,ANM,WE,Combined TRACON& Tower with Radar,29,2,16,20,67,10,0,3,9,22,39,2,19,29,89,20,32,52,141
12/17/2013,MWH,WA,ANM,WE,Combined TRACON& Tower with Radar,7,4,12,17,40,0,0,2,7,9,7,4,14,24,49,0,38,38,87
12/18/2013,MWH,WA,ANM,WE,Combined TRACON& Tower with Radar,2,2,4,14,22,0,0,0,0,0,2,2,4,14,22,0,22,22,44
12/19/2013,MWH,WA,ANM,WE,Combined TRACON& Tower with Radar,5,2,8,7,22,0,2,18,0,20,5,4,26,7,42,8,0,8,50
12/20/2013,MWH,WA,ANM,WE,Combined TRACON& Tower with Radar,0,4,2,2,8,0,2,0,0,2,0,6,2,2,10,0,0,0,10
12/21/2013,MWH,WA,ANM,WE,Combined TRACON& Tower with Radar,12,2,4,4,22,3,0,0,2,5,15,2,4,6,27,0,14,14,41
12/22/2013,MWH,WA,ANM,WE,Combined TRACON& Tower with Radar,4,0,1,0,5,0,0,0,0,0,4,0,1,0,5,0,0,0,5
12/23/2013,MWH,WA,ANM,WE,Combined TRACON& Tower with Radar,3,2,0,0,5,3,0,0,0,3,6,2,0,0,8,0,0,0,8
12/24/2013,MWH,WA,ANM,WE,Combined TRACON& Tower with Radar,0,4,3,0,7,0,2,2,0,4,0,6,5,0,11,8,0,8,19
12/25/2013,MWH,WA,ANM,WE,Combined TRACON& Tower with Radar,0,0,2,0,2,0,0,0,0,0,0,0,2,0,2,0,0,0,2
12/26/2013,MWH,WA,ANM,WE,Combined TRACON& Tower with Radar,0,2,0,6,8,0,0,5,1,6,0,2,5,7,14,24,22,46,60
12/27/2013,MWH,WA,ANM,WE,Combined TRACON& Tower with Radar,0,4,4,9,17,0,0,5,2,7,0,4,9,11,24,6,0,6,30
12/28/2013,MWH,WA,ANM,WE,Combined TRACON& Tower with Radar,7,2,3,0,12,0,0,0,0,0,7,2,3,0,12,0,0,0,12
12/29/2013,MWH,WA,ANM,WE,Combined TRACON& Tower with Radar,5,0,1,0,6,0,0,0,0,0,5,0,1,0,6,0,0,0,6
12/30/2013,MWH,WA,ANM,WE,Combined TRACON& Tower with Radar,0,2,2,13,17,0,0,0,0,0,0,2,2,13,17,0,0,0,17
12/31/2013,MWH,WA,ANM,WE,Combined TRACON& Tower with Radar,0,5,0,0,5,0,3,0,0,3,0,8,0,0,8,28,0,28,36
01/01/2014,MWH,WA,ANM,WE,Combined TRACON& Tower with Radar,0,0,0,0,0,0,0,0,0,0,0,0,0,0,0,0,0,0,0
01/02/2014,MWH,WA,ANM,WE,Combined TRACON& Tower with Radar,0,2,0,0,2,0,0,0,0,0,0,2,0,0,2,0,0,0,2
01/03/2014,MWH,WA,ANM,WE,Combined TRACON& Tower with Radar,8,8,0,29,45,0,1,9,12,22,8,9,9,41,67,16,22,38,105
01/04/2014,MWH,WA,ANM,WE,Combined TRACON& Tower with Radar,2,1,2,0,5,2,1,6,0,9,4,2,8,0,14,0,0,0,14
01/05/2014,MWH,WA,ANM,WE,Combined TRACON& Tower with Radar,13,0,10,0,23,3,0,13,0,16,16,0,23,0,39,12,0,12,51
01/06/2014,MWH,WA,ANM,WE,Combined TRACON& Tower with Radar,12,2,6,33,53,0,3,69,11,83,12,5,75,44,136,242,87,329,465
01/07/2014,MWH,WA,ANM,WE,Combined TRACON& Tower with Radar,0,4,5,42,51,0,0,35,17,52,0,4,40,59,103,196,122,318,421
01/08/2014,MWH,WA,ANM,WE,Combined TRACON& Tower with Radar,15,4,0,4,23,0,0,0,0,0,15,4,0,4,23,0,0,0,23
01/09/2014,MWH,WA,ANM,WE,Combined TRACON& Tower with Radar,17,6,8,18,49,2,0,42,4,48,19,6,50,22,97,250,18,268,365
01/10/2014,MWH,WA,ANM,WE,Combined TRACON& Tower with Radar,23,6,8,40,77,6,0,0,13,19,29,6,8,53,96,0,72,72,168
01/11/2014,MWH,WA,ANM,WE,Combined TRACON& Tower with Radar,8,0,0,0,8,0,0,0,0,0,8,0,0,0,8,0,0,0,8
01/12/2014,MWH,WA,ANM,WE,Combined TRACON& Tower with Radar,0,0,2,0,2,0,0,0,0,0,0,0,2,0,2,0,0,0,2
01/13/2014,MWH,WA,ANM,WE,Combined TRACON& Tower with Radar,19,3,8,21,51,2,2,40,6,50,21,5,48,27,101,224,23,247,348
01/14/2014,MWH,WA,ANM,WE,Combined TRACON& Tower with Radar,12,4,12,87,115,4,0,111,40,155,16,4,123,127,270,218,132,350,620
01/15/2014,MWH,WA,ANM,WE,Combined TRACON& Tower with Radar,29,4,20,94,147,12,2,99,10,123,41,6,119,104,270,210,48,258,528
01/16/2014,MWH,WA,ANM,WE,Combined TRACON& Tower with Radar,25,7,17,30,79,0,1,105,11,117,25,8,122,41,196,208,88,296,492
01/17/2014,MWH,WA,ANM,WE,Combined TRACON& Tower with Radar,4,4,7,19,34,0,0,1,1,2,4,4,8,20,36,0,6,6,42
01/18/2014,MWH,WA,ANM,WE,Combined TRACON& Tower with Radar,19,1,2,0,22,0,0,0,0,0,19,1,2,0,22,0,0,0,22
01/19/2014,MWH,WA,ANM,WE,Combined TRACON& Tower with Radar,9,0,5,0,14,0,0,0,0,0,9,0,5,0,14,0,0,0,14
01/20/2014,MWH,WA,ANM,WE,Combined TRACON& Tower with Radar,26,4,5,0,35,0,0,0,0,0,26,4,5,0,35,0,0,0,35
01/21/2014,MWH,WA,ANM,WE,Combined TRACON& Tower with Radar,21,8,7,2,38,0,2,0,0,2,21,10,7,2,40,20,0,20,60
01/22/2014,MWH,WA,ANM,WE,Combined TRACON& Tower with Radar,29,6,5,36,76,0,0,34,15,49,29,6,39,51,125,106,91,197,322
01/23/2014,MWH,WA,ANM,WE,Combined TRACON& Tower with Radar,19,4,2,31,56,0,0,2,0,2,19,4,4,31,58,22,0,22,80
01/24/2014,MWH,WA,ANM,WE,Combined TRACON& Tower with Radar,31,6,2,3,42,0,0,0,0,0,31,6,2,3,42,0,0,0,42
01/25/2014,MWH,WA,ANM,WE,Combined TRACON& Tower with Radar,8,4,0,0,12,0,0,0,0,0,8,4,0,0,12,0,0,0,12
01/26/2014,MWH,WA,ANM,WE,Combined TRACON& Tower with Radar,8,0,0,0,8,0,0,4,0,4,8,0,4,0,12,16,28,44,56
01/27/2014,MWH,WA,ANM,WE,Combined TRACON& Tower with Radar,9,21,2,24,56,0,2,48,1,51,9,23,50,25,107,240,18,258,365
01/28/2014,MWH,WA,ANM,WE,Combined TRACON& Tower with Radar,0,4,8,19,31,0,0,5,0,5,0,4,13,19,36,32,0,32,68
01/29/2014,MWH,WA,ANM,WE,Combined TRACON& Tower with Radar,16,9,8,17,50,0,0,2,0,2,16,9,10,17,52,0,0,0,52
01/30/2014,MWH,WA,ANM,WE,Combined TRACON& Tower with Radar,22,8,4,9,43,0,0,4,0,4,22,8,8,9,47,26,0,26,73
01/31/2014,MWH,WA,ANM,WE,Combined TRACON& Tower with Radar,12,13,22,20,67,2,2,8,8,20,14,15,30,28,87,16,46,62,149
02/01/2014,MWH,WA,ANM,WE,Combined TRACON& Tower with Radar,14,2,14,0,30,10,2,12,0,24,24,4,26,0,54,60,0,60,114
02/02/2014,MWH,WA,ANM,WE,Combined TRACON& Tower with Radar,7,0,6,0,13,0,0,0,0,0,7,0,6,0,13,0,0,0,13
02/03/2014,MWH,WA,ANM,WE,Combined TRACON& Tower with Radar,23,5,26,52,106,26,1,78,6,111,49,6,104,58,217,156,44,200,417
02/04/2014,MWH,WA,ANM,WE,Combined TRACON& Tower with Radar,26,6,19,12,63,37,1,68,3,109,63,7,87,15,172,310,18,328,500
02/05/2014,MWH,WA,ANM,WE,Combined TRACON& Tower with Radar,63,4,13,28,108,25,3,72,5,105,88,7,85,33,213,132,36,168,381
02/06/2014,MWH,WA,ANM,WE,Combined TRACON& Tower with Radar,22,4,34,22,82,0,0,85,9,94,22,4,119,31,176,144,20,164,340
02/07/2014,MWH,WA,ANM,WE,Combined TRACON& Tower with Radar,18,6,13,7,44,0,0,3,2,5,18,6,16,9,49,26,20,46,95
02/08/2014,MWH,WA,ANM,WE,Combined TRACON& Tower with Radar,0,4,1,2,7,0,0,7,1,8,0,4,8,3,15,10,12,22,37
02/09/2014,MWH,WA,ANM,WE,Combined TRACON& Tower with Radar,12,0,0,8,20,20,0,0,0,20,32,0,0,8,40,36,0,36,76
02/10/2014,MWH,WA,ANM,WE,Combined TRACON& Tower with Radar,37,4,2,15,58,0,0,0,0,0,37,4,2,15,58,0,0,0,58
02/11/2014,MWH,WA,ANM,WE,Combined TRACON& Tower with Radar,19,4,6,4,33,0,0,36,2,38,19,4,42,6,71,140,0,140,211
02/12/2014,MWH,WA,ANM,WE,Combined TRACON& Tower with Radar,17,6,16,21,60,2,0,76,7,85,19,6,92,28,145,130,76,206,351
02/13/2014,MWH,WA,ANM,WE,Combined TRACON& Tower with Radar,7,4,8,18,37,0,0,25,2,27,7,4,33,20,64,112,24,136,200
02/14/2014,MWH,WA,ANM,WE,Combined TRACON& Tower with Radar,24,8,6,16,54,9,0,5,0,14,33,8,11,16,68,0,32,32,100
02/15/2014,MWH,WA,ANM,WE,Combined TRACON& Tower with Radar,4,1,7,0,12,0,1,8,0,9,4,2,15,0,21,4,0,4,25
02/16/2014,MWH,WA,ANM,WE,Combined TRACON& Tower with Radar,7,0,7,0,14,0,1,4,0,5,7,1,11,0,19,0,0,0,19
02/17/2014,MWH,WA,ANM,WE,Combined TRACON& Tower with Radar,21,3,14,2,40,0,1,58,0,59,21,4,72,2,99,100,10,110,209
02/18/2014,MWH,WA,ANM,WE,Combined TRACON& Tower with Radar,17,4,27,38,86,0,0,55,27,82,17,4,82,65,168,250,158,408,576
02/19/2014,MWH,WA,ANM,WE,Combined TRACON& Tower with Radar,19,5,5,21,50,0,1,50,0,51,19,6,55,21,101,200,4,204,305
02/20/2014,MWH,WA,ANM,WE,Combined TRACON& Tower with Radar,16,3,17,15,51,7,1,25,10,43,23,4,42,25,94,98,16,114,208
02/21/2014,MWH,WA,ANM,WE,Combined TRACON& Tower with Radar,15,4,11,28,58,0,0,15,4,19,15,4,26,32,77,8,54,62,139
02/22/2014,MWH,WA,ANM,WE,Combined TRACON& Tower with Radar,6,0,1,0,7,0,3,12,0,15,6,3,13,0,22,2,0,2,24
02/23/2014,MWH,WA,ANM,WE,Combined TRACON& Tower with Radar,11,4,0,1,16,0,0,2,0,2,11,4,2,1,18,0,10,10,28
02/24/2014,MWH,WA,ANM,WE,Combined TRACON& Tower with Radar,21,4,11,63,99,0,0,25,12,37,21,4,36,75,136,144,26,170,306
02/25/2014,MWH,WA,ANM,WE,Combined TRACON& Tower with Radar,19,6,26,22,73,0,2,84,2,88,19,8,110,24,161,158,42,200,361
02/26/2014,MWH,WA,ANM,WE,Combined TRACON& Tower with Radar,19,4,13,51,87,0,1,111,21,133,19,5,124,72,220,329,58,387,607
02/27/2014,MWH,WA,ANM,WE,Combined TRACON& Tower with Radar,14,4,11,59,88,0,0,76,7,83,14,4,87,66,171,173,67,240,411
02/28/2014,MWH,WA,ANM,WE,Combined TRACON& Tower with Radar,23,5,12,28,68,0,1,7,6,14,23,6,19,34,82,6,54,60,142
03/01/2014,MWH,WA,ANM,WE,Combined TRACON& Tower with Radar,13,3,0,0,16,0,3,0,0,3,13,6,0,0,19,0,0,0,19
03/02/2014,MWH,WA,ANM,WE,Combined TRACON& Tower with Radar,4,0,0,0,4,0,0,0,0,0,4,0,0,0,4,0,0,0,4
03/03/2014,MWH,WA,ANM,WE,Combined TRACON& Tower with Radar,5,4,9,27,45,0,0,29,0,29,5,4,38,27,74,102,0,102,176
03/04/2014,MWH,WA,ANM,WE,Combined TRACON& Tower with Radar,9,2,11,21,43,0,1,55,0,56,9,3,66,21,99,136,16,152,251
03/05/2014,MWH,WA,ANM,WE,Combined TRACON& Tower with Radar,17,4,16,52,89,4,0,75,25,104,21,4,91,77,193,287,194,481,674
03/06/2014,MWH,WA,ANM,WE,Combined TRACON& Tower with Radar,15,4,25,31,75,6,2,63,12,83,21,6,88,43,158,110,62,172,330
03/07/2014,MWH,WA,ANM,WE,Combined TRACON& Tower with Radar,17,10,34,34,95,4,0,16,24,44,21,10,50,58,139,40,139,179,318
03/08/2014,MWH,WA,ANM,WE,Combined TRACON& Tower with Radar,5,2,19,16,42,0,0,22,4,26,5,2,41,20,68,14,24,38,106
03/09/2014,MWH,WA,ANM,WE,Combined TRACON& Tower with Radar,0,0,2,7,9,0,0,16,3,19,0,0,18,10,28,34,8,42,70
03/10/2014,MWH,WA,ANM,WE,Combined TRACON& Tower with Radar,30,2,16,39,87,3,2,60,24,89,33,4,76,63,176,230,58,288,464
03/11/2014,MWH,WA,ANM,WE,Combined TRACON& Tower with Radar,31,3,7,26,67,9,14,133,2,158,40,17,140,28,225,340,28,368,593
03/12/2014,MWH,WA,ANM,WE,Combined TRACON& Tower with Radar,20,4,27,34,85,17,3,98,1,119,37,7,125,35,204,283,32,315,519
03/13/2014,MWH,WA,ANM,WE,Combined TRACON& Tower with Radar,34,9,38,16,97,8,0,103,3,114,42,9,141,19,211,178,22,200,411
03/14/2014,MWH,WA,ANM,WE,Combined TRACON& Tower with Radar,21,4,4,5,34,0,0,9,0,9,21,4,13,5,43,18,4,22,65
03/15/2014,MWH,WA,ANM,WE,Combined TRACON& Tower with Radar,28,2,8,5,43,0,0,26,0,26,28,2,34,5,69,57,18,75,144
03/16/2014,MWH,WA,ANM,WE,Combined TRACON& Tower with Radar,0,0,8,0,8,2,0,3,0,5,2,0,11,0,13,8,0,8,21
03/17/2014,MWH,WA,ANM,WE,Combined TRACON& Tower with Radar,20,3,5,28,56,1,2,13,2,18,21,5,18,30,74,54,24,78,152
03/18/2014,MWH,WA,ANM,WE,Combined TRACON& Tower with Radar,24,4,32,15,75,17,12,93,2,124,41,16,125,17,199,145,15,160,359
03/19/2014,MWH,WA,ANM,WE,Combined TRACON& Tower with Radar,32,4,12,23,71,6,1,42,7,56,38,5,54,30,127,99,30,129,256
03/20/2014,MWH,WA,ANM,WE,Combined TRACON& Tower with Radar,57,4,25,18,104,8,10,43,10,71,65,14,68,28,175,94,32,126,301
03/21/2014,MWH,WA,ANM,WE,Combined TRACON& Tower with Radar,50,3,9,0,62,8,3,23,0,34,58,6,32,0,96,60,0,60,156
03/22/2014,MWH,WA,ANM,WE,Combined TRACON& Tower with Radar,32,3,1,2,38,20,0,10,1,31,52,3,11,3,69,22,0,22,91
03/23/2014,MWH,WA,ANM,WE,Combined TRACON& Tower with Radar,8,0,4,4,16,8,0,14,3,25,16,0,18,7,41,12,0,12,53
03/24/2014,MWH,WA,ANM,WE,Combined TRACON& Tower with Radar,38,2,4,4,48,11,4,26,0,41,49,6,30,4,89,34,0,34,123
03/25/2014,MWH,WA,ANM,WE,Combined TRACON& Tower with Radar,11,8,4,5,28,1,0,10,0,11,12,8,14,5,39,0,8,8,47
03/26/2014,MWH,WA,ANM,WE,Combined TRACON& Tower with Radar,5,6,10,20,41,21,2,12,7,42,26,8,22,27,83,21,104,125,208
03/27/2014,MWH,WA,ANM,WE,Combined TRACON& Tower with Radar,13,21,18,11,63,0,2,3,1,6,13,23,21,12,69,0,22,22,91
03/28/2014,MWH,WA,ANM,WE,Combined TRACON& Tower with Radar,14,7,0,8,29,0,2,0,0,2,14,9,0,8,31,0,1,1,32
03/29/2014,MWH,WA,ANM,WE,Combined TRACON& Tower with Radar,12,2,3,0,17,0,2,6,0,8,12,4,9,0,25,0,6,6,31
03/30/2014,MWH,WA,ANM,WE,Combined TRACON& Tower with Radar,0,3,2,0,5,0,2,6,0,8,0,5,8,0,13,2,6,8,21
03/31/2014,MWH,WA,ANM,WE,Combined TRACON& Tower with Radar,6,2,15,19,42,0,4,78,5,87,6,6,93,24,129,159,38,197,326
04/01/2014,MWH,WA,ANM,WE,Combined TRACON& Tower with Radar,17,6,29,10,62,4,0,65,5,74,21,6,94,15,136,209,4,213,349
04/02/2014,MWH,WA,ANM,WE,Combined TRACON& Tower with Radar,11,4,29,32,76,1,15,49,2,67,12,19,78,34,143,196,101,297,440
04/03/2014,MWH,WA,ANM,WE,Combined TRACON& Tower with Radar,11,5,17,0,33,9,1,69,1,80,20,6,86,1,113,111,0,111,224
04/04/2014,MWH,WA,ANM,WE,Combined TRACON& Tower with Radar,25,5,7,22,59,4,3,6,2,15,29,8,13,24,74,32,50,82,156
04/05/2014,MWH,WA,ANM,WE,Combined TRACON& Tower with Radar,0,4,12,0,16,0,0,20,0,20,0,4,32,0,36,1,0,1,37
04/06/2014,MWH,WA,ANM,WE,Combined TRACON& Tower with Radar,0,0,20,0,20,0,0,9,0,9,0,0,29,0,29,6,0,6,35
04/07/2014,MWH,WA,ANM,WE,Combined TRACON& Tower with Radar,0,2,40,23,65,0,2,107,9,118,0,4,147,32,183,300,64,364,547
04/08/2014,MWH,WA,ANM,WE,Combined TRACON& Tower with Radar,17,4,33,43,97,3,0,87,22,112,20,4,120,65,209,164,104,268,477
04/09/2014,MWH,WA,ANM,WE,Combined TRACON& Tower with Radar,34,3,33,16,86,4,1,91,8,104,38,4,124,24,190,293,52,345,535
04/10/2014,MWH,WA,ANM,WE,Combined TRACON& Tower with Radar,20,4,25,22,71,11,0,112,15,138,31,4,137,37,209,225,46,271,480
04/11/2014,MWH,WA,ANM,WE,Combined TRACON& Tower with Radar,36,4,12,36,88,5,0,29,4,38,41,4,41,40,126,16,54,70,196
04/12/2014,MWH,WA,ANM,WE,Combined TRACON& Tower with Radar,35,1,9,5,50,18,1,7,0,26,53,2,16,5,76,5,6,11,87
04/13/2014,MWH,WA,ANM,WE,Combined TRACON& Tower with Radar,13,0,6,0,19,2,0,13,3,18,15,0,19,3,37,13,0,13,50
04/14/2014,MWH,WA,ANM,WE,Combined TRACON& Tower with Radar,75,2,16,40,133,20,2,110,7,139,95,4,126,47,272,248,64,312,584
04/15/2014,MWH,WA,ANM,WE,Combined TRACON& Tower with Radar,43,4,10,23,80,0,4,47,6,57,43,8,57,29,137,148,32,180,317
04/16/2014,MWH,WA,ANM,WE,Combined TRACON& Tower with Radar,14,11,24,37,86,3,1,62,6,72,17,12,86,43,158,106,88,194,352
04/17/2014,MWH,WA,ANM,WE,Combined TRACON& Tower with Radar,19,6,45,11,81,2,0,52,3,57,21,6,97,14,138,179,50,229,367
04/18/2014,MWH,WA,ANM,WE,Combined TRACON& Tower with Radar,7,3,7,20,37,0,0,2,0,2,7,3,9,20,39,0,0,0,39
04/19/2014,MWH,WA,ANM,WE,Combined TRACON& Tower with Radar,8,1,3,0,12,3,1,11,0,15,11,2,14,0,27,6,0,6,33
04/20/2014,MWH,WA,ANM,WE,Combined TRACON& Tower with Radar,10,0,2,0,12,0,0,2,0,2,10,0,4,0,14,4,4,8,22
04/21/2014,MWH,WA,ANM,WE,Combined TRACON& Tower with Radar,28,2,17,22,69,16,6,64,4,90,44,8,81,26,159,206,126,332,491
04/22/2014,MWH,WA,ANM,WE,Combined TRACON& Tower with Radar,4,3,17,26,50,0,1,85,4,90,4,4,102,30,140,144,50,194,334
04/23/2014,MWH,WA,ANM,WE,Combined TRACON& Tower with Radar,41,6,17,18,82,8,0,57,4,69,49,6,74,22,151,152,46,198,349
04/24/2014,MWH,WA,ANM,WE,Combined TRACON& Tower with Radar,19,8,2,16,45,22,0,48,6,76,41,8,50,22,121,119,24,143,264
04/25/2014,MWH,WA,ANM,WE,Combined TRACON& Tower with Radar,61,4,3,15,83,62,0,20,5,87,123,4,23,20,170,85,42,127,297
04/26/2014,MWH,WA,ANM,WE,Combined TRACON& Tower with Radar,4,2,2,2,10,0,2,11,0,13,4,4,13,2,23,18,1,19,42
04/27/2014,MWH,WA,ANM,WE,Combined TRACON& Tower with Radar,2,0,0,0,2,0,0,0,0,0,2,0,0,0,2,0,0,0,2
04/28/2014,MWH,WA,ANM,WE,Combined TRACON& Tower with Radar,48,2,21,26,97,41,1,95,14,151,89,3,116,40,248,192,128,320,568
04/29/2014,MWH,WA,ANM,WE,Combined TRACON& Tower with Radar,14,3,22,23,62,10,0,101,6,117,24,3,123,29,179,142,96,238,417
04/30/2014,MWH,WA,ANM,WE,Combined TRACON& Tower with Radar,22,6,27,22,77,27,0,92,9,128,49,6,119,31,205,178,78,256,461
05/01/2014,MWH,WA,ANM,WE,Combined TRACON& Tower with Radar,10,4,27,27,68,7,0,94,7,108,17,4,121,34,176,125,84,209,385
05/02/2014,MWH,WA,ANM,WE,Combined TRACON& Tower with Radar,20,3,8,0,31,14,1,10,0,25,34,4,18,0,56,16,0,16,72
05/03/2014,MWH,WA,ANM,WE,Combined TRACON& Tower with Radar,4,4,8,2,18,0,0,6,0,6,4,4,14,2,24,0,0,0,24
05/04/2014,MWH,WA,ANM,WE,Combined TRACON& Tower with Radar,4,0,6,0,10,0,0,3,0,3,4,0,9,0,13,0,0,0,13
05/05/2014,MWH,WA,ANM,WE,Combined TRACON& Tower with Radar,25,4,36,53,118,1,3,83,6,93,26,7,119,59,211,184,178,362,573
05/06/2014,MWH,WA,ANM,WE,Combined TRACON& Tower with Radar,12,6,20,26,64,1,0,98,6,105,13,6,118,32,169,200,58,258,427
05/07/2014,MWH,WA,ANM,WE,Combined TRACON& Tower with Radar,52,4,32,38,126,14,2,73,16,105,66,6,105,54,231,88,102,190,421
05/08/2014,MWH,WA,ANM,WE,Combined TRACON& Tower with Radar,15,5,20,34,74,1,2,58,2,63,16,7,78,36,137,72,22,94,231
05/09/2014,MWH,WA,ANM,WE,Combined TRACON& Tower with Radar,24,10,24,27,85,10,2,10,17,39,34,12,34,44,124,10,20,30,154
05/10/2014,MWH,WA,ANM,WE,Combined TRACON& Tower with Radar,11,1,7,0,19,10,1,11,0,22,21,2,18,0,41,6,0,6,47
05/11/2014,MWH,WA,ANM,WE,Combined TRACON& Tower with Radar,8,4,10,0,22,6,0,1,0,7,14,4,11,0,29,0,0,0,29
05/12/2014,MWH,WA,ANM,WE,Combined TRACON& Tower with Radar,27,2,12,26,67,22,6,78,22,128,49,8,90,48,195,130,108,238,433
05/13/2014,MWH,WA,ANM,WE,Combined TRACON& Tower with Radar,8,6,7,6,27,0,0,101,0,101,8,6,108,6,128,212,0,212,340
05/14/2014,MWH,WA,ANM,WE,Combined TRACON& Tower with Radar,38,3,28,13,82,20,1,92,12,125,58,4,120,25,207,144,30,174,381
05/15/2014,MWH,WA,ANM,WE,Combined TRACON& Tower with Radar,39,4,19,34,96,10,0,71,7,88,49,4,90,41,184,160,54,214,398
05/16/2014,MWH,WA,ANM,WE,Combined TRACON& Tower with Radar,39,4,6,15,64,6,0,16,4,26,45,4,22,19,90,0,14,14,104
05/17/2014,MWH,WA,ANM,WE,Combined TRACON& Tower with Radar,8,1,7,8,24,0,3,10,2,15,8,4,17,10,39,0,48,48,87
05/18/2014,MWH,WA,ANM,WE,Combined TRACON& Tower with Radar,8,0,4,0,12,3,2,3,0,8,11,2,7,0,20,4,0,4,24
05/19/2014,MWH,WA,ANM,WE,Combined TRACON& Tower with Radar,20,2,21,19,62,0,3,71,7,81,20,5,92,26,143,254,44,298,441
05/20/2014,MWH,WA,ANM,WE,Combined TRACON& Tower with Radar,34,4,31,8,77,7,2,75,23,107,41,6,106,31,184,122,4,126,310
05/21/2014,MWH,WA,ANM,WE,Combined TRACON& Tower with Radar,20,5,16,17,58,0,7,100,11,118,20,12,116,28,176,254,48,302,478
05/22/2014,MWH,WA,ANM,WE,Combined TRACON& Tower with Radar,23,3,20,10,56,0,1,91,0,92,23,4,111,10,148,156,12,168,316
05/23/2014,MWH,WA,ANM,WE,Combined TRACON& Tower with Radar,16,6,5,6,33,0,4,16,2,22,16,10,21,8,55,24,34,58,113
05/24/2014,MWH,WA,ANM,WE,Combined TRACON& Tower with Radar,0,1,1,0,2,0,6,3,0,9,0,7,4,0,11,4,0,4,15
05/25/2014,MWH,WA,ANM,WE,Combined TRACON& Tower with Radar,5,2,7,0,14,0,0,2,0,2,5,2,9,0,16,0,0,0,16
05/26/2014,MWH,WA,ANM,WE,Combined TRACON& Tower with Radar,0,0,1,0,1,0,0,5,0,5,0,0,6,0,6,0,0,0,6
05/27/2014,MWH,WA,ANM,WE,Combined TRACON& Tower with Radar,23,4,23,4,54,0,5,81,0,86,23,9,104,4,140,182,0,182,322
05/28/2014,MWH,WA,ANM,WE,Combined TRACON& Tower with Radar,11,6,14,4,35,12,0,77,0,89,23,6,91,4,124,130,0,130,254
05/29/2014,MWH,WA,ANM,WE,Combined TRACON& Tower with Radar,46,6,22,5,79,14,1,75,0,90,60,7,97,5,169,132,22,154,323
05/30/2014,MWH,WA,ANM,WE,Combined TRACON& Tower with Radar,11,4,3,5,23,2,3,11,1,17,13,7,14,6,40,2,2,4,44
05/31/2014,MWH,WA,ANM,WE,Combined TRACON& Tower with Radar,0,2,1,0,3,0,2,9,0,11,0,4,10,0,14,0,0,0,14
06/01/2014,MWH,WA,ANM,WE,Combined TRACON& Tower with Radar,2,0,1,0,3,2,0,4,0,6,4,0,5,0,9,0,0,0,9
06/02/2014,MWH,WA,ANM,WE,Combined TRACON& Tower with Radar,30,2,18,38,88,0,6,77,0,83,30,8,95,38,171,152,54,206,377
06/03/2014,MWH,WA,ANM,WE,Combined TRACON& Tower with Radar,16,6,36,13,71,5,12,106,4,127,21,18,142,17,198,208,16,224,422
06/04/2014,MWH,WA,ANM,WE,Combined TRACON& Tower with Radar,0,9,34,17,60,0,1,78,10,89,0,10,112,27,149,192,112,304,453
06/05/2014,MWH,WA,ANM,WE,Combined TRACON& Tower with Radar,10,4,19,5,38,2,2,56,1,61,12,6,75,6,99,200,10,210,309
06/06/2014,MWH,WA,ANM,WE,Combined TRACON& Tower with Radar,4,4,7,7,22,0,2,16,11,29,4,6,23,18,51,38,36,74,125
06/07/2014,MWH,WA,ANM,WE,Combined TRACON& Tower with Radar,4,2,9,5,20,0,0,16,2,18,4,2,25,7,38,15,16,31,69
06/08/2014,MWH,WA,ANM,WE,Combined TRACON& Tower with Radar,6,0,0,3,9,0,0,6,1,7,6,0,6,4,16,4,10,14,30
06/09/2014,MWH,WA,ANM,WE,Combined TRACON& Tower with Radar,26,2,37,6,71,0,2,37,0,39,26,4,74,6,110,196,6,202,312
06/10/2014,MWH,WA,ANM,WE,Combined TRACON& Tower with Radar,19,3,36,6,64,4,3,37,2,46,23,6,73,8,110,98,10,108,218
06/11/2014,MWH,WA,ANM,WE,Combined TRACON& Tower with Radar,25,8,41,14,88,20,2,76,13,111,45,10,117,27,199,218,58,276,475
06/12/2014,MWH,WA,ANM,WE,Combined TRACON& Tower with Radar,34,11,25,6,76,8,3,56,3,70,42,14,81,9,146,100,10,110,256
06/13/2014,MWH,WA,ANM,WE,Combined TRACON& Tower with Radar,25,7,20,7,59,16,0,8,7,31,41,7,28,14,90,18,20,38,128
06/14/2014,MWH,WA,ANM,WE,Combined TRACON& Tower with Radar,16,2,7,0,25,2,1,4,0,7,18,3,11,0,32,30,0,30,62
06/15/2014,MWH,WA,ANM,WE,Combined TRACON& Tower with Radar,8,2,5,0,15,0,0,3,0,3,8,2,8,0,18,0,0,0,18
06/16/2014,MWH,WA,ANM,WE,Combined TRACON& Tower with Radar,4,3,6,12,25,16,1,8,6,31,20,4,14,18,56,30,38,68,124
06/17/2014,MWH,WA,ANM,WE,Combined TRACON& Tower with Radar,28,4,2,22,56,62,21,7,2,92,90,25,9,24,148,24,40,64,212
06/18/2014,MWH,WA,ANM,WE,Combined TRACON& Tower with Radar,38,4,8,43,93,53,0,7,4,64,91,4,15,47,157,12,106,118,275
06/19/2014,MWH,WA,ANM,WE,Combined TRACON& Tower with Radar,34,4,3,21,62,6,0,14,10,30,40,4,17,31,92,39,68,107,199
06/20/2014,MWH,WA,ANM,WE,Combined TRACON& Tower with Radar,18,6,0,40,64,4,0,4,7,15,22,6,4,47,79,0,24,24,103
06/21/2014,MWH,WA,ANM,WE,Combined TRACON& Tower with Radar,10,2,2,6,20,35,3,17,0,55,45,5,19,6,75,3,8,11,86
06/22/2014,MWH,WA,ANM,WE,Combined TRACON& Tower with Radar,6,0,0,3,9,34,1,11,0,46,40,1,11,3,55,2,0,2,57
06/23/2014,MWH,WA,ANM,WE,Combined TRACON& Tower with Radar,10,4,6,12,32,33,3,4,3,43,43,7,10,15,75,0,74,74,149
06/24/2014,MWH,WA,ANM,WE,Combined TRACON& Tower with Radar,23,4,7,28,62,4,2,0,7,13,27,6,7,35,75,0,36,36,111
06/25/2014,MWH,WA,ANM,WE,Combined TRACON& Tower with Radar,23,4,11,17,55,67,0,14,14,95,90,4,25,31,150,3,52,55,205
06/26/2014,MWH,WA,ANM,WE,Combined TRACON& Tower with Radar,18,4,8,21,51,0,6,1,8,15,18,10,9,29,66,0,80,80,146
06/27/2014,MWH,WA,ANM,WE,Combined TRACON& Tower with Radar,7,5,5,28,45,0,0,8,9,17,7,5,13,37,62,0,46,46,108
06/28/2014,MWH,WA,ANM,WE,Combined TRACON& Tower with Radar,4,4,7,1,16,1,2,5,0,8,5,6,12,1,24,0,0,0,24
06/29/2014,MWH,WA,ANM,WE,Combined TRACON& Tower with Radar,0,0,14,1,15,0,2,3,0,5,0,2,17,1,20,0,0,0,20
06/30/2014,MWH,WA,ANM,WE,Combined TRACON& Tower with Radar,15,2,25,33,75,2,2,19,4,27,17,4,44,37,102,52,66,118,220
07/01/2014,MWH,WA,ANM,WE,Combined TRACON& Tower with Radar,20,3,19,38,80,21,3,62,4,90,41,6,81,42,170,156,26,182,352
07/02/2014,MWH,WA,ANM,WE,Combined TRACON& Tower with Radar,10,4,24,16,54,53,0,63,7,123,63,4,87,23,177,132,20,152,329
07/03/2014,MWH,WA,ANM,WE,Combined TRACON& Tower with Radar,10,5,20,0,35,4,4,83,0,91,14,9,103,0,126,236,0,236,362
07/04/2014,MWH,WA,ANM,WE,Combined TRACON& Tower with Radar,0,9,5,1,15,0,2,5,0,7,0,11,10,1,22,0,0,0,22
07/05/2014,MWH,WA,ANM,WE,Combined TRACON& Tower with Radar,0,0,5,0,5,0,3,24,0,27,0,3,29,0,32,20,0,20,52
07/06/2014,MWH,WA,ANM,WE,Combined TRACON& Tower with Radar,4,0,4,0,8,0,0,16,0,16,4,0,20,0,24,34,0,34,58
07/07/2014,MWH,WA,ANM,WE,Combined TRACON& Tower with Radar,10,2,13,52,77,5,3,66,12,86,15,5,79,64,163,204,120,324,487
07/08/2014,MWH,WA,ANM,WE,Combined TRACON& Tower with Radar,13,6,35,28,82,15,14,111,12,152,28,20,146,40,234,196,56,252,486
07/09/2014,MWH,WA,ANM,WE,Combined TRACON& Tower with Radar,20,5,45,26,96,0,6,105,4,115,20,11,150,30,211,120,44,164,375
07/10/2014,MWH,WA,ANM,WE,Combined TRACON& Tower with Radar,7,6,59,16,88,8,9,82,5,104,15,15,141,21,192,138,28,166,358
07/11/2014,MWH,WA,ANM,WE,Combined TRACON& Tower with Radar,11,10,30,10,61,30,3,118,1,152,41,13,148,11,213,160,22,182,395
07/12/2014,MWH,WA,ANM,WE,Combined TRACON& Tower with Radar,10,4,4,2,20,19,4,48,0,71,29,8,52,2,91,4,0,4,95
07/13/2014,MWH,WA,ANM,WE,Combined TRACON& Tower with Radar,13,0,14,8,35,9,2,31,1,43,22,2,45,9,78,0,68,68,146
07/14/2014,MWH,WA,ANM,WE,Combined TRACON& Tower with Radar,8,3,27,8,46,4,4,35,5,48,12,7,62,13,94,276,2,278,372
07/15/2014,MWH,WA,ANM,WE,Combined TRACON& Tower with Radar,10,5,56,13,84,11,10,88,3,112,21,15,144,16,196,190,14,204,400
07/16/2014,MWH,WA,ANM,WE,Combined TRACON& Tower with Radar,17,11,21,29,78,29,5,101,4,139,46,16,122,33,217,252,56,308,525
07/17/2014,MWH,WA,ANM,WE,Combined TRACON& Tower with Radar,6,19,33,15,73,2,11,75,15,103,8,30,108,30,176,144,6,150,326
07/18/2014,MWH,WA,ANM,WE,Combined TRACON& Tower with Radar,4,9,34,8,55,2,16,95,16,129,6,25,129,24,184,296,8,304,488
07/19/2014,MWH,WA,ANM,WE,Combined TRACON& Tower with Radar,10,7,13,0,30,11,6,64,12,93,21,13,77,12,123,0,0,0,123
07/20/2014,MWH,WA,ANM,WE,Combined TRACON& Tower with Radar,6,5,5,0,16,6,7,39,0,52,12,12,44,0,68,0,0,0,68
07/21/2014,MWH,WA,ANM,WE,Combined TRACON& Tower with Radar,5,5,38,5,53,4,34,88,13,139,9,39,126,18,192,118,14,132,324
07/22/2014,MWH,WA,ANM,WE,Combined TRACON& Tower with Radar,7,6,42,14,69,0,2,60,4,66,7,8,102,18,135,196,38,234,369
07/23/2014,MWH,WA,ANM,WE,Combined TRACON& Tower with Radar,31,4,49,7,91,1,0,85,8,94,32,4,134,15,185,212,8,220,405
07/24/2014,MWH,WA,ANM,WE,Combined TRACON& Tower with Radar,9,5,31,5,50,20,2,80,4,106,29,7,111,9,156,158,22,180,336
07/25/2014,MWH,WA,ANM,WE,Combined TRACON& Tower with Radar,11,5,35,25,76,25,3,85,5,118,36,8,120,30,194,156,102,258,452
07/26/2014,MWH,WA,ANM,WE,Combined TRACON& Tower with Radar,5,1,0,4,10,0,3,3,2,8,5,4,3,6,18,0,6,6,24
07/27/2014,MWH,WA,ANM,WE,Combined TRACON& Tower with Radar,6,1,8,0,15,0,1,8,0,9,6,2,16,0,24,4,0,4,28
07/28/2014,MWH,WA,ANM,WE,Combined TRACON& Tower with Radar,6,3,15,21,45,0,5,70,5,80,6,8,85,26,125,162,32,194,319
07/29/2014,MWH,WA,ANM,WE,Combined TRACON& Tower with Radar,4,9,28,9,50,0,13,87,8,108,4,22,115,17,158,208,14,222,380
07/30/2014,MWH,WA,ANM,WE,Combined TRACON& Tower with Radar,12,13,38,17,80,1,16,90,31,138,13,29,128,48,218,154,40,194,412
07/31/2014,MWH,WA,ANM,WE,Combined TRACON& Tower with Radar,14,4,28,17,63,4,0,68,9,81,18,4,96,26,144,170,31,201,345
08/01/2014,MWH,WA,ANM,WE,Combined TRACON& Tower with Radar,20,9,41,38,108,7,3,54,16,80,27,12,95,54,188,180,52,232,420
08/02/2014,MWH,WA,ANM,WE,Combined TRACON& Tower with Radar,5,0,6,0,11,2,0,11,0,13,7,0,17,0,24,8,0,8,32
08/03/2014,MWH,WA,ANM,WE,Combined TRACON& Tower with Radar,6,2,6,2,16,12,19,16,2,49,18,21,22,4,65,0,0,0,65
08/04/2014,MWH,WA,ANM,WE,Combined TRACON& Tower with Radar,18,2,32,40,92,10,26,55,8,99,28,28,87,48,191,124,20,144,335
08/05/2014,MWH,WA,ANM,WE,Combined TRACON& Tower with Radar,14,7,66,24,111,7,10,106,5,128,21,17,172,29,239,200,6,206,445
08/06/2014,MWH,WA,ANM,WE,Combined TRACON& Tower with Radar,28,8,42,29,107,25,23,106,1,155,53,31,148,30,262,110,80,190,452
08/07/2014,MWH,WA,ANM,WE,Combined TRACON& Tower with Radar,18,7,18,18,61,8,17,87,16,128,26,24,105,34,189,171,80,251,440
08/08/2014,MWH,WA,ANM,WE,Combined TRACON& Tower with Radar,39,15,20,7,81,39,31,39,1,110,78,46,59,8,191,28,30,58,249
08/09/2014,MWH,WA,ANM,WE,Combined TRACON& Tower with Radar,19,0,5,4,28,11,22,17,2,52,30,22,22,6,80,8,0,8,88
08/10/2014,MWH,WA,ANM,WE,Combined TRACON& Tower with Radar,13,3,1,8,25,31,30,22,8,91,44,33,23,16,116,8,4,12,128
08/11/2014,MWH,WA,ANM,WE,Combined TRACON& Tower with Radar,25,10,12,43,90,5,14,12,4,35,30,24,24,47,125,0,14,14,139
08/12/2014,MWH,WA,ANM,WE,Combined TRACON& Tower with Radar,24,6,3,6,39,4,20,15,3,42,28,26,18,9,81,0,2,2,83
08/13/2014,MWH,WA,ANM,WE,Combined TRACON& Tower with Radar,12,4,6,48,70,0,0,13,13,26,12,4,19,61,96,18,136,154,250
08/14/2014,MWH,WA,ANM,WE,Combined TRACON& Tower with Radar,21,4,7,19,51,0,0,8,12,20,21,4,15,31,71,0,44,44,115
08/15/2014,MWH,WA,ANM,WE,Combined TRACON& Tower with Radar,16,6,9,21,52,0,0,7,4,11,16,6,16,25,63,4,38,42,105
08/16/2014,MWH,WA,ANM,WE,Combined TRACON& Tower with Radar,14,1,4,2,21,0,0,6,2,8,14,1,10,4,29,0,14,14,43
08/17/2014,MWH,WA,ANM,WE,Combined TRACON& Tower with Radar,15,0,6,1,22,0,0,11,0,11,15,0,17,1,33,0,0,0,33
08/18/2014,MWH,WA,ANM,WE,Combined TRACON& Tower with Radar,0,3,12,37,52,0,1,15,20,36,0,4,27,57,88,31,84,115,203
08/19/2014,MWH,WA,ANM,WE,Combined TRACON& Tower with Radar,22,4,3,3,32,10,5,11,2,28,32,9,14,5,60,0,4,4,64
08/20/2014,MWH,WA,ANM,WE,Combined TRACON& Tower with Radar,25,4,8,61,98,1,3,14,7,25,26,7,22,68,123,0,80,80,203
08/21/2014,MWH,WA,ANM,WE,Combined TRACON& Tower with Radar,34,4,2,36,76,1,1,4,9,15,35,5,6,45,91,2,118,120,211
08/22/2014,MWH,WA,ANM,WE,Combined TRACON& Tower with Radar,24,4,2,19,49,5,0,6,6,17,29,4,8,25,66,0,16,16,82
08/23/2014,MWH,WA,ANM,WE,Combined TRACON& Tower with Radar,4,2,4,6,16,0,0,15,2,17,4,2,19,8,33,2,24,26,59
08/24/2014,MWH,WA,ANM,WE,Combined TRACON& Tower with Radar,2,2,7,0,11,43,8,5,0,56,45,10,12,0,67,0,0,0,67
08/25/2014,MWH,WA,ANM,WE,Combined TRACON& Tower with Radar,15,3,1,38,57,0,3,9,15,27,15,6,10,53,84,8,66,74,158
08/26/2014,MWH,WA,ANM,WE,Combined TRACON& Tower with Radar,16,4,8,38,66,12,0,3,16,31,28,4,11,54,97,7,46,53,150
08/27/2014,MWH,WA,ANM,WE,Combined TRACON& Tower with Radar,4,4,10,24,42,0,1,8,10,19,4,5,18,34,61,0,32,32,93
08/28/2014,MWH,WA,ANM,WE,Combined TRACON& Tower with Radar,4,6,11,47,68,0,0,10,22,32,4,6,21,69,100,16,104,120,220
08/29/2014,MWH,WA,ANM,WE,Combined TRACON& Tower with Radar,19,8,11,12,50,2,1,15,14,32,21,9,26,26,82,32,50,82,164
08/30/2014,MWH,WA,ANM,WE,Combined TRACON& Tower with Radar,13,2,4,0,19,4,0,3,0,7,17,2,7,0,26,10,0,10,36
08/31/2014,MWH,WA,ANM,WE,Combined TRACON& Tower with Radar,0,4,0,0,4,0,0,16,0,16,0,4,16,0,20,26,0,26,46
09/01/2014,MWH,WA,ANM,WE,Combined TRACON& Tower with Radar,0,1,10,3,14,0,0,9,0,9,0,1,19,3,23,28,0,28,51
09/02/2014,MWH,WA,ANM,WE,Combined TRACON& Tower with Radar,4,4,3,8,19,0,5,6,4,15,4,9,9,12,34,0,8,8,42
09/03/2014,MWH,WA,ANM,WE,Combined TRACON& Tower with Radar,20,4,5,29,58,0,0,11,8,19,20,4,16,37,77,0,42,42,119
09/04/2014,MWH,WA,ANM,WE,Combined TRACON& Tower with Radar,33,4,3,34,74,5,0,18,18,41,38,4,21,52,115,0,88,88,203
09/05/2014,MWH,WA,ANM,WE,Combined TRACON& Tower with Radar,13,7,2,44,66,0,4,11,17,32,13,11,13,61,98,0,78,78,176
09/06/2014,MWH,WA,ANM,WE,Combined TRACON& Tower with Radar,4,2,6,10,22,0,2,3,6,11,4,4,9,16,33,0,16,16,49
09/07/2014,MWH,WA,ANM,WE,Combined TRACON& Tower with Radar,0,0,11,1,12,0,0,4,0,4,0,0,15,1,16,0,6,6,22
09/08/2014,MWH,WA,ANM,WE,Combined TRACON& Tower with Radar,21,2,23,25,71,0,4,11,4,19,21,6,34,29,90,3,56,59,149
09/09/2014,MWH,WA,ANM,WE,Combined TRACON& Tower with Radar,14,7,21,16,58,0,1,10,2,13,14,8,31,18,71,0,8,8,79
09/10/2014,MWH,WA,ANM,WE,Combined TRACON& Tower with Radar,14,8,28,32,82,2,0,21,2,25,16,8,49,34,107,14,74,88,195
09/11/2014,MWH,WA,ANM,WE,Combined TRACON& Tower with Radar,31,5,15,21,72,2,0,13,8,23,33,5,28,29,95,8,80,88,183
09/12/2014,MWH,WA,ANM,WE,Combined TRACON& Tower with Radar,39,6,8,24,77,0,0,11,3,14,39,6,19,27,91,0,62,62,153
09/13/2014,MWH,WA,ANM,WE,Combined TRACON& Tower with Radar,6,1,5,0,12,0,1,11,0,12,6,2,16,0,24,14,0,14,38
09/14/2014,MWH,WA,ANM,WE,Combined TRACON& Tower with Radar,14,2,2,1,19,0,1,3,8,12,14,3,5,9,31,0,0,0,31
09/15/2014,MWH,WA,ANM,WE,Combined TRACON& Tower with Radar,14,2,3,22,41,4,4,11,6,25,18,6,14,28,66,22,72,94,160
09/16/2014,MWH,WA,ANM,WE,Combined TRACON& Tower with Radar,16,9,12,15,52,10,4,54,4,72,26,13,66,19,124,59,66,125,249
09/17/2014,MWH,WA,ANM,WE,Combined TRACON& Tower with Radar,30,4,10,38,82,2,0,55,9,66,32,4,65,47,148,26,74,100,248
09/18/2014,MWH,WA,ANM,WE,Combined TRACON& Tower with Radar,33,4,20,41,98,0,2,48,5,55,33,6,68,46,153,92,22,114,267
09/19/2014,MWH,WA,ANM,WE,Combined TRACON& Tower with Radar,4,4,16,20,44,0,0,13,2,15,4,4,29,22,59,4,72,76,135
09/20/2014,MWH,WA,ANM,WE,Combined TRACON& Tower with Radar,20,1,22,21,64,4,0,15,3,22,24,1,37,24,86,10,40,50,136
09/21/2014,MWH,WA,ANM,WE,Combined TRACON& Tower with Radar,32,1,0,13,46,17,1,11,0,29,49,2,11,13,75,0,6,6,81
09/22/2014,MWH,WA,ANM,WE,Combined TRACON& Tower with Radar,15,3,17,8,43,0,8,53,4,65,15,11,70,12,108,100,14,114,222
09/23/2014,MWH,WA,ANM,WE,Combined TRACON& Tower with Radar,34,3,8,0,45,0,2,98,0,100,34,5,106,0,145,244,0,244,389
09/24/2014,MWH,WA,ANM,WE,Combined TRACON& Tower with Radar,7,5,16,31,59,0,0,120,4,124,7,5,136,35,183,208,32,240,423
09/25/2014,MWH,WA,ANM,WE,Combined TRACON& Tower with Radar,16,5,15,32,68,0,1,100,10,111,16,6,115,42,179,172,54,226,405
09/26/2014,MWH,WA,ANM,WE,Combined TRACON& Tower with Radar,34,6,8,28,76,0,0,3,8,11,34,6,11,36,87,0,60,60,147
09/27/2014,MWH,WA,ANM,WE,Combined TRACON& Tower with Radar,9,0,0,0,9,0,2,10,0,12,9,2,10,0,21,4,0,4,25
09/28/2014,MWH,WA,ANM,WE,Combined TRACON& Tower with Radar,0,0,0,0,0,0,0,3,0,3,0,0,3,0,3,0,0,0,3
09/29/2014,MWH,WA,ANM,WE,Combined TRACON& Tower with Radar,23,2,61,43,129,44,2,84,4,134,67,4,145,47,263,148,28,176,439
09/30/2014,MWH,WA,ANM,WE,Combined TRACON& Tower with Radar,7,13,18,42,80,1,1,65,4,71,8,14,83,46,151,142,84,226,377
10/01/2014,MWH,WA,ANM,WE,Combined TRACON& Tower with Radar,23,4,26,9,62,0,0,70,6,76,23,4,96,15,138,119,36,155,293
10/02/2014,MWH,WA,ANM,WE,Combined TRACON& Tower with Radar,7,4,31,32,74,22,0,107,2,131,29,4,138,34,205,122,28,150,355
10/03/2014,MWH,WA,ANM,WE,Combined TRACON& Tower with Radar,23,3,5,13,44,0,1,16,7,24,23,4,21,20,68,0,16,16,84
10/04/2014,MWH,WA,ANM,WE,Combined TRACON& Tower with Radar,8,0,5,7,20,0,0,13,3,16,8,0,18,10,36,2,34,36,72
10/05/2014,MWH,WA,ANM,WE,Combined TRACON& Tower with Radar,4,0,4,2,10,0,0,14,0,14,4,0,18,2,24,20,0,20,44
10/06/2014,MWH,WA,ANM,WE,Combined TRACON& Tower with Radar,24,2,23,82,131,0,9,98,6,113,24,11,121,88,244,222,100,322,566
10/07/2014,MWH,WA,ANM,WE,Combined TRACON& Tower with Radar,9,5,29,4,47,0,0,98,6,104,9,5,127,10,151,226,28,254,405
10/08/2014,MWH,WA,ANM,WE,Combined TRACON& Tower with Radar,31,3,17,65,116,2,1,88,13,104,33,4,105,78,220,182,106,288,508
10/09/2014,MWH,WA,ANM,WE,Combined TRACON& Tower with Radar,15,4,24,7,50,0,2,123,2,127,15,6,147,9,177,266,0,266,443
10/10/2014,MWH,WA,ANM,WE,Combined TRACON& Tower with Radar,23,3,19,33,78,0,5,19,15,39,23,8,38,48,117,4,106,110,227
10/11/2014,MWH,WA,ANM,WE,Combined TRACON& Tower with Radar,6,0,0,7,13,0,1,1,6,8,6,1,1,13,21,32,18,50,71
10/12/2014,MWH,WA,ANM,WE,Combined TRACON& Tower with Radar,13,0,6,1,20,0,0,5,0,5,13,0,11,1,25,0,0,0,25
10/13/2014,MWH,WA,ANM,WE,Combined TRACON& Tower with Radar,23,2,26,1,52,0,2,89,0,91,23,4,115,1,143,272,0,272,415
10/14/2014,MWH,WA,ANM,WE,Combined TRACON& Tower with Radar,14,3,30,3,50,0,1,88,0,89,14,4,118,3,139,292,0,292,431
10/15/2014,MWH,WA,ANM,WE,Combined TRACON& Tower with Radar,13,4,28,41,86,0,2,48,1,51,13,6,76,42,137,216,42,258,395
10/16/2014,MWH,WA,ANM,WE,Combined TRACON& Tower with Radar,32,6,42,57,137,0,1,92,15,108,32,7,134,72,245,256,22,278,523
10/17/2014,MWH,WA,ANM,WE,Combined TRACON& Tower with Radar,26,4,25,64,119,0,2,16,8,26,26,6,41,72,145,22,60,82,227
10/18/2014,MWH,WA,ANM,WE,Combined TRACON& Tower with Radar,5,0,0,78,83,0,0,8,13,21,5,0,8,91,104,2,125,127,231
10/19/2014,MWH,WA,ANM,WE,Combined TRACON& Tower with Radar,0,7,18,14,39,0,0,6,4,10,0,7,24,18,49,4,64,68,117
10/20/2014,MWH,WA,ANM,WE,Combined TRACON& Tower with Radar,24,5,44,25,98,4,6,76,9,95,28,11,120,34,193,272,66,338,531
10/21/2014,MWH,WA,ANM,WE,Combined TRACON& Tower with Radar,20,4,12,56,92,0,0,69,7,76,20,4,81,63,168,196,102,298,466
10/22/2014,MWH,WA,ANM,WE,Combined TRACON& Tower with Radar,4,9,41,54,108,0,0,73,1,74,4,9,114,55,182,238,79,317,499
10/23/2014,MWH,WA,ANM,WE,Combined TRACON& Tower with Radar,15,5,36,39,95,0,0,70,19,89,15,5,106,58,184,346,86,432,616
10/24/2014,MWH,WA,ANM,WE,Combined TRACON& Tower with Radar,8,4,17,68,97,0,0,15,5,20,8,4,32,73,117,12,80,92,209
10/25/2014,MWH,WA,ANM,WE,Combined TRACON& Tower with Radar,4,0,5,8,17,0,0,5,1,6,4,0,10,9,23,0,30,30,53
10/26/2014,MWH,WA,ANM,WE,Combined TRACON& Tower with Radar,0,0,12,0,12,0,0,6,0,6,0,0,18,0,18,12,0,12,30
10/27/2014,MWH,WA,ANM,WE,Combined TRACON& Tower with Radar,15,3,47,19,84,0,4,84,13,101,15,7,131,32,185,277,64,341,526
10/28/2014,MWH,WA,ANM,WE,Combined TRACON& Tower with Radar,13,4,33,26,76,26,0,62,5,93,39,4,95,31,169,328,46,374,543
10/29/2014,MWH,WA,ANM,WE,Combined TRACON& Tower with Radar,9,4,23,0,36,5,11,16,2,34,14,15,39,2,70,36,10,46,116
10/30/2014,MWH,WA,ANM,WE,Combined TRACON& Tower with Radar,32,4,27,22,85,0,0,82,6,88,32,4,109,28,173,398,34,432,605
10/31/2014,MWH,WA,ANM,WE,Combined TRACON& Tower with Radar,10,5,10,14,39,0,0,1,0,1,10,5,11,14,40,0,0,0,40
11/01/2014,MWH,WA,ANM,WE,Combined TRACON& Tower with Radar,0,0,2,3,5,0,1,2,0,3,0,1,4,3,8,8,6,14,22
11/02/2014,MWH,WA,ANM,WE,Combined TRACON& Tower with Radar,12,0,2,0,14,0,0,6,0,6,12,0,8,0,20,0,0,0,20
11/03/2014,MWH,WA,ANM,WE,Combined TRACON& Tower with Radar,14,9,34,17,74,0,1,53,3,57,14,10,87,20,131,252,56,308,439
11/04/2014,MWH,WA,ANM,WE,Combined TRACON& Tower with Radar,5,4,26,18,53,0,0,71,3,74,5,4,97,21,127,196,46,242,369
11/05/2014,MWH,WA,ANM,WE,Combined TRACON& Tower with Radar,19,9,66,30,124,2,1,117,13,133,21,10,183,43,257,298,40,338,595
11/06/2014,MWH,WA,ANM,WE,Combined TRACON& Tower with Radar,12,3,53,27,95,0,1,53,2,56,12,4,106,29,151,226,46,272,423
11/07/2014,MWH,WA,ANM,WE,Combined TRACON& Tower with Radar,8,4,3,33,48,0,0,9,13,22,8,4,12,46,70,28,56,84,154
11/08/2014,MWH,WA,ANM,WE,Combined TRACON& Tower with Radar,0,0,1,8,9,0,2,5,2,9,0,2,6,10,18,20,12,32,50
11/09/2014,MWH,WA,ANM,WE,Combined TRACON& Tower with Radar,0,2,1,0,3,0,0,2,0,2,0,2,3,0,5,0,0,0,5
11/10/2014,MWH,WA,ANM,WE,Combined TRACON& Tower with Radar,12,9,34,29,84,0,13,109,8,130,12,22,143,37,214,348,100,448,662
11/11/2014,MWH,WA,ANM,WE,Combined TRACON& Tower with Radar,13,4,6,8,31,0,2,2,0,4,13,6,8,8,35,0,0,0,35
11/12/2014,MWH,WA,ANM,WE,Combined TRACON& Tower with Radar,9,4,29,20,62,0,0,65,7,72,9,4,94,27,134,199,22,221,355
11/13/2014,MWH,WA,ANM,WE,Combined TRACON& Tower with Radar,12,5,40,8,65,0,0,79,0,79,12,5,119,8,144,162,20,182,326
11/14/2014,MWH,WA,ANM,WE,Combined TRACON& Tower with Radar,28,5,18,28,79,4,1,6,4,15,32,6,24,32,94,2,38,40,134
11/15/2014,MWH,WA,ANM,WE,Combined TRACON& Tower with Radar,12,0,16,4,32,0,4,3,0,7,12,4,19,4,39,2,0,2,41
11/16/2014,MWH,WA,ANM,WE,Combined TRACON& Tower with Radar,4,2,2,0,8,0,1,7,0,8,4,3,9,0,16,2,0,2,18
11/17/2014,MWH,WA,ANM,WE,Combined TRACON& Tower with Radar,19,3,60,32,114,0,1,93,6,100,19,4,153,38,214,354,22,376,590
11/18/2014,MWH,WA,ANM,WE,Combined TRACON& Tower with Radar,28,2,34,3,67,0,3,42,2,47,28,5,76,5,114,182,0,182,296
11/19/2014,MWH,WA,ANM,WE,Combined TRACON& Tower with Radar,28,4,28,11,71,0,0,24,2,26,28,4,52,13,97,90,2,92,189
11/20/2014,MWH,WA,ANM,WE,Combined TRACON& Tower with Radar,27,4,12,20,63,8,0,32,0,40,35,4,44,20,103,192,2,194,297
11/21/2014,MWH,WA,ANM,WE,Combined TRACON& Tower with Radar,24,2,0,17,43,0,0,0,0,0,24,2,0,17,43,0,0,0,43
11/22/2014,MWH,WA,ANM,WE,Combined TRACON& Tower with Radar,19,0,4,6,29,4,0,8,0,12,23,0,12,6,41,10,24,34,75
11/23/2014,MWH,WA,ANM,WE,Combined TRACON& Tower with Radar,15,0,0,0,15,2,0,3,0,5,17,0,3,0,20,8,0,8,28
11/24/2014,MWH,WA,ANM,WE,Combined TRACON& Tower with Radar,26,4,52,35,117,4,0,91,9,104,30,4,143,44,221,292,48,340,561
11/25/2014,MWH,WA,ANM,WE,Combined TRACON& Tower with Radar,12,2,26,29,69,0,0,46,1,47,12,2,72,30,116,340,32,372,488
11/26/2014,MWH,WA,ANM,WE,Combined TRACON& Tower with Radar,2,3,2,5,12,0,0,0,0,0,2,3,2,5,12,0,0,0,12
11/27/2014,MWH,WA,ANM,WE,Combined TRACON& Tower with Radar,0,0,0,0,0,0,0,0,0,0,0,0,0,0,0,0,0,0,0
11/28/2014,MWH,WA,ANM,WE,Combined TRACON& Tower with Radar,0,1,2,0,3,0,2,0,0,2,0,3,2,0,5,0,0,0,5
11/29/2014,MWH,WA,ANM,WE,Combined TRACON& Tower with Radar,0,0,0,0,0,0,0,5,0,5,0,0,5,0,5,0,0,0,5
11/30/2014,MWH,WA,ANM,WE,Combined TRACON& Tower with Radar,0,0,5,0,5,0,0,4,0,4,0,0,9,0,9,0,0,0,9
12/01/2014,MWH,WA,ANM,WE,Combined TRACON& Tower with Radar,12,4,60,27,103,0,0,78,10,88,12,4,138,37,191,210,46,256,447
12/02/2014,MWH,WA,ANM,WE,Combined TRACON& Tower with Radar,12,3,32,11,58,0,0,59,11,70,12,3,91,22,128,190,42,232,360
12/03/2014,MWH,WA,ANM,WE,Combined TRACON& Tower with Radar,26,2,47,18,93,17,6,75,3,101,43,8,122,21,194,233,40,273,467
12/04/2014,MWH,WA,ANM,WE,Combined TRACON& Tower with Radar,25,4,7,18,54,0,0,56,0,56,25,4,63,18,110,279,0,279,389
12/05/2014,MWH,WA,ANM,WE,Combined TRACON& Tower with Radar,9,3,7,5,24,0,0,0,0,0,9,3,7,5,24,0,0,0,24
12/06/2014,MWH,WA,ANM,WE,Combined TRACON& Tower with Radar,5,0,0,1,6,2,0,0,0,2,7,0,0,1,8,0,0,0,8
12/07/2014,MWH,WA,ANM,WE,Combined TRACON& Tower with Radar,8,4,2,1,15,0,0,0,0,0,8,4,2,1,15,0,0,0,15
12/08/2014,MWH,WA,ANM,WE,Combined TRACON& Tower with Radar,17,3,26,15,61,0,0,8,0,8,17,3,34,15,69,88,0,88,157
12/09/2014,MWH,WA,ANM,WE,Combined TRACON& Tower with Radar,11,3,21,10,45,0,0,13,0,13,11,3,34,10,58,34,0,34,92
12/10/2014,MWH,WA,ANM,WE,Combined TRACON& Tower with Radar,14,2,9,8,33,0,0,0,0,0,14,2,9,8,33,0,0,0,33
12/11/2014,MWH,WA,ANM,WE,Combined TRACON& Tower with Radar,39,2,7,2,50,35,3,4,8,50,74,5,11,10,100,3,0,3,103
12/12/2014,MWH,WA,ANM,WE,Combined TRACON& Tower with Radar,30,2,10,72,114,11,0,4,7,22,41,2,14,79,136,0,90,90,226
12/13/2014,MWH,WA,ANM,WE,Combined TRACON& Tower with Radar,7,2,10,3,22,7,0,22,2,31,14,2,32,5,53,4,10,14,67
12/14/2014,MWH,WA,ANM,WE,Combined TRACON& Tower with Radar,11,0,4,0,15,0,0,0,0,0,11,0,4,0,15,0,0,0,15
12/15/2014,MWH,WA,ANM,WE,Combined TRACON& Tower with Radar,28,4,18,22,72,7,0,8,8,23,35,4,26,30,95,0,42,42,137
12/16/2014,MWH,WA,ANM,WE,Combined TRACON& Tower with Radar,21,4,18,0,43,0,0,0,0,0,21,4,18,0,43,2,0,2,45
12/17/2014,MWH,WA,ANM,WE,Combined TRACON& Tower with Radar,34,5,5,44,88,26,0,2,13,41,60,5,7,57,129,7,32,39,168
12/18/2014,MWH,WA,ANM,WE,Combined TRACON& Tower with Radar,10,6,11,0,27,0,0,0,0,0,10,6,11,0,27,0,0,0,27
12/19/2014,MWH,WA,ANM,WE,Combined TRACON& Tower with Radar,7,6,5,7,25,0,0,0,0,0,7,6,5,7,25,0,0,0,25
12/20/2014,MWH,WA,ANM,WE,Combined TRACON& Tower with Radar,7,1,3,0,11,0,0,0,0,0,7,1,3,0,11,0,0,0,11
12/21/2014,MWH,WA,ANM,WE,Combined TRACON& Tower with Radar,4,0,1,0,5,0,0,5,0,5,4,0,6,0,10,18,0,18,28
12/22/2014,MWH,WA,ANM,WE,Combined TRACON& Tower with Radar,2,2,6,26,36,0,0,13,12,25,2,2,19,38,61,0,48,48,109
12/23/2014,MWH,WA,ANM,WE,Combined TRACON& Tower with Radar,10,4,0,14,28,0,6,6,32,44,10,10,6,46,72,6,40,46,118
12/24/2014,MWH,WA,ANM,WE,Combined TRACON& Tower with Radar,0,7,0,2,9,0,4,7,2,13,0,11,7,4,22,2,0,2,24
12/25/2014,MWH,WA,ANM,WE,Combined TRACON& Tower with Radar,0,1,0,0,1,0,0,2,0,2,0,1,2,0,3,6,0,6,9
12/26/2014,MWH,WA,ANM,WE,Combined TRACON& Tower with Radar,0,5,0,0,5,0,1,12,2,15,0,6,12,2,20,8,2,10,30
12/27/2014,MWH,WA,ANM,WE,Combined TRACON& Tower with Radar,0,0,0,0,0,0,0,0,0,0,0,0,0,0,0,0,0,0,0
12/28/2014,MWH,WA,ANM,WE,Combined TRACON& Tower with Radar,0,0,0,0,0,0,0,0,0,0,0,0,0,0,0,2,0,2,2
12/29/2014,MWH,WA,ANM,WE,Combined TRACON& Tower with Radar,1,2,0,12,15,0,2,0,7,9,1,4,0,19,24,0,26,26,50
12/30/2014,MWH,WA,ANM,WE,Combined TRACON& Tower with Radar,0,2,7,18,27,0,0,1,2,3,0,2,8,20,30,0,28,28,58
12/31/2014,MWH,WA,ANM,WE,Combined TRACON& Tower with Radar,0,4,3,7,14,0,1,8,8,17,0,5,11,15,31,0,25,25,56
01/01/2015,MWH,WA,ANM,WE,Combined TRACON& Tower with Radar,0,0,0,0,0,0,0,2,1,3,0,0,2,1,3,0,0,0,3
01/02/2015,MWH,WA,ANM,WE,Combined TRACON& Tower with Radar,2,3,1,0,6,0,0,5,0,5,2,3,6,0,11,0,0,0,11
01/03/2015,MWH,WA,ANM,WE,Combined TRACON& Tower with Radar,0,0,8,0,8,0,0,5,0,5,0,0,13,0,13,7,0,7,20
01/04/2015,MWH,WA,ANM,WE,Combined TRACON& Tower with Radar,0,1,4,0,5,0,0,0,0,0,0,1,4,0,5,0,0,0,5
01/05/2015,MWH,WA,ANM,WE,Combined TRACON& Tower with Radar,0,7,2,22,31,0,8,4,6,18,0,15,6,28,49,0,18,18,67
01/06/2015,MWH,WA,ANM,WE,Combined TRACON& Tower with Radar,22,6,27,22,77,2,3,72,13,90,24,9,99,35,167,114,97,211,378
01/07/2015,MWH,WA,ANM,WE,Combined TRACON& Tower with Radar,8,5,8,48,69,4,2,71,12,89,12,7,79,60,158,166,62,228,386
01/08/2015,MWH,WA,ANM,WE,Combined TRACON& Tower with Radar,17,11,5,18,51,0,0,3,0,3,17,11,8,18,54,0,0,0,54
01/09/2015,MWH,WA,ANM,WE,Combined TRACON& Tower with Radar,2,10,2,20,34,1,0,23,3,27,3,10,25,23,61,20,4,24,85
01/10/2015,MWH,WA,ANM,WE,Combined TRACON& Tower with Radar,4,0,1,2,7,0,0,0,0,0,4,0,1,2,7,0,0,0,7
01/11/2015,MWH,WA,ANM,WE,Combined TRACON& Tower with Radar,9,0,1,0,10,0,0,13,0,13,9,0,14,0,23,0,0,0,23
01/12/2015,MWH,WA,ANM,WE,Combined TRACON& Tower with Radar,27,4,30,23,84,0,3,91,27,121,27,7,121,50,205,156,68,224,429
01/13/2015,MWH,WA,ANM,WE,Combined TRACON& Tower with Radar,5,4,5,14,28,0,0,15,2,17,5,4,20,16,45,96,0,96,141
01/14/2015,MWH,WA,ANM,WE,Combined TRACON& Tower with Radar,9,4,17,18,48,0,0,58,4,62,9,4,75,22,110,242,18,260,370
01/15/2015,MWH,WA,ANM,WE,Combined TRACON& Tower with Radar,15,8,5,25,53,0,0,23,0,23,15,8,28,25,76,76,0,76,152
01/16/2015,MWH,WA,ANM,WE,Combined TRACON& Tower with Radar,0,1,0,0,1,0,0,2,0,2,0,1,2,0,3,0,0,0,3
01/17/2015,MWH,WA,ANM,WE,Combined TRACON& Tower with Radar,6,3,0,0,9,0,0,1,0,1,6,3,1,0,10,0,0,0,10
01/18/2015,MWH,WA,ANM,WE,Combined TRACON& Tower with Radar,0,0,0,0,0,0,0,6,0,6,0,0,6,0,6,0,0,0,6
01/19/2015,MWH,WA,ANM,WE,Combined TRACON& Tower with Radar,25,2,2,1,30,0,1,10,0,11,25,3,12,1,41,36,0,36,77
01/20/2015,MWH,WA,ANM,WE,Combined TRACON& Tower with Radar,19,10,27,26,82,3,8,75,2,88,22,18,102,28,170,160,34,194,364
01/21/2015,MWH,WA,ANM,WE,Combined TRACON& Tower with Radar,24,8,13,26,71,0,0,0,0,0,24,8,13,26,71,0,0,0,71
01/22/2015,MWH,WA,ANM,WE,Combined TRACON& Tower with Radar,17,11,5,18,51,0,0,2,0,2,17,11,7,18,53,1,0,1,54
01/23/2015,MWH,WA,ANM,WE,Combined TRACON& Tower with Radar,2,10,2,20,34,0,0,14,0,14,2,10,16,20,48,0,0,0,48
01/24/2015,MWH,WA,ANM,WE,Combined TRACON& Tower with Radar,4,0,1,2,7,0,0,0,0,0,4,0,1,2,7,0,0,0,7
01/25/2015,MWH,WA,ANM,WE,Combined TRACON& Tower with Radar,9,0,1,0,10,0,0,10,0,10,9,0,11,0,20,0,0,0,20
01/26/2015,MWH,WA,ANM,WE,Combined TRACON& Tower with Radar,27,4,30,23,84,0,2,67,8,77,27,6,97,31,161,140,57,197,358
01/27/2015,MWH,WA,ANM,WE,Combined TRACON& Tower with Radar,5,4,5,14,28,0,0,2,0,2,5,4,7,14,30,0,0,0,30
01/28/2015,MWH,WA,ANM,WE,Combined TRACON& Tower with Radar,9,4,17,18,48,0,0,13,1,14,9,4,30,19,62,0,0,0,62
01/29/2015,MWH,WA,ANM,WE,Combined TRACON& Tower with Radar,15,8,5,25,53,0,0,50,6,56,15,8,55,31,109,386,6,392,501
01/30/2015,MWH,WA,ANM,WE,Combined TRACON& Tower with Radar,10,11,8,43,72,0,0,5,0,5,10,11,13,43,77,32,0,32,109
01/31/2015,MWH,WA,ANM,WE,Combined TRACON& Tower with Radar,2,0,2,0,4,3,0,3,0,6,5,0,5,0,10,0,0,0,10
02/01/2015,MWH,WA,ANM,WE,Combined TRACON& Tower with Radar,0,0,0,0,0,0,0,0,0,0,0,0,0,0,0,0,0,0,0
02/02/2015,MWH,WA,ANM,WE,Combined TRACON& Tower with Radar,2,6,4,0,12,0,0,0,0,0,2,6,4,0,12,0,0,0,12
02/03/2015,MWH,WA,ANM,WE,Combined TRACON& Tower with Radar,16,5,38,69,128,0,0,76,5,81,16,5,114,74,209,212,5,217,426
02/04/2015,MWH,WA,ANM,WE,Combined TRACON& Tower with Radar,8,4,5,2,19,0,0,8,0,8,8,4,13,2,27,6,0,6,33
02/05/2015,MWH,WA,ANM,WE,Combined TRACON& Tower with Radar,11,4,6,15,36,0,0,3,4,7,11,4,9,19,43,0,6,6,49
02/06/2015,MWH,WA,ANM,WE,Combined TRACON& Tower with Radar,17,4,8,12,41,0,0,7,9,16,17,4,15,21,57,0,36,36,93
02/07/2015,MWH,WA,ANM,WE,Combined TRACON& Tower with Radar,14,0,4,8,26,3,0,3,0,6,17,0,7,8,32,20,2,22,54
02/08/2015,MWH,WA,ANM,WE,Combined TRACON& Tower with Radar,4,0,4,11,19,3,0,9,0,12,7,0,13,11,31,2,30,32,63
02/09/2015,MWH,WA,ANM,WE,Combined TRACON& Tower with Radar,2,5,23,29,59,4,1,110,22,137,6,6,133,51,196,264,48,312,508
02/10/2015,MWH,WA,ANM,WE,Combined TRACON& Tower with Radar,25,7,26,15,73,12,0,76,8,96,37,7,102,23,169,226,34,260,429
02/11/2015,MWH,WA,ANM,WE,Combined TRACON& Tower with Radar,26,5,15,15,61,2,0,112,5,119,28,5,127,20,180,126,14,140,320
02/12/2015,MWH,WA,ANM,WE,Combined TRACON& Tower with Radar,26,6,24,36,92,3,2,119,10,134,29,8,143,46,226,250,48,298,524
02/13/2015,MWH,WA,ANM,WE,Combined TRACON& Tower with Radar,18,4,7,30,59,10,0,22,12,44,28,4,29,42,103,28,90,118,221
02/14/2015,MWH,WA,ANM,WE,Combined TRACON& Tower with Radar,16,0,1,0,17,6,0,3,0,9,22,0,4,0,26,0,0,0,26
02/15/2015,MWH,WA,ANM,WE,Combined TRACON& Tower with Radar,8,1,3,0,12,10,3,6,0,19,18,4,9,0,31,2,0,2,33
02/16/2015,MWH,WA,ANM,WE,Combined TRACON& Tower with Radar,8,3,12,0,23,0,4,8,0,12,8,7,20,0,35,0,0,0,35
02/17/2015,MWH,WA,ANM,WE,Combined TRACON& Tower with Radar,7,4,23,30,64,5,7,116,6,134,12,11,139,36,198,180,48,228,426
02/18/2015,MWH,WA,ANM,WE,Combined TRACON& Tower with Radar,20,3,29,12,64,0,1,122,6,129,20,4,151,18,193,190,4,194,387
02/19/2015,MWH,WA,ANM,WE,Combined TRACON& Tower with Radar,24,4,8,27,63,0,2,90,3,95,24,6,98,30,158,322,16,338,496
02/20/2015,MWH,WA,ANM,WE,Combined TRACON& Tower with Radar,6,5,3,20,34,0,1,24,7,32,6,6,27,27,66,21,58,79,145
02/21/2015,MWH,WA,ANM,WE,Combined TRACON& Tower with Radar,7,2,4,9,22,5,0,5,1,11,12,2,9,10,33,4,4,8,41
02/22/2015,MWH,WA,ANM,WE,Combined TRACON& Tower with Radar,8,0,2,0,10,4,0,10,0,14,12,0,12,0,24,6,0,6,30
02/23/2015,MWH,WA,ANM,WE,Combined TRACON& Tower with Radar,30,2,20,16,68,10,4,100,13,127,40,6,120,29,195,224,28,252,447
02/24/2015,MWH,WA,ANM,WE,Combined TRACON& Tower with Radar,15,4,27,16,62,0,1,103,6,110,15,5,130,22,172,144,60,204,376
02/25/2015,MWH,WA,ANM,WE,Combined TRACON& Tower with Radar,8,12,22,5,47,0,2,83,4,89,8,14,105,9,136,146,14,160,296
02/26/2015,MWH,WA,ANM,WE,Combined TRACON& Tower with Radar,18,8,20,19,65,0,1,95,22,118,18,9,115,41,183,172,38,210,393
02/27/2015,MWH,WA,ANM,WE,Combined TRACON& Tower with Radar,30,4,6,17,57,0,0,10,4,14,30,4,16,21,71,12,36,48,119
02/28/2015,MWH,WA,ANM,WE,Combined TRACON& Tower with Radar,0,0,12,0,12,0,0,10,0,10,0,0,22,0,22,8,0,8,30
03/01/2015,MWH,WA,ANM,WE,Combined TRACON& Tower with Radar,0,0,1,0,1,0,0,5,0,5,0,0,6,0,6,0,0,0,6
03/02/2015,MWH,WA,ANM,WE,Combined TRACON& Tower with Radar,13,3,16,18,50,0,1,60,5,66,13,4,76,23,116,192,24,216,332
03/03/2015,MWH,WA,ANM,WE,Combined TRACON& Tower with Radar,18,4,17,14,53,0,0,92,7,99,18,4,109,21,152,64,10,74,226
03/04/2015,MWH,WA,ANM,WE,Combined TRACON& Tower with Radar,18,5,6,37,66,4,1,88,10,103,22,6,94,47,169,116,86,202,371
03/05/2015,MWH,WA,ANM,WE,Combined TRACON& Tower with Radar,34,5,12,18,69,15,1,68,8,92,49,6,80,26,161,116,28,144,305
03/06/2015,MWH,WA,ANM,WE,Combined TRACON& Tower with Radar,13,5,4,35,57,1,3,19,6,29,14,8,23,41,86,16,38,54,140
03/07/2015,MWH,WA,ANM,WE,Combined TRACON& Tower with Radar,16,0,0,6,22,0,0,21,3,24,16,0,21,9,46,0,4,4,50
03/08/2015,MWH,WA,ANM,WE,Combined TRACON& Tower with Radar,10,0,2,0,12,1,0,13,0,14,11,0,15,0,26,14,0,14,40
03/09/2015,MWH,WA,ANM,WE,Combined TRACON& Tower with Radar,20,2,24,24,70,0,4,108,10,122,20,6,132,34,192,174,48,222,414
03/10/2015,MWH,WA,ANM,WE,Combined TRACON& Tower with Radar,13,6,26,29,74,11,0,85,3,99,24,6,111,32,173,174,90,264,437
03/11/2015,MWH,WA,ANM,WE,Combined TRACON& Tower with Radar,28,7,18,27,80,2,1,67,8,78,30,8,85,35,158,86,66,152,310
03/12/2015,MWH,WA,ANM,WE,Combined TRACON& Tower with Radar,11,4,25,14,54,0,0,78,9,87,11,4,103,23,141,148,36,184,325
03/13/2015,MWH,WA,ANM,WE,Combined TRACON& Tower with Radar,23,4,35,6,68,0,4,27,3,34,23,8,62,9,102,16,12,28,130
03/14/2015,MWH,WA,ANM,WE,Combined TRACON& Tower with Radar,4,6,0,0,10,0,0,7,0,7,4,6,7,0,17,5,0,5,22
03/15/2015,MWH,WA,ANM,WE,Combined TRACON& Tower with Radar,0,0,0,0,0,0,0,0,0,0,0,0,0,0,0,0,0,0,0
03/16/2015,MWH,WA,ANM,WE,Combined TRACON& Tower with Radar,9,3,19,25,56,0,1,75,8,84,9,4,94,33,140,146,32,178,318
03/17/2015,MWH,WA,ANM,WE,Combined TRACON& Tower with Radar,35,4,9,8,56,3,0,64,3,70,38,4,73,11,126,166,16,182,308
03/18/2015,MWH,WA,ANM,WE,Combined TRACON& Tower with Radar,17,9,27,21,74,0,2,47,4,53,17,11,74,25,127,62,70,132,259
03/19/2015,MWH,WA,ANM,WE,Combined TRACON& Tower with Radar,30,5,17,24,76,2,2,38,3,45,32,7,55,27,121,74,56,130,251
03/20/2015,MWH,WA,ANM,WE,Combined TRACON& Tower with Radar,17,7,6,10,40,0,1,13,4,18,17,8,19,14,58,24,54,78,136
03/21/2015,MWH,WA,ANM,WE,Combined TRACON& Tower with Radar,0,0,2,2,4,0,0,4,1,5,0,0,6,3,9,0,6,6,15
03/22/2015,MWH,WA,ANM,WE,Combined TRACON& Tower with Radar,4,0,0,3,7,0,0,4,0,4,4,0,4,3,11,0,0,0,11
03/23/2015,MWH,WA,ANM,WE,Combined TRACON& Tower with Radar,32,15,4,21,72,6,3,0,6,15,38,18,4,27,87,0,100,100,187
03/24/2015,MWH,WA,ANM,WE,Combined TRACON& Tower with Radar,33,8,3,38,82,2,0,0,7,9,35,8,3,45,91,0,72,72,163
03/25/2015,MWH,WA,ANM,WE,Combined TRACON& Tower with Radar,40,6,22,62,130,0,2,11,6,19,40,8,33,68,149,6,40,46,195
03/26/2015,MWH,WA,ANM,WE,Combined TRACON& Tower with Radar,10,10,13,26,59,2,4,24,19,49,12,14,37,45,108,24,72,96,204
03/27/2015,MWH,WA,ANM,WE,Combined TRACON& Tower with Radar,4,22,7,12,45,0,0,27,4,31,4,22,34,16,76,8,48,56,132
03/28/2015,MWH,WA,ANM,WE,Combined TRACON& Tower with Radar,4,2,2,2,10,0,6,1,0,7,4,8,3,2,17,0,14,14,31
03/29/2015,MWH,WA,ANM,WE,Combined TRACON& Tower with Radar,4,0,1,3,8,0,0,6,0,6,4,0,7,3,14,0,12,12,26
03/30/2015,MWH,WA,ANM,WE,Combined TRACON& Tower with Radar,0,3,14,6,23,0,3,88,4,95,0,6,102,10,118,198,34,232,350
03/31/2015,MWH,WA,ANM,WE,Combined TRACON& Tower with Radar,11,11,8,15,45,1,2,59,2,64,12,13,67,17,109,455,14,469,578
04/01/2015,MWH,WA,ANM,WE,Combined TRACON& Tower with Radar,19,4,44,15,82,3,0,63,6,72,22,4,107,21,154,282,12,294,448
04/02/2015,MWH,WA,ANM,WE,Combined TRACON& Tower with Radar,26,10,37,11,84,0,4,115,1,120,26,14,152,12,204,266,4,270,474
04/03/2015,MWH,WA,ANM,WE,Combined TRACON& Tower with Radar,23,16,1,9,49,1,1,7,6,15,24,17,8,15,64,6,60,66,130
04/04/2015,MWH,WA,ANM,WE,Combined TRACON& Tower with Radar,0,0,5,0,5,0,0,7,0,7,0,0,12,0,12,0,0,0,12
04/05/2015,MWH,WA,ANM,WE,Combined TRACON& Tower with Radar,0,5,4,1,10,0,0,7,0,7,0,5,11,1,17,15,0,15,32
04/06/2015,MWH,WA,ANM,WE,Combined TRACON& Tower with Radar,4,8,36,32,80,0,1,19,0,20,4,9,55,32,100,43,20,63,163
04/07/2015,MWH,WA,ANM,WE,Combined TRACON& Tower with Radar,10,4,24,50,88,1,1,67,12,81,11,5,91,62,169,124,93,217,386
04/08/2015,MWH,WA,ANM,WE,Combined TRACON& Tower with Radar,20,5,48,37,110,2,1,79,14,96,22,6,127,51,206,86,68,154,360
04/09/2015,MWH,WA,ANM,WE,Combined TRACON& Tower with Radar,16,6,13,21,56,2,0,84,6,92,18,6,97,27,148,134,27,161,309
04/10/2015,MWH,WA,ANM,WE,Combined TRACON& Tower with Radar,30,6,16,3,55,4,0,5,5,14,34,6,21,8,69,15,12,27,96
04/11/2015,MWH,WA,ANM,WE,Combined TRACON& Tower with Radar,4,1,3,0,8,0,0,9,0,9,4,1,12,0,17,0,0,0,17
04/12/2015,MWH,WA,ANM,WE,Combined TRACON& Tower with Radar,4,0,0,0,4,0,2,5,0,7,4,2,5,0,11,0,0,0,11
04/13/2015,MWH,WA,ANM,WE,Combined TRACON& Tower with Radar,12,3,22,9,46,0,3,80,6,89,12,6,102,15,135,194,2,196,331
04/14/2015,MWH,WA,ANM,WE,Combined TRACON& Tower with Radar,14,4,14,22,54,0,0,26,1,27,14,4,40,23,81,38,20,58,139
04/15/2015,MWH,WA,ANM,WE,Combined TRACON& Tower with Radar,6,11,24,17,58,0,3,85,17,105,6,14,109,34,163,118,56,174,337
04/16/2015,MWH,WA,ANM,WE,Combined TRACON& Tower with Radar,22,4,31,15,72,0,4,79,11,94,22,8,110,26,166,170,32,202,368
04/17/2015,MWH,WA,ANM,WE,Combined TRACON& Tower with Radar,10,4,8,21,43,0,4,22,5,31,10,8,30,26,74,42,54,96,170
04/18/2015,MWH,WA,ANM,WE,Combined TRACON& Tower with Radar,20,0,3,0,23,0,0,18,0,18,20,0,21,0,41,12,0,12,53
04/19/2015,MWH,WA,ANM,WE,Combined TRACON& Tower with Radar,0,0,3,10,13,0,2,29,0,31,0,2,32,10,44,0,8,8,52
04/20/2015,MWH,WA,ANM,WE,Combined TRACON& Tower with Radar,20,2,50,23,95,0,3,104,7,114,20,5,154,30,209,190,42,232,441
04/21/2015,MWH,WA,ANM,WE,Combined TRACON& Tower with Radar,29,6,39,16,90,0,4,92,3,99,29,10,131,19,189,122,10,132,321
04/22/2015,MWH,WA,ANM,WE,Combined TRACON& Tower with Radar,17,6,27,19,69,0,2,74,9,85,17,8,101,28,154,314,58,372,526
04/23/2015,MWH,WA,ANM,WE,Combined TRACON& Tower with Radar,36,5,29,33,103,0,4,69,9,82,36,9,98,42,185,148,42,190,375
04/24/2015,MWH,WA,ANM,WE,Combined TRACON& Tower with Radar,13,4,9,17,43,1,0,9,8,18,14,4,18,25,61,0,104,104,165
04/25/2015,MWH,WA,ANM,WE,Combined TRACON& Tower with Radar,4,0,20,0,24,0,0,9,0,9,4,0,29,0,33,6,0,6,39
04/26/2015,MWH,WA,ANM,WE,Combined TRACON& Tower with Radar,5,0,2,0,7,0,2,6,0,8,5,2,8,0,15,0,0,0,15
04/27/2015,MWH,WA,ANM,WE,Combined TRACON& Tower with Radar,10,3,23,17,53,7,4,105,2,118,17,7,128,19,171,160,66,226,397
04/28/2015,MWH,WA,ANM,WE,Combined TRACON& Tower with Radar,4,4,26,32,66,0,4,90,0,94,4,8,116,32,160,166,116,282,442
04/29/2015,MWH,WA,ANM,WE,Combined TRACON& Tower with Radar,17,12,9,18,56,0,0,68,12,80,17,12,77,30,136,172,75,247,383
04/30/2015,MWH,WA,ANM,WE,Combined TRACON& Tower with Radar,11,5,16,21,53,0,2,86,6,94,11,7,102,27,147,164,42,206,353
05/01/2015,MWH,WA,ANM,WE,Combined TRACON& Tower with Radar,12,6,9,19,46,0,2,14,8,24,12,8,23,27,70,3,60,63,133
05/02/2015,MWH,WA,ANM,WE,Combined TRACON& Tower with Radar,0,1,9,2,12,0,0,15,4,19,0,1,24,6,31,10,44,54,85
05/03/2015,MWH,WA,ANM,WE,Combined TRACON& Tower with Radar,4,0,0,0,4,0,2,2,0,4,4,2,2,0,8,2,0,2,10
05/04/2015,MWH,WA,ANM,WE,Combined TRACON& Tower with Radar,8,5,16,39,68,0,3,58,6,67,8,8,74,45,135,124,90,214,349
05/05/2015,MWH,WA,ANM,WE,Combined TRACON& Tower with Radar,2,4,20,15,41,0,4,65,6,75,2,8,85,21,116,76,32,108,224
05/06/2015,MWH,WA,ANM,WE,Combined TRACON& Tower with Radar,15,6,12,36,69,3,0,58,6,67,18,6,70,42,136,91,30,121,257
05/07/2015,MWH,WA,ANM,WE,Combined TRACON& Tower with Radar,15,4,22,22,63,3,4,58,21,86,18,8,80,43,149,110,34,144,293
05/08/2015,MWH,WA,ANM,WE,Combined TRACON& Tower with Radar,10,6,10,13,39,2,2,24,2,30,12,8,34,15,69,12,52,64,133
05/09/2015,MWH,WA,ANM,WE,Combined TRACON& Tower with Radar,3,0,0,8,11,0,5,5,6,16,3,5,5,14,27,4,4,8,35
05/10/2015,MWH,WA,ANM,WE,Combined TRACON& Tower with Radar,2,1,3,6,12,0,1,10,1,12,2,2,13,7,24,0,16,16,40
05/11/2015,MWH,WA,ANM,WE,Combined TRACON& Tower with Radar,13,8,22,25,68,0,3,52,8,63,13,11,74,33,131,172,38,210,341
05/12/2015,MWH,WA,ANM,WE,Combined TRACON& Tower with Radar,20,5,37,34,96,0,0,25,2,27,20,5,62,36,123,76,32,108,231
05/13/2015,MWH,WA,ANM,WE,Combined TRACON& Tower with Radar,12,5,32,3,52,0,0,12,0,12,12,5,44,3,64,68,2,70,134
05/14/2015,MWH,WA,ANM,WE,Combined TRACON& Tower with Radar,32,4,26,30,92,1,4,69,6,80,33,8,95,36,172,248,76,324,496
05/15/2015,MWH,WA,ANM,WE,Combined TRACON& Tower with Radar,16,4,7,25,52,0,3,9,6,18,16,7,16,31,70,28,40,68,138
05/16/2015,MWH,WA,ANM,WE,Combined TRACON& Tower with Radar,12,0,7,6,25,4,0,12,0,16,16,0,19,6,41,0,12,12,53
05/17/2015,MWH,WA,ANM,WE,Combined TRACON& Tower with Radar,4,4,10,1,19,0,0,6,1,7,4,4,16,2,26,16,0,16,42
05/18/2015,MWH,WA,ANM,WE,Combined TRACON& Tower with Radar,7,2,23,16,48,0,6,60,14,80,7,8,83,30,128,164,44,208,336
05/19/2015,MWH,WA,ANM,WE,Combined TRACON& Tower with Radar,14,10,30,11,65,4,2,75,16,97,18,12,105,27,162,134,100,234,396
05/20/2015,MWH,WA,ANM,WE,Combined TRACON& Tower with Radar,28,9,43,48,128,0,5,64,2,71,28,14,107,50,199,272,48,320,519
05/21/2015,MWH,WA,ANM,WE,Combined TRACON& Tower with Radar,20,6,25,13,64,35,6,62,4,107,55,12,87,17,171,200,24,224,395
05/22/2015,MWH,WA,ANM,WE,Combined TRACON& Tower with Radar,14,7,12,4,37,36,0,8,0,44,50,7,20,4,81,28,0,28,109
05/23/2015,MWH,WA,ANM,WE,Combined TRACON& Tower with Radar,8,1,4,8,21,0,0,14,1,15,8,1,18,9,36,0,4,4,40
05/24/2015,MWH,WA,ANM,WE,Combined TRACON& Tower with Radar,0,2,3,2,7,0,0,2,0,2,0,2,5,2,9,0,10,10,19
05/25/2015,MWH,WA,ANM,WE,Combined TRACON& Tower with Radar,0,7,3,0,10,0,0,5,0,5,0,7,8,0,15,0,0,0,15
05/26/2015,MWH,WA,ANM,WE,Combined TRACON& Tower with Radar,14,4,16,29,63,0,2,46,3,51,14,6,62,32,114,136,56,192,306
05/27/2015,MWH,WA,ANM,WE,Combined TRACON& Tower with Radar,12,22,21,32,87,4,0,86,10,100,16,22,107,42,187,174,34,208,395
05/28/2015,MWH,WA,ANM,WE,Combined TRACON& Tower with Radar,11,13,29,23,76,19,2,71,5,97,30,15,100,28,173,163,34,197,370
05/29/2015,MWH,WA,ANM,WE,Combined TRACON& Tower with Radar,7,7,5,17,36,2,1,9,6,18,9,8,14,23,54,10,32,42,96
05/30/2015,MWH,WA,ANM,WE,Combined TRACON& Tower with Radar,1,0,3,1,5,1,0,13,1,15,2,0,16,2,20,0,12,12,32
05/31/2015,MWH,WA,ANM,WE,Combined TRACON& Tower with Radar,0,0,4,0,4,0,0,8,0,8,0,0,12,0,12,3,0,3,15
06/01/2015,MWH,WA,ANM,WE,Combined TRACON& Tower with Radar,4,2,28,41,75,0,2,58,4,64,4,4,86,45,139,308,45,353,492
06/02/2015,MWH,WA,ANM,WE,Combined TRACON& Tower with Radar,1,6,32,28,67,2,0,42,3,47,3,6,74,31,114,173,6,179,293
06/03/2015,MWH,WA,ANM,WE,Combined TRACON& Tower with Radar,6,4,25,34,69,2,2,91,10,105,8,6,116,44,174,206,60,266,440
06/04/2015,MWH,WA,ANM,WE,Combined TRACON& Tower with Radar,20,8,33,43,104,4,1,62,5,72,24,9,95,48,176,138,56,194,370
06/05/2015,MWH,WA,ANM,WE,Combined TRACON& Tower with Radar,15,4,10,9,38,0,0,15,12,27,15,4,25,21,65,22,32,54,119
06/06/2015,MWH,WA,ANM,WE,Combined TRACON& Tower with Radar,8,0,0,0,8,0,2,14,0,16,8,2,14,0,24,22,0,22,46
06/07/2015,MWH,WA,ANM,WE,Combined TRACON& Tower with Radar,14,1,1,2,18,8,0,8,4,20,22,1,9,6,38,10,4,14,52
06/08/2015,MWH,WA,ANM,WE,Combined TRACON& Tower with Radar,25,4,19,82,130,0,2,49,17,68,25,6,68,99,198,121,162,283,481
06/09/2015,MWH,WA,ANM,WE,Combined TRACON& Tower with Radar,18,5,32,35,90,0,0,51,18,69,18,5,83,53,159,197,112,309,468
06/10/2015,MWH,WA,ANM,WE,Combined TRACON& Tower with Radar,41,7,27,24,99,13,12,73,5,103,54,19,100,29,202,56,48,104,306
06/11/2015,MWH,WA,ANM,WE,Combined TRACON& Tower with Radar,31,4,24,20,79,4,0,47,4,55,35,4,71,24,134,125,52,177,311
06/12/2015,MWH,WA,ANM,WE,Combined TRACON& Tower with Radar,21,6,1,11,39,0,0,15,3,18,21,6,16,14,57,2,22,24,81
06/13/2015,MWH,WA,ANM,WE,Combined TRACON& Tower with Radar,10,1,10,0,21,0,0,32,0,32,10,1,42,0,53,40,0,40,93
06/14/2015,MWH,WA,ANM,WE,Combined TRACON& Tower with Radar,0,1,7,4,12,0,0,16,0,16,0,1,23,4,28,104,11,115,143
06/15/2015,MWH,WA,ANM,WE,Combined TRACON& Tower with Radar,12,3,6,16,37,9,7,7,25,48,21,10,13,41,85,22,72,94,179
06/16/2015,MWH,WA,ANM,WE,Combined TRACON& Tower with Radar,6,5,0,26,37,4,2,21,8,35,10,7,21,34,72,42,24,66,138
06/17/2015,MWH,WA,ANM,WE,Combined TRACON& Tower with Radar,2,4,0,36,42,0,2,27,10,39,2,6,27,46,81,28,92,120,201
06/18/2015,MWH,WA,ANM,WE,Combined TRACON& Tower with Radar,4,6,14,20,44,0,2,16,18,36,4,8,30,38,80,48,58,106,186
06/19/2015,MWH,WA,ANM,WE,Combined TRACON& Tower with Radar,24,15,6,5,50,2,1,8,3,14,26,16,14,8,64,6,18,24,88
06/20/2015,MWH,WA,ANM,WE,Combined TRACON& Tower with Radar,8,0,7,0,15,0,2,9,0,11,8,2,16,0,26,35,0,35,61
06/21/2015,MWH,WA,ANM,WE,Combined TRACON& Tower with Radar,9,0,1,0,10,0,0,9,2,11,9,0,10,2,21,20,0,20,41
06/22/2015,MWH,WA,ANM,WE,Combined TRACON& Tower with Radar,21,12,6,32,71,5,3,12,17,37,26,15,18,49,108,13,168,181,289
06/23/2015,MWH,WA,ANM,WE,Combined TRACON& Tower with Radar,30,5,5,30,70,4,4,8,9,25,34,9,13,39,95,19,59,78,173
06/24/2015,MWH,WA,ANM,WE,Combined TRACON& Tower with Radar,21,4,6,22,53,1,0,8,1,10,22,4,14,23,63,8,14,22,85
06/25/2015,MWH,WA,ANM,WE,Combined TRACON& Tower with Radar,16,5,4,24,49,0,2,22,8,32,16,7,26,32,81,9,26,35,116
06/26/2015,MWH,WA,ANM,WE,Combined TRACON& Tower with Radar,6,11,4,18,39,0,3,21,7,31,6,14,25,25,70,68,70,138,208
06/27/2015,MWH,WA,ANM,WE,Combined TRACON& Tower with Radar,4,3,1,3,11,0,3,20,1,24,4,6,21,4,35,21,8,29,64
06/28/2015,MWH,WA,ANM,WE,Combined TRACON& Tower with Radar,22,1,6,0,29,3,3,13,2,21,25,4,19,2,50,6,0,6,56
06/29/2015,MWH,WA,ANM,WE,Combined TRACON& Tower with Radar,17,9,2,31,59,8,15,26,13,62,25,24,28,44,121,2,116,118,239
06/30/2015,MWH,WA,ANM,WE,Combined TRACON& Tower with Radar,0,7,20,25,52,0,4,10,5,19,0,11,30,30,71,7,8,15,86
07/01/2015,MWH,WA,ANM,WE,Combined TRACON& Tower with Radar,11,8,22,14,55,0,11,69,5,85,11,19,91,19,140,176,48,224,364
07/02/2015,MWH,WA,ANM,WE,Combined TRACON& Tower with Radar,10,6,32,0,48,1,3,106,7,117,11,9,138,7,165,200,4,204,369
07/03/2015,MWH,WA,ANM,WE,Combined TRACON& Tower with Radar,13,4,4,0,21,1,6,57,12,76,14,10,61,12,97,14,0,14,111
07/04/2015,MWH,WA,ANM,WE,Combined TRACON& Tower with Radar,0,1,1,0,2,10,2,26,5,43,10,3,27,5,45,0,0,0,45
07/05/2015,MWH,WA,ANM,WE,Combined TRACON& Tower with Radar,0,0,0,2,2,2,7,21,4,34,2,7,21,6,36,0,0,0,36
07/06/2015,MWH,WA,ANM,WE,Combined TRACON& Tower with Radar,0,8,34,40,82,2,9,78,24,113,2,17,112,64,195,280,76,356,551
07/07/2015,MWH,WA,ANM,WE,Combined TRACON& Tower with Radar,17,6,41,42,106,4,1,91,9,105,21,7,132,51,211,310,88,398,609
07/08/2015,MWH,WA,ANM,WE,Combined TRACON& Tower with Radar,18,11,32,81,142,0,5,129,22,156,18,16,161,103,298,462,114,576,874
07/09/2015,MWH,WA,ANM,WE,Combined TRACON& Tower with Radar,22,6,26,43,97,1,6,112,15,134,23,12,138,58,231,268,68,336,567
07/10/2015,MWH,WA,ANM,WE,Combined TRACON& Tower with Radar,27,16,18,42,103,2,9,78,20,109,29,25,96,62,212,312,24,336,548
07/11/2015,MWH,WA,ANM,WE,Combined TRACON& Tower with Radar,9,0,14,0,23,30,3,40,0,73,39,3,54,0,96,4,0,4,100
07/12/2015,MWH,WA,ANM,WE,Combined TRACON& Tower with Radar,2,0,2,8,12,20,16,72,1,109,22,16,74,9,121,6,6,12,133
07/13/2015,MWH,WA,ANM,WE,Combined TRACON& Tower with Radar,4,15,26,21,66,0,3,85,10,98,4,18,111,31,164,182,30,212,376
07/14/2015,MWH,WA,ANM,WE,Combined TRACON& Tower with Radar,10,6,21,31,68,0,0,130,10,140,10,6,151,41,208,192,74,266,474
07/15/2015,MWH,WA,ANM,WE,Combined TRACON& Tower with Radar,12,6,28,17,63,0,4,85,11,100,12,10,113,28,163,230,30,260,423
07/16/2015,MWH,WA,ANM,WE,Combined TRACON& Tower with Radar,7,8,19,29,63,0,0,85,27,112,7,8,104,56,175,106,58,164,339
07/17/2015,MWH,WA,ANM,WE,Combined TRACON& Tower with Radar,29,8,20,25,82,3,0,66,4,73,32,8,86,29,155,132,120,252,407
07/18/2015,MWH,WA,ANM,WE,Combined TRACON& Tower with Radar,6,0,0,0,6,0,4,10,0,14,6,4,10,0,20,0,0,0,20
07/19/2015,MWH,WA,ANM,WE,Combined TRACON& Tower with Radar,10,0,1,6,17,3,0,11,3,17,13,0,12,9,34,8,6,14,48
07/20/2015,MWH,WA,ANM,WE,Combined TRACON& Tower with Radar,27,4,19,32,82,9,9,62,18,98,36,13,81,50,180,128,100,228,408
07/21/2015,MWH,WA,ANM,WE,Combined TRACON& Tower with Radar,18,4,11,32,65,7,16,58,12,93,25,20,69,44,158,270,38,308,466
07/22/2015,MWH,WA,ANM,WE,Combined TRACON& Tower with Radar,12,5,23,34,74,10,20,83,12,125,22,25,106,46,199,177,52,229,428
07/23/2015,MWH,WA,ANM,WE,Combined TRACON& Tower with Radar,40,5,20,29,94,3,2,55,11,71,43,7,75,40,165,206,32,238,403
07/24/2015,MWH,WA,ANM,WE,Combined TRACON& Tower with Radar,26,4,29,30,89,0,0,36,1,37,26,4,65,31,126,66,26,92,218
07/25/2015,MWH,WA,ANM,WE,Combined TRACON& Tower with Radar,8,0,13,0,21,1,0,2,0,3,9,0,15,0,24,0,0,0,24
07/26/2015,MWH,WA,ANM,WE,Combined TRACON& Tower with Radar,0,2,4,1,7,0,2,13,0,15,0,4,17,1,22,44,0,44,66
07/27/2015,MWH,WA,ANM,WE,Combined TRACON& Tower with Radar,9,3,25,11,48,0,4,48,3,55,9,7,73,14,103,96,28,124,227
07/28/2015,MWH,WA,ANM,WE,Combined TRACON& Tower with Radar,18,9,26,8,61,0,3,76,1,80,18,12,102,9,141,267,8,275,416
07/29/2015,MWH,WA,ANM,WE,Combined TRACON& Tower with Radar,4,6,36,33,79,0,7,74,14,95,4,13,110,47,174,186,89,275,449
07/30/2015,MWH,WA,ANM,WE,Combined TRACON& Tower with Radar,21,8,22,16,67,2,2,78,4,86,23,10,100,20,153,262,48,310,463
07/31/2015,MWH,WA,ANM,WE,Combined TRACON& Tower with Radar,13,8,30,22,73,0,1,53,6,60,13,9,83,28,133,174,28,202,335
08/01/2015,MWH,WA,ANM,WE,Combined TRACON& Tower with Radar,13,4,3,0,20,1,1,4,0,6,14,5,7,0,26,0,0,0,26
08/02/2015,MWH,WA,ANM,WE,Combined TRACON& Tower with Radar,10,6,8,7,31,0,1,12,4,17,10,7,20,11,48,12,0,12,60
08/03/2015,MWH,WA,ANM,WE,Combined TRACON& Tower with Radar,9,4,33,30,76,0,0,48,3,51,9,4,81,33,127,148,32,180,307
08/04/2015,MWH,WA,ANM,WE,Combined TRACON& Tower with Radar,0,13,34,17,64,2,0,58,5,65,2,13,92,22,129,212,60,272,401
08/05/2015,MWH,WA,ANM,WE,Combined TRACON& Tower with Radar,35,5,30,10,80,17,6,67,7,97,52,11,97,17,177,126,33,159,336
08/06/2015,MWH,WA,ANM,WE,Combined TRACON& Tower with Radar,13,6,40,22,81,5,10,56,23,94,18,16,96,45,175,206,30,236,411
08/07/2015,MWH,WA,ANM,WE,Combined TRACON& Tower with Radar,37,5,41,18,101,0,1,66,2,69,37,6,107,20,170,186,26,212,382
08/08/2015,MWH,WA,ANM,WE,Combined TRACON& Tower with Radar,1,1,7,1,10,3,4,34,5,46,4,5,41,6,56,16,0,16,72
08/09/2015,MWH,WA,ANM,WE,Combined TRACON& Tower with Radar,9,1,3,0,13,3,8,10,7,28,12,9,13,7,41,0,0,0,41
08/10/2015,MWH,WA,ANM,WE,Combined TRACON& Tower with Radar,8,4,29,27,68,0,16,39,2,57,8,20,68,29,125,114,42,156,281
08/11/2015,MWH,WA,ANM,WE,Combined TRACON& Tower with Radar,22,4,20,28,74,3,6,49,35,93,25,10,69,63,167,174,48,222,389
08/12/2015,MWH,WA,ANM,WE,Combined TRACON& Tower with Radar,22,5,13,33,73,3,9,23,13,48,25,14,36,46,121,190,76,266,387
08/13/2015,MWH,WA,ANM,WE,Combined TRACON& Tower with Radar,8,4,5,7,24,2,3,15,23,43,10,7,20,30,67,24,40,64,131
08/14/2015,MWH,WA,ANM,WE,Combined TRACON& Tower with Radar,5,4,1,1,11,12,5,56,12,85,17,9,57,13,96,32,0,32,128
08/15/2015,MWH,WA,ANM,WE,Combined TRACON& Tower with Radar,26,1,7,0,34,25,11,41,5,82,51,12,48,5,116,8,0,8,124
08/16/2015,MWH,WA,ANM,WE,Combined TRACON& Tower with Radar,8,4,5,1,18,8,9,23,2,42,16,13,28,3,60,14,0,14,74
08/17/2015,MWH,WA,ANM,WE,Combined TRACON& Tower with Radar,24,6,8,21,59,2,24,21,13,60,26,30,29,34,119,8,32,40,159
08/18/2015,MWH,WA,ANM,WE,Combined TRACON& Tower with Radar,18,7,11,11,47,2,48,9,8,67,20,55,20,19,114,6,14,20,134
08/19/2015,MWH,WA,ANM,WE,Combined TRACON& Tower with Radar,30,7,5,7,49,5,75,10,27,117,35,82,15,34,166,42,34,76,242
08/20/2015,MWH,WA,ANM,WE,Combined TRACON& Tower with Radar,16,4,11,16,47,16,35,18,25,94,32,39,29,41,141,16,24,40,181
08/21/2015,MWH,WA,ANM,WE,Combined TRACON& Tower with Radar,27,4,3,19,53,5,25,19,17,66,32,29,22,36,119,22,4,26,145
08/22/2015,MWH,WA,ANM,WE,Combined TRACON& Tower with Radar,4,0,2,1,7,21,31,17,10,79,25,31,19,11,86,0,0,0,86
08/23/2015,MWH,WA,ANM,WE,Combined TRACON& Tower with Radar,0,3,2,0,5,0,7,8,5,20,0,10,10,5,25,0,0,0,25
08/24/2015,MWH,WA,ANM,WE,Combined TRACON& Tower with Radar,21,8,2,16,47,0,20,14,19,53,21,28,16,35,100,14,12,26,126
08/25/2015,MWH,WA,ANM,WE,Combined TRACON& Tower with Radar,29,11,8,21,69,6,42,39,15,102,35,53,47,36,171,6,12,18,189
08/26/2015,MWH,WA,ANM,WE,Combined TRACON& Tower with Radar,18,4,5,43,70,2,8,21,26,57,20,12,26,69,127,23,124,147,274
08/27/2015,MWH,WA,ANM,WE,Combined TRACON& Tower with Radar,30,6,6,14,56,9,45,32,11,97,39,51,38,25,153,24,30,54,207
08/28/2015,MWH,WA,ANM,WE,Combined TRACON& Tower with Radar,8,8,3,9,28,3,18,13,22,56,11,26,16,31,84,0,18,18,102
08/29/2015,MWH,WA,ANM,WE,Combined TRACON& Tower with Radar,0,0,0,0,0,0,0,4,0,4,0,0,4,0,4,0,0,0,4
08/30/2015,MWH,WA,ANM,WE,Combined TRACON& Tower with Radar,6,1,1,0,8,0,21,1,10,32,6,22,2,10,40,0,0,0,40
08/31/2015,MWH,WA,ANM,WE,Combined TRACON& Tower with Radar,41,11,5,12,69,0,15,9,6,30,41,26,14,18,99,4,10,14,113
09/01/2015,MWH,WA,ANM,WE,Combined TRACON& Tower with Radar,12,5,5,8,30,2,15,14,15,46,14,20,19,23,76,2,20,22,98
09/02/2015,MWH,WA,ANM,WE,Combined TRACON& Tower with Radar,5,4,4,18,31,7,17,22,7,53,12,21,26,25,84,26,34,60,144
09/03/2015,MWH,WA,ANM,WE,Combined TRACON& Tower with Radar,17,6,7,41,71,19,15,11,11,56,36,21,18,52,127,32,74,106,233
09/04/2015,MWH,WA,ANM,WE,Combined TRACON& Tower with Radar,14,4,4,9,31,11,1,15,3,30,25,5,19,12,61,2,0,2,63
09/05/2015,MWH,WA,ANM,WE,Combined TRACON& Tower with Radar,0,3,1,0,4,0,0,10,0,10,0,3,11,0,14,0,0,0,14
09/06/2015,MWH,WA,ANM,WE,Combined TRACON& Tower with Radar,6,9,9,1,25,0,5,16,0,21,6,14,25,1,46,20,0,20,66
09/07/2015,MWH,WA,ANM,WE,Combined TRACON& Tower with Radar,8,2,2,0,12,0,0,12,0,12,8,2,14,0,24,5,0,5,29
09/08/2015,MWH,WA,ANM,WE,Combined TRACON& Tower with Radar,19,4,5,21,49,1,2,15,4,22,20,6,20,25,71,0,30,30,101
09/09/2015,MWH,WA,ANM,WE,Combined TRACON& Tower with Radar,44,9,2,39,94,6,7,7,5,25,50,16,9,44,119,4,62,66,185
09/10/2015,MWH,WA,ANM,WE,Combined TRACON& Tower with Radar,12,5,12,15,44,0,2,35,28,65,12,7,47,43,109,66,2,68,177
09/11/2015,MWH,WA,ANM,WE,Combined TRACON& Tower with Radar,24,4,13,8,49,0,1,14,2,17,24,5,27,10,66,2,6,8,74
09/12/2015,MWH,WA,ANM,WE,Combined TRACON& Tower with Radar,35,0,16,2,53,1,0,23,6,30,36,0,39,8,83,0,0,0,83
09/13/2015,MWH,WA,ANM,WE,Combined TRACON& Tower with Radar,2,0,4,2,8,1,13,15,8,37,3,13,19,10,45,0,0,0,45
09/14/2015,MWH,WA,ANM,WE,Combined TRACON& Tower with Radar,20,3,4,2,29,0,1,12,0,13,20,4,16,2,42,2,0,2,44
09/15/2015,MWH,WA,ANM,WE,Combined TRACON& Tower with Radar,18,7,3,14,42,4,0,59,4,67,22,7,62,18,109,60,16,76,185
09/16/2015,MWH,WA,ANM,WE,Combined TRACON& Tower with Radar,29,4,4,24,61,2,0,44,3,49,31,4,48,27,110,58,38,96,206
09/17/2015,MWH,WA,ANM,WE,Combined TRACON& Tower with Radar,55,9,4,20,88,12,1,32,1,46,67,10,36,21,134,124,26,150,284
09/18/2015,MWH,WA,ANM,WE,Combined TRACON& Tower with Radar,35,9,13,3,60,2,0,8,1,11,37,9,21,4,71,4,22,26,97
09/19/2015,MWH,WA,ANM,WE,Combined TRACON& Tower with Radar,6,6,0,0,12,0,3,17,0,20,6,9,17,0,32,6,0,6,38
09/20/2015,MWH,WA,ANM,WE,Combined TRACON& Tower with Radar,4,3,1,0,8,0,3,13,0,16,4,6,14,0,24,2,0,2,26
09/21/2015,MWH,WA,ANM,WE,Combined TRACON& Tower with Radar,16,4,14,6,40,0,7,88,2,97,16,11,102,8,137,191,4,195,332
09/22/2015,MWH,WA,ANM,WE,Combined TRACON& Tower with Radar,34,4,10,10,58,0,1,110,4,115,34,5,120,14,173,240,46,286,459
09/23/2015,MWH,WA,ANM,WE,Combined TRACON& Tower with Radar,18,3,19,7,47,7,6,103,0,116,25,9,122,7,163,274,0,274,437
09/24/2015,MWH,WA,ANM,WE,Combined TRACON& Tower with Radar,16,5,6,23,50,0,1,123,2,126,16,6,129,25,176,266,22,288,464
09/25/2015,MWH,WA,ANM,WE,Combined TRACON& Tower with Radar,16,3,9,17,45,9,1,18,0,28,25,4,27,17,73,4,18,22,95
09/26/2015,MWH,WA,ANM,WE,Combined TRACON& Tower with Radar,0,0,2,0,2,0,0,15,0,15,0,0,17,0,17,0,0,0,17
09/27/2015,MWH,WA,ANM,WE,Combined TRACON& Tower with Radar,0,0,2,0,2,0,0,8,0,8,0,0,10,0,10,36,0,36,46
09/28/2015,MWH,WA,ANM,WE,Combined TRACON& Tower with Radar,14,7,14,1,36,0,3,79,0,82,14,10,93,1,118,210,0,210,328
09/29/2015,MWH,WA,ANM,WE,Combined TRACON& Tower with Radar,16,5,6,28,55,4,1,75,1,81,20,6,81,29,136,312,14,326,462
09/30/2015,MWH,WA,ANM,WE,Combined TRACON& Tower with Radar,16,13,15,41,85,0,1,98,0,99,16,14,113,41,184,270,60,330,514
10/01/2015,MWH,WA,ANM,WE,Combined TRACON& Tower with Radar,16,4,17,28,65,0,3,87,11,101,16,7,104,39,166,346,38,384,550
10/02/2015,MWH,WA,ANM,WE,Combined TRACON& Tower with Radar,8,5,27,19,59,0,2,9,4,15,8,7,36,23,74,2,24,26,100
10/03/2015,MWH,WA,ANM,WE,Combined TRACON& Tower with Radar,14,2,4,18,38,2,0,8,5,15,16,2,12,23,53,0,8,8,61
10/04/2015,MWH,WA,ANM,WE,Combined TRACON& Tower with Radar,0,0,0,5,5,0,0,7,5,12,0,0,7,10,17,5,10,15,32
10/05/2015,MWH,WA,ANM,WE,Combined TRACON& Tower with Radar,16,2,6,22,46,0,4,93,33,130,16,6,99,55,176,268,88,356,532
10/06/2015,MWH,WA,ANM,WE,Combined TRACON& Tower with Radar,24,4,16,24,68,7,0,73,3,83,31,4,89,27,151,294,22,316,467
10/07/2015,MWH,WA,ANM,WE,Combined TRACON& Tower with Radar,10,4,20,25,59,0,2,87,9,98,10,6,107,34,157,290,52,342,499
10/08/2015,MWH,WA,ANM,WE,Combined TRACON& Tower with Radar,22,7,21,27,77,0,2,81,18,101,22,9,102,45,178,330,66,396,574
10/09/2015,MWH,WA,ANM,WE,Combined TRACON& Tower with Radar,24,4,14,30,72,3,1,12,6,22,27,5,26,36,94,16,22,38,132
10/10/2015,MWH,WA,ANM,WE,Combined TRACON& Tower with Radar,4,2,2,0,8,1,0,4,0,5,5,2,6,0,13,0,0,0,13
10/11/2015,MWH,WA,ANM,WE,Combined TRACON& Tower with Radar,4,0,5,0,9,0,0,10,0,10,4,0,15,0,19,8,0,8,27
10/12/2015,MWH,WA,ANM,WE,Combined TRACON& Tower with Radar,8,4,14,0,26,0,1,90,0,91,8,5,104,0,117,276,0,276,393
10/13/2015,MWH,WA,ANM,WE,Combined TRACON& Tower with Radar,8,10,4,28,50,0,2,76,16,94,8,12,80,44,144,276,50,326,470
10/14/2015,MWH,WA,ANM,WE,Combined TRACON& Tower with Radar,18,5,33,13,69,0,1,98,13,112,18,6,131,26,181,321,80,401,582
10/15/2015,MWH,WA,ANM,WE,Combined TRACON& Tower with Radar,28,7,23,15,73,0,1,105,6,112,28,8,128,21,185,480,38,518,703
10/16/2015,MWH,WA,ANM,WE,Combined TRACON& Tower with Radar,41,4,0,19,64,1,1,19,6,27,42,5,19,25,91,0,40,40,131
10/17/2015,MWH,WA,ANM,WE,Combined TRACON& Tower with Radar,16,0,0,0,16,0,0,5,0,5,16,0,5,0,21,0,0,0,21
10/18/2015,MWH,WA,ANM,WE,Combined TRACON& Tower with Radar,0,1,0,0,1,0,3,0,0,3,0,4,0,0,4,0,0,0,4
10/19/2015,MWH,WA,ANM,WE,Combined TRACON& Tower with Radar,8,2,29,32,71,0,2,18,10,30,8,4,47,42,101,70,46,116,217
10/20/2015,MWH,WA,ANM,WE,Combined TRACON& Tower with Radar,29,5,40,25,99,0,1,103,11,115,29,6,143,36,214,358,72,430,644
10/21/2015,MWH,WA,ANM,WE,Combined TRACON& Tower with Radar,22,3,25,38,88,2,1,86,7,96,24,4,111,45,184,272,68,340,524
10/22/2015,MWH,WA,ANM,WE,Combined TRACON& Tower with Radar,20,5,22,30,77,0,2,72,4,78,20,7,94,34,155,266,40,306,461
10/23/2015,MWH,WA,ANM,WE,Combined TRACON& Tower with Radar,4,4,0,32,40,0,0,4,16,20,4,4,4,48,60,0,48,48,108
10/24/2015,MWH,WA,ANM,WE,Combined TRACON& Tower with Radar,4,0,0,0,4,0,0,10,0,10,4,0,10,0,14,10,0,10,24
10/25/2015,MWH,WA,ANM,WE,Combined TRACON& Tower with Radar,0,0,0,6,6,0,0,4,0,4,0,0,4,6,10,0,14,14,24
10/26/2015,MWH,WA,ANM,WE,Combined TRACON& Tower with Radar,8,3,22,41,74,0,4,71,14,89,8,7,93,55,163,266,108,374,537
10/27/2015,MWH,WA,ANM,WE,Combined TRACON& Tower with Radar,12,5,22,20,59,0,14,68,12,94,12,19,90,32,153,292,70,362,515
10/28/2015,MWH,WA,ANM,WE,Combined TRACON& Tower with Radar,10,6,20,19,55,2,0,70,12,84,12,6,90,31,139,282,38,320,459
10/29/2015,MWH,WA,ANM,WE,Combined TRACON& Tower with Radar,11,5,28,11,55,4,1,22,1,28,15,6,50,12,83,112,10,122,205
10/30/2015,MWH,WA,ANM,WE,Combined TRACON& Tower with Radar,8,3,0,8,19,0,1,0,0,1,8,4,0,8,20,1,9,10,30
10/31/2015,MWH,WA,ANM,WE,Combined TRACON& Tower with Radar,15,0,2,0,17,1,0,0,0,1,16,0,2,0,18,0,0,0,18
11/01/2015,MWH,WA,ANM,WE,Combined TRACON& Tower with Radar,5,0,0,0,5,0,0,1,0,1,5,0,1,0,6,0,0,0,6
11/02/2015,MWH,WA,ANM,WE,Combined TRACON& Tower with Radar,8,16,36,46,106,10,1,84,14,109,18,17,120,60,215,292,120,412,627
11/03/2015,MWH,WA,ANM,WE,Combined TRACON& Tower with Radar,11,4,18,89,122,0,2,76,3,81,11,6,94,92,203,474,62,536,739
11/04/2015,MWH,WA,ANM,WE,Combined TRACON& Tower with Radar,1,5,17,36,59,0,1,85,9,95,1,6,102,45,154,374,107,481,635
11/05/2015,MWH,WA,ANM,WE,Combined TRACON& Tower with Radar,48,3,17,36,104,0,5,70,2,77,48,8,87,38,181,288,34,322,503
11/06/2015,MWH,WA,ANM,WE,Combined TRACON& Tower with Radar,24,4,7,10,45,0,1,1,0,2,24,5,8,10,47,0,0,0,47
11/07/2015,MWH,WA,ANM,WE,Combined TRACON& Tower with Radar,0,0,3,0,3,0,0,5,0,5,0,0,8,0,8,6,0,6,14
11/08/2015,MWH,WA,ANM,WE,Combined TRACON& Tower with Radar,9,0,1,2,12,0,0,3,3,6,9,0,4,5,18,0,0,0,18
11/09/2015,MWH,WA,ANM,WE,Combined TRACON& Tower with Radar,16,5,18,19,58,0,0,57,2,59,16,5,75,21,117,418,24,442,559
11/10/2015,MWH,WA,ANM,WE,Combined TRACON& Tower with Radar,20,4,30,48,102,0,1,90,11,102,20,5,120,59,204,298,68,366,570
11/11/2015,MWH,WA,ANM,WE,Combined TRACON& Tower with Radar,2,3,6,2,13,0,1,0,0,1,2,4,6,2,14,0,0,0,14
11/12/2015,MWH,WA,ANM,WE,Combined TRACON& Tower with Radar,19,4,9,24,56,0,1,73,10,84,19,5,82,34,140,216,82,298,438
11/13/2015,MWH,WA,ANM,WE,Combined TRACON& Tower with Radar,0,8,4,34,46,0,1,7,11,19,0,9,11,45,65,0,36,36,101
11/14/2015,MWH,WA,ANM,WE,Combined TRACON& Tower with Radar,4,1,11,0,16,0,0,18,0,18,4,1,29,0,34,30,0,30,64
11/15/2015,MWH,WA,ANM,WE,Combined TRACON& Tower with Radar,0,0,6,2,8,0,0,7,0,7,0,0,13,2,15,8,0,8,23
11/16/2015,MWH,WA,ANM,WE,Combined TRACON& Tower with Radar,33,3,22,34,92,0,1,67,9,77,33,4,89,43,169,274,64,338,507
11/17/2015,MWH,WA,ANM,WE,Combined TRACON& Tower with Radar,0,3,1,0,4,0,0,2,0,2,0,3,3,0,6,12,0,12,18
11/18/2015,MWH,WA,ANM,WE,Combined TRACON& Tower with Radar,36,7,25,22,90,0,1,67,4,72,36,8,92,26,162,178,2,180,342
11/19/2015,MWH,WA,ANM,WE,Combined TRACON& Tower with Radar,26,5,24,19,74,0,2,64,6,72,26,7,88,25,146,282,34,316,462
11/20/2015,MWH,WA,ANM,WE,Combined TRACON& Tower with Radar,22,3,1,21,47,0,1,4,5,10,22,4,5,26,57,0,42,42,99
11/21/2015,MWH,WA,ANM,WE,Combined TRACON& Tower with Radar,8,1,4,0,13,0,3,10,0,13,8,4,14,0,26,42,0,42,68
11/22/2015,MWH,WA,ANM,WE,Combined TRACON& Tower with Radar,14,0,0,0,14,0,6,10,0,16,14,6,10,0,30,0,0,0,30
11/23/2015,MWH,WA,ANM,WE,Combined TRACON& Tower with Radar,8,2,3,6,19,0,0,0,0,0,8,2,3,6,19,0,0,0,19
11/24/2015,MWH,WA,ANM,WE,Combined TRACON& Tower with Radar,8,2,3,16,29,0,0,2,4,6,8,2,5,20,35,2,18,20,55
11/25/2015,MWH,WA,ANM,WE,Combined TRACON& Tower with Radar,8,2,2,8,20,0,0,2,2,4,8,2,4,10,24,0,22,22,46
11/26/2015,MWH,WA,ANM,WE,Combined TRACON& Tower with Radar,0,0,0,0,0,0,0,1,0,1,0,0,1,0,1,0,0,0,1
11/27/2015,MWH,WA,ANM,WE,Combined TRACON& Tower with Radar,0,1,0,0,1,0,1,3,0,4,0,2,3,0,5,0,0,0,5
11/28/2015,MWH,WA,ANM,WE,Combined TRACON& Tower with Radar,0,3,5,0,8,0,4,2,0,6,0,7,7,0,14,0,0,0,14
11/29/2015,MWH,WA,ANM,WE,Combined TRACON& Tower with Radar,0,0,5,0,5,0,0,0,0,0,0,0,5,0,5,0,0,0,5
11/30/2015,MWH,WA,ANM,WE,Combined TRACON& Tower with Radar,0,2,6,0,8,0,0,1,0,1,0,2,7,0,9,0,0,0,9
12/01/2015,MWH,WA,ANM,WE,Combined TRACON& Tower with Radar,4,2,1,12,19,0,0,9,8,17,4,2,10,20,36,88,0,88,124
12/02/2015,MWH,WA,ANM,WE,Combined TRACON& Tower with Radar,16,1,7,2,26,0,0,3,0,3,16,1,10,2,29,0,0,0,29
12/03/2015,MWH,WA,ANM,WE,Combined TRACON& Tower with Radar,18,5,8,0,31,0,0,28,0,28,18,5,36,0,59,170,0,170,229
12/04/2015,MWH,WA,ANM,WE,Combined TRACON& Tower with Radar,8,2,3,18,31,0,0,3,6,9,8,2,6,24,40,2,6,8,48
12/05/2015,MWH,WA,ANM,WE,Combined TRACON& Tower with Radar,8,0,2,0,10,0,0,0,0,0,8,0,2,0,10,0,0,0,10
12/06/2015,MWH,WA,ANM,WE,Combined TRACON& Tower with Radar,0,2,3,0,5,0,1,3,0,4,0,3,6,0,9,0,0,0,9
12/07/2015,MWH,WA,ANM,WE,Combined TRACON& Tower with Radar,0,3,5,17,25,0,0,0,0,0,0,3,5,17,25,0,0,0,25
12/08/2015,MWH,WA,ANM,WE,Combined TRACON& Tower with Radar,4,3,12,22,41,0,0,2,0,2,4,3,14,22,43,6,0,6,49
12/09/2015,MWH,WA,ANM,WE,Combined TRACON& Tower with Radar,2,2,2,16,22,10,0,0,5,15,12,2,2,21,37,0,10,10,47
12/10/2015,MWH,WA,ANM,WE,Combined TRACON& Tower with Radar,33,3,0,32,68,0,0,0,0,0,33,3,0,32,68,0,0,0,68
12/11/2015,MWH,WA,ANM,WE,Combined TRACON& Tower with Radar,34,8,11,15,68,0,0,6,0,6,34,8,17,15,74,8,16,24,98
12/12/2015,MWH,WA,ANM,WE,Combined TRACON& Tower with Radar,6,3,2,2,13,0,0,0,0,0,6,3,2,2,13,0,0,0,13
12/13/2015,MWH,WA,ANM,WE,Combined TRACON& Tower with Radar,14,0,8,0,22,0,0,8,0,8,14,0,16,0,30,2,0,2,32
12/14/2015,MWH,WA,ANM,WE,Combined TRACON& Tower with Radar,14,2,11,24,51,0,0,10,10,20,14,2,21,34,71,0,66,66,137
12/15/2015,MWH,WA,ANM,WE,Combined TRACON& Tower with Radar,20,3,24,24,71,0,3,8,2,13,20,6,32,26,84,6,38,44,128
12/16/2015,MWH,WA,ANM,WE,Combined TRACON& Tower with Radar,25,2,32,38,97,1,0,6,10,17,26,2,38,48,114,14,72,86,200
12/17/2015,MWH,WA,ANM,WE,Combined TRACON& Tower with Radar,19,8,27,21,75,0,0,4,2,6,19,8,31,23,81,0,34,34,115
12/18/2015,MWH,WA,ANM,WE,Combined TRACON& Tower with Radar,0,4,2,20,26,0,0,0,0,0,0,4,2,20,26,0,0,0,26
12/19/2015,MWH,WA,ANM,WE,Combined TRACON& Tower with Radar,0,0,0,0,0,0,0,0,0,0,0,0,0,0,0,0,0,0,0
12/20/2015,MWH,WA,ANM,WE,Combined TRACON& Tower with Radar,2,0,0,0,2,0,0,0,0,0,2,0,0,0,2,0,0,0,2
12/21/2015,MWH,WA,ANM,WE,Combined TRACON& Tower with Radar,4,2,5,9,20,0,0,1,0,1,4,2,6,9,21,0,0,0,21
12/22/2015,MWH,WA,ANM,WE,Combined TRACON& Tower with Radar,0,4,12,27,43,0,0,0,0,0,0,4,12,27,43,0,0,0,43
12/23/2015,MWH,WA,ANM,WE,Combined TRACON& Tower with Radar,2,2,1,7,12,0,0,0,0,0,2,2,1,7,12,0,0,0,12
12/24/2015,MWH,WA,ANM,WE,Combined TRACON& Tower with Radar,0,4,3,0,7,0,0,0,0,0,0,4,3,0,7,0,0,0,7
12/25/2015,MWH,WA,ANM,WE,Combined TRACON& Tower with Radar,0,4,0,0,4,0,0,0,0,0,0,4,0,0,4,0,0,0,4
12/26/2015,MWH,WA,ANM,WE,Combined TRACON& Tower with Radar,0,4,2,0,6,0,0,0,0,0,0,4,2,0,6,0,0,0,6
12/27/2015,MWH,WA,ANM,WE,Combined TRACON& Tower with Radar,0,0,2,0,2,0,0,0,0,0,0,0,2,0,2,0,0,0,2
12/28/2015,MWH,WA,ANM,WE,Combined TRACON& Tower with Radar,0,2,7,14,23,0,0,0,0,0,0,2,7,14,23,0,0,0,23
12/29/2015,MWH,WA,ANM,WE,Combined TRACON& Tower with Radar,3,2,4,3,12,0,0,0,0,0,3,2,4,3,12,0,0,0,12
12/30/2015,MWH,WA,ANM,WE,Combined TRACON& Tower with Radar,0,6,6,3,15,0,0,2,1,3,0,6,8,4,18,0,6,6,24
12/31/2015,MWH,WA,ANM,WE,Combined TRACON& Tower with Radar,0,3,6,14,23,0,1,11,7,19,0,4,17,21,42,0,16,16,58
01/01/2016,MWH,WA,ANM,WE,Combined TRACON& Tower with Radar,0,0,0,0,0,0,0,0,0,0,0,0,0,0,0,0,0,0,0
01/02/2016,MWH,WA,ANM,WE,Combined TRACON& Tower with Radar,0,0,2,0,2,0,0,8,0,8,0,0,10,0,10,0,0,0,10
01/03/2016,MWH,WA,ANM,WE,Combined TRACON& Tower with Radar,0,0,0,0,0,0,0,0,0,0,0,0,0,0,0,0,0,0,0
01/04/2016,MWH,WA,ANM,WE,Combined TRACON& Tower with Radar,0,4,2,7,13,0,0,1,2,3,0,4,3,9,16,0,6,6,22
01/05/2016,MWH,WA,ANM,WE,Combined TRACON& Tower with Radar,0,8,8,3,19,0,1,29,2,32,0,9,37,5,51,126,0,126,177
01/06/2016,MWH,WA,ANM,WE,Combined TRACON& Tower with Radar,15,9,10,38,72,0,0,32,1,33,15,9,42,39,105,170,10,180,285
01/07/2016,MWH,WA,ANM,WE,Combined TRACON& Tower with Radar,4,9,6,2,21,0,0,0,0,0,4,9,6,2,21,0,0,0,21
01/08/2016,MWH,WA,ANM,WE,Combined TRACON& Tower with Radar,2,4,3,1,10,0,0,0,0,0,2,4,3,1,10,0,0,0,10
01/09/2016,MWH,WA,ANM,WE,Combined TRACON& Tower with Radar,10,0,2,0,12,0,0,0,0,0,10,0,2,0,12,0,0,0,12
01/10/2016,MWH,WA,ANM,WE,Combined TRACON& Tower with Radar,0,2,2,0,4,0,0,2,0,2,0,2,4,0,6,0,0,0,6
01/11/2016,MWH,WA,ANM,WE,Combined TRACON& Tower with Radar,10,4,13,5,32,0,0,45,1,46,10,4,58,6,78,184,32,216,294
01/12/2016,MWH,WA,ANM,WE,Combined TRACON& Tower with Radar,15,8,3,10,36,0,2,44,0,46,15,10,47,10,82,222,0,222,304
01/13/2016,MWH,WA,ANM,WE,Combined TRACON& Tower with Radar,2,4,4,1,11,0,0,0,0,0,2,4,4,1,11,0,0,0,11
01/14/2016,MWH,WA,ANM,WE,Combined TRACON& Tower with Radar,0,6,36,46,88,0,2,78,14,94,0,8,114,60,182,243,91,334,516
01/15/2016,MWH,WA,ANM,WE,Combined TRACON& Tower with Radar,25,6,3,24,58,0,0,2,5,7,25,6,5,29,65,0,46,46,111
01/16/2016,MWH,WA,ANM,WE,Combined TRACON& Tower with Radar,8,2,0,0,10,0,0,0,0,0,8,2,0,0,10,0,0,0,10
01/17/2016,MWH,WA,ANM,WE,Combined TRACON& Tower with Radar,8,8,0,0,16,0,0,0,0,0,8,8,0,0,16,0,0,0,16
01/18/2016,MWH,WA,ANM,WE,Combined TRACON& Tower with Radar,4,6,7,0,17,0,0,0,0,0,4,6,7,0,17,0,0,0,17
01/19/2016,MWH,WA,ANM,WE,Combined TRACON& Tower with Radar,2,6,0,8,16,0,0,0,0,0,2,6,0,8,16,0,18,18,34
01/20/2016,MWH,WA,ANM,WE,Combined TRACON& Tower with Radar,8,4,21,23,56,0,0,105,15,120,8,4,126,38,176,232,22,254,430
01/21/2016,MWH,WA,ANM,WE,Combined TRACON& Tower with Radar,22,3,10,23,58,0,0,66,13,79,22,3,76,36,137,256,40,296,433
01/22/2016,MWH,WA,ANM,WE,Combined TRACON& Tower with Radar,38,13,13,20,84,0,0,5,4,9,38,13,18,24,93,0,38,38,131
01/23/2016,MWH,WA,ANM,WE,Combined TRACON& Tower with Radar,8,0,0,0,8,0,0,1,0,1,8,0,1,0,9,0,0,0,9
01/24/2016,MWH,WA,ANM,WE,Combined TRACON& Tower with Radar,6,2,2,0,10,0,0,3,0,3,6,2,5,0,13,0,0,0,13
01/25/2016,MWH,WA,ANM,WE,Combined TRACON& Tower with Radar,8,4,5,23,40,0,0,0,0,0,8,4,5,23,40,0,0,0,40
01/26/2016,MWH,WA,ANM,WE,Combined TRACON& Tower with Radar,14,6,3,16,39,0,0,0,0,0,14,6,3,16,39,0,0,0,39
01/27/2016,MWH,WA,ANM,WE,Combined TRACON& Tower with Radar,17,4,27,32,80,0,0,0,7,7,17,4,27,39,87,0,10,10,97
01/28/2016,MWH,WA,ANM,WE,Combined TRACON& Tower with Radar,14,7,22,29,72,2,0,42,7,51,16,7,64,36,123,170,32,202,325
01/29/2016,MWH,WA,ANM,WE,Combined TRACON& Tower with Radar,7,7,6,52,72,0,0,0,1,1,7,7,6,53,73,6,34,40,113
01/30/2016,MWH,WA,ANM,WE,Combined TRACON& Tower with Radar,8,5,4,0,17,0,5,12,0,17,8,10,16,0,34,54,0,54,88
01/31/2016,MWH,WA,ANM,WE,Combined TRACON& Tower with Radar,4,2,3,0,9,0,0,10,0,10,4,2,13,0,19,52,0,52,71
02/01/2016,MWH,WA,ANM,WE,Combined TRACON& Tower with Radar,13,14,25,18,70,0,2,60,11,73,13,16,85,29,143,158,36,194,337
02/02/2016,MWH,WA,ANM,WE,Combined TRACON& Tower with Radar,5,5,25,12,47,2,1,29,0,32,7,6,54,12,79,114,6,120,199
02/03/2016,MWH,WA,ANM,WE,Combined TRACON& Tower with Radar,4,8,16,14,42,0,0,41,6,47,4,8,57,20,89,198,34,232,321
02/04/2016,MWH,WA,ANM,WE,Combined TRACON& Tower with Radar,10,5,0,14,29,0,1,2,4,7,10,6,2,18,36,1,14,15,51
02/05/2016,MWH,WA,ANM,WE,Combined TRACON& Tower with Radar,17,4,0,2,23,0,0,0,1,1,17,4,0,3,24,0,0,0,24
02/06/2016,MWH,WA,ANM,WE,Combined TRACON& Tower with Radar,2,4,3,1,10,0,3,4,0,7,2,7,7,1,17,0,0,0,17
02/07/2016,MWH,WA,ANM,WE,Combined TRACON& Tower with Radar,0,0,7,0,7,0,0,6,0,6,0,0,13,0,13,6,0,6,19
02/08/2016,MWH,WA,ANM,WE,Combined TRACON& Tower with Radar,25,3,23,18,69,2,5,74,0,81,27,8,97,18,150,135,28,163,313
02/09/2016,MWH,WA,ANM,WE,Combined TRACON& Tower with Radar,16,3,22,29,70,0,1,85,23,109,16,4,107,52,179,234,42,276,455
02/10/2016,MWH,WA,ANM,WE,Combined TRACON& Tower with Radar,20,9,35,28,92,3,5,66,7,81,23,14,101,35,173,226,12,238,411
02/11/2016,MWH,WA,ANM,WE,Combined TRACON& Tower with Radar,20,5,12,24,61,6,1,50,4,61,26,6,62,28,122,182,32,214,336
02/12/2016,MWH,WA,ANM,WE,Combined TRACON& Tower with Radar,12,10,8,5,35,0,0,0,0,0,12,10,8,5,35,0,0,0,35
02/13/2016,MWH,WA,ANM,WE,Combined TRACON& Tower with Radar,3,9,6,0,18,0,1,2,0,3,3,10,8,0,21,0,0,0,21
02/14/2016,MWH,WA,ANM,WE,Combined TRACON& Tower with Radar,2,3,2,0,7,0,1,0,0,1,2,4,2,0,8,0,0,0,8
02/15/2016,MWH,WA,ANM,WE,Combined TRACON& Tower with Radar,21,2,2,0,25,5,2,1,0,8,26,4,3,0,33,0,0,0,33
02/16/2016,MWH,WA,ANM,WE,Combined TRACON& Tower with Radar,22,11,7,14,54,13,9,97,9,128,35,20,104,23,182,238,18,256,438
02/17/2016,MWH,WA,ANM,WE,Combined TRACON& Tower with Radar,18,6,25,35,84,0,1,75,10,86,18,7,100,45,170,182,22,204,374
02/18/2016,MWH,WA,ANM,WE,Combined TRACON& Tower with Radar,2,4,14,21,41,0,10,46,14,70,2,14,60,35,111,224,16,240,351
02/19/2016,MWH,WA,ANM,WE,Combined TRACON& Tower with Radar,6,5,2,29,42,0,1,6,19,26,6,6,8,48,68,0,100,100,168
02/20/2016,MWH,WA,ANM,WE,Combined TRACON& Tower with Radar,5,0,4,0,9,3,0,9,2,14,8,0,13,2,23,0,0,0,23
02/21/2016,MWH,WA,ANM,WE,Combined TRACON& Tower with Radar,0,0,1,0,1,2,3,16,0,21,2,3,17,0,22,54,0,54,76
02/22/2016,MWH,WA,ANM,WE,Combined TRACON& Tower with Radar,15,8,31,26,80,9,3,77,21,110,24,11,108,47,190,180,28,208,398
02/23/2016,MWH,WA,ANM,WE,Combined TRACON& Tower with Radar,39,7,14,8,68,6,1,117,2,126,45,8,131,10,194,236,42,278,472
02/24/2016,MWH,WA,ANM,WE,Combined TRACON& Tower with Radar,9,10,24,14,57,0,4,103,4,111,9,14,127,18,168,198,26,224,392
02/25/2016,MWH,WA,ANM,WE,Combined TRACON& Tower with Radar,13,10,17,11,51,0,1,94,11,106,13,11,111,22,157,230,30,260,417
02/26/2016,MWH,WA,ANM,WE,Combined TRACON& Tower with Radar,10,20,9,23,62,1,8,5,14,28,11,28,14,37,90,2,48,50,140
02/27/2016,MWH,WA,ANM,WE,Combined TRACON& Tower with Radar,0,0,7,0,7,0,0,11,0,11,0,0,18,0,18,14,0,14,32
02/28/2016,MWH,WA,ANM,WE,Combined TRACON& Tower with Radar,0,0,0,0,0,0,0,3,0,3,0,0,3,0,3,0,0,0,3
02/29/2016,MWH,WA,ANM,WE,Combined TRACON& Tower with Radar,4,17,20,17,58,0,2,94,2,98,4,19,114,19,156,266,9,275,431
03/01/2016,MWH,WA,ANM,WE,Combined TRACON& Tower with Radar,8,9,20,18,55,0,0,2,0,2,8,9,22,18,57,2,0,2,59
03/02/2016,MWH,WA,ANM,WE,Combined TRACON& Tower with Radar,4,5,20,12,41,0,6,114,4,124,4,11,134,16,165,322,58,380,545
03/03/2016,MWH,WA,ANM,WE,Combined TRACON& Tower with Radar,17,9,5,11,42,0,0,80,9,89,17,9,85,20,131,214,30,244,375
03/04/2016,MWH,WA,ANM,WE,Combined TRACON& Tower with Radar,4,4,11,16,35,2,3,9,14,28,6,7,20,30,63,8,24,32,95
03/05/2016,MWH,WA,ANM,WE,Combined TRACON& Tower with Radar,12,1,0,2,15,2,0,6,4,12,14,1,6,6,27,6,0,6,33
03/06/2016,MWH,WA,ANM,WE,Combined TRACON& Tower with Radar,4,0,0,0,4,0,0,2,3,5,4,0,2,3,9,0,0,0,9
03/07/2016,MWH,WA,ANM,WE,Combined TRACON& Tower with Radar,16,6,28,33,83,0,0,74,12,86,16,6,102,45,169,228,50,278,447
03/08/2016,MWH,WA,ANM,WE,Combined TRACON& Tower with Radar,20,11,11,20,62,4,7,127,25,163,24,18,138,45,225,366,32,398,623
03/09/2016,MWH,WA,ANM,WE,Combined TRACON& Tower with Radar,26,4,6,52,88,4,0,48,2,54,30,4,54,54,142,268,12,280,422
03/10/2016,MWH,WA,ANM,WE,Combined TRACON& Tower with Radar,12,22,4,34,72,0,4,23,8,35,12,26,27,42,107,144,40,184,291
03/11/2016,MWH,WA,ANM,WE,Combined TRACON& Tower with Radar,16,5,10,2,33,0,0,0,0,0,16,5,10,2,33,0,0,0,33
03/12/2016,MWH,WA,ANM,WE,Combined TRACON& Tower with Radar,10,9,2,0,21,0,3,0,0,3,10,12,2,0,24,0,0,0,24
03/13/2016,MWH,WA,ANM,WE,Combined TRACON& Tower with Radar,6,2,1,0,9,0,0,3,0,3,6,2,4,0,12,0,0,0,12
03/14/2016,MWH,WA,ANM,WE,Combined TRACON& Tower with Radar,14,6,22,8,50,0,2,55,11,68,14,8,77,19,118,150,32,182,300
03/15/2016,MWH,WA,ANM,WE,Combined TRACON& Tower with Radar,19,3,16,18,56,0,6,52,10,68,19,9,68,28,124,110,68,178,302
03/16/2016,MWH,WA,ANM,WE,Combined TRACON& Tower with Radar,52,4,22,28,106,0,4,37,5,46,52,8,59,33,152,94,28,122,274
03/17/2016,MWH,WA,ANM,WE,Combined TRACON& Tower with Radar,18,4,17,21,60,0,1,38,14,53,18,5,55,35,113,58,78,136,249
03/18/2016,MWH,WA,ANM,WE,Combined TRACON& Tower with Radar,9,3,10,39,61,0,2,36,16,54,9,5,46,55,115,46,38,84,199
03/19/2016,MWH,WA,ANM,WE,Combined TRACON& Tower with Radar,1,0,2,4,7,3,0,10,1,14,4,0,12,5,21,6,8,14,35
03/20/2016,MWH,WA,ANM,WE,Combined TRACON& Tower with Radar,0,2,11,0,13,0,0,2,0,2,0,2,13,0,15,2,0,2,17
03/21/2016,MWH,WA,ANM,WE,Combined TRACON& Tower with Radar,32,3,19,37,91,4,1,4,2,11,36,4,23,39,102,8,52,60,162
03/22/2016,MWH,WA,ANM,WE,Combined TRACON& Tower with Radar,12,4,3,6,25,0,0,0,3,3,12,4,3,9,28,0,32,32,60
03/23/2016,MWH,WA,ANM,WE,Combined TRACON& Tower with Radar,24,4,15,25,68,0,0,3,17,20,24,4,18,42,88,2,70,72,160
03/24/2016,MWH,WA,ANM,WE,Combined TRACON& Tower with Radar,10,6,0,22,38,0,2,1,17,20,10,8,1,39,58,0,62,62,120
03/25/2016,MWH,WA,ANM,WE,Combined TRACON& Tower with Radar,2,4,2,12,20,0,0,7,4,11,2,4,9,16,31,0,22,22,53
03/26/2016,MWH,WA,ANM,WE,Combined TRACON& Tower with Radar,6,1,5,0,12,0,1,13,2,16,6,2,18,2,28,8,0,8,36
03/27/2016,MWH,WA,ANM,WE,Combined TRACON& Tower with Radar,4,0,2,0,6,0,0,5,0,5,4,0,7,0,11,0,0,0,11
03/28/2016,MWH,WA,ANM,WE,Combined TRACON& Tower with Radar,21,4,16,8,49,0,3,46,3,52,21,7,62,11,101,206,10,216,317
03/29/2016,MWH,WA,ANM,WE,Combined TRACON& Tower with Radar,8,3,9,7,27,0,1,42,5,48,8,4,51,12,75,158,10,168,243
03/30/2016,MWH,WA,ANM,WE,Combined TRACON& Tower with Radar,13,4,30,28,75,0,2,81,4,87,13,6,111,32,162,264,30,294,456
03/31/2016,MWH,WA,ANM,WE,Combined TRACON& Tower with Radar,18,4,32,21,75,0,0,110,13,123,18,4,142,34,198,242,52,294,492
04/01/2016,MWH,WA,ANM,WE,Combined TRACON& Tower with Radar,16,3,23,12,54,1,1,29,4,35,17,4,52,16,89,30,28,58,147
04/02/2016,MWH,WA,ANM,WE,Combined TRACON& Tower with Radar,6,1,8,0,15,4,1,21,0,26,10,2,29,0,41,0,0,0,41
04/03/2016,MWH,WA,ANM,WE,Combined TRACON& Tower with Radar,4,0,7,0,11,0,2,13,0,15,4,2,20,0,26,2,0,2,28
04/04/2016,MWH,WA,ANM,WE,Combined TRACON& Tower with Radar,0,2,15,14,31,0,2,11,8,21,0,4,26,22,52,10,26,36,88
04/05/2016,MWH,WA,ANM,WE,Combined TRACON& Tower with Radar,17,3,12,8,40,0,1,77,0,78,17,4,89,8,118,108,4,112,230
04/06/2016,MWH,WA,ANM,WE,Combined TRACON& Tower with Radar,6,4,30,22,62,4,0,62,12,78,10,4,92,34,140,166,48,214,354
04/07/2016,MWH,WA,ANM,WE,Combined TRACON& Tower with Radar,6,4,18,12,40,0,1,68,5,74,6,5,86,17,114,76,14,90,204
04/08/2016,MWH,WA,ANM,WE,Combined TRACON& Tower with Radar,20,8,10,14,52,3,1,17,1,22,23,9,27,15,74,36,8,44,118
04/09/2016,MWH,WA,ANM,WE,Combined TRACON& Tower with Radar,0,0,2,3,5,0,1,7,0,8,0,1,9,3,13,2,0,2,15
04/10/2016,MWH,WA,ANM,WE,Combined TRACON& Tower with Radar,0,0,0,3,3,0,0,22,0,22,0,0,22,3,25,48,0,48,73
04/11/2016,MWH,WA,ANM,WE,Combined TRACON& Tower with Radar,15,0,20,24,59,0,4,74,11,89,15,4,94,35,148,202,34,236,384
04/12/2016,MWH,WA,ANM,WE,Combined TRACON& Tower with Radar,8,4,28,14,54,4,0,50,4,58,12,4,78,18,112,130,10,140,252
04/13/2016,MWH,WA,ANM,WE,Combined TRACON& Tower with Radar,19,5,29,14,67,29,3,65,19,116,48,8,94,33,183,142,14,156,339
04/14/2016,MWH,WA,ANM,WE,Combined TRACON& Tower with Radar,32,3,13,14,62,16,3,46,7,72,48,6,59,21,134,174,16,190,324
04/15/2016,MWH,WA,ANM,WE,Combined TRACON& Tower with Radar,56,7,10,20,93,15,1,24,9,49,71,8,34,29,142,34,34,68,210
04/16/2016,MWH,WA,ANM,WE,Combined TRACON& Tower with Radar,7,1,15,12,35,0,0,18,3,21,7,1,33,15,56,12,12,24,80
04/17/2016,MWH,WA,ANM,WE,Combined TRACON& Tower with Radar,15,0,7,7,29,6,17,13,2,38,21,17,20,9,67,26,14,40,107
04/18/2016,MWH,WA,ANM,WE,Combined TRACON& Tower with Radar,27,2,9,17,55,5,4,68,2,79,32,6,77,19,134,116,22,138,272
04/19/2016,MWH,WA,ANM,WE,Combined TRACON& Tower with Radar,27,6,40,19,92,11,4,60,5,80,38,10,100,24,172,40,26,66,238
04/20/2016,MWH,WA,ANM,WE,Combined TRACON& Tower with Radar,48,3,17,5,73,37,1,65,2,105,85,4,82,7,178,178,6,184,362
04/21/2016,MWH,WA,ANM,WE,Combined TRACON& Tower with Radar,12,4,19,15,50,0,1,72,16,89,12,5,91,31,139,126,66,192,331
04/22/2016,MWH,WA,ANM,WE,Combined TRACON& Tower with Radar,18,4,21,8,51,0,2,12,2,16,18,6,33,10,67,24,8,32,99
04/23/2016,MWH,WA,ANM,WE,Combined TRACON& Tower with Radar,0,0,2,0,2,3,0,16,1,20,3,0,18,1,22,0,0,0,22
04/24/2016,MWH,WA,ANM,WE,Combined TRACON& Tower with Radar,1,0,0,2,3,3,0,17,4,24,4,0,17,6,27,8,0,8,35
04/25/2016,MWH,WA,ANM,WE,Combined TRACON& Tower with Radar,15,2,12,20,49,0,2,40,5,47,15,4,52,25,96,116,16,132,228
04/26/2016,MWH,WA,ANM,WE,Combined TRACON& Tower with Radar,20,2,26,10,58,0,1,80,12,93,20,3,106,22,151,162,16,178,329
04/27/2016,MWH,WA,ANM,WE,Combined TRACON& Tower with Radar,26,3,25,24,78,6,1,42,7,56,32,4,67,31,134,102,10,112,246
04/28/2016,MWH,WA,ANM,WE,Combined TRACON& Tower with Radar,8,4,14,22,48,0,0,64,7,71,8,4,78,29,119,138,24,162,281
04/29/2016,MWH,WA,ANM,WE,Combined TRACON& Tower with Radar,0,3,17,16,36,0,1,3,5,9,0,4,20,21,45,10,46,56,101
04/30/2016,MWH,WA,ANM,WE,Combined TRACON& Tower with Radar,15,0,1,0,16,0,0,22,0,22,15,0,23,0,38,20,0,20,58
05/01/2016,MWH,WA,ANM,WE,Combined TRACON& Tower with Radar,8,0,4,0,12,0,0,13,0,13,8,0,17,0,25,12,0,12,37
05/02/2016,MWH,WA,ANM,WE,Combined TRACON& Tower with Radar,31,2,19,4,56,5,2,82,6,95,36,4,101,10,151,164,22,186,337
05/03/2016,MWH,WA,ANM,WE,Combined TRACON& Tower with Radar,22,6,22,25,75,20,3,63,21,107,42,9,85,46,182,160,20,180,362
05/04/2016,MWH,WA,ANM,WE,Combined TRACON& Tower with Radar,17,10,6,15,48,6,0,43,14,63,23,10,49,29,111,126,32,158,269
05/05/2016,MWH,WA,ANM,WE,Combined TRACON& Tower with Radar,22,6,41,30,99,5,1,22,8,36,27,7,63,38,135,86,24,110,245
05/06/2016,MWH,WA,ANM,WE,Combined TRACON& Tower with Radar,30,3,7,18,58,2,3,29,17,51,32,6,36,35,109,2,38,40,149
05/07/2016,MWH,WA,ANM,WE,Combined TRACON& Tower with Radar,18,0,12,10,40,0,1,32,4,37,18,1,44,14,77,43,10,53,130
05/08/2016,MWH,WA,ANM,WE,Combined TRACON& Tower with Radar,4,0,2,0,6,1,0,11,0,12,5,0,13,0,18,0,0,0,18
05/09/2016,MWH,WA,ANM,WE,Combined TRACON& Tower with Radar,16,3,7,2,28,0,3,32,1,36,16,6,39,3,64,42,12,54,118
05/10/2016,MWH,WA,ANM,WE,Combined TRACON& Tower with Radar,24,4,22,17,67,1,0,104,6,111,25,4,126,23,178,196,68,264,442
05/11/2016,MWH,WA,ANM,WE,Combined TRACON& Tower with Radar,23,4,35,22,84,6,5,89,2,102,29,9,124,24,186,158,40,198,384
05/12/2016,MWH,WA,ANM,WE,Combined TRACON& Tower with Radar,26,5,64,23,118,1,1,70,11,83,27,6,134,34,201,150,54,204,405
05/13/2016,MWH,WA,ANM,WE,Combined TRACON& Tower with Radar,20,4,8,15,47,4,0,9,27,40,24,4,17,42,87,2,56,58,145
05/14/2016,MWH,WA,ANM,WE,Combined TRACON& Tower with Radar,3,0,2,0,5,1,1,7,0,9,4,1,9,0,14,0,0,0,14
05/15/2016,MWH,WA,ANM,WE,Combined TRACON& Tower with Radar,9,0,4,3,16,0,0,2,0,2,9,0,6,3,18,0,0,0,18
05/16/2016,MWH,WA,ANM,WE,Combined TRACON& Tower with Radar,35,2,34,13,84,0,2,56,10,68,35,4,90,23,152,150,20,170,322
05/17/2016,MWH,WA,ANM,WE,Combined TRACON& Tower with Radar,23,3,21,30,77,1,3,62,6,72,24,6,83,36,149,96,12,108,257
05/18/2016,MWH,WA,ANM,WE,Combined TRACON& Tower with Radar,14,7,25,21,67,48,2,48,6,104,62,9,73,27,171,182,28,210,381
05/19/2016,MWH,WA,ANM,WE,Combined TRACON& Tower with Radar,14,4,15,17,50,0,1,66,6,73,14,5,81,23,123,186,12,198,321
05/20/2016,MWH,WA,ANM,WE,Combined TRACON& Tower with Radar,36,3,18,0,57,2,1,13,0,16,38,4,31,0,73,6,0,6,79
05/21/2016,MWH,WA,ANM,WE,Combined TRACON& Tower with Radar,24,0,5,0,29,4,0,11,0,15,28,0,16,0,44,2,0,2,46
05/22/2016,MWH,WA,ANM,WE,Combined TRACON& Tower with Radar,12,0,10,0,22,4,0,8,0,12,16,0,18,0,34,10,0,10,44
05/23/2016,MWH,WA,ANM,WE,Combined TRACON& Tower with Radar,27,2,35,34,98,5,3,62,8,78,32,5,97,42,176,62,86,148,324
05/24/2016,MWH,WA,ANM,WE,Combined TRACON& Tower with Radar,41,6,19,22,88,0,0,32,4,36,41,6,51,26,124,0,0,0,124
05/25/2016,MWH,WA,ANM,WE,Combined TRACON& Tower with Radar,13,12,29,26,80,0,1,68,8,77,13,13,97,34,157,136,30,166,323
05/26/2016,MWH,WA,ANM,WE,Combined TRACON& Tower with Radar,13,4,14,16,47,1,0,43,8,52,14,4,57,24,99,92,12,104,203
05/27/2016,MWH,WA,ANM,WE,Combined TRACON& Tower with Radar,4,3,11,2,20,0,1,15,0,16,4,4,26,2,36,20,0,20,56
05/28/2016,MWH,WA,ANM,WE,Combined TRACON& Tower with Radar,2,0,1,0,3,0,0,16,2,18,2,0,17,2,21,12,0,12,33
05/29/2016,MWH,WA,ANM,WE,Combined TRACON& Tower with Radar,0,2,4,1,7,0,0,4,1,5,0,2,8,2,12,0,0,0,12
05/30/2016,MWH,WA,ANM,WE,Combined TRACON& Tower with Radar,0,2,3,2,7,0,0,16,0,16,0,2,19,2,23,9,0,9,32
05/31/2016,MWH,WA,ANM,WE,Combined TRACON& Tower with Radar,6,4,15,29,54,1,0,81,13,95,7,4,96,42,149,181,64,245,394
06/01/2016,MWH,WA,ANM,WE,Combined TRACON& Tower with Radar,20,4,12,15,51,0,4,77,5,86,20,8,89,20,137,190,38,228,365
06/02/2016,MWH,WA,ANM,WE,Combined TRACON& Tower with Radar,15,7,19,8,49,0,3,37,18,58,15,10,56,26,107,106,22,128,235
06/03/2016,MWH,WA,ANM,WE,Combined TRACON& Tower with Radar,8,4,8,11,31,0,0,14,4,18,8,4,22,15,49,8,18,26,75
06/04/2016,MWH,WA,ANM,WE,Combined TRACON& Tower with Radar,12,0,6,6,24,0,0,18,0,18,12,0,24,6,42,6,0,6,48
06/05/2016,MWH,WA,ANM,WE,Combined TRACON& Tower with Radar,3,0,7,0,10,27,0,6,0,33,30,0,13,0,43,2,0,2,45
06/06/2016,MWH,WA,ANM,WE,Combined TRACON& Tower with Radar,7,2,15,44,68,0,2,63,5,70,7,4,78,49,138,168,20,188,326
06/07/2016,MWH,WA,ANM,WE,Combined TRACON& Tower with Radar,31,4,16,18,69,0,2,51,14,67,31,6,67,32,136,110,22,132,268
06/08/2016,MWH,WA,ANM,WE,Combined TRACON& Tower with Radar,28,4,8,18,58,0,0,23,17,40,28,4,31,35,98,90,54,144,242
06/09/2016,MWH,WA,ANM,WE,Combined TRACON& Tower with Radar,32,4,21,29,86,1,2,34,13,50,33,6,55,42,136,68,46,114,250
06/10/2016,MWH,WA,ANM,WE,Combined TRACON& Tower with Radar,19,4,6,5,34,6,3,18,1,28,25,7,24,6,62,36,0,36,98
06/11/2016,MWH,WA,ANM,WE,Combined TRACON& Tower with Radar,4,0,9,5,18,0,0,20,2,22,4,0,29,7,40,40,10,50,90
06/12/2016,MWH,WA,ANM,WE,Combined TRACON& Tower with Radar,4,0,4,0,8,0,0,7,0,7,4,0,11,0,15,32,0,32,47
06/13/2016,MWH,WA,ANM,WE,Combined TRACON& Tower with Radar,2,9,6,18,35,0,3,2,3,8,2,12,8,21,43,10,38,48,91
06/14/2016,MWH,WA,ANM,WE,Combined TRACON& Tower with Radar,11,4,3,29,47,0,0,9,25,34,11,4,12,54,81,16,64,80,161
06/15/2016,MWH,WA,ANM,WE,Combined TRACON& Tower with Radar,19,4,14,45,82,20,3,12,27,62,39,7,26,72,144,24,72,96,240
06/16/2016,MWH,WA,ANM,WE,Combined TRACON& Tower with Radar,14,4,3,16,37,10,2,4,3,19,24,6,7,19,56,12,26,38,94
06/17/2016,MWH,WA,ANM,WE,Combined TRACON& Tower with Radar,24,3,11,21,59,0,2,16,16,34,24,5,27,37,93,12,34,46,139
06/18/2016,MWH,WA,ANM,WE,Combined TRACON& Tower with Radar,6,2,25,1,34,36,1,3,0,40,42,3,28,1,74,6,0,6,80
06/19/2016,MWH,WA,ANM,WE,Combined TRACON& Tower with Radar,6,0,10,0,16,0,0,22,0,22,6,0,32,0,38,0,0,0,38
06/20/2016,MWH,WA,ANM,WE,Combined TRACON& Tower with Radar,30,2,3,13,48,54,2,34,5,95,84,4,37,18,143,2,12,14,157
06/21/2016,MWH,WA,ANM,WE,Combined TRACON& Tower with Radar,28,6,8,10,52,52,3,23,4,82,80,9,31,14,134,0,30,30,164
06/22/2016,MWH,WA,ANM,WE,Combined TRACON& Tower with Radar,8,3,6,18,35,15,28,19,10,72,23,31,25,28,107,0,36,36,143
06/23/2016,MWH,WA,ANM,WE,Combined TRACON& Tower with Radar,14,5,7,15,41,18,37,10,2,67,32,42,17,17,108,0,8,8,116
06/24/2016,MWH,WA,ANM,WE,Combined TRACON& Tower with Radar,23,11,1,7,42,10,2,6,2,20,33,13,7,9,62,6,0,6,68
06/25/2016,MWH,WA,ANM,WE,Combined TRACON& Tower with Radar,21,1,3,0,25,13,0,8,0,21,34,1,11,0,46,0,0,0,46
06/26/2016,MWH,WA,ANM,WE,Combined TRACON& Tower with Radar,13,0,0,2,15,4,0,8,0,12,17,0,8,2,27,4,0,4,31
06/27/2016,MWH,WA,ANM,WE,Combined TRACON& Tower with Radar,24,3,10,16,53,0,4,11,8,23,24,7,21,24,76,4,46,50,126
06/28/2016,MWH,WA,ANM,WE,Combined TRACON& Tower with Radar,23,9,1,25,58,4,1,14,2,21,27,10,15,27,79,10,64,74,153
06/29/2016,MWH,WA,ANM,WE,Combined TRACON& Tower with Radar,17,5,7,19,48,14,3,6,13,36,31,8,13,32,84,2,38,40,124
06/30/2016,MWH,WA,ANM,WE,Combined TRACON& Tower with Radar,20,4,8,30,62,47,1,32,11,91,67,5,40,41,153,0,32,32,185
07/01/2016,MWH,WA,ANM,WE,Combined TRACON& Tower with Radar,26,5,8,10,49,17,1,28,0,46,43,6,36,10,95,0,0,0,95
07/02/2016,MWH,WA,ANM,WE,Combined TRACON& Tower with Radar,0,0,6,0,6,0,0,2,1,3,0,0,8,1,9,0,0,0,9
07/03/2016,MWH,WA,ANM,WE,Combined TRACON& Tower with Radar,0,0,1,0,1,0,0,0,0,0,0,0,1,0,1,0,0,0,1
07/04/2016,MWH,WA,ANM,WE,Combined TRACON& Tower with Radar,0,0,4,0,4,0,0,7,0,7,0,0,11,0,11,2,0,2,13
07/05/2016,MWH,WA,ANM,WE,Combined TRACON& Tower with Radar,15,4,23,4,46,0,0,47,0,47,15,4,70,4,93,170,2,172,265
07/06/2016,MWH,WA,ANM,WE,Combined TRACON& Tower with Radar,40,9,16,17,82,4,16,80,3,103,44,25,96,20,185,184,50,234,419
07/07/2016,MWH,WA,ANM,WE,Combined TRACON& Tower with Radar,22,4,25,22,73,3,2,74,13,92,25,6,99,35,165,138,56,194,359
07/08/2016,MWH,WA,ANM,WE,Combined TRACON& Tower with Radar,37,3,33,33,106,2,2,37,14,55,39,5,70,47,161,125,60,185,346
07/09/2016,MWH,WA,ANM,WE,Combined TRACON& Tower with Radar,19,2,14,5,40,6,0,9,0,15,25,2,23,5,55,2,14,16,71
07/10/2016,MWH,WA,ANM,WE,Combined TRACON& Tower with Radar,4,2,7,0,13,0,2,8,0,10,4,4,15,0,23,0,0,0,23
07/11/2016,MWH,WA,ANM,WE,Combined TRACON& Tower with Radar,8,4,14,25,51,0,2,39,6,47,8,6,53,31,98,98,22,120,218
07/12/2016,MWH,WA,ANM,WE,Combined TRACON& Tower with Radar,43,5,27,19,94,32,0,68,9,109,75,5,95,28,203,173,18,191,394
07/13/2016,MWH,WA,ANM,WE,Combined TRACON& Tower with Radar,33,8,8,13,62,21,4,59,5,89,54,12,67,18,151,152,30,182,333
07/14/2016,MWH,WA,ANM,WE,Combined TRACON& Tower with Radar,33,6,25,19,83,1,1,72,8,82,34,7,97,27,165,122,70,192,357
07/15/2016,MWH,WA,ANM,WE,Combined TRACON& Tower with Radar,25,6,12,1,44,4,0,42,3,49,29,6,54,4,93,126,12,138,231
07/16/2016,MWH,WA,ANM,WE,Combined TRACON& Tower with Radar,10,1,0,2,13,0,1,2,0,3,10,2,2,2,16,0,0,0,16
07/17/2016,MWH,WA,ANM,WE,Combined TRACON& Tower with Radar,0,0,4,9,13,0,0,13,0,13,0,0,17,9,26,8,10,18,44
07/18/2016,MWH,WA,ANM,WE,Combined TRACON& Tower with Radar,16,5,10,35,66,0,0,37,25,62,16,5,47,60,128,110,76,186,314
07/19/2016,MWH,WA,ANM,WE,Combined TRACON& Tower with Radar,6,4,12,13,35,0,1,64,13,78,6,5,76,26,113,104,56,160,273
07/20/2016,MWH,WA,ANM,WE,Combined TRACON& Tower with Radar,19,5,8,23,55,10,2,55,5,72,29,7,63,28,127,164,30,194,321
07/21/2016,MWH,WA,ANM,WE,Combined TRACON& Tower with Radar,49,4,12,20,85,13,0,55,16,84,62,4,67,36,169,174,22,196,365
07/22/2016,MWH,WA,ANM,WE,Combined TRACON& Tower with Radar,18,7,10,2,37,1,3,25,2,31,19,10,35,4,68,92,0,92,160
07/23/2016,MWH,WA,ANM,WE,Combined TRACON& Tower with Radar,12,1,4,0,17,0,0,8,0,8,12,1,12,0,25,34,2,36,61
07/24/2016,MWH,WA,ANM,WE,Combined TRACON& Tower with Radar,4,1,2,0,7,0,0,13,0,13,4,1,15,0,20,18,0,18,38
07/25/2016,MWH,WA,ANM,WE,Combined TRACON& Tower with Radar,24,2,6,9,41,1,2,70,8,81,25,4,76,17,122,152,40,192,314
07/26/2016,MWH,WA,ANM,WE,Combined TRACON& Tower with Radar,14,5,4,6,29,0,1,70,3,74,14,6,74,9,103,90,22,112,215
07/27/2016,MWH,WA,ANM,WE,Combined TRACON& Tower with Radar,20,4,9,7,40,0,2,67,7,76,20,6,76,14,116,142,32,174,290
07/28/2016,MWH,WA,ANM,WE,Combined TRACON& Tower with Radar,23,4,16,30,73,3,0,75,13,91,26,4,91,43,164,144,38,182,346
07/29/2016,MWH,WA,ANM,WE,Combined TRACON& Tower with Radar,29,4,19,8,60,6,3,59,8,76,35,7,78,16,136,158,16,174,310
07/30/2016,MWH,WA,ANM,WE,Combined TRACON& Tower with Radar,9,0,2,0,11,2,8,23,0,33,11,8,25,0,44,0,0,0,44
07/31/2016,MWH,WA,ANM,WE,Combined TRACON& Tower with Radar,5,2,15,0,22,0,4,24,1,29,5,6,39,1,51,8,0,8,59
08/01/2016,MWH,WA,ANM,WE,Combined TRACON& Tower with Radar,17,2,20,33,72,1,22,48,39,110,18,24,68,72,182,164,56,220,402
08/02/2016,MWH,WA,ANM,WE,Combined TRACON& Tower with Radar,6,6,29,10,51,0,12,42,12,66,6,18,71,22,117,151,32,183,300
08/03/2016,MWH,WA,ANM,WE,Combined TRACON& Tower with Radar,17,6,26,23,72,4,14,92,33,143,21,20,118,56,215,176,46,222,437
08/04/2016,MWH,WA,ANM,WE,Combined TRACON& Tower with Radar,13,7,12,2,34,0,27,77,7,111,13,34,89,9,145,142,2,144,289
08/05/2016,MWH,WA,ANM,WE,Combined TRACON& Tower with Radar,23,8,18,2,51,22,7,48,2,79,45,15,66,4,130,180,6,186,316
08/06/2016,MWH,WA,ANM,WE,Combined TRACON& Tower with Radar,8,1,4,0,13,1,68,34,11,114,9,69,38,11,127,32,0,32,159
08/07/2016,MWH,WA,ANM,WE,Combined TRACON& Tower with Radar,0,0,5,0,5,6,15,18,3,42,6,15,23,3,47,4,0,4,51
08/08/2016,MWH,WA,ANM,WE,Combined TRACON& Tower with Radar,19,3,21,30,73,0,2,51,11,64,19,5,72,41,137,106,68,174,311
08/09/2016,MWH,WA,ANM,WE,Combined TRACON& Tower with Radar,41,5,18,24,88,1,2,54,12,69,42,7,72,36,157,98,26,124,281
08/10/2016,MWH,WA,ANM,WE,Combined TRACON& Tower with Radar,38,4,13,32,87,0,4,44,1,49,38,8,57,33,136,168,22,190,326
08/11/2016,MWH,WA,ANM,WE,Combined TRACON& Tower with Radar,18,6,12,14,50,0,0,42,2,44,18,6,54,16,94,74,12,86,180
08/12/2016,MWH,WA,ANM,WE,Combined TRACON& Tower with Radar,45,3,2,2,52,6,3,35,2,46,51,6,37,4,98,58,4,62,160
08/13/2016,MWH,WA,ANM,WE,Combined TRACON& Tower with Radar,8,0,1,5,14,3,0,9,1,13,11,0,10,6,27,2,0,2,29
08/14/2016,MWH,WA,ANM,WE,Combined TRACON& Tower with Radar,15,0,6,1,22,6,0,4,1,11,21,0,10,2,33,0,0,0,33
08/15/2016,MWH,WA,ANM,WE,Combined TRACON& Tower with Radar,26,2,32,7,67,0,1,3,0,4,26,3,35,7,71,2,8,10,81
08/16/2016,MWH,WA,ANM,WE,Combined TRACON& Tower with Radar,29,5,6,11,51,0,1,9,2,12,29,6,15,13,63,0,0,0,63
08/17/2016,MWH,WA,ANM,WE,Combined TRACON& Tower with Radar,33,5,4,30,72,0,2,11,8,21,33,7,15,38,93,8,41,49,142
08/18/2016,MWH,WA,ANM,WE,Combined TRACON& Tower with Radar,48,5,10,20,83,8,5,7,10,30,56,10,17,30,113,1,30,31,144
08/19/2016,MWH,WA,ANM,WE,Combined TRACON& Tower with Radar,27,4,4,6,41,5,14,1,14,34,32,18,5,20,75,0,34,34,109
08/20/2016,MWH,WA,ANM,WE,Combined TRACON& Tower with Radar,12,0,3,0,15,32,0,14,0,46,44,0,17,0,61,0,0,0,61
08/21/2016,MWH,WA,ANM,WE,Combined TRACON& Tower with Radar,6,0,1,0,7,0,0,6,1,7,6,0,7,1,14,0,0,0,14
08/22/2016,MWH,WA,ANM,WE,Combined TRACON& Tower with Radar,16,2,13,19,50,3,10,18,20,51,19,12,31,39,101,4,28,32,133
08/23/2016,MWH,WA,ANM,WE,Combined TRACON& Tower with Radar,36,7,15,11,69,0,10,12,6,28,36,17,27,17,97,0,36,36,133
08/24/2016,MWH,WA,ANM,WE,Combined TRACON& Tower with Radar,5,7,19,17,48,2,2,25,2,31,7,9,44,19,79,8,0,8,87
08/25/2016,MWH,WA,ANM,WE,Combined TRACON& Tower with Radar,29,6,8,2,45,2,4,16,3,25,31,10,24,5,70,0,0,0,70
08/26/2016,MWH,WA,ANM,WE,Combined TRACON& Tower with Radar,26,8,9,0,43,4,2,7,0,13,30,10,16,0,56,0,0,0,56
08/27/2016,MWH,WA,ANM,WE,Combined TRACON& Tower with Radar,8,1,4,0,13,23,5,11,0,39,31,6,15,0,52,0,0,0,52
08/28/2016,MWH,WA,ANM,WE,Combined TRACON& Tower with Radar,18,0,23,2,43,39,16,20,21,96,57,16,43,23,139,14,0,14,153
08/29/2016,MWH,WA,ANM,WE,Combined TRACON& Tower with Radar,21,2,19,5,47,0,2,8,2,12,21,4,27,7,59,0,16,16,75
08/30/2016,MWH,WA,ANM,WE,Combined TRACON& Tower with Radar,28,6,32,14,80,0,2,19,8,29,28,8,51,22,109,14,4,18,127
08/31/2016,MWH,WA,ANM,WE,Combined TRACON& Tower with Radar,24,6,25,21,76,4,15,15,22,56,28,21,40,43,132,10,58,68,200
09/01/2016,MWH,WA,ANM,WE,Combined TRACON& Tower with Radar,15,4,6,27,52,1,0,21,4,26,16,4,27,31,78,2,52,54,132
09/02/2016,MWH,WA,ANM,WE,Combined TRACON& Tower with Radar,28,6,28,2,64,0,0,7,1,8,28,6,35,3,72,0,0,0,72
09/03/2016,MWH,WA,ANM,WE,Combined TRACON& Tower with Radar,6,0,10,0,16,4,1,9,2,16,10,1,19,2,32,20,0,20,52
09/04/2016,MWH,WA,ANM,WE,Combined TRACON& Tower with Radar,8,0,3,0,11,0,0,7,0,7,8,0,10,0,18,8,0,8,26
09/05/2016,MWH,WA,ANM,WE,Combined TRACON& Tower with Radar,0,0,3,0,3,0,0,12,0,12,0,0,15,0,15,2,0,2,17
09/06/2016,MWH,WA,ANM,WE,Combined TRACON& Tower with Radar,12,3,5,26,46,0,1,8,4,13,12,4,13,30,59,8,60,68,127
09/07/2016,MWH,WA,ANM,WE,Combined TRACON& Tower with Radar,40,10,5,18,73,11,3,9,3,26,51,13,14,21,99,8,50,58,157
09/08/2016,MWH,WA,ANM,WE,Combined TRACON& Tower with Radar,15,4,6,33,58,4,0,10,8,22,19,4,16,41,80,8,47,55,135
09/09/2016,MWH,WA,ANM,WE,Combined TRACON& Tower with Radar,25,4,12,5,46,0,0,26,1,27,25,4,38,6,73,98,20,118,191
09/10/2016,MWH,WA,ANM,WE,Combined TRACON& Tower with Radar,14,0,1,2,17,0,3,3,0,6,14,3,4,2,23,0,0,0,23
09/11/2016,MWH,WA,ANM,WE,Combined TRACON& Tower with Radar,20,0,4,1,25,39,14,5,3,61,59,14,9,4,86,0,0,0,86
09/12/2016,MWH,WA,ANM,WE,Combined TRACON& Tower with Radar,10,2,4,27,43,5,5,5,4,19,15,7,9,31,62,0,25,25,87
09/13/2016,MWH,WA,ANM,WE,Combined TRACON& Tower with Radar,17,4,8,8,37,0,1,12,1,14,17,5,20,9,51,0,30,30,81
09/14/2016,MWH,WA,ANM,WE,Combined TRACON& Tower with Radar,14,5,9,19,47,0,7,34,3,44,14,12,43,22,91,48,11,59,150
09/15/2016,MWH,WA,ANM,WE,Combined TRACON& Tower with Radar,34,3,12,11,60,24,10,61,1,96,58,13,73,12,156,54,12,66,222
09/16/2016,MWH,WA,ANM,WE,Combined TRACON& Tower with Radar,10,8,11,1,30,0,0,22,0,22,10,8,33,1,52,22,0,22,74
09/17/2016,MWH,WA,ANM,WE,Combined TRACON& Tower with Radar,4,0,0,2,6,0,0,2,0,2,4,0,2,2,8,0,0,0,8
09/18/2016,MWH,WA,ANM,WE,Combined TRACON& Tower with Radar,19,0,7,2,28,7,17,9,0,33,26,17,16,2,61,0,0,0,61
09/19/2016,MWH,WA,ANM,WE,Combined TRACON& Tower with Radar,31,3,10,18,62,0,6,64,12,82,31,9,74,30,144,134,28,162,306
09/20/2016,MWH,WA,ANM,WE,Combined TRACON& Tower with Radar,27,6,23,8,64,3,7,109,3,122,30,13,132,11,186,214,0,214,400
09/21/2016,MWH,WA,ANM,WE,Combined TRACON& Tower with Radar,15,5,9,15,44,0,3,102,10,115,15,8,111,25,159,195,38,233,392
09/22/2016,MWH,WA,ANM,WE,Combined TRACON& Tower with Radar,34,6,14,16,70,13,15,85,11,124,47,21,99,27,194,210,18,228,422
09/23/2016,MWH,WA,ANM,WE,Combined TRACON& Tower with Radar,49,5,24,16,94,7,7,16,1,31,56,12,40,17,125,4,24,28,153
09/24/2016,MWH,WA,ANM,WE,Combined TRACON& Tower with Radar,14,0,6,0,20,0,0,10,0,10,14,0,16,0,30,10,0,10,40
09/25/2016,MWH,WA,ANM,WE,Combined TRACON& Tower with Radar,2,0,7,0,9,0,1,8,0,9,2,1,15,0,18,0,0,0,18
09/26/2016,MWH,WA,ANM,WE,Combined TRACON& Tower with Radar,26,4,13,27,70,0,2,83,2,87,26,6,96,29,157,118,21,139,296
09/27/2016,MWH,WA,ANM,WE,Combined TRACON& Tower with Radar,15,4,9,2,30,2,1,95,7,105,17,5,104,9,135,106,12,118,253
09/28/2016,MWH,WA,ANM,WE,Combined TRACON& Tower with Radar,19,4,9,15,47,6,14,89,9,118,25,18,98,24,165,252,50,302,467
09/29/2016,MWH,WA,ANM,WE,Combined TRACON& Tower with Radar,34,4,15,23,76,20,0,87,6,113,54,4,102,29,189,160,22,182,371
09/30/2016,MWH,WA,ANM,WE,Combined TRACON& Tower with Radar,9,7,13,1,30,1,0,12,1,14,10,7,25,2,44,2,0,2,46
10/01/2016,MWH,WA,ANM,WE,Combined TRACON& Tower with Radar,2,4,0,0,6,87,0,1,0,88,89,4,1,0,94,0,0,0,94
10/02/2016,MWH,WA,ANM,WE,Combined TRACON& Tower with Radar,8,0,0,0,8,88,0,9,0,97,96,0,9,0,105,0,0,0,105
10/03/2016,MWH,WA,ANM,WE,Combined TRACON& Tower with Radar,0,2,12,20,34,0,2,73,12,87,0,4,85,32,121,236,58,294,415
10/04/2016,MWH,WA,ANM,WE,Combined TRACON& Tower with Radar,9,5,14,11,39,0,1,73,28,102,9,6,87,39,141,182,69,251,392
10/05/2016,MWH,WA,ANM,WE,Combined TRACON& Tower with Radar,27,4,9,36,76,0,1,65,2,68,27,5,74,38,144,182,78,260,404
10/06/2016,MWH,WA,ANM,WE,Combined TRACON& Tower with Radar,29,5,9,30,73,7,7,74,13,101,36,12,83,43,174,186,42,228,402
10/07/2016,MWH,WA,ANM,WE,Combined TRACON& Tower with Radar,16,8,6,19,49,4,0,2,5,11,20,8,8,24,60,0,44,44,104
10/08/2016,MWH,WA,ANM,WE,Combined TRACON& Tower with Radar,15,2,4,0,21,23,0,6,0,29,38,2,10,0,50,2,0,2,52
10/09/2016,MWH,WA,ANM,WE,Combined TRACON& Tower with Radar,7,0,4,0,11,0,0,1,0,1,7,0,5,0,12,4,0,4,16
10/10/2016,MWH,WA,ANM,WE,Combined TRACON& Tower with Radar,14,4,4,0,22,8,2,55,0,65,22,6,59,0,87,148,0,148,235
10/11/2016,MWH,WA,ANM,WE,Combined TRACON& Tower with Radar,12,5,8,11,36,0,15,71,10,96,12,20,79,21,132,184,54,238,370
10/12/2016,MWH,WA,ANM,WE,Combined TRACON& Tower with Radar,16,5,9,14,44,0,2,62,12,76,16,7,71,26,120,168,8,176,296
10/13/2016,MWH,WA,ANM,WE,Combined TRACON& Tower with Radar,10,8,12,7,37,0,0,2,0,2,10,8,14,7,39,10,0,10,49
10/14/2016,MWH,WA,ANM,WE,Combined TRACON& Tower with Radar,6,4,8,0,18,10,10,3,4,27,16,14,11,4,45,0,0,0,45
10/15/2016,MWH,WA,ANM,WE,Combined TRACON& Tower with Radar,2,6,0,0,8,0,0,1,0,1,2,6,1,0,9,0,0,0,9
10/16/2016,MWH,WA,ANM,WE,Combined TRACON& Tower with Radar,2,0,3,0,5,0,0,0,0,0,2,0,3,0,5,0,0,0,5
10/17/2016,MWH,WA,ANM,WE,Combined TRACON& Tower with Radar,3,2,7,10,22,1,6,62,3,72,4,8,69,13,94,258,25,283,377
10/18/2016,MWH,WA,ANM,WE,Combined TRACON& Tower with Radar,27,6,10,61,104,0,0,67,19,86,27,6,77,80,190,292,220,512,702
10/19/2016,MWH,WA,ANM,WE,Combined TRACON& Tower with Radar,14,6,4,13,37,0,0,83,3,86,14,6,87,16,123,364,26,390,513
10/20/2016,MWH,WA,ANM,WE,Combined TRACON& Tower with Radar,20,5,6,2,33,0,1,73,3,77,20,6,79,5,110,364,2,366,476
10/21/2016,MWH,WA,ANM,WE,Combined TRACON& Tower with Radar,12,3,2,0,17,0,0,5,0,5,12,3,7,0,22,0,0,0,22
10/22/2016,MWH,WA,ANM,WE,Combined TRACON& Tower with Radar,10,0,2,0,12,0,0,14,0,14,10,0,16,0,26,4,0,4,30
10/23/2016,MWH,WA,ANM,WE,Combined TRACON& Tower with Radar,0,2,2,0,4,0,0,8,0,8,0,2,10,0,12,10,0,10,22
10/24/2016,MWH,WA,ANM,WE,Combined TRACON& Tower with Radar,23,5,12,34,74,0,2,68,9,79,23,7,80,43,153,220,42,262,415
10/25/2016,MWH,WA,ANM,WE,Combined TRACON& Tower with Radar,13,4,16,10,43,0,1,74,15,90,13,5,90,25,133,278,42,320,453
10/26/2016,MWH,WA,ANM,WE,Combined TRACON& Tower with Radar,15,5,9,5,34,0,0,1,0,1,15,5,10,5,35,0,0,0,35
10/27/2016,MWH,WA,ANM,WE,Combined TRACON& Tower with Radar,4,8,18,6,36,0,0,0,7,7,4,8,18,13,43,0,26,26,69
10/28/2016,MWH,WA,ANM,WE,Combined TRACON& Tower with Radar,30,5,6,0,41,17,1,4,0,22,47,6,10,0,63,8,0,8,71
10/29/2016,MWH,WA,ANM,WE,Combined TRACON& Tower with Radar,8,0,5,0,13,0,0,5,0,5,8,0,10,0,18,12,0,12,30
10/30/2016,MWH,WA,ANM,WE,Combined TRACON& Tower with Radar,0,3,0,0,3,0,0,5,0,5,0,3,5,0,8,10,0,10,18
10/31/2016,MWH,WA,ANM,WE,Combined TRACON& Tower with Radar,28,5,17,10,60,4,3,52,1,60,32,8,69,11,120,230,58,288,408
11/01/2016,MWH,WA,ANM,WE,Combined TRACON& Tower with Radar,9,10,19,12,50,0,4,68,3,75,9,14,87,15,125,298,12,310,435
11/02/2016,MWH,WA,ANM,WE,Combined TRACON& Tower with Radar,36,7,21,32,96,0,3,62,10,75,36,10,83,42,171,222,39,261,432
11/03/2016,MWH,WA,ANM,WE,Combined TRACON& Tower with Radar,10,5,14,52,81,0,2,76,0,78,10,7,90,52,159,368,28,396,555
11/04/2016,MWH,WA,ANM,WE,Combined TRACON& Tower with Radar,24,3,10,13,50,11,1,26,4,42,35,4,36,17,92,16,11,27,119
11/05/2016,MWH,WA,ANM,WE,Combined TRACON& Tower with Radar,27,1,0,10,38,2,1,8,5,16,29,2,8,15,54,12,4,16,70
11/06/2016,MWH,WA,ANM,WE,Combined TRACON& Tower with Radar,4,0,11,1,16,0,0,24,4,28,4,0,35,5,44,16,0,16,60
11/07/2016,MWH,WA,ANM,WE,Combined TRACON& Tower with Radar,16,2,11,22,51,3,6,51,6,66,19,8,62,28,117,322,48,370,487
11/08/2016,MWH,WA,ANM,WE,Combined TRACON& Tower with Radar,19,5,12,8,44,8,0,57,0,65,27,5,69,8,109,326,6,332,441
11/09/2016,MWH,WA,ANM,WE,Combined TRACON& Tower with Radar,12,11,11,22,56,8,4,64,12,88,20,15,75,34,144,354,43,397,541
11/10/2016,MWH,WA,ANM,WE,Combined TRACON& Tower with Radar,30,4,9,34,77,16,1,20,3,40,46,5,29,37,117,8,22,30,147
11/11/2016,MWH,WA,ANM,WE,Combined TRACON& Tower with Radar,10,7,4,0,21,1,1,5,2,9,11,8,9,2,30,0,10,10,40
11/12/2016,MWH,WA,ANM,WE,Combined TRACON& Tower with Radar,2,0,3,0,5,3,3,11,0,17,5,3,14,0,22,12,0,12,34
11/13/2016,MWH,WA,ANM,WE,Combined TRACON& Tower with Radar,22,1,10,0,33,24,1,7,0,32,46,2,17,0,65,10,0,10,75
11/14/2016,MWH,WA,ANM,WE,Combined TRACON& Tower with Radar,13,2,5,11,31,0,4,56,9,69,13,6,61,20,100,386,20,406,506
11/15/2016,MWH,WA,ANM,WE,Combined TRACON& Tower with Radar,14,6,14,10,44,3,0,19,4,26,17,6,33,14,70,88,22,110,180
11/16/2016,MWH,WA,ANM,WE,Combined TRACON& Tower with Radar,24,5,14,37,80,10,1,78,21,110,34,6,92,58,190,492,128,620,810
11/17/2016,MWH,WA,ANM,WE,Combined TRACON& Tower with Radar,20,4,1,15,40,0,2,7,9,18,20,6,8,24,58,50,47,97,155
11/18/2016,MWH,WA,ANM,WE,Combined TRACON& Tower with Radar,30,4,6,1,41,4,0,13,0,17,34,4,19,1,58,4,0,4,62
11/19/2016,MWH,WA,ANM,WE,Combined TRACON& Tower with Radar,10,0,8,0,18,0,0,3,0,3,10,0,11,0,21,0,0,0,21
11/20/2016,MWH,WA,ANM,WE,Combined TRACON& Tower with Radar,0,0,6,0,6,0,0,24,1,25,0,0,30,1,31,12,2,14,45
11/21/2016,MWH,WA,ANM,WE,Combined TRACON& Tower with Radar,0,4,31,4,39,0,0,1,0,1,0,4,32,4,40,0,0,0,40
11/22/2016,MWH,WA,ANM,WE,Combined TRACON& Tower with Radar,25,2,19,15,61,2,1,1,8,12,27,3,20,23,73,0,4,4,77
11/23/2016,MWH,WA,ANM,WE,Combined TRACON& Tower with Radar,19,5,8,16,48,14,1,8,3,26,33,6,16,19,74,18,16,34,108
11/24/2016,MWH,WA,ANM,WE,Combined TRACON& Tower with Radar,0,0,0,0,0,0,0,0,0,0,0,0,0,0,0,0,0,0,0
11/25/2016,MWH,WA,ANM,WE,Combined TRACON& Tower with Radar,0,4,3,0,7,0,0,14,0,14,0,4,17,0,21,6,0,6,27
11/26/2016,MWH,WA,ANM,WE,Combined TRACON& Tower with Radar,6,0,0,0,6,7,2,2,0,11,13,2,2,0,17,0,0,0,17
11/27/2016,MWH,WA,ANM,WE,Combined TRACON& Tower with Radar,10,0,3,0,13,0,0,4,0,4,10,0,7,0,17,2,0,2,19
11/28/2016,MWH,WA,ANM,WE,Combined TRACON& Tower with Radar,20,10,21,27,78,0,0,70,4,74,20,10,91,31,152,474,43,517,669
11/29/2016,MWH,WA,ANM,WE,Combined TRACON& Tower with Radar,10,2,23,14,49,6,0,69,4,79,16,2,92,18,128,410,28,438,566
11/30/2016,MWH,WA,ANM,WE,Combined TRACON& Tower with Radar,31,4,7,20,62,0,4,17,18,39,31,8,24,38,101,12,24,36,137
12/01/2016,MWH,WA,ANM,WE,Combined TRACON& Tower with Radar,34,15,22,58,129,17,0,63,11,91,51,15,85,69,220,248,108,356,576
12/02/2016,MWH,WA,ANM,WE,Combined TRACON& Tower with Radar,12,2,5,36,55,0,0,6,2,8,12,2,11,38,63,0,8,8,71
12/03/2016,MWH,WA,ANM,WE,Combined TRACON& Tower with Radar,2,0,5,0,7,0,0,12,0,12,2,0,17,0,19,0,0,0,19
12/04/2016,MWH,WA,ANM,WE,Combined TRACON& Tower with Radar,2,0,6,0,8,1,0,1,0,2,3,0,7,0,10,0,0,0,10
12/05/2016,MWH,WA,ANM,WE,Combined TRACON& Tower with Radar,17,2,16,12,47,0,0,28,8,36,17,2,44,20,83,162,36,198,281
12/06/2016,MWH,WA,ANM,WE,Combined TRACON& Tower with Radar,18,2,16,2,38,0,0,5,0,5,18,2,21,2,43,20,18,38,81
12/07/2016,MWH,WA,ANM,WE,Combined TRACON& Tower with Radar,24,2,19,20,65,10,0,19,7,36,34,2,38,27,101,42,11,53,154
12/08/2016,MWH,WA,ANM,WE,Combined TRACON& Tower with Radar,10,6,1,14,31,0,1,0,8,9,10,7,1,22,40,0,50,50,90
12/09/2016,MWH,WA,ANM,WE,Combined TRACON& Tower with Radar,24,4,3,0,31,0,1,0,0,1,24,5,3,0,32,0,0,0,32
12/10/2016,MWH,WA,ANM,WE,Combined TRACON& Tower with Radar,10,0,2,2,14,0,0,0,0,0,10,0,2,2,14,0,0,0,14
12/11/2016,MWH,WA,ANM,WE,Combined TRACON& Tower with Radar,1,0,2,0,3,0,0,0,0,0,1,0,2,0,3,0,0,0,3
12/12/2016,MWH,WA,ANM,WE,Combined TRACON& Tower with Radar,19,2,7,10,38,0,0,4,0,4,19,2,11,10,42,2,16,18,60
12/13/2016,MWH,WA,ANM,WE,Combined TRACON& Tower with Radar,23,11,4,7,45,0,0,4,1,5,23,11,8,8,50,18,12,30,80
12/14/2016,MWH,WA,ANM,WE,Combined TRACON& Tower with Radar,48,2,5,7,62,6,1,1,2,10,54,3,6,9,72,0,6,6,78
12/15/2016,MWH,WA,ANM,WE,Combined TRACON& Tower with Radar,20,3,18,5,46,0,0,0,5,5,20,3,18,10,51,0,0,0,51
12/16/2016,MWH,WA,ANM,WE,Combined TRACON& Tower with Radar,38,5,31,9,83,0,6,3,0,9,38,11,34,9,92,0,42,42,134
12/17/2016,MWH,WA,ANM,WE,Combined TRACON& Tower with Radar,12,0,3,0,15,0,0,9,0,9,12,0,12,0,24,8,0,8,32
12/18/2016,MWH,WA,ANM,WE,Combined TRACON& Tower with Radar,6,2,2,0,10,0,0,2,0,2,6,2,4,0,12,6,0,6,18
12/19/2016,MWH,WA,ANM,WE,Combined TRACON& Tower with Radar,21,2,10,8,41,10,0,2,0,12,31,2,12,8,53,0,10,10,63
12/20/2016,MWH,WA,ANM,WE,Combined TRACON& Tower with Radar,15,2,0,10,27,0,0,0,0,0,15,2,0,10,27,0,0,0,27
12/21/2016,MWH,WA,ANM,WE,Combined TRACON& Tower with Radar,11,4,10,12,37,0,1,8,5,14,11,5,18,17,51,18,24,42,93
12/22/2016,MWH,WA,ANM,WE,Combined TRACON& Tower with Radar,10,1,2,16,29,0,1,1,11,13,10,2,3,27,42,0,22,22,64
12/23/2016,MWH,WA,ANM,WE,Combined TRACON& Tower with Radar,3,2,0,2,7,0,0,0,0,0,3,2,0,2,7,0,0,0,7
12/24/2016,MWH,WA,ANM,WE,Combined TRACON& Tower with Radar,0,0,0,0,0,0,0,0,0,0,0,0,0,0,0,0,0,0,0
12/25/2016,MWH,WA,ANM,WE,Combined TRACON& Tower with Radar,0,0,0,0,0,0,0,2,0,2,0,0,2,0,2,0,0,0,2
12/26/2016,MWH,WA,ANM,WE,Combined TRACON& Tower with Radar,2,0,3,0,5,1,0,4,0,5,3,0,7,0,10,0,0,0,10
12/27/2016,MWH,WA,ANM,WE,Combined TRACON& Tower with Radar,0,1,0,6,7,0,1,0,0,1,0,2,0,6,8,0,0,0,8
12/28/2016,MWH,WA,ANM,WE,Combined TRACON& Tower with Radar,9,3,3,11,26,0,1,3,2,6,9,4,6,13,32,0,33,33,65
12/29/2016,MWH,WA,ANM,WE,Combined TRACON& Tower with Radar,0,6,4,16,26,0,0,16,21,37,0,6,20,37,63,26,70,96,159
12/30/2016,MWH,WA,ANM,WE,Combined TRACON& Tower with Radar,0,12,0,0,12,0,0,4,0,4,0,12,4,0,16,8,0,8,24
12/31/2016,MWH,WA,ANM,WE,Combined TRACON& Tower with Radar,0,2,0,0,2,0,0,0,0,0,0,2,0,0,2,0,0,0,2
01/01/2017,MWH,WA,ANM,WE,Combined TRACON& Tower with Radar,0,2,0,0,2,0,0,2,0,2,0,2,2,0,4,0,0,0,4
01/02/2017,MWH,WA,ANM,WE,Combined TRACON& Tower with Radar,0,0,4,0,4,0,0,3,0,3,0,0,7,0,7,0,0,0,7
01/03/2017,MWH,WA,ANM,WE,Combined TRACON& Tower with Radar,0,11,6,4,21,0,1,2,0,3,0,12,8,4,24,11,0,11,35
01/04/2017,MWH,WA,ANM,WE,Combined TRACON& Tower with Radar,19,2,2,20,43,0,6,20,5,31,19,8,22,25,74,57,40,97,171
01/05/2017,MWH,WA,ANM,WE,Combined TRACON& Tower with Radar,20,6,2,29,57,5,1,46,7,59,25,7,48,36,116,158,62,220,336
01/06/2017,MWH,WA,ANM,WE,Combined TRACON& Tower with Radar,10,9,12,17,48,2,2,6,2,12,12,11,18,19,60,16,14,30,90
01/07/2017,MWH,WA,ANM,WE,Combined TRACON& Tower with Radar,3,2,5,2,12,0,0,7,0,7,3,2,12,2,19,10,0,10,29
01/08/2017,MWH,WA,ANM,WE,Combined TRACON& Tower with Radar,0,0,0,0,0,0,0,0,0,0,0,0,0,0,0,0,0,0,0
01/09/2017,MWH,WA,ANM,WE,Combined TRACON& Tower with Radar,6,6,7,1,20,0,0,0,0,0,6,6,7,1,20,1,0,1,21
01/10/2017,MWH,WA,ANM,WE,Combined TRACON& Tower with Radar,8,3,7,4,22,0,1,3,2,6,8,4,10,6,28,6,6,12,40
01/11/2017,MWH,WA,ANM,WE,Combined TRACON& Tower with Radar,15,4,6,39,64,0,2,45,2,49,15,6,51,41,113,168,20,188,301
01/12/2017,MWH,WA,ANM,WE,Combined TRACON& Tower with Radar,20,4,16,5,45,6,0,56,5,67,26,4,72,10,112,294,4,298,410
01/13/2017,MWH,WA,ANM,WE,Combined TRACON& Tower with Radar,2,8,8,0,18,0,0,0,0,0,2,8,8,0,18,0,0,0,18
01/14/2017,MWH,WA,ANM,WE,Combined TRACON& Tower with Radar,4,0,2,4,10,0,0,0,0,0,4,0,2,4,10,0,0,0,10
01/15/2017,MWH,WA,ANM,WE,Combined TRACON& Tower with Radar,2,0,2,0,4,0,0,0,0,0,2,0,2,0,4,0,0,0,4
01/16/2017,MWH,WA,ANM,WE,Combined TRACON& Tower with Radar,2,11,3,0,16,0,0,0,0,0,2,11,3,0,16,0,0,0,16
01/17/2017,MWH,WA,ANM,WE,Combined TRACON& Tower with Radar,10,5,6,0,21,0,0,2,0,2,10,5,8,0,23,0,0,0,23
01/18/2017,MWH,WA,ANM,WE,Combined TRACON& Tower with Radar,15,0,12,7,34,0,0,0,0,0,15,0,12,7,34,0,0,0,34
01/19/2017,MWH,WA,ANM,WE,Combined TRACON& Tower with Radar,2,0,0,0,2,0,0,0,0,0,2,0,0,0,2,0,0,0,2
01/20/2017,MWH,WA,ANM,WE,Combined TRACON& Tower with Radar,14,2,19,0,35,0,0,1,0,1,14,2,20,0,36,0,0,0,36
01/21/2017,MWH,WA,ANM,WE,Combined TRACON& Tower with Radar,8,0,1,0,9,0,0,6,0,6,8,0,7,0,15,0,0,0,15
01/22/2017,MWH,WA,ANM,WE,Combined TRACON& Tower with Radar,0,0,0,0,0,0,0,0,0,0,0,0,0,0,0,0,0,0,0
01/23/2017,MWH,WA,ANM,WE,Combined TRACON& Tower with Radar,13,6,7,2,28,0,0,0,0,0,13,6,7,2,28,0,0,0,28
01/24/2017,MWH,WA,ANM,WE,Combined TRACON& Tower with Radar,16,4,15,0,35,0,0,0,0,0,16,4,15,0,35,0,0,0,35
01/25/2017,MWH,WA,ANM,WE,Combined TRACON& Tower with Radar,38,8,16,4,66,0,0,1,0,1,38,8,17,4,67,0,0,0,67
01/26/2017,MWH,WA,ANM,WE,Combined TRACON& Tower with Radar,15,4,26,10,55,0,0,0,0,0,15,4,26,10,55,0,0,0,55
01/27/2017,MWH,WA,ANM,WE,Combined TRACON& Tower with Radar,17,6,30,0,53,0,0,0,0,0,17,6,30,0,53,0,0,0,53
01/28/2017,MWH,WA,ANM,WE,Combined TRACON& Tower with Radar,7,4,2,6,19,0,0,0,0,0,7,4,2,6,19,0,0,0,19
01/29/2017,MWH,WA,ANM,WE,Combined TRACON& Tower with Radar,3,0,2,4,9,0,0,0,0,0,3,0,2,4,9,0,0,0,9
01/30/2017,MWH,WA,ANM,WE,Combined TRACON& Tower with Radar,6,4,6,7,23,0,1,6,0,7,6,5,12,7,30,51,0,51,81
01/31/2017,MWH,WA,ANM,WE,Combined TRACON& Tower with Radar,19,3,10,3,35,0,3,17,0,20,19,6,27,3,55,64,0,64,119
02/01/2017,MWH,WA,ANM,WE,Combined TRACON& Tower with Radar,3,4,39,16,62,0,1,61,2,64,3,5,100,18,126,162,10,172,298
02/02/2017,MWH,WA,ANM,WE,Combined TRACON& Tower with Radar,34,3,47,15,99,6,1,57,1,65,40,4,104,16,164,168,6,174,338
02/03/2017,MWH,WA,ANM,WE,Combined TRACON& Tower with Radar,20,5,23,2,50,0,0,0,0,0,20,5,23,2,50,0,0,0,50
02/04/2017,MWH,WA,ANM,WE,Combined TRACON& Tower with Radar,2,0,0,0,2,0,0,0,0,0,2,0,0,0,2,0,0,0,2
02/05/2017,MWH,WA,ANM,WE,Combined TRACON& Tower with Radar,0,0,0,0,0,0,0,0,0,0,0,0,0,0,0,0,0,0,0
02/06/2017,MWH,WA,ANM,WE,Combined TRACON& Tower with Radar,2,4,5,2,13,0,0,7,0,7,2,4,12,2,20,0,0,0,20
02/07/2017,MWH,WA,ANM,WE,Combined TRACON& Tower with Radar,17,6,41,11,75,0,2,48,7,57,17,8,89,18,132,114,18,132,264
02/08/2017,MWH,WA,ANM,WE,Combined TRACON& Tower with Radar,5,10,25,0,40,0,0,0,0,0,5,10,25,0,40,0,0,0,40
02/09/2017,MWH,WA,ANM,WE,Combined TRACON& Tower with Radar,4,13,23,12,52,0,0,0,0,0,4,13,23,12,52,0,0,0,52
02/10/2017,MWH,WA,ANM,WE,Combined TRACON& Tower with Radar,14,5,31,0,50,0,3,7,0,10,14,8,38,0,60,6,0,6,66
02/11/2017,MWH,WA,ANM,WE,Combined TRACON& Tower with Radar,13,0,2,0,15,4,0,8,0,12,17,0,10,0,27,6,0,6,33
02/12/2017,MWH,WA,ANM,WE,Combined TRACON& Tower with Radar,0,0,11,17,28,0,0,4,9,13,0,0,15,26,41,0,52,52,93
02/13/2017,MWH,WA,ANM,WE,Combined TRACON& Tower with Radar,23,2,45,21,91,0,2,69,1,72,23,4,114,22,163,301,34,335,498
02/14/2017,MWH,WA,ANM,WE,Combined TRACON& Tower with Radar,16,4,16,4,40,0,0,0,0,0,16,4,16,4,40,0,0,0,40
02/15/2017,MWH,WA,ANM,WE,Combined TRACON& Tower with Radar,10,4,32,0,46,0,0,0,0,0,10,4,32,0,46,0,0,0,46
02/16/2017,MWH,WA,ANM,WE,Combined TRACON& Tower with Radar,20,6,37,2,65,0,0,0,0,0,20,6,37,2,65,0,0,0,65
02/17/2017,MWH,WA,ANM,WE,Combined TRACON& Tower with Radar,6,4,26,17,53,0,1,24,8,33,6,5,50,25,86,43,32,75,161
02/18/2017,MWH,WA,ANM,WE,Combined TRACON& Tower with Radar,6,2,0,0,8,0,0,0,0,0,6,2,0,0,8,0,0,0,8
02/19/2017,MWH,WA,ANM,WE,Combined TRACON& Tower with Radar,0,0,0,0,0,0,0,0,0,0,0,0,0,0,0,0,0,0,0
02/20/2017,MWH,WA,ANM,WE,Combined TRACON& Tower with Radar,10,6,18,3,37,0,3,1,0,4,10,9,19,3,41,0,0,0,41
02/21/2017,MWH,WA,ANM,WE,Combined TRACON& Tower with Radar,33,8,28,14,83,0,0,25,5,30,33,8,53,19,113,84,6,90,203
02/22/2017,MWH,WA,ANM,WE,Combined TRACON& Tower with Radar,21,7,25,22,75,3,1,35,4,43,24,8,60,26,118,178,16,194,312
02/23/2017,MWH,WA,ANM,WE,Combined TRACON& Tower with Radar,53,3,16,19,91,2,3,72,10,87,55,6,88,29,178,238,22,260,438
02/24/2017,MWH,WA,ANM,WE,Combined TRACON& Tower with Radar,34,3,9,8,54,11,1,12,7,31,45,4,21,15,85,8,24,32,117
02/25/2017,MWH,WA,ANM,WE,Combined TRACON& Tower with Radar,4,0,7,0,11,0,0,19,0,19,4,0,26,0,30,4,0,4,34
02/26/2017,MWH,WA,ANM,WE,Combined TRACON& Tower with Radar,2,0,5,0,7,0,0,0,0,0,2,0,5,0,7,0,0,0,7
02/27/2017,MWH,WA,ANM,WE,Combined TRACON& Tower with Radar,34,4,13,23,74,0,0,72,0,72,34,4,85,23,146,398,18,416,562
02/28/2017,MWH,WA,ANM,WE,Combined TRACON& Tower with Radar,5,5,31,39,80,0,1,80,14,95,5,6,111,53,175,280,25,305,480
03/01/2017,MWH,WA,ANM,WE,Combined TRACON& Tower with Radar,5,3,17,40,65,0,1,54,2,57,5,4,71,42,122,204,24,228,350
03/02/2017,MWH,WA,ANM,WE,Combined TRACON& Tower with Radar,30,6,19,39,94,0,2,91,12,105,30,8,110,51,199,312,25,337,536
03/03/2017,MWH,WA,ANM,WE,Combined TRACON& Tower with Radar,21,4,21,11,57,4,1,10,8,23,25,5,31,19,80,2,22,24,104
03/04/2017,MWH,WA,ANM,WE,Combined TRACON& Tower with Radar,17,0,11,3,31,41,0,11,0,52,58,0,22,3,83,14,12,26,109
03/05/2017,MWH,WA,ANM,WE,Combined TRACON& Tower with Radar,6,9,2,0,17,0,0,5,3,8,6,9,7,3,25,8,0,8,33
03/06/2017,MWH,WA,ANM,WE,Combined TRACON& Tower with Radar,29,3,11,31,74,0,7,61,12,80,29,10,72,43,154,210,88,298,452
03/07/2017,MWH,WA,ANM,WE,Combined TRACON& Tower with Radar,16,5,1,2,24,0,0,20,0,20,16,5,21,2,44,76,0,76,120
03/08/2017,MWH,WA,ANM,WE,Combined TRACON& Tower with Radar,16,4,40,24,84,13,2,67,17,99,29,6,107,41,183,80,58,138,321
03/09/2017,MWH,WA,ANM,WE,Combined TRACON& Tower with Radar,15,14,5,12,46,0,0,1,0,1,15,14,6,12,47,0,0,0,47
03/10/2017,MWH,WA,ANM,WE,Combined TRACON& Tower with Radar,15,6,4,4,29,8,0,5,0,13,23,6,9,4,42,0,0,0,42
03/11/2017,MWH,WA,ANM,WE,Combined TRACON& Tower with Radar,10,0,0,0,10,0,0,0,0,0,10,0,0,0,10,0,0,0,10
03/12/2017,MWH,WA,ANM,WE,Combined TRACON& Tower with Radar,8,0,11,0,19,4,0,9,0,13,12,0,20,0,32,20,0,20,52
03/13/2017,MWH,WA,ANM,WE,Combined TRACON& Tower with Radar,10,10,13,30,63,0,10,58,13,81,10,20,71,43,144,306,63,369,513
03/14/2017,MWH,WA,ANM,WE,Combined TRACON& Tower with Radar,2,3,8,8,21,0,0,17,0,17,2,3,25,8,38,64,0,64,102
03/15/2017,MWH,WA,ANM,WE,Combined TRACON& Tower with Radar,3,4,8,24,39,0,4,42,1,47,3,8,50,25,86,170,36,206,292
03/16/2017,MWH,WA,ANM,WE,Combined TRACON& Tower with Radar,21,4,20,15,60,3,2,68,6,79,24,6,88,21,139,108,26,134,273
03/17/2017,MWH,WA,ANM,WE,Combined TRACON& Tower with Radar,24,4,11,10,49,2,2,5,5,14,26,6,16,15,63,7,8,15,78
03/18/2017,MWH,WA,ANM,WE,Combined TRACON& Tower with Radar,0,2,0,2,4,0,0,0,0,0,0,2,0,2,4,0,0,0,4
03/19/2017,MWH,WA,ANM,WE,Combined TRACON& Tower with Radar,4,0,1,1,6,0,0,16,0,16,4,0,17,1,22,10,0,10,32
03/20/2017,MWH,WA,ANM,WE,Combined TRACON& Tower with Radar,12,4,14,21,51,5,3,39,1,48,17,7,53,22,99,122,20,142,241
03/21/2017,MWH,WA,ANM,WE,Combined TRACON& Tower with Radar,19,7,14,6,46,0,0,12,0,12,19,7,26,6,58,51,0,51,109
03/22/2017,MWH,WA,ANM,WE,Combined TRACON& Tower with Radar,4,2,14,16,36,0,2,2,0,4,4,4,16,16,40,0,8,8,48
03/23/2017,MWH,WA,ANM,WE,Combined TRACON& Tower with Radar,11,8,19,13,51,1,2,21,1,25,12,10,40,14,76,16,13,29,105
03/24/2017,MWH,WA,ANM,WE,Combined TRACON& Tower with Radar,18,5,4,41,68,0,0,0,1,1,18,5,4,42,69,0,0,0,69
03/25/2017,MWH,WA,ANM,WE,Combined TRACON& Tower with Radar,13,0,6,4,23,1,0,7,3,11,14,0,13,7,34,6,34,40,74
03/26/2017,MWH,WA,ANM,WE,Combined TRACON& Tower with Radar,4,0,3,0,7,0,0,3,0,3,4,0,6,0,10,12,0,12,22
03/27/2017,MWH,WA,ANM,WE,Combined TRACON& Tower with Radar,26,4,6,32,68,0,1,2,9,12,26,5,8,41,80,0,96,96,176
03/28/2017,MWH,WA,ANM,WE,Combined TRACON& Tower with Radar,24,13,3,11,51,0,1,8,13,22,24,14,11,24,73,16,46,62,135
03/29/2017,MWH,WA,ANM,WE,Combined TRACON& Tower with Radar,17,8,6,26,57,0,0,1,7,8,17,8,7,33,65,0,38,38,103
03/30/2017,MWH,WA,ANM,WE,Combined TRACON& Tower with Radar,7,4,11,8,30,0,2,12,1,15,7,6,23,9,45,0,8,8,53
03/31/2017,MWH,WA,ANM,WE,Combined TRACON& Tower with Radar,11,4,9,9,33,26,4,35,2,67,37,8,44,11,100,42,20,62,162
04/01/2017,MWH,WA,ANM,WE,Combined TRACON& Tower with Radar,23,0,7,5,35,77,0,14,24,115,100,0,21,29,150,2,48,50,200
04/02/2017,MWH,WA,ANM,WE,Combined TRACON& Tower with Radar,5,2,17,8,32,0,1,1,5,7,5,3,18,13,39,16,8,24,63
04/03/2017,MWH,WA,ANM,WE,Combined TRACON& Tower with Radar,25,4,11,19,59,0,2,102,2,106,25,6,113,21,165,354,24,378,543
04/04/2017,MWH,WA,ANM,WE,Combined TRACON& Tower with Radar,8,4,22,10,44,0,4,85,7,96,8,8,107,17,140,217,14,231,371
04/05/2017,MWH,WA,ANM,WE,Combined TRACON& Tower with Radar,8,7,13,34,62,0,3,107,20,130,8,10,120,54,192,270,139,409,601
04/06/2017,MWH,WA,ANM,WE,Combined TRACON& Tower with Radar,24,6,14,15,59,0,0,71,3,74,24,6,85,18,133,172,12,184,317
04/07/2017,MWH,WA,ANM,WE,Combined TRACON& Tower with Radar,8,5,4,6,23,0,2,6,2,10,8,7,10,8,33,8,30,38,71
04/08/2017,MWH,WA,ANM,WE,Combined TRACON& Tower with Radar,0,0,2,2,4,0,0,19,0,19,0,0,21,2,23,0,0,0,23
04/09/2017,MWH,WA,ANM,WE,Combined TRACON& Tower with Radar,9,0,12,10,31,0,0,19,0,19,9,0,31,10,50,41,0,41,91
04/10/2017,MWH,WA,ANM,WE,Combined TRACON& Tower with Radar,7,3,2,5,17,6,1,69,7,83,13,4,71,12,100,150,12,162,262
04/11/2017,MWH,WA,ANM,WE,Combined TRACON& Tower with Radar,28,4,11,6,49,0,5,84,9,98,28,9,95,15,147,134,24,158,305
04/12/2017,MWH,WA,ANM,WE,Combined TRACON& Tower with Radar,16,7,14,12,49,0,3,49,3,55,16,10,63,15,104,148,23,171,275
04/13/2017,MWH,WA,ANM,WE,Combined TRACON& Tower with Radar,16,5,11,10,42,1,1,50,5,57,17,6,61,15,99,144,12,156,255
04/14/2017,MWH,WA,ANM,WE,Combined TRACON& Tower with Radar,8,7,31,1,47,2,2,15,1,20,10,9,46,2,67,28,6,34,101
04/15/2017,MWH,WA,ANM,WE,Combined TRACON& Tower with Radar,0,2,11,0,13,0,0,23,0,23,0,2,34,0,36,70,0,70,106
04/16/2017,MWH,WA,ANM,WE,Combined TRACON& Tower with Radar,0,0,12,0,12,0,0,6,0,6,0,0,18,0,18,0,0,0,18
04/17/2017,MWH,WA,ANM,WE,Combined TRACON& Tower with Radar,4,2,17,16,39,0,2,79,19,100,4,4,96,35,139,98,72,170,309
04/18/2017,MWH,WA,ANM,WE,Combined TRACON& Tower with Radar,6,5,13,33,57,0,3,55,2,60,6,8,68,35,117,254,64,318,435
04/19/2017,MWH,WA,ANM,WE,Combined TRACON& Tower with Radar,17,5,21,28,71,3,2,86,22,113,20,7,107,50,184,112,72,184,368
04/20/2017,MWH,WA,ANM,WE,Combined TRACON& Tower with Radar,20,6,31,33,90,2,3,73,8,86,22,9,104,41,176,238,29,267,443
04/21/2017,MWH,WA,ANM,WE,Combined TRACON& Tower with Radar,30,5,4,5,44,11,1,29,15,56,41,6,33,20,100,12,34,46,146
04/22/2017,MWH,WA,ANM,WE,Combined TRACON& Tower with Radar,11,0,1,0,12,1,0,12,1,14,12,0,13,1,26,0,0,0,26
04/23/2017,MWH,WA,ANM,WE,Combined TRACON& Tower with Radar,4,0,5,0,9,0,0,2,0,2,4,0,7,0,11,20,0,20,31
04/24/2017,MWH,WA,ANM,WE,Combined TRACON& Tower with Radar,30,2,25,7,64,0,2,62,1,65,30,4,87,8,129,118,22,140,269
04/25/2017,MWH,WA,ANM,WE,Combined TRACON& Tower with Radar,24,5,38,30,97,1,1,63,11,76,25,6,101,41,173,145,63,208,381
04/26/2017,MWH,WA,ANM,WE,Combined TRACON& Tower with Radar,22,11,31,42,106,0,1,54,0,55,22,12,85,42,161,94,32,126,287
04/27/2017,MWH,WA,ANM,WE,Combined TRACON& Tower with Radar,28,4,32,8,72,5,1,58,4,68,33,5,90,12,140,114,20,134,274
04/28/2017,MWH,WA,ANM,WE,Combined TRACON& Tower with Radar,24,3,9,7,43,7,0,19,4,30,31,3,28,11,73,50,14,64,137
04/29/2017,MWH,WA,ANM,WE,Combined TRACON& Tower with Radar,31,1,5,0,37,0,0,12,0,12,31,1,17,0,49,28,0,28,77
04/30/2017,MWH,WA,ANM,WE,Combined TRACON& Tower with Radar,8,0,2,2,12,0,0,1,0,1,8,0,3,2,13,0,0,0,13
05/01/2017,MWH,WA,ANM,WE,Combined TRACON& Tower with Radar,7,0,6,0,13,0,0,45,2,47,7,0,51,2,60,142,8,150,210
05/02/2017,MWH,WA,ANM,WE,Combined TRACON& Tower with Radar,14,3,33,3,53,10,0,56,11,77,24,3,89,14,130,187,2,189,319
05/03/2017,MWH,WA,ANM,WE,Combined TRACON& Tower with Radar,17,6,16,44,83,0,3,60,8,71,17,9,76,52,154,170,72,242,396
05/04/2017,MWH,WA,ANM,WE,Combined TRACON& Tower with Radar,19,6,28,9,62,3,2,50,5,60,22,8,78,14,122,91,38,129,251
05/05/2017,MWH,WA,ANM,WE,Combined TRACON& Tower with Radar,12,4,9,9,34,0,2,3,6,11,12,6,12,15,45,0,30,30,75
05/06/2017,MWH,WA,ANM,WE,Combined TRACON& Tower with Radar,8,3,2,1,14,6,0,7,4,17,14,3,9,5,31,4,0,4,35
05/07/2017,MWH,WA,ANM,WE,Combined TRACON& Tower with Radar,1,0,4,2,7,8,0,14,1,23,9,0,18,3,30,24,0,24,54
05/08/2017,MWH,WA,ANM,WE,Combined TRACON& Tower with Radar,17,8,14,5,44,5,5,70,4,84,22,13,84,9,128,206,12,218,346
05/09/2017,MWH,WA,ANM,WE,Combined TRACON& Tower with Radar,23,7,32,3,65,11,10,90,1,112,34,17,122,4,177,246,20,266,443
05/10/2017,MWH,WA,ANM,WE,Combined TRACON& Tower with Radar,28,4,25,68,125,9,0,72,20,101,37,4,97,88,226,225,100,325,551
05/11/2017,MWH,WA,ANM,WE,Combined TRACON& Tower with Radar,8,6,20,15,49,2,0,61,2,65,10,6,81,17,114,310,14,324,438
05/12/2017,MWH,WA,ANM,WE,Combined TRACON& Tower with Radar,26,3,10,2,41,1,1,25,1,28,27,4,35,3,69,0,2,2,71
05/13/2017,MWH,WA,ANM,WE,Combined TRACON& Tower with Radar,0,0,0,2,2,2,0,6,0,8,2,0,6,2,10,0,0,0,10
05/14/2017,MWH,WA,ANM,WE,Combined TRACON& Tower with Radar,0,0,0,0,0,0,0,1,0,1,0,0,1,0,1,0,0,0,1
05/15/2017,MWH,WA,ANM,WE,Combined TRACON& Tower with Radar,2,3,9,40,54,0,1,70,15,86,2,4,79,55,140,236,100,336,476
05/16/2017,MWH,WA,ANM,WE,Combined TRACON& Tower with Radar,28,4,11,7,50,0,0,25,2,27,28,4,36,9,77,84,4,88,165
05/17/2017,MWH,WA,ANM,WE,Combined TRACON& Tower with Radar,15,8,16,25,64,0,0,62,13,75,15,8,78,38,139,328,52,380,519
05/18/2017,MWH,WA,ANM,WE,Combined TRACON& Tower with Radar,19,10,6,13,48,1,12,111,7,131,20,22,117,20,179,187,56,243,422
05/19/2017,MWH,WA,ANM,WE,Combined TRACON& Tower with Radar,18,5,13,16,52,0,4,9,7,20,18,9,22,23,72,37,16,53,125
05/20/2017,MWH,WA,ANM,WE,Combined TRACON& Tower with Radar,8,2,11,6,27,0,0,22,2,24,8,2,33,8,51,14,6,20,71
05/21/2017,MWH,WA,ANM,WE,Combined TRACON& Tower with Radar,0,0,7,0,7,0,0,23,0,23,0,0,30,0,30,20,0,20,50
05/22/2017,MWH,WA,ANM,WE,Combined TRACON& Tower with Radar,23,2,18,11,54,2,3,85,7,97,25,5,103,18,151,246,30,276,427
05/23/2017,MWH,WA,ANM,WE,Combined TRACON& Tower with Radar,15,11,16,15,57,0,1,69,6,76,15,12,85,21,133,230,106,336,469
05/24/2017,MWH,WA,ANM,WE,Combined TRACON& Tower with Radar,23,4,7,23,57,1,1,16,14,32,24,5,23,37,89,22,38,60,149
05/25/2017,MWH,WA,ANM,WE,Combined TRACON& Tower with Radar,12,3,6,20,41,1,3,76,24,104,13,6,82,44,145,186,24,210,355
05/26/2017,MWH,WA,ANM,WE,Combined TRACON& Tower with Radar,25,5,2,15,47,17,3,37,7,64,42,8,39,22,111,14,44,58,169
05/27/2017,MWH,WA,ANM,WE,Combined TRACON& Tower with Radar,0,0,17,0,17,2,0,12,0,14,2,0,29,0,31,0,0,0,31
05/28/2017,MWH,WA,ANM,WE,Combined TRACON& Tower with Radar,2,0,0,0,2,1,0,11,0,12,3,0,11,0,14,11,0,11,25
05/29/2017,MWH,WA,ANM,WE,Combined TRACON& Tower with Radar,0,0,10,0,10,1,0,15,0,16,1,0,25,0,26,4,0,4,30
05/30/2017,MWH,WA,ANM,WE,Combined TRACON& Tower with Radar,25,4,14,4,47,8,2,68,2,80,33,6,82,6,127,212,51,263,390
05/31/2017,MWH,WA,ANM,WE,Combined TRACON& Tower with Radar,19,4,36,15,74,17,1,81,20,119,36,5,117,35,193,100,68,168,361
06/01/2017,MWH,WA,ANM,WE,Combined TRACON& Tower with Radar,16,6,14,41,77,2,1,50,25,78,18,7,64,66,155,66,112,178,333
06/02/2017,MWH,WA,ANM,WE,Combined TRACON& Tower with Radar,10,7,17,15,49,0,4,32,4,40,10,11,49,19,89,2,10,12,101
06/03/2017,MWH,WA,ANM,WE,Combined TRACON& Tower with Radar,36,0,5,1,42,24,0,14,0,38,60,0,19,1,80,24,0,24,104
06/04/2017,MWH,WA,ANM,WE,Combined TRACON& Tower with Radar,4,0,2,2,8,0,0,12,3,15,4,0,14,5,23,16,0,16,39
06/05/2017,MWH,WA,ANM,WE,Combined TRACON& Tower with Radar,5,4,29,19,57,1,2,52,19,74,6,6,81,38,131,87,84,171,302
06/06/2017,MWH,WA,ANM,WE,Combined TRACON& Tower with Radar,26,6,25,23,80,19,2,66,12,99,45,8,91,35,179,108,69,177,356
06/07/2017,MWH,WA,ANM,WE,Combined TRACON& Tower with Radar,40,4,22,6,72,11,3,57,0,71,51,7,79,6,143,82,14,96,239
06/08/2017,MWH,WA,ANM,WE,Combined TRACON& Tower with Radar,27,2,16,19,64,24,2,24,1,51,51,4,40,20,115,110,8,118,233
06/09/2017,MWH,WA,ANM,WE,Combined TRACON& Tower with Radar,1,2,8,2,13,7,0,13,9,29,8,2,21,11,42,23,24,47,89
06/10/2017,MWH,WA,ANM,WE,Combined TRACON& Tower with Radar,2,0,4,0,6,0,0,7,0,7,2,0,11,0,13,0,0,0,13
06/11/2017,MWH,WA,ANM,WE,Combined TRACON& Tower with Radar,2,0,10,0,12,0,0,9,0,9,2,0,19,0,21,38,0,38,59
06/12/2017,MWH,WA,ANM,WE,Combined TRACON& Tower with Radar,28,2,28,31,89,0,2,39,13,54,28,4,67,44,143,98,44,142,285
06/13/2017,MWH,WA,ANM,WE,Combined TRACON& Tower with Radar,33,7,27,13,80,14,4,50,10,78,47,11,77,23,158,88,10,98,256
06/14/2017,MWH,WA,ANM,WE,Combined TRACON& Tower with Radar,13,4,34,26,77,7,3,18,22,50,20,7,52,48,127,16,31,47,174
06/15/2017,MWH,WA,ANM,WE,Combined TRACON& Tower with Radar,12,6,25,19,62,0,0,10,6,16,12,6,35,25,78,4,18,22,100
06/16/2017,MWH,WA,ANM,WE,Combined TRACON& Tower with Radar,9,9,14,25,57,0,1,11,14,26,9,10,25,39,83,0,32,32,115
06/17/2017,MWH,WA,ANM,WE,Combined TRACON& Tower with Radar,16,0,4,1,21,8,0,8,1,17,24,0,12,2,38,0,0,0,38
06/18/2017,MWH,WA,ANM,WE,Combined TRACON& Tower with Radar,0,0,3,0,3,0,0,10,0,10,0,0,13,0,13,0,0,0,13
06/19/2017,MWH,WA,ANM,WE,Combined TRACON& Tower with Radar,42,1,8,18,69,47,17,28,3,95,89,18,36,21,164,12,16,28,192
06/20/2017,MWH,WA,ANM,WE,Combined TRACON& Tower with Radar,35,3,2,15,55,27,2,12,8,49,62,5,14,23,104,0,44,44,148
06/21/2017,MWH,WA,ANM,WE,Combined TRACON& Tower with Radar,31,5,15,23,74,0,2,10,5,17,31,7,25,28,91,0,54,54,145
06/22/2017,MWH,WA,ANM,WE,Combined TRACON& Tower with Radar,24,3,9,13,49,2,4,18,4,28,26,7,27,17,77,0,16,16,93
06/23/2017,MWH,WA,ANM,WE,Combined TRACON& Tower with Radar,19,3,11,16,49,0,2,15,5,22,19,5,26,21,71,6,4,10,81
06/24/2017,MWH,WA,ANM,WE,Combined TRACON& Tower with Radar,16,1,4,0,21,22,0,13,0,35,38,1,17,0,56,0,0,0,56
06/25/2017,MWH,WA,ANM,WE,Combined TRACON& Tower with Radar,0,1,2,3,6,0,0,8,6,14,0,1,10,9,20,0,30,30,50
06/26/2017,MWH,WA,ANM,WE,Combined TRACON& Tower with Radar,6,3,17,15,41,0,4,76,27,107,6,7,93,42,148,216,54,270,418
06/27/2017,MWH,WA,ANM,WE,Combined TRACON& Tower with Radar,2,2,30,11,45,0,23,60,8,91,2,25,90,19,136,98,32,130,266
06/28/2017,MWH,WA,ANM,WE,Combined TRACON& Tower with Radar,11,16,19,18,64,11,56,72,24,163,22,72,91,42,227,232,30,262,489
06/29/2017,MWH,WA,ANM,WE,Combined TRACON& Tower with Radar,8,3,27,11,49,0,1,103,18,122,8,4,130,29,171,216,87,303,474
06/30/2017,MWH,WA,ANM,WE,Combined TRACON& Tower with Radar,65,6,29,13,113,27,0,98,9,134,92,6,127,22,247,132,20,152,399
07/01/2017,MWH,WA,ANM,WE,Combined TRACON& Tower with Radar,10,3,0,0,13,2,9,17,1,29,12,12,17,1,42,2,0,2,44
07/02/2017,MWH,WA,ANM,WE,Combined TRACON& Tower with Radar,5,0,6,11,22,1,45,30,1,77,6,45,36,12,99,4,0,4,103
07/03/2017,MWH,WA,ANM,WE,Combined TRACON& Tower with Radar,3,3,34,1,41,0,94,82,2,178,3,97,116,3,219,156,0,156,375
07/04/2017,MWH,WA,ANM,WE,Combined TRACON& Tower with Radar,0,0,3,0,3,0,0,13,0,13,0,0,16,0,16,1,0,1,17
07/05/2017,MWH,WA,ANM,WE,Combined TRACON& Tower with Radar,10,5,26,34,75,3,10,74,14,101,13,15,100,48,176,140,86,226,402
07/06/2017,MWH,WA,ANM,WE,Combined TRACON& Tower with Radar,22,6,12,28,68,8,9,80,16,113,30,15,92,44,181,217,74,291,472
07/07/2017,MWH,WA,ANM,WE,Combined TRACON& Tower with Radar,2,4,12,3,21,0,0,62,1,63,2,4,74,4,84,116,0,116,200
07/08/2017,MWH,WA,ANM,WE,Combined TRACON& Tower with Radar,14,0,4,0,18,1,1,16,1,19,15,1,20,1,37,6,0,6,43
07/09/2017,MWH,WA,ANM,WE,Combined TRACON& Tower with Radar,4,0,8,0,12,0,4,9,1,14,4,4,17,1,26,18,0,18,44
07/10/2017,MWH,WA,ANM,WE,Combined TRACON& Tower with Radar,8,3,20,18,49,4,2,57,29,92,12,5,77,47,141,164,62,226,367
07/11/2017,MWH,WA,ANM,WE,Combined TRACON& Tower with Radar,37,1,33,10,81,28,4,73,15,120,65,5,106,25,201,194,18,212,413
07/12/2017,MWH,WA,ANM,WE,Combined TRACON& Tower with Radar,23,6,22,30,81,12,5,80,20,117,35,11,102,50,198,216,98,314,512
07/13/2017,MWH,WA,ANM,WE,Combined TRACON& Tower with Radar,19,11,20,7,57,0,3,68,0,71,19,14,88,7,128,94,18,112,240
07/14/2017,MWH,WA,ANM,WE,Combined TRACON& Tower with Radar,27,6,38,22,93,2,0,83,9,94,29,6,121,31,187,168,38,206,393
07/15/2017,MWH,WA,ANM,WE,Combined TRACON& Tower with Radar,16,1,11,1,29,11,5,12,1,29,27,6,23,2,58,10,0,10,68
07/16/2017,MWH,WA,ANM,WE,Combined TRACON& Tower with Radar,15,0,2,2,19,26,3,10,2,41,41,3,12,4,60,2,0,2,62
07/17/2017,MWH,WA,ANM,WE,Combined TRACON& Tower with Radar,22,3,28,6,59,33,7,71,16,127,55,10,99,22,186,298,78,376,562
07/18/2017,MWH,WA,ANM,WE,Combined TRACON& Tower with Radar,36,4,39,19,98,5,2,64,12,83,41,6,103,31,181,182,94,276,457
07/19/2017,MWH,WA,ANM,WE,Combined TRACON& Tower with Radar,22,9,34,18,83,6,6,76,27,115,28,15,110,45,198,146,58,204,402
07/20/2017,MWH,WA,ANM,WE,Combined TRACON& Tower with Radar,18,3,37,27,85,9,5,41,4,59,27,8,78,31,144,116,60,176,320
07/21/2017,MWH,WA,ANM,WE,Combined TRACON& Tower with Radar,25,2,28,13,68,65,13,45,12,135,90,15,73,25,203,100,12,112,315
07/22/2017,MWH,WA,ANM,WE,Combined TRACON& Tower with Radar,14,0,4,3,21,1,2,16,9,28,15,2,20,12,49,10,48,58,107
07/23/2017,MWH,WA,ANM,WE,Combined TRACON& Tower with Radar,10,0,5,0,15,4,2,9,0,15,14,2,14,0,30,0,0,0,30
07/24/2017,MWH,WA,ANM,WE,Combined TRACON& Tower with Radar,8,10,32,9,59,4,9,61,6,80,12,19,93,15,139,182,14,196,335
07/25/2017,MWH,WA,ANM,WE,Combined TRACON& Tower with Radar,25,4,35,12,76,4,2,71,15,92,29,6,106,27,168,130,38,168,336
07/26/2017,MWH,WA,ANM,WE,Combined TRACON& Tower with Radar,28,8,54,11,101,24,2,74,14,114,52,10,128,25,215,140,40,180,395
07/27/2017,MWH,WA,ANM,WE,Combined TRACON& Tower with Radar,8,6,25,15,54,2,4,67,28,101,10,10,92,43,155,140,30,170,325
07/28/2017,MWH,WA,ANM,WE,Combined TRACON& Tower with Radar,13,3,27,18,61,4,3,68,3,78,17,6,95,21,139,132,12,144,283
07/29/2017,MWH,WA,ANM,WE,Combined TRACON& Tower with Radar,4,1,9,2,16,2,2,22,0,26,6,3,31,2,42,50,0,50,92
07/30/2017,MWH,WA,ANM,WE,Combined TRACON& Tower with Radar,2,1,7,6,16,0,0,5,0,5,2,1,12,6,21,20,0,20,41
07/31/2017,MWH,WA,ANM,WE,Combined TRACON& Tower with Radar,6,3,30,0,39,4,3,69,0,76,10,6,99,0,115,250,0,250,365
08/01/2017,MWH,WA,ANM,WE,Combined TRACON& Tower with Radar,18,5,25,18,66,34,1,46,0,81,52,6,71,18,147,168,6,174,321
08/02/2017,MWH,WA,ANM,WE,Combined TRACON& Tower with Radar,14,5,24,59,102,0,0,16,9,25,14,5,40,68,127,86,24,110,237
08/03/2017,MWH,WA,ANM,WE,Combined TRACON& Tower with Radar,18,6,19,51,94,0,9,46,23,78,18,15,65,74,172,216,24,240,412
08/04/2017,MWH,WA,ANM,WE,Combined TRACON& Tower with Radar,36,9,14,6,65,0,0,15,0,15,36,9,29,6,80,32,0,32,112
08/05/2017,MWH,WA,ANM,WE,Combined TRACON& Tower with Radar,0,4,25,41,70,16,2,13,23,54,16,6,38,64,124,18,18,36,160
08/06/2017,MWH,WA,ANM,WE,Combined TRACON& Tower with Radar,5,2,4,21,32,1,0,13,15,29,6,2,17,36,61,6,14,20,81
08/07/2017,MWH,WA,ANM,WE,Combined TRACON& Tower with Radar,20,2,10,16,48,25,3,12,10,50,45,5,22,26,98,10,0,10,108
08/08/2017,MWH,WA,ANM,WE,Combined TRACON& Tower with Radar,16,4,7,18,45,0,0,17,12,29,16,4,24,30,74,6,26,32,106
08/09/2017,MWH,WA,ANM,WE,Combined TRACON& Tower with Radar,36,4,8,31,79,0,1,30,22,53,36,5,38,53,132,13,6,19,151
08/10/2017,MWH,WA,ANM,WE,Combined TRACON& Tower with Radar,11,8,14,26,59,6,3,21,14,44,17,11,35,40,103,4,2,6,109
08/11/2017,MWH,WA,ANM,WE,Combined TRACON& Tower with Radar,21,5,20,15,61,4,0,9,10,23,25,5,29,25,84,0,8,8,92
08/12/2017,MWH,WA,ANM,WE,Combined TRACON& Tower with Radar,6,0,3,6,15,15,4,13,7,39,21,4,16,13,54,8,0,8,62
08/13/2017,MWH,WA,ANM,WE,Combined TRACON& Tower with Radar,4,0,1,11,16,3,1,6,4,14,7,1,7,15,30,10,26,36,66
08/14/2017,MWH,WA,ANM,WE,Combined TRACON& Tower with Radar,44,2,14,32,92,8,2,15,14,39,52,4,29,46,131,0,40,40,171
08/15/2017,MWH,WA,ANM,WE,Combined TRACON& Tower with Radar,30,2,10,9,51,3,3,22,8,36,33,5,32,17,87,30,34,64,151
08/16/2017,MWH,WA,ANM,WE,Combined TRACON& Tower with Radar,12,2,6,11,31,0,2,21,13,36,12,4,27,24,67,22,16,38,105
08/17/2017,MWH,WA,ANM,WE,Combined TRACON& Tower with Radar,17,4,5,4,30,0,16,8,5,29,17,20,13,9,59,0,18,18,77
08/18/2017,MWH,WA,ANM,WE,Combined TRACON& Tower with Radar,13,3,6,2,24,8,5,15,5,33,21,8,21,7,57,1,0,1,58
08/19/2017,MWH,WA,ANM,WE,Combined TRACON& Tower with Radar,8,0,2,0,10,7,4,20,5,36,15,4,22,5,46,0,0,0,46
08/20/2017,MWH,WA,ANM,WE,Combined TRACON& Tower with Radar,9,0,5,8,22,17,1,32,1,51,26,1,37,9,73,4,26,30,103
08/21/2017,MWH,WA,ANM,WE,Combined TRACON& Tower with Radar,18,1,4,9,32,10,3,11,18,42,28,4,15,27,74,4,30,34,108
08/22/2017,MWH,WA,ANM,WE,Combined TRACON& Tower with Radar,20,3,5,26,54,1,4,10,17,32,21,7,15,43,86,14,28,42,128
08/23/2017,MWH,WA,ANM,WE,Combined TRACON& Tower with Radar,2,5,10,14,31,0,3,3,7,13,2,8,13,21,44,10,22,32,76
08/24/2017,MWH,WA,ANM,WE,Combined TRACON& Tower with Radar,21,5,11,7,44,0,0,5,7,12,21,5,16,14,56,0,20,20,76
08/25/2017,MWH,WA,ANM,WE,Combined TRACON& Tower with Radar,30,5,17,3,55,5,1,27,15,48,35,6,44,18,103,6,8,14,117
08/26/2017,MWH,WA,ANM,WE,Combined TRACON& Tower with Radar,4,1,17,0,22,2,3,41,1,47,6,4,58,1,69,32,0,32,101
08/27/2017,MWH,WA,ANM,WE,Combined TRACON& Tower with Radar,3,0,6,2,11,5,0,11,4,20,8,0,17,6,31,0,18,18,49
08/28/2017,MWH,WA,ANM,WE,Combined TRACON& Tower with Radar,11,3,7,1,22,4,2,5,4,15,15,5,12,5,37,0,8,8,45
08/29/2017,MWH,WA,ANM,WE,Combined TRACON& Tower with Radar,9,6,4,11,30,21,3,10,13,47,30,9,14,24,77,6,26,32,109
08/30/2017,MWH,WA,ANM,WE,Combined TRACON& Tower with Radar,29,3,3,23,58,5,1,8,44,58,34,4,11,67,116,12,60,72,188
08/31/2017,MWH,WA,ANM,WE,Combined TRACON& Tower with Radar,38,3,5,4,50,5,12,17,26,60,43,15,22,30,110,6,32,38,148
09/01/2017,MWH,WA,ANM,WE,Combined TRACON& Tower with Radar,25,5,12,0,42,11,8,16,2,37,36,13,28,2,79,6,0,6,85
09/02/2017,MWH,WA,ANM,WE,Combined TRACON& Tower with Radar,14,3,1,0,18,12,24,16,5,57,26,27,17,5,75,16,0,16,91
09/03/2017,MWH,WA,ANM,WE,Combined TRACON& Tower with Radar,2,2,1,0,5,41,28,15,16,100,43,30,16,16,105,30,0,30,135
09/04/2017,MWH,WA,ANM,WE,Combined TRACON& Tower with Radar,4,2,13,4,23,3,10,10,3,26,7,12,23,7,49,2,0,2,51
09/05/2017,MWH,WA,ANM,WE,Combined TRACON& Tower with Radar,8,5,11,5,29,0,0,0,0,0,8,5,11,5,29,0,0,0,29
09/06/2017,MWH,WA,ANM,WE,Combined TRACON& Tower with Radar,10,6,7,9,32,0,0,0,0,0,10,6,7,9,32,0,0,0,32
09/07/2017,MWH,WA,ANM,WE,Combined TRACON& Tower with Radar,4,18,4,9,35,0,0,0,0,0,4,18,4,9,35,0,0,0,35
09/08/2017,MWH,WA,ANM,WE,Combined TRACON& Tower with Radar,22,5,6,31,64,1,0,5,7,13,23,5,11,38,77,10,2,12,89
09/09/2017,MWH,WA,ANM,WE,Combined TRACON& Tower with Radar,22,1,12,0,35,42,0,21,0,63,64,1,33,0,98,22,0,22,120
09/10/2017,MWH,WA,ANM,WE,Combined TRACON& Tower with Radar,16,1,5,0,22,0,0,19,0,19,16,1,24,0,41,36,0,36,77
09/11/2017,MWH,WA,ANM,WE,Combined TRACON& Tower with Radar,16,4,15,8,43,0,2,16,14,32,16,6,31,22,75,12,12,24,99
09/12/2017,MWH,WA,ANM,WE,Combined TRACON& Tower with Radar,27,4,8,19,58,0,4,58,9,71,27,8,66,28,129,93,18,111,240
09/13/2017,MWH,WA,ANM,WE,Combined TRACON& Tower with Radar,32,5,9,13,59,7,3,56,16,82,39,8,65,29,141,14,38,52,193
09/14/2017,MWH,WA,ANM,WE,Combined TRACON& Tower with Radar,7,4,11,13,35,2,1,48,10,61,9,5,59,23,96,56,24,80,176
09/15/2017,MWH,WA,ANM,WE,Combined TRACON& Tower with Radar,10,9,24,2,45,9,1,16,0,26,19,10,40,2,71,0,0,0,71
09/16/2017,MWH,WA,ANM,WE,Combined TRACON& Tower with Radar,12,1,7,6,26,4,7,43,0,54,16,8,50,6,80,18,0,18,98
09/17/2017,MWH,WA,ANM,WE,Combined TRACON& Tower with Radar,22,0,6,0,28,7,0,15,0,22,29,0,21,0,50,0,0,0,50
09/18/2017,MWH,WA,ANM,WE,Combined TRACON& Tower with Radar,12,6,8,19,45,0,2,60,26,88,12,8,68,45,133,110,30,140,273
09/19/2017,MWH,WA,ANM,WE,Combined TRACON& Tower with Radar,20,4,23,9,56,23,0,103,14,140,43,4,126,23,196,162,26,188,384
09/20/2017,MWH,WA,ANM,WE,Combined TRACON& Tower with Radar,16,10,17,24,67,25,4,86,13,128,41,14,103,37,195,206,18,224,419
09/21/2017,MWH,WA,ANM,WE,Combined TRACON& Tower with Radar,10,10,10,13,43,1,4,86,7,98,11,14,96,20,141,232,50,282,423
09/22/2017,MWH,WA,ANM,WE,Combined TRACON& Tower with Radar,25,7,4,12,48,0,6,24,2,32,25,13,28,14,80,2,14,16,96
09/23/2017,MWH,WA,ANM,WE,Combined TRACON& Tower with Radar,8,0,0,0,8,2,0,30,0,32,10,0,30,0,40,30,0,30,70
09/24/2017,MWH,WA,ANM,WE,Combined TRACON& Tower with Radar,6,0,6,0,12,0,0,23,0,23,6,0,29,0,35,32,0,32,67
09/25/2017,MWH,WA,ANM,WE,Combined TRACON& Tower with Radar,18,4,22,7,51,0,2,88,14,104,18,6,110,21,155,230,34,264,419
09/26/2017,MWH,WA,ANM,WE,Combined TRACON& Tower with Radar,22,4,28,12,66,0,2,79,0,81,22,6,107,12,147,266,0,266,413
09/27/2017,MWH,WA,ANM,WE,Combined TRACON& Tower with Radar,10,2,12,0,24,1,3,95,2,101,11,5,107,2,125,197,0,197,322
09/28/2017,MWH,WA,ANM,WE,Combined TRACON& Tower with Radar,19,3,8,3,33,1,2,108,17,128,20,5,116,20,161,205,16,221,382
09/29/2017,MWH,WA,ANM,WE,Combined TRACON& Tower with Radar,2,5,20,1,28,0,6,24,0,30,2,11,44,1,58,38,2,40,98
09/30/2017,MWH,WA,ANM,WE,Combined TRACON& Tower with Radar,2,0,1,14,17,0,2,6,11,19,2,2,7,25,36,16,20,36,72
10/01/2017,MWH,WA,ANM,WE,Combined TRACON& Tower with Radar,8,0,3,0,11,0,0,5,1,6,8,0,8,1,17,0,0,0,17
10/02/2017,MWH,WA,ANM,WE,Combined TRACON& Tower with Radar,0,5,11,13,29,0,3,97,17,117,0,8,108,30,146,262,3,265,411
10/03/2017,MWH,WA,ANM,WE,Combined TRACON& Tower with Radar,7,7,14,20,48,4,0,106,1,111,11,7,120,21,159,190,20,210,369
10/04/2017,MWH,WA,ANM,WE,Combined TRACON& Tower with Radar,16,2,6,16,40,5,3,86,12,106,21,5,92,28,146,271,54,325,471
10/05/2017,MWH,WA,ANM,WE,Combined TRACON& Tower with Radar,22,4,23,6,55,7,6,97,9,119,29,10,120,15,174,288,29,317,491
10/06/2017,MWH,WA,ANM,WE,Combined TRACON& Tower with Radar,23,4,13,8,48,8,6,20,1,35,31,10,33,9,83,0,34,34,117
10/07/2017,MWH,WA,ANM,WE,Combined TRACON& Tower with Radar,6,3,1,0,10,0,0,5,0,5,6,3,6,0,15,0,0,0,15
10/08/2017,MWH,WA,ANM,WE,Combined TRACON& Tower with Radar,4,0,3,0,7,0,0,16,0,16,4,0,19,0,23,4,0,4,27
10/09/2017,MWH,WA,ANM,WE,Combined TRACON& Tower with Radar,4,2,7,0,13,0,2,88,1,91,4,4,95,1,104,338,0,338,442
10/10/2017,MWH,WA,ANM,WE,Combined TRACON& Tower with Radar,22,4,7,13,46,9,0,85,13,107,31,4,92,26,153,350,74,424,577
10/11/2017,MWH,WA,ANM,WE,Combined TRACON& Tower with Radar,30,15,13,33,91,8,1,66,31,106,38,16,79,64,197,270,48,318,515
10/12/2017,MWH,WA,ANM,WE,Combined TRACON& Tower with Radar,27,6,17,32,82,31,4,70,15,120,58,10,87,47,202,294,46,340,542
10/13/2017,MWH,WA,ANM,WE,Combined TRACON& Tower with Radar,9,4,11,27,51,0,1,18,0,19,9,5,29,27,70,8,0,8,78
10/14/2017,MWH,WA,ANM,WE,Combined TRACON& Tower with Radar,11,1,13,1,26,13,0,16,0,29,24,1,29,1,55,12,0,12,67
10/15/2017,MWH,WA,ANM,WE,Combined TRACON& Tower with Radar,12,0,7,0,19,6,0,17,0,23,18,0,24,0,42,0,0,0,42
10/16/2017,MWH,WA,ANM,WE,Combined TRACON& Tower with Radar,6,3,13,21,43,0,4,98,18,120,6,7,111,39,163,352,50,402,565
10/17/2017,MWH,WA,ANM,WE,Combined TRACON& Tower with Radar,12,7,5,2,26,18,0,71,8,97,30,7,76,10,123,252,14,266,389
10/18/2017,MWH,WA,ANM,WE,Combined TRACON& Tower with Radar,16,6,9,12,43,1,1,81,19,102,17,7,90,31,145,460,34,494,639
10/19/2017,MWH,WA,ANM,WE,Combined TRACON& Tower with Radar,22,6,10,12,50,2,0,73,6,81,24,6,83,18,131,493,34,527,658
10/20/2017,MWH,WA,ANM,WE,Combined TRACON& Tower with Radar,4,3,13,3,23,0,1,16,5,22,4,4,29,8,45,12,10,22,67
10/21/2017,MWH,WA,ANM,WE,Combined TRACON& Tower with Radar,0,0,0,0,0,0,0,0,0,0,0,0,0,0,0,0,0,0,0
10/22/2017,MWH,WA,ANM,WE,Combined TRACON& Tower with Radar,4,0,8,0,12,0,0,4,0,4,4,0,12,0,16,0,0,0,16
10/23/2017,MWH,WA,ANM,WE,Combined TRACON& Tower with Radar,14,3,8,5,30,0,1,91,3,95,14,4,99,8,125,408,0,408,533
10/24/2017,MWH,WA,ANM,WE,Combined TRACON& Tower with Radar,1,5,10,7,23,1,1,112,25,139,2,6,122,32,162,434,84,518,680
10/25/2017,MWH,WA,ANM,WE,Combined TRACON& Tower with Radar,16,3,25,25,69,0,1,37,44,82,16,4,62,69,151,240,82,322,473
10/26/2017,MWH,WA,ANM,WE,Combined TRACON& Tower with Radar,23,5,19,4,51,2,7,88,13,110,25,12,107,17,161,435,50,485,646
10/27/2017,MWH,WA,ANM,WE,Combined TRACON& Tower with Radar,11,3,5,1,20,0,1,36,0,37,11,4,41,1,57,13,0,13,70
10/28/2017,MWH,WA,ANM,WE,Combined TRACON& Tower with Radar,10,2,0,1,13,0,5,25,4,34,10,7,25,5,47,22,30,52,99
10/29/2017,MWH,WA,ANM,WE,Combined TRACON& Tower with Radar,0,0,5,0,5,15,0,16,0,31,15,0,21,0,36,8,0,8,44
10/30/2017,MWH,WA,ANM,WE,Combined TRACON& Tower with Radar,23,4,7,4,38,14,2,87,24,127,37,6,94,28,165,324,18,342,507
10/31/2017,MWH,WA,ANM,WE,Combined TRACON& Tower with Radar,18,4,6,3,31,0,12,77,6,95,18,16,83,9,126,324,12,336,462
11/01/2017,MWH,WA,ANM,WE,Combined TRACON& Tower with Radar,11,7,9,28,55,0,1,67,17,85,11,8,76,45,140,308,58,366,506
11/02/2017,MWH,WA,ANM,WE,Combined TRACON& Tower with Radar,14,9,1,34,58,0,6,60,10,76,14,15,61,44,134,304,43,347,481
11/03/2017,MWH,WA,ANM,WE,Combined TRACON& Tower with Radar,5,6,8,49,68,0,1,13,2,16,5,7,21,51,84,0,0,0,84
11/04/2017,MWH,WA,ANM,WE,Combined TRACON& Tower with Radar,4,0,3,7,14,0,1,18,0,19,4,1,21,7,33,8,0,8,41
11/05/2017,MWH,WA,ANM,WE,Combined TRACON& Tower with Radar,0,0,6,0,6,0,0,0,0,0,0,0,6,0,6,0,0,0,6
11/06/2017,MWH,WA,ANM,WE,Combined TRACON& Tower with Radar,25,5,7,2,39,0,5,74,0,79,25,10,81,2,118,452,0,452,570
11/07/2017,MWH,WA,ANM,WE,Combined TRACON& Tower with Radar,11,4,4,5,24,3,0,82,0,85,14,4,86,5,109,524,0,524,633
11/08/2017,MWH,WA,ANM,WE,Combined TRACON& Tower with Radar,19,4,7,36,66,3,0,81,2,86,22,4,88,38,152,440,30,470,622
11/09/2017,MWH,WA,ANM,WE,Combined TRACON& Tower with Radar,20,7,6,30,63,0,0,8,0,8,20,7,14,30,71,68,0,68,139
11/10/2017,MWH,WA,ANM,WE,Combined TRACON& Tower with Radar,30,13,17,0,60,0,0,2,0,2,30,13,19,0,62,0,0,0,62
11/11/2017,MWH,WA,ANM,WE,Combined TRACON& Tower with Radar,14,2,9,0,25,0,0,4,0,4,14,2,13,0,29,0,0,0,29
11/12/2017,MWH,WA,ANM,WE,Combined TRACON& Tower with Radar,6,1,7,0,14,0,0,0,0,0,6,1,7,0,14,0,0,0,14
11/13/2017,MWH,WA,ANM,WE,Combined TRACON& Tower with Radar,41,5,11,19,76,0,1,32,0,33,41,6,43,19,109,142,18,160,269
11/14/2017,MWH,WA,ANM,WE,Combined TRACON& Tower with Radar,56,3,11,10,80,29,3,82,12,126,85,6,93,22,206,342,9,351,557
11/15/2017,MWH,WA,ANM,WE,Combined TRACON& Tower with Radar,13,4,6,6,29,1,0,69,5,75,14,4,75,11,104,384,24,408,512
11/16/2017,MWH,WA,ANM,WE,Combined TRACON& Tower with Radar,12,3,21,10,46,25,1,75,10,111,37,4,96,20,157,282,16,298,455
11/17/2017,MWH,WA,ANM,WE,Combined TRACON& Tower with Radar,22,3,8,1,34,75,1,11,9,96,97,4,19,10,130,20,10,30,160
11/18/2017,MWH,WA,ANM,WE,Combined TRACON& Tower with Radar,4,0,6,3,13,0,0,20,0,20,4,0,26,3,33,32,0,32,65
11/19/2017,MWH,WA,ANM,WE,Combined TRACON& Tower with Radar,13,2,5,0,20,45,1,6,0,52,58,3,11,0,72,0,0,0,72
11/20/2017,MWH,WA,ANM,WE,Combined TRACON& Tower with Radar,32,2,8,11,53,0,0,4,11,15,32,2,12,22,68,6,20,26,94
11/21/2017,MWH,WA,ANM,WE,Combined TRACON& Tower with Radar,13,7,4,38,62,0,0,0,15,15,13,7,4,53,77,0,8,8,85
11/22/2017,MWH,WA,ANM,WE,Combined TRACON& Tower with Radar,10,4,10,0,24,0,0,0,0,0,10,4,10,0,24,0,0,0,24
11/23/2017,MWH,WA,ANM,WE,Combined TRACON& Tower with Radar,0,0,0,0,0,0,0,0,0,0,0,0,0,0,0,0,0,0,0
11/24/2017,MWH,WA,ANM,WE,Combined TRACON& Tower with Radar,8,3,2,0,13,0,1,6,0,7,8,4,8,0,20,10,0,10,30
11/25/2017,MWH,WA,ANM,WE,Combined TRACON& Tower with Radar,15,0,4,0,19,1,0,14,0,15,16,0,18,0,34,6,0,6,40
11/26/2017,MWH,WA,ANM,WE,Combined TRACON& Tower with Radar,9,2,2,0,13,2,0,0,0,2,11,2,2,0,15,0,0,0,15
11/27/2017,MWH,WA,ANM,WE,Combined TRACON& Tower with Radar,17,2,13,10,42,61,0,82,18,161,78,2,95,28,203,406,36,442,645
11/28/2017,MWH,WA,ANM,WE,Combined TRACON& Tower with Radar,30,2,11,16,59,52,8,67,17,144,82,10,78,33,203,344,30,374,577
11/29/2017,MWH,WA,ANM,WE,Combined TRACON& Tower with Radar,15,4,15,14,48,21,0,106,15,142,36,4,121,29,190,318,22,340,530
11/30/2017,MWH,WA,ANM,WE,Combined TRACON& Tower with Radar,61,4,12,5,82,50,4,66,4,124,111,8,78,9,206,192,9,201,407
12/01/2017,MWH,WA,ANM,WE,Combined TRACON& Tower with Radar,36,4,8,1,49,0,0,0,0,0,36,4,8,1,49,0,0,0,49
12/02/2017,MWH,WA,ANM,WE,Combined TRACON& Tower with Radar,4,4,3,2,13,0,0,0,0,0,4,4,3,2,13,0,0,0,13
12/03/2017,MWH,WA,ANM,WE,Combined TRACON& Tower with Radar,4,1,9,0,14,21,2,26,0,49,25,3,35,0,63,0,0,0,63
12/04/2017,MWH,WA,ANM,WE,Combined TRACON& Tower with Radar,10,1,16,19,46,73,3,51,9,136,83,4,67,28,182,242,58,300,482
12/05/2017,MWH,WA,ANM,WE,Combined TRACON& Tower with Radar,25,1,8,1,35,17,8,51,0,76,42,9,59,1,111,280,0,280,391
12/06/2017,MWH,WA,ANM,WE,Combined TRACON& Tower with Radar,16,1,20,11,48,39,11,37,15,102,55,12,57,26,150,134,0,134,284
12/07/2017,MWH,WA,ANM,WE,Combined TRACON& Tower with Radar,38,3,3,11,55,35,0,6,1,42,73,3,9,12,97,7,22,29,126
12/08/2017,MWH,WA,ANM,WE,Combined TRACON& Tower with Radar,20,4,6,0,30,0,1,0,0,1,20,5,6,0,31,0,0,0,31
12/09/2017,MWH,WA,ANM,WE,Combined TRACON& Tower with Radar,19,3,3,0,25,4,0,7,0,11,23,3,10,0,36,4,0,4,40
12/10/2017,MWH,WA,ANM,WE,Combined TRACON& Tower with Radar,12,1,1,8,22,0,0,6,3,9,12,1,7,11,31,16,34,50,81
12/11/2017,MWH,WA,ANM,WE,Combined TRACON& Tower with Radar,22,8,4,2,36,0,0,0,0,0,22,8,4,2,36,0,0,0,36
12/12/2017,MWH,WA,ANM,WE,Combined TRACON& Tower with Radar,16,4,3,4,27,17,0,0,0,17,33,4,3,4,44,0,0,0,44
12/13/2017,MWH,WA,ANM,WE,Combined TRACON& Tower with Radar,68,7,21,17,113,38,3,9,2,52,106,10,30,19,165,0,6,6,171
12/14/2017,MWH,WA,ANM,WE,Combined TRACON& Tower with Radar,23,4,9,24,60,14,8,4,3,29,37,12,13,27,89,14,16,30,119
12/15/2017,MWH,WA,ANM,WE,Combined TRACON& Tower with Radar,8,6,6,0,20,0,0,0,0,0,8,6,6,0,20,0,0,0,20
12/16/2017,MWH,WA,ANM,WE,Combined TRACON& Tower with Radar,12,4,6,0,22,0,0,1,0,1,12,4,7,0,23,0,0,0,23
12/17/2017,MWH,WA,ANM,WE,Combined TRACON& Tower with Radar,8,1,0,0,9,0,0,0,0,0,8,1,0,0,9,0,0,0,9
12/18/2017,MWH,WA,ANM,WE,Combined TRACON& Tower with Radar,19,3,12,22,56,81,1,7,23,112,100,4,19,45,168,0,105,105,273
12/19/2017,MWH,WA,ANM,WE,Combined TRACON& Tower with Radar,7,4,3,4,18,1,0,0,0,1,8,4,3,4,19,0,0,0,19
12/20/2017,MWH,WA,ANM,WE,Combined TRACON& Tower with Radar,38,4,13,31,86,17,4,14,3,38,55,8,27,34,124,8,5,13,137
12/21/2017,MWH,WA,ANM,WE,Combined TRACON& Tower with Radar,13,1,6,21,41,3,1,11,25,40,16,2,17,46,81,6,43,49,130
12/22/2017,MWH,WA,ANM,WE,Combined TRACON& Tower with Radar,15,5,1,1,22,0,0,0,0,0,15,5,1,1,22,0,0,0,22
12/23/2017,MWH,WA,ANM,WE,Combined TRACON& Tower with Radar,9,3,1,0,13,16,4,12,0,32,25,7,13,0,45,16,0,16,61
12/24/2017,MWH,WA,ANM,WE,Combined TRACON& Tower with Radar,0,0,0,0,0,0,2,2,0,4,0,2,2,0,4,8,0,8,12
12/25/2017,MWH,WA,ANM,WE,Combined TRACON& Tower with Radar,0,3,0,0,3,0,0,0,0,0,0,3,0,0,3,0,0,0,3
12/26/2017,MWH,WA,ANM,WE,Combined TRACON& Tower with Radar,6,8,0,0,14,0,1,0,0,1,6,9,0,0,15,0,0,0,15
12/27/2017,MWH,WA,ANM,WE,Combined TRACON& Tower with Radar,2,7,3,11,23,0,0,2,0,2,2,7,5,11,25,10,0,10,35
12/28/2017,MWH,WA,ANM,WE,Combined TRACON& Tower with Radar,10,4,0,0,14,0,0,0,0,0,10,4,0,0,14,0,0,0,14
12/29/2017,MWH,WA,ANM,WE,Combined TRACON& Tower with Radar,0,0,0,0,0,0,0,0,0,0,0,0,0,0,0,0,0,0,0
12/30/2017,MWH,WA,ANM,WE,Combined TRACON& Tower with Radar,6,0,0,0,6,13,0,3,0,16,19,0,3,0,22,0,0,0,22
12/31/2017,MWH,WA,ANM,WE,Combined TRACON& Tower with Radar,0,1,3,0,4,0,0,8,0,8,0,1,11,0,12,0,0,0,12
01/01/2018,MWH,WA,ANM,WE,Combined TRACON& Tower with Radar,0,0,0,0,0,0,0,0,0,0,0,0,0,0,0,0,0,0,0
01/02/2018,MWH,WA,ANM,WE,Combined TRACON& Tower with Radar,0,5,5,11,21,0,5,31,5,41,0,10,36,16,62,222,20,242,304
01/03/2018,MWH,WA,ANM,WE,Combined TRACON& Tower with Radar,8,2,0,16,26,28,2,69,7,106,36,4,69,23,132,206,36,242,374
01/04/2018,MWH,WA,ANM,WE,Combined TRACON& Tower with Radar,12,6,14,4,36,2,1,56,6,65,14,7,70,10,101,242,6,248,349
01/05/2018,MWH,WA,ANM,WE,Combined TRACON& Tower with Radar,2,5,6,4,17,0,0,0,0,0,2,5,6,4,17,0,0,0,17
01/06/2018,MWH,WA,ANM,WE,Combined TRACON& Tower with Radar,2,3,1,0,6,0,0,0,0,0,2,3,1,0,6,0,0,0,6
01/07/2018,MWH,WA,ANM,WE,Combined TRACON& Tower with Radar,8,0,1,0,9,0,0,0,0,0,8,0,1,0,9,0,0,0,9
01/08/2018,MWH,WA,ANM,WE,Combined TRACON& Tower with Radar,6,9,18,16,49,0,0,0,4,4,6,9,18,20,53,0,0,0,53
01/09/2018,MWH,WA,ANM,WE,Combined TRACON& Tower with Radar,3,7,4,1,15,0,0,0,0,0,3,7,4,1,15,0,0,0,15
01/10/2018,MWH,WA,ANM,WE,Combined TRACON& Tower with Radar,11,11,11,29,62,1,1,102,26,130,12,12,113,55,192,183,58,241,433
01/11/2018,MWH,WA,ANM,WE,Combined TRACON& Tower with Radar,10,12,0,3,25,0,0,0,0,0,10,12,0,3,25,0,0,0,25
01/12/2018,MWH,WA,ANM,WE,Combined TRACON& Tower with Radar,34,11,6,22,73,1,0,5,3,9,35,11,11,25,82,22,26,48,130
01/13/2018,MWH,WA,ANM,WE,Combined TRACON& Tower with Radar,8,0,3,0,11,0,0,2,0,2,8,0,5,0,13,0,0,0,13
01/14/2018,MWH,WA,ANM,WE,Combined TRACON& Tower with Radar,4,2,2,0,8,9,0,19,0,28,13,2,21,0,36,48,0,48,84
01/15/2018,MWH,WA,ANM,WE,Combined TRACON& Tower with Radar,21,3,3,1,28,0,1,5,0,6,21,4,8,1,34,30,0,30,64
01/16/2018,MWH,WA,ANM,WE,Combined TRACON& Tower with Radar,24,8,17,32,81,1,0,0,1,2,25,8,17,33,83,0,0,0,83
01/17/2018,MWH,WA,ANM,WE,Combined TRACON& Tower with Radar,39,8,10,39,96,8,0,82,19,109,47,8,92,58,205,360,40,400,605
01/18/2018,MWH,WA,ANM,WE,Combined TRACON& Tower with Radar,41,15,34,34,124,1,1,84,9,95,42,16,118,43,219,318,51,369,588
01/19/2018,MWH,WA,ANM,WE,Combined TRACON& Tower with Radar,10,4,7,12,33,0,1,6,28,35,10,5,13,40,68,0,64,64,132
01/20/2018,MWH,WA,ANM,WE,Combined TRACON& Tower with Radar,15,1,4,0,20,9,0,17,0,26,24,1,21,0,46,20,0,20,66
01/21/2018,MWH,WA,ANM,WE,Combined TRACON& Tower with Radar,10,0,0,2,12,0,0,6,0,6,10,0,6,2,18,8,10,18,36
01/22/2018,MWH,WA,ANM,WE,Combined TRACON& Tower with Radar,10,5,15,5,35,8,1,87,7,103,18,6,102,12,138,268,13,281,419
01/23/2018,MWH,WA,ANM,WE,Combined TRACON& Tower with Radar,13,7,25,15,60,0,0,47,0,47,13,7,72,15,107,154,16,170,277
01/24/2018,MWH,WA,ANM,WE,Combined TRACON& Tower with Radar,22,10,7,16,55,0,0,10,5,15,22,10,17,21,70,28,0,28,98
01/25/2018,MWH,WA,ANM,WE,Combined TRACON& Tower with Radar,9,6,23,24,62,0,1,55,11,67,9,7,78,35,129,148,8,156,285
01/26/2018,MWH,WA,ANM,WE,Combined TRACON& Tower with Radar,34,11,14,15,74,3,3,18,0,24,37,14,32,15,98,17,0,17,115
01/27/2018,MWH,WA,ANM,WE,Combined TRACON& Tower with Radar,17,2,14,0,33,15,5,13,0,33,32,7,27,0,66,18,0,18,84
01/28/2018,MWH,WA,ANM,WE,Combined TRACON& Tower with Radar,11,0,8,14,33,2,0,49,0,51,13,0,57,14,84,126,16,142,226
01/29/2018,MWH,WA,ANM,WE,Combined TRACON& Tower with Radar,8,6,3,6,23,0,0,0,0,0,8,6,3,6,23,0,0,0,23
01/30/2018,MWH,WA,ANM,WE,Combined TRACON& Tower with Radar,12,4,22,7,45,0,0,21,10,31,12,4,43,17,76,0,0,0,76
01/31/2018,MWH,WA,ANM,WE,Combined TRACON& Tower with Radar,21,4,19,15,59,12,0,96,20,128,33,4,115,35,187,271,40,311,498
02/01/2018,MWH,WA,ANM,WE,Combined TRACON& Tower with Radar,16,5,34,34,89,3,0,83,3,89,19,5,117,37,178,216,12,228,406
02/02/2018,MWH,WA,ANM,WE,Combined TRACON& Tower with Radar,12,10,0,0,22,0,0,0,0,0,12,10,0,0,22,0,0,0,22
02/03/2018,MWH,WA,ANM,WE,Combined TRACON& Tower with Radar,2,0,11,19,32,2,0,13,4,19,4,0,24,23,51,15,46,61,112
02/04/2018,MWH,WA,ANM,WE,Combined TRACON& Tower with Radar,0,1,0,2,3,0,1,4,9,14,0,2,4,11,17,44,24,68,85
02/05/2018,MWH,WA,ANM,WE,Combined TRACON& Tower with Radar,9,1,10,6,26,0,3,82,11,96,9,4,92,17,122,260,0,260,382
02/06/2018,MWH,WA,ANM,WE,Combined TRACON& Tower with Radar,10,4,20,5,39,0,1,97,8,106,10,5,117,13,145,203,12,215,360
02/07/2018,MWH,WA,ANM,WE,Combined TRACON& Tower with Radar,4,2,14,2,22,0,3,98,2,103,4,5,112,4,125,381,0,381,506
02/08/2018,MWH,WA,ANM,WE,Combined TRACON& Tower with Radar,12,3,12,22,49,8,4,61,5,78,20,7,73,27,127,156,9,165,292
02/09/2018,MWH,WA,ANM,WE,Combined TRACON& Tower with Radar,11,3,13,7,34,0,1,17,2,20,11,4,30,9,54,0,0,0,54
02/10/2018,MWH,WA,ANM,WE,Combined TRACON& Tower with Radar,7,0,2,0,9,0,0,5,0,5,7,0,7,0,14,0,0,0,14
02/11/2018,MWH,WA,ANM,WE,Combined TRACON& Tower with Radar,4,0,14,1,19,0,0,22,0,22,4,0,36,1,41,0,0,0,41
02/12/2018,MWH,WA,ANM,WE,Combined TRACON& Tower with Radar,26,2,12,19,59,0,2,33,12,47,26,4,45,31,106,26,0,26,132
02/13/2018,MWH,WA,ANM,WE,Combined TRACON& Tower with Radar,4,3,8,14,29,0,1,107,29,137,4,4,115,43,166,202,22,224,390
02/14/2018,MWH,WA,ANM,WE,Combined TRACON& Tower with Radar,4,5,10,15,34,0,3,25,6,34,4,8,35,21,68,46,18,64,132
02/15/2018,MWH,WA,ANM,WE,Combined TRACON& Tower with Radar,7,8,17,7,39,0,1,78,2,81,7,9,95,9,120,234,22,256,376
02/16/2018,MWH,WA,ANM,WE,Combined TRACON& Tower with Radar,24,5,9,5,43,1,1,14,2,18,25,6,23,7,61,0,20,20,81
02/17/2018,MWH,WA,ANM,WE,Combined TRACON& Tower with Radar,2,6,2,0,10,0,0,2,0,2,2,6,4,0,12,2,0,2,14
02/18/2018,MWH,WA,ANM,WE,Combined TRACON& Tower with Radar,0,0,0,2,2,0,0,0,0,0,0,0,0,2,2,0,0,0,2
02/19/2018,MWH,WA,ANM,WE,Combined TRACON& Tower with Radar,30,3,9,0,42,2,1,16,0,19,32,4,25,0,61,8,0,8,69
02/20/2018,MWH,WA,ANM,WE,Combined TRACON& Tower with Radar,28,3,8,6,45,0,1,64,5,70,28,4,72,11,115,252,40,292,407
02/21/2018,MWH,WA,ANM,WE,Combined TRACON& Tower with Radar,23,3,14,7,47,1,2,80,2,85,24,5,94,9,132,303,18,321,453
02/22/2018,MWH,WA,ANM,WE,Combined TRACON& Tower with Radar,26,6,14,10,56,0,1,81,21,103,26,7,95,31,159,242,12,254,413
02/23/2018,MWH,WA,ANM,WE,Combined TRACON& Tower with Radar,11,7,12,3,33,20,1,11,0,32,31,8,23,3,65,18,0,18,83
02/24/2018,MWH,WA,ANM,WE,Combined TRACON& Tower with Radar,0,2,7,0,9,0,10,17,0,27,0,12,24,0,36,14,0,14,50
02/25/2018,MWH,WA,ANM,WE,Combined TRACON& Tower with Radar,8,1,7,0,16,0,0,1,0,1,8,1,8,0,17,0,0,0,17
02/26/2018,MWH,WA,ANM,WE,Combined TRACON& Tower with Radar,19,3,20,10,52,12,3,116,14,145,31,6,136,24,197,340,55,395,592
02/27/2018,MWH,WA,ANM,WE,Combined TRACON& Tower with Radar,8,4,7,12,31,0,2,72,10,84,8,6,79,22,115,166,58,224,339
02/28/2018,MWH,WA,ANM,WE,Combined TRACON& Tower with Radar,16,6,31,10,63,43,2,82,2,129,59,8,113,12,192,281,18,299,491
03/01/2018,MWH,WA,ANM,WE,Combined TRACON& Tower with Radar,8,21,18,14,61,0,0,16,5,21,8,21,34,19,82,60,4,64,146
03/02/2018,MWH,WA,ANM,WE,Combined TRACON& Tower with Radar,2,16,10,2,30,2,8,9,0,19,4,24,19,2,49,41,0,41,90
03/03/2018,MWH,WA,ANM,WE,Combined TRACON& Tower with Radar,0,0,7,0,7,0,2,22,0,24,0,2,29,0,31,32,0,32,63
03/04/2018,MWH,WA,ANM,WE,Combined TRACON& Tower with Radar,10,4,3,3,20,0,8,5,11,24,10,12,8,14,44,0,0,0,44
03/05/2018,MWH,WA,ANM,WE,Combined TRACON& Tower with Radar,20,4,20,21,65,13,16,85,11,125,33,20,105,32,190,169,42,211,401
03/06/2018,MWH,WA,ANM,WE,Combined TRACON& Tower with Radar,24,2,11,28,65,0,3,94,3,100,24,5,105,31,165,190,24,214,379
03/07/2018,MWH,WA,ANM,WE,Combined TRACON& Tower with Radar,17,2,21,10,50,14,3,75,12,104,31,5,96,22,154,206,28,234,388
03/08/2018,MWH,WA,ANM,WE,Combined TRACON& Tower with Radar,12,2,9,22,45,0,2,35,7,44,12,4,44,29,89,88,32,120,209
03/09/2018,MWH,WA,ANM,WE,Combined TRACON& Tower with Radar,40,2,9,4,55,0,5,11,8,24,40,7,20,12,79,5,18,23,102
03/10/2018,MWH,WA,ANM,WE,Combined TRACON& Tower with Radar,2,0,2,0,4,0,0,20,0,20,2,0,22,0,24,22,0,22,46
03/11/2018,MWH,WA,ANM,WE,Combined TRACON& Tower with Radar,4,0,4,0,8,0,0,14,0,14,4,0,18,0,22,20,6,26,48
03/12/2018,MWH,WA,ANM,WE,Combined TRACON& Tower with Radar,17,6,21,8,52,12,1,100,4,117,29,7,121,12,169,125,2,127,296
03/13/2018,MWH,WA,ANM,WE,Combined TRACON& Tower with Radar,16,2,8,25,51,11,3,71,10,95,27,5,79,35,146,192,66,258,404
03/14/2018,MWH,WA,ANM,WE,Combined TRACON& Tower with Radar,26,18,17,24,85,0,3,79,23,105,26,21,96,47,190,173,71,244,434
03/15/2018,MWH,WA,ANM,WE,Combined TRACON& Tower with Radar,33,4,8,27,72,3,1,89,25,118,36,5,97,52,190,157,57,214,404
03/16/2018,MWH,WA,ANM,WE,Combined TRACON& Tower with Radar,35,5,9,20,69,6,4,6,7,23,41,9,15,27,92,0,24,24,116
03/17/2018,MWH,WA,ANM,WE,Combined TRACON& Tower with Radar,16,0,8,0,24,0,0,12,0,12,16,0,20,0,36,38,0,38,74
03/18/2018,MWH,WA,ANM,WE,Combined TRACON& Tower with Radar,10,0,4,0,14,2,0,19,0,21,12,0,23,0,35,36,0,36,71
03/19/2018,MWH,WA,ANM,WE,Combined TRACON& Tower with Radar,27,0,27,20,74,11,4,51,13,79,38,4,78,33,153,151,44,195,348
03/20/2018,MWH,WA,ANM,WE,Combined TRACON& Tower with Radar,40,3,23,5,71,0,2,48,7,57,40,5,71,12,128,120,30,150,278
03/21/2018,MWH,WA,ANM,WE,Combined TRACON& Tower with Radar,28,7,15,18,68,0,0,25,21,46,28,7,40,39,114,82,80,162,276
03/22/2018,MWH,WA,ANM,WE,Combined TRACON& Tower with Radar,25,7,3,19,54,0,1,2,14,17,25,8,5,33,71,0,64,64,135
03/23/2018,MWH,WA,ANM,WE,Combined TRACON& Tower with Radar,23,5,10,8,46,1,0,4,11,16,24,5,14,19,62,0,26,26,88
03/24/2018,MWH,WA,ANM,WE,Combined TRACON& Tower with Radar,10,0,3,2,15,3,0,8,0,11,13,0,11,2,26,0,0,0,26
03/25/2018,MWH,WA,ANM,WE,Combined TRACON& Tower with Radar,12,0,13,0,25,6,0,16,0,22,18,0,29,0,47,12,0,12,59
03/26/2018,MWH,WA,ANM,WE,Combined TRACON& Tower with Radar,14,2,15,12,43,0,2,4,5,11,14,4,19,17,54,2,22,24,78
03/27/2018,MWH,WA,ANM,WE,Combined TRACON& Tower with Radar,42,6,10,20,78,0,1,16,8,25,42,7,26,28,103,19,88,107,210
03/28/2018,MWH,WA,ANM,WE,Combined TRACON& Tower with Radar,25,4,30,8,67,6,0,20,11,37,31,4,50,19,104,0,20,20,124
03/29/2018,MWH,WA,ANM,WE,Combined TRACON& Tower with Radar,28,3,15,4,50,23,3,23,2,51,51,6,38,6,101,21,9,30,131
03/30/2018,MWH,WA,ANM,WE,Combined TRACON& Tower with Radar,13,6,12,12,43,4,2,24,6,36,17,8,36,18,79,12,10,22,101
03/31/2018,MWH,WA,ANM,WE,Combined TRACON& Tower with Radar,0,2,8,0,10,0,0,28,0,28,0,2,36,0,38,6,0,6,44
04/01/2018,MWH,WA,ANM,WE,Combined TRACON& Tower with Radar,0,2,0,0,2,0,0,3,0,3,0,2,3,0,5,0,0,0,5
04/02/2018,MWH,WA,ANM,WE,Combined TRACON& Tower with Radar,9,2,15,14,40,1,3,61,3,68,10,5,76,17,108,98,8,106,214
04/03/2018,MWH,WA,ANM,WE,Combined TRACON& Tower with Radar,0,4,24,13,41,3,0,79,6,88,3,4,103,19,129,313,16,329,458
04/04/2018,MWH,WA,ANM,WE,Combined TRACON& Tower with Radar,7,5,16,15,43,18,0,77,18,113,25,5,93,33,156,214,36,250,406
04/05/2018,MWH,WA,ANM,WE,Combined TRACON& Tower with Radar,16,9,10,28,63,0,0,2,0,2,16,9,12,28,65,0,0,0,65
04/06/2018,MWH,WA,ANM,WE,Combined TRACON& Tower with Radar,12,6,11,6,35,0,0,9,0,9,12,6,20,6,44,8,6,14,58
04/07/2018,MWH,WA,ANM,WE,Combined TRACON& Tower with Radar,0,4,2,0,6,0,0,0,0,0,0,4,2,0,6,0,0,0,6
04/08/2018,MWH,WA,ANM,WE,Combined TRACON& Tower with Radar,2,1,9,0,12,1,2,18,0,21,3,3,27,0,33,2,0,2,35
04/09/2018,MWH,WA,ANM,WE,Combined TRACON& Tower with Radar,17,3,33,12,65,6,2,116,1,125,23,5,149,13,190,244,0,244,434
04/10/2018,MWH,WA,ANM,WE,Combined TRACON& Tower with Radar,34,5,16,16,71,0,0,101,10,111,34,5,117,26,182,236,31,267,449
04/11/2018,MWH,WA,ANM,WE,Combined TRACON& Tower with Radar,0,3,36,21,60,0,1,75,22,98,0,4,111,43,158,149,78,227,385
04/12/2018,MWH,WA,ANM,WE,Combined TRACON& Tower with Radar,12,4,9,9,34,0,5,59,8,72,12,9,68,17,106,62,61,123,229
04/13/2018,MWH,WA,ANM,WE,Combined TRACON& Tower with Radar,8,6,21,8,43,4,1,26,11,42,12,7,47,19,85,56,44,100,185
04/14/2018,MWH,WA,ANM,WE,Combined TRACON& Tower with Radar,4,0,5,0,9,0,1,22,0,23,4,1,27,0,32,24,0,24,56
04/15/2018,MWH,WA,ANM,WE,Combined TRACON& Tower with Radar,2,2,1,2,7,0,0,2,0,2,2,2,3,2,9,0,0,0,9
04/16/2018,MWH,WA,ANM,WE,Combined TRACON& Tower with Radar,18,4,18,22,62,0,4,23,5,32,18,8,41,27,94,76,33,109,203
04/17/2018,MWH,WA,ANM,WE,Combined TRACON& Tower with Radar,10,8,4,19,41,0,1,62,4,67,10,9,66,23,108,55,21,76,184
04/18/2018,MWH,WA,ANM,WE,Combined TRACON& Tower with Radar,16,5,37,19,77,0,10,111,17,138,16,15,148,36,215,243,74,317,532
04/19/2018,MWH,WA,ANM,WE,Combined TRACON& Tower with Radar,32,4,43,10,89,2,2,116,8,128,34,6,159,18,217,134,13,147,364
04/20/2018,MWH,WA,ANM,WE,Combined TRACON& Tower with Radar,12,5,15,2,34,0,2,23,3,28,12,7,38,5,62,50,0,50,112
04/21/2018,MWH,WA,ANM,WE,Combined TRACON& Tower with Radar,18,0,1,7,26,0,2,4,0,6,18,2,5,7,32,0,0,0,32
04/22/2018,MWH,WA,ANM,WE,Combined TRACON& Tower with Radar,10,0,4,1,15,0,0,18,6,24,10,0,22,7,39,12,3,15,54
04/23/2018,MWH,WA,ANM,WE,Combined TRACON& Tower with Radar,24,2,29,3,58,3,55,59,11,128,27,57,88,14,186,156,59,215,401
04/24/2018,MWH,WA,ANM,WE,Combined TRACON& Tower with Radar,9,3,23,17,52,0,59,48,11,118,9,62,71,28,170,171,35,206,376
04/25/2018,MWH,WA,ANM,WE,Combined TRACON& Tower with Radar,38,15,21,13,87,4,63,53,11,131,42,78,74,24,218,222,50,272,490
04/26/2018,MWH,WA,ANM,WE,Combined TRACON& Tower with Radar,23,5,18,12,58,8,95,43,6,152,31,100,61,18,210,250,16,266,476
04/27/2018,MWH,WA,ANM,WE,Combined TRACON& Tower with Radar,28,3,21,3,55,5,2,25,6,38,33,5,46,9,93,6,24,30,123
04/28/2018,MWH,WA,ANM,WE,Combined TRACON& Tower with Radar,0,1,7,0,8,0,1,12,0,13,0,2,19,0,21,0,0,0,21
04/29/2018,MWH,WA,ANM,WE,Combined TRACON& Tower with Radar,11,0,14,0,25,1,0,4,0,5,12,0,18,0,30,0,0,0,30
04/30/2018,MWH,WA,ANM,WE,Combined TRACON& Tower with Radar,20,23,15,14,72,5,70,19,8,102,25,93,34,22,174,275,29,304,478
05/01/2018,MWH,WA,ANM,WE,Combined TRACON& Tower with Radar,10,11,5,17,43,5,250,18,12,285,15,261,23,29,328,7,37,44,372
05/02/2018,MWH,WA,ANM,WE,Combined TRACON& Tower with Radar,3,17,6,6,32,3,304,53,12,372,6,321,59,18,404,10,14,24,428
05/03/2018,MWH,WA,ANM,WE,Combined TRACON& Tower with Radar,12,23,1,9,45,0,251,30,7,288,12,274,31,16,333,61,34,95,428
05/04/2018,MWH,WA,ANM,WE,Combined TRACON& Tower with Radar,18,9,8,11,46,0,4,14,16,34,18,13,22,27,80,33,32,65,145
05/05/2018,MWH,WA,ANM,WE,Combined TRACON& Tower with Radar,1,0,7,0,8,1,2,19,0,22,2,2,26,0,30,16,0,16,46
05/06/2018,MWH,WA,ANM,WE,Combined TRACON& Tower with Radar,8,0,3,0,11,2,0,3,0,5,10,0,6,0,16,0,0,0,16
05/07/2018,MWH,WA,ANM,WE,Combined TRACON& Tower with Radar,4,8,7,20,39,0,102,13,7,122,4,110,20,27,161,110,46,156,317
05/08/2018,MWH,WA,ANM,WE,Combined TRACON& Tower with Radar,18,24,2,2,46,1,93,40,6,140,19,117,42,8,186,168,0,168,354
05/09/2018,MWH,WA,ANM,WE,Combined TRACON& Tower with Radar,18,23,8,16,65,0,56,32,6,94,18,79,40,22,159,200,11,211,370
05/10/2018,MWH,WA,ANM,WE,Combined TRACON& Tower with Radar,10,11,7,21,49,0,51,13,5,69,10,62,20,26,118,105,16,121,239
05/11/2018,MWH,WA,ANM,WE,Combined TRACON& Tower with Radar,18,7,13,33,71,0,3,9,5,17,18,10,22,38,88,6,28,34,122
05/12/2018,MWH,WA,ANM,WE,Combined TRACON& Tower with Radar,10,0,5,2,17,0,2,22,0,24,10,2,27,2,41,13,12,25,66
05/13/2018,MWH,WA,ANM,WE,Combined TRACON& Tower with Radar,8,0,1,0,9,0,0,26,0,26,8,0,27,0,35,36,0,36,71
05/14/2018,MWH,WA,ANM,WE,Combined TRACON& Tower with Radar,18,15,11,14,58,0,79,22,27,128,18,94,33,41,186,258,89,347,533
05/15/2018,MWH,WA,ANM,WE,Combined TRACON& Tower with Radar,2,27,6,2,37,2,55,32,10,99,4,82,38,12,136,235,37,272,408
05/16/2018,MWH,WA,ANM,WE,Combined TRACON& Tower with Radar,28,27,5,3,63,0,60,21,5,86,28,87,26,8,149,124,26,150,299
05/17/2018,MWH,WA,ANM,WE,Combined TRACON& Tower with Radar,12,33,6,14,65,0,65,24,8,97,12,98,30,22,162,198,16,214,376
05/18/2018,MWH,WA,ANM,WE,Combined TRACON& Tower with Radar,14,9,35,6,64,0,0,18,0,18,14,9,53,6,82,0,0,0,82
05/19/2018,MWH,WA,ANM,WE,Combined TRACON& Tower with Radar,12,0,7,0,19,0,0,24,0,24,12,0,31,0,43,0,0,0,43
05/20/2018,MWH,WA,ANM,WE,Combined TRACON& Tower with Radar,11,0,5,0,16,1,0,20,0,21,12,0,25,0,37,20,0,20,57
05/21/2018,MWH,WA,ANM,WE,Combined TRACON& Tower with Radar,22,10,5,16,53,5,62,22,9,98,27,72,27,25,151,254,12,266,417
05/22/2018,MWH,WA,ANM,WE,Combined TRACON& Tower with Radar,30,30,19,7,86,0,53,22,4,79,30,83,41,11,165,135,25,160,325
05/23/2018,MWH,WA,ANM,WE,Combined TRACON& Tower with Radar,16,29,14,9,68,0,56,34,2,92,16,85,48,11,160,161,39,200,360
05/24/2018,MWH,WA,ANM,WE,Combined TRACON& Tower with Radar,14,30,4,18,66,0,62,35,4,101,14,92,39,22,167,158,17,175,342
05/25/2018,MWH,WA,ANM,WE,Combined TRACON& Tower with Radar,12,3,9,0,24,0,3,32,0,35,12,6,41,0,59,24,0,24,83
05/26/2018,MWH,WA,ANM,WE,Combined TRACON& Tower with Radar,10,0,3,2,15,0,1,7,0,8,10,1,10,2,23,6,0,6,29
05/27/2018,MWH,WA,ANM,WE,Combined TRACON& Tower with Radar,10,0,0,0,10,0,1,10,0,11,10,1,10,0,21,12,0,12,33
05/28/2018,MWH,WA,ANM,WE,Combined TRACON& Tower with Radar,0,0,3,0,3,0,0,18,0,18,0,0,21,0,21,24,0,24,45
05/29/2018,MWH,WA,ANM,WE,Combined TRACON& Tower with Radar,15,28,6,12,61,28,62,17,4,111,43,90,23,16,172,140,12,152,324
05/30/2018,MWH,WA,ANM,WE,Combined TRACON& Tower with Radar,11,23,7,29,70,6,65,51,4,126,17,88,58,33,196,262,18,280,476
05/31/2018,MWH,WA,ANM,WE,Combined TRACON& Tower with Radar,7,27,21,27,82,5,50,25,9,89,12,77,46,36,171,114,81,195,366
06/01/2018,MWH,WA,ANM,WE,Combined TRACON& Tower with Radar,12,9,13,31,65,0,2,22,18,42,12,11,35,49,107,16,99,115,222
06/02/2018,MWH,WA,ANM,WE,Combined TRACON& Tower with Radar,4,2,1,3,10,0,0,11,3,14,4,2,12,6,24,7,17,24,48
06/03/2018,MWH,WA,ANM,WE,Combined TRACON& Tower with Radar,10,0,8,0,18,0,1,30,0,31,10,1,38,0,49,8,0,8,57
06/04/2018,MWH,WA,ANM,WE,Combined TRACON& Tower with Radar,8,21,8,26,63,1,60,31,7,99,9,81,39,33,162,216,32,248,410
06/05/2018,MWH,WA,ANM,WE,Combined TRACON& Tower with Radar,16,34,21,14,85,0,55,28,4,87,16,89,49,18,172,289,44,333,505
06/06/2018,MWH,WA,ANM,WE,Combined TRACON& Tower with Radar,11,20,13,4,48,2,81,36,2,121,13,101,49,6,169,307,8,315,484
06/07/2018,MWH,WA,ANM,WE,Combined TRACON& Tower with Radar,12,20,12,4,48,0,74,40,0,114,12,94,52,4,162,258,0,258,420
06/08/2018,MWH,WA,ANM,WE,Combined TRACON& Tower with Radar,14,3,12,25,54,0,6,21,3,30,14,9,33,28,84,36,71,107,191
06/09/2018,MWH,WA,ANM,WE,Combined TRACON& Tower with Radar,0,0,7,1,8,0,0,7,5,12,0,0,14,6,20,10,34,44,64
06/10/2018,MWH,WA,ANM,WE,Combined TRACON& Tower with Radar,4,2,1,0,7,0,0,6,0,6,4,2,7,0,13,5,0,5,18
06/11/2018,MWH,WA,ANM,WE,Combined TRACON& Tower with Radar,10,21,5,10,46,0,55,17,13,85,10,76,22,23,131,164,78,242,373
06/12/2018,MWH,WA,ANM,WE,Combined TRACON& Tower with Radar,6,29,10,5,50,0,51,43,15,109,6,80,53,20,159,205,34,239,398
06/13/2018,MWH,WA,ANM,WE,Combined TRACON& Tower with Radar,6,9,16,31,62,2,13,19,6,40,8,22,35,37,102,40,42,82,184
06/14/2018,MWH,WA,ANM,WE,Combined TRACON& Tower with Radar,13,14,4,9,40,7,20,31,6,64,20,34,35,15,104,23,94,117,221
06/15/2018,MWH,WA,ANM,WE,Combined TRACON& Tower with Radar,31,5,10,11,57,10,7,26,11,54,41,12,36,22,111,24,34,58,169
06/16/2018,MWH,WA,ANM,WE,Combined TRACON& Tower with Radar,5,6,8,0,19,1,1,6,0,8,6,7,14,0,27,18,0,18,45
06/17/2018,MWH,WA,ANM,WE,Combined TRACON& Tower with Radar,7,1,0,0,8,0,0,5,3,8,7,1,5,3,16,0,0,0,16
06/18/2018,MWH,WA,ANM,WE,Combined TRACON& Tower with Radar,20,2,8,9,39,4,4,22,3,33,24,6,30,12,72,8,22,30,102
06/19/2018,MWH,WA,ANM,WE,Combined TRACON& Tower with Radar,12,4,8,10,34,4,0,24,4,32,16,4,32,14,66,35,37,72,138
06/20/2018,MWH,WA,ANM,WE,Combined TRACON& Tower with Radar,8,3,7,10,28,0,1,13,21,35,8,4,20,31,63,0,0,0,63
06/21/2018,MWH,WA,ANM,WE,Combined TRACON& Tower with Radar,27,5,1,13,46,0,0,13,4,17,27,5,14,17,63,0,0,0,63
06/22/2018,MWH,WA,ANM,WE,Combined TRACON& Tower with Radar,9,3,7,8,27,1,3,8,7,19,10,6,15,15,46,0,0,0,46
06/23/2018,MWH,WA,ANM,WE,Combined TRACON& Tower with Radar,14,2,3,0,19,0,2,4,1,7,14,4,7,1,26,0,0,0,26
06/24/2018,MWH,WA,ANM,WE,Combined TRACON& Tower with Radar,16,0,3,0,19,0,0,5,1,6,16,0,8,1,25,0,0,0,25
06/25/2018,MWH,WA,ANM,WE,Combined TRACON& Tower with Radar,16,11,8,28,63,0,9,14,9,32,16,20,22,37,95,0,0,0,95
06/26/2018,MWH,WA,ANM,WE,Combined TRACON& Tower with Radar,30,30,24,12,96,0,21,25,9,55,30,51,49,21,151,0,0,0,151
06/27/2018,MWH,WA,ANM,WE,Combined TRACON& Tower with Radar,24,27,27,20,98,0,28,14,4,46,24,55,41,24,144,0,0,0,144
06/28/2018,MWH,WA,ANM,WE,Combined TRACON& Tower with Radar,27,18,9,8,62,1,19,14,10,44,28,37,23,18,106,0,0,0,106
06/29/2018,MWH,WA,ANM,WE,Combined TRACON& Tower with Radar,42,33,9,21,105,0,15,8,5,28,42,48,17,26,133,0,0,0,133
06/30/2018,MWH,WA,ANM,WE,Combined TRACON& Tower with Radar,10,2,5,0,17,0,0,9,0,9,10,2,14,0,26,0,0,0,26
07/01/2018,MWH,WA,ANM,WE,Combined TRACON& Tower with Radar,4,0,3,0,7,2,3,13,1,19,6,3,16,1,26,2,0,2,28
07/02/2018,MWH,WA,ANM,WE,Combined TRACON& Tower with Radar,14,12,17,20,63,1,60,15,13,89,15,72,32,33,152,147,16,163,315
07/03/2018,MWH,WA,ANM,WE,Combined TRACON& Tower with Radar,12,26,10,9,57,9,86,27,4,126,21,112,37,13,183,227,9,236,419
07/04/2018,MWH,WA,ANM,WE,Combined TRACON& Tower with Radar,0,0,5,4,9,0,0,23,5,28,0,0,28,9,37,20,0,20,57
07/05/2018,MWH,WA,ANM,WE,Combined TRACON& Tower with Radar,7,29,6,0,42,11,73,27,0,111,18,102,33,0,153,275,0,275,428
07/06/2018,MWH,WA,ANM,WE,Combined TRACON& Tower with Radar,12,13,6,1,32,9,88,20,2,119,21,101,26,3,151,234,4,238,389
07/07/2018,MWH,WA,ANM,WE,Combined TRACON& Tower with Radar,4,0,5,5,14,14,1,23,1,39,18,1,28,6,53,6,0,6,59
07/08/2018,MWH,WA,ANM,WE,Combined TRACON& Tower with Radar,0,0,6,1,7,0,0,27,2,29,0,0,33,3,36,32,0,32,68
07/09/2018,MWH,WA,ANM,WE,Combined TRACON& Tower with Radar,4,30,6,5,45,0,97,28,12,137,4,127,34,17,182,176,52,228,410
07/10/2018,MWH,WA,ANM,WE,Combined TRACON& Tower with Radar,14,35,7,11,67,6,71,12,3,92,20,106,19,14,159,142,2,144,303
07/11/2018,MWH,WA,ANM,WE,Combined TRACON& Tower with Radar,1,35,13,17,66,5,74,28,7,114,6,109,41,24,180,200,36,236,416
07/12/2018,MWH,WA,ANM,WE,Combined TRACON& Tower with Radar,14,35,8,22,79,2,78,35,3,118,16,113,43,25,197,212,0,212,409
07/13/2018,MWH,WA,ANM,WE,Combined TRACON& Tower with Radar,12,14,13,5,44,2,96,39,5,142,14,110,52,10,186,108,0,108,294
07/14/2018,MWH,WA,ANM,WE,Combined TRACON& Tower with Radar,3,0,3,0,6,13,56,13,7,89,16,56,16,7,95,0,0,0,95
07/15/2018,MWH,WA,ANM,WE,Combined TRACON& Tower with Radar,4,0,3,2,9,0,2,21,0,23,4,2,24,2,32,8,0,8,40
07/16/2018,MWH,WA,ANM,WE,Combined TRACON& Tower with Radar,4,36,4,16,60,2,65,19,19,105,6,101,23,35,165,156,54,210,375
07/17/2018,MWH,WA,ANM,WE,Combined TRACON& Tower with Radar,12,29,5,5,51,0,80,23,3,106,12,109,28,8,157,159,30,189,346
07/18/2018,MWH,WA,ANM,WE,Combined TRACON& Tower with Radar,9,44,5,15,73,8,55,22,17,102,17,99,27,32,175,132,49,181,356
07/19/2018,MWH,WA,ANM,WE,Combined TRACON& Tower with Radar,8,40,15,3,66,26,67,28,0,121,34,107,43,3,187,161,0,161,348
07/20/2018,MWH,WA,ANM,WE,Combined TRACON& Tower with Radar,9,45,10,4,68,8,84,20,3,115,17,129,30,7,183,214,14,228,411
07/21/2018,MWH,WA,ANM,WE,Combined TRACON& Tower with Radar,8,2,0,0,10,7,3,17,0,27,15,5,17,0,37,0,0,0,37
07/22/2018,MWH,WA,ANM,WE,Combined TRACON& Tower with Radar,6,0,1,0,7,2,0,11,0,13,8,0,12,0,20,10,0,10,30
07/23/2018,MWH,WA,ANM,WE,Combined TRACON& Tower with Radar,13,57,8,1,79,3,81,18,3,105,16,138,26,4,184,310,8,318,502
07/24/2018,MWH,WA,ANM,WE,Combined TRACON& Tower with Radar,8,46,8,3,65,2,74,47,12,135,10,120,55,15,200,134,44,178,378
07/25/2018,MWH,WA,ANM,WE,Combined TRACON& Tower with Radar,0,32,13,1,46,5,63,43,1,112,5,95,56,2,158,187,8,195,353
07/26/2018,MWH,WA,ANM,WE,Combined TRACON& Tower with Radar,6,49,14,6,75,7,59,40,2,108,13,108,54,8,183,208,12,220,403
07/27/2018,MWH,WA,ANM,WE,Combined TRACON& Tower with Radar,15,34,12,18,79,89,71,45,6,211,104,105,57,24,290,222,44,266,556
07/28/2018,MWH,WA,ANM,WE,Combined TRACON& Tower with Radar,4,0,0,0,4,0,18,8,0,26,4,18,8,0,30,12,0,12,42
07/29/2018,MWH,WA,ANM,WE,Combined TRACON& Tower with Radar,17,0,4,0,21,20,4,28,0,52,37,4,32,0,73,11,0,11,84
07/30/2018,MWH,WA,ANM,WE,Combined TRACON& Tower with Radar,35,16,4,3,58,108,65,35,5,213,143,81,39,8,271,286,58,344,615
07/31/2018,MWH,WA,ANM,WE,Combined TRACON& Tower with Radar,16,32,14,4,66,43,54,23,1,121,59,86,37,5,187,208,0,208,395
08/01/2018,MWH,WA,ANM,WE,Combined TRACON& Tower with Radar,13,21,10,9,53,78,49,23,5,155,91,70,33,14,208,152,12,164,372
08/02/2018,MWH,WA,ANM,WE,Combined TRACON& Tower with Radar,15,35,2,11,63,105,55,71,6,237,120,90,73,17,300,210,43,253,553
08/03/2018,MWH,WA,ANM,WE,Combined TRACON& Tower with Radar,14,16,10,10,50,80,52,36,7,175,94,68,46,17,225,166,16,182,407
08/04/2018,MWH,WA,ANM,WE,Combined TRACON& Tower with Radar,5,0,1,0,6,65,9,35,1,110,70,9,36,1,116,68,0,68,184
08/05/2018,MWH,WA,ANM,WE,Combined TRACON& Tower with Radar,9,0,7,0,16,62,2,27,3,94,71,2,34,3,110,10,0,10,120
08/06/2018,MWH,WA,ANM,WE,Combined TRACON& Tower with Radar,15,6,2,12,35,157,31,33,5,226,172,37,35,17,261,60,0,60,321
08/07/2018,MWH,WA,ANM,WE,Combined TRACON& Tower with Radar,16,3,20,3,42,61,6,30,0,97,77,9,50,3,139,20,0,20,159
08/08/2018,MWH,WA,ANM,WE,Combined TRACON& Tower with Radar,20,8,11,1,40,62,15,22,0,99,82,23,33,1,139,45,0,45,184
08/09/2018,MWH,WA,ANM,WE,Combined TRACON& Tower with Radar,7,3,9,1,20,4,4,25,0,33,11,7,34,1,53,8,8,16,69
08/10/2018,MWH,WA,ANM,WE,Combined TRACON& Tower with Radar,20,5,10,5,40,10,17,19,5,51,30,22,29,10,91,28,26,54,145
08/11/2018,MWH,WA,ANM,WE,Combined TRACON& Tower with Radar,0,1,0,0,1,13,5,28,1,47,13,6,28,1,48,14,0,14,62
08/12/2018,MWH,WA,ANM,WE,Combined TRACON& Tower with Radar,8,0,5,5,18,2,6,22,11,41,10,6,27,16,59,28,26,54,113
08/13/2018,MWH,WA,ANM,WE,Combined TRACON& Tower with Radar,12,5,15,1,33,0,0,4,0,4,12,5,19,1,37,2,0,2,39
08/14/2018,MWH,WA,ANM,WE,Combined TRACON& Tower with Radar,24,7,8,18,57,9,0,5,6,20,33,7,13,24,77,0,4,4,81
08/15/2018,MWH,WA,ANM,WE,Combined TRACON& Tower with Radar,38,4,13,14,69,0,0,17,15,32,38,4,30,29,101,4,22,26,127
08/16/2018,MWH,WA,ANM,WE,Combined TRACON& Tower with Radar,9,5,15,20,49,19,1,10,9,39,28,6,25,29,88,0,12,12,100
08/17/2018,MWH,WA,ANM,WE,Combined TRACON& Tower with Radar,21,5,6,4,36,5,4,13,1,23,26,9,19,5,59,0,0,0,59
08/18/2018,MWH,WA,ANM,WE,Combined TRACON& Tower with Radar,12,0,2,1,15,2,0,15,6,23,14,0,17,7,38,60,0,60,98
08/19/2018,MWH,WA,ANM,WE,Combined TRACON& Tower with Radar,4,1,2,2,9,0,0,0,0,0,4,1,2,2,9,0,0,0,9
08/20/2018,MWH,WA,ANM,WE,Combined TRACON& Tower with Radar,10,9,16,7,42,0,1,0,1,2,10,10,16,8,44,0,0,0,44
08/21/2018,MWH,WA,ANM,WE,Combined TRACON& Tower with Radar,25,5,10,8,48,1,0,4,16,21,26,5,14,24,69,0,42,42,111
08/22/2018,MWH,WA,ANM,WE,Combined TRACON& Tower with Radar,23,16,20,27,86,1,9,21,15,46,24,25,41,42,132,45,36,81,213
08/23/2018,MWH,WA,ANM,WE,Combined TRACON& Tower with Radar,4,18,13,9,44,0,3,13,7,23,4,21,26,16,67,12,25,37,104
08/24/2018,MWH,WA,ANM,WE,Combined TRACON& Tower with Radar,12,10,11,11,44,0,2,20,12,34,12,12,31,23,78,16,16,32,110
08/25/2018,MWH,WA,ANM,WE,Combined TRACON& Tower with Radar,12,2,5,8,27,0,0,23,3,26,12,2,28,11,53,30,2,32,85
08/26/2018,MWH,WA,ANM,WE,Combined TRACON& Tower with Radar,18,3,10,1,32,0,1,26,0,27,18,4,36,1,59,62,0,62,121
08/27/2018,MWH,WA,ANM,WE,Combined TRACON& Tower with Radar,12,4,6,3,25,21,4,36,3,64,33,8,42,6,89,20,6,26,115
08/28/2018,MWH,WA,ANM,WE,Combined TRACON& Tower with Radar,25,11,10,14,60,12,4,23,4,43,37,15,33,18,103,18,28,46,149
08/29/2018,MWH,WA,ANM,WE,Combined TRACON& Tower with Radar,32,10,6,24,72,7,8,30,19,64,39,18,36,43,136,38,28,66,202
08/30/2018,MWH,WA,ANM,WE,Combined TRACON& Tower with Radar,15,19,13,25,72,22,7,41,8,78,37,26,54,33,150,17,18,35,185
08/31/2018,MWH,WA,ANM,WE,Combined TRACON& Tower with Radar,8,7,25,6,46,8,22,27,0,57,16,29,52,6,103,6,6,12,115
09/01/2018,MWH,WA,ANM,WE,Combined TRACON& Tower with Radar,8,1,4,0,13,14,22,19,0,55,22,23,23,0,68,14,0,14,82
09/02/2018,MWH,WA,ANM,WE,Combined TRACON& Tower with Radar,4,0,8,0,12,5,0,15,0,20,9,0,23,0,32,6,0,6,38
09/03/2018,MWH,WA,ANM,WE,Combined TRACON& Tower with Radar,7,2,8,0,17,30,25,11,2,68,37,27,19,2,85,30,0,30,115
09/04/2018,MWH,WA,ANM,WE,Combined TRACON& Tower with Radar,12,6,4,6,28,10,10,23,11,54,22,16,27,17,82,16,47,63,145
09/05/2018,MWH,WA,ANM,WE,Combined TRACON& Tower with Radar,12,4,5,18,39,11,2,26,19,58,23,6,31,37,97,12,76,88,185
09/06/2018,MWH,WA,ANM,WE,Combined TRACON& Tower with Radar,0,11,9,6,26,5,3,29,10,47,5,14,38,16,73,10,14,24,97
09/07/2018,MWH,WA,ANM,WE,Combined TRACON& Tower with Radar,16,24,9,5,54,1,1,16,9,27,17,25,25,14,81,6,16,22,103
09/08/2018,MWH,WA,ANM,WE,Combined TRACON& Tower with Radar,2,0,1,0,3,54,6,29,9,98,56,6,30,9,101,50,0,50,151
09/09/2018,MWH,WA,ANM,WE,Combined TRACON& Tower with Radar,8,0,6,2,16,45,1,37,0,83,53,1,43,2,99,8,0,8,107
09/10/2018,MWH,WA,ANM,WE,Combined TRACON& Tower with Radar,26,12,8,2,48,18,7,18,5,48,44,19,26,7,96,10,12,22,118
09/11/2018,MWH,WA,ANM,WE,Combined TRACON& Tower with Radar,10,16,2,25,53,9,3,17,22,51,19,19,19,47,104,6,88,94,198
09/12/2018,MWH,WA,ANM,WE,Combined TRACON& Tower with Radar,14,8,10,16,48,3,2,44,12,61,17,10,54,28,109,34,69,103,212
09/13/2018,MWH,WA,ANM,WE,Combined TRACON& Tower with Radar,6,5,9,16,36,3,3,20,8,34,9,8,29,24,70,0,16,16,86
09/14/2018,MWH,WA,ANM,WE,Combined TRACON& Tower with Radar,25,5,11,7,48,8,8,29,16,61,33,13,40,23,109,40,50,90,199
09/15/2018,MWH,WA,ANM,WE,Combined TRACON& Tower with Radar,0,0,11,0,11,0,1,23,0,24,0,1,34,0,35,6,0,6,41
09/16/2018,MWH,WA,ANM,WE,Combined TRACON& Tower with Radar,4,0,6,2,12,0,1,12,0,13,4,1,18,2,25,12,0,12,37
09/17/2018,MWH,WA,ANM,WE,Combined TRACON& Tower with Radar,36,1,11,10,58,0,4,10,18,32,36,5,21,28,90,0,86,86,176
09/18/2018,MWH,WA,ANM,WE,Combined TRACON& Tower with Radar,27,7,19,7,60,3,32,25,10,70,30,39,44,17,130,90,8,98,228
09/19/2018,MWH,WA,ANM,WE,Combined TRACON& Tower with Radar,19,2,6,8,35,2,60,21,7,90,21,62,27,15,125,68,50,118,243
09/20/2018,MWH,WA,ANM,WE,Combined TRACON& Tower with Radar,29,11,13,10,63,2,59,26,14,101,31,70,39,24,164,118,33,151,315
09/21/2018,MWH,WA,ANM,WE,Combined TRACON& Tower with Radar,28,4,1,8,41,0,2,8,10,20,28,6,9,18,61,44,18,62,123
09/22/2018,MWH,WA,ANM,WE,Combined TRACON& Tower with Radar,12,0,8,0,20,0,1,8,0,9,12,1,16,0,29,0,0,0,29
09/23/2018,MWH,WA,ANM,WE,Combined TRACON& Tower with Radar,4,2,2,0,8,0,0,8,0,8,4,2,10,0,16,4,0,4,20
09/24/2018,MWH,WA,ANM,WE,Combined TRACON& Tower with Radar,46,4,6,11,67,2,90,20,9,121,48,94,26,20,188,224,41,265,453
09/25/2018,MWH,WA,ANM,WE,Combined TRACON& Tower with Radar,28,5,3,2,38,2,106,17,5,130,30,111,20,7,168,270,12,282,450
09/26/2018,MWH,WA,ANM,WE,Combined TRACON& Tower with Radar,16,8,6,5,35,0,112,22,6,140,16,120,28,11,175,338,33,371,546
09/27/2018,MWH,WA,ANM,WE,Combined TRACON& Tower with Radar,17,3,7,7,34,2,112,26,7,147,19,115,33,14,181,262,22,284,465
09/28/2018,MWH,WA,ANM,WE,Combined TRACON& Tower with Radar,6,6,10,6,28,0,27,40,7,74,6,33,50,13,102,14,0,14,116
09/29/2018,MWH,WA,ANM,WE,Combined TRACON& Tower with Radar,12,1,0,0,13,0,0,3,0,3,12,1,3,0,16,0,0,0,16
09/30/2018,MWH,WA,ANM,WE,Combined TRACON& Tower with Radar,6,0,5,0,11,5,1,21,0,27,11,1,26,0,38,8,0,8,46
10/01/2018,MWH,WA,ANM,WE,Combined TRACON& Tower with Radar,12,10,15,7,44,0,88,18,6,112,12,98,33,13,156,278,58,336,492
10/02/2018,MWH,WA,ANM,WE,Combined TRACON& Tower with Radar,8,5,12,8,33,4,84,23,7,118,12,89,35,15,151,205,0,205,356
10/03/2018,MWH,WA,ANM,WE,Combined TRACON& Tower with Radar,2,19,11,13,45,3,134,14,11,162,5,153,25,24,207,333,20,353,560
10/04/2018,MWH,WA,ANM,WE,Combined TRACON& Tower with Radar,4,4,17,18,43,9,141,21,3,174,13,145,38,21,217,283,12,295,512
10/05/2018,MWH,WA,ANM,WE,Combined TRACON& Tower with Radar,6,6,10,23,45,0,16,21,0,37,6,22,31,23,82,44,10,54,136
10/06/2018,MWH,WA,ANM,WE,Combined TRACON& Tower with Radar,6,1,5,0,12,0,2,7,0,9,6,3,12,0,21,2,0,2,23
10/07/2018,MWH,WA,ANM,WE,Combined TRACON& Tower with Radar,4,1,4,0,9,0,0,9,0,9,4,1,13,0,18,0,0,0,18
10/08/2018,MWH,WA,ANM,WE,Combined TRACON& Tower with Radar,14,13,4,0,31,0,68,11,0,79,14,81,15,0,110,324,0,324,434
10/09/2018,MWH,WA,ANM,WE,Combined TRACON& Tower with Radar,12,19,3,6,40,0,62,7,0,69,12,81,10,6,109,218,0,218,327
10/10/2018,MWH,WA,ANM,WE,Combined TRACON& Tower with Radar,7,5,5,8,25,0,99,23,6,128,7,104,28,14,153,322,22,344,497
10/11/2018,MWH,WA,ANM,WE,Combined TRACON& Tower with Radar,13,6,9,6,34,16,106,26,7,155,29,112,35,13,189,335,14,349,538
10/12/2018,MWH,WA,ANM,WE,Combined TRACON& Tower with Radar,6,2,7,6,21,0,11,35,9,55,6,13,42,15,76,10,34,44,120
10/13/2018,MWH,WA,ANM,WE,Combined TRACON& Tower with Radar,4,0,3,0,7,0,0,6,0,6,4,0,9,0,13,0,0,0,13
10/14/2018,MWH,WA,ANM,WE,Combined TRACON& Tower with Radar,8,0,1,0,9,0,2,24,0,26,8,2,25,0,35,0,0,0,35
10/15/2018,MWH,WA,ANM,WE,Combined TRACON& Tower with Radar,4,7,11,7,29,0,100,20,5,125,4,107,31,12,154,353,34,387,541
10/16/2018,MWH,WA,ANM,WE,Combined TRACON& Tower with Radar,7,6,5,38,56,2,106,13,9,130,9,112,18,47,186,405,45,450,636
10/17/2018,MWH,WA,ANM,WE,Combined TRACON& Tower with Radar,14,17,9,6,46,5,112,44,45,206,19,129,53,51,252,360,28,388,640
10/18/2018,MWH,WA,ANM,WE,Combined TRACON& Tower with Radar,20,6,14,8,48,13,95,31,10,149,33,101,45,18,197,326,64,390,587
10/19/2018,MWH,WA,ANM,WE,Combined TRACON& Tower with Radar,17,4,12,5,38,0,3,39,10,52,17,7,51,15,90,18,10,28,118
10/20/2018,MWH,WA,ANM,WE,Combined TRACON& Tower with Radar,22,4,4,0,30,0,1,18,0,19,22,5,22,0,49,10,0,10,59
10/21/2018,MWH,WA,ANM,WE,Combined TRACON& Tower with Radar,4,1,6,4,15,0,0,20,1,21,4,1,26,5,36,8,10,18,54
10/22/2018,MWH,WA,ANM,WE,Combined TRACON& Tower with Radar,12,17,14,7,50,0,99,25,9,133,12,116,39,16,183,352,31,383,566
10/23/2018,MWH,WA,ANM,WE,Combined TRACON& Tower with Radar,13,8,6,13,40,5,96,24,43,168,18,104,30,56,208,368,42,410,618
10/24/2018,MWH,WA,ANM,WE,Combined TRACON& Tower with Radar,45,12,14,16,87,0,83,18,18,119,45,95,32,34,206,548,19,567,773
10/25/2018,MWH,WA,ANM,WE,Combined TRACON& Tower with Radar,43,5,5,7,60,4,73,8,9,94,47,78,13,16,154,421,10,431,585
10/26/2018,MWH,WA,ANM,WE,Combined TRACON& Tower with Radar,15,12,8,8,43,1,10,14,3,28,16,22,22,11,71,10,2,12,83
10/27/2018,MWH,WA,ANM,WE,Combined TRACON& Tower with Radar,18,0,3,0,21,12,1,27,0,40,30,1,30,0,61,18,0,18,79
10/28/2018,MWH,WA,ANM,WE,Combined TRACON& Tower with Radar,10,0,0,0,10,0,1,4,0,5,10,1,4,0,15,4,0,4,19
10/29/2018,MWH,WA,ANM,WE,Combined TRACON& Tower with Radar,21,3,13,10,47,5,85,31,7,128,26,88,44,17,175,419,71,490,665
10/30/2018,MWH,WA,ANM,WE,Combined TRACON& Tower with Radar,8,28,9,20,65,0,98,25,60,183,8,126,34,80,248,431,104,535,783
10/31/2018,MWH,WA,ANM,WE,Combined TRACON& Tower with Radar,24,26,5,13,68,0,64,6,12,82,24,90,11,25,150,593,46,639,789
11/01/2018,MWH,WA,ANM,WE,Combined TRACON& Tower with Radar,15,10,5,5,35,16,74,12,5,107,31,84,17,10,142,484,18,502,644
11/02/2018,MWH,WA,ANM,WE,Combined TRACON& Tower with Radar,32,6,9,15,62,11,16,6,9,42,43,22,15,24,104,10,2,12,116
11/03/2018,MWH,WA,ANM,WE,Combined TRACON& Tower with Radar,16,1,3,0,20,43,6,14,0,63,59,7,17,0,83,6,0,6,89
11/04/2018,MWH,WA,ANM,WE,Combined TRACON& Tower with Radar,5,0,8,0,13,3,0,12,0,15,8,0,20,0,28,0,0,0,28
11/05/2018,MWH,WA,ANM,WE,Combined TRACON& Tower with Radar,29,2,16,6,53,13,80,23,5,121,42,82,39,11,174,336,10,346,520
11/06/2018,MWH,WA,ANM,WE,Combined TRACON& Tower with Radar,18,14,2,34,68,4,93,29,8,134,22,107,31,42,202,453,28,481,683
11/07/2018,MWH,WA,ANM,WE,Combined TRACON& Tower with Radar,45,5,15,16,81,20,54,32,11,117,65,59,47,27,198,366,90,456,654
11/08/2018,MWH,WA,ANM,WE,Combined TRACON& Tower with Radar,41,8,16,19,84,16,90,24,15,145,57,98,40,34,229,466,34,500,729
11/09/2018,MWH,WA,ANM,WE,Combined TRACON& Tower with Radar,22,3,11,39,75,50,4,25,19,98,72,7,36,58,173,40,66,106,279
11/10/2018,MWH,WA,ANM,WE,Combined TRACON& Tower with Radar,20,0,9,0,29,19,3,24,0,46,39,3,33,0,75,38,0,38,113
11/11/2018,MWH,WA,ANM,WE,Combined TRACON& Tower with Radar,2,1,8,0,11,0,0,2,0,2,2,1,10,0,13,0,0,0,13
11/12/2018,MWH,WA,ANM,WE,Combined TRACON& Tower with Radar,16,3,13,0,32,23,2,21,0,46,39,5,34,0,78,58,0,58,136
11/13/2018,MWH,WA,ANM,WE,Combined TRACON& Tower with Radar,42,6,11,32,91,0,0,2,0,2,42,6,13,32,93,0,0,0,93
11/14/2018,MWH,WA,ANM,WE,Combined TRACON& Tower with Radar,6,16,8,19,49,0,0,0,0,0,6,16,8,19,49,0,0,0,49
11/15/2018,MWH,WA,ANM,WE,Combined TRACON& Tower with Radar,11,7,3,17,38,53,40,17,32,142,64,47,20,49,180,509,83,592,772
11/16/2018,MWH,WA,ANM,WE,Combined TRACON& Tower with Radar,40,7,4,10,61,25,3,18,9,55,65,10,22,19,116,30,38,68,184
11/17/2018,MWH,WA,ANM,WE,Combined TRACON& Tower with Radar,31,0,14,2,47,22,0,38,0,60,53,0,52,2,107,18,4,22,129
11/18/2018,MWH,WA,ANM,WE,Combined TRACON& Tower with Radar,12,3,0,0,15,4,0,17,0,21,16,3,17,0,36,4,0,4,40
11/19/2018,MWH,WA,ANM,WE,Combined TRACON& Tower with Radar,9,16,6,7,38,1,67,7,15,90,10,83,13,22,128,407,20,427,555
11/20/2018,MWH,WA,ANM,WE,Combined TRACON& Tower with Radar,28,4,4,24,60,0,75,14,16,105,28,79,18,40,165,543,38,581,746
11/21/2018,MWH,WA,ANM,WE,Combined TRACON& Tower with Radar,8,3,3,7,21,1,1,7,8,17,9,4,10,15,38,9,24,33,71
11/22/2018,MWH,WA,ANM,WE,Combined TRACON& Tower with Radar,0,0,0,0,0,0,0,0,0,0,0,0,0,0,0,0,0,0,0
11/23/2018,MWH,WA,ANM,WE,Combined TRACON& Tower with Radar,4,4,4,0,12,0,2,7,0,9,4,6,11,0,21,70,0,70,91
11/24/2018,MWH,WA,ANM,WE,Combined TRACON& Tower with Radar,8,0,3,0,11,0,1,22,0,23,8,1,25,0,34,6,0,6,40
11/25/2018,MWH,WA,ANM,WE,Combined TRACON& Tower with Radar,2,5,4,0,11,0,0,18,0,18,2,5,22,0,29,43,0,43,72
11/26/2018,MWH,WA,ANM,WE,Combined TRACON& Tower with Radar,41,15,7,41,104,4,63,5,19,91,45,78,12,60,195,542,145,687,882
11/27/2018,MWH,WA,ANM,WE,Combined TRACON& Tower with Radar,20,12,7,17,56,16,12,2,2,32,36,24,9,19,88,26,36,62,150
11/28/2018,MWH,WA,ANM,WE,Combined TRACON& Tower with Radar,6,23,0,15,44,0,0,0,0,0,6,23,0,15,44,0,0,0,44
11/29/2018,MWH,WA,ANM,WE,Combined TRACON& Tower with Radar,15,7,13,29,64,12,0,0,0,12,27,7,13,29,76,0,0,0,76
11/30/2018,MWH,WA,ANM,WE,Combined TRACON& Tower with Radar,8,16,4,53,81,8,1,2,6,17,16,17,6,59,98,31,4,35,133
12/01/2018,MWH,WA,ANM,WE,Combined TRACON& Tower with Radar,12,4,3,3,22,0,0,0,0,0,12,4,3,3,22,0,0,0,22
12/02/2018,MWH,WA,ANM,WE,Combined TRACON& Tower with Radar,5,2,3,0,10,16,0,15,0,31,21,2,18,0,41,22,0,22,63
12/03/2018,MWH,WA,ANM,WE,Combined TRACON& Tower with Radar,26,8,3,28,65,0,23,4,3,30,26,31,7,31,95,128,12,140,235
12/04/2018,MWH,WA,ANM,WE,Combined TRACON& Tower with Radar,18,3,12,28,61,0,0,1,0,1,18,3,13,28,62,0,0,0,62
12/05/2018,MWH,WA,ANM,WE,Combined TRACON& Tower with Radar,21,11,4,15,51,1,67,12,2,82,22,78,16,17,133,421,1,422,555
12/06/2018,MWH,WA,ANM,WE,Combined TRACON& Tower with Radar,25,2,11,17,55,0,0,1,0,1,25,2,12,17,56,1,21,22,78
12/07/2018,MWH,WA,ANM,WE,Combined TRACON& Tower with Radar,30,3,9,9,51,0,0,3,4,7,30,3,12,13,58,0,28,28,86
12/08/2018,MWH,WA,ANM,WE,Combined TRACON& Tower with Radar,12,0,2,0,14,6,0,1,0,7,18,0,3,0,21,0,0,0,21
12/09/2018,MWH,WA,ANM,WE,Combined TRACON& Tower with Radar,6,0,3,1,10,0,1,27,0,28,6,1,30,1,38,26,0,26,64
12/10/2018,MWH,WA,ANM,WE,Combined TRACON& Tower with Radar,4,3,2,0,9,0,0,0,0,0,4,3,2,0,9,0,0,0,9
12/11/2018,MWH,WA,ANM,WE,Combined TRACON& Tower with Radar,20,4,6,2,32,0,0,0,0,0,20,4,6,2,32,0,0,0,32
12/12/2018,MWH,WA,ANM,WE,Combined TRACON& Tower with Radar,31,2,2,29,64,0,0,12,11,23,31,2,14,40,87,0,0,0,87
12/13/2018,MWH,WA,ANM,WE,Combined TRACON& Tower with Radar,29,1,6,17,53,4,1,5,22,32,33,2,11,39,85,0,0,0,85
12/14/2018,MWH,WA,ANM,WE,Combined TRACON& Tower with Radar,32,2,2,8,44,0,1,6,4,11,32,3,8,12,55,0,0,0,55
12/15/2018,MWH,WA,ANM,WE,Combined TRACON& Tower with Radar,12,0,5,0,17,0,1,11,0,12,12,1,16,0,29,0,0,0,29
12/16/2018,MWH,WA,ANM,WE,Combined TRACON& Tower with Radar,10,2,6,0,18,0,1,2,2,5,10,3,8,2,23,0,0,0,23
12/17/2018,MWH,WA,ANM,WE,Combined TRACON& Tower with Radar,11,2,4,5,22,0,0,0,0,0,11,2,4,5,22,0,0,0,22
12/18/2018,MWH,WA,ANM,WE,Combined TRACON& Tower with Radar,24,3,6,11,44,0,1,0,7,8,24,4,6,18,52,0,0,0,52
12/19/2018,MWH,WA,ANM,WE,Combined TRACON& Tower with Radar,18,2,8,8,36,0,0,9,8,17,18,2,17,16,53,0,0,0,53
12/20/2018,MWH,WA,ANM,WE,Combined TRACON& Tower with Radar,8,4,5,10,27,0,2,3,6,11,8,6,8,16,38,0,0,0,38
12/21/2018,MWH,WA,ANM,WE,Combined TRACON& Tower with Radar,23,2,13,5,43,0,0,10,1,11,23,2,23,6,54,0,0,0,54
12/22/2018,MWH,WA,ANM,WE,Combined TRACON& Tower with Radar,2,0,8,0,10,0,0,10,0,10,2,0,18,0,20,0,0,0,20
12/23/2018,MWH,WA,ANM,WE,Combined TRACON& Tower with Radar,10,1,0,0,11,0,0,0,0,0,10,1,0,0,11,0,0,0,11
12/24/2018,MWH,WA,ANM,WE,Combined TRACON& Tower with Radar,8,5,0,0,13,0,2,0,0,2,8,7,0,0,15,0,0,0,15
12/25/2018,MWH,WA,ANM,WE,Combined TRACON& Tower with Radar,0,0,2,0,2,0,0,1,0,1,0,0,3,0,3,0,0,0,3
12/26/2018,MWH,WA,ANM,WE,Combined TRACON& Tower with Radar,10,7,3,0,20,0,0,0,0,0,10,7,3,0,20,0,0,0,20
12/27/2018,MWH,WA,ANM,WE,Combined TRACON& Tower with Radar,16,12,4,3,35,0,0,2,2,4,16,12,6,5,39,0,0,0,39
12/28/2018,MWH,WA,ANM,WE,Combined TRACON& Tower with Radar,0,10,0,2,12,0,0,0,0,0,0,10,0,2,12,0,0,0,12
12/29/2018,MWH,WA,ANM,WE,Combined TRACON& Tower with Radar,6,1,0,7,14,0,0,0,1,1,6,1,0,8,15,0,0,0,15
12/30/2018,MWH,WA,ANM,WE,Combined TRACON& Tower with Radar,9,0,2,0,11,1,1,6,0,8,10,1,8,0,19,0,0,0,19
12/31/2018,MWH,WA,ANM,WE,Combined TRACON& Tower with Radar,0,4,0,0,4,0,1,7,0,8,0,5,7,0,12,0,0,0,12
01/01/2019,MWH,WA,ANM,WE,Combined TRACON& Tower with Radar,0,1,2,0,3,0,1,6,0,7,0,2,8,0,10,8,0,8,18
01/02/2019,MWH,WA,ANM,WE,Combined TRACON& Tower with Radar,2,3,3,15,23,0,1,14,23,38,2,4,17,38,61,14,62,76,137
01/03/2019,MWH,WA,ANM,WE,Combined TRACON& Tower with Radar,0,6,1,3,10,0,1,7,26,34,0,7,8,29,44,14,40,54,98
01/04/2019,MWH,WA,ANM,WE,Combined TRACON& Tower with Radar,20,6,11,17,54,0,1,8,15,24,20,7,19,32,78,40,74,114,192
01/05/2019,MWH,WA,ANM,WE,Combined TRACON& Tower with Radar,9,0,5,0,14,0,0,4,0,4,9,0,9,0,18,8,0,8,26
01/06/2019,MWH,WA,ANM,WE,Combined TRACON& Tower with Radar,6,2,3,0,11,4,0,15,0,19,10,2,18,0,30,22,0,22,52
01/07/2019,MWH,WA,ANM,WE,Combined TRACON& Tower with Radar,11,5,14,26,56,1,52,11,4,68,12,57,25,30,124,154,10,164,288
01/08/2019,MWH,WA,ANM,WE,Combined TRACON& Tower with Radar,18,6,6,10,40,0,41,1,2,44,18,47,7,12,84,202,0,202,286
01/09/2019,MWH,WA,ANM,WE,Combined TRACON& Tower with Radar,9,14,6,30,59,0,24,1,0,25,9,38,7,30,84,288,18,306,390
01/10/2019,MWH,WA,ANM,WE,Combined TRACON& Tower with Radar,0,5,1,14,20,0,0,0,0,0,0,5,1,14,20,0,0,0,20
01/11/2019,MWH,WA,ANM,WE,Combined TRACON& Tower with Radar,19,16,6,6,47,0,12,16,0,28,19,28,22,6,75,22,0,22,97
01/12/2019,MWH,WA,ANM,WE,Combined TRACON& Tower with Radar,8,6,4,0,18,0,2,19,0,21,8,8,23,0,39,0,0,0,39
01/13/2019,MWH,WA,ANM,WE,Combined TRACON& Tower with Radar,4,0,4,0,8,0,0,0,0,0,4,0,4,0,8,0,0,0,8
01/14/2019,MWH,WA,ANM,WE,Combined TRACON& Tower with Radar,20,8,8,2,38,0,18,0,0,18,20,26,8,2,56,217,0,217,273
01/15/2019,MWH,WA,ANM,WE,Combined TRACON& Tower with Radar,8,6,6,10,30,8,64,2,12,86,16,70,8,22,116,299,16,315,431
01/16/2019,MWH,WA,ANM,WE,Combined TRACON& Tower with Radar,10,7,8,23,48,1,72,10,21,104,11,79,18,44,152,320,44,364,516
01/17/2019,MWH,WA,ANM,WE,Combined TRACON& Tower with Radar,12,7,5,9,33,0,0,1,0,1,12,7,6,9,34,0,0,0,34
01/18/2019,MWH,WA,ANM,WE,Combined TRACON& Tower with Radar,17,8,14,14,53,1,0,5,18,24,18,8,19,32,77,12,12,24,101
01/19/2019,MWH,WA,ANM,WE,Combined TRACON& Tower with Radar,8,2,4,0,14,0,0,0,0,0,8,2,4,0,14,0,0,0,14
01/20/2019,MWH,WA,ANM,WE,Combined TRACON& Tower with Radar,4,2,1,0,7,0,0,0,0,0,4,2,1,0,7,0,0,0,7
01/21/2019,MWH,WA,ANM,WE,Combined TRACON& Tower with Radar,12,3,7,0,22,0,2,20,0,22,12,5,27,0,44,32,0,32,76
01/22/2019,MWH,WA,ANM,WE,Combined TRACON& Tower with Radar,7,6,4,20,37,0,97,0,6,103,7,103,4,26,140,442,13,455,595
01/23/2019,MWH,WA,ANM,WE,Combined TRACON& Tower with Radar,12,18,3,28,61,0,70,11,17,98,12,88,14,45,159,277,24,301,460
01/24/2019,MWH,WA,ANM,WE,Combined TRACON& Tower with Radar,20,25,2,24,71,36,94,5,12,147,56,119,7,36,218,439,39,478,696
01/25/2019,MWH,WA,ANM,WE,Combined TRACON& Tower with Radar,27,8,5,15,55,4,1,26,12,43,31,9,31,27,98,58,28,86,184
01/26/2019,MWH,WA,ANM,WE,Combined TRACON& Tower with Radar,4,2,0,0,6,0,0,1,0,1,4,2,1,0,7,0,0,0,7
01/27/2019,MWH,WA,ANM,WE,Combined TRACON& Tower with Radar,0,3,5,0,8,0,0,5,0,5,0,3,10,0,13,0,0,0,13
01/28/2019,MWH,WA,ANM,WE,Combined TRACON& Tower with Radar,30,14,8,30,82,1,75,19,3,98,31,89,27,33,180,244,35,279,459
01/29/2019,MWH,WA,ANM,WE,Combined TRACON& Tower with Radar,36,14,4,30,84,0,185,30,12,227,36,199,34,42,311,312,38,350,661
01/30/2019,MWH,WA,ANM,WE,Combined TRACON& Tower with Radar,2,7,4,8,21,0,0,3,0,3,2,7,7,8,24,0,0,0,24
01/31/2019,MWH,WA,ANM,WE,Combined TRACON& Tower with Radar,9,7,6,15,37,0,0,0,0,0,9,7,6,15,37,0,0,0,37
02/01/2019,MWH,WA,ANM,WE,Combined TRACON& Tower with Radar,5,8,6,4,23,0,0,0,0,0,5,8,6,4,23,0,0,0,23
02/02/2019,MWH,WA,ANM,WE,Combined TRACON& Tower with Radar,0,0,3,0,3,0,0,0,0,0,0,0,3,0,3,0,0,0,3
02/03/2019,MWH,WA,ANM,WE,Combined TRACON& Tower with Radar,4,1,2,0,7,0,0,15,0,15,4,1,17,0,22,28,0,28,50
02/04/2019,MWH,WA,ANM,WE,Combined TRACON& Tower with Radar,0,5,4,0,9,0,0,0,2,2,0,5,4,2,11,0,0,0,11
02/05/2019,MWH,WA,ANM,WE,Combined TRACON& Tower with Radar,6,13,7,3,29,5,82,13,1,101,11,95,20,4,130,302,8,310,440
02/06/2019,MWH,WA,ANM,WE,Combined TRACON& Tower with Radar,23,12,7,7,49,5,69,31,9,114,28,81,38,16,163,338,28,366,529
02/07/2019,MWH,WA,ANM,WE,Combined TRACON& Tower with Radar,13,27,10,27,77,0,103,8,12,123,13,130,18,39,200,316,61,377,577
02/08/2019,MWH,WA,ANM,WE,Combined TRACON& Tower with Radar,0,4,3,1,8,0,0,0,3,3,0,4,3,4,11,0,0,0,11
02/09/2019,MWH,WA,ANM,WE,Combined TRACON& Tower with Radar,0,0,0,0,0,0,0,0,0,0,0,0,0,0,0,0,0,0,0
02/10/2019,MWH,WA,ANM,WE,Combined TRACON& Tower with Radar,12,0,5,0,17,0,0,0,0,0,12,0,5,0,17,0,0,0,17
02/11/2019,MWH,WA,ANM,WE,Combined TRACON& Tower with Radar,0,4,9,0,13,0,0,0,0,0,0,4,9,0,13,0,0,0,13
02/12/2019,MWH,WA,ANM,WE,Combined TRACON& Tower with Radar,3,4,3,0,10,0,4,0,0,4,3,8,3,0,14,0,0,0,14
02/13/2019,MWH,WA,ANM,WE,Combined TRACON& Tower with Radar,35,7,25,37,104,1,20,7,2,30,36,27,32,39,134,218,45,263,397
02/14/2019,MWH,WA,ANM,WE,Combined TRACON& Tower with Radar,15,2,0,20,37,0,0,0,0,0,15,2,0,20,37,0,14,14,51
02/15/2019,MWH,WA,ANM,WE,Combined TRACON& Tower with Radar,16,3,4,0,23,0,0,0,0,0,16,3,4,0,23,0,0,0,23
02/16/2019,MWH,WA,ANM,WE,Combined TRACON& Tower with Radar,24,1,5,0,30,0,0,0,0,0,24,1,5,0,30,0,0,0,30
02/17/2019,MWH,WA,ANM,WE,Combined TRACON& Tower with Radar,18,2,4,0,24,0,0,2,0,2,18,2,6,0,26,0,0,0,26
02/18/2019,MWH,WA,ANM,WE,Combined TRACON& Tower with Radar,16,10,3,0,29,1,5,14,0,20,17,15,17,0,49,0,0,0,49
02/19/2019,MWH,WA,ANM,WE,Combined TRACON& Tower with Radar,8,16,6,23,53,0,71,11,14,96,8,87,17,37,149,105,48,153,302
02/20/2019,MWH,WA,ANM,WE,Combined TRACON& Tower with Radar,22,14,9,18,63,0,34,13,0,47,22,48,22,18,110,278,4,282,392
02/21/2019,MWH,WA,ANM,WE,Combined TRACON& Tower with Radar,6,11,9,27,53,0,102,26,7,135,6,113,35,34,188,310,36,346,534
02/22/2019,MWH,WA,ANM,WE,Combined TRACON& Tower with Radar,27,5,5,7,44,3,4,5,3,15,30,9,10,10,59,0,6,6,65
02/23/2019,MWH,WA,ANM,WE,Combined TRACON& Tower with Radar,8,2,6,0,16,0,0,4,0,4,8,2,10,0,20,0,0,0,20
02/24/2019,MWH,WA,ANM,WE,Combined TRACON& Tower with Radar,4,0,6,3,13,0,0,0,1,1,4,0,6,4,14,0,0,0,14
02/25/2019,MWH,WA,ANM,WE,Combined TRACON& Tower with Radar,14,23,4,13,54,0,69,3,8,80,14,92,7,21,134,159,7,166,300
02/26/2019,MWH,WA,ANM,WE,Combined TRACON& Tower with Radar,26,4,4,3,37,0,70,25,3,98,26,74,29,6,135,339,12,351,486
02/27/2019,MWH,WA,ANM,WE,Combined TRACON& Tower with Radar,28,4,7,4,43,0,0,0,0,0,28,4,7,4,43,0,0,0,43
02/28/2019,MWH,WA,ANM,WE,Combined TRACON& Tower with Radar,8,4,7,0,19,0,0,0,0,0,8,4,7,0,19,0,0,0,19
03/01/2019,MWH,WA,ANM,WE,Combined TRACON& Tower with Radar,35,4,4,0,43,9,0,6,0,15,44,4,10,0,58,36,0,36,94
03/02/2019,MWH,WA,ANM,WE,Combined TRACON& Tower with Radar,10,0,3,3,16,0,0,8,0,8,10,0,11,3,24,0,0,0,24
03/03/2019,MWH,WA,ANM,WE,Combined TRACON& Tower with Radar,6,0,4,0,10,0,0,28,0,28,6,0,32,0,38,14,0,14,52
03/04/2019,MWH,WA,ANM,WE,Combined TRACON& Tower with Radar,6,10,5,5,26,2,79,27,13,121,8,89,32,18,147,317,20,337,484
03/05/2019,MWH,WA,ANM,WE,Combined TRACON& Tower with Radar,8,16,5,18,47,2,87,6,19,114,10,103,11,37,161,288,66,354,515
03/06/2019,MWH,WA,ANM,WE,Combined TRACON& Tower with Radar,14,8,8,9,39,0,0,0,0,0,14,8,8,9,39,0,0,0,39
03/07/2019,MWH,WA,ANM,WE,Combined TRACON& Tower with Radar,12,4,11,18,45,0,48,10,0,58,12,52,21,18,103,184,0,184,287
03/08/2019,MWH,WA,ANM,WE,Combined TRACON& Tower with Radar,12,10,5,10,37,0,6,8,7,21,12,16,13,17,58,2,21,23,81
03/09/2019,MWH,WA,ANM,WE,Combined TRACON& Tower with Radar,33,4,1,3,41,0,5,18,1,24,33,9,19,4,65,20,0,20,85
03/10/2019,MWH,WA,ANM,WE,Combined TRACON& Tower with Radar,10,0,8,3,21,2,4,26,0,32,12,4,34,3,53,16,0,16,69
03/11/2019,MWH,WA,ANM,WE,Combined TRACON& Tower with Radar,6,4,16,25,51,0,0,0,0,0,6,4,16,25,51,0,0,0,51
03/12/2019,MWH,WA,ANM,WE,Combined TRACON& Tower with Radar,14,4,6,11,35,0,0,0,6,6,14,4,6,17,41,0,14,14,55
03/13/2019,MWH,WA,ANM,WE,Combined TRACON& Tower with Radar,19,28,12,19,78,1,89,17,19,126,20,117,29,38,204,313,33,346,550
03/14/2019,MWH,WA,ANM,WE,Combined TRACON& Tower with Radar,8,18,8,26,60,15,100,34,19,168,23,118,42,45,228,168,36,204,432
03/15/2019,MWH,WA,ANM,WE,Combined TRACON& Tower with Radar,5,4,6,7,22,3,0,26,11,40,8,4,32,18,62,7,9,16,78
03/16/2019,MWH,WA,ANM,WE,Combined TRACON& Tower with Radar,10,0,5,0,15,0,0,24,0,24,10,0,29,0,39,2,0,2,41
03/17/2019,MWH,WA,ANM,WE,Combined TRACON& Tower with Radar,22,0,0,0,22,0,1,27,0,28,22,1,27,0,50,28,0,28,78
03/18/2019,MWH,WA,ANM,WE,Combined TRACON& Tower with Radar,13,19,11,18,61,1,76,22,12,111,14,95,33,30,172,216,20,236,408
03/19/2019,MWH,WA,ANM,WE,Combined TRACON& Tower with Radar,30,19,16,15,80,0,93,30,9,132,30,112,46,24,212,205,8,213,425
03/20/2019,MWH,WA,ANM,WE,Combined TRACON& Tower with Radar,9,8,16,30,63,0,41,28,39,108,9,49,44,69,171,96,52,148,319
03/21/2019,MWH,WA,ANM,WE,Combined TRACON& Tower with Radar,11,11,7,16,45,2,41,39,1,83,13,52,46,17,128,154,24,178,306
03/22/2019,MWH,WA,ANM,WE,Combined TRACON& Tower with Radar,28,8,15,12,63,0,23,23,6,52,28,31,38,18,115,100,12,112,227
03/23/2019,MWH,WA,ANM,WE,Combined TRACON& Tower with Radar,8,0,7,0,15,10,0,25,0,35,18,0,32,0,50,16,0,16,66
03/24/2019,MWH,WA,ANM,WE,Combined TRACON& Tower with Radar,20,0,2,0,22,0,0,0,0,0,20,0,2,0,22,0,0,0,22
03/25/2019,MWH,WA,ANM,WE,Combined TRACON& Tower with Radar,20,10,9,22,61,0,1,15,20,36,20,11,24,42,97,20,54,74,171
03/26/2019,MWH,WA,ANM,WE,Combined TRACON& Tower with Radar,9,3,8,17,37,0,7,22,16,45,9,10,30,33,82,40,32,72,154
03/27/2019,MWH,WA,ANM,WE,Combined TRACON& Tower with Radar,23,4,8,26,61,0,0,11,45,56,23,4,19,71,117,8,68,76,193
03/28/2019,MWH,WA,ANM,WE,Combined TRACON& Tower with Radar,12,6,11,18,47,0,2,19,9,30,12,8,30,27,77,2,50,52,129
03/29/2019,MWH,WA,ANM,WE,Combined TRACON& Tower with Radar,3,8,3,12,26,0,3,17,7,27,3,11,20,19,53,6,18,24,77
03/30/2019,MWH,WA,ANM,WE,Combined TRACON& Tower with Radar,0,0,6,0,6,0,0,32,0,32,0,0,38,0,38,4,0,4,42
03/31/2019,MWH,WA,ANM,WE,Combined TRACON& Tower with Radar,10,0,0,0,10,0,0,23,0,23,10,0,23,0,33,13,0,13,46
04/01/2019,MWH,WA,ANM,WE,Combined TRACON& Tower with Radar,16,12,9,22,59,10,74,23,29,136,26,86,32,51,195,322,30,352,547
04/02/2019,MWH,WA,ANM,WE,Combined TRACON& Tower with Radar,12,14,7,27,60,0,68,25,33,126,12,82,32,60,186,216,43,259,445
04/03/2019,MWH,WA,ANM,WE,Combined TRACON& Tower with Radar,4,13,7,38,62,12,64,16,44,136,16,77,23,82,198,280,171,451,649
04/04/2019,MWH,WA,ANM,WE,Combined TRACON& Tower with Radar,4,13,11,22,50,0,118,21,25,164,4,131,32,47,214,270,33,303,517
04/05/2019,MWH,WA,ANM,WE,Combined TRACON& Tower with Radar,17,5,5,2,29,20,1,3,0,24,37,6,8,2,53,20,0,20,73
04/06/2019,MWH,WA,ANM,WE,Combined TRACON& Tower with Radar,2,0,1,9,12,0,0,6,0,6,2,0,7,9,18,8,0,8,26
04/07/2019,MWH,WA,ANM,WE,Combined TRACON& Tower with Radar,10,5,7,5,27,0,1,9,0,10,10,6,16,5,37,22,0,22,59
04/08/2019,MWH,WA,ANM,WE,Combined TRACON& Tower with Radar,12,17,4,31,64,0,7,1,8,16,12,24,5,39,80,66,42,108,188
04/09/2019,MWH,WA,ANM,WE,Combined TRACON& Tower with Radar,4,8,4,24,40,1,79,8,15,103,5,87,12,39,143,209,24,233,376
04/10/2019,MWH,WA,ANM,WE,Combined TRACON& Tower with Radar,17,22,21,20,80,1,75,23,23,122,18,97,44,43,202,177,52,229,431
04/11/2019,MWH,WA,ANM,WE,Combined TRACON& Tower with Radar,16,20,12,55,103,0,116,11,13,140,16,136,23,68,243,180,48,228,471
04/12/2019,MWH,WA,ANM,WE,Combined TRACON& Tower with Radar,13,4,9,23,49,3,13,8,6,30,16,17,17,29,79,16,0,16,95
04/13/2019,MWH,WA,ANM,WE,Combined TRACON& Tower with Radar,12,2,0,3,17,0,0,3,0,3,12,2,3,3,20,9,0,9,29
04/14/2019,MWH,WA,ANM,WE,Combined TRACON& Tower with Radar,0,0,1,1,2,0,0,12,1,13,0,0,13,2,15,16,0,16,31
04/15/2019,MWH,WA,ANM,WE,Combined TRACON& Tower with Radar,3,12,13,12,40,1,119,28,22,170,4,131,41,34,210,284,52,336,546
04/16/2019,MWH,WA,ANM,WE,Combined TRACON& Tower with Radar,2,17,10,13,42,10,108,30,7,155,12,125,40,20,197,378,0,378,575
04/17/2019,MWH,WA,ANM,WE,Combined TRACON& Tower with Radar,10,8,11,15,44,16,76,30,12,134,26,84,41,27,178,193,2,195,373
04/18/2019,MWH,WA,ANM,WE,Combined TRACON& Tower with Radar,12,17,15,13,57,14,109,25,8,156,26,126,40,21,213,260,0,260,473
04/19/2019,MWH,WA,ANM,WE,Combined TRACON& Tower with Radar,18,4,8,9,39,17,2,19,3,41,35,6,27,12,80,24,8,32,112
04/20/2019,MWH,WA,ANM,WE,Combined TRACON& Tower with Radar,23,0,8,0,31,15,0,20,0,35,38,0,28,0,66,42,0,42,108
04/21/2019,MWH,WA,ANM,WE,Combined TRACON& Tower with Radar,2,0,5,0,7,0,0,10,1,11,2,0,15,1,18,20,0,20,38
04/22/2019,MWH,WA,ANM,WE,Combined TRACON& Tower with Radar,8,24,5,20,57,1,107,28,25,161,9,131,33,45,218,247,55,302,520
04/23/2019,MWH,WA,ANM,WE,Combined TRACON& Tower with Radar,8,7,3,9,27,2,90,15,13,120,10,97,18,22,147,262,44,306,453
04/24/2019,MWH,WA,ANM,WE,Combined TRACON& Tower with Radar,10,13,6,32,61,1,107,23,19,150,11,120,29,51,211,359,66,425,636
04/25/2019,MWH,WA,ANM,WE,Combined TRACON& Tower with Radar,22,12,5,24,63,8,114,32,18,172,30,126,37,42,235,202,49,251,486
04/26/2019,MWH,WA,ANM,WE,Combined TRACON& Tower with Radar,8,6,8,3,25,0,1,21,6,28,8,7,29,9,53,12,16,28,81
04/27/2019,MWH,WA,ANM,WE,Combined TRACON& Tower with Radar,10,0,3,0,13,0,0,7,1,8,10,0,10,1,21,0,0,0,21
04/28/2019,MWH,WA,ANM,WE,Combined TRACON& Tower with Radar,10,0,4,0,14,0,0,12,0,12,10,0,16,0,26,34,0,34,60
04/29/2019,MWH,WA,ANM,WE,Combined TRACON& Tower with Radar,9,14,7,1,31,6,76,25,16,123,15,90,32,17,154,228,14,242,396
04/30/2019,MWH,WA,ANM,WE,Combined TRACON& Tower with Radar,24,14,4,4,46,7,108,37,23,175,31,122,41,27,221,394,35,429,650
05/01/2019,MWH,WA,ANM,WE,Combined TRACON& Tower with Radar,8,23,11,9,51,0,94,34,13,141,8,117,45,22,192,402,27,429,621
05/02/2019,MWH,WA,ANM,WE,Combined TRACON& Tower with Radar,11,24,5,17,57,2,91,29,24,146,13,115,34,41,203,162,53,215,418
05/03/2019,MWH,WA,ANM,WE,Combined TRACON& Tower with Radar,8,3,6,2,19,0,1,21,6,28,8,4,27,8,47,38,0,38,85
05/04/2019,MWH,WA,ANM,WE,Combined TRACON& Tower with Radar,8,0,1,0,9,0,0,23,0,23,8,0,24,0,32,32,0,32,64
05/05/2019,MWH,WA,ANM,WE,Combined TRACON& Tower with Radar,0,0,3,0,3,0,0,20,0,20,0,0,23,0,23,18,0,18,41
05/06/2019,MWH,WA,ANM,WE,Combined TRACON& Tower with Radar,7,22,9,11,49,0,93,20,9,122,7,115,29,20,171,288,12,300,471
05/07/2019,MWH,WA,ANM,WE,Combined TRACON& Tower with Radar,12,24,5,27,68,0,89,17,8,114,12,113,22,35,182,301,32,333,515
05/08/2019,MWH,WA,ANM,WE,Combined TRACON& Tower with Radar,26,20,4,28,78,10,81,29,7,127,36,101,33,35,205,254,51,305,510
05/09/2019,MWH,WA,ANM,WE,Combined TRACON& Tower with Radar,12,28,7,21,68,0,77,24,10,111,12,105,31,31,179,150,38,188,367
05/10/2019,MWH,WA,ANM,WE,Combined TRACON& Tower with Radar,9,4,13,3,29,10,2,23,1,36,19,6,36,4,65,20,0,20,85
05/11/2019,MWH,WA,ANM,WE,Combined TRACON& Tower with Radar,11,1,0,0,12,0,0,24,0,24,11,1,24,0,36,10,0,10,46
05/12/2019,MWH,WA,ANM,WE,Combined TRACON& Tower with Radar,13,0,4,0,17,0,0,19,0,19,13,0,23,0,36,8,0,8,44
05/13/2019,MWH,WA,ANM,WE,Combined TRACON& Tower with Radar,0,16,10,16,42,0,105,17,26,148,0,121,27,42,190,265,60,325,515
05/14/2019,MWH,WA,ANM,WE,Combined TRACON& Tower with Radar,8,27,3,17,55,9,63,22,12,106,17,90,25,29,161,212,69,281,442
05/15/2019,MWH,WA,ANM,WE,Combined TRACON& Tower with Radar,6,20,11,22,59,6,51,41,19,117,12,71,52,41,176,208,24,232,408
05/16/2019,MWH,WA,ANM,WE,Combined TRACON& Tower with Radar,12,15,14,49,90,6,70,14,21,111,18,85,28,70,201,393,98,491,692
05/17/2019,MWH,WA,ANM,WE,Combined TRACON& Tower with Radar,16,4,13,4,37,8,0,7,8,23,24,4,20,12,60,5,16,21,81
05/18/2019,MWH,WA,ANM,WE,Combined TRACON& Tower with Radar,4,2,5,0,11,0,0,30,0,30,4,2,35,0,41,48,0,48,89
05/19/2019,MWH,WA,ANM,WE,Combined TRACON& Tower with Radar,10,0,2,2,14,0,0,3,0,3,10,0,5,2,17,1,0,1,18
05/20/2019,MWH,WA,ANM,WE,Combined TRACON& Tower with Radar,10,34,15,16,75,2,62,20,2,86,12,96,35,18,161,224,6,230,391
05/21/2019,MWH,WA,ANM,WE,Combined TRACON& Tower with Radar,24,37,10,20,91,7,73,18,4,102,31,110,28,24,193,286,42,328,521
05/22/2019,MWH,WA,ANM,WE,Combined TRACON& Tower with Radar,8,26,3,8,45,0,46,10,19,75,8,72,13,27,120,141,24,165,285
05/23/2019,MWH,WA,ANM,WE,Combined TRACON& Tower with Radar,12,30,5,11,58,0,52,20,27,99,12,82,25,38,157,136,54,190,347
05/24/2019,MWH,WA,ANM,WE,Combined TRACON& Tower with Radar,18,4,5,1,28,8,2,5,0,15,26,6,10,1,43,28,0,28,71
05/25/2019,MWH,WA,ANM,WE,Combined TRACON& Tower with Radar,8,0,3,0,11,0,1,9,0,10,8,1,12,0,21,0,0,0,21
05/26/2019,MWH,WA,ANM,WE,Combined TRACON& Tower with Radar,0,0,4,0,4,0,0,5,0,5,0,0,9,0,9,0,0,0,9
05/27/2019,MWH,WA,ANM,WE,Combined TRACON& Tower with Radar,0,0,7,1,8,0,0,20,5,25,0,0,27,6,33,50,0,50,83
05/28/2019,MWH,WA,ANM,WE,Combined TRACON& Tower with Radar,9,42,7,10,68,1,64,17,5,87,10,106,24,15,155,230,5,235,390
05/29/2019,MWH,WA,ANM,WE,Combined TRACON& Tower with Radar,20,40,8,22,90,21,95,38,5,159,41,135,46,27,249,217,49,266,515
05/30/2019,MWH,WA,ANM,WE,Combined TRACON& Tower with Radar,10,34,11,13,68,2,106,23,23,154,12,140,34,36,222,243,40,283,505
05/31/2019,MWH,WA,ANM,WE,Combined TRACON& Tower with Radar,2,8,10,5,25,0,7,17,10,34,2,15,27,15,59,12,14,26,85
06/01/2019,MWH,WA,ANM,WE,Combined TRACON& Tower with Radar,16,0,2,0,18,2,2,26,2,32,18,2,28,2,50,18,0,18,68
06/02/2019,MWH,WA,ANM,WE,Combined TRACON& Tower with Radar,7,2,2,2,13,0,0,19,1,20,7,2,21,3,33,26,6,32,65
06/03/2019,MWH,WA,ANM,WE,Combined TRACON& Tower with Radar,8,20,7,14,49,2,71,11,7,91,10,91,18,21,140,251,14,265,405
06/04/2019,MWH,WA,ANM,WE,Combined TRACON& Tower with Radar,20,25,3,5,53,21,42,17,5,85,41,67,20,10,138,167,12,179,317
06/05/2019,MWH,WA,ANM,WE,Combined TRACON& Tower with Radar,8,30,11,7,56,0,98,18,4,120,8,128,29,11,176,297,38,335,511
06/06/2019,MWH,WA,ANM,WE,Combined TRACON& Tower with Radar,15,28,5,9,57,11,107,21,13,152,26,135,26,22,209,165,72,237,446
06/07/2019,MWH,WA,ANM,WE,Combined TRACON& Tower with Radar,13,3,5,1,22,4,4,17,0,25,17,7,22,1,47,10,0,10,57
06/08/2019,MWH,WA,ANM,WE,Combined TRACON& Tower with Radar,12,1,3,0,16,0,0,17,0,17,12,1,20,0,33,8,0,8,41
06/09/2019,MWH,WA,ANM,WE,Combined TRACON& Tower with Radar,0,0,4,1,5,0,0,18,0,18,0,0,22,1,23,2,0,2,25
06/10/2019,MWH,WA,ANM,WE,Combined TRACON& Tower with Radar,16,31,7,15,69,0,91,23,8,122,16,122,30,23,191,227,21,248,439
06/11/2019,MWH,WA,ANM,WE,Combined TRACON& Tower with Radar,11,16,9,7,43,8,30,45,16,99,19,46,54,23,142,51,14,65,207
06/12/2019,MWH,WA,ANM,WE,Combined TRACON& Tower with Radar,16,19,6,20,61,9,35,61,10,115,25,54,67,30,176,75,54,129,305
06/13/2019,MWH,WA,ANM,WE,Combined TRACON& Tower with Radar,10,5,7,3,25,10,20,31,7,68,20,25,38,10,93,28,22,50,143
06/14/2019,MWH,WA,ANM,WE,Combined TRACON& Tower with Radar,3,4,8,3,18,0,0,23,2,25,3,4,31,5,43,6,4,10,53
06/15/2019,MWH,WA,ANM,WE,Combined TRACON& Tower with Radar,4,1,8,1,14,0,1,31,2,34,4,2,39,3,48,8,0,8,56
06/16/2019,MWH,WA,ANM,WE,Combined TRACON& Tower with Radar,4,0,4,1,9,0,0,35,1,36,4,0,39,2,45,23,0,23,68
06/17/2019,MWH,WA,ANM,WE,Combined TRACON& Tower with Radar,11,4,3,3,21,9,0,18,13,40,20,4,21,16,61,0,24,24,85
06/18/2019,MWH,WA,ANM,WE,Combined TRACON& Tower with Radar,20,11,9,20,60,4,1,28,8,41,24,12,37,28,101,8,8,16,117
06/19/2019,MWH,WA,ANM,WE,Combined TRACON& Tower with Radar,32,3,3,17,55,13,2,10,7,32,45,5,13,24,87,2,16,18,105
06/20/2019,MWH,WA,ANM,WE,Combined TRACON& Tower with Radar,20,5,9,3,37,0,5,24,6,35,20,10,33,9,72,18,2,20,92
06/21/2019,MWH,WA,ANM,WE,Combined TRACON& Tower with Radar,10,3,5,4,22,41,0,40,18,99,51,3,45,22,121,8,27,35,156
06/22/2019,MWH,WA,ANM,WE,Combined TRACON& Tower with Radar,4,0,6,3,13,0,0,28,7,35,4,0,34,10,48,26,33,59,107
06/23/2019,MWH,WA,ANM,WE,Combined TRACON& Tower with Radar,4,0,4,2,10,0,4,12,3,19,4,4,16,5,29,14,6,20,49
06/24/2019,MWH,WA,ANM,WE,Combined TRACON& Tower with Radar,17,14,7,9,47,10,132,32,17,191,27,146,39,26,238,397,29,426,664
06/25/2019,MWH,WA,ANM,WE,Combined TRACON& Tower with Radar,18,41,3,12,74,0,126,25,2,153,18,167,28,14,227,320,14,334,561
06/26/2019,MWH,WA,ANM,WE,Combined TRACON& Tower with Radar,1,44,13,14,72,2,97,23,7,129,3,141,36,21,201,336,46,382,583
06/27/2019,MWH,WA,ANM,WE,Combined TRACON& Tower with Radar,12,49,11,19,91,0,35,21,5,61,12,84,32,24,152,413,4,417,569
06/28/2019,MWH,WA,ANM,WE,Combined TRACON& Tower with Radar,15,26,5,1,47,1,100,21,10,132,16,126,26,11,179,411,14,425,604
06/29/2019,MWH,WA,ANM,WE,Combined TRACON& Tower with Radar,2,2,1,0,5,0,0,13,0,13,2,2,14,0,18,14,0,14,32
06/30/2019,MWH,WA,ANM,WE,Combined TRACON& Tower with Radar,0,0,5,0,5,0,1,15,0,16,0,1,20,0,21,4,0,4,25
07/01/2019,MWH,WA,ANM,WE,Combined TRACON& Tower with Radar,25,29,7,26,87,2,97,30,11,140,27,126,37,37,227,230,92,322,549
07/02/2019,MWH,WA,ANM,WE,Combined TRACON& Tower with Radar,16,30,12,23,81,4,84,15,30,133,20,114,27,53,214,186,44,230,444
07/03/2019,MWH,WA,ANM,WE,Combined TRACON& Tower with Radar,1,53,14,12,80,0,107,18,7,132,1,160,32,19,212,404,32,436,648
07/04/2019,MWH,WA,ANM,WE,Combined TRACON& Tower with Radar,2,0,1,0,3,7,0,6,0,13,9,0,7,0,16,0,0,0,16
07/05/2019,MWH,WA,ANM,WE,Combined TRACON& Tower with Radar,14,23,9,2,48,1,108,44,0,153,15,131,53,2,201,199,0,199,400
07/06/2019,MWH,WA,ANM,WE,Combined TRACON& Tower with Radar,3,1,7,0,11,0,0,8,0,8,3,1,15,0,19,0,0,0,19
07/07/2019,MWH,WA,ANM,WE,Combined TRACON& Tower with Radar,0,0,9,0,9,0,0,14,0,14,0,0,23,0,23,0,0,0,23
07/08/2019,MWH,WA,ANM,WE,Combined TRACON& Tower with Radar,3,66,8,7,84,0,88,23,2,113,3,154,31,9,197,437,12,449,646
07/09/2019,MWH,WA,ANM,WE,Combined TRACON& Tower with Radar,5,57,4,9,75,0,118,44,15,177,5,175,48,24,252,406,12,418,670
07/10/2019,MWH,WA,ANM,WE,Combined TRACON& Tower with Radar,24,53,16,7,100,0,123,38,27,188,24,176,54,34,288,474,7,481,769
07/11/2019,MWH,WA,ANM,WE,Combined TRACON& Tower with Radar,15,29,16,4,64,4,100,55,14,173,19,129,71,18,237,360,50,410,647
07/12/2019,MWH,WA,ANM,WE,Combined TRACON& Tower with Radar,1,47,5,4,57,11,91,24,8,134,12,138,29,12,191,326,52,378,569
07/13/2019,MWH,WA,ANM,WE,Combined TRACON& Tower with Radar,3,0,7,2,12,0,2,27,0,29,3,2,34,2,41,6,35,41,82
07/14/2019,MWH,WA,ANM,WE,Combined TRACON& Tower with Radar,0,0,6,0,6,0,24,29,0,53,0,24,35,0,59,67,0,67,126
07/15/2019,MWH,WA,ANM,WE,Combined TRACON& Tower with Radar,7,35,10,2,54,0,84,25,6,115,7,119,35,8,169,378,37,415,584
07/16/2019,MWH,WA,ANM,WE,Combined TRACON& Tower with Radar,13,53,12,2,80,0,70,22,11,103,13,123,34,13,183,277,20,297,480
07/17/2019,MWH,WA,ANM,WE,Combined TRACON& Tower with Radar,11,40,2,3,56,0,62,30,6,98,11,102,32,9,154,366,14,380,534
07/18/2019,MWH,WA,ANM,WE,Combined TRACON& Tower with Radar,15,43,4,11,73,25,49,22,22,118,40,92,26,33,191,78,30,108,299
07/19/2019,MWH,WA,ANM,WE,Combined TRACON& Tower with Radar,4,48,5,0,57,0,96,38,4,138,4,144,43,4,195,284,4,288,483
07/20/2019,MWH,WA,ANM,WE,Combined TRACON& Tower with Radar,2,2,13,0,17,2,33,10,0,45,4,35,23,0,62,26,0,26,88
07/21/2019,MWH,WA,ANM,WE,Combined TRACON& Tower with Radar,2,0,1,0,3,0,0,30,0,30,2,0,31,0,33,30,0,30,63
07/22/2019,MWH,WA,ANM,WE,Combined TRACON& Tower with Radar,22,53,8,3,86,1,45,18,18,82,23,98,26,21,168,258,24,282,450
07/23/2019,MWH,WA,ANM,WE,Combined TRACON& Tower with Radar,1,48,4,8,61,3,80,23,13,119,4,128,27,21,180,264,13,277,457
07/24/2019,MWH,WA,ANM,WE,Combined TRACON& Tower with Radar,4,34,5,7,50,60,75,50,24,209,64,109,55,31,259,216,32,248,507
07/25/2019,MWH,WA,ANM,WE,Combined TRACON& Tower with Radar,11,42,13,6,72,56,107,32,22,217,67,149,45,28,289,246,19,265,554
07/26/2019,MWH,WA,ANM,WE,Combined TRACON& Tower with Radar,13,41,1,11,66,18,90,42,12,162,31,131,43,23,228,254,12,266,494
07/27/2019,MWH,WA,ANM,WE,Combined TRACON& Tower with Radar,0,4,3,1,8,19,7,11,2,39,19,11,14,3,47,0,19,19,66
07/28/2019,MWH,WA,ANM,WE,Combined TRACON& Tower with Radar,0,0,5,1,6,0,3,28,0,31,0,3,33,1,37,64,0,64,101
07/29/2019,MWH,WA,ANM,WE,Combined TRACON& Tower with Radar,3,38,10,16,67,1,83,27,10,121,4,121,37,26,188,189,42,231,419
07/30/2019,MWH,WA,ANM,WE,Combined TRACON& Tower with Radar,11,51,6,8,76,11,47,39,23,120,22,98,45,31,196,182,40,222,418
07/31/2019,MWH,WA,ANM,WE,Combined TRACON& Tower with Radar,4,42,13,21,80,24,51,45,10,130,28,93,58,31,210,127,39,166,376
08/01/2019,MWH,WA,ANM,WE,Combined TRACON& Tower with Radar,13,29,9,34,85,8,40,31,39,118,21,69,40,73,203,144,87,231,434
08/02/2019,MWH,WA,ANM,WE,Combined TRACON& Tower with Radar,12,9,11,3,35,9,50,37,14,110,21,59,48,17,145,82,44,126,271
08/03/2019,MWH,WA,ANM,WE,Combined TRACON& Tower with Radar,7,0,9,2,18,23,37,31,1,92,30,37,40,3,110,44,2,46,156
08/04/2019,MWH,WA,ANM,WE,Combined TRACON& Tower with Radar,2,1,2,0,5,15,9,22,1,47,17,10,24,1,52,30,0,30,82
08/05/2019,MWH,WA,ANM,WE,Combined TRACON& Tower with Radar,18,3,8,15,44,1,7,25,8,41,19,10,33,23,85,36,56,92,177
08/06/2019,MWH,WA,ANM,WE,Combined TRACON& Tower with Radar,14,7,8,29,58,2,2,37,13,54,16,9,45,42,112,28,51,79,191
08/07/2019,MWH,WA,ANM,WE,Combined TRACON& Tower with Radar,7,4,5,33,49,12,14,40,27,93,19,18,45,60,142,49,102,151,293
08/08/2019,MWH,WA,ANM,WE,Combined TRACON& Tower with Radar,11,4,10,21,46,6,2,19,19,46,17,6,29,40,92,24,76,100,192
08/09/2019,MWH,WA,ANM,WE,Combined TRACON& Tower with Radar,16,4,8,6,34,5,1,22,18,46,21,5,30,24,80,16,70,86,166
08/10/2019,MWH,WA,ANM,WE,Combined TRACON& Tower with Radar,4,0,1,0,5,0,1,9,0,10,4,1,10,0,15,30,0,30,45
08/11/2019,MWH,WA,ANM,WE,Combined TRACON& Tower with Radar,9,0,6,0,15,0,1,5,1,7,9,1,11,1,22,0,0,0,22
08/12/2019,MWH,WA,ANM,WE,Combined TRACON& Tower with Radar,18,3,15,25,61,4,15,22,15,56,22,18,37,40,117,0,54,54,171
08/13/2019,MWH,WA,ANM,WE,Combined TRACON& Tower with Radar,6,4,18,8,36,4,5,43,12,64,10,9,61,20,100,16,36,52,152
08/14/2019,MWH,WA,ANM,WE,Combined TRACON& Tower with Radar,31,4,5,10,50,0,2,42,1,45,31,6,47,11,95,22,8,30,125
08/15/2019,MWH,WA,ANM,WE,Combined TRACON& Tower with Radar,12,3,7,45,67,0,2,53,26,81,12,5,60,71,148,44,74,118,266
08/16/2019,MWH,WA,ANM,WE,Combined TRACON& Tower with Radar,24,4,10,8,46,1,2,42,3,48,25,6,52,11,94,42,26,68,162
08/17/2019,MWH,WA,ANM,WE,Combined TRACON& Tower with Radar,1,0,4,0,5,0,0,18,0,18,1,0,22,0,23,0,0,0,23
08/18/2019,MWH,WA,ANM,WE,Combined TRACON& Tower with Radar,10,0,0,0,10,5,0,28,0,33,15,0,28,0,43,38,0,38,81
08/19/2019,MWH,WA,ANM,WE,Combined TRACON& Tower with Radar,5,1,9,11,26,0,5,20,1,26,5,6,29,12,52,6,30,36,88
08/20/2019,MWH,WA,ANM,WE,Combined TRACON& Tower with Radar,9,3,10,20,42,0,10,48,7,65,9,13,58,27,107,24,57,81,188
08/21/2019,MWH,WA,ANM,WE,Combined TRACON& Tower with Radar,1,4,11,15,31,0,3,32,19,54,1,7,43,34,85,2,70,72,157
08/22/2019,MWH,WA,ANM,WE,Combined TRACON& Tower with Radar,4,4,11,31,50,0,0,37,23,60,4,4,48,54,110,36,66,102,212
08/23/2019,MWH,WA,ANM,WE,Combined TRACON& Tower with Radar,25,4,7,2,38,0,2,24,4,30,25,6,31,6,68,14,10,24,92
08/24/2019,MWH,WA,ANM,WE,Combined TRACON& Tower with Radar,4,0,8,0,12,0,0,27,0,27,4,0,35,0,39,16,0,16,55
08/25/2019,MWH,WA,ANM,WE,Combined TRACON& Tower with Radar,9,1,1,0,11,2,0,31,0,33,11,1,32,0,44,32,0,32,76
08/26/2019,MWH,WA,ANM,WE,Combined TRACON& Tower with Radar,5,4,3,13,25,0,4,25,14,43,5,8,28,27,68,12,56,68,136
08/27/2019,MWH,WA,ANM,WE,Combined TRACON& Tower with Radar,18,10,3,3,34,0,1,32,8,41,18,11,35,11,75,29,27,56,131
08/28/2019,MWH,WA,ANM,WE,Combined TRACON& Tower with Radar,6,10,5,4,25,0,6,51,14,71,6,16,56,18,96,0,38,38,134
08/29/2019,MWH,WA,ANM,WE,Combined TRACON& Tower with Radar,14,7,2,8,31,0,0,32,18,50,14,7,34,26,81,29,70,99,180
08/30/2019,MWH,WA,ANM,WE,Combined TRACON& Tower with Radar,1,13,16,0,30,0,3,29,0,32,1,16,45,0,62,37,0,37,99
08/31/2019,MWH,WA,ANM,WE,Combined TRACON& Tower with Radar,0,1,7,1,9,0,0,13,4,17,0,1,20,5,26,0,0,0,26
09/01/2019,MWH,WA,ANM,WE,Combined TRACON& Tower with Radar,0,1,5,1,7,0,0,8,1,9,0,1,13,2,16,0,0,0,16
09/02/2019,MWH,WA,ANM,WE,Combined TRACON& Tower with Radar,8,2,10,0,20,2,3,12,0,17,10,5,22,0,37,10,0,10,47
09/03/2019,MWH,WA,ANM,WE,Combined TRACON& Tower with Radar,13,18,3,43,77,0,6,41,16,63,13,24,44,59,140,0,52,52,192
09/04/2019,MWH,WA,ANM,WE,Combined TRACON& Tower with Radar,17,14,5,14,50,2,9,15,23,49,19,23,20,37,99,28,64,92,191
09/05/2019,MWH,WA,ANM,WE,Combined TRACON& Tower with Radar,23,10,4,30,67,0,0,37,9,46,23,10,41,39,113,4,42,46,159
09/06/2019,MWH,WA,ANM,WE,Combined TRACON& Tower with Radar,11,3,3,11,28,0,1,12,7,20,11,4,15,18,48,0,24,24,72
09/07/2019,MWH,WA,ANM,WE,Combined TRACON& Tower with Radar,4,0,7,5,16,0,1,25,4,30,4,1,32,9,46,20,0,20,66
09/08/2019,MWH,WA,ANM,WE,Combined TRACON& Tower with Radar,4,7,14,11,36,0,3,9,0,12,4,10,23,11,48,22,2,24,72
09/09/2019,MWH,WA,ANM,WE,Combined TRACON& Tower with Radar,11,0,6,29,46,0,1,18,16,35,11,1,24,45,81,16,48,64,145
09/10/2019,MWH,WA,ANM,WE,Combined TRACON& Tower with Radar,13,6,6,33,58,0,1,14,18,33,13,7,20,51,91,40,96,136,227
09/11/2019,MWH,WA,ANM,WE,Combined TRACON& Tower with Radar,0,2,2,28,32,0,3,31,14,48,0,5,33,42,80,18,66,84,164
09/12/2019,MWH,WA,ANM,WE,Combined TRACON& Tower with Radar,37,3,10,20,70,1,5,47,4,57,38,8,57,24,127,20,22,42,169
09/13/2019,MWH,WA,ANM,WE,Combined TRACON& Tower with Radar,5,3,7,12,27,0,11,21,2,34,5,14,28,14,61,68,12,80,141
09/14/2019,MWH,WA,ANM,WE,Combined TRACON& Tower with Radar,6,0,1,6,13,0,0,21,5,26,6,0,22,11,39,1,0,1,40
09/15/2019,MWH,WA,ANM,WE,Combined TRACON& Tower with Radar,12,2,4,0,18,0,1,5,2,8,12,3,9,2,26,0,0,0,26
09/16/2019,MWH,WA,ANM,WE,Combined TRACON& Tower with Radar,18,2,18,51,89,1,3,8,22,34,19,5,26,73,123,7,28,35,158
09/17/2019,MWH,WA,ANM,WE,Combined TRACON& Tower with Radar,15,1,15,34,65,0,58,19,6,83,15,59,34,40,148,66,56,122,270
09/18/2019,MWH,WA,ANM,WE,Combined TRACON& Tower with Radar,17,11,19,51,98,5,43,15,14,77,22,54,34,65,175,58,115,173,348
09/19/2019,MWH,WA,ANM,WE,Combined TRACON& Tower with Radar,10,3,10,22,45,5,52,35,5,97,15,55,45,27,142,118,28,146,288
09/20/2019,MWH,WA,ANM,WE,Combined TRACON& Tower with Radar,9,4,15,21,49,0,8,31,15,54,9,12,46,36,103,22,62,84,187
09/21/2019,MWH,WA,ANM,WE,Combined TRACON& Tower with Radar,6,0,2,4,12,14,0,10,0,24,20,0,12,4,36,12,0,12,48
09/22/2019,MWH,WA,ANM,WE,Combined TRACON& Tower with Radar,13,0,13,7,33,0,0,11,13,24,13,0,24,20,57,0,4,4,61
09/23/2019,MWH,WA,ANM,WE,Combined TRACON& Tower with Radar,25,6,19,31,81,1,79,22,17,119,26,85,41,48,200,124,88,212,412
09/24/2019,MWH,WA,ANM,WE,Combined TRACON& Tower with Radar,14,3,19,7,43,17,30,44,11,102,31,33,63,18,145,40,51,91,236
09/25/2019,MWH,WA,ANM,WE,Combined TRACON& Tower with Radar,9,9,9,17,44,6,114,37,7,164,15,123,46,24,208,236,48,284,492
09/26/2019,MWH,WA,ANM,WE,Combined TRACON& Tower with Radar,13,2,7,22,44,7,106,23,27,163,20,108,30,49,207,253,68,321,528
09/27/2019,MWH,WA,ANM,WE,Combined TRACON& Tower with Radar,3,5,9,15,32,0,25,17,10,52,3,30,26,25,84,18,24,42,126
09/28/2019,MWH,WA,ANM,WE,Combined TRACON& Tower with Radar,6,0,10,0,16,0,0,0,0,0,6,0,10,0,16,0,0,0,16
09/29/2019,MWH,WA,ANM,WE,Combined TRACON& Tower with Radar,7,0,7,0,14,0,0,2,0,2,7,0,9,0,16,0,0,0,16
09/30/2019,MWH,WA,ANM,WE,Combined TRACON& Tower with Radar,22,17,3,7,49,0,114,11,8,133,22,131,14,15,182,280,18,298,480
10/01/2019,MWH,WA,ANM,WE,Combined TRACON& Tower with Radar,13,10,10,11,44,1,110,30,12,153,14,120,40,23,197,315,32,347,544
10/02/2019,MWH,WA,ANM,WE,Combined TRACON& Tower with Radar,7,12,22,16,57,10,116,33,17,176,17,128,55,33,233,410,60,470,703
10/03/2019,MWH,WA,ANM,WE,Combined TRACON& Tower with Radar,11,11,12,28,62,8,98,14,4,124,19,109,26,32,186,361,41,402,588
10/04/2019,MWH,WA,ANM,WE,Combined TRACON& Tower with Radar,10,2,15,4,31,3,19,24,11,57,13,21,39,15,88,4,60,64,152
10/05/2019,MWH,WA,ANM,WE,Combined TRACON& Tower with Radar,5,0,2,1,8,0,0,32,1,33,5,0,34,2,41,38,18,56,97
10/06/2019,MWH,WA,ANM,WE,Combined TRACON& Tower with Radar,11,5,3,0,19,0,2,24,0,26,11,7,27,0,45,26,0,26,71
10/07/2019,MWH,WA,ANM,WE,Combined TRACON& Tower with Radar,10,8,11,45,74,16,123,47,31,217,26,131,58,76,291,343,92,435,726
10/08/2019,MWH,WA,ANM,WE,Combined TRACON& Tower with Radar,21,3,11,4,39,14,81,15,7,117,35,84,26,11,156,73,6,79,235
10/09/2019,MWH,WA,ANM,WE,Combined TRACON& Tower with Radar,12,13,10,13,48,2,111,19,10,142,14,124,29,23,190,298,4,302,492
10/10/2019,MWH,WA,ANM,WE,Combined TRACON& Tower with Radar,22,4,14,3,43,1,98,55,8,162,23,102,69,11,205,453,42,495,700
10/11/2019,MWH,WA,ANM,WE,Combined TRACON& Tower with Radar,11,2,11,0,24,0,13,61,0,74,11,15,72,0,98,10,0,10,108
10/12/2019,MWH,WA,ANM,WE,Combined TRACON& Tower with Radar,13,0,1,0,14,7,0,24,0,31,20,0,25,0,45,10,0,10,55
10/13/2019,MWH,WA,ANM,WE,Combined TRACON& Tower with Radar,6,0,12,0,18,0,0,13,0,13,6,0,25,0,31,0,0,0,31
10/14/2019,MWH,WA,ANM,WE,Combined TRACON& Tower with Radar,19,7,5,0,31,0,146,31,0,177,19,153,36,0,208,437,0,437,645
10/15/2019,MWH,WA,ANM,WE,Combined TRACON& Tower with Radar,8,2,7,24,41,1,128,13,31,173,9,130,20,55,214,369,91,460,674
10/16/2019,MWH,WA,ANM,WE,Combined TRACON& Tower with Radar,9,6,9,20,44,3,87,31,3,124,12,93,40,23,168,298,30,328,496
10/17/2019,MWH,WA,ANM,WE,Combined TRACON& Tower with Radar,6,3,6,5,20,4,98,22,2,126,10,101,28,7,146,184,4,188,334
10/18/2019,MWH,WA,ANM,WE,Combined TRACON& Tower with Radar,3,2,12,1,18,0,8,39,3,50,3,10,51,4,68,11,0,11,79
10/19/2019,MWH,WA,ANM,WE,Combined TRACON& Tower with Radar,6,1,3,1,11,0,0,2,0,2,6,1,5,1,13,0,0,0,13
10/20/2019,MWH,WA,ANM,WE,Combined TRACON& Tower with Radar,4,3,6,0,13,0,0,21,0,21,4,3,27,0,34,30,0,30,64
10/21/2019,MWH,WA,ANM,WE,Combined TRACON& Tower with Radar,1,8,8,10,27,14,91,6,8,119,15,99,14,18,146,366,28,394,540
10/22/2019,MWH,WA,ANM,WE,Combined TRACON& Tower with Radar,12,2,5,0,19,1,65,4,0,70,13,67,9,0,89,164,1,165,254
10/23/2019,MWH,WA,ANM,WE,Combined TRACON& Tower with Radar,4,8,2,3,17,0,102,33,4,139,4,110,35,7,156,374,0,374,530
10/24/2019,MWH,WA,ANM,WE,Combined TRACON& Tower with Radar,13,3,9,1,26,0,100,35,7,142,13,103,44,8,168,308,2,310,478
10/25/2019,MWH,WA,ANM,WE,Combined TRACON& Tower with Radar,7,1,8,7,23,0,11,20,7,38,7,12,28,14,61,10,14,24,85
10/26/2019,MWH,WA,ANM,WE,Combined TRACON& Tower with Radar,4,1,2,0,7,0,0,14,0,14,4,1,16,0,21,4,0,4,25
10/27/2019,MWH,WA,ANM,WE,Combined TRACON& Tower with Radar,0,0,4,0,4,0,0,20,0,20,0,0,24,0,24,37,0,37,61
10/28/2019,MWH,WA,ANM,WE,Combined TRACON& Tower with Radar,7,4,7,3,21,0,80,4,6,90,7,84,11,9,111,208,6,214,325
10/29/2019,MWH,WA,ANM,WE,Combined TRACON& Tower with Radar,10,2,8,2,22,0,100,15,6,121,10,102,23,8,143,315,9,324,467
10/30/2019,MWH,WA,ANM,WE,Combined TRACON& Tower with Radar,13,4,1,4,22,8,82,23,4,117,21,86,24,8,139,478,2,480,619
10/31/2019,MWH,WA,ANM,WE,Combined TRACON& Tower with Radar,3,2,19,5,29,19,104,26,5,154,22,106,45,10,183,484,8,492,675
11/01/2019,MWH,WA,ANM,WE,Combined TRACON& Tower with Radar,9,2,5,2,18,2,2,43,2,49,11,4,48,4,67,32,2,34,101
11/02/2019,MWH,WA,ANM,WE,Combined TRACON& Tower with Radar,4,0,9,1,14,0,0,22,2,24,4,0,31,3,38,4,2,6,44
11/03/2019,MWH,WA,ANM,WE,Combined TRACON& Tower with Radar,13,0,9,1,23,0,0,29,6,35,13,0,38,7,58,18,2,20,78
11/04/2019,MWH,WA,ANM,WE,Combined TRACON& Tower with Radar,6,12,5,11,34,0,82,13,7,102,6,94,18,18,136,322,28,350,486
11/05/2019,MWH,WA,ANM,WE,Combined TRACON& Tower with Radar,20,3,10,7,40,0,98,28,15,141,20,101,38,22,181,429,22,451,632
11/06/2019,MWH,WA,ANM,WE,Combined TRACON& Tower with Radar,15,13,17,15,60,30,95,32,13,170,45,108,49,28,230,293,17,310,540
11/07/2019,MWH,WA,ANM,WE,Combined TRACON& Tower with Radar,5,2,8,3,18,3,78,26,12,119,8,80,34,15,137,378,34,412,549
11/08/2019,MWH,WA,ANM,WE,Combined TRACON& Tower with Radar,16,1,6,6,29,4,5,29,14,52,20,6,35,20,81,18,33,51,132
11/09/2019,MWH,WA,ANM,WE,Combined TRACON& Tower with Radar,0,5,5,0,10,0,0,5,0,5,0,5,10,0,15,14,0,14,29
11/10/2019,MWH,WA,ANM,WE,Combined TRACON& Tower with Radar,4,1,7,0,12,0,0,19,0,19,4,1,26,0,31,6,0,6,37
11/11/2019,MWH,WA,ANM,WE,Combined TRACON& Tower with Radar,16,2,11,0,29,2,12,16,0,30,18,14,27,0,59,10,0,10,69
11/12/2019,MWH,WA,ANM,WE,Combined TRACON& Tower with Radar,9,3,9,5,26,0,106,9,10,125,9,109,18,15,151,374,8,382,533
11/13/2019,MWH,WA,ANM,WE,Combined TRACON& Tower with Radar,9,28,16,6,59,0,22,7,0,29,9,50,23,6,88,228,2,230,318
11/14/2019,MWH,WA,ANM,WE,Combined TRACON& Tower with Radar,9,4,27,11,51,2,24,1,0,27,11,28,28,11,78,401,6,407,485
11/15/2019,MWH,WA,ANM,WE,Combined TRACON& Tower with Radar,4,7,12,1,24,0,0,2,0,2,4,7,14,1,26,22,0,22,48
11/16/2019,MWH,WA,ANM,WE,Combined TRACON& Tower with Radar,6,0,6,0,12,4,0,9,0,13,10,0,15,0,25,16,0,16,41
11/17/2019,MWH,WA,ANM,WE,Combined TRACON& Tower with Radar,2,0,9,0,11,16,0,10,1,27,18,0,19,1,38,20,0,20,58
11/18/2019,MWH,WA,ANM,WE,Combined TRACON& Tower with Radar,4,10,9,1,24,0,13,0,0,13,4,23,9,1,37,154,0,154,191
11/19/2019,MWH,WA,ANM,WE,Combined TRACON& Tower with Radar,13,5,4,8,30,0,39,9,0,48,13,44,13,8,78,215,3,218,296
11/20/2019,MWH,WA,ANM,WE,Combined TRACON& Tower with Radar,3,11,4,9,27,0,52,28,5,85,3,63,32,14,112,185,4,189,301
11/21/2019,MWH,WA,ANM,WE,Combined TRACON& Tower with Radar,29,7,6,4,46,15,97,22,2,136,44,104,28,6,182,345,6,351,533
11/22/2019,MWH,WA,ANM,WE,Combined TRACON& Tower with Radar,5,0,7,2,14,0,0,5,0,5,5,0,12,2,19,0,0,0,19
11/23/2019,MWH,WA,ANM,WE,Combined TRACON& Tower with Radar,6,0,1,1,8,0,0,0,0,0,6,0,1,1,8,0,0,0,8
11/24/2019,MWH,WA,ANM,WE,Combined TRACON& Tower with Radar,4,0,2,0,6,10,2,5,0,17,14,2,7,0,23,6,0,6,29
11/25/2019,MWH,WA,ANM,WE,Combined TRACON& Tower with Radar,27,2,10,4,43,14,1,12,5,32,41,3,22,9,75,18,8,26,101
11/26/2019,MWH,WA,ANM,WE,Combined TRACON& Tower with Radar,8,2,13,4,27,3,1,12,0,16,11,3,25,4,43,0,0,0,43
11/27/2019,MWH,WA,ANM,WE,Combined TRACON& Tower with Radar,8,3,5,9,25,10,2,0,13,25,18,5,5,22,50,30,2,32,82
11/28/2019,MWH,WA,ANM,WE,Combined TRACON& Tower with Radar,0,0,2,0,2,0,0,1,0,1,0,0,3,0,3,2,0,2,5
11/29/2019,MWH,WA,ANM,WE,Combined TRACON& Tower with Radar,4,1,0,1,6,0,1,19,6,26,4,2,19,7,32,27,12,39,71
11/30/2019,MWH,WA,ANM,WE,Combined TRACON& Tower with Radar,6,0,3,0,9,0,0,9,0,9,6,0,12,0,18,5,0,5,23
12/01/2019,MWH,WA,ANM,WE,Combined TRACON& Tower with Radar,2,1,2,0,5,0,0,0,0,0,2,1,2,0,5,0,0,0,5
12/02/2019,MWH,WA,ANM,WE,Combined TRACON& Tower with Radar,2,3,4,0,9,0,0,0,0,0,2,3,4,0,9,0,0,0,9
12/03/2019,MWH,WA,ANM,WE,Combined TRACON& Tower with Radar,2,4,8,0,14,0,0,0,0,0,2,4,8,0,14,0,0,0,14
12/04/2019,MWH,WA,ANM,WE,Combined TRACON& Tower with Radar,6,2,10,6,24,0,0,0,0,0,6,2,10,6,24,0,0,0,24
12/05/2019,MWH,WA,ANM,WE,Combined TRACON& Tower with Radar,11,19,17,8,55,0,34,6,0,40,11,53,23,8,95,227,0,227,322
12/06/2019,MWH,WA,ANM,WE,Combined TRACON& Tower with Radar,20,4,16,3,43,0,0,11,3,14,20,4,27,6,57,10,0,10,67
12/07/2019,MWH,WA,ANM,WE,Combined TRACON& Tower with Radar,2,0,3,0,5,0,0,0,0,0,2,0,3,0,5,0,0,0,5
12/08/2019,MWH,WA,ANM,WE,Combined TRACON& Tower with Radar,0,2,8,0,10,0,0,22,1,23,0,2,30,1,33,38,0,38,71
12/09/2019,MWH,WA,ANM,WE,Combined TRACON& Tower with Radar,4,2,16,2,24,0,0,0,0,0,4,2,16,2,24,0,0,0,24
12/10/2019,MWH,WA,ANM,WE,Combined TRACON& Tower with Radar,3,2,8,2,15,0,0,0,0,0,3,2,8,2,15,0,0,0,15
12/11/2019,MWH,WA,ANM,WE,Combined TRACON& Tower with Radar,10,2,4,0,16,0,0,0,0,0,10,2,4,0,16,0,0,0,16
12/12/2019,MWH,WA,ANM,WE,Combined TRACON& Tower with Radar,4,0,4,0,8,0,0,0,0,0,4,0,4,0,8,0,0,0,8
12/13/2019,MWH,WA,ANM,WE,Combined TRACON& Tower with Radar,18,6,17,3,44,1,8,15,2,26,19,14,32,5,70,74,9,83,153
12/14/2019,MWH,WA,ANM,WE,Combined TRACON& Tower with Radar,4,0,11,0,15,0,0,0,0,0,4,0,11,0,15,0,0,0,15
12/15/2019,MWH,WA,ANM,WE,Combined TRACON& Tower with Radar,2,1,4,0,7,0,0,0,0,0,2,1,4,0,7,0,0,0,7
12/16/2019,MWH,WA,ANM,WE,Combined TRACON& Tower with Radar,13,7,10,2,32,0,0,0,0,0,13,7,10,2,32,0,0,0,32
12/17/2019,MWH,WA,ANM,WE,Combined TRACON& Tower with Radar,17,7,4,4,32,0,0,0,3,3,17,7,4,7,35,0,4,4,39
12/18/2019,MWH,WA,ANM,WE,Combined TRACON& Tower with Radar,5,3,12,7,27,0,1,20,10,31,5,4,32,17,58,12,20,32,90
12/19/2019,MWH,WA,ANM,WE,Combined TRACON& Tower with Radar,5,2,0,1,8,0,0,0,0,0,5,2,0,1,8,0,0,0,8
12/20/2019,MWH,WA,ANM,WE,Combined TRACON& Tower with Radar,12,4,1,0,17,2,0,0,0,2,14,4,1,0,19,0,0,0,19
12/21/2019,MWH,WA,ANM,WE,Combined TRACON& Tower with Radar,17,2,6,0,25,3,0,23,0,26,20,2,29,0,51,30,0,30,81
12/22/2019,MWH,WA,ANM,WE,Combined TRACON& Tower with Radar,8,1,11,0,20,2,0,9,0,11,10,1,20,0,31,4,0,4,35
12/23/2019,MWH,WA,ANM,WE,Combined TRACON& Tower with Radar,10,3,7,1,21,0,2,12,4,18,10,5,19,5,39,10,2,12,51
12/24/2019,MWH,WA,ANM,WE,Combined TRACON& Tower with Radar,0,2,5,0,7,0,0,0,0,0,0,2,5,0,7,0,0,0,7
12/25/2019,MWH,WA,ANM,WE,Combined TRACON& Tower with Radar,0,0,7,0,7,0,0,2,0,2,0,0,9,0,9,4,0,4,13
12/26/2019,MWH,WA,ANM,WE,Combined TRACON& Tower with Radar,4,2,7,0,13,0,0,12,0,12,4,2,19,0,25,14,0,14,39
12/27/2019,MWH,WA,ANM,WE,Combined TRACON& Tower with Radar,0,3,5,1,9,0,0,1,0,1,0,3,6,1,10,0,0,0,10
12/28/2019,MWH,WA,ANM,WE,Combined TRACON& Tower with Radar,0,1,13,0,14,0,0,4,0,4,0,1,17,0,18,48,0,48,66
12/29/2019,MWH,WA,ANM,WE,Combined TRACON& Tower with Radar,0,0,4,0,4,0,0,0,0,0,0,0,4,0,4,0,0,0,4
12/30/2019,MWH,WA,ANM,WE,Combined TRACON& Tower with Radar,6,2,6,20,34,0,3,10,0,13,6,5,16,20,47,44,15,59,106
12/31/2019,MWH,WA,ANM,WE,Combined TRACON& Tower with Radar,0,2,4,0,6,0,1,12,0,13,0,3,16,0,19,6,0,6,25
01/01/2020,MWH,WA,ANM,WE,Combined TRACON& Tower with Radar,0,0,1,0,1,0,0,18,0,18,0,0,19,0,19,15,0,15,34
01/02/2020,MWH,WA,ANM,WE,Combined TRACON& Tower with Radar,0,1,1,0,2,0,3,10,0,13,0,4,11,0,15,4,0,4,19
01/03/2020,MWH,WA,ANM,WE,Combined TRACON& Tower with Radar,10,3,7,13,33,0,5,15,9,29,10,8,22,22,62,10,72,82,144
01/04/2020,MWH,WA,ANM,WE,Combined TRACON& Tower with Radar,0,0,2,0,2,0,0,10,1,11,0,0,12,1,13,8,0,8,21
01/05/2020,MWH,WA,ANM,WE,Combined TRACON& Tower with Radar,0,0,8,0,8,0,0,12,0,12,0,0,20,0,20,20,0,20,40
01/06/2020,MWH,WA,ANM,WE,Combined TRACON& Tower with Radar,4,9,8,8,29,0,46,14,16,76,4,55,22,24,105,124,44,168,273
01/07/2020,MWH,WA,ANM,WE,Combined TRACON& Tower with Radar,6,23,3,18,50,0,55,8,11,74,6,78,11,29,124,232,10,242,366
01/08/2020,MWH,WA,ANM,WE,Combined TRACON& Tower with Radar,0,8,4,8,20,0,8,7,10,25,0,16,11,18,45,8,37,45,90
01/09/2020,MWH,WA,ANM,WE,Combined TRACON& Tower with Radar,3,19,5,9,36,0,64,40,19,123,3,83,45,28,159,426,13,439,598
01/10/2020,MWH,WA,ANM,WE,Combined TRACON& Tower with Radar,4,2,5,0,11,0,0,0,0,0,4,2,5,0,11,0,0,0,11
01/11/2020,MWH,WA,ANM,WE,Combined TRACON& Tower with Radar,2,3,5,0,10,0,0,10,0,10,2,3,15,0,20,0,0,0,20
01/12/2020,MWH,WA,ANM,WE,Combined TRACON& Tower with Radar,0,0,2,0,2,0,0,1,0,1,0,0,3,0,3,0,0,0,3
01/13/2020,MWH,WA,ANM,WE,Combined TRACON& Tower with Radar,15,14,12,9,50,0,92,28,11,131,15,106,40,20,181,318,28,346,527
01/14/2020,MWH,WA,ANM,WE,Combined TRACON& Tower with Radar,3,9,2,8,22,2,36,2,0,40,5,45,4,8,62,0,0,0,62
01/15/2020,MWH,WA,ANM,WE,Combined TRACON& Tower with Radar,2,6,4,0,12,0,29,8,2,39,2,35,12,2,51,186,4,190,241
01/16/2020,MWH,WA,ANM,WE,Combined TRACON& Tower with Radar,0,3,5,6,14,0,31,11,0,42,0,34,16,6,56,173,0,173,229
01/17/2020,MWH,WA,ANM,WE,Combined TRACON& Tower with Radar,0,4,6,1,11,0,0,2,0,2,0,4,8,1,13,0,0,0,13
01/18/2020,MWH,WA,ANM,WE,Combined TRACON& Tower with Radar,0,0,2,0,2,0,0,1,0,1,0,0,3,0,3,0,0,0,3
01/19/2020,MWH,WA,ANM,WE,Combined TRACON& Tower with Radar,5,0,9,0,14,9,0,8,0,17,14,0,17,0,31,0,0,0,31
01/20/2020,MWH,WA,ANM,WE,Combined TRACON& Tower with Radar,4,2,14,0,20,4,7,20,0,31,8,9,34,0,51,36,0,36,87
01/21/2020,MWH,WA,ANM,WE,Combined TRACON& Tower with Radar,3,4,18,1,26,7,15,8,0,30,10,19,26,1,56,0,0,0,56
01/22/2020,MWH,WA,ANM,WE,Combined TRACON& Tower with Radar,0,13,12,9,34,0,69,14,2,85,0,82,26,11,119,316,6,322,441
01/23/2020,MWH,WA,ANM,WE,Combined TRACON& Tower with Radar,0,4,0,0,4,0,0,0,0,0,0,4,0,0,4,0,0,0,4
01/24/2020,MWH,WA,ANM,WE,Combined TRACON& Tower with Radar,12,2,3,1,18,0,1,4,0,5,12,3,7,1,23,0,0,0,23
01/25/2020,MWH,WA,ANM,WE,Combined TRACON& Tower with Radar,1,0,3,2,6,0,0,13,0,13,1,0,16,2,19,25,0,25,44
01/26/2020,MWH,WA,ANM,WE,Combined TRACON& Tower with Radar,0,1,7,0,8,0,0,9,0,9,0,1,16,0,17,0,0,0,17
01/27/2020,MWH,WA,ANM,WE,Combined TRACON& Tower with Radar,12,14,4,1,31,0,44,42,2,88,12,58,46,3,119,177,2,179,298
01/28/2020,MWH,WA,ANM,WE,Combined TRACON& Tower with Radar,2,6,10,1,19,0,0,4,7,11,2,6,14,8,30,0,2,2,32
01/29/2020,MWH,WA,ANM,WE,Combined TRACON& Tower with Radar,2,6,8,1,17,0,0,3,0,3,2,6,11,1,20,0,0,0,20
01/30/2020,MWH,WA,ANM,WE,Combined TRACON& Tower with Radar,2,2,10,0,14,0,0,0,0,0,2,2,10,0,14,0,0,0,14
01/31/2020,MWH,WA,ANM,WE,Combined TRACON& Tower with Radar,0,1,5,2,8,0,1,13,0,14,0,2,18,2,22,0,0,0,22
02/01/2020,MWH,WA,ANM,WE,Combined TRACON& Tower with Radar,2,0,5,0,7,1,0,12,0,13,3,0,17,0,20,0,0,0,20
02/02/2020,MWH,WA,ANM,WE,Combined TRACON& Tower with Radar,4,0,10,0,14,0,0,33,0,33,4,0,43,0,47,42,0,42,89
02/03/2020,MWH,WA,ANM,WE,Combined TRACON& Tower with Radar,0,7,18,11,36,6,63,54,16,139,6,70,72,27,175,249,19,268,443
02/04/2020,MWH,WA,ANM,WE,Combined TRACON& Tower with Radar,1,6,7,2,16,0,68,3,1,72,1,74,10,3,88,210,2,212,300
02/05/2020,MWH,WA,ANM,WE,Combined TRACON& Tower with Radar,3,2,10,4,19,2,26,4,2,34,5,28,14,6,53,154,4,158,211
02/06/2020,MWH,WA,ANM,WE,Combined TRACON& Tower with Radar,7,22,7,2,38,0,75,1,5,81,7,97,8,7,119,230,0,230,349
02/07/2020,MWH,WA,ANM,WE,Combined TRACON& Tower with Radar,8,10,7,3,28,0,0,0,0,0,8,10,7,3,28,0,0,0,28
02/08/2020,MWH,WA,ANM,WE,Combined TRACON& Tower with Radar,1,1,4,3,9,0,14,16,0,30,1,15,20,3,39,34,0,34,73
02/09/2020,MWH,WA,ANM,WE,Combined TRACON& Tower with Radar,0,0,9,26,35,0,0,33,2,35,0,0,42,28,70,8,0,8,78
02/10/2020,MWH,WA,ANM,WE,Combined TRACON& Tower with Radar,5,20,5,16,46,19,125,32,12,188,24,145,37,28,234,298,8,306,540
02/11/2020,MWH,WA,ANM,WE,Combined TRACON& Tower with Radar,4,13,4,14,35,5,102,11,34,152,9,115,15,48,187,156,58,214,401
02/12/2020,MWH,WA,ANM,WE,Combined TRACON& Tower with Radar,7,29,6,17,59,0,97,21,9,127,7,126,27,26,186,300,26,326,512
02/13/2020,MWH,WA,ANM,WE,Combined TRACON& Tower with Radar,4,16,4,6,30,0,85,20,0,105,4,101,24,6,135,287,10,297,432
02/14/2020,MWH,WA,ANM,WE,Combined TRACON& Tower with Radar,8,2,7,0,17,0,0,21,0,21,8,2,28,0,38,10,2,12,50
02/15/2020,MWH,WA,ANM,WE,Combined TRACON& Tower with Radar,0,1,11,0,12,0,7,22,0,29,0,8,33,0,41,36,0,36,77
02/16/2020,MWH,WA,ANM,WE,Combined TRACON& Tower with Radar,0,0,2,0,2,0,0,17,0,17,0,0,19,0,19,30,0,30,49
02/17/2020,MWH,WA,ANM,WE,Combined TRACON& Tower with Radar,1,2,7,0,10,0,0,29,0,29,1,2,36,0,39,15,0,15,54
02/18/2020,MWH,WA,ANM,WE,Combined TRACON& Tower with Radar,3,19,5,4,31,0,121,27,17,165,3,140,32,21,196,277,14,291,487
02/19/2020,MWH,WA,ANM,WE,Combined TRACON& Tower with Radar,2,10,6,5,23,0,88,28,37,153,2,98,34,42,176,293,20,313,489
02/20/2020,MWH,WA,ANM,WE,Combined TRACON& Tower with Radar,1,12,5,6,24,0,114,29,12,155,1,126,34,18,179,353,36,389,568
02/21/2020,MWH,WA,ANM,WE,Combined TRACON& Tower with Radar,12,3,2,1,18,5,0,41,4,50,17,3,43,5,68,32,6,38,106
02/22/2020,MWH,WA,ANM,WE,Combined TRACON& Tower with Radar,6,0,2,0,8,0,0,25,0,25,6,0,27,0,33,44,0,44,77
02/23/2020,MWH,WA,ANM,WE,Combined TRACON& Tower with Radar,0,0,1,2,3,0,0,4,0,4,0,0,5,2,7,0,0,0,7
02/24/2020,MWH,WA,ANM,WE,Combined TRACON& Tower with Radar,6,4,10,5,25,3,84,16,2,105,9,88,26,7,130,154,2,156,286
02/25/2020,MWH,WA,ANM,WE,Combined TRACON& Tower with Radar,9,17,2,6,34,0,130,33,27,190,9,147,35,33,224,289,26,315,539
02/26/2020,MWH,WA,ANM,WE,Combined TRACON& Tower with Radar,0,10,5,10,25,0,115,13,13,141,0,125,18,23,166,352,48,400,566
02/27/2020,MWH,WA,ANM,WE,Combined TRACON& Tower with Radar,1,9,4,5,19,9,91,35,3,138,10,100,39,8,157,383,20,403,560
02/28/2020,MWH,WA,ANM,WE,Combined TRACON& Tower with Radar,1,3,6,4,14,0,1,32,9,42,1,4,38,13,56,24,11,35,91
02/29/2020,MWH,WA,ANM,WE,Combined TRACON& Tower with Radar,1,0,10,0,11,0,0,10,0,10,1,0,20,0,21,20,0,20,41
03/01/2020,MWH,WA,ANM,WE,Combined TRACON& Tower with Radar,0,0,0,0,0,0,0,15,0,15,0,0,15,0,15,8,0,8,23
03/02/2020,MWH,WA,ANM,WE,Combined TRACON& Tower with Radar,0,19,8,15,42,3,66,19,11,99,3,85,27,26,141,99,36,135,276
03/03/2020,MWH,WA,ANM,WE,Combined TRACON& Tower with Radar,3,5,9,12,29,0,94,13,29,136,3,99,22,41,165,319,34,353,518
03/04/2020,MWH,WA,ANM,WE,Combined TRACON& Tower with Radar,0,8,6,18,32,3,46,25,23,97,3,54,31,41,129,53,29,82,211
03/05/2020,MWH,WA,ANM,WE,Combined TRACON& Tower with Radar,0,24,2,3,29,0,89,31,7,127,0,113,33,10,156,410,18,428,584
03/06/2020,MWH,WA,ANM,WE,Combined TRACON& Tower with Radar,0,1,9,4,14,2,2,36,11,51,2,3,45,15,65,27,22,49,114
03/07/2020,MWH,WA,ANM,WE,Combined TRACON& Tower with Radar,2,0,8,0,10,0,0,17,0,17,2,0,25,0,27,6,0,6,33
03/08/2020,MWH,WA,ANM,WE,Combined TRACON& Tower with Radar,4,1,5,0,10,0,2,22,6,30,4,3,27,6,40,14,0,14,54
03/09/2020,MWH,WA,ANM,WE,Combined TRACON& Tower with Radar,0,21,8,4,33,0,125,28,2,155,0,146,36,6,188,307,0,307,495
03/10/2020,MWH,WA,ANM,WE,Combined TRACON& Tower with Radar,0,8,10,8,26,0,116,24,13,153,0,124,34,21,179,282,14,296,475
03/11/2020,MWH,WA,ANM,WE,Combined TRACON& Tower with Radar,4,12,3,2,21,2,73,8,12,95,6,85,11,14,116,4,8,12,128
03/12/2020,MWH,WA,ANM,WE,Combined TRACON& Tower with Radar,12,20,4,5,41,0,114,23,16,153,12,134,27,21,194,247,26,273,467
03/13/2020,MWH,WA,ANM,WE,Combined TRACON& Tower with Radar,2,3,16,3,24,0,0,0,0,0,2,3,16,3,24,0,8,8,32
03/14/2020,MWH,WA,ANM,WE,Combined TRACON& Tower with Radar,0,0,5,0,5,0,0,3,0,3,0,0,8,0,8,0,0,0,8
03/15/2020,MWH,WA,ANM,WE,Combined TRACON& Tower with Radar,0,0,5,0,5,1,0,7,0,8,1,0,12,0,13,2,0,2,15
03/16/2020,MWH,WA,ANM,WE,Combined TRACON& Tower with Radar,0,15,12,8,35,4,50,26,14,94,4,65,38,22,129,166,46,212,341
03/17/2020,MWH,WA,ANM,WE,Combined TRACON& Tower with Radar,1,15,1,0,17,5,44,20,0,69,6,59,21,0,86,94,0,94,180
03/18/2020,MWH,WA,ANM,WE,Combined TRACON& Tower with Radar,2,15,0,0,17,0,10,8,0,18,2,25,8,0,35,0,0,0,35
03/19/2020,MWH,WA,ANM,WE,Combined TRACON& Tower with Radar,1,3,1,0,5,3,1,14,0,18,4,4,15,0,23,18,0,18,41
03/20/2020,MWH,WA,ANM,WE,Combined TRACON& Tower with Radar,4,1,6,0,11,8,1,19,0,28,12,2,25,0,39,30,0,30,69
03/21/2020,MWH,WA,ANM,WE,Combined TRACON& Tower with Radar,8,0,2,0,10,31,0,19,0,50,39,0,21,0,60,4,0,4,64
03/22/2020,MWH,WA,ANM,WE,Combined TRACON& Tower with Radar,10,0,2,0,12,0,0,4,0,4,10,0,6,0,16,0,0,0,16
03/23/2020,MWH,WA,ANM,WE,Combined TRACON& Tower with Radar,12,2,7,11,32,0,0,7,9,16,12,2,14,20,48,0,0,0,48
03/24/2020,MWH,WA,ANM,WE,Combined TRACON& Tower with Radar,32,2,3,14,51,0,0,1,2,3,32,2,4,16,54,0,0,0,54
03/25/2020,MWH,WA,ANM,WE,Combined TRACON& Tower with Radar,31,3,6,4,44,0,2,1,0,3,31,5,7,4,47,0,0,0,47
03/26/2020,MWH,WA,ANM,WE,Combined TRACON& Tower with Radar,0,2,6,2,10,0,1,1,0,2,0,3,7,2,12,0,0,0,12
03/27/2020,MWH,WA,ANM,WE,Combined TRACON& Tower with Radar,0,2,4,2,8,0,0,3,11,14,0,2,7,13,22,8,10,18,40
03/28/2020,MWH,WA,ANM,WE,Combined TRACON& Tower with Radar,0,0,1,0,1,0,0,3,0,3,0,0,4,0,4,0,0,0,4
03/29/2020,MWH,WA,ANM,WE,Combined TRACON& Tower with Radar,0,0,4,0,4,0,0,1,0,1,0,0,5,0,5,0,0,0,5
03/30/2020,MWH,WA,ANM,WE,Combined TRACON& Tower with Radar,0,1,2,2,5,0,1,1,0,2,0,2,3,2,7,0,0,0,7
03/31/2020,MWH,WA,ANM,WE,Combined TRACON& Tower with Radar,0,3,3,2,8,0,0,2,0,2,0,3,5,2,10,0,0,0,10
04/01/2020,MWH,WA,ANM,WE,Combined TRACON& Tower with Radar,0,2,7,8,17,0,1,0,10,11,0,3,7,18,28,0,0,0,28
04/02/2020,MWH,WA,ANM,WE,Combined TRACON& Tower with Radar,0,2,2,3,7,14,0,5,4,23,14,2,7,7,30,4,2,6,36
04/03/2020,MWH,WA,ANM,WE,Combined TRACON& Tower with Radar,0,2,3,5,10,0,1,7,8,16,0,3,10,13,26,16,48,64,90
04/04/2020,MWH,WA,ANM,WE,Combined TRACON& Tower with Radar,0,0,2,0,2,0,0,6,0,6,0,0,8,0,8,0,0,0,8
04/05/2020,MWH,WA,ANM,WE,Combined TRACON& Tower with Radar,0,0,12,0,12,0,0,9,0,9,0,0,21,0,21,0,0,0,21
04/06/2020,MWH,WA,ANM,WE,Combined TRACON& Tower with Radar,0,2,0,10,12,0,1,7,4,12,0,3,7,14,24,0,0,0,24
04/07/2020,MWH,WA,ANM,WE,Combined TRACON& Tower with Radar,0,1,4,3,8,0,1,9,15,25,0,2,13,18,33,14,32,46,79
04/08/2020,MWH,WA,ANM,WE,Combined TRACON& Tower with Radar,0,2,7,5,14,0,0,5,0,5,0,2,12,5,19,3,0,3,22
04/09/2020,MWH,WA,ANM,WE,Combined TRACON& Tower with Radar,0,1,2,0,3,0,1,3,0,4,0,2,5,0,7,10,0,10,17
04/10/2020,MWH,WA,ANM,WE,Combined TRACON& Tower with Radar,0,1,3,0,4,0,1,5,0,6,0,2,8,0,10,0,0,0,10
04/11/2020,MWH,WA,ANM,WE,Combined TRACON& Tower with Radar,0,0,2,0,2,0,0,4,0,4,0,0,6,0,6,0,0,0,6
04/12/2020,MWH,WA,ANM,WE,Combined TRACON& Tower with Radar,0,0,2,0,2,0,0,7,0,7,0,0,9,0,9,8,0,8,17
04/13/2020,MWH,WA,ANM,WE,Combined TRACON& Tower with Radar,6,2,3,2,13,0,0,5,0,5,6,2,8,2,18,0,0,0,18
04/14/2020,MWH,WA,ANM,WE,Combined TRACON& Tower with Radar,6,2,0,12,20,0,1,12,0,13,6,3,12,12,33,0,0,0,33
04/15/2020,MWH,WA,ANM,WE,Combined TRACON& Tower with Radar,0,2,0,5,7,0,0,4,0,4,0,2,4,5,11,1,0,1,12
04/16/2020,MWH,WA,ANM,WE,Combined TRACON& Tower with Radar,1,3,3,11,18,17,0,25,2,44,18,3,28,13,62,16,0,16,78
04/17/2020,MWH,WA,ANM,WE,Combined TRACON& Tower with Radar,0,1,6,0,7,0,1,0,0,1,0,2,6,0,8,0,0,0,8
04/18/2020,MWH,WA,ANM,WE,Combined TRACON& Tower with Radar,0,0,0,0,0,0,0,2,0,2,0,0,2,0,2,0,0,0,2
04/19/2020,MWH,WA,ANM,WE,Combined TRACON& Tower with Radar,0,0,0,0,0,0,0,7,0,7,0,0,7,0,7,0,0,0,7
04/20/2020,MWH,WA,ANM,WE,Combined TRACON& Tower with Radar,0,1,3,5,9,0,1,7,3,11,0,2,10,8,20,0,4,4,24
04/21/2020,MWH,WA,ANM,WE,Combined TRACON& Tower with Radar,0,1,5,1,7,0,1,10,8,19,0,2,15,9,26,10,22,32,58
04/22/2020,MWH,WA,ANM,WE,Combined TRACON& Tower with Radar,1,2,10,7,20,0,0,0,1,1,1,2,10,8,21,6,4,10,31
04/23/2020,MWH,WA,ANM,WE,Combined TRACON& Tower with Radar,3,3,2,8,16,1,1,10,6,18,4,4,12,14,34,9,12,21,55
04/24/2020,MWH,WA,ANM,WE,Combined TRACON& Tower with Radar,1,3,5,3,12,0,0,7,8,15,1,3,12,11,27,2,20,22,49
04/25/2020,MWH,WA,ANM,WE,Combined TRACON& Tower with Radar,0,0,1,0,1,0,0,2,0,2,0,0,3,0,3,14,0,14,17
04/26/2020,MWH,WA,ANM,WE,Combined TRACON& Tower with Radar,0,0,2,0,2,0,0,20,0,20,0,0,22,0,22,6,0,6,28
04/27/2020,MWH,WA,ANM,WE,Combined TRACON& Tower with Radar,1,2,4,9,16,0,1,5,19,25,1,3,9,28,41,13,48,61,102
04/28/2020,MWH,WA,ANM,WE,Combined TRACON& Tower with Radar,0,1,0,8,9,0,1,12,4,17,0,2,12,12,26,2,9,11,37
04/29/2020,MWH,WA,ANM,WE,Combined TRACON& Tower with Radar,0,2,1,4,7,0,0,25,3,28,0,2,26,7,35,24,0,24,59
04/30/2020,MWH,WA,ANM,WE,Combined TRACON& Tower with Radar,1,4,2,12,19,5,0,8,10,23,6,4,10,22,42,22,16,38,80
05/01/2020,MWH,WA,ANM,WE,Combined TRACON& Tower with Radar,2,2,3,0,7,4,0,2,0,6,6,2,5,0,13,0,0,0,13
05/02/2020,MWH,WA,ANM,WE,Combined TRACON& Tower with Radar,0,0,0,0,0,0,0,3,0,3,0,0,3,0,3,0,0,0,3
05/03/2020,MWH,WA,ANM,WE,Combined TRACON& Tower with Radar,0,0,1,0,1,0,0,3,0,3,0,0,4,0,4,0,0,0,4
05/04/2020,MWH,WA,ANM,WE,Combined TRACON& Tower with Radar,11,1,5,5,22,0,5,10,9,24,11,6,15,14,46,0,14,14,60
05/05/2020,MWH,WA,ANM,WE,Combined TRACON& Tower with Radar,1,1,4,8,14,20,4,21,4,49,21,5,25,12,63,0,6,6,69
05/06/2020,MWH,WA,ANM,WE,Combined TRACON& Tower with Radar,0,2,1,0,3,0,0,4,0,4,0,2,5,0,7,0,0,0,7
05/07/2020,MWH,WA,ANM,WE,Combined TRACON& Tower with Radar,0,1,3,5,9,0,6,22,11,39,0,7,25,16,48,12,10,22,70
05/08/2020,MWH,WA,ANM,WE,Combined TRACON& Tower with Radar,1,1,5,1,8,0,1,13,2,16,1,2,18,3,24,0,0,0,24
05/09/2020,MWH,WA,ANM,WE,Combined TRACON& Tower with Radar,0,0,4,0,4,0,0,10,0,10,0,0,14,0,14,0,0,0,14
05/10/2020,MWH,WA,ANM,WE,Combined TRACON& Tower with Radar,0,0,0,0,0,0,0,4,0,4,0,0,4,0,4,0,0,0,4
05/11/2020,MWH,WA,ANM,WE,Combined TRACON& Tower with Radar,0,3,4,4,11,0,1,10,0,11,0,4,14,4,22,6,2,8,30
05/12/2020,MWH,WA,ANM,WE,Combined TRACON& Tower with Radar,0,3,6,10,19,0,1,2,3,6,0,4,8,13,25,0,0,0,25
05/13/2020,MWH,WA,ANM,WE,Combined TRACON& Tower with Radar,0,2,6,3,11,0,1,18,6,25,0,3,24,9,36,0,16,16,52
05/14/2020,MWH,WA,ANM,WE,Combined TRACON& Tower with Radar,3,2,2,4,11,0,2,11,14,27,3,4,13,18,38,18,46,64,102
05/15/2020,MWH,WA,ANM,WE,Combined TRACON& Tower with Radar,0,2,9,5,16,0,1,17,6,24,0,3,26,11,40,8,2,10,50
05/16/2020,MWH,WA,ANM,WE,Combined TRACON& Tower with Radar,0,0,0,0,0,0,2,11,0,13,0,2,11,0,13,24,0,24,37
05/17/2020,MWH,WA,ANM,WE,Combined TRACON& Tower with Radar,0,0,0,0,0,0,0,1,0,1,0,0,1,0,1,0,0,0,1
05/18/2020,MWH,WA,ANM,WE,Combined TRACON& Tower with Radar,0,2,1,0,3,0,0,4,0,4,0,2,5,0,7,3,4,7,14
05/19/2020,MWH,WA,ANM,WE,Combined TRACON& Tower with Radar,0,2,11,23,36,0,0,12,2,14,0,2,23,25,50,14,18,32,82
05/20/2020,MWH,WA,ANM,WE,Combined TRACON& Tower with Radar,5,3,4,14,26,0,17,3,7,27,5,20,7,21,53,18,30,48,101
05/21/2020,MWH,WA,ANM,WE,Combined TRACON& Tower with Radar,0,2,6,1,9,0,25,17,1,43,0,27,23,2,52,54,0,54,106
05/22/2020,MWH,WA,ANM,WE,Combined TRACON& Tower with Radar,0,2,8,0,10,0,0,17,0,17,0,2,25,0,27,14,0,14,41
05/23/2020,MWH,WA,ANM,WE,Combined TRACON& Tower with Radar,0,0,2,0,2,0,0,22,0,22,0,0,24,0,24,8,0,8,32
05/24/2020,MWH,WA,ANM,WE,Combined TRACON& Tower with Radar,0,0,0,0,0,0,0,13,0,13,0,0,13,0,13,10,0,10,23
05/25/2020,MWH,WA,ANM,WE,Combined TRACON& Tower with Radar,0,0,2,0,2,0,0,11,0,11,0,0,13,0,13,0,0,0,13
05/26/2020,MWH,WA,ANM,WE,Combined TRACON& Tower with Radar,0,2,9,2,13,0,35,11,4,50,0,37,20,6,63,116,16,132,195
05/27/2020,MWH,WA,ANM,WE,Combined TRACON& Tower with Radar,2,2,0,5,9,0,59,32,8,99,2,61,32,13,108,224,12,236,344
05/28/2020,MWH,WA,ANM,WE,Combined TRACON& Tower with Radar,0,1,8,1,10,0,49,60,6,115,0,50,68,7,125,250,4,254,379
05/29/2020,MWH,WA,ANM,WE,Combined TRACON& Tower with Radar,2,1,1,3,7,0,3,15,3,21,2,4,16,6,28,2,0,2,30
05/30/2020,MWH,WA,ANM,WE,Combined TRACON& Tower with Radar,0,0,0,0,0,0,3,6,0,9,0,3,6,0,9,3,0,3,12
05/31/2020,MWH,WA,ANM,WE,Combined TRACON& Tower with Radar,0,0,1,0,1,0,0,2,0,2,0,0,3,0,3,0,0,0,3
06/01/2020,MWH,WA,ANM,WE,Combined TRACON& Tower with Radar,0,1,5,5,11,0,66,4,0,70,0,67,9,5,81,192,12,204,285
06/02/2020,MWH,WA,ANM,WE,Combined TRACON& Tower with Radar,2,13,3,4,22,2,87,14,1,104,4,100,17,5,126,246,4,250,376
06/03/2020,MWH,WA,ANM,WE,Combined TRACON& Tower with Radar,2,0,5,8,15,0,91,26,10,127,2,91,31,18,142,208,19,227,369
06/04/2020,MWH,WA,ANM,WE,Combined TRACON& Tower with Radar,0,15,7,4,26,0,75,23,4,102,0,90,30,8,128,204,2,206,334
06/05/2020,MWH,WA,ANM,WE,Combined TRACON& Tower with Radar,1,2,6,10,19,0,3,16,1,20,1,5,22,11,39,62,0,62,101
06/06/2020,MWH,WA,ANM,WE,Combined TRACON& Tower with Radar,0,0,2,0,2,0,0,8,1,9,0,0,10,1,11,2,0,2,13
06/07/2020,MWH,WA,ANM,WE,Combined TRACON& Tower with Radar,0,0,2,0,2,0,0,5,0,5,0,0,7,0,7,4,0,4,11
06/08/2020,MWH,WA,ANM,WE,Combined TRACON& Tower with Radar,2,7,0,2,11,0,44,15,12,71,2,51,15,14,82,106,0,106,188
06/09/2020,MWH,WA,ANM,WE,Combined TRACON& Tower with Radar,0,30,7,2,39,0,36,11,0,47,0,66,18,2,86,118,0,118,204
06/10/2020,MWH,WA,ANM,WE,Combined TRACON& Tower with Radar,8,1,7,2,18,2,55,25,6,88,10,56,32,8,106,152,10,162,268
06/11/2020,MWH,WA,ANM,WE,Combined TRACON& Tower with Radar,3,18,4,2,27,10,76,24,3,113,13,94,28,5,140,265,2,267,407
06/12/2020,MWH,WA,ANM,WE,Combined TRACON& Tower with Radar,2,0,7,4,13,0,0,23,21,44,2,0,30,25,57,39,36,75,132
06/13/2020,MWH,WA,ANM,WE,Combined TRACON& Tower with Radar,0,0,3,0,3,0,1,9,0,10,0,1,12,0,13,0,0,0,13
06/14/2020,MWH,WA,ANM,WE,Combined TRACON& Tower with Radar,1,0,1,0,2,0,0,12,0,12,1,0,13,0,14,6,0,6,20
06/15/2020,MWH,WA,ANM,WE,Combined TRACON& Tower with Radar,7,13,2,24,46,0,29,8,4,41,7,42,10,28,87,191,110,301,388
06/16/2020,MWH,WA,ANM,WE,Combined TRACON& Tower with Radar,1,13,4,2,20,0,38,10,4,52,1,51,14,6,72,110,4,114,186
06/17/2020,MWH,WA,ANM,WE,Combined TRACON& Tower with Radar,2,11,5,2,20,3,98,35,14,150,5,109,40,16,170,163,9,172,342
06/18/2020,MWH,WA,ANM,WE,Combined TRACON& Tower with Radar,7,11,3,13,34,20,108,47,2,177,27,119,50,15,211,312,2,314,525
06/19/2020,MWH,WA,ANM,WE,Combined TRACON& Tower with Radar,4,1,2,5,12,1,0,26,10,37,5,1,28,15,49,10,26,36,85
06/20/2020,MWH,WA,ANM,WE,Combined TRACON& Tower with Radar,1,0,3,0,4,0,0,39,0,39,1,0,42,0,43,10,0,10,53
06/21/2020,MWH,WA,ANM,WE,Combined TRACON& Tower with Radar,0,0,1,0,1,0,0,7,0,7,0,0,8,0,8,0,0,0,8
06/22/2020,MWH,WA,ANM,WE,Combined TRACON& Tower with Radar,1,18,1,6,26,0,87,31,2,120,1,105,32,8,146,369,6,375,521
06/23/2020,MWH,WA,ANM,WE,Combined TRACON& Tower with Radar,9,19,6,2,36,7,99,24,3,133,16,118,30,5,169,256,26,282,451
06/24/2020,MWH,WA,ANM,WE,Combined TRACON& Tower with Radar,6,26,4,3,39,0,64,21,19,104,6,90,25,22,143,181,20,201,344
06/25/2020,MWH,WA,ANM,WE,Combined TRACON& Tower with Radar,10,30,4,4,48,0,124,25,4,153,10,154,29,8,201,264,30,294,495
06/26/2020,MWH,WA,ANM,WE,Combined TRACON& Tower with Radar,20,12,4,14,50,20,83,18,30,151,40,95,22,44,201,246,62,308,509
06/27/2020,MWH,WA,ANM,WE,Combined TRACON& Tower with Radar,0,0,4,1,5,1,0,13,0,14,1,0,17,1,19,2,0,2,21
06/28/2020,MWH,WA,ANM,WE,Combined TRACON& Tower with Radar,0,0,0,0,0,0,0,5,0,5,0,0,5,0,5,10,0,10,15
06/29/2020,MWH,WA,ANM,WE,Combined TRACON& Tower with Radar,5,35,7,8,55,6,66,32,13,117,11,101,39,21,172,166,52,218,390
06/30/2020,MWH,WA,ANM,WE,Combined TRACON& Tower with Radar,9,29,6,8,52,11,67,25,15,118,20,96,31,23,170,222,38,260,430
07/01/2020,MWH,WA,ANM,WE,Combined TRACON& Tower with Radar,40,25,5,6,76,0,69,34,23,126,40,94,39,29,202,227,48,275,477
07/02/2020,MWH,WA,ANM,WE,Combined TRACON& Tower with Radar,0,38,9,4,51,0,74,12,19,105,0,112,21,23,156,186,72,258,414
07/03/2020,MWH,WA,ANM,WE,Combined TRACON& Tower with Radar,3,0,11,2,16,0,0,16,0,16,3,0,27,2,32,0,0,0,32
07/04/2020,MWH,WA,ANM,WE,Combined TRACON& Tower with Radar,0,1,12,0,13,0,0,13,0,13,0,1,25,0,26,17,0,17,43
07/05/2020,MWH,WA,ANM,WE,Combined TRACON& Tower with Radar,0,1,6,0,7,0,0,16,0,16,0,1,22,0,23,8,0,8,31
07/06/2020,MWH,WA,ANM,WE,Combined TRACON& Tower with Radar,7,21,10,1,39,16,102,16,0,134,23,123,26,1,173,217,0,217,390
07/07/2020,MWH,WA,ANM,WE,Combined TRACON& Tower with Radar,8,27,3,5,43,1,81,21,10,113,9,108,24,15,156,279,21,300,456
07/08/2020,MWH,WA,ANM,WE,Combined TRACON& Tower with Radar,13,34,9,11,67,9,121,25,25,180,22,155,34,36,247,230,93,323,570
07/09/2020,MWH,WA,ANM,WE,Combined TRACON& Tower with Radar,0,19,2,12,33,0,91,26,17,134,0,110,28,29,167,282,85,367,534
07/10/2020,MWH,WA,ANM,WE,Combined TRACON& Tower with Radar,4,29,7,3,43,4,62,26,11,103,8,91,33,14,146,146,34,180,326
07/11/2020,MWH,WA,ANM,WE,Combined TRACON& Tower with Radar,0,0,0,7,7,4,17,11,17,49,4,17,11,24,56,5,34,39,95
07/12/2020,MWH,WA,ANM,WE,Combined TRACON& Tower with Radar,0,0,3,0,3,0,0,17,2,19,0,0,20,2,22,6,0,6,28
07/13/2020,MWH,WA,ANM,WE,Combined TRACON& Tower with Radar,11,32,3,7,53,7,111,18,26,162,18,143,21,33,215,318,28,346,561
07/14/2020,MWH,WA,ANM,WE,Combined TRACON& Tower with Radar,18,21,1,1,41,3,70,20,20,113,21,91,21,21,154,184,24,208,362
07/15/2020,MWH,WA,ANM,WE,Combined TRACON& Tower with Radar,30,21,7,6,64,5,101,16,15,137,35,122,23,21,201,379,29,408,609
07/16/2020,MWH,WA,ANM,WE,Combined TRACON& Tower with Radar,12,21,9,10,52,20,75,30,20,145,32,96,39,30,197,319,18,337,534
07/17/2020,MWH,WA,ANM,WE,Combined TRACON& Tower with Radar,20,30,7,3,60,3,62,10,1,76,23,92,17,4,136,150,8,158,294
07/18/2020,MWH,WA,ANM,WE,Combined TRACON& Tower with Radar,0,0,4,1,5,0,0,19,1,20,0,0,23,2,25,8,20,28,53
07/19/2020,MWH,WA,ANM,WE,Combined TRACON& Tower with Radar,0,2,4,0,6,0,0,13,0,13,0,2,17,0,19,11,0,11,30
07/20/2020,MWH,WA,ANM,WE,Combined TRACON& Tower with Radar,13,38,1,2,54,1,51,23,0,75,14,89,24,2,129,35,4,39,168
07/21/2020,MWH,WA,ANM,WE,Combined TRACON& Tower with Radar,4,36,1,4,45,6,90,18,2,116,10,126,19,6,161,148,2,150,311
07/22/2020,MWH,WA,ANM,WE,Combined TRACON& Tower with Radar,2,23,2,3,30,0,81,19,20,120,2,104,21,23,150,180,19,199,349
07/23/2020,MWH,WA,ANM,WE,Combined TRACON& Tower with Radar,5,27,7,9,48,22,82,10,21,135,27,109,17,30,183,157,27,184,367
07/24/2020,MWH,WA,ANM,WE,Combined TRACON& Tower with Radar,4,31,7,8,50,70,64,38,18,190,74,95,45,26,240,220,14,234,474
07/25/2020,MWH,WA,ANM,WE,Combined TRACON& Tower with Radar,4,0,5,0,9,36,1,23,1,61,40,1,28,1,70,6,0,6,76
07/26/2020,MWH,WA,ANM,WE,Combined TRACON& Tower with Radar,2,2,2,0,6,12,2,7,1,22,14,4,9,1,28,13,0,13,41
07/27/2020,MWH,WA,ANM,WE,Combined TRACON& Tower with Radar,2,37,7,7,53,25,79,9,16,129,27,116,16,23,182,176,40,216,398
07/28/2020,MWH,WA,ANM,WE,Combined TRACON& Tower with Radar,3,61,6,4,74,7,67,28,12,114,10,128,34,16,188,267,34,301,489
07/29/2020,MWH,WA,ANM,WE,Combined TRACON& Tower with Radar,10,56,12,14,92,12,44,24,6,86,22,100,36,20,178,189,37,226,404
07/30/2020,MWH,WA,ANM,WE,Combined TRACON& Tower with Radar,20,48,1,0,69,6,22,28,2,58,26,70,29,2,127,87,0,87,214
07/31/2020,MWH,WA,ANM,WE,Combined TRACON& Tower with Radar,21,16,2,5,44,4,10,26,23,63,25,26,28,28,107,16,53,69,176
08/01/2020,MWH,WA,ANM,WE,Combined TRACON& Tower with Radar,9,0,3,0,12,24,3,16,5,48,33,3,19,5,60,0,0,0,60
08/02/2020,MWH,WA,ANM,WE,Combined TRACON& Tower with Radar,3,0,0,2,5,20,0,18,3,41,23,0,18,5,46,0,0,0,46
08/03/2020,MWH,WA,ANM,WE,Combined TRACON& Tower with Radar,32,0,5,9,46,11,2,26,14,53,43,2,31,23,99,14,22,36,135
08/04/2020,MWH,WA,ANM,WE,Combined TRACON& Tower with Radar,13,4,9,5,31,36,1,27,11,75,49,5,36,16,106,59,23,82,188
08/05/2020,MWH,WA,ANM,WE,Combined TRACON& Tower with Radar,22,1,2,16,41,38,11,29,18,96,60,12,31,34,137,20,85,105,242
08/06/2020,MWH,WA,ANM,WE,Combined TRACON& Tower with Radar,8,0,2,26,36,9,1,10,36,56,17,1,12,62,92,0,90,90,182
08/07/2020,MWH,WA,ANM,WE,Combined TRACON& Tower with Radar,2,6,5,18,31,0,10,16,0,26,2,16,21,18,57,12,30,42,99
08/08/2020,MWH,WA,ANM,WE,Combined TRACON& Tower with Radar,0,0,6,2,8,0,1,7,3,11,0,1,13,5,19,10,6,16,35
08/09/2020,MWH,WA,ANM,WE,Combined TRACON& Tower with Radar,8,0,2,0,10,12,21,26,4,63,20,21,28,4,73,30,0,30,103
08/10/2020,MWH,WA,ANM,WE,Combined TRACON& Tower with Radar,17,8,6,4,35,40,15,42,14,111,57,23,48,18,146,6,0,6,152
08/11/2020,MWH,WA,ANM,WE,Combined TRACON& Tower with Radar,19,5,7,15,46,4,13,29,35,81,23,18,36,50,127,28,70,98,225
08/12/2020,MWH,WA,ANM,WE,Combined TRACON& Tower with Radar,15,4,5,13,37,5,3,24,23,55,20,7,29,36,92,42,45,87,179
08/13/2020,MWH,WA,ANM,WE,Combined TRACON& Tower with Radar,18,6,7,19,50,2,13,18,11,44,20,19,25,30,94,38,78,116,210
08/14/2020,MWH,WA,ANM,WE,Combined TRACON& Tower with Radar,14,3,2,32,51,9,4,29,33,75,23,7,31,65,126,19,109,128,254
08/15/2020,MWH,WA,ANM,WE,Combined TRACON& Tower with Radar,9,5,4,2,20,5,0,15,5,25,14,5,19,7,45,10,10,20,65
08/16/2020,MWH,WA,ANM,WE,Combined TRACON& Tower with Radar,0,0,5,0,5,0,1,8,1,10,0,1,13,1,15,0,0,0,15
08/17/2020,MWH,WA,ANM,WE,Combined TRACON& Tower with Radar,1,2,7,24,34,11,10,34,18,73,12,12,41,42,107,0,88,88,195
08/18/2020,MWH,WA,ANM,WE,Combined TRACON& Tower with Radar,13,2,17,44,76,19,8,18,21,66,32,10,35,65,142,38,116,154,296
08/19/2020,MWH,WA,ANM,WE,Combined TRACON& Tower with Radar,14,1,14,16,45,15,8,30,29,82,29,9,44,45,127,16,52,68,195
08/20/2020,MWH,WA,ANM,WE,Combined TRACON& Tower with Radar,29,0,7,33,69,3,12,14,14,43,32,12,21,47,112,38,50,88,200
08/21/2020,MWH,WA,ANM,WE,Combined TRACON& Tower with Radar,20,2,0,14,36,24,2,21,8,55,44,4,21,22,91,22,38,60,151
08/22/2020,MWH,WA,ANM,WE,Combined TRACON& Tower with Radar,0,0,7,1,8,1,8,23,7,39,1,8,30,8,47,22,0,22,69
08/23/2020,MWH,WA,ANM,WE,Combined TRACON& Tower with Radar,4,0,15,4,23,0,1,28,0,29,4,1,43,4,52,14,14,28,80
08/24/2020,MWH,WA,ANM,WE,Combined TRACON& Tower with Radar,11,0,5,9,25,0,1,33,19,53,11,1,38,28,78,15,66,81,159
08/25/2020,MWH,WA,ANM,WE,Combined TRACON& Tower with Radar,6,2,8,35,51,33,1,31,30,95,39,3,39,65,146,27,36,63,209
08/26/2020,MWH,WA,ANM,WE,Combined TRACON& Tower with Radar,27,2,20,50,99,67,13,27,35,142,94,15,47,85,241,16,42,58,299
08/27/2020,MWH,WA,ANM,WE,Combined TRACON& Tower with Radar,9,0,9,11,29,13,6,47,53,119,22,6,56,64,148,56,54,110,258
08/28/2020,MWH,WA,ANM,WE,Combined TRACON& Tower with Radar,25,0,7,12,44,30,7,28,15,80,55,7,35,27,124,44,58,102,226
08/29/2020,MWH,WA,ANM,WE,Combined TRACON& Tower with Radar,9,1,9,0,19,30,3,19,2,54,39,4,28,2,73,0,0,0,73
08/30/2020,MWH,WA,ANM,WE,Combined TRACON& Tower with Radar,2,0,5,0,7,3,0,13,3,19,5,0,18,3,26,6,0,6,32
08/31/2020,MWH,WA,ANM,WE,Combined TRACON& Tower with Radar,0,6,1,18,25,30,3,6,21,60,30,9,7,39,85,16,76,92,177
09/01/2020,MWH,WA,ANM,WE,Combined TRACON& Tower with Radar,7,0,3,23,33,109,21,24,24,178,116,21,27,47,211,40,40,80,291
09/02/2020,MWH,WA,ANM,WE,Combined TRACON& Tower with Radar,15,0,1,30,46,104,6,22,45,177,119,6,23,75,223,4,92,96,319
09/03/2020,MWH,WA,ANM,WE,Combined TRACON& Tower with Radar,12,3,2,11,28,36,10,25,20,91,48,13,27,31,119,20,26,46,165
09/04/2020,MWH,WA,ANM,WE,Combined TRACON& Tower with Radar,12,2,8,0,22,34,9,31,0,74,46,11,39,0,96,21,0,21,117
09/05/2020,MWH,WA,ANM,WE,Combined TRACON& Tower with Radar,0,1,3,0,4,3,6,10,4,23,3,7,13,4,27,6,32,38,65
09/06/2020,MWH,WA,ANM,WE,Combined TRACON& Tower with Radar,0,0,8,0,8,0,1,15,1,17,0,1,23,1,25,3,0,3,28
09/07/2020,MWH,WA,ANM,WE,Combined TRACON& Tower with Radar,0,0,10,0,10,14,2,3,1,20,14,2,13,1,30,0,0,0,30
09/08/2020,MWH,WA,ANM,WE,Combined TRACON& Tower with Radar,9,1,9,19,38,40,5,14,10,69,49,6,23,29,107,0,13,13,120
09/09/2020,MWH,WA,ANM,WE,Combined TRACON& Tower with Radar,21,4,2,39,66,27,0,5,5,37,48,4,7,44,103,0,58,58,161
09/10/2020,MWH,WA,ANM,WE,Combined TRACON& Tower with Radar,29,1,12,25,67,45,12,16,14,87,74,13,28,39,154,7,24,31,185
09/11/2020,MWH,WA,ANM,WE,Combined TRACON& Tower with Radar,0,3,10,20,33,14,8,7,20,49,14,11,17,40,82,34,30,64,146
09/12/2020,MWH,WA,ANM,WE,Combined TRACON& Tower with Radar,0,1,5,0,6,0,0,0,0,0,0,1,5,0,6,0,0,0,6
09/13/2020,MWH,WA,ANM,WE,Combined TRACON& Tower with Radar,0,1,3,0,4,0,0,0,0,0,0,1,3,0,4,0,0,0,4
09/14/2020,MWH,WA,ANM,WE,Combined TRACON& Tower with Radar,11,1,2,23,37,0,0,0,0,0,11,1,2,23,37,0,0,0,37
09/15/2020,MWH,WA,ANM,WE,Combined TRACON& Tower with Radar,6,2,11,30,49,0,0,0,0,0,6,2,11,30,49,0,0,0,49
09/16/2020,MWH,WA,ANM,WE,Combined TRACON& Tower with Radar,0,5,13,7,25,0,0,0,0,0,0,5,13,7,25,0,0,0,25
09/17/2020,MWH,WA,ANM,WE,Combined TRACON& Tower with Radar,42,3,7,6,58,0,0,0,0,0,42,3,7,6,58,0,0,0,58
09/18/2020,MWH,WA,ANM,WE,Combined TRACON& Tower with Radar,7,1,16,9,33,1,0,1,0,2,8,1,17,9,35,0,0,0,35
09/19/2020,MWH,WA,ANM,WE,Combined TRACON& Tower with Radar,0,0,7,1,8,0,0,14,0,14,0,0,21,1,22,4,0,4,26
09/20/2020,MWH,WA,ANM,WE,Combined TRACON& Tower with Radar,4,0,13,3,20,0,1,21,0,22,4,1,34,3,42,38,0,38,80
09/21/2020,MWH,WA,ANM,WE,Combined TRACON& Tower with Radar,30,0,15,29,74,21,3,35,12,71,51,3,50,41,145,38,60,98,243
09/22/2020,MWH,WA,ANM,WE,Combined TRACON& Tower with Radar,23,8,7,24,62,3,87,51,21,162,26,95,58,45,224,210,24,234,458
09/23/2020,MWH,WA,ANM,WE,Combined TRACON& Tower with Radar,4,11,7,18,40,1,77,21,14,113,5,88,28,32,153,242,56,298,451
09/24/2020,MWH,WA,ANM,WE,Combined TRACON& Tower with Radar,17,0,10,32,59,2,0,7,21,30,19,0,17,53,89,9,121,130,219
09/25/2020,MWH,WA,ANM,WE,Combined TRACON& Tower with Radar,17,1,6,3,27,16,0,11,6,33,33,1,17,9,60,0,30,30,90
09/26/2020,MWH,WA,ANM,WE,Combined TRACON& Tower with Radar,6,0,10,5,21,16,1,35,3,55,22,1,45,8,76,14,8,22,98
09/27/2020,MWH,WA,ANM,WE,Combined TRACON& Tower with Radar,7,0,12,0,19,21,0,34,5,60,28,0,46,5,79,66,14,80,159
09/28/2020,MWH,WA,ANM,WE,Combined TRACON& Tower with Radar,19,10,5,7,41,21,120,17,12,170,40,130,22,19,211,328,8,336,547
09/29/2020,MWH,WA,ANM,WE,Combined TRACON& Tower with Radar,18,2,5,6,31,12,100,21,7,140,30,102,26,13,171,255,8,263,434
09/30/2020,MWH,WA,ANM,WE,Combined TRACON& Tower with Radar,8,10,5,11,34,15,116,29,3,163,23,126,34,14,197,305,20,325,522
10/01/2020,MWH,WA,ANM,WE,Combined TRACON& Tower with Radar,5,9,2,18,34,14,102,29,9,154,19,111,31,27,188,302,48,350,538
10/02/2020,MWH,WA,ANM,WE,Combined TRACON& Tower with Radar,17,8,7,21,53,4,31,23,3,61,21,39,30,24,114,68,52,120,234
10/03/2020,MWH,WA,ANM,WE,Combined TRACON& Tower with Radar,3,0,3,0,6,7,0,15,0,22,10,0,18,0,28,6,0,6,34
10/04/2020,MWH,WA,ANM,WE,Combined TRACON& Tower with Radar,5,0,3,0,8,13,0,14,0,27,18,0,17,0,35,18,0,18,53
10/05/2020,MWH,WA,ANM,WE,Combined TRACON& Tower with Radar,8,13,8,50,79,4,116,9,29,158,12,129,17,79,237,306,80,386,623
10/06/2020,MWH,WA,ANM,WE,Combined TRACON& Tower with Radar,4,11,7,35,57,12,122,16,8,158,16,133,23,43,215,310,4,314,529
10/07/2020,MWH,WA,ANM,WE,Combined TRACON& Tower with Radar,6,28,8,30,72,1,107,26,12,146,7,135,34,42,218,234,29,263,481
10/08/2020,MWH,WA,ANM,WE,Combined TRACON& Tower with Radar,6,19,3,19,47,5,79,16,23,123,11,98,19,42,170,386,79,465,635
10/09/2020,MWH,WA,ANM,WE,Combined TRACON& Tower with Radar,22,0,2,11,35,42,3,18,0,63,64,3,20,11,98,34,30,64,162
10/10/2020,MWH,WA,ANM,WE,Combined TRACON& Tower with Radar,2,0,4,2,8,0,3,5,2,10,2,3,9,4,18,0,8,8,26
10/11/2020,MWH,WA,ANM,WE,Combined TRACON& Tower with Radar,4,1,6,0,11,26,0,12,0,38,30,1,18,0,49,4,0,4,53
10/12/2020,MWH,WA,ANM,WE,Combined TRACON& Tower with Radar,14,30,2,0,46,1,81,15,0,97,15,111,17,0,143,339,0,339,482
10/13/2020,MWH,WA,ANM,WE,Combined TRACON& Tower with Radar,7,1,5,6,19,6,56,4,0,66,13,57,9,6,85,248,16,264,349
10/14/2020,MWH,WA,ANM,WE,Combined TRACON& Tower with Radar,30,38,12,10,90,14,85,15,17,131,44,123,27,27,221,316,36,352,573
10/15/2020,MWH,WA,ANM,WE,Combined TRACON& Tower with Radar,11,14,10,14,49,12,91,30,20,153,23,105,40,34,202,251,33,284,486
10/16/2020,MWH,WA,ANM,WE,Combined TRACON& Tower with Radar,11,0,1,4,16,19,3,14,1,37,30,3,15,5,53,9,6,15,68
10/17/2020,MWH,WA,ANM,WE,Combined TRACON& Tower with Radar,7,0,4,0,11,7,0,23,0,30,14,0,27,0,41,8,0,8,49
10/18/2020,MWH,WA,ANM,WE,Combined TRACON& Tower with Radar,0,0,6,3,9,0,0,12,0,12,0,0,18,3,21,26,0,26,47
10/19/2020,MWH,WA,ANM,WE,Combined TRACON& Tower with Radar,29,36,8,13,86,45,60,7,15,127,74,96,15,28,213,211,69,280,493
10/20/2020,MWH,WA,ANM,WE,Combined TRACON& Tower with Radar,6,35,15,34,90,35,123,17,9,184,41,158,32,43,274,349,56,405,679
10/21/2020,MWH,WA,ANM,WE,Combined TRACON& Tower with Radar,2,40,5,10,57,0,77,13,9,99,2,117,18,19,156,248,26,274,430
10/22/2020,MWH,WA,ANM,WE,Combined TRACON& Tower with Radar,18,22,5,13,58,26,90,45,13,174,44,112,50,26,232,240,62,302,534
10/23/2020,MWH,WA,ANM,WE,Combined TRACON& Tower with Radar,24,0,4,2,30,42,0,0,8,50,66,0,4,10,80,6,14,20,100
10/24/2020,MWH,WA,ANM,WE,Combined TRACON& Tower with Radar,0,0,5,0,5,0,0,26,0,26,0,0,31,0,31,6,0,6,37
10/25/2020,MWH,WA,ANM,WE,Combined TRACON& Tower with Radar,1,0,7,0,8,1,0,21,0,22,2,0,28,0,30,46,0,46,76
10/26/2020,MWH,WA,ANM,WE,Combined TRACON& Tower with Radar,9,32,3,8,52,35,81,21,14,151,44,113,24,22,203,423,15,438,641
10/27/2020,MWH,WA,ANM,WE,Combined TRACON& Tower with Radar,2,26,7,19,54,8,104,23,12,147,10,130,30,31,201,237,40,277,478
10/28/2020,MWH,WA,ANM,WE,Combined TRACON& Tower with Radar,5,19,8,9,41,63,70,32,6,171,68,89,40,15,212,443,26,469,681
10/29/2020,MWH,WA,ANM,WE,Combined TRACON& Tower with Radar,4,17,11,12,44,28,111,12,13,164,32,128,23,25,208,242,17,259,467
10/30/2020,MWH,WA,ANM,WE,Combined TRACON& Tower with Radar,12,2,7,7,28,6,3,6,2,17,18,5,13,9,45,16,0,16,61
10/31/2020,MWH,WA,ANM,WE,Combined TRACON& Tower with Radar,0,0,13,0,13,0,0,23,0,23,0,0,36,0,36,24,0,24,60
11/01/2020,MWH,WA,ANM,WE,Combined TRACON& Tower with Radar,2,0,9,0,11,2,0,14,4,20,4,0,23,4,31,35,0,35,66
11/02/2020,MWH,WA,ANM,WE,Combined TRACON& Tower with Radar,10,6,4,13,33,14,83,29,16,142,24,89,33,29,175,426,54,480,655
11/03/2020,MWH,WA,ANM,WE,Combined TRACON& Tower with Radar,3,19,9,6,37,45,59,17,16,137,48,78,26,22,174,386,14,400,574
11/04/2020,MWH,WA,ANM,WE,Combined TRACON& Tower with Radar,4,6,15,9,34,0,50,13,14,77,4,56,28,23,111,462,46,508,619
11/05/2020,MWH,WA,ANM,WE,Combined TRACON& Tower with Radar,13,1,3,15,32,10,63,8,6,87,23,64,11,21,119,266,16,282,401
11/06/2020,MWH,WA,ANM,WE,Combined TRACON& Tower with Radar,31,0,2,22,55,2,0,14,6,22,33,0,16,28,77,0,0,0,77
11/07/2020,MWH,WA,ANM,WE,Combined TRACON& Tower with Radar,0,2,4,0,6,0,1,13,0,14,0,3,17,0,20,18,0,18,38
11/08/2020,MWH,WA,ANM,WE,Combined TRACON& Tower with Radar,0,0,4,12,16,0,0,4,0,4,0,0,8,12,20,12,0,12,32
11/09/2020,MWH,WA,ANM,WE,Combined TRACON& Tower with Radar,9,6,6,15,36,1,78,16,23,118,10,84,22,38,154,409,92,501,655
11/10/2020,MWH,WA,ANM,WE,Combined TRACON& Tower with Radar,0,27,7,16,50,0,58,7,37,102,0,85,14,53,152,420,107,527,679
11/11/2020,MWH,WA,ANM,WE,Combined TRACON& Tower with Radar,4,0,11,0,15,12,0,20,0,32,16,0,31,0,47,2,0,2,49
11/12/2020,MWH,WA,ANM,WE,Combined TRACON& Tower with Radar,6,6,4,12,28,0,8,3,5,16,6,14,7,17,44,34,30,64,108
11/13/2020,MWH,WA,ANM,WE,Combined TRACON& Tower with Radar,5,1,4,0,10,28,12,3,0,43,33,13,7,0,53,0,0,0,53
11/14/2020,MWH,WA,ANM,WE,Combined TRACON& Tower with Radar,2,0,4,0,6,0,0,16,0,16,2,0,20,0,22,12,0,12,34
11/15/2020,MWH,WA,ANM,WE,Combined TRACON& Tower with Radar,0,0,8,0,8,0,0,3,0,3,0,0,11,0,11,0,0,0,11
11/16/2020,MWH,WA,ANM,WE,Combined TRACON& Tower with Radar,15,5,4,3,27,0,22,0,3,25,15,27,4,6,52,212,0,212,264
11/17/2020,MWH,WA,ANM,WE,Combined TRACON& Tower with Radar,15,3,12,24,54,3,50,9,18,80,18,53,21,42,134,319,67,386,520
11/18/2020,MWH,WA,ANM,WE,Combined TRACON& Tower with Radar,25,13,4,12,54,1,89,13,12,115,26,102,17,24,169,520,8,528,697
11/19/2020,MWH,WA,ANM,WE,Combined TRACON& Tower with Radar,22,21,15,8,66,9,78,13,18,118,31,99,28,26,184,297,28,325,509
11/20/2020,MWH,WA,ANM,WE,Combined TRACON& Tower with Radar,0,0,17,5,22,0,17,37,1,55,0,17,54,6,77,24,2,26,103
11/21/2020,MWH,WA,ANM,WE,Combined TRACON& Tower with Radar,0,1,6,0,7,0,1,16,0,17,0,2,22,0,24,50,0,50,74
11/22/2020,MWH,WA,ANM,WE,Combined TRACON& Tower with Radar,4,1,3,0,8,0,0,10,0,10,4,1,13,0,18,14,0,14,32
11/23/2020,MWH,WA,ANM,WE,Combined TRACON& Tower with Radar,7,0,5,21,33,0,0,0,0,0,7,0,5,21,33,2,0,2,35
11/24/2020,MWH,WA,ANM,WE,Combined TRACON& Tower with Radar,2,11,1,29,43,0,0,0,2,2,2,11,1,31,45,0,4,4,49
11/25/2020,MWH,WA,ANM,WE,Combined TRACON& Tower with Radar,4,1,8,14,27,0,1,23,0,24,4,2,31,14,51,0,0,0,51
11/26/2020,MWH,WA,ANM,WE,Combined TRACON& Tower with Radar,4,2,4,0,10,0,0,2,0,2,4,2,6,0,12,0,0,0,12
11/27/2020,MWH,WA,ANM,WE,Combined TRACON& Tower with Radar,0,3,9,0,12,0,0,1,0,1,0,3,10,0,13,0,0,0,13
11/28/2020,MWH,WA,ANM,WE,Combined TRACON& Tower with Radar,0,0,0,0,0,0,0,1,0,1,0,0,1,0,1,0,0,0,1
11/29/2020,MWH,WA,ANM,WE,Combined TRACON& Tower with Radar,0,0,10,0,10,0,5,11,0,16,0,5,21,0,26,4,0,4,30
11/30/2020,MWH,WA,ANM,WE,Combined TRACON& Tower with Radar,10,7,2,10,29,0,16,2,8,26,10,23,4,18,55,86,24,110,165
12/01/2020,MWH,WA,ANM,WE,Combined TRACON& Tower with Radar,15,44,15,37,111,1,91,41,19,152,16,135,56,56,263,409,60,469,732
12/02/2020,MWH,WA,ANM,WE,Combined TRACON& Tower with Radar,24,26,8,30,88,6,86,15,23,130,30,112,23,53,218,451,40,491,709
12/03/2020,MWH,WA,ANM,WE,Combined TRACON& Tower with Radar,14,20,9,5,48,0,67,35,20,122,14,87,44,25,170,400,25,425,595
12/04/2020,MWH,WA,ANM,WE,Combined TRACON& Tower with Radar,8,0,5,11,24,0,0,9,2,11,8,0,14,13,35,12,2,14,49
12/05/2020,MWH,WA,ANM,WE,Combined TRACON& Tower with Radar,14,0,4,0,18,0,0,7,0,7,14,0,11,0,25,12,0,12,37
12/06/2020,MWH,WA,ANM,WE,Combined TRACON& Tower with Radar,4,0,5,0,9,0,0,0,0,0,4,0,5,0,9,0,0,0,9
12/07/2020,MWH,WA,ANM,WE,Combined TRACON& Tower with Radar,10,2,3,22,37,0,0,0,0,0,10,2,3,22,37,0,0,0,37
12/08/2020,MWH,WA,ANM,WE,Combined TRACON& Tower with Radar,7,1,4,6,18,0,0,0,0,0,7,1,4,6,18,0,0,0,18
12/09/2020,MWH,WA,ANM,WE,Combined TRACON& Tower with Radar,4,0,2,2,8,0,0,0,0,0,4,0,2,2,8,0,0,0,8
12/10/2020,MWH,WA,ANM,WE,Combined TRACON& Tower with Radar,5,0,5,34,44,0,0,0,28,28,5,0,5,62,72,0,16,16,88
12/11/2020,MWH,WA,ANM,WE,Combined TRACON& Tower with Radar,12,0,4,6,22,0,0,0,0,0,12,0,4,6,22,0,0,0,22
12/12/2020,MWH,WA,ANM,WE,Combined TRACON& Tower with Radar,14,11,6,0,31,0,4,18,0,22,14,15,24,0,53,62,0,62,115
12/13/2020,MWH,WA,ANM,WE,Combined TRACON& Tower with Radar,6,2,1,0,9,0,0,0,0,0,6,2,1,0,9,0,0,0,9
12/14/2020,MWH,WA,ANM,WE,Combined TRACON& Tower with Radar,2,2,2,8,14,0,0,0,0,0,2,2,2,8,14,0,0,0,14
12/15/2020,MWH,WA,ANM,WE,Combined TRACON& Tower with Radar,2,1,4,8,15,0,0,2,7,9,2,1,6,15,24,12,0,12,36
12/16/2020,MWH,WA,ANM,WE,Combined TRACON& Tower with Radar,19,3,5,43,70,1,0,3,5,9,20,3,8,48,79,2,41,43,122
12/17/2020,MWH,WA,ANM,WE,Combined TRACON& Tower with Radar,18,0,4,13,35,0,0,23,23,46,18,0,27,36,81,0,70,70,151
12/18/2020,MWH,WA,ANM,WE,Combined TRACON& Tower with Radar,10,0,2,6,18,0,0,4,0,4,10,0,6,6,22,0,6,6,28
12/19/2020,MWH,WA,ANM,WE,Combined TRACON& Tower with Radar,11,2,3,0,16,0,0,15,0,15,11,2,18,0,31,42,0,42,73
12/20/2020,MWH,WA,ANM,WE,Combined TRACON& Tower with Radar,21,0,4,0,25,0,0,18,0,18,21,0,22,0,43,4,0,4,47
12/21/2020,MWH,WA,ANM,WE,Combined TRACON& Tower with Radar,6,0,3,0,9,0,0,2,0,2,6,0,5,0,11,0,0,0,11
12/22/2020,MWH,WA,ANM,WE,Combined TRACON& Tower with Radar,15,4,12,10,41,6,0,28,28,62,21,4,40,38,103,8,25,33,136
12/23/2020,MWH,WA,ANM,WE,Combined TRACON& Tower with Radar,24,0,33,6,63,13,0,46,1,60,37,0,79,7,123,0,0,0,123
12/24/2020,MWH,WA,ANM,WE,Combined TRACON& Tower with Radar,2,1,9,0,12,1,0,17,0,18,3,1,26,0,30,8,0,8,38
12/25/2020,MWH,WA,ANM,WE,Combined TRACON& Tower with Radar,0,0,2,0,2,0,0,0,0,0,0,0,2,0,2,0,0,0,2
12/26/2020,MWH,WA,ANM,WE,Combined TRACON& Tower with Radar,0,5,1,0,6,0,0,0,0,0,0,5,1,0,6,0,0,0,6
12/27/2020,MWH,WA,ANM,WE,Combined TRACON& Tower with Radar,12,0,3,0,15,0,0,2,1,3,12,0,5,1,18,0,0,0,18
12/28/2020,MWH,WA,ANM,WE,Combined TRACON& Tower with Radar,6,2,2,0,10,0,0,3,0,3,6,2,5,0,13,0,0,0,13
12/29/2020,MWH,WA,ANM,WE,Combined TRACON& Tower with Radar,2,1,2,15,20,0,0,26,14,40,2,1,28,29,60,10,72,82,142
12/30/2020,MWH,WA,ANM,WE,Combined TRACON& Tower with Radar,0,0,4,0,4,0,0,0,0,0,0,0,4,0,4,0,0,0,4
12/31/2020,MWH,WA,ANM,WE,Combined TRACON& Tower with Radar,4,4,9,0,17,0,0,1,0,1,4,4,10,0,18,0,0,0,18
01/01/2021,MWH,WA,ANM,WE,Combined TRACON& Tower with Radar,0,1,3,0,4,0,0,0,0,0,0,1,3,0,4,0,0,0,4
01/02/2021,MWH,WA,ANM,WE,Combined TRACON& Tower with Radar,0,0,5,0,5,0,0,1,0,1,0,0,6,0,6,0,0,0,6
01/03/2021,MWH,WA,ANM,WE,Combined TRACON& Tower with Radar,0,0,2,0,2,0,0,13,0,13,0,0,15,0,15,14,0,14,29
01/04/2021,MWH,WA,ANM,WE,Combined TRACON& Tower with Radar,10,6,7,0,23,0,33,0,0,33,10,39,7,0,56,106,0,106,162
01/05/2021,MWH,WA,ANM,WE,Combined TRACON& Tower with Radar,17,17,8,17,59,3,102,6,26,137,20,119,14,43,196,374,52,426,622
01/06/2021,MWH,WA,ANM,WE,Combined TRACON& Tower with Radar,13,12,10,18,53,0,73,3,3,79,13,85,13,21,132,408,16,424,556
01/07/2021,MWH,WA,ANM,WE,Combined TRACON& Tower with Radar,21,21,7,12,61,0,44,0,0,44,21,65,7,12,105,382,2,384,489
01/08/2021,MWH,WA,ANM,WE,Combined TRACON& Tower with Radar,30,1,2,5,38,1,0,5,13,19,31,1,7,18,57,12,40,52,109
01/09/2021,MWH,WA,ANM,WE,Combined TRACON& Tower with Radar,8,1,0,8,17,0,0,4,0,4,8,1,4,8,21,22,0,22,43
01/10/2021,MWH,WA,ANM,WE,Combined TRACON& Tower with Radar,0,0,10,0,10,0,0,10,0,10,0,0,20,0,20,6,0,6,26
01/11/2021,MWH,WA,ANM,WE,Combined TRACON& Tower with Radar,8,2,11,8,29,0,0,0,0,0,8,2,11,8,29,0,0,0,29
01/12/2021,MWH,WA,ANM,WE,Combined TRACON& Tower with Radar,9,2,4,18,33,0,53,0,37,90,9,55,4,55,123,280,14,294,417
01/13/2021,MWH,WA,ANM,WE,Combined TRACON& Tower with Radar,0,0,3,12,15,0,6,5,0,11,0,6,8,12,26,76,11,87,113
01/14/2021,MWH,WA,ANM,WE,Combined TRACON& Tower with Radar,4,8,0,4,16,0,105,26,20,151,4,113,26,24,167,321,44,365,532
01/15/2021,MWH,WA,ANM,WE,Combined TRACON& Tower with Radar,0,1,6,1,8,0,0,11,0,11,0,1,17,1,19,3,0,3,22
01/16/2021,MWH,WA,ANM,WE,Combined TRACON& Tower with Radar,4,1,10,0,15,0,0,7,0,7,4,1,17,0,22,32,0,32,54
01/17/2021,MWH,WA,ANM,WE,Combined TRACON& Tower with Radar,4,1,10,0,15,0,0,4,0,4,4,1,14,0,19,22,0,22,41
01/18/2021,MWH,WA,ANM,WE,Combined TRACON& Tower with Radar,10,0,16,0,26,1,1,52,0,54,11,1,68,0,80,22,0,22,102
01/19/2021,MWH,WA,ANM,WE,Combined TRACON& Tower with Radar,24,8,11,22,65,8,84,35,10,137,32,92,46,32,202,366,39,405,607
01/20/2021,MWH,WA,ANM,WE,Combined TRACON& Tower with Radar,23,18,3,15,59,0,87,17,43,147,23,105,20,58,206,495,60,555,761
01/21/2021,MWH,WA,ANM,WE,Combined TRACON& Tower with Radar,21,15,2,25,63,0,82,18,19,119,21,97,20,44,182,418,84,502,684
01/22/2021,MWH,WA,ANM,WE,Combined TRACON& Tower with Radar,22,0,8,8,38,6,2,20,19,47,28,2,28,27,85,32,87,119,204
01/23/2021,MWH,WA,ANM,WE,Combined TRACON& Tower with Radar,18,2,10,0,30,2,0,33,0,35,20,2,43,0,65,72,0,72,137
01/24/2021,MWH,WA,ANM,WE,Combined TRACON& Tower with Radar,0,2,0,0,2,0,1,4,0,5,0,3,4,0,7,3,0,3,10
01/25/2021,MWH,WA,ANM,WE,Combined TRACON& Tower with Radar,10,4,2,8,24,0,31,0,2,33,10,35,2,10,57,226,7,233,290
01/26/2021,MWH,WA,ANM,WE,Combined TRACON& Tower with Radar,6,2,6,7,21,2,97,6,18,123,8,99,12,25,144,425,30,455,599
01/27/2021,MWH,WA,ANM,WE,Combined TRACON& Tower with Radar,10,0,2,9,21,0,0,4,0,4,10,0,6,9,25,0,10,10,35
01/28/2021,MWH,WA,ANM,WE,Combined TRACON& Tower with Radar,26,15,9,5,55,0,90,3,3,96,26,105,12,8,151,547,36,583,734
01/29/2021,MWH,WA,ANM,WE,Combined TRACON& Tower with Radar,16,0,14,12,42,0,0,3,4,7,16,0,17,16,49,8,51,59,108
01/30/2021,MWH,WA,ANM,WE,Combined TRACON& Tower with Radar,4,0,11,0,15,0,0,6,0,6,4,0,17,0,21,12,1,13,34
01/31/2021,MWH,WA,ANM,WE,Combined TRACON& Tower with Radar,16,0,3,0,19,2,0,16,0,18,18,0,19,0,37,38,0,38,75
02/01/2021,MWH,WA,ANM,WE,Combined TRACON& Tower with Radar,12,6,8,28,54,0,98,7,13,118,12,104,15,41,172,432,65,497,669
02/02/2021,MWH,WA,ANM,WE,Combined TRACON& Tower with Radar,8,17,4,27,56,12,77,7,27,123,20,94,11,54,179,212,85,297,476
02/03/2021,MWH,WA,ANM,WE,Combined TRACON& Tower with Radar,15,8,18,13,54,0,83,16,3,102,15,91,34,16,156,272,0,272,428
02/04/2021,MWH,WA,ANM,WE,Combined TRACON& Tower with Radar,13,11,1,9,34,3,115,17,12,147,16,126,18,21,181,323,58,381,562
02/05/2021,MWH,WA,ANM,WE,Combined TRACON& Tower with Radar,19,0,8,10,37,7,0,11,8,26,26,0,19,18,63,10,10,20,83
02/06/2021,MWH,WA,ANM,WE,Combined TRACON& Tower with Radar,0,0,0,0,0,0,1,3,0,4,0,1,3,0,4,0,0,0,4
02/07/2021,MWH,WA,ANM,WE,Combined TRACON& Tower with Radar,0,0,5,0,5,0,2,12,0,14,0,2,17,0,19,2,0,2,21
02/08/2021,MWH,WA,ANM,WE,Combined TRACON& Tower with Radar,8,17,15,13,53,20,107,16,3,146,28,124,31,16,199,214,20,234,433
02/09/2021,MWH,WA,ANM,WE,Combined TRACON& Tower with Radar,25,13,1,41,80,13,86,23,19,141,38,99,24,60,221,242,66,308,529
02/10/2021,MWH,WA,ANM,WE,Combined TRACON& Tower with Radar,19,9,10,13,51,0,77,29,8,114,19,86,39,21,165,261,44,305,470
02/11/2021,MWH,WA,ANM,WE,Combined TRACON& Tower with Radar,20,4,3,7,34,0,59,5,14,78,20,63,8,21,112,176,30,206,318
02/12/2021,MWH,WA,ANM,WE,Combined TRACON& Tower with Radar,7,1,2,15,25,4,0,3,2,9,11,1,5,17,34,0,12,12,46
02/13/2021,MWH,WA,ANM,WE,Combined TRACON& Tower with Radar,0,0,4,0,4,0,0,0,0,0,0,0,4,0,4,0,0,0,4
02/14/2021,MWH,WA,ANM,WE,Combined TRACON& Tower with Radar,0,0,2,0,2,0,0,4,0,4,0,0,6,0,6,34,0,34,40
02/15/2021,MWH,WA,ANM,WE,Combined TRACON& Tower with Radar,5,0,3,0,8,0,0,1,0,1,5,0,4,0,9,0,0,0,9
02/16/2021,MWH,WA,ANM,WE,Combined TRACON& Tower with Radar,31,3,1,10,45,0,0,4,0,4,31,3,5,10,49,0,0,0,49
02/17/2021,MWH,WA,ANM,WE,Combined TRACON& Tower with Radar,15,0,6,31,52,0,30,14,18,62,15,30,20,49,114,216,44,260,374
02/18/2021,MWH,WA,ANM,WE,Combined TRACON& Tower with Radar,0,27,4,9,40,0,71,1,7,79,0,98,5,16,119,306,54,360,479
02/19/2021,MWH,WA,ANM,WE,Combined TRACON& Tower with Radar,6,0,8,0,14,0,0,0,0,0,6,0,8,0,14,0,0,0,14
02/20/2021,MWH,WA,ANM,WE,Combined TRACON& Tower with Radar,16,2,7,4,29,0,0,5,0,5,16,2,12,4,34,16,0,16,50
02/21/2021,MWH,WA,ANM,WE,Combined TRACON& Tower with Radar,4,0,6,0,10,0,0,1,0,1,4,0,7,0,11,6,0,6,17
02/22/2021,MWH,WA,ANM,WE,Combined TRACON& Tower with Radar,0,9,0,26,35,1,66,4,35,106,1,75,4,61,141,291,83,374,515
02/23/2021,MWH,WA,ANM,WE,Combined TRACON& Tower with Radar,0,10,3,15,28,0,83,12,31,126,0,93,15,46,154,257,42,299,453
02/24/2021,MWH,WA,ANM,WE,Combined TRACON& Tower with Radar,20,16,16,7,59,7,93,37,21,158,27,109,53,28,217,238,39,277,494
02/25/2021,MWH,WA,ANM,WE,Combined TRACON& Tower with Radar,0,0,5,4,9,0,23,6,15,44,0,23,11,19,53,68,4,72,125
02/26/2021,MWH,WA,ANM,WE,Combined TRACON& Tower with Radar,12,0,5,6,23,0,0,9,10,19,12,0,14,16,42,4,36,40,82
02/27/2021,MWH,WA,ANM,WE,Combined TRACON& Tower with Radar,4,0,6,0,10,0,0,27,0,27,4,0,33,0,37,64,0,64,101
02/28/2021,MWH,WA,ANM,WE,Combined TRACON& Tower with Radar,0,0,7,0,7,0,0,38,0,38,0,0,45,0,45,60,0,60,105
03/01/2021,MWH,WA,ANM,WE,Combined TRACON& Tower with Radar,8,2,10,2,22,0,108,20,2,130,8,110,30,4,152,315,16,331,483
03/02/2021,MWH,WA,ANM,WE,Combined TRACON& Tower with Radar,1,14,3,8,26,0,108,10,17,135,1,122,13,25,161,238,16,254,415
03/03/2021,MWH,WA,ANM,WE,Combined TRACON& Tower with Radar,15,14,14,8,51,0,87,25,7,119,15,101,39,15,170,333,21,354,524
03/04/2021,MWH,WA,ANM,WE,Combined TRACON& Tower with Radar,4,13,8,13,38,0,101,20,34,155,4,114,28,47,193,306,56,362,555
03/05/2021,MWH,WA,ANM,WE,Combined TRACON& Tower with Radar,19,2,4,7,32,1,2,12,7,22,20,4,16,14,54,47,14,61,115
03/06/2021,MWH,WA,ANM,WE,Combined TRACON& Tower with Radar,15,0,2,2,19,0,0,9,9,18,15,0,11,11,37,0,8,8,45
03/07/2021,MWH,WA,ANM,WE,Combined TRACON& Tower with Radar,3,1,2,0,6,0,0,11,0,11,3,1,13,0,17,12,0,12,29
03/08/2021,MWH,WA,ANM,WE,Combined TRACON& Tower with Radar,3,20,11,3,37,0,99,28,25,152,3,119,39,28,189,336,45,381,570
03/09/2021,MWH,WA,ANM,WE,Combined TRACON& Tower with Radar,4,12,17,13,46,0,114,11,26,151,4,126,28,39,197,322,46,368,565
03/10/2021,MWH,WA,ANM,WE,Combined TRACON& Tower with Radar,9,30,3,15,57,0,82,25,52,159,9,112,28,67,216,257,103,360,576
03/11/2021,MWH,WA,ANM,WE,Combined TRACON& Tower with Radar,14,16,2,7,39,0,91,31,9,131,14,107,33,16,170,230,17,247,417
03/12/2021,MWH,WA,ANM,WE,Combined TRACON& Tower with Radar,10,14,5,3,32,3,2,23,4,32,13,16,28,7,64,58,14,72,136
03/13/2021,MWH,WA,ANM,WE,Combined TRACON& Tower with Radar,0,0,9,0,9,0,0,35,0,35,0,0,44,0,44,60,0,60,104
03/14/2021,MWH,WA,ANM,WE,Combined TRACON& Tower with Radar,4,0,3,0,7,0,0,12,0,12,4,0,15,0,19,22,0,22,41
03/15/2021,MWH,WA,ANM,WE,Combined TRACON& Tower with Radar,0,12,5,12,29,0,83,16,26,125,0,95,21,38,154,291,71,362,516
03/16/2021,MWH,WA,ANM,WE,Combined TRACON& Tower with Radar,8,24,10,23,65,1,100,20,36,157,9,124,30,59,222,318,80,398,620
03/17/2021,MWH,WA,ANM,WE,Combined TRACON& Tower with Radar,2,26,3,5,36,0,105,12,9,126,2,131,15,14,162,335,14,349,511
03/18/2021,MWH,WA,ANM,WE,Combined TRACON& Tower with Radar,16,0,7,38,61,14,1,8,20,43,30,1,15,58,104,18,82,100,204
03/19/2021,MWH,WA,ANM,WE,Combined TRACON& Tower with Radar,18,2,8,6,34,1,0,24,4,29,19,2,32,10,63,10,44,54,117
03/20/2021,MWH,WA,ANM,WE,Combined TRACON& Tower with Radar,7,2,4,0,13,6,0,14,0,20,13,2,18,0,33,0,0,0,33
03/21/2021,MWH,WA,ANM,WE,Combined TRACON& Tower with Radar,6,0,1,0,7,0,1,9,0,10,6,1,10,0,17,0,0,0,17
03/22/2021,MWH,WA,ANM,WE,Combined TRACON& Tower with Radar,23,13,4,50,90,8,38,3,20,69,31,51,7,70,159,89,37,126,285
03/23/2021,MWH,WA,ANM,WE,Combined TRACON& Tower with Radar,32,21,2,8,63,4,50,9,35,98,36,71,11,43,161,156,56,212,373
03/24/2021,MWH,WA,ANM,WE,Combined TRACON& Tower with Radar,2,7,6,22,37,0,7,6,16,29,2,14,12,38,66,42,49,91,157
03/25/2021,MWH,WA,ANM,WE,Combined TRACON& Tower with Radar,20,0,2,12,34,0,3,17,14,34,20,3,19,26,68,33,112,145,213
03/26/2021,MWH,WA,ANM,WE,Combined TRACON& Tower with Radar,12,3,3,4,22,0,4,23,12,39,12,7,26,16,61,12,40,52,113
03/27/2021,MWH,WA,ANM,WE,Combined TRACON& Tower with Radar,8,0,4,2,14,0,0,23,1,24,8,0,27,3,38,2,4,6,44
03/28/2021,MWH,WA,ANM,WE,Combined TRACON& Tower with Radar,0,2,2,2,6,0,0,2,3,5,0,2,4,5,11,0,6,6,17
03/29/2021,MWH,WA,ANM,WE,Combined TRACON& Tower with Radar,1,0,9,17,27,13,0,3,43,59,14,0,12,60,86,4,98,102,188
03/30/2021,MWH,WA,ANM,WE,Combined TRACON& Tower with Radar,1,2,3,41,47,0,0,10,16,26,1,2,13,57,73,0,71,71,144
03/31/2021,MWH,WA,ANM,WE,Combined TRACON& Tower with Radar,10,0,8,3,21,3,0,17,6,26,13,0,25,9,47,20,15,35,82
04/01/2021,MWH,WA,ANM,WE,Combined TRACON& Tower with Radar,15,2,10,25,52,39,2,48,21,110,54,4,58,46,162,8,88,96,258
04/02/2021,MWH,WA,ANM,WE,Combined TRACON& Tower with Radar,13,1,8,9,31,18,2,11,11,42,31,3,19,20,73,10,34,44,117
04/03/2021,MWH,WA,ANM,WE,Combined TRACON& Tower with Radar,4,1,4,2,11,0,0,14,0,14,4,1,18,2,25,22,0,22,47
04/04/2021,MWH,WA,ANM,WE,Combined TRACON& Tower with Radar,4,0,3,0,7,1,1,3,0,5,5,1,6,0,12,0,0,0,12
04/05/2021,MWH,WA,ANM,WE,Combined TRACON& Tower with Radar,14,8,6,1,29,18,81,15,0,114,32,89,21,1,143,252,0,252,395
04/06/2021,MWH,WA,ANM,WE,Combined TRACON& Tower with Radar,15,18,7,5,45,0,94,20,4,118,15,112,27,9,163,376,13,389,552
04/07/2021,MWH,WA,ANM,WE,Combined TRACON& Tower with Radar,15,15,4,11,45,14,79,13,18,124,29,94,17,29,169,245,55,300,469
04/08/2021,MWH,WA,ANM,WE,Combined TRACON& Tower with Radar,7,7,2,24,40,6,30,2,17,55,13,37,4,41,95,31,54,85,180
04/09/2021,MWH,WA,ANM,WE,Combined TRACON& Tower with Radar,10,0,6,5,21,0,2,16,16,34,10,2,22,21,55,0,16,16,71
04/10/2021,MWH,WA,ANM,WE,Combined TRACON& Tower with Radar,6,0,2,0,8,2,0,5,0,7,8,0,7,0,15,0,0,0,15
04/11/2021,MWH,WA,ANM,WE,Combined TRACON& Tower with Radar,1,0,6,1,8,1,1,21,1,24,2,1,27,2,32,106,0,106,138
04/12/2021,MWH,WA,ANM,WE,Combined TRACON& Tower with Radar,0,28,5,5,38,0,100,6,22,128,0,128,11,27,166,282,74,356,522
04/13/2021,MWH,WA,ANM,WE,Combined TRACON& Tower with Radar,19,1,3,3,26,2,5,7,10,24,21,6,10,13,50,4,10,14,64
04/14/2021,MWH,WA,ANM,WE,Combined TRACON& Tower with Radar,11,19,0,14,44,5,48,13,25,91,16,67,13,39,135,194,48,242,377
04/15/2021,MWH,WA,ANM,WE,Combined TRACON& Tower with Radar,7,14,4,12,37,0,40,23,19,82,7,54,27,31,119,133,24,157,276
04/16/2021,MWH,WA,ANM,WE,Combined TRACON& Tower with Radar,6,0,3,4,13,2,0,21,16,39,8,0,24,20,52,42,25,67,119
04/17/2021,MWH,WA,ANM,WE,Combined TRACON& Tower with Radar,0,0,4,0,4,0,0,22,0,22,0,0,26,0,26,22,0,22,48
04/18/2021,MWH,WA,ANM,WE,Combined TRACON& Tower with Radar,2,0,3,0,5,0,0,26,9,35,2,0,29,9,40,18,0,18,58
04/19/2021,MWH,WA,ANM,WE,Combined TRACON& Tower with Radar,6,16,5,2,29,0,53,13,18,84,6,69,18,20,113,176,11,187,300
04/20/2021,MWH,WA,ANM,WE,Combined TRACON& Tower with Radar,6,28,4,9,47,0,109,5,3,117,6,137,9,12,164,224,0,224,388
04/21/2021,MWH,WA,ANM,WE,Combined TRACON& Tower with Radar,4,20,7,22,53,0,121,21,3,145,4,141,28,25,198,392,2,394,592
04/22/2021,MWH,WA,ANM,WE,Combined TRACON& Tower with Radar,11,17,12,5,45,3,40,21,7,71,14,57,33,12,116,152,2,154,270
04/23/2021,MWH,WA,ANM,WE,Combined TRACON& Tower with Radar,21,3,5,3,32,2,1,27,5,35,23,4,32,8,67,30,10,40,107
04/24/2021,MWH,WA,ANM,WE,Combined TRACON& Tower with Radar,0,0,8,0,8,0,0,2,0,2,0,0,10,0,10,0,0,0,10
04/25/2021,MWH,WA,ANM,WE,Combined TRACON& Tower with Radar,4,0,2,0,6,0,0,40,0,40,4,0,42,0,46,57,0,57,103
04/26/2021,MWH,WA,ANM,WE,Combined TRACON& Tower with Radar,0,22,8,9,39,0,113,15,1,129,0,135,23,10,168,284,19,303,471
04/27/2021,MWH,WA,ANM,WE,Combined TRACON& Tower with Radar,0,28,2,20,50,0,106,17,6,129,0,134,19,26,179,281,17,298,477
04/28/2021,MWH,WA,ANM,WE,Combined TRACON& Tower with Radar,8,14,12,7,41,0,104,13,5,122,8,118,25,12,163,332,4,336,499
04/29/2021,MWH,WA,ANM,WE,Combined TRACON& Tower with Radar,3,24,4,2,33,0,107,19,4,130,3,131,23,6,163,382,4,386,549
04/30/2021,MWH,WA,ANM,WE,Combined TRACON& Tower with Radar,15,0,9,2,26,0,0,8,8,16,15,0,17,10,42,2,54,56,98
05/01/2021,MWH,WA,ANM,WE,Combined TRACON& Tower with Radar,0,0,7,2,9,0,0,10,4,14,0,0,17,6,23,26,12,38,61
05/02/2021,MWH,WA,ANM,WE,Combined TRACON& Tower with Radar,4,0,6,4,14,0,1,9,1,11,4,1,15,5,25,22,0,22,47
05/03/2021,MWH,WA,ANM,WE,Combined TRACON& Tower with Radar,8,17,15,6,46,3,63,10,19,95,11,80,25,25,141,334,28,362,503
05/04/2021,MWH,WA,ANM,WE,Combined TRACON& Tower with Radar,10,24,0,10,44,14,70,23,8,115,24,94,23,18,159,230,12,242,401
05/05/2021,MWH,WA,ANM,WE,Combined TRACON& Tower with Radar,14,11,6,7,38,54,86,31,26,197,68,97,37,33,235,308,30,338,573
05/06/2021,MWH,WA,ANM,WE,Combined TRACON& Tower with Radar,11,20,4,12,47,42,71,13,26,152,53,91,17,38,199,211,40,251,450
05/07/2021,MWH,WA,ANM,WE,Combined TRACON& Tower with Radar,11,0,5,4,20,63,9,11,2,85,74,9,16,6,105,22,3,25,130
05/08/2021,MWH,WA,ANM,WE,Combined TRACON& Tower with Radar,0,0,12,0,12,9,3,10,0,22,9,3,22,0,34,27,0,27,61
05/09/2021,MWH,WA,ANM,WE,Combined TRACON& Tower with Radar,0,0,14,0,14,36,0,19,1,56,36,0,33,1,70,6,0,6,76
05/10/2021,MWH,WA,ANM,WE,Combined TRACON& Tower with Radar,14,14,13,6,47,21,81,28,13,143,35,95,41,19,190,256,48,304,494
05/11/2021,MWH,WA,ANM,WE,Combined TRACON& Tower with Radar,14,21,1,18,54,3,82,15,22,122,17,103,16,40,176,329,21,350,526
05/12/2021,MWH,WA,ANM,WE,Combined TRACON& Tower with Radar,20,10,9,12,51,19,87,32,16,154,39,97,41,28,205,236,57,293,498
05/13/2021,MWH,WA,ANM,WE,Combined TRACON& Tower with Radar,7,24,5,13,49,1,82,25,13,121,8,106,30,26,170,288,6,294,464
05/14/2021,MWH,WA,ANM,WE,Combined TRACON& Tower with Radar,21,0,7,10,38,27,1,33,13,74,48,1,40,23,112,2,18,20,132
05/15/2021,MWH,WA,ANM,WE,Combined TRACON& Tower with Radar,15,2,6,2,25,2,1,23,3,29,17,3,29,5,54,22,0,22,76
05/16/2021,MWH,WA,ANM,WE,Combined TRACON& Tower with Radar,0,0,1,0,1,0,1,19,6,26,0,1,20,6,27,10,0,10,37
05/17/2021,MWH,WA,ANM,WE,Combined TRACON& Tower with Radar,11,5,1,15,32,0,71,33,50,154,11,76,34,65,186,230,147,377,563
05/18/2021,MWH,WA,ANM,WE,Combined TRACON& Tower with Radar,4,0,2,5,11,0,1,5,7,13,4,1,7,12,24,0,2,2,26
05/19/2021,MWH,WA,ANM,WE,Combined TRACON& Tower with Radar,16,8,3,11,38,11,92,30,11,144,27,100,33,22,182,148,26,174,356
05/20/2021,MWH,WA,ANM,WE,Combined TRACON& Tower with Radar,24,22,9,8,63,20,54,8,4,86,44,76,17,12,149,237,10,247,396
05/21/2021,MWH,WA,ANM,WE,Combined TRACON& Tower with Radar,17,0,9,8,34,43,7,39,3,92,60,7,48,11,126,47,2,49,175
05/22/2021,MWH,WA,ANM,WE,Combined TRACON& Tower with Radar,7,0,15,1,23,1,1,21,9,32,8,1,36,10,55,10,6,16,71
05/23/2021,MWH,WA,ANM,WE,Combined TRACON& Tower with Radar,4,0,3,1,8,0,0,8,4,12,4,0,11,5,20,8,0,8,28
05/24/2021,MWH,WA,ANM,WE,Combined TRACON& Tower with Radar,0,13,3,16,32,1,33,14,8,56,1,46,17,24,88,167,59,226,314
05/25/2021,MWH,WA,ANM,WE,Combined TRACON& Tower with Radar,33,28,9,23,93,2,94,20,18,134,35,122,29,41,227,268,42,310,537
05/26/2021,MWH,WA,ANM,WE,Combined TRACON& Tower with Radar,32,10,11,27,80,20,105,28,6,159,52,115,39,33,239,162,40,202,441
05/27/2021,MWH,WA,ANM,WE,Combined TRACON& Tower with Radar,16,16,5,3,40,0,20,12,0,32,16,36,17,3,72,87,0,87,159
05/28/2021,MWH,WA,ANM,WE,Combined TRACON& Tower with Radar,26,0,11,1,38,1,0,23,0,24,27,0,34,1,62,0,0,0,62
05/29/2021,MWH,WA,ANM,WE,Combined TRACON& Tower with Radar,7,0,0,0,7,0,0,16,0,16,7,0,16,0,23,22,0,22,45
05/30/2021,MWH,WA,ANM,WE,Combined TRACON& Tower with Radar,6,0,3,0,9,0,1,16,0,17,6,1,19,0,26,18,0,18,44
05/31/2021,MWH,WA,ANM,WE,Combined TRACON& Tower with Radar,0,2,1,0,3,0,0,20,0,20,0,2,21,0,23,4,0,4,27
06/01/2021,MWH,WA,ANM,WE,Combined TRACON& Tower with Radar,18,23,5,16,62,18,75,5,11,109,36,98,10,27,171,264,28,292,463
06/02/2021,MWH,WA,ANM,WE,Combined TRACON& Tower with Radar,33,13,10,23,79,17,80,28,15,140,50,93,38,38,219,186,30,216,435
06/03/2021,MWH,WA,ANM,WE,Combined TRACON& Tower with Radar,18,38,4,14,74,18,70,17,10,115,36,108,21,24,189,150,39,189,378
06/04/2021,MWH,WA,ANM,WE,Combined TRACON& Tower with Radar,24,0,2,1,27,16,1,12,6,35,40,1,14,7,62,2,4,6,68
06/05/2021,MWH,WA,ANM,WE,Combined TRACON& Tower with Radar,2,0,3,0,5,0,0,2,0,2,2,0,5,0,7,0,0,0,7
06/06/2021,MWH,WA,ANM,WE,Combined TRACON& Tower with Radar,4,2,6,0,12,2,2,18,0,22,6,4,24,0,34,2,0,2,36
06/07/2021,MWH,WA,ANM,WE,Combined TRACON& Tower with Radar,24,24,19,22,89,2,79,19,16,116,26,103,38,38,205,275,34,309,514
06/08/2021,MWH,WA,ANM,WE,Combined TRACON& Tower with Radar,11,25,6,35,77,8,106,11,10,135,19,131,17,45,212,252,8,260,472
06/09/2021,MWH,WA,ANM,WE,Combined TRACON& Tower with Radar,11,47,3,5,66,5,76,9,8,98,16,123,12,13,164,202,6,208,372
06/10/2021,MWH,WA,ANM,WE,Combined TRACON& Tower with Radar,15,27,10,4,56,2,46,8,1,57,17,73,18,5,113,156,10,166,279
06/11/2021,MWH,WA,ANM,WE,Combined TRACON& Tower with Radar,6,0,10,4,20,0,0,15,0,15,6,0,25,4,35,10,0,10,45
06/12/2021,MWH,WA,ANM,WE,Combined TRACON& Tower with Radar,4,0,10,0,14,0,0,25,0,25,4,0,35,0,39,40,0,40,79
06/13/2021,MWH,WA,ANM,WE,Combined TRACON& Tower with Radar,0,0,3,2,5,0,0,13,2,15,0,0,16,4,20,2,0,2,22
06/14/2021,MWH,WA,ANM,WE,Combined TRACON& Tower with Radar,25,33,2,23,83,6,34,2,17,59,31,67,4,40,142,76,67,143,285
06/15/2021,MWH,WA,ANM,WE,Combined TRACON& Tower with Radar,13,23,5,7,48,0,34,14,11,59,13,57,19,18,107,130,30,160,267
06/16/2021,MWH,WA,ANM,WE,Combined TRACON& Tower with Radar,19,20,14,8,61,1,26,48,11,86,20,46,62,19,147,132,20,152,299
06/17/2021,MWH,WA,ANM,WE,Combined TRACON& Tower with Radar,14,5,8,10,37,0,8,16,8,32,14,13,24,18,69,4,27,31,100
06/18/2021,MWH,WA,ANM,WE,Combined TRACON& Tower with Radar,14,0,1,1,16,2,4,25,1,32,16,4,26,2,48,2,0,2,50
06/19/2021,MWH,WA,ANM,WE,Combined TRACON& Tower with Radar,0,0,2,3,5,0,0,33,2,35,0,0,35,5,40,2,0,2,42
06/20/2021,MWH,WA,ANM,WE,Combined TRACON& Tower with Radar,0,0,1,5,6,0,0,14,0,14,0,0,15,5,20,2,0,2,22
06/21/2021,MWH,WA,ANM,WE,Combined TRACON& Tower with Radar,14,0,4,9,27,0,0,8,2,10,14,0,12,11,37,8,0,8,45
06/22/2021,MWH,WA,ANM,WE,Combined TRACON& Tower with Radar,27,0,8,7,42,0,1,8,4,13,27,1,16,11,55,16,16,32,87
06/23/2021,MWH,WA,ANM,WE,Combined TRACON& Tower with Radar,8,0,5,11,24,18,2,17,16,53,26,2,22,27,77,50,38,88,165
06/24/2021,MWH,WA,ANM,WE,Combined TRACON& Tower with Radar,24,0,1,8,33,14,0,11,11,36,38,0,12,19,69,31,13,44,113
06/25/2021,MWH,WA,ANM,WE,Combined TRACON& Tower with Radar,32,0,2,1,35,8,0,9,2,19,40,0,11,3,54,0,12,12,66
06/26/2021,MWH,WA,ANM,WE,Combined TRACON& Tower with Radar,17,0,3,0,20,2,0,9,0,11,19,0,12,0,31,0,0,0,31
06/27/2021,MWH,WA,ANM,WE,Combined TRACON& Tower with Radar,9,0,2,0,11,0,3,12,0,15,9,3,14,0,26,0,0,0,26
06/28/2021,MWH,WA,ANM,WE,Combined TRACON& Tower with Radar,9,17,5,0,31,11,23,8,1,43,20,40,13,1,74,90,0,90,164
06/29/2021,MWH,WA,ANM,WE,Combined TRACON& Tower with Radar,6,31,4,2,43,17,51,12,8,88,23,82,16,10,131,176,20,196,327
06/30/2021,MWH,WA,ANM,WE,Combined TRACON& Tower with Radar,16,31,9,7,63,0,85,8,5,98,16,116,17,12,161,293,27,320,481
07/01/2021,MWH,WA,ANM,WE,Combined TRACON& Tower with Radar,17,43,15,20,95,17,94,12,14,137,34,137,27,34,232,271,16,287,519
07/02/2021,MWH,WA,ANM,WE,Combined TRACON& Tower with Radar,19,48,3,16,86,0,95,19,0,114,19,143,22,16,200,302,0,302,502
07/03/2021,MWH,WA,ANM,WE,Combined TRACON& Tower with Radar,0,0,3,0,3,20,9,17,0,46,20,9,20,0,49,0,0,0,49
07/04/2021,MWH,WA,ANM,WE,Combined TRACON& Tower with Radar,0,0,1,0,1,2,1,9,0,12,2,1,10,0,13,0,0,0,13
07/05/2021,MWH,WA,ANM,WE,Combined TRACON& Tower with Radar,0,0,1,0,1,21,14,16,7,58,21,14,17,7,59,14,0,14,73
07/06/2021,MWH,WA,ANM,WE,Combined TRACON& Tower with Radar,7,39,7,13,66,14,84,27,25,150,21,123,34,38,216,381,36,417,633
07/07/2021,MWH,WA,ANM,WE,Combined TRACON& Tower with Radar,10,28,5,6,49,4,58,23,20,105,14,86,28,26,154,336,12,348,502
07/08/2021,MWH,WA,ANM,WE,Combined TRACON& Tower with Radar,41,36,10,22,109,55,149,21,57,282,96,185,31,79,391,396,49,445,836
07/09/2021,MWH,WA,ANM,WE,Combined TRACON& Tower with Radar,17,26,8,8,59,38,122,49,27,236,55,148,57,35,295,272,10,282,577
07/10/2021,MWH,WA,ANM,WE,Combined TRACON& Tower with Radar,8,0,6,0,14,0,13,14,1,28,8,13,20,1,42,0,0,0,42
07/11/2021,MWH,WA,ANM,WE,Combined TRACON& Tower with Radar,4,0,1,0,5,25,5,15,6,51,29,5,16,6,56,2,0,2,58
07/12/2021,MWH,WA,ANM,WE,Combined TRACON& Tower with Radar,12,44,8,12,76,5,113,13,17,148,17,157,21,29,224,213,56,269,493
07/13/2021,MWH,WA,ANM,WE,Combined TRACON& Tower with Radar,14,30,8,8,60,40,112,9,14,175,54,142,17,22,235,414,44,458,693
07/14/2021,MWH,WA,ANM,WE,Combined TRACON& Tower with Radar,9,39,16,9,73,67,76,34,19,196,76,115,50,28,269,326,15,341,610
07/15/2021,MWH,WA,ANM,WE,Combined TRACON& Tower with Radar,9,33,15,5,62,18,86,27,10,141,27,119,42,15,203,285,12,297,500
07/16/2021,MWH,WA,ANM,WE,Combined TRACON& Tower with Radar,12,48,6,1,67,46,93,41,12,192,58,141,47,13,259,270,0,270,529
07/17/2021,MWH,WA,ANM,WE,Combined TRACON& Tower with Radar,6,1,9,1,17,41,11,26,14,92,47,12,35,15,109,26,0,26,135
07/18/2021,MWH,WA,ANM,WE,Combined TRACON& Tower with Radar,0,0,9,1,10,35,2,19,16,72,35,2,28,17,82,4,6,10,92
07/19/2021,MWH,WA,ANM,WE,Combined TRACON& Tower with Radar,16,50,8,26,100,13,101,23,23,160,29,151,31,49,260,330,54,384,644
07/20/2021,MWH,WA,ANM,WE,Combined TRACON& Tower with Radar,14,39,6,3,62,23,86,13,6,128,37,125,19,9,190,186,0,186,376
07/21/2021,MWH,WA,ANM,WE,Combined TRACON& Tower with Radar,8,62,11,31,112,10,55,22,28,115,18,117,33,59,227,177,32,209,436
07/22/2021,MWH,WA,ANM,WE,Combined TRACON& Tower with Radar,17,43,6,14,80,31,50,21,7,109,48,93,27,21,189,251,0,251,440
07/23/2021,MWH,WA,ANM,WE,Combined TRACON& Tower with Radar,33,29,7,16,85,36,57,17,22,132,69,86,24,38,217,252,20,272,489
07/24/2021,MWH,WA,ANM,WE,Combined TRACON& Tower with Radar,7,0,4,0,11,69,4,13,0,86,76,4,17,0,97,24,0,24,121
07/25/2021,MWH,WA,ANM,WE,Combined TRACON& Tower with Radar,0,2,2,0,4,31,7,23,3,64,31,9,25,3,68,66,0,66,134
07/26/2021,MWH,WA,ANM,WE,Combined TRACON& Tower with Radar,18,65,11,27,121,9,55,14,6,84,27,120,25,33,205,282,18,300,505
07/27/2021,MWH,WA,ANM,WE,Combined TRACON& Tower with Radar,8,60,6,27,101,10,66,20,3,99,18,126,26,30,200,394,6,400,600
07/28/2021,MWH,WA,ANM,WE,Combined TRACON& Tower with Radar,5,53,14,9,81,27,63,17,26,133,32,116,31,35,214,256,34,290,504
07/29/2021,MWH,WA,ANM,WE,Combined TRACON& Tower with Radar,7,56,6,18,87,44,76,14,25,159,51,132,20,43,246,268,74,342,588
07/30/2021,MWH,WA,ANM,WE,Combined TRACON& Tower with Radar,15,30,4,4,53,47,49,13,27,136,62,79,17,31,189,224,18,242,431
07/31/2021,MWH,WA,ANM,WE,Combined TRACON& Tower with Radar,3,3,5,17,28,42,2,6,1,51,45,5,11,18,79,0,0,0,79
08/01/2021,MWH,WA,ANM,WE,Combined TRACON& Tower with Radar,4,0,8,0,12,0,0,1,0,1,4,0,9,0,13,0,0,0,13
08/02/2021,MWH,WA,ANM,WE,Combined TRACON& Tower with Radar,10,0,14,15,39,2,3,1,1,7,12,3,15,16,46,0,0,0,46
08/03/2021,MWH,WA,ANM,WE,Combined TRACON& Tower with Radar,15,36,12,23,86,44,48,20,28,140,59,84,32,51,226,281,38,319,545
08/04/2021,MWH,WA,ANM,WE,Combined TRACON& Tower with Radar,18,27,5,17,67,74,60,16,45,195,92,87,21,62,262,176,40,216,478
08/05/2021,MWH,WA,ANM,WE,Combined TRACON& Tower with Radar,26,13,6,10,55,75,41,32,27,175,101,54,38,37,230,168,44,212,442
08/06/2021,MWH,WA,ANM,WE,Combined TRACON& Tower with Radar,0,1,5,3,9,65,25,13,14,117,65,26,18,17,126,34,8,42,168
08/07/2021,MWH,WA,ANM,WE,Combined TRACON& Tower with Radar,8,0,11,2,21,68,5,26,21,120,76,5,37,23,141,13,0,13,154
08/08/2021,MWH,WA,ANM,WE,Combined TRACON& Tower with Radar,4,0,8,0,12,51,13,15,8,87,55,13,23,8,99,0,0,0,99
08/09/2021,MWH,WA,ANM,WE,Combined TRACON& Tower with Radar,13,2,6,28,49,48,9,18,30,105,61,11,24,58,154,43,34,77,231
08/10/2021,MWH,WA,ANM,WE,Combined TRACON& Tower with Radar,13,0,9,28,50,98,13,37,21,169,111,13,46,49,219,28,42,70,289
08/11/2021,MWH,WA,ANM,WE,Combined TRACON& Tower with Radar,9,0,15,37,61,106,12,31,15,164,115,12,46,52,225,35,48,83,308
08/12/2021,MWH,WA,ANM,WE,Combined TRACON& Tower with Radar,16,2,18,9,45,10,2,7,2,21,26,4,25,11,66,0,4,4,70
08/13/2021,MWH,WA,ANM,WE,Combined TRACON& Tower with Radar,28,0,18,3,49,0,0,2,0,2,28,0,20,3,51,0,0,0,51
08/14/2021,MWH,WA,ANM,WE,Combined TRACON& Tower with Radar,8,0,6,1,15,0,0,0,1,1,8,0,6,2,16,0,0,0,16
08/15/2021,MWH,WA,ANM,WE,Combined TRACON& Tower with Radar,4,0,7,0,11,59,5,17,10,91,63,5,24,10,102,4,0,4,106
08/16/2021,MWH,WA,ANM,WE,Combined TRACON& Tower with Radar,15,5,8,17,45,48,23,30,14,115,63,28,38,31,160,10,38,48,208
08/17/2021,MWH,WA,ANM,WE,Combined TRACON& Tower with Radar,9,1,10,4,24,18,8,10,4,40,27,9,20,8,64,28,24,52,116
08/18/2021,MWH,WA,ANM,WE,Combined TRACON& Tower with Radar,17,2,22,8,49,71,1,30,10,112,88,3,52,18,161,14,18,32,193
08/19/2021,MWH,WA,ANM,WE,Combined TRACON& Tower with Radar,27,2,9,6,44,31,11,38,12,92,58,13,47,18,136,56,56,112,248
08/20/2021,MWH,WA,ANM,WE,Combined TRACON& Tower with Radar,19,0,20,8,47,27,0,20,6,53,46,0,40,14,100,22,50,72,172
08/21/2021,MWH,WA,ANM,WE,Combined TRACON& Tower with Radar,5,0,5,0,10,1,9,18,1,29,6,9,23,1,39,46,0,46,85
08/22/2021,MWH,WA,ANM,WE,Combined TRACON& Tower with Radar,9,0,3,0,12,2,2,6,1,11,11,2,9,1,23,0,0,0,23
08/23/2021,MWH,WA,ANM,WE,Combined TRACON& Tower with Radar,38,1,6,2,47,8,1,22,8,39,46,2,28,10,86,13,15,28,114
08/24/2021,MWH,WA,ANM,WE,Combined TRACON& Tower with Radar,13,0,13,9,35,41,6,33,8,88,54,6,46,17,123,32,16,48,171
08/25/2021,MWH,WA,ANM,WE,Combined TRACON& Tower with Radar,7,0,13,3,23,6,6,33,5,50,13,6,46,8,73,12,0,12,85
08/26/2021,MWH,WA,ANM,WE,Combined TRACON& Tower with Radar,29,8,4,15,56,25,8,25,14,72,54,16,29,29,128,72,56,128,256
08/27/2021,MWH,WA,ANM,WE,Combined TRACON& Tower with Radar,23,2,13,5,43,39,2,24,17,82,62,4,37,22,125,4,28,32,157
08/28/2021,MWH,WA,ANM,WE,Combined TRACON& Tower with Radar,11,0,2,0,13,17,0,16,1,34,28,0,18,1,47,0,0,0,47
08/29/2021,MWH,WA,ANM,WE,Combined TRACON& Tower with Radar,8,0,8,0,16,19,9,14,3,45,27,9,22,3,61,12,0,12,73
08/30/2021,MWH,WA,ANM,WE,Combined TRACON& Tower with Radar,7,2,15,4,28,7,9,13,2,31,14,11,28,6,59,0,6,6,65
08/31/2021,MWH,WA,ANM,WE,Combined TRACON& Tower with Radar,14,2,7,1,24,5,4,16,7,32,19,6,23,8,56,8,28,36,92
09/01/2021,MWH,WA,ANM,WE,Combined TRACON& Tower with Radar,23,0,6,8,37,3,3,28,14,48,26,3,34,22,85,0,26,26,111
09/02/2021,MWH,WA,ANM,WE,Combined TRACON& Tower with Radar,17,0,4,5,26,18,9,14,11,52,35,9,18,16,78,2,14,16,94
09/03/2021,MWH,WA,ANM,WE,Combined TRACON& Tower with Radar,25,0,5,2,32,4,2,29,0,35,29,2,34,2,67,4,0,4,71
09/04/2021,MWH,WA,ANM,WE,Combined TRACON& Tower with Radar,0,1,2,1,4,0,7,8,7,22,0,8,10,8,26,6,3,9,35
09/05/2021,MWH,WA,ANM,WE,Combined TRACON& Tower with Radar,1,2,4,0,7,2,4,14,0,20,3,6,18,0,27,0,0,0,27
09/06/2021,MWH,WA,ANM,WE,Combined TRACON& Tower with Radar,0,0,5,0,5,4,2,15,0,21,4,2,20,0,26,2,0,2,28
09/07/2021,MWH,WA,ANM,WE,Combined TRACON& Tower with Radar,0,3,7,13,23,2,10,23,23,58,2,13,30,36,81,15,26,41,122
09/08/2021,MWH,WA,ANM,WE,Combined TRACON& Tower with Radar,18,0,4,21,43,4,5,20,24,53,22,5,24,45,96,4,40,44,140
09/09/2021,MWH,WA,ANM,WE,Combined TRACON& Tower with Radar,4,1,11,39,55,4,4,33,6,47,8,5,44,45,102,12,55,67,169
09/10/2021,MWH,WA,ANM,WE,Combined TRACON& Tower with Radar,11,3,11,0,25,0,11,13,0,24,11,14,24,0,49,45,0,45,94
09/11/2021,MWH,WA,ANM,WE,Combined TRACON& Tower with Radar,0,2,6,5,13,0,2,11,0,13,0,4,17,5,26,22,0,22,48
09/12/2021,MWH,WA,ANM,WE,Combined TRACON& Tower with Radar,0,0,5,0,5,0,0,18,0,18,0,0,23,0,23,0,0,0,23
09/13/2021,MWH,WA,ANM,WE,Combined TRACON& Tower with Radar,14,0,5,26,45,7,5,20,26,58,21,5,25,52,103,12,70,82,185
09/14/2021,MWH,WA,ANM,WE,Combined TRACON& Tower with Radar,40,2,6,23,71,9,45,21,7,82,49,47,27,30,153,226,45,271,424
09/15/2021,MWH,WA,ANM,WE,Combined TRACON& Tower with Radar,25,0,10,12,47,5,73,20,0,98,30,73,30,12,145,189,18,207,352
09/16/2021,MWH,WA,ANM,WE,Combined TRACON& Tower with Radar,23,1,10,6,40,19,57,23,18,117,42,58,33,24,157,206,34,240,397
09/17/2021,MWH,WA,ANM,WE,Combined TRACON& Tower with Radar,22,3,5,8,38,37,11,14,9,71,59,14,19,17,109,60,20,80,189
09/18/2021,MWH,WA,ANM,WE,Combined TRACON& Tower with Radar,8,0,6,0,14,0,0,9,0,9,8,0,15,0,23,2,0,2,25
09/19/2021,MWH,WA,ANM,WE,Combined TRACON& Tower with Radar,8,1,4,2,15,0,0,8,0,8,8,1,12,2,23,2,10,12,35
09/20/2021,MWH,WA,ANM,WE,Combined TRACON& Tower with Radar,6,0,10,9,25,6,96,26,14,142,12,96,36,23,167,299,26,325,492
09/21/2021,MWH,WA,ANM,WE,Combined TRACON& Tower with Radar,26,0,6,36,68,15,96,28,16,155,41,96,34,52,223,325,46,371,594
09/22/2021,MWH,WA,ANM,WE,Combined TRACON& Tower with Radar,12,2,7,23,44,0,103,31,31,165,12,105,38,54,209,348,48,396,605
09/23/2021,MWH,WA,ANM,WE,Combined TRACON& Tower with Radar,7,0,5,9,21,16,88,20,32,156,23,88,25,41,177,455,98,553,730
09/24/2021,MWH,WA,ANM,WE,Combined TRACON& Tower with Radar,56,0,7,6,69,82,5,16,3,106,138,5,23,9,175,26,8,34,209
09/25/2021,MWH,WA,ANM,WE,Combined TRACON& Tower with Radar,7,0,3,0,10,7,0,14,0,21,14,0,17,0,31,0,0,0,31
09/26/2021,MWH,WA,ANM,WE,Combined TRACON& Tower with Radar,0,1,5,0,6,18,11,12,2,43,18,12,17,2,49,0,0,0,49
09/27/2021,MWH,WA,ANM,WE,Combined TRACON& Tower with Radar,32,8,8,19,67,2,63,0,6,71,34,71,8,25,138,306,35,341,479
09/28/2021,MWH,WA,ANM,WE,Combined TRACON& Tower with Radar,5,6,5,7,23,22,78,11,6,117,27,84,16,13,140,369,50,419,559
09/29/2021,MWH,WA,ANM,WE,Combined TRACON& Tower with Radar,14,14,11,2,41,14,113,10,11,148,28,127,21,13,189,480,2,482,671
09/30/2021,MWH,WA,ANM,WE,Combined TRACON& Tower with Radar,11,9,12,3,35,21,109,5,0,135,32,118,17,3,170,508,6,514,684
10/01/2021,MWH,WA,ANM,WE,Combined TRACON& Tower with Radar,9,1,17,4,31,0,5,18,4,27,9,6,35,8,58,14,12,26,84
10/02/2021,MWH,WA,ANM,WE,Combined TRACON& Tower with Radar,0,0,3,0,3,0,0,15,5,20,0,0,18,5,23,24,0,24,47
10/03/2021,MWH,WA,ANM,WE,Combined TRACON& Tower with Radar,0,0,2,0,2,0,1,14,0,15,0,1,16,0,17,32,0,32,49
10/04/2021,MWH,WA,ANM,WE,Combined TRACON& Tower with Radar,9,10,5,7,31,9,101,27,23,160,18,111,32,30,191,418,48,466,657
10/05/2021,MWH,WA,ANM,WE,Combined TRACON& Tower with Radar,26,0,10,21,57,6,89,6,25,126,32,89,16,46,183,288,64,352,535
10/06/2021,MWH,WA,ANM,WE,Combined TRACON& Tower with Radar,19,7,13,21,60,7,88,29,32,156,26,95,42,53,216,381,48,429,645
10/07/2021,MWH,WA,ANM,WE,Combined TRACON& Tower with Radar,6,8,9,31,54,0,23,16,18,57,6,31,25,49,111,0,0,0,111
10/08/2021,MWH,WA,ANM,WE,Combined TRACON& Tower with Radar,31,1,2,9,43,5,4,19,3,31,36,5,21,12,74,2,12,14,88
10/09/2021,MWH,WA,ANM,WE,Combined TRACON& Tower with Radar,26,0,4,6,36,2,1,15,1,19,28,1,19,7,55,19,15,34,89
10/10/2021,MWH,WA,ANM,WE,Combined TRACON& Tower with Radar,4,0,3,0,7,0,0,2,0,2,4,0,5,0,9,2,0,2,11
10/11/2021,MWH,WA,ANM,WE,Combined TRACON& Tower with Radar,14,13,8,0,35,15,85,18,0,118,29,98,26,0,153,284,0,284,437
10/12/2021,MWH,WA,ANM,WE,Combined TRACON& Tower with Radar,23,2,2,21,48,0,91,15,21,127,23,93,17,42,175,345,20,365,540
10/13/2021,MWH,WA,ANM,WE,Combined TRACON& Tower with Radar,17,20,7,12,56,2,62,3,7,74,19,82,10,19,130,376,4,380,510
10/14/2021,MWH,WA,ANM,WE,Combined TRACON& Tower with Radar,0,17,6,15,38,0,87,12,23,122,0,104,18,38,160,241,26,267,427
10/15/2021,MWH,WA,ANM,WE,Combined TRACON& Tower with Radar,9,1,13,4,27,27,18,21,22,88,36,19,34,26,115,10,0,10,125
10/16/2021,MWH,WA,ANM,WE,Combined TRACON& Tower with Radar,12,2,12,0,26,0,2,22,0,24,12,4,34,0,50,19,0,19,69
10/17/2021,MWH,WA,ANM,WE,Combined TRACON& Tower with Radar,0,2,5,2,9,0,0,10,0,10,0,2,15,2,19,22,0,22,41
10/18/2021,MWH,WA,ANM,WE,Combined TRACON& Tower with Radar,26,16,9,26,77,16,93,8,17,134,42,109,17,43,211,441,48,489,700
10/19/2021,MWH,WA,ANM,WE,Combined TRACON& Tower with Radar,8,11,6,13,38,8,116,17,3,144,16,127,23,16,182,352,2,354,536
10/20/2021,MWH,WA,ANM,WE,Combined TRACON& Tower with Radar,10,14,5,8,37,8,69,2,3,82,18,83,7,11,119,320,0,320,439
10/21/2021,MWH,WA,ANM,WE,Combined TRACON& Tower with Radar,17,9,5,32,63,15,70,5,40,130,32,79,10,72,193,314,56,370,563
10/22/2021,MWH,WA,ANM,WE,Combined TRACON& Tower with Radar,12,1,8,0,21,0,0,3,0,3,12,1,11,0,24,0,0,0,24
10/23/2021,MWH,WA,ANM,WE,Combined TRACON& Tower with Radar,18,1,0,0,19,6,0,14,0,20,24,1,14,0,39,27,0,27,66
10/24/2021,MWH,WA,ANM,WE,Combined TRACON& Tower with Radar,1,3,4,0,8,0,0,0,0,0,1,3,4,0,8,0,0,0,8
10/25/2021,MWH,WA,ANM,WE,Combined TRACON& Tower with Radar,15,23,6,14,58,0,95,4,57,156,15,118,10,71,214,321,60,381,595
10/26/2021,MWH,WA,ANM,WE,Combined TRACON& Tower with Radar,26,11,1,10,48,1,84,6,5,96,27,95,7,15,144,281,29,310,454
10/27/2021,MWH,WA,ANM,WE,Combined TRACON& Tower with Radar,8,21,11,4,44,10,76,9,3,98,18,97,20,7,142,274,0,274,416
10/28/2021,MWH,WA,ANM,WE,Combined TRACON& Tower with Radar,9,8,5,12,34,0,77,4,20,101,9,85,9,32,135,330,12,342,477
10/29/2021,MWH,WA,ANM,WE,Combined TRACON& Tower with Radar,27,3,7,12,49,0,0,7,1,8,27,3,14,13,57,0,12,12,69
10/30/2021,MWH,WA,ANM,WE,Combined TRACON& Tower with Radar,0,12,2,0,14,0,4,39,0,43,0,16,41,0,57,62,0,62,119
10/31/2021,MWH,WA,ANM,WE,Combined TRACON& Tower with Radar,19,0,1,0,20,0,0,35,0,35,19,0,36,0,55,48,0,48,103
11/01/2021,MWH,WA,ANM,WE,Combined TRACON& Tower with Radar,7,12,3,26,48,2,121,12,6,141,9,133,15,32,189,427,22,449,638
11/02/2021,MWH,WA,ANM,WE,Combined TRACON& Tower with Radar,23,6,8,15,52,9,62,5,3,79,32,68,13,18,131,314,0,314,445
11/03/2021,MWH,WA,ANM,WE,Combined TRACON& Tower with Radar,22,14,13,17,66,5,30,1,8,44,27,44,14,25,110,282,2,284,394
11/04/2021,MWH,WA,ANM,WE,Combined TRACON& Tower with Radar,9,8,12,6,35,0,19,4,9,32,9,27,16,15,67,186,58,244,311
11/05/2021,MWH,WA,ANM,WE,Combined TRACON& Tower with Radar,20,3,6,10,39,7,0,14,11,32,27,3,20,21,71,2,50,52,123
11/06/2021,MWH,WA,ANM,WE,Combined TRACON& Tower with Radar,13,0,6,1,20,0,0,3,7,10,13,0,9,8,30,4,2,6,36
11/07/2021,MWH,WA,ANM,WE,Combined TRACON& Tower with Radar,4,0,6,0,10,0,0,6,0,6,4,0,12,0,16,0,0,0,16
11/08/2021,MWH,WA,ANM,WE,Combined TRACON& Tower with Radar,7,13,9,31,60,15,110,14,10,149,22,123,23,41,209,404,68,472,681
11/09/2021,MWH,WA,ANM,WE,Combined TRACON& Tower with Radar,16,12,9,7,44,2,37,6,6,51,18,49,15,13,95,219,20,239,334
11/10/2021,MWH,WA,ANM,WE,Combined TRACON& Tower with Radar,15,7,10,46,78,2,119,22,12,155,17,126,32,58,233,441,50,491,724
11/11/2021,MWH,WA,ANM,WE,Combined TRACON& Tower with Radar,15,2,6,0,23,0,0,1,0,1,15,2,7,0,24,0,0,0,24
11/12/2021,MWH,WA,ANM,WE,Combined TRACON& Tower with Radar,14,1,13,0,28,0,0,0,0,0,14,1,13,0,28,0,0,0,28
11/13/2021,MWH,WA,ANM,WE,Combined TRACON& Tower with Radar,11,0,7,0,18,0,0,17,0,17,11,0,24,0,35,16,0,16,51
11/14/2021,MWH,WA,ANM,WE,Combined TRACON& Tower with Radar,9,1,3,0,13,0,0,4,0,4,9,1,7,0,17,10,0,10,27
11/15/2021,MWH,WA,ANM,WE,Combined TRACON& Tower with Radar,15,10,6,9,40,5,22,3,3,33,20,32,9,12,73,58,8,66,139
11/16/2021,MWH,WA,ANM,WE,Combined TRACON& Tower with Radar,25,7,8,6,46,8,30,12,11,61,33,37,20,17,107,88,16,104,211
11/17/2021,MWH,WA,ANM,WE,Combined TRACON& Tower with Radar,23,25,8,16,72,19,102,34,20,175,42,127,42,36,247,418,64,482,729
11/18/2021,MWH,WA,ANM,WE,Combined TRACON& Tower with Radar,31,10,2,15,58,20,59,18,7,104,51,69,20,22,162,146,22,168,330
11/19/2021,MWH,WA,ANM,WE,Combined TRACON& Tower with Radar,16,8,5,15,44,0,0,7,8,15,16,8,12,23,59,0,33,33,92
11/20/2021,MWH,WA,ANM,WE,Combined TRACON& Tower with Radar,11,0,9,0,20,0,0,4,0,4,11,0,13,0,24,4,0,4,28
11/21/2021,MWH,WA,ANM,WE,Combined TRACON& Tower with Radar,11,4,4,0,19,0,0,5,0,5,11,4,9,0,24,2,0,2,26
11/22/2021,MWH,WA,ANM,WE,Combined TRACON& Tower with Radar,16,6,1,4,27,0,0,0,0,0,16,6,1,4,27,0,0,0,27
11/23/2021,MWH,WA,ANM,WE,Combined TRACON& Tower with Radar,10,6,11,3,30,0,5,17,5,27,10,11,28,8,57,54,4,58,115
11/24/2021,MWH,WA,ANM,WE,Combined TRACON& Tower with Radar,5,1,2,2,10,0,0,11,11,22,5,1,13,13,32,12,12,24,56
11/25/2021,MWH,WA,ANM,WE,Combined TRACON& Tower with Radar,0,2,0,0,2,0,0,12,0,12,0,2,12,0,14,24,0,24,38
11/26/2021,MWH,WA,ANM,WE,Combined TRACON& Tower with Radar,0,0,3,0,3,0,2,22,0,24,0,2,25,0,27,44,0,44,71
11/27/2021,MWH,WA,ANM,WE,Combined TRACON& Tower with Radar,4,2,8,0,14,0,0,2,0,2,4,2,10,0,16,0,0,0,16
11/28/2021,MWH,WA,ANM,WE,Combined TRACON& Tower with Radar,0,0,4,0,4,0,0,9,0,9,0,0,13,0,13,4,0,4,17
11/29/2021,MWH,WA,ANM,WE,Combined TRACON& Tower with Radar,0,30,3,22,55,0,85,19,30,134,0,115,22,52,189,417,88,505,694
11/30/2021,MWH,WA,ANM,WE,Combined TRACON& Tower with Radar,12,35,2,15,64,0,88,10,37,135,12,123,12,52,199,376,28,404,603
12/01/2021,MWH,WA,ANM,WE,Combined TRACON& Tower with Radar,17,24,3,16,60,0,60,24,36,120,17,84,27,52,180,129,61,190,370
12/02/2021,MWH,WA,ANM,WE,Combined TRACON& Tower with Radar,24,24,0,12,60,1,87,14,34,136,25,111,14,46,196,489,60,549,745
12/03/2021,MWH,WA,ANM,WE,Combined TRACON& Tower with Radar,23,14,17,10,64,11,9,27,0,47,34,23,44,10,111,48,18,66,177
12/04/2021,MWH,WA,ANM,WE,Combined TRACON& Tower with Radar,17,6,4,0,27,3,1,14,0,18,20,7,18,0,45,18,0,18,63
12/05/2021,MWH,WA,ANM,WE,Combined TRACON& Tower with Radar,5,0,9,2,16,0,0,31,0,31,5,0,40,2,47,3,0,3,50
12/06/2021,MWH,WA,ANM,WE,Combined TRACON& Tower with Radar,17,12,2,49,80,23,50,8,19,100,40,62,10,68,180,181,76,257,437
12/07/2021,MWH,WA,ANM,WE,Combined TRACON& Tower with Radar,20,1,7,43,71,0,23,3,3,29,20,24,10,46,100,90,0,90,190
12/08/2021,MWH,WA,ANM,WE,Combined TRACON& Tower with Radar,25,8,10,22,65,2,19,9,32,62,27,27,19,54,127,32,104,136,263
12/09/2021,MWH,WA,ANM,WE,Combined TRACON& Tower with Radar,11,11,11,22,55,12,10,18,28,68,23,21,29,50,123,26,82,108,231
12/10/2021,MWH,WA,ANM,WE,Combined TRACON& Tower with Radar,22,4,7,1,34,0,0,9,8,17,22,4,16,9,51,0,8,8,59
12/11/2021,MWH,WA,ANM,WE,Combined TRACON& Tower with Radar,17,0,1,0,18,0,0,0,0,0,17,0,1,0,18,0,0,0,18
12/12/2021,MWH,WA,ANM,WE,Combined TRACON& Tower with Radar,4,0,5,4,13,0,0,12,4,16,4,0,17,8,29,16,0,16,45
12/13/2021,MWH,WA,ANM,WE,Combined TRACON& Tower with Radar,17,6,5,17,45,8,0,2,24,34,25,6,7,41,79,0,6,6,85
12/14/2021,MWH,WA,ANM,WE,Combined TRACON& Tower with Radar,17,11,5,19,52,11,0,11,0,22,28,11,16,19,74,4,0,4,78
12/15/2021,MWH,WA,ANM,WE,Combined TRACON& Tower with Radar,17,5,5,40,67,8,4,15,17,44,25,9,20,57,111,34,30,64,175
12/16/2021,MWH,WA,ANM,WE,Combined TRACON& Tower with Radar,14,0,2,21,37,0,0,9,15,24,14,0,11,36,61,0,0,0,61
12/17/2021,MWH,WA,ANM,WE,Combined TRACON& Tower with Radar,14,2,17,22,55,0,0,19,7,26,14,2,36,29,81,42,68,110,191
12/18/2021,MWH,WA,ANM,WE,Combined TRACON& Tower with Radar,0,1,5,0,6,0,0,0,0,0,0,1,5,0,6,0,0,0,6
12/19/2021,MWH,WA,ANM,WE,Combined TRACON& Tower with Radar,1,1,15,0,17,0,0,0,0,0,1,1,15,0,17,0,0,0,17
12/20/2021,MWH,WA,ANM,WE,Combined TRACON& Tower with Radar,11,0,5,2,18,0,0,2,0,2,11,0,7,2,20,0,0,0,20
12/21/2021,MWH,WA,ANM,WE,Combined TRACON& Tower with Radar,6,0,3,34,43,0,0,0,4,4,6,0,3,38,47,0,29,29,76
12/22/2021,MWH,WA,ANM,WE,Combined TRACON& Tower with Radar,0,0,4,0,4,0,0,0,0,0,0,0,4,0,4,0,0,0,4
12/23/2021,MWH,WA,ANM,WE,Combined TRACON& Tower with Radar,11,1,2,24,38,0,0,3,6,9,11,1,5,30,47,0,18,18,65
12/24/2021,MWH,WA,ANM,WE,Combined TRACON& Tower with Radar,0,1,3,0,4,0,0,4,0,4,0,1,7,0,8,0,0,0,8
12/25/2021,MWH,WA,ANM,WE,Combined TRACON& Tower with Radar,0,1,3,0,4,0,0,1,0,1,0,1,4,0,5,2,0,2,7
12/26/2021,MWH,WA,ANM,WE,Combined TRACON& Tower with Radar,4,5,5,0,14,0,0,0,0,0,4,5,5,0,14,0,0,0,14
12/27/2021,MWH,WA,ANM,WE,Combined TRACON& Tower with Radar,0,0,7,1,8,0,0,8,3,11,0,0,15,4,19,6,0,6,25
12/28/2021,MWH,WA,ANM,WE,Combined TRACON& Tower with Radar,11,0,1,3,15,5,1,1,0,7,16,1,2,3,22,0,16,16,38
12/29/2021,MWH,WA,ANM,WE,Combined TRACON& Tower with Radar,12,1,10,7,30,2,0,10,12,24,14,1,20,19,54,14,10,24,78
12/30/2021,MWH,WA,ANM,WE,Combined TRACON& Tower with Radar,6,0,1,0,7,0,0,0,0,0,6,0,1,0,7,0,0,0,7
12/31/2021,MWH,WA,ANM,WE,Combined TRACON& Tower with Radar,6,0,4,0,10,0,0,0,0,0,6,0,4,0,10,0,0,0,10
01/01/2022,MWH,WA,ANM,WE,Combined TRACON& Tower with Radar,0,0,4,0,4,0,3,2,0,5,0,3,6,0,9,0,0,0,9
01/02/2022,MWH,WA,ANM,WE,Combined TRACON& Tower with Radar,7,0,2,0,9,2,0,4,0,6,9,0,6,0,15,8,0,8,23
01/03/2022,MWH,WA,ANM,WE,Combined TRACON& Tower with Radar,2,2,2,0,6,0,0,0,0,0,2,2,2,0,6,0,0,0,6
01/04/2022,MWH,WA,ANM,WE,Combined TRACON& Tower with Radar,0,0,0,0,0,0,0,0,0,0,0,0,0,0,0,0,0,0,0
01/05/2022,MWH,WA,ANM,WE,Combined TRACON& Tower with Radar,5,22,4,4,35,0,28,5,0,33,5,50,9,4,68,144,0,144,212
01/06/2022,MWH,WA,ANM,WE,Combined TRACON& Tower with Radar,2,0,0,0,2,0,0,0,0,0,2,0,0,0,2,0,0,0,2
01/07/2022,MWH,WA,ANM,WE,Combined TRACON& Tower with Radar,4,1,19,9,33,0,0,2,13,15,4,1,21,22,48,2,32,34,82
01/08/2022,MWH,WA,ANM,WE,Combined TRACON& Tower with Radar,2,0,5,1,8,0,0,22,1,23,2,0,27,2,31,52,0,52,83
01/09/2022,MWH,WA,ANM,WE,Combined TRACON& Tower with Radar,4,0,4,0,8,0,2,22,0,24,4,2,26,0,32,1,0,1,33
01/10/2022,MWH,WA,ANM,WE,Combined TRACON& Tower with Radar,8,1,5,19,33,0,61,9,6,76,8,62,14,25,109,349,16,365,474
01/11/2022,MWH,WA,ANM,WE,Combined TRACON& Tower with Radar,8,0,1,1,10,0,60,1,0,61,8,60,2,1,71,291,0,291,362
01/12/2022,MWH,WA,ANM,WE,Combined TRACON& Tower with Radar,0,14,3,17,34,0,82,7,26,115,0,96,10,43,149,328,16,344,493
01/13/2022,MWH,WA,ANM,WE,Combined TRACON& Tower with Radar,22,4,12,32,70,18,88,24,19,149,40,92,36,51,219,340,50,390,609
01/14/2022,MWH,WA,ANM,WE,Combined TRACON& Tower with Radar,6,0,2,0,8,0,0,0,0,0,6,0,2,0,8,0,0,0,8
01/15/2022,MWH,WA,ANM,WE,Combined TRACON& Tower with Radar,6,1,0,0,7,0,0,0,0,0,6,1,0,0,7,0,0,0,7
01/16/2022,MWH,WA,ANM,WE,Combined TRACON& Tower with Radar,4,4,4,0,12,0,0,0,0,0,4,4,4,0,12,0,0,0,12
01/17/2022,MWH,WA,ANM,WE,Combined TRACON& Tower with Radar,9,0,10,0,19,0,0,0,0,0,9,0,10,0,19,0,0,0,19
01/18/2022,MWH,WA,ANM,WE,Combined TRACON& Tower with Radar,0,3,9,2,14,0,0,6,0,6,0,3,15,2,20,2,0,2,22
01/19/2022,MWH,WA,ANM,WE,Combined TRACON& Tower with Radar,14,1,9,3,27,0,0,0,0,0,14,1,9,3,27,0,0,0,27
01/20/2022,MWH,WA,ANM,WE,Combined TRACON& Tower with Radar,2,1,3,4,10,0,0,0,0,0,2,1,3,4,10,0,0,0,10
01/21/2022,MWH,WA,ANM,WE,Combined TRACON& Tower with Radar,25,0,12,13,50,2,0,26,10,38,27,0,38,23,88,14,26,40,128
01/22/2022,MWH,WA,ANM,WE,Combined TRACON& Tower with Radar,4,0,2,0,6,0,0,0,0,0,4,0,2,0,6,0,0,0,6
01/23/2022,MWH,WA,ANM,WE,Combined TRACON& Tower with Radar,2,0,2,0,4,0,0,0,0,0,2,0,2,0,4,0,0,0,4
01/24/2022,MWH,WA,ANM,WE,Combined TRACON& Tower with Radar,7,1,0,0,8,0,0,0,0,0,7,1,0,0,8,0,0,0,8
01/25/2022,MWH,WA,ANM,WE,Combined TRACON& Tower with Radar,17,2,5,3,27,0,0,0,0,0,17,2,5,3,27,0,0,0,27
01/26/2022,MWH,WA,ANM,WE,Combined TRACON& Tower with Radar,16,1,9,28,54,0,9,1,0,10,16,10,10,28,64,166,0,166,230
01/27/2022,MWH,WA,ANM,WE,Combined TRACON& Tower with Radar,12,2,9,12,35,0,46,1,0,47,12,48,10,12,82,306,7,313,395
01/28/2022,MWH,WA,ANM,WE,Combined TRACON& Tower with Radar,21,0,5,6,32,0,0,7,0,7,21,0,12,6,39,21,0,21,60
01/29/2022,MWH,WA,ANM,WE,Combined TRACON& Tower with Radar,4,1,6,2,13,0,0,0,0,0,4,1,6,2,13,0,0,0,13
01/30/2022,MWH,WA,ANM,WE,Combined TRACON& Tower with Radar,4,1,3,0,8,0,0,0,0,0,4,1,3,0,8,0,0,0,8
01/31/2022,MWH,WA,ANM,WE,Combined TRACON& Tower with Radar,2,18,8,43,71,0,87,31,36,154,2,105,39,79,225,314,95,409,634
02/01/2022,MWH,WA,ANM,WE,Combined TRACON& Tower with Radar,27,24,7,15,73,27,98,24,31,180,54,122,31,46,253,276,24,300,553
02/02/2022,MWH,WA,ANM,WE,Combined TRACON& Tower with Radar,25,11,9,24,69,1,94,10,31,136,26,105,19,55,205,264,29,293,498
02/03/2022,MWH,WA,ANM,WE,Combined TRACON& Tower with Radar,22,16,18,14,70,30,64,16,18,128,52,80,34,32,198,171,20,191,389
02/04/2022,MWH,WA,ANM,WE,Combined TRACON& Tower with Radar,15,1,21,25,62,0,0,0,0,0,15,1,21,25,62,2,0,2,64
02/05/2022,MWH,WA,ANM,WE,Combined TRACON& Tower with Radar,5,0,5,0,10,0,0,10,0,10,5,0,15,0,20,0,0,0,20
02/06/2022,MWH,WA,ANM,WE,Combined TRACON& Tower with Radar,2,1,2,0,5,0,0,10,0,10,2,1,12,0,15,10,0,10,25
02/07/2022,MWH,WA,ANM,WE,Combined TRACON& Tower with Radar,0,3,8,12,23,0,24,13,34,71,0,27,21,46,94,102,50,152,246
02/08/2022,MWH,WA,ANM,WE,Combined TRACON& Tower with Radar,17,14,15,13,59,1,103,23,7,134,18,117,38,20,193,208,106,314,507
02/09/2022,MWH,WA,ANM,WE,Combined TRACON& Tower with Radar,15,14,13,15,57,4,100,24,2,130,19,114,37,17,187,190,13,203,390
02/10/2022,MWH,WA,ANM,WE,Combined TRACON& Tower with Radar,17,15,16,36,84,0,99,23,29,151,17,114,39,65,235,253,90,343,578
02/11/2022,MWH,WA,ANM,WE,Combined TRACON& Tower with Radar,29,2,18,6,55,2,2,52,12,68,31,4,70,18,123,118,10,128,251
02/12/2022,MWH,WA,ANM,WE,Combined TRACON& Tower with Radar,8,2,13,2,25,0,1,37,0,38,8,3,50,2,63,16,0,16,79
02/13/2022,MWH,WA,ANM,WE,Combined TRACON& Tower with Radar,4,8,1,0,13,0,0,6,0,6,4,8,7,0,19,4,0,4,23
02/14/2022,MWH,WA,ANM,WE,Combined TRACON& Tower with Radar,20,27,7,21,75,2,101,10,14,127,22,128,17,35,202,308,46,354,556
02/15/2022,MWH,WA,ANM,WE,Combined TRACON& Tower with Radar,1,28,3,16,48,2,110,21,13,146,3,138,24,29,194,240,47,287,481
02/16/2022,MWH,WA,ANM,WE,Combined TRACON& Tower with Radar,20,21,15,13,69,0,96,28,40,164,20,117,43,53,233,182,80,262,495
02/17/2022,MWH,WA,ANM,WE,Combined TRACON& Tower with Radar,7,26,11,13,57,0,82,24,23,129,7,108,35,36,186,220,62,282,468
02/18/2022,MWH,WA,ANM,WE,Combined TRACON& Tower with Radar,6,4,7,7,24,0,0,33,8,41,6,4,40,15,65,62,50,112,177
02/19/2022,MWH,WA,ANM,WE,Combined TRACON& Tower with Radar,4,0,3,0,7,3,1,22,0,26,7,1,25,0,33,20,0,20,53
02/20/2022,MWH,WA,ANM,WE,Combined TRACON& Tower with Radar,0,1,3,0,4,0,0,12,0,12,0,1,15,0,16,11,0,11,27
02/21/2022,MWH,WA,ANM,WE,Combined TRACON& Tower with Radar,9,0,4,0,13,0,0,1,0,1,9,0,5,0,14,0,0,0,14
02/22/2022,MWH,WA,ANM,WE,Combined TRACON& Tower with Radar,7,6,0,6,19,0,20,9,16,45,7,26,9,22,64,50,43,93,157
02/23/2022,MWH,WA,ANM,WE,Combined TRACON& Tower with Radar,8,23,8,19,58,0,102,34,17,153,8,125,42,36,211,212,48,260,471
02/24/2022,MWH,WA,ANM,WE,Combined TRACON& Tower with Radar,0,0,7,4,11,0,2,21,12,35,0,2,28,16,46,2,46,48,94
02/25/2022,MWH,WA,ANM,WE,Combined TRACON& Tower with Radar,10,1,4,13,28,0,0,27,17,44,10,1,31,30,72,46,38,84,156
02/26/2022,MWH,WA,ANM,WE,Combined TRACON& Tower with Radar,12,0,16,0,28,0,0,26,0,26,12,0,42,0,54,20,0,20,74
02/27/2022,MWH,WA,ANM,WE,Combined TRACON& Tower with Radar,4,0,4,0,8,2,0,8,0,10,6,0,12,0,18,12,0,12,30
02/28/2022,MWH,WA,ANM,WE,Combined TRACON& Tower with Radar,4,1,5,4,14,6,0,0,0,6,10,1,5,4,20,0,1,1,21
03/01/2022,MWH,WA,ANM,WE,Combined TRACON& Tower with Radar,46,23,6,19,94,7,104,3,2,116,53,127,9,21,210,232,32,264,474
03/02/2022,MWH,WA,ANM,WE,Combined TRACON& Tower with Radar,14,13,9,30,66,0,64,19,54,137,14,77,28,84,203,312,89,401,604
03/03/2022,MWH,WA,ANM,WE,Combined TRACON& Tower with Radar,9,16,12,10,47,4,73,28,23,128,13,89,40,33,175,172,44,216,391
03/04/2022,MWH,WA,ANM,WE,Combined TRACON& Tower with Radar,18,8,23,3,52,3,3,25,5,36,21,11,48,8,88,28,6,34,122
03/05/2022,MWH,WA,ANM,WE,Combined TRACON& Tower with Radar,4,0,2,3,9,2,2,23,5,32,6,2,25,8,41,20,0,20,61
03/06/2022,MWH,WA,ANM,WE,Combined TRACON& Tower with Radar,6,4,2,3,15,5,4,13,8,30,11,8,15,11,45,4,10,14,59
03/07/2022,MWH,WA,ANM,WE,Combined TRACON& Tower with Radar,28,22,13,5,68,1,124,13,1,139,29,146,26,6,207,272,0,272,479
03/08/2022,MWH,WA,ANM,WE,Combined TRACON& Tower with Radar,43,11,9,15,78,10,68,8,27,113,53,79,17,42,191,216,36,252,443
03/09/2022,MWH,WA,ANM,WE,Combined TRACON& Tower with Radar,23,27,10,9,69,15,83,16,16,130,38,110,26,25,199,192,8,200,399
03/10/2022,MWH,WA,ANM,WE,Combined TRACON& Tower with Radar,4,21,8,10,43,1,101,29,10,141,5,122,37,20,184,254,16,270,454
03/11/2022,MWH,WA,ANM,WE,Combined TRACON& Tower with Radar,18,1,9,14,42,39,6,35,4,84,57,7,44,18,126,18,18,36,162
03/12/2022,MWH,WA,ANM,WE,Combined TRACON& Tower with Radar,11,0,6,0,17,0,5,48,0,53,11,5,54,0,70,38,0,38,108
03/13/2022,MWH,WA,ANM,WE,Combined TRACON& Tower with Radar,8,0,5,0,13,0,2,10,0,12,8,2,15,0,25,0,0,0,25
03/14/2022,MWH,WA,ANM,WE,Combined TRACON& Tower with Radar,12,13,10,13,48,0,78,4,24,106,12,91,14,37,154,232,40,272,426
03/15/2022,MWH,WA,ANM,WE,Combined TRACON& Tower with Radar,20,1,7,17,45,0,58,16,16,90,20,59,23,33,135,173,29,202,337
03/16/2022,MWH,WA,ANM,WE,Combined TRACON& Tower with Radar,24,14,15,6,59,2,94,32,6,134,26,108,47,12,193,189,14,203,396
03/17/2022,MWH,WA,ANM,WE,Combined TRACON& Tower with Radar,20,0,8,1,29,5,0,31,7,43,25,0,39,8,72,22,16,38,110
03/18/2022,MWH,WA,ANM,WE,Combined TRACON& Tower with Radar,5,0,10,34,49,1,0,19,13,33,6,0,29,47,82,19,40,59,141
03/19/2022,MWH,WA,ANM,WE,Combined TRACON& Tower with Radar,13,0,1,1,15,0,1,10,1,12,13,1,11,2,27,38,8,46,73
03/20/2022,MWH,WA,ANM,WE,Combined TRACON& Tower with Radar,0,0,9,0,9,0,0,20,0,20,0,0,29,0,29,8,0,8,37
03/21/2022,MWH,WA,ANM,WE,Combined TRACON& Tower with Radar,8,13,7,26,54,11,8,3,10,32,19,21,10,36,86,36,64,100,186
03/22/2022,MWH,WA,ANM,WE,Combined TRACON& Tower with Radar,17,14,8,23,62,23,27,19,23,92,40,41,27,46,154,92,68,160,314
03/23/2022,MWH,WA,ANM,WE,Combined TRACON& Tower with Radar,18,10,6,27,61,0,21,13,11,45,18,31,19,38,106,68,88,156,262
03/24/2022,MWH,WA,ANM,WE,Combined TRACON& Tower with Radar,47,4,2,5,58,12,19,28,4,63,59,23,30,9,121,66,30,96,217
03/25/2022,MWH,WA,ANM,WE,Combined TRACON& Tower with Radar,25,7,5,3,40,0,10,22,5,37,25,17,27,8,77,20,40,60,137
03/26/2022,MWH,WA,ANM,WE,Combined TRACON& Tower with Radar,8,0,1,4,13,0,0,27,15,42,8,0,28,19,55,38,61,99,154
03/27/2022,MWH,WA,ANM,WE,Combined TRACON& Tower with Radar,16,0,8,5,29,0,1,15,2,18,16,1,23,7,47,4,18,22,69
03/28/2022,MWH,WA,ANM,WE,Combined TRACON& Tower with Radar,11,4,9,52,76,15,5,5,36,61,26,9,14,88,137,13,68,81,218
03/29/2022,MWH,WA,ANM,WE,Combined TRACON& Tower with Radar,5,1,7,20,33,0,2,20,9,31,5,3,27,29,64,40,26,66,130
03/30/2022,MWH,WA,ANM,WE,Combined TRACON& Tower with Radar,21,0,19,3,43,21,2,12,9,44,42,2,31,12,87,5,24,29,116
03/31/2022,MWH,WA,ANM,WE,Combined TRACON& Tower with Radar,2,2,9,3,16,3,3,46,8,60,5,5,55,11,76,4,6,10,86
04/01/2022,MWH,WA,ANM,WE,Combined TRACON& Tower with Radar,33,2,4,6,45,16,8,34,29,87,49,10,38,35,132,18,63,81,213
04/02/2022,MWH,WA,ANM,WE,Combined TRACON& Tower with Radar,9,0,5,0,14,2,2,37,0,41,11,2,42,0,55,4,0,4,59
04/03/2022,MWH,WA,ANM,WE,Combined TRACON& Tower with Radar,8,0,5,0,13,0,3,17,0,20,8,3,22,0,33,4,0,4,37
04/04/2022,MWH,WA,ANM,WE,Combined TRACON& Tower with Radar,28,0,1,4,33,0,9,0,3,12,28,9,1,7,45,56,6,62,107
04/05/2022,MWH,WA,ANM,WE,Combined TRACON& Tower with Radar,10,11,3,3,27,3,32,4,19,58,13,43,7,22,85,153,44,197,282
04/06/2022,MWH,WA,ANM,WE,Combined TRACON& Tower with Radar,37,6,11,17,71,61,117,36,16,230,98,123,47,33,301,358,50,408,709
04/07/2022,MWH,WA,ANM,WE,Combined TRACON& Tower with Radar,9,6,17,10,42,2,98,29,9,138,11,104,46,19,180,298,7,305,485
04/08/2022,MWH,WA,ANM,WE,Combined TRACON& Tower with Radar,26,2,11,6,45,3,2,18,9,32,29,4,29,15,77,0,38,38,115
04/09/2022,MWH,WA,ANM,WE,Combined TRACON& Tower with Radar,12,3,5,0,20,0,2,7,0,9,12,5,12,0,29,0,0,0,29
04/10/2022,MWH,WA,ANM,WE,Combined TRACON& Tower with Radar,0,1,5,0,6,0,2,6,18,26,0,3,11,18,32,2,24,26,58
04/11/2022,MWH,WA,ANM,WE,Combined TRACON& Tower with Radar,29,0,6,9,44,0,0,0,6,6,29,0,6,15,50,0,8,8,58
04/12/2022,MWH,WA,ANM,WE,Combined TRACON& Tower with Radar,24,6,14,6,50,4,59,0,4,67,28,65,14,10,117,266,18,284,401
04/13/2022,MWH,WA,ANM,WE,Combined TRACON& Tower with Radar,7,7,9,31,54,25,33,8,10,76,32,40,17,41,130,46,51,97,227
04/14/2022,MWH,WA,ANM,WE,Combined TRACON& Tower with Radar,0,1,4,5,10,0,0,0,1,1,0,1,4,6,11,0,1,1,12
04/15/2022,MWH,WA,ANM,WE,Combined TRACON& Tower with Radar,24,0,12,22,58,4,2,19,0,25,28,2,31,22,83,44,4,48,131
04/16/2022,MWH,WA,ANM,WE,Combined TRACON& Tower with Radar,0,1,9,1,11,0,0,8,0,8,0,1,17,1,19,8,0,8,27
04/17/2022,MWH,WA,ANM,WE,Combined TRACON& Tower with Radar,4,0,4,0,8,0,0,9,0,9,4,0,13,0,17,0,0,0,17
04/18/2022,MWH,WA,ANM,WE,Combined TRACON& Tower with Radar,0,30,6,5,41,1,81,14,0,96,1,111,20,5,137,272,6,278,415
04/19/2022,MWH,WA,ANM,WE,Combined TRACON& Tower with Radar,8,16,1,12,37,0,92,20,6,118,8,108,21,18,155,212,2,214,369
04/20/2022,MWH,WA,ANM,WE,Combined TRACON& Tower with Radar,21,19,12,13,65,3,92,11,4,110,24,111,23,17,175,263,32,295,470
04/21/2022,MWH,WA,ANM,WE,Combined TRACON& Tower with Radar,39,9,10,11,69,0,26,4,31,61,39,35,14,42,130,76,60,136,266
04/22/2022,MWH,WA,ANM,WE,Combined TRACON& Tower with Radar,17,1,8,1,27,6,4,13,16,39,23,5,21,17,66,10,10,20,86
04/23/2022,MWH,WA,ANM,WE,Combined TRACON& Tower with Radar,7,1,5,0,13,1,0,27,0,28,8,1,32,0,41,2,0,2,43
04/24/2022,MWH,WA,ANM,WE,Combined TRACON& Tower with Radar,4,0,2,0,6,0,1,14,0,15,4,1,16,0,21,4,0,4,25
04/25/2022,MWH,WA,ANM,WE,Combined TRACON& Tower with Radar,26,21,15,17,79,15,97,25,19,156,41,118,40,36,235,350,20,370,605
04/26/2022,MWH,WA,ANM,WE,Combined TRACON& Tower with Radar,20,11,6,10,47,0,66,17,4,87,20,77,23,14,134,148,18,166,300
04/27/2022,MWH,WA,ANM,WE,Combined TRACON& Tower with Radar,18,12,9,6,45,11,124,13,18,166,29,136,22,24,211,314,6,320,531
04/28/2022,MWH,WA,ANM,WE,Combined TRACON& Tower with Radar,17,18,10,21,66,3,105,16,15,139,20,123,26,36,205,340,15,355,560
04/29/2022,MWH,WA,ANM,WE,Combined TRACON& Tower with Radar,17,0,7,5,29,15,6,27,7,55,32,6,34,12,84,6,2,8,92
04/30/2022,MWH,WA,ANM,WE,Combined TRACON& Tower with Radar,8,0,5,0,13,0,0,3,0,3,8,0,8,0,16,0,0,0,16
05/01/2022,MWH,WA,ANM,WE,Combined TRACON& Tower with Radar,7,2,3,0,12,0,0,4,2,6,7,2,7,2,18,0,0,0,18
05/02/2022,MWH,WA,ANM,WE,Combined TRACON& Tower with Radar,8,10,4,25,47,2,90,6,12,110,10,100,10,37,157,304,49,353,510
05/03/2022,MWH,WA,ANM,WE,Combined TRACON& Tower with Radar,28,14,1,29,72,21,91,22,20,154,49,105,23,49,226,303,46,349,575
05/04/2022,MWH,WA,ANM,WE,Combined TRACON& Tower with Radar,19,26,4,26,75,14,159,13,13,199,33,185,17,39,274,232,36,268,542
05/05/2022,MWH,WA,ANM,WE,Combined TRACON& Tower with Radar,11,7,6,8,32,18,47,3,16,84,29,54,9,24,116,202,8,210,326
05/06/2022,MWH,WA,ANM,WE,Combined TRACON& Tower with Radar,19,1,3,4,27,45,1,17,6,69,64,2,20,10,96,13,10,23,119
05/07/2022,MWH,WA,ANM,WE,Combined TRACON& Tower with Radar,4,3,5,0,12,0,2,4,0,6,4,5,9,0,18,0,0,0,18
05/08/2022,MWH,WA,ANM,WE,Combined TRACON& Tower with Radar,4,2,2,0,8,0,0,10,0,10,4,2,12,0,18,0,0,0,18
05/09/2022,MWH,WA,ANM,WE,Combined TRACON& Tower with Radar,22,24,2,7,55,52,100,10,9,171,74,124,12,16,226,331,14,345,571
05/10/2022,MWH,WA,ANM,WE,Combined TRACON& Tower with Radar,22,8,6,3,39,35,116,33,3,187,57,124,39,6,226,242,8,250,476
05/11/2022,MWH,WA,ANM,WE,Combined TRACON& Tower with Radar,17,20,8,2,47,39,93,25,8,165,56,113,33,10,212,217,19,236,448
05/12/2022,MWH,WA,ANM,WE,Combined TRACON& Tower with Radar,12,15,3,7,37,20,59,10,12,101,32,74,13,19,138,138,16,154,292
05/13/2022,MWH,WA,ANM,WE,Combined TRACON& Tower with Radar,20,0,7,13,40,17,1,8,3,29,37,1,15,16,69,2,0,2,71
05/14/2022,MWH,WA,ANM,WE,Combined TRACON& Tower with Radar,12,5,0,5,22,0,1,6,4,11,12,6,6,9,33,4,11,15,48
05/15/2022,MWH,WA,ANM,WE,Combined TRACON& Tower with Radar,10,2,4,0,16,1,0,18,0,19,11,2,22,0,35,10,0,10,45
05/16/2022,MWH,WA,ANM,WE,Combined TRACON& Tower with Radar,4,20,3,2,29,0,87,18,3,108,4,107,21,5,137,209,18,227,364
05/17/2022,MWH,WA,ANM,WE,Combined TRACON& Tower with Radar,21,19,7,15,62,0,112,28,15,155,21,131,35,30,217,319,24,343,560
05/18/2022,MWH,WA,ANM,WE,Combined TRACON& Tower with Radar,14,10,8,5,37,12,53,15,9,89,26,63,23,14,126,184,34,218,344
05/19/2022,MWH,WA,ANM,WE,Combined TRACON& Tower with Radar,19,14,12,12,57,2,31,22,3,58,21,45,34,15,115,168,13,181,296
05/20/2022,MWH,WA,ANM,WE,Combined TRACON& Tower with Radar,45,0,1,16,62,56,2,10,2,70,101,2,11,18,132,10,8,18,150
05/21/2022,MWH,WA,ANM,WE,Combined TRACON& Tower with Radar,6,0,6,0,12,0,1,25,0,26,6,1,31,0,38,46,0,46,84
05/22/2022,MWH,WA,ANM,WE,Combined TRACON& Tower with Radar,18,0,5,0,23,2,0,17,0,19,20,0,22,0,42,18,0,18,60
05/23/2022,MWH,WA,ANM,WE,Combined TRACON& Tower with Radar,17,18,6,6,47,66,72,19,1,158,83,90,25,7,205,194,12,206,411
05/24/2022,MWH,WA,ANM,WE,Combined TRACON& Tower with Radar,30,10,3,9,52,33,117,19,21,190,63,127,22,30,242,244,39,283,525
05/25/2022,MWH,WA,ANM,WE,Combined TRACON& Tower with Radar,23,22,6,6,57,35,91,17,17,160,58,113,23,23,217,249,28,277,494
05/26/2022,MWH,WA,ANM,WE,Combined TRACON& Tower with Radar,19,36,15,6,76,5,79,23,14,121,24,115,38,20,197,198,12,210,407
05/27/2022,MWH,WA,ANM,WE,Combined TRACON& Tower with Radar,10,3,9,0,22,0,3,17,0,20,10,6,26,0,42,20,0,20,62
05/28/2022,MWH,WA,ANM,WE,Combined TRACON& Tower with Radar,0,0,2,0,2,0,2,12,0,14,0,2,14,0,16,26,0,26,42
05/29/2022,MWH,WA,ANM,WE,Combined TRACON& Tower with Radar,4,3,3,0,10,0,0,2,0,2,4,3,5,0,12,0,0,0,12
05/30/2022,MWH,WA,ANM,WE,Combined TRACON& Tower with Radar,0,1,6,0,7,0,0,15,0,15,0,1,21,0,22,66,0,66,88
05/31/2022,MWH,WA,ANM,WE,Combined TRACON& Tower with Radar,10,41,10,17,78,1,63,21,24,109,11,104,31,41,187,194,78,272,459
06/01/2022,MWH,WA,ANM,WE,Combined TRACON& Tower with Radar,9,20,8,7,44,1,90,22,5,118,10,110,30,12,162,219,18,237,399
06/02/2022,MWH,WA,ANM,WE,Combined TRACON& Tower with Radar,32,32,0,6,70,19,107,9,8,143,51,139,9,14,213,188,10,198,411
06/03/2022,MWH,WA,ANM,WE,Combined TRACON& Tower with Radar,16,0,2,9,27,0,0,4,0,4,16,0,6,9,31,4,10,14,45
06/04/2022,MWH,WA,ANM,WE,Combined TRACON& Tower with Radar,16,2,17,3,38,0,4,10,0,14,16,6,27,3,52,70,0,70,122
06/05/2022,MWH,WA,ANM,WE,Combined TRACON& Tower with Radar,9,1,2,0,12,0,1,9,0,10,9,2,11,0,22,6,0,6,28
06/06/2022,MWH,WA,ANM,WE,Combined TRACON& Tower with Radar,9,37,6,2,54,0,81,23,0,104,9,118,29,2,158,156,26,182,340
06/07/2022,MWH,WA,ANM,WE,Combined TRACON& Tower with Radar,34,20,5,2,61,1,115,42,11,169,35,135,47,13,230,250,8,258,488
06/08/2022,MWH,WA,ANM,WE,Combined TRACON& Tower with Radar,6,22,6,8,42,1,69,20,17,107,7,91,26,25,149,300,32,332,481
06/09/2022,MWH,WA,ANM,WE,Combined TRACON& Tower with Radar,18,41,9,3,71,0,75,17,7,99,18,116,26,10,170,418,20,438,608
06/10/2022,MWH,WA,ANM,WE,Combined TRACON& Tower with Radar,10,0,13,2,25,0,1,15,4,20,10,1,28,6,45,4,6,10,55
06/11/2022,MWH,WA,ANM,WE,Combined TRACON& Tower with Radar,4,0,10,1,15,0,3,28,3,34,4,3,38,4,49,44,3,47,96
06/12/2022,MWH,WA,ANM,WE,Combined TRACON& Tower with Radar,2,0,5,1,8,0,0,3,1,4,2,0,8,2,12,0,0,0,12
06/13/2022,MWH,WA,ANM,WE,Combined TRACON& Tower with Radar,11,18,11,11,51,0,40,3,9,52,11,58,14,20,103,112,40,152,255
06/14/2022,MWH,WA,ANM,WE,Combined TRACON& Tower with Radar,17,25,5,6,53,0,35,1,16,52,17,60,6,22,105,78,14,92,197
06/15/2022,MWH,WA,ANM,WE,Combined TRACON& Tower with Radar,10,21,7,15,53,0,46,27,33,106,10,67,34,48,159,154,42,196,355
06/16/2022,MWH,WA,ANM,WE,Combined TRACON& Tower with Radar,9,0,18,17,44,8,60,44,26,138,17,60,62,43,182,100,38,138,320
06/17/2022,MWH,WA,ANM,WE,Combined TRACON& Tower with Radar,9,4,3,5,21,0,16,21,2,39,9,20,24,7,60,36,0,36,96
06/18/2022,MWH,WA,ANM,WE,Combined TRACON& Tower with Radar,18,1,2,1,22,4,0,29,1,34,22,1,31,2,56,6,0,6,62
06/19/2022,MWH,WA,ANM,WE,Combined TRACON& Tower with Radar,6,1,9,2,18,0,7,70,3,80,6,8,79,5,98,0,0,0,98
06/20/2022,MWH,WA,ANM,WE,Combined TRACON& Tower with Radar,27,3,8,1,39,0,7,31,3,41,27,10,39,4,80,30,0,30,110
06/21/2022,MWH,WA,ANM,WE,Combined TRACON& Tower with Radar,26,1,4,9,40,23,3,23,28,77,49,4,27,37,117,50,34,84,201
06/22/2022,MWH,WA,ANM,WE,Combined TRACON& Tower with Radar,14,0,3,3,20,4,16,22,5,47,18,16,25,8,67,62,18,80,147
06/23/2022,MWH,WA,ANM,WE,Combined TRACON& Tower with Radar,22,0,16,5,43,0,8,26,10,44,22,8,42,15,87,63,10,73,160
06/24/2022,MWH,WA,ANM,WE,Combined TRACON& Tower with Radar,25,0,4,2,31,19,5,11,5,40,44,5,15,7,71,4,16,20,91
06/25/2022,MWH,WA,ANM,WE,Combined TRACON& Tower with Radar,14,2,5,0,21,0,0,29,4,33,14,2,34,4,54,4,0,4,58
06/26/2022,MWH,WA,ANM,WE,Combined TRACON& Tower with Radar,9,0,0,0,9,0,1,28,0,29,9,1,28,0,38,0,0,0,38
06/27/2022,MWH,WA,ANM,WE,Combined TRACON& Tower with Radar,15,24,0,16,55,10,92,27,10,139,25,116,27,26,194,220,27,247,441
06/28/2022,MWH,WA,ANM,WE,Combined TRACON& Tower with Radar,27,36,0,14,77,0,32,11,13,56,27,68,11,27,133,174,8,182,315
06/29/2022,MWH,WA,ANM,WE,Combined TRACON& Tower with Radar,8,38,11,14,71,4,105,18,25,152,12,143,29,39,223,189,88,277,500
06/30/2022,MWH,WA,ANM,WE,Combined TRACON& Tower with Radar,18,40,3,2,63,10,107,28,0,145,28,147,31,2,208,284,0,284,492
07/01/2022,MWH,WA,ANM,WE,Combined TRACON& Tower with Radar,12,16,10,0,38,17,91,41,0,149,29,107,51,0,187,238,0,238,425
07/02/2022,MWH,WA,ANM,WE,Combined TRACON& Tower with Radar,5,0,1,0,6,0,2,15,0,17,5,2,16,0,23,6,1,7,30
07/03/2022,MWH,WA,ANM,WE,Combined TRACON& Tower with Radar,0,0,3,0,3,0,0,2,0,2,0,0,5,0,5,0,0,0,5
07/04/2022,MWH,WA,ANM,WE,Combined TRACON& Tower with Radar,1,1,2,0,4,0,0,14,0,14,1,1,16,0,18,6,0,6,24
07/05/2022,MWH,WA,ANM,WE,Combined TRACON& Tower with Radar,26,38,8,3,75,1,58,22,0,81,27,96,30,3,156,252,0,252,408
07/06/2022,MWH,WA,ANM,WE,Combined TRACON& Tower with Radar,5,28,9,15,57,12,59,21,27,119,17,87,30,42,176,236,26,262,438
07/07/2022,MWH,WA,ANM,WE,Combined TRACON& Tower with Radar,11,24,4,14,53,0,47,27,20,94,11,71,31,34,147,144,25,169,316
07/08/2022,MWH,WA,ANM,WE,Combined TRACON& Tower with Radar,22,36,10,16,84,2,59,18,10,89,24,95,28,26,173,220,18,238,411
07/09/2022,MWH,WA,ANM,WE,Combined TRACON& Tower with Radar,14,0,6,3,23,1,0,5,6,12,15,0,11,9,35,0,12,12,47
07/10/2022,MWH,WA,ANM,WE,Combined TRACON& Tower with Radar,4,0,4,0,8,0,1,13,1,15,4,1,17,1,23,3,0,3,26
07/11/2022,MWH,WA,ANM,WE,Combined TRACON& Tower with Radar,12,44,4,10,70,18,80,12,10,120,30,124,16,20,190,122,6,128,318
07/12/2022,MWH,WA,ANM,WE,Combined TRACON& Tower with Radar,11,16,7,11,45,21,70,11,29,131,32,86,18,40,176,208,24,232,408
07/13/2022,MWH,WA,ANM,WE,Combined TRACON& Tower with Radar,8,30,16,11,65,4,58,26,15,103,12,88,42,26,168,283,44,327,495
07/14/2022,MWH,WA,ANM,WE,Combined TRACON& Tower with Radar,4,28,11,24,67,0,70,37,24,131,4,98,48,48,198,308,69,377,575
07/15/2022,MWH,WA,ANM,WE,Combined TRACON& Tower with Radar,16,44,13,6,79,3,72,38,21,134,19,116,51,27,213,212,34,246,459
07/16/2022,MWH,WA,ANM,WE,Combined TRACON& Tower with Radar,14,0,8,0,22,0,0,22,0,22,14,0,30,0,44,8,0,8,52
07/17/2022,MWH,WA,ANM,WE,Combined TRACON& Tower with Radar,10,0,7,0,17,0,1,23,0,24,10,1,30,0,41,8,0,8,49
07/18/2022,MWH,WA,ANM,WE,Combined TRACON& Tower with Radar,11,34,6,6,57,4,68,15,22,109,15,102,21,28,166,190,18,208,374
07/19/2022,MWH,WA,ANM,WE,Combined TRACON& Tower with Radar,14,49,2,10,75,13,86,14,9,122,27,135,16,19,197,270,2,272,469
07/20/2022,MWH,WA,ANM,WE,Combined TRACON& Tower with Radar,29,54,9,13,105,0,85,25,25,135,29,139,34,38,240,290,30,320,560
07/21/2022,MWH,WA,ANM,WE,Combined TRACON& Tower with Radar,28,39,9,3,79,1,54,27,9,91,29,93,36,12,170,192,24,216,386
07/22/2022,MWH,WA,ANM,WE,Combined TRACON& Tower with Radar,14,50,14,1,79,5,68,26,12,111,19,118,40,13,190,340,30,370,560
07/23/2022,MWH,WA,ANM,WE,Combined TRACON& Tower with Radar,10,2,5,5,22,4,4,10,17,35,14,6,15,22,57,4,44,48,105
07/24/2022,MWH,WA,ANM,WE,Combined TRACON& Tower with Radar,12,0,2,3,17,0,0,10,8,18,12,0,12,11,35,2,10,12,47
07/25/2022,MWH,WA,ANM,WE,Combined TRACON& Tower with Radar,19,40,8,4,71,2,75,12,20,109,21,115,20,24,180,274,14,288,468
07/26/2022,MWH,WA,ANM,WE,Combined TRACON& Tower with Radar,19,46,4,4,73,3,64,12,9,88,22,110,16,13,161,194,10,204,365
07/27/2022,MWH,WA,ANM,WE,Combined TRACON& Tower with Radar,21,31,6,12,70,0,55,31,14,100,21,86,37,26,170,250,14,264,434
07/28/2022,MWH,WA,ANM,WE,Combined TRACON& Tower with Radar,24,34,5,7,70,6,52,19,24,101,30,86,24,31,171,408,10,418,589
07/29/2022,MWH,WA,ANM,WE,Combined TRACON& Tower with Radar,12,29,3,8,52,2,63,18,22,105,14,92,21,30,157,274,34,308,465
07/30/2022,MWH,WA,ANM,WE,Combined TRACON& Tower with Radar,4,1,3,0,8,0,2,5,0,7,4,3,8,0,15,2,0,2,17
07/31/2022,MWH,WA,ANM,WE,Combined TRACON& Tower with Radar,8,0,5,2,15,2,0,10,0,12,10,0,15,2,27,16,0,16,43
08/01/2022,MWH,WA,ANM,WE,Combined TRACON& Tower with Radar,17,30,7,3,57,34,59,17,19,129,51,89,24,22,186,424,2,426,612
08/02/2022,MWH,WA,ANM,WE,Combined TRACON& Tower with Radar,6,28,4,21,59,19,54,25,18,116,25,82,29,39,175,286,56,342,517
08/03/2022,MWH,WA,ANM,WE,Combined TRACON& Tower with Radar,6,25,6,8,45,86,59,10,19,174,92,84,16,27,219,166,20,186,405
08/04/2022,MWH,WA,ANM,WE,Combined TRACON& Tower with Radar,6,12,3,1,22,64,44,7,7,122,70,56,10,8,144,148,28,176,320
08/05/2022,MWH,WA,ANM,WE,Combined TRACON& Tower with Radar,24,6,3,2,35,41,14,15,17,87,65,20,18,19,122,92,31,123,245
08/06/2022,MWH,WA,ANM,WE,Combined TRACON& Tower with Radar,3,0,11,1,15,0,2,18,3,23,3,2,29,4,38,8,4,12,50
08/07/2022,MWH,WA,ANM,WE,Combined TRACON& Tower with Radar,4,0,0,0,4,4,0,21,0,25,8,0,21,0,29,12,0,12,41
08/08/2022,MWH,WA,ANM,WE,Combined TRACON& Tower with Radar,10,1,9,9,29,6,5,40,24,75,16,6,49,33,104,10,8,18,122
08/09/2022,MWH,WA,ANM,WE,Combined TRACON& Tower with Radar,8,2,7,8,25,3,17,32,5,57,11,19,39,13,82,46,0,46,128
08/10/2022,MWH,WA,ANM,WE,Combined TRACON& Tower with Radar,2,0,8,12,22,54,40,41,11,146,56,40,49,23,168,50,20,70,238
08/11/2022,MWH,WA,ANM,WE,Combined TRACON& Tower with Radar,9,2,11,18,40,7,6,47,9,69,16,8,58,27,109,42,28,70,179
08/12/2022,MWH,WA,ANM,WE,Combined TRACON& Tower with Radar,18,0,7,17,42,28,4,32,10,74,46,4,39,27,116,28,12,40,156
08/13/2022,MWH,WA,ANM,WE,Combined TRACON& Tower with Radar,8,0,2,0,10,0,20,21,0,41,8,20,23,0,51,0,0,0,51
08/14/2022,MWH,WA,ANM,WE,Combined TRACON& Tower with Radar,4,0,0,5,9,1,2,6,7,16,5,2,6,12,25,0,26,26,51
08/15/2022,MWH,WA,ANM,WE,Combined TRACON& Tower with Radar,5,0,6,9,20,5,13,8,30,56,10,13,14,39,76,16,44,60,136
08/16/2022,MWH,WA,ANM,WE,Combined TRACON& Tower with Radar,20,0,3,7,30,5,1,21,17,44,25,1,24,24,74,18,40,58,132
08/17/2022,MWH,WA,ANM,WE,Combined TRACON& Tower with Radar,14,1,9,8,32,7,22,37,40,106,21,23,46,48,138,54,48,102,240
08/18/2022,MWH,WA,ANM,WE,Combined TRACON& Tower with Radar,19,0,11,16,46,15,14,17,21,67,34,14,28,37,113,6,22,28,141
08/19/2022,MWH,WA,ANM,WE,Combined TRACON& Tower with Radar,8,1,14,11,34,24,10,29,19,82,32,11,43,30,116,28,22,50,166
08/20/2022,MWH,WA,ANM,WE,Combined TRACON& Tower with Radar,8,0,10,4,22,2,7,22,0,31,10,7,32,4,53,44,0,44,97
08/21/2022,MWH,WA,ANM,WE,Combined TRACON& Tower with Radar,0,2,8,0,10,0,0,19,0,19,0,2,27,0,29,0,0,0,29
08/22/2022,MWH,WA,ANM,WE,Combined TRACON& Tower with Radar,14,1,11,6,32,8,1,19,5,33,22,2,30,11,65,32,30,62,127
08/23/2022,MWH,WA,ANM,WE,Combined TRACON& Tower with Radar,4,0,7,10,21,7,10,14,15,46,11,10,21,25,67,10,47,57,124
08/24/2022,MWH,WA,ANM,WE,Combined TRACON& Tower with Radar,16,0,3,23,42,14,7,26,24,71,30,7,29,47,113,80,42,122,235
08/25/2022,MWH,WA,ANM,WE,Combined TRACON& Tower with Radar,22,1,6,16,45,21,10,30,12,73,43,11,36,28,118,104,63,167,285
08/26/2022,MWH,WA,ANM,WE,Combined TRACON& Tower with Radar,17,0,5,17,39,14,22,18,24,78,31,22,23,41,117,18,61,79,196
08/27/2022,MWH,WA,ANM,WE,Combined TRACON& Tower with Radar,4,0,5,1,10,1,5,4,3,13,5,5,9,4,23,4,0,4,27
08/28/2022,MWH,WA,ANM,WE,Combined TRACON& Tower with Radar,0,0,3,0,3,1,1,13,0,15,1,1,16,0,18,4,0,4,22
08/29/2022,MWH,WA,ANM,WE,Combined TRACON& Tower with Radar,11,1,4,16,32,0,0,16,10,26,11,1,20,26,58,30,20,50,108
08/30/2022,MWH,WA,ANM,WE,Combined TRACON& Tower with Radar,31,0,6,14,51,5,6,26,8,45,36,6,32,22,96,10,52,62,158
08/31/2022,MWH,WA,ANM,WE,Combined TRACON& Tower with Radar,15,0,7,7,29,6,0,16,24,46,21,0,23,31,75,46,50,96,171
09/01/2022,MWH,WA,ANM,WE,Combined TRACON& Tower with Radar,14,2,13,3,32,9,2,39,16,66,23,4,52,19,98,0,16,16,114
09/02/2022,MWH,WA,ANM,WE,Combined TRACON& Tower with Radar,12,4,7,0,23,7,0,12,5,24,19,4,19,5,47,2,0,2,49
09/03/2022,MWH,WA,ANM,WE,Combined TRACON& Tower with Radar,12,2,2,0,16,0,25,14,3,42,12,27,16,3,58,12,0,12,70
09/04/2022,MWH,WA,ANM,WE,Combined TRACON& Tower with Radar,14,3,1,1,19,31,14,14,7,66,45,17,15,8,85,2,16,18,103
09/05/2022,MWH,WA,ANM,WE,Combined TRACON& Tower with Radar,0,2,4,0,6,3,8,17,0,28,3,10,21,0,34,2,0,2,36
09/06/2022,MWH,WA,ANM,WE,Combined TRACON& Tower with Radar,9,0,4,6,19,16,12,22,15,65,25,12,26,21,84,12,24,36,120
09/07/2022,MWH,WA,ANM,WE,Combined TRACON& Tower with Radar,25,3,6,34,68,4,17,7,14,42,29,20,13,48,110,2,38,40,150
09/08/2022,MWH,WA,ANM,WE,Combined TRACON& Tower with Radar,16,2,13,22,53,10,27,40,28,105,26,29,53,50,158,14,55,69,227
09/09/2022,MWH,WA,ANM,WE,Combined TRACON& Tower with Radar,20,5,17,16,58,0,15,19,11,45,20,20,36,27,103,86,40,126,229
09/10/2022,MWH,WA,ANM,WE,Combined TRACON& Tower with Radar,2,0,8,1,11,10,12,37,13,72,12,12,45,14,83,28,0,28,111
09/11/2022,MWH,WA,ANM,WE,Combined TRACON& Tower with Radar,24,0,3,4,31,14,5,8,16,43,38,5,11,20,74,0,0,0,74
09/12/2022,MWH,WA,ANM,WE,Combined TRACON& Tower with Radar,24,3,2,7,36,2,0,0,18,20,26,3,2,25,56,2,56,58,114
09/13/2022,MWH,WA,ANM,WE,Combined TRACON& Tower with Radar,7,0,7,9,23,2,27,4,10,43,9,27,11,19,66,132,24,156,222
09/14/2022,MWH,WA,ANM,WE,Combined TRACON& Tower with Radar,13,3,6,18,40,0,29,10,24,63,13,32,16,42,103,68,94,162,265
09/15/2022,MWH,WA,ANM,WE,Combined TRACON& Tower with Radar,19,6,4,8,37,1,56,18,18,93,20,62,22,26,130,142,50,192,322
09/16/2022,MWH,WA,ANM,WE,Combined TRACON& Tower with Radar,7,1,6,8,22,21,2,17,11,51,28,3,23,19,73,38,18,56,129
09/17/2022,MWH,WA,ANM,WE,Combined TRACON& Tower with Radar,18,2,9,0,29,2,0,29,0,31,20,2,38,0,60,22,0,22,82
09/18/2022,MWH,WA,ANM,WE,Combined TRACON& Tower with Radar,8,0,3,0,11,0,2,29,0,31,8,2,32,0,42,32,0,32,74
09/19/2022,MWH,WA,ANM,WE,Combined TRACON& Tower with Radar,16,2,7,13,38,0,71,29,23,123,16,73,36,36,161,226,34,260,421
09/20/2022,MWH,WA,ANM,WE,Combined TRACON& Tower with Radar,15,14,9,4,42,5,69,4,14,92,20,83,13,18,134,174,36,210,344
09/21/2022,MWH,WA,ANM,WE,Combined TRACON& Tower with Radar,28,24,12,6,70,16,81,14,9,120,44,105,26,15,190,252,24,276,466
09/22/2022,MWH,WA,ANM,WE,Combined TRACON& Tower with Radar,11,0,10,9,30,3,78,8,22,111,14,78,18,31,141,294,20,314,455
09/23/2022,MWH,WA,ANM,WE,Combined TRACON& Tower with Radar,15,1,5,5,26,10,17,23,12,62,25,18,28,17,88,22,2,24,112
09/24/2022,MWH,WA,ANM,WE,Combined TRACON& Tower with Radar,7,0,2,0,9,0,1,36,0,37,7,1,38,0,46,30,6,36,82
09/25/2022,MWH,WA,ANM,WE,Combined TRACON& Tower with Radar,8,0,4,0,12,0,0,8,0,8,8,0,12,0,20,0,0,0,20
09/26/2022,MWH,WA,ANM,WE,Combined TRACON& Tower with Radar,15,2,4,8,29,0,94,35,12,141,15,96,39,20,170,276,22,298,468
09/27/2022,MWH,WA,ANM,WE,Combined TRACON& Tower with Radar,15,5,6,9,35,17,81,22,24,144,32,86,28,33,179,383,17,400,579
09/28/2022,MWH,WA,ANM,WE,Combined TRACON& Tower with Radar,21,14,15,20,70,13,82,22,20,137,34,96,37,40,207,336,50,386,593
09/29/2022,MWH,WA,ANM,WE,Combined TRACON& Tower with Radar,10,5,12,17,44,0,91,28,33,152,10,96,40,50,196,422,42,464,660
09/30/2022,MWH,WA,ANM,WE,Combined TRACON& Tower with Radar,25,4,9,2,40,2,6,13,1,22,27,10,22,3,62,0,22,22,84
10/01/2022,MWH,WA,ANM,WE,Combined TRACON& Tower with Radar,16,0,4,0,20,0,0,15,0,15,16,0,19,0,35,6,0,6,41
10/02/2022,MWH,WA,ANM,WE,Combined TRACON& Tower with Radar,8,0,0,0,8,0,1,11,0,12,8,1,11,0,20,0,0,0,20
10/03/2022,MWH,WA,ANM,WE,Combined TRACON& Tower with Radar,14,2,6,9,31,13,98,22,24,157,27,100,28,33,188,370,50,420,608
10/04/2022,MWH,WA,ANM,WE,Combined TRACON& Tower with Radar,16,6,4,17,43,0,91,22,19,132,16,97,26,36,175,329,52,381,556
10/05/2022,MWH,WA,ANM,WE,Combined TRACON& Tower with Radar,8,7,4,6,25,0,83,6,20,109,8,90,10,26,134,566,52,618,752
10/06/2022,MWH,WA,ANM,WE,Combined TRACON& Tower with Radar,9,0,10,4,23,14,64,18,10,106,23,64,28,14,129,390,0,390,519
10/07/2022,MWH,WA,ANM,WE,Combined TRACON& Tower with Radar,29,2,8,11,50,11,4,49,17,81,40,6,57,28,131,30,16,46,177
10/08/2022,MWH,WA,ANM,WE,Combined TRACON& Tower with Radar,6,0,12,2,20,0,3,21,0,24,6,3,33,2,44,0,0,0,44
10/09/2022,MWH,WA,ANM,WE,Combined TRACON& Tower with Radar,4,0,3,0,7,0,0,19,0,19,4,0,22,0,26,0,0,0,26
10/10/2022,MWH,WA,ANM,WE,Combined TRACON& Tower with Radar,22,4,5,1,32,0,72,10,2,84,22,76,15,3,116,456,0,456,572
10/11/2022,MWH,WA,ANM,WE,Combined TRACON& Tower with Radar,25,24,4,18,71,6,78,25,7,116,31,102,29,25,187,376,22,398,585
10/12/2022,MWH,WA,ANM,WE,Combined TRACON& Tower with Radar,34,0,2,21,57,0,79,27,20,126,34,79,29,41,183,322,24,346,529
10/13/2022,MWH,WA,ANM,WE,Combined TRACON& Tower with Radar,17,19,6,11,53,2,51,37,10,100,19,70,43,21,153,282,34,316,469
10/14/2022,MWH,WA,ANM,WE,Combined TRACON& Tower with Radar,27,2,1,16,46,0,2,15,11,28,27,4,16,27,74,4,32,36,110
10/15/2022,MWH,WA,ANM,WE,Combined TRACON& Tower with Radar,11,0,8,0,19,1,3,45,0,49,12,3,53,0,68,4,0,4,72
10/16/2022,MWH,WA,ANM,WE,Combined TRACON& Tower with Radar,12,0,8,0,20,0,0,18,7,25,12,0,26,7,45,2,0,2,47
10/17/2022,MWH,WA,ANM,WE,Combined TRACON& Tower with Radar,16,8,4,8,36,7,71,12,5,95,23,79,16,13,131,362,2,364,495
10/18/2022,MWH,WA,ANM,WE,Combined TRACON& Tower with Radar,29,12,7,8,56,10,70,10,7,97,39,82,17,15,153,444,10,454,607
10/19/2022,MWH,WA,ANM,WE,Combined TRACON& Tower with Radar,6,0,13,6,25,8,67,9,6,90,14,67,22,12,115,660,0,660,775
10/20/2022,MWH,WA,ANM,WE,Combined TRACON& Tower with Radar,18,10,13,10,51,13,46,21,4,84,31,56,34,14,135,526,0,526,661
10/21/2022,MWH,WA,ANM,WE,Combined TRACON& Tower with Radar,19,3,5,13,40,0,0,1,3,4,19,3,6,16,44,38,25,63,107
10/22/2022,MWH,WA,ANM,WE,Combined TRACON& Tower with Radar,23,0,4,0,27,3,2,14,0,19,26,2,18,0,46,8,0,8,54
10/23/2022,MWH,WA,ANM,WE,Combined TRACON& Tower with Radar,10,0,5,0,15,0,3,28,0,31,10,3,33,0,46,26,0,26,72
10/24/2022,MWH,WA,ANM,WE,Combined TRACON& Tower with Radar,11,10,6,12,39,5,49,2,24,80,16,59,8,36,119,462,84,546,665
10/25/2022,MWH,WA,ANM,WE,Combined TRACON& Tower with Radar,13,11,5,10,39,5,67,9,24,105,18,78,14,34,144,386,44,430,574
10/26/2022,MWH,WA,ANM,WE,Combined TRACON& Tower with Radar,20,9,1,28,58,8,85,40,20,153,28,94,41,48,211,493,77,570,781
10/27/2022,MWH,WA,ANM,WE,Combined TRACON& Tower with Radar,13,6,6,3,28,8,75,14,13,110,21,81,20,16,138,416,46,462,600
10/28/2022,MWH,WA,ANM,WE,Combined TRACON& Tower with Radar,5,0,10,4,19,4,0,18,5,27,9,0,28,9,46,32,8,40,86
10/29/2022,MWH,WA,ANM,WE,Combined TRACON& Tower with Radar,13,0,13,0,26,4,0,13,0,17,17,0,26,0,43,44,0,44,87
10/30/2022,MWH,WA,ANM,WE,Combined TRACON& Tower with Radar,8,0,1,0,9,0,0,7,0,7,8,0,8,0,16,26,0,26,42
10/31/2022,MWH,WA,ANM,WE,Combined TRACON& Tower with Radar,3,13,7,2,25,9,50,8,11,78,12,63,15,13,103,482,32,514,617
11/01/2022,MWH,WA,ANM,WE,Combined TRACON& Tower with Radar,23,15,9,16,63,1,70,24,14,109,24,85,33,30,172,472,34,506,678
11/02/2022,MWH,WA,ANM,WE,Combined TRACON& Tower with Radar,12,19,9,16,56,0,72,15,4,91,12,91,24,20,147,594,1,595,742
11/03/2022,MWH,WA,ANM,WE,Combined TRACON& Tower with Radar,30,10,1,27,68,10,53,6,25,94,40,63,7,52,162,456,56,512,674
11/04/2022,MWH,WA,ANM,WE,Combined TRACON& Tower with Radar,11,2,2,3,18,0,0,7,0,7,11,2,9,3,25,6,0,6,31
11/05/2022,MWH,WA,ANM,WE,Combined TRACON& Tower with Radar,10,0,14,0,24,1,1,21,0,23,11,1,35,0,47,0,0,0,47
11/06/2022,MWH,WA,ANM,WE,Combined TRACON& Tower with Radar,7,5,5,0,17,0,0,0,0,0,7,5,5,0,17,0,0,0,17
11/07/2022,MWH,WA,ANM,WE,Combined TRACON& Tower with Radar,16,19,11,7,53,7,57,4,25,93,23,76,15,32,146,416,46,462,608
11/08/2022,MWH,WA,ANM,WE,Combined TRACON& Tower with Radar,17,7,9,34,67,10,52,6,8,76,27,59,15,42,143,256,42,298,441
11/09/2022,MWH,WA,ANM,WE,Combined TRACON& Tower with Radar,29,10,11,18,68,10,101,33,18,162,39,111,44,36,230,513,30,543,773
11/10/2022,MWH,WA,ANM,WE,Combined TRACON& Tower with Radar,29,18,6,25,78,13,83,33,1,130,42,101,39,26,208,283,8,291,499
11/11/2022,MWH,WA,ANM,WE,Combined TRACON& Tower with Radar,21,0,10,0,31,0,0,4,0,4,21,0,14,0,35,0,0,0,35
11/12/2022,MWH,WA,ANM,WE,Combined TRACON& Tower with Radar,7,1,2,0,10,0,0,9,0,9,7,1,11,0,19,0,0,0,19
11/13/2022,MWH,WA,ANM,WE,Combined TRACON& Tower with Radar,24,0,8,2,34,4,1,9,0,14,28,1,17,2,48,2,0,2,50
11/14/2022,MWH,WA,ANM,WE,Combined TRACON& Tower with Radar,20,9,20,16,65,0,63,3,17,83,20,72,23,33,148,428,48,476,624
11/15/2022,MWH,WA,ANM,WE,Combined TRACON& Tower with Radar,38,3,6,13,60,2,0,0,0,2,40,3,6,13,62,0,0,0,62
11/16/2022,MWH,WA,ANM,WE,Combined TRACON& Tower with Radar,19,4,14,3,40,0,10,2,0,12,19,14,16,3,52,328,2,330,382
11/17/2022,MWH,WA,ANM,WE,Combined TRACON& Tower with Radar,8,14,2,1,25,1,61,36,9,107,9,75,38,10,132,360,14,374,506
11/18/2022,MWH,WA,ANM,WE,Combined TRACON& Tower with Radar,32,2,9,19,62,10,6,23,3,42,42,8,32,22,104,26,40,66,170
11/19/2022,MWH,WA,ANM,WE,Combined TRACON& Tower with Radar,18,2,6,0,26,0,0,21,0,21,18,2,27,0,47,70,0,70,117
11/20/2022,MWH,WA,ANM,WE,Combined TRACON& Tower with Radar,8,3,1,0,12,0,0,26,0,26,8,3,27,0,38,2,0,2,40
11/21/2022,MWH,WA,ANM,WE,Combined TRACON& Tower with Radar,17,15,9,20,61,0,61,22,10,93,17,76,31,30,154,404,2,406,560
11/22/2022,MWH,WA,ANM,WE,Combined TRACON& Tower with Radar,6,0,4,0,10,0,0,0,0,0,6,0,4,0,10,0,0,0,10
11/23/2022,MWH,WA,ANM,WE,Combined TRACON& Tower with Radar,21,5,9,4,39,1,0,7,0,8,22,5,16,4,47,24,0,24,71
11/24/2022,MWH,WA,ANM,WE,Combined TRACON& Tower with Radar,4,1,1,0,6,0,0,5,0,5,4,1,6,0,11,0,0,0,11
11/25/2022,MWH,WA,ANM,WE,Combined TRACON& Tower with Radar,0,0,1,0,1,0,0,0,0,0,0,0,1,0,1,0,0,0,1
11/26/2022,MWH,WA,ANM,WE,Combined TRACON& Tower with Radar,6,0,1,0,7,0,0,0,0,0,6,0,1,0,7,0,0,0,7
11/27/2022,MWH,WA,ANM,WE,Combined TRACON& Tower with Radar,8,2,7,0,17,0,0,6,0,6,8,2,13,0,23,0,0,0,23
11/28/2022,MWH,WA,ANM,WE,Combined TRACON& Tower with Radar,12,7,6,12,37,0,48,0,13,61,12,55,6,25,98,291,30,321,419
11/29/2022,MWH,WA,ANM,WE,Combined TRACON& Tower with Radar,3,3,7,17,30,1,30,0,0,31,4,33,7,17,61,158,0,158,219
11/30/2022,MWH,WA,ANM,WE,Combined TRACON& Tower with Radar,12,3,3,0,18,0,0,0,0,0,12,3,3,0,18,0,0,0,18
12/01/2022,MWH,WA,ANM,WE,Combined TRACON& Tower with Radar,23,0,4,0,27,2,2,14,0,18,25,2,18,0,45,8,0,8,53
12/02/2022,MWH,WA,ANM,WE,Combined TRACON& Tower with Radar,7,2,11,6,26,0,0,2,0,2,7,2,13,6,28,0,8,8,36
12/03/2022,MWH,WA,ANM,WE,Combined TRACON& Tower with Radar,8,0,2,0,10,0,1,19,0,20,8,1,21,0,30,2,0,2,32
12/04/2022,MWH,WA,ANM,WE,Combined TRACON& Tower with Radar,19,0,4,0,23,0,0,1,0,1,19,0,5,0,24,32,0,32,56
12/05/2022,MWH,WA,ANM,WE,Combined TRACON& Tower with Radar,15,5,5,0,25,0,3,5,0,8,15,8,10,0,33,56,0,56,89
12/06/2022,MWH,WA,ANM,WE,Combined TRACON& Tower with Radar,16,2,5,0,23,0,0,0,0,0,16,2,5,0,23,0,0,0,23
12/07/2022,MWH,WA,ANM,WE,Combined TRACON& Tower with Radar,15,8,11,5,39,0,0,3,0,3,15,8,14,5,42,10,0,10,52
12/08/2022,MWH,WA,ANM,WE,Combined TRACON& Tower with Radar,6,0,2,3,11,0,0,0,0,0,6,0,2,3,11,0,0,0,11
12/09/2022,MWH,WA,ANM,WE,Combined TRACON& Tower with Radar,6,5,2,1,14,0,0,0,0,0,6,5,2,1,14,0,0,0,14
12/10/2022,MWH,WA,ANM,WE,Combined TRACON& Tower with Radar,0,1,3,0,4,0,0,0,0,0,0,1,3,0,4,0,0,0,4
12/11/2022,MWH,WA,ANM,WE,Combined TRACON& Tower with Radar,6,7,2,0,15,0,0,3,0,3,6,7,5,0,18,0,0,0,18
12/12/2022,MWH,WA,ANM,WE,Combined TRACON& Tower with Radar,30,1,6,11,48,0,2,12,2,16,30,3,18,13,64,26,18,44,108
12/13/2022,MWH,WA,ANM,WE,Combined TRACON& Tower with Radar,31,4,4,8,47,0,1,7,17,25,31,5,11,25,72,18,10,28,100
12/14/2022,MWH,WA,ANM,WE,Combined TRACON& Tower with Radar,25,3,3,8,39,0,0,2,1,3,25,3,5,9,42,0,0,0,42
12/15/2022,MWH,WA,ANM,WE,Combined TRACON& Tower with Radar,11,2,4,2,19,0,0,0,0,0,11,2,4,2,19,0,0,0,19
12/16/2022,MWH,WA,ANM,WE,Combined TRACON& Tower with Radar,9,2,2,3,16,0,0,0,0,0,9,2,2,3,16,0,0,0,16
12/17/2022,MWH,WA,ANM,WE,Combined TRACON& Tower with Radar,13,2,2,0,17,0,0,0,0,0,13,2,2,0,17,0,0,0,17
12/18/2022,MWH,WA,ANM,WE,Combined TRACON& Tower with Radar,6,2,13,0,21,0,0,0,0,0,6,2,13,0,21,0,0,0,21
12/19/2022,MWH,WA,ANM,WE,Combined TRACON& Tower with Radar,10,0,2,4,16,0,0,2,4,6,10,0,4,8,22,0,4,4,26
12/20/2022,MWH,WA,ANM,WE,Combined TRACON& Tower with Radar,4,2,0,3,9,0,0,0,0,0,4,2,0,3,9,0,0,0,9
12/21/2022,MWH,WA,ANM,WE,Combined TRACON& Tower with Radar,20,0,5,9,34,2,0,4,8,14,22,0,9,17,48,2,8,10,58
12/22/2022,MWH,WA,ANM,WE,Combined TRACON& Tower with Radar,18,1,2,8,29,0,0,1,19,20,18,1,3,27,49,54,12,66,115
12/23/2022,MWH,WA,ANM,WE,Combined TRACON& Tower with Radar,2,2,0,0,4,0,0,0,0,0,2,2,0,0,4,0,0,0,4
12/24/2022,MWH,WA,ANM,WE,Combined TRACON& Tower with Radar,4,2,0,0,6,0,0,0,0,0,4,2,0,0,6,0,0,0,6
12/25/2022,MWH,WA,ANM,WE,Combined TRACON& Tower with Radar,0,0,0,0,0,0,0,0,0,0,0,0,0,0,0,0,0,0,0
12/26/2022,MWH,WA,ANM,WE,Combined TRACON& Tower with Radar,8,2,2,0,12,0,0,0,0,0,8,2,2,0,12,0,0,0,12
12/27/2022,MWH,WA,ANM,WE,Combined TRACON& Tower with Radar,20,1,4,2,27,0,0,4,0,4,20,1,8,2,31,0,0,0,31
12/28/2022,MWH,WA,ANM,WE,Combined TRACON& Tower with Radar,4,3,3,6,16,0,1,14,21,36,4,4,17,27,52,0,20,20,72
12/29/2022,MWH,WA,ANM,WE,Combined TRACON& Tower with Radar,5,0,12,10,27,0,0,2,3,5,5,0,14,13,32,40,32,72,104
12/30/2022,MWH,WA,ANM,WE,Combined TRACON& Tower with Radar,4,3,2,0,9,0,0,1,0,1,4,3,3,0,10,0,0,0,10
12/31/2022,MWH,WA,ANM,WE,Combined TRACON& Tower with Radar,0,1,1,0,2,0,0,0,0,0,0,1,1,0,2,0,0,0,2
01/01/2023,MWH,WA,ANM,WE,Combined TRACON& Tower with Radar,0,7,0,0,7,0,0,0,0,0,0,7,0,0,7,0,0,0,7
01/02/2023,MWH,WA,ANM,WE,Combined TRACON& Tower with Radar,4,2,3,0,9,0,0,1,0,1,4,2,4,0,10,0,0,0,10
01/03/2023,MWH,WA,ANM,WE,Combined TRACON& Tower with Radar,2,0,7,2,11,0,0,0,0,0,2,0,7,2,11,0,0,0,11
01/04/2023,MWH,WA,ANM,WE,Combined TRACON& Tower with Radar,9,0,3,12,24,0,45,3,30,78,9,45,6,42,102,302,46,348,450
01/05/2023,MWH,WA,ANM,WE,Combined TRACON& Tower with Radar,17,0,7,1,25,0,70,13,3,86,17,70,20,4,111,431,4,435,546
01/06/2023,MWH,WA,ANM,WE,Combined TRACON& Tower with Radar,7,1,13,6,27,0,0,15,1,16,7,1,28,7,43,2,6,8,51
01/07/2023,MWH,WA,ANM,WE,Combined TRACON& Tower with Radar,1,1,6,0,8,0,1,3,0,4,1,2,9,0,12,4,0,4,16
01/08/2023,MWH,WA,ANM,WE,Combined TRACON& Tower with Radar,0,2,7,0,9,0,0,3,0,3,0,2,10,0,12,18,0,18,30
01/09/2023,MWH,WA,ANM,WE,Combined TRACON& Tower with Radar,5,4,9,0,18,0,34,3,3,40,5,38,12,3,58,222,6,228,286
01/10/2023,MWH,WA,ANM,WE,Combined TRACON& Tower with Radar,27,1,6,7,41,3,72,13,10,98,30,73,19,17,139,451,14,465,604
01/11/2023,MWH,WA,ANM,WE,Combined TRACON& Tower with Radar,22,5,7,14,48,0,16,0,7,23,22,21,7,21,71,8,24,32,103
01/12/2023,MWH,WA,ANM,WE,Combined TRACON& Tower with Radar,7,6,4,21,38,0,1,0,1,2,7,7,4,22,40,70,0,70,110
01/13/2023,MWH,WA,ANM,WE,Combined TRACON& Tower with Radar,28,6,11,20,65,1,0,1,0,2,29,6,12,20,67,10,0,10,77
01/14/2023,MWH,WA,ANM,WE,Combined TRACON& Tower with Radar,16,2,6,0,24,0,5,7,0,12,16,7,13,0,36,20,0,20,56
01/15/2023,MWH,WA,ANM,WE,Combined TRACON& Tower with Radar,0,1,15,0,16,0,0,0,0,0,0,1,15,0,16,0,0,0,16
01/16/2023,MWH,WA,ANM,WE,Combined TRACON& Tower with Radar,34,6,12,0,52,0,0,0,0,0,34,6,12,0,52,0,0,0,52
01/17/2023,MWH,WA,ANM,WE,Combined TRACON& Tower with Radar,8,1,18,6,33,0,0,0,0,0,8,1,18,6,33,0,0,0,33
01/18/2023,MWH,WA,ANM,WE,Combined TRACON& Tower with Radar,3,0,9,5,17,0,0,0,2,2,3,0,9,7,19,0,12,12,31
01/19/2023,MWH,WA,ANM,WE,Combined TRACON& Tower with Radar,25,4,24,53,106,1,85,28,42,156,26,89,52,95,262,446,106,552,814
01/20/2023,MWH,WA,ANM,WE,Combined TRACON& Tower with Radar,39,3,7,8,57,0,3,23,23,49,39,6,30,31,106,24,50,74,180
01/21/2023,MWH,WA,ANM,WE,Combined TRACON& Tower with Radar,30,5,4,0,39,0,0,2,0,2,30,5,6,0,41,0,0,0,41
01/22/2023,MWH,WA,ANM,WE,Combined TRACON& Tower with Radar,12,1,2,0,15,10,0,13,0,23,22,1,15,0,38,0,0,0,38
01/23/2023,MWH,WA,ANM,WE,Combined TRACON& Tower with Radar,22,11,20,7,60,0,4,0,0,4,22,15,20,7,64,24,6,30,94
01/24/2023,MWH,WA,ANM,WE,Combined TRACON& Tower with Radar,9,3,4,16,32,0,0,1,13,14,9,3,5,29,46,0,34,34,80
01/25/2023,MWH,WA,ANM,WE,Combined TRACON& Tower with Radar,26,7,3,22,58,0,93,14,16,123,26,100,17,38,181,298,58,356,537
01/26/2023,MWH,WA,ANM,WE,Combined TRACON& Tower with Radar,5,1,3,5,14,0,0,0,0,0,5,1,3,5,14,0,0,0,14
01/27/2023,MWH,WA,ANM,WE,Combined TRACON& Tower with Radar,16,4,10,13,43,0,0,19,14,33,16,4,29,27,76,32,52,84,160
01/28/2023,MWH,WA,ANM,WE,Combined TRACON& Tower with Radar,6,2,4,0,12,0,0,0,0,0,6,2,4,0,12,0,0,0,12
01/29/2023,MWH,WA,ANM,WE,Combined TRACON& Tower with Radar,7,0,2,0,9,5,2,12,0,19,12,2,14,0,28,6,0,6,34
01/30/2023,MWH,WA,ANM,WE,Combined TRACON& Tower with Radar,7,7,3,19,36,0,104,27,27,158,7,111,30,46,194,346,68,414,608
01/31/2023,MWH,WA,ANM,WE,Combined TRACON& Tower with Radar,17,1,0,10,28,2,15,5,2,24,19,16,5,12,52,122,0,122,174
02/01/2023,MWH,WA,ANM,WE,Combined TRACON& Tower with Radar,7,12,5,14,38,0,69,6,17,92,7,81,11,31,130,242,32,274,404
02/02/2023,MWH,WA,ANM,WE,Combined TRACON& Tower with Radar,10,6,7,7,30,0,85,31,20,136,10,91,38,27,166,422,18,440,606
02/03/2023,MWH,WA,ANM,WE,Combined TRACON& Tower with Radar,16,0,3,16,35,16,0,16,15,47,32,0,19,31,82,6,64,70,152
02/04/2023,MWH,WA,ANM,WE,Combined TRACON& Tower with Radar,7,1,1,11,20,0,2,16,2,20,7,3,17,13,40,48,11,59,99
02/05/2023,MWH,WA,ANM,WE,Combined TRACON& Tower with Radar,2,2,2,3,9,0,0,3,0,3,2,2,5,3,12,0,0,0,12
02/06/2023,MWH,WA,ANM,WE,Combined TRACON& Tower with Radar,19,10,11,35,75,3,82,13,9,107,22,92,24,44,182,284,68,352,534
02/07/2023,MWH,WA,ANM,WE,Combined TRACON& Tower with Radar,23,2,6,12,43,1,75,2,10,88,24,77,8,22,131,304,28,332,463
02/08/2023,MWH,WA,ANM,WE,Combined TRACON& Tower with Radar,26,6,15,11,58,10,93,25,36,164,36,99,40,47,222,260,74,334,556
02/09/2023,MWH,WA,ANM,WE,Combined TRACON& Tower with Radar,22,4,14,8,48,0,113,40,14,167,22,117,54,22,215,438,20,458,673
02/10/2023,MWH,WA,ANM,WE,Combined TRACON& Tower with Radar,20,0,6,21,47,2,1,58,22,83,22,1,64,43,130,26,78,104,234
02/11/2023,MWH,WA,ANM,WE,Combined TRACON& Tower with Radar,10,6,3,0,19,6,0,12,0,18,16,6,15,0,37,6,0,6,43
02/12/2023,MWH,WA,ANM,WE,Combined TRACON& Tower with Radar,8,3,4,0,15,0,1,15,1,17,8,4,19,1,32,32,0,32,64
02/13/2023,MWH,WA,ANM,WE,Combined TRACON& Tower with Radar,6,18,8,7,39,3,54,4,24,85,9,72,12,31,124,198,52,250,374
02/14/2023,MWH,WA,ANM,WE,Combined TRACON& Tower with Radar,29,0,4,19,52,2,49,28,18,97,31,49,32,37,149,206,46,252,401
02/15/2023,MWH,WA,ANM,WE,Combined TRACON& Tower with Radar,5,9,10,21,45,1,92,29,10,132,6,101,39,31,177,309,25,334,511
02/16/2023,MWH,WA,ANM,WE,Combined TRACON& Tower with Radar,25,0,10,13,48,15,102,25,16,158,40,102,35,29,206,324,29,353,559
02/17/2023,MWH,WA,ANM,WE,Combined TRACON& Tower with Radar,22,1,10,6,39,12,6,40,7,65,34,7,50,13,104,22,18,40,144
02/18/2023,MWH,WA,ANM,WE,Combined TRACON& Tower with Radar,14,0,10,0,24,0,1,50,0,51,14,1,60,0,75,8,0,8,83
02/19/2023,MWH,WA,ANM,WE,Combined TRACON& Tower with Radar,6,0,8,0,14,4,0,1,0,5,10,0,9,0,19,0,0,0,19
02/20/2023,MWH,WA,ANM,WE,Combined TRACON& Tower with Radar,0,0,3,0,3,0,0,13,0,13,0,0,16,0,16,4,0,4,20
02/21/2023,MWH,WA,ANM,WE,Combined TRACON& Tower with Radar,12,0,4,12,28,2,67,9,14,92,14,67,13,26,120,214,48,262,382
02/22/2023,MWH,WA,ANM,WE,Combined TRACON& Tower with Radar,14,2,6,1,23,0,1,1,1,3,14,3,7,2,26,0,6,6,32
02/23/2023,MWH,WA,ANM,WE,Combined TRACON& Tower with Radar,29,4,7,6,46,0,0,6,1,7,29,4,13,7,53,0,8,8,61
02/24/2023,MWH,WA,ANM,WE,Combined TRACON& Tower with Radar,11,1,9,0,21,1,0,40,0,41,12,1,49,0,62,22,0,22,84
02/25/2023,MWH,WA,ANM,WE,Combined TRACON& Tower with Radar,10,0,1,2,13,1,4,27,0,32,11,4,28,2,45,29,0,29,74
02/26/2023,MWH,WA,ANM,WE,Combined TRACON& Tower with Radar,4,5,1,0,10,0,1,4,0,5,4,6,5,0,15,0,0,0,15
02/27/2023,MWH,WA,ANM,WE,Combined TRACON& Tower with Radar,7,6,4,15,32,10,57,4,10,81,17,63,8,25,113,182,44,226,339
02/28/2023,MWH,WA,ANM,WE,Combined TRACON& Tower with Radar,27,1,2,9,39,2,21,14,6,43,29,22,16,15,82,120,19,139,221
03/01/2023,MWH,WA,ANM,WE,Combined TRACON& Tower with Radar,4,8,8,4,24,2,95,22,26,145,6,103,30,30,169,250,46,296,465
03/02/2023,MWH,WA,ANM,WE,Combined TRACON& Tower with Radar,5,5,19,9,38,1,41,10,5,57,6,46,29,14,95,94,0,94,189
03/03/2023,MWH,WA,ANM,WE,Combined TRACON& Tower with Radar,5,2,5,3,15,0,2,12,1,15,5,4,17,4,30,32,10,42,72
03/04/2023,MWH,WA,ANM,WE,Combined TRACON& Tower with Radar,13,0,15,1,29,0,2,23,13,38,13,2,38,14,67,6,4,10,77
03/05/2023,MWH,WA,ANM,WE,Combined TRACON& Tower with Radar,8,4,3,0,15,0,0,3,1,4,8,4,6,1,19,0,0,0,19
03/06/2023,MWH,WA,ANM,WE,Combined TRACON& Tower with Radar,13,1,6,3,23,0,8,3,0,11,13,9,9,3,34,100,0,100,134
03/07/2023,MWH,WA,ANM,WE,Combined TRACON& Tower with Radar,17,1,6,12,36,4,106,25,5,140,21,107,31,17,176,426,20,446,622
03/08/2023,MWH,WA,ANM,WE,Combined TRACON& Tower with Radar,23,11,6,16,56,2,80,20,7,109,25,91,26,23,165,277,32,309,474
03/09/2023,MWH,WA,ANM,WE,Combined TRACON& Tower with Radar,4,5,6,7,22,0,72,14,1,87,4,77,20,8,109,543,0,543,652
03/10/2023,MWH,WA,ANM,WE,Combined TRACON& Tower with Radar,0,0,6,1,7,0,0,0,4,4,0,0,6,5,11,2,8,10,21
03/11/2023,MWH,WA,ANM,WE,Combined TRACON& Tower with Radar,7,1,9,0,17,0,1,37,0,38,7,2,46,0,55,34,0,34,89
03/12/2023,MWH,WA,ANM,WE,Combined TRACON& Tower with Radar,7,4,0,0,11,0,1,10,0,11,7,5,10,0,22,8,0,8,30
03/13/2023,MWH,WA,ANM,WE,Combined TRACON& Tower with Radar,10,9,10,16,45,1,78,6,5,90,11,87,16,21,135,136,20,156,291
03/14/2023,MWH,WA,ANM,WE,Combined TRACON& Tower with Radar,32,16,14,11,73,7,79,32,30,148,39,95,46,41,221,283,33,316,537
03/15/2023,MWH,WA,ANM,WE,Combined TRACON& Tower with Radar,30,15,9,19,73,3,64,22,9,98,33,79,31,28,171,106,112,218,389
03/16/2023,MWH,WA,ANM,WE,Combined TRACON& Tower with Radar,13,8,6,15,42,1,87,41,24,153,14,95,47,39,195,264,57,321,516
03/17/2023,MWH,WA,ANM,WE,Combined TRACON& Tower with Radar,8,2,18,8,36,0,2,37,12,51,8,4,55,20,87,56,8,64,151
03/18/2023,MWH,WA,ANM,WE,Combined TRACON& Tower with Radar,14,0,1,0,15,0,0,11,0,11,14,0,12,0,26,16,0,16,42
03/19/2023,MWH,WA,ANM,WE,Combined TRACON& Tower with Radar,11,0,0,0,11,3,0,16,0,19,14,0,16,0,30,2,0,2,32
03/20/2023,MWH,WA,ANM,WE,Combined TRACON& Tower with Radar,21,4,4,10,39,4,10,2,4,20,25,14,6,14,59,54,30,84,143
03/21/2023,MWH,WA,ANM,WE,Combined TRACON& Tower with Radar,13,4,8,12,37,0,32,16,33,81,13,36,24,45,118,88,107,195,313
03/22/2023,MWH,WA,ANM,WE,Combined TRACON& Tower with Radar,12,0,5,8,25,0,11,37,16,64,12,11,42,24,89,90,34,124,213
03/23/2023,MWH,WA,ANM,WE,Combined TRACON& Tower with Radar,22,2,3,23,50,0,5,27,5,37,22,7,30,28,87,28,42,70,157
03/24/2023,MWH,WA,ANM,WE,Combined TRACON& Tower with Radar,14,1,11,6,32,0,1,24,5,30,14,2,35,11,62,68,12,80,142
03/25/2023,MWH,WA,ANM,WE,Combined TRACON& Tower with Radar,8,6,4,1,19,0,1,30,4,35,8,7,34,5,54,62,4,66,120
03/26/2023,MWH,WA,ANM,WE,Combined TRACON& Tower with Radar,13,1,5,0,19,6,0,12,0,18,19,1,17,0,37,2,0,2,39
03/27/2023,MWH,WA,ANM,WE,Combined TRACON& Tower with Radar,21,0,18,11,50,3,1,50,12,66,24,1,68,23,116,10,28,38,154
03/28/2023,MWH,WA,ANM,WE,Combined TRACON& Tower with Radar,18,0,2,1,21,0,0,8,1,9,18,0,10,2,30,0,0,0,30
03/29/2023,MWH,WA,ANM,WE,Combined TRACON& Tower with Radar,18,0,4,12,34,4,14,33,2,53,22,14,37,14,87,36,20,56,143
03/30/2023,MWH,WA,ANM,WE,Combined TRACON& Tower with Radar,12,6,5,2,25,0,2,22,3,27,12,8,27,5,52,30,2,32,84
03/31/2023,MWH,WA,ANM,WE,Combined TRACON& Tower with Radar,17,2,1,3,23,17,1,15,3,36,34,3,16,6,59,40,2,42,101
04/01/2023,MWH,WA,ANM,WE,Combined TRACON& Tower with Radar,0,0,1,0,1,0,1,4,0,5,0,1,5,0,6,2,0,2,8
04/02/2023,MWH,WA,ANM,WE,Combined TRACON& Tower with Radar,0,2,1,2,5,0,1,8,0,9,0,3,9,2,14,12,0,12,26
04/03/2023,MWH,WA,ANM,WE,Combined TRACON& Tower with Radar,4,6,4,4,18,4,49,17,4,74,8,55,21,8,92,397,18,415,507
04/04/2023,MWH,WA,ANM,WE,Combined TRACON& Tower with Radar,21,3,6,16,46,5,82,13,2,102,26,85,19,18,148,241,30,271,419
04/05/2023,MWH,WA,ANM,WE,Combined TRACON& Tower with Radar,22,11,9,2,44,6,65,46,4,121,28,76,55,6,165,275,16,291,456
04/06/2023,MWH,WA,ANM,WE,Combined TRACON& Tower with Radar,26,10,0,12,48,2,82,12,14,110,28,92,12,26,158,286,45,331,489
04/07/2023,MWH,WA,ANM,WE,Combined TRACON& Tower with Radar,22,0,5,5,32,0,0,7,3,10,22,0,12,8,42,52,4,56,98
04/08/2023,MWH,WA,ANM,WE,Combined TRACON& Tower with Radar,17,2,4,0,23,1,0,26,0,27,18,2,30,0,50,34,0,34,84
04/09/2023,MWH,WA,ANM,WE,Combined TRACON& Tower with Radar,7,0,0,0,7,0,0,4,0,4,7,0,4,0,11,44,0,44,55
04/10/2023,MWH,WA,ANM,WE,Combined TRACON& Tower with Radar,26,3,15,0,44,0,4,0,0,4,26,7,15,0,48,48,0,48,96
04/11/2023,MWH,WA,ANM,WE,Combined TRACON& Tower with Radar,2,16,5,5,28,0,43,5,1,49,2,59,10,6,77,106,49,155,232
04/12/2023,MWH,WA,ANM,WE,Combined TRACON& Tower with Radar,10,24,11,13,58,0,114,40,8,162,10,138,51,21,220,220,24,244,464
04/13/2023,MWH,WA,ANM,WE,Combined TRACON& Tower with Radar,4,18,20,31,73,1,93,42,16,152,5,111,62,47,225,332,60,392,617
04/14/2023,MWH,WA,ANM,WE,Combined TRACON& Tower with Radar,9,2,18,18,47,17,27,41,7,92,26,29,59,25,139,96,34,130,269
04/15/2023,MWH,WA,ANM,WE,Combined TRACON& Tower with Radar,12,12,10,0,34,0,4,9,0,13,12,16,19,0,47,12,0,12,59
04/16/2023,MWH,WA,ANM,WE,Combined TRACON& Tower with Radar,5,1,2,9,17,0,1,6,0,7,5,2,8,9,24,0,0,0,24
04/17/2023,MWH,WA,ANM,WE,Combined TRACON& Tower with Radar,11,22,8,10,51,0,88,23,20,131,11,110,31,30,182,247,41,288,470
04/18/2023,MWH,WA,ANM,WE,Combined TRACON& Tower with Radar,17,7,3,17,44,9,60,23,4,96,26,67,26,21,140,188,26,214,354
04/19/2023,MWH,WA,ANM,WE,Combined TRACON& Tower with Radar,13,29,5,26,73,0,88,13,20,121,13,117,18,46,194,397,50,447,641
04/20/2023,MWH,WA,ANM,WE,Combined TRACON& Tower with Radar,0,13,4,4,21,0,77,24,3,104,0,90,28,7,125,214,42,256,381
04/21/2023,MWH,WA,ANM,WE,Combined TRACON& Tower with Radar,9,1,29,1,40,0,4,33,3,40,9,5,62,4,80,44,0,44,124
04/22/2023,MWH,WA,ANM,WE,Combined TRACON& Tower with Radar,9,0,5,0,14,2,4,27,0,33,11,4,32,0,47,64,0,64,111
04/23/2023,MWH,WA,ANM,WE,Combined TRACON& Tower with Radar,13,2,6,0,21,2,11,6,0,19,15,13,12,0,40,28,0,28,68
04/24/2023,MWH,WA,ANM,WE,Combined TRACON& Tower with Radar,2,6,4,7,19,1,60,13,21,95,3,66,17,28,114,351,110,461,575
04/25/2023,MWH,WA,ANM,WE,Combined TRACON& Tower with Radar,14,16,6,22,58,0,69,29,12,110,14,85,35,34,168,254,60,314,482
04/26/2023,MWH,WA,ANM,WE,Combined TRACON& Tower with Radar,13,20,6,14,53,2,99,34,3,138,15,119,40,17,191,210,58,268,459
04/27/2023,MWH,WA,ANM,WE,Combined TRACON& Tower with Radar,11,8,5,7,31,1,72,41,14,128,12,80,46,21,159,62,44,106,265
04/28/2023,MWH,WA,ANM,WE,Combined TRACON& Tower with Radar,14,1,6,6,27,4,1,60,12,77,18,2,66,18,104,34,12,46,150
04/29/2023,MWH,WA,ANM,WE,Combined TRACON& Tower with Radar,4,0,3,1,8,0,1,27,22,50,4,1,30,23,58,32,4,36,94
04/30/2023,MWH,WA,ANM,WE,Combined TRACON& Tower with Radar,7,0,2,0,9,1,0,21,0,22,8,0,23,0,31,4,0,4,35
05/01/2023,MWH,WA,ANM,WE,Combined TRACON& Tower with Radar,3,28,9,8,48,0,73,35,5,113,3,101,44,13,161,202,0,202,363
05/02/2023,MWH,WA,ANM,WE,Combined TRACON& Tower with Radar,3,12,12,10,37,10,66,23,4,103,13,78,35,14,140,160,51,211,351
05/03/2023,MWH,WA,ANM,WE,Combined TRACON& Tower with Radar,13,10,10,18,51,1,105,41,38,185,14,115,51,56,236,164,48,212,448
05/04/2023,MWH,WA,ANM,WE,Combined TRACON& Tower with Radar,9,8,9,15,41,1,67,38,7,113,10,75,47,22,154,218,24,242,396
05/05/2023,MWH,WA,ANM,WE,Combined TRACON& Tower with Radar,14,12,10,4,40,4,1,13,0,18,18,13,23,4,58,29,0,29,87
05/06/2023,MWH,WA,ANM,WE,Combined TRACON& Tower with Radar,8,0,0,0,8,4,2,4,0,10,12,2,4,0,18,10,0,10,28
05/07/2023,MWH,WA,ANM,WE,Combined TRACON& Tower with Radar,14,2,2,0,18,0,0,20,0,20,14,2,22,0,38,36,0,36,74
05/08/2023,MWH,WA,ANM,WE,Combined TRACON& Tower with Radar,14,17,8,1,40,10,68,13,0,91,24,85,21,1,131,154,0,154,285
05/09/2023,MWH,WA,ANM,WE,Combined TRACON& Tower with Radar,15,18,5,7,45,5,77,4,7,93,20,95,9,14,138,263,6,269,407
05/10/2023,MWH,WA,ANM,WE,Combined TRACON& Tower with Radar,45,12,23,3,83,20,92,50,7,169,65,104,73,10,252,188,4,192,444
05/11/2023,MWH,WA,ANM,WE,Combined TRACON& Tower with Radar,7,6,13,19,45,0,78,51,15,144,7,84,64,34,189,178,28,206,395
05/12/2023,MWH,WA,ANM,WE,Combined TRACON& Tower with Radar,15,4,14,4,37,1,6,44,7,58,16,10,58,11,95,53,8,61,156
05/13/2023,MWH,WA,ANM,WE,Combined TRACON& Tower with Radar,6,0,3,0,9,0,3,18,0,21,6,3,21,0,30,14,0,14,44
05/14/2023,MWH,WA,ANM,WE,Combined TRACON& Tower with Radar,4,0,0,0,4,0,1,5,0,6,4,1,5,0,10,0,0,0,10
05/15/2023,MWH,WA,ANM,WE,Combined TRACON& Tower with Radar,10,18,3,13,44,5,67,23,2,97,15,85,26,15,141,214,4,218,359
05/16/2023,MWH,WA,ANM,WE,Combined TRACON& Tower with Radar,4,26,2,1,33,0,61,2,2,65,4,87,4,3,98,178,0,178,276
05/17/2023,MWH,WA,ANM,WE,Combined TRACON& Tower with Radar,13,20,14,5,52,3,76,30,5,114,16,96,44,10,166,252,0,252,418
05/18/2023,MWH,WA,ANM,WE,Combined TRACON& Tower with Radar,12,12,6,11,41,19,59,27,2,107,31,71,33,13,148,349,18,367,515
05/19/2023,MWH,WA,ANM,WE,Combined TRACON& Tower with Radar,19,4,3,21,47,1,2,31,0,34,20,6,34,21,81,68,0,68,149
05/20/2023,MWH,WA,ANM,WE,Combined TRACON& Tower with Radar,12,0,4,0,16,0,0,15,0,15,12,0,19,0,31,0,0,0,31
05/21/2023,MWH,WA,ANM,WE,Combined TRACON& Tower with Radar,10,0,1,0,11,0,1,2,1,4,10,1,3,1,15,2,0,2,17
05/22/2023,MWH,WA,ANM,WE,Combined TRACON& Tower with Radar,27,16,3,10,56,12,58,14,14,98,39,74,17,24,154,161,42,203,357
05/23/2023,MWH,WA,ANM,WE,Combined TRACON& Tower with Radar,15,20,16,5,56,0,84,37,4,125,15,104,53,9,181,272,12,284,465
05/24/2023,MWH,WA,ANM,WE,Combined TRACON& Tower with Radar,24,22,7,13,66,10,93,40,17,160,34,115,47,30,226,294,52,346,572
05/25/2023,MWH,WA,ANM,WE,Combined TRACON& Tower with Radar,23,4,5,9,41,13,63,58,14,148,36,67,63,23,189,307,22,329,518
05/26/2023,MWH,WA,ANM,WE,Combined TRACON& Tower with Radar,15,0,5,0,20,8,1,29,0,38,23,1,34,0,58,42,0,42,100
05/27/2023,MWH,WA,ANM,WE,Combined TRACON& Tower with Radar,0,1,6,0,7,0,1,21,0,22,0,2,27,0,29,12,0,12,41
05/28/2023,MWH,WA,ANM,WE,Combined TRACON& Tower with Radar,0,0,2,0,2,0,0,13,0,13,0,0,15,0,15,0,0,0,15
05/29/2023,MWH,WA,ANM,WE,Combined TRACON& Tower with Radar,0,0,6,0,6,4,0,16,0,20,4,0,22,0,26,10,0,10,36
05/30/2023,MWH,WA,ANM,WE,Combined TRACON& Tower with Radar,4,18,3,5,30,1,66,16,6,89,5,84,19,11,119,285,22,307,426
05/31/2023,MWH,WA,ANM,WE,Combined TRACON& Tower with Radar,21,31,7,8,67,10,78,18,10,116,31,109,25,18,183,146,64,210,393
06/01/2023,MWH,WA,ANM,WE,Combined TRACON& Tower with Radar,12,14,9,12,47,25,74,60,16,175,37,88,69,28,222,180,4,184,406
06/02/2023,MWH,WA,ANM,WE,Combined TRACON& Tower with Radar,19,6,8,3,36,49,3,29,6,87,68,9,37,9,123,48,40,88,211
06/03/2023,MWH,WA,ANM,WE,Combined TRACON& Tower with Radar,4,2,2,1,9,2,1,32,4,39,6,3,34,5,48,10,0,10,58
06/04/2023,MWH,WA,ANM,WE,Combined TRACON& Tower with Radar,8,14,0,0,22,0,0,16,0,16,8,14,16,0,38,0,0,0,38
06/05/2023,MWH,WA,ANM,WE,Combined TRACON& Tower with Radar,17,30,13,2,62,7,97,39,0,143,24,127,52,2,205,162,0,162,367
06/06/2023,MWH,WA,ANM,WE,Combined TRACON& Tower with Radar,13,31,11,2,57,2,65,30,15,112,15,96,41,17,169,201,20,221,390
06/07/2023,MWH,WA,ANM,WE,Combined TRACON& Tower with Radar,27,26,12,12,77,5,72,42,14,133,32,98,54,26,210,236,14,250,460
06/08/2023,MWH,WA,ANM,WE,Combined TRACON& Tower with Radar,25,18,9,3,55,13,62,28,16,119,38,80,37,19,174,322,12,334,508
06/09/2023,MWH,WA,ANM,WE,Combined TRACON& Tower with Radar,30,12,13,4,59,0,1,13,4,18,30,13,26,8,77,54,14,68,145
06/10/2023,MWH,WA,ANM,WE,Combined TRACON& Tower with Radar,10,0,10,5,25,1,1,22,2,26,11,1,32,7,51,20,0,20,71
06/11/2023,MWH,WA,ANM,WE,Combined TRACON& Tower with Radar,11,0,6,2,19,2,2,7,5,16,13,2,13,7,35,16,4,20,55
06/12/2023,MWH,WA,ANM,WE,Combined TRACON& Tower with Radar,17,30,8,9,64,8,66,47,5,126,25,96,55,14,190,208,20,228,418
06/13/2023,MWH,WA,ANM,WE,Combined TRACON& Tower with Radar,11,35,0,12,58,9,53,26,15,103,20,88,26,27,161,74,9,83,244
06/14/2023,MWH,WA,ANM,WE,Combined TRACON& Tower with Radar,23,25,2,9,59,4,70,15,27,116,27,95,17,36,175,68,32,100,275
06/15/2023,MWH,WA,ANM,WE,Combined TRACON& Tower with Radar,7,17,3,9,36,0,21,51,3,75,7,38,54,12,111,92,0,92,203
06/16/2023,MWH,WA,ANM,WE,Combined TRACON& Tower with Radar,18,6,0,3,27,0,9,22,4,35,18,15,22,7,62,46,0,46,108
06/17/2023,MWH,WA,ANM,WE,Combined TRACON& Tower with Radar,5,3,6,1,15,9,5,42,7,63,14,8,48,8,78,0,0,0,78
06/18/2023,MWH,WA,ANM,WE,Combined TRACON& Tower with Radar,6,2,7,3,18,0,6,22,1,29,6,8,29,4,47,0,0,0,47
06/19/2023,MWH,WA,ANM,WE,Combined TRACON& Tower with Radar,10,0,4,0,14,6,2,23,6,37,16,2,27,6,51,6,0,6,57
06/20/2023,MWH,WA,ANM,WE,Combined TRACON& Tower with Radar,10,1,3,17,31,0,0,12,10,22,10,1,15,27,53,6,54,60,113
06/21/2023,MWH,WA,ANM,WE,Combined TRACON& Tower with Radar,23,0,6,31,60,15,19,35,10,79,38,19,41,41,139,36,41,77,216
06/22/2023,MWH,WA,ANM,WE,Combined TRACON& Tower with Radar,20,0,9,3,32,0,10,48,5,63,20,10,57,8,95,52,4,56,151
06/23/2023,MWH,WA,ANM,WE,Combined TRACON& Tower with Radar,26,1,2,7,36,1,4,34,16,55,27,5,36,23,91,32,8,40,131
06/24/2023,MWH,WA,ANM,WE,Combined TRACON& Tower with Radar,8,0,6,2,16,0,1,47,6,54,8,1,53,8,70,22,18,40,110
06/25/2023,MWH,WA,ANM,WE,Combined TRACON& Tower with Radar,13,2,7,3,25,0,1,23,3,27,13,3,30,6,52,6,0,6,58
06/26/2023,MWH,WA,ANM,WE,Combined TRACON& Tower with Radar,18,26,2,4,50,0,47,14,4,65,18,73,16,8,115,216,12,228,343
06/27/2023,MWH,WA,ANM,WE,Combined TRACON& Tower with Radar,23,40,13,5,81,12,93,18,4,127,35,133,31,9,208,276,0,276,484
06/28/2023,MWH,WA,ANM,WE,Combined TRACON& Tower with Radar,14,32,6,7,59,42,104,15,6,167,56,136,21,13,226,163,4,167,393
06/29/2023,MWH,WA,ANM,WE,Combined TRACON& Tower with Radar,19,36,11,40,106,9,93,21,34,157,28,129,32,74,263,260,76,336,599
06/30/2023,MWH,WA,ANM,WE,Combined TRACON& Tower with Radar,7,48,6,5,66,4,81,19,8,112,11,129,25,13,178,138,9,147,325
07/01/2023,MWH,WA,ANM,WE,Combined TRACON& Tower with Radar,14,0,7,0,21,0,14,23,1,38,14,14,30,1,59,12,0,12,71
07/02/2023,MWH,WA,ANM,WE,Combined TRACON& Tower with Radar,6,0,1,0,7,4,13,2,11,30,10,13,3,11,37,0,0,0,37
07/03/2023,MWH,WA,ANM,WE,Combined TRACON& Tower with Radar,11,42,3,1,57,1,39,9,0,49,12,81,12,1,106,85,0,85,191
07/04/2023,MWH,WA,ANM,WE,Combined TRACON& Tower with Radar,5,0,4,1,10,2,2,5,4,13,7,2,9,5,23,3,0,3,26
07/05/2023,MWH,WA,ANM,WE,Combined TRACON& Tower with Radar,8,36,4,2,50,2,95,28,10,135,10,131,32,12,185,168,20,188,373
07/06/2023,MWH,WA,ANM,WE,Combined TRACON& Tower with Radar,10,35,4,15,64,6,79,24,9,118,16,114,28,24,182,162,20,182,364
07/07/2023,MWH,WA,ANM,WE,Combined TRACON& Tower with Radar,33,39,3,17,92,9,53,35,12,109,42,92,38,29,201,229,62,291,492
07/08/2023,MWH,WA,ANM,WE,Combined TRACON& Tower with Radar,14,1,5,3,23,1,7,18,3,29,15,8,23,6,52,6,4,10,62
07/09/2023,MWH,WA,ANM,WE,Combined TRACON& Tower with Radar,11,3,3,1,18,0,5,11,4,20,11,8,14,5,38,8,0,8,46
07/10/2023,MWH,WA,ANM,WE,Combined TRACON& Tower with Radar,6,16,3,2,27,7,30,5,29,71,13,46,8,31,98,44,22,66,164
07/11/2023,MWH,WA,ANM,WE,Combined TRACON& Tower with Radar,11,47,8,20,86,4,81,17,18,120,15,128,25,38,206,284,35,319,525
07/12/2023,MWH,WA,ANM,WE,Combined TRACON& Tower with Radar,16,52,3,27,98,2,66,18,18,104,18,118,21,45,202,192,46,238,440
07/13/2023,MWH,WA,ANM,WE,Combined TRACON& Tower with Radar,11,39,6,17,73,4,55,45,3,107,15,94,51,20,180,209,25,234,414
07/14/2023,MWH,WA,ANM,WE,Combined TRACON& Tower with Radar,17,42,4,4,67,0,52,42,0,94,17,94,46,4,161,236,24,260,421
07/15/2023,MWH,WA,ANM,WE,Combined TRACON& Tower with Radar,10,4,9,0,23,0,15,15,2,32,10,19,24,2,55,0,0,0,55
07/16/2023,MWH,WA,ANM,WE,Combined TRACON& Tower with Radar,14,4,10,0,28,1,8,24,1,34,15,12,34,1,62,24,0,24,86
07/17/2023,MWH,WA,ANM,WE,Combined TRACON& Tower with Radar,14,50,3,10,77,1,24,13,10,48,15,74,16,20,125,288,48,336,461
07/18/2023,MWH,WA,ANM,WE,Combined TRACON& Tower with Radar,16,51,4,28,99,7,62,17,7,93,23,113,21,35,192,211,37,248,440
07/19/2023,MWH,WA,ANM,WE,Combined TRACON& Tower with Radar,0,49,8,6,63,0,58,29,2,89,0,107,37,8,152,239,8,247,399
07/20/2023,MWH,WA,ANM,WE,Combined TRACON& Tower with Radar,8,40,8,19,75,8,45,30,6,89,16,85,38,25,164,198,33,231,395
07/21/2023,MWH,WA,ANM,WE,Combined TRACON& Tower with Radar,18,42,8,2,70,7,62,26,8,103,25,104,34,10,173,199,10,209,382
07/22/2023,MWH,WA,ANM,WE,Combined TRACON& Tower with Radar,6,2,2,0,10,40,3,20,7,70,46,5,22,7,80,26,0,26,106
07/23/2023,MWH,WA,ANM,WE,Combined TRACON& Tower with Radar,0,1,4,2,7,0,8,13,0,21,0,9,17,2,28,6,0,6,34
07/24/2023,MWH,WA,ANM,WE,Combined TRACON& Tower with Radar,0,62,5,4,71,8,30,7,19,64,8,92,12,23,135,125,24,149,284
07/25/2023,MWH,WA,ANM,WE,Combined TRACON& Tower with Radar,8,70,3,8,89,22,49,7,3,81,30,119,10,11,170,182,0,182,352
07/26/2023,MWH,WA,ANM,WE,Combined TRACON& Tower with Radar,19,62,2,11,94,14,35,22,15,86,33,97,24,26,180,228,54,282,462
07/27/2023,MWH,WA,ANM,WE,Combined TRACON& Tower with Radar,30,61,6,3,100,20,50,18,13,101,50,111,24,16,201,212,26,238,439
07/28/2023,MWH,WA,ANM,WE,Combined TRACON& Tower with Radar,6,59,5,2,72,36,24,25,7,92,42,83,30,9,164,264,22,286,450
07/29/2023,MWH,WA,ANM,WE,Combined TRACON& Tower with Radar,8,2,0,0,10,30,8,13,4,55,38,10,13,4,65,4,0,4,69
07/30/2023,MWH,WA,ANM,WE,Combined TRACON& Tower with Radar,10,2,3,0,15,1,30,10,0,41,11,32,13,0,56,29,0,29,85
07/31/2023,MWH,WA,ANM,WE,Combined TRACON& Tower with Radar,10,36,5,9,60,23,46,8,14,91,33,82,13,23,151,260,40,300,451
08/01/2023,MWH,WA,ANM,WE,Combined TRACON& Tower with Radar,11,49,5,17,82,15,68,19,5,107,26,117,24,22,189,254,14,268,457
08/02/2023,MWH,WA,ANM,WE,Combined TRACON& Tower with Radar,7,18,5,1,31,1,51,26,8,86,8,69,31,9,117,226,10,236,353
08/03/2023,MWH,WA,ANM,WE,Combined TRACON& Tower with Radar,23,20,1,14,58,24,32,23,14,93,47,52,24,28,151,115,24,139,290
08/04/2023,MWH,WA,ANM,WE,Combined TRACON& Tower with Radar,14,16,4,0,34,11,28,20,2,61,25,44,24,2,95,106,0,106,201
08/05/2023,MWH,WA,ANM,WE,Combined TRACON& Tower with Radar,0,0,3,0,3,1,5,9,0,15,1,5,12,0,18,0,0,0,18
08/06/2023,MWH,WA,ANM,WE,Combined TRACON& Tower with Radar,13,1,1,0,15,0,0,13,0,13,13,1,14,0,28,26,0,26,54
08/07/2023,MWH,WA,ANM,WE,Combined TRACON& Tower with Radar,14,1,4,5,24,0,3,1,0,4,14,4,5,5,28,0,0,0,28
08/08/2023,MWH,WA,ANM,WE,Combined TRACON& Tower with Radar,9,1,10,12,32,1,5,7,12,25,10,6,17,24,57,0,6,6,63
08/09/2023,MWH,WA,ANM,WE,Combined TRACON& Tower with Radar,6,0,9,4,19,4,11,10,6,31,10,11,19,10,50,8,4,12,62
08/10/2023,MWH,WA,ANM,WE,Combined TRACON& Tower with Radar,2,3,5,32,42,4,6,30,13,53,6,9,35,45,95,54,60,114,209
08/11/2023,MWH,WA,ANM,WE,Combined TRACON& Tower with Radar,6,0,4,11,21,2,3,27,2,34,8,3,31,13,55,52,6,58,113
08/12/2023,MWH,WA,ANM,WE,Combined TRACON& Tower with Radar,5,0,6,0,11,0,0,20,0,20,5,0,26,0,31,2,0,2,33
08/13/2023,MWH,WA,ANM,WE,Combined TRACON& Tower with Radar,9,0,4,0,13,0,4,17,0,21,9,4,21,0,34,4,0,4,38
08/14/2023,MWH,WA,ANM,WE,Combined TRACON& Tower with Radar,7,0,8,21,36,17,0,10,17,44,24,0,18,38,80,1,70,71,151
08/15/2023,MWH,WA,ANM,WE,Combined TRACON& Tower with Radar,6,1,1,2,10,27,5,17,7,56,33,6,18,9,66,17,24,41,107
08/16/2023,MWH,WA,ANM,WE,Combined TRACON& Tower with Radar,4,3,12,14,33,0,7,9,4,20,4,10,21,18,53,6,19,25,78
08/17/2023,MWH,WA,ANM,WE,Combined TRACON& Tower with Radar,9,0,11,5,25,14,16,12,22,64,23,16,23,27,89,0,28,28,117
08/18/2023,MWH,WA,ANM,WE,Combined TRACON& Tower with Radar,21,1,3,0,25,47,14,16,0,77,68,15,19,0,102,4,0,4,106
08/19/2023,MWH,WA,ANM,WE,Combined TRACON& Tower with Radar,0,1,8,0,9,0,0,3,0,3,0,1,11,0,12,0,0,0,12
08/20/2023,MWH,WA,ANM,WE,Combined TRACON& Tower with Radar,4,6,5,0,15,0,0,3,0,3,4,6,8,0,18,0,0,0,18
08/21/2023,MWH,WA,ANM,WE,Combined TRACON& Tower with Radar,8,5,13,10,36,0,0,3,3,6,8,5,16,13,42,0,0,0,42
08/22/2023,MWH,WA,ANM,WE,Combined TRACON& Tower with Radar,6,3,15,19,43,0,2,8,10,20,6,5,23,29,63,0,30,30,93
08/23/2023,MWH,WA,ANM,WE,Combined TRACON& Tower with Radar,12,8,11,10,41,3,12,11,11,37,15,20,22,21,78,13,53,66,144
08/24/2023,MWH,WA,ANM,WE,Combined TRACON& Tower with Radar,12,1,7,8,28,7,1,19,4,31,19,2,26,12,59,32,8,40,99
08/25/2023,MWH,WA,ANM,WE,Combined TRACON& Tower with Radar,15,2,15,2,34,7,2,7,2,18,22,4,22,4,52,10,3,13,65
08/26/2023,MWH,WA,ANM,WE,Combined TRACON& Tower with Radar,4,3,0,1,8,11,2,16,8,37,15,5,16,9,45,0,8,8,53
08/27/2023,MWH,WA,ANM,WE,Combined TRACON& Tower with Radar,4,0,4,2,10,0,5,11,0,16,4,5,15,2,26,10,0,10,36
08/28/2023,MWH,WA,ANM,WE,Combined TRACON& Tower with Radar,1,1,7,4,13,0,7,6,1,14,1,8,13,5,27,2,6,8,35
08/29/2023,MWH,WA,ANM,WE,Combined TRACON& Tower with Radar,17,2,8,3,30,4,4,9,9,26,21,6,17,12,56,5,10,15,71
08/30/2023,MWH,WA,ANM,WE,Combined TRACON& Tower with Radar,13,1,15,7,36,5,12,5,3,25,18,13,20,10,61,6,8,14,75
08/31/2023,MWH,WA,ANM,WE,Combined TRACON& Tower with Radar,2,3,12,3,20,13,1,19,1,34,15,4,31,4,54,58,6,64,118
